0.0773 0.7321 1.0000 1.0000 0.0010 0.0076 0.0574 0.4356 1.0000 1.0000 0.0006 0.0045 0.0339 0.2572 1.0000 1.0000 0.0003 0.0026 0.0200 0.1519 1.0000 1.0000 0.0002 0.0016 0.0118 0.0897 0.6810 1.0000 1.0000 0.0009 0.0070 0.0530 0.4021 1.0000 1.0000 0.0005 0.0041 0.0313 0.2375 1.0000 1.0000 0.0003 0.0024 0.0185 0.1402 1.0000 1.0000 0.0002 0.0014 0.0109 0.0399 0.0109 0.0014 0.0002 1.0000 1.0000 0.1402 0.0185 0.0024 0.0003 1.0000 1.0000 0.2375 0.0313 0.0041 0.0005 1.0000 1.0000 0.4021 0.0530 0.0070 0.0009 1.0000 1.0000 0.6810 0.0897 0.0118 0.0016 0.0002 1.0000 1.0000 0.1519 0.0200 0.0026 0.0003 1.0000 1.0000 0.2572 0.0339 0.0045 0.0006 1.0000 1.0000 0.4356 0.0574 0.0076 0.0010 1.0000 1.0000 0.7321 0.0773
0.7321 1.0000 1.0000 0.0011 0.0082 0.0617 0.4673 1.0000 1.0000 0.0006 0.0048 0.0363 0.2760 1.0000 1.0000 0.0004 0.0028 0.0215 0.1626 1.0000 1.0000 0.0002 0.0017 0.0126 0.0962 0.7293 1.0000 1.0000 0.0010 0.0075 0.0567 0.4315 1.0000 1.0000 0.0006 0.0044 0.0335 0.2543 1.0000 1.0000 0.0003 0.0026 0.0198 0.1504 1.0000 1.0000 0.0002 0.0015 0.0118 0.0902 0.3135 0.0902 0.0118 0.0015 0.0002 1.0000 1.0000 0.1504 0.0198 0.0026 0.0003 1.0000 1.0000 0.2543 0.0335 0.0044 0.0006 1.0000 1.0000 0.4315 0.0567 0.0075 0.0010 1.0000 1.0000 0.7293 0.0962 0.0126 0.0017 0.0002 1.0000 1.0000 0.1626 0.0215 0.0028 0.0004 1.0000 1.0000 0.2760 0.0363 0.0048 0.0006 1.0000 1.0000 0.4673 0.0617 0.0082 0.0011 1.0000 1.0000 0.7321
1.0000 1.0000 0.0010 0.0074 0.0548 0.4099 1.0000 1.0000 0.0005 0.0041 0.0314 0.2379 1.0000 1.0000 0.0003 0.0024 0.0185 0.1405 1.0000 1.0000 1.0000 0.0014 0.0109 0.0830 0.6299 1.0000 1.0000 0.0008 0.0065 0.0490 0.3720 1.0000 1.0000 0.0005 0.0038 0.0289 0.2196 1.0000 1.0000 0.0003 0.0022 0.0171 0.1297 0.9849 1.0000 1.0000 0.0013 0.0101 0.0773 0.5916 1.0000 0.5916 0.0773 0.0101 0.0013 1.0000 1.0000 0.9849 0.1297 0.0171 0.0022 0.0003 1.0000 1.0000 0.2196 0.0289 0.0038 0.0005 1.0000 1.0000 0.3720 0.0490 0.0065 0.0008 1.0000 1.0000 0.6299 0.0830 0.0109 0.0014 1.0000 1.0000 1.0000 0.1405 0.0185 0.0024 0.0003 1.0000 1.0000 0.2379 0.0314 0.0041 0.0005 1.0000 1.0000 0.4099 0.0548 0.0074 0.0010 1.0000 1.0000
1.0000 0.0011 0.0074 0.0525 0.3806 1.0000 1.0000 0.0005 0.0036 0.0276 0.2087 1.0000 1.0000 0.0003 0.0021 0.0162 0.1230 0.9338 1.0000 1.0000 0.0013 0.0096 0.0726 0.5514 1.0000 1.0000 0.0007 0.0056 0.0429 0.3256 1.0000 1.0000 0.0004 0.0033 0.0253 0.1923 1.0000 1.0000 0.0003 0.0020 0.0150 0.1135 0.8621 1.0000 1.0000 0.0012 0.0088 0.0670 0.5130 1.0000 1.0000 1.0000 0.5130 0.0670 0.0088 0.0012 1.0000 1.0000 0.8621 0.1135 0.0150 0.0020 0.0003 1.0000 1.0000 0.1923 0.0253 0.0033 0.0004 1.0000 1.0000 0.3256 0.0429 0.0056 0.0007 1.0000 1.0000 0.5514 0.0726 0.0096 0.0013 1.0000 1.0000 0.9338 0.1230 0.0162 0.0021 0.0003 1.0000 1.0000 0.2087 0.0276 0.0036 0.0005 1.0000 1.0000 0.3806 0.0525 0.0074 0.0011 1.0000
0.0010 0.0082 0.0548 0.3806 1.0000 1.0000 0.0004 0.0033 0.0245 0.1844 1.0000 1.0000 0.0002 0.0019 0.0141 0.1074 0.8159 1.0000 1.0000 0.0011 0.0084 0.0634 0.4818 1.0000 1.0000 0.0006 0.0049 0.0375 0.2845 1.0000 1.0000 0.0004 0.0029 0.0221 0.1680 1.0000 1.0000 0.0002 0.0017 0.0131 0.0992 0.7532 1.0000 1.0000 0.0010 0.0077 0.0586 0.4448 1.0000 1.0000 0.0003 1.0000 1.0000 0.4448 0.0586 0.0077 0.0010 1.0000 1.0000 0.7532 0.0992 0.0131 0.0017 0.0002 1.0000 1.0000 0.1680 0.0221 0.0029 0.0004 1.0000 1.0000 0.2845 0.0375 0.0049 0.0006 1.0000 1.0000 0.4818 0.0634 0.0084 0.0011 1.0000 1.0000 0.8159 0.1074 0.0141 0.0019 0.0002 1.0000 1.0000 0.1844 0.0245 0.0033 0.0004 1.0000 1.0000 0.3806 0.0548 0.0082 0.0010
0.0076 0.0617 0.4099 1.0000 1.0000 0.0004 0.0031 0.0225 0.1667 1.0000 1.0000 0.0002 0.0016 0.0124 0.0939 0.7128 1.0000 1.0000 0.0010 0.0073 0.0554 0.4209 1.0000 1.0000 0.0006 0.0043 0.0327 0.2485 1.0000 1.0000 0.0003 0.0025 0.0193 0.1468 1.0000 1.0000 1.0000 0.0015 0.0114 0.0867 0.6581 1.0000 1.0000 0.0009 0.0067 0.0512 0.3886 1.0000 1.0000 0.0005 0.0018 0.0005 1.0000 1.0000 0.3886 0.0512 0.0067 0.0009 1.0000 1.0000 0.6581 0.0867 0.0114 0.0015 1.0000 1.0000 1.0000 0.1468 0.0193 0.0025 0.0003 1.0000 1.0000 0.2485 0.0327 0.0043 0.0006 1.0000 1.0000 0.4209 0.0554 0.0073 0.0010 1.0000 1.0000 0.7128 0.0939 0.0124 0.0016 0.0002 1.0000 1.0000 0.1667 0.0225 0.0031 0.0004 1.0000 1.0000 0.4099 0.0617 0.0076
0.0574 0.4673 1.0000 1.0000 0.0004 0.0031 0.0218 0.1572 1.0000 1.0000 1.0000 0.0015 0.0110 0.0826 0.6252 1.0000 1.0000 0.0008 0.0064 0.0484 0.3678 1.0000 1.0000 0.0005 0.0038 0.0286 0.2172 1.0000 1.0000 0.0003 0.0022 0.0169 0.1282 0.9737 1.0000 1.0000 0.0013 0.0100 0.0757 0.5750 1.0000 1.0000 0.0008 0.0059 0.0447 0.3395 1.0000 1.0000 0.0005 0.0035 0.0121 0.0035 0.0005 1.0000 1.0000 0.3395 0.0447 0.0059 0.0008 1.0000 1.0000 0.5750 0.0757 0.0100 0.0013 1.0000 1.0000 0.9737 0.1282 0.0169 0.0022 0.0003 1.0000 1.0000 0.2172 0.0286 0.0038 0.0005 1.0000 1.0000 0.3678 0.0484 0.0064 0.0008 1.0000 1.0000 0.6252 0.0826 0.0110 0.0015 1.0000 1.0000 1.0000 0.1572 0.0218 0.0031 0.0004 1.0000 1.0000 0.4673 0.0574
0.4356 1.0000 1.0000 0.0005 0.0033 0.0225 0.1572 1.0000 1.0000 1.0000 0.0013 0.0099 0.0737 0.5546 1.0000 1.0000 0.0007 0.0056 0.0423 0.3213 1.0000 1.0000 0.0004 0.0033 0.0250 0.1897 1.0000 1.0000 0.0003 0.0019 0.0148 0.1120 0.8507 1.0000 1.0000 0.0011 0.0087 0.0662 0.5024 1.0000 1.0000 0.0007 0.0051 0.0391 0.2966 1.0000 1.0000 0.0004 0.0031 0.0235 0.0803 0.0235 0.0031 0.0004 1.0000 1.0000 0.2966 0.0391 0.0051 0.0007 1.0000 1.0000 0.5024 0.0662 0.0087 0.0011 1.0000 1.0000 0.8507 0.1120 0.0148 0.0019 0.0003 1.0000 1.0000 0.1897 0.0250 0.0033 0.0004 1.0000 1.0000 0.3213 0.0423 0.0056 0.0007 1.0000 1.0000 0.5546 0.0737 0.0099 0.0013 1.0000 1.0000 1.0000 0.1572 0.0225 0.0033 0.0005 1.0000 1.0000 0.4356
1.0000 1.0000 0.0005 0.0036 0.0245 0.1667 1.0000 1.0000 1.0000 0.0013 0.0092 0.0674 0.5004 1.0000 1.0000 0.0006 0.0049 0.0371 0.2813 1.0000 1.0000 0.0004 0.0029 0.0218 0.1658 1.0000 1.0000 0.0002 0.0017 0.0129 0.0979 0.7433 1.0000 1.0000 0.0010 0.0076 0.0578 0.4389 1.0000 1.0000 0.0006 0.0045 0.0341 0.2592 1.0000 1.0000 0.0003 0.0027 0.0203 0.1557 0.5329 0.1557 0.0203 0.0027 0.0003 1.0000 1.0000 0.2592 0.0341 0.0045 0.0006 1.0000 1.0000 0.4389 0.0578 0.0076 0.0010 1.0000 1.0000 0.7433 0.0979 0.0129 0.0017 0.0002 1.0000 1.0000 0.1658 0.0218 0.0029 0.0004 1.0000 1.0000 0.2813 0.0371 0.0049 0.0006 1.0000 1.0000 0.5004 0.0674 0.0092 0.0013 1.0000 1.0000 1.0000 0.1667 0.0245 0.0036 0.0005 1.0000 1.0000
1.0000 0.0006 0.0041 0.0276 0.1844 1.0000 1.0000 1.0000 0.0013 0.0089 0.0642 0.4673 1.0000 1.0000 0.0006 0.0044 0.0329 0.2476 1.0000 1.0000 0.0003 0.0025 0.0191 0.1448 1.0000 1.0000 1.0000 0.0015 0.0113 0.0855 0.6494 1.0000 1.0000 0.0009 0.0066 0.0505 0.3835 1.0000 1.0000 0.0005 0.0039 0.0298 0.2264 1.0000 1.0000 0.0003 0.0023 0.0176 0.1347 1.0000 1.0000 1.0000 0.1347 0.0176 0.0023 0.0003 1.0000 1.0000 0.2264 0.0298 0.0039 0.0005 1.0000 1.0000 0.3835 0.0505 0.0066 0.0009 1.0000 1.0000 0.6494 0.0855 0.0113 0.0015 1.0000 1.0000 1.0000 0.1448 0.0191 0.0025 0.0003 1.0000 1.0000 0.2476 0.0329 0.0044 0.0006 1.0000 1.0000 0.4673 0.0642 0.0089 0.0013 1.0000 1.0000 1.0000 0.1844 0.0276 0.0041 0.0006 1.0000
0.0006 0.0048 0.0314 0.2087 1.0000 1.0000 1.0000 0.0013 0.0092 0.0642 0.4550 1.0000 1.0000 0.0005 0.0040 0.0295 0.2209 1.0000 1.0000 0.0003 0.0022 0.0167 0.1265 0.9608 1.0000 1.0000 0.0013 0.0098 0.0747 0.5674 1.0000 1.0000 0.0008 0.0058 0.0441 0.3350 1.0000 1.0000 0.0005 0.0034 0.0261 0.1978 1.0000 1.0000 0.0003 0.0020 0.0154 0.1168 0.8939 1.0000 1.0000 1.0000 0.8939 0.1168 0.0154 0.0020 0.0003 1.0000 1.0000 0.1978 0.0261 0.0034 0.0005 1.0000 1.0000 0.3350 0.0441 0.0058 0.0008 1.0000 1.0000 0.5674 0.0747 0.0098 0.0013 1.0000 1.0000 0.9608 0.1265 0.0167 0.0022 0.0003 1.0000 1.0000 0.2209 0.0295 0.0040 0.0005 1.0000 1.0000 0.4550 0.0642 0.0092 0.0013 1.0000 1.0000 1.0000 0.2087 0.0314 0.0048 0.0006
0.0045 0.0363 0.2379 1.0000 1.0000 0.0002 0.0015 0.0099 0.0674 0.4673 1.0000 1.0000 0.0005 0.0037 0.0272 0.2009 1.0000 1.0000 0.0003 0.0019 0.0147 0.1110 0.8411 1.0000 1.0000 0.0011 0.0086 0.0653 0.4957 1.0000 1.0000 0.0007 0.0051 0.0385 0.2927 1.0000 1.0000 0.0004 0.0030 0.0228 0.1728 1.0000 1.0000 0.0002 0.0018 0.0134 0.1021 0.7750 1.0000 1.0000 0.0005 1.0000 1.0000 0.7750 0.1021 0.0134 0.0018 0.0002 1.0000 1.0000 0.1728 0.0228 0.0030 0.0004 1.0000 1.0000 0.2927 0.0385 0.0051 0.0007 1.0000 1.0000 0.4957 0.0653 0.0086 0.0011 1.0000 1.0000 0.8411 0.1110 0.0147 0.0019 0.0003 1.0000 1.0000 0.2009 0.0272 0.0037 0.0005 1.0000 1.0000 0.4673 0.0674 0.0099 0.0015 0.0002 1.0000 1.0000 0.2379 0.0363 0.0045
0.0339 0.2760 1.0000 1.0000 0.0002 0.0016 0.0110 0.0737 0.5004 1.0000 1.0000 0.0005 0.0036 0.0260 0.1886 1.0000 1.0000 0.0002 0.0017 0.0130 0.0981 0.7405 1.0000 1.0000 0.0010 0.0075 0.0570 0.4331 1.0000 1.0000 0.0006 0.0044 0.0337 0.2557 1.0000 1.0000 0.0003 0.0026 0.0199 0.1510 1.0000 1.0000 0.0002 0.0015 0.0117 0.0892 0.6771 1.0000 1.0000 0.0009 0.0032 0.0009 1.0000 1.0000 0.6771 0.0892 0.0117 0.0015 0.0002 1.0000 1.0000 0.1510 0.0199 0.0026 0.0003 1.0000 1.0000 0.2557 0.0337 0.0044 0.0006 1.0000 1.0000 0.4331 0.0570 0.0075 0.0010 1.0000 1.0000 0.7405 0.0981 0.0130 0.0017 0.0002 1.0000 1.0000 0.1886 0.0260 0.0036 0.0005 1.0000 1.0000 0.5004 0.0737 0.0110 0.0016 0.0002 1.0000 1.0000 0.2760 0.0339
0.2572 1.0000 1.0000 0.0003 0.0019 0.0124 0.0826 0.5546 1.0000 1.0000 0.0005 0.0037 0.0260 0.1844 1.0000 1.0000 0.0002 0.0016 0.0118 0.0878 0.6581 1.0000 1.0000 0.0009 0.0066 0.0498 0.3784 1.0000 1.0000 0.0005 0.0039 0.0294 0.2234 1.0000 1.0000 0.0003 0.0023 0.0174 0.1319 1.0000 1.0000 1.0000 0.0014 0.0103 0.0779 0.5916 1.0000 1.0000 0.0008 0.0062 0.0211 0.0062 0.0008 1.0000 1.0000 0.5916 0.0779 0.0103 0.0014 1.0000 1.0000 1.0000 0.1319 0.0174 0.0023 0.0003 1.0000 1.0000 0.2234 0.0294 0.0039 0.0005 1.0000 1.0000 0.3784 0.0498 0.0066 0.0009 1.0000 1.0000 0.6581 0.0878 0.0118 0.0016 0.0002 1.0000 1.0000 0.1844 0.0260 0.0037 0.0005 1.0000 1.0000 0.5546 0.0826 0.0124 0.0019 0.0003 1.0000 1.0000 0.2572
1.0000 1.0000 0.0003 0.0021 0.0141 0.0939 0.6252 1.0000 1.0000 0.0006 0.0040 0.0272 0.1886 1.0000 1.0000 0.0002 0.0015 0.0109 0.0805 0.5961 1.0000 1.0000 0.0008 0.0058 0.0439 0.3319 1.0000 1.0000 0.0004 0.0034 0.0257 0.1952 1.0000 1.0000 0.0003 0.0020 0.0152 0.1153 0.8754 1.0000 1.0000 0.0012 0.0090 0.0681 0.5169 1.0000 1.0000 0.0007 0.0053 0.0409 0.1400 0.0409 0.0053 0.0007 1.0000 1.0000 0.5169 0.0681 0.0090 0.0012 1.0000 1.0000 0.8754 0.1153 0.0152 0.0020 0.0003 1.0000 1.0000 0.1952 0.0257 0.0034 0.0004 1.0000 1.0000 0.3319 0.0439 0.0058 0.0008 1.0000 1.0000 0.5961 0.0805 0.0109 0.0015 0.0002 1.0000 1.0000 0.1886 0.0272 0.0040 0.0006 1.0000 1.0000 0.6252 0.0939 0.0141 0.0021 0.0003 1.0000 1.0000
1.0000 0.0004 0.0024 0.0162 0.1074 0.7128 1.0000 1.0000 0.0006 0.0044 0.0295 0.2009 1.0000 1.0000 0.0002 0.0015 0.0105 0.0759 0.5535 1.0000 1.0000 0.0007 0.0052 0.0389 0.2933 1.0000 1.0000 0.0004 0.0030 0.0225 0.1706 1.0000 1.0000 0.0002 0.0017 0.0133 0.1007 0.7648 1.0000 1.0000 0.0010 0.0078 0.0595 0.4516 1.0000 1.0000 0.0006 0.0046 0.0354 0.2713 0.9285 0.2713 0.0354 0.0046 0.0006 1.0000 1.0000 0.4516 0.0595 0.0078 0.0010 1.0000 1.0000 0.7648 0.1007 0.0133 0.0017 0.0002 1.0000 1.0000 0.1706 0.0225 0.0030 0.0004 1.0000 1.0000 0.2933 0.0389 0.0052 0.0007 1.0000 1.0000 0.5535 0.0759 0.0105 0.0015 0.0002 1.0000 1.0000 0.2009 0.0295 0.0044 0.0006 1.0000 1.0000 0.7128 0.1074 0.0162 0.0024 0.0004 1.0000
0.0003 0.0028 0.0185 0.1230 0.8159 1.0000 1.0000 0.0007 0.0049 0.0329 0.2209 1.0000 1.0000 0.0002 0.0015 0.0105 0.0743 0.5318 1.0000 1.0000 0.0006 0.0047 0.0350 0.2616 1.0000 1.0000 0.0003 0.0026 0.0197 0.1490 1.0000 1.0000 0.0002 0.0015 0.0116 0.0880 0.6682 1.0000 1.0000 0.0009 0.0068 0.0520 0.3946 1.0000 1.0000 0.0005 0.0040 0.0307 0.2348 1.0000 1.0000 1.0000 0.2348 0.0307 0.0040 0.0005 1.0000 1.0000 0.3946 0.0520 0.0068 0.0009 1.0000 1.0000 0.6682 0.0880 0.0116 0.0015 0.0002 1.0000 1.0000 0.1490 0.0197 0.0026 0.0003 1.0000 1.0000 0.2616 0.0350 0.0047 0.0006 1.0000 1.0000 0.5318 0.0743 0.0105 0.0015 0.0002 1.0000 1.0000 0.2209 0.0329 0.0049 0.0007 1.0000 1.0000 0.8159 0.1230 0.0185 0.0028 0.0003
0.0026 0.0215 0.1405 0.9338 1.0000 1.0000 0.0008 0.0056 0.0371 0.2476 1.0000 1.0000 0.0002 0.0016 0.0109 0.0759 0.5318 1.0000 1.0000 0.0006 0.0044 0.0322 0.2379 1.0000 1.0000 0.0003 0.0023 0.0173 0.1309 0.9905 1.0000 1.0000 0.0013 0.0101 0.0769 0.5838 1.0000 1.0000 0.0008 0.0060 0.0454 0.3447 1.0000 1.0000 0.0005 0.0035 0.0268 0.2036 1.0000 1.0000 1.0000 1.0000 1.0000 0.2036 0.0268 0.0035 0.0005 1.0000 1.0000 0.3447 0.0454 0.0060 0.0008 1.0000 1.0000 0.5838 0.0769 0.0101 0.0013 1.0000 1.0000 0.9905 0.1309 0.0173 0.0023 0.0003 1.0000 1.0000 0.2379 0.0322 0.0044 0.0006 1.0000 1.0000 0.5318 0.0759 0.0109 0.0016 0.0002 1.0000 1.0000 0.2476 0.0371 0.0056 0.0008 1.0000 1.0000 0.9338 0.1405 0.0215 0.0026
0.0200 0.1626 1.0000 1.0000 1.0000 0.0010 0.0064 0.0423 0.2813 1.0000 1.0000 0.0003 0.0017 0.0118 0.0805 0.5535 1.0000 1.0000 0.0006 0.0042 0.0304 0.2217 1.0000 1.0000 0.0003 0.0021 0.0154 0.1162 0.8754 1.0000 1.0000 0.0012 0.0088 0.0672 0.5101 1.0000 1.0000 0.0007 0.0052 0.0397 0.3012 1.0000 1.0000 0.0004 0.0031 0.0234 0.1778 1.0000 1.0000 0.0002 0.0008 0.0002 1.0000 1.0000 0.1778 0.0234 0.0031 0.0004 1.0000 1.0000 0.3012 0.0397 0.0052 0.0007 1.0000 1.0000 0.5101 0.0672 0.0088 0.0012 1.0000 1.0000 0.8754 0.1162 0.0154 0.0021 0.0003 1.0000 1.0000 0.2217 0.0304 0.0042 0.0006 1.0000 1.0000 0.5535 0.0805 0.0118 0.0017 0.0003 1.0000 1.0000 0.2813 0.0423 0.0064 0.0010 1.0000 1.0000 1.0000 0.1626 0.0200
0.1519 1.0000 1.0000 1.0000 0.0011 0.0073 0.0484 0.3213 1.0000 1.0000 0.0003 0.0019 0.0130 0.0878 0.5961 1.0000 1.0000 0.0006 0.0042 0.0299 0.2139 1.0000 1.0000 0.0003 0.0019 0.0139 0.1040 0.7795 1.0000 1.0000 0.0010 0.0078 0.0588 0.4456 1.0000 1.0000 0.0006 0.0046 0.0347 0.2631 1.0000 1.0000 0.0004 0.0027 0.0205 0.1554 1.0000 1.0000 0.0002 0.0016 0.0055 0.0016 0.0002 1.0000 1.0000 0.1554 0.0205 0.0027 0.0004 1.0000 1.0000 0.2631 0.0347 0.0046 0.0006 1.0000 1.0000 0.4456 0.0588 0.0078 0.0010 1.0000 1.0000 0.7795 0.1040 0.0139 0.0019 0.0003 1.0000 1.0000 0.2139 0.0299 0.0042 0.0006 1.0000 1.0000 0.5961 0.0878 0.0130 0.0019 0.0003 1.0000 1.0000 0.3213 0.0484 0.0073 0.0011 1.0000 1.0000 1.0000 0.1519
1.0000 1.0000 1.0000 0.0013 0.0084 0.0554 0.3678 1.0000 1.0000 0.0003 0.0022 0.0147 0.0981 0.6581 1.0000 1.0000 0.0006 0.0044 0.0304 0.2139 1.0000 1.0000 0.0002 0.0017 0.0128 0.0948 0.7034 1.0000 1.0000 0.0009 0.0069 0.0518 0.3916 1.0000 1.0000 0.0005 0.0040 0.0303 0.2299 1.0000 1.0000 0.0003 0.0024 0.0179 0.1358 1.0000 1.0000 1.0000 0.0014 0.0107 0.0368 0.0107 0.0014 1.0000 1.0000 1.0000 0.1358 0.0179 0.0024 0.0003 1.0000 1.0000 0.2299 0.0303 0.0040 0.0005 1.0000 1.0000 0.3916 0.0518 0.0069 0.0009 1.0000 1.0000 0.7034 0.0948 0.0128 0.0017 0.0002 1.0000 1.0000 0.2139 0.0304 0.0044 0.0006 1.0000 1.0000 0.6581 0.0981 0.0147 0.0022 0.0003 1.0000 1.0000 0.3678 0.0554 0.0084 0.0013 1.0000 1.0000 1.0000
1.0000 0.0002 0.0014 0.0096 0.0634 0.4209 1.0000 1.0000 0.0004 0.0025 0.0167 0.1110 0.7405 1.0000 1.0000 0.0007 0.0047 0.0322 0.2217 1.0000 1.0000 0.0002 0.0017 0.0122 0.0887 0.6494 1.0000 1.0000 0.0008 0.0061 0.0459 0.3460 1.0000 1.0000 0.0005 0.0035 0.0265 0.2009 1.0000 1.0000 0.0003 0.0021 0.0156 0.1186 0.9007 1.0000 1.0000 0.0012 0.0093 0.0712 0.2439 0.0712 0.0093 0.0012 1.0000 1.0000 0.9007 0.1186 0.0156 0.0021 0.0003 1.0000 1.0000 0.2009 0.0265 0.0035 0.0005 1.0000 1.0000 0.3460 0.0459 0.0061 0.0008 1.0000 1.0000 0.6494 0.0887 0.0122 0.0017 0.0002 1.0000 1.0000 0.2217 0.0322 0.0047 0.0007 1.0000 1.0000 0.7405 0.1110 0.0167 0.0025 0.0004 1.0000 1.0000 0.4209 0.0634 0.0096 0.0014 0.0002 1.0000
0.0002 0.0017 0.0109 0.0726 0.4818 1.0000 1.0000 0.0004 0.0029 0.0191 0.1265 0.8411 1.0000 1.0000 0.0008 0.0052 0.0350 0.2379 1.0000 1.0000 0.0002 0.0017 0.0120 0.0857 0.6169 1.0000 1.0000 0.0007 0.0055 0.0412 0.3081 1.0000 1.0000 0.0004 0.0031 0.0232 0.1755 1.0000 1.0000 0.0002 0.0018 0.0136 0.1036 0.7869 1.0000 1.0000 0.0011 0.0081 0.0617 0.4727 1.0000 0.4727 0.0617 0.0081 0.0011 1.0000 1.0000 0.7869 0.1036 0.0136 0.0018 0.0002 1.0000 1.0000 0.1755 0.0232 0.0031 0.0004 1.0000 1.0000 0.3081 0.0412 0.0055 0.0007 1.0000 1.0000 0.6169 0.0857 0.0120 0.0017 0.0002 1.0000 1.0000 0.2379 0.0350 0.0052 0.0008 1.0000 1.0000 0.8411 0.1265 0.0191 0.0029 0.0004 1.0000 1.0000 0.4818 0.0726 0.0109 0.0017 0.0002
0.0016 0.0126 0.0830 0.5514 1.0000 1.0000 0.0005 0.0033 0.0218 0.1448 0.9608 1.0000 1.0000 0.0009 0.0058 0.0389 0.2616 1.0000 1.0000 0.0003 0.0017 0.0122 0.0857 0.6064 1.0000 1.0000 0.0007 0.0051 0.0377 0.2797 1.0000 1.0000 0.0004 0.0027 0.0204 0.1542 1.0000 1.0000 0.0002 0.0016 0.0119 0.0905 0.6875 1.0000 1.0000 0.0009 0.0070 0.0535 0.4091 1.0000 1.0000 1.0000 0.4091 0.0535 0.0070 0.0009 1.0000 1.0000 0.6875 0.0905 0.0119 0.0016 0.0002 1.0000 1.0000 0.1542 0.0204 0.0027 0.0004 1.0000 1.0000 0.2797 0.0377 0.0051 0.0007 1.0000 1.0000 0.6064 0.0857 0.0122 0.0017 0.0003 1.0000 1.0000 0.2616 0.0389 0.0058 0.0009 1.0000 1.0000 0.9608 0.1448 0.0218 0.0033 0.0005 1.0000 1.0000 0.5514 0.0830 0.0126 0.0016
0.0118 0.0962 0.6299 1.0000 1.0000 0.0006 0.0038 0.0250 0.1658 1.0000 1.0000 1.0000 0.0010 0.0066 0.0439 0.2933 1.0000 1.0000 0.0003 0.0019 0.0128 0.0887 0.6169 1.0000 1.0000 0.0007 0.0049 0.0355 0.2592 1.0000 1.0000 0.0003 0.0024 0.0182 0.1365 1.0000 1.0000 1.0000 0.0014 0.0104 0.0791 0.6007 1.0000 1.0000 0.0008 0.0062 0.0467 0.3547 1.0000 1.0000 1.0000 1.0000 1.0000 0.3547 0.0467 0.0062 0.0008 1.0000 1.0000 0.6007 0.0791 0.0104 0.0014 1.0000 1.0000 1.0000 0.1365 0.0182 0.0024 0.0003 1.0000 1.0000 0.2592 0.0355 0.0049 0.0007 1.0000 1.0000 0.6169 0.0887 0.0128 0.0019 0.0003 1.0000 1.0000 0.2933 0.0439 0.0066 0.0010 1.0000 1.0000 1.0000 0.1658 0.0250 0.0038 0.0006 1.0000 1.0000 0.6299 0.0962 0.0118
0.0897 0.7293 1.0000 1.0000 0.0006 0.0043 0.0286 0.1897 1.0000 1.0000 1.0000 0.0011 0.0075 0.0498 0.3319 1.0000 1.0000 0.0003 0.0021 0.0139 0.0948 0.6494 1.0000 1.0000 0.0007 0.0048 0.0343 0.2471 1.0000 1.0000 0.0003 0.0022 0.0163 0.1220 0.9162 1.0000 1.0000 0.0012 0.0091 0.0692 0.5248 1.0000 1.0000 0.0007 0.0054 0.0408 0.3099 1.0000 1.0000 0.0004 0.0015 0.0004 1.0000 1.0000 0.3099 0.0408 0.0054 0.0007 1.0000 1.0000 0.5248 0.0692 0.0091 0.0012 1.0000 1.0000 0.9162 0.1220 0.0163 0.0022 0.0003 1.0000 1.0000 0.2471 0.0343 0.0048 0.0007 1.0000 1.0000 0.6494 0.0948 0.0139 0.0021 0.0003 1.0000 1.0000 0.3319 0.0498 0.0075 0.0011 1.0000 1.0000 1.0000 0.1897 0.0286 0.0043 0.0006 1.0000 1.0000 0.7293 0.0897
0.6810 1.0000 1.0000 0.0007 0.0049 0.0327 0.2172 1.0000 1.0000 1.0000 0.0013 0.0086 0.0570 0.3784 1.0000 1.0000 0.0003 0.0023 0.0154 0.1040 0.7034 1.0000 1.0000 0.0007 0.0049 0.0343 0.2429 1.0000 1.0000 0.0003 0.0020 0.0150 0.1112 0.8268 1.0000 1.0000 0.0011 0.0081 0.0610 0.4611 1.0000 1.0000 0.0006 0.0047 0.0357 0.2708 1.0000 1.0000 0.0004 0.0028 0.0097 0.0028 0.0004 1.0000 1.0000 0.2708 0.0357 0.0047 0.0006 1.0000 1.0000 0.4611 0.0610 0.0081 0.0011 1.0000 1.0000 0.8268 0.1112 0.0150 0.0020 0.0003 1.0000 1.0000 0.2429 0.0343 0.0049 0.0007 1.0000 1.0000 0.7034 0.1040 0.0154 0.0023 0.0003 1.0000 1.0000 0.3784 0.0570 0.0086 0.0013 1.0000 1.0000 1.0000 0.2172 0.0327 0.0049 0.0007 1.0000 1.0000 0.6810
1.0000 1.0000 0.0008 0.0056 0.0375 0.2485 1.0000 1.0000 0.0002 0.0015 0.0098 0.0653 0.4331 1.0000 1.0000 0.0004 0.0026 0.0173 0.1162 0.7795 1.0000 1.0000 0.0007 0.0051 0.0355 0.2471 1.0000 1.0000 0.0003 0.0020 0.0141 0.1034 0.7604 1.0000 1.0000 0.0010 0.0072 0.0541 0.4075 1.0000 1.0000 0.0005 0.0041 0.0312 0.2366 1.0000 1.0000 0.0003 0.0024 0.0187 0.0640 0.0187 0.0024 0.0003 1.0000 1.0000 0.2366 0.0312 0.0041 0.0005 1.0000 1.0000 0.4075 0.0541 0.0072 0.0010 1.0000 1.0000 0.7604 0.1034 0.0141 0.0020 0.0003 1.0000 1.0000 0.2471 0.0355 0.0051 0.0007 1.0000 1.0000 0.7795 0.1162 0.0173 0.0026 0.0004 1.0000 1.0000 0.4331 0.0653 0.0098 0.0015 0.0002 1.0000 1.0000 0.2485 0.0375 0.0056 0.0008 1.0000 1.0000
1.0000 0.0010 0.0065 0.0429 0.2845 1.0000 1.0000 0.0003 0.0017 0.0113 0.0747 0.4957 1.0000 1.0000 0.0004 0.0030 0.0197 0.1309 0.8754 1.0000 1.0000 0.0008 0.0055 0.0377 0.2592 1.0000 1.0000 0.0003 0.0019 0.0137 0.0990 0.7169 1.0000 1.0000 0.0009 0.0065 0.0484 0.3629 1.0000 1.0000 0.0005 0.0036 0.0273 0.2067 1.0000 1.0000 0.0003 0.0021 0.0162 0.1241 0.4249 0.1241 0.0162 0.0021 0.0003 1.0000 1.0000 0.2067 0.0273 0.0036 0.0005 1.0000 1.0000 0.3629 0.0484 0.0065 0.0009 1.0000 1.0000 0.7169 0.0990 0.0137 0.0019 0.0003 1.0000 1.0000 0.2592 0.0377 0.0055 0.0008 1.0000 1.0000 0.8754 0.1309 0.0197 0.0030 0.0004 1.0000 1.0000 0.4957 0.0747 0.0113 0.0017 0.0003 1.0000 1.0000 0.2845 0.0429 0.0065 0.0010 1.0000
0.0009 0.0075 0.0490 0.3256 1.0000 1.0000 0.0003 0.0019 0.0129 0.0855 0.5674 1.0000 1.0000 0.0005 0.0034 0.0225 0.1490 0.9905 1.0000 1.0000 0.0009 0.0061 0.0412 0.2797 1.0000 1.0000 0.0003 0.0020 0.0137 0.0973 0.6954 1.0000 1.0000 0.0008 0.0060 0.0441 0.3275 1.0000 1.0000 0.0004 0.0032 0.0241 0.1816 1.0000 1.0000 0.0002 0.0018 0.0140 0.1074 0.8237 1.0000 0.8237 0.1074 0.0140 0.0018 0.0002 1.0000 1.0000 0.1816 0.0241 0.0032 0.0004 1.0000 1.0000 0.3275 0.0441 0.0060 0.0008 1.0000 1.0000 0.6954 0.0973 0.0137 0.0020 0.0003 1.0000 1.0000 0.2797 0.0412 0.0061 0.0009 1.0000 1.0000 0.9905 0.1490 0.0225 0.0034 0.0005 1.0000 1.0000 0.5674 0.0855 0.0129 0.0019 0.0003 1.0000 1.0000 0.3256 0.0490 0.0075 0.0009
0.0070 0.0567 0.3720 1.0000 1.0000 0.0003 0.0022 0.0148 0.0979 0.6494 1.0000 1.0000 0.0006 0.0039 0.0257 0.1706 1.0000 1.0000 1.0000 0.0010 0.0069 0.0459 0.3081 1.0000 1.0000 0.0003 0.0020 0.0141 0.0990 0.6954 1.0000 1.0000 0.0008 0.0056 0.0412 0.3023 1.0000 1.0000 0.0004 0.0028 0.0214 0.1608 1.0000 1.0000 0.0002 0.0016 0.0123 0.0932 0.7128 1.0000 1.0000 1.0000 0.7128 0.0932 0.0123 0.0016 0.0002 1.0000 1.0000 0.1608 0.0214 0.0028 0.0004 1.0000 1.0000 0.3023 0.0412 0.0056 0.0008 1.0000 1.0000 0.6954 0.0990 0.0141 0.0020 0.0003 1.0000 1.0000 0.3081 0.0459 0.0069 0.0010 1.0000 1.0000 1.0000 0.1706 0.0257 0.0039 0.0006 1.0000 1.0000 0.6494 0.0979 0.0148 0.0022 0.0003 1.0000 1.0000 0.3720 0.0567 0.0070
0.0530 0.4315 1.0000 1.0000 0.0004 0.0025 0.0169 0.1120 0.7433 1.0000 1.0000 0.0007 0.0044 0.0294 0.1952 1.0000 1.0000 1.0000 0.0012 0.0078 0.0518 0.3460 1.0000 1.0000 0.0003 0.0022 0.0150 0.1034 0.7169 1.0000 1.0000 0.0008 0.0055 0.0394 0.2856 1.0000 1.0000 0.0003 0.0026 0.0192 0.1435 1.0000 1.0000 1.0000 0.0014 0.0107 0.0814 0.6181 1.0000 1.0000 0.0004 1.0000 1.0000 0.6181 0.0814 0.0107 0.0014 1.0000 1.0000 1.0000 0.1435 0.0192 0.0026 0.0003 1.0000 1.0000 0.2856 0.0394 0.0055 0.0008 1.0000 1.0000 0.7169 0.1034 0.0150 0.0022 0.0003 1.0000 1.0000 0.3460 0.0518 0.0078 0.0012 1.0000 1.0000 1.0000 0.1952 0.0294 0.0044 0.0007 1.0000 1.0000 0.7433 0.1120 0.0169 0.0025 0.0004 1.0000 1.0000 0.4315 0.0530
0.4021 1.0000 1.0000 0.0004 0.0029 0.0193 0.1282 0.8507 1.0000 1.0000 0.0008 0.0051 0.0337 0.2234 1.0000 1.0000 0.0002 0.0013 0.0088 0.0588 0.3916 1.0000 1.0000 0.0004 0.0024 0.0163 0.1112 0.7604 1.0000 1.0000 0.0008 0.0055 0.0388 0.2775 1.0000 1.0000 0.0003 0.0024 0.0175 0.1299 0.9682 1.0000 1.0000 0.0013 0.0095 0.0715 0.5410 1.0000 1.0000 0.0007 0.0025 0.0007 1.0000 1.0000 0.5410 0.0715 0.0095 0.0013 1.0000 1.0000 0.9682 0.1299 0.0175 0.0024 0.0003 1.0000 1.0000 0.2775 0.0388 0.0055 0.0008 1.0000 1.0000 0.7604 0.1112 0.0163 0.0024 0.0004 1.0000 1.0000 0.3916 0.0588 0.0088 0.0013 0.0002 1.0000 1.0000 0.2234 0.0337 0.0051 0.0008 1.0000 1.0000 0.8507 0.1282 0.0193 0.0029 0.0004 1.0000 1.0000 0.4021
1.0000 1.0000 0.0005 0.0033 0.0221 0.1468 0.9737 1.0000 1.0000 0.0009 0.0058 0.0385 0.2557 1.0000 1.0000 0.0002 0.0015 0.0101 0.0672 0.4456 1.0000 1.0000 0.0004 0.0027 0.0182 0.1220 0.8268 1.0000 1.0000 0.0008 0.0056 0.0394 0.2775 1.0000 1.0000 0.0003 0.0022 0.0164 0.1202 0.8854 1.0000 1.0000 0.0011 0.0084 0.0633 0.4772 1.0000 1.0000 0.0006 0.0049 0.0169 0.0049 0.0006 1.0000 1.0000 0.4772 0.0633 0.0084 0.0011 1.0000 1.0000 0.8854 0.1202 0.0164 0.0022 0.0003 1.0000 1.0000 0.2775 0.0394 0.0056 0.0008 1.0000 1.0000 0.8268 0.1220 0.0182 0.0027 0.0004 1.0000 1.0000 0.4456 0.0672 0.0101 0.0015 0.0002 1.0000 1.0000 0.2557 0.0385 0.0058 0.0009 1.0000 1.0000 0.9737 0.1468 0.0221 0.0033 0.0005 1.0000 1.0000
1.0000 0.0006 0.0038 0.0253 0.1680 1.0000 1.0000 1.0000 0.0010 0.0066 0.0441 0.2927 1.0000 1.0000 0.0003 0.0017 0.0116 0.0769 0.5101 1.0000 1.0000 0.0005 0.0031 0.0204 0.1365 0.9162 1.0000 1.0000 0.0009 0.0060 0.0412 0.2856 1.0000 1.0000 0.0003 0.0022 0.0157 0.1137 0.8284 1.0000 1.0000 0.0010 0.0076 0.0566 0.4249 1.0000 1.0000 0.0006 0.0043 0.0327 0.1118 0.0327 0.0043 0.0006 1.0000 1.0000 0.4249 0.0566 0.0076 0.0010 1.0000 1.0000 0.8284 0.1137 0.0157 0.0022 0.0003 1.0000 1.0000 0.2856 0.0412 0.0060 0.0009 1.0000 1.0000 0.9162 0.1365 0.0204 0.0031 0.0005 1.0000 1.0000 0.5101 0.0769 0.0116 0.0017 0.0003 1.0000 1.0000 0.2927 0.0441 0.0066 0.0010 1.0000 1.0000 1.0000 0.1680 0.0253 0.0038 0.0006 1.0000
0.0005 0.0044 0.0289 0.1923 1.0000 1.0000 1.0000 0.0011 0.0076 0.0505 0.3350 1.0000 1.0000 0.0003 0.0020 0.0133 0.0880 0.5838 1.0000 1.0000 0.0005 0.0035 0.0232 0.1542 1.0000 1.0000 1.0000 0.0010 0.0065 0.0441 0.3023 1.0000 1.0000 0.0003 0.0022 0.0155 0.1103 0.7944 1.0000 1.0000 0.0009 0.0070 0.0515 0.3827 1.0000 1.0000 0.0005 0.0037 0.0285 0.2176 0.7447 0.2176 0.0285 0.0037 0.0005 1.0000 1.0000 0.3827 0.0515 0.0070 0.0009 1.0000 1.0000 0.7944 0.1103 0.0155 0.0022 0.0003 1.0000 1.0000 0.3023 0.0441 0.0065 0.0010 1.0000 1.0000 1.0000 0.1542 0.0232 0.0035 0.0005 1.0000 1.0000 0.5838 0.0880 0.0133 0.0020 0.0003 1.0000 1.0000 0.3350 0.0505 0.0076 0.0011 1.0000 1.0000 1.0000 0.1923 0.0289 0.0044 0.0005
0.0041 0.0335 0.2196 1.0000 1.0000 1.0000 0.0013 0.0087 0.0578 0.3835 1.0000 1.0000 0.0003 0.0023 0.0152 0.1007 0.6682 1.0000 1.0000 0.0006 0.0040 0.0265 0.1755 1.0000 1.0000 1.0000 0.0011 0.0072 0.0484 0.3275 1.0000 1.0000 0.0003 0.0022 0.0157 0.1103 0.7839 1.0000 1.0000 0.0009 0.0065 0.0478 0.3513 1.0000 1.0000 0.0004 0.0033 0.0251 0.1901 1.0000 1.0000 1.0000 0.1901 0.0251 0.0033 0.0004 1.0000 1.0000 0.3513 0.0478 0.0065 0.0009 1.0000 1.0000 0.7839 0.1103 0.0157 0.0022 0.0003 1.0000 1.0000 0.3275 0.0484 0.0072 0.0011 1.0000 1.0000 1.0000 0.1755 0.0265 0.0040 0.0006 1.0000 1.0000 0.6682 0.1007 0.0152 0.0023 0.0003 1.0000 1.0000 0.3835 0.0578 0.0087 0.0013 1.0000 1.0000 1.0000 0.2196 0.0335 0.0041
0.0313 0.2543 1.0000 1.0000 0.0002 0.0015 0.0100 0.0662 0.4389 1.0000 1.0000 0.0004 0.0026 0.0174 0.1153 0.7648 1.0000 1.0000 0.0007 0.0046 0.0303 0.2009 1.0000 1.0000 1.0000 0.0012 0.0081 0.0541 0.3629 1.0000 1.0000 0.0003 0.0024 0.0164 0.1137 0.7944 1.0000 1.0000 0.0009 0.0063 0.0452 0.3300 1.0000 1.0000 0.0004 0.0030 0.0224 0.1683 1.0000 1.0000 1.0000 1.0000 1.0000 0.1683 0.0224 0.0030 0.0004 1.0000 1.0000 0.3300 0.0452 0.0063 0.0009 1.0000 1.0000 0.7944 0.1137 0.0164 0.0024 0.0003 1.0000 1.0000 0.3629 0.0541 0.0081 0.0012 1.0000 1.0000 1.0000 0.2009 0.0303 0.0046 0.0007 1.0000 1.0000 0.7648 0.1153 0.0174 0.0026 0.0004 1.0000 1.0000 0.4389 0.0662 0.0100 0.0015 0.0002 1.0000 1.0000 0.2543 0.0313
0.2375 1.0000 1.0000 0.0003 0.0017 0.0114 0.0757 0.5024 1.0000 1.0000 0.0005 0.0030 0.0199 0.1319 0.8754 1.0000 1.0000 0.0008 0.0052 0.0347 0.2299 1.0000 1.0000 0.0002 0.0014 0.0091 0.0610 0.4075 1.0000 1.0000 0.0004 0.0026 0.0175 0.1202 0.8284 1.0000 1.0000 0.0009 0.0062 0.0440 0.3164 1.0000 1.0000 0.0004 0.0028 0.0204 0.1516 1.0000 1.0000 1.0000 0.0007 1.0000 1.0000 1.0000 0.1516 0.0204 0.0028 0.0004 1.0000 1.0000 0.3164 0.0440 0.0062 0.0009 1.0000 1.0000 0.8284 0.1202 0.0175 0.0026 0.0004 1.0000 1.0000 0.4075 0.0610 0.0091 0.0014 0.0002 1.0000 1.0000 0.2299 0.0347 0.0052 0.0008 1.0000 1.0000 0.8754 0.1319 0.0199 0.0030 0.0005 1.0000 1.0000 0.5024 0.0757 0.0114 0.0017 0.0003 1.0000 1.0000 0.2375
1.0000 1.0000 0.0003 0.0020 0.0131 0.0867 0.5750 1.0000 1.0000 0.0005 0.0034 0.0228 0.1510 1.0000 1.0000 1.0000 0.0009 0.0060 0.0397 0.2631 1.0000 1.0000 0.0002 0.0016 0.0104 0.0692 0.4611 1.0000 1.0000 0.0004 0.0028 0.0192 0.1299 0.8854 1.0000 1.0000 0.0009 0.0063 0.0440 0.3123 1.0000 1.0000 0.0004 0.0026 0.0189 0.1392 1.0000 1.0000 1.0000 0.0013 0.0046 0.0013 1.0000 1.0000 1.0000 0.1392 0.0189 0.0026 0.0004 1.0000 1.0000 0.3123 0.0440 0.0063 0.0009 1.0000 1.0000 0.8854 0.1299 0.0192 0.0028 0.0004 1.0000 1.0000 0.4611 0.0692 0.0104 0.0016 0.0002 1.0000 1.0000 0.2631 0.0397 0.0060 0.0009 1.0000 1.0000 1.0000 0.1510 0.0228 0.0034 0.0005 1.0000 1.0000 0.5750 0.0867 0.0131 0.0020 0.0003 1.0000 1.0000
1.0000 0.0003 0.0022 0.0150 0.0992 0.6581 1.0000 1.0000 0.0006 0.0039 0.0261 0.1728 1.0000 1.0000 1.0000 0.0010 0.0068 0.0454 0.3012 1.0000 1.0000 0.0003 0.0018 0.0119 0.0791 0.5248 1.0000 1.0000 0.0005 0.0032 0.0214 0.1435 0.9682 1.0000 1.0000 0.0009 0.0065 0.0452 0.3164 1.0000 1.0000 0.0003 0.0025 0.0180 0.1307 0.9572 1.0000 1.0000 0.0012 0.0091 0.0309 0.0091 0.0012 1.0000 1.0000 0.9572 0.1307 0.0180 0.0025 0.0003 1.0000 1.0000 0.3164 0.0452 0.0065 0.0009 1.0000 1.0000 0.9682 0.1435 0.0214 0.0032 0.0005 1.0000 1.0000 0.5248 0.0791 0.0119 0.0018 0.0003 1.0000 1.0000 0.3012 0.0454 0.0068 0.0010 1.0000 1.0000 1.0000 0.1728 0.0261 0.0039 0.0006 1.0000 1.0000 0.6581 0.0992 0.0150 0.0022 0.0003 1.0000
0.0003 0.0026 0.0171 0.1135 0.7532 1.0000 1.0000 0.0007 0.0045 0.0298 0.1978 1.0000 1.0000 1.0000 0.0012 0.0078 0.0520 0.3447 1.0000 1.0000 0.0003 0.0021 0.0136 0.0905 0.6007 1.0000 1.0000 0.0005 0.0036 0.0241 0.1608 1.0000 1.0000 1.0000 0.0010 0.0070 0.0478 0.3300 1.0000 1.0000 0.0003 0.0025 0.0175 0.1258 0.9093 1.0000 1.0000 0.0011 0.0082 0.0614 0.2094 0.0614 0.0082 0.0011 1.0000 1.0000 0.9093 0.1258 0.0175 0.0025 0.0003 1.0000 1.0000 0.3300 0.0478 0.0070 0.0010 1.0000 1.0000 1.0000 0.1608 0.0241 0.0036 0.0005 1.0000 1.0000 0.6007 0.0905 0.0136 0.0021 0.0003 1.0000 1.0000 0.3447 0.0520 0.0078 0.0012 1.0000 1.0000 1.0000 0.1978 0.0298 0.0045 0.0007 1.0000 1.0000 0.7532 0.1135 0.0171 0.0026 0.0003
0.0024 0.0198 0.1297 0.8621 1.0000 1.0000 0.0008 0.0051 0.0341 0.2264 1.0000 1.0000 0.0002 0.0014 0.0090 0.0595 0.3946 1.0000 1.0000 0.0004 0.0024 0.0156 0.1036 0.6875 1.0000 1.0000 0.0006 0.0041 0.0273 0.1816 1.0000 1.0000 1.0000 0.0011 0.0076 0.0515 0.3513 1.0000 1.0000 0.0004 0.0025 0.0175 0.1241 0.8871 1.0000 1.0000 0.0010 0.0075 0.0559 0.4185 1.0000 0.4185 0.0559 0.0075 0.0010 1.0000 1.0000 0.8871 0.1241 0.0175 0.0025 0.0004 1.0000 1.0000 0.3513 0.0515 0.0076 0.0011 1.0000 1.0000 1.0000 0.1816 0.0273 0.0041 0.0006 1.0000 1.0000 0.6875 0.1036 0.0156 0.0024 0.0004 1.0000 1.0000 0.3946 0.0595 0.0090 0.0014 0.0002 1.0000 1.0000 0.2264 0.0341 0.0051 0.0008 1.0000 1.0000 0.8621 0.1297 0.0198 0.0024
0.0185 0.1504 0.9849 1.0000 1.0000 0.0009 0.0059 0.0391 0.2592 1.0000 1.0000 0.0002 0.0015 0.0103 0.0681 0.4516 1.0000 1.0000 0.0004 0.0027 0.0179 0.1186 0.7869 1.0000 1.0000 0.0007 0.0047 0.0312 0.2067 1.0000 1.0000 1.0000 0.0013 0.0084 0.0566 0.3827 1.0000 1.0000 0.0004 0.0026 0.0180 0.1258 0.8871 1.0000 1.0000 0.0010 0.0072 0.0522 0.3842 1.0000 1.0000 1.0000 0.3842 0.0522 0.0072 0.0010 1.0000 1.0000 0.8871 0.1258 0.0180 0.0026 0.0004 1.0000 1.0000 0.3827 0.0566 0.0084 0.0013 1.0000 1.0000 1.0000 0.2067 0.0312 0.0047 0.0007 1.0000 1.0000 0.7869 0.1186 0.0179 0.0027 0.0004 1.0000 1.0000 0.4516 0.0681 0.0103 0.0015 0.0002 1.0000 1.0000 0.2592 0.0391 0.0059 0.0009 1.0000 1.0000 0.9849 0.1504 0.0185
0.1402 1.0000 1.0000 1.0000 0.0010 0.0067 0.0447 0.2966 1.0000 1.0000 0.0003 0.0018 0.0117 0.0779 0.5169 1.0000 1.0000 0.0005 0.0031 0.0205 0.1358 0.9007 1.0000 1.0000 0.0008 0.0054 0.0357 0.2366 1.0000 1.0000 0.0002 0.0014 0.0095 0.0633 0.4249 1.0000 1.0000 0.0004 0.0028 0.0189 0.1307 0.9093 1.0000 1.0000 0.0010 0.0070 0.0501 0.3629 1.0000 1.0000 1.0000 1.0000 1.0000 0.3629 0.0501 0.0070 0.0010 1.0000 1.0000 0.9093 0.1307 0.0189 0.0028 0.0004 1.0000 1.0000 0.4249 0.0633 0.0095 0.0014 0.0002 1.0000 1.0000 0.2366 0.0357 0.0054 0.0008 1.0000 1.0000 0.9007 0.1358 0.0205 0.0031 0.0005 1.0000 1.0000 0.5169 0.0779 0.0117 0.0018 0.0003 1.0000 1.0000 0.2966 0.0447 0.0067 0.0010 1.0000 1.0000 1.0000 0.1402
1.0000 1.0000 1.0000 0.0012 0.0077 0.0512 0.3395 1.0000 1.0000 0.0003 0.0020 0.0134 0.0892 0.5916 1.0000 1.0000 0.0005 0.0035 0.0234 0.1554 1.0000 1.0000 1.0000 0.0009 0.0062 0.0408 0.2708 1.0000 1.0000 0.0002 0.0016 0.0107 0.0715 0.4772 1.0000 1.0000 0.0004 0.0030 0.0204 0.1392 0.9572 1.0000 1.0000 0.0010 0.0070 0.0495 0.3534 1.0000 1.0000 0.0004 0.0014 0.0004 1.0000 1.0000 0.3534 0.0495 0.0070 0.0010 1.0000 1.0000 0.9572 0.1392 0.0204 0.0030 0.0004 1.0000 1.0000 0.4772 0.0715 0.0107 0.0016 0.0002 1.0000 1.0000 0.2708 0.0408 0.0062 0.0009 1.0000 1.0000 1.0000 0.1554 0.0234 0.0035 0.0005 1.0000 1.0000 0.5916 0.0892 0.0134 0.0020 0.0003 1.0000 1.0000 0.3395 0.0512 0.0077 0.0012 1.0000 1.0000 1.0000
1.0000 0.0002 0.0013 0.0088 0.0586 0.3886 1.0000 1.0000 0.0003 0.0023 0.0154 0.1021 0.6771 1.0000 1.0000 0.0006 0.0040 0.0268 0.1778 1.0000 1.0000 1.0000 0.0011 0.0070 0.0467 0.3099 1.0000 1.0000 0.0003 0.0018 0.0123 0.0814 0.5410 1.0000 1.0000 0.0005 0.0033 0.0224 0.1516 1.0000 1.0000 1.0000 0.0010 0.0072 0.0501 0.3534 1.0000 1.0000 0.0004 0.0029 0.0098 0.0029 0.0004 1.0000 1.0000 0.3534 0.0501 0.0072 0.0010 1.0000 1.0000 1.0000 0.1516 0.0224 0.0033 0.0005 1.0000 1.0000 0.5410 0.0814 0.0123 0.0018 0.0003 1.0000 1.0000 0.3099 0.0467 0.0070 0.0011 1.0000 1.0000 1.0000 0.1778 0.0268 0.0040 0.0006 1.0000 1.0000 0.6771 0.1021 0.0154 0.0023 0.0003 1.0000 1.0000 0.3886 0.0586 0.0088 0.0013 0.0002 1.0000
0.0002 0.0015 0.0101 0.0670 0.4448 1.0000 1.0000 0.0004 0.0027 0.0176 0.1168 0.7750 1.0000 1.0000 0.0007 0.0046 0.0307 0.2036 1.0000 1.0000 1.0000 0.0012 0.0081 0.0535 0.3547 1.0000 1.0000 0.0003 0.0021 0.0140 0.0932 0.6181 1.0000 1.0000 0.0006 0.0037 0.0251 0.1683 1.0000 1.0000 1.0000 0.0011 0.0075 0.0522 0.3629 1.0000 1.0000 0.0004 0.0028 0.0204 0.0687 0.0204 0.0028 0.0004 1.0000 1.0000 0.3629 0.0522 0.0075 0.0011 1.0000 1.0000 1.0000 0.1683 0.0251 0.0037 0.0006 1.0000 1.0000 0.6181 0.0932 0.0140 0.0021 0.0003 1.0000 1.0000 0.3547 0.0535 0.0081 0.0012 1.0000 1.0000 1.0000 0.2036 0.0307 0.0046 0.0007 1.0000 1.0000 0.7750 0.1168 0.0176 0.0027 0.0004 1.0000 1.0000 0.4448 0.0670 0.0101 0.0015 0.0002
0.0014 0.0118 0.0773 0.5130 1.0000 1.0000 0.0005 0.0031 0.0203 0.1347 0.8939 1.0000 1.0000 0.0008 0.0053 0.0354 0.2348 1.0000 1.0000 0.0002 0.0014 0.0093 0.0617 0.4091 1.0000 1.0000 0.0004 0.0024 0.0162 0.1074 0.7128 1.0000 1.0000 0.0006 0.0043 0.0285 0.1901 1.0000 1.0000 1.0000 0.0012 0.0082 0.0559 0.3842 1.0000 1.0000 0.0004 0.0028 0.0200 0.1454 0.4882 0.1454 0.0200 0.0028 0.0004 1.0000 1.0000 0.3842 0.0559 0.0082 0.0012 1.0000 1.0000 1.0000 0.1901 0.0285 0.0043 0.0006 1.0000 1.0000 0.7128 0.1074 0.0162 0.0024 0.0004 1.0000 1.0000 0.4091 0.0617 0.0093 0.0014 0.0002 1.0000 1.0000 0.2348 0.0354 0.0053 0.0008 1.0000 1.0000 0.8939 0.1347 0.0203 0.0031 0.0005 1.0000 1.0000 0.5130 0.0773 0.0118 0.0014
0.0109 0.0902 0.5916 1.0000 1.0000 0.0005 0.0035 0.0235 0.1557 1.0000 1.0000 1.0000 0.0009 0.0062 0.0409 0.2713 1.0000 1.0000 0.0002 0.0016 0.0107 0.0712 0.4727 1.0000 1.0000 0.0004 0.0028 0.0187 0.1241 0.8237 1.0000 1.0000 0.0007 0.0049 0.0327 0.2176 1.0000 1.0000 1.0000 0.0013 0.0091 0.0614 0.4185 1.0000 1.0000 0.0004 0.0029 0.0204 0.1454 1.0000 1.0000 1.0000 0.1454 0.0204 0.0029 0.0004 1.0000 1.0000 0.4185 0.0614 0.0091 0.0013 1.0000 1.0000 1.0000 0.2176 0.0327 0.0049 0.0007 1.0000 1.0000 0.8237 0.1241 0.0187 0.0028 0.0004 1.0000 1.0000 0.4727 0.0712 0.0107 0.0016 0.0002 1.0000 1.0000 0.2713 0.0409 0.0062 0.0009 1.0000 1.0000 1.0000 0.1557 0.0235 0.0035 0.0005 1.0000 1.0000 0.5916 0.0902 0.0109
0.0399 0.3135 1.0000 1.0000 0.0003 0.0018 0.0121 0.0803 0.5329 1.0000 1.0000 0.0005 0.0032 0.0211 0.1400 0.9285 1.0000 1.0000 0.0008 0.0055 0.0368 0.2439 1.0000 1.0000 1.0000 0.0015 0.0097 0.0640 0.4249 1.0000 1.0000 0.0004 0.0025 0.0169 0.1118 0.7447 1.0000 1.0000 0.0007 0.0046 0.0309 0.2094 1.0000 1.0000 1.0000 0.0014 0.0098 0.0687 0.4882 1.0000 1.0000 1.0000 0.4882 0.0687 0.0098 0.0014 1.0000 1.0000 1.0000 0.2094 0.0309 0.0046 0.0007 1.0000 1.0000 0.7447 0.1118 0.0169 0.0025 0.0004 1.0000 1.0000 0.4249 0.0640 0.0097 0.0015 1.0000 1.0000 1.0000 0.2439 0.0368 0.0055 0.0008 1.0000 1.0000 0.9285 0.1400 0.0211 0.0032 0.0005 1.0000 1.0000 0.5329 0.0803 0.0121 0.0018 0.0003 1.0000 1.0000 0.3135 0.0399
0.0109 0.0902 0.5916 1.0000 1.0000 0.0005 0.0035 0.0235 0.1557 1.0000 1.0000 1.0000 0.0009 0.0062 0.0409 0.2713 1.0000 1.0000 0.0002 0.0016 0.0107 0.0712 0.4727 1.0000 1.0000 0.0004 0.0028 0.0187 0.1241 0.8237 1.0000 1.0000 0.0007 0.0049 0.0327 0.2176 1.0000 1.0000 1.0000 0.0013 0.0091 0.0614 0.4185 1.0000 1.0000 0.0004 0.0029 0.0204 0.1454 1.0000 1.0000 1.0000 0.1454 0.0204 0.0029 0.0004 1.0000 1.0000 0.4185 0.0614 0.0091 0.0013 1.0000 1.0000 1.0000 0.2176 0.0327 0.0049 0.0007 1.0000 1.0000 0.8237 0.1241 0.0187 0.0028 0.0004 1.0000 1.0000 0.4727 0.0712 0.0107 0.0016 0.0002 1.0000 1.0000 0.2713 0.0409 0.0062 0.0009 1.0000 1.0000 1.0000 0.1557 0.0235 0.0035 0.0005 1.0000 1.0000 0.5916 0.0902 0.0109
0.0014 0.0118 0.0773 0.5130 1.0000 1.0000 0.0005 0.0031 0.0203 0.1347 0.8939 1.0000 1.0000 0.0008 0.0053 0.0354 0.2348 1.0000 1.0000 0.0002 0.0014 0.0093 0.0617 0.4091 1.0000 1.0000 0.0004 0.0024 0.0162 0.1074 0.7128 1.0000 1.0000 0.0006 0.0043 0.0285 0.1901 1.0000 1.0000 1.0000 0.0012 0.0082 0.0559 0.3842 1.0000 1.0000 0.0004 0.0028 0.0200 0.1454 0.4882 0.1454 0.0200 0.0028 0.0004 1.0000 1.0000 0.3842 0.0559 0.0082 0.0012 1.0000 1.0000 1.0000 0.1901 0.0285 0.0043 0.0006 1.0000 1.0000 0.7128 0.1074 0.0162 0.0024 0.0004 1.0000 1.0000 0.4091 0.0617 0.0093 0.0014 0.0002 1.0000 1.0000 0.2348 0.0354 0.0053 0.0008 1.0000 1.0000 0.8939 0.1347 0.0203 0.0031 0.0005 1.0000 1.0000 0.5130 0.0773 0.0118 0.0014
0.0002 0.0015 0.0101 0.0670 0.4448 1.0000 1.0000 0.0004 0.0027 0.0176 0.1168 0.7750 1.0000 1.0000 0.0007 0.0046 0.0307 0.2036 1.0000 1.0000 1.0000 0.0012 0.0081 0.0535 0.3547 1.0000 1.0000 0.0003 0.0021 0.0140 0.0932 0.6181 1.0000 1.0000 0.0006 0.0037 0.0251 0.1683 1.0000 1.0000 1.0000 0.0011 0.0075 0.0522 0.3629 1.0000 1.0000 0.0004 0.0028 0.0204 0.0687 0.0204 0.0028 0.0004 1.0000 1.0000 0.3629 0.0522 0.0075 0.0011 1.0000 1.0000 1.0000 0.1683 0.0251 0.0037 0.0006 1.0000 1.0000 0.6181 0.0932 0.0140 0.0021 0.0003 1.0000 1.0000 0.3547 0.0535 0.0081 0.0012 1.0000 1.0000 1.0000 0.2036 0.0307 0.0046 0.0007 1.0000 1.0000 0.7750 0.1168 0.0176 0.0027 0.0004 1.0000 1.0000 0.4448 0.0670 0.0101 0.0015 0.0002
1.0000 0.0002 0.0013 0.0088 0.0586 0.3886 1.0000 1.0000 0.0003 0.0023 0.0154 0.1021 0.6771 1.0000 1.0000 0.0006 0.0040 0.0268 0.1778 1.0000 1.0000 1.0000 0.0011 0.0070 0.0467 0.3099 1.0000 1.0000 0.0003 0.0018 0.0123 0.0814 0.5410 1.0000 1.0000 0.0005 0.0033 0.0224 0.1516 1.0000 1.0000 1.0000 0.0010 0.0072 0.0501 0.3534 1.0000 1.0000 0.0004 0.0029 0.0098 0.0029 0.0004 1.0000 1.0000 0.3534 0.0501 0.0072 0.0010 1.0000 1.0000 1.0000 0.1516 0.0224 0.0033 0.0005 1.0000 1.0000 0.5410 0.0814 0.0123 0.0018 0.0003 1.0000 1.0000 0.3099 0.0467 0.0070 0.0011 1.0000 1.0000 1.0000 0.1778 0.0268 0.0040 0.0006 1.0000 1.0000 0.6771 0.1021 0.0154 0.0023 0.0003 1.0000 1.0000 0.3886 0.0586 0.0088 0.0013 0.0002 1.0000
1.0000 1.0000 1.0000 0.0012 0.0077 0.0512 0.3395 1.0000 1.0000 0.0003 0.0020 0.0134 0.0892 0.5916 1.0000 1.0000 0.0005 0.0035 0.0234 0.1554 1.0000 1.0000 1.0000 0.0009 0.0062 0.0408 0.2708 1.0000 1.0000 0.0002 0.0016 0.0107 0.0715 0.4772 1.0000 1.0000 0.0004 0.0030 0.0204 0.1392 0.9572 1.0000 1.0000 0.0010 0.0070 0.0495 0.3534 1.0000 1.0000 0.0004 0.0014 0.0004 1.0000 1.0000 0.3534 0.0495 0.0070 0.0010 1.0000 1.0000 0.9572 0.1392 0.0204 0.0030 0.0004 1.0000 1.0000 0.4772 0.0715 0.0107 0.0016 0.0002 1.0000 1.0000 0.2708 0.0408 0.0062 0.0009 1.0000 1.0000 1.0000 0.1554 0.0234 0.0035 0.0005 1.0000 1.0000 0.5916 0.0892 0.0134 0.0020 0.0003 1.0000 1.0000 0.3395 0.0512 0.0077 0.0012 1.0000 1.0000 1.0000
