0.1707 0.2601 0.4669 0.4652 0.1834 0.1474 0.1986 0.3435 0.5129 0.3534 0.1489 0.1626 0.2516 0.4530 0.4749 0.1965 0.1464 0.1932 0.3306 0.5131 0.3725 0.1508 0.1598 0.2431 0.4381 0.4835 0.2136 0.1457 0.1881 0.3181 0.5118 0.3906 0.1531 0.1571 0.2349 0.4224 0.4912 0.2346 0.1453 0.1831 0.3059 0.5085 0.4077 0.1562 0.1547 0.2270 0.4063 0.4981 0.2633 0.1447 0.1526 0.1447 0.2633 0.4981 0.4063 0.2270 0.1547 0.1562 0.4077 0.5085 0.3059 0.1831 0.1453 0.2346 0.4912 0.4224 0.2349 0.1571 0.1531 0.3906 0.5118 0.3181 0.1881 0.1457 0.2136 0.4835 0.4381 0.2431 0.1598 0.1508 0.3725 0.5131 0.3306 0.1932 0.1464 0.1965 0.4749 0.4530 0.2516 0.1626 0.1489 0.3534 0.5129 0.3435 0.1986 0.1474 0.1834 0.4652 0.4669 0.2601 0.1707
0.2601 0.4690 0.4668 0.1804 0.1395 0.1931 0.3405 0.5141 0.3582 0.1413 0.1559 0.2469 0.4517 0.4773 0.1965 0.1384 0.1874 0.3272 0.5142 0.3770 0.1434 0.1529 0.2383 0.4365 0.4857 0.2156 0.1376 0.1822 0.3146 0.5127 0.3948 0.1460 0.1501 0.2300 0.4205 0.4932 0.2382 0.1372 0.1771 0.3022 0.5092 0.4116 0.1495 0.1475 0.2220 0.4043 0.4997 0.2634 0.1370 0.1660 0.2190 0.1660 0.1370 0.2634 0.4997 0.4043 0.2220 0.1475 0.1495 0.4116 0.5092 0.3022 0.1771 0.1372 0.2382 0.4932 0.4205 0.2300 0.1501 0.1460 0.3948 0.5127 0.3146 0.1822 0.1376 0.2156 0.4857 0.4365 0.2383 0.1529 0.1434 0.3770 0.5142 0.3272 0.1874 0.1384 0.1965 0.4773 0.4517 0.2469 0.1559 0.1413 0.3582 0.5141 0.3405 0.1931 0.1395 0.1804 0.4668 0.4690 0.2601
0.4669 0.4668 0.1825 0.1392 0.1912 0.3355 0.5143 0.3661 0.1421 0.1546 0.2431 0.4450 0.4811 0.2045 0.1380 0.1851 0.3216 0.5137 0.3849 0.1444 0.1517 0.2347 0.4296 0.4890 0.2249 0.1374 0.1800 0.3093 0.5114 0.4020 0.1474 0.1490 0.2266 0.4137 0.4960 0.2481 0.1371 0.1750 0.2971 0.5069 0.4182 0.1512 0.1465 0.2187 0.3976 0.5020 0.2726 0.1372 0.1692 0.2727 0.3981 0.2727 0.1692 0.1372 0.2726 0.5020 0.3976 0.2187 0.1465 0.1512 0.4182 0.5069 0.2971 0.1750 0.1371 0.2481 0.4960 0.4137 0.2266 0.1490 0.1474 0.4020 0.5114 0.3093 0.1800 0.1374 0.2249 0.4890 0.4296 0.2347 0.1517 0.1444 0.3849 0.5137 0.3216 0.1851 0.1380 0.2045 0.4811 0.4450 0.2431 0.1546 0.1421 0.3661 0.5143 0.3355 0.1912 0.1392 0.1825 0.4668 0.4669
0.4652 0.1804 0.1392 0.1905 0.3326 0.5143 0.3726 0.1429 0.1534 0.2396 0.4385 0.4847 0.2130 0.1377 0.1828 0.3162 0.5129 0.3924 0.1456 0.1505 0.2312 0.4229 0.4921 0.2346 0.1372 0.1779 0.3041 0.5098 0.4090 0.1489 0.1479 0.2232 0.4069 0.4986 0.2581 0.1371 0.1731 0.2922 0.5043 0.4246 0.1531 0.1455 0.2156 0.3910 0.5041 0.2825 0.1374 0.1683 0.2782 0.4834 0.5017 0.4834 0.2782 0.1683 0.1374 0.2825 0.5041 0.3910 0.2156 0.1455 0.1531 0.4246 0.5043 0.2922 0.1731 0.1371 0.2581 0.4986 0.4069 0.2232 0.1479 0.1489 0.4090 0.5098 0.3041 0.1779 0.1372 0.2346 0.4921 0.4229 0.2312 0.1505 0.1456 0.3924 0.5129 0.3162 0.1828 0.1377 0.2130 0.4847 0.4385 0.2396 0.1534 0.1429 0.3726 0.5143 0.3326 0.1905 0.1392 0.1804 0.4652
0.1834 0.1395 0.1912 0.3326 0.5143 0.3762 0.1435 0.1525 0.2366 0.4326 0.4878 0.2218 0.1374 0.1806 0.3109 0.5118 0.3997 0.1470 0.1493 0.2277 0.4161 0.4950 0.2444 0.1371 0.1758 0.2990 0.5078 0.4157 0.1506 0.1469 0.2200 0.4002 0.5011 0.2682 0.1372 0.1712 0.2874 0.5012 0.4307 0.1552 0.1446 0.2126 0.3844 0.5061 0.2925 0.1376 0.1667 0.2757 0.4889 0.4574 0.2934 0.4574 0.4889 0.2757 0.1667 0.1376 0.2925 0.5061 0.3844 0.2126 0.1446 0.1552 0.4307 0.5012 0.2874 0.1712 0.1372 0.2682 0.5011 0.4002 0.2200 0.1469 0.1506 0.4157 0.5078 0.2990 0.1758 0.1371 0.2444 0.4950 0.4161 0.2277 0.1493 0.1470 0.3997 0.5118 0.3109 0.1806 0.1374 0.2218 0.4878 0.4326 0.2366 0.1525 0.1435 0.3762 0.5143 0.3326 0.1912 0.1395 0.1834
0.1474 0.1931 0.3355 0.5143 0.3762 0.1438 0.1520 0.2346 0.4279 0.4903 0.2298 0.1373 0.1786 0.3058 0.5104 0.4068 0.1484 0.1483 0.2243 0.4093 0.4977 0.2545 0.1371 0.1738 0.2941 0.5054 0.4221 0.1524 0.1459 0.2168 0.3936 0.5033 0.2784 0.1373 0.1693 0.2827 0.4976 0.4366 0.1576 0.1438 0.2096 0.3779 0.5079 0.3024 0.1379 0.1651 0.2716 0.4863 0.4527 0.1751 0.1355 0.1751 0.4527 0.4863 0.2716 0.1651 0.1379 0.3024 0.5079 0.3779 0.2096 0.1438 0.1576 0.4366 0.4976 0.2827 0.1693 0.1373 0.2784 0.5033 0.3936 0.2168 0.1459 0.1524 0.4221 0.5054 0.2941 0.1738 0.1371 0.2545 0.4977 0.4093 0.2243 0.1483 0.1484 0.4068 0.5104 0.3058 0.1786 0.1373 0.2298 0.4903 0.4279 0.2346 0.1520 0.1438 0.3762 0.5143 0.3355 0.1931 0.1474
0.1986 0.3405 0.5143 0.3726 0.1435 0.1520 0.2339 0.4254 0.4919 0.2361 0.1372 0.1769 0.3013 0.5087 0.4133 0.1500 0.1472 0.2211 0.4025 0.5002 0.2647 0.1372 0.1719 0.2892 0.5024 0.4283 0.1544 0.1450 0.2137 0.3870 0.5054 0.2885 0.1375 0.1675 0.2781 0.4935 0.4422 0.1603 0.1429 0.2067 0.3714 0.5094 0.3121 0.1383 0.1634 0.2674 0.4816 0.4556 0.1704 0.1384 0.1606 0.1384 0.1704 0.4556 0.4816 0.2674 0.1634 0.1383 0.3121 0.5094 0.3714 0.2067 0.1429 0.1603 0.4422 0.4935 0.2781 0.1675 0.1375 0.2885 0.5054 0.3870 0.2137 0.1450 0.1544 0.4283 0.5024 0.2892 0.1719 0.1372 0.2647 0.5002 0.4025 0.2211 0.1472 0.1500 0.4133 0.5087 0.3013 0.1769 0.1372 0.2361 0.4919 0.4254 0.2339 0.1520 0.1435 0.3726 0.5143 0.3405 0.1986
0.3435 0.5141 0.3661 0.1429 0.1525 0.2346 0.4254 0.4925 0.2397 0.1372 0.1757 0.2977 0.5069 0.4189 0.1516 0.1463 0.2180 0.3959 0.5026 0.2748 0.1373 0.1700 0.2845 0.4990 0.4343 0.1567 0.1441 0.2107 0.3805 0.5072 0.2984 0.1378 0.1658 0.2736 0.4889 0.4476 0.1633 0.1422 0.2038 0.3651 0.5108 0.3216 0.1387 0.1618 0.2631 0.4762 0.4601 0.1731 0.1399 0.1892 0.2605 0.1892 0.1399 0.1731 0.4601 0.4762 0.2631 0.1618 0.1387 0.3216 0.5108 0.3651 0.2038 0.1422 0.1633 0.4476 0.4889 0.2736 0.1658 0.1378 0.2984 0.5072 0.3805 0.2107 0.1441 0.1567 0.4343 0.4990 0.2845 0.1700 0.1373 0.2748 0.5026 0.3959 0.2180 0.1463 0.1516 0.4189 0.5069 0.2977 0.1757 0.1372 0.2397 0.4925 0.4254 0.2346 0.1525 0.1429 0.3661 0.5141 0.3435
0.5129 0.3582 0.1421 0.1534 0.2366 0.4279 0.4919 0.2397 0.1372 0.1750 0.2954 0.5054 0.4233 0.1530 0.1455 0.2152 0.3897 0.5046 0.2848 0.1374 0.1682 0.2798 0.4951 0.4400 0.1592 0.1432 0.2078 0.3740 0.5088 0.3083 0.1381 0.1641 0.2692 0.4839 0.4529 0.1667 0.1414 0.2011 0.3589 0.5119 0.3310 0.1392 0.1603 0.2589 0.4704 0.4647 0.1775 0.1397 0.1931 0.3291 0.4711 0.3291 0.1931 0.1397 0.1775 0.4647 0.4704 0.2589 0.1603 0.1392 0.3310 0.5119 0.3589 0.2011 0.1414 0.1667 0.4529 0.4839 0.2692 0.1641 0.1381 0.3083 0.5088 0.3740 0.2078 0.1432 0.1592 0.4400 0.4951 0.2798 0.1682 0.1374 0.2848 0.5046 0.3897 0.2152 0.1455 0.1530 0.4233 0.5054 0.2954 0.1750 0.1372 0.2397 0.4919 0.4279 0.2366 0.1534 0.1421 0.3582 0.5129
0.3534 0.1413 0.1546 0.2396 0.4326 0.4903 0.2361 0.1372 0.1750 0.2946 0.5045 0.4261 0.1542 0.1449 0.2129 0.3843 0.5063 0.2940 0.1377 0.1665 0.2753 0.4907 0.4456 0.1620 0.1425 0.2049 0.3676 0.5103 0.3179 0.1385 0.1625 0.2649 0.4786 0.4579 0.1706 0.1407 0.1984 0.3528 0.5129 0.3401 0.1398 0.1588 0.2549 0.4644 0.4691 0.1831 0.1392 0.1918 0.3351 0.5128 0.4672 0.5128 0.3351 0.1918 0.1392 0.1831 0.4691 0.4644 0.2549 0.1588 0.1398 0.3401 0.5129 0.3528 0.1984 0.1407 0.1706 0.4579 0.4786 0.2649 0.1625 0.1385 0.3179 0.5103 0.3676 0.2049 0.1425 0.1620 0.4456 0.4907 0.2753 0.1665 0.1377 0.2940 0.5063 0.3843 0.2129 0.1449 0.1542 0.4261 0.5045 0.2946 0.1750 0.1372 0.2361 0.4903 0.4326 0.2396 0.1546 0.1413 0.3534
0.1489 0.1559 0.2431 0.4385 0.4878 0.2298 0.1372 0.1757 0.2954 0.5045 0.4270 0.1548 0.1445 0.2113 0.3801 0.5076 0.3019 0.1379 0.1649 0.2711 0.4860 0.4508 0.1653 0.1417 0.2021 0.3613 0.5115 0.3274 0.1390 0.1609 0.2607 0.4729 0.4627 0.1752 0.1401 0.1958 0.3468 0.5136 0.3490 0.1405 0.1573 0.2509 0.4581 0.4733 0.1894 0.1388 0.1896 0.3318 0.5140 0.3906 0.1889 0.3906 0.5140 0.3318 0.1896 0.1388 0.1894 0.4733 0.4581 0.2509 0.1573 0.1405 0.3490 0.5136 0.3468 0.1958 0.1401 0.1752 0.4627 0.4729 0.2607 0.1609 0.1390 0.3274 0.5115 0.3613 0.2021 0.1417 0.1653 0.4508 0.4860 0.2711 0.1649 0.1379 0.3019 0.5076 0.3801 0.2113 0.1445 0.1548 0.4270 0.5045 0.2954 0.1757 0.1372 0.2298 0.4878 0.4385 0.2431 0.1559 0.1489
0.1626 0.2469 0.4450 0.4847 0.2218 0.1373 0.1769 0.2977 0.5054 0.4261 0.1548 0.1444 0.2104 0.3775 0.5084 0.3079 0.1382 0.1636 0.2674 0.4814 0.4556 0.1689 0.1410 0.1995 0.3552 0.5125 0.3365 0.1396 0.1594 0.2566 0.4669 0.4672 0.1805 0.1395 0.1932 0.3408 0.5140 0.3577 0.1412 0.1559 0.2470 0.4517 0.4773 0.1967 0.1383 0.1873 0.3267 0.5140 0.3819 0.1457 0.1365 0.1457 0.3819 0.5140 0.3267 0.1873 0.1383 0.1967 0.4773 0.4517 0.2470 0.1559 0.1412 0.3577 0.5140 0.3408 0.1932 0.1395 0.1805 0.4672 0.4669 0.2566 0.1594 0.1396 0.3365 0.5125 0.3552 0.1995 0.1410 0.1689 0.4556 0.4814 0.2674 0.1636 0.1382 0.3079 0.5084 0.3775 0.2104 0.1444 0.1548 0.4261 0.5054 0.2977 0.1769 0.1373 0.2218 0.4847 0.4450 0.2469 0.1626
0.2516 0.4517 0.4811 0.2130 0.1374 0.1786 0.3013 0.5069 0.4233 0.1542 0.1445 0.2104 0.3766 0.5089 0.3117 0.1384 0.1627 0.2645 0.4773 0.4596 0.1726 0.1404 0.1969 0.3493 0.5133 0.3454 0.1402 0.1579 0.2525 0.4607 0.4716 0.1865 0.1390 0.1907 0.3350 0.5143 0.3661 0.1421 0.1546 0.2432 0.4452 0.4811 0.2046 0.1380 0.1850 0.3212 0.5136 0.3865 0.1450 0.1473 0.1818 0.1473 0.1450 0.3865 0.5136 0.3212 0.1850 0.1380 0.2046 0.4811 0.4452 0.2432 0.1546 0.1421 0.3661 0.5143 0.3350 0.1907 0.1390 0.1865 0.4716 0.4607 0.2525 0.1579 0.1402 0.3454 0.5133 0.3493 0.1969 0.1404 0.1726 0.4596 0.4773 0.2645 0.1627 0.1384 0.3117 0.5089 0.3766 0.2104 0.1445 0.1542 0.4233 0.5069 0.3013 0.1786 0.1374 0.2130 0.4811 0.4517 0.2516
0.4530 0.4773 0.2045 0.1377 0.1806 0.3058 0.5087 0.4189 0.1530 0.1449 0.2113 0.3775 0.5089 0.3130 0.1385 0.1620 0.2624 0.4739 0.4629 0.1762 0.1399 0.1947 0.3439 0.5138 0.3538 0.1409 0.1565 0.2486 0.4544 0.4757 0.1934 0.1385 0.1883 0.3293 0.5142 0.3742 0.1430 0.1533 0.2395 0.4385 0.4847 0.2131 0.1377 0.1827 0.3159 0.5129 0.3932 0.1459 0.1495 0.2207 0.3146 0.2207 0.1495 0.1459 0.3932 0.5129 0.3159 0.1827 0.1377 0.2131 0.4847 0.4385 0.2395 0.1533 0.1430 0.3742 0.5142 0.3293 0.1883 0.1385 0.1934 0.4757 0.4544 0.2486 0.1565 0.1409 0.3538 0.5138 0.3439 0.1947 0.1399 0.1762 0.4629 0.4739 0.2624 0.1620 0.1385 0.3130 0.5089 0.3775 0.2113 0.1449 0.1530 0.4189 0.5087 0.3058 0.1806 0.1377 0.2045 0.4773 0.4530
0.4749 0.1965 0.1380 0.1828 0.3109 0.5104 0.4133 0.1516 0.1455 0.2129 0.3801 0.5084 0.3117 0.1385 0.1618 0.2613 0.4717 0.4651 0.1792 0.1395 0.1929 0.3393 0.5142 0.3613 0.1416 0.1553 0.2449 0.4481 0.4795 0.2010 0.1381 0.1860 0.3237 0.5139 0.3821 0.1441 0.1521 0.2359 0.4318 0.4880 0.2222 0.1374 0.1805 0.3106 0.5117 0.4004 0.1471 0.1490 0.2253 0.3979 0.5104 0.3979 0.2253 0.1490 0.1471 0.4004 0.5117 0.3106 0.1805 0.1374 0.2222 0.4880 0.4318 0.2359 0.1521 0.1441 0.3821 0.5139 0.3237 0.1860 0.1381 0.2010 0.4795 0.4481 0.2449 0.1553 0.1416 0.3613 0.5142 0.3393 0.1929 0.1395 0.1792 0.4651 0.4717 0.2613 0.1618 0.1385 0.3117 0.5084 0.3801 0.2129 0.1455 0.1516 0.4133 0.5104 0.3109 0.1828 0.1380 0.1965 0.4749
0.1965 0.1384 0.1851 0.3162 0.5118 0.4068 0.1500 0.1463 0.2152 0.3843 0.5076 0.3079 0.1384 0.1620 0.2613 0.4709 0.4662 0.1813 0.1393 0.1915 0.3355 0.5143 0.3678 0.1424 0.1541 0.2415 0.4419 0.4830 0.2090 0.1378 0.1838 0.3183 0.5133 0.3897 0.1452 0.1509 0.2323 0.4251 0.4911 0.2317 0.1373 0.1784 0.3054 0.5103 0.4073 0.1485 0.1481 0.2235 0.4047 0.5028 0.4068 0.5028 0.4047 0.2235 0.1481 0.1485 0.4073 0.5103 0.3054 0.1784 0.1373 0.2317 0.4911 0.4251 0.2323 0.1509 0.1452 0.3897 0.5133 0.3183 0.1838 0.1378 0.2090 0.4830 0.4419 0.2415 0.1541 0.1424 0.3678 0.5143 0.3355 0.1915 0.1393 0.1813 0.4662 0.4709 0.2613 0.1620 0.1384 0.3079 0.5076 0.3843 0.2152 0.1463 0.1500 0.4068 0.5118 0.3162 0.1851 0.1384 0.1965
0.1464 0.1874 0.3216 0.5129 0.3997 0.1484 0.1472 0.2180 0.3897 0.5063 0.3019 0.1382 0.1627 0.2624 0.4717 0.4662 0.1820 0.1391 0.1906 0.3329 0.5143 0.3730 0.1431 0.1531 0.2385 0.4361 0.4861 0.2173 0.1376 0.1816 0.3131 0.5123 0.3969 0.1465 0.1497 0.2289 0.4183 0.4941 0.2414 0.1372 0.1764 0.3003 0.5084 0.4141 0.1501 0.1471 0.2206 0.4009 0.5016 0.2931 0.1474 0.2931 0.5016 0.4009 0.2206 0.1471 0.1501 0.4141 0.5084 0.3003 0.1764 0.1372 0.2414 0.4941 0.4183 0.2289 0.1497 0.1465 0.3969 0.5123 0.3131 0.1816 0.1376 0.2173 0.4861 0.4361 0.2385 0.1531 0.1431 0.3730 0.5143 0.3329 0.1906 0.1391 0.1820 0.4662 0.4717 0.2624 0.1627 0.1382 0.3019 0.5063 0.3897 0.2180 0.1472 0.1484 0.3997 0.5129 0.3216 0.1874 0.1464
0.1932 0.3272 0.5137 0.3924 0.1470 0.1483 0.2211 0.3959 0.5046 0.2940 0.1379 0.1636 0.2645 0.4739 0.4651 0.1813 0.1391 0.1903 0.3315 0.5142 0.3766 0.1436 0.1523 0.2360 0.4310 0.4888 0.2253 0.1374 0.1796 0.3082 0.5111 0.4038 0.1478 0.1487 0.2256 0.4116 0.4969 0.2514 0.1371 0.1744 0.2954 0.5060 0.4205 0.1519 0.1461 0.2175 0.3949 0.5030 0.2816 0.1369 0.1439 0.1369 0.2816 0.5030 0.3949 0.2175 0.1461 0.1519 0.4205 0.5060 0.2954 0.1744 0.1371 0.2514 0.4969 0.4116 0.2256 0.1487 0.1478 0.4038 0.5111 0.3082 0.1796 0.1374 0.2253 0.4888 0.4310 0.2360 0.1523 0.1436 0.3766 0.5142 0.3315 0.1903 0.1391 0.1813 0.4651 0.4739 0.2645 0.1636 0.1379 0.2940 0.5046 0.3959 0.2211 0.1483 0.1470 0.3924 0.5137 0.3272 0.1932
0.3306 0.5142 0.3849 0.1456 0.1493 0.2243 0.4025 0.5026 0.2848 0.1377 0.1649 0.2674 0.4773 0.4629 0.1792 0.1393 0.1906 0.3315 0.5142 0.3785 0.1440 0.1518 0.2341 0.4268 0.4909 0.2324 0.1372 0.1778 0.3036 0.5096 0.4102 0.1492 0.1477 0.2224 0.4051 0.4994 0.2612 0.1371 0.1724 0.2906 0.5032 0.4268 0.1539 0.1452 0.2144 0.3884 0.5050 0.2875 0.1374 0.1621 0.2113 0.1621 0.1374 0.2875 0.5050 0.3884 0.2144 0.1452 0.1539 0.4268 0.5032 0.2906 0.1724 0.1371 0.2612 0.4994 0.4051 0.2224 0.1477 0.1492 0.4102 0.5096 0.3036 0.1778 0.1372 0.2324 0.4909 0.4268 0.2341 0.1518 0.1440 0.3785 0.5142 0.3315 0.1906 0.1393 0.1792 0.4629 0.4773 0.2674 0.1649 0.1377 0.2848 0.5026 0.4025 0.2243 0.1493 0.1456 0.3849 0.5142 0.3306
0.5131 0.3770 0.1444 0.1505 0.2277 0.4093 0.5002 0.2748 0.1374 0.1665 0.2711 0.4814 0.4596 0.1762 0.1395 0.1915 0.3329 0.5142 0.3785 0.1441 0.1515 0.2329 0.4239 0.4925 0.2384 0.1372 0.1763 0.2996 0.5079 0.4161 0.1508 0.1467 0.2193 0.3987 0.5016 0.2710 0.1372 0.1706 0.2859 0.5000 0.4327 0.1561 0.1443 0.2114 0.3819 0.5068 0.2965 0.1377 0.1650 0.2624 0.3821 0.2624 0.1650 0.1377 0.2965 0.5068 0.3819 0.2114 0.1443 0.1561 0.4327 0.5000 0.2859 0.1706 0.1372 0.2710 0.5016 0.3987 0.2193 0.1467 0.1508 0.4161 0.5079 0.2996 0.1763 0.1372 0.2384 0.4925 0.4239 0.2329 0.1515 0.1441 0.3785 0.5142 0.3329 0.1915 0.1395 0.1762 0.4596 0.4814 0.2711 0.1665 0.1374 0.2748 0.5002 0.4093 0.2277 0.1505 0.1444 0.3770 0.5131
0.3725 0.1434 0.1517 0.2312 0.4161 0.4977 0.2647 0.1373 0.1682 0.2753 0.4860 0.4556 0.1726 0.1399 0.1929 0.3355 0.5143 0.3766 0.1440 0.1515 0.2325 0.4224 0.4935 0.2426 0.1371 0.1751 0.2963 0.5061 0.4211 0.1523 0.1459 0.2165 0.3925 0.5037 0.2806 0.1374 0.1689 0.2814 0.4964 0.4384 0.1584 0.1435 0.2085 0.3755 0.5085 0.3061 0.1380 0.1642 0.2677 0.4704 0.5061 0.4704 0.2677 0.1642 0.1380 0.3061 0.5085 0.3755 0.2085 0.1435 0.1584 0.4384 0.4964 0.2814 0.1689 0.1374 0.2806 0.5037 0.3925 0.2165 0.1459 0.1523 0.4211 0.5061 0.2963 0.1751 0.1371 0.2426 0.4935 0.4224 0.2325 0.1515 0.1440 0.3766 0.5143 0.3355 0.1929 0.1399 0.1726 0.4556 0.4860 0.2753 0.1682 0.1373 0.2647 0.4977 0.4161 0.2312 0.1517 0.1434 0.3725
0.1508 0.1529 0.2347 0.4229 0.4950 0.2545 0.1372 0.1700 0.2798 0.4907 0.4508 0.1689 0.1404 0.1947 0.3393 0.5143 0.3730 0.1436 0.1518 0.2329 0.4224 0.4938 0.2448 0.1371 0.1743 0.2938 0.5045 0.4253 0.1537 0.1452 0.2140 0.3868 0.5056 0.2899 0.1376 0.1672 0.2771 0.4924 0.4437 0.1611 0.1427 0.2058 0.3693 0.5099 0.3155 0.1384 0.1628 0.2653 0.4766 0.4680 0.3163 0.4680 0.4766 0.2653 0.1628 0.1384 0.3155 0.5099 0.3693 0.2058 0.1427 0.1611 0.4437 0.4924 0.2771 0.1672 0.1376 0.2899 0.5056 0.3868 0.2140 0.1452 0.1537 0.4253 0.5045 0.2938 0.1743 0.1371 0.2448 0.4938 0.4224 0.2329 0.1518 0.1436 0.3730 0.5143 0.3393 0.1947 0.1404 0.1689 0.4508 0.4907 0.2798 0.1700 0.1372 0.2545 0.4950 0.4229 0.2347 0.1529 0.1508
0.1598 0.2383 0.4296 0.4921 0.2444 0.1371 0.1719 0.2845 0.4951 0.4456 0.1653 0.1410 0.1969 0.3439 0.5142 0.3678 0.1431 0.1523 0.2341 0.4239 0.4935 0.2448 0.1371 0.1738 0.2922 0.5033 0.4285 0.1550 0.1446 0.2118 0.3818 0.5071 0.2985 0.1378 0.1656 0.2729 0.4880 0.4488 0.1640 0.1420 0.2031 0.3634 0.5112 0.3246 0.1389 0.1613 0.2615 0.4735 0.4641 0.1891 0.1363 0.1891 0.4641 0.4735 0.2615 0.1613 0.1389 0.3246 0.5112 0.3634 0.2031 0.1420 0.1640 0.4488 0.4880 0.2729 0.1656 0.1378 0.2985 0.5071 0.3818 0.2118 0.1446 0.1550 0.4285 0.5033 0.2922 0.1738 0.1371 0.2448 0.4935 0.4239 0.2341 0.1523 0.1431 0.3678 0.5142 0.3439 0.1969 0.1410 0.1653 0.4456 0.4951 0.2845 0.1719 0.1371 0.2444 0.4921 0.4296 0.2383 0.1598
0.2431 0.4365 0.4890 0.2346 0.1371 0.1738 0.2892 0.4990 0.4400 0.1620 0.1417 0.1995 0.3493 0.5138 0.3613 0.1424 0.1531 0.2360 0.4268 0.4925 0.2426 0.1371 0.1738 0.2917 0.5026 0.4304 0.1559 0.1441 0.2101 0.3777 0.5082 0.3059 0.1381 0.1642 0.2690 0.4834 0.4536 0.1674 0.1413 0.2005 0.3575 0.5122 0.3334 0.1394 0.1598 0.2576 0.4683 0.4667 0.1821 0.1373 0.1570 0.1373 0.1821 0.4667 0.4683 0.2576 0.1598 0.1394 0.3334 0.5122 0.3575 0.2005 0.1413 0.1674 0.4536 0.4834 0.2690 0.1642 0.1381 0.3059 0.5082 0.3777 0.2101 0.1441 0.1559 0.4304 0.5026 0.2917 0.1738 0.1371 0.2426 0.4925 0.4268 0.2360 0.1531 0.1424 0.3613 0.5138 0.3493 0.1995 0.1417 0.1620 0.4400 0.4990 0.2892 0.1738 0.1371 0.2346 0.4890 0.4365 0.2431
0.4381 0.4857 0.2249 0.1372 0.1758 0.2941 0.5024 0.4343 0.1592 0.1425 0.2021 0.3552 0.5133 0.3538 0.1416 0.1541 0.2385 0.4310 0.4909 0.2384 0.1371 0.1743 0.2922 0.5026 0.4311 0.1564 0.1439 0.2089 0.3744 0.5091 0.3120 0.1384 0.1629 0.2655 0.4789 0.4580 0.1710 0.1406 0.1980 0.3517 0.5130 0.3420 0.1400 0.1584 0.2538 0.4625 0.4705 0.1857 0.1386 0.1837 0.2508 0.1837 0.1386 0.1857 0.4705 0.4625 0.2538 0.1584 0.1400 0.3420 0.5130 0.3517 0.1980 0.1406 0.1710 0.4580 0.4789 0.2655 0.1629 0.1384 0.3120 0.5091 0.3744 0.2089 0.1439 0.1564 0.4311 0.5026 0.2922 0.1743 0.1371 0.2384 0.4909 0.4310 0.2385 0.1541 0.1416 0.3538 0.5133 0.3552 0.2021 0.1425 0.1592 0.4343 0.5024 0.2941 0.1758 0.1372 0.2249 0.4857 0.4381
0.4835 0.2156 0.1374 0.1779 0.2990 0.5054 0.4283 0.1567 0.1432 0.2049 0.3613 0.5125 0.3454 0.1409 0.1553 0.2415 0.4361 0.4888 0.2324 0.1372 0.1751 0.2938 0.5033 0.4304 0.1564 0.1438 0.2083 0.3724 0.5097 0.3166 0.1386 0.1619 0.2627 0.4748 0.4618 0.1748 0.1401 0.1956 0.3461 0.5137 0.3504 0.1406 0.1571 0.2501 0.4566 0.4744 0.1916 0.1385 0.1874 0.3162 0.4569 0.3162 0.1874 0.1385 0.1916 0.4744 0.4566 0.2501 0.1571 0.1406 0.3504 0.5137 0.3461 0.1956 0.1401 0.1748 0.4618 0.4748 0.2627 0.1619 0.1386 0.3166 0.5097 0.3724 0.2083 0.1438 0.1564 0.4304 0.5033 0.2938 0.1751 0.1372 0.2324 0.4888 0.4361 0.2415 0.1553 0.1409 0.3454 0.5125 0.3613 0.2049 0.1432 0.1567 0.4283 0.5054 0.2990 0.1779 0.1374 0.2156 0.4835
0.2136 0.1376 0.1800 0.3041 0.5078 0.4221 0.1544 0.1441 0.2078 0.3676 0.5115 0.3365 0.1402 0.1565 0.2449 0.4419 0.4861 0.2253 0.1372 0.1763 0.2963 0.5045 0.4285 0.1559 0.1439 0.2083 0.3717 0.5100 0.3196 0.1388 0.1612 0.2603 0.4711 0.4649 0.1785 0.1396 0.1935 0.3409 0.5141 0.3584 0.1413 0.1558 0.2464 0.4505 0.4781 0.1985 0.1382 0.1863 0.3222 0.5109 0.4764 0.5109 0.3222 0.1863 0.1382 0.1985 0.4781 0.4505 0.2464 0.1558 0.1413 0.3584 0.5141 0.3409 0.1935 0.1396 0.1785 0.4649 0.4711 0.2603 0.1612 0.1388 0.3196 0.5100 0.3717 0.2083 0.1439 0.1559 0.4285 0.5045 0.2963 0.1763 0.1372 0.2253 0.4861 0.4419 0.2449 0.1565 0.1402 0.3365 0.5115 0.3676 0.2078 0.1441 0.1544 0.4221 0.5078 0.3041 0.1800 0.1376 0.2136
0.1457 0.1822 0.3093 0.5098 0.4157 0.1524 0.1450 0.2107 0.3740 0.5103 0.3274 0.1396 0.1579 0.2486 0.4481 0.4830 0.2173 0.1374 0.1778 0.2996 0.5061 0.4253 0.1550 0.1441 0.2089 0.3724 0.5100 0.3206 0.1389 0.1607 0.2587 0.4682 0.4674 0.1820 0.1393 0.1917 0.3365 0.5142 0.3657 0.1421 0.1545 0.2429 0.4443 0.4817 0.2061 0.1379 0.1844 0.3192 0.5128 0.4068 0.2073 0.4068 0.5128 0.3192 0.1844 0.1379 0.2061 0.4817 0.4443 0.2429 0.1545 0.1421 0.3657 0.5142 0.3365 0.1917 0.1393 0.1820 0.4674 0.4682 0.2587 0.1607 0.1389 0.3206 0.5100 0.3724 0.2089 0.1441 0.1550 0.4253 0.5061 0.2996 0.1778 0.1374 0.2173 0.4830 0.4481 0.2486 0.1579 0.1396 0.3274 0.5103 0.3740 0.2107 0.1450 0.1524 0.4157 0.5098 0.3093 0.1822 0.1457
0.1881 0.3146 0.5114 0.4090 0.1506 0.1459 0.2137 0.3805 0.5088 0.3179 0.1390 0.1594 0.2525 0.4544 0.4795 0.2090 0.1376 0.1796 0.3036 0.5079 0.4211 0.1537 0.1446 0.2101 0.3744 0.5097 0.3196 0.1389 0.1605 0.2578 0.4664 0.4691 0.1849 0.1390 0.1902 0.3327 0.5143 0.3719 0.1429 0.1534 0.2395 0.4382 0.4849 0.2141 0.1376 0.1823 0.3146 0.5125 0.3987 0.1492 0.1358 0.1492 0.3987 0.5125 0.3146 0.1823 0.1376 0.2141 0.4849 0.4382 0.2395 0.1534 0.1429 0.3719 0.5143 0.3327 0.1902 0.1390 0.1849 0.4691 0.4664 0.2578 0.1605 0.1389 0.3196 0.5097 0.3744 0.2101 0.1446 0.1537 0.4211 0.5079 0.3036 0.1796 0.1376 0.2090 0.4795 0.4544 0.2525 0.1594 0.1390 0.3179 0.5088 0.3805 0.2137 0.1459 0.1506 0.4090 0.5114 0.3146 0.1881
0.3181 0.5127 0.4020 0.1489 0.1469 0.2168 0.3870 0.5072 0.3083 0.1385 0.1609 0.2566 0.4607 0.4757 0.2010 0.1378 0.1816 0.3082 0.5096 0.4161 0.1523 0.1452 0.2118 0.3777 0.5091 0.3166 0.1388 0.1607 0.2578 0.4658 0.4700 0.1868 0.1388 0.1891 0.3296 0.5142 0.3772 0.1436 0.1525 0.2366 0.4325 0.4879 0.2224 0.1374 0.1803 0.3099 0.5115 0.4025 0.1480 0.1451 0.1769 0.1451 0.1480 0.4025 0.5115 0.3099 0.1803 0.1374 0.2224 0.4879 0.4325 0.2366 0.1525 0.1436 0.3772 0.5142 0.3296 0.1891 0.1388 0.1868 0.4700 0.4658 0.2578 0.1607 0.1388 0.3166 0.5091 0.3777 0.2118 0.1452 0.1523 0.4161 0.5096 0.3082 0.1816 0.1378 0.2010 0.4757 0.4607 0.2566 0.1609 0.1385 0.3083 0.5072 0.3870 0.2168 0.1469 0.1489 0.4020 0.5127 0.3181
0.5118 0.3948 0.1474 0.1479 0.2200 0.3936 0.5054 0.2984 0.1381 0.1625 0.2607 0.4669 0.4716 0.1934 0.1381 0.1838 0.3131 0.5111 0.4102 0.1508 0.1459 0.2140 0.3818 0.5082 0.3120 0.1386 0.1612 0.2587 0.4664 0.4700 0.1875 0.1387 0.1884 0.3274 0.5140 0.3813 0.1442 0.1517 0.2341 0.4274 0.4905 0.2304 0.1373 0.1784 0.3052 0.5101 0.4083 0.1489 0.1472 0.2137 0.3028 0.2137 0.1472 0.1489 0.4083 0.5101 0.3052 0.1784 0.1373 0.2304 0.4905 0.4274 0.2341 0.1517 0.1442 0.3813 0.5140 0.3274 0.1884 0.1387 0.1875 0.4700 0.4664 0.2587 0.1612 0.1386 0.3120 0.5082 0.3818 0.2140 0.1459 0.1508 0.4102 0.5111 0.3131 0.1838 0.1381 0.1934 0.4716 0.4669 0.2607 0.1625 0.1381 0.2984 0.5054 0.3936 0.2200 0.1479 0.1474 0.3948 0.5118
0.3906 0.1460 0.1490 0.2232 0.4002 0.5033 0.2885 0.1378 0.1641 0.2649 0.4729 0.4672 0.1865 0.1385 0.1860 0.3183 0.5123 0.4038 0.1492 0.1467 0.2165 0.3868 0.5071 0.3059 0.1384 0.1619 0.2603 0.4682 0.4691 0.1868 0.1387 0.1881 0.3263 0.5139 0.3842 0.1447 0.1511 0.2320 0.4231 0.4926 0.2377 0.1372 0.1767 0.3008 0.5084 0.4142 0.1503 0.1468 0.2184 0.3837 0.5071 0.3837 0.2184 0.1468 0.1503 0.4142 0.5084 0.3008 0.1767 0.1372 0.2377 0.4926 0.4231 0.2320 0.1511 0.1447 0.3842 0.5139 0.3263 0.1881 0.1387 0.1868 0.4691 0.4682 0.2603 0.1619 0.1384 0.3059 0.5071 0.3868 0.2165 0.1467 0.1492 0.4038 0.5123 0.3183 0.1860 0.1385 0.1865 0.4672 0.4729 0.2649 0.1641 0.1378 0.2885 0.5033 0.4002 0.2232 0.1490 0.1460 0.3906
0.1531 0.1501 0.2266 0.4069 0.5011 0.2784 0.1375 0.1658 0.2692 0.4786 0.4627 0.1805 0.1390 0.1883 0.3237 0.5133 0.3969 0.1478 0.1477 0.2193 0.3925 0.5056 0.2985 0.1381 0.1629 0.2627 0.4711 0.4674 0.1849 0.1388 0.1884 0.3263 0.5139 0.3858 0.1451 0.1506 0.2305 0.4196 0.4943 0.2439 0.1371 0.1752 0.2969 0.5066 0.4197 0.1518 0.1461 0.2170 0.3908 0.5067 0.4206 0.5067 0.3908 0.2170 0.1461 0.1518 0.4197 0.5066 0.2969 0.1752 0.1371 0.2439 0.4943 0.4196 0.2305 0.1506 0.1451 0.3858 0.5139 0.3263 0.1884 0.1388 0.1849 0.4674 0.4711 0.2627 0.1629 0.1381 0.2985 0.5056 0.3925 0.2193 0.1477 0.1478 0.3969 0.5133 0.3237 0.1883 0.1390 0.1805 0.4627 0.4786 0.2692 0.1658 0.1375 0.2784 0.5011 0.4069 0.2266 0.1501 0.1531
0.1571 0.2300 0.4137 0.4986 0.2682 0.1373 0.1675 0.2736 0.4839 0.4579 0.1752 0.1395 0.1907 0.3293 0.5139 0.3897 0.1465 0.1487 0.2224 0.3987 0.5037 0.2899 0.1378 0.1642 0.2655 0.4748 0.4649 0.1820 0.1390 0.1891 0.3274 0.5139 0.3858 0.1452 0.1504 0.2295 0.4171 0.4955 0.2490 0.1371 0.1740 0.2936 0.5046 0.4246 0.1534 0.1453 0.2146 0.3877 0.5058 0.3134 0.1515 0.3134 0.5058 0.3877 0.2146 0.1453 0.1534 0.4246 0.5046 0.2936 0.1740 0.1371 0.2490 0.4955 0.4171 0.2295 0.1504 0.1452 0.3858 0.5139 0.3274 0.1891 0.1390 0.1820 0.4649 0.4748 0.2655 0.1642 0.1378 0.2899 0.5037 0.3987 0.2224 0.1487 0.1465 0.3897 0.5139 0.3293 0.1907 0.1395 0.1752 0.4579 0.4839 0.2736 0.1675 0.1373 0.2682 0.4986 0.4137 0.2300 0.1571
0.2349 0.4205 0.4960 0.2581 0.1372 0.1693 0.2781 0.4889 0.4529 0.1706 0.1401 0.1932 0.3350 0.5142 0.3821 0.1452 0.1497 0.2256 0.4051 0.5016 0.2806 0.1376 0.1656 0.2690 0.4789 0.4618 0.1785 0.1393 0.1902 0.3296 0.5140 0.3842 0.1451 0.1504 0.2291 0.4158 0.4963 0.2527 0.1371 0.1730 0.2908 0.5028 0.4287 0.1549 0.1446 0.2122 0.3829 0.5068 0.3012 0.1378 0.1421 0.1378 0.3012 0.5068 0.3829 0.2122 0.1446 0.1549 0.4287 0.5028 0.2908 0.1730 0.1371 0.2527 0.4963 0.4158 0.2291 0.1504 0.1451 0.3842 0.5140 0.3296 0.1902 0.1393 0.1785 0.4618 0.4789 0.2690 0.1656 0.1376 0.2806 0.5016 0.4051 0.2256 0.1497 0.1452 0.3821 0.5142 0.3350 0.1932 0.1401 0.1706 0.4529 0.4889 0.2781 0.1693 0.1372 0.2581 0.4960 0.4205 0.2349
0.4224 0.4932 0.2481 0.1371 0.1712 0.2827 0.4935 0.4476 0.1667 0.1407 0.1958 0.3408 0.5143 0.3742 0.1441 0.1509 0.2289 0.4116 0.4994 0.2710 0.1374 0.1672 0.2729 0.4834 0.4580 0.1748 0.1396 0.1917 0.3327 0.5142 0.3813 0.1447 0.1506 0.2295 0.4158 0.4965 0.2546 0.1371 0.1723 0.2887 0.5012 0.4322 0.1563 0.1441 0.2101 0.3781 0.5080 0.3053 0.1380 0.1590 0.2053 0.1590 0.1380 0.3053 0.5080 0.3781 0.2101 0.1441 0.1563 0.4322 0.5012 0.2887 0.1723 0.1371 0.2546 0.4965 0.4158 0.2295 0.1506 0.1447 0.3813 0.5142 0.3327 0.1917 0.1396 0.1748 0.4580 0.4834 0.2729 0.1672 0.1374 0.2710 0.4994 0.4116 0.2289 0.1509 0.1441 0.3742 0.5143 0.3408 0.1958 0.1407 0.1667 0.4476 0.4935 0.2827 0.1712 0.1371 0.2481 0.4932 0.4224
0.4912 0.2382 0.1371 0.1731 0.2874 0.4976 0.4422 0.1633 0.1414 0.1984 0.3468 0.5140 0.3661 0.1430 0.1521 0.2323 0.4183 0.4969 0.2612 0.1372 0.1689 0.2771 0.4880 0.4536 0.1710 0.1401 0.1935 0.3365 0.5143 0.3772 0.1442 0.1511 0.2305 0.4171 0.4963 0.2546 0.1371 0.1719 0.2874 0.4999 0.4347 0.1575 0.1436 0.2083 0.3739 0.5091 0.3117 0.1383 0.1621 0.2546 0.3697 0.2546 0.1621 0.1383 0.3117 0.5091 0.3739 0.2083 0.1436 0.1575 0.4347 0.4999 0.2874 0.1719 0.1371 0.2546 0.4963 0.4171 0.2305 0.1511 0.1442 0.3772 0.5143 0.3365 0.1935 0.1401 0.1710 0.4536 0.4880 0.2771 0.1689 0.1372 0.2612 0.4969 0.4183 0.2323 0.1521 0.1430 0.3661 0.5140 0.3468 0.1984 0.1414 0.1633 0.4422 0.4976 0.2874 0.1731 0.1371 0.2382 0.4912
0.2346 0.1372 0.1750 0.2922 0.5012 0.4366 0.1603 0.1422 0.2011 0.3528 0.5136 0.3577 0.1421 0.1533 0.2359 0.4251 0.4941 0.2514 0.1371 0.1706 0.2814 0.4924 0.4488 0.1674 0.1406 0.1956 0.3409 0.5142 0.3719 0.1436 0.1517 0.2320 0.4196 0.4955 0.2527 0.1371 0.1719 0.2869 0.4993 0.4363 0.1584 0.1432 0.2069 0.3704 0.5100 0.3178 0.1386 0.1618 0.2606 0.4598 0.5087 0.4598 0.2606 0.1618 0.1386 0.3178 0.5100 0.3704 0.2069 0.1432 0.1584 0.4363 0.4993 0.2869 0.1719 0.1371 0.2527 0.4955 0.4196 0.2320 0.1517 0.1436 0.3719 0.5142 0.3409 0.1956 0.1406 0.1674 0.4488 0.4924 0.2814 0.1706 0.1371 0.2514 0.4941 0.4251 0.2359 0.1533 0.1421 0.3577 0.5136 0.3528 0.2011 0.1422 0.1603 0.4366 0.5012 0.2922 0.1750 0.1372 0.2346
0.1453 0.1771 0.2971 0.5043 0.4307 0.1576 0.1429 0.2038 0.3589 0.5129 0.3490 0.1412 0.1546 0.2395 0.4318 0.4911 0.2414 0.1371 0.1724 0.2859 0.4964 0.4437 0.1640 0.1413 0.1980 0.3461 0.5141 0.3657 0.1429 0.1525 0.2341 0.4231 0.4943 0.2490 0.1371 0.1723 0.2874 0.4993 0.4369 0.1589 0.1430 0.2059 0.3677 0.5106 0.3229 0.1389 0.1609 0.2596 0.4679 0.4747 0.3319 0.4747 0.4679 0.2596 0.1609 0.1389 0.3229 0.5106 0.3677 0.2059 0.1430 0.1589 0.4369 0.4993 0.2874 0.1723 0.1371 0.2490 0.4943 0.4231 0.2341 0.1525 0.1429 0.3657 0.5141 0.3461 0.1980 0.1413 0.1640 0.4437 0.4964 0.2859 0.1724 0.1371 0.2414 0.4911 0.4318 0.2395 0.1546 0.1412 0.3490 0.5129 0.3589 0.2038 0.1429 0.1576 0.4307 0.5043 0.2971 0.1771 0.1453
0.1831 0.3022 0.5069 0.4246 0.1552 0.1438 0.2067 0.3651 0.5119 0.3401 0.1405 0.1559 0.2432 0.4385 0.4880 0.2317 0.1372 0.1744 0.2906 0.5000 0.4384 0.1611 0.1420 0.2005 0.3517 0.5137 0.3584 0.1421 0.1534 0.2366 0.4274 0.4926 0.2439 0.1371 0.1730 0.2887 0.4999 0.4363 0.1589 0.1429 0.2054 0.3660 0.5111 0.3268 0.1391 0.1602 0.2576 0.4666 0.4699 0.2000 0.1371 0.2000 0.4699 0.4666 0.2576 0.1602 0.1391 0.3268 0.5111 0.3660 0.2054 0.1429 0.1589 0.4363 0.4999 0.2887 0.1730 0.1371 0.2439 0.4926 0.4274 0.2366 0.1534 0.1421 0.3584 0.5137 0.3517 0.2005 0.1420 0.1611 0.4384 0.5000 0.2906 0.1744 0.1372 0.2317 0.4880 0.4385 0.2432 0.1559 0.1405 0.3401 0.5119 0.3651 0.2067 0.1438 0.1552 0.4246 0.5069 0.3022 0.1831
0.3059 0.5092 0.4182 0.1531 0.1446 0.2096 0.3714 0.5108 0.3310 0.1398 0.1573 0.2470 0.4452 0.4847 0.2222 0.1373 0.1764 0.2954 0.5032 0.4327 0.1584 0.1427 0.2031 0.3575 0.5130 0.3504 0.1413 0.1545 0.2395 0.4325 0.4905 0.2377 0.1371 0.1740 0.2908 0.5012 0.4347 0.1584 0.1430 0.2054 0.3654 0.5113 0.3292 0.1393 0.1595 0.2558 0.4640 0.4707 0.1893 0.1369 0.1551 0.1369 0.1893 0.4707 0.4640 0.2558 0.1595 0.1393 0.3292 0.5113 0.3654 0.2054 0.1430 0.1584 0.4347 0.5012 0.2908 0.1740 0.1371 0.2377 0.4905 0.4325 0.2395 0.1545 0.1413 0.3504 0.5130 0.3575 0.2031 0.1427 0.1584 0.4327 0.5032 0.2954 0.1764 0.1373 0.2222 0.4847 0.4452 0.2470 0.1573 0.1398 0.3310 0.5108 0.3714 0.2096 0.1446 0.1531 0.4182 0.5092 0.3059
0.5085 0.4116 0.1512 0.1455 0.2126 0.3779 0.5094 0.3216 0.1392 0.1588 0.2509 0.4517 0.4811 0.2131 0.1374 0.1784 0.3003 0.5060 0.4268 0.1561 0.1435 0.2058 0.3634 0.5122 0.3420 0.1406 0.1558 0.2429 0.4382 0.4879 0.2304 0.1372 0.1752 0.2936 0.5028 0.4322 0.1575 0.1432 0.2059 0.3660 0.5113 0.3300 0.1394 0.1592 0.2544 0.4616 0.4723 0.1901 0.1383 0.1813 0.2462 0.1813 0.1383 0.1901 0.4723 0.4616 0.2544 0.1592 0.1394 0.3300 0.5113 0.3660 0.2059 0.1432 0.1575 0.4322 0.5028 0.2936 0.1752 0.1372 0.2304 0.4879 0.4382 0.2429 0.1558 0.1406 0.3420 0.5122 0.3634 0.2058 0.1435 0.1561 0.4268 0.5060 0.3003 0.1784 0.1374 0.2131 0.4811 0.4517 0.2509 0.1588 0.1392 0.3216 0.5094 0.3779 0.2126 0.1455 0.1512 0.4116 0.5085
0.4077 0.1495 0.1465 0.2156 0.3844 0.5079 0.3121 0.1387 0.1603 0.2549 0.4581 0.4773 0.2046 0.1377 0.1805 0.3054 0.5084 0.4205 0.1539 0.1443 0.2085 0.3693 0.5112 0.3334 0.1400 0.1571 0.2464 0.4443 0.4849 0.2224 0.1373 0.1767 0.2969 0.5046 0.4287 0.1563 0.1436 0.2069 0.3677 0.5111 0.3292 0.1394 0.1590 0.2537 0.4600 0.4736 0.1923 0.1384 0.1860 0.3118 0.4510 0.3118 0.1860 0.1384 0.1923 0.4736 0.4600 0.2537 0.1590 0.1394 0.3292 0.5111 0.3677 0.2069 0.1436 0.1563 0.4287 0.5046 0.2969 0.1767 0.1373 0.2224 0.4849 0.4443 0.2464 0.1571 0.1400 0.3334 0.5112 0.3693 0.2085 0.1443 0.1539 0.4205 0.5084 0.3054 0.1805 0.1377 0.2046 0.4773 0.4581 0.2549 0.1603 0.1387 0.3121 0.5079 0.3844 0.2156 0.1465 0.1495 0.4077
0.1562 0.1475 0.2187 0.3910 0.5061 0.3024 0.1383 0.1618 0.2589 0.4644 0.4733 0.1967 0.1380 0.1827 0.3106 0.5103 0.4141 0.1519 0.1452 0.2114 0.3755 0.5099 0.3246 0.1394 0.1584 0.2501 0.4505 0.4817 0.2141 0.1374 0.1784 0.3008 0.5066 0.4246 0.1549 0.1441 0.2083 0.3704 0.5106 0.3268 0.1393 0.1592 0.2537 0.4595 0.4743 0.1940 0.1383 0.1862 0.3204 0.5102 0.4788 0.5102 0.3204 0.1862 0.1383 0.1940 0.4743 0.4595 0.2537 0.1592 0.1393 0.3268 0.5106 0.3704 0.2083 0.1441 0.1549 0.4246 0.5066 0.3008 0.1784 0.1374 0.2141 0.4817 0.4505 0.2501 0.1584 0.1394 0.3246 0.5099 0.3755 0.2114 0.1452 0.1519 0.4141 0.5103 0.3106 0.1827 0.1380 0.1967 0.4733 0.4644 0.2589 0.1618 0.1383 0.3024 0.5061 0.3910 0.2187 0.1475 0.1562
0.1547 0.2220 0.3976 0.5041 0.2925 0.1379 0.1634 0.2631 0.4704 0.4691 0.1894 0.1383 0.1850 0.3159 0.5117 0.4073 0.1501 0.1461 0.2144 0.3819 0.5085 0.3155 0.1389 0.1598 0.2538 0.4566 0.4781 0.2061 0.1376 0.1803 0.3052 0.5084 0.4197 0.1534 0.1446 0.2101 0.3739 0.5100 0.3229 0.1391 0.1595 0.2544 0.4600 0.4743 0.1946 0.1383 0.1859 0.3209 0.5128 0.4085 0.2106 0.4085 0.5128 0.3209 0.1859 0.1383 0.1946 0.4743 0.4600 0.2544 0.1595 0.1391 0.3229 0.5100 0.3739 0.2101 0.1446 0.1534 0.4197 0.5084 0.3052 0.1803 0.1376 0.2061 0.4781 0.4566 0.2538 0.1598 0.1389 0.3155 0.5085 0.3819 0.2144 0.1461 0.1501 0.4073 0.5117 0.3159 0.1850 0.1383 0.1894 0.4691 0.4704 0.2631 0.1634 0.1379 0.2925 0.5041 0.3976 0.2220 0.1547
0.2270 0.4043 0.5020 0.2825 0.1376 0.1651 0.2674 0.4762 0.4647 0.1831 0.1388 0.1873 0.3212 0.5129 0.4004 0.1485 0.1471 0.2175 0.3884 0.5068 0.3061 0.1384 0.1613 0.2576 0.4625 0.4744 0.1985 0.1379 0.1823 0.3099 0.5101 0.4142 0.1518 0.1453 0.2122 0.3781 0.5091 0.3178 0.1389 0.1602 0.2558 0.4616 0.4736 0.1940 0.1383 0.1857 0.3205 0.5131 0.3961 0.1490 0.1358 0.1490 0.3961 0.5131 0.3205 0.1857 0.1383 0.1940 0.4736 0.4616 0.2558 0.1602 0.1389 0.3178 0.5091 0.3781 0.2122 0.1453 0.1518 0.4142 0.5101 0.3099 0.1823 0.1379 0.1985 0.4744 0.4625 0.2576 0.1613 0.1384 0.3061 0.5068 0.3884 0.2175 0.1471 0.1485 0.4004 0.5129 0.3212 0.1873 0.1388 0.1831 0.4647 0.4762 0.2674 0.1651 0.1376 0.2825 0.5020 0.4043 0.2270
0.4063 0.4997 0.2726 0.1374 0.1667 0.2716 0.4816 0.4601 0.1775 0.1392 0.1896 0.3267 0.5136 0.3932 0.1471 0.1481 0.2206 0.3949 0.5050 0.2965 0.1380 0.1628 0.2615 0.4683 0.4705 0.1916 0.1382 0.1844 0.3146 0.5115 0.4083 0.1503 0.1461 0.2146 0.3829 0.5080 0.3117 0.1386 0.1609 0.2576 0.4640 0.4723 0.1923 0.1383 0.1859 0.3205 0.5132 0.3945 0.1469 0.1455 0.1776 0.1455 0.1469 0.3945 0.5132 0.3205 0.1859 0.1383 0.1923 0.4723 0.4640 0.2576 0.1609 0.1386 0.3117 0.5080 0.3829 0.2146 0.1461 0.1503 0.4083 0.5115 0.3146 0.1844 0.1382 0.1916 0.4705 0.4683 0.2615 0.1628 0.1380 0.2965 0.5050 0.3949 0.2206 0.1481 0.1471 0.3932 0.5136 0.3267 0.1896 0.1392 0.1775 0.4601 0.4816 0.2716 0.1667 0.1374 0.2726 0.4997 0.4063
0.4981 0.2634 0.1372 0.1683 0.2757 0.4863 0.4556 0.1731 0.1397 0.1918 0.3318 0.5140 0.3865 0.1459 0.1490 0.2235 0.4009 0.5030 0.2875 0.1377 0.1642 0.2653 0.4735 0.4667 0.1857 0.1385 0.1863 0.3192 0.5125 0.4025 0.1489 0.1468 0.2170 0.3877 0.5068 0.3053 0.1383 0.1618 0.2596 0.4666 0.4707 0.1901 0.1384 0.1862 0.3209 0.5131 0.3945 0.1467 0.1483 0.2161 0.3059 0.2161 0.1483 0.1467 0.3945 0.5131 0.3209 0.1862 0.1384 0.1901 0.4707 0.4666 0.2596 0.1618 0.1383 0.3053 0.5068 0.3877 0.2170 0.1468 0.1489 0.4025 0.5125 0.3192 0.1863 0.1385 0.1857 0.4667 0.4735 0.2653 0.1642 0.1377 0.2875 0.5030 0.4009 0.2235 0.1490 0.1459 0.3865 0.5140 0.3318 0.1918 0.1397 0.1731 0.4556 0.4863 0.2757 0.1683 0.1372 0.2634 0.4981
0.2633 0.1370 0.1692 0.2782 0.4889 0.4527 0.1704 0.1399 0.1931 0.3351 0.5140 0.3819 0.1450 0.1495 0.2253 0.4047 0.5016 0.2816 0.1374 0.1650 0.2677 0.4766 0.4641 0.1821 0.1386 0.1874 0.3222 0.5128 0.3987 0.1480 0.1472 0.2184 0.3908 0.5058 0.3012 0.1380 0.1621 0.2606 0.4679 0.4699 0.1893 0.1383 0.1860 0.3204 0.5128 0.3961 0.1469 0.1483 0.2219 0.3889 0.5081 0.3889 0.2219 0.1483 0.1469 0.3961 0.5128 0.3204 0.1860 0.1383 0.1893 0.4699 0.4679 0.2606 0.1621 0.1380 0.3012 0.5058 0.3908 0.2184 0.1472 0.1480 0.3987 0.5128 0.3222 0.1874 0.1386 0.1821 0.4641 0.4766 0.2677 0.1650 0.1374 0.2816 0.5016 0.4047 0.2253 0.1495 0.1450 0.3819 0.5140 0.3351 0.1931 0.1399 0.1704 0.4527 0.4889 0.2782 0.1692 0.1370 0.2633
0.1447 0.1660 0.2727 0.4834 0.4574 0.1751 0.1384 0.1892 0.3291 0.5128 0.3906 0.1457 0.1473 0.2207 0.3979 0.5028 0.2931 0.1369 0.1621 0.2624 0.4704 0.4680 0.1891 0.1373 0.1837 0.3162 0.5109 0.4068 0.1492 0.1451 0.2137 0.3837 0.5067 0.3134 0.1378 0.1590 0.2546 0.4598 0.4747 0.2000 0.1369 0.1813 0.3118 0.5102 0.4085 0.1490 0.1455 0.2161 0.3889 0.5067 0.4262 0.5067 0.3889 0.2161 0.1455 0.1490 0.4085 0.5102 0.3118 0.1813 0.1369 0.2000 0.4747 0.4598 0.2546 0.1590 0.1378 0.3134 0.5067 0.3837 0.2137 0.1451 0.1492 0.4068 0.5109 0.3162 0.1837 0.1373 0.1891 0.4680 0.4704 0.2624 0.1621 0.1369 0.2931 0.5028 0.3979 0.2207 0.1473 0.1457 0.3906 0.5128 0.3291 0.1892 0.1384 0.1751 0.4574 0.4834 0.2727 0.1660 0.1447
0.1526 0.2190 0.3981 0.5017 0.2934 0.1355 0.1606 0.2605 0.4711 0.4672 0.1889 0.1365 0.1818 0.3146 0.5104 0.4068 0.1474 0.1439 0.2113 0.3821 0.5061 0.3163 0.1363 0.1570 0.2508 0.4569 0.4764 0.2073 0.1358 0.1769 0.3028 0.5071 0.4206 0.1515 0.1421 0.2053 0.3697 0.5087 0.3319 0.1371 0.1551 0.2462 0.4510 0.4788 0.2106 0.1358 0.1776 0.3059 0.5081 0.4262 0.2435 0.4262 0.5081 0.3059 0.1776 0.1358 0.2106 0.4788 0.4510 0.2462 0.1551 0.1371 0.3319 0.5087 0.3697 0.2053 0.1421 0.1515 0.4206 0.5071 0.3028 0.1769 0.1358 0.2073 0.4764 0.4569 0.2508 0.1570 0.1363 0.3163 0.5061 0.3821 0.2113 0.1439 0.1474 0.4068 0.5104 0.3146 0.1818 0.1365 0.1889 0.4672 0.4711 0.2605 0.1606 0.1355 0.2934 0.5017 0.3981 0.2190 0.1526
0.1447 0.1660 0.2727 0.4834 0.4574 0.1751 0.1384 0.1892 0.3291 0.5128 0.3906 0.1457 0.1473 0.2207 0.3979 0.5028 0.2931 0.1369 0.1621 0.2624 0.4704 0.4680 0.1891 0.1373 0.1837 0.3162 0.5109 0.4068 0.1492 0.1451 0.2137 0.3837 0.5067 0.3134 0.1378 0.1590 0.2546 0.4598 0.4747 0.2000 0.1369 0.1813 0.3118 0.5102 0.4085 0.1490 0.1455 0.2161 0.3889 0.5067 0.4262 0.5067 0.3889 0.2161 0.1455 0.1490 0.4085 0.5102 0.3118 0.1813 0.1369 0.2000 0.4747 0.4598 0.2546 0.1590 0.1378 0.3134 0.5067 0.3837 0.2137 0.1451 0.1492 0.4068 0.5109 0.3162 0.1837 0.1373 0.1891 0.4680 0.4704 0.2624 0.1621 0.1369 0.2931 0.5028 0.3979 0.2207 0.1473 0.1457 0.3906 0.5128 0.3291 0.1892 0.1384 0.1751 0.4574 0.4834 0.2727 0.1660 0.1447
0.2633 0.1370 0.1692 0.2782 0.4889 0.4527 0.1704 0.1399 0.1931 0.3351 0.5140 0.3819 0.1450 0.1495 0.2253 0.4047 0.5016 0.2816 0.1374 0.1650 0.2677 0.4766 0.4641 0.1821 0.1386 0.1874 0.3222 0.5128 0.3987 0.1480 0.1472 0.2184 0.3908 0.5058 0.3012 0.1380 0.1621 0.2606 0.4679 0.4699 0.1893 0.1383 0.1860 0.3204 0.5128 0.3961 0.1469 0.1483 0.2219 0.3889 0.5081 0.3889 0.2219 0.1483 0.1469 0.3961 0.5128 0.3204 0.1860 0.1383 0.1893 0.4699 0.4679 0.2606 0.1621 0.1380 0.3012 0.5058 0.3908 0.2184 0.1472 0.1480 0.3987 0.5128 0.3222 0.1874 0.1386 0.1821 0.4641 0.4766 0.2677 0.1650 0.1374 0.2816 0.5016 0.4047 0.2253 0.1495 0.1450 0.3819 0.5140 0.3351 0.1931 0.1399 0.1704 0.4527 0.4889 0.2782 0.1692 0.1370 0.2633
0.4981 0.2634 0.1372 0.1683 0.2757 0.4863 0.4556 0.1731 0.1397 0.1918 0.3318 0.5140 0.3865 0.1459 0.1490 0.2235 0.4009 0.5030 0.2875 0.1377 0.1642 0.2653 0.4735 0.4667 0.1857 0.1385 0.1863 0.3192 0.5125 0.4025 0.1489 0.1468 0.2170 0.3877 0.5068 0.3053 0.1383 0.1618 0.2596 0.4666 0.4707 0.1901 0.1384 0.1862 0.3209 0.5131 0.3945 0.1467 0.1483 0.2161 0.3059 0.2161 0.1483 0.1467 0.3945 0.5131 0.3209 0.1862 0.1384 0.1901 0.4707 0.4666 0.2596 0.1618 0.1383 0.3053 0.5068 0.3877 0.2170 0.1468 0.1489 0.4025 0.5125 0.3192 0.1863 0.1385 0.1857 0.4667 0.4735 0.2653 0.1642 0.1377 0.2875 0.5030 0.4009 0.2235 0.1490 0.1459 0.3865 0.5140 0.3318 0.1918 0.1397 0.1731 0.4556 0.4863 0.2757 0.1683 0.1372 0.2634 0.4981
0.4063 0.4997 0.2726 0.1374 0.1667 0.2716 0.4816 0.4601 0.1775 0.1392 0.1896 0.3267 0.5136 0.3932 0.1471 0.1481 0.2206 0.3949 0.5050 0.2965 0.1380 0.1628 0.2615 0.4683 0.4705 0.1916 0.1382 0.1844 0.3146 0.5115 0.4083 0.1503 0.1461 0.2146 0.3829 0.5080 0.3117 0.1386 0.1609 0.2576 0.4640 0.4723 0.1923 0.1383 0.1859 0.3205 0.5132 0.3945 0.1469 0.1455 0.1776 0.1455 0.1469 0.3945 0.5132 0.3205 0.1859 0.1383 0.1923 0.4723 0.4640 0.2576 0.1609 0.1386 0.3117 0.5080 0.3829 0.2146 0.1461 0.1503 0.4083 0.5115 0.3146 0.1844 0.1382 0.1916 0.4705 0.4683 0.2615 0.1628 0.1380 0.2965 0.5050 0.3949 0.2206 0.1481 0.1471 0.3932 0.5136 0.3267 0.1896 0.1392 0.1775 0.4601 0.4816 0.2716 0.1667 0.1374 0.2726 0.4997 0.4063
0.2270 0.4043 0.5020 0.2825 0.1376 0.1651 0.2674 0.4762 0.4647 0.1831 0.1388 0.1873 0.3212 0.5129 0.4004 0.1485 0.1471 0.2175 0.3884 0.5068 0.3061 0.1384 0.1613 0.2576 0.4625 0.4744 0.1985 0.1379 0.1823 0.3099 0.5101 0.4142 0.1518 0.1453 0.2122 0.3781 0.5091 0.3178 0.1389 0.1602 0.2558 0.4616 0.4736 0.1940 0.1383 0.1857 0.3205 0.5131 0.3961 0.1490 0.1358 0.1490 0.3961 0.5131 0.3205 0.1857 0.1383 0.1940 0.4736 0.4616 0.2558 0.1602 0.1389 0.3178 0.5091 0.3781 0.2122 0.1453 0.1518 0.4142 0.5101 0.3099 0.1823 0.1379 0.1985 0.4744 0.4625 0.2576 0.1613 0.1384 0.3061 0.5068 0.3884 0.2175 0.1471 0.1485 0.4004 0.5129 0.3212 0.1873 0.1388 0.1831 0.4647 0.4762 0.2674 0.1651 0.1376 0.2825 0.5020 0.4043 0.2270
