0.0018 0.0245 0.3201 1.0000 1.0000 0.0005 0.0063 0.0822 1.0000 1.0000 0.0001 0.0016 0.0210 0.2733 1.0000 1.0000 0.0004 0.0054 0.0699 0.9093 1.0000 0.0001 0.0014 0.0179 0.2330 1.0000 1.0000 0.0004 0.0046 0.0595 0.7736 1.0000 0.0001 0.0012 0.0152 0.1975 1.0000 1.0000 0.0003 0.0039 0.0503 0.6544 1.0000 0.0001 0.0010 0.0128 0.1667 1.0000 1.0000 0.0002 0.0010 0.0002 1.0000 1.0000 0.1667 0.0128 0.0010 0.0001 1.0000 0.6544 0.0503 0.0039 0.0003 1.0000 1.0000 0.1975 0.0152 0.0012 0.0001 1.0000 0.7736 0.0595 0.0046 0.0004 1.0000 1.0000 0.2330 0.0179 0.0014 0.0001 1.0000 0.9093 0.0699 0.0054 0.0004 1.0000 1.0000 0.2733 0.0210 0.0016 0.0001 1.0000 1.0000 0.0822 0.0063 0.0005 1.0000 1.0000 0.3201 0.0245 0.0018
0.0245 0.3262 1.0000 1.0000 0.0005 0.0062 0.0811 1.0000 1.0000 0.0001 0.0016 0.0207 0.2692 1.0000 1.0000 0.0004 0.0053 0.0690 0.8973 1.0000 0.0001 0.0014 0.0176 0.2295 1.0000 1.0000 0.0003 0.0045 0.0587 0.7633 1.0000 0.0001 0.0012 0.0150 0.1948 1.0000 1.0000 0.0003 0.0038 0.0496 0.6457 1.0000 0.0001 0.0010 0.0127 0.1645 1.0000 1.0000 0.0002 0.0027 0.0130 0.0027 0.0002 1.0000 1.0000 0.1645 0.0127 0.0010 0.0001 1.0000 0.6457 0.0496 0.0038 0.0003 1.0000 1.0000 0.1948 0.0150 0.0012 0.0001 1.0000 0.7633 0.0587 0.0045 0.0003 1.0000 1.0000 0.2295 0.0176 0.0014 0.0001 1.0000 0.8973 0.0690 0.0053 0.0004 1.0000 1.0000 0.2692 0.0207 0.0016 0.0001 1.0000 1.0000 0.0811 0.0062 0.0005 1.0000 1.0000 0.3262 0.0245
0.3201 1.0000 1.0000 0.0005 0.0059 0.0764 0.9887 1.0000 0.0001 0.0015 0.0193 0.2509 1.0000 1.0000 0.0004 0.0049 0.0642 0.8347 1.0000 0.0001 0.0013 0.0164 0.2139 1.0000 1.0000 0.0003 0.0042 0.0547 0.7115 1.0000 0.0001 0.0011 0.0140 0.1816 1.0000 1.0000 0.0003 0.0036 0.0463 0.6018 1.0000 0.0001 0.0009 0.0118 0.1533 1.0000 1.0000 0.0002 0.0029 0.0327 0.1575 0.0327 0.0029 0.0002 1.0000 1.0000 0.1533 0.0118 0.0009 0.0001 1.0000 0.6018 0.0463 0.0036 0.0003 1.0000 1.0000 0.1816 0.0140 0.0011 0.0001 1.0000 0.7115 0.0547 0.0042 0.0003 1.0000 1.0000 0.2139 0.0164 0.0013 0.0001 1.0000 0.8347 0.0642 0.0049 0.0004 1.0000 1.0000 0.2509 0.0193 0.0015 0.0001 1.0000 0.9887 0.0764 0.0059 0.0005 1.0000 1.0000 0.3201
1.0000 1.0000 0.0005 0.0058 0.0737 0.9445 1.0000 0.0001 0.0014 0.0180 0.2343 1.0000 1.0000 0.0004 0.0046 0.0598 0.7780 1.0000 0.0001 0.0012 0.0153 0.1993 1.0000 1.0000 0.0003 0.0039 0.0510 0.6631 1.0000 0.0001 0.0010 0.0130 0.1693 1.0000 1.0000 0.0003 0.0033 0.0431 0.5609 1.0000 0.0001 0.0008 0.0110 0.1432 1.0000 1.0000 0.0002 0.0028 0.0350 0.3961 1.0000 0.3961 0.0350 0.0028 0.0002 1.0000 1.0000 0.1432 0.0110 0.0008 0.0001 1.0000 0.5609 0.0431 0.0033 0.0003 1.0000 1.0000 0.1693 0.0130 0.0010 0.0001 1.0000 0.6631 0.0510 0.0039 0.0003 1.0000 1.0000 0.1993 0.0153 0.0012 0.0001 1.0000 0.7780 0.0598 0.0046 0.0004 1.0000 1.0000 0.2343 0.0180 0.0014 0.0001 1.0000 0.9445 0.0737 0.0058 0.0005 1.0000 1.0000
1.0000 0.0005 0.0059 0.0737 0.9267 1.0000 0.0001 0.0013 0.0170 0.2205 1.0000 1.0000 0.0003 0.0043 0.0557 0.7251 1.0000 0.0001 0.0011 0.0143 0.1858 1.0000 1.0000 0.0003 0.0037 0.0475 0.6181 1.0000 0.0001 0.0009 0.0121 0.1578 1.0000 1.0000 0.0002 0.0031 0.0402 0.5228 1.0000 0.0001 0.0008 0.0103 0.1335 1.0000 1.0000 0.0002 0.0026 0.0337 0.4249 1.0000 1.0000 1.0000 0.4249 0.0337 0.0026 0.0002 1.0000 1.0000 0.1335 0.0103 0.0008 0.0001 1.0000 0.5228 0.0402 0.0031 0.0002 1.0000 1.0000 0.1578 0.0121 0.0009 0.0001 1.0000 0.6181 0.0475 0.0037 0.0003 1.0000 1.0000 0.1858 0.0143 0.0011 0.0001 1.0000 0.7251 0.0557 0.0043 0.0003 1.0000 1.0000 0.2205 0.0170 0.0013 0.0001 1.0000 0.9267 0.0737 0.0059 0.0005 1.0000
0.0005 0.0062 0.0764 0.9445 1.0000 0.0001 0.0013 0.0164 0.2098 1.0000 1.0000 0.0003 0.0040 0.0522 0.6771 1.0000 0.0001 0.0010 0.0133 0.1732 1.0000 1.0000 0.0003 0.0034 0.0443 0.5761 1.0000 0.0001 0.0009 0.0113 0.1470 1.0000 1.0000 0.0002 0.0029 0.0375 0.4873 1.0000 0.0001 0.0007 0.0096 0.1244 1.0000 1.0000 0.0002 0.0024 0.0316 0.4083 1.0000 1.0000 0.0002 1.0000 1.0000 0.4083 0.0316 0.0024 0.0002 1.0000 1.0000 0.1244 0.0096 0.0007 0.0001 1.0000 0.4873 0.0375 0.0029 0.0002 1.0000 1.0000 0.1470 0.0113 0.0009 0.0001 1.0000 0.5761 0.0443 0.0034 0.0003 1.0000 1.0000 0.1732 0.0133 0.0010 0.0001 1.0000 0.6771 0.0522 0.0040 0.0003 1.0000 1.0000 0.2098 0.0164 0.0013 0.0001 1.0000 0.9445 0.0764 0.0062 0.0005
0.0063 0.0811 0.9887 1.0000 0.0001 0.0013 0.0162 0.2043 1.0000 1.0000 0.0003 0.0038 0.0490 0.6347 1.0000 0.0001 0.0010 0.0124 0.1614 1.0000 1.0000 0.0002 0.0032 0.0413 0.5369 1.0000 0.0001 0.0008 0.0105 0.1371 1.0000 1.0000 0.0002 0.0027 0.0350 0.4542 1.0000 0.0001 0.0007 0.0089 0.1159 1.0000 1.0000 0.0002 0.0023 0.0295 0.3827 1.0000 1.0000 0.0005 0.0023 0.0005 1.0000 1.0000 0.3827 0.0295 0.0023 0.0002 1.0000 1.0000 0.1159 0.0089 0.0007 0.0001 1.0000 0.4542 0.0350 0.0027 0.0002 1.0000 1.0000 0.1371 0.0105 0.0008 0.0001 1.0000 0.5369 0.0413 0.0032 0.0002 1.0000 1.0000 0.1614 0.0124 0.0010 0.0001 1.0000 0.6347 0.0490 0.0038 0.0003 1.0000 1.0000 0.2043 0.0162 0.0013 0.0001 1.0000 0.9887 0.0811 0.0063
0.0822 1.0000 1.0000 0.0001 0.0013 0.0164 0.2043 1.0000 1.0000 0.0003 0.0036 0.0466 0.6007 1.0000 0.0001 0.0009 0.0116 0.1504 1.0000 1.0000 0.0002 0.0030 0.0385 0.5004 1.0000 0.0001 0.0008 0.0098 0.1277 1.0000 1.0000 0.0002 0.0025 0.0326 0.4233 1.0000 1.0000 0.0006 0.0083 0.1081 1.0000 1.0000 0.0002 0.0021 0.0275 0.3574 1.0000 1.0000 0.0005 0.0059 0.0282 0.0059 0.0005 1.0000 1.0000 0.3574 0.0275 0.0021 0.0002 1.0000 1.0000 0.1081 0.0083 0.0006 1.0000 1.0000 0.4233 0.0326 0.0025 0.0002 1.0000 1.0000 0.1277 0.0098 0.0008 0.0001 1.0000 0.5004 0.0385 0.0030 0.0002 1.0000 1.0000 0.1504 0.0116 0.0009 0.0001 1.0000 0.6007 0.0466 0.0036 0.0003 1.0000 1.0000 0.2043 0.0164 0.0013 0.0001 1.0000 1.0000 0.0822
1.0000 1.0000 0.0001 0.0014 0.0170 0.2098 1.0000 1.0000 0.0003 0.0036 0.0451 0.5761 1.0000 0.0001 0.0008 0.0109 0.1410 1.0000 1.0000 0.0002 0.0028 0.0359 0.4664 1.0000 0.0001 0.0007 0.0092 0.1191 1.0000 1.0000 0.0002 0.0023 0.0304 0.3953 1.0000 1.0000 0.0006 0.0077 0.1007 1.0000 1.0000 0.0002 0.0020 0.0257 0.3331 1.0000 1.0000 0.0005 0.0063 0.0711 0.3421 0.0711 0.0063 0.0005 1.0000 1.0000 0.3331 0.0257 0.0020 0.0002 1.0000 1.0000 0.1007 0.0077 0.0006 1.0000 1.0000 0.3953 0.0304 0.0023 0.0002 1.0000 1.0000 0.1191 0.0092 0.0007 0.0001 1.0000 0.4664 0.0359 0.0028 0.0002 1.0000 1.0000 0.1410 0.0109 0.0008 0.0001 1.0000 0.5761 0.0451 0.0036 0.0003 1.0000 1.0000 0.2098 0.0170 0.0014 0.0001 1.0000 1.0000
1.0000 0.0001 0.0015 0.0180 0.2205 1.0000 1.0000 0.0003 0.0036 0.0445 0.5631 1.0000 0.0001 0.0008 0.0103 0.1332 1.0000 1.0000 0.0002 0.0026 0.0334 0.4347 1.0000 1.0000 0.0007 0.0085 0.1110 1.0000 1.0000 0.0002 0.0022 0.0283 0.3685 1.0000 1.0000 0.0006 0.0072 0.0939 1.0000 1.0000 0.0001 0.0018 0.0239 0.3105 1.0000 1.0000 0.0005 0.0060 0.0762 0.8621 1.0000 0.8621 0.0762 0.0060 0.0005 1.0000 1.0000 0.3105 0.0239 0.0018 0.0001 1.0000 1.0000 0.0939 0.0072 0.0006 1.0000 1.0000 0.3685 0.0283 0.0022 0.0002 1.0000 1.0000 0.1110 0.0085 0.0007 1.0000 1.0000 0.4347 0.0334 0.0026 0.0002 1.0000 1.0000 0.1332 0.0103 0.0008 0.0001 1.0000 0.5631 0.0445 0.0036 0.0003 1.0000 1.0000 0.2205 0.0180 0.0015 0.0001 1.0000
0.0001 0.0016 0.0193 0.2343 1.0000 1.0000 0.0003 0.0036 0.0451 0.5631 1.0000 0.0001 0.0008 0.0100 0.1273 1.0000 1.0000 0.0002 0.0024 0.0313 0.4060 1.0000 1.0000 0.0006 0.0080 0.1034 1.0000 1.0000 0.0002 0.0020 0.0264 0.3434 1.0000 1.0000 0.0005 0.0067 0.0875 1.0000 1.0000 0.0001 0.0017 0.0223 0.2899 1.0000 1.0000 0.0004 0.0057 0.0732 0.9232 1.0000 1.0000 1.0000 0.9232 0.0732 0.0057 0.0004 1.0000 1.0000 0.2899 0.0223 0.0017 0.0001 1.0000 1.0000 0.0875 0.0067 0.0005 1.0000 1.0000 0.3434 0.0264 0.0020 0.0002 1.0000 1.0000 0.1034 0.0080 0.0006 1.0000 1.0000 0.4060 0.0313 0.0024 0.0002 1.0000 1.0000 0.1273 0.0100 0.0008 0.0001 1.0000 0.5631 0.0451 0.0036 0.0003 1.0000 1.0000 0.2343 0.0193 0.0016 0.0001
0.0016 0.0207 0.2509 1.0000 1.0000 0.0003 0.0038 0.0466 0.5761 1.0000 0.0001 0.0008 0.0097 0.1237 1.0000 1.0000 0.0002 0.0023 0.0295 0.3813 1.0000 1.0000 0.0006 0.0074 0.0966 1.0000 1.0000 0.0001 0.0019 0.0246 0.3201 1.0000 1.0000 0.0005 0.0063 0.0815 1.0000 1.0000 0.0001 0.0016 0.0208 0.2702 1.0000 1.0000 0.0004 0.0053 0.0686 0.8854 1.0000 0.0001 0.0004 0.0001 1.0000 0.8854 0.0686 0.0053 0.0004 1.0000 1.0000 0.2702 0.0208 0.0016 0.0001 1.0000 1.0000 0.0815 0.0063 0.0005 1.0000 1.0000 0.3201 0.0246 0.0019 0.0001 1.0000 1.0000 0.0966 0.0074 0.0006 1.0000 1.0000 0.3813 0.0295 0.0023 0.0002 1.0000 1.0000 0.1237 0.0097 0.0008 0.0001 1.0000 0.5761 0.0466 0.0038 0.0003 1.0000 1.0000 0.2509 0.0207 0.0016
0.0210 0.2692 1.0000 1.0000 0.0003 0.0040 0.0490 0.6007 1.0000 0.0001 0.0008 0.0097 0.1225 1.0000 1.0000 0.0002 0.0022 0.0281 0.3615 1.0000 1.0000 0.0005 0.0069 0.0900 1.0000 1.0000 0.0001 0.0018 0.0229 0.2983 1.0000 1.0000 0.0005 0.0059 0.0760 0.9887 1.0000 0.0001 0.0015 0.0194 0.2519 1.0000 1.0000 0.0004 0.0049 0.0640 0.8315 1.0000 0.0001 0.0011 0.0051 0.0011 0.0001 1.0000 0.8315 0.0640 0.0049 0.0004 1.0000 1.0000 0.2519 0.0194 0.0015 0.0001 1.0000 0.9887 0.0760 0.0059 0.0005 1.0000 1.0000 0.2983 0.0229 0.0018 0.0001 1.0000 1.0000 0.0900 0.0069 0.0005 1.0000 1.0000 0.3615 0.0281 0.0022 0.0002 1.0000 1.0000 0.1225 0.0097 0.0008 0.0001 1.0000 0.6007 0.0490 0.0040 0.0003 1.0000 1.0000 0.2692 0.0210
0.2733 1.0000 1.0000 0.0004 0.0043 0.0522 0.6347 1.0000 0.0001 0.0008 0.0100 0.1237 1.0000 1.0000 0.0002 0.0021 0.0272 0.3467 1.0000 1.0000 0.0005 0.0065 0.0845 1.0000 1.0000 0.0001 0.0016 0.0214 0.2781 1.0000 1.0000 0.0004 0.0055 0.0710 0.9215 1.0000 0.0001 0.0014 0.0181 0.2348 1.0000 1.0000 0.0004 0.0046 0.0597 0.7765 1.0000 0.0001 0.0011 0.0127 0.0613 0.0127 0.0011 0.0001 1.0000 0.7765 0.0597 0.0046 0.0004 1.0000 1.0000 0.2348 0.0181 0.0014 0.0001 1.0000 0.9215 0.0710 0.0055 0.0004 1.0000 1.0000 0.2781 0.0214 0.0016 0.0001 1.0000 1.0000 0.0845 0.0065 0.0005 1.0000 1.0000 0.3467 0.0272 0.0021 0.0002 1.0000 1.0000 0.1237 0.0100 0.0008 0.0001 1.0000 0.6347 0.0522 0.0043 0.0004 1.0000 1.0000 0.2733
1.0000 1.0000 0.0004 0.0046 0.0557 0.6771 1.0000 0.0001 0.0008 0.0103 0.1273 1.0000 1.0000 0.0002 0.0021 0.0267 0.3376 1.0000 1.0000 0.0005 0.0062 0.0800 1.0000 1.0000 0.0001 0.0015 0.0200 0.2597 1.0000 1.0000 0.0004 0.0051 0.0662 0.8589 1.0000 0.0001 0.0013 0.0169 0.2188 1.0000 1.0000 0.0003 0.0043 0.0556 0.7238 1.0000 0.0001 0.0011 0.0136 0.1545 0.7419 0.1545 0.0136 0.0011 0.0001 1.0000 0.7238 0.0556 0.0043 0.0003 1.0000 1.0000 0.2188 0.0169 0.0013 0.0001 1.0000 0.8589 0.0662 0.0051 0.0004 1.0000 1.0000 0.2597 0.0200 0.0015 0.0001 1.0000 1.0000 0.0800 0.0062 0.0005 1.0000 1.0000 0.3376 0.0267 0.0021 0.0002 1.0000 1.0000 0.1273 0.0103 0.0008 0.0001 1.0000 0.6771 0.0557 0.0046 0.0004 1.0000 1.0000
1.0000 0.0004 0.0049 0.0598 0.7251 1.0000 0.0001 0.0009 0.0109 0.1332 1.0000 1.0000 0.0002 0.0021 0.0267 0.3350 1.0000 1.0000 0.0005 0.0060 0.0764 0.9812 1.0000 0.0001 0.0014 0.0187 0.2429 1.0000 1.0000 0.0004 0.0047 0.0617 0.8005 1.0000 0.0001 0.0012 0.0157 0.2043 1.0000 1.0000 0.0003 0.0040 0.0520 0.6746 1.0000 0.0001 0.0010 0.0131 0.1654 1.0000 1.0000 1.0000 0.1654 0.0131 0.0010 0.0001 1.0000 0.6746 0.0520 0.0040 0.0003 1.0000 1.0000 0.2043 0.0157 0.0012 0.0001 1.0000 0.8005 0.0617 0.0047 0.0004 1.0000 1.0000 0.2429 0.0187 0.0014 0.0001 1.0000 0.9812 0.0764 0.0060 0.0005 1.0000 1.0000 0.3350 0.0267 0.0021 0.0002 1.0000 1.0000 0.1332 0.0109 0.0009 0.0001 1.0000 0.7251 0.0598 0.0049 0.0004 1.0000
0.0004 0.0053 0.0642 0.7780 1.0000 0.0001 0.0010 0.0116 0.1410 1.0000 1.0000 0.0002 0.0022 0.0272 0.3376 1.0000 1.0000 0.0005 0.0058 0.0740 0.9445 1.0000 0.0001 0.0014 0.0177 0.2286 1.0000 1.0000 0.0003 0.0044 0.0576 0.7475 1.0000 0.0001 0.0011 0.0146 0.1904 1.0000 1.0000 0.0003 0.0037 0.0484 0.6287 1.0000 0.0001 0.0009 0.0123 0.1590 1.0000 1.0000 0.0001 1.0000 1.0000 0.1590 0.0123 0.0009 0.0001 1.0000 0.6287 0.0484 0.0037 0.0003 1.0000 1.0000 0.1904 0.0146 0.0011 0.0001 1.0000 0.7475 0.0576 0.0044 0.0003 1.0000 1.0000 0.2286 0.0177 0.0014 0.0001 1.0000 0.9445 0.0740 0.0058 0.0005 1.0000 1.0000 0.3376 0.0272 0.0022 0.0002 1.0000 1.0000 0.1410 0.0116 0.0010 0.0001 1.0000 0.7780 0.0642 0.0053 0.0004
0.0054 0.0690 0.8347 1.0000 0.0001 0.0010 0.0124 0.1504 1.0000 1.0000 0.0002 0.0023 0.0281 0.3467 1.0000 1.0000 0.0005 0.0058 0.0728 0.9215 1.0000 0.0001 0.0013 0.0169 0.2167 1.0000 1.0000 0.0003 0.0041 0.0539 0.6994 1.0000 0.0001 0.0011 0.0136 0.1775 1.0000 1.0000 0.0003 0.0035 0.0451 0.5871 1.0000 0.0001 0.0009 0.0115 0.1490 1.0000 1.0000 0.0002 0.0009 0.0002 1.0000 1.0000 0.1490 0.0115 0.0009 0.0001 1.0000 0.5871 0.0451 0.0035 0.0003 1.0000 1.0000 0.1775 0.0136 0.0011 0.0001 1.0000 0.6994 0.0539 0.0041 0.0003 1.0000 1.0000 0.2167 0.0169 0.0013 0.0001 1.0000 0.9215 0.0728 0.0058 0.0005 1.0000 1.0000 0.3467 0.0281 0.0023 0.0002 1.0000 1.0000 0.1504 0.0124 0.0010 0.0001 1.0000 0.8347 0.0690 0.0054
0.0699 0.8973 1.0000 0.0001 0.0011 0.0133 0.1614 1.0000 1.0000 0.0002 0.0024 0.0295 0.3615 1.0000 1.0000 0.0005 0.0058 0.0728 0.9145 1.0000 0.0001 0.0013 0.0162 0.2075 1.0000 1.0000 0.0003 0.0039 0.0506 0.6556 1.0000 0.0001 0.0010 0.0128 0.1658 1.0000 1.0000 0.0002 0.0032 0.0422 0.5472 1.0000 0.0001 0.0008 0.0107 0.1392 1.0000 1.0000 0.0002 0.0023 0.0110 0.0023 0.0002 1.0000 1.0000 0.1392 0.0107 0.0008 0.0001 1.0000 0.5472 0.0422 0.0032 0.0002 1.0000 1.0000 0.1658 0.0128 0.0010 0.0001 1.0000 0.6556 0.0506 0.0039 0.0003 1.0000 1.0000 0.2075 0.0162 0.0013 0.0001 1.0000 0.9145 0.0728 0.0058 0.0005 1.0000 1.0000 0.3615 0.0295 0.0024 0.0002 1.0000 1.0000 0.1614 0.0133 0.0011 0.0001 1.0000 0.8973 0.0699
0.9093 1.0000 0.0001 0.0012 0.0143 0.1732 1.0000 1.0000 0.0002 0.0026 0.0313 0.3813 1.0000 1.0000 0.0005 0.0060 0.0740 0.9215 1.0000 0.0001 0.0013 0.0159 0.2012 1.0000 1.0000 0.0003 0.0037 0.0479 0.6181 1.0000 0.0001 0.0009 0.0119 0.1551 1.0000 1.0000 0.0002 0.0030 0.0393 0.5101 1.0000 0.0001 0.0008 0.0100 0.1297 1.0000 1.0000 0.0002 0.0025 0.0277 0.1332 0.0277 0.0025 0.0002 1.0000 1.0000 0.1297 0.0100 0.0008 0.0001 1.0000 0.5101 0.0393 0.0030 0.0002 1.0000 1.0000 0.1551 0.0119 0.0009 0.0001 1.0000 0.6181 0.0479 0.0037 0.0003 1.0000 1.0000 0.2012 0.0159 0.0013 0.0001 1.0000 0.9215 0.0740 0.0060 0.0005 1.0000 1.0000 0.3813 0.0313 0.0026 0.0002 1.0000 1.0000 0.1732 0.0143 0.0012 0.0001 1.0000 0.9093
1.0000 0.0001 0.0013 0.0153 0.1858 1.0000 1.0000 0.0002 0.0028 0.0334 0.4060 1.0000 1.0000 0.0005 0.0062 0.0764 0.9445 1.0000 0.0001 0.0013 0.0157 0.1982 1.0000 1.0000 0.0003 0.0036 0.0457 0.5871 1.0000 0.0001 0.0009 0.0112 0.1451 1.0000 1.0000 0.0002 0.0028 0.0368 0.4772 1.0000 0.0001 0.0007 0.0093 0.1211 1.0000 1.0000 0.0002 0.0024 0.0297 0.3363 1.0000 0.3363 0.0297 0.0024 0.0002 1.0000 1.0000 0.1211 0.0093 0.0007 0.0001 1.0000 0.4772 0.0368 0.0028 0.0002 1.0000 1.0000 0.1451 0.0112 0.0009 0.0001 1.0000 0.5871 0.0457 0.0036 0.0003 1.0000 1.0000 0.1982 0.0157 0.0013 0.0001 1.0000 0.9445 0.0764 0.0062 0.0005 1.0000 1.0000 0.4060 0.0334 0.0028 0.0002 1.0000 1.0000 0.1858 0.0153 0.0013 0.0001 1.0000
0.0001 0.0014 0.0164 0.1993 1.0000 1.0000 0.0002 0.0030 0.0359 0.4347 1.0000 1.0000 0.0005 0.0065 0.0800 0.9812 1.0000 0.0001 0.0013 0.0159 0.1982 1.0000 1.0000 0.0003 0.0035 0.0440 0.5631 1.0000 0.0001 0.0008 0.0106 0.1365 1.0000 1.0000 0.0002 0.0026 0.0344 0.4465 1.0000 0.0001 0.0007 0.0087 0.1131 1.0000 1.0000 0.0002 0.0022 0.0285 0.3601 1.0000 1.0000 1.0000 0.3601 0.0285 0.0022 0.0002 1.0000 1.0000 0.1131 0.0087 0.0007 0.0001 1.0000 0.4465 0.0344 0.0026 0.0002 1.0000 1.0000 0.1365 0.0106 0.0008 0.0001 1.0000 0.5631 0.0440 0.0035 0.0003 1.0000 1.0000 0.1982 0.0159 0.0013 0.0001 1.0000 0.9812 0.0800 0.0065 0.0005 1.0000 1.0000 0.4347 0.0359 0.0030 0.0002 1.0000 1.0000 0.1993 0.0164 0.0014 0.0001
0.0014 0.0176 0.2139 1.0000 1.0000 0.0003 0.0032 0.0385 0.4664 1.0000 1.0000 0.0006 0.0069 0.0845 1.0000 1.0000 0.0001 0.0013 0.0162 0.2012 1.0000 1.0000 0.0003 0.0034 0.0430 0.5472 1.0000 0.0001 0.0008 0.0101 0.1295 1.0000 1.0000 0.0002 0.0025 0.0322 0.4177 1.0000 1.0000 0.0006 0.0082 0.1058 1.0000 1.0000 0.0002 0.0021 0.0268 0.3460 1.0000 1.0000 0.0002 1.0000 1.0000 0.3460 0.0268 0.0021 0.0002 1.0000 1.0000 0.1058 0.0082 0.0006 1.0000 1.0000 0.4177 0.0322 0.0025 0.0002 1.0000 1.0000 0.1295 0.0101 0.0008 0.0001 1.0000 0.5472 0.0430 0.0034 0.0003 1.0000 1.0000 0.2012 0.0162 0.0013 0.0001 1.0000 1.0000 0.0845 0.0069 0.0006 1.0000 1.0000 0.4664 0.0385 0.0032 0.0003 1.0000 1.0000 0.2139 0.0176 0.0014
0.0179 0.2295 1.0000 1.0000 0.0003 0.0034 0.0413 0.5004 1.0000 1.0000 0.0006 0.0074 0.0900 1.0000 1.0000 0.0001 0.0014 0.0169 0.2075 1.0000 1.0000 0.0003 0.0034 0.0427 0.5390 1.0000 0.0001 0.0008 0.0097 0.1239 1.0000 1.0000 0.0002 0.0023 0.0302 0.3916 1.0000 1.0000 0.0006 0.0076 0.0990 1.0000 1.0000 0.0001 0.0019 0.0251 0.3250 1.0000 1.0000 0.0004 0.0020 0.0004 1.0000 1.0000 0.3250 0.0251 0.0019 0.0001 1.0000 1.0000 0.0990 0.0076 0.0006 1.0000 1.0000 0.3916 0.0302 0.0023 0.0002 1.0000 1.0000 0.1239 0.0097 0.0008 0.0001 1.0000 0.5390 0.0427 0.0034 0.0003 1.0000 1.0000 0.2075 0.0169 0.0014 0.0001 1.0000 1.0000 0.0900 0.0074 0.0006 1.0000 1.0000 0.5004 0.0413 0.0034 0.0003 1.0000 1.0000 0.2295 0.0179
0.2330 1.0000 1.0000 0.0003 0.0037 0.0443 0.5369 1.0000 0.0001 0.0007 0.0080 0.0966 1.0000 1.0000 0.0001 0.0014 0.0177 0.2167 1.0000 1.0000 0.0003 0.0035 0.0430 0.5390 1.0000 0.0001 0.0007 0.0094 0.1195 1.0000 1.0000 0.0002 0.0022 0.0286 0.3692 1.0000 1.0000 0.0005 0.0071 0.0926 1.0000 1.0000 0.0001 0.0018 0.0235 0.3041 1.0000 1.0000 0.0004 0.0050 0.0240 0.0050 0.0004 1.0000 1.0000 0.3041 0.0235 0.0018 0.0001 1.0000 1.0000 0.0926 0.0071 0.0005 1.0000 1.0000 0.3692 0.0286 0.0022 0.0002 1.0000 1.0000 0.1195 0.0094 0.0007 0.0001 1.0000 0.5390 0.0430 0.0035 0.0003 1.0000 1.0000 0.2167 0.0177 0.0014 0.0001 1.0000 1.0000 0.0966 0.0080 0.0007 0.0001 1.0000 0.5369 0.0443 0.0037 0.0003 1.0000 1.0000 0.2330
1.0000 1.0000 0.0003 0.0039 0.0475 0.5761 1.0000 0.0001 0.0007 0.0085 0.1034 1.0000 1.0000 0.0001 0.0015 0.0187 0.2286 1.0000 1.0000 0.0003 0.0036 0.0440 0.5472 1.0000 0.0001 0.0007 0.0092 0.1170 1.0000 1.0000 0.0002 0.0021 0.0273 0.3507 1.0000 1.0000 0.0005 0.0067 0.0867 1.0000 1.0000 0.0001 0.0017 0.0220 0.2845 1.0000 1.0000 0.0004 0.0053 0.0605 0.2905 0.0605 0.0053 0.0004 1.0000 1.0000 0.2845 0.0220 0.0017 0.0001 1.0000 1.0000 0.0867 0.0067 0.0005 1.0000 1.0000 0.3507 0.0273 0.0021 0.0002 1.0000 1.0000 0.1170 0.0092 0.0007 0.0001 1.0000 0.5472 0.0440 0.0036 0.0003 1.0000 1.0000 0.2286 0.0187 0.0015 0.0001 1.0000 1.0000 0.1034 0.0085 0.0007 0.0001 1.0000 0.5761 0.0475 0.0039 0.0003 1.0000 1.0000
1.0000 0.0003 0.0042 0.0510 0.6181 1.0000 0.0001 0.0008 0.0092 0.1110 1.0000 1.0000 0.0001 0.0016 0.0200 0.2429 1.0000 1.0000 0.0003 0.0037 0.0457 0.5631 1.0000 0.0001 0.0007 0.0092 0.1162 1.0000 1.0000 0.0002 0.0021 0.0262 0.3357 1.0000 1.0000 0.0005 0.0063 0.0817 1.0000 1.0000 0.0001 0.0016 0.0205 0.2667 1.0000 1.0000 0.0004 0.0051 0.0648 0.7335 1.0000 0.7335 0.0648 0.0051 0.0004 1.0000 1.0000 0.2667 0.0205 0.0016 0.0001 1.0000 1.0000 0.0817 0.0063 0.0005 1.0000 1.0000 0.3357 0.0262 0.0021 0.0002 1.0000 1.0000 0.1162 0.0092 0.0007 0.0001 1.0000 0.5631 0.0457 0.0037 0.0003 1.0000 1.0000 0.2429 0.0200 0.0016 0.0001 1.0000 1.0000 0.1110 0.0092 0.0008 0.0001 1.0000 0.6181 0.0510 0.0042 0.0003 1.0000
0.0004 0.0045 0.0547 0.6631 1.0000 0.0001 0.0008 0.0098 0.1191 1.0000 1.0000 0.0001 0.0018 0.0214 0.2597 1.0000 1.0000 0.0003 0.0039 0.0479 0.5871 1.0000 0.0001 0.0008 0.0094 0.1170 1.0000 1.0000 0.0002 0.0020 0.0255 0.3244 1.0000 1.0000 0.0005 0.0060 0.0773 0.9981 1.0000 0.0001 0.0015 0.0192 0.2495 1.0000 1.0000 0.0004 0.0048 0.0624 0.7869 1.0000 1.0000 1.0000 0.7869 0.0624 0.0048 0.0004 1.0000 1.0000 0.2495 0.0192 0.0015 0.0001 1.0000 0.9981 0.0773 0.0060 0.0005 1.0000 1.0000 0.3244 0.0255 0.0020 0.0002 1.0000 1.0000 0.1170 0.0094 0.0008 0.0001 1.0000 0.5871 0.0479 0.0039 0.0003 1.0000 1.0000 0.2597 0.0214 0.0018 0.0001 1.0000 1.0000 0.1191 0.0098 0.0008 0.0001 1.0000 0.6631 0.0547 0.0045 0.0004
0.0046 0.0587 0.7115 1.0000 0.0001 0.0009 0.0105 0.1277 1.0000 1.0000 0.0002 0.0019 0.0229 0.2781 1.0000 1.0000 0.0003 0.0041 0.0506 0.6181 1.0000 0.0001 0.0008 0.0097 0.1195 1.0000 1.0000 0.0002 0.0020 0.0251 0.3177 1.0000 1.0000 0.0005 0.0058 0.0739 0.9481 1.0000 0.0001 0.0014 0.0180 0.2339 1.0000 1.0000 0.0003 0.0045 0.0588 0.7576 1.0000 0.0001 0.0004 0.0001 1.0000 0.7576 0.0588 0.0045 0.0003 1.0000 1.0000 0.2339 0.0180 0.0014 0.0001 1.0000 0.9481 0.0739 0.0058 0.0005 1.0000 1.0000 0.3177 0.0251 0.0020 0.0002 1.0000 1.0000 0.1195 0.0097 0.0008 0.0001 1.0000 0.6181 0.0506 0.0041 0.0003 1.0000 1.0000 0.2781 0.0229 0.0019 0.0002 1.0000 1.0000 0.1277 0.0105 0.0009 0.0001 1.0000 0.7115 0.0587 0.0046
0.0595 0.7633 1.0000 0.0001 0.0009 0.0113 0.1371 1.0000 1.0000 0.0002 0.0020 0.0246 0.2983 1.0000 1.0000 0.0004 0.0044 0.0539 0.6556 1.0000 0.0001 0.0008 0.0101 0.1239 1.0000 1.0000 0.0002 0.0020 0.0251 0.3152 1.0000 1.0000 0.0004 0.0056 0.0711 0.9093 1.0000 0.0001 0.0013 0.0170 0.2201 1.0000 1.0000 0.0003 0.0043 0.0551 0.7142 1.0000 0.0001 0.0009 0.0043 0.0009 0.0001 1.0000 0.7142 0.0551 0.0043 0.0003 1.0000 1.0000 0.2201 0.0170 0.0013 0.0001 1.0000 0.9093 0.0711 0.0056 0.0004 1.0000 1.0000 0.3152 0.0251 0.0020 0.0002 1.0000 1.0000 0.1239 0.0101 0.0008 0.0001 1.0000 0.6556 0.0539 0.0044 0.0004 1.0000 1.0000 0.2983 0.0246 0.0020 0.0002 1.0000 1.0000 0.1371 0.0113 0.0009 0.0001 1.0000 0.7633 0.0595
0.7736 1.0000 0.0001 0.0010 0.0121 0.1470 1.0000 1.0000 0.0002 0.0022 0.0264 0.3201 1.0000 1.0000 0.0004 0.0047 0.0576 0.6994 1.0000 0.0001 0.0009 0.0106 0.1295 1.0000 1.0000 0.0002 0.0021 0.0255 0.3177 1.0000 1.0000 0.0004 0.0055 0.0691 0.8804 1.0000 0.0001 0.0013 0.0162 0.2087 1.0000 1.0000 0.0003 0.0040 0.0518 0.6707 1.0000 0.0001 0.0010 0.0109 0.0525 0.0109 0.0010 0.0001 1.0000 0.6707 0.0518 0.0040 0.0003 1.0000 1.0000 0.2087 0.0162 0.0013 0.0001 1.0000 0.8804 0.0691 0.0055 0.0004 1.0000 1.0000 0.3177 0.0255 0.0021 0.0002 1.0000 1.0000 0.1295 0.0106 0.0009 0.0001 1.0000 0.6994 0.0576 0.0047 0.0004 1.0000 1.0000 0.3201 0.0264 0.0022 0.0002 1.0000 1.0000 0.1470 0.0121 0.0010 0.0001 1.0000 0.7736
1.0000 0.0001 0.0011 0.0130 0.1578 1.0000 1.0000 0.0002 0.0023 0.0283 0.3434 1.0000 1.0000 0.0004 0.0051 0.0617 0.7475 1.0000 0.0001 0.0009 0.0112 0.1365 1.0000 1.0000 0.0002 0.0021 0.0262 0.3244 1.0000 1.0000 0.0004 0.0054 0.0682 0.8621 1.0000 0.0001 0.0012 0.0156 0.1997 1.0000 1.0000 0.0003 0.0038 0.0487 0.6299 1.0000 0.0001 0.0009 0.0117 0.1327 0.6372 0.1327 0.0117 0.0009 0.0001 1.0000 0.6299 0.0487 0.0038 0.0003 1.0000 1.0000 0.1997 0.0156 0.0012 0.0001 1.0000 0.8621 0.0682 0.0054 0.0004 1.0000 1.0000 0.3244 0.0262 0.0021 0.0002 1.0000 1.0000 0.1365 0.0112 0.0009 0.0001 1.0000 0.7475 0.0617 0.0051 0.0004 1.0000 1.0000 0.3434 0.0283 0.0023 0.0002 1.0000 1.0000 0.1578 0.0130 0.0011 0.0001 1.0000
0.0001 0.0012 0.0140 0.1693 1.0000 1.0000 0.0002 0.0025 0.0304 0.3685 1.0000 1.0000 0.0005 0.0055 0.0662 0.8005 1.0000 0.0001 0.0010 0.0119 0.1451 1.0000 1.0000 0.0002 0.0022 0.0273 0.3357 1.0000 1.0000 0.0004 0.0055 0.0682 0.8556 1.0000 0.0001 0.0012 0.0151 0.1926 1.0000 1.0000 0.0003 0.0036 0.0461 0.5950 1.0000 0.0001 0.0009 0.0113 0.1429 1.0000 1.0000 1.0000 0.1429 0.0113 0.0009 0.0001 1.0000 0.5950 0.0461 0.0036 0.0003 1.0000 1.0000 0.1926 0.0151 0.0012 0.0001 1.0000 0.8556 0.0682 0.0055 0.0004 1.0000 1.0000 0.3357 0.0273 0.0022 0.0002 1.0000 1.0000 0.1451 0.0119 0.0010 0.0001 1.0000 0.8005 0.0662 0.0055 0.0005 1.0000 1.0000 0.3685 0.0304 0.0025 0.0002 1.0000 1.0000 0.1693 0.0140 0.0012 0.0001
0.0012 0.0150 0.1816 1.0000 1.0000 0.0002 0.0027 0.0326 0.3953 1.0000 1.0000 0.0005 0.0059 0.0710 0.8589 1.0000 0.0001 0.0011 0.0128 0.1551 1.0000 1.0000 0.0002 0.0023 0.0286 0.3507 1.0000 1.0000 0.0005 0.0056 0.0691 0.8621 1.0000 0.0001 0.0012 0.0148 0.1876 1.0000 1.0000 0.0003 0.0034 0.0440 0.5652 1.0000 0.0001 0.0008 0.0107 0.1381 1.0000 1.0000 0.0001 1.0000 1.0000 0.1381 0.0107 0.0008 0.0001 1.0000 0.5652 0.0440 0.0034 0.0003 1.0000 1.0000 0.1876 0.0148 0.0012 0.0001 1.0000 0.8621 0.0691 0.0056 0.0005 1.0000 1.0000 0.3507 0.0286 0.0023 0.0002 1.0000 1.0000 0.1551 0.0128 0.0011 0.0001 1.0000 0.8589 0.0710 0.0059 0.0005 1.0000 1.0000 0.3953 0.0326 0.0027 0.0002 1.0000 1.0000 0.1816 0.0150 0.0012
0.0152 0.1948 1.0000 1.0000 0.0002 0.0029 0.0350 0.4233 1.0000 1.0000 0.0005 0.0063 0.0760 0.9215 1.0000 0.0001 0.0011 0.0136 0.1658 1.0000 1.0000 0.0002 0.0025 0.0302 0.3692 1.0000 1.0000 0.0005 0.0058 0.0711 0.8804 1.0000 0.0001 0.0012 0.0147 0.1851 1.0000 1.0000 0.0003 0.0033 0.0422 0.5410 1.0000 0.0001 0.0008 0.0102 0.1312 1.0000 1.0000 0.0002 0.0008 0.0002 1.0000 1.0000 0.1312 0.0102 0.0008 0.0001 1.0000 0.5410 0.0422 0.0033 0.0003 1.0000 1.0000 0.1851 0.0147 0.0012 0.0001 1.0000 0.8804 0.0711 0.0058 0.0005 1.0000 1.0000 0.3692 0.0302 0.0025 0.0002 1.0000 1.0000 0.1658 0.0136 0.0011 0.0001 1.0000 0.9215 0.0760 0.0063 0.0005 1.0000 1.0000 0.4233 0.0350 0.0029 0.0002 1.0000 1.0000 0.1948 0.0152
0.1975 1.0000 1.0000 0.0003 0.0031 0.0375 0.4542 1.0000 1.0000 0.0006 0.0067 0.0815 0.9887 1.0000 0.0001 0.0012 0.0146 0.1775 1.0000 1.0000 0.0002 0.0026 0.0322 0.3916 1.0000 1.0000 0.0005 0.0060 0.0739 0.9093 1.0000 0.0001 0.0012 0.0148 0.1851 1.0000 1.0000 0.0003 0.0032 0.0410 0.5218 1.0000 0.0001 0.0008 0.0097 0.1246 1.0000 1.0000 0.0002 0.0020 0.0096 0.0020 0.0002 1.0000 1.0000 0.1246 0.0097 0.0008 0.0001 1.0000 0.5218 0.0410 0.0032 0.0003 1.0000 1.0000 0.1851 0.0148 0.0012 0.0001 1.0000 0.9093 0.0739 0.0060 0.0005 1.0000 1.0000 0.3916 0.0322 0.0026 0.0002 1.0000 1.0000 0.1775 0.0146 0.0012 0.0001 1.0000 0.9887 0.0815 0.0067 0.0006 1.0000 1.0000 0.4542 0.0375 0.0031 0.0003 1.0000 1.0000 0.1975
1.0000 1.0000 0.0003 0.0033 0.0402 0.4873 1.0000 1.0000 0.0006 0.0072 0.0875 1.0000 1.0000 0.0001 0.0013 0.0157 0.1904 1.0000 1.0000 0.0002 0.0028 0.0344 0.4177 1.0000 1.0000 0.0005 0.0063 0.0773 0.9481 1.0000 0.0001 0.0012 0.0151 0.1876 1.0000 1.0000 0.0003 0.0032 0.0401 0.5091 1.0000 0.0001 0.0007 0.0093 0.1188 1.0000 1.0000 0.0002 0.0022 0.0243 0.1166 0.0243 0.0022 0.0002 1.0000 1.0000 0.1188 0.0093 0.0007 0.0001 1.0000 0.5091 0.0401 0.0032 0.0003 1.0000 1.0000 0.1876 0.0151 0.0012 0.0001 1.0000 0.9481 0.0773 0.0063 0.0005 1.0000 1.0000 0.4177 0.0344 0.0028 0.0002 1.0000 1.0000 0.1904 0.0157 0.0013 0.0001 1.0000 1.0000 0.0875 0.0072 0.0006 1.0000 1.0000 0.4873 0.0402 0.0033 0.0003 1.0000 1.0000
1.0000 0.0003 0.0036 0.0431 0.5228 1.0000 0.0001 0.0006 0.0077 0.0939 1.0000 1.0000 0.0001 0.0014 0.0169 0.2043 1.0000 1.0000 0.0002 0.0030 0.0368 0.4465 1.0000 1.0000 0.0005 0.0067 0.0817 0.9981 1.0000 0.0001 0.0013 0.0156 0.1926 1.0000 1.0000 0.0003 0.0032 0.0399 0.5024 1.0000 0.0001 0.0007 0.0089 0.1144 1.0000 1.0000 0.0002 0.0021 0.0264 0.2972 1.0000 0.2972 0.0264 0.0021 0.0002 1.0000 1.0000 0.1144 0.0089 0.0007 0.0001 1.0000 0.5024 0.0399 0.0032 0.0003 1.0000 1.0000 0.1926 0.0156 0.0013 0.0001 1.0000 0.9981 0.0817 0.0067 0.0005 1.0000 1.0000 0.4465 0.0368 0.0030 0.0002 1.0000 1.0000 0.2043 0.0169 0.0014 0.0001 1.0000 1.0000 0.0939 0.0077 0.0006 0.0001 1.0000 0.5228 0.0431 0.0036 0.0003 1.0000
0.0003 0.0038 0.0463 0.5609 1.0000 0.0001 0.0007 0.0083 0.1007 1.0000 1.0000 0.0001 0.0015 0.0181 0.2188 1.0000 1.0000 0.0003 0.0032 0.0393 0.4772 1.0000 1.0000 0.0006 0.0071 0.0867 1.0000 1.0000 0.0001 0.0013 0.0162 0.1997 1.0000 1.0000 0.0003 0.0032 0.0401 0.5024 1.0000 0.0001 0.0007 0.0087 0.1110 1.0000 1.0000 0.0002 0.0020 0.0259 0.3238 1.0000 1.0000 1.0000 0.3238 0.0259 0.0020 0.0002 1.0000 1.0000 0.1110 0.0087 0.0007 0.0001 1.0000 0.5024 0.0401 0.0032 0.0003 1.0000 1.0000 0.1997 0.0162 0.0013 0.0001 1.0000 1.0000 0.0867 0.0071 0.0006 1.0000 1.0000 0.4772 0.0393 0.0032 0.0003 1.0000 1.0000 0.2188 0.0181 0.0015 0.0001 1.0000 1.0000 0.1007 0.0083 0.0007 0.0001 1.0000 0.5609 0.0463 0.0038 0.0003
0.0039 0.0496 0.6018 1.0000 0.0001 0.0007 0.0089 0.1081 1.0000 1.0000 0.0001 0.0016 0.0194 0.2348 1.0000 1.0000 0.0003 0.0035 0.0422 0.5101 1.0000 0.0001 0.0006 0.0076 0.0926 1.0000 1.0000 0.0001 0.0014 0.0170 0.2087 1.0000 1.0000 0.0003 0.0033 0.0410 0.5091 1.0000 0.0001 0.0007 0.0086 0.1089 1.0000 1.0000 0.0002 0.0020 0.0250 0.3189 1.0000 1.0000 0.0001 1.0000 1.0000 0.3189 0.0250 0.0020 0.0002 1.0000 1.0000 0.1089 0.0086 0.0007 0.0001 1.0000 0.5091 0.0410 0.0033 0.0003 1.0000 1.0000 0.2087 0.0170 0.0014 0.0001 1.0000 1.0000 0.0926 0.0076 0.0006 0.0001 1.0000 0.5101 0.0422 0.0035 0.0003 1.0000 1.0000 0.2348 0.0194 0.0016 0.0001 1.0000 1.0000 0.1081 0.0089 0.0007 0.0001 1.0000 0.6018 0.0496 0.0039
0.0503 0.6457 1.0000 0.0001 0.0008 0.0096 0.1159 1.0000 1.0000 0.0001 0.0017 0.0208 0.2519 1.0000 1.0000 0.0003 0.0037 0.0451 0.5472 1.0000 0.0001 0.0007 0.0082 0.0990 1.0000 1.0000 0.0001 0.0015 0.0180 0.2201 1.0000 1.0000 0.0003 0.0034 0.0422 0.5218 1.0000 0.0001 0.0007 0.0086 0.1083 1.0000 1.0000 0.0001 0.0019 0.0242 0.3093 1.0000 1.0000 0.0004 0.0018 0.0004 1.0000 1.0000 0.3093 0.0242 0.0019 0.0001 1.0000 1.0000 0.1083 0.0086 0.0007 0.0001 1.0000 0.5218 0.0422 0.0034 0.0003 1.0000 1.0000 0.2201 0.0180 0.0015 0.0001 1.0000 1.0000 0.0990 0.0082 0.0007 0.0001 1.0000 0.5472 0.0451 0.0037 0.0003 1.0000 1.0000 0.2519 0.0208 0.0017 0.0001 1.0000 1.0000 0.1159 0.0096 0.0008 0.0001 1.0000 0.6457 0.0503
0.6544 1.0000 0.0001 0.0008 0.0103 0.1244 1.0000 1.0000 0.0002 0.0018 0.0223 0.2702 1.0000 1.0000 0.0003 0.0040 0.0484 0.5871 1.0000 0.0001 0.0007 0.0087 0.1058 1.0000 1.0000 0.0001 0.0016 0.0192 0.2339 1.0000 1.0000 0.0003 0.0036 0.0440 0.5410 1.0000 0.0001 0.0007 0.0087 0.1089 1.0000 1.0000 0.0001 0.0019 0.0237 0.3006 1.0000 1.0000 0.0004 0.0046 0.0221 0.0046 0.0004 1.0000 1.0000 0.3006 0.0237 0.0019 0.0001 1.0000 1.0000 0.1089 0.0087 0.0007 0.0001 1.0000 0.5410 0.0440 0.0036 0.0003 1.0000 1.0000 0.2339 0.0192 0.0016 0.0001 1.0000 1.0000 0.1058 0.0087 0.0007 0.0001 1.0000 0.5871 0.0484 0.0040 0.0003 1.0000 1.0000 0.2702 0.0223 0.0018 0.0002 1.0000 1.0000 0.1244 0.0103 0.0008 0.0001 1.0000 0.6544
1.0000 0.0001 0.0009 0.0110 0.1335 1.0000 1.0000 0.0002 0.0020 0.0239 0.2899 1.0000 1.0000 0.0004 0.0043 0.0520 0.6287 1.0000 0.0001 0.0008 0.0093 0.1131 1.0000 1.0000 0.0001 0.0017 0.0205 0.2495 1.0000 1.0000 0.0003 0.0038 0.0461 0.5652 1.0000 0.0001 0.0007 0.0089 0.1110 1.0000 1.0000 0.0001 0.0019 0.0234 0.2955 1.0000 1.0000 0.0004 0.0051 0.0570 0.2723 0.0570 0.0051 0.0004 1.0000 1.0000 0.2955 0.0234 0.0019 0.0001 1.0000 1.0000 0.1110 0.0089 0.0007 0.0001 1.0000 0.5652 0.0461 0.0038 0.0003 1.0000 1.0000 0.2495 0.0205 0.0017 0.0001 1.0000 1.0000 0.1131 0.0093 0.0008 0.0001 1.0000 0.6287 0.0520 0.0043 0.0004 1.0000 1.0000 0.2899 0.0239 0.0020 0.0002 1.0000 1.0000 0.1335 0.0110 0.0009 0.0001 1.0000
0.0001 0.0010 0.0118 0.1432 1.0000 1.0000 0.0002 0.0021 0.0257 0.3105 1.0000 1.0000 0.0004 0.0046 0.0556 0.6746 1.0000 0.0001 0.0008 0.0100 0.1211 1.0000 1.0000 0.0001 0.0018 0.0220 0.2667 1.0000 1.0000 0.0003 0.0040 0.0487 0.5950 1.0000 0.0001 0.0008 0.0093 0.1144 1.0000 1.0000 0.0001 0.0019 0.0234 0.2938 1.0000 1.0000 0.0004 0.0051 0.0633 0.7047 1.0000 0.7047 0.0633 0.0051 0.0004 1.0000 1.0000 0.2938 0.0234 0.0019 0.0001 1.0000 1.0000 0.1144 0.0093 0.0008 0.0001 1.0000 0.5950 0.0487 0.0040 0.0003 1.0000 1.0000 0.2667 0.0220 0.0018 0.0001 1.0000 1.0000 0.1211 0.0100 0.0008 0.0001 1.0000 0.6746 0.0556 0.0046 0.0004 1.0000 1.0000 0.3105 0.0257 0.0021 0.0002 1.0000 1.0000 0.1432 0.0118 0.0010 0.0001
0.0010 0.0127 0.1533 1.0000 1.0000 0.0002 0.0023 0.0275 0.3331 1.0000 1.0000 0.0004 0.0049 0.0597 0.7238 1.0000 0.0001 0.0009 0.0107 0.1297 1.0000 1.0000 0.0002 0.0019 0.0235 0.2845 1.0000 1.0000 0.0003 0.0043 0.0518 0.6299 1.0000 0.0001 0.0008 0.0097 0.1188 1.0000 1.0000 0.0002 0.0019 0.0237 0.2955 1.0000 1.0000 0.0004 0.0051 0.0637 0.7854 1.0000 1.0000 1.0000 0.7854 0.0637 0.0051 0.0004 1.0000 1.0000 0.2955 0.0237 0.0019 0.0002 1.0000 1.0000 0.1188 0.0097 0.0008 0.0001 1.0000 0.6299 0.0518 0.0043 0.0003 1.0000 1.0000 0.2845 0.0235 0.0019 0.0002 1.0000 1.0000 0.1297 0.0107 0.0009 0.0001 1.0000 0.7238 0.0597 0.0049 0.0004 1.0000 1.0000 0.3331 0.0275 0.0023 0.0002 1.0000 1.0000 0.1533 0.0127 0.0010
0.0128 0.1645 1.0000 1.0000 0.0002 0.0024 0.0295 0.3574 1.0000 1.0000 0.0004 0.0053 0.0640 0.7765 1.0000 0.0001 0.0009 0.0115 0.1392 1.0000 1.0000 0.0002 0.0021 0.0251 0.3041 1.0000 1.0000 0.0004 0.0045 0.0551 0.6707 1.0000 0.0001 0.0008 0.0102 0.1246 1.0000 1.0000 0.0002 0.0020 0.0242 0.3006 1.0000 1.0000 0.0004 0.0050 0.0633 0.7944 1.0000 0.0001 0.0004 0.0001 1.0000 0.7944 0.0633 0.0050 0.0004 1.0000 1.0000 0.3006 0.0242 0.0020 0.0002 1.0000 1.0000 0.1246 0.0102 0.0008 0.0001 1.0000 0.6707 0.0551 0.0045 0.0004 1.0000 1.0000 0.3041 0.0251 0.0021 0.0002 1.0000 1.0000 0.1392 0.0115 0.0009 0.0001 1.0000 0.7765 0.0640 0.0053 0.0004 1.0000 1.0000 0.3574 0.0295 0.0024 0.0002 1.0000 1.0000 0.1645 0.0128
0.1667 1.0000 1.0000 0.0002 0.0026 0.0316 0.3827 1.0000 1.0000 0.0005 0.0057 0.0686 0.8315 1.0000 0.0001 0.0010 0.0123 0.1490 1.0000 1.0000 0.0002 0.0022 0.0268 0.3250 1.0000 1.0000 0.0004 0.0048 0.0588 0.7142 1.0000 0.0001 0.0009 0.0107 0.1312 1.0000 1.0000 0.0002 0.0020 0.0250 0.3093 1.0000 1.0000 0.0004 0.0051 0.0633 0.7944 1.0000 0.0001 0.0009 0.0044 0.0009 0.0001 1.0000 0.7944 0.0633 0.0051 0.0004 1.0000 1.0000 0.3093 0.0250 0.0020 0.0002 1.0000 1.0000 0.1312 0.0107 0.0009 0.0001 1.0000 0.7142 0.0588 0.0048 0.0004 1.0000 1.0000 0.3250 0.0268 0.0022 0.0002 1.0000 1.0000 0.1490 0.0123 0.0010 0.0001 1.0000 0.8315 0.0686 0.0057 0.0005 1.0000 1.0000 0.3827 0.0316 0.0026 0.0002 1.0000 1.0000 0.1667
1.0000 1.0000 0.0002 0.0028 0.0337 0.4083 1.0000 1.0000 0.0005 0.0060 0.0732 0.8854 1.0000 0.0001 0.0011 0.0131 0.1590 1.0000 1.0000 0.0002 0.0024 0.0285 0.3460 1.0000 1.0000 0.0004 0.0051 0.0624 0.7576 1.0000 0.0001 0.0009 0.0113 0.1381 1.0000 1.0000 0.0002 0.0021 0.0259 0.3189 1.0000 1.0000 0.0004 0.0051 0.0637 0.7944 1.0000 0.0001 0.0010 0.0115 0.0547 0.0115 0.0010 0.0001 1.0000 0.7944 0.0637 0.0051 0.0004 1.0000 1.0000 0.3189 0.0259 0.0021 0.0002 1.0000 1.0000 0.1381 0.0113 0.0009 0.0001 1.0000 0.7576 0.0624 0.0051 0.0004 1.0000 1.0000 0.3460 0.0285 0.0024 0.0002 1.0000 1.0000 0.1590 0.0131 0.0011 0.0001 1.0000 0.8854 0.0732 0.0060 0.0005 1.0000 1.0000 0.4083 0.0337 0.0028 0.0002 1.0000 1.0000
1.0000 0.0002 0.0029 0.0350 0.4249 1.0000 1.0000 0.0005 0.0063 0.0762 0.9232 1.0000 0.0001 0.0011 0.0136 0.1654 1.0000 1.0000 0.0002 0.0025 0.0297 0.3601 1.0000 1.0000 0.0004 0.0053 0.0648 0.7869 1.0000 0.0001 0.0010 0.0117 0.1429 1.0000 1.0000 0.0002 0.0022 0.0264 0.3238 1.0000 1.0000 0.0004 0.0051 0.0633 0.7854 1.0000 0.0001 0.0010 0.0127 0.1402 0.6657 0.1402 0.0127 0.0010 0.0001 1.0000 0.7854 0.0633 0.0051 0.0004 1.0000 1.0000 0.3238 0.0264 0.0022 0.0002 1.0000 1.0000 0.1429 0.0117 0.0010 0.0001 1.0000 0.7869 0.0648 0.0053 0.0004 1.0000 1.0000 0.3601 0.0297 0.0025 0.0002 1.0000 1.0000 0.1654 0.0136 0.0011 0.0001 1.0000 0.9232 0.0762 0.0063 0.0005 1.0000 1.0000 0.4249 0.0350 0.0029 0.0002 1.0000
0.0002 0.0027 0.0327 0.3961 1.0000 1.0000 0.0005 0.0059 0.0711 0.8621 1.0000 0.0001 0.0011 0.0127 0.1545 1.0000 1.0000 0.0002 0.0023 0.0277 0.3363 1.0000 1.0000 0.0004 0.0050 0.0605 0.7335 1.0000 0.0001 0.0009 0.0109 0.1327 1.0000 1.0000 0.0002 0.0020 0.0243 0.2972 1.0000 1.0000 0.0004 0.0046 0.0570 0.7047 1.0000 0.0001 0.0009 0.0115 0.1402 1.0000 1.0000 1.0000 0.1402 0.0115 0.0009 0.0001 1.0000 0.7047 0.0570 0.0046 0.0004 1.0000 1.0000 0.2972 0.0243 0.0020 0.0002 1.0000 1.0000 0.1327 0.0109 0.0009 0.0001 1.0000 0.7335 0.0605 0.0050 0.0004 1.0000 1.0000 0.3363 0.0277 0.0023 0.0002 1.0000 1.0000 0.1545 0.0127 0.0011 0.0001 1.0000 0.8621 0.0711 0.0059 0.0005 1.0000 1.0000 0.3961 0.0327 0.0027 0.0002
0.0010 0.0130 0.1575 1.0000 1.0000 0.0002 0.0023 0.0282 0.3421 1.0000 1.0000 0.0004 0.0051 0.0613 0.7419 1.0000 0.0001 0.0009 0.0110 0.1332 1.0000 1.0000 0.0002 0.0020 0.0240 0.2905 1.0000 1.0000 0.0004 0.0043 0.0525 0.6372 1.0000 0.0001 0.0008 0.0096 0.1166 1.0000 1.0000 0.0001 0.0018 0.0221 0.2723 1.0000 1.0000 0.0004 0.0044 0.0547 0.6657 1.0000 1.0000 1.0000 0.6657 0.0547 0.0044 0.0004 1.0000 1.0000 0.2723 0.0221 0.0018 0.0001 1.0000 1.0000 0.1166 0.0096 0.0008 0.0001 1.0000 0.6372 0.0525 0.0043 0.0004 1.0000 1.0000 0.2905 0.0240 0.0020 0.0002 1.0000 1.0000 0.1332 0.0110 0.0009 0.0001 1.0000 0.7419 0.0613 0.0051 0.0004 1.0000 1.0000 0.3421 0.0282 0.0023 0.0002 1.0000 1.0000 0.1575 0.0130 0.0010
0.0002 0.0027 0.0327 0.3961 1.0000 1.0000 0.0005 0.0059 0.0711 0.8621 1.0000 0.0001 0.0011 0.0127 0.1545 1.0000 1.0000 0.0002 0.0023 0.0277 0.3363 1.0000 1.0000 0.0004 0.0050 0.0605 0.7335 1.0000 0.0001 0.0009 0.0109 0.1327 1.0000 1.0000 0.0002 0.0020 0.0243 0.2972 1.0000 1.0000 0.0004 0.0046 0.0570 0.7047 1.0000 0.0001 0.0009 0.0115 0.1402 1.0000 1.0000 1.0000 0.1402 0.0115 0.0009 0.0001 1.0000 0.7047 0.0570 0.0046 0.0004 1.0000 1.0000 0.2972 0.0243 0.0020 0.0002 1.0000 1.0000 0.1327 0.0109 0.0009 0.0001 1.0000 0.7335 0.0605 0.0050 0.0004 1.0000 1.0000 0.3363 0.0277 0.0023 0.0002 1.0000 1.0000 0.1545 0.0127 0.0011 0.0001 1.0000 0.8621 0.0711 0.0059 0.0005 1.0000 1.0000 0.3961 0.0327 0.0027 0.0002
1.0000 0.0002 0.0029 0.0350 0.4249 1.0000 1.0000 0.0005 0.0063 0.0762 0.9232 1.0000 0.0001 0.0011 0.0136 0.1654 1.0000 1.0000 0.0002 0.0025 0.0297 0.3601 1.0000 1.0000 0.0004 0.0053 0.0648 0.7869 1.0000 0.0001 0.0010 0.0117 0.1429 1.0000 1.0000 0.0002 0.0022 0.0264 0.3238 1.0000 1.0000 0.0004 0.0051 0.0633 0.7854 1.0000 0.0001 0.0010 0.0127 0.1402 0.6657 0.1402 0.0127 0.0010 0.0001 1.0000 0.7854 0.0633 0.0051 0.0004 1.0000 1.0000 0.3238 0.0264 0.0022 0.0002 1.0000 1.0000 0.1429 0.0117 0.0010 0.0001 1.0000 0.7869 0.0648 0.0053 0.0004 1.0000 1.0000 0.3601 0.0297 0.0025 0.0002 1.0000 1.0000 0.1654 0.0136 0.0011 0.0001 1.0000 0.9232 0.0762 0.0063 0.0005 1.0000 1.0000 0.4249 0.0350 0.0029 0.0002 1.0000
1.0000 1.0000 0.0002 0.0028 0.0337 0.4083 1.0000 1.0000 0.0005 0.0060 0.0732 0.8854 1.0000 0.0001 0.0011 0.0131 0.1590 1.0000 1.0000 0.0002 0.0024 0.0285 0.3460 1.0000 1.0000 0.0004 0.0051 0.0624 0.7576 1.0000 0.0001 0.0009 0.0113 0.1381 1.0000 1.0000 0.0002 0.0021 0.0259 0.3189 1.0000 1.0000 0.0004 0.0051 0.0637 0.7944 1.0000 0.0001 0.0010 0.0115 0.0547 0.0115 0.0010 0.0001 1.0000 0.7944 0.0637 0.0051 0.0004 1.0000 1.0000 0.3189 0.0259 0.0021 0.0002 1.0000 1.0000 0.1381 0.0113 0.0009 0.0001 1.0000 0.7576 0.0624 0.0051 0.0004 1.0000 1.0000 0.3460 0.0285 0.0024 0.0002 1.0000 1.0000 0.1590 0.0131 0.0011 0.0001 1.0000 0.8854 0.0732 0.0060 0.0005 1.0000 1.0000 0.4083 0.0337 0.0028 0.0002 1.0000 1.0000
0.1667 1.0000 1.0000 0.0002 0.0026 0.0316 0.3827 1.0000 1.0000 0.0005 0.0057 0.0686 0.8315 1.0000 0.0001 0.0010 0.0123 0.1490 1.0000 1.0000 0.0002 0.0022 0.0268 0.3250 1.0000 1.0000 0.0004 0.0048 0.0588 0.7142 1.0000 0.0001 0.0009 0.0107 0.1312 1.0000 1.0000 0.0002 0.0020 0.0250 0.3093 1.0000 1.0000 0.0004 0.0051 0.0633 0.7944 1.0000 0.0001 0.0009 0.0044 0.0009 0.0001 1.0000 0.7944 0.0633 0.0051 0.0004 1.0000 1.0000 0.3093 0.0250 0.0020 0.0002 1.0000 1.0000 0.1312 0.0107 0.0009 0.0001 1.0000 0.7142 0.0588 0.0048 0.0004 1.0000 1.0000 0.3250 0.0268 0.0022 0.0002 1.0000 1.0000 0.1490 0.0123 0.0010 0.0001 1.0000 0.8315 0.0686 0.0057 0.0005 1.0000 1.0000 0.3827 0.0316 0.0026 0.0002 1.0000 1.0000 0.1667
0.0128 0.1645 1.0000 1.0000 0.0002 0.0024 0.0295 0.3574 1.0000 1.0000 0.0004 0.0053 0.0640 0.7765 1.0000 0.0001 0.0009 0.0115 0.1392 1.0000 1.0000 0.0002 0.0021 0.0251 0.3041 1.0000 1.0000 0.0004 0.0045 0.0551 0.6707 1.0000 0.0001 0.0008 0.0102 0.1246 1.0000 1.0000 0.0002 0.0020 0.0242 0.3006 1.0000 1.0000 0.0004 0.0050 0.0633 0.7944 1.0000 0.0001 0.0004 0.0001 1.0000 0.7944 0.0633 0.0050 0.0004 1.0000 1.0000 0.3006 0.0242 0.0020 0.0002 1.0000 1.0000 0.1246 0.0102 0.0008 0.0001 1.0000 0.6707 0.0551 0.0045 0.0004 1.0000 1.0000 0.3041 0.0251 0.0021 0.0002 1.0000 1.0000 0.1392 0.0115 0.0009 0.0001 1.0000 0.7765 0.0640 0.0053 0.0004 1.0000 1.0000 0.3574 0.0295 0.0024 0.0002 1.0000 1.0000 0.1645 0.0128
