0.1552 0.1687 0.2687 0.4788 0.4554 0.1747 0.1485 0.2038 0.3556 0.5116 0.3352 0.1476 0.1654 0.2595 0.4657 0.4662 0.1846 0.1472 0.1981 0.3421 0.5130 0.3555 0.1491 0.1623 0.2507 0.4514 0.4759 0.1981 0.1463 0.1926 0.3292 0.5130 0.3744 0.1510 0.1595 0.2422 0.4365 0.4843 0.2156 0.1457 0.1876 0.3169 0.5116 0.3922 0.1534 0.1569 0.2341 0.4201 0.4933 0.2634 0.1504 0.2634 0.4933 0.4201 0.2341 0.1569 0.1534 0.3922 0.5116 0.3169 0.1876 0.1457 0.2156 0.4843 0.4365 0.2422 0.1595 0.1510 0.3744 0.5130 0.3292 0.1926 0.1463 0.1981 0.4759 0.4514 0.2507 0.1623 0.1491 0.3555 0.5130 0.3421 0.1981 0.1472 0.1846 0.4662 0.4657 0.2595 0.1654 0.1476 0.3352 0.5116 0.3556 0.2038 0.1485 0.1747 0.4554 0.4788 0.2687 0.1687 0.1552
0.1687 0.2664 0.4795 0.4577 0.1706 0.1407 0.1984 0.3527 0.5129 0.3402 0.1398 0.1588 0.2550 0.4647 0.4689 0.1826 0.1393 0.1924 0.3389 0.5142 0.3603 0.1415 0.1556 0.2460 0.4501 0.4783 0.1984 0.1383 0.1868 0.3258 0.5141 0.3790 0.1436 0.1526 0.2374 0.4348 0.4865 0.2179 0.1375 0.1816 0.3133 0.5125 0.3964 0.1463 0.1498 0.2292 0.4189 0.4942 0.2458 0.1362 0.1475 0.1362 0.2458 0.4942 0.4189 0.2292 0.1498 0.1463 0.3964 0.5125 0.3133 0.1816 0.1375 0.2179 0.4865 0.4348 0.2374 0.1526 0.1436 0.3790 0.5141 0.3258 0.1868 0.1383 0.1984 0.4783 0.4501 0.2460 0.1556 0.1415 0.3603 0.5142 0.3389 0.1924 0.1393 0.1826 0.4689 0.4647 0.2550 0.1588 0.1398 0.3402 0.5129 0.3527 0.1984 0.1407 0.1706 0.4577 0.4795 0.2664 0.1687
0.2687 0.4795 0.4594 0.1733 0.1403 0.1961 0.3472 0.5136 0.3489 0.1405 0.1574 0.2510 0.4583 0.4731 0.1890 0.1388 0.1899 0.3331 0.5143 0.3687 0.1424 0.1542 0.2422 0.4434 0.4820 0.2065 0.1379 0.1845 0.3203 0.5135 0.3867 0.1447 0.1514 0.2338 0.4280 0.4898 0.2272 0.1373 0.1795 0.3080 0.5111 0.4036 0.1477 0.1487 0.2258 0.4122 0.4966 0.2514 0.1369 0.1681 0.2227 0.1681 0.1369 0.2514 0.4966 0.4122 0.2258 0.1487 0.1477 0.4036 0.5111 0.3080 0.1795 0.1373 0.2272 0.4898 0.4280 0.2338 0.1514 0.1447 0.3867 0.5135 0.3203 0.1845 0.1379 0.2065 0.4820 0.4434 0.2422 0.1542 0.1424 0.3687 0.5143 0.3331 0.1899 0.1388 0.1890 0.4731 0.4583 0.2510 0.1574 0.1405 0.3489 0.5136 0.3472 0.1961 0.1403 0.1733 0.4594 0.4795 0.2687
0.4788 0.4577 0.1733 0.1401 0.1948 0.3432 0.5140 0.3564 0.1412 0.1560 0.2472 0.4520 0.4771 0.1962 0.1384 0.1875 0.3274 0.5141 0.3768 0.1433 0.1529 0.2385 0.4367 0.4855 0.2153 0.1376 0.1823 0.3149 0.5127 0.3942 0.1459 0.1502 0.2303 0.4212 0.4928 0.2369 0.1372 0.1774 0.3029 0.5094 0.4105 0.1492 0.1477 0.2225 0.4055 0.4992 0.2607 0.1371 0.1713 0.2781 0.4060 0.2781 0.1713 0.1371 0.2607 0.4992 0.4055 0.2225 0.1477 0.1492 0.4105 0.5094 0.3029 0.1774 0.1372 0.2369 0.4928 0.4212 0.2303 0.1502 0.1459 0.3942 0.5127 0.3149 0.1823 0.1376 0.2153 0.4855 0.4367 0.2385 0.1529 0.1433 0.3768 0.5141 0.3274 0.1875 0.1384 0.1962 0.4771 0.4520 0.2472 0.1560 0.1412 0.3564 0.5140 0.3432 0.1948 0.1401 0.1733 0.4577 0.4788
0.4554 0.1706 0.1403 0.1948 0.3417 0.5141 0.3616 0.1418 0.1549 0.2438 0.4459 0.4808 0.2039 0.1380 0.1852 0.3218 0.5137 0.3846 0.1444 0.1517 0.2348 0.4299 0.4889 0.2245 0.1374 0.1801 0.3096 0.5115 0.4015 0.1473 0.1491 0.2269 0.4144 0.4957 0.2469 0.1371 0.1753 0.2978 0.5073 0.4171 0.1509 0.1467 0.2193 0.3988 0.5016 0.2707 0.1372 0.1705 0.2837 0.4892 0.4992 0.4892 0.2837 0.1705 0.1372 0.2707 0.5016 0.3988 0.2193 0.1467 0.1509 0.4171 0.5073 0.2978 0.1753 0.1371 0.2469 0.4957 0.4144 0.2269 0.1491 0.1473 0.4015 0.5115 0.3096 0.1801 0.1374 0.2245 0.4889 0.4299 0.2348 0.1517 0.1444 0.3846 0.5137 0.3218 0.1852 0.1380 0.2039 0.4808 0.4459 0.2438 0.1549 0.1418 0.3616 0.5141 0.3417 0.1948 0.1403 0.1706 0.4554
0.1747 0.1407 0.1961 0.3432 0.5141 0.3635 0.1421 0.1542 0.2413 0.4407 0.4839 0.2116 0.1377 0.1830 0.3165 0.5130 0.3922 0.1456 0.1505 0.2313 0.4232 0.4920 0.2341 0.1372 0.1780 0.3044 0.5099 0.4085 0.1488 0.1480 0.2235 0.4076 0.4984 0.2570 0.1371 0.1733 0.2929 0.5047 0.4236 0.1528 0.1457 0.2162 0.3921 0.5038 0.2807 0.1374 0.1688 0.2811 0.4942 0.4516 0.2817 0.4516 0.4942 0.2811 0.1688 0.1374 0.2807 0.5038 0.3921 0.2162 0.1457 0.1528 0.4236 0.5047 0.2929 0.1733 0.1371 0.2570 0.4984 0.4076 0.2235 0.1480 0.1488 0.4085 0.5099 0.3044 0.1780 0.1372 0.2341 0.4920 0.4232 0.2313 0.1505 0.1456 0.3922 0.5130 0.3165 0.1830 0.1377 0.2116 0.4839 0.4407 0.2413 0.1542 0.1421 0.3635 0.5141 0.3432 0.1961 0.1407 0.1747
0.1485 0.1984 0.3472 0.5140 0.3616 0.1421 0.1539 0.2399 0.4372 0.4861 0.2183 0.1375 0.1811 0.3115 0.5119 0.3993 0.1469 0.1494 0.2279 0.4164 0.4949 0.2440 0.1371 0.1759 0.2993 0.5080 0.4152 0.1504 0.1470 0.2203 0.4009 0.5008 0.2671 0.1372 0.1714 0.2880 0.5017 0.4297 0.1549 0.1448 0.2131 0.3856 0.5058 0.2907 0.1376 0.1671 0.2769 0.4919 0.4465 0.1697 0.1353 0.1697 0.4465 0.4919 0.2769 0.1671 0.1376 0.2907 0.5058 0.3856 0.2131 0.1448 0.1549 0.4297 0.5017 0.2880 0.1714 0.1372 0.2671 0.5008 0.4009 0.2203 0.1470 0.1504 0.4152 0.5080 0.2993 0.1759 0.1371 0.2440 0.4949 0.4164 0.2279 0.1494 0.1469 0.3993 0.5119 0.3115 0.1811 0.1375 0.2183 0.4861 0.4372 0.2399 0.1539 0.1421 0.3616 0.5140 0.3472 0.1984 0.1485
0.2038 0.3527 0.5136 0.3564 0.1418 0.1542 0.2399 0.4359 0.4873 0.2229 0.1374 0.1795 0.3074 0.5107 0.4057 0.1482 0.1483 0.2245 0.4096 0.4976 0.2541 0.1371 0.1739 0.2943 0.5055 0.4217 0.1522 0.1460 0.2171 0.3942 0.5031 0.2773 0.1373 0.1695 0.2833 0.4981 0.4357 0.1572 0.1439 0.2101 0.3791 0.5076 0.3006 0.1379 0.1654 0.2725 0.4876 0.4496 0.1658 0.1391 0.1625 0.1391 0.1658 0.4496 0.4876 0.2725 0.1654 0.1379 0.3006 0.5076 0.3791 0.2101 0.1439 0.1572 0.4357 0.4981 0.2833 0.1695 0.1373 0.2773 0.5031 0.3942 0.2171 0.1460 0.1522 0.4217 0.5055 0.2943 0.1739 0.1371 0.2541 0.4976 0.4096 0.2245 0.1483 0.1482 0.4057 0.5107 0.3074 0.1795 0.1374 0.2229 0.4873 0.4359 0.2399 0.1542 0.1418 0.3564 0.5136 0.3527 0.2038
0.3556 0.5129 0.3489 0.1412 0.1549 0.2413 0.4372 0.4873 0.2246 0.1373 0.1785 0.3044 0.5096 0.4110 0.1496 0.1474 0.2215 0.4031 0.5001 0.2641 0.1372 0.1720 0.2895 0.5026 0.4279 0.1542 0.1450 0.2140 0.3876 0.5052 0.2874 0.1375 0.1677 0.2787 0.4941 0.4414 0.1598 0.1431 0.2072 0.3726 0.5092 0.3104 0.1382 0.1637 0.2682 0.4827 0.4542 0.1680 0.1407 0.1921 0.2657 0.1921 0.1407 0.1680 0.4542 0.4827 0.2682 0.1637 0.1382 0.3104 0.5092 0.3726 0.2072 0.1431 0.1598 0.4414 0.4941 0.2787 0.1677 0.1375 0.2874 0.5052 0.3876 0.2140 0.1450 0.1542 0.4279 0.5026 0.2895 0.1720 0.1372 0.2641 0.5001 0.4031 0.2215 0.1474 0.1496 0.4110 0.5096 0.3044 0.1785 0.1373 0.2246 0.4873 0.4372 0.2413 0.1549 0.1412 0.3489 0.5129 0.3556
0.5116 0.3402 0.1405 0.1560 0.2438 0.4407 0.4861 0.2229 0.1373 0.1782 0.3028 0.5087 0.4147 0.1507 0.1467 0.2189 0.3973 0.5022 0.2738 0.1373 0.1701 0.2847 0.4992 0.4340 0.1565 0.1442 0.2110 0.3810 0.5070 0.2974 0.1378 0.1660 0.2742 0.4896 0.4469 0.1628 0.1423 0.2043 0.3662 0.5106 0.3199 0.1386 0.1621 0.2639 0.4773 0.4591 0.1718 0.1404 0.1961 0.3360 0.4779 0.3360 0.1961 0.1404 0.1718 0.4591 0.4773 0.2639 0.1621 0.1386 0.3199 0.5106 0.3662 0.2043 0.1423 0.1628 0.4469 0.4896 0.2742 0.1660 0.1378 0.2974 0.5070 0.3810 0.2110 0.1442 0.1565 0.4340 0.4992 0.2847 0.1701 0.1373 0.2738 0.5022 0.3973 0.2189 0.1467 0.1507 0.4147 0.5087 0.3028 0.1782 0.1373 0.2229 0.4861 0.4407 0.2438 0.1560 0.1405 0.3402 0.5116
0.3352 0.1398 0.1574 0.2472 0.4459 0.4839 0.2183 0.1374 0.1785 0.3028 0.5084 0.4166 0.1514 0.1461 0.2168 0.3924 0.5040 0.2824 0.1374 0.1684 0.2802 0.4954 0.4397 0.1590 0.1433 0.2080 0.3745 0.5087 0.3072 0.1381 0.1643 0.2697 0.4846 0.4522 0.1662 0.1415 0.2015 0.3600 0.5117 0.3293 0.1391 0.1606 0.2597 0.4716 0.4638 0.1764 0.1399 0.1948 0.3421 0.5131 0.4620 0.5131 0.3421 0.1948 0.1399 0.1764 0.4638 0.4716 0.2597 0.1606 0.1391 0.3293 0.5117 0.3600 0.2015 0.1415 0.1662 0.4522 0.4846 0.2697 0.1643 0.1381 0.3072 0.5087 0.3745 0.2080 0.1433 0.1590 0.4397 0.4954 0.2802 0.1684 0.1374 0.2824 0.5040 0.3924 0.2168 0.1461 0.1514 0.4166 0.5084 0.3028 0.1785 0.1374 0.2183 0.4839 0.4459 0.2472 0.1574 0.1398 0.3352
0.1476 0.1588 0.2510 0.4520 0.4808 0.2116 0.1375 0.1795 0.3044 0.5087 0.4166 0.1517 0.1459 0.2156 0.3890 0.5052 0.2895 0.1376 0.1669 0.2761 0.4913 0.4451 0.1618 0.1425 0.2051 0.3681 0.5102 0.3169 0.1385 0.1627 0.2654 0.4793 0.4572 0.1700 0.1408 0.1988 0.3538 0.5127 0.3384 0.1397 0.1591 0.2557 0.4656 0.4682 0.1819 0.1394 0.1925 0.3387 0.5140 0.3815 0.1809 0.3815 0.5140 0.3387 0.1925 0.1394 0.1819 0.4682 0.4656 0.2557 0.1591 0.1397 0.3384 0.5127 0.3538 0.1988 0.1408 0.1700 0.4572 0.4793 0.2654 0.1627 0.1385 0.3169 0.5102 0.3681 0.2051 0.1425 0.1618 0.4451 0.4913 0.2761 0.1669 0.1376 0.2895 0.5052 0.3890 0.2156 0.1459 0.1517 0.4166 0.5087 0.3044 0.1795 0.1375 0.2116 0.4808 0.4520 0.2510 0.1588 0.1476
0.1654 0.2550 0.4583 0.4771 0.2039 0.1377 0.1811 0.3074 0.5096 0.4147 0.1514 0.1459 0.2152 0.3872 0.5060 0.2946 0.1378 0.1657 0.2727 0.4874 0.4498 0.1648 0.1418 0.2024 0.3619 0.5114 0.3264 0.1390 0.1611 0.2612 0.4736 0.4621 0.1745 0.1402 0.1962 0.3478 0.5135 0.3474 0.1404 0.1576 0.2517 0.4593 0.4725 0.1881 0.1389 0.1901 0.3335 0.5142 0.3724 0.1442 0.1370 0.1442 0.3724 0.5142 0.3335 0.1901 0.1389 0.1881 0.4725 0.4593 0.2517 0.1576 0.1404 0.3474 0.5135 0.3478 0.1962 0.1402 0.1745 0.4621 0.4736 0.2612 0.1611 0.1390 0.3264 0.5114 0.3619 0.2024 0.1418 0.1648 0.4498 0.4874 0.2727 0.1657 0.1378 0.2946 0.5060 0.3872 0.2152 0.1459 0.1514 0.4147 0.5096 0.3074 0.1811 0.1377 0.2039 0.4771 0.4583 0.2550 0.1654
0.2595 0.4647 0.4731 0.1962 0.1380 0.1830 0.3115 0.5107 0.4110 0.1507 0.1461 0.2156 0.3872 0.5062 0.2973 0.1379 0.1649 0.2701 0.4840 0.4537 0.1677 0.1412 0.1999 0.3560 0.5124 0.3355 0.1395 0.1596 0.2570 0.4677 0.4666 0.1797 0.1396 0.1936 0.3418 0.5140 0.3561 0.1411 0.1562 0.2478 0.4530 0.4765 0.1951 0.1384 0.1878 0.3279 0.5141 0.3770 0.1436 0.1486 0.1846 0.1486 0.1436 0.3770 0.5141 0.3279 0.1878 0.1384 0.1951 0.4765 0.4530 0.2478 0.1562 0.1411 0.3561 0.5140 0.3418 0.1936 0.1396 0.1797 0.4666 0.4677 0.2570 0.1596 0.1395 0.3355 0.5124 0.3560 0.1999 0.1412 0.1677 0.4537 0.4840 0.2701 0.1649 0.1379 0.2973 0.5062 0.3872 0.2156 0.1461 0.1507 0.4110 0.5107 0.3115 0.1830 0.1380 0.1962 0.4731 0.4647 0.2595
0.4657 0.4689 0.1890 0.1384 0.1852 0.3165 0.5119 0.4057 0.1496 0.1467 0.2168 0.3890 0.5060 0.2973 0.1379 0.1645 0.2685 0.4815 0.4566 0.1704 0.1407 0.1978 0.3508 0.5132 0.3440 0.1401 0.1581 0.2530 0.4615 0.4710 0.1857 0.1390 0.1911 0.3360 0.5142 0.3645 0.1419 0.1549 0.2439 0.4465 0.4803 0.2029 0.1380 0.1854 0.3224 0.5138 0.3841 0.1444 0.1509 0.2247 0.3213 0.2247 0.1509 0.1444 0.3841 0.5138 0.3224 0.1854 0.1380 0.2029 0.4803 0.4465 0.2439 0.1549 0.1419 0.3645 0.5142 0.3360 0.1911 0.1390 0.1857 0.4710 0.4615 0.2530 0.1581 0.1401 0.3440 0.5132 0.3508 0.1978 0.1407 0.1704 0.4566 0.4815 0.2685 0.1645 0.1379 0.2973 0.5060 0.3890 0.2168 0.1467 0.1496 0.4057 0.5119 0.3165 0.1852 0.1384 0.1890 0.4689 0.4657
0.4662 0.1826 0.1388 0.1875 0.3218 0.5130 0.3993 0.1482 0.1474 0.2189 0.3924 0.5052 0.2946 0.1379 0.1645 0.2679 0.4801 0.4584 0.1724 0.1403 0.1961 0.3465 0.5137 0.3513 0.1407 0.1568 0.2492 0.4553 0.4751 0.1925 0.1386 0.1887 0.3302 0.5142 0.3727 0.1428 0.1536 0.2402 0.4398 0.4839 0.2113 0.1377 0.1832 0.3170 0.5131 0.3916 0.1455 0.1504 0.2294 0.4060 0.5116 0.4060 0.2294 0.1504 0.1455 0.3916 0.5131 0.3170 0.1832 0.1377 0.2113 0.4839 0.4398 0.2402 0.1536 0.1428 0.3727 0.5142 0.3302 0.1887 0.1386 0.1925 0.4751 0.4553 0.2492 0.1568 0.1407 0.3513 0.5137 0.3465 0.1961 0.1403 0.1724 0.4584 0.4801 0.2679 0.1645 0.1379 0.2946 0.5052 0.3924 0.2189 0.1474 0.1482 0.3993 0.5130 0.3218 0.1875 0.1388 0.1826 0.4662
0.1846 0.1393 0.1899 0.3274 0.5137 0.3922 0.1469 0.1483 0.2215 0.3973 0.5040 0.2895 0.1378 0.1649 0.2685 0.4801 0.4590 0.1735 0.1401 0.1949 0.3432 0.5140 0.3575 0.1413 0.1557 0.2458 0.4493 0.4789 0.1999 0.1382 0.1863 0.3246 0.5140 0.3807 0.1438 0.1523 0.2366 0.4331 0.4873 0.2203 0.1375 0.1810 0.3117 0.5120 0.3988 0.1468 0.1494 0.2276 0.4129 0.5002 0.3983 0.5002 0.4129 0.2276 0.1494 0.1468 0.3988 0.5120 0.3117 0.1810 0.1375 0.2203 0.4873 0.4331 0.2366 0.1523 0.1438 0.3807 0.5140 0.3246 0.1863 0.1382 0.1999 0.4789 0.4493 0.2458 0.1557 0.1413 0.3575 0.5140 0.3432 0.1949 0.1401 0.1735 0.4590 0.4801 0.2685 0.1649 0.1378 0.2895 0.5040 0.3973 0.2215 0.1483 0.1469 0.3922 0.5137 0.3274 0.1899 0.1393 0.1846
0.1472 0.1924 0.3331 0.5141 0.3846 0.1456 0.1494 0.2245 0.4031 0.5022 0.2824 0.1376 0.1657 0.2701 0.4815 0.4584 0.1735 0.1400 0.1943 0.3412 0.5141 0.3621 0.1419 0.1547 0.2430 0.4439 0.4821 0.2074 0.1379 0.1841 0.3192 0.5134 0.3884 0.1450 0.1511 0.2330 0.4264 0.4905 0.2297 0.1373 0.1789 0.3065 0.5106 0.4058 0.1482 0.1484 0.2246 0.4091 0.4987 0.2808 0.1454 0.2808 0.4987 0.4091 0.2246 0.1484 0.1482 0.4058 0.5106 0.3065 0.1789 0.1373 0.2297 0.4905 0.4264 0.2330 0.1511 0.1450 0.3884 0.5134 0.3192 0.1841 0.1379 0.2074 0.4821 0.4439 0.2430 0.1547 0.1419 0.3621 0.5141 0.3412 0.1943 0.1400 0.1735 0.4584 0.4815 0.2701 0.1657 0.1376 0.2824 0.5022 0.4031 0.2245 0.1494 0.1456 0.3846 0.5141 0.3331 0.1924 0.1472
0.1981 0.3389 0.5143 0.3768 0.1444 0.1505 0.2279 0.4096 0.5001 0.2738 0.1374 0.1669 0.2727 0.4840 0.4566 0.1724 0.1401 0.1943 0.3405 0.5142 0.3649 0.1423 0.1540 0.2406 0.4393 0.4847 0.2144 0.1376 0.1821 0.3141 0.5125 0.3957 0.1462 0.1499 0.2296 0.4196 0.4935 0.2394 0.1372 0.1768 0.3014 0.5088 0.4126 0.1498 0.1473 0.2214 0.4030 0.5003 0.2692 0.1366 0.1450 0.1366 0.2692 0.5003 0.4030 0.2214 0.1473 0.1498 0.4126 0.5088 0.3014 0.1768 0.1372 0.2394 0.4935 0.4196 0.2296 0.1499 0.1462 0.3957 0.5125 0.3141 0.1821 0.1376 0.2144 0.4847 0.4393 0.2406 0.1540 0.1423 0.3649 0.5142 0.3405 0.1943 0.1401 0.1724 0.4566 0.4840 0.2727 0.1669 0.1374 0.2738 0.5001 0.4096 0.2279 0.1505 0.1444 0.3768 0.5143 0.3389 0.1981
0.3421 0.5142 0.3687 0.1433 0.1517 0.2313 0.4164 0.4976 0.2641 0.1373 0.1684 0.2761 0.4874 0.4537 0.1704 0.1403 0.1949 0.3412 0.5142 0.3659 0.1425 0.1536 0.2390 0.4358 0.4868 0.2206 0.1374 0.1803 0.3096 0.5114 0.4024 0.1475 0.1489 0.2262 0.4129 0.4963 0.2493 0.1371 0.1748 0.2964 0.5066 0.4191 0.1515 0.1463 0.2182 0.3965 0.5024 0.2752 0.1371 0.1641 0.2151 0.1641 0.1371 0.2752 0.5024 0.3965 0.2182 0.1463 0.1515 0.4191 0.5066 0.2964 0.1748 0.1371 0.2493 0.4963 0.4129 0.2262 0.1489 0.1475 0.4024 0.5114 0.3096 0.1803 0.1374 0.2206 0.4868 0.4358 0.2390 0.1536 0.1425 0.3659 0.5142 0.3412 0.1949 0.1403 0.1704 0.4537 0.4874 0.2761 0.1684 0.1373 0.2641 0.4976 0.4164 0.2313 0.1517 0.1433 0.3687 0.5142 0.3421
0.5130 0.3603 0.1424 0.1529 0.2348 0.4232 0.4949 0.2541 0.1372 0.1701 0.2802 0.4913 0.4498 0.1677 0.1407 0.1961 0.3432 0.5141 0.3649 0.1425 0.1534 0.2382 0.4336 0.4882 0.2255 0.1373 0.1789 0.3058 0.5102 0.4082 0.1489 0.1479 0.2230 0.4063 0.4989 0.2593 0.1371 0.1728 0.2916 0.5039 0.4254 0.1534 0.1454 0.2151 0.3899 0.5045 0.2844 0.1374 0.1671 0.2677 0.3902 0.2677 0.1671 0.1374 0.2844 0.5045 0.3899 0.2151 0.1454 0.1534 0.4254 0.5039 0.2916 0.1728 0.1371 0.2593 0.4989 0.4063 0.2230 0.1479 0.1489 0.4082 0.5102 0.3058 0.1789 0.1373 0.2255 0.4882 0.4336 0.2382 0.1534 0.1425 0.3649 0.5141 0.3432 0.1961 0.1407 0.1677 0.4498 0.4913 0.2802 0.1701 0.1372 0.2541 0.4949 0.4232 0.2348 0.1529 0.1424 0.3603 0.5130
0.3555 0.1415 0.1542 0.2385 0.4299 0.4920 0.2440 0.1371 0.1720 0.2847 0.4954 0.4451 0.1648 0.1412 0.1978 0.3465 0.5140 0.3621 0.1423 0.1536 0.2382 0.4329 0.4889 0.2286 0.1373 0.1778 0.3028 0.5090 0.4132 0.1501 0.1470 0.2202 0.4002 0.5012 0.2691 0.1372 0.1710 0.2868 0.5007 0.4315 0.1556 0.1445 0.2121 0.3833 0.5064 0.2942 0.1377 0.1663 0.2730 0.4774 0.5040 0.4774 0.2730 0.1663 0.1377 0.2942 0.5064 0.3833 0.2121 0.1445 0.1556 0.4315 0.5007 0.2868 0.1710 0.1372 0.2691 0.5012 0.4002 0.2202 0.1470 0.1501 0.4132 0.5090 0.3028 0.1778 0.1373 0.2286 0.4889 0.4329 0.2382 0.1536 0.1423 0.3621 0.5140 0.3465 0.1978 0.1412 0.1648 0.4451 0.4954 0.2847 0.1720 0.1371 0.2440 0.4920 0.4299 0.2385 0.1542 0.1415 0.3555
0.1491 0.1556 0.2422 0.4367 0.4889 0.2341 0.1371 0.1739 0.2895 0.4992 0.4397 0.1618 0.1418 0.1999 0.3508 0.5137 0.3575 0.1419 0.1540 0.2390 0.4336 0.4889 0.2296 0.1372 0.1772 0.3006 0.5079 0.4171 0.1513 0.1463 0.2177 0.3947 0.5031 0.2782 0.1373 0.1692 0.2823 0.4972 0.4372 0.1579 0.1436 0.2091 0.3769 0.5081 0.3039 0.1380 0.1648 0.2705 0.4832 0.4627 0.3046 0.4627 0.4832 0.2705 0.1648 0.1380 0.3039 0.5081 0.3769 0.2091 0.1436 0.1579 0.4372 0.4972 0.2823 0.1692 0.1373 0.2782 0.5031 0.3947 0.2177 0.1463 0.1513 0.4171 0.5079 0.3006 0.1772 0.1372 0.2296 0.4889 0.4336 0.2390 0.1540 0.1419 0.3575 0.5137 0.3508 0.1999 0.1418 0.1618 0.4397 0.4992 0.2895 0.1739 0.1371 0.2341 0.4889 0.4367 0.2422 0.1556 0.1491
0.1623 0.2460 0.4434 0.4855 0.2245 0.1372 0.1759 0.2943 0.5026 0.4340 0.1590 0.1425 0.2024 0.3560 0.5132 0.3513 0.1413 0.1547 0.2406 0.4358 0.4882 0.2286 0.1372 0.1770 0.2995 0.5072 0.4198 0.1522 0.1458 0.2157 0.3900 0.5047 0.2865 0.1375 0.1676 0.2780 0.4933 0.4426 0.1605 0.1429 0.2063 0.3706 0.5096 0.3135 0.1383 0.1632 0.2666 0.4803 0.4584 0.1813 0.1358 0.1813 0.4584 0.4803 0.2666 0.1632 0.1383 0.3135 0.5096 0.3706 0.2063 0.1429 0.1605 0.4426 0.4933 0.2780 0.1676 0.1375 0.2865 0.5047 0.3900 0.2157 0.1458 0.1522 0.4198 0.5072 0.2995 0.1770 0.1372 0.2286 0.4882 0.4358 0.2406 0.1547 0.1413 0.3513 0.5132 0.3560 0.2024 0.1425 0.1590 0.4340 0.5026 0.2943 0.1759 0.1372 0.2245 0.4855 0.4434 0.2460 0.1623
0.2507 0.4501 0.4820 0.2153 0.1374 0.1780 0.2993 0.5055 0.4279 0.1565 0.1433 0.2051 0.3619 0.5124 0.3440 0.1407 0.1557 0.2430 0.4393 0.4868 0.2255 0.1373 0.1772 0.2995 0.5069 0.4212 0.1528 0.1454 0.2141 0.3862 0.5060 0.2935 0.1377 0.1662 0.2741 0.4892 0.4477 0.1634 0.1421 0.2036 0.3645 0.5109 0.3228 0.1388 0.1616 0.2625 0.4753 0.4612 0.1756 0.1379 0.1588 0.1379 0.1756 0.4612 0.4753 0.2625 0.1616 0.1388 0.3228 0.5109 0.3645 0.2036 0.1421 0.1634 0.4477 0.4892 0.2741 0.1662 0.1377 0.2935 0.5060 0.3862 0.2141 0.1454 0.1528 0.4212 0.5069 0.2995 0.1772 0.1373 0.2255 0.4868 0.4393 0.2430 0.1557 0.1407 0.3440 0.5124 0.3619 0.2051 0.1433 0.1565 0.4279 0.5055 0.2993 0.1780 0.1374 0.2153 0.4820 0.4501 0.2507
0.4514 0.4783 0.2065 0.1376 0.1801 0.3044 0.5080 0.4217 0.1542 0.1442 0.2080 0.3681 0.5114 0.3355 0.1401 0.1568 0.2458 0.4439 0.4847 0.2206 0.1373 0.1778 0.3006 0.5072 0.4212 0.1530 0.1452 0.2132 0.3835 0.5069 0.2991 0.1379 0.1650 0.2708 0.4852 0.4521 0.1664 0.1414 0.2010 0.3586 0.5120 0.3317 0.1393 0.1601 0.2585 0.4697 0.4653 0.1787 0.1393 0.1865 0.2558 0.1865 0.1393 0.1787 0.4653 0.4697 0.2585 0.1601 0.1393 0.3317 0.5120 0.3586 0.2010 0.1414 0.1664 0.4521 0.4852 0.2708 0.1650 0.1379 0.2991 0.5069 0.3835 0.2132 0.1452 0.1530 0.4212 0.5072 0.3006 0.1778 0.1373 0.2206 0.4847 0.4439 0.2458 0.1568 0.1401 0.3355 0.5114 0.3681 0.2080 0.1442 0.1542 0.4217 0.5080 0.3044 0.1801 0.1376 0.2065 0.4783 0.4514
0.4759 0.1984 0.1379 0.1823 0.3096 0.5099 0.4152 0.1522 0.1450 0.2110 0.3745 0.5102 0.3264 0.1395 0.1581 0.2492 0.4493 0.4821 0.2144 0.1374 0.1789 0.3028 0.5079 0.4198 0.1528 0.1452 0.2128 0.3820 0.5075 0.3031 0.1380 0.1641 0.2681 0.4817 0.4559 0.1695 0.1409 0.1987 0.3531 0.5129 0.3403 0.1398 0.1587 0.2546 0.4639 0.4695 0.1838 0.1391 0.1903 0.3229 0.4645 0.3229 0.1903 0.1391 0.1838 0.4695 0.4639 0.2546 0.1587 0.1398 0.3403 0.5129 0.3531 0.1987 0.1409 0.1695 0.4559 0.4817 0.2681 0.1641 0.1380 0.3031 0.5075 0.3820 0.2128 0.1452 0.1528 0.4198 0.5079 0.3028 0.1789 0.1374 0.2144 0.4821 0.4493 0.2492 0.1581 0.1395 0.3264 0.5102 0.3745 0.2110 0.1450 0.1522 0.4152 0.5099 0.3096 0.1823 0.1379 0.1984 0.4759
0.1981 0.1383 0.1845 0.3149 0.5115 0.4085 0.1504 0.1460 0.2140 0.3810 0.5087 0.3169 0.1390 0.1596 0.2530 0.4553 0.4789 0.2074 0.1376 0.1803 0.3058 0.5090 0.4171 0.1522 0.1454 0.2132 0.3820 0.5076 0.3052 0.1382 0.1634 0.2660 0.4787 0.4589 0.1724 0.1404 0.1966 0.3481 0.5135 0.3484 0.1405 0.1574 0.2508 0.4579 0.4735 0.1900 0.1387 0.1891 0.3288 0.5121 0.4717 0.5121 0.3288 0.1891 0.1387 0.1900 0.4735 0.4579 0.2508 0.1574 0.1405 0.3484 0.5135 0.3481 0.1966 0.1404 0.1724 0.4589 0.4787 0.2660 0.1634 0.1382 0.3052 0.5076 0.3820 0.2132 0.1454 0.1522 0.4171 0.5090 0.3058 0.1803 0.1376 0.2074 0.4789 0.4553 0.2530 0.1596 0.1390 0.3169 0.5087 0.3810 0.2140 0.1460 0.1504 0.4085 0.5115 0.3149 0.1845 0.1383 0.1981
0.1463 0.1868 0.3203 0.5127 0.4015 0.1488 0.1470 0.2171 0.3876 0.5070 0.3072 0.1385 0.1611 0.2570 0.4615 0.4751 0.1999 0.1379 0.1821 0.3096 0.5102 0.4132 0.1513 0.1458 0.2141 0.3835 0.5075 0.3052 0.1382 0.1631 0.2647 0.4765 0.4612 0.1749 0.1400 0.1949 0.3437 0.5139 0.3555 0.1411 0.1561 0.2472 0.4519 0.4773 0.1968 0.1383 0.1871 0.3257 0.5136 0.3985 0.1972 0.3985 0.5136 0.3257 0.1871 0.1383 0.1968 0.4773 0.4519 0.2472 0.1561 0.1411 0.3555 0.5139 0.3437 0.1949 0.1400 0.1749 0.4612 0.4765 0.2647 0.1631 0.1382 0.3052 0.5075 0.3835 0.2141 0.1458 0.1513 0.4132 0.5102 0.3096 0.1821 0.1379 0.1999 0.4751 0.4615 0.2570 0.1611 0.1385 0.3072 0.5070 0.3876 0.2171 0.1470 0.1488 0.4015 0.5127 0.3203 0.1868 0.1463
0.1926 0.3258 0.5135 0.3942 0.1473 0.1480 0.2203 0.3942 0.5052 0.2974 0.1381 0.1627 0.2612 0.4677 0.4710 0.1925 0.1382 0.1841 0.3141 0.5114 0.4082 0.1501 0.1463 0.2157 0.3862 0.5069 0.3031 0.1382 0.1631 0.2643 0.4753 0.4626 0.1769 0.1397 0.1935 0.3401 0.5141 0.3616 0.1417 0.1550 0.2440 0.4461 0.4808 0.2041 0.1380 0.1849 0.3209 0.5135 0.3901 0.1473 0.1361 0.1473 0.3901 0.5135 0.3209 0.1849 0.1380 0.2041 0.4808 0.4461 0.2440 0.1550 0.1417 0.3616 0.5141 0.3401 0.1935 0.1397 0.1769 0.4626 0.4753 0.2643 0.1631 0.1382 0.3031 0.5069 0.3862 0.2157 0.1463 0.1501 0.4082 0.5114 0.3141 0.1841 0.1382 0.1925 0.4710 0.4677 0.2612 0.1627 0.1381 0.2974 0.5052 0.3942 0.2203 0.1480 0.1473 0.3942 0.5135 0.3258 0.1926
0.3292 0.5141 0.3867 0.1459 0.1491 0.2235 0.4009 0.5031 0.2874 0.1378 0.1643 0.2654 0.4736 0.4666 0.1857 0.1386 0.1863 0.3192 0.5125 0.4024 0.1489 0.1470 0.2177 0.3900 0.5060 0.2991 0.1380 0.1634 0.2647 0.4753 0.4631 0.1780 0.1395 0.1925 0.3374 0.5142 0.3666 0.1423 0.1541 0.2411 0.4406 0.4839 0.2117 0.1377 0.1829 0.3160 0.5128 0.3941 0.1463 0.1463 0.1795 0.1463 0.1463 0.3941 0.5128 0.3160 0.1829 0.1377 0.2117 0.4839 0.4406 0.2411 0.1541 0.1423 0.3666 0.5142 0.3374 0.1925 0.1395 0.1780 0.4631 0.4753 0.2647 0.1634 0.1380 0.2991 0.5060 0.3900 0.2177 0.1470 0.1489 0.4024 0.5125 0.3192 0.1863 0.1386 0.1857 0.4666 0.4736 0.2654 0.1643 0.1378 0.2874 0.5031 0.4009 0.2235 0.1491 0.1459 0.3867 0.5141 0.3292
0.5130 0.3790 0.1447 0.1502 0.2269 0.4076 0.5008 0.2773 0.1375 0.1660 0.2697 0.4793 0.4621 0.1797 0.1390 0.1887 0.3246 0.5134 0.3957 0.1475 0.1479 0.2202 0.3947 0.5047 0.2935 0.1379 0.1641 0.2660 0.4765 0.4626 0.1780 0.1395 0.1920 0.3357 0.5143 0.3704 0.1428 0.1533 0.2387 0.4359 0.4865 0.2190 0.1375 0.1810 0.3113 0.5119 0.4001 0.1472 0.1484 0.2174 0.3089 0.2174 0.1484 0.1472 0.4001 0.5119 0.3113 0.1810 0.1375 0.2190 0.4865 0.4359 0.2387 0.1533 0.1428 0.3704 0.5143 0.3357 0.1920 0.1395 0.1780 0.4626 0.4765 0.2660 0.1641 0.1379 0.2935 0.5047 0.3947 0.2202 0.1479 0.1475 0.3957 0.5134 0.3246 0.1887 0.1390 0.1797 0.4621 0.4793 0.2697 0.1660 0.1375 0.2773 0.5008 0.4076 0.2269 0.1502 0.1447 0.3790 0.5130
0.3744 0.1436 0.1514 0.2303 0.4144 0.4984 0.2671 0.1373 0.1677 0.2742 0.4846 0.4572 0.1745 0.1396 0.1911 0.3302 0.5140 0.3884 0.1462 0.1489 0.2230 0.4002 0.5031 0.2865 0.1377 0.1650 0.2681 0.4787 0.4612 0.1769 0.1395 0.1920 0.3351 0.5143 0.3728 0.1432 0.1527 0.2368 0.4319 0.4886 0.2255 0.1373 0.1792 0.3069 0.5106 0.4062 0.1484 0.1481 0.2221 0.3913 0.5091 0.3913 0.2221 0.1481 0.1484 0.4062 0.5106 0.3069 0.1792 0.1373 0.2255 0.4886 0.4319 0.2368 0.1527 0.1432 0.3728 0.5143 0.3351 0.1920 0.1395 0.1769 0.4612 0.4787 0.2681 0.1650 0.1377 0.2865 0.5031 0.4002 0.2230 0.1489 0.1462 0.3884 0.5140 0.3302 0.1911 0.1396 0.1745 0.4572 0.4846 0.2742 0.1677 0.1373 0.2671 0.4984 0.4144 0.2303 0.1514 0.1436 0.3744
0.1510 0.1526 0.2338 0.4212 0.4957 0.2570 0.1372 0.1695 0.2787 0.4896 0.4522 0.1700 0.1402 0.1936 0.3360 0.5142 0.3807 0.1450 0.1499 0.2262 0.4063 0.5012 0.2782 0.1375 0.1662 0.2708 0.4817 0.4589 0.1749 0.1397 0.1925 0.3357 0.5143 0.3737 0.1434 0.1524 0.2354 0.4289 0.4903 0.2311 0.1372 0.1778 0.3031 0.5092 0.4118 0.1497 0.1473 0.2207 0.3986 0.5047 0.4131 0.5047 0.3986 0.2207 0.1473 0.1497 0.4118 0.5092 0.3031 0.1778 0.1372 0.2311 0.4903 0.4289 0.2354 0.1524 0.1434 0.3737 0.5143 0.3357 0.1925 0.1397 0.1749 0.4589 0.4817 0.2708 0.1662 0.1375 0.2782 0.5012 0.4063 0.2262 0.1499 0.1450 0.3807 0.5142 0.3360 0.1936 0.1402 0.1700 0.4522 0.4896 0.2787 0.1695 0.1372 0.2570 0.4957 0.4212 0.2338 0.1526 0.1510
0.1595 0.2374 0.4280 0.4928 0.2469 0.1371 0.1714 0.2833 0.4941 0.4469 0.1662 0.1408 0.1962 0.3418 0.5142 0.3727 0.1438 0.1511 0.2296 0.4129 0.4989 0.2691 0.1373 0.1676 0.2741 0.4852 0.4559 0.1724 0.1400 0.1935 0.3374 0.5143 0.3728 0.1434 0.1522 0.2347 0.4269 0.4914 0.2354 0.1372 0.1766 0.2999 0.5078 0.4167 0.1511 0.1465 0.2183 0.3956 0.5034 0.3020 0.1491 0.3020 0.5034 0.3956 0.2183 0.1465 0.1511 0.4167 0.5078 0.2999 0.1766 0.1372 0.2354 0.4914 0.4269 0.2347 0.1522 0.1434 0.3728 0.5143 0.3374 0.1935 0.1400 0.1724 0.4559 0.4852 0.2741 0.1676 0.1373 0.2691 0.4989 0.4129 0.2296 0.1511 0.1438 0.3727 0.5142 0.3418 0.1962 0.1408 0.1662 0.4469 0.4941 0.2833 0.1714 0.1371 0.2469 0.4928 0.4280 0.2374 0.1595
0.2422 0.4348 0.4898 0.2369 0.1371 0.1733 0.2880 0.4981 0.4414 0.1628 0.1415 0.1988 0.3478 0.5140 0.3645 0.1428 0.1523 0.2330 0.4196 0.4963 0.2593 0.1372 0.1692 0.2780 0.4892 0.4521 0.1695 0.1404 0.1949 0.3401 0.5142 0.3704 0.1432 0.1524 0.2347 0.4263 0.4920 0.2381 0.1372 0.1757 0.2974 0.5065 0.4208 0.1523 0.1458 0.2160 0.3909 0.5045 0.2894 0.1373 0.1431 0.1373 0.2894 0.5045 0.3909 0.2160 0.1458 0.1523 0.4208 0.5065 0.2974 0.1757 0.1372 0.2381 0.4920 0.4263 0.2347 0.1524 0.1432 0.3704 0.5142 0.3401 0.1949 0.1404 0.1695 0.4521 0.4892 0.2780 0.1692 0.1372 0.2593 0.4963 0.4196 0.2330 0.1523 0.1428 0.3645 0.5140 0.3478 0.1988 0.1415 0.1628 0.4414 0.4981 0.2880 0.1733 0.1371 0.2369 0.4898 0.4348 0.2422
0.4365 0.4865 0.2272 0.1372 0.1753 0.2929 0.5017 0.4357 0.1598 0.1423 0.2015 0.3538 0.5135 0.3561 0.1419 0.1536 0.2366 0.4264 0.4935 0.2493 0.1371 0.1710 0.2823 0.4933 0.4477 0.1664 0.1409 0.1966 0.3437 0.5141 0.3666 0.1428 0.1527 0.2354 0.4269 0.4920 0.2391 0.1372 0.1752 0.2956 0.5053 0.4240 0.1534 0.1452 0.2140 0.3863 0.5058 0.2933 0.1376 0.1609 0.2089 0.1609 0.1376 0.2933 0.5058 0.3863 0.2140 0.1452 0.1534 0.4240 0.5053 0.2956 0.1752 0.1372 0.2391 0.4920 0.4269 0.2354 0.1527 0.1428 0.3666 0.5141 0.3437 0.1966 0.1409 0.1664 0.4477 0.4933 0.2823 0.1710 0.1371 0.2493 0.4935 0.4264 0.2366 0.1536 0.1419 0.3561 0.5135 0.3538 0.2015 0.1423 0.1598 0.4357 0.5017 0.2929 0.1753 0.1372 0.2272 0.4865 0.4365
0.4843 0.2179 0.1373 0.1774 0.2978 0.5047 0.4297 0.1572 0.1431 0.2043 0.3600 0.5127 0.3474 0.1411 0.1549 0.2402 0.4331 0.4905 0.2394 0.1371 0.1728 0.2868 0.4972 0.4426 0.1634 0.1414 0.1987 0.3481 0.5139 0.3616 0.1423 0.1533 0.2368 0.4289 0.4914 0.2381 0.1372 0.1750 0.2947 0.5046 0.4262 0.1543 0.1448 0.2122 0.3823 0.5070 0.2993 0.1378 0.1641 0.2597 0.3776 0.2597 0.1641 0.1378 0.2993 0.5070 0.3823 0.2122 0.1448 0.1543 0.4262 0.5046 0.2947 0.1750 0.1372 0.2381 0.4914 0.4289 0.2368 0.1533 0.1423 0.3616 0.5139 0.3481 0.1987 0.1414 0.1634 0.4426 0.4972 0.2868 0.1728 0.1371 0.2394 0.4905 0.4331 0.2402 0.1549 0.1411 0.3474 0.5127 0.3600 0.2043 0.1431 0.1572 0.4297 0.5047 0.2978 0.1774 0.1373 0.2179 0.4843
0.2156 0.1375 0.1795 0.3029 0.5073 0.4236 0.1549 0.1439 0.2072 0.3662 0.5117 0.3384 0.1404 0.1562 0.2439 0.4398 0.4873 0.2297 0.1372 0.1748 0.2916 0.5007 0.4372 0.1605 0.1421 0.2010 0.3531 0.5135 0.3555 0.1417 0.1541 0.2387 0.4319 0.4903 0.2354 0.1372 0.1752 0.2947 0.5043 0.4273 0.1549 0.1444 0.2109 0.3791 0.5080 0.3051 0.1381 0.1638 0.2659 0.4674 0.5070 0.4674 0.2659 0.1638 0.1381 0.3051 0.5080 0.3791 0.2109 0.1444 0.1549 0.4273 0.5043 0.2947 0.1752 0.1372 0.2354 0.4903 0.4319 0.2387 0.1541 0.1417 0.3555 0.5135 0.3531 0.2010 0.1421 0.1605 0.4372 0.5007 0.2916 0.1748 0.1372 0.2297 0.4873 0.4398 0.2439 0.1562 0.1404 0.3384 0.5117 0.3662 0.2072 0.1439 0.1549 0.4236 0.5073 0.3029 0.1795 0.1375 0.2156
0.1457 0.1816 0.3080 0.5094 0.4171 0.1528 0.1448 0.2101 0.3726 0.5106 0.3293 0.1397 0.1576 0.2478 0.4465 0.4839 0.2203 0.1373 0.1768 0.2964 0.5039 0.4315 0.1579 0.1429 0.2036 0.3586 0.5129 0.3484 0.1411 0.1550 0.2411 0.4359 0.4886 0.2311 0.1372 0.1757 0.2956 0.5046 0.4273 0.1551 0.1443 0.2101 0.3768 0.5087 0.3099 0.1383 0.1630 0.2650 0.4754 0.4696 0.3204 0.4696 0.4754 0.2650 0.1630 0.1383 0.3099 0.5087 0.3768 0.2101 0.1443 0.1551 0.4273 0.5046 0.2956 0.1757 0.1372 0.2311 0.4886 0.4359 0.2411 0.1550 0.1411 0.3484 0.5129 0.3586 0.2036 0.1429 0.1579 0.4315 0.5039 0.2964 0.1768 0.1373 0.2203 0.4839 0.4465 0.2478 0.1576 0.1397 0.3293 0.5106 0.3726 0.2101 0.1448 0.1528 0.4171 0.5094 0.3080 0.1816 0.1457
0.1876 0.3133 0.5111 0.4105 0.1509 0.1457 0.2131 0.3791 0.5092 0.3199 0.1391 0.1591 0.2517 0.4530 0.4803 0.2113 0.1375 0.1789 0.3014 0.5066 0.4254 0.1556 0.1436 0.2063 0.3645 0.5120 0.3403 0.1405 0.1561 0.2440 0.4406 0.4865 0.2255 0.1372 0.1766 0.2974 0.5053 0.4262 0.1549 0.1443 0.2099 0.3756 0.5091 0.3132 0.1385 0.1623 0.2632 0.4745 0.4642 0.1904 0.1365 0.1904 0.4642 0.4745 0.2632 0.1623 0.1385 0.3132 0.5091 0.3756 0.2099 0.1443 0.1549 0.4262 0.5053 0.2974 0.1766 0.1372 0.2255 0.4865 0.4406 0.2440 0.1561 0.1405 0.3403 0.5120 0.3645 0.2063 0.1436 0.1556 0.4254 0.5066 0.3014 0.1789 0.1375 0.2113 0.4803 0.4530 0.2517 0.1591 0.1391 0.3199 0.5092 0.3791 0.2131 0.1457 0.1509 0.4105 0.5111 0.3133 0.1876
0.3169 0.5125 0.4036 0.1492 0.1467 0.2162 0.3856 0.5076 0.3104 0.1386 0.1606 0.2557 0.4593 0.4765 0.2029 0.1377 0.1810 0.3065 0.5088 0.4191 0.1534 0.1445 0.2091 0.3706 0.5109 0.3317 0.1398 0.1574 0.2472 0.4461 0.4839 0.2190 0.1373 0.1778 0.2999 0.5065 0.4240 0.1543 0.1444 0.2101 0.3756 0.5092 0.3150 0.1386 0.1617 0.2615 0.4723 0.4648 0.1810 0.1374 0.1570 0.1374 0.1810 0.4648 0.4723 0.2615 0.1617 0.1386 0.3150 0.5092 0.3756 0.2101 0.1444 0.1543 0.4240 0.5065 0.2999 0.1778 0.1373 0.2190 0.4839 0.4461 0.2472 0.1574 0.1398 0.3317 0.5109 0.3706 0.2091 0.1445 0.1534 0.4191 0.5088 0.3065 0.1810 0.1377 0.2029 0.4765 0.4593 0.2557 0.1606 0.1386 0.3104 0.5076 0.3856 0.2162 0.1467 0.1492 0.4036 0.5125 0.3169
0.5116 0.3964 0.1477 0.1477 0.2193 0.3921 0.5058 0.3006 0.1382 0.1621 0.2597 0.4656 0.4725 0.1951 0.1380 0.1832 0.3117 0.5106 0.4126 0.1515 0.1454 0.2121 0.3769 0.5096 0.3228 0.1393 0.1587 0.2508 0.4519 0.4808 0.2117 0.1375 0.1792 0.3031 0.5078 0.4208 0.1534 0.1448 0.2109 0.3768 0.5091 0.3150 0.1386 0.1615 0.2604 0.4704 0.4662 0.1814 0.1389 0.1843 0.2515 0.1843 0.1389 0.1814 0.4662 0.4704 0.2604 0.1615 0.1386 0.3150 0.5091 0.3768 0.2109 0.1448 0.1534 0.4208 0.5078 0.3031 0.1792 0.1375 0.2117 0.4808 0.4519 0.2508 0.1587 0.1393 0.3228 0.5096 0.3769 0.2121 0.1454 0.1515 0.4126 0.5106 0.3117 0.1832 0.1380 0.1951 0.4725 0.4656 0.2597 0.1621 0.1382 0.3006 0.5058 0.3921 0.2193 0.1477 0.1477 0.3964 0.5116
0.3922 0.1463 0.1487 0.2225 0.3988 0.5038 0.2907 0.1379 0.1637 0.2639 0.4716 0.4682 0.1881 0.1384 0.1854 0.3170 0.5120 0.4058 0.1498 0.1463 0.2151 0.3833 0.5081 0.3135 0.1388 0.1601 0.2546 0.4579 0.4773 0.2041 0.1377 0.1810 0.3069 0.5092 0.4167 0.1523 0.1452 0.2122 0.3791 0.5087 0.3132 0.1386 0.1615 0.2600 0.4693 0.4673 0.1829 0.1390 0.1892 0.3191 0.4596 0.3191 0.1892 0.1390 0.1829 0.4673 0.4693 0.2600 0.1615 0.1386 0.3132 0.5087 0.3791 0.2122 0.1452 0.1523 0.4167 0.5092 0.3069 0.1810 0.1377 0.2041 0.4773 0.4579 0.2546 0.1601 0.1388 0.3135 0.5081 0.3833 0.2151 0.1463 0.1498 0.4058 0.5120 0.3170 0.1854 0.1384 0.1881 0.4682 0.4716 0.2639 0.1637 0.1379 0.2907 0.5038 0.3988 0.2225 0.1487 0.1463 0.3922
0.1534 0.1498 0.2258 0.4055 0.5016 0.2807 0.1376 0.1654 0.2682 0.4773 0.4638 0.1819 0.1389 0.1878 0.3224 0.5131 0.3988 0.1482 0.1473 0.2182 0.3899 0.5064 0.3039 0.1383 0.1616 0.2585 0.4639 0.4735 0.1968 0.1380 0.1829 0.3113 0.5106 0.4118 0.1511 0.1458 0.2140 0.3823 0.5080 0.3099 0.1385 0.1617 0.2604 0.4693 0.4677 0.1838 0.1390 0.1896 0.3282 0.5118 0.4737 0.5118 0.3282 0.1896 0.1390 0.1838 0.4677 0.4693 0.2604 0.1617 0.1385 0.3099 0.5080 0.3823 0.2140 0.1458 0.1511 0.4118 0.5106 0.3113 0.1829 0.1380 0.1968 0.4735 0.4639 0.2585 0.1616 0.1383 0.3039 0.5064 0.3899 0.2182 0.1473 0.1482 0.3988 0.5131 0.3224 0.1878 0.1389 0.1819 0.4638 0.4773 0.2682 0.1654 0.1376 0.2807 0.5016 0.4055 0.2258 0.1498 0.1534
0.1569 0.2292 0.4122 0.4992 0.2707 0.1374 0.1671 0.2725 0.4827 0.4591 0.1764 0.1394 0.1901 0.3279 0.5138 0.3916 0.1468 0.1484 0.2214 0.3965 0.5045 0.2942 0.1380 0.1632 0.2625 0.4697 0.4695 0.1900 0.1383 0.1849 0.3160 0.5119 0.4062 0.1497 0.1465 0.2160 0.3863 0.5070 0.3051 0.1383 0.1623 0.2615 0.4704 0.4673 0.1838 0.1389 0.1894 0.3291 0.5137 0.3987 0.1985 0.3987 0.5137 0.3291 0.1894 0.1389 0.1838 0.4673 0.4704 0.2615 0.1623 0.1383 0.3051 0.5070 0.3863 0.2160 0.1465 0.1497 0.4062 0.5119 0.3160 0.1849 0.1383 0.1900 0.4695 0.4697 0.2625 0.1632 0.1380 0.2942 0.5045 0.3965 0.2214 0.1484 0.1468 0.3916 0.5138 0.3279 0.1901 0.1394 0.1764 0.4591 0.4827 0.2725 0.1671 0.1374 0.2707 0.4992 0.4122 0.2292 0.1569
0.2341 0.4189 0.4966 0.2607 0.1372 0.1688 0.2769 0.4876 0.4542 0.1718 0.1399 0.1925 0.3335 0.5141 0.3841 0.1455 0.1494 0.2246 0.4030 0.5024 0.2844 0.1377 0.1648 0.2666 0.4753 0.4653 0.1838 0.1387 0.1871 0.3209 0.5128 0.4001 0.1484 0.1473 0.2183 0.3909 0.5058 0.2993 0.1381 0.1630 0.2632 0.4723 0.4662 0.1829 0.1390 0.1894 0.3290 0.5140 0.3852 0.1468 0.1363 0.1468 0.3852 0.5140 0.3290 0.1894 0.1390 0.1829 0.4662 0.4723 0.2632 0.1630 0.1381 0.2993 0.5058 0.3909 0.2183 0.1473 0.1484 0.4001 0.5128 0.3209 0.1871 0.1387 0.1838 0.4653 0.4753 0.2666 0.1648 0.1377 0.2844 0.5024 0.4030 0.2246 0.1494 0.1455 0.3841 0.5141 0.3335 0.1925 0.1399 0.1718 0.4542 0.4876 0.2769 0.1688 0.1372 0.2607 0.4966 0.4189 0.2341
0.4201 0.4942 0.2514 0.1371 0.1705 0.2811 0.4919 0.4496 0.1680 0.1404 0.1948 0.3387 0.5142 0.3770 0.1444 0.1504 0.2276 0.4091 0.5003 0.2752 0.1374 0.1663 0.2705 0.4803 0.4612 0.1787 0.1391 0.1891 0.3257 0.5135 0.3941 0.1472 0.1481 0.2207 0.3956 0.5045 0.2933 0.1378 0.1638 0.2650 0.4745 0.4648 0.1814 0.1390 0.1896 0.3291 0.5140 0.3835 0.1450 0.1469 0.1806 0.1469 0.1450 0.3835 0.5140 0.3291 0.1896 0.1390 0.1814 0.4648 0.4745 0.2650 0.1638 0.1378 0.2933 0.5045 0.3956 0.2207 0.1481 0.1472 0.3941 0.5135 0.3257 0.1891 0.1391 0.1787 0.4612 0.4803 0.2705 0.1663 0.1374 0.2752 0.5003 0.4091 0.2276 0.1504 0.1444 0.3770 0.5142 0.3387 0.1948 0.1404 0.1680 0.4496 0.4919 0.2811 0.1705 0.1371 0.2514 0.4942 0.4201
0.4933 0.2458 0.1369 0.1713 0.2837 0.4942 0.4465 0.1658 0.1407 0.1961 0.3421 0.5140 0.3724 0.1436 0.1509 0.2294 0.4129 0.4987 0.2692 0.1371 0.1671 0.2730 0.4832 0.4584 0.1756 0.1393 0.1903 0.3288 0.5136 0.3901 0.1463 0.1484 0.2221 0.3986 0.5034 0.2894 0.1376 0.1641 0.2659 0.4754 0.4642 0.1810 0.1389 0.1892 0.3282 0.5137 0.3852 0.1450 0.1494 0.2196 0.3119 0.2196 0.1494 0.1450 0.3852 0.5137 0.3282 0.1892 0.1389 0.1810 0.4642 0.4754 0.2659 0.1641 0.1376 0.2894 0.5034 0.3986 0.2221 0.1484 0.1463 0.3901 0.5136 0.3288 0.1903 0.1393 0.1756 0.4584 0.4832 0.2730 0.1671 0.1371 0.2692 0.4987 0.4129 0.2294 0.1509 0.1436 0.3724 0.5140 0.3421 0.1961 0.1407 0.1658 0.4465 0.4942 0.2837 0.1713 0.1369 0.2458 0.4933
0.2634 0.1362 0.1681 0.2781 0.4892 0.4516 0.1697 0.1391 0.1921 0.3360 0.5131 0.3815 0.1442 0.1486 0.2247 0.4060 0.5002 0.2808 0.1366 0.1641 0.2677 0.4774 0.4627 0.1813 0.1379 0.1865 0.3229 0.5121 0.3985 0.1473 0.1463 0.2174 0.3913 0.5047 0.3020 0.1373 0.1609 0.2597 0.4674 0.4696 0.1904 0.1374 0.1843 0.3191 0.5118 0.3987 0.1468 0.1469 0.2196 0.3865 0.5066 0.3865 0.2196 0.1469 0.1468 0.3987 0.5118 0.3191 0.1843 0.1374 0.1904 0.4696 0.4674 0.2597 0.1609 0.1373 0.3020 0.5047 0.3913 0.2174 0.1463 0.1473 0.3985 0.5121 0.3229 0.1865 0.1379 0.1813 0.4627 0.4774 0.2677 0.1641 0.1366 0.2808 0.5002 0.4060 0.2247 0.1486 0.1442 0.3815 0.5131 0.3360 0.1921 0.1391 0.1697 0.4516 0.4892 0.2781 0.1681 0.1362 0.2634
0.1504 0.1475 0.2227 0.4060 0.4992 0.2817 0.1353 0.1625 0.2657 0.4779 0.4620 0.1809 0.1370 0.1846 0.3213 0.5116 0.3983 0.1454 0.1450 0.2151 0.3902 0.5040 0.3046 0.1358 0.1588 0.2558 0.4645 0.4717 0.1972 0.1361 0.1795 0.3089 0.5091 0.4131 0.1491 0.1431 0.2089 0.3776 0.5070 0.3204 0.1365 0.1570 0.2515 0.4596 0.4737 0.1985 0.1363 0.1806 0.3119 0.5066 0.4835 0.5066 0.3119 0.1806 0.1363 0.1985 0.4737 0.4596 0.2515 0.1570 0.1365 0.3204 0.5070 0.3776 0.2089 0.1431 0.1491 0.4131 0.5091 0.3089 0.1795 0.1361 0.1972 0.4717 0.4645 0.2558 0.1588 0.1358 0.3046 0.5040 0.3902 0.2151 0.1450 0.1454 0.3983 0.5116 0.3213 0.1846 0.1370 0.1809 0.4620 0.4779 0.2657 0.1625 0.1353 0.2817 0.4992 0.4060 0.2227 0.1475 0.1504
0.2634 0.1362 0.1681 0.2781 0.4892 0.4516 0.1697 0.1391 0.1921 0.3360 0.5131 0.3815 0.1442 0.1486 0.2247 0.4060 0.5002 0.2808 0.1366 0.1641 0.2677 0.4774 0.4627 0.1813 0.1379 0.1865 0.3229 0.5121 0.3985 0.1473 0.1463 0.2174 0.3913 0.5047 0.3020 0.1373 0.1609 0.2597 0.4674 0.4696 0.1904 0.1374 0.1843 0.3191 0.5118 0.3987 0.1468 0.1469 0.2196 0.3865 0.5066 0.3865 0.2196 0.1469 0.1468 0.3987 0.5118 0.3191 0.1843 0.1374 0.1904 0.4696 0.4674 0.2597 0.1609 0.1373 0.3020 0.5047 0.3913 0.2174 0.1463 0.1473 0.3985 0.5121 0.3229 0.1865 0.1379 0.1813 0.4627 0.4774 0.2677 0.1641 0.1366 0.2808 0.5002 0.4060 0.2247 0.1486 0.1442 0.3815 0.5131 0.3360 0.1921 0.1391 0.1697 0.4516 0.4892 0.2781 0.1681 0.1362 0.2634
0.4933 0.2458 0.1369 0.1713 0.2837 0.4942 0.4465 0.1658 0.1407 0.1961 0.3421 0.5140 0.3724 0.1436 0.1509 0.2294 0.4129 0.4987 0.2692 0.1371 0.1671 0.2730 0.4832 0.4584 0.1756 0.1393 0.1903 0.3288 0.5136 0.3901 0.1463 0.1484 0.2221 0.3986 0.5034 0.2894 0.1376 0.1641 0.2659 0.4754 0.4642 0.1810 0.1389 0.1892 0.3282 0.5137 0.3852 0.1450 0.1494 0.2196 0.3119 0.2196 0.1494 0.1450 0.3852 0.5137 0.3282 0.1892 0.1389 0.1810 0.4642 0.4754 0.2659 0.1641 0.1376 0.2894 0.5034 0.3986 0.2221 0.1484 0.1463 0.3901 0.5136 0.3288 0.1903 0.1393 0.1756 0.4584 0.4832 0.2730 0.1671 0.1371 0.2692 0.4987 0.4129 0.2294 0.1509 0.1436 0.3724 0.5140 0.3421 0.1961 0.1407 0.1658 0.4465 0.4942 0.2837 0.1713 0.1369 0.2458 0.4933
0.4201 0.4942 0.2514 0.1371 0.1705 0.2811 0.4919 0.4496 0.1680 0.1404 0.1948 0.3387 0.5142 0.3770 0.1444 0.1504 0.2276 0.4091 0.5003 0.2752 0.1374 0.1663 0.2705 0.4803 0.4612 0.1787 0.1391 0.1891 0.3257 0.5135 0.3941 0.1472 0.1481 0.2207 0.3956 0.5045 0.2933 0.1378 0.1638 0.2650 0.4745 0.4648 0.1814 0.1390 0.1896 0.3291 0.5140 0.3835 0.1450 0.1469 0.1806 0.1469 0.1450 0.3835 0.5140 0.3291 0.1896 0.1390 0.1814 0.4648 0.4745 0.2650 0.1638 0.1378 0.2933 0.5045 0.3956 0.2207 0.1481 0.1472 0.3941 0.5135 0.3257 0.1891 0.1391 0.1787 0.4612 0.4803 0.2705 0.1663 0.1374 0.2752 0.5003 0.4091 0.2276 0.1504 0.1444 0.3770 0.5142 0.3387 0.1948 0.1404 0.1680 0.4496 0.4919 0.2811 0.1705 0.1371 0.2514 0.4942 0.4201
0.2341 0.4189 0.4966 0.2607 0.1372 0.1688 0.2769 0.4876 0.4542 0.1718 0.1399 0.1925 0.3335 0.5141 0.3841 0.1455 0.1494 0.2246 0.4030 0.5024 0.2844 0.1377 0.1648 0.2666 0.4753 0.4653 0.1838 0.1387 0.1871 0.3209 0.5128 0.4001 0.1484 0.1473 0.2183 0.3909 0.5058 0.2993 0.1381 0.1630 0.2632 0.4723 0.4662 0.1829 0.1390 0.1894 0.3290 0.5140 0.3852 0.1468 0.1363 0.1468 0.3852 0.5140 0.3290 0.1894 0.1390 0.1829 0.4662 0.4723 0.2632 0.1630 0.1381 0.2993 0.5058 0.3909 0.2183 0.1473 0.1484 0.4001 0.5128 0.3209 0.1871 0.1387 0.1838 0.4653 0.4753 0.2666 0.1648 0.1377 0.2844 0.5024 0.4030 0.2246 0.1494 0.1455 0.3841 0.5141 0.3335 0.1925 0.1399 0.1718 0.4542 0.4876 0.2769 0.1688 0.1372 0.2607 0.4966 0.4189 0.2341
0.1569 0.2292 0.4122 0.4992 0.2707 0.1374 0.1671 0.2725 0.4827 0.4591 0.1764 0.1394 0.1901 0.3279 0.5138 0.3916 0.1468 0.1484 0.2214 0.3965 0.5045 0.2942 0.1380 0.1632 0.2625 0.4697 0.4695 0.1900 0.1383 0.1849 0.3160 0.5119 0.4062 0.1497 0.1465 0.2160 0.3863 0.5070 0.3051 0.1383 0.1623 0.2615 0.4704 0.4673 0.1838 0.1389 0.1894 0.3291 0.5137 0.3987 0.1985 0.3987 0.5137 0.3291 0.1894 0.1389 0.1838 0.4673 0.4704 0.2615 0.1623 0.1383 0.3051 0.5070 0.3863 0.2160 0.1465 0.1497 0.4062 0.5119 0.3160 0.1849 0.1383 0.1900 0.4695 0.4697 0.2625 0.1632 0.1380 0.2942 0.5045 0.3965 0.2214 0.1484 0.1468 0.3916 0.5138 0.3279 0.1901 0.1394 0.1764 0.4591 0.4827 0.2725 0.1671 0.1374 0.2707 0.4992 0.4122 0.2292 0.1569
