-0.1131 -0.2594 -0.3370 -0.3432 0.1026 0.2457 -0.2017 -0.2989 -0.3600 -0.0849 0.2062 -0.1003 -0.2542 -0.3333 -0.3534 0.0889 0.2639 -0.1932 -0.2939 -0.3578 -0.1326 0.1926 -0.0759 -0.2487 -0.3291 -0.3601 0.0746 0.2707 -0.1843 -0.2887 -0.3552 -0.1822 0.1792 -0.0429 -0.2430 -0.3248 -0.3641 0.0594 0.2693 -0.1749 -0.2836 -0.3525 -0.2280 0.1653 0.0037 -0.2371 -0.3202 -0.3660 0.0376 0.2493 0.0063 0.2493 0.0376 -0.3660 -0.3202 -0.2371 0.0037 0.1653 -0.2280 -0.3525 -0.2836 -0.1749 0.2693 0.0594 -0.3641 -0.3248 -0.2430 -0.0429 0.1792 -0.1822 -0.3552 -0.2887 -0.1843 0.2707 0.0746 -0.3601 -0.3291 -0.2487 -0.0759 0.1926 -0.1326 -0.3578 -0.2939 -0.1932 0.2639 0.0889 -0.3534 -0.3333 -0.2542 -0.1003 0.2062 -0.0849 -0.3600 -0.2989 -0.2017 0.2457 0.1026 -0.3432 -0.3370 -0.2594 -0.1131
-0.2594 -0.3512 -0.3515 0.1019 0.2598 -0.2092 -0.3133 -0.3720 -0.0905 0.2030 -0.0935 -0.2694 -0.3469 -0.3632 0.0876 0.2729 -0.1992 -0.3083 -0.3700 -0.1400 0.1897 -0.0649 -0.2640 -0.3428 -0.3702 0.0734 0.2753 -0.1890 -0.3032 -0.3678 -0.1908 0.1766 -0.0254 -0.2585 -0.3386 -0.3744 0.0581 0.2708 -0.1782 -0.2981 -0.3652 -0.2370 0.1621 0.0299 -0.2518 -0.3342 -0.3765 0.0399 0.2590 -0.1518 -0.2515 -0.1518 0.2590 0.0399 -0.3765 -0.3342 -0.2518 0.0299 0.1621 -0.2370 -0.3652 -0.2981 -0.1782 0.2708 0.0581 -0.3744 -0.3386 -0.2585 -0.0254 0.1766 -0.1908 -0.3678 -0.3032 -0.1890 0.2753 0.0734 -0.3702 -0.3428 -0.2640 -0.0649 0.1897 -0.1400 -0.3700 -0.3083 -0.1992 0.2729 0.0876 -0.3632 -0.3469 -0.2694 -0.0935 0.2030 -0.0905 -0.3720 -0.3133 -0.2092 0.2598 0.1019 -0.3515 -0.3512 -0.2594
-0.3370 -0.3515 0.0997 0.2643 -0.2060 -0.3114 -0.3712 -0.1102 0.1972 -0.0822 -0.2671 -0.3451 -0.3666 0.0814 0.2750 -0.1948 -0.3061 -0.3690 -0.1624 0.1838 -0.0492 -0.2616 -0.3410 -0.3723 0.0668 0.2740 -0.1843 -0.3010 -0.3666 -0.2118 0.1704 -0.0033 -0.2561 -0.3367 -0.3755 0.0509 0.2673 -0.1733 -0.2959 -0.3640 -0.2548 0.1555 0.0589 -0.2476 -0.3322 -0.3768 0.0324 0.2561 -0.1582 -0.2851 -0.3366 -0.2851 -0.1582 0.2561 0.0324 -0.3768 -0.3322 -0.2476 0.0589 0.1555 -0.2548 -0.3640 -0.2959 -0.1733 0.2673 0.0509 -0.3755 -0.3367 -0.2561 -0.0033 0.1704 -0.2118 -0.3666 -0.3010 -0.1843 0.2740 0.0668 -0.3723 -0.3410 -0.2616 -0.0492 0.1838 -0.1624 -0.3690 -0.3061 -0.1948 0.2750 0.0814 -0.3666 -0.3451 -0.2671 -0.0822 0.1972 -0.1102 -0.3712 -0.3114 -0.2060 0.2643 0.0997 -0.3515 -0.3370
-0.3432 0.1019 0.2643 -0.2047 -0.3103 -0.3706 -0.1271 0.1922 -0.0704 -0.2648 -0.3434 -0.3694 0.0752 0.2754 -0.1903 -0.3039 -0.3680 -0.1845 0.1781 -0.0312 -0.2592 -0.3391 -0.3740 0.0601 0.2717 -0.1796 -0.2988 -0.3655 -0.2315 0.1638 0.0219 -0.2529 -0.3348 -0.3763 0.0433 0.2631 -0.1682 -0.2936 -0.3628 -0.2711 0.1493 0.0895 -0.2434 -0.3303 -0.3768 0.0237 0.2512 -0.1549 -0.2872 -0.3609 -0.3883 -0.3609 -0.2872 -0.1549 0.2512 0.0237 -0.3768 -0.3303 -0.2434 0.0895 0.1493 -0.2711 -0.3628 -0.2936 -0.1682 0.2631 0.0433 -0.3763 -0.3348 -0.2529 0.0219 0.1638 -0.2315 -0.3655 -0.2988 -0.1796 0.2717 0.0601 -0.3740 -0.3391 -0.2592 -0.0312 0.1781 -0.1845 -0.3680 -0.3039 -0.1903 0.2754 0.0752 -0.3694 -0.3434 -0.2648 -0.0704 0.1922 -0.1271 -0.3706 -0.3103 -0.2047 0.2643 0.1019 -0.3432
0.1026 0.2598 -0.2060 -0.3103 -0.3703 -0.1373 0.1887 -0.0598 -0.2629 -0.3418 -0.3716 0.0690 0.2746 -0.1857 -0.3017 -0.3670 -0.2057 0.1722 -0.0101 -0.2568 -0.3372 -0.3753 0.0530 0.2684 -0.1748 -0.2965 -0.3643 -0.2498 0.1574 0.0502 -0.2488 -0.3328 -0.3767 0.0353 0.2583 -0.1630 -0.2914 -0.3615 -0.2858 0.1432 0.1203 -0.2392 -0.3283 -0.3766 0.0143 0.2457 -0.1496 -0.2858 -0.3583 -0.3367 0.0174 -0.3367 -0.3583 -0.2858 -0.1496 0.2457 0.0143 -0.3766 -0.3283 -0.2392 0.1203 0.1432 -0.2858 -0.3615 -0.2914 -0.1630 0.2583 0.0353 -0.3767 -0.3328 -0.2488 0.0502 0.1574 -0.2498 -0.3643 -0.2965 -0.1748 0.2684 0.0530 -0.3753 -0.3372 -0.2568 -0.0101 0.1722 -0.2057 -0.3670 -0.3017 -0.1857 0.2746 0.0690 -0.3716 -0.3418 -0.2629 -0.0598 0.1887 -0.1373 -0.3703 -0.3103 -0.2060 0.2598 0.1026
0.2457 -0.2092 -0.3114 -0.3706 -0.1373 0.1874 -0.0534 -0.2615 -0.3405 -0.3731 0.0634 0.2728 -0.1813 -0.2995 -0.3659 -0.2258 0.1658 0.0141 -0.2539 -0.3353 -0.3761 0.0456 0.2644 -0.1698 -0.2943 -0.3631 -0.2665 0.1511 0.0805 -0.2446 -0.3309 -0.3768 0.0267 0.2531 -0.1575 -0.2891 -0.3601 -0.2990 0.1372 0.1495 -0.2350 -0.3262 -0.3761 0.0039 0.2398 -0.1435 -0.2836 -0.3568 -0.3294 0.1067 0.2344 0.1067 -0.3294 -0.3568 -0.2836 -0.1435 0.2398 0.0039 -0.3761 -0.3262 -0.2350 0.1495 0.1372 -0.2990 -0.3601 -0.2891 -0.1575 0.2531 0.0267 -0.3768 -0.3309 -0.2446 0.0805 0.1511 -0.2665 -0.3631 -0.2943 -0.1698 0.2644 0.0456 -0.3761 -0.3353 -0.2539 0.0141 0.1658 -0.2258 -0.3659 -0.2995 -0.1813 0.2728 0.0634 -0.3731 -0.3405 -0.2615 -0.0534 0.1874 -0.1373 -0.3706 -0.3114 -0.2092 0.2457
-0.2017 -0.3133 -0.3712 -0.1271 0.1887 -0.0534 -0.2610 -0.3398 -0.3739 0.0590 0.2707 -0.1774 -0.2975 -0.3648 -0.2438 0.1594 0.0414 -0.2501 -0.3334 -0.3766 0.0377 0.2598 -0.1646 -0.2920 -0.3618 -0.2817 0.1449 0.1114 -0.2404 -0.3289 -0.3767 0.0174 0.2476 -0.1518 -0.2868 -0.3587 -0.3108 0.1312 0.1761 -0.2308 -0.3242 -0.3756 -0.0075 0.2339 -0.1371 -0.2814 -0.3553 -0.3344 0.1138 0.2604 -0.1386 0.2604 0.1138 -0.3344 -0.3553 -0.2814 -0.1371 0.2339 -0.0075 -0.3756 -0.3242 -0.2308 0.1761 0.1312 -0.3108 -0.3587 -0.2868 -0.1518 0.2476 0.0174 -0.3767 -0.3289 -0.2404 0.1114 0.1449 -0.2817 -0.3618 -0.2920 -0.1646 0.2598 0.0377 -0.3766 -0.3334 -0.2501 0.0414 0.1594 -0.2438 -0.3648 -0.2975 -0.1774 0.2707 0.0590 -0.3739 -0.3398 -0.2610 -0.0534 0.1887 -0.1271 -0.3712 -0.3133 -0.2017
-0.2989 -0.3720 -0.1102 0.1922 -0.0598 -0.2615 -0.3398 -0.3742 0.0565 0.2690 -0.1744 -0.2959 -0.3638 -0.2585 0.1537 0.0695 -0.2460 -0.3315 -0.3768 0.0293 0.2547 -0.1591 -0.2898 -0.3605 -0.2953 0.1389 0.1413 -0.2362 -0.3268 -0.3763 0.0072 0.2418 -0.1457 -0.2845 -0.3573 -0.3212 0.1254 0.1994 -0.2267 -0.3221 -0.3750 -0.0202 0.2279 -0.1301 -0.2791 -0.3537 -0.3413 0.1109 0.2479 -0.2063 -0.2789 -0.2063 0.2479 0.1109 -0.3413 -0.3537 -0.2791 -0.1301 0.2279 -0.0202 -0.3750 -0.3221 -0.2267 0.1994 0.1254 -0.3212 -0.3573 -0.2845 -0.1457 0.2418 0.0072 -0.3763 -0.3268 -0.2362 0.1413 0.1389 -0.2953 -0.3605 -0.2898 -0.1591 0.2547 0.0293 -0.3768 -0.3315 -0.2460 0.0695 0.1537 -0.2585 -0.3638 -0.2959 -0.1744 0.2690 0.0565 -0.3742 -0.3398 -0.2615 -0.0598 0.1922 -0.1102 -0.3720 -0.2989
-0.3600 -0.0905 0.1972 -0.0704 -0.2629 -0.3405 -0.3739 0.0565 0.2684 -0.1728 -0.2949 -0.3631 -0.2696 0.1489 0.0951 -0.2422 -0.3296 -0.3768 0.0204 0.2493 -0.1535 -0.2875 -0.3591 -0.3075 0.1330 0.1687 -0.2321 -0.3248 -0.3757 -0.0039 0.2358 -0.1393 -0.2822 -0.3558 -0.3304 0.1196 0.2192 -0.2225 -0.3201 -0.3743 -0.0344 0.2219 -0.1226 -0.2768 -0.3521 -0.3478 0.1057 0.2540 -0.2104 -0.3109 -0.3599 -0.3109 -0.2104 0.2540 0.1057 -0.3478 -0.3521 -0.2768 -0.1226 0.2219 -0.0344 -0.3743 -0.3201 -0.2225 0.2192 0.1196 -0.3304 -0.3558 -0.2822 -0.1393 0.2358 -0.0039 -0.3757 -0.3248 -0.2321 0.1687 0.1330 -0.3075 -0.3591 -0.2875 -0.1535 0.2493 0.0204 -0.3768 -0.3296 -0.2422 0.0951 0.1489 -0.2696 -0.3631 -0.2949 -0.1728 0.2684 0.0565 -0.3739 -0.3405 -0.2629 -0.0704 0.1972 -0.0905 -0.3600
-0.0849 0.2030 -0.0822 -0.2648 -0.3418 -0.3731 0.0590 0.2690 -0.1728 -0.2945 -0.3627 -0.2764 0.1455 0.1153 -0.2391 -0.3280 -0.3765 0.0114 0.2438 -0.1477 -0.2852 -0.3577 -0.3183 0.1271 0.1930 -0.2279 -0.3227 -0.3751 -0.0162 0.2298 -0.1324 -0.2799 -0.3543 -0.3385 0.1138 0.2356 -0.2183 -0.3180 -0.3736 -0.0501 0.2159 -0.1144 -0.2745 -0.3505 -0.3535 0.1000 0.2620 -0.2078 -0.3120 -0.3757 -0.3588 -0.3757 -0.3120 -0.2078 0.2620 0.1000 -0.3535 -0.3505 -0.2745 -0.1144 0.2159 -0.0501 -0.3736 -0.3180 -0.2183 0.2356 0.1138 -0.3385 -0.3543 -0.2799 -0.1324 0.2298 -0.0162 -0.3751 -0.3227 -0.2279 0.1930 0.1271 -0.3183 -0.3577 -0.2852 -0.1477 0.2438 0.0114 -0.3765 -0.3280 -0.2391 0.1153 0.1455 -0.2764 -0.3627 -0.2945 -0.1728 0.2690 0.0590 -0.3731 -0.3418 -0.2648 -0.0822 0.2030 -0.0849
0.2062 -0.0935 -0.2671 -0.3434 -0.3716 0.0634 0.2707 -0.1744 -0.2949 -0.3627 -0.2786 0.1437 0.1283 -0.2369 -0.3267 -0.3761 0.0029 0.2388 -0.1420 -0.2831 -0.3563 -0.3277 0.1213 0.2138 -0.2237 -0.3207 -0.3745 -0.0299 0.2237 -0.1251 -0.2776 -0.3527 -0.3455 0.1080 0.2486 -0.2141 -0.3158 -0.3729 -0.0675 0.2099 -0.1054 -0.2722 -0.3489 -0.3584 0.0942 0.2683 -0.2039 -0.3105 -0.3713 -0.1706 0.0931 -0.1706 -0.3713 -0.3105 -0.2039 0.2683 0.0942 -0.3584 -0.3489 -0.2722 -0.1054 0.2099 -0.0675 -0.3729 -0.3158 -0.2141 0.2486 0.1080 -0.3455 -0.3527 -0.2776 -0.1251 0.2237 -0.0299 -0.3745 -0.3207 -0.2237 0.2138 0.1213 -0.3277 -0.3563 -0.2831 -0.1420 0.2388 0.0029 -0.3761 -0.3267 -0.2369 0.1283 0.1437 -0.2786 -0.3627 -0.2949 -0.1744 0.2707 0.0634 -0.3716 -0.3434 -0.2671 -0.0935 0.2062
-0.1003 -0.2694 -0.3451 -0.3694 0.0690 0.2728 -0.1774 -0.2959 -0.3631 -0.2764 0.1437 0.1326 -0.2357 -0.3258 -0.3758 -0.0041 0.2346 -0.1369 -0.2811 -0.3549 -0.3355 0.1157 0.2309 -0.2196 -0.3186 -0.3738 -0.0452 0.2177 -0.1171 -0.2753 -0.3511 -0.3516 0.1022 0.2587 -0.2099 -0.3137 -0.3721 -0.0866 0.2040 -0.0955 -0.2698 -0.3472 -0.3626 0.0883 0.2725 -0.1996 -0.3085 -0.3701 -0.1498 0.1700 0.2711 0.1700 -0.1498 -0.3701 -0.3085 -0.1996 0.2725 0.0883 -0.3626 -0.3472 -0.2698 -0.0955 0.2040 -0.0866 -0.3721 -0.3137 -0.2099 0.2587 0.1022 -0.3516 -0.3511 -0.2753 -0.1171 0.2177 -0.0452 -0.3738 -0.3186 -0.2196 0.2309 0.1157 -0.3355 -0.3549 -0.2811 -0.1369 0.2346 -0.0041 -0.3758 -0.3258 -0.2357 0.1326 0.1437 -0.2764 -0.3631 -0.2959 -0.1774 0.2728 0.0690 -0.3694 -0.3451 -0.2694 -0.1003
-0.2542 -0.3469 -0.3666 0.0752 0.2746 -0.1813 -0.2975 -0.3638 -0.2696 0.1455 0.1283 -0.2357 -0.3255 -0.3757 -0.0088 0.2315 -0.1327 -0.2795 -0.3537 -0.3417 0.1107 0.2439 -0.2156 -0.3165 -0.3731 -0.0622 0.2117 -0.1083 -0.2729 -0.3494 -0.3568 0.0964 0.2661 -0.2056 -0.3115 -0.3713 -0.1072 0.1982 -0.0843 -0.2675 -0.3454 -0.3661 0.0823 0.2748 -0.1953 -0.3063 -0.3692 -0.1630 0.1810 0.0054 -0.2041 0.0054 0.1810 -0.1630 -0.3692 -0.3063 -0.1953 0.2748 0.0823 -0.3661 -0.3454 -0.2675 -0.0843 0.1982 -0.1072 -0.3713 -0.3115 -0.2056 0.2661 0.0964 -0.3568 -0.3494 -0.2729 -0.1083 0.2117 -0.0622 -0.3731 -0.3165 -0.2156 0.2439 0.1107 -0.3417 -0.3537 -0.2795 -0.1327 0.2315 -0.0088 -0.3757 -0.3255 -0.2357 0.1283 0.1455 -0.2696 -0.3638 -0.2975 -0.1813 0.2746 0.0752 -0.3666 -0.3469 -0.2542
-0.3333 -0.3632 0.0814 0.2754 -0.1857 -0.2995 -0.3648 -0.2585 0.1489 0.1153 -0.2369 -0.3258 -0.3757 -0.0105 0.2299 -0.1300 -0.2784 -0.3528 -0.3463 0.1064 0.2531 -0.2120 -0.3146 -0.3724 -0.0803 0.2059 -0.0987 -0.2706 -0.3477 -0.3613 0.0905 0.2712 -0.2013 -0.3094 -0.3705 -0.1289 0.1924 -0.0716 -0.2651 -0.3437 -0.3690 0.0761 0.2755 -0.1909 -0.3041 -0.3681 -0.1831 0.1779 -0.0216 -0.2525 -0.3055 -0.2525 -0.0216 0.1779 -0.1831 -0.3681 -0.3041 -0.1909 0.2755 0.0761 -0.3690 -0.3437 -0.2651 -0.0716 0.1924 -0.1289 -0.3705 -0.3094 -0.2013 0.2712 0.0905 -0.3613 -0.3477 -0.2706 -0.0987 0.2059 -0.0803 -0.3724 -0.3146 -0.2120 0.2531 0.1064 -0.3463 -0.3528 -0.2784 -0.1300 0.2299 -0.0105 -0.3757 -0.3258 -0.2369 0.1153 0.1489 -0.2585 -0.3648 -0.2995 -0.1857 0.2754 0.0814 -0.3632 -0.3333
-0.3534 0.0876 0.2750 -0.1903 -0.3017 -0.3659 -0.2438 0.1537 0.0951 -0.2391 -0.3267 -0.3758 -0.0088 0.2299 -0.1290 -0.2778 -0.3522 -0.3493 0.1031 0.2593 -0.2089 -0.3128 -0.3717 -0.0983 0.2004 -0.0883 -0.2683 -0.3460 -0.3650 0.0844 0.2742 -0.1970 -0.3072 -0.3695 -0.1511 0.1867 -0.0571 -0.2628 -0.3419 -0.3714 0.0698 0.2747 -0.1863 -0.3019 -0.3671 -0.2039 0.1726 -0.0091 -0.2556 -0.3353 -0.3785 -0.3353 -0.2556 -0.0091 0.1726 -0.2039 -0.3671 -0.3019 -0.1863 0.2747 0.0698 -0.3714 -0.3419 -0.2628 -0.0571 0.1867 -0.1511 -0.3695 -0.3072 -0.1970 0.2742 0.0844 -0.3650 -0.3460 -0.2683 -0.0883 0.2004 -0.0983 -0.3717 -0.3128 -0.2089 0.2593 0.1031 -0.3493 -0.3522 -0.2778 -0.1290 0.2299 -0.0088 -0.3758 -0.3267 -0.2391 0.0951 0.1537 -0.2438 -0.3659 -0.3017 -0.1903 0.2750 0.0876 -0.3534
0.0889 0.2729 -0.1948 -0.3039 -0.3670 -0.2258 0.1594 0.0695 -0.2422 -0.3280 -0.3761 -0.0041 0.2315 -0.1300 -0.2778 -0.3520 -0.3507 0.1010 0.2630 -0.2065 -0.3114 -0.3711 -0.1148 0.1955 -0.0777 -0.2661 -0.3443 -0.3681 0.0783 0.2754 -0.1925 -0.3050 -0.3686 -0.1734 0.1810 -0.0404 -0.2604 -0.3400 -0.3733 0.0632 0.2729 -0.1817 -0.2997 -0.3660 -0.2238 0.1663 0.0127 -0.2538 -0.3350 -0.3801 -0.2178 -0.3801 -0.3350 -0.2538 0.0127 0.1663 -0.2238 -0.3660 -0.2997 -0.1817 0.2729 0.0632 -0.3733 -0.3400 -0.2604 -0.0404 0.1810 -0.1734 -0.3686 -0.3050 -0.1925 0.2754 0.0783 -0.3681 -0.3443 -0.2661 -0.0777 0.1955 -0.1148 -0.3711 -0.3114 -0.2065 0.2630 0.1010 -0.3507 -0.3520 -0.2778 -0.1300 0.2315 -0.0041 -0.3761 -0.3280 -0.2422 0.0695 0.1594 -0.2258 -0.3670 -0.3039 -0.1948 0.2729 0.0889
0.2639 -0.1992 -0.3061 -0.3680 -0.2057 0.1658 0.0414 -0.2460 -0.3296 -0.3765 0.0029 0.2346 -0.1327 -0.2784 -0.3522 -0.3507 0.1003 0.2647 -0.2049 -0.3105 -0.3706 -0.1287 0.1914 -0.0674 -0.2641 -0.3428 -0.3704 0.0723 0.2752 -0.1880 -0.3028 -0.3675 -0.1952 0.1753 -0.0210 -0.2580 -0.3382 -0.3747 0.0563 0.2700 -0.1769 -0.2975 -0.3649 -0.2426 0.1598 0.0394 -0.2503 -0.3334 -0.3767 0.0156 0.1543 0.0156 -0.3767 -0.3334 -0.2503 0.0394 0.1598 -0.2426 -0.3649 -0.2975 -0.1769 0.2700 0.0563 -0.3747 -0.3382 -0.2580 -0.0210 0.1753 -0.1952 -0.3675 -0.3028 -0.1880 0.2752 0.0723 -0.3704 -0.3428 -0.2641 -0.0674 0.1914 -0.1287 -0.3706 -0.3105 -0.2049 0.2647 0.1003 -0.3507 -0.3522 -0.2784 -0.1327 0.2346 0.0029 -0.3765 -0.3296 -0.2460 0.0414 0.1658 -0.2057 -0.3680 -0.3061 -0.1992 0.2639
-0.1932 -0.3083 -0.3690 -0.1845 0.1722 0.0141 -0.2501 -0.3315 -0.3768 0.0114 0.2388 -0.1369 -0.2795 -0.3528 -0.3493 0.1010 0.2647 -0.2044 -0.3099 -0.3703 -0.1386 0.1883 -0.0582 -0.2625 -0.3414 -0.3722 0.0667 0.2739 -0.1837 -0.3006 -0.3664 -0.2158 0.1691 0.0015 -0.2556 -0.3363 -0.3757 0.0491 0.2663 -0.1720 -0.2953 -0.3637 -0.2599 0.1535 0.0689 -0.2461 -0.3315 -0.3768 0.0248 0.2378 0.0806 0.2378 0.0248 -0.3768 -0.3315 -0.2461 0.0689 0.1535 -0.2599 -0.3637 -0.2953 -0.1720 0.2663 0.0491 -0.3757 -0.3363 -0.2556 0.0015 0.1691 -0.2158 -0.3664 -0.3006 -0.1837 0.2739 0.0667 -0.3722 -0.3414 -0.2625 -0.0582 0.1883 -0.1386 -0.3703 -0.3099 -0.2044 0.2647 0.1010 -0.3493 -0.3528 -0.2795 -0.1369 0.2388 0.0114 -0.3768 -0.3315 -0.2501 0.0141 0.1722 -0.1845 -0.3690 -0.3083 -0.1932
-0.2939 -0.3700 -0.1624 0.1781 -0.0101 -0.2539 -0.3334 -0.3768 0.0204 0.2438 -0.1420 -0.2811 -0.3537 -0.3463 0.1031 0.2630 -0.2049 -0.3099 -0.3702 -0.1437 0.1864 -0.0512 -0.2612 -0.3402 -0.3734 0.0617 0.2720 -0.1796 -0.2986 -0.3653 -0.2346 0.1626 0.0273 -0.2522 -0.3344 -0.3764 0.0415 0.2620 -0.1669 -0.2930 -0.3624 -0.2756 0.1474 0.0994 -0.2420 -0.3296 -0.3767 0.0195 0.2464 -0.1371 -0.2430 -0.1371 0.2464 0.0195 -0.3767 -0.3296 -0.2420 0.0994 0.1474 -0.2756 -0.3624 -0.2930 -0.1669 0.2620 0.0415 -0.3764 -0.3344 -0.2522 0.0273 0.1626 -0.2346 -0.3653 -0.2986 -0.1796 0.2720 0.0617 -0.3734 -0.3402 -0.2612 -0.0512 0.1864 -0.1437 -0.3702 -0.3099 -0.2049 0.2630 0.1031 -0.3463 -0.3537 -0.2811 -0.1420 0.2438 0.0204 -0.3768 -0.3334 -0.2539 -0.0101 0.1781 -0.1624 -0.3700 -0.2939
-0.3578 -0.1400 0.1838 -0.0312 -0.2568 -0.3353 -0.3766 0.0293 0.2493 -0.1477 -0.2831 -0.3549 -0.3417 0.1064 0.2593 -0.2065 -0.3105 -0.3703 -0.1437 0.1857 -0.0474 -0.2604 -0.3394 -0.3742 0.0575 0.2699 -0.1760 -0.2968 -0.3644 -0.2507 0.1567 0.0547 -0.2481 -0.3324 -0.3768 0.0334 0.2571 -0.1616 -0.2908 -0.3611 -0.2898 0.1413 0.1296 -0.2378 -0.3276 -0.3764 0.0106 0.2431 -0.1444 -0.2796 -0.3313 -0.2796 -0.1444 0.2431 0.0106 -0.3764 -0.3276 -0.2378 0.1296 0.1413 -0.2898 -0.3611 -0.2908 -0.1616 0.2571 0.0334 -0.3768 -0.3324 -0.2481 0.0547 0.1567 -0.2507 -0.3644 -0.2968 -0.1760 0.2699 0.0575 -0.3742 -0.3394 -0.2604 -0.0474 0.1857 -0.1437 -0.3703 -0.3105 -0.2065 0.2593 0.1064 -0.3417 -0.3549 -0.2831 -0.1477 0.2493 0.0293 -0.3766 -0.3353 -0.2568 -0.0312 0.1838 -0.1400 -0.3578
-0.1326 0.1897 -0.0492 -0.2592 -0.3372 -0.3761 0.0377 0.2547 -0.1535 -0.2852 -0.3563 -0.3355 0.1107 0.2531 -0.2089 -0.3114 -0.3706 -0.1386 0.1864 -0.0474 -0.2602 -0.3390 -0.3746 0.0544 0.2681 -0.1731 -0.2953 -0.3635 -0.2639 0.1514 0.0814 -0.2442 -0.3305 -0.3768 0.0248 0.2519 -0.1561 -0.2885 -0.3597 -0.3025 0.1354 0.1581 -0.2336 -0.3256 -0.3759 0.0000 0.2377 -0.1407 -0.2818 -0.3570 -0.3882 -0.3570 -0.2818 -0.1407 0.2377 0.0000 -0.3759 -0.3256 -0.2336 0.1581 0.1354 -0.3025 -0.3597 -0.2885 -0.1561 0.2519 0.0248 -0.3768 -0.3305 -0.2442 0.0814 0.1514 -0.2639 -0.3635 -0.2953 -0.1731 0.2681 0.0544 -0.3746 -0.3390 -0.2602 -0.0474 0.1864 -0.1386 -0.3706 -0.3114 -0.2089 0.2531 0.1107 -0.3355 -0.3563 -0.2852 -0.1535 0.2547 0.0377 -0.3761 -0.3372 -0.2592 -0.0492 0.1897 -0.1326
0.1926 -0.0649 -0.2616 -0.3391 -0.3753 0.0456 0.2598 -0.1591 -0.2875 -0.3577 -0.3277 0.1157 0.2439 -0.2120 -0.3128 -0.3711 -0.1287 0.1883 -0.0512 -0.2604 -0.3390 -0.3748 0.0528 0.2668 -0.1709 -0.2941 -0.3627 -0.2744 0.1469 0.1056 -0.2407 -0.3288 -0.3766 0.0159 0.2465 -0.1505 -0.2863 -0.3584 -0.3137 0.1295 0.1836 -0.2295 -0.3235 -0.3754 -0.0118 0.2318 -0.1345 -0.2804 -0.3548 -0.3519 -0.0071 -0.3519 -0.3548 -0.2804 -0.1345 0.2318 -0.0118 -0.3754 -0.3235 -0.2295 0.1836 0.1295 -0.3137 -0.3584 -0.2863 -0.1505 0.2465 0.0159 -0.3766 -0.3288 -0.2407 0.1056 0.1469 -0.2744 -0.3627 -0.2941 -0.1709 0.2668 0.0528 -0.3748 -0.3390 -0.2604 -0.0512 0.1883 -0.1287 -0.3711 -0.3128 -0.2120 0.2439 0.1157 -0.3277 -0.3577 -0.2875 -0.1591 0.2598 0.0456 -0.3753 -0.3391 -0.2616 -0.0649 0.1926
-0.0759 -0.2640 -0.3410 -0.3740 0.0530 0.2644 -0.1646 -0.2898 -0.3591 -0.3183 0.1213 0.2309 -0.2156 -0.3146 -0.3717 -0.1148 0.1914 -0.0582 -0.2612 -0.3394 -0.3746 0.0528 0.2664 -0.1698 -0.2934 -0.3622 -0.2819 0.1433 0.1258 -0.2377 -0.3273 -0.3763 0.0071 0.2412 -0.1448 -0.2841 -0.3570 -0.3236 0.1239 0.2055 -0.2254 -0.3215 -0.3747 -0.0248 0.2258 -0.1275 -0.2783 -0.3532 -0.3468 0.0936 0.2203 0.0936 -0.3468 -0.3532 -0.2783 -0.1275 0.2258 -0.0248 -0.3747 -0.3215 -0.2254 0.2055 0.1239 -0.3236 -0.3570 -0.2841 -0.1448 0.2412 0.0071 -0.3763 -0.3273 -0.2377 0.1258 0.1433 -0.2819 -0.3622 -0.2934 -0.1698 0.2664 0.0528 -0.3746 -0.3394 -0.2612 -0.0582 0.1914 -0.1148 -0.3717 -0.3146 -0.2156 0.2309 0.1213 -0.3183 -0.3591 -0.2898 -0.1646 0.2644 0.0530 -0.3740 -0.3410 -0.2640 -0.0759
-0.2487 -0.3428 -0.3723 0.0601 0.2684 -0.1698 -0.2920 -0.3605 -0.3075 0.1271 0.2138 -0.2196 -0.3165 -0.3724 -0.0983 0.1955 -0.0674 -0.2625 -0.3402 -0.3742 0.0544 0.2668 -0.1698 -0.2932 -0.3619 -0.2864 0.1408 0.1408 -0.2352 -0.3259 -0.3759 -0.0013 0.2364 -0.1392 -0.2820 -0.3556 -0.3320 0.1183 0.2236 -0.2214 -0.3194 -0.3741 -0.0392 0.2198 -0.1199 -0.2760 -0.3516 -0.3505 0.1005 0.2734 -0.1200 0.2734 0.1005 -0.3505 -0.3516 -0.2760 -0.1199 0.2198 -0.0392 -0.3741 -0.3194 -0.2214 0.2236 0.1183 -0.3320 -0.3556 -0.2820 -0.1392 0.2364 -0.0013 -0.3759 -0.3259 -0.2352 0.1408 0.1408 -0.2864 -0.3619 -0.2932 -0.1698 0.2668 0.0544 -0.3742 -0.3402 -0.2625 -0.0674 0.1955 -0.0983 -0.3724 -0.3165 -0.2196 0.2138 0.1271 -0.3075 -0.3605 -0.2920 -0.1698 0.2684 0.0601 -0.3723 -0.3428 -0.2487
-0.3291 -0.3702 0.0668 0.2717 -0.1748 -0.2943 -0.3618 -0.2953 0.1330 0.1930 -0.2237 -0.3186 -0.3731 -0.0803 0.2004 -0.0777 -0.2641 -0.3414 -0.3734 0.0575 0.2681 -0.1709 -0.2934 -0.3619 -0.2879 0.1395 0.1499 -0.2335 -0.3249 -0.3756 -0.0089 0.2321 -0.1341 -0.2802 -0.3543 -0.3390 0.1130 0.2381 -0.2174 -0.3174 -0.3734 -0.0550 0.2140 -0.1116 -0.2737 -0.3500 -0.3554 0.0974 0.2677 -0.1960 -0.2732 -0.1960 0.2677 0.0974 -0.3554 -0.3500 -0.2737 -0.1116 0.2140 -0.0550 -0.3734 -0.3174 -0.2174 0.2381 0.1130 -0.3390 -0.3543 -0.2802 -0.1341 0.2321 -0.0089 -0.3756 -0.3249 -0.2335 0.1499 0.1395 -0.2879 -0.3619 -0.2934 -0.1709 0.2681 0.0575 -0.3734 -0.3414 -0.2641 -0.0777 0.2004 -0.0803 -0.3731 -0.3186 -0.2237 0.1930 0.1330 -0.2953 -0.3618 -0.2943 -0.1748 0.2717 0.0668 -0.3702 -0.3291
-0.3601 0.0734 0.2740 -0.1796 -0.2965 -0.3631 -0.2817 0.1389 0.1687 -0.2279 -0.3207 -0.3738 -0.0622 0.2059 -0.0883 -0.2661 -0.3428 -0.3722 0.0617 0.2699 -0.1731 -0.2941 -0.3622 -0.2864 0.1395 0.1530 -0.2326 -0.3243 -0.3753 -0.0151 0.2287 -0.1296 -0.2786 -0.3531 -0.3447 0.1082 0.2493 -0.2136 -0.3154 -0.3727 -0.0720 0.2084 -0.1027 -0.2715 -0.3484 -0.3598 0.0922 0.2704 -0.2005 -0.3056 -0.3553 -0.3056 -0.2005 0.2704 0.0922 -0.3598 -0.3484 -0.2715 -0.1027 0.2084 -0.0720 -0.3727 -0.3154 -0.2136 0.2493 0.1082 -0.3447 -0.3531 -0.2786 -0.1296 0.2287 -0.0151 -0.3753 -0.3243 -0.2326 0.1530 0.1395 -0.2864 -0.3622 -0.2941 -0.1731 0.2699 0.0617 -0.3722 -0.3428 -0.2661 -0.0883 0.2059 -0.0622 -0.3738 -0.3207 -0.2279 0.1687 0.1389 -0.2817 -0.3631 -0.2965 -0.1796 0.2740 0.0734 -0.3601
0.0746 0.2753 -0.1843 -0.2988 -0.3643 -0.2665 0.1449 0.1413 -0.2321 -0.3227 -0.3745 -0.0452 0.2117 -0.0987 -0.2683 -0.3443 -0.3704 0.0667 0.2720 -0.1760 -0.2953 -0.3627 -0.2819 0.1408 0.1499 -0.2326 -0.3240 -0.3752 -0.0192 0.2262 -0.1259 -0.2773 -0.3521 -0.3490 0.1039 0.2574 -0.2101 -0.3136 -0.3720 -0.0900 0.2028 -0.0930 -0.2693 -0.3467 -0.3636 0.0865 0.2735 -0.1978 -0.3069 -0.3733 -0.3707 -0.3733 -0.3069 -0.1978 0.2735 0.0865 -0.3636 -0.3467 -0.2693 -0.0930 0.2028 -0.0900 -0.3720 -0.3136 -0.2101 0.2574 0.1039 -0.3490 -0.3521 -0.2773 -0.1259 0.2262 -0.0192 -0.3752 -0.3240 -0.2326 0.1499 0.1408 -0.2819 -0.3627 -0.2953 -0.1760 0.2720 0.0667 -0.3704 -0.3443 -0.2683 -0.0987 0.2117 -0.0452 -0.3745 -0.3227 -0.2321 0.1413 0.1449 -0.2665 -0.3643 -0.2988 -0.1843 0.2753 0.0746
0.2707 -0.1890 -0.3010 -0.3655 -0.2498 0.1511 0.1114 -0.2362 -0.3248 -0.3751 -0.0299 0.2177 -0.1083 -0.2706 -0.3460 -0.3681 0.0723 0.2739 -0.1796 -0.2968 -0.3635 -0.2744 0.1433 0.1408 -0.2335 -0.3243 -0.3752 -0.0207 0.2249 -0.1236 -0.2763 -0.3513 -0.3522 0.1003 0.2629 -0.2070 -0.3119 -0.3713 -0.1079 0.1976 -0.0824 -0.2670 -0.3451 -0.3668 0.0808 0.2751 -0.1939 -0.3055 -0.3692 -0.2191 0.0801 -0.2191 -0.3692 -0.3055 -0.1939 0.2751 0.0808 -0.3668 -0.3451 -0.2670 -0.0824 0.1976 -0.1079 -0.3713 -0.3119 -0.2070 0.2629 0.1003 -0.3522 -0.3513 -0.2763 -0.1236 0.2249 -0.0207 -0.3752 -0.3243 -0.2335 0.1408 0.1433 -0.2744 -0.3635 -0.2968 -0.1796 0.2739 0.0723 -0.3681 -0.3460 -0.2706 -0.1083 0.2177 -0.0299 -0.3751 -0.3248 -0.2362 0.1114 0.1511 -0.2498 -0.3655 -0.3010 -0.1890 0.2707
-0.1843 -0.3032 -0.3666 -0.2315 0.1574 0.0805 -0.2404 -0.3268 -0.3757 -0.0162 0.2237 -0.1171 -0.2729 -0.3477 -0.3650 0.0783 0.2752 -0.1837 -0.2986 -0.3644 -0.2639 0.1469 0.1258 -0.2352 -0.3249 -0.3753 -0.0192 0.2249 -0.1228 -0.2758 -0.3508 -0.3543 0.0975 0.2666 -0.2043 -0.3104 -0.3707 -0.1245 0.1928 -0.0714 -0.2649 -0.3434 -0.3695 0.0749 0.2754 -0.1897 -0.3035 -0.3679 -0.2000 0.1561 0.2723 0.1561 -0.2000 -0.3679 -0.3035 -0.1897 0.2754 0.0749 -0.3695 -0.3434 -0.2649 -0.0714 0.1928 -0.1245 -0.3707 -0.3104 -0.2043 0.2666 0.0975 -0.3543 -0.3508 -0.2758 -0.1228 0.2249 -0.0192 -0.3753 -0.3249 -0.2352 0.1258 0.1469 -0.2639 -0.3644 -0.2986 -0.1837 0.2752 0.0783 -0.3650 -0.3477 -0.2729 -0.1171 0.2237 -0.0162 -0.3757 -0.3268 -0.2404 0.0805 0.1574 -0.2315 -0.3666 -0.3032 -0.1843
-0.2887 -0.3678 -0.2118 0.1638 0.0502 -0.2446 -0.3289 -0.3763 -0.0039 0.2298 -0.1251 -0.2753 -0.3494 -0.3613 0.0844 0.2754 -0.1880 -0.3006 -0.3653 -0.2507 0.1514 0.1056 -0.2377 -0.3259 -0.3756 -0.0151 0.2262 -0.1236 -0.2758 -0.3506 -0.3554 0.0957 0.2687 -0.2023 -0.3092 -0.3702 -0.1394 0.1887 -0.0605 -0.2630 -0.3419 -0.3715 0.0690 0.2745 -0.1855 -0.3014 -0.3668 -0.2115 0.1663 0.0699 -0.1921 0.0699 0.1663 -0.2115 -0.3668 -0.3014 -0.1855 0.2745 0.0690 -0.3715 -0.3419 -0.2630 -0.0605 0.1887 -0.1394 -0.3702 -0.3092 -0.2023 0.2687 0.0957 -0.3554 -0.3506 -0.2758 -0.1236 0.2262 -0.0151 -0.3756 -0.3259 -0.2377 0.1056 0.1514 -0.2507 -0.3653 -0.3006 -0.1880 0.2754 0.0844 -0.3613 -0.3494 -0.2753 -0.1251 0.2298 -0.0039 -0.3763 -0.3289 -0.2446 0.0502 0.1638 -0.2118 -0.3678 -0.2887
-0.3552 -0.1908 0.1704 0.0219 -0.2488 -0.3309 -0.3767 0.0072 0.2358 -0.1324 -0.2776 -0.3511 -0.3568 0.0905 0.2742 -0.1925 -0.3028 -0.3664 -0.2346 0.1567 0.0814 -0.2407 -0.3273 -0.3759 -0.0089 0.2287 -0.1259 -0.2763 -0.3508 -0.3554 0.0951 0.2697 -0.2010 -0.3084 -0.3697 -0.1517 0.1852 -0.0501 -0.2613 -0.3405 -0.3731 0.0633 0.2727 -0.1812 -0.2994 -0.3658 -0.2284 0.1638 0.0337 -0.2437 -0.3001 -0.2437 0.0337 0.1638 -0.2284 -0.3658 -0.2994 -0.1812 0.2727 0.0633 -0.3731 -0.3405 -0.2613 -0.0501 0.1852 -0.1517 -0.3697 -0.3084 -0.2010 0.2697 0.0951 -0.3554 -0.3508 -0.2763 -0.1259 0.2287 -0.0089 -0.3759 -0.3273 -0.2407 0.0814 0.1567 -0.2346 -0.3664 -0.3028 -0.1925 0.2742 0.0905 -0.3568 -0.3511 -0.2776 -0.1324 0.2358 0.0072 -0.3767 -0.3309 -0.2488 0.0219 0.1704 -0.1908 -0.3552
-0.1822 0.1766 -0.0033 -0.2529 -0.3328 -0.3768 0.0174 0.2418 -0.1393 -0.2799 -0.3527 -0.3516 0.0964 0.2712 -0.1970 -0.3050 -0.3675 -0.2158 0.1626 0.0547 -0.2442 -0.3288 -0.3763 -0.0013 0.2321 -0.1296 -0.2773 -0.3513 -0.3543 0.0957 0.2697 -0.2006 -0.3079 -0.3694 -0.1603 0.1826 -0.0408 -0.2599 -0.3393 -0.3742 0.0581 0.2704 -0.1772 -0.2975 -0.3648 -0.2449 0.1586 0.0485 -0.2475 -0.3305 -0.3753 -0.3305 -0.2475 0.0485 0.1586 -0.2449 -0.3648 -0.2975 -0.1772 0.2704 0.0581 -0.3742 -0.3393 -0.2599 -0.0408 0.1826 -0.1603 -0.3694 -0.3079 -0.2006 0.2697 0.0957 -0.3543 -0.3513 -0.2773 -0.1296 0.2321 -0.0013 -0.3763 -0.3288 -0.2442 0.0547 0.1626 -0.2158 -0.3675 -0.3050 -0.1970 0.2712 0.0964 -0.3516 -0.3527 -0.2799 -0.1393 0.2418 0.0174 -0.3768 -0.3328 -0.2529 -0.0033 0.1766 -0.1822
0.1792 -0.0254 -0.2561 -0.3348 -0.3767 0.0267 0.2476 -0.1457 -0.2822 -0.3543 -0.3455 0.1022 0.2661 -0.2013 -0.3072 -0.3686 -0.1952 0.1691 0.0273 -0.2481 -0.3305 -0.3766 0.0071 0.2364 -0.1341 -0.2786 -0.3521 -0.3522 0.0975 0.2687 -0.2010 -0.3079 -0.3693 -0.1648 0.1809 -0.0338 -0.2588 -0.3383 -0.3749 0.0536 0.2680 -0.1735 -0.2957 -0.3637 -0.2598 0.1532 0.0729 -0.2451 -0.3306 -0.3804 -0.2601 -0.3804 -0.3306 -0.2451 0.0729 0.1532 -0.2598 -0.3637 -0.2957 -0.1735 0.2680 0.0536 -0.3749 -0.3383 -0.2588 -0.0338 0.1809 -0.1648 -0.3693 -0.3079 -0.2010 0.2687 0.0975 -0.3522 -0.3521 -0.2786 -0.1341 0.2364 0.0071 -0.3766 -0.3305 -0.2481 0.0273 0.1691 -0.1952 -0.3686 -0.3072 -0.2013 0.2661 0.1022 -0.3455 -0.3543 -0.2822 -0.1457 0.2476 0.0267 -0.3767 -0.3348 -0.2561 -0.0254 0.1792
-0.0429 -0.2585 -0.3367 -0.3763 0.0353 0.2531 -0.1518 -0.2845 -0.3558 -0.3385 0.1080 0.2587 -0.2056 -0.3094 -0.3695 -0.1734 0.1753 0.0015 -0.2522 -0.3324 -0.3768 0.0159 0.2412 -0.1392 -0.2802 -0.3531 -0.3490 0.1003 0.2666 -0.2023 -0.3084 -0.3694 -0.1648 0.1804 -0.0299 -0.2581 -0.3376 -0.3754 0.0499 0.2658 -0.1703 -0.2941 -0.3628 -0.2724 0.1481 0.0986 -0.2417 -0.3293 -0.3765 -0.0078 0.1416 -0.0078 -0.3765 -0.3293 -0.2417 0.0986 0.1481 -0.2724 -0.3628 -0.2941 -0.1703 0.2658 0.0499 -0.3754 -0.3376 -0.2581 -0.0299 0.1804 -0.1648 -0.3694 -0.3084 -0.2023 0.2666 0.1003 -0.3490 -0.3531 -0.2802 -0.1392 0.2412 0.0159 -0.3768 -0.3324 -0.2522 0.0015 0.1753 -0.1734 -0.3695 -0.3094 -0.2056 0.2587 0.1080 -0.3385 -0.3558 -0.2845 -0.1518 0.2531 0.0353 -0.3763 -0.3367 -0.2585 -0.0429
-0.2430 -0.3386 -0.3755 0.0433 0.2583 -0.1575 -0.2868 -0.3573 -0.3304 0.1138 0.2486 -0.2099 -0.3115 -0.3705 -0.1511 0.1810 -0.0210 -0.2556 -0.3344 -0.3768 0.0248 0.2465 -0.1448 -0.2820 -0.3543 -0.3447 0.1039 0.2629 -0.2043 -0.3092 -0.3697 -0.1603 0.1809 -0.0299 -0.2578 -0.3372 -0.3757 0.0471 0.2639 -0.1677 -0.2928 -0.3620 -0.2825 0.1436 0.1221 -0.2384 -0.3277 -0.3764 0.0044 0.2239 0.1450 0.2239 0.0044 -0.3764 -0.3277 -0.2384 0.1221 0.1436 -0.2825 -0.3620 -0.2928 -0.1677 0.2639 0.0471 -0.3757 -0.3372 -0.2578 -0.0299 0.1809 -0.1603 -0.3697 -0.3092 -0.2043 0.2629 0.1039 -0.3447 -0.3543 -0.2820 -0.1448 0.2465 0.0248 -0.3768 -0.3344 -0.2556 -0.0210 0.1810 -0.1511 -0.3705 -0.3115 -0.2099 0.2486 0.1138 -0.3304 -0.3573 -0.2868 -0.1575 0.2583 0.0433 -0.3755 -0.3386 -0.2430
-0.3248 -0.3744 0.0509 0.2631 -0.1630 -0.2891 -0.3587 -0.3212 0.1196 0.2356 -0.2141 -0.3137 -0.3713 -0.1289 0.1867 -0.0404 -0.2580 -0.3363 -0.3764 0.0334 0.2519 -0.1505 -0.2841 -0.3556 -0.3390 0.1082 0.2574 -0.2070 -0.3104 -0.3702 -0.1517 0.1826 -0.0338 -0.2581 -0.3372 -0.3758 0.0456 0.2626 -0.1658 -0.2918 -0.3613 -0.2904 0.1399 0.1420 -0.2354 -0.3261 -0.3760 -0.0003 0.2347 -0.1219 -0.2359 -0.1219 0.2347 -0.0003 -0.3760 -0.3261 -0.2354 0.1420 0.1399 -0.2904 -0.3613 -0.2918 -0.1658 0.2626 0.0456 -0.3758 -0.3372 -0.2581 -0.0338 0.1826 -0.1517 -0.3702 -0.3104 -0.2070 0.2574 0.1082 -0.3390 -0.3556 -0.2841 -0.1505 0.2519 0.0334 -0.3764 -0.3363 -0.2580 -0.0404 0.1867 -0.1289 -0.3713 -0.3137 -0.2141 0.2356 0.1196 -0.3212 -0.3587 -0.2891 -0.1630 0.2631 0.0509 -0.3744 -0.3248
-0.3641 0.0581 0.2673 -0.1682 -0.2914 -0.3601 -0.3108 0.1254 0.2192 -0.2183 -0.3158 -0.3721 -0.1072 0.1924 -0.0571 -0.2604 -0.3382 -0.3757 0.0415 0.2571 -0.1561 -0.2863 -0.3570 -0.3320 0.1130 0.2493 -0.2101 -0.3119 -0.3707 -0.1394 0.1852 -0.0408 -0.2588 -0.3376 -0.3757 0.0456 0.2621 -0.1648 -0.2912 -0.3608 -0.2961 0.1369 0.1579 -0.2328 -0.3248 -0.3756 -0.0081 0.2323 -0.1317 -0.2748 -0.3268 -0.2748 -0.1317 0.2323 -0.0081 -0.3756 -0.3248 -0.2328 0.1579 0.1369 -0.2961 -0.3608 -0.2912 -0.1648 0.2621 0.0456 -0.3757 -0.3376 -0.2588 -0.0408 0.1852 -0.1394 -0.3707 -0.3119 -0.2101 0.2493 0.1130 -0.3320 -0.3570 -0.2863 -0.1561 0.2571 0.0415 -0.3757 -0.3382 -0.2604 -0.0571 0.1924 -0.1072 -0.3721 -0.3158 -0.2183 0.2192 0.1254 -0.3108 -0.3601 -0.2914 -0.1682 0.2673 0.0581 -0.3641
0.0594 0.2708 -0.1733 -0.2936 -0.3615 -0.2990 0.1312 0.1994 -0.2225 -0.3180 -0.3729 -0.0866 0.1982 -0.0716 -0.2628 -0.3400 -0.3747 0.0491 0.2620 -0.1616 -0.2885 -0.3584 -0.3236 0.1183 0.2381 -0.2136 -0.3136 -0.3713 -0.1245 0.1887 -0.0501 -0.2599 -0.3383 -0.3754 0.0471 0.2626 -0.1648 -0.2909 -0.3606 -0.2996 0.1347 0.1694 -0.2307 -0.3236 -0.3752 -0.0161 0.2286 -0.1293 -0.2777 -0.3535 -0.3875 -0.3535 -0.2777 -0.1293 0.2286 -0.0161 -0.3752 -0.3236 -0.2307 0.1694 0.1347 -0.2996 -0.3606 -0.2909 -0.1648 0.2626 0.0471 -0.3754 -0.3383 -0.2599 -0.0501 0.1887 -0.1245 -0.3713 -0.3136 -0.2136 0.2381 0.1183 -0.3236 -0.3584 -0.2885 -0.1616 0.2620 0.0491 -0.3747 -0.3400 -0.2628 -0.0716 0.1982 -0.0866 -0.3729 -0.3180 -0.2225 0.1994 0.1312 -0.2990 -0.3615 -0.2936 -0.1733 0.2708 0.0594
0.2693 -0.1782 -0.2959 -0.3628 -0.2858 0.1372 0.1761 -0.2267 -0.3201 -0.3736 -0.0675 0.2040 -0.0843 -0.2651 -0.3419 -0.3733 0.0563 0.2663 -0.1669 -0.2908 -0.3597 -0.3137 0.1239 0.2236 -0.2174 -0.3154 -0.3720 -0.1079 0.1928 -0.0605 -0.2613 -0.3393 -0.3749 0.0499 0.2639 -0.1658 -0.2912 -0.3606 -0.3008 0.1336 0.1763 -0.2293 -0.3227 -0.3749 -0.0235 0.2251 -0.1251 -0.2770 -0.3521 -0.3605 -0.0303 -0.3605 -0.3521 -0.2770 -0.1251 0.2251 -0.0235 -0.3749 -0.3227 -0.2293 0.1763 0.1336 -0.3008 -0.3606 -0.2912 -0.1658 0.2639 0.0499 -0.3749 -0.3393 -0.2613 -0.0605 0.1928 -0.1079 -0.3720 -0.3154 -0.2174 0.2236 0.1239 -0.3137 -0.3597 -0.2908 -0.1669 0.2663 0.0563 -0.3733 -0.3419 -0.2651 -0.0843 0.2040 -0.0675 -0.3736 -0.3201 -0.2267 0.1761 0.1372 -0.2858 -0.3628 -0.2959 -0.1782 0.2693
-0.1749 -0.2981 -0.3640 -0.2711 0.1432 0.1495 -0.2308 -0.3221 -0.3743 -0.0501 0.2099 -0.0955 -0.2675 -0.3437 -0.3714 0.0632 0.2700 -0.1720 -0.2930 -0.3611 -0.3025 0.1295 0.2055 -0.2214 -0.3174 -0.3727 -0.0900 0.1976 -0.0714 -0.2630 -0.3405 -0.3742 0.0536 0.2658 -0.1677 -0.2918 -0.3608 -0.2996 0.1336 0.1787 -0.2285 -0.3222 -0.3747 -0.0295 0.2221 -0.1209 -0.2758 -0.3511 -0.3550 0.0845 0.2104 0.0845 -0.3550 -0.3511 -0.2758 -0.1209 0.2221 -0.0295 -0.3747 -0.3222 -0.2285 0.1787 0.1336 -0.2996 -0.3608 -0.2918 -0.1677 0.2658 0.0536 -0.3742 -0.3405 -0.2630 -0.0714 0.1976 -0.0900 -0.3727 -0.3174 -0.2214 0.2055 0.1295 -0.3025 -0.3611 -0.2930 -0.1720 0.2700 0.0632 -0.3714 -0.3437 -0.2675 -0.0955 0.2099 -0.0501 -0.3743 -0.3221 -0.2308 0.1495 0.1432 -0.2711 -0.3640 -0.2981 -0.1749
-0.2836 -0.3652 -0.2548 0.1493 0.1203 -0.2350 -0.3242 -0.3750 -0.0344 0.2159 -0.1054 -0.2698 -0.3454 -0.3690 0.0698 0.2729 -0.1769 -0.2953 -0.3624 -0.2898 0.1354 0.1836 -0.2254 -0.3194 -0.3734 -0.0720 0.2028 -0.0824 -0.2649 -0.3419 -0.3731 0.0581 0.2680 -0.1703 -0.2928 -0.3613 -0.2961 0.1347 0.1763 -0.2285 -0.3220 -0.3746 -0.0334 0.2200 -0.1175 -0.2747 -0.3502 -0.3561 0.0933 0.2759 -0.1063 0.2759 0.0933 -0.3561 -0.3502 -0.2747 -0.1175 0.2200 -0.0334 -0.3746 -0.3220 -0.2285 0.1763 0.1347 -0.2961 -0.3613 -0.2928 -0.1703 0.2680 0.0581 -0.3731 -0.3419 -0.2649 -0.0824 0.2028 -0.0720 -0.3734 -0.3194 -0.2254 0.1836 0.1354 -0.2898 -0.3624 -0.2953 -0.1769 0.2729 0.0698 -0.3690 -0.3454 -0.2698 -0.1054 0.2159 -0.0344 -0.3750 -0.3242 -0.2350 0.1203 0.1493 -0.2548 -0.3652 -0.2836
-0.3525 -0.2370 0.1555 0.0895 -0.2392 -0.3262 -0.3756 -0.0202 0.2219 -0.1144 -0.2722 -0.3472 -0.3661 0.0761 0.2747 -0.1817 -0.2975 -0.3637 -0.2756 0.1413 0.1581 -0.2295 -0.3215 -0.3741 -0.0550 0.2084 -0.0930 -0.2670 -0.3434 -0.3715 0.0633 0.2704 -0.1735 -0.2941 -0.3620 -0.2904 0.1369 0.1694 -0.2293 -0.3222 -0.3746 -0.0348 0.2190 -0.1153 -0.2739 -0.3495 -0.3579 0.0928 0.2722 -0.1907 -0.2701 -0.1907 0.2722 0.0928 -0.3579 -0.3495 -0.2739 -0.1153 0.2190 -0.0348 -0.3746 -0.3222 -0.2293 0.1694 0.1369 -0.2904 -0.3620 -0.2941 -0.1735 0.2704 0.0633 -0.3715 -0.3434 -0.2670 -0.0930 0.2084 -0.0550 -0.3741 -0.3215 -0.2295 0.1581 0.1413 -0.2756 -0.3637 -0.2975 -0.1817 0.2747 0.0761 -0.3661 -0.3472 -0.2722 -0.1144 0.2219 -0.0202 -0.3756 -0.3262 -0.2392 0.0895 0.1555 -0.2370 -0.3525
-0.2280 0.1621 0.0589 -0.2434 -0.3283 -0.3761 -0.0075 0.2279 -0.1226 -0.2745 -0.3489 -0.3626 0.0823 0.2755 -0.1863 -0.2997 -0.3649 -0.2599 0.1474 0.1296 -0.2336 -0.3235 -0.3747 -0.0392 0.2140 -0.1027 -0.2693 -0.3451 -0.3695 0.0690 0.2727 -0.1772 -0.2957 -0.3628 -0.2825 0.1399 0.1579 -0.2307 -0.3227 -0.3747 -0.0334 0.2190 -0.1146 -0.2735 -0.3491 -0.3594 0.0910 0.2723 -0.1972 -0.3034 -0.3531 -0.3034 -0.1972 0.2723 0.0910 -0.3594 -0.3491 -0.2735 -0.1146 0.2190 -0.0334 -0.3747 -0.3227 -0.2307 0.1579 0.1399 -0.2825 -0.3628 -0.2957 -0.1772 0.2727 0.0690 -0.3695 -0.3451 -0.2693 -0.1027 0.2140 -0.0392 -0.3747 -0.3235 -0.2336 0.1296 0.1474 -0.2599 -0.3649 -0.2997 -0.1863 0.2755 0.0823 -0.3626 -0.3489 -0.2745 -0.1226 0.2279 -0.0075 -0.3761 -0.3283 -0.2434 0.0589 0.1621 -0.2280
0.1653 0.0299 -0.2476 -0.3303 -0.3766 0.0039 0.2339 -0.1301 -0.2768 -0.3505 -0.3584 0.0883 0.2748 -0.1909 -0.3019 -0.3660 -0.2426 0.1535 0.0994 -0.2378 -0.3256 -0.3754 -0.0248 0.2198 -0.1116 -0.2715 -0.3467 -0.3668 0.0749 0.2745 -0.1812 -0.2975 -0.3637 -0.2724 0.1436 0.1420 -0.2328 -0.3236 -0.3749 -0.0295 0.2200 -0.1153 -0.2735 -0.3490 -0.3601 0.0896 0.2730 -0.1971 -0.3059 -0.3725 -0.3739 -0.3725 -0.3059 -0.1971 0.2730 0.0896 -0.3601 -0.3490 -0.2735 -0.1153 0.2200 -0.0295 -0.3749 -0.3236 -0.2328 0.1420 0.1436 -0.2724 -0.3637 -0.2975 -0.1812 0.2745 0.0749 -0.3668 -0.3467 -0.2715 -0.1116 0.2198 -0.0248 -0.3754 -0.3256 -0.2378 0.0994 0.1535 -0.2426 -0.3660 -0.3019 -0.1909 0.2748 0.0883 -0.3584 -0.3505 -0.2768 -0.1301 0.2339 0.0039 -0.3766 -0.3303 -0.2476 0.0299 0.1653
0.0037 -0.2518 -0.3322 -0.3768 0.0143 0.2398 -0.1371 -0.2791 -0.3521 -0.3535 0.0942 0.2725 -0.1953 -0.3041 -0.3671 -0.2238 0.1598 0.0689 -0.2420 -0.3276 -0.3759 -0.0118 0.2258 -0.1199 -0.2737 -0.3484 -0.3636 0.0808 0.2754 -0.1855 -0.2994 -0.3648 -0.2598 0.1481 0.1221 -0.2354 -0.3248 -0.3752 -0.0235 0.2221 -0.1175 -0.2739 -0.3491 -0.3601 0.0891 0.2734 -0.1964 -0.3059 -0.3690 -0.2262 0.0773 -0.2262 -0.3690 -0.3059 -0.1964 0.2734 0.0891 -0.3601 -0.3491 -0.2739 -0.1175 0.2221 -0.0235 -0.3752 -0.3248 -0.2354 0.1221 0.1481 -0.2598 -0.3648 -0.2994 -0.1855 0.2754 0.0808 -0.3636 -0.3484 -0.2737 -0.1199 0.2258 -0.0118 -0.3759 -0.3276 -0.2420 0.0689 0.1598 -0.2238 -0.3671 -0.3041 -0.1953 0.2725 0.0942 -0.3535 -0.3521 -0.2791 -0.1371 0.2398 0.0143 -0.3768 -0.3322 -0.2518 0.0037
-0.2371 -0.3342 -0.3768 0.0237 0.2457 -0.1435 -0.2814 -0.3537 -0.3478 0.1000 0.2683 -0.1996 -0.3063 -0.3681 -0.2039 0.1663 0.0394 -0.2461 -0.3296 -0.3764 0.0000 0.2318 -0.1275 -0.2760 -0.3500 -0.3598 0.0865 0.2751 -0.1897 -0.3014 -0.3658 -0.2449 0.1532 0.0986 -0.2384 -0.3261 -0.3756 -0.0161 0.2251 -0.1209 -0.2747 -0.3495 -0.3594 0.0896 0.2734 -0.1961 -0.3057 -0.3685 -0.1944 0.1561 0.2720 0.1561 -0.1944 -0.3685 -0.3057 -0.1961 0.2734 0.0896 -0.3594 -0.3495 -0.2747 -0.1209 0.2251 -0.0161 -0.3756 -0.3261 -0.2384 0.0986 0.1532 -0.2449 -0.3658 -0.3014 -0.1897 0.2751 0.0865 -0.3598 -0.3500 -0.2760 -0.1275 0.2318 0.0000 -0.3764 -0.3296 -0.2461 0.0394 0.1663 -0.2039 -0.3681 -0.3063 -0.1996 0.2683 0.1000 -0.3478 -0.3537 -0.2814 -0.1435 0.2457 0.0237 -0.3768 -0.3342 -0.2371
-0.3202 -0.3765 0.0324 0.2512 -0.1496 -0.2836 -0.3553 -0.3413 0.1057 0.2620 -0.2039 -0.3085 -0.3692 -0.1831 0.1726 0.0127 -0.2503 -0.3315 -0.3767 0.0106 0.2377 -0.1345 -0.2783 -0.3516 -0.3554 0.0922 0.2735 -0.1939 -0.3035 -0.3668 -0.2284 0.1586 0.0729 -0.2417 -0.3277 -0.3760 -0.0081 0.2286 -0.1251 -0.2758 -0.3502 -0.3579 0.0910 0.2730 -0.1964 -0.3057 -0.3684 -0.1901 0.1706 0.0594 -0.1931 0.0594 0.1706 -0.1901 -0.3684 -0.3057 -0.1964 0.2730 0.0910 -0.3579 -0.3502 -0.2758 -0.1251 0.2286 -0.0081 -0.3760 -0.3277 -0.2417 0.0729 0.1586 -0.2284 -0.3668 -0.3035 -0.1939 0.2735 0.0922 -0.3554 -0.3516 -0.2783 -0.1345 0.2377 0.0106 -0.3767 -0.3315 -0.2503 0.0127 0.1726 -0.1831 -0.3692 -0.3085 -0.2039 0.2620 0.1057 -0.3413 -0.3553 -0.2836 -0.1496 0.2512 0.0324 -0.3765 -0.3202
-0.3660 0.0399 0.2561 -0.1549 -0.2858 -0.3568 -0.3344 0.1109 0.2540 -0.2078 -0.3105 -0.3701 -0.1630 0.1779 -0.0091 -0.2538 -0.3334 -0.3768 0.0195 0.2431 -0.1407 -0.2804 -0.3532 -0.3505 0.0974 0.2704 -0.1978 -0.3055 -0.3679 -0.2115 0.1638 0.0485 -0.2451 -0.3293 -0.3764 -0.0003 0.2323 -0.1293 -0.2770 -0.3511 -0.3561 0.0928 0.2723 -0.1971 -0.3059 -0.3685 -0.1901 0.1730 0.0070 -0.2466 -0.3013 -0.2466 0.0070 0.1730 -0.1901 -0.3685 -0.3059 -0.1971 0.2723 0.0928 -0.3561 -0.3511 -0.2770 -0.1293 0.2323 -0.0003 -0.3764 -0.3293 -0.2451 0.0485 0.1638 -0.2115 -0.3679 -0.3055 -0.1978 0.2704 0.0974 -0.3505 -0.3532 -0.2804 -0.1407 0.2431 0.0195 -0.3768 -0.3334 -0.2538 -0.0091 0.1779 -0.1630 -0.3701 -0.3105 -0.2078 0.2540 0.1109 -0.3344 -0.3568 -0.2858 -0.1549 0.2561 0.0399 -0.3660
0.0376 0.2590 -0.1582 -0.2872 -0.3583 -0.3294 0.1138 0.2479 -0.2104 -0.3120 -0.3713 -0.1498 0.1810 -0.0216 -0.2556 -0.3350 -0.3767 0.0248 0.2464 -0.1444 -0.2818 -0.3548 -0.3468 0.1005 0.2677 -0.2005 -0.3069 -0.3692 -0.2000 0.1663 0.0337 -0.2475 -0.3306 -0.3765 0.0044 0.2347 -0.1317 -0.2777 -0.3521 -0.3550 0.0933 0.2722 -0.1972 -0.3059 -0.3690 -0.1944 0.1706 0.0070 -0.2524 -0.3325 -0.3768 -0.3325 -0.2524 0.0070 0.1706 -0.1944 -0.3690 -0.3059 -0.1972 0.2722 0.0933 -0.3550 -0.3521 -0.2777 -0.1317 0.2347 0.0044 -0.3765 -0.3306 -0.2475 0.0337 0.1663 -0.2000 -0.3692 -0.3069 -0.2005 0.2677 0.1005 -0.3468 -0.3548 -0.2818 -0.1444 0.2464 0.0248 -0.3767 -0.3350 -0.2556 -0.0216 0.1810 -0.1498 -0.3713 -0.3120 -0.2104 0.2479 0.1138 -0.3294 -0.3583 -0.2872 -0.1582 0.2590 0.0376
0.2493 -0.1518 -0.2851 -0.3609 -0.3367 0.1067 0.2604 -0.2063 -0.3109 -0.3757 -0.1706 0.1700 0.0054 -0.2525 -0.3353 -0.3801 0.0156 0.2378 -0.1371 -0.2796 -0.3570 -0.3519 0.0936 0.2734 -0.1960 -0.3056 -0.3733 -0.2191 0.1561 0.0699 -0.2437 -0.3305 -0.3804 -0.0078 0.2239 -0.1219 -0.2748 -0.3535 -0.3605 0.0845 0.2759 -0.1907 -0.3034 -0.3725 -0.2262 0.1561 0.0594 -0.2466 -0.3325 -0.3853 -0.2738 -0.3853 -0.3325 -0.2466 0.0594 0.1561 -0.2262 -0.3725 -0.3034 -0.1907 0.2759 0.0845 -0.3605 -0.3535 -0.2748 -0.1219 0.2239 -0.0078 -0.3804 -0.3305 -0.2437 0.0699 0.1561 -0.2191 -0.3733 -0.3056 -0.1960 0.2734 0.0936 -0.3519 -0.3570 -0.2796 -0.1371 0.2378 0.0156 -0.3801 -0.3353 -0.2525 0.0054 0.1700 -0.1706 -0.3757 -0.3109 -0.2063 0.2604 0.1067 -0.3367 -0.3609 -0.2851 -0.1518 0.2493
0.0063 -0.2515 -0.3366 -0.3883 0.0174 0.2344 -0.1386 -0.2789 -0.3599 -0.3588 0.0931 0.2711 -0.2041 -0.3055 -0.3785 -0.2178 0.1543 0.0806 -0.2430 -0.3313 -0.3882 -0.0071 0.2203 -0.1200 -0.2732 -0.3553 -0.3707 0.0801 0.2723 -0.1921 -0.3001 -0.3753 -0.2601 0.1416 0.1450 -0.2359 -0.3268 -0.3875 -0.0303 0.2104 -0.1063 -0.2701 -0.3531 -0.3739 0.0773 0.2720 -0.1931 -0.3013 -0.3768 -0.2738 0.0569 -0.2738 -0.3768 -0.3013 -0.1931 0.2720 0.0773 -0.3739 -0.3531 -0.2701 -0.1063 0.2104 -0.0303 -0.3875 -0.3268 -0.2359 0.1450 0.1416 -0.2601 -0.3753 -0.3001 -0.1921 0.2723 0.0801 -0.3707 -0.3553 -0.2732 -0.1200 0.2203 -0.0071 -0.3882 -0.3313 -0.2430 0.0806 0.1543 -0.2178 -0.3785 -0.3055 -0.2041 0.2711 0.0931 -0.3588 -0.3599 -0.2789 -0.1386 0.2344 0.0174 -0.3883 -0.3366 -0.2515 0.0063
