0.0001 0.0012 0.0155 0.2024 1.0000 1.0000 0.0003 0.0040 0.0519 0.6746 1.0000 0.0001 0.0010 0.0133 0.1725 1.0000 1.0000 0.0003 0.0034 0.0441 0.5739 1.0000 0.0001 0.0009 0.0113 0.1468 1.0000 1.0000 0.0002 0.0029 0.0375 0.4882 1.0000 0.0001 0.0007 0.0096 0.1249 1.0000 1.0000 0.0002 0.0025 0.0319 0.4153 1.0000 1.0000 0.0006 0.0082 0.1050 1.0000 1.0000 1.0000 1.0000 1.0000 0.1050 0.0082 0.0006 1.0000 1.0000 0.4153 0.0319 0.0025 0.0002 1.0000 1.0000 0.1249 0.0096 0.0007 0.0001 1.0000 0.4882 0.0375 0.0029 0.0002 1.0000 1.0000 0.1468 0.0113 0.0009 0.0001 1.0000 0.5739 0.0441 0.0034 0.0003 1.0000 1.0000 0.1725 0.0133 0.0010 0.0001 1.0000 0.6746 0.0519 0.0040 0.0003 1.0000 1.0000 0.2024 0.0155 0.0012 0.0001
0.0012 0.0158 0.2028 1.0000 1.0000 0.0003 0.0039 0.0512 0.6644 1.0000 0.0001 0.0010 0.0131 0.1699 1.0000 1.0000 0.0003 0.0033 0.0435 0.5652 1.0000 0.0001 0.0009 0.0111 0.1445 1.0000 1.0000 0.0002 0.0028 0.0370 0.4809 1.0000 0.0001 0.0007 0.0095 0.1230 1.0000 1.0000 0.0002 0.0024 0.0314 0.4091 1.0000 1.0000 0.0006 0.0080 0.1044 1.0000 1.0000 0.0001 0.0006 0.0001 1.0000 1.0000 0.1044 0.0080 0.0006 1.0000 1.0000 0.4091 0.0314 0.0024 0.0002 1.0000 1.0000 0.1230 0.0095 0.0007 0.0001 1.0000 0.4809 0.0370 0.0028 0.0002 1.0000 1.0000 0.1445 0.0111 0.0009 0.0001 1.0000 0.5652 0.0435 0.0033 0.0003 1.0000 1.0000 0.1699 0.0131 0.0010 0.0001 1.0000 0.6644 0.0512 0.0039 0.0003 1.0000 1.0000 0.2028 0.0158 0.0012
0.0155 0.2028 1.0000 1.0000 0.0003 0.0037 0.0480 0.6216 1.0000 0.0001 0.0009 0.0122 0.1584 1.0000 1.0000 0.0002 0.0031 0.0405 0.5268 1.0000 0.0001 0.0008 0.0104 0.1347 1.0000 1.0000 0.0002 0.0026 0.0345 0.4482 1.0000 0.0001 0.0007 0.0088 0.1146 1.0000 1.0000 0.0002 0.0023 0.0293 0.3813 1.0000 1.0000 0.0006 0.0075 0.0975 1.0000 1.0000 0.0001 0.0016 0.0077 0.0016 0.0001 1.0000 1.0000 0.0975 0.0075 0.0006 1.0000 1.0000 0.3813 0.0293 0.0023 0.0002 1.0000 1.0000 0.1146 0.0088 0.0007 0.0001 1.0000 0.4482 0.0345 0.0026 0.0002 1.0000 1.0000 0.1347 0.0104 0.0008 0.0001 1.0000 0.5268 0.0405 0.0031 0.0002 1.0000 1.0000 0.1584 0.0122 0.0009 0.0001 1.0000 0.6216 0.0480 0.0037 0.0003 1.0000 1.0000 0.2028 0.0155
0.2024 1.0000 1.0000 0.0003 0.0036 0.0457 0.5882 1.0000 0.0001 0.0009 0.0114 0.1476 1.0000 1.0000 0.0002 0.0029 0.0377 0.4910 1.0000 0.0001 0.0007 0.0097 0.1256 1.0000 1.0000 0.0002 0.0025 0.0321 0.4177 1.0000 1.0000 0.0006 0.0082 0.1068 1.0000 1.0000 0.0002 0.0021 0.0273 0.3554 1.0000 1.0000 0.0005 0.0070 0.0909 1.0000 1.0000 0.0001 0.0017 0.0194 0.0932 0.0194 0.0017 0.0001 1.0000 1.0000 0.0909 0.0070 0.0005 1.0000 1.0000 0.3554 0.0273 0.0021 0.0002 1.0000 1.0000 0.1068 0.0082 0.0006 1.0000 1.0000 0.4177 0.0321 0.0025 0.0002 1.0000 1.0000 0.1256 0.0097 0.0007 0.0001 1.0000 0.4910 0.0377 0.0029 0.0002 1.0000 1.0000 0.1476 0.0114 0.0009 0.0001 1.0000 0.5882 0.0457 0.0036 0.0003 1.0000 1.0000 0.2024
1.0000 1.0000 0.0003 0.0036 0.0450 0.5695 1.0000 0.0001 0.0008 0.0107 0.1384 1.0000 1.0000 0.0002 0.0027 0.0352 0.4577 1.0000 0.0001 0.0007 0.0090 0.1170 1.0000 1.0000 0.0002 0.0023 0.0299 0.3893 1.0000 1.0000 0.0006 0.0077 0.0996 1.0000 1.0000 0.0002 0.0020 0.0255 0.3312 1.0000 1.0000 0.0005 0.0065 0.0847 1.0000 1.0000 0.0001 0.0016 0.0208 0.2348 1.0000 0.2348 0.0208 0.0016 0.0001 1.0000 1.0000 0.0847 0.0065 0.0005 1.0000 1.0000 0.3312 0.0255 0.0020 0.0002 1.0000 1.0000 0.0996 0.0077 0.0006 1.0000 1.0000 0.3893 0.0299 0.0023 0.0002 1.0000 1.0000 0.1170 0.0090 0.0007 0.0001 1.0000 0.4577 0.0352 0.0027 0.0002 1.0000 1.0000 0.1384 0.0107 0.0008 0.0001 1.0000 0.5695 0.0450 0.0036 0.0003 1.0000 1.0000
1.0000 0.0003 0.0037 0.0457 0.5695 1.0000 0.0001 0.0008 0.0102 0.1309 1.0000 1.0000 0.0002 0.0025 0.0328 0.4266 1.0000 1.0000 0.0006 0.0084 0.1091 1.0000 1.0000 0.0002 0.0021 0.0279 0.3629 1.0000 1.0000 0.0005 0.0071 0.0928 1.0000 1.0000 0.0001 0.0018 0.0237 0.3087 1.0000 1.0000 0.0005 0.0061 0.0790 1.0000 1.0000 0.0001 0.0015 0.0199 0.2514 1.0000 1.0000 1.0000 0.2514 0.0199 0.0015 0.0001 1.0000 1.0000 0.0790 0.0061 0.0005 1.0000 1.0000 0.3087 0.0237 0.0018 0.0001 1.0000 1.0000 0.0928 0.0071 0.0005 1.0000 1.0000 0.3629 0.0279 0.0021 0.0002 1.0000 1.0000 0.1091 0.0084 0.0006 1.0000 1.0000 0.4266 0.0328 0.0025 0.0002 1.0000 1.0000 0.1309 0.0102 0.0008 0.0001 1.0000 0.5695 0.0457 0.0037 0.0003 1.0000
0.0003 0.0039 0.0480 0.5882 1.0000 0.0001 0.0008 0.0099 0.1263 1.0000 1.0000 0.0002 0.0024 0.0307 0.3983 1.0000 1.0000 0.0006 0.0078 0.1017 1.0000 1.0000 0.0002 0.0020 0.0260 0.3382 1.0000 1.0000 0.0005 0.0066 0.0865 1.0000 1.0000 0.0001 0.0017 0.0221 0.2877 1.0000 1.0000 0.0004 0.0057 0.0736 0.9572 1.0000 0.0001 0.0014 0.0187 0.2416 1.0000 1.0000 0.0001 1.0000 1.0000 0.2416 0.0187 0.0014 0.0001 1.0000 0.9572 0.0736 0.0057 0.0004 1.0000 1.0000 0.2877 0.0221 0.0017 0.0001 1.0000 1.0000 0.0865 0.0066 0.0005 1.0000 1.0000 0.3382 0.0260 0.0020 0.0002 1.0000 1.0000 0.1017 0.0078 0.0006 1.0000 1.0000 0.3983 0.0307 0.0024 0.0002 1.0000 1.0000 0.1263 0.0099 0.0008 0.0001 1.0000 0.5882 0.0480 0.0039 0.0003
0.0040 0.0512 0.6216 1.0000 0.0001 0.0008 0.0099 0.1246 1.0000 1.0000 0.0002 0.0023 0.0291 0.3755 1.0000 1.0000 0.0006 0.0073 0.0948 1.0000 1.0000 0.0001 0.0019 0.0242 0.3152 1.0000 1.0000 0.0005 0.0062 0.0806 1.0000 1.0000 0.0001 0.0016 0.0206 0.2682 1.0000 1.0000 0.0004 0.0053 0.0686 0.8922 1.0000 0.0001 0.0013 0.0175 0.2269 1.0000 1.0000 0.0003 0.0014 0.0003 1.0000 1.0000 0.2269 0.0175 0.0013 0.0001 1.0000 0.8922 0.0686 0.0053 0.0004 1.0000 1.0000 0.2682 0.0206 0.0016 0.0001 1.0000 1.0000 0.0806 0.0062 0.0005 1.0000 1.0000 0.3152 0.0242 0.0019 0.0001 1.0000 1.0000 0.0948 0.0073 0.0006 1.0000 1.0000 0.3755 0.0291 0.0023 0.0002 1.0000 1.0000 0.1246 0.0099 0.0008 0.0001 1.0000 0.6216 0.0512 0.0040
0.0519 0.6644 1.0000 0.0001 0.0008 0.0102 0.1263 1.0000 1.0000 0.0002 0.0022 0.0279 0.3581 1.0000 1.0000 0.0005 0.0068 0.0885 1.0000 1.0000 0.0001 0.0017 0.0226 0.2938 1.0000 1.0000 0.0004 0.0058 0.0751 0.9774 1.0000 0.0001 0.0015 0.0192 0.2500 1.0000 1.0000 0.0004 0.0049 0.0639 0.8315 1.0000 0.0001 0.0013 0.0163 0.2119 1.0000 1.0000 0.0003 0.0035 0.0167 0.0035 0.0003 1.0000 1.0000 0.2119 0.0163 0.0013 0.0001 1.0000 0.8315 0.0639 0.0049 0.0004 1.0000 1.0000 0.2500 0.0192 0.0015 0.0001 1.0000 0.9774 0.0751 0.0058 0.0004 1.0000 1.0000 0.2938 0.0226 0.0017 0.0001 1.0000 1.0000 0.0885 0.0068 0.0005 1.0000 1.0000 0.3581 0.0279 0.0022 0.0002 1.0000 1.0000 0.1263 0.0102 0.0008 0.0001 1.0000 0.6644 0.0519
0.6746 1.0000 0.0001 0.0009 0.0107 0.1309 1.0000 1.0000 0.0002 0.0022 0.0273 0.3467 1.0000 1.0000 0.0005 0.0065 0.0833 1.0000 1.0000 0.0001 0.0016 0.0211 0.2739 1.0000 1.0000 0.0004 0.0054 0.0700 0.9110 1.0000 0.0001 0.0014 0.0179 0.2330 1.0000 1.0000 0.0004 0.0046 0.0596 0.7750 1.0000 0.0001 0.0012 0.0152 0.1975 1.0000 1.0000 0.0003 0.0037 0.0422 0.2028 0.0422 0.0037 0.0003 1.0000 1.0000 0.1975 0.0152 0.0012 0.0001 1.0000 0.7750 0.0596 0.0046 0.0004 1.0000 1.0000 0.2330 0.0179 0.0014 0.0001 1.0000 0.9110 0.0700 0.0054 0.0004 1.0000 1.0000 0.2739 0.0211 0.0016 0.0001 1.0000 1.0000 0.0833 0.0065 0.0005 1.0000 1.0000 0.3467 0.0273 0.0022 0.0002 1.0000 1.0000 0.1309 0.0107 0.0009 0.0001 1.0000 0.6746
1.0000 0.0001 0.0009 0.0114 0.1384 1.0000 1.0000 0.0002 0.0022 0.0273 0.3434 1.0000 1.0000 0.0005 0.0062 0.0791 1.0000 1.0000 0.0001 0.0015 0.0197 0.2553 1.0000 1.0000 0.0004 0.0050 0.0653 0.8491 1.0000 0.0001 0.0013 0.0167 0.2172 1.0000 1.0000 0.0003 0.0043 0.0555 0.7224 1.0000 0.0001 0.0011 0.0142 0.1840 1.0000 1.0000 0.0003 0.0036 0.0451 0.5110 1.0000 0.5110 0.0451 0.0036 0.0003 1.0000 1.0000 0.1840 0.0142 0.0011 0.0001 1.0000 0.7224 0.0555 0.0043 0.0003 1.0000 1.0000 0.2172 0.0167 0.0013 0.0001 1.0000 0.8491 0.0653 0.0050 0.0004 1.0000 1.0000 0.2553 0.0197 0.0015 0.0001 1.0000 1.0000 0.0791 0.0062 0.0005 1.0000 1.0000 0.3434 0.0273 0.0022 0.0002 1.0000 1.0000 0.1384 0.0114 0.0009 0.0001 1.0000
0.0001 0.0010 0.0122 0.1476 1.0000 1.0000 0.0002 0.0023 0.0279 0.3467 1.0000 1.0000 0.0005 0.0060 0.0763 0.9756 1.0000 0.0001 0.0014 0.0185 0.2393 1.0000 1.0000 0.0004 0.0047 0.0608 0.7914 1.0000 0.0001 0.0012 0.0156 0.2024 1.0000 1.0000 0.0003 0.0040 0.0518 0.6733 1.0000 0.0001 0.0010 0.0132 0.1719 1.0000 1.0000 0.0003 0.0034 0.0434 0.5472 1.0000 1.0000 1.0000 0.5472 0.0434 0.0034 0.0003 1.0000 1.0000 0.1719 0.0132 0.0010 0.0001 1.0000 0.6733 0.0518 0.0040 0.0003 1.0000 1.0000 0.2024 0.0156 0.0012 0.0001 1.0000 0.7914 0.0608 0.0047 0.0004 1.0000 1.0000 0.2393 0.0185 0.0014 0.0001 1.0000 0.9756 0.0763 0.0060 0.0005 1.0000 1.0000 0.3467 0.0279 0.0023 0.0002 1.0000 1.0000 0.1476 0.0122 0.0010 0.0001
0.0010 0.0131 0.1584 1.0000 1.0000 0.0002 0.0024 0.0291 0.3581 1.0000 1.0000 0.0005 0.0059 0.0749 0.9499 1.0000 0.0001 0.0014 0.0175 0.2260 1.0000 1.0000 0.0003 0.0044 0.0567 0.7376 1.0000 0.0001 0.0011 0.0145 0.1886 1.0000 1.0000 0.0003 0.0037 0.0482 0.6275 1.0000 0.0001 0.0009 0.0123 0.1602 1.0000 1.0000 0.0002 0.0031 0.0407 0.5258 1.0000 1.0000 0.0002 1.0000 1.0000 0.5258 0.0407 0.0031 0.0002 1.0000 1.0000 0.1602 0.0123 0.0009 0.0001 1.0000 0.6275 0.0482 0.0037 0.0003 1.0000 1.0000 0.1886 0.0145 0.0011 0.0001 1.0000 0.7376 0.0567 0.0044 0.0003 1.0000 1.0000 0.2260 0.0175 0.0014 0.0001 1.0000 0.9499 0.0749 0.0059 0.0005 1.0000 1.0000 0.3581 0.0291 0.0024 0.0002 1.0000 1.0000 0.1584 0.0131 0.0010
0.0133 0.1699 1.0000 1.0000 0.0002 0.0025 0.0307 0.3755 1.0000 1.0000 0.0005 0.0060 0.0749 0.9410 1.0000 0.0001 0.0013 0.0168 0.2155 1.0000 1.0000 0.0003 0.0041 0.0531 0.6888 1.0000 0.0001 0.0010 0.0135 0.1758 1.0000 1.0000 0.0003 0.0035 0.0450 0.5849 1.0000 0.0001 0.0009 0.0115 0.1493 1.0000 1.0000 0.0002 0.0029 0.0380 0.4929 1.0000 0.0001 0.0006 0.0030 0.0006 0.0001 1.0000 0.4929 0.0380 0.0029 0.0002 1.0000 1.0000 0.1493 0.0115 0.0009 0.0001 1.0000 0.5849 0.0450 0.0035 0.0003 1.0000 1.0000 0.1758 0.0135 0.0010 0.0001 1.0000 0.6888 0.0531 0.0041 0.0003 1.0000 1.0000 0.2155 0.0168 0.0013 0.0001 1.0000 0.9410 0.0749 0.0060 0.0005 1.0000 1.0000 0.3755 0.0307 0.0025 0.0002 1.0000 1.0000 0.1699 0.0133
0.1725 1.0000 1.0000 0.0002 0.0027 0.0328 0.3983 1.0000 1.0000 0.0005 0.0062 0.0763 0.9499 1.0000 0.0001 0.0013 0.0164 0.2083 1.0000 1.0000 0.0003 0.0039 0.0500 0.6469 1.0000 0.0001 0.0010 0.0126 0.1639 1.0000 1.0000 0.0002 0.0032 0.0419 0.5452 1.0000 0.0001 0.0008 0.0107 0.1392 1.0000 1.0000 0.0002 0.0027 0.0355 0.4603 1.0000 0.0001 0.0007 0.0076 0.0363 0.0076 0.0007 0.0001 1.0000 0.4603 0.0355 0.0027 0.0002 1.0000 1.0000 0.1392 0.0107 0.0008 0.0001 1.0000 0.5452 0.0419 0.0032 0.0002 1.0000 1.0000 0.1639 0.0126 0.0010 0.0001 1.0000 0.6469 0.0500 0.0039 0.0003 1.0000 1.0000 0.2083 0.0164 0.0013 0.0001 1.0000 0.9499 0.0763 0.0062 0.0005 1.0000 1.0000 0.3983 0.0328 0.0027 0.0002 1.0000 1.0000 0.1725
1.0000 1.0000 0.0002 0.0029 0.0352 0.4266 1.0000 1.0000 0.0005 0.0065 0.0791 0.9756 1.0000 0.0001 0.0013 0.0162 0.2047 1.0000 1.0000 0.0003 0.0037 0.0476 0.6122 1.0000 0.0001 0.0009 0.0118 0.1530 1.0000 1.0000 0.0002 0.0030 0.0391 0.5081 1.0000 0.0001 0.0008 0.0100 0.1297 1.0000 1.0000 0.0002 0.0025 0.0330 0.4298 1.0000 1.0000 0.0006 0.0081 0.0918 0.4406 0.0918 0.0081 0.0006 1.0000 1.0000 0.4298 0.0330 0.0025 0.0002 1.0000 1.0000 0.1297 0.0100 0.0008 0.0001 1.0000 0.5081 0.0391 0.0030 0.0002 1.0000 1.0000 0.1530 0.0118 0.0009 0.0001 1.0000 0.6122 0.0476 0.0037 0.0003 1.0000 1.0000 0.2047 0.0162 0.0013 0.0001 1.0000 0.9756 0.0791 0.0065 0.0005 1.0000 1.0000 0.4266 0.0352 0.0029 0.0002 1.0000 1.0000
1.0000 0.0003 0.0031 0.0377 0.4577 1.0000 1.0000 0.0006 0.0068 0.0833 1.0000 1.0000 0.0001 0.0013 0.0164 0.2047 1.0000 1.0000 0.0003 0.0036 0.0457 0.5860 1.0000 0.0001 0.0009 0.0111 0.1435 1.0000 1.0000 0.0002 0.0028 0.0364 0.4736 1.0000 0.0001 0.0007 0.0093 0.1211 1.0000 1.0000 0.0002 0.0024 0.0308 0.4006 1.0000 1.0000 0.0006 0.0078 0.0983 1.0000 1.0000 1.0000 0.0983 0.0078 0.0006 1.0000 1.0000 0.4006 0.0308 0.0024 0.0002 1.0000 1.0000 0.1211 0.0093 0.0007 0.0001 1.0000 0.4736 0.0364 0.0028 0.0002 1.0000 1.0000 0.1435 0.0111 0.0009 0.0001 1.0000 0.5860 0.0457 0.0036 0.0003 1.0000 1.0000 0.2047 0.0164 0.0013 0.0001 1.0000 1.0000 0.0833 0.0068 0.0006 1.0000 1.0000 0.4577 0.0377 0.0031 0.0003 1.0000
0.0003 0.0033 0.0405 0.4910 1.0000 1.0000 0.0006 0.0073 0.0885 1.0000 1.0000 0.0001 0.0014 0.0168 0.2083 1.0000 1.0000 0.0003 0.0035 0.0446 0.5674 1.0000 0.0001 0.0008 0.0105 0.1355 1.0000 1.0000 0.0002 0.0026 0.0340 0.4423 1.0000 1.0000 0.0007 0.0087 0.1129 1.0000 1.0000 0.0002 0.0022 0.0288 0.3734 1.0000 1.0000 0.0006 0.0073 0.0942 1.0000 1.0000 1.0000 1.0000 1.0000 0.0942 0.0073 0.0006 1.0000 1.0000 0.3734 0.0288 0.0022 0.0002 1.0000 1.0000 0.1129 0.0087 0.0007 1.0000 1.0000 0.4423 0.0340 0.0026 0.0002 1.0000 1.0000 0.1355 0.0105 0.0008 0.0001 1.0000 0.5674 0.0446 0.0035 0.0003 1.0000 1.0000 0.2083 0.0168 0.0014 0.0001 1.0000 1.0000 0.0885 0.0073 0.0006 1.0000 1.0000 0.4910 0.0405 0.0033 0.0003
0.0034 0.0435 0.5268 1.0000 0.0001 0.0006 0.0078 0.0948 1.0000 1.0000 0.0001 0.0014 0.0175 0.2155 1.0000 1.0000 0.0003 0.0035 0.0443 0.5588 1.0000 0.0001 0.0008 0.0101 0.1290 1.0000 1.0000 0.0002 0.0025 0.0318 0.4130 1.0000 1.0000 0.0006 0.0081 0.1052 1.0000 1.0000 0.0002 0.0021 0.0268 0.3480 1.0000 1.0000 0.0005 0.0068 0.0885 1.0000 1.0000 0.0001 0.0005 0.0001 1.0000 1.0000 0.0885 0.0068 0.0005 1.0000 1.0000 0.3480 0.0268 0.0021 0.0002 1.0000 1.0000 0.1052 0.0081 0.0006 1.0000 1.0000 0.4130 0.0318 0.0025 0.0002 1.0000 1.0000 0.1290 0.0101 0.0008 0.0001 1.0000 0.5588 0.0443 0.0035 0.0003 1.0000 1.0000 0.2155 0.0175 0.0014 0.0001 1.0000 1.0000 0.0948 0.0078 0.0006 0.0001 1.0000 0.5268 0.0435 0.0034
0.0441 0.5652 1.0000 0.0001 0.0007 0.0084 0.1017 1.0000 1.0000 0.0001 0.0015 0.0185 0.2260 1.0000 1.0000 0.0003 0.0036 0.0446 0.5588 1.0000 0.0001 0.0008 0.0098 0.1244 1.0000 1.0000 0.0002 0.0023 0.0300 0.3879 1.0000 1.0000 0.0006 0.0075 0.0981 1.0000 1.0000 0.0001 0.0019 0.0250 0.3244 1.0000 1.0000 0.0005 0.0064 0.0826 1.0000 1.0000 0.0001 0.0014 0.0065 0.0014 0.0001 1.0000 1.0000 0.0826 0.0064 0.0005 1.0000 1.0000 0.3244 0.0250 0.0019 0.0001 1.0000 1.0000 0.0981 0.0075 0.0006 1.0000 1.0000 0.3879 0.0300 0.0023 0.0002 1.0000 1.0000 0.1244 0.0098 0.0008 0.0001 1.0000 0.5588 0.0446 0.0036 0.0003 1.0000 1.0000 0.2260 0.0185 0.0015 0.0001 1.0000 1.0000 0.1017 0.0084 0.0007 0.0001 1.0000 0.5652 0.0441
0.5739 1.0000 0.0001 0.0007 0.0090 0.1091 1.0000 1.0000 0.0001 0.0016 0.0197 0.2393 1.0000 1.0000 0.0003 0.0037 0.0457 0.5674 1.0000 0.0001 0.0008 0.0096 0.1216 1.0000 1.0000 0.0002 0.0022 0.0285 0.3671 1.0000 1.0000 0.0005 0.0071 0.0916 1.0000 1.0000 0.0001 0.0018 0.0233 0.3029 1.0000 1.0000 0.0005 0.0059 0.0770 1.0000 1.0000 0.0001 0.0015 0.0165 0.0791 0.0165 0.0015 0.0001 1.0000 1.0000 0.0770 0.0059 0.0005 1.0000 1.0000 0.3029 0.0233 0.0018 0.0001 1.0000 1.0000 0.0916 0.0071 0.0005 1.0000 1.0000 0.3671 0.0285 0.0022 0.0002 1.0000 1.0000 0.1216 0.0096 0.0008 0.0001 1.0000 0.5674 0.0457 0.0037 0.0003 1.0000 1.0000 0.2393 0.0197 0.0016 0.0001 1.0000 1.0000 0.1091 0.0090 0.0007 0.0001 1.0000 0.5739
1.0000 0.0001 0.0008 0.0097 0.1170 1.0000 1.0000 0.0001 0.0017 0.0211 0.2553 1.0000 1.0000 0.0003 0.0039 0.0476 0.5860 1.0000 0.0001 0.0008 0.0096 0.1207 1.0000 1.0000 0.0002 0.0021 0.0273 0.3500 1.0000 1.0000 0.0005 0.0066 0.0858 1.0000 1.0000 0.0001 0.0017 0.0217 0.2823 1.0000 1.0000 0.0004 0.0055 0.0719 0.9338 1.0000 0.0001 0.0014 0.0176 0.1993 0.9590 0.1993 0.0176 0.0014 0.0001 1.0000 0.9338 0.0719 0.0055 0.0004 1.0000 1.0000 0.2823 0.0217 0.0017 0.0001 1.0000 1.0000 0.0858 0.0066 0.0005 1.0000 1.0000 0.3500 0.0273 0.0021 0.0002 1.0000 1.0000 0.1207 0.0096 0.0008 0.0001 1.0000 0.5860 0.0476 0.0039 0.0003 1.0000 1.0000 0.2553 0.0211 0.0017 0.0001 1.0000 1.0000 0.1170 0.0097 0.0008 0.0001 1.0000
0.0001 0.0009 0.0104 0.1256 1.0000 1.0000 0.0002 0.0019 0.0226 0.2739 1.0000 1.0000 0.0003 0.0041 0.0500 0.6122 1.0000 0.0001 0.0008 0.0098 0.1216 1.0000 1.0000 0.0002 0.0021 0.0265 0.3376 1.0000 1.0000 0.0005 0.0063 0.0811 1.0000 1.0000 0.0001 0.0016 0.0203 0.2636 1.0000 1.0000 0.0004 0.0052 0.0670 0.8704 1.0000 0.0001 0.0013 0.0169 0.2135 1.0000 1.0000 1.0000 0.2135 0.0169 0.0013 0.0001 1.0000 0.8704 0.0670 0.0052 0.0004 1.0000 1.0000 0.2636 0.0203 0.0016 0.0001 1.0000 1.0000 0.0811 0.0063 0.0005 1.0000 1.0000 0.3376 0.0265 0.0021 0.0002 1.0000 1.0000 0.1216 0.0098 0.0008 0.0001 1.0000 0.6122 0.0500 0.0041 0.0003 1.0000 1.0000 0.2739 0.0226 0.0019 0.0002 1.0000 1.0000 0.1256 0.0104 0.0009 0.0001
0.0009 0.0111 0.1347 1.0000 1.0000 0.0002 0.0020 0.0242 0.2938 1.0000 1.0000 0.0004 0.0044 0.0531 0.6469 1.0000 0.0001 0.0008 0.0101 0.1244 1.0000 1.0000 0.0002 0.0021 0.0261 0.3300 1.0000 1.0000 0.0005 0.0060 0.0772 0.9924 1.0000 0.0001 0.0015 0.0190 0.2467 1.0000 1.0000 0.0004 0.0048 0.0626 0.8128 1.0000 0.0001 0.0012 0.0159 0.2051 1.0000 1.0000 0.0001 1.0000 1.0000 0.2051 0.0159 0.0012 0.0001 1.0000 0.8128 0.0626 0.0048 0.0004 1.0000 1.0000 0.2467 0.0190 0.0015 0.0001 1.0000 0.9924 0.0772 0.0060 0.0005 1.0000 1.0000 0.3300 0.0261 0.0021 0.0002 1.0000 1.0000 0.1244 0.0101 0.0008 0.0001 1.0000 0.6469 0.0531 0.0044 0.0004 1.0000 1.0000 0.2938 0.0242 0.0020 0.0002 1.0000 1.0000 0.1347 0.0111 0.0009
0.0113 0.1445 1.0000 1.0000 0.0002 0.0021 0.0260 0.3152 1.0000 1.0000 0.0004 0.0047 0.0567 0.6888 1.0000 0.0001 0.0009 0.0105 0.1290 1.0000 1.0000 0.0002 0.0021 0.0261 0.3275 1.0000 1.0000 0.0005 0.0058 0.0740 0.9481 1.0000 0.0001 0.0014 0.0179 0.2317 1.0000 1.0000 0.0003 0.0045 0.0585 0.7590 1.0000 0.0001 0.0011 0.0148 0.1926 1.0000 1.0000 0.0002 0.0012 0.0002 1.0000 1.0000 0.1926 0.0148 0.0011 0.0001 1.0000 0.7590 0.0585 0.0045 0.0003 1.0000 1.0000 0.2317 0.0179 0.0014 0.0001 1.0000 0.9481 0.0740 0.0058 0.0005 1.0000 1.0000 0.3275 0.0261 0.0021 0.0002 1.0000 1.0000 0.1290 0.0105 0.0009 0.0001 1.0000 0.6888 0.0567 0.0047 0.0004 1.0000 1.0000 0.3152 0.0260 0.0021 0.0002 1.0000 1.0000 0.1445 0.0113
0.1468 1.0000 1.0000 0.0002 0.0023 0.0279 0.3382 1.0000 1.0000 0.0004 0.0050 0.0608 0.7376 1.0000 0.0001 0.0009 0.0111 0.1355 1.0000 1.0000 0.0002 0.0021 0.0265 0.3300 1.0000 1.0000 0.0004 0.0057 0.0719 0.9162 1.0000 0.0001 0.0013 0.0170 0.2192 1.0000 1.0000 0.0003 0.0042 0.0547 0.7101 1.0000 0.0001 0.0011 0.0139 0.1799 1.0000 1.0000 0.0003 0.0030 0.0142 0.0030 0.0003 1.0000 1.0000 0.1799 0.0139 0.0011 0.0001 1.0000 0.7101 0.0547 0.0042 0.0003 1.0000 1.0000 0.2192 0.0170 0.0013 0.0001 1.0000 0.9162 0.0719 0.0057 0.0004 1.0000 1.0000 0.3300 0.0265 0.0021 0.0002 1.0000 1.0000 0.1355 0.0111 0.0009 0.0001 1.0000 0.7376 0.0608 0.0050 0.0004 1.0000 1.0000 0.3382 0.0279 0.0023 0.0002 1.0000 1.0000 0.1468
1.0000 1.0000 0.0002 0.0025 0.0299 0.3629 1.0000 1.0000 0.0004 0.0054 0.0653 0.7914 1.0000 0.0001 0.0010 0.0118 0.1435 1.0000 1.0000 0.0002 0.0022 0.0273 0.3376 1.0000 1.0000 0.0004 0.0056 0.0708 0.8973 1.0000 0.0001 0.0013 0.0163 0.2087 1.0000 1.0000 0.0003 0.0040 0.0514 0.6657 1.0000 0.0001 0.0010 0.0130 0.1683 1.0000 1.0000 0.0003 0.0032 0.0359 0.1722 0.0359 0.0032 0.0003 1.0000 1.0000 0.1683 0.0130 0.0010 0.0001 1.0000 0.6657 0.0514 0.0040 0.0003 1.0000 1.0000 0.2087 0.0163 0.0013 0.0001 1.0000 0.8973 0.0708 0.0056 0.0004 1.0000 1.0000 0.3376 0.0273 0.0022 0.0002 1.0000 1.0000 0.1435 0.0118 0.0010 0.0001 1.0000 0.7914 0.0653 0.0054 0.0004 1.0000 1.0000 0.3629 0.0299 0.0025 0.0002 1.0000 1.0000
1.0000 0.0002 0.0026 0.0321 0.3893 1.0000 1.0000 0.0005 0.0058 0.0700 0.8491 1.0000 0.0001 0.0010 0.0126 0.1530 1.0000 1.0000 0.0002 0.0023 0.0285 0.3500 1.0000 1.0000 0.0005 0.0057 0.0708 0.8905 1.0000 0.0001 0.0012 0.0157 0.2009 1.0000 1.0000 0.0003 0.0038 0.0485 0.6264 1.0000 0.0001 0.0009 0.0121 0.1575 1.0000 1.0000 0.0002 0.0030 0.0384 0.4347 1.0000 0.4347 0.0384 0.0030 0.0002 1.0000 1.0000 0.1575 0.0121 0.0009 0.0001 1.0000 0.6264 0.0485 0.0038 0.0003 1.0000 1.0000 0.2009 0.0157 0.0012 0.0001 1.0000 0.8905 0.0708 0.0057 0.0005 1.0000 1.0000 0.3500 0.0285 0.0023 0.0002 1.0000 1.0000 0.1530 0.0126 0.0010 0.0001 1.0000 0.8491 0.0700 0.0058 0.0005 1.0000 1.0000 0.3893 0.0321 0.0026 0.0002 1.0000
0.0002 0.0028 0.0345 0.4177 1.0000 1.0000 0.0005 0.0062 0.0751 0.9110 1.0000 0.0001 0.0011 0.0135 0.1639 1.0000 1.0000 0.0002 0.0025 0.0300 0.3671 1.0000 1.0000 0.0005 0.0058 0.0719 0.8973 1.0000 0.0001 0.0012 0.0154 0.1952 1.0000 1.0000 0.0003 0.0036 0.0461 0.5939 1.0000 0.0001 0.0009 0.0114 0.1476 1.0000 1.0000 0.0002 0.0029 0.0370 0.4656 1.0000 1.0000 1.0000 0.4656 0.0370 0.0029 0.0002 1.0000 1.0000 0.1476 0.0114 0.0009 0.0001 1.0000 0.5939 0.0461 0.0036 0.0003 1.0000 1.0000 0.1952 0.0154 0.0012 0.0001 1.0000 0.8973 0.0719 0.0058 0.0005 1.0000 1.0000 0.3671 0.0300 0.0025 0.0002 1.0000 1.0000 0.1639 0.0135 0.0011 0.0001 1.0000 0.9110 0.0751 0.0062 0.0005 1.0000 1.0000 0.4177 0.0345 0.0028 0.0002
0.0029 0.0370 0.4482 1.0000 1.0000 0.0005 0.0066 0.0806 0.9774 1.0000 0.0001 0.0012 0.0145 0.1758 1.0000 1.0000 0.0002 0.0026 0.0318 0.3879 1.0000 1.0000 0.0005 0.0060 0.0740 0.9162 1.0000 0.0001 0.0012 0.0153 0.1926 1.0000 1.0000 0.0003 0.0034 0.0441 0.5663 1.0000 0.0001 0.0008 0.0107 0.1386 1.0000 1.0000 0.0002 0.0027 0.0348 0.4482 1.0000 1.0000 0.0002 1.0000 1.0000 0.4482 0.0348 0.0027 0.0002 1.0000 1.0000 0.1386 0.0107 0.0008 0.0001 1.0000 0.5663 0.0441 0.0034 0.0003 1.0000 1.0000 0.1926 0.0153 0.0012 0.0001 1.0000 0.9162 0.0740 0.0060 0.0005 1.0000 1.0000 0.3879 0.0318 0.0026 0.0002 1.0000 1.0000 0.1758 0.0145 0.0012 0.0001 1.0000 0.9774 0.0806 0.0066 0.0005 1.0000 1.0000 0.4482 0.0370 0.0029
0.0375 0.4809 1.0000 1.0000 0.0006 0.0071 0.0865 1.0000 1.0000 0.0001 0.0013 0.0156 0.1886 1.0000 1.0000 0.0002 0.0028 0.0340 0.4130 1.0000 1.0000 0.0005 0.0063 0.0772 0.9481 1.0000 0.0001 0.0012 0.0154 0.1926 1.0000 1.0000 0.0003 0.0034 0.0427 0.5452 1.0000 0.0001 0.0008 0.0101 0.1307 1.0000 1.0000 0.0002 0.0025 0.0326 0.4225 1.0000 1.0000 0.0005 0.0026 0.0005 1.0000 1.0000 0.4225 0.0326 0.0025 0.0002 1.0000 1.0000 0.1307 0.0101 0.0008 0.0001 1.0000 0.5452 0.0427 0.0034 0.0003 1.0000 1.0000 0.1926 0.0154 0.0012 0.0001 1.0000 0.9481 0.0772 0.0063 0.0005 1.0000 1.0000 0.4130 0.0340 0.0028 0.0002 1.0000 1.0000 0.1886 0.0156 0.0013 0.0001 1.0000 1.0000 0.0865 0.0071 0.0006 1.0000 1.0000 0.4809 0.0375
0.4882 1.0000 0.0001 0.0006 0.0077 0.0928 1.0000 1.0000 0.0001 0.0014 0.0167 0.2024 1.0000 1.0000 0.0002 0.0030 0.0364 0.4423 1.0000 1.0000 0.0005 0.0066 0.0811 0.9924 1.0000 0.0001 0.0013 0.0157 0.1952 1.0000 1.0000 0.0003 0.0033 0.0418 0.5298 1.0000 0.0001 0.0008 0.0097 0.1244 1.0000 1.0000 0.0002 0.0024 0.0307 0.3968 1.0000 1.0000 0.0006 0.0065 0.0310 0.0065 0.0006 1.0000 1.0000 0.3968 0.0307 0.0024 0.0002 1.0000 1.0000 0.1244 0.0097 0.0008 0.0001 1.0000 0.5298 0.0418 0.0033 0.0003 1.0000 1.0000 0.1952 0.0157 0.0013 0.0001 1.0000 0.9924 0.0811 0.0066 0.0005 1.0000 1.0000 0.4423 0.0364 0.0030 0.0002 1.0000 1.0000 0.2024 0.0167 0.0014 0.0001 1.0000 1.0000 0.0928 0.0077 0.0006 0.0001 1.0000 0.4882
1.0000 0.0001 0.0007 0.0082 0.0996 1.0000 1.0000 0.0001 0.0015 0.0179 0.2172 1.0000 1.0000 0.0003 0.0032 0.0391 0.4736 1.0000 1.0000 0.0006 0.0071 0.0858 1.0000 1.0000 0.0001 0.0013 0.0163 0.2009 1.0000 1.0000 0.0003 0.0033 0.0415 0.5228 1.0000 0.0001 0.0007 0.0093 0.1195 1.0000 1.0000 0.0002 0.0022 0.0289 0.3734 1.0000 1.0000 0.0006 0.0069 0.0785 0.3770 0.0785 0.0069 0.0006 1.0000 1.0000 0.3734 0.0289 0.0022 0.0002 1.0000 1.0000 0.1195 0.0093 0.0007 0.0001 1.0000 0.5228 0.0415 0.0033 0.0003 1.0000 1.0000 0.2009 0.0163 0.0013 0.0001 1.0000 1.0000 0.0858 0.0071 0.0006 1.0000 1.0000 0.4736 0.0391 0.0032 0.0003 1.0000 1.0000 0.2172 0.0179 0.0015 0.0001 1.0000 1.0000 0.0996 0.0082 0.0007 0.0001 1.0000
0.0001 0.0007 0.0088 0.1068 1.0000 1.0000 0.0001 0.0016 0.0192 0.2330 1.0000 1.0000 0.0003 0.0035 0.0419 0.5081 1.0000 1.0000 0.0006 0.0075 0.0916 1.0000 1.0000 0.0001 0.0014 0.0170 0.2087 1.0000 1.0000 0.0003 0.0034 0.0418 0.5228 1.0000 0.0001 0.0007 0.0091 0.1157 1.0000 1.0000 0.0002 0.0021 0.0274 0.3534 1.0000 1.0000 0.0005 0.0067 0.0845 0.9536 1.0000 0.9536 0.0845 0.0067 0.0005 1.0000 1.0000 0.3534 0.0274 0.0021 0.0002 1.0000 1.0000 0.1157 0.0091 0.0007 0.0001 1.0000 0.5228 0.0418 0.0034 0.0003 1.0000 1.0000 0.2087 0.0170 0.0014 0.0001 1.0000 1.0000 0.0916 0.0075 0.0006 1.0000 1.0000 0.5081 0.0419 0.0035 0.0003 1.0000 1.0000 0.2330 0.0192 0.0016 0.0001 1.0000 1.0000 0.1068 0.0088 0.0007 0.0001
0.0007 0.0095 0.1146 1.0000 1.0000 0.0001 0.0017 0.0206 0.2500 1.0000 1.0000 0.0003 0.0037 0.0450 0.5452 1.0000 0.0001 0.0007 0.0081 0.0981 1.0000 1.0000 0.0001 0.0015 0.0179 0.2192 1.0000 1.0000 0.0003 0.0034 0.0427 0.5298 1.0000 0.0001 0.0007 0.0090 0.1133 1.0000 1.0000 0.0002 0.0020 0.0263 0.3369 1.0000 1.0000 0.0005 0.0064 0.0819 1.0000 1.0000 1.0000 1.0000 1.0000 0.0819 0.0064 0.0005 1.0000 1.0000 0.3369 0.0263 0.0020 0.0002 1.0000 1.0000 0.1133 0.0090 0.0007 0.0001 1.0000 0.5298 0.0427 0.0034 0.0003 1.0000 1.0000 0.2192 0.0179 0.0015 0.0001 1.0000 1.0000 0.0981 0.0081 0.0007 0.0001 1.0000 0.5452 0.0450 0.0037 0.0003 1.0000 1.0000 0.2500 0.0206 0.0017 0.0001 1.0000 1.0000 0.1146 0.0095 0.0007
0.0096 0.1230 1.0000 1.0000 0.0002 0.0018 0.0221 0.2682 1.0000 1.0000 0.0003 0.0040 0.0482 0.5849 1.0000 0.0001 0.0007 0.0087 0.1052 1.0000 1.0000 0.0001 0.0016 0.0190 0.2317 1.0000 1.0000 0.0003 0.0036 0.0441 0.5452 1.0000 0.0001 0.0007 0.0090 0.1127 1.0000 1.0000 0.0002 0.0020 0.0253 0.3238 1.0000 1.0000 0.0005 0.0060 0.0779 1.0000 1.0000 0.0001 0.0005 0.0001 1.0000 1.0000 0.0779 0.0060 0.0005 1.0000 1.0000 0.3238 0.0253 0.0020 0.0002 1.0000 1.0000 0.1127 0.0090 0.0007 0.0001 1.0000 0.5452 0.0441 0.0036 0.0003 1.0000 1.0000 0.2317 0.0190 0.0016 0.0001 1.0000 1.0000 0.1052 0.0087 0.0007 0.0001 1.0000 0.5849 0.0482 0.0040 0.0003 1.0000 1.0000 0.2682 0.0221 0.0018 0.0002 1.0000 1.0000 0.1230 0.0096
0.1249 1.0000 1.0000 0.0002 0.0020 0.0237 0.2877 1.0000 1.0000 0.0004 0.0043 0.0518 0.6275 1.0000 0.0001 0.0008 0.0093 0.1129 1.0000 1.0000 0.0001 0.0017 0.0203 0.2467 1.0000 1.0000 0.0003 0.0038 0.0461 0.5663 1.0000 0.0001 0.0007 0.0091 0.1133 1.0000 1.0000 0.0002 0.0019 0.0247 0.3141 1.0000 1.0000 0.0005 0.0058 0.0741 0.9536 1.0000 0.0001 0.0012 0.0057 0.0012 0.0001 1.0000 0.9536 0.0741 0.0058 0.0005 1.0000 1.0000 0.3141 0.0247 0.0019 0.0002 1.0000 1.0000 0.1133 0.0091 0.0007 0.0001 1.0000 0.5663 0.0461 0.0038 0.0003 1.0000 1.0000 0.2467 0.0203 0.0017 0.0001 1.0000 1.0000 0.1129 0.0093 0.0008 0.0001 1.0000 0.6275 0.0518 0.0043 0.0004 1.0000 1.0000 0.2877 0.0237 0.0020 0.0002 1.0000 1.0000 0.1249
1.0000 1.0000 0.0002 0.0021 0.0255 0.3087 1.0000 1.0000 0.0004 0.0046 0.0555 0.6733 1.0000 0.0001 0.0008 0.0100 0.1211 1.0000 1.0000 0.0001 0.0018 0.0217 0.2636 1.0000 1.0000 0.0003 0.0040 0.0485 0.5939 1.0000 0.0001 0.0008 0.0093 0.1157 1.0000 1.0000 0.0002 0.0019 0.0244 0.3075 1.0000 1.0000 0.0004 0.0056 0.0711 0.9110 1.0000 0.0001 0.0013 0.0144 0.0692 0.0144 0.0013 0.0001 1.0000 0.9110 0.0711 0.0056 0.0004 1.0000 1.0000 0.3075 0.0244 0.0019 0.0002 1.0000 1.0000 0.1157 0.0093 0.0008 0.0001 1.0000 0.5939 0.0485 0.0040 0.0003 1.0000 1.0000 0.2636 0.0217 0.0018 0.0001 1.0000 1.0000 0.1211 0.0100 0.0008 0.0001 1.0000 0.6733 0.0555 0.0046 0.0004 1.0000 1.0000 0.3087 0.0255 0.0021 0.0002 1.0000 1.0000
1.0000 0.0002 0.0023 0.0273 0.3312 1.0000 1.0000 0.0004 0.0049 0.0596 0.7224 1.0000 0.0001 0.0009 0.0107 0.1297 1.0000 1.0000 0.0002 0.0019 0.0233 0.2823 1.0000 1.0000 0.0003 0.0042 0.0514 0.6264 1.0000 0.0001 0.0008 0.0097 0.1195 1.0000 1.0000 0.0002 0.0019 0.0244 0.3058 1.0000 1.0000 0.0004 0.0054 0.0686 0.8770 1.0000 0.0001 0.0013 0.0157 0.1768 0.8459 0.1768 0.0157 0.0013 0.0001 1.0000 0.8770 0.0686 0.0054 0.0004 1.0000 1.0000 0.3058 0.0244 0.0019 0.0002 1.0000 1.0000 0.1195 0.0097 0.0008 0.0001 1.0000 0.6264 0.0514 0.0042 0.0003 1.0000 1.0000 0.2823 0.0233 0.0019 0.0002 1.0000 1.0000 0.1297 0.0107 0.0009 0.0001 1.0000 0.7224 0.0596 0.0049 0.0004 1.0000 1.0000 0.3312 0.0273 0.0023 0.0002 1.0000
0.0002 0.0024 0.0293 0.3554 1.0000 1.0000 0.0004 0.0053 0.0639 0.7750 1.0000 0.0001 0.0009 0.0115 0.1392 1.0000 1.0000 0.0002 0.0021 0.0250 0.3029 1.0000 1.0000 0.0004 0.0045 0.0547 0.6657 1.0000 0.0001 0.0008 0.0101 0.1244 1.0000 1.0000 0.0002 0.0020 0.0247 0.3075 1.0000 1.0000 0.0004 0.0053 0.0669 0.8507 1.0000 0.0001 0.0012 0.0155 0.1930 1.0000 1.0000 1.0000 0.1930 0.0155 0.0012 0.0001 1.0000 0.8507 0.0669 0.0053 0.0004 1.0000 1.0000 0.3075 0.0247 0.0020 0.0002 1.0000 1.0000 0.1244 0.0101 0.0008 0.0001 1.0000 0.6657 0.0547 0.0045 0.0004 1.0000 1.0000 0.3029 0.0250 0.0021 0.0002 1.0000 1.0000 0.1392 0.0115 0.0009 0.0001 1.0000 0.7750 0.0639 0.0053 0.0004 1.0000 1.0000 0.3554 0.0293 0.0024 0.0002
0.0025 0.0314 0.3813 1.0000 1.0000 0.0005 0.0057 0.0686 0.8315 1.0000 0.0001 0.0010 0.0123 0.1493 1.0000 1.0000 0.0002 0.0022 0.0268 0.3244 1.0000 1.0000 0.0004 0.0048 0.0585 0.7101 1.0000 0.0001 0.0009 0.0107 0.1307 1.0000 1.0000 0.0002 0.0020 0.0253 0.3141 1.0000 1.0000 0.0004 0.0053 0.0660 0.8347 1.0000 0.0001 0.0012 0.0150 0.1908 1.0000 1.0000 0.0001 1.0000 1.0000 0.1908 0.0150 0.0012 0.0001 1.0000 0.8347 0.0660 0.0053 0.0004 1.0000 1.0000 0.3141 0.0253 0.0020 0.0002 1.0000 1.0000 0.1307 0.0107 0.0009 0.0001 1.0000 0.7101 0.0585 0.0048 0.0004 1.0000 1.0000 0.3244 0.0268 0.0022 0.0002 1.0000 1.0000 0.1493 0.0123 0.0010 0.0001 1.0000 0.8315 0.0686 0.0057 0.0005 1.0000 1.0000 0.3813 0.0314 0.0025
0.0319 0.4091 1.0000 1.0000 0.0005 0.0061 0.0736 0.8922 1.0000 0.0001 0.0011 0.0132 0.1602 1.0000 1.0000 0.0002 0.0024 0.0288 0.3480 1.0000 1.0000 0.0004 0.0052 0.0626 0.7590 1.0000 0.0001 0.0009 0.0114 0.1386 1.0000 1.0000 0.0002 0.0021 0.0263 0.3238 1.0000 1.0000 0.0004 0.0053 0.0660 0.8300 1.0000 0.0001 0.0011 0.0146 0.1854 1.0000 1.0000 0.0002 0.0011 0.0002 1.0000 1.0000 0.1854 0.0146 0.0011 0.0001 1.0000 0.8300 0.0660 0.0053 0.0004 1.0000 1.0000 0.3238 0.0263 0.0021 0.0002 1.0000 1.0000 0.1386 0.0114 0.0009 0.0001 1.0000 0.7590 0.0626 0.0052 0.0004 1.0000 1.0000 0.3480 0.0288 0.0024 0.0002 1.0000 1.0000 0.1602 0.0132 0.0011 0.0001 1.0000 0.8922 0.0736 0.0061 0.0005 1.0000 1.0000 0.4091 0.0319
0.4153 1.0000 1.0000 0.0005 0.0065 0.0790 0.9572 1.0000 0.0001 0.0012 0.0142 0.1719 1.0000 1.0000 0.0002 0.0025 0.0308 0.3734 1.0000 1.0000 0.0005 0.0055 0.0670 0.8128 1.0000 0.0001 0.0010 0.0121 0.1476 1.0000 1.0000 0.0002 0.0022 0.0274 0.3369 1.0000 1.0000 0.0004 0.0054 0.0669 0.8347 1.0000 0.0001 0.0011 0.0143 0.1816 1.0000 1.0000 0.0002 0.0028 0.0132 0.0028 0.0002 1.0000 1.0000 0.1816 0.0143 0.0011 0.0001 1.0000 0.8347 0.0669 0.0054 0.0004 1.0000 1.0000 0.3369 0.0274 0.0022 0.0002 1.0000 1.0000 0.1476 0.0121 0.0010 0.0001 1.0000 0.8128 0.0670 0.0055 0.0005 1.0000 1.0000 0.3734 0.0308 0.0025 0.0002 1.0000 1.0000 0.1719 0.0142 0.0012 0.0001 1.0000 0.9572 0.0790 0.0065 0.0005 1.0000 1.0000 0.4153
1.0000 1.0000 0.0006 0.0070 0.0847 1.0000 1.0000 0.0001 0.0013 0.0152 0.1840 1.0000 1.0000 0.0002 0.0027 0.0330 0.4006 1.0000 1.0000 0.0005 0.0059 0.0719 0.8704 1.0000 0.0001 0.0011 0.0130 0.1575 1.0000 1.0000 0.0002 0.0024 0.0289 0.3534 1.0000 1.0000 0.0005 0.0056 0.0686 0.8507 1.0000 0.0001 0.0011 0.0142 0.1792 1.0000 1.0000 0.0002 0.0031 0.0342 0.1629 0.0342 0.0031 0.0002 1.0000 1.0000 0.1792 0.0142 0.0011 0.0001 1.0000 0.8507 0.0686 0.0056 0.0005 1.0000 1.0000 0.3534 0.0289 0.0024 0.0002 1.0000 1.0000 0.1575 0.0130 0.0011 0.0001 1.0000 0.8704 0.0719 0.0059 0.0005 1.0000 1.0000 0.4006 0.0330 0.0027 0.0002 1.0000 1.0000 0.1840 0.0152 0.0013 0.0001 1.0000 1.0000 0.0847 0.0070 0.0006 1.0000 1.0000
1.0000 0.0006 0.0075 0.0909 1.0000 1.0000 0.0001 0.0013 0.0163 0.1975 1.0000 1.0000 0.0002 0.0029 0.0355 0.4298 1.0000 1.0000 0.0005 0.0064 0.0770 0.9338 1.0000 0.0001 0.0011 0.0139 0.1683 1.0000 1.0000 0.0002 0.0025 0.0307 0.3734 1.0000 1.0000 0.0005 0.0058 0.0711 0.8770 1.0000 0.0001 0.0011 0.0143 0.1792 1.0000 1.0000 0.0002 0.0031 0.0382 0.4241 1.0000 0.4241 0.0382 0.0031 0.0002 1.0000 1.0000 0.1792 0.0143 0.0011 0.0001 1.0000 0.8770 0.0711 0.0058 0.0005 1.0000 1.0000 0.3734 0.0307 0.0025 0.0002 1.0000 1.0000 0.1683 0.0139 0.0011 0.0001 1.0000 0.9338 0.0770 0.0064 0.0005 1.0000 1.0000 0.4298 0.0355 0.0029 0.0002 1.0000 1.0000 0.1975 0.0163 0.0013 0.0001 1.0000 1.0000 0.0909 0.0075 0.0006 1.0000
0.0006 0.0080 0.0975 1.0000 1.0000 0.0001 0.0014 0.0175 0.2119 1.0000 1.0000 0.0003 0.0031 0.0380 0.4603 1.0000 1.0000 0.0006 0.0068 0.0826 1.0000 1.0000 0.0001 0.0012 0.0148 0.1799 1.0000 1.0000 0.0002 0.0027 0.0326 0.3968 1.0000 1.0000 0.0005 0.0060 0.0741 0.9110 1.0000 0.0001 0.0012 0.0146 0.1816 1.0000 1.0000 0.0002 0.0031 0.0385 0.4745 1.0000 1.0000 1.0000 0.4745 0.0385 0.0031 0.0002 1.0000 1.0000 0.1816 0.0146 0.0012 0.0001 1.0000 0.9110 0.0741 0.0060 0.0005 1.0000 1.0000 0.3968 0.0326 0.0027 0.0002 1.0000 1.0000 0.1799 0.0148 0.0012 0.0001 1.0000 1.0000 0.0826 0.0068 0.0006 1.0000 1.0000 0.4603 0.0380 0.0031 0.0003 1.0000 1.0000 0.2119 0.0175 0.0014 0.0001 1.0000 1.0000 0.0975 0.0080 0.0006
0.0082 0.1044 1.0000 1.0000 0.0001 0.0015 0.0187 0.2269 1.0000 1.0000 0.0003 0.0034 0.0407 0.4929 1.0000 1.0000 0.0006 0.0073 0.0885 1.0000 1.0000 0.0001 0.0013 0.0159 0.1926 1.0000 1.0000 0.0002 0.0029 0.0348 0.4225 1.0000 1.0000 0.0005 0.0064 0.0779 0.9536 1.0000 0.0001 0.0012 0.0150 0.1854 1.0000 1.0000 0.0002 0.0031 0.0385 0.4818 1.0000 1.0000 0.0002 1.0000 1.0000 0.4818 0.0385 0.0031 0.0002 1.0000 1.0000 0.1854 0.0150 0.0012 0.0001 1.0000 0.9536 0.0779 0.0064 0.0005 1.0000 1.0000 0.4225 0.0348 0.0029 0.0002 1.0000 1.0000 0.1926 0.0159 0.0013 0.0001 1.0000 1.0000 0.0885 0.0073 0.0006 1.0000 1.0000 0.4929 0.0407 0.0034 0.0003 1.0000 1.0000 0.2269 0.0187 0.0015 0.0001 1.0000 1.0000 0.1044 0.0082
0.1050 1.0000 1.0000 0.0001 0.0016 0.0199 0.2416 1.0000 1.0000 0.0003 0.0036 0.0434 0.5258 1.0000 0.0001 0.0006 0.0078 0.0942 1.0000 1.0000 0.0001 0.0014 0.0169 0.2051 1.0000 1.0000 0.0003 0.0030 0.0370 0.4482 1.0000 1.0000 0.0006 0.0067 0.0819 1.0000 1.0000 0.0001 0.0013 0.0155 0.1908 1.0000 1.0000 0.0002 0.0031 0.0385 0.4818 1.0000 1.0000 0.0006 0.0026 0.0006 1.0000 1.0000 0.4818 0.0385 0.0031 0.0002 1.0000 1.0000 0.1908 0.0155 0.0013 0.0001 1.0000 1.0000 0.0819 0.0067 0.0006 1.0000 1.0000 0.4482 0.0370 0.0030 0.0003 1.0000 1.0000 0.2051 0.0169 0.0014 0.0001 1.0000 1.0000 0.0942 0.0078 0.0006 0.0001 1.0000 0.5258 0.0434 0.0036 0.0003 1.0000 1.0000 0.2416 0.0199 0.0016 0.0001 1.0000 1.0000 0.1050
1.0000 1.0000 0.0001 0.0017 0.0208 0.2514 1.0000 1.0000 0.0003 0.0037 0.0451 0.5472 1.0000 0.0001 0.0007 0.0081 0.0983 1.0000 1.0000 0.0001 0.0015 0.0176 0.2135 1.0000 1.0000 0.0003 0.0032 0.0384 0.4656 1.0000 1.0000 0.0006 0.0069 0.0845 1.0000 1.0000 0.0001 0.0013 0.0157 0.1930 1.0000 1.0000 0.0002 0.0031 0.0382 0.4745 1.0000 1.0000 0.0006 0.0068 0.0323 0.0068 0.0006 1.0000 1.0000 0.4745 0.0382 0.0031 0.0002 1.0000 1.0000 0.1930 0.0157 0.0013 0.0001 1.0000 1.0000 0.0845 0.0069 0.0006 1.0000 1.0000 0.4656 0.0384 0.0032 0.0003 1.0000 1.0000 0.2135 0.0176 0.0015 0.0001 1.0000 1.0000 0.0983 0.0081 0.0007 0.0001 1.0000 0.5472 0.0451 0.0037 0.0003 1.0000 1.0000 0.2514 0.0208 0.0017 0.0001 1.0000 1.0000
1.0000 0.0001 0.0016 0.0194 0.2348 1.0000 1.0000 0.0003 0.0035 0.0422 0.5110 1.0000 1.0000 0.0006 0.0076 0.0918 1.0000 1.0000 0.0001 0.0014 0.0165 0.1993 1.0000 1.0000 0.0002 0.0030 0.0359 0.4347 1.0000 1.0000 0.0005 0.0065 0.0785 0.9536 1.0000 0.0001 0.0012 0.0144 0.1768 1.0000 1.0000 0.0002 0.0028 0.0342 0.4241 1.0000 1.0000 0.0006 0.0068 0.0749 0.3540 0.0749 0.0068 0.0006 1.0000 1.0000 0.4241 0.0342 0.0028 0.0002 1.0000 1.0000 0.1768 0.0144 0.0012 0.0001 1.0000 0.9536 0.0785 0.0065 0.0005 1.0000 1.0000 0.4347 0.0359 0.0030 0.0002 1.0000 1.0000 0.1993 0.0165 0.0014 0.0001 1.0000 1.0000 0.0918 0.0076 0.0006 1.0000 1.0000 0.5110 0.0422 0.0035 0.0003 1.0000 1.0000 0.2348 0.0194 0.0016 0.0001 1.0000
1.0000 0.0006 0.0077 0.0932 1.0000 1.0000 0.0001 0.0014 0.0167 0.2028 1.0000 1.0000 0.0002 0.0030 0.0363 0.4406 1.0000 1.0000 0.0005 0.0065 0.0791 0.9590 1.0000 0.0001 0.0012 0.0142 0.1722 1.0000 1.0000 0.0002 0.0026 0.0310 0.3770 1.0000 1.0000 0.0005 0.0057 0.0692 0.8459 1.0000 0.0001 0.0011 0.0132 0.1629 1.0000 1.0000 0.0002 0.0026 0.0323 0.3540 1.0000 0.3540 0.0323 0.0026 0.0002 1.0000 1.0000 0.1629 0.0132 0.0011 0.0001 1.0000 0.8459 0.0692 0.0057 0.0005 1.0000 1.0000 0.3770 0.0310 0.0026 0.0002 1.0000 1.0000 0.1722 0.0142 0.0012 0.0001 1.0000 0.9590 0.0791 0.0065 0.0005 1.0000 1.0000 0.4406 0.0363 0.0030 0.0002 1.0000 1.0000 0.2028 0.0167 0.0014 0.0001 1.0000 1.0000 0.0932 0.0077 0.0006 1.0000
1.0000 0.0001 0.0016 0.0194 0.2348 1.0000 1.0000 0.0003 0.0035 0.0422 0.5110 1.0000 1.0000 0.0006 0.0076 0.0918 1.0000 1.0000 0.0001 0.0014 0.0165 0.1993 1.0000 1.0000 0.0002 0.0030 0.0359 0.4347 1.0000 1.0000 0.0005 0.0065 0.0785 0.9536 1.0000 0.0001 0.0012 0.0144 0.1768 1.0000 1.0000 0.0002 0.0028 0.0342 0.4241 1.0000 1.0000 0.0006 0.0068 0.0749 0.3540 0.0749 0.0068 0.0006 1.0000 1.0000 0.4241 0.0342 0.0028 0.0002 1.0000 1.0000 0.1768 0.0144 0.0012 0.0001 1.0000 0.9536 0.0785 0.0065 0.0005 1.0000 1.0000 0.4347 0.0359 0.0030 0.0002 1.0000 1.0000 0.1993 0.0165 0.0014 0.0001 1.0000 1.0000 0.0918 0.0076 0.0006 1.0000 1.0000 0.5110 0.0422 0.0035 0.0003 1.0000 1.0000 0.2348 0.0194 0.0016 0.0001 1.0000
1.0000 1.0000 0.0001 0.0017 0.0208 0.2514 1.0000 1.0000 0.0003 0.0037 0.0451 0.5472 1.0000 0.0001 0.0007 0.0081 0.0983 1.0000 1.0000 0.0001 0.0015 0.0176 0.2135 1.0000 1.0000 0.0003 0.0032 0.0384 0.4656 1.0000 1.0000 0.0006 0.0069 0.0845 1.0000 1.0000 0.0001 0.0013 0.0157 0.1930 1.0000 1.0000 0.0002 0.0031 0.0382 0.4745 1.0000 1.0000 0.0006 0.0068 0.0323 0.0068 0.0006 1.0000 1.0000 0.4745 0.0382 0.0031 0.0002 1.0000 1.0000 0.1930 0.0157 0.0013 0.0001 1.0000 1.0000 0.0845 0.0069 0.0006 1.0000 1.0000 0.4656 0.0384 0.0032 0.0003 1.0000 1.0000 0.2135 0.0176 0.0015 0.0001 1.0000 1.0000 0.0983 0.0081 0.0007 0.0001 1.0000 0.5472 0.0451 0.0037 0.0003 1.0000 1.0000 0.2514 0.0208 0.0017 0.0001 1.0000 1.0000
0.1050 1.0000 1.0000 0.0001 0.0016 0.0199 0.2416 1.0000 1.0000 0.0003 0.0036 0.0434 0.5258 1.0000 0.0001 0.0006 0.0078 0.0942 1.0000 1.0000 0.0001 0.0014 0.0169 0.2051 1.0000 1.0000 0.0003 0.0030 0.0370 0.4482 1.0000 1.0000 0.0006 0.0067 0.0819 1.0000 1.0000 0.0001 0.0013 0.0155 0.1908 1.0000 1.0000 0.0002 0.0031 0.0385 0.4818 1.0000 1.0000 0.0006 0.0026 0.0006 1.0000 1.0000 0.4818 0.0385 0.0031 0.0002 1.0000 1.0000 0.1908 0.0155 0.0013 0.0001 1.0000 1.0000 0.0819 0.0067 0.0006 1.0000 1.0000 0.4482 0.0370 0.0030 0.0003 1.0000 1.0000 0.2051 0.0169 0.0014 0.0001 1.0000 1.0000 0.0942 0.0078 0.0006 0.0001 1.0000 0.5258 0.0434 0.0036 0.0003 1.0000 1.0000 0.2416 0.0199 0.0016 0.0001 1.0000 1.0000 0.1050
0.0082 0.1044 1.0000 1.0000 0.0001 0.0015 0.0187 0.2269 1.0000 1.0000 0.0003 0.0034 0.0407 0.4929 1.0000 1.0000 0.0006 0.0073 0.0885 1.0000 1.0000 0.0001 0.0013 0.0159 0.1926 1.0000 1.0000 0.0002 0.0029 0.0348 0.4225 1.0000 1.0000 0.0005 0.0064 0.0779 0.9536 1.0000 0.0001 0.0012 0.0150 0.1854 1.0000 1.0000 0.0002 0.0031 0.0385 0.4818 1.0000 1.0000 0.0002 1.0000 1.0000 0.4818 0.0385 0.0031 0.0002 1.0000 1.0000 0.1854 0.0150 0.0012 0.0001 1.0000 0.9536 0.0779 0.0064 0.0005 1.0000 1.0000 0.4225 0.0348 0.0029 0.0002 1.0000 1.0000 0.1926 0.0159 0.0013 0.0001 1.0000 1.0000 0.0885 0.0073 0.0006 1.0000 1.0000 0.4929 0.0407 0.0034 0.0003 1.0000 1.0000 0.2269 0.0187 0.0015 0.0001 1.0000 1.0000 0.1044 0.0082
0.0006 0.0080 0.0975 1.0000 1.0000 0.0001 0.0014 0.0175 0.2119 1.0000 1.0000 0.0003 0.0031 0.0380 0.4603 1.0000 1.0000 0.0006 0.0068 0.0826 1.0000 1.0000 0.0001 0.0012 0.0148 0.1799 1.0000 1.0000 0.0002 0.0027 0.0326 0.3968 1.0000 1.0000 0.0005 0.0060 0.0741 0.9110 1.0000 0.0001 0.0012 0.0146 0.1816 1.0000 1.0000 0.0002 0.0031 0.0385 0.4745 1.0000 1.0000 1.0000 0.4745 0.0385 0.0031 0.0002 1.0000 1.0000 0.1816 0.0146 0.0012 0.0001 1.0000 0.9110 0.0741 0.0060 0.0005 1.0000 1.0000 0.3968 0.0326 0.0027 0.0002 1.0000 1.0000 0.1799 0.0148 0.0012 0.0001 1.0000 1.0000 0.0826 0.0068 0.0006 1.0000 1.0000 0.4603 0.0380 0.0031 0.0003 1.0000 1.0000 0.2119 0.0175 0.0014 0.0001 1.0000 1.0000 0.0975 0.0080 0.0006
