0.1769 0.1498 0.2095 0.3687 0.5092 0.3150 0.1466 0.1686 0.2684 0.4782 0.4559 0.1752 0.1484 0.2035 0.3549 0.5117 0.3363 0.1477 0.1653 0.2590 0.4650 0.4668 0.1852 0.1472 0.1978 0.3414 0.5130 0.3565 0.1492 0.1622 0.2502 0.4506 0.4764 0.1990 0.1463 0.1923 0.3285 0.5130 0.3755 0.1511 0.1593 0.2418 0.4356 0.4848 0.2168 0.1456 0.1872 0.3154 0.5104 0.4127 0.2150 0.4127 0.5104 0.3154 0.1872 0.1456 0.2168 0.4848 0.4356 0.2418 0.1593 0.1511 0.3755 0.5130 0.3285 0.1923 0.1463 0.1990 0.4764 0.4506 0.2502 0.1622 0.1492 0.3565 0.5130 0.3414 0.1978 0.1472 0.1852 0.4668 0.4650 0.2590 0.1653 0.1477 0.3363 0.5117 0.3549 0.2035 0.1484 0.1752 0.4559 0.4782 0.2684 0.1686 0.1466 0.3150 0.5092 0.3687 0.2095 0.1498 0.1769
0.1498 0.2055 0.3675 0.5105 0.3194 0.1386 0.1622 0.2641 0.4776 0.4589 0.1715 0.1406 0.1980 0.3519 0.5130 0.3413 0.1399 0.1586 0.2545 0.4640 0.4694 0.1833 0.1392 0.1921 0.3382 0.5142 0.3613 0.1416 0.1554 0.2455 0.4492 0.4788 0.1993 0.1382 0.1865 0.3251 0.5141 0.3800 0.1438 0.1524 0.2370 0.4339 0.4870 0.2191 0.1375 0.1813 0.3124 0.5121 0.4016 0.1499 0.1357 0.1499 0.4016 0.5121 0.3124 0.1813 0.1375 0.2191 0.4870 0.4339 0.2370 0.1524 0.1438 0.3800 0.5141 0.3251 0.1865 0.1382 0.1993 0.4788 0.4492 0.2455 0.1554 0.1416 0.3613 0.5142 0.3382 0.1921 0.1392 0.1833 0.4694 0.4640 0.2545 0.1586 0.1399 0.3413 0.5130 0.3519 0.1980 0.1406 0.1715 0.4589 0.4776 0.2641 0.1622 0.1386 0.3194 0.5105 0.3675 0.2055 0.1498
0.2095 0.3675 0.5109 0.3251 0.1390 0.1609 0.2602 0.4721 0.4634 0.1761 0.1400 0.1953 0.3458 0.5137 0.3502 0.1406 0.1572 0.2505 0.4576 0.4736 0.1898 0.1387 0.1896 0.3324 0.5143 0.3697 0.1425 0.1541 0.2417 0.4426 0.4825 0.2076 0.1379 0.1842 0.3196 0.5134 0.3878 0.1449 0.1512 0.2334 0.4271 0.4902 0.2285 0.1373 0.1792 0.3072 0.5108 0.4056 0.1486 0.1447 0.1761 0.1447 0.1486 0.4056 0.5108 0.3072 0.1792 0.1373 0.2285 0.4902 0.4271 0.2334 0.1512 0.1449 0.3878 0.5134 0.3196 0.1842 0.1379 0.2076 0.4825 0.4426 0.2417 0.1541 0.1425 0.3697 0.5143 0.3324 0.1896 0.1387 0.1898 0.4736 0.4576 0.2505 0.1572 0.1406 0.3502 0.5137 0.3458 0.1953 0.1400 0.1761 0.4634 0.4721 0.2602 0.1609 0.1390 0.3251 0.5109 0.3675 0.2095
0.3687 0.5105 0.3251 0.1392 0.1601 0.2575 0.4674 0.4673 0.1810 0.1394 0.1929 0.3399 0.5141 0.3588 0.1413 0.1558 0.2466 0.4511 0.4776 0.1971 0.1383 0.1872 0.3267 0.5141 0.3777 0.1435 0.1528 0.2380 0.4359 0.4860 0.2164 0.1376 0.1820 0.3142 0.5126 0.3952 0.1461 0.1500 0.2299 0.4203 0.4932 0.2382 0.1372 0.1771 0.3021 0.5091 0.4118 0.1497 0.1467 0.2123 0.3004 0.2123 0.1467 0.1497 0.4118 0.5091 0.3021 0.1771 0.1372 0.2382 0.4932 0.4203 0.2299 0.1500 0.1461 0.3952 0.5126 0.3142 0.1820 0.1376 0.2164 0.4860 0.4359 0.2380 0.1528 0.1435 0.3777 0.5141 0.3267 0.1872 0.1383 0.1971 0.4776 0.4511 0.2466 0.1558 0.1413 0.3588 0.5141 0.3399 0.1929 0.1394 0.1810 0.4673 0.4674 0.2575 0.1601 0.1392 0.3251 0.5105 0.3687
0.5092 0.3194 0.1390 0.1601 0.2565 0.4646 0.4700 0.1854 0.1390 0.1907 0.3345 0.5143 0.3671 0.1422 0.1545 0.2428 0.4445 0.4814 0.2051 0.1380 0.1849 0.3212 0.5136 0.3855 0.1445 0.1516 0.2344 0.4291 0.4893 0.2257 0.1374 0.1798 0.3089 0.5113 0.4024 0.1475 0.1489 0.2264 0.4135 0.4961 0.2482 0.1371 0.1750 0.2971 0.5069 0.4183 0.1513 0.1463 0.2168 0.3805 0.5061 0.3805 0.2168 0.1463 0.1513 0.4183 0.5069 0.2971 0.1750 0.1371 0.2482 0.4961 0.4135 0.2264 0.1489 0.1475 0.4024 0.5113 0.3089 0.1798 0.1374 0.2257 0.4893 0.4291 0.2344 0.1516 0.1445 0.3855 0.5136 0.3212 0.1849 0.1380 0.2051 0.4814 0.4445 0.2428 0.1545 0.1422 0.3671 0.5143 0.3345 0.1907 0.1390 0.1854 0.4700 0.4646 0.2565 0.1601 0.1390 0.3194 0.5092
0.3150 0.1386 0.1609 0.2575 0.4646 0.4710 0.1881 0.1387 0.1890 0.3301 0.5142 0.3744 0.1431 0.1532 0.2391 0.4379 0.4849 0.2137 0.1377 0.1826 0.3157 0.5129 0.3930 0.1457 0.1504 0.2309 0.4223 0.4924 0.2353 0.1372 0.1777 0.3037 0.5097 0.4094 0.1490 0.1479 0.2231 0.4067 0.4987 0.2583 0.1371 0.1731 0.2922 0.5043 0.4246 0.1532 0.1455 0.2151 0.3872 0.5076 0.4237 0.5076 0.3872 0.2151 0.1455 0.1532 0.4246 0.5043 0.2922 0.1731 0.1371 0.2583 0.4987 0.4067 0.2231 0.1479 0.1490 0.4094 0.5097 0.3037 0.1777 0.1372 0.2353 0.4924 0.4223 0.2309 0.1504 0.1457 0.3930 0.5129 0.3157 0.1826 0.1377 0.2137 0.4849 0.4379 0.2391 0.1532 0.1431 0.3744 0.5142 0.3301 0.1890 0.1387 0.1881 0.4710 0.4646 0.2575 0.1609 0.1386 0.3150
0.1466 0.1622 0.2602 0.4674 0.4700 0.1881 0.1386 0.1881 0.3271 0.5141 0.3803 0.1439 0.1521 0.2358 0.4314 0.4882 0.2229 0.1374 0.1804 0.3104 0.5117 0.4003 0.1471 0.1493 0.2274 0.4155 0.4952 0.2452 0.1371 0.1756 0.2986 0.5077 0.4161 0.1506 0.1468 0.2199 0.4000 0.5011 0.2685 0.1372 0.1712 0.2874 0.5012 0.4307 0.1553 0.1446 0.2124 0.3835 0.5069 0.3187 0.1527 0.3187 0.5069 0.3835 0.2124 0.1446 0.1553 0.4307 0.5012 0.2874 0.1712 0.1372 0.2685 0.5011 0.4000 0.2199 0.1468 0.1506 0.4161 0.5077 0.2986 0.1756 0.1371 0.2452 0.4952 0.4155 0.2274 0.1493 0.1471 0.4003 0.5117 0.3104 0.1804 0.1374 0.2229 0.4882 0.4314 0.2358 0.1521 0.1439 0.3803 0.5141 0.3271 0.1881 0.1386 0.1881 0.4700 0.4674 0.2602 0.1622 0.1466
0.1686 0.2641 0.4721 0.4673 0.1854 0.1387 0.1881 0.3260 0.5139 0.3842 0.1446 0.1513 0.2330 0.4256 0.4911 0.2319 0.1373 0.1783 0.3052 0.5102 0.4073 0.1485 0.1482 0.2241 0.4087 0.4979 0.2553 0.1371 0.1737 0.2937 0.5052 0.4225 0.1525 0.1459 0.2167 0.3933 0.5034 0.2786 0.1373 0.1693 0.2827 0.4976 0.4366 0.1576 0.1437 0.2095 0.3776 0.5080 0.3077 0.1381 0.1416 0.1381 0.3077 0.5080 0.3776 0.2095 0.1437 0.1576 0.4366 0.4976 0.2827 0.1693 0.1373 0.2786 0.5034 0.3933 0.2167 0.1459 0.1525 0.4225 0.5052 0.2937 0.1737 0.1371 0.2553 0.4979 0.4087 0.2241 0.1482 0.1485 0.4073 0.5102 0.3052 0.1783 0.1373 0.2319 0.4911 0.4256 0.2330 0.1513 0.1446 0.3842 0.5139 0.3260 0.1881 0.1387 0.1854 0.4673 0.4721 0.2641 0.1686
0.2684 0.4776 0.4634 0.1810 0.1390 0.1890 0.3271 0.5139 0.3856 0.1450 0.1507 0.2309 0.4210 0.4934 0.2400 0.1372 0.1764 0.3003 0.5083 0.4141 0.1501 0.1471 0.2208 0.4020 0.5004 0.2655 0.1372 0.1717 0.2888 0.5022 0.4287 0.1545 0.1449 0.2136 0.3867 0.5054 0.2887 0.1375 0.1675 0.2781 0.4935 0.4422 0.1603 0.1429 0.2066 0.3713 0.5095 0.3134 0.1383 0.1580 0.2034 0.1580 0.1383 0.3134 0.5095 0.3713 0.2066 0.1429 0.1603 0.4422 0.4935 0.2781 0.1675 0.1375 0.2887 0.5054 0.3867 0.2136 0.1449 0.1545 0.4287 0.5022 0.2888 0.1717 0.1372 0.2655 0.5004 0.4020 0.2208 0.1471 0.1501 0.4141 0.5083 0.3003 0.1764 0.1372 0.2400 0.4934 0.4210 0.2309 0.1507 0.1450 0.3856 0.5139 0.3271 0.1890 0.1390 0.1810 0.4634 0.4776 0.2684
0.4782 0.4589 0.1761 0.1394 0.1907 0.3301 0.5141 0.3842 0.1450 0.1505 0.2299 0.4180 0.4950 0.2466 0.1371 0.1748 0.2960 0.5062 0.4203 0.1519 0.1462 0.2176 0.3953 0.5027 0.2756 0.1373 0.1698 0.2841 0.4987 0.4347 0.1568 0.1440 0.2106 0.3801 0.5073 0.2987 0.1378 0.1658 0.2736 0.4889 0.4476 0.1633 0.1422 0.2038 0.3650 0.5108 0.3220 0.1387 0.1607 0.2514 0.3649 0.2514 0.1607 0.1387 0.3220 0.5108 0.3650 0.2038 0.1422 0.1633 0.4476 0.4889 0.2736 0.1658 0.1378 0.2987 0.5073 0.3801 0.2106 0.1440 0.1568 0.4347 0.4987 0.2841 0.1698 0.1373 0.2756 0.5027 0.3953 0.2176 0.1462 0.1519 0.4203 0.5062 0.2960 0.1748 0.1371 0.2466 0.4950 0.4180 0.2299 0.1505 0.1450 0.3842 0.5141 0.3301 0.1907 0.1394 0.1761 0.4589 0.4782
0.4559 0.1715 0.1400 0.1929 0.3345 0.5142 0.3803 0.1446 0.1507 0.2299 0.4170 0.4959 0.2508 0.1371 0.1735 0.2924 0.5040 0.4257 0.1537 0.1453 0.2146 0.3887 0.5048 0.2857 0.1375 0.1680 0.2794 0.4948 0.4405 0.1594 0.1432 0.2076 0.3737 0.5089 0.3085 0.1381 0.1641 0.2692 0.4839 0.4529 0.1667 0.1414 0.2011 0.3588 0.5119 0.3312 0.1392 0.1600 0.2566 0.4542 0.5097 0.4542 0.2566 0.1600 0.1392 0.3312 0.5119 0.3588 0.2011 0.1414 0.1667 0.4529 0.4839 0.2692 0.1641 0.1381 0.3085 0.5089 0.3737 0.2076 0.1432 0.1594 0.4405 0.4948 0.2794 0.1680 0.1375 0.2857 0.5048 0.3887 0.2146 0.1453 0.1537 0.4257 0.5040 0.2924 0.1735 0.1371 0.2508 0.4959 0.4170 0.2299 0.1507 0.1446 0.3803 0.5142 0.3345 0.1929 0.1400 0.1715 0.4559
0.1752 0.1406 0.1953 0.3399 0.5143 0.3744 0.1439 0.1513 0.2309 0.4180 0.4959 0.2523 0.1371 0.1727 0.2899 0.5021 0.4300 0.1553 0.1445 0.2119 0.3826 0.5067 0.2956 0.1377 0.1663 0.2749 0.4903 0.4460 0.1623 0.1424 0.2048 0.3673 0.5103 0.3182 0.1385 0.1625 0.2649 0.4786 0.4579 0.1706 0.1407 0.1984 0.3527 0.5129 0.3402 0.1398 0.1587 0.2544 0.4609 0.4785 0.3407 0.4785 0.4609 0.2544 0.1587 0.1398 0.3402 0.5129 0.3527 0.1984 0.1407 0.1706 0.4579 0.4786 0.2649 0.1625 0.1385 0.3182 0.5103 0.3673 0.2048 0.1424 0.1623 0.4460 0.4903 0.2749 0.1663 0.1377 0.2956 0.5067 0.3826 0.2119 0.1445 0.1553 0.4300 0.5021 0.2899 0.1727 0.1371 0.2523 0.4959 0.4180 0.2309 0.1513 0.1439 0.3744 0.5143 0.3399 0.1953 0.1406 0.1752
0.1484 0.1980 0.3458 0.5141 0.3671 0.1431 0.1521 0.2330 0.4210 0.4950 0.2508 0.1371 0.1725 0.2886 0.5008 0.4331 0.1567 0.1439 0.2097 0.3773 0.5082 0.3047 0.1380 0.1646 0.2705 0.4855 0.4513 0.1656 0.1417 0.2020 0.3610 0.5116 0.3276 0.1390 0.1609 0.2606 0.4729 0.4627 0.1752 0.1401 0.1958 0.3467 0.5136 0.3490 0.1405 0.1573 0.2508 0.4573 0.4753 0.2100 0.1377 0.2100 0.4753 0.4573 0.2508 0.1573 0.1405 0.3490 0.5136 0.3467 0.1958 0.1401 0.1752 0.4627 0.4729 0.2606 0.1609 0.1390 0.3276 0.5116 0.3610 0.2020 0.1417 0.1656 0.4513 0.4855 0.2705 0.1646 0.1380 0.3047 0.5082 0.3773 0.2097 0.1439 0.1567 0.4331 0.5008 0.2886 0.1725 0.1371 0.2508 0.4950 0.4210 0.2330 0.1521 0.1431 0.3671 0.5141 0.3458 0.1980 0.1484
0.2035 0.3519 0.5137 0.3588 0.1422 0.1532 0.2358 0.4256 0.4934 0.2466 0.1371 0.1727 0.2886 0.5004 0.4346 0.1577 0.1435 0.2079 0.3729 0.5093 0.3125 0.1383 0.1631 0.2664 0.4804 0.4563 0.1694 0.1409 0.1993 0.3548 0.5126 0.3369 0.1396 0.1594 0.2565 0.4669 0.4672 0.1805 0.1395 0.1932 0.3408 0.5140 0.3577 0.1412 0.1559 0.2470 0.4515 0.4777 0.2007 0.1365 0.1533 0.1365 0.2007 0.4777 0.4515 0.2470 0.1559 0.1412 0.3577 0.5140 0.3408 0.1932 0.1395 0.1805 0.4672 0.4669 0.2565 0.1594 0.1396 0.3369 0.5126 0.3548 0.1993 0.1409 0.1694 0.4563 0.4804 0.2664 0.1631 0.1383 0.3125 0.5093 0.3729 0.2079 0.1435 0.1577 0.4346 0.5004 0.2886 0.1727 0.1371 0.2466 0.4934 0.4256 0.2358 0.1532 0.1422 0.3588 0.5137 0.3519 0.2035
0.3549 0.5130 0.3502 0.1413 0.1545 0.2391 0.4314 0.4911 0.2400 0.1371 0.1735 0.2899 0.5008 0.4346 0.1580 0.1433 0.2068 0.3698 0.5102 0.3188 0.1387 0.1619 0.2628 0.4754 0.4609 0.1735 0.1403 0.1966 0.3487 0.5134 0.3459 0.1402 0.1579 0.2525 0.4607 0.4716 0.1865 0.1390 0.1908 0.3350 0.5143 0.3661 0.1421 0.1546 0.2432 0.4451 0.4812 0.2055 0.1376 0.1778 0.2403 0.1778 0.1376 0.2055 0.4812 0.4451 0.2432 0.1546 0.1421 0.3661 0.5143 0.3350 0.1908 0.1390 0.1865 0.4716 0.4607 0.2525 0.1579 0.1402 0.3459 0.5134 0.3487 0.1966 0.1403 0.1735 0.4609 0.4754 0.2628 0.1619 0.1387 0.3188 0.5102 0.3698 0.2068 0.1433 0.1580 0.4346 0.5008 0.2899 0.1735 0.1371 0.2400 0.4911 0.4314 0.2391 0.1545 0.1413 0.3502 0.5130 0.3549
0.5117 0.3413 0.1406 0.1558 0.2428 0.4379 0.4882 0.2319 0.1372 0.1748 0.2924 0.5021 0.4331 0.1577 0.1433 0.2065 0.3683 0.5106 0.3233 0.1389 0.1609 0.2598 0.4708 0.4648 0.1779 0.1397 0.1942 0.3429 0.5139 0.3546 0.1410 0.1565 0.2485 0.4543 0.4757 0.1934 0.1385 0.1884 0.3293 0.5142 0.3742 0.1430 0.1533 0.2395 0.4385 0.4847 0.2133 0.1376 0.1813 0.3021 0.4393 0.3021 0.1813 0.1376 0.2133 0.4847 0.4385 0.2395 0.1533 0.1430 0.3742 0.5142 0.3293 0.1884 0.1385 0.1934 0.4757 0.4543 0.2485 0.1565 0.1410 0.3546 0.5139 0.3429 0.1942 0.1397 0.1779 0.4648 0.4708 0.2598 0.1609 0.1389 0.3233 0.5106 0.3683 0.2065 0.1433 0.1577 0.4331 0.5021 0.2924 0.1748 0.1372 0.2319 0.4882 0.4379 0.2428 0.1558 0.1406 0.3413 0.5117
0.3363 0.1399 0.1572 0.2466 0.4445 0.4849 0.2229 0.1373 0.1764 0.2960 0.5040 0.4300 0.1567 0.1435 0.2068 0.3683 0.5108 0.3256 0.1391 0.1601 0.2575 0.4670 0.4680 0.1823 0.1393 0.1920 0.3375 0.5142 0.3629 0.1418 0.1551 0.2447 0.4478 0.4795 0.2011 0.1381 0.1860 0.3238 0.5139 0.3820 0.1441 0.1521 0.2359 0.4318 0.4880 0.2223 0.1374 0.1803 0.3078 0.5062 0.4857 0.5062 0.3078 0.1803 0.1374 0.2223 0.4880 0.4318 0.2359 0.1521 0.1441 0.3820 0.5139 0.3238 0.1860 0.1381 0.2011 0.4795 0.4478 0.2447 0.1551 0.1418 0.3629 0.5142 0.3375 0.1920 0.1393 0.1823 0.4680 0.4670 0.2575 0.1601 0.1391 0.3256 0.5108 0.3683 0.2068 0.1435 0.1567 0.4300 0.5040 0.2960 0.1764 0.1373 0.2229 0.4849 0.4445 0.2466 0.1572 0.1399 0.3363
0.1477 0.1586 0.2505 0.4511 0.4814 0.2137 0.1374 0.1783 0.3003 0.5062 0.4257 0.1553 0.1439 0.2079 0.3698 0.5106 0.3256 0.1392 0.1598 0.2561 0.4643 0.4703 0.1862 0.1389 0.1901 0.3328 0.5143 0.3704 0.1426 0.1538 0.2410 0.4412 0.4832 0.2094 0.1378 0.1837 0.3184 0.5133 0.3896 0.1452 0.1509 0.2323 0.4251 0.4912 0.2317 0.1373 0.1784 0.3048 0.5091 0.4243 0.2324 0.4243 0.5091 0.3048 0.1784 0.1373 0.2317 0.4912 0.4251 0.2323 0.1509 0.1452 0.3896 0.5133 0.3184 0.1837 0.1378 0.2094 0.4832 0.4412 0.2410 0.1538 0.1426 0.3704 0.5143 0.3328 0.1901 0.1389 0.1862 0.4703 0.4643 0.2561 0.1598 0.1392 0.3256 0.5106 0.3698 0.2079 0.1439 0.1553 0.4257 0.5062 0.3003 0.1783 0.1374 0.2137 0.4814 0.4511 0.2505 0.1586 0.1477
0.1653 0.2545 0.4576 0.4776 0.2051 0.1377 0.1804 0.3052 0.5083 0.4203 0.1537 0.1445 0.2097 0.3729 0.5102 0.3233 0.1391 0.1598 0.2556 0.4628 0.4718 0.1891 0.1387 0.1886 0.3289 0.5142 0.3769 0.1435 0.1527 0.2375 0.4347 0.4866 0.2183 0.1375 0.1815 0.3130 0.5123 0.3970 0.1465 0.1497 0.2289 0.4183 0.4941 0.2414 0.1372 0.1764 0.3003 0.5081 0.4174 0.1545 0.1353 0.1545 0.4174 0.5081 0.3003 0.1764 0.1372 0.2414 0.4941 0.4183 0.2289 0.1497 0.1465 0.3970 0.5123 0.3130 0.1815 0.1375 0.2183 0.4866 0.4347 0.2375 0.1527 0.1435 0.3769 0.5142 0.3289 0.1886 0.1387 0.1891 0.4718 0.4628 0.2556 0.1598 0.1391 0.3233 0.5102 0.3729 0.2097 0.1445 0.1537 0.4203 0.5083 0.3052 0.1804 0.1377 0.2051 0.4776 0.4576 0.2545 0.1653
0.2590 0.4640 0.4736 0.1971 0.1380 0.1826 0.3104 0.5102 0.4141 0.1519 0.1453 0.2119 0.3773 0.5093 0.3188 0.1389 0.1601 0.2561 0.4628 0.4723 0.1906 0.1385 0.1876 0.3259 0.5140 0.3822 0.1443 0.1517 0.2345 0.4287 0.4896 0.2272 0.1373 0.1794 0.3077 0.5110 0.4041 0.1478 0.1486 0.2255 0.4115 0.4969 0.2514 0.1371 0.1744 0.2954 0.5060 0.4212 0.1527 0.1427 0.1714 0.1427 0.1527 0.4212 0.5060 0.2954 0.1744 0.1371 0.2514 0.4969 0.4115 0.2255 0.1486 0.1478 0.4041 0.5110 0.3077 0.1794 0.1373 0.2272 0.4896 0.4287 0.2345 0.1517 0.1443 0.3822 0.5140 0.3259 0.1876 0.1385 0.1906 0.4723 0.4628 0.2561 0.1601 0.1389 0.3188 0.5093 0.3773 0.2119 0.1453 0.1519 0.4141 0.5102 0.3104 0.1826 0.1380 0.1971 0.4736 0.4640 0.2590
0.4650 0.4694 0.1898 0.1383 0.1849 0.3157 0.5117 0.4073 0.1501 0.1462 0.2146 0.3826 0.5082 0.3125 0.1387 0.1609 0.2575 0.4643 0.4718 0.1906 0.1385 0.1871 0.3241 0.5138 0.3862 0.1449 0.1509 0.2319 0.4233 0.4922 0.2357 0.1372 0.1774 0.3027 0.5093 0.4109 0.1494 0.1476 0.2222 0.4048 0.4994 0.2614 0.1371 0.1724 0.2906 0.5032 0.4269 0.1540 0.1445 0.2054 0.2886 0.2054 0.1445 0.1540 0.4269 0.5032 0.2906 0.1724 0.1371 0.2614 0.4994 0.4048 0.2222 0.1476 0.1494 0.4109 0.5093 0.3027 0.1774 0.1372 0.2357 0.4922 0.4233 0.2319 0.1509 0.1449 0.3862 0.5138 0.3241 0.1871 0.1385 0.1906 0.4718 0.4643 0.2575 0.1609 0.1387 0.3125 0.5082 0.3826 0.2146 0.1462 0.1501 0.4073 0.5117 0.3157 0.1849 0.1383 0.1898 0.4694 0.4650
0.4668 0.1833 0.1387 0.1872 0.3212 0.5129 0.4003 0.1485 0.1471 0.2176 0.3887 0.5067 0.3047 0.1383 0.1619 0.2598 0.4670 0.4703 0.1891 0.1385 0.1871 0.3235 0.5136 0.3887 0.1455 0.1503 0.2298 0.4188 0.4944 0.2435 0.1371 0.1756 0.2982 0.5073 0.4173 0.1510 0.1466 0.2190 0.3982 0.5018 0.2715 0.1372 0.1705 0.2858 0.5000 0.4328 0.1561 0.1442 0.2097 0.3656 0.4997 0.3656 0.2097 0.1442 0.1561 0.4328 0.5000 0.2858 0.1705 0.1372 0.2715 0.5018 0.3982 0.2190 0.1466 0.1510 0.4173 0.5073 0.2982 0.1756 0.1371 0.2435 0.4944 0.4188 0.2298 0.1503 0.1455 0.3887 0.5136 0.3235 0.1871 0.1385 0.1891 0.4703 0.4670 0.2598 0.1619 0.1383 0.3047 0.5067 0.3887 0.2176 0.1471 0.1485 0.4003 0.5129 0.3212 0.1872 0.1387 0.1833 0.4668
0.1852 0.1392 0.1896 0.3267 0.5136 0.3930 0.1471 0.1482 0.2208 0.3953 0.5048 0.2956 0.1380 0.1631 0.2628 0.4708 0.4680 0.1862 0.1387 0.1876 0.3241 0.5136 0.3896 0.1457 0.1500 0.2284 0.4153 0.4960 0.2501 0.1371 0.1741 0.2941 0.5051 0.4231 0.1528 0.1457 0.2160 0.3917 0.5039 0.2815 0.1374 0.1687 0.2812 0.4962 0.4385 0.1585 0.1434 0.2081 0.3721 0.5106 0.4373 0.5106 0.3721 0.2081 0.1434 0.1585 0.4385 0.4962 0.2812 0.1687 0.1374 0.2815 0.5039 0.3917 0.2160 0.1457 0.1528 0.4231 0.5051 0.2941 0.1741 0.1371 0.2501 0.4960 0.4153 0.2284 0.1500 0.1457 0.3896 0.5136 0.3241 0.1876 0.1387 0.1862 0.4680 0.4708 0.2628 0.1631 0.1380 0.2956 0.5048 0.3953 0.2208 0.1482 0.1471 0.3930 0.5136 0.3267 0.1896 0.1392 0.1852
0.1472 0.1921 0.3324 0.5141 0.3855 0.1457 0.1493 0.2241 0.4020 0.5027 0.2857 0.1377 0.1646 0.2664 0.4754 0.4648 0.1823 0.1389 0.1886 0.3259 0.5138 0.3887 0.1457 0.1498 0.2276 0.4132 0.4971 0.2551 0.1371 0.1728 0.2906 0.5029 0.4282 0.1546 0.1449 0.2132 0.3855 0.5058 0.2912 0.1376 0.1670 0.2767 0.4920 0.4441 0.1613 0.1427 0.2056 0.3685 0.5104 0.3404 0.1590 0.3404 0.5104 0.3685 0.2056 0.1427 0.1613 0.4441 0.4920 0.2767 0.1670 0.1376 0.2912 0.5058 0.3855 0.2132 0.1449 0.1546 0.4282 0.5029 0.2906 0.1728 0.1371 0.2551 0.4971 0.4132 0.2276 0.1498 0.1457 0.3887 0.5138 0.3259 0.1886 0.1389 0.1823 0.4648 0.4754 0.2664 0.1646 0.1377 0.2857 0.5027 0.4020 0.2241 0.1493 0.1457 0.3855 0.5141 0.3324 0.1921 0.1472
0.1978 0.3382 0.5143 0.3777 0.1445 0.1504 0.2274 0.4087 0.5004 0.2756 0.1375 0.1663 0.2705 0.4804 0.4609 0.1779 0.1393 0.1901 0.3289 0.5140 0.3862 0.1455 0.1500 0.2276 0.4124 0.4977 0.2584 0.1371 0.1718 0.2879 0.5008 0.4324 0.1563 0.1441 0.2106 0.3797 0.5075 0.3004 0.1379 0.1654 0.2724 0.4875 0.4493 0.1643 0.1419 0.2029 0.3629 0.5113 0.3298 0.1395 0.1399 0.1395 0.3298 0.5113 0.3629 0.2029 0.1419 0.1643 0.4493 0.4875 0.2724 0.1654 0.1379 0.3004 0.5075 0.3797 0.2106 0.1441 0.1563 0.4324 0.5008 0.2879 0.1718 0.1371 0.2584 0.4977 0.4124 0.2276 0.1500 0.1455 0.3862 0.5140 0.3289 0.1901 0.1393 0.1779 0.4609 0.4804 0.2705 0.1663 0.1375 0.2756 0.5004 0.4087 0.2274 0.1504 0.1445 0.3777 0.5143 0.3382 0.1978
0.3414 0.5142 0.3697 0.1435 0.1516 0.2309 0.4155 0.4979 0.2655 0.1373 0.1680 0.2749 0.4855 0.4563 0.1735 0.1397 0.1920 0.3328 0.5142 0.3822 0.1449 0.1503 0.2284 0.4132 0.4977 0.2595 0.1372 0.1712 0.2859 0.4990 0.4358 0.1578 0.1435 0.2084 0.3745 0.5089 0.3091 0.1382 0.1638 0.2682 0.4827 0.4542 0.1678 0.1412 0.2002 0.3569 0.5123 0.3351 0.1395 0.1547 0.1970 0.1547 0.1395 0.3351 0.5123 0.3569 0.2002 0.1412 0.1678 0.4542 0.4827 0.2682 0.1638 0.1382 0.3091 0.5089 0.3745 0.2084 0.1435 0.1578 0.4358 0.4990 0.2859 0.1712 0.1372 0.2595 0.4977 0.4132 0.2284 0.1503 0.1449 0.3822 0.5142 0.3328 0.1920 0.1397 0.1735 0.4563 0.4855 0.2749 0.1680 0.1373 0.2655 0.4979 0.4155 0.2309 0.1516 0.1435 0.3697 0.5142 0.3414
0.5130 0.3613 0.1425 0.1528 0.2344 0.4223 0.4952 0.2553 0.1372 0.1698 0.2794 0.4903 0.4513 0.1694 0.1403 0.1942 0.3375 0.5143 0.3769 0.1443 0.1509 0.2298 0.4153 0.4971 0.2584 0.1372 0.1710 0.2849 0.4979 0.4381 0.1591 0.1431 0.2066 0.3701 0.5100 0.3168 0.1385 0.1624 0.2644 0.4776 0.4589 0.1716 0.1406 0.1977 0.3510 0.5131 0.3431 0.1401 0.1573 0.2424 0.3504 0.2424 0.1573 0.1401 0.3431 0.5131 0.3510 0.1977 0.1406 0.1716 0.4589 0.4776 0.2644 0.1624 0.1385 0.3168 0.5100 0.3701 0.2066 0.1431 0.1591 0.4381 0.4979 0.2849 0.1710 0.1372 0.2584 0.4971 0.4153 0.2298 0.1509 0.1443 0.3769 0.5143 0.3375 0.1942 0.1403 0.1694 0.4513 0.4903 0.2794 0.1698 0.1372 0.2553 0.4952 0.4223 0.2344 0.1528 0.1425 0.3613 0.5130
0.3565 0.1416 0.1541 0.2380 0.4291 0.4924 0.2452 0.1371 0.1717 0.2841 0.4948 0.4460 0.1656 0.1409 0.1966 0.3429 0.5142 0.3704 0.1435 0.1517 0.2319 0.4188 0.4960 0.2551 0.1371 0.1712 0.2849 0.4975 0.4393 0.1599 0.1428 0.2052 0.3666 0.5108 0.3232 0.1389 0.1611 0.2609 0.4727 0.4632 0.1760 0.1400 0.1952 0.3454 0.5137 0.3514 0.1407 0.1567 0.2474 0.4391 0.5117 0.4391 0.2474 0.1567 0.1407 0.3514 0.5137 0.3454 0.1952 0.1400 0.1760 0.4632 0.4727 0.2609 0.1611 0.1389 0.3232 0.5108 0.3666 0.2052 0.1428 0.1599 0.4393 0.4975 0.2849 0.1712 0.1371 0.2551 0.4960 0.4188 0.2319 0.1517 0.1435 0.3704 0.5142 0.3429 0.1966 0.1409 0.1656 0.4460 0.4948 0.2841 0.1717 0.1371 0.2452 0.4924 0.4291 0.2380 0.1541 0.1416 0.3565
0.1492 0.1554 0.2417 0.4359 0.4893 0.2353 0.1371 0.1737 0.2888 0.4987 0.4405 0.1623 0.1417 0.1993 0.3487 0.5139 0.3629 0.1426 0.1527 0.2345 0.4233 0.4944 0.2501 0.1371 0.1718 0.2859 0.4979 0.4393 0.1602 0.1426 0.2044 0.3641 0.5114 0.3284 0.1392 0.1601 0.2579 0.4681 0.4669 0.1805 0.1394 0.1929 0.3398 0.5141 0.3595 0.1414 0.1555 0.2454 0.4461 0.4865 0.3604 0.4865 0.4461 0.2454 0.1555 0.1414 0.3595 0.5141 0.3398 0.1929 0.1394 0.1805 0.4669 0.4681 0.2579 0.1601 0.1392 0.3284 0.5114 0.3641 0.2044 0.1426 0.1602 0.4393 0.4979 0.2859 0.1718 0.1371 0.2501 0.4944 0.4233 0.2345 0.1527 0.1426 0.3629 0.5139 0.3487 0.1993 0.1417 0.1623 0.4405 0.4987 0.2888 0.1737 0.1371 0.2353 0.4893 0.4359 0.2417 0.1554 0.1492
0.1622 0.2455 0.4426 0.4860 0.2257 0.1372 0.1756 0.2937 0.5022 0.4347 0.1594 0.1424 0.2020 0.3548 0.5134 0.3546 0.1418 0.1538 0.2375 0.4287 0.4922 0.2435 0.1371 0.1728 0.2879 0.4990 0.4381 0.1599 0.1426 0.2041 0.3628 0.5117 0.3320 0.1395 0.1593 0.2554 0.4640 0.4700 0.1851 0.1390 0.1908 0.3346 0.5143 0.3673 0.1423 0.1543 0.2422 0.4426 0.4838 0.2312 0.1395 0.2312 0.4838 0.4426 0.2422 0.1543 0.1423 0.3673 0.5143 0.3346 0.1908 0.1390 0.1851 0.4700 0.4640 0.2554 0.1593 0.1395 0.3320 0.5117 0.3628 0.2041 0.1426 0.1599 0.4381 0.4990 0.2879 0.1728 0.1371 0.2435 0.4922 0.4287 0.2375 0.1538 0.1418 0.3546 0.5134 0.3548 0.2020 0.1424 0.1594 0.4347 0.5022 0.2937 0.1756 0.1372 0.2257 0.4860 0.4426 0.2455 0.1622
0.2502 0.4492 0.4825 0.2164 0.1374 0.1777 0.2986 0.5052 0.4287 0.1568 0.1432 0.2048 0.3610 0.5126 0.3459 0.1410 0.1551 0.2410 0.4347 0.4896 0.2357 0.1371 0.1741 0.2906 0.5008 0.4358 0.1591 0.1428 0.2044 0.3628 0.5118 0.3339 0.1396 0.1587 0.2535 0.4606 0.4726 0.1895 0.1387 0.1889 0.3300 0.5142 0.3745 0.1431 0.1531 0.2388 0.4369 0.4858 0.2202 0.1362 0.1504 0.1362 0.2202 0.4858 0.4369 0.2388 0.1531 0.1431 0.3745 0.5142 0.3300 0.1889 0.1387 0.1895 0.4726 0.4606 0.2535 0.1587 0.1396 0.3339 0.5118 0.3628 0.2044 0.1428 0.1591 0.4358 0.5008 0.2906 0.1741 0.1371 0.2357 0.4896 0.4347 0.2410 0.1551 0.1410 0.3459 0.5126 0.3610 0.2048 0.1432 0.1568 0.4287 0.5052 0.2986 0.1777 0.1374 0.2164 0.4825 0.4492 0.2502
0.4506 0.4788 0.2076 0.1376 0.1798 0.3037 0.5077 0.4225 0.1545 0.1440 0.2076 0.3673 0.5116 0.3369 0.1402 0.1565 0.2447 0.4412 0.4866 0.2272 0.1372 0.1756 0.2941 0.5029 0.4324 0.1578 0.1431 0.2052 0.3641 0.5117 0.3339 0.1397 0.1584 0.2523 0.4582 0.4745 0.1933 0.1384 0.1874 0.3260 0.5140 0.3810 0.1440 0.1521 0.2356 0.4309 0.4886 0.2251 0.1371 0.1732 0.2319 0.1732 0.1371 0.2251 0.4886 0.4309 0.2356 0.1521 0.1440 0.3810 0.5140 0.3260 0.1874 0.1384 0.1933 0.4745 0.4582 0.2523 0.1584 0.1397 0.3339 0.5117 0.3641 0.2052 0.1431 0.1578 0.4324 0.5029 0.2941 0.1756 0.1372 0.2272 0.4866 0.4412 0.2447 0.1565 0.1402 0.3369 0.5116 0.3673 0.2076 0.1440 0.1545 0.4225 0.5077 0.3037 0.1798 0.1376 0.2076 0.4788 0.4506
0.4764 0.1993 0.1379 0.1820 0.3089 0.5097 0.4161 0.1525 0.1449 0.2106 0.3737 0.5103 0.3276 0.1396 0.1579 0.2485 0.4478 0.4832 0.2183 0.1373 0.1774 0.2982 0.5051 0.4282 0.1563 0.1435 0.2066 0.3666 0.5114 0.3320 0.1396 0.1584 0.2519 0.4569 0.4757 0.1961 0.1382 0.1862 0.3228 0.5137 0.3863 0.1448 0.1511 0.2326 0.4251 0.4913 0.2329 0.1372 0.1767 0.2910 0.4243 0.2910 0.1767 0.1372 0.2329 0.4913 0.4251 0.2326 0.1511 0.1448 0.3863 0.5137 0.3228 0.1862 0.1382 0.1961 0.4757 0.4569 0.2519 0.1584 0.1396 0.3320 0.5114 0.3666 0.2066 0.1435 0.1563 0.4282 0.5051 0.2982 0.1774 0.1373 0.2183 0.4832 0.4478 0.2485 0.1579 0.1396 0.3276 0.5103 0.3737 0.2106 0.1449 0.1525 0.4161 0.5097 0.3089 0.1820 0.1379 0.1993 0.4764
0.1990 0.1382 0.1842 0.3142 0.5113 0.4094 0.1506 0.1459 0.2136 0.3801 0.5089 0.3182 0.1390 0.1594 0.2525 0.4543 0.4795 0.2094 0.1375 0.1794 0.3027 0.5073 0.4231 0.1546 0.1441 0.2084 0.3701 0.5108 0.3284 0.1395 0.1587 0.2523 0.4569 0.4761 0.1976 0.1381 0.1853 0.3204 0.5134 0.3906 0.1456 0.1503 0.2300 0.4198 0.4938 0.2411 0.1371 0.1759 0.2969 0.5001 0.4923 0.5001 0.2969 0.1759 0.1371 0.2411 0.4938 0.4198 0.2300 0.1503 0.1456 0.3906 0.5134 0.3204 0.1853 0.1381 0.1976 0.4761 0.4569 0.2523 0.1587 0.1395 0.3284 0.5108 0.3701 0.2084 0.1441 0.1546 0.4231 0.5073 0.3027 0.1794 0.1375 0.2094 0.4795 0.4543 0.2525 0.1594 0.1390 0.3182 0.5089 0.3801 0.2136 0.1459 0.1506 0.4094 0.5113 0.3142 0.1842 0.1382 0.1990
0.1463 0.1865 0.3196 0.5126 0.4024 0.1490 0.1468 0.2167 0.3867 0.5073 0.3085 0.1385 0.1609 0.2565 0.4607 0.4757 0.2011 0.1378 0.1815 0.3077 0.5093 0.4173 0.1528 0.1449 0.2106 0.3745 0.5100 0.3232 0.1392 0.1593 0.2535 0.4582 0.4757 0.1976 0.1381 0.1848 0.3188 0.5130 0.3939 0.1463 0.1496 0.2279 0.4152 0.4958 0.2488 0.1371 0.1744 0.2947 0.5042 0.4368 0.2538 0.4368 0.5042 0.2947 0.1744 0.1371 0.2488 0.4958 0.4152 0.2279 0.1496 0.1463 0.3939 0.5130 0.3188 0.1848 0.1381 0.1976 0.4757 0.4582 0.2535 0.1593 0.1392 0.3232 0.5100 0.3745 0.2106 0.1449 0.1528 0.4173 0.5093 0.3077 0.1815 0.1378 0.2011 0.4757 0.4607 0.2565 0.1609 0.1385 0.3085 0.5073 0.3867 0.2167 0.1468 0.1490 0.4024 0.5126 0.3196 0.1865 0.1463
0.1923 0.3251 0.5134 0.3952 0.1475 0.1479 0.2199 0.3933 0.5054 0.2987 0.1381 0.1625 0.2606 0.4669 0.4716 0.1934 0.1381 0.1837 0.3130 0.5110 0.4109 0.1510 0.1457 0.2132 0.3797 0.5089 0.3168 0.1389 0.1601 0.2554 0.4606 0.4745 0.1961 0.1381 0.1848 0.3182 0.5129 0.3961 0.1468 0.1492 0.2262 0.4113 0.4975 0.2556 0.1371 0.1730 0.2913 0.5031 0.4300 0.1597 0.1351 0.1597 0.4300 0.5031 0.2913 0.1730 0.1371 0.2556 0.4975 0.4113 0.2262 0.1492 0.1468 0.3961 0.5129 0.3182 0.1848 0.1381 0.1961 0.4745 0.4606 0.2554 0.1601 0.1389 0.3168 0.5089 0.3797 0.2132 0.1457 0.1510 0.4109 0.5110 0.3130 0.1837 0.1381 0.1934 0.4716 0.4669 0.2606 0.1625 0.1381 0.2987 0.5054 0.3933 0.2199 0.1479 0.1475 0.3952 0.5134 0.3251 0.1923
0.3285 0.5141 0.3878 0.1461 0.1489 0.2231 0.4000 0.5034 0.2887 0.1378 0.1641 0.2649 0.4729 0.4672 0.1865 0.1385 0.1860 0.3184 0.5123 0.4041 0.1494 0.1466 0.2160 0.3855 0.5075 0.3091 0.1385 0.1611 0.2579 0.4640 0.4726 0.1933 0.1382 0.1853 0.3188 0.5129 0.3968 0.1470 0.1488 0.2250 0.4083 0.4988 0.2613 0.1372 0.1717 0.2880 0.5010 0.4322 0.1569 0.1411 0.1676 0.1411 0.1569 0.4322 0.5010 0.2880 0.1717 0.1372 0.2613 0.4988 0.4083 0.2250 0.1488 0.1470 0.3968 0.5129 0.3188 0.1853 0.1382 0.1933 0.4726 0.4640 0.2579 0.1611 0.1385 0.3091 0.5075 0.3855 0.2160 0.1466 0.1494 0.4041 0.5123 0.3184 0.1860 0.1385 0.1865 0.4672 0.4729 0.2649 0.1641 0.1378 0.2887 0.5034 0.4000 0.2231 0.1489 0.1461 0.3878 0.5141 0.3285
0.5130 0.3800 0.1449 0.1500 0.2264 0.4067 0.5011 0.2786 0.1375 0.1658 0.2692 0.4786 0.4627 0.1805 0.1390 0.1884 0.3238 0.5133 0.3970 0.1478 0.1476 0.2190 0.3917 0.5058 0.3004 0.1382 0.1624 0.2609 0.4681 0.4700 0.1895 0.1384 0.1862 0.3204 0.5130 0.3961 0.1470 0.1487 0.2243 0.4064 0.4997 0.2658 0.1372 0.1707 0.2851 0.4988 0.4358 0.1579 0.1430 0.2002 0.2795 0.2002 0.1430 0.1579 0.4358 0.4988 0.2851 0.1707 0.1372 0.2658 0.4997 0.4064 0.2243 0.1487 0.1470 0.3961 0.5130 0.3204 0.1862 0.1384 0.1895 0.4700 0.4681 0.2609 0.1624 0.1382 0.3004 0.5058 0.3917 0.2190 0.1476 0.1478 0.3970 0.5133 0.3238 0.1884 0.1390 0.1805 0.4627 0.4786 0.2692 0.1658 0.1375 0.2786 0.5011 0.4067 0.2264 0.1500 0.1449 0.3800 0.5130
0.3755 0.1438 0.1512 0.2299 0.4135 0.4987 0.2685 0.1373 0.1675 0.2736 0.4839 0.4579 0.1752 0.1395 0.1908 0.3293 0.5139 0.3896 0.1465 0.1486 0.2222 0.3982 0.5039 0.2912 0.1379 0.1638 0.2644 0.4727 0.4669 0.1851 0.1387 0.1874 0.3228 0.5134 0.3939 0.1468 0.1488 0.2243 0.4058 0.5002 0.2686 0.1372 0.1699 0.2828 0.4966 0.4392 0.1594 0.1429 0.2050 0.3549 0.4930 0.3549 0.2050 0.1429 0.1594 0.4392 0.4966 0.2828 0.1699 0.1372 0.2686 0.5002 0.4058 0.2243 0.1488 0.1468 0.3939 0.5134 0.3228 0.1874 0.1387 0.1851 0.4669 0.4727 0.2644 0.1638 0.1379 0.2912 0.5039 0.3982 0.2222 0.1486 0.1465 0.3896 0.5139 0.3293 0.1908 0.1395 0.1752 0.4579 0.4839 0.2736 0.1675 0.1373 0.2685 0.4987 0.4135 0.2299 0.1512 0.1438 0.3755
0.1511 0.1524 0.2334 0.4203 0.4961 0.2583 0.1372 0.1693 0.2781 0.4889 0.4529 0.1706 0.1401 0.1932 0.3350 0.5142 0.3820 0.1452 0.1497 0.2255 0.4048 0.5018 0.2815 0.1376 0.1654 0.2682 0.4776 0.4632 0.1805 0.1390 0.1889 0.3260 0.5137 0.3906 0.1463 0.1492 0.2250 0.4064 0.5002 0.2695 0.1373 0.1694 0.2811 0.4949 0.4419 0.1609 0.1426 0.2045 0.3630 0.5120 0.4461 0.5120 0.3630 0.2045 0.1426 0.1609 0.4419 0.4949 0.2811 0.1694 0.1373 0.2695 0.5002 0.4064 0.2250 0.1492 0.1463 0.3906 0.5137 0.3260 0.1889 0.1390 0.1805 0.4632 0.4776 0.2682 0.1654 0.1376 0.2815 0.5018 0.4048 0.2255 0.1497 0.1452 0.3820 0.5142 0.3350 0.1932 0.1401 0.1706 0.4529 0.4889 0.2781 0.1693 0.1372 0.2583 0.4961 0.4203 0.2334 0.1524 0.1511
0.1593 0.2370 0.4271 0.4932 0.2482 0.1371 0.1712 0.2827 0.4935 0.4476 0.1667 0.1407 0.1958 0.3408 0.5143 0.3742 0.1441 0.1509 0.2289 0.4115 0.4994 0.2715 0.1374 0.1670 0.2724 0.4827 0.4589 0.1760 0.1394 0.1908 0.3300 0.5140 0.3863 0.1456 0.1496 0.2262 0.4083 0.4997 0.2686 0.1373 0.1692 0.2803 0.4937 0.4439 0.1621 0.1422 0.2033 0.3619 0.5118 0.3527 0.1641 0.3527 0.5118 0.3619 0.2033 0.1422 0.1621 0.4439 0.4937 0.2803 0.1692 0.1373 0.2686 0.4997 0.4083 0.2262 0.1496 0.1456 0.3863 0.5140 0.3300 0.1908 0.1394 0.1760 0.4589 0.4827 0.2724 0.1670 0.1374 0.2715 0.4994 0.4115 0.2289 0.1509 0.1441 0.3742 0.5143 0.3408 0.1958 0.1407 0.1667 0.4476 0.4935 0.2827 0.1712 0.1371 0.2482 0.4932 0.4271 0.2370 0.1593
0.2418 0.4339 0.4902 0.2382 0.1371 0.1731 0.2874 0.4976 0.4422 0.1633 0.1414 0.1984 0.3467 0.5140 0.3661 0.1430 0.1521 0.2323 0.4183 0.4969 0.2614 0.1372 0.1687 0.2767 0.4875 0.4542 0.1716 0.1400 0.1929 0.3346 0.5142 0.3810 0.1448 0.1503 0.2279 0.4113 0.4988 0.2658 0.1372 0.1694 0.2803 0.4933 0.4449 0.1629 0.1420 0.2022 0.3595 0.5121 0.3390 0.1405 0.1391 0.1405 0.3390 0.5121 0.3595 0.2022 0.1420 0.1629 0.4449 0.4933 0.2803 0.1694 0.1372 0.2658 0.4988 0.4113 0.2279 0.1503 0.1448 0.3810 0.5142 0.3346 0.1929 0.1400 0.1716 0.4542 0.4875 0.2767 0.1687 0.1372 0.2614 0.4969 0.4183 0.2323 0.1521 0.1430 0.3661 0.5140 0.3467 0.1984 0.1414 0.1633 0.4422 0.4976 0.2874 0.1731 0.1371 0.2382 0.4902 0.4339 0.2418
0.4356 0.4870 0.2285 0.1372 0.1750 0.2922 0.5012 0.4366 0.1603 0.1422 0.2011 0.3527 0.5136 0.3577 0.1421 0.1533 0.2359 0.4251 0.4941 0.2514 0.1371 0.1705 0.2812 0.4920 0.4493 0.1678 0.1406 0.1952 0.3398 0.5143 0.3745 0.1440 0.1511 0.2300 0.4152 0.4975 0.2613 0.1372 0.1699 0.2811 0.4937 0.4449 0.1632 0.1418 0.2015 0.3576 0.5125 0.3396 0.1400 0.1535 0.1942 0.1535 0.1400 0.3396 0.5125 0.3576 0.2015 0.1418 0.1632 0.4449 0.4937 0.2811 0.1699 0.1372 0.2613 0.4975 0.4152 0.2300 0.1511 0.1440 0.3745 0.5143 0.3398 0.1952 0.1406 0.1678 0.4493 0.4920 0.2812 0.1705 0.1371 0.2514 0.4941 0.4251 0.2359 0.1533 0.1421 0.3577 0.5136 0.3527 0.2011 0.1422 0.1603 0.4366 0.5012 0.2922 0.1750 0.1372 0.2285 0.4870 0.4356
0.4848 0.2191 0.1373 0.1771 0.2971 0.5043 0.4307 0.1576 0.1429 0.2038 0.3588 0.5129 0.3490 0.1412 0.1546 0.2395 0.4318 0.4912 0.2414 0.1371 0.1724 0.2858 0.4962 0.4441 0.1643 0.1412 0.1977 0.3454 0.5141 0.3673 0.1431 0.1521 0.2326 0.4198 0.4958 0.2556 0.1372 0.1707 0.2828 0.4949 0.4439 0.1629 0.1418 0.2013 0.3565 0.5127 0.3418 0.1402 0.1567 0.2399 0.3456 0.2399 0.1567 0.1402 0.3418 0.5127 0.3565 0.2013 0.1418 0.1629 0.4439 0.4949 0.2828 0.1707 0.1372 0.2556 0.4958 0.4198 0.2326 0.1521 0.1431 0.3673 0.5141 0.3454 0.1977 0.1412 0.1643 0.4441 0.4962 0.2858 0.1724 0.1371 0.2414 0.4912 0.4318 0.2395 0.1546 0.1412 0.3490 0.5129 0.3588 0.2038 0.1429 0.1576 0.4307 0.5043 0.2971 0.1771 0.1373 0.2191 0.4848
0.2168 0.1375 0.1792 0.3021 0.5069 0.4246 0.1553 0.1437 0.2066 0.3650 0.5119 0.3402 0.1405 0.1559 0.2432 0.4385 0.4880 0.2317 0.1372 0.1744 0.2906 0.5000 0.4385 0.1613 0.1419 0.2002 0.3510 0.5137 0.3595 0.1423 0.1531 0.2356 0.4251 0.4938 0.2488 0.1371 0.1717 0.2851 0.4966 0.4419 0.1621 0.1420 0.2015 0.3565 0.5128 0.3432 0.1403 0.1570 0.2470 0.4368 0.5120 0.4368 0.2470 0.1570 0.1403 0.3432 0.5128 0.3565 0.2015 0.1420 0.1621 0.4419 0.4966 0.2851 0.1717 0.1371 0.2488 0.4938 0.4251 0.2356 0.1531 0.1423 0.3595 0.5137 0.3510 0.2002 0.1419 0.1613 0.4385 0.5000 0.2906 0.1744 0.1372 0.2317 0.4880 0.4385 0.2432 0.1559 0.1405 0.3402 0.5119 0.3650 0.2066 0.1437 0.1553 0.4246 0.5069 0.3021 0.1792 0.1375 0.2168
0.1456 0.1813 0.3072 0.5091 0.4183 0.1532 0.1446 0.2095 0.3713 0.5108 0.3312 0.1398 0.1573 0.2470 0.4451 0.4847 0.2223 0.1373 0.1764 0.2954 0.5032 0.4328 0.1585 0.1427 0.2029 0.3569 0.5131 0.3514 0.1414 0.1543 0.2388 0.4309 0.4913 0.2411 0.1371 0.1730 0.2880 0.4988 0.4392 0.1609 0.1422 0.2022 0.3576 0.5127 0.3432 0.1404 0.1569 0.2478 0.4479 0.4866 0.3617 0.4866 0.4479 0.2478 0.1569 0.1404 0.3432 0.5127 0.3576 0.2022 0.1422 0.1609 0.4392 0.4988 0.2880 0.1730 0.1371 0.2411 0.4913 0.4309 0.2388 0.1543 0.1414 0.3514 0.5131 0.3569 0.2029 0.1427 0.1585 0.4328 0.5032 0.2954 0.1764 0.1373 0.2223 0.4847 0.4451 0.2470 0.1573 0.1398 0.3312 0.5108 0.3713 0.2095 0.1446 0.1532 0.4183 0.5091 0.3072 0.1813 0.1456
0.1872 0.3124 0.5108 0.4118 0.1513 0.1455 0.2124 0.3776 0.5095 0.3220 0.1392 0.1587 0.2508 0.4515 0.4812 0.2133 0.1374 0.1784 0.3003 0.5060 0.4269 0.1561 0.1434 0.2056 0.3629 0.5123 0.3431 0.1407 0.1555 0.2422 0.4369 0.4886 0.2329 0.1371 0.1744 0.2913 0.5010 0.4358 0.1594 0.1426 0.2033 0.3595 0.5125 0.3418 0.1403 0.1569 0.2477 0.4494 0.4815 0.2279 0.1394 0.2279 0.4815 0.4494 0.2477 0.1569 0.1403 0.3418 0.5125 0.3595 0.2033 0.1426 0.1594 0.4358 0.5010 0.2913 0.1744 0.1371 0.2329 0.4886 0.4369 0.2422 0.1555 0.1407 0.3431 0.5123 0.3629 0.2056 0.1434 0.1561 0.4269 0.5060 0.3003 0.1784 0.1374 0.2133 0.4812 0.4515 0.2508 0.1587 0.1392 0.3220 0.5095 0.3776 0.2124 0.1455 0.1513 0.4118 0.5108 0.3124 0.1872
0.3154 0.5121 0.4056 0.1497 0.1463 0.2151 0.3835 0.5080 0.3134 0.1387 0.1600 0.2544 0.4573 0.4777 0.2055 0.1376 0.1803 0.3048 0.5081 0.4212 0.1540 0.1442 0.2081 0.3685 0.5113 0.3351 0.1401 0.1567 0.2454 0.4426 0.4858 0.2251 0.1372 0.1759 0.2947 0.5031 0.4322 0.1579 0.1429 0.2045 0.3619 0.5121 0.3396 0.1402 0.1570 0.2478 0.4494 0.4808 0.2111 0.1362 0.1511 0.1362 0.2111 0.4808 0.4494 0.2478 0.1570 0.1402 0.3396 0.5121 0.3619 0.2045 0.1429 0.1579 0.4322 0.5031 0.2947 0.1759 0.1372 0.2251 0.4858 0.4426 0.2454 0.1567 0.1401 0.3351 0.5113 0.3685 0.2081 0.1442 0.1540 0.4212 0.5081 0.3048 0.1803 0.1376 0.2055 0.4777 0.4573 0.2544 0.1600 0.1387 0.3134 0.5080 0.3835 0.2151 0.1463 0.1497 0.4056 0.5121 0.3154
0.5104 0.4016 0.1486 0.1467 0.2168 0.3872 0.5069 0.3077 0.1383 0.1607 0.2566 0.4609 0.4753 0.2007 0.1376 0.1813 0.3078 0.5091 0.4174 0.1527 0.1445 0.2097 0.3721 0.5104 0.3298 0.1395 0.1573 0.2474 0.4461 0.4838 0.2202 0.1371 0.1767 0.2969 0.5042 0.4300 0.1569 0.1430 0.2050 0.3630 0.5118 0.3390 0.1400 0.1567 0.2470 0.4479 0.4815 0.2111 0.1372 0.1745 0.2338 0.1745 0.1372 0.2111 0.4815 0.4479 0.2470 0.1567 0.1400 0.3390 0.5118 0.3630 0.2050 0.1430 0.1569 0.4300 0.5042 0.2969 0.1767 0.1371 0.2202 0.4838 0.4461 0.2474 0.1573 0.1395 0.3298 0.5104 0.3721 0.2097 0.1445 0.1527 0.4174 0.5091 0.3078 0.1813 0.1376 0.2007 0.4753 0.4609 0.2566 0.1607 0.1383 0.3077 0.5069 0.3872 0.2168 0.1467 0.1486 0.4016 0.5104
0.4127 0.1499 0.1447 0.2123 0.3805 0.5076 0.3187 0.1381 0.1580 0.2514 0.4542 0.4785 0.2100 0.1365 0.1778 0.3021 0.5062 0.4243 0.1545 0.1427 0.2054 0.3656 0.5106 0.3404 0.1395 0.1547 0.2424 0.4391 0.4865 0.2312 0.1362 0.1732 0.2910 0.5001 0.4368 0.1597 0.1411 0.2002 0.3549 0.5120 0.3527 0.1405 0.1535 0.2399 0.4368 0.4866 0.2279 0.1362 0.1745 0.2868 0.4178 0.2868 0.1745 0.1362 0.2279 0.4866 0.4368 0.2399 0.1535 0.1405 0.3527 0.5120 0.3549 0.2002 0.1411 0.1597 0.4368 0.5001 0.2910 0.1732 0.1362 0.2312 0.4865 0.4391 0.2424 0.1547 0.1395 0.3404 0.5106 0.3656 0.2054 0.1427 0.1545 0.4243 0.5062 0.3021 0.1778 0.1365 0.2100 0.4785 0.4542 0.2514 0.1580 0.1381 0.3187 0.5076 0.3805 0.2123 0.1447 0.1499 0.4127
0.2150 0.1357 0.1761 0.3004 0.5061 0.4237 0.1527 0.1416 0.2034 0.3649 0.5097 0.3407 0.1377 0.1533 0.2403 0.4393 0.4857 0.2324 0.1353 0.1714 0.2886 0.4997 0.4373 0.1590 0.1399 0.1970 0.3504 0.5117 0.3604 0.1395 0.1504 0.2319 0.4243 0.4923 0.2538 0.1351 0.1676 0.2795 0.4930 0.4461 0.1641 0.1391 0.1942 0.3456 0.5120 0.3617 0.1394 0.1511 0.2338 0.4178 0.5105 0.4178 0.2338 0.1511 0.1394 0.3617 0.5120 0.3456 0.1942 0.1391 0.1641 0.4461 0.4930 0.2795 0.1676 0.1351 0.2538 0.4923 0.4243 0.2319 0.1504 0.1395 0.3604 0.5117 0.3504 0.1970 0.1399 0.1590 0.4373 0.4997 0.2886 0.1714 0.1353 0.2324 0.4857 0.4393 0.2403 0.1533 0.1377 0.3407 0.5097 0.3649 0.2034 0.1416 0.1527 0.4237 0.5061 0.3004 0.1761 0.1357 0.2150
0.4127 0.1499 0.1447 0.2123 0.3805 0.5076 0.3187 0.1381 0.1580 0.2514 0.4542 0.4785 0.2100 0.1365 0.1778 0.3021 0.5062 0.4243 0.1545 0.1427 0.2054 0.3656 0.5106 0.3404 0.1395 0.1547 0.2424 0.4391 0.4865 0.2312 0.1362 0.1732 0.2910 0.5001 0.4368 0.1597 0.1411 0.2002 0.3549 0.5120 0.3527 0.1405 0.1535 0.2399 0.4368 0.4866 0.2279 0.1362 0.1745 0.2868 0.4178 0.2868 0.1745 0.1362 0.2279 0.4866 0.4368 0.2399 0.1535 0.1405 0.3527 0.5120 0.3549 0.2002 0.1411 0.1597 0.4368 0.5001 0.2910 0.1732 0.1362 0.2312 0.4865 0.4391 0.2424 0.1547 0.1395 0.3404 0.5106 0.3656 0.2054 0.1427 0.1545 0.4243 0.5062 0.3021 0.1778 0.1365 0.2100 0.4785 0.4542 0.2514 0.1580 0.1381 0.3187 0.5076 0.3805 0.2123 0.1447 0.1499 0.4127
0.5104 0.4016 0.1486 0.1467 0.2168 0.3872 0.5069 0.3077 0.1383 0.1607 0.2566 0.4609 0.4753 0.2007 0.1376 0.1813 0.3078 0.5091 0.4174 0.1527 0.1445 0.2097 0.3721 0.5104 0.3298 0.1395 0.1573 0.2474 0.4461 0.4838 0.2202 0.1371 0.1767 0.2969 0.5042 0.4300 0.1569 0.1430 0.2050 0.3630 0.5118 0.3390 0.1400 0.1567 0.2470 0.4479 0.4815 0.2111 0.1372 0.1745 0.2338 0.1745 0.1372 0.2111 0.4815 0.4479 0.2470 0.1567 0.1400 0.3390 0.5118 0.3630 0.2050 0.1430 0.1569 0.4300 0.5042 0.2969 0.1767 0.1371 0.2202 0.4838 0.4461 0.2474 0.1573 0.1395 0.3298 0.5104 0.3721 0.2097 0.1445 0.1527 0.4174 0.5091 0.3078 0.1813 0.1376 0.2007 0.4753 0.4609 0.2566 0.1607 0.1383 0.3077 0.5069 0.3872 0.2168 0.1467 0.1486 0.4016 0.5104
0.3154 0.5121 0.4056 0.1497 0.1463 0.2151 0.3835 0.5080 0.3134 0.1387 0.1600 0.2544 0.4573 0.4777 0.2055 0.1376 0.1803 0.3048 0.5081 0.4212 0.1540 0.1442 0.2081 0.3685 0.5113 0.3351 0.1401 0.1567 0.2454 0.4426 0.4858 0.2251 0.1372 0.1759 0.2947 0.5031 0.4322 0.1579 0.1429 0.2045 0.3619 0.5121 0.3396 0.1402 0.1570 0.2478 0.4494 0.4808 0.2111 0.1362 0.1511 0.1362 0.2111 0.4808 0.4494 0.2478 0.1570 0.1402 0.3396 0.5121 0.3619 0.2045 0.1429 0.1579 0.4322 0.5031 0.2947 0.1759 0.1372 0.2251 0.4858 0.4426 0.2454 0.1567 0.1401 0.3351 0.5113 0.3685 0.2081 0.1442 0.1540 0.4212 0.5081 0.3048 0.1803 0.1376 0.2055 0.4777 0.4573 0.2544 0.1600 0.1387 0.3134 0.5080 0.3835 0.2151 0.1463 0.1497 0.4056 0.5121 0.3154
0.1872 0.3124 0.5108 0.4118 0.1513 0.1455 0.2124 0.3776 0.5095 0.3220 0.1392 0.1587 0.2508 0.4515 0.4812 0.2133 0.1374 0.1784 0.3003 0.5060 0.4269 0.1561 0.1434 0.2056 0.3629 0.5123 0.3431 0.1407 0.1555 0.2422 0.4369 0.4886 0.2329 0.1371 0.1744 0.2913 0.5010 0.4358 0.1594 0.1426 0.2033 0.3595 0.5125 0.3418 0.1403 0.1569 0.2477 0.4494 0.4815 0.2279 0.1394 0.2279 0.4815 0.4494 0.2477 0.1569 0.1403 0.3418 0.5125 0.3595 0.2033 0.1426 0.1594 0.4358 0.5010 0.2913 0.1744 0.1371 0.2329 0.4886 0.4369 0.2422 0.1555 0.1407 0.3431 0.5123 0.3629 0.2056 0.1434 0.1561 0.4269 0.5060 0.3003 0.1784 0.1374 0.2133 0.4812 0.4515 0.2508 0.1587 0.1392 0.3220 0.5095 0.3776 0.2124 0.1455 0.1513 0.4118 0.5108 0.3124 0.1872
0.1456 0.1813 0.3072 0.5091 0.4183 0.1532 0.1446 0.2095 0.3713 0.5108 0.3312 0.1398 0.1573 0.2470 0.4451 0.4847 0.2223 0.1373 0.1764 0.2954 0.5032 0.4328 0.1585 0.1427 0.2029 0.3569 0.5131 0.3514 0.1414 0.1543 0.2388 0.4309 0.4913 0.2411 0.1371 0.1730 0.2880 0.4988 0.4392 0.1609 0.1422 0.2022 0.3576 0.5127 0.3432 0.1404 0.1569 0.2478 0.4479 0.4866 0.3617 0.4866 0.4479 0.2478 0.1569 0.1404 0.3432 0.5127 0.3576 0.2022 0.1422 0.1609 0.4392 0.4988 0.2880 0.1730 0.1371 0.2411 0.4913 0.4309 0.2388 0.1543 0.1414 0.3514 0.5131 0.3569 0.2029 0.1427 0.1585 0.4328 0.5032 0.2954 0.1764 0.1373 0.2223 0.4847 0.4451 0.2470 0.1573 0.1398 0.3312 0.5108 0.3713 0.2095 0.1446 0.1532 0.4183 0.5091 0.3072 0.1813 0.1456
