0.0710 -0.2288 -0.3154 -0.3660 0.0230 0.2519 -0.1536 -0.2730 -0.3462 -0.2969 0.1359 0.1338 -0.2215 -0.3109 -0.3648 -0.0001 0.2394 -0.1411 -0.2676 -0.3427 -0.3200 0.1222 0.1918 -0.2136 -0.3061 -0.3630 -0.0290 0.2260 -0.1267 -0.2622 -0.3390 -0.3371 0.1087 0.2328 -0.2055 -0.3011 -0.3610 -0.0657 0.2123 -0.1094 -0.2567 -0.3351 -0.3493 0.0950 0.2574 -0.1970 -0.2960 -0.3588 -0.1234 0.1776 0.2566 0.1776 -0.1234 -0.3588 -0.2960 -0.1970 0.2574 0.0950 -0.3493 -0.3351 -0.2567 -0.1094 0.2123 -0.0657 -0.3610 -0.3011 -0.2055 0.2328 0.1087 -0.3371 -0.3390 -0.2622 -0.1267 0.2260 -0.0290 -0.3630 -0.3061 -0.2136 0.1918 0.1222 -0.3200 -0.3427 -0.2676 -0.1411 0.2394 -0.0001 -0.3648 -0.3109 -0.2215 0.1338 0.1359 -0.2969 -0.3462 -0.2730 -0.1536 0.2519 0.0230 -0.3660 -0.3154 -0.2288 0.0710
-0.2288 -0.3304 -0.3769 0.0225 0.2503 -0.1544 -0.2878 -0.3593 -0.3061 0.1337 0.1657 -0.2325 -0.3251 -0.3758 -0.0025 0.2365 -0.1401 -0.2825 -0.3560 -0.3294 0.1204 0.2171 -0.2230 -0.3203 -0.3744 -0.0323 0.2228 -0.1238 -0.2772 -0.3524 -0.3466 0.1071 0.2505 -0.2134 -0.3155 -0.3728 -0.0706 0.2091 -0.1040 -0.2718 -0.3487 -0.3590 0.0937 0.2687 -0.2036 -0.3105 -0.3709 -0.1206 0.1921 -0.0352 -0.2116 -0.0352 0.1921 -0.1206 -0.3709 -0.3105 -0.2036 0.2687 0.0937 -0.3590 -0.3487 -0.2718 -0.1040 0.2091 -0.0706 -0.3728 -0.3155 -0.2134 0.2505 0.1071 -0.3466 -0.3524 -0.2772 -0.1238 0.2228 -0.0323 -0.3744 -0.3203 -0.2230 0.2171 0.1204 -0.3294 -0.3560 -0.2825 -0.1401 0.2365 -0.0025 -0.3758 -0.3251 -0.2325 0.1657 0.1337 -0.3061 -0.3593 -0.2878 -0.1544 0.2503 0.0225 -0.3769 -0.3304 -0.2288
-0.3154 -0.3769 0.0191 0.2469 -0.1500 -0.2859 -0.3580 -0.3165 0.1279 0.1901 -0.2284 -0.3230 -0.3752 -0.0148 0.2304 -0.1332 -0.2802 -0.3544 -0.3376 0.1145 0.2338 -0.2188 -0.3182 -0.3737 -0.0480 0.2167 -0.1156 -0.2749 -0.3508 -0.3525 0.1012 0.2602 -0.2092 -0.3133 -0.3720 -0.0901 0.2030 -0.0938 -0.2695 -0.3469 -0.3631 0.0877 0.2728 -0.1993 -0.3083 -0.3700 -0.1406 0.1888 -0.0561 -0.2573 -0.3101 -0.2573 -0.0561 0.1888 -0.1406 -0.3700 -0.3083 -0.1993 0.2728 0.0877 -0.3631 -0.3469 -0.2695 -0.0938 0.2030 -0.0901 -0.3720 -0.3133 -0.2092 0.2602 0.1012 -0.3525 -0.3508 -0.2749 -0.1156 0.2167 -0.0480 -0.3737 -0.3182 -0.2188 0.2338 0.1145 -0.3376 -0.3544 -0.2802 -0.1332 0.2304 -0.0148 -0.3752 -0.3230 -0.2284 0.1901 0.1279 -0.3165 -0.3580 -0.2859 -0.1500 0.2469 0.0191 -0.3769 -0.3154
-0.3660 0.0225 0.2469 -0.1483 -0.2847 -0.3570 -0.3242 0.1230 0.2096 -0.2244 -0.3209 -0.3746 -0.0283 0.2244 -0.1259 -0.2779 -0.3529 -0.3447 0.1087 0.2473 -0.2146 -0.3161 -0.3730 -0.0652 0.2107 -0.1067 -0.2725 -0.3491 -0.3576 0.0954 0.2671 -0.2049 -0.3111 -0.3712 -0.1109 0.1972 -0.0824 -0.2671 -0.3452 -0.3665 0.0816 0.2749 -0.1949 -0.3061 -0.3690 -0.1625 0.1836 -0.0468 -0.2602 -0.3392 -0.3810 -0.3392 -0.2602 -0.0468 0.1836 -0.1625 -0.3690 -0.3061 -0.1949 0.2749 0.0816 -0.3665 -0.3452 -0.2671 -0.0824 0.1972 -0.1109 -0.3712 -0.3111 -0.2049 0.2671 0.0954 -0.3576 -0.3491 -0.2725 -0.1067 0.2107 -0.0652 -0.3730 -0.3161 -0.2146 0.2473 0.1087 -0.3447 -0.3529 -0.2779 -0.1259 0.2244 -0.0283 -0.3746 -0.3209 -0.2244 0.2096 0.1230 -0.3242 -0.3570 -0.2847 -0.1483 0.2469 0.0225 -0.3660
0.0230 0.2503 -0.1500 -0.2847 -0.3566 -0.3284 0.1195 0.2231 -0.2210 -0.3191 -0.3739 -0.0427 0.2185 -0.1181 -0.2755 -0.3513 -0.3509 0.1029 0.2577 -0.2104 -0.3139 -0.3722 -0.0841 0.2048 -0.0969 -0.2702 -0.3474 -0.3620 0.0894 0.2718 -0.2006 -0.3090 -0.3703 -0.1328 0.1914 -0.0694 -0.2647 -0.3434 -0.3694 0.0753 0.2755 -0.1904 -0.3039 -0.3681 -0.1845 0.1780 -0.0302 -0.2588 -0.3387 -0.3788 -0.1769 -0.3788 -0.3387 -0.2588 -0.0302 0.1780 -0.1845 -0.3681 -0.3039 -0.1904 0.2755 0.0753 -0.3694 -0.3434 -0.2647 -0.0694 0.1914 -0.1328 -0.3703 -0.3090 -0.2006 0.2718 0.0894 -0.3620 -0.3474 -0.2702 -0.0969 0.2048 -0.0841 -0.3722 -0.3139 -0.2104 0.2577 0.1029 -0.3509 -0.3513 -0.2755 -0.1181 0.2185 -0.0427 -0.3739 -0.3191 -0.2210 0.2231 0.1195 -0.3284 -0.3566 -0.2847 -0.1500 0.2503 0.0230
0.2519 -0.1544 -0.2859 -0.3570 -0.3284 0.1182 0.2298 -0.2187 -0.3176 -0.3734 -0.0567 0.2131 -0.1100 -0.2733 -0.3496 -0.3562 0.0971 0.2654 -0.2061 -0.3118 -0.3714 -0.1046 0.1989 -0.0859 -0.2678 -0.3457 -0.3656 0.0834 0.2745 -0.1962 -0.3068 -0.3693 -0.1551 0.1856 -0.0545 -0.2624 -0.3416 -0.3717 0.0689 0.2746 -0.1858 -0.3017 -0.3670 -0.2057 0.1722 -0.0095 -0.2567 -0.3371 -0.3757 0.0326 0.1658 0.0326 -0.3757 -0.3371 -0.2567 -0.0095 0.1722 -0.2057 -0.3670 -0.3017 -0.1858 0.2746 0.0689 -0.3717 -0.3416 -0.2624 -0.0545 0.1856 -0.1551 -0.3693 -0.3068 -0.1962 0.2745 0.0834 -0.3656 -0.3457 -0.2678 -0.0859 0.1989 -0.1046 -0.3714 -0.3118 -0.2061 0.2654 0.0971 -0.3562 -0.3496 -0.2733 -0.1100 0.2131 -0.0567 -0.3734 -0.3176 -0.2187 0.2298 0.1182 -0.3284 -0.3570 -0.2859 -0.1544 0.2519
-0.1536 -0.2878 -0.3580 -0.3242 0.1195 0.2298 -0.2178 -0.3168 -0.3730 -0.0682 0.2087 -0.1023 -0.2712 -0.3481 -0.3606 0.0913 0.2706 -0.2018 -0.3096 -0.3705 -0.1262 0.1931 -0.0734 -0.2655 -0.3439 -0.3686 0.0772 0.2755 -0.1918 -0.3046 -0.3684 -0.1774 0.1800 -0.0373 -0.2600 -0.3397 -0.3735 0.0623 0.2725 -0.1812 -0.2995 -0.3659 -0.2257 0.1657 0.0145 -0.2538 -0.3353 -0.3762 0.0409 0.2501 0.0245 0.2501 0.0409 -0.3762 -0.3353 -0.2538 0.0145 0.1657 -0.2257 -0.3659 -0.2995 -0.1812 0.2725 0.0623 -0.3735 -0.3397 -0.2600 -0.0373 0.1800 -0.1774 -0.3684 -0.3046 -0.1918 0.2755 0.0772 -0.3686 -0.3439 -0.2655 -0.0734 0.1931 -0.1262 -0.3705 -0.3096 -0.2018 0.2706 0.0913 -0.3606 -0.3481 -0.2712 -0.1023 0.2087 -0.0682 -0.3730 -0.3168 -0.2178 0.2298 0.1195 -0.3242 -0.3580 -0.2878 -0.1536
-0.2730 -0.3593 -0.3165 0.1230 0.2231 -0.2187 -0.3168 -0.3728 -0.0749 0.2057 -0.0961 -0.2695 -0.3467 -0.3639 0.0858 0.2738 -0.1976 -0.3075 -0.3696 -0.1485 0.1873 -0.0592 -0.2631 -0.3421 -0.3711 0.0708 0.2750 -0.1872 -0.3024 -0.3673 -0.1990 0.1742 -0.0173 -0.2576 -0.3379 -0.3749 0.0553 0.2695 -0.1764 -0.2973 -0.3647 -0.2443 0.1593 0.0417 -0.2500 -0.3333 -0.3766 0.0363 0.2568 -0.1493 -0.2496 -0.1493 0.2568 0.0363 -0.3766 -0.3333 -0.2500 0.0417 0.1593 -0.2443 -0.3647 -0.2973 -0.1764 0.2695 0.0553 -0.3749 -0.3379 -0.2576 -0.0173 0.1742 -0.1990 -0.3673 -0.3024 -0.1872 0.2750 0.0708 -0.3711 -0.3421 -0.2631 -0.0592 0.1873 -0.1485 -0.3696 -0.3075 -0.1976 0.2738 0.0858 -0.3639 -0.3467 -0.2695 -0.0961 0.2057 -0.0749 -0.3728 -0.3168 -0.2187 0.2231 0.1230 -0.3165 -0.3593 -0.2730
-0.3462 -0.3061 0.1279 0.2096 -0.2210 -0.3176 -0.3730 -0.0749 0.2047 -0.0925 -0.2684 -0.3457 -0.3663 0.0812 0.2751 -0.1937 -0.3054 -0.3687 -0.1705 0.1817 -0.0427 -0.2607 -0.3403 -0.3730 0.0643 0.2733 -0.1826 -0.3002 -0.3662 -0.2195 0.1679 0.0059 -0.2550 -0.3360 -0.3759 0.0480 0.2658 -0.1714 -0.2950 -0.3635 -0.2614 0.1530 0.0715 -0.2458 -0.3314 -0.3768 0.0286 0.2537 -0.1558 -0.2841 -0.3356 -0.2841 -0.1558 0.2537 0.0286 -0.3768 -0.3314 -0.2458 0.0715 0.1530 -0.2614 -0.3635 -0.2950 -0.1714 0.2658 0.0480 -0.3759 -0.3360 -0.2550 0.0059 0.1679 -0.2195 -0.3662 -0.3002 -0.1826 0.2733 0.0643 -0.3730 -0.3403 -0.2607 -0.0427 0.1817 -0.1705 -0.3687 -0.3054 -0.1937 0.2751 0.0812 -0.3663 -0.3457 -0.2684 -0.0925 0.2047 -0.0749 -0.3730 -0.3176 -0.2210 0.2096 0.1279 -0.3061 -0.3462
-0.2969 0.1337 0.1901 -0.2244 -0.3191 -0.3734 -0.0682 0.2057 -0.0925 -0.2680 -0.3451 -0.3676 0.0777 0.2755 -0.1904 -0.3036 -0.3678 -0.1906 0.1763 -0.0239 -0.2583 -0.3384 -0.3745 0.0574 0.2705 -0.1778 -0.2979 -0.3651 -0.2387 0.1614 0.0324 -0.2515 -0.3340 -0.3765 0.0403 0.2613 -0.1663 -0.2928 -0.3623 -0.2770 0.1468 0.1023 -0.2416 -0.3294 -0.3767 0.0197 0.2488 -0.1524 -0.2862 -0.3602 -0.3884 -0.3602 -0.2862 -0.1524 0.2488 0.0197 -0.3767 -0.3294 -0.2416 0.1023 0.1468 -0.2770 -0.3623 -0.2928 -0.1663 0.2613 0.0403 -0.3765 -0.3340 -0.2515 0.0324 0.1614 -0.2387 -0.3651 -0.2979 -0.1778 0.2705 0.0574 -0.3745 -0.3384 -0.2583 -0.0239 0.1763 -0.1906 -0.3678 -0.3036 -0.1904 0.2755 0.0777 -0.3676 -0.3451 -0.2680 -0.0925 0.2057 -0.0682 -0.3734 -0.3191 -0.2244 0.1901 0.1337 -0.2969
0.1359 0.1657 -0.2284 -0.3209 -0.3739 -0.0567 0.2087 -0.0961 -0.2684 -0.3451 -0.3681 0.0759 0.2753 -0.1879 -0.3022 -0.3670 -0.2073 0.1712 -0.0040 -0.2560 -0.3366 -0.3756 0.0502 0.2669 -0.1729 -0.2957 -0.3639 -0.2564 0.1549 0.0616 -0.2472 -0.3321 -0.3768 0.0321 0.2564 -0.1609 -0.2905 -0.3609 -0.2911 0.1408 0.1325 -0.2374 -0.3274 -0.3764 0.0099 0.2432 -0.1470 -0.2848 -0.3577 -0.3398 0.0134 -0.3398 -0.3577 -0.2848 -0.1470 0.2432 0.0099 -0.3764 -0.3274 -0.2374 0.1325 0.1408 -0.2911 -0.3609 -0.2905 -0.1609 0.2564 0.0321 -0.3768 -0.3321 -0.2472 0.0616 0.1549 -0.2564 -0.3639 -0.2957 -0.1729 0.2669 0.0502 -0.3756 -0.3366 -0.2560 -0.0040 0.1712 -0.2073 -0.3670 -0.3022 -0.1879 0.2753 0.0759 -0.3681 -0.3451 -0.2684 -0.0961 0.2087 -0.0567 -0.3739 -0.3209 -0.2284 0.1657 0.1359
0.1338 -0.2325 -0.3230 -0.3746 -0.0427 0.2131 -0.1023 -0.2695 -0.3457 -0.3676 0.0759 0.2752 -0.1866 -0.3013 -0.3664 -0.2199 0.1666 0.0150 -0.2535 -0.3349 -0.3763 0.0430 0.2628 -0.1678 -0.2934 -0.3626 -0.2725 0.1487 0.0923 -0.2430 -0.3301 -0.3768 0.0232 0.2510 -0.1553 -0.2882 -0.3596 -0.3037 0.1348 0.1605 -0.2333 -0.3254 -0.3759 -0.0009 0.2373 -0.1408 -0.2827 -0.3561 -0.3330 0.1044 0.2318 0.1044 -0.3330 -0.3561 -0.2827 -0.1408 0.2373 -0.0009 -0.3759 -0.3254 -0.2333 0.1605 0.1348 -0.3037 -0.3596 -0.2882 -0.1553 0.2510 0.0232 -0.3768 -0.3301 -0.2430 0.0923 0.1487 -0.2725 -0.3626 -0.2934 -0.1678 0.2628 0.0430 -0.3763 -0.3349 -0.2535 0.0150 0.1666 -0.2199 -0.3664 -0.3013 -0.1866 0.2752 0.0759 -0.3676 -0.3457 -0.2695 -0.1023 0.2131 -0.0427 -0.3746 -0.3230 -0.2325 0.1338
-0.2215 -0.3251 -0.3752 -0.0283 0.2185 -0.1100 -0.2712 -0.3467 -0.3663 0.0777 0.2753 -0.1866 -0.3010 -0.3661 -0.2276 0.1632 0.0313 -0.2508 -0.3334 -0.3767 0.0360 0.2584 -0.1628 -0.2912 -0.3613 -0.2871 0.1426 0.1230 -0.2388 -0.3281 -0.3765 0.0136 0.2454 -0.1495 -0.2859 -0.3582 -0.3150 0.1290 0.1857 -0.2291 -0.3233 -0.3753 -0.0128 0.2313 -0.1341 -0.2804 -0.3546 -0.3378 0.1113 0.2637 -0.1354 0.2637 0.1113 -0.3378 -0.3546 -0.2804 -0.1341 0.2313 -0.0128 -0.3753 -0.3233 -0.2291 0.1857 0.1290 -0.3150 -0.3582 -0.2859 -0.1495 0.2454 0.0136 -0.3765 -0.3281 -0.2388 0.1230 0.1426 -0.2871 -0.3613 -0.2912 -0.1628 0.2584 0.0360 -0.3767 -0.3334 -0.2508 0.0313 0.1632 -0.2276 -0.3661 -0.3010 -0.1866 0.2753 0.0777 -0.3663 -0.3467 -0.2712 -0.1100 0.2185 -0.0283 -0.3752 -0.3251 -0.2215
-0.3109 -0.3758 -0.0148 0.2244 -0.1181 -0.2733 -0.3481 -0.3639 0.0812 0.2755 -0.1879 -0.3013 -0.3661 -0.2302 0.1615 0.0423 -0.2487 -0.3322 -0.3768 0.0296 0.2542 -0.1581 -0.2891 -0.3600 -0.2998 0.1367 0.1520 -0.2346 -0.3261 -0.3761 0.0031 0.2395 -0.1433 -0.2836 -0.3567 -0.3249 0.1231 0.2076 -0.2250 -0.3213 -0.3747 -0.0261 0.2253 -0.1269 -0.2781 -0.3530 -0.3443 0.1084 0.2527 -0.2044 -0.2778 -0.2044 0.2527 0.1084 -0.3443 -0.3530 -0.2781 -0.1269 0.2253 -0.0261 -0.3747 -0.3213 -0.2250 0.2076 0.1231 -0.3249 -0.3567 -0.2836 -0.1433 0.2395 0.0031 -0.3761 -0.3261 -0.2346 0.1520 0.1367 -0.2998 -0.3600 -0.2891 -0.1581 0.2542 0.0296 -0.3768 -0.3322 -0.2487 0.0423 0.1615 -0.2302 -0.3661 -0.3013 -0.1879 0.2755 0.0812 -0.3639 -0.3481 -0.2733 -0.1181 0.2244 -0.0148 -0.3758 -0.3109
-0.3648 -0.0025 0.2304 -0.1259 -0.2755 -0.3496 -0.3606 0.0858 0.2751 -0.1904 -0.3022 -0.3664 -0.2276 0.1615 0.0463 -0.2476 -0.3315 -0.3768 0.0245 0.2506 -0.1539 -0.2873 -0.3589 -0.3103 0.1312 0.1774 -0.2305 -0.3240 -0.3755 -0.0085 0.2335 -0.1367 -0.2813 -0.3552 -0.3337 0.1174 0.2260 -0.2209 -0.3192 -0.3740 -0.0409 0.2193 -0.1191 -0.2758 -0.3514 -0.3504 0.1032 0.2581 -0.2086 -0.3099 -0.3590 -0.3099 -0.2086 0.2581 0.1032 -0.3504 -0.3514 -0.2758 -0.1191 0.2193 -0.0409 -0.3740 -0.3192 -0.2209 0.2260 0.1174 -0.3337 -0.3552 -0.2813 -0.1367 0.2335 -0.0085 -0.3755 -0.3240 -0.2305 0.1774 0.1312 -0.3103 -0.3589 -0.2873 -0.1539 0.2506 0.0245 -0.3768 -0.3315 -0.2476 0.0463 0.1615 -0.2276 -0.3664 -0.3022 -0.1904 0.2751 0.0858 -0.3606 -0.3496 -0.2755 -0.1259 0.2304 -0.0025 -0.3648
-0.0001 0.2365 -0.1332 -0.2779 -0.3513 -0.3562 0.0913 0.2738 -0.1937 -0.3036 -0.3670 -0.2199 0.1632 0.0423 -0.2476 -0.3312 -0.3768 0.0211 0.2480 -0.1506 -0.2859 -0.3579 -0.3186 0.1263 0.1979 -0.2267 -0.3220 -0.3749 -0.0213 0.2274 -0.1297 -0.2790 -0.3537 -0.3413 0.1116 0.2410 -0.2167 -0.3171 -0.3733 -0.0572 0.2133 -0.1107 -0.2735 -0.3498 -0.3558 0.0975 0.2651 -0.2060 -0.3111 -0.3753 -0.3613 -0.3753 -0.3111 -0.2060 0.2651 0.0975 -0.3558 -0.3498 -0.2735 -0.1107 0.2133 -0.0572 -0.3733 -0.3171 -0.2167 0.2410 0.1116 -0.3413 -0.3537 -0.2790 -0.1297 0.2274 -0.0213 -0.3749 -0.3220 -0.2267 0.1979 0.1263 -0.3186 -0.3579 -0.2859 -0.1506 0.2480 0.0211 -0.3768 -0.3312 -0.2476 0.0423 0.1632 -0.2199 -0.3670 -0.3036 -0.1937 0.2738 0.0913 -0.3562 -0.3513 -0.2779 -0.1332 0.2365 -0.0001
0.2394 -0.1401 -0.2802 -0.3529 -0.3509 0.0971 0.2706 -0.1976 -0.3054 -0.3678 -0.2073 0.1666 0.0313 -0.2487 -0.3315 -0.3768 0.0199 0.2466 -0.1485 -0.2848 -0.3570 -0.3248 0.1222 0.2138 -0.2233 -0.3202 -0.3743 -0.0349 0.2215 -0.1221 -0.2767 -0.3521 -0.3480 0.1058 0.2529 -0.2125 -0.3150 -0.3726 -0.0753 0.2074 -0.1013 -0.2712 -0.3481 -0.3603 0.0917 0.2704 -0.2020 -0.3095 -0.3709 -0.1801 0.0907 -0.1801 -0.3709 -0.3095 -0.2020 0.2704 0.0917 -0.3603 -0.3481 -0.2712 -0.1013 0.2074 -0.0753 -0.3726 -0.3150 -0.2125 0.2529 0.1058 -0.3480 -0.3521 -0.2767 -0.1221 0.2215 -0.0349 -0.3743 -0.3202 -0.2233 0.2138 0.1222 -0.3248 -0.3570 -0.2848 -0.1485 0.2466 0.0199 -0.3768 -0.3315 -0.2487 0.0313 0.1666 -0.2073 -0.3678 -0.3054 -0.1976 0.2706 0.0971 -0.3509 -0.3529 -0.2802 -0.1401 0.2394
-0.1411 -0.2825 -0.3544 -0.3447 0.1029 0.2654 -0.2018 -0.3075 -0.3687 -0.1906 0.1712 0.0150 -0.2508 -0.3322 -0.3768 0.0211 0.2466 -0.1478 -0.2843 -0.3565 -0.3288 0.1190 0.2251 -0.2203 -0.3186 -0.3737 -0.0485 0.2160 -0.1143 -0.2744 -0.3505 -0.3537 0.1000 0.2619 -0.2083 -0.3128 -0.3718 -0.0950 0.2015 -0.0908 -0.2688 -0.3464 -0.3642 0.0857 0.2737 -0.1978 -0.3075 -0.3697 -0.1595 0.1673 0.2720 0.1673 -0.1595 -0.3697 -0.3075 -0.1978 0.2737 0.0857 -0.3642 -0.3464 -0.2688 -0.0908 0.2015 -0.0950 -0.3718 -0.3128 -0.2083 0.2619 0.1000 -0.3537 -0.3505 -0.2744 -0.1143 0.2160 -0.0485 -0.3737 -0.3186 -0.2203 0.2251 0.1190 -0.3288 -0.3565 -0.2843 -0.1478 0.2466 0.0211 -0.3768 -0.3322 -0.2508 0.0150 0.1712 -0.1906 -0.3687 -0.3075 -0.2018 0.2654 0.1029 -0.3447 -0.3544 -0.2825 -0.1411
-0.2676 -0.3560 -0.3376 0.1087 0.2577 -0.2061 -0.3096 -0.3696 -0.1705 0.1763 -0.0040 -0.2535 -0.3334 -0.3768 0.0245 0.2480 -0.1485 -0.2843 -0.3563 -0.3309 0.1171 0.2321 -0.2181 -0.3173 -0.3732 -0.0612 0.2113 -0.1067 -0.2723 -0.3489 -0.3584 0.0942 0.2683 -0.2040 -0.3107 -0.3710 -0.1161 0.1957 -0.0791 -0.2665 -0.3447 -0.3675 0.0797 0.2753 -0.1934 -0.3054 -0.3687 -0.1726 0.1783 0.0164 -0.2018 0.0164 0.1783 -0.1726 -0.3687 -0.3054 -0.1934 0.2753 0.0797 -0.3675 -0.3447 -0.2665 -0.0791 0.1957 -0.1161 -0.3710 -0.3107 -0.2040 0.2683 0.0942 -0.3584 -0.3489 -0.2723 -0.1067 0.2113 -0.0612 -0.3732 -0.3173 -0.2181 0.2321 0.1171 -0.3309 -0.3563 -0.2843 -0.1485 0.2480 0.0245 -0.3768 -0.3334 -0.2535 -0.0040 0.1763 -0.1705 -0.3696 -0.3096 -0.2061 0.2577 0.1087 -0.3376 -0.3560 -0.2676
-0.3427 -0.3294 0.1145 0.2473 -0.2104 -0.3118 -0.3705 -0.1485 0.1817 -0.0239 -0.2560 -0.3349 -0.3767 0.0296 0.2506 -0.1506 -0.2848 -0.3565 -0.3309 0.1164 0.2355 -0.2167 -0.3164 -0.3728 -0.0723 0.2072 -0.0995 -0.2704 -0.3474 -0.3622 0.0887 0.2724 -0.1997 -0.3085 -0.3701 -0.1380 0.1900 -0.0658 -0.2641 -0.3429 -0.3701 0.0734 0.2753 -0.1889 -0.3032 -0.3677 -0.1924 0.1755 -0.0124 -0.2511 -0.3045 -0.2511 -0.0124 0.1755 -0.1924 -0.3677 -0.3032 -0.1889 0.2753 0.0734 -0.3701 -0.3429 -0.2641 -0.0658 0.1900 -0.1380 -0.3701 -0.3085 -0.1997 0.2724 0.0887 -0.3622 -0.3474 -0.2704 -0.0995 0.2072 -0.0723 -0.3728 -0.3164 -0.2167 0.2355 0.1164 -0.3309 -0.3565 -0.2848 -0.1506 0.2506 0.0296 -0.3767 -0.3349 -0.2560 -0.0239 0.1817 -0.1485 -0.3705 -0.3118 -0.2104 0.2473 0.1145 -0.3294 -0.3427
-0.3200 0.1204 0.2338 -0.2146 -0.3139 -0.3714 -0.1262 0.1873 -0.0427 -0.2583 -0.3366 -0.3763 0.0360 0.2542 -0.1539 -0.2859 -0.3570 -0.3288 0.1171 0.2355 -0.2162 -0.3159 -0.3726 -0.0806 0.2041 -0.0932 -0.2689 -0.3462 -0.3651 0.0836 0.2746 -0.1957 -0.3064 -0.3692 -0.1598 0.1843 -0.0505 -0.2618 -0.3411 -0.3723 0.0670 0.2741 -0.1843 -0.3010 -0.3666 -0.2127 0.1699 0.0010 -0.2546 -0.3344 -0.3780 -0.3344 -0.2546 0.0010 0.1699 -0.2127 -0.3666 -0.3010 -0.1843 0.2741 0.0670 -0.3723 -0.3411 -0.2618 -0.0505 0.1843 -0.1598 -0.3692 -0.3064 -0.1957 0.2746 0.0836 -0.3651 -0.3462 -0.2689 -0.0932 0.2041 -0.0806 -0.3726 -0.3159 -0.2162 0.2355 0.1171 -0.3288 -0.3570 -0.2859 -0.1539 0.2542 0.0360 -0.3763 -0.3366 -0.2583 -0.0427 0.1873 -0.1262 -0.3714 -0.3139 -0.2146 0.2338 0.1204 -0.3200
0.1222 0.2171 -0.2188 -0.3161 -0.3722 -0.1046 0.1931 -0.0592 -0.2607 -0.3384 -0.3756 0.0430 0.2584 -0.1581 -0.2873 -0.3579 -0.3248 0.1190 0.2321 -0.2167 -0.3159 -0.3725 -0.0848 0.2022 -0.0886 -0.2677 -0.3451 -0.3672 0.0791 0.2754 -0.1920 -0.3045 -0.3683 -0.1807 0.1789 -0.0332 -0.2594 -0.3393 -0.3739 0.0603 0.2717 -0.1796 -0.2988 -0.3655 -0.2322 0.1634 0.0242 -0.2524 -0.3341 -0.3802 -0.2266 -0.3802 -0.3341 -0.2524 0.0242 0.1634 -0.2322 -0.3655 -0.2988 -0.1796 0.2717 0.0603 -0.3739 -0.3393 -0.2594 -0.0332 0.1789 -0.1807 -0.3683 -0.3045 -0.1920 0.2754 0.0791 -0.3672 -0.3451 -0.2677 -0.0886 0.2022 -0.0848 -0.3725 -0.3159 -0.2167 0.2321 0.1190 -0.3248 -0.3579 -0.2873 -0.1581 0.2584 0.0430 -0.3756 -0.3384 -0.2607 -0.0592 0.1931 -0.1046 -0.3722 -0.3161 -0.2188 0.2171 0.1222
0.1918 -0.2230 -0.3182 -0.3730 -0.0841 0.1989 -0.0734 -0.2631 -0.3403 -0.3745 0.0502 0.2628 -0.1628 -0.2891 -0.3589 -0.3186 0.1222 0.2251 -0.2181 -0.3164 -0.3726 -0.0848 0.2016 -0.0860 -0.2669 -0.3444 -0.3687 0.0754 0.2754 -0.1887 -0.3028 -0.3674 -0.1993 0.1737 -0.0141 -0.2571 -0.3375 -0.3752 0.0534 0.2685 -0.1748 -0.2965 -0.3643 -0.2503 0.1571 0.0519 -0.2485 -0.3326 -0.3767 0.0113 0.1518 0.0113 -0.3767 -0.3326 -0.2485 0.0519 0.1571 -0.2503 -0.3643 -0.2965 -0.1748 0.2685 0.0534 -0.3752 -0.3375 -0.2571 -0.0141 0.1737 -0.1993 -0.3674 -0.3028 -0.1887 0.2754 0.0754 -0.3687 -0.3444 -0.2669 -0.0860 0.2016 -0.0848 -0.3726 -0.3164 -0.2181 0.2251 0.1222 -0.3186 -0.3589 -0.2891 -0.1628 0.2628 0.0502 -0.3745 -0.3403 -0.2631 -0.0734 0.1989 -0.0841 -0.3730 -0.3182 -0.2230 0.1918
-0.2136 -0.3203 -0.3737 -0.0652 0.2048 -0.0859 -0.2655 -0.3421 -0.3730 0.0574 0.2669 -0.1678 -0.2912 -0.3600 -0.3103 0.1263 0.2138 -0.2203 -0.3173 -0.3728 -0.0806 0.2022 -0.0860 -0.2666 -0.3440 -0.3695 0.0728 0.2750 -0.1861 -0.3014 -0.3666 -0.2151 0.1686 0.0062 -0.2548 -0.3357 -0.3760 0.0464 0.2647 -0.1700 -0.2944 -0.3631 -0.2667 0.1509 0.0819 -0.2443 -0.3307 -0.3768 0.0210 0.2351 0.0935 0.2351 0.0210 -0.3768 -0.3307 -0.2443 0.0819 0.1509 -0.2667 -0.3631 -0.2944 -0.1700 0.2647 0.0464 -0.3760 -0.3357 -0.2548 0.0062 0.1686 -0.2151 -0.3666 -0.3014 -0.1861 0.2750 0.0728 -0.3695 -0.3440 -0.2666 -0.0860 0.2022 -0.0806 -0.3728 -0.3173 -0.2203 0.2138 0.1263 -0.3103 -0.3600 -0.2912 -0.1678 0.2669 0.0574 -0.3730 -0.3421 -0.2655 -0.0859 0.2048 -0.0652 -0.3737 -0.3203 -0.2136
-0.3061 -0.3744 -0.0480 0.2107 -0.0969 -0.2678 -0.3439 -0.3711 0.0643 0.2705 -0.1729 -0.2934 -0.3613 -0.2998 0.1312 0.1979 -0.2233 -0.3186 -0.3732 -0.0723 0.2041 -0.0886 -0.2669 -0.3440 -0.3698 0.0714 0.2746 -0.1842 -0.3003 -0.3660 -0.2279 0.1639 0.0260 -0.2519 -0.3340 -0.3765 0.0392 0.2605 -0.1651 -0.2922 -0.3619 -0.2813 0.1449 0.1120 -0.2402 -0.3287 -0.3766 0.0155 0.2441 -0.1342 -0.2416 -0.1342 0.2441 0.0155 -0.3766 -0.3287 -0.2402 0.1120 0.1449 -0.2813 -0.3619 -0.2922 -0.1651 0.2605 0.0392 -0.3765 -0.3340 -0.2519 0.0260 0.1639 -0.2279 -0.3660 -0.3003 -0.1842 0.2746 0.0714 -0.3698 -0.3440 -0.2669 -0.0886 0.2041 -0.0723 -0.3732 -0.3186 -0.2233 0.1979 0.1312 -0.2998 -0.3613 -0.2934 -0.1729 0.2705 0.0643 -0.3711 -0.3439 -0.2678 -0.0969 0.2107 -0.0480 -0.3744 -0.3061
-0.3630 -0.0323 0.2167 -0.1067 -0.2702 -0.3457 -0.3686 0.0708 0.2733 -0.1778 -0.2957 -0.3626 -0.2871 0.1367 0.1774 -0.2267 -0.3202 -0.3737 -0.0612 0.2072 -0.0932 -0.2677 -0.3444 -0.3695 0.0714 0.2744 -0.1832 -0.2995 -0.3655 -0.2371 0.1602 0.0438 -0.2490 -0.3326 -0.3768 0.0322 0.2560 -0.1602 -0.2901 -0.3606 -0.2943 0.1392 0.1406 -0.2362 -0.3268 -0.3762 0.0063 0.2407 -0.1418 -0.2786 -0.3304 -0.2786 -0.1418 0.2407 0.0063 -0.3762 -0.3268 -0.2362 0.1406 0.1392 -0.2943 -0.3606 -0.2901 -0.1602 0.2560 0.0322 -0.3768 -0.3326 -0.2490 0.0438 0.1602 -0.2371 -0.3655 -0.2995 -0.1832 0.2744 0.0714 -0.3695 -0.3444 -0.2677 -0.0932 0.2072 -0.0612 -0.3737 -0.3202 -0.2267 0.1774 0.1367 -0.2871 -0.3626 -0.2957 -0.1778 0.2733 0.0708 -0.3686 -0.3457 -0.2702 -0.1067 0.2167 -0.0323 -0.3630
-0.0290 0.2228 -0.1156 -0.2725 -0.3474 -0.3656 0.0772 0.2750 -0.1826 -0.2979 -0.3639 -0.2725 0.1426 0.1520 -0.2305 -0.3220 -0.3743 -0.0485 0.2113 -0.0995 -0.2689 -0.3451 -0.3687 0.0728 0.2746 -0.1832 -0.2993 -0.3652 -0.2428 0.1576 0.0581 -0.2466 -0.3313 -0.3768 0.0257 0.2518 -0.1555 -0.2881 -0.3594 -0.3058 0.1336 0.1667 -0.2323 -0.3248 -0.3757 -0.0043 0.2353 -0.1380 -0.2809 -0.3562 -0.3881 -0.3562 -0.2809 -0.1380 0.2353 -0.0043 -0.3757 -0.3248 -0.2323 0.1667 0.1336 -0.3058 -0.3594 -0.2881 -0.1555 0.2518 0.0257 -0.3768 -0.3313 -0.2466 0.0581 0.1576 -0.2428 -0.3652 -0.2993 -0.1832 0.2746 0.0728 -0.3687 -0.3451 -0.2689 -0.0995 0.2113 -0.0485 -0.3743 -0.3220 -0.2305 0.1520 0.1426 -0.2725 -0.3639 -0.2979 -0.1826 0.2750 0.0772 -0.3656 -0.3474 -0.2725 -0.1156 0.2228 -0.0290
0.2260 -0.1238 -0.2749 -0.3491 -0.3620 0.0834 0.2755 -0.1872 -0.3002 -0.3651 -0.2564 0.1487 0.1230 -0.2346 -0.3240 -0.3749 -0.0349 0.2160 -0.1067 -0.2704 -0.3462 -0.3672 0.0754 0.2750 -0.1842 -0.2995 -0.3652 -0.2448 0.1563 0.0675 -0.2449 -0.3304 -0.3768 0.0200 0.2480 -0.1513 -0.2863 -0.3582 -0.3154 0.1283 0.1895 -0.2284 -0.3229 -0.3752 -0.0160 0.2296 -0.1319 -0.2795 -0.3541 -0.3541 -0.0118 -0.3541 -0.3541 -0.2795 -0.1319 0.2296 -0.0160 -0.3752 -0.3229 -0.2284 0.1895 0.1283 -0.3154 -0.3582 -0.2863 -0.1513 0.2480 0.0200 -0.3768 -0.3304 -0.2449 0.0675 0.1563 -0.2448 -0.3652 -0.2995 -0.1842 0.2750 0.0754 -0.3672 -0.3462 -0.2704 -0.1067 0.2160 -0.0349 -0.3749 -0.3240 -0.2346 0.1230 0.1487 -0.2564 -0.3651 -0.3002 -0.1872 0.2755 0.0834 -0.3620 -0.3491 -0.2749 -0.1238 0.2260
-0.1267 -0.2772 -0.3508 -0.3576 0.0894 0.2745 -0.1918 -0.3024 -0.3662 -0.2387 0.1549 0.0923 -0.2388 -0.3261 -0.3755 -0.0213 0.2215 -0.1143 -0.2723 -0.3474 -0.3651 0.0791 0.2754 -0.1861 -0.3003 -0.3655 -0.2428 0.1563 0.0708 -0.2440 -0.3298 -0.3767 0.0154 0.2449 -0.1476 -0.2848 -0.3572 -0.3231 0.1236 0.2081 -0.2246 -0.3210 -0.3746 -0.0288 0.2240 -0.1250 -0.2774 -0.3526 -0.3492 0.0914 0.2179 0.0914 -0.3492 -0.3526 -0.2774 -0.1250 0.2240 -0.0288 -0.3746 -0.3210 -0.2246 0.2081 0.1236 -0.3231 -0.3572 -0.2848 -0.1476 0.2449 0.0154 -0.3767 -0.3298 -0.2440 0.0708 0.1563 -0.2428 -0.3655 -0.3003 -0.1861 0.2754 0.0791 -0.3651 -0.3474 -0.2723 -0.1143 0.2215 -0.0213 -0.3755 -0.3261 -0.2388 0.0923 0.1549 -0.2387 -0.3662 -0.3024 -0.1918 0.2745 0.0894 -0.3576 -0.3508 -0.2772 -0.1267
-0.2622 -0.3524 -0.3525 0.0954 0.2718 -0.1962 -0.3046 -0.3673 -0.2195 0.1614 0.0616 -0.2430 -0.3281 -0.3761 -0.0085 0.2274 -0.1221 -0.2744 -0.3489 -0.3622 0.0836 0.2754 -0.1887 -0.3014 -0.3660 -0.2371 0.1576 0.0675 -0.2440 -0.3296 -0.3767 0.0124 0.2426 -0.1447 -0.2835 -0.3563 -0.3293 0.1194 0.2224 -0.2212 -0.3192 -0.3740 -0.0427 0.2184 -0.1176 -0.2753 -0.3511 -0.3525 0.0983 0.2744 -0.1166 0.2744 0.0983 -0.3525 -0.3511 -0.2753 -0.1176 0.2184 -0.0427 -0.3740 -0.3192 -0.2212 0.2224 0.1194 -0.3293 -0.3563 -0.2835 -0.1447 0.2426 0.0124 -0.3767 -0.3296 -0.2440 0.0675 0.1576 -0.2371 -0.3660 -0.3014 -0.1887 0.2754 0.0836 -0.3622 -0.3489 -0.2744 -0.1221 0.2274 -0.0085 -0.3761 -0.3281 -0.2430 0.0616 0.1614 -0.2195 -0.3673 -0.3046 -0.1962 0.2718 0.0954 -0.3525 -0.3524 -0.2622
-0.3390 -0.3466 0.1012 0.2671 -0.2006 -0.3068 -0.3684 -0.1990 0.1679 0.0324 -0.2472 -0.3301 -0.3765 0.0031 0.2335 -0.1297 -0.2767 -0.3505 -0.3584 0.0887 0.2746 -0.1920 -0.3028 -0.3666 -0.2279 0.1602 0.0581 -0.2449 -0.3298 -0.3767 0.0113 0.2414 -0.1428 -0.2826 -0.3556 -0.3338 0.1159 0.2332 -0.2183 -0.3176 -0.3734 -0.0568 0.2131 -0.1097 -0.2732 -0.3495 -0.3568 0.0955 0.2695 -0.1944 -0.2723 -0.1944 0.2695 0.0955 -0.3568 -0.3495 -0.2732 -0.1097 0.2131 -0.0568 -0.3734 -0.3176 -0.2183 0.2332 0.1159 -0.3338 -0.3556 -0.2826 -0.1428 0.2414 0.0113 -0.3767 -0.3298 -0.2449 0.0581 0.1602 -0.2279 -0.3666 -0.3028 -0.1920 0.2746 0.0887 -0.3584 -0.3505 -0.2767 -0.1297 0.2335 0.0031 -0.3765 -0.3301 -0.2472 0.0324 0.1679 -0.1990 -0.3684 -0.3068 -0.2006 0.2671 0.1012 -0.3466 -0.3390
-0.3371 0.1071 0.2602 -0.2049 -0.3090 -0.3693 -0.1774 0.1742 0.0059 -0.2515 -0.3321 -0.3768 0.0136 0.2395 -0.1367 -0.2790 -0.3521 -0.3537 0.0942 0.2724 -0.1957 -0.3045 -0.3674 -0.2151 0.1639 0.0438 -0.2466 -0.3304 -0.3767 0.0124 0.2414 -0.1421 -0.2822 -0.3551 -0.3369 0.1132 0.2409 -0.2158 -0.3162 -0.3729 -0.0704 0.2082 -0.1017 -0.2711 -0.3480 -0.3609 0.0906 0.2716 -0.1990 -0.3048 -0.3545 -0.3048 -0.1990 0.2716 0.0906 -0.3609 -0.3480 -0.2711 -0.1017 0.2082 -0.0704 -0.3729 -0.3162 -0.2158 0.2409 0.1132 -0.3369 -0.3551 -0.2822 -0.1421 0.2414 0.0124 -0.3767 -0.3304 -0.2466 0.0438 0.1639 -0.2151 -0.3674 -0.3045 -0.1957 0.2724 0.0942 -0.3537 -0.3521 -0.2790 -0.1367 0.2395 0.0136 -0.3768 -0.3321 -0.2515 0.0059 0.1742 -0.1774 -0.3693 -0.3090 -0.2049 0.2602 0.1071 -0.3371
0.1087 0.2505 -0.2092 -0.3111 -0.3703 -0.1551 0.1800 -0.0173 -0.2550 -0.3340 -0.3768 0.0232 0.2454 -0.1433 -0.2813 -0.3537 -0.3480 0.1000 0.2683 -0.1997 -0.3064 -0.3683 -0.1993 0.1686 0.0260 -0.2490 -0.3313 -0.3768 0.0154 0.2426 -0.1428 -0.2822 -0.3550 -0.3384 0.1115 0.2457 -0.2138 -0.3151 -0.3724 -0.0827 0.2041 -0.0940 -0.2692 -0.3465 -0.3642 0.0854 0.2740 -0.1967 -0.3063 -0.3730 -0.3722 -0.3730 -0.3063 -0.1967 0.2740 0.0854 -0.3642 -0.3465 -0.2692 -0.0940 0.2041 -0.0827 -0.3724 -0.3151 -0.2138 0.2457 0.1115 -0.3384 -0.3550 -0.2822 -0.1428 0.2426 0.0154 -0.3768 -0.3313 -0.2490 0.0260 0.1686 -0.1993 -0.3683 -0.3064 -0.1997 0.2683 0.1000 -0.3480 -0.3537 -0.2813 -0.1433 0.2454 0.0232 -0.3768 -0.3340 -0.2550 -0.0173 0.1800 -0.1551 -0.3703 -0.3111 -0.2092 0.2505 0.1087
0.2328 -0.2134 -0.3133 -0.3712 -0.1328 0.1856 -0.0373 -0.2576 -0.3360 -0.3765 0.0321 0.2510 -0.1495 -0.2836 -0.3552 -0.3413 0.1058 0.2619 -0.2040 -0.3085 -0.3692 -0.1807 0.1737 0.0062 -0.2519 -0.3326 -0.3768 0.0200 0.2449 -0.1447 -0.2826 -0.3551 -0.3384 0.1109 0.2481 -0.2126 -0.3143 -0.3721 -0.0930 0.2007 -0.0870 -0.2676 -0.3453 -0.3668 0.0804 0.2753 -0.1932 -0.3050 -0.3689 -0.2249 0.0783 -0.2249 -0.3689 -0.3050 -0.1932 0.2753 0.0804 -0.3668 -0.3453 -0.2676 -0.0870 0.2007 -0.0930 -0.3721 -0.3143 -0.2126 0.2481 0.1109 -0.3384 -0.3551 -0.2826 -0.1447 0.2449 0.0200 -0.3768 -0.3326 -0.2519 0.0062 0.1737 -0.1807 -0.3692 -0.3085 -0.2040 0.2619 0.1058 -0.3413 -0.3552 -0.2836 -0.1495 0.2510 0.0321 -0.3765 -0.3360 -0.2576 -0.0373 0.1856 -0.1328 -0.3712 -0.3133 -0.2134 0.2328
-0.2055 -0.3155 -0.3720 -0.1109 0.1914 -0.0545 -0.2600 -0.3379 -0.3759 0.0403 0.2564 -0.1553 -0.2859 -0.3567 -0.3337 0.1116 0.2529 -0.2083 -0.3107 -0.3701 -0.1598 0.1789 -0.0141 -0.2548 -0.3340 -0.3768 0.0257 0.2480 -0.1476 -0.2835 -0.3556 -0.3369 0.1115 0.2481 -0.2122 -0.3139 -0.3718 -0.1006 0.1982 -0.0810 -0.2663 -0.3441 -0.3688 0.0758 0.2754 -0.1896 -0.3033 -0.3677 -0.2044 0.1546 0.2719 0.1546 -0.2044 -0.3677 -0.3033 -0.1896 0.2754 0.0758 -0.3688 -0.3441 -0.2663 -0.0810 0.1982 -0.1006 -0.3718 -0.3139 -0.2122 0.2481 0.1115 -0.3369 -0.3556 -0.2835 -0.1476 0.2480 0.0257 -0.3768 -0.3340 -0.2548 -0.0141 0.1789 -0.1598 -0.3701 -0.3107 -0.2083 0.2529 0.1116 -0.3337 -0.3567 -0.2859 -0.1553 0.2564 0.0403 -0.3759 -0.3379 -0.2600 -0.0545 0.1914 -0.1109 -0.3720 -0.3155 -0.2055
-0.3011 -0.3728 -0.0901 0.1972 -0.0694 -0.2624 -0.3397 -0.3749 0.0480 0.2613 -0.1609 -0.2882 -0.3582 -0.3249 0.1174 0.2410 -0.2125 -0.3128 -0.3710 -0.1380 0.1843 -0.0332 -0.2571 -0.3357 -0.3765 0.0322 0.2518 -0.1513 -0.2848 -0.3563 -0.3338 0.1132 0.2457 -0.2126 -0.3139 -0.3718 -0.1048 0.1965 -0.0763 -0.2652 -0.3432 -0.3702 0.0718 0.2749 -0.1863 -0.3016 -0.3668 -0.2134 0.1653 0.0760 -0.1909 0.0760 0.1653 -0.2134 -0.3668 -0.3016 -0.1863 0.2749 0.0718 -0.3702 -0.3432 -0.2652 -0.0763 0.1965 -0.1048 -0.3718 -0.3139 -0.2126 0.2457 0.1132 -0.3338 -0.3563 -0.2848 -0.1513 0.2518 0.0322 -0.3765 -0.3357 -0.2571 -0.0332 0.1843 -0.1380 -0.3710 -0.3128 -0.2125 0.2410 0.1174 -0.3249 -0.3582 -0.2882 -0.1609 0.2613 0.0480 -0.3749 -0.3397 -0.2624 -0.0694 0.1972 -0.0901 -0.3728 -0.3011
-0.3610 -0.0706 0.2030 -0.0824 -0.2647 -0.3416 -0.3735 0.0553 0.2658 -0.1663 -0.2905 -0.3596 -0.3150 0.1231 0.2260 -0.2167 -0.3150 -0.3718 -0.1161 0.1900 -0.0505 -0.2594 -0.3375 -0.3760 0.0392 0.2560 -0.1555 -0.2863 -0.3572 -0.3293 0.1159 0.2409 -0.2138 -0.3143 -0.3718 -0.1048 0.1959 -0.0738 -0.2646 -0.3426 -0.3712 0.0686 0.2741 -0.1834 -0.3002 -0.3660 -0.2265 0.1638 0.0357 -0.2431 -0.2997 -0.2431 0.0357 0.1638 -0.2265 -0.3660 -0.3002 -0.1834 0.2741 0.0686 -0.3712 -0.3426 -0.2646 -0.0738 0.1959 -0.1048 -0.3718 -0.3143 -0.2138 0.2409 0.1159 -0.3293 -0.3572 -0.2863 -0.1555 0.2560 0.0392 -0.3760 -0.3375 -0.2594 -0.0505 0.1900 -0.1161 -0.3718 -0.3150 -0.2167 0.2260 0.1231 -0.3150 -0.3596 -0.2905 -0.1663 0.2658 0.0553 -0.3735 -0.3416 -0.2647 -0.0824 0.2030 -0.0706 -0.3610
-0.0657 0.2091 -0.0938 -0.2671 -0.3434 -0.3717 0.0623 0.2695 -0.1714 -0.2928 -0.3609 -0.3037 0.1290 0.2076 -0.2209 -0.3171 -0.3726 -0.0950 0.1957 -0.0658 -0.2618 -0.3393 -0.3752 0.0464 0.2605 -0.1602 -0.2881 -0.3582 -0.3231 0.1194 0.2332 -0.2158 -0.3151 -0.3721 -0.1006 0.1965 -0.0738 -0.2643 -0.3422 -0.3718 0.0662 0.2732 -0.1810 -0.2989 -0.3653 -0.2385 0.1601 0.0450 -0.2476 -0.3304 -0.3751 -0.3304 -0.2476 0.0450 0.1601 -0.2385 -0.3653 -0.2989 -0.1810 0.2732 0.0662 -0.3718 -0.3422 -0.2643 -0.0738 0.1965 -0.1006 -0.3721 -0.3151 -0.2158 0.2332 0.1194 -0.3231 -0.3582 -0.2881 -0.1602 0.2605 0.0464 -0.3752 -0.3393 -0.2618 -0.0658 0.1957 -0.0950 -0.3726 -0.3171 -0.2209 0.2076 0.1290 -0.3037 -0.3609 -0.2928 -0.1714 0.2695 0.0623 -0.3717 -0.3434 -0.2671 -0.0938 0.2091 -0.0657
0.2123 -0.1040 -0.2695 -0.3452 -0.3694 0.0689 0.2725 -0.1764 -0.2950 -0.3623 -0.2911 0.1348 0.1857 -0.2250 -0.3192 -0.3733 -0.0753 0.2015 -0.0791 -0.2641 -0.3411 -0.3739 0.0534 0.2647 -0.1651 -0.2901 -0.3594 -0.3154 0.1236 0.2224 -0.2183 -0.3162 -0.3724 -0.0930 0.1982 -0.0763 -0.2646 -0.3422 -0.3720 0.0649 0.2725 -0.1793 -0.2979 -0.3647 -0.2484 0.1564 0.0616 -0.2461 -0.3309 -0.3804 -0.2599 -0.3804 -0.3309 -0.2461 0.0616 0.1564 -0.2484 -0.3647 -0.2979 -0.1793 0.2725 0.0649 -0.3720 -0.3422 -0.2646 -0.0763 0.1982 -0.0930 -0.3724 -0.3162 -0.2183 0.2224 0.1236 -0.3154 -0.3594 -0.2901 -0.1651 0.2647 0.0534 -0.3739 -0.3411 -0.2641 -0.0791 0.2015 -0.0753 -0.3733 -0.3192 -0.2250 0.1857 0.1348 -0.2911 -0.3623 -0.2950 -0.1764 0.2725 0.0689 -0.3694 -0.3452 -0.2695 -0.1040 0.2123
-0.1094 -0.2718 -0.3469 -0.3665 0.0753 0.2746 -0.1812 -0.2973 -0.3635 -0.2770 0.1408 0.1605 -0.2291 -0.3213 -0.3740 -0.0572 0.2074 -0.0908 -0.2665 -0.3429 -0.3723 0.0603 0.2685 -0.1700 -0.2922 -0.3606 -0.3058 0.1283 0.2081 -0.2212 -0.3176 -0.3729 -0.0827 0.2007 -0.0810 -0.2652 -0.3426 -0.3718 0.0649 0.2722 -0.1784 -0.2973 -0.3643 -0.2559 0.1533 0.0777 -0.2439 -0.3300 -0.3766 -0.0059 0.1424 -0.0059 -0.3766 -0.3300 -0.2439 0.0777 0.1533 -0.2559 -0.3643 -0.2973 -0.1784 0.2722 0.0649 -0.3718 -0.3426 -0.2652 -0.0810 0.2007 -0.0827 -0.3729 -0.3176 -0.2212 0.2081 0.1283 -0.3058 -0.3606 -0.2922 -0.1700 0.2685 0.0603 -0.3723 -0.3429 -0.2665 -0.0908 0.2074 -0.0572 -0.3740 -0.3213 -0.2291 0.1605 0.1408 -0.2770 -0.3635 -0.2973 -0.1812 0.2746 0.0753 -0.3665 -0.3469 -0.2718 -0.1094
-0.2567 -0.3487 -0.3631 0.0816 0.2755 -0.1858 -0.2995 -0.3647 -0.2614 0.1468 0.1325 -0.2333 -0.3233 -0.3747 -0.0409 0.2133 -0.1013 -0.2688 -0.3447 -0.3701 0.0670 0.2717 -0.1748 -0.2944 -0.3619 -0.2943 0.1336 0.1895 -0.2246 -0.3192 -0.3734 -0.0704 0.2041 -0.0870 -0.2663 -0.3432 -0.3712 0.0662 0.2725 -0.1784 -0.2971 -0.3641 -0.2604 0.1512 0.0906 -0.2420 -0.3291 -0.3766 0.0087 0.2259 0.1378 0.2259 0.0087 -0.3766 -0.3291 -0.2420 0.0906 0.1512 -0.2604 -0.3641 -0.2971 -0.1784 0.2725 0.0662 -0.3712 -0.3432 -0.2663 -0.0870 0.2041 -0.0704 -0.3734 -0.3192 -0.2246 0.1895 0.1336 -0.2943 -0.3619 -0.2944 -0.1748 0.2717 0.0670 -0.3701 -0.3447 -0.2688 -0.1013 0.2133 -0.0409 -0.3747 -0.3233 -0.2333 0.1325 0.1468 -0.2614 -0.3647 -0.2995 -0.1858 0.2755 0.0816 -0.3631 -0.3487 -0.2567
-0.3351 -0.3590 0.0877 0.2749 -0.1904 -0.3017 -0.3659 -0.2443 0.1530 0.1023 -0.2374 -0.3254 -0.3753 -0.0261 0.2193 -0.1107 -0.2712 -0.3464 -0.3675 0.0734 0.2741 -0.1796 -0.2965 -0.3631 -0.2813 0.1392 0.1667 -0.2284 -0.3210 -0.3740 -0.0568 0.2082 -0.0940 -0.2676 -0.3441 -0.3702 0.0686 0.2732 -0.1793 -0.2973 -0.3641 -0.2619 0.1500 0.0989 -0.2406 -0.3282 -0.3765 0.0075 0.2381 -0.1255 -0.2371 -0.1255 0.2381 0.0075 -0.3765 -0.3282 -0.2406 0.0989 0.1500 -0.2619 -0.3641 -0.2973 -0.1793 0.2732 0.0686 -0.3702 -0.3441 -0.2676 -0.0940 0.2082 -0.0568 -0.3740 -0.3210 -0.2284 0.1667 0.1392 -0.2813 -0.3631 -0.2965 -0.1796 0.2741 0.0734 -0.3675 -0.3464 -0.2712 -0.1107 0.2193 -0.0261 -0.3753 -0.3254 -0.2374 0.1023 0.1530 -0.2443 -0.3659 -0.3017 -0.1904 0.2749 0.0877 -0.3590 -0.3351
-0.3493 0.0937 0.2728 -0.1949 -0.3039 -0.3670 -0.2257 0.1593 0.0715 -0.2416 -0.3274 -0.3759 -0.0128 0.2253 -0.1191 -0.2735 -0.3481 -0.3642 0.0797 0.2753 -0.1843 -0.2988 -0.3643 -0.2667 0.1449 0.1406 -0.2323 -0.3229 -0.3746 -0.0427 0.2131 -0.1017 -0.2692 -0.3453 -0.3688 0.0718 0.2741 -0.1810 -0.2979 -0.3643 -0.2604 0.1500 0.1017 -0.2398 -0.3277 -0.3763 0.0041 0.2377 -0.1369 -0.2763 -0.3280 -0.2763 -0.1369 0.2377 0.0041 -0.3763 -0.3277 -0.2398 0.1017 0.1500 -0.2604 -0.3643 -0.2979 -0.1810 0.2741 0.0718 -0.3688 -0.3453 -0.2692 -0.1017 0.2131 -0.0427 -0.3746 -0.3229 -0.2323 0.1406 0.1449 -0.2667 -0.3643 -0.2988 -0.1843 0.2753 0.0797 -0.3642 -0.3481 -0.2735 -0.1191 0.2253 -0.0128 -0.3759 -0.3274 -0.2416 0.0715 0.1593 -0.2257 -0.3670 -0.3039 -0.1949 0.2728 0.0937 -0.3493
0.0950 0.2687 -0.1993 -0.3061 -0.3681 -0.2057 0.1657 0.0417 -0.2458 -0.3294 -0.3764 -0.0009 0.2313 -0.1269 -0.2758 -0.3498 -0.3603 0.0857 0.2753 -0.1889 -0.3010 -0.3655 -0.2503 0.1509 0.1120 -0.2362 -0.3248 -0.3752 -0.0288 0.2184 -0.1097 -0.2711 -0.3465 -0.3668 0.0758 0.2749 -0.1834 -0.2989 -0.3647 -0.2559 0.1512 0.0989 -0.2398 -0.3275 -0.3762 0.0015 0.2362 -0.1369 -0.2798 -0.3549 -0.3878 -0.3549 -0.2798 -0.1369 0.2362 0.0015 -0.3762 -0.3275 -0.2398 0.0989 0.1512 -0.2559 -0.3647 -0.2989 -0.1834 0.2749 0.0758 -0.3668 -0.3465 -0.2711 -0.1097 0.2184 -0.0288 -0.3752 -0.3248 -0.2362 0.1120 0.1509 -0.2503 -0.3655 -0.3010 -0.1889 0.2753 0.0857 -0.3603 -0.3498 -0.2758 -0.1269 0.2313 -0.0009 -0.3764 -0.3294 -0.2458 0.0417 0.1657 -0.2057 -0.3681 -0.3061 -0.1993 0.2687 0.0950
0.2574 -0.2036 -0.3083 -0.3690 -0.1845 0.1722 0.0145 -0.2500 -0.3314 -0.3767 0.0099 0.2373 -0.1341 -0.2781 -0.3514 -0.3558 0.0917 0.2737 -0.1934 -0.3032 -0.3666 -0.2322 0.1571 0.0819 -0.2402 -0.3268 -0.3757 -0.0160 0.2240 -0.1176 -0.2732 -0.3480 -0.3642 0.0804 0.2754 -0.1863 -0.3002 -0.3653 -0.2484 0.1533 0.0906 -0.2406 -0.3277 -0.3762 0.0006 0.2353 -0.1358 -0.2800 -0.3539 -0.3560 -0.0181 -0.3560 -0.3539 -0.2800 -0.1358 0.2353 0.0006 -0.3762 -0.3277 -0.2406 0.0906 0.1533 -0.2484 -0.3653 -0.3002 -0.1863 0.2754 0.0804 -0.3642 -0.3480 -0.2732 -0.1176 0.2240 -0.0160 -0.3757 -0.3268 -0.2402 0.0819 0.1571 -0.2322 -0.3666 -0.3032 -0.1934 0.2737 0.0917 -0.3558 -0.3514 -0.2781 -0.1341 0.2373 0.0099 -0.3767 -0.3314 -0.2500 0.0145 0.1722 -0.1845 -0.3690 -0.3083 -0.2036 0.2574
-0.1970 -0.3105 -0.3700 -0.1625 0.1780 -0.0095 -0.2538 -0.3333 -0.3768 0.0197 0.2432 -0.1408 -0.2804 -0.3530 -0.3504 0.0975 0.2704 -0.1978 -0.3054 -0.3677 -0.2127 0.1634 0.0519 -0.2443 -0.3287 -0.3762 -0.0043 0.2296 -0.1250 -0.2753 -0.3495 -0.3609 0.0854 0.2753 -0.1896 -0.3016 -0.3660 -0.2385 0.1564 0.0777 -0.2420 -0.3282 -0.3763 0.0015 0.2353 -0.1353 -0.2797 -0.3535 -0.3476 0.0913 0.2170 0.0913 -0.3476 -0.3535 -0.2797 -0.1353 0.2353 0.0015 -0.3763 -0.3282 -0.2420 0.0777 0.1564 -0.2385 -0.3660 -0.3016 -0.1896 0.2753 0.0854 -0.3609 -0.3495 -0.2753 -0.1250 0.2296 -0.0043 -0.3762 -0.3287 -0.2443 0.0519 0.1634 -0.2127 -0.3677 -0.3054 -0.1978 0.2704 0.0975 -0.3504 -0.3530 -0.2804 -0.1408 0.2432 0.0197 -0.3768 -0.3333 -0.2538 -0.0095 0.1780 -0.1625 -0.3700 -0.3105 -0.1970
-0.2960 -0.3709 -0.1406 0.1836 -0.0302 -0.2567 -0.3353 -0.3766 0.0286 0.2488 -0.1470 -0.2827 -0.3546 -0.3443 0.1032 0.2651 -0.2020 -0.3075 -0.3687 -0.1924 0.1699 0.0242 -0.2485 -0.3307 -0.3766 0.0063 0.2353 -0.1319 -0.2774 -0.3511 -0.3568 0.0906 0.2740 -0.1932 -0.3033 -0.3668 -0.2265 0.1601 0.0616 -0.2439 -0.3291 -0.3765 0.0041 0.2362 -0.1358 -0.2797 -0.3534 -0.3464 0.1021 0.2735 -0.1182 0.2735 0.1021 -0.3464 -0.3534 -0.2797 -0.1358 0.2362 0.0041 -0.3765 -0.3291 -0.2439 0.0616 0.1601 -0.2265 -0.3668 -0.3033 -0.1932 0.2740 0.0906 -0.3568 -0.3511 -0.2774 -0.1319 0.2353 0.0063 -0.3766 -0.3307 -0.2485 0.0242 0.1699 -0.1924 -0.3687 -0.3075 -0.2020 0.2651 0.1032 -0.3443 -0.3546 -0.2827 -0.1470 0.2488 0.0286 -0.3766 -0.3353 -0.2567 -0.0302 0.1836 -0.1406 -0.3709 -0.2960
-0.3588 -0.1206 0.1888 -0.0468 -0.2588 -0.3371 -0.3762 0.0363 0.2537 -0.1524 -0.2848 -0.3561 -0.3378 0.1084 0.2581 -0.2060 -0.3095 -0.3697 -0.1726 0.1755 0.0010 -0.2524 -0.3326 -0.3768 0.0155 0.2407 -0.1380 -0.2795 -0.3526 -0.3525 0.0955 0.2716 -0.1967 -0.3050 -0.3677 -0.2134 0.1638 0.0450 -0.2461 -0.3300 -0.3766 0.0075 0.2377 -0.1369 -0.2800 -0.3535 -0.3464 0.1036 0.2636 -0.1974 -0.2735 -0.1974 0.2636 0.1036 -0.3464 -0.3535 -0.2800 -0.1369 0.2377 0.0075 -0.3766 -0.3300 -0.2461 0.0450 0.1638 -0.2134 -0.3677 -0.3050 -0.1967 0.2716 0.0955 -0.3525 -0.3526 -0.2795 -0.1380 0.2407 0.0155 -0.3768 -0.3326 -0.2524 0.0010 0.1755 -0.1726 -0.3697 -0.3095 -0.2060 0.2581 0.1084 -0.3378 -0.3561 -0.2848 -0.1524 0.2537 0.0363 -0.3762 -0.3371 -0.2588 -0.0468 0.1888 -0.1206 -0.3588
-0.1234 0.1921 -0.0561 -0.2602 -0.3387 -0.3757 0.0409 0.2568 -0.1558 -0.2862 -0.3577 -0.3330 0.1113 0.2527 -0.2086 -0.3111 -0.3709 -0.1595 0.1783 -0.0124 -0.2546 -0.3341 -0.3767 0.0210 0.2441 -0.1418 -0.2809 -0.3541 -0.3492 0.0983 0.2695 -0.1990 -0.3063 -0.3689 -0.2044 0.1653 0.0357 -0.2476 -0.3309 -0.3766 0.0087 0.2381 -0.1369 -0.2798 -0.3539 -0.3476 0.1021 0.2636 -0.2039 -0.3067 -0.3562 -0.3067 -0.2039 0.2636 0.1021 -0.3476 -0.3539 -0.2798 -0.1369 0.2381 0.0087 -0.3766 -0.3309 -0.2476 0.0357 0.1653 -0.2044 -0.3689 -0.3063 -0.1990 0.2695 0.0983 -0.3492 -0.3541 -0.2809 -0.1418 0.2441 0.0210 -0.3767 -0.3341 -0.2546 -0.0124 0.1783 -0.1595 -0.3709 -0.3111 -0.2086 0.2527 0.1113 -0.3330 -0.3577 -0.2862 -0.1558 0.2568 0.0409 -0.3757 -0.3387 -0.2602 -0.0561 0.1921 -0.1234
0.1776 -0.0352 -0.2573 -0.3392 -0.3788 0.0326 0.2501 -0.1493 -0.2841 -0.3602 -0.3398 0.1044 0.2637 -0.2044 -0.3099 -0.3753 -0.1801 0.1673 0.0164 -0.2511 -0.3344 -0.3802 0.0113 0.2351 -0.1342 -0.2786 -0.3562 -0.3541 0.0914 0.2744 -0.1944 -0.3048 -0.3730 -0.2249 0.1546 0.0760 -0.2431 -0.3304 -0.3804 -0.0059 0.2259 -0.1255 -0.2763 -0.3549 -0.3560 0.0913 0.2735 -0.1974 -0.3067 -0.3780 -0.3757 -0.3780 -0.3067 -0.1974 0.2735 0.0913 -0.3560 -0.3549 -0.2763 -0.1255 0.2259 -0.0059 -0.3804 -0.3304 -0.2431 0.0760 0.1546 -0.2249 -0.3730 -0.3048 -0.1944 0.2744 0.0914 -0.3541 -0.3562 -0.2786 -0.1342 0.2351 0.0113 -0.3802 -0.3344 -0.2511 0.0164 0.1673 -0.1801 -0.3753 -0.3099 -0.2044 0.2637 0.1044 -0.3398 -0.3602 -0.2841 -0.1493 0.2501 0.0326 -0.3788 -0.3392 -0.2573 -0.0352 0.1776
0.2566 -0.2116 -0.3101 -0.3810 -0.1769 0.1658 0.0245 -0.2496 -0.3356 -0.3884 0.0134 0.2318 -0.1354 -0.2778 -0.3590 -0.3613 0.0907 0.2720 -0.2018 -0.3045 -0.3780 -0.2266 0.1518 0.0935 -0.2416 -0.3304 -0.3881 -0.0118 0.2179 -0.1166 -0.2723 -0.3545 -0.3722 0.0783 0.2719 -0.1909 -0.2997 -0.3751 -0.2599 0.1424 0.1378 -0.2371 -0.3280 -0.3878 -0.0181 0.2170 -0.1182 -0.2735 -0.3562 -0.3757 -0.0647 -0.3757 -0.3562 -0.2735 -0.1182 0.2170 -0.0181 -0.3878 -0.3280 -0.2371 0.1378 0.1424 -0.2599 -0.3751 -0.2997 -0.1909 0.2719 0.0783 -0.3722 -0.3545 -0.2723 -0.1166 0.2179 -0.0118 -0.3881 -0.3304 -0.2416 0.0935 0.1518 -0.2266 -0.3780 -0.3045 -0.2018 0.2720 0.0907 -0.3613 -0.3590 -0.2778 -0.1354 0.2318 0.0134 -0.3884 -0.3356 -0.2496 0.0245 0.1658 -0.1769 -0.3810 -0.3101 -0.2116 0.2566
