0.2139 -0.2090 -0.3034 -0.3619 -0.0465 0.2192 -0.1184 -0.2594 -0.3370 -0.3438 0.1018 0.2471 -0.2013 -0.2986 -0.3599 -0.0874 0.2054 -0.0991 -0.2539 -0.3330 -0.3538 0.0881 0.2645 -0.1927 -0.2936 -0.3576 -0.1352 0.1919 -0.0744 -0.2484 -0.3289 -0.3604 0.0738 0.2708 -0.1839 -0.2885 -0.3551 -0.1847 0.1785 -0.0409 -0.2427 -0.3245 -0.3643 0.0585 0.2690 -0.1743 -0.2832 -0.3523 -0.2409 0.1432 0.2657 0.1432 -0.2409 -0.3523 -0.2832 -0.1743 0.2690 0.0585 -0.3643 -0.3245 -0.2427 -0.0409 0.1785 -0.1847 -0.3551 -0.2885 -0.1839 0.2708 0.0738 -0.3604 -0.3289 -0.2484 -0.0744 0.1919 -0.1352 -0.3576 -0.2936 -0.1927 0.2645 0.0881 -0.3538 -0.3330 -0.2539 -0.0991 0.2054 -0.0874 -0.3599 -0.2986 -0.2013 0.2471 0.1018 -0.3438 -0.3370 -0.2594 -0.1184 0.2192 -0.0465 -0.3619 -0.3034 -0.2090 0.2139
-0.2090 -0.3187 -0.3737 -0.0484 0.2163 -0.1147 -0.2746 -0.3506 -0.3534 0.1004 0.2614 -0.2085 -0.3130 -0.3719 -0.0932 0.2023 -0.0921 -0.2691 -0.3467 -0.3637 0.0868 0.2732 -0.1986 -0.3080 -0.3699 -0.1428 0.1890 -0.0630 -0.2637 -0.3426 -0.3705 0.0726 0.2752 -0.1884 -0.3030 -0.3676 -0.1932 0.1760 -0.0231 -0.2583 -0.3384 -0.3746 0.0573 0.2704 -0.1776 -0.2978 -0.3651 -0.2420 0.1564 0.1190 -0.1840 0.1190 0.1564 -0.2420 -0.3651 -0.2978 -0.1776 0.2704 0.0573 -0.3746 -0.3384 -0.2583 -0.0231 0.1760 -0.1932 -0.3676 -0.3030 -0.1884 0.2752 0.0726 -0.3705 -0.3426 -0.2637 -0.0630 0.1890 -0.1428 -0.3699 -0.3080 -0.1986 0.2732 0.0868 -0.3637 -0.3467 -0.2691 -0.0921 0.2023 -0.0932 -0.3719 -0.3130 -0.2085 0.2614 0.1004 -0.3534 -0.3506 -0.2746 -0.1147 0.2163 -0.0484 -0.3737 -0.3187 -0.2090
-0.3034 -0.3737 -0.0546 0.2126 -0.1080 -0.2726 -0.3490 -0.3581 0.0946 0.2679 -0.2042 -0.3108 -0.3710 -0.1144 0.1963 -0.0804 -0.2667 -0.3449 -0.3670 0.0806 0.2751 -0.1942 -0.3058 -0.3689 -0.1652 0.1831 -0.0471 -0.2613 -0.3408 -0.3726 0.0660 0.2738 -0.1838 -0.3008 -0.3665 -0.2141 0.1697 -0.0007 -0.2558 -0.3365 -0.3756 0.0500 0.2668 -0.1727 -0.2956 -0.3638 -0.2578 0.1535 0.0813 -0.2369 -0.2964 -0.2369 0.0813 0.1535 -0.2578 -0.3638 -0.2956 -0.1727 0.2668 0.0500 -0.3756 -0.3365 -0.2558 -0.0007 0.1697 -0.2141 -0.3665 -0.3008 -0.1838 0.2738 0.0660 -0.3726 -0.3408 -0.2613 -0.0471 0.1831 -0.1652 -0.3689 -0.3058 -0.1942 0.2751 0.0806 -0.3670 -0.3449 -0.2667 -0.0804 0.1963 -0.1144 -0.3710 -0.3108 -0.2042 0.2679 0.0946 -0.3581 -0.3490 -0.2726 -0.1080 0.2126 -0.0546 -0.3737 -0.3034
-0.3619 -0.0484 0.2126 -0.1052 -0.2714 -0.3478 -0.3615 0.0895 0.2720 -0.2001 -0.3087 -0.3701 -0.1363 0.1905 -0.0672 -0.2644 -0.3431 -0.3698 0.0743 0.2754 -0.1897 -0.3036 -0.3679 -0.1872 0.1774 -0.0287 -0.2589 -0.3389 -0.3742 0.0592 0.2713 -0.1790 -0.2985 -0.3654 -0.2336 0.1631 0.0249 -0.2526 -0.3345 -0.3764 0.0424 0.2626 -0.1677 -0.2933 -0.3626 -0.2735 0.1480 0.0987 -0.2406 -0.3270 -0.3728 -0.3270 -0.2406 0.0987 0.1480 -0.2735 -0.3626 -0.2933 -0.1677 0.2626 0.0424 -0.3764 -0.3345 -0.2526 0.0249 0.1631 -0.2336 -0.3654 -0.2985 -0.1790 0.2713 0.0592 -0.3742 -0.3389 -0.2589 -0.0287 0.1774 -0.1872 -0.3679 -0.3036 -0.1897 0.2754 0.0743 -0.3698 -0.3431 -0.2644 -0.0672 0.1905 -0.1363 -0.3701 -0.3087 -0.2001 0.2720 0.0895 -0.3615 -0.3478 -0.2714 -0.1052 0.2126 -0.0484 -0.3619
-0.0465 0.2163 -0.1080 -0.2714 -0.3474 -0.3632 0.0859 0.2741 -0.1966 -0.3068 -0.3692 -0.1577 0.1849 -0.0521 -0.2620 -0.3413 -0.3720 0.0679 0.2743 -0.1851 -0.3014 -0.3668 -0.2083 0.1714 -0.0073 -0.2565 -0.3370 -0.3754 0.0521 0.2679 -0.1742 -0.2963 -0.3642 -0.2517 0.1567 0.0535 -0.2484 -0.3326 -0.3767 0.0343 0.2578 -0.1624 -0.2911 -0.3613 -0.2878 0.1421 0.1262 -0.2380 -0.3273 -0.3802 -0.2863 -0.3802 -0.3273 -0.2380 0.1262 0.1421 -0.2878 -0.3613 -0.2911 -0.1624 0.2578 0.0343 -0.3767 -0.3326 -0.2484 0.0535 0.1567 -0.2517 -0.3642 -0.2963 -0.1742 0.2679 0.0521 -0.3754 -0.3370 -0.2565 -0.0073 0.1714 -0.2083 -0.3668 -0.3014 -0.1851 0.2743 0.0679 -0.3720 -0.3413 -0.2620 -0.0521 0.1849 -0.1577 -0.3692 -0.3068 -0.1966 0.2741 0.0859 -0.3632 -0.3474 -0.2714 -0.1080 0.2163 -0.0465
0.2192 -0.1147 -0.2726 -0.3478 -0.3632 0.0845 0.2748 -0.1941 -0.3053 -0.3685 -0.1765 0.1797 -0.0356 -0.2597 -0.3395 -0.3738 0.0612 0.2721 -0.1804 -0.2992 -0.3657 -0.2283 0.1649 0.0174 -0.2535 -0.3351 -0.3762 0.0447 0.2639 -0.1691 -0.2940 -0.3630 -0.2683 0.1504 0.0840 -0.2441 -0.3306 -0.3768 0.0257 0.2525 -0.1569 -0.2888 -0.3599 -0.3008 0.1362 0.1544 -0.2342 -0.3257 -0.3759 -0.0299 0.1322 -0.0299 -0.3759 -0.3257 -0.2342 0.1544 0.1362 -0.3008 -0.3599 -0.2888 -0.1569 0.2525 0.0257 -0.3768 -0.3306 -0.2441 0.0840 0.1504 -0.2683 -0.3630 -0.2940 -0.1691 0.2639 0.0447 -0.3762 -0.3351 -0.2535 0.0174 0.1649 -0.2283 -0.3657 -0.2992 -0.1804 0.2721 0.0612 -0.3738 -0.3395 -0.2597 -0.0356 0.1797 -0.1765 -0.3685 -0.3053 -0.1941 0.2748 0.0845 -0.3632 -0.3478 -0.2726 -0.1147 0.2192
-0.1184 -0.2746 -0.3490 -0.3615 0.0859 0.2748 -0.1932 -0.3044 -0.3679 -0.1906 0.1756 -0.0193 -0.2576 -0.3377 -0.3750 0.0544 0.2690 -0.1756 -0.2969 -0.3646 -0.2468 0.1584 0.0452 -0.2496 -0.3332 -0.3767 0.0367 0.2592 -0.1639 -0.2918 -0.3617 -0.2833 0.1442 0.1148 -0.2399 -0.3286 -0.3766 0.0163 0.2469 -0.1511 -0.2865 -0.3585 -0.3123 0.1304 0.1803 -0.2301 -0.3238 -0.3754 -0.0166 0.2128 0.1890 0.2128 -0.0166 -0.3754 -0.3238 -0.2301 0.1803 0.1304 -0.3123 -0.3585 -0.2865 -0.1511 0.2469 0.0163 -0.3766 -0.3286 -0.2399 0.1148 0.1442 -0.2833 -0.3617 -0.2918 -0.1639 0.2592 0.0367 -0.3767 -0.3332 -0.2496 0.0452 0.1584 -0.2468 -0.3646 -0.2969 -0.1756 0.2690 0.0544 -0.3750 -0.3377 -0.2576 -0.0193 0.1756 -0.1906 -0.3679 -0.3044 -0.1932 0.2748 0.0859 -0.3615 -0.3490 -0.2746 -0.1184
-0.2594 -0.3506 -0.3581 0.0895 0.2741 -0.1941 -0.3044 -0.3677 -0.1981 0.1728 -0.0056 -0.2559 -0.3362 -0.3758 0.0478 0.2654 -0.1708 -0.2947 -0.3633 -0.2638 0.1521 0.0753 -0.2453 -0.3312 -0.3768 0.0282 0.2541 -0.1585 -0.2895 -0.3603 -0.2968 0.1382 0.1445 -0.2358 -0.3266 -0.3762 0.0060 0.2411 -0.1450 -0.2842 -0.3571 -0.3225 0.1245 0.2028 -0.2260 -0.3217 -0.3748 -0.0245 0.2234 -0.1064 -0.2298 -0.1064 0.2234 -0.0245 -0.3748 -0.3217 -0.2260 0.2028 0.1245 -0.3225 -0.3571 -0.2842 -0.1450 0.2411 0.0060 -0.3762 -0.3266 -0.2358 0.1445 0.1382 -0.2968 -0.3603 -0.2895 -0.1585 0.2541 0.0282 -0.3768 -0.3312 -0.2453 0.0753 0.1521 -0.2638 -0.3633 -0.2947 -0.1708 0.2654 0.0478 -0.3758 -0.3362 -0.2559 -0.0056 0.1728 -0.1981 -0.3677 -0.3044 -0.1941 0.2741 0.0895 -0.3581 -0.3506 -0.2594
-0.3370 -0.3534 0.0946 0.2720 -0.1966 -0.3053 -0.3679 -0.1981 0.1717 0.0024 -0.2547 -0.3351 -0.3763 0.0419 0.2617 -0.1662 -0.2926 -0.3621 -0.2789 0.1460 0.1062 -0.2411 -0.3292 -0.3767 0.0191 0.2486 -0.1528 -0.2872 -0.3590 -0.3088 0.1323 0.1716 -0.2316 -0.3246 -0.3757 -0.0052 0.2351 -0.1385 -0.2819 -0.3556 -0.3315 0.1188 0.2219 -0.2218 -0.3197 -0.3742 -0.0376 0.2200 -0.1167 -0.2703 -0.3225 -0.2703 -0.1167 0.2200 -0.0376 -0.3742 -0.3197 -0.2218 0.2219 0.1188 -0.3315 -0.3556 -0.2819 -0.1385 0.2351 -0.0052 -0.3757 -0.3246 -0.2316 0.1716 0.1323 -0.3088 -0.3590 -0.2872 -0.1528 0.2486 0.0191 -0.3767 -0.3292 -0.2411 0.1062 0.1460 -0.2789 -0.3621 -0.2926 -0.1662 0.2617 0.0419 -0.3763 -0.3351 -0.2547 0.0024 0.1717 -0.1981 -0.3679 -0.3053 -0.1966 0.2720 0.0946 -0.3534 -0.3370
-0.3438 0.1004 0.2679 -0.2001 -0.3068 -0.3685 -0.1906 0.1728 0.0024 -0.2542 -0.3345 -0.3765 0.0374 0.2585 -0.1623 -0.2908 -0.3609 -0.2917 0.1403 0.1356 -0.2370 -0.3272 -0.3764 0.0091 0.2428 -0.1468 -0.2849 -0.3575 -0.3194 0.1264 0.1955 -0.2274 -0.3225 -0.3751 -0.0177 0.2291 -0.1316 -0.2796 -0.3541 -0.3394 0.1130 0.2377 -0.2177 -0.3176 -0.3735 -0.0534 0.2145 -0.1117 -0.2728 -0.3499 -0.3863 -0.3499 -0.2728 -0.1117 0.2145 -0.0534 -0.3735 -0.3176 -0.2177 0.2377 0.1130 -0.3394 -0.3541 -0.2796 -0.1316 0.2291 -0.0177 -0.3751 -0.3225 -0.2274 0.1955 0.1264 -0.3194 -0.3575 -0.2849 -0.1468 0.2428 0.0091 -0.3764 -0.3272 -0.2370 0.1356 0.1403 -0.2917 -0.3609 -0.2908 -0.1623 0.2585 0.0374 -0.3765 -0.3345 -0.2542 0.0024 0.1728 -0.1906 -0.3685 -0.3068 -0.2001 0.2679 0.1004 -0.3438
0.1018 0.2614 -0.2042 -0.3087 -0.3692 -0.1765 0.1756 -0.0056 -0.2547 -0.3345 -0.3766 0.0350 0.2564 -0.1593 -0.2893 -0.3599 -0.3018 0.1352 0.1608 -0.2331 -0.3252 -0.3758 -0.0018 0.2369 -0.1404 -0.2826 -0.3561 -0.3289 0.1206 0.2159 -0.2233 -0.3204 -0.3744 -0.0316 0.2230 -0.1242 -0.2773 -0.3525 -0.3463 0.1072 0.2502 -0.2135 -0.3155 -0.3728 -0.0710 0.2087 -0.1033 -0.2714 -0.3484 -0.3684 -0.0637 -0.3684 -0.3484 -0.2714 -0.1033 0.2087 -0.0710 -0.3728 -0.3155 -0.2135 0.2502 0.1072 -0.3463 -0.3525 -0.2773 -0.1242 0.2230 -0.0316 -0.3744 -0.3204 -0.2233 0.2159 0.1206 -0.3289 -0.3561 -0.2826 -0.1404 0.2369 -0.0018 -0.3758 -0.3252 -0.2331 0.1608 0.1352 -0.3018 -0.3599 -0.2893 -0.1593 0.2564 0.0350 -0.3766 -0.3345 -0.2547 -0.0056 0.1756 -0.1765 -0.3692 -0.3087 -0.2042 0.2614 0.1018
0.2471 -0.2085 -0.3108 -0.3701 -0.1577 0.1797 -0.0193 -0.2559 -0.3351 -0.3765 0.0350 0.2556 -0.1577 -0.2884 -0.3592 -0.3091 0.1311 0.1806 -0.2296 -0.3234 -0.3753 -0.0134 0.2309 -0.1337 -0.2803 -0.3545 -0.3371 0.1148 0.2329 -0.2191 -0.3183 -0.3738 -0.0471 0.2170 -0.1161 -0.2750 -0.3509 -0.3522 0.1015 0.2599 -0.2093 -0.3133 -0.3720 -0.0903 0.2029 -0.0933 -0.2693 -0.3468 -0.3651 0.0706 0.1971 0.0706 -0.3651 -0.3468 -0.2693 -0.0933 0.2029 -0.0903 -0.3720 -0.3133 -0.2093 0.2599 0.1015 -0.3522 -0.3509 -0.2750 -0.1161 0.2170 -0.0471 -0.3738 -0.3183 -0.2191 0.2329 0.1148 -0.3371 -0.3545 -0.2803 -0.1337 0.2309 -0.0134 -0.3753 -0.3234 -0.2296 0.1806 0.1311 -0.3091 -0.3592 -0.2884 -0.1577 0.2556 0.0350 -0.3765 -0.3351 -0.2559 -0.0193 0.1797 -0.1577 -0.3701 -0.3108 -0.2085 0.2471
-0.2013 -0.3130 -0.3710 -0.1363 0.1849 -0.0356 -0.2576 -0.3362 -0.3763 0.0374 0.2564 -0.1577 -0.2881 -0.3588 -0.3134 0.1281 0.1947 -0.2267 -0.3218 -0.3748 -0.0251 0.2254 -0.1268 -0.2780 -0.3530 -0.3443 0.1091 0.2465 -0.2149 -0.3162 -0.3730 -0.0642 0.2110 -0.1073 -0.2726 -0.3492 -0.3574 0.0957 0.2669 -0.2050 -0.3112 -0.3712 -0.1110 0.1970 -0.0820 -0.2670 -0.3451 -0.3671 0.0775 0.2736 -0.0790 0.2736 0.0775 -0.3671 -0.3451 -0.2670 -0.0820 0.1970 -0.1110 -0.3712 -0.3112 -0.2050 0.2669 0.0957 -0.3574 -0.3492 -0.2726 -0.1073 0.2110 -0.0642 -0.3730 -0.3162 -0.2149 0.2465 0.1091 -0.3443 -0.3530 -0.2780 -0.1268 0.2254 -0.0251 -0.3748 -0.3218 -0.2267 0.1947 0.1281 -0.3134 -0.3588 -0.2881 -0.1577 0.2564 0.0374 -0.3763 -0.3362 -0.2576 -0.0356 0.1849 -0.1363 -0.3710 -0.3130 -0.2013
-0.2986 -0.3719 -0.1144 0.1905 -0.0521 -0.2597 -0.3377 -0.3758 0.0419 0.2585 -0.1593 -0.2884 -0.3588 -0.3149 0.1265 0.2031 -0.2247 -0.3206 -0.3743 -0.0359 0.2205 -0.1201 -0.2759 -0.3514 -0.3504 0.1034 0.2571 -0.2107 -0.3141 -0.3723 -0.0831 0.2051 -0.0975 -0.2703 -0.3475 -0.3617 0.0897 0.2716 -0.2007 -0.3090 -0.3703 -0.1328 0.1913 -0.0690 -0.2647 -0.3433 -0.3696 0.0741 0.2752 -0.1781 -0.2637 -0.1781 0.2752 0.0741 -0.3696 -0.3433 -0.2647 -0.0690 0.1913 -0.1328 -0.3703 -0.3090 -0.2007 0.2716 0.0897 -0.3617 -0.3475 -0.2703 -0.0975 0.2051 -0.0831 -0.3723 -0.3141 -0.2107 0.2571 0.1034 -0.3504 -0.3514 -0.2759 -0.1201 0.2205 -0.0359 -0.3743 -0.3206 -0.2247 0.2031 0.1265 -0.3149 -0.3588 -0.2884 -0.1593 0.2585 0.0419 -0.3758 -0.3377 -0.2597 -0.0521 0.1905 -0.1144 -0.3719 -0.2986
-0.3599 -0.0932 0.1963 -0.0672 -0.2620 -0.3395 -0.3750 0.0478 0.2617 -0.1623 -0.2893 -0.3592 -0.3134 0.1265 0.2059 -0.2236 -0.3198 -0.3740 -0.0449 0.2165 -0.1140 -0.2741 -0.3500 -0.3553 0.0979 0.2647 -0.2065 -0.3119 -0.3715 -0.1035 0.1992 -0.0865 -0.2679 -0.3458 -0.3654 0.0837 0.2744 -0.1964 -0.3068 -0.3694 -0.1551 0.1856 -0.0542 -0.2623 -0.3415 -0.3718 0.0683 0.2743 -0.1831 -0.2966 -0.3473 -0.2966 -0.1831 0.2743 0.0683 -0.3718 -0.3415 -0.2623 -0.0542 0.1856 -0.1551 -0.3694 -0.3068 -0.1964 0.2744 0.0837 -0.3654 -0.3458 -0.2679 -0.0865 0.1992 -0.1035 -0.3715 -0.3119 -0.2065 0.2647 0.0979 -0.3553 -0.3500 -0.2741 -0.1140 0.2165 -0.0449 -0.3740 -0.3198 -0.2236 0.2059 0.1265 -0.3134 -0.3592 -0.2893 -0.1623 0.2617 0.0478 -0.3750 -0.3395 -0.2620 -0.0672 0.1963 -0.0932 -0.3599
-0.0874 0.2023 -0.0804 -0.2644 -0.3413 -0.3738 0.0544 0.2654 -0.1662 -0.2908 -0.3599 -0.3091 0.1281 0.2031 -0.2236 -0.3195 -0.3738 -0.0509 0.2137 -0.1090 -0.2726 -0.3488 -0.3590 0.0930 0.2697 -0.2025 -0.3098 -0.3706 -0.1250 0.1934 -0.0741 -0.2656 -0.3440 -0.3685 0.0775 0.2754 -0.1919 -0.3047 -0.3684 -0.1772 0.1800 -0.0371 -0.2599 -0.3397 -0.3736 0.0618 0.2723 -0.1802 -0.2983 -0.3684 -0.3829 -0.3684 -0.2983 -0.1802 0.2723 0.0618 -0.3736 -0.3397 -0.2599 -0.0371 0.1800 -0.1772 -0.3684 -0.3047 -0.1919 0.2754 0.0775 -0.3685 -0.3440 -0.2656 -0.0741 0.1934 -0.1250 -0.3706 -0.3098 -0.2025 0.2697 0.0930 -0.3590 -0.3488 -0.2726 -0.1090 0.2137 -0.0509 -0.3738 -0.3195 -0.2236 0.2031 0.1281 -0.3091 -0.3599 -0.2908 -0.1662 0.2654 0.0544 -0.3738 -0.3413 -0.2644 -0.0804 0.2023 -0.0874
0.2054 -0.0921 -0.2667 -0.3431 -0.3720 0.0612 0.2690 -0.1708 -0.2926 -0.3609 -0.3018 0.1311 0.1947 -0.2247 -0.3198 -0.3738 -0.0529 0.2123 -0.1056 -0.2715 -0.3479 -0.3617 0.0887 0.2727 -0.1989 -0.3079 -0.3698 -0.1463 0.1878 -0.0601 -0.2632 -0.3422 -0.3709 0.0712 0.2750 -0.1874 -0.3025 -0.3674 -0.1986 0.1742 -0.0172 -0.2575 -0.3378 -0.3749 0.0549 0.2693 -0.1758 -0.2968 -0.3649 -0.2847 0.0560 -0.2847 -0.3649 -0.2968 -0.1758 0.2693 0.0549 -0.3749 -0.3378 -0.2575 -0.0172 0.1742 -0.1986 -0.3674 -0.3025 -0.1874 0.2750 0.0712 -0.3709 -0.3422 -0.2632 -0.0601 0.1878 -0.1463 -0.3698 -0.3079 -0.1989 0.2727 0.0887 -0.3617 -0.3479 -0.2715 -0.1056 0.2123 -0.0529 -0.3738 -0.3198 -0.2247 0.1947 0.1311 -0.3018 -0.3609 -0.2926 -0.1708 0.2690 0.0612 -0.3720 -0.3431 -0.2667 -0.0921 0.2054
-0.0991 -0.2691 -0.3449 -0.3698 0.0679 0.2721 -0.1756 -0.2947 -0.3621 -0.2917 0.1352 0.1806 -0.2267 -0.3206 -0.3740 -0.0509 0.2123 -0.1045 -0.2709 -0.3473 -0.3634 0.0855 0.2743 -0.1958 -0.3063 -0.3690 -0.1656 0.1825 -0.0446 -0.2609 -0.3404 -0.3729 0.0646 0.2734 -0.1828 -0.3003 -0.3663 -0.2190 0.1680 0.0060 -0.2549 -0.3359 -0.3759 0.0476 0.2655 -0.1710 -0.2948 -0.3635 -0.2712 0.1339 0.2606 0.1339 -0.2712 -0.3635 -0.2948 -0.1710 0.2655 0.0476 -0.3759 -0.3359 -0.2549 0.0060 0.1680 -0.2190 -0.3663 -0.3003 -0.1828 0.2734 0.0646 -0.3729 -0.3404 -0.2609 -0.0446 0.1825 -0.1656 -0.3690 -0.3063 -0.1958 0.2743 0.0855 -0.3634 -0.3473 -0.2709 -0.1045 0.2123 -0.0509 -0.3740 -0.3206 -0.2267 0.1806 0.1352 -0.2917 -0.3621 -0.2947 -0.1756 0.2721 0.0679 -0.3698 -0.3449 -0.2691 -0.0991
-0.2539 -0.3467 -0.3670 0.0743 0.2743 -0.1804 -0.2969 -0.3633 -0.2789 0.1403 0.1608 -0.2296 -0.3218 -0.3743 -0.0449 0.2137 -0.1056 -0.2709 -0.3471 -0.3643 0.0834 0.2750 -0.1934 -0.3049 -0.3683 -0.1820 0.1780 -0.0287 -0.2587 -0.3386 -0.3744 0.0579 0.2707 -0.1781 -0.2980 -0.3651 -0.2382 0.1614 0.0323 -0.2514 -0.3340 -0.3765 0.0399 0.2611 -0.1659 -0.2926 -0.3621 -0.2802 0.1421 0.1827 -0.1704 0.1827 0.1421 -0.2802 -0.3621 -0.2926 -0.1659 0.2611 0.0399 -0.3765 -0.3340 -0.2514 0.0323 0.1614 -0.2382 -0.3651 -0.2980 -0.1781 0.2707 0.0579 -0.3744 -0.3386 -0.2587 -0.0287 0.1780 -0.1820 -0.3683 -0.3049 -0.1934 0.2750 0.0834 -0.3643 -0.3471 -0.2709 -0.1056 0.2137 -0.0449 -0.3743 -0.3218 -0.2296 0.1608 0.1403 -0.2789 -0.3633 -0.2969 -0.1804 0.2743 0.0743 -0.3670 -0.3467 -0.2539
-0.3330 -0.3637 0.0806 0.2754 -0.1851 -0.2992 -0.3646 -0.2638 0.1460 0.1356 -0.2331 -0.3234 -0.3748 -0.0359 0.2165 -0.1090 -0.2715 -0.3473 -0.3643 0.0827 0.2752 -0.1920 -0.3039 -0.3677 -0.1951 0.1742 -0.0132 -0.2568 -0.3370 -0.3754 0.0513 0.2673 -0.1732 -0.2958 -0.3639 -0.2559 0.1551 0.0614 -0.2472 -0.3321 -0.3768 0.0317 0.2561 -0.1606 -0.2903 -0.3608 -0.2928 0.1392 0.1512 -0.2271 -0.2907 -0.2271 0.1512 0.1392 -0.2928 -0.3608 -0.2903 -0.1606 0.2561 0.0317 -0.3768 -0.3321 -0.2472 0.0614 0.1551 -0.2559 -0.3639 -0.2958 -0.1732 0.2673 0.0513 -0.3754 -0.3370 -0.2568 -0.0132 0.1742 -0.1951 -0.3677 -0.3039 -0.1920 0.2752 0.0827 -0.3643 -0.3473 -0.2715 -0.1090 0.2165 -0.0359 -0.3748 -0.3234 -0.2331 0.1356 0.1460 -0.2638 -0.3646 -0.2992 -0.1851 0.2754 0.0806 -0.3637 -0.3330
-0.3538 0.0868 0.2751 -0.1897 -0.3014 -0.3657 -0.2468 0.1521 0.1062 -0.2370 -0.3252 -0.3753 -0.0251 0.2205 -0.1140 -0.2726 -0.3479 -0.3634 0.0834 0.2752 -0.1915 -0.3034 -0.3674 -0.2042 0.1710 0.0007 -0.2552 -0.3356 -0.3761 0.0450 0.2637 -0.1686 -0.2937 -0.3627 -0.2717 0.1489 0.0918 -0.2430 -0.3301 -0.3768 0.0229 0.2508 -0.1550 -0.2880 -0.3595 -0.3050 0.1340 0.1666 -0.2309 -0.3219 -0.3689 -0.3219 -0.2309 0.1666 0.1340 -0.3050 -0.3595 -0.2880 -0.1550 0.2508 0.0229 -0.3768 -0.3301 -0.2430 0.0918 0.1489 -0.2717 -0.3627 -0.2937 -0.1686 0.2637 0.0450 -0.3761 -0.3356 -0.2552 0.0007 0.1710 -0.2042 -0.3674 -0.3034 -0.1915 0.2752 0.0834 -0.3634 -0.3479 -0.2726 -0.1140 0.2205 -0.0251 -0.3753 -0.3252 -0.2370 0.1062 0.1521 -0.2468 -0.3657 -0.3014 -0.1897 0.2751 0.0868 -0.3538
0.0881 0.2732 -0.1942 -0.3036 -0.3668 -0.2283 0.1584 0.0753 -0.2411 -0.3272 -0.3758 -0.0134 0.2254 -0.1201 -0.2741 -0.3488 -0.3617 0.0855 0.2750 -0.1920 -0.3034 -0.3673 -0.2087 0.1689 0.0114 -0.2536 -0.3345 -0.3765 0.0393 0.2600 -0.1643 -0.2917 -0.3615 -0.2855 0.1431 0.1215 -0.2389 -0.3281 -0.3765 0.0133 0.2452 -0.1492 -0.2858 -0.3581 -0.3159 0.1283 0.1889 -0.2283 -0.3224 -0.3793 -0.3167 -0.3793 -0.3224 -0.2283 0.1889 0.1283 -0.3159 -0.3581 -0.2858 -0.1492 0.2452 0.0133 -0.3765 -0.3281 -0.2389 0.1215 0.1431 -0.2855 -0.3615 -0.2917 -0.1643 0.2600 0.0393 -0.3765 -0.3345 -0.2536 0.0114 0.1689 -0.2087 -0.3673 -0.3034 -0.1920 0.2750 0.0855 -0.3617 -0.3488 -0.2741 -0.1201 0.2254 -0.0134 -0.3758 -0.3272 -0.2411 0.0753 0.1584 -0.2283 -0.3668 -0.3036 -0.1942 0.2732 0.0881
0.2645 -0.1986 -0.3058 -0.3679 -0.2083 0.1649 0.0452 -0.2453 -0.3292 -0.3764 -0.0018 0.2309 -0.1268 -0.2759 -0.3500 -0.3590 0.0887 0.2743 -0.1934 -0.3039 -0.3674 -0.2087 0.1681 0.0170 -0.2522 -0.3337 -0.3767 0.0344 0.2568 -0.1604 -0.2899 -0.3604 -0.2970 0.1377 0.1488 -0.2349 -0.3262 -0.3761 0.0031 0.2394 -0.1430 -0.2835 -0.3566 -0.3257 0.1226 0.2099 -0.2244 -0.3209 -0.3747 -0.0676 0.1196 -0.0676 -0.3747 -0.3209 -0.2244 0.2099 0.1226 -0.3257 -0.3566 -0.2835 -0.1430 0.2394 0.0031 -0.3761 -0.3262 -0.2349 0.1488 0.1377 -0.2970 -0.3604 -0.2899 -0.1604 0.2568 0.0344 -0.3767 -0.3337 -0.2522 0.0170 0.1681 -0.2087 -0.3674 -0.3039 -0.1934 0.2743 0.0887 -0.3590 -0.3500 -0.2759 -0.1268 0.2309 -0.0018 -0.3764 -0.3292 -0.2453 0.0452 0.1649 -0.2083 -0.3679 -0.3058 -0.1986 0.2645
-0.1927 -0.3080 -0.3689 -0.1872 0.1714 0.0174 -0.2496 -0.3312 -0.3767 0.0091 0.2369 -0.1337 -0.2780 -0.3514 -0.3553 0.0930 0.2727 -0.1958 -0.3049 -0.3677 -0.2042 0.1689 0.0170 -0.2518 -0.3332 -0.3768 0.0309 0.2541 -0.1571 -0.2884 -0.3595 -0.3064 0.1328 0.1719 -0.2312 -0.3243 -0.3756 -0.0078 0.2337 -0.1367 -0.2813 -0.3551 -0.3342 0.1169 0.2276 -0.2204 -0.3189 -0.3740 -0.0510 0.1985 0.2325 0.1985 -0.0510 -0.3740 -0.3189 -0.2204 0.2276 0.1169 -0.3342 -0.3551 -0.2813 -0.1367 0.2337 -0.0078 -0.3756 -0.3243 -0.2312 0.1719 0.1328 -0.3064 -0.3595 -0.2884 -0.1571 0.2541 0.0309 -0.3768 -0.3332 -0.2518 0.0170 0.1689 -0.2042 -0.3677 -0.3049 -0.1958 0.2727 0.0930 -0.3553 -0.3514 -0.2780 -0.1337 0.2369 0.0091 -0.3767 -0.3312 -0.2496 0.0174 0.1714 -0.1872 -0.3689 -0.3080 -0.1927
-0.2936 -0.3699 -0.1652 0.1774 -0.0073 -0.2535 -0.3332 -0.3768 0.0191 0.2428 -0.1404 -0.2803 -0.3530 -0.3504 0.0979 0.2697 -0.1989 -0.3063 -0.3683 -0.1951 0.1710 0.0114 -0.2522 -0.3332 -0.3768 0.0290 0.2524 -0.1548 -0.2873 -0.3586 -0.3135 0.1287 0.1903 -0.2278 -0.3225 -0.3750 -0.0196 0.2280 -0.1301 -0.2791 -0.3536 -0.3415 0.1113 0.2419 -0.2163 -0.3169 -0.3733 -0.0610 0.2095 -0.0815 -0.2218 -0.0815 0.2095 -0.0610 -0.3733 -0.3169 -0.2163 0.2419 0.1113 -0.3415 -0.3536 -0.2791 -0.1301 0.2280 -0.0196 -0.3750 -0.3225 -0.2278 0.1903 0.1287 -0.3135 -0.3586 -0.2873 -0.1548 0.2524 0.0290 -0.3768 -0.3332 -0.2522 0.0114 0.1710 -0.1951 -0.3683 -0.3063 -0.1989 0.2697 0.0979 -0.3504 -0.3530 -0.2803 -0.1404 0.2428 0.0191 -0.3768 -0.3332 -0.2535 -0.0073 0.1774 -0.1652 -0.3699 -0.2936
-0.3576 -0.1428 0.1831 -0.0287 -0.2565 -0.3351 -0.3767 0.0282 0.2486 -0.1468 -0.2826 -0.3545 -0.3443 0.1034 0.2647 -0.2025 -0.3079 -0.3690 -0.1820 0.1742 0.0007 -0.2536 -0.3337 -0.3768 0.0290 0.2518 -0.1536 -0.2866 -0.3580 -0.3187 0.1254 0.2042 -0.2250 -0.3209 -0.3745 -0.0315 0.2226 -0.1231 -0.2769 -0.3521 -0.3478 0.1058 0.2532 -0.2123 -0.3148 -0.3725 -0.0775 0.2061 -0.0948 -0.2647 -0.3171 -0.2647 -0.0948 0.2061 -0.0775 -0.3725 -0.3148 -0.2123 0.2532 0.1058 -0.3478 -0.3521 -0.2769 -0.1231 0.2226 -0.0315 -0.3745 -0.3209 -0.2250 0.2042 0.1254 -0.3187 -0.3580 -0.2866 -0.1536 0.2518 0.0290 -0.3768 -0.3337 -0.2536 0.0007 0.1742 -0.1820 -0.3690 -0.3079 -0.2025 0.2647 0.1034 -0.3443 -0.3545 -0.2826 -0.1468 0.2486 0.0282 -0.3767 -0.3351 -0.2565 -0.0287 0.1831 -0.1428 -0.3576
-0.1352 0.1890 -0.0471 -0.2589 -0.3370 -0.3762 0.0367 0.2541 -0.1528 -0.2849 -0.3561 -0.3371 0.1091 0.2571 -0.2065 -0.3098 -0.3698 -0.1656 0.1780 -0.0132 -0.2552 -0.3345 -0.3767 0.0309 0.2524 -0.1536 -0.2863 -0.3577 -0.3218 0.1230 0.2138 -0.2226 -0.3196 -0.3740 -0.0427 0.2178 -0.1164 -0.2749 -0.3507 -0.3532 0.1003 0.2617 -0.2083 -0.3128 -0.3718 -0.0962 0.2009 -0.0886 -0.2674 -0.3454 -0.3843 -0.3454 -0.2674 -0.0886 0.2009 -0.0962 -0.3718 -0.3128 -0.2083 0.2617 0.1003 -0.3532 -0.3507 -0.2749 -0.1164 0.2178 -0.0427 -0.3740 -0.3196 -0.2226 0.2138 0.1230 -0.3218 -0.3577 -0.2863 -0.1536 0.2524 0.0309 -0.3767 -0.3345 -0.2552 -0.0132 0.1780 -0.1656 -0.3698 -0.3098 -0.2065 0.2571 0.1091 -0.3371 -0.3561 -0.2849 -0.1528 0.2541 0.0367 -0.3762 -0.3370 -0.2589 -0.0471 0.1890 -0.1352
0.1919 -0.0630 -0.2613 -0.3389 -0.3754 0.0447 0.2592 -0.1585 -0.2872 -0.3575 -0.3289 0.1148 0.2465 -0.2107 -0.3119 -0.3706 -0.1463 0.1825 -0.0287 -0.2568 -0.3356 -0.3765 0.0344 0.2541 -0.1548 -0.2866 -0.3577 -0.3228 0.1218 0.2196 -0.2210 -0.3186 -0.3737 -0.0528 0.2138 -0.1100 -0.2730 -0.3493 -0.3575 0.0950 0.2678 -0.2042 -0.3107 -0.3710 -0.1163 0.1955 -0.0781 -0.2660 -0.3443 -0.3743 -0.1092 -0.3743 -0.3443 -0.2660 -0.0781 0.1955 -0.1163 -0.3710 -0.3107 -0.2042 0.2678 0.0950 -0.3575 -0.3493 -0.2730 -0.1100 0.2138 -0.0528 -0.3737 -0.3186 -0.2210 0.2196 0.1218 -0.3228 -0.3577 -0.2866 -0.1548 0.2541 0.0344 -0.3765 -0.3356 -0.2568 -0.0287 0.1825 -0.1463 -0.3706 -0.3119 -0.2107 0.2465 0.1148 -0.3289 -0.3575 -0.2872 -0.1585 0.2592 0.0447 -0.3754 -0.3389 -0.2613 -0.0630 0.1919
-0.0744 -0.2637 -0.3408 -0.3742 0.0521 0.2639 -0.1639 -0.2895 -0.3590 -0.3194 0.1206 0.2329 -0.2149 -0.3141 -0.3715 -0.1250 0.1878 -0.0446 -0.2587 -0.3370 -0.3761 0.0393 0.2568 -0.1571 -0.2873 -0.3580 -0.3218 0.1218 0.2215 -0.2201 -0.3179 -0.3734 -0.0610 0.2105 -0.1043 -0.2714 -0.3481 -0.3610 0.0902 0.2717 -0.2003 -0.3087 -0.3701 -0.1371 0.1900 -0.0655 -0.2640 -0.3427 -0.3713 0.0555 0.1836 0.0555 -0.3713 -0.3427 -0.2640 -0.0655 0.1900 -0.1371 -0.3701 -0.3087 -0.2003 0.2717 0.0902 -0.3610 -0.3481 -0.2714 -0.1043 0.2105 -0.0610 -0.3734 -0.3179 -0.2201 0.2215 0.1218 -0.3218 -0.3580 -0.2873 -0.1571 0.2568 0.0393 -0.3761 -0.3370 -0.2587 -0.0446 0.1878 -0.1250 -0.3715 -0.3141 -0.2149 0.2329 0.1206 -0.3194 -0.3590 -0.2895 -0.1639 0.2639 0.0521 -0.3742 -0.3408 -0.2637 -0.0744
-0.2484 -0.3426 -0.3726 0.0592 0.2679 -0.1691 -0.2918 -0.3603 -0.3088 0.1264 0.2159 -0.2191 -0.3162 -0.3723 -0.1035 0.1934 -0.0601 -0.2609 -0.3386 -0.3754 0.0450 0.2600 -0.1604 -0.2884 -0.3586 -0.3187 0.1230 0.2196 -0.2201 -0.3177 -0.3732 -0.0664 0.2082 -0.0996 -0.2702 -0.3470 -0.3636 0.0859 0.2740 -0.1968 -0.3069 -0.3693 -0.1576 0.1848 -0.0512 -0.2618 -0.3410 -0.3725 0.0629 0.2659 -0.0440 0.2659 0.0629 -0.3725 -0.3410 -0.2618 -0.0512 0.1848 -0.1576 -0.3693 -0.3069 -0.1968 0.2740 0.0859 -0.3636 -0.3470 -0.2702 -0.0996 0.2082 -0.0664 -0.3732 -0.3177 -0.2201 0.2196 0.1230 -0.3187 -0.3586 -0.2884 -0.1604 0.2600 0.0450 -0.3754 -0.3386 -0.2609 -0.0601 0.1934 -0.1035 -0.3723 -0.3162 -0.2191 0.2159 0.1264 -0.3088 -0.3603 -0.2918 -0.1691 0.2679 0.0592 -0.3726 -0.3426 -0.2484
-0.3289 -0.3705 0.0660 0.2713 -0.1742 -0.2940 -0.3617 -0.2968 0.1323 0.1955 -0.2233 -0.3183 -0.3730 -0.0831 0.1992 -0.0741 -0.2632 -0.3404 -0.3744 0.0513 0.2637 -0.1643 -0.2899 -0.3595 -0.3135 0.1254 0.2138 -0.2210 -0.3179 -0.3732 -0.0683 0.2070 -0.0966 -0.2693 -0.3462 -0.3655 0.0822 0.2751 -0.1936 -0.3052 -0.3685 -0.1765 0.1797 -0.0353 -0.2596 -0.3393 -0.3739 0.0594 0.2701 -0.1666 -0.2581 -0.1666 0.2701 0.0594 -0.3739 -0.3393 -0.2596 -0.0353 0.1797 -0.1765 -0.3685 -0.3052 -0.1936 0.2751 0.0822 -0.3655 -0.3462 -0.2693 -0.0966 0.2070 -0.0683 -0.3732 -0.3179 -0.2210 0.2138 0.1254 -0.3135 -0.3595 -0.2899 -0.1643 0.2637 0.0513 -0.3744 -0.3404 -0.2632 -0.0741 0.1992 -0.0831 -0.3730 -0.3183 -0.2233 0.1955 0.1323 -0.2968 -0.3617 -0.2940 -0.1742 0.2713 0.0660 -0.3705 -0.3289
-0.3604 0.0726 0.2738 -0.1790 -0.2963 -0.3630 -0.2833 0.1382 0.1716 -0.2274 -0.3204 -0.3738 -0.0642 0.2051 -0.0865 -0.2656 -0.3422 -0.3729 0.0579 0.2673 -0.1686 -0.2917 -0.3604 -0.3064 0.1287 0.2042 -0.2226 -0.3186 -0.3734 -0.0664 0.2070 -0.0954 -0.2688 -0.3457 -0.3667 0.0793 0.2754 -0.1910 -0.3037 -0.3678 -0.1930 0.1752 -0.0182 -0.2575 -0.3377 -0.3751 0.0535 0.2682 -0.1723 -0.2914 -0.3424 -0.2914 -0.1723 0.2682 0.0535 -0.3751 -0.3377 -0.2575 -0.0182 0.1752 -0.1930 -0.3678 -0.3037 -0.1910 0.2754 0.0793 -0.3667 -0.3457 -0.2688 -0.0954 0.2070 -0.0664 -0.3734 -0.3186 -0.2226 0.2042 0.1287 -0.3064 -0.3604 -0.2917 -0.1686 0.2673 0.0579 -0.3729 -0.3422 -0.2656 -0.0865 0.2051 -0.0642 -0.3738 -0.3204 -0.2274 0.1716 0.1382 -0.2833 -0.3630 -0.2963 -0.1790 0.2738 0.0726 -0.3604
0.0738 0.2752 -0.1838 -0.2985 -0.3642 -0.2683 0.1442 0.1445 -0.2316 -0.3225 -0.3744 -0.0471 0.2110 -0.0975 -0.2679 -0.3440 -0.3709 0.0646 0.2707 -0.1732 -0.2937 -0.3615 -0.2970 0.1328 0.1903 -0.2250 -0.3196 -0.3737 -0.0610 0.2082 -0.0966 -0.2688 -0.3455 -0.3673 0.0775 0.2754 -0.1889 -0.3026 -0.3671 -0.2065 0.1709 -0.0011 -0.2556 -0.3361 -0.3759 0.0472 0.2649 -0.1697 -0.2934 -0.3652 -0.3864 -0.3652 -0.2934 -0.1697 0.2649 0.0472 -0.3759 -0.3361 -0.2556 -0.0011 0.1709 -0.2065 -0.3671 -0.3026 -0.1889 0.2754 0.0775 -0.3673 -0.3455 -0.2688 -0.0966 0.2082 -0.0610 -0.3737 -0.3196 -0.2250 0.1903 0.1328 -0.2970 -0.3615 -0.2937 -0.1732 0.2707 0.0646 -0.3709 -0.3440 -0.2679 -0.0975 0.2110 -0.0471 -0.3744 -0.3225 -0.2316 0.1445 0.1442 -0.2683 -0.3642 -0.2985 -0.1838 0.2752 0.0738
0.2708 -0.1884 -0.3008 -0.3654 -0.2517 0.1504 0.1148 -0.2358 -0.3246 -0.3751 -0.0316 0.2170 -0.1073 -0.2703 -0.3458 -0.3685 0.0712 0.2734 -0.1781 -0.2958 -0.3627 -0.2855 0.1377 0.1719 -0.2278 -0.3209 -0.3740 -0.0528 0.2105 -0.0996 -0.2693 -0.3457 -0.3673 0.0768 0.2754 -0.1876 -0.3017 -0.3666 -0.2172 0.1671 0.0147 -0.2534 -0.3346 -0.3764 0.0409 0.2612 -0.1656 -0.2921 -0.3622 -0.3115 0.0405 -0.3115 -0.3622 -0.2921 -0.1656 0.2612 0.0409 -0.3764 -0.3346 -0.2534 0.0147 0.1671 -0.2172 -0.3666 -0.3017 -0.1876 0.2754 0.0768 -0.3673 -0.3457 -0.2693 -0.0996 0.2105 -0.0528 -0.3740 -0.3209 -0.2278 0.1719 0.1377 -0.2855 -0.3627 -0.2958 -0.1781 0.2734 0.0712 -0.3685 -0.3458 -0.2703 -0.1073 0.2170 -0.0316 -0.3751 -0.3246 -0.2358 0.1148 0.1504 -0.2517 -0.3654 -0.3008 -0.1884 0.2708
-0.1839 -0.3030 -0.3665 -0.2336 0.1567 0.0840 -0.2399 -0.3266 -0.3757 -0.0177 0.2230 -0.1161 -0.2726 -0.3475 -0.3654 0.0775 0.2750 -0.1828 -0.2980 -0.3639 -0.2717 0.1431 0.1488 -0.2312 -0.3225 -0.3745 -0.0427 0.2138 -0.1043 -0.2702 -0.3462 -0.3667 0.0775 0.2754 -0.1871 -0.3013 -0.3663 -0.2244 0.1642 0.0283 -0.2510 -0.3334 -0.3767 0.0349 0.2574 -0.1614 -0.2904 -0.3608 -0.3000 0.1221 0.2501 0.1221 -0.3000 -0.3608 -0.2904 -0.1614 0.2574 0.0349 -0.3767 -0.3334 -0.2510 0.0283 0.1642 -0.2244 -0.3663 -0.3013 -0.1871 0.2754 0.0775 -0.3667 -0.3462 -0.2702 -0.1043 0.2138 -0.0427 -0.3745 -0.3225 -0.2312 0.1488 0.1431 -0.2717 -0.3639 -0.2980 -0.1828 0.2750 0.0775 -0.3654 -0.3475 -0.2726 -0.1161 0.2230 -0.0177 -0.3757 -0.3266 -0.2399 0.0840 0.1567 -0.2336 -0.3665 -0.3030 -0.1839
-0.2885 -0.3676 -0.2141 0.1631 0.0535 -0.2441 -0.3286 -0.3762 -0.0052 0.2291 -0.1242 -0.2750 -0.3492 -0.3617 0.0837 0.2754 -0.1874 -0.3003 -0.3651 -0.2559 0.1489 0.1215 -0.2349 -0.3243 -0.3750 -0.0315 0.2178 -0.1100 -0.2714 -0.3470 -0.3655 0.0793 0.2754 -0.1876 -0.3013 -0.3662 -0.2282 0.1623 0.0385 -0.2492 -0.3324 -0.3768 0.0296 0.2539 -0.1574 -0.2887 -0.3597 -0.3053 0.1304 0.2249 -0.1578 0.2249 0.1304 -0.3053 -0.3597 -0.2887 -0.1574 0.2539 0.0296 -0.3768 -0.3324 -0.2492 0.0385 0.1623 -0.2282 -0.3662 -0.3013 -0.1876 0.2754 0.0793 -0.3655 -0.3470 -0.2714 -0.1100 0.2178 -0.0315 -0.3750 -0.3243 -0.2349 0.1215 0.1489 -0.2559 -0.3651 -0.3003 -0.1874 0.2754 0.0837 -0.3617 -0.3492 -0.2750 -0.1242 0.2291 -0.0052 -0.3762 -0.3286 -0.2441 0.0535 0.1631 -0.2141 -0.3676 -0.2885
-0.3551 -0.1932 0.1697 0.0249 -0.2484 -0.3306 -0.3766 0.0060 0.2351 -0.1316 -0.2773 -0.3509 -0.3574 0.0897 0.2744 -0.1919 -0.3025 -0.3663 -0.2382 0.1551 0.0918 -0.2389 -0.3262 -0.3756 -0.0196 0.2226 -0.1164 -0.2730 -0.3481 -0.3636 0.0822 0.2754 -0.1889 -0.3017 -0.3663 -0.2282 0.1617 0.0441 -0.2480 -0.3317 -0.3768 0.0251 0.2508 -0.1538 -0.2872 -0.3587 -0.3128 0.1287 0.1982 -0.2187 -0.2859 -0.2187 0.1982 0.1287 -0.3128 -0.3587 -0.2872 -0.1538 0.2508 0.0251 -0.3768 -0.3317 -0.2480 0.0441 0.1617 -0.2282 -0.3663 -0.3017 -0.1889 0.2754 0.0822 -0.3636 -0.3481 -0.2730 -0.1164 0.2226 -0.0196 -0.3756 -0.3262 -0.2389 0.0918 0.1551 -0.2382 -0.3663 -0.3025 -0.1919 0.2744 0.0897 -0.3574 -0.3509 -0.2773 -0.1316 0.2351 0.0060 -0.3766 -0.3306 -0.2484 0.0249 0.1697 -0.1932 -0.3551
-0.1847 0.1760 -0.0007 -0.2526 -0.3326 -0.3768 0.0163 0.2411 -0.1385 -0.2796 -0.3525 -0.3522 0.0957 0.2716 -0.1964 -0.3047 -0.3674 -0.2190 0.1614 0.0614 -0.2430 -0.3281 -0.3761 -0.0078 0.2280 -0.1231 -0.2749 -0.3493 -0.3610 0.0859 0.2751 -0.1910 -0.3026 -0.3666 -0.2244 0.1623 0.0441 -0.2475 -0.3313 -0.3768 0.0218 0.2484 -0.1509 -0.2859 -0.3578 -0.3194 0.1253 0.2051 -0.2235 -0.3177 -0.3654 -0.3177 -0.2235 0.2051 0.1253 -0.3194 -0.3578 -0.2859 -0.1509 0.2484 0.0218 -0.3768 -0.3313 -0.2475 0.0441 0.1623 -0.2244 -0.3666 -0.3026 -0.1910 0.2751 0.0859 -0.3610 -0.3493 -0.2749 -0.1231 0.2280 -0.0078 -0.3761 -0.3281 -0.2430 0.0614 0.1614 -0.2190 -0.3674 -0.3047 -0.1964 0.2716 0.0957 -0.3522 -0.3525 -0.2796 -0.1385 0.2411 0.0163 -0.3768 -0.3326 -0.2526 -0.0007 0.1760 -0.1847
0.1785 -0.0231 -0.2558 -0.3345 -0.3767 0.0257 0.2469 -0.1450 -0.2819 -0.3541 -0.3463 0.1015 0.2669 -0.2007 -0.3068 -0.3684 -0.1986 0.1680 0.0323 -0.2472 -0.3301 -0.3765 0.0031 0.2337 -0.1301 -0.2769 -0.3507 -0.3575 0.0902 0.2740 -0.1936 -0.3037 -0.3671 -0.2172 0.1642 0.0385 -0.2480 -0.3313 -0.3768 0.0201 0.2468 -0.1488 -0.2849 -0.3571 -0.3248 0.1219 0.2161 -0.2221 -0.3190 -0.3783 -0.3351 -0.3783 -0.3190 -0.2221 0.2161 0.1219 -0.3248 -0.3571 -0.2849 -0.1488 0.2468 0.0201 -0.3768 -0.3313 -0.2480 0.0385 0.1642 -0.2172 -0.3671 -0.3037 -0.1936 0.2740 0.0902 -0.3575 -0.3507 -0.2769 -0.1301 0.2337 0.0031 -0.3765 -0.3301 -0.2472 0.0323 0.1680 -0.1986 -0.3684 -0.3068 -0.2007 0.2669 0.1015 -0.3463 -0.3541 -0.2819 -0.1450 0.2469 0.0257 -0.3767 -0.3345 -0.2558 -0.0231 0.1785
-0.0409 -0.2583 -0.3365 -0.3764 0.0343 0.2525 -0.1511 -0.2842 -0.3556 -0.3394 0.1072 0.2599 -0.2050 -0.3090 -0.3694 -0.1772 0.1742 0.0060 -0.2514 -0.3321 -0.3768 0.0133 0.2394 -0.1367 -0.2791 -0.3521 -0.3532 0.0950 0.2717 -0.1968 -0.3052 -0.3678 -0.2065 0.1671 0.0283 -0.2492 -0.3317 -0.3768 0.0201 0.2463 -0.1476 -0.2843 -0.3565 -0.3286 0.1191 0.2253 -0.2200 -0.3182 -0.3739 -0.0982 0.1108 -0.0982 -0.3739 -0.3182 -0.2200 0.2253 0.1191 -0.3286 -0.3565 -0.2843 -0.1476 0.2463 0.0201 -0.3768 -0.3317 -0.2492 0.0283 0.1671 -0.2065 -0.3678 -0.3052 -0.1968 0.2717 0.0950 -0.3532 -0.3521 -0.2791 -0.1367 0.2394 0.0133 -0.3768 -0.3321 -0.2514 0.0060 0.1742 -0.1772 -0.3694 -0.3090 -0.2050 0.2599 0.1072 -0.3394 -0.3556 -0.2842 -0.1511 0.2525 0.0343 -0.3764 -0.3365 -0.2583 -0.0409
-0.2427 -0.3384 -0.3756 0.0424 0.2578 -0.1569 -0.2865 -0.3571 -0.3315 0.1130 0.2502 -0.2093 -0.3112 -0.3703 -0.1551 0.1800 -0.0172 -0.2549 -0.3340 -0.3768 0.0229 0.2452 -0.1430 -0.2813 -0.3536 -0.3478 0.1003 0.2678 -0.2003 -0.3069 -0.3685 -0.1930 0.1709 0.0147 -0.2510 -0.3324 -0.3768 0.0218 0.2468 -0.1476 -0.2841 -0.3563 -0.3310 0.1171 0.2320 -0.2181 -0.3172 -0.3732 -0.0729 0.1902 0.2506 0.1902 -0.0729 -0.3732 -0.3172 -0.2181 0.2320 0.1171 -0.3310 -0.3563 -0.2841 -0.1476 0.2468 0.0218 -0.3768 -0.3324 -0.2510 0.0147 0.1709 -0.1930 -0.3685 -0.3069 -0.2003 0.2678 0.1003 -0.3478 -0.3536 -0.2813 -0.1430 0.2452 0.0229 -0.3768 -0.3340 -0.2549 -0.0172 0.1800 -0.1551 -0.3703 -0.3112 -0.2093 0.2502 0.1130 -0.3315 -0.3571 -0.2865 -0.1569 0.2578 0.0424 -0.3756 -0.3384 -0.2427
-0.3245 -0.3746 0.0500 0.2626 -0.1624 -0.2888 -0.3585 -0.3225 0.1188 0.2377 -0.2135 -0.3133 -0.3712 -0.1328 0.1856 -0.0371 -0.2575 -0.3359 -0.3765 0.0317 0.2508 -0.1492 -0.2835 -0.3551 -0.3415 0.1058 0.2617 -0.2042 -0.3087 -0.3693 -0.1765 0.1752 -0.0011 -0.2534 -0.3334 -0.3768 0.0251 0.2484 -0.1488 -0.2843 -0.3563 -0.3318 0.1160 0.2361 -0.2167 -0.3164 -0.3729 -0.0753 0.2036 -0.0658 -0.2172 -0.0658 0.2036 -0.0753 -0.3729 -0.3164 -0.2167 0.2361 0.1160 -0.3318 -0.3563 -0.2843 -0.1488 0.2484 0.0251 -0.3768 -0.3334 -0.2534 -0.0011 0.1752 -0.1765 -0.3693 -0.3087 -0.2042 0.2617 0.1058 -0.3415 -0.3551 -0.2835 -0.1492 0.2508 0.0317 -0.3765 -0.3359 -0.2575 -0.0371 0.1856 -0.1328 -0.3712 -0.3133 -0.2135 0.2377 0.1188 -0.3225 -0.3585 -0.2888 -0.1624 0.2626 0.0500 -0.3746 -0.3245
-0.3643 0.0573 0.2668 -0.1677 -0.2911 -0.3599 -0.3123 0.1245 0.2219 -0.2177 -0.3155 -0.3720 -0.1110 0.1913 -0.0542 -0.2599 -0.3378 -0.3759 0.0399 0.2561 -0.1550 -0.2858 -0.3566 -0.3342 0.1113 0.2532 -0.2083 -0.3107 -0.3701 -0.1576 0.1797 -0.0182 -0.2556 -0.3346 -0.3767 0.0296 0.2508 -0.1509 -0.2849 -0.3565 -0.3310 0.1160 0.2374 -0.2159 -0.3158 -0.3726 -0.0814 0.2033 -0.0866 -0.2624 -0.3146 -0.2624 -0.0866 0.2033 -0.0814 -0.3726 -0.3158 -0.2159 0.2374 0.1160 -0.3310 -0.3565 -0.2849 -0.1509 0.2508 0.0296 -0.3767 -0.3346 -0.2556 -0.0182 0.1797 -0.1576 -0.3701 -0.3107 -0.2083 0.2532 0.1113 -0.3342 -0.3566 -0.2858 -0.1550 0.2561 0.0399 -0.3759 -0.3378 -0.2599 -0.0542 0.1913 -0.1110 -0.3720 -0.3155 -0.2177 0.2219 0.1245 -0.3123 -0.3599 -0.2911 -0.1677 0.2668 0.0573 -0.3643
0.0585 0.2704 -0.1727 -0.2933 -0.3613 -0.3008 0.1304 0.2028 -0.2218 -0.3176 -0.3728 -0.0903 0.1970 -0.0690 -0.2623 -0.3397 -0.3749 0.0476 0.2611 -0.1606 -0.2880 -0.3581 -0.3257 0.1169 0.2419 -0.2123 -0.3128 -0.3710 -0.1371 0.1848 -0.0353 -0.2575 -0.3361 -0.3764 0.0349 0.2539 -0.1538 -0.2859 -0.3571 -0.3286 0.1171 0.2361 -0.2159 -0.3156 -0.3724 -0.0861 0.2019 -0.0867 -0.2663 -0.3439 -0.3834 -0.3439 -0.2663 -0.0867 0.2019 -0.0861 -0.3724 -0.3156 -0.2159 0.2361 0.1171 -0.3286 -0.3571 -0.2859 -0.1538 0.2539 0.0349 -0.3764 -0.3361 -0.2575 -0.0353 0.1848 -0.1371 -0.3710 -0.3128 -0.2123 0.2419 0.1169 -0.3257 -0.3581 -0.2880 -0.1606 0.2611 0.0476 -0.3749 -0.3397 -0.2623 -0.0690 0.1970 -0.0903 -0.3728 -0.3176 -0.2218 0.2028 0.1304 -0.3008 -0.3613 -0.2933 -0.1727 0.2704 0.0585
0.2690 -0.1776 -0.2956 -0.3626 -0.2878 0.1362 0.1803 -0.2260 -0.3197 -0.3735 -0.0710 0.2029 -0.0820 -0.2647 -0.3415 -0.3736 0.0549 0.2655 -0.1659 -0.2903 -0.3595 -0.3159 0.1226 0.2276 -0.2163 -0.3148 -0.3718 -0.1163 0.1900 -0.0512 -0.2596 -0.3377 -0.3759 0.0409 0.2574 -0.1574 -0.2872 -0.3578 -0.3248 0.1191 0.2320 -0.2167 -0.3158 -0.3724 -0.0878 0.2010 -0.0849 -0.2665 -0.3440 -0.3751 -0.1199 -0.3751 -0.3440 -0.2665 -0.0849 0.2010 -0.0878 -0.3724 -0.3158 -0.2167 0.2320 0.1191 -0.3248 -0.3578 -0.2872 -0.1574 0.2574 0.0409 -0.3759 -0.3377 -0.2596 -0.0512 0.1900 -0.1163 -0.3718 -0.3148 -0.2163 0.2276 0.1226 -0.3159 -0.3595 -0.2903 -0.1659 0.2655 0.0549 -0.3736 -0.3415 -0.2647 -0.0820 0.2029 -0.0710 -0.3735 -0.3197 -0.2260 0.1803 0.1362 -0.2878 -0.3626 -0.2956 -0.1776 0.2690
-0.1743 -0.2978 -0.3638 -0.2735 0.1421 0.1544 -0.2301 -0.3217 -0.3742 -0.0534 0.2087 -0.0933 -0.2670 -0.3433 -0.3718 0.0618 0.2693 -0.1710 -0.2926 -0.3608 -0.3050 0.1283 0.2099 -0.2204 -0.3169 -0.3725 -0.0962 0.1955 -0.0655 -0.2618 -0.3393 -0.3751 0.0472 0.2612 -0.1614 -0.2887 -0.3587 -0.3194 0.1219 0.2253 -0.2181 -0.3164 -0.3726 -0.0861 0.2010 -0.0841 -0.2663 -0.3438 -0.3708 0.0554 0.1827 0.0554 -0.3708 -0.3438 -0.2663 -0.0841 0.2010 -0.0861 -0.3726 -0.3164 -0.2181 0.2253 0.1219 -0.3194 -0.3587 -0.2887 -0.1614 0.2612 0.0472 -0.3751 -0.3393 -0.2618 -0.0655 0.1955 -0.0962 -0.3725 -0.3169 -0.2204 0.2099 0.1283 -0.3050 -0.3608 -0.2926 -0.1710 0.2693 0.0618 -0.3718 -0.3433 -0.2670 -0.0933 0.2087 -0.0534 -0.3742 -0.3217 -0.2301 0.1544 0.1421 -0.2735 -0.3638 -0.2978 -0.1743
-0.2832 -0.3651 -0.2578 0.1480 0.1262 -0.2342 -0.3238 -0.3748 -0.0376 0.2145 -0.1033 -0.2693 -0.3451 -0.3696 0.0683 0.2723 -0.1758 -0.2948 -0.3621 -0.2928 0.1340 0.1889 -0.2244 -0.3189 -0.3733 -0.0775 0.2009 -0.0781 -0.2640 -0.3410 -0.3739 0.0535 0.2649 -0.1656 -0.2904 -0.3597 -0.3128 0.1253 0.2161 -0.2200 -0.3172 -0.3729 -0.0814 0.2019 -0.0849 -0.2663 -0.3437 -0.3704 0.0672 0.2673 -0.0474 0.2673 0.0672 -0.3704 -0.3437 -0.2663 -0.0849 0.2019 -0.0814 -0.3729 -0.3172 -0.2200 0.2161 0.1253 -0.3128 -0.3597 -0.2904 -0.1656 0.2649 0.0535 -0.3739 -0.3410 -0.2640 -0.0781 0.2009 -0.0775 -0.3733 -0.3189 -0.2244 0.1889 0.1340 -0.2928 -0.3621 -0.2948 -0.1758 0.2723 0.0683 -0.3696 -0.3451 -0.2693 -0.1033 0.2145 -0.0376 -0.3748 -0.3238 -0.2342 0.1262 0.1480 -0.2578 -0.3651 -0.2832
-0.3523 -0.2420 0.1535 0.0987 -0.2380 -0.3257 -0.3754 -0.0245 0.2200 -0.1117 -0.2714 -0.3468 -0.3671 0.0741 0.2743 -0.1802 -0.2968 -0.3635 -0.2802 0.1392 0.1666 -0.2283 -0.3209 -0.3740 -0.0610 0.2061 -0.0886 -0.2660 -0.3427 -0.3725 0.0594 0.2682 -0.1697 -0.2921 -0.3608 -0.3053 0.1287 0.2051 -0.2221 -0.3182 -0.3732 -0.0753 0.2033 -0.0867 -0.2665 -0.3438 -0.3704 0.0688 0.2730 -0.1701 -0.2593 -0.1701 0.2730 0.0688 -0.3704 -0.3438 -0.2665 -0.0867 0.2033 -0.0753 -0.3732 -0.3182 -0.2221 0.2051 0.1287 -0.3053 -0.3608 -0.2921 -0.1697 0.2682 0.0594 -0.3725 -0.3427 -0.2660 -0.0886 0.2061 -0.0610 -0.3740 -0.3209 -0.2283 0.1666 0.1392 -0.2802 -0.3635 -0.2968 -0.1802 0.2743 0.0741 -0.3671 -0.3468 -0.2714 -0.1117 0.2200 -0.0245 -0.3754 -0.3257 -0.2380 0.0987 0.1535 -0.2420 -0.3523
-0.2409 0.1564 0.0813 -0.2406 -0.3273 -0.3759 -0.0166 0.2234 -0.1167 -0.2728 -0.3484 -0.3651 0.0775 0.2752 -0.1831 -0.2983 -0.3649 -0.2712 0.1421 0.1512 -0.2309 -0.3224 -0.3747 -0.0510 0.2095 -0.0948 -0.2674 -0.3443 -0.3713 0.0629 0.2701 -0.1723 -0.2934 -0.3622 -0.3000 0.1304 0.1982 -0.2235 -0.3190 -0.3739 -0.0729 0.2036 -0.0866 -0.2663 -0.3440 -0.3708 0.0672 0.2730 -0.1777 -0.2932 -0.3441 -0.2932 -0.1777 0.2730 0.0672 -0.3708 -0.3440 -0.2663 -0.0866 0.2036 -0.0729 -0.3739 -0.3190 -0.2235 0.1982 0.1304 -0.3000 -0.3622 -0.2934 -0.1723 0.2701 0.0629 -0.3713 -0.3443 -0.2674 -0.0948 0.2095 -0.0510 -0.3747 -0.3224 -0.2309 0.1512 0.1421 -0.2712 -0.3649 -0.2983 -0.1831 0.2752 0.0775 -0.3651 -0.3484 -0.2728 -0.1167 0.2234 -0.0166 -0.3759 -0.3273 -0.2406 0.0813 0.1564 -0.2409
0.1432 0.1190 -0.2369 -0.3270 -0.3802 -0.0299 0.2128 -0.1064 -0.2703 -0.3499 -0.3684 0.0706 0.2736 -0.1781 -0.2966 -0.3684 -0.2847 0.1339 0.1827 -0.2271 -0.3219 -0.3793 -0.0676 0.1985 -0.0815 -0.2647 -0.3454 -0.3743 0.0555 0.2659 -0.1666 -0.2914 -0.3652 -0.3115 0.1221 0.2249 -0.2187 -0.3177 -0.3783 -0.0982 0.1902 -0.0658 -0.2624 -0.3439 -0.3751 0.0554 0.2673 -0.1701 -0.2932 -0.3692 -0.3900 -0.3692 -0.2932 -0.1701 0.2673 0.0554 -0.3751 -0.3439 -0.2624 -0.0658 0.1902 -0.0982 -0.3783 -0.3177 -0.2187 0.2249 0.1221 -0.3115 -0.3652 -0.2914 -0.1666 0.2659 0.0555 -0.3743 -0.3454 -0.2647 -0.0815 0.1985 -0.0676 -0.3793 -0.3219 -0.2271 0.1827 0.1339 -0.2847 -0.3684 -0.2966 -0.1781 0.2736 0.0706 -0.3684 -0.3499 -0.2703 -0.1064 0.2128 -0.0299 -0.3802 -0.3270 -0.2369 0.1190 0.1432
0.2657 -0.1840 -0.2964 -0.3728 -0.2863 0.1322 0.1890 -0.2298 -0.3225 -0.3863 -0.0637 0.1971 -0.0790 -0.2637 -0.3473 -0.3829 0.0560 0.2606 -0.1704 -0.2907 -0.3689 -0.3167 0.1196 0.2325 -0.2218 -0.3171 -0.3843 -0.1092 0.1836 -0.0440 -0.2581 -0.3424 -0.3864 0.0405 0.2501 -0.1578 -0.2859 -0.3654 -0.3351 0.1108 0.2506 -0.2172 -0.3146 -0.3834 -0.1199 0.1827 -0.0474 -0.2593 -0.3441 -0.3900 -0.1890 -0.3900 -0.3441 -0.2593 -0.0474 0.1827 -0.1199 -0.3834 -0.3146 -0.2172 0.2506 0.1108 -0.3351 -0.3654 -0.2859 -0.1578 0.2501 0.0405 -0.3864 -0.3424 -0.2581 -0.0440 0.1836 -0.1092 -0.3843 -0.3171 -0.2218 0.2325 0.1196 -0.3167 -0.3689 -0.2907 -0.1704 0.2606 0.0560 -0.3829 -0.3473 -0.2637 -0.0790 0.1971 -0.0637 -0.3863 -0.3225 -0.2298 0.1890 0.1322 -0.2863 -0.3728 -0.2964 -0.1840 0.2657
