0.2434 -0.1493 -0.2712 -0.3450 -0.3047 0.1317 0.1531 -0.2191 -0.3095 -0.3642 -0.0081 0.2354 -0.1370 -0.2660 -0.3416 -0.3258 0.1181 0.2062 -0.2111 -0.3046 -0.3624 -0.0393 0.2219 -0.1218 -0.2605 -0.3378 -0.3413 0.1045 0.2419 -0.2029 -0.2996 -0.3603 -0.0786 0.2081 -0.1033 -0.2550 -0.3338 -0.3521 0.0908 0.2621 -0.1945 -0.2946 -0.3581 -0.1255 0.1945 -0.0797 -0.2493 -0.3296 -0.3606 0.0583 0.1900 0.0583 -0.3606 -0.3296 -0.2493 -0.0797 0.1945 -0.1255 -0.3581 -0.2946 -0.1945 0.2621 0.0908 -0.3521 -0.3338 -0.2550 -0.1033 0.2081 -0.0786 -0.3603 -0.2996 -0.2029 0.2419 0.1045 -0.3413 -0.3378 -0.2605 -0.1218 0.2219 -0.0393 -0.3624 -0.3046 -0.2111 0.2062 0.1181 -0.3258 -0.3416 -0.2660 -0.1370 0.2354 -0.0081 -0.3642 -0.3095 -0.2191 0.1531 0.1317 -0.3047 -0.3450 -0.2712 -0.1493 0.2434
-0.1493 -0.2871 -0.3585 -0.3126 0.1301 0.1822 -0.2297 -0.3236 -0.3754 -0.0108 0.2324 -0.1354 -0.2809 -0.3549 -0.3352 0.1164 0.2290 -0.2201 -0.3188 -0.3740 -0.0431 0.2186 -0.1182 -0.2756 -0.3513 -0.3509 0.1031 0.2576 -0.2105 -0.3140 -0.3723 -0.0841 0.2049 -0.0969 -0.2702 -0.3475 -0.3620 0.0895 0.2718 -0.2006 -0.3090 -0.3703 -0.1327 0.1916 -0.0694 -0.2647 -0.3434 -0.3698 0.0715 0.2707 -0.0665 0.2707 0.0715 -0.3698 -0.3434 -0.2647 -0.0694 0.1916 -0.1327 -0.3703 -0.3090 -0.2006 0.2718 0.0895 -0.3620 -0.3475 -0.2702 -0.0969 0.2049 -0.0841 -0.3723 -0.3140 -0.2105 0.2576 0.1031 -0.3509 -0.3513 -0.2756 -0.1182 0.2186 -0.0431 -0.3740 -0.3188 -0.2201 0.2290 0.1164 -0.3352 -0.3549 -0.2809 -0.1354 0.2324 -0.0108 -0.3754 -0.3236 -0.2297 0.1822 0.1301 -0.3126 -0.3585 -0.2871 -0.1493
-0.2712 -0.3585 -0.3165 0.1266 0.1994 -0.2262 -0.3217 -0.3748 -0.0235 0.2264 -0.1283 -0.2786 -0.3534 -0.3427 0.1105 0.2435 -0.2159 -0.3167 -0.3732 -0.0599 0.2125 -0.1095 -0.2732 -0.3496 -0.3562 0.0971 0.2653 -0.2062 -0.3118 -0.3714 -0.1046 0.1989 -0.0859 -0.2678 -0.3457 -0.3656 0.0834 0.2745 -0.1962 -0.3068 -0.3693 -0.1551 0.1857 -0.0545 -0.2624 -0.3416 -0.3718 0.0679 0.2736 -0.1732 -0.2613 -0.1732 0.2736 0.0679 -0.3718 -0.3416 -0.2624 -0.0545 0.1857 -0.1551 -0.3693 -0.3068 -0.1962 0.2745 0.0834 -0.3656 -0.3457 -0.2678 -0.0859 0.1989 -0.1046 -0.3714 -0.3118 -0.2062 0.2653 0.0971 -0.3562 -0.3496 -0.2732 -0.1095 0.2125 -0.0599 -0.3732 -0.3167 -0.2159 0.2435 0.1105 -0.3427 -0.3534 -0.2786 -0.1283 0.2264 -0.0235 -0.3748 -0.3217 -0.2262 0.1994 0.1266 -0.3165 -0.3585 -0.2712
-0.3450 -0.3126 0.1266 0.2055 -0.2240 -0.3203 -0.3743 -0.0359 0.2209 -0.1209 -0.2763 -0.3518 -0.3491 0.1047 0.2548 -0.2117 -0.3146 -0.3725 -0.0783 0.2065 -0.0999 -0.2709 -0.3479 -0.3607 0.0912 0.2706 -0.2019 -0.3096 -0.3705 -0.1262 0.1931 -0.0734 -0.2655 -0.3439 -0.3686 0.0772 0.2755 -0.1918 -0.3046 -0.3684 -0.1773 0.1800 -0.0373 -0.2600 -0.3397 -0.3736 0.0618 0.2721 -0.1784 -0.2943 -0.3452 -0.2943 -0.1784 0.2721 0.0618 -0.3736 -0.3397 -0.2600 -0.0373 0.1800 -0.1773 -0.3684 -0.3046 -0.1918 0.2755 0.0772 -0.3686 -0.3439 -0.2655 -0.0734 0.1931 -0.1262 -0.3705 -0.3096 -0.2019 0.2706 0.0912 -0.3607 -0.3479 -0.2709 -0.0999 0.2065 -0.0783 -0.3725 -0.3146 -0.2117 0.2548 0.1047 -0.3491 -0.3518 -0.2763 -0.1209 0.2209 -0.0359 -0.3743 -0.3203 -0.2240 0.2055 0.1266 -0.3126 -0.3450
-0.3047 0.1301 0.1994 -0.2240 -0.3198 -0.3739 -0.0455 0.2164 -0.1141 -0.2742 -0.3502 -0.3545 0.0990 0.2633 -0.2075 -0.3124 -0.3717 -0.0984 0.2007 -0.0893 -0.2685 -0.3462 -0.3646 0.0852 0.2739 -0.1975 -0.3074 -0.3696 -0.1485 0.1874 -0.0592 -0.2631 -0.3421 -0.3711 0.0709 0.2750 -0.1872 -0.3024 -0.3673 -0.1989 0.1742 -0.0173 -0.2576 -0.3379 -0.3749 0.0550 0.2693 -0.1755 -0.2961 -0.3670 -0.3847 -0.3670 -0.2961 -0.1755 0.2693 0.0550 -0.3749 -0.3379 -0.2576 -0.0173 0.1742 -0.1989 -0.3673 -0.3024 -0.1872 0.2750 0.0709 -0.3711 -0.3421 -0.2631 -0.0592 0.1874 -0.1485 -0.3696 -0.3074 -0.1975 0.2739 0.0852 -0.3646 -0.3462 -0.2685 -0.0893 0.2007 -0.0984 -0.3717 -0.3124 -0.2075 0.2633 0.0990 -0.3545 -0.3502 -0.2742 -0.1141 0.2164 -0.0455 -0.3739 -0.3198 -0.2240 0.1994 0.1301 -0.3047
0.1317 0.1822 -0.2262 -0.3203 -0.3739 -0.0492 0.2140 -0.1092 -0.2726 -0.3489 -0.3586 0.0937 0.2690 -0.2033 -0.3103 -0.3708 -0.1197 0.1948 -0.0773 -0.2662 -0.3445 -0.3678 0.0791 0.2753 -0.1931 -0.3052 -0.3687 -0.1708 0.1817 -0.0427 -0.2607 -0.3403 -0.3730 0.0643 0.2733 -0.1826 -0.3002 -0.3662 -0.2194 0.1680 0.0058 -0.2550 -0.3360 -0.3759 0.0478 0.2656 -0.1710 -0.2947 -0.3637 -0.2976 0.0493 -0.2976 -0.3637 -0.2947 -0.1710 0.2656 0.0478 -0.3759 -0.3360 -0.2550 0.0058 0.1680 -0.2194 -0.3662 -0.3002 -0.1826 0.2733 0.0643 -0.3730 -0.3403 -0.2607 -0.0427 0.1817 -0.1708 -0.3687 -0.3052 -0.1931 0.2753 0.0791 -0.3678 -0.3445 -0.2662 -0.0773 0.1948 -0.1197 -0.3708 -0.3103 -0.2033 0.2690 0.0937 -0.3586 -0.3489 -0.2726 -0.1092 0.2140 -0.0492 -0.3739 -0.3203 -0.2262 0.1822 0.1317
0.1531 -0.2297 -0.3217 -0.3743 -0.0455 0.2140 -0.1073 -0.2717 -0.3480 -0.3614 0.0893 0.2724 -0.1995 -0.3083 -0.3699 -0.1415 0.1891 -0.0636 -0.2638 -0.3427 -0.3704 0.0728 0.2753 -0.1886 -0.3030 -0.3676 -0.1926 0.1760 -0.0236 -0.2583 -0.3384 -0.3745 0.0574 0.2705 -0.1778 -0.2979 -0.3651 -0.2386 0.1614 0.0323 -0.2515 -0.3340 -0.3765 0.0401 0.2612 -0.1660 -0.2926 -0.3622 -0.2855 0.1285 0.2561 0.1285 -0.2855 -0.3622 -0.2926 -0.1660 0.2612 0.0401 -0.3765 -0.3340 -0.2515 0.0323 0.1614 -0.2386 -0.3651 -0.2979 -0.1778 0.2705 0.0574 -0.3745 -0.3384 -0.2583 -0.0236 0.1760 -0.1926 -0.3676 -0.3030 -0.1886 0.2753 0.0728 -0.3704 -0.3427 -0.2638 -0.0636 0.1891 -0.1415 -0.3699 -0.3083 -0.1995 0.2724 0.0893 -0.3614 -0.3480 -0.2717 -0.1073 0.2140 -0.0455 -0.3743 -0.3217 -0.2297 0.1531
-0.2191 -0.3236 -0.3748 -0.0359 0.2164 -0.1092 -0.2717 -0.3477 -0.3628 0.0863 0.2741 -0.1964 -0.3065 -0.3691 -0.1617 0.1837 -0.0484 -0.2614 -0.3408 -0.3725 0.0662 0.2739 -0.1840 -0.3008 -0.3666 -0.2135 0.1699 -0.0013 -0.2559 -0.3365 -0.3756 0.0502 0.2670 -0.1729 -0.2957 -0.3639 -0.2563 0.1550 0.0615 -0.2472 -0.3321 -0.3768 0.0320 0.2562 -0.1607 -0.2904 -0.3609 -0.2936 0.1364 0.2043 -0.1646 0.2043 0.1364 -0.2936 -0.3609 -0.2904 -0.1607 0.2562 0.0320 -0.3768 -0.3321 -0.2472 0.0615 0.1550 -0.2563 -0.3639 -0.2957 -0.1729 0.2670 0.0502 -0.3756 -0.3365 -0.2559 -0.0013 0.1699 -0.2135 -0.3666 -0.3008 -0.1840 0.2739 0.0662 -0.3725 -0.3408 -0.2614 -0.0484 0.1837 -0.1617 -0.3691 -0.3065 -0.1964 0.2741 0.0863 -0.3628 -0.3477 -0.2717 -0.1092 0.2164 -0.0359 -0.3748 -0.3236 -0.2191
-0.3095 -0.3754 -0.0235 0.2209 -0.1141 -0.2726 -0.3480 -0.3628 0.0852 0.2747 -0.1943 -0.3053 -0.3684 -0.1787 0.1790 -0.0323 -0.2592 -0.3391 -0.3741 0.0595 0.2714 -0.1792 -0.2986 -0.3654 -0.2331 0.1633 0.0242 -0.2527 -0.3346 -0.3763 0.0427 0.2627 -0.1678 -0.2934 -0.3626 -0.2724 0.1487 0.0922 -0.2430 -0.3301 -0.3768 0.0232 0.2509 -0.1552 -0.2881 -0.3595 -0.3049 0.1335 0.1768 -0.2230 -0.2884 -0.2230 0.1768 0.1335 -0.3049 -0.3595 -0.2881 -0.1552 0.2509 0.0232 -0.3768 -0.3301 -0.2430 0.0922 0.1487 -0.2724 -0.3626 -0.2934 -0.1678 0.2627 0.0427 -0.3763 -0.3346 -0.2527 0.0242 0.1633 -0.2331 -0.3654 -0.2986 -0.1792 0.2714 0.0595 -0.3741 -0.3391 -0.2592 -0.0323 0.1790 -0.1787 -0.3684 -0.3053 -0.1943 0.2747 0.0852 -0.3628 -0.3480 -0.2726 -0.1141 0.2209 -0.0235 -0.3754 -0.3095
-0.3642 -0.0108 0.2264 -0.1209 -0.2742 -0.3489 -0.3614 0.0863 0.2747 -0.1936 -0.3046 -0.3679 -0.1909 0.1753 -0.0172 -0.2573 -0.3374 -0.3752 0.0528 0.2682 -0.1744 -0.2963 -0.3642 -0.2513 0.1568 0.0527 -0.2485 -0.3327 -0.3767 0.0346 0.2579 -0.1625 -0.2912 -0.3613 -0.2870 0.1426 0.1229 -0.2388 -0.3281 -0.3765 0.0136 0.2453 -0.1493 -0.2858 -0.3581 -0.3157 0.1283 0.1905 -0.2268 -0.3197 -0.3672 -0.3197 -0.2268 0.1905 0.1283 -0.3157 -0.3581 -0.2858 -0.1493 0.2453 0.0136 -0.3765 -0.3281 -0.2388 0.1229 0.1426 -0.2870 -0.3613 -0.2912 -0.1625 0.2579 0.0346 -0.3767 -0.3327 -0.2485 0.0527 0.1568 -0.2513 -0.3642 -0.2963 -0.1744 0.2682 0.0528 -0.3752 -0.3374 -0.2573 -0.0172 0.1753 -0.1909 -0.3679 -0.3046 -0.1936 0.2747 0.0863 -0.3614 -0.3489 -0.2742 -0.1209 0.2264 -0.0108 -0.3642
-0.0081 0.2324 -0.1283 -0.2763 -0.3502 -0.3586 0.0893 0.2741 -0.1943 -0.3046 -0.3678 -0.1972 0.1729 -0.0051 -0.2557 -0.3360 -0.3760 0.0465 0.2645 -0.1697 -0.2942 -0.3630 -0.2678 0.1506 0.0831 -0.2443 -0.3307 -0.3768 0.0259 0.2527 -0.1570 -0.2889 -0.3600 -0.3001 0.1366 0.1520 -0.2346 -0.3261 -0.3761 0.0031 0.2395 -0.1431 -0.2836 -0.3566 -0.3255 0.1227 0.2097 -0.2242 -0.3204 -0.3788 -0.3273 -0.3788 -0.3204 -0.2242 0.2097 0.1227 -0.3255 -0.3566 -0.2836 -0.1431 0.2395 0.0031 -0.3761 -0.3261 -0.2346 0.1520 0.1366 -0.3001 -0.3600 -0.2889 -0.1570 0.2527 0.0259 -0.3768 -0.3307 -0.2443 0.0831 0.1506 -0.2678 -0.3630 -0.2942 -0.1697 0.2645 0.0465 -0.3760 -0.3360 -0.2557 -0.0051 0.1729 -0.1972 -0.3678 -0.3046 -0.1943 0.2741 0.0893 -0.3586 -0.3502 -0.2763 -0.1283 0.2324 -0.0081
0.2354 -0.1354 -0.2786 -0.3518 -0.3545 0.0937 0.2724 -0.1964 -0.3053 -0.3679 -0.1972 0.1720 0.0018 -0.2547 -0.3350 -0.3764 0.0410 0.2610 -0.1653 -0.2922 -0.3618 -0.2823 0.1445 0.1139 -0.2401 -0.3287 -0.3767 0.0166 0.2471 -0.1513 -0.2866 -0.3586 -0.3118 0.1307 0.1783 -0.2305 -0.3240 -0.3755 -0.0085 0.2335 -0.1366 -0.2813 -0.3551 -0.3341 0.1169 0.2274 -0.2204 -0.3189 -0.3742 -0.0860 0.1143 -0.0860 -0.3742 -0.3189 -0.2204 0.2274 0.1169 -0.3341 -0.3551 -0.2813 -0.1366 0.2335 -0.0085 -0.3755 -0.3240 -0.2305 0.1783 0.1307 -0.3118 -0.3586 -0.2866 -0.1513 0.2471 0.0166 -0.3767 -0.3287 -0.2401 0.1139 0.1445 -0.2823 -0.3618 -0.2922 -0.1653 0.2610 0.0410 -0.3764 -0.3350 -0.2547 0.0018 0.1720 -0.1972 -0.3679 -0.3053 -0.1964 0.2724 0.0937 -0.3545 -0.3518 -0.2786 -0.1354 0.2354
-0.1370 -0.2809 -0.3534 -0.3491 0.0990 0.2690 -0.1995 -0.3065 -0.3684 -0.1909 0.1729 0.0018 -0.2543 -0.3345 -0.3765 0.0370 0.2581 -0.1617 -0.2904 -0.3607 -0.2942 0.1390 0.1423 -0.2359 -0.3267 -0.3762 0.0063 0.2413 -0.1452 -0.2843 -0.3571 -0.3221 0.1249 0.2013 -0.2263 -0.3219 -0.3749 -0.0213 0.2274 -0.1296 -0.2789 -0.3536 -0.3417 0.1112 0.2420 -0.2163 -0.3169 -0.3733 -0.0680 0.1926 0.2454 0.1926 -0.0680 -0.3733 -0.3169 -0.2163 0.2420 0.1112 -0.3417 -0.3536 -0.2789 -0.1296 0.2274 -0.0213 -0.3749 -0.3219 -0.2263 0.2013 0.1249 -0.3221 -0.3571 -0.2843 -0.1452 0.2413 0.0063 -0.3762 -0.3267 -0.2359 0.1423 0.1390 -0.2942 -0.3607 -0.2904 -0.1617 0.2581 0.0370 -0.3765 -0.3345 -0.2543 0.0018 0.1729 -0.1909 -0.3684 -0.3065 -0.1995 0.2690 0.0990 -0.3491 -0.3534 -0.2809 -0.1370
-0.2660 -0.3549 -0.3427 0.1047 0.2633 -0.2033 -0.3083 -0.3691 -0.1787 0.1753 -0.0051 -0.2547 -0.3345 -0.3766 0.0348 0.2562 -0.1590 -0.2891 -0.3598 -0.3035 0.1342 0.1658 -0.2322 -0.3247 -0.3757 -0.0047 0.2353 -0.1387 -0.2820 -0.3557 -0.3312 0.1191 0.2208 -0.2221 -0.3199 -0.3743 -0.0356 0.2214 -0.1220 -0.2766 -0.3520 -0.3482 0.1055 0.2536 -0.2122 -0.3148 -0.3725 -0.0792 0.2037 -0.0686 -0.2184 -0.0686 0.2037 -0.0792 -0.3725 -0.3148 -0.2122 0.2536 0.1055 -0.3482 -0.3520 -0.2766 -0.1220 0.2214 -0.0356 -0.3743 -0.3199 -0.2221 0.2208 0.1191 -0.3312 -0.3557 -0.2820 -0.1387 0.2353 -0.0047 -0.3757 -0.3247 -0.2322 0.1658 0.1342 -0.3035 -0.3598 -0.2891 -0.1590 0.2562 0.0348 -0.3766 -0.3345 -0.2547 -0.0051 0.1753 -0.1787 -0.3691 -0.3083 -0.2033 0.2633 0.1047 -0.3427 -0.3549 -0.2660
-0.3416 -0.3352 0.1105 0.2548 -0.2075 -0.3103 -0.3699 -0.1617 0.1790 -0.0172 -0.2557 -0.3350 -0.3765 0.0348 0.2555 -0.1575 -0.2883 -0.3591 -0.3102 0.1303 0.1842 -0.2289 -0.3230 -0.3752 -0.0162 0.2295 -0.1319 -0.2797 -0.3541 -0.3391 0.1133 0.2368 -0.2180 -0.3178 -0.3736 -0.0514 0.2154 -0.1138 -0.2743 -0.3504 -0.3539 0.0997 0.2623 -0.2079 -0.3127 -0.3717 -0.0972 0.2004 -0.0837 -0.2623 -0.3148 -0.2623 -0.0837 0.2004 -0.0972 -0.3717 -0.3127 -0.2079 0.2623 0.0997 -0.3539 -0.3504 -0.2743 -0.1138 0.2154 -0.0514 -0.3736 -0.3178 -0.2180 0.2368 0.1133 -0.3391 -0.3541 -0.2797 -0.1319 0.2295 -0.0162 -0.3752 -0.3230 -0.2289 0.1842 0.1303 -0.3102 -0.3591 -0.2883 -0.1575 0.2555 0.0348 -0.3765 -0.3350 -0.2557 -0.0172 0.1790 -0.1617 -0.3699 -0.3103 -0.2075 0.2548 0.1105 -0.3352 -0.3416
-0.3258 0.1164 0.2435 -0.2117 -0.3124 -0.3708 -0.1415 0.1837 -0.0323 -0.2573 -0.3360 -0.3764 0.0370 0.2562 -0.1575 -0.2879 -0.3587 -0.3141 0.1276 0.1971 -0.2262 -0.3215 -0.3747 -0.0276 0.2242 -0.1252 -0.2775 -0.3526 -0.3460 0.1075 0.2496 -0.2138 -0.3156 -0.3728 -0.0691 0.2094 -0.1047 -0.2720 -0.3487 -0.3587 0.0938 0.2686 -0.2037 -0.3105 -0.3709 -0.1180 0.1951 -0.0766 -0.2650 -0.3434 -0.3833 -0.3434 -0.2650 -0.0766 0.1951 -0.1180 -0.3709 -0.3105 -0.2037 0.2686 0.0938 -0.3587 -0.3487 -0.2720 -0.1047 0.2094 -0.0691 -0.3728 -0.3156 -0.2138 0.2496 0.1075 -0.3460 -0.3526 -0.2775 -0.1252 0.2242 -0.0276 -0.3747 -0.3215 -0.2262 0.1971 0.1276 -0.3141 -0.3587 -0.2879 -0.1575 0.2562 0.0370 -0.3764 -0.3360 -0.2573 -0.0323 0.1837 -0.1415 -0.3708 -0.3124 -0.2117 0.2435 0.1164 -0.3258
0.1181 0.2290 -0.2159 -0.3146 -0.3717 -0.1197 0.1891 -0.0484 -0.2592 -0.3374 -0.3760 0.0410 0.2581 -0.1590 -0.2883 -0.3587 -0.3155 0.1262 0.2046 -0.2243 -0.3204 -0.3742 -0.0381 0.2195 -0.1186 -0.2755 -0.3511 -0.3517 0.1019 0.2593 -0.2095 -0.3135 -0.3721 -0.0883 0.2035 -0.0946 -0.2697 -0.3471 -0.3629 0.0879 0.2727 -0.1994 -0.3083 -0.3700 -0.1399 0.1895 -0.0642 -0.2636 -0.3425 -0.3761 -0.1314 -0.3761 -0.3425 -0.2636 -0.0642 0.1895 -0.1399 -0.3700 -0.3083 -0.1994 0.2727 0.0879 -0.3629 -0.3471 -0.2697 -0.0946 0.2035 -0.0883 -0.3721 -0.3135 -0.2095 0.2593 0.1019 -0.3517 -0.3511 -0.2755 -0.1186 0.2195 -0.0381 -0.3742 -0.3204 -0.2243 0.2046 0.1262 -0.3155 -0.3587 -0.2883 -0.1590 0.2581 0.0410 -0.3760 -0.3374 -0.2592 -0.0484 0.1891 -0.1197 -0.3717 -0.3146 -0.2159 0.2290 0.1181
0.2062 -0.2201 -0.3167 -0.3725 -0.0984 0.1948 -0.0636 -0.2614 -0.3391 -0.3752 0.0465 0.2610 -0.1617 -0.2891 -0.3591 -0.3141 0.1262 0.2071 -0.2233 -0.3196 -0.3739 -0.0467 0.2157 -0.1127 -0.2737 -0.3498 -0.3563 0.0966 0.2662 -0.2054 -0.3114 -0.3712 -0.1091 0.1977 -0.0834 -0.2673 -0.3453 -0.3664 0.0819 0.2749 -0.1950 -0.3062 -0.3691 -0.1620 0.1838 -0.0489 -0.2615 -0.3409 -0.3732 0.0483 0.1778 0.0483 -0.3732 -0.3409 -0.2615 -0.0489 0.1838 -0.1620 -0.3691 -0.3062 -0.1950 0.2749 0.0819 -0.3664 -0.3453 -0.2673 -0.0834 0.1977 -0.1091 -0.3712 -0.3114 -0.2054 0.2662 0.0966 -0.3563 -0.3498 -0.2737 -0.1127 0.2157 -0.0467 -0.3739 -0.3196 -0.2233 0.2071 0.1262 -0.3141 -0.3591 -0.2891 -0.1617 0.2610 0.0465 -0.3752 -0.3391 -0.2614 -0.0636 0.1948 -0.0984 -0.3725 -0.3167 -0.2201 0.2062
-0.2111 -0.3188 -0.3732 -0.0783 0.2007 -0.0773 -0.2638 -0.3408 -0.3741 0.0528 0.2645 -0.1653 -0.2904 -0.3598 -0.3102 0.1276 0.2046 -0.2233 -0.3194 -0.3738 -0.0522 0.2131 -0.1079 -0.2722 -0.3486 -0.3597 0.0918 0.2707 -0.2015 -0.3093 -0.3704 -0.1305 0.1919 -0.0706 -0.2649 -0.3435 -0.3692 0.0757 0.2755 -0.1905 -0.3040 -0.3681 -0.1840 0.1782 -0.0311 -0.2592 -0.3391 -0.3742 0.0558 0.2613 -0.0242 0.2613 0.0558 -0.3742 -0.3391 -0.2592 -0.0311 0.1782 -0.1840 -0.3681 -0.3040 -0.1905 0.2755 0.0757 -0.3692 -0.3435 -0.2649 -0.0706 0.1919 -0.1305 -0.3704 -0.3093 -0.2015 0.2707 0.0918 -0.3597 -0.3486 -0.2722 -0.1079 0.2131 -0.0522 -0.3738 -0.3194 -0.2233 0.2046 0.1276 -0.3102 -0.3598 -0.2904 -0.1653 0.2645 0.0528 -0.3741 -0.3408 -0.2638 -0.0773 0.2007 -0.0783 -0.3732 -0.3188 -0.2111
-0.3046 -0.3740 -0.0599 0.2065 -0.0893 -0.2662 -0.3427 -0.3725 0.0595 0.2682 -0.1697 -0.2922 -0.3607 -0.3035 0.1303 0.1971 -0.2243 -0.3196 -0.3738 -0.0542 0.2118 -0.1048 -0.2712 -0.3477 -0.3623 0.0878 0.2732 -0.1980 -0.3075 -0.3695 -0.1511 0.1864 -0.0563 -0.2626 -0.3417 -0.3715 0.0693 0.2747 -0.1860 -0.3018 -0.3670 -0.2052 0.1723 -0.0101 -0.2568 -0.3372 -0.3753 0.0518 0.2662 -0.1610 -0.2555 -0.1610 0.2662 0.0518 -0.3753 -0.3372 -0.2568 -0.0101 0.1723 -0.2052 -0.3670 -0.3018 -0.1860 0.2747 0.0693 -0.3715 -0.3417 -0.2626 -0.0563 0.1864 -0.1511 -0.3695 -0.3075 -0.1980 0.2732 0.0878 -0.3623 -0.3477 -0.2712 -0.1048 0.2118 -0.0542 -0.3738 -0.3196 -0.2243 0.1971 0.1303 -0.3035 -0.3607 -0.2922 -0.1697 0.2682 0.0595 -0.3725 -0.3427 -0.2662 -0.0893 0.2065 -0.0599 -0.3740 -0.3046
-0.3624 -0.0431 0.2125 -0.0999 -0.2685 -0.3445 -0.3704 0.0662 0.2714 -0.1744 -0.2942 -0.3618 -0.2942 0.1342 0.1842 -0.2262 -0.3204 -0.3739 -0.0522 0.2118 -0.1037 -0.2707 -0.3471 -0.3639 0.0846 0.2746 -0.1951 -0.3059 -0.3688 -0.1697 0.1814 -0.0409 -0.2603 -0.3399 -0.3734 0.0627 0.2727 -0.1814 -0.2996 -0.3659 -0.2253 0.1659 0.0140 -0.2539 -0.3353 -0.3761 0.0450 0.2637 -0.1668 -0.2889 -0.3401 -0.2889 -0.1668 0.2637 0.0450 -0.3761 -0.3353 -0.2539 0.0140 0.1659 -0.2253 -0.3659 -0.2996 -0.1814 0.2727 0.0627 -0.3734 -0.3399 -0.2603 -0.0409 0.1814 -0.1697 -0.3688 -0.3059 -0.1951 0.2746 0.0846 -0.3639 -0.3471 -0.2707 -0.1037 0.2118 -0.0522 -0.3739 -0.3204 -0.2262 0.1842 0.1342 -0.2942 -0.3618 -0.2942 -0.1744 0.2714 0.0662 -0.3704 -0.3445 -0.2685 -0.0999 0.2125 -0.0431 -0.3624
-0.0393 0.2186 -0.1095 -0.2709 -0.3462 -0.3678 0.0728 0.2739 -0.1792 -0.2963 -0.3630 -0.2823 0.1390 0.1658 -0.2289 -0.3215 -0.3742 -0.0467 0.2131 -0.1048 -0.2707 -0.3469 -0.3647 0.0826 0.2751 -0.1928 -0.3046 -0.3681 -0.1858 0.1770 -0.0249 -0.2583 -0.3382 -0.3747 0.0561 0.2698 -0.1767 -0.2974 -0.3648 -0.2438 0.1594 0.0412 -0.2501 -0.3334 -0.3766 0.0373 0.2594 -0.1636 -0.2908 -0.3635 -0.3875 -0.3635 -0.2908 -0.1636 0.2594 0.0373 -0.3766 -0.3334 -0.2501 0.0412 0.1594 -0.2438 -0.3648 -0.2974 -0.1767 0.2698 0.0561 -0.3747 -0.3382 -0.2583 -0.0249 0.1770 -0.1858 -0.3681 -0.3046 -0.1928 0.2751 0.0826 -0.3647 -0.3469 -0.2707 -0.1048 0.2131 -0.0467 -0.3742 -0.3215 -0.2289 0.1658 0.1390 -0.2823 -0.3630 -0.2963 -0.1792 0.2739 0.0728 -0.3678 -0.3462 -0.2709 -0.1095 0.2186 -0.0393
0.2219 -0.1182 -0.2732 -0.3479 -0.3646 0.0791 0.2753 -0.1840 -0.2986 -0.3642 -0.2678 0.1445 0.1423 -0.2322 -0.3230 -0.3747 -0.0381 0.2157 -0.1079 -0.2712 -0.3471 -0.3647 0.0819 0.2753 -0.1914 -0.3036 -0.3676 -0.1983 0.1732 -0.0094 -0.2564 -0.3367 -0.3756 0.0496 0.2664 -0.1720 -0.2952 -0.3636 -0.2607 0.1532 0.0706 -0.2459 -0.3314 -0.3768 0.0290 0.2544 -0.1587 -0.2894 -0.3606 -0.3231 0.0315 -0.3231 -0.3606 -0.2894 -0.1587 0.2544 0.0290 -0.3768 -0.3314 -0.2459 0.0706 0.1532 -0.2607 -0.3636 -0.2952 -0.1720 0.2664 0.0496 -0.3756 -0.3367 -0.2564 -0.0094 0.1732 -0.1983 -0.3676 -0.3036 -0.1914 0.2753 0.0819 -0.3647 -0.3471 -0.2712 -0.1079 0.2157 -0.0381 -0.3747 -0.3230 -0.2322 0.1423 0.1445 -0.2678 -0.3642 -0.2986 -0.1840 0.2753 0.0791 -0.3646 -0.3479 -0.2732 -0.1182 0.2219
-0.1218 -0.2756 -0.3496 -0.3607 0.0852 0.2753 -0.1886 -0.3008 -0.3654 -0.2513 0.1506 0.1139 -0.2359 -0.3247 -0.3752 -0.0276 0.2195 -0.1127 -0.2722 -0.3477 -0.3639 0.0826 0.2753 -0.1909 -0.3031 -0.3673 -0.2071 0.1701 0.0044 -0.2547 -0.3353 -0.3762 0.0434 0.2627 -0.1674 -0.2931 -0.3624 -0.2757 0.1472 0.1006 -0.2418 -0.3295 -0.3767 0.0200 0.2490 -0.1532 -0.2873 -0.3591 -0.3141 0.1156 0.2437 0.1156 -0.3141 -0.3591 -0.2873 -0.1532 0.2490 0.0200 -0.3767 -0.3295 -0.2418 0.1006 0.1472 -0.2757 -0.3624 -0.2931 -0.1674 0.2627 0.0434 -0.3762 -0.3353 -0.2547 0.0044 0.1701 -0.2071 -0.3673 -0.3031 -0.1909 0.2753 0.0826 -0.3639 -0.3477 -0.2722 -0.1127 0.2195 -0.0276 -0.3752 -0.3247 -0.2359 0.1139 0.1506 -0.2513 -0.3654 -0.3008 -0.1886 0.2753 0.0852 -0.3607 -0.3496 -0.2756 -0.1218
-0.2605 -0.3513 -0.3562 0.0912 0.2739 -0.1931 -0.3030 -0.3666 -0.2331 0.1568 0.0831 -0.2401 -0.3267 -0.3757 -0.0162 0.2242 -0.1186 -0.2737 -0.3486 -0.3623 0.0846 0.2751 -0.1914 -0.3031 -0.3671 -0.2115 0.1679 0.0150 -0.2530 -0.3342 -0.3765 0.0378 0.2591 -0.1631 -0.2912 -0.3612 -0.2889 0.1416 0.1294 -0.2378 -0.3275 -0.3764 0.0104 0.2434 -0.1473 -0.2851 -0.3576 -0.3202 0.1229 0.2435 -0.1499 0.2435 0.1229 -0.3202 -0.3576 -0.2851 -0.1473 0.2434 0.0104 -0.3764 -0.3275 -0.2378 0.1294 0.1416 -0.2889 -0.3612 -0.2912 -0.1631 0.2591 0.0378 -0.3765 -0.3342 -0.2530 0.0150 0.1679 -0.2115 -0.3671 -0.3031 -0.1914 0.2751 0.0846 -0.3623 -0.3486 -0.2737 -0.1186 0.2242 -0.0162 -0.3757 -0.3267 -0.2401 0.0831 0.1568 -0.2331 -0.3666 -0.3030 -0.1931 0.2739 0.0912 -0.3562 -0.3513 -0.2605
-0.3378 -0.3509 0.0971 0.2706 -0.1975 -0.3052 -0.3676 -0.2135 0.1633 0.0527 -0.2443 -0.3287 -0.3762 -0.0047 0.2295 -0.1252 -0.2755 -0.3498 -0.3597 0.0878 0.2746 -0.1928 -0.3036 -0.3673 -0.2115 0.1672 0.0207 -0.2516 -0.3334 -0.3767 0.0331 0.2559 -0.1594 -0.2895 -0.3601 -0.2999 0.1363 0.1555 -0.2339 -0.3256 -0.3759 0.0001 0.2378 -0.1412 -0.2828 -0.3562 -0.3286 0.1201 0.2252 -0.2132 -0.2828 -0.2132 0.2252 0.1201 -0.3286 -0.3562 -0.2828 -0.1412 0.2378 0.0001 -0.3759 -0.3256 -0.2339 0.1555 0.1363 -0.2999 -0.3601 -0.2895 -0.1594 0.2559 0.0331 -0.3767 -0.3334 -0.2516 0.0207 0.1672 -0.2115 -0.3673 -0.3036 -0.1928 0.2746 0.0878 -0.3597 -0.3498 -0.2755 -0.1252 0.2295 -0.0047 -0.3762 -0.3287 -0.2443 0.0527 0.1633 -0.2135 -0.3676 -0.3052 -0.1975 0.2706 0.0971 -0.3509 -0.3378
-0.3413 0.1031 0.2653 -0.2019 -0.3074 -0.3687 -0.1926 0.1699 0.0242 -0.2485 -0.3307 -0.3767 0.0063 0.2353 -0.1319 -0.2775 -0.3511 -0.3563 0.0918 0.2732 -0.1951 -0.3046 -0.3676 -0.2071 0.1679 0.0207 -0.2511 -0.3330 -0.3768 0.0297 0.2533 -0.1562 -0.2881 -0.3592 -0.3086 0.1316 0.1773 -0.2303 -0.3238 -0.3754 -0.0110 0.2320 -0.1349 -0.2806 -0.3547 -0.3365 0.1150 0.2341 -0.2172 -0.3145 -0.3630 -0.3145 -0.2172 0.2341 0.1150 -0.3365 -0.3547 -0.2806 -0.1349 0.2320 -0.0110 -0.3754 -0.3238 -0.2303 0.1773 0.1316 -0.3086 -0.3592 -0.2881 -0.1562 0.2533 0.0297 -0.3768 -0.3330 -0.2511 0.0207 0.1679 -0.2071 -0.3676 -0.3046 -0.1951 0.2732 0.0918 -0.3563 -0.3511 -0.2775 -0.1319 0.2353 0.0063 -0.3767 -0.3307 -0.2485 0.0242 0.1699 -0.1926 -0.3687 -0.3074 -0.2019 0.2653 0.1031 -0.3413
0.1045 0.2576 -0.2062 -0.3096 -0.3696 -0.1708 0.1760 -0.0013 -0.2527 -0.3327 -0.3768 0.0166 0.2413 -0.1387 -0.2797 -0.3526 -0.3517 0.0966 0.2707 -0.1980 -0.3059 -0.3681 -0.1983 0.1701 0.0150 -0.2516 -0.3330 -0.3768 0.0278 0.2516 -0.1540 -0.2870 -0.3584 -0.3153 0.1276 0.1946 -0.2270 -0.3221 -0.3749 -0.0227 0.2265 -0.1282 -0.2785 -0.3532 -0.3434 0.1096 0.2460 -0.2146 -0.3155 -0.3772 -0.3477 -0.3772 -0.3155 -0.2146 0.2460 0.1096 -0.3434 -0.3532 -0.2785 -0.1282 0.2265 -0.0227 -0.3749 -0.3221 -0.2270 0.1946 0.1276 -0.3153 -0.3584 -0.2870 -0.1540 0.2516 0.0278 -0.3768 -0.3330 -0.2516 0.0150 0.1701 -0.1983 -0.3681 -0.3059 -0.1980 0.2707 0.0966 -0.3517 -0.3526 -0.2797 -0.1387 0.2413 0.0166 -0.3768 -0.3327 -0.2527 -0.0013 0.1760 -0.1708 -0.3696 -0.3096 -0.2062 0.2576 0.1045
0.2419 -0.2105 -0.3118 -0.3705 -0.1485 0.1817 -0.0236 -0.2559 -0.3346 -0.3767 0.0259 0.2471 -0.1452 -0.2820 -0.3541 -0.3460 0.1019 0.2662 -0.2015 -0.3075 -0.3688 -0.1858 0.1732 0.0044 -0.2530 -0.3334 -0.3768 0.0278 0.2510 -0.1528 -0.2863 -0.3578 -0.3202 0.1244 0.2076 -0.2242 -0.3206 -0.3744 -0.0344 0.2213 -0.1213 -0.2763 -0.3517 -0.3494 0.1042 0.2561 -0.2109 -0.3140 -0.3726 -0.1346 0.1020 -0.1346 -0.3726 -0.3140 -0.2109 0.2561 0.1042 -0.3494 -0.3517 -0.2763 -0.1213 0.2213 -0.0344 -0.3744 -0.3206 -0.2242 0.2076 0.1244 -0.3202 -0.3578 -0.2863 -0.1528 0.2510 0.0278 -0.3768 -0.3334 -0.2530 0.0044 0.1732 -0.1858 -0.3688 -0.3075 -0.2015 0.2662 0.1019 -0.3460 -0.3541 -0.2820 -0.1452 0.2471 0.0259 -0.3767 -0.3346 -0.2559 -0.0236 0.1817 -0.1485 -0.3705 -0.3118 -0.2105 0.2419
-0.2029 -0.3140 -0.3714 -0.1262 0.1874 -0.0427 -0.2583 -0.3365 -0.3763 0.0346 0.2527 -0.1513 -0.2843 -0.3557 -0.3391 0.1075 0.2593 -0.2054 -0.3093 -0.3695 -0.1697 0.1770 -0.0094 -0.2547 -0.3342 -0.3767 0.0297 0.2516 -0.1528 -0.2860 -0.3575 -0.3232 0.1222 0.2167 -0.2219 -0.3193 -0.3739 -0.0455 0.2167 -0.1146 -0.2743 -0.3503 -0.3545 0.0988 0.2637 -0.2070 -0.3121 -0.3716 -0.1137 0.1793 0.2648 0.1793 -0.1137 -0.3716 -0.3121 -0.2070 0.2637 0.0988 -0.3545 -0.3503 -0.2743 -0.1146 0.2167 -0.0455 -0.3739 -0.3193 -0.2219 0.2167 0.1222 -0.3232 -0.3575 -0.2860 -0.1528 0.2516 0.0297 -0.3767 -0.3342 -0.2547 -0.0094 0.1770 -0.1697 -0.3695 -0.3093 -0.2054 0.2593 0.1075 -0.3391 -0.3557 -0.2843 -0.1513 0.2527 0.0346 -0.3763 -0.3365 -0.2583 -0.0427 0.1874 -0.1262 -0.3714 -0.3140 -0.2029
-0.2996 -0.3723 -0.1046 0.1931 -0.0592 -0.2607 -0.3384 -0.3756 0.0427 0.2579 -0.1570 -0.2866 -0.3571 -0.3312 0.1133 0.2496 -0.2095 -0.3114 -0.3704 -0.1511 0.1814 -0.0249 -0.2564 -0.3353 -0.3765 0.0331 0.2533 -0.1540 -0.2863 -0.3575 -0.3242 0.1210 0.2221 -0.2203 -0.3183 -0.3735 -0.0557 0.2127 -0.1083 -0.2725 -0.3489 -0.3587 0.0936 0.2691 -0.2031 -0.3101 -0.3707 -0.1255 0.1906 -0.0310 -0.2103 -0.0310 0.1906 -0.1255 -0.3707 -0.3101 -0.2031 0.2691 0.0936 -0.3587 -0.3489 -0.2725 -0.1083 0.2127 -0.0557 -0.3735 -0.3183 -0.2203 0.2221 0.1210 -0.3242 -0.3575 -0.2863 -0.1540 0.2533 0.0331 -0.3765 -0.3353 -0.2564 -0.0249 0.1814 -0.1511 -0.3704 -0.3114 -0.2095 0.2496 0.1133 -0.3312 -0.3571 -0.2866 -0.1570 0.2579 0.0427 -0.3756 -0.3384 -0.2607 -0.0592 0.1931 -0.1046 -0.3723 -0.2996
-0.3603 -0.0841 0.1989 -0.0734 -0.2631 -0.3403 -0.3745 0.0502 0.2627 -0.1625 -0.2889 -0.3586 -0.3221 0.1191 0.2368 -0.2138 -0.3135 -0.3712 -0.1305 0.1864 -0.0409 -0.2583 -0.3367 -0.3762 0.0378 0.2559 -0.1562 -0.2870 -0.3578 -0.3232 0.1210 0.2239 -0.2195 -0.3177 -0.3732 -0.0638 0.2095 -0.1026 -0.2710 -0.3477 -0.3619 0.0888 0.2725 -0.1993 -0.3082 -0.3699 -0.1439 0.1877 -0.0529 -0.2568 -0.3095 -0.2568 -0.0529 0.1877 -0.1439 -0.3699 -0.3082 -0.1993 0.2725 0.0888 -0.3619 -0.3477 -0.2710 -0.1026 0.2095 -0.0638 -0.3732 -0.3177 -0.2195 0.2239 0.1210 -0.3232 -0.3578 -0.2870 -0.1562 0.2559 0.0378 -0.3762 -0.3367 -0.2583 -0.0409 0.1864 -0.1305 -0.3712 -0.3135 -0.2138 0.2368 0.1191 -0.3221 -0.3586 -0.2889 -0.1625 0.2627 0.0502 -0.3745 -0.3403 -0.2631 -0.0734 0.1989 -0.0841 -0.3603
-0.0786 0.2049 -0.0859 -0.2655 -0.3421 -0.3730 0.0574 0.2670 -0.1678 -0.2912 -0.3600 -0.3118 0.1249 0.2208 -0.2180 -0.3156 -0.3721 -0.1091 0.1919 -0.0563 -0.2603 -0.3382 -0.3756 0.0434 0.2591 -0.1594 -0.2881 -0.3584 -0.3202 0.1222 0.2221 -0.2195 -0.3174 -0.3731 -0.0692 0.2073 -0.0980 -0.2698 -0.3467 -0.3643 0.0846 0.2744 -0.1958 -0.3063 -0.3691 -0.1634 0.1831 -0.0445 -0.2598 -0.3388 -0.3807 -0.3388 -0.2598 -0.0445 0.1831 -0.1634 -0.3691 -0.3063 -0.1958 0.2744 0.0846 -0.3643 -0.3467 -0.2698 -0.0980 0.2073 -0.0692 -0.3731 -0.3174 -0.2195 0.2221 0.1222 -0.3202 -0.3584 -0.2881 -0.1594 0.2591 0.0434 -0.3756 -0.3382 -0.2603 -0.0563 0.1919 -0.1091 -0.3721 -0.3156 -0.2180 0.2208 0.1249 -0.3118 -0.3600 -0.2912 -0.1678 0.2670 0.0574 -0.3730 -0.3421 -0.2655 -0.0859 0.2049 -0.0786
0.2081 -0.0969 -0.2678 -0.3439 -0.3711 0.0643 0.2705 -0.1729 -0.2934 -0.3613 -0.3001 0.1307 0.2013 -0.2221 -0.3178 -0.3728 -0.0883 0.1977 -0.0706 -0.2626 -0.3399 -0.3747 0.0496 0.2627 -0.1631 -0.2895 -0.3592 -0.3153 0.1244 0.2167 -0.2203 -0.3177 -0.3731 -0.0712 0.2061 -0.0950 -0.2689 -0.3459 -0.3660 0.0811 0.2753 -0.1927 -0.3047 -0.3683 -0.1815 0.1784 -0.0299 -0.2587 -0.3384 -0.3789 -0.1807 -0.3789 -0.3384 -0.2587 -0.0299 0.1784 -0.1815 -0.3683 -0.3047 -0.1927 0.2753 0.0811 -0.3660 -0.3459 -0.2689 -0.0950 0.2061 -0.0712 -0.3731 -0.3177 -0.2203 0.2167 0.1244 -0.3153 -0.3592 -0.2895 -0.1631 0.2627 0.0496 -0.3747 -0.3399 -0.2626 -0.0706 0.1977 -0.0883 -0.3728 -0.3178 -0.2221 0.2013 0.1307 -0.3001 -0.3613 -0.2934 -0.1729 0.2705 0.0643 -0.3711 -0.3439 -0.2678 -0.0969 0.2081
-0.1033 -0.2702 -0.3457 -0.3686 0.0709 0.2733 -0.1778 -0.2957 -0.3626 -0.2870 0.1366 0.1783 -0.2263 -0.3199 -0.3736 -0.0691 0.2035 -0.0834 -0.2649 -0.3417 -0.3734 0.0561 0.2664 -0.1674 -0.2912 -0.3601 -0.3086 0.1276 0.2076 -0.2219 -0.3183 -0.3732 -0.0692 0.2061 -0.0939 -0.2684 -0.3454 -0.3672 0.0783 0.2755 -0.1902 -0.3033 -0.3676 -0.1972 0.1740 -0.0134 -0.2569 -0.3371 -0.3757 0.0317 0.1651 0.0317 -0.3757 -0.3371 -0.2569 -0.0134 0.1740 -0.1972 -0.3676 -0.3033 -0.1902 0.2755 0.0783 -0.3672 -0.3454 -0.2684 -0.0939 0.2061 -0.0692 -0.3732 -0.3183 -0.2219 0.2076 0.1276 -0.3086 -0.3601 -0.2912 -0.1674 0.2664 0.0561 -0.3734 -0.3417 -0.2649 -0.0834 0.2035 -0.0691 -0.3736 -0.3199 -0.2263 0.1783 0.1366 -0.2870 -0.3626 -0.2957 -0.1778 0.2733 0.0709 -0.3686 -0.3457 -0.2702 -0.1033
-0.2550 -0.3475 -0.3656 0.0772 0.2750 -0.1826 -0.2979 -0.3639 -0.2724 0.1426 0.1520 -0.2305 -0.3219 -0.3743 -0.0514 0.2094 -0.0946 -0.2673 -0.3435 -0.3715 0.0627 0.2698 -0.1720 -0.2931 -0.3612 -0.2999 0.1316 0.1946 -0.2242 -0.3193 -0.3735 -0.0638 0.2073 -0.0950 -0.2684 -0.3452 -0.3678 0.0765 0.2754 -0.1882 -0.3022 -0.3669 -0.2102 0.1698 0.0032 -0.2550 -0.3356 -0.3761 0.0410 0.2498 0.0260 0.2498 0.0410 -0.3761 -0.3356 -0.2550 0.0032 0.1698 -0.2102 -0.3669 -0.3022 -0.1882 0.2754 0.0765 -0.3678 -0.3452 -0.2684 -0.0950 0.2073 -0.0638 -0.3735 -0.3193 -0.2242 0.1946 0.1316 -0.2999 -0.3612 -0.2931 -0.1720 0.2698 0.0627 -0.3715 -0.3435 -0.2673 -0.0946 0.2094 -0.0514 -0.3743 -0.3219 -0.2305 0.1520 0.1426 -0.2724 -0.3639 -0.2979 -0.1826 0.2750 0.0772 -0.3656 -0.3475 -0.2550
-0.3338 -0.3620 0.0834 0.2755 -0.1872 -0.3002 -0.3651 -0.2563 0.1487 0.1229 -0.2346 -0.3240 -0.3749 -0.0356 0.2154 -0.1047 -0.2697 -0.3453 -0.3692 0.0693 0.2727 -0.1767 -0.2952 -0.3624 -0.2889 0.1363 0.1773 -0.2270 -0.3206 -0.3739 -0.0557 0.2095 -0.0980 -0.2689 -0.3454 -0.3678 0.0759 0.2753 -0.1869 -0.3014 -0.3665 -0.2205 0.1660 0.0191 -0.2528 -0.3343 -0.3765 0.0381 0.2574 -0.1496 -0.2496 -0.1496 0.2574 0.0381 -0.3765 -0.3343 -0.2528 0.0191 0.1660 -0.2205 -0.3665 -0.3014 -0.1869 0.2753 0.0759 -0.3678 -0.3454 -0.2689 -0.0980 0.2095 -0.0557 -0.3739 -0.3206 -0.2270 0.1773 0.1363 -0.2889 -0.3624 -0.2952 -0.1767 0.2727 0.0693 -0.3692 -0.3453 -0.2697 -0.1047 0.2154 -0.0356 -0.3749 -0.3240 -0.2346 0.1229 0.1487 -0.2563 -0.3651 -0.3002 -0.1872 0.2755 0.0834 -0.3620 -0.3338
-0.3521 0.0895 0.2745 -0.1918 -0.3024 -0.3662 -0.2386 0.1550 0.0922 -0.2388 -0.3261 -0.3755 -0.0213 0.2214 -0.1138 -0.2720 -0.3471 -0.3664 0.0757 0.2747 -0.1814 -0.2974 -0.3636 -0.2757 0.1416 0.1555 -0.2303 -0.3221 -0.3744 -0.0455 0.2127 -0.1026 -0.2698 -0.3459 -0.3672 0.0765 0.2753 -0.1864 -0.3010 -0.3661 -0.2275 0.1631 0.0329 -0.2503 -0.3331 -0.3767 0.0330 0.2557 -0.1572 -0.2844 -0.3358 -0.2844 -0.1572 0.2557 0.0330 -0.3767 -0.3331 -0.2503 0.0329 0.1631 -0.2275 -0.3661 -0.3010 -0.1864 0.2753 0.0765 -0.3672 -0.3459 -0.2698 -0.1026 0.2127 -0.0455 -0.3744 -0.3221 -0.2303 0.1555 0.1416 -0.2757 -0.3636 -0.2974 -0.1814 0.2747 0.0757 -0.3664 -0.3471 -0.2720 -0.1138 0.2214 -0.0213 -0.3755 -0.3261 -0.2388 0.0922 0.1550 -0.2386 -0.3662 -0.3024 -0.1918 0.2745 0.0895 -0.3521
0.0908 0.2718 -0.1962 -0.3046 -0.3673 -0.2194 0.1614 0.0615 -0.2430 -0.3281 -0.3761 -0.0085 0.2274 -0.1220 -0.2743 -0.3487 -0.3629 0.0819 0.2755 -0.1860 -0.2996 -0.3648 -0.2607 0.1472 0.1294 -0.2339 -0.3238 -0.3749 -0.0344 0.2167 -0.1083 -0.2710 -0.3467 -0.3660 0.0783 0.2754 -0.1869 -0.3010 -0.3660 -0.2311 0.1613 0.0431 -0.2485 -0.3321 -0.3768 0.0280 0.2527 -0.1555 -0.2871 -0.3606 -0.3884 -0.3606 -0.2871 -0.1555 0.2527 0.0280 -0.3768 -0.3321 -0.2485 0.0431 0.1613 -0.2311 -0.3660 -0.3010 -0.1869 0.2754 0.0783 -0.3660 -0.3467 -0.2710 -0.1083 0.2167 -0.0344 -0.3749 -0.3238 -0.2339 0.1294 0.1472 -0.2607 -0.3648 -0.2996 -0.1860 0.2755 0.0819 -0.3629 -0.3487 -0.2743 -0.1220 0.2274 -0.0085 -0.3761 -0.3281 -0.2430 0.0615 0.1614 -0.2194 -0.3673 -0.3046 -0.1962 0.2718 0.0908
0.2621 -0.2006 -0.3068 -0.3684 -0.1989 0.1680 0.0323 -0.2472 -0.3301 -0.3765 0.0031 0.2335 -0.1296 -0.2766 -0.3504 -0.3587 0.0879 0.2749 -0.1905 -0.3018 -0.3659 -0.2438 0.1532 0.1006 -0.2378 -0.3256 -0.3754 -0.0227 0.2213 -0.1146 -0.2725 -0.3477 -0.3643 0.0811 0.2755 -0.1882 -0.3014 -0.3661 -0.2311 0.1607 0.0484 -0.2473 -0.3314 -0.3768 0.0236 0.2498 -0.1526 -0.2865 -0.3585 -0.3365 0.0171 -0.3365 -0.3585 -0.2865 -0.1526 0.2498 0.0236 -0.3768 -0.3314 -0.2473 0.0484 0.1607 -0.2311 -0.3661 -0.3014 -0.1882 0.2755 0.0811 -0.3643 -0.3477 -0.2725 -0.1146 0.2213 -0.0227 -0.3754 -0.3256 -0.2378 0.1006 0.1532 -0.2438 -0.3659 -0.3018 -0.1905 0.2749 0.0879 -0.3587 -0.3504 -0.2766 -0.1296 0.2335 0.0031 -0.3765 -0.3301 -0.2472 0.0323 0.1680 -0.1989 -0.3684 -0.3068 -0.2006 0.2621
-0.1945 -0.3090 -0.3693 -0.1773 0.1742 0.0058 -0.2515 -0.3321 -0.3768 0.0136 0.2395 -0.1366 -0.2789 -0.3520 -0.3539 0.0938 0.2727 -0.1950 -0.3040 -0.3670 -0.2253 0.1594 0.0706 -0.2418 -0.3275 -0.3759 -0.0110 0.2265 -0.1213 -0.2743 -0.3489 -0.3619 0.0846 0.2753 -0.1902 -0.3022 -0.3665 -0.2275 0.1613 0.0484 -0.2469 -0.3310 -0.3768 0.0203 0.2474 -0.1498 -0.2854 -0.3575 -0.3263 0.1079 0.2351 0.1079 -0.3263 -0.3575 -0.2854 -0.1498 0.2474 0.0203 -0.3768 -0.3310 -0.2469 0.0484 0.1613 -0.2275 -0.3665 -0.3022 -0.1902 0.2753 0.0846 -0.3619 -0.3489 -0.2743 -0.1213 0.2265 -0.0110 -0.3759 -0.3275 -0.2418 0.0706 0.1594 -0.2253 -0.3670 -0.3040 -0.1950 0.2727 0.0938 -0.3539 -0.3520 -0.2789 -0.1366 0.2395 0.0136 -0.3768 -0.3321 -0.2515 0.0058 0.1742 -0.1773 -0.3693 -0.3090 -0.1945
-0.2946 -0.3703 -0.1551 0.1800 -0.0173 -0.2550 -0.3340 -0.3768 0.0232 0.2453 -0.1431 -0.2813 -0.3536 -0.3482 0.0997 0.2686 -0.1994 -0.3062 -0.3681 -0.2052 0.1659 0.0412 -0.2459 -0.3295 -0.3764 0.0001 0.2320 -0.1282 -0.2763 -0.3503 -0.3587 0.0888 0.2744 -0.1927 -0.3033 -0.3669 -0.2205 0.1631 0.0431 -0.2473 -0.3310 -0.3768 0.0186 0.2459 -0.1478 -0.2845 -0.3568 -0.3276 0.1172 0.2567 -0.1410 0.2567 0.1172 -0.3276 -0.3568 -0.2845 -0.1478 0.2459 0.0186 -0.3768 -0.3310 -0.2473 0.0431 0.1631 -0.2205 -0.3669 -0.3033 -0.1927 0.2744 0.0888 -0.3587 -0.3503 -0.2763 -0.1282 0.2320 0.0001 -0.3764 -0.3295 -0.2459 0.0412 0.1659 -0.2052 -0.3681 -0.3062 -0.1994 0.2686 0.0997 -0.3482 -0.3536 -0.2813 -0.1431 0.2453 0.0232 -0.3768 -0.3340 -0.2550 -0.0173 0.1800 -0.1551 -0.3703 -0.2946
-0.3581 -0.1327 0.1857 -0.0373 -0.2576 -0.3360 -0.3765 0.0320 0.2509 -0.1493 -0.2836 -0.3551 -0.3417 0.1055 0.2623 -0.2037 -0.3083 -0.3691 -0.1840 0.1723 0.0140 -0.2501 -0.3314 -0.3767 0.0104 0.2378 -0.1349 -0.2785 -0.3517 -0.3545 0.0936 0.2725 -0.1958 -0.3047 -0.3676 -0.2102 0.1660 0.0329 -0.2485 -0.3314 -0.3768 0.0186 0.2454 -0.1467 -0.2839 -0.3563 -0.3304 0.1173 0.2367 -0.2091 -0.2802 -0.2091 0.2367 0.1173 -0.3304 -0.3563 -0.2839 -0.1467 0.2454 0.0186 -0.3768 -0.3314 -0.2485 0.0329 0.1660 -0.2102 -0.3676 -0.3047 -0.1958 0.2725 0.0936 -0.3545 -0.3517 -0.2785 -0.1349 0.2378 0.0104 -0.3767 -0.3314 -0.2501 0.0140 0.1723 -0.1840 -0.3691 -0.3083 -0.2037 0.2623 0.1055 -0.3417 -0.3551 -0.2836 -0.1493 0.2509 0.0320 -0.3765 -0.3360 -0.2576 -0.0373 0.1857 -0.1327 -0.3581
-0.1255 0.1916 -0.0545 -0.2600 -0.3379 -0.3759 0.0401 0.2562 -0.1552 -0.2858 -0.3566 -0.3341 0.1112 0.2536 -0.2079 -0.3105 -0.3700 -0.1620 0.1782 -0.0101 -0.2539 -0.3334 -0.3768 0.0200 0.2434 -0.1412 -0.2806 -0.3532 -0.3494 0.0988 0.2691 -0.1993 -0.3063 -0.3683 -0.1972 0.1698 0.0191 -0.2503 -0.3321 -0.3768 0.0203 0.2459 -0.1467 -0.2837 -0.3560 -0.3324 0.1160 0.2364 -0.2153 -0.3130 -0.3613 -0.3130 -0.2153 0.2364 0.1160 -0.3324 -0.3560 -0.2837 -0.1467 0.2459 0.0203 -0.3768 -0.3321 -0.2503 0.0191 0.1698 -0.1972 -0.3683 -0.3063 -0.1993 0.2691 0.0988 -0.3494 -0.3532 -0.2806 -0.1412 0.2434 0.0200 -0.3768 -0.3334 -0.2539 -0.0101 0.1782 -0.1620 -0.3700 -0.3105 -0.2079 0.2536 0.1112 -0.3341 -0.3566 -0.2858 -0.1552 0.2562 0.0401 -0.3759 -0.3379 -0.2600 -0.0545 0.1916 -0.1255
0.1945 -0.0694 -0.2624 -0.3397 -0.3749 0.0478 0.2612 -0.1607 -0.2881 -0.3581 -0.3255 0.1169 0.2420 -0.2122 -0.3127 -0.3709 -0.1399 0.1838 -0.0311 -0.2568 -0.3353 -0.3766 0.0290 0.2490 -0.1473 -0.2828 -0.3547 -0.3434 0.1042 0.2637 -0.2031 -0.3082 -0.3691 -0.1815 0.1740 0.0032 -0.2528 -0.3331 -0.3768 0.0236 0.2474 -0.1478 -0.2839 -0.3560 -0.3331 0.1151 0.2387 -0.2155 -0.3152 -0.3768 -0.3514 -0.3768 -0.3152 -0.2155 0.2387 0.1151 -0.3331 -0.3560 -0.2839 -0.1478 0.2474 0.0236 -0.3768 -0.3331 -0.2528 0.0032 0.1740 -0.1815 -0.3691 -0.3082 -0.2031 0.2637 0.1042 -0.3434 -0.3547 -0.2828 -0.1473 0.2490 0.0290 -0.3766 -0.3353 -0.2568 -0.0311 0.1838 -0.1399 -0.3709 -0.3127 -0.2122 0.2420 0.1169 -0.3255 -0.3581 -0.2881 -0.1607 0.2612 0.0478 -0.3749 -0.3397 -0.2624 -0.0694 0.1945
-0.0797 -0.2647 -0.3416 -0.3736 0.0550 0.2656 -0.1660 -0.2904 -0.3595 -0.3157 0.1227 0.2274 -0.2163 -0.3148 -0.3717 -0.1180 0.1895 -0.0489 -0.2592 -0.3372 -0.3761 0.0373 0.2544 -0.1532 -0.2851 -0.3562 -0.3365 0.1096 0.2561 -0.2070 -0.3101 -0.3699 -0.1634 0.1784 -0.0134 -0.2550 -0.3343 -0.3767 0.0280 0.2498 -0.1498 -0.2845 -0.3563 -0.3324 0.1151 0.2397 -0.2151 -0.3153 -0.3728 -0.1350 0.1012 -0.1350 -0.3728 -0.3153 -0.2151 0.2397 0.1151 -0.3324 -0.3563 -0.2845 -0.1498 0.2498 0.0280 -0.3767 -0.3343 -0.2550 -0.0134 0.1784 -0.1634 -0.3699 -0.3101 -0.2070 0.2561 0.1096 -0.3365 -0.3562 -0.2851 -0.1532 0.2544 0.0373 -0.3761 -0.3372 -0.2592 -0.0489 0.1895 -0.1180 -0.3717 -0.3148 -0.2163 0.2274 0.1227 -0.3157 -0.3595 -0.2904 -0.1660 0.2656 0.0550 -0.3736 -0.3416 -0.2647 -0.0797
-0.2493 -0.3434 -0.3718 0.0618 0.2693 -0.1710 -0.2926 -0.3609 -0.3049 0.1283 0.2097 -0.2204 -0.3169 -0.3725 -0.0972 0.1951 -0.0642 -0.2615 -0.3391 -0.3753 0.0450 0.2594 -0.1587 -0.2873 -0.3576 -0.3286 0.1150 0.2460 -0.2109 -0.3121 -0.3707 -0.1439 0.1831 -0.0299 -0.2569 -0.3356 -0.3765 0.0330 0.2527 -0.1526 -0.2854 -0.3568 -0.3304 0.1160 0.2387 -0.2151 -0.3152 -0.3724 -0.0998 0.1813 0.2636 0.1813 -0.0998 -0.3724 -0.3152 -0.2151 0.2387 0.1160 -0.3304 -0.3568 -0.2854 -0.1526 0.2527 0.0330 -0.3765 -0.3356 -0.2569 -0.0299 0.1831 -0.1439 -0.3707 -0.3121 -0.2109 0.2460 0.1150 -0.3286 -0.3576 -0.2873 -0.1587 0.2594 0.0450 -0.3753 -0.3391 -0.2615 -0.0642 0.1951 -0.0972 -0.3725 -0.3169 -0.2204 0.2097 0.1283 -0.3049 -0.3609 -0.2926 -0.1710 0.2693 0.0618 -0.3718 -0.3434 -0.2493
-0.3296 -0.3698 0.0679 0.2721 -0.1755 -0.2947 -0.3622 -0.2936 0.1335 0.1905 -0.2242 -0.3189 -0.3733 -0.0792 0.2004 -0.0766 -0.2636 -0.3409 -0.3742 0.0518 0.2637 -0.1636 -0.2894 -0.3591 -0.3202 0.1201 0.2341 -0.2146 -0.3140 -0.3716 -0.1255 0.1877 -0.0445 -0.2587 -0.3371 -0.3761 0.0381 0.2557 -0.1555 -0.2865 -0.3575 -0.3276 0.1173 0.2364 -0.2155 -0.3153 -0.3724 -0.0953 0.1964 -0.0435 -0.2119 -0.0435 0.1964 -0.0953 -0.3724 -0.3153 -0.2155 0.2364 0.1173 -0.3276 -0.3575 -0.2865 -0.1555 0.2557 0.0381 -0.3761 -0.3371 -0.2587 -0.0445 0.1877 -0.1255 -0.3716 -0.3140 -0.2146 0.2341 0.1201 -0.3202 -0.3591 -0.2894 -0.1636 0.2637 0.0518 -0.3742 -0.3409 -0.2636 -0.0766 0.2004 -0.0792 -0.3733 -0.3189 -0.2242 0.1905 0.1335 -0.2936 -0.3622 -0.2947 -0.1755 0.2721 0.0679 -0.3698 -0.3296
-0.3606 0.0715 0.2736 -0.1784 -0.2961 -0.3637 -0.2855 0.1364 0.1768 -0.2268 -0.3204 -0.3742 -0.0680 0.2037 -0.0837 -0.2650 -0.3425 -0.3732 0.0558 0.2662 -0.1668 -0.2908 -0.3606 -0.3141 0.1229 0.2252 -0.2172 -0.3155 -0.3726 -0.1137 0.1906 -0.0529 -0.2598 -0.3384 -0.3757 0.0410 0.2574 -0.1572 -0.2871 -0.3585 -0.3263 0.1172 0.2367 -0.2153 -0.3152 -0.3728 -0.0998 0.1964 -0.0691 -0.2586 -0.3110 -0.2586 -0.0691 0.1964 -0.0998 -0.3728 -0.3152 -0.2153 0.2367 0.1172 -0.3263 -0.3585 -0.2871 -0.1572 0.2574 0.0410 -0.3757 -0.3384 -0.2598 -0.0529 0.1906 -0.1137 -0.3726 -0.3155 -0.2172 0.2252 0.1229 -0.3141 -0.3606 -0.2908 -0.1668 0.2662 0.0558 -0.3732 -0.3425 -0.2650 -0.0837 0.2037 -0.0680 -0.3742 -0.3204 -0.2268 0.1768 0.1364 -0.2855 -0.3637 -0.2961 -0.1784 0.2736 0.0715 -0.3606
0.0583 0.2707 -0.1732 -0.2943 -0.3670 -0.2976 0.1285 0.2043 -0.2230 -0.3197 -0.3788 -0.0860 0.1926 -0.0686 -0.2623 -0.3434 -0.3761 0.0483 0.2613 -0.1610 -0.2889 -0.3635 -0.3231 0.1156 0.2435 -0.2132 -0.3145 -0.3772 -0.1346 0.1793 -0.0310 -0.2568 -0.3388 -0.3789 0.0317 0.2498 -0.1496 -0.2844 -0.3606 -0.3365 0.1079 0.2567 -0.2091 -0.3130 -0.3768 -0.1350 0.1813 -0.0435 -0.2586 -0.3402 -0.3858 -0.3402 -0.2586 -0.0435 0.1813 -0.1350 -0.3768 -0.3130 -0.2091 0.2567 0.1079 -0.3365 -0.3606 -0.2844 -0.1496 0.2498 0.0317 -0.3789 -0.3388 -0.2568 -0.0310 0.1793 -0.1346 -0.3772 -0.3145 -0.2132 0.2435 0.1156 -0.3231 -0.3635 -0.2889 -0.1610 0.2613 0.0483 -0.3761 -0.3434 -0.2623 -0.0686 0.1926 -0.0860 -0.3788 -0.3197 -0.2230 0.2043 0.1285 -0.2976 -0.3670 -0.2943 -0.1732 0.2707 0.0583
0.1900 -0.0665 -0.2613 -0.3452 -0.3847 0.0493 0.2561 -0.1646 -0.2884 -0.3672 -0.3273 0.1143 0.2454 -0.2184 -0.3148 -0.3833 -0.1314 0.1778 -0.0242 -0.2555 -0.3401 -0.3875 0.0315 0.2437 -0.1499 -0.2828 -0.3630 -0.3477 0.1020 0.2648 -0.2103 -0.3095 -0.3807 -0.1807 0.1651 0.0260 -0.2496 -0.3358 -0.3884 0.0171 0.2351 -0.1410 -0.2802 -0.3613 -0.3514 0.1012 0.2636 -0.2119 -0.3110 -0.3858 -0.3774 -0.3858 -0.3110 -0.2119 0.2636 0.1012 -0.3514 -0.3613 -0.2802 -0.1410 0.2351 0.0171 -0.3884 -0.3358 -0.2496 0.0260 0.1651 -0.1807 -0.3807 -0.3095 -0.2103 0.2648 0.1020 -0.3477 -0.3630 -0.2828 -0.1499 0.2437 0.0315 -0.3875 -0.3401 -0.2555 -0.0242 0.1778 -0.1314 -0.3833 -0.3148 -0.2184 0.2454 0.1143 -0.3273 -0.3672 -0.2884 -0.1646 0.2561 0.0493 -0.3847 -0.3452 -0.2613 -0.0665 0.1900
