1.0000 0.0001 0.0011 0.0147 0.1912 1.0000 1.0000 0.0003 0.0038 0.0489 0.6360 1.0000 0.0001 0.0010 0.0125 0.1626 1.0000 1.0000 0.0002 0.0032 0.0417 0.5421 1.0000 0.0001 0.0008 0.0107 0.1386 1.0000 1.0000 0.0002 0.0027 0.0355 0.4611 1.0000 0.0001 0.0007 0.0091 0.1179 1.0000 1.0000 0.0002 0.0023 0.0302 0.3923 1.0000 1.0000 0.0006 0.0076 0.0960 1.0000 1.0000 1.0000 0.0960 0.0076 0.0006 1.0000 1.0000 0.3923 0.0302 0.0023 0.0002 1.0000 1.0000 0.1179 0.0091 0.0007 0.0001 1.0000 0.4611 0.0355 0.0027 0.0002 1.0000 1.0000 0.1386 0.0107 0.0008 0.0001 1.0000 0.5421 0.0417 0.0032 0.0002 1.0000 1.0000 0.1626 0.0125 0.0010 0.0001 1.0000 0.6360 0.0489 0.0038 0.0003 1.0000 1.0000 0.1912 0.0147 0.0011 0.0001 1.0000
0.0001 0.0011 0.0147 0.1901 1.0000 1.0000 0.0003 0.0037 0.0482 0.6264 1.0000 0.0001 0.0009 0.0123 0.1605 1.0000 1.0000 0.0002 0.0032 0.0410 0.5339 1.0000 0.0001 0.0008 0.0105 0.1365 1.0000 1.0000 0.0002 0.0027 0.0349 0.4542 1.0000 0.0001 0.0007 0.0089 0.1162 1.0000 1.0000 0.0002 0.0023 0.0297 0.3864 1.0000 1.0000 0.0006 0.0076 0.0977 1.0000 1.0000 1.0000 1.0000 1.0000 0.0977 0.0076 0.0006 1.0000 1.0000 0.3864 0.0297 0.0023 0.0002 1.0000 1.0000 0.1162 0.0089 0.0007 0.0001 1.0000 0.4542 0.0349 0.0027 0.0002 1.0000 1.0000 0.1365 0.0105 0.0008 0.0001 1.0000 0.5339 0.0410 0.0032 0.0002 1.0000 1.0000 0.1605 0.0123 0.0009 0.0001 1.0000 0.6264 0.0482 0.0037 0.0003 1.0000 1.0000 0.1901 0.0147 0.0011 0.0001
0.0011 0.0147 0.1854 1.0000 1.0000 0.0003 0.0035 0.0451 0.5860 1.0000 0.0001 0.0009 0.0115 0.1493 1.0000 1.0000 0.0002 0.0029 0.0383 0.4976 1.0000 0.0001 0.0008 0.0098 0.1273 1.0000 1.0000 0.0002 0.0025 0.0325 0.4233 1.0000 1.0000 0.0006 0.0083 0.1083 1.0000 1.0000 0.0002 0.0021 0.0277 0.3601 1.0000 1.0000 0.0005 0.0071 0.0918 1.0000 1.0000 0.0001 0.0006 0.0001 1.0000 1.0000 0.0918 0.0071 0.0005 1.0000 1.0000 0.3601 0.0277 0.0021 0.0002 1.0000 1.0000 0.1083 0.0083 0.0006 1.0000 1.0000 0.4233 0.0325 0.0025 0.0002 1.0000 1.0000 0.1273 0.0098 0.0008 0.0001 1.0000 0.4976 0.0383 0.0029 0.0002 1.0000 1.0000 0.1493 0.0115 0.0009 0.0001 1.0000 0.5860 0.0451 0.0035 0.0003 1.0000 1.0000 0.1854 0.0147 0.0011
0.0147 0.1901 1.0000 1.0000 0.0003 0.0033 0.0427 0.5514 1.0000 0.0001 0.0008 0.0107 0.1394 1.0000 1.0000 0.0002 0.0027 0.0357 0.4638 1.0000 0.0001 0.0007 0.0091 0.1186 1.0000 1.0000 0.0002 0.0023 0.0303 0.3946 1.0000 1.0000 0.0006 0.0078 0.1009 1.0000 1.0000 0.0002 0.0020 0.0258 0.3357 1.0000 1.0000 0.0005 0.0066 0.0857 1.0000 1.0000 0.0001 0.0014 0.0068 0.0014 0.0001 1.0000 1.0000 0.0857 0.0066 0.0005 1.0000 1.0000 0.3357 0.0258 0.0020 0.0002 1.0000 1.0000 0.1009 0.0078 0.0006 1.0000 1.0000 0.3946 0.0303 0.0023 0.0002 1.0000 1.0000 0.1186 0.0091 0.0007 0.0001 1.0000 0.4638 0.0357 0.0027 0.0002 1.0000 1.0000 0.1394 0.0107 0.0008 0.0001 1.0000 0.5514 0.0427 0.0033 0.0003 1.0000 1.0000 0.1901 0.0147
0.1912 1.0000 1.0000 0.0003 0.0033 0.0414 0.5278 1.0000 0.0001 0.0008 0.0100 0.1302 1.0000 1.0000 0.0002 0.0026 0.0332 0.4323 1.0000 1.0000 0.0007 0.0085 0.1105 1.0000 1.0000 0.0002 0.0022 0.0283 0.3678 1.0000 1.0000 0.0006 0.0072 0.0940 1.0000 1.0000 0.0001 0.0018 0.0241 0.3129 1.0000 1.0000 0.0005 0.0061 0.0799 1.0000 1.0000 0.0001 0.0015 0.0170 0.0819 0.0170 0.0015 0.0001 1.0000 1.0000 0.0799 0.0061 0.0005 1.0000 1.0000 0.3129 0.0241 0.0018 0.0001 1.0000 1.0000 0.0940 0.0072 0.0006 1.0000 1.0000 0.3678 0.0283 0.0022 0.0002 1.0000 1.0000 0.1105 0.0085 0.0007 1.0000 1.0000 0.4323 0.0332 0.0026 0.0002 1.0000 1.0000 0.1302 0.0100 0.0008 0.0001 1.0000 0.5278 0.0414 0.0033 0.0003 1.0000 1.0000 0.1912
1.0000 1.0000 0.0003 0.0033 0.0414 0.5198 1.0000 0.0001 0.0007 0.0095 0.1227 1.0000 1.0000 0.0002 0.0024 0.0310 0.4029 1.0000 1.0000 0.0006 0.0079 0.1030 1.0000 1.0000 0.0002 0.0020 0.0264 0.3428 1.0000 1.0000 0.0005 0.0067 0.0877 1.0000 1.0000 0.0001 0.0017 0.0224 0.2916 1.0000 1.0000 0.0004 0.0057 0.0744 0.9682 1.0000 0.0001 0.0014 0.0183 0.2067 0.9924 0.2067 0.0183 0.0014 0.0001 1.0000 0.9682 0.0744 0.0057 0.0004 1.0000 1.0000 0.2916 0.0224 0.0017 0.0001 1.0000 1.0000 0.0877 0.0067 0.0005 1.0000 1.0000 0.3428 0.0264 0.0020 0.0002 1.0000 1.0000 0.1030 0.0079 0.0006 1.0000 1.0000 0.4029 0.0310 0.0024 0.0002 1.0000 1.0000 0.1227 0.0095 0.0007 0.0001 1.0000 0.5198 0.0414 0.0033 0.0003 1.0000 1.0000
1.0000 0.0003 0.0035 0.0427 0.5278 1.0000 0.0001 0.0007 0.0092 0.1173 1.0000 1.0000 0.0002 0.0022 0.0289 0.3755 1.0000 1.0000 0.0006 0.0074 0.0960 1.0000 1.0000 0.0001 0.0019 0.0246 0.3195 1.0000 1.0000 0.0005 0.0063 0.0817 1.0000 1.0000 0.0001 0.0016 0.0209 0.2718 1.0000 1.0000 0.0004 0.0053 0.0694 0.9024 1.0000 0.0001 0.0014 0.0175 0.2213 1.0000 1.0000 1.0000 0.2213 0.0175 0.0014 0.0001 1.0000 0.9024 0.0694 0.0053 0.0004 1.0000 1.0000 0.2718 0.0209 0.0016 0.0001 1.0000 1.0000 0.0817 0.0063 0.0005 1.0000 1.0000 0.3195 0.0246 0.0019 0.0001 1.0000 1.0000 0.0960 0.0074 0.0006 1.0000 1.0000 0.3755 0.0289 0.0022 0.0002 1.0000 1.0000 0.1173 0.0092 0.0007 0.0001 1.0000 0.5278 0.0427 0.0035 0.0003 1.0000
0.0003 0.0037 0.0451 0.5514 1.0000 0.0001 0.0007 0.0090 0.1144 1.0000 1.0000 0.0002 0.0021 0.0273 0.3527 1.0000 1.0000 0.0005 0.0069 0.0895 1.0000 1.0000 0.0001 0.0018 0.0229 0.2978 1.0000 1.0000 0.0005 0.0059 0.0762 0.9905 1.0000 0.0001 0.0015 0.0195 0.2533 1.0000 1.0000 0.0004 0.0050 0.0648 0.8411 1.0000 0.0001 0.0013 0.0164 0.2127 1.0000 1.0000 0.0001 1.0000 1.0000 0.2127 0.0164 0.0013 0.0001 1.0000 0.8411 0.0648 0.0050 0.0004 1.0000 1.0000 0.2533 0.0195 0.0015 0.0001 1.0000 0.9905 0.0762 0.0059 0.0005 1.0000 1.0000 0.2978 0.0229 0.0018 0.0001 1.0000 1.0000 0.0895 0.0069 0.0005 1.0000 1.0000 0.3527 0.0273 0.0021 0.0002 1.0000 1.0000 0.1144 0.0090 0.0007 0.0001 1.0000 0.5514 0.0451 0.0037 0.0003
0.0038 0.0482 0.5860 1.0000 0.0001 0.0007 0.0092 0.1144 1.0000 1.0000 0.0002 0.0020 0.0260 0.3338 1.0000 1.0000 0.0005 0.0064 0.0834 1.0000 1.0000 0.0001 0.0016 0.0213 0.2775 1.0000 1.0000 0.0004 0.0055 0.0710 0.9232 1.0000 0.0001 0.0014 0.0182 0.2361 1.0000 1.0000 0.0004 0.0046 0.0604 0.7839 1.0000 0.0001 0.0012 0.0154 0.1993 1.0000 1.0000 0.0003 0.0012 0.0003 1.0000 1.0000 0.1993 0.0154 0.0012 0.0001 1.0000 0.7839 0.0604 0.0046 0.0004 1.0000 1.0000 0.2361 0.0182 0.0014 0.0001 1.0000 0.9232 0.0710 0.0055 0.0004 1.0000 1.0000 0.2775 0.0213 0.0016 0.0001 1.0000 1.0000 0.0834 0.0064 0.0005 1.0000 1.0000 0.3338 0.0260 0.0020 0.0002 1.0000 1.0000 0.1144 0.0092 0.0007 0.0001 1.0000 0.5860 0.0482 0.0038
0.0489 0.6264 1.0000 0.0001 0.0008 0.0095 0.1173 1.0000 1.0000 0.0002 0.0020 0.0252 0.3213 1.0000 1.0000 0.0005 0.0060 0.0782 1.0000 1.0000 0.0001 0.0015 0.0199 0.2587 1.0000 1.0000 0.0004 0.0051 0.0662 0.8605 1.0000 0.0001 0.0013 0.0169 0.2201 1.0000 1.0000 0.0003 0.0043 0.0563 0.7307 1.0000 0.0001 0.0011 0.0143 0.1862 1.0000 1.0000 0.0003 0.0031 0.0147 0.0031 0.0003 1.0000 1.0000 0.1862 0.0143 0.0011 0.0001 1.0000 0.7307 0.0563 0.0043 0.0003 1.0000 1.0000 0.2201 0.0169 0.0013 0.0001 1.0000 0.8605 0.0662 0.0051 0.0004 1.0000 1.0000 0.2587 0.0199 0.0015 0.0001 1.0000 1.0000 0.0782 0.0060 0.0005 1.0000 1.0000 0.3213 0.0252 0.0020 0.0002 1.0000 1.0000 0.1173 0.0095 0.0008 0.0001 1.0000 0.6264 0.0489
0.6360 1.0000 0.0001 0.0008 0.0100 0.1227 1.0000 1.0000 0.0002 0.0020 0.0249 0.3146 1.0000 1.0000 0.0004 0.0057 0.0740 0.9554 1.0000 0.0001 0.0014 0.0185 0.2411 1.0000 1.0000 0.0004 0.0047 0.0617 0.8020 1.0000 0.0001 0.0012 0.0158 0.2051 1.0000 1.0000 0.0003 0.0040 0.0525 0.6823 1.0000 0.0001 0.0010 0.0134 0.1735 1.0000 1.0000 0.0003 0.0033 0.0371 0.1782 0.0371 0.0033 0.0003 1.0000 1.0000 0.1735 0.0134 0.0010 0.0001 1.0000 0.6823 0.0525 0.0040 0.0003 1.0000 1.0000 0.2051 0.0158 0.0012 0.0001 1.0000 0.8020 0.0617 0.0047 0.0004 1.0000 1.0000 0.2411 0.0185 0.0014 0.0001 1.0000 0.9554 0.0740 0.0057 0.0004 1.0000 1.0000 0.3146 0.0249 0.0020 0.0002 1.0000 1.0000 0.1227 0.0100 0.0008 0.0001 1.0000 0.6360
1.0000 0.0001 0.0009 0.0107 0.1302 1.0000 1.0000 0.0002 0.0020 0.0252 0.3146 1.0000 1.0000 0.0004 0.0055 0.0708 0.9093 1.0000 0.0001 0.0013 0.0174 0.2251 1.0000 1.0000 0.0003 0.0044 0.0575 0.7475 1.0000 0.0001 0.0011 0.0147 0.1912 1.0000 1.0000 0.0003 0.0038 0.0489 0.6360 1.0000 0.0001 0.0010 0.0125 0.1620 1.0000 1.0000 0.0002 0.0031 0.0397 0.4490 1.0000 0.4490 0.0397 0.0031 0.0002 1.0000 1.0000 0.1620 0.0125 0.0010 0.0001 1.0000 0.6360 0.0489 0.0038 0.0003 1.0000 1.0000 0.1912 0.0147 0.0011 0.0001 1.0000 0.7475 0.0575 0.0044 0.0003 1.0000 1.0000 0.2251 0.0174 0.0013 0.0001 1.0000 0.9093 0.0708 0.0055 0.0004 1.0000 1.0000 0.3146 0.0252 0.0020 0.0002 1.0000 1.0000 0.1302 0.0107 0.0009 0.0001 1.0000
0.0001 0.0009 0.0115 0.1394 1.0000 1.0000 0.0002 0.0021 0.0260 0.3213 1.0000 1.0000 0.0004 0.0054 0.0690 0.8770 1.0000 0.0001 0.0013 0.0164 0.2119 1.0000 1.0000 0.0003 0.0041 0.0536 0.6967 1.0000 0.0001 0.0011 0.0137 0.1782 1.0000 1.0000 0.0003 0.0035 0.0456 0.5927 1.0000 0.0001 0.0009 0.0116 0.1510 1.0000 1.0000 0.0002 0.0030 0.0381 0.4809 1.0000 1.0000 1.0000 0.4809 0.0381 0.0030 0.0002 1.0000 1.0000 0.1510 0.0116 0.0009 0.0001 1.0000 0.5927 0.0456 0.0035 0.0003 1.0000 1.0000 0.1782 0.0137 0.0011 0.0001 1.0000 0.6967 0.0536 0.0041 0.0003 1.0000 1.0000 0.2119 0.0164 0.0013 0.0001 1.0000 0.8770 0.0690 0.0054 0.0004 1.0000 1.0000 0.3213 0.0260 0.0021 0.0002 1.0000 1.0000 0.1394 0.0115 0.0009 0.0001
0.0010 0.0123 0.1493 1.0000 1.0000 0.0002 0.0022 0.0273 0.3338 1.0000 1.0000 0.0004 0.0054 0.0683 0.8605 1.0000 0.0001 0.0012 0.0156 0.2009 1.0000 1.0000 0.0003 0.0039 0.0500 0.6494 1.0000 0.0001 0.0010 0.0128 0.1661 1.0000 1.0000 0.0003 0.0033 0.0425 0.5525 1.0000 0.0001 0.0008 0.0108 0.1408 1.0000 1.0000 0.0002 0.0028 0.0358 0.4620 1.0000 1.0000 0.0002 1.0000 1.0000 0.4620 0.0358 0.0028 0.0002 1.0000 1.0000 0.1408 0.0108 0.0008 0.0001 1.0000 0.5525 0.0425 0.0033 0.0003 1.0000 1.0000 0.1661 0.0128 0.0010 0.0001 1.0000 0.6494 0.0500 0.0039 0.0003 1.0000 1.0000 0.2009 0.0156 0.0012 0.0001 1.0000 0.8605 0.0683 0.0054 0.0004 1.0000 1.0000 0.3338 0.0273 0.0022 0.0002 1.0000 1.0000 0.1493 0.0123 0.0010
0.0125 0.1605 1.0000 1.0000 0.0002 0.0024 0.0289 0.3527 1.0000 1.0000 0.0004 0.0055 0.0690 0.8605 1.0000 0.0001 0.0012 0.0151 0.1930 1.0000 1.0000 0.0003 0.0036 0.0470 0.6087 1.0000 0.0001 0.0009 0.0119 0.1548 1.0000 1.0000 0.0002 0.0030 0.0396 0.5149 1.0000 0.0001 0.0008 0.0101 0.1312 1.0000 1.0000 0.0002 0.0026 0.0334 0.4339 1.0000 1.0000 0.0005 0.0026 0.0005 1.0000 1.0000 0.4339 0.0334 0.0026 0.0002 1.0000 1.0000 0.1312 0.0101 0.0008 0.0001 1.0000 0.5149 0.0396 0.0030 0.0002 1.0000 1.0000 0.1548 0.0119 0.0009 0.0001 1.0000 0.6087 0.0470 0.0036 0.0003 1.0000 1.0000 0.1930 0.0151 0.0012 0.0001 1.0000 0.8605 0.0690 0.0055 0.0004 1.0000 1.0000 0.3527 0.0289 0.0024 0.0002 1.0000 1.0000 0.1605 0.0125
0.1626 1.0000 1.0000 0.0002 0.0026 0.0310 0.3755 1.0000 1.0000 0.0005 0.0057 0.0708 0.8770 1.0000 0.0001 0.0012 0.0148 0.1879 1.0000 1.0000 0.0003 0.0035 0.0445 0.5739 1.0000 0.0001 0.0009 0.0111 0.1443 1.0000 1.0000 0.0002 0.0028 0.0369 0.4799 1.0000 0.0001 0.0007 0.0094 0.1225 1.0000 1.0000 0.0002 0.0024 0.0312 0.4044 1.0000 1.0000 0.0006 0.0066 0.0320 0.0066 0.0006 1.0000 1.0000 0.4044 0.0312 0.0024 0.0002 1.0000 1.0000 0.1225 0.0094 0.0007 0.0001 1.0000 0.4799 0.0369 0.0028 0.0002 1.0000 1.0000 0.1443 0.0111 0.0009 0.0001 1.0000 0.5739 0.0445 0.0035 0.0003 1.0000 1.0000 0.1879 0.0148 0.0012 0.0001 1.0000 0.8770 0.0708 0.0057 0.0005 1.0000 1.0000 0.3755 0.0310 0.0026 0.0002 1.0000 1.0000 0.1626
1.0000 1.0000 0.0002 0.0027 0.0332 0.4029 1.0000 1.0000 0.0005 0.0060 0.0740 0.9093 1.0000 0.0001 0.0012 0.0148 0.1865 1.0000 1.0000 0.0003 0.0033 0.0426 0.5452 1.0000 0.0001 0.0008 0.0104 0.1350 1.0000 1.0000 0.0002 0.0026 0.0344 0.4473 1.0000 0.0001 0.0007 0.0088 0.1142 1.0000 1.0000 0.0002 0.0022 0.0290 0.3777 1.0000 1.0000 0.0006 0.0071 0.0806 0.3871 0.0806 0.0071 0.0006 1.0000 1.0000 0.3777 0.0290 0.0022 0.0002 1.0000 1.0000 0.1142 0.0088 0.0007 0.0001 1.0000 0.4473 0.0344 0.0026 0.0002 1.0000 1.0000 0.1350 0.0104 0.0008 0.0001 1.0000 0.5452 0.0426 0.0033 0.0003 1.0000 1.0000 0.1865 0.0148 0.0012 0.0001 1.0000 0.9093 0.0740 0.0060 0.0005 1.0000 1.0000 0.4029 0.0332 0.0027 0.0002 1.0000 1.0000
1.0000 0.0002 0.0029 0.0357 0.4323 1.0000 1.0000 0.0005 0.0064 0.0782 0.9554 1.0000 0.0001 0.0012 0.0151 0.1879 1.0000 1.0000 0.0003 0.0032 0.0412 0.5258 1.0000 0.0001 0.0008 0.0098 0.1270 1.0000 1.0000 0.0002 0.0025 0.0321 0.4169 1.0000 1.0000 0.0006 0.0082 0.1064 1.0000 1.0000 0.0002 0.0021 0.0271 0.3520 1.0000 1.0000 0.0005 0.0068 0.0863 0.9774 1.0000 0.9774 0.0863 0.0068 0.0005 1.0000 1.0000 0.3520 0.0271 0.0021 0.0002 1.0000 1.0000 0.1064 0.0082 0.0006 1.0000 1.0000 0.4169 0.0321 0.0025 0.0002 1.0000 1.0000 0.1270 0.0098 0.0008 0.0001 1.0000 0.5258 0.0412 0.0032 0.0003 1.0000 1.0000 0.1879 0.0151 0.0012 0.0001 1.0000 0.9554 0.0782 0.0064 0.0005 1.0000 1.0000 0.4323 0.0357 0.0029 0.0002 1.0000
0.0002 0.0032 0.0383 0.4638 1.0000 1.0000 0.0006 0.0069 0.0834 1.0000 1.0000 0.0001 0.0013 0.0156 0.1930 1.0000 1.0000 0.0003 0.0032 0.0405 0.5130 1.0000 0.0001 0.0007 0.0094 0.1204 1.0000 1.0000 0.0002 0.0023 0.0299 0.3886 1.0000 1.0000 0.0006 0.0076 0.0992 1.0000 1.0000 0.0001 0.0019 0.0253 0.3281 1.0000 1.0000 0.0005 0.0064 0.0830 1.0000 1.0000 1.0000 1.0000 1.0000 0.0830 0.0064 0.0005 1.0000 1.0000 0.3281 0.0253 0.0019 0.0001 1.0000 1.0000 0.0992 0.0076 0.0006 1.0000 1.0000 0.3886 0.0299 0.0023 0.0002 1.0000 1.0000 0.1204 0.0094 0.0007 0.0001 1.0000 0.5130 0.0405 0.0032 0.0003 1.0000 1.0000 0.1930 0.0156 0.0013 0.0001 1.0000 1.0000 0.0834 0.0069 0.0006 1.0000 1.0000 0.4638 0.0383 0.0032 0.0002
0.0032 0.0410 0.4976 1.0000 1.0000 0.0006 0.0074 0.0895 1.0000 1.0000 0.0001 0.0013 0.0164 0.2009 1.0000 1.0000 0.0003 0.0032 0.0405 0.5091 1.0000 0.0001 0.0007 0.0090 0.1155 1.0000 1.0000 0.0002 0.0022 0.0281 0.3643 1.0000 1.0000 0.0005 0.0071 0.0925 1.0000 1.0000 0.0001 0.0018 0.0236 0.3064 1.0000 1.0000 0.0005 0.0060 0.0778 1.0000 1.0000 0.0001 0.0005 0.0001 1.0000 1.0000 0.0778 0.0060 0.0005 1.0000 1.0000 0.3064 0.0236 0.0018 0.0001 1.0000 1.0000 0.0925 0.0071 0.0005 1.0000 1.0000 0.3643 0.0281 0.0022 0.0002 1.0000 1.0000 0.1155 0.0090 0.0007 0.0001 1.0000 0.5091 0.0405 0.0032 0.0003 1.0000 1.0000 0.2009 0.0164 0.0013 0.0001 1.0000 1.0000 0.0895 0.0074 0.0006 1.0000 1.0000 0.4976 0.0410 0.0032
0.0417 0.5339 1.0000 0.0001 0.0007 0.0079 0.0960 1.0000 1.0000 0.0001 0.0014 0.0174 0.2119 1.0000 1.0000 0.0003 0.0033 0.0412 0.5130 1.0000 0.0001 0.0007 0.0088 0.1120 1.0000 1.0000 0.0002 0.0021 0.0266 0.3434 1.0000 1.0000 0.0005 0.0066 0.0863 1.0000 1.0000 0.0001 0.0017 0.0220 0.2856 1.0000 1.0000 0.0004 0.0056 0.0726 0.9427 1.0000 0.0001 0.0012 0.0057 0.0012 0.0001 1.0000 0.9427 0.0726 0.0056 0.0004 1.0000 1.0000 0.2856 0.0220 0.0017 0.0001 1.0000 1.0000 0.0863 0.0066 0.0005 1.0000 1.0000 0.3434 0.0266 0.0021 0.0002 1.0000 1.0000 0.1120 0.0088 0.0007 0.0001 1.0000 0.5130 0.0412 0.0033 0.0003 1.0000 1.0000 0.2119 0.0174 0.0014 0.0001 1.0000 1.0000 0.0960 0.0079 0.0007 0.0001 1.0000 0.5339 0.0417
0.5421 1.0000 0.0001 0.0007 0.0085 0.1030 1.0000 1.0000 0.0001 0.0015 0.0185 0.2251 1.0000 1.0000 0.0003 0.0035 0.0426 0.5258 1.0000 0.0001 0.0007 0.0087 0.1103 1.0000 1.0000 0.0002 0.0020 0.0254 0.3262 1.0000 1.0000 0.0005 0.0062 0.0808 1.0000 1.0000 0.0001 0.0016 0.0205 0.2662 1.0000 1.0000 0.0004 0.0052 0.0678 0.8804 1.0000 0.0001 0.0013 0.0145 0.0695 0.0145 0.0013 0.0001 1.0000 0.8804 0.0678 0.0052 0.0004 1.0000 1.0000 0.2662 0.0205 0.0016 0.0001 1.0000 1.0000 0.0808 0.0062 0.0005 1.0000 1.0000 0.3262 0.0254 0.0020 0.0002 1.0000 1.0000 0.1103 0.0087 0.0007 0.0001 1.0000 0.5258 0.0426 0.0035 0.0003 1.0000 1.0000 0.2251 0.0185 0.0015 0.0001 1.0000 1.0000 0.1030 0.0085 0.0007 0.0001 1.0000 0.5421
1.0000 0.0001 0.0008 0.0091 0.1105 1.0000 1.0000 0.0001 0.0016 0.0199 0.2411 1.0000 1.0000 0.0003 0.0036 0.0445 0.5452 1.0000 0.0001 0.0007 0.0088 0.1103 1.0000 1.0000 0.0002 0.0019 0.0245 0.3129 1.0000 1.0000 0.0005 0.0059 0.0760 0.9830 1.0000 0.0001 0.0015 0.0191 0.2485 1.0000 1.0000 0.0004 0.0049 0.0632 0.8205 1.0000 0.0001 0.0012 0.0155 0.1755 0.8427 0.1755 0.0155 0.0012 0.0001 1.0000 0.8205 0.0632 0.0049 0.0004 1.0000 1.0000 0.2485 0.0191 0.0015 0.0001 1.0000 0.9830 0.0760 0.0059 0.0005 1.0000 1.0000 0.3129 0.0245 0.0019 0.0002 1.0000 1.0000 0.1103 0.0088 0.0007 0.0001 1.0000 0.5452 0.0445 0.0036 0.0003 1.0000 1.0000 0.2411 0.0199 0.0016 0.0001 1.0000 1.0000 0.1105 0.0091 0.0008 0.0001 1.0000
0.0001 0.0008 0.0098 0.1186 1.0000 1.0000 0.0001 0.0018 0.0213 0.2587 1.0000 1.0000 0.0003 0.0039 0.0470 0.5739 1.0000 0.0001 0.0007 0.0090 0.1120 1.0000 1.0000 0.0002 0.0019 0.0240 0.3041 1.0000 1.0000 0.0004 0.0056 0.0721 0.9285 1.0000 0.0001 0.0014 0.0179 0.2325 1.0000 1.0000 0.0003 0.0045 0.0589 0.7662 1.0000 0.0001 0.0012 0.0149 0.1879 1.0000 1.0000 1.0000 0.1879 0.0149 0.0012 0.0001 1.0000 0.7662 0.0589 0.0045 0.0003 1.0000 1.0000 0.2325 0.0179 0.0014 0.0001 1.0000 0.9285 0.0721 0.0056 0.0004 1.0000 1.0000 0.3041 0.0240 0.0019 0.0002 1.0000 1.0000 0.1120 0.0090 0.0007 0.0001 1.0000 0.5739 0.0470 0.0039 0.0003 1.0000 1.0000 0.2587 0.0213 0.0018 0.0001 1.0000 1.0000 0.1186 0.0098 0.0008 0.0001
0.0008 0.0105 0.1273 1.0000 1.0000 0.0002 0.0019 0.0229 0.2775 1.0000 1.0000 0.0003 0.0041 0.0500 0.6087 1.0000 0.0001 0.0008 0.0094 0.1155 1.0000 1.0000 0.0002 0.0019 0.0238 0.2995 1.0000 1.0000 0.0004 0.0054 0.0688 0.8837 1.0000 0.0001 0.0013 0.0168 0.2180 1.0000 1.0000 0.0003 0.0042 0.0551 0.7155 1.0000 0.0001 0.0011 0.0140 0.1806 1.0000 1.0000 0.0001 1.0000 1.0000 0.1806 0.0140 0.0011 0.0001 1.0000 0.7155 0.0551 0.0042 0.0003 1.0000 1.0000 0.2180 0.0168 0.0013 0.0001 1.0000 0.8837 0.0688 0.0054 0.0004 1.0000 1.0000 0.2995 0.0238 0.0019 0.0002 1.0000 1.0000 0.1155 0.0094 0.0008 0.0001 1.0000 0.6087 0.0500 0.0041 0.0003 1.0000 1.0000 0.2775 0.0229 0.0019 0.0002 1.0000 1.0000 0.1273 0.0105 0.0008
0.0107 0.1365 1.0000 1.0000 0.0002 0.0020 0.0246 0.2978 1.0000 1.0000 0.0004 0.0044 0.0536 0.6494 1.0000 0.0001 0.0008 0.0098 0.1204 1.0000 1.0000 0.0002 0.0019 0.0240 0.2995 1.0000 1.0000 0.0004 0.0052 0.0665 0.8491 1.0000 0.0001 0.0012 0.0159 0.2051 1.0000 1.0000 0.0003 0.0040 0.0516 0.6695 1.0000 0.0001 0.0010 0.0131 0.1696 1.0000 1.0000 0.0002 0.0010 0.0002 1.0000 1.0000 0.1696 0.0131 0.0010 0.0001 1.0000 0.6695 0.0516 0.0040 0.0003 1.0000 1.0000 0.2051 0.0159 0.0012 0.0001 1.0000 0.8491 0.0665 0.0052 0.0004 1.0000 1.0000 0.2995 0.0240 0.0019 0.0002 1.0000 1.0000 0.1204 0.0098 0.0008 0.0001 1.0000 0.6494 0.0536 0.0044 0.0004 1.0000 1.0000 0.2978 0.0246 0.0020 0.0002 1.0000 1.0000 0.1365 0.0107
0.1386 1.0000 1.0000 0.0002 0.0022 0.0264 0.3195 1.0000 1.0000 0.0004 0.0047 0.0575 0.6967 1.0000 0.0001 0.0009 0.0104 0.1270 1.0000 1.0000 0.0002 0.0020 0.0245 0.3041 1.0000 1.0000 0.0004 0.0051 0.0650 0.8252 1.0000 0.0001 0.0012 0.0152 0.1948 1.0000 1.0000 0.0003 0.0037 0.0482 0.6264 1.0000 0.0001 0.0009 0.0122 0.1587 1.0000 1.0000 0.0002 0.0026 0.0125 0.0026 0.0002 1.0000 1.0000 0.1587 0.0122 0.0009 0.0001 1.0000 0.6264 0.0482 0.0037 0.0003 1.0000 1.0000 0.1948 0.0152 0.0012 0.0001 1.0000 0.8252 0.0650 0.0051 0.0004 1.0000 1.0000 0.3041 0.0245 0.0020 0.0002 1.0000 1.0000 0.1270 0.0104 0.0009 0.0001 1.0000 0.6967 0.0575 0.0047 0.0004 1.0000 1.0000 0.3195 0.0264 0.0022 0.0002 1.0000 1.0000 0.1386
1.0000 1.0000 0.0002 0.0023 0.0283 0.3428 1.0000 1.0000 0.0004 0.0051 0.0617 0.7475 1.0000 0.0001 0.0009 0.0111 0.1350 1.0000 1.0000 0.0002 0.0021 0.0254 0.3129 1.0000 1.0000 0.0004 0.0051 0.0645 0.8128 1.0000 0.0001 0.0011 0.0146 0.1865 1.0000 1.0000 0.0003 0.0035 0.0454 0.5882 1.0000 0.0001 0.0009 0.0114 0.1484 1.0000 1.0000 0.0002 0.0028 0.0316 0.1516 0.0316 0.0028 0.0002 1.0000 1.0000 0.1484 0.0114 0.0009 0.0001 1.0000 0.5882 0.0454 0.0035 0.0003 1.0000 1.0000 0.1865 0.0146 0.0011 0.0001 1.0000 0.8128 0.0645 0.0051 0.0004 1.0000 1.0000 0.3129 0.0254 0.0021 0.0002 1.0000 1.0000 0.1350 0.0111 0.0009 0.0001 1.0000 0.7475 0.0617 0.0051 0.0004 1.0000 1.0000 0.3428 0.0283 0.0023 0.0002 1.0000 1.0000
1.0000 0.0002 0.0025 0.0303 0.3678 1.0000 1.0000 0.0005 0.0055 0.0662 0.8020 1.0000 0.0001 0.0010 0.0119 0.1443 1.0000 1.0000 0.0002 0.0022 0.0266 0.3262 1.0000 1.0000 0.0004 0.0052 0.0650 0.8128 1.0000 0.0001 0.0011 0.0142 0.1806 1.0000 1.0000 0.0003 0.0033 0.0430 0.5556 1.0000 0.0001 0.0008 0.0107 0.1389 1.0000 1.0000 0.0002 0.0027 0.0338 0.3827 1.0000 0.3827 0.0338 0.0027 0.0002 1.0000 1.0000 0.1389 0.0107 0.0008 0.0001 1.0000 0.5556 0.0430 0.0033 0.0003 1.0000 1.0000 0.1806 0.0142 0.0011 0.0001 1.0000 0.8128 0.0650 0.0052 0.0004 1.0000 1.0000 0.3262 0.0266 0.0022 0.0002 1.0000 1.0000 0.1443 0.0119 0.0010 0.0001 1.0000 0.8020 0.0662 0.0055 0.0005 1.0000 1.0000 0.3678 0.0303 0.0025 0.0002 1.0000
0.0002 0.0027 0.0325 0.3946 1.0000 1.0000 0.0005 0.0059 0.0710 0.8605 1.0000 0.0001 0.0011 0.0128 0.1548 1.0000 1.0000 0.0002 0.0023 0.0281 0.3434 1.0000 1.0000 0.0004 0.0054 0.0665 0.8252 1.0000 0.0001 0.0011 0.0140 0.1765 1.0000 1.0000 0.0003 0.0032 0.0410 0.5278 1.0000 0.0001 0.0008 0.0100 0.1302 1.0000 1.0000 0.0002 0.0025 0.0325 0.4106 1.0000 1.0000 1.0000 0.4106 0.0325 0.0025 0.0002 1.0000 1.0000 0.1302 0.0100 0.0008 0.0001 1.0000 0.5278 0.0410 0.0032 0.0003 1.0000 1.0000 0.1765 0.0140 0.0011 0.0001 1.0000 0.8252 0.0665 0.0054 0.0004 1.0000 1.0000 0.3434 0.0281 0.0023 0.0002 1.0000 1.0000 0.1548 0.0128 0.0011 0.0001 1.0000 0.8605 0.0710 0.0059 0.0005 1.0000 1.0000 0.3946 0.0325 0.0027 0.0002
0.0027 0.0349 0.4233 1.0000 1.0000 0.0005 0.0063 0.0762 0.9232 1.0000 0.0001 0.0011 0.0137 0.1661 1.0000 1.0000 0.0002 0.0025 0.0299 0.3643 1.0000 1.0000 0.0005 0.0056 0.0688 0.8491 1.0000 0.0001 0.0011 0.0140 0.1755 1.0000 1.0000 0.0002 0.0031 0.0395 0.5052 1.0000 0.0001 0.0007 0.0095 0.1225 1.0000 1.0000 0.0002 0.0024 0.0307 0.3953 1.0000 1.0000 0.0002 1.0000 1.0000 0.3953 0.0307 0.0024 0.0002 1.0000 1.0000 0.1225 0.0095 0.0007 0.0001 1.0000 0.5052 0.0395 0.0031 0.0002 1.0000 1.0000 0.1755 0.0140 0.0011 0.0001 1.0000 0.8491 0.0688 0.0056 0.0005 1.0000 1.0000 0.3643 0.0299 0.0025 0.0002 1.0000 1.0000 0.1661 0.0137 0.0011 0.0001 1.0000 0.9232 0.0762 0.0063 0.0005 1.0000 1.0000 0.4233 0.0349 0.0027
0.0355 0.4542 1.0000 1.0000 0.0006 0.0067 0.0817 0.9905 1.0000 0.0001 0.0012 0.0147 0.1782 1.0000 1.0000 0.0002 0.0026 0.0321 0.3886 1.0000 1.0000 0.0005 0.0059 0.0721 0.8837 1.0000 0.0001 0.0011 0.0142 0.1765 1.0000 1.0000 0.0002 0.0030 0.0385 0.4892 1.0000 0.0001 0.0007 0.0090 0.1162 1.0000 1.0000 0.0002 0.0022 0.0288 0.3727 1.0000 1.0000 0.0005 0.0023 0.0005 1.0000 1.0000 0.3727 0.0288 0.0022 0.0002 1.0000 1.0000 0.1162 0.0090 0.0007 0.0001 1.0000 0.4892 0.0385 0.0030 0.0002 1.0000 1.0000 0.1765 0.0142 0.0011 0.0001 1.0000 0.8837 0.0721 0.0059 0.0005 1.0000 1.0000 0.3886 0.0321 0.0026 0.0002 1.0000 1.0000 0.1782 0.0147 0.0012 0.0001 1.0000 0.9905 0.0817 0.0067 0.0006 1.0000 1.0000 0.4542 0.0355
0.4611 1.0000 1.0000 0.0006 0.0072 0.0877 1.0000 1.0000 0.0001 0.0013 0.0158 0.1912 1.0000 1.0000 0.0002 0.0028 0.0344 0.4169 1.0000 1.0000 0.0005 0.0062 0.0760 0.9285 1.0000 0.0001 0.0012 0.0146 0.1806 1.0000 1.0000 0.0002 0.0030 0.0379 0.4790 1.0000 0.0001 0.0007 0.0087 0.1112 1.0000 1.0000 0.0002 0.0021 0.0271 0.3507 1.0000 1.0000 0.0005 0.0057 0.0274 0.0057 0.0005 1.0000 1.0000 0.3507 0.0271 0.0021 0.0002 1.0000 1.0000 0.1112 0.0087 0.0007 0.0001 1.0000 0.4790 0.0379 0.0030 0.0002 1.0000 1.0000 0.1806 0.0146 0.0012 0.0001 1.0000 0.9285 0.0760 0.0062 0.0005 1.0000 1.0000 0.4169 0.0344 0.0028 0.0002 1.0000 1.0000 0.1912 0.0158 0.0013 0.0001 1.0000 1.0000 0.0877 0.0072 0.0006 1.0000 1.0000 0.4611
1.0000 0.0001 0.0006 0.0078 0.0940 1.0000 1.0000 0.0001 0.0014 0.0169 0.2051 1.0000 1.0000 0.0003 0.0030 0.0369 0.4473 1.0000 1.0000 0.0005 0.0066 0.0808 0.9830 1.0000 0.0001 0.0012 0.0152 0.1865 1.0000 1.0000 0.0002 0.0030 0.0379 0.4763 1.0000 0.0001 0.0007 0.0084 0.1072 1.0000 1.0000 0.0002 0.0020 0.0257 0.3312 1.0000 1.0000 0.0005 0.0061 0.0692 0.3325 0.0692 0.0061 0.0005 1.0000 1.0000 0.3312 0.0257 0.0020 0.0002 1.0000 1.0000 0.1072 0.0084 0.0007 0.0001 1.0000 0.4763 0.0379 0.0030 0.0002 1.0000 1.0000 0.1865 0.0152 0.0012 0.0001 1.0000 0.9830 0.0808 0.0066 0.0005 1.0000 1.0000 0.4473 0.0369 0.0030 0.0003 1.0000 1.0000 0.2051 0.0169 0.0014 0.0001 1.0000 1.0000 0.0940 0.0078 0.0006 0.0001 1.0000
0.0001 0.0007 0.0083 0.1009 1.0000 1.0000 0.0001 0.0015 0.0182 0.2201 1.0000 1.0000 0.0003 0.0033 0.0396 0.4799 1.0000 1.0000 0.0006 0.0071 0.0863 1.0000 1.0000 0.0001 0.0013 0.0159 0.1948 1.0000 1.0000 0.0003 0.0031 0.0385 0.4790 1.0000 0.0001 0.0007 0.0082 0.1044 1.0000 1.0000 0.0001 0.0019 0.0244 0.3146 1.0000 1.0000 0.0005 0.0059 0.0747 0.8427 1.0000 0.8427 0.0747 0.0059 0.0005 1.0000 1.0000 0.3146 0.0244 0.0019 0.0001 1.0000 1.0000 0.1044 0.0082 0.0007 0.0001 1.0000 0.4790 0.0385 0.0031 0.0003 1.0000 1.0000 0.1948 0.0159 0.0013 0.0001 1.0000 1.0000 0.0863 0.0071 0.0006 1.0000 1.0000 0.4799 0.0396 0.0033 0.0003 1.0000 1.0000 0.2201 0.0182 0.0015 0.0001 1.0000 1.0000 0.1009 0.0083 0.0007 0.0001
0.0007 0.0089 0.1083 1.0000 1.0000 0.0001 0.0016 0.0195 0.2361 1.0000 1.0000 0.0003 0.0035 0.0425 0.5149 1.0000 0.0001 0.0006 0.0076 0.0925 1.0000 1.0000 0.0001 0.0014 0.0168 0.2051 1.0000 1.0000 0.0003 0.0032 0.0395 0.4892 1.0000 0.0001 0.0007 0.0082 0.1030 1.0000 1.0000 0.0001 0.0018 0.0235 0.3006 1.0000 1.0000 0.0004 0.0056 0.0725 0.9093 1.0000 1.0000 1.0000 0.9093 0.0725 0.0056 0.0004 1.0000 1.0000 0.3006 0.0235 0.0018 0.0001 1.0000 1.0000 0.1030 0.0082 0.0007 0.0001 1.0000 0.4892 0.0395 0.0032 0.0003 1.0000 1.0000 0.2051 0.0168 0.0014 0.0001 1.0000 1.0000 0.0925 0.0076 0.0006 0.0001 1.0000 0.5149 0.0425 0.0035 0.0003 1.0000 1.0000 0.2361 0.0195 0.0016 0.0001 1.0000 1.0000 0.1083 0.0089 0.0007
0.0091 0.1162 1.0000 1.0000 0.0001 0.0017 0.0209 0.2533 1.0000 1.0000 0.0003 0.0038 0.0456 0.5525 1.0000 0.0001 0.0007 0.0082 0.0992 1.0000 1.0000 0.0001 0.0015 0.0179 0.2180 1.0000 1.0000 0.0003 0.0033 0.0410 0.5052 1.0000 0.0001 0.0007 0.0082 0.1030 1.0000 1.0000 0.0001 0.0018 0.0228 0.2905 1.0000 1.0000 0.0004 0.0054 0.0692 0.8854 1.0000 0.0001 0.0004 0.0001 1.0000 0.8854 0.0692 0.0054 0.0004 1.0000 1.0000 0.2905 0.0228 0.0018 0.0001 1.0000 1.0000 0.1030 0.0082 0.0007 0.0001 1.0000 0.5052 0.0410 0.0033 0.0003 1.0000 1.0000 0.2180 0.0179 0.0015 0.0001 1.0000 1.0000 0.0992 0.0082 0.0007 0.0001 1.0000 0.5525 0.0456 0.0038 0.0003 1.0000 1.0000 0.2533 0.0209 0.0017 0.0001 1.0000 1.0000 0.1162 0.0091
0.1179 1.0000 1.0000 0.0002 0.0018 0.0224 0.2718 1.0000 1.0000 0.0003 0.0040 0.0489 0.5927 1.0000 0.0001 0.0007 0.0088 0.1064 1.0000 1.0000 0.0001 0.0016 0.0191 0.2325 1.0000 1.0000 0.0003 0.0035 0.0430 0.5278 1.0000 0.0001 0.0007 0.0084 0.1044 1.0000 1.0000 0.0001 0.0018 0.0223 0.2829 1.0000 1.0000 0.0004 0.0052 0.0662 0.8491 1.0000 0.0001 0.0010 0.0050 0.0010 0.0001 1.0000 0.8491 0.0662 0.0052 0.0004 1.0000 1.0000 0.2829 0.0223 0.0018 0.0001 1.0000 1.0000 0.1044 0.0084 0.0007 0.0001 1.0000 0.5278 0.0430 0.0035 0.0003 1.0000 1.0000 0.2325 0.0191 0.0016 0.0001 1.0000 1.0000 0.1064 0.0088 0.0007 0.0001 1.0000 0.5927 0.0489 0.0040 0.0003 1.0000 1.0000 0.2718 0.0224 0.0018 0.0002 1.0000 1.0000 0.1179
1.0000 1.0000 0.0002 0.0020 0.0241 0.2916 1.0000 1.0000 0.0004 0.0043 0.0525 0.6360 1.0000 0.0001 0.0008 0.0094 0.1142 1.0000 1.0000 0.0001 0.0017 0.0205 0.2485 1.0000 1.0000 0.0003 0.0037 0.0454 0.5556 1.0000 0.0001 0.0007 0.0087 0.1072 1.0000 1.0000 0.0001 0.0018 0.0222 0.2791 1.0000 1.0000 0.0004 0.0050 0.0637 0.8143 1.0000 0.0001 0.0011 0.0128 0.0614 0.0128 0.0011 0.0001 1.0000 0.8143 0.0637 0.0050 0.0004 1.0000 1.0000 0.2791 0.0222 0.0018 0.0001 1.0000 1.0000 0.1072 0.0087 0.0007 0.0001 1.0000 0.5556 0.0454 0.0037 0.0003 1.0000 1.0000 0.2485 0.0205 0.0017 0.0001 1.0000 1.0000 0.1142 0.0094 0.0008 0.0001 1.0000 0.6360 0.0525 0.0043 0.0004 1.0000 1.0000 0.2916 0.0241 0.0020 0.0002 1.0000 1.0000
1.0000 0.0002 0.0021 0.0258 0.3129 1.0000 1.0000 0.0004 0.0046 0.0563 0.6823 1.0000 0.0001 0.0008 0.0101 0.1225 1.0000 1.0000 0.0001 0.0018 0.0220 0.2662 1.0000 1.0000 0.0003 0.0040 0.0482 0.5882 1.0000 0.0001 0.0007 0.0090 0.1112 1.0000 1.0000 0.0001 0.0018 0.0223 0.2791 1.0000 1.0000 0.0004 0.0049 0.0618 0.7869 1.0000 0.0001 0.0011 0.0140 0.1572 0.7518 0.1572 0.0140 0.0011 0.0001 1.0000 0.7869 0.0618 0.0049 0.0004 1.0000 1.0000 0.2791 0.0223 0.0018 0.0001 1.0000 1.0000 0.1112 0.0090 0.0007 0.0001 1.0000 0.5882 0.0482 0.0040 0.0003 1.0000 1.0000 0.2662 0.0220 0.0018 0.0001 1.0000 1.0000 0.1225 0.0101 0.0008 0.0001 1.0000 0.6823 0.0563 0.0046 0.0004 1.0000 1.0000 0.3129 0.0258 0.0021 0.0002 1.0000
0.0002 0.0023 0.0277 0.3357 1.0000 1.0000 0.0004 0.0050 0.0604 0.7307 1.0000 0.0001 0.0009 0.0108 0.1312 1.0000 1.0000 0.0002 0.0019 0.0236 0.2856 1.0000 1.0000 0.0003 0.0042 0.0516 0.6264 1.0000 0.0001 0.0008 0.0095 0.1162 1.0000 1.0000 0.0001 0.0018 0.0228 0.2829 1.0000 1.0000 0.0004 0.0048 0.0606 0.7677 1.0000 0.0001 0.0011 0.0138 0.1722 1.0000 1.0000 1.0000 0.1722 0.0138 0.0011 0.0001 1.0000 0.7677 0.0606 0.0048 0.0004 1.0000 1.0000 0.2829 0.0228 0.0018 0.0001 1.0000 1.0000 0.1162 0.0095 0.0008 0.0001 1.0000 0.6264 0.0516 0.0042 0.0003 1.0000 1.0000 0.2856 0.0236 0.0019 0.0002 1.0000 1.0000 0.1312 0.0108 0.0009 0.0001 1.0000 0.7307 0.0604 0.0050 0.0004 1.0000 1.0000 0.3357 0.0277 0.0023 0.0002
0.0023 0.0297 0.3601 1.0000 1.0000 0.0004 0.0053 0.0648 0.7839 1.0000 0.0001 0.0010 0.0116 0.1408 1.0000 1.0000 0.0002 0.0021 0.0253 0.3064 1.0000 1.0000 0.0004 0.0045 0.0551 0.6695 1.0000 0.0001 0.0008 0.0100 0.1225 1.0000 1.0000 0.0002 0.0019 0.0235 0.2905 1.0000 1.0000 0.0004 0.0048 0.0602 0.7576 1.0000 0.0001 0.0011 0.0135 0.1709 1.0000 1.0000 0.0001 1.0000 1.0000 0.1709 0.0135 0.0011 0.0001 1.0000 0.7576 0.0602 0.0048 0.0004 1.0000 1.0000 0.2905 0.0235 0.0019 0.0002 1.0000 1.0000 0.1225 0.0100 0.0008 0.0001 1.0000 0.6695 0.0551 0.0045 0.0004 1.0000 1.0000 0.3064 0.0253 0.0021 0.0002 1.0000 1.0000 0.1408 0.0116 0.0010 0.0001 1.0000 0.7839 0.0648 0.0053 0.0004 1.0000 1.0000 0.3601 0.0297 0.0023
0.0302 0.3864 1.0000 1.0000 0.0005 0.0057 0.0694 0.8411 1.0000 0.0001 0.0010 0.0125 0.1510 1.0000 1.0000 0.0002 0.0022 0.0271 0.3281 1.0000 1.0000 0.0004 0.0049 0.0589 0.7155 1.0000 0.0001 0.0009 0.0107 0.1302 1.0000 1.0000 0.0002 0.0020 0.0244 0.3006 1.0000 1.0000 0.0004 0.0049 0.0606 0.7576 1.0000 0.0001 0.0010 0.0132 0.1670 1.0000 1.0000 0.0002 0.0010 0.0002 1.0000 1.0000 0.1670 0.0132 0.0010 0.0001 1.0000 0.7576 0.0606 0.0049 0.0004 1.0000 1.0000 0.3006 0.0244 0.0020 0.0002 1.0000 1.0000 0.1302 0.0107 0.0009 0.0001 1.0000 0.7155 0.0589 0.0049 0.0004 1.0000 1.0000 0.3281 0.0271 0.0022 0.0002 1.0000 1.0000 0.1510 0.0125 0.0010 0.0001 1.0000 0.8411 0.0694 0.0057 0.0005 1.0000 1.0000 0.3864 0.0302
0.3923 1.0000 1.0000 0.0005 0.0061 0.0744 0.9024 1.0000 0.0001 0.0011 0.0134 0.1620 1.0000 1.0000 0.0002 0.0024 0.0290 0.3520 1.0000 1.0000 0.0004 0.0052 0.0632 0.7662 1.0000 0.0001 0.0009 0.0114 0.1389 1.0000 1.0000 0.0002 0.0021 0.0257 0.3146 1.0000 1.0000 0.0004 0.0050 0.0618 0.7677 1.0000 0.0001 0.0010 0.0130 0.1642 1.0000 1.0000 0.0002 0.0025 0.0118 0.0025 0.0002 1.0000 1.0000 0.1642 0.0130 0.0010 0.0001 1.0000 0.7677 0.0618 0.0050 0.0004 1.0000 1.0000 0.3146 0.0257 0.0021 0.0002 1.0000 1.0000 0.1389 0.0114 0.0009 0.0001 1.0000 0.7662 0.0632 0.0052 0.0004 1.0000 1.0000 0.3520 0.0290 0.0024 0.0002 1.0000 1.0000 0.1620 0.0134 0.0011 0.0001 1.0000 0.9024 0.0744 0.0061 0.0005 1.0000 1.0000 0.3923
1.0000 1.0000 0.0005 0.0066 0.0799 0.9682 1.0000 0.0001 0.0012 0.0143 0.1735 1.0000 1.0000 0.0002 0.0026 0.0312 0.3777 1.0000 1.0000 0.0005 0.0056 0.0678 0.8205 1.0000 0.0001 0.0010 0.0122 0.1484 1.0000 1.0000 0.0002 0.0022 0.0271 0.3312 1.0000 1.0000 0.0004 0.0052 0.0637 0.7869 1.0000 0.0001 0.0010 0.0130 0.1633 1.0000 1.0000 0.0002 0.0028 0.0307 0.1465 0.0307 0.0028 0.0002 1.0000 1.0000 0.1633 0.0130 0.0010 0.0001 1.0000 0.7869 0.0637 0.0052 0.0004 1.0000 1.0000 0.3312 0.0271 0.0022 0.0002 1.0000 1.0000 0.1484 0.0122 0.0010 0.0001 1.0000 0.8205 0.0678 0.0056 0.0005 1.0000 1.0000 0.3777 0.0312 0.0026 0.0002 1.0000 1.0000 0.1735 0.0143 0.0012 0.0001 1.0000 0.9682 0.0799 0.0066 0.0005 1.0000 1.0000
1.0000 0.0006 0.0071 0.0857 1.0000 1.0000 0.0001 0.0013 0.0154 0.1862 1.0000 1.0000 0.0002 0.0028 0.0334 0.4044 1.0000 1.0000 0.0005 0.0060 0.0726 0.8804 1.0000 0.0001 0.0011 0.0131 0.1587 1.0000 1.0000 0.0002 0.0024 0.0288 0.3507 1.0000 1.0000 0.0004 0.0054 0.0662 0.8143 1.0000 0.0001 0.0011 0.0132 0.1642 1.0000 1.0000 0.0002 0.0028 0.0345 0.3820 1.0000 0.3820 0.0345 0.0028 0.0002 1.0000 1.0000 0.1642 0.0132 0.0011 0.0001 1.0000 0.8143 0.0662 0.0054 0.0004 1.0000 1.0000 0.3507 0.0288 0.0024 0.0002 1.0000 1.0000 0.1587 0.0131 0.0011 0.0001 1.0000 0.8804 0.0726 0.0060 0.0005 1.0000 1.0000 0.4044 0.0334 0.0028 0.0002 1.0000 1.0000 0.1862 0.0154 0.0013 0.0001 1.0000 1.0000 0.0857 0.0071 0.0006 1.0000
0.0006 0.0076 0.0918 1.0000 1.0000 0.0001 0.0014 0.0164 0.1993 1.0000 1.0000 0.0002 0.0030 0.0358 0.4339 1.0000 1.0000 0.0005 0.0064 0.0778 0.9427 1.0000 0.0001 0.0012 0.0140 0.1696 1.0000 1.0000 0.0002 0.0025 0.0307 0.3727 1.0000 1.0000 0.0005 0.0056 0.0692 0.8491 1.0000 0.0001 0.0011 0.0135 0.1670 1.0000 1.0000 0.0002 0.0028 0.0350 0.4298 1.0000 1.0000 1.0000 0.4298 0.0350 0.0028 0.0002 1.0000 1.0000 0.1670 0.0135 0.0011 0.0001 1.0000 0.8491 0.0692 0.0056 0.0005 1.0000 1.0000 0.3727 0.0307 0.0025 0.0002 1.0000 1.0000 0.1696 0.0140 0.0012 0.0001 1.0000 0.9427 0.0778 0.0064 0.0005 1.0000 1.0000 0.4339 0.0358 0.0030 0.0002 1.0000 1.0000 0.1993 0.0164 0.0014 0.0001 1.0000 1.0000 0.0918 0.0076 0.0006
0.0076 0.0977 1.0000 1.0000 0.0001 0.0014 0.0175 0.2127 1.0000 1.0000 0.0003 0.0031 0.0381 0.4620 1.0000 1.0000 0.0006 0.0068 0.0830 1.0000 1.0000 0.0001 0.0012 0.0149 0.1806 1.0000 1.0000 0.0002 0.0027 0.0325 0.3953 1.0000 1.0000 0.0005 0.0059 0.0725 0.8854 1.0000 0.0001 0.0011 0.0138 0.1709 1.0000 1.0000 0.0002 0.0028 0.0350 0.4364 1.0000 1.0000 0.0002 1.0000 1.0000 0.4364 0.0350 0.0028 0.0002 1.0000 1.0000 0.1709 0.0138 0.0011 0.0001 1.0000 0.8854 0.0725 0.0059 0.0005 1.0000 1.0000 0.3953 0.0325 0.0027 0.0002 1.0000 1.0000 0.1806 0.0149 0.0012 0.0001 1.0000 1.0000 0.0830 0.0068 0.0006 1.0000 1.0000 0.4620 0.0381 0.0031 0.0003 1.0000 1.0000 0.2127 0.0175 0.0014 0.0001 1.0000 1.0000 0.0977 0.0076
0.0960 1.0000 1.0000 0.0001 0.0015 0.0183 0.2213 1.0000 1.0000 0.0003 0.0033 0.0397 0.4809 1.0000 1.0000 0.0006 0.0071 0.0863 1.0000 1.0000 0.0001 0.0013 0.0155 0.1879 1.0000 1.0000 0.0002 0.0028 0.0338 0.4106 1.0000 1.0000 0.0005 0.0061 0.0747 0.9093 1.0000 0.0001 0.0011 0.0140 0.1722 1.0000 1.0000 0.0002 0.0028 0.0345 0.4298 1.0000 1.0000 0.0005 0.0023 0.0005 1.0000 1.0000 0.4298 0.0345 0.0028 0.0002 1.0000 1.0000 0.1722 0.0140 0.0011 0.0001 1.0000 0.9093 0.0747 0.0061 0.0005 1.0000 1.0000 0.4106 0.0338 0.0028 0.0002 1.0000 1.0000 0.1879 0.0155 0.0013 0.0001 1.0000 1.0000 0.0863 0.0071 0.0006 1.0000 1.0000 0.4809 0.0397 0.0033 0.0003 1.0000 1.0000 0.2213 0.0183 0.0015 0.0001 1.0000 1.0000 0.0960
1.0000 1.0000 0.0001 0.0014 0.0170 0.2067 1.0000 1.0000 0.0003 0.0031 0.0371 0.4490 1.0000 1.0000 0.0005 0.0066 0.0806 0.9774 1.0000 0.0001 0.0012 0.0145 0.1755 1.0000 1.0000 0.0002 0.0026 0.0316 0.3827 1.0000 1.0000 0.0005 0.0057 0.0692 0.8427 1.0000 0.0001 0.0010 0.0128 0.1572 1.0000 1.0000 0.0002 0.0025 0.0307 0.3820 1.0000 1.0000 0.0005 0.0054 0.0257 0.0054 0.0005 1.0000 1.0000 0.3820 0.0307 0.0025 0.0002 1.0000 1.0000 0.1572 0.0128 0.0010 0.0001 1.0000 0.8427 0.0692 0.0057 0.0005 1.0000 1.0000 0.3827 0.0316 0.0026 0.0002 1.0000 1.0000 0.1755 0.0145 0.0012 0.0001 1.0000 0.9774 0.0806 0.0066 0.0005 1.0000 1.0000 0.4490 0.0371 0.0031 0.0003 1.0000 1.0000 0.2067 0.0170 0.0014 0.0001 1.0000 1.0000
1.0000 1.0000 0.0006 0.0068 0.0819 0.9924 1.0000 0.0001 0.0012 0.0147 0.1782 1.0000 1.0000 0.0002 0.0026 0.0320 0.3871 1.0000 1.0000 0.0005 0.0057 0.0695 0.8427 1.0000 0.0001 0.0010 0.0125 0.1516 1.0000 1.0000 0.0002 0.0023 0.0274 0.3325 1.0000 1.0000 0.0004 0.0050 0.0614 0.7518 1.0000 0.0001 0.0010 0.0118 0.1465 1.0000 1.0000 0.0002 0.0023 0.0257 0.1182 0.0257 0.0023 0.0002 1.0000 1.0000 0.1465 0.0118 0.0010 0.0001 1.0000 0.7518 0.0614 0.0050 0.0004 1.0000 1.0000 0.3325 0.0274 0.0023 0.0002 1.0000 1.0000 0.1516 0.0125 0.0010 0.0001 1.0000 0.8427 0.0695 0.0057 0.0005 1.0000 1.0000 0.3871 0.0320 0.0026 0.0002 1.0000 1.0000 0.1782 0.0147 0.0012 0.0001 1.0000 0.9924 0.0819 0.0068 0.0006 1.0000 1.0000
1.0000 1.0000 0.0001 0.0014 0.0170 0.2067 1.0000 1.0000 0.0003 0.0031 0.0371 0.4490 1.0000 1.0000 0.0005 0.0066 0.0806 0.9774 1.0000 0.0001 0.0012 0.0145 0.1755 1.0000 1.0000 0.0002 0.0026 0.0316 0.3827 1.0000 1.0000 0.0005 0.0057 0.0692 0.8427 1.0000 0.0001 0.0010 0.0128 0.1572 1.0000 1.0000 0.0002 0.0025 0.0307 0.3820 1.0000 1.0000 0.0005 0.0054 0.0257 0.0054 0.0005 1.0000 1.0000 0.3820 0.0307 0.0025 0.0002 1.0000 1.0000 0.1572 0.0128 0.0010 0.0001 1.0000 0.8427 0.0692 0.0057 0.0005 1.0000 1.0000 0.3827 0.0316 0.0026 0.0002 1.0000 1.0000 0.1755 0.0145 0.0012 0.0001 1.0000 0.9774 0.0806 0.0066 0.0005 1.0000 1.0000 0.4490 0.0371 0.0031 0.0003 1.0000 1.0000 0.2067 0.0170 0.0014 0.0001 1.0000 1.0000
0.0960 1.0000 1.0000 0.0001 0.0015 0.0183 0.2213 1.0000 1.0000 0.0003 0.0033 0.0397 0.4809 1.0000 1.0000 0.0006 0.0071 0.0863 1.0000 1.0000 0.0001 0.0013 0.0155 0.1879 1.0000 1.0000 0.0002 0.0028 0.0338 0.4106 1.0000 1.0000 0.0005 0.0061 0.0747 0.9093 1.0000 0.0001 0.0011 0.0140 0.1722 1.0000 1.0000 0.0002 0.0028 0.0345 0.4298 1.0000 1.0000 0.0005 0.0023 0.0005 1.0000 1.0000 0.4298 0.0345 0.0028 0.0002 1.0000 1.0000 0.1722 0.0140 0.0011 0.0001 1.0000 0.9093 0.0747 0.0061 0.0005 1.0000 1.0000 0.4106 0.0338 0.0028 0.0002 1.0000 1.0000 0.1879 0.0155 0.0013 0.0001 1.0000 1.0000 0.0863 0.0071 0.0006 1.0000 1.0000 0.4809 0.0397 0.0033 0.0003 1.0000 1.0000 0.2213 0.0183 0.0015 0.0001 1.0000 1.0000 0.0960
0.0076 0.0977 1.0000 1.0000 0.0001 0.0014 0.0175 0.2127 1.0000 1.0000 0.0003 0.0031 0.0381 0.4620 1.0000 1.0000 0.0006 0.0068 0.0830 1.0000 1.0000 0.0001 0.0012 0.0149 0.1806 1.0000 1.0000 0.0002 0.0027 0.0325 0.3953 1.0000 1.0000 0.0005 0.0059 0.0725 0.8854 1.0000 0.0001 0.0011 0.0138 0.1709 1.0000 1.0000 0.0002 0.0028 0.0350 0.4364 1.0000 1.0000 0.0002 1.0000 1.0000 0.4364 0.0350 0.0028 0.0002 1.0000 1.0000 0.1709 0.0138 0.0011 0.0001 1.0000 0.8854 0.0725 0.0059 0.0005 1.0000 1.0000 0.3953 0.0325 0.0027 0.0002 1.0000 1.0000 0.1806 0.0149 0.0012 0.0001 1.0000 1.0000 0.0830 0.0068 0.0006 1.0000 1.0000 0.4620 0.0381 0.0031 0.0003 1.0000 1.0000 0.2127 0.0175 0.0014 0.0001 1.0000 1.0000 0.0977 0.0076
0.0006 0.0076 0.0918 1.0000 1.0000 0.0001 0.0014 0.0164 0.1993 1.0000 1.0000 0.0002 0.0030 0.0358 0.4339 1.0000 1.0000 0.0005 0.0064 0.0778 0.9427 1.0000 0.0001 0.0012 0.0140 0.1696 1.0000 1.0000 0.0002 0.0025 0.0307 0.3727 1.0000 1.0000 0.0005 0.0056 0.0692 0.8491 1.0000 0.0001 0.0011 0.0135 0.1670 1.0000 1.0000 0.0002 0.0028 0.0350 0.4298 1.0000 1.0000 1.0000 0.4298 0.0350 0.0028 0.0002 1.0000 1.0000 0.1670 0.0135 0.0011 0.0001 1.0000 0.8491 0.0692 0.0056 0.0005 1.0000 1.0000 0.3727 0.0307 0.0025 0.0002 1.0000 1.0000 0.1696 0.0140 0.0012 0.0001 1.0000 0.9427 0.0778 0.0064 0.0005 1.0000 1.0000 0.4339 0.0358 0.0030 0.0002 1.0000 1.0000 0.1993 0.0164 0.0014 0.0001 1.0000 1.0000 0.0918 0.0076 0.0006
1.0000 0.0006 0.0071 0.0857 1.0000 1.0000 0.0001 0.0013 0.0154 0.1862 1.0000 1.0000 0.0002 0.0028 0.0334 0.4044 1.0000 1.0000 0.0005 0.0060 0.0726 0.8804 1.0000 0.0001 0.0011 0.0131 0.1587 1.0000 1.0000 0.0002 0.0024 0.0288 0.3507 1.0000 1.0000 0.0004 0.0054 0.0662 0.8143 1.0000 0.0001 0.0011 0.0132 0.1642 1.0000 1.0000 0.0002 0.0028 0.0345 0.3820 1.0000 0.3820 0.0345 0.0028 0.0002 1.0000 1.0000 0.1642 0.0132 0.0011 0.0001 1.0000 0.8143 0.0662 0.0054 0.0004 1.0000 1.0000 0.3507 0.0288 0.0024 0.0002 1.0000 1.0000 0.1587 0.0131 0.0011 0.0001 1.0000 0.8804 0.0726 0.0060 0.0005 1.0000 1.0000 0.4044 0.0334 0.0028 0.0002 1.0000 1.0000 0.1862 0.0154 0.0013 0.0001 1.0000 1.0000 0.0857 0.0071 0.0006 1.0000
