0.1930 -0.0848 -0.2507 -0.3306 -0.3579 0.0803 0.2692 -0.1879 -0.2907 -0.3563 -0.1630 0.1844 -0.0571 -0.2452 -0.3265 -0.3629 0.0655 0.2706 -0.1787 -0.2856 -0.3536 -0.2108 0.1711 -0.0166 -0.2395 -0.3220 -0.3654 0.0494 0.2656 -0.1689 -0.2804 -0.3507 -0.2522 0.1561 0.0394 -0.2325 -0.3175 -0.3662 0.0311 0.2563 -0.1581 -0.2751 -0.3475 -0.2858 0.1415 0.1078 -0.2245 -0.3126 -0.3650 -0.0215 0.1383 -0.0215 -0.3650 -0.3126 -0.2245 0.1078 0.1415 -0.2858 -0.3475 -0.2751 -0.1581 0.2563 0.0311 -0.3662 -0.3175 -0.2325 0.0394 0.1561 -0.2522 -0.3507 -0.2804 -0.1689 0.2656 0.0494 -0.3654 -0.3220 -0.2395 -0.0166 0.1711 -0.2108 -0.3536 -0.2856 -0.1787 0.2706 0.0655 -0.3629 -0.3265 -0.2452 -0.0571 0.1844 -0.1630 -0.3563 -0.2907 -0.1879 0.2692 0.0803 -0.3579 -0.3306 -0.2507 -0.0848 0.1930
-0.0848 -0.2671 -0.3447 -0.3675 0.0795 0.2753 -0.1931 -0.3052 -0.3687 -0.1712 0.1817 -0.0424 -0.2607 -0.3403 -0.3731 0.0642 0.2732 -0.1825 -0.3002 -0.3662 -0.2197 0.1680 0.0061 -0.2550 -0.3360 -0.3759 0.0481 0.2658 -0.1714 -0.2950 -0.3635 -0.2613 0.1532 0.0705 -0.2460 -0.3315 -0.3769 0.0296 0.2548 -0.1593 -0.2898 -0.3606 -0.2950 0.1391 0.1408 -0.2362 -0.3268 -0.3762 0.0010 0.2222 0.1501 0.2222 0.0010 -0.3762 -0.3268 -0.2362 0.1408 0.1391 -0.2950 -0.3606 -0.2898 -0.1593 0.2548 0.0296 -0.3769 -0.3315 -0.2460 0.0705 0.1532 -0.2613 -0.3635 -0.2950 -0.1714 0.2658 0.0481 -0.3759 -0.3360 -0.2550 0.0061 0.1680 -0.2197 -0.3662 -0.3002 -0.1825 0.2732 0.0642 -0.3731 -0.3403 -0.2607 -0.0424 0.1817 -0.1712 -0.3687 -0.3052 -0.1931 0.2753 0.0795 -0.3675 -0.3447 -0.2671 -0.0848
-0.2507 -0.3447 -0.3685 0.0757 0.2754 -0.1893 -0.3032 -0.3677 -0.1923 0.1760 -0.0233 -0.2583 -0.3384 -0.3746 0.0573 0.2705 -0.1777 -0.2979 -0.3651 -0.2389 0.1613 0.0326 -0.2514 -0.3340 -0.3765 0.0403 0.2613 -0.1663 -0.2927 -0.3622 -0.2770 0.1469 0.1015 -0.2418 -0.3295 -0.3768 0.0204 0.2494 -0.1536 -0.2875 -0.3592 -0.3072 0.1331 0.1681 -0.2321 -0.3248 -0.3757 -0.0055 0.2323 -0.1192 -0.2350 -0.1192 0.2323 -0.0055 -0.3757 -0.3248 -0.2321 0.1681 0.1331 -0.3072 -0.3592 -0.2875 -0.1536 0.2494 0.0204 -0.3768 -0.3295 -0.2418 0.1015 0.1469 -0.2770 -0.3622 -0.2927 -0.1663 0.2613 0.0403 -0.3765 -0.3340 -0.2514 0.0326 0.1613 -0.2389 -0.3651 -0.2979 -0.1777 0.2705 0.0573 -0.3746 -0.3384 -0.2583 -0.0233 0.1760 -0.1923 -0.3677 -0.3032 -0.1893 0.2754 0.0757 -0.3685 -0.3447 -0.2507
-0.3306 -0.3675 0.0757 0.2752 -0.1869 -0.3017 -0.3668 -0.2104 0.1705 -0.0023 -0.2559 -0.3365 -0.3756 0.0501 0.2669 -0.1728 -0.2957 -0.3639 -0.2565 0.1549 0.0619 -0.2472 -0.3321 -0.3768 0.0321 0.2564 -0.1609 -0.2905 -0.3609 -0.2911 0.1408 0.1319 -0.2376 -0.3275 -0.3764 0.0106 0.2437 -0.1477 -0.2852 -0.3577 -0.3181 0.1272 0.1925 -0.2280 -0.3227 -0.3751 -0.0168 0.2289 -0.1282 -0.2738 -0.3259 -0.2738 -0.1282 0.2289 -0.0168 -0.3751 -0.3227 -0.2280 0.1925 0.1272 -0.3181 -0.3577 -0.2852 -0.1477 0.2437 0.0106 -0.3764 -0.3275 -0.2376 0.1319 0.1408 -0.2911 -0.3609 -0.2905 -0.1609 0.2564 0.0321 -0.3768 -0.3321 -0.2472 0.0619 0.1549 -0.2565 -0.3639 -0.2957 -0.1728 0.2669 0.0501 -0.3756 -0.3365 -0.2559 -0.0023 0.1705 -0.2104 -0.3668 -0.3017 -0.1869 0.2752 0.0757 -0.3675 -0.3306
-0.3579 0.0795 0.2754 -0.1869 -0.3012 -0.3662 -0.2227 0.1657 0.0181 -0.2532 -0.3347 -0.3763 0.0427 0.2627 -0.1677 -0.2934 -0.3626 -0.2726 0.1486 0.0926 -0.2430 -0.3301 -0.3768 0.0232 0.2510 -0.1553 -0.2882 -0.3596 -0.3037 0.1348 0.1602 -0.2334 -0.3254 -0.3759 -0.0002 0.2377 -0.1414 -0.2829 -0.3563 -0.3276 0.1214 0.2134 -0.2238 -0.3207 -0.3745 -0.0303 0.2234 -0.1238 -0.2763 -0.3526 -0.3872 -0.3526 -0.2763 -0.1238 0.2234 -0.0303 -0.3745 -0.3207 -0.2238 0.2134 0.1214 -0.3276 -0.3563 -0.2829 -0.1414 0.2377 -0.0002 -0.3759 -0.3254 -0.2334 0.1602 0.1348 -0.3037 -0.3596 -0.2882 -0.1553 0.2510 0.0232 -0.3768 -0.3301 -0.2430 0.0926 0.1486 -0.2726 -0.3626 -0.2934 -0.1677 0.2627 0.0427 -0.3763 -0.3347 -0.2532 0.0181 0.1657 -0.2227 -0.3662 -0.3012 -0.1869 0.2754 0.0795 -0.3579
0.0803 0.2753 -0.1893 -0.3017 -0.3662 -0.2270 0.1630 0.0335 -0.2504 -0.3332 -0.3767 0.0355 0.2582 -0.1626 -0.2912 -0.3613 -0.2872 0.1425 0.1233 -0.2388 -0.3281 -0.3765 0.0136 0.2454 -0.1495 -0.2859 -0.3582 -0.3150 0.1290 0.1856 -0.2292 -0.3234 -0.3753 -0.0122 0.2317 -0.1347 -0.2806 -0.3547 -0.3361 0.1156 0.2308 -0.2196 -0.3186 -0.3738 -0.0455 0.2175 -0.1166 -0.2749 -0.3509 -0.3632 -0.0392 -0.3632 -0.3509 -0.2749 -0.1166 0.2175 -0.0455 -0.3738 -0.3186 -0.2196 0.2308 0.1156 -0.3361 -0.3547 -0.2806 -0.1347 0.2317 -0.0122 -0.3753 -0.3234 -0.2292 0.1856 0.1290 -0.3150 -0.3582 -0.2859 -0.1495 0.2454 0.0136 -0.3765 -0.3281 -0.2388 0.1233 0.1425 -0.2872 -0.3613 -0.2912 -0.1626 0.2582 0.0355 -0.3767 -0.3332 -0.2504 0.0335 0.1630 -0.2270 -0.3662 -0.3017 -0.1893 0.2753 0.0803
0.2692 -0.1931 -0.3032 -0.3668 -0.2227 0.1630 0.0392 -0.2488 -0.3321 -0.3768 0.0292 0.2539 -0.1578 -0.2891 -0.3600 -0.3000 0.1366 0.1523 -0.2346 -0.3261 -0.3761 0.0031 0.2395 -0.1433 -0.2836 -0.3567 -0.3249 0.1231 0.2076 -0.2251 -0.3213 -0.3747 -0.0254 0.2256 -0.1275 -0.2783 -0.3532 -0.3434 0.1099 0.2448 -0.2155 -0.3165 -0.3731 -0.0623 0.2116 -0.1080 -0.2728 -0.3493 -0.3594 0.0797 0.2059 0.0797 -0.3594 -0.3493 -0.2728 -0.1080 0.2116 -0.0623 -0.3731 -0.3165 -0.2155 0.2448 0.1099 -0.3434 -0.3532 -0.2783 -0.1275 0.2256 -0.0254 -0.3747 -0.3213 -0.2251 0.2076 0.1231 -0.3249 -0.3567 -0.2836 -0.1433 0.2395 0.0031 -0.3761 -0.3261 -0.2346 0.1523 0.1366 -0.3000 -0.3600 -0.2891 -0.1578 0.2539 0.0292 -0.3768 -0.3321 -0.2488 0.0392 0.1630 -0.2227 -0.3668 -0.3032 -0.1931 0.2692
-0.1879 -0.3052 -0.3677 -0.2104 0.1657 0.0335 -0.2488 -0.3318 -0.3768 0.0247 0.2506 -0.1538 -0.2873 -0.3588 -0.3106 0.1310 0.1778 -0.2305 -0.3240 -0.3755 -0.0085 0.2335 -0.1367 -0.2813 -0.3552 -0.3337 0.1173 0.2260 -0.2209 -0.3192 -0.3741 -0.0402 0.2196 -0.1197 -0.2760 -0.3516 -0.3498 0.1041 0.2558 -0.2112 -0.3143 -0.3724 -0.0809 0.2057 -0.0983 -0.2705 -0.3476 -0.3620 0.0865 0.2759 -0.0967 0.2759 0.0865 -0.3620 -0.3476 -0.2705 -0.0983 0.2057 -0.0809 -0.3724 -0.3143 -0.2112 0.2558 0.1041 -0.3498 -0.3516 -0.2760 -0.1197 0.2196 -0.0402 -0.3741 -0.3192 -0.2209 0.2260 0.1173 -0.3337 -0.3552 -0.2813 -0.1367 0.2335 -0.0085 -0.3755 -0.3240 -0.2305 0.1778 0.1310 -0.3106 -0.3588 -0.2873 -0.1538 0.2506 0.0247 -0.3768 -0.3318 -0.2488 0.0335 0.1657 -0.2104 -0.3677 -0.3052 -0.1879
-0.2907 -0.3687 -0.1923 0.1705 0.0181 -0.2504 -0.3321 -0.3768 0.0231 0.2487 -0.1510 -0.2859 -0.3578 -0.3188 0.1262 0.1984 -0.2266 -0.3220 -0.3749 -0.0213 0.2274 -0.1297 -0.2790 -0.3536 -0.3413 0.1116 0.2410 -0.2167 -0.3171 -0.3734 -0.0566 0.2136 -0.1112 -0.2737 -0.3499 -0.3552 0.0982 0.2640 -0.2070 -0.3122 -0.3716 -0.1011 0.1999 -0.0876 -0.2681 -0.3459 -0.3653 0.0832 0.2753 -0.1851 -0.2673 -0.1851 0.2753 0.0832 -0.3653 -0.3459 -0.2681 -0.0876 0.1999 -0.1011 -0.3716 -0.3122 -0.2070 0.2640 0.0982 -0.3552 -0.3499 -0.2737 -0.1112 0.2136 -0.0566 -0.3734 -0.3171 -0.2167 0.2410 0.1116 -0.3413 -0.3536 -0.2790 -0.1297 0.2274 -0.0213 -0.3749 -0.3220 -0.2266 0.1984 0.1262 -0.3188 -0.3578 -0.2859 -0.1510 0.2487 0.0231 -0.3768 -0.3321 -0.2504 0.0181 0.1705 -0.1923 -0.3687 -0.2907
-0.3563 -0.1712 0.1760 -0.0023 -0.2532 -0.3332 -0.3768 0.0247 0.2487 -0.1500 -0.2852 -0.3572 -0.3242 0.1223 0.2136 -0.2232 -0.3202 -0.3743 -0.0350 0.2215 -0.1221 -0.2767 -0.3521 -0.3480 0.1058 0.2529 -0.2125 -0.3150 -0.3726 -0.0747 0.2077 -0.1018 -0.2713 -0.3483 -0.3599 0.0923 0.2698 -0.2027 -0.3100 -0.3707 -0.1223 0.1940 -0.0754 -0.2658 -0.3442 -0.3683 0.0777 0.2755 -0.1899 -0.3001 -0.3504 -0.3001 -0.1899 0.2755 0.0777 -0.3683 -0.3442 -0.2658 -0.0754 0.1940 -0.1223 -0.3707 -0.3100 -0.2027 0.2698 0.0923 -0.3599 -0.3483 -0.2713 -0.1018 0.2077 -0.0747 -0.3726 -0.3150 -0.2125 0.2529 0.1058 -0.3480 -0.3521 -0.2767 -0.1221 0.2215 -0.0350 -0.3743 -0.3202 -0.2232 0.2136 0.1223 -0.3242 -0.3572 -0.2852 -0.1500 0.2487 0.0247 -0.3768 -0.3332 -0.2532 -0.0023 0.1760 -0.1712 -0.3563
-0.1630 0.1817 -0.0233 -0.2559 -0.3347 -0.3767 0.0292 0.2506 -0.1510 -0.2852 -0.3569 -0.3269 0.1199 0.2234 -0.2205 -0.3186 -0.3738 -0.0483 0.2161 -0.1143 -0.2744 -0.3505 -0.3537 0.1000 0.2619 -0.2083 -0.3128 -0.3718 -0.0945 0.2018 -0.0914 -0.2690 -0.3465 -0.3639 0.0863 0.2734 -0.1983 -0.3079 -0.3698 -0.1443 0.1883 -0.0616 -0.2634 -0.3424 -0.3708 0.0715 0.2751 -0.1871 -0.3016 -0.3704 -0.3793 -0.3704 -0.3016 -0.1871 0.2751 0.0715 -0.3708 -0.3424 -0.2634 -0.0616 0.1883 -0.1443 -0.3698 -0.3079 -0.1983 0.2734 0.0863 -0.3639 -0.3465 -0.2690 -0.0914 0.2018 -0.0945 -0.3718 -0.3128 -0.2083 0.2619 0.1000 -0.3537 -0.3505 -0.2744 -0.1143 0.2161 -0.0483 -0.3738 -0.3186 -0.2205 0.2234 0.1199 -0.3269 -0.3569 -0.2852 -0.1510 0.2506 0.0292 -0.3767 -0.3347 -0.2559 -0.0233 0.1817 -0.1630
0.1844 -0.0424 -0.2583 -0.3365 -0.3763 0.0355 0.2539 -0.1538 -0.2859 -0.3572 -0.3269 0.1191 0.2282 -0.2188 -0.3176 -0.3733 -0.0602 0.2115 -0.1068 -0.2723 -0.3489 -0.3584 0.0942 0.2683 -0.2040 -0.3107 -0.3710 -0.1156 0.1959 -0.0797 -0.2666 -0.3448 -0.3672 0.0802 0.2752 -0.1939 -0.3057 -0.3688 -0.1666 0.1826 -0.0456 -0.2611 -0.3405 -0.3728 0.0650 0.2735 -0.1829 -0.3001 -0.3666 -0.2625 0.0656 -0.2625 -0.3666 -0.3001 -0.1829 0.2735 0.0650 -0.3728 -0.3405 -0.2611 -0.0456 0.1826 -0.1666 -0.3688 -0.3057 -0.1939 0.2752 0.0802 -0.3672 -0.3448 -0.2666 -0.0797 0.1959 -0.1156 -0.3710 -0.3107 -0.2040 0.2683 0.0942 -0.3584 -0.3489 -0.2723 -0.1068 0.2115 -0.0602 -0.3733 -0.3176 -0.2188 0.2282 0.1191 -0.3269 -0.3572 -0.2859 -0.1538 0.2539 0.0355 -0.3763 -0.3365 -0.2583 -0.0424 0.1844
-0.0571 -0.2607 -0.3384 -0.3756 0.0427 0.2582 -0.1578 -0.2873 -0.3578 -0.3242 0.1199 0.2282 -0.2183 -0.3170 -0.3730 -0.0695 0.2079 -0.1002 -0.2706 -0.3475 -0.3621 0.0887 0.2724 -0.1997 -0.3085 -0.3701 -0.1376 0.1901 -0.0664 -0.2642 -0.3430 -0.3699 0.0740 0.2754 -0.1894 -0.3035 -0.3678 -0.1886 0.1770 -0.0269 -0.2587 -0.3387 -0.3743 0.0583 0.2709 -0.1782 -0.2981 -0.3652 -0.2470 0.1421 0.2665 0.1421 -0.2470 -0.3652 -0.2981 -0.1782 0.2709 0.0583 -0.3743 -0.3387 -0.2587 -0.0269 0.1770 -0.1886 -0.3678 -0.3035 -0.1894 0.2754 0.0740 -0.3699 -0.3430 -0.2642 -0.0664 0.1901 -0.1376 -0.3701 -0.3085 -0.1997 0.2724 0.0887 -0.3621 -0.3475 -0.2706 -0.1002 0.2079 -0.0695 -0.3730 -0.3170 -0.2183 0.2282 0.1199 -0.3242 -0.3578 -0.2873 -0.1578 0.2582 0.0427 -0.3756 -0.3384 -0.2607 -0.0571
-0.2452 -0.3403 -0.3746 0.0501 0.2627 -0.1626 -0.2891 -0.3588 -0.3188 0.1223 0.2234 -0.2188 -0.3170 -0.3729 -0.0745 0.2056 -0.0952 -0.2692 -0.3463 -0.3649 0.0838 0.2745 -0.1957 -0.3064 -0.3692 -0.1597 0.1844 -0.0510 -0.2619 -0.3412 -0.3721 0.0675 0.2742 -0.1848 -0.3012 -0.3668 -0.2097 0.1710 -0.0054 -0.2563 -0.3368 -0.3755 0.0512 0.2674 -0.1734 -0.2959 -0.3640 -0.2571 0.1510 0.1434 -0.1789 0.1434 0.1510 -0.2571 -0.3640 -0.2959 -0.1734 0.2674 0.0512 -0.3755 -0.3368 -0.2563 -0.0054 0.1710 -0.2097 -0.3668 -0.3012 -0.1848 0.2742 0.0675 -0.3721 -0.3412 -0.2619 -0.0510 0.1844 -0.1597 -0.3692 -0.3064 -0.1957 0.2745 0.0838 -0.3649 -0.3463 -0.2692 -0.0952 0.2056 -0.0745 -0.3729 -0.3170 -0.2188 0.2234 0.1223 -0.3188 -0.3588 -0.2891 -0.1626 0.2627 0.0501 -0.3746 -0.3403 -0.2452
-0.3265 -0.3731 0.0573 0.2669 -0.1677 -0.2912 -0.3600 -0.3106 0.1262 0.2136 -0.2205 -0.3176 -0.3730 -0.0745 0.2048 -0.0924 -0.2683 -0.3455 -0.3668 0.0798 0.2754 -0.1922 -0.3046 -0.3683 -0.1803 0.1790 -0.0335 -0.2595 -0.3393 -0.3739 0.0608 0.2720 -0.1801 -0.2990 -0.3656 -0.2295 0.1645 0.0194 -0.2532 -0.3349 -0.3763 0.0437 0.2632 -0.1684 -0.2936 -0.3628 -0.2718 0.1482 0.1076 -0.2333 -0.2943 -0.2333 0.1076 0.1482 -0.2718 -0.3628 -0.2936 -0.1684 0.2632 0.0437 -0.3763 -0.3349 -0.2532 0.0194 0.1645 -0.2295 -0.3656 -0.2990 -0.1801 0.2720 0.0608 -0.3739 -0.3393 -0.2595 -0.0335 0.1790 -0.1803 -0.3683 -0.3046 -0.1922 0.2754 0.0798 -0.3668 -0.3455 -0.2683 -0.0924 0.2048 -0.0745 -0.3730 -0.3176 -0.2205 0.2136 0.1262 -0.3106 -0.3600 -0.2912 -0.1677 0.2669 0.0573 -0.3731 -0.3265
-0.3629 0.0642 0.2705 -0.1728 -0.2934 -0.3613 -0.3000 0.1310 0.1984 -0.2232 -0.3186 -0.3733 -0.0695 0.2056 -0.0924 -0.2680 -0.3450 -0.3679 0.0769 0.2754 -0.1893 -0.3030 -0.3674 -0.1983 0.1740 -0.0147 -0.2572 -0.3375 -0.3751 0.0538 0.2688 -0.1753 -0.2968 -0.3645 -0.2479 0.1580 0.0472 -0.2492 -0.3330 -0.3767 0.0357 0.2585 -0.1631 -0.2914 -0.3615 -0.2861 0.1428 0.1250 -0.2370 -0.3251 -0.3714 -0.3251 -0.2370 0.1250 0.1428 -0.2861 -0.3615 -0.2914 -0.1631 0.2585 0.0357 -0.3767 -0.3330 -0.2492 0.0472 0.1580 -0.2479 -0.3645 -0.2968 -0.1753 0.2688 0.0538 -0.3751 -0.3375 -0.2572 -0.0147 0.1740 -0.1983 -0.3674 -0.3030 -0.1893 0.2754 0.0769 -0.3679 -0.3450 -0.2680 -0.0924 0.2056 -0.0695 -0.3733 -0.3186 -0.2232 0.1984 0.1310 -0.3000 -0.3613 -0.2934 -0.1728 0.2705 0.0642 -0.3629
0.0655 0.2732 -0.1777 -0.2957 -0.3626 -0.2872 0.1366 0.1778 -0.2266 -0.3202 -0.3738 -0.0602 0.2079 -0.0952 -0.2683 -0.3450 -0.3682 0.0753 0.2753 -0.1872 -0.3018 -0.3667 -0.2131 0.1691 0.0045 -0.2550 -0.3357 -0.3760 0.0466 0.2649 -0.1703 -0.2945 -0.3632 -0.2648 0.1517 0.0773 -0.2450 -0.3310 -0.3768 0.0272 0.2534 -0.1577 -0.2891 -0.3601 -0.2991 0.1370 0.1512 -0.2344 -0.3255 -0.3799 -0.2984 -0.3799 -0.3255 -0.2344 0.1512 0.1370 -0.2991 -0.3601 -0.2891 -0.1577 0.2534 0.0272 -0.3768 -0.3310 -0.2450 0.0773 0.1517 -0.2648 -0.3632 -0.2945 -0.1703 0.2649 0.0466 -0.3760 -0.3357 -0.2550 0.0045 0.1691 -0.2131 -0.3667 -0.3018 -0.1872 0.2753 0.0753 -0.3682 -0.3450 -0.2683 -0.0952 0.2079 -0.0602 -0.3738 -0.3202 -0.2266 0.1778 0.1366 -0.2872 -0.3626 -0.2957 -0.1777 0.2732 0.0655
0.2706 -0.1825 -0.2979 -0.3639 -0.2726 0.1425 0.1523 -0.2305 -0.3220 -0.3743 -0.0483 0.2115 -0.1002 -0.2692 -0.3455 -0.3679 0.0753 0.2752 -0.1861 -0.3010 -0.3662 -0.2239 0.1649 0.0228 -0.2523 -0.3342 -0.3765 0.0395 0.2606 -0.1653 -0.2923 -0.3620 -0.2802 0.1456 0.1082 -0.2408 -0.3290 -0.3767 0.0180 0.2479 -0.1520 -0.2869 -0.3588 -0.3108 0.1311 0.1771 -0.2306 -0.3240 -0.3755 -0.0427 0.1276 -0.0427 -0.3755 -0.3240 -0.2306 0.1771 0.1311 -0.3108 -0.3588 -0.2869 -0.1520 0.2479 0.0180 -0.3767 -0.3290 -0.2408 0.1082 0.1456 -0.2802 -0.3620 -0.2923 -0.1653 0.2606 0.0395 -0.3765 -0.3342 -0.2523 0.0228 0.1649 -0.2239 -0.3662 -0.3010 -0.1861 0.2752 0.0753 -0.3679 -0.3455 -0.2692 -0.1002 0.2115 -0.0483 -0.3743 -0.3220 -0.2305 0.1523 0.1425 -0.2726 -0.3639 -0.2979 -0.1825 0.2706
-0.1787 -0.3002 -0.3651 -0.2565 0.1486 0.1233 -0.2346 -0.3240 -0.3749 -0.0350 0.2161 -0.1068 -0.2706 -0.3463 -0.3668 0.0769 0.2753 -0.1861 -0.3007 -0.3660 -0.2304 0.1620 0.0377 -0.2497 -0.3328 -0.3768 0.0328 0.2563 -0.1604 -0.2902 -0.3607 -0.2937 0.1395 0.1382 -0.2367 -0.3270 -0.3763 0.0080 0.2421 -0.1460 -0.2846 -0.3573 -0.3212 0.1253 0.2000 -0.2265 -0.3220 -0.3749 -0.0283 0.2075 0.2073 0.2075 -0.0283 -0.3749 -0.3220 -0.2265 0.2000 0.1253 -0.3212 -0.3573 -0.2846 -0.1460 0.2421 0.0080 -0.3763 -0.3270 -0.2367 0.1382 0.1395 -0.2937 -0.3607 -0.2902 -0.1604 0.2563 0.0328 -0.3768 -0.3328 -0.2497 0.0377 0.1620 -0.2304 -0.3660 -0.3007 -0.1861 0.2753 0.0769 -0.3668 -0.3463 -0.2706 -0.1068 0.2161 -0.0350 -0.3749 -0.3240 -0.2346 0.1233 0.1486 -0.2565 -0.3651 -0.3002 -0.1787
-0.2856 -0.3662 -0.2389 0.1549 0.0926 -0.2388 -0.3261 -0.3755 -0.0213 0.2215 -0.1143 -0.2723 -0.3475 -0.3649 0.0798 0.2754 -0.1872 -0.3010 -0.3660 -0.2327 0.1606 0.0472 -0.2478 -0.3318 -0.3768 0.0269 0.2524 -0.1560 -0.2882 -0.3595 -0.3053 0.1338 0.1655 -0.2325 -0.3250 -0.3758 -0.0030 0.2362 -0.1396 -0.2823 -0.3558 -0.3303 0.1195 0.2195 -0.2224 -0.3199 -0.3743 -0.0369 0.2182 -0.0979 -0.2269 -0.0979 0.2182 -0.0369 -0.3743 -0.3199 -0.2224 0.2195 0.1195 -0.3303 -0.3558 -0.2823 -0.1396 0.2362 -0.0030 -0.3758 -0.3250 -0.2325 0.1655 0.1338 -0.3053 -0.3595 -0.2882 -0.1560 0.2524 0.0269 -0.3768 -0.3318 -0.2478 0.0472 0.1606 -0.2327 -0.3660 -0.3010 -0.1872 0.2754 0.0798 -0.3649 -0.3475 -0.2723 -0.1143 0.2215 -0.0213 -0.3755 -0.3261 -0.2388 0.0926 0.1549 -0.2389 -0.3662 -0.2856
-0.3536 -0.2197 0.1613 0.0619 -0.2430 -0.3281 -0.3761 -0.0085 0.2274 -0.1221 -0.2744 -0.3489 -0.3621 0.0838 0.2754 -0.1893 -0.3018 -0.3662 -0.2304 0.1606 0.0505 -0.2469 -0.3311 -0.3768 0.0222 0.2491 -0.1521 -0.2866 -0.3583 -0.3146 0.1287 0.1883 -0.2285 -0.3230 -0.3752 -0.0151 0.2302 -0.1328 -0.2800 -0.3543 -0.3384 0.1138 0.2357 -0.2182 -0.3179 -0.3736 -0.0515 0.2148 -0.1091 -0.2682 -0.3205 -0.2682 -0.1091 0.2148 -0.0515 -0.3736 -0.3179 -0.2182 0.2357 0.1138 -0.3384 -0.3543 -0.2800 -0.1328 0.2302 -0.0151 -0.3752 -0.3230 -0.2285 0.1883 0.1287 -0.3146 -0.3583 -0.2866 -0.1521 0.2491 0.0222 -0.3768 -0.3311 -0.2469 0.0505 0.1606 -0.2304 -0.3662 -0.3018 -0.1893 0.2754 0.0838 -0.3621 -0.3489 -0.2744 -0.1221 0.2274 -0.0085 -0.3761 -0.3281 -0.2430 0.0619 0.1613 -0.2197 -0.3536
-0.2108 0.1680 0.0326 -0.2472 -0.3301 -0.3765 0.0031 0.2335 -0.1297 -0.2767 -0.3505 -0.3584 0.0887 0.2745 -0.1922 -0.3030 -0.3667 -0.2239 0.1620 0.0472 -0.2469 -0.3309 -0.3768 0.0191 0.2467 -0.1491 -0.2852 -0.3574 -0.3220 0.1241 0.2063 -0.2249 -0.3211 -0.3746 -0.0281 0.2243 -0.1257 -0.2777 -0.3528 -0.3453 0.1081 0.2487 -0.2141 -0.3157 -0.3729 -0.0686 0.2094 -0.1037 -0.2708 -0.3482 -0.3856 -0.3482 -0.2708 -0.1037 0.2094 -0.0686 -0.3729 -0.3157 -0.2141 0.2487 0.1081 -0.3453 -0.3528 -0.2777 -0.1257 0.2243 -0.0281 -0.3746 -0.3211 -0.2249 0.2063 0.1241 -0.3220 -0.3574 -0.2852 -0.1491 0.2467 0.0191 -0.3768 -0.3309 -0.2469 0.0472 0.1620 -0.2239 -0.3667 -0.3030 -0.1922 0.2745 0.0887 -0.3584 -0.3505 -0.2767 -0.1297 0.2335 0.0031 -0.3765 -0.3301 -0.2472 0.0326 0.1680 -0.2108
0.1711 0.0061 -0.2514 -0.3321 -0.3768 0.0136 0.2395 -0.1367 -0.2790 -0.3521 -0.3537 0.0942 0.2724 -0.1957 -0.3046 -0.3674 -0.2131 0.1649 0.0377 -0.2478 -0.3311 -0.3768 0.0181 0.2454 -0.1471 -0.2842 -0.3566 -0.3275 0.1203 0.2202 -0.2217 -0.3194 -0.3740 -0.0417 0.2187 -0.1181 -0.2755 -0.3512 -0.3513 0.1024 0.2586 -0.2099 -0.3136 -0.3721 -0.0876 0.2037 -0.0946 -0.2694 -0.3469 -0.3708 -0.0796 -0.3708 -0.3469 -0.2694 -0.0946 0.2037 -0.0876 -0.3721 -0.3136 -0.2099 0.2586 0.1024 -0.3513 -0.3512 -0.2755 -0.1181 0.2187 -0.0417 -0.3740 -0.3194 -0.2217 0.2202 0.1203 -0.3275 -0.3566 -0.2842 -0.1471 0.2454 0.0181 -0.3768 -0.3311 -0.2478 0.0377 0.1649 -0.2131 -0.3674 -0.3046 -0.1957 0.2724 0.0942 -0.3537 -0.3521 -0.2790 -0.1367 0.2395 0.0136 -0.3768 -0.3321 -0.2514 0.0061 0.1711
-0.0166 -0.2550 -0.3340 -0.3768 0.0232 0.2454 -0.1433 -0.2813 -0.3536 -0.3480 0.1000 0.2683 -0.1997 -0.3064 -0.3683 -0.1983 0.1691 0.0228 -0.2497 -0.3318 -0.3768 0.0191 0.2454 -0.1465 -0.2837 -0.3561 -0.3312 0.1174 0.2300 -0.2190 -0.3179 -0.3735 -0.0551 0.2135 -0.1104 -0.2733 -0.3496 -0.3563 0.0968 0.2658 -0.2057 -0.3115 -0.3713 -0.1080 0.1979 -0.0836 -0.2673 -0.3453 -0.3678 0.0652 0.1921 0.0652 -0.3678 -0.3453 -0.2673 -0.0836 0.1979 -0.1080 -0.3713 -0.3115 -0.2057 0.2658 0.0968 -0.3563 -0.3496 -0.2733 -0.1104 0.2135 -0.0551 -0.3735 -0.3179 -0.2190 0.2300 0.1174 -0.3312 -0.3561 -0.2837 -0.1465 0.2454 0.0191 -0.3768 -0.3318 -0.2497 0.0228 0.1691 -0.1983 -0.3683 -0.3064 -0.1997 0.2683 0.1000 -0.3480 -0.3536 -0.2813 -0.1433 0.2454 0.0232 -0.3768 -0.3340 -0.2550 -0.0166
-0.2395 -0.3360 -0.3765 0.0321 0.2510 -0.1495 -0.2836 -0.3552 -0.3413 0.1058 0.2619 -0.2040 -0.3085 -0.3692 -0.1803 0.1740 0.0045 -0.2523 -0.3328 -0.3768 0.0222 0.2467 -0.1471 -0.2837 -0.3560 -0.3330 0.1156 0.2362 -0.2169 -0.3167 -0.3730 -0.0675 0.2090 -0.1028 -0.2713 -0.3481 -0.3605 0.0913 0.2708 -0.2016 -0.3094 -0.3704 -0.1292 0.1922 -0.0711 -0.2650 -0.3436 -0.3694 0.0722 0.2713 -0.0674 0.2713 0.0722 -0.3694 -0.3436 -0.2650 -0.0711 0.1922 -0.1292 -0.3704 -0.3094 -0.2016 0.2708 0.0913 -0.3605 -0.3481 -0.2713 -0.1028 0.2090 -0.0675 -0.3730 -0.3167 -0.2169 0.2362 0.1156 -0.3330 -0.3560 -0.2837 -0.1471 0.2467 0.0222 -0.3768 -0.3328 -0.2523 0.0045 0.1740 -0.1803 -0.3692 -0.3085 -0.2040 0.2619 0.1058 -0.3413 -0.3552 -0.2836 -0.1495 0.2510 0.0321 -0.3765 -0.3360 -0.2395
-0.3220 -0.3759 0.0403 0.2564 -0.1553 -0.2859 -0.3567 -0.3337 0.1116 0.2529 -0.2083 -0.3107 -0.3701 -0.1597 0.1790 -0.0147 -0.2550 -0.3342 -0.3768 0.0269 0.2491 -0.1491 -0.2842 -0.3561 -0.3330 0.1150 0.2393 -0.2155 -0.3158 -0.3726 -0.0780 0.2053 -0.0958 -0.2696 -0.3467 -0.3638 0.0860 0.2737 -0.1976 -0.3074 -0.3696 -0.1503 0.1867 -0.0571 -0.2627 -0.3418 -0.3715 0.0687 0.2739 -0.1739 -0.2616 -0.1739 0.2739 0.0687 -0.3715 -0.3418 -0.2627 -0.0571 0.1867 -0.1503 -0.3696 -0.3074 -0.1976 0.2737 0.0860 -0.3638 -0.3467 -0.2696 -0.0958 0.2053 -0.0780 -0.3726 -0.3158 -0.2155 0.2393 0.1150 -0.3330 -0.3561 -0.2842 -0.1491 0.2491 0.0269 -0.3768 -0.3342 -0.2550 -0.0147 0.1790 -0.1597 -0.3701 -0.3107 -0.2083 0.2529 0.1116 -0.3337 -0.3567 -0.2859 -0.1553 0.2564 0.0403 -0.3759 -0.3220
-0.3654 0.0481 0.2613 -0.1609 -0.2882 -0.3582 -0.3249 0.1173 0.2410 -0.2125 -0.3128 -0.3710 -0.1376 0.1844 -0.0335 -0.2572 -0.3357 -0.3765 0.0328 0.2524 -0.1521 -0.2852 -0.3566 -0.3312 0.1156 0.2393 -0.2151 -0.3153 -0.3724 -0.0860 0.2024 -0.0898 -0.2681 -0.3455 -0.3664 0.0811 0.2752 -0.1937 -0.3054 -0.3687 -0.1714 0.1813 -0.0413 -0.2604 -0.3400 -0.3733 0.0628 0.2725 -0.1791 -0.2947 -0.3455 -0.2947 -0.1791 0.2725 0.0628 -0.3733 -0.3400 -0.2604 -0.0413 0.1813 -0.1714 -0.3687 -0.3054 -0.1937 0.2752 0.0811 -0.3664 -0.3455 -0.2681 -0.0898 0.2024 -0.0860 -0.3724 -0.3153 -0.2151 0.2393 0.1156 -0.3312 -0.3566 -0.2852 -0.1521 0.2524 0.0328 -0.3765 -0.3357 -0.2572 -0.0335 0.1844 -0.1376 -0.3710 -0.3128 -0.2125 0.2410 0.1173 -0.3249 -0.3582 -0.2882 -0.1609 0.2613 0.0481 -0.3654
0.0494 0.2658 -0.1663 -0.2905 -0.3596 -0.3150 0.1231 0.2260 -0.2167 -0.3150 -0.3718 -0.1156 0.1901 -0.0510 -0.2595 -0.3375 -0.3760 0.0395 0.2563 -0.1560 -0.2866 -0.3574 -0.3275 0.1174 0.2362 -0.2155 -0.3153 -0.3723 -0.0902 0.2006 -0.0852 -0.2670 -0.3446 -0.3682 0.0769 0.2755 -0.1902 -0.3036 -0.3678 -0.1910 0.1761 -0.0231 -0.2582 -0.3383 -0.3747 0.0563 0.2699 -0.1763 -0.2964 -0.3673 -0.3844 -0.3673 -0.2964 -0.1763 0.2699 0.0563 -0.3747 -0.3383 -0.2582 -0.0231 0.1761 -0.1910 -0.3678 -0.3036 -0.1902 0.2755 0.0769 -0.3682 -0.3446 -0.2670 -0.0852 0.2006 -0.0902 -0.3723 -0.3153 -0.2155 0.2362 0.1174 -0.3275 -0.3574 -0.2866 -0.1560 0.2563 0.0395 -0.3760 -0.3375 -0.2595 -0.0510 0.1901 -0.1156 -0.3718 -0.3150 -0.2167 0.2260 0.1231 -0.3150 -0.3596 -0.2905 -0.1663 0.2658 0.0494
0.2656 -0.1714 -0.2927 -0.3609 -0.3037 0.1290 0.2076 -0.2209 -0.3171 -0.3726 -0.0945 0.1959 -0.0664 -0.2619 -0.3393 -0.3751 0.0466 0.2606 -0.1604 -0.2882 -0.3583 -0.3220 0.1203 0.2300 -0.2169 -0.3158 -0.3724 -0.0902 0.2000 -0.0826 -0.2662 -0.3439 -0.3695 0.0734 0.2752 -0.1871 -0.3020 -0.3670 -0.2082 0.1709 -0.0033 -0.2560 -0.3365 -0.3757 0.0496 0.2664 -0.1719 -0.2950 -0.3639 -0.2956 0.0504 -0.2956 -0.3639 -0.2950 -0.1719 0.2664 0.0496 -0.3757 -0.3365 -0.2560 -0.0033 0.1709 -0.2082 -0.3670 -0.3020 -0.1871 0.2752 0.0734 -0.3695 -0.3439 -0.2662 -0.0826 0.2000 -0.0902 -0.3724 -0.3158 -0.2169 0.2300 0.1203 -0.3220 -0.3583 -0.2882 -0.1604 0.2606 0.0466 -0.3751 -0.3393 -0.2619 -0.0664 0.1959 -0.0945 -0.3726 -0.3171 -0.2209 0.2076 0.1290 -0.3037 -0.3609 -0.2927 -0.1714 0.2656
-0.1689 -0.2950 -0.3622 -0.2911 0.1348 0.1856 -0.2251 -0.3192 -0.3734 -0.0747 0.2018 -0.0797 -0.2642 -0.3412 -0.3739 0.0538 0.2649 -0.1653 -0.2902 -0.3595 -0.3146 0.1241 0.2202 -0.2190 -0.3167 -0.3726 -0.0860 0.2006 -0.0826 -0.2660 -0.3435 -0.3702 0.0709 0.2746 -0.1846 -0.3006 -0.3662 -0.2226 0.1659 0.0170 -0.2533 -0.3348 -0.3763 0.0425 0.2624 -0.1672 -0.2930 -0.3624 -0.2831 0.1294 0.2569 0.1294 -0.2831 -0.3624 -0.2930 -0.1672 0.2624 0.0425 -0.3763 -0.3348 -0.2533 0.0170 0.1659 -0.2226 -0.3662 -0.3006 -0.1846 0.2746 0.0709 -0.3702 -0.3435 -0.2660 -0.0826 0.2006 -0.0860 -0.3726 -0.3167 -0.2190 0.2202 0.1241 -0.3146 -0.3595 -0.2902 -0.1653 0.2649 0.0538 -0.3739 -0.3412 -0.2642 -0.0797 0.2018 -0.0747 -0.3734 -0.3192 -0.2251 0.1856 0.1348 -0.2911 -0.3622 -0.2950 -0.1689
-0.2804 -0.3635 -0.2770 0.1408 0.1602 -0.2292 -0.3213 -0.3741 -0.0566 0.2077 -0.0914 -0.2666 -0.3430 -0.3721 0.0608 0.2688 -0.1703 -0.2923 -0.3607 -0.3053 0.1287 0.2063 -0.2217 -0.3179 -0.3730 -0.0780 0.2024 -0.0852 -0.2662 -0.3435 -0.3705 0.0696 0.2741 -0.1828 -0.2996 -0.3656 -0.2343 0.1616 0.0364 -0.2502 -0.3332 -0.3767 0.0354 0.2580 -0.1624 -0.2910 -0.3612 -0.2907 0.1375 0.2006 -0.1657 0.2006 0.1375 -0.2907 -0.3612 -0.2910 -0.1624 0.2580 0.0354 -0.3767 -0.3332 -0.2502 0.0364 0.1616 -0.2343 -0.3656 -0.2996 -0.1828 0.2741 0.0696 -0.3705 -0.3435 -0.2662 -0.0852 0.2024 -0.0780 -0.3730 -0.3179 -0.2217 0.2063 0.1287 -0.3053 -0.3607 -0.2923 -0.1703 0.2688 0.0608 -0.3721 -0.3430 -0.2666 -0.0914 0.2077 -0.0566 -0.3741 -0.3213 -0.2292 0.1602 0.1408 -0.2770 -0.3635 -0.2804
-0.3507 -0.2613 0.1469 0.1319 -0.2334 -0.3234 -0.3747 -0.0402 0.2136 -0.1018 -0.2690 -0.3448 -0.3699 0.0675 0.2720 -0.1753 -0.2945 -0.3620 -0.2937 0.1338 0.1883 -0.2249 -0.3194 -0.3735 -0.0675 0.2053 -0.0898 -0.2670 -0.3439 -0.3702 0.0696 0.2739 -0.1818 -0.2989 -0.3652 -0.2428 0.1581 0.0538 -0.2474 -0.3318 -0.3768 0.0285 0.2536 -0.1576 -0.2890 -0.3599 -0.3014 0.1350 0.1710 -0.2239 -0.2888 -0.2239 0.1710 0.1350 -0.3014 -0.3599 -0.2890 -0.1576 0.2536 0.0285 -0.3768 -0.3318 -0.2474 0.0538 0.1581 -0.2428 -0.3652 -0.2989 -0.1818 0.2739 0.0696 -0.3702 -0.3439 -0.2670 -0.0898 0.2053 -0.0675 -0.3735 -0.3194 -0.2249 0.1883 0.1338 -0.2937 -0.3620 -0.2945 -0.1753 0.2720 0.0675 -0.3699 -0.3448 -0.2690 -0.1018 0.2136 -0.0402 -0.3747 -0.3234 -0.2334 0.1319 0.1469 -0.2613 -0.3507
-0.2522 0.1532 0.1015 -0.2376 -0.3254 -0.3753 -0.0254 0.2196 -0.1112 -0.2713 -0.3465 -0.3672 0.0740 0.2742 -0.1801 -0.2968 -0.3632 -0.2802 0.1395 0.1655 -0.2285 -0.3211 -0.3740 -0.0551 0.2090 -0.0958 -0.2681 -0.3446 -0.3695 0.0709 0.2741 -0.1818 -0.2987 -0.3649 -0.2481 0.1557 0.0676 -0.2452 -0.3306 -0.3768 0.0221 0.2495 -0.1530 -0.2870 -0.3587 -0.3115 0.1304 0.1833 -0.2279 -0.3203 -0.3676 -0.3203 -0.2279 0.1833 0.1304 -0.3115 -0.3587 -0.2870 -0.1530 0.2495 0.0221 -0.3768 -0.3306 -0.2452 0.0676 0.1557 -0.2481 -0.3649 -0.2987 -0.1818 0.2741 0.0709 -0.3695 -0.3446 -0.2681 -0.0958 0.2090 -0.0551 -0.3740 -0.3211 -0.2285 0.1655 0.1395 -0.2802 -0.3632 -0.2968 -0.1801 0.2742 0.0740 -0.3672 -0.3465 -0.2713 -0.1112 0.2196 -0.0254 -0.3753 -0.3254 -0.2376 0.1015 0.1532 -0.2522
0.1561 0.0705 -0.2418 -0.3275 -0.3759 -0.0122 0.2256 -0.1197 -0.2737 -0.3483 -0.3639 0.0802 0.2754 -0.1848 -0.2990 -0.3645 -0.2648 0.1456 0.1382 -0.2325 -0.3230 -0.3746 -0.0417 0.2135 -0.1028 -0.2696 -0.3455 -0.3682 0.0734 0.2746 -0.1828 -0.2989 -0.3649 -0.2500 0.1544 0.0765 -0.2436 -0.3297 -0.3767 0.0166 0.2459 -0.1489 -0.2853 -0.3576 -0.3201 0.1255 0.2011 -0.2257 -0.3211 -0.3790 -0.3245 -0.3790 -0.3211 -0.2257 0.2011 0.1255 -0.3201 -0.3576 -0.2853 -0.1489 0.2459 0.0166 -0.3767 -0.3297 -0.2436 0.0765 0.1544 -0.2500 -0.3649 -0.2989 -0.1828 0.2746 0.0734 -0.3682 -0.3455 -0.2696 -0.1028 0.2135 -0.0417 -0.3746 -0.3230 -0.2325 0.1382 0.1456 -0.2648 -0.3645 -0.2990 -0.1848 0.2754 0.0802 -0.3639 -0.3483 -0.2737 -0.1197 0.2256 -0.0122 -0.3759 -0.3275 -0.2418 0.0705 0.1561
0.0394 -0.2460 -0.3295 -0.3764 -0.0002 0.2317 -0.1275 -0.2760 -0.3499 -0.3599 0.0863 0.2752 -0.1894 -0.3012 -0.3656 -0.2479 0.1517 0.1082 -0.2367 -0.3250 -0.3752 -0.0281 0.2187 -0.1104 -0.2713 -0.3467 -0.3664 0.0769 0.2752 -0.1846 -0.2996 -0.3652 -0.2481 0.1544 0.0798 -0.2428 -0.3292 -0.3766 0.0123 0.2430 -0.1454 -0.2839 -0.3566 -0.3271 0.1210 0.2169 -0.2226 -0.3198 -0.3744 -0.0798 0.1160 -0.0798 -0.3744 -0.3198 -0.2226 0.2169 0.1210 -0.3271 -0.3566 -0.2839 -0.1454 0.2430 0.0123 -0.3766 -0.3292 -0.2428 0.0798 0.1544 -0.2481 -0.3652 -0.2996 -0.1846 0.2752 0.0769 -0.3664 -0.3467 -0.2713 -0.1104 0.2187 -0.0281 -0.3752 -0.3250 -0.2367 0.1082 0.1517 -0.2479 -0.3656 -0.3012 -0.1894 0.2752 0.0863 -0.3599 -0.3499 -0.2760 -0.1275 0.2317 -0.0002 -0.3764 -0.3295 -0.2460 0.0394
-0.2325 -0.3315 -0.3768 0.0106 0.2377 -0.1347 -0.2783 -0.3516 -0.3552 0.0923 0.2734 -0.1939 -0.3035 -0.3668 -0.2295 0.1580 0.0773 -0.2408 -0.3270 -0.3758 -0.0151 0.2243 -0.1181 -0.2733 -0.3481 -0.3638 0.0811 0.2755 -0.1871 -0.3006 -0.3656 -0.2428 0.1557 0.0765 -0.2428 -0.3290 -0.3765 0.0094 0.2408 -0.1426 -0.2827 -0.3557 -0.3325 0.1171 0.2293 -0.2194 -0.3182 -0.3737 -0.0600 0.1950 0.2409 0.1950 -0.0600 -0.3737 -0.3182 -0.2194 0.2293 0.1171 -0.3325 -0.3557 -0.2827 -0.1426 0.2408 0.0094 -0.3765 -0.3290 -0.2428 0.0765 0.1557 -0.2428 -0.3656 -0.3006 -0.1871 0.2755 0.0811 -0.3638 -0.3481 -0.2733 -0.1181 0.2243 -0.0151 -0.3758 -0.3270 -0.2408 0.0773 0.1580 -0.2295 -0.3668 -0.3035 -0.1939 0.2734 0.0923 -0.3552 -0.3516 -0.2783 -0.1347 0.2377 0.0106 -0.3768 -0.3315 -0.2325
-0.3175 -0.3769 0.0204 0.2437 -0.1414 -0.2806 -0.3532 -0.3498 0.0982 0.2698 -0.1983 -0.3057 -0.3678 -0.2097 0.1645 0.0472 -0.2450 -0.3290 -0.3763 -0.0030 0.2302 -0.1257 -0.2755 -0.3496 -0.3605 0.0860 0.2752 -0.1902 -0.3020 -0.3662 -0.2343 0.1581 0.0676 -0.2436 -0.3292 -0.3765 0.0083 0.2397 -0.1408 -0.2819 -0.3551 -0.3365 0.1139 0.2386 -0.2166 -0.3167 -0.3731 -0.0669 0.2070 -0.0750 -0.2199 -0.0750 0.2070 -0.0669 -0.3731 -0.3167 -0.2166 0.2386 0.1139 -0.3365 -0.3551 -0.2819 -0.1408 0.2397 0.0083 -0.3765 -0.3292 -0.2436 0.0676 0.1581 -0.2343 -0.3662 -0.3020 -0.1902 0.2752 0.0860 -0.3605 -0.3496 -0.2755 -0.1257 0.2302 -0.0030 -0.3763 -0.3290 -0.2450 0.0472 0.1645 -0.2097 -0.3678 -0.3057 -0.1983 0.2698 0.0982 -0.3498 -0.3532 -0.2806 -0.1414 0.2437 0.0204 -0.3769 -0.3175
-0.3662 0.0296 0.2494 -0.1477 -0.2829 -0.3547 -0.3434 0.1041 0.2640 -0.2027 -0.3079 -0.3688 -0.1886 0.1710 0.0194 -0.2492 -0.3310 -0.3767 0.0080 0.2362 -0.1328 -0.2777 -0.3512 -0.3563 0.0913 0.2737 -0.1937 -0.3036 -0.3670 -0.2226 0.1616 0.0538 -0.2452 -0.3297 -0.3766 0.0094 0.2397 -0.1402 -0.2815 -0.3546 -0.3392 0.1113 0.2452 -0.2143 -0.3154 -0.3726 -0.0785 0.2050 -0.0915 -0.2638 -0.3160 -0.2638 -0.0915 0.2050 -0.0785 -0.3726 -0.3154 -0.2143 0.2452 0.1113 -0.3392 -0.3546 -0.2815 -0.1402 0.2397 0.0094 -0.3766 -0.3297 -0.2452 0.0538 0.1616 -0.2226 -0.3670 -0.3036 -0.1937 0.2737 0.0913 -0.3563 -0.3512 -0.2777 -0.1328 0.2362 0.0080 -0.3767 -0.3310 -0.2492 0.0194 0.1710 -0.1886 -0.3688 -0.3079 -0.2027 0.2640 0.1041 -0.3434 -0.3547 -0.2829 -0.1477 0.2494 0.0296 -0.3662
0.0311 0.2548 -0.1536 -0.2852 -0.3563 -0.3361 0.1099 0.2558 -0.2070 -0.3100 -0.3698 -0.1666 0.1770 -0.0054 -0.2532 -0.3330 -0.3768 0.0180 0.2421 -0.1396 -0.2800 -0.3528 -0.3513 0.0968 0.2708 -0.1976 -0.3054 -0.3678 -0.2082 0.1659 0.0364 -0.2474 -0.3306 -0.3767 0.0123 0.2408 -0.1408 -0.2815 -0.3545 -0.3406 0.1097 0.2494 -0.2124 -0.3143 -0.3722 -0.0900 0.2017 -0.0883 -0.2670 -0.3447 -0.3839 -0.3447 -0.2670 -0.0883 0.2017 -0.0900 -0.3722 -0.3143 -0.2124 0.2494 0.1097 -0.3406 -0.3545 -0.2815 -0.1408 0.2408 0.0123 -0.3767 -0.3306 -0.2474 0.0364 0.1659 -0.2082 -0.3678 -0.3054 -0.1976 0.2708 0.0968 -0.3513 -0.3528 -0.2800 -0.1396 0.2421 0.0180 -0.3768 -0.3330 -0.2532 -0.0054 0.1770 -0.1666 -0.3698 -0.3100 -0.2070 0.2558 0.1099 -0.3361 -0.3563 -0.2852 -0.1536 0.2548 0.0311
0.2563 -0.1593 -0.2875 -0.3577 -0.3276 0.1156 0.2448 -0.2112 -0.3122 -0.3707 -0.1443 0.1826 -0.0269 -0.2563 -0.3349 -0.3767 0.0272 0.2479 -0.1460 -0.2823 -0.3543 -0.3453 0.1024 0.2658 -0.2016 -0.3074 -0.3687 -0.1910 0.1709 0.0170 -0.2502 -0.3318 -0.3768 0.0166 0.2430 -0.1426 -0.2819 -0.3546 -0.3406 0.1092 0.2515 -0.2113 -0.3136 -0.3718 -0.0999 0.1987 -0.0823 -0.2664 -0.3443 -0.3746 -0.1135 -0.3746 -0.3443 -0.2664 -0.0823 0.1987 -0.0999 -0.3718 -0.3136 -0.2113 0.2515 0.1092 -0.3406 -0.3546 -0.2819 -0.1426 0.2430 0.0166 -0.3768 -0.3318 -0.2502 0.0170 0.1709 -0.1910 -0.3687 -0.3074 -0.2016 0.2658 0.1024 -0.3453 -0.3543 -0.2823 -0.1460 0.2479 0.0272 -0.3767 -0.3349 -0.2563 -0.0269 0.1826 -0.1443 -0.3707 -0.3122 -0.2112 0.2448 0.1156 -0.3276 -0.3577 -0.2875 -0.1593 0.2563
-0.1581 -0.2898 -0.3592 -0.3181 0.1214 0.2308 -0.2155 -0.3143 -0.3716 -0.1223 0.1883 -0.0456 -0.2587 -0.3368 -0.3763 0.0357 0.2534 -0.1520 -0.2846 -0.3558 -0.3384 0.1081 0.2586 -0.2057 -0.3094 -0.3696 -0.1714 0.1761 -0.0033 -0.2533 -0.3332 -0.3768 0.0221 0.2459 -0.1454 -0.2827 -0.3551 -0.3392 0.1097 0.2515 -0.2109 -0.3132 -0.3716 -0.1072 0.1962 -0.0766 -0.2654 -0.3434 -0.3709 0.0559 0.1835 0.0559 -0.3709 -0.3434 -0.2654 -0.0766 0.1962 -0.1072 -0.3716 -0.3132 -0.2109 0.2515 0.1097 -0.3392 -0.3551 -0.2827 -0.1454 0.2459 0.0221 -0.3768 -0.3332 -0.2533 -0.0033 0.1761 -0.1714 -0.3696 -0.3094 -0.2057 0.2586 0.1081 -0.3384 -0.3558 -0.2846 -0.1520 0.2534 0.0357 -0.3763 -0.3368 -0.2587 -0.0456 0.1883 -0.1223 -0.3716 -0.3143 -0.2155 0.2308 0.1214 -0.3181 -0.3592 -0.2898 -0.1581
-0.2751 -0.3606 -0.3072 0.1272 0.2134 -0.2196 -0.3165 -0.3724 -0.1011 0.1940 -0.0616 -0.2611 -0.3387 -0.3755 0.0437 0.2585 -0.1577 -0.2869 -0.3573 -0.3303 0.1138 0.2487 -0.2099 -0.3115 -0.3704 -0.1503 0.1813 -0.0231 -0.2560 -0.3348 -0.3767 0.0285 0.2495 -0.1489 -0.2839 -0.3557 -0.3365 0.1113 0.2494 -0.2113 -0.3132 -0.3715 -0.1111 0.1947 -0.0722 -0.2644 -0.3426 -0.3713 0.0657 0.2669 -0.0470 0.2669 0.0657 -0.3713 -0.3426 -0.2644 -0.0722 0.1947 -0.1111 -0.3715 -0.3132 -0.2113 0.2494 0.1113 -0.3365 -0.3557 -0.2839 -0.1489 0.2495 0.0285 -0.3767 -0.3348 -0.2560 -0.0231 0.1813 -0.1503 -0.3704 -0.3115 -0.2099 0.2487 0.1138 -0.3303 -0.3573 -0.2869 -0.1577 0.2585 0.0437 -0.3755 -0.3387 -0.2611 -0.0616 0.1940 -0.1011 -0.3724 -0.3165 -0.2196 0.2134 0.1272 -0.3072 -0.3606 -0.2751
-0.3475 -0.2950 0.1331 0.1925 -0.2238 -0.3186 -0.3731 -0.0809 0.1999 -0.0754 -0.2634 -0.3405 -0.3743 0.0512 0.2632 -0.1631 -0.2891 -0.3588 -0.3212 0.1195 0.2357 -0.2141 -0.3136 -0.3713 -0.1292 0.1867 -0.0413 -0.2582 -0.3365 -0.3763 0.0354 0.2536 -0.1530 -0.2853 -0.3566 -0.3325 0.1139 0.2452 -0.2124 -0.3136 -0.3716 -0.1111 0.1942 -0.0697 -0.2638 -0.3420 -0.3720 0.0655 0.2721 -0.1691 -0.2590 -0.1691 0.2721 0.0655 -0.3720 -0.3420 -0.2638 -0.0697 0.1942 -0.1111 -0.3716 -0.3136 -0.2124 0.2452 0.1139 -0.3325 -0.3566 -0.2853 -0.1530 0.2536 0.0354 -0.3763 -0.3365 -0.2582 -0.0413 0.1867 -0.1292 -0.3713 -0.3136 -0.2141 0.2357 0.1195 -0.3212 -0.3588 -0.2891 -0.1631 0.2632 0.0512 -0.3743 -0.3405 -0.2634 -0.0754 0.1999 -0.0809 -0.3731 -0.3186 -0.2238 0.1925 0.1331 -0.2950 -0.3475
-0.2858 0.1391 0.1681 -0.2280 -0.3207 -0.3738 -0.0623 0.2057 -0.0876 -0.2658 -0.3424 -0.3728 0.0583 0.2674 -0.1684 -0.2914 -0.3601 -0.3108 0.1253 0.2195 -0.2182 -0.3157 -0.3721 -0.1080 0.1922 -0.0571 -0.2604 -0.3383 -0.3757 0.0425 0.2580 -0.1576 -0.2870 -0.3576 -0.3271 0.1171 0.2386 -0.2143 -0.3143 -0.3718 -0.1072 0.1947 -0.0697 -0.2636 -0.3417 -0.3724 0.0639 0.2721 -0.1770 -0.2931 -0.3437 -0.2931 -0.1770 0.2721 0.0639 -0.3724 -0.3417 -0.2636 -0.0697 0.1947 -0.1072 -0.3718 -0.3143 -0.2143 0.2386 0.1171 -0.3271 -0.3576 -0.2870 -0.1576 0.2580 0.0425 -0.3757 -0.3383 -0.2604 -0.0571 0.1922 -0.1080 -0.3721 -0.3157 -0.2182 0.2195 0.1253 -0.3108 -0.3601 -0.2914 -0.1684 0.2674 0.0583 -0.3728 -0.3424 -0.2658 -0.0876 0.2057 -0.0623 -0.3738 -0.3207 -0.2280 0.1681 0.1391 -0.2858
0.1415 0.1408 -0.2321 -0.3227 -0.3745 -0.0455 0.2116 -0.0983 -0.2681 -0.3442 -0.3708 0.0650 0.2709 -0.1734 -0.2936 -0.3615 -0.2991 0.1311 0.2000 -0.2224 -0.3179 -0.3729 -0.0876 0.1979 -0.0711 -0.2627 -0.3400 -0.3747 0.0496 0.2624 -0.1624 -0.2890 -0.3587 -0.3201 0.1210 0.2293 -0.2166 -0.3154 -0.3722 -0.0999 0.1962 -0.0722 -0.2638 -0.3417 -0.3726 0.0628 0.2716 -0.1773 -0.2962 -0.3666 -0.3852 -0.3666 -0.2962 -0.1773 0.2716 0.0628 -0.3726 -0.3417 -0.2638 -0.0722 0.1962 -0.0999 -0.3722 -0.3154 -0.2166 0.2293 0.1210 -0.3201 -0.3587 -0.2890 -0.1624 0.2624 0.0496 -0.3747 -0.3400 -0.2627 -0.0711 0.1979 -0.0876 -0.3729 -0.3179 -0.2224 0.2000 0.1311 -0.2991 -0.3615 -0.2936 -0.1734 0.2709 0.0650 -0.3708 -0.3442 -0.2681 -0.0983 0.2116 -0.0455 -0.3745 -0.3227 -0.2321 0.1408 0.1415
0.1078 -0.2362 -0.3248 -0.3751 -0.0303 0.2175 -0.1080 -0.2705 -0.3459 -0.3683 0.0715 0.2735 -0.1782 -0.2959 -0.3628 -0.2861 0.1370 0.1771 -0.2265 -0.3199 -0.3736 -0.0686 0.2037 -0.0836 -0.2650 -0.3418 -0.3733 0.0563 0.2664 -0.1672 -0.2910 -0.3599 -0.3115 0.1255 0.2169 -0.2194 -0.3167 -0.3726 -0.0900 0.1987 -0.0766 -0.2644 -0.3420 -0.3724 0.0628 0.2714 -0.1768 -0.2964 -0.3642 -0.2959 0.0493 -0.2959 -0.3642 -0.2964 -0.1768 0.2714 0.0628 -0.3724 -0.3420 -0.2644 -0.0766 0.1987 -0.0900 -0.3726 -0.3167 -0.2194 0.2169 0.1255 -0.3115 -0.3599 -0.2910 -0.1672 0.2664 0.0563 -0.3733 -0.3418 -0.2650 -0.0836 0.2037 -0.0686 -0.3736 -0.3199 -0.2265 0.1771 0.1370 -0.2861 -0.3628 -0.2959 -0.1782 0.2735 0.0715 -0.3683 -0.3459 -0.2705 -0.1080 0.2175 -0.0303 -0.3751 -0.3248 -0.2362 0.1078
-0.2245 -0.3268 -0.3757 -0.0168 0.2234 -0.1166 -0.2728 -0.3476 -0.3653 0.0777 0.2751 -0.1829 -0.2981 -0.3640 -0.2718 0.1428 0.1512 -0.2306 -0.3220 -0.3743 -0.0515 0.2094 -0.0946 -0.2673 -0.3436 -0.3715 0.0628 0.2699 -0.1719 -0.2930 -0.3612 -0.3014 0.1304 0.2011 -0.2226 -0.3182 -0.3731 -0.0785 0.2017 -0.0823 -0.2654 -0.3426 -0.3720 0.0639 0.2716 -0.1768 -0.2963 -0.3637 -0.2736 0.1314 0.2578 0.1314 -0.2736 -0.3637 -0.2963 -0.1768 0.2716 0.0639 -0.3720 -0.3426 -0.2654 -0.0823 0.2017 -0.0785 -0.3731 -0.3182 -0.2226 0.2011 0.1304 -0.3014 -0.3612 -0.2930 -0.1719 0.2699 0.0628 -0.3715 -0.3436 -0.2673 -0.0946 0.2094 -0.0515 -0.3743 -0.3220 -0.2306 0.1512 0.1428 -0.2718 -0.3640 -0.2981 -0.1829 0.2751 0.0777 -0.3653 -0.3476 -0.2728 -0.1166 0.2234 -0.0168 -0.3757 -0.3268 -0.2245
-0.3126 -0.3762 -0.0055 0.2289 -0.1238 -0.2749 -0.3493 -0.3620 0.0832 0.2755 -0.1871 -0.3001 -0.3652 -0.2571 0.1482 0.1250 -0.2344 -0.3240 -0.3749 -0.0369 0.2148 -0.1037 -0.2694 -0.3453 -0.3694 0.0687 0.2725 -0.1763 -0.2950 -0.3624 -0.2907 0.1350 0.1833 -0.2257 -0.3198 -0.3737 -0.0669 0.2050 -0.0883 -0.2664 -0.3434 -0.3713 0.0655 0.2721 -0.1773 -0.2964 -0.3637 -0.2703 0.1434 0.1855 -0.1688 0.1855 0.1434 -0.2703 -0.3637 -0.2964 -0.1773 0.2721 0.0655 -0.3713 -0.3434 -0.2664 -0.0883 0.2050 -0.0669 -0.3737 -0.3198 -0.2257 0.1833 0.1350 -0.2907 -0.3624 -0.2950 -0.1763 0.2725 0.0687 -0.3694 -0.3453 -0.2694 -0.1037 0.2148 -0.0369 -0.3749 -0.3240 -0.2344 0.1250 0.1482 -0.2571 -0.3652 -0.3001 -0.1871 0.2755 0.0832 -0.3620 -0.3493 -0.2749 -0.1238 0.2289 -0.0055 -0.3762 -0.3126
-0.3650 0.0010 0.2323 -0.1282 -0.2763 -0.3509 -0.3594 0.0865 0.2753 -0.1899 -0.3016 -0.3666 -0.2470 0.1510 0.1076 -0.2370 -0.3255 -0.3755 -0.0283 0.2182 -0.1091 -0.2708 -0.3469 -0.3678 0.0722 0.2739 -0.1791 -0.2964 -0.3639 -0.2831 0.1375 0.1710 -0.2279 -0.3211 -0.3744 -0.0600 0.2070 -0.0915 -0.2670 -0.3443 -0.3709 0.0657 0.2721 -0.1770 -0.2962 -0.3642 -0.2736 0.1434 0.1416 -0.2271 -0.2903 -0.2271 0.1416 0.1434 -0.2736 -0.3642 -0.2962 -0.1770 0.2721 0.0657 -0.3709 -0.3443 -0.2670 -0.0915 0.2070 -0.0600 -0.3744 -0.3211 -0.2279 0.1710 0.1375 -0.2831 -0.3639 -0.2964 -0.1791 0.2739 0.0722 -0.3678 -0.3469 -0.2708 -0.1091 0.2182 -0.0283 -0.3755 -0.3255 -0.2370 0.1076 0.1510 -0.2470 -0.3666 -0.3016 -0.1899 0.2753 0.0865 -0.3594 -0.3509 -0.2763 -0.1282 0.2323 0.0010 -0.3650
-0.0215 0.2222 -0.1192 -0.2738 -0.3526 -0.3632 0.0797 0.2759 -0.1851 -0.3001 -0.3704 -0.2625 0.1421 0.1434 -0.2333 -0.3251 -0.3799 -0.0427 0.2075 -0.0979 -0.2682 -0.3482 -0.3708 0.0652 0.2713 -0.1739 -0.2947 -0.3673 -0.2956 0.1294 0.2006 -0.2239 -0.3203 -0.3790 -0.0798 0.1950 -0.0750 -0.2638 -0.3447 -0.3746 0.0559 0.2669 -0.1691 -0.2931 -0.3666 -0.2959 0.1314 0.1855 -0.2271 -0.3204 -0.3710 -0.3204 -0.2271 0.1855 0.1314 -0.2959 -0.3666 -0.2931 -0.1691 0.2669 0.0559 -0.3746 -0.3447 -0.2638 -0.0750 0.1950 -0.0798 -0.3790 -0.3203 -0.2239 0.2006 0.1294 -0.2956 -0.3673 -0.2947 -0.1739 0.2713 0.0652 -0.3708 -0.3482 -0.2682 -0.0979 0.2075 -0.0427 -0.3799 -0.3251 -0.2333 0.1434 0.1421 -0.2625 -0.3704 -0.3001 -0.1851 0.2759 0.0797 -0.3632 -0.3526 -0.2738 -0.1192 0.2222 -0.0215
0.1383 0.1501 -0.2350 -0.3259 -0.3872 -0.0392 0.2059 -0.0967 -0.2673 -0.3504 -0.3793 0.0656 0.2665 -0.1789 -0.2943 -0.3714 -0.2984 0.1276 0.2073 -0.2269 -0.3205 -0.3856 -0.0796 0.1921 -0.0674 -0.2616 -0.3455 -0.3844 0.0504 0.2569 -0.1657 -0.2888 -0.3676 -0.3245 0.1160 0.2409 -0.2199 -0.3160 -0.3839 -0.1135 0.1835 -0.0470 -0.2590 -0.3437 -0.3852 0.0493 0.2578 -0.1688 -0.2903 -0.3710 -0.3999 -0.3710 -0.2903 -0.1688 0.2578 0.0493 -0.3852 -0.3437 -0.2590 -0.0470 0.1835 -0.1135 -0.3839 -0.3160 -0.2199 0.2409 0.1160 -0.3245 -0.3676 -0.2888 -0.1657 0.2569 0.0504 -0.3844 -0.3455 -0.2616 -0.0674 0.1921 -0.0796 -0.3856 -0.3205 -0.2269 0.2073 0.1276 -0.2984 -0.3714 -0.2943 -0.1789 0.2665 0.0656 -0.3793 -0.3504 -0.2673 -0.0967 0.2059 -0.0392 -0.3872 -0.3259 -0.2350 0.1501 0.1383
