1.0000 0.0001 0.0009 0.0120 0.1560 1.0000 1.0000 0.0002 0.0031 0.0400 0.5198 1.0000 0.0001 0.0008 0.0102 0.1329 1.0000 1.0000 0.0002 0.0026 0.0340 0.4423 1.0000 0.0001 0.0007 0.0087 0.1133 1.0000 1.0000 0.0002 0.0022 0.0290 0.3770 1.0000 1.0000 0.0006 0.0074 0.0964 1.0000 1.0000 0.0001 0.0019 0.0247 0.3201 1.0000 1.0000 0.0005 0.0062 0.0785 0.8837 1.0000 0.8837 0.0785 0.0062 0.0005 1.0000 1.0000 0.3201 0.0247 0.0019 0.0001 1.0000 1.0000 0.0964 0.0074 0.0006 1.0000 1.0000 0.3770 0.0290 0.0022 0.0002 1.0000 1.0000 0.1133 0.0087 0.0007 0.0001 1.0000 0.4423 0.0340 0.0026 0.0002 1.0000 1.0000 0.1329 0.0102 0.0008 0.0001 1.0000 0.5198 0.0400 0.0031 0.0002 1.0000 1.0000 0.1560 0.0120 0.0009 0.0001 1.0000
0.0001 0.0009 0.0120 0.1554 1.0000 1.0000 0.0002 0.0030 0.0394 0.5120 1.0000 0.0001 0.0008 0.0101 0.1309 1.0000 1.0000 0.0002 0.0026 0.0335 0.4364 1.0000 1.0000 0.0007 0.0086 0.1116 1.0000 1.0000 0.0002 0.0022 0.0285 0.3713 1.0000 1.0000 0.0006 0.0073 0.0949 1.0000 1.0000 0.0001 0.0019 0.0243 0.3158 1.0000 1.0000 0.0005 0.0062 0.0799 1.0000 1.0000 1.0000 1.0000 1.0000 0.0799 0.0062 0.0005 1.0000 1.0000 0.3158 0.0243 0.0019 0.0001 1.0000 1.0000 0.0949 0.0073 0.0006 1.0000 1.0000 0.3713 0.0285 0.0022 0.0002 1.0000 1.0000 0.1116 0.0086 0.0007 1.0000 1.0000 0.4364 0.0335 0.0026 0.0002 1.0000 1.0000 0.1309 0.0101 0.0008 0.0001 1.0000 0.5120 0.0394 0.0030 0.0002 1.0000 1.0000 0.1554 0.0120 0.0009 0.0001
0.0009 0.0120 0.1513 1.0000 1.0000 0.0002 0.0028 0.0369 0.4781 1.0000 0.0001 0.0007 0.0094 0.1220 1.0000 1.0000 0.0002 0.0024 0.0312 0.4060 1.0000 1.0000 0.0006 0.0080 0.1040 1.0000 1.0000 0.0002 0.0020 0.0266 0.3460 1.0000 1.0000 0.0005 0.0068 0.0885 1.0000 1.0000 0.0001 0.0017 0.0226 0.2944 1.0000 1.0000 0.0004 0.0058 0.0750 0.9682 1.0000 0.0001 0.0005 0.0001 1.0000 0.9682 0.0750 0.0058 0.0004 1.0000 1.0000 0.2944 0.0226 0.0017 0.0001 1.0000 1.0000 0.0885 0.0068 0.0005 1.0000 1.0000 0.3460 0.0266 0.0020 0.0002 1.0000 1.0000 0.1040 0.0080 0.0006 1.0000 1.0000 0.4060 0.0312 0.0024 0.0002 1.0000 1.0000 0.1220 0.0094 0.0007 0.0001 1.0000 0.4781 0.0369 0.0028 0.0002 1.0000 1.0000 0.1513 0.0120 0.0009
0.0120 0.1554 1.0000 1.0000 0.0002 0.0027 0.0349 0.4499 1.0000 0.0001 0.0007 0.0088 0.1137 1.0000 1.0000 0.0002 0.0022 0.0291 0.3784 1.0000 1.0000 0.0006 0.0075 0.0970 1.0000 1.0000 0.0001 0.0019 0.0248 0.3225 1.0000 1.0000 0.0005 0.0063 0.0825 1.0000 1.0000 0.0001 0.0016 0.0211 0.2744 1.0000 1.0000 0.0004 0.0054 0.0700 0.9076 1.0000 0.0001 0.0011 0.0055 0.0011 0.0001 1.0000 0.9076 0.0700 0.0054 0.0004 1.0000 1.0000 0.2744 0.0211 0.0016 0.0001 1.0000 1.0000 0.0825 0.0063 0.0005 1.0000 1.0000 0.3225 0.0248 0.0019 0.0001 1.0000 1.0000 0.0970 0.0075 0.0006 1.0000 1.0000 0.3784 0.0291 0.0022 0.0002 1.0000 1.0000 0.1137 0.0088 0.0007 0.0001 1.0000 0.4499 0.0349 0.0027 0.0002 1.0000 1.0000 0.1554 0.0120
0.1560 1.0000 1.0000 0.0002 0.0027 0.0338 0.4315 1.0000 1.0000 0.0006 0.0082 0.1064 1.0000 1.0000 0.0002 0.0021 0.0271 0.3527 1.0000 1.0000 0.0005 0.0069 0.0904 1.0000 1.0000 0.0001 0.0018 0.0231 0.3006 1.0000 1.0000 0.0005 0.0059 0.0769 1.0000 1.0000 0.0001 0.0015 0.0197 0.2557 1.0000 1.0000 0.0004 0.0050 0.0653 0.8475 1.0000 0.0001 0.0012 0.0139 0.0669 0.0139 0.0012 0.0001 1.0000 0.8475 0.0653 0.0050 0.0004 1.0000 1.0000 0.2557 0.0197 0.0015 0.0001 1.0000 1.0000 0.0769 0.0059 0.0005 1.0000 1.0000 0.3006 0.0231 0.0018 0.0001 1.0000 1.0000 0.0904 0.0069 0.0005 1.0000 1.0000 0.3527 0.0271 0.0021 0.0002 1.0000 1.0000 0.1064 0.0082 0.0006 1.0000 1.0000 0.4315 0.0338 0.0027 0.0002 1.0000 1.0000 0.1560
1.0000 1.0000 0.0002 0.0027 0.0338 0.4249 1.0000 1.0000 0.0006 0.0078 0.1001 1.0000 1.0000 0.0001 0.0019 0.0253 0.3287 1.0000 1.0000 0.0005 0.0065 0.0842 1.0000 1.0000 0.0001 0.0017 0.0215 0.2802 1.0000 1.0000 0.0004 0.0055 0.0717 0.9321 1.0000 0.0001 0.0014 0.0183 0.2384 1.0000 1.0000 0.0004 0.0047 0.0608 0.7899 1.0000 0.0001 0.0012 0.0149 0.1689 0.8112 0.1689 0.0149 0.0012 0.0001 1.0000 0.7899 0.0608 0.0047 0.0004 1.0000 1.0000 0.2384 0.0183 0.0014 0.0001 1.0000 0.9321 0.0717 0.0055 0.0004 1.0000 1.0000 0.2802 0.0215 0.0017 0.0001 1.0000 1.0000 0.0842 0.0065 0.0005 1.0000 1.0000 0.3287 0.0253 0.0019 0.0001 1.0000 1.0000 0.1001 0.0078 0.0006 1.0000 1.0000 0.4249 0.0338 0.0027 0.0002 1.0000 1.0000
1.0000 0.0002 0.0028 0.0349 0.4315 1.0000 1.0000 0.0006 0.0075 0.0959 1.0000 1.0000 0.0001 0.0018 0.0236 0.3070 1.0000 1.0000 0.0005 0.0060 0.0785 1.0000 1.0000 0.0001 0.0015 0.0201 0.2611 1.0000 1.0000 0.0004 0.0051 0.0668 0.8687 1.0000 0.0001 0.0013 0.0171 0.2222 1.0000 1.0000 0.0003 0.0044 0.0567 0.7376 1.0000 0.0001 0.0011 0.0143 0.1809 1.0000 1.0000 1.0000 0.1809 0.0143 0.0011 0.0001 1.0000 0.7376 0.0567 0.0044 0.0003 1.0000 1.0000 0.2222 0.0171 0.0013 0.0001 1.0000 0.8687 0.0668 0.0051 0.0004 1.0000 1.0000 0.2611 0.0201 0.0015 0.0001 1.0000 1.0000 0.0785 0.0060 0.0005 1.0000 1.0000 0.3070 0.0236 0.0018 0.0001 1.0000 1.0000 0.0959 0.0075 0.0006 1.0000 1.0000 0.4315 0.0349 0.0028 0.0002 1.0000
0.0002 0.0030 0.0369 0.4499 1.0000 1.0000 0.0006 0.0074 0.0933 1.0000 1.0000 0.0001 0.0017 0.0223 0.2883 1.0000 1.0000 0.0004 0.0056 0.0732 0.9518 1.0000 0.0001 0.0014 0.0187 0.2434 1.0000 1.0000 0.0004 0.0048 0.0622 0.8097 1.0000 0.0001 0.0012 0.0159 0.2071 1.0000 1.0000 0.0003 0.0041 0.0529 0.6875 1.0000 0.0001 0.0010 0.0134 0.1735 1.0000 1.0000 0.0001 1.0000 1.0000 0.1735 0.0134 0.0010 0.0001 1.0000 0.6875 0.0529 0.0041 0.0003 1.0000 1.0000 0.2071 0.0159 0.0012 0.0001 1.0000 0.8097 0.0622 0.0048 0.0004 1.0000 1.0000 0.2434 0.0187 0.0014 0.0001 1.0000 0.9518 0.0732 0.0056 0.0004 1.0000 1.0000 0.2883 0.0223 0.0017 0.0001 1.0000 1.0000 0.0933 0.0074 0.0006 1.0000 1.0000 0.4499 0.0369 0.0030 0.0002
0.0031 0.0394 0.4781 1.0000 1.0000 0.0006 0.0075 0.0933 1.0000 1.0000 0.0001 0.0017 0.0212 0.2728 1.0000 1.0000 0.0004 0.0053 0.0682 0.8871 1.0000 0.0001 0.0013 0.0174 0.2269 1.0000 1.0000 0.0003 0.0045 0.0580 0.7547 1.0000 0.0001 0.0011 0.0148 0.1930 1.0000 1.0000 0.0003 0.0038 0.0494 0.6408 1.0000 0.0001 0.0010 0.0126 0.1629 1.0000 1.0000 0.0002 0.0010 0.0002 1.0000 1.0000 0.1629 0.0126 0.0010 0.0001 1.0000 0.6408 0.0494 0.0038 0.0003 1.0000 1.0000 0.1930 0.0148 0.0011 0.0001 1.0000 0.7547 0.0580 0.0045 0.0003 1.0000 1.0000 0.2269 0.0174 0.0013 0.0001 1.0000 0.8871 0.0682 0.0053 0.0004 1.0000 1.0000 0.2728 0.0212 0.0017 0.0001 1.0000 1.0000 0.0933 0.0075 0.0006 1.0000 1.0000 0.4781 0.0394 0.0031
0.0400 0.5120 1.0000 0.0001 0.0006 0.0078 0.0959 1.0000 1.0000 0.0001 0.0016 0.0206 0.2626 1.0000 1.0000 0.0004 0.0049 0.0639 0.8284 1.0000 0.0001 0.0012 0.0163 0.2114 1.0000 1.0000 0.0003 0.0042 0.0541 0.7034 1.0000 0.0001 0.0011 0.0138 0.1799 1.0000 1.0000 0.0003 0.0035 0.0460 0.5973 1.0000 0.0001 0.0009 0.0117 0.1522 1.0000 1.0000 0.0002 0.0025 0.0120 0.0025 0.0002 1.0000 1.0000 0.1522 0.0117 0.0009 0.0001 1.0000 0.5973 0.0460 0.0035 0.0003 1.0000 1.0000 0.1799 0.0138 0.0011 0.0001 1.0000 0.7034 0.0541 0.0042 0.0003 1.0000 1.0000 0.2114 0.0163 0.0012 0.0001 1.0000 0.8284 0.0639 0.0049 0.0004 1.0000 1.0000 0.2626 0.0206 0.0016 0.0001 1.0000 1.0000 0.0959 0.0078 0.0006 0.0001 1.0000 0.5120 0.0400
0.5198 1.0000 0.0001 0.0007 0.0082 0.1001 1.0000 1.0000 0.0001 0.0016 0.0203 0.2572 1.0000 1.0000 0.0004 0.0047 0.0605 0.7810 1.0000 0.0001 0.0012 0.0152 0.1971 1.0000 1.0000 0.0003 0.0039 0.0504 0.6556 1.0000 0.0001 0.0010 0.0129 0.1677 1.0000 1.0000 0.0003 0.0033 0.0429 0.5577 1.0000 0.0001 0.0008 0.0109 0.1418 1.0000 1.0000 0.0002 0.0027 0.0303 0.1457 0.0303 0.0027 0.0002 1.0000 1.0000 0.1418 0.0109 0.0008 0.0001 1.0000 0.5577 0.0429 0.0033 0.0003 1.0000 1.0000 0.1677 0.0129 0.0010 0.0001 1.0000 0.6556 0.0504 0.0039 0.0003 1.0000 1.0000 0.1971 0.0152 0.0012 0.0001 1.0000 0.7810 0.0605 0.0047 0.0004 1.0000 1.0000 0.2572 0.0203 0.0016 0.0001 1.0000 1.0000 0.1001 0.0082 0.0007 0.0001 1.0000 0.5198
1.0000 0.0001 0.0007 0.0088 0.1064 1.0000 1.0000 0.0001 0.0017 0.0206 0.2572 1.0000 1.0000 0.0004 0.0045 0.0579 0.7433 1.0000 0.0001 0.0011 0.0142 0.1840 1.0000 1.0000 0.0003 0.0036 0.0470 0.6111 1.0000 0.0001 0.0009 0.0120 0.1563 1.0000 1.0000 0.0002 0.0031 0.0400 0.5198 1.0000 0.0001 0.0008 0.0102 0.1324 1.0000 1.0000 0.0002 0.0026 0.0325 0.3671 1.0000 0.3671 0.0325 0.0026 0.0002 1.0000 1.0000 0.1324 0.0102 0.0008 0.0001 1.0000 0.5198 0.0400 0.0031 0.0002 1.0000 1.0000 0.1563 0.0120 0.0009 0.0001 1.0000 0.6111 0.0470 0.0036 0.0003 1.0000 1.0000 0.1840 0.0142 0.0011 0.0001 1.0000 0.7433 0.0579 0.0045 0.0004 1.0000 1.0000 0.2572 0.0206 0.0017 0.0001 1.0000 1.0000 0.1064 0.0088 0.0007 0.0001 1.0000
0.0001 0.0008 0.0094 0.1137 1.0000 1.0000 0.0001 0.0017 0.0212 0.2626 1.0000 1.0000 0.0004 0.0044 0.0564 0.7169 1.0000 0.0001 0.0010 0.0134 0.1732 1.0000 1.0000 0.0003 0.0034 0.0438 0.5695 1.0000 0.0001 0.0009 0.0112 0.1457 1.0000 1.0000 0.0002 0.0029 0.0372 0.4845 1.0000 0.0001 0.0007 0.0095 0.1234 1.0000 1.0000 0.0002 0.0024 0.0312 0.3931 1.0000 1.0000 1.0000 0.3931 0.0312 0.0024 0.0002 1.0000 1.0000 0.1234 0.0095 0.0007 0.0001 1.0000 0.4845 0.0372 0.0029 0.0002 1.0000 1.0000 0.1457 0.0112 0.0009 0.0001 1.0000 0.5695 0.0438 0.0034 0.0003 1.0000 1.0000 0.1732 0.0134 0.0010 0.0001 1.0000 0.7169 0.0564 0.0044 0.0004 1.0000 1.0000 0.2626 0.0212 0.0017 0.0001 1.0000 1.0000 0.1137 0.0094 0.0008 0.0001
0.0008 0.0101 0.1220 1.0000 1.0000 0.0001 0.0018 0.0223 0.2728 1.0000 1.0000 0.0004 0.0044 0.0559 0.7034 1.0000 0.0001 0.0010 0.0128 0.1642 1.0000 1.0000 0.0002 0.0031 0.0409 0.5308 1.0000 0.0001 0.0008 0.0104 0.1358 1.0000 1.0000 0.0002 0.0027 0.0347 0.4516 1.0000 0.0001 0.0007 0.0088 0.1151 1.0000 1.0000 0.0002 0.0023 0.0293 0.3777 1.0000 1.0000 0.0002 1.0000 1.0000 0.3777 0.0293 0.0023 0.0002 1.0000 1.0000 0.1151 0.0088 0.0007 0.0001 1.0000 0.4516 0.0347 0.0027 0.0002 1.0000 1.0000 0.1358 0.0104 0.0008 0.0001 1.0000 0.5308 0.0409 0.0031 0.0002 1.0000 1.0000 0.1642 0.0128 0.0010 0.0001 1.0000 0.7034 0.0559 0.0044 0.0004 1.0000 1.0000 0.2728 0.0223 0.0018 0.0001 1.0000 1.0000 0.1220 0.0101 0.0008
0.0102 0.1309 1.0000 1.0000 0.0002 0.0019 0.0236 0.2883 1.0000 1.0000 0.0004 0.0045 0.0564 0.7034 1.0000 0.0001 0.0010 0.0124 0.1578 1.0000 1.0000 0.0002 0.0030 0.0384 0.4976 1.0000 0.0001 0.0007 0.0097 0.1265 1.0000 1.0000 0.0002 0.0025 0.0324 0.4209 1.0000 1.0000 0.0006 0.0083 0.1072 1.0000 1.0000 0.0002 0.0021 0.0273 0.3540 1.0000 1.0000 0.0004 0.0022 0.0004 1.0000 1.0000 0.3540 0.0273 0.0021 0.0002 1.0000 1.0000 0.1072 0.0083 0.0006 1.0000 1.0000 0.4209 0.0324 0.0025 0.0002 1.0000 1.0000 0.1265 0.0097 0.0007 0.0001 1.0000 0.4976 0.0384 0.0030 0.0002 1.0000 1.0000 0.1578 0.0124 0.0010 0.0001 1.0000 0.7034 0.0564 0.0045 0.0004 1.0000 1.0000 0.2883 0.0236 0.0019 0.0002 1.0000 1.0000 0.1309 0.0102
0.1329 1.0000 1.0000 0.0002 0.0021 0.0253 0.3070 1.0000 1.0000 0.0004 0.0047 0.0579 0.7169 1.0000 0.0001 0.0010 0.0121 0.1536 1.0000 1.0000 0.0002 0.0028 0.0363 0.4691 1.0000 0.0001 0.0007 0.0091 0.1179 1.0000 1.0000 0.0002 0.0023 0.0302 0.3923 1.0000 1.0000 0.0006 0.0077 0.0999 1.0000 1.0000 0.0002 0.0020 0.0255 0.3306 1.0000 1.0000 0.0005 0.0054 0.0262 0.0054 0.0005 1.0000 1.0000 0.3306 0.0255 0.0020 0.0002 1.0000 1.0000 0.0999 0.0077 0.0006 1.0000 1.0000 0.3923 0.0302 0.0023 0.0002 1.0000 1.0000 0.1179 0.0091 0.0007 0.0001 1.0000 0.4691 0.0363 0.0028 0.0002 1.0000 1.0000 0.1536 0.0121 0.0010 0.0001 1.0000 0.7169 0.0579 0.0047 0.0004 1.0000 1.0000 0.3070 0.0253 0.0021 0.0002 1.0000 1.0000 0.1329
1.0000 1.0000 0.0002 0.0022 0.0271 0.3287 1.0000 1.0000 0.0004 0.0049 0.0605 0.7433 1.0000 0.0001 0.0010 0.0121 0.1525 1.0000 1.0000 0.0002 0.0027 0.0347 0.4456 1.0000 1.0000 0.0007 0.0085 0.1103 1.0000 1.0000 0.0002 0.0022 0.0281 0.3657 1.0000 1.0000 0.0006 0.0072 0.0933 1.0000 1.0000 0.0001 0.0018 0.0237 0.3087 1.0000 1.0000 0.0005 0.0058 0.0659 0.3164 0.0659 0.0058 0.0005 1.0000 1.0000 0.3087 0.0237 0.0018 0.0001 1.0000 1.0000 0.0933 0.0072 0.0006 1.0000 1.0000 0.3657 0.0281 0.0022 0.0002 1.0000 1.0000 0.1103 0.0085 0.0007 1.0000 1.0000 0.4456 0.0347 0.0027 0.0002 1.0000 1.0000 0.1525 0.0121 0.0010 0.0001 1.0000 0.7433 0.0605 0.0049 0.0004 1.0000 1.0000 0.3287 0.0271 0.0022 0.0002 1.0000 1.0000
1.0000 0.0002 0.0024 0.0291 0.3527 1.0000 1.0000 0.0004 0.0053 0.0639 0.7810 1.0000 0.0001 0.0010 0.0124 0.1536 1.0000 1.0000 0.0002 0.0026 0.0337 0.4298 1.0000 1.0000 0.0006 0.0080 0.1038 1.0000 1.0000 0.0002 0.0020 0.0262 0.3408 1.0000 1.0000 0.0005 0.0067 0.0870 1.0000 1.0000 0.0001 0.0017 0.0222 0.2877 1.0000 1.0000 0.0004 0.0056 0.0706 0.7990 1.0000 0.7990 0.0706 0.0056 0.0004 1.0000 1.0000 0.2877 0.0222 0.0017 0.0001 1.0000 1.0000 0.0870 0.0067 0.0005 1.0000 1.0000 0.3408 0.0262 0.0020 0.0002 1.0000 1.0000 0.1038 0.0080 0.0006 1.0000 1.0000 0.4298 0.0337 0.0026 0.0002 1.0000 1.0000 0.1536 0.0124 0.0010 0.0001 1.0000 0.7810 0.0639 0.0053 0.0004 1.0000 1.0000 0.3527 0.0291 0.0024 0.0002 1.0000
0.0002 0.0026 0.0312 0.3784 1.0000 1.0000 0.0005 0.0056 0.0682 0.8284 1.0000 0.0001 0.0010 0.0128 0.1578 1.0000 1.0000 0.0002 0.0026 0.0331 0.4193 1.0000 1.0000 0.0006 0.0077 0.0984 1.0000 1.0000 0.0001 0.0019 0.0245 0.3177 1.0000 1.0000 0.0005 0.0062 0.0811 1.0000 1.0000 0.0001 0.0016 0.0207 0.2682 1.0000 1.0000 0.0004 0.0053 0.0678 0.8556 1.0000 1.0000 1.0000 0.8556 0.0678 0.0053 0.0004 1.0000 1.0000 0.2682 0.0207 0.0016 0.0001 1.0000 1.0000 0.0811 0.0062 0.0005 1.0000 1.0000 0.3177 0.0245 0.0019 0.0001 1.0000 1.0000 0.0984 0.0077 0.0006 1.0000 1.0000 0.4193 0.0331 0.0026 0.0002 1.0000 1.0000 0.1578 0.0128 0.0010 0.0001 1.0000 0.8284 0.0682 0.0056 0.0005 1.0000 1.0000 0.3784 0.0312 0.0026 0.0002
0.0026 0.0335 0.4060 1.0000 1.0000 0.0005 0.0060 0.0732 0.8871 1.0000 0.0001 0.0011 0.0134 0.1642 1.0000 1.0000 0.0002 0.0026 0.0331 0.4161 1.0000 1.0000 0.0006 0.0074 0.0942 1.0000 1.0000 0.0001 0.0018 0.0230 0.2978 1.0000 1.0000 0.0004 0.0058 0.0756 0.9830 1.0000 0.0001 0.0015 0.0193 0.2504 1.0000 1.0000 0.0004 0.0049 0.0636 0.8205 1.0000 0.0001 0.0004 0.0001 1.0000 0.8205 0.0636 0.0049 0.0004 1.0000 1.0000 0.2504 0.0193 0.0015 0.0001 1.0000 0.9830 0.0756 0.0058 0.0004 1.0000 1.0000 0.2978 0.0230 0.0018 0.0001 1.0000 1.0000 0.0942 0.0074 0.0006 1.0000 1.0000 0.4161 0.0331 0.0026 0.0002 1.0000 1.0000 0.1642 0.0134 0.0011 0.0001 1.0000 0.8871 0.0732 0.0060 0.0005 1.0000 1.0000 0.4060 0.0335 0.0026
0.0340 0.4364 1.0000 1.0000 0.0005 0.0065 0.0785 0.9518 1.0000 0.0001 0.0012 0.0142 0.1732 1.0000 1.0000 0.0002 0.0027 0.0337 0.4193 1.0000 1.0000 0.0006 0.0072 0.0916 1.0000 1.0000 0.0001 0.0017 0.0217 0.2807 1.0000 1.0000 0.0004 0.0054 0.0706 0.9162 1.0000 0.0001 0.0014 0.0179 0.2334 1.0000 1.0000 0.0004 0.0046 0.0594 0.7706 1.0000 0.0001 0.0010 0.0047 0.0010 0.0001 1.0000 0.7706 0.0594 0.0046 0.0004 1.0000 1.0000 0.2334 0.0179 0.0014 0.0001 1.0000 0.9162 0.0706 0.0054 0.0004 1.0000 1.0000 0.2807 0.0217 0.0017 0.0001 1.0000 1.0000 0.0916 0.0072 0.0006 1.0000 1.0000 0.4193 0.0337 0.0027 0.0002 1.0000 1.0000 0.1732 0.0142 0.0012 0.0001 1.0000 0.9518 0.0785 0.0065 0.0005 1.0000 1.0000 0.4364 0.0340
0.4423 1.0000 1.0000 0.0006 0.0069 0.0842 1.0000 1.0000 0.0001 0.0012 0.0152 0.1840 1.0000 1.0000 0.0002 0.0028 0.0347 0.4298 1.0000 1.0000 0.0006 0.0071 0.0900 1.0000 1.0000 0.0001 0.0016 0.0207 0.2667 1.0000 1.0000 0.0004 0.0051 0.0660 0.8572 1.0000 0.0001 0.0013 0.0168 0.2176 1.0000 1.0000 0.0003 0.0043 0.0554 0.7196 1.0000 0.0001 0.0010 0.0118 0.0568 0.0118 0.0010 0.0001 1.0000 0.7196 0.0554 0.0043 0.0003 1.0000 1.0000 0.2176 0.0168 0.0013 0.0001 1.0000 0.8572 0.0660 0.0051 0.0004 1.0000 1.0000 0.2667 0.0207 0.0016 0.0001 1.0000 1.0000 0.0900 0.0071 0.0006 1.0000 1.0000 0.4298 0.0347 0.0028 0.0002 1.0000 1.0000 0.1840 0.0152 0.0012 0.0001 1.0000 1.0000 0.0842 0.0069 0.0006 1.0000 1.0000 0.4423
1.0000 1.0000 0.0006 0.0075 0.0904 1.0000 1.0000 0.0001 0.0013 0.0163 0.1971 1.0000 1.0000 0.0002 0.0030 0.0363 0.4456 1.0000 1.0000 0.0006 0.0072 0.0900 1.0000 1.0000 0.0001 0.0016 0.0200 0.2557 1.0000 1.0000 0.0004 0.0048 0.0621 0.8036 1.0000 0.0001 0.0012 0.0156 0.2032 1.0000 1.0000 0.0003 0.0040 0.0517 0.6707 1.0000 0.0001 0.0010 0.0127 0.1435 0.6888 0.1435 0.0127 0.0010 0.0001 1.0000 0.6707 0.0517 0.0040 0.0003 1.0000 1.0000 0.2032 0.0156 0.0012 0.0001 1.0000 0.8036 0.0621 0.0048 0.0004 1.0000 1.0000 0.2557 0.0200 0.0016 0.0001 1.0000 1.0000 0.0900 0.0072 0.0006 1.0000 1.0000 0.4456 0.0363 0.0030 0.0002 1.0000 1.0000 0.1971 0.0163 0.0013 0.0001 1.0000 1.0000 0.0904 0.0075 0.0006 1.0000 1.0000
0.0001 0.0007 0.0080 0.0970 1.0000 1.0000 0.0001 0.0014 0.0174 0.2114 1.0000 1.0000 0.0003 0.0031 0.0384 0.4691 1.0000 1.0000 0.0006 0.0074 0.0916 1.0000 1.0000 0.0001 0.0015 0.0196 0.2485 1.0000 1.0000 0.0004 0.0046 0.0589 0.7590 1.0000 0.0001 0.0011 0.0146 0.1901 1.0000 1.0000 0.0003 0.0037 0.0482 0.6264 1.0000 0.0001 0.0009 0.0122 0.1536 1.0000 1.0000 1.0000 0.1536 0.0122 0.0009 0.0001 1.0000 0.6264 0.0482 0.0037 0.0003 1.0000 1.0000 0.1901 0.0146 0.0011 0.0001 1.0000 0.7590 0.0589 0.0046 0.0004 1.0000 1.0000 0.2485 0.0196 0.0015 0.0001 1.0000 1.0000 0.0916 0.0074 0.0006 1.0000 1.0000 0.4691 0.0384 0.0031 0.0003 1.0000 1.0000 0.2114 0.0174 0.0014 0.0001 1.0000 1.0000 0.0970 0.0080 0.0007 0.0001
0.0007 0.0086 0.1040 1.0000 1.0000 0.0001 0.0015 0.0187 0.2269 1.0000 1.0000 0.0003 0.0034 0.0409 0.4976 1.0000 1.0000 0.0006 0.0077 0.0942 1.0000 1.0000 0.0001 0.0015 0.0194 0.2448 1.0000 1.0000 0.0003 0.0044 0.0563 0.7224 1.0000 0.0001 0.0011 0.0138 0.1782 1.0000 1.0000 0.0003 0.0035 0.0451 0.5849 1.0000 0.0001 0.0009 0.0114 0.1476 1.0000 1.0000 0.0001 1.0000 1.0000 0.1476 0.0114 0.0009 0.0001 1.0000 0.5849 0.0451 0.0035 0.0003 1.0000 1.0000 0.1782 0.0138 0.0011 0.0001 1.0000 0.7224 0.0563 0.0044 0.0003 1.0000 1.0000 0.2448 0.0194 0.0015 0.0001 1.0000 1.0000 0.0942 0.0077 0.0006 1.0000 1.0000 0.4976 0.0409 0.0034 0.0003 1.0000 1.0000 0.2269 0.0187 0.0015 0.0001 1.0000 1.0000 0.1040 0.0086 0.0007
0.0087 0.1116 1.0000 1.0000 0.0001 0.0017 0.0201 0.2434 1.0000 1.0000 0.0003 0.0036 0.0438 0.5308 1.0000 0.0001 0.0007 0.0080 0.0984 1.0000 1.0000 0.0001 0.0016 0.0196 0.2448 1.0000 1.0000 0.0003 0.0043 0.0544 0.6941 1.0000 0.0001 0.0010 0.0130 0.1677 1.0000 1.0000 0.0003 0.0032 0.0422 0.5472 1.0000 0.0001 0.0008 0.0107 0.1386 1.0000 1.0000 0.0002 0.0008 0.0002 1.0000 1.0000 0.1386 0.0107 0.0008 0.0001 1.0000 0.5472 0.0422 0.0032 0.0003 1.0000 1.0000 0.1677 0.0130 0.0010 0.0001 1.0000 0.6941 0.0544 0.0043 0.0003 1.0000 1.0000 0.2448 0.0196 0.0016 0.0001 1.0000 1.0000 0.0984 0.0080 0.0007 0.0001 1.0000 0.5308 0.0438 0.0036 0.0003 1.0000 1.0000 0.2434 0.0201 0.0017 0.0001 1.0000 1.0000 0.1116 0.0087
0.1133 1.0000 1.0000 0.0001 0.0018 0.0215 0.2611 1.0000 1.0000 0.0003 0.0039 0.0470 0.5695 1.0000 0.0001 0.0007 0.0085 0.1038 1.0000 1.0000 0.0001 0.0016 0.0200 0.2485 1.0000 1.0000 0.0003 0.0042 0.0532 0.6746 1.0000 0.0001 0.0010 0.0124 0.1593 1.0000 1.0000 0.0002 0.0030 0.0394 0.5120 1.0000 0.0001 0.0008 0.0100 0.1297 1.0000 1.0000 0.0002 0.0021 0.0102 0.0021 0.0002 1.0000 1.0000 0.1297 0.0100 0.0008 0.0001 1.0000 0.5120 0.0394 0.0030 0.0002 1.0000 1.0000 0.1593 0.0124 0.0010 0.0001 1.0000 0.6746 0.0532 0.0042 0.0003 1.0000 1.0000 0.2485 0.0200 0.0016 0.0001 1.0000 1.0000 0.1038 0.0085 0.0007 0.0001 1.0000 0.5695 0.0470 0.0039 0.0003 1.0000 1.0000 0.2611 0.0215 0.0018 0.0001 1.0000 1.0000 0.1133
1.0000 1.0000 0.0002 0.0019 0.0231 0.2802 1.0000 1.0000 0.0003 0.0042 0.0504 0.6111 1.0000 0.0001 0.0007 0.0091 0.1103 1.0000 1.0000 0.0001 0.0017 0.0207 0.2557 1.0000 1.0000 0.0003 0.0042 0.0528 0.6644 1.0000 0.0001 0.0009 0.0119 0.1525 1.0000 1.0000 0.0002 0.0029 0.0371 0.4809 1.0000 0.0001 0.0007 0.0093 0.1213 1.0000 1.0000 0.0002 0.0023 0.0258 0.1239 0.0258 0.0023 0.0002 1.0000 1.0000 0.1213 0.0093 0.0007 0.0001 1.0000 0.4809 0.0371 0.0029 0.0002 1.0000 1.0000 0.1525 0.0119 0.0009 0.0001 1.0000 0.6644 0.0528 0.0042 0.0003 1.0000 1.0000 0.2557 0.0207 0.0017 0.0001 1.0000 1.0000 0.1103 0.0091 0.0007 0.0001 1.0000 0.6111 0.0504 0.0042 0.0003 1.0000 1.0000 0.2802 0.0231 0.0019 0.0002 1.0000 1.0000
1.0000 0.0002 0.0020 0.0248 0.3006 1.0000 1.0000 0.0004 0.0045 0.0541 0.6556 1.0000 0.0001 0.0008 0.0097 0.1179 1.0000 1.0000 0.0001 0.0018 0.0217 0.2667 1.0000 1.0000 0.0003 0.0043 0.0532 0.6644 1.0000 0.0001 0.0009 0.0116 0.1476 1.0000 1.0000 0.0002 0.0027 0.0352 0.4533 1.0000 0.0001 0.0007 0.0087 0.1135 1.0000 1.0000 0.0002 0.0022 0.0276 0.3129 1.0000 0.3129 0.0276 0.0022 0.0002 1.0000 1.0000 0.1135 0.0087 0.0007 0.0001 1.0000 0.4533 0.0352 0.0027 0.0002 1.0000 1.0000 0.1476 0.0116 0.0009 0.0001 1.0000 0.6644 0.0532 0.0043 0.0003 1.0000 1.0000 0.2667 0.0217 0.0018 0.0001 1.0000 1.0000 0.1179 0.0097 0.0008 0.0001 1.0000 0.6556 0.0541 0.0045 0.0004 1.0000 1.0000 0.3006 0.0248 0.0020 0.0002 1.0000
0.0002 0.0022 0.0266 0.3225 1.0000 1.0000 0.0004 0.0048 0.0580 0.7034 1.0000 0.0001 0.0009 0.0104 0.1265 1.0000 1.0000 0.0002 0.0019 0.0230 0.2807 1.0000 1.0000 0.0004 0.0044 0.0544 0.6746 1.0000 0.0001 0.0009 0.0114 0.1443 1.0000 1.0000 0.0002 0.0026 0.0335 0.4315 1.0000 1.0000 0.0006 0.0082 0.1064 1.0000 1.0000 0.0002 0.0021 0.0266 0.3357 1.0000 1.0000 1.0000 0.3357 0.0266 0.0021 0.0002 1.0000 1.0000 0.1064 0.0082 0.0006 1.0000 1.0000 0.4315 0.0335 0.0026 0.0002 1.0000 1.0000 0.1443 0.0114 0.0009 0.0001 1.0000 0.6746 0.0544 0.0044 0.0004 1.0000 1.0000 0.2807 0.0230 0.0019 0.0002 1.0000 1.0000 0.1265 0.0104 0.0009 0.0001 1.0000 0.7034 0.0580 0.0048 0.0004 1.0000 1.0000 0.3225 0.0266 0.0022 0.0002
0.0022 0.0285 0.3460 1.0000 1.0000 0.0004 0.0051 0.0622 0.7547 1.0000 0.0001 0.0009 0.0112 0.1358 1.0000 1.0000 0.0002 0.0020 0.0245 0.2978 1.0000 1.0000 0.0004 0.0046 0.0563 0.6941 1.0000 0.0001 0.0009 0.0114 0.1432 1.0000 1.0000 0.0002 0.0025 0.0323 0.4130 1.0000 1.0000 0.0006 0.0078 0.1001 1.0000 1.0000 0.0001 0.0019 0.0251 0.3231 1.0000 1.0000 0.0002 1.0000 1.0000 0.3231 0.0251 0.0019 0.0001 1.0000 1.0000 0.1001 0.0078 0.0006 1.0000 1.0000 0.4130 0.0323 0.0025 0.0002 1.0000 1.0000 0.1432 0.0114 0.0009 0.0001 1.0000 0.6941 0.0563 0.0046 0.0004 1.0000 1.0000 0.2978 0.0245 0.0020 0.0002 1.0000 1.0000 0.1358 0.0112 0.0009 0.0001 1.0000 0.7547 0.0622 0.0051 0.0004 1.0000 1.0000 0.3460 0.0285 0.0022
0.0290 0.3713 1.0000 1.0000 0.0005 0.0055 0.0668 0.8097 1.0000 0.0001 0.0010 0.0120 0.1457 1.0000 1.0000 0.0002 0.0022 0.0262 0.3177 1.0000 1.0000 0.0004 0.0048 0.0589 0.7224 1.0000 0.0001 0.0009 0.0116 0.1443 1.0000 1.0000 0.0002 0.0025 0.0314 0.3998 1.0000 1.0000 0.0006 0.0074 0.0949 1.0000 1.0000 0.0001 0.0018 0.0236 0.3046 1.0000 1.0000 0.0004 0.0018 0.0004 1.0000 1.0000 0.3046 0.0236 0.0018 0.0001 1.0000 1.0000 0.0949 0.0074 0.0006 1.0000 1.0000 0.3998 0.0314 0.0025 0.0002 1.0000 1.0000 0.1443 0.0116 0.0009 0.0001 1.0000 0.7224 0.0589 0.0048 0.0004 1.0000 1.0000 0.3177 0.0262 0.0022 0.0002 1.0000 1.0000 0.1457 0.0120 0.0010 0.0001 1.0000 0.8097 0.0668 0.0055 0.0005 1.0000 1.0000 0.3713 0.0290
0.3770 1.0000 1.0000 0.0005 0.0059 0.0717 0.8687 1.0000 0.0001 0.0011 0.0129 0.1563 1.0000 1.0000 0.0002 0.0023 0.0281 0.3408 1.0000 1.0000 0.0004 0.0051 0.0621 0.7590 1.0000 0.0001 0.0010 0.0119 0.1476 1.0000 1.0000 0.0002 0.0025 0.0310 0.3916 1.0000 1.0000 0.0006 0.0071 0.0907 1.0000 1.0000 0.0001 0.0017 0.0222 0.2867 1.0000 1.0000 0.0004 0.0047 0.0224 0.0047 0.0004 1.0000 1.0000 0.2867 0.0222 0.0017 0.0001 1.0000 1.0000 0.0907 0.0071 0.0006 1.0000 1.0000 0.3916 0.0310 0.0025 0.0002 1.0000 1.0000 0.1476 0.0119 0.0010 0.0001 1.0000 0.7590 0.0621 0.0051 0.0004 1.0000 1.0000 0.3408 0.0281 0.0023 0.0002 1.0000 1.0000 0.1563 0.0129 0.0011 0.0001 1.0000 0.8687 0.0717 0.0059 0.0005 1.0000 1.0000 0.3770
1.0000 1.0000 0.0005 0.0063 0.0769 0.9321 1.0000 0.0001 0.0011 0.0138 0.1677 1.0000 1.0000 0.0002 0.0025 0.0302 0.3657 1.0000 1.0000 0.0004 0.0054 0.0660 0.8036 1.0000 0.0001 0.0010 0.0124 0.1525 1.0000 1.0000 0.0002 0.0025 0.0310 0.3893 1.0000 1.0000 0.0005 0.0069 0.0875 1.0000 1.0000 0.0001 0.0016 0.0210 0.2702 1.0000 1.0000 0.0004 0.0050 0.0566 0.2718 0.0566 0.0050 0.0004 1.0000 1.0000 0.2702 0.0210 0.0016 0.0001 1.0000 1.0000 0.0875 0.0069 0.0005 1.0000 1.0000 0.3893 0.0310 0.0025 0.0002 1.0000 1.0000 0.1525 0.0124 0.0010 0.0001 1.0000 0.8036 0.0660 0.0054 0.0004 1.0000 1.0000 0.3657 0.0302 0.0025 0.0002 1.0000 1.0000 0.1677 0.0138 0.0011 0.0001 1.0000 0.9321 0.0769 0.0063 0.0005 1.0000 1.0000
1.0000 0.0006 0.0068 0.0825 1.0000 1.0000 0.0001 0.0012 0.0148 0.1799 1.0000 1.0000 0.0002 0.0027 0.0324 0.3923 1.0000 1.0000 0.0005 0.0058 0.0706 0.8572 1.0000 0.0001 0.0011 0.0130 0.1593 1.0000 1.0000 0.0002 0.0025 0.0314 0.3916 1.0000 1.0000 0.0005 0.0067 0.0854 1.0000 1.0000 0.0001 0.0016 0.0200 0.2567 1.0000 1.0000 0.0004 0.0049 0.0610 0.6888 1.0000 0.6888 0.0610 0.0049 0.0004 1.0000 1.0000 0.2567 0.0200 0.0016 0.0001 1.0000 1.0000 0.0854 0.0067 0.0005 1.0000 1.0000 0.3916 0.0314 0.0025 0.0002 1.0000 1.0000 0.1593 0.0130 0.0011 0.0001 1.0000 0.8572 0.0706 0.0058 0.0005 1.0000 1.0000 0.3923 0.0324 0.0027 0.0002 1.0000 1.0000 0.1799 0.0148 0.0012 0.0001 1.0000 1.0000 0.0825 0.0068 0.0006 1.0000
0.0006 0.0073 0.0885 1.0000 1.0000 0.0001 0.0013 0.0159 0.1930 1.0000 1.0000 0.0002 0.0029 0.0347 0.4209 1.0000 1.0000 0.0005 0.0062 0.0756 0.9162 1.0000 0.0001 0.0011 0.0138 0.1677 1.0000 1.0000 0.0002 0.0026 0.0323 0.3998 1.0000 1.0000 0.0005 0.0067 0.0841 1.0000 1.0000 0.0001 0.0015 0.0192 0.2457 1.0000 1.0000 0.0004 0.0046 0.0592 0.7433 1.0000 1.0000 1.0000 0.7433 0.0592 0.0046 0.0004 1.0000 1.0000 0.2457 0.0192 0.0015 0.0001 1.0000 1.0000 0.0841 0.0067 0.0005 1.0000 1.0000 0.3998 0.0323 0.0026 0.0002 1.0000 1.0000 0.1677 0.0138 0.0011 0.0001 1.0000 0.9162 0.0756 0.0062 0.0005 1.0000 1.0000 0.4209 0.0347 0.0029 0.0002 1.0000 1.0000 0.1930 0.0159 0.0013 0.0001 1.0000 1.0000 0.0885 0.0073 0.0006
0.0074 0.0949 1.0000 1.0000 0.0001 0.0014 0.0171 0.2071 1.0000 1.0000 0.0003 0.0031 0.0372 0.4516 1.0000 1.0000 0.0006 0.0067 0.0811 0.9830 1.0000 0.0001 0.0012 0.0146 0.1782 1.0000 1.0000 0.0002 0.0027 0.0335 0.4130 1.0000 1.0000 0.0005 0.0067 0.0841 1.0000 1.0000 0.0001 0.0015 0.0186 0.2375 1.0000 1.0000 0.0003 0.0044 0.0565 0.7238 1.0000 0.0001 0.0003 0.0001 1.0000 0.7238 0.0565 0.0044 0.0003 1.0000 1.0000 0.2375 0.0186 0.0015 0.0001 1.0000 1.0000 0.0841 0.0067 0.0005 1.0000 1.0000 0.4130 0.0335 0.0027 0.0002 1.0000 1.0000 0.1782 0.0146 0.0012 0.0001 1.0000 0.9830 0.0811 0.0067 0.0006 1.0000 1.0000 0.4516 0.0372 0.0031 0.0003 1.0000 1.0000 0.2071 0.0171 0.0014 0.0001 1.0000 1.0000 0.0949 0.0074
0.0964 1.0000 1.0000 0.0001 0.0015 0.0183 0.2222 1.0000 1.0000 0.0003 0.0033 0.0400 0.4845 1.0000 1.0000 0.0006 0.0072 0.0870 1.0000 1.0000 0.0001 0.0013 0.0156 0.1901 1.0000 1.0000 0.0002 0.0029 0.0352 0.4315 1.0000 1.0000 0.0006 0.0069 0.0854 1.0000 1.0000 0.0001 0.0014 0.0183 0.2312 1.0000 1.0000 0.0003 0.0042 0.0541 0.6941 1.0000 0.0001 0.0009 0.0041 0.0009 0.0001 1.0000 0.6941 0.0541 0.0042 0.0003 1.0000 1.0000 0.2312 0.0183 0.0014 0.0001 1.0000 1.0000 0.0854 0.0069 0.0006 1.0000 1.0000 0.4315 0.0352 0.0029 0.0002 1.0000 1.0000 0.1901 0.0156 0.0013 0.0001 1.0000 1.0000 0.0870 0.0072 0.0006 1.0000 1.0000 0.4845 0.0400 0.0033 0.0003 1.0000 1.0000 0.2222 0.0183 0.0015 0.0001 1.0000 1.0000 0.0964
1.0000 1.0000 0.0001 0.0016 0.0197 0.2384 1.0000 1.0000 0.0003 0.0035 0.0429 0.5198 1.0000 0.0001 0.0006 0.0077 0.0933 1.0000 1.0000 0.0001 0.0014 0.0168 0.2032 1.0000 1.0000 0.0003 0.0030 0.0371 0.4533 1.0000 1.0000 0.0006 0.0071 0.0875 1.0000 1.0000 0.0001 0.0014 0.0181 0.2282 1.0000 1.0000 0.0003 0.0041 0.0521 0.6657 1.0000 0.0001 0.0009 0.0105 0.0502 0.0105 0.0009 0.0001 1.0000 0.6657 0.0521 0.0041 0.0003 1.0000 1.0000 0.2282 0.0181 0.0014 0.0001 1.0000 1.0000 0.0875 0.0071 0.0006 1.0000 1.0000 0.4533 0.0371 0.0030 0.0003 1.0000 1.0000 0.2032 0.0168 0.0014 0.0001 1.0000 1.0000 0.0933 0.0077 0.0006 0.0001 1.0000 0.5198 0.0429 0.0035 0.0003 1.0000 1.0000 0.2384 0.0197 0.0016 0.0001 1.0000 1.0000
1.0000 0.0001 0.0017 0.0211 0.2557 1.0000 1.0000 0.0003 0.0038 0.0460 0.5577 1.0000 0.0001 0.0007 0.0083 0.0999 1.0000 1.0000 0.0001 0.0015 0.0179 0.2176 1.0000 1.0000 0.0003 0.0032 0.0394 0.4809 1.0000 1.0000 0.0006 0.0074 0.0907 1.0000 1.0000 0.0001 0.0015 0.0183 0.2282 1.0000 1.0000 0.0003 0.0040 0.0505 0.6433 1.0000 0.0001 0.0009 0.0115 0.1285 0.6146 0.1285 0.0115 0.0009 0.0001 1.0000 0.6433 0.0505 0.0040 0.0003 1.0000 1.0000 0.2282 0.0183 0.0015 0.0001 1.0000 1.0000 0.0907 0.0074 0.0006 1.0000 1.0000 0.4809 0.0394 0.0032 0.0003 1.0000 1.0000 0.2176 0.0179 0.0015 0.0001 1.0000 1.0000 0.0999 0.0083 0.0007 0.0001 1.0000 0.5577 0.0460 0.0038 0.0003 1.0000 1.0000 0.2557 0.0211 0.0017 0.0001 1.0000
0.0001 0.0019 0.0226 0.2744 1.0000 1.0000 0.0003 0.0041 0.0494 0.5973 1.0000 0.0001 0.0007 0.0088 0.1072 1.0000 1.0000 0.0001 0.0016 0.0193 0.2334 1.0000 1.0000 0.0003 0.0035 0.0422 0.5120 1.0000 0.0001 0.0006 0.0078 0.0949 1.0000 1.0000 0.0001 0.0015 0.0186 0.2312 1.0000 1.0000 0.0003 0.0039 0.0495 0.6275 1.0000 0.0001 0.0009 0.0113 0.1408 1.0000 1.0000 1.0000 0.1408 0.0113 0.0009 0.0001 1.0000 0.6275 0.0495 0.0039 0.0003 1.0000 1.0000 0.2312 0.0186 0.0015 0.0001 1.0000 1.0000 0.0949 0.0078 0.0006 0.0001 1.0000 0.5120 0.0422 0.0035 0.0003 1.0000 1.0000 0.2334 0.0193 0.0016 0.0001 1.0000 1.0000 0.1072 0.0088 0.0007 0.0001 1.0000 0.5973 0.0494 0.0041 0.0003 1.0000 1.0000 0.2744 0.0226 0.0019 0.0001
0.0019 0.0243 0.2944 1.0000 1.0000 0.0004 0.0044 0.0529 0.6408 1.0000 0.0001 0.0008 0.0095 0.1151 1.0000 1.0000 0.0001 0.0017 0.0207 0.2504 1.0000 1.0000 0.0003 0.0037 0.0451 0.5472 1.0000 0.0001 0.0007 0.0082 0.1001 1.0000 1.0000 0.0001 0.0016 0.0192 0.2375 1.0000 1.0000 0.0003 0.0039 0.0492 0.6192 1.0000 0.0001 0.0009 0.0110 0.1397 1.0000 1.0000 0.0001 1.0000 1.0000 0.1397 0.0110 0.0009 0.0001 1.0000 0.6192 0.0492 0.0039 0.0003 1.0000 1.0000 0.2375 0.0192 0.0016 0.0001 1.0000 1.0000 0.1001 0.0082 0.0007 0.0001 1.0000 0.5472 0.0451 0.0037 0.0003 1.0000 1.0000 0.2504 0.0207 0.0017 0.0001 1.0000 1.0000 0.1151 0.0095 0.0008 0.0001 1.0000 0.6408 0.0529 0.0044 0.0004 1.0000 1.0000 0.2944 0.0243 0.0019
0.0247 0.3158 1.0000 1.0000 0.0004 0.0047 0.0567 0.6875 1.0000 0.0001 0.0008 0.0102 0.1234 1.0000 1.0000 0.0002 0.0018 0.0222 0.2682 1.0000 1.0000 0.0003 0.0040 0.0482 0.5849 1.0000 0.0001 0.0007 0.0087 0.1064 1.0000 1.0000 0.0001 0.0016 0.0200 0.2457 1.0000 1.0000 0.0003 0.0040 0.0495 0.6192 1.0000 0.0001 0.0008 0.0108 0.1365 1.0000 1.0000 0.0002 0.0008 0.0002 1.0000 1.0000 0.1365 0.0108 0.0008 0.0001 1.0000 0.6192 0.0495 0.0040 0.0003 1.0000 1.0000 0.2457 0.0200 0.0016 0.0001 1.0000 1.0000 0.1064 0.0087 0.0007 0.0001 1.0000 0.5849 0.0482 0.0040 0.0003 1.0000 1.0000 0.2682 0.0222 0.0018 0.0002 1.0000 1.0000 0.1234 0.0102 0.0008 0.0001 1.0000 0.6875 0.0567 0.0047 0.0004 1.0000 1.0000 0.3158 0.0247
0.3201 1.0000 1.0000 0.0004 0.0050 0.0608 0.7376 1.0000 0.0001 0.0009 0.0109 0.1324 1.0000 1.0000 0.0002 0.0020 0.0237 0.2877 1.0000 1.0000 0.0004 0.0043 0.0517 0.6264 1.0000 0.0001 0.0008 0.0093 0.1135 1.0000 1.0000 0.0001 0.0017 0.0210 0.2567 1.0000 1.0000 0.0003 0.0041 0.0505 0.6275 1.0000 0.0001 0.0008 0.0106 0.1342 1.0000 1.0000 0.0002 0.0020 0.0097 0.0020 0.0002 1.0000 1.0000 0.1342 0.0106 0.0008 0.0001 1.0000 0.6275 0.0505 0.0041 0.0003 1.0000 1.0000 0.2567 0.0210 0.0017 0.0001 1.0000 1.0000 0.1135 0.0093 0.0008 0.0001 1.0000 0.6264 0.0517 0.0043 0.0004 1.0000 1.0000 0.2877 0.0237 0.0020 0.0002 1.0000 1.0000 0.1324 0.0109 0.0009 0.0001 1.0000 0.7376 0.0608 0.0050 0.0004 1.0000 1.0000 0.3201
1.0000 1.0000 0.0004 0.0054 0.0653 0.7899 1.0000 0.0001 0.0010 0.0117 0.1418 1.0000 1.0000 0.0002 0.0021 0.0255 0.3087 1.0000 1.0000 0.0004 0.0046 0.0554 0.6707 1.0000 0.0001 0.0008 0.0100 0.1213 1.0000 1.0000 0.0001 0.0018 0.0222 0.2702 1.0000 1.0000 0.0003 0.0042 0.0521 0.6433 1.0000 0.0001 0.0008 0.0106 0.1335 1.0000 1.0000 0.0002 0.0023 0.0251 0.1197 0.0251 0.0023 0.0002 1.0000 1.0000 0.1335 0.0106 0.0008 0.0001 1.0000 0.6433 0.0521 0.0042 0.0003 1.0000 1.0000 0.2702 0.0222 0.0018 0.0001 1.0000 1.0000 0.1213 0.0100 0.0008 0.0001 1.0000 0.6707 0.0554 0.0046 0.0004 1.0000 1.0000 0.3087 0.0255 0.0021 0.0002 1.0000 1.0000 0.1418 0.0117 0.0010 0.0001 1.0000 0.7899 0.0653 0.0054 0.0004 1.0000 1.0000
1.0000 0.0005 0.0058 0.0700 0.8475 1.0000 0.0001 0.0010 0.0126 0.1522 1.0000 1.0000 0.0002 0.0023 0.0273 0.3306 1.0000 1.0000 0.0004 0.0049 0.0594 0.7196 1.0000 0.0001 0.0009 0.0107 0.1297 1.0000 1.0000 0.0002 0.0019 0.0236 0.2867 1.0000 1.0000 0.0004 0.0044 0.0541 0.6657 1.0000 0.0001 0.0009 0.0108 0.1342 1.0000 1.0000 0.0002 0.0023 0.0282 0.3123 1.0000 0.3123 0.0282 0.0023 0.0002 1.0000 1.0000 0.1342 0.0108 0.0009 0.0001 1.0000 0.6657 0.0541 0.0044 0.0004 1.0000 1.0000 0.2867 0.0236 0.0019 0.0002 1.0000 1.0000 0.1297 0.0107 0.0009 0.0001 1.0000 0.7196 0.0594 0.0049 0.0004 1.0000 1.0000 0.3306 0.0273 0.0023 0.0002 1.0000 1.0000 0.1522 0.0126 0.0010 0.0001 1.0000 0.8475 0.0700 0.0058 0.0005 1.0000
0.0005 0.0062 0.0750 0.9076 1.0000 0.0001 0.0011 0.0134 0.1629 1.0000 1.0000 0.0002 0.0024 0.0293 0.3540 1.0000 1.0000 0.0004 0.0053 0.0636 0.7706 1.0000 0.0001 0.0009 0.0114 0.1386 1.0000 1.0000 0.0002 0.0021 0.0251 0.3046 1.0000 1.0000 0.0004 0.0046 0.0565 0.6941 1.0000 0.0001 0.0009 0.0110 0.1365 1.0000 1.0000 0.0002 0.0023 0.0286 0.3507 1.0000 1.0000 1.0000 0.3507 0.0286 0.0023 0.0002 1.0000 1.0000 0.1365 0.0110 0.0009 0.0001 1.0000 0.6941 0.0565 0.0046 0.0004 1.0000 1.0000 0.3046 0.0251 0.0021 0.0002 1.0000 1.0000 0.1386 0.0114 0.0009 0.0001 1.0000 0.7706 0.0636 0.0053 0.0004 1.0000 1.0000 0.3540 0.0293 0.0024 0.0002 1.0000 1.0000 0.1629 0.0134 0.0011 0.0001 1.0000 0.9076 0.0750 0.0062 0.0005
0.0062 0.0799 0.9682 1.0000 0.0001 0.0012 0.0143 0.1735 1.0000 1.0000 0.0002 0.0026 0.0312 0.3777 1.0000 1.0000 0.0005 0.0056 0.0678 0.8205 1.0000 0.0001 0.0010 0.0122 0.1476 1.0000 1.0000 0.0002 0.0022 0.0266 0.3231 1.0000 1.0000 0.0004 0.0049 0.0592 0.7238 1.0000 0.0001 0.0009 0.0113 0.1397 1.0000 1.0000 0.0002 0.0023 0.0286 0.3567 1.0000 1.0000 0.0002 1.0000 1.0000 0.3567 0.0286 0.0023 0.0002 1.0000 1.0000 0.1397 0.0113 0.0009 0.0001 1.0000 0.7238 0.0592 0.0049 0.0004 1.0000 1.0000 0.3231 0.0266 0.0022 0.0002 1.0000 1.0000 0.1476 0.0122 0.0010 0.0001 1.0000 0.8205 0.0678 0.0056 0.0005 1.0000 1.0000 0.3777 0.0312 0.0026 0.0002 1.0000 1.0000 0.1735 0.0143 0.0012 0.0001 1.0000 0.9682 0.0799 0.0062
0.0785 1.0000 1.0000 0.0001 0.0012 0.0149 0.1809 1.0000 1.0000 0.0002 0.0027 0.0325 0.3931 1.0000 1.0000 0.0005 0.0058 0.0706 0.8556 1.0000 0.0001 0.0010 0.0127 0.1536 1.0000 1.0000 0.0002 0.0023 0.0276 0.3357 1.0000 1.0000 0.0004 0.0050 0.0610 0.7433 1.0000 0.0001 0.0009 0.0115 0.1408 1.0000 1.0000 0.0002 0.0023 0.0282 0.3507 1.0000 1.0000 0.0004 0.0019 0.0004 1.0000 1.0000 0.3507 0.0282 0.0023 0.0002 1.0000 1.0000 0.1408 0.0115 0.0009 0.0001 1.0000 0.7433 0.0610 0.0050 0.0004 1.0000 1.0000 0.3357 0.0276 0.0023 0.0002 1.0000 1.0000 0.1536 0.0127 0.0010 0.0001 1.0000 0.8556 0.0706 0.0058 0.0005 1.0000 1.0000 0.3931 0.0325 0.0027 0.0002 1.0000 1.0000 0.1809 0.0149 0.0012 0.0001 1.0000 1.0000 0.0785
0.8837 1.0000 0.0001 0.0011 0.0139 0.1689 1.0000 1.0000 0.0002 0.0025 0.0303 0.3671 1.0000 1.0000 0.0004 0.0054 0.0659 0.7990 1.0000 0.0001 0.0010 0.0118 0.1435 1.0000 1.0000 0.0002 0.0021 0.0258 0.3129 1.0000 1.0000 0.0004 0.0047 0.0566 0.6888 1.0000 0.0001 0.0009 0.0105 0.1285 1.0000 1.0000 0.0002 0.0020 0.0251 0.3123 1.0000 1.0000 0.0004 0.0044 0.0210 0.0044 0.0004 1.0000 1.0000 0.3123 0.0251 0.0020 0.0002 1.0000 1.0000 0.1285 0.0105 0.0009 0.0001 1.0000 0.6888 0.0566 0.0047 0.0004 1.0000 1.0000 0.3129 0.0258 0.0021 0.0002 1.0000 1.0000 0.1435 0.0118 0.0010 0.0001 1.0000 0.7990 0.0659 0.0054 0.0004 1.0000 1.0000 0.3671 0.0303 0.0025 0.0002 1.0000 1.0000 0.1689 0.0139 0.0011 0.0001 1.0000 0.8837
1.0000 1.0000 0.0005 0.0055 0.0669 0.8112 1.0000 0.0001 0.0010 0.0120 0.1457 1.0000 1.0000 0.0002 0.0022 0.0262 0.3164 1.0000 1.0000 0.0004 0.0047 0.0568 0.6888 1.0000 0.0001 0.0008 0.0102 0.1239 1.0000 1.0000 0.0002 0.0018 0.0224 0.2718 1.0000 1.0000 0.0003 0.0041 0.0502 0.6146 1.0000 0.0001 0.0008 0.0097 0.1197 1.0000 1.0000 0.0002 0.0019 0.0210 0.0966 0.0210 0.0019 0.0002 1.0000 1.0000 0.1197 0.0097 0.0008 0.0001 1.0000 0.6146 0.0502 0.0041 0.0003 1.0000 1.0000 0.2718 0.0224 0.0018 0.0002 1.0000 1.0000 0.1239 0.0102 0.0008 0.0001 1.0000 0.6888 0.0568 0.0047 0.0004 1.0000 1.0000 0.3164 0.0262 0.0022 0.0002 1.0000 1.0000 0.1457 0.0120 0.0010 0.0001 1.0000 0.8112 0.0669 0.0055 0.0005 1.0000 1.0000
0.8837 1.0000 0.0001 0.0011 0.0139 0.1689 1.0000 1.0000 0.0002 0.0025 0.0303 0.3671 1.0000 1.0000 0.0004 0.0054 0.0659 0.7990 1.0000 0.0001 0.0010 0.0118 0.1435 1.0000 1.0000 0.0002 0.0021 0.0258 0.3129 1.0000 1.0000 0.0004 0.0047 0.0566 0.6888 1.0000 0.0001 0.0009 0.0105 0.1285 1.0000 1.0000 0.0002 0.0020 0.0251 0.3123 1.0000 1.0000 0.0004 0.0044 0.0210 0.0044 0.0004 1.0000 1.0000 0.3123 0.0251 0.0020 0.0002 1.0000 1.0000 0.1285 0.0105 0.0009 0.0001 1.0000 0.6888 0.0566 0.0047 0.0004 1.0000 1.0000 0.3129 0.0258 0.0021 0.0002 1.0000 1.0000 0.1435 0.0118 0.0010 0.0001 1.0000 0.7990 0.0659 0.0054 0.0004 1.0000 1.0000 0.3671 0.0303 0.0025 0.0002 1.0000 1.0000 0.1689 0.0139 0.0011 0.0001 1.0000 0.8837
0.0785 1.0000 1.0000 0.0001 0.0012 0.0149 0.1809 1.0000 1.0000 0.0002 0.0027 0.0325 0.3931 1.0000 1.0000 0.0005 0.0058 0.0706 0.8556 1.0000 0.0001 0.0010 0.0127 0.1536 1.0000 1.0000 0.0002 0.0023 0.0276 0.3357 1.0000 1.0000 0.0004 0.0050 0.0610 0.7433 1.0000 0.0001 0.0009 0.0115 0.1408 1.0000 1.0000 0.0002 0.0023 0.0282 0.3507 1.0000 1.0000 0.0004 0.0019 0.0004 1.0000 1.0000 0.3507 0.0282 0.0023 0.0002 1.0000 1.0000 0.1408 0.0115 0.0009 0.0001 1.0000 0.7433 0.0610 0.0050 0.0004 1.0000 1.0000 0.3357 0.0276 0.0023 0.0002 1.0000 1.0000 0.1536 0.0127 0.0010 0.0001 1.0000 0.8556 0.0706 0.0058 0.0005 1.0000 1.0000 0.3931 0.0325 0.0027 0.0002 1.0000 1.0000 0.1809 0.0149 0.0012 0.0001 1.0000 1.0000 0.0785
0.0062 0.0799 0.9682 1.0000 0.0001 0.0012 0.0143 0.1735 1.0000 1.0000 0.0002 0.0026 0.0312 0.3777 1.0000 1.0000 0.0005 0.0056 0.0678 0.8205 1.0000 0.0001 0.0010 0.0122 0.1476 1.0000 1.0000 0.0002 0.0022 0.0266 0.3231 1.0000 1.0000 0.0004 0.0049 0.0592 0.7238 1.0000 0.0001 0.0009 0.0113 0.1397 1.0000 1.0000 0.0002 0.0023 0.0286 0.3567 1.0000 1.0000 0.0002 1.0000 1.0000 0.3567 0.0286 0.0023 0.0002 1.0000 1.0000 0.1397 0.0113 0.0009 0.0001 1.0000 0.7238 0.0592 0.0049 0.0004 1.0000 1.0000 0.3231 0.0266 0.0022 0.0002 1.0000 1.0000 0.1476 0.0122 0.0010 0.0001 1.0000 0.8205 0.0678 0.0056 0.0005 1.0000 1.0000 0.3777 0.0312 0.0026 0.0002 1.0000 1.0000 0.1735 0.0143 0.0012 0.0001 1.0000 0.9682 0.0799 0.0062
0.0005 0.0062 0.0750 0.9076 1.0000 0.0001 0.0011 0.0134 0.1629 1.0000 1.0000 0.0002 0.0024 0.0293 0.3540 1.0000 1.0000 0.0004 0.0053 0.0636 0.7706 1.0000 0.0001 0.0009 0.0114 0.1386 1.0000 1.0000 0.0002 0.0021 0.0251 0.3046 1.0000 1.0000 0.0004 0.0046 0.0565 0.6941 1.0000 0.0001 0.0009 0.0110 0.1365 1.0000 1.0000 0.0002 0.0023 0.0286 0.3507 1.0000 1.0000 1.0000 0.3507 0.0286 0.0023 0.0002 1.0000 1.0000 0.1365 0.0110 0.0009 0.0001 1.0000 0.6941 0.0565 0.0046 0.0004 1.0000 1.0000 0.3046 0.0251 0.0021 0.0002 1.0000 1.0000 0.1386 0.0114 0.0009 0.0001 1.0000 0.7706 0.0636 0.0053 0.0004 1.0000 1.0000 0.3540 0.0293 0.0024 0.0002 1.0000 1.0000 0.1629 0.0134 0.0011 0.0001 1.0000 0.9076 0.0750 0.0062 0.0005
1.0000 0.0005 0.0058 0.0700 0.8475 1.0000 0.0001 0.0010 0.0126 0.1522 1.0000 1.0000 0.0002 0.0023 0.0273 0.3306 1.0000 1.0000 0.0004 0.0049 0.0594 0.7196 1.0000 0.0001 0.0009 0.0107 0.1297 1.0000 1.0000 0.0002 0.0019 0.0236 0.2867 1.0000 1.0000 0.0004 0.0044 0.0541 0.6657 1.0000 0.0001 0.0009 0.0108 0.1342 1.0000 1.0000 0.0002 0.0023 0.0282 0.3123 1.0000 0.3123 0.0282 0.0023 0.0002 1.0000 1.0000 0.1342 0.0108 0.0009 0.0001 1.0000 0.6657 0.0541 0.0044 0.0004 1.0000 1.0000 0.2867 0.0236 0.0019 0.0002 1.0000 1.0000 0.1297 0.0107 0.0009 0.0001 1.0000 0.7196 0.0594 0.0049 0.0004 1.0000 1.0000 0.3306 0.0273 0.0023 0.0002 1.0000 1.0000 0.1522 0.0126 0.0010 0.0001 1.0000 0.8475 0.0700 0.0058 0.0005 1.0000
