0.2016 0.3435 0.5129 0.3525 0.1488 0.1628 0.2520 0.4538 0.4744 0.1957 0.1464 0.1935 0.3312 0.5131 0.3716 0.1507 0.1599 0.2434 0.4386 0.4832 0.2131 0.1457 0.1882 0.3184 0.5118 0.3902 0.1531 0.1572 0.2350 0.4226 0.4911 0.2344 0.1453 0.1831 0.3059 0.5085 0.4076 0.1562 0.1547 0.2270 0.4065 0.4979 0.2577 0.1453 0.1785 0.2941 0.5027 0.4245 0.1611 0.1493 0.1759 0.1493 0.1611 0.4245 0.5027 0.2941 0.1785 0.1453 0.2577 0.4979 0.4065 0.2270 0.1547 0.1562 0.4076 0.5085 0.3059 0.1831 0.1453 0.2344 0.4911 0.4226 0.2350 0.1572 0.1531 0.3902 0.5118 0.3184 0.1882 0.1457 0.2131 0.4832 0.4386 0.2434 0.1599 0.1507 0.3716 0.5131 0.3312 0.1935 0.1464 0.1957 0.4744 0.4538 0.2520 0.1628 0.1488 0.3525 0.5129 0.3435 0.2016
0.3435 0.5140 0.3552 0.1411 0.1562 0.2476 0.4526 0.4768 0.1956 0.1384 0.1877 0.3278 0.5142 0.3762 0.1433 0.1530 0.2387 0.4370 0.4854 0.2150 0.1376 0.1823 0.3149 0.5127 0.3944 0.1460 0.1501 0.2301 0.4207 0.4931 0.2379 0.1372 0.1771 0.3022 0.5092 0.4115 0.1495 0.1475 0.2220 0.4044 0.4997 0.2622 0.1371 0.1723 0.2902 0.5031 0.4273 0.1542 0.1444 0.2050 0.2884 0.2050 0.1444 0.1542 0.4273 0.5031 0.2902 0.1723 0.1371 0.2622 0.4997 0.4044 0.2220 0.1475 0.1495 0.4115 0.5092 0.3022 0.1771 0.1372 0.2379 0.4931 0.4207 0.2301 0.1501 0.1460 0.3944 0.5127 0.3149 0.1823 0.1376 0.2150 0.4854 0.4370 0.2387 0.1530 0.1433 0.3762 0.5142 0.3278 0.1877 0.1384 0.1956 0.4768 0.4526 0.2476 0.1562 0.1411 0.3552 0.5140 0.3435
0.5129 0.3552 0.1414 0.1554 0.2447 0.4471 0.4802 0.2030 0.1380 0.1854 0.3223 0.5138 0.3840 0.1443 0.1518 0.2351 0.4302 0.4887 0.2242 0.1374 0.1801 0.3096 0.5115 0.4017 0.1473 0.1490 0.2267 0.4139 0.4959 0.2477 0.1371 0.1751 0.2972 0.5070 0.4181 0.1512 0.1465 0.2187 0.3976 0.5020 0.2723 0.1372 0.1704 0.2855 0.4997 0.4332 0.1563 0.1441 0.2093 0.3648 0.4993 0.3648 0.2093 0.1441 0.1563 0.4332 0.4997 0.2855 0.1704 0.1372 0.2723 0.5020 0.3976 0.2187 0.1465 0.1512 0.4181 0.5070 0.2972 0.1751 0.1371 0.2477 0.4959 0.4139 0.2267 0.1490 0.1473 0.4017 0.5115 0.3096 0.1801 0.1374 0.2242 0.4887 0.4302 0.2351 0.1518 0.1443 0.3840 0.5138 0.3223 0.1854 0.1380 0.2030 0.4802 0.4471 0.2447 0.1554 0.1414 0.3552 0.5129
0.3525 0.1411 0.1554 0.2436 0.4436 0.4827 0.2096 0.1378 0.1833 0.3171 0.5131 0.3915 0.1455 0.1506 0.2315 0.4235 0.4919 0.2338 0.1372 0.1780 0.3044 0.5099 0.4086 0.1488 0.1479 0.2234 0.4072 0.4986 0.2578 0.1371 0.1731 0.2923 0.5043 0.4244 0.1531 0.1455 0.2156 0.3910 0.5041 0.2825 0.1374 0.1686 0.2808 0.4959 0.4390 0.1587 0.1434 0.2079 0.3714 0.5107 0.4381 0.5107 0.3714 0.2079 0.1434 0.1587 0.4390 0.4959 0.2808 0.1686 0.1374 0.2825 0.5041 0.3910 0.2156 0.1455 0.1531 0.4244 0.5043 0.2923 0.1731 0.1371 0.2578 0.4986 0.4072 0.2234 0.1479 0.1488 0.4086 0.5099 0.3044 0.1780 0.1372 0.2338 0.4919 0.4235 0.2315 0.1506 0.1455 0.3915 0.5131 0.3171 0.1833 0.1378 0.2096 0.4827 0.4436 0.2436 0.1554 0.1411 0.3525
0.1488 0.1562 0.2447 0.4436 0.4836 0.2135 0.1376 0.1817 0.3128 0.5122 0.3983 0.1467 0.1495 0.2281 0.4168 0.4948 0.2436 0.1371 0.1759 0.2993 0.5079 0.4153 0.1505 0.1469 0.2201 0.4005 0.5010 0.2680 0.1372 0.1712 0.2875 0.5012 0.4306 0.1552 0.1446 0.2126 0.3844 0.5061 0.2924 0.1376 0.1668 0.2762 0.4917 0.4446 0.1615 0.1426 0.2053 0.3678 0.5105 0.3416 0.1594 0.3416 0.5105 0.3678 0.2053 0.1426 0.1615 0.4446 0.4917 0.2762 0.1668 0.1376 0.2924 0.5061 0.3844 0.2126 0.1446 0.1552 0.4306 0.5012 0.2875 0.1712 0.1372 0.2680 0.5010 0.4005 0.2201 0.1469 0.1505 0.4153 0.5079 0.2993 0.1759 0.1371 0.2436 0.4948 0.4168 0.2281 0.1495 0.1467 0.3983 0.5122 0.3128 0.1817 0.1376 0.2135 0.4836 0.4436 0.2447 0.1562 0.1488
0.1628 0.2476 0.4471 0.4827 0.2135 0.1376 0.1808 0.3098 0.5113 0.4039 0.1479 0.1485 0.2249 0.4102 0.4974 0.2535 0.1371 0.1739 0.2944 0.5055 0.4218 0.1523 0.1460 0.2169 0.3938 0.5032 0.2781 0.1373 0.1694 0.2828 0.4976 0.4365 0.1576 0.1438 0.2096 0.3779 0.5079 0.3023 0.1379 0.1651 0.2718 0.4869 0.4499 0.1647 0.1418 0.2025 0.3621 0.5114 0.3311 0.1396 0.1398 0.1396 0.3311 0.5114 0.3621 0.2025 0.1418 0.1647 0.4499 0.4869 0.2718 0.1651 0.1379 0.3023 0.5079 0.3779 0.2096 0.1438 0.1576 0.4365 0.4976 0.2828 0.1694 0.1373 0.2781 0.5032 0.3938 0.2169 0.1460 0.1523 0.4218 0.5055 0.2944 0.1739 0.1371 0.2535 0.4974 0.4102 0.2249 0.1485 0.1479 0.4039 0.5113 0.3098 0.1808 0.1376 0.2135 0.4827 0.4471 0.2476 0.1628
0.2520 0.4526 0.4802 0.2096 0.1376 0.1808 0.3087 0.5107 0.4075 0.1489 0.1477 0.2223 0.4043 0.4998 0.2631 0.1372 0.1721 0.2896 0.5026 0.4280 0.1543 0.1450 0.2139 0.3872 0.5053 0.2882 0.1375 0.1676 0.2782 0.4936 0.4422 0.1602 0.1429 0.2067 0.3715 0.5094 0.3120 0.1383 0.1635 0.2675 0.4818 0.4550 0.1683 0.1411 0.1998 0.3560 0.5124 0.3365 0.1396 0.1545 0.1965 0.1545 0.1396 0.3365 0.5124 0.3560 0.1998 0.1411 0.1683 0.4550 0.4818 0.2675 0.1635 0.1383 0.3120 0.5094 0.3715 0.2067 0.1429 0.1602 0.4422 0.4936 0.2782 0.1676 0.1375 0.2882 0.5053 0.3872 0.2139 0.1450 0.1543 0.4280 0.5026 0.2896 0.1721 0.1372 0.2631 0.4998 0.4043 0.2223 0.1477 0.1489 0.4075 0.5107 0.3087 0.1808 0.1376 0.2096 0.4802 0.4526 0.2520
0.4538 0.4768 0.2030 0.1378 0.1817 0.3098 0.5107 0.4088 0.1495 0.1472 0.2203 0.3996 0.5016 0.2717 0.1372 0.1703 0.2851 0.4993 0.4339 0.1565 0.1441 0.2109 0.3807 0.5071 0.2981 0.1378 0.1658 0.2737 0.4890 0.4476 0.1632 0.1422 0.2039 0.3652 0.5108 0.3215 0.1387 0.1619 0.2632 0.4763 0.4599 0.1725 0.1404 0.1972 0.3500 0.5132 0.3447 0.1402 0.1571 0.2418 0.3493 0.2418 0.1571 0.1402 0.3447 0.5132 0.3500 0.1972 0.1404 0.1725 0.4599 0.4763 0.2632 0.1619 0.1387 0.3215 0.5108 0.3652 0.2039 0.1422 0.1632 0.4476 0.4890 0.2737 0.1658 0.1378 0.2981 0.5071 0.3807 0.2109 0.1441 0.1565 0.4339 0.4993 0.2851 0.1703 0.1372 0.2717 0.5016 0.3996 0.2203 0.1472 0.1495 0.4088 0.5107 0.3098 0.1817 0.1378 0.2030 0.4768 0.4538
0.4744 0.1956 0.1380 0.1833 0.3128 0.5113 0.4075 0.1495 0.1470 0.2192 0.3964 0.5030 0.2786 0.1374 0.1688 0.2810 0.4959 0.4393 0.1589 0.1433 0.2080 0.3743 0.5088 0.3078 0.1381 0.1642 0.2693 0.4841 0.4528 0.1667 0.1414 0.2011 0.3590 0.5119 0.3309 0.1392 0.1603 0.2590 0.4705 0.4646 0.1774 0.1398 0.1946 0.3440 0.5138 0.3533 0.1408 0.1564 0.2467 0.4378 0.5118 0.4378 0.2467 0.1564 0.1408 0.3533 0.5138 0.3440 0.1946 0.1398 0.1774 0.4646 0.4705 0.2590 0.1603 0.1392 0.3309 0.5119 0.3590 0.2011 0.1414 0.1667 0.4528 0.4841 0.2693 0.1642 0.1381 0.3078 0.5088 0.3743 0.2080 0.1433 0.1589 0.4393 0.4959 0.2810 0.1688 0.1374 0.2786 0.5030 0.3964 0.2192 0.1470 0.1495 0.4075 0.5113 0.3128 0.1833 0.1380 0.1956 0.4744
0.1957 0.1384 0.1854 0.3171 0.5122 0.4039 0.1489 0.1472 0.2192 0.3953 0.5036 0.2831 0.1375 0.1676 0.2776 0.4925 0.4440 0.1614 0.1426 0.2053 0.3682 0.5102 0.3173 0.1385 0.1626 0.2650 0.4787 0.4578 0.1706 0.1407 0.1984 0.3528 0.5128 0.3400 0.1398 0.1588 0.2550 0.4645 0.4690 0.1830 0.1393 0.1921 0.3381 0.5142 0.3617 0.1416 0.1552 0.2446 0.4448 0.4872 0.3622 0.4872 0.4448 0.2446 0.1552 0.1416 0.3617 0.5142 0.3381 0.1921 0.1393 0.1830 0.4690 0.4645 0.2550 0.1588 0.1398 0.3400 0.5128 0.3528 0.1984 0.1407 0.1706 0.4578 0.4787 0.2650 0.1626 0.1385 0.3173 0.5102 0.3682 0.2053 0.1426 0.1614 0.4440 0.4925 0.2776 0.1676 0.1375 0.2831 0.5036 0.3953 0.2192 0.1472 0.1489 0.4039 0.5122 0.3171 0.1854 0.1384 0.1957
0.1464 0.1877 0.3223 0.5131 0.3983 0.1479 0.1477 0.2203 0.3964 0.5036 0.2846 0.1375 0.1669 0.2752 0.4895 0.4479 0.1639 0.1419 0.2028 0.3625 0.5114 0.3262 0.1390 0.1610 0.2609 0.4732 0.4625 0.1751 0.1401 0.1958 0.3468 0.5136 0.3489 0.1405 0.1574 0.2510 0.4582 0.4733 0.1894 0.1388 0.1897 0.3324 0.5143 0.3699 0.1425 0.1539 0.2412 0.4410 0.4846 0.2333 0.1397 0.2333 0.4846 0.4410 0.2412 0.1539 0.1425 0.3699 0.5143 0.3324 0.1897 0.1388 0.1894 0.4733 0.4582 0.2510 0.1574 0.1405 0.3489 0.5136 0.3468 0.1958 0.1401 0.1751 0.4625 0.4732 0.2609 0.1610 0.1390 0.3262 0.5114 0.3625 0.2028 0.1419 0.1639 0.4479 0.4895 0.2752 0.1669 0.1375 0.2846 0.5036 0.3964 0.2203 0.1477 0.1479 0.3983 0.5131 0.3223 0.1877 0.1464
0.1935 0.3278 0.5138 0.3915 0.1467 0.1485 0.2223 0.3996 0.5030 0.2831 0.1375 0.1666 0.2739 0.4876 0.4507 0.1660 0.1414 0.2007 0.3574 0.5123 0.3345 0.1395 0.1596 0.2570 0.4675 0.4669 0.1802 0.1395 0.1933 0.3410 0.5140 0.3575 0.1412 0.1560 0.2471 0.4518 0.4773 0.1965 0.1383 0.1873 0.3268 0.5141 0.3780 0.1435 0.1527 0.2376 0.4349 0.4867 0.2225 0.1361 0.1501 0.1361 0.2225 0.4867 0.4349 0.2376 0.1527 0.1435 0.3780 0.5141 0.3268 0.1873 0.1383 0.1965 0.4773 0.4518 0.2471 0.1560 0.1412 0.3575 0.5140 0.3410 0.1933 0.1395 0.1802 0.4669 0.4675 0.2570 0.1596 0.1395 0.3345 0.5123 0.3574 0.2007 0.1414 0.1660 0.4507 0.4876 0.2739 0.1666 0.1375 0.2831 0.5030 0.3996 0.2223 0.1485 0.1467 0.3915 0.5138 0.3278 0.1935
0.3312 0.5142 0.3840 0.1455 0.1495 0.2249 0.4043 0.5016 0.2786 0.1375 0.1669 0.2739 0.4869 0.4521 0.1675 0.1411 0.1991 0.3532 0.5129 0.3419 0.1400 0.1583 0.2533 0.4617 0.4710 0.1859 0.1390 0.1909 0.3353 0.5143 0.3658 0.1421 0.1546 0.2433 0.4452 0.4810 0.2044 0.1380 0.1850 0.3213 0.5136 0.3857 0.1446 0.1515 0.2341 0.4283 0.4897 0.2280 0.1371 0.1727 0.2311 0.1727 0.1371 0.2280 0.4897 0.4283 0.2341 0.1515 0.1446 0.3857 0.5136 0.3213 0.1850 0.1380 0.2044 0.4810 0.4452 0.2433 0.1546 0.1421 0.3658 0.5143 0.3353 0.1909 0.1390 0.1859 0.4710 0.4617 0.2533 0.1583 0.1400 0.3419 0.5129 0.3532 0.1991 0.1411 0.1675 0.4521 0.4869 0.2739 0.1669 0.1375 0.2786 0.5016 0.4043 0.2249 0.1495 0.1455 0.3840 0.5142 0.3312
0.5131 0.3762 0.1443 0.1506 0.2281 0.4102 0.4998 0.2717 0.1374 0.1676 0.2752 0.4876 0.4521 0.1680 0.1409 0.1981 0.3502 0.5134 0.3479 0.1405 0.1571 0.2499 0.4561 0.4748 0.1922 0.1386 0.1886 0.3299 0.5142 0.3736 0.1430 0.1534 0.2396 0.4387 0.4846 0.2130 0.1377 0.1827 0.3159 0.5129 0.3932 0.1458 0.1503 0.2306 0.4216 0.4927 0.2368 0.1372 0.1761 0.2896 0.4225 0.2896 0.1761 0.1372 0.2368 0.4927 0.4216 0.2306 0.1503 0.1458 0.3932 0.5129 0.3159 0.1827 0.1377 0.2130 0.4846 0.4387 0.2396 0.1534 0.1430 0.3736 0.5142 0.3299 0.1886 0.1386 0.1922 0.4748 0.4561 0.2499 0.1571 0.1405 0.3479 0.5134 0.3502 0.1981 0.1409 0.1680 0.4521 0.4876 0.2752 0.1676 0.1374 0.2717 0.4998 0.4102 0.2281 0.1506 0.1443 0.3762 0.5131
0.3716 0.1433 0.1518 0.2315 0.4168 0.4974 0.2631 0.1372 0.1688 0.2776 0.4895 0.4507 0.1675 0.1409 0.1978 0.3487 0.5136 0.3520 0.1409 0.1562 0.2471 0.4511 0.4781 0.1987 0.1382 0.1864 0.3246 0.5140 0.3811 0.1439 0.1522 0.2361 0.4322 0.4879 0.2218 0.1374 0.1806 0.3106 0.5118 0.4003 0.1471 0.1492 0.2272 0.4150 0.4955 0.2464 0.1371 0.1751 0.2952 0.4990 0.4931 0.4990 0.2952 0.1751 0.1371 0.2464 0.4955 0.4150 0.2272 0.1492 0.1471 0.4003 0.5118 0.3106 0.1806 0.1374 0.2218 0.4879 0.4322 0.2361 0.1522 0.1439 0.3811 0.5140 0.3246 0.1864 0.1382 0.1987 0.4781 0.4511 0.2471 0.1562 0.1409 0.3520 0.5136 0.3487 0.1978 0.1409 0.1675 0.4507 0.4895 0.2776 0.1688 0.1372 0.2631 0.4974 0.4168 0.2315 0.1518 0.1433 0.3716
0.1507 0.1530 0.2351 0.4235 0.4948 0.2535 0.1372 0.1703 0.2810 0.4925 0.4479 0.1660 0.1411 0.1981 0.3487 0.5137 0.3541 0.1412 0.1556 0.2450 0.4469 0.4807 0.2049 0.1379 0.1844 0.3196 0.5134 0.3884 0.1450 0.1510 0.2328 0.4258 0.4909 0.2309 0.1373 0.1785 0.3056 0.5103 0.4071 0.1485 0.1481 0.2240 0.4084 0.4981 0.2563 0.1371 0.1734 0.2925 0.5030 0.4388 0.2571 0.4388 0.5030 0.2925 0.1734 0.1371 0.2563 0.4981 0.4084 0.2240 0.1481 0.1485 0.4071 0.5103 0.3056 0.1785 0.1373 0.2309 0.4909 0.4258 0.2328 0.1510 0.1450 0.3884 0.5134 0.3196 0.1844 0.1379 0.2049 0.4807 0.4469 0.2450 0.1556 0.1412 0.3541 0.5137 0.3487 0.1981 0.1411 0.1660 0.4479 0.4925 0.2810 0.1703 0.1372 0.2535 0.4948 0.4235 0.2351 0.1530 0.1507
0.1599 0.2387 0.4302 0.4919 0.2436 0.1371 0.1721 0.2851 0.4959 0.4440 0.1639 0.1414 0.1991 0.3502 0.5136 0.3541 0.1413 0.1553 0.2437 0.4439 0.4827 0.2102 0.1377 0.1827 0.3153 0.5127 0.3951 0.1462 0.1500 0.2295 0.4194 0.4937 0.2401 0.1372 0.1766 0.3008 0.5085 0.4136 0.1500 0.1472 0.2208 0.4018 0.5005 0.2662 0.1372 0.1715 0.2881 0.5013 0.4328 0.1609 0.1351 0.1609 0.4328 0.5013 0.2881 0.1715 0.1372 0.2662 0.5005 0.4018 0.2208 0.1472 0.1500 0.4136 0.5085 0.3008 0.1766 0.1372 0.2401 0.4937 0.4194 0.2295 0.1500 0.1462 0.3951 0.5127 0.3153 0.1827 0.1377 0.2102 0.4827 0.4439 0.2437 0.1553 0.1413 0.3541 0.5136 0.3502 0.1991 0.1414 0.1639 0.4440 0.4959 0.2851 0.1721 0.1371 0.2436 0.4919 0.4302 0.2387 0.1599
0.2434 0.4370 0.4887 0.2338 0.1371 0.1739 0.2896 0.4993 0.4393 0.1614 0.1419 0.2007 0.3532 0.5134 0.3520 0.1412 0.1553 0.2432 0.4423 0.4839 0.2141 0.1376 0.1814 0.3116 0.5118 0.4008 0.1473 0.1490 0.2264 0.4130 0.4964 0.2496 0.1371 0.1747 0.2961 0.5064 0.4198 0.1517 0.1462 0.2178 0.3955 0.5027 0.2759 0.1373 0.1697 0.2836 0.4982 0.4362 0.1583 0.1408 0.1667 0.1408 0.1583 0.4362 0.4982 0.2836 0.1697 0.1373 0.2759 0.5027 0.3955 0.2178 0.1462 0.1517 0.4198 0.5064 0.2961 0.1747 0.1371 0.2496 0.4964 0.4130 0.2264 0.1490 0.1473 0.4008 0.5118 0.3116 0.1814 0.1376 0.2141 0.4839 0.4423 0.2432 0.1553 0.1412 0.3520 0.5134 0.3532 0.2007 0.1419 0.1614 0.4393 0.4993 0.2896 0.1739 0.1371 0.2338 0.4887 0.4370 0.2434
0.4386 0.4854 0.2242 0.1372 0.1759 0.2944 0.5026 0.4339 0.1589 0.1426 0.2028 0.3574 0.5129 0.3479 0.1409 0.1556 0.2437 0.4423 0.4844 0.2162 0.1375 0.1804 0.3089 0.5110 0.4055 0.1484 0.1481 0.2236 0.4071 0.4987 0.2590 0.1371 0.1728 0.2914 0.5038 0.4258 0.1536 0.1453 0.2148 0.3892 0.5047 0.2855 0.1375 0.1680 0.2792 0.4944 0.4413 0.1600 0.1425 0.1985 0.2768 0.1985 0.1425 0.1600 0.4413 0.4944 0.2792 0.1680 0.1375 0.2855 0.5047 0.3892 0.2148 0.1453 0.1536 0.4258 0.5038 0.2914 0.1728 0.1371 0.2590 0.4987 0.4071 0.2236 0.1481 0.1484 0.4055 0.5110 0.3089 0.1804 0.1375 0.2162 0.4844 0.4423 0.2437 0.1556 0.1409 0.3479 0.5129 0.3574 0.2028 0.1426 0.1589 0.4339 0.5026 0.2944 0.1759 0.1372 0.2242 0.4854 0.4386
0.4832 0.2150 0.1374 0.1780 0.2993 0.5055 0.4280 0.1565 0.1433 0.2053 0.3625 0.5123 0.3419 0.1405 0.1562 0.2450 0.4439 0.4839 0.2162 0.1375 0.1800 0.3072 0.5103 0.4091 0.1493 0.1474 0.2212 0.4019 0.5008 0.2678 0.1372 0.1710 0.2869 0.5007 0.4315 0.1556 0.1445 0.2119 0.3829 0.5065 0.2950 0.1377 0.1663 0.2749 0.4902 0.4465 0.1627 0.1422 0.2027 0.3505 0.4901 0.3505 0.2027 0.1422 0.1627 0.4465 0.4902 0.2749 0.1663 0.1377 0.2950 0.5065 0.3829 0.2119 0.1445 0.1556 0.4315 0.5007 0.2869 0.1710 0.1372 0.2678 0.5008 0.4019 0.2212 0.1474 0.1493 0.4091 0.5103 0.3072 0.1800 0.1375 0.2162 0.4839 0.4439 0.2450 0.1562 0.1405 0.3419 0.5123 0.3625 0.2053 0.1433 0.1565 0.4280 0.5055 0.2993 0.1780 0.1374 0.2150 0.4832
0.2131 0.1376 0.1801 0.3044 0.5079 0.4218 0.1543 0.1441 0.2080 0.3682 0.5114 0.3345 0.1400 0.1571 0.2471 0.4469 0.4827 0.2141 0.1375 0.1800 0.3066 0.5099 0.4113 0.1500 0.1469 0.2193 0.3974 0.5024 0.2756 0.1373 0.1694 0.2827 0.4973 0.4371 0.1579 0.1436 0.2091 0.3768 0.5082 0.3043 0.1380 0.1647 0.2707 0.4855 0.4515 0.1659 0.1415 0.2013 0.3568 0.5126 0.4503 0.5126 0.3568 0.2013 0.1415 0.1659 0.4515 0.4855 0.2707 0.1647 0.1380 0.3043 0.5082 0.3768 0.2091 0.1436 0.1579 0.4371 0.4973 0.2827 0.1694 0.1373 0.2756 0.5024 0.3974 0.2193 0.1469 0.1500 0.4113 0.5099 0.3066 0.1800 0.1375 0.2141 0.4827 0.4469 0.2471 0.1571 0.1400 0.3345 0.5114 0.3682 0.2080 0.1441 0.1543 0.4218 0.5079 0.3044 0.1801 0.1376 0.2131
0.1457 0.1823 0.3096 0.5099 0.4153 0.1523 0.1450 0.2109 0.3743 0.5102 0.3262 0.1395 0.1583 0.2499 0.4511 0.4807 0.2102 0.1376 0.1804 0.3072 0.5099 0.4120 0.1504 0.1466 0.2180 0.3941 0.5037 0.2822 0.1374 0.1681 0.2789 0.4938 0.4422 0.1604 0.1429 0.2064 0.3707 0.5096 0.3135 0.1383 0.1631 0.2666 0.4806 0.4563 0.1695 0.1409 0.1989 0.3533 0.5129 0.3616 0.1680 0.3616 0.5129 0.3533 0.1989 0.1409 0.1695 0.4563 0.4806 0.2666 0.1631 0.1383 0.3135 0.5096 0.3707 0.2064 0.1429 0.1604 0.4422 0.4938 0.2789 0.1681 0.1374 0.2822 0.5037 0.3941 0.2180 0.1466 0.1504 0.4120 0.5099 0.3072 0.1804 0.1376 0.2102 0.4807 0.4511 0.2499 0.1583 0.1395 0.3262 0.5102 0.3743 0.2109 0.1450 0.1523 0.4153 0.5099 0.3096 0.1823 0.1457
0.1882 0.3149 0.5115 0.4086 0.1505 0.1460 0.2139 0.3807 0.5088 0.3173 0.1390 0.1596 0.2533 0.4561 0.4781 0.2049 0.1377 0.1814 0.3089 0.5103 0.4113 0.1504 0.1465 0.2173 0.3920 0.5045 0.2872 0.1376 0.1669 0.2758 0.4905 0.4466 0.1629 0.1422 0.2038 0.3648 0.5109 0.3226 0.1388 0.1616 0.2625 0.4753 0.4609 0.1736 0.1403 0.1964 0.3480 0.5135 0.3518 0.1415 0.1383 0.1415 0.3518 0.5135 0.3480 0.1964 0.1403 0.1736 0.4609 0.4753 0.2625 0.1616 0.1388 0.3226 0.5109 0.3648 0.2038 0.1422 0.1629 0.4466 0.4905 0.2758 0.1669 0.1376 0.2872 0.5045 0.3920 0.2173 0.1465 0.1504 0.4113 0.5103 0.3089 0.1814 0.1377 0.2049 0.4781 0.4561 0.2533 0.1596 0.1390 0.3173 0.5088 0.3807 0.2139 0.1460 0.1505 0.4086 0.5115 0.3149 0.1882
0.3184 0.5127 0.4017 0.1488 0.1469 0.2169 0.3872 0.5071 0.3078 0.1385 0.1610 0.2570 0.4617 0.4748 0.1987 0.1379 0.1827 0.3116 0.5110 0.4091 0.1500 0.1466 0.2173 0.3913 0.5050 0.2904 0.1377 0.1661 0.2733 0.4875 0.4502 0.1654 0.1416 0.2015 0.3593 0.5119 0.3313 0.1393 0.1602 0.2586 0.4698 0.4653 0.1783 0.1397 0.1940 0.3424 0.5139 0.3567 0.1413 0.1515 0.1906 0.1515 0.1413 0.3567 0.5139 0.3424 0.1940 0.1397 0.1783 0.4653 0.4698 0.2586 0.1602 0.1393 0.3313 0.5119 0.3593 0.2015 0.1416 0.1654 0.4502 0.4875 0.2733 0.1661 0.1377 0.2904 0.5050 0.3913 0.2173 0.1466 0.1500 0.4091 0.5110 0.3116 0.1827 0.1379 0.1987 0.4748 0.4617 0.2570 0.1610 0.1385 0.3078 0.5071 0.3872 0.2169 0.1469 0.1488 0.4017 0.5127 0.3184
0.5118 0.3944 0.1473 0.1479 0.2201 0.3938 0.5053 0.2981 0.1381 0.1626 0.2609 0.4675 0.4710 0.1922 0.1382 0.1844 0.3153 0.5118 0.4055 0.1493 0.1469 0.2180 0.3920 0.5050 0.2915 0.1377 0.1656 0.2715 0.4851 0.4531 0.1677 0.1411 0.1995 0.3545 0.5127 0.3392 0.1398 0.1588 0.2547 0.4640 0.4694 0.1837 0.1392 0.1916 0.3369 0.5142 0.3641 0.1419 0.1540 0.2334 0.3356 0.2334 0.1540 0.1419 0.3641 0.5142 0.3369 0.1916 0.1392 0.1837 0.4694 0.4640 0.2547 0.1588 0.1398 0.3392 0.5127 0.3545 0.1995 0.1411 0.1677 0.4531 0.4851 0.2715 0.1656 0.1377 0.2915 0.5050 0.3920 0.2180 0.1469 0.1493 0.4055 0.5118 0.3153 0.1844 0.1382 0.1922 0.4710 0.4675 0.2609 0.1626 0.1381 0.2981 0.5053 0.3938 0.2201 0.1479 0.1473 0.3944 0.5118
0.3902 0.1460 0.1490 0.2234 0.4005 0.5032 0.2882 0.1378 0.1642 0.2650 0.4732 0.4669 0.1859 0.1386 0.1864 0.3196 0.5127 0.4008 0.1484 0.1474 0.2193 0.3941 0.5045 0.2904 0.1377 0.1654 0.2705 0.4835 0.4551 0.1696 0.1407 0.1978 0.3504 0.5133 0.3461 0.1403 0.1575 0.2512 0.4583 0.4733 0.1897 0.1387 0.1894 0.3315 0.5143 0.3716 0.1427 0.1535 0.2383 0.4227 0.5124 0.4227 0.2383 0.1535 0.1427 0.3716 0.5143 0.3315 0.1894 0.1387 0.1897 0.4733 0.4583 0.2512 0.1575 0.1403 0.3461 0.5133 0.3504 0.1978 0.1407 0.1696 0.4551 0.4835 0.2705 0.1654 0.1377 0.2904 0.5045 0.3941 0.2193 0.1474 0.1484 0.4008 0.5127 0.3196 0.1864 0.1386 0.1859 0.4669 0.4732 0.2650 0.1642 0.1378 0.2882 0.5032 0.4005 0.2234 0.1490 0.1460 0.3902
0.1531 0.1501 0.2267 0.4072 0.5010 0.2781 0.1375 0.1658 0.2693 0.4787 0.4625 0.1802 0.1390 0.1886 0.3246 0.5134 0.3951 0.1473 0.1481 0.2212 0.3974 0.5037 0.2872 0.1377 0.1656 0.2705 0.4829 0.4562 0.1708 0.1405 0.1966 0.3471 0.5137 0.3521 0.1409 0.1565 0.2480 0.4528 0.4769 0.1962 0.1383 0.1872 0.3263 0.5141 0.3790 0.1437 0.1524 0.2365 0.4299 0.4938 0.3799 0.4938 0.4299 0.2365 0.1524 0.1437 0.3790 0.5141 0.3263 0.1872 0.1383 0.1962 0.4769 0.4528 0.2480 0.1565 0.1409 0.3521 0.5137 0.3471 0.1966 0.1405 0.1708 0.4562 0.4829 0.2705 0.1656 0.1377 0.2872 0.5037 0.3974 0.2212 0.1481 0.1473 0.3951 0.5134 0.3246 0.1886 0.1390 0.1802 0.4625 0.4787 0.2693 0.1658 0.1375 0.2781 0.5010 0.4072 0.2267 0.1501 0.1531
0.1572 0.2301 0.4139 0.4986 0.2680 0.1373 0.1676 0.2737 0.4841 0.4578 0.1751 0.1395 0.1909 0.3299 0.5140 0.3884 0.1462 0.1490 0.2236 0.4019 0.5024 0.2822 0.1376 0.1661 0.2715 0.4835 0.4562 0.1713 0.1403 0.1958 0.3447 0.5139 0.3567 0.1413 0.1555 0.2452 0.4477 0.4800 0.2030 0.1380 0.1851 0.3214 0.5136 0.3861 0.1447 0.1513 0.2335 0.4265 0.4916 0.2554 0.1420 0.2554 0.4916 0.4265 0.2335 0.1513 0.1447 0.3861 0.5136 0.3214 0.1851 0.1380 0.2030 0.4800 0.4477 0.2452 0.1555 0.1413 0.3567 0.5139 0.3447 0.1958 0.1403 0.1713 0.4562 0.4835 0.2715 0.1661 0.1376 0.2822 0.5024 0.4019 0.2236 0.1490 0.1462 0.3884 0.5140 0.3299 0.1909 0.1395 0.1751 0.4578 0.4841 0.2737 0.1676 0.1373 0.2680 0.4986 0.4139 0.2301 0.1572
0.2350 0.4207 0.4959 0.2578 0.1372 0.1694 0.2782 0.4890 0.4528 0.1706 0.1401 0.1933 0.3353 0.5142 0.3811 0.1450 0.1500 0.2264 0.4071 0.5008 0.2756 0.1374 0.1669 0.2733 0.4851 0.4551 0.1708 0.1403 0.1955 0.3435 0.5140 0.3600 0.1417 0.1548 0.2430 0.4434 0.4827 0.2093 0.1378 0.1832 0.3167 0.5129 0.3928 0.1458 0.1503 0.2303 0.4208 0.4933 0.2434 0.1362 0.1476 0.1362 0.2434 0.4933 0.4208 0.2303 0.1503 0.1458 0.3928 0.5129 0.3167 0.1832 0.1378 0.2093 0.4827 0.4434 0.2430 0.1548 0.1417 0.3600 0.5140 0.3435 0.1955 0.1403 0.1708 0.4551 0.4851 0.2733 0.1669 0.1374 0.2756 0.5008 0.4071 0.2264 0.1500 0.1450 0.3811 0.5142 0.3353 0.1933 0.1401 0.1706 0.4528 0.4890 0.2782 0.1694 0.1372 0.2578 0.4959 0.4207 0.2350
0.4226 0.4931 0.2477 0.1371 0.1712 0.2828 0.4936 0.4476 0.1667 0.1407 0.1958 0.3410 0.5143 0.3736 0.1439 0.1510 0.2295 0.4130 0.4987 0.2678 0.1373 0.1681 0.2758 0.4875 0.4531 0.1696 0.1405 0.1958 0.3435 0.5141 0.3618 0.1420 0.1543 0.2413 0.4399 0.4847 0.2151 0.1376 0.1815 0.3124 0.5121 0.3991 0.1469 0.1493 0.2273 0.4147 0.4958 0.2485 0.1369 0.1686 0.2234 0.1686 0.1369 0.2485 0.4958 0.4147 0.2273 0.1493 0.1469 0.3991 0.5121 0.3124 0.1815 0.1376 0.2151 0.4847 0.4399 0.2413 0.1543 0.1420 0.3618 0.5141 0.3435 0.1958 0.1405 0.1696 0.4531 0.4875 0.2758 0.1681 0.1373 0.2678 0.4987 0.4130 0.2295 0.1510 0.1439 0.3736 0.5143 0.3410 0.1958 0.1407 0.1667 0.4476 0.4936 0.2828 0.1712 0.1371 0.2477 0.4931 0.4226
0.4911 0.2379 0.1371 0.1731 0.2875 0.4976 0.4422 0.1632 0.1414 0.1984 0.3468 0.5140 0.3658 0.1430 0.1522 0.2328 0.4194 0.4964 0.2590 0.1372 0.1694 0.2789 0.4905 0.4502 0.1677 0.1407 0.1966 0.3447 0.5140 0.3618 0.1421 0.1541 0.2402 0.4373 0.4863 0.2198 0.1374 0.1802 0.3088 0.5111 0.4047 0.1481 0.1484 0.2244 0.4088 0.4981 0.2568 0.1371 0.1719 0.2794 0.4076 0.2794 0.1719 0.1371 0.2568 0.4981 0.4088 0.2244 0.1484 0.1481 0.4047 0.5111 0.3088 0.1802 0.1374 0.2198 0.4863 0.4373 0.2402 0.1541 0.1421 0.3618 0.5140 0.3447 0.1966 0.1407 0.1677 0.4502 0.4905 0.2789 0.1694 0.1372 0.2590 0.4964 0.4194 0.2328 0.1522 0.1430 0.3658 0.5140 0.3468 0.1984 0.1414 0.1632 0.4422 0.4976 0.2875 0.1731 0.1371 0.2379 0.4911
0.2344 0.1372 0.1751 0.2923 0.5012 0.4365 0.1602 0.1422 0.2011 0.3528 0.5136 0.3575 0.1421 0.1534 0.2361 0.4258 0.4937 0.2496 0.1371 0.1710 0.2827 0.4938 0.4466 0.1654 0.1411 0.1978 0.3471 0.5139 0.3600 0.1420 0.1541 0.2398 0.4360 0.4873 0.2233 0.1374 0.1791 0.3058 0.5101 0.4093 0.1492 0.1476 0.2217 0.4032 0.5002 0.2655 0.1372 0.1712 0.2852 0.4905 0.4986 0.4905 0.2852 0.1712 0.1372 0.2655 0.5002 0.4032 0.2217 0.1476 0.1492 0.4093 0.5101 0.3058 0.1791 0.1374 0.2233 0.4873 0.4360 0.2398 0.1541 0.1420 0.3600 0.5139 0.3471 0.1978 0.1411 0.1654 0.4466 0.4938 0.2827 0.1710 0.1371 0.2496 0.4937 0.4258 0.2361 0.1534 0.1421 0.3575 0.5136 0.3528 0.2011 0.1422 0.1602 0.4365 0.5012 0.2923 0.1751 0.1372 0.2344
0.1453 0.1771 0.2972 0.5043 0.4306 0.1576 0.1429 0.2039 0.3590 0.5128 0.3489 0.1412 0.1546 0.2396 0.4322 0.4909 0.2401 0.1371 0.1728 0.2869 0.4973 0.4422 0.1629 0.1416 0.1995 0.3504 0.5137 0.3567 0.1417 0.1543 0.2402 0.4360 0.4876 0.2252 0.1373 0.1783 0.3035 0.5091 0.4132 0.1503 0.1469 0.2194 0.3981 0.5021 0.2738 0.1373 0.1698 0.2830 0.4957 0.4500 0.2786 0.4500 0.4957 0.2830 0.1698 0.1373 0.2738 0.5021 0.3981 0.2194 0.1469 0.1503 0.4132 0.5091 0.3035 0.1783 0.1373 0.2252 0.4876 0.4360 0.2402 0.1543 0.1417 0.3567 0.5137 0.3504 0.1995 0.1416 0.1629 0.4422 0.4973 0.2869 0.1728 0.1371 0.2401 0.4909 0.4322 0.2396 0.1546 0.1412 0.3489 0.5128 0.3590 0.2039 0.1429 0.1576 0.4306 0.5043 0.2972 0.1771 0.1453
0.1831 0.3022 0.5070 0.4244 0.1552 0.1438 0.2067 0.3652 0.5119 0.3400 0.1405 0.1560 0.2433 0.4387 0.4879 0.2309 0.1372 0.1747 0.2914 0.5007 0.4371 0.1604 0.1422 0.2015 0.3545 0.5133 0.3521 0.1413 0.1548 0.2413 0.4373 0.4873 0.2252 0.1373 0.1779 0.3021 0.5084 0.4161 0.1511 0.1463 0.2175 0.3937 0.5036 0.2814 0.1374 0.1683 0.2795 0.4940 0.4442 0.1682 0.1353 0.1682 0.4442 0.4940 0.2795 0.1683 0.1374 0.2814 0.5036 0.3937 0.2175 0.1463 0.1511 0.4161 0.5084 0.3021 0.1779 0.1373 0.2252 0.4873 0.4373 0.2413 0.1548 0.1413 0.3521 0.5133 0.3545 0.2015 0.1422 0.1604 0.4371 0.5007 0.2914 0.1747 0.1372 0.2309 0.4879 0.4387 0.2433 0.1560 0.1405 0.3400 0.5119 0.3652 0.2067 0.1438 0.1552 0.4244 0.5070 0.3022 0.1831
0.3059 0.5092 0.4181 0.1531 0.1446 0.2096 0.3715 0.5108 0.3309 0.1398 0.1574 0.2471 0.4452 0.4846 0.2218 0.1373 0.1766 0.2961 0.5038 0.4315 0.1579 0.1429 0.2038 0.3593 0.5127 0.3461 0.1409 0.1555 0.2430 0.4399 0.4863 0.2233 0.1373 0.1779 0.3016 0.5080 0.4179 0.1518 0.1459 0.2159 0.3899 0.5049 0.2880 0.1376 0.1670 0.2761 0.4908 0.4465 0.1641 0.1394 0.1632 0.1394 0.1641 0.4465 0.4908 0.2761 0.1670 0.1376 0.2880 0.5049 0.3899 0.2159 0.1459 0.1518 0.4179 0.5080 0.3016 0.1779 0.1373 0.2233 0.4863 0.4399 0.2430 0.1555 0.1409 0.3461 0.5127 0.3593 0.2038 0.1429 0.1579 0.4315 0.5038 0.2961 0.1766 0.1373 0.2218 0.4846 0.4452 0.2471 0.1574 0.1398 0.3309 0.5108 0.3715 0.2096 0.1446 0.1531 0.4181 0.5092 0.3059
0.5085 0.4115 0.1512 0.1455 0.2126 0.3779 0.5094 0.3215 0.1392 0.1588 0.2510 0.4518 0.4810 0.2130 0.1374 0.1785 0.3008 0.5064 0.4258 0.1556 0.1436 0.2064 0.3648 0.5119 0.3392 0.1403 0.1565 0.2452 0.4434 0.4847 0.2198 0.1374 0.1783 0.3021 0.5080 0.4186 0.1522 0.1456 0.2148 0.3871 0.5059 0.2935 0.1377 0.1659 0.2731 0.4874 0.4501 0.1655 0.1411 0.1934 0.2678 0.1934 0.1411 0.1655 0.4501 0.4874 0.2731 0.1659 0.1377 0.2935 0.5059 0.3871 0.2148 0.1456 0.1522 0.4186 0.5080 0.3021 0.1783 0.1374 0.2198 0.4847 0.4434 0.2452 0.1565 0.1403 0.3392 0.5119 0.3648 0.2064 0.1436 0.1556 0.4258 0.5064 0.3008 0.1785 0.1374 0.2130 0.4810 0.4518 0.2510 0.1588 0.1392 0.3215 0.5094 0.3779 0.2126 0.1455 0.1512 0.4115 0.5085
0.4076 0.1495 0.1465 0.2156 0.3844 0.5079 0.3120 0.1387 0.1603 0.2550 0.4582 0.4773 0.2044 0.1377 0.1806 0.3056 0.5085 0.4198 0.1536 0.1445 0.2091 0.3707 0.5109 0.3313 0.1398 0.1575 0.2480 0.4477 0.4827 0.2151 0.1374 0.1791 0.3035 0.5084 0.4179 0.1522 0.1455 0.2142 0.3853 0.5065 0.2978 0.1379 0.1650 0.2705 0.4843 0.4535 0.1679 0.1410 0.1979 0.3394 0.4808 0.3394 0.1979 0.1410 0.1679 0.4535 0.4843 0.2705 0.1650 0.1379 0.2978 0.5065 0.3853 0.2142 0.1455 0.1522 0.4179 0.5084 0.3035 0.1791 0.1374 0.2151 0.4827 0.4477 0.2480 0.1575 0.1398 0.3313 0.5109 0.3707 0.2091 0.1445 0.1536 0.4198 0.5085 0.3056 0.1806 0.1377 0.2044 0.4773 0.4582 0.2550 0.1603 0.1387 0.3120 0.5079 0.3844 0.2156 0.1465 0.1495 0.4076
0.1562 0.1475 0.2187 0.3910 0.5061 0.3023 0.1383 0.1619 0.2590 0.4645 0.4733 0.1965 0.1380 0.1827 0.3106 0.5103 0.4136 0.1517 0.1453 0.2119 0.3768 0.5096 0.3226 0.1393 0.1588 0.2512 0.4528 0.4800 0.2093 0.1376 0.1802 0.3058 0.5091 0.4161 0.1518 0.1456 0.2142 0.3847 0.5069 0.3005 0.1380 0.1643 0.2684 0.4816 0.4563 0.1703 0.1406 0.1973 0.3470 0.5131 0.4590 0.5131 0.3470 0.1973 0.1406 0.1703 0.4563 0.4816 0.2684 0.1643 0.1380 0.3005 0.5069 0.3847 0.2142 0.1456 0.1518 0.4161 0.5091 0.3058 0.1802 0.1376 0.2093 0.4800 0.4528 0.2512 0.1588 0.1393 0.3226 0.5096 0.3768 0.2119 0.1453 0.1517 0.4136 0.5103 0.3106 0.1827 0.1380 0.1965 0.4733 0.4645 0.2590 0.1619 0.1383 0.3023 0.5061 0.3910 0.2187 0.1475 0.1562
0.1547 0.2220 0.3976 0.5041 0.2924 0.1379 0.1635 0.2632 0.4705 0.4690 0.1894 0.1383 0.1850 0.3159 0.5118 0.4071 0.1500 0.1462 0.2148 0.3829 0.5082 0.3135 0.1388 0.1602 0.2547 0.4583 0.4769 0.2030 0.1378 0.1815 0.3088 0.5101 0.4132 0.1511 0.1459 0.2148 0.3853 0.5069 0.3014 0.1380 0.1639 0.2669 0.4794 0.4586 0.1725 0.1403 0.1960 0.3455 0.5137 0.3747 0.1762 0.3747 0.5137 0.3455 0.1960 0.1403 0.1725 0.4586 0.4794 0.2669 0.1639 0.1380 0.3014 0.5069 0.3853 0.2148 0.1459 0.1511 0.4132 0.5101 0.3088 0.1815 0.1378 0.2030 0.4769 0.4583 0.2547 0.1602 0.1388 0.3135 0.5082 0.3829 0.2148 0.1462 0.1500 0.4071 0.5118 0.3159 0.1850 0.1383 0.1894 0.4690 0.4705 0.2632 0.1635 0.1379 0.2924 0.5041 0.3976 0.2220 0.1547
0.2270 0.4044 0.5020 0.2825 0.1376 0.1651 0.2675 0.4763 0.4646 0.1830 0.1388 0.1873 0.3213 0.5129 0.4003 0.1485 0.1472 0.2178 0.3892 0.5065 0.3043 0.1383 0.1616 0.2586 0.4640 0.4733 0.1962 0.1380 0.1832 0.3124 0.5111 0.4093 0.1503 0.1463 0.2159 0.3871 0.5065 0.3005 0.1380 0.1637 0.2662 0.4780 0.4602 0.1743 0.1400 0.1948 0.3428 0.5140 0.3626 0.1430 0.1375 0.1430 0.3626 0.5140 0.3428 0.1948 0.1400 0.1743 0.4602 0.4780 0.2662 0.1637 0.1380 0.3005 0.5065 0.3871 0.2159 0.1463 0.1503 0.4093 0.5111 0.3124 0.1832 0.1380 0.1962 0.4733 0.4640 0.2586 0.1616 0.1383 0.3043 0.5065 0.3892 0.2178 0.1472 0.1485 0.4003 0.5129 0.3213 0.1873 0.1388 0.1830 0.4646 0.4763 0.2675 0.1651 0.1376 0.2825 0.5020 0.4044 0.2270
0.4065 0.4997 0.2723 0.1374 0.1668 0.2718 0.4818 0.4599 0.1774 0.1393 0.1897 0.3268 0.5136 0.3932 0.1471 0.1481 0.2208 0.3955 0.5047 0.2950 0.1380 0.1631 0.2625 0.4698 0.4694 0.1897 0.1383 0.1851 0.3167 0.5121 0.4047 0.1492 0.1469 0.2175 0.3899 0.5059 0.2978 0.1380 0.1639 0.2662 0.4774 0.4611 0.1756 0.1398 0.1938 0.3404 0.5141 0.3638 0.1422 0.1501 0.1874 0.1501 0.1422 0.3638 0.5141 0.3404 0.1938 0.1398 0.1756 0.4611 0.4774 0.2662 0.1639 0.1380 0.2978 0.5059 0.3899 0.2175 0.1469 0.1492 0.4047 0.5121 0.3167 0.1851 0.1383 0.1897 0.4694 0.4698 0.2625 0.1631 0.1380 0.2950 0.5047 0.3955 0.2208 0.1481 0.1471 0.3932 0.5136 0.3268 0.1897 0.1393 0.1774 0.4599 0.4818 0.2718 0.1668 0.1374 0.2723 0.4997 0.4065
0.4979 0.2622 0.1372 0.1686 0.2762 0.4869 0.4550 0.1725 0.1398 0.1921 0.3324 0.5141 0.3857 0.1458 0.1492 0.2240 0.4018 0.5027 0.2855 0.1377 0.1647 0.2666 0.4753 0.4653 0.1837 0.1387 0.1872 0.3214 0.5129 0.3991 0.1481 0.1476 0.2194 0.3937 0.5049 0.2935 0.1379 0.1643 0.2669 0.4780 0.4611 0.1760 0.1397 0.1932 0.3385 0.5142 0.3667 0.1424 0.1530 0.2298 0.3291 0.2298 0.1530 0.1424 0.3667 0.5142 0.3385 0.1932 0.1397 0.1760 0.4611 0.4780 0.2669 0.1643 0.1379 0.2935 0.5049 0.3937 0.2194 0.1476 0.1481 0.3991 0.5129 0.3214 0.1872 0.1387 0.1837 0.4653 0.4753 0.2666 0.1647 0.1377 0.2855 0.5027 0.4018 0.2240 0.1492 0.1458 0.3857 0.5141 0.3324 0.1921 0.1398 0.1725 0.4550 0.4869 0.2762 0.1686 0.1372 0.2622 0.4979
0.2577 0.1371 0.1704 0.2808 0.4917 0.4499 0.1683 0.1404 0.1946 0.3381 0.5143 0.3780 0.1446 0.1503 0.2272 0.4084 0.5005 0.2759 0.1375 0.1663 0.2707 0.4806 0.4609 0.1783 0.1392 0.1894 0.3263 0.5136 0.3928 0.1469 0.1484 0.2217 0.3981 0.5036 0.2880 0.1377 0.1650 0.2684 0.4794 0.4602 0.1756 0.1397 0.1930 0.3375 0.5143 0.3691 0.1428 0.1531 0.2363 0.4176 0.5123 0.4176 0.2363 0.1531 0.1428 0.3691 0.5143 0.3375 0.1930 0.1397 0.1756 0.4602 0.4794 0.2684 0.1650 0.1377 0.2880 0.5036 0.3981 0.2217 0.1484 0.1469 0.3928 0.5136 0.3263 0.1894 0.1392 0.1783 0.4609 0.4806 0.2707 0.1663 0.1375 0.2759 0.5005 0.4084 0.2272 0.1503 0.1446 0.3780 0.5143 0.3381 0.1946 0.1404 0.1683 0.4499 0.4917 0.2808 0.1704 0.1371 0.2577
0.1453 0.1723 0.2855 0.4959 0.4446 0.1647 0.1411 0.1972 0.3440 0.5142 0.3699 0.1435 0.1515 0.2306 0.4150 0.4981 0.2662 0.1373 0.1680 0.2749 0.4855 0.4563 0.1736 0.1397 0.1916 0.3315 0.5141 0.3861 0.1458 0.1493 0.2244 0.4032 0.5021 0.2814 0.1376 0.1659 0.2705 0.4816 0.4586 0.1743 0.1398 0.1932 0.3375 0.5143 0.3706 0.1430 0.1528 0.2365 0.4282 0.4952 0.3845 0.4952 0.4282 0.2365 0.1528 0.1430 0.3706 0.5143 0.3375 0.1932 0.1398 0.1743 0.4586 0.4816 0.2705 0.1659 0.1376 0.2814 0.5021 0.4032 0.2244 0.1493 0.1458 0.3861 0.5141 0.3315 0.1916 0.1397 0.1736 0.4563 0.4855 0.2749 0.1680 0.1373 0.2662 0.4981 0.4150 0.2306 0.1515 0.1435 0.3699 0.5142 0.3440 0.1972 0.1411 0.1647 0.4446 0.4959 0.2855 0.1723 0.1453
0.1785 0.2902 0.4997 0.4390 0.1615 0.1418 0.1998 0.3500 0.5138 0.3617 0.1425 0.1527 0.2341 0.4216 0.4955 0.2563 0.1372 0.1697 0.2792 0.4902 0.4515 0.1695 0.1403 0.1940 0.3369 0.5143 0.3790 0.1447 0.1503 0.2273 0.4088 0.5002 0.2738 0.1374 0.1670 0.2731 0.4843 0.4563 0.1725 0.1400 0.1938 0.3385 0.5143 0.3706 0.1431 0.1526 0.2359 0.4288 0.4915 0.2573 0.1425 0.2573 0.4915 0.4288 0.2359 0.1526 0.1431 0.3706 0.5143 0.3385 0.1938 0.1400 0.1725 0.4563 0.4843 0.2731 0.1670 0.1374 0.2738 0.5002 0.4088 0.2273 0.1503 0.1447 0.3790 0.5143 0.3369 0.1940 0.1403 0.1695 0.4515 0.4902 0.2792 0.1697 0.1372 0.2563 0.4955 0.4216 0.2341 0.1527 0.1425 0.3617 0.5138 0.3500 0.1998 0.1418 0.1615 0.4390 0.4997 0.2902 0.1785
0.2941 0.5031 0.4332 0.1587 0.1426 0.2025 0.3560 0.5132 0.3533 0.1416 0.1539 0.2376 0.4283 0.4927 0.2464 0.1371 0.1715 0.2836 0.4944 0.4465 0.1659 0.1409 0.1964 0.3424 0.5142 0.3716 0.1437 0.1513 0.2303 0.4147 0.4981 0.2655 0.1373 0.1683 0.2761 0.4874 0.4535 0.1703 0.1403 0.1948 0.3404 0.5142 0.3691 0.1430 0.1526 0.2357 0.4283 0.4912 0.2395 0.1362 0.1477 0.1362 0.2395 0.4912 0.4283 0.2357 0.1526 0.1430 0.3691 0.5142 0.3404 0.1948 0.1403 0.1703 0.4535 0.4874 0.2761 0.1683 0.1373 0.2655 0.4981 0.4147 0.2303 0.1513 0.1437 0.3716 0.5142 0.3424 0.1964 0.1409 0.1659 0.4465 0.4944 0.2836 0.1715 0.1371 0.2464 0.4927 0.4283 0.2376 0.1539 0.1416 0.3533 0.5132 0.3560 0.2025 0.1426 0.1587 0.4332 0.5031 0.2941
0.5027 0.4273 0.1563 0.1434 0.2053 0.3621 0.5124 0.3447 0.1408 0.1552 0.2412 0.4349 0.4897 0.2368 0.1371 0.1734 0.2881 0.4982 0.4413 0.1627 0.1415 0.1989 0.3480 0.5139 0.3641 0.1427 0.1524 0.2335 0.4208 0.4958 0.2568 0.1372 0.1698 0.2795 0.4908 0.4501 0.1679 0.1406 0.1960 0.3428 0.5141 0.3667 0.1428 0.1528 0.2359 0.4283 0.4913 0.2375 0.1369 0.1694 0.2245 0.1694 0.1369 0.2375 0.4913 0.4283 0.2359 0.1528 0.1428 0.3667 0.5141 0.3428 0.1960 0.1406 0.1679 0.4501 0.4908 0.2795 0.1698 0.1372 0.2568 0.4958 0.4208 0.2335 0.1524 0.1427 0.3641 0.5139 0.3480 0.1989 0.1415 0.1627 0.4413 0.4982 0.2881 0.1734 0.1371 0.2368 0.4897 0.4349 0.2412 0.1552 0.1408 0.3447 0.5124 0.3621 0.2053 0.1434 0.1563 0.4273 0.5027
0.4245 0.1542 0.1441 0.2079 0.3678 0.5114 0.3365 0.1402 0.1564 0.2446 0.4410 0.4867 0.2280 0.1372 0.1751 0.2925 0.5013 0.4362 0.1600 0.1422 0.2013 0.3533 0.5135 0.3567 0.1419 0.1535 0.2365 0.4265 0.4933 0.2485 0.1371 0.1712 0.2830 0.4940 0.4465 0.1655 0.1410 0.1973 0.3455 0.5140 0.3638 0.1424 0.1531 0.2365 0.4288 0.4912 0.2375 0.1371 0.1740 0.2829 0.4118 0.2829 0.1740 0.1371 0.2375 0.4912 0.4288 0.2365 0.1531 0.1424 0.3638 0.5140 0.3455 0.1973 0.1410 0.1655 0.4465 0.4940 0.2830 0.1712 0.1371 0.2485 0.4933 0.4265 0.2365 0.1535 0.1419 0.3567 0.5135 0.3533 0.2013 0.1422 0.1600 0.4362 0.5013 0.2925 0.1751 0.1372 0.2280 0.4867 0.4410 0.2446 0.1564 0.1402 0.3365 0.5114 0.3678 0.2079 0.1441 0.1542 0.4245
0.1611 0.1444 0.2093 0.3714 0.5105 0.3311 0.1396 0.1571 0.2467 0.4448 0.4846 0.2225 0.1371 0.1761 0.2952 0.5030 0.4328 0.1583 0.1425 0.2027 0.3568 0.5129 0.3518 0.1413 0.1540 0.2383 0.4299 0.4916 0.2434 0.1369 0.1719 0.2852 0.4957 0.4442 0.1641 0.1411 0.1979 0.3470 0.5137 0.3626 0.1422 0.1530 0.2363 0.4282 0.4915 0.2395 0.1369 0.1740 0.2906 0.4938 0.4969 0.4938 0.2906 0.1740 0.1369 0.2395 0.4915 0.4282 0.2363 0.1530 0.1422 0.3626 0.5137 0.3470 0.1979 0.1411 0.1641 0.4442 0.4957 0.2852 0.1719 0.1369 0.2434 0.4916 0.4299 0.2383 0.1540 0.1413 0.3518 0.5129 0.3568 0.2027 0.1425 0.1583 0.4328 0.5030 0.2952 0.1761 0.1371 0.2225 0.4846 0.4448 0.2467 0.1571 0.1396 0.3311 0.5105 0.3714 0.2093 0.1444 0.1611
0.1493 0.2050 0.3648 0.5107 0.3416 0.1396 0.1545 0.2418 0.4378 0.4872 0.2333 0.1361 0.1727 0.2896 0.4990 0.4388 0.1609 0.1408 0.1985 0.3505 0.5126 0.3616 0.1415 0.1515 0.2334 0.4227 0.4938 0.2554 0.1362 0.1686 0.2794 0.4905 0.4500 0.1682 0.1394 0.1934 0.3394 0.5131 0.3747 0.1430 0.1501 0.2298 0.4176 0.4952 0.2573 0.1362 0.1694 0.2829 0.4938 0.4530 0.2887 0.4530 0.4938 0.2829 0.1694 0.1362 0.2573 0.4952 0.4176 0.2298 0.1501 0.1430 0.3747 0.5131 0.3394 0.1934 0.1394 0.1682 0.4500 0.4905 0.2794 0.1686 0.1362 0.2554 0.4938 0.4227 0.2334 0.1515 0.1415 0.3616 0.5126 0.3505 0.1985 0.1408 0.1609 0.4388 0.4990 0.2896 0.1727 0.1361 0.2333 0.4872 0.4378 0.2418 0.1545 0.1396 0.3416 0.5107 0.3648 0.2050 0.1493
0.1759 0.2884 0.4993 0.4381 0.1594 0.1398 0.1965 0.3493 0.5118 0.3622 0.1397 0.1501 0.2311 0.4225 0.4931 0.2571 0.1351 0.1667 0.2768 0.4901 0.4503 0.1680 0.1383 0.1906 0.3356 0.5124 0.3799 0.1420 0.1476 0.2234 0.4076 0.4986 0.2786 0.1353 0.1632 0.2678 0.4808 0.4590 0.1762 0.1375 0.1874 0.3291 0.5123 0.3845 0.1425 0.1477 0.2245 0.4118 0.4969 0.2887 0.1448 0.2887 0.4969 0.4118 0.2245 0.1477 0.1425 0.3845 0.5123 0.3291 0.1874 0.1375 0.1762 0.4590 0.4808 0.2678 0.1632 0.1353 0.2786 0.4986 0.4076 0.2234 0.1476 0.1420 0.3799 0.5124 0.3356 0.1906 0.1383 0.1680 0.4503 0.4901 0.2768 0.1667 0.1351 0.2571 0.4931 0.4225 0.2311 0.1501 0.1397 0.3622 0.5118 0.3493 0.1965 0.1398 0.1594 0.4381 0.4993 0.2884 0.1759
0.1493 0.2050 0.3648 0.5107 0.3416 0.1396 0.1545 0.2418 0.4378 0.4872 0.2333 0.1361 0.1727 0.2896 0.4990 0.4388 0.1609 0.1408 0.1985 0.3505 0.5126 0.3616 0.1415 0.1515 0.2334 0.4227 0.4938 0.2554 0.1362 0.1686 0.2794 0.4905 0.4500 0.1682 0.1394 0.1934 0.3394 0.5131 0.3747 0.1430 0.1501 0.2298 0.4176 0.4952 0.2573 0.1362 0.1694 0.2829 0.4938 0.4530 0.2887 0.4530 0.4938 0.2829 0.1694 0.1362 0.2573 0.4952 0.4176 0.2298 0.1501 0.1430 0.3747 0.5131 0.3394 0.1934 0.1394 0.1682 0.4500 0.4905 0.2794 0.1686 0.1362 0.2554 0.4938 0.4227 0.2334 0.1515 0.1415 0.3616 0.5126 0.3505 0.1985 0.1408 0.1609 0.4388 0.4990 0.2896 0.1727 0.1361 0.2333 0.4872 0.4378 0.2418 0.1545 0.1396 0.3416 0.5107 0.3648 0.2050 0.1493
0.1611 0.1444 0.2093 0.3714 0.5105 0.3311 0.1396 0.1571 0.2467 0.4448 0.4846 0.2225 0.1371 0.1761 0.2952 0.5030 0.4328 0.1583 0.1425 0.2027 0.3568 0.5129 0.3518 0.1413 0.1540 0.2383 0.4299 0.4916 0.2434 0.1369 0.1719 0.2852 0.4957 0.4442 0.1641 0.1411 0.1979 0.3470 0.5137 0.3626 0.1422 0.1530 0.2363 0.4282 0.4915 0.2395 0.1369 0.1740 0.2906 0.4938 0.4969 0.4938 0.2906 0.1740 0.1369 0.2395 0.4915 0.4282 0.2363 0.1530 0.1422 0.3626 0.5137 0.3470 0.1979 0.1411 0.1641 0.4442 0.4957 0.2852 0.1719 0.1369 0.2434 0.4916 0.4299 0.2383 0.1540 0.1413 0.3518 0.5129 0.3568 0.2027 0.1425 0.1583 0.4328 0.5030 0.2952 0.1761 0.1371 0.2225 0.4846 0.4448 0.2467 0.1571 0.1396 0.3311 0.5105 0.3714 0.2093 0.1444 0.1611
0.4245 0.1542 0.1441 0.2079 0.3678 0.5114 0.3365 0.1402 0.1564 0.2446 0.4410 0.4867 0.2280 0.1372 0.1751 0.2925 0.5013 0.4362 0.1600 0.1422 0.2013 0.3533 0.5135 0.3567 0.1419 0.1535 0.2365 0.4265 0.4933 0.2485 0.1371 0.1712 0.2830 0.4940 0.4465 0.1655 0.1410 0.1973 0.3455 0.5140 0.3638 0.1424 0.1531 0.2365 0.4288 0.4912 0.2375 0.1371 0.1740 0.2829 0.4118 0.2829 0.1740 0.1371 0.2375 0.4912 0.4288 0.2365 0.1531 0.1424 0.3638 0.5140 0.3455 0.1973 0.1410 0.1655 0.4465 0.4940 0.2830 0.1712 0.1371 0.2485 0.4933 0.4265 0.2365 0.1535 0.1419 0.3567 0.5135 0.3533 0.2013 0.1422 0.1600 0.4362 0.5013 0.2925 0.1751 0.1372 0.2280 0.4867 0.4410 0.2446 0.1564 0.1402 0.3365 0.5114 0.3678 0.2079 0.1441 0.1542 0.4245
0.5027 0.4273 0.1563 0.1434 0.2053 0.3621 0.5124 0.3447 0.1408 0.1552 0.2412 0.4349 0.4897 0.2368 0.1371 0.1734 0.2881 0.4982 0.4413 0.1627 0.1415 0.1989 0.3480 0.5139 0.3641 0.1427 0.1524 0.2335 0.4208 0.4958 0.2568 0.1372 0.1698 0.2795 0.4908 0.4501 0.1679 0.1406 0.1960 0.3428 0.5141 0.3667 0.1428 0.1528 0.2359 0.4283 0.4913 0.2375 0.1369 0.1694 0.2245 0.1694 0.1369 0.2375 0.4913 0.4283 0.2359 0.1528 0.1428 0.3667 0.5141 0.3428 0.1960 0.1406 0.1679 0.4501 0.4908 0.2795 0.1698 0.1372 0.2568 0.4958 0.4208 0.2335 0.1524 0.1427 0.3641 0.5139 0.3480 0.1989 0.1415 0.1627 0.4413 0.4982 0.2881 0.1734 0.1371 0.2368 0.4897 0.4349 0.2412 0.1552 0.1408 0.3447 0.5124 0.3621 0.2053 0.1434 0.1563 0.4273 0.5027
0.2941 0.5031 0.4332 0.1587 0.1426 0.2025 0.3560 0.5132 0.3533 0.1416 0.1539 0.2376 0.4283 0.4927 0.2464 0.1371 0.1715 0.2836 0.4944 0.4465 0.1659 0.1409 0.1964 0.3424 0.5142 0.3716 0.1437 0.1513 0.2303 0.4147 0.4981 0.2655 0.1373 0.1683 0.2761 0.4874 0.4535 0.1703 0.1403 0.1948 0.3404 0.5142 0.3691 0.1430 0.1526 0.2357 0.4283 0.4912 0.2395 0.1362 0.1477 0.1362 0.2395 0.4912 0.4283 0.2357 0.1526 0.1430 0.3691 0.5142 0.3404 0.1948 0.1403 0.1703 0.4535 0.4874 0.2761 0.1683 0.1373 0.2655 0.4981 0.4147 0.2303 0.1513 0.1437 0.3716 0.5142 0.3424 0.1964 0.1409 0.1659 0.4465 0.4944 0.2836 0.1715 0.1371 0.2464 0.4927 0.4283 0.2376 0.1539 0.1416 0.3533 0.5132 0.3560 0.2025 0.1426 0.1587 0.4332 0.5031 0.2941
