0.4520 0.1707 0.1493 0.2074 0.3637 0.5102 0.3227 0.1469 0.1674 0.2650 0.4736 0.4600 0.1784 0.1479 0.2014 0.3500 0.5123 0.3437 0.1482 0.1641 0.2558 0.4600 0.4703 0.1896 0.1468 0.1958 0.3367 0.5132 0.3634 0.1498 0.1611 0.2471 0.4454 0.4795 0.2048 0.1460 0.1905 0.3241 0.5126 0.3819 0.1519 0.1584 0.2389 0.4302 0.4875 0.2240 0.1455 0.1852 0.3088 0.5043 0.4845 0.5043 0.3088 0.1852 0.1455 0.2240 0.4875 0.4302 0.2389 0.1584 0.1519 0.3819 0.5126 0.3241 0.1905 0.1460 0.2048 0.4795 0.4454 0.2471 0.1611 0.1498 0.3634 0.5132 0.3367 0.1958 0.1468 0.1896 0.4703 0.4600 0.2558 0.1641 0.1482 0.3437 0.5123 0.3500 0.2014 0.1479 0.1784 0.4600 0.4736 0.2650 0.1674 0.1469 0.3227 0.5102 0.3637 0.2074 0.1493 0.1707 0.4520
0.1707 0.1420 0.2026 0.3617 0.5116 0.3274 0.1390 0.1609 0.2606 0.4728 0.4628 0.1753 0.1401 0.1958 0.3469 0.5136 0.3487 0.1404 0.1574 0.2512 0.4588 0.4729 0.1886 0.1388 0.1901 0.3334 0.5143 0.3682 0.1423 0.1543 0.2424 0.4439 0.4818 0.2060 0.1379 0.1847 0.3206 0.5136 0.3863 0.1447 0.1514 0.2340 0.4284 0.4896 0.2268 0.1373 0.1795 0.3075 0.5100 0.4214 0.2270 0.4214 0.5100 0.3075 0.1795 0.1373 0.2268 0.4896 0.4284 0.2340 0.1514 0.1447 0.3863 0.5136 0.3206 0.1847 0.1379 0.2060 0.4818 0.4439 0.2424 0.1543 0.1423 0.3682 0.5143 0.3334 0.1901 0.1388 0.1886 0.4729 0.4588 0.2512 0.1574 0.1404 0.3487 0.5136 0.3469 0.1958 0.1401 0.1753 0.4628 0.4728 0.2606 0.1609 0.1390 0.3274 0.5116 0.3617 0.2026 0.1420 0.1707
0.1493 0.2026 0.3594 0.5122 0.3344 0.1395 0.1595 0.2567 0.4670 0.4673 0.1806 0.1395 0.1932 0.3409 0.5140 0.3574 0.1412 0.1560 0.2473 0.4522 0.4769 0.1958 0.1384 0.1876 0.3277 0.5142 0.3763 0.1433 0.1530 0.2387 0.4371 0.4853 0.2147 0.1376 0.1824 0.3152 0.5128 0.3938 0.1459 0.1503 0.2305 0.4216 0.4927 0.2364 0.1372 0.1774 0.3029 0.5091 0.4141 0.1534 0.1353 0.1534 0.4141 0.5091 0.3029 0.1774 0.1372 0.2364 0.4927 0.4216 0.2305 0.1503 0.1459 0.3938 0.5128 0.3152 0.1824 0.1376 0.2147 0.4853 0.4371 0.2387 0.1530 0.1433 0.3763 0.5142 0.3277 0.1876 0.1384 0.1958 0.4769 0.4522 0.2473 0.1560 0.1412 0.3574 0.5140 0.3409 0.1932 0.1395 0.1806 0.4673 0.4670 0.2567 0.1595 0.1395 0.3344 0.5122 0.3594 0.2026 0.1493
0.2074 0.3617 0.5122 0.3371 0.1398 0.1585 0.2535 0.4616 0.4712 0.1863 0.1390 0.1908 0.3351 0.5143 0.3658 0.1420 0.1547 0.2435 0.4457 0.4807 0.2037 0.1380 0.1853 0.3222 0.5137 0.3841 0.1443 0.1518 0.2351 0.4304 0.4887 0.2239 0.1374 0.1802 0.3099 0.5116 0.4011 0.1472 0.1491 0.2271 0.4148 0.4955 0.2464 0.1371 0.1754 0.2979 0.5072 0.4179 0.1518 0.1431 0.1723 0.1431 0.1518 0.4179 0.5072 0.2979 0.1754 0.1371 0.2464 0.4955 0.4148 0.2271 0.1491 0.1472 0.4011 0.5116 0.3099 0.1802 0.1374 0.2239 0.4887 0.4304 0.2351 0.1518 0.1443 0.3841 0.5137 0.3222 0.1853 0.1380 0.2037 0.4807 0.4457 0.2435 0.1547 0.1420 0.3658 0.5143 0.3351 0.1908 0.1390 0.1863 0.4712 0.4616 0.2535 0.1585 0.1398 0.3371 0.5122 0.3617 0.2074
0.3637 0.5116 0.3344 0.1398 0.1582 0.2517 0.4578 0.4743 0.1918 0.1386 0.1885 0.3296 0.5142 0.3739 0.1430 0.1534 0.2397 0.4390 0.4843 0.2122 0.1377 0.1830 0.3167 0.5130 0.3917 0.1455 0.1506 0.2315 0.4236 0.4918 0.2335 0.1372 0.1781 0.3047 0.5100 0.4081 0.1487 0.1481 0.2237 0.4080 0.4982 0.2564 0.1371 0.1734 0.2930 0.5047 0.4237 0.1530 0.1450 0.2068 0.2911 0.2068 0.1450 0.1530 0.4237 0.5047 0.2930 0.1734 0.1371 0.2564 0.4982 0.4080 0.2237 0.1481 0.1487 0.4081 0.5100 0.3047 0.1781 0.1372 0.2335 0.4918 0.4236 0.2315 0.1506 0.1455 0.3917 0.5130 0.3167 0.1830 0.1377 0.2122 0.4843 0.4390 0.2397 0.1534 0.1430 0.3739 0.5142 0.3296 0.1885 0.1386 0.1918 0.4743 0.4578 0.2517 0.1582 0.1398 0.3344 0.5116 0.3637
0.5102 0.3274 0.1395 0.1585 0.2517 0.4563 0.4759 0.1960 0.1383 0.1867 0.3248 0.5140 0.3813 0.1440 0.1521 0.2361 0.4323 0.4877 0.2213 0.1375 0.1808 0.3114 0.5120 0.3990 0.1468 0.1495 0.2281 0.4168 0.4947 0.2434 0.1371 0.1760 0.2996 0.5081 0.4148 0.1503 0.1470 0.2205 0.4013 0.5007 0.2666 0.1372 0.1715 0.2882 0.5017 0.4298 0.1550 0.1446 0.2112 0.3688 0.5013 0.3688 0.2112 0.1446 0.1550 0.4298 0.5017 0.2882 0.1715 0.1372 0.2666 0.5007 0.4013 0.2205 0.1470 0.1503 0.4148 0.5081 0.2996 0.1760 0.1371 0.2434 0.4947 0.4168 0.2281 0.1495 0.1468 0.3990 0.5120 0.3114 0.1808 0.1375 0.2213 0.4877 0.4323 0.2361 0.1521 0.1440 0.3813 0.5140 0.3248 0.1867 0.1383 0.1960 0.4759 0.4563 0.2517 0.1585 0.1395 0.3274 0.5102
0.3227 0.1390 0.1595 0.2535 0.4578 0.4759 0.1975 0.1382 0.1855 0.3213 0.5136 0.3876 0.1450 0.1510 0.2327 0.4257 0.4909 0.2308 0.1373 0.1787 0.3061 0.5105 0.4061 0.1483 0.1484 0.2247 0.4100 0.4975 0.2534 0.1371 0.1740 0.2946 0.5057 0.4213 0.1521 0.1460 0.2173 0.3946 0.5030 0.2767 0.1373 0.1696 0.2835 0.4982 0.4357 0.1572 0.1439 0.2096 0.3753 0.5101 0.4345 0.5101 0.3753 0.2096 0.1439 0.1572 0.4357 0.4982 0.2835 0.1696 0.1373 0.2767 0.5030 0.3946 0.2173 0.1460 0.1521 0.4213 0.5057 0.2946 0.1740 0.1371 0.2534 0.4975 0.4100 0.2247 0.1484 0.1483 0.4061 0.5105 0.3061 0.1787 0.1373 0.2308 0.4909 0.4257 0.2327 0.1510 0.1450 0.3876 0.5136 0.3213 0.1855 0.1382 0.1975 0.4759 0.4578 0.2535 0.1595 0.1390 0.3227
0.1469 0.1609 0.2567 0.4616 0.4743 0.1960 0.1382 0.1851 0.3193 0.5132 0.3923 0.1459 0.1501 0.2297 0.4195 0.4937 0.2402 0.1372 0.1766 0.3010 0.5087 0.4129 0.1498 0.1473 0.2214 0.4033 0.5000 0.2636 0.1372 0.1721 0.2897 0.5028 0.4276 0.1541 0.1451 0.2142 0.3879 0.5051 0.2868 0.1375 0.1678 0.2789 0.4942 0.4413 0.1598 0.1431 0.2070 0.3716 0.5097 0.3359 0.1575 0.3359 0.5097 0.3716 0.2070 0.1431 0.1598 0.4413 0.4942 0.2789 0.1678 0.1375 0.2868 0.5051 0.3879 0.2142 0.1451 0.1541 0.4276 0.5028 0.2897 0.1721 0.1372 0.2636 0.5000 0.4033 0.2214 0.1473 0.1498 0.4129 0.5087 0.3010 0.1766 0.1372 0.2402 0.4937 0.4195 0.2297 0.1501 0.1459 0.3923 0.5132 0.3193 0.1851 0.1382 0.1960 0.4743 0.4616 0.2567 0.1609 0.1469
0.1674 0.2606 0.4670 0.4712 0.1918 0.1383 0.1855 0.3193 0.5130 0.3948 0.1465 0.1495 0.2274 0.4143 0.4961 0.2491 0.1371 0.1747 0.2961 0.5064 0.4195 0.1516 0.1463 0.2182 0.3965 0.5023 0.2737 0.1373 0.1702 0.2850 0.4994 0.4336 0.1564 0.1442 0.2111 0.3814 0.5069 0.2968 0.1377 0.1661 0.2744 0.4897 0.4468 0.1628 0.1423 0.2042 0.3659 0.5107 0.3253 0.1392 0.1402 0.1392 0.3253 0.5107 0.3659 0.2042 0.1423 0.1628 0.4468 0.4897 0.2744 0.1661 0.1377 0.2968 0.5069 0.3814 0.2111 0.1442 0.1564 0.4336 0.4994 0.2850 0.1702 0.1373 0.2737 0.5023 0.3965 0.2182 0.1463 0.1516 0.4195 0.5064 0.2961 0.1747 0.1371 0.2491 0.4961 0.4143 0.2274 0.1495 0.1465 0.3948 0.5130 0.3193 0.1855 0.1383 0.1918 0.4712 0.4670 0.2606 0.1674
0.2650 0.4728 0.4673 0.1863 0.1386 0.1867 0.3213 0.5132 0.3948 0.1467 0.1491 0.2259 0.4106 0.4978 0.2566 0.1371 0.1730 0.2916 0.5038 0.4257 0.1535 0.1454 0.2151 0.3899 0.5045 0.2838 0.1374 0.1684 0.2803 0.4955 0.4394 0.1589 0.1434 0.2082 0.3749 0.5086 0.3067 0.1381 0.1644 0.2700 0.4848 0.4520 0.1661 0.1415 0.2015 0.3598 0.5118 0.3307 0.1392 0.1554 0.1983 0.1554 0.1392 0.3307 0.5118 0.3598 0.2015 0.1415 0.1661 0.4520 0.4848 0.2700 0.1644 0.1381 0.3067 0.5086 0.3749 0.2082 0.1434 0.1589 0.4394 0.4955 0.2803 0.1684 0.1374 0.2838 0.5045 0.3899 0.2151 0.1454 0.1535 0.4257 0.5038 0.2916 0.1730 0.1371 0.2566 0.4978 0.4106 0.2259 0.1491 0.1467 0.3948 0.5132 0.3213 0.1867 0.1386 0.1863 0.4673 0.4728 0.2650
0.4736 0.4628 0.1806 0.1390 0.1885 0.3248 0.5136 0.3923 0.1465 0.1491 0.2254 0.4086 0.4989 0.2620 0.1372 0.1716 0.2878 0.5011 0.4312 0.1555 0.1445 0.2121 0.3833 0.5064 0.2939 0.1377 0.1666 0.2757 0.4912 0.4450 0.1617 0.1426 0.2053 0.3685 0.5101 0.3164 0.1385 0.1628 0.2656 0.4795 0.4571 0.1699 0.1408 0.1988 0.3537 0.5127 0.3390 0.1397 0.1580 0.2443 0.3533 0.2443 0.1580 0.1397 0.3390 0.5127 0.3537 0.1988 0.1408 0.1699 0.4571 0.4795 0.2656 0.1628 0.1385 0.3164 0.5101 0.3685 0.2053 0.1426 0.1617 0.4450 0.4912 0.2757 0.1666 0.1377 0.2939 0.5064 0.3833 0.2121 0.1445 0.1555 0.4312 0.5011 0.2878 0.1716 0.1372 0.2620 0.4989 0.4086 0.2254 0.1491 0.1465 0.3923 0.5136 0.3248 0.1885 0.1390 0.1806 0.4628 0.4736
0.4600 0.1753 0.1395 0.1908 0.3296 0.5140 0.3876 0.1459 0.1495 0.2259 0.4086 0.4993 0.2649 0.1372 0.1706 0.2849 0.4986 0.4357 0.1575 0.1437 0.2093 0.3771 0.5081 0.3038 0.1380 0.1649 0.2713 0.4864 0.4504 0.1649 0.1418 0.2025 0.3622 0.5114 0.3259 0.1389 0.1612 0.2614 0.4739 0.4619 0.1744 0.1402 0.1962 0.3477 0.5135 0.3477 0.1404 0.1573 0.2493 0.4422 0.5114 0.4422 0.2493 0.1573 0.1404 0.3477 0.5135 0.3477 0.1962 0.1402 0.1744 0.4619 0.4739 0.2614 0.1612 0.1389 0.3259 0.5114 0.3622 0.2025 0.1418 0.1649 0.4504 0.4864 0.2713 0.1649 0.1380 0.3038 0.5081 0.3771 0.2093 0.1437 0.1575 0.4357 0.4986 0.2849 0.1706 0.1372 0.2649 0.4993 0.4086 0.2259 0.1495 0.1459 0.3876 0.5140 0.3296 0.1908 0.1395 0.1753 0.4600
0.1784 0.1401 0.1932 0.3351 0.5142 0.3813 0.1450 0.1501 0.2274 0.4106 0.4989 0.2649 0.1372 0.1701 0.2830 0.4967 0.4392 0.1593 0.1431 0.2069 0.3714 0.5095 0.3131 0.1383 0.1632 0.2669 0.4812 0.4555 0.1686 0.1411 0.1998 0.3560 0.5124 0.3352 0.1395 0.1596 0.2573 0.4680 0.4665 0.1795 0.1396 0.1936 0.3418 0.5140 0.3563 0.1411 0.1561 0.2471 0.4491 0.4850 0.3565 0.4850 0.4491 0.2471 0.1561 0.1411 0.3563 0.5140 0.3418 0.1936 0.1396 0.1795 0.4665 0.4680 0.2573 0.1596 0.1395 0.3352 0.5124 0.3560 0.1998 0.1411 0.1686 0.4555 0.4812 0.2669 0.1632 0.1383 0.3131 0.5095 0.3714 0.2069 0.1431 0.1593 0.4392 0.4967 0.2830 0.1701 0.1372 0.2649 0.4989 0.4106 0.2274 0.1501 0.1450 0.3813 0.5142 0.3351 0.1932 0.1401 0.1784
0.1479 0.1958 0.3409 0.5143 0.3739 0.1440 0.1510 0.2297 0.4143 0.4978 0.2620 0.1372 0.1701 0.2824 0.4956 0.4414 0.1607 0.1426 0.2050 0.3666 0.5106 0.3214 0.1387 0.1617 0.2628 0.4757 0.4604 0.1729 0.1404 0.1971 0.3499 0.5132 0.3442 0.1401 0.1582 0.2532 0.4619 0.4708 0.1855 0.1391 0.1912 0.3360 0.5142 0.3648 0.1419 0.1548 0.2437 0.4454 0.4822 0.2268 0.1391 0.2268 0.4822 0.4454 0.2437 0.1548 0.1419 0.3648 0.5142 0.3360 0.1912 0.1391 0.1855 0.4708 0.4619 0.2532 0.1582 0.1401 0.3442 0.5132 0.3499 0.1971 0.1404 0.1729 0.4604 0.4757 0.2628 0.1617 0.1387 0.3214 0.5106 0.3666 0.2050 0.1426 0.1607 0.4414 0.4956 0.2824 0.1701 0.1372 0.2620 0.4978 0.4143 0.2297 0.1510 0.1440 0.3739 0.5143 0.3409 0.1958 0.1479
0.2014 0.3469 0.5140 0.3658 0.1430 0.1521 0.2327 0.4195 0.4961 0.2566 0.1372 0.1706 0.2830 0.4956 0.4422 0.1614 0.1423 0.2036 0.3630 0.5114 0.3282 0.1391 0.1604 0.2590 0.4703 0.4649 0.1777 0.1398 0.1945 0.3439 0.5138 0.3530 0.1408 0.1567 0.2492 0.4555 0.4749 0.1922 0.1386 0.1887 0.3302 0.5142 0.3729 0.1429 0.1535 0.2401 0.4394 0.4844 0.2163 0.1362 0.1510 0.1362 0.2163 0.4844 0.4394 0.2401 0.1535 0.1429 0.3729 0.5142 0.3302 0.1887 0.1386 0.1922 0.4749 0.4555 0.2492 0.1567 0.1408 0.3530 0.5138 0.3439 0.1945 0.1398 0.1777 0.4649 0.4703 0.2590 0.1604 0.1391 0.3282 0.5114 0.3630 0.2036 0.1423 0.1614 0.4422 0.4956 0.2830 0.1706 0.1372 0.2566 0.4961 0.4195 0.2327 0.1521 0.1430 0.3658 0.5140 0.3469 0.2014
0.3500 0.5136 0.3574 0.1420 0.1534 0.2361 0.4257 0.4937 0.2491 0.1371 0.1716 0.2849 0.4967 0.4414 0.1614 0.1422 0.2029 0.3607 0.5120 0.3334 0.1395 0.1593 0.2558 0.4652 0.4688 0.1829 0.1392 0.1920 0.3380 0.5142 0.3616 0.1416 0.1554 0.2454 0.4490 0.4788 0.1997 0.1382 0.1864 0.3247 0.5140 0.3808 0.1439 0.1523 0.2364 0.4328 0.4876 0.2218 0.1372 0.1740 0.2335 0.1740 0.1372 0.2218 0.4876 0.4328 0.2364 0.1523 0.1439 0.3808 0.5140 0.3247 0.1864 0.1382 0.1997 0.4788 0.4490 0.2454 0.1554 0.1416 0.3616 0.5142 0.3380 0.1920 0.1392 0.1829 0.4688 0.4652 0.2558 0.1593 0.1395 0.3334 0.5120 0.3607 0.2029 0.1422 0.1614 0.4414 0.4967 0.2849 0.1716 0.1371 0.2491 0.4937 0.4257 0.2361 0.1534 0.1420 0.3574 0.5136 0.3500
0.5123 0.3487 0.1412 0.1547 0.2397 0.4323 0.4909 0.2402 0.1371 0.1730 0.2878 0.4986 0.4392 0.1607 0.1423 0.2029 0.3600 0.5122 0.3367 0.1398 0.1585 0.2533 0.4608 0.4721 0.1881 0.1388 0.1898 0.3325 0.5143 0.3698 0.1425 0.1540 0.2416 0.4424 0.4825 0.2078 0.1378 0.1841 0.3192 0.5134 0.3884 0.1450 0.1511 0.2329 0.4261 0.4907 0.2303 0.1372 0.1774 0.2928 0.4269 0.2928 0.1774 0.1372 0.2303 0.4907 0.4261 0.2329 0.1511 0.1450 0.3884 0.5134 0.3192 0.1841 0.1378 0.2078 0.4825 0.4424 0.2416 0.1540 0.1425 0.3698 0.5143 0.3325 0.1898 0.1388 0.1881 0.4721 0.4608 0.2533 0.1585 0.1398 0.3367 0.5122 0.3600 0.2029 0.1423 0.1607 0.4392 0.4986 0.2878 0.1730 0.1371 0.2402 0.4909 0.4323 0.2397 0.1547 0.1412 0.3487 0.5123
0.3437 0.1404 0.1560 0.2435 0.4390 0.4877 0.2308 0.1372 0.1747 0.2916 0.5011 0.4357 0.1593 0.1426 0.2036 0.3607 0.5122 0.3378 0.1399 0.1580 0.2515 0.4574 0.4747 0.1931 0.1385 0.1878 0.3276 0.5141 0.3775 0.1435 0.1528 0.2379 0.4357 0.4860 0.2167 0.1376 0.1819 0.3139 0.5125 0.3958 0.1462 0.1499 0.2294 0.4194 0.4937 0.2399 0.1372 0.1764 0.2985 0.5012 0.4913 0.5012 0.2985 0.1764 0.1372 0.2399 0.4937 0.4194 0.2294 0.1499 0.1462 0.3958 0.5125 0.3139 0.1819 0.1376 0.2167 0.4860 0.4357 0.2379 0.1528 0.1435 0.3775 0.5141 0.3276 0.1878 0.1385 0.1931 0.4747 0.4574 0.2515 0.1580 0.1399 0.3378 0.5122 0.3607 0.2036 0.1426 0.1593 0.4357 0.5011 0.2916 0.1747 0.1372 0.2308 0.4877 0.4390 0.2435 0.1560 0.1404 0.3437
0.1482 0.1574 0.2473 0.4457 0.4843 0.2213 0.1373 0.1766 0.2961 0.5038 0.4312 0.1575 0.1431 0.2050 0.3630 0.5120 0.3367 0.1399 0.1578 0.2506 0.4552 0.4765 0.1971 0.1382 0.1862 0.3234 0.5138 0.3842 0.1444 0.1516 0.2344 0.4290 0.4893 0.2260 0.1374 0.1797 0.3086 0.5112 0.4030 0.1476 0.1488 0.2261 0.4126 0.4964 0.2498 0.1371 0.1746 0.2956 0.5049 0.4351 0.2507 0.4351 0.5049 0.2956 0.1746 0.1371 0.2498 0.4964 0.4126 0.2261 0.1488 0.1476 0.4030 0.5112 0.3086 0.1797 0.1374 0.2260 0.4893 0.4290 0.2344 0.1516 0.1444 0.3842 0.5138 0.3234 0.1862 0.1382 0.1971 0.4765 0.4552 0.2506 0.1578 0.1399 0.3367 0.5120 0.3630 0.2050 0.1431 0.1575 0.4312 0.5038 0.2961 0.1766 0.1373 0.2213 0.4843 0.4457 0.2473 0.1574 0.1482
0.1641 0.2512 0.4522 0.4807 0.2122 0.1375 0.1787 0.3010 0.5064 0.4257 0.1555 0.1437 0.2069 0.3666 0.5114 0.3334 0.1398 0.1580 0.2506 0.4544 0.4773 0.1996 0.1381 0.1850 0.3201 0.5134 0.3898 0.1454 0.1506 0.2313 0.4227 0.4923 0.2355 0.1372 0.1776 0.3034 0.5096 0.4099 0.1491 0.1478 0.2227 0.4059 0.4990 0.2598 0.1371 0.1727 0.2912 0.5034 0.4290 0.1591 0.1351 0.1591 0.4290 0.5034 0.2912 0.1727 0.1371 0.2598 0.4990 0.4059 0.2227 0.1478 0.1491 0.4099 0.5096 0.3034 0.1776 0.1372 0.2355 0.4923 0.4227 0.2313 0.1506 0.1454 0.3898 0.5134 0.3201 0.1850 0.1381 0.1996 0.4773 0.4544 0.2506 0.1580 0.1398 0.3334 0.5114 0.3666 0.2069 0.1437 0.1555 0.4257 0.5064 0.3010 0.1787 0.1375 0.2122 0.4807 0.4522 0.2512 0.1641
0.2558 0.4588 0.4769 0.2037 0.1377 0.1808 0.3061 0.5087 0.4195 0.1535 0.1445 0.2093 0.3714 0.5106 0.3282 0.1395 0.1585 0.2515 0.4552 0.4773 0.2005 0.1380 0.1843 0.3177 0.5129 0.3943 0.1462 0.1498 0.2286 0.4170 0.4949 0.2445 0.1371 0.1756 0.2985 0.5076 0.4165 0.1508 0.1467 0.2195 0.3992 0.5014 0.2699 0.1372 0.1708 0.2865 0.5005 0.4325 0.1568 0.1412 0.1679 0.1412 0.1568 0.4325 0.5005 0.2865 0.1708 0.1372 0.2699 0.5014 0.3992 0.2195 0.1467 0.1508 0.4165 0.5076 0.2985 0.1756 0.1371 0.2445 0.4949 0.4170 0.2286 0.1498 0.1462 0.3943 0.5129 0.3177 0.1843 0.1380 0.2005 0.4773 0.4552 0.2515 0.1585 0.1395 0.3282 0.5106 0.3714 0.2093 0.1445 0.1535 0.4195 0.5087 0.3061 0.1808 0.1377 0.2037 0.4769 0.4588 0.2558
0.4600 0.4729 0.1958 0.1380 0.1830 0.3114 0.5105 0.4129 0.1516 0.1454 0.2121 0.3771 0.5095 0.3214 0.1391 0.1593 0.2533 0.4574 0.4765 0.1996 0.1380 0.1840 0.3166 0.5126 0.3974 0.1469 0.1491 0.2263 0.4121 0.4970 0.2528 0.1371 0.1738 0.2938 0.5052 0.4227 0.1526 0.1458 0.2164 0.3926 0.5036 0.2800 0.1373 0.1690 0.2819 0.4968 0.4377 0.1583 0.1430 0.2002 0.2798 0.2002 0.1430 0.1583 0.4377 0.4968 0.2819 0.1690 0.1373 0.2800 0.5036 0.3926 0.2164 0.1458 0.1526 0.4227 0.5052 0.2938 0.1738 0.1371 0.2528 0.4970 0.4121 0.2263 0.1491 0.1469 0.3974 0.5126 0.3166 0.1840 0.1380 0.1996 0.4765 0.4574 0.2533 0.1593 0.1391 0.3214 0.5095 0.3771 0.2121 0.1454 0.1516 0.4129 0.5105 0.3114 0.1830 0.1380 0.1958 0.4729 0.4600
0.4703 0.1886 0.1384 0.1853 0.3167 0.5120 0.4061 0.1498 0.1463 0.2151 0.3833 0.5081 0.3131 0.1387 0.1604 0.2558 0.4608 0.4747 0.1971 0.1381 0.1843 0.3166 0.5125 0.3990 0.1473 0.1487 0.2246 0.4081 0.4987 0.2602 0.1371 0.1722 0.2896 0.5025 0.4285 0.1545 0.1449 0.2134 0.3862 0.5056 0.2899 0.1376 0.1672 0.2773 0.4927 0.4432 0.1608 0.1427 0.2044 0.3543 0.4928 0.3543 0.2044 0.1427 0.1608 0.4432 0.4927 0.2773 0.1672 0.1376 0.2899 0.5056 0.3862 0.2134 0.1449 0.1545 0.4285 0.5025 0.2896 0.1722 0.1371 0.2602 0.4987 0.4081 0.2246 0.1487 0.1473 0.3990 0.5125 0.3166 0.1843 0.1381 0.1971 0.4747 0.4608 0.2558 0.1604 0.1387 0.3131 0.5081 0.3833 0.2151 0.1463 0.1498 0.4061 0.5120 0.3167 0.1853 0.1384 0.1886 0.4703
0.1896 0.1388 0.1876 0.3222 0.5130 0.3990 0.1483 0.1473 0.2182 0.3899 0.5064 0.3038 0.1383 0.1617 0.2590 0.4652 0.4721 0.1931 0.1382 0.1850 0.3177 0.5126 0.3990 0.1475 0.1484 0.2235 0.4053 0.5000 0.2661 0.1372 0.1709 0.2860 0.4997 0.4337 0.1566 0.1441 0.2106 0.3799 0.5074 0.2995 0.1378 0.1656 0.2729 0.4881 0.4486 0.1639 0.1420 0.2030 0.3606 0.5122 0.4472 0.5122 0.3606 0.2030 0.1420 0.1639 0.4486 0.4881 0.2729 0.1656 0.1378 0.2995 0.5074 0.3799 0.2106 0.1441 0.1566 0.4337 0.4997 0.2860 0.1709 0.1372 0.2661 0.5000 0.4053 0.2235 0.1484 0.1475 0.3990 0.5126 0.3177 0.1850 0.1382 0.1931 0.4721 0.4652 0.2590 0.1617 0.1383 0.3038 0.5064 0.3899 0.2182 0.1473 0.1483 0.3990 0.5130 0.3222 0.1876 0.1388 0.1896
0.1468 0.1901 0.3277 0.5137 0.3917 0.1468 0.1484 0.2214 0.3965 0.5045 0.2939 0.1380 0.1632 0.2628 0.4703 0.4688 0.1881 0.1385 0.1862 0.3201 0.5129 0.3974 0.1473 0.1484 0.2232 0.4038 0.5007 0.2702 0.1373 0.1698 0.2830 0.4971 0.4381 0.1586 0.1434 0.2079 0.3740 0.5089 0.3088 0.1382 0.1639 0.2687 0.4832 0.4537 0.1673 0.1413 0.2005 0.3571 0.5124 0.3564 0.1654 0.3564 0.5124 0.3571 0.2005 0.1413 0.1673 0.4537 0.4832 0.2687 0.1639 0.1382 0.3088 0.5089 0.3740 0.2079 0.1434 0.1586 0.4381 0.4971 0.2830 0.1698 0.1373 0.2702 0.5007 0.4038 0.2232 0.1484 0.1473 0.3974 0.5129 0.3201 0.1862 0.1385 0.1881 0.4688 0.4703 0.2628 0.1632 0.1380 0.2939 0.5045 0.3965 0.2214 0.1484 0.1468 0.3917 0.5137 0.3277 0.1901 0.1468
0.1958 0.3334 0.5142 0.3841 0.1455 0.1495 0.2247 0.4033 0.5023 0.2838 0.1377 0.1649 0.2669 0.4757 0.4649 0.1829 0.1388 0.1878 0.3234 0.5134 0.3943 0.1469 0.1487 0.2235 0.4038 0.5010 0.2724 0.1373 0.1691 0.2807 0.4948 0.4417 0.1605 0.1428 0.2056 0.3685 0.5102 0.3177 0.1385 0.1624 0.2646 0.4781 0.4584 0.1712 0.1406 0.1980 0.3516 0.5130 0.3464 0.1410 0.1387 0.1410 0.3464 0.5130 0.3516 0.1980 0.1406 0.1712 0.4584 0.4781 0.2646 0.1624 0.1385 0.3177 0.5102 0.3685 0.2056 0.1428 0.1605 0.4417 0.4948 0.2807 0.1691 0.1373 0.2724 0.5010 0.4038 0.2235 0.1487 0.1469 0.3943 0.5134 0.3234 0.1878 0.1388 0.1829 0.4649 0.4757 0.2669 0.1649 0.1377 0.2838 0.5023 0.4033 0.2247 0.1495 0.1455 0.3841 0.5142 0.3334 0.1958
0.3367 0.5143 0.3763 0.1443 0.1506 0.2281 0.4100 0.5000 0.2737 0.1374 0.1666 0.2713 0.4812 0.4604 0.1777 0.1392 0.1898 0.3276 0.5138 0.3898 0.1462 0.1491 0.2246 0.4053 0.5007 0.2724 0.1373 0.1687 0.2792 0.4931 0.4444 0.1622 0.1423 0.2037 0.3639 0.5112 0.3256 0.1390 0.1610 0.2607 0.4727 0.4629 0.1756 0.1400 0.1955 0.3459 0.5137 0.3514 0.1408 0.1523 0.1922 0.1523 0.1408 0.3514 0.5137 0.3459 0.1955 0.1400 0.1756 0.4629 0.4727 0.2607 0.1610 0.1390 0.3256 0.5112 0.3639 0.2037 0.1423 0.1622 0.4444 0.4931 0.2792 0.1687 0.1373 0.2724 0.5007 0.4053 0.2246 0.1491 0.1462 0.3898 0.5138 0.3276 0.1898 0.1392 0.1777 0.4604 0.4812 0.2713 0.1666 0.1374 0.2737 0.5000 0.4100 0.2281 0.1506 0.1443 0.3763 0.5143 0.3367
0.5132 0.3682 0.1433 0.1518 0.2315 0.4168 0.4975 0.2636 0.1373 0.1684 0.2757 0.4864 0.4555 0.1729 0.1398 0.1920 0.3325 0.5141 0.3842 0.1454 0.1498 0.2263 0.4081 0.5000 0.2702 0.1373 0.1687 0.2787 0.4921 0.4461 0.1634 0.1419 0.2022 0.3600 0.5119 0.3324 0.1394 0.1597 0.2571 0.4673 0.4672 0.1806 0.1395 0.1931 0.3403 0.5141 0.3590 0.1414 0.1548 0.2356 0.3393 0.2356 0.1548 0.1414 0.3590 0.5141 0.3403 0.1931 0.1395 0.1806 0.4672 0.4673 0.2571 0.1597 0.1394 0.3324 0.5119 0.3600 0.2022 0.1419 0.1634 0.4461 0.4921 0.2787 0.1687 0.1373 0.2702 0.5000 0.4081 0.2263 0.1498 0.1454 0.3842 0.5141 0.3325 0.1920 0.1398 0.1729 0.4555 0.4864 0.2757 0.1684 0.1373 0.2636 0.4975 0.4168 0.2315 0.1518 0.1433 0.3682 0.5132
0.3634 0.1423 0.1530 0.2351 0.4236 0.4947 0.2534 0.1372 0.1702 0.2803 0.4912 0.4504 0.1686 0.1404 0.1945 0.3380 0.5143 0.3775 0.1444 0.1506 0.2286 0.4121 0.4987 0.2661 0.1373 0.1691 0.2792 0.4921 0.4467 0.1641 0.1417 0.2011 0.3571 0.5125 0.3380 0.1398 0.1586 0.2540 0.4623 0.4709 0.1860 0.1390 0.1908 0.3349 0.5143 0.3668 0.1422 0.1542 0.2406 0.4270 0.5124 0.4270 0.2406 0.1542 0.1422 0.3668 0.5143 0.3349 0.1908 0.1390 0.1860 0.4709 0.4623 0.2540 0.1586 0.1398 0.3380 0.5125 0.3571 0.2011 0.1417 0.1641 0.4467 0.4921 0.2792 0.1691 0.1373 0.2661 0.4987 0.4121 0.2286 0.1506 0.1444 0.3775 0.5143 0.3380 0.1945 0.1404 0.1686 0.4504 0.4912 0.2803 0.1702 0.1372 0.2534 0.4947 0.4236 0.2351 0.1530 0.1423 0.3634
0.1498 0.1543 0.2387 0.4304 0.4918 0.2434 0.1371 0.1721 0.2850 0.4955 0.4450 0.1649 0.1411 0.1971 0.3439 0.5142 0.3698 0.1435 0.1516 0.2313 0.4170 0.4970 0.2602 0.1372 0.1698 0.2807 0.4931 0.4461 0.1641 0.1416 0.2005 0.3552 0.5128 0.3423 0.1401 0.1578 0.2513 0.4578 0.4741 0.1915 0.1386 0.1886 0.3296 0.5142 0.3744 0.1431 0.1532 0.2387 0.4340 0.4921 0.3751 0.4921 0.4340 0.2387 0.1532 0.1431 0.3744 0.5142 0.3296 0.1886 0.1386 0.1915 0.4741 0.4578 0.2513 0.1578 0.1401 0.3423 0.5128 0.3552 0.2005 0.1416 0.1641 0.4461 0.4931 0.2807 0.1698 0.1372 0.2602 0.4970 0.4170 0.2313 0.1516 0.1435 0.3698 0.5142 0.3439 0.1971 0.1411 0.1649 0.4450 0.4955 0.2850 0.1721 0.1371 0.2434 0.4918 0.4304 0.2387 0.1543 0.1498
0.1611 0.2424 0.4371 0.4887 0.2335 0.1371 0.1740 0.2897 0.4994 0.4394 0.1617 0.1418 0.1998 0.3499 0.5138 0.3616 0.1425 0.1528 0.2344 0.4227 0.4949 0.2528 0.1371 0.1709 0.2830 0.4948 0.4444 0.1634 0.1417 0.2005 0.3546 0.5130 0.3450 0.1404 0.1571 0.2492 0.4539 0.4767 0.1967 0.1383 0.1867 0.3248 0.5139 0.3815 0.1440 0.1521 0.2356 0.4305 0.4898 0.2491 0.1413 0.2491 0.4898 0.4305 0.2356 0.1521 0.1440 0.3815 0.5139 0.3248 0.1867 0.1383 0.1967 0.4767 0.4539 0.2492 0.1571 0.1404 0.3450 0.5130 0.3546 0.2005 0.1417 0.1634 0.4444 0.4948 0.2830 0.1709 0.1371 0.2528 0.4949 0.4227 0.2344 0.1528 0.1425 0.3616 0.5138 0.3499 0.1998 0.1418 0.1617 0.4394 0.4994 0.2897 0.1740 0.1371 0.2335 0.4887 0.4371 0.2424 0.1611
0.2471 0.4439 0.4853 0.2239 0.1372 0.1760 0.2946 0.5028 0.4336 0.1589 0.1426 0.2025 0.3560 0.5132 0.3530 0.1416 0.1540 0.2379 0.4290 0.4923 0.2445 0.1371 0.1722 0.2860 0.4971 0.4417 0.1622 0.1419 0.2011 0.3552 0.5130 0.3459 0.1406 0.1567 0.2477 0.4509 0.4788 0.2014 0.1380 0.1850 0.3207 0.5135 0.3881 0.1450 0.1510 0.2325 0.4249 0.4916 0.2374 0.1361 0.1483 0.1361 0.2374 0.4916 0.4249 0.2325 0.1510 0.1450 0.3881 0.5135 0.3207 0.1850 0.1380 0.2014 0.4788 0.4509 0.2477 0.1567 0.1406 0.3459 0.5130 0.3552 0.2011 0.1419 0.1622 0.4417 0.4971 0.2860 0.1722 0.1371 0.2445 0.4923 0.4290 0.2379 0.1540 0.1416 0.3530 0.5132 0.3560 0.2025 0.1426 0.1589 0.4336 0.5028 0.2946 0.1760 0.1372 0.2239 0.4853 0.4439 0.2471
0.4454 0.4818 0.2147 0.1374 0.1781 0.2996 0.5057 0.4276 0.1564 0.1434 0.2053 0.3622 0.5124 0.3442 0.1408 0.1554 0.2416 0.4357 0.4893 0.2355 0.1371 0.1738 0.2896 0.4997 0.4381 0.1605 0.1423 0.2022 0.3571 0.5128 0.3450 0.1406 0.1565 0.2469 0.4489 0.4803 0.2052 0.1379 0.1837 0.3171 0.5129 0.3937 0.1460 0.1500 0.2295 0.4190 0.4940 0.2425 0.1369 0.1698 0.2256 0.1698 0.1369 0.2425 0.4940 0.4190 0.2295 0.1500 0.1460 0.3937 0.5129 0.3171 0.1837 0.1379 0.2052 0.4803 0.4489 0.2469 0.1565 0.1406 0.3450 0.5128 0.3571 0.2022 0.1423 0.1605 0.4381 0.4997 0.2896 0.1738 0.1371 0.2355 0.4893 0.4357 0.2416 0.1554 0.1408 0.3442 0.5124 0.3622 0.2053 0.1434 0.1564 0.4276 0.5057 0.2996 0.1781 0.1374 0.2147 0.4818 0.4454
0.4795 0.2060 0.1376 0.1802 0.3047 0.5081 0.4213 0.1541 0.1442 0.2082 0.3685 0.5114 0.3352 0.1401 0.1567 0.2454 0.4424 0.4860 0.2260 0.1372 0.1756 0.2938 0.5025 0.4337 0.1586 0.1428 0.2037 0.3600 0.5125 0.3423 0.1404 0.1567 0.2469 0.4482 0.4810 0.2076 0.1378 0.1827 0.3144 0.5123 0.3983 0.1469 0.1492 0.2268 0.4134 0.4964 0.2503 0.1371 0.1731 0.2824 0.4120 0.2824 0.1731 0.1371 0.2503 0.4964 0.4134 0.2268 0.1492 0.1469 0.3983 0.5123 0.3144 0.1827 0.1378 0.2076 0.4810 0.4482 0.2469 0.1567 0.1404 0.3423 0.5125 0.3600 0.2037 0.1428 0.1586 0.4337 0.5025 0.2938 0.1756 0.1372 0.2260 0.4860 0.4424 0.2454 0.1567 0.1401 0.3352 0.5114 0.3685 0.2082 0.1442 0.1541 0.4213 0.5081 0.3047 0.1802 0.1376 0.2060 0.4795
0.2048 0.1379 0.1824 0.3099 0.5100 0.4148 0.1521 0.1451 0.2111 0.3749 0.5101 0.3259 0.1395 0.1582 0.2492 0.4490 0.4825 0.2167 0.1374 0.1776 0.2985 0.5052 0.4285 0.1566 0.1434 0.2056 0.3639 0.5119 0.3380 0.1401 0.1571 0.2477 0.4489 0.4810 0.2085 0.1377 0.1821 0.3124 0.5118 0.4019 0.1477 0.1485 0.2245 0.4084 0.4984 0.2583 0.1371 0.1724 0.2883 0.4934 0.4970 0.4934 0.2883 0.1724 0.1371 0.2583 0.4984 0.4084 0.2245 0.1485 0.1477 0.4019 0.5118 0.3124 0.1821 0.1377 0.2085 0.4810 0.4489 0.2477 0.1571 0.1401 0.3380 0.5119 0.3639 0.2056 0.1434 0.1566 0.4285 0.5052 0.2985 0.1776 0.1374 0.2167 0.4825 0.4490 0.2492 0.1582 0.1395 0.3259 0.5101 0.3749 0.2111 0.1451 0.1521 0.4148 0.5100 0.3099 0.1824 0.1379 0.2048
0.1460 0.1847 0.3152 0.5116 0.4081 0.1503 0.1460 0.2142 0.3814 0.5086 0.3164 0.1389 0.1596 0.2532 0.4555 0.4788 0.2078 0.1376 0.1797 0.3034 0.5076 0.4227 0.1545 0.1441 0.2079 0.3685 0.5112 0.3324 0.1398 0.1578 0.2492 0.4509 0.4803 0.2076 0.1377 0.1818 0.3114 0.5114 0.4045 0.1484 0.1480 0.2226 0.4042 0.5001 0.2657 0.1372 0.1711 0.2864 0.4984 0.4464 0.2718 0.4464 0.4984 0.2864 0.1711 0.1372 0.2657 0.5001 0.4042 0.2226 0.1480 0.1484 0.4045 0.5114 0.3114 0.1818 0.1377 0.2076 0.4803 0.4509 0.2492 0.1578 0.1398 0.3324 0.5112 0.3685 0.2079 0.1441 0.1545 0.4227 0.5076 0.3034 0.1797 0.1376 0.2078 0.4788 0.4555 0.2532 0.1596 0.1389 0.3164 0.5086 0.3814 0.2142 0.1460 0.1503 0.4081 0.5116 0.3152 0.1847 0.1460
0.1905 0.3206 0.5128 0.4011 0.1487 0.1470 0.2173 0.3879 0.5069 0.3067 0.1385 0.1612 0.2573 0.4619 0.4749 0.1997 0.1378 0.1819 0.3086 0.5096 0.4165 0.1526 0.1449 0.2106 0.3740 0.5102 0.3256 0.1394 0.1586 0.2513 0.4539 0.4788 0.2052 0.1378 0.1821 0.3114 0.5113 0.4059 0.1488 0.1476 0.2212 0.4008 0.5014 0.2720 0.1373 0.1699 0.2833 0.4971 0.4400 0.1654 0.1352 0.1654 0.4400 0.4971 0.2833 0.1699 0.1373 0.2720 0.5014 0.4008 0.2212 0.1476 0.1488 0.4059 0.5113 0.3114 0.1821 0.1378 0.2052 0.4788 0.4539 0.2513 0.1586 0.1394 0.3256 0.5102 0.3740 0.2106 0.1449 0.1526 0.4165 0.5096 0.3086 0.1819 0.1378 0.1997 0.4749 0.4619 0.2573 0.1612 0.1385 0.3067 0.5069 0.3879 0.2173 0.1470 0.1487 0.4011 0.5128 0.3206 0.1905
0.3241 0.5136 0.3938 0.1472 0.1481 0.2205 0.3946 0.5051 0.2968 0.1381 0.1628 0.2614 0.4680 0.4708 0.1922 0.1382 0.1841 0.3139 0.5112 0.4099 0.1508 0.1458 0.2134 0.3799 0.5089 0.3177 0.1390 0.1597 0.2540 0.4578 0.4767 0.2014 0.1379 0.1827 0.3124 0.5114 0.4059 0.1490 0.1474 0.2203 0.3985 0.5024 0.2771 0.1373 0.1687 0.2803 0.4947 0.4419 0.1615 0.1399 0.1645 0.1399 0.1615 0.4419 0.4947 0.2803 0.1687 0.1373 0.2771 0.5024 0.3985 0.2203 0.1474 0.1490 0.4059 0.5114 0.3124 0.1827 0.1379 0.2014 0.4767 0.4578 0.2540 0.1597 0.1390 0.3177 0.5089 0.3799 0.2134 0.1458 0.1508 0.4099 0.5112 0.3139 0.1841 0.1382 0.1922 0.4708 0.4680 0.2614 0.1628 0.1381 0.2968 0.5051 0.3946 0.2205 0.1481 0.1472 0.3938 0.5136 0.3241
0.5126 0.3863 0.1459 0.1491 0.2237 0.4013 0.5030 0.2868 0.1377 0.1644 0.2656 0.4739 0.4665 0.1855 0.1386 0.1864 0.3192 0.5125 0.4030 0.1491 0.1467 0.2164 0.3862 0.5074 0.3088 0.1385 0.1610 0.2571 0.4623 0.4741 0.1967 0.1380 0.1837 0.3144 0.5118 0.4045 0.1488 0.1474 0.2200 0.3972 0.5030 0.2807 0.1374 0.1678 0.2778 0.4922 0.4450 0.1625 0.1417 0.1956 0.2715 0.1956 0.1417 0.1625 0.4450 0.4922 0.2778 0.1678 0.1374 0.2807 0.5030 0.3972 0.2200 0.1474 0.1488 0.4045 0.5118 0.3144 0.1837 0.1380 0.1967 0.4741 0.4623 0.2571 0.1610 0.1385 0.3088 0.5074 0.3862 0.2164 0.1467 0.1491 0.4030 0.5125 0.3192 0.1864 0.1386 0.1855 0.4665 0.4739 0.2656 0.1644 0.1377 0.2868 0.5030 0.4013 0.2237 0.1491 0.1459 0.3863 0.5126
0.3819 0.1447 0.1503 0.2271 0.4080 0.5007 0.2767 0.1375 0.1661 0.2700 0.4795 0.4619 0.1795 0.1391 0.1887 0.3247 0.5134 0.3958 0.1476 0.1478 0.2195 0.3926 0.5056 0.2995 0.1382 0.1624 0.2607 0.4673 0.4709 0.1915 0.1383 0.1850 0.3171 0.5123 0.4019 0.1484 0.1476 0.2203 0.3972 0.5032 0.2825 0.1375 0.1672 0.2759 0.4899 0.4479 0.1642 0.1417 0.2004 0.3447 0.4853 0.3447 0.2004 0.1417 0.1642 0.4479 0.4899 0.2759 0.1672 0.1375 0.2825 0.5032 0.3972 0.2203 0.1476 0.1484 0.4019 0.5123 0.3171 0.1850 0.1383 0.1915 0.4709 0.4673 0.2607 0.1624 0.1382 0.2995 0.5056 0.3926 0.2195 0.1478 0.1476 0.3958 0.5134 0.3247 0.1887 0.1391 0.1795 0.4619 0.4795 0.2700 0.1661 0.1375 0.2767 0.5007 0.4080 0.2271 0.1503 0.1447 0.3819
0.1519 0.1514 0.2305 0.4148 0.4982 0.2666 0.1373 0.1678 0.2744 0.4848 0.4571 0.1744 0.1396 0.1912 0.3302 0.5140 0.3884 0.1462 0.1488 0.2227 0.3992 0.5036 0.2899 0.1378 0.1639 0.2646 0.4727 0.4672 0.1860 0.1386 0.1867 0.3207 0.5129 0.3983 0.1477 0.1480 0.2212 0.3985 0.5030 0.2825 0.1375 0.1669 0.2746 0.4883 0.4501 0.1658 0.1414 0.2001 0.3530 0.5129 0.4545 0.5129 0.3530 0.2001 0.1414 0.1658 0.4501 0.4883 0.2746 0.1669 0.1375 0.2825 0.5030 0.3985 0.2212 0.1480 0.1477 0.3983 0.5129 0.3207 0.1867 0.1386 0.1860 0.4672 0.4727 0.2646 0.1639 0.1378 0.2899 0.5036 0.3992 0.2227 0.1488 0.1462 0.3884 0.5140 0.3302 0.1912 0.1396 0.1744 0.4571 0.4848 0.2744 0.1678 0.1373 0.2666 0.4982 0.4148 0.2305 0.1514 0.1519
0.1584 0.2340 0.4216 0.4955 0.2564 0.1372 0.1696 0.2789 0.4897 0.4520 0.1699 0.1402 0.1936 0.3360 0.5142 0.3808 0.1450 0.1499 0.2261 0.4059 0.5014 0.2800 0.1376 0.1656 0.2687 0.4781 0.4629 0.1806 0.1390 0.1886 0.3248 0.5135 0.3937 0.1469 0.1485 0.2226 0.4008 0.5024 0.2807 0.1375 0.1669 0.2742 0.4874 0.4515 0.1670 0.1411 0.1991 0.3523 0.5131 0.3664 0.1711 0.3664 0.5131 0.3523 0.1991 0.1411 0.1670 0.4515 0.4874 0.2742 0.1669 0.1375 0.2807 0.5024 0.4008 0.2226 0.1485 0.1469 0.3937 0.5135 0.3248 0.1886 0.1390 0.1806 0.4629 0.4781 0.2687 0.1656 0.1376 0.2800 0.5014 0.4059 0.2261 0.1499 0.1450 0.3808 0.5142 0.3360 0.1936 0.1402 0.1699 0.4520 0.4897 0.2789 0.1696 0.1372 0.2564 0.4955 0.4216 0.2340 0.1584
0.2389 0.4284 0.4927 0.2464 0.1371 0.1715 0.2835 0.4942 0.4468 0.1661 0.1408 0.1962 0.3418 0.5142 0.3729 0.1439 0.1511 0.2294 0.4126 0.4990 0.2699 0.1373 0.1672 0.2729 0.4832 0.4584 0.1756 0.1395 0.1908 0.3296 0.5139 0.3881 0.1460 0.1492 0.2245 0.4042 0.5014 0.2771 0.1374 0.1672 0.2746 0.4874 0.4519 0.1677 0.1410 0.1983 0.3504 0.5134 0.3529 0.1419 0.1381 0.1419 0.3529 0.5134 0.3504 0.1983 0.1410 0.1677 0.4519 0.4874 0.2746 0.1672 0.1374 0.2771 0.5014 0.4042 0.2245 0.1492 0.1460 0.3881 0.5139 0.3296 0.1908 0.1395 0.1756 0.4584 0.4832 0.2729 0.1672 0.1373 0.2699 0.4990 0.4126 0.2294 0.1511 0.1439 0.3729 0.5142 0.3418 0.1962 0.1408 0.1661 0.4468 0.4942 0.2835 0.1715 0.1371 0.2464 0.4927 0.4284 0.2389
0.4302 0.4896 0.2364 0.1371 0.1734 0.2882 0.4982 0.4413 0.1628 0.1415 0.1988 0.3477 0.5140 0.3648 0.1429 0.1523 0.2329 0.4194 0.4964 0.2598 0.1372 0.1690 0.2773 0.4881 0.4537 0.1712 0.1400 0.1931 0.3349 0.5142 0.3815 0.1450 0.1500 0.2268 0.4084 0.5001 0.2720 0.1373 0.1678 0.2759 0.4883 0.4515 0.1677 0.1409 0.1978 0.3490 0.5136 0.3528 0.1412 0.1515 0.1902 0.1515 0.1412 0.3528 0.5136 0.3490 0.1978 0.1409 0.1677 0.4515 0.4883 0.2759 0.1678 0.1373 0.2720 0.5001 0.4084 0.2268 0.1500 0.1450 0.3815 0.5142 0.3349 0.1931 0.1400 0.1712 0.4537 0.4881 0.2773 0.1690 0.1372 0.2598 0.4964 0.4194 0.2329 0.1523 0.1429 0.3648 0.5140 0.3477 0.1988 0.1415 0.1628 0.4413 0.4982 0.2882 0.1734 0.1371 0.2364 0.4896 0.4302
0.4875 0.2268 0.1372 0.1754 0.2930 0.5017 0.4357 0.1598 0.1423 0.2015 0.3537 0.5135 0.3563 0.1419 0.1535 0.2364 0.4261 0.4937 0.2498 0.1371 0.1708 0.2819 0.4927 0.4486 0.1673 0.1406 0.1955 0.3403 0.5143 0.3744 0.1440 0.1510 0.2295 0.4134 0.4984 0.2657 0.1373 0.1687 0.2778 0.4899 0.4501 0.1670 0.1410 0.1978 0.3485 0.5137 0.3542 0.1413 0.1547 0.2343 0.3364 0.2343 0.1547 0.1413 0.3542 0.5137 0.3485 0.1978 0.1410 0.1670 0.4501 0.4899 0.2778 0.1687 0.1373 0.2657 0.4984 0.4134 0.2295 0.1510 0.1440 0.3744 0.5143 0.3403 0.1955 0.1406 0.1673 0.4486 0.4927 0.2819 0.1708 0.1371 0.2498 0.4937 0.4261 0.2364 0.1535 0.1419 0.3563 0.5135 0.3537 0.2015 0.1423 0.1598 0.4357 0.5017 0.2930 0.1754 0.1372 0.2268 0.4875
0.2240 0.1373 0.1774 0.2979 0.5047 0.4298 0.1572 0.1431 0.2042 0.3598 0.5127 0.3477 0.1411 0.1548 0.2401 0.4328 0.4907 0.2399 0.1371 0.1727 0.2865 0.4968 0.4432 0.1639 0.1413 0.1980 0.3459 0.5141 0.3668 0.1431 0.1521 0.2325 0.4190 0.4964 0.2583 0.1372 0.1699 0.2803 0.4922 0.4479 0.1658 0.1411 0.1983 0.3490 0.5137 0.3548 0.1413 0.1550 0.2415 0.4268 0.5124 0.4268 0.2415 0.1550 0.1413 0.3548 0.5137 0.3490 0.1983 0.1411 0.1658 0.4479 0.4922 0.2803 0.1699 0.1372 0.2583 0.4964 0.4190 0.2325 0.1521 0.1431 0.3668 0.5141 0.3459 0.1980 0.1413 0.1639 0.4432 0.4968 0.2865 0.1727 0.1371 0.2399 0.4907 0.4328 0.2401 0.1548 0.1411 0.3477 0.5127 0.3598 0.2042 0.1431 0.1572 0.4298 0.5047 0.2979 0.1774 0.1373 0.2240
0.1455 0.1795 0.3029 0.5072 0.4237 0.1550 0.1439 0.2070 0.3659 0.5118 0.3390 0.1404 0.1561 0.2437 0.4394 0.4876 0.2303 0.1372 0.1746 0.2912 0.5005 0.4377 0.1608 0.1420 0.2005 0.3516 0.5137 0.3590 0.1422 0.1532 0.2356 0.4249 0.4940 0.2503 0.1371 0.1711 0.2833 0.4947 0.4450 0.1642 0.1414 0.1991 0.3504 0.5136 0.3542 0.1413 0.1551 0.2425 0.4384 0.4911 0.3736 0.4911 0.4384 0.2425 0.1551 0.1413 0.3542 0.5136 0.3504 0.1991 0.1414 0.1642 0.4450 0.4947 0.2833 0.1711 0.1371 0.2503 0.4940 0.4249 0.2356 0.1532 0.1422 0.3590 0.5137 0.3516 0.2005 0.1420 0.1608 0.4377 0.5005 0.2912 0.1746 0.1372 0.2303 0.4876 0.4394 0.2437 0.1561 0.1404 0.3390 0.5118 0.3659 0.2070 0.1439 0.1550 0.4237 0.5072 0.3029 0.1795 0.1455
0.1852 0.3075 0.5091 0.4179 0.1530 0.1446 0.2096 0.3716 0.5107 0.3307 0.1397 0.1573 0.2471 0.4454 0.4844 0.2218 0.1372 0.1764 0.2956 0.5034 0.4325 0.1583 0.1427 0.2030 0.3571 0.5130 0.3514 0.1414 0.1542 0.2387 0.4305 0.4916 0.2425 0.1371 0.1724 0.2864 0.4971 0.4419 0.1625 0.1417 0.2001 0.3523 0.5134 0.3528 0.1413 0.1550 0.2425 0.4399 0.4865 0.2424 0.1408 0.2424 0.4865 0.4399 0.2425 0.1550 0.1413 0.3528 0.5134 0.3523 0.2001 0.1417 0.1625 0.4419 0.4971 0.2864 0.1724 0.1371 0.2425 0.4916 0.4305 0.2387 0.1542 0.1414 0.3514 0.5130 0.3571 0.2030 0.1427 0.1583 0.4325 0.5034 0.2956 0.1764 0.1372 0.2218 0.4844 0.4454 0.2471 0.1573 0.1397 0.3307 0.5107 0.3716 0.2096 0.1446 0.1530 0.4179 0.5091 0.3075 0.1852
0.3088 0.5100 0.4141 0.1518 0.1450 0.2112 0.3753 0.5097 0.3253 0.1392 0.1580 0.2493 0.4491 0.4822 0.2163 0.1372 0.1774 0.2985 0.5049 0.4290 0.1568 0.1430 0.2044 0.3606 0.5124 0.3464 0.1408 0.1548 0.2406 0.4340 0.4898 0.2374 0.1369 0.1731 0.2883 0.4984 0.4400 0.1615 0.1417 0.2004 0.3530 0.5131 0.3529 0.1412 0.1547 0.2415 0.4384 0.4865 0.2268 0.1360 0.1488 0.1360 0.2268 0.4865 0.4384 0.2415 0.1547 0.1412 0.3529 0.5131 0.3530 0.2004 0.1417 0.1615 0.4400 0.4984 0.2883 0.1731 0.1369 0.2374 0.4898 0.4340 0.2406 0.1548 0.1408 0.3464 0.5124 0.3606 0.2044 0.1430 0.1568 0.4290 0.5049 0.2985 0.1774 0.1372 0.2163 0.4822 0.4491 0.2493 0.1580 0.1392 0.3253 0.5097 0.3753 0.2112 0.1450 0.1518 0.4141 0.5100 0.3088
0.5043 0.4214 0.1534 0.1431 0.2068 0.3688 0.5101 0.3359 0.1392 0.1554 0.2443 0.4422 0.4850 0.2268 0.1362 0.1740 0.2928 0.5012 0.4351 0.1591 0.1412 0.2002 0.3543 0.5122 0.3564 0.1410 0.1523 0.2356 0.4270 0.4921 0.2491 0.1361 0.1698 0.2824 0.4934 0.4464 0.1654 0.1399 0.1956 0.3447 0.5129 0.3664 0.1419 0.1515 0.2343 0.4268 0.4911 0.2424 0.1360 0.1669 0.2209 0.1669 0.1360 0.2424 0.4911 0.4268 0.2343 0.1515 0.1419 0.3664 0.5129 0.3447 0.1956 0.1399 0.1654 0.4464 0.4934 0.2824 0.1698 0.1361 0.2491 0.4921 0.4270 0.2356 0.1523 0.1410 0.3564 0.5122 0.3543 0.2002 0.1412 0.1591 0.4351 0.5012 0.2928 0.1740 0.1362 0.2268 0.4850 0.4422 0.2443 0.1554 0.1392 0.3359 0.5101 0.3688 0.2068 0.1431 0.1534 0.4214 0.5043
0.4845 0.2270 0.1353 0.1723 0.2911 0.5013 0.4345 0.1575 0.1402 0.1983 0.3533 0.5114 0.3565 0.1391 0.1510 0.2335 0.4269 0.4913 0.2507 0.1351 0.1679 0.2798 0.4928 0.4472 0.1654 0.1387 0.1922 0.3393 0.5124 0.3751 0.1413 0.1483 0.2256 0.4120 0.4970 0.2718 0.1352 0.1645 0.2715 0.4853 0.4545 0.1711 0.1381 0.1902 0.3364 0.5124 0.3736 0.1408 0.1488 0.2209 0.3156 0.2209 0.1488 0.1408 0.3736 0.5124 0.3364 0.1902 0.1381 0.1711 0.4545 0.4853 0.2715 0.1645 0.1352 0.2718 0.4970 0.4120 0.2256 0.1483 0.1413 0.3751 0.5124 0.3393 0.1922 0.1387 0.1654 0.4472 0.4928 0.2798 0.1679 0.1351 0.2507 0.4913 0.4269 0.2335 0.1510 0.1391 0.3565 0.5114 0.3533 0.1983 0.1402 0.1575 0.4345 0.5013 0.2911 0.1723 0.1353 0.2270 0.4845
0.5043 0.4214 0.1534 0.1431 0.2068 0.3688 0.5101 0.3359 0.1392 0.1554 0.2443 0.4422 0.4850 0.2268 0.1362 0.1740 0.2928 0.5012 0.4351 0.1591 0.1412 0.2002 0.3543 0.5122 0.3564 0.1410 0.1523 0.2356 0.4270 0.4921 0.2491 0.1361 0.1698 0.2824 0.4934 0.4464 0.1654 0.1399 0.1956 0.3447 0.5129 0.3664 0.1419 0.1515 0.2343 0.4268 0.4911 0.2424 0.1360 0.1669 0.2209 0.1669 0.1360 0.2424 0.4911 0.4268 0.2343 0.1515 0.1419 0.3664 0.5129 0.3447 0.1956 0.1399 0.1654 0.4464 0.4934 0.2824 0.1698 0.1361 0.2491 0.4921 0.4270 0.2356 0.1523 0.1410 0.3564 0.5122 0.3543 0.2002 0.1412 0.1591 0.4351 0.5012 0.2928 0.1740 0.1362 0.2268 0.4850 0.4422 0.2443 0.1554 0.1392 0.3359 0.5101 0.3688 0.2068 0.1431 0.1534 0.4214 0.5043
0.3088 0.5100 0.4141 0.1518 0.1450 0.2112 0.3753 0.5097 0.3253 0.1392 0.1580 0.2493 0.4491 0.4822 0.2163 0.1372 0.1774 0.2985 0.5049 0.4290 0.1568 0.1430 0.2044 0.3606 0.5124 0.3464 0.1408 0.1548 0.2406 0.4340 0.4898 0.2374 0.1369 0.1731 0.2883 0.4984 0.4400 0.1615 0.1417 0.2004 0.3530 0.5131 0.3529 0.1412 0.1547 0.2415 0.4384 0.4865 0.2268 0.1360 0.1488 0.1360 0.2268 0.4865 0.4384 0.2415 0.1547 0.1412 0.3529 0.5131 0.3530 0.2004 0.1417 0.1615 0.4400 0.4984 0.2883 0.1731 0.1369 0.2374 0.4898 0.4340 0.2406 0.1548 0.1408 0.3464 0.5124 0.3606 0.2044 0.1430 0.1568 0.4290 0.5049 0.2985 0.1774 0.1372 0.2163 0.4822 0.4491 0.2493 0.1580 0.1392 0.3253 0.5097 0.3753 0.2112 0.1450 0.1518 0.4141 0.5100 0.3088
0.1852 0.3075 0.5091 0.4179 0.1530 0.1446 0.2096 0.3716 0.5107 0.3307 0.1397 0.1573 0.2471 0.4454 0.4844 0.2218 0.1372 0.1764 0.2956 0.5034 0.4325 0.1583 0.1427 0.2030 0.3571 0.5130 0.3514 0.1414 0.1542 0.2387 0.4305 0.4916 0.2425 0.1371 0.1724 0.2864 0.4971 0.4419 0.1625 0.1417 0.2001 0.3523 0.5134 0.3528 0.1413 0.1550 0.2425 0.4399 0.4865 0.2424 0.1408 0.2424 0.4865 0.4399 0.2425 0.1550 0.1413 0.3528 0.5134 0.3523 0.2001 0.1417 0.1625 0.4419 0.4971 0.2864 0.1724 0.1371 0.2425 0.4916 0.4305 0.2387 0.1542 0.1414 0.3514 0.5130 0.3571 0.2030 0.1427 0.1583 0.4325 0.5034 0.2956 0.1764 0.1372 0.2218 0.4844 0.4454 0.2471 0.1573 0.1397 0.3307 0.5107 0.3716 0.2096 0.1446 0.1530 0.4179 0.5091 0.3075 0.1852
0.1455 0.1795 0.3029 0.5072 0.4237 0.1550 0.1439 0.2070 0.3659 0.5118 0.3390 0.1404 0.1561 0.2437 0.4394 0.4876 0.2303 0.1372 0.1746 0.2912 0.5005 0.4377 0.1608 0.1420 0.2005 0.3516 0.5137 0.3590 0.1422 0.1532 0.2356 0.4249 0.4940 0.2503 0.1371 0.1711 0.2833 0.4947 0.4450 0.1642 0.1414 0.1991 0.3504 0.5136 0.3542 0.1413 0.1551 0.2425 0.4384 0.4911 0.3736 0.4911 0.4384 0.2425 0.1551 0.1413 0.3542 0.5136 0.3504 0.1991 0.1414 0.1642 0.4450 0.4947 0.2833 0.1711 0.1371 0.2503 0.4940 0.4249 0.2356 0.1532 0.1422 0.3590 0.5137 0.3516 0.2005 0.1420 0.1608 0.4377 0.5005 0.2912 0.1746 0.1372 0.2303 0.4876 0.4394 0.2437 0.1561 0.1404 0.3390 0.5118 0.3659 0.2070 0.1439 0.1550 0.4237 0.5072 0.3029 0.1795 0.1455
0.2240 0.1373 0.1774 0.2979 0.5047 0.4298 0.1572 0.1431 0.2042 0.3598 0.5127 0.3477 0.1411 0.1548 0.2401 0.4328 0.4907 0.2399 0.1371 0.1727 0.2865 0.4968 0.4432 0.1639 0.1413 0.1980 0.3459 0.5141 0.3668 0.1431 0.1521 0.2325 0.4190 0.4964 0.2583 0.1372 0.1699 0.2803 0.4922 0.4479 0.1658 0.1411 0.1983 0.3490 0.5137 0.3548 0.1413 0.1550 0.2415 0.4268 0.5124 0.4268 0.2415 0.1550 0.1413 0.3548 0.5137 0.3490 0.1983 0.1411 0.1658 0.4479 0.4922 0.2803 0.1699 0.1372 0.2583 0.4964 0.4190 0.2325 0.1521 0.1431 0.3668 0.5141 0.3459 0.1980 0.1413 0.1639 0.4432 0.4968 0.2865 0.1727 0.1371 0.2399 0.4907 0.4328 0.2401 0.1548 0.1411 0.3477 0.5127 0.3598 0.2042 0.1431 0.1572 0.4298 0.5047 0.2979 0.1774 0.1373 0.2240
