1.0000 0.0001 0.0008 0.0098 0.1275 1.0000 1.0000 0.0002 0.0025 0.0327 0.4249 1.0000 0.0000 0.0006 0.0084 0.1087 1.0000 1.0000 0.0002 0.0021 0.0278 0.3615 1.0000 1.0000 0.0005 0.0071 0.0925 1.0000 1.0000 0.0001 0.0018 0.0237 0.3081 1.0000 1.0000 0.0005 0.0061 0.0788 1.0000 1.0000 0.0001 0.0015 0.0202 0.2616 1.0000 1.0000 0.0004 0.0051 0.0642 0.7224 1.0000 0.7224 0.0642 0.0051 0.0004 1.0000 1.0000 0.2616 0.0202 0.0015 0.0001 1.0000 1.0000 0.0788 0.0061 0.0005 1.0000 1.0000 0.3081 0.0237 0.0018 0.0001 1.0000 1.0000 0.0925 0.0071 0.0005 1.0000 1.0000 0.3615 0.0278 0.0021 0.0002 1.0000 1.0000 0.1087 0.0084 0.0006 0.0000 1.0000 0.4249 0.0327 0.0025 0.0002 1.0000 1.0000 0.1275 0.0098 0.0008 0.0001 1.0000
0.0001 0.0008 0.0098 0.1270 1.0000 1.0000 0.0002 0.0025 0.0322 0.4185 1.0000 1.0000 0.0006 0.0082 0.1070 1.0000 1.0000 0.0002 0.0021 0.0274 0.3561 1.0000 1.0000 0.0005 0.0070 0.0912 1.0000 1.0000 0.0001 0.0018 0.0233 0.3035 1.0000 1.0000 0.0005 0.0060 0.0776 1.0000 1.0000 0.0001 0.0015 0.0198 0.2582 1.0000 1.0000 0.0004 0.0051 0.0653 0.8237 1.0000 1.0000 1.0000 0.8237 0.0653 0.0051 0.0004 1.0000 1.0000 0.2582 0.0198 0.0015 0.0001 1.0000 1.0000 0.0776 0.0060 0.0005 1.0000 1.0000 0.3035 0.0233 0.0018 0.0001 1.0000 1.0000 0.0912 0.0070 0.0005 1.0000 1.0000 0.3561 0.0274 0.0021 0.0002 1.0000 1.0000 0.1070 0.0082 0.0006 1.0000 1.0000 0.4185 0.0322 0.0025 0.0002 1.0000 1.0000 0.1270 0.0098 0.0008 0.0001
0.0008 0.0098 0.1237 1.0000 1.0000 0.0002 0.0023 0.0301 0.3908 1.0000 1.0000 0.0006 0.0077 0.0998 1.0000 1.0000 0.0002 0.0020 0.0255 0.3319 1.0000 1.0000 0.0005 0.0065 0.0849 1.0000 1.0000 0.0001 0.0017 0.0217 0.2829 1.0000 1.0000 0.0004 0.0056 0.0723 0.9410 1.0000 0.0001 0.0014 0.0185 0.2406 1.0000 1.0000 0.0004 0.0047 0.0613 0.7914 1.0000 0.0001 0.0004 0.0001 1.0000 0.7914 0.0613 0.0047 0.0004 1.0000 1.0000 0.2406 0.0185 0.0014 0.0001 1.0000 0.9410 0.0723 0.0056 0.0004 1.0000 1.0000 0.2829 0.0217 0.0017 0.0001 1.0000 1.0000 0.0849 0.0065 0.0005 1.0000 1.0000 0.3319 0.0255 0.0020 0.0002 1.0000 1.0000 0.0998 0.0077 0.0006 1.0000 1.0000 0.3908 0.0301 0.0023 0.0002 1.0000 1.0000 0.1237 0.0098 0.0008
0.0098 0.1270 1.0000 1.0000 0.0002 0.0022 0.0285 0.3678 1.0000 1.0000 0.0006 0.0071 0.0930 1.0000 1.0000 0.0001 0.0018 0.0238 0.3093 1.0000 1.0000 0.0005 0.0061 0.0791 1.0000 1.0000 0.0001 0.0016 0.0203 0.2636 1.0000 1.0000 0.0004 0.0052 0.0674 0.8770 1.0000 0.0001 0.0013 0.0172 0.2243 1.0000 1.0000 0.0003 0.0044 0.0573 0.7419 1.0000 0.0001 0.0009 0.0045 0.0009 0.0001 1.0000 0.7419 0.0573 0.0044 0.0003 1.0000 1.0000 0.2243 0.0172 0.0013 0.0001 1.0000 0.8770 0.0674 0.0052 0.0004 1.0000 1.0000 0.2636 0.0203 0.0016 0.0001 1.0000 1.0000 0.0791 0.0061 0.0005 1.0000 1.0000 0.3093 0.0238 0.0018 0.0001 1.0000 1.0000 0.0930 0.0071 0.0006 1.0000 1.0000 0.3678 0.0285 0.0022 0.0002 1.0000 1.0000 0.1270 0.0098
0.1275 1.0000 1.0000 0.0002 0.0022 0.0276 0.3527 1.0000 1.0000 0.0005 0.0067 0.0870 1.0000 1.0000 0.0001 0.0017 0.0222 0.2883 1.0000 1.0000 0.0004 0.0057 0.0737 0.9590 1.0000 0.0001 0.0015 0.0189 0.2457 1.0000 1.0000 0.0004 0.0048 0.0628 0.8174 1.0000 0.0001 0.0012 0.0161 0.2090 1.0000 1.0000 0.0003 0.0041 0.0534 0.6928 1.0000 0.0001 0.0010 0.0114 0.0547 0.0114 0.0010 0.0001 1.0000 0.6928 0.0534 0.0041 0.0003 1.0000 1.0000 0.2090 0.0161 0.0012 0.0001 1.0000 0.8174 0.0628 0.0048 0.0004 1.0000 1.0000 0.2457 0.0189 0.0015 0.0001 1.0000 0.9590 0.0737 0.0057 0.0004 1.0000 1.0000 0.2883 0.0222 0.0017 0.0001 1.0000 1.0000 0.0870 0.0067 0.0005 1.0000 1.0000 0.3527 0.0276 0.0022 0.0002 1.0000 1.0000 0.1275
1.0000 1.0000 0.0002 0.0022 0.0276 0.3467 1.0000 1.0000 0.0005 0.0063 0.0819 1.0000 1.0000 0.0001 0.0016 0.0207 0.2687 1.0000 1.0000 0.0004 0.0053 0.0687 0.8939 1.0000 0.0001 0.0014 0.0176 0.2290 1.0000 1.0000 0.0003 0.0045 0.0586 0.7619 1.0000 0.0001 0.0012 0.0150 0.1948 1.0000 1.0000 0.0003 0.0038 0.0497 0.6457 1.0000 0.0001 0.0010 0.0122 0.1378 0.6631 0.1378 0.0122 0.0010 0.0001 1.0000 0.6457 0.0497 0.0038 0.0003 1.0000 1.0000 0.1948 0.0150 0.0012 0.0001 1.0000 0.7619 0.0586 0.0045 0.0003 1.0000 1.0000 0.2290 0.0176 0.0014 0.0001 1.0000 0.8939 0.0687 0.0053 0.0004 1.0000 1.0000 0.2687 0.0207 0.0016 0.0001 1.0000 1.0000 0.0819 0.0063 0.0005 1.0000 1.0000 0.3467 0.0276 0.0022 0.0002 1.0000 1.0000
1.0000 0.0002 0.0023 0.0285 0.3527 1.0000 1.0000 0.0005 0.0061 0.0782 1.0000 1.0000 0.0001 0.0015 0.0193 0.2509 1.0000 1.0000 0.0004 0.0049 0.0640 0.8331 1.0000 0.0001 0.0013 0.0164 0.2135 1.0000 1.0000 0.0003 0.0042 0.0546 0.7101 1.0000 0.0001 0.0011 0.0140 0.1816 1.0000 1.0000 0.0003 0.0036 0.0464 0.6030 1.0000 0.0001 0.0009 0.0117 0.1479 1.0000 1.0000 1.0000 0.1479 0.0117 0.0009 0.0001 1.0000 0.6030 0.0464 0.0036 0.0003 1.0000 1.0000 0.1816 0.0140 0.0011 0.0001 1.0000 0.7101 0.0546 0.0042 0.0003 1.0000 1.0000 0.2135 0.0164 0.0013 0.0001 1.0000 0.8331 0.0640 0.0049 0.0004 1.0000 1.0000 0.2509 0.0193 0.0015 0.0001 1.0000 1.0000 0.0782 0.0061 0.0005 1.0000 1.0000 0.3527 0.0285 0.0023 0.0002 1.0000
0.0002 0.0025 0.0301 0.3678 1.0000 1.0000 0.0005 0.0060 0.0763 0.9719 1.0000 0.0001 0.0014 0.0182 0.2357 1.0000 1.0000 0.0004 0.0046 0.0597 0.7765 1.0000 0.0001 0.0012 0.0153 0.1990 1.0000 1.0000 0.0003 0.0039 0.0509 0.6619 1.0000 0.0001 0.0010 0.0130 0.1693 1.0000 1.0000 0.0003 0.0033 0.0432 0.5620 1.0000 0.0001 0.0008 0.0110 0.1418 1.0000 1.0000 0.0001 1.0000 1.0000 0.1418 0.0110 0.0008 0.0001 1.0000 0.5620 0.0432 0.0033 0.0003 1.0000 1.0000 0.1693 0.0130 0.0010 0.0001 1.0000 0.6619 0.0509 0.0039 0.0003 1.0000 1.0000 0.1990 0.0153 0.0012 0.0001 1.0000 0.7765 0.0597 0.0046 0.0004 1.0000 1.0000 0.2357 0.0182 0.0014 0.0001 1.0000 0.9719 0.0763 0.0060 0.0005 1.0000 1.0000 0.3678 0.0301 0.0025 0.0002
0.0025 0.0322 0.3908 1.0000 1.0000 0.0005 0.0061 0.0763 0.9590 1.0000 0.0001 0.0014 0.0173 0.2230 1.0000 1.0000 0.0003 0.0043 0.0557 0.7251 1.0000 0.0001 0.0011 0.0143 0.1854 1.0000 1.0000 0.0003 0.0036 0.0474 0.6169 1.0000 0.0001 0.0009 0.0121 0.1578 1.0000 1.0000 0.0002 0.0031 0.0403 0.5238 1.0000 0.0001 0.0008 0.0103 0.1332 1.0000 1.0000 0.0002 0.0008 0.0002 1.0000 1.0000 0.1332 0.0103 0.0008 0.0001 1.0000 0.5238 0.0403 0.0031 0.0002 1.0000 1.0000 0.1578 0.0121 0.0009 0.0001 1.0000 0.6169 0.0474 0.0036 0.0003 1.0000 1.0000 0.1854 0.0143 0.0011 0.0001 1.0000 0.7251 0.0557 0.0043 0.0003 1.0000 1.0000 0.2230 0.0173 0.0014 0.0001 1.0000 0.9590 0.0763 0.0061 0.0005 1.0000 1.0000 0.3908 0.0322 0.0025
0.0327 0.4185 1.0000 1.0000 0.0005 0.0063 0.0782 0.9719 1.0000 0.0001 0.0013 0.0168 0.2147 1.0000 1.0000 0.0003 0.0040 0.0523 0.6771 1.0000 0.0001 0.0010 0.0133 0.1728 1.0000 1.0000 0.0003 0.0034 0.0442 0.5750 1.0000 0.0001 0.0009 0.0113 0.1470 1.0000 1.0000 0.0002 0.0029 0.0376 0.4882 1.0000 0.0001 0.0007 0.0096 0.1244 1.0000 1.0000 0.0002 0.0020 0.0098 0.0020 0.0002 1.0000 1.0000 0.1244 0.0096 0.0007 0.0001 1.0000 0.4882 0.0376 0.0029 0.0002 1.0000 1.0000 0.1470 0.0113 0.0009 0.0001 1.0000 0.5750 0.0442 0.0034 0.0003 1.0000 1.0000 0.1728 0.0133 0.0010 0.0001 1.0000 0.6771 0.0523 0.0040 0.0003 1.0000 1.0000 0.2147 0.0168 0.0013 0.0001 1.0000 0.9719 0.0782 0.0063 0.0005 1.0000 1.0000 0.4185 0.0327
0.4249 1.0000 1.0000 0.0006 0.0067 0.0819 1.0000 1.0000 0.0001 0.0013 0.0166 0.2102 1.0000 1.0000 0.0003 0.0038 0.0495 0.6384 1.0000 0.0001 0.0010 0.0124 0.1611 1.0000 1.0000 0.0002 0.0032 0.0412 0.5359 1.0000 0.0001 0.0008 0.0105 0.1371 1.0000 1.0000 0.0002 0.0027 0.0350 0.4550 1.0000 0.0001 0.0007 0.0089 0.1159 1.0000 1.0000 0.0002 0.0022 0.0247 0.1191 0.0247 0.0022 0.0002 1.0000 1.0000 0.1159 0.0089 0.0007 0.0001 1.0000 0.4550 0.0350 0.0027 0.0002 1.0000 1.0000 0.1371 0.0105 0.0008 0.0001 1.0000 0.5359 0.0412 0.0032 0.0002 1.0000 1.0000 0.1611 0.0124 0.0010 0.0001 1.0000 0.6384 0.0495 0.0038 0.0003 1.0000 1.0000 0.2102 0.0166 0.0013 0.0001 1.0000 1.0000 0.0819 0.0067 0.0006 1.0000 1.0000 0.4249
1.0000 1.0000 0.0006 0.0071 0.0870 1.0000 1.0000 0.0001 0.0014 0.0168 0.2102 1.0000 1.0000 0.0003 0.0037 0.0473 0.6076 1.0000 0.0001 0.0009 0.0116 0.1504 1.0000 1.0000 0.0002 0.0030 0.0384 0.4995 1.0000 0.0001 0.0008 0.0098 0.1277 1.0000 1.0000 0.0002 0.0025 0.0327 0.4249 1.0000 1.0000 0.0006 0.0083 0.1081 1.0000 1.0000 0.0002 0.0021 0.0265 0.3000 1.0000 0.3000 0.0265 0.0021 0.0002 1.0000 1.0000 0.1081 0.0083 0.0006 1.0000 1.0000 0.4249 0.0327 0.0025 0.0002 1.0000 1.0000 0.1277 0.0098 0.0008 0.0001 1.0000 0.4995 0.0384 0.0030 0.0002 1.0000 1.0000 0.1504 0.0116 0.0009 0.0001 1.0000 0.6076 0.0473 0.0037 0.0003 1.0000 1.0000 0.2102 0.0168 0.0014 0.0001 1.0000 1.0000 0.0870 0.0071 0.0006 1.0000 1.0000
0.0000 0.0006 0.0077 0.0930 1.0000 1.0000 0.0001 0.0014 0.0173 0.2147 1.0000 1.0000 0.0003 0.0036 0.0460 0.5860 1.0000 0.0001 0.0008 0.0109 0.1416 1.0000 1.0000 0.0002 0.0028 0.0358 0.4656 1.0000 0.0001 0.0007 0.0092 0.1191 1.0000 1.0000 0.0002 0.0023 0.0304 0.3961 1.0000 1.0000 0.0006 0.0078 0.1009 1.0000 1.0000 0.0002 0.0020 0.0255 0.3213 1.0000 1.0000 1.0000 0.3213 0.0255 0.0020 0.0002 1.0000 1.0000 0.1009 0.0078 0.0006 1.0000 1.0000 0.3961 0.0304 0.0023 0.0002 1.0000 1.0000 0.1191 0.0092 0.0007 0.0001 1.0000 0.4656 0.0358 0.0028 0.0002 1.0000 1.0000 0.1416 0.0109 0.0008 0.0001 1.0000 0.5860 0.0460 0.0036 0.0003 1.0000 1.0000 0.2147 0.0173 0.0014 0.0001 1.0000 1.0000 0.0930 0.0077 0.0006 0.0000
0.0006 0.0082 0.0998 1.0000 1.0000 0.0001 0.0015 0.0182 0.2230 1.0000 1.0000 0.0003 0.0036 0.0456 0.5750 1.0000 0.0001 0.0008 0.0104 0.1342 1.0000 1.0000 0.0002 0.0026 0.0334 0.4339 1.0000 1.0000 0.0007 0.0085 0.1110 1.0000 1.0000 0.0002 0.0022 0.0284 0.3692 1.0000 1.0000 0.0006 0.0072 0.0940 1.0000 1.0000 0.0001 0.0018 0.0239 0.3087 1.0000 1.0000 0.0001 1.0000 1.0000 0.3087 0.0239 0.0018 0.0001 1.0000 1.0000 0.0940 0.0072 0.0006 1.0000 1.0000 0.3692 0.0284 0.0022 0.0002 1.0000 1.0000 0.1110 0.0085 0.0007 1.0000 1.0000 0.4339 0.0334 0.0026 0.0002 1.0000 1.0000 0.1342 0.0104 0.0008 0.0001 1.0000 0.5750 0.0456 0.0036 0.0003 1.0000 1.0000 0.2230 0.0182 0.0015 0.0001 1.0000 1.0000 0.0998 0.0082 0.0006
0.0084 0.1070 1.0000 1.0000 0.0001 0.0016 0.0193 0.2357 1.0000 1.0000 0.0003 0.0037 0.0460 0.5750 1.0000 0.0001 0.0008 0.0101 0.1290 1.0000 1.0000 0.0002 0.0024 0.0314 0.4068 1.0000 1.0000 0.0006 0.0080 0.1034 1.0000 1.0000 0.0002 0.0020 0.0265 0.3441 1.0000 1.0000 0.0005 0.0068 0.0877 1.0000 1.0000 0.0001 0.0017 0.0223 0.2894 1.0000 1.0000 0.0004 0.0018 0.0004 1.0000 1.0000 0.2894 0.0223 0.0017 0.0001 1.0000 1.0000 0.0877 0.0068 0.0005 1.0000 1.0000 0.3441 0.0265 0.0020 0.0002 1.0000 1.0000 0.1034 0.0080 0.0006 1.0000 1.0000 0.4068 0.0314 0.0024 0.0002 1.0000 1.0000 0.1290 0.0101 0.0008 0.0001 1.0000 0.5750 0.0460 0.0037 0.0003 1.0000 1.0000 0.2357 0.0193 0.0016 0.0001 1.0000 1.0000 0.1070 0.0084
0.1087 1.0000 1.0000 0.0001 0.0017 0.0207 0.2509 1.0000 1.0000 0.0003 0.0038 0.0473 0.5860 1.0000 0.0001 0.0008 0.0099 0.1256 1.0000 1.0000 0.0002 0.0023 0.0297 0.3835 1.0000 1.0000 0.0006 0.0074 0.0964 1.0000 1.0000 0.0001 0.0019 0.0247 0.3207 1.0000 1.0000 0.0005 0.0063 0.0817 1.0000 1.0000 0.0001 0.0016 0.0208 0.2702 1.0000 1.0000 0.0004 0.0044 0.0214 0.0044 0.0004 1.0000 1.0000 0.2702 0.0208 0.0016 0.0001 1.0000 1.0000 0.0817 0.0063 0.0005 1.0000 1.0000 0.3207 0.0247 0.0019 0.0001 1.0000 1.0000 0.0964 0.0074 0.0006 1.0000 1.0000 0.3835 0.0297 0.0023 0.0002 1.0000 1.0000 0.1256 0.0099 0.0008 0.0001 1.0000 0.5860 0.0473 0.0038 0.0003 1.0000 1.0000 0.2509 0.0207 0.0017 0.0001 1.0000 1.0000 0.1087
1.0000 1.0000 0.0002 0.0018 0.0222 0.2687 1.0000 1.0000 0.0003 0.0040 0.0495 0.6076 1.0000 0.0001 0.0008 0.0099 0.1246 1.0000 1.0000 0.0002 0.0022 0.0284 0.3643 1.0000 1.0000 0.0005 0.0069 0.0902 1.0000 1.0000 0.0001 0.0018 0.0230 0.2989 1.0000 1.0000 0.0005 0.0059 0.0763 0.9905 1.0000 0.0001 0.0015 0.0194 0.2524 1.0000 1.0000 0.0004 0.0048 0.0539 0.2587 0.0539 0.0048 0.0004 1.0000 1.0000 0.2524 0.0194 0.0015 0.0001 1.0000 0.9905 0.0763 0.0059 0.0005 1.0000 1.0000 0.2989 0.0230 0.0018 0.0001 1.0000 1.0000 0.0902 0.0069 0.0005 1.0000 1.0000 0.3643 0.0284 0.0022 0.0002 1.0000 1.0000 0.1246 0.0099 0.0008 0.0001 1.0000 0.6076 0.0495 0.0040 0.0003 1.0000 1.0000 0.2687 0.0222 0.0018 0.0002 1.0000 1.0000
1.0000 0.0002 0.0020 0.0238 0.2883 1.0000 1.0000 0.0004 0.0043 0.0523 0.6384 1.0000 0.0001 0.0008 0.0101 0.1256 1.0000 1.0000 0.0002 0.0022 0.0275 0.3507 1.0000 1.0000 0.0005 0.0066 0.0849 1.0000 1.0000 0.0001 0.0016 0.0214 0.2786 1.0000 1.0000 0.0004 0.0055 0.0711 0.9232 1.0000 0.0001 0.0014 0.0181 0.2352 1.0000 1.0000 0.0004 0.0046 0.0577 0.6531 1.0000 0.6531 0.0577 0.0046 0.0004 1.0000 1.0000 0.2352 0.0181 0.0014 0.0001 1.0000 0.9232 0.0711 0.0055 0.0004 1.0000 1.0000 0.2786 0.0214 0.0016 0.0001 1.0000 1.0000 0.0849 0.0066 0.0005 1.0000 1.0000 0.3507 0.0275 0.0022 0.0002 1.0000 1.0000 0.1256 0.0101 0.0008 0.0001 1.0000 0.6384 0.0523 0.0043 0.0004 1.0000 1.0000 0.2883 0.0238 0.0020 0.0002 1.0000
0.0002 0.0021 0.0255 0.3093 1.0000 1.0000 0.0004 0.0046 0.0557 0.6771 1.0000 0.0001 0.0008 0.0104 0.1290 1.0000 1.0000 0.0002 0.0021 0.0271 0.3428 1.0000 1.0000 0.0005 0.0063 0.0805 1.0000 1.0000 0.0001 0.0015 0.0200 0.2597 1.0000 1.0000 0.0004 0.0051 0.0663 0.8605 1.0000 0.0001 0.0013 0.0169 0.2192 1.0000 1.0000 0.0003 0.0043 0.0554 0.6994 1.0000 1.0000 1.0000 0.6994 0.0554 0.0043 0.0003 1.0000 1.0000 0.2192 0.0169 0.0013 0.0001 1.0000 0.8605 0.0663 0.0051 0.0004 1.0000 1.0000 0.2597 0.0200 0.0015 0.0001 1.0000 1.0000 0.0805 0.0063 0.0005 1.0000 1.0000 0.3428 0.0271 0.0021 0.0002 1.0000 1.0000 0.1290 0.0104 0.0008 0.0001 1.0000 0.6771 0.0557 0.0046 0.0004 1.0000 1.0000 0.3093 0.0255 0.0021 0.0002
0.0021 0.0274 0.3319 1.0000 1.0000 0.0004 0.0049 0.0597 0.7251 1.0000 0.0001 0.0009 0.0109 0.1342 1.0000 1.0000 0.0002 0.0022 0.0271 0.3402 1.0000 1.0000 0.0005 0.0060 0.0770 0.9887 1.0000 0.0001 0.0015 0.0188 0.2434 1.0000 1.0000 0.0004 0.0048 0.0618 0.8036 1.0000 0.0001 0.0012 0.0157 0.2043 1.0000 1.0000 0.0003 0.0040 0.0520 0.6707 1.0000 0.0001 0.0003 0.0001 1.0000 0.6707 0.0520 0.0040 0.0003 1.0000 1.0000 0.2043 0.0157 0.0012 0.0001 1.0000 0.8036 0.0618 0.0048 0.0004 1.0000 1.0000 0.2434 0.0188 0.0015 0.0001 1.0000 0.9887 0.0770 0.0060 0.0005 1.0000 1.0000 0.3402 0.0271 0.0022 0.0002 1.0000 1.0000 0.1342 0.0109 0.0009 0.0001 1.0000 0.7251 0.0597 0.0049 0.0004 1.0000 1.0000 0.3319 0.0274 0.0021
0.0278 0.3561 1.0000 1.0000 0.0004 0.0053 0.0640 0.7765 1.0000 0.0001 0.0010 0.0116 0.1416 1.0000 1.0000 0.0002 0.0022 0.0275 0.3428 1.0000 1.0000 0.0005 0.0059 0.0747 0.9536 1.0000 0.0001 0.0014 0.0178 0.2295 1.0000 1.0000 0.0003 0.0044 0.0577 0.7490 1.0000 0.0001 0.0011 0.0147 0.1908 1.0000 1.0000 0.0003 0.0037 0.0485 0.6299 1.0000 0.0001 0.0008 0.0038 0.0008 0.0001 1.0000 0.6299 0.0485 0.0037 0.0003 1.0000 1.0000 0.1908 0.0147 0.0011 0.0001 1.0000 0.7490 0.0577 0.0044 0.0003 1.0000 1.0000 0.2295 0.0178 0.0014 0.0001 1.0000 0.9536 0.0747 0.0059 0.0005 1.0000 1.0000 0.3428 0.0275 0.0022 0.0002 1.0000 1.0000 0.1416 0.0116 0.0010 0.0001 1.0000 0.7765 0.0640 0.0053 0.0004 1.0000 1.0000 0.3561 0.0278
0.3615 1.0000 1.0000 0.0005 0.0057 0.0687 0.8331 1.0000 0.0001 0.0010 0.0124 0.1504 1.0000 1.0000 0.0002 0.0023 0.0284 0.3507 1.0000 1.0000 0.0005 0.0058 0.0736 0.9321 1.0000 0.0001 0.0013 0.0170 0.2180 1.0000 1.0000 0.0003 0.0042 0.0540 0.7007 1.0000 0.0001 0.0011 0.0137 0.1778 1.0000 1.0000 0.0003 0.0035 0.0452 0.5882 1.0000 0.0001 0.0009 0.0097 0.0464 0.0097 0.0009 0.0001 1.0000 0.5882 0.0452 0.0035 0.0003 1.0000 1.0000 0.1778 0.0137 0.0011 0.0001 1.0000 0.7007 0.0540 0.0042 0.0003 1.0000 1.0000 0.2180 0.0170 0.0013 0.0001 1.0000 0.9321 0.0736 0.0058 0.0005 1.0000 1.0000 0.3507 0.0284 0.0023 0.0002 1.0000 1.0000 0.1504 0.0124 0.0010 0.0001 1.0000 0.8331 0.0687 0.0057 0.0005 1.0000 1.0000 0.3615
1.0000 1.0000 0.0005 0.0061 0.0737 0.8939 1.0000 0.0001 0.0011 0.0133 0.1611 1.0000 1.0000 0.0002 0.0024 0.0297 0.3643 1.0000 1.0000 0.0005 0.0059 0.0736 0.9250 1.0000 0.0001 0.0013 0.0163 0.2090 1.0000 1.0000 0.0003 0.0039 0.0508 0.6569 1.0000 0.0001 0.0010 0.0128 0.1661 1.0000 1.0000 0.0003 0.0032 0.0422 0.5483 1.0000 0.0001 0.0008 0.0104 0.1173 0.5631 0.1173 0.0104 0.0008 0.0001 1.0000 0.5483 0.0422 0.0032 0.0003 1.0000 1.0000 0.1661 0.0128 0.0010 0.0001 1.0000 0.6569 0.0508 0.0039 0.0003 1.0000 1.0000 0.2090 0.0163 0.0013 0.0001 1.0000 0.9250 0.0736 0.0059 0.0005 1.0000 1.0000 0.3643 0.0297 0.0024 0.0002 1.0000 1.0000 0.1611 0.0133 0.0011 0.0001 1.0000 0.8939 0.0737 0.0061 0.0005 1.0000 1.0000
1.0000 0.0005 0.0065 0.0791 0.9590 1.0000 0.0001 0.0012 0.0143 0.1728 1.0000 1.0000 0.0002 0.0026 0.0314 0.3835 1.0000 1.0000 0.0005 0.0060 0.0747 0.9321 1.0000 0.0001 0.0013 0.0160 0.2032 1.0000 1.0000 0.0003 0.0037 0.0482 0.6204 1.0000 0.0001 0.0009 0.0120 0.1554 1.0000 1.0000 0.0002 0.0030 0.0394 0.5120 1.0000 0.0001 0.0008 0.0100 0.1256 1.0000 1.0000 1.0000 0.1256 0.0100 0.0008 0.0001 1.0000 0.5120 0.0394 0.0030 0.0002 1.0000 1.0000 0.1554 0.0120 0.0009 0.0001 1.0000 0.6204 0.0482 0.0037 0.0003 1.0000 1.0000 0.2032 0.0160 0.0013 0.0001 1.0000 0.9321 0.0747 0.0060 0.0005 1.0000 1.0000 0.3835 0.0314 0.0026 0.0002 1.0000 1.0000 0.1728 0.0143 0.0012 0.0001 1.0000 0.9590 0.0791 0.0065 0.0005 1.0000
0.0005 0.0070 0.0849 1.0000 1.0000 0.0001 0.0013 0.0153 0.1854 1.0000 1.0000 0.0002 0.0028 0.0334 0.4068 1.0000 1.0000 0.0005 0.0063 0.0770 0.9536 1.0000 0.0001 0.0013 0.0159 0.2001 1.0000 1.0000 0.0003 0.0036 0.0460 0.5905 1.0000 0.0001 0.0009 0.0112 0.1457 1.0000 1.0000 0.0002 0.0028 0.0368 0.4781 1.0000 0.0001 0.0007 0.0093 0.1204 1.0000 1.0000 0.0001 1.0000 1.0000 0.1204 0.0093 0.0007 0.0001 1.0000 0.4781 0.0368 0.0028 0.0002 1.0000 1.0000 0.1457 0.0112 0.0009 0.0001 1.0000 0.5905 0.0460 0.0036 0.0003 1.0000 1.0000 0.2001 0.0159 0.0013 0.0001 1.0000 0.9536 0.0770 0.0063 0.0005 1.0000 1.0000 0.4068 0.0334 0.0028 0.0002 1.0000 1.0000 0.1854 0.0153 0.0013 0.0001 1.0000 1.0000 0.0849 0.0070 0.0005
0.0071 0.0912 1.0000 1.0000 0.0001 0.0014 0.0164 0.1990 1.0000 1.0000 0.0002 0.0030 0.0358 0.4339 1.0000 1.0000 0.0005 0.0066 0.0805 0.9887 1.0000 0.0001 0.0013 0.0160 0.2001 1.0000 1.0000 0.0003 0.0035 0.0445 0.5674 1.0000 0.0001 0.0008 0.0106 0.1371 1.0000 1.0000 0.0002 0.0027 0.0345 0.4473 1.0000 0.0001 0.0007 0.0087 0.1133 1.0000 1.0000 0.0001 0.0007 0.0001 1.0000 1.0000 0.1133 0.0087 0.0007 0.0001 1.0000 0.4473 0.0345 0.0027 0.0002 1.0000 1.0000 0.1371 0.0106 0.0008 0.0001 1.0000 0.5674 0.0445 0.0035 0.0003 1.0000 1.0000 0.2001 0.0160 0.0013 0.0001 1.0000 0.9887 0.0805 0.0066 0.0005 1.0000 1.0000 0.4339 0.0358 0.0030 0.0002 1.0000 1.0000 0.1990 0.0164 0.0014 0.0001 1.0000 1.0000 0.0912 0.0071
0.0925 1.0000 1.0000 0.0001 0.0015 0.0176 0.2135 1.0000 1.0000 0.0003 0.0032 0.0384 0.4656 1.0000 1.0000 0.0006 0.0069 0.0849 1.0000 1.0000 0.0001 0.0013 0.0163 0.2032 1.0000 1.0000 0.0003 0.0034 0.0435 0.5514 1.0000 0.0001 0.0008 0.0101 0.1302 1.0000 1.0000 0.0002 0.0025 0.0322 0.4185 1.0000 1.0000 0.0006 0.0082 0.1060 1.0000 1.0000 0.0002 0.0017 0.0084 0.0017 0.0002 1.0000 1.0000 0.1060 0.0082 0.0006 1.0000 1.0000 0.4185 0.0322 0.0025 0.0002 1.0000 1.0000 0.1302 0.0101 0.0008 0.0001 1.0000 0.5514 0.0435 0.0034 0.0003 1.0000 1.0000 0.2032 0.0163 0.0013 0.0001 1.0000 1.0000 0.0849 0.0069 0.0006 1.0000 1.0000 0.4656 0.0384 0.0032 0.0003 1.0000 1.0000 0.2135 0.0176 0.0015 0.0001 1.0000 1.0000 0.0925
1.0000 1.0000 0.0001 0.0016 0.0189 0.2290 1.0000 1.0000 0.0003 0.0034 0.0412 0.4995 1.0000 1.0000 0.0006 0.0074 0.0902 1.0000 1.0000 0.0001 0.0014 0.0170 0.2090 1.0000 1.0000 0.0003 0.0034 0.0431 0.5431 1.0000 0.0001 0.0008 0.0097 0.1246 1.0000 1.0000 0.0002 0.0023 0.0303 0.3923 1.0000 1.0000 0.0006 0.0076 0.0992 1.0000 1.0000 0.0001 0.0019 0.0211 0.1013 0.0211 0.0019 0.0001 1.0000 1.0000 0.0992 0.0076 0.0006 1.0000 1.0000 0.3923 0.0303 0.0023 0.0002 1.0000 1.0000 0.1246 0.0097 0.0008 0.0001 1.0000 0.5431 0.0431 0.0034 0.0003 1.0000 1.0000 0.2090 0.0170 0.0014 0.0001 1.0000 1.0000 0.0902 0.0074 0.0006 1.0000 1.0000 0.4995 0.0412 0.0034 0.0003 1.0000 1.0000 0.2290 0.0189 0.0016 0.0001 1.0000 1.0000
1.0000 0.0001 0.0017 0.0203 0.2457 1.0000 1.0000 0.0003 0.0036 0.0442 0.5359 1.0000 0.0001 0.0007 0.0080 0.0964 1.0000 1.0000 0.0001 0.0015 0.0178 0.2180 1.0000 1.0000 0.0003 0.0035 0.0435 0.5431 1.0000 0.0001 0.0007 0.0095 0.1207 1.0000 1.0000 0.0002 0.0022 0.0288 0.3706 1.0000 1.0000 0.0006 0.0071 0.0928 1.0000 1.0000 0.0001 0.0018 0.0226 0.2557 1.0000 0.2557 0.0226 0.0018 0.0001 1.0000 1.0000 0.0928 0.0071 0.0006 1.0000 1.0000 0.3706 0.0288 0.0022 0.0002 1.0000 1.0000 0.1207 0.0095 0.0007 0.0001 1.0000 0.5431 0.0435 0.0035 0.0003 1.0000 1.0000 0.2180 0.0178 0.0015 0.0001 1.0000 1.0000 0.0964 0.0080 0.0007 0.0001 1.0000 0.5359 0.0442 0.0036 0.0003 1.0000 1.0000 0.2457 0.0203 0.0017 0.0001 1.0000
0.0001 0.0018 0.0217 0.2636 1.0000 1.0000 0.0003 0.0039 0.0474 0.5750 1.0000 0.0001 0.0007 0.0085 0.1034 1.0000 1.0000 0.0001 0.0015 0.0188 0.2295 1.0000 1.0000 0.0003 0.0036 0.0445 0.5514 1.0000 0.0001 0.0007 0.0093 0.1179 1.0000 1.0000 0.0002 0.0021 0.0274 0.3527 1.0000 1.0000 0.0005 0.0067 0.0870 1.0000 1.0000 0.0001 0.0017 0.0217 0.2739 1.0000 1.0000 1.0000 0.2739 0.0217 0.0017 0.0001 1.0000 1.0000 0.0870 0.0067 0.0005 1.0000 1.0000 0.3527 0.0274 0.0021 0.0002 1.0000 1.0000 0.1179 0.0093 0.0007 0.0001 1.0000 0.5514 0.0445 0.0036 0.0003 1.0000 1.0000 0.2295 0.0188 0.0015 0.0001 1.0000 1.0000 0.1034 0.0085 0.0007 0.0001 1.0000 0.5750 0.0474 0.0039 0.0003 1.0000 1.0000 0.2636 0.0217 0.0018 0.0001
0.0018 0.0233 0.2829 1.0000 1.0000 0.0003 0.0042 0.0509 0.6169 1.0000 0.0001 0.0008 0.0092 0.1110 1.0000 1.0000 0.0001 0.0016 0.0200 0.2434 1.0000 1.0000 0.0003 0.0037 0.0460 0.5674 1.0000 0.0001 0.0007 0.0093 0.1170 1.0000 1.0000 0.0002 0.0021 0.0264 0.3376 1.0000 1.0000 0.0005 0.0063 0.0819 1.0000 1.0000 0.0001 0.0016 0.0205 0.2636 1.0000 1.0000 0.0001 1.0000 1.0000 0.2636 0.0205 0.0016 0.0001 1.0000 1.0000 0.0819 0.0063 0.0005 1.0000 1.0000 0.3376 0.0264 0.0021 0.0002 1.0000 1.0000 0.1170 0.0093 0.0007 0.0001 1.0000 0.5674 0.0460 0.0037 0.0003 1.0000 1.0000 0.2434 0.0200 0.0016 0.0001 1.0000 1.0000 0.1110 0.0092 0.0008 0.0001 1.0000 0.6169 0.0509 0.0042 0.0003 1.0000 1.0000 0.2829 0.0233 0.0018
0.0237 0.3035 1.0000 1.0000 0.0004 0.0045 0.0546 0.6619 1.0000 0.0001 0.0008 0.0098 0.1191 1.0000 1.0000 0.0001 0.0018 0.0214 0.2597 1.0000 1.0000 0.0003 0.0039 0.0482 0.5905 1.0000 0.0001 0.0008 0.0095 0.1179 1.0000 1.0000 0.0002 0.0020 0.0257 0.3268 1.0000 1.0000 0.0005 0.0060 0.0776 1.0000 1.0000 0.0001 0.0015 0.0193 0.2490 1.0000 1.0000 0.0003 0.0015 0.0003 1.0000 1.0000 0.2490 0.0193 0.0015 0.0001 1.0000 1.0000 0.0776 0.0060 0.0005 1.0000 1.0000 0.3268 0.0257 0.0020 0.0002 1.0000 1.0000 0.1179 0.0095 0.0008 0.0001 1.0000 0.5905 0.0482 0.0039 0.0003 1.0000 1.0000 0.2597 0.0214 0.0018 0.0001 1.0000 1.0000 0.1191 0.0098 0.0008 0.0001 1.0000 0.6619 0.0546 0.0045 0.0004 1.0000 1.0000 0.3035 0.0237
0.3081 1.0000 1.0000 0.0004 0.0048 0.0586 0.7101 1.0000 0.0001 0.0009 0.0105 0.1277 1.0000 1.0000 0.0002 0.0019 0.0230 0.2786 1.0000 1.0000 0.0003 0.0042 0.0508 0.6204 1.0000 0.0001 0.0008 0.0097 0.1207 1.0000 1.0000 0.0002 0.0020 0.0253 0.3201 1.0000 1.0000 0.0005 0.0058 0.0741 0.9518 1.0000 0.0001 0.0014 0.0181 0.2343 1.0000 1.0000 0.0003 0.0038 0.0183 0.0038 0.0003 1.0000 1.0000 0.2343 0.0181 0.0014 0.0001 1.0000 0.9518 0.0741 0.0058 0.0005 1.0000 1.0000 0.3201 0.0253 0.0020 0.0002 1.0000 1.0000 0.1207 0.0097 0.0008 0.0001 1.0000 0.6204 0.0508 0.0042 0.0003 1.0000 1.0000 0.2786 0.0230 0.0019 0.0002 1.0000 1.0000 0.1277 0.0105 0.0009 0.0001 1.0000 0.7101 0.0586 0.0048 0.0004 1.0000 1.0000 0.3081
1.0000 1.0000 0.0004 0.0052 0.0628 0.7619 1.0000 0.0001 0.0009 0.0113 0.1371 1.0000 1.0000 0.0002 0.0020 0.0247 0.2989 1.0000 1.0000 0.0004 0.0044 0.0540 0.6569 1.0000 0.0001 0.0008 0.0101 0.1246 1.0000 1.0000 0.0002 0.0020 0.0253 0.3177 1.0000 1.0000 0.0004 0.0056 0.0715 0.9145 1.0000 0.0001 0.0013 0.0171 0.2209 1.0000 1.0000 0.0003 0.0041 0.0463 0.2222 0.0463 0.0041 0.0003 1.0000 1.0000 0.2209 0.0171 0.0013 0.0001 1.0000 0.9145 0.0715 0.0056 0.0004 1.0000 1.0000 0.3177 0.0253 0.0020 0.0002 1.0000 1.0000 0.1246 0.0101 0.0008 0.0001 1.0000 0.6569 0.0540 0.0044 0.0004 1.0000 1.0000 0.2989 0.0247 0.0020 0.0002 1.0000 1.0000 0.1371 0.0113 0.0009 0.0001 1.0000 0.7619 0.0628 0.0052 0.0004 1.0000 1.0000
1.0000 0.0005 0.0056 0.0674 0.8174 1.0000 0.0001 0.0010 0.0121 0.1470 1.0000 1.0000 0.0002 0.0022 0.0265 0.3207 1.0000 1.0000 0.0004 0.0048 0.0577 0.7007 1.0000 0.0001 0.0009 0.0106 0.1302 1.0000 1.0000 0.0002 0.0021 0.0257 0.3201 1.0000 1.0000 0.0004 0.0055 0.0698 0.8871 1.0000 0.0001 0.0013 0.0163 0.2098 1.0000 1.0000 0.0003 0.0040 0.0498 0.5620 1.0000 0.5620 0.0498 0.0040 0.0003 1.0000 1.0000 0.2098 0.0163 0.0013 0.0001 1.0000 0.8871 0.0698 0.0055 0.0004 1.0000 1.0000 0.3201 0.0257 0.0021 0.0002 1.0000 1.0000 0.1302 0.0106 0.0009 0.0001 1.0000 0.7007 0.0577 0.0048 0.0004 1.0000 1.0000 0.3207 0.0265 0.0022 0.0002 1.0000 1.0000 0.1470 0.0121 0.0010 0.0001 1.0000 0.8174 0.0674 0.0056 0.0005 1.0000
0.0005 0.0060 0.0723 0.8770 1.0000 0.0001 0.0011 0.0130 0.1578 1.0000 1.0000 0.0002 0.0023 0.0284 0.3441 1.0000 1.0000 0.0004 0.0051 0.0618 0.7490 1.0000 0.0001 0.0009 0.0112 0.1371 1.0000 1.0000 0.0002 0.0021 0.0264 0.3268 1.0000 1.0000 0.0004 0.0055 0.0687 0.8687 1.0000 0.0001 0.0012 0.0157 0.2009 1.0000 1.0000 0.0003 0.0038 0.0484 0.6076 1.0000 1.0000 1.0000 0.6076 0.0484 0.0038 0.0003 1.0000 1.0000 0.2009 0.0157 0.0012 0.0001 1.0000 0.8687 0.0687 0.0055 0.0004 1.0000 1.0000 0.3268 0.0264 0.0021 0.0002 1.0000 1.0000 0.1371 0.0112 0.0009 0.0001 1.0000 0.7490 0.0618 0.0051 0.0004 1.0000 1.0000 0.3441 0.0284 0.0023 0.0002 1.0000 1.0000 0.1578 0.0130 0.0011 0.0001 1.0000 0.8770 0.0723 0.0060 0.0005
0.0061 0.0776 0.9410 1.0000 0.0001 0.0012 0.0140 0.1693 1.0000 1.0000 0.0002 0.0025 0.0304 0.3692 1.0000 1.0000 0.0005 0.0055 0.0663 0.8036 1.0000 0.0001 0.0010 0.0120 0.1457 1.0000 1.0000 0.0002 0.0022 0.0274 0.3376 1.0000 1.0000 0.0004 0.0055 0.0687 0.8621 1.0000 0.0001 0.0012 0.0152 0.1937 1.0000 1.0000 0.0003 0.0036 0.0462 0.5916 1.0000 0.0001 0.0003 0.0001 1.0000 0.5916 0.0462 0.0036 0.0003 1.0000 1.0000 0.1937 0.0152 0.0012 0.0001 1.0000 0.8621 0.0687 0.0055 0.0004 1.0000 1.0000 0.3376 0.0274 0.0022 0.0002 1.0000 1.0000 0.1457 0.0120 0.0010 0.0001 1.0000 0.8036 0.0663 0.0055 0.0005 1.0000 1.0000 0.3692 0.0304 0.0025 0.0002 1.0000 1.0000 0.1693 0.0140 0.0012 0.0001 1.0000 0.9410 0.0776 0.0061
0.0788 1.0000 1.0000 0.0001 0.0012 0.0150 0.1816 1.0000 1.0000 0.0002 0.0027 0.0327 0.3961 1.0000 1.0000 0.0005 0.0059 0.0711 0.8605 1.0000 0.0001 0.0011 0.0128 0.1554 1.0000 1.0000 0.0002 0.0023 0.0288 0.3527 1.0000 1.0000 0.0005 0.0056 0.0698 0.8687 1.0000 0.0001 0.0012 0.0149 0.1890 1.0000 1.0000 0.0003 0.0034 0.0442 0.5663 1.0000 0.0001 0.0007 0.0034 0.0007 0.0001 1.0000 0.5663 0.0442 0.0034 0.0003 1.0000 1.0000 0.1890 0.0149 0.0012 0.0001 1.0000 0.8687 0.0698 0.0056 0.0005 1.0000 1.0000 0.3527 0.0288 0.0023 0.0002 1.0000 1.0000 0.1554 0.0128 0.0011 0.0001 1.0000 0.8605 0.0711 0.0059 0.0005 1.0000 1.0000 0.3961 0.0327 0.0027 0.0002 1.0000 1.0000 0.1816 0.0150 0.0012 0.0001 1.0000 1.0000 0.0788
1.0000 1.0000 0.0001 0.0013 0.0161 0.1948 1.0000 1.0000 0.0002 0.0029 0.0350 0.4249 1.0000 1.0000 0.0005 0.0063 0.0763 0.9232 1.0000 0.0001 0.0011 0.0137 0.1661 1.0000 1.0000 0.0002 0.0025 0.0303 0.3706 1.0000 1.0000 0.0005 0.0058 0.0715 0.8871 1.0000 0.0001 0.0012 0.0148 0.1865 1.0000 1.0000 0.0003 0.0033 0.0425 0.5441 1.0000 0.0001 0.0008 0.0086 0.0410 0.0086 0.0008 0.0001 1.0000 0.5441 0.0425 0.0033 0.0003 1.0000 1.0000 0.1865 0.0148 0.0012 0.0001 1.0000 0.8871 0.0715 0.0058 0.0005 1.0000 1.0000 0.3706 0.0303 0.0025 0.0002 1.0000 1.0000 0.1661 0.0137 0.0011 0.0001 1.0000 0.9232 0.0763 0.0063 0.0005 1.0000 1.0000 0.4249 0.0350 0.0029 0.0002 1.0000 1.0000 0.1948 0.0161 0.0013 0.0001 1.0000 1.0000
1.0000 0.0001 0.0014 0.0172 0.2090 1.0000 1.0000 0.0003 0.0031 0.0376 0.4550 1.0000 1.0000 0.0006 0.0068 0.0817 0.9905 1.0000 0.0001 0.0012 0.0147 0.1778 1.0000 1.0000 0.0002 0.0027 0.0322 0.3923 1.0000 1.0000 0.0005 0.0060 0.0741 0.9145 1.0000 0.0001 0.0012 0.0149 0.1865 1.0000 1.0000 0.0003 0.0032 0.0413 0.5258 1.0000 0.0001 0.0008 0.0094 0.1048 0.5014 0.1048 0.0094 0.0008 0.0001 1.0000 0.5258 0.0413 0.0032 0.0003 1.0000 1.0000 0.1865 0.0149 0.0012 0.0001 1.0000 0.9145 0.0741 0.0060 0.0005 1.0000 1.0000 0.3923 0.0322 0.0027 0.0002 1.0000 1.0000 0.1778 0.0147 0.0012 0.0001 1.0000 0.9905 0.0817 0.0068 0.0006 1.0000 1.0000 0.4550 0.0376 0.0031 0.0003 1.0000 1.0000 0.2090 0.0172 0.0014 0.0001 1.0000
0.0001 0.0015 0.0185 0.2243 1.0000 1.0000 0.0003 0.0033 0.0403 0.4882 1.0000 1.0000 0.0006 0.0072 0.0877 1.0000 1.0000 0.0001 0.0013 0.0157 0.1908 1.0000 1.0000 0.0002 0.0028 0.0345 0.4185 1.0000 1.0000 0.0005 0.0063 0.0776 0.9518 1.0000 0.0001 0.0012 0.0152 0.1890 1.0000 1.0000 0.0003 0.0032 0.0405 0.5130 1.0000 0.0001 0.0007 0.0092 0.1151 1.0000 1.0000 1.0000 0.1151 0.0092 0.0007 0.0001 1.0000 0.5130 0.0405 0.0032 0.0003 1.0000 1.0000 0.1890 0.0152 0.0012 0.0001 1.0000 0.9518 0.0776 0.0063 0.0005 1.0000 1.0000 0.4185 0.0345 0.0028 0.0002 1.0000 1.0000 0.1908 0.0157 0.0013 0.0001 1.0000 1.0000 0.0877 0.0072 0.0006 1.0000 1.0000 0.4882 0.0403 0.0033 0.0003 1.0000 1.0000 0.2243 0.0185 0.0015 0.0001
0.0015 0.0198 0.2406 1.0000 1.0000 0.0003 0.0036 0.0432 0.5238 1.0000 0.0001 0.0006 0.0078 0.0940 1.0000 1.0000 0.0001 0.0014 0.0169 0.2043 1.0000 1.0000 0.0003 0.0030 0.0368 0.4473 1.0000 1.0000 0.0006 0.0067 0.0819 1.0000 1.0000 0.0001 0.0013 0.0157 0.1937 1.0000 1.0000 0.0003 0.0032 0.0402 0.5062 1.0000 0.0001 0.0007 0.0090 0.1142 1.0000 1.0000 1.0000 1.0000 1.0000 0.1142 0.0090 0.0007 0.0001 1.0000 0.5062 0.0402 0.0032 0.0003 1.0000 1.0000 0.1937 0.0157 0.0013 0.0001 1.0000 1.0000 0.0819 0.0067 0.0006 1.0000 1.0000 0.4473 0.0368 0.0030 0.0003 1.0000 1.0000 0.2043 0.0169 0.0014 0.0001 1.0000 1.0000 0.0940 0.0078 0.0006 0.0001 1.0000 0.5238 0.0432 0.0036 0.0003 1.0000 1.0000 0.2406 0.0198 0.0015
0.0202 0.2582 1.0000 1.0000 0.0003 0.0038 0.0464 0.5620 1.0000 0.0001 0.0007 0.0083 0.1009 1.0000 1.0000 0.0001 0.0015 0.0181 0.2192 1.0000 1.0000 0.0003 0.0032 0.0394 0.4781 1.0000 1.0000 0.0006 0.0071 0.0870 1.0000 1.0000 0.0001 0.0013 0.0163 0.2009 1.0000 1.0000 0.0003 0.0032 0.0405 0.5062 1.0000 0.0001 0.0007 0.0088 0.1116 1.0000 1.0000 0.0001 0.0006 0.0001 1.0000 1.0000 0.1116 0.0088 0.0007 0.0001 1.0000 0.5062 0.0405 0.0032 0.0003 1.0000 1.0000 0.2009 0.0163 0.0013 0.0001 1.0000 1.0000 0.0870 0.0071 0.0006 1.0000 1.0000 0.4781 0.0394 0.0032 0.0003 1.0000 1.0000 0.2192 0.0181 0.0015 0.0001 1.0000 1.0000 0.1009 0.0083 0.0007 0.0001 1.0000 0.5620 0.0464 0.0038 0.0003 1.0000 1.0000 0.2582 0.0202
0.2616 1.0000 1.0000 0.0003 0.0041 0.0497 0.6030 1.0000 0.0001 0.0007 0.0089 0.1081 1.0000 1.0000 0.0001 0.0016 0.0194 0.2352 1.0000 1.0000 0.0003 0.0035 0.0422 0.5120 1.0000 0.0001 0.0006 0.0076 0.0928 1.0000 1.0000 0.0001 0.0014 0.0171 0.2098 1.0000 1.0000 0.0003 0.0033 0.0413 0.5130 1.0000 0.0001 0.0007 0.0087 0.1097 1.0000 1.0000 0.0001 0.0017 0.0079 0.0017 0.0001 1.0000 1.0000 0.1097 0.0087 0.0007 0.0001 1.0000 0.5130 0.0413 0.0033 0.0003 1.0000 1.0000 0.2098 0.0171 0.0014 0.0001 1.0000 1.0000 0.0928 0.0076 0.0006 0.0001 1.0000 0.5120 0.0422 0.0035 0.0003 1.0000 1.0000 0.2352 0.0194 0.0016 0.0001 1.0000 1.0000 0.1081 0.0089 0.0007 0.0001 1.0000 0.6030 0.0497 0.0041 0.0003 1.0000 1.0000 0.2616
1.0000 1.0000 0.0004 0.0044 0.0534 0.6457 1.0000 0.0001 0.0008 0.0096 0.1159 1.0000 1.0000 0.0001 0.0017 0.0208 0.2524 1.0000 1.0000 0.0003 0.0037 0.0452 0.5483 1.0000 0.0001 0.0007 0.0082 0.0992 1.0000 1.0000 0.0001 0.0015 0.0181 0.2209 1.0000 1.0000 0.0003 0.0034 0.0425 0.5258 1.0000 0.0001 0.0007 0.0087 0.1091 1.0000 1.0000 0.0001 0.0018 0.0205 0.0979 0.0205 0.0018 0.0001 1.0000 1.0000 0.1091 0.0087 0.0007 0.0001 1.0000 0.5258 0.0425 0.0034 0.0003 1.0000 1.0000 0.2209 0.0181 0.0015 0.0001 1.0000 1.0000 0.0992 0.0082 0.0007 0.0001 1.0000 0.5483 0.0452 0.0037 0.0003 1.0000 1.0000 0.2524 0.0208 0.0017 0.0001 1.0000 1.0000 0.1159 0.0096 0.0008 0.0001 1.0000 0.6457 0.0534 0.0044 0.0004 1.0000 1.0000
1.0000 0.0004 0.0047 0.0573 0.6928 1.0000 0.0001 0.0008 0.0103 0.1244 1.0000 1.0000 0.0002 0.0018 0.0223 0.2702 1.0000 1.0000 0.0003 0.0040 0.0485 0.5882 1.0000 0.0001 0.0007 0.0087 0.1060 1.0000 1.0000 0.0001 0.0016 0.0193 0.2343 1.0000 1.0000 0.0003 0.0036 0.0442 0.5441 1.0000 0.0001 0.0007 0.0088 0.1097 1.0000 1.0000 0.0001 0.0019 0.0230 0.2553 1.0000 0.2553 0.0230 0.0019 0.0001 1.0000 1.0000 0.1097 0.0088 0.0007 0.0001 1.0000 0.5441 0.0442 0.0036 0.0003 1.0000 1.0000 0.2343 0.0193 0.0016 0.0001 1.0000 1.0000 0.1060 0.0087 0.0007 0.0001 1.0000 0.5882 0.0485 0.0040 0.0003 1.0000 1.0000 0.2702 0.0223 0.0018 0.0002 1.0000 1.0000 0.1244 0.0103 0.0008 0.0001 1.0000 0.6928 0.0573 0.0047 0.0004 1.0000
0.0004 0.0051 0.0613 0.7419 1.0000 0.0001 0.0009 0.0110 0.1332 1.0000 1.0000 0.0002 0.0020 0.0239 0.2894 1.0000 1.0000 0.0004 0.0043 0.0520 0.6299 1.0000 0.0001 0.0008 0.0093 0.1133 1.0000 1.0000 0.0001 0.0017 0.0205 0.2490 1.0000 1.0000 0.0003 0.0038 0.0462 0.5663 1.0000 0.0001 0.0007 0.0090 0.1116 1.0000 1.0000 0.0001 0.0019 0.0234 0.2867 1.0000 1.0000 1.0000 0.2867 0.0234 0.0019 0.0001 1.0000 1.0000 0.1116 0.0090 0.0007 0.0001 1.0000 0.5663 0.0462 0.0038 0.0003 1.0000 1.0000 0.2490 0.0205 0.0017 0.0001 1.0000 1.0000 0.1133 0.0093 0.0008 0.0001 1.0000 0.6299 0.0520 0.0043 0.0004 1.0000 1.0000 0.2894 0.0239 0.0020 0.0002 1.0000 1.0000 0.1332 0.0110 0.0009 0.0001 1.0000 0.7419 0.0613 0.0051 0.0004
0.0051 0.0653 0.7914 1.0000 0.0001 0.0010 0.0117 0.1418 1.0000 1.0000 0.0002 0.0021 0.0255 0.3087 1.0000 1.0000 0.0004 0.0046 0.0554 0.6707 1.0000 0.0001 0.0008 0.0100 0.1204 1.0000 1.0000 0.0001 0.0018 0.0217 0.2636 1.0000 1.0000 0.0003 0.0040 0.0484 0.5916 1.0000 0.0001 0.0008 0.0092 0.1142 1.0000 1.0000 0.0001 0.0019 0.0234 0.2916 1.0000 1.0000 0.0001 1.0000 1.0000 0.2916 0.0234 0.0019 0.0001 1.0000 1.0000 0.1142 0.0092 0.0008 0.0001 1.0000 0.5916 0.0484 0.0040 0.0003 1.0000 1.0000 0.2636 0.0217 0.0018 0.0001 1.0000 1.0000 0.1204 0.0100 0.0008 0.0001 1.0000 0.6707 0.0554 0.0046 0.0004 1.0000 1.0000 0.3087 0.0255 0.0021 0.0002 1.0000 1.0000 0.1418 0.0117 0.0010 0.0001 1.0000 0.7914 0.0653 0.0051
0.0642 0.8237 1.0000 0.0001 0.0010 0.0122 0.1479 1.0000 1.0000 0.0002 0.0022 0.0265 0.3213 1.0000 1.0000 0.0004 0.0048 0.0577 0.6994 1.0000 0.0001 0.0009 0.0104 0.1256 1.0000 1.0000 0.0002 0.0019 0.0226 0.2739 1.0000 1.0000 0.0003 0.0041 0.0498 0.6076 1.0000 0.0001 0.0008 0.0094 0.1151 1.0000 1.0000 0.0001 0.0018 0.0230 0.2867 1.0000 1.0000 0.0003 0.0016 0.0003 1.0000 1.0000 0.2867 0.0230 0.0018 0.0001 1.0000 1.0000 0.1151 0.0094 0.0008 0.0001 1.0000 0.6076 0.0498 0.0041 0.0003 1.0000 1.0000 0.2739 0.0226 0.0019 0.0002 1.0000 1.0000 0.1256 0.0104 0.0009 0.0001 1.0000 0.6994 0.0577 0.0048 0.0004 1.0000 1.0000 0.3213 0.0265 0.0022 0.0002 1.0000 1.0000 0.1479 0.0122 0.0010 0.0001 1.0000 0.8237 0.0642
0.7224 1.0000 0.0001 0.0009 0.0114 0.1378 1.0000 1.0000 0.0002 0.0020 0.0247 0.3000 1.0000 1.0000 0.0004 0.0044 0.0539 0.6531 1.0000 0.0001 0.0008 0.0097 0.1173 1.0000 1.0000 0.0001 0.0017 0.0211 0.2557 1.0000 1.0000 0.0003 0.0038 0.0463 0.5620 1.0000 0.0001 0.0007 0.0086 0.1048 1.0000 1.0000 0.0001 0.0017 0.0205 0.2553 1.0000 1.0000 0.0003 0.0036 0.0171 0.0036 0.0003 1.0000 1.0000 0.2553 0.0205 0.0017 0.0001 1.0000 1.0000 0.1048 0.0086 0.0007 0.0001 1.0000 0.5620 0.0463 0.0038 0.0003 1.0000 1.0000 0.2557 0.0211 0.0017 0.0001 1.0000 1.0000 0.1173 0.0097 0.0008 0.0001 1.0000 0.6531 0.0539 0.0044 0.0004 1.0000 1.0000 0.3000 0.0247 0.0020 0.0002 1.0000 1.0000 0.1378 0.0114 0.0009 0.0001 1.0000 0.7224
1.0000 1.0000 0.0004 0.0045 0.0547 0.6631 1.0000 0.0001 0.0008 0.0098 0.1191 1.0000 1.0000 0.0001 0.0018 0.0214 0.2587 1.0000 1.0000 0.0003 0.0038 0.0464 0.5631 1.0000 0.0001 0.0007 0.0084 0.1013 1.0000 1.0000 0.0001 0.0015 0.0183 0.2222 1.0000 1.0000 0.0003 0.0034 0.0410 0.5014 1.0000 1.0000 0.0006 0.0079 0.0979 1.0000 1.0000 0.0001 0.0016 0.0171 0.0790 0.0171 0.0016 0.0001 1.0000 1.0000 0.0979 0.0079 0.0006 1.0000 1.0000 0.5014 0.0410 0.0034 0.0003 1.0000 1.0000 0.2222 0.0183 0.0015 0.0001 1.0000 1.0000 0.1013 0.0084 0.0007 0.0001 1.0000 0.5631 0.0464 0.0038 0.0003 1.0000 1.0000 0.2587 0.0214 0.0018 0.0001 1.0000 1.0000 0.1191 0.0098 0.0008 0.0001 1.0000 0.6631 0.0547 0.0045 0.0004 1.0000 1.0000
0.7224 1.0000 0.0001 0.0009 0.0114 0.1378 1.0000 1.0000 0.0002 0.0020 0.0247 0.3000 1.0000 1.0000 0.0004 0.0044 0.0539 0.6531 1.0000 0.0001 0.0008 0.0097 0.1173 1.0000 1.0000 0.0001 0.0017 0.0211 0.2557 1.0000 1.0000 0.0003 0.0038 0.0463 0.5620 1.0000 0.0001 0.0007 0.0086 0.1048 1.0000 1.0000 0.0001 0.0017 0.0205 0.2553 1.0000 1.0000 0.0003 0.0036 0.0171 0.0036 0.0003 1.0000 1.0000 0.2553 0.0205 0.0017 0.0001 1.0000 1.0000 0.1048 0.0086 0.0007 0.0001 1.0000 0.5620 0.0463 0.0038 0.0003 1.0000 1.0000 0.2557 0.0211 0.0017 0.0001 1.0000 1.0000 0.1173 0.0097 0.0008 0.0001 1.0000 0.6531 0.0539 0.0044 0.0004 1.0000 1.0000 0.3000 0.0247 0.0020 0.0002 1.0000 1.0000 0.1378 0.0114 0.0009 0.0001 1.0000 0.7224
0.0642 0.8237 1.0000 0.0001 0.0010 0.0122 0.1479 1.0000 1.0000 0.0002 0.0022 0.0265 0.3213 1.0000 1.0000 0.0004 0.0048 0.0577 0.6994 1.0000 0.0001 0.0009 0.0104 0.1256 1.0000 1.0000 0.0002 0.0019 0.0226 0.2739 1.0000 1.0000 0.0003 0.0041 0.0498 0.6076 1.0000 0.0001 0.0008 0.0094 0.1151 1.0000 1.0000 0.0001 0.0018 0.0230 0.2867 1.0000 1.0000 0.0003 0.0016 0.0003 1.0000 1.0000 0.2867 0.0230 0.0018 0.0001 1.0000 1.0000 0.1151 0.0094 0.0008 0.0001 1.0000 0.6076 0.0498 0.0041 0.0003 1.0000 1.0000 0.2739 0.0226 0.0019 0.0002 1.0000 1.0000 0.1256 0.0104 0.0009 0.0001 1.0000 0.6994 0.0577 0.0048 0.0004 1.0000 1.0000 0.3213 0.0265 0.0022 0.0002 1.0000 1.0000 0.1479 0.0122 0.0010 0.0001 1.0000 0.8237 0.0642
0.0051 0.0653 0.7914 1.0000 0.0001 0.0010 0.0117 0.1418 1.0000 1.0000 0.0002 0.0021 0.0255 0.3087 1.0000 1.0000 0.0004 0.0046 0.0554 0.6707 1.0000 0.0001 0.0008 0.0100 0.1204 1.0000 1.0000 0.0001 0.0018 0.0217 0.2636 1.0000 1.0000 0.0003 0.0040 0.0484 0.5916 1.0000 0.0001 0.0008 0.0092 0.1142 1.0000 1.0000 0.0001 0.0019 0.0234 0.2916 1.0000 1.0000 0.0001 1.0000 1.0000 0.2916 0.0234 0.0019 0.0001 1.0000 1.0000 0.1142 0.0092 0.0008 0.0001 1.0000 0.5916 0.0484 0.0040 0.0003 1.0000 1.0000 0.2636 0.0217 0.0018 0.0001 1.0000 1.0000 0.1204 0.0100 0.0008 0.0001 1.0000 0.6707 0.0554 0.0046 0.0004 1.0000 1.0000 0.3087 0.0255 0.0021 0.0002 1.0000 1.0000 0.1418 0.0117 0.0010 0.0001 1.0000 0.7914 0.0653 0.0051
0.0004 0.0051 0.0613 0.7419 1.0000 0.0001 0.0009 0.0110 0.1332 1.0000 1.0000 0.0002 0.0020 0.0239 0.2894 1.0000 1.0000 0.0004 0.0043 0.0520 0.6299 1.0000 0.0001 0.0008 0.0093 0.1133 1.0000 1.0000 0.0001 0.0017 0.0205 0.2490 1.0000 1.0000 0.0003 0.0038 0.0462 0.5663 1.0000 0.0001 0.0007 0.0090 0.1116 1.0000 1.0000 0.0001 0.0019 0.0234 0.2867 1.0000 1.0000 1.0000 0.2867 0.0234 0.0019 0.0001 1.0000 1.0000 0.1116 0.0090 0.0007 0.0001 1.0000 0.5663 0.0462 0.0038 0.0003 1.0000 1.0000 0.2490 0.0205 0.0017 0.0001 1.0000 1.0000 0.1133 0.0093 0.0008 0.0001 1.0000 0.6299 0.0520 0.0043 0.0004 1.0000 1.0000 0.2894 0.0239 0.0020 0.0002 1.0000 1.0000 0.1332 0.0110 0.0009 0.0001 1.0000 0.7419 0.0613 0.0051 0.0004
1.0000 0.0004 0.0047 0.0573 0.6928 1.0000 0.0001 0.0008 0.0103 0.1244 1.0000 1.0000 0.0002 0.0018 0.0223 0.2702 1.0000 1.0000 0.0003 0.0040 0.0485 0.5882 1.0000 0.0001 0.0007 0.0087 0.1060 1.0000 1.0000 0.0001 0.0016 0.0193 0.2343 1.0000 1.0000 0.0003 0.0036 0.0442 0.5441 1.0000 0.0001 0.0007 0.0088 0.1097 1.0000 1.0000 0.0001 0.0019 0.0230 0.2553 1.0000 0.2553 0.0230 0.0019 0.0001 1.0000 1.0000 0.1097 0.0088 0.0007 0.0001 1.0000 0.5441 0.0442 0.0036 0.0003 1.0000 1.0000 0.2343 0.0193 0.0016 0.0001 1.0000 1.0000 0.1060 0.0087 0.0007 0.0001 1.0000 0.5882 0.0485 0.0040 0.0003 1.0000 1.0000 0.2702 0.0223 0.0018 0.0002 1.0000 1.0000 0.1244 0.0103 0.0008 0.0001 1.0000 0.6928 0.0573 0.0047 0.0004 1.0000
