0.1588 0.0126 -0.2361 -0.3197 -0.3660 0.0405 0.2613 -0.1636 -0.2777 -0.3491 -0.2701 0.1487 0.0730 -0.2285 -0.3151 -0.3659 0.0208 0.2506 -0.1523 -0.2724 -0.3458 -0.2997 0.1345 0.1407 -0.2207 -0.3104 -0.3646 -0.0029 0.2380 -0.1397 -0.2670 -0.3423 -0.3221 0.1208 0.1970 -0.2127 -0.3056 -0.3628 -0.0325 0.2246 -0.1250 -0.2616 -0.3386 -0.3386 0.1072 0.2365 -0.2044 -0.3003 -0.3609 -0.1226 0.1065 -0.1226 -0.3609 -0.3003 -0.2044 0.2365 0.1072 -0.3386 -0.3386 -0.2616 -0.1250 0.2246 -0.0325 -0.3628 -0.3056 -0.2127 0.1970 0.1208 -0.3221 -0.3423 -0.2670 -0.1397 0.2380 -0.0029 -0.3646 -0.3104 -0.2207 0.1407 0.1345 -0.2997 -0.3458 -0.2724 -0.1523 0.2506 0.0208 -0.3659 -0.3151 -0.2285 0.0730 0.1487 -0.2701 -0.3491 -0.2777 -0.1636 0.2613 0.0405 -0.3660 -0.3197 -0.2361 0.0126 0.1588
0.0126 -0.2525 -0.3341 -0.3766 0.0397 0.2608 -0.1656 -0.2924 -0.3621 -0.2793 0.1460 0.1064 -0.2411 -0.3292 -0.3767 0.0190 0.2485 -0.1527 -0.2872 -0.3590 -0.3090 0.1323 0.1720 -0.2315 -0.3246 -0.3757 -0.0054 0.2351 -0.1384 -0.2819 -0.3556 -0.3315 0.1190 0.2214 -0.2220 -0.3198 -0.3743 -0.0360 0.2213 -0.1219 -0.2766 -0.3520 -0.3482 0.1057 0.2533 -0.2123 -0.3149 -0.3726 -0.0867 0.1869 0.2549 0.1869 -0.0867 -0.3726 -0.3149 -0.2123 0.2533 0.1057 -0.3482 -0.3520 -0.2766 -0.1219 0.2213 -0.0360 -0.3743 -0.3198 -0.2220 0.2214 0.1190 -0.3315 -0.3556 -0.2819 -0.1384 0.2351 -0.0054 -0.3757 -0.3246 -0.2315 0.1720 0.1323 -0.3090 -0.3590 -0.2872 -0.1527 0.2485 0.0190 -0.3767 -0.3292 -0.2411 0.1064 0.1460 -0.2793 -0.3621 -0.2924 -0.1656 0.2608 0.0397 -0.3766 -0.3341 -0.2525 0.0126
-0.2361 -0.3341 -0.3767 0.0347 0.2571 -0.1611 -0.2904 -0.3608 -0.2928 0.1400 0.1365 -0.2369 -0.3272 -0.3764 0.0089 0.2427 -0.1467 -0.2849 -0.3575 -0.3197 0.1263 0.1960 -0.2273 -0.3225 -0.3751 -0.0179 0.2290 -0.1315 -0.2796 -0.3541 -0.3394 0.1131 0.2374 -0.2178 -0.3177 -0.3735 -0.0520 0.2152 -0.1136 -0.2743 -0.3504 -0.3539 0.0998 0.2621 -0.2080 -0.3127 -0.3718 -0.0984 0.1980 -0.0537 -0.2150 -0.0537 0.1980 -0.0984 -0.3718 -0.3127 -0.2080 0.2621 0.0998 -0.3539 -0.3504 -0.2743 -0.1136 0.2152 -0.0520 -0.3735 -0.3177 -0.2178 0.2374 0.1131 -0.3394 -0.3541 -0.2796 -0.1315 0.2290 -0.0179 -0.3751 -0.3225 -0.2273 0.1960 0.1263 -0.3197 -0.3575 -0.2849 -0.1467 0.2427 0.0089 -0.3764 -0.3272 -0.2369 0.1365 0.1400 -0.2928 -0.3608 -0.2904 -0.1611 0.2571 0.0347 -0.3767 -0.3341 -0.2361
-0.3197 -0.3766 0.0347 0.2555 -0.1582 -0.2888 -0.3597 -0.3036 0.1345 0.1630 -0.2328 -0.3251 -0.3758 -0.0020 0.2368 -0.1403 -0.2826 -0.3560 -0.3290 0.1205 0.2163 -0.2232 -0.3204 -0.3744 -0.0318 0.2229 -0.1240 -0.2773 -0.3525 -0.3463 0.1073 0.2501 -0.2136 -0.3156 -0.3728 -0.0697 0.2093 -0.1044 -0.2719 -0.3487 -0.3587 0.0939 0.2685 -0.2038 -0.3106 -0.3709 -0.1178 0.1947 -0.0713 -0.2599 -0.3125 -0.2599 -0.0713 0.1947 -0.1178 -0.3709 -0.3106 -0.2038 0.2685 0.0939 -0.3587 -0.3487 -0.2719 -0.1044 0.2093 -0.0697 -0.3728 -0.3156 -0.2136 0.2501 0.1073 -0.3463 -0.3525 -0.2773 -0.1240 0.2229 -0.0318 -0.3744 -0.3204 -0.2232 0.2163 0.1205 -0.3290 -0.3560 -0.2826 -0.1403 0.2368 -0.0020 -0.3758 -0.3251 -0.2328 0.1630 0.1345 -0.3036 -0.3597 -0.2888 -0.1582 0.2555 0.0347 -0.3766 -0.3197
-0.3660 0.0397 0.2571 -0.1582 -0.2883 -0.3590 -0.3107 0.1303 0.1836 -0.2292 -0.3232 -0.3753 -0.0139 0.2308 -0.1336 -0.2803 -0.3545 -0.3373 0.1147 0.2332 -0.2190 -0.3183 -0.3737 -0.0473 0.2169 -0.1160 -0.2750 -0.3509 -0.3523 0.1015 0.2598 -0.2094 -0.3134 -0.3720 -0.0890 0.2033 -0.0943 -0.2696 -0.3470 -0.3629 0.0880 0.2726 -0.1995 -0.3084 -0.3700 -0.1394 0.1895 -0.0633 -0.2627 -0.3414 -0.3822 -0.3414 -0.2627 -0.0633 0.1895 -0.1394 -0.3700 -0.3084 -0.1995 0.2726 0.0880 -0.3629 -0.3470 -0.2696 -0.0943 0.2033 -0.0890 -0.3720 -0.3134 -0.2094 0.2598 0.1015 -0.3523 -0.3509 -0.2750 -0.1160 0.2169 -0.0473 -0.3737 -0.3183 -0.2190 0.2332 0.1147 -0.3373 -0.3545 -0.2803 -0.1336 0.2308 -0.0139 -0.3753 -0.3232 -0.2292 0.1836 0.1303 -0.3107 -0.3590 -0.2883 -0.1582 0.2571 0.0397 -0.3660
0.0405 0.2608 -0.1611 -0.2888 -0.3590 -0.3131 0.1279 0.1966 -0.2263 -0.3216 -0.3747 -0.0260 0.2251 -0.1266 -0.2780 -0.3529 -0.3444 0.1089 0.2468 -0.2148 -0.3162 -0.3730 -0.0645 0.2109 -0.1071 -0.2726 -0.3492 -0.3574 0.0956 0.2669 -0.2051 -0.3113 -0.3712 -0.1098 0.1975 -0.0830 -0.2672 -0.3453 -0.3664 0.0819 0.2749 -0.1951 -0.3062 -0.3691 -0.1615 0.1839 -0.0491 -0.2613 -0.3407 -0.3776 -0.1535 -0.3776 -0.3407 -0.2613 -0.0491 0.1839 -0.1615 -0.3691 -0.3062 -0.1951 0.2749 0.0819 -0.3664 -0.3453 -0.2672 -0.0830 0.1975 -0.1098 -0.3712 -0.3113 -0.2051 0.2669 0.0956 -0.3574 -0.3492 -0.2726 -0.1071 0.2109 -0.0645 -0.3730 -0.3162 -0.2148 0.2468 0.1089 -0.3444 -0.3529 -0.2780 -0.1266 0.2251 -0.0260 -0.3747 -0.3216 -0.2263 0.1966 0.1279 -0.3131 -0.3590 -0.2888 -0.1611 0.2608 0.0405
0.2613 -0.1656 -0.2904 -0.3597 -0.3107 0.1279 0.2011 -0.2247 -0.3205 -0.3743 -0.0368 0.2202 -0.1197 -0.2758 -0.3514 -0.3505 0.1032 0.2573 -0.2106 -0.3140 -0.3723 -0.0834 0.2050 -0.0973 -0.2703 -0.3475 -0.3618 0.0897 0.2716 -0.2008 -0.3091 -0.3703 -0.1316 0.1917 -0.0701 -0.2649 -0.3435 -0.3693 0.0757 0.2755 -0.1907 -0.3040 -0.3681 -0.1834 0.1783 -0.0314 -0.2592 -0.3391 -0.3746 0.0409 0.1722 0.0409 -0.3746 -0.3391 -0.2592 -0.0314 0.1783 -0.1834 -0.3681 -0.3040 -0.1907 0.2755 0.0757 -0.3693 -0.3435 -0.2649 -0.0701 0.1917 -0.1316 -0.3703 -0.3091 -0.2008 0.2716 0.0897 -0.3618 -0.3475 -0.2703 -0.0973 0.2050 -0.0834 -0.3723 -0.3140 -0.2106 0.2573 0.1032 -0.3505 -0.3514 -0.2758 -0.1197 0.2202 -0.0368 -0.3743 -0.3205 -0.2247 0.2011 0.1279 -0.3107 -0.3597 -0.2904 -0.1656 0.2613
-0.1636 -0.2924 -0.3608 -0.3036 0.1303 0.1966 -0.2247 -0.3201 -0.3740 -0.0446 0.2165 -0.1137 -0.2740 -0.3500 -0.3554 0.0977 0.2649 -0.2064 -0.3119 -0.3715 -0.1038 0.1991 -0.0863 -0.2679 -0.3458 -0.3654 0.0837 0.2744 -0.1964 -0.3069 -0.3694 -0.1540 0.1860 -0.0554 -0.2625 -0.3417 -0.3716 0.0693 0.2747 -0.1861 -0.3018 -0.3670 -0.2046 0.1725 -0.0107 -0.2568 -0.3372 -0.3754 0.0488 0.2565 -0.0024 0.2565 0.0488 -0.3754 -0.3372 -0.2568 -0.0107 0.1725 -0.2046 -0.3670 -0.3018 -0.1861 0.2747 0.0693 -0.3716 -0.3417 -0.2625 -0.0554 0.1860 -0.1540 -0.3694 -0.3069 -0.1964 0.2744 0.0837 -0.3654 -0.3458 -0.2679 -0.0863 0.1991 -0.1038 -0.3715 -0.3119 -0.2064 0.2649 0.0977 -0.3554 -0.3500 -0.2740 -0.1137 0.2165 -0.0446 -0.3740 -0.3201 -0.2247 0.1966 0.1303 -0.3036 -0.3608 -0.2924 -0.1636
-0.2777 -0.3621 -0.2928 0.1345 0.1836 -0.2263 -0.3205 -0.3740 -0.0474 0.2144 -0.1095 -0.2726 -0.3488 -0.3591 0.0928 0.2698 -0.2024 -0.3098 -0.3706 -0.1252 0.1933 -0.0739 -0.2656 -0.3440 -0.3685 0.0775 0.2754 -0.1919 -0.3047 -0.3684 -0.1762 0.1803 -0.0383 -0.2601 -0.3398 -0.3734 0.0626 0.2727 -0.1814 -0.2996 -0.3659 -0.2248 0.1661 0.0134 -0.2540 -0.3353 -0.3761 0.0445 0.2619 -0.1555 -0.2530 -0.1555 0.2619 0.0445 -0.3761 -0.3353 -0.2540 0.0134 0.1661 -0.2248 -0.3659 -0.2996 -0.1814 0.2727 0.0626 -0.3734 -0.3398 -0.2601 -0.0383 0.1803 -0.1762 -0.3684 -0.3047 -0.1919 0.2754 0.0775 -0.3685 -0.3440 -0.2656 -0.0739 0.1933 -0.1252 -0.3706 -0.3098 -0.2024 0.2698 0.0928 -0.3591 -0.3488 -0.2726 -0.1095 0.2144 -0.0474 -0.3740 -0.3205 -0.2263 0.1836 0.1345 -0.2928 -0.3621 -0.2777
-0.3491 -0.2793 0.1400 0.1630 -0.2292 -0.3216 -0.3743 -0.0446 0.2144 -0.1080 -0.2719 -0.3481 -0.3614 0.0889 0.2727 -0.1989 -0.3079 -0.3697 -0.1463 0.1877 -0.0599 -0.2632 -0.3422 -0.3710 0.0711 0.2750 -0.1874 -0.3025 -0.3674 -0.1978 0.1746 -0.0184 -0.2577 -0.3380 -0.3748 0.0557 0.2697 -0.1766 -0.2974 -0.3648 -0.2435 0.1596 0.0406 -0.2502 -0.3334 -0.3766 0.0374 0.2591 -0.1616 -0.2866 -0.3379 -0.2866 -0.1616 0.2591 0.0374 -0.3766 -0.3334 -0.2502 0.0406 0.1596 -0.2435 -0.3648 -0.2974 -0.1766 0.2697 0.0557 -0.3748 -0.3380 -0.2577 -0.0184 0.1746 -0.1978 -0.3674 -0.3025 -0.1874 0.2750 0.0711 -0.3710 -0.3422 -0.2632 -0.0599 0.1877 -0.1463 -0.3697 -0.3079 -0.1989 0.2727 0.0889 -0.3614 -0.3481 -0.2719 -0.1080 0.2144 -0.0446 -0.3743 -0.3216 -0.2292 0.1630 0.1400 -0.2793 -0.3491
-0.2701 0.1460 0.1365 -0.2328 -0.3232 -0.3747 -0.0368 0.2165 -0.1095 -0.2719 -0.3478 -0.3626 0.0863 0.2741 -0.1961 -0.3063 -0.3690 -0.1653 0.1826 -0.0447 -0.2609 -0.3404 -0.3729 0.0646 0.2734 -0.1828 -0.3003 -0.3663 -0.2184 0.1683 0.0046 -0.2552 -0.3361 -0.3758 0.0484 0.2660 -0.1717 -0.2951 -0.3636 -0.2607 0.1532 0.0701 -0.2460 -0.3315 -0.3768 0.0291 0.2544 -0.1583 -0.2886 -0.3619 -0.3881 -0.3619 -0.2886 -0.1583 0.2544 0.0291 -0.3768 -0.3315 -0.2460 0.0701 0.1532 -0.2607 -0.3636 -0.2951 -0.1717 0.2660 0.0484 -0.3758 -0.3361 -0.2552 0.0046 0.1683 -0.2184 -0.3663 -0.3003 -0.1828 0.2734 0.0646 -0.3729 -0.3404 -0.2609 -0.0447 0.1826 -0.1653 -0.3690 -0.3063 -0.1961 0.2741 0.0863 -0.3626 -0.3478 -0.2719 -0.1095 0.2165 -0.0368 -0.3747 -0.3232 -0.2328 0.1365 0.1460 -0.2701
0.1487 0.1064 -0.2369 -0.3251 -0.3753 -0.0260 0.2202 -0.1137 -0.2726 -0.3481 -0.3626 0.0855 0.2746 -0.1942 -0.3051 -0.3683 -0.1808 0.1782 -0.0291 -0.2588 -0.3387 -0.3744 0.0578 0.2707 -0.1780 -0.2980 -0.3651 -0.2377 0.1617 0.0309 -0.2517 -0.3341 -0.3765 0.0407 0.2616 -0.1665 -0.2929 -0.3623 -0.2763 0.1471 0.1008 -0.2418 -0.3295 -0.3767 0.0202 0.2491 -0.1532 -0.2872 -0.3592 -0.3318 0.0231 -0.3318 -0.3592 -0.2872 -0.1532 0.2491 0.0202 -0.3767 -0.3295 -0.2418 0.1008 0.1471 -0.2763 -0.3623 -0.2929 -0.1665 0.2616 0.0407 -0.3765 -0.3341 -0.2517 0.0309 0.1617 -0.2377 -0.3651 -0.2980 -0.1780 0.2707 0.0578 -0.3744 -0.3387 -0.2588 -0.0291 0.1782 -0.1808 -0.3683 -0.3051 -0.1942 0.2746 0.0855 -0.3626 -0.3481 -0.2726 -0.1137 0.2202 -0.0260 -0.3753 -0.3251 -0.2369 0.1064 0.1487
0.0730 -0.2411 -0.3272 -0.3758 -0.0139 0.2251 -0.1197 -0.2740 -0.3488 -0.3614 0.0863 0.2746 -0.1936 -0.3046 -0.3679 -0.1919 0.1748 -0.0148 -0.2569 -0.3371 -0.3754 0.0513 0.2673 -0.1732 -0.2958 -0.3639 -0.2555 0.1553 0.0600 -0.2475 -0.3322 -0.3768 0.0325 0.2567 -0.1612 -0.2906 -0.3610 -0.2904 0.1410 0.1311 -0.2376 -0.3275 -0.3764 0.0103 0.2435 -0.1473 -0.2851 -0.3577 -0.3239 0.1102 0.2381 0.1102 -0.3239 -0.3577 -0.2851 -0.1473 0.2435 0.0103 -0.3764 -0.3275 -0.2376 0.1311 0.1410 -0.2904 -0.3610 -0.2906 -0.1612 0.2567 0.0325 -0.3768 -0.3322 -0.2475 0.0600 0.1553 -0.2555 -0.3639 -0.2958 -0.1732 0.2673 0.0513 -0.3754 -0.3371 -0.2569 -0.0148 0.1748 -0.1919 -0.3679 -0.3046 -0.1936 0.2746 0.0863 -0.3614 -0.3488 -0.2740 -0.1197 0.2251 -0.0139 -0.3758 -0.3272 -0.2411 0.0730
-0.2285 -0.3292 -0.3764 -0.0020 0.2308 -0.1266 -0.2758 -0.3500 -0.3591 0.0889 0.2741 -0.1942 -0.3046 -0.3678 -0.1976 0.1726 -0.0036 -0.2555 -0.3358 -0.3761 0.0453 0.2637 -0.1686 -0.2937 -0.3627 -0.2715 0.1490 0.0907 -0.2432 -0.3302 -0.3768 0.0237 0.2513 -0.1556 -0.2883 -0.3596 -0.3031 0.1351 0.1594 -0.2335 -0.3255 -0.3759 -0.0004 0.2376 -0.1411 -0.2828 -0.3562 -0.3293 0.1173 0.2547 -0.1430 0.2547 0.1173 -0.3293 -0.3562 -0.2828 -0.1411 0.2376 -0.0004 -0.3759 -0.3255 -0.2335 0.1594 0.1351 -0.3031 -0.3596 -0.2883 -0.1556 0.2513 0.0237 -0.3768 -0.3302 -0.2432 0.0907 0.1490 -0.2715 -0.3627 -0.2937 -0.1686 0.2637 0.0453 -0.3761 -0.3358 -0.2555 -0.0036 0.1726 -0.1976 -0.3678 -0.3046 -0.1942 0.2741 0.0889 -0.3591 -0.3500 -0.2758 -0.1266 0.2308 -0.0020 -0.3764 -0.3292 -0.2285
-0.3151 -0.3767 0.0089 0.2368 -0.1336 -0.2780 -0.3514 -0.3554 0.0928 0.2727 -0.1961 -0.3051 -0.3679 -0.1976 0.1718 0.0026 -0.2545 -0.3349 -0.3764 0.0401 0.2604 -0.1644 -0.2917 -0.3615 -0.2853 0.1432 0.1210 -0.2390 -0.3282 -0.3766 0.0141 0.2457 -0.1498 -0.2860 -0.3582 -0.3144 0.1292 0.1848 -0.2293 -0.3234 -0.3753 -0.0122 0.2315 -0.1345 -0.2805 -0.3547 -0.3368 0.1144 0.2402 -0.2089 -0.2804 -0.2089 0.2402 0.1144 -0.3368 -0.3547 -0.2805 -0.1345 0.2315 -0.0122 -0.3753 -0.3234 -0.2293 0.1848 0.1292 -0.3144 -0.3582 -0.2860 -0.1498 0.2457 0.0141 -0.3766 -0.3282 -0.2390 0.1210 0.1432 -0.2853 -0.3615 -0.2917 -0.1644 0.2604 0.0401 -0.3764 -0.3349 -0.2545 0.0026 0.1718 -0.1976 -0.3679 -0.3051 -0.1961 0.2727 0.0928 -0.3554 -0.3514 -0.2780 -0.1336 0.2368 0.0089 -0.3767 -0.3151
-0.3659 0.0190 0.2427 -0.1403 -0.2803 -0.3529 -0.3505 0.0977 0.2698 -0.1989 -0.3063 -0.3683 -0.1919 0.1726 0.0026 -0.2542 -0.3344 -0.3766 0.0363 0.2576 -0.1610 -0.2901 -0.3605 -0.2965 0.1379 0.1480 -0.2350 -0.3262 -0.3761 0.0037 0.2398 -0.1436 -0.2837 -0.3568 -0.3244 0.1234 0.2068 -0.2252 -0.3214 -0.3747 -0.0254 0.2255 -0.1273 -0.2782 -0.3531 -0.3439 0.1092 0.2474 -0.2130 -0.3123 -0.3611 -0.3123 -0.2130 0.2474 0.1092 -0.3439 -0.3531 -0.2782 -0.1273 0.2255 -0.0254 -0.3747 -0.3214 -0.2252 0.2068 0.1234 -0.3244 -0.3568 -0.2837 -0.1436 0.2398 0.0037 -0.3761 -0.3262 -0.2350 0.1480 0.1379 -0.2965 -0.3605 -0.2901 -0.1610 0.2576 0.0363 -0.3766 -0.3344 -0.2542 0.0026 0.1726 -0.1919 -0.3683 -0.3063 -0.1989 0.2698 0.0977 -0.3505 -0.3529 -0.2803 -0.1403 0.2427 0.0190 -0.3659
0.0208 0.2485 -0.1467 -0.2826 -0.3545 -0.3444 0.1032 0.2649 -0.2024 -0.3079 -0.3690 -0.1808 0.1748 -0.0036 -0.2545 -0.3344 -0.3766 0.0342 0.2557 -0.1585 -0.2889 -0.3596 -0.3052 0.1333 0.1703 -0.2314 -0.3243 -0.3756 -0.0076 0.2338 -0.1371 -0.2814 -0.3553 -0.3332 0.1176 0.2252 -0.2210 -0.3193 -0.3741 -0.0402 0.2195 -0.1195 -0.2759 -0.3515 -0.3501 0.1036 0.2568 -0.2104 -0.3133 -0.3763 -0.3549 -0.3763 -0.3133 -0.2104 0.2568 0.1036 -0.3501 -0.3515 -0.2759 -0.1195 0.2195 -0.0402 -0.3741 -0.3193 -0.2210 0.2252 0.1176 -0.3332 -0.3553 -0.2814 -0.1371 0.2338 -0.0076 -0.3756 -0.3243 -0.2314 0.1703 0.1333 -0.3052 -0.3596 -0.2889 -0.1585 0.2557 0.0342 -0.3766 -0.3344 -0.2545 -0.0036 0.1748 -0.1808 -0.3690 -0.3079 -0.2024 0.2649 0.1032 -0.3444 -0.3545 -0.2826 -0.1467 0.2485 0.0208
0.2506 -0.1527 -0.2849 -0.3560 -0.3373 0.1089 0.2573 -0.2064 -0.3098 -0.3697 -0.1653 0.1782 -0.0148 -0.2555 -0.3349 -0.3766 0.0342 0.2551 -0.1572 -0.2881 -0.3590 -0.3113 0.1296 0.1877 -0.2282 -0.3226 -0.3750 -0.0192 0.2281 -0.1302 -0.2792 -0.3537 -0.3409 0.1119 0.2403 -0.2168 -0.3172 -0.3734 -0.0565 0.2136 -0.1110 -0.2736 -0.3499 -0.3555 0.0978 0.2646 -0.2065 -0.3118 -0.3718 -0.1569 0.0965 -0.1569 -0.3718 -0.3118 -0.2065 0.2646 0.0978 -0.3555 -0.3499 -0.2736 -0.1110 0.2136 -0.0565 -0.3734 -0.3172 -0.2168 0.2403 0.1119 -0.3409 -0.3537 -0.2792 -0.1302 0.2281 -0.0192 -0.3750 -0.3226 -0.2282 0.1877 0.1296 -0.3113 -0.3590 -0.2881 -0.1572 0.2551 0.0342 -0.3766 -0.3349 -0.2555 -0.0148 0.1782 -0.1653 -0.3697 -0.3098 -0.2064 0.2573 0.1089 -0.3373 -0.3560 -0.2849 -0.1527 0.2506
-0.1523 -0.2872 -0.3575 -0.3290 0.1147 0.2468 -0.2106 -0.3119 -0.3706 -0.1463 0.1826 -0.0291 -0.2569 -0.3358 -0.3764 0.0363 0.2557 -0.1572 -0.2878 -0.3587 -0.3149 0.1270 0.1998 -0.2256 -0.3212 -0.3746 -0.0303 0.2229 -0.1234 -0.2770 -0.3522 -0.3475 0.1061 0.2523 -0.2127 -0.3151 -0.3726 -0.0744 0.2077 -0.1017 -0.2713 -0.3482 -0.3601 0.0920 0.2702 -0.2023 -0.3098 -0.3707 -0.1362 0.1735 0.2694 0.1735 -0.1362 -0.3707 -0.3098 -0.2023 0.2702 0.0920 -0.3601 -0.3482 -0.2713 -0.1017 0.2077 -0.0744 -0.3726 -0.3151 -0.2127 0.2523 0.1061 -0.3475 -0.3522 -0.2770 -0.1234 0.2229 -0.0303 -0.3746 -0.3212 -0.2256 0.1998 0.1270 -0.3149 -0.3587 -0.2878 -0.1572 0.2557 0.0363 -0.3764 -0.3358 -0.2569 -0.0291 0.1826 -0.1463 -0.3706 -0.3119 -0.2106 0.2468 0.1147 -0.3290 -0.3575 -0.2872 -0.1523
-0.2724 -0.3590 -0.3197 0.1205 0.2332 -0.2148 -0.3140 -0.3715 -0.1252 0.1877 -0.0447 -0.2588 -0.3371 -0.3761 0.0401 0.2576 -0.1585 -0.2881 -0.3587 -0.3162 0.1257 0.2066 -0.2238 -0.3201 -0.3741 -0.0405 0.2185 -0.1170 -0.2750 -0.3507 -0.3530 0.1005 0.2613 -0.2085 -0.3129 -0.3718 -0.0940 0.2018 -0.0914 -0.2689 -0.3465 -0.3640 0.0860 0.2736 -0.1980 -0.3076 -0.3697 -0.1494 0.1846 -0.0090 -0.2066 -0.0090 0.1846 -0.1494 -0.3697 -0.3076 -0.1980 0.2736 0.0860 -0.3640 -0.3465 -0.2689 -0.0914 0.2018 -0.0940 -0.3718 -0.3129 -0.2085 0.2613 0.1005 -0.3530 -0.3507 -0.2750 -0.1170 0.2185 -0.0405 -0.3741 -0.3201 -0.2238 0.2066 0.1257 -0.3162 -0.3587 -0.2881 -0.1585 0.2576 0.0401 -0.3761 -0.3371 -0.2588 -0.0447 0.1877 -0.1252 -0.3715 -0.3140 -0.2148 0.2332 0.1205 -0.3197 -0.3590 -0.2724
-0.3458 -0.3090 0.1263 0.2163 -0.2190 -0.3162 -0.3723 -0.1038 0.1933 -0.0599 -0.2609 -0.3387 -0.3754 0.0453 0.2604 -0.1610 -0.2889 -0.3590 -0.3149 0.1257 0.2088 -0.2229 -0.3194 -0.3738 -0.0489 0.2148 -0.1113 -0.2733 -0.3494 -0.3572 0.0954 0.2675 -0.2044 -0.3108 -0.3710 -0.1148 0.1960 -0.0797 -0.2666 -0.3448 -0.3673 0.0799 0.2752 -0.1936 -0.3055 -0.3687 -0.1696 0.1814 -0.0338 -0.2542 -0.3070 -0.2542 -0.0338 0.1814 -0.1696 -0.3687 -0.3055 -0.1936 0.2752 0.0799 -0.3673 -0.3448 -0.2666 -0.0797 0.1960 -0.1148 -0.3710 -0.3108 -0.2044 0.2675 0.0954 -0.3572 -0.3494 -0.2733 -0.1113 0.2148 -0.0489 -0.3738 -0.3194 -0.2229 0.2088 0.1257 -0.3149 -0.3590 -0.2889 -0.1610 0.2604 0.0453 -0.3754 -0.3387 -0.2609 -0.0599 0.1933 -0.1038 -0.3723 -0.3162 -0.2190 0.2163 0.1263 -0.3090 -0.3458
-0.2997 0.1323 0.1960 -0.2232 -0.3183 -0.3730 -0.0834 0.1991 -0.0739 -0.2632 -0.3404 -0.3744 0.0513 0.2637 -0.1644 -0.2901 -0.3596 -0.3113 0.1270 0.2066 -0.2229 -0.3192 -0.3737 -0.0544 0.2123 -0.1065 -0.2719 -0.3483 -0.3605 0.0908 0.2714 -0.2007 -0.3088 -0.3702 -0.1359 0.1904 -0.0667 -0.2643 -0.3430 -0.3700 0.0737 0.2753 -0.1891 -0.3033 -0.3677 -0.1909 0.1763 -0.0224 -0.2571 -0.3366 -0.3794 -0.3366 -0.2571 -0.0224 0.1763 -0.1909 -0.3677 -0.3033 -0.1891 0.2753 0.0737 -0.3700 -0.3430 -0.2643 -0.0667 0.1904 -0.1359 -0.3702 -0.3088 -0.2007 0.2714 0.0908 -0.3605 -0.3483 -0.2719 -0.1065 0.2123 -0.0544 -0.3737 -0.3192 -0.2229 0.2066 0.1270 -0.3113 -0.3596 -0.2901 -0.1644 0.2637 0.0513 -0.3744 -0.3404 -0.2632 -0.0739 0.1991 -0.0834 -0.3730 -0.3183 -0.2232 0.1960 0.1323 -0.2997
0.1345 0.1720 -0.2273 -0.3204 -0.3737 -0.0645 0.2050 -0.0863 -0.2656 -0.3422 -0.3729 0.0578 0.2673 -0.1686 -0.2917 -0.3605 -0.3052 0.1296 0.1998 -0.2238 -0.3194 -0.3737 -0.0563 0.2110 -0.1035 -0.2709 -0.3474 -0.3629 0.0868 0.2737 -0.1973 -0.3071 -0.3694 -0.1561 0.1851 -0.0523 -0.2620 -0.3412 -0.3721 0.0674 0.2742 -0.1846 -0.3011 -0.3667 -0.2117 0.1703 -0.0023 -0.2558 -0.3362 -0.3798 -0.2050 -0.3798 -0.3362 -0.2558 -0.0023 0.1703 -0.2117 -0.3667 -0.3011 -0.1846 0.2742 0.0674 -0.3721 -0.3412 -0.2620 -0.0523 0.1851 -0.1561 -0.3694 -0.3071 -0.1973 0.2737 0.0868 -0.3629 -0.3474 -0.2709 -0.1035 0.2110 -0.0563 -0.3737 -0.3194 -0.2238 0.1998 0.1296 -0.3052 -0.3605 -0.2917 -0.1686 0.2673 0.0578 -0.3729 -0.3422 -0.2656 -0.0863 0.2050 -0.0645 -0.3737 -0.3204 -0.2273 0.1720 0.1345
0.1407 -0.2315 -0.3225 -0.3744 -0.0473 0.2109 -0.0973 -0.2679 -0.3440 -0.3710 0.0646 0.2707 -0.1732 -0.2937 -0.3615 -0.2965 0.1333 0.1877 -0.2256 -0.3201 -0.3738 -0.0544 0.2110 -0.1024 -0.2704 -0.3469 -0.3644 0.0837 0.2748 -0.1944 -0.3055 -0.3686 -0.1743 0.1802 -0.0366 -0.2598 -0.3395 -0.3738 0.0610 0.2720 -0.1800 -0.2989 -0.3656 -0.2312 0.1638 0.0224 -0.2528 -0.3346 -0.3765 0.0213 0.1580 0.0213 -0.3765 -0.3346 -0.2528 0.0224 0.1638 -0.2312 -0.3656 -0.2989 -0.1800 0.2720 0.0610 -0.3738 -0.3395 -0.2598 -0.0366 0.1802 -0.1743 -0.3686 -0.3055 -0.1944 0.2748 0.0837 -0.3644 -0.3469 -0.2704 -0.1024 0.2110 -0.0544 -0.3738 -0.3201 -0.2256 0.1877 0.1333 -0.2965 -0.3615 -0.2937 -0.1732 0.2707 0.0646 -0.3710 -0.3440 -0.2679 -0.0973 0.2109 -0.0473 -0.3744 -0.3225 -0.2315 0.1407
-0.2207 -0.3246 -0.3751 -0.0318 0.2169 -0.1071 -0.2703 -0.3458 -0.3685 0.0711 0.2734 -0.1780 -0.2958 -0.3627 -0.2853 0.1379 0.1703 -0.2282 -0.3212 -0.3741 -0.0489 0.2123 -0.1035 -0.2704 -0.3467 -0.3652 0.0818 0.2753 -0.1922 -0.3042 -0.3679 -0.1897 0.1759 -0.0205 -0.2577 -0.3378 -0.3750 0.0544 0.2690 -0.1754 -0.2968 -0.3644 -0.2489 0.1576 0.0499 -0.2488 -0.3328 -0.3767 0.0303 0.2419 0.0614 0.2419 0.0303 -0.3767 -0.3328 -0.2488 0.0499 0.1576 -0.2489 -0.3644 -0.2968 -0.1754 0.2690 0.0544 -0.3750 -0.3378 -0.2577 -0.0205 0.1759 -0.1897 -0.3679 -0.3042 -0.1922 0.2753 0.0818 -0.3652 -0.3467 -0.2704 -0.1035 0.2123 -0.0489 -0.3741 -0.3212 -0.2282 0.1703 0.1379 -0.2853 -0.3627 -0.2958 -0.1780 0.2734 0.0711 -0.3685 -0.3458 -0.2703 -0.1071 0.2169 -0.0318 -0.3751 -0.3246 -0.2207
-0.3104 -0.3757 -0.0179 0.2229 -0.1160 -0.2726 -0.3475 -0.3654 0.0775 0.2750 -0.1828 -0.2980 -0.3639 -0.2715 0.1432 0.1480 -0.2314 -0.3226 -0.3746 -0.0405 0.2148 -0.1065 -0.2709 -0.3469 -0.3652 0.0811 0.2754 -0.1907 -0.3033 -0.3674 -0.2017 0.1722 -0.0052 -0.2559 -0.3363 -0.3758 0.0479 0.2654 -0.1708 -0.2946 -0.3633 -0.2649 0.1516 0.0790 -0.2447 -0.3308 -0.3768 0.0253 0.2500 -0.1413 -0.2452 -0.1413 0.2500 0.0253 -0.3768 -0.3308 -0.2447 0.0790 0.1516 -0.2649 -0.3633 -0.2946 -0.1708 0.2654 0.0479 -0.3758 -0.3363 -0.2559 -0.0052 0.1722 -0.2017 -0.3674 -0.3033 -0.1907 0.2754 0.0811 -0.3652 -0.3469 -0.2709 -0.1065 0.2148 -0.0405 -0.3746 -0.3226 -0.2314 0.1480 0.1432 -0.2715 -0.3639 -0.2980 -0.1828 0.2750 0.0775 -0.3654 -0.3475 -0.2726 -0.1160 0.2229 -0.0179 -0.3757 -0.3104
-0.3646 -0.0054 0.2290 -0.1240 -0.2750 -0.3492 -0.3618 0.0837 0.2754 -0.1874 -0.3003 -0.3651 -0.2555 0.1490 0.1210 -0.2350 -0.3243 -0.3750 -0.0303 0.2185 -0.1113 -0.2719 -0.3474 -0.3644 0.0818 0.2754 -0.1903 -0.3028 -0.3671 -0.2101 0.1691 0.0082 -0.2541 -0.3350 -0.3763 0.0418 0.2617 -0.1663 -0.2926 -0.3621 -0.2794 0.1457 0.1082 -0.2407 -0.3289 -0.3767 0.0170 0.2467 -0.1484 -0.2811 -0.3328 -0.2811 -0.1484 0.2467 0.0170 -0.3767 -0.3289 -0.2407 0.1082 0.1457 -0.2794 -0.3621 -0.2926 -0.1663 0.2617 0.0418 -0.3763 -0.3350 -0.2541 0.0082 0.1691 -0.2101 -0.3671 -0.3028 -0.1903 0.2754 0.0818 -0.3644 -0.3474 -0.2719 -0.1113 0.2185 -0.0303 -0.3750 -0.3243 -0.2350 0.1210 0.1490 -0.2555 -0.3651 -0.3003 -0.1874 0.2754 0.0837 -0.3618 -0.3492 -0.2750 -0.1240 0.2290 -0.0054 -0.3646
-0.0029 0.2351 -0.1315 -0.2773 -0.3509 -0.3574 0.0897 0.2744 -0.1919 -0.3025 -0.3663 -0.2377 0.1553 0.0907 -0.2390 -0.3262 -0.3756 -0.0192 0.2229 -0.1170 -0.2733 -0.3483 -0.3629 0.0837 0.2753 -0.1907 -0.3028 -0.3670 -0.2143 0.1670 0.0186 -0.2523 -0.3339 -0.3766 0.0364 0.2582 -0.1621 -0.2907 -0.3610 -0.2920 0.1401 0.1366 -0.2368 -0.3270 -0.3763 0.0075 0.2416 -0.1448 -0.2833 -0.3581 -0.3884 -0.3581 -0.2833 -0.1448 0.2416 0.0075 -0.3763 -0.3270 -0.2368 0.1366 0.1401 -0.2920 -0.3610 -0.2907 -0.1621 0.2582 0.0364 -0.3766 -0.3339 -0.2523 0.0186 0.1670 -0.2143 -0.3670 -0.3028 -0.1907 0.2753 0.0837 -0.3629 -0.3483 -0.2733 -0.1170 0.2229 -0.0192 -0.3756 -0.3262 -0.2390 0.0907 0.1553 -0.2377 -0.3663 -0.3025 -0.1919 0.2744 0.0897 -0.3574 -0.3509 -0.2773 -0.1315 0.2351 -0.0029
0.2380 -0.1384 -0.2796 -0.3525 -0.3523 0.0956 0.2716 -0.1964 -0.3047 -0.3674 -0.2184 0.1617 0.0600 -0.2432 -0.3282 -0.3761 -0.0076 0.2281 -0.1234 -0.2750 -0.3494 -0.3605 0.0868 0.2748 -0.1922 -0.3033 -0.3671 -0.2143 0.1663 0.0244 -0.2510 -0.3331 -0.3768 0.0318 0.2550 -0.1584 -0.2891 -0.3599 -0.3023 0.1350 0.1618 -0.2329 -0.3251 -0.3758 -0.0029 0.2361 -0.1392 -0.2819 -0.3558 -0.3482 0.0004 -0.3482 -0.3558 -0.2819 -0.1392 0.2361 -0.0029 -0.3758 -0.3251 -0.2329 0.1618 0.1350 -0.3023 -0.3599 -0.2891 -0.1584 0.2550 0.0318 -0.3768 -0.3331 -0.2510 0.0244 0.1663 -0.2143 -0.3671 -0.3033 -0.1922 0.2748 0.0868 -0.3605 -0.3494 -0.2750 -0.1234 0.2281 -0.0076 -0.3761 -0.3282 -0.2432 0.0600 0.1617 -0.2184 -0.3674 -0.3047 -0.1964 0.2716 0.0956 -0.3523 -0.3525 -0.2796 -0.1384 0.2380
-0.1397 -0.2819 -0.3541 -0.3463 0.1015 0.2669 -0.2008 -0.3069 -0.3684 -0.1978 0.1683 0.0309 -0.2475 -0.3302 -0.3766 0.0037 0.2338 -0.1302 -0.2770 -0.3507 -0.3572 0.0908 0.2737 -0.1944 -0.3042 -0.3674 -0.2101 0.1670 0.0244 -0.2505 -0.3327 -0.3768 0.0284 0.2525 -0.1553 -0.2877 -0.3589 -0.3106 0.1305 0.1825 -0.2293 -0.3233 -0.3753 -0.0141 0.2304 -0.1329 -0.2799 -0.3543 -0.3424 0.0974 0.2243 0.0974 -0.3424 -0.3543 -0.2799 -0.1329 0.2304 -0.0141 -0.3753 -0.3233 -0.2293 0.1825 0.1305 -0.3106 -0.3589 -0.2877 -0.1553 0.2525 0.0284 -0.3768 -0.3327 -0.2505 0.0244 0.1670 -0.2101 -0.3674 -0.3042 -0.1944 0.2737 0.0908 -0.3572 -0.3507 -0.2770 -0.1302 0.2338 0.0037 -0.3766 -0.3302 -0.2475 0.0309 0.1683 -0.1978 -0.3684 -0.3069 -0.2008 0.2669 0.1015 -0.3463 -0.3541 -0.2819 -0.1397
-0.2670 -0.3556 -0.3394 0.1073 0.2598 -0.2051 -0.3091 -0.3694 -0.1762 0.1746 0.0046 -0.2517 -0.3322 -0.3768 0.0141 0.2398 -0.1371 -0.2792 -0.3522 -0.3530 0.0954 0.2714 -0.1973 -0.3055 -0.3679 -0.2017 0.1691 0.0186 -0.2510 -0.3327 -0.3768 0.0266 0.2508 -0.1531 -0.2866 -0.3582 -0.3171 0.1266 0.1987 -0.2261 -0.3216 -0.3747 -0.0260 0.2250 -0.1262 -0.2778 -0.3528 -0.3461 0.1044 0.2708 -0.1257 0.2708 0.1044 -0.3461 -0.3528 -0.2778 -0.1262 0.2250 -0.0260 -0.3747 -0.3216 -0.2261 0.1987 0.1266 -0.3171 -0.3582 -0.2866 -0.1531 0.2508 0.0266 -0.3768 -0.3327 -0.2510 0.0186 0.1691 -0.2017 -0.3679 -0.3055 -0.1973 0.2714 0.0954 -0.3530 -0.3522 -0.2792 -0.1371 0.2398 0.0141 -0.3768 -0.3322 -0.2517 0.0046 0.1746 -0.1762 -0.3694 -0.3091 -0.2051 0.2598 0.1073 -0.3394 -0.3556 -0.2670
-0.3423 -0.3315 0.1131 0.2501 -0.2094 -0.3113 -0.3703 -0.1540 0.1803 -0.0184 -0.2552 -0.3341 -0.3768 0.0237 0.2457 -0.1436 -0.2814 -0.3537 -0.3475 0.1005 0.2675 -0.2007 -0.3071 -0.3686 -0.1897 0.1722 0.0082 -0.2523 -0.3331 -0.3768 0.0266 0.2503 -0.1519 -0.2859 -0.3576 -0.3217 0.1235 0.2110 -0.2234 -0.3201 -0.3742 -0.0379 0.2198 -0.1194 -0.2757 -0.3513 -0.3512 0.1017 0.2631 -0.1991 -0.2749 -0.1991 0.2631 0.1017 -0.3512 -0.3513 -0.2757 -0.1194 0.2198 -0.0379 -0.3742 -0.3201 -0.2234 0.2110 0.1235 -0.3217 -0.3576 -0.2859 -0.1519 0.2503 0.0266 -0.3768 -0.3331 -0.2523 0.0082 0.1722 -0.1897 -0.3686 -0.3071 -0.2007 0.2675 0.1005 -0.3475 -0.3537 -0.2814 -0.1436 0.2457 0.0237 -0.3768 -0.3341 -0.2552 -0.0184 0.1803 -0.1540 -0.3703 -0.3113 -0.2094 0.2501 0.1131 -0.3315 -0.3423
-0.3221 0.1190 0.2374 -0.2136 -0.3134 -0.3712 -0.1316 0.1860 -0.0383 -0.2577 -0.3361 -0.3765 0.0325 0.2513 -0.1498 -0.2837 -0.3553 -0.3409 0.1061 0.2613 -0.2044 -0.3088 -0.3694 -0.1743 0.1759 -0.0052 -0.2541 -0.3339 -0.3768 0.0284 0.2508 -0.1519 -0.2857 -0.3573 -0.3245 0.1213 0.2196 -0.2212 -0.3189 -0.3738 -0.0490 0.2153 -0.1126 -0.2738 -0.3499 -0.3558 0.0971 0.2663 -0.2037 -0.3072 -0.3567 -0.3072 -0.2037 0.2663 0.0971 -0.3558 -0.3499 -0.2738 -0.1126 0.2153 -0.0490 -0.3738 -0.3189 -0.2212 0.2196 0.1213 -0.3245 -0.3573 -0.2857 -0.1519 0.2508 0.0284 -0.3768 -0.3339 -0.2541 -0.0052 0.1759 -0.1743 -0.3694 -0.3088 -0.2044 0.2613 0.1061 -0.3409 -0.3553 -0.2837 -0.1498 0.2513 0.0325 -0.3765 -0.3361 -0.2577 -0.0383 0.1860 -0.1316 -0.3712 -0.3134 -0.2136 0.2374 0.1190 -0.3221
0.1208 0.2214 -0.2178 -0.3156 -0.3720 -0.1098 0.1917 -0.0554 -0.2601 -0.3380 -0.3758 0.0407 0.2567 -0.1556 -0.2860 -0.3568 -0.3332 0.1119 0.2523 -0.2085 -0.3108 -0.3702 -0.1561 0.1802 -0.0205 -0.2559 -0.3350 -0.3766 0.0318 0.2525 -0.1531 -0.2859 -0.3573 -0.3255 0.1201 0.2247 -0.2197 -0.3179 -0.3734 -0.0589 0.2115 -0.1063 -0.2720 -0.3486 -0.3596 0.0922 0.2704 -0.2015 -0.3087 -0.3742 -0.3673 -0.3742 -0.3087 -0.2015 0.2704 0.0922 -0.3596 -0.3486 -0.2720 -0.1063 0.2115 -0.0589 -0.3734 -0.3179 -0.2197 0.2247 0.1201 -0.3255 -0.3573 -0.2859 -0.1531 0.2525 0.0318 -0.3766 -0.3350 -0.2559 -0.0205 0.1802 -0.1561 -0.3702 -0.3108 -0.2085 0.2523 0.1119 -0.3332 -0.3568 -0.2860 -0.1556 0.2567 0.0407 -0.3758 -0.3380 -0.2601 -0.0554 0.1917 -0.1098 -0.3720 -0.3156 -0.2178 0.2214 0.1208
0.1970 -0.2220 -0.3177 -0.3728 -0.0890 0.1975 -0.0701 -0.2625 -0.3398 -0.3748 0.0484 0.2616 -0.1612 -0.2883 -0.3582 -0.3244 0.1176 0.2403 -0.2127 -0.3129 -0.3710 -0.1359 0.1851 -0.0366 -0.2577 -0.3363 -0.3763 0.0364 0.2550 -0.1553 -0.2866 -0.3576 -0.3245 0.1201 0.2265 -0.2188 -0.3173 -0.3731 -0.0668 0.2085 -0.1008 -0.2706 -0.3474 -0.3627 0.0875 0.2732 -0.1982 -0.3074 -0.3700 -0.2029 0.0846 -0.2029 -0.3700 -0.3074 -0.1982 0.2732 0.0875 -0.3627 -0.3474 -0.2706 -0.1008 0.2085 -0.0668 -0.3731 -0.3173 -0.2188 0.2265 0.1201 -0.3245 -0.3576 -0.2866 -0.1553 0.2550 0.0364 -0.3763 -0.3363 -0.2577 -0.0366 0.1851 -0.1359 -0.3710 -0.3129 -0.2127 0.2403 0.1176 -0.3244 -0.3582 -0.2883 -0.1612 0.2616 0.0484 -0.3748 -0.3398 -0.2625 -0.0701 0.1975 -0.0890 -0.3728 -0.3177 -0.2220 0.1970
-0.2127 -0.3198 -0.3735 -0.0697 0.2033 -0.0830 -0.2649 -0.3417 -0.3734 0.0557 0.2660 -0.1665 -0.2906 -0.3596 -0.3144 0.1234 0.2252 -0.2168 -0.3151 -0.3718 -0.1148 0.1904 -0.0523 -0.2598 -0.3378 -0.3758 0.0418 0.2582 -0.1584 -0.2877 -0.3582 -0.3217 0.1213 0.2247 -0.2188 -0.3171 -0.3730 -0.0720 0.2064 -0.0964 -0.2694 -0.3464 -0.3649 0.0834 0.2747 -0.1949 -0.3058 -0.3689 -0.1805 0.1612 0.2727 0.1612 -0.1805 -0.3689 -0.3058 -0.1949 0.2747 0.0834 -0.3649 -0.3464 -0.2694 -0.0964 0.2064 -0.0720 -0.3730 -0.3171 -0.2188 0.2247 0.1213 -0.3217 -0.3582 -0.2877 -0.1584 0.2582 0.0418 -0.3758 -0.3378 -0.2598 -0.0523 0.1904 -0.1148 -0.3718 -0.3151 -0.2168 0.2252 0.1234 -0.3144 -0.3596 -0.2906 -0.1665 0.2660 0.0557 -0.3734 -0.3417 -0.2649 -0.0830 0.2033 -0.0697 -0.3735 -0.3198 -0.2127
-0.3056 -0.3743 -0.0520 0.2093 -0.0943 -0.2672 -0.3435 -0.3716 0.0626 0.2697 -0.1717 -0.2929 -0.3610 -0.3031 0.1292 0.2068 -0.2210 -0.3172 -0.3726 -0.0940 0.1960 -0.0667 -0.2620 -0.3395 -0.3750 0.0479 0.2617 -0.1621 -0.2891 -0.3589 -0.3171 0.1235 0.2196 -0.2197 -0.3173 -0.3730 -0.0738 0.2052 -0.0934 -0.2685 -0.3456 -0.3666 0.0800 0.2754 -0.1919 -0.3043 -0.3681 -0.1891 0.1729 0.0421 -0.1968 0.0421 0.1729 -0.1891 -0.3681 -0.3043 -0.1919 0.2754 0.0800 -0.3666 -0.3456 -0.2685 -0.0934 0.2052 -0.0738 -0.3730 -0.3173 -0.2197 0.2196 0.1235 -0.3171 -0.3589 -0.2891 -0.1621 0.2617 0.0479 -0.3750 -0.3395 -0.2620 -0.0667 0.1960 -0.0940 -0.3726 -0.3172 -0.2210 0.2068 0.1292 -0.3031 -0.3610 -0.2929 -0.1717 0.2697 0.0626 -0.3716 -0.3435 -0.2672 -0.0943 0.2093 -0.0520 -0.3743 -0.3056
-0.3628 -0.0360 0.2152 -0.1044 -0.2696 -0.3453 -0.3693 0.0693 0.2727 -0.1766 -0.2951 -0.3623 -0.2904 0.1351 0.1848 -0.2252 -0.3193 -0.3734 -0.0744 0.2018 -0.0797 -0.2643 -0.3412 -0.3738 0.0544 0.2654 -0.1663 -0.2907 -0.3599 -0.3106 0.1266 0.2110 -0.2212 -0.3179 -0.3731 -0.0720 0.2052 -0.0923 -0.2681 -0.3452 -0.3677 0.0773 0.2755 -0.1893 -0.3029 -0.3674 -0.2020 0.1718 0.0047 -0.2480 -0.3024 -0.2480 0.0047 0.1718 -0.2020 -0.3674 -0.3029 -0.1893 0.2755 0.0773 -0.3677 -0.3452 -0.2681 -0.0923 0.2052 -0.0720 -0.3731 -0.3179 -0.2212 0.2110 0.1266 -0.3106 -0.3599 -0.2907 -0.1663 0.2654 0.0544 -0.3738 -0.3412 -0.2643 -0.0797 0.2018 -0.0744 -0.3734 -0.3193 -0.2252 0.1848 0.1351 -0.2904 -0.3623 -0.2951 -0.1766 0.2727 0.0693 -0.3693 -0.3453 -0.2696 -0.1044 0.2152 -0.0360 -0.3628
-0.0325 0.2213 -0.1136 -0.2719 -0.3470 -0.3664 0.0757 0.2747 -0.1814 -0.2974 -0.3636 -0.2763 0.1410 0.1594 -0.2293 -0.3214 -0.3741 -0.0565 0.2077 -0.0914 -0.2666 -0.3430 -0.3721 0.0610 0.2690 -0.1708 -0.2926 -0.3610 -0.3023 0.1305 0.1987 -0.2234 -0.3189 -0.3734 -0.0668 0.2064 -0.0934 -0.2681 -0.3450 -0.3682 0.0755 0.2753 -0.1874 -0.3018 -0.3667 -0.2140 0.1682 0.0117 -0.2527 -0.3329 -0.3768 -0.3329 -0.2527 0.0117 0.1682 -0.2140 -0.3667 -0.3018 -0.1874 0.2753 0.0755 -0.3682 -0.3450 -0.2681 -0.0934 0.2064 -0.0668 -0.3734 -0.3189 -0.2234 0.1987 0.1305 -0.3023 -0.3610 -0.2926 -0.1708 0.2690 0.0610 -0.3721 -0.3430 -0.2666 -0.0914 0.2077 -0.0565 -0.3741 -0.3214 -0.2293 0.1594 0.1410 -0.2763 -0.3636 -0.2974 -0.1814 0.2747 0.0757 -0.3664 -0.3470 -0.2719 -0.1136 0.2213 -0.0325
0.2246 -0.1219 -0.2743 -0.3487 -0.3629 0.0819 0.2755 -0.1861 -0.2996 -0.3648 -0.2607 0.1471 0.1311 -0.2335 -0.3234 -0.3747 -0.0402 0.2136 -0.1017 -0.2689 -0.3448 -0.3700 0.0674 0.2720 -0.1754 -0.2946 -0.3621 -0.2920 0.1350 0.1825 -0.2261 -0.3201 -0.3738 -0.0589 0.2085 -0.0964 -0.2685 -0.3452 -0.3682 0.0749 0.2752 -0.1861 -0.3010 -0.3663 -0.2238 0.1647 0.0251 -0.2514 -0.3333 -0.3804 -0.2383 -0.3804 -0.3333 -0.2514 0.0251 0.1647 -0.2238 -0.3663 -0.3010 -0.1861 0.2752 0.0749 -0.3682 -0.3452 -0.2685 -0.0964 0.2085 -0.0589 -0.3738 -0.3201 -0.2261 0.1825 0.1350 -0.2920 -0.3621 -0.2946 -0.1754 0.2720 0.0674 -0.3700 -0.3448 -0.2689 -0.1017 0.2136 -0.0402 -0.3747 -0.3234 -0.2335 0.1311 0.1471 -0.2607 -0.3648 -0.2996 -0.1861 0.2755 0.0819 -0.3629 -0.3487 -0.2743 -0.1219 0.2246
-0.1250 -0.2766 -0.3504 -0.3587 0.0880 0.2749 -0.1907 -0.3018 -0.3659 -0.2435 0.1532 0.1008 -0.2376 -0.3255 -0.3753 -0.0254 0.2195 -0.1110 -0.2713 -0.3465 -0.3673 0.0737 0.2742 -0.1800 -0.2968 -0.3633 -0.2794 0.1401 0.1618 -0.2293 -0.3216 -0.3742 -0.0490 0.2115 -0.1008 -0.2694 -0.3456 -0.3677 0.0755 0.2752 -0.1857 -0.3006 -0.3660 -0.2306 0.1620 0.0379 -0.2494 -0.3326 -0.3767 0.0077 0.1494 0.0077 -0.3767 -0.3326 -0.2494 0.0379 0.1620 -0.2306 -0.3660 -0.3006 -0.1857 0.2752 0.0755 -0.3677 -0.3456 -0.2694 -0.1008 0.2115 -0.0490 -0.3742 -0.3216 -0.2293 0.1618 0.1401 -0.2794 -0.3633 -0.2968 -0.1800 0.2742 0.0737 -0.3673 -0.3465 -0.2713 -0.1110 0.2195 -0.0254 -0.3753 -0.3255 -0.2376 0.1008 0.1532 -0.2435 -0.3659 -0.3018 -0.1907 0.2749 0.0880 -0.3587 -0.3504 -0.2766 -0.1250
-0.2616 -0.3520 -0.3539 0.0939 0.2726 -0.1951 -0.3040 -0.3670 -0.2248 0.1596 0.0701 -0.2418 -0.3275 -0.3759 -0.0122 0.2255 -0.1195 -0.2736 -0.3482 -0.3640 0.0799 0.2753 -0.1846 -0.2989 -0.3644 -0.2649 0.1457 0.1366 -0.2329 -0.3233 -0.3747 -0.0379 0.2153 -0.1063 -0.2706 -0.3464 -0.3666 0.0773 0.2753 -0.1861 -0.3006 -0.3659 -0.2340 0.1603 0.0476 -0.2478 -0.3317 -0.3768 0.0213 0.2341 0.1004 0.2341 0.0213 -0.3768 -0.3317 -0.2478 0.0476 0.1603 -0.2340 -0.3659 -0.3006 -0.1861 0.2753 0.0773 -0.3666 -0.3464 -0.2706 -0.1063 0.2153 -0.0379 -0.3747 -0.3233 -0.2329 0.1366 0.1457 -0.2649 -0.3644 -0.2989 -0.1846 0.2753 0.0799 -0.3640 -0.3482 -0.2736 -0.1195 0.2255 -0.0122 -0.3759 -0.3275 -0.2418 0.0701 0.1596 -0.2248 -0.3670 -0.3040 -0.1951 0.2726 0.0939 -0.3539 -0.3520 -0.2616
-0.3386 -0.3482 0.0998 0.2685 -0.1995 -0.3062 -0.3681 -0.2046 0.1661 0.0406 -0.2460 -0.3295 -0.3764 -0.0004 0.2315 -0.1273 -0.2759 -0.3499 -0.3601 0.0860 0.2752 -0.1891 -0.3011 -0.3656 -0.2489 0.1516 0.1082 -0.2368 -0.3251 -0.3753 -0.0260 0.2198 -0.1126 -0.2720 -0.3474 -0.3649 0.0800 0.2755 -0.1874 -0.3010 -0.3660 -0.2340 0.1597 0.0529 -0.2467 -0.3311 -0.3768 0.0208 0.2458 -0.1349 -0.2414 -0.1349 0.2458 0.0208 -0.3768 -0.3311 -0.2467 0.0529 0.1597 -0.2340 -0.3660 -0.3010 -0.1874 0.2755 0.0800 -0.3649 -0.3474 -0.2720 -0.1126 0.2198 -0.0260 -0.3753 -0.3251 -0.2368 0.1082 0.1516 -0.2489 -0.3656 -0.3011 -0.1891 0.2752 0.0860 -0.3601 -0.3499 -0.2759 -0.1273 0.2315 -0.0004 -0.3764 -0.3295 -0.2460 0.0406 0.1661 -0.2046 -0.3681 -0.3062 -0.1995 0.2685 0.0998 -0.3482 -0.3386
-0.3386 0.1057 0.2621 -0.2038 -0.3084 -0.3691 -0.1834 0.1725 0.0134 -0.2502 -0.3315 -0.3767 0.0103 0.2376 -0.1345 -0.2782 -0.3515 -0.3555 0.0920 0.2736 -0.1936 -0.3033 -0.3667 -0.2312 0.1576 0.0790 -0.2407 -0.3270 -0.3758 -0.0141 0.2250 -0.1194 -0.2738 -0.3486 -0.3627 0.0834 0.2754 -0.1893 -0.3018 -0.3663 -0.2306 0.1603 0.0529 -0.2463 -0.3307 -0.3768 0.0186 0.2458 -0.1456 -0.2795 -0.3309 -0.2795 -0.1456 0.2458 0.0186 -0.3768 -0.3307 -0.2463 0.0529 0.1603 -0.2306 -0.3663 -0.3018 -0.1893 0.2754 0.0834 -0.3627 -0.3486 -0.2738 -0.1194 0.2250 -0.0141 -0.3758 -0.3270 -0.2407 0.0790 0.1576 -0.2312 -0.3667 -0.3033 -0.1936 0.2736 0.0920 -0.3555 -0.3515 -0.2782 -0.1345 0.2376 0.0103 -0.3767 -0.3315 -0.2502 0.0134 0.1725 -0.1834 -0.3691 -0.3084 -0.2038 0.2621 0.1057 -0.3386
0.1072 0.2533 -0.2080 -0.3106 -0.3700 -0.1615 0.1783 -0.0107 -0.2540 -0.3334 -0.3768 0.0202 0.2435 -0.1411 -0.2805 -0.3531 -0.3501 0.0978 0.2702 -0.1980 -0.3055 -0.3677 -0.2117 0.1638 0.0499 -0.2447 -0.3289 -0.3763 -0.0029 0.2304 -0.1262 -0.2757 -0.3499 -0.3596 0.0875 0.2747 -0.1919 -0.3029 -0.3667 -0.2238 0.1620 0.0476 -0.2467 -0.3307 -0.3768 0.0171 0.2449 -0.1461 -0.2830 -0.3573 -0.3883 -0.3573 -0.2830 -0.1461 0.2449 0.0171 -0.3768 -0.3307 -0.2467 0.0476 0.1620 -0.2238 -0.3667 -0.3029 -0.1919 0.2747 0.0875 -0.3596 -0.3499 -0.2757 -0.1262 0.2304 -0.0029 -0.3763 -0.3289 -0.2447 0.0499 0.1638 -0.2117 -0.3677 -0.3055 -0.1980 0.2702 0.0978 -0.3501 -0.3531 -0.2805 -0.1411 0.2435 0.0202 -0.3768 -0.3334 -0.2540 -0.0107 0.1783 -0.1615 -0.3700 -0.3106 -0.2080 0.2533 0.1072
0.2365 -0.2123 -0.3127 -0.3709 -0.1394 0.1839 -0.0314 -0.2568 -0.3353 -0.3766 0.0291 0.2491 -0.1473 -0.2828 -0.3547 -0.3439 0.1036 0.2646 -0.2023 -0.3076 -0.3687 -0.1909 0.1703 0.0224 -0.2488 -0.3308 -0.3767 0.0075 0.2361 -0.1329 -0.2778 -0.3513 -0.3558 0.0922 0.2732 -0.1949 -0.3043 -0.3674 -0.2140 0.1647 0.0379 -0.2478 -0.3311 -0.3768 0.0171 0.2445 -0.1456 -0.2833 -0.3561 -0.3483 -0.0015 -0.3483 -0.3561 -0.2833 -0.1456 0.2445 0.0171 -0.3768 -0.3311 -0.2478 0.0379 0.1647 -0.2140 -0.3674 -0.3043 -0.1949 0.2732 0.0922 -0.3558 -0.3513 -0.2778 -0.1329 0.2361 0.0075 -0.3767 -0.3308 -0.2488 0.0224 0.1703 -0.1909 -0.3687 -0.3076 -0.2023 0.2646 0.1036 -0.3439 -0.3547 -0.2828 -0.1473 0.2491 0.0291 -0.3766 -0.3353 -0.2568 -0.0314 0.1839 -0.1394 -0.3709 -0.3127 -0.2123 0.2365
-0.2044 -0.3149 -0.3718 -0.1178 0.1895 -0.0491 -0.2592 -0.3372 -0.3761 0.0374 0.2544 -0.1532 -0.2851 -0.3562 -0.3368 0.1092 0.2568 -0.2065 -0.3098 -0.3697 -0.1696 0.1763 -0.0023 -0.2528 -0.3328 -0.3768 0.0170 0.2416 -0.1392 -0.2799 -0.3528 -0.3512 0.0971 0.2704 -0.1982 -0.3058 -0.3681 -0.2020 0.1682 0.0251 -0.2494 -0.3317 -0.3768 0.0186 0.2449 -0.1456 -0.2833 -0.3558 -0.3377 0.0994 0.2255 0.0994 -0.3377 -0.3558 -0.2833 -0.1456 0.2449 0.0186 -0.3768 -0.3317 -0.2494 0.0251 0.1682 -0.2020 -0.3681 -0.3058 -0.1982 0.2704 0.0971 -0.3512 -0.3528 -0.2799 -0.1392 0.2416 0.0170 -0.3768 -0.3328 -0.2528 -0.0023 0.1763 -0.1696 -0.3697 -0.3098 -0.2065 0.2568 0.1092 -0.3368 -0.3562 -0.2851 -0.1532 0.2544 0.0374 -0.3761 -0.3372 -0.2592 -0.0491 0.1895 -0.1178 -0.3718 -0.3149 -0.2044
-0.3003 -0.3726 -0.0984 0.1947 -0.0633 -0.2613 -0.3391 -0.3754 0.0445 0.2591 -0.1583 -0.2872 -0.3577 -0.3293 0.1144 0.2474 -0.2104 -0.3118 -0.3707 -0.1494 0.1814 -0.0224 -0.2558 -0.3346 -0.3767 0.0253 0.2467 -0.1448 -0.2819 -0.3543 -0.3461 0.1017 0.2663 -0.2015 -0.3074 -0.3689 -0.1891 0.1718 0.0117 -0.2514 -0.3326 -0.3768 0.0208 0.2458 -0.1461 -0.2833 -0.3558 -0.3361 0.1102 0.2673 -0.1298 0.2673 0.1102 -0.3361 -0.3558 -0.2833 -0.1461 0.2458 0.0208 -0.3768 -0.3326 -0.2514 0.0117 0.1718 -0.1891 -0.3689 -0.3074 -0.2015 0.2663 0.1017 -0.3461 -0.3543 -0.2819 -0.1448 0.2467 0.0253 -0.3767 -0.3346 -0.2558 -0.0224 0.1814 -0.1494 -0.3707 -0.3118 -0.2104 0.2474 0.1144 -0.3293 -0.3577 -0.2872 -0.1583 0.2591 0.0445 -0.3754 -0.3391 -0.2613 -0.0633 0.1947 -0.0984 -0.3726 -0.3003
-0.3609 -0.0867 0.1980 -0.0713 -0.2627 -0.3407 -0.3746 0.0488 0.2619 -0.1616 -0.2886 -0.3592 -0.3239 0.1173 0.2402 -0.2130 -0.3133 -0.3718 -0.1362 0.1846 -0.0338 -0.2571 -0.3362 -0.3765 0.0303 0.2500 -0.1484 -0.2833 -0.3558 -0.3424 0.1044 0.2631 -0.2037 -0.3087 -0.3700 -0.1805 0.1729 0.0047 -0.2527 -0.3333 -0.3767 0.0213 0.2458 -0.1456 -0.2830 -0.3561 -0.3377 0.1102 0.2538 -0.2025 -0.2763 -0.2025 0.2538 0.1102 -0.3377 -0.3561 -0.2830 -0.1456 0.2458 0.0213 -0.3767 -0.3333 -0.2527 0.0047 0.1729 -0.1805 -0.3700 -0.3087 -0.2037 0.2631 0.1044 -0.3424 -0.3558 -0.2833 -0.1484 0.2500 0.0303 -0.3765 -0.3362 -0.2571 -0.0338 0.1846 -0.1362 -0.3718 -0.3133 -0.2130 0.2402 0.1173 -0.3239 -0.3592 -0.2886 -0.1616 0.2619 0.0488 -0.3746 -0.3407 -0.2627 -0.0713 0.1980 -0.0867 -0.3609
-0.1226 0.1869 -0.0537 -0.2599 -0.3414 -0.3776 0.0409 0.2565 -0.1555 -0.2866 -0.3619 -0.3318 0.1102 0.2547 -0.2089 -0.3123 -0.3763 -0.1569 0.1735 -0.0090 -0.2542 -0.3366 -0.3798 0.0213 0.2419 -0.1413 -0.2811 -0.3581 -0.3482 0.0974 0.2708 -0.1991 -0.3072 -0.3742 -0.2029 0.1612 0.0421 -0.2480 -0.3329 -0.3804 0.0077 0.2341 -0.1349 -0.2795 -0.3573 -0.3483 0.0994 0.2673 -0.2025 -0.3067 -0.3590 -0.3067 -0.2025 0.2673 0.0994 -0.3483 -0.3573 -0.2795 -0.1349 0.2341 0.0077 -0.3804 -0.3329 -0.2480 0.0421 0.1612 -0.2029 -0.3742 -0.3072 -0.1991 0.2708 0.0974 -0.3482 -0.3581 -0.2811 -0.1413 0.2419 0.0213 -0.3798 -0.3366 -0.2542 -0.0090 0.1735 -0.1569 -0.3763 -0.3123 -0.2089 0.2547 0.1102 -0.3318 -0.3619 -0.2866 -0.1555 0.2565 0.0409 -0.3776 -0.3414 -0.2599 -0.0537 0.1869 -0.1226
0.1065 0.2549 -0.2150 -0.3125 -0.3822 -0.1535 0.1722 -0.0024 -0.2530 -0.3379 -0.3881 0.0231 0.2381 -0.1430 -0.2804 -0.3611 -0.3549 0.0965 0.2694 -0.2066 -0.3070 -0.3794 -0.2050 0.1580 0.0614 -0.2452 -0.3328 -0.3884 0.0004 0.2243 -0.1257 -0.2749 -0.3567 -0.3673 0.0846 0.2727 -0.1968 -0.3024 -0.3768 -0.2383 0.1494 0.1004 -0.2414 -0.3309 -0.3883 -0.0015 0.2255 -0.1298 -0.2763 -0.3590 -0.3999 -0.3590 -0.2763 -0.1298 0.2255 -0.0015 -0.3883 -0.3309 -0.2414 0.1004 0.1494 -0.2383 -0.3768 -0.3024 -0.1968 0.2727 0.0846 -0.3673 -0.3567 -0.2749 -0.1257 0.2243 0.0004 -0.3884 -0.3328 -0.2452 0.0614 0.1580 -0.2050 -0.3794 -0.3070 -0.2066 0.2694 0.0965 -0.3549 -0.3611 -0.2804 -0.1430 0.2381 0.0231 -0.3881 -0.3379 -0.2530 -0.0024 0.1722 -0.1535 -0.3822 -0.3125 -0.2150 0.2549 0.1065
