1.0000 1.0000 0.0004 0.0054 0.0696 0.9058 1.0000 0.0001 0.0014 0.0178 0.2321 1.0000 1.0000 0.0004 0.0046 0.0594 0.7721 1.0000 0.0001 0.0012 0.0152 0.1975 1.0000 1.0000 0.0003 0.0039 0.0505 0.6569 1.0000 0.0001 0.0010 0.0129 0.1680 1.0000 1.0000 0.0003 0.0033 0.0430 0.5588 1.0000 0.0001 0.0008 0.0110 0.1429 1.0000 1.0000 0.0002 0.0028 0.0350 0.3946 1.0000 0.3946 0.0350 0.0028 0.0002 1.0000 1.0000 0.1429 0.0110 0.0008 0.0001 1.0000 0.5588 0.0430 0.0033 0.0003 1.0000 1.0000 0.1680 0.0129 0.0010 0.0001 1.0000 0.6569 0.0505 0.0039 0.0003 1.0000 1.0000 0.1975 0.0152 0.0012 0.0001 1.0000 0.7721 0.0594 0.0046 0.0004 1.0000 1.0000 0.2321 0.0178 0.0014 0.0001 1.0000 0.9058 0.0696 0.0054 0.0004 1.0000 1.0000
1.0000 0.0004 0.0054 0.0694 0.8973 1.0000 0.0001 0.0014 0.0176 0.2286 1.0000 1.0000 0.0003 0.0045 0.0585 0.7604 1.0000 0.0001 0.0011 0.0150 0.1945 1.0000 1.0000 0.0003 0.0038 0.0497 0.6469 1.0000 0.0001 0.0010 0.0127 0.1654 1.0000 1.0000 0.0003 0.0033 0.0423 0.5504 1.0000 0.0001 0.0008 0.0108 0.1408 1.0000 1.0000 0.0002 0.0028 0.0357 0.4499 1.0000 1.0000 1.0000 0.4499 0.0357 0.0028 0.0002 1.0000 1.0000 0.1408 0.0108 0.0008 0.0001 1.0000 0.5504 0.0423 0.0033 0.0003 1.0000 1.0000 0.1654 0.0127 0.0010 0.0001 1.0000 0.6469 0.0497 0.0038 0.0003 1.0000 1.0000 0.1945 0.0150 0.0011 0.0001 1.0000 0.7604 0.0585 0.0045 0.0003 1.0000 1.0000 0.2286 0.0176 0.0014 0.0001 1.0000 0.8973 0.0694 0.0054 0.0004 1.0000
0.0004 0.0054 0.0676 0.8605 1.0000 0.0001 0.0013 0.0164 0.2135 1.0000 1.0000 0.0003 0.0042 0.0545 0.7088 1.0000 0.0001 0.0011 0.0139 0.1813 1.0000 1.0000 0.0003 0.0036 0.0464 0.6030 1.0000 0.0001 0.0009 0.0119 0.1542 1.0000 1.0000 0.0002 0.0030 0.0394 0.5130 1.0000 0.0001 0.0008 0.0101 0.1312 1.0000 1.0000 0.0002 0.0026 0.0334 0.4315 1.0000 1.0000 0.0002 1.0000 1.0000 0.4315 0.0334 0.0026 0.0002 1.0000 1.0000 0.1312 0.0101 0.0008 0.0001 1.0000 0.5130 0.0394 0.0030 0.0002 1.0000 1.0000 0.1542 0.0119 0.0009 0.0001 1.0000 0.6030 0.0464 0.0036 0.0003 1.0000 1.0000 0.1813 0.0139 0.0011 0.0001 1.0000 0.7088 0.0545 0.0042 0.0003 1.0000 1.0000 0.2135 0.0164 0.0013 0.0001 1.0000 0.8605 0.0676 0.0054 0.0004
0.0054 0.0694 0.8605 1.0000 0.0001 0.0012 0.0156 0.2009 1.0000 1.0000 0.0003 0.0039 0.0508 0.6606 1.0000 0.0001 0.0010 0.0130 0.1689 1.0000 1.0000 0.0003 0.0033 0.0432 0.5620 1.0000 0.0001 0.0008 0.0110 0.1437 1.0000 1.0000 0.0002 0.0028 0.0368 0.4781 1.0000 0.0001 0.0007 0.0094 0.1223 1.0000 1.0000 0.0002 0.0024 0.0312 0.4052 1.0000 1.0000 0.0005 0.0025 0.0005 1.0000 1.0000 0.4052 0.0312 0.0024 0.0002 1.0000 1.0000 0.1223 0.0094 0.0007 0.0001 1.0000 0.4781 0.0368 0.0028 0.0002 1.0000 1.0000 0.1437 0.0110 0.0008 0.0001 1.0000 0.5620 0.0432 0.0033 0.0003 1.0000 1.0000 0.1689 0.0130 0.0010 0.0001 1.0000 0.6606 0.0508 0.0039 0.0003 1.0000 1.0000 0.2009 0.0156 0.0012 0.0001 1.0000 0.8605 0.0694 0.0054
0.0696 0.8973 1.0000 0.0001 0.0012 0.0151 0.1923 1.0000 1.0000 0.0003 0.0037 0.0474 0.6157 1.0000 0.0001 0.0009 0.0121 0.1575 1.0000 1.0000 0.0002 0.0031 0.0403 0.5238 1.0000 0.0001 0.0008 0.0103 0.1340 1.0000 1.0000 0.0002 0.0026 0.0343 0.4456 1.0000 0.0001 0.0007 0.0088 0.1140 1.0000 1.0000 0.0002 0.0022 0.0291 0.3784 1.0000 1.0000 0.0005 0.0062 0.0298 0.0062 0.0005 1.0000 1.0000 0.3784 0.0291 0.0022 0.0002 1.0000 1.0000 0.1140 0.0088 0.0007 0.0001 1.0000 0.4456 0.0343 0.0026 0.0002 1.0000 1.0000 0.1340 0.0103 0.0008 0.0001 1.0000 0.5238 0.0403 0.0031 0.0002 1.0000 1.0000 0.1575 0.0121 0.0009 0.0001 1.0000 0.6157 0.0474 0.0037 0.0003 1.0000 1.0000 0.1923 0.0151 0.0012 0.0001 1.0000 0.8973 0.0696
0.9058 1.0000 0.0001 0.0012 0.0151 0.1894 1.0000 1.0000 0.0003 0.0035 0.0447 0.5783 1.0000 0.0001 0.0009 0.0113 0.1468 1.0000 1.0000 0.0002 0.0029 0.0375 0.4882 1.0000 0.0001 0.0007 0.0096 0.1249 1.0000 1.0000 0.0002 0.0025 0.0319 0.4153 1.0000 1.0000 0.0006 0.0082 0.1062 1.0000 1.0000 0.0002 0.0021 0.0272 0.3527 1.0000 1.0000 0.0005 0.0067 0.0753 0.3615 0.0753 0.0067 0.0005 1.0000 1.0000 0.3527 0.0272 0.0021 0.0002 1.0000 1.0000 0.1062 0.0082 0.0006 1.0000 1.0000 0.4153 0.0319 0.0025 0.0002 1.0000 1.0000 0.1249 0.0096 0.0007 0.0001 1.0000 0.4882 0.0375 0.0029 0.0002 1.0000 1.0000 0.1468 0.0113 0.0009 0.0001 1.0000 0.5783 0.0447 0.0035 0.0003 1.0000 1.0000 0.1894 0.0151 0.0012 0.0001 1.0000 0.9058
1.0000 0.0001 0.0013 0.0156 0.1923 1.0000 1.0000 0.0003 0.0033 0.0427 0.5493 1.0000 0.0001 0.0008 0.0106 0.1371 1.0000 1.0000 0.0002 0.0027 0.0350 0.4550 1.0000 0.0001 0.0007 0.0089 0.1164 1.0000 1.0000 0.0002 0.0023 0.0298 0.3871 1.0000 1.0000 0.0006 0.0076 0.0990 1.0000 1.0000 0.0001 0.0019 0.0253 0.3287 1.0000 1.0000 0.0005 0.0064 0.0806 0.9128 1.0000 0.9128 0.0806 0.0064 0.0005 1.0000 1.0000 0.3287 0.0253 0.0019 0.0001 1.0000 1.0000 0.0990 0.0076 0.0006 1.0000 1.0000 0.3871 0.0298 0.0023 0.0002 1.0000 1.0000 0.1164 0.0089 0.0007 0.0001 1.0000 0.4550 0.0350 0.0027 0.0002 1.0000 1.0000 0.1371 0.0106 0.0008 0.0001 1.0000 0.5493 0.0427 0.0033 0.0003 1.0000 1.0000 0.1923 0.0156 0.0013 0.0001 1.0000
0.0001 0.0014 0.0164 0.2009 1.0000 1.0000 0.0003 0.0033 0.0417 0.5298 1.0000 0.0001 0.0008 0.0099 0.1285 1.0000 1.0000 0.0002 0.0025 0.0326 0.4241 1.0000 1.0000 0.0006 0.0083 0.1085 1.0000 1.0000 0.0002 0.0021 0.0277 0.3608 1.0000 1.0000 0.0005 0.0071 0.0923 1.0000 1.0000 0.0001 0.0018 0.0236 0.3070 1.0000 1.0000 0.0005 0.0060 0.0775 0.9774 1.0000 1.0000 1.0000 0.9774 0.0775 0.0060 0.0005 1.0000 1.0000 0.3070 0.0236 0.0018 0.0001 1.0000 1.0000 0.0923 0.0071 0.0005 1.0000 1.0000 0.3608 0.0277 0.0021 0.0002 1.0000 1.0000 0.1085 0.0083 0.0006 1.0000 1.0000 0.4241 0.0326 0.0025 0.0002 1.0000 1.0000 0.1285 0.0099 0.0008 0.0001 1.0000 0.5298 0.0417 0.0033 0.0003 1.0000 1.0000 0.2009 0.0164 0.0014 0.0001
0.0014 0.0176 0.2135 1.0000 1.0000 0.0003 0.0033 0.0417 0.5238 1.0000 0.0001 0.0007 0.0095 0.1218 1.0000 1.0000 0.0002 0.0023 0.0304 0.3953 1.0000 1.0000 0.0006 0.0078 0.1011 1.0000 1.0000 0.0002 0.0020 0.0259 0.3363 1.0000 1.0000 0.0005 0.0066 0.0860 1.0000 1.0000 0.0001 0.0017 0.0220 0.2861 1.0000 1.0000 0.0004 0.0056 0.0728 0.9392 1.0000 0.0001 0.0004 0.0001 1.0000 0.9392 0.0728 0.0056 0.0004 1.0000 1.0000 0.2861 0.0220 0.0017 0.0001 1.0000 1.0000 0.0860 0.0066 0.0005 1.0000 1.0000 0.3363 0.0259 0.0020 0.0002 1.0000 1.0000 0.1011 0.0078 0.0006 1.0000 1.0000 0.3953 0.0304 0.0023 0.0002 1.0000 1.0000 0.1218 0.0095 0.0007 0.0001 1.0000 0.5238 0.0417 0.0033 0.0003 1.0000 1.0000 0.2135 0.0176 0.0014
0.0178 0.2286 1.0000 1.0000 0.0003 0.0035 0.0427 0.5298 1.0000 0.0001 0.0007 0.0092 0.1170 1.0000 1.0000 0.0002 0.0022 0.0285 0.3699 1.0000 1.0000 0.0006 0.0072 0.0942 1.0000 1.0000 0.0001 0.0019 0.0241 0.3135 1.0000 1.0000 0.0005 0.0062 0.0802 1.0000 1.0000 0.0001 0.0016 0.0205 0.2667 1.0000 1.0000 0.0004 0.0052 0.0678 0.8804 1.0000 0.0001 0.0011 0.0054 0.0011 0.0001 1.0000 0.8804 0.0678 0.0052 0.0004 1.0000 1.0000 0.2667 0.0205 0.0016 0.0001 1.0000 1.0000 0.0802 0.0062 0.0005 1.0000 1.0000 0.3135 0.0241 0.0019 0.0001 1.0000 1.0000 0.0942 0.0072 0.0006 1.0000 1.0000 0.3699 0.0285 0.0022 0.0002 1.0000 1.0000 0.1170 0.0092 0.0007 0.0001 1.0000 0.5298 0.0427 0.0035 0.0003 1.0000 1.0000 0.2286 0.0178
0.2321 1.0000 1.0000 0.0003 0.0037 0.0447 0.5493 1.0000 0.0001 0.0007 0.0091 0.1146 1.0000 1.0000 0.0002 0.0021 0.0270 0.3480 1.0000 1.0000 0.0005 0.0068 0.0878 1.0000 1.0000 0.0001 0.0017 0.0225 0.2922 1.0000 1.0000 0.0004 0.0057 0.0747 0.9719 1.0000 0.0001 0.0015 0.0191 0.2485 1.0000 1.0000 0.0004 0.0049 0.0633 0.8221 1.0000 0.0001 0.0012 0.0135 0.0649 0.0135 0.0012 0.0001 1.0000 0.8221 0.0633 0.0049 0.0004 1.0000 1.0000 0.2485 0.0191 0.0015 0.0001 1.0000 0.9719 0.0747 0.0057 0.0004 1.0000 1.0000 0.2922 0.0225 0.0017 0.0001 1.0000 1.0000 0.0878 0.0068 0.0005 1.0000 1.0000 0.3480 0.0270 0.0021 0.0002 1.0000 1.0000 0.1146 0.0091 0.0007 0.0001 1.0000 0.5493 0.0447 0.0037 0.0003 1.0000 1.0000 0.2321
1.0000 1.0000 0.0003 0.0039 0.0474 0.5783 1.0000 0.0001 0.0007 0.0092 0.1146 1.0000 1.0000 0.0002 0.0020 0.0258 0.3312 1.0000 1.0000 0.0005 0.0063 0.0822 1.0000 1.0000 0.0001 0.0016 0.0209 0.2723 1.0000 1.0000 0.0004 0.0054 0.0696 0.9058 1.0000 0.0001 0.0014 0.0178 0.2317 1.0000 1.0000 0.0003 0.0045 0.0590 0.7677 1.0000 0.0001 0.0011 0.0145 0.1639 0.7869 0.1639 0.0145 0.0011 0.0001 1.0000 0.7677 0.0590 0.0045 0.0003 1.0000 1.0000 0.2317 0.0178 0.0014 0.0001 1.0000 0.9058 0.0696 0.0054 0.0004 1.0000 1.0000 0.2723 0.0209 0.0016 0.0001 1.0000 1.0000 0.0822 0.0063 0.0005 1.0000 1.0000 0.3312 0.0258 0.0020 0.0002 1.0000 1.0000 0.1146 0.0092 0.0007 0.0001 1.0000 0.5783 0.0474 0.0039 0.0003 1.0000 1.0000
1.0000 0.0003 0.0042 0.0508 0.6157 1.0000 0.0001 0.0008 0.0095 0.1170 1.0000 1.0000 0.0002 0.0020 0.0251 0.3201 1.0000 1.0000 0.0005 0.0060 0.0772 1.0000 1.0000 0.0001 0.0015 0.0195 0.2538 1.0000 1.0000 0.0004 0.0050 0.0649 0.8443 1.0000 0.0001 0.0013 0.0166 0.2159 1.0000 1.0000 0.0003 0.0042 0.0550 0.7155 1.0000 0.0001 0.0011 0.0139 0.1755 1.0000 1.0000 1.0000 0.1755 0.0139 0.0011 0.0001 1.0000 0.7155 0.0550 0.0042 0.0003 1.0000 1.0000 0.2159 0.0166 0.0013 0.0001 1.0000 0.8443 0.0649 0.0050 0.0004 1.0000 1.0000 0.2538 0.0195 0.0015 0.0001 1.0000 1.0000 0.0772 0.0060 0.0005 1.0000 1.0000 0.3201 0.0251 0.0020 0.0002 1.0000 1.0000 0.1170 0.0095 0.0008 0.0001 1.0000 0.6157 0.0508 0.0042 0.0003 1.0000
0.0004 0.0045 0.0545 0.6606 1.0000 0.0001 0.0008 0.0099 0.1218 1.0000 1.0000 0.0002 0.0020 0.0249 0.3141 1.0000 1.0000 0.0004 0.0057 0.0733 0.9445 1.0000 0.0001 0.0014 0.0182 0.2370 1.0000 1.0000 0.0004 0.0047 0.0605 0.7869 1.0000 0.0001 0.0012 0.0155 0.2012 1.0000 1.0000 0.0003 0.0039 0.0514 0.6669 1.0000 0.0001 0.0010 0.0130 0.1686 1.0000 1.0000 0.0001 1.0000 1.0000 0.1686 0.0130 0.0010 0.0001 1.0000 0.6669 0.0514 0.0039 0.0003 1.0000 1.0000 0.2012 0.0155 0.0012 0.0001 1.0000 0.7869 0.0605 0.0047 0.0004 1.0000 1.0000 0.2370 0.0182 0.0014 0.0001 1.0000 0.9445 0.0733 0.0057 0.0004 1.0000 1.0000 0.3141 0.0249 0.0020 0.0002 1.0000 1.0000 0.1218 0.0099 0.0008 0.0001 1.0000 0.6606 0.0545 0.0045 0.0004
0.0046 0.0585 0.7088 1.0000 0.0001 0.0009 0.0106 0.1285 1.0000 1.0000 0.0002 0.0020 0.0251 0.3141 1.0000 1.0000 0.0004 0.0055 0.0704 0.9024 1.0000 0.0001 0.0013 0.0171 0.2217 1.0000 1.0000 0.0003 0.0043 0.0564 0.7335 1.0000 0.0001 0.0011 0.0144 0.1879 1.0000 1.0000 0.0003 0.0037 0.0479 0.6216 1.0000 0.0001 0.0009 0.0122 0.1581 1.0000 1.0000 0.0002 0.0010 0.0002 1.0000 1.0000 0.1581 0.0122 0.0009 0.0001 1.0000 0.6216 0.0479 0.0037 0.0003 1.0000 1.0000 0.1879 0.0144 0.0011 0.0001 1.0000 0.7335 0.0564 0.0043 0.0003 1.0000 1.0000 0.2217 0.0171 0.0013 0.0001 1.0000 0.9024 0.0704 0.0055 0.0004 1.0000 1.0000 0.3141 0.0251 0.0020 0.0002 1.0000 1.0000 0.1285 0.0106 0.0009 0.0001 1.0000 0.7088 0.0585 0.0046
0.0594 0.7604 1.0000 0.0001 0.0009 0.0113 0.1371 1.0000 1.0000 0.0002 0.0021 0.0258 0.3201 1.0000 1.0000 0.0004 0.0054 0.0686 0.8720 1.0000 0.0001 0.0013 0.0162 0.2090 1.0000 1.0000 0.0003 0.0040 0.0527 0.6836 1.0000 0.0001 0.0010 0.0135 0.1752 1.0000 1.0000 0.0003 0.0034 0.0446 0.5805 1.0000 0.0001 0.0009 0.0114 0.1476 1.0000 1.0000 0.0002 0.0024 0.0117 0.0024 0.0002 1.0000 1.0000 0.1476 0.0114 0.0009 0.0001 1.0000 0.5805 0.0446 0.0034 0.0003 1.0000 1.0000 0.1752 0.0135 0.0010 0.0001 1.0000 0.6836 0.0527 0.0040 0.0003 1.0000 1.0000 0.2090 0.0162 0.0013 0.0001 1.0000 0.8720 0.0686 0.0054 0.0004 1.0000 1.0000 0.3201 0.0258 0.0021 0.0002 1.0000 1.0000 0.1371 0.0113 0.0009 0.0001 1.0000 0.7604 0.0594
0.7721 1.0000 0.0001 0.0010 0.0121 0.1468 1.0000 1.0000 0.0002 0.0022 0.0270 0.3312 1.0000 1.0000 0.0004 0.0054 0.0679 0.8572 1.0000 0.0001 0.0012 0.0155 0.1990 1.0000 1.0000 0.0003 0.0038 0.0492 0.6384 1.0000 0.0001 0.0010 0.0126 0.1633 1.0000 1.0000 0.0002 0.0032 0.0416 0.5410 1.0000 0.0001 0.0008 0.0106 0.1376 1.0000 1.0000 0.0002 0.0026 0.0294 0.1413 0.0294 0.0026 0.0002 1.0000 1.0000 0.1376 0.0106 0.0008 0.0001 1.0000 0.5410 0.0416 0.0032 0.0002 1.0000 1.0000 0.1633 0.0126 0.0010 0.0001 1.0000 0.6384 0.0492 0.0038 0.0003 1.0000 1.0000 0.1990 0.0155 0.0012 0.0001 1.0000 0.8572 0.0679 0.0054 0.0004 1.0000 1.0000 0.3312 0.0270 0.0022 0.0002 1.0000 1.0000 0.1468 0.0121 0.0010 0.0001 1.0000 0.7721
1.0000 0.0001 0.0011 0.0130 0.1575 1.0000 1.0000 0.0002 0.0023 0.0285 0.3480 1.0000 1.0000 0.0004 0.0055 0.0686 0.8572 1.0000 0.0001 0.0012 0.0150 0.1915 1.0000 1.0000 0.0003 0.0036 0.0463 0.5984 1.0000 0.0001 0.0009 0.0117 0.1522 1.0000 1.0000 0.0002 0.0030 0.0388 0.5043 1.0000 0.0001 0.0008 0.0099 0.1285 1.0000 1.0000 0.0002 0.0025 0.0315 0.3561 1.0000 0.3561 0.0315 0.0025 0.0002 1.0000 1.0000 0.1285 0.0099 0.0008 0.0001 1.0000 0.5043 0.0388 0.0030 0.0002 1.0000 1.0000 0.1522 0.0117 0.0009 0.0001 1.0000 0.5984 0.0463 0.0036 0.0003 1.0000 1.0000 0.1915 0.0150 0.0012 0.0001 1.0000 0.8572 0.0686 0.0055 0.0004 1.0000 1.0000 0.3480 0.0285 0.0023 0.0002 1.0000 1.0000 0.1575 0.0130 0.0011 0.0001 1.0000
0.0001 0.0011 0.0139 0.1689 1.0000 1.0000 0.0002 0.0025 0.0304 0.3699 1.0000 1.0000 0.0005 0.0057 0.0704 0.8720 1.0000 0.0001 0.0012 0.0148 0.1872 1.0000 1.0000 0.0003 0.0034 0.0440 0.5663 1.0000 0.0001 0.0008 0.0109 0.1418 1.0000 1.0000 0.0002 0.0028 0.0362 0.4700 1.0000 0.0001 0.0007 0.0092 0.1197 1.0000 1.0000 0.0002 0.0023 0.0302 0.3813 1.0000 1.0000 1.0000 0.3813 0.0302 0.0023 0.0002 1.0000 1.0000 0.1197 0.0092 0.0007 0.0001 1.0000 0.4700 0.0362 0.0028 0.0002 1.0000 1.0000 0.1418 0.0109 0.0008 0.0001 1.0000 0.5663 0.0440 0.0034 0.0003 1.0000 1.0000 0.1872 0.0148 0.0012 0.0001 1.0000 0.8720 0.0704 0.0057 0.0005 1.0000 1.0000 0.3699 0.0304 0.0025 0.0002 1.0000 1.0000 0.1689 0.0139 0.0011 0.0001
0.0012 0.0150 0.1813 1.0000 1.0000 0.0002 0.0027 0.0326 0.3953 1.0000 1.0000 0.0005 0.0060 0.0733 0.9024 1.0000 0.0001 0.0012 0.0148 0.1854 1.0000 1.0000 0.0003 0.0033 0.0421 0.5400 1.0000 0.0001 0.0008 0.0103 0.1329 1.0000 1.0000 0.0002 0.0026 0.0337 0.4381 1.0000 1.0000 0.0007 0.0086 0.1116 1.0000 1.0000 0.0002 0.0022 0.0284 0.3664 1.0000 1.0000 0.0002 1.0000 1.0000 0.3664 0.0284 0.0022 0.0002 1.0000 1.0000 0.1116 0.0086 0.0007 1.0000 1.0000 0.4381 0.0337 0.0026 0.0002 1.0000 1.0000 0.1329 0.0103 0.0008 0.0001 1.0000 0.5400 0.0421 0.0033 0.0003 1.0000 1.0000 0.1854 0.0148 0.0012 0.0001 1.0000 0.9024 0.0733 0.0060 0.0005 1.0000 1.0000 0.3953 0.0326 0.0027 0.0002 1.0000 1.0000 0.1813 0.0150 0.0012
0.0152 0.1945 1.0000 1.0000 0.0002 0.0029 0.0350 0.4241 1.0000 1.0000 0.0005 0.0063 0.0772 0.9445 1.0000 0.0001 0.0012 0.0150 0.1872 1.0000 1.0000 0.0003 0.0032 0.0408 0.5198 1.0000 0.0001 0.0008 0.0097 0.1253 1.0000 1.0000 0.0002 0.0024 0.0314 0.4091 1.0000 1.0000 0.0006 0.0080 0.1040 1.0000 1.0000 0.0002 0.0020 0.0265 0.3441 1.0000 1.0000 0.0004 0.0021 0.0004 1.0000 1.0000 0.3441 0.0265 0.0020 0.0002 1.0000 1.0000 0.1040 0.0080 0.0006 1.0000 1.0000 0.4091 0.0314 0.0024 0.0002 1.0000 1.0000 0.1253 0.0097 0.0008 0.0001 1.0000 0.5198 0.0408 0.0032 0.0003 1.0000 1.0000 0.1872 0.0150 0.0012 0.0001 1.0000 0.9445 0.0772 0.0063 0.0005 1.0000 1.0000 0.4241 0.0350 0.0029 0.0002 1.0000 1.0000 0.1945 0.0152
0.1975 1.0000 1.0000 0.0003 0.0031 0.0375 0.4550 1.0000 1.0000 0.0006 0.0068 0.0822 1.0000 1.0000 0.0001 0.0013 0.0155 0.1915 1.0000 1.0000 0.0003 0.0032 0.0402 0.5081 1.0000 0.0001 0.0007 0.0093 0.1191 1.0000 1.0000 0.0002 0.0023 0.0294 0.3820 1.0000 1.0000 0.0006 0.0075 0.0971 1.0000 1.0000 0.0001 0.0019 0.0247 0.3207 1.0000 1.0000 0.0005 0.0053 0.0254 0.0053 0.0005 1.0000 1.0000 0.3207 0.0247 0.0019 0.0001 1.0000 1.0000 0.0971 0.0075 0.0006 1.0000 1.0000 0.3820 0.0294 0.0023 0.0002 1.0000 1.0000 0.1191 0.0093 0.0007 0.0001 1.0000 0.5081 0.0402 0.0032 0.0003 1.0000 1.0000 0.1915 0.0155 0.0013 0.0001 1.0000 1.0000 0.0822 0.0068 0.0006 1.0000 1.0000 0.4550 0.0375 0.0031 0.0003 1.0000 1.0000 0.1975
1.0000 1.0000 0.0003 0.0033 0.0403 0.4882 1.0000 1.0000 0.0006 0.0072 0.0878 1.0000 1.0000 0.0001 0.0013 0.0162 0.1990 1.0000 1.0000 0.0003 0.0032 0.0402 0.5043 1.0000 0.0001 0.0007 0.0089 0.1142 1.0000 1.0000 0.0002 0.0021 0.0277 0.3588 1.0000 1.0000 0.0005 0.0070 0.0905 1.0000 1.0000 0.0001 0.0018 0.0230 0.2995 1.0000 1.0000 0.0004 0.0056 0.0639 0.3075 0.0639 0.0056 0.0004 1.0000 1.0000 0.2995 0.0230 0.0018 0.0001 1.0000 1.0000 0.0905 0.0070 0.0005 1.0000 1.0000 0.3588 0.0277 0.0021 0.0002 1.0000 1.0000 0.1142 0.0089 0.0007 0.0001 1.0000 0.5043 0.0402 0.0032 0.0003 1.0000 1.0000 0.1990 0.0162 0.0013 0.0001 1.0000 1.0000 0.0878 0.0072 0.0006 1.0000 1.0000 0.4882 0.0403 0.0033 0.0003 1.0000 1.0000
1.0000 0.0003 0.0036 0.0432 0.5238 1.0000 0.0001 0.0006 0.0078 0.0942 1.0000 1.0000 0.0001 0.0014 0.0171 0.2090 1.0000 1.0000 0.0003 0.0033 0.0408 0.5081 1.0000 0.0001 0.0007 0.0087 0.1110 1.0000 1.0000 0.0002 0.0020 0.0263 0.3389 1.0000 1.0000 0.0005 0.0065 0.0847 1.0000 1.0000 0.0001 0.0017 0.0215 0.2791 1.0000 1.0000 0.0004 0.0054 0.0685 0.7750 1.0000 0.7750 0.0685 0.0054 0.0004 1.0000 1.0000 0.2791 0.0215 0.0017 0.0001 1.0000 1.0000 0.0847 0.0065 0.0005 1.0000 1.0000 0.3389 0.0263 0.0020 0.0002 1.0000 1.0000 0.1110 0.0087 0.0007 0.0001 1.0000 0.5081 0.0408 0.0033 0.0003 1.0000 1.0000 0.2090 0.0171 0.0014 0.0001 1.0000 1.0000 0.0942 0.0078 0.0006 0.0001 1.0000 0.5238 0.0432 0.0036 0.0003 1.0000
0.0003 0.0038 0.0464 0.5620 1.0000 0.0001 0.0007 0.0083 0.1011 1.0000 1.0000 0.0001 0.0015 0.0182 0.2217 1.0000 1.0000 0.0003 0.0034 0.0421 0.5198 1.0000 0.0001 0.0007 0.0087 0.1093 1.0000 1.0000 0.0002 0.0020 0.0251 0.3225 1.0000 1.0000 0.0005 0.0061 0.0794 1.0000 1.0000 0.0001 0.0015 0.0201 0.2611 1.0000 1.0000 0.0004 0.0051 0.0658 0.8300 1.0000 1.0000 1.0000 0.8300 0.0658 0.0051 0.0004 1.0000 1.0000 0.2611 0.0201 0.0015 0.0001 1.0000 1.0000 0.0794 0.0061 0.0005 1.0000 1.0000 0.3225 0.0251 0.0020 0.0002 1.0000 1.0000 0.1093 0.0087 0.0007 0.0001 1.0000 0.5198 0.0421 0.0034 0.0003 1.0000 1.0000 0.2217 0.0182 0.0015 0.0001 1.0000 1.0000 0.1011 0.0083 0.0007 0.0001 1.0000 0.5620 0.0464 0.0038 0.0003
0.0039 0.0497 0.6030 1.0000 0.0001 0.0007 0.0089 0.1085 1.0000 1.0000 0.0001 0.0016 0.0195 0.2370 1.0000 1.0000 0.0003 0.0036 0.0440 0.5400 1.0000 0.0001 0.0007 0.0087 0.1093 1.0000 1.0000 0.0001 0.0019 0.0242 0.3099 1.0000 1.0000 0.0005 0.0058 0.0749 0.9682 1.0000 0.0001 0.0014 0.0188 0.2439 1.0000 1.0000 0.0004 0.0048 0.0618 0.7975 1.0000 0.0001 0.0004 0.0001 1.0000 0.7975 0.0618 0.0048 0.0004 1.0000 1.0000 0.2439 0.0188 0.0014 0.0001 1.0000 0.9682 0.0749 0.0058 0.0005 1.0000 1.0000 0.3099 0.0242 0.0019 0.0001 1.0000 1.0000 0.1093 0.0087 0.0007 0.0001 1.0000 0.5400 0.0440 0.0036 0.0003 1.0000 1.0000 0.2370 0.0195 0.0016 0.0001 1.0000 1.0000 0.1085 0.0089 0.0007 0.0001 1.0000 0.6030 0.0497 0.0039
0.0505 0.6469 1.0000 0.0001 0.0008 0.0096 0.1164 1.0000 1.0000 0.0001 0.0017 0.0209 0.2538 1.0000 1.0000 0.0003 0.0038 0.0463 0.5663 1.0000 0.0001 0.0007 0.0089 0.1110 1.0000 1.0000 0.0001 0.0019 0.0237 0.3012 1.0000 1.0000 0.0004 0.0055 0.0711 0.9162 1.0000 0.0001 0.0014 0.0176 0.2286 1.0000 1.0000 0.0003 0.0045 0.0578 0.7490 1.0000 0.0001 0.0009 0.0046 0.0009 0.0001 1.0000 0.7490 0.0578 0.0045 0.0003 1.0000 1.0000 0.2286 0.0176 0.0014 0.0001 1.0000 0.9162 0.0711 0.0055 0.0004 1.0000 1.0000 0.3012 0.0237 0.0019 0.0001 1.0000 1.0000 0.1110 0.0089 0.0007 0.0001 1.0000 0.5663 0.0463 0.0038 0.0003 1.0000 1.0000 0.2538 0.0209 0.0017 0.0001 1.0000 1.0000 0.1164 0.0096 0.0008 0.0001 1.0000 0.6469 0.0505
0.6569 1.0000 0.0001 0.0008 0.0103 0.1249 1.0000 1.0000 0.0002 0.0019 0.0225 0.2723 1.0000 1.0000 0.0003 0.0040 0.0492 0.5984 1.0000 0.0001 0.0008 0.0093 0.1142 1.0000 1.0000 0.0001 0.0019 0.0236 0.2966 1.0000 1.0000 0.0004 0.0053 0.0681 0.8737 1.0000 0.0001 0.0013 0.0166 0.2143 1.0000 1.0000 0.0003 0.0042 0.0542 0.7021 1.0000 0.0001 0.0010 0.0115 0.0553 0.0115 0.0010 0.0001 1.0000 0.7021 0.0542 0.0042 0.0003 1.0000 1.0000 0.2143 0.0166 0.0013 0.0001 1.0000 0.8737 0.0681 0.0053 0.0004 1.0000 1.0000 0.2966 0.0236 0.0019 0.0001 1.0000 1.0000 0.1142 0.0093 0.0008 0.0001 1.0000 0.5984 0.0492 0.0040 0.0003 1.0000 1.0000 0.2723 0.0225 0.0019 0.0002 1.0000 1.0000 0.1249 0.0103 0.0008 0.0001 1.0000 0.6569
1.0000 0.0001 0.0009 0.0110 0.1340 1.0000 1.0000 0.0002 0.0020 0.0241 0.2922 1.0000 1.0000 0.0004 0.0043 0.0527 0.6384 1.0000 0.0001 0.0008 0.0097 0.1191 1.0000 1.0000 0.0002 0.0019 0.0237 0.2966 1.0000 1.0000 0.0004 0.0052 0.0658 0.8395 1.0000 0.0001 0.0012 0.0157 0.2024 1.0000 1.0000 0.0003 0.0039 0.0507 0.6569 1.0000 0.0001 0.0010 0.0123 0.1394 0.6707 0.1394 0.0123 0.0010 0.0001 1.0000 0.6569 0.0507 0.0039 0.0003 1.0000 1.0000 0.2024 0.0157 0.0012 0.0001 1.0000 0.8395 0.0658 0.0052 0.0004 1.0000 1.0000 0.2966 0.0237 0.0019 0.0002 1.0000 1.0000 0.1191 0.0097 0.0008 0.0001 1.0000 0.6384 0.0527 0.0043 0.0004 1.0000 1.0000 0.2922 0.0241 0.0020 0.0002 1.0000 1.0000 0.1340 0.0110 0.0009 0.0001 1.0000
0.0001 0.0010 0.0119 0.1437 1.0000 1.0000 0.0002 0.0021 0.0259 0.3135 1.0000 1.0000 0.0004 0.0047 0.0564 0.6836 1.0000 0.0001 0.0008 0.0103 0.1253 1.0000 1.0000 0.0002 0.0020 0.0242 0.3012 1.0000 1.0000 0.0004 0.0051 0.0644 0.8174 1.0000 0.0001 0.0012 0.0150 0.1926 1.0000 1.0000 0.0003 0.0037 0.0475 0.6157 1.0000 0.0001 0.0009 0.0119 0.1496 1.0000 1.0000 1.0000 0.1496 0.0119 0.0009 0.0001 1.0000 0.6157 0.0475 0.0037 0.0003 1.0000 1.0000 0.1926 0.0150 0.0012 0.0001 1.0000 0.8174 0.0644 0.0051 0.0004 1.0000 1.0000 0.3012 0.0242 0.0020 0.0002 1.0000 1.0000 0.1253 0.0103 0.0008 0.0001 1.0000 0.6836 0.0564 0.0047 0.0004 1.0000 1.0000 0.3135 0.0259 0.0021 0.0002 1.0000 1.0000 0.1437 0.0119 0.0010 0.0001
0.0010 0.0127 0.1542 1.0000 1.0000 0.0002 0.0023 0.0277 0.3363 1.0000 1.0000 0.0004 0.0050 0.0605 0.7335 1.0000 0.0001 0.0009 0.0109 0.1329 1.0000 1.0000 0.0002 0.0020 0.0251 0.3099 1.0000 1.0000 0.0004 0.0051 0.0639 0.8051 1.0000 0.0001 0.0011 0.0144 0.1844 1.0000 1.0000 0.0003 0.0035 0.0447 0.5783 1.0000 0.0001 0.0009 0.0112 0.1440 1.0000 1.0000 0.0001 1.0000 1.0000 0.1440 0.0112 0.0009 0.0001 1.0000 0.5783 0.0447 0.0035 0.0003 1.0000 1.0000 0.1844 0.0144 0.0011 0.0001 1.0000 0.8051 0.0639 0.0051 0.0004 1.0000 1.0000 0.3099 0.0251 0.0020 0.0002 1.0000 1.0000 0.1329 0.0109 0.0009 0.0001 1.0000 0.7335 0.0605 0.0050 0.0004 1.0000 1.0000 0.3363 0.0277 0.0023 0.0002 1.0000 1.0000 0.1542 0.0127 0.0010
0.0129 0.1654 1.0000 1.0000 0.0002 0.0025 0.0298 0.3608 1.0000 1.0000 0.0004 0.0054 0.0649 0.7869 1.0000 0.0001 0.0010 0.0117 0.1418 1.0000 1.0000 0.0002 0.0021 0.0263 0.3225 1.0000 1.0000 0.0004 0.0052 0.0644 0.8051 1.0000 0.0001 0.0011 0.0140 0.1785 1.0000 1.0000 0.0003 0.0033 0.0424 0.5462 1.0000 0.0001 0.0008 0.0105 0.1358 1.0000 1.0000 0.0002 0.0008 0.0002 1.0000 1.0000 0.1358 0.0105 0.0008 0.0001 1.0000 0.5462 0.0424 0.0033 0.0003 1.0000 1.0000 0.1785 0.0140 0.0011 0.0001 1.0000 0.8051 0.0644 0.0052 0.0004 1.0000 1.0000 0.3225 0.0263 0.0021 0.0002 1.0000 1.0000 0.1418 0.0117 0.0010 0.0001 1.0000 0.7869 0.0649 0.0054 0.0004 1.0000 1.0000 0.3608 0.0298 0.0025 0.0002 1.0000 1.0000 0.1654 0.0129
0.1680 1.0000 1.0000 0.0002 0.0026 0.0319 0.3871 1.0000 1.0000 0.0005 0.0057 0.0696 0.8443 1.0000 0.0001 0.0010 0.0126 0.1522 1.0000 1.0000 0.0002 0.0023 0.0277 0.3389 1.0000 1.0000 0.0004 0.0053 0.0658 0.8174 1.0000 0.0001 0.0011 0.0138 0.1748 1.0000 1.0000 0.0002 0.0032 0.0405 0.5198 1.0000 0.0001 0.0008 0.0099 0.1277 1.0000 1.0000 0.0002 0.0021 0.0100 0.0021 0.0002 1.0000 1.0000 0.1277 0.0099 0.0008 0.0001 1.0000 0.5198 0.0405 0.0032 0.0002 1.0000 1.0000 0.1748 0.0138 0.0011 0.0001 1.0000 0.8174 0.0658 0.0053 0.0004 1.0000 1.0000 0.3389 0.0277 0.0023 0.0002 1.0000 1.0000 0.1522 0.0126 0.0010 0.0001 1.0000 0.8443 0.0696 0.0057 0.0005 1.0000 1.0000 0.3871 0.0319 0.0026 0.0002 1.0000 1.0000 0.1680
1.0000 1.0000 0.0002 0.0028 0.0343 0.4153 1.0000 1.0000 0.0005 0.0062 0.0747 0.9058 1.0000 0.0001 0.0011 0.0135 0.1633 1.0000 1.0000 0.0002 0.0024 0.0294 0.3588 1.0000 1.0000 0.0005 0.0055 0.0681 0.8395 1.0000 0.0001 0.0011 0.0138 0.1735 1.0000 1.0000 0.0002 0.0031 0.0391 0.4995 1.0000 0.0001 0.0007 0.0093 0.1207 1.0000 1.0000 0.0002 0.0022 0.0253 0.1211 0.0253 0.0022 0.0002 1.0000 1.0000 0.1207 0.0093 0.0007 0.0001 1.0000 0.4995 0.0391 0.0031 0.0002 1.0000 1.0000 0.1735 0.0138 0.0011 0.0001 1.0000 0.8395 0.0681 0.0055 0.0005 1.0000 1.0000 0.3588 0.0294 0.0024 0.0002 1.0000 1.0000 0.1633 0.0135 0.0011 0.0001 1.0000 0.9058 0.0747 0.0062 0.0005 1.0000 1.0000 0.4153 0.0343 0.0028 0.0002 1.0000 1.0000
1.0000 0.0003 0.0030 0.0368 0.4456 1.0000 1.0000 0.0005 0.0066 0.0802 0.9719 1.0000 0.0001 0.0012 0.0144 0.1752 1.0000 1.0000 0.0002 0.0026 0.0314 0.3820 1.0000 1.0000 0.0005 0.0058 0.0711 0.8737 1.0000 0.0001 0.0011 0.0140 0.1748 1.0000 1.0000 0.0002 0.0030 0.0380 0.4836 1.0000 0.0001 0.0007 0.0089 0.1146 1.0000 1.0000 0.0002 0.0022 0.0272 0.3070 1.0000 0.3070 0.0272 0.0022 0.0002 1.0000 1.0000 0.1146 0.0089 0.0007 0.0001 1.0000 0.4836 0.0380 0.0030 0.0002 1.0000 1.0000 0.1748 0.0140 0.0011 0.0001 1.0000 0.8737 0.0711 0.0058 0.0005 1.0000 1.0000 0.3820 0.0314 0.0026 0.0002 1.0000 1.0000 0.1752 0.0144 0.0012 0.0001 1.0000 0.9719 0.0802 0.0066 0.0005 1.0000 1.0000 0.4456 0.0368 0.0030 0.0003 1.0000
0.0003 0.0033 0.0394 0.4781 1.0000 1.0000 0.0006 0.0071 0.0860 1.0000 1.0000 0.0001 0.0013 0.0155 0.1879 1.0000 1.0000 0.0002 0.0028 0.0337 0.4091 1.0000 1.0000 0.0005 0.0061 0.0749 0.9162 1.0000 0.0001 0.0012 0.0144 0.1785 1.0000 1.0000 0.0002 0.0030 0.0375 0.4745 1.0000 0.0001 0.0007 0.0086 0.1097 1.0000 1.0000 0.0002 0.0021 0.0265 0.3319 1.0000 1.0000 1.0000 0.3319 0.0265 0.0021 0.0002 1.0000 1.0000 0.1097 0.0086 0.0007 0.0001 1.0000 0.4745 0.0375 0.0030 0.0002 1.0000 1.0000 0.1785 0.0144 0.0012 0.0001 1.0000 0.9162 0.0749 0.0061 0.0005 1.0000 1.0000 0.4091 0.0337 0.0028 0.0002 1.0000 1.0000 0.1879 0.0155 0.0013 0.0001 1.0000 1.0000 0.0860 0.0071 0.0006 1.0000 1.0000 0.4781 0.0394 0.0033 0.0003
0.0033 0.0423 0.5130 1.0000 0.0001 0.0006 0.0076 0.0923 1.0000 1.0000 0.0001 0.0014 0.0166 0.2012 1.0000 1.0000 0.0002 0.0030 0.0362 0.4381 1.0000 1.0000 0.0005 0.0065 0.0794 0.9682 1.0000 0.0001 0.0012 0.0150 0.1844 1.0000 1.0000 0.0002 0.0030 0.0375 0.4709 1.0000 0.0001 0.0007 0.0083 0.1058 1.0000 1.0000 0.0002 0.0020 0.0252 0.3231 1.0000 1.0000 0.0001 1.0000 1.0000 0.3231 0.0252 0.0020 0.0002 1.0000 1.0000 0.1058 0.0083 0.0007 0.0001 1.0000 0.4709 0.0375 0.0030 0.0002 1.0000 1.0000 0.1844 0.0150 0.0012 0.0001 1.0000 0.9682 0.0794 0.0065 0.0005 1.0000 1.0000 0.4381 0.0362 0.0030 0.0002 1.0000 1.0000 0.2012 0.0166 0.0014 0.0001 1.0000 1.0000 0.0923 0.0076 0.0006 0.0001 1.0000 0.5130 0.0423 0.0033
0.0430 0.5504 1.0000 0.0001 0.0007 0.0082 0.0990 1.0000 1.0000 0.0001 0.0015 0.0178 0.2159 1.0000 1.0000 0.0003 0.0032 0.0388 0.4700 1.0000 1.0000 0.0006 0.0070 0.0847 1.0000 1.0000 0.0001 0.0013 0.0157 0.1926 1.0000 1.0000 0.0002 0.0031 0.0380 0.4745 1.0000 1.0000 0.0006 0.0082 0.1032 1.0000 1.0000 0.0001 0.0019 0.0241 0.3093 1.0000 1.0000 0.0004 0.0018 0.0004 1.0000 1.0000 0.3093 0.0241 0.0019 0.0001 1.0000 1.0000 0.1032 0.0082 0.0006 1.0000 1.0000 0.4745 0.0380 0.0031 0.0002 1.0000 1.0000 0.1926 0.0157 0.0013 0.0001 1.0000 1.0000 0.0847 0.0070 0.0006 1.0000 1.0000 0.4700 0.0388 0.0032 0.0003 1.0000 1.0000 0.2159 0.0178 0.0015 0.0001 1.0000 1.0000 0.0990 0.0082 0.0007 0.0001 1.0000 0.5504 0.0430
0.5588 1.0000 0.0001 0.0007 0.0088 0.1062 1.0000 1.0000 0.0001 0.0016 0.0191 0.2317 1.0000 1.0000 0.0003 0.0034 0.0416 0.5043 1.0000 1.0000 0.0006 0.0075 0.0905 1.0000 1.0000 0.0001 0.0014 0.0166 0.2024 1.0000 1.0000 0.0003 0.0032 0.0391 0.4836 1.0000 0.0001 0.0006 0.0081 0.1019 1.0000 1.0000 0.0001 0.0018 0.0232 0.2972 1.0000 1.0000 0.0004 0.0047 0.0224 0.0047 0.0004 1.0000 1.0000 0.2972 0.0232 0.0018 0.0001 1.0000 1.0000 0.1019 0.0081 0.0006 0.0001 1.0000 0.4836 0.0391 0.0032 0.0003 1.0000 1.0000 0.2024 0.0166 0.0014 0.0001 1.0000 1.0000 0.0905 0.0075 0.0006 1.0000 1.0000 0.5043 0.0416 0.0034 0.0003 1.0000 1.0000 0.2317 0.0191 0.0016 0.0001 1.0000 1.0000 0.1062 0.0088 0.0007 0.0001 1.0000 0.5588
1.0000 0.0001 0.0008 0.0094 0.1140 1.0000 1.0000 0.0001 0.0017 0.0205 0.2485 1.0000 1.0000 0.0003 0.0037 0.0446 0.5410 1.0000 0.0001 0.0007 0.0080 0.0971 1.0000 1.0000 0.0001 0.0014 0.0176 0.2143 1.0000 1.0000 0.0003 0.0033 0.0405 0.4995 1.0000 0.0001 0.0007 0.0082 0.1019 1.0000 1.0000 0.0001 0.0018 0.0225 0.2867 1.0000 1.0000 0.0004 0.0051 0.0573 0.2739 0.0573 0.0051 0.0004 1.0000 1.0000 0.2867 0.0225 0.0018 0.0001 1.0000 1.0000 0.1019 0.0082 0.0007 0.0001 1.0000 0.4995 0.0405 0.0033 0.0003 1.0000 1.0000 0.2143 0.0176 0.0014 0.0001 1.0000 1.0000 0.0971 0.0080 0.0007 0.0001 1.0000 0.5410 0.0446 0.0037 0.0003 1.0000 1.0000 0.2485 0.0205 0.0017 0.0001 1.0000 1.0000 0.1140 0.0094 0.0008 0.0001 1.0000
0.0001 0.0008 0.0101 0.1223 1.0000 1.0000 0.0001 0.0018 0.0220 0.2667 1.0000 1.0000 0.0003 0.0039 0.0479 0.5805 1.0000 0.0001 0.0007 0.0086 0.1040 1.0000 1.0000 0.0001 0.0015 0.0188 0.2286 1.0000 1.0000 0.0003 0.0035 0.0424 0.5198 1.0000 0.0001 0.0007 0.0083 0.1032 1.0000 1.0000 0.0001 0.0017 0.0221 0.2802 1.0000 1.0000 0.0004 0.0050 0.0628 0.7034 1.0000 0.7034 0.0628 0.0050 0.0004 1.0000 1.0000 0.2802 0.0221 0.0017 0.0001 1.0000 1.0000 0.1032 0.0083 0.0007 0.0001 1.0000 0.5198 0.0424 0.0035 0.0003 1.0000 1.0000 0.2286 0.0188 0.0015 0.0001 1.0000 1.0000 0.1040 0.0086 0.0007 0.0001 1.0000 0.5805 0.0479 0.0039 0.0003 1.0000 1.0000 0.2667 0.0220 0.0018 0.0001 1.0000 1.0000 0.1223 0.0101 0.0008 0.0001
0.0008 0.0108 0.1312 1.0000 1.0000 0.0002 0.0019 0.0236 0.2861 1.0000 1.0000 0.0003 0.0042 0.0514 0.6216 1.0000 0.0001 0.0008 0.0092 0.1116 1.0000 1.0000 0.0001 0.0017 0.0201 0.2439 1.0000 1.0000 0.0003 0.0037 0.0447 0.5462 1.0000 0.0001 0.0007 0.0086 0.1058 1.0000 1.0000 0.0001 0.0017 0.0220 0.2765 1.0000 1.0000 0.0004 0.0049 0.0622 0.7736 1.0000 1.0000 1.0000 0.7736 0.0622 0.0049 0.0004 1.0000 1.0000 0.2765 0.0220 0.0017 0.0001 1.0000 1.0000 0.1058 0.0086 0.0007 0.0001 1.0000 0.5462 0.0447 0.0037 0.0003 1.0000 1.0000 0.2439 0.0201 0.0017 0.0001 1.0000 1.0000 0.1116 0.0092 0.0008 0.0001 1.0000 0.6216 0.0514 0.0042 0.0003 1.0000 1.0000 0.2861 0.0236 0.0019 0.0002 1.0000 1.0000 0.1312 0.0108 0.0008
0.0110 0.1408 1.0000 1.0000 0.0002 0.0021 0.0253 0.3070 1.0000 1.0000 0.0004 0.0045 0.0550 0.6669 1.0000 0.0001 0.0008 0.0099 0.1197 1.0000 1.0000 0.0001 0.0018 0.0215 0.2611 1.0000 1.0000 0.0003 0.0039 0.0475 0.5783 1.0000 0.0001 0.0007 0.0089 0.1097 1.0000 1.0000 0.0001 0.0018 0.0221 0.2765 1.0000 1.0000 0.0004 0.0048 0.0610 0.7706 1.0000 0.0001 0.0003 0.0001 1.0000 0.7706 0.0610 0.0048 0.0004 1.0000 1.0000 0.2765 0.0221 0.0018 0.0001 1.0000 1.0000 0.1097 0.0089 0.0007 0.0001 1.0000 0.5783 0.0475 0.0039 0.0003 1.0000 1.0000 0.2611 0.0215 0.0018 0.0001 1.0000 1.0000 0.1197 0.0099 0.0008 0.0001 1.0000 0.6669 0.0550 0.0045 0.0004 1.0000 1.0000 0.3070 0.0253 0.0021 0.0002 1.0000 1.0000 0.1408 0.0110
0.1429 1.0000 1.0000 0.0002 0.0022 0.0272 0.3287 1.0000 1.0000 0.0004 0.0049 0.0590 0.7155 1.0000 0.0001 0.0009 0.0106 0.1285 1.0000 1.0000 0.0002 0.0019 0.0230 0.2791 1.0000 1.0000 0.0003 0.0042 0.0507 0.6157 1.0000 0.0001 0.0008 0.0093 0.1146 1.0000 1.0000 0.0001 0.0018 0.0225 0.2802 1.0000 1.0000 0.0004 0.0047 0.0599 0.7576 1.0000 0.0001 0.0009 0.0043 0.0009 0.0001 1.0000 0.7576 0.0599 0.0047 0.0004 1.0000 1.0000 0.2802 0.0225 0.0018 0.0001 1.0000 1.0000 0.1146 0.0093 0.0008 0.0001 1.0000 0.6157 0.0507 0.0042 0.0003 1.0000 1.0000 0.2791 0.0230 0.0019 0.0002 1.0000 1.0000 0.1285 0.0106 0.0009 0.0001 1.0000 0.7155 0.0590 0.0049 0.0004 1.0000 1.0000 0.3287 0.0272 0.0022 0.0002 1.0000 1.0000 0.1429
1.0000 1.0000 0.0002 0.0024 0.0291 0.3527 1.0000 1.0000 0.0004 0.0052 0.0633 0.7677 1.0000 0.0001 0.0009 0.0114 0.1376 1.0000 1.0000 0.0002 0.0020 0.0247 0.2995 1.0000 1.0000 0.0004 0.0045 0.0542 0.6569 1.0000 0.0001 0.0008 0.0099 0.1207 1.0000 1.0000 0.0002 0.0019 0.0232 0.2867 1.0000 1.0000 0.0004 0.0047 0.0596 0.7504 1.0000 0.0001 0.0010 0.0112 0.0534 0.0112 0.0010 0.0001 1.0000 0.7504 0.0596 0.0047 0.0004 1.0000 1.0000 0.2867 0.0232 0.0019 0.0002 1.0000 1.0000 0.1207 0.0099 0.0008 0.0001 1.0000 0.6569 0.0542 0.0045 0.0004 1.0000 1.0000 0.2995 0.0247 0.0020 0.0002 1.0000 1.0000 0.1376 0.0114 0.0009 0.0001 1.0000 0.7677 0.0633 0.0052 0.0004 1.0000 1.0000 0.3527 0.0291 0.0024 0.0002 1.0000 1.0000
1.0000 0.0002 0.0026 0.0312 0.3784 1.0000 1.0000 0.0005 0.0056 0.0678 0.8221 1.0000 0.0001 0.0010 0.0122 0.1476 1.0000 1.0000 0.0002 0.0022 0.0265 0.3207 1.0000 1.0000 0.0004 0.0048 0.0578 0.7021 1.0000 0.0001 0.0009 0.0105 0.1277 1.0000 1.0000 0.0002 0.0020 0.0241 0.2972 1.0000 1.0000 0.0004 0.0048 0.0599 0.7504 1.0000 0.0001 0.0010 0.0126 0.1392 0.6619 0.1392 0.0126 0.0010 0.0001 1.0000 0.7504 0.0599 0.0048 0.0004 1.0000 1.0000 0.2972 0.0241 0.0020 0.0002 1.0000 1.0000 0.1277 0.0105 0.0009 0.0001 1.0000 0.7021 0.0578 0.0048 0.0004 1.0000 1.0000 0.3207 0.0265 0.0022 0.0002 1.0000 1.0000 0.1476 0.0122 0.0010 0.0001 1.0000 0.8221 0.0678 0.0056 0.0005 1.0000 1.0000 0.3784 0.0312 0.0026 0.0002 1.0000
0.0002 0.0028 0.0334 0.4052 1.0000 1.0000 0.0005 0.0060 0.0728 0.8804 1.0000 0.0001 0.0011 0.0130 0.1581 1.0000 1.0000 0.0002 0.0023 0.0284 0.3441 1.0000 1.0000 0.0004 0.0051 0.0618 0.7490 1.0000 0.0001 0.0009 0.0112 0.1358 1.0000 1.0000 0.0002 0.0021 0.0252 0.3093 1.0000 1.0000 0.0004 0.0049 0.0610 0.7576 1.0000 0.0001 0.0010 0.0127 0.1566 1.0000 1.0000 1.0000 0.1566 0.0127 0.0010 0.0001 1.0000 0.7576 0.0610 0.0049 0.0004 1.0000 1.0000 0.3093 0.0252 0.0021 0.0002 1.0000 1.0000 0.1358 0.0112 0.0009 0.0001 1.0000 0.7490 0.0618 0.0051 0.0004 1.0000 1.0000 0.3441 0.0284 0.0023 0.0002 1.0000 1.0000 0.1581 0.0130 0.0011 0.0001 1.0000 0.8804 0.0728 0.0060 0.0005 1.0000 1.0000 0.4052 0.0334 0.0028 0.0002
0.0028 0.0357 0.4315 1.0000 1.0000 0.0005 0.0064 0.0775 0.9392 1.0000 0.0001 0.0011 0.0139 0.1686 1.0000 1.0000 0.0002 0.0025 0.0302 0.3664 1.0000 1.0000 0.0004 0.0054 0.0658 0.7975 1.0000 0.0001 0.0010 0.0119 0.1440 1.0000 1.0000 0.0002 0.0022 0.0265 0.3231 1.0000 1.0000 0.0004 0.0050 0.0622 0.7706 1.0000 0.0001 0.0010 0.0127 0.1590 1.0000 1.0000 0.0001 1.0000 1.0000 0.1590 0.0127 0.0010 0.0001 1.0000 0.7706 0.0622 0.0050 0.0004 1.0000 1.0000 0.3231 0.0265 0.0022 0.0002 1.0000 1.0000 0.1440 0.0119 0.0010 0.0001 1.0000 0.7975 0.0658 0.0054 0.0004 1.0000 1.0000 0.3664 0.0302 0.0025 0.0002 1.0000 1.0000 0.1686 0.0139 0.0011 0.0001 1.0000 0.9392 0.0775 0.0064 0.0005 1.0000 1.0000 0.4315 0.0357 0.0028
0.0350 0.4499 1.0000 1.0000 0.0005 0.0067 0.0806 0.9774 1.0000 0.0001 0.0012 0.0145 0.1755 1.0000 1.0000 0.0002 0.0026 0.0315 0.3813 1.0000 1.0000 0.0005 0.0056 0.0685 0.8300 1.0000 0.0001 0.0010 0.0123 0.1496 1.0000 1.0000 0.0002 0.0022 0.0272 0.3319 1.0000 1.0000 0.0004 0.0051 0.0628 0.7736 1.0000 0.0001 0.0010 0.0126 0.1566 1.0000 1.0000 0.0002 0.0009 0.0002 1.0000 1.0000 0.1566 0.0126 0.0010 0.0001 1.0000 0.7736 0.0628 0.0051 0.0004 1.0000 1.0000 0.3319 0.0272 0.0022 0.0002 1.0000 1.0000 0.1496 0.0123 0.0010 0.0001 1.0000 0.8300 0.0685 0.0056 0.0005 1.0000 1.0000 0.3813 0.0315 0.0026 0.0002 1.0000 1.0000 0.1755 0.0145 0.0012 0.0001 1.0000 0.9774 0.0806 0.0067 0.0005 1.0000 1.0000 0.4499 0.0350
0.3946 1.0000 1.0000 0.0005 0.0062 0.0753 0.9128 1.0000 0.0001 0.0011 0.0135 0.1639 1.0000 1.0000 0.0002 0.0024 0.0294 0.3561 1.0000 1.0000 0.0004 0.0053 0.0639 0.7750 1.0000 0.0001 0.0009 0.0115 0.1394 1.0000 1.0000 0.0002 0.0021 0.0253 0.3070 1.0000 1.0000 0.0004 0.0047 0.0573 0.7034 1.0000 0.0001 0.0009 0.0112 0.1392 1.0000 1.0000 0.0002 0.0020 0.0094 0.0020 0.0002 1.0000 1.0000 0.1392 0.0112 0.0009 0.0001 1.0000 0.7034 0.0573 0.0047 0.0004 1.0000 1.0000 0.3070 0.0253 0.0021 0.0002 1.0000 1.0000 0.1394 0.0115 0.0009 0.0001 1.0000 0.7750 0.0639 0.0053 0.0004 1.0000 1.0000 0.3561 0.0294 0.0024 0.0002 1.0000 1.0000 0.1639 0.0135 0.0011 0.0001 1.0000 0.9128 0.0753 0.0062 0.0005 1.0000 1.0000 0.3946
1.0000 1.0000 0.0002 0.0025 0.0298 0.3615 1.0000 1.0000 0.0004 0.0054 0.0649 0.7869 1.0000 0.0001 0.0010 0.0117 0.1413 1.0000 1.0000 0.0002 0.0021 0.0254 0.3075 1.0000 1.0000 0.0004 0.0046 0.0553 0.6707 1.0000 0.0001 0.0008 0.0100 0.1211 1.0000 1.0000 0.0001 0.0018 0.0224 0.2739 1.0000 1.0000 0.0003 0.0043 0.0534 0.6619 1.0000 0.0001 0.0009 0.0094 0.0431 0.0094 0.0009 0.0001 1.0000 0.6619 0.0534 0.0043 0.0003 1.0000 1.0000 0.2739 0.0224 0.0018 0.0001 1.0000 1.0000 0.1211 0.0100 0.0008 0.0001 1.0000 0.6707 0.0553 0.0046 0.0004 1.0000 1.0000 0.3075 0.0254 0.0021 0.0002 1.0000 1.0000 0.1413 0.0117 0.0010 0.0001 1.0000 0.7869 0.0649 0.0054 0.0004 1.0000 1.0000 0.3615 0.0298 0.0025 0.0002 1.0000 1.0000
0.3946 1.0000 1.0000 0.0005 0.0062 0.0753 0.9128 1.0000 0.0001 0.0011 0.0135 0.1639 1.0000 1.0000 0.0002 0.0024 0.0294 0.3561 1.0000 1.0000 0.0004 0.0053 0.0639 0.7750 1.0000 0.0001 0.0009 0.0115 0.1394 1.0000 1.0000 0.0002 0.0021 0.0253 0.3070 1.0000 1.0000 0.0004 0.0047 0.0573 0.7034 1.0000 0.0001 0.0009 0.0112 0.1392 1.0000 1.0000 0.0002 0.0020 0.0094 0.0020 0.0002 1.0000 1.0000 0.1392 0.0112 0.0009 0.0001 1.0000 0.7034 0.0573 0.0047 0.0004 1.0000 1.0000 0.3070 0.0253 0.0021 0.0002 1.0000 1.0000 0.1394 0.0115 0.0009 0.0001 1.0000 0.7750 0.0639 0.0053 0.0004 1.0000 1.0000 0.3561 0.0294 0.0024 0.0002 1.0000 1.0000 0.1639 0.0135 0.0011 0.0001 1.0000 0.9128 0.0753 0.0062 0.0005 1.0000 1.0000 0.3946
0.0350 0.4499 1.0000 1.0000 0.0005 0.0067 0.0806 0.9774 1.0000 0.0001 0.0012 0.0145 0.1755 1.0000 1.0000 0.0002 0.0026 0.0315 0.3813 1.0000 1.0000 0.0005 0.0056 0.0685 0.8300 1.0000 0.0001 0.0010 0.0123 0.1496 1.0000 1.0000 0.0002 0.0022 0.0272 0.3319 1.0000 1.0000 0.0004 0.0051 0.0628 0.7736 1.0000 0.0001 0.0010 0.0126 0.1566 1.0000 1.0000 0.0002 0.0009 0.0002 1.0000 1.0000 0.1566 0.0126 0.0010 0.0001 1.0000 0.7736 0.0628 0.0051 0.0004 1.0000 1.0000 0.3319 0.0272 0.0022 0.0002 1.0000 1.0000 0.1496 0.0123 0.0010 0.0001 1.0000 0.8300 0.0685 0.0056 0.0005 1.0000 1.0000 0.3813 0.0315 0.0026 0.0002 1.0000 1.0000 0.1755 0.0145 0.0012 0.0001 1.0000 0.9774 0.0806 0.0067 0.0005 1.0000 1.0000 0.4499 0.0350
0.0028 0.0357 0.4315 1.0000 1.0000 0.0005 0.0064 0.0775 0.9392 1.0000 0.0001 0.0011 0.0139 0.1686 1.0000 1.0000 0.0002 0.0025 0.0302 0.3664 1.0000 1.0000 0.0004 0.0054 0.0658 0.7975 1.0000 0.0001 0.0010 0.0119 0.1440 1.0000 1.0000 0.0002 0.0022 0.0265 0.3231 1.0000 1.0000 0.0004 0.0050 0.0622 0.7706 1.0000 0.0001 0.0010 0.0127 0.1590 1.0000 1.0000 0.0001 1.0000 1.0000 0.1590 0.0127 0.0010 0.0001 1.0000 0.7706 0.0622 0.0050 0.0004 1.0000 1.0000 0.3231 0.0265 0.0022 0.0002 1.0000 1.0000 0.1440 0.0119 0.0010 0.0001 1.0000 0.7975 0.0658 0.0054 0.0004 1.0000 1.0000 0.3664 0.0302 0.0025 0.0002 1.0000 1.0000 0.1686 0.0139 0.0011 0.0001 1.0000 0.9392 0.0775 0.0064 0.0005 1.0000 1.0000 0.4315 0.0357 0.0028
0.0002 0.0028 0.0334 0.4052 1.0000 1.0000 0.0005 0.0060 0.0728 0.8804 1.0000 0.0001 0.0011 0.0130 0.1581 1.0000 1.0000 0.0002 0.0023 0.0284 0.3441 1.0000 1.0000 0.0004 0.0051 0.0618 0.7490 1.0000 0.0001 0.0009 0.0112 0.1358 1.0000 1.0000 0.0002 0.0021 0.0252 0.3093 1.0000 1.0000 0.0004 0.0049 0.0610 0.7576 1.0000 0.0001 0.0010 0.0127 0.1566 1.0000 1.0000 1.0000 0.1566 0.0127 0.0010 0.0001 1.0000 0.7576 0.0610 0.0049 0.0004 1.0000 1.0000 0.3093 0.0252 0.0021 0.0002 1.0000 1.0000 0.1358 0.0112 0.0009 0.0001 1.0000 0.7490 0.0618 0.0051 0.0004 1.0000 1.0000 0.3441 0.0284 0.0023 0.0002 1.0000 1.0000 0.1581 0.0130 0.0011 0.0001 1.0000 0.8804 0.0728 0.0060 0.0005 1.0000 1.0000 0.4052 0.0334 0.0028 0.0002
1.0000 0.0002 0.0026 0.0312 0.3784 1.0000 1.0000 0.0005 0.0056 0.0678 0.8221 1.0000 0.0001 0.0010 0.0122 0.1476 1.0000 1.0000 0.0002 0.0022 0.0265 0.3207 1.0000 1.0000 0.0004 0.0048 0.0578 0.7021 1.0000 0.0001 0.0009 0.0105 0.1277 1.0000 1.0000 0.0002 0.0020 0.0241 0.2972 1.0000 1.0000 0.0004 0.0048 0.0599 0.7504 1.0000 0.0001 0.0010 0.0126 0.1392 0.6619 0.1392 0.0126 0.0010 0.0001 1.0000 0.7504 0.0599 0.0048 0.0004 1.0000 1.0000 0.2972 0.0241 0.0020 0.0002 1.0000 1.0000 0.1277 0.0105 0.0009 0.0001 1.0000 0.7021 0.0578 0.0048 0.0004 1.0000 1.0000 0.3207 0.0265 0.0022 0.0002 1.0000 1.0000 0.1476 0.0122 0.0010 0.0001 1.0000 0.8221 0.0678 0.0056 0.0005 1.0000 1.0000 0.3784 0.0312 0.0026 0.0002 1.0000
