0.1221 0.1740 -0.2164 -0.3079 -0.3637 -0.0169 0.2313 -0.1326 -0.2643 -0.3405 -0.3311 0.1139 0.2189 -0.2086 -0.3031 -0.3618 -0.0504 0.2177 -0.1165 -0.2589 -0.3366 -0.3450 0.1004 0.2496 -0.2004 -0.2981 -0.3597 -0.0922 0.2040 -0.0968 -0.2533 -0.3326 -0.3547 0.0866 0.2657 -0.1918 -0.2930 -0.3574 -0.1405 0.1904 -0.0713 -0.2478 -0.3284 -0.3610 0.0722 0.2709 -0.1827 -0.2876 -0.3550 -0.2398 0.0739 -0.2398 -0.3550 -0.2876 -0.1827 0.2709 0.0722 -0.3610 -0.3284 -0.2478 -0.0713 0.1904 -0.1405 -0.3574 -0.2930 -0.1918 0.2657 0.0866 -0.3547 -0.3326 -0.2533 -0.0968 0.2040 -0.0922 -0.3597 -0.2981 -0.2004 0.2496 0.1004 -0.3450 -0.3366 -0.2589 -0.1165 0.2177 -0.0504 -0.3618 -0.3031 -0.2086 0.2189 0.1139 -0.3311 -0.3405 -0.2643 -0.1326 0.2313 -0.0169 -0.3637 -0.3079 -0.2164 0.1740 0.1221
0.1740 -0.2285 -0.3226 -0.3750 -0.0189 0.2284 -0.1307 -0.2793 -0.3538 -0.3406 0.1123 0.2395 -0.2172 -0.3174 -0.3735 -0.0547 0.2144 -0.1122 -0.2739 -0.3501 -0.3547 0.0990 0.2632 -0.2075 -0.3125 -0.3717 -0.0982 0.2008 -0.0894 -0.2685 -0.3463 -0.3646 0.0853 0.2739 -0.1976 -0.3075 -0.3697 -0.1482 0.1876 -0.0594 -0.2631 -0.3422 -0.3711 0.0710 0.2750 -0.1872 -0.3024 -0.3674 -0.2106 0.1531 0.2717 0.1531 -0.2106 -0.3674 -0.3024 -0.1872 0.2750 0.0710 -0.3711 -0.3422 -0.2631 -0.0594 0.1876 -0.1482 -0.3697 -0.3075 -0.1976 0.2739 0.0853 -0.3646 -0.3463 -0.2685 -0.0894 0.2008 -0.0982 -0.3717 -0.3125 -0.2075 0.2632 0.0990 -0.3547 -0.3501 -0.2739 -0.1122 0.2144 -0.0547 -0.3735 -0.3174 -0.2172 0.2395 0.1123 -0.3406 -0.3538 -0.2793 -0.1307 0.2284 -0.0189 -0.3750 -0.3226 -0.2285 0.1740
-0.2164 -0.3226 -0.3747 -0.0272 0.2238 -0.1243 -0.2772 -0.3523 -0.3471 0.1065 0.2517 -0.2130 -0.3152 -0.3727 -0.0727 0.2083 -0.1029 -0.2716 -0.3484 -0.3595 0.0930 0.2693 -0.2032 -0.3103 -0.3708 -0.1196 0.1948 -0.0773 -0.2662 -0.3445 -0.3678 0.0791 0.2753 -0.1931 -0.3053 -0.3687 -0.1706 0.1817 -0.0429 -0.2607 -0.3403 -0.3730 0.0643 0.2733 -0.1826 -0.3002 -0.3662 -0.2223 0.1628 0.0863 -0.1894 0.0863 0.1628 -0.2223 -0.3662 -0.3002 -0.1826 0.2733 0.0643 -0.3730 -0.3403 -0.2607 -0.0429 0.1817 -0.1706 -0.3687 -0.3053 -0.1931 0.2753 0.0791 -0.3678 -0.3445 -0.2662 -0.0773 0.1948 -0.1196 -0.3708 -0.3103 -0.2032 0.2693 0.0930 -0.3595 -0.3484 -0.2716 -0.1029 0.2083 -0.0727 -0.3727 -0.3152 -0.2130 0.2517 0.1065 -0.3471 -0.3523 -0.2772 -0.1243 0.2238 -0.0272 -0.3747 -0.3226 -0.2164
-0.3079 -0.3750 -0.0272 0.2220 -0.1202 -0.2756 -0.3510 -0.3522 0.1012 0.2606 -0.2088 -0.3131 -0.3719 -0.0923 0.2024 -0.0926 -0.2692 -0.3467 -0.3635 0.0870 0.2731 -0.1988 -0.3081 -0.3699 -0.1418 0.1891 -0.0637 -0.2638 -0.3427 -0.3704 0.0728 0.2753 -0.1886 -0.3031 -0.3677 -0.1924 0.1761 -0.0238 -0.2583 -0.3385 -0.3745 0.0575 0.2706 -0.1778 -0.2979 -0.3651 -0.2396 0.1601 0.0495 -0.2414 -0.2988 -0.2414 0.0495 0.1601 -0.2396 -0.3651 -0.2979 -0.1778 0.2706 0.0575 -0.3745 -0.3385 -0.2583 -0.0238 0.1761 -0.1924 -0.3677 -0.3031 -0.1886 0.2753 0.0728 -0.3704 -0.3427 -0.2638 -0.0637 0.1891 -0.1418 -0.3699 -0.3081 -0.1988 0.2731 0.0870 -0.3635 -0.3467 -0.2692 -0.0926 0.2024 -0.0923 -0.3719 -0.3131 -0.2088 0.2606 0.1012 -0.3522 -0.3510 -0.2756 -0.1202 0.2220 -0.0272 -0.3750 -0.3079
-0.3637 -0.0189 0.2238 -0.1202 -0.2750 -0.3503 -0.3554 0.0969 0.2664 -0.2050 -0.3111 -0.3711 -0.1129 0.1966 -0.0810 -0.2669 -0.3450 -0.3669 0.0809 0.2751 -0.1944 -0.3059 -0.3690 -0.1641 0.1834 -0.0479 -0.2614 -0.3408 -0.3725 0.0663 0.2739 -0.1840 -0.3008 -0.3666 -0.2133 0.1699 -0.0016 -0.2559 -0.3366 -0.3756 0.0504 0.2670 -0.1729 -0.2957 -0.3639 -0.2569 0.1545 0.0666 -0.2450 -0.3293 -0.3744 -0.3293 -0.2450 0.0666 0.1545 -0.2569 -0.3639 -0.2957 -0.1729 0.2670 0.0504 -0.3756 -0.3366 -0.2559 -0.0016 0.1699 -0.2133 -0.3666 -0.3008 -0.1840 0.2739 0.0663 -0.3725 -0.3408 -0.2614 -0.0479 0.1834 -0.1641 -0.3690 -0.3059 -0.1944 0.2751 0.0809 -0.3669 -0.3450 -0.2669 -0.0810 0.1966 -0.1129 -0.3711 -0.3111 -0.2050 0.2664 0.0969 -0.3554 -0.3503 -0.2750 -0.1202 0.2238 -0.0189 -0.3637
-0.0169 0.2284 -0.1243 -0.2756 -0.3503 -0.3566 0.0945 0.2694 -0.2021 -0.3094 -0.3703 -0.1326 0.1911 -0.0683 -0.2645 -0.3432 -0.3697 0.0747 0.2754 -0.1899 -0.3037 -0.3679 -0.1862 0.1777 -0.0296 -0.2590 -0.3390 -0.3741 0.0595 0.2714 -0.1793 -0.2986 -0.3654 -0.2329 0.1633 0.0239 -0.2527 -0.3346 -0.3763 0.0428 0.2628 -0.1678 -0.2934 -0.3626 -0.2729 0.1484 0.0946 -0.2423 -0.3294 -0.3804 -0.2701 -0.3804 -0.3294 -0.2423 0.0946 0.1484 -0.2729 -0.3626 -0.2934 -0.1678 0.2628 0.0428 -0.3763 -0.3346 -0.2527 0.0239 0.1633 -0.2329 -0.3654 -0.2986 -0.1793 0.2714 0.0595 -0.3741 -0.3390 -0.2590 -0.0296 0.1777 -0.1862 -0.3679 -0.3037 -0.1899 0.2754 0.0747 -0.3697 -0.3432 -0.2645 -0.0683 0.1911 -0.1326 -0.3703 -0.3094 -0.2021 0.2694 0.0945 -0.3566 -0.3503 -0.2756 -0.1243 0.2284 -0.0169
0.2313 -0.1307 -0.2772 -0.3510 -0.3554 0.0945 0.2704 -0.2004 -0.3082 -0.3697 -0.1491 0.1865 -0.0553 -0.2623 -0.3415 -0.3719 0.0683 0.2744 -0.1853 -0.3015 -0.3669 -0.2074 0.1717 -0.0084 -0.2566 -0.3371 -0.3753 0.0524 0.2681 -0.1744 -0.2964 -0.3643 -0.2511 0.1569 0.0524 -0.2485 -0.3327 -0.3767 0.0347 0.2580 -0.1626 -0.2912 -0.3613 -0.2872 0.1424 0.1244 -0.2385 -0.3278 -0.3763 -0.0158 0.1380 -0.0158 -0.3763 -0.3278 -0.2385 0.1244 0.1424 -0.2872 -0.3613 -0.2912 -0.1626 0.2580 0.0347 -0.3767 -0.3327 -0.2485 0.0524 0.1569 -0.2511 -0.3643 -0.2964 -0.1744 0.2681 0.0524 -0.3753 -0.3371 -0.2566 -0.0084 0.1717 -0.2074 -0.3669 -0.3015 -0.1853 0.2744 0.0683 -0.3719 -0.3415 -0.2623 -0.0553 0.1865 -0.1491 -0.3697 -0.3082 -0.2004 0.2704 0.0945 -0.3554 -0.3510 -0.2772 -0.1307 0.2313
-0.1326 -0.2793 -0.3523 -0.3522 0.0969 0.2694 -0.2004 -0.3078 -0.3694 -0.1603 0.1830 -0.0434 -0.2604 -0.3399 -0.3735 0.0620 0.2723 -0.1807 -0.2993 -0.3658 -0.2274 0.1653 0.0162 -0.2537 -0.3352 -0.3762 0.0450 0.2640 -0.1694 -0.2941 -0.3630 -0.2677 0.1506 0.0828 -0.2443 -0.3307 -0.3768 0.0261 0.2527 -0.1571 -0.2889 -0.3600 -0.3002 0.1365 0.1529 -0.2344 -0.3259 -0.3760 -0.0039 0.2195 0.1632 0.2195 -0.0039 -0.3760 -0.3259 -0.2344 0.1529 0.1365 -0.3002 -0.3600 -0.2889 -0.1571 0.2527 0.0261 -0.3768 -0.3307 -0.2443 0.0828 0.1506 -0.2677 -0.3630 -0.2941 -0.1694 0.2640 0.0450 -0.3762 -0.3352 -0.2537 0.0162 0.1653 -0.2274 -0.3658 -0.2993 -0.1807 0.2723 0.0620 -0.3735 -0.3399 -0.2604 -0.0434 0.1830 -0.1603 -0.3694 -0.3078 -0.2004 0.2694 0.0969 -0.3522 -0.3523 -0.2793 -0.1326
-0.2643 -0.3538 -0.3471 0.1012 0.2664 -0.2021 -0.3082 -0.3694 -0.1642 0.1811 -0.0348 -0.2591 -0.3386 -0.3746 0.0562 0.2697 -0.1763 -0.2971 -0.3646 -0.2459 0.1588 0.0439 -0.2498 -0.3332 -0.3767 0.0371 0.2594 -0.1641 -0.2919 -0.3617 -0.2828 0.1445 0.1137 -0.2401 -0.3287 -0.3767 0.0167 0.2472 -0.1513 -0.2866 -0.3586 -0.3118 0.1306 0.1791 -0.2303 -0.3239 -0.3755 -0.0108 0.2298 -0.1158 -0.2334 -0.1158 0.2298 -0.0108 -0.3755 -0.3239 -0.2303 0.1791 0.1306 -0.3118 -0.3586 -0.2866 -0.1513 0.2472 0.0167 -0.3767 -0.3287 -0.2401 0.1137 0.1445 -0.2828 -0.3617 -0.2919 -0.1641 0.2594 0.0371 -0.3767 -0.3332 -0.2498 0.0439 0.1588 -0.2459 -0.3646 -0.2971 -0.1763 0.2697 0.0562 -0.3746 -0.3386 -0.2591 -0.0348 0.1811 -0.1642 -0.3694 -0.3082 -0.2021 0.2664 0.1012 -0.3471 -0.3538 -0.2643
-0.3405 -0.3406 0.1065 0.2606 -0.2050 -0.3094 -0.3697 -0.1603 0.1811 -0.0317 -0.2583 -0.3377 -0.3752 0.0515 0.2669 -0.1722 -0.2952 -0.3635 -0.2622 0.1526 0.0735 -0.2455 -0.3313 -0.3768 0.0286 0.2543 -0.1587 -0.2896 -0.3604 -0.2963 0.1384 0.1434 -0.2359 -0.3267 -0.3762 0.0065 0.2414 -0.1453 -0.2844 -0.3572 -0.3221 0.1248 0.2019 -0.2262 -0.3218 -0.3749 -0.0226 0.2262 -0.1250 -0.2728 -0.3249 -0.2728 -0.1250 0.2262 -0.0226 -0.3749 -0.3218 -0.2262 0.2019 0.1248 -0.3221 -0.3572 -0.2844 -0.1453 0.2414 0.0065 -0.3762 -0.3267 -0.2359 0.1434 0.1384 -0.2963 -0.3604 -0.2896 -0.1587 0.2543 0.0286 -0.3768 -0.3313 -0.2455 0.0735 0.1526 -0.2622 -0.3635 -0.2952 -0.1722 0.2669 0.0515 -0.3752 -0.3377 -0.2583 -0.0317 0.1811 -0.1603 -0.3697 -0.3094 -0.2050 0.2606 0.1065 -0.3406 -0.3405
-0.3311 0.1123 0.2517 -0.2088 -0.3111 -0.3703 -0.1491 0.1830 -0.0348 -0.2583 -0.3375 -0.3755 0.0483 0.2647 -0.1690 -0.2935 -0.3625 -0.2755 0.1471 0.1023 -0.2415 -0.3293 -0.3767 0.0195 0.2488 -0.1530 -0.2873 -0.3590 -0.3084 0.1325 0.1706 -0.2317 -0.3247 -0.3757 -0.0047 0.2354 -0.1388 -0.2821 -0.3557 -0.3312 0.1190 0.2212 -0.2220 -0.3198 -0.3742 -0.0367 0.2208 -0.1204 -0.2753 -0.3518 -0.3870 -0.3518 -0.2753 -0.1204 0.2208 -0.0367 -0.3742 -0.3198 -0.2220 0.2212 0.1190 -0.3312 -0.3557 -0.2821 -0.1388 0.2354 -0.0047 -0.3757 -0.3247 -0.2317 0.1706 0.1325 -0.3084 -0.3590 -0.2873 -0.1530 0.2488 0.0195 -0.3767 -0.3293 -0.2415 0.1023 0.1471 -0.2755 -0.3625 -0.2935 -0.1690 0.2647 0.0483 -0.3755 -0.3375 -0.2583 -0.0348 0.1830 -0.1491 -0.3703 -0.3111 -0.2088 0.2517 0.1123 -0.3311
0.1139 0.2395 -0.2130 -0.3131 -0.3711 -0.1326 0.1865 -0.0434 -0.2591 -0.3377 -0.3755 0.0472 0.2635 -0.1669 -0.2923 -0.3617 -0.2857 0.1423 0.1277 -0.2378 -0.3275 -0.3764 0.0097 0.2431 -0.1470 -0.2850 -0.3576 -0.3191 0.1267 0.1947 -0.2276 -0.3226 -0.3751 -0.0171 0.2293 -0.1319 -0.2798 -0.3542 -0.3391 0.1133 0.2370 -0.2178 -0.3177 -0.3735 -0.0525 0.2149 -0.1129 -0.2739 -0.3502 -0.3648 -0.0459 -0.3648 -0.3502 -0.2739 -0.1129 0.2149 -0.0525 -0.3735 -0.3177 -0.2178 0.2370 0.1133 -0.3391 -0.3542 -0.2798 -0.1319 0.2293 -0.0171 -0.3751 -0.3226 -0.2276 0.1947 0.1267 -0.3191 -0.3576 -0.2850 -0.1470 0.2431 0.0097 -0.3764 -0.3275 -0.2378 0.1277 0.1423 -0.2857 -0.3617 -0.2923 -0.1669 0.2635 0.0472 -0.3755 -0.3377 -0.2591 -0.0434 0.1865 -0.1326 -0.3711 -0.3131 -0.2130 0.2395 0.1139
0.2189 -0.2172 -0.3152 -0.3719 -0.1129 0.1911 -0.0553 -0.2604 -0.3386 -0.3752 0.0483 0.2635 -0.1661 -0.2917 -0.3611 -0.2925 0.1387 0.1477 -0.2346 -0.3258 -0.3760 -0.0002 0.2375 -0.1409 -0.2827 -0.3561 -0.3285 0.1208 0.2152 -0.2234 -0.3205 -0.3745 -0.0310 0.2233 -0.1245 -0.2774 -0.3526 -0.3460 0.1075 0.2497 -0.2137 -0.3156 -0.3728 -0.0701 0.2090 -0.1039 -0.2718 -0.3486 -0.3612 0.0771 0.2033 0.0771 -0.3612 -0.3486 -0.2718 -0.1039 0.2090 -0.0701 -0.3728 -0.3156 -0.2137 0.2497 0.1075 -0.3460 -0.3526 -0.2774 -0.1245 0.2233 -0.0310 -0.3745 -0.3205 -0.2234 0.2152 0.1208 -0.3285 -0.3561 -0.2827 -0.1409 0.2375 -0.0002 -0.3760 -0.3258 -0.2346 0.1477 0.1387 -0.2925 -0.3611 -0.2917 -0.1661 0.2635 0.0483 -0.3752 -0.3386 -0.2604 -0.0553 0.1911 -0.1129 -0.3719 -0.3152 -0.2172 0.2189
-0.2086 -0.3174 -0.3727 -0.0923 0.1966 -0.0683 -0.2623 -0.3399 -0.3746 0.0515 0.2647 -0.1669 -0.2917 -0.3609 -0.2959 0.1364 0.1614 -0.2321 -0.3244 -0.3755 -0.0097 0.2323 -0.1348 -0.2805 -0.3546 -0.3367 0.1151 0.2323 -0.2192 -0.3184 -0.3738 -0.0463 0.2173 -0.1165 -0.2751 -0.3510 -0.3520 0.1017 0.2595 -0.2095 -0.3134 -0.3720 -0.0894 0.2032 -0.0938 -0.2695 -0.3469 -0.3636 0.0839 0.2755 -0.0918 0.2755 0.0839 -0.3636 -0.3469 -0.2695 -0.0938 0.2032 -0.0894 -0.3720 -0.3134 -0.2095 0.2595 0.1017 -0.3520 -0.3510 -0.2751 -0.1165 0.2173 -0.0463 -0.3738 -0.3184 -0.2192 0.2323 0.1151 -0.3367 -0.3546 -0.2805 -0.1348 0.2323 -0.0097 -0.3755 -0.3244 -0.2321 0.1614 0.1364 -0.2959 -0.3609 -0.2917 -0.1669 0.2647 0.0515 -0.3746 -0.3399 -0.2623 -0.0683 0.1966 -0.0923 -0.3727 -0.3174 -0.2086
-0.3031 -0.3735 -0.0727 0.2024 -0.0810 -0.2645 -0.3415 -0.3735 0.0562 0.2669 -0.1690 -0.2923 -0.3611 -0.2959 0.1356 0.1684 -0.2306 -0.3234 -0.3752 -0.0182 0.2278 -0.1291 -0.2786 -0.3532 -0.3435 0.1095 0.2458 -0.2151 -0.3163 -0.3731 -0.0634 0.2113 -0.1077 -0.2728 -0.3493 -0.3571 0.0959 0.2666 -0.2052 -0.3113 -0.3712 -0.1100 0.1973 -0.0825 -0.2671 -0.3452 -0.3667 0.0806 0.2755 -0.1831 -0.2663 -0.1831 0.2755 0.0806 -0.3667 -0.3452 -0.2671 -0.0825 0.1973 -0.1100 -0.3712 -0.3113 -0.2052 0.2666 0.0959 -0.3571 -0.3493 -0.2728 -0.1077 0.2113 -0.0634 -0.3731 -0.3163 -0.2151 0.2458 0.1095 -0.3435 -0.3532 -0.2786 -0.1291 0.2278 -0.0182 -0.3752 -0.3234 -0.2306 0.1684 0.1356 -0.2959 -0.3611 -0.2923 -0.1690 0.2669 0.0562 -0.3735 -0.3415 -0.2645 -0.0810 0.2024 -0.0727 -0.3735 -0.3031
-0.3618 -0.0547 0.2083 -0.0926 -0.2669 -0.3432 -0.3719 0.0620 0.2697 -0.1722 -0.2935 -0.3617 -0.2925 0.1364 0.1684 -0.2300 -0.3229 -0.3749 -0.0245 0.2244 -0.1243 -0.2769 -0.3520 -0.3489 0.1044 0.2558 -0.2111 -0.3142 -0.3723 -0.0822 0.2054 -0.0979 -0.2704 -0.3476 -0.3615 0.0900 0.2715 -0.2009 -0.3091 -0.3703 -0.1317 0.1916 -0.0697 -0.2648 -0.3434 -0.3695 0.0750 0.2754 -0.1879 -0.2990 -0.3495 -0.2990 -0.1879 0.2754 0.0750 -0.3695 -0.3434 -0.2648 -0.0697 0.1916 -0.1317 -0.3703 -0.3091 -0.2009 0.2715 0.0900 -0.3615 -0.3476 -0.2704 -0.0979 0.2054 -0.0822 -0.3723 -0.3142 -0.2111 0.2558 0.1044 -0.3489 -0.3520 -0.2769 -0.1243 0.2244 -0.0245 -0.3749 -0.3229 -0.2300 0.1684 0.1364 -0.2925 -0.3617 -0.2935 -0.1722 0.2697 0.0620 -0.3719 -0.3432 -0.2669 -0.0926 0.2083 -0.0547 -0.3618
-0.0504 0.2144 -0.1029 -0.2692 -0.3450 -0.3697 0.0683 0.2723 -0.1763 -0.2952 -0.3625 -0.2857 0.1387 0.1614 -0.2306 -0.3229 -0.3748 -0.0279 0.2223 -0.1206 -0.2756 -0.3509 -0.3529 0.0999 0.2628 -0.2074 -0.3122 -0.3715 -0.1021 0.1995 -0.0870 -0.2681 -0.3459 -0.3652 0.0840 0.2743 -0.1966 -0.3070 -0.3694 -0.1540 0.1858 -0.0549 -0.2624 -0.3416 -0.3717 0.0687 0.2745 -0.1851 -0.3007 -0.3699 -0.3804 -0.3699 -0.3007 -0.1851 0.2745 0.0687 -0.3717 -0.3416 -0.2624 -0.0549 0.1858 -0.1540 -0.3694 -0.3070 -0.1966 0.2743 0.0840 -0.3652 -0.3459 -0.2681 -0.0870 0.1995 -0.1021 -0.3715 -0.3122 -0.2074 0.2628 0.0999 -0.3529 -0.3509 -0.2756 -0.1206 0.2223 -0.0279 -0.3748 -0.3229 -0.2306 0.1614 0.1387 -0.2857 -0.3625 -0.2952 -0.1763 0.2723 0.0683 -0.3697 -0.3450 -0.2692 -0.1029 0.2144 -0.0504
0.2177 -0.1122 -0.2716 -0.3467 -0.3669 0.0747 0.2744 -0.1807 -0.2971 -0.3635 -0.2755 0.1423 0.1477 -0.2321 -0.3234 -0.3749 -0.0279 0.2215 -0.1187 -0.2748 -0.3502 -0.3558 0.0963 0.2674 -0.2041 -0.3105 -0.3708 -0.1217 0.1940 -0.0750 -0.2657 -0.3441 -0.3683 0.0779 0.2754 -0.1921 -0.3048 -0.3684 -0.1762 0.1802 -0.0379 -0.2600 -0.3397 -0.3735 0.0621 0.2724 -0.1808 -0.2992 -0.3661 -0.2693 0.0629 -0.2693 -0.3661 -0.2992 -0.1808 0.2724 0.0621 -0.3735 -0.3397 -0.2600 -0.0379 0.1802 -0.1762 -0.3684 -0.3048 -0.1921 0.2754 0.0779 -0.3683 -0.3441 -0.2657 -0.0750 0.1940 -0.1217 -0.3708 -0.3105 -0.2041 0.2674 0.0963 -0.3558 -0.3502 -0.2748 -0.1187 0.2215 -0.0279 -0.3749 -0.3234 -0.2321 0.1477 0.1423 -0.2755 -0.3635 -0.2971 -0.1807 0.2744 0.0747 -0.3669 -0.3467 -0.2716 -0.1122 0.2177
-0.1165 -0.2739 -0.3484 -0.3635 0.0809 0.2754 -0.1853 -0.2993 -0.3646 -0.2622 0.1471 0.1277 -0.2346 -0.3244 -0.3752 -0.0245 0.2223 -0.1187 -0.2745 -0.3498 -0.3574 0.0937 0.2701 -0.2014 -0.3089 -0.3701 -0.1395 0.1891 -0.0625 -0.2635 -0.3424 -0.3708 0.0715 0.2751 -0.1876 -0.3026 -0.3674 -0.1977 0.1745 -0.0181 -0.2577 -0.3379 -0.3749 0.0552 0.2694 -0.1761 -0.2971 -0.3647 -0.2545 0.1397 0.2649 0.1397 -0.2545 -0.3647 -0.2971 -0.1761 0.2694 0.0552 -0.3749 -0.3379 -0.2577 -0.0181 0.1745 -0.1977 -0.3674 -0.3026 -0.1876 0.2751 0.0715 -0.3708 -0.3424 -0.2635 -0.0625 0.1891 -0.1395 -0.3701 -0.3089 -0.2014 0.2701 0.0937 -0.3574 -0.3498 -0.2745 -0.1187 0.2223 -0.0245 -0.3752 -0.3244 -0.2346 0.1277 0.1471 -0.2622 -0.3646 -0.2993 -0.1853 0.2754 0.0809 -0.3635 -0.3484 -0.2739 -0.1165
-0.2589 -0.3501 -0.3595 0.0870 0.2751 -0.1899 -0.3015 -0.3658 -0.2459 0.1526 0.1023 -0.2378 -0.3258 -0.3755 -0.0182 0.2244 -0.1206 -0.2748 -0.3498 -0.3579 0.0923 0.2714 -0.1995 -0.3078 -0.3695 -0.1546 0.1849 -0.0502 -0.2615 -0.3407 -0.3727 0.0653 0.2735 -0.1830 -0.3004 -0.3663 -0.2181 0.1683 0.0048 -0.2551 -0.3360 -0.3759 0.0480 0.2657 -0.1712 -0.2949 -0.3635 -0.2643 0.1484 0.1556 -0.1765 0.1556 0.1484 -0.2643 -0.3635 -0.2949 -0.1712 0.2657 0.0480 -0.3759 -0.3360 -0.2551 0.0048 0.1683 -0.2181 -0.3663 -0.3004 -0.1830 0.2735 0.0653 -0.3727 -0.3407 -0.2615 -0.0502 0.1849 -0.1546 -0.3695 -0.3078 -0.1995 0.2714 0.0923 -0.3579 -0.3498 -0.2748 -0.1206 0.2244 -0.0182 -0.3755 -0.3258 -0.2378 0.1023 0.1526 -0.2459 -0.3658 -0.3015 -0.1899 0.2751 0.0870 -0.3595 -0.3501 -0.2589
-0.3366 -0.3547 0.0930 0.2731 -0.1944 -0.3037 -0.3669 -0.2274 0.1588 0.0735 -0.2415 -0.3275 -0.3760 -0.0097 0.2278 -0.1243 -0.2756 -0.3502 -0.3574 0.0923 0.2718 -0.1985 -0.3071 -0.3691 -0.1662 0.1814 -0.0384 -0.2597 -0.3393 -0.3740 0.0593 0.2712 -0.1785 -0.2982 -0.3652 -0.2371 0.1618 0.0309 -0.2516 -0.3341 -0.3765 0.0403 0.2613 -0.1661 -0.2927 -0.3622 -0.2782 0.1455 0.1206 -0.2315 -0.2932 -0.2315 0.1206 0.1455 -0.2782 -0.3622 -0.2927 -0.1661 0.2613 0.0403 -0.3765 -0.3341 -0.2516 0.0309 0.1618 -0.2371 -0.3652 -0.2982 -0.1785 0.2712 0.0593 -0.3740 -0.3393 -0.2597 -0.0384 0.1814 -0.1662 -0.3691 -0.3071 -0.1985 0.2718 0.0923 -0.3574 -0.3502 -0.2756 -0.1243 0.2278 -0.0097 -0.3760 -0.3275 -0.2415 0.0735 0.1588 -0.2274 -0.3669 -0.3037 -0.1944 0.2731 0.0930 -0.3547 -0.3366
-0.3450 0.0990 0.2693 -0.1988 -0.3059 -0.3679 -0.2074 0.1653 0.0439 -0.2455 -0.3293 -0.3764 -0.0002 0.2323 -0.1291 -0.2769 -0.3509 -0.3558 0.0937 0.2714 -0.1985 -0.3068 -0.3689 -0.1734 0.1790 -0.0284 -0.2583 -0.3380 -0.3750 0.0538 0.2684 -0.1743 -0.2961 -0.3641 -0.2544 0.1555 0.0595 -0.2474 -0.3322 -0.3768 0.0321 0.2564 -0.1608 -0.2904 -0.3609 -0.2920 0.1402 0.1376 -0.2352 -0.3242 -0.3707 -0.3242 -0.2352 0.1376 0.1402 -0.2920 -0.3609 -0.2904 -0.1608 0.2564 0.0321 -0.3768 -0.3322 -0.2474 0.0595 0.1555 -0.2544 -0.3641 -0.2961 -0.1743 0.2684 0.0538 -0.3750 -0.3380 -0.2583 -0.0284 0.1790 -0.1734 -0.3689 -0.3068 -0.1985 0.2714 0.0937 -0.3558 -0.3509 -0.2769 -0.1291 0.2323 -0.0002 -0.3764 -0.3293 -0.2455 0.0439 0.1653 -0.2074 -0.3679 -0.3059 -0.1988 0.2693 0.0990 -0.3450
0.1004 0.2632 -0.2032 -0.3081 -0.3690 -0.1862 0.1717 0.0162 -0.2498 -0.3313 -0.3767 0.0097 0.2375 -0.1348 -0.2786 -0.3520 -0.3529 0.0963 0.2701 -0.1995 -0.3071 -0.3689 -0.1758 0.1778 -0.0218 -0.2573 -0.3371 -0.3756 0.0490 0.2655 -0.1704 -0.2943 -0.3630 -0.2692 0.1497 0.0886 -0.2434 -0.3302 -0.3768 0.0234 0.2511 -0.1553 -0.2882 -0.3595 -0.3044 0.1344 0.1630 -0.2326 -0.3246 -0.3798 -0.3040 -0.3798 -0.3246 -0.2326 0.1630 0.1344 -0.3044 -0.3595 -0.2882 -0.1553 0.2511 0.0234 -0.3768 -0.3302 -0.2434 0.0886 0.1497 -0.2692 -0.3630 -0.2943 -0.1704 0.2655 0.0490 -0.3756 -0.3371 -0.2573 -0.0218 0.1778 -0.1758 -0.3689 -0.3071 -0.1995 0.2701 0.0963 -0.3529 -0.3520 -0.2786 -0.1348 0.2375 0.0097 -0.3767 -0.3313 -0.2498 0.0162 0.1717 -0.1862 -0.3690 -0.3081 -0.2032 0.2632 0.1004
0.2496 -0.2075 -0.3103 -0.3699 -0.1641 0.1777 -0.0084 -0.2537 -0.3332 -0.3768 0.0195 0.2431 -0.1409 -0.2805 -0.3532 -0.3489 0.0999 0.2674 -0.2014 -0.3078 -0.3691 -0.1734 0.1778 -0.0195 -0.2568 -0.3364 -0.3759 0.0451 0.2630 -0.1671 -0.2927 -0.3620 -0.2814 0.1444 0.1162 -0.2395 -0.3283 -0.3766 0.0143 0.2456 -0.1496 -0.2859 -0.3581 -0.3154 0.1286 0.1873 -0.2288 -0.3231 -0.3753 -0.0496 0.1252 -0.0496 -0.3753 -0.3231 -0.2288 0.1873 0.1286 -0.3154 -0.3581 -0.2859 -0.1496 0.2456 0.0143 -0.3766 -0.3283 -0.2395 0.1162 0.1444 -0.2814 -0.3620 -0.2927 -0.1671 0.2630 0.0451 -0.3759 -0.3364 -0.2568 -0.0195 0.1778 -0.1734 -0.3691 -0.3078 -0.2014 0.2674 0.0999 -0.3489 -0.3532 -0.2805 -0.1409 0.2431 0.0195 -0.3768 -0.3332 -0.2537 -0.0084 0.1777 -0.1641 -0.3699 -0.3103 -0.2075 0.2496
-0.2004 -0.3125 -0.3708 -0.1418 0.1834 -0.0296 -0.2566 -0.3352 -0.3767 0.0286 0.2488 -0.1470 -0.2827 -0.3546 -0.3435 0.1044 0.2628 -0.2041 -0.3089 -0.3695 -0.1662 0.1790 -0.0218 -0.2568 -0.3362 -0.3761 0.0426 0.2611 -0.1644 -0.2914 -0.3611 -0.2912 0.1399 0.1401 -0.2359 -0.3265 -0.3762 0.0045 0.2401 -0.1437 -0.2837 -0.3567 -0.3250 0.1230 0.2085 -0.2248 -0.3211 -0.3746 -0.0346 0.2049 0.2152 0.2049 -0.0346 -0.3746 -0.3211 -0.2248 0.2085 0.1230 -0.3250 -0.3567 -0.2837 -0.1437 0.2401 0.0045 -0.3762 -0.3265 -0.2359 0.1401 0.1399 -0.2912 -0.3611 -0.2914 -0.1644 0.2611 0.0426 -0.3761 -0.3362 -0.2568 -0.0218 0.1790 -0.1662 -0.3695 -0.3089 -0.2041 0.2628 0.1044 -0.3435 -0.3546 -0.2827 -0.1470 0.2488 0.0286 -0.3767 -0.3352 -0.2566 -0.0296 0.1834 -0.1418 -0.3708 -0.3125 -0.2004
-0.2981 -0.3717 -0.1196 0.1891 -0.0479 -0.2590 -0.3371 -0.3762 0.0371 0.2543 -0.1530 -0.2850 -0.3561 -0.3367 0.1095 0.2558 -0.2074 -0.3105 -0.3701 -0.1546 0.1814 -0.0284 -0.2573 -0.3364 -0.3761 0.0418 0.2601 -0.1628 -0.2905 -0.3605 -0.2985 0.1361 0.1595 -0.2328 -0.3249 -0.3757 -0.0055 0.2346 -0.1376 -0.2816 -0.3553 -0.3333 0.1174 0.2261 -0.2208 -0.3191 -0.3740 -0.0434 0.2157 -0.0936 -0.2255 -0.0936 0.2157 -0.0434 -0.3740 -0.3191 -0.2208 0.2261 0.1174 -0.3333 -0.3553 -0.2816 -0.1376 0.2346 -0.0055 -0.3757 -0.3249 -0.2328 0.1595 0.1361 -0.2985 -0.3605 -0.2905 -0.1628 0.2601 0.0418 -0.3761 -0.3364 -0.2573 -0.0284 0.1814 -0.1546 -0.3701 -0.3105 -0.2074 0.2558 0.1095 -0.3367 -0.3561 -0.2850 -0.1530 0.2543 0.0371 -0.3762 -0.3371 -0.2590 -0.0479 0.1891 -0.1196 -0.3717 -0.2981
-0.3597 -0.0982 0.1948 -0.0637 -0.2614 -0.3390 -0.3753 0.0450 0.2594 -0.1587 -0.2873 -0.3576 -0.3285 0.1151 0.2458 -0.2111 -0.3122 -0.3708 -0.1395 0.1849 -0.0384 -0.2583 -0.3371 -0.3759 0.0426 0.2601 -0.1622 -0.2900 -0.3600 -0.3035 0.1332 0.1742 -0.2302 -0.3235 -0.3752 -0.0152 0.2296 -0.1316 -0.2795 -0.3539 -0.3406 0.1120 0.2404 -0.2168 -0.3171 -0.3733 -0.0582 0.2124 -0.1053 -0.2673 -0.3196 -0.2673 -0.1053 0.2124 -0.0582 -0.3733 -0.3171 -0.2168 0.2404 0.1120 -0.3406 -0.3539 -0.2795 -0.1316 0.2296 -0.0152 -0.3752 -0.3235 -0.2302 0.1742 0.1332 -0.3035 -0.3600 -0.2900 -0.1622 0.2601 0.0426 -0.3759 -0.3371 -0.2583 -0.0384 0.1849 -0.1395 -0.3708 -0.3122 -0.2111 0.2458 0.1151 -0.3285 -0.3576 -0.2873 -0.1587 0.2594 0.0450 -0.3753 -0.3390 -0.2614 -0.0637 0.1948 -0.0982 -0.3597
-0.0922 0.2008 -0.0773 -0.2638 -0.3408 -0.3741 0.0524 0.2640 -0.1641 -0.2896 -0.3590 -0.3191 0.1208 0.2323 -0.2151 -0.3142 -0.3715 -0.1217 0.1891 -0.0502 -0.2597 -0.3380 -0.3756 0.0451 0.2611 -0.1628 -0.2900 -0.3599 -0.3060 0.1314 0.1840 -0.2282 -0.3224 -0.3749 -0.0243 0.2251 -0.1259 -0.2776 -0.3525 -0.3467 0.1066 0.2518 -0.2128 -0.3151 -0.3726 -0.0753 0.2071 -0.0998 -0.2699 -0.3474 -0.3853 -0.3474 -0.2699 -0.0998 0.2071 -0.0753 -0.3726 -0.3151 -0.2128 0.2518 0.1066 -0.3467 -0.3525 -0.2776 -0.1259 0.2251 -0.0243 -0.3749 -0.3224 -0.2282 0.1840 0.1314 -0.3060 -0.3599 -0.2900 -0.1628 0.2611 0.0451 -0.3756 -0.3380 -0.2597 -0.0502 0.1891 -0.1217 -0.3715 -0.3142 -0.2151 0.2323 0.1208 -0.3191 -0.3590 -0.2896 -0.1641 0.2640 0.0524 -0.3741 -0.3408 -0.2638 -0.0773 0.2008 -0.0922
0.2040 -0.0894 -0.2662 -0.3427 -0.3725 0.0595 0.2681 -0.1694 -0.2919 -0.3604 -0.3084 0.1267 0.2152 -0.2192 -0.3163 -0.3723 -0.1021 0.1940 -0.0625 -0.2615 -0.3393 -0.3750 0.0490 0.2630 -0.1644 -0.2905 -0.3600 -0.3060 0.1308 0.1889 -0.2269 -0.3215 -0.3745 -0.0321 0.2214 -0.1206 -0.2759 -0.3513 -0.3516 0.1016 0.2602 -0.2089 -0.3131 -0.3719 -0.0939 0.2017 -0.0906 -0.2685 -0.3462 -0.3719 -0.0874 -0.3719 -0.3462 -0.2685 -0.0906 0.2017 -0.0939 -0.3719 -0.3131 -0.2089 0.2602 0.1016 -0.3516 -0.3513 -0.2759 -0.1206 0.2214 -0.0321 -0.3745 -0.3215 -0.2269 0.1889 0.1308 -0.3060 -0.3600 -0.2905 -0.1644 0.2630 0.0490 -0.3750 -0.3393 -0.2615 -0.0625 0.1940 -0.1021 -0.3723 -0.3163 -0.2192 0.2152 0.1267 -0.3084 -0.3604 -0.2919 -0.1694 0.2681 0.0595 -0.3725 -0.3427 -0.2662 -0.0894 0.2040
-0.0968 -0.2685 -0.3445 -0.3704 0.0663 0.2714 -0.1744 -0.2941 -0.3617 -0.2963 0.1325 0.1947 -0.2234 -0.3184 -0.3731 -0.0822 0.1995 -0.0750 -0.2635 -0.3407 -0.3740 0.0538 0.2655 -0.1671 -0.2914 -0.3605 -0.3035 0.1314 0.1889 -0.2265 -0.3211 -0.3744 -0.0380 0.2186 -0.1160 -0.2744 -0.3501 -0.3554 0.0972 0.2661 -0.2052 -0.3111 -0.3711 -0.1133 0.1963 -0.0798 -0.2665 -0.3447 -0.3688 0.0626 0.1897 0.0626 -0.3688 -0.3447 -0.2665 -0.0798 0.1963 -0.1133 -0.3711 -0.3111 -0.2052 0.2661 0.0972 -0.3554 -0.3501 -0.2744 -0.1160 0.2186 -0.0380 -0.3744 -0.3211 -0.2265 0.1889 0.1314 -0.3035 -0.3605 -0.2914 -0.1671 0.2655 0.0538 -0.3740 -0.3407 -0.2635 -0.0750 0.1995 -0.0822 -0.3731 -0.3184 -0.2234 0.1947 0.1325 -0.2963 -0.3617 -0.2941 -0.1744 0.2714 0.0663 -0.3704 -0.3445 -0.2685 -0.0968
-0.2533 -0.3463 -0.3678 0.0728 0.2739 -0.1793 -0.2964 -0.3630 -0.2828 0.1384 0.1706 -0.2276 -0.3205 -0.3738 -0.0634 0.2054 -0.0870 -0.2657 -0.3424 -0.3727 0.0593 0.2684 -0.1704 -0.2927 -0.3611 -0.2985 0.1332 0.1840 -0.2269 -0.3211 -0.3743 -0.0412 0.2168 -0.1127 -0.2733 -0.3492 -0.3583 0.0933 0.2699 -0.2019 -0.3094 -0.3703 -0.1326 0.1910 -0.0678 -0.2644 -0.3430 -0.3703 0.0699 0.2700 -0.0615 0.2700 0.0699 -0.3703 -0.3430 -0.2644 -0.0678 0.1910 -0.1326 -0.3703 -0.3094 -0.2019 0.2699 0.0933 -0.3583 -0.3492 -0.2733 -0.1127 0.2168 -0.0412 -0.3743 -0.3211 -0.2269 0.1840 0.1332 -0.2985 -0.3611 -0.2927 -0.1704 0.2684 0.0593 -0.3727 -0.3424 -0.2657 -0.0870 0.2054 -0.0634 -0.3738 -0.3205 -0.2276 0.1706 0.1384 -0.2828 -0.3630 -0.2964 -0.1793 0.2739 0.0728 -0.3678 -0.3463 -0.2533
-0.3326 -0.3646 0.0791 0.2753 -0.1840 -0.2986 -0.3643 -0.2677 0.1445 0.1434 -0.2317 -0.3226 -0.3745 -0.0463 0.2113 -0.0979 -0.2681 -0.3441 -0.3708 0.0653 0.2712 -0.1743 -0.2943 -0.3620 -0.2912 0.1361 0.1742 -0.2282 -0.3215 -0.3744 -0.0412 0.2161 -0.1109 -0.2726 -0.3486 -0.3604 0.0901 0.2722 -0.1991 -0.3078 -0.3696 -0.1507 0.1862 -0.0547 -0.2622 -0.3414 -0.3721 0.0666 0.2731 -0.1721 -0.2607 -0.1721 0.2731 0.0666 -0.3721 -0.3414 -0.2622 -0.0547 0.1862 -0.1507 -0.3696 -0.3078 -0.1991 0.2722 0.0901 -0.3604 -0.3486 -0.2726 -0.1109 0.2161 -0.0412 -0.3744 -0.3215 -0.2282 0.1742 0.1361 -0.2912 -0.3620 -0.2943 -0.1743 0.2712 0.0653 -0.3708 -0.3441 -0.2681 -0.0979 0.2113 -0.0463 -0.3745 -0.3226 -0.2317 0.1434 0.1445 -0.2677 -0.3643 -0.2986 -0.1840 0.2753 0.0791 -0.3646 -0.3326
-0.3547 0.0853 0.2753 -0.1886 -0.3008 -0.3654 -0.2511 0.1506 0.1137 -0.2359 -0.3247 -0.3751 -0.0310 0.2173 -0.1077 -0.2704 -0.3459 -0.3683 0.0715 0.2735 -0.1785 -0.2961 -0.3630 -0.2814 0.1399 0.1595 -0.2302 -0.3224 -0.3745 -0.0380 0.2168 -0.1109 -0.2724 -0.3483 -0.3616 0.0878 0.2736 -0.1968 -0.3066 -0.3690 -0.1664 0.1819 -0.0411 -0.2602 -0.3398 -0.3736 0.0612 0.2718 -0.1776 -0.2939 -0.3447 -0.2939 -0.1776 0.2718 0.0612 -0.3736 -0.3398 -0.2602 -0.0411 0.1819 -0.1664 -0.3690 -0.3066 -0.1968 0.2736 0.0878 -0.3616 -0.3483 -0.2724 -0.1109 0.2168 -0.0380 -0.3745 -0.3224 -0.2302 0.1595 0.1399 -0.2814 -0.3630 -0.2961 -0.1785 0.2735 0.0715 -0.3683 -0.3459 -0.2704 -0.1077 0.2173 -0.0310 -0.3751 -0.3247 -0.2359 0.1137 0.1506 -0.2511 -0.3654 -0.3008 -0.1886 0.2753 0.0853 -0.3547
0.0866 0.2739 -0.1931 -0.3031 -0.3666 -0.2329 0.1569 0.0828 -0.2401 -0.3267 -0.3757 -0.0171 0.2233 -0.1165 -0.2728 -0.3476 -0.3652 0.0779 0.2751 -0.1830 -0.2982 -0.3641 -0.2692 0.1444 0.1401 -0.2328 -0.3235 -0.3749 -0.0321 0.2186 -0.1127 -0.2726 -0.3483 -0.3620 0.0866 0.2743 -0.1952 -0.3056 -0.3685 -0.1791 0.1783 -0.0280 -0.2584 -0.3383 -0.3748 0.0554 0.2693 -0.1752 -0.2958 -0.3668 -0.3850 -0.3668 -0.2958 -0.1752 0.2693 0.0554 -0.3748 -0.3383 -0.2584 -0.0280 0.1783 -0.1791 -0.3685 -0.3056 -0.1952 0.2743 0.0866 -0.3620 -0.3483 -0.2726 -0.1127 0.2186 -0.0321 -0.3749 -0.3235 -0.2328 0.1401 0.1444 -0.2692 -0.3641 -0.2982 -0.1830 0.2751 0.0779 -0.3652 -0.3476 -0.2728 -0.1165 0.2233 -0.0171 -0.3757 -0.3267 -0.2401 0.0828 0.1569 -0.2329 -0.3666 -0.3031 -0.1931 0.2739 0.0866
0.2657 -0.1976 -0.3053 -0.3677 -0.2133 0.1633 0.0524 -0.2443 -0.3287 -0.3762 -0.0047 0.2293 -0.1245 -0.2751 -0.3493 -0.3615 0.0840 0.2754 -0.1876 -0.3004 -0.3652 -0.2544 0.1497 0.1162 -0.2359 -0.3249 -0.3752 -0.0243 0.2214 -0.1160 -0.2733 -0.3486 -0.3616 0.0866 0.2745 -0.1943 -0.3049 -0.3681 -0.1888 0.1754 -0.0162 -0.2569 -0.3370 -0.3755 0.0499 0.2663 -0.1714 -0.2947 -0.3636 -0.2989 0.0484 -0.2989 -0.3636 -0.2947 -0.1714 0.2663 0.0499 -0.3755 -0.3370 -0.2569 -0.0162 0.1754 -0.1888 -0.3681 -0.3049 -0.1943 0.2745 0.0866 -0.3616 -0.3486 -0.2733 -0.1160 0.2214 -0.0243 -0.3752 -0.3249 -0.2359 0.1162 0.1497 -0.2544 -0.3652 -0.3004 -0.1876 0.2754 0.0840 -0.3615 -0.3493 -0.2751 -0.1245 0.2293 -0.0047 -0.3762 -0.3287 -0.2443 0.0524 0.1633 -0.2133 -0.3677 -0.3053 -0.1976 0.2657
-0.1918 -0.3075 -0.3687 -0.1924 0.1699 0.0239 -0.2485 -0.3307 -0.3767 0.0065 0.2354 -0.1319 -0.2774 -0.3510 -0.3571 0.0900 0.2743 -0.1921 -0.3026 -0.3663 -0.2371 0.1555 0.0886 -0.2395 -0.3265 -0.3757 -0.0152 0.2251 -0.1206 -0.2744 -0.3492 -0.3604 0.0878 0.2743 -0.1943 -0.3047 -0.3679 -0.1948 0.1734 -0.0063 -0.2557 -0.3359 -0.3761 0.0448 0.2632 -0.1676 -0.2930 -0.3623 -0.2853 0.1282 0.2558 0.1282 -0.2853 -0.3623 -0.2930 -0.1676 0.2632 0.0448 -0.3761 -0.3359 -0.2557 -0.0063 0.1734 -0.1948 -0.3679 -0.3047 -0.1943 0.2743 0.0878 -0.3604 -0.3492 -0.2744 -0.1206 0.2251 -0.0152 -0.3757 -0.3265 -0.2395 0.0886 0.1555 -0.2371 -0.3663 -0.3026 -0.1921 0.2743 0.0900 -0.3571 -0.3510 -0.2774 -0.1319 0.2354 0.0065 -0.3767 -0.3307 -0.2485 0.0239 0.1699 -0.1924 -0.3687 -0.3075 -0.1918
-0.2930 -0.3697 -0.1706 0.1761 -0.0016 -0.2527 -0.3327 -0.3768 0.0167 0.2414 -0.1388 -0.2798 -0.3526 -0.3520 0.0959 0.2715 -0.1966 -0.3048 -0.3674 -0.2181 0.1618 0.0595 -0.2434 -0.3283 -0.3762 -0.0055 0.2296 -0.1259 -0.2759 -0.3501 -0.3583 0.0901 0.2736 -0.1952 -0.3049 -0.3679 -0.1969 0.1723 0.0004 -0.2549 -0.3351 -0.3764 0.0403 0.2603 -0.1641 -0.2914 -0.3613 -0.2907 0.1371 0.2035 -0.1647 0.2035 0.1371 -0.2907 -0.3613 -0.2914 -0.1641 0.2603 0.0403 -0.3764 -0.3351 -0.2549 0.0004 0.1723 -0.1969 -0.3679 -0.3049 -0.1952 0.2736 0.0901 -0.3583 -0.3501 -0.2759 -0.1259 0.2296 -0.0055 -0.3762 -0.3283 -0.2434 0.0595 0.1618 -0.2181 -0.3674 -0.3048 -0.1966 0.2715 0.0959 -0.3520 -0.3526 -0.2798 -0.1388 0.2414 0.0167 -0.3768 -0.3327 -0.2527 -0.0016 0.1761 -0.1706 -0.3697 -0.2930
-0.3574 -0.1482 0.1817 -0.0238 -0.2559 -0.3346 -0.3767 0.0261 0.2472 -0.1453 -0.2821 -0.3542 -0.3460 0.1017 0.2666 -0.2009 -0.3070 -0.3684 -0.1977 0.1683 0.0309 -0.2474 -0.3302 -0.3766 0.0045 0.2346 -0.1316 -0.2776 -0.3513 -0.3554 0.0933 0.2722 -0.1968 -0.3056 -0.3681 -0.1948 0.1723 0.0027 -0.2543 -0.3345 -0.3765 0.0368 0.2578 -0.1611 -0.2901 -0.3604 -0.2986 0.1357 0.1705 -0.2236 -0.2886 -0.2236 0.1705 0.1357 -0.2986 -0.3604 -0.2901 -0.1611 0.2578 0.0368 -0.3765 -0.3345 -0.2543 0.0027 0.1723 -0.1948 -0.3681 -0.3056 -0.1968 0.2722 0.0933 -0.3554 -0.3513 -0.2776 -0.1316 0.2346 0.0045 -0.3766 -0.3302 -0.2474 0.0309 0.1683 -0.1977 -0.3684 -0.3070 -0.2009 0.2666 0.1017 -0.3460 -0.3542 -0.2821 -0.1453 0.2472 0.0261 -0.3767 -0.3346 -0.2559 -0.0238 0.1817 -0.1482 -0.3574
-0.1405 0.1876 -0.0429 -0.2583 -0.3366 -0.3763 0.0347 0.2527 -0.1513 -0.2844 -0.3557 -0.3391 0.1075 0.2595 -0.2052 -0.3091 -0.3694 -0.1762 0.1745 0.0048 -0.2516 -0.3322 -0.3768 0.0143 0.2401 -0.1376 -0.2795 -0.3525 -0.3516 0.0972 0.2699 -0.1991 -0.3066 -0.3685 -0.1888 0.1734 0.0004 -0.2543 -0.3343 -0.3766 0.0346 0.2560 -0.1587 -0.2889 -0.3596 -0.3057 0.1325 0.1775 -0.2285 -0.3204 -0.3676 -0.3204 -0.2285 0.1775 0.1325 -0.3057 -0.3596 -0.2889 -0.1587 0.2560 0.0346 -0.3766 -0.3343 -0.2543 0.0004 0.1734 -0.1888 -0.3685 -0.3066 -0.1991 0.2699 0.0972 -0.3516 -0.3525 -0.2795 -0.1376 0.2401 0.0143 -0.3768 -0.3322 -0.2516 0.0048 0.1745 -0.1762 -0.3694 -0.3091 -0.2052 0.2595 0.1075 -0.3391 -0.3557 -0.2844 -0.1513 0.2527 0.0347 -0.3763 -0.3366 -0.2583 -0.0429 0.1876 -0.1405
0.1904 -0.0594 -0.2607 -0.3385 -0.3756 0.0428 0.2580 -0.1571 -0.2866 -0.3572 -0.3312 0.1133 0.2497 -0.2095 -0.3113 -0.3703 -0.1540 0.1802 -0.0181 -0.2551 -0.3341 -0.3768 0.0234 0.2456 -0.1437 -0.2816 -0.3539 -0.3467 0.1016 0.2661 -0.2019 -0.3078 -0.3690 -0.1791 0.1754 -0.0063 -0.2549 -0.3345 -0.3766 0.0338 0.2551 -0.1572 -0.2881 -0.3590 -0.3113 0.1294 0.1897 -0.2273 -0.3216 -0.3790 -0.3233 -0.3790 -0.3216 -0.2273 0.1897 0.1294 -0.3113 -0.3590 -0.2881 -0.1572 0.2551 0.0338 -0.3766 -0.3345 -0.2549 -0.0063 0.1754 -0.1791 -0.3690 -0.3078 -0.2019 0.2661 0.1016 -0.3467 -0.3539 -0.2816 -0.1437 0.2456 0.0234 -0.3768 -0.3341 -0.2551 -0.0181 0.1802 -0.1540 -0.3703 -0.3113 -0.2095 0.2497 0.1133 -0.3312 -0.3572 -0.2866 -0.1571 0.2580 0.0428 -0.3756 -0.3385 -0.2607 -0.0594 0.1904
-0.0713 -0.2631 -0.3403 -0.3745 0.0504 0.2628 -0.1626 -0.2889 -0.3586 -0.3221 0.1190 0.2370 -0.2137 -0.3134 -0.3712 -0.1317 0.1858 -0.0379 -0.2577 -0.3360 -0.3765 0.0321 0.2511 -0.1496 -0.2837 -0.3553 -0.3406 0.1066 0.2602 -0.2052 -0.3094 -0.3696 -0.1664 0.1783 -0.0162 -0.2557 -0.3351 -0.3765 0.0346 0.2551 -0.1567 -0.2877 -0.3586 -0.3151 0.1270 0.2000 -0.2254 -0.3209 -0.3746 -0.0740 0.1174 -0.0740 -0.3746 -0.3209 -0.2254 0.2000 0.1270 -0.3151 -0.3586 -0.2877 -0.1567 0.2551 0.0346 -0.3765 -0.3351 -0.2557 -0.0162 0.1783 -0.1664 -0.3696 -0.3094 -0.2052 0.2602 0.1066 -0.3406 -0.3553 -0.2837 -0.1496 0.2511 0.0321 -0.3765 -0.3360 -0.2577 -0.0379 0.1858 -0.1317 -0.3712 -0.3134 -0.2137 0.2370 0.1190 -0.3221 -0.3586 -0.2889 -0.1626 0.2628 0.0504 -0.3745 -0.3403 -0.2631 -0.0713
-0.2478 -0.3422 -0.3730 0.0575 0.2670 -0.1678 -0.2912 -0.3600 -0.3118 0.1248 0.2212 -0.2178 -0.3156 -0.3720 -0.1100 0.1916 -0.0549 -0.2600 -0.3379 -0.3759 0.0403 0.2564 -0.1553 -0.2859 -0.3567 -0.3333 0.1120 0.2518 -0.2089 -0.3111 -0.3703 -0.1507 0.1819 -0.0280 -0.2569 -0.3359 -0.3764 0.0368 0.2560 -0.1572 -0.2877 -0.3585 -0.3169 0.1255 0.2070 -0.2238 -0.3200 -0.3741 -0.0503 0.1977 0.2356 0.1977 -0.0503 -0.3741 -0.3200 -0.2238 0.2070 0.1255 -0.3169 -0.3585 -0.2877 -0.1572 0.2560 0.0368 -0.3764 -0.3359 -0.2569 -0.0280 0.1819 -0.1507 -0.3703 -0.3111 -0.2089 0.2518 0.1120 -0.3333 -0.3567 -0.2859 -0.1553 0.2564 0.0403 -0.3759 -0.3379 -0.2600 -0.0549 0.1916 -0.1100 -0.3720 -0.3156 -0.2178 0.2212 0.1248 -0.3118 -0.3600 -0.2912 -0.1678 0.2670 0.0575 -0.3730 -0.3422 -0.2478
-0.3284 -0.3711 0.0643 0.2706 -0.1729 -0.2934 -0.3613 -0.3002 0.1306 0.2019 -0.2220 -0.3177 -0.3728 -0.0894 0.1973 -0.0697 -0.2624 -0.3397 -0.3749 0.0480 0.2613 -0.1608 -0.2882 -0.3581 -0.3250 0.1174 0.2404 -0.2128 -0.3131 -0.3711 -0.1326 0.1862 -0.0411 -0.2584 -0.3370 -0.3761 0.0403 0.2578 -0.1587 -0.2881 -0.3586 -0.3169 0.1250 0.2106 -0.2227 -0.3193 -0.3738 -0.0513 0.2113 -0.0828 -0.2217 -0.0828 0.2113 -0.0513 -0.3738 -0.3193 -0.2227 0.2106 0.1250 -0.3169 -0.3586 -0.2881 -0.1587 0.2578 0.0403 -0.3761 -0.3370 -0.2584 -0.0411 0.1862 -0.1326 -0.3711 -0.3131 -0.2128 0.2404 0.1174 -0.3250 -0.3581 -0.2882 -0.1608 0.2613 0.0480 -0.3749 -0.3397 -0.2624 -0.0697 0.1973 -0.0894 -0.3728 -0.3177 -0.2220 0.2019 0.1306 -0.3002 -0.3613 -0.2934 -0.1729 0.2706 0.0643 -0.3711 -0.3284
-0.3610 0.0710 0.2733 -0.1778 -0.2957 -0.3626 -0.2872 0.1365 0.1791 -0.2262 -0.3198 -0.3735 -0.0701 0.2032 -0.0825 -0.2648 -0.3416 -0.3735 0.0552 0.2657 -0.1661 -0.2904 -0.3595 -0.3154 0.1230 0.2261 -0.2168 -0.3151 -0.3719 -0.1133 0.1910 -0.0547 -0.2602 -0.3383 -0.3755 0.0448 0.2603 -0.1611 -0.2889 -0.3590 -0.3151 0.1255 0.2106 -0.2223 -0.3190 -0.3737 -0.0553 0.2114 -0.1011 -0.2656 -0.3177 -0.2656 -0.1011 0.2114 -0.0553 -0.3737 -0.3190 -0.2223 0.2106 0.1255 -0.3151 -0.3590 -0.2889 -0.1611 0.2603 0.0448 -0.3755 -0.3383 -0.2602 -0.0547 0.1910 -0.1133 -0.3719 -0.3151 -0.2168 0.2261 0.1230 -0.3154 -0.3595 -0.2904 -0.1661 0.2657 0.0552 -0.3735 -0.3416 -0.2648 -0.0825 0.2032 -0.0701 -0.3735 -0.3198 -0.2262 0.1791 0.1365 -0.2872 -0.3626 -0.2957 -0.1778 0.2733 0.0710 -0.3610
0.0722 0.2750 -0.1826 -0.2979 -0.3639 -0.2729 0.1424 0.1529 -0.2303 -0.3218 -0.3742 -0.0525 0.2090 -0.0938 -0.2671 -0.3434 -0.3717 0.0621 0.2694 -0.1712 -0.2927 -0.3609 -0.3044 0.1286 0.2085 -0.2208 -0.3171 -0.3726 -0.0939 0.1963 -0.0678 -0.2622 -0.3398 -0.3748 0.0499 0.2632 -0.1641 -0.2901 -0.3596 -0.3113 0.1270 0.2070 -0.2227 -0.3190 -0.3736 -0.0581 0.2105 -0.1019 -0.2696 -0.3466 -0.3847 -0.3466 -0.2696 -0.1019 0.2105 -0.0581 -0.3736 -0.3190 -0.2227 0.2070 0.1270 -0.3113 -0.3596 -0.2901 -0.1641 0.2632 0.0499 -0.3748 -0.3398 -0.2622 -0.0678 0.1963 -0.0939 -0.3726 -0.3171 -0.2208 0.2085 0.1286 -0.3044 -0.3609 -0.2927 -0.1712 0.2694 0.0621 -0.3717 -0.3434 -0.2671 -0.0938 0.2090 -0.0525 -0.3742 -0.3218 -0.2303 0.1529 0.1424 -0.2729 -0.3639 -0.2979 -0.1826 0.2750 0.0722
0.2709 -0.1872 -0.3002 -0.3651 -0.2569 0.1484 0.1244 -0.2344 -0.3239 -0.3749 -0.0367 0.2149 -0.1039 -0.2695 -0.3452 -0.3695 0.0687 0.2724 -0.1761 -0.2949 -0.3622 -0.2920 0.1344 0.1873 -0.2248 -0.3191 -0.3733 -0.0753 0.2017 -0.0798 -0.2644 -0.3414 -0.3736 0.0554 0.2663 -0.1676 -0.2914 -0.3604 -0.3057 0.1294 0.2000 -0.2238 -0.3193 -0.3737 -0.0581 0.2101 -0.1011 -0.2700 -0.3466 -0.3720 -0.0908 -0.3720 -0.3466 -0.2700 -0.1011 0.2101 -0.0581 -0.3737 -0.3193 -0.2238 0.2000 0.1294 -0.3057 -0.3604 -0.2914 -0.1676 0.2663 0.0554 -0.3736 -0.3414 -0.2644 -0.0798 0.2017 -0.0753 -0.3733 -0.3191 -0.2248 0.1873 0.1344 -0.2920 -0.3622 -0.2949 -0.1761 0.2724 0.0687 -0.3695 -0.3452 -0.2695 -0.1039 0.2149 -0.0367 -0.3749 -0.3239 -0.2344 0.1244 0.1484 -0.2569 -0.3651 -0.3002 -0.1872 0.2709
-0.1827 -0.3024 -0.3662 -0.2396 0.1545 0.0946 -0.2385 -0.3259 -0.3755 -0.0226 0.2208 -0.1129 -0.2718 -0.3469 -0.3667 0.0750 0.2745 -0.1808 -0.2971 -0.3635 -0.2782 0.1402 0.1630 -0.2288 -0.3211 -0.3740 -0.0582 0.2071 -0.0906 -0.2665 -0.3430 -0.3721 0.0612 0.2693 -0.1714 -0.2930 -0.3613 -0.2986 0.1325 0.1897 -0.2254 -0.3200 -0.3738 -0.0553 0.2105 -0.1011 -0.2699 -0.3464 -0.3670 0.0649 0.1910 0.0649 -0.3670 -0.3464 -0.2699 -0.1011 0.2105 -0.0553 -0.3738 -0.3200 -0.2254 0.1897 0.1325 -0.2986 -0.3613 -0.2930 -0.1714 0.2693 0.0612 -0.3721 -0.3430 -0.2665 -0.0906 0.2071 -0.0582 -0.3740 -0.3211 -0.2288 0.1630 0.1402 -0.2782 -0.3635 -0.2971 -0.1808 0.2745 0.0750 -0.3667 -0.3469 -0.2718 -0.1129 0.2208 -0.0226 -0.3755 -0.3259 -0.2385 0.0946 0.1545 -0.2396 -0.3662 -0.3024 -0.1827
-0.2876 -0.3674 -0.2223 0.1601 0.0666 -0.2423 -0.3278 -0.3760 -0.0108 0.2262 -0.1204 -0.2739 -0.3486 -0.3636 0.0806 0.2754 -0.1851 -0.2992 -0.3647 -0.2643 0.1455 0.1376 -0.2326 -0.3231 -0.3746 -0.0434 0.2124 -0.0998 -0.2685 -0.3447 -0.3703 0.0666 0.2718 -0.1752 -0.2947 -0.3623 -0.2907 0.1357 0.1775 -0.2273 -0.3209 -0.3741 -0.0513 0.2114 -0.1019 -0.2700 -0.3464 -0.3664 0.0762 0.2721 -0.0692 0.2721 0.0762 -0.3664 -0.3464 -0.2700 -0.1019 0.2114 -0.0513 -0.3741 -0.3209 -0.2273 0.1775 0.1357 -0.2907 -0.3623 -0.2947 -0.1752 0.2718 0.0666 -0.3703 -0.3447 -0.2685 -0.0998 0.2124 -0.0434 -0.3746 -0.3231 -0.2326 0.1376 0.1455 -0.2643 -0.3647 -0.2992 -0.1851 0.2754 0.0806 -0.3636 -0.3486 -0.2739 -0.1204 0.2262 -0.0108 -0.3760 -0.3278 -0.2423 0.0666 0.1601 -0.2223 -0.3674 -0.2876
-0.3550 -0.2106 0.1628 0.0495 -0.2450 -0.3294 -0.3763 -0.0039 0.2298 -0.1250 -0.2753 -0.3502 -0.3612 0.0839 0.2755 -0.1879 -0.3007 -0.3661 -0.2545 0.1484 0.1206 -0.2352 -0.3246 -0.3753 -0.0346 0.2157 -0.1053 -0.2699 -0.3462 -0.3688 0.0699 0.2731 -0.1776 -0.2958 -0.3636 -0.2853 0.1371 0.1705 -0.2285 -0.3216 -0.3746 -0.0503 0.2113 -0.1011 -0.2696 -0.3466 -0.3670 0.0762 0.2752 -0.1758 -0.2621 -0.1758 0.2752 0.0762 -0.3670 -0.3466 -0.2696 -0.1011 0.2113 -0.0503 -0.3746 -0.3216 -0.2285 0.1705 0.1371 -0.2853 -0.3636 -0.2958 -0.1776 0.2731 0.0699 -0.3688 -0.3462 -0.2699 -0.1053 0.2157 -0.0346 -0.3753 -0.3246 -0.2352 0.1206 0.1484 -0.2545 -0.3661 -0.3007 -0.1879 0.2755 0.0839 -0.3612 -0.3502 -0.2753 -0.1250 0.2298 -0.0039 -0.3763 -0.3294 -0.2450 0.0495 0.1628 -0.2106 -0.3550
-0.2398 0.1531 0.0863 -0.2414 -0.3293 -0.3804 -0.0158 0.2195 -0.1158 -0.2728 -0.3518 -0.3648 0.0771 0.2755 -0.1831 -0.2990 -0.3699 -0.2693 0.1397 0.1556 -0.2315 -0.3242 -0.3798 -0.0496 0.2049 -0.0936 -0.2673 -0.3474 -0.3719 0.0626 0.2700 -0.1721 -0.2939 -0.3668 -0.2989 0.1282 0.2035 -0.2236 -0.3204 -0.3790 -0.0740 0.1977 -0.0828 -0.2656 -0.3466 -0.3720 0.0649 0.2721 -0.1758 -0.2928 -0.3459 -0.2928 -0.1758 0.2721 0.0649 -0.3720 -0.3466 -0.2656 -0.0828 0.1977 -0.0740 -0.3790 -0.3204 -0.2236 0.2035 0.1282 -0.2989 -0.3668 -0.2939 -0.1721 0.2700 0.0626 -0.3719 -0.3474 -0.2673 -0.0936 0.2049 -0.0496 -0.3798 -0.3242 -0.2315 0.1556 0.1397 -0.2693 -0.3699 -0.2990 -0.1831 0.2755 0.0771 -0.3648 -0.3518 -0.2728 -0.1158 0.2195 -0.0158 -0.3804 -0.3293 -0.2414 0.0863 0.1531 -0.2398
0.0739 0.2717 -0.1894 -0.2988 -0.3744 -0.2701 0.1380 0.1632 -0.2334 -0.3249 -0.3870 -0.0459 0.2033 -0.0918 -0.2663 -0.3495 -0.3804 0.0629 0.2649 -0.1765 -0.2932 -0.3707 -0.3040 0.1252 0.2152 -0.2255 -0.3196 -0.3853 -0.0874 0.1897 -0.0615 -0.2607 -0.3447 -0.3850 0.0484 0.2558 -0.1647 -0.2886 -0.3676 -0.3233 0.1174 0.2356 -0.2217 -0.3177 -0.3847 -0.0908 0.1910 -0.0692 -0.2621 -0.3459 -0.3936 -0.3459 -0.2621 -0.0692 0.1910 -0.0908 -0.3847 -0.3177 -0.2217 0.2356 0.1174 -0.3233 -0.3676 -0.2886 -0.1647 0.2558 0.0484 -0.3850 -0.3447 -0.2607 -0.0615 0.1897 -0.0874 -0.3853 -0.3196 -0.2255 0.2152 0.1252 -0.3040 -0.3707 -0.2932 -0.1765 0.2649 0.0629 -0.3804 -0.3495 -0.2663 -0.0918 0.2033 -0.0459 -0.3870 -0.3249 -0.2334 0.1632 0.1380 -0.2701 -0.3744 -0.2988 -0.1894 0.2717 0.0739
