0.4961 0.2465 0.1453 0.1809 0.3004 0.5062 0.4150 0.1579 0.1537 0.2237 0.3996 0.5003 0.2678 0.1453 0.1766 0.2895 0.4997 0.4295 0.1620 0.1517 0.2168 0.3847 0.5051 0.2906 0.1457 0.1726 0.2791 0.4906 0.4428 0.1674 0.1500 0.2102 0.3701 0.5089 0.3130 0.1465 0.1690 0.2692 0.4793 0.4549 0.1744 0.1485 0.2040 0.3561 0.5115 0.3346 0.1476 0.1653 0.2573 0.4490 0.5091 0.4490 0.2573 0.1653 0.1476 0.3346 0.5115 0.3561 0.2040 0.1485 0.1744 0.4549 0.4793 0.2692 0.1690 0.1465 0.3130 0.5089 0.3701 0.2102 0.1500 0.1674 0.4428 0.4906 0.2791 0.1726 0.1457 0.2906 0.5051 0.3847 0.2168 0.1517 0.1620 0.4295 0.4997 0.2895 0.1766 0.1453 0.2678 0.5003 0.3996 0.2237 0.1537 0.1579 0.4150 0.5062 0.3004 0.1809 0.1453 0.2465 0.4961
0.2465 0.1372 0.1753 0.2973 0.5069 0.4185 0.1513 0.1465 0.2186 0.3973 0.5021 0.2726 0.1372 0.1704 0.2855 0.4999 0.4330 0.1561 0.1443 0.2115 0.3821 0.5068 0.2957 0.1377 0.1663 0.2749 0.4904 0.4460 0.1623 0.1424 0.2048 0.3673 0.5104 0.3181 0.1385 0.1625 0.2649 0.4787 0.4579 0.1706 0.1407 0.1985 0.3531 0.5129 0.3396 0.1398 0.1589 0.2547 0.4614 0.4784 0.3394 0.4784 0.4614 0.2547 0.1589 0.1398 0.3396 0.5129 0.3531 0.1985 0.1407 0.1706 0.4579 0.4787 0.2649 0.1625 0.1385 0.3181 0.5104 0.3673 0.2048 0.1424 0.1623 0.4460 0.4904 0.2749 0.1663 0.1377 0.2957 0.5068 0.3821 0.2115 0.1443 0.1561 0.4330 0.4999 0.2855 0.1704 0.1372 0.2726 0.5021 0.3973 0.2186 0.1465 0.1513 0.4185 0.5069 0.2973 0.1753 0.1372 0.2465
0.1453 0.1753 0.2954 0.5054 0.4233 0.1530 0.1456 0.2156 0.3908 0.5042 0.2827 0.1374 0.1686 0.2808 0.4960 0.4388 0.1586 0.1434 0.2085 0.3756 0.5084 0.3056 0.1380 0.1646 0.2705 0.4855 0.4513 0.1656 0.1417 0.2020 0.3610 0.5116 0.3276 0.1390 0.1609 0.2606 0.4729 0.4627 0.1752 0.1401 0.1959 0.3470 0.5135 0.3485 0.1404 0.1574 0.2511 0.4578 0.4751 0.2095 0.1377 0.2095 0.4751 0.4578 0.2511 0.1574 0.1404 0.3485 0.5135 0.3470 0.1959 0.1401 0.1752 0.4627 0.4729 0.2606 0.1609 0.1390 0.3276 0.5116 0.3610 0.2020 0.1417 0.1656 0.4513 0.4855 0.2705 0.1646 0.1380 0.3056 0.5084 0.3756 0.2085 0.1434 0.1586 0.4388 0.4960 0.2808 0.1686 0.1374 0.2827 0.5042 0.3908 0.2156 0.1456 0.1530 0.4233 0.5054 0.2954 0.1753 0.1453
0.1809 0.2973 0.5054 0.4251 0.1540 0.1450 0.2132 0.3852 0.5060 0.2923 0.1376 0.1668 0.2762 0.4917 0.4444 0.1614 0.1426 0.2056 0.3692 0.5099 0.3153 0.1384 0.1629 0.2661 0.4802 0.4564 0.1694 0.1409 0.1993 0.3548 0.5126 0.3369 0.1396 0.1594 0.2565 0.4669 0.4672 0.1804 0.1395 0.1933 0.3411 0.5140 0.3572 0.1412 0.1560 0.2473 0.4520 0.4774 0.2001 0.1365 0.1534 0.1365 0.2001 0.4774 0.4520 0.2473 0.1560 0.1412 0.3572 0.5140 0.3411 0.1933 0.1395 0.1804 0.4672 0.4669 0.2565 0.1594 0.1396 0.3369 0.5126 0.3548 0.1993 0.1409 0.1694 0.4564 0.4802 0.2661 0.1629 0.1384 0.3153 0.5099 0.3692 0.2056 0.1426 0.1614 0.4444 0.4917 0.2762 0.1668 0.1376 0.2923 0.5060 0.3852 0.2132 0.1450 0.1540 0.4251 0.5054 0.2973 0.1809
0.3004 0.5069 0.4233 0.1540 0.1448 0.2119 0.3811 0.5074 0.3004 0.1379 0.1652 0.2720 0.4870 0.4498 0.1646 0.1419 0.2028 0.3629 0.5112 0.3249 0.1389 0.1613 0.2619 0.4746 0.4613 0.1737 0.1403 0.1966 0.3487 0.5134 0.3459 0.1402 0.1579 0.2525 0.4607 0.4715 0.1865 0.1390 0.1908 0.3352 0.5143 0.3656 0.1420 0.1547 0.2435 0.4456 0.4809 0.2049 0.1376 0.1779 0.2405 0.1779 0.1376 0.2049 0.4809 0.4456 0.2435 0.1547 0.1420 0.3656 0.5143 0.3352 0.1908 0.1390 0.1865 0.4715 0.4607 0.2525 0.1579 0.1402 0.3459 0.5134 0.3487 0.1966 0.1403 0.1737 0.4613 0.4746 0.2619 0.1613 0.1389 0.3249 0.5112 0.3629 0.2028 0.1419 0.1646 0.4498 0.4870 0.2720 0.1652 0.1379 0.3004 0.5074 0.3811 0.2119 0.1448 0.1540 0.4233 0.5069 0.3004
0.5062 0.4185 0.1530 0.1450 0.2119 0.3797 0.5081 0.3060 0.1381 0.1639 0.2682 0.4824 0.4546 0.1681 0.1412 0.2001 0.3566 0.5123 0.3342 0.1394 0.1598 0.2577 0.4687 0.4659 0.1788 0.1397 0.1940 0.3428 0.5139 0.3546 0.1410 0.1565 0.2485 0.4543 0.4757 0.1934 0.1385 0.1884 0.3295 0.5142 0.3738 0.1430 0.1534 0.2398 0.4389 0.4844 0.2127 0.1376 0.1815 0.3024 0.4398 0.3024 0.1815 0.1376 0.2127 0.4844 0.4389 0.2398 0.1534 0.1430 0.3738 0.5142 0.3295 0.1884 0.1385 0.1934 0.4757 0.4543 0.2485 0.1565 0.1410 0.3546 0.5139 0.3428 0.1940 0.1397 0.1788 0.4659 0.4687 0.2577 0.1598 0.1394 0.3342 0.5123 0.3566 0.2001 0.1412 0.1681 0.4546 0.4824 0.2682 0.1639 0.1381 0.3060 0.5081 0.3797 0.2119 0.1450 0.1530 0.4185 0.5062
0.4150 0.1513 0.1456 0.2132 0.3811 0.5081 0.3079 0.1383 0.1631 0.2654 0.4784 0.4587 0.1717 0.1405 0.1975 0.3506 0.5131 0.3432 0.1400 0.1583 0.2536 0.4626 0.4703 0.1846 0.1391 0.1915 0.3369 0.5142 0.3631 0.1418 0.1551 0.2447 0.4478 0.4795 0.2011 0.1381 0.1860 0.3239 0.5139 0.3817 0.1440 0.1522 0.2361 0.4323 0.4878 0.2216 0.1374 0.1804 0.3082 0.5064 0.4855 0.5064 0.3082 0.1804 0.1374 0.2216 0.4878 0.4323 0.2361 0.1522 0.1440 0.3817 0.5139 0.3239 0.1860 0.1381 0.2011 0.4795 0.4478 0.2447 0.1551 0.1418 0.3631 0.5142 0.3369 0.1915 0.1391 0.1846 0.4703 0.4626 0.2536 0.1583 0.1400 0.3432 0.5131 0.3506 0.1975 0.1405 0.1717 0.4587 0.4784 0.2654 0.1631 0.1383 0.3079 0.5081 0.3811 0.2132 0.1456 0.1513 0.4150
0.1579 0.1465 0.2156 0.3852 0.5074 0.3060 0.1383 0.1628 0.2640 0.4756 0.4616 0.1750 0.1400 0.1953 0.3452 0.5137 0.3518 0.1407 0.1569 0.2497 0.4562 0.4745 0.1913 0.1386 0.1891 0.3312 0.5143 0.3714 0.1427 0.1538 0.2409 0.4412 0.4832 0.2094 0.1378 0.1837 0.3184 0.5133 0.3893 0.1451 0.1510 0.2326 0.4255 0.4909 0.2310 0.1373 0.1785 0.3052 0.5092 0.4238 0.2317 0.4238 0.5092 0.3052 0.1785 0.1373 0.2310 0.4909 0.4255 0.2326 0.1510 0.1451 0.3893 0.5133 0.3184 0.1837 0.1378 0.2094 0.4832 0.4412 0.2409 0.1538 0.1427 0.3714 0.5143 0.3312 0.1891 0.1386 0.1913 0.4745 0.4562 0.2497 0.1569 0.1407 0.3518 0.5137 0.3452 0.1953 0.1400 0.1750 0.4616 0.4756 0.2640 0.1628 0.1383 0.3060 0.5074 0.3852 0.2156 0.1465 0.1579
0.1537 0.2186 0.3908 0.5060 0.3004 0.1381 0.1631 0.2640 0.4746 0.4632 0.1774 0.1397 0.1936 0.3407 0.5141 0.3595 0.1414 0.1556 0.2459 0.4497 0.4784 0.1987 0.1382 0.1867 0.3255 0.5140 0.3794 0.1437 0.1525 0.2372 0.4344 0.4867 0.2183 0.1375 0.1815 0.3131 0.5123 0.3967 0.1464 0.1498 0.2291 0.4188 0.4939 0.2407 0.1372 0.1765 0.3006 0.5082 0.4169 0.1543 0.1353 0.1543 0.4169 0.5082 0.3006 0.1765 0.1372 0.2407 0.4939 0.4188 0.2291 0.1498 0.1464 0.3967 0.5123 0.3131 0.1815 0.1375 0.2183 0.4867 0.4344 0.2372 0.1525 0.1437 0.3794 0.5140 0.3255 0.1867 0.1382 0.1987 0.4784 0.4497 0.2459 0.1556 0.1414 0.3595 0.5141 0.3407 0.1936 0.1397 0.1774 0.4632 0.4746 0.2640 0.1631 0.1381 0.3004 0.5060 0.3908 0.2186 0.1537
0.2237 0.3973 0.5042 0.2923 0.1379 0.1639 0.2654 0.4756 0.4632 0.1782 0.1395 0.1924 0.3374 0.5142 0.3657 0.1422 0.1544 0.2424 0.4434 0.4821 0.2068 0.1379 0.1844 0.3200 0.5135 0.3871 0.1448 0.1513 0.2336 0.4277 0.4899 0.2277 0.1373 0.1794 0.3078 0.5110 0.4039 0.1478 0.1487 0.2257 0.4120 0.4967 0.2507 0.1371 0.1745 0.2957 0.5062 0.4207 0.1526 0.1427 0.1715 0.1427 0.1526 0.4207 0.5062 0.2957 0.1745 0.1371 0.2507 0.4967 0.4120 0.2257 0.1487 0.1478 0.4039 0.5110 0.3078 0.1794 0.1373 0.2277 0.4899 0.4277 0.2336 0.1513 0.1448 0.3871 0.5135 0.3200 0.1844 0.1379 0.2068 0.4821 0.4434 0.2424 0.1544 0.1422 0.3657 0.5142 0.3374 0.1924 0.1395 0.1782 0.4632 0.4756 0.2654 0.1639 0.1379 0.2923 0.5042 0.3973 0.2237
0.3996 0.5021 0.2827 0.1376 0.1652 0.2682 0.4784 0.4616 0.1774 0.1395 0.1921 0.3357 0.5143 0.3701 0.1427 0.1535 0.2394 0.4378 0.4852 0.2150 0.1376 0.1822 0.3146 0.5127 0.3946 0.1460 0.1501 0.2301 0.4209 0.4930 0.2374 0.1372 0.1773 0.3026 0.5093 0.4108 0.1493 0.1476 0.2224 0.4053 0.4993 0.2608 0.1371 0.1726 0.2909 0.5035 0.4264 0.1539 0.1446 0.2056 0.2890 0.2056 0.1446 0.1539 0.4264 0.5035 0.2909 0.1726 0.1371 0.2608 0.4993 0.4053 0.2224 0.1476 0.1493 0.4108 0.5093 0.3026 0.1773 0.1372 0.2374 0.4930 0.4209 0.2301 0.1501 0.1460 0.3946 0.5127 0.3146 0.1822 0.1376 0.2150 0.4852 0.4378 0.2394 0.1535 0.1427 0.3701 0.5143 0.3357 0.1921 0.1395 0.1774 0.4616 0.4784 0.2682 0.1652 0.1376 0.2827 0.5021 0.3996
0.5003 0.2726 0.1374 0.1668 0.2720 0.4824 0.4587 0.1750 0.1397 0.1924 0.3357 0.5143 0.3724 0.1431 0.1528 0.2372 0.4330 0.4879 0.2226 0.1374 0.1802 0.3095 0.5115 0.4018 0.1474 0.1490 0.2267 0.4141 0.4958 0.2474 0.1371 0.1752 0.2976 0.5072 0.4174 0.1510 0.1466 0.2192 0.3986 0.5016 0.2708 0.1372 0.1707 0.2861 0.5002 0.4323 0.1559 0.1442 0.2099 0.3661 0.4999 0.3661 0.2099 0.1442 0.1559 0.4323 0.5002 0.2861 0.1707 0.1372 0.2708 0.5016 0.3986 0.2192 0.1466 0.1510 0.4174 0.5072 0.2976 0.1752 0.1371 0.2474 0.4958 0.4141 0.2267 0.1490 0.1474 0.4018 0.5115 0.3095 0.1802 0.1374 0.2226 0.4879 0.4330 0.2372 0.1528 0.1431 0.3724 0.5143 0.3357 0.1924 0.1397 0.1750 0.4587 0.4824 0.2720 0.1668 0.1374 0.2726 0.5003
0.2678 0.1372 0.1686 0.2762 0.4870 0.4546 0.1717 0.1400 0.1936 0.3374 0.5143 0.3724 0.1433 0.1525 0.2358 0.4296 0.4898 0.2292 0.1373 0.1784 0.3050 0.5100 0.4084 0.1488 0.1480 0.2234 0.4073 0.4985 0.2575 0.1371 0.1732 0.2927 0.5046 0.4238 0.1529 0.1457 0.2160 0.3919 0.5038 0.2809 0.1374 0.1689 0.2815 0.4965 0.4381 0.1583 0.1435 0.2084 0.3726 0.5105 0.4370 0.5105 0.3726 0.2084 0.1435 0.1583 0.4381 0.4965 0.2815 0.1689 0.1374 0.2809 0.5038 0.3919 0.2160 0.1457 0.1529 0.4238 0.5046 0.2927 0.1732 0.1371 0.2575 0.4985 0.4073 0.2234 0.1480 0.1488 0.4084 0.5100 0.3050 0.1784 0.1373 0.2292 0.4898 0.4296 0.2358 0.1525 0.1433 0.3724 0.5143 0.3374 0.1936 0.1400 0.1717 0.4546 0.4870 0.2762 0.1686 0.1372 0.2678
0.1453 0.1704 0.2808 0.4917 0.4498 0.1681 0.1405 0.1953 0.3407 0.5142 0.3701 0.1431 0.1525 0.2353 0.4279 0.4910 0.2340 0.1372 0.1770 0.3012 0.5085 0.4142 0.1503 0.1470 0.2202 0.4007 0.5009 0.2676 0.1372 0.1713 0.2878 0.5015 0.4300 0.1550 0.1447 0.2130 0.3853 0.5058 0.2909 0.1376 0.1671 0.2769 0.4923 0.4437 0.1611 0.1427 0.2058 0.3689 0.5103 0.3398 0.1588 0.3398 0.5103 0.3689 0.2058 0.1427 0.1611 0.4437 0.4923 0.2769 0.1671 0.1376 0.2909 0.5058 0.3853 0.2130 0.1447 0.1550 0.4300 0.5015 0.2878 0.1713 0.1372 0.2676 0.5009 0.4007 0.2202 0.1470 0.1503 0.4142 0.5085 0.3012 0.1770 0.1372 0.2340 0.4910 0.4279 0.2353 0.1525 0.1431 0.3701 0.5142 0.3407 0.1953 0.1405 0.1681 0.4498 0.4917 0.2808 0.1704 0.1453
0.1766 0.2855 0.4960 0.4444 0.1646 0.1412 0.1975 0.3452 0.5141 0.3657 0.1427 0.1528 0.2358 0.4279 0.4914 0.2366 0.1372 0.1760 0.2983 0.5070 0.4190 0.1517 0.1462 0.2174 0.3944 0.5031 0.2776 0.1373 0.1695 0.2831 0.4979 0.4360 0.1573 0.1439 0.2100 0.3788 0.5076 0.3008 0.1379 0.1654 0.2725 0.4876 0.4491 0.1642 0.1419 0.2030 0.3632 0.5112 0.3293 0.1395 0.1399 0.1395 0.3293 0.5112 0.3632 0.2030 0.1419 0.1642 0.4491 0.4876 0.2725 0.1654 0.1379 0.3008 0.5076 0.3788 0.2100 0.1439 0.1573 0.4360 0.4979 0.2831 0.1695 0.1373 0.2776 0.5031 0.3944 0.2174 0.1462 0.1517 0.4190 0.5070 0.2983 0.1760 0.1372 0.2366 0.4914 0.4279 0.2358 0.1528 0.1427 0.3657 0.5141 0.3452 0.1975 0.1412 0.1646 0.4444 0.4960 0.2855 0.1766
0.2895 0.4999 0.4388 0.1614 0.1419 0.2001 0.3506 0.5137 0.3595 0.1422 0.1535 0.2372 0.4296 0.4910 0.2366 0.1372 0.1755 0.2965 0.5058 0.4226 0.1530 0.1455 0.2149 0.3889 0.5049 0.2869 0.1375 0.1677 0.2785 0.4939 0.4417 0.1600 0.1430 0.2071 0.3724 0.5092 0.3106 0.1382 0.1637 0.2681 0.4826 0.4543 0.1677 0.1412 0.2003 0.3571 0.5122 0.3346 0.1395 0.1548 0.1971 0.1548 0.1395 0.3346 0.5122 0.3571 0.2003 0.1412 0.1677 0.4543 0.4826 0.2681 0.1637 0.1382 0.3106 0.5092 0.3724 0.2071 0.1430 0.1600 0.4417 0.4939 0.2785 0.1677 0.1375 0.2869 0.5049 0.3889 0.2149 0.1455 0.1530 0.4226 0.5058 0.2965 0.1755 0.1372 0.2366 0.4910 0.4296 0.2372 0.1535 0.1422 0.3595 0.5137 0.3506 0.2001 0.1419 0.1614 0.4388 0.4999 0.2895
0.4997 0.4330 0.1586 0.1426 0.2028 0.3566 0.5131 0.3518 0.1414 0.1544 0.2394 0.4330 0.4898 0.2340 0.1372 0.1755 0.2959 0.5052 0.4249 0.1539 0.1450 0.2130 0.3842 0.5064 0.2951 0.1377 0.1661 0.2742 0.4895 0.4471 0.1629 0.1423 0.2042 0.3660 0.5106 0.3202 0.1386 0.1621 0.2638 0.4772 0.4592 0.1718 0.1405 0.1977 0.3511 0.5131 0.3428 0.1400 0.1574 0.2426 0.3507 0.2426 0.1574 0.1400 0.3428 0.5131 0.3511 0.1977 0.1405 0.1718 0.4592 0.4772 0.2638 0.1621 0.1386 0.3202 0.5106 0.3660 0.2042 0.1423 0.1629 0.4471 0.4895 0.2742 0.1661 0.1377 0.2951 0.5064 0.3842 0.2130 0.1450 0.1539 0.4249 0.5052 0.2959 0.1755 0.1372 0.2340 0.4898 0.4330 0.2394 0.1544 0.1414 0.3518 0.5131 0.3566 0.2028 0.1426 0.1586 0.4330 0.4997
0.4295 0.1561 0.1434 0.2056 0.3629 0.5123 0.3432 0.1407 0.1556 0.2424 0.4378 0.4879 0.2292 0.1372 0.1760 0.2965 0.5052 0.4256 0.1544 0.1447 0.2117 0.3807 0.5075 0.3021 0.1380 0.1647 0.2704 0.4850 0.4521 0.1662 0.1415 0.2014 0.3598 0.5118 0.3296 0.1391 0.1605 0.2597 0.4714 0.4639 0.1765 0.1399 0.1951 0.3451 0.5137 0.3515 0.1407 0.1567 0.2476 0.4394 0.5116 0.4394 0.2476 0.1567 0.1407 0.3515 0.5137 0.3451 0.1951 0.1399 0.1765 0.4639 0.4714 0.2597 0.1605 0.1391 0.3296 0.5118 0.3598 0.2014 0.1415 0.1662 0.4521 0.4850 0.2704 0.1647 0.1380 0.3021 0.5075 0.3807 0.2117 0.1447 0.1544 0.4256 0.5052 0.2965 0.1760 0.1372 0.2292 0.4879 0.4378 0.2424 0.1556 0.1407 0.3432 0.5123 0.3629 0.2056 0.1434 0.1561 0.4295
0.1620 0.1443 0.2085 0.3692 0.5112 0.3342 0.1400 0.1569 0.2459 0.4434 0.4852 0.2226 0.1373 0.1770 0.2983 0.5058 0.4249 0.1544 0.1446 0.2110 0.3785 0.5083 0.3073 0.1382 0.1636 0.2671 0.4808 0.4564 0.1697 0.1409 0.1988 0.3537 0.5127 0.3388 0.1397 0.1590 0.2556 0.4654 0.4683 0.1820 0.1393 0.1926 0.3392 0.5141 0.3600 0.1415 0.1555 0.2455 0.4463 0.4864 0.3601 0.4864 0.4463 0.2455 0.1555 0.1415 0.3600 0.5141 0.3392 0.1926 0.1393 0.1820 0.4683 0.4654 0.2556 0.1590 0.1397 0.3388 0.5127 0.3537 0.1988 0.1409 0.1697 0.4564 0.4808 0.2671 0.1636 0.1382 0.3073 0.5083 0.3785 0.2110 0.1446 0.1544 0.4249 0.5058 0.2983 0.1770 0.1373 0.2226 0.4852 0.4434 0.2459 0.1569 0.1400 0.3342 0.5112 0.3692 0.2085 0.1443 0.1620
0.1517 0.2115 0.3756 0.5099 0.3249 0.1394 0.1583 0.2497 0.4497 0.4821 0.2150 0.1374 0.1784 0.3012 0.5070 0.4226 0.1539 0.1447 0.2110 0.3777 0.5086 0.3105 0.1384 0.1627 0.2645 0.4770 0.4600 0.1731 0.1403 0.1965 0.3481 0.5135 0.3475 0.1404 0.1576 0.2516 0.4592 0.4726 0.1882 0.1388 0.1901 0.3335 0.5143 0.3683 0.1423 0.1542 0.2421 0.4426 0.4838 0.2309 0.1395 0.2309 0.4838 0.4426 0.2421 0.1542 0.1423 0.3683 0.5143 0.3335 0.1901 0.1388 0.1882 0.4726 0.4592 0.2516 0.1576 0.1404 0.3475 0.5135 0.3481 0.1965 0.1403 0.1731 0.4600 0.4770 0.2645 0.1627 0.1384 0.3105 0.5086 0.3777 0.2110 0.1447 0.1539 0.4226 0.5070 0.3012 0.1784 0.1374 0.2150 0.4821 0.4497 0.2497 0.1583 0.1394 0.3249 0.5099 0.3756 0.2115 0.1517
0.2168 0.3821 0.5084 0.3153 0.1389 0.1598 0.2536 0.4562 0.4784 0.2068 0.1376 0.1802 0.3050 0.5085 0.4190 0.1530 0.1450 0.2117 0.3785 0.5086 0.3116 0.1384 0.1622 0.2627 0.4741 0.4629 0.1764 0.1398 0.1945 0.3431 0.5139 0.3555 0.1411 0.1562 0.2477 0.4529 0.4766 0.1952 0.1384 0.1877 0.3278 0.5142 0.3764 0.1433 0.1530 0.2385 0.4365 0.4859 0.2203 0.1362 0.1504 0.1362 0.2203 0.4859 0.4365 0.2385 0.1530 0.1433 0.3764 0.5142 0.3278 0.1877 0.1384 0.1952 0.4766 0.4529 0.2477 0.1562 0.1411 0.3555 0.5139 0.3431 0.1945 0.1398 0.1764 0.4629 0.4741 0.2627 0.1622 0.1384 0.3116 0.5086 0.3785 0.2117 0.1450 0.1530 0.4190 0.5085 0.3050 0.1802 0.1376 0.2068 0.4784 0.4562 0.2536 0.1598 0.1389 0.3153 0.5084 0.3821 0.2168
0.3847 0.5068 0.3056 0.1384 0.1613 0.2577 0.4626 0.4745 0.1987 0.1379 0.1822 0.3095 0.5100 0.4142 0.1517 0.1455 0.2130 0.3807 0.5083 0.3105 0.1384 0.1620 0.2618 0.4722 0.4648 0.1791 0.1395 0.1928 0.3388 0.5142 0.3625 0.1418 0.1550 0.2441 0.4465 0.4803 0.2029 0.1380 0.1854 0.3223 0.5138 0.3841 0.1444 0.1517 0.2349 0.4299 0.4890 0.2258 0.1371 0.1732 0.2319 0.1732 0.1371 0.2258 0.4890 0.4299 0.2349 0.1517 0.1444 0.3841 0.5138 0.3223 0.1854 0.1380 0.2029 0.4803 0.4465 0.2441 0.1550 0.1418 0.3625 0.5142 0.3388 0.1928 0.1395 0.1791 0.4648 0.4722 0.2618 0.1620 0.1384 0.3105 0.5083 0.3807 0.2130 0.1455 0.1517 0.4142 0.5100 0.3095 0.1822 0.1379 0.1987 0.4745 0.4626 0.2577 0.1613 0.1384 0.3056 0.5068 0.3847
0.5051 0.2957 0.1380 0.1629 0.2619 0.4687 0.4703 0.1913 0.1382 0.1844 0.3146 0.5115 0.4084 0.1503 0.1462 0.2149 0.3842 0.5075 0.3073 0.1384 0.1622 0.2618 0.4715 0.4658 0.1810 0.1393 0.1915 0.3354 0.5143 0.3685 0.1425 0.1539 0.2409 0.4405 0.4837 0.2110 0.1377 0.1832 0.3170 0.5131 0.3916 0.1455 0.1506 0.2314 0.4232 0.4920 0.2345 0.1372 0.1765 0.2907 0.4240 0.2907 0.1765 0.1372 0.2345 0.4920 0.4232 0.2314 0.1506 0.1455 0.3916 0.5131 0.3170 0.1832 0.1377 0.2110 0.4837 0.4405 0.2409 0.1539 0.1425 0.3685 0.5143 0.3354 0.1915 0.1393 0.1810 0.4658 0.4715 0.2618 0.1622 0.1384 0.3073 0.5075 0.3842 0.2149 0.1462 0.1503 0.4084 0.5115 0.3146 0.1844 0.1382 0.1913 0.4703 0.4687 0.2619 0.1629 0.1380 0.2957 0.5051
0.2906 0.1377 0.1646 0.2661 0.4746 0.4659 0.1846 0.1386 0.1867 0.3200 0.5127 0.4018 0.1488 0.1470 0.2174 0.3889 0.5064 0.3021 0.1382 0.1627 0.2627 0.4722 0.4658 0.1816 0.1392 0.1907 0.3330 0.5143 0.3733 0.1431 0.1530 0.2381 0.4351 0.4867 0.2191 0.1375 0.1811 0.3119 0.5120 0.3987 0.1468 0.1495 0.2280 0.4165 0.4949 0.2441 0.1371 0.1755 0.2963 0.4998 0.4925 0.4998 0.2963 0.1755 0.1371 0.2441 0.4949 0.4165 0.2280 0.1495 0.1468 0.3987 0.5120 0.3119 0.1811 0.1375 0.2191 0.4867 0.4351 0.2381 0.1530 0.1431 0.3733 0.5143 0.3330 0.1907 0.1392 0.1816 0.4658 0.4722 0.2627 0.1627 0.1382 0.3021 0.5064 0.3889 0.2174 0.1470 0.1488 0.4018 0.5127 0.3200 0.1867 0.1386 0.1846 0.4659 0.4746 0.2661 0.1646 0.1377 0.2906
0.1457 0.1663 0.2705 0.4802 0.4613 0.1788 0.1391 0.1891 0.3255 0.5135 0.3946 0.1474 0.1480 0.2202 0.3944 0.5049 0.2951 0.1380 0.1636 0.2645 0.4741 0.4648 0.1810 0.1392 0.1904 0.3317 0.5142 0.3767 0.1436 0.1523 0.2357 0.4303 0.4892 0.2267 0.1373 0.1792 0.3071 0.5107 0.4054 0.1481 0.1484 0.2247 0.4100 0.4975 0.2540 0.1371 0.1738 0.2936 0.5037 0.4375 0.2549 0.4375 0.5037 0.2936 0.1738 0.1371 0.2540 0.4975 0.4100 0.2247 0.1484 0.1481 0.4054 0.5107 0.3071 0.1792 0.1373 0.2267 0.4892 0.4303 0.2357 0.1523 0.1436 0.3767 0.5142 0.3317 0.1904 0.1392 0.1810 0.4648 0.4741 0.2645 0.1636 0.1380 0.2951 0.5049 0.3944 0.2202 0.1480 0.1474 0.3946 0.5135 0.3255 0.1891 0.1391 0.1788 0.4613 0.4802 0.2705 0.1663 0.1457
0.1726 0.2749 0.4855 0.4564 0.1737 0.1397 0.1915 0.3312 0.5140 0.3871 0.1460 0.1490 0.2234 0.4007 0.5031 0.2869 0.1377 0.1647 0.2671 0.4770 0.4629 0.1791 0.1393 0.1907 0.3317 0.5142 0.3784 0.1439 0.1518 0.2340 0.4265 0.4912 0.2333 0.1372 0.1775 0.3027 0.5092 0.4116 0.1496 0.1474 0.2216 0.4035 0.5000 0.2637 0.1372 0.1720 0.2892 0.5021 0.4315 0.1603 0.1351 0.1603 0.4315 0.5021 0.2892 0.1720 0.1372 0.2637 0.5000 0.4035 0.2216 0.1474 0.1496 0.4116 0.5092 0.3027 0.1775 0.1372 0.2333 0.4912 0.4265 0.2340 0.1518 0.1439 0.3784 0.5142 0.3317 0.1907 0.1393 0.1791 0.4629 0.4770 0.2671 0.1647 0.1377 0.2869 0.5031 0.4007 0.2234 0.1490 0.1460 0.3871 0.5140 0.3312 0.1915 0.1397 0.1737 0.4564 0.4855 0.2749 0.1726
0.2791 0.4904 0.4513 0.1694 0.1403 0.1940 0.3369 0.5143 0.3794 0.1448 0.1501 0.2267 0.4073 0.5009 0.2776 0.1375 0.1661 0.2704 0.4808 0.4600 0.1764 0.1395 0.1915 0.3330 0.5142 0.3784 0.1441 0.1515 0.2328 0.4237 0.4926 0.2388 0.1372 0.1761 0.2990 0.5075 0.4172 0.1511 0.1465 0.2187 0.3972 0.5022 0.2733 0.1373 0.1702 0.2847 0.4991 0.4349 0.1578 0.1409 0.1671 0.1409 0.1578 0.4349 0.4991 0.2847 0.1702 0.1373 0.2733 0.5022 0.3972 0.2187 0.1465 0.1511 0.4172 0.5075 0.2990 0.1761 0.1372 0.2388 0.4926 0.4237 0.2328 0.1515 0.1441 0.3784 0.5142 0.3330 0.1915 0.1395 0.1764 0.4600 0.4808 0.2704 0.1661 0.1375 0.2776 0.5009 0.4073 0.2267 0.1501 0.1448 0.3794 0.5143 0.3369 0.1940 0.1403 0.1694 0.4513 0.4904 0.2791
0.4906 0.4460 0.1656 0.1409 0.1966 0.3428 0.5142 0.3714 0.1437 0.1513 0.2301 0.4141 0.4985 0.2676 0.1373 0.1677 0.2742 0.4850 0.4564 0.1731 0.1398 0.1928 0.3354 0.5143 0.3767 0.1439 0.1515 0.2325 0.4223 0.4935 0.2427 0.1371 0.1750 0.2959 0.5059 0.4219 0.1526 0.1457 0.2159 0.3912 0.5042 0.2828 0.1374 0.1684 0.2804 0.4954 0.4399 0.1594 0.1426 0.1991 0.2779 0.1991 0.1426 0.1594 0.4399 0.4954 0.2804 0.1684 0.1374 0.2828 0.5042 0.3912 0.2159 0.1457 0.1526 0.4219 0.5059 0.2959 0.1750 0.1371 0.2427 0.4935 0.4223 0.2325 0.1515 0.1439 0.3767 0.5143 0.3354 0.1928 0.1398 0.1731 0.4564 0.4850 0.2742 0.1677 0.1373 0.2676 0.4985 0.4141 0.2301 0.1513 0.1437 0.3714 0.5142 0.3428 0.1966 0.1409 0.1656 0.4460 0.4906
0.4428 0.1623 0.1417 0.1993 0.3487 0.5139 0.3631 0.1427 0.1525 0.2336 0.4209 0.4958 0.2575 0.1372 0.1695 0.2785 0.4895 0.4521 0.1697 0.1403 0.1945 0.3388 0.5143 0.3733 0.1436 0.1518 0.2328 0.4223 0.4939 0.2448 0.1371 0.1742 0.2936 0.5044 0.4258 0.1539 0.1451 0.2136 0.3858 0.5059 0.2918 0.1376 0.1668 0.2761 0.4913 0.4451 0.1619 0.1424 0.2033 0.3518 0.4911 0.3518 0.2033 0.1424 0.1619 0.4451 0.4913 0.2761 0.1668 0.1376 0.2918 0.5059 0.3858 0.2136 0.1451 0.1539 0.4258 0.5044 0.2936 0.1742 0.1371 0.2448 0.4939 0.4223 0.2328 0.1518 0.1436 0.3733 0.5143 0.3388 0.1945 0.1403 0.1697 0.4521 0.4895 0.2785 0.1695 0.1372 0.2575 0.4958 0.4209 0.2336 0.1525 0.1427 0.3631 0.5139 0.3487 0.1993 0.1417 0.1623 0.4428
0.1674 0.1424 0.2020 0.3548 0.5134 0.3546 0.1418 0.1538 0.2372 0.4277 0.4930 0.2474 0.1371 0.1713 0.2831 0.4939 0.4471 0.1662 0.1409 0.1965 0.3431 0.5142 0.3685 0.1431 0.1523 0.2340 0.4237 0.4935 0.2448 0.1371 0.1738 0.2921 0.5032 0.4287 0.1551 0.1445 0.2116 0.3812 0.5073 0.2999 0.1379 0.1652 0.2719 0.4869 0.4501 0.1649 0.1417 0.2020 0.3582 0.5124 0.4492 0.5124 0.3582 0.2020 0.1417 0.1649 0.4501 0.4869 0.2719 0.1652 0.1379 0.2999 0.5073 0.3812 0.2116 0.1445 0.1551 0.4287 0.5032 0.2921 0.1738 0.1371 0.2448 0.4935 0.4237 0.2340 0.1523 0.1431 0.3685 0.5142 0.3431 0.1965 0.1409 0.1662 0.4471 0.4939 0.2831 0.1713 0.1371 0.2474 0.4930 0.4277 0.2372 0.1538 0.1418 0.3546 0.5134 0.3548 0.2020 0.1424 0.1674
0.1500 0.2048 0.3610 0.5126 0.3459 0.1410 0.1551 0.2409 0.4344 0.4899 0.2374 0.1371 0.1732 0.2878 0.4979 0.4417 0.1629 0.1415 0.1988 0.3481 0.5139 0.3625 0.1425 0.1530 0.2357 0.4265 0.4926 0.2427 0.1371 0.1738 0.2916 0.5026 0.4305 0.1560 0.1441 0.2099 0.3772 0.5084 0.3069 0.1381 0.1639 0.2682 0.4824 0.4547 0.1682 0.1411 0.1997 0.3550 0.5127 0.3597 0.1670 0.3597 0.5127 0.3550 0.1997 0.1411 0.1682 0.4547 0.4824 0.2682 0.1639 0.1381 0.3069 0.5084 0.3772 0.2099 0.1441 0.1560 0.4305 0.5026 0.2916 0.1738 0.1371 0.2427 0.4926 0.4265 0.2357 0.1530 0.1425 0.3625 0.5139 0.3481 0.1988 0.1415 0.1629 0.4417 0.4979 0.2878 0.1732 0.1371 0.2374 0.4899 0.4344 0.2409 0.1551 0.1410 0.3459 0.5126 0.3610 0.2048 0.1500
0.2102 0.3673 0.5116 0.3369 0.1402 0.1565 0.2447 0.4412 0.4867 0.2277 0.1372 0.1752 0.2927 0.5015 0.4360 0.1600 0.1423 0.2014 0.3537 0.5135 0.3555 0.1418 0.1539 0.2381 0.4303 0.4912 0.2388 0.1371 0.1742 0.2921 0.5026 0.4311 0.1565 0.1438 0.2088 0.3742 0.5092 0.3127 0.1384 0.1627 0.2649 0.4780 0.4589 0.1719 0.1405 0.1973 0.3500 0.5133 0.3494 0.1413 0.1385 0.1413 0.3494 0.5133 0.3500 0.1973 0.1405 0.1719 0.4589 0.4780 0.2649 0.1627 0.1384 0.3127 0.5092 0.3742 0.2088 0.1438 0.1565 0.4311 0.5026 0.2921 0.1742 0.1371 0.2388 0.4912 0.4303 0.2381 0.1539 0.1418 0.3555 0.5135 0.3537 0.2014 0.1423 0.1600 0.4360 0.5015 0.2927 0.1752 0.1372 0.2277 0.4867 0.4412 0.2447 0.1565 0.1402 0.3369 0.5116 0.3673 0.2102
0.3701 0.5104 0.3276 0.1396 0.1579 0.2485 0.4478 0.4832 0.2183 0.1373 0.1773 0.2976 0.5046 0.4300 0.1573 0.1430 0.2042 0.3598 0.5127 0.3475 0.1411 0.1550 0.2409 0.4351 0.4892 0.2333 0.1372 0.1750 0.2936 0.5032 0.4305 0.1565 0.1437 0.2082 0.3723 0.5098 0.3170 0.1386 0.1618 0.2622 0.4740 0.4625 0.1756 0.1400 0.1951 0.3448 0.5138 0.3538 0.1411 0.1519 0.1913 0.1519 0.1411 0.3538 0.5138 0.3448 0.1951 0.1400 0.1756 0.4625 0.4740 0.2622 0.1618 0.1386 0.3170 0.5098 0.3723 0.2082 0.1437 0.1565 0.4305 0.5032 0.2936 0.1750 0.1372 0.2333 0.4892 0.4351 0.2409 0.1550 0.1411 0.3475 0.5127 0.3598 0.2042 0.1430 0.1573 0.4300 0.5046 0.2976 0.1773 0.1373 0.2183 0.4832 0.4478 0.2485 0.1579 0.1396 0.3276 0.5104 0.3701
0.5089 0.3181 0.1390 0.1594 0.2525 0.4543 0.4795 0.2094 0.1375 0.1794 0.3026 0.5072 0.4238 0.1550 0.1439 0.2071 0.3660 0.5118 0.3388 0.1404 0.1562 0.2441 0.4405 0.4867 0.2267 0.1372 0.1761 0.2959 0.5044 0.4287 0.1560 0.1438 0.2082 0.3717 0.5100 0.3198 0.1388 0.1611 0.2601 0.4706 0.4654 0.1792 0.1395 0.1931 0.3399 0.5141 0.3605 0.1416 0.1544 0.2345 0.3374 0.2345 0.1544 0.1416 0.3605 0.5141 0.3399 0.1931 0.1395 0.1792 0.4654 0.4706 0.2601 0.1611 0.1388 0.3198 0.5100 0.3717 0.2082 0.1438 0.1560 0.4287 0.5044 0.2959 0.1761 0.1372 0.2267 0.4867 0.4405 0.2441 0.1562 0.1404 0.3388 0.5118 0.3660 0.2071 0.1439 0.1550 0.4238 0.5072 0.3026 0.1794 0.1375 0.2094 0.4795 0.4543 0.2525 0.1594 0.1390 0.3181 0.5089
0.3130 0.1385 0.1609 0.2565 0.4607 0.4757 0.2011 0.1378 0.1815 0.3078 0.5093 0.4174 0.1529 0.1447 0.2100 0.3724 0.5106 0.3296 0.1397 0.1576 0.2477 0.4465 0.4837 0.2191 0.1373 0.1775 0.2990 0.5059 0.4258 0.1551 0.1441 0.2088 0.3723 0.5100 0.3209 0.1389 0.1607 0.2585 0.4680 0.4677 0.1825 0.1392 0.1914 0.3357 0.5143 0.3671 0.1423 0.1540 0.2398 0.4252 0.5124 0.4252 0.2398 0.1540 0.1423 0.3671 0.5143 0.3357 0.1914 0.1392 0.1825 0.4677 0.4680 0.2585 0.1607 0.1389 0.3209 0.5100 0.3723 0.2088 0.1441 0.1551 0.4258 0.5059 0.2990 0.1775 0.1373 0.2191 0.4837 0.4465 0.2477 0.1576 0.1397 0.3296 0.5106 0.3724 0.2100 0.1447 0.1529 0.4174 0.5093 0.3078 0.1815 0.1378 0.2011 0.4757 0.4607 0.2565 0.1609 0.1385 0.3130
0.1465 0.1625 0.2606 0.4669 0.4715 0.1934 0.1381 0.1837 0.3131 0.5110 0.4108 0.1510 0.1457 0.2130 0.3788 0.5092 0.3202 0.1391 0.1590 0.2516 0.4529 0.4803 0.2110 0.1375 0.1792 0.3027 0.5075 0.4219 0.1539 0.1445 0.2099 0.3742 0.5098 0.3198 0.1389 0.1605 0.2577 0.4662 0.4693 0.1852 0.1389 0.1900 0.3321 0.5143 0.3729 0.1430 0.1532 0.2383 0.4330 0.4927 0.3769 0.4927 0.4330 0.2383 0.1532 0.1430 0.3729 0.5143 0.3321 0.1900 0.1389 0.1852 0.4693 0.4662 0.2577 0.1605 0.1389 0.3198 0.5098 0.3742 0.2099 0.1445 0.1539 0.4219 0.5075 0.3027 0.1792 0.1375 0.2110 0.4803 0.4529 0.2516 0.1590 0.1391 0.3202 0.5092 0.3788 0.2130 0.1457 0.1510 0.4108 0.5110 0.3131 0.1837 0.1381 0.1934 0.4715 0.4669 0.2606 0.1625 0.1465
0.1690 0.2649 0.4729 0.4672 0.1865 0.1385 0.1860 0.3184 0.5123 0.4039 0.1493 0.1466 0.2160 0.3853 0.5076 0.3106 0.1386 0.1605 0.2556 0.4592 0.4766 0.2029 0.1377 0.1811 0.3071 0.5092 0.4172 0.1526 0.1451 0.2116 0.3772 0.5092 0.3170 0.1388 0.1607 0.2577 0.4657 0.4701 0.1870 0.1388 0.1890 0.3292 0.5142 0.3779 0.1437 0.1523 0.2360 0.4305 0.4901 0.2505 0.1415 0.2505 0.4901 0.4305 0.2360 0.1523 0.1437 0.3779 0.5142 0.3292 0.1890 0.1388 0.1870 0.4701 0.4657 0.2577 0.1607 0.1388 0.3170 0.5092 0.3772 0.2116 0.1451 0.1526 0.4172 0.5092 0.3071 0.1811 0.1377 0.2029 0.4766 0.4592 0.2556 0.1605 0.1386 0.3106 0.5076 0.3853 0.2160 0.1466 0.1493 0.4039 0.5123 0.3184 0.1860 0.1385 0.1865 0.4672 0.4729 0.2649 0.1690
0.2692 0.4787 0.4627 0.1804 0.1390 0.1884 0.3239 0.5133 0.3967 0.1478 0.1476 0.2192 0.3919 0.5058 0.3008 0.1382 0.1621 0.2597 0.4654 0.4726 0.1952 0.1380 0.1832 0.3119 0.5107 0.4116 0.1511 0.1457 0.2136 0.3812 0.5084 0.3127 0.1386 0.1611 0.2585 0.4662 0.4701 0.1877 0.1387 0.1883 0.3272 0.5140 0.3818 0.1443 0.1516 0.2337 0.4264 0.4912 0.2372 0.1361 0.1482 0.1361 0.2372 0.4912 0.4264 0.2337 0.1516 0.1443 0.3818 0.5140 0.3272 0.1883 0.1387 0.1877 0.4701 0.4662 0.2585 0.1611 0.1386 0.3127 0.5084 0.3812 0.2136 0.1457 0.1511 0.4116 0.5107 0.3119 0.1832 0.1380 0.1952 0.4726 0.4654 0.2597 0.1621 0.1382 0.3008 0.5058 0.3919 0.2192 0.1476 0.1478 0.3967 0.5133 0.3239 0.1884 0.1390 0.1804 0.4627 0.4787 0.2692
0.4793 0.4579 0.1752 0.1395 0.1908 0.3295 0.5139 0.3893 0.1464 0.1487 0.2224 0.3986 0.5038 0.2909 0.1379 0.1637 0.2638 0.4714 0.4683 0.1882 0.1384 0.1854 0.3170 0.5120 0.4054 0.1496 0.1465 0.2159 0.3858 0.5073 0.3069 0.1384 0.1618 0.2601 0.4680 0.4693 0.1870 0.1387 0.1881 0.3262 0.5139 0.3846 0.1448 0.1510 0.2317 0.4224 0.4930 0.2400 0.1369 0.1699 0.2256 0.1699 0.1369 0.2400 0.4930 0.4224 0.2317 0.1510 0.1448 0.3846 0.5139 0.3262 0.1881 0.1387 0.1870 0.4693 0.4680 0.2601 0.1618 0.1384 0.3069 0.5073 0.3858 0.2159 0.1465 0.1496 0.4054 0.5120 0.3170 0.1854 0.1384 0.1882 0.4683 0.4714 0.2638 0.1637 0.1379 0.2909 0.5038 0.3986 0.2224 0.1487 0.1464 0.3893 0.5139 0.3295 0.1908 0.1395 0.1752 0.4579 0.4793
0.4549 0.1706 0.1401 0.1933 0.3352 0.5142 0.3817 0.1451 0.1498 0.2257 0.4053 0.5016 0.2809 0.1376 0.1654 0.2681 0.4772 0.4639 0.1820 0.1388 0.1877 0.3223 0.5131 0.3987 0.1481 0.1474 0.2187 0.3912 0.5059 0.2999 0.1381 0.1627 0.2622 0.4706 0.4677 0.1852 0.1388 0.1883 0.3262 0.5139 0.3860 0.1451 0.1506 0.2302 0.4191 0.4945 0.2452 0.1371 0.1736 0.2832 0.4129 0.2832 0.1736 0.1371 0.2452 0.4945 0.4191 0.2302 0.1506 0.1451 0.3860 0.5139 0.3262 0.1883 0.1388 0.1852 0.4677 0.4706 0.2622 0.1627 0.1381 0.2999 0.5059 0.3912 0.2187 0.1474 0.1481 0.3987 0.5131 0.3223 0.1877 0.1388 0.1820 0.4639 0.4772 0.2681 0.1654 0.1376 0.2809 0.5016 0.4053 0.2257 0.1498 0.1451 0.3817 0.5142 0.3352 0.1933 0.1401 0.1706 0.4549
0.1744 0.1407 0.1959 0.3411 0.5143 0.3738 0.1440 0.1510 0.2291 0.4120 0.4993 0.2708 0.1374 0.1671 0.2725 0.4826 0.4592 0.1765 0.1393 0.1901 0.3278 0.5138 0.3916 0.1468 0.1484 0.2216 0.3972 0.5042 0.2918 0.1379 0.1639 0.2649 0.4740 0.4654 0.1825 0.1389 0.1890 0.3272 0.5139 0.3860 0.1452 0.1503 0.2293 0.4167 0.4957 0.2498 0.1371 0.1735 0.2903 0.4946 0.4964 0.4946 0.2903 0.1735 0.1371 0.2498 0.4957 0.4167 0.2293 0.1503 0.1452 0.3860 0.5139 0.3272 0.1890 0.1389 0.1825 0.4654 0.4740 0.2649 0.1639 0.1379 0.2918 0.5042 0.3972 0.2216 0.1484 0.1468 0.3916 0.5138 0.3278 0.1901 0.1393 0.1765 0.4592 0.4826 0.2725 0.1671 0.1374 0.2708 0.4993 0.4120 0.2291 0.1510 0.1440 0.3738 0.5143 0.3411 0.1959 0.1407 0.1744
0.1485 0.1985 0.3470 0.5140 0.3656 0.1430 0.1522 0.2326 0.4188 0.4967 0.2608 0.1372 0.1689 0.2769 0.4876 0.4543 0.1718 0.1399 0.1926 0.3335 0.5142 0.3841 0.1455 0.1495 0.2247 0.4035 0.5022 0.2828 0.1376 0.1652 0.2682 0.4780 0.4625 0.1792 0.1392 0.1900 0.3292 0.5140 0.3846 0.1451 0.1503 0.2290 0.4155 0.4964 0.2532 0.1371 0.1728 0.2898 0.5005 0.4440 0.2678 0.4440 0.5005 0.2898 0.1728 0.1371 0.2532 0.4964 0.4155 0.2290 0.1503 0.1451 0.3846 0.5140 0.3292 0.1900 0.1392 0.1792 0.4625 0.4780 0.2682 0.1652 0.1376 0.2828 0.5022 0.4035 0.2247 0.1495 0.1455 0.3841 0.5142 0.3335 0.1926 0.1399 0.1718 0.4543 0.4876 0.2769 0.1689 0.1372 0.2608 0.4967 0.4188 0.2326 0.1522 0.1430 0.3656 0.5140 0.3470 0.1985 0.1485
0.2040 0.3531 0.5135 0.3572 0.1420 0.1534 0.2361 0.4255 0.4939 0.2507 0.1371 0.1707 0.2815 0.4923 0.4491 0.1677 0.1405 0.1951 0.3392 0.5143 0.3764 0.1444 0.1506 0.2280 0.4100 0.5000 0.2733 0.1374 0.1668 0.2719 0.4824 0.4589 0.1756 0.1395 0.1914 0.3321 0.5142 0.3818 0.1448 0.1506 0.2293 0.4155 0.4966 0.2550 0.1371 0.1722 0.2883 0.5004 0.4358 0.1633 0.1352 0.1633 0.4358 0.5004 0.2883 0.1722 0.1371 0.2550 0.4966 0.4155 0.2293 0.1506 0.1448 0.3818 0.5142 0.3321 0.1914 0.1395 0.1756 0.4589 0.4824 0.2719 0.1668 0.1374 0.2733 0.5000 0.4100 0.2280 0.1506 0.1444 0.3764 0.5143 0.3392 0.1951 0.1405 0.1677 0.4491 0.4923 0.2815 0.1707 0.1371 0.2507 0.4939 0.4255 0.2361 0.1534 0.1420 0.3572 0.5135 0.3531 0.2040
0.3561 0.5129 0.3485 0.1412 0.1547 0.2398 0.4323 0.4909 0.2407 0.1371 0.1726 0.2861 0.4965 0.4437 0.1642 0.1412 0.1977 0.3451 0.5141 0.3683 0.1433 0.1517 0.2314 0.4165 0.4975 0.2637 0.1373 0.1684 0.2761 0.4869 0.4547 0.1719 0.1400 0.1931 0.3357 0.5143 0.3779 0.1443 0.1510 0.2302 0.4167 0.4964 0.2550 0.1371 0.1719 0.2872 0.4996 0.4358 0.1589 0.1405 0.1658 0.1405 0.1589 0.4358 0.4996 0.2872 0.1719 0.1371 0.2550 0.4964 0.4167 0.2302 0.1510 0.1443 0.3779 0.5143 0.3357 0.1931 0.1400 0.1719 0.4547 0.4869 0.2761 0.1684 0.1373 0.2637 0.4975 0.4165 0.2314 0.1517 0.1433 0.3683 0.5141 0.3451 0.1977 0.1412 0.1642 0.4437 0.4965 0.2861 0.1726 0.1371 0.2407 0.4909 0.4323 0.2398 0.1547 0.1412 0.3485 0.5129 0.3561
0.5115 0.3396 0.1404 0.1560 0.2435 0.4389 0.4878 0.2310 0.1372 0.1745 0.2909 0.5002 0.4381 0.1611 0.1419 0.2003 0.3511 0.5137 0.3600 0.1423 0.1530 0.2349 0.4232 0.4949 0.2540 0.1372 0.1702 0.2804 0.4913 0.4501 0.1682 0.1405 0.1951 0.3399 0.5143 0.3729 0.1437 0.1516 0.2317 0.4191 0.4957 0.2532 0.1371 0.1719 0.2867 0.4991 0.4367 0.1588 0.1426 0.1982 0.2756 0.1982 0.1426 0.1588 0.4367 0.4991 0.2867 0.1719 0.1371 0.2532 0.4957 0.4191 0.2317 0.1516 0.1437 0.3729 0.5143 0.3399 0.1951 0.1405 0.1682 0.4501 0.4913 0.2804 0.1702 0.1372 0.2540 0.4949 0.4232 0.2349 0.1530 0.1423 0.3600 0.5137 0.3511 0.2003 0.1419 0.1611 0.4381 0.5002 0.2909 0.1745 0.1372 0.2310 0.4878 0.4389 0.2435 0.1560 0.1404 0.3396 0.5115
0.3346 0.1398 0.1574 0.2473 0.4456 0.4844 0.2216 0.1373 0.1765 0.2957 0.5035 0.4323 0.1583 0.1427 0.2030 0.3571 0.5131 0.3515 0.1415 0.1542 0.2385 0.4299 0.4920 0.2441 0.1371 0.1720 0.2847 0.4954 0.4451 0.1649 0.1411 0.1973 0.3448 0.5141 0.3671 0.1430 0.1523 0.2337 0.4224 0.4945 0.2498 0.1371 0.1722 0.2872 0.4991 0.4371 0.1591 0.1428 0.2040 0.3517 0.4904 0.3517 0.2040 0.1428 0.1591 0.4371 0.4991 0.2872 0.1722 0.1371 0.2498 0.4945 0.4224 0.2337 0.1523 0.1430 0.3671 0.5141 0.3448 0.1973 0.1411 0.1649 0.4451 0.4954 0.2847 0.1720 0.1371 0.2441 0.4920 0.4299 0.2385 0.1542 0.1415 0.3515 0.5131 0.3571 0.2030 0.1427 0.1583 0.4323 0.5035 0.2957 0.1765 0.1373 0.2216 0.4844 0.4456 0.2473 0.1574 0.1398 0.3346
0.1476 0.1589 0.2511 0.4520 0.4809 0.2127 0.1374 0.1785 0.3006 0.5062 0.4264 0.1559 0.1435 0.2058 0.3632 0.5122 0.3428 0.1407 0.1555 0.2421 0.4365 0.4890 0.2345 0.1371 0.1738 0.2892 0.4991 0.4399 0.1619 0.1417 0.1997 0.3500 0.5138 0.3605 0.1423 0.1532 0.2360 0.4264 0.4930 0.2452 0.1371 0.1728 0.2883 0.4996 0.4367 0.1591 0.1429 0.2048 0.3623 0.5123 0.4482 0.5123 0.3623 0.2048 0.1429 0.1591 0.4367 0.4996 0.2883 0.1728 0.1371 0.2452 0.4930 0.4264 0.2360 0.1532 0.1423 0.3605 0.5138 0.3500 0.1997 0.1417 0.1619 0.4399 0.4991 0.2892 0.1738 0.1371 0.2345 0.4890 0.4365 0.2421 0.1555 0.1407 0.3428 0.5122 0.3632 0.2058 0.1435 0.1559 0.4264 0.5062 0.3006 0.1785 0.1374 0.2127 0.4809 0.4520 0.2511 0.1589 0.1476
0.1653 0.2547 0.4578 0.4774 0.2049 0.1376 0.1804 0.3052 0.5082 0.4207 0.1539 0.1442 0.2084 0.3689 0.5112 0.3346 0.1400 0.1567 0.2455 0.4426 0.4859 0.2258 0.1372 0.1755 0.2936 0.5021 0.4349 0.1594 0.1424 0.2020 0.3550 0.5133 0.3538 0.1416 0.1540 0.2383 0.4305 0.4912 0.2400 0.1371 0.1735 0.2898 0.5004 0.4358 0.1588 0.1428 0.2048 0.3638 0.5117 0.3539 0.1650 0.3539 0.5117 0.3638 0.2048 0.1428 0.1588 0.4358 0.5004 0.2898 0.1735 0.1371 0.2400 0.4912 0.4305 0.2383 0.1540 0.1416 0.3538 0.5133 0.3550 0.2020 0.1424 0.1594 0.4349 0.5021 0.2936 0.1755 0.1372 0.2258 0.4859 0.4426 0.2455 0.1567 0.1400 0.3346 0.5112 0.3689 0.2084 0.1442 0.1539 0.4207 0.5082 0.3052 0.1804 0.1376 0.2049 0.4774 0.4578 0.2547 0.1653
0.2573 0.4614 0.4751 0.2001 0.1376 0.1815 0.3082 0.5092 0.4169 0.1526 0.1446 0.2099 0.3726 0.5103 0.3293 0.1395 0.1574 0.2476 0.4463 0.4838 0.2203 0.1371 0.1765 0.2963 0.5037 0.4315 0.1578 0.1426 0.2033 0.3582 0.5127 0.3494 0.1411 0.1544 0.2398 0.4330 0.4901 0.2372 0.1369 0.1736 0.2903 0.5005 0.4358 0.1589 0.1426 0.2040 0.3623 0.5117 0.3397 0.1405 0.1387 0.1405 0.3397 0.5117 0.3623 0.2040 0.1426 0.1589 0.4358 0.5005 0.2903 0.1736 0.1369 0.2372 0.4901 0.4330 0.2398 0.1544 0.1411 0.3494 0.5127 0.3582 0.2033 0.1426 0.1578 0.4315 0.5037 0.2963 0.1765 0.1371 0.2203 0.4838 0.4463 0.2476 0.1574 0.1395 0.3293 0.5103 0.3726 0.2099 0.1446 0.1526 0.4169 0.5092 0.3082 0.1815 0.1376 0.2001 0.4751 0.4614 0.2573
0.4490 0.4784 0.2095 0.1365 0.1779 0.3024 0.5064 0.4238 0.1543 0.1427 0.2056 0.3661 0.5105 0.3398 0.1395 0.1548 0.2426 0.4394 0.4864 0.2309 0.1362 0.1732 0.2907 0.4998 0.4375 0.1603 0.1409 0.1991 0.3518 0.5124 0.3597 0.1413 0.1519 0.2345 0.4252 0.4927 0.2505 0.1361 0.1699 0.2832 0.4946 0.4440 0.1633 0.1405 0.1982 0.3517 0.5123 0.3539 0.1405 0.1497 0.1874 0.1497 0.1405 0.3539 0.5123 0.3517 0.1982 0.1405 0.1633 0.4440 0.4946 0.2832 0.1699 0.1361 0.2505 0.4927 0.4252 0.2345 0.1519 0.1413 0.3597 0.5124 0.3518 0.1991 0.1409 0.1603 0.4375 0.4998 0.2907 0.1732 0.1362 0.2309 0.4864 0.4394 0.2426 0.1548 0.1395 0.3398 0.5105 0.3661 0.2056 0.1427 0.1543 0.4238 0.5064 0.3024 0.1779 0.1365 0.2095 0.4784 0.4490
0.5091 0.3394 0.1377 0.1534 0.2405 0.4398 0.4855 0.2317 0.1353 0.1715 0.2890 0.4999 0.4370 0.1588 0.1399 0.1971 0.3507 0.5116 0.3601 0.1395 0.1504 0.2319 0.4240 0.4925 0.2549 0.1351 0.1671 0.2779 0.4911 0.4492 0.1670 0.1385 0.1913 0.3374 0.5124 0.3769 0.1415 0.1482 0.2256 0.4129 0.4964 0.2678 0.1352 0.1658 0.2756 0.4904 0.4482 0.1650 0.1387 0.1874 0.2578 0.1874 0.1387 0.1650 0.4482 0.4904 0.2756 0.1658 0.1352 0.2678 0.4964 0.4129 0.2256 0.1482 0.1415 0.3769 0.5124 0.3374 0.1913 0.1385 0.1670 0.4492 0.4911 0.2779 0.1671 0.1351 0.2549 0.4925 0.4240 0.2319 0.1504 0.1395 0.3601 0.5116 0.3507 0.1971 0.1399 0.1588 0.4370 0.4999 0.2890 0.1715 0.1353 0.2317 0.4855 0.4398 0.2405 0.1534 0.1377 0.3394 0.5091
0.4490 0.4784 0.2095 0.1365 0.1779 0.3024 0.5064 0.4238 0.1543 0.1427 0.2056 0.3661 0.5105 0.3398 0.1395 0.1548 0.2426 0.4394 0.4864 0.2309 0.1362 0.1732 0.2907 0.4998 0.4375 0.1603 0.1409 0.1991 0.3518 0.5124 0.3597 0.1413 0.1519 0.2345 0.4252 0.4927 0.2505 0.1361 0.1699 0.2832 0.4946 0.4440 0.1633 0.1405 0.1982 0.3517 0.5123 0.3539 0.1405 0.1497 0.1874 0.1497 0.1405 0.3539 0.5123 0.3517 0.1982 0.1405 0.1633 0.4440 0.4946 0.2832 0.1699 0.1361 0.2505 0.4927 0.4252 0.2345 0.1519 0.1413 0.3597 0.5124 0.3518 0.1991 0.1409 0.1603 0.4375 0.4998 0.2907 0.1732 0.1362 0.2309 0.4864 0.4394 0.2426 0.1548 0.1395 0.3398 0.5105 0.3661 0.2056 0.1427 0.1543 0.4238 0.5064 0.3024 0.1779 0.1365 0.2095 0.4784 0.4490
0.2573 0.4614 0.4751 0.2001 0.1376 0.1815 0.3082 0.5092 0.4169 0.1526 0.1446 0.2099 0.3726 0.5103 0.3293 0.1395 0.1574 0.2476 0.4463 0.4838 0.2203 0.1371 0.1765 0.2963 0.5037 0.4315 0.1578 0.1426 0.2033 0.3582 0.5127 0.3494 0.1411 0.1544 0.2398 0.4330 0.4901 0.2372 0.1369 0.1736 0.2903 0.5005 0.4358 0.1589 0.1426 0.2040 0.3623 0.5117 0.3397 0.1405 0.1387 0.1405 0.3397 0.5117 0.3623 0.2040 0.1426 0.1589 0.4358 0.5005 0.2903 0.1736 0.1369 0.2372 0.4901 0.4330 0.2398 0.1544 0.1411 0.3494 0.5127 0.3582 0.2033 0.1426 0.1578 0.4315 0.5037 0.2963 0.1765 0.1371 0.2203 0.4838 0.4463 0.2476 0.1574 0.1395 0.3293 0.5103 0.3726 0.2099 0.1446 0.1526 0.4169 0.5092 0.3082 0.1815 0.1376 0.2001 0.4751 0.4614 0.2573
0.1653 0.2547 0.4578 0.4774 0.2049 0.1376 0.1804 0.3052 0.5082 0.4207 0.1539 0.1442 0.2084 0.3689 0.5112 0.3346 0.1400 0.1567 0.2455 0.4426 0.4859 0.2258 0.1372 0.1755 0.2936 0.5021 0.4349 0.1594 0.1424 0.2020 0.3550 0.5133 0.3538 0.1416 0.1540 0.2383 0.4305 0.4912 0.2400 0.1371 0.1735 0.2898 0.5004 0.4358 0.1588 0.1428 0.2048 0.3638 0.5117 0.3539 0.1650 0.3539 0.5117 0.3638 0.2048 0.1428 0.1588 0.4358 0.5004 0.2898 0.1735 0.1371 0.2400 0.4912 0.4305 0.2383 0.1540 0.1416 0.3538 0.5133 0.3550 0.2020 0.1424 0.1594 0.4349 0.5021 0.2936 0.1755 0.1372 0.2258 0.4859 0.4426 0.2455 0.1567 0.1400 0.3346 0.5112 0.3689 0.2084 0.1442 0.1539 0.4207 0.5082 0.3052 0.1804 0.1376 0.2049 0.4774 0.4578 0.2547 0.1653
0.1476 0.1589 0.2511 0.4520 0.4809 0.2127 0.1374 0.1785 0.3006 0.5062 0.4264 0.1559 0.1435 0.2058 0.3632 0.5122 0.3428 0.1407 0.1555 0.2421 0.4365 0.4890 0.2345 0.1371 0.1738 0.2892 0.4991 0.4399 0.1619 0.1417 0.1997 0.3500 0.5138 0.3605 0.1423 0.1532 0.2360 0.4264 0.4930 0.2452 0.1371 0.1728 0.2883 0.4996 0.4367 0.1591 0.1429 0.2048 0.3623 0.5123 0.4482 0.5123 0.3623 0.2048 0.1429 0.1591 0.4367 0.4996 0.2883 0.1728 0.1371 0.2452 0.4930 0.4264 0.2360 0.1532 0.1423 0.3605 0.5138 0.3500 0.1997 0.1417 0.1619 0.4399 0.4991 0.2892 0.1738 0.1371 0.2345 0.4890 0.4365 0.2421 0.1555 0.1407 0.3428 0.5122 0.3632 0.2058 0.1435 0.1559 0.4264 0.5062 0.3006 0.1785 0.1374 0.2127 0.4809 0.4520 0.2511 0.1589 0.1476
0.3346 0.1398 0.1574 0.2473 0.4456 0.4844 0.2216 0.1373 0.1765 0.2957 0.5035 0.4323 0.1583 0.1427 0.2030 0.3571 0.5131 0.3515 0.1415 0.1542 0.2385 0.4299 0.4920 0.2441 0.1371 0.1720 0.2847 0.4954 0.4451 0.1649 0.1411 0.1973 0.3448 0.5141 0.3671 0.1430 0.1523 0.2337 0.4224 0.4945 0.2498 0.1371 0.1722 0.2872 0.4991 0.4371 0.1591 0.1428 0.2040 0.3517 0.4904 0.3517 0.2040 0.1428 0.1591 0.4371 0.4991 0.2872 0.1722 0.1371 0.2498 0.4945 0.4224 0.2337 0.1523 0.1430 0.3671 0.5141 0.3448 0.1973 0.1411 0.1649 0.4451 0.4954 0.2847 0.1720 0.1371 0.2441 0.4920 0.4299 0.2385 0.1542 0.1415 0.3515 0.5131 0.3571 0.2030 0.1427 0.1583 0.4323 0.5035 0.2957 0.1765 0.1373 0.2216 0.4844 0.4456 0.2473 0.1574 0.1398 0.3346
