0.1048 0.2299 -0.2064 -0.3018 -0.3612 -0.0601 0.2142 -0.1120 -0.2575 -0.3356 -0.3478 0.0970 0.2548 -0.1983 -0.2968 -0.3591 -0.1038 0.2006 -0.0911 -0.2519 -0.3316 -0.3565 0.0831 0.2679 -0.1896 -0.2918 -0.3567 -0.1531 0.1870 -0.0636 -0.2463 -0.3273 -0.3621 0.0685 0.2709 -0.1805 -0.2866 -0.3541 -0.2018 0.1738 -0.0257 -0.2407 -0.3229 -0.3651 0.0526 0.2669 -0.1706 -0.2811 -0.3514 -0.2835 0.0556 -0.2835 -0.3514 -0.2811 -0.1706 0.2669 0.0526 -0.3651 -0.3229 -0.2407 -0.0257 0.1738 -0.2018 -0.3541 -0.2866 -0.1805 0.2709 0.0685 -0.3621 -0.3273 -0.2463 -0.0636 0.1870 -0.1531 -0.3567 -0.2918 -0.1896 0.2679 0.0831 -0.3565 -0.3316 -0.2519 -0.0911 0.2006 -0.1038 -0.3591 -0.2968 -0.1983 0.2548 0.0970 -0.3478 -0.3356 -0.2575 -0.1120 0.2142 -0.0601 -0.3612 -0.3018 -0.2064 0.2299 0.1048
0.2299 -0.2165 -0.3165 -0.3730 -0.0635 0.2112 -0.1072 -0.2726 -0.3492 -0.3575 0.0956 0.2670 -0.2050 -0.3112 -0.3712 -0.1103 0.1975 -0.0827 -0.2672 -0.3452 -0.3665 0.0818 0.2749 -0.1950 -0.3062 -0.3691 -0.1611 0.1843 -0.0502 -0.2617 -0.3411 -0.3723 0.0672 0.2741 -0.1846 -0.3012 -0.3667 -0.2106 0.1709 -0.0047 -0.2563 -0.3368 -0.3755 0.0513 0.2675 -0.1735 -0.2959 -0.3641 -0.2634 0.1366 0.2631 0.1366 -0.2634 -0.3641 -0.2959 -0.1735 0.2675 0.0513 -0.3755 -0.3368 -0.2563 -0.0047 0.1709 -0.2106 -0.3667 -0.3012 -0.1846 0.2741 0.0672 -0.3723 -0.3411 -0.2617 -0.0502 0.1843 -0.1611 -0.3691 -0.3062 -0.1950 0.2749 0.0818 -0.3665 -0.3452 -0.2672 -0.0827 0.1975 -0.1103 -0.3712 -0.3112 -0.2050 0.2670 0.0956 -0.3575 -0.3492 -0.2726 -0.1072 0.2112 -0.0635 -0.3730 -0.3165 -0.2165 0.2299
-0.2064 -0.3165 -0.3727 -0.0746 0.2066 -0.0990 -0.2705 -0.3476 -0.3617 0.0897 0.2717 -0.2007 -0.3090 -0.3703 -0.1322 0.1915 -0.0698 -0.2648 -0.3434 -0.3693 0.0755 0.2755 -0.1905 -0.3040 -0.3681 -0.1833 0.1785 -0.0322 -0.2593 -0.3392 -0.3739 0.0604 0.2718 -0.1799 -0.2989 -0.3656 -0.2304 0.1642 0.0204 -0.2531 -0.3349 -0.3763 0.0437 0.2633 -0.1685 -0.2937 -0.3628 -0.2726 0.1451 0.1704 -0.1734 0.1704 0.1451 -0.2726 -0.3628 -0.2937 -0.1685 0.2633 0.0437 -0.3763 -0.3349 -0.2531 0.0204 0.1642 -0.2304 -0.3656 -0.2989 -0.1799 0.2718 0.0604 -0.3739 -0.3392 -0.2593 -0.0322 0.1785 -0.1833 -0.3681 -0.3040 -0.1905 0.2755 0.0755 -0.3693 -0.3434 -0.2648 -0.0698 0.1915 -0.1322 -0.3703 -0.3090 -0.2007 0.2717 0.0897 -0.3617 -0.3476 -0.2705 -0.0990 0.2066 -0.0746 -0.3727 -0.3165 -0.2064
-0.3018 -0.3730 -0.0746 0.2049 -0.0936 -0.2689 -0.3462 -0.3649 0.0842 0.2743 -0.1964 -0.3069 -0.3694 -0.1545 0.1858 -0.0550 -0.2624 -0.3416 -0.3716 0.0691 0.2746 -0.1860 -0.3018 -0.3670 -0.2046 0.1726 -0.0114 -0.2569 -0.3374 -0.3752 0.0534 0.2686 -0.1750 -0.2967 -0.3644 -0.2488 0.1577 0.0485 -0.2491 -0.3329 -0.3767 0.0358 0.2586 -0.1633 -0.2915 -0.3615 -0.2859 0.1423 0.1368 -0.2292 -0.2919 -0.2292 0.1368 0.1423 -0.2859 -0.3615 -0.2915 -0.1633 0.2586 0.0358 -0.3767 -0.3329 -0.2491 0.0485 0.1577 -0.2488 -0.3644 -0.2967 -0.1750 0.2686 0.0534 -0.3752 -0.3374 -0.2569 -0.0114 0.1726 -0.2046 -0.3670 -0.3018 -0.1860 0.2746 0.0691 -0.3716 -0.3416 -0.2624 -0.0550 0.1858 -0.1545 -0.3694 -0.3069 -0.1964 0.2743 0.0842 -0.3649 -0.3462 -0.2689 -0.0936 0.2049 -0.0746 -0.3730 -0.3018
-0.3612 -0.0635 0.2066 -0.0936 -0.2683 -0.3454 -0.3669 0.0797 0.2754 -0.1925 -0.3048 -0.3684 -0.1764 0.1801 -0.0378 -0.2601 -0.3398 -0.3735 0.0624 0.2726 -0.1813 -0.2996 -0.3659 -0.2248 0.1661 0.0127 -0.2541 -0.3354 -0.3761 0.0460 0.2646 -0.1700 -0.2944 -0.3632 -0.2656 0.1514 0.0788 -0.2448 -0.3310 -0.3768 0.0272 0.2534 -0.1578 -0.2892 -0.3602 -0.2989 0.1370 0.1530 -0.2330 -0.3230 -0.3697 -0.3230 -0.2330 0.1530 0.1370 -0.2989 -0.3602 -0.2892 -0.1578 0.2534 0.0272 -0.3768 -0.3310 -0.2448 0.0788 0.1514 -0.2656 -0.3632 -0.2944 -0.1700 0.2646 0.0460 -0.3761 -0.3354 -0.2541 0.0127 0.1661 -0.2248 -0.3659 -0.2996 -0.1813 0.2726 0.0624 -0.3735 -0.3398 -0.2601 -0.0378 0.1801 -0.1764 -0.3684 -0.3048 -0.1925 0.2754 0.0797 -0.3669 -0.3454 -0.2683 -0.0936 0.2066 -0.0635 -0.3612
-0.0601 0.2112 -0.0990 -0.2689 -0.3454 -0.3676 0.0771 0.2754 -0.1894 -0.3031 -0.3675 -0.1960 0.1748 -0.0185 -0.2577 -0.3379 -0.3749 0.0555 0.2696 -0.1765 -0.2973 -0.3648 -0.2436 0.1596 0.0400 -0.2503 -0.3335 -0.3766 0.0382 0.2600 -0.1648 -0.2922 -0.3619 -0.2809 0.1453 0.1097 -0.2406 -0.3290 -0.3767 0.0180 0.2479 -0.1521 -0.2869 -0.3588 -0.3106 0.1312 0.1769 -0.2303 -0.3235 -0.3796 -0.3109 -0.3796 -0.3235 -0.2303 0.1769 0.1312 -0.3106 -0.3588 -0.2869 -0.1521 0.2479 0.0180 -0.3767 -0.3290 -0.2406 0.1097 0.1453 -0.2809 -0.3619 -0.2922 -0.1648 0.2600 0.0382 -0.3766 -0.3335 -0.2503 0.0400 0.1596 -0.2436 -0.3648 -0.2973 -0.1765 0.2696 0.0555 -0.3749 -0.3379 -0.2577 -0.0185 0.1748 -0.1960 -0.3675 -0.3031 -0.1894 0.2754 0.0771 -0.3676 -0.3454 -0.2689 -0.0990 0.2112 -0.0601
0.2142 -0.1072 -0.2705 -0.3462 -0.3669 0.0771 0.2754 -0.1877 -0.3019 -0.3668 -0.2114 0.1698 0.0014 -0.2554 -0.3361 -0.3758 0.0483 0.2659 -0.1715 -0.2951 -0.3635 -0.2609 0.1533 0.0698 -0.2461 -0.3315 -0.3768 0.0298 0.2550 -0.1594 -0.2899 -0.3606 -0.2946 0.1392 0.1396 -0.2365 -0.3270 -0.3763 0.0079 0.2421 -0.1460 -0.2846 -0.3574 -0.3210 0.1255 0.1996 -0.2265 -0.3219 -0.3750 -0.0588 0.1223 -0.0588 -0.3750 -0.3219 -0.2265 0.1996 0.1255 -0.3210 -0.3574 -0.2846 -0.1460 0.2421 0.0079 -0.3763 -0.3270 -0.2365 0.1396 0.1392 -0.2946 -0.3606 -0.2899 -0.1594 0.2550 0.0298 -0.3768 -0.3315 -0.2461 0.0698 0.1533 -0.2609 -0.3635 -0.2951 -0.1715 0.2659 0.0483 -0.3758 -0.3361 -0.2554 0.0014 0.1698 -0.2114 -0.3668 -0.3019 -0.1877 0.2754 0.0771 -0.3669 -0.3462 -0.2705 -0.1072 0.2142
-0.1120 -0.2726 -0.3476 -0.3649 0.0797 0.2754 -0.1877 -0.3015 -0.3664 -0.2214 0.1657 0.0195 -0.2528 -0.3344 -0.3764 0.0410 0.2616 -0.1665 -0.2928 -0.3623 -0.2766 0.1471 0.1007 -0.2419 -0.3296 -0.3768 0.0207 0.2495 -0.1538 -0.2876 -0.3592 -0.3069 0.1333 0.1672 -0.2323 -0.3249 -0.3758 -0.0032 0.2362 -0.1397 -0.2823 -0.3559 -0.3301 0.1197 0.2191 -0.2225 -0.3200 -0.3743 -0.0429 0.2015 0.2247 0.2015 -0.0429 -0.3743 -0.3200 -0.2225 0.2191 0.1197 -0.3301 -0.3559 -0.2823 -0.1397 0.2362 -0.0032 -0.3758 -0.3249 -0.2323 0.1672 0.1333 -0.3069 -0.3592 -0.2876 -0.1538 0.2495 0.0207 -0.3768 -0.3296 -0.2419 0.1007 0.1471 -0.2766 -0.3623 -0.2928 -0.1665 0.2616 0.0410 -0.3764 -0.3344 -0.2528 0.0195 0.1657 -0.2214 -0.3664 -0.3015 -0.1877 0.2754 0.0797 -0.3649 -0.3476 -0.2726 -0.1120
-0.2575 -0.3492 -0.3617 0.0842 0.2754 -0.1894 -0.3019 -0.3664 -0.2248 0.1636 0.0323 -0.2504 -0.3331 -0.3767 0.0343 0.2572 -0.1615 -0.2906 -0.3610 -0.2907 0.1410 0.1310 -0.2377 -0.3275 -0.3764 0.0109 0.2438 -0.1479 -0.2853 -0.3578 -0.3177 0.1274 0.1917 -0.2281 -0.3229 -0.3752 -0.0155 0.2301 -0.1328 -0.2800 -0.3543 -0.3382 0.1140 0.2353 -0.2183 -0.3179 -0.3736 -0.0525 0.2125 -0.0874 -0.2235 -0.0874 0.2125 -0.0525 -0.3736 -0.3179 -0.2183 0.2353 0.1140 -0.3382 -0.3543 -0.2800 -0.1328 0.2301 -0.0155 -0.3752 -0.3229 -0.2281 0.1917 0.1274 -0.3177 -0.3578 -0.2853 -0.1479 0.2438 0.0109 -0.3764 -0.3275 -0.2377 0.1310 0.1410 -0.2907 -0.3610 -0.2906 -0.1615 0.2572 0.0343 -0.3767 -0.3331 -0.2504 0.0323 0.1636 -0.2248 -0.3664 -0.3019 -0.1894 0.2754 0.0842 -0.3617 -0.3492 -0.2575
-0.3356 -0.3575 0.0897 0.2743 -0.1925 -0.3031 -0.3668 -0.2214 0.1636 0.0369 -0.2490 -0.3322 -0.3768 0.0286 0.2534 -0.1570 -0.2887 -0.3597 -0.3028 0.1352 0.1591 -0.2335 -0.3255 -0.3759 0.0001 0.2379 -0.1416 -0.2830 -0.3563 -0.3274 0.1216 0.2128 -0.2240 -0.3208 -0.3745 -0.0291 0.2241 -0.1255 -0.2777 -0.3528 -0.3452 0.1082 0.2484 -0.2142 -0.3158 -0.3729 -0.0685 0.2090 -0.0998 -0.2659 -0.3183 -0.2659 -0.0998 0.2090 -0.0685 -0.3729 -0.3158 -0.2142 0.2484 0.1082 -0.3452 -0.3528 -0.2777 -0.1255 0.2241 -0.0291 -0.3745 -0.3208 -0.2240 0.2128 0.1216 -0.3274 -0.3563 -0.2830 -0.1416 0.2379 0.0001 -0.3759 -0.3255 -0.2335 0.1591 0.1352 -0.3028 -0.3597 -0.2887 -0.1570 0.2534 0.0286 -0.3768 -0.3322 -0.2490 0.0369 0.1636 -0.2214 -0.3668 -0.3031 -0.1925 0.2743 0.0897 -0.3575 -0.3356
-0.3478 0.0956 0.2717 -0.1964 -0.3048 -0.3675 -0.2114 0.1657 0.0323 -0.2490 -0.3319 -0.3768 0.0248 0.2504 -0.1534 -0.2870 -0.3586 -0.3125 0.1299 0.1831 -0.2295 -0.3235 -0.3753 -0.0118 0.2319 -0.1349 -0.2807 -0.3548 -0.3358 0.1158 0.2303 -0.2198 -0.3187 -0.3739 -0.0443 0.2180 -0.1175 -0.2754 -0.3512 -0.3513 0.1025 0.2585 -0.2100 -0.3137 -0.3721 -0.0873 0.2037 -0.0938 -0.2685 -0.3463 -0.3848 -0.3463 -0.2685 -0.0938 0.2037 -0.0873 -0.3721 -0.3137 -0.2100 0.2585 0.1025 -0.3513 -0.3512 -0.2754 -0.1175 0.2180 -0.0443 -0.3739 -0.3187 -0.2198 0.2303 0.1158 -0.3358 -0.3548 -0.2807 -0.1349 0.2319 -0.0118 -0.3753 -0.3235 -0.2295 0.1831 0.1299 -0.3125 -0.3586 -0.2870 -0.1534 0.2504 0.0248 -0.3768 -0.3319 -0.2490 0.0323 0.1657 -0.2114 -0.3675 -0.3048 -0.1964 0.2717 0.0956 -0.3478
0.0970 0.2670 -0.2007 -0.3069 -0.3684 -0.1960 0.1698 0.0195 -0.2504 -0.3322 -0.3768 0.0235 0.2488 -0.1510 -0.2858 -0.3577 -0.3199 0.1254 0.2020 -0.2258 -0.3216 -0.3747 -0.0247 0.2258 -0.1277 -0.2784 -0.3532 -0.3432 0.1100 0.2444 -0.2156 -0.3166 -0.3732 -0.0611 0.2121 -0.1088 -0.2731 -0.3495 -0.3566 0.0966 0.2659 -0.2057 -0.3116 -0.3713 -0.1077 0.1980 -0.0837 -0.2671 -0.3451 -0.3733 -0.0993 -0.3733 -0.3451 -0.2671 -0.0837 0.1980 -0.1077 -0.3713 -0.3116 -0.2057 0.2659 0.0966 -0.3566 -0.3495 -0.2731 -0.1088 0.2121 -0.0611 -0.3732 -0.3166 -0.2156 0.2444 0.1100 -0.3432 -0.3532 -0.2784 -0.1277 0.2258 -0.0247 -0.3747 -0.3216 -0.2258 0.2020 0.1254 -0.3199 -0.3577 -0.2858 -0.1510 0.2488 0.0235 -0.3768 -0.3322 -0.2504 0.0195 0.1698 -0.1960 -0.3684 -0.3069 -0.2007 0.2670 0.0970
0.2548 -0.2050 -0.3090 -0.3694 -0.1764 0.1748 0.0014 -0.2528 -0.3331 -0.3768 0.0248 0.2488 -0.1501 -0.2852 -0.3571 -0.3247 0.1219 0.2157 -0.2227 -0.3198 -0.3742 -0.0382 0.2201 -0.1201 -0.2761 -0.3516 -0.3496 0.1043 0.2555 -0.2114 -0.3144 -0.3724 -0.0797 0.2061 -0.0992 -0.2707 -0.3478 -0.3611 0.0907 0.2710 -0.2014 -0.3094 -0.3704 -0.1292 0.1922 -0.0712 -0.2650 -0.3435 -0.3703 0.0587 0.1863 0.0587 -0.3703 -0.3435 -0.2650 -0.0712 0.1922 -0.1292 -0.3704 -0.3094 -0.2014 0.2710 0.0907 -0.3611 -0.3478 -0.2707 -0.0992 0.2061 -0.0797 -0.3724 -0.3144 -0.2114 0.2555 0.1043 -0.3496 -0.3516 -0.2761 -0.1201 0.2201 -0.0382 -0.3742 -0.3198 -0.2227 0.2157 0.1219 -0.3247 -0.3571 -0.2852 -0.1501 0.2488 0.0248 -0.3768 -0.3331 -0.2528 0.0014 0.1748 -0.1764 -0.3694 -0.3090 -0.2050 0.2548
-0.1983 -0.3112 -0.3703 -0.1545 0.1801 -0.0185 -0.2554 -0.3344 -0.3767 0.0286 0.2504 -0.1510 -0.2852 -0.3569 -0.3271 0.1197 0.2245 -0.2202 -0.3184 -0.3737 -0.0510 0.2150 -0.1125 -0.2739 -0.3500 -0.3550 0.0984 0.2638 -0.2071 -0.3123 -0.3716 -0.0999 0.2002 -0.0885 -0.2684 -0.3461 -0.3648 0.0847 0.2741 -0.1971 -0.3072 -0.3695 -0.1515 0.1865 -0.0567 -0.2627 -0.3418 -0.3717 0.0658 0.2677 -0.0518 0.2677 0.0658 -0.3717 -0.3418 -0.2627 -0.0567 0.1865 -0.1515 -0.3695 -0.3072 -0.1971 0.2741 0.0847 -0.3648 -0.3461 -0.2684 -0.0885 0.2002 -0.0999 -0.3716 -0.3123 -0.2071 0.2638 0.0984 -0.3550 -0.3500 -0.2739 -0.1125 0.2150 -0.0510 -0.3737 -0.3184 -0.2202 0.2245 0.1197 -0.3271 -0.3569 -0.2852 -0.1510 0.2504 0.0286 -0.3767 -0.3344 -0.2554 -0.0185 0.1801 -0.1545 -0.3703 -0.3112 -0.1983
-0.2968 -0.3712 -0.1322 0.1858 -0.0378 -0.2577 -0.3361 -0.3764 0.0343 0.2534 -0.1534 -0.2858 -0.3571 -0.3271 0.1189 0.2289 -0.2186 -0.3174 -0.3732 -0.0624 0.2106 -0.1053 -0.2719 -0.3485 -0.3594 0.0928 0.2696 -0.2029 -0.3101 -0.3708 -0.1213 0.1944 -0.0764 -0.2660 -0.3444 -0.3680 0.0786 0.2754 -0.1927 -0.3050 -0.3686 -0.1736 0.1809 -0.0400 -0.2603 -0.3400 -0.3734 0.0621 0.2714 -0.1688 -0.2591 -0.1688 0.2714 0.0621 -0.3734 -0.3400 -0.2603 -0.0400 0.1809 -0.1736 -0.3686 -0.3050 -0.1927 0.2754 0.0786 -0.3680 -0.3444 -0.2660 -0.0764 0.1944 -0.1213 -0.3708 -0.3101 -0.2029 0.2696 0.0928 -0.3594 -0.3485 -0.2719 -0.1053 0.2106 -0.0624 -0.3732 -0.3174 -0.2186 0.2289 0.1189 -0.3271 -0.3571 -0.2858 -0.1534 0.2534 0.0343 -0.3764 -0.3361 -0.2577 -0.0378 0.1858 -0.1322 -0.3712 -0.2968
-0.3591 -0.1103 0.1915 -0.0550 -0.2601 -0.3379 -0.3758 0.0410 0.2572 -0.1570 -0.2870 -0.3577 -0.3247 0.1197 0.2289 -0.2181 -0.3169 -0.3730 -0.0710 0.2072 -0.0989 -0.2702 -0.3472 -0.3629 0.0875 0.2730 -0.1987 -0.3080 -0.3699 -0.1434 0.1886 -0.0626 -0.2636 -0.3426 -0.3705 0.0723 0.2752 -0.1882 -0.3028 -0.3675 -0.1951 0.1752 -0.0206 -0.2579 -0.3381 -0.3748 0.0559 0.2695 -0.1743 -0.2923 -0.3433 -0.2923 -0.1743 0.2695 0.0559 -0.3748 -0.3381 -0.2579 -0.0206 0.1752 -0.1951 -0.3675 -0.3028 -0.1882 0.2752 0.0723 -0.3705 -0.3426 -0.2636 -0.0626 0.1886 -0.1434 -0.3699 -0.3080 -0.1987 0.2730 0.0875 -0.3629 -0.3472 -0.2702 -0.0989 0.2072 -0.0710 -0.3730 -0.3169 -0.2181 0.2289 0.1197 -0.3247 -0.3577 -0.2870 -0.1570 0.2572 0.0410 -0.3758 -0.3379 -0.2601 -0.0550 0.1915 -0.1103 -0.3591
-0.1038 0.1975 -0.0698 -0.2624 -0.3398 -0.3749 0.0483 0.2616 -0.1615 -0.2887 -0.3586 -0.3199 0.1219 0.2245 -0.2186 -0.3169 -0.3729 -0.0756 0.2051 -0.0941 -0.2689 -0.3461 -0.3654 0.0828 0.2748 -0.1949 -0.3060 -0.3689 -0.1653 0.1830 -0.0467 -0.2613 -0.3407 -0.3726 0.0658 0.2737 -0.1836 -0.3006 -0.3664 -0.2158 0.1690 0.0020 -0.2555 -0.3362 -0.3758 0.0488 0.2661 -0.1713 -0.2942 -0.3658 -0.3860 -0.3658 -0.2942 -0.1713 0.2661 0.0488 -0.3758 -0.3362 -0.2555 0.0020 0.1690 -0.2158 -0.3664 -0.3006 -0.1836 0.2737 0.0658 -0.3726 -0.3407 -0.2613 -0.0467 0.1830 -0.1653 -0.3689 -0.3060 -0.1949 0.2748 0.0828 -0.3654 -0.3461 -0.2689 -0.0941 0.2051 -0.0756 -0.3729 -0.3169 -0.2186 0.2245 0.1219 -0.3199 -0.3586 -0.2887 -0.1615 0.2616 0.0483 -0.3749 -0.3398 -0.2624 -0.0698 0.1975 -0.1038
0.2006 -0.0827 -0.2648 -0.3416 -0.3735 0.0555 0.2659 -0.1665 -0.2906 -0.3597 -0.3125 0.1254 0.2157 -0.2202 -0.3174 -0.3730 -0.0756 0.2044 -0.0916 -0.2681 -0.3453 -0.3671 0.0790 0.2754 -0.1915 -0.3042 -0.3681 -0.1853 0.1776 -0.0287 -0.2589 -0.3389 -0.3742 0.0590 0.2712 -0.1788 -0.2984 -0.3653 -0.2352 0.1625 0.0279 -0.2521 -0.3343 -0.3764 0.0412 0.2618 -0.1666 -0.2927 -0.3626 -0.3079 0.0431 -0.3079 -0.3626 -0.2927 -0.1666 0.2618 0.0412 -0.3764 -0.3343 -0.2521 0.0279 0.1625 -0.2352 -0.3653 -0.2984 -0.1788 0.2712 0.0590 -0.3742 -0.3389 -0.2589 -0.0287 0.1776 -0.1853 -0.3681 -0.3042 -0.1915 0.2754 0.0790 -0.3671 -0.3453 -0.2681 -0.0916 0.2044 -0.0756 -0.3730 -0.3174 -0.2202 0.2157 0.1254 -0.3125 -0.3597 -0.2906 -0.1665 0.2659 0.0555 -0.3735 -0.3416 -0.2648 -0.0827 0.2006
-0.0911 -0.2672 -0.3434 -0.3716 0.0624 0.2696 -0.1715 -0.2928 -0.3610 -0.3028 0.1299 0.2020 -0.2227 -0.3184 -0.3732 -0.0710 0.2051 -0.0916 -0.2678 -0.3449 -0.3681 0.0763 0.2754 -0.1887 -0.3026 -0.3673 -0.2025 0.1726 -0.0096 -0.2566 -0.3370 -0.3754 0.0520 0.2678 -0.1740 -0.2962 -0.3642 -0.2531 0.1561 0.0566 -0.2479 -0.3324 -0.3768 0.0331 0.2569 -0.1614 -0.2906 -0.3611 -0.2970 0.1237 0.2517 0.1237 -0.2970 -0.3611 -0.2906 -0.1614 0.2569 0.0331 -0.3768 -0.3324 -0.2479 0.0566 0.1561 -0.2531 -0.3642 -0.2962 -0.1740 0.2678 0.0520 -0.3754 -0.3370 -0.2566 -0.0096 0.1726 -0.2025 -0.3673 -0.3026 -0.1887 0.2754 0.0763 -0.3681 -0.3449 -0.2678 -0.0916 0.2051 -0.0710 -0.3732 -0.3184 -0.2227 0.2020 0.1299 -0.3028 -0.3610 -0.2928 -0.1715 0.2696 0.0624 -0.3716 -0.3434 -0.2672 -0.0911
-0.2519 -0.3452 -0.3693 0.0691 0.2726 -0.1765 -0.2951 -0.3623 -0.2907 0.1352 0.1831 -0.2258 -0.3198 -0.3737 -0.0624 0.2072 -0.0941 -0.2681 -0.3449 -0.3684 0.0748 0.2752 -0.1867 -0.3015 -0.3666 -0.2163 0.1679 0.0093 -0.2543 -0.3353 -0.3761 0.0448 0.2638 -0.1690 -0.2939 -0.3629 -0.2694 0.1499 0.0869 -0.2437 -0.3304 -0.3768 0.0244 0.2516 -0.1559 -0.2884 -0.3597 -0.3043 0.1314 0.2210 -0.1594 0.2210 0.1314 -0.3043 -0.3597 -0.2884 -0.1559 0.2516 0.0244 -0.3768 -0.3304 -0.2437 0.0869 0.1499 -0.2694 -0.3629 -0.2939 -0.1690 0.2638 0.0448 -0.3761 -0.3353 -0.2543 0.0093 0.1679 -0.2163 -0.3666 -0.3015 -0.1867 0.2752 0.0748 -0.3684 -0.3449 -0.2681 -0.0941 0.2072 -0.0624 -0.3737 -0.3198 -0.2258 0.1831 0.1352 -0.2907 -0.3623 -0.2951 -0.1765 0.2726 0.0691 -0.3693 -0.3452 -0.2519
-0.3316 -0.3665 0.0755 0.2746 -0.1813 -0.2973 -0.3635 -0.2766 0.1410 0.1591 -0.2295 -0.3216 -0.3742 -0.0510 0.2106 -0.0989 -0.2689 -0.3453 -0.3681 0.0748 0.2751 -0.1857 -0.3007 -0.3661 -0.2266 0.1639 0.0271 -0.2516 -0.3338 -0.3766 0.0379 0.2596 -0.1640 -0.2917 -0.3616 -0.2841 0.1438 0.1174 -0.2395 -0.3284 -0.3766 0.0149 0.2461 -0.1501 -0.2861 -0.3583 -0.3145 0.1285 0.1969 -0.2194 -0.2863 -0.2194 0.1969 0.1285 -0.3145 -0.3583 -0.2861 -0.1501 0.2461 0.0149 -0.3766 -0.3284 -0.2395 0.1174 0.1438 -0.2841 -0.3616 -0.2917 -0.1640 0.2596 0.0379 -0.3766 -0.3338 -0.2516 0.0271 0.1639 -0.2266 -0.3661 -0.3007 -0.1857 0.2751 0.0748 -0.3681 -0.3453 -0.2689 -0.0989 0.2106 -0.0510 -0.3742 -0.3216 -0.2295 0.1591 0.1410 -0.2766 -0.3635 -0.2973 -0.1813 0.2746 0.0755 -0.3665 -0.3316
-0.3565 0.0818 0.2755 -0.1860 -0.2996 -0.3648 -0.2609 0.1471 0.1310 -0.2335 -0.3235 -0.3747 -0.0382 0.2150 -0.1053 -0.2702 -0.3461 -0.3671 0.0763 0.2752 -0.1857 -0.3005 -0.3659 -0.2328 0.1611 0.0417 -0.2490 -0.3325 -0.3768 0.0314 0.2554 -0.1594 -0.2897 -0.3604 -0.2970 0.1379 0.1463 -0.2354 -0.3264 -0.3762 0.0046 0.2403 -0.1440 -0.2839 -0.3568 -0.3243 0.1233 0.2089 -0.2232 -0.3178 -0.3656 -0.3178 -0.2232 0.2089 0.1233 -0.3243 -0.3568 -0.2839 -0.1440 0.2403 0.0046 -0.3762 -0.3264 -0.2354 0.1463 0.1379 -0.2970 -0.3604 -0.2897 -0.1594 0.2554 0.0314 -0.3768 -0.3325 -0.2490 0.0417 0.1611 -0.2328 -0.3659 -0.3005 -0.1857 0.2752 0.0763 -0.3671 -0.3461 -0.2702 -0.1053 0.2150 -0.0382 -0.3747 -0.3235 -0.2335 0.1310 0.1471 -0.2609 -0.3648 -0.2996 -0.1860 0.2755 0.0818 -0.3565
0.0831 0.2749 -0.1905 -0.3018 -0.3659 -0.2436 0.1533 0.1007 -0.2377 -0.3255 -0.3753 -0.0247 0.2201 -0.1125 -0.2719 -0.3472 -0.3654 0.0790 0.2754 -0.1867 -0.3007 -0.3659 -0.2349 0.1597 0.0512 -0.2472 -0.3315 -0.3768 0.0256 0.2515 -0.1550 -0.2878 -0.3592 -0.3079 0.1324 0.1721 -0.2314 -0.3244 -0.3756 -0.0066 0.2344 -0.1376 -0.2816 -0.3554 -0.3330 0.1177 0.2255 -0.2206 -0.3186 -0.3783 -0.3356 -0.3783 -0.3186 -0.2206 0.2255 0.1177 -0.3330 -0.3554 -0.2816 -0.1376 0.2344 -0.0066 -0.3756 -0.3244 -0.2314 0.1721 0.1324 -0.3079 -0.3592 -0.2878 -0.1550 0.2515 0.0256 -0.3768 -0.3315 -0.2472 0.0512 0.1597 -0.2349 -0.3659 -0.3007 -0.1867 0.2754 0.0790 -0.3654 -0.3472 -0.2719 -0.1125 0.2201 -0.0247 -0.3753 -0.3255 -0.2377 0.1007 0.1533 -0.2436 -0.3659 -0.3018 -0.1905 0.2749 0.0831
0.2679 -0.1950 -0.3040 -0.3670 -0.2248 0.1596 0.0698 -0.2419 -0.3275 -0.3759 -0.0118 0.2258 -0.1201 -0.2739 -0.3485 -0.3629 0.0828 0.2754 -0.1887 -0.3015 -0.3661 -0.2328 0.1597 0.0544 -0.2463 -0.3309 -0.3768 0.0209 0.2482 -0.1512 -0.2862 -0.3581 -0.3168 0.1274 0.1937 -0.2275 -0.3225 -0.3750 -0.0187 0.2285 -0.1308 -0.2793 -0.3538 -0.3406 0.1120 0.2402 -0.2168 -0.3170 -0.3736 -0.1036 0.1097 -0.1036 -0.3736 -0.3170 -0.2168 0.2402 0.1120 -0.3406 -0.3538 -0.2793 -0.1308 0.2285 -0.0187 -0.3750 -0.3225 -0.2275 0.1937 0.1274 -0.3168 -0.3581 -0.2862 -0.1512 0.2482 0.0209 -0.3768 -0.3309 -0.2463 0.0544 0.1597 -0.2328 -0.3661 -0.3015 -0.1887 0.2754 0.0828 -0.3629 -0.3485 -0.2739 -0.1201 0.2258 -0.0118 -0.3759 -0.3275 -0.2419 0.0698 0.1596 -0.2248 -0.3670 -0.3040 -0.1950 0.2679
-0.1896 -0.3062 -0.3681 -0.2046 0.1661 0.0400 -0.2461 -0.3296 -0.3764 0.0001 0.2319 -0.1277 -0.2761 -0.3500 -0.3594 0.0875 0.2748 -0.1915 -0.3026 -0.3666 -0.2266 0.1611 0.0512 -0.2463 -0.3307 -0.3768 0.0178 0.2458 -0.1482 -0.2848 -0.3571 -0.3237 0.1230 0.2107 -0.2240 -0.3206 -0.3744 -0.0317 0.2227 -0.1236 -0.2771 -0.3523 -0.3472 0.1064 0.2520 -0.2128 -0.3151 -0.3727 -0.0843 0.1876 0.2542 0.1876 -0.0843 -0.3727 -0.3151 -0.2128 0.2520 0.1064 -0.3472 -0.3523 -0.2771 -0.1236 0.2227 -0.0317 -0.3744 -0.3206 -0.2240 0.2107 0.1230 -0.3237 -0.3571 -0.2848 -0.1482 0.2458 0.0178 -0.3768 -0.3307 -0.2463 0.0512 0.1611 -0.2266 -0.3666 -0.3026 -0.1915 0.2748 0.0875 -0.3594 -0.3500 -0.2761 -0.1277 0.2319 0.0001 -0.3764 -0.3296 -0.2461 0.0400 0.1661 -0.2046 -0.3681 -0.3062 -0.1896
-0.2918 -0.3691 -0.1833 0.1726 0.0127 -0.2503 -0.3315 -0.3768 0.0109 0.2379 -0.1349 -0.2784 -0.3516 -0.3550 0.0928 0.2730 -0.1949 -0.3042 -0.3673 -0.2163 0.1639 0.0417 -0.2472 -0.3309 -0.3768 0.0168 0.2446 -0.1463 -0.2839 -0.3564 -0.3289 0.1193 0.2234 -0.2209 -0.3189 -0.3739 -0.0452 0.2173 -0.1161 -0.2749 -0.3508 -0.3528 0.1008 0.2609 -0.2087 -0.3130 -0.3719 -0.0960 0.1988 -0.0561 -0.2154 -0.0561 0.1988 -0.0960 -0.3719 -0.3130 -0.2087 0.2609 0.1008 -0.3528 -0.3508 -0.2749 -0.1161 0.2173 -0.0452 -0.3739 -0.3189 -0.2209 0.2234 0.1193 -0.3289 -0.3564 -0.2839 -0.1463 0.2446 0.0168 -0.3768 -0.3309 -0.2472 0.0417 0.1639 -0.2163 -0.3673 -0.3042 -0.1949 0.2730 0.0928 -0.3550 -0.3516 -0.2784 -0.1349 0.2379 0.0109 -0.3768 -0.3315 -0.2503 0.0127 0.1726 -0.1833 -0.3691 -0.2918
-0.3567 -0.1611 0.1785 -0.0114 -0.2541 -0.3335 -0.3768 0.0207 0.2438 -0.1416 -0.2807 -0.3532 -0.3496 0.0984 0.2696 -0.1987 -0.3060 -0.3681 -0.2025 0.1679 0.0271 -0.2490 -0.3315 -0.3768 0.0178 0.2446 -0.1456 -0.2834 -0.3559 -0.3324 0.1165 0.2324 -0.2183 -0.3175 -0.3734 -0.0585 0.2123 -0.1084 -0.2728 -0.3492 -0.3575 0.0953 0.2674 -0.2046 -0.3109 -0.3711 -0.1147 0.1955 -0.0732 -0.2603 -0.3128 -0.2603 -0.0732 0.1955 -0.1147 -0.3711 -0.3109 -0.2046 0.2674 0.0953 -0.3575 -0.3492 -0.2728 -0.1084 0.2123 -0.0585 -0.3734 -0.3175 -0.2183 0.2324 0.1165 -0.3324 -0.3559 -0.2834 -0.1456 0.2446 0.0178 -0.3768 -0.3315 -0.2490 0.0271 0.1679 -0.2025 -0.3681 -0.3060 -0.1987 0.2696 0.0984 -0.3496 -0.3532 -0.2807 -0.1416 0.2438 0.0207 -0.3768 -0.3335 -0.2541 -0.0114 0.1785 -0.1611 -0.3567
-0.1531 0.1843 -0.0322 -0.2569 -0.3354 -0.3766 0.0298 0.2495 -0.1479 -0.2830 -0.3548 -0.3432 0.1043 0.2638 -0.2029 -0.3080 -0.3689 -0.1853 0.1726 0.0093 -0.2516 -0.3325 -0.3768 0.0209 0.2458 -0.1463 -0.2834 -0.3558 -0.3341 0.1147 0.2383 -0.2163 -0.3163 -0.3729 -0.0708 0.2079 -0.1010 -0.2709 -0.3478 -0.3615 0.0898 0.2717 -0.2005 -0.3089 -0.3702 -0.1353 0.1904 -0.0653 -0.2631 -0.3417 -0.3824 -0.3417 -0.2631 -0.0653 0.1904 -0.1353 -0.3702 -0.3089 -0.2005 0.2717 0.0898 -0.3615 -0.3478 -0.2709 -0.1010 0.2079 -0.0708 -0.3729 -0.3163 -0.2163 0.2383 0.1147 -0.3341 -0.3558 -0.2834 -0.1463 0.2458 0.0209 -0.3768 -0.3325 -0.2516 0.0093 0.1726 -0.1853 -0.3689 -0.3080 -0.2029 0.2638 0.1043 -0.3432 -0.3548 -0.2830 -0.1479 0.2495 0.0298 -0.3766 -0.3354 -0.2569 -0.0322 0.1843 -0.1531
0.1870 -0.0502 -0.2593 -0.3374 -0.3761 0.0382 0.2550 -0.1538 -0.2853 -0.3563 -0.3358 0.1100 0.2555 -0.2071 -0.3101 -0.3699 -0.1653 0.1776 -0.0096 -0.2543 -0.3338 -0.3768 0.0256 0.2482 -0.1482 -0.2839 -0.3559 -0.3341 0.1141 0.2411 -0.2150 -0.3155 -0.3725 -0.0813 0.2043 -0.0940 -0.2692 -0.3464 -0.3645 0.0846 0.2743 -0.1965 -0.3068 -0.3693 -0.1564 0.1851 -0.0520 -0.2617 -0.3409 -0.3774 -0.1499 -0.3774 -0.3409 -0.2617 -0.0520 0.1851 -0.1564 -0.3693 -0.3068 -0.1965 0.2743 0.0846 -0.3645 -0.3464 -0.2692 -0.0940 0.2043 -0.0813 -0.3725 -0.3155 -0.2150 0.2411 0.1141 -0.3341 -0.3559 -0.2839 -0.1482 0.2482 0.0256 -0.3768 -0.3338 -0.2543 -0.0096 0.1776 -0.1653 -0.3699 -0.3101 -0.2071 0.2555 0.1100 -0.3358 -0.3563 -0.2853 -0.1538 0.2550 0.0382 -0.3761 -0.3374 -0.2593 -0.0502 0.1870
-0.0636 -0.2617 -0.3392 -0.3752 0.0460 0.2600 -0.1594 -0.2876 -0.3578 -0.3274 0.1158 0.2444 -0.2114 -0.3123 -0.3708 -0.1434 0.1830 -0.0287 -0.2566 -0.3353 -0.3766 0.0314 0.2515 -0.1512 -0.2848 -0.3564 -0.3324 0.1147 0.2411 -0.2145 -0.3150 -0.3723 -0.0889 0.2015 -0.0880 -0.2677 -0.3453 -0.3669 0.0799 0.2753 -0.1927 -0.3049 -0.3684 -0.1769 0.1798 -0.0360 -0.2597 -0.3394 -0.3744 0.0422 0.1731 0.0422 -0.3744 -0.3394 -0.2597 -0.0360 0.1798 -0.1769 -0.3684 -0.3049 -0.1927 0.2753 0.0799 -0.3669 -0.3453 -0.2677 -0.0880 0.2015 -0.0889 -0.3723 -0.3150 -0.2145 0.2411 0.1147 -0.3324 -0.3564 -0.2848 -0.1512 0.2515 0.0314 -0.3766 -0.3353 -0.2566 -0.0287 0.1830 -0.1434 -0.3708 -0.3123 -0.2114 0.2444 0.1158 -0.3274 -0.3578 -0.2876 -0.1594 0.2600 0.0460 -0.3752 -0.3392 -0.2617 -0.0636
-0.2463 -0.3411 -0.3739 0.0534 0.2646 -0.1648 -0.2899 -0.3592 -0.3177 0.1216 0.2303 -0.2156 -0.3144 -0.3716 -0.1213 0.1886 -0.0467 -0.2589 -0.3370 -0.3761 0.0379 0.2554 -0.1550 -0.2862 -0.3571 -0.3289 0.1165 0.2383 -0.2150 -0.3150 -0.3722 -0.0931 0.1998 -0.0834 -0.2666 -0.3443 -0.3687 0.0758 0.2754 -0.1893 -0.3031 -0.3675 -0.1961 0.1747 -0.0177 -0.2575 -0.3377 -0.3751 0.0502 0.2574 -0.0063 0.2574 0.0502 -0.3751 -0.3377 -0.2575 -0.0177 0.1747 -0.1961 -0.3675 -0.3031 -0.1893 0.2754 0.0758 -0.3687 -0.3443 -0.2666 -0.0834 0.1998 -0.0931 -0.3722 -0.3150 -0.2150 0.2383 0.1165 -0.3289 -0.3571 -0.2862 -0.1550 0.2554 0.0379 -0.3761 -0.3370 -0.2589 -0.0467 0.1886 -0.1213 -0.3716 -0.3144 -0.2156 0.2303 0.1216 -0.3177 -0.3592 -0.2899 -0.1648 0.2646 0.0534 -0.3739 -0.3411 -0.2463
-0.3273 -0.3723 0.0604 0.2686 -0.1700 -0.2922 -0.3606 -0.3069 0.1274 0.2128 -0.2198 -0.3166 -0.3724 -0.0999 0.1944 -0.0626 -0.2613 -0.3389 -0.3754 0.0448 0.2596 -0.1594 -0.2878 -0.3581 -0.3237 0.1193 0.2324 -0.2163 -0.3155 -0.3723 -0.0931 0.1992 -0.0809 -0.2659 -0.3436 -0.3699 0.0724 0.2750 -0.1863 -0.3015 -0.3667 -0.2130 0.1695 0.0025 -0.2553 -0.3360 -0.3759 0.0464 0.2629 -0.1566 -0.2535 -0.1566 0.2629 0.0464 -0.3759 -0.3360 -0.2553 0.0025 0.1695 -0.2130 -0.3667 -0.3015 -0.1863 0.2750 0.0724 -0.3699 -0.3436 -0.2659 -0.0809 0.1992 -0.0931 -0.3723 -0.3155 -0.2163 0.2324 0.1193 -0.3237 -0.3581 -0.2878 -0.1594 0.2596 0.0448 -0.3754 -0.3389 -0.2613 -0.0626 0.1944 -0.0999 -0.3724 -0.3166 -0.2198 0.2128 0.1274 -0.3069 -0.3606 -0.2922 -0.1700 0.2686 0.0604 -0.3723 -0.3273
-0.3621 0.0672 0.2718 -0.1750 -0.2944 -0.3619 -0.2946 0.1333 0.1917 -0.2240 -0.3187 -0.3732 -0.0797 0.2002 -0.0764 -0.2636 -0.3407 -0.3742 0.0520 0.2638 -0.1640 -0.2897 -0.3592 -0.3168 0.1230 0.2234 -0.2183 -0.3163 -0.3725 -0.0889 0.1998 -0.0809 -0.2656 -0.3432 -0.3706 0.0700 0.2743 -0.1838 -0.3002 -0.3660 -0.2268 0.1645 0.0230 -0.2525 -0.3343 -0.3765 0.0401 0.2605 -0.1630 -0.2871 -0.3384 -0.2871 -0.1630 0.2605 0.0401 -0.3765 -0.3343 -0.2525 0.0230 0.1645 -0.2268 -0.3660 -0.3002 -0.1838 0.2743 0.0700 -0.3706 -0.3432 -0.2656 -0.0809 0.1998 -0.0889 -0.3725 -0.3163 -0.2183 0.2234 0.1230 -0.3168 -0.3592 -0.2897 -0.1640 0.2638 0.0520 -0.3742 -0.3407 -0.2636 -0.0764 0.2002 -0.0797 -0.3732 -0.3187 -0.2240 0.1917 0.1333 -0.2946 -0.3619 -0.2944 -0.1750 0.2718 0.0672 -0.3621
0.0685 0.2741 -0.1799 -0.2967 -0.3632 -0.2809 0.1392 0.1672 -0.2281 -0.3208 -0.3739 -0.0611 0.2061 -0.0885 -0.2660 -0.3426 -0.3726 0.0590 0.2678 -0.1690 -0.2917 -0.3604 -0.3079 0.1274 0.2107 -0.2209 -0.3175 -0.3729 -0.0813 0.2015 -0.0834 -0.2659 -0.3432 -0.3708 0.0687 0.2738 -0.1821 -0.2992 -0.3654 -0.2376 0.1603 0.0423 -0.2493 -0.3328 -0.3768 0.0333 0.2566 -0.1603 -0.2893 -0.3624 -0.3880 -0.3624 -0.2893 -0.1603 0.2566 0.0333 -0.3768 -0.3328 -0.2493 0.0423 0.1603 -0.2376 -0.3654 -0.2992 -0.1821 0.2738 0.0687 -0.3708 -0.3432 -0.2659 -0.0834 0.2015 -0.0813 -0.3729 -0.3175 -0.2209 0.2107 0.1274 -0.3079 -0.3604 -0.2917 -0.1690 0.2678 0.0590 -0.3726 -0.3426 -0.2660 -0.0885 0.2061 -0.0611 -0.3739 -0.3208 -0.2281 0.1672 0.1392 -0.2809 -0.3632 -0.2967 -0.1799 0.2741 0.0685
0.2709 -0.1846 -0.2989 -0.3644 -0.2656 0.1453 0.1396 -0.2323 -0.3229 -0.3745 -0.0443 0.2121 -0.0992 -0.2684 -0.3444 -0.3705 0.0658 0.2712 -0.1740 -0.2939 -0.3616 -0.2970 0.1324 0.1937 -0.2240 -0.3189 -0.3734 -0.0708 0.2043 -0.0880 -0.2666 -0.3436 -0.3706 0.0687 0.2736 -0.1811 -0.2986 -0.3650 -0.2457 0.1571 0.0591 -0.2467 -0.3314 -0.3768 0.0267 0.2524 -0.1561 -0.2881 -0.3597 -0.3290 0.0259 -0.3290 -0.3597 -0.2881 -0.1561 0.2524 0.0267 -0.3768 -0.3314 -0.2467 0.0591 0.1571 -0.2457 -0.3650 -0.2986 -0.1811 0.2736 0.0687 -0.3706 -0.3436 -0.2666 -0.0880 0.2043 -0.0708 -0.3734 -0.3189 -0.2240 0.1937 0.1324 -0.2970 -0.3616 -0.2939 -0.1740 0.2712 0.0658 -0.3705 -0.3444 -0.2684 -0.0992 0.2121 -0.0443 -0.3745 -0.3229 -0.2323 0.1396 0.1453 -0.2656 -0.3644 -0.2989 -0.1846 0.2709
-0.1805 -0.3012 -0.3656 -0.2488 0.1514 0.1097 -0.2365 -0.3249 -0.3752 -0.0291 0.2180 -0.1088 -0.2707 -0.3461 -0.3680 0.0723 0.2737 -0.1788 -0.2962 -0.3629 -0.2841 0.1379 0.1721 -0.2275 -0.3206 -0.3739 -0.0585 0.2079 -0.0940 -0.2677 -0.3443 -0.3699 0.0700 0.2738 -0.1811 -0.2983 -0.3647 -0.2507 0.1547 0.0725 -0.2445 -0.3303 -0.3768 0.0205 0.2485 -0.1518 -0.2865 -0.3584 -0.3195 0.1123 0.2402 0.1123 -0.3195 -0.3584 -0.2865 -0.1518 0.2485 0.0205 -0.3768 -0.3303 -0.2445 0.0725 0.1547 -0.2507 -0.3647 -0.2983 -0.1811 0.2738 0.0700 -0.3699 -0.3443 -0.2677 -0.0940 0.2079 -0.0585 -0.3739 -0.3206 -0.2275 0.1721 0.1379 -0.2841 -0.3629 -0.2962 -0.1788 0.2737 0.0723 -0.3680 -0.3461 -0.2707 -0.1088 0.2180 -0.0291 -0.3752 -0.3249 -0.2365 0.1097 0.1514 -0.2488 -0.3656 -0.3012 -0.1805
-0.2866 -0.3667 -0.2304 0.1577 0.0788 -0.2406 -0.3270 -0.3758 -0.0155 0.2241 -0.1175 -0.2731 -0.3478 -0.3648 0.0786 0.2752 -0.1836 -0.2984 -0.3642 -0.2694 0.1438 0.1463 -0.2314 -0.3225 -0.3744 -0.0452 0.2123 -0.1010 -0.2692 -0.3453 -0.3687 0.0724 0.2743 -0.1821 -0.2986 -0.3647 -0.2524 0.1535 0.0812 -0.2430 -0.3294 -0.3767 0.0150 0.2449 -0.1478 -0.2849 -0.3573 -0.3234 0.1204 0.2496 -0.1462 0.2496 0.1204 -0.3234 -0.3573 -0.2849 -0.1478 0.2449 0.0150 -0.3767 -0.3294 -0.2430 0.0812 0.1535 -0.2524 -0.3647 -0.2986 -0.1821 0.2743 0.0724 -0.3687 -0.3453 -0.2692 -0.1010 0.2123 -0.0452 -0.3744 -0.3225 -0.2314 0.1463 0.1438 -0.2694 -0.3642 -0.2984 -0.1836 0.2752 0.0786 -0.3648 -0.3478 -0.2731 -0.1175 0.2241 -0.0155 -0.3758 -0.3270 -0.2406 0.0788 0.1577 -0.2304 -0.3667 -0.2866
-0.3541 -0.2106 0.1642 0.0485 -0.2448 -0.3290 -0.3763 -0.0032 0.2301 -0.1255 -0.2754 -0.3495 -0.3611 0.0847 0.2754 -0.1882 -0.3006 -0.3653 -0.2531 0.1499 0.1174 -0.2354 -0.3244 -0.3750 -0.0317 0.2173 -0.1084 -0.2709 -0.3464 -0.3669 0.0758 0.2750 -0.1838 -0.2992 -0.3650 -0.2507 0.1535 0.0842 -0.2422 -0.3289 -0.3766 0.0106 0.2420 -0.1443 -0.2835 -0.3563 -0.3290 0.1190 0.2302 -0.2114 -0.2817 -0.2114 0.2302 0.1190 -0.3290 -0.3563 -0.2835 -0.1443 0.2420 0.0106 -0.3766 -0.3289 -0.2422 0.0842 0.1535 -0.2507 -0.3650 -0.2992 -0.1838 0.2750 0.0758 -0.3669 -0.3464 -0.2709 -0.1084 0.2173 -0.0317 -0.3750 -0.3244 -0.2354 0.1174 0.1499 -0.2531 -0.3653 -0.3006 -0.1882 0.2754 0.0847 -0.3611 -0.3495 -0.2754 -0.1255 0.2301 -0.0032 -0.3763 -0.3290 -0.2448 0.0485 0.1642 -0.2106 -0.3541
-0.2018 0.1709 0.0204 -0.2491 -0.3310 -0.3767 0.0079 0.2362 -0.1328 -0.2777 -0.3512 -0.3566 0.0907 0.2741 -0.1927 -0.3028 -0.3664 -0.2352 0.1561 0.0869 -0.2395 -0.3264 -0.3756 -0.0187 0.2227 -0.1161 -0.2728 -0.3478 -0.3645 0.0799 0.2754 -0.1863 -0.3002 -0.3654 -0.2457 0.1547 0.0812 -0.2422 -0.3287 -0.3765 0.0078 0.2399 -0.1416 -0.2824 -0.3555 -0.3340 0.1158 0.2344 -0.2165 -0.3139 -0.3623 -0.3139 -0.2165 0.2344 0.1158 -0.3340 -0.3555 -0.2824 -0.1416 0.2399 0.0078 -0.3765 -0.3287 -0.2422 0.0812 0.1547 -0.2457 -0.3654 -0.3002 -0.1863 0.2754 0.0799 -0.3645 -0.3478 -0.2728 -0.1161 0.2227 -0.0187 -0.3756 -0.3264 -0.2395 0.0869 0.1561 -0.2352 -0.3664 -0.3028 -0.1927 0.2741 0.0907 -0.3566 -0.3512 -0.2777 -0.1328 0.2362 0.0079 -0.3767 -0.3310 -0.2491 0.0204 0.1709 -0.2018
0.1738 -0.0047 -0.2531 -0.3329 -0.3768 0.0180 0.2421 -0.1397 -0.2800 -0.3528 -0.3513 0.0966 0.2710 -0.1971 -0.3050 -0.3675 -0.2158 0.1625 0.0566 -0.2437 -0.3284 -0.3762 -0.0066 0.2285 -0.1236 -0.2749 -0.3492 -0.3615 0.0846 0.2753 -0.1893 -0.3015 -0.3660 -0.2376 0.1571 0.0725 -0.2430 -0.3289 -0.3765 0.0068 0.2388 -0.1398 -0.2815 -0.3548 -0.3378 0.1128 0.2416 -0.2153 -0.3155 -0.3770 -0.3492 -0.3770 -0.3155 -0.2153 0.2416 0.1128 -0.3378 -0.3548 -0.2815 -0.1398 0.2388 0.0068 -0.3765 -0.3289 -0.2430 0.0725 0.1571 -0.2376 -0.3660 -0.3015 -0.1893 0.2753 0.0846 -0.3615 -0.3492 -0.2749 -0.1236 0.2285 -0.0066 -0.3762 -0.3284 -0.2437 0.0566 0.1625 -0.2158 -0.3675 -0.3050 -0.1971 0.2710 0.0966 -0.3513 -0.3528 -0.2800 -0.1397 0.2421 0.0180 -0.3768 -0.3329 -0.2531 -0.0047 0.1738
-0.0257 -0.2563 -0.3349 -0.3767 0.0272 0.2479 -0.1460 -0.2823 -0.3543 -0.3452 0.1025 0.2659 -0.2014 -0.3072 -0.3686 -0.1951 0.1690 0.0279 -0.2479 -0.3304 -0.3766 0.0046 0.2344 -0.1308 -0.2771 -0.3508 -0.3575 0.0898 0.2743 -0.1927 -0.3031 -0.3667 -0.2268 0.1603 0.0591 -0.2445 -0.3294 -0.3766 0.0078 0.2388 -0.1392 -0.2811 -0.3544 -0.3404 0.1104 0.2474 -0.2134 -0.3148 -0.3727 -0.1336 0.1019 -0.1336 -0.3727 -0.3148 -0.2134 0.2474 0.1104 -0.3404 -0.3544 -0.2811 -0.1392 0.2388 0.0078 -0.3766 -0.3294 -0.2445 0.0591 0.1603 -0.2268 -0.3667 -0.3031 -0.1927 0.2743 0.0898 -0.3575 -0.3508 -0.2771 -0.1308 0.2344 0.0046 -0.3766 -0.3304 -0.2479 0.0279 0.1690 -0.1951 -0.3686 -0.3072 -0.2014 0.2659 0.1025 -0.3452 -0.3543 -0.2823 -0.1460 0.2479 0.0272 -0.3767 -0.3349 -0.2563 -0.0257
-0.2407 -0.3368 -0.3763 0.0358 0.2534 -0.1521 -0.2846 -0.3559 -0.3382 0.1082 0.2585 -0.2057 -0.3094 -0.3695 -0.1736 0.1752 0.0020 -0.2521 -0.3324 -0.3768 0.0149 0.2403 -0.1376 -0.2793 -0.3523 -0.3528 0.0953 0.2717 -0.1965 -0.3049 -0.3675 -0.2130 0.1645 0.0423 -0.2467 -0.3303 -0.3767 0.0106 0.2399 -0.1398 -0.2811 -0.3542 -0.3417 0.1089 0.2512 -0.2117 -0.3139 -0.3721 -0.1048 0.1808 0.2638 0.1808 -0.1048 -0.3721 -0.3139 -0.2117 0.2512 0.1089 -0.3417 -0.3542 -0.2811 -0.1398 0.2399 0.0106 -0.3767 -0.3303 -0.2467 0.0423 0.1645 -0.2130 -0.3675 -0.3049 -0.1965 0.2717 0.0953 -0.3528 -0.3523 -0.2793 -0.1376 0.2403 0.0149 -0.3768 -0.3324 -0.2521 0.0020 0.1752 -0.1736 -0.3695 -0.3094 -0.2057 0.2585 0.1082 -0.3382 -0.3559 -0.2846 -0.1521 0.2534 0.0358 -0.3763 -0.3368 -0.2407
-0.3229 -0.3755 0.0437 0.2586 -0.1578 -0.2869 -0.3574 -0.3301 0.1140 0.2484 -0.2100 -0.3116 -0.3704 -0.1515 0.1809 -0.0206 -0.2555 -0.3343 -0.3768 0.0244 0.2461 -0.1440 -0.2816 -0.3538 -0.3472 0.1008 0.2674 -0.2005 -0.3068 -0.3684 -0.1961 0.1695 0.0230 -0.2493 -0.3314 -0.3768 0.0150 0.2420 -0.1416 -0.2815 -0.3544 -0.3417 0.1084 0.2531 -0.2106 -0.3132 -0.3717 -0.1062 0.1945 -0.0401 -0.2115 -0.0401 0.1945 -0.1062 -0.3717 -0.3132 -0.2106 0.2531 0.1084 -0.3417 -0.3544 -0.2815 -0.1416 0.2420 0.0150 -0.3768 -0.3314 -0.2493 0.0230 0.1695 -0.1961 -0.3684 -0.3068 -0.2005 0.2674 0.1008 -0.3472 -0.3538 -0.2816 -0.1440 0.2461 0.0244 -0.3768 -0.3343 -0.2555 -0.0206 0.1809 -0.1515 -0.3704 -0.3116 -0.2100 0.2484 0.1140 -0.3301 -0.3574 -0.2869 -0.1578 0.2586 0.0437 -0.3755 -0.3229
-0.3651 0.0513 0.2633 -0.1633 -0.2892 -0.3588 -0.3210 0.1197 0.2353 -0.2142 -0.3137 -0.3713 -0.1292 0.1865 -0.0400 -0.2579 -0.3362 -0.3764 0.0331 0.2516 -0.1501 -0.2839 -0.3554 -0.3406 0.1064 0.2609 -0.2046 -0.3089 -0.3693 -0.1769 0.1747 0.0025 -0.2525 -0.3328 -0.3768 0.0205 0.2449 -0.1443 -0.2824 -0.3548 -0.3404 0.1089 0.2531 -0.2103 -0.3129 -0.3715 -0.1112 0.1946 -0.0671 -0.2586 -0.3109 -0.2586 -0.0671 0.1946 -0.1112 -0.3715 -0.3129 -0.2103 0.2531 0.1089 -0.3404 -0.3548 -0.2824 -0.1443 0.2449 0.0205 -0.3768 -0.3328 -0.2525 0.0025 0.1747 -0.1769 -0.3693 -0.3089 -0.2046 0.2609 0.1064 -0.3406 -0.3554 -0.2839 -0.1501 0.2516 0.0331 -0.3764 -0.3362 -0.2579 -0.0400 0.1865 -0.1292 -0.3713 -0.3137 -0.2142 0.2353 0.1197 -0.3210 -0.3588 -0.2892 -0.1633 0.2633 0.0513 -0.3651
0.0526 0.2675 -0.1685 -0.2915 -0.3602 -0.3106 0.1255 0.2191 -0.2183 -0.3158 -0.3721 -0.1077 0.1922 -0.0567 -0.2603 -0.3381 -0.3758 0.0412 0.2569 -0.1559 -0.2861 -0.3568 -0.3330 0.1120 0.2520 -0.2087 -0.3109 -0.3702 -0.1564 0.1798 -0.0177 -0.2553 -0.3343 -0.3768 0.0267 0.2485 -0.1478 -0.2835 -0.3555 -0.3378 0.1104 0.2512 -0.2106 -0.3129 -0.3714 -0.1146 0.1936 -0.0683 -0.2628 -0.3409 -0.3817 -0.3409 -0.2628 -0.0683 0.1936 -0.1146 -0.3714 -0.3129 -0.2106 0.2512 0.1104 -0.3378 -0.3555 -0.2835 -0.1478 0.2485 0.0267 -0.3768 -0.3343 -0.2553 -0.0177 0.1798 -0.1564 -0.3702 -0.3109 -0.2087 0.2520 0.1120 -0.3330 -0.3568 -0.2861 -0.1559 0.2569 0.0412 -0.3758 -0.3381 -0.2603 -0.0567 0.1922 -0.1077 -0.3721 -0.3158 -0.2183 0.2191 0.1255 -0.3106 -0.3602 -0.2915 -0.1685 0.2675 0.0526
0.2669 -0.1735 -0.2937 -0.3615 -0.2989 0.1312 0.1996 -0.2225 -0.3179 -0.3729 -0.0873 0.1980 -0.0712 -0.2627 -0.3400 -0.3748 0.0488 0.2618 -0.1614 -0.2884 -0.3583 -0.3243 0.1177 0.2402 -0.2128 -0.3130 -0.3711 -0.1353 0.1851 -0.0360 -0.2575 -0.3360 -0.3765 0.0333 0.2524 -0.1518 -0.2849 -0.3563 -0.3340 0.1128 0.2474 -0.2117 -0.3132 -0.3715 -0.1146 0.1932 -0.0671 -0.2632 -0.3414 -0.3775 -0.1536 -0.3775 -0.3414 -0.2632 -0.0671 0.1932 -0.1146 -0.3715 -0.3132 -0.2117 0.2474 0.1128 -0.3340 -0.3563 -0.2849 -0.1518 0.2524 0.0333 -0.3765 -0.3360 -0.2575 -0.0360 0.1851 -0.1353 -0.3711 -0.3130 -0.2128 0.2402 0.1177 -0.3243 -0.3583 -0.2884 -0.1614 0.2618 0.0488 -0.3748 -0.3400 -0.2627 -0.0712 0.1980 -0.0873 -0.3729 -0.3179 -0.2225 0.1996 0.1312 -0.2989 -0.3615 -0.2937 -0.1735 0.2669
-0.1706 -0.2959 -0.3628 -0.2859 0.1370 0.1769 -0.2265 -0.3200 -0.3736 -0.0685 0.2037 -0.0837 -0.2650 -0.3418 -0.3734 0.0559 0.2661 -0.1666 -0.2906 -0.3597 -0.3145 0.1233 0.2255 -0.2168 -0.3151 -0.3719 -0.1147 0.1904 -0.0520 -0.2597 -0.3377 -0.3759 0.0401 0.2566 -0.1561 -0.2865 -0.3573 -0.3290 0.1158 0.2416 -0.2134 -0.3139 -0.3717 -0.1112 0.1936 -0.0671 -0.2631 -0.3413 -0.3735 0.0448 0.1743 0.0448 -0.3735 -0.3413 -0.2631 -0.0671 0.1936 -0.1112 -0.3717 -0.3139 -0.2134 0.2416 0.1158 -0.3290 -0.3573 -0.2865 -0.1561 0.2566 0.0401 -0.3759 -0.3377 -0.2597 -0.0520 0.1904 -0.1147 -0.3719 -0.3151 -0.2168 0.2255 0.1233 -0.3145 -0.3597 -0.2906 -0.1666 0.2661 0.0559 -0.3734 -0.3418 -0.2650 -0.0837 0.2037 -0.0685 -0.3736 -0.3200 -0.2265 0.1769 0.1370 -0.2859 -0.3628 -0.2959 -0.1706
-0.2811 -0.3641 -0.2726 0.1423 0.1530 -0.2303 -0.3219 -0.3743 -0.0525 0.2090 -0.0938 -0.2671 -0.3435 -0.3717 0.0621 0.2695 -0.1713 -0.2927 -0.3611 -0.3043 0.1285 0.2089 -0.2206 -0.3170 -0.3727 -0.0960 0.1955 -0.0653 -0.2617 -0.3394 -0.3751 0.0464 0.2605 -0.1603 -0.2881 -0.3584 -0.3234 0.1190 0.2344 -0.2153 -0.3148 -0.3721 -0.1062 0.1946 -0.0683 -0.2632 -0.3413 -0.3732 0.0574 0.2607 -0.0181 0.2607 0.0574 -0.3732 -0.3413 -0.2632 -0.0683 0.1946 -0.1062 -0.3721 -0.3148 -0.2153 0.2344 0.1190 -0.3234 -0.3584 -0.2881 -0.1603 0.2605 0.0464 -0.3751 -0.3394 -0.2617 -0.0653 0.1955 -0.0960 -0.3727 -0.3170 -0.2206 0.2089 0.1285 -0.3043 -0.3611 -0.2927 -0.1713 0.2695 0.0621 -0.3717 -0.3435 -0.2671 -0.0938 0.2090 -0.0525 -0.3743 -0.3219 -0.2303 0.1530 0.1423 -0.2726 -0.3641 -0.2811
-0.3514 -0.2634 0.1451 0.1368 -0.2330 -0.3235 -0.3750 -0.0429 0.2125 -0.0998 -0.2685 -0.3451 -0.3703 0.0658 0.2714 -0.1743 -0.2942 -0.3626 -0.2970 0.1314 0.1969 -0.2232 -0.3186 -0.3736 -0.0843 0.1988 -0.0732 -0.2631 -0.3409 -0.3744 0.0502 0.2629 -0.1630 -0.2893 -0.3597 -0.3195 0.1204 0.2302 -0.2165 -0.3155 -0.3727 -0.1048 0.1945 -0.0671 -0.2628 -0.3414 -0.3735 0.0574 0.2676 -0.1608 -0.2549 -0.1608 0.2676 0.0574 -0.3735 -0.3414 -0.2628 -0.0671 0.1945 -0.1048 -0.3727 -0.3155 -0.2165 0.2302 0.1204 -0.3195 -0.3597 -0.2893 -0.1630 0.2629 0.0502 -0.3744 -0.3409 -0.2631 -0.0732 0.1988 -0.0843 -0.3736 -0.3186 -0.2232 0.1969 0.1314 -0.2970 -0.3626 -0.2942 -0.1743 0.2714 0.0658 -0.3703 -0.3451 -0.2685 -0.0998 0.2125 -0.0429 -0.3750 -0.3235 -0.2330 0.1368 0.1451 -0.2634 -0.3514
-0.2835 0.1366 0.1704 -0.2292 -0.3230 -0.3796 -0.0588 0.2015 -0.0874 -0.2659 -0.3463 -0.3733 0.0587 0.2677 -0.1688 -0.2923 -0.3658 -0.3079 0.1237 0.2210 -0.2194 -0.3178 -0.3783 -0.1036 0.1876 -0.0561 -0.2603 -0.3417 -0.3774 0.0422 0.2574 -0.1566 -0.2871 -0.3624 -0.3290 0.1123 0.2496 -0.2114 -0.3139 -0.3770 -0.1336 0.1808 -0.0401 -0.2586 -0.3409 -0.3775 0.0448 0.2607 -0.1608 -0.2858 -0.3392 -0.2858 -0.1608 0.2607 0.0448 -0.3775 -0.3409 -0.2586 -0.0401 0.1808 -0.1336 -0.3770 -0.3139 -0.2114 0.2496 0.1123 -0.3290 -0.3624 -0.2871 -0.1566 0.2574 0.0422 -0.3774 -0.3417 -0.2603 -0.0561 0.1876 -0.1036 -0.3783 -0.3178 -0.2194 0.2210 0.1237 -0.3079 -0.3658 -0.2923 -0.1688 0.2677 0.0587 -0.3733 -0.3463 -0.2659 -0.0874 0.2015 -0.0588 -0.3796 -0.3230 -0.2292 0.1704 0.1366 -0.2835
0.0556 0.2631 -0.1734 -0.2919 -0.3697 -0.3109 0.1223 0.2247 -0.2235 -0.3183 -0.3848 -0.0993 0.1863 -0.0518 -0.2591 -0.3433 -0.3860 0.0431 0.2517 -0.1594 -0.2863 -0.3656 -0.3356 0.1097 0.2542 -0.2154 -0.3128 -0.3824 -0.1499 0.1731 -0.0063 -0.2535 -0.3384 -0.3880 0.0259 0.2402 -0.1462 -0.2817 -0.3623 -0.3492 0.1019 0.2638 -0.2115 -0.3109 -0.3817 -0.1536 0.1743 -0.0181 -0.2549 -0.3392 -0.3890 -0.3392 -0.2549 -0.0181 0.1743 -0.1536 -0.3817 -0.3109 -0.2115 0.2638 0.1019 -0.3492 -0.3623 -0.2817 -0.1462 0.2402 0.0259 -0.3880 -0.3384 -0.2535 -0.0063 0.1731 -0.1499 -0.3824 -0.3128 -0.2154 0.2542 0.1097 -0.3356 -0.3656 -0.2863 -0.1594 0.2517 0.0431 -0.3860 -0.3433 -0.2591 -0.0518 0.1863 -0.0993 -0.3848 -0.3183 -0.2235 0.2247 0.1223 -0.3109 -0.3697 -0.2919 -0.1734 0.2631 0.0556
