0.5121 0.3559 0.1491 0.1624 0.2509 0.4519 0.4756 0.1976 0.1463 0.1928 0.3296 0.5130 0.3739 0.1509 0.1596 0.2425 0.4369 0.4841 0.2150 0.1457 0.1877 0.3173 0.5116 0.3916 0.1533 0.1570 0.2345 0.4217 0.4915 0.2354 0.1453 0.1830 0.3056 0.5084 0.4080 0.1563 0.1547 0.2270 0.4064 0.4978 0.2576 0.1453 0.1785 0.2943 0.5029 0.4233 0.1601 0.1524 0.2178 0.3739 0.5030 0.3739 0.2178 0.1524 0.1601 0.4233 0.5029 0.2943 0.1785 0.1453 0.2576 0.4978 0.4064 0.2270 0.1547 0.1563 0.4080 0.5084 0.3056 0.1830 0.1453 0.2354 0.4915 0.4217 0.2345 0.1570 0.1533 0.3916 0.5116 0.3173 0.1877 0.1457 0.2150 0.4841 0.4369 0.2425 0.1596 0.1509 0.3739 0.5130 0.3296 0.1928 0.1463 0.1976 0.4756 0.4519 0.2509 0.1624 0.1491 0.3559 0.5121
0.3559 0.1411 0.1560 0.2468 0.4511 0.4778 0.1976 0.1383 0.1870 0.3262 0.5141 0.3785 0.1436 0.1527 0.2377 0.4353 0.4863 0.2173 0.1376 0.1818 0.3137 0.5125 0.3959 0.1462 0.1500 0.2296 0.4198 0.4935 0.2390 0.1372 0.1769 0.3018 0.5090 0.4119 0.1496 0.1475 0.2219 0.4042 0.4997 0.2621 0.1371 0.1723 0.2904 0.5033 0.4268 0.1539 0.1452 0.2141 0.3848 0.5082 0.4256 0.5082 0.3848 0.2141 0.1452 0.1539 0.4268 0.5033 0.2904 0.1723 0.1371 0.2621 0.4997 0.4042 0.2219 0.1475 0.1496 0.4119 0.5090 0.3018 0.1769 0.1372 0.2390 0.4935 0.4198 0.2296 0.1500 0.1462 0.3959 0.5125 0.3137 0.1818 0.1376 0.2173 0.4863 0.4353 0.2377 0.1527 0.1436 0.3785 0.5141 0.3262 0.1870 0.1383 0.1976 0.4778 0.4511 0.2468 0.1560 0.1411 0.3559
0.1491 0.1560 0.2454 0.4471 0.4807 0.2044 0.1380 0.1848 0.3208 0.5136 0.3862 0.1447 0.1514 0.2340 0.4284 0.4896 0.2266 0.1374 0.1796 0.3084 0.5112 0.4031 0.1476 0.1488 0.2262 0.4129 0.4963 0.2491 0.1371 0.1749 0.2967 0.5068 0.4186 0.1513 0.1465 0.2186 0.3975 0.5020 0.2723 0.1372 0.1704 0.2856 0.4999 0.4328 0.1561 0.1443 0.2114 0.3812 0.5075 0.3224 0.1536 0.3224 0.5075 0.3812 0.2114 0.1443 0.1561 0.4328 0.4999 0.2856 0.1704 0.1372 0.2723 0.5020 0.3975 0.2186 0.1465 0.1513 0.4186 0.5068 0.2967 0.1749 0.1371 0.2491 0.4963 0.4129 0.2262 0.1488 0.1476 0.4031 0.5112 0.3084 0.1796 0.1374 0.2266 0.4896 0.4284 0.2340 0.1514 0.1447 0.3862 0.5136 0.3208 0.1848 0.1380 0.2044 0.4807 0.4471 0.2454 0.1560 0.1491
0.1624 0.2468 0.4471 0.4817 0.2088 0.1378 0.1831 0.3161 0.5129 0.3933 0.1458 0.1503 0.2305 0.4216 0.4926 0.2363 0.1372 0.1775 0.3032 0.5095 0.4100 0.1491 0.1478 0.2228 0.4062 0.4989 0.2592 0.1371 0.1729 0.2918 0.5041 0.4249 0.1532 0.1455 0.2155 0.3908 0.5042 0.2825 0.1374 0.1686 0.2809 0.4961 0.4387 0.1585 0.1434 0.2085 0.3753 0.5086 0.3113 0.1383 0.1413 0.1383 0.3113 0.5086 0.3753 0.2085 0.1434 0.1585 0.4387 0.4961 0.2809 0.1686 0.1374 0.2825 0.5042 0.3908 0.2155 0.1455 0.1532 0.4249 0.5041 0.2918 0.1729 0.1371 0.2592 0.4989 0.4062 0.2228 0.1478 0.1491 0.4100 0.5095 0.3032 0.1775 0.1372 0.2363 0.4926 0.4216 0.2305 0.1503 0.1458 0.3933 0.5129 0.3161 0.1831 0.1378 0.2088 0.4817 0.4471 0.2468 0.1624
0.2509 0.4511 0.4807 0.2088 0.1377 0.1821 0.3129 0.5121 0.3993 0.1470 0.1492 0.2273 0.4150 0.4955 0.2462 0.1371 0.1755 0.2982 0.5074 0.4167 0.1508 0.1468 0.2196 0.3994 0.5013 0.2693 0.1372 0.1710 0.2870 0.5009 0.4311 0.1554 0.1446 0.2124 0.3842 0.5061 0.2925 0.1376 0.1668 0.2764 0.4918 0.4443 0.1613 0.1426 0.2056 0.3691 0.5100 0.3168 0.1385 0.1575 0.2024 0.1575 0.1385 0.3168 0.5100 0.3691 0.2056 0.1426 0.1613 0.4443 0.4918 0.2764 0.1668 0.1376 0.2925 0.5061 0.3842 0.2124 0.1446 0.1554 0.4311 0.5009 0.2870 0.1710 0.1372 0.2693 0.5013 0.3994 0.2196 0.1468 0.1508 0.4167 0.5074 0.2982 0.1755 0.1371 0.2462 0.4955 0.4150 0.2273 0.1492 0.1470 0.3993 0.5121 0.3129 0.1821 0.1377 0.2088 0.4807 0.4511 0.2509
0.4519 0.4778 0.2044 0.1378 0.1821 0.3117 0.5116 0.4033 0.1480 0.1484 0.2244 0.4089 0.4980 0.2559 0.1371 0.1735 0.2932 0.5049 0.4231 0.1527 0.1458 0.2164 0.3928 0.5036 0.2795 0.1373 0.1692 0.2823 0.4973 0.4370 0.1578 0.1437 0.2094 0.3777 0.5079 0.3025 0.1379 0.1651 0.2719 0.4871 0.4496 0.1645 0.1419 0.2028 0.3628 0.5112 0.3254 0.1389 0.1602 0.2500 0.3627 0.2500 0.1602 0.1389 0.3254 0.5112 0.3628 0.2028 0.1419 0.1645 0.4496 0.4871 0.2719 0.1651 0.1379 0.3025 0.5079 0.3777 0.2094 0.1437 0.1578 0.4370 0.4973 0.2823 0.1692 0.1373 0.2795 0.5036 0.3928 0.2164 0.1458 0.1527 0.4231 0.5049 0.2932 0.1735 0.1371 0.2559 0.4980 0.4089 0.2244 0.1484 0.1480 0.4033 0.5116 0.3117 0.1821 0.1378 0.2044 0.4778 0.4519
0.4756 0.1976 0.1380 0.1831 0.3129 0.5116 0.4047 0.1486 0.1479 0.2223 0.4039 0.5001 0.2648 0.1372 0.1716 0.2885 0.5019 0.4293 0.1547 0.1449 0.2133 0.3861 0.5056 0.2896 0.1375 0.1674 0.2777 0.4931 0.4426 0.1604 0.1429 0.2065 0.3712 0.5095 0.3122 0.1383 0.1635 0.2675 0.4819 0.4548 0.1681 0.1412 0.2001 0.3566 0.5123 0.3345 0.1394 0.1595 0.2552 0.4519 0.5101 0.4519 0.2552 0.1595 0.1394 0.3345 0.5123 0.3566 0.2001 0.1412 0.1681 0.4548 0.4819 0.2675 0.1635 0.1383 0.3122 0.5095 0.3712 0.2065 0.1429 0.1604 0.4426 0.4931 0.2777 0.1674 0.1375 0.2896 0.5056 0.3861 0.2133 0.1449 0.1547 0.4293 0.5019 0.2885 0.1716 0.1372 0.2648 0.5001 0.4039 0.2223 0.1479 0.1486 0.4047 0.5116 0.3129 0.1831 0.1380 0.1976 0.4756
0.1976 0.1383 0.1848 0.3161 0.5121 0.4033 0.1486 0.1477 0.2211 0.4005 0.5015 0.2721 0.1373 0.1700 0.2842 0.4986 0.4351 0.1570 0.1440 0.2103 0.3796 0.5074 0.2995 0.1378 0.1656 0.2732 0.4885 0.4481 0.1635 0.1421 0.2037 0.3649 0.5108 0.3218 0.1387 0.1618 0.2632 0.4764 0.4597 0.1723 0.1405 0.1974 0.3505 0.5131 0.3435 0.1401 0.1582 0.2529 0.4586 0.4799 0.3438 0.4799 0.4586 0.2529 0.1582 0.1401 0.3435 0.5131 0.3505 0.1974 0.1405 0.1723 0.4597 0.4764 0.2632 0.1618 0.1387 0.3218 0.5108 0.3649 0.2037 0.1421 0.1635 0.4481 0.4885 0.2732 0.1656 0.1378 0.2995 0.5074 0.3796 0.2103 0.1440 0.1570 0.4351 0.4986 0.2842 0.1700 0.1373 0.2721 0.5015 0.4005 0.2211 0.1477 0.1486 0.4033 0.5121 0.3161 0.1848 0.1383 0.1976
0.1463 0.1870 0.3208 0.5129 0.3993 0.1480 0.1479 0.2211 0.3993 0.5023 0.2768 0.1373 0.1688 0.2806 0.4953 0.4402 0.1594 0.1432 0.2074 0.3731 0.5090 0.3093 0.1382 0.1639 0.2688 0.4835 0.4533 0.1670 0.1414 0.2009 0.3586 0.5120 0.3312 0.1392 0.1603 0.2590 0.4706 0.4644 0.1771 0.1399 0.1948 0.3446 0.5138 0.3522 0.1408 0.1568 0.2494 0.4550 0.4768 0.2132 0.1380 0.2132 0.4768 0.4550 0.2494 0.1568 0.1408 0.3522 0.5138 0.3446 0.1948 0.1399 0.1771 0.4644 0.4706 0.2590 0.1603 0.1392 0.3312 0.5120 0.3586 0.2009 0.1414 0.1670 0.4533 0.4835 0.2688 0.1639 0.1382 0.3093 0.5090 0.3731 0.2074 0.1432 0.1594 0.4402 0.4953 0.2806 0.1688 0.1373 0.2768 0.5023 0.3993 0.2211 0.1479 0.1480 0.3993 0.5129 0.3208 0.1870 0.1463
0.1928 0.3262 0.5136 0.3933 0.1470 0.1484 0.2223 0.4005 0.5023 0.2786 0.1374 0.1680 0.2781 0.4925 0.4443 0.1617 0.1425 0.2048 0.3670 0.5104 0.3189 0.1386 0.1623 0.2645 0.4781 0.4583 0.1710 0.1407 0.1982 0.3525 0.5129 0.3403 0.1398 0.1588 0.2549 0.4646 0.4689 0.1827 0.1393 0.1923 0.3387 0.5141 0.3607 0.1415 0.1555 0.2456 0.4492 0.4791 0.2036 0.1364 0.1528 0.1364 0.2036 0.4791 0.4492 0.2456 0.1555 0.1415 0.3607 0.5141 0.3387 0.1923 0.1393 0.1827 0.4689 0.4646 0.2549 0.1588 0.1398 0.3403 0.5129 0.3525 0.1982 0.1407 0.1710 0.4583 0.4781 0.2645 0.1623 0.1386 0.3189 0.5104 0.3670 0.2048 0.1425 0.1617 0.4443 0.4925 0.2781 0.1680 0.1374 0.2786 0.5023 0.4005 0.2223 0.1484 0.1470 0.3933 0.5136 0.3262 0.1928
0.3296 0.5141 0.3862 0.1458 0.1492 0.2244 0.4039 0.5015 0.2768 0.1374 0.1677 0.2767 0.4906 0.4472 0.1638 0.1419 0.2026 0.3617 0.5115 0.3279 0.1391 0.1608 0.2603 0.4724 0.4631 0.1756 0.1400 0.1956 0.3465 0.5136 0.3492 0.1405 0.1573 0.2509 0.4583 0.4731 0.1890 0.1388 0.1899 0.3330 0.5143 0.3690 0.1424 0.1541 0.2418 0.4427 0.4825 0.2085 0.1375 0.1771 0.2389 0.1771 0.1375 0.2085 0.4825 0.4427 0.2418 0.1541 0.1424 0.3690 0.5143 0.3330 0.1899 0.1388 0.1890 0.4731 0.4583 0.2509 0.1573 0.1405 0.3492 0.5136 0.3465 0.1956 0.1400 0.1756 0.4631 0.4724 0.2603 0.1608 0.1391 0.3279 0.5115 0.3617 0.2026 0.1419 0.1638 0.4472 0.4906 0.2767 0.1677 0.1374 0.2768 0.5015 0.4039 0.2244 0.1492 0.1458 0.3862 0.5141 0.3296
0.5130 0.3785 0.1447 0.1503 0.2273 0.4089 0.5001 0.2721 0.1373 0.1680 0.2767 0.4899 0.4488 0.1651 0.1416 0.2009 0.3573 0.5123 0.3356 0.1396 0.1594 0.2563 0.4665 0.4676 0.1809 0.1395 0.1931 0.3405 0.5141 0.3579 0.1413 0.1559 0.2470 0.4518 0.4772 0.1962 0.1384 0.1875 0.3273 0.5141 0.3771 0.1434 0.1529 0.2382 0.4361 0.4859 0.2166 0.1375 0.1805 0.3002 0.4369 0.3002 0.1805 0.1375 0.2166 0.4859 0.4361 0.2382 0.1529 0.1434 0.3771 0.5141 0.3273 0.1875 0.1384 0.1962 0.4772 0.4518 0.2470 0.1559 0.1413 0.3579 0.5141 0.3405 0.1931 0.1395 0.1809 0.4676 0.4665 0.2563 0.1594 0.1396 0.3356 0.5123 0.3573 0.2009 0.1416 0.1651 0.4488 0.4899 0.2767 0.1680 0.1373 0.2721 0.5001 0.4089 0.2273 0.1503 0.1447 0.3785 0.5130
0.3739 0.1436 0.1514 0.2305 0.4150 0.4980 0.2648 0.1373 0.1688 0.2781 0.4906 0.4488 0.1656 0.1414 0.1998 0.3542 0.5129 0.3418 0.1400 0.1581 0.2528 0.4608 0.4717 0.1870 0.1389 0.1906 0.3347 0.5143 0.3663 0.1421 0.1546 0.2432 0.4453 0.4810 0.2042 0.1380 0.1851 0.3218 0.5137 0.3848 0.1444 0.1516 0.2346 0.4294 0.4892 0.2256 0.1374 0.1795 0.3059 0.5053 0.4868 0.5053 0.3059 0.1795 0.1374 0.2256 0.4892 0.4294 0.2346 0.1516 0.1444 0.3848 0.5137 0.3218 0.1851 0.1380 0.2042 0.4810 0.4453 0.2432 0.1546 0.1421 0.3663 0.5143 0.3347 0.1906 0.1389 0.1870 0.4717 0.4608 0.2528 0.1581 0.1400 0.3418 0.5129 0.3542 0.1998 0.1414 0.1656 0.4488 0.4906 0.2781 0.1688 0.1373 0.2648 0.4980 0.4150 0.2305 0.1514 0.1436 0.3739
0.1509 0.1527 0.2340 0.4216 0.4955 0.2559 0.1372 0.1700 0.2806 0.4925 0.4472 0.1651 0.1414 0.1995 0.3526 0.5132 0.3462 0.1404 0.1572 0.2498 0.4556 0.4753 0.1932 0.1385 0.1883 0.3291 0.5142 0.3745 0.1430 0.1533 0.2395 0.4386 0.4846 0.2128 0.1377 0.1829 0.3163 0.5130 0.3924 0.1456 0.1505 0.2311 0.4226 0.4923 0.2351 0.1372 0.1776 0.3030 0.5084 0.4265 0.2359 0.4265 0.5084 0.3030 0.1776 0.1372 0.2351 0.4923 0.4226 0.2311 0.1505 0.1456 0.3924 0.5130 0.3163 0.1829 0.1377 0.2128 0.4846 0.4386 0.2395 0.1533 0.1430 0.3745 0.5142 0.3291 0.1883 0.1385 0.1932 0.4753 0.4556 0.2498 0.1572 0.1404 0.3462 0.5132 0.3526 0.1995 0.1414 0.1651 0.4472 0.4925 0.2806 0.1700 0.1372 0.2559 0.4955 0.4216 0.2340 0.1527 0.1509
0.1596 0.2377 0.4284 0.4926 0.2462 0.1371 0.1716 0.2842 0.4953 0.4443 0.1638 0.1416 0.1998 0.3526 0.5133 0.3485 0.1407 0.1565 0.2476 0.4514 0.4781 0.1992 0.1382 0.1862 0.3239 0.5139 0.3823 0.1441 0.1521 0.2359 0.4318 0.4879 0.2219 0.1374 0.1807 0.3110 0.5119 0.3996 0.1469 0.1493 0.2276 0.4159 0.4951 0.2450 0.1371 0.1756 0.2985 0.5073 0.4197 0.1553 0.1352 0.1553 0.4197 0.5073 0.2985 0.1756 0.1371 0.2450 0.4951 0.4159 0.2276 0.1493 0.1469 0.3996 0.5119 0.3110 0.1807 0.1374 0.2219 0.4879 0.4318 0.2359 0.1521 0.1441 0.3823 0.5139 0.3239 0.1862 0.1382 0.1992 0.4781 0.4514 0.2476 0.1565 0.1407 0.3485 0.5133 0.3526 0.1998 0.1416 0.1638 0.4443 0.4953 0.2842 0.1716 0.1371 0.2462 0.4926 0.4284 0.2377 0.1596
0.2425 0.4353 0.4896 0.2363 0.1371 0.1735 0.2885 0.4986 0.4402 0.1617 0.1419 0.2009 0.3542 0.5132 0.3485 0.1408 0.1562 0.2462 0.4483 0.4803 0.2044 0.1379 0.1844 0.3193 0.5133 0.3893 0.1452 0.1509 0.2323 0.4251 0.4911 0.2314 0.1373 0.1785 0.3058 0.5104 0.4066 0.1484 0.1483 0.2243 0.4091 0.4978 0.2550 0.1371 0.1737 0.2936 0.5050 0.4234 0.1535 0.1424 0.1706 0.1424 0.1535 0.4234 0.5050 0.2936 0.1737 0.1371 0.2550 0.4978 0.4091 0.2243 0.1483 0.1484 0.4066 0.5104 0.3058 0.1785 0.1373 0.2314 0.4911 0.4251 0.2323 0.1509 0.1452 0.3893 0.5133 0.3193 0.1844 0.1379 0.2044 0.4803 0.4483 0.2462 0.1562 0.1408 0.3485 0.5132 0.3542 0.2009 0.1419 0.1617 0.4402 0.4986 0.2885 0.1735 0.1371 0.2363 0.4896 0.4353 0.2425
0.4369 0.4863 0.2266 0.1372 0.1755 0.2932 0.5019 0.4351 0.1594 0.1425 0.2026 0.3573 0.5129 0.3462 0.1407 0.1562 0.2457 0.4467 0.4816 0.2082 0.1378 0.1829 0.3154 0.5127 0.3954 0.1463 0.1498 0.2290 0.4184 0.4941 0.2412 0.1372 0.1765 0.3007 0.5085 0.4134 0.1500 0.1472 0.2211 0.4024 0.5003 0.2651 0.1372 0.1717 0.2888 0.5021 0.4291 0.1548 0.1442 0.2043 0.2869 0.2043 0.1442 0.1548 0.4291 0.5021 0.2888 0.1717 0.1372 0.2651 0.5003 0.4024 0.2211 0.1472 0.1500 0.4134 0.5085 0.3007 0.1765 0.1372 0.2412 0.4941 0.4184 0.2290 0.1498 0.1463 0.3954 0.5127 0.3154 0.1829 0.1378 0.2082 0.4816 0.4467 0.2457 0.1562 0.1407 0.3462 0.5129 0.3573 0.2026 0.1425 0.1594 0.4351 0.5019 0.2932 0.1755 0.1372 0.2266 0.4863 0.4369
0.4841 0.2173 0.1374 0.1775 0.2982 0.5049 0.4293 0.1570 0.1432 0.2048 0.3617 0.5123 0.3418 0.1404 0.1565 0.2462 0.4467 0.4820 0.2103 0.1377 0.1819 0.3125 0.5119 0.4005 0.1473 0.1489 0.2261 0.4122 0.4967 0.2509 0.1371 0.1745 0.2957 0.5062 0.4199 0.1517 0.1462 0.2179 0.3958 0.5026 0.2752 0.1373 0.1699 0.2841 0.4987 0.4349 0.1569 0.1439 0.2086 0.3633 0.4985 0.3633 0.2086 0.1439 0.1569 0.4349 0.4987 0.2841 0.1699 0.1373 0.2752 0.5026 0.3958 0.2179 0.1462 0.1517 0.4199 0.5062 0.2957 0.1745 0.1371 0.2509 0.4967 0.4122 0.2261 0.1489 0.1473 0.4005 0.5119 0.3125 0.1819 0.1377 0.2103 0.4820 0.4467 0.2462 0.1565 0.1404 0.3418 0.5123 0.3617 0.2048 0.1432 0.1570 0.4293 0.5049 0.2982 0.1775 0.1374 0.2173 0.4841
0.2150 0.1376 0.1796 0.3032 0.5074 0.4231 0.1547 0.1440 0.2074 0.3670 0.5115 0.3356 0.1400 0.1572 0.2476 0.4483 0.4816 0.2103 0.1376 0.1814 0.3108 0.5114 0.4043 0.1482 0.1482 0.2236 0.4068 0.4989 0.2601 0.1371 0.1726 0.2909 0.5035 0.4263 0.1537 0.1453 0.2148 0.3892 0.5047 0.2852 0.1375 0.1681 0.2795 0.4947 0.4406 0.1595 0.1431 0.2071 0.3698 0.5110 0.4393 0.5110 0.3698 0.2071 0.1431 0.1595 0.4406 0.4947 0.2795 0.1681 0.1375 0.2852 0.5047 0.3892 0.2148 0.1453 0.1537 0.4263 0.5035 0.2909 0.1726 0.1371 0.2601 0.4989 0.4068 0.2236 0.1482 0.1482 0.4043 0.5114 0.3108 0.1814 0.1376 0.2103 0.4816 0.4483 0.2476 0.1572 0.1400 0.3356 0.5115 0.3670 0.2074 0.1440 0.1547 0.4231 0.5074 0.3032 0.1796 0.1376 0.2150
0.1457 0.1818 0.3084 0.5095 0.4167 0.1527 0.1449 0.2103 0.3731 0.5104 0.3279 0.1396 0.1581 0.2498 0.4514 0.4803 0.2082 0.1377 0.1814 0.3101 0.5110 0.4066 0.1489 0.1476 0.2216 0.4022 0.5008 0.2682 0.1372 0.1709 0.2864 0.5003 0.4322 0.1559 0.1444 0.2117 0.3826 0.5066 0.2952 0.1377 0.1663 0.2750 0.4903 0.4461 0.1624 0.1424 0.2046 0.3662 0.5108 0.3437 0.1602 0.3437 0.5108 0.3662 0.2046 0.1424 0.1624 0.4461 0.4903 0.2750 0.1663 0.1377 0.2952 0.5066 0.3826 0.2117 0.1444 0.1559 0.4322 0.5003 0.2864 0.1709 0.1372 0.2682 0.5008 0.4022 0.2216 0.1476 0.1489 0.4066 0.5110 0.3101 0.1814 0.1377 0.2082 0.4803 0.4514 0.2498 0.1581 0.1396 0.3279 0.5104 0.3731 0.2103 0.1449 0.1527 0.4167 0.5095 0.3084 0.1818 0.1457
0.1877 0.3137 0.5112 0.4100 0.1508 0.1458 0.2133 0.3796 0.5090 0.3189 0.1391 0.1594 0.2528 0.4556 0.4781 0.2044 0.1378 0.1819 0.3108 0.5110 0.4074 0.1493 0.1473 0.2202 0.3987 0.5021 0.2749 0.1373 0.1694 0.2825 0.4971 0.4376 0.1582 0.1436 0.2088 0.3762 0.5083 0.3050 0.1380 0.1646 0.2706 0.4855 0.4513 0.1656 0.1416 0.2019 0.3605 0.5117 0.3333 0.1398 0.1396 0.1398 0.3333 0.5117 0.3605 0.2019 0.1416 0.1656 0.4513 0.4855 0.2706 0.1646 0.1380 0.3050 0.5083 0.3762 0.2088 0.1436 0.1582 0.4376 0.4971 0.2825 0.1694 0.1373 0.2749 0.5021 0.3987 0.2202 0.1473 0.1493 0.4074 0.5110 0.3108 0.1819 0.1378 0.2044 0.4781 0.4556 0.2528 0.1594 0.1391 0.3189 0.5090 0.3796 0.2133 0.1458 0.1508 0.4100 0.5112 0.3137 0.1877
0.3173 0.5125 0.4031 0.1491 0.1468 0.2164 0.3861 0.5074 0.3093 0.1386 0.1608 0.2563 0.4608 0.4753 0.1992 0.1379 0.1829 0.3125 0.5114 0.4066 0.1493 0.1472 0.2195 0.3965 0.5031 0.2801 0.1374 0.1682 0.2791 0.4939 0.4423 0.1605 0.1428 0.2061 0.3700 0.5098 0.3145 0.1384 0.1630 0.2662 0.4803 0.4564 0.1694 0.1409 0.1992 0.3545 0.5126 0.3386 0.1398 0.1542 0.1960 0.1542 0.1398 0.3386 0.5126 0.3545 0.1992 0.1409 0.1694 0.4564 0.4803 0.2662 0.1630 0.1384 0.3145 0.5098 0.3700 0.2061 0.1428 0.1605 0.4423 0.4939 0.2791 0.1682 0.1374 0.2801 0.5031 0.3965 0.2195 0.1472 0.1493 0.4066 0.5114 0.3125 0.1829 0.1379 0.1992 0.4753 0.4608 0.2563 0.1608 0.1386 0.3093 0.5074 0.3861 0.2164 0.1468 0.1491 0.4031 0.5125 0.3173
0.5116 0.3959 0.1476 0.1478 0.2196 0.3928 0.5056 0.2995 0.1382 0.1623 0.2603 0.4665 0.4717 0.1932 0.1382 0.1844 0.3154 0.5119 0.4043 0.1489 0.1473 0.2195 0.3958 0.5035 0.2834 0.1375 0.1673 0.2764 0.4909 0.4463 0.1629 0.1422 0.2037 0.3643 0.5110 0.3236 0.1388 0.1615 0.2621 0.4748 0.4612 0.1737 0.1403 0.1965 0.3485 0.5134 0.3467 0.1403 0.1568 0.2410 0.3481 0.2410 0.1568 0.1403 0.3467 0.5134 0.3485 0.1965 0.1403 0.1737 0.4612 0.4748 0.2621 0.1615 0.1388 0.3236 0.5110 0.3643 0.2037 0.1422 0.1629 0.4463 0.4909 0.2764 0.1673 0.1375 0.2834 0.5035 0.3958 0.2195 0.1473 0.1489 0.4043 0.5119 0.3154 0.1844 0.1382 0.1932 0.4717 0.4665 0.2603 0.1623 0.1382 0.2995 0.5056 0.3928 0.2196 0.1478 0.1476 0.3959 0.5116
0.3916 0.1462 0.1488 0.2228 0.3994 0.5036 0.2896 0.1378 0.1639 0.2645 0.4724 0.4676 0.1870 0.1385 0.1862 0.3193 0.5127 0.4005 0.1482 0.1476 0.2202 0.3965 0.5035 0.2845 0.1375 0.1667 0.2745 0.4886 0.4494 0.1650 0.1416 0.2015 0.3592 0.5120 0.3320 0.1393 0.1600 0.2581 0.4692 0.4657 0.1786 0.1397 0.1940 0.3426 0.5139 0.3552 0.1410 0.1562 0.2460 0.4366 0.5119 0.4366 0.2460 0.1562 0.1410 0.3552 0.5139 0.3426 0.1940 0.1397 0.1786 0.4657 0.4692 0.2581 0.1600 0.1393 0.3320 0.5120 0.3592 0.2015 0.1416 0.1650 0.4494 0.4886 0.2745 0.1667 0.1375 0.2845 0.5035 0.3965 0.2202 0.1476 0.1482 0.4005 0.5127 0.3193 0.1862 0.1385 0.1870 0.4676 0.4724 0.2645 0.1639 0.1378 0.2896 0.5036 0.3994 0.2228 0.1488 0.1462 0.3916
0.1533 0.1500 0.2262 0.4062 0.5013 0.2795 0.1375 0.1656 0.2688 0.4781 0.4631 0.1809 0.1389 0.1883 0.3239 0.5133 0.3954 0.1473 0.1482 0.2216 0.3987 0.5031 0.2834 0.1375 0.1666 0.2736 0.4870 0.4515 0.1668 0.1412 0.1998 0.3549 0.5127 0.3394 0.1398 0.1587 0.2544 0.4635 0.4698 0.1841 0.1392 0.1916 0.3369 0.5142 0.3635 0.1418 0.1550 0.2439 0.4436 0.4877 0.3635 0.4877 0.4436 0.2439 0.1550 0.1418 0.3635 0.5142 0.3369 0.1916 0.1392 0.1841 0.4698 0.4635 0.2544 0.1587 0.1398 0.3394 0.5127 0.3549 0.1998 0.1412 0.1668 0.4515 0.4870 0.2736 0.1666 0.1375 0.2834 0.5031 0.3987 0.2216 0.1482 0.1473 0.3954 0.5133 0.3239 0.1883 0.1389 0.1809 0.4631 0.4781 0.2688 0.1656 0.1375 0.2795 0.5013 0.4062 0.2262 0.1500 0.1533
0.1570 0.2296 0.4129 0.4989 0.2693 0.1373 0.1674 0.2732 0.4835 0.4583 0.1756 0.1395 0.1906 0.3291 0.5139 0.3893 0.1463 0.1489 0.2236 0.4022 0.5021 0.2801 0.1375 0.1667 0.2736 0.4865 0.4526 0.1680 0.1410 0.1985 0.3514 0.5132 0.3456 0.1403 0.1575 0.2510 0.4579 0.4737 0.1903 0.1387 0.1893 0.3315 0.5143 0.3714 0.1427 0.1537 0.2406 0.4398 0.4852 0.2349 0.1399 0.2349 0.4852 0.4398 0.2406 0.1537 0.1427 0.3714 0.5143 0.3315 0.1893 0.1387 0.1903 0.4737 0.4579 0.2510 0.1575 0.1403 0.3456 0.5132 0.3514 0.1985 0.1410 0.1680 0.4526 0.4865 0.2736 0.1667 0.1375 0.2801 0.5021 0.4022 0.2236 0.1489 0.1463 0.3893 0.5139 0.3291 0.1906 0.1395 0.1756 0.4583 0.4835 0.2732 0.1674 0.1373 0.2693 0.4989 0.4129 0.2296 0.1570
0.2345 0.4198 0.4963 0.2592 0.1372 0.1692 0.2777 0.4885 0.4533 0.1710 0.1400 0.1931 0.3347 0.5142 0.3823 0.1452 0.1498 0.2261 0.4068 0.5008 0.2749 0.1374 0.1673 0.2745 0.4870 0.4526 0.1684 0.1408 0.1977 0.3490 0.5135 0.3505 0.1408 0.1566 0.2481 0.4528 0.4770 0.1966 0.1383 0.1871 0.3261 0.5141 0.3790 0.1436 0.1525 0.2371 0.4339 0.4873 0.2240 0.1361 0.1500 0.1361 0.2240 0.4873 0.4339 0.2371 0.1525 0.1436 0.3790 0.5141 0.3261 0.1871 0.1383 0.1966 0.4770 0.4528 0.2481 0.1566 0.1408 0.3505 0.5135 0.3490 0.1977 0.1408 0.1684 0.4526 0.4870 0.2745 0.1673 0.1374 0.2749 0.5008 0.4068 0.2261 0.1498 0.1452 0.3823 0.5142 0.3347 0.1931 0.1400 0.1710 0.4533 0.4885 0.2777 0.1692 0.1372 0.2592 0.4963 0.4198 0.2345
0.4217 0.4935 0.2491 0.1371 0.1710 0.2823 0.4931 0.4481 0.1670 0.1407 0.1956 0.3405 0.5143 0.3745 0.1441 0.1509 0.2290 0.4122 0.4989 0.2682 0.1373 0.1682 0.2764 0.4886 0.4515 0.1680 0.1408 0.1974 0.3477 0.5137 0.3540 0.1411 0.1558 0.2457 0.4483 0.4798 0.2028 0.1380 0.1851 0.3212 0.5136 0.3863 0.1447 0.1514 0.2337 0.4275 0.4901 0.2295 0.1370 0.1724 0.2305 0.1724 0.1370 0.2295 0.4901 0.4275 0.2337 0.1514 0.1447 0.3863 0.5136 0.3212 0.1851 0.1380 0.2028 0.4798 0.4483 0.2457 0.1558 0.1411 0.3540 0.5137 0.3477 0.1974 0.1408 0.1680 0.4515 0.4886 0.2764 0.1682 0.1373 0.2682 0.4989 0.4122 0.2290 0.1509 0.1441 0.3745 0.5143 0.3405 0.1956 0.1407 0.1670 0.4481 0.4931 0.2823 0.1710 0.1371 0.2491 0.4935 0.4217
0.4915 0.2390 0.1371 0.1729 0.2870 0.4973 0.4426 0.1635 0.1414 0.1982 0.3465 0.5141 0.3663 0.1430 0.1521 0.2323 0.4184 0.4967 0.2601 0.1372 0.1694 0.2791 0.4909 0.4494 0.1668 0.1410 0.1977 0.3477 0.5138 0.3559 0.1414 0.1553 0.2439 0.4447 0.4821 0.2085 0.1378 0.1833 0.3167 0.5129 0.3930 0.1458 0.1503 0.2304 0.4212 0.4930 0.2380 0.1371 0.1757 0.2888 0.4214 0.2888 0.1757 0.1371 0.2380 0.4930 0.4212 0.2304 0.1503 0.1458 0.3930 0.5129 0.3167 0.1833 0.1378 0.2085 0.4821 0.4447 0.2439 0.1553 0.1414 0.3559 0.5138 0.3477 0.1977 0.1410 0.1668 0.4494 0.4909 0.2791 0.1694 0.1372 0.2601 0.4967 0.4184 0.2323 0.1521 0.1430 0.3663 0.5141 0.3465 0.1982 0.1414 0.1635 0.4426 0.4973 0.2870 0.1729 0.1371 0.2390 0.4915
0.2354 0.1372 0.1749 0.2918 0.5009 0.4370 0.1604 0.1421 0.2009 0.3525 0.5136 0.3579 0.1421 0.1533 0.2359 0.4251 0.4941 0.2509 0.1371 0.1709 0.2825 0.4939 0.4463 0.1650 0.1412 0.1985 0.3490 0.5137 0.3559 0.1415 0.1550 0.2428 0.4421 0.4838 0.2132 0.1376 0.1818 0.3129 0.5121 0.3989 0.1469 0.1493 0.2273 0.4149 0.4957 0.2472 0.1371 0.1748 0.2945 0.4985 0.4935 0.4985 0.2945 0.1748 0.1371 0.2472 0.4957 0.4149 0.2273 0.1493 0.1469 0.3989 0.5121 0.3129 0.1818 0.1376 0.2132 0.4838 0.4421 0.2428 0.1550 0.1415 0.3559 0.5137 0.3490 0.1985 0.1412 0.1650 0.4463 0.4939 0.2825 0.1709 0.1371 0.2509 0.4941 0.4251 0.2359 0.1533 0.1421 0.3579 0.5136 0.3525 0.2009 0.1421 0.1604 0.4370 0.5009 0.2918 0.1749 0.1372 0.2354
0.1453 0.1769 0.2967 0.5041 0.4311 0.1578 0.1429 0.2037 0.3586 0.5129 0.3492 0.1413 0.1546 0.2395 0.4318 0.4911 0.2412 0.1371 0.1726 0.2864 0.4971 0.4423 0.1629 0.1416 0.1998 0.3514 0.5135 0.3540 0.1414 0.1550 0.2424 0.4407 0.4849 0.2167 0.1375 0.1806 0.3097 0.5113 0.4040 0.1480 0.1484 0.2244 0.4088 0.4981 0.2564 0.1371 0.1732 0.2920 0.5026 0.4396 0.2588 0.4396 0.5026 0.2920 0.1732 0.1371 0.2564 0.4981 0.4088 0.2244 0.1484 0.1480 0.4040 0.5113 0.3097 0.1806 0.1375 0.2167 0.4849 0.4407 0.2424 0.1550 0.1414 0.3540 0.5135 0.3514 0.1998 0.1416 0.1629 0.4423 0.4971 0.2864 0.1726 0.1371 0.2412 0.4911 0.4318 0.2395 0.1546 0.1413 0.3492 0.5129 0.3586 0.2037 0.1429 0.1578 0.4311 0.5041 0.2967 0.1769 0.1453
0.1830 0.3018 0.5068 0.4249 0.1554 0.1437 0.2065 0.3649 0.5120 0.3403 0.1405 0.1559 0.2432 0.4386 0.4879 0.2314 0.1372 0.1745 0.2909 0.5003 0.4376 0.1605 0.1422 0.2015 0.3549 0.5132 0.3505 0.1411 0.1553 0.2428 0.4407 0.4852 0.2185 0.1374 0.1798 0.3073 0.5104 0.4081 0.1490 0.1476 0.2219 0.4034 0.5002 0.2653 0.1372 0.1715 0.2879 0.5011 0.4334 0.1613 0.1351 0.1613 0.4334 0.5011 0.2879 0.1715 0.1372 0.2653 0.5002 0.4034 0.2219 0.1476 0.1490 0.4081 0.5104 0.3073 0.1798 0.1374 0.2185 0.4852 0.4407 0.2428 0.1553 0.1411 0.3505 0.5132 0.3549 0.2015 0.1422 0.1605 0.4376 0.5003 0.2909 0.1745 0.1372 0.2314 0.4879 0.4386 0.2432 0.1559 0.1405 0.3403 0.5120 0.3649 0.2065 0.1437 0.1554 0.4249 0.5068 0.3018 0.1830
0.3056 0.5090 0.4186 0.1532 0.1446 0.2094 0.3712 0.5108 0.3312 0.1398 0.1573 0.2470 0.4453 0.4846 0.2219 0.1373 0.1765 0.2957 0.5035 0.4322 0.1582 0.1428 0.2037 0.3592 0.5127 0.3456 0.1408 0.1558 0.2439 0.4421 0.4849 0.2185 0.1374 0.1794 0.3057 0.5098 0.4113 0.1499 0.1470 0.2198 0.3987 0.5020 0.2734 0.1373 0.1699 0.2838 0.4982 0.4364 0.1585 0.1407 0.1665 0.1407 0.1585 0.4364 0.4982 0.2838 0.1699 0.1373 0.2734 0.5020 0.3987 0.2198 0.1470 0.1499 0.4113 0.5098 0.3057 0.1794 0.1374 0.2185 0.4849 0.4421 0.2439 0.1558 0.1408 0.3456 0.5127 0.3592 0.2037 0.1428 0.1582 0.4322 0.5035 0.2957 0.1765 0.1373 0.2219 0.4846 0.4453 0.2470 0.1573 0.1398 0.3312 0.5108 0.3712 0.2094 0.1446 0.1532 0.4186 0.5090 0.3056
0.5084 0.4119 0.1513 0.1455 0.2124 0.3777 0.5095 0.3218 0.1392 0.1588 0.2509 0.4518 0.4810 0.2128 0.1374 0.1785 0.3007 0.5062 0.4263 0.1559 0.1436 0.2061 0.3643 0.5120 0.3394 0.1403 0.1566 0.2457 0.4447 0.4838 0.2167 0.1374 0.1794 0.3052 0.5094 0.4132 0.1505 0.1466 0.2182 0.3948 0.5034 0.2804 0.1374 0.1685 0.2800 0.4949 0.4409 0.1600 0.1424 0.1983 0.2764 0.1983 0.1424 0.1600 0.4409 0.4949 0.2800 0.1685 0.1374 0.2804 0.5034 0.3948 0.2182 0.1466 0.1505 0.4132 0.5094 0.3052 0.1794 0.1374 0.2167 0.4838 0.4447 0.2457 0.1566 0.1403 0.3394 0.5120 0.3643 0.2061 0.1436 0.1559 0.4263 0.5062 0.3007 0.1785 0.1374 0.2128 0.4810 0.4518 0.2509 0.1588 0.1392 0.3218 0.5095 0.3777 0.2124 0.1455 0.1513 0.4119 0.5084
0.4080 0.1496 0.1465 0.2155 0.3842 0.5079 0.3122 0.1387 0.1603 0.2549 0.4583 0.4772 0.2042 0.1377 0.1807 0.3058 0.5085 0.4199 0.1537 0.1444 0.2088 0.3700 0.5110 0.3320 0.1398 0.1575 0.2481 0.4483 0.4821 0.2132 0.1375 0.1798 0.3057 0.5094 0.4139 0.1509 0.1463 0.2170 0.3919 0.5044 0.2862 0.1375 0.1673 0.2767 0.4915 0.4453 0.1622 0.1422 0.2027 0.3503 0.4899 0.3503 0.2027 0.1422 0.1622 0.4453 0.4915 0.2767 0.1673 0.1375 0.2862 0.5044 0.3919 0.2170 0.1463 0.1509 0.4139 0.5094 0.3057 0.1798 0.1375 0.2132 0.4821 0.4483 0.2481 0.1575 0.1398 0.3320 0.5110 0.3700 0.2088 0.1444 0.1537 0.4199 0.5085 0.3058 0.1807 0.1377 0.2042 0.4772 0.4583 0.2549 0.1603 0.1387 0.3122 0.5079 0.3842 0.2155 0.1465 0.1496 0.4080
0.1563 0.1475 0.2186 0.3908 0.5061 0.3025 0.1383 0.1618 0.2590 0.4646 0.4731 0.1962 0.1380 0.1829 0.3110 0.5104 0.4134 0.1517 0.1453 0.2117 0.3762 0.5098 0.3236 0.1393 0.1587 0.2510 0.4528 0.4798 0.2085 0.1376 0.1806 0.3073 0.5098 0.4132 0.1509 0.1462 0.2164 0.3900 0.5052 0.2906 0.1376 0.1663 0.2739 0.4884 0.4491 0.1646 0.1417 0.2017 0.3573 0.5125 0.4503 0.5125 0.3573 0.2017 0.1417 0.1646 0.4491 0.4884 0.2739 0.1663 0.1376 0.2906 0.5052 0.3900 0.2164 0.1462 0.1509 0.4132 0.5098 0.3073 0.1806 0.1376 0.2085 0.4798 0.4528 0.2510 0.1587 0.1393 0.3236 0.5098 0.3762 0.2117 0.1453 0.1517 0.4134 0.5104 0.3110 0.1829 0.1380 0.1962 0.4731 0.4646 0.2590 0.1618 0.1383 0.3025 0.5061 0.3908 0.2186 0.1475 0.1563
0.1547 0.2219 0.3975 0.5042 0.2925 0.1379 0.1635 0.2632 0.4706 0.4689 0.1890 0.1384 0.1851 0.3163 0.5119 0.4066 0.1500 0.1462 0.2148 0.3826 0.5083 0.3145 0.1388 0.1600 0.2544 0.4579 0.4770 0.2028 0.1378 0.1818 0.3097 0.5104 0.4113 0.1505 0.1463 0.2164 0.3893 0.5055 0.2934 0.1377 0.1655 0.2716 0.4856 0.4524 0.1670 0.1413 0.2000 0.3550 0.5127 0.3608 0.1677 0.3608 0.5127 0.3550 0.2000 0.1413 0.1670 0.4524 0.4856 0.2716 0.1655 0.1377 0.2934 0.5055 0.3893 0.2164 0.1463 0.1505 0.4113 0.5104 0.3097 0.1818 0.1378 0.2028 0.4770 0.4579 0.2544 0.1600 0.1388 0.3145 0.5083 0.3826 0.2148 0.1462 0.1500 0.4066 0.5119 0.3163 0.1851 0.1384 0.1890 0.4689 0.4706 0.2632 0.1635 0.1379 0.2925 0.5042 0.3975 0.2219 0.1547
0.2270 0.4042 0.5020 0.2825 0.1376 0.1651 0.2675 0.4764 0.4644 0.1827 0.1388 0.1875 0.3218 0.5130 0.3996 0.1484 0.1472 0.2179 0.3892 0.5066 0.3050 0.1384 0.1615 0.2581 0.4635 0.4737 0.1966 0.1380 0.1833 0.3129 0.5113 0.4081 0.1499 0.1466 0.2170 0.3900 0.5055 0.2944 0.1378 0.1650 0.2701 0.4833 0.4549 0.1692 0.1408 0.1983 0.3513 0.5132 0.3492 0.1414 0.1384 0.1414 0.3492 0.5132 0.3513 0.1983 0.1408 0.1692 0.4549 0.4833 0.2701 0.1650 0.1378 0.2944 0.5055 0.3900 0.2170 0.1466 0.1499 0.4081 0.5113 0.3129 0.1833 0.1380 0.1966 0.4737 0.4635 0.2581 0.1615 0.1384 0.3050 0.5066 0.3892 0.2179 0.1472 0.1484 0.3996 0.5130 0.3218 0.1875 0.1388 0.1827 0.4644 0.4764 0.2675 0.1651 0.1376 0.2825 0.5020 0.4042 0.2270
0.4064 0.4997 0.2723 0.1374 0.1668 0.2719 0.4819 0.4597 0.1771 0.1393 0.1899 0.3273 0.5137 0.3924 0.1469 0.1483 0.2211 0.3958 0.5047 0.2952 0.1380 0.1630 0.2621 0.4692 0.4698 0.1903 0.1383 0.1851 0.3167 0.5121 0.4040 0.1490 0.1470 0.2182 0.3919 0.5052 0.2934 0.1378 0.1649 0.2692 0.4818 0.4567 0.1710 0.1405 0.1968 0.3478 0.5136 0.3516 0.1409 0.1520 0.1914 0.1520 0.1409 0.3516 0.5136 0.3478 0.1968 0.1405 0.1710 0.4567 0.4818 0.2692 0.1649 0.1378 0.2934 0.5052 0.3919 0.2182 0.1470 0.1490 0.4040 0.5121 0.3167 0.1851 0.1383 0.1903 0.4698 0.4692 0.2621 0.1630 0.1380 0.2952 0.5047 0.3958 0.2211 0.1483 0.1469 0.3924 0.5137 0.3273 0.1899 0.1393 0.1771 0.4597 0.4819 0.2719 0.1668 0.1374 0.2723 0.4997 0.4064
0.4978 0.2621 0.1372 0.1686 0.2764 0.4871 0.4548 0.1723 0.1399 0.1923 0.3330 0.5141 0.3848 0.1456 0.1493 0.2243 0.4024 0.5026 0.2852 0.1377 0.1646 0.2662 0.4748 0.4657 0.1841 0.1387 0.1871 0.3212 0.5129 0.3989 0.1480 0.1476 0.2198 0.3948 0.5044 0.2906 0.1377 0.1650 0.2692 0.4813 0.4576 0.1722 0.1403 0.1957 0.3449 0.5139 0.3560 0.1413 0.1548 0.2351 0.3382 0.2351 0.1548 0.1413 0.3560 0.5139 0.3449 0.1957 0.1403 0.1722 0.4576 0.4813 0.2692 0.1650 0.1377 0.2906 0.5044 0.3948 0.2198 0.1476 0.1480 0.3989 0.5129 0.3212 0.1871 0.1387 0.1841 0.4657 0.4748 0.2662 0.1646 0.1377 0.2852 0.5026 0.4024 0.2243 0.1493 0.1456 0.3848 0.5141 0.3330 0.1923 0.1399 0.1723 0.4548 0.4871 0.2764 0.1686 0.1372 0.2621 0.4978
0.2576 0.1371 0.1704 0.2809 0.4918 0.4496 0.1681 0.1405 0.1948 0.3387 0.5143 0.3771 0.1444 0.1505 0.2276 0.4091 0.5003 0.2752 0.1375 0.1663 0.2706 0.4803 0.4612 0.1786 0.1392 0.1893 0.3261 0.5136 0.3930 0.1469 0.1484 0.2219 0.3987 0.5034 0.2862 0.1376 0.1655 0.2701 0.4818 0.4576 0.1726 0.1402 0.1950 0.3428 0.5140 0.3600 0.1417 0.1547 0.2413 0.4272 0.5124 0.4272 0.2413 0.1547 0.1417 0.3600 0.5140 0.3428 0.1950 0.1402 0.1726 0.4576 0.4818 0.2701 0.1655 0.1376 0.2862 0.5034 0.3987 0.2219 0.1484 0.1469 0.3930 0.5136 0.3261 0.1893 0.1392 0.1786 0.4612 0.4803 0.2706 0.1663 0.1375 0.2752 0.5003 0.4091 0.2276 0.1505 0.1444 0.3771 0.5143 0.3387 0.1948 0.1405 0.1681 0.4496 0.4918 0.2809 0.1704 0.1371 0.2576
0.1453 0.1723 0.2856 0.4961 0.4443 0.1645 0.1412 0.1974 0.3446 0.5141 0.3690 0.1434 0.1516 0.2311 0.4159 0.4978 0.2651 0.1373 0.1681 0.2750 0.4855 0.4564 0.1737 0.1397 0.1916 0.3315 0.5141 0.3863 0.1458 0.1493 0.2244 0.4034 0.5020 0.2804 0.1375 0.1663 0.2716 0.4833 0.4567 0.1722 0.1402 0.1948 0.3417 0.5141 0.3628 0.1420 0.1543 0.2410 0.4369 0.4914 0.3738 0.4914 0.4369 0.2410 0.1543 0.1420 0.3628 0.5141 0.3417 0.1948 0.1402 0.1722 0.4567 0.4833 0.2716 0.1663 0.1375 0.2804 0.5020 0.4034 0.2244 0.1493 0.1458 0.3863 0.5141 0.3315 0.1916 0.1397 0.1737 0.4564 0.4855 0.2750 0.1681 0.1373 0.2651 0.4978 0.4159 0.2311 0.1516 0.1434 0.3690 0.5141 0.3446 0.1974 0.1412 0.1645 0.4443 0.4961 0.2856 0.1723 0.1453
0.1785 0.2904 0.4999 0.4387 0.1613 0.1419 0.2001 0.3505 0.5138 0.3607 0.1424 0.1529 0.2346 0.4226 0.4951 0.2550 0.1372 0.1699 0.2795 0.4903 0.4513 0.1694 0.1403 0.1940 0.3369 0.5143 0.3790 0.1447 0.1503 0.2273 0.4088 0.5002 0.2734 0.1374 0.1673 0.2739 0.4856 0.4549 0.1710 0.1403 0.1950 0.3417 0.5141 0.3644 0.1423 0.1539 0.2398 0.4365 0.4877 0.2443 0.1410 0.2443 0.4877 0.4365 0.2398 0.1539 0.1423 0.3644 0.5141 0.3417 0.1950 0.1403 0.1710 0.4549 0.4856 0.2739 0.1673 0.1374 0.2734 0.5002 0.4088 0.2273 0.1503 0.1447 0.3790 0.5143 0.3369 0.1940 0.1403 0.1694 0.4513 0.4903 0.2795 0.1699 0.1372 0.2550 0.4951 0.4226 0.2346 0.1529 0.1424 0.3607 0.5138 0.3505 0.2001 0.1419 0.1613 0.4387 0.4999 0.2904 0.1785
0.2943 0.5033 0.4328 0.1585 0.1426 0.2028 0.3566 0.5131 0.3522 0.1415 0.1541 0.2382 0.4294 0.4923 0.2450 0.1371 0.1717 0.2841 0.4947 0.4461 0.1656 0.1409 0.1965 0.3426 0.5142 0.3714 0.1436 0.1514 0.2304 0.4149 0.4981 0.2653 0.1373 0.1685 0.2767 0.4884 0.4524 0.1692 0.1405 0.1957 0.3428 0.5141 0.3644 0.1423 0.1537 0.2390 0.4349 0.4878 0.2283 0.1361 0.1491 0.1361 0.2283 0.4878 0.4349 0.2390 0.1537 0.1423 0.3644 0.5141 0.3428 0.1957 0.1405 0.1692 0.4524 0.4884 0.2767 0.1685 0.1373 0.2653 0.4981 0.4149 0.2304 0.1514 0.1436 0.3714 0.5142 0.3426 0.1965 0.1409 0.1656 0.4461 0.4947 0.2841 0.1717 0.1371 0.2450 0.4923 0.4294 0.2382 0.1541 0.1415 0.3522 0.5131 0.3566 0.2028 0.1426 0.1585 0.4328 0.5033 0.2943
0.5029 0.4268 0.1561 0.1434 0.2056 0.3628 0.5123 0.3435 0.1408 0.1555 0.2418 0.4361 0.4892 0.2351 0.1371 0.1737 0.2888 0.4987 0.4406 0.1624 0.1416 0.1992 0.3485 0.5139 0.3635 0.1427 0.1525 0.2337 0.4212 0.4957 0.2564 0.1372 0.1699 0.2800 0.4915 0.4491 0.1670 0.1408 0.1968 0.3449 0.5140 0.3628 0.1423 0.1537 0.2387 0.4339 0.4884 0.2275 0.1370 0.1717 0.2288 0.1717 0.1370 0.2275 0.4884 0.4339 0.2387 0.1537 0.1423 0.3628 0.5140 0.3449 0.1968 0.1408 0.1670 0.4491 0.4915 0.2800 0.1699 0.1372 0.2564 0.4957 0.4212 0.2337 0.1525 0.1427 0.3635 0.5139 0.3485 0.1992 0.1416 0.1624 0.4406 0.4987 0.2888 0.1737 0.1371 0.2351 0.4892 0.4361 0.2418 0.1555 0.1408 0.3435 0.5123 0.3628 0.2056 0.1434 0.1561 0.4268 0.5029
0.4233 0.1539 0.1443 0.2085 0.3691 0.5112 0.3345 0.1401 0.1568 0.2456 0.4427 0.4859 0.2256 0.1372 0.1756 0.2936 0.5021 0.4349 0.1595 0.1424 0.2019 0.3545 0.5134 0.3552 0.1418 0.1537 0.2371 0.4275 0.4930 0.2472 0.1371 0.1715 0.2838 0.4949 0.4453 0.1646 0.1413 0.1983 0.3478 0.5139 0.3600 0.1420 0.1539 0.2390 0.4339 0.4886 0.2284 0.1372 0.1763 0.2887 0.4203 0.2887 0.1763 0.1372 0.2284 0.4886 0.4339 0.2390 0.1539 0.1420 0.3600 0.5139 0.3478 0.1983 0.1413 0.1646 0.4453 0.4949 0.2838 0.1715 0.1371 0.2472 0.4930 0.4275 0.2371 0.1537 0.1418 0.3552 0.5134 0.3545 0.2019 0.1424 0.1595 0.4349 0.5021 0.2936 0.1756 0.1372 0.2256 0.4859 0.4427 0.2456 0.1568 0.1401 0.3345 0.5112 0.3691 0.2085 0.1443 0.1539 0.4233
0.1601 0.1452 0.2114 0.3753 0.5100 0.3254 0.1394 0.1582 0.2494 0.4492 0.4825 0.2166 0.1374 0.1776 0.2985 0.5050 0.4291 0.1569 0.1431 0.2046 0.3605 0.5126 0.3467 0.1410 0.1550 0.2406 0.4339 0.4901 0.2380 0.1371 0.1732 0.2879 0.4982 0.4409 0.1622 0.1417 0.2000 0.3513 0.5136 0.3560 0.1417 0.1543 0.2398 0.4349 0.4884 0.2284 0.1372 0.1769 0.2977 0.4997 0.4931 0.4997 0.2977 0.1769 0.1372 0.2284 0.4884 0.4349 0.2398 0.1543 0.1417 0.3560 0.5136 0.3513 0.2000 0.1417 0.1622 0.4409 0.4982 0.2879 0.1732 0.1371 0.2380 0.4901 0.4339 0.2406 0.1550 0.1410 0.3467 0.5126 0.3605 0.2046 0.1431 0.1569 0.4291 0.5050 0.2985 0.1776 0.1374 0.2166 0.4825 0.4492 0.2494 0.1582 0.1394 0.3254 0.5100 0.3753 0.2114 0.1452 0.1601
0.1524 0.2141 0.3812 0.5086 0.3168 0.1389 0.1595 0.2529 0.4550 0.4791 0.2085 0.1375 0.1795 0.3030 0.5073 0.4234 0.1548 0.1439 0.2071 0.3662 0.5117 0.3386 0.1403 0.1562 0.2439 0.4398 0.4873 0.2295 0.1371 0.1748 0.2920 0.5011 0.4364 0.1600 0.1422 0.2017 0.3550 0.5132 0.3516 0.1413 0.1547 0.2410 0.4365 0.4878 0.2275 0.1372 0.1769 0.2989 0.5054 0.4358 0.2535 0.4358 0.5054 0.2989 0.1769 0.1372 0.2275 0.4878 0.4365 0.2410 0.1547 0.1413 0.3516 0.5132 0.3550 0.2017 0.1422 0.1600 0.4364 0.5011 0.2920 0.1748 0.1371 0.2295 0.4873 0.4398 0.2439 0.1562 0.1403 0.3386 0.5117 0.3662 0.2071 0.1439 0.1548 0.4234 0.5073 0.3030 0.1795 0.1375 0.2085 0.4791 0.4550 0.2529 0.1595 0.1389 0.3168 0.5086 0.3812 0.2141 0.1524
0.2178 0.3848 0.5075 0.3113 0.1385 0.1602 0.2552 0.4586 0.4768 0.2036 0.1375 0.1805 0.3059 0.5084 0.4197 0.1535 0.1442 0.2086 0.3698 0.5108 0.3333 0.1398 0.1568 0.2460 0.4436 0.4852 0.2240 0.1370 0.1757 0.2945 0.5026 0.4334 0.1585 0.1424 0.2027 0.3573 0.5127 0.3492 0.1409 0.1548 0.2413 0.4369 0.4877 0.2283 0.1370 0.1763 0.2977 0.5054 0.4268 0.1591 0.1350 0.1591 0.4268 0.5054 0.2977 0.1763 0.1370 0.2283 0.4877 0.4369 0.2413 0.1548 0.1409 0.3492 0.5127 0.3573 0.2027 0.1424 0.1585 0.4334 0.5026 0.2945 0.1757 0.1370 0.2240 0.4852 0.4436 0.2460 0.1568 0.1398 0.3333 0.5108 0.3698 0.2086 0.1442 0.1535 0.4197 0.5084 0.3059 0.1805 0.1375 0.2036 0.4768 0.4586 0.2552 0.1602 0.1385 0.3113 0.5075 0.3848 0.2178
0.3739 0.5082 0.3224 0.1383 0.1575 0.2500 0.4519 0.4799 0.2132 0.1364 0.1771 0.3002 0.5053 0.4265 0.1553 0.1424 0.2043 0.3633 0.5110 0.3437 0.1398 0.1542 0.2410 0.4366 0.4877 0.2349 0.1361 0.1724 0.2888 0.4985 0.4396 0.1613 0.1407 0.1983 0.3503 0.5125 0.3608 0.1414 0.1520 0.2351 0.4272 0.4914 0.2443 0.1361 0.1717 0.2887 0.4997 0.4358 0.1591 0.1391 0.1634 0.1391 0.1591 0.4358 0.4997 0.2887 0.1717 0.1361 0.2443 0.4914 0.4272 0.2351 0.1520 0.1414 0.3608 0.5125 0.3503 0.1983 0.1407 0.1613 0.4396 0.4985 0.2888 0.1724 0.1361 0.2349 0.4877 0.4366 0.2410 0.1542 0.1398 0.3437 0.5110 0.3633 0.2043 0.1424 0.1553 0.4265 0.5053 0.3002 0.1771 0.1364 0.2132 0.4799 0.4519 0.2500 0.1575 0.1383 0.3224 0.5082 0.3739
0.5030 0.4256 0.1536 0.1413 0.2024 0.3627 0.5101 0.3438 0.1380 0.1528 0.2389 0.4369 0.4868 0.2359 0.1352 0.1706 0.2869 0.4985 0.4393 0.1602 0.1396 0.1960 0.3481 0.5119 0.3635 0.1399 0.1500 0.2305 0.4214 0.4935 0.2588 0.1351 0.1665 0.2764 0.4899 0.4503 0.1677 0.1384 0.1914 0.3382 0.5124 0.3738 0.1410 0.1491 0.2288 0.4203 0.4931 0.2535 0.1350 0.1634 0.2141 0.1634 0.1350 0.2535 0.4931 0.4203 0.2288 0.1491 0.1410 0.3738 0.5124 0.3382 0.1914 0.1384 0.1677 0.4503 0.4899 0.2764 0.1665 0.1351 0.2588 0.4935 0.4214 0.2305 0.1500 0.1399 0.3635 0.5119 0.3481 0.1960 0.1396 0.1602 0.4393 0.4985 0.2869 0.1706 0.1352 0.2359 0.4868 0.4369 0.2389 0.1528 0.1380 0.3438 0.5101 0.3627 0.2024 0.1413 0.1536 0.4256 0.5030
0.3739 0.5082 0.3224 0.1383 0.1575 0.2500 0.4519 0.4799 0.2132 0.1364 0.1771 0.3002 0.5053 0.4265 0.1553 0.1424 0.2043 0.3633 0.5110 0.3437 0.1398 0.1542 0.2410 0.4366 0.4877 0.2349 0.1361 0.1724 0.2888 0.4985 0.4396 0.1613 0.1407 0.1983 0.3503 0.5125 0.3608 0.1414 0.1520 0.2351 0.4272 0.4914 0.2443 0.1361 0.1717 0.2887 0.4997 0.4358 0.1591 0.1391 0.1634 0.1391 0.1591 0.4358 0.4997 0.2887 0.1717 0.1361 0.2443 0.4914 0.4272 0.2351 0.1520 0.1414 0.3608 0.5125 0.3503 0.1983 0.1407 0.1613 0.4396 0.4985 0.2888 0.1724 0.1361 0.2349 0.4877 0.4366 0.2410 0.1542 0.1398 0.3437 0.5110 0.3633 0.2043 0.1424 0.1553 0.4265 0.5053 0.3002 0.1771 0.1364 0.2132 0.4799 0.4519 0.2500 0.1575 0.1383 0.3224 0.5082 0.3739
0.2178 0.3848 0.5075 0.3113 0.1385 0.1602 0.2552 0.4586 0.4768 0.2036 0.1375 0.1805 0.3059 0.5084 0.4197 0.1535 0.1442 0.2086 0.3698 0.5108 0.3333 0.1398 0.1568 0.2460 0.4436 0.4852 0.2240 0.1370 0.1757 0.2945 0.5026 0.4334 0.1585 0.1424 0.2027 0.3573 0.5127 0.3492 0.1409 0.1548 0.2413 0.4369 0.4877 0.2283 0.1370 0.1763 0.2977 0.5054 0.4268 0.1591 0.1350 0.1591 0.4268 0.5054 0.2977 0.1763 0.1370 0.2283 0.4877 0.4369 0.2413 0.1548 0.1409 0.3492 0.5127 0.3573 0.2027 0.1424 0.1585 0.4334 0.5026 0.2945 0.1757 0.1370 0.2240 0.4852 0.4436 0.2460 0.1568 0.1398 0.3333 0.5108 0.3698 0.2086 0.1442 0.1535 0.4197 0.5084 0.3059 0.1805 0.1375 0.2036 0.4768 0.4586 0.2552 0.1602 0.1385 0.3113 0.5075 0.3848 0.2178
0.1524 0.2141 0.3812 0.5086 0.3168 0.1389 0.1595 0.2529 0.4550 0.4791 0.2085 0.1375 0.1795 0.3030 0.5073 0.4234 0.1548 0.1439 0.2071 0.3662 0.5117 0.3386 0.1403 0.1562 0.2439 0.4398 0.4873 0.2295 0.1371 0.1748 0.2920 0.5011 0.4364 0.1600 0.1422 0.2017 0.3550 0.5132 0.3516 0.1413 0.1547 0.2410 0.4365 0.4878 0.2275 0.1372 0.1769 0.2989 0.5054 0.4358 0.2535 0.4358 0.5054 0.2989 0.1769 0.1372 0.2275 0.4878 0.4365 0.2410 0.1547 0.1413 0.3516 0.5132 0.3550 0.2017 0.1422 0.1600 0.4364 0.5011 0.2920 0.1748 0.1371 0.2295 0.4873 0.4398 0.2439 0.1562 0.1403 0.3386 0.5117 0.3662 0.2071 0.1439 0.1548 0.4234 0.5073 0.3030 0.1795 0.1375 0.2085 0.4791 0.4550 0.2529 0.1595 0.1389 0.3168 0.5086 0.3812 0.2141 0.1524
0.1601 0.1452 0.2114 0.3753 0.5100 0.3254 0.1394 0.1582 0.2494 0.4492 0.4825 0.2166 0.1374 0.1776 0.2985 0.5050 0.4291 0.1569 0.1431 0.2046 0.3605 0.5126 0.3467 0.1410 0.1550 0.2406 0.4339 0.4901 0.2380 0.1371 0.1732 0.2879 0.4982 0.4409 0.1622 0.1417 0.2000 0.3513 0.5136 0.3560 0.1417 0.1543 0.2398 0.4349 0.4884 0.2284 0.1372 0.1769 0.2977 0.4997 0.4931 0.4997 0.2977 0.1769 0.1372 0.2284 0.4884 0.4349 0.2398 0.1543 0.1417 0.3560 0.5136 0.3513 0.2000 0.1417 0.1622 0.4409 0.4982 0.2879 0.1732 0.1371 0.2380 0.4901 0.4339 0.2406 0.1550 0.1410 0.3467 0.5126 0.3605 0.2046 0.1431 0.1569 0.4291 0.5050 0.2985 0.1776 0.1374 0.2166 0.4825 0.4492 0.2494 0.1582 0.1394 0.3254 0.5100 0.3753 0.2114 0.1452 0.1601
0.4233 0.1539 0.1443 0.2085 0.3691 0.5112 0.3345 0.1401 0.1568 0.2456 0.4427 0.4859 0.2256 0.1372 0.1756 0.2936 0.5021 0.4349 0.1595 0.1424 0.2019 0.3545 0.5134 0.3552 0.1418 0.1537 0.2371 0.4275 0.4930 0.2472 0.1371 0.1715 0.2838 0.4949 0.4453 0.1646 0.1413 0.1983 0.3478 0.5139 0.3600 0.1420 0.1539 0.2390 0.4339 0.4886 0.2284 0.1372 0.1763 0.2887 0.4203 0.2887 0.1763 0.1372 0.2284 0.4886 0.4339 0.2390 0.1539 0.1420 0.3600 0.5139 0.3478 0.1983 0.1413 0.1646 0.4453 0.4949 0.2838 0.1715 0.1371 0.2472 0.4930 0.4275 0.2371 0.1537 0.1418 0.3552 0.5134 0.3545 0.2019 0.1424 0.1595 0.4349 0.5021 0.2936 0.1756 0.1372 0.2256 0.4859 0.4427 0.2456 0.1568 0.1401 0.3345 0.5112 0.3691 0.2085 0.1443 0.1539 0.4233
