-0.0033 0.2431 -0.1452 -0.2694 -0.3438 -0.3130 0.1268 0.1741 -0.2162 -0.3077 -0.3636 -0.0186 0.2306 -0.1318 -0.2640 -0.3403 -0.3320 0.1132 0.2210 -0.2082 -0.3028 -0.3617 -0.0524 0.2169 -0.1156 -0.2586 -0.3364 -0.3456 0.0997 0.2507 -0.1999 -0.2978 -0.3596 -0.0945 0.2033 -0.0957 -0.2531 -0.3324 -0.3551 0.0859 0.2662 -0.1914 -0.2928 -0.3572 -0.1433 0.1896 -0.0691 -0.2471 -0.3276 -0.3664 -0.1299 -0.3664 -0.3276 -0.2471 -0.0691 0.1896 -0.1433 -0.3572 -0.2928 -0.1914 0.2662 0.0859 -0.3551 -0.3324 -0.2531 -0.0957 0.2033 -0.0945 -0.3596 -0.2978 -0.1999 0.2507 0.0997 -0.3456 -0.3364 -0.2586 -0.1156 0.2169 -0.0524 -0.3617 -0.3028 -0.2082 0.2210 0.1132 -0.3320 -0.3403 -0.2640 -0.1318 0.2306 -0.0186 -0.3636 -0.3077 -0.2162 0.1741 0.1268 -0.3130 -0.3438 -0.2694 -0.1452 0.2431 -0.0033
0.2431 -0.1477 -0.2848 -0.3572 -0.3216 0.1252 0.2012 -0.2263 -0.3219 -0.3749 -0.0216 0.2274 -0.1295 -0.2790 -0.3536 -0.3415 0.1116 0.2412 -0.2166 -0.3171 -0.3734 -0.0568 0.2136 -0.1111 -0.2736 -0.3499 -0.3553 0.0983 0.2641 -0.2070 -0.3122 -0.3716 -0.1006 0.2002 -0.0881 -0.2683 -0.3460 -0.3650 0.0846 0.2741 -0.1971 -0.3072 -0.3696 -0.1509 0.1868 -0.0572 -0.2627 -0.3418 -0.3724 0.0517 0.1811 0.0517 -0.3724 -0.3418 -0.2627 -0.0572 0.1868 -0.1509 -0.3696 -0.3072 -0.1971 0.2741 0.0846 -0.3650 -0.3460 -0.2683 -0.0881 0.2002 -0.1006 -0.3716 -0.3122 -0.2070 0.2641 0.0983 -0.3553 -0.3499 -0.2736 -0.1111 0.2136 -0.0568 -0.3734 -0.3171 -0.2166 0.2412 0.1116 -0.3415 -0.3536 -0.2790 -0.1295 0.2274 -0.0216 -0.3749 -0.3219 -0.2263 0.2012 0.1252 -0.3216 -0.3572 -0.2848 -0.1477 0.2431
-0.1452 -0.2848 -0.3566 -0.3272 0.1207 0.2179 -0.2225 -0.3199 -0.3742 -0.0357 0.2213 -0.1219 -0.2766 -0.3520 -0.3481 0.1057 0.2531 -0.2124 -0.3149 -0.3726 -0.0750 0.2076 -0.1017 -0.2713 -0.3483 -0.3600 0.0923 0.2698 -0.2027 -0.3100 -0.3707 -0.1221 0.1942 -0.0759 -0.2659 -0.3443 -0.3681 0.0784 0.2754 -0.1926 -0.3050 -0.3685 -0.1732 0.1810 -0.0405 -0.2604 -0.3400 -0.3734 0.0593 0.2635 -0.0343 0.2635 0.0593 -0.3734 -0.3400 -0.2604 -0.0405 0.1810 -0.1732 -0.3685 -0.3050 -0.1926 0.2754 0.0784 -0.3681 -0.3443 -0.2659 -0.0759 0.1942 -0.1221 -0.3707 -0.3100 -0.2027 0.2698 0.0923 -0.3600 -0.3483 -0.2713 -0.1017 0.2076 -0.0750 -0.3726 -0.3149 -0.2124 0.2531 0.1057 -0.3481 -0.3520 -0.2766 -0.1219 0.2213 -0.0357 -0.3742 -0.3199 -0.2225 0.2179 0.1207 -0.3272 -0.3566 -0.2848 -0.1452
-0.2694 -0.3572 -0.3272 0.1190 0.2268 -0.2197 -0.3183 -0.3736 -0.0502 0.2156 -0.1138 -0.2743 -0.3504 -0.3538 0.0998 0.2620 -0.2082 -0.3128 -0.3718 -0.0948 0.2017 -0.0912 -0.2689 -0.3465 -0.3639 0.0863 0.2734 -0.1983 -0.3079 -0.3698 -0.1443 0.1884 -0.0620 -0.2635 -0.3425 -0.3706 0.0721 0.2752 -0.1881 -0.3028 -0.3675 -0.1949 0.1754 -0.0211 -0.2580 -0.3382 -0.3747 0.0554 0.2681 -0.1636 -0.2567 -0.1636 0.2681 0.0554 -0.3747 -0.3382 -0.2580 -0.0211 0.1754 -0.1949 -0.3675 -0.3028 -0.1881 0.2752 0.0721 -0.3706 -0.3425 -0.2635 -0.0620 0.1884 -0.1443 -0.3698 -0.3079 -0.1983 0.2734 0.0863 -0.3639 -0.3465 -0.2689 -0.0912 0.2017 -0.0948 -0.3718 -0.3128 -0.2082 0.2620 0.0998 -0.3538 -0.3504 -0.2743 -0.1138 0.2156 -0.0502 -0.3736 -0.3183 -0.2197 0.2268 0.1190 -0.3272 -0.3572 -0.2694
-0.3438 -0.3216 0.1207 0.2268 -0.2187 -0.3173 -0.3732 -0.0627 0.2108 -0.1059 -0.2722 -0.3488 -0.3586 0.0940 0.2684 -0.2039 -0.3106 -0.3710 -0.1160 0.1958 -0.0795 -0.2666 -0.3448 -0.3672 0.0802 0.2752 -0.1939 -0.3057 -0.3688 -0.1666 0.1827 -0.0460 -0.2611 -0.3406 -0.3727 0.0655 0.2737 -0.1835 -0.3006 -0.3664 -0.2157 0.1692 0.0014 -0.2556 -0.3363 -0.3758 0.0488 0.2658 -0.1693 -0.2900 -0.3412 -0.2900 -0.1693 0.2658 0.0488 -0.3758 -0.3363 -0.2556 0.0014 0.1692 -0.2157 -0.3664 -0.3006 -0.1835 0.2737 0.0655 -0.3727 -0.3406 -0.2611 -0.0460 0.1827 -0.1666 -0.3688 -0.3057 -0.1939 0.2752 0.0802 -0.3672 -0.3448 -0.2666 -0.0795 0.1958 -0.1160 -0.3710 -0.3106 -0.2039 0.2684 0.0940 -0.3586 -0.3488 -0.2722 -0.1059 0.2108 -0.0627 -0.3732 -0.3173 -0.2187 0.2268 0.1207 -0.3216 -0.3438
-0.3130 0.1252 0.2179 -0.2197 -0.3173 -0.3730 -0.0702 0.2074 -0.0993 -0.2703 -0.3473 -0.3624 0.0885 0.2725 -0.1996 -0.3085 -0.3701 -0.1380 0.1900 -0.0661 -0.2642 -0.3430 -0.3700 0.0739 0.2754 -0.1894 -0.3035 -0.3678 -0.1886 0.1771 -0.0274 -0.2588 -0.3388 -0.3743 0.0587 0.2711 -0.1787 -0.2983 -0.3653 -0.2352 0.1626 0.0272 -0.2522 -0.3344 -0.3764 0.0414 0.2618 -0.1663 -0.2920 -0.3643 -0.3871 -0.3643 -0.2920 -0.1663 0.2618 0.0414 -0.3764 -0.3344 -0.2522 0.0272 0.1626 -0.2352 -0.3653 -0.2983 -0.1787 0.2711 0.0587 -0.3743 -0.3388 -0.2588 -0.0274 0.1771 -0.1886 -0.3678 -0.3035 -0.1894 0.2754 0.0739 -0.3700 -0.3430 -0.2642 -0.0661 0.1900 -0.1380 -0.3701 -0.3085 -0.1996 0.2725 0.0885 -0.3624 -0.3473 -0.2703 -0.0993 0.2074 -0.0702 -0.3730 -0.3173 -0.2197 0.2179 0.1252 -0.3130
0.1268 0.2012 -0.2225 -0.3183 -0.3732 -0.0702 0.2062 -0.0954 -0.2691 -0.3462 -0.3651 0.0835 0.2746 -0.1956 -0.3064 -0.3691 -0.1601 0.1843 -0.0508 -0.2618 -0.3412 -0.3722 0.0674 0.2742 -0.1848 -0.3012 -0.3668 -0.2097 0.1710 -0.0058 -0.2564 -0.3369 -0.3754 0.0516 0.2677 -0.1738 -0.2961 -0.3641 -0.2531 0.1561 0.0559 -0.2480 -0.3324 -0.3768 0.0333 0.2570 -0.1614 -0.2905 -0.3613 -0.3182 0.0356 -0.3182 -0.3613 -0.2905 -0.1614 0.2570 0.0333 -0.3768 -0.3324 -0.2480 0.0559 0.1561 -0.2531 -0.3641 -0.2961 -0.1738 0.2677 0.0516 -0.3754 -0.3369 -0.2564 -0.0058 0.1710 -0.2097 -0.3668 -0.3012 -0.1848 0.2742 0.0674 -0.3722 -0.3412 -0.2618 -0.0508 0.1843 -0.1601 -0.3691 -0.3064 -0.1956 0.2746 0.0835 -0.3651 -0.3462 -0.2691 -0.0954 0.2062 -0.0702 -0.3732 -0.3183 -0.2225 0.2012 0.1268
0.1741 -0.2263 -0.3199 -0.3736 -0.0627 0.2074 -0.0954 -0.2687 -0.3456 -0.3667 0.0797 0.2754 -0.1921 -0.3045 -0.3682 -0.1810 0.1788 -0.0332 -0.2595 -0.3393 -0.3739 0.0607 0.2719 -0.1801 -0.2990 -0.3656 -0.2295 0.1645 0.0191 -0.2533 -0.3350 -0.3762 0.0441 0.2635 -0.1688 -0.2938 -0.3629 -0.2696 0.1499 0.0865 -0.2438 -0.3304 -0.3768 0.0246 0.2518 -0.1560 -0.2884 -0.3598 -0.3086 0.1183 0.2464 0.1183 -0.3086 -0.3598 -0.2884 -0.1560 0.2518 0.0246 -0.3768 -0.3304 -0.2438 0.0865 0.1499 -0.2696 -0.3629 -0.2938 -0.1688 0.2635 0.0441 -0.3762 -0.3350 -0.2533 0.0191 0.1645 -0.2295 -0.3656 -0.2990 -0.1801 0.2719 0.0607 -0.3739 -0.3393 -0.2595 -0.0332 0.1788 -0.1810 -0.3682 -0.3045 -0.1921 0.2754 0.0797 -0.3667 -0.3456 -0.2687 -0.0954 0.2074 -0.0627 -0.3736 -0.3199 -0.2263 0.1741
-0.2162 -0.3219 -0.3742 -0.0502 0.2108 -0.0993 -0.2691 -0.3456 -0.3673 0.0776 0.2755 -0.1894 -0.3030 -0.3674 -0.1989 0.1738 -0.0142 -0.2572 -0.3375 -0.3751 0.0537 0.2687 -0.1752 -0.2968 -0.3645 -0.2480 0.1580 0.0471 -0.2493 -0.3330 -0.3767 0.0361 0.2588 -0.1635 -0.2916 -0.3616 -0.2844 0.1438 0.1173 -0.2396 -0.3285 -0.3766 0.0152 0.2462 -0.1503 -0.2862 -0.3583 -0.3152 0.1257 0.2368 -0.1531 0.2368 0.1257 -0.3152 -0.3583 -0.2862 -0.1503 0.2462 0.0152 -0.3766 -0.3285 -0.2396 0.1173 0.1438 -0.2844 -0.3616 -0.2916 -0.1635 0.2588 0.0361 -0.3767 -0.3330 -0.2493 0.0471 0.1580 -0.2480 -0.3645 -0.2968 -0.1752 0.2687 0.0537 -0.3751 -0.3375 -0.2572 -0.0142 0.1738 -0.1989 -0.3674 -0.3030 -0.1894 0.2755 0.0776 -0.3673 -0.3456 -0.2691 -0.0993 0.2108 -0.0502 -0.3742 -0.3219 -0.2162
-0.3077 -0.3749 -0.0357 0.2156 -0.1059 -0.2703 -0.3462 -0.3667 0.0776 0.2754 -0.1880 -0.3020 -0.3668 -0.2126 0.1692 0.0048 -0.2549 -0.3357 -0.3760 0.0465 0.2648 -0.1702 -0.2945 -0.3632 -0.2648 0.1517 0.0773 -0.2451 -0.3311 -0.3768 0.0276 0.2537 -0.1581 -0.2893 -0.3602 -0.2978 0.1377 0.1467 -0.2354 -0.3264 -0.3762 0.0049 0.2404 -0.1441 -0.2839 -0.3569 -0.3242 0.1229 0.2166 -0.2152 -0.2839 -0.2152 0.2166 0.1229 -0.3242 -0.3569 -0.2839 -0.1441 0.2404 0.0049 -0.3762 -0.3264 -0.2354 0.1467 0.1377 -0.2978 -0.3602 -0.2893 -0.1581 0.2537 0.0276 -0.3768 -0.3311 -0.2451 0.0773 0.1517 -0.2648 -0.3632 -0.2945 -0.1702 0.2648 0.0465 -0.3760 -0.3357 -0.2549 0.0048 0.1692 -0.2126 -0.3668 -0.3020 -0.1880 0.2754 0.0776 -0.3667 -0.3462 -0.2703 -0.1059 0.2156 -0.0357 -0.3749 -0.3077
-0.3636 -0.0216 0.2213 -0.1138 -0.2722 -0.3473 -0.3651 0.0797 0.2755 -0.1880 -0.3017 -0.3664 -0.2210 0.1656 0.0214 -0.2524 -0.3342 -0.3765 0.0395 0.2606 -0.1652 -0.2923 -0.3620 -0.2802 0.1456 0.1082 -0.2408 -0.3291 -0.3767 0.0184 0.2482 -0.1524 -0.2870 -0.3589 -0.3097 0.1318 0.1736 -0.2312 -0.3244 -0.3756 -0.0065 0.2345 -0.1377 -0.2816 -0.3554 -0.3328 0.1177 0.2266 -0.2192 -0.3156 -0.3638 -0.3156 -0.2192 0.2266 0.1177 -0.3328 -0.3554 -0.2816 -0.1377 0.2345 -0.0065 -0.3756 -0.3244 -0.2312 0.1736 0.1318 -0.3097 -0.3589 -0.2870 -0.1524 0.2482 0.0184 -0.3767 -0.3291 -0.2408 0.1082 0.1456 -0.2802 -0.3620 -0.2923 -0.1652 0.2606 0.0395 -0.3765 -0.3342 -0.2524 0.0214 0.1656 -0.2210 -0.3664 -0.3017 -0.1880 0.2755 0.0797 -0.3651 -0.3473 -0.2722 -0.1138 0.2213 -0.0216 -0.3636
-0.0186 0.2274 -0.1219 -0.2743 -0.3488 -0.3624 0.0835 0.2754 -0.1894 -0.3020 -0.3664 -0.2238 0.1637 0.0324 -0.2502 -0.3330 -0.3767 0.0331 0.2564 -0.1605 -0.2902 -0.3607 -0.2938 0.1395 0.1382 -0.2367 -0.3270 -0.3763 0.0083 0.2424 -0.1463 -0.2847 -0.3574 -0.3202 0.1260 0.1973 -0.2271 -0.3223 -0.3750 -0.0190 0.2284 -0.1308 -0.2793 -0.3539 -0.3405 0.1121 0.2402 -0.2166 -0.3165 -0.3775 -0.3440 -0.3775 -0.3165 -0.2166 0.2402 0.1121 -0.3405 -0.3539 -0.2793 -0.1308 0.2284 -0.0190 -0.3750 -0.3223 -0.2271 0.1973 0.1260 -0.3202 -0.3574 -0.2847 -0.1463 0.2424 0.0083 -0.3763 -0.3270 -0.2367 0.1382 0.1395 -0.2938 -0.3607 -0.2902 -0.1605 0.2564 0.0331 -0.3767 -0.3330 -0.2502 0.0324 0.1637 -0.2238 -0.3664 -0.3020 -0.1894 0.2754 0.0835 -0.3624 -0.3488 -0.2743 -0.1219 0.2274 -0.0186
0.2306 -0.1295 -0.2766 -0.3504 -0.3586 0.0885 0.2746 -0.1921 -0.3030 -0.3668 -0.2210 0.1637 0.0363 -0.2490 -0.3322 -0.3768 0.0279 0.2528 -0.1562 -0.2883 -0.3595 -0.3052 0.1338 0.1655 -0.2325 -0.3250 -0.3758 -0.0027 0.2364 -0.1400 -0.2824 -0.3559 -0.3296 0.1202 0.2174 -0.2229 -0.3202 -0.3744 -0.0329 0.2224 -0.1233 -0.2770 -0.3523 -0.3472 0.1064 0.2520 -0.2127 -0.3150 -0.3729 -0.1245 0.1045 -0.1245 -0.3729 -0.3150 -0.2127 0.2520 0.1064 -0.3472 -0.3523 -0.2770 -0.1233 0.2224 -0.0329 -0.3744 -0.3202 -0.2229 0.2174 0.1202 -0.3296 -0.3559 -0.2824 -0.1400 0.2364 -0.0027 -0.3758 -0.3250 -0.2325 0.1655 0.1338 -0.3052 -0.3595 -0.2883 -0.1562 0.2528 0.0279 -0.3768 -0.3322 -0.2490 0.0363 0.1637 -0.2210 -0.3668 -0.3030 -0.1921 0.2746 0.0885 -0.3586 -0.3504 -0.2766 -0.1295 0.2306
-0.1318 -0.2790 -0.3520 -0.3538 0.0940 0.2725 -0.1956 -0.3045 -0.3674 -0.2126 0.1656 0.0324 -0.2490 -0.3319 -0.3768 0.0244 0.2501 -0.1528 -0.2868 -0.3584 -0.3142 0.1288 0.1882 -0.2285 -0.3230 -0.3752 -0.0149 0.2304 -0.1332 -0.2801 -0.3544 -0.3377 0.1144 0.2341 -0.2187 -0.3181 -0.3737 -0.0484 0.2164 -0.1152 -0.2747 -0.3507 -0.3530 0.1006 0.2611 -0.2086 -0.3130 -0.3719 -0.1042 0.1819 0.2620 0.1819 -0.1042 -0.3719 -0.3130 -0.2086 0.2611 0.1006 -0.3530 -0.3507 -0.2747 -0.1152 0.2164 -0.0484 -0.3737 -0.3181 -0.2187 0.2341 0.1144 -0.3377 -0.3544 -0.2801 -0.1332 0.2304 -0.0149 -0.3752 -0.3230 -0.2285 0.1882 0.1288 -0.3142 -0.3584 -0.2868 -0.1528 0.2501 0.0244 -0.3768 -0.3319 -0.2490 0.0324 0.1656 -0.2126 -0.3674 -0.3045 -0.1956 0.2725 0.0940 -0.3538 -0.3520 -0.2790 -0.1318
-0.2640 -0.3536 -0.3481 0.0998 0.2684 -0.1996 -0.3064 -0.3682 -0.1989 0.1692 0.0214 -0.2502 -0.3322 -0.3768 0.0232 0.2487 -0.1507 -0.2857 -0.3576 -0.3210 0.1245 0.2056 -0.2250 -0.3211 -0.3746 -0.0279 0.2244 -0.1258 -0.2778 -0.3528 -0.3449 0.1086 0.2475 -0.2145 -0.3160 -0.3730 -0.0657 0.2104 -0.1063 -0.2724 -0.3490 -0.3580 0.0948 0.2678 -0.2044 -0.3109 -0.3711 -0.1168 0.1931 -0.0393 -0.2119 -0.0393 0.1931 -0.1168 -0.3711 -0.3109 -0.2044 0.2678 0.0948 -0.3580 -0.3490 -0.2724 -0.1063 0.2104 -0.0657 -0.3730 -0.3160 -0.2145 0.2475 0.1086 -0.3449 -0.3528 -0.2778 -0.1258 0.2244 -0.0279 -0.3746 -0.3211 -0.2250 0.2056 0.1245 -0.3210 -0.3576 -0.2857 -0.1507 0.2487 0.0232 -0.3768 -0.3322 -0.2502 0.0214 0.1692 -0.1989 -0.3682 -0.3064 -0.1996 0.2684 0.0998 -0.3481 -0.3536 -0.2640
-0.3403 -0.3415 0.1057 0.2620 -0.2039 -0.3085 -0.3691 -0.1810 0.1738 0.0048 -0.2524 -0.3330 -0.3768 0.0244 0.2487 -0.1499 -0.2851 -0.3570 -0.3255 0.1213 0.2180 -0.2220 -0.3195 -0.3741 -0.0410 0.2189 -0.1183 -0.2755 -0.3512 -0.3510 0.1028 0.2578 -0.2103 -0.3139 -0.3722 -0.0847 0.2046 -0.0964 -0.2700 -0.3473 -0.3623 0.0889 0.2722 -0.2001 -0.3087 -0.3702 -0.1369 0.1897 -0.0589 -0.2578 -0.3105 -0.2578 -0.0589 0.1897 -0.1369 -0.3702 -0.3087 -0.2001 0.2722 0.0889 -0.3623 -0.3473 -0.2700 -0.0964 0.2046 -0.0847 -0.3722 -0.3139 -0.2103 0.2578 0.1028 -0.3510 -0.3512 -0.2755 -0.1183 0.2189 -0.0410 -0.3741 -0.3195 -0.2220 0.2180 0.1213 -0.3255 -0.3570 -0.2851 -0.1499 0.2487 0.0244 -0.3768 -0.3330 -0.2524 0.0048 0.1738 -0.1810 -0.3691 -0.3085 -0.2039 0.2620 0.1057 -0.3415 -0.3403
-0.3320 0.1116 0.2531 -0.2082 -0.3106 -0.3701 -0.1601 0.1788 -0.0142 -0.2549 -0.3342 -0.3767 0.0279 0.2501 -0.1507 -0.2851 -0.3568 -0.3277 0.1192 0.2259 -0.2198 -0.3182 -0.3735 -0.0537 0.2139 -0.1108 -0.2734 -0.3497 -0.3562 0.0970 0.2655 -0.2061 -0.3117 -0.3714 -0.1052 0.1987 -0.0854 -0.2677 -0.3456 -0.3658 0.0829 0.2747 -0.1957 -0.3065 -0.3692 -0.1587 0.1846 -0.0498 -0.2607 -0.3396 -0.3812 -0.3396 -0.2607 -0.0498 0.1846 -0.1587 -0.3692 -0.3065 -0.1957 0.2747 0.0829 -0.3658 -0.3456 -0.2677 -0.0854 0.1987 -0.1052 -0.3714 -0.3117 -0.2061 0.2655 0.0970 -0.3562 -0.3497 -0.2734 -0.1108 0.2139 -0.0537 -0.3735 -0.3182 -0.2198 0.2259 0.1192 -0.3277 -0.3568 -0.2851 -0.1507 0.2501 0.0279 -0.3767 -0.3342 -0.2549 -0.0142 0.1788 -0.1601 -0.3701 -0.3106 -0.2082 0.2531 0.1116 -0.3320
0.1132 0.2412 -0.2124 -0.3128 -0.3710 -0.1380 0.1843 -0.0332 -0.2572 -0.3357 -0.3765 0.0331 0.2528 -0.1528 -0.2857 -0.3570 -0.3277 0.1185 0.2299 -0.2183 -0.3172 -0.3732 -0.0648 0.2097 -0.1037 -0.2715 -0.3482 -0.3604 0.0914 0.2706 -0.2018 -0.3096 -0.3705 -0.1268 0.1929 -0.0730 -0.2653 -0.3438 -0.3688 0.0767 0.2755 -0.1913 -0.3043 -0.3682 -0.1805 0.1790 -0.0338 -0.2593 -0.3390 -0.3786 -0.1727 -0.3786 -0.3390 -0.2593 -0.0338 0.1790 -0.1805 -0.3682 -0.3043 -0.1913 0.2755 0.0767 -0.3688 -0.3438 -0.2653 -0.0730 0.1929 -0.1268 -0.3705 -0.3096 -0.2018 0.2706 0.0914 -0.3604 -0.3482 -0.2715 -0.1037 0.2097 -0.0648 -0.3732 -0.3172 -0.2183 0.2299 0.1185 -0.3277 -0.3570 -0.2857 -0.1528 0.2528 0.0331 -0.3765 -0.3357 -0.2572 -0.0332 0.1843 -0.1380 -0.3710 -0.3128 -0.2124 0.2412 0.1132
0.2210 -0.2166 -0.3149 -0.3718 -0.1160 0.1900 -0.0508 -0.2595 -0.3375 -0.3760 0.0395 0.2564 -0.1562 -0.2868 -0.3576 -0.3255 0.1192 0.2299 -0.2178 -0.3167 -0.3729 -0.0728 0.2065 -0.0975 -0.2699 -0.3469 -0.3636 0.0863 0.2736 -0.1977 -0.3075 -0.3696 -0.1490 0.1872 -0.0587 -0.2630 -0.3420 -0.3712 0.0703 0.2749 -0.1867 -0.3021 -0.3672 -0.2018 0.1733 -0.0136 -0.2571 -0.3374 -0.3755 0.0341 0.1669 0.0341 -0.3755 -0.3374 -0.2571 -0.0136 0.1733 -0.2018 -0.3672 -0.3021 -0.1867 0.2749 0.0703 -0.3712 -0.3420 -0.2630 -0.0587 0.1872 -0.1490 -0.3696 -0.3075 -0.1977 0.2736 0.0863 -0.3636 -0.3469 -0.2699 -0.0975 0.2065 -0.0728 -0.3729 -0.3167 -0.2178 0.2299 0.1192 -0.3255 -0.3576 -0.2868 -0.1562 0.2564 0.0395 -0.3760 -0.3375 -0.2595 -0.0508 0.1900 -0.1160 -0.3718 -0.3149 -0.2166 0.2210
-0.2082 -0.3171 -0.3726 -0.0948 0.1958 -0.0661 -0.2618 -0.3393 -0.3751 0.0465 0.2606 -0.1605 -0.2883 -0.3584 -0.3210 0.1213 0.2259 -0.2183 -0.3167 -0.3728 -0.0771 0.2046 -0.0929 -0.2686 -0.3458 -0.3659 0.0818 0.2751 -0.1940 -0.3055 -0.3687 -0.1704 0.1816 -0.0423 -0.2606 -0.3402 -0.3731 0.0638 0.2731 -0.1821 -0.2999 -0.3661 -0.2221 0.1670 0.0100 -0.2544 -0.3356 -0.3761 0.0423 0.2512 0.0195 0.2512 0.0423 -0.3761 -0.3356 -0.2544 0.0100 0.1670 -0.2221 -0.3661 -0.2999 -0.1821 0.2731 0.0638 -0.3731 -0.3402 -0.2606 -0.0423 0.1816 -0.1704 -0.3687 -0.3055 -0.1940 0.2751 0.0818 -0.3659 -0.3458 -0.2686 -0.0929 0.2046 -0.0771 -0.3728 -0.3167 -0.2183 0.2259 0.1213 -0.3210 -0.3584 -0.2883 -0.1605 0.2606 0.0465 -0.3751 -0.3393 -0.2618 -0.0661 0.1958 -0.0948 -0.3726 -0.3171 -0.2082
-0.3028 -0.3734 -0.0750 0.2017 -0.0795 -0.2642 -0.3412 -0.3739 0.0537 0.2648 -0.1652 -0.2902 -0.3595 -0.3142 0.1245 0.2180 -0.2198 -0.3172 -0.3729 -0.0771 0.2039 -0.0905 -0.2679 -0.3451 -0.3675 0.0780 0.2755 -0.1907 -0.3038 -0.3678 -0.1896 0.1764 -0.0240 -0.2583 -0.3384 -0.3746 0.0570 0.2703 -0.1774 -0.2977 -0.3650 -0.2410 0.1604 0.0367 -0.2508 -0.3337 -0.3766 0.0377 0.2577 -0.1504 -0.2502 -0.1504 0.2577 0.0377 -0.3766 -0.3337 -0.2508 0.0367 0.1604 -0.2410 -0.3650 -0.2977 -0.1774 0.2703 0.0570 -0.3746 -0.3384 -0.2583 -0.0240 0.1764 -0.1896 -0.3678 -0.3038 -0.1907 0.2755 0.0780 -0.3675 -0.3451 -0.2679 -0.0905 0.2039 -0.0771 -0.3729 -0.3172 -0.2198 0.2180 0.1245 -0.3142 -0.3595 -0.2902 -0.1652 0.2648 0.0537 -0.3739 -0.3412 -0.2642 -0.0795 0.2017 -0.0750 -0.3734 -0.3028
-0.3617 -0.0568 0.2076 -0.0912 -0.2666 -0.3430 -0.3722 0.0607 0.2687 -0.1702 -0.2923 -0.3607 -0.3052 0.1288 0.2056 -0.2220 -0.3182 -0.3732 -0.0728 0.2046 -0.0905 -0.2676 -0.3447 -0.3685 0.0754 0.2753 -0.1880 -0.3023 -0.3671 -0.2062 0.1715 -0.0050 -0.2561 -0.3366 -0.3756 0.0500 0.2667 -0.1725 -0.2955 -0.3638 -0.2583 0.1541 0.0659 -0.2465 -0.3318 -0.3768 0.0302 0.2547 -0.1569 -0.2845 -0.3360 -0.2845 -0.1569 0.2547 0.0302 -0.3768 -0.3318 -0.2465 0.0659 0.1541 -0.2583 -0.3638 -0.2955 -0.1725 0.2667 0.0500 -0.3756 -0.3366 -0.2561 -0.0050 0.1715 -0.2062 -0.3671 -0.3023 -0.1880 0.2753 0.0754 -0.3685 -0.3447 -0.2676 -0.0905 0.2046 -0.0728 -0.3732 -0.3182 -0.2220 0.2056 0.1288 -0.3052 -0.3607 -0.2923 -0.1702 0.2687 0.0607 -0.3722 -0.3430 -0.2666 -0.0912 0.2076 -0.0568 -0.3617
-0.0524 0.2136 -0.1017 -0.2689 -0.3448 -0.3700 0.0674 0.2719 -0.1752 -0.2945 -0.3620 -0.2938 0.1338 0.1882 -0.2250 -0.3195 -0.3735 -0.0648 0.2065 -0.0929 -0.2679 -0.3447 -0.3688 0.0740 0.2751 -0.1860 -0.3012 -0.3664 -0.2196 0.1668 0.0140 -0.2536 -0.3349 -0.3763 0.0430 0.2627 -0.1677 -0.2933 -0.3625 -0.2740 0.1480 0.0965 -0.2424 -0.3298 -0.3768 0.0214 0.2498 -0.1535 -0.2866 -0.3605 -0.3884 -0.3605 -0.2866 -0.1535 0.2498 0.0214 -0.3768 -0.3298 -0.2424 0.0965 0.1480 -0.2740 -0.3625 -0.2933 -0.1677 0.2627 0.0430 -0.3763 -0.3349 -0.2536 0.0140 0.1668 -0.2196 -0.3664 -0.3012 -0.1860 0.2751 0.0740 -0.3688 -0.3447 -0.2679 -0.0929 0.2065 -0.0648 -0.3735 -0.3195 -0.2250 0.1882 0.1338 -0.2938 -0.3620 -0.2945 -0.1752 0.2719 0.0674 -0.3700 -0.3448 -0.2689 -0.1017 0.2136 -0.0524
0.2169 -0.1111 -0.2713 -0.3465 -0.3672 0.0739 0.2742 -0.1801 -0.2968 -0.3632 -0.2802 0.1395 0.1655 -0.2285 -0.3211 -0.3741 -0.0537 0.2097 -0.0975 -0.2686 -0.3451 -0.3685 0.0740 0.2750 -0.1850 -0.3004 -0.3659 -0.2294 0.1629 0.0316 -0.2509 -0.3334 -0.3767 0.0360 0.2584 -0.1628 -0.2912 -0.3613 -0.2878 0.1421 0.1262 -0.2383 -0.3278 -0.3765 0.0118 0.2442 -0.1481 -0.2852 -0.3579 -0.3385 0.0152 -0.3385 -0.3579 -0.2852 -0.1481 0.2442 0.0118 -0.3765 -0.3278 -0.2383 0.1262 0.1421 -0.2878 -0.3613 -0.2912 -0.1628 0.2584 0.0360 -0.3767 -0.3334 -0.2509 0.0316 0.1629 -0.2294 -0.3659 -0.3004 -0.1850 0.2750 0.0740 -0.3685 -0.3451 -0.2686 -0.0975 0.2097 -0.0537 -0.3741 -0.3211 -0.2285 0.1655 0.1395 -0.2802 -0.3632 -0.2968 -0.1801 0.2742 0.0739 -0.3672 -0.3465 -0.2713 -0.1111 0.2169
-0.1156 -0.2736 -0.3483 -0.3639 0.0802 0.2754 -0.1848 -0.2990 -0.3645 -0.2648 0.1456 0.1382 -0.2325 -0.3230 -0.3746 -0.0410 0.2139 -0.1037 -0.2699 -0.3458 -0.3675 0.0754 0.2751 -0.1850 -0.3002 -0.3657 -0.2354 0.1603 0.0459 -0.2484 -0.3322 -0.3768 0.0296 0.2542 -0.1580 -0.2891 -0.3600 -0.3000 0.1365 0.1536 -0.2343 -0.3258 -0.3760 0.0014 0.2385 -0.1420 -0.2831 -0.3564 -0.3314 0.1054 0.2330 0.1054 -0.3314 -0.3564 -0.2831 -0.1420 0.2385 0.0014 -0.3760 -0.3258 -0.2343 0.1536 0.1365 -0.3000 -0.3600 -0.2891 -0.1580 0.2542 0.0296 -0.3768 -0.3322 -0.2484 0.0459 0.1603 -0.2354 -0.3657 -0.3002 -0.1850 0.2751 0.0754 -0.3675 -0.3458 -0.2699 -0.1037 0.2139 -0.0410 -0.3746 -0.3230 -0.2325 0.1382 0.1456 -0.2648 -0.3645 -0.2990 -0.1848 0.2754 0.0802 -0.3639 -0.3483 -0.2736 -0.1156
-0.2586 -0.3499 -0.3600 0.0863 0.2752 -0.1894 -0.3012 -0.3656 -0.2480 0.1517 0.1082 -0.2367 -0.3250 -0.3752 -0.0279 0.2189 -0.1108 -0.2715 -0.3469 -0.3659 0.0780 0.2753 -0.1860 -0.3004 -0.3657 -0.2374 0.1589 0.0553 -0.2466 -0.3312 -0.3768 0.0240 0.2505 -0.1538 -0.2873 -0.3589 -0.3105 0.1310 0.1781 -0.2304 -0.3239 -0.3755 -0.0098 0.2327 -0.1356 -0.2809 -0.3549 -0.3363 0.1125 0.2622 -0.1369 0.2622 0.1125 -0.3363 -0.3549 -0.2809 -0.1356 0.2327 -0.0098 -0.3755 -0.3239 -0.2304 0.1781 0.1310 -0.3105 -0.3589 -0.2873 -0.1538 0.2505 0.0240 -0.3768 -0.3312 -0.2466 0.0553 0.1589 -0.2374 -0.3657 -0.3004 -0.1860 0.2753 0.0780 -0.3659 -0.3469 -0.2715 -0.1108 0.2189 -0.0279 -0.3752 -0.3250 -0.2367 0.1082 0.1517 -0.2480 -0.3656 -0.3012 -0.1894 0.2752 0.0863 -0.3600 -0.3499 -0.2586
-0.3364 -0.3553 0.0923 0.2734 -0.1939 -0.3035 -0.3668 -0.2295 0.1580 0.0773 -0.2408 -0.3270 -0.3758 -0.0149 0.2244 -0.1183 -0.2734 -0.3482 -0.3636 0.0818 0.2755 -0.1880 -0.3012 -0.3659 -0.2354 0.1589 0.0585 -0.2457 -0.3306 -0.3768 0.0195 0.2473 -0.1502 -0.2857 -0.3578 -0.3189 0.1262 0.1984 -0.2266 -0.3220 -0.3749 -0.0221 0.2269 -0.1289 -0.2787 -0.3534 -0.3428 0.1096 0.2505 -0.2053 -0.2783 -0.2053 0.2505 0.1096 -0.3428 -0.3534 -0.2787 -0.1289 0.2269 -0.0221 -0.3749 -0.3220 -0.2266 0.1984 0.1262 -0.3189 -0.3578 -0.2857 -0.1502 0.2473 0.0195 -0.3768 -0.3306 -0.2457 0.0585 0.1589 -0.2354 -0.3659 -0.3012 -0.1880 0.2755 0.0818 -0.3636 -0.3482 -0.2734 -0.1183 0.2244 -0.0149 -0.3758 -0.3270 -0.2408 0.0773 0.1580 -0.2295 -0.3668 -0.3035 -0.1939 0.2734 0.0923 -0.3553 -0.3364
-0.3456 0.0983 0.2698 -0.1983 -0.3057 -0.3678 -0.2097 0.1645 0.0471 -0.2451 -0.3291 -0.3763 -0.0027 0.2304 -0.1258 -0.2755 -0.3497 -0.3604 0.0863 0.2751 -0.1907 -0.3023 -0.3664 -0.2294 0.1603 0.0553 -0.2457 -0.3304 -0.3768 0.0165 0.2450 -0.1472 -0.2845 -0.3569 -0.3254 0.1219 0.2143 -0.2232 -0.3202 -0.3743 -0.0353 0.2213 -0.1216 -0.2765 -0.3519 -0.3489 0.1046 0.2561 -0.2095 -0.3104 -0.3595 -0.3104 -0.2095 0.2561 0.1046 -0.3489 -0.3519 -0.2765 -0.1216 0.2213 -0.0353 -0.3743 -0.3202 -0.2232 0.2143 0.1219 -0.3254 -0.3569 -0.2845 -0.1472 0.2450 0.0165 -0.3768 -0.3304 -0.2457 0.0553 0.1603 -0.2294 -0.3664 -0.3023 -0.1907 0.2751 0.0863 -0.3604 -0.3497 -0.2755 -0.1258 0.2304 -0.0027 -0.3763 -0.3291 -0.2451 0.0471 0.1645 -0.2097 -0.3678 -0.3057 -0.1983 0.2698 0.0983 -0.3456
0.0997 0.2641 -0.2027 -0.3079 -0.3688 -0.1886 0.1710 0.0191 -0.2493 -0.3311 -0.3767 0.0083 0.2364 -0.1332 -0.2778 -0.3512 -0.3562 0.0914 0.2736 -0.1940 -0.3038 -0.3671 -0.2196 0.1629 0.0459 -0.2466 -0.3306 -0.3768 0.0154 0.2438 -0.1453 -0.2836 -0.3562 -0.3303 0.1184 0.2264 -0.2201 -0.3185 -0.3737 -0.0489 0.2159 -0.1140 -0.2743 -0.3504 -0.3542 0.0992 0.2633 -0.2070 -0.3115 -0.3756 -0.3600 -0.3756 -0.3115 -0.2070 0.2633 0.0992 -0.3542 -0.3504 -0.2743 -0.1140 0.2159 -0.0489 -0.3737 -0.3185 -0.2201 0.2264 0.1184 -0.3303 -0.3562 -0.2836 -0.1453 0.2438 0.0154 -0.3768 -0.3306 -0.2466 0.0459 0.1629 -0.2196 -0.3671 -0.3038 -0.1940 0.2736 0.0914 -0.3562 -0.3512 -0.2778 -0.1332 0.2364 0.0083 -0.3767 -0.3311 -0.2493 0.0191 0.1710 -0.1886 -0.3688 -0.3079 -0.2027 0.2641 0.0997
0.2507 -0.2070 -0.3100 -0.3698 -0.1666 0.1771 -0.0058 -0.2533 -0.3330 -0.3768 0.0184 0.2424 -0.1400 -0.2801 -0.3528 -0.3510 0.0970 0.2706 -0.1977 -0.3055 -0.3678 -0.2062 0.1668 0.0316 -0.2484 -0.3312 -0.3768 0.0165 0.2438 -0.1447 -0.2831 -0.3557 -0.3336 0.1156 0.2349 -0.2176 -0.3171 -0.3732 -0.0620 0.2110 -0.1063 -0.2722 -0.3488 -0.3587 0.0937 0.2689 -0.2032 -0.3101 -0.3712 -0.1749 0.0921 -0.1749 -0.3712 -0.3101 -0.2032 0.2689 0.0937 -0.3587 -0.3488 -0.2722 -0.1063 0.2110 -0.0620 -0.3732 -0.3171 -0.2176 0.2349 0.1156 -0.3336 -0.3557 -0.2831 -0.1447 0.2438 0.0165 -0.3768 -0.3312 -0.2484 0.0316 0.1668 -0.2062 -0.3678 -0.3055 -0.1977 0.2706 0.0970 -0.3510 -0.3528 -0.2801 -0.1400 0.2424 0.0184 -0.3768 -0.3330 -0.2533 -0.0058 0.1771 -0.1666 -0.3698 -0.3100 -0.2070 0.2507
-0.1999 -0.3122 -0.3707 -0.1443 0.1827 -0.0274 -0.2564 -0.3350 -0.3767 0.0276 0.2482 -0.1463 -0.2824 -0.3544 -0.3449 0.1028 0.2655 -0.2018 -0.3075 -0.3687 -0.1896 0.1715 0.0140 -0.2509 -0.3322 -0.3768 0.0195 0.2450 -0.1453 -0.2831 -0.3556 -0.3353 0.1139 0.2403 -0.2156 -0.3160 -0.3728 -0.0741 0.2068 -0.0988 -0.2703 -0.3474 -0.3624 0.0883 0.2726 -0.1993 -0.3082 -0.3700 -0.1535 0.1689 0.2715 0.1689 -0.1535 -0.3700 -0.3082 -0.1993 0.2726 0.0883 -0.3624 -0.3474 -0.2703 -0.0988 0.2068 -0.0741 -0.3728 -0.3160 -0.2156 0.2403 0.1139 -0.3353 -0.3556 -0.2831 -0.1453 0.2450 0.0195 -0.3768 -0.3322 -0.2509 0.0140 0.1715 -0.1896 -0.3687 -0.3075 -0.2018 0.2655 0.1028 -0.3449 -0.3544 -0.2824 -0.1463 0.2482 0.0276 -0.3767 -0.3350 -0.2564 -0.0274 0.1827 -0.1443 -0.3707 -0.3122 -0.1999
-0.2978 -0.3716 -0.1221 0.1884 -0.0460 -0.2588 -0.3369 -0.3762 0.0361 0.2537 -0.1524 -0.2847 -0.3559 -0.3377 0.1086 0.2578 -0.2061 -0.3096 -0.3696 -0.1704 0.1764 -0.0050 -0.2536 -0.3334 -0.3768 0.0240 0.2473 -0.1472 -0.2836 -0.3557 -0.3353 0.1133 0.2431 -0.2144 -0.3152 -0.3724 -0.0845 0.2033 -0.0919 -0.2687 -0.3461 -0.3654 0.0832 0.2747 -0.1954 -0.3063 -0.3691 -0.1653 0.1802 0.0093 -0.2033 0.0093 0.1802 -0.1653 -0.3691 -0.3063 -0.1954 0.2747 0.0832 -0.3654 -0.3461 -0.2687 -0.0919 0.2033 -0.0845 -0.3724 -0.3152 -0.2144 0.2431 0.1133 -0.3353 -0.3557 -0.2836 -0.1472 0.2473 0.0240 -0.3768 -0.3334 -0.2536 -0.0050 0.1764 -0.1704 -0.3696 -0.3096 -0.2061 0.2578 0.1086 -0.3377 -0.3559 -0.2847 -0.1524 0.2537 0.0361 -0.3762 -0.3369 -0.2588 -0.0460 0.1884 -0.1221 -0.3716 -0.2978
-0.3596 -0.1006 0.1942 -0.0620 -0.2611 -0.3388 -0.3754 0.0441 0.2588 -0.1581 -0.2870 -0.3574 -0.3296 0.1144 0.2475 -0.2103 -0.3117 -0.3705 -0.1490 0.1816 -0.0240 -0.2561 -0.3349 -0.3767 0.0296 0.2505 -0.1502 -0.2845 -0.3562 -0.3336 0.1139 0.2431 -0.2139 -0.3147 -0.3722 -0.0921 0.2006 -0.0860 -0.2673 -0.3449 -0.3676 0.0785 0.2754 -0.1916 -0.3044 -0.3682 -0.1833 0.1776 -0.0197 -0.2521 -0.3052 -0.2521 -0.0197 0.1776 -0.1833 -0.3682 -0.3044 -0.1916 0.2754 0.0785 -0.3676 -0.3449 -0.2673 -0.0860 0.2006 -0.0921 -0.3722 -0.3147 -0.2139 0.2431 0.1139 -0.3336 -0.3562 -0.2845 -0.1502 0.2505 0.0296 -0.3767 -0.3349 -0.2561 -0.0240 0.1816 -0.1490 -0.3705 -0.3117 -0.2103 0.2475 0.1144 -0.3296 -0.3574 -0.2870 -0.1581 0.2588 0.0441 -0.3754 -0.3388 -0.2611 -0.0620 0.1942 -0.1006 -0.3596
-0.0945 0.2002 -0.0759 -0.2635 -0.3406 -0.3743 0.0516 0.2635 -0.1635 -0.2893 -0.3589 -0.3202 0.1202 0.2341 -0.2145 -0.3139 -0.3714 -0.1268 0.1872 -0.0423 -0.2583 -0.3366 -0.3763 0.0360 0.2542 -0.1538 -0.2857 -0.3569 -0.3303 0.1156 0.2403 -0.2144 -0.3147 -0.3721 -0.0962 0.1989 -0.0815 -0.2662 -0.3440 -0.3692 0.0745 0.2753 -0.1883 -0.3026 -0.3673 -0.2012 0.1730 -0.0091 -0.2555 -0.3351 -0.3784 -0.3351 -0.2555 -0.0091 0.1730 -0.2012 -0.3673 -0.3026 -0.1883 0.2753 0.0745 -0.3692 -0.3440 -0.2662 -0.0815 0.1989 -0.0962 -0.3721 -0.3147 -0.2144 0.2403 0.1156 -0.3303 -0.3569 -0.2857 -0.1538 0.2542 0.0360 -0.3763 -0.3366 -0.2583 -0.0423 0.1872 -0.1268 -0.3714 -0.3139 -0.2145 0.2341 0.1202 -0.3202 -0.3589 -0.2893 -0.1635 0.2635 0.0516 -0.3743 -0.3406 -0.2635 -0.0759 0.2002 -0.0945
0.2033 -0.0881 -0.2659 -0.3425 -0.3727 0.0587 0.2677 -0.1688 -0.2916 -0.3602 -0.3097 0.1260 0.2174 -0.2187 -0.3160 -0.3722 -0.1052 0.1929 -0.0587 -0.2606 -0.3384 -0.3756 0.0430 0.2584 -0.1580 -0.2873 -0.3578 -0.3254 0.1184 0.2349 -0.2156 -0.3152 -0.3722 -0.0962 0.1983 -0.0791 -0.2655 -0.3433 -0.3703 0.0713 0.2747 -0.1854 -0.3011 -0.3665 -0.2171 0.1680 0.0089 -0.2541 -0.3350 -0.3801 -0.2191 -0.3801 -0.3350 -0.2541 0.0089 0.1680 -0.2171 -0.3665 -0.3011 -0.1854 0.2747 0.0713 -0.3703 -0.3433 -0.2655 -0.0791 0.1983 -0.0962 -0.3722 -0.3152 -0.2156 0.2349 0.1184 -0.3254 -0.3578 -0.2873 -0.1580 0.2584 0.0430 -0.3756 -0.3384 -0.2606 -0.0587 0.1929 -0.1052 -0.3722 -0.3160 -0.2187 0.2174 0.1260 -0.3097 -0.3602 -0.2916 -0.1688 0.2677 0.0587 -0.3727 -0.3425 -0.2659 -0.0881 0.2033
-0.0957 -0.2683 -0.3443 -0.3706 0.0655 0.2711 -0.1738 -0.2938 -0.3616 -0.2978 0.1318 0.1973 -0.2229 -0.3181 -0.3730 -0.0847 0.1987 -0.0730 -0.2630 -0.3402 -0.3746 0.0500 0.2627 -0.1628 -0.2891 -0.3589 -0.3189 0.1219 0.2264 -0.2176 -0.3160 -0.3724 -0.0921 0.1989 -0.0791 -0.2653 -0.3430 -0.3709 0.0689 0.2740 -0.1830 -0.2998 -0.3658 -0.2303 0.1632 0.0286 -0.2515 -0.3337 -0.3766 0.0158 0.1543 0.0158 -0.3766 -0.3337 -0.2515 0.0286 0.1632 -0.2303 -0.3658 -0.2998 -0.1830 0.2740 0.0689 -0.3709 -0.3430 -0.2653 -0.0791 0.1989 -0.0921 -0.3724 -0.3160 -0.2176 0.2264 0.1219 -0.3189 -0.3589 -0.2891 -0.1628 0.2627 0.0500 -0.3746 -0.3402 -0.2630 -0.0730 0.1987 -0.0847 -0.3730 -0.3181 -0.2229 0.1973 0.1318 -0.2978 -0.3616 -0.2938 -0.1738 0.2711 0.0655 -0.3706 -0.3443 -0.2683 -0.0957
-0.2531 -0.3460 -0.3681 0.0721 0.2737 -0.1787 -0.2961 -0.3629 -0.2844 0.1377 0.1736 -0.2271 -0.3202 -0.3737 -0.0657 0.2046 -0.0854 -0.2653 -0.3420 -0.3731 0.0570 0.2667 -0.1677 -0.2912 -0.3600 -0.3105 0.1262 0.2143 -0.2201 -0.3171 -0.3728 -0.0845 0.2006 -0.0815 -0.2655 -0.3430 -0.3711 0.0676 0.2735 -0.1813 -0.2988 -0.3652 -0.2409 0.1592 0.0476 -0.2485 -0.3323 -0.3768 0.0266 0.2385 0.0780 0.2385 0.0266 -0.3768 -0.3323 -0.2485 0.0476 0.1592 -0.2409 -0.3652 -0.2988 -0.1813 0.2735 0.0676 -0.3711 -0.3430 -0.2655 -0.0815 0.2006 -0.0845 -0.3728 -0.3171 -0.2201 0.2143 0.1262 -0.3105 -0.3600 -0.2912 -0.1677 0.2667 0.0570 -0.3731 -0.3420 -0.2653 -0.0854 0.2046 -0.0657 -0.3737 -0.3202 -0.2271 0.1736 0.1377 -0.2844 -0.3629 -0.2961 -0.1787 0.2737 0.0721 -0.3681 -0.3460 -0.2531
-0.3324 -0.3650 0.0784 0.2752 -0.1835 -0.2983 -0.3641 -0.2696 0.1438 0.1467 -0.2312 -0.3223 -0.3744 -0.0484 0.2104 -0.0964 -0.2677 -0.3438 -0.3712 0.0638 0.2703 -0.1725 -0.2933 -0.3613 -0.3000 0.1310 0.1984 -0.2232 -0.3185 -0.3732 -0.0741 0.2033 -0.0860 -0.2662 -0.3433 -0.3709 0.0676 0.2733 -0.1804 -0.2982 -0.3648 -0.2487 0.1560 0.0644 -0.2459 -0.3311 -0.3768 0.0236 0.2482 -0.1386 -0.2436 -0.1386 0.2482 0.0236 -0.3768 -0.3311 -0.2459 0.0644 0.1560 -0.2487 -0.3648 -0.2982 -0.1804 0.2733 0.0676 -0.3709 -0.3433 -0.2662 -0.0860 0.2033 -0.0741 -0.3732 -0.3185 -0.2232 0.1984 0.1310 -0.3000 -0.3613 -0.2933 -0.1725 0.2703 0.0638 -0.3712 -0.3438 -0.2677 -0.0964 0.2104 -0.0484 -0.3744 -0.3223 -0.2312 0.1467 0.1438 -0.2696 -0.3641 -0.2983 -0.1835 0.2752 0.0784 -0.3650 -0.3324
-0.3551 0.0846 0.2754 -0.1881 -0.3006 -0.3653 -0.2531 0.1499 0.1173 -0.2354 -0.3244 -0.3750 -0.0329 0.2164 -0.1063 -0.2700 -0.3456 -0.3688 0.0703 0.2731 -0.1774 -0.2955 -0.3625 -0.2878 0.1365 0.1781 -0.2266 -0.3202 -0.3737 -0.0620 0.2068 -0.0919 -0.2673 -0.3440 -0.3703 0.0689 0.2735 -0.1804 -0.2980 -0.3646 -0.2535 0.1537 0.0777 -0.2438 -0.3300 -0.3768 0.0183 0.2466 -0.1473 -0.2804 -0.3320 -0.2804 -0.1473 0.2466 0.0183 -0.3768 -0.3300 -0.2438 0.0777 0.1537 -0.2535 -0.3646 -0.2980 -0.1804 0.2735 0.0689 -0.3703 -0.3440 -0.2673 -0.0919 0.2068 -0.0620 -0.3737 -0.3202 -0.2266 0.1781 0.1365 -0.2878 -0.3625 -0.2955 -0.1774 0.2731 0.0703 -0.3688 -0.3456 -0.2700 -0.1063 0.2164 -0.0329 -0.3750 -0.3244 -0.2354 0.1173 0.1499 -0.2531 -0.3653 -0.3006 -0.1881 0.2754 0.0846 -0.3551
0.0859 0.2741 -0.1926 -0.3028 -0.3664 -0.2352 0.1561 0.0865 -0.2396 -0.3264 -0.3756 -0.0190 0.2224 -0.1152 -0.2724 -0.3473 -0.3658 0.0767 0.2749 -0.1821 -0.2977 -0.3638 -0.2740 0.1421 0.1536 -0.2304 -0.3220 -0.3743 -0.0489 0.2110 -0.0988 -0.2687 -0.3449 -0.3692 0.0713 0.2740 -0.1813 -0.2982 -0.3646 -0.2551 0.1526 0.0860 -0.2423 -0.3291 -0.3766 0.0132 0.2437 -0.1459 -0.2833 -0.3578 -0.3883 -0.3578 -0.2833 -0.1459 0.2437 0.0132 -0.3766 -0.3291 -0.2423 0.0860 0.1526 -0.2551 -0.3646 -0.2982 -0.1813 0.2740 0.0713 -0.3692 -0.3449 -0.2687 -0.0988 0.2110 -0.0489 -0.3743 -0.3220 -0.2304 0.1536 0.1421 -0.2740 -0.3638 -0.2977 -0.1821 0.2749 0.0767 -0.3658 -0.3473 -0.2724 -0.1152 0.2224 -0.0190 -0.3756 -0.3264 -0.2396 0.0865 0.1561 -0.2352 -0.3664 -0.3028 -0.1926 0.2741 0.0859
0.2662 -0.1971 -0.3050 -0.3675 -0.2157 0.1626 0.0559 -0.2438 -0.3285 -0.3762 -0.0065 0.2284 -0.1233 -0.2747 -0.3490 -0.3623 0.0829 0.2755 -0.1867 -0.2999 -0.3650 -0.2583 0.1480 0.1262 -0.2343 -0.3239 -0.3749 -0.0353 0.2159 -0.1063 -0.2703 -0.3461 -0.3676 0.0745 0.2747 -0.1830 -0.2988 -0.3648 -0.2535 0.1526 0.0888 -0.2415 -0.3286 -0.3765 0.0089 0.2410 -0.1431 -0.2828 -0.3560 -0.3479 0.0001 -0.3479 -0.3560 -0.2828 -0.1431 0.2410 0.0089 -0.3765 -0.3286 -0.2415 0.0888 0.1526 -0.2535 -0.3648 -0.2988 -0.1830 0.2747 0.0745 -0.3676 -0.3461 -0.2703 -0.1063 0.2159 -0.0353 -0.3749 -0.3239 -0.2343 0.1262 0.1480 -0.2583 -0.3650 -0.2999 -0.1867 0.2755 0.0829 -0.3623 -0.3490 -0.2747 -0.1233 0.2284 -0.0065 -0.3762 -0.3285 -0.2438 0.0559 0.1626 -0.2157 -0.3675 -0.3050 -0.1971 0.2662
-0.1914 -0.3072 -0.3685 -0.1949 0.1692 0.0272 -0.2480 -0.3304 -0.3766 0.0049 0.2345 -0.1308 -0.2770 -0.3507 -0.3580 0.0889 0.2747 -0.1913 -0.3021 -0.3661 -0.2410 0.1541 0.0965 -0.2383 -0.3258 -0.3755 -0.0221 0.2213 -0.1140 -0.2722 -0.3474 -0.3654 0.0785 0.2753 -0.1854 -0.2998 -0.3652 -0.2487 0.1537 0.0860 -0.2415 -0.3284 -0.3764 0.0061 0.2390 -0.1405 -0.2819 -0.3552 -0.3394 0.0988 0.2254 0.0988 -0.3394 -0.3552 -0.2819 -0.1405 0.2390 0.0061 -0.3764 -0.3284 -0.2415 0.0860 0.1537 -0.2487 -0.3652 -0.2998 -0.1854 0.2753 0.0785 -0.3654 -0.3474 -0.2722 -0.1140 0.2213 -0.0221 -0.3755 -0.3258 -0.2383 0.0965 0.1541 -0.2410 -0.3661 -0.3021 -0.1913 0.2747 0.0889 -0.3580 -0.3507 -0.2770 -0.1308 0.2345 0.0049 -0.3766 -0.3304 -0.2480 0.0272 0.1692 -0.1949 -0.3685 -0.3072 -0.1914
-0.2928 -0.3696 -0.1732 0.1754 0.0014 -0.2522 -0.3324 -0.3768 0.0152 0.2404 -0.1377 -0.2793 -0.3523 -0.3530 0.0948 0.2722 -0.1957 -0.3043 -0.3672 -0.2221 0.1604 0.0659 -0.2424 -0.3278 -0.3760 -0.0098 0.2269 -0.1216 -0.2743 -0.3488 -0.3624 0.0832 0.2754 -0.1883 -0.3011 -0.3658 -0.2409 0.1560 0.0777 -0.2423 -0.3286 -0.3764 0.0051 0.2378 -0.1387 -0.2812 -0.3546 -0.3400 0.1083 0.2684 -0.1289 0.2684 0.1083 -0.3400 -0.3546 -0.2812 -0.1387 0.2378 0.0051 -0.3764 -0.3286 -0.2423 0.0777 0.1560 -0.2409 -0.3658 -0.3011 -0.1883 0.2754 0.0832 -0.3624 -0.3488 -0.2743 -0.1216 0.2269 -0.0098 -0.3760 -0.3278 -0.2424 0.0659 0.1604 -0.2221 -0.3672 -0.3043 -0.1957 0.2722 0.0948 -0.3530 -0.3523 -0.2793 -0.1377 0.2404 0.0152 -0.3768 -0.3324 -0.2522 0.0014 0.1754 -0.1732 -0.3696 -0.2928
-0.3572 -0.1509 0.1810 -0.0211 -0.2556 -0.3344 -0.3768 0.0246 0.2462 -0.1441 -0.2816 -0.3539 -0.3472 0.1006 0.2678 -0.2001 -0.3065 -0.3682 -0.2018 0.1670 0.0367 -0.2465 -0.3298 -0.3765 0.0014 0.2327 -0.1289 -0.2765 -0.3504 -0.3587 0.0883 0.2747 -0.1916 -0.3026 -0.3665 -0.2303 0.1592 0.0644 -0.2438 -0.3291 -0.3765 0.0061 0.2378 -0.1381 -0.2808 -0.3542 -0.3417 0.1087 0.2551 -0.2023 -0.2764 -0.2023 0.2551 0.1087 -0.3417 -0.3542 -0.2808 -0.1381 0.2378 0.0061 -0.3765 -0.3291 -0.2438 0.0644 0.1592 -0.2303 -0.3665 -0.3026 -0.1916 0.2747 0.0883 -0.3587 -0.3504 -0.2765 -0.1289 0.2327 0.0014 -0.3765 -0.3298 -0.2465 0.0367 0.1670 -0.2018 -0.3682 -0.3065 -0.2001 0.2678 0.1006 -0.3472 -0.3539 -0.2816 -0.1441 0.2462 0.0246 -0.3768 -0.3344 -0.2556 -0.0211 0.1810 -0.1509 -0.3572
-0.1433 0.1868 -0.0405 -0.2580 -0.3363 -0.3764 0.0333 0.2518 -0.1503 -0.2839 -0.3554 -0.3405 0.1064 0.2611 -0.2044 -0.3087 -0.3692 -0.1805 0.1733 0.0100 -0.2508 -0.3318 -0.3768 0.0118 0.2385 -0.1356 -0.2787 -0.3519 -0.3542 0.0937 0.2726 -0.1954 -0.3044 -0.3673 -0.2171 0.1632 0.0476 -0.2459 -0.3300 -0.3766 0.0089 0.2390 -0.1387 -0.2808 -0.3540 -0.3428 0.1078 0.2541 -0.2090 -0.3095 -0.3584 -0.3095 -0.2090 0.2541 0.1078 -0.3428 -0.3540 -0.2808 -0.1387 0.2390 0.0089 -0.3766 -0.3300 -0.2459 0.0476 0.1632 -0.2171 -0.3673 -0.3044 -0.1954 0.2726 0.0937 -0.3542 -0.3519 -0.2787 -0.1356 0.2385 0.0118 -0.3768 -0.3318 -0.2508 0.0100 0.1733 -0.1805 -0.3692 -0.3087 -0.2044 0.2611 0.1064 -0.3405 -0.3554 -0.2839 -0.1503 0.2518 0.0333 -0.3764 -0.3363 -0.2580 -0.0405 0.1868 -0.1433
0.1896 -0.0572 -0.2604 -0.3382 -0.3758 0.0414 0.2570 -0.1560 -0.2862 -0.3569 -0.3328 0.1121 0.2520 -0.2086 -0.3109 -0.3702 -0.1587 0.1790 -0.0136 -0.2544 -0.3337 -0.3768 0.0214 0.2442 -0.1420 -0.2809 -0.3534 -0.3489 0.0992 0.2689 -0.1993 -0.3063 -0.3682 -0.2012 0.1680 0.0286 -0.2485 -0.3311 -0.3768 0.0132 0.2410 -0.1405 -0.2812 -0.3542 -0.3428 0.1074 0.2549 -0.2095 -0.3121 -0.3754 -0.3610 -0.3754 -0.3121 -0.2095 0.2549 0.1074 -0.3428 -0.3542 -0.2812 -0.1405 0.2410 0.0132 -0.3768 -0.3311 -0.2485 0.0286 0.1680 -0.2012 -0.3682 -0.3063 -0.1993 0.2689 0.0992 -0.3489 -0.3534 -0.2809 -0.1420 0.2442 0.0214 -0.3768 -0.3337 -0.2544 -0.0136 0.1790 -0.1587 -0.3702 -0.3109 -0.2086 0.2520 0.1121 -0.3328 -0.3569 -0.2862 -0.1560 0.2570 0.0414 -0.3758 -0.3382 -0.2604 -0.0572 0.1896
-0.0691 -0.2627 -0.3400 -0.3747 0.0488 0.2618 -0.1614 -0.2884 -0.3583 -0.3242 0.1177 0.2402 -0.2127 -0.3130 -0.3711 -0.1369 0.1846 -0.0338 -0.2571 -0.3356 -0.3766 0.0302 0.2498 -0.1481 -0.2831 -0.3549 -0.3428 0.1046 0.2633 -0.2032 -0.3082 -0.3691 -0.1833 0.1730 0.0089 -0.2515 -0.3323 -0.3768 0.0183 0.2437 -0.1431 -0.2819 -0.3546 -0.3417 0.1078 0.2549 -0.2094 -0.3123 -0.3717 -0.1674 0.0931 -0.1674 -0.3717 -0.3123 -0.2094 0.2549 0.1078 -0.3417 -0.3546 -0.2819 -0.1431 0.2437 0.0183 -0.3768 -0.3323 -0.2515 0.0089 0.1730 -0.1833 -0.3691 -0.3082 -0.2032 0.2633 0.1046 -0.3428 -0.3549 -0.2831 -0.1481 0.2498 0.0302 -0.3766 -0.3356 -0.2571 -0.0338 0.1846 -0.1369 -0.3711 -0.3130 -0.2127 0.2402 0.1177 -0.3242 -0.3583 -0.2884 -0.1614 0.2618 0.0488 -0.3747 -0.3400 -0.2627 -0.0691
-0.2471 -0.3418 -0.3734 0.0554 0.2658 -0.1663 -0.2905 -0.3598 -0.3152 0.1229 0.2266 -0.2166 -0.3150 -0.3719 -0.1168 0.1897 -0.0498 -0.2593 -0.3374 -0.3761 0.0377 0.2547 -0.1535 -0.2852 -0.3564 -0.3363 0.1096 0.2561 -0.2070 -0.3101 -0.3700 -0.1653 0.1776 -0.0091 -0.2541 -0.3337 -0.3768 0.0236 0.2466 -0.1459 -0.2828 -0.3552 -0.3400 0.1087 0.2541 -0.2095 -0.3123 -0.3714 -0.1312 0.1728 0.2702 0.1728 -0.1312 -0.3714 -0.3123 -0.2095 0.2541 0.1087 -0.3400 -0.3552 -0.2828 -0.1459 0.2466 0.0236 -0.3768 -0.3337 -0.2541 -0.0091 0.1776 -0.1653 -0.3700 -0.3101 -0.2070 0.2561 0.1096 -0.3363 -0.3564 -0.2852 -0.1535 0.2547 0.0377 -0.3761 -0.3374 -0.2593 -0.0498 0.1897 -0.1168 -0.3719 -0.3150 -0.2166 0.2266 0.1229 -0.3152 -0.3598 -0.2905 -0.1663 0.2658 0.0554 -0.3734 -0.3418 -0.2471
-0.3276 -0.3724 0.0593 0.2681 -0.1693 -0.2920 -0.3613 -0.3086 0.1257 0.2166 -0.2192 -0.3165 -0.3729 -0.1042 0.1931 -0.0589 -0.2607 -0.3390 -0.3755 0.0423 0.2577 -0.1569 -0.2866 -0.3579 -0.3314 0.1125 0.2505 -0.2095 -0.3115 -0.3712 -0.1535 0.1802 -0.0197 -0.2555 -0.3350 -0.3766 0.0266 0.2482 -0.1473 -0.2833 -0.3560 -0.3394 0.1083 0.2551 -0.2090 -0.3121 -0.3717 -0.1312 0.1865 -0.0081 -0.2056 -0.0081 0.1865 -0.1312 -0.3717 -0.3121 -0.2090 0.2551 0.1083 -0.3394 -0.3560 -0.2833 -0.1473 0.2482 0.0266 -0.3766 -0.3350 -0.2555 -0.0197 0.1802 -0.1535 -0.3712 -0.3115 -0.2095 0.2505 0.1125 -0.3314 -0.3579 -0.2866 -0.1569 0.2577 0.0423 -0.3755 -0.3390 -0.2607 -0.0589 0.1931 -0.1042 -0.3729 -0.3165 -0.2192 0.2166 0.1257 -0.3086 -0.3613 -0.2920 -0.1693 0.2681 0.0593 -0.3724 -0.3276
-0.3664 0.0517 0.2635 -0.1636 -0.2900 -0.3643 -0.3182 0.1183 0.2368 -0.2152 -0.3156 -0.3775 -0.1245 0.1819 -0.0393 -0.2578 -0.3396 -0.3786 0.0341 0.2512 -0.1504 -0.2845 -0.3605 -0.3385 0.1054 0.2622 -0.2053 -0.3104 -0.3756 -0.1749 0.1689 0.0093 -0.2521 -0.3351 -0.3801 0.0158 0.2385 -0.1386 -0.2804 -0.3578 -0.3479 0.0988 0.2684 -0.2023 -0.3095 -0.3754 -0.1674 0.1728 -0.0081 -0.2500 -0.3040 -0.2500 -0.0081 0.1728 -0.1674 -0.3754 -0.3095 -0.2023 0.2684 0.0988 -0.3479 -0.3578 -0.2804 -0.1386 0.2385 0.0158 -0.3801 -0.3351 -0.2521 0.0093 0.1689 -0.1749 -0.3756 -0.3104 -0.2053 0.2622 0.1054 -0.3385 -0.3605 -0.2845 -0.1504 0.2512 0.0341 -0.3786 -0.3396 -0.2578 -0.0393 0.1819 -0.1245 -0.3775 -0.3156 -0.2152 0.2368 0.1183 -0.3182 -0.3643 -0.2900 -0.1636 0.2635 0.0517 -0.3664
-0.1299 0.1811 -0.0343 -0.2567 -0.3412 -0.3871 0.0356 0.2464 -0.1531 -0.2839 -0.3638 -0.3440 0.1045 0.2620 -0.2119 -0.3105 -0.3812 -0.1727 0.1669 0.0195 -0.2502 -0.3360 -0.3884 0.0152 0.2330 -0.1369 -0.2783 -0.3595 -0.3600 0.0921 0.2715 -0.2033 -0.3052 -0.3784 -0.2191 0.1543 0.0780 -0.2436 -0.3320 -0.3883 0.0001 0.2254 -0.1289 -0.2764 -0.3584 -0.3610 0.0931 0.2702 -0.2056 -0.3040 -0.3582 -0.3040 -0.2056 0.2702 0.0931 -0.3610 -0.3584 -0.2764 -0.1289 0.2254 0.0001 -0.3883 -0.3320 -0.2436 0.0780 0.1543 -0.2191 -0.3784 -0.3052 -0.2033 0.2715 0.0921 -0.3600 -0.3595 -0.2783 -0.1369 0.2330 0.0152 -0.3884 -0.3360 -0.2502 0.0195 0.1669 -0.1727 -0.3812 -0.3105 -0.2119 0.2620 0.1045 -0.3440 -0.3638 -0.2839 -0.1531 0.2464 0.0356 -0.3871 -0.3412 -0.2567 -0.0343 0.1811 -0.1299
