0.9812 1.0000 0.0001 0.0016 0.0207 0.2702 1.0000 1.0000 0.0004 0.0053 0.0691 0.8990 1.0000 0.0001 0.0014 0.0177 0.2299 1.0000 1.0000 0.0003 0.0045 0.0588 0.7648 1.0000 0.0001 0.0012 0.0150 0.1956 1.0000 1.0000 0.0003 0.0039 0.0501 0.6519 1.0000 0.0001 0.0010 0.0128 0.1667 1.0000 1.0000 0.0003 0.0033 0.0426 0.5535 1.0000 0.0001 0.0008 0.0104 0.1175 0.5783 0.1175 0.0104 0.0008 0.0001 1.0000 0.5535 0.0426 0.0033 0.0003 1.0000 1.0000 0.1667 0.0128 0.0010 0.0001 1.0000 0.6519 0.0501 0.0039 0.0003 1.0000 1.0000 0.1956 0.0150 0.0012 0.0001 1.0000 0.7648 0.0588 0.0045 0.0003 1.0000 1.0000 0.2299 0.0177 0.0014 0.0001 1.0000 0.8990 0.0691 0.0053 0.0004 1.0000 1.0000 0.2702 0.0207 0.0016 0.0001 1.0000 0.9812
1.0000 0.0001 0.0016 0.0207 0.2677 1.0000 1.0000 0.0004 0.0052 0.0681 0.8854 1.0000 0.0001 0.0013 0.0174 0.2264 1.0000 1.0000 0.0003 0.0045 0.0579 0.7532 1.0000 0.0001 0.0011 0.0148 0.1930 1.0000 1.0000 0.0003 0.0038 0.0494 0.6420 1.0000 0.0001 0.0010 0.0126 0.1642 1.0000 1.0000 0.0002 0.0032 0.0420 0.5462 1.0000 0.0001 0.0008 0.0106 0.1340 1.0000 1.0000 1.0000 0.1340 0.0106 0.0008 0.0001 1.0000 0.5462 0.0420 0.0032 0.0002 1.0000 1.0000 0.1642 0.0126 0.0010 0.0001 1.0000 0.6420 0.0494 0.0038 0.0003 1.0000 1.0000 0.1930 0.0148 0.0011 0.0001 1.0000 0.7532 0.0579 0.0045 0.0003 1.0000 1.0000 0.2264 0.0174 0.0013 0.0001 1.0000 0.8854 0.0681 0.0052 0.0004 1.0000 1.0000 0.2677 0.0207 0.0016 0.0001 1.0000
0.0001 0.0016 0.0201 0.2567 1.0000 1.0000 0.0004 0.0049 0.0636 0.8252 1.0000 0.0001 0.0012 0.0162 0.2110 1.0000 1.0000 0.0003 0.0041 0.0540 0.7021 1.0000 0.0001 0.0011 0.0138 0.1795 1.0000 1.0000 0.0003 0.0035 0.0460 0.5984 1.0000 0.0001 0.0009 0.0118 0.1530 1.0000 1.0000 0.0002 0.0030 0.0391 0.5091 1.0000 0.0001 0.0008 0.0100 0.1287 1.0000 1.0000 0.0001 1.0000 1.0000 0.1287 0.0100 0.0008 0.0001 1.0000 0.5091 0.0391 0.0030 0.0002 1.0000 1.0000 0.1530 0.0118 0.0009 0.0001 1.0000 0.5984 0.0460 0.0035 0.0003 1.0000 1.0000 0.1795 0.0138 0.0011 0.0001 1.0000 0.7021 0.0540 0.0041 0.0003 1.0000 1.0000 0.2110 0.0162 0.0012 0.0001 1.0000 0.8252 0.0636 0.0049 0.0004 1.0000 1.0000 0.2567 0.0201 0.0016 0.0001
0.0016 0.0207 0.2567 1.0000 1.0000 0.0004 0.0046 0.0598 0.7750 1.0000 0.0001 0.0012 0.0151 0.1967 1.0000 1.0000 0.0003 0.0039 0.0503 0.6544 1.0000 0.0001 0.0010 0.0129 0.1673 1.0000 1.0000 0.0003 0.0033 0.0429 0.5577 1.0000 0.0001 0.0008 0.0110 0.1426 1.0000 1.0000 0.0002 0.0028 0.0365 0.4745 1.0000 0.0001 0.0007 0.0093 0.1207 1.0000 1.0000 0.0002 0.0007 0.0002 1.0000 1.0000 0.1207 0.0093 0.0007 0.0001 1.0000 0.4745 0.0365 0.0028 0.0002 1.0000 1.0000 0.1426 0.0110 0.0008 0.0001 1.0000 0.5577 0.0429 0.0033 0.0003 1.0000 1.0000 0.1673 0.0129 0.0010 0.0001 1.0000 0.6544 0.0503 0.0039 0.0003 1.0000 1.0000 0.1967 0.0151 0.0012 0.0001 1.0000 0.7750 0.0598 0.0046 0.0004 1.0000 1.0000 0.2567 0.0207 0.0016
0.0207 0.2677 1.0000 1.0000 0.0004 0.0045 0.0574 0.7362 1.0000 0.0001 0.0011 0.0141 0.1837 1.0000 1.0000 0.0003 0.0036 0.0469 0.6099 1.0000 0.0001 0.0009 0.0120 0.1560 1.0000 1.0000 0.0002 0.0031 0.0400 0.5198 1.0000 0.0001 0.0008 0.0102 0.1329 1.0000 1.0000 0.0002 0.0026 0.0340 0.4423 1.0000 1.0000 0.0007 0.0087 0.1127 1.0000 1.0000 0.0002 0.0019 0.0089 0.0019 0.0002 1.0000 1.0000 0.1127 0.0087 0.0007 1.0000 1.0000 0.4423 0.0340 0.0026 0.0002 1.0000 1.0000 0.1329 0.0102 0.0008 0.0001 1.0000 0.5198 0.0400 0.0031 0.0002 1.0000 1.0000 0.1560 0.0120 0.0009 0.0001 1.0000 0.6099 0.0469 0.0036 0.0003 1.0000 1.0000 0.1837 0.0141 0.0011 0.0001 1.0000 0.7362 0.0574 0.0045 0.0004 1.0000 1.0000 0.2677 0.0207
0.2702 1.0000 1.0000 0.0004 0.0045 0.0565 0.7155 1.0000 0.0001 0.0010 0.0133 0.1725 1.0000 1.0000 0.0003 0.0034 0.0437 0.5685 1.0000 0.0001 0.0009 0.0112 0.1454 1.0000 1.0000 0.0002 0.0029 0.0372 0.4845 1.0000 0.0001 0.0007 0.0095 0.1239 1.0000 1.0000 0.0002 0.0024 0.0317 0.4122 1.0000 1.0000 0.0006 0.0081 0.1050 1.0000 1.0000 0.0002 0.0020 0.0225 0.1078 0.0225 0.0020 0.0002 1.0000 1.0000 0.1050 0.0081 0.0006 1.0000 1.0000 0.4122 0.0317 0.0024 0.0002 1.0000 1.0000 0.1239 0.0095 0.0007 0.0001 1.0000 0.4845 0.0372 0.0029 0.0002 1.0000 1.0000 0.1454 0.0112 0.0009 0.0001 1.0000 0.5685 0.0437 0.0034 0.0003 1.0000 1.0000 0.1725 0.0133 0.0010 0.0001 1.0000 0.7155 0.0565 0.0045 0.0004 1.0000 1.0000 0.2702
1.0000 1.0000 0.0004 0.0046 0.0574 0.7155 1.0000 0.0001 0.0010 0.0127 0.1636 1.0000 1.0000 0.0002 0.0031 0.0408 0.5308 1.0000 0.0001 0.0008 0.0104 0.1355 1.0000 1.0000 0.0002 0.0027 0.0347 0.4516 1.0000 0.0001 0.0007 0.0089 0.1155 1.0000 1.0000 0.0002 0.0023 0.0295 0.3842 1.0000 1.0000 0.0006 0.0075 0.0981 1.0000 1.0000 0.0001 0.0019 0.0241 0.2718 1.0000 0.2718 0.0241 0.0019 0.0001 1.0000 1.0000 0.0981 0.0075 0.0006 1.0000 1.0000 0.3842 0.0295 0.0023 0.0002 1.0000 1.0000 0.1155 0.0089 0.0007 0.0001 1.0000 0.4516 0.0347 0.0027 0.0002 1.0000 1.0000 0.1355 0.0104 0.0008 0.0001 1.0000 0.5308 0.0408 0.0031 0.0002 1.0000 1.0000 0.1636 0.0127 0.0010 0.0001 1.0000 0.7155 0.0574 0.0046 0.0004 1.0000 1.0000
1.0000 0.0004 0.0049 0.0598 0.7362 1.0000 0.0001 0.0010 0.0124 0.1581 1.0000 1.0000 0.0002 0.0030 0.0383 0.4967 1.0000 0.0001 0.0007 0.0097 0.1263 1.0000 1.0000 0.0002 0.0025 0.0324 0.4209 1.0000 1.0000 0.0006 0.0083 0.1076 1.0000 1.0000 0.0002 0.0021 0.0275 0.3581 1.0000 1.0000 0.0005 0.0070 0.0914 1.0000 1.0000 0.0001 0.0018 0.0231 0.2910 1.0000 1.0000 1.0000 0.2910 0.0231 0.0018 0.0001 1.0000 1.0000 0.0914 0.0070 0.0005 1.0000 1.0000 0.3581 0.0275 0.0021 0.0002 1.0000 1.0000 0.1076 0.0083 0.0006 1.0000 1.0000 0.4209 0.0324 0.0025 0.0002 1.0000 1.0000 0.1263 0.0097 0.0007 0.0001 1.0000 0.4967 0.0383 0.0030 0.0002 1.0000 1.0000 0.1581 0.0124 0.0010 0.0001 1.0000 0.7362 0.0598 0.0049 0.0004 1.0000
0.0004 0.0052 0.0636 0.7750 1.0000 0.0001 0.0010 0.0124 0.1560 1.0000 1.0000 0.0002 0.0028 0.0363 0.4682 1.0000 0.0001 0.0007 0.0091 0.1179 1.0000 1.0000 0.0002 0.0023 0.0302 0.3923 1.0000 1.0000 0.0006 0.0077 0.1003 1.0000 1.0000 0.0002 0.0020 0.0257 0.3338 1.0000 1.0000 0.0005 0.0066 0.0852 1.0000 1.0000 0.0001 0.0017 0.0217 0.2797 1.0000 1.0000 0.0001 1.0000 1.0000 0.2797 0.0217 0.0017 0.0001 1.0000 1.0000 0.0852 0.0066 0.0005 1.0000 1.0000 0.3338 0.0257 0.0020 0.0002 1.0000 1.0000 0.1003 0.0077 0.0006 1.0000 1.0000 0.3923 0.0302 0.0023 0.0002 1.0000 1.0000 0.1179 0.0091 0.0007 0.0001 1.0000 0.4682 0.0363 0.0028 0.0002 1.0000 1.0000 0.1560 0.0124 0.0010 0.0001 1.0000 0.7750 0.0636 0.0052 0.0004
0.0053 0.0681 0.8252 1.0000 0.0001 0.0010 0.0127 0.1581 1.0000 1.0000 0.0002 0.0027 0.0349 0.4473 1.0000 1.0000 0.0007 0.0085 0.1101 1.0000 1.0000 0.0002 0.0022 0.0281 0.3657 1.0000 1.0000 0.0006 0.0072 0.0935 1.0000 1.0000 0.0001 0.0018 0.0239 0.3111 1.0000 1.0000 0.0005 0.0061 0.0794 1.0000 1.0000 0.0001 0.0016 0.0202 0.2626 1.0000 1.0000 0.0003 0.0016 0.0003 1.0000 1.0000 0.2626 0.0202 0.0016 0.0001 1.0000 1.0000 0.0794 0.0061 0.0005 1.0000 1.0000 0.3111 0.0239 0.0018 0.0001 1.0000 1.0000 0.0935 0.0072 0.0006 1.0000 1.0000 0.3657 0.0281 0.0022 0.0002 1.0000 1.0000 0.1101 0.0085 0.0007 1.0000 1.0000 0.4473 0.0349 0.0027 0.0002 1.0000 1.0000 0.1581 0.0127 0.0010 0.0001 1.0000 0.8252 0.0681 0.0053
0.0691 0.8854 1.0000 0.0001 0.0011 0.0133 0.1636 1.0000 1.0000 0.0002 0.0027 0.0342 0.4339 1.0000 1.0000 0.0006 0.0080 0.1038 1.0000 1.0000 0.0002 0.0020 0.0262 0.3408 1.0000 1.0000 0.0005 0.0067 0.0872 1.0000 1.0000 0.0001 0.0017 0.0223 0.2899 1.0000 1.0000 0.0004 0.0057 0.0740 0.9627 1.0000 0.0001 0.0015 0.0189 0.2453 1.0000 1.0000 0.0004 0.0040 0.0194 0.0040 0.0004 1.0000 1.0000 0.2453 0.0189 0.0015 0.0001 1.0000 0.9627 0.0740 0.0057 0.0004 1.0000 1.0000 0.2899 0.0223 0.0017 0.0001 1.0000 1.0000 0.0872 0.0067 0.0005 1.0000 1.0000 0.3408 0.0262 0.0020 0.0002 1.0000 1.0000 0.1038 0.0080 0.0006 1.0000 1.0000 0.4339 0.0342 0.0027 0.0002 1.0000 1.0000 0.1636 0.0133 0.0011 0.0001 1.0000 0.8854 0.0691
0.8990 1.0000 0.0001 0.0012 0.0141 0.1725 1.0000 1.0000 0.0002 0.0027 0.0342 0.4298 1.0000 1.0000 0.0006 0.0077 0.0988 1.0000 1.0000 0.0001 0.0019 0.0245 0.3177 1.0000 1.0000 0.0005 0.0062 0.0812 1.0000 1.0000 0.0001 0.0016 0.0208 0.2702 1.0000 1.0000 0.0004 0.0053 0.0691 0.8973 1.0000 0.0001 0.0014 0.0176 0.2286 1.0000 1.0000 0.0003 0.0043 0.0488 0.2348 0.0488 0.0043 0.0003 1.0000 1.0000 0.2286 0.0176 0.0014 0.0001 1.0000 0.8973 0.0691 0.0053 0.0004 1.0000 1.0000 0.2702 0.0208 0.0016 0.0001 1.0000 1.0000 0.0812 0.0062 0.0005 1.0000 1.0000 0.3177 0.0245 0.0019 0.0001 1.0000 1.0000 0.0988 0.0077 0.0006 1.0000 1.0000 0.4298 0.0342 0.0027 0.0002 1.0000 1.0000 0.1725 0.0141 0.0012 0.0001 1.0000 0.8990
1.0000 0.0001 0.0012 0.0151 0.1837 1.0000 1.0000 0.0002 0.0028 0.0349 0.4339 1.0000 1.0000 0.0006 0.0075 0.0953 1.0000 1.0000 0.0001 0.0018 0.0230 0.2978 1.0000 1.0000 0.0004 0.0058 0.0757 0.9849 1.0000 0.0001 0.0015 0.0194 0.2519 1.0000 1.0000 0.0004 0.0050 0.0644 0.8363 1.0000 0.0001 0.0013 0.0164 0.2131 1.0000 1.0000 0.0003 0.0041 0.0523 0.5916 1.0000 0.5916 0.0523 0.0041 0.0003 1.0000 1.0000 0.2131 0.0164 0.0013 0.0001 1.0000 0.8363 0.0644 0.0050 0.0004 1.0000 1.0000 0.2519 0.0194 0.0015 0.0001 1.0000 0.9849 0.0757 0.0058 0.0004 1.0000 1.0000 0.2978 0.0230 0.0018 0.0001 1.0000 1.0000 0.0953 0.0075 0.0006 1.0000 1.0000 0.4339 0.0349 0.0028 0.0002 1.0000 1.0000 0.1837 0.0151 0.0012 0.0001 1.0000
0.0001 0.0013 0.0162 0.1967 1.0000 1.0000 0.0002 0.0030 0.0363 0.4473 1.0000 1.0000 0.0006 0.0074 0.0935 1.0000 1.0000 0.0001 0.0017 0.0218 0.2813 1.0000 1.0000 0.0004 0.0054 0.0706 0.9180 1.0000 0.0001 0.0014 0.0180 0.2348 1.0000 1.0000 0.0004 0.0046 0.0600 0.7810 1.0000 0.0001 0.0012 0.0153 0.1986 1.0000 1.0000 0.0003 0.0039 0.0502 0.6335 1.0000 1.0000 1.0000 0.6335 0.0502 0.0039 0.0003 1.0000 1.0000 0.1986 0.0153 0.0012 0.0001 1.0000 0.7810 0.0600 0.0046 0.0004 1.0000 1.0000 0.2348 0.0180 0.0014 0.0001 1.0000 0.9180 0.0706 0.0054 0.0004 1.0000 1.0000 0.2813 0.0218 0.0017 0.0001 1.0000 1.0000 0.0935 0.0074 0.0006 1.0000 1.0000 0.4473 0.0363 0.0030 0.0002 1.0000 1.0000 0.1967 0.0162 0.0013 0.0001
0.0014 0.0174 0.2110 1.0000 1.0000 0.0003 0.0031 0.0383 0.4682 1.0000 1.0000 0.0006 0.0075 0.0935 1.0000 1.0000 0.0001 0.0016 0.0210 0.2687 1.0000 1.0000 0.0004 0.0051 0.0662 0.8572 1.0000 0.0001 0.0013 0.0168 0.2188 1.0000 1.0000 0.0003 0.0043 0.0560 0.7279 1.0000 0.0001 0.0011 0.0143 0.1854 1.0000 1.0000 0.0003 0.0036 0.0471 0.6087 1.0000 0.0001 0.0003 0.0001 1.0000 0.6087 0.0471 0.0036 0.0003 1.0000 1.0000 0.1854 0.0143 0.0011 0.0001 1.0000 0.7279 0.0560 0.0043 0.0003 1.0000 1.0000 0.2188 0.0168 0.0013 0.0001 1.0000 0.8572 0.0662 0.0051 0.0004 1.0000 1.0000 0.2687 0.0210 0.0016 0.0001 1.0000 1.0000 0.0935 0.0075 0.0006 1.0000 1.0000 0.4682 0.0383 0.0031 0.0003 1.0000 1.0000 0.2110 0.0174 0.0014
0.0177 0.2264 1.0000 1.0000 0.0003 0.0034 0.0408 0.4967 1.0000 1.0000 0.0006 0.0077 0.0953 1.0000 1.0000 0.0001 0.0016 0.0204 0.2597 1.0000 1.0000 0.0004 0.0048 0.0624 0.8066 1.0000 0.0001 0.0012 0.0157 0.2039 1.0000 1.0000 0.0003 0.0040 0.0522 0.6784 1.0000 0.0001 0.0010 0.0133 0.1728 1.0000 1.0000 0.0003 0.0034 0.0440 0.5706 1.0000 0.0001 0.0007 0.0035 0.0007 0.0001 1.0000 0.5706 0.0440 0.0034 0.0003 1.0000 1.0000 0.1728 0.0133 0.0010 0.0001 1.0000 0.6784 0.0522 0.0040 0.0003 1.0000 1.0000 0.2039 0.0157 0.0012 0.0001 1.0000 0.8066 0.0624 0.0048 0.0004 1.0000 1.0000 0.2597 0.0204 0.0016 0.0001 1.0000 1.0000 0.0953 0.0077 0.0006 1.0000 1.0000 0.4967 0.0408 0.0034 0.0003 1.0000 1.0000 0.2264 0.0177
0.2299 1.0000 1.0000 0.0003 0.0036 0.0437 0.5308 1.0000 0.0001 0.0007 0.0080 0.0988 1.0000 1.0000 0.0001 0.0016 0.0203 0.2557 1.0000 1.0000 0.0004 0.0046 0.0592 0.7633 1.0000 0.0001 0.0011 0.0147 0.1901 1.0000 1.0000 0.0003 0.0037 0.0486 0.6323 1.0000 0.0001 0.0010 0.0124 0.1611 1.0000 1.0000 0.0002 0.0032 0.0410 0.5329 1.0000 0.0001 0.0008 0.0088 0.0421 0.0088 0.0008 0.0001 1.0000 0.5329 0.0410 0.0032 0.0002 1.0000 1.0000 0.1611 0.0124 0.0010 0.0001 1.0000 0.6323 0.0486 0.0037 0.0003 1.0000 1.0000 0.1901 0.0147 0.0011 0.0001 1.0000 0.7633 0.0592 0.0046 0.0004 1.0000 1.0000 0.2557 0.0203 0.0016 0.0001 1.0000 1.0000 0.0988 0.0080 0.0007 0.0001 1.0000 0.5308 0.0437 0.0036 0.0003 1.0000 1.0000 0.2299
1.0000 1.0000 0.0003 0.0039 0.0469 0.5685 1.0000 0.0001 0.0007 0.0085 0.1038 1.0000 1.0000 0.0001 0.0016 0.0204 0.2557 1.0000 1.0000 0.0004 0.0045 0.0570 0.7307 1.0000 0.0001 0.0011 0.0138 0.1785 1.0000 1.0000 0.0003 0.0035 0.0453 0.5894 1.0000 0.0001 0.0009 0.0116 0.1502 1.0000 1.0000 0.0002 0.0029 0.0383 0.4967 1.0000 0.0001 0.0007 0.0094 0.1062 0.5101 0.1062 0.0094 0.0007 0.0001 1.0000 0.4967 0.0383 0.0029 0.0002 1.0000 1.0000 0.1502 0.0116 0.0009 0.0001 1.0000 0.5894 0.0453 0.0035 0.0003 1.0000 1.0000 0.1785 0.0138 0.0011 0.0001 1.0000 0.7307 0.0570 0.0045 0.0004 1.0000 1.0000 0.2557 0.0204 0.0016 0.0001 1.0000 1.0000 0.1038 0.0085 0.0007 0.0001 1.0000 0.5685 0.0469 0.0039 0.0003 1.0000 1.0000
1.0000 0.0003 0.0041 0.0503 0.6099 1.0000 0.0001 0.0007 0.0091 0.1101 1.0000 1.0000 0.0001 0.0017 0.0210 0.2597 1.0000 1.0000 0.0003 0.0044 0.0557 0.7074 1.0000 0.0001 0.0010 0.0131 0.1686 1.0000 1.0000 0.0003 0.0033 0.0422 0.5493 1.0000 0.0001 0.0008 0.0108 0.1402 1.0000 1.0000 0.0002 0.0027 0.0357 0.4638 1.0000 0.0001 0.0007 0.0090 0.1137 1.0000 1.0000 1.0000 0.1137 0.0090 0.0007 0.0001 1.0000 0.4638 0.0357 0.0027 0.0002 1.0000 1.0000 0.1402 0.0108 0.0008 0.0001 1.0000 0.5493 0.0422 0.0033 0.0003 1.0000 1.0000 0.1686 0.0131 0.0010 0.0001 1.0000 0.7074 0.0557 0.0044 0.0003 1.0000 1.0000 0.2597 0.0210 0.0017 0.0001 1.0000 1.0000 0.1101 0.0091 0.0007 0.0001 1.0000 0.6099 0.0503 0.0041 0.0003 1.0000
0.0003 0.0045 0.0540 0.6544 1.0000 0.0001 0.0008 0.0097 0.1179 1.0000 1.0000 0.0001 0.0018 0.0218 0.2687 1.0000 1.0000 0.0004 0.0044 0.0553 0.6967 1.0000 0.0001 0.0010 0.0125 0.1608 1.0000 1.0000 0.0002 0.0031 0.0396 0.5130 1.0000 0.0001 0.0008 0.0100 0.1307 1.0000 1.0000 0.0002 0.0026 0.0332 0.4323 1.0000 1.0000 0.0007 0.0085 0.1091 1.0000 1.0000 1.0000 1.0000 1.0000 0.1091 0.0085 0.0007 1.0000 1.0000 0.4323 0.0332 0.0026 0.0002 1.0000 1.0000 0.1307 0.0100 0.0008 0.0001 1.0000 0.5130 0.0396 0.0031 0.0002 1.0000 1.0000 0.1608 0.0125 0.0010 0.0001 1.0000 0.6967 0.0553 0.0044 0.0004 1.0000 1.0000 0.2687 0.0218 0.0018 0.0001 1.0000 1.0000 0.1179 0.0097 0.0008 0.0001 1.0000 0.6544 0.0540 0.0045 0.0003
0.0045 0.0579 0.7021 1.0000 0.0001 0.0009 0.0104 0.1263 1.0000 1.0000 0.0002 0.0019 0.0230 0.2813 1.0000 1.0000 0.0004 0.0045 0.0557 0.6967 1.0000 0.0001 0.0010 0.0122 0.1551 1.0000 1.0000 0.0002 0.0029 0.0373 0.4827 1.0000 0.0001 0.0007 0.0094 0.1218 1.0000 1.0000 0.0002 0.0024 0.0310 0.4029 1.0000 1.0000 0.0006 0.0079 0.1025 1.0000 1.0000 0.0001 0.0006 0.0001 1.0000 1.0000 0.1025 0.0079 0.0006 1.0000 1.0000 0.4029 0.0310 0.0024 0.0002 1.0000 1.0000 0.1218 0.0094 0.0007 0.0001 1.0000 0.4827 0.0373 0.0029 0.0002 1.0000 1.0000 0.1551 0.0122 0.0010 0.0001 1.0000 0.6967 0.0557 0.0045 0.0004 1.0000 1.0000 0.2813 0.0230 0.0019 0.0002 1.0000 1.0000 0.1263 0.0104 0.0009 0.0001 1.0000 0.7021 0.0579 0.0045
0.0588 0.7532 1.0000 0.0001 0.0009 0.0112 0.1355 1.0000 1.0000 0.0002 0.0020 0.0245 0.2978 1.0000 1.0000 0.0004 0.0046 0.0570 0.7074 1.0000 0.0001 0.0010 0.0120 0.1516 1.0000 1.0000 0.0002 0.0028 0.0355 0.4568 1.0000 0.0001 0.0007 0.0088 0.1140 1.0000 1.0000 0.0002 0.0022 0.0289 0.3755 1.0000 1.0000 0.0006 0.0074 0.0957 1.0000 1.0000 0.0001 0.0016 0.0076 0.0016 0.0001 1.0000 1.0000 0.0957 0.0074 0.0006 1.0000 1.0000 0.3755 0.0289 0.0022 0.0002 1.0000 1.0000 0.1140 0.0088 0.0007 0.0001 1.0000 0.4568 0.0355 0.0028 0.0002 1.0000 1.0000 0.1516 0.0120 0.0010 0.0001 1.0000 0.7074 0.0570 0.0046 0.0004 1.0000 1.0000 0.2978 0.0245 0.0020 0.0002 1.0000 1.0000 0.1355 0.0112 0.0009 0.0001 1.0000 0.7532 0.0588
0.7648 1.0000 0.0001 0.0010 0.0120 0.1454 1.0000 1.0000 0.0002 0.0022 0.0262 0.3177 1.0000 1.0000 0.0004 0.0048 0.0592 0.7307 1.0000 0.0001 0.0010 0.0120 0.1504 1.0000 1.0000 0.0002 0.0027 0.0340 0.4364 1.0000 1.0000 0.0006 0.0083 0.1068 1.0000 1.0000 0.0002 0.0021 0.0270 0.3507 1.0000 1.0000 0.0005 0.0069 0.0892 1.0000 1.0000 0.0001 0.0017 0.0191 0.0916 0.0191 0.0017 0.0001 1.0000 1.0000 0.0892 0.0069 0.0005 1.0000 1.0000 0.3507 0.0270 0.0021 0.0002 1.0000 1.0000 0.1068 0.0083 0.0006 1.0000 1.0000 0.4364 0.0340 0.0027 0.0002 1.0000 1.0000 0.1504 0.0120 0.0010 0.0001 1.0000 0.7307 0.0592 0.0048 0.0004 1.0000 1.0000 0.3177 0.0262 0.0022 0.0002 1.0000 1.0000 0.1454 0.0120 0.0010 0.0001 1.0000 0.7648
1.0000 0.0001 0.0011 0.0129 0.1560 1.0000 1.0000 0.0002 0.0023 0.0281 0.3408 1.0000 1.0000 0.0004 0.0051 0.0624 0.7633 1.0000 0.0001 0.0010 0.0122 0.1516 1.0000 1.0000 0.0002 0.0026 0.0330 0.4209 1.0000 1.0000 0.0006 0.0078 0.1009 1.0000 1.0000 0.0001 0.0019 0.0253 0.3281 1.0000 1.0000 0.0005 0.0064 0.0833 1.0000 1.0000 0.0001 0.0016 0.0204 0.2312 1.0000 0.2312 0.0204 0.0016 0.0001 1.0000 1.0000 0.0833 0.0064 0.0005 1.0000 1.0000 0.3281 0.0253 0.0019 0.0001 1.0000 1.0000 0.1009 0.0078 0.0006 1.0000 1.0000 0.4209 0.0330 0.0026 0.0002 1.0000 1.0000 0.1516 0.0122 0.0010 0.0001 1.0000 0.7633 0.0624 0.0051 0.0004 1.0000 1.0000 0.3408 0.0281 0.0023 0.0002 1.0000 1.0000 0.1560 0.0129 0.0011 0.0001 1.0000
0.0001 0.0011 0.0138 0.1673 1.0000 1.0000 0.0002 0.0025 0.0302 0.3657 1.0000 1.0000 0.0004 0.0054 0.0662 0.8066 1.0000 0.0001 0.0010 0.0125 0.1551 1.0000 1.0000 0.0002 0.0026 0.0325 0.4114 1.0000 1.0000 0.0006 0.0075 0.0960 1.0000 1.0000 0.0001 0.0018 0.0237 0.3070 1.0000 1.0000 0.0005 0.0060 0.0778 1.0000 1.0000 0.0001 0.0015 0.0196 0.2476 1.0000 1.0000 1.0000 0.2476 0.0196 0.0015 0.0001 1.0000 1.0000 0.0778 0.0060 0.0005 1.0000 1.0000 0.3070 0.0237 0.0018 0.0001 1.0000 1.0000 0.0960 0.0075 0.0006 1.0000 1.0000 0.4114 0.0325 0.0026 0.0002 1.0000 1.0000 0.1551 0.0125 0.0010 0.0001 1.0000 0.8066 0.0662 0.0054 0.0004 1.0000 1.0000 0.3657 0.0302 0.0025 0.0002 1.0000 1.0000 0.1673 0.0138 0.0011 0.0001
0.0012 0.0148 0.1795 1.0000 1.0000 0.0002 0.0027 0.0324 0.3923 1.0000 1.0000 0.0005 0.0058 0.0706 0.8572 1.0000 0.0001 0.0011 0.0131 0.1608 1.0000 1.0000 0.0002 0.0026 0.0325 0.4083 1.0000 1.0000 0.0006 0.0072 0.0923 1.0000 1.0000 0.0001 0.0017 0.0223 0.2883 1.0000 1.0000 0.0004 0.0056 0.0728 0.9445 1.0000 0.0001 0.0014 0.0184 0.2375 1.0000 1.0000 0.0001 1.0000 1.0000 0.2375 0.0184 0.0014 0.0001 1.0000 0.9445 0.0728 0.0056 0.0004 1.0000 1.0000 0.2883 0.0223 0.0017 0.0001 1.0000 1.0000 0.0923 0.0072 0.0006 1.0000 1.0000 0.4083 0.0325 0.0026 0.0002 1.0000 1.0000 0.1608 0.0131 0.0011 0.0001 1.0000 0.8572 0.0706 0.0058 0.0005 1.0000 1.0000 0.3923 0.0324 0.0027 0.0002 1.0000 1.0000 0.1795 0.0148 0.0012
0.0150 0.1930 1.0000 1.0000 0.0002 0.0029 0.0347 0.4209 1.0000 1.0000 0.0005 0.0062 0.0757 0.9180 1.0000 0.0001 0.0011 0.0138 0.1686 1.0000 1.0000 0.0002 0.0027 0.0330 0.4114 1.0000 1.0000 0.0006 0.0071 0.0897 1.0000 1.0000 0.0001 0.0016 0.0212 0.2728 1.0000 1.0000 0.0004 0.0052 0.0681 0.8837 1.0000 0.0001 0.0013 0.0172 0.2234 1.0000 1.0000 0.0003 0.0014 0.0003 1.0000 1.0000 0.2234 0.0172 0.0013 0.0001 1.0000 0.8837 0.0681 0.0052 0.0004 1.0000 1.0000 0.2728 0.0212 0.0016 0.0001 1.0000 1.0000 0.0897 0.0071 0.0006 1.0000 1.0000 0.4114 0.0330 0.0027 0.0002 1.0000 1.0000 0.1686 0.0138 0.0011 0.0001 1.0000 0.9180 0.0757 0.0062 0.0005 1.0000 1.0000 0.4209 0.0347 0.0029 0.0002 1.0000 1.0000 0.1930 0.0150
0.1956 1.0000 1.0000 0.0003 0.0031 0.0372 0.4516 1.0000 1.0000 0.0006 0.0067 0.0812 0.9849 1.0000 0.0001 0.0012 0.0147 0.1785 1.0000 1.0000 0.0002 0.0028 0.0340 0.4209 1.0000 1.0000 0.0006 0.0070 0.0883 1.0000 1.0000 0.0001 0.0016 0.0203 0.2602 1.0000 1.0000 0.0004 0.0049 0.0639 0.8268 1.0000 0.0001 0.0012 0.0161 0.2090 1.0000 1.0000 0.0003 0.0034 0.0165 0.0034 0.0003 1.0000 1.0000 0.2090 0.0161 0.0012 0.0001 1.0000 0.8268 0.0639 0.0049 0.0004 1.0000 1.0000 0.2602 0.0203 0.0016 0.0001 1.0000 1.0000 0.0883 0.0070 0.0006 1.0000 1.0000 0.4209 0.0340 0.0028 0.0002 1.0000 1.0000 0.1785 0.0147 0.0012 0.0001 1.0000 0.9849 0.0812 0.0067 0.0006 1.0000 1.0000 0.4516 0.0372 0.0031 0.0003 1.0000 1.0000 0.1956
1.0000 1.0000 0.0003 0.0033 0.0400 0.4845 1.0000 1.0000 0.0006 0.0072 0.0872 1.0000 1.0000 0.0001 0.0013 0.0157 0.1901 1.0000 1.0000 0.0002 0.0029 0.0355 0.4364 1.0000 1.0000 0.0006 0.0071 0.0883 1.0000 1.0000 0.0001 0.0015 0.0196 0.2504 1.0000 1.0000 0.0004 0.0047 0.0603 0.7795 1.0000 0.0001 0.0012 0.0151 0.1956 1.0000 1.0000 0.0003 0.0037 0.0416 0.1997 0.0416 0.0037 0.0003 1.0000 1.0000 0.1956 0.0151 0.0012 0.0001 1.0000 0.7795 0.0603 0.0047 0.0004 1.0000 1.0000 0.2504 0.0196 0.0015 0.0001 1.0000 1.0000 0.0883 0.0071 0.0006 1.0000 1.0000 0.4364 0.0355 0.0029 0.0002 1.0000 1.0000 0.1901 0.0157 0.0013 0.0001 1.0000 1.0000 0.0872 0.0072 0.0006 1.0000 1.0000 0.4845 0.0400 0.0033 0.0003 1.0000 1.0000
1.0000 0.0003 0.0035 0.0429 0.5198 1.0000 0.0001 0.0006 0.0077 0.0935 1.0000 1.0000 0.0001 0.0014 0.0168 0.2039 1.0000 1.0000 0.0003 0.0031 0.0373 0.4568 1.0000 1.0000 0.0006 0.0072 0.0897 1.0000 1.0000 0.0001 0.0015 0.0192 0.2434 1.0000 1.0000 0.0003 0.0045 0.0574 0.7376 1.0000 0.0001 0.0011 0.0141 0.1833 1.0000 1.0000 0.0003 0.0035 0.0446 0.5043 1.0000 0.5043 0.0446 0.0035 0.0003 1.0000 1.0000 0.1833 0.0141 0.0011 0.0001 1.0000 0.7376 0.0574 0.0045 0.0003 1.0000 1.0000 0.2434 0.0192 0.0015 0.0001 1.0000 1.0000 0.0897 0.0072 0.0006 1.0000 1.0000 0.4568 0.0373 0.0031 0.0003 1.0000 1.0000 0.2039 0.0168 0.0014 0.0001 1.0000 1.0000 0.0935 0.0077 0.0006 0.0001 1.0000 0.5198 0.0429 0.0035 0.0003 1.0000
0.0003 0.0038 0.0460 0.5577 1.0000 0.0001 0.0007 0.0083 0.1003 1.0000 1.0000 0.0001 0.0015 0.0180 0.2188 1.0000 1.0000 0.0003 0.0033 0.0396 0.4827 1.0000 1.0000 0.0006 0.0075 0.0923 1.0000 1.0000 0.0001 0.0015 0.0190 0.2402 1.0000 1.0000 0.0003 0.0043 0.0549 0.7047 1.0000 0.0001 0.0010 0.0133 0.1722 1.0000 1.0000 0.0003 0.0033 0.0430 0.5410 1.0000 1.0000 1.0000 0.5410 0.0430 0.0033 0.0003 1.0000 1.0000 0.1722 0.0133 0.0010 0.0001 1.0000 0.7047 0.0549 0.0043 0.0003 1.0000 1.0000 0.2402 0.0190 0.0015 0.0001 1.0000 1.0000 0.0923 0.0075 0.0006 1.0000 1.0000 0.4827 0.0396 0.0033 0.0003 1.0000 1.0000 0.2188 0.0180 0.0015 0.0001 1.0000 1.0000 0.1003 0.0083 0.0007 0.0001 1.0000 0.5577 0.0460 0.0038 0.0003
0.0039 0.0494 0.5984 1.0000 0.0001 0.0007 0.0089 0.1076 1.0000 1.0000 0.0001 0.0016 0.0194 0.2348 1.0000 1.0000 0.0003 0.0035 0.0422 0.5130 1.0000 0.0001 0.0006 0.0078 0.0960 1.0000 1.0000 0.0001 0.0015 0.0192 0.2402 1.0000 1.0000 0.0003 0.0042 0.0532 0.6784 1.0000 0.0001 0.0010 0.0126 0.1626 1.0000 1.0000 0.0002 0.0031 0.0405 0.5218 1.0000 1.0000 0.0002 1.0000 1.0000 0.5218 0.0405 0.0031 0.0002 1.0000 1.0000 0.1626 0.0126 0.0010 0.0001 1.0000 0.6784 0.0532 0.0042 0.0003 1.0000 1.0000 0.2402 0.0192 0.0015 0.0001 1.0000 1.0000 0.0960 0.0078 0.0006 0.0001 1.0000 0.5130 0.0422 0.0035 0.0003 1.0000 1.0000 0.2348 0.0194 0.0016 0.0001 1.0000 1.0000 0.1076 0.0089 0.0007 0.0001 1.0000 0.5984 0.0494 0.0039
0.0501 0.6420 1.0000 0.0001 0.0008 0.0095 0.1155 1.0000 1.0000 0.0001 0.0017 0.0208 0.2519 1.0000 1.0000 0.0003 0.0037 0.0453 0.5493 1.0000 0.0001 0.0007 0.0083 0.1009 1.0000 1.0000 0.0001 0.0016 0.0196 0.2434 1.0000 1.0000 0.0003 0.0041 0.0521 0.6606 1.0000 0.0001 0.0009 0.0121 0.1548 1.0000 1.0000 0.0002 0.0029 0.0381 0.4929 1.0000 0.0001 0.0006 0.0030 0.0006 0.0001 1.0000 0.4929 0.0381 0.0029 0.0002 1.0000 1.0000 0.1548 0.0121 0.0009 0.0001 1.0000 0.6606 0.0521 0.0041 0.0003 1.0000 1.0000 0.2434 0.0196 0.0016 0.0001 1.0000 1.0000 0.1009 0.0083 0.0007 0.0001 1.0000 0.5493 0.0453 0.0037 0.0003 1.0000 1.0000 0.2519 0.0208 0.0017 0.0001 1.0000 1.0000 0.1155 0.0095 0.0008 0.0001 1.0000 0.6420 0.0501
0.6519 1.0000 0.0001 0.0008 0.0102 0.1239 1.0000 1.0000 0.0002 0.0018 0.0223 0.2702 1.0000 1.0000 0.0003 0.0040 0.0486 0.5894 1.0000 0.0001 0.0007 0.0088 0.1068 1.0000 1.0000 0.0001 0.0016 0.0203 0.2504 1.0000 1.0000 0.0003 0.0041 0.0517 0.6519 1.0000 0.0001 0.0009 0.0116 0.1487 1.0000 1.0000 0.0002 0.0028 0.0359 0.4647 1.0000 0.0001 0.0007 0.0075 0.0361 0.0075 0.0007 0.0001 1.0000 0.4647 0.0359 0.0028 0.0002 1.0000 1.0000 0.1487 0.0116 0.0009 0.0001 1.0000 0.6519 0.0517 0.0041 0.0003 1.0000 1.0000 0.2504 0.0203 0.0016 0.0001 1.0000 1.0000 0.1068 0.0088 0.0007 0.0001 1.0000 0.5894 0.0486 0.0040 0.0003 1.0000 1.0000 0.2702 0.0223 0.0018 0.0002 1.0000 1.0000 0.1239 0.0102 0.0008 0.0001 1.0000 0.6519
1.0000 0.0001 0.0009 0.0110 0.1329 1.0000 1.0000 0.0002 0.0020 0.0239 0.2899 1.0000 1.0000 0.0004 0.0043 0.0522 0.6323 1.0000 0.0001 0.0008 0.0094 0.1140 1.0000 1.0000 0.0001 0.0017 0.0212 0.2602 1.0000 1.0000 0.0003 0.0042 0.0521 0.6519 1.0000 0.0001 0.0009 0.0113 0.1443 1.0000 1.0000 0.0002 0.0027 0.0341 0.4397 1.0000 1.0000 0.0006 0.0081 0.0914 0.4389 0.0914 0.0081 0.0006 1.0000 1.0000 0.4397 0.0341 0.0027 0.0002 1.0000 1.0000 0.1443 0.0113 0.0009 0.0001 1.0000 0.6519 0.0521 0.0042 0.0003 1.0000 1.0000 0.2602 0.0212 0.0017 0.0001 1.0000 1.0000 0.1140 0.0094 0.0008 0.0001 1.0000 0.6323 0.0522 0.0043 0.0004 1.0000 1.0000 0.2899 0.0239 0.0020 0.0002 1.0000 1.0000 0.1329 0.0110 0.0009 0.0001 1.0000
0.0001 0.0010 0.0118 0.1426 1.0000 1.0000 0.0002 0.0021 0.0257 0.3111 1.0000 1.0000 0.0004 0.0046 0.0560 0.6784 1.0000 0.0001 0.0008 0.0100 0.1218 1.0000 1.0000 0.0001 0.0018 0.0223 0.2728 1.0000 1.0000 0.0003 0.0043 0.0532 0.6606 1.0000 0.0001 0.0009 0.0112 0.1413 1.0000 1.0000 0.0002 0.0025 0.0327 0.4193 1.0000 1.0000 0.0006 0.0079 0.0988 1.0000 1.0000 1.0000 0.0988 0.0079 0.0006 1.0000 1.0000 0.4193 0.0327 0.0025 0.0002 1.0000 1.0000 0.1413 0.0112 0.0009 0.0001 1.0000 0.6606 0.0532 0.0043 0.0003 1.0000 1.0000 0.2728 0.0223 0.0018 0.0001 1.0000 1.0000 0.1218 0.0100 0.0008 0.0001 1.0000 0.6784 0.0560 0.0046 0.0004 1.0000 1.0000 0.3111 0.0257 0.0021 0.0002 1.0000 1.0000 0.1426 0.0118 0.0010 0.0001
0.0010 0.0126 0.1530 1.0000 1.0000 0.0002 0.0023 0.0275 0.3338 1.0000 1.0000 0.0004 0.0050 0.0600 0.7279 1.0000 0.0001 0.0009 0.0108 0.1307 1.0000 1.0000 0.0002 0.0019 0.0237 0.2883 1.0000 1.0000 0.0004 0.0045 0.0549 0.6784 1.0000 0.0001 0.0009 0.0112 0.1405 1.0000 1.0000 0.0002 0.0025 0.0316 0.4029 1.0000 1.0000 0.0006 0.0075 0.0962 1.0000 1.0000 1.0000 1.0000 1.0000 0.0962 0.0075 0.0006 1.0000 1.0000 0.4029 0.0316 0.0025 0.0002 1.0000 1.0000 0.1405 0.0112 0.0009 0.0001 1.0000 0.6784 0.0549 0.0045 0.0004 1.0000 1.0000 0.2883 0.0237 0.0019 0.0002 1.0000 1.0000 0.1307 0.0108 0.0009 0.0001 1.0000 0.7279 0.0600 0.0050 0.0004 1.0000 1.0000 0.3338 0.0275 0.0023 0.0002 1.0000 1.0000 0.1530 0.0126 0.0010
0.0128 0.1642 1.0000 1.0000 0.0002 0.0024 0.0295 0.3581 1.0000 1.0000 0.0004 0.0053 0.0644 0.7810 1.0000 0.0001 0.0010 0.0116 0.1402 1.0000 1.0000 0.0002 0.0021 0.0253 0.3070 1.0000 1.0000 0.0004 0.0047 0.0574 0.7047 1.0000 0.0001 0.0009 0.0113 0.1413 1.0000 1.0000 0.0002 0.0024 0.0307 0.3908 1.0000 1.0000 0.0006 0.0072 0.0923 1.0000 1.0000 0.0001 0.0005 0.0001 1.0000 1.0000 0.0923 0.0072 0.0006 1.0000 1.0000 0.3908 0.0307 0.0024 0.0002 1.0000 1.0000 0.1413 0.0113 0.0009 0.0001 1.0000 0.7047 0.0574 0.0047 0.0004 1.0000 1.0000 0.3070 0.0253 0.0021 0.0002 1.0000 1.0000 0.1402 0.0116 0.0010 0.0001 1.0000 0.7810 0.0644 0.0053 0.0004 1.0000 1.0000 0.3581 0.0295 0.0024 0.0002 1.0000 1.0000 0.1642 0.0128
0.1667 1.0000 1.0000 0.0002 0.0026 0.0317 0.3842 1.0000 1.0000 0.0005 0.0057 0.0691 0.8363 1.0000 0.0001 0.0010 0.0124 0.1502 1.0000 1.0000 0.0002 0.0022 0.0270 0.3281 1.0000 1.0000 0.0004 0.0049 0.0603 0.7376 1.0000 0.0001 0.0009 0.0116 0.1443 1.0000 1.0000 0.0002 0.0024 0.0303 0.3835 1.0000 1.0000 0.0005 0.0069 0.0885 1.0000 1.0000 0.0001 0.0014 0.0067 0.0014 0.0001 1.0000 1.0000 0.0885 0.0069 0.0005 1.0000 1.0000 0.3835 0.0303 0.0024 0.0002 1.0000 1.0000 0.1443 0.0116 0.0009 0.0001 1.0000 0.7376 0.0603 0.0049 0.0004 1.0000 1.0000 0.3281 0.0270 0.0022 0.0002 1.0000 1.0000 0.1502 0.0124 0.0010 0.0001 1.0000 0.8363 0.0691 0.0057 0.0005 1.0000 1.0000 0.3842 0.0317 0.0026 0.0002 1.0000 1.0000 0.1667
1.0000 1.0000 0.0002 0.0028 0.0340 0.4122 1.0000 1.0000 0.0005 0.0061 0.0740 0.8973 1.0000 0.0001 0.0011 0.0133 0.1611 1.0000 1.0000 0.0002 0.0024 0.0289 0.3507 1.0000 1.0000 0.0004 0.0052 0.0639 0.7795 1.0000 0.0001 0.0010 0.0121 0.1487 1.0000 1.0000 0.0002 0.0024 0.0303 0.3813 1.0000 1.0000 0.0005 0.0067 0.0855 1.0000 1.0000 0.0001 0.0015 0.0171 0.0817 0.0171 0.0015 0.0001 1.0000 1.0000 0.0855 0.0067 0.0005 1.0000 1.0000 0.3813 0.0303 0.0024 0.0002 1.0000 1.0000 0.1487 0.0121 0.0010 0.0001 1.0000 0.7795 0.0639 0.0052 0.0004 1.0000 1.0000 0.3507 0.0289 0.0024 0.0002 1.0000 1.0000 0.1611 0.0133 0.0011 0.0001 1.0000 0.8973 0.0740 0.0061 0.0005 1.0000 1.0000 0.4122 0.0340 0.0028 0.0002 1.0000 1.0000
1.0000 0.0002 0.0030 0.0365 0.4423 1.0000 1.0000 0.0005 0.0066 0.0794 0.9627 1.0000 0.0001 0.0012 0.0143 0.1728 1.0000 1.0000 0.0002 0.0026 0.0310 0.3755 1.0000 1.0000 0.0005 0.0056 0.0681 0.8268 1.0000 0.0001 0.0010 0.0126 0.1548 1.0000 1.0000 0.0002 0.0025 0.0307 0.3835 1.0000 1.0000 0.0005 0.0066 0.0834 1.0000 1.0000 0.0001 0.0015 0.0187 0.2094 1.0000 0.2094 0.0187 0.0015 0.0001 1.0000 1.0000 0.0834 0.0066 0.0005 1.0000 1.0000 0.3835 0.0307 0.0025 0.0002 1.0000 1.0000 0.1548 0.0126 0.0010 0.0001 1.0000 0.8268 0.0681 0.0056 0.0005 1.0000 1.0000 0.3755 0.0310 0.0026 0.0002 1.0000 1.0000 0.1728 0.0143 0.0012 0.0001 1.0000 0.9627 0.0794 0.0066 0.0005 1.0000 1.0000 0.4423 0.0365 0.0030 0.0002 1.0000
0.0003 0.0032 0.0391 0.4745 1.0000 1.0000 0.0006 0.0070 0.0852 1.0000 1.0000 0.0001 0.0013 0.0153 0.1854 1.0000 1.0000 0.0002 0.0027 0.0332 0.4029 1.0000 1.0000 0.0005 0.0060 0.0728 0.8837 1.0000 0.0001 0.0011 0.0133 0.1626 1.0000 1.0000 0.0002 0.0025 0.0316 0.3908 1.0000 1.0000 0.0005 0.0065 0.0823 1.0000 1.0000 0.0001 0.0015 0.0186 0.2308 1.0000 1.0000 1.0000 0.2308 0.0186 0.0015 0.0001 1.0000 1.0000 0.0823 0.0065 0.0005 1.0000 1.0000 0.3908 0.0316 0.0025 0.0002 1.0000 1.0000 0.1626 0.0133 0.0011 0.0001 1.0000 0.8837 0.0728 0.0060 0.0005 1.0000 1.0000 0.4029 0.0332 0.0027 0.0002 1.0000 1.0000 0.1854 0.0153 0.0013 0.0001 1.0000 1.0000 0.0852 0.0070 0.0006 1.0000 1.0000 0.4745 0.0391 0.0032 0.0003
0.0033 0.0420 0.5091 1.0000 1.0000 0.0006 0.0075 0.0914 1.0000 1.0000 0.0001 0.0014 0.0164 0.1986 1.0000 1.0000 0.0002 0.0029 0.0357 0.4323 1.0000 1.0000 0.0005 0.0064 0.0778 0.9445 1.0000 0.0001 0.0012 0.0141 0.1722 1.0000 1.0000 0.0002 0.0027 0.0327 0.4029 1.0000 1.0000 0.0005 0.0066 0.0823 1.0000 1.0000 0.0001 0.0014 0.0182 0.2295 1.0000 1.0000 0.0001 1.0000 1.0000 0.2295 0.0182 0.0014 0.0001 1.0000 1.0000 0.0823 0.0066 0.0005 1.0000 1.0000 0.4029 0.0327 0.0027 0.0002 1.0000 1.0000 0.1722 0.0141 0.0012 0.0001 1.0000 0.9445 0.0778 0.0064 0.0005 1.0000 1.0000 0.4323 0.0357 0.0029 0.0002 1.0000 1.0000 0.1986 0.0164 0.0014 0.0001 1.0000 1.0000 0.0914 0.0075 0.0006 1.0000 1.0000 0.5091 0.0420 0.0033
0.0426 0.5462 1.0000 0.0001 0.0007 0.0081 0.0981 1.0000 1.0000 0.0001 0.0015 0.0176 0.2131 1.0000 1.0000 0.0003 0.0032 0.0383 0.4638 1.0000 1.0000 0.0006 0.0069 0.0833 1.0000 1.0000 0.0001 0.0012 0.0151 0.1833 1.0000 1.0000 0.0002 0.0028 0.0341 0.4193 1.0000 1.0000 0.0005 0.0067 0.0834 1.0000 1.0000 0.0001 0.0014 0.0178 0.2260 1.0000 1.0000 0.0003 0.0013 0.0003 1.0000 1.0000 0.2260 0.0178 0.0014 0.0001 1.0000 1.0000 0.0834 0.0067 0.0005 1.0000 1.0000 0.4193 0.0341 0.0028 0.0002 1.0000 1.0000 0.1833 0.0151 0.0012 0.0001 1.0000 1.0000 0.0833 0.0069 0.0006 1.0000 1.0000 0.4638 0.0383 0.0032 0.0003 1.0000 1.0000 0.2131 0.0176 0.0015 0.0001 1.0000 1.0000 0.0981 0.0081 0.0007 0.0001 1.0000 0.5462 0.0426
0.5535 1.0000 0.0001 0.0007 0.0087 0.1050 1.0000 1.0000 0.0001 0.0016 0.0189 0.2286 1.0000 1.0000 0.0003 0.0034 0.0410 0.4967 1.0000 1.0000 0.0006 0.0074 0.0892 1.0000 1.0000 0.0001 0.0013 0.0161 0.1956 1.0000 1.0000 0.0002 0.0029 0.0359 0.4397 1.0000 1.0000 0.0006 0.0069 0.0855 1.0000 1.0000 0.0001 0.0014 0.0177 0.2234 1.0000 1.0000 0.0003 0.0033 0.0159 0.0033 0.0003 1.0000 1.0000 0.2234 0.0177 0.0014 0.0001 1.0000 1.0000 0.0855 0.0069 0.0006 1.0000 1.0000 0.4397 0.0359 0.0029 0.0002 1.0000 1.0000 0.1956 0.0161 0.0013 0.0001 1.0000 1.0000 0.0892 0.0074 0.0006 1.0000 1.0000 0.4967 0.0410 0.0034 0.0003 1.0000 1.0000 0.2286 0.0189 0.0016 0.0001 1.0000 1.0000 0.1050 0.0087 0.0007 0.0001 1.0000 0.5535
1.0000 0.0001 0.0008 0.0093 0.1127 1.0000 1.0000 0.0001 0.0017 0.0202 0.2453 1.0000 1.0000 0.0003 0.0036 0.0440 0.5329 1.0000 0.0001 0.0007 0.0079 0.0957 1.0000 1.0000 0.0001 0.0014 0.0172 0.2090 1.0000 1.0000 0.0003 0.0031 0.0381 0.4647 1.0000 1.0000 0.0006 0.0072 0.0885 1.0000 1.0000 0.0001 0.0014 0.0178 0.2234 1.0000 1.0000 0.0003 0.0037 0.0415 0.1975 0.0415 0.0037 0.0003 1.0000 1.0000 0.2234 0.0178 0.0014 0.0001 1.0000 1.0000 0.0885 0.0072 0.0006 1.0000 1.0000 0.4647 0.0381 0.0031 0.0003 1.0000 1.0000 0.2090 0.0172 0.0014 0.0001 1.0000 1.0000 0.0957 0.0079 0.0007 0.0001 1.0000 0.5329 0.0440 0.0036 0.0003 1.0000 1.0000 0.2453 0.0202 0.0017 0.0001 1.0000 1.0000 0.1127 0.0093 0.0008 0.0001 1.0000
0.0001 0.0008 0.0100 0.1207 1.0000 1.0000 0.0001 0.0018 0.0217 0.2626 1.0000 1.0000 0.0003 0.0039 0.0471 0.5706 1.0000 0.0001 0.0007 0.0085 0.1025 1.0000 1.0000 0.0001 0.0015 0.0184 0.2234 1.0000 1.0000 0.0003 0.0033 0.0405 0.4929 1.0000 1.0000 0.0006 0.0075 0.0923 1.0000 1.0000 0.0001 0.0015 0.0182 0.2260 1.0000 1.0000 0.0003 0.0038 0.0466 0.5159 1.0000 0.5159 0.0466 0.0038 0.0003 1.0000 1.0000 0.2260 0.0182 0.0015 0.0001 1.0000 1.0000 0.0923 0.0075 0.0006 1.0000 1.0000 0.4929 0.0405 0.0033 0.0003 1.0000 1.0000 0.2234 0.0184 0.0015 0.0001 1.0000 1.0000 0.1025 0.0085 0.0007 0.0001 1.0000 0.5706 0.0471 0.0039 0.0003 1.0000 1.0000 0.2626 0.0217 0.0018 0.0001 1.0000 1.0000 0.1207 0.0100 0.0008 0.0001
0.0008 0.0106 0.1287 1.0000 1.0000 0.0002 0.0019 0.0231 0.2797 1.0000 1.0000 0.0003 0.0041 0.0502 0.6087 1.0000 0.0001 0.0007 0.0090 0.1091 1.0000 1.0000 0.0001 0.0016 0.0196 0.2375 1.0000 1.0000 0.0003 0.0035 0.0430 0.5218 1.0000 0.0001 0.0006 0.0079 0.0962 1.0000 1.0000 0.0001 0.0015 0.0186 0.2295 1.0000 1.0000 0.0003 0.0038 0.0474 0.5805 1.0000 1.0000 1.0000 0.5805 0.0474 0.0038 0.0003 1.0000 1.0000 0.2295 0.0186 0.0015 0.0001 1.0000 1.0000 0.0962 0.0079 0.0006 0.0001 1.0000 0.5218 0.0430 0.0035 0.0003 1.0000 1.0000 0.2375 0.0196 0.0016 0.0001 1.0000 1.0000 0.1091 0.0090 0.0007 0.0001 1.0000 0.6087 0.0502 0.0041 0.0003 1.0000 1.0000 0.2797 0.0231 0.0019 0.0002 1.0000 1.0000 0.1287 0.0106 0.0008
0.0104 0.1340 1.0000 1.0000 0.0002 0.0020 0.0241 0.2910 1.0000 1.0000 0.0004 0.0043 0.0523 0.6335 1.0000 0.0001 0.0008 0.0094 0.1137 1.0000 1.0000 0.0001 0.0017 0.0204 0.2476 1.0000 1.0000 0.0003 0.0037 0.0446 0.5410 1.0000 0.0001 0.0007 0.0081 0.0988 1.0000 1.0000 0.0001 0.0015 0.0187 0.2308 1.0000 1.0000 0.0003 0.0037 0.0466 0.5805 1.0000 0.0001 0.0003 0.0001 1.0000 0.5805 0.0466 0.0037 0.0003 1.0000 1.0000 0.2308 0.0187 0.0015 0.0001 1.0000 1.0000 0.0988 0.0081 0.0007 0.0001 1.0000 0.5410 0.0446 0.0037 0.0003 1.0000 1.0000 0.2476 0.0204 0.0017 0.0001 1.0000 1.0000 0.1137 0.0094 0.0008 0.0001 1.0000 0.6335 0.0523 0.0043 0.0004 1.0000 1.0000 0.2910 0.0241 0.0020 0.0002 1.0000 1.0000 0.1340 0.0104
0.1175 1.0000 1.0000 0.0002 0.0019 0.0225 0.2718 1.0000 1.0000 0.0003 0.0040 0.0488 0.5916 1.0000 0.0001 0.0007 0.0088 0.1062 1.0000 1.0000 0.0001 0.0016 0.0191 0.2312 1.0000 1.0000 0.0003 0.0034 0.0416 0.5043 1.0000 1.0000 0.0006 0.0075 0.0914 1.0000 1.0000 0.0001 0.0014 0.0171 0.2094 1.0000 1.0000 0.0003 0.0033 0.0415 0.5159 1.0000 0.0001 0.0006 0.0028 0.0006 0.0001 1.0000 0.5159 0.0415 0.0033 0.0003 1.0000 1.0000 0.2094 0.0171 0.0014 0.0001 1.0000 1.0000 0.0914 0.0075 0.0006 1.0000 1.0000 0.5043 0.0416 0.0034 0.0003 1.0000 1.0000 0.2312 0.0191 0.0016 0.0001 1.0000 1.0000 0.1062 0.0088 0.0007 0.0001 1.0000 0.5916 0.0488 0.0040 0.0003 1.0000 1.0000 0.2718 0.0225 0.0019 0.0002 1.0000 1.0000 0.1175
0.5783 1.0000 0.0001 0.0007 0.0089 0.1078 1.0000 1.0000 0.0001 0.0016 0.0194 0.2348 1.0000 1.0000 0.0003 0.0035 0.0421 0.5101 1.0000 1.0000 0.0006 0.0076 0.0916 1.0000 1.0000 0.0001 0.0014 0.0165 0.1997 1.0000 1.0000 0.0002 0.0030 0.0361 0.4389 1.0000 1.0000 0.0005 0.0067 0.0817 1.0000 1.0000 0.0001 0.0013 0.0159 0.1975 1.0000 1.0000 0.0003 0.0028 0.0128 0.0028 0.0003 1.0000 1.0000 0.1975 0.0159 0.0013 0.0001 1.0000 1.0000 0.0817 0.0067 0.0005 1.0000 1.0000 0.4389 0.0361 0.0030 0.0002 1.0000 1.0000 0.1997 0.0165 0.0014 0.0001 1.0000 1.0000 0.0916 0.0076 0.0006 1.0000 1.0000 0.5101 0.0421 0.0035 0.0003 1.0000 1.0000 0.2348 0.0194 0.0016 0.0001 1.0000 1.0000 0.1078 0.0089 0.0007 0.0001 1.0000 0.5783
0.1175 1.0000 1.0000 0.0002 0.0019 0.0225 0.2718 1.0000 1.0000 0.0003 0.0040 0.0488 0.5916 1.0000 0.0001 0.0007 0.0088 0.1062 1.0000 1.0000 0.0001 0.0016 0.0191 0.2312 1.0000 1.0000 0.0003 0.0034 0.0416 0.5043 1.0000 1.0000 0.0006 0.0075 0.0914 1.0000 1.0000 0.0001 0.0014 0.0171 0.2094 1.0000 1.0000 0.0003 0.0033 0.0415 0.5159 1.0000 0.0001 0.0006 0.0028 0.0006 0.0001 1.0000 0.5159 0.0415 0.0033 0.0003 1.0000 1.0000 0.2094 0.0171 0.0014 0.0001 1.0000 1.0000 0.0914 0.0075 0.0006 1.0000 1.0000 0.5043 0.0416 0.0034 0.0003 1.0000 1.0000 0.2312 0.0191 0.0016 0.0001 1.0000 1.0000 0.1062 0.0088 0.0007 0.0001 1.0000 0.5916 0.0488 0.0040 0.0003 1.0000 1.0000 0.2718 0.0225 0.0019 0.0002 1.0000 1.0000 0.1175
0.0104 0.1340 1.0000 1.0000 0.0002 0.0020 0.0241 0.2910 1.0000 1.0000 0.0004 0.0043 0.0523 0.6335 1.0000 0.0001 0.0008 0.0094 0.1137 1.0000 1.0000 0.0001 0.0017 0.0204 0.2476 1.0000 1.0000 0.0003 0.0037 0.0446 0.5410 1.0000 0.0001 0.0007 0.0081 0.0988 1.0000 1.0000 0.0001 0.0015 0.0187 0.2308 1.0000 1.0000 0.0003 0.0037 0.0466 0.5805 1.0000 0.0001 0.0003 0.0001 1.0000 0.5805 0.0466 0.0037 0.0003 1.0000 1.0000 0.2308 0.0187 0.0015 0.0001 1.0000 1.0000 0.0988 0.0081 0.0007 0.0001 1.0000 0.5410 0.0446 0.0037 0.0003 1.0000 1.0000 0.2476 0.0204 0.0017 0.0001 1.0000 1.0000 0.1137 0.0094 0.0008 0.0001 1.0000 0.6335 0.0523 0.0043 0.0004 1.0000 1.0000 0.2910 0.0241 0.0020 0.0002 1.0000 1.0000 0.1340 0.0104
0.0008 0.0106 0.1287 1.0000 1.0000 0.0002 0.0019 0.0231 0.2797 1.0000 1.0000 0.0003 0.0041 0.0502 0.6087 1.0000 0.0001 0.0007 0.0090 0.1091 1.0000 1.0000 0.0001 0.0016 0.0196 0.2375 1.0000 1.0000 0.0003 0.0035 0.0430 0.5218 1.0000 0.0001 0.0006 0.0079 0.0962 1.0000 1.0000 0.0001 0.0015 0.0186 0.2295 1.0000 1.0000 0.0003 0.0038 0.0474 0.5805 1.0000 1.0000 1.0000 0.5805 0.0474 0.0038 0.0003 1.0000 1.0000 0.2295 0.0186 0.0015 0.0001 1.0000 1.0000 0.0962 0.0079 0.0006 0.0001 1.0000 0.5218 0.0430 0.0035 0.0003 1.0000 1.0000 0.2375 0.0196 0.0016 0.0001 1.0000 1.0000 0.1091 0.0090 0.0007 0.0001 1.0000 0.6087 0.0502 0.0041 0.0003 1.0000 1.0000 0.2797 0.0231 0.0019 0.0002 1.0000 1.0000 0.1287 0.0106 0.0008
0.0001 0.0008 0.0100 0.1207 1.0000 1.0000 0.0001 0.0018 0.0217 0.2626 1.0000 1.0000 0.0003 0.0039 0.0471 0.5706 1.0000 0.0001 0.0007 0.0085 0.1025 1.0000 1.0000 0.0001 0.0015 0.0184 0.2234 1.0000 1.0000 0.0003 0.0033 0.0405 0.4929 1.0000 1.0000 0.0006 0.0075 0.0923 1.0000 1.0000 0.0001 0.0015 0.0182 0.2260 1.0000 1.0000 0.0003 0.0038 0.0466 0.5159 1.0000 0.5159 0.0466 0.0038 0.0003 1.0000 1.0000 0.2260 0.0182 0.0015 0.0001 1.0000 1.0000 0.0923 0.0075 0.0006 1.0000 1.0000 0.4929 0.0405 0.0033 0.0003 1.0000 1.0000 0.2234 0.0184 0.0015 0.0001 1.0000 1.0000 0.1025 0.0085 0.0007 0.0001 1.0000 0.5706 0.0471 0.0039 0.0003 1.0000 1.0000 0.2626 0.0217 0.0018 0.0001 1.0000 1.0000 0.1207 0.0100 0.0008 0.0001
1.0000 0.0001 0.0008 0.0093 0.1127 1.0000 1.0000 0.0001 0.0017 0.0202 0.2453 1.0000 1.0000 0.0003 0.0036 0.0440 0.5329 1.0000 0.0001 0.0007 0.0079 0.0957 1.0000 1.0000 0.0001 0.0014 0.0172 0.2090 1.0000 1.0000 0.0003 0.0031 0.0381 0.4647 1.0000 1.0000 0.0006 0.0072 0.0885 1.0000 1.0000 0.0001 0.0014 0.0178 0.2234 1.0000 1.0000 0.0003 0.0037 0.0415 0.1975 0.0415 0.0037 0.0003 1.0000 1.0000 0.2234 0.0178 0.0014 0.0001 1.0000 1.0000 0.0885 0.0072 0.0006 1.0000 1.0000 0.4647 0.0381 0.0031 0.0003 1.0000 1.0000 0.2090 0.0172 0.0014 0.0001 1.0000 1.0000 0.0957 0.0079 0.0007 0.0001 1.0000 0.5329 0.0440 0.0036 0.0003 1.0000 1.0000 0.2453 0.0202 0.0017 0.0001 1.0000 1.0000 0.1127 0.0093 0.0008 0.0001 1.0000
