-0.0412 0.2265 -0.1276 -0.2626 -0.3393 -0.3358 0.1098 0.2300 -0.2061 -0.3016 -0.3612 -0.0623 0.2135 -0.1110 -0.2572 -0.3354 -0.3484 0.0962 0.2559 -0.1978 -0.2966 -0.3590 -0.1065 0.1998 -0.0898 -0.2516 -0.3313 -0.3569 0.0823 0.2683 -0.1891 -0.2915 -0.3566 -0.1557 0.1864 -0.0619 -0.2461 -0.3271 -0.3623 0.0677 0.2709 -0.1800 -0.2863 -0.3540 -0.2044 0.1730 -0.0223 -0.2399 -0.3220 -0.3688 -0.1927 -0.3688 -0.3220 -0.2399 -0.0223 0.1730 -0.2044 -0.3540 -0.2863 -0.1800 0.2709 0.0677 -0.3623 -0.3271 -0.2461 -0.0619 0.1864 -0.1557 -0.3566 -0.2915 -0.1891 0.2683 0.0823 -0.3569 -0.3313 -0.2516 -0.0898 0.1998 -0.1065 -0.3590 -0.2966 -0.1978 0.2559 0.0962 -0.3484 -0.3354 -0.2572 -0.1110 0.2135 -0.0623 -0.3612 -0.3016 -0.2061 0.2300 0.1098 -0.3358 -0.3393 -0.2626 -0.1276 0.2265 -0.0412
0.2265 -0.1285 -0.2782 -0.3528 -0.3449 0.1086 0.2480 -0.2143 -0.3159 -0.3729 -0.0671 0.2102 -0.1058 -0.2723 -0.3490 -0.3581 0.0948 0.2677 -0.2045 -0.3109 -0.3711 -0.1131 0.1967 -0.0811 -0.2669 -0.3450 -0.3669 0.0811 0.2751 -0.1945 -0.3060 -0.3690 -0.1638 0.1836 -0.0482 -0.2615 -0.3409 -0.3725 0.0665 0.2739 -0.1841 -0.3009 -0.3666 -0.2130 0.1701 -0.0014 -0.2558 -0.3364 -0.3760 0.0293 0.1640 0.0293 -0.3760 -0.3364 -0.2558 -0.0014 0.1701 -0.2130 -0.3666 -0.3009 -0.1841 0.2739 0.0665 -0.3725 -0.3409 -0.2615 -0.0482 0.1836 -0.1638 -0.3690 -0.3060 -0.1945 0.2751 0.0811 -0.3669 -0.3450 -0.2669 -0.0811 0.1967 -0.1131 -0.3711 -0.3109 -0.2045 0.2677 0.0948 -0.3581 -0.3490 -0.2723 -0.1058 0.2102 -0.0671 -0.3729 -0.3159 -0.2143 0.2480 0.1086 -0.3449 -0.3528 -0.2782 -0.1285 0.2265
-0.1276 -0.2782 -0.3522 -0.3487 0.1041 0.2568 -0.2105 -0.3138 -0.3722 -0.0859 0.2042 -0.0958 -0.2699 -0.3473 -0.3624 0.0888 0.2722 -0.2001 -0.3088 -0.3702 -0.1351 0.1908 -0.0680 -0.2645 -0.3432 -0.3696 0.0747 0.2754 -0.1900 -0.3037 -0.3680 -0.1859 0.1778 -0.0299 -0.2591 -0.3390 -0.3741 0.0597 0.2715 -0.1794 -0.2986 -0.3655 -0.2326 0.1634 0.0240 -0.2526 -0.3346 -0.3764 0.0379 0.2477 0.0344 0.2477 0.0379 -0.3764 -0.3346 -0.2526 0.0240 0.1634 -0.2326 -0.3655 -0.2986 -0.1794 0.2715 0.0597 -0.3741 -0.3390 -0.2591 -0.0299 0.1778 -0.1859 -0.3680 -0.3037 -0.1900 0.2754 0.0747 -0.3696 -0.3432 -0.2645 -0.0680 0.1908 -0.1351 -0.3702 -0.3088 -0.2001 0.2722 0.0888 -0.3624 -0.3473 -0.2699 -0.0958 0.2042 -0.0859 -0.3722 -0.3138 -0.2105 0.2568 0.1041 -0.3487 -0.3522 -0.2782 -0.1276
-0.2626 -0.3528 -0.3487 0.1024 0.2612 -0.2076 -0.3121 -0.3714 -0.1047 0.1986 -0.0850 -0.2676 -0.3455 -0.3659 0.0827 0.2747 -0.1957 -0.3066 -0.3693 -0.1574 0.1851 -0.0529 -0.2621 -0.3414 -0.3719 0.0683 0.2744 -0.1854 -0.3015 -0.3669 -0.2071 0.1718 -0.0087 -0.2567 -0.3371 -0.3753 0.0526 0.2682 -0.1745 -0.2964 -0.3643 -0.2508 0.1570 0.0524 -0.2485 -0.3326 -0.3767 0.0333 0.2549 -0.1470 -0.2483 -0.1470 0.2549 0.0333 -0.3767 -0.3326 -0.2485 0.0524 0.1570 -0.2508 -0.3643 -0.2964 -0.1745 0.2682 0.0526 -0.3753 -0.3371 -0.2567 -0.0087 0.1718 -0.2071 -0.3669 -0.3015 -0.1854 0.2744 0.0683 -0.3719 -0.3414 -0.2621 -0.0529 0.1851 -0.1574 -0.3693 -0.3066 -0.1957 0.2747 0.0827 -0.3659 -0.3455 -0.2676 -0.0850 0.1986 -0.1047 -0.3714 -0.3121 -0.2076 0.2612 0.1024 -0.3487 -0.3528 -0.2626
-0.3393 -0.3449 0.1041 0.2612 -0.2066 -0.3112 -0.3709 -0.1203 0.1939 -0.0741 -0.2654 -0.3438 -0.3688 0.0766 0.2755 -0.1913 -0.3044 -0.3683 -0.1796 0.1794 -0.0354 -0.2597 -0.3396 -0.3737 0.0616 0.2723 -0.1807 -0.2993 -0.3658 -0.2271 0.1653 0.0158 -0.2537 -0.3352 -0.3761 0.0452 0.2641 -0.1695 -0.2942 -0.3630 -0.2674 0.1507 0.0826 -0.2443 -0.3307 -0.3768 0.0254 0.2518 -0.1538 -0.2832 -0.3348 -0.2832 -0.1538 0.2518 0.0254 -0.3768 -0.3307 -0.2443 0.0826 0.1507 -0.2674 -0.3630 -0.2942 -0.1695 0.2641 0.0452 -0.3761 -0.3352 -0.2537 0.0158 0.1653 -0.2271 -0.3658 -0.2993 -0.1807 0.2723 0.0616 -0.3737 -0.3396 -0.2597 -0.0354 0.1794 -0.1796 -0.3683 -0.3044 -0.1913 0.2755 0.0766 -0.3688 -0.3438 -0.2654 -0.0741 0.1939 -0.1203 -0.3709 -0.3112 -0.2066 0.2612 0.1041 -0.3449 -0.3393
-0.3358 0.1086 0.2568 -0.2076 -0.3112 -0.3706 -0.1293 0.1907 -0.0646 -0.2636 -0.3423 -0.3710 0.0706 0.2749 -0.1868 -0.3022 -0.3672 -0.2011 0.1736 -0.0151 -0.2574 -0.3377 -0.3750 0.0546 0.2692 -0.1759 -0.2971 -0.3646 -0.2457 0.1588 0.0434 -0.2498 -0.3333 -0.3766 0.0372 0.2595 -0.1643 -0.2919 -0.3618 -0.2825 0.1446 0.1133 -0.2401 -0.3287 -0.3766 0.0162 0.2467 -0.1503 -0.2854 -0.3596 -0.3884 -0.3596 -0.2854 -0.1503 0.2467 0.0162 -0.3766 -0.3287 -0.2401 0.1133 0.1446 -0.2825 -0.3618 -0.2919 -0.1643 0.2595 0.0372 -0.3766 -0.3333 -0.2498 0.0434 0.1588 -0.2457 -0.3646 -0.2971 -0.1759 0.2692 0.0546 -0.3750 -0.3377 -0.2574 -0.0151 0.1736 -0.2011 -0.3672 -0.3022 -0.1868 0.2749 0.0706 -0.3710 -0.3423 -0.2636 -0.0646 0.1907 -0.1293 -0.3706 -0.3112 -0.2076 0.2568 0.1086 -0.3358
0.1098 0.2480 -0.2105 -0.3121 -0.3709 -0.1293 0.1895 -0.0589 -0.2623 -0.3411 -0.3725 0.0653 0.2734 -0.1825 -0.3000 -0.3661 -0.2213 0.1673 0.0085 -0.2547 -0.3358 -0.3760 0.0473 0.2653 -0.1709 -0.2948 -0.3634 -0.2628 0.1525 0.0734 -0.2456 -0.3313 -0.3768 0.0288 0.2544 -0.1588 -0.2896 -0.3604 -0.2961 0.1385 0.1429 -0.2359 -0.3267 -0.3762 0.0061 0.2410 -0.1447 -0.2839 -0.3571 -0.3424 0.0098 -0.3424 -0.3571 -0.2839 -0.1447 0.2410 0.0061 -0.3762 -0.3267 -0.2359 0.1429 0.1385 -0.2961 -0.3604 -0.2896 -0.1588 0.2544 0.0288 -0.3768 -0.3313 -0.2456 0.0734 0.1525 -0.2628 -0.3634 -0.2948 -0.1709 0.2653 0.0473 -0.3760 -0.3358 -0.2547 0.0085 0.1673 -0.2213 -0.3661 -0.3000 -0.1825 0.2734 0.0653 -0.3725 -0.3411 -0.2623 -0.0589 0.1895 -0.1293 -0.3709 -0.3121 -0.2105 0.2480 0.1098
0.2300 -0.2143 -0.3138 -0.3714 -0.1203 0.1907 -0.0589 -0.2619 -0.3404 -0.3734 0.0611 0.2716 -0.1788 -0.2981 -0.3651 -0.2393 0.1609 0.0348 -0.2510 -0.3338 -0.3765 0.0395 0.2609 -0.1657 -0.2925 -0.3621 -0.2783 0.1463 0.1043 -0.2414 -0.3293 -0.3767 0.0197 0.2489 -0.1532 -0.2873 -0.3590 -0.3082 0.1326 0.1702 -0.2318 -0.3246 -0.3757 -0.0051 0.2351 -0.1384 -0.2818 -0.3556 -0.3360 0.1023 0.2297 0.1023 -0.3360 -0.3556 -0.2818 -0.1384 0.2351 -0.0051 -0.3757 -0.3246 -0.2318 0.1702 0.1326 -0.3082 -0.3590 -0.2873 -0.1532 0.2489 0.0197 -0.3767 -0.3293 -0.2414 0.1043 0.1463 -0.2783 -0.3621 -0.2925 -0.1657 0.2609 0.0395 -0.3765 -0.3338 -0.2510 0.0348 0.1609 -0.2393 -0.3651 -0.2981 -0.1788 0.2716 0.0611 -0.3734 -0.3404 -0.2619 -0.0589 0.1907 -0.1203 -0.3714 -0.3138 -0.2143 0.2300
-0.2061 -0.3159 -0.3722 -0.1047 0.1939 -0.0646 -0.2623 -0.3404 -0.3737 0.0588 0.2701 -0.1759 -0.2966 -0.3641 -0.2541 0.1553 0.0619 -0.2470 -0.3319 -0.3768 0.0312 0.2559 -0.1604 -0.2903 -0.3608 -0.2923 0.1403 0.1345 -0.2372 -0.3273 -0.3764 0.0097 0.2432 -0.1472 -0.2850 -0.3576 -0.3189 0.1268 0.1943 -0.2276 -0.3226 -0.3751 -0.0174 0.2291 -0.1316 -0.2796 -0.3540 -0.3405 0.1093 0.2661 -0.1327 0.2661 0.1093 -0.3405 -0.3540 -0.2796 -0.1316 0.2291 -0.0174 -0.3751 -0.3226 -0.2276 0.1943 0.1268 -0.3189 -0.3576 -0.2850 -0.1472 0.2432 0.0097 -0.3764 -0.3273 -0.2372 0.1345 0.1403 -0.2923 -0.3608 -0.2903 -0.1604 0.2559 0.0312 -0.3768 -0.3319 -0.2470 0.0619 0.1553 -0.2541 -0.3641 -0.2966 -0.1759 0.2701 0.0588 -0.3737 -0.3404 -0.2623 -0.0646 0.1939 -0.1047 -0.3722 -0.3159 -0.2061
-0.3016 -0.3729 -0.0859 0.1986 -0.0741 -0.2636 -0.3411 -0.3734 0.0588 0.2695 -0.1744 -0.2956 -0.3634 -0.2650 0.1506 0.0869 -0.2433 -0.3301 -0.3768 0.0225 0.2505 -0.1548 -0.2880 -0.3595 -0.3048 0.1343 0.1626 -0.2330 -0.3253 -0.3759 -0.0012 0.2372 -0.1408 -0.2827 -0.3561 -0.3284 0.1209 0.2149 -0.2235 -0.3205 -0.3745 -0.0312 0.2231 -0.1242 -0.2773 -0.3525 -0.3466 0.1063 0.2562 -0.2029 -0.2769 -0.2029 0.2562 0.1063 -0.3466 -0.3525 -0.2773 -0.1242 0.2231 -0.0312 -0.3745 -0.3205 -0.2235 0.2149 0.1209 -0.3284 -0.3561 -0.2827 -0.1408 0.2372 -0.0012 -0.3759 -0.3253 -0.2330 0.1626 0.1343 -0.3048 -0.3595 -0.2880 -0.1548 0.2505 0.0225 -0.3768 -0.3301 -0.2433 0.0869 0.1506 -0.2650 -0.3634 -0.2956 -0.1744 0.2695 0.0588 -0.3734 -0.3411 -0.2636 -0.0741 0.1986 -0.0859 -0.3729 -0.3016
-0.3612 -0.0671 0.2042 -0.0850 -0.2654 -0.3423 -0.3725 0.0611 0.2701 -0.1744 -0.2952 -0.3631 -0.2717 0.1473 0.1067 -0.2403 -0.3285 -0.3766 0.0139 0.2453 -0.1491 -0.2857 -0.3580 -0.3159 0.1284 0.1877 -0.2288 -0.3232 -0.3753 -0.0132 0.2312 -0.1341 -0.2804 -0.3546 -0.3367 0.1152 0.2321 -0.2193 -0.3184 -0.3738 -0.0466 0.2171 -0.1161 -0.2750 -0.3509 -0.3524 0.1011 0.2611 -0.2071 -0.3091 -0.3583 -0.3091 -0.2071 0.2611 0.1011 -0.3524 -0.3509 -0.2750 -0.1161 0.2171 -0.0466 -0.3738 -0.3184 -0.2193 0.2321 0.1152 -0.3367 -0.3546 -0.2804 -0.1341 0.2312 -0.0132 -0.3753 -0.3232 -0.2288 0.1877 0.1284 -0.3159 -0.3580 -0.2857 -0.1491 0.2453 0.0139 -0.3766 -0.3285 -0.2403 0.1067 0.1473 -0.2717 -0.3631 -0.2952 -0.1744 0.2701 0.0611 -0.3725 -0.3423 -0.2654 -0.0850 0.2042 -0.0671 -0.3612
-0.0623 0.2102 -0.0958 -0.2676 -0.3438 -0.3710 0.0653 0.2716 -0.1759 -0.2956 -0.3631 -0.2739 0.1456 0.1191 -0.2381 -0.3272 -0.3763 0.0059 0.2404 -0.1437 -0.2836 -0.3566 -0.3256 0.1226 0.2094 -0.2247 -0.3211 -0.3747 -0.0266 0.2251 -0.1269 -0.2781 -0.3531 -0.3439 0.1094 0.2459 -0.2151 -0.3163 -0.3731 -0.0636 0.2112 -0.1073 -0.2726 -0.3492 -0.3575 0.0954 0.2673 -0.2044 -0.3103 -0.3750 -0.3634 -0.3750 -0.3103 -0.2044 0.2673 0.0954 -0.3575 -0.3492 -0.2726 -0.1073 0.2112 -0.0636 -0.3731 -0.3163 -0.2151 0.2459 0.1094 -0.3439 -0.3531 -0.2781 -0.1269 0.2251 -0.0266 -0.3747 -0.3211 -0.2247 0.2094 0.1226 -0.3256 -0.3566 -0.2836 -0.1437 0.2404 0.0059 -0.3763 -0.3272 -0.2381 0.1191 0.1456 -0.2739 -0.3631 -0.2956 -0.1759 0.2716 0.0653 -0.3710 -0.3438 -0.2676 -0.0958 0.2102 -0.0623
0.2135 -0.1058 -0.2699 -0.3455 -0.3688 0.0706 0.2734 -0.1788 -0.2966 -0.3634 -0.2717 0.1456 0.1234 -0.2369 -0.3264 -0.3760 -0.0007 0.2362 -0.1387 -0.2817 -0.3553 -0.3336 0.1171 0.2271 -0.2205 -0.3190 -0.3740 -0.0414 0.2191 -0.1190 -0.2758 -0.3514 -0.3502 0.1036 0.2566 -0.2109 -0.3142 -0.3723 -0.0823 0.2053 -0.0977 -0.2703 -0.3475 -0.3618 0.0896 0.2718 -0.2005 -0.3088 -0.3706 -0.1878 0.0887 -0.1878 -0.3706 -0.3088 -0.2005 0.2718 0.0896 -0.3618 -0.3475 -0.2703 -0.0977 0.2053 -0.0823 -0.3723 -0.3142 -0.2109 0.2566 0.1036 -0.3502 -0.3514 -0.2758 -0.1190 0.2191 -0.0414 -0.3740 -0.3190 -0.2205 0.2271 0.1171 -0.3336 -0.3553 -0.2817 -0.1387 0.2362 -0.0007 -0.3760 -0.3264 -0.2369 0.1234 0.1456 -0.2717 -0.3634 -0.2966 -0.1788 0.2734 0.0706 -0.3688 -0.3455 -0.2699 -0.1058 0.2135
-0.1110 -0.2723 -0.3473 -0.3659 0.0766 0.2749 -0.1825 -0.2981 -0.3641 -0.2650 0.1473 0.1191 -0.2369 -0.3262 -0.3759 -0.0053 0.2332 -0.1346 -0.2802 -0.3541 -0.3399 0.1122 0.2407 -0.2166 -0.3170 -0.3733 -0.0580 0.2131 -0.1105 -0.2735 -0.3498 -0.3557 0.0978 0.2646 -0.2066 -0.3120 -0.3715 -0.1025 0.1994 -0.0868 -0.2680 -0.3458 -0.3654 0.0835 0.2745 -0.1962 -0.3067 -0.3694 -0.1673 0.1651 0.2724 0.1651 -0.1673 -0.3694 -0.3067 -0.1962 0.2745 0.0835 -0.3654 -0.3458 -0.2680 -0.0868 0.1994 -0.1025 -0.3715 -0.3120 -0.2066 0.2646 0.0978 -0.3557 -0.3498 -0.2735 -0.1105 0.2131 -0.0580 -0.3733 -0.3170 -0.2166 0.2407 0.1122 -0.3399 -0.3541 -0.2802 -0.1346 0.2332 -0.0053 -0.3759 -0.3262 -0.2369 0.1191 0.1473 -0.2650 -0.3641 -0.2981 -0.1825 0.2749 0.0766 -0.3659 -0.3473 -0.2723 -0.1110
-0.2572 -0.3490 -0.3624 0.0827 0.2755 -0.1868 -0.3000 -0.3651 -0.2541 0.1506 0.1067 -0.2381 -0.3264 -0.3759 -0.0069 0.2317 -0.1320 -0.2790 -0.3532 -0.3445 0.1079 0.2504 -0.2130 -0.3151 -0.3726 -0.0755 0.2073 -0.1010 -0.2711 -0.3481 -0.3603 0.0919 0.2702 -0.2023 -0.3099 -0.3706 -0.1239 0.1936 -0.0745 -0.2656 -0.3440 -0.3685 0.0774 0.2755 -0.1918 -0.3046 -0.3684 -0.1804 0.1761 0.0262 -0.2000 0.0262 0.1761 -0.1804 -0.3684 -0.3046 -0.1918 0.2755 0.0774 -0.3685 -0.3440 -0.2656 -0.0745 0.1936 -0.1239 -0.3706 -0.3099 -0.2023 0.2702 0.0919 -0.3603 -0.3481 -0.2711 -0.1010 0.2073 -0.0755 -0.3726 -0.3151 -0.2130 0.2504 0.1079 -0.3445 -0.3532 -0.2790 -0.1320 0.2317 -0.0069 -0.3759 -0.3264 -0.2381 0.1067 0.1506 -0.2541 -0.3651 -0.3000 -0.1868 0.2755 0.0827 -0.3624 -0.3490 -0.2572
-0.3354 -0.3581 0.0888 0.2747 -0.1913 -0.3022 -0.3661 -0.2393 0.1553 0.0869 -0.2403 -0.3272 -0.3760 -0.0053 0.2317 -0.1311 -0.2785 -0.3527 -0.3475 0.1047 0.2569 -0.2100 -0.3134 -0.3719 -0.0928 0.2018 -0.0910 -0.2688 -0.3464 -0.3642 0.0859 0.2736 -0.1980 -0.3077 -0.3697 -0.1461 0.1879 -0.0604 -0.2633 -0.3422 -0.3709 0.0711 0.2750 -0.1873 -0.3024 -0.3673 -0.2000 0.1733 -0.0040 -0.2498 -0.3037 -0.2498 -0.0040 0.1733 -0.2000 -0.3673 -0.3024 -0.1873 0.2750 0.0711 -0.3709 -0.3422 -0.2633 -0.0604 0.1879 -0.1461 -0.3697 -0.3077 -0.1980 0.2736 0.0859 -0.3642 -0.3464 -0.2688 -0.0910 0.2018 -0.0928 -0.3719 -0.3134 -0.2100 0.2569 0.1047 -0.3475 -0.3527 -0.2785 -0.1311 0.2317 -0.0053 -0.3760 -0.3272 -0.2403 0.0869 0.1553 -0.2393 -0.3661 -0.3022 -0.1913 0.2747 0.0888 -0.3581 -0.3354
-0.3484 0.0948 0.2722 -0.1957 -0.3044 -0.3672 -0.2213 0.1609 0.0619 -0.2433 -0.3285 -0.3763 -0.0007 0.2332 -0.1320 -0.2785 -0.3525 -0.3490 0.1026 0.2608 -0.2077 -0.3121 -0.3713 -0.1091 0.1970 -0.0809 -0.2666 -0.3447 -0.3674 0.0798 0.2753 -0.1936 -0.3055 -0.3688 -0.1684 0.1822 -0.0442 -0.2609 -0.3404 -0.3729 0.0646 0.2733 -0.1827 -0.3002 -0.3662 -0.2200 0.1675 0.0099 -0.2534 -0.3336 -0.3774 -0.3336 -0.2534 0.0099 0.1675 -0.2200 -0.3662 -0.3002 -0.1827 0.2733 0.0646 -0.3729 -0.3404 -0.2609 -0.0442 0.1822 -0.1684 -0.3688 -0.3055 -0.1936 0.2753 0.0798 -0.3674 -0.3447 -0.2666 -0.0809 0.1970 -0.1091 -0.3713 -0.3121 -0.2077 0.2608 0.1026 -0.3490 -0.3525 -0.2785 -0.1320 0.2332 -0.0007 -0.3763 -0.3285 -0.2433 0.0619 0.1609 -0.2213 -0.3672 -0.3044 -0.1957 0.2722 0.0948 -0.3484
0.0962 0.2677 -0.2001 -0.3066 -0.3683 -0.2011 0.1673 0.0348 -0.2470 -0.3301 -0.3766 0.0059 0.2362 -0.1346 -0.2790 -0.3527 -0.3490 0.1019 0.2627 -0.2062 -0.3111 -0.3709 -0.1228 0.1929 -0.0710 -0.2647 -0.3432 -0.3699 0.0738 0.2753 -0.1891 -0.3033 -0.3677 -0.1903 0.1766 -0.0254 -0.2585 -0.3386 -0.3744 0.0578 0.2706 -0.1779 -0.2980 -0.3651 -0.2389 0.1611 0.0341 -0.2509 -0.3334 -0.3803 -0.2338 -0.3803 -0.3334 -0.2509 0.0341 0.1611 -0.2389 -0.3651 -0.2980 -0.1779 0.2706 0.0578 -0.3744 -0.3386 -0.2585 -0.0254 0.1766 -0.1903 -0.3677 -0.3033 -0.1891 0.2753 0.0738 -0.3699 -0.3432 -0.2647 -0.0710 0.1929 -0.1228 -0.3709 -0.3111 -0.2062 0.2627 0.1019 -0.3490 -0.3527 -0.2790 -0.1346 0.2362 0.0059 -0.3766 -0.3301 -0.2470 0.0348 0.1673 -0.2011 -0.3683 -0.3066 -0.2001 0.2677 0.0962
0.2559 -0.2045 -0.3088 -0.3693 -0.1796 0.1736 0.0085 -0.2510 -0.3319 -0.3768 0.0139 0.2404 -0.1387 -0.2802 -0.3532 -0.3475 0.1026 0.2627 -0.2057 -0.3106 -0.3706 -0.1324 0.1898 -0.0620 -0.2631 -0.3418 -0.3717 0.0683 0.2743 -0.1848 -0.3011 -0.3667 -0.2113 0.1705 -0.0037 -0.2561 -0.3367 -0.3756 0.0506 0.2671 -0.1730 -0.2957 -0.3639 -0.2564 0.1548 0.0627 -0.2469 -0.3319 -0.3767 0.0075 0.1496 0.0075 -0.3767 -0.3319 -0.2469 0.0627 0.1548 -0.2564 -0.3639 -0.2957 -0.1730 0.2671 0.0506 -0.3756 -0.3367 -0.2561 -0.0037 0.1705 -0.2113 -0.3667 -0.3011 -0.1848 0.2743 0.0683 -0.3717 -0.3418 -0.2631 -0.0620 0.1898 -0.1324 -0.3706 -0.3106 -0.2057 0.2627 0.1026 -0.3475 -0.3532 -0.2802 -0.1387 0.2404 0.0139 -0.3768 -0.3319 -0.2510 0.0085 0.1736 -0.1796 -0.3693 -0.3088 -0.2045 0.2559
-0.1978 -0.3109 -0.3702 -0.1574 0.1794 -0.0151 -0.2547 -0.3338 -0.3768 0.0225 0.2453 -0.1437 -0.2817 -0.3541 -0.3445 0.1047 0.2608 -0.2062 -0.3106 -0.3704 -0.1374 0.1879 -0.0554 -0.2618 -0.3407 -0.3730 0.0634 0.2726 -0.1808 -0.2991 -0.3656 -0.2303 0.1641 0.0212 -0.2530 -0.3348 -0.3763 0.0431 0.2629 -0.1680 -0.2935 -0.3627 -0.2725 0.1486 0.0932 -0.2428 -0.3300 -0.3768 0.0174 0.2326 0.1050 0.2326 0.0174 -0.3768 -0.3300 -0.2428 0.0932 0.1486 -0.2725 -0.3627 -0.2935 -0.1680 0.2629 0.0431 -0.3763 -0.3348 -0.2530 0.0212 0.1641 -0.2303 -0.3656 -0.2991 -0.1808 0.2726 0.0634 -0.3730 -0.3407 -0.2618 -0.0554 0.1879 -0.1374 -0.3704 -0.3106 -0.2062 0.2608 0.1047 -0.3445 -0.3541 -0.2817 -0.1437 0.2453 0.0225 -0.3768 -0.3338 -0.2547 -0.0151 0.1794 -0.1574 -0.3702 -0.3109 -0.1978
-0.2966 -0.3711 -0.1351 0.1851 -0.0354 -0.2574 -0.3358 -0.3765 0.0312 0.2505 -0.1491 -0.2836 -0.3553 -0.3399 0.1079 0.2569 -0.2077 -0.3111 -0.3706 -0.1374 0.1873 -0.0518 -0.2610 -0.3399 -0.3738 0.0593 0.2707 -0.1773 -0.2974 -0.3646 -0.2465 0.1582 0.0481 -0.2490 -0.3329 -0.3767 0.0352 0.2582 -0.1628 -0.2912 -0.3614 -0.2870 0.1426 0.1237 -0.2387 -0.3280 -0.3765 0.0117 0.2419 -0.1315 -0.2403 -0.1315 0.2419 0.0117 -0.3765 -0.3280 -0.2387 0.1237 0.1426 -0.2870 -0.3614 -0.2912 -0.1628 0.2582 0.0352 -0.3767 -0.3329 -0.2490 0.0481 0.1582 -0.2465 -0.3646 -0.2974 -0.1773 0.2707 0.0593 -0.3738 -0.3399 -0.2610 -0.0518 0.1873 -0.1374 -0.3706 -0.3111 -0.2077 0.2569 0.1079 -0.3399 -0.3553 -0.2836 -0.1491 0.2505 0.0312 -0.3765 -0.3358 -0.2574 -0.0354 0.1851 -0.1351 -0.3711 -0.2966
-0.3590 -0.1131 0.1908 -0.0529 -0.2597 -0.3377 -0.3760 0.0395 0.2559 -0.1548 -0.2857 -0.3566 -0.3336 0.1122 0.2504 -0.2100 -0.3121 -0.3709 -0.1324 0.1879 -0.0518 -0.2608 -0.3395 -0.3743 0.0563 0.2690 -0.1744 -0.2959 -0.3638 -0.2599 0.1529 0.0742 -0.2451 -0.3310 -0.3768 0.0268 0.2531 -0.1574 -0.2890 -0.3600 -0.2999 0.1366 0.1524 -0.2345 -0.3260 -0.3761 0.0021 0.2384 -0.1394 -0.2777 -0.3296 -0.2777 -0.1394 0.2384 0.0021 -0.3761 -0.3260 -0.2345 0.1524 0.1366 -0.2999 -0.3600 -0.2890 -0.1574 0.2531 0.0268 -0.3768 -0.3310 -0.2451 0.0742 0.1529 -0.2599 -0.3638 -0.2959 -0.1744 0.2690 0.0563 -0.3743 -0.3395 -0.2608 -0.0518 0.1879 -0.1324 -0.3709 -0.3121 -0.2100 0.2504 0.1122 -0.3336 -0.3566 -0.2857 -0.1548 0.2559 0.0395 -0.3760 -0.3377 -0.2597 -0.0529 0.1908 -0.1131 -0.3590
-0.1065 0.1967 -0.0680 -0.2621 -0.3396 -0.3750 0.0473 0.2609 -0.1604 -0.2880 -0.3580 -0.3256 0.1171 0.2407 -0.2130 -0.3134 -0.3713 -0.1228 0.1898 -0.0554 -0.2610 -0.3395 -0.3744 0.0547 0.2678 -0.1723 -0.2947 -0.3630 -0.2705 0.1484 0.0981 -0.2417 -0.3293 -0.3767 0.0182 0.2478 -0.1518 -0.2868 -0.3587 -0.3114 0.1308 0.1784 -0.2304 -0.3240 -0.3755 -0.0093 0.2329 -0.1354 -0.2800 -0.3555 -0.3880 -0.3555 -0.2800 -0.1354 0.2329 -0.0093 -0.3755 -0.3240 -0.2304 0.1784 0.1308 -0.3114 -0.3587 -0.2868 -0.1518 0.2478 0.0182 -0.3767 -0.3293 -0.2417 0.0981 0.1484 -0.2705 -0.3630 -0.2947 -0.1723 0.2678 0.0547 -0.3744 -0.3395 -0.2610 -0.0554 0.1898 -0.1228 -0.3713 -0.3134 -0.2130 0.2407 0.1171 -0.3256 -0.3580 -0.2880 -0.1604 0.2609 0.0473 -0.3750 -0.3396 -0.2621 -0.0680 0.1967 -0.1065
0.1998 -0.0811 -0.2645 -0.3414 -0.3737 0.0546 0.2653 -0.1657 -0.2903 -0.3595 -0.3159 0.1226 0.2271 -0.2166 -0.3151 -0.3719 -0.1091 0.1929 -0.0620 -0.2618 -0.3399 -0.3743 0.0547 0.2674 -0.1712 -0.2940 -0.3625 -0.2782 0.1449 0.1182 -0.2387 -0.3277 -0.3764 0.0096 0.2426 -0.1462 -0.2846 -0.3573 -0.3213 0.1252 0.2008 -0.2263 -0.3219 -0.3749 -0.0219 0.2270 -0.1289 -0.2786 -0.3535 -0.3561 -0.0168 -0.3561 -0.3535 -0.2786 -0.1289 0.2270 -0.0219 -0.3749 -0.3219 -0.2263 0.2008 0.1252 -0.3213 -0.3573 -0.2846 -0.1462 0.2426 0.0096 -0.3764 -0.3277 -0.2387 0.1182 0.1449 -0.2782 -0.3625 -0.2940 -0.1712 0.2674 0.0547 -0.3743 -0.3399 -0.2618 -0.0620 0.1929 -0.1091 -0.3719 -0.3151 -0.2166 0.2271 0.1226 -0.3159 -0.3595 -0.2903 -0.1657 0.2653 0.0546 -0.3737 -0.3414 -0.2645 -0.0811 0.1998
-0.0898 -0.2669 -0.3432 -0.3719 0.0616 0.2692 -0.1709 -0.2925 -0.3608 -0.3048 0.1284 0.2094 -0.2205 -0.3170 -0.3726 -0.0928 0.1970 -0.0710 -0.2631 -0.3407 -0.3738 0.0563 0.2678 -0.1712 -0.2938 -0.3622 -0.2828 0.1424 0.1332 -0.2363 -0.3264 -0.3761 0.0015 0.2378 -0.1408 -0.2825 -0.3559 -0.3300 0.1197 0.2194 -0.2224 -0.3199 -0.3742 -0.0359 0.2211 -0.1215 -0.2765 -0.3519 -0.3515 0.0891 0.2156 0.0891 -0.3515 -0.3519 -0.2765 -0.1215 0.2211 -0.0359 -0.3742 -0.3199 -0.2224 0.2194 0.1197 -0.3300 -0.3559 -0.2825 -0.1408 0.2378 0.0015 -0.3761 -0.3264 -0.2363 0.1332 0.1424 -0.2828 -0.3622 -0.2938 -0.1712 0.2678 0.0563 -0.3738 -0.3407 -0.2631 -0.0710 0.1970 -0.0928 -0.3726 -0.3170 -0.2205 0.2094 0.1284 -0.3048 -0.3608 -0.2925 -0.1709 0.2692 0.0616 -0.3719 -0.3432 -0.2669 -0.0898
-0.2516 -0.3450 -0.3696 0.0683 0.2723 -0.1759 -0.2948 -0.3621 -0.2923 0.1343 0.1877 -0.2247 -0.3190 -0.3733 -0.0755 0.2018 -0.0809 -0.2647 -0.3418 -0.3730 0.0593 0.2690 -0.1723 -0.2940 -0.3622 -0.2843 0.1411 0.1423 -0.2346 -0.3254 -0.3757 -0.0058 0.2337 -0.1358 -0.2807 -0.3546 -0.3373 0.1144 0.2347 -0.2184 -0.3179 -0.3736 -0.0511 0.2154 -0.1136 -0.2742 -0.3503 -0.3547 0.0959 0.2752 -0.1130 0.2752 0.0959 -0.3547 -0.3503 -0.2742 -0.1136 0.2154 -0.0511 -0.3736 -0.3179 -0.2184 0.2347 0.1144 -0.3373 -0.3546 -0.2807 -0.1358 0.2337 -0.0058 -0.3757 -0.3254 -0.2346 0.1423 0.1411 -0.2843 -0.3622 -0.2940 -0.1723 0.2690 0.0593 -0.3730 -0.3418 -0.2647 -0.0809 0.2018 -0.0755 -0.3733 -0.3190 -0.2247 0.1877 0.1343 -0.2923 -0.3621 -0.2948 -0.1759 0.2723 0.0683 -0.3696 -0.3450 -0.2516
-0.3313 -0.3669 0.0747 0.2744 -0.1807 -0.2971 -0.3634 -0.2783 0.1403 0.1626 -0.2288 -0.3211 -0.3740 -0.0580 0.2073 -0.0910 -0.2666 -0.3432 -0.3717 0.0634 0.2707 -0.1744 -0.2947 -0.3625 -0.2828 0.1411 0.1454 -0.2337 -0.3248 -0.3755 -0.0118 0.2303 -0.1314 -0.2791 -0.3535 -0.3430 0.1096 0.2465 -0.2146 -0.3159 -0.3729 -0.0677 0.2097 -0.1050 -0.2720 -0.3487 -0.3590 0.0928 0.2714 -0.1925 -0.2713 -0.1925 0.2714 0.0928 -0.3590 -0.3487 -0.2720 -0.1050 0.2097 -0.0677 -0.3729 -0.3159 -0.2146 0.2465 0.1096 -0.3430 -0.3535 -0.2791 -0.1314 0.2303 -0.0118 -0.3755 -0.3248 -0.2337 0.1454 0.1411 -0.2828 -0.3625 -0.2947 -0.1744 0.2707 0.0634 -0.3717 -0.3432 -0.2666 -0.0910 0.2073 -0.0580 -0.3740 -0.3211 -0.2288 0.1626 0.1403 -0.2783 -0.3634 -0.2971 -0.1807 0.2744 0.0747 -0.3669 -0.3313
-0.3569 0.0811 0.2754 -0.1854 -0.2993 -0.3646 -0.2628 0.1463 0.1345 -0.2330 -0.3232 -0.3747 -0.0414 0.2131 -0.1010 -0.2688 -0.3447 -0.3699 0.0683 0.2726 -0.1773 -0.2959 -0.3630 -0.2782 0.1424 0.1423 -0.2337 -0.3246 -0.3754 -0.0157 0.2279 -0.1279 -0.2779 -0.3525 -0.3474 0.1053 0.2550 -0.2111 -0.3141 -0.3722 -0.0854 0.2042 -0.0955 -0.2698 -0.3471 -0.3629 0.0877 0.2732 -0.1971 -0.3038 -0.3537 -0.3038 -0.1971 0.2732 0.0877 -0.3629 -0.3471 -0.2698 -0.0955 0.2042 -0.0854 -0.3722 -0.3141 -0.2111 0.2550 0.1053 -0.3474 -0.3525 -0.2779 -0.1279 0.2279 -0.0157 -0.3754 -0.3246 -0.2337 0.1423 0.1424 -0.2782 -0.3630 -0.2959 -0.1773 0.2726 0.0683 -0.3699 -0.3447 -0.2688 -0.1010 0.2131 -0.0414 -0.3747 -0.3232 -0.2330 0.1345 0.1463 -0.2628 -0.3646 -0.2993 -0.1854 0.2754 0.0811 -0.3569
0.0823 0.2751 -0.1900 -0.3015 -0.3658 -0.2457 0.1525 0.1043 -0.2372 -0.3253 -0.3753 -0.0266 0.2191 -0.1105 -0.2711 -0.3464 -0.3674 0.0738 0.2743 -0.1808 -0.2974 -0.3638 -0.2705 0.1449 0.1332 -0.2346 -0.3248 -0.3754 -0.0171 0.2266 -0.1256 -0.2769 -0.3517 -0.3508 0.1018 0.2610 -0.2080 -0.3124 -0.3716 -0.1030 0.1989 -0.0852 -0.2676 -0.3455 -0.3662 0.0820 0.2749 -0.1945 -0.3052 -0.3724 -0.3739 -0.3724 -0.3052 -0.1945 0.2749 0.0820 -0.3662 -0.3455 -0.2676 -0.0852 0.1989 -0.1030 -0.3716 -0.3124 -0.2080 0.2610 0.1018 -0.3508 -0.3517 -0.2769 -0.1256 0.2266 -0.0171 -0.3754 -0.3248 -0.2346 0.1332 0.1449 -0.2705 -0.3638 -0.2974 -0.1808 0.2743 0.0738 -0.3674 -0.3464 -0.2711 -0.1105 0.2191 -0.0266 -0.3753 -0.3253 -0.2372 0.1043 0.1525 -0.2457 -0.3658 -0.3015 -0.1900 0.2751 0.0823
0.2683 -0.1945 -0.3037 -0.3669 -0.2271 0.1588 0.0734 -0.2414 -0.3273 -0.3759 -0.0132 0.2251 -0.1190 -0.2735 -0.3481 -0.3642 0.0798 0.2753 -0.1848 -0.2991 -0.3646 -0.2599 0.1484 0.1182 -0.2363 -0.3254 -0.3755 -0.0157 0.2266 -0.1248 -0.2765 -0.3512 -0.3529 0.0990 0.2650 -0.2054 -0.3110 -0.3709 -0.1194 0.1942 -0.0745 -0.2655 -0.3438 -0.3689 0.0763 0.2755 -0.1906 -0.3038 -0.3684 -0.2339 0.0756 -0.2339 -0.3684 -0.3038 -0.1906 0.2755 0.0763 -0.3689 -0.3438 -0.2655 -0.0745 0.1942 -0.1194 -0.3709 -0.3110 -0.2054 0.2650 0.0990 -0.3529 -0.3512 -0.2765 -0.1248 0.2266 -0.0157 -0.3755 -0.3254 -0.2363 0.1182 0.1484 -0.2599 -0.3646 -0.2991 -0.1848 0.2753 0.0798 -0.3642 -0.3481 -0.2735 -0.1190 0.2251 -0.0132 -0.3759 -0.3273 -0.2414 0.0734 0.1588 -0.2271 -0.3669 -0.3037 -0.1945 0.2683
-0.1891 -0.3060 -0.3680 -0.2071 0.1653 0.0434 -0.2456 -0.3293 -0.3764 -0.0012 0.2312 -0.1269 -0.2758 -0.3498 -0.3603 0.0859 0.2753 -0.1891 -0.3011 -0.3656 -0.2465 0.1529 0.0981 -0.2387 -0.3264 -0.3757 -0.0118 0.2279 -0.1256 -0.2765 -0.3511 -0.3540 0.0972 0.2673 -0.2034 -0.3098 -0.3704 -0.1340 0.1901 -0.0639 -0.2635 -0.3423 -0.3710 0.0705 0.2748 -0.1865 -0.3019 -0.3671 -0.2153 0.1516 0.2711 0.1516 -0.2153 -0.3671 -0.3019 -0.1865 0.2748 0.0705 -0.3710 -0.3423 -0.2635 -0.0639 0.1901 -0.1340 -0.3704 -0.3098 -0.2034 0.2673 0.0972 -0.3540 -0.3511 -0.2765 -0.1256 0.2279 -0.0118 -0.3757 -0.3264 -0.2387 0.0981 0.1529 -0.2465 -0.3656 -0.3011 -0.1891 0.2753 0.0859 -0.3603 -0.3498 -0.2758 -0.1269 0.2312 -0.0012 -0.3764 -0.3293 -0.2456 0.0434 0.1653 -0.2071 -0.3680 -0.3060 -0.1891
-0.2915 -0.3690 -0.1859 0.1718 0.0158 -0.2498 -0.3313 -0.3767 0.0097 0.2372 -0.1341 -0.2781 -0.3514 -0.3557 0.0919 0.2736 -0.1936 -0.3033 -0.3667 -0.2303 0.1582 0.0742 -0.2417 -0.3277 -0.3761 -0.0058 0.2303 -0.1279 -0.2769 -0.3512 -0.3540 0.0966 0.2685 -0.2021 -0.3090 -0.3700 -0.1460 0.1867 -0.0540 -0.2619 -0.3409 -0.3727 0.0649 0.2733 -0.1823 -0.2999 -0.3660 -0.2259 0.1616 0.0928 -0.1880 0.0928 0.1616 -0.2259 -0.3660 -0.2999 -0.1823 0.2733 0.0649 -0.3727 -0.3409 -0.2619 -0.0540 0.1867 -0.1460 -0.3700 -0.3090 -0.2021 0.2685 0.0966 -0.3540 -0.3512 -0.2769 -0.1279 0.2303 -0.0058 -0.3761 -0.3277 -0.2417 0.0742 0.1582 -0.2303 -0.3667 -0.3033 -0.1936 0.2736 0.0919 -0.3557 -0.3514 -0.2781 -0.1341 0.2372 0.0097 -0.3767 -0.3313 -0.2498 0.0158 0.1718 -0.1859 -0.3690 -0.2915
-0.3566 -0.1638 0.1778 -0.0087 -0.2537 -0.3333 -0.3768 0.0197 0.2432 -0.1408 -0.2804 -0.3531 -0.3502 0.0978 0.2702 -0.1980 -0.3055 -0.3677 -0.2113 0.1641 0.0481 -0.2451 -0.3293 -0.3764 0.0015 0.2337 -0.1314 -0.2779 -0.3517 -0.3529 0.0972 0.2685 -0.2017 -0.3085 -0.3697 -0.1544 0.1841 -0.0452 -0.2605 -0.3397 -0.3738 0.0598 0.2712 -0.1783 -0.2980 -0.3650 -0.2412 0.1592 0.0544 -0.2406 -0.2984 -0.2406 0.0544 0.1592 -0.2412 -0.3650 -0.2980 -0.1783 0.2712 0.0598 -0.3738 -0.3397 -0.2605 -0.0452 0.1841 -0.1544 -0.3697 -0.3085 -0.2017 0.2685 0.0972 -0.3529 -0.3517 -0.2779 -0.1314 0.2337 0.0015 -0.3764 -0.3293 -0.2451 0.0481 0.1641 -0.2113 -0.3677 -0.3055 -0.1980 0.2702 0.0978 -0.3502 -0.3531 -0.2804 -0.1408 0.2432 0.0197 -0.3768 -0.3333 -0.2537 -0.0087 0.1778 -0.1638 -0.3566
-0.1557 0.1836 -0.0299 -0.2567 -0.3352 -0.3766 0.0288 0.2489 -0.1472 -0.2827 -0.3546 -0.3439 0.1036 0.2646 -0.2023 -0.3077 -0.3688 -0.1903 0.1705 0.0212 -0.2490 -0.3310 -0.3767 0.0096 0.2378 -0.1358 -0.2791 -0.3525 -0.3508 0.0990 0.2673 -0.2021 -0.3085 -0.3696 -0.1589 0.1824 -0.0385 -0.2594 -0.3387 -0.3746 0.0554 0.2689 -0.1747 -0.2962 -0.3640 -0.2559 0.1544 0.0688 -0.2445 -0.3290 -0.3742 -0.3290 -0.2445 0.0688 0.1544 -0.2559 -0.3640 -0.2962 -0.1747 0.2689 0.0554 -0.3746 -0.3387 -0.2594 -0.0385 0.1824 -0.1589 -0.3696 -0.3085 -0.2021 0.2673 0.0990 -0.3508 -0.3525 -0.2791 -0.1358 0.2378 0.0096 -0.3767 -0.3310 -0.2490 0.0212 0.1705 -0.1903 -0.3688 -0.3077 -0.2023 0.2646 0.1036 -0.3439 -0.3546 -0.2827 -0.1472 0.2489 0.0288 -0.3766 -0.3352 -0.2567 -0.0299 0.1836 -0.1557
0.1864 -0.0482 -0.2591 -0.3371 -0.3761 0.0372 0.2544 -0.1532 -0.2850 -0.3561 -0.3367 0.1094 0.2566 -0.2066 -0.3099 -0.3697 -0.1684 0.1766 -0.0037 -0.2530 -0.3329 -0.3768 0.0182 0.2426 -0.1408 -0.2807 -0.3535 -0.3474 0.1018 0.2650 -0.2034 -0.3090 -0.3697 -0.1589 0.1818 -0.0348 -0.2587 -0.3380 -0.3751 0.0517 0.2668 -0.1716 -0.2947 -0.3631 -0.2686 0.1495 0.0919 -0.2424 -0.3293 -0.3804 -0.2720 -0.3804 -0.3293 -0.2424 0.0919 0.1495 -0.2686 -0.3631 -0.2947 -0.1716 0.2668 0.0517 -0.3751 -0.3380 -0.2587 -0.0348 0.1818 -0.1589 -0.3697 -0.3090 -0.2034 0.2650 0.1018 -0.3474 -0.3535 -0.2807 -0.1408 0.2426 0.0182 -0.3768 -0.3329 -0.2530 -0.0037 0.1766 -0.1684 -0.3697 -0.3099 -0.2066 0.2566 0.1094 -0.3367 -0.3561 -0.2850 -0.1532 0.2544 0.0372 -0.3761 -0.3371 -0.2591 -0.0482 0.1864
-0.0619 -0.2615 -0.3390 -0.3753 0.0452 0.2595 -0.1588 -0.2873 -0.3576 -0.3284 0.1152 0.2459 -0.2109 -0.3120 -0.3706 -0.1461 0.1822 -0.0254 -0.2561 -0.3348 -0.3767 0.0268 0.2478 -0.1462 -0.2825 -0.3546 -0.3430 0.1053 0.2610 -0.2054 -0.3098 -0.3700 -0.1544 0.1824 -0.0348 -0.2585 -0.3377 -0.3754 0.0490 0.2650 -0.1690 -0.2934 -0.3623 -0.2789 0.1451 0.1148 -0.2393 -0.3280 -0.3763 -0.0162 0.1377 -0.0162 -0.3763 -0.3280 -0.2393 0.1148 0.1451 -0.2789 -0.3623 -0.2934 -0.1690 0.2650 0.0490 -0.3754 -0.3377 -0.2585 -0.0348 0.1824 -0.1544 -0.3700 -0.3098 -0.2054 0.2610 0.1053 -0.3430 -0.3546 -0.2825 -0.1462 0.2478 0.0268 -0.3767 -0.3348 -0.2561 -0.0254 0.1822 -0.1461 -0.3706 -0.3120 -0.2109 0.2459 0.1152 -0.3284 -0.3576 -0.2873 -0.1588 0.2595 0.0452 -0.3753 -0.3390 -0.2615 -0.0619
-0.2461 -0.3409 -0.3741 0.0526 0.2641 -0.1643 -0.2896 -0.3590 -0.3189 0.1209 0.2321 -0.2151 -0.3142 -0.3715 -0.1239 0.1879 -0.0442 -0.2585 -0.3367 -0.3763 0.0352 0.2531 -0.1518 -0.2846 -0.3559 -0.3373 0.1096 0.2550 -0.2080 -0.3110 -0.3704 -0.1460 0.1841 -0.0385 -0.2587 -0.3377 -0.3755 0.0476 0.2637 -0.1671 -0.2924 -0.3617 -0.2869 0.1414 0.1348 -0.2364 -0.3266 -0.3761 -0.0024 0.2198 0.1629 0.2198 -0.0024 -0.3761 -0.3266 -0.2364 0.1348 0.1414 -0.2869 -0.3617 -0.2924 -0.1671 0.2637 0.0476 -0.3755 -0.3377 -0.2587 -0.0385 0.1841 -0.1460 -0.3704 -0.3110 -0.2080 0.2550 0.1096 -0.3373 -0.3559 -0.2846 -0.1518 0.2531 0.0352 -0.3763 -0.3367 -0.2585 -0.0442 0.1879 -0.1239 -0.3715 -0.3142 -0.2151 0.2321 0.1209 -0.3189 -0.3590 -0.2896 -0.1643 0.2641 0.0526 -0.3741 -0.3409 -0.2461
-0.3271 -0.3725 0.0597 0.2682 -0.1695 -0.2919 -0.3604 -0.3082 0.1268 0.2149 -0.2193 -0.3163 -0.3723 -0.1025 0.1936 -0.0604 -0.2609 -0.3386 -0.3756 0.0431 0.2582 -0.1574 -0.2868 -0.3573 -0.3300 0.1144 0.2465 -0.2111 -0.3124 -0.3709 -0.1340 0.1867 -0.0452 -0.2594 -0.3380 -0.3754 0.0476 0.2633 -0.1661 -0.2918 -0.3612 -0.2928 0.1384 0.1510 -0.2339 -0.3253 -0.3757 -0.0064 0.2312 -0.1170 -0.2337 -0.1170 0.2312 -0.0064 -0.3757 -0.3253 -0.2339 0.1510 0.1384 -0.2928 -0.3612 -0.2918 -0.1661 0.2633 0.0476 -0.3754 -0.3380 -0.2594 -0.0452 0.1867 -0.1340 -0.3709 -0.3124 -0.2111 0.2465 0.1144 -0.3300 -0.3573 -0.2868 -0.1574 0.2582 0.0431 -0.3756 -0.3386 -0.2609 -0.0604 0.1936 -0.1025 -0.3723 -0.3163 -0.2193 0.2149 0.1268 -0.3082 -0.3604 -0.2919 -0.1695 0.2682 0.0597 -0.3725 -0.3271
-0.3623 0.0665 0.2715 -0.1745 -0.2942 -0.3618 -0.2961 0.1326 0.1943 -0.2235 -0.3184 -0.3731 -0.0823 0.1994 -0.0745 -0.2633 -0.3404 -0.3744 0.0506 0.2629 -0.1628 -0.2890 -0.3587 -0.3213 0.1197 0.2347 -0.2146 -0.3141 -0.3716 -0.1194 0.1901 -0.0540 -0.2605 -0.3387 -0.3751 0.0490 0.2637 -0.1661 -0.2916 -0.3609 -0.2963 0.1362 0.1628 -0.2318 -0.3241 -0.3754 -0.0133 0.2295 -0.1280 -0.2735 -0.3254 -0.2735 -0.1280 0.2295 -0.0133 -0.3754 -0.3241 -0.2318 0.1628 0.1362 -0.2963 -0.3609 -0.2916 -0.1661 0.2637 0.0490 -0.3751 -0.3387 -0.2605 -0.0540 0.1901 -0.1194 -0.3716 -0.3141 -0.2146 0.2347 0.1197 -0.3213 -0.3587 -0.2890 -0.1628 0.2629 0.0506 -0.3744 -0.3404 -0.2633 -0.0745 0.1994 -0.0823 -0.3731 -0.3184 -0.2235 0.1943 0.1326 -0.2961 -0.3618 -0.2942 -0.1745 0.2715 0.0665 -0.3623
0.0677 0.2739 -0.1794 -0.2964 -0.3630 -0.2825 0.1385 0.1702 -0.2276 -0.3205 -0.3738 -0.0636 0.2053 -0.0868 -0.2656 -0.3422 -0.3729 0.0578 0.2671 -0.1680 -0.2912 -0.3600 -0.3114 0.1252 0.2194 -0.2184 -0.3159 -0.3722 -0.1030 0.1942 -0.0639 -0.2619 -0.3397 -0.3746 0.0517 0.2650 -0.1671 -0.2918 -0.3609 -0.2975 0.1351 0.1699 -0.2303 -0.3233 -0.3751 -0.0201 0.2264 -0.1262 -0.2766 -0.3526 -0.3872 -0.3526 -0.2766 -0.1262 0.2264 -0.0201 -0.3751 -0.3233 -0.2303 0.1699 0.1351 -0.2975 -0.3609 -0.2918 -0.1671 0.2650 0.0517 -0.3746 -0.3397 -0.2619 -0.0639 0.1942 -0.1030 -0.3722 -0.3159 -0.2184 0.2194 0.1252 -0.3114 -0.3600 -0.2912 -0.1680 0.2671 0.0578 -0.3729 -0.3422 -0.2656 -0.0868 0.2053 -0.0636 -0.3738 -0.3205 -0.2276 0.1702 0.1385 -0.2825 -0.3630 -0.2964 -0.1794 0.2739 0.0677
0.2709 -0.1841 -0.2986 -0.3643 -0.2674 0.1446 0.1429 -0.2318 -0.3226 -0.3745 -0.0466 0.2112 -0.0977 -0.2680 -0.3440 -0.3709 0.0646 0.2706 -0.1730 -0.2935 -0.3614 -0.2999 0.1308 0.2008 -0.2224 -0.3179 -0.3729 -0.0854 0.1989 -0.0745 -0.2635 -0.3409 -0.3738 0.0554 0.2668 -0.1690 -0.2924 -0.3612 -0.2963 0.1351 0.1723 -0.2296 -0.3227 -0.3749 -0.0258 0.2237 -0.1228 -0.2761 -0.3514 -0.3624 -0.0372 -0.3624 -0.3514 -0.2761 -0.1228 0.2237 -0.0258 -0.3749 -0.3227 -0.2296 0.1723 0.1351 -0.2963 -0.3612 -0.2924 -0.1690 0.2668 0.0554 -0.3738 -0.3409 -0.2635 -0.0745 0.1989 -0.0854 -0.3729 -0.3179 -0.2224 0.2008 0.1308 -0.2999 -0.3614 -0.2935 -0.1730 0.2706 0.0646 -0.3709 -0.3440 -0.2680 -0.0977 0.2112 -0.0466 -0.3745 -0.3226 -0.2318 0.1429 0.1446 -0.2674 -0.3643 -0.2986 -0.1841 0.2709
-0.1800 -0.3009 -0.3655 -0.2508 0.1507 0.1133 -0.2359 -0.3246 -0.3751 -0.0312 0.2171 -0.1073 -0.2703 -0.3458 -0.3685 0.0711 0.2733 -0.1779 -0.2957 -0.3627 -0.2870 0.1366 0.1784 -0.2263 -0.3199 -0.3736 -0.0677 0.2042 -0.0852 -0.2655 -0.3423 -0.3727 0.0598 0.2689 -0.1716 -0.2934 -0.3617 -0.2928 0.1362 0.1699 -0.2296 -0.3225 -0.3748 -0.0296 0.2216 -0.1197 -0.2752 -0.3506 -0.3567 0.0822 0.2079 0.0822 -0.3567 -0.3506 -0.2752 -0.1197 0.2216 -0.0296 -0.3748 -0.3225 -0.2296 0.1699 0.1362 -0.2928 -0.3617 -0.2934 -0.1716 0.2689 0.0598 -0.3727 -0.3423 -0.2655 -0.0852 0.2042 -0.0677 -0.3736 -0.3199 -0.2263 0.1784 0.1366 -0.2870 -0.3627 -0.2957 -0.1779 0.2733 0.0711 -0.3685 -0.3458 -0.2703 -0.1073 0.2171 -0.0312 -0.3751 -0.3246 -0.2359 0.1133 0.1507 -0.2508 -0.3655 -0.3009 -0.1800
-0.2863 -0.3666 -0.2326 0.1570 0.0826 -0.2401 -0.3267 -0.3757 -0.0174 0.2231 -0.1161 -0.2726 -0.3475 -0.3654 0.0774 0.2750 -0.1827 -0.2980 -0.3639 -0.2725 0.1426 0.1524 -0.2304 -0.3219 -0.3742 -0.0511 0.2097 -0.0955 -0.2676 -0.3438 -0.3710 0.0649 0.2712 -0.1747 -0.2947 -0.3623 -0.2869 0.1384 0.1628 -0.2303 -0.3227 -0.3748 -0.0310 0.2205 -0.1175 -0.2745 -0.3500 -0.3571 0.0916 0.2761 -0.1027 0.2761 0.0916 -0.3571 -0.3500 -0.2745 -0.1175 0.2205 -0.0310 -0.3748 -0.3227 -0.2303 0.1628 0.1384 -0.2869 -0.3623 -0.2947 -0.1747 0.2712 0.0649 -0.3710 -0.3438 -0.2676 -0.0955 0.2097 -0.0511 -0.3742 -0.3219 -0.2304 0.1524 0.1426 -0.2725 -0.3639 -0.2980 -0.1827 0.2750 0.0774 -0.3654 -0.3475 -0.2726 -0.1161 0.2231 -0.0174 -0.3757 -0.3267 -0.2401 0.0826 0.1570 -0.2326 -0.3666 -0.2863
-0.3540 -0.2130 0.1634 0.0524 -0.2443 -0.3287 -0.3762 -0.0051 0.2291 -0.1242 -0.2750 -0.3492 -0.3618 0.0835 0.2755 -0.1873 -0.3002 -0.3651 -0.2564 0.1486 0.1237 -0.2345 -0.3240 -0.3749 -0.0359 0.2154 -0.1050 -0.2698 -0.3455 -0.3689 0.0705 0.2733 -0.1783 -0.2962 -0.3631 -0.2789 0.1414 0.1510 -0.2318 -0.3233 -0.3749 -0.0296 0.2205 -0.1167 -0.2741 -0.3495 -0.3583 0.0919 0.2729 -0.1895 -0.2694 -0.1895 0.2729 0.0919 -0.3583 -0.3495 -0.2741 -0.1167 0.2205 -0.0296 -0.3749 -0.3233 -0.2318 0.1510 0.1414 -0.2789 -0.3631 -0.2962 -0.1783 0.2733 0.0705 -0.3689 -0.3455 -0.2698 -0.1050 0.2154 -0.0359 -0.3749 -0.3240 -0.2345 0.1237 0.1486 -0.2564 -0.3651 -0.3002 -0.1873 0.2755 0.0835 -0.3618 -0.3492 -0.2750 -0.1242 0.2291 -0.0051 -0.3762 -0.3287 -0.2443 0.0524 0.1634 -0.2130 -0.3540
-0.2044 0.1701 0.0240 -0.2485 -0.3307 -0.3766 0.0061 0.2351 -0.1316 -0.2773 -0.3509 -0.3575 0.0896 0.2745 -0.1918 -0.3024 -0.3662 -0.2389 0.1548 0.0932 -0.2387 -0.3260 -0.3755 -0.0219 0.2211 -0.1136 -0.2720 -0.3471 -0.3662 0.0763 0.2748 -0.1823 -0.2980 -0.3640 -0.2686 0.1451 0.1348 -0.2339 -0.3241 -0.3751 -0.0258 0.2216 -0.1175 -0.2741 -0.3494 -0.3590 0.0910 0.2725 -0.1966 -0.3029 -0.3526 -0.3029 -0.1966 0.2725 0.0910 -0.3590 -0.3494 -0.2741 -0.1175 0.2216 -0.0258 -0.3751 -0.3241 -0.2339 0.1348 0.1451 -0.2686 -0.3640 -0.2980 -0.1823 0.2748 0.0763 -0.3662 -0.3471 -0.2720 -0.1136 0.2211 -0.0219 -0.3755 -0.3260 -0.2387 0.0932 0.1548 -0.2389 -0.3662 -0.3024 -0.1918 0.2745 0.0896 -0.3575 -0.3509 -0.2773 -0.1316 0.2351 0.0061 -0.3766 -0.3307 -0.2485 0.0240 0.1701 -0.2044
0.1730 -0.0014 -0.2526 -0.3326 -0.3768 0.0162 0.2410 -0.1384 -0.2796 -0.3525 -0.3524 0.0954 0.2718 -0.1962 -0.3046 -0.3673 -0.2200 0.1611 0.0627 -0.2428 -0.3280 -0.3761 -0.0093 0.2270 -0.1215 -0.2742 -0.3487 -0.3629 0.0820 0.2755 -0.1865 -0.2999 -0.3650 -0.2559 0.1495 0.1148 -0.2364 -0.3253 -0.3754 -0.0201 0.2237 -0.1197 -0.2745 -0.3495 -0.3590 0.0906 0.2728 -0.1971 -0.3058 -0.3723 -0.3745 -0.3723 -0.3058 -0.1971 0.2728 0.0906 -0.3590 -0.3495 -0.2745 -0.1197 0.2237 -0.0201 -0.3754 -0.3253 -0.2364 0.1148 0.1495 -0.2559 -0.3650 -0.2999 -0.1865 0.2755 0.0820 -0.3629 -0.3487 -0.2742 -0.1215 0.2270 -0.0093 -0.3761 -0.3280 -0.2428 0.0627 0.1611 -0.2200 -0.3673 -0.3046 -0.1962 0.2718 0.0954 -0.3524 -0.3525 -0.2796 -0.1384 0.2410 0.0162 -0.3768 -0.3326 -0.2526 -0.0014 0.1730
-0.0223 -0.2558 -0.3346 -0.3767 0.0254 0.2467 -0.1447 -0.2818 -0.3540 -0.3466 0.1011 0.2673 -0.2005 -0.3067 -0.3684 -0.2000 0.1675 0.0341 -0.2469 -0.3300 -0.3765 0.0021 0.2329 -0.1289 -0.2765 -0.3503 -0.3590 0.0877 0.2749 -0.1906 -0.3019 -0.3660 -0.2412 0.1544 0.0919 -0.2393 -0.3266 -0.3757 -0.0133 0.2264 -0.1228 -0.2752 -0.3500 -0.3583 0.0910 0.2728 -0.1971 -0.3061 -0.3690 -0.2274 0.0767 -0.2274 -0.3690 -0.3061 -0.1971 0.2728 0.0910 -0.3583 -0.3500 -0.2752 -0.1228 0.2264 -0.0133 -0.3757 -0.3266 -0.2393 0.0919 0.1544 -0.2412 -0.3660 -0.3019 -0.1906 0.2749 0.0877 -0.3590 -0.3503 -0.2765 -0.1289 0.2329 0.0021 -0.3765 -0.3300 -0.2469 0.0341 0.1675 -0.2000 -0.3684 -0.3067 -0.2005 0.2673 0.1011 -0.3466 -0.3540 -0.2818 -0.1447 0.2467 0.0254 -0.3767 -0.3346 -0.2558 -0.0223
-0.2399 -0.3364 -0.3764 0.0333 0.2518 -0.1503 -0.2839 -0.3556 -0.3405 0.1063 0.2611 -0.2044 -0.3088 -0.3694 -0.1804 0.1733 0.0099 -0.2509 -0.3319 -0.3768 0.0117 0.2384 -0.1354 -0.2786 -0.3519 -0.3547 0.0928 0.2732 -0.1945 -0.3038 -0.3671 -0.2259 0.1592 0.0688 -0.2424 -0.3280 -0.3761 -0.0064 0.2295 -0.1262 -0.2761 -0.3506 -0.3571 0.0919 0.2725 -0.1971 -0.3061 -0.3687 -0.1945 0.1556 0.2719 0.1556 -0.1945 -0.3687 -0.3061 -0.1971 0.2725 0.0919 -0.3571 -0.3506 -0.2761 -0.1262 0.2295 -0.0064 -0.3761 -0.3280 -0.2424 0.0688 0.1592 -0.2259 -0.3671 -0.3038 -0.1945 0.2732 0.0928 -0.3547 -0.3519 -0.2786 -0.1354 0.2384 0.0117 -0.3768 -0.3319 -0.2509 0.0099 0.1733 -0.1804 -0.3694 -0.3088 -0.2044 0.2611 0.1063 -0.3405 -0.3556 -0.2839 -0.1503 0.2518 0.0333 -0.3764 -0.3364 -0.2399
-0.3220 -0.3760 0.0379 0.2549 -0.1538 -0.2854 -0.3571 -0.3360 0.1093 0.2562 -0.2071 -0.3103 -0.3706 -0.1673 0.1761 -0.0040 -0.2534 -0.3334 -0.3767 0.0174 0.2419 -0.1394 -0.2800 -0.3535 -0.3515 0.0959 0.2714 -0.1971 -0.3052 -0.3684 -0.2153 0.1616 0.0544 -0.2445 -0.3293 -0.3763 -0.0024 0.2312 -0.1280 -0.2766 -0.3514 -0.3567 0.0916 0.2729 -0.1966 -0.3058 -0.3690 -0.1945 0.1675 0.0706 -0.1911 0.0706 0.1675 -0.1945 -0.3690 -0.3058 -0.1966 0.2729 0.0916 -0.3567 -0.3514 -0.2766 -0.1280 0.2312 -0.0024 -0.3763 -0.3293 -0.2445 0.0544 0.1616 -0.2153 -0.3684 -0.3052 -0.1971 0.2714 0.0959 -0.3515 -0.3535 -0.2800 -0.1394 0.2419 0.0174 -0.3767 -0.3334 -0.2534 -0.0040 0.1761 -0.1673 -0.3706 -0.3103 -0.2071 0.2562 0.1093 -0.3360 -0.3571 -0.2854 -0.1538 0.2549 0.0379 -0.3760 -0.3220
-0.3688 0.0293 0.2477 -0.1470 -0.2832 -0.3596 -0.3424 0.1023 0.2661 -0.2029 -0.3091 -0.3750 -0.1878 0.1651 0.0262 -0.2498 -0.3336 -0.3803 0.0075 0.2326 -0.1315 -0.2777 -0.3555 -0.3561 0.0891 0.2752 -0.1925 -0.3038 -0.3724 -0.2339 0.1516 0.0928 -0.2406 -0.3290 -0.3804 -0.0162 0.2198 -0.1170 -0.2735 -0.3526 -0.3624 0.0822 0.2761 -0.1895 -0.3029 -0.3723 -0.2274 0.1556 0.0706 -0.2382 -0.2969 -0.2382 0.0706 0.1556 -0.2274 -0.3723 -0.3029 -0.1895 0.2761 0.0822 -0.3624 -0.3526 -0.2735 -0.1170 0.2198 -0.0162 -0.3804 -0.3290 -0.2406 0.0928 0.1516 -0.2339 -0.3724 -0.3038 -0.1925 0.2752 0.0891 -0.3561 -0.3555 -0.2777 -0.1315 0.2326 0.0075 -0.3803 -0.3336 -0.2498 0.0262 0.1651 -0.1878 -0.3750 -0.3091 -0.2029 0.2661 0.1023 -0.3424 -0.3596 -0.2832 -0.1470 0.2477 0.0293 -0.3688
-0.1927 0.1640 0.0344 -0.2483 -0.3348 -0.3884 0.0098 0.2297 -0.1327 -0.2769 -0.3583 -0.3634 0.0887 0.2724 -0.2000 -0.3037 -0.3774 -0.2338 0.1496 0.1050 -0.2403 -0.3296 -0.3880 -0.0168 0.2156 -0.1130 -0.2713 -0.3537 -0.3739 0.0756 0.2711 -0.1880 -0.2984 -0.3742 -0.2720 0.1377 0.1629 -0.2337 -0.3254 -0.3872 -0.0372 0.2079 -0.1027 -0.2694 -0.3526 -0.3745 0.0767 0.2719 -0.1911 -0.2969 -0.3512 -0.2969 -0.1911 0.2719 0.0767 -0.3745 -0.3526 -0.2694 -0.1027 0.2079 -0.0372 -0.3872 -0.3254 -0.2337 0.1629 0.1377 -0.2720 -0.3742 -0.2984 -0.1880 0.2711 0.0756 -0.3739 -0.3537 -0.2713 -0.1130 0.2156 -0.0168 -0.3880 -0.3296 -0.2403 0.1050 0.1496 -0.2338 -0.3774 -0.3037 -0.2000 0.2724 0.0887 -0.3634 -0.3583 -0.2769 -0.1327 0.2297 0.0098 -0.3884 -0.3348 -0.2483 0.0344 0.1640 -0.1927
