-0.0913 0.2095 -0.1056 -0.2557 -0.3344 -0.3509 0.0928 0.2600 -0.1957 -0.2953 -0.3584 -0.1186 0.1964 -0.0835 -0.2502 -0.3303 -0.3585 0.0787 0.2697 -0.1869 -0.2902 -0.3560 -0.1684 0.1830 -0.0533 -0.2446 -0.3260 -0.3632 0.0638 0.2703 -0.1776 -0.2850 -0.3533 -0.2156 0.1695 -0.0114 -0.2389 -0.3216 -0.3656 0.0475 0.2648 -0.1677 -0.2798 -0.3503 -0.2564 0.1543 0.0478 -0.2311 -0.3162 -0.3690 -0.2486 -0.3690 -0.3162 -0.2311 0.0478 0.1543 -0.2564 -0.3503 -0.2798 -0.1677 0.2648 0.0475 -0.3656 -0.3216 -0.2389 -0.0114 0.1695 -0.2156 -0.3533 -0.2850 -0.1776 0.2703 0.0638 -0.3632 -0.3260 -0.2446 -0.0533 0.1830 -0.1684 -0.3560 -0.2902 -0.1869 0.2697 0.0787 -0.3585 -0.3303 -0.2502 -0.0835 0.1964 -0.1186 -0.3584 -0.2953 -0.1957 0.2600 0.0928 -0.3509 -0.3344 -0.2557 -0.1056 0.2095 -0.0913
0.2095 -0.1045 -0.2715 -0.3481 -0.3604 0.0918 0.2704 -0.2021 -0.3097 -0.3706 -0.1256 0.1934 -0.0738 -0.2655 -0.3440 -0.3686 0.0775 0.2755 -0.1919 -0.3047 -0.3684 -0.1767 0.1803 -0.0379 -0.2601 -0.3398 -0.3735 0.0626 0.2726 -0.1813 -0.2996 -0.3660 -0.2246 0.1664 0.0124 -0.2542 -0.3355 -0.3761 0.0462 0.2647 -0.1701 -0.2945 -0.3632 -0.2654 0.1516 0.0789 -0.2447 -0.3308 -0.3767 0.0014 0.1469 0.0014 -0.3767 -0.3308 -0.2447 0.0789 0.1516 -0.2654 -0.3632 -0.2945 -0.1701 0.2647 0.0462 -0.3761 -0.3355 -0.2542 0.0124 0.1664 -0.2246 -0.3660 -0.2996 -0.1813 0.2726 0.0626 -0.3735 -0.3398 -0.2601 -0.0379 0.1803 -0.1767 -0.3684 -0.3047 -0.1919 0.2755 0.0775 -0.3686 -0.3440 -0.2655 -0.0738 0.1934 -0.1256 -0.3706 -0.3097 -0.2021 0.2704 0.0918 -0.3604 -0.3481 -0.2715 -0.1045 0.2095
-0.1056 -0.2715 -0.3474 -0.3628 0.0872 0.2733 -0.1981 -0.3076 -0.3697 -0.1475 0.1875 -0.0596 -0.2631 -0.3422 -0.3710 0.0710 0.2750 -0.1873 -0.3024 -0.3674 -0.1983 0.1744 -0.0179 -0.2577 -0.3379 -0.3749 0.0555 0.2697 -0.1765 -0.2973 -0.3648 -0.2434 0.1597 0.0398 -0.2504 -0.3335 -0.3766 0.0383 0.2601 -0.1649 -0.2922 -0.3619 -0.2806 0.1453 0.1098 -0.2406 -0.3289 -0.3766 0.0120 0.2290 0.1214 0.2290 0.0120 -0.3766 -0.3289 -0.2406 0.1098 0.1453 -0.2806 -0.3619 -0.2922 -0.1649 0.2601 0.0383 -0.3766 -0.3335 -0.2504 0.0398 0.1597 -0.2434 -0.3648 -0.2973 -0.1765 0.2697 0.0555 -0.3749 -0.3379 -0.2577 -0.0179 0.1744 -0.1983 -0.3674 -0.3024 -0.1873 0.2750 0.0710 -0.3710 -0.3422 -0.2631 -0.0596 0.1875 -0.1475 -0.3697 -0.3076 -0.1981 0.2733 0.0872 -0.3628 -0.3474 -0.2715 -0.1056
-0.2557 -0.3481 -0.3628 0.0854 0.2745 -0.1952 -0.3059 -0.3688 -0.1679 0.1821 -0.0437 -0.2608 -0.3403 -0.3730 0.0645 0.2733 -0.1827 -0.3002 -0.3663 -0.2189 0.1681 0.0052 -0.2551 -0.3360 -0.3758 0.0483 0.2659 -0.1716 -0.2951 -0.3636 -0.2607 0.1533 0.0695 -0.2461 -0.3316 -0.3768 0.0299 0.2551 -0.1595 -0.2899 -0.3606 -0.2943 0.1393 0.1396 -0.2364 -0.3269 -0.3763 0.0061 0.2386 -0.1275 -0.2384 -0.1275 0.2386 0.0061 -0.3763 -0.3269 -0.2364 0.1396 0.1393 -0.2943 -0.3606 -0.2899 -0.1595 0.2551 0.0299 -0.3768 -0.3316 -0.2461 0.0695 0.1533 -0.2607 -0.3636 -0.2951 -0.1716 0.2659 0.0483 -0.3758 -0.3360 -0.2551 0.0052 0.1681 -0.2189 -0.3663 -0.3002 -0.1827 0.2733 0.0645 -0.3730 -0.3403 -0.2608 -0.0437 0.1821 -0.1679 -0.3688 -0.3059 -0.1952 0.2745 0.0854 -0.3628 -0.3481 -0.2557
-0.3344 -0.3604 0.0872 0.2745 -0.1940 -0.3049 -0.3682 -0.1840 0.1775 -0.0273 -0.2586 -0.3385 -0.3745 0.0577 0.2706 -0.1779 -0.2980 -0.3651 -0.2381 0.1615 0.0315 -0.2516 -0.3341 -0.3765 0.0406 0.2615 -0.1664 -0.2928 -0.3623 -0.2764 0.1471 0.1004 -0.2419 -0.3296 -0.3768 0.0209 0.2496 -0.1539 -0.2876 -0.3592 -0.3066 0.1334 0.1671 -0.2323 -0.3249 -0.3757 -0.0040 0.2352 -0.1357 -0.2764 -0.3283 -0.2764 -0.1357 0.2352 -0.0040 -0.3757 -0.3249 -0.2323 0.1671 0.1334 -0.3066 -0.3592 -0.2876 -0.1539 0.2496 0.0209 -0.3768 -0.3296 -0.2419 0.1004 0.1471 -0.2764 -0.3623 -0.2928 -0.1664 0.2615 0.0406 -0.3765 -0.3341 -0.2516 0.0315 0.1615 -0.2381 -0.3651 -0.2980 -0.1779 0.2706 0.0577 -0.3745 -0.3385 -0.2586 -0.0273 0.1775 -0.1840 -0.3682 -0.3049 -0.1940 0.2745 0.0872 -0.3604 -0.3344
-0.3509 0.0918 0.2733 -0.1952 -0.3049 -0.3679 -0.1929 0.1744 -0.0128 -0.2567 -0.3369 -0.3755 0.0509 0.2672 -0.1731 -0.2957 -0.3639 -0.2559 0.1551 0.0607 -0.2474 -0.3321 -0.3768 0.0323 0.2565 -0.1611 -0.2906 -0.3610 -0.2906 0.1410 0.1308 -0.2377 -0.3276 -0.3764 0.0110 0.2439 -0.1479 -0.2854 -0.3578 -0.3175 0.1275 0.1915 -0.2281 -0.3228 -0.3752 -0.0160 0.2297 -0.1316 -0.2787 -0.3545 -0.3878 -0.3545 -0.2787 -0.1316 0.2297 -0.0160 -0.3752 -0.3228 -0.2281 0.1915 0.1275 -0.3175 -0.3578 -0.2854 -0.1479 0.2439 0.0110 -0.3764 -0.3276 -0.2377 0.1308 0.1410 -0.2906 -0.3610 -0.2906 -0.1611 0.2565 0.0323 -0.3768 -0.3321 -0.2474 0.0607 0.1551 -0.2559 -0.3639 -0.2957 -0.1731 0.2672 0.0509 -0.3755 -0.3369 -0.2567 -0.0128 0.1744 -0.1929 -0.3679 -0.3049 -0.1952 0.2733 0.0918 -0.3509
0.0928 0.2704 -0.1981 -0.3059 -0.3682 -0.1929 0.1732 -0.0041 -0.2554 -0.3357 -0.3761 0.0448 0.2635 -0.1685 -0.2936 -0.3627 -0.2718 0.1489 0.0914 -0.2431 -0.3302 -0.3768 0.0235 0.2512 -0.1555 -0.2883 -0.3596 -0.3033 0.1351 0.1592 -0.2335 -0.3255 -0.3759 0.0003 0.2380 -0.1417 -0.2831 -0.3563 -0.3272 0.1217 0.2124 -0.2240 -0.3208 -0.3745 -0.0296 0.2237 -0.1248 -0.2773 -0.3526 -0.3587 -0.0241 -0.3587 -0.3526 -0.2773 -0.1248 0.2237 -0.0296 -0.3745 -0.3208 -0.2240 0.2124 0.1217 -0.3272 -0.3563 -0.2831 -0.1417 0.2380 0.0003 -0.3759 -0.3255 -0.2335 0.1592 0.1351 -0.3033 -0.3596 -0.2883 -0.1555 0.2512 0.0235 -0.3768 -0.3302 -0.2431 0.0914 0.1489 -0.2718 -0.3627 -0.2936 -0.1685 0.2635 0.0448 -0.3761 -0.3357 -0.2554 -0.0041 0.1732 -0.1929 -0.3682 -0.3059 -0.1981 0.2704 0.0928
0.2600 -0.2021 -0.3076 -0.3688 -0.1840 0.1744 -0.0041 -0.2550 -0.3350 -0.3764 0.0400 0.2602 -0.1643 -0.2917 -0.3615 -0.2857 0.1430 0.1216 -0.2389 -0.3282 -0.3766 0.0139 0.2456 -0.1497 -0.2860 -0.3582 -0.3146 0.1292 0.1847 -0.2294 -0.3235 -0.3754 -0.0116 0.2320 -0.1350 -0.2808 -0.3548 -0.3356 0.1159 0.2300 -0.2198 -0.3187 -0.3739 -0.0447 0.2178 -0.1170 -0.2752 -0.3510 -0.3545 0.0859 0.2122 0.0859 -0.3545 -0.3510 -0.2752 -0.1170 0.2178 -0.0447 -0.3739 -0.3187 -0.2198 0.2300 0.1159 -0.3356 -0.3548 -0.2808 -0.1350 0.2320 -0.0116 -0.3754 -0.3235 -0.2294 0.1847 0.1292 -0.3146 -0.3582 -0.2860 -0.1497 0.2456 0.0139 -0.3766 -0.3282 -0.2389 0.1216 0.1430 -0.2857 -0.3615 -0.2917 -0.1643 0.2602 0.0400 -0.3764 -0.3350 -0.2550 -0.0041 0.1744 -0.1840 -0.3688 -0.3076 -0.2021 0.2600
-0.1957 -0.3097 -0.3697 -0.1679 0.1775 -0.0128 -0.2554 -0.3350 -0.3765 0.0373 0.2579 -0.1611 -0.2901 -0.3605 -0.2968 0.1377 0.1487 -0.2349 -0.3262 -0.3761 0.0035 0.2397 -0.1435 -0.2837 -0.3568 -0.3246 0.1234 0.2068 -0.2252 -0.3214 -0.3747 -0.0248 0.2259 -0.1278 -0.2784 -0.3533 -0.3430 0.1102 0.2442 -0.2157 -0.3166 -0.3732 -0.0615 0.2118 -0.1084 -0.2729 -0.3494 -0.3574 0.0927 0.2759 -0.1076 0.2759 0.0927 -0.3574 -0.3494 -0.2729 -0.1084 0.2118 -0.0615 -0.3732 -0.3166 -0.2157 0.2442 0.1102 -0.3430 -0.3533 -0.2784 -0.1278 0.2259 -0.0248 -0.3747 -0.3214 -0.2252 0.2068 0.1234 -0.3246 -0.3568 -0.2837 -0.1435 0.2397 0.0035 -0.3761 -0.3262 -0.2349 0.1487 0.1377 -0.2968 -0.3605 -0.2901 -0.1611 0.2579 0.0373 -0.3765 -0.3350 -0.2554 -0.0128 0.1775 -0.1679 -0.3697 -0.3097 -0.1957
-0.2953 -0.3706 -0.1475 0.1821 -0.0273 -0.2567 -0.3357 -0.3764 0.0373 0.2571 -0.1594 -0.2891 -0.3597 -0.3049 0.1333 0.1706 -0.2313 -0.3243 -0.3756 -0.0078 0.2338 -0.1369 -0.2814 -0.3553 -0.3334 0.1176 0.2254 -0.2210 -0.3193 -0.3741 -0.0395 0.2199 -0.1200 -0.2761 -0.3517 -0.3494 0.1044 0.2553 -0.2115 -0.3144 -0.3724 -0.0799 0.2059 -0.0988 -0.2706 -0.3477 -0.3614 0.0895 0.2733 -0.1900 -0.2699 -0.1900 0.2733 0.0895 -0.3614 -0.3477 -0.2706 -0.0988 0.2059 -0.0799 -0.3724 -0.3144 -0.2115 0.2553 0.1044 -0.3494 -0.3517 -0.2761 -0.1200 0.2199 -0.0395 -0.3741 -0.3193 -0.2210 0.2254 0.1176 -0.3334 -0.3553 -0.2814 -0.1369 0.2338 -0.0078 -0.3756 -0.3243 -0.2313 0.1706 0.1333 -0.3049 -0.3597 -0.2891 -0.1594 0.2571 0.0373 -0.3764 -0.3357 -0.2567 -0.0273 0.1821 -0.1475 -0.3706 -0.2953
-0.3584 -0.1256 0.1875 -0.0437 -0.2586 -0.3369 -0.3761 0.0400 0.2579 -0.1594 -0.2888 -0.3593 -0.3098 0.1301 0.1863 -0.2283 -0.3226 -0.3750 -0.0191 0.2281 -0.1302 -0.2791 -0.3537 -0.3410 0.1118 0.2405 -0.2169 -0.3172 -0.3734 -0.0558 0.2139 -0.1116 -0.2738 -0.3500 -0.3550 0.0985 0.2637 -0.2072 -0.3123 -0.3716 -0.1001 0.2001 -0.0881 -0.2683 -0.3460 -0.3651 0.0841 0.2745 -0.1945 -0.3025 -0.3525 -0.3025 -0.1945 0.2745 0.0841 -0.3651 -0.3460 -0.2683 -0.0881 0.2001 -0.1001 -0.3716 -0.3123 -0.2072 0.2637 0.0985 -0.3550 -0.3500 -0.2738 -0.1116 0.2139 -0.0558 -0.3734 -0.3172 -0.2169 0.2405 0.1118 -0.3410 -0.3537 -0.2791 -0.1302 0.2281 -0.0191 -0.3750 -0.3226 -0.2283 0.1863 0.1301 -0.3098 -0.3593 -0.2888 -0.1594 0.2579 0.0400 -0.3761 -0.3369 -0.2586 -0.0437 0.1875 -0.1256 -0.3584
-0.1186 0.1934 -0.0596 -0.2608 -0.3385 -0.3755 0.0448 0.2602 -0.1611 -0.2891 -0.3593 -0.3114 0.1285 0.1958 -0.2261 -0.3213 -0.3746 -0.0298 0.2230 -0.1236 -0.2770 -0.3522 -0.3476 0.1060 0.2525 -0.2127 -0.3151 -0.3727 -0.0739 0.2079 -0.1023 -0.2714 -0.3484 -0.3597 0.0927 0.2695 -0.2029 -0.3102 -0.3708 -0.1214 0.1943 -0.0760 -0.2659 -0.3442 -0.3682 0.0781 0.2754 -0.1918 -0.3039 -0.3717 -0.3760 -0.3717 -0.3039 -0.1918 0.2754 0.0781 -0.3682 -0.3442 -0.2659 -0.0760 0.1943 -0.1214 -0.3708 -0.3102 -0.2029 0.2695 0.0927 -0.3597 -0.3484 -0.2714 -0.1023 0.2079 -0.0739 -0.3727 -0.3151 -0.2127 0.2525 0.1060 -0.3476 -0.3522 -0.2770 -0.1236 0.2230 -0.0298 -0.3746 -0.3213 -0.2261 0.1958 0.1285 -0.3114 -0.3593 -0.2891 -0.1611 0.2602 0.0448 -0.3755 -0.3385 -0.2608 -0.0596 0.1934 -0.1186
0.1964 -0.0738 -0.2631 -0.3403 -0.3745 0.0509 0.2635 -0.1643 -0.2901 -0.3597 -0.3098 0.1285 0.1989 -0.2250 -0.3205 -0.3742 -0.0388 0.2189 -0.1174 -0.2751 -0.3508 -0.3529 0.1005 0.2614 -0.2085 -0.3129 -0.3719 -0.0936 0.2020 -0.0919 -0.2691 -0.3466 -0.3637 0.0867 0.2733 -0.1986 -0.3080 -0.3699 -0.1435 0.1886 -0.0622 -0.2635 -0.3425 -0.3707 0.0718 0.2751 -0.1877 -0.3024 -0.3678 -0.2447 0.0721 -0.2447 -0.3678 -0.3024 -0.1877 0.2751 0.0718 -0.3707 -0.3425 -0.2635 -0.0622 0.1886 -0.1435 -0.3699 -0.3080 -0.1986 0.2733 0.0867 -0.3637 -0.3466 -0.2691 -0.0919 0.2020 -0.0936 -0.3719 -0.3129 -0.2085 0.2614 0.1005 -0.3529 -0.3508 -0.2751 -0.1174 0.2189 -0.0388 -0.3742 -0.3205 -0.2250 0.1989 0.1285 -0.3098 -0.3597 -0.2901 -0.1643 0.2635 0.0509 -0.3745 -0.3403 -0.2631 -0.0738 0.1964
-0.0835 -0.2655 -0.3422 -0.3730 0.0577 0.2672 -0.1685 -0.2917 -0.3605 -0.3049 0.1301 0.1958 -0.2250 -0.3202 -0.3740 -0.0449 0.2159 -0.1123 -0.2735 -0.3495 -0.3571 0.0955 0.2675 -0.2044 -0.3108 -0.3710 -0.1145 0.1962 -0.0802 -0.2667 -0.3449 -0.3671 0.0806 0.2751 -0.1942 -0.3058 -0.3689 -0.1658 0.1829 -0.0464 -0.2612 -0.3406 -0.3727 0.0653 0.2736 -0.1832 -0.3004 -0.3664 -0.2276 0.1481 0.2697 0.1481 -0.2276 -0.3664 -0.3004 -0.1832 0.2736 0.0653 -0.3727 -0.3406 -0.2612 -0.0464 0.1829 -0.1658 -0.3689 -0.3058 -0.1942 0.2751 0.0806 -0.3671 -0.3449 -0.2667 -0.0802 0.1962 -0.1145 -0.3710 -0.3108 -0.2044 0.2675 0.0955 -0.3571 -0.3495 -0.2735 -0.1123 0.2159 -0.0449 -0.3740 -0.3202 -0.2250 0.1958 0.1301 -0.3049 -0.3605 -0.2917 -0.1685 0.2672 0.0577 -0.3730 -0.3422 -0.2655 -0.0835
-0.2502 -0.3440 -0.3710 0.0645 0.2706 -0.1731 -0.2936 -0.3615 -0.2968 0.1333 0.1863 -0.2261 -0.3205 -0.3740 -0.0471 0.2143 -0.1090 -0.2724 -0.3485 -0.3601 0.0911 0.2713 -0.2007 -0.3089 -0.3702 -0.1356 0.1905 -0.0671 -0.2644 -0.3431 -0.3698 0.0743 0.2754 -0.1897 -0.3036 -0.3679 -0.1876 0.1772 -0.0279 -0.2588 -0.3388 -0.3743 0.0586 0.2710 -0.1785 -0.2982 -0.3652 -0.2388 0.1574 0.1125 -0.1846 0.1125 0.1574 -0.2388 -0.3652 -0.2982 -0.1785 0.2710 0.0586 -0.3743 -0.3388 -0.2588 -0.0279 0.1772 -0.1876 -0.3679 -0.3036 -0.1897 0.2754 0.0743 -0.3698 -0.3431 -0.2644 -0.0671 0.1905 -0.1356 -0.3702 -0.3089 -0.2007 0.2713 0.0911 -0.3601 -0.3485 -0.2724 -0.1090 0.2143 -0.0471 -0.3740 -0.3205 -0.2261 0.1863 0.1333 -0.2968 -0.3615 -0.2936 -0.1731 0.2706 0.0645 -0.3710 -0.3440 -0.2502
-0.3303 -0.3686 0.0710 0.2733 -0.1779 -0.2957 -0.3627 -0.2857 0.1377 0.1706 -0.2283 -0.3213 -0.3742 -0.0449 0.2143 -0.1078 -0.2718 -0.3479 -0.3620 0.0878 0.2734 -0.1976 -0.3072 -0.3694 -0.1553 0.1852 -0.0526 -0.2620 -0.3413 -0.3720 0.0679 0.2743 -0.1851 -0.3014 -0.3668 -0.2086 0.1712 -0.0064 -0.2564 -0.3369 -0.3754 0.0515 0.2676 -0.1736 -0.2960 -0.3640 -0.2549 0.1546 0.0756 -0.2377 -0.2968 -0.2377 0.0756 0.1546 -0.2549 -0.3640 -0.2960 -0.1736 0.2676 0.0515 -0.3754 -0.3369 -0.2564 -0.0064 0.1712 -0.2086 -0.3668 -0.3014 -0.1851 0.2743 0.0679 -0.3720 -0.3413 -0.2620 -0.0526 0.1852 -0.1553 -0.3694 -0.3072 -0.1976 0.2734 0.0878 -0.3620 -0.3479 -0.2718 -0.1078 0.2143 -0.0449 -0.3742 -0.3213 -0.2283 0.1706 0.1377 -0.2857 -0.3627 -0.2957 -0.1779 0.2733 0.0710 -0.3686 -0.3303
-0.3585 0.0775 0.2750 -0.1827 -0.2980 -0.3639 -0.2718 0.1430 0.1487 -0.2313 -0.3226 -0.3746 -0.0388 0.2159 -0.1090 -0.2718 -0.3477 -0.3630 0.0856 0.2744 -0.1952 -0.3058 -0.3687 -0.1726 0.1806 -0.0375 -0.2598 -0.3395 -0.3737 0.0612 0.2721 -0.1804 -0.2991 -0.3657 -0.2285 0.1648 0.0183 -0.2534 -0.3350 -0.3762 0.0440 0.2634 -0.1686 -0.2937 -0.3628 -0.2708 0.1492 0.0931 -0.2414 -0.3274 -0.3731 -0.3274 -0.2414 0.0931 0.1492 -0.2708 -0.3628 -0.2937 -0.1686 0.2634 0.0440 -0.3762 -0.3350 -0.2534 0.0183 0.1648 -0.2285 -0.3657 -0.2991 -0.1804 0.2721 0.0612 -0.3737 -0.3395 -0.2598 -0.0375 0.1806 -0.1726 -0.3687 -0.3058 -0.1952 0.2744 0.0856 -0.3630 -0.3477 -0.2718 -0.1090 0.2159 -0.0388 -0.3746 -0.3226 -0.2313 0.1487 0.1430 -0.2718 -0.3639 -0.2980 -0.1827 0.2750 0.0775 -0.3585
0.0787 0.2755 -0.1873 -0.3002 -0.3651 -0.2559 0.1489 0.1216 -0.2349 -0.3243 -0.3750 -0.0298 0.2189 -0.1123 -0.2724 -0.3479 -0.3630 0.0849 0.2748 -0.1937 -0.3048 -0.3682 -0.1864 0.1766 -0.0224 -0.2579 -0.3379 -0.3750 0.0545 0.2690 -0.1756 -0.2969 -0.3645 -0.2470 0.1583 0.0461 -0.2494 -0.3331 -0.3767 0.0361 0.2587 -0.1634 -0.2915 -0.3615 -0.2854 0.1432 0.1208 -0.2387 -0.3277 -0.3802 -0.2835 -0.3802 -0.3277 -0.2387 0.1208 0.1432 -0.2854 -0.3615 -0.2915 -0.1634 0.2587 0.0361 -0.3767 -0.3331 -0.2494 0.0461 0.1583 -0.2470 -0.3645 -0.2969 -0.1756 0.2690 0.0545 -0.3750 -0.3379 -0.2579 -0.0224 0.1766 -0.1864 -0.3682 -0.3048 -0.1937 0.2748 0.0849 -0.3630 -0.3479 -0.2724 -0.1123 0.2189 -0.0298 -0.3750 -0.3243 -0.2349 0.1216 0.1489 -0.2559 -0.3651 -0.3002 -0.1873 0.2755 0.0787
0.2697 -0.1919 -0.3024 -0.3663 -0.2381 0.1551 0.0914 -0.2389 -0.3262 -0.3756 -0.0191 0.2230 -0.1174 -0.2735 -0.3485 -0.3620 0.0856 0.2748 -0.1931 -0.3043 -0.3678 -0.1957 0.1735 -0.0088 -0.2562 -0.3365 -0.3758 0.0483 0.2656 -0.1709 -0.2947 -0.3633 -0.2640 0.1520 0.0761 -0.2452 -0.3311 -0.3768 0.0276 0.2536 -0.1579 -0.2892 -0.3602 -0.2985 0.1373 0.1494 -0.2349 -0.3261 -0.3759 -0.0273 0.1333 -0.0273 -0.3759 -0.3261 -0.2349 0.1494 0.1373 -0.2985 -0.3602 -0.2892 -0.1579 0.2536 0.0276 -0.3768 -0.3311 -0.2452 0.0761 0.1520 -0.2640 -0.3633 -0.2947 -0.1709 0.2656 0.0483 -0.3758 -0.3365 -0.2562 -0.0088 0.1735 -0.1957 -0.3678 -0.3043 -0.1931 0.2748 0.0856 -0.3620 -0.3485 -0.2735 -0.1174 0.2230 -0.0191 -0.3756 -0.3262 -0.2389 0.0914 0.1551 -0.2381 -0.3663 -0.3024 -0.1919 0.2697
-0.1869 -0.3047 -0.3674 -0.2189 0.1615 0.0607 -0.2431 -0.3282 -0.3761 -0.0078 0.2281 -0.1236 -0.2751 -0.3495 -0.3601 0.0878 0.2744 -0.1937 -0.3043 -0.3677 -0.2006 0.1716 0.0014 -0.2549 -0.3353 -0.3763 0.0427 0.2621 -0.1666 -0.2927 -0.3621 -0.2788 0.1460 0.1067 -0.2410 -0.3291 -0.3767 0.0184 0.2481 -0.1522 -0.2870 -0.3588 -0.3103 0.1314 0.1757 -0.2308 -0.3241 -0.3755 -0.0144 0.2140 0.1847 0.2140 -0.0144 -0.3755 -0.3241 -0.2308 0.1757 0.1314 -0.3103 -0.3588 -0.2870 -0.1522 0.2481 0.0184 -0.3767 -0.3291 -0.2410 0.1067 0.1460 -0.2788 -0.3621 -0.2927 -0.1666 0.2621 0.0427 -0.3763 -0.3353 -0.2549 0.0014 0.1716 -0.2006 -0.3677 -0.3043 -0.1937 0.2744 0.0878 -0.3601 -0.3495 -0.2751 -0.1236 0.2281 -0.0078 -0.3761 -0.3282 -0.2431 0.0607 0.1615 -0.2189 -0.3674 -0.3047 -0.1869
-0.2902 -0.3684 -0.1983 0.1681 0.0315 -0.2474 -0.3302 -0.3766 0.0035 0.2338 -0.1302 -0.2770 -0.3508 -0.3571 0.0911 0.2734 -0.1952 -0.3048 -0.3678 -0.2006 0.1708 0.0068 -0.2539 -0.3345 -0.3765 0.0379 0.2589 -0.1627 -0.2909 -0.3610 -0.2911 0.1404 0.1353 -0.2369 -0.3271 -0.3763 0.0085 0.2424 -0.1463 -0.2847 -0.3574 -0.3208 0.1256 0.1990 -0.2267 -0.3221 -0.3749 -0.0220 0.2245 -0.1082 -0.2305 -0.1082 0.2245 -0.0220 -0.3749 -0.3221 -0.2267 0.1990 0.1256 -0.3208 -0.3574 -0.2847 -0.1463 0.2424 0.0085 -0.3763 -0.3271 -0.2369 0.1353 0.1404 -0.2911 -0.3610 -0.2909 -0.1627 0.2589 0.0379 -0.3765 -0.3345 -0.2539 0.0068 0.1708 -0.2006 -0.3678 -0.3048 -0.1952 0.2734 0.0911 -0.3571 -0.3508 -0.2770 -0.1302 0.2338 0.0035 -0.3766 -0.3302 -0.2474 0.0315 0.1681 -0.1983 -0.3684 -0.2902
-0.3560 -0.1767 0.1744 0.0052 -0.2516 -0.3321 -0.3768 0.0139 0.2397 -0.1369 -0.2791 -0.3522 -0.3529 0.0955 0.2713 -0.1976 -0.3058 -0.3682 -0.1957 0.1716 0.0068 -0.2534 -0.3340 -0.3766 0.0343 0.2562 -0.1594 -0.2894 -0.3600 -0.3011 0.1355 0.1598 -0.2331 -0.3252 -0.3758 -0.0022 0.2365 -0.1400 -0.2824 -0.3559 -0.3299 0.1198 0.2187 -0.2226 -0.3201 -0.3743 -0.0349 0.2210 -0.1182 -0.2708 -0.3230 -0.2708 -0.1182 0.2210 -0.0349 -0.3743 -0.3201 -0.2226 0.2187 0.1198 -0.3299 -0.3559 -0.2824 -0.1400 0.2365 -0.0022 -0.3758 -0.3252 -0.2331 0.1598 0.1355 -0.3011 -0.3600 -0.2894 -0.1594 0.2562 0.0343 -0.3766 -0.3340 -0.2534 0.0068 0.1716 -0.1957 -0.3682 -0.3058 -0.1976 0.2713 0.0955 -0.3529 -0.3522 -0.2791 -0.1369 0.2397 0.0139 -0.3768 -0.3321 -0.2516 0.0052 0.1744 -0.1767 -0.3560
-0.1684 0.1803 -0.0179 -0.2551 -0.3341 -0.3768 0.0235 0.2456 -0.1435 -0.2814 -0.3537 -0.3476 0.1005 0.2675 -0.2007 -0.3072 -0.3687 -0.1864 0.1735 0.0014 -0.2539 -0.3340 -0.3767 0.0325 0.2546 -0.1571 -0.2882 -0.3592 -0.3089 0.1312 0.1797 -0.2297 -0.3234 -0.3753 -0.0135 0.2308 -0.1334 -0.2802 -0.3544 -0.3379 0.1141 0.2349 -0.2184 -0.3180 -0.3736 -0.0504 0.2156 -0.1132 -0.2733 -0.3502 -0.3864 -0.3502 -0.2733 -0.1132 0.2156 -0.0504 -0.3736 -0.3180 -0.2184 0.2349 0.1141 -0.3379 -0.3544 -0.2802 -0.1334 0.2308 -0.0135 -0.3753 -0.3234 -0.2297 0.1797 0.1312 -0.3089 -0.3592 -0.2882 -0.1571 0.2546 0.0325 -0.3767 -0.3340 -0.2539 0.0014 0.1735 -0.1864 -0.3687 -0.3072 -0.2007 0.2675 0.1005 -0.3476 -0.3537 -0.2814 -0.1435 0.2456 0.0235 -0.3768 -0.3341 -0.2551 -0.0179 0.1803 -0.1684
0.1830 -0.0379 -0.2577 -0.3360 -0.3765 0.0323 0.2512 -0.1497 -0.2837 -0.3553 -0.3410 0.1060 0.2614 -0.2044 -0.3089 -0.3694 -0.1726 0.1766 -0.0088 -0.2549 -0.3345 -0.3766 0.0325 0.2540 -0.1559 -0.2875 -0.3586 -0.3144 0.1278 0.1951 -0.2268 -0.3219 -0.3748 -0.0249 0.2254 -0.1267 -0.2780 -0.3529 -0.3447 0.1086 0.2478 -0.2143 -0.3159 -0.3729 -0.0676 0.2098 -0.1050 -0.2719 -0.3487 -0.3678 -0.0603 -0.3678 -0.3487 -0.2719 -0.1050 0.2098 -0.0676 -0.3729 -0.3159 -0.2143 0.2478 0.1086 -0.3447 -0.3529 -0.2780 -0.1267 0.2254 -0.0249 -0.3748 -0.3219 -0.2268 0.1951 0.1278 -0.3144 -0.3586 -0.2875 -0.1559 0.2540 0.0325 -0.3766 -0.3345 -0.2549 -0.0088 0.1766 -0.1726 -0.3694 -0.3089 -0.2044 0.2614 0.1060 -0.3410 -0.3553 -0.2837 -0.1497 0.2512 0.0323 -0.3765 -0.3360 -0.2577 -0.0379 0.1830
-0.0533 -0.2601 -0.3379 -0.3758 0.0406 0.2565 -0.1555 -0.2860 -0.3568 -0.3334 0.1118 0.2525 -0.2085 -0.3108 -0.3702 -0.1553 0.1806 -0.0224 -0.2562 -0.3353 -0.3765 0.0343 0.2546 -0.1559 -0.2873 -0.3583 -0.3178 0.1254 0.2057 -0.2244 -0.3205 -0.3743 -0.0359 0.2205 -0.1200 -0.2759 -0.3514 -0.3506 0.1031 0.2577 -0.2103 -0.3138 -0.3722 -0.0862 0.2040 -0.0953 -0.2697 -0.3471 -0.3645 0.0718 0.1982 0.0718 -0.3645 -0.3471 -0.2697 -0.0953 0.2040 -0.0862 -0.3722 -0.3138 -0.2103 0.2577 0.1031 -0.3506 -0.3514 -0.2759 -0.1200 0.2205 -0.0359 -0.3743 -0.3205 -0.2244 0.2057 0.1254 -0.3178 -0.3583 -0.2873 -0.1559 0.2546 0.0343 -0.3765 -0.3353 -0.2562 -0.0224 0.1806 -0.1553 -0.3702 -0.3108 -0.2085 0.2525 0.1118 -0.3334 -0.3568 -0.2860 -0.1555 0.2565 0.0406 -0.3758 -0.3379 -0.2601 -0.0533
-0.2446 -0.3398 -0.3749 0.0483 0.2615 -0.1611 -0.2883 -0.3582 -0.3246 0.1176 0.2405 -0.2127 -0.3129 -0.3710 -0.1356 0.1852 -0.0375 -0.2579 -0.3365 -0.3763 0.0379 0.2562 -0.1571 -0.2875 -0.3583 -0.3189 0.1242 0.2120 -0.2227 -0.3195 -0.3739 -0.0457 0.2164 -0.1138 -0.2740 -0.3500 -0.3554 0.0978 0.2649 -0.2063 -0.3118 -0.3714 -0.1058 0.1984 -0.0846 -0.2675 -0.3454 -0.3665 0.0787 0.2740 -0.0816 0.2740 0.0787 -0.3665 -0.3454 -0.2675 -0.0846 0.1984 -0.1058 -0.3714 -0.3118 -0.2063 0.2649 0.0978 -0.3554 -0.3500 -0.2740 -0.1138 0.2164 -0.0457 -0.3739 -0.3195 -0.2227 0.2120 0.1242 -0.3189 -0.3583 -0.2875 -0.1571 0.2562 0.0379 -0.3763 -0.3365 -0.2579 -0.0375 0.1852 -0.1356 -0.3710 -0.3129 -0.2127 0.2405 0.1176 -0.3246 -0.3582 -0.2883 -0.1611 0.2615 0.0483 -0.3749 -0.3398 -0.2446
-0.3260 -0.3735 0.0555 0.2659 -0.1664 -0.2906 -0.3596 -0.3146 0.1234 0.2254 -0.2169 -0.3151 -0.3719 -0.1145 0.1905 -0.0526 -0.2598 -0.3379 -0.3758 0.0427 0.2589 -0.1594 -0.2882 -0.3586 -0.3178 0.1242 0.2140 -0.2218 -0.3188 -0.3737 -0.0538 0.2130 -0.1083 -0.2725 -0.3488 -0.3591 0.0928 0.2698 -0.2024 -0.3098 -0.3706 -0.1262 0.1929 -0.0727 -0.2653 -0.3437 -0.3691 0.0754 0.2754 -0.1791 -0.2642 -0.1791 0.2754 0.0754 -0.3691 -0.3437 -0.2653 -0.0727 0.1929 -0.1262 -0.3706 -0.3098 -0.2024 0.2698 0.0928 -0.3591 -0.3488 -0.2725 -0.1083 0.2130 -0.0538 -0.3737 -0.3188 -0.2218 0.2140 0.1242 -0.3178 -0.3586 -0.2882 -0.1594 0.2589 0.0427 -0.3758 -0.3379 -0.2598 -0.0526 0.1905 -0.1145 -0.3719 -0.3151 -0.2169 0.2254 0.1234 -0.3146 -0.3596 -0.2906 -0.1664 0.2659 0.0555 -0.3735 -0.3260
-0.3632 0.0626 0.2697 -0.1716 -0.2928 -0.3610 -0.3033 0.1292 0.2068 -0.2210 -0.3172 -0.3727 -0.0936 0.1962 -0.0671 -0.2620 -0.3395 -0.3750 0.0483 0.2621 -0.1627 -0.2894 -0.3592 -0.3144 0.1254 0.2120 -0.2218 -0.3186 -0.3735 -0.0591 0.2106 -0.1037 -0.2712 -0.3477 -0.3619 0.0885 0.2728 -0.1988 -0.3079 -0.3697 -0.1469 0.1875 -0.0592 -0.2630 -0.3420 -0.3713 0.0698 0.2746 -0.1840 -0.2971 -0.3477 -0.2971 -0.1840 0.2746 0.0698 -0.3713 -0.3420 -0.2630 -0.0592 0.1875 -0.1469 -0.3697 -0.3079 -0.1988 0.2728 0.0885 -0.3619 -0.3477 -0.2712 -0.1037 0.2106 -0.0591 -0.3735 -0.3186 -0.2218 0.2120 0.1254 -0.3144 -0.3592 -0.2894 -0.1627 0.2621 0.0483 -0.3750 -0.3395 -0.2620 -0.0671 0.1962 -0.0936 -0.3727 -0.3172 -0.2210 0.2068 0.1292 -0.3033 -0.3610 -0.2928 -0.1716 0.2697 0.0626 -0.3632
0.0638 0.2726 -0.1765 -0.2951 -0.3623 -0.2906 0.1351 0.1847 -0.2252 -0.3193 -0.3734 -0.0739 0.2020 -0.0802 -0.2644 -0.3413 -0.3737 0.0545 0.2656 -0.1666 -0.2909 -0.3600 -0.3089 0.1278 0.2057 -0.2227 -0.3188 -0.3735 -0.0610 0.2094 -0.1007 -0.2702 -0.3469 -0.3640 0.0848 0.2744 -0.1956 -0.3062 -0.3690 -0.1662 0.1824 -0.0440 -0.2608 -0.3403 -0.3731 0.0637 0.2729 -0.1813 -0.2988 -0.3687 -0.3824 -0.3687 -0.2988 -0.1813 0.2729 0.0637 -0.3731 -0.3403 -0.2608 -0.0440 0.1824 -0.1662 -0.3690 -0.3062 -0.1956 0.2744 0.0848 -0.3640 -0.3469 -0.2702 -0.1007 0.2094 -0.0610 -0.3735 -0.3188 -0.2227 0.2057 0.1278 -0.3089 -0.3600 -0.2909 -0.1666 0.2656 0.0545 -0.3737 -0.3413 -0.2644 -0.0802 0.2020 -0.0739 -0.3734 -0.3193 -0.2252 0.1847 0.1351 -0.2906 -0.3623 -0.2951 -0.1765 0.2726 0.0638
0.2703 -0.1813 -0.2973 -0.3636 -0.2764 0.1410 0.1592 -0.2294 -0.3214 -0.3741 -0.0558 0.2079 -0.0919 -0.2667 -0.3431 -0.3720 0.0612 0.2690 -0.1709 -0.2927 -0.3610 -0.3011 0.1312 0.1951 -0.2244 -0.3195 -0.3737 -0.0591 0.2094 -0.0996 -0.2697 -0.3464 -0.3654 0.0819 0.2752 -0.1929 -0.3047 -0.3682 -0.1830 0.1778 -0.0279 -0.2586 -0.3386 -0.3745 0.0573 0.2703 -0.1772 -0.2974 -0.3652 -0.2814 0.0576 -0.2814 -0.3652 -0.2974 -0.1772 0.2703 0.0573 -0.3745 -0.3386 -0.2586 -0.0279 0.1778 -0.1830 -0.3682 -0.3047 -0.1929 0.2752 0.0819 -0.3654 -0.3464 -0.2697 -0.0996 0.2094 -0.0591 -0.3737 -0.3195 -0.2244 0.1951 0.1312 -0.3011 -0.3610 -0.2927 -0.1709 0.2690 0.0612 -0.3720 -0.3431 -0.2667 -0.0919 0.2079 -0.0558 -0.3741 -0.3214 -0.2294 0.1592 0.1410 -0.2764 -0.3636 -0.2973 -0.1813 0.2703
-0.1776 -0.2996 -0.3648 -0.2607 0.1471 0.1308 -0.2335 -0.3235 -0.3747 -0.0395 0.2139 -0.1023 -0.2691 -0.3449 -0.3698 0.0679 0.2721 -0.1756 -0.2947 -0.3621 -0.2911 0.1355 0.1797 -0.2268 -0.3205 -0.3739 -0.0538 0.2106 -0.1007 -0.2697 -0.3462 -0.3661 0.0800 0.2754 -0.1908 -0.3035 -0.3676 -0.1972 0.1738 -0.0118 -0.2567 -0.3370 -0.3755 0.0508 0.2671 -0.1727 -0.2955 -0.3638 -0.2671 0.1352 0.2617 0.1352 -0.2671 -0.3638 -0.2955 -0.1727 0.2671 0.0508 -0.3755 -0.3370 -0.2567 -0.0118 0.1738 -0.1972 -0.3676 -0.3035 -0.1908 0.2754 0.0800 -0.3661 -0.3462 -0.2697 -0.1007 0.2106 -0.0538 -0.3739 -0.3205 -0.2268 0.1797 0.1355 -0.2911 -0.3621 -0.2947 -0.1756 0.2721 0.0679 -0.3698 -0.3449 -0.2691 -0.1023 0.2139 -0.0395 -0.3747 -0.3235 -0.2335 0.1308 0.1471 -0.2607 -0.3648 -0.2996 -0.1776
-0.2850 -0.3660 -0.2434 0.1533 0.1004 -0.2377 -0.3255 -0.3754 -0.0248 0.2199 -0.1116 -0.2714 -0.3466 -0.3671 0.0743 0.2743 -0.1804 -0.2969 -0.3633 -0.2788 0.1404 0.1598 -0.2297 -0.3219 -0.3743 -0.0457 0.2130 -0.1037 -0.2702 -0.3464 -0.3661 0.0794 0.2755 -0.1894 -0.3027 -0.3671 -0.2085 0.1701 0.0035 -0.2549 -0.3355 -0.3761 0.0444 0.2634 -0.1682 -0.2935 -0.3626 -0.2755 0.1438 0.1759 -0.1720 0.1759 0.1438 -0.2755 -0.3626 -0.2935 -0.1682 0.2634 0.0444 -0.3761 -0.3355 -0.2549 0.0035 0.1701 -0.2085 -0.3671 -0.3027 -0.1894 0.2755 0.0794 -0.3661 -0.3464 -0.2702 -0.1037 0.2130 -0.0457 -0.3743 -0.3219 -0.2297 0.1598 0.1404 -0.2788 -0.3633 -0.2969 -0.1804 0.2743 0.0743 -0.3671 -0.3466 -0.2714 -0.1116 0.2199 -0.0248 -0.3754 -0.3255 -0.2377 0.1004 0.1533 -0.2434 -0.3660 -0.2850
-0.3533 -0.2246 0.1597 0.0695 -0.2419 -0.3276 -0.3759 -0.0116 0.2259 -0.1200 -0.2738 -0.3484 -0.3637 0.0806 0.2754 -0.1851 -0.2991 -0.3645 -0.2640 0.1460 0.1353 -0.2331 -0.3234 -0.3748 -0.0359 0.2164 -0.1083 -0.2712 -0.3469 -0.3654 0.0800 0.2755 -0.1889 -0.3022 -0.3668 -0.2162 0.1670 0.0169 -0.2529 -0.3342 -0.3765 0.0385 0.2596 -0.1638 -0.2915 -0.3614 -0.2872 0.1415 0.1416 -0.2284 -0.2914 -0.2284 0.1416 0.1415 -0.2872 -0.3614 -0.2915 -0.1638 0.2596 0.0385 -0.3765 -0.3342 -0.2529 0.0169 0.1670 -0.2162 -0.3668 -0.3022 -0.1889 0.2755 0.0800 -0.3654 -0.3469 -0.2712 -0.1083 0.2164 -0.0359 -0.3748 -0.3234 -0.2331 0.1353 0.1460 -0.2640 -0.3645 -0.2991 -0.1851 0.2754 0.0806 -0.3637 -0.3484 -0.2738 -0.1200 0.2259 -0.0116 -0.3759 -0.3276 -0.2419 0.0695 0.1597 -0.2246 -0.3533
-0.2156 0.1664 0.0398 -0.2461 -0.3296 -0.3764 0.0003 0.2320 -0.1278 -0.2761 -0.3500 -0.3597 0.0867 0.2751 -0.1897 -0.3014 -0.3657 -0.2470 0.1520 0.1067 -0.2369 -0.3252 -0.3753 -0.0249 0.2205 -0.1138 -0.2725 -0.3477 -0.3640 0.0819 0.2754 -0.1894 -0.3022 -0.3667 -0.2202 0.1650 0.0269 -0.2510 -0.3332 -0.3767 0.0332 0.2561 -0.1598 -0.2897 -0.3603 -0.2982 0.1369 0.1549 -0.2325 -0.3227 -0.3694 -0.3227 -0.2325 0.1549 0.1369 -0.2982 -0.3603 -0.2897 -0.1598 0.2561 0.0332 -0.3767 -0.3332 -0.2510 0.0269 0.1650 -0.2202 -0.3667 -0.3022 -0.1894 0.2754 0.0819 -0.3640 -0.3477 -0.2725 -0.1138 0.2205 -0.0249 -0.3753 -0.3252 -0.2369 0.1067 0.1520 -0.2470 -0.3657 -0.3014 -0.1897 0.2751 0.0867 -0.3597 -0.3500 -0.2761 -0.1278 0.2320 0.0003 -0.3764 -0.3296 -0.2461 0.0398 0.1664 -0.2156
0.1695 0.0124 -0.2504 -0.3316 -0.3768 0.0110 0.2380 -0.1350 -0.2784 -0.3517 -0.3550 0.0927 0.2733 -0.1942 -0.3036 -0.3668 -0.2285 0.1583 0.0761 -0.2410 -0.3271 -0.3758 -0.0135 0.2254 -0.1200 -0.2740 -0.3488 -0.3619 0.0848 0.2752 -0.1908 -0.3027 -0.3668 -0.2202 0.1643 0.0324 -0.2497 -0.3325 -0.3768 0.0289 0.2531 -0.1563 -0.2882 -0.3593 -0.3075 0.1323 0.1747 -0.2304 -0.3234 -0.3795 -0.3124 -0.3795 -0.3234 -0.2304 0.1747 0.1323 -0.3075 -0.3593 -0.2882 -0.1563 0.2531 0.0289 -0.3768 -0.3325 -0.2497 0.0324 0.1643 -0.2202 -0.3668 -0.3027 -0.1908 0.2752 0.0848 -0.3619 -0.3488 -0.2740 -0.1200 0.2254 -0.0135 -0.3758 -0.3271 -0.2410 0.0761 0.1583 -0.2285 -0.3668 -0.3036 -0.1942 0.2733 0.0927 -0.3550 -0.3517 -0.2784 -0.1350 0.2380 0.0110 -0.3768 -0.3316 -0.2504 0.0124 0.1695
-0.0114 -0.2542 -0.3335 -0.3768 0.0209 0.2439 -0.1417 -0.2808 -0.3533 -0.3494 0.0985 0.2695 -0.1986 -0.3058 -0.3679 -0.2086 0.1648 0.0461 -0.2452 -0.3291 -0.3763 -0.0022 0.2308 -0.1267 -0.2759 -0.3500 -0.3591 0.0885 0.2744 -0.1929 -0.3035 -0.3671 -0.2162 0.1650 0.0324 -0.2493 -0.3321 -0.3768 0.0256 0.2507 -0.1534 -0.2869 -0.3584 -0.3149 0.1281 0.1926 -0.2274 -0.3221 -0.3750 -0.0595 0.1219 -0.0595 -0.3750 -0.3221 -0.2274 0.1926 0.1281 -0.3149 -0.3584 -0.2869 -0.1534 0.2507 0.0256 -0.3768 -0.3321 -0.2493 0.0324 0.1650 -0.2162 -0.3671 -0.3035 -0.1929 0.2744 0.0885 -0.3591 -0.3500 -0.2759 -0.1267 0.2308 -0.0022 -0.3763 -0.3291 -0.2452 0.0461 0.1648 -0.2086 -0.3679 -0.3058 -0.1986 0.2695 0.0985 -0.3494 -0.3533 -0.2808 -0.1417 0.2439 0.0209 -0.3768 -0.3335 -0.2542 -0.0114
-0.2389 -0.3355 -0.3766 0.0299 0.2496 -0.1479 -0.2831 -0.3548 -0.3430 0.1044 0.2637 -0.2029 -0.3080 -0.3689 -0.1876 0.1712 0.0183 -0.2494 -0.3311 -0.3767 0.0085 0.2365 -0.1334 -0.2780 -0.3514 -0.3554 0.0928 0.2728 -0.1956 -0.3047 -0.3676 -0.2085 0.1670 0.0269 -0.2497 -0.3321 -0.3768 0.0239 0.2492 -0.1512 -0.2859 -0.3577 -0.3207 0.1244 0.2069 -0.2245 -0.3207 -0.3744 -0.0410 0.2018 0.2246 0.2018 -0.0410 -0.3744 -0.3207 -0.2245 0.2069 0.1244 -0.3207 -0.3577 -0.2859 -0.1512 0.2492 0.0239 -0.3768 -0.3321 -0.2497 0.0269 0.1670 -0.2085 -0.3676 -0.3047 -0.1956 0.2728 0.0928 -0.3554 -0.3514 -0.2780 -0.1334 0.2365 0.0085 -0.3767 -0.3311 -0.2494 0.0183 0.1712 -0.1876 -0.3689 -0.3080 -0.2029 0.2637 0.1044 -0.3430 -0.3548 -0.2831 -0.1479 0.2496 0.0299 -0.3766 -0.3355 -0.2389
-0.3216 -0.3761 0.0383 0.2551 -0.1539 -0.2854 -0.3563 -0.3356 0.1102 0.2553 -0.2072 -0.3102 -0.3699 -0.1658 0.1772 -0.0064 -0.2534 -0.3331 -0.3768 0.0184 0.2424 -0.1400 -0.2802 -0.3529 -0.3506 0.0978 0.2698 -0.1988 -0.3062 -0.3682 -0.1972 0.1701 0.0169 -0.2510 -0.3325 -0.3768 0.0239 0.2486 -0.1501 -0.2852 -0.3572 -0.3249 0.1215 0.2178 -0.2219 -0.3193 -0.3740 -0.0464 0.2139 -0.0891 -0.2238 -0.0891 0.2139 -0.0464 -0.3740 -0.3193 -0.2219 0.2178 0.1215 -0.3249 -0.3572 -0.2852 -0.1501 0.2486 0.0239 -0.3768 -0.3325 -0.2510 0.0169 0.1701 -0.1972 -0.3682 -0.3062 -0.1988 0.2698 0.0978 -0.3506 -0.3529 -0.2802 -0.1400 0.2424 0.0184 -0.3768 -0.3331 -0.2534 -0.0064 0.1772 -0.1658 -0.3699 -0.3102 -0.2072 0.2553 0.1102 -0.3356 -0.3563 -0.2854 -0.1539 0.2551 0.0383 -0.3761 -0.3216
-0.3656 0.0462 0.2601 -0.1595 -0.2876 -0.3578 -0.3272 0.1159 0.2442 -0.2115 -0.3123 -0.3708 -0.1435 0.1829 -0.0279 -0.2564 -0.3350 -0.3767 0.0276 0.2481 -0.1463 -0.2824 -0.3544 -0.3447 0.1031 0.2649 -0.2024 -0.3079 -0.3690 -0.1830 0.1738 0.0035 -0.2529 -0.3332 -0.3768 0.0256 0.2492 -0.1501 -0.2850 -0.3569 -0.3274 0.1195 0.2254 -0.2198 -0.3182 -0.3735 -0.0558 0.2122 -0.1037 -0.2666 -0.3188 -0.2666 -0.1037 0.2122 -0.0558 -0.3735 -0.3182 -0.2198 0.2254 0.1195 -0.3274 -0.3569 -0.2850 -0.1501 0.2492 0.0256 -0.3768 -0.3332 -0.2529 0.0035 0.1738 -0.1830 -0.3690 -0.3079 -0.2024 0.2649 0.1031 -0.3447 -0.3544 -0.2824 -0.1463 0.2481 0.0276 -0.3767 -0.3350 -0.2564 -0.0279 0.1829 -0.1435 -0.3708 -0.3123 -0.2115 0.2442 0.1159 -0.3272 -0.3578 -0.2876 -0.1595 0.2601 0.0462 -0.3656
0.0475 0.2647 -0.1649 -0.2899 -0.3592 -0.3175 0.1217 0.2300 -0.2157 -0.3144 -0.3716 -0.1214 0.1886 -0.0464 -0.2588 -0.3369 -0.3762 0.0361 0.2536 -0.1522 -0.2847 -0.3559 -0.3379 0.1086 0.2577 -0.2063 -0.3098 -0.3697 -0.1662 0.1778 -0.0118 -0.2549 -0.3342 -0.3767 0.0289 0.2507 -0.1512 -0.2852 -0.3569 -0.3282 0.1184 0.2298 -0.2184 -0.3172 -0.3732 -0.0651 0.2092 -0.1015 -0.2699 -0.3471 -0.3851 -0.3471 -0.2699 -0.1015 0.2092 -0.0651 -0.3732 -0.3172 -0.2184 0.2298 0.1184 -0.3282 -0.3569 -0.2852 -0.1512 0.2507 0.0289 -0.3767 -0.3342 -0.2549 -0.0118 0.1778 -0.1662 -0.3697 -0.3098 -0.2063 0.2577 0.1086 -0.3379 -0.3559 -0.2847 -0.1522 0.2536 0.0361 -0.3762 -0.3369 -0.2588 -0.0464 0.1886 -0.1214 -0.3716 -0.3144 -0.2157 0.2300 0.1217 -0.3175 -0.3592 -0.2899 -0.1649 0.2647 0.0475
0.2648 -0.1701 -0.2922 -0.3606 -0.3066 0.1275 0.2124 -0.2198 -0.3166 -0.3724 -0.1001 0.1943 -0.0622 -0.2612 -0.3388 -0.3754 0.0440 0.2587 -0.1579 -0.2870 -0.3574 -0.3299 0.1141 0.2478 -0.2103 -0.3118 -0.3706 -0.1469 0.1824 -0.0279 -0.2567 -0.3355 -0.3765 0.0332 0.2531 -0.1534 -0.2859 -0.3572 -0.3274 0.1184 0.2313 -0.2176 -0.3167 -0.3729 -0.0727 0.2065 -0.0970 -0.2694 -0.3465 -0.3718 -0.0879 -0.3718 -0.3465 -0.2694 -0.0970 0.2065 -0.0727 -0.3729 -0.3167 -0.2176 0.2313 0.1184 -0.3274 -0.3572 -0.2859 -0.1534 0.2531 0.0332 -0.3765 -0.3355 -0.2567 -0.0279 0.1824 -0.1469 -0.3706 -0.3118 -0.2103 0.2478 0.1141 -0.3299 -0.3574 -0.2870 -0.1579 0.2587 0.0440 -0.3754 -0.3388 -0.2612 -0.0622 0.1943 -0.1001 -0.3724 -0.3166 -0.2198 0.2124 0.1275 -0.3066 -0.3606 -0.2922 -0.1701 0.2648
-0.1677 -0.2945 -0.3619 -0.2943 0.1334 0.1915 -0.2240 -0.3187 -0.3732 -0.0799 0.2001 -0.0760 -0.2635 -0.3406 -0.3743 0.0515 0.2634 -0.1634 -0.2892 -0.3588 -0.3208 0.1198 0.2349 -0.2143 -0.3138 -0.3714 -0.1262 0.1875 -0.0440 -0.2586 -0.3370 -0.3761 0.0385 0.2561 -0.1563 -0.2869 -0.3577 -0.3249 0.1195 0.2298 -0.2176 -0.3165 -0.3728 -0.0778 0.2045 -0.0928 -0.2685 -0.3457 -0.3677 0.0643 0.1908 0.0643 -0.3677 -0.3457 -0.2685 -0.0928 0.2045 -0.0778 -0.3728 -0.3165 -0.2176 0.2298 0.1195 -0.3249 -0.3577 -0.2869 -0.1563 0.2561 0.0385 -0.3761 -0.3370 -0.2586 -0.0440 0.1875 -0.1262 -0.3714 -0.3138 -0.2143 0.2349 0.1198 -0.3208 -0.3588 -0.2892 -0.1634 0.2634 0.0515 -0.3743 -0.3406 -0.2635 -0.0760 0.2001 -0.0799 -0.3732 -0.3187 -0.2240 0.1915 0.1334 -0.2943 -0.3619 -0.2945 -0.1677
-0.2798 -0.3632 -0.2806 0.1393 0.1671 -0.2281 -0.3208 -0.3739 -0.0615 0.2059 -0.0881 -0.2659 -0.3425 -0.3727 0.0586 0.2676 -0.1686 -0.2915 -0.3602 -0.3103 0.1256 0.2187 -0.2184 -0.3159 -0.3722 -0.1058 0.1929 -0.0592 -0.2608 -0.3386 -0.3755 0.0444 0.2596 -0.1598 -0.2882 -0.3584 -0.3207 0.1215 0.2254 -0.2184 -0.3167 -0.3728 -0.0796 0.2034 -0.0900 -0.2678 -0.3451 -0.3679 0.0742 0.2716 -0.0675 0.2716 0.0742 -0.3679 -0.3451 -0.2678 -0.0900 0.2034 -0.0796 -0.3728 -0.3167 -0.2184 0.2254 0.1215 -0.3207 -0.3584 -0.2882 -0.1598 0.2596 0.0444 -0.3755 -0.3386 -0.2608 -0.0592 0.1929 -0.1058 -0.3722 -0.3159 -0.2184 0.2187 0.1256 -0.3103 -0.3602 -0.2915 -0.1686 0.2676 0.0586 -0.3727 -0.3425 -0.2659 -0.0881 0.2059 -0.0615 -0.3739 -0.3208 -0.2281 0.1671 0.1393 -0.2806 -0.3632 -0.2798
-0.3503 -0.2654 0.1453 0.1396 -0.2323 -0.3228 -0.3745 -0.0447 0.2118 -0.0988 -0.2683 -0.3442 -0.3707 0.0653 0.2710 -0.1736 -0.2937 -0.3615 -0.2985 0.1314 0.1990 -0.2226 -0.3180 -0.3729 -0.0862 0.1984 -0.0727 -0.2630 -0.3403 -0.3745 0.0508 0.2634 -0.1638 -0.2897 -0.3593 -0.3149 0.1244 0.2178 -0.2198 -0.3172 -0.3729 -0.0778 0.2034 -0.0889 -0.2674 -0.3446 -0.3686 0.0744 0.2749 -0.1758 -0.2623 -0.1758 0.2749 0.0744 -0.3686 -0.3446 -0.2674 -0.0889 0.2034 -0.0778 -0.3729 -0.3172 -0.2198 0.2178 0.1244 -0.3149 -0.3593 -0.2897 -0.1638 0.2634 0.0508 -0.3745 -0.3403 -0.2630 -0.0727 0.1984 -0.0862 -0.3729 -0.3180 -0.2226 0.1990 0.1314 -0.2985 -0.3615 -0.2937 -0.1736 0.2710 0.0653 -0.3707 -0.3442 -0.2683 -0.0988 0.2118 -0.0447 -0.3745 -0.3228 -0.2323 0.1396 0.1453 -0.2654 -0.3503
-0.2564 0.1516 0.1098 -0.2364 -0.3249 -0.3752 -0.0296 0.2178 -0.1084 -0.2706 -0.3460 -0.3682 0.0718 0.2736 -0.1785 -0.2960 -0.3628 -0.2854 0.1373 0.1757 -0.2267 -0.3201 -0.3736 -0.0676 0.2040 -0.0846 -0.2653 -0.3420 -0.3731 0.0573 0.2671 -0.1682 -0.2915 -0.3603 -0.3075 0.1281 0.2069 -0.2219 -0.3182 -0.3732 -0.0727 0.2045 -0.0900 -0.2674 -0.3444 -0.3690 0.0734 0.2749 -0.1836 -0.2962 -0.3466 -0.2962 -0.1836 0.2749 0.0734 -0.3690 -0.3444 -0.2674 -0.0900 0.2045 -0.0727 -0.3732 -0.3182 -0.2219 0.2069 0.1281 -0.3075 -0.3603 -0.2915 -0.1682 0.2671 0.0573 -0.3731 -0.3420 -0.2653 -0.0846 0.2040 -0.0676 -0.3736 -0.3201 -0.2267 0.1757 0.1373 -0.2854 -0.3628 -0.2960 -0.1785 0.2736 0.0718 -0.3682 -0.3460 -0.2706 -0.1084 0.2178 -0.0296 -0.3752 -0.3249 -0.2364 0.1098 0.1516 -0.2564
0.1543 0.0789 -0.2406 -0.3269 -0.3757 -0.0160 0.2237 -0.1170 -0.2729 -0.3477 -0.3651 0.0781 0.2751 -0.1832 -0.2982 -0.3640 -0.2708 0.1432 0.1494 -0.2308 -0.3221 -0.3743 -0.0504 0.2098 -0.0953 -0.2675 -0.3437 -0.3713 0.0637 0.2703 -0.1727 -0.2935 -0.3614 -0.2982 0.1323 0.1926 -0.2245 -0.3193 -0.3735 -0.0651 0.2065 -0.0928 -0.2678 -0.3446 -0.3690 0.0730 0.2748 -0.1842 -0.2994 -0.3686 -0.3828 -0.3686 -0.2994 -0.1842 0.2748 0.0730 -0.3690 -0.3446 -0.2678 -0.0928 0.2065 -0.0651 -0.3735 -0.3193 -0.2245 0.1926 0.1323 -0.2982 -0.3614 -0.2935 -0.1727 0.2703 0.0637 -0.3713 -0.3437 -0.2675 -0.0953 0.2098 -0.0504 -0.3743 -0.3221 -0.2308 0.1494 0.1432 -0.2708 -0.3640 -0.2982 -0.1832 0.2751 0.0781 -0.3651 -0.3477 -0.2729 -0.1170 0.2237 -0.0160 -0.3757 -0.3269 -0.2406 0.0789 0.1543
0.0478 -0.2447 -0.3289 -0.3763 -0.0040 0.2297 -0.1248 -0.2752 -0.3494 -0.3614 0.0841 0.2754 -0.1877 -0.3004 -0.3652 -0.2549 0.1492 0.1208 -0.2349 -0.3241 -0.3749 -0.0349 0.2156 -0.1050 -0.2697 -0.3454 -0.3691 0.0698 0.2729 -0.1772 -0.2955 -0.3626 -0.2872 0.1369 0.1747 -0.2274 -0.3207 -0.3740 -0.0558 0.2092 -0.0970 -0.2685 -0.3451 -0.3686 0.0734 0.2748 -0.1841 -0.2997 -0.3659 -0.2765 0.0589 -0.2765 -0.3659 -0.2997 -0.1841 0.2748 0.0734 -0.3686 -0.3451 -0.2685 -0.0970 0.2092 -0.0558 -0.3740 -0.3207 -0.2274 0.1747 0.1369 -0.2872 -0.3626 -0.2955 -0.1772 0.2729 0.0698 -0.3691 -0.3454 -0.2697 -0.1050 0.2156 -0.0349 -0.3749 -0.3241 -0.2349 0.1208 0.1492 -0.2549 -0.3652 -0.3004 -0.1877 0.2754 0.0841 -0.3614 -0.3494 -0.2752 -0.1248 0.2297 -0.0040 -0.3763 -0.3289 -0.2447 0.0478
-0.2311 -0.3308 -0.3766 0.0061 0.2352 -0.1316 -0.2773 -0.3510 -0.3574 0.0895 0.2745 -0.1918 -0.3024 -0.3664 -0.2388 0.1546 0.0931 -0.2387 -0.3261 -0.3755 -0.0220 0.2210 -0.1132 -0.2719 -0.3471 -0.3665 0.0754 0.2746 -0.1813 -0.2974 -0.3638 -0.2755 0.1415 0.1549 -0.2304 -0.3221 -0.3744 -0.0464 0.2122 -0.1015 -0.2694 -0.3457 -0.3679 0.0744 0.2749 -0.1842 -0.2997 -0.3656 -0.2505 0.1390 0.2638 0.1390 -0.2505 -0.3656 -0.2997 -0.1842 0.2749 0.0744 -0.3679 -0.3457 -0.2694 -0.1015 0.2122 -0.0464 -0.3744 -0.3221 -0.2304 0.1549 0.1415 -0.2755 -0.3638 -0.2974 -0.1813 0.2746 0.0754 -0.3665 -0.3471 -0.2719 -0.1132 0.2210 -0.0220 -0.3755 -0.3261 -0.2387 0.0931 0.1546 -0.2388 -0.3664 -0.3024 -0.1918 0.2745 0.0895 -0.3574 -0.3510 -0.2773 -0.1316 0.2352 0.0061 -0.3766 -0.3308 -0.2311
-0.3162 -0.3767 0.0120 0.2386 -0.1357 -0.2787 -0.3526 -0.3545 0.0927 0.2733 -0.1945 -0.3039 -0.3678 -0.2276 0.1574 0.0756 -0.2414 -0.3277 -0.3759 -0.0144 0.2245 -0.1182 -0.2733 -0.3487 -0.3645 0.0787 0.2754 -0.1840 -0.2988 -0.3652 -0.2671 0.1438 0.1416 -0.2325 -0.3234 -0.3750 -0.0410 0.2139 -0.1037 -0.2699 -0.3465 -0.3677 0.0742 0.2749 -0.1836 -0.2994 -0.3659 -0.2505 0.1496 0.1569 -0.1752 0.1569 0.1496 -0.2505 -0.3659 -0.2994 -0.1836 0.2749 0.0742 -0.3677 -0.3465 -0.2699 -0.1037 0.2139 -0.0410 -0.3750 -0.3234 -0.2325 0.1416 0.1438 -0.2671 -0.3652 -0.2988 -0.1840 0.2754 0.0787 -0.3645 -0.3487 -0.2733 -0.1182 0.2245 -0.0144 -0.3759 -0.3277 -0.2414 0.0756 0.1574 -0.2276 -0.3678 -0.3039 -0.1945 0.2733 0.0927 -0.3545 -0.3526 -0.2787 -0.1357 0.2386 0.0120 -0.3767 -0.3162
-0.3690 0.0014 0.2290 -0.1275 -0.2764 -0.3545 -0.3587 0.0859 0.2759 -0.1900 -0.3025 -0.3717 -0.2447 0.1481 0.1125 -0.2377 -0.3274 -0.3802 -0.0273 0.2140 -0.1082 -0.2708 -0.3502 -0.3678 0.0718 0.2740 -0.1791 -0.2971 -0.3687 -0.2814 0.1352 0.1759 -0.2284 -0.3227 -0.3795 -0.0595 0.2018 -0.0891 -0.2666 -0.3471 -0.3718 0.0643 0.2716 -0.1758 -0.2962 -0.3686 -0.2765 0.1390 0.1569 -0.2259 -0.2897 -0.2259 0.1569 0.1390 -0.2765 -0.3686 -0.2962 -0.1758 0.2716 0.0643 -0.3718 -0.3471 -0.2666 -0.0891 0.2018 -0.0595 -0.3795 -0.3227 -0.2284 0.1759 0.1352 -0.2814 -0.3687 -0.2971 -0.1791 0.2740 0.0718 -0.3678 -0.3502 -0.2708 -0.1082 0.2140 -0.0273 -0.3802 -0.3274 -0.2377 0.1125 0.1481 -0.2447 -0.3717 -0.3025 -0.1900 0.2759 0.0859 -0.3587 -0.3545 -0.2764 -0.1275 0.2290 0.0014 -0.3690
-0.2486 0.1469 0.1214 -0.2384 -0.3283 -0.3878 -0.0241 0.2122 -0.1076 -0.2699 -0.3525 -0.3760 0.0721 0.2697 -0.1846 -0.2968 -0.3731 -0.2835 0.1333 0.1847 -0.2305 -0.3230 -0.3864 -0.0603 0.1982 -0.0816 -0.2642 -0.3477 -0.3824 0.0576 0.2617 -0.1720 -0.2914 -0.3694 -0.3124 0.1219 0.2246 -0.2238 -0.3188 -0.3851 -0.0879 0.1908 -0.0675 -0.2623 -0.3466 -0.3828 0.0589 0.2638 -0.1752 -0.2897 -0.3441 -0.2897 -0.1752 0.2638 0.0589 -0.3828 -0.3466 -0.2623 -0.0675 0.1908 -0.0879 -0.3851 -0.3188 -0.2238 0.2246 0.1219 -0.3124 -0.3694 -0.2914 -0.1720 0.2617 0.0576 -0.3824 -0.3477 -0.2642 -0.0816 0.1982 -0.0603 -0.3864 -0.3230 -0.2305 0.1847 0.1333 -0.2835 -0.3731 -0.2968 -0.1846 0.2697 0.0721 -0.3760 -0.3525 -0.2699 -0.1076 0.2122 -0.0241 -0.3878 -0.3283 -0.2384 0.1214 0.1469 -0.2486
