0.5006 0.4203 0.1592 0.1531 0.2215 0.3950 0.5019 0.2748 0.1454 0.1754 0.2863 0.4972 0.4337 0.1635 0.1512 0.2147 0.3802 0.5064 0.2975 0.1459 0.1715 0.2760 0.4874 0.4466 0.1693 0.1495 0.2083 0.3658 0.5098 0.3196 0.1468 0.1679 0.2663 0.4755 0.4584 0.1770 0.1481 0.2023 0.3519 0.5121 0.3407 0.1480 0.1646 0.2571 0.4619 0.4690 0.1880 0.1468 0.1949 0.3233 0.4642 0.3233 0.1949 0.1468 0.1880 0.4690 0.4619 0.2571 0.1646 0.1480 0.3407 0.5121 0.3519 0.2023 0.1481 0.1770 0.4584 0.4755 0.2663 0.1679 0.1468 0.3196 0.5098 0.3658 0.2083 0.1495 0.1693 0.4466 0.4874 0.2760 0.1715 0.1459 0.2975 0.5064 0.3802 0.2147 0.1512 0.1635 0.4337 0.4972 0.2863 0.1754 0.1454 0.2748 0.5019 0.3950 0.2215 0.1531 0.1592 0.4203 0.5006
0.4203 0.1519 0.1460 0.2168 0.3931 0.5036 0.2794 0.1373 0.1691 0.2822 0.4972 0.4371 0.1578 0.1437 0.2094 0.3776 0.5080 0.3027 0.1379 0.1651 0.2718 0.4870 0.4498 0.1645 0.1419 0.2028 0.3629 0.5113 0.3248 0.1389 0.1614 0.2619 0.4747 0.4613 0.1737 0.1403 0.1967 0.3489 0.5134 0.3457 0.1402 0.1579 0.2526 0.4608 0.4716 0.1865 0.1390 0.1904 0.3319 0.5125 0.4693 0.5125 0.3319 0.1904 0.1390 0.1865 0.4716 0.4608 0.2526 0.1579 0.1402 0.3457 0.5134 0.3489 0.1967 0.1403 0.1737 0.4613 0.4747 0.2619 0.1614 0.1389 0.3248 0.5113 0.3629 0.2028 0.1419 0.1645 0.4498 0.4870 0.2718 0.1651 0.1379 0.3027 0.5080 0.3776 0.2094 0.1437 0.1578 0.4371 0.4972 0.2822 0.1691 0.1373 0.2794 0.5036 0.3931 0.2168 0.1460 0.1519 0.4203
0.1592 0.1460 0.2156 0.3891 0.5051 0.2880 0.1375 0.1674 0.2777 0.4931 0.4428 0.1605 0.1429 0.2065 0.3711 0.5095 0.3125 0.1383 0.1634 0.2674 0.4818 0.4549 0.1682 0.1412 0.2001 0.3567 0.5123 0.3341 0.1394 0.1598 0.2577 0.4687 0.4659 0.1788 0.1397 0.1941 0.3429 0.5139 0.3545 0.1409 0.1565 0.2486 0.4545 0.4756 0.1934 0.1385 0.1883 0.3286 0.5138 0.3948 0.1931 0.3948 0.5138 0.3286 0.1883 0.1385 0.1934 0.4756 0.4545 0.2486 0.1565 0.1409 0.3545 0.5139 0.3429 0.1941 0.1397 0.1788 0.4659 0.4687 0.2577 0.1598 0.1394 0.3341 0.5123 0.3567 0.2001 0.1412 0.1682 0.4549 0.4818 0.2674 0.1634 0.1383 0.3125 0.5095 0.3711 0.2065 0.1429 0.1605 0.4428 0.4931 0.2777 0.1674 0.1375 0.2880 0.5051 0.3891 0.2156 0.1460 0.1592
0.1531 0.2168 0.3891 0.5057 0.2931 0.1377 0.1661 0.2739 0.4889 0.4479 0.1635 0.1421 0.2036 0.3647 0.5109 0.3220 0.1387 0.1618 0.2631 0.4763 0.4599 0.1724 0.1405 0.1974 0.3506 0.5131 0.3432 0.1400 0.1583 0.2537 0.4626 0.4703 0.1846 0.1391 0.1916 0.3370 0.5142 0.3630 0.1418 0.1551 0.2448 0.4479 0.4795 0.2010 0.1381 0.1860 0.3236 0.5138 0.3863 0.1465 0.1363 0.1465 0.3863 0.5138 0.3236 0.1860 0.1381 0.2010 0.4795 0.4479 0.2448 0.1551 0.1418 0.3630 0.5142 0.3370 0.1916 0.1391 0.1846 0.4703 0.4626 0.2537 0.1583 0.1400 0.3432 0.5131 0.3506 0.1974 0.1405 0.1724 0.4599 0.4763 0.2631 0.1618 0.1387 0.3220 0.5109 0.3647 0.2036 0.1421 0.1635 0.4479 0.4889 0.2739 0.1661 0.1377 0.2931 0.5057 0.3891 0.2168 0.1531
0.2215 0.3931 0.5051 0.2931 0.1378 0.1653 0.2712 0.4853 0.4522 0.1665 0.1414 0.2010 0.3586 0.5120 0.3314 0.1392 0.1603 0.2589 0.4705 0.4646 0.1772 0.1398 0.1948 0.3446 0.5138 0.3520 0.1407 0.1569 0.2497 0.4563 0.4744 0.1912 0.1387 0.1891 0.3312 0.5143 0.3713 0.1427 0.1538 0.2410 0.4413 0.4831 0.2094 0.1378 0.1837 0.3182 0.5132 0.3906 0.1457 0.1467 0.1806 0.1467 0.1457 0.3906 0.5132 0.3182 0.1837 0.1378 0.2094 0.4831 0.4413 0.2410 0.1538 0.1427 0.3713 0.5143 0.3312 0.1891 0.1387 0.1912 0.4744 0.4563 0.2497 0.1569 0.1407 0.3520 0.5138 0.3446 0.1948 0.1398 0.1772 0.4646 0.4705 0.2589 0.1603 0.1392 0.3314 0.5120 0.3586 0.2010 0.1414 0.1665 0.4522 0.4853 0.2712 0.1653 0.1378 0.2931 0.5051 0.3931 0.2215
0.3950 0.5036 0.2880 0.1377 0.1653 0.2702 0.4832 0.4551 0.1691 0.1409 0.1987 0.3531 0.5129 0.3403 0.1398 0.1588 0.2548 0.4644 0.4690 0.1828 0.1393 0.1923 0.3387 0.5141 0.3606 0.1415 0.1555 0.2458 0.4498 0.4784 0.1987 0.1382 0.1867 0.3256 0.5140 0.3793 0.1437 0.1526 0.2373 0.4346 0.4866 0.2182 0.1375 0.1815 0.3129 0.5123 0.3973 0.1466 0.1489 0.2189 0.3115 0.2189 0.1489 0.1466 0.3973 0.5123 0.3129 0.1815 0.1375 0.2182 0.4866 0.4346 0.2373 0.1526 0.1437 0.3793 0.5140 0.3256 0.1867 0.1382 0.1987 0.4784 0.4498 0.2458 0.1555 0.1415 0.3606 0.5141 0.3387 0.1923 0.1393 0.1828 0.4690 0.4644 0.2548 0.1588 0.1398 0.3403 0.5129 0.3531 0.1987 0.1409 0.1691 0.4551 0.4832 0.2702 0.1653 0.1377 0.2880 0.5036 0.3950
0.5019 0.2794 0.1375 0.1661 0.2712 0.4832 0.4561 0.1707 0.1405 0.1970 0.3486 0.5135 0.3481 0.1404 0.1574 0.2509 0.4582 0.4732 0.1892 0.1388 0.1898 0.3329 0.5143 0.3690 0.1424 0.1542 0.2420 0.4432 0.4821 0.2068 0.1379 0.1844 0.3201 0.5135 0.3870 0.1448 0.1513 0.2337 0.4278 0.4899 0.2275 0.1373 0.1793 0.3077 0.5110 0.4043 0.1479 0.1484 0.2235 0.3942 0.5098 0.3942 0.2235 0.1484 0.1479 0.4043 0.5110 0.3077 0.1793 0.1373 0.2275 0.4899 0.4278 0.2337 0.1513 0.1448 0.3870 0.5135 0.3201 0.1844 0.1379 0.2068 0.4821 0.4432 0.2420 0.1542 0.1424 0.3690 0.5143 0.3329 0.1898 0.1388 0.1892 0.4732 0.4582 0.2509 0.1574 0.1404 0.3481 0.5135 0.3486 0.1970 0.1405 0.1707 0.4561 0.4832 0.2712 0.1661 0.1375 0.2794 0.5019
0.2748 0.1373 0.1674 0.2739 0.4853 0.4551 0.1707 0.1404 0.1961 0.3456 0.5138 0.3543 0.1410 0.1562 0.2474 0.4521 0.4771 0.1963 0.1384 0.1874 0.3272 0.5141 0.3770 0.1434 0.1529 0.2383 0.4365 0.4856 0.2156 0.1376 0.1822 0.3147 0.5127 0.3945 0.1460 0.1502 0.2302 0.4210 0.4929 0.2372 0.1372 0.1773 0.3026 0.5093 0.4110 0.1494 0.1475 0.2217 0.4011 0.5039 0.4104 0.5039 0.4011 0.2217 0.1475 0.1494 0.4110 0.5093 0.3026 0.1773 0.1372 0.2372 0.4929 0.4210 0.2302 0.1502 0.1460 0.3945 0.5127 0.3147 0.1822 0.1376 0.2156 0.4856 0.4365 0.2383 0.1529 0.1434 0.3770 0.5141 0.3272 0.1874 0.1384 0.1963 0.4771 0.4521 0.2474 0.1562 0.1410 0.3543 0.5138 0.3456 0.1961 0.1404 0.1707 0.4551 0.4853 0.2739 0.1674 0.1373 0.2748
0.1454 0.1691 0.2777 0.4889 0.4522 0.1691 0.1405 0.1961 0.3445 0.5140 0.3583 0.1415 0.1553 0.2445 0.4467 0.4805 0.2036 0.1380 0.1851 0.3217 0.5137 0.3848 0.1444 0.1517 0.2347 0.4297 0.4890 0.2248 0.1374 0.1800 0.3094 0.5115 0.4017 0.1473 0.1490 0.2268 0.4142 0.4958 0.2472 0.1371 0.1752 0.2976 0.5071 0.4177 0.1511 0.1466 0.2189 0.3973 0.5028 0.2984 0.1484 0.2984 0.5028 0.3973 0.2189 0.1466 0.1511 0.4177 0.5071 0.2976 0.1752 0.1371 0.2472 0.4958 0.4142 0.2268 0.1490 0.1473 0.4017 0.5115 0.3094 0.1800 0.1374 0.2248 0.4890 0.4297 0.2347 0.1517 0.1444 0.3848 0.5137 0.3217 0.1851 0.1380 0.2036 0.4805 0.4467 0.2445 0.1553 0.1415 0.3583 0.5140 0.3445 0.1961 0.1405 0.1691 0.4522 0.4889 0.2777 0.1691 0.1454
0.1754 0.2822 0.4931 0.4479 0.1665 0.1409 0.1970 0.3456 0.5140 0.3597 0.1418 0.1547 0.2424 0.4423 0.4832 0.2105 0.1377 0.1831 0.3166 0.5130 0.3923 0.1456 0.1505 0.2312 0.4229 0.4921 0.2345 0.1372 0.1779 0.3042 0.5099 0.4087 0.1488 0.1480 0.2235 0.4075 0.4984 0.2572 0.1371 0.1733 0.2926 0.5045 0.4240 0.1530 0.1456 0.2158 0.3913 0.5042 0.2870 0.1371 0.1434 0.1371 0.2870 0.5042 0.3913 0.2158 0.1456 0.1530 0.4240 0.5045 0.2926 0.1733 0.1371 0.2572 0.4984 0.4075 0.2235 0.1480 0.1488 0.4087 0.5099 0.3042 0.1779 0.1372 0.2345 0.4921 0.4229 0.2312 0.1505 0.1456 0.3923 0.5130 0.3166 0.1831 0.1377 0.2105 0.4832 0.4423 0.2424 0.1547 0.1418 0.3597 0.5140 0.3456 0.1970 0.1409 0.1665 0.4479 0.4931 0.2822 0.1754
0.2863 0.4972 0.4428 0.1635 0.1414 0.1987 0.3486 0.5138 0.3583 0.1418 0.1545 0.2413 0.4394 0.4851 0.2162 0.1376 0.1813 0.3120 0.5120 0.3991 0.1469 0.1494 0.2278 0.4161 0.4950 0.2443 0.1371 0.1758 0.2991 0.5079 0.4154 0.1505 0.1469 0.2202 0.4007 0.5009 0.2674 0.1372 0.1713 0.2878 0.5015 0.4301 0.1551 0.1447 0.2128 0.3848 0.5060 0.2929 0.1376 0.1612 0.2096 0.1612 0.1376 0.2929 0.5060 0.3848 0.2128 0.1447 0.1551 0.4301 0.5015 0.2878 0.1713 0.1372 0.2674 0.5009 0.4007 0.2202 0.1469 0.1505 0.4154 0.5079 0.2991 0.1758 0.1371 0.2443 0.4950 0.4161 0.2278 0.1494 0.1469 0.3991 0.5120 0.3120 0.1813 0.1376 0.2162 0.4851 0.4394 0.2413 0.1545 0.1418 0.3583 0.5138 0.3486 0.1987 0.1414 0.1635 0.4428 0.4972 0.2863
0.4972 0.4371 0.1605 0.1421 0.2010 0.3531 0.5135 0.3543 0.1415 0.1547 0.2413 0.4385 0.4861 0.2200 0.1374 0.1800 0.3083 0.5110 0.4050 0.1482 0.1484 0.2245 0.4095 0.4977 0.2544 0.1371 0.1738 0.2942 0.5054 0.4219 0.1523 0.1460 0.2170 0.3940 0.5032 0.2776 0.1373 0.1695 0.2831 0.4979 0.4360 0.1574 0.1438 0.2098 0.3784 0.5078 0.3019 0.1379 0.1641 0.2601 0.3785 0.2601 0.1641 0.1379 0.3019 0.5078 0.3784 0.2098 0.1438 0.1574 0.4360 0.4979 0.2831 0.1695 0.1373 0.2776 0.5032 0.3940 0.2170 0.1460 0.1523 0.4219 0.5054 0.2942 0.1738 0.1371 0.2544 0.4977 0.4095 0.2245 0.1484 0.1482 0.4050 0.5110 0.3083 0.1800 0.1374 0.2200 0.4861 0.4385 0.2413 0.1547 0.1415 0.3543 0.5135 0.3531 0.2010 0.1421 0.1605 0.4371 0.4972
0.4337 0.1578 0.1429 0.2036 0.3586 0.5129 0.3481 0.1410 0.1553 0.2424 0.4394 0.4861 0.2213 0.1374 0.1791 0.3057 0.5100 0.4098 0.1493 0.1475 0.2217 0.4033 0.5001 0.2643 0.1372 0.1719 0.2893 0.5025 0.4282 0.1543 0.1450 0.2139 0.3874 0.5052 0.2877 0.1375 0.1677 0.2785 0.4939 0.4417 0.1600 0.1430 0.2069 0.3719 0.5093 0.3114 0.1382 0.1633 0.2653 0.4672 0.5070 0.4672 0.2653 0.1633 0.1382 0.3114 0.5093 0.3719 0.2069 0.1430 0.1600 0.4417 0.4939 0.2785 0.1677 0.1375 0.2877 0.5052 0.3874 0.2139 0.1450 0.1543 0.4282 0.5025 0.2893 0.1719 0.1372 0.2643 0.5001 0.4033 0.2217 0.1475 0.1493 0.4098 0.5100 0.3057 0.1791 0.1374 0.2213 0.4861 0.4394 0.2424 0.1553 0.1410 0.3481 0.5129 0.3586 0.2036 0.1429 0.1578 0.4337
0.1635 0.1437 0.2065 0.3647 0.5120 0.3403 0.1404 0.1562 0.2445 0.4423 0.4851 0.2200 0.1374 0.1789 0.3043 0.5092 0.4131 0.1503 0.1468 0.2193 0.3979 0.5021 0.2735 0.1373 0.1701 0.2846 0.4991 0.4342 0.1566 0.1441 0.2109 0.3808 0.5071 0.2976 0.1378 0.1659 0.2740 0.4894 0.4472 0.1630 0.1422 0.2041 0.3656 0.5107 0.3209 0.1387 0.1619 0.2630 0.4735 0.4703 0.3216 0.4703 0.4735 0.2630 0.1619 0.1387 0.3209 0.5107 0.3656 0.2041 0.1422 0.1630 0.4472 0.4894 0.2740 0.1659 0.1378 0.2976 0.5071 0.3808 0.2109 0.1441 0.1566 0.4342 0.4991 0.2846 0.1701 0.1373 0.2735 0.5021 0.3979 0.2193 0.1468 0.1503 0.4131 0.5092 0.3043 0.1789 0.1374 0.2200 0.4851 0.4423 0.2445 0.1562 0.1404 0.3403 0.5120 0.3647 0.2065 0.1437 0.1635
0.1512 0.2094 0.3711 0.5109 0.3314 0.1398 0.1574 0.2474 0.4467 0.4832 0.2162 0.1374 0.1791 0.3043 0.5090 0.4149 0.1510 0.1464 0.2174 0.3935 0.5037 0.2816 0.1374 0.1685 0.2803 0.4954 0.4398 0.1591 0.1433 0.2079 0.3744 0.5087 0.3075 0.1381 0.1643 0.2696 0.4844 0.4524 0.1664 0.1415 0.2013 0.3594 0.5119 0.3302 0.1392 0.1604 0.2592 0.4702 0.4666 0.1931 0.1366 0.1931 0.4666 0.4702 0.2592 0.1604 0.1392 0.3302 0.5119 0.3594 0.2013 0.1415 0.1664 0.4524 0.4844 0.2696 0.1643 0.1381 0.3075 0.5087 0.3744 0.2079 0.1433 0.1591 0.4398 0.4954 0.2803 0.1685 0.1374 0.2816 0.5037 0.3935 0.2174 0.1464 0.1510 0.4149 0.5090 0.3043 0.1791 0.1374 0.2162 0.4832 0.4467 0.2474 0.1574 0.1398 0.3314 0.5109 0.3711 0.2094 0.1512
0.2147 0.3776 0.5095 0.3220 0.1392 0.1588 0.2509 0.4521 0.4805 0.2105 0.1376 0.1800 0.3057 0.5092 0.4149 0.1512 0.1461 0.2163 0.3903 0.5049 0.2880 0.1376 0.1671 0.2765 0.4915 0.4450 0.1618 0.1425 0.2051 0.3680 0.5102 0.3172 0.1385 0.1626 0.2653 0.4791 0.4575 0.1703 0.1408 0.1986 0.3533 0.5128 0.3394 0.1398 0.1589 0.2552 0.4647 0.4692 0.1857 0.1371 0.1562 0.1371 0.1857 0.4692 0.4647 0.2552 0.1589 0.1398 0.3394 0.5128 0.3533 0.1986 0.1408 0.1703 0.4575 0.4791 0.2653 0.1626 0.1385 0.3172 0.5102 0.3680 0.2051 0.1425 0.1618 0.4450 0.4915 0.2765 0.1671 0.1376 0.2880 0.5049 0.3903 0.2163 0.1461 0.1512 0.4149 0.5092 0.3057 0.1800 0.1376 0.2105 0.4805 0.4521 0.2509 0.1588 0.1392 0.3220 0.5095 0.3776 0.2147
0.3802 0.5080 0.3125 0.1387 0.1603 0.2548 0.4582 0.4771 0.2036 0.1377 0.1813 0.3083 0.5100 0.4131 0.1510 0.1461 0.2159 0.3887 0.5056 0.2926 0.1377 0.1660 0.2733 0.4879 0.4494 0.1646 0.1418 0.2024 0.3618 0.5114 0.3267 0.1390 0.1610 0.2611 0.4735 0.4623 0.1748 0.1401 0.1960 0.3473 0.5135 0.3483 0.1404 0.1575 0.2512 0.4586 0.4730 0.1895 0.1384 0.1824 0.2485 0.1824 0.1384 0.1895 0.4730 0.4586 0.2512 0.1575 0.1404 0.3483 0.5135 0.3473 0.1960 0.1401 0.1748 0.4623 0.4735 0.2611 0.1610 0.1390 0.3267 0.5114 0.3618 0.2024 0.1418 0.1646 0.4494 0.4879 0.2733 0.1660 0.1377 0.2926 0.5056 0.3887 0.2159 0.1461 0.1510 0.4131 0.5100 0.3083 0.1813 0.1377 0.2036 0.4771 0.4582 0.2548 0.1603 0.1387 0.3125 0.5080 0.3802
0.5064 0.3027 0.1383 0.1618 0.2589 0.4644 0.4732 0.1963 0.1380 0.1831 0.3120 0.5110 0.4098 0.1503 0.1464 0.2163 0.3887 0.5058 0.2950 0.1378 0.1652 0.2709 0.4847 0.4531 0.1674 0.1412 0.2000 0.3561 0.5124 0.3357 0.1395 0.1595 0.2569 0.4675 0.4668 0.1800 0.1395 0.1935 0.3413 0.5140 0.3569 0.1412 0.1561 0.2473 0.4523 0.4770 0.1961 0.1383 0.1860 0.3131 0.4531 0.3131 0.1860 0.1383 0.1961 0.4770 0.4523 0.2473 0.1561 0.1412 0.3569 0.5140 0.3413 0.1935 0.1395 0.1800 0.4668 0.4675 0.2569 0.1595 0.1395 0.3357 0.5124 0.3561 0.2000 0.1412 0.1674 0.4531 0.4847 0.2709 0.1652 0.1378 0.2950 0.5058 0.3887 0.2163 0.1464 0.1503 0.4098 0.5110 0.3120 0.1831 0.1380 0.1963 0.4732 0.4644 0.2589 0.1618 0.1383 0.3027 0.5064
0.2975 0.1379 0.1634 0.2631 0.4705 0.4690 0.1892 0.1384 0.1851 0.3166 0.5120 0.4050 0.1493 0.1468 0.2174 0.3903 0.5056 0.2950 0.1378 0.1648 0.2694 0.4825 0.4558 0.1698 0.1407 0.1980 0.3512 0.5131 0.3439 0.1401 0.1581 0.2529 0.4614 0.4711 0.1859 0.1390 0.1910 0.3356 0.5142 0.3653 0.1420 0.1547 0.2435 0.4458 0.4808 0.2038 0.1380 0.1849 0.3189 0.5101 0.4786 0.5101 0.3189 0.1849 0.1380 0.2038 0.4808 0.4458 0.2435 0.1547 0.1420 0.3653 0.5142 0.3356 0.1910 0.1390 0.1859 0.4711 0.4614 0.2529 0.1581 0.1401 0.3439 0.5131 0.3512 0.1980 0.1407 0.1698 0.4558 0.4825 0.2694 0.1648 0.1378 0.2950 0.5056 0.3903 0.2174 0.1468 0.1493 0.4050 0.5120 0.3166 0.1851 0.1384 0.1892 0.4690 0.4705 0.2631 0.1634 0.1379 0.2975
0.1459 0.1651 0.2674 0.4763 0.4646 0.1828 0.1388 0.1874 0.3217 0.5130 0.3991 0.1482 0.1475 0.2193 0.3935 0.5049 0.2926 0.1378 0.1648 0.2689 0.4812 0.4574 0.1717 0.1404 0.1965 0.3471 0.5136 0.3509 0.1407 0.1568 0.2493 0.4553 0.4752 0.1927 0.1386 0.1886 0.3299 0.5142 0.3734 0.1429 0.1534 0.2398 0.4391 0.4843 0.2123 0.1377 0.1829 0.3158 0.5122 0.4110 0.2127 0.4110 0.5122 0.3158 0.1829 0.1377 0.2123 0.4843 0.4391 0.2398 0.1534 0.1429 0.3734 0.5142 0.3299 0.1886 0.1386 0.1927 0.4752 0.4553 0.2493 0.1568 0.1407 0.3509 0.5136 0.3471 0.1965 0.1404 0.1717 0.4574 0.4812 0.2689 0.1648 0.1378 0.2926 0.5049 0.3935 0.2193 0.1475 0.1482 0.3991 0.5130 0.3217 0.1874 0.1388 0.1828 0.4646 0.4763 0.2674 0.1651 0.1459
0.1715 0.2718 0.4818 0.4599 0.1772 0.1393 0.1898 0.3272 0.5137 0.3923 0.1469 0.1484 0.2217 0.3979 0.5037 0.2880 0.1377 0.1652 0.2694 0.4812 0.4579 0.1727 0.1402 0.1953 0.3440 0.5139 0.3567 0.1413 0.1557 0.2460 0.4495 0.4788 0.1999 0.1382 0.1863 0.3243 0.5139 0.3813 0.1439 0.1522 0.2362 0.4324 0.4877 0.2214 0.1375 0.1807 0.3110 0.5117 0.4033 0.1503 0.1356 0.1503 0.4033 0.5117 0.3110 0.1807 0.1375 0.2214 0.4877 0.4324 0.2362 0.1522 0.1439 0.3813 0.5139 0.3243 0.1863 0.1382 0.1999 0.4788 0.4495 0.2460 0.1557 0.1413 0.3567 0.5139 0.3440 0.1953 0.1402 0.1727 0.4579 0.4812 0.2694 0.1652 0.1377 0.2880 0.5037 0.3979 0.2217 0.1484 0.1469 0.3923 0.5137 0.3272 0.1898 0.1393 0.1772 0.4599 0.4818 0.2718 0.1715
0.2760 0.4870 0.4549 0.1724 0.1398 0.1923 0.3329 0.5141 0.3848 0.1456 0.1494 0.2245 0.4033 0.5021 0.2816 0.1376 0.1660 0.2709 0.4825 0.4574 0.1727 0.1401 0.1948 0.3421 0.5141 0.3611 0.1418 0.1548 0.2432 0.4444 0.4819 0.2070 0.1379 0.1841 0.3191 0.5134 0.3889 0.1451 0.1510 0.2327 0.4257 0.4909 0.2307 0.1373 0.1786 0.3059 0.5104 0.4073 0.1490 0.1445 0.1756 0.1445 0.1490 0.4073 0.5104 0.3059 0.1786 0.1373 0.2307 0.4909 0.4257 0.2327 0.1510 0.1451 0.3889 0.5134 0.3191 0.1841 0.1379 0.2070 0.4819 0.4444 0.2432 0.1548 0.1418 0.3611 0.5141 0.3421 0.1948 0.1401 0.1727 0.4574 0.4825 0.2709 0.1660 0.1376 0.2816 0.5021 0.4033 0.2245 0.1494 0.1456 0.3848 0.5141 0.3329 0.1923 0.1398 0.1724 0.4549 0.4870 0.2760
0.4874 0.4498 0.1682 0.1405 0.1948 0.3387 0.5143 0.3770 0.1444 0.1505 0.2278 0.4095 0.5001 0.2735 0.1374 0.1671 0.2733 0.4847 0.4558 0.1717 0.1402 0.1948 0.3414 0.5142 0.3638 0.1421 0.1542 0.2410 0.4400 0.4845 0.2137 0.1376 0.1822 0.3142 0.5125 0.3959 0.1463 0.1499 0.2293 0.4190 0.4938 0.2404 0.1372 0.1766 0.3008 0.5086 0.4135 0.1501 0.1465 0.2116 0.2992 0.2116 0.1465 0.1501 0.4135 0.5086 0.3008 0.1766 0.1372 0.2404 0.4938 0.4190 0.2293 0.1499 0.1463 0.3959 0.5125 0.3142 0.1822 0.1376 0.2137 0.4845 0.4400 0.2410 0.1542 0.1421 0.3638 0.5142 0.3414 0.1948 0.1402 0.1717 0.4558 0.4847 0.2733 0.1671 0.1374 0.2735 0.5001 0.4095 0.2278 0.1505 0.1444 0.3770 0.5143 0.3387 0.1948 0.1405 0.1682 0.4498 0.4874
0.4466 0.1645 0.1412 0.1974 0.3446 0.5141 0.3690 0.1434 0.1517 0.2312 0.4161 0.4977 0.2643 0.1373 0.1685 0.2765 0.4879 0.4531 0.1698 0.1404 0.1953 0.3421 0.5142 0.3647 0.1423 0.1537 0.2395 0.4366 0.4865 0.2197 0.1375 0.1805 0.3099 0.5115 0.4023 0.1476 0.1488 0.2260 0.4125 0.4965 0.2502 0.1371 0.1746 0.2959 0.5063 0.4199 0.1518 0.1461 0.2160 0.3789 0.5056 0.3789 0.2160 0.1461 0.1518 0.4199 0.5063 0.2959 0.1746 0.1371 0.2502 0.4965 0.4125 0.2260 0.1488 0.1476 0.4023 0.5115 0.3099 0.1805 0.1375 0.2197 0.4865 0.4366 0.2395 0.1537 0.1423 0.3647 0.5142 0.3421 0.1953 0.1404 0.1698 0.4531 0.4879 0.2765 0.1685 0.1373 0.2643 0.4977 0.4161 0.2312 0.1517 0.1434 0.3690 0.5141 0.3446 0.1974 0.1412 0.1645 0.4466
0.1693 0.1419 0.2001 0.3506 0.5138 0.3606 0.1424 0.1529 0.2347 0.4229 0.4950 0.2544 0.1372 0.1701 0.2803 0.4915 0.4494 0.1674 0.1407 0.1965 0.3440 0.5141 0.3638 0.1423 0.1536 0.2387 0.4344 0.4878 0.2243 0.1374 0.1791 0.3062 0.5103 0.4080 0.1488 0.1479 0.2230 0.4062 0.4990 0.2598 0.1371 0.1727 0.2912 0.5036 0.4260 0.1537 0.1453 0.2144 0.3856 0.5079 0.4251 0.5079 0.3856 0.2144 0.1453 0.1537 0.4260 0.5036 0.2912 0.1727 0.1371 0.2598 0.4990 0.4062 0.2230 0.1479 0.1488 0.4080 0.5103 0.3062 0.1791 0.1374 0.2243 0.4878 0.4344 0.2387 0.1536 0.1423 0.3638 0.5141 0.3440 0.1965 0.1407 0.1674 0.4494 0.4915 0.2803 0.1701 0.1372 0.2544 0.4950 0.4229 0.2347 0.1529 0.1424 0.3606 0.5138 0.3506 0.2001 0.1419 0.1693
0.1495 0.2028 0.3567 0.5131 0.3520 0.1415 0.1542 0.2383 0.4297 0.4921 0.2443 0.1371 0.1719 0.2846 0.4954 0.4450 0.1646 0.1412 0.1980 0.3471 0.5139 0.3611 0.1421 0.1537 0.2387 0.4337 0.4885 0.2273 0.1373 0.1781 0.3033 0.5091 0.4127 0.1500 0.1471 0.2202 0.4002 0.5012 0.2692 0.1372 0.1709 0.2866 0.5006 0.4319 0.1557 0.1444 0.2117 0.3819 0.5073 0.3210 0.1533 0.3210 0.5073 0.3819 0.2117 0.1444 0.1557 0.4319 0.5006 0.2866 0.1709 0.1372 0.2692 0.5012 0.4002 0.2202 0.1471 0.1500 0.4127 0.5091 0.3033 0.1781 0.1373 0.2273 0.4885 0.4337 0.2387 0.1537 0.1421 0.3611 0.5139 0.3471 0.1980 0.1412 0.1646 0.4450 0.4954 0.2846 0.1719 0.1371 0.2443 0.4921 0.4297 0.2383 0.1542 0.1415 0.3520 0.5131 0.3567 0.2028 0.1495
0.2083 0.3629 0.5123 0.3432 0.1407 0.1555 0.2420 0.4365 0.4890 0.2345 0.1371 0.1738 0.2893 0.4991 0.4398 0.1618 0.1418 0.2000 0.3512 0.5136 0.3567 0.1418 0.1542 0.2395 0.4344 0.4885 0.2284 0.1373 0.1774 0.3013 0.5081 0.4163 0.1511 0.1464 0.2179 0.3949 0.5031 0.2781 0.1373 0.1692 0.2822 0.4971 0.4374 0.1580 0.1436 0.2089 0.3762 0.5084 0.3099 0.1382 0.1414 0.1382 0.3099 0.5084 0.3762 0.2089 0.1436 0.1580 0.4374 0.4971 0.2822 0.1692 0.1373 0.2781 0.5031 0.3949 0.2179 0.1464 0.1511 0.4163 0.5081 0.3013 0.1774 0.1373 0.2284 0.4885 0.4344 0.2395 0.1542 0.1418 0.3567 0.5136 0.3512 0.2000 0.1418 0.1618 0.4398 0.4991 0.2893 0.1738 0.1371 0.2345 0.4890 0.4365 0.2420 0.1555 0.1407 0.3432 0.5123 0.3629 0.2083
0.3658 0.5113 0.3341 0.1400 0.1569 0.2458 0.4432 0.4856 0.2248 0.1372 0.1758 0.2942 0.5025 0.4342 0.1591 0.1425 0.2024 0.3561 0.5131 0.3509 0.1413 0.1548 0.2410 0.4366 0.4878 0.2273 0.1373 0.1772 0.3002 0.5075 0.4190 0.1520 0.1459 0.2159 0.3904 0.5046 0.2860 0.1375 0.1676 0.2780 0.4932 0.4428 0.1606 0.1428 0.2062 0.3702 0.5098 0.3154 0.1384 0.1577 0.2028 0.1577 0.1384 0.3154 0.5098 0.3702 0.2062 0.1428 0.1606 0.4428 0.4932 0.2780 0.1676 0.1375 0.2860 0.5046 0.3904 0.2159 0.1459 0.1520 0.4190 0.5075 0.3002 0.1772 0.1373 0.2273 0.4878 0.4366 0.2410 0.1548 0.1413 0.3509 0.5131 0.3561 0.2024 0.1425 0.1591 0.4342 0.5025 0.2942 0.1758 0.1372 0.2248 0.4856 0.4432 0.2458 0.1569 0.1400 0.3341 0.5113 0.3658
0.5098 0.3248 0.1394 0.1583 0.2497 0.4498 0.4821 0.2156 0.1374 0.1779 0.2991 0.5054 0.4282 0.1566 0.1433 0.2051 0.3618 0.5124 0.3439 0.1407 0.1557 0.2432 0.4400 0.4865 0.2243 0.1373 0.1774 0.3002 0.5072 0.4203 0.1526 0.1455 0.2145 0.3868 0.5058 0.2928 0.1377 0.1663 0.2744 0.4893 0.4477 0.1634 0.1421 0.2035 0.3642 0.5110 0.3237 0.1388 0.1604 0.2506 0.3636 0.2506 0.1604 0.1388 0.3237 0.5110 0.3642 0.2035 0.1421 0.1634 0.4477 0.4893 0.2744 0.1663 0.1377 0.2928 0.5058 0.3868 0.2145 0.1455 0.1526 0.4203 0.5072 0.3002 0.1774 0.1373 0.2243 0.4865 0.4400 0.2432 0.1557 0.1407 0.3439 0.5124 0.3618 0.2051 0.1433 0.1566 0.4282 0.5054 0.2991 0.1779 0.1374 0.2156 0.4821 0.4498 0.2497 0.1583 0.1394 0.3248 0.5098
0.3196 0.1389 0.1598 0.2537 0.4563 0.4784 0.2068 0.1376 0.1800 0.3042 0.5079 0.4219 0.1543 0.1441 0.2079 0.3680 0.5114 0.3357 0.1401 0.1568 0.2460 0.4444 0.4845 0.2197 0.1374 0.1781 0.3013 0.5075 0.4203 0.1528 0.1453 0.2136 0.3842 0.5067 0.2982 0.1379 0.1651 0.2712 0.4855 0.4519 0.1664 0.1414 0.2010 0.3585 0.5120 0.3323 0.1393 0.1598 0.2558 0.4529 0.5099 0.4529 0.2558 0.1598 0.1393 0.3323 0.5120 0.3585 0.2010 0.1414 0.1664 0.4519 0.4855 0.2712 0.1651 0.1379 0.2982 0.5067 0.3842 0.2136 0.1453 0.1528 0.4203 0.5075 0.3013 0.1781 0.1374 0.2197 0.4845 0.4444 0.2460 0.1568 0.1401 0.3357 0.5114 0.3680 0.2079 0.1441 0.1543 0.4219 0.5079 0.3042 0.1800 0.1376 0.2068 0.4784 0.4563 0.2537 0.1598 0.1389 0.3196
0.1468 0.1614 0.2577 0.4626 0.4744 0.1987 0.1379 0.1822 0.3094 0.5099 0.4154 0.1523 0.1450 0.2109 0.3744 0.5102 0.3267 0.1395 0.1581 0.2493 0.4495 0.4819 0.2137 0.1375 0.1791 0.3033 0.5081 0.4190 0.1526 0.1453 0.2132 0.3829 0.5072 0.3021 0.1380 0.1642 0.2685 0.4821 0.4555 0.1693 0.1409 0.1987 0.3531 0.5129 0.3406 0.1399 0.1586 0.2538 0.4599 0.4792 0.3423 0.4792 0.4599 0.2538 0.1586 0.1399 0.3406 0.5129 0.3531 0.1987 0.1409 0.1693 0.4555 0.4821 0.2685 0.1642 0.1380 0.3021 0.5072 0.3829 0.2132 0.1453 0.1526 0.4190 0.5081 0.3033 0.1791 0.1375 0.2137 0.4819 0.4495 0.2493 0.1581 0.1395 0.3267 0.5102 0.3744 0.2109 0.1450 0.1523 0.4154 0.5099 0.3094 0.1822 0.1379 0.1987 0.4744 0.4626 0.2577 0.1614 0.1468
0.1679 0.2619 0.4687 0.4703 0.1912 0.1382 0.1844 0.3147 0.5115 0.4087 0.1505 0.1460 0.2139 0.3808 0.5087 0.3172 0.1390 0.1595 0.2529 0.4553 0.4788 0.2070 0.1376 0.1805 0.3062 0.5091 0.4163 0.1520 0.1455 0.2136 0.3829 0.5074 0.3041 0.1381 0.1636 0.2665 0.4792 0.4585 0.1721 0.1404 0.1967 0.3482 0.5135 0.3484 0.1405 0.1573 0.2505 0.4566 0.4759 0.2114 0.1379 0.2114 0.4759 0.4566 0.2505 0.1573 0.1405 0.3484 0.5135 0.3482 0.1967 0.1404 0.1721 0.4585 0.4792 0.2665 0.1636 0.1381 0.3041 0.5074 0.3829 0.2136 0.1455 0.1520 0.4163 0.5091 0.3062 0.1805 0.1376 0.2070 0.4788 0.4553 0.2529 0.1595 0.1390 0.3172 0.5087 0.3808 0.2139 0.1460 0.1505 0.4087 0.5115 0.3147 0.1844 0.1382 0.1912 0.4703 0.4687 0.2619 0.1679
0.2663 0.4747 0.4659 0.1846 0.1387 0.1867 0.3201 0.5127 0.4017 0.1488 0.1469 0.2170 0.3874 0.5071 0.3075 0.1385 0.1610 0.2569 0.4614 0.4752 0.1999 0.1379 0.1822 0.3099 0.5103 0.4127 0.1511 0.1459 0.2145 0.3842 0.5072 0.3041 0.1382 0.1633 0.2653 0.4771 0.4607 0.1745 0.1400 0.1950 0.3440 0.5139 0.3554 0.1411 0.1561 0.2471 0.4514 0.4780 0.2014 0.1365 0.1531 0.1365 0.2014 0.4780 0.4514 0.2471 0.1561 0.1411 0.3554 0.5139 0.3440 0.1950 0.1400 0.1745 0.4607 0.4771 0.2653 0.1633 0.1382 0.3041 0.5072 0.3842 0.2145 0.1459 0.1511 0.4127 0.5103 0.3099 0.1822 0.1379 0.1999 0.4752 0.4614 0.2569 0.1610 0.1385 0.3075 0.5071 0.3874 0.2170 0.1469 0.1488 0.4017 0.5127 0.3201 0.1867 0.1387 0.1846 0.4659 0.4747 0.2663
0.4755 0.4613 0.1788 0.1391 0.1891 0.3256 0.5135 0.3945 0.1473 0.1480 0.2202 0.3940 0.5052 0.2976 0.1381 0.1626 0.2611 0.4675 0.4711 0.1927 0.1382 0.1841 0.3142 0.5115 0.4080 0.1500 0.1464 0.2159 0.3868 0.5067 0.3021 0.1381 0.1633 0.2648 0.4759 0.4621 0.1764 0.1398 0.1937 0.3405 0.5141 0.3613 0.1417 0.1550 0.2440 0.4459 0.4810 0.2054 0.1376 0.1776 0.2399 0.1776 0.1376 0.2054 0.4810 0.4459 0.2440 0.1550 0.1417 0.3613 0.5141 0.3405 0.1937 0.1398 0.1764 0.4621 0.4759 0.2648 0.1633 0.1381 0.3021 0.5067 0.3868 0.2159 0.1464 0.1500 0.4080 0.5115 0.3142 0.1841 0.1382 0.1927 0.4711 0.4675 0.2611 0.1626 0.1381 0.2976 0.5052 0.3940 0.2202 0.1480 0.1473 0.3945 0.5135 0.3256 0.1891 0.1391 0.1788 0.4613 0.4755
0.4584 0.1737 0.1397 0.1916 0.3312 0.5140 0.3870 0.1460 0.1490 0.2235 0.4007 0.5032 0.2877 0.1378 0.1643 0.2653 0.4735 0.4668 0.1859 0.1386 0.1863 0.3191 0.5125 0.4023 0.1488 0.1471 0.2179 0.3904 0.5058 0.2982 0.1380 0.1636 0.2653 0.4759 0.4626 0.1774 0.1396 0.1928 0.3380 0.5142 0.3661 0.1423 0.1541 0.2412 0.4408 0.4838 0.2119 0.1376 0.1813 0.3019 0.4390 0.3019 0.1813 0.1376 0.2119 0.4838 0.4408 0.2412 0.1541 0.1423 0.3661 0.5142 0.3380 0.1928 0.1396 0.1774 0.4626 0.4759 0.2653 0.1636 0.1380 0.2982 0.5058 0.3904 0.2179 0.1471 0.1488 0.4023 0.5125 0.3191 0.1863 0.1386 0.1859 0.4668 0.4735 0.2653 0.1643 0.1378 0.2877 0.5032 0.4007 0.2235 0.1490 0.1460 0.3870 0.5140 0.3312 0.1916 0.1397 0.1737 0.4584
0.1770 0.1403 0.1941 0.3370 0.5143 0.3793 0.1448 0.1502 0.2268 0.4075 0.5009 0.2776 0.1375 0.1659 0.2696 0.4791 0.4623 0.1800 0.1390 0.1886 0.3243 0.5134 0.3959 0.1476 0.1479 0.2202 0.3949 0.5046 0.2928 0.1379 0.1642 0.2665 0.4771 0.4621 0.1774 0.1395 0.1923 0.3363 0.5143 0.3697 0.1427 0.1534 0.2389 0.4363 0.4863 0.2187 0.1375 0.1806 0.3083 0.5063 0.4857 0.5063 0.3083 0.1806 0.1375 0.2187 0.4863 0.4363 0.2389 0.1534 0.1427 0.3697 0.5143 0.3363 0.1923 0.1395 0.1774 0.4621 0.4771 0.2665 0.1642 0.1379 0.2928 0.5046 0.3949 0.2202 0.1479 0.1476 0.3959 0.5134 0.3243 0.1886 0.1390 0.1800 0.4623 0.4791 0.2696 0.1659 0.1375 0.2776 0.5009 0.4075 0.2268 0.1502 0.1448 0.3793 0.5143 0.3370 0.1941 0.1403 0.1770
0.1481 0.1967 0.3429 0.5142 0.3713 0.1437 0.1513 0.2302 0.4142 0.4984 0.2674 0.1373 0.1677 0.2740 0.4844 0.4575 0.1748 0.1395 0.1910 0.3299 0.5139 0.3889 0.1463 0.1488 0.2230 0.4002 0.5031 0.2860 0.1377 0.1651 0.2685 0.4792 0.4607 0.1764 0.1396 0.1923 0.3357 0.5143 0.3720 0.1431 0.1528 0.2371 0.4324 0.4884 0.2249 0.1374 0.1793 0.3063 0.5095 0.4236 0.2316 0.4236 0.5095 0.3063 0.1793 0.1374 0.2249 0.4884 0.4324 0.2371 0.1528 0.1431 0.3720 0.5143 0.3357 0.1923 0.1396 0.1764 0.4607 0.4792 0.2685 0.1651 0.1377 0.2860 0.5031 0.4002 0.2230 0.1488 0.1463 0.3889 0.5139 0.3299 0.1910 0.1395 0.1748 0.4575 0.4844 0.2740 0.1677 0.1373 0.2674 0.4984 0.4142 0.2302 0.1513 0.1437 0.3713 0.5142 0.3429 0.1967 0.1481
0.2023 0.3489 0.5139 0.3630 0.1427 0.1526 0.2337 0.4210 0.4958 0.2572 0.1372 0.1695 0.2785 0.4894 0.4524 0.1703 0.1401 0.1935 0.3356 0.5142 0.3813 0.1451 0.1499 0.2260 0.4062 0.5012 0.2781 0.1375 0.1663 0.2712 0.4821 0.4585 0.1745 0.1398 0.1928 0.3363 0.5143 0.3728 0.1433 0.1525 0.2358 0.4295 0.4900 0.2303 0.1373 0.1779 0.3032 0.5090 0.4154 0.1540 0.1353 0.1540 0.4154 0.5090 0.3032 0.1779 0.1373 0.2303 0.4900 0.4295 0.2358 0.1525 0.1433 0.3728 0.5143 0.3363 0.1928 0.1398 0.1745 0.4585 0.4821 0.2712 0.1663 0.1375 0.2781 0.5012 0.4062 0.2260 0.1499 0.1451 0.3813 0.5142 0.3356 0.1935 0.1401 0.1703 0.4524 0.4894 0.2785 0.1695 0.1372 0.2572 0.4958 0.4210 0.2337 0.1526 0.1427 0.3630 0.5139 0.3489 0.2023
0.3519 0.5134 0.3545 0.1418 0.1538 0.2373 0.4278 0.4929 0.2472 0.1371 0.1713 0.2831 0.4939 0.4472 0.1664 0.1408 0.1960 0.3413 0.5142 0.3734 0.1439 0.1510 0.2293 0.4125 0.4990 0.2692 0.1373 0.1676 0.2744 0.4855 0.4555 0.1721 0.1400 0.1937 0.3380 0.5143 0.3720 0.1433 0.1524 0.2351 0.4277 0.4911 0.2345 0.1372 0.1768 0.3003 0.5079 0.4172 0.1518 0.1430 0.1720 0.1430 0.1518 0.4172 0.5079 0.3003 0.1768 0.1372 0.2345 0.4911 0.4277 0.2351 0.1524 0.1433 0.3720 0.5143 0.3380 0.1937 0.1400 0.1721 0.4555 0.4855 0.2744 0.1676 0.1373 0.2692 0.4990 0.4125 0.2293 0.1510 0.1439 0.3734 0.5142 0.3413 0.1960 0.1408 0.1664 0.4472 0.4939 0.2831 0.1713 0.1371 0.2472 0.4929 0.4278 0.2373 0.1538 0.1418 0.3545 0.5134 0.3519
0.5121 0.3457 0.1409 0.1551 0.2410 0.4346 0.4899 0.2372 0.1371 0.1733 0.2878 0.4979 0.4417 0.1630 0.1415 0.1986 0.3473 0.5140 0.3653 0.1429 0.1522 0.2327 0.4190 0.4965 0.2598 0.1372 0.1692 0.2780 0.4893 0.4519 0.1693 0.1404 0.1950 0.3405 0.5142 0.3697 0.1431 0.1525 0.2351 0.4270 0.4917 0.2371 0.1372 0.1759 0.2978 0.5067 0.4205 0.1524 0.1451 0.2069 0.2909 0.2069 0.1451 0.1524 0.4205 0.5067 0.2978 0.1759 0.1372 0.2371 0.4917 0.4270 0.2351 0.1525 0.1431 0.3697 0.5142 0.3405 0.1950 0.1404 0.1693 0.4519 0.4893 0.2780 0.1692 0.1372 0.2598 0.4965 0.4190 0.2327 0.1522 0.1429 0.3653 0.5140 0.3473 0.1986 0.1415 0.1630 0.4417 0.4979 0.2878 0.1733 0.1371 0.2372 0.4899 0.4346 0.2410 0.1551 0.1409 0.3457 0.5121
0.3407 0.1402 0.1565 0.2448 0.4413 0.4866 0.2275 0.1372 0.1752 0.2926 0.5015 0.4360 0.1600 0.1422 0.2013 0.3533 0.5135 0.3569 0.1420 0.1534 0.2362 0.4257 0.4938 0.2502 0.1371 0.1709 0.2822 0.4932 0.4477 0.1664 0.1409 0.1967 0.3440 0.5141 0.3661 0.1427 0.1528 0.2358 0.4277 0.4917 0.2380 0.1372 0.1754 0.2961 0.5056 0.4234 0.1533 0.1451 0.2122 0.3700 0.5017 0.3700 0.2122 0.1451 0.1533 0.4234 0.5056 0.2961 0.1754 0.1372 0.2380 0.4917 0.4277 0.2358 0.1528 0.1427 0.3661 0.5141 0.3440 0.1967 0.1409 0.1664 0.4477 0.4932 0.2822 0.1709 0.1371 0.2502 0.4938 0.4257 0.2362 0.1534 0.1420 0.3569 0.5135 0.3533 0.2013 0.1422 0.1600 0.4360 0.5015 0.2926 0.1752 0.1372 0.2275 0.4866 0.4413 0.2448 0.1565 0.1402 0.3407
0.1480 0.1579 0.2486 0.4479 0.4831 0.2182 0.1373 0.1773 0.2976 0.5045 0.4301 0.1574 0.1430 0.2041 0.3594 0.5128 0.3483 0.1412 0.1547 0.2398 0.4324 0.4909 0.2404 0.1371 0.1727 0.2866 0.4971 0.4428 0.1634 0.1414 0.1987 0.3482 0.5139 0.3613 0.1423 0.1534 0.2371 0.4295 0.4911 0.2371 0.1372 0.1752 0.2952 0.5049 0.4255 0.1541 0.1448 0.2121 0.3791 0.5096 0.4326 0.5096 0.3791 0.2121 0.1448 0.1541 0.4255 0.5049 0.2952 0.1752 0.1372 0.2371 0.4911 0.4295 0.2371 0.1534 0.1423 0.3613 0.5139 0.3482 0.1987 0.1414 0.1634 0.4428 0.4971 0.2866 0.1727 0.1371 0.2404 0.4909 0.4324 0.2398 0.1547 0.1412 0.3483 0.5128 0.3594 0.2041 0.1430 0.1574 0.4301 0.5045 0.2976 0.1773 0.1373 0.2182 0.4831 0.4479 0.2486 0.1579 0.1480
0.1646 0.2526 0.4545 0.4795 0.2094 0.1375 0.1793 0.3026 0.5071 0.4240 0.1551 0.1438 0.2069 0.3656 0.5119 0.3394 0.1404 0.1561 0.2435 0.4391 0.4877 0.2307 0.1372 0.1746 0.2912 0.5006 0.4374 0.1606 0.1421 0.2010 0.3531 0.5135 0.3554 0.1417 0.1541 0.2389 0.4324 0.4900 0.2345 0.1372 0.1754 0.2952 0.5046 0.4267 0.1547 0.1445 0.2111 0.3788 0.5085 0.3298 0.1560 0.3298 0.5085 0.3788 0.2111 0.1445 0.1547 0.4267 0.5046 0.2952 0.1754 0.1372 0.2345 0.4900 0.4324 0.2389 0.1541 0.1417 0.3554 0.5135 0.3531 0.2010 0.1421 0.1606 0.4374 0.5006 0.2912 0.1746 0.1372 0.2307 0.4877 0.4391 0.2435 0.1561 0.1404 0.3394 0.5119 0.3656 0.2069 0.1438 0.1551 0.4240 0.5071 0.3026 0.1793 0.1375 0.2094 0.4795 0.4545 0.2526 0.1646
0.2571 0.4608 0.4756 0.2010 0.1378 0.1815 0.3077 0.5093 0.4177 0.1530 0.1447 0.2098 0.3719 0.5107 0.3302 0.1398 0.1575 0.2473 0.4458 0.4843 0.2214 0.1373 0.1766 0.2959 0.5036 0.4319 0.1580 0.1428 0.2035 0.3585 0.5129 0.3484 0.1411 0.1550 0.2412 0.4363 0.4884 0.2303 0.1372 0.1759 0.2961 0.5049 0.4267 0.1549 0.1444 0.2104 0.3773 0.5087 0.3142 0.1386 0.1409 0.1386 0.3142 0.5087 0.3773 0.2104 0.1444 0.1549 0.4267 0.5049 0.2961 0.1759 0.1372 0.2303 0.4884 0.4363 0.2412 0.1550 0.1411 0.3484 0.5129 0.3585 0.2035 0.1428 0.1580 0.4319 0.5036 0.2959 0.1766 0.1373 0.2214 0.4843 0.4458 0.2473 0.1575 0.1398 0.3302 0.5107 0.3719 0.2098 0.1447 0.1530 0.4177 0.5093 0.3077 0.1815 0.1378 0.2010 0.4756 0.4608 0.2571
0.4619 0.4716 0.1934 0.1381 0.1837 0.3129 0.5110 0.4110 0.1511 0.1456 0.2128 0.3784 0.5093 0.3209 0.1392 0.1589 0.2512 0.4523 0.4808 0.2123 0.1375 0.1786 0.3008 0.5063 0.4260 0.1557 0.1436 0.2062 0.3642 0.5120 0.3406 0.1405 0.1561 0.2440 0.4408 0.4863 0.2249 0.1373 0.1768 0.2978 0.5056 0.4255 0.1547 0.1444 0.2102 0.3763 0.5090 0.3135 0.1385 0.1572 0.2015 0.1572 0.1385 0.3135 0.5090 0.3763 0.2102 0.1444 0.1547 0.4255 0.5056 0.2978 0.1768 0.1373 0.2249 0.4863 0.4408 0.2440 0.1561 0.1405 0.3406 0.5120 0.3642 0.2062 0.1436 0.1557 0.4260 0.5063 0.3008 0.1786 0.1375 0.2123 0.4808 0.4523 0.2512 0.1589 0.1392 0.3209 0.5093 0.3784 0.2128 0.1456 0.1511 0.4110 0.5110 0.3129 0.1837 0.1381 0.1934 0.4716 0.4619
0.4690 0.1865 0.1385 0.1860 0.3182 0.5123 0.4043 0.1494 0.1466 0.2158 0.3848 0.5078 0.3114 0.1387 0.1604 0.2552 0.4586 0.4770 0.2038 0.1377 0.1807 0.3059 0.5086 0.4199 0.1537 0.1444 0.2089 0.3702 0.5110 0.3323 0.1399 0.1573 0.2471 0.4459 0.4838 0.2187 0.1374 0.1779 0.3003 0.5067 0.4234 0.1541 0.1445 0.2104 0.3763 0.5091 0.3142 0.1385 0.1608 0.2506 0.3626 0.2506 0.1608 0.1385 0.3142 0.5091 0.3763 0.2104 0.1445 0.1541 0.4234 0.5067 0.3003 0.1779 0.1374 0.2187 0.4838 0.4459 0.2471 0.1573 0.1399 0.3323 0.5110 0.3702 0.2089 0.1444 0.1537 0.4199 0.5086 0.3059 0.1807 0.1377 0.2038 0.4770 0.4586 0.2552 0.1604 0.1387 0.3114 0.5078 0.3848 0.2158 0.1466 0.1494 0.4043 0.5123 0.3182 0.1860 0.1385 0.1865 0.4690
0.1880 0.1390 0.1883 0.3236 0.5132 0.3973 0.1479 0.1475 0.2189 0.3913 0.5060 0.3019 0.1382 0.1619 0.2592 0.4647 0.4730 0.1961 0.1380 0.1829 0.3110 0.5104 0.4135 0.1518 0.1453 0.2117 0.3762 0.5098 0.3237 0.1393 0.1586 0.2505 0.4514 0.4810 0.2119 0.1375 0.1793 0.3032 0.5079 0.4205 0.1533 0.1448 0.2111 0.3773 0.5090 0.3142 0.1386 0.1613 0.2585 0.4551 0.5098 0.4551 0.2585 0.1613 0.1386 0.3142 0.5090 0.3773 0.2111 0.1448 0.1533 0.4205 0.5079 0.3032 0.1793 0.1375 0.2119 0.4810 0.4514 0.2505 0.1586 0.1393 0.3237 0.5098 0.3762 0.2117 0.1453 0.1518 0.4135 0.5104 0.3110 0.1829 0.1380 0.1961 0.4730 0.4647 0.2592 0.1619 0.1382 0.3019 0.5060 0.3913 0.2189 0.1475 0.1479 0.3973 0.5132 0.3236 0.1883 0.1390 0.1880
0.1468 0.1904 0.3286 0.5138 0.3906 0.1466 0.1484 0.2217 0.3973 0.5042 0.2929 0.1379 0.1633 0.2630 0.4702 0.4692 0.1895 0.1383 0.1849 0.3158 0.5117 0.4073 0.1501 0.1461 0.2144 0.3819 0.5084 0.3154 0.1388 0.1598 0.2538 0.4566 0.4780 0.2054 0.1376 0.1806 0.3063 0.5090 0.4172 0.1524 0.1451 0.2121 0.3788 0.5087 0.3135 0.1385 0.1613 0.2595 0.4660 0.4767 0.3377 0.4767 0.4660 0.2595 0.1613 0.1385 0.3135 0.5087 0.3788 0.2121 0.1451 0.1524 0.4172 0.5090 0.3063 0.1806 0.1376 0.2054 0.4780 0.4566 0.2538 0.1598 0.1388 0.3154 0.5084 0.3819 0.2144 0.1461 0.1501 0.4073 0.5117 0.3158 0.1849 0.1383 0.1895 0.4692 0.4702 0.2630 0.1633 0.1379 0.2929 0.5042 0.3973 0.2217 0.1484 0.1466 0.3906 0.5138 0.3286 0.1904 0.1468
0.1949 0.3319 0.5138 0.3863 0.1457 0.1489 0.2235 0.4011 0.5028 0.2870 0.1376 0.1641 0.2653 0.4735 0.4666 0.1857 0.1384 0.1860 0.3189 0.5122 0.4033 0.1490 0.1465 0.2160 0.3856 0.5073 0.3099 0.1384 0.1604 0.2558 0.4599 0.4759 0.2014 0.1376 0.1813 0.3083 0.5095 0.4154 0.1518 0.1451 0.2122 0.3791 0.5085 0.3142 0.1385 0.1608 0.2585 0.4660 0.4713 0.2050 0.1374 0.2050 0.4713 0.4660 0.2585 0.1608 0.1385 0.3142 0.5085 0.3791 0.2122 0.1451 0.1518 0.4154 0.5095 0.3083 0.1813 0.1376 0.2014 0.4759 0.4599 0.2558 0.1604 0.1384 0.3099 0.5073 0.3856 0.2160 0.1465 0.1490 0.4033 0.5122 0.3189 0.1860 0.1384 0.1857 0.4666 0.4735 0.2653 0.1641 0.1376 0.2870 0.5028 0.4011 0.2235 0.1489 0.1457 0.3863 0.5138 0.3319 0.1949
0.3233 0.5125 0.3948 0.1465 0.1467 0.2189 0.3942 0.5039 0.2984 0.1371 0.1612 0.2601 0.4672 0.4703 0.1931 0.1371 0.1824 0.3131 0.5101 0.4110 0.1503 0.1445 0.2116 0.3789 0.5079 0.3210 0.1382 0.1577 0.2506 0.4529 0.4792 0.2114 0.1365 0.1776 0.3019 0.5063 0.4236 0.1540 0.1430 0.2069 0.3700 0.5096 0.3298 0.1386 0.1572 0.2506 0.4551 0.4767 0.2050 0.1354 0.1506 0.1354 0.2050 0.4767 0.4551 0.2506 0.1572 0.1386 0.3298 0.5096 0.3700 0.2069 0.1430 0.1540 0.4236 0.5063 0.3019 0.1776 0.1365 0.2114 0.4792 0.4529 0.2506 0.1577 0.1382 0.3210 0.5079 0.3789 0.2116 0.1445 0.1503 0.4110 0.5101 0.3131 0.1824 0.1371 0.1931 0.4703 0.4672 0.2601 0.1612 0.1371 0.2984 0.5039 0.3942 0.2189 0.1467 0.1465 0.3948 0.5125 0.3233
0.4642 0.4693 0.1931 0.1363 0.1806 0.3115 0.5098 0.4104 0.1484 0.1434 0.2096 0.3785 0.5070 0.3216 0.1366 0.1562 0.2485 0.4531 0.4786 0.2127 0.1356 0.1756 0.2992 0.5056 0.4251 0.1533 0.1414 0.2028 0.3636 0.5099 0.3423 0.1379 0.1531 0.2399 0.4390 0.4857 0.2316 0.1353 0.1720 0.2909 0.5017 0.4326 0.1560 0.1409 0.2015 0.3626 0.5098 0.3377 0.1374 0.1506 0.1890 0.1506 0.1374 0.3377 0.5098 0.3626 0.2015 0.1409 0.1560 0.4326 0.5017 0.2909 0.1720 0.1353 0.2316 0.4857 0.4390 0.2399 0.1531 0.1379 0.3423 0.5099 0.3636 0.2028 0.1414 0.1533 0.4251 0.5056 0.2992 0.1756 0.1356 0.2127 0.4786 0.4531 0.2485 0.1562 0.1366 0.3216 0.5070 0.3785 0.2096 0.1434 0.1484 0.4104 0.5098 0.3115 0.1806 0.1363 0.1931 0.4693 0.4642
0.3233 0.5125 0.3948 0.1465 0.1467 0.2189 0.3942 0.5039 0.2984 0.1371 0.1612 0.2601 0.4672 0.4703 0.1931 0.1371 0.1824 0.3131 0.5101 0.4110 0.1503 0.1445 0.2116 0.3789 0.5079 0.3210 0.1382 0.1577 0.2506 0.4529 0.4792 0.2114 0.1365 0.1776 0.3019 0.5063 0.4236 0.1540 0.1430 0.2069 0.3700 0.5096 0.3298 0.1386 0.1572 0.2506 0.4551 0.4767 0.2050 0.1354 0.1506 0.1354 0.2050 0.4767 0.4551 0.2506 0.1572 0.1386 0.3298 0.5096 0.3700 0.2069 0.1430 0.1540 0.4236 0.5063 0.3019 0.1776 0.1365 0.2114 0.4792 0.4529 0.2506 0.1577 0.1382 0.3210 0.5079 0.3789 0.2116 0.1445 0.1503 0.4110 0.5101 0.3131 0.1824 0.1371 0.1931 0.4703 0.4672 0.2601 0.1612 0.1371 0.2984 0.5039 0.3942 0.2189 0.1467 0.1465 0.3948 0.5125 0.3233
0.1949 0.3319 0.5138 0.3863 0.1457 0.1489 0.2235 0.4011 0.5028 0.2870 0.1376 0.1641 0.2653 0.4735 0.4666 0.1857 0.1384 0.1860 0.3189 0.5122 0.4033 0.1490 0.1465 0.2160 0.3856 0.5073 0.3099 0.1384 0.1604 0.2558 0.4599 0.4759 0.2014 0.1376 0.1813 0.3083 0.5095 0.4154 0.1518 0.1451 0.2122 0.3791 0.5085 0.3142 0.1385 0.1608 0.2585 0.4660 0.4713 0.2050 0.1374 0.2050 0.4713 0.4660 0.2585 0.1608 0.1385 0.3142 0.5085 0.3791 0.2122 0.1451 0.1518 0.4154 0.5095 0.3083 0.1813 0.1376 0.2014 0.4759 0.4599 0.2558 0.1604 0.1384 0.3099 0.5073 0.3856 0.2160 0.1465 0.1490 0.4033 0.5122 0.3189 0.1860 0.1384 0.1857 0.4666 0.4735 0.2653 0.1641 0.1376 0.2870 0.5028 0.4011 0.2235 0.1489 0.1457 0.3863 0.5138 0.3319 0.1949
0.1468 0.1904 0.3286 0.5138 0.3906 0.1466 0.1484 0.2217 0.3973 0.5042 0.2929 0.1379 0.1633 0.2630 0.4702 0.4692 0.1895 0.1383 0.1849 0.3158 0.5117 0.4073 0.1501 0.1461 0.2144 0.3819 0.5084 0.3154 0.1388 0.1598 0.2538 0.4566 0.4780 0.2054 0.1376 0.1806 0.3063 0.5090 0.4172 0.1524 0.1451 0.2121 0.3788 0.5087 0.3135 0.1385 0.1613 0.2595 0.4660 0.4767 0.3377 0.4767 0.4660 0.2595 0.1613 0.1385 0.3135 0.5087 0.3788 0.2121 0.1451 0.1524 0.4172 0.5090 0.3063 0.1806 0.1376 0.2054 0.4780 0.4566 0.2538 0.1598 0.1388 0.3154 0.5084 0.3819 0.2144 0.1461 0.1501 0.4073 0.5117 0.3158 0.1849 0.1383 0.1895 0.4692 0.4702 0.2630 0.1633 0.1379 0.2929 0.5042 0.3973 0.2217 0.1484 0.1466 0.3906 0.5138 0.3286 0.1904 0.1468
0.1880 0.1390 0.1883 0.3236 0.5132 0.3973 0.1479 0.1475 0.2189 0.3913 0.5060 0.3019 0.1382 0.1619 0.2592 0.4647 0.4730 0.1961 0.1380 0.1829 0.3110 0.5104 0.4135 0.1518 0.1453 0.2117 0.3762 0.5098 0.3237 0.1393 0.1586 0.2505 0.4514 0.4810 0.2119 0.1375 0.1793 0.3032 0.5079 0.4205 0.1533 0.1448 0.2111 0.3773 0.5090 0.3142 0.1386 0.1613 0.2585 0.4551 0.5098 0.4551 0.2585 0.1613 0.1386 0.3142 0.5090 0.3773 0.2111 0.1448 0.1533 0.4205 0.5079 0.3032 0.1793 0.1375 0.2119 0.4810 0.4514 0.2505 0.1586 0.1393 0.3237 0.5098 0.3762 0.2117 0.1453 0.1518 0.4135 0.5104 0.3110 0.1829 0.1380 0.1961 0.4730 0.4647 0.2592 0.1619 0.1382 0.3019 0.5060 0.3913 0.2189 0.1475 0.1479 0.3973 0.5132 0.3236 0.1883 0.1390 0.1880
0.4690 0.1865 0.1385 0.1860 0.3182 0.5123 0.4043 0.1494 0.1466 0.2158 0.3848 0.5078 0.3114 0.1387 0.1604 0.2552 0.4586 0.4770 0.2038 0.1377 0.1807 0.3059 0.5086 0.4199 0.1537 0.1444 0.2089 0.3702 0.5110 0.3323 0.1399 0.1573 0.2471 0.4459 0.4838 0.2187 0.1374 0.1779 0.3003 0.5067 0.4234 0.1541 0.1445 0.2104 0.3763 0.5091 0.3142 0.1385 0.1608 0.2506 0.3626 0.2506 0.1608 0.1385 0.3142 0.5091 0.3763 0.2104 0.1445 0.1541 0.4234 0.5067 0.3003 0.1779 0.1374 0.2187 0.4838 0.4459 0.2471 0.1573 0.1399 0.3323 0.5110 0.3702 0.2089 0.1444 0.1537 0.4199 0.5086 0.3059 0.1807 0.1377 0.2038 0.4770 0.4586 0.2552 0.1604 0.1387 0.3114 0.5078 0.3848 0.2158 0.1466 0.1494 0.4043 0.5123 0.3182 0.1860 0.1385 0.1865 0.4690
