-0.2094 0.1758 -0.0331 -0.2417 -0.3238 -0.3647 0.0559 0.2682 -0.1728 -0.2824 -0.3518 -0.2370 0.1620 0.0157 -0.2355 -0.3193 -0.3661 0.0385 0.2603 -0.1624 -0.2771 -0.3488 -0.2737 0.1471 0.0803 -0.2277 -0.3146 -0.3659 0.0185 0.2493 -0.1510 -0.2718 -0.3455 -0.3024 0.1330 0.1475 -0.2198 -0.3099 -0.3644 -0.0058 0.2366 -0.1382 -0.2665 -0.3419 -0.3242 0.1192 0.2030 -0.2114 -0.3041 -0.3658 -0.3244 -0.3658 -0.3041 -0.2114 0.2030 0.1192 -0.3242 -0.3419 -0.2665 -0.1382 0.2366 -0.0058 -0.3644 -0.3099 -0.2198 0.1475 0.1330 -0.3024 -0.3455 -0.2718 -0.1510 0.2493 0.0185 -0.3659 -0.3146 -0.2277 0.0803 0.1471 -0.2737 -0.3488 -0.2771 -0.1624 0.2603 0.0385 -0.3661 -0.3193 -0.2355 0.0157 0.1620 -0.2370 -0.3518 -0.2824 -0.1728 0.2682 0.0559 -0.3647 -0.3238 -0.2417 -0.0331 0.1758 -0.2094
0.1758 -0.0242 -0.2579 -0.3378 -0.3750 0.0549 0.2693 -0.1759 -0.2970 -0.3646 -0.2460 0.1589 0.0439 -0.2498 -0.3333 -0.3767 0.0371 0.2594 -0.1641 -0.2918 -0.3617 -0.2829 0.1445 0.1139 -0.2401 -0.3287 -0.3767 0.0166 0.2471 -0.1513 -0.2866 -0.3586 -0.3118 0.1309 0.1782 -0.2305 -0.3240 -0.3755 -0.0083 0.2336 -0.1368 -0.2814 -0.3552 -0.3336 0.1175 0.2260 -0.2208 -0.3191 -0.3743 -0.0853 0.1152 -0.0853 -0.3743 -0.3191 -0.2208 0.2260 0.1175 -0.3336 -0.3552 -0.2814 -0.1368 0.2336 -0.0083 -0.3755 -0.3240 -0.2305 0.1782 0.1309 -0.3118 -0.3586 -0.2866 -0.1513 0.2471 0.0166 -0.3767 -0.3287 -0.2401 0.1139 0.1445 -0.2829 -0.3617 -0.2918 -0.1641 0.2594 0.0371 -0.3767 -0.3333 -0.2498 0.0439 0.1589 -0.2460 -0.3646 -0.2970 -0.1759 0.2693 0.0549 -0.3750 -0.3378 -0.2579 -0.0242 0.1758
-0.0331 -0.2579 -0.3371 -0.3756 0.0494 0.2660 -0.1714 -0.2949 -0.3634 -0.2628 0.1524 0.0740 -0.2455 -0.3313 -0.3768 0.0286 0.2543 -0.1587 -0.2896 -0.3604 -0.2964 0.1384 0.1437 -0.2359 -0.3267 -0.3762 0.0063 0.2413 -0.1452 -0.2843 -0.3571 -0.3221 0.1249 0.2013 -0.2263 -0.3219 -0.3749 -0.0212 0.2275 -0.1297 -0.2790 -0.3537 -0.3413 0.1116 0.2410 -0.2167 -0.3171 -0.3734 -0.0669 0.1930 0.2445 0.1930 -0.0669 -0.3734 -0.3171 -0.2167 0.2410 0.1116 -0.3413 -0.3537 -0.2790 -0.1297 0.2275 -0.0212 -0.3749 -0.3219 -0.2263 0.2013 0.1249 -0.3221 -0.3571 -0.2843 -0.1452 0.2413 0.0063 -0.3762 -0.3267 -0.2359 0.1437 0.1384 -0.2964 -0.3604 -0.2896 -0.1587 0.2543 0.0286 -0.3768 -0.3313 -0.2455 0.0740 0.1524 -0.2628 -0.3634 -0.2949 -0.1714 0.2660 0.0494 -0.3756 -0.3371 -0.2579 -0.0331
-0.2417 -0.3378 -0.3756 0.0472 0.2638 -0.1679 -0.2931 -0.3623 -0.2771 0.1465 0.1041 -0.2413 -0.3293 -0.3767 0.0194 0.2488 -0.1530 -0.2873 -0.3590 -0.3085 0.1325 0.1709 -0.2317 -0.3246 -0.3757 -0.0049 0.2353 -0.1387 -0.2820 -0.3557 -0.3312 0.1191 0.2208 -0.2221 -0.3199 -0.3743 -0.0355 0.2214 -0.1221 -0.2767 -0.3521 -0.3479 0.1058 0.2529 -0.2125 -0.3149 -0.3726 -0.0777 0.2041 -0.0695 -0.2186 -0.0695 0.2041 -0.0777 -0.3726 -0.3149 -0.2125 0.2529 0.1058 -0.3479 -0.3521 -0.2767 -0.1221 0.2214 -0.0355 -0.3743 -0.3199 -0.2221 0.2208 0.1191 -0.3312 -0.3557 -0.2820 -0.1387 0.2353 -0.0049 -0.3757 -0.3246 -0.2317 0.1709 0.1325 -0.3085 -0.3590 -0.2873 -0.1530 0.2488 0.0194 -0.3767 -0.3293 -0.2413 0.1041 0.1465 -0.2771 -0.3623 -0.2931 -0.1679 0.2638 0.0472 -0.3756 -0.3378 -0.2417
-0.3238 -0.3750 0.0494 0.2638 -0.1666 -0.2921 -0.3615 -0.2876 0.1416 0.1308 -0.2374 -0.3273 -0.3764 0.0095 0.2430 -0.1470 -0.2850 -0.3576 -0.3192 0.1266 0.1949 -0.2275 -0.3226 -0.3751 -0.0173 0.2292 -0.1318 -0.2797 -0.3541 -0.3391 0.1133 0.2368 -0.2180 -0.3178 -0.3736 -0.0514 0.2154 -0.1138 -0.2744 -0.3505 -0.3537 0.1000 0.2618 -0.2083 -0.3128 -0.3718 -0.0958 0.2008 -0.0846 -0.2625 -0.3149 -0.2625 -0.0846 0.2008 -0.0958 -0.3718 -0.3128 -0.2083 0.2618 0.1000 -0.3537 -0.3505 -0.2744 -0.1138 0.2154 -0.0514 -0.3736 -0.3178 -0.2180 0.2368 0.1133 -0.3391 -0.3541 -0.2797 -0.1318 0.2292 -0.0173 -0.3751 -0.3226 -0.2275 0.1949 0.1266 -0.3192 -0.3576 -0.2850 -0.1470 0.2430 0.0095 -0.3764 -0.3273 -0.2374 0.1308 0.1416 -0.2876 -0.3615 -0.2921 -0.1666 0.2638 0.0494 -0.3750 -0.3238
-0.3647 0.0549 0.2660 -0.1679 -0.2921 -0.3611 -0.2932 0.1382 0.1506 -0.2342 -0.3256 -0.3759 -0.0007 0.2373 -0.1408 -0.2827 -0.3561 -0.3286 0.1208 0.2154 -0.2234 -0.3205 -0.3744 -0.0312 0.2232 -0.1244 -0.2774 -0.3525 -0.3461 0.1075 0.2496 -0.2138 -0.3156 -0.3728 -0.0690 0.2095 -0.1048 -0.2720 -0.3488 -0.3586 0.0941 0.2683 -0.2040 -0.3107 -0.3710 -0.1165 0.1955 -0.0775 -0.2652 -0.3435 -0.3834 -0.3435 -0.2652 -0.0775 0.1955 -0.1165 -0.3710 -0.3107 -0.2040 0.2683 0.0941 -0.3586 -0.3488 -0.2720 -0.1048 0.2095 -0.0690 -0.3728 -0.3156 -0.2138 0.2496 0.1075 -0.3461 -0.3525 -0.2774 -0.1244 0.2232 -0.0312 -0.3744 -0.3205 -0.2234 0.2154 0.1208 -0.3286 -0.3561 -0.2827 -0.1408 0.2373 -0.0007 -0.3759 -0.3256 -0.2342 0.1506 0.1382 -0.2932 -0.3611 -0.2921 -0.1679 0.2660 0.0549 -0.3647
0.0559 0.2693 -0.1714 -0.2931 -0.3615 -0.2932 0.1371 0.1610 -0.2320 -0.3243 -0.3755 -0.0104 0.2320 -0.1345 -0.2805 -0.3546 -0.3369 0.1150 0.2325 -0.2192 -0.3184 -0.3738 -0.0466 0.2172 -0.1163 -0.2751 -0.3509 -0.3521 0.1017 0.2594 -0.2095 -0.3135 -0.3721 -0.0883 0.2035 -0.0947 -0.2697 -0.3471 -0.3628 0.0882 0.2725 -0.1997 -0.3085 -0.3701 -0.1383 0.1899 -0.0652 -0.2638 -0.3426 -0.3760 -0.1298 -0.3760 -0.3426 -0.2638 -0.0652 0.1899 -0.1383 -0.3701 -0.3085 -0.1997 0.2725 0.0882 -0.3628 -0.3471 -0.2697 -0.0947 0.2035 -0.0883 -0.3721 -0.3135 -0.2095 0.2594 0.1017 -0.3521 -0.3509 -0.2751 -0.1163 0.2172 -0.0466 -0.3738 -0.3184 -0.2192 0.2325 0.1150 -0.3369 -0.3546 -0.2805 -0.1345 0.2320 -0.0104 -0.3755 -0.3243 -0.2320 0.1610 0.1371 -0.2932 -0.3615 -0.2931 -0.1714 0.2693 0.0559
0.2682 -0.1759 -0.2949 -0.3623 -0.2876 0.1382 0.1610 -0.2312 -0.3235 -0.3752 -0.0183 0.2277 -0.1289 -0.2785 -0.3532 -0.3437 0.1094 0.2460 -0.2150 -0.3163 -0.3731 -0.0637 0.2112 -0.1075 -0.2727 -0.3493 -0.3572 0.0959 0.2666 -0.2053 -0.3113 -0.3712 -0.1091 0.1977 -0.0834 -0.2673 -0.3453 -0.3663 0.0821 0.2748 -0.1953 -0.3063 -0.3692 -0.1605 0.1842 -0.0501 -0.2617 -0.3410 -0.3731 0.0489 0.1782 0.0489 -0.3731 -0.3410 -0.2617 -0.0501 0.1842 -0.1605 -0.3692 -0.3063 -0.1953 0.2748 0.0821 -0.3663 -0.3453 -0.2673 -0.0834 0.1977 -0.1091 -0.3712 -0.3113 -0.2053 0.2666 0.0959 -0.3572 -0.3493 -0.2727 -0.1075 0.2112 -0.0637 -0.3731 -0.3163 -0.2150 0.2460 0.1094 -0.3437 -0.3532 -0.2785 -0.1289 0.2277 -0.0183 -0.3752 -0.3235 -0.2312 0.1610 0.1382 -0.2876 -0.3623 -0.2949 -0.1759 0.2682
-0.1728 -0.2970 -0.3634 -0.2771 0.1416 0.1506 -0.2320 -0.3235 -0.3750 -0.0228 0.2248 -0.1245 -0.2769 -0.3519 -0.3490 0.1043 0.2560 -0.2110 -0.3142 -0.3723 -0.0825 0.2053 -0.0978 -0.2704 -0.3476 -0.3616 0.0899 0.2715 -0.2010 -0.3092 -0.3704 -0.1309 0.1919 -0.0706 -0.2650 -0.3436 -0.3692 0.0759 0.2755 -0.1908 -0.3041 -0.3682 -0.1825 0.1786 -0.0324 -0.2593 -0.3392 -0.3741 0.0563 0.2617 -0.0256 0.2617 0.0563 -0.3741 -0.3392 -0.2593 -0.0324 0.1786 -0.1825 -0.3682 -0.3041 -0.1908 0.2755 0.0759 -0.3692 -0.3436 -0.2650 -0.0706 0.1919 -0.1309 -0.3704 -0.3092 -0.2010 0.2715 0.0899 -0.3616 -0.3476 -0.2704 -0.0978 0.2053 -0.0825 -0.3723 -0.3142 -0.2110 0.2560 0.1043 -0.3490 -0.3519 -0.2769 -0.1245 0.2248 -0.0228 -0.3750 -0.3235 -0.2320 0.1506 0.1416 -0.2771 -0.3634 -0.2970 -0.1728
-0.2824 -0.3646 -0.2628 0.1465 0.1308 -0.2342 -0.3243 -0.3752 -0.0228 0.2238 -0.1221 -0.2759 -0.3510 -0.3528 0.1000 0.2629 -0.2073 -0.3122 -0.3715 -0.1023 0.1995 -0.0869 -0.2680 -0.3458 -0.3653 0.0839 0.2743 -0.1966 -0.3070 -0.3694 -0.1532 0.1861 -0.0559 -0.2626 -0.3418 -0.3715 0.0695 0.2747 -0.1863 -0.3019 -0.3671 -0.2037 0.1727 -0.0119 -0.2569 -0.3373 -0.3752 0.0523 0.2665 -0.1614 -0.2556 -0.1614 0.2665 0.0523 -0.3752 -0.3373 -0.2569 -0.0119 0.1727 -0.2037 -0.3671 -0.3019 -0.1863 0.2747 0.0695 -0.3715 -0.3418 -0.2626 -0.0559 0.1861 -0.1532 -0.3694 -0.3070 -0.1966 0.2743 0.0839 -0.3653 -0.3458 -0.2680 -0.0869 0.1995 -0.1023 -0.3715 -0.3122 -0.2073 0.2629 0.1000 -0.3528 -0.3510 -0.2759 -0.1221 0.2238 -0.0228 -0.3752 -0.3243 -0.2342 0.1308 0.1465 -0.2628 -0.3646 -0.2824
-0.3518 -0.2460 0.1524 0.1041 -0.2374 -0.3256 -0.3755 -0.0183 0.2248 -0.1221 -0.2755 -0.3505 -0.3551 0.0968 0.2670 -0.2042 -0.3105 -0.3708 -0.1216 0.1940 -0.0750 -0.2657 -0.3441 -0.3684 0.0777 0.2754 -0.1921 -0.3048 -0.3684 -0.1755 0.1805 -0.0389 -0.2602 -0.3399 -0.3734 0.0629 0.2728 -0.1816 -0.2997 -0.3660 -0.2238 0.1663 0.0121 -0.2541 -0.3354 -0.3761 0.0456 0.2640 -0.1671 -0.2890 -0.3402 -0.2890 -0.1671 0.2640 0.0456 -0.3761 -0.3354 -0.2541 0.0121 0.1663 -0.2238 -0.3660 -0.2997 -0.1816 0.2728 0.0629 -0.3734 -0.3399 -0.2602 -0.0389 0.1805 -0.1755 -0.3684 -0.3048 -0.1921 0.2754 0.0777 -0.3684 -0.3441 -0.2657 -0.0750 0.1940 -0.1216 -0.3708 -0.3105 -0.2042 0.2670 0.0968 -0.3551 -0.3505 -0.2755 -0.1221 0.2248 -0.0183 -0.3755 -0.3256 -0.2374 0.1041 0.1524 -0.2460 -0.3518
-0.2370 0.1589 0.0740 -0.2413 -0.3273 -0.3759 -0.0104 0.2277 -0.1245 -0.2759 -0.3505 -0.3558 0.0951 0.2692 -0.2019 -0.3091 -0.3701 -0.1388 0.1892 -0.0628 -0.2635 -0.3423 -0.3708 0.0714 0.2751 -0.1876 -0.3026 -0.3674 -0.1971 0.1748 -0.0192 -0.2578 -0.3380 -0.3748 0.0560 0.2698 -0.1768 -0.2975 -0.3648 -0.2426 0.1599 0.0392 -0.2504 -0.3335 -0.3766 0.0379 0.2598 -0.1640 -0.2910 -0.3636 -0.3874 -0.3636 -0.2910 -0.1640 0.2598 0.0379 -0.3766 -0.3335 -0.2504 0.0392 0.1599 -0.2426 -0.3648 -0.2975 -0.1768 0.2698 0.0560 -0.3748 -0.3380 -0.2578 -0.0192 0.1748 -0.1971 -0.3674 -0.3026 -0.1876 0.2751 0.0714 -0.3708 -0.3423 -0.2635 -0.0628 0.1892 -0.1388 -0.3701 -0.3091 -0.2019 0.2692 0.0951 -0.3558 -0.3505 -0.2759 -0.1245 0.2277 -0.0104 -0.3759 -0.3273 -0.2413 0.0740 0.1589 -0.2370
0.1620 0.0439 -0.2455 -0.3293 -0.3764 -0.0007 0.2320 -0.1289 -0.2769 -0.3510 -0.3551 0.0951 0.2699 -0.2007 -0.3082 -0.3696 -0.1522 0.1853 -0.0509 -0.2615 -0.3408 -0.3727 0.0652 0.2735 -0.1830 -0.3004 -0.3663 -0.2178 0.1685 0.0038 -0.2553 -0.3361 -0.3758 0.0487 0.2661 -0.1718 -0.2952 -0.3636 -0.2600 0.1535 0.0688 -0.2462 -0.3316 -0.3768 0.0296 0.2548 -0.1591 -0.2895 -0.3607 -0.3224 0.0320 -0.3224 -0.3607 -0.2895 -0.1591 0.2548 0.0296 -0.3768 -0.3316 -0.2462 0.0688 0.1535 -0.2600 -0.3636 -0.2952 -0.1718 0.2661 0.0487 -0.3758 -0.3361 -0.2553 0.0038 0.1685 -0.2178 -0.3663 -0.3004 -0.1830 0.2735 0.0652 -0.3727 -0.3408 -0.2615 -0.0509 0.1853 -0.1522 -0.3696 -0.3082 -0.2007 0.2699 0.0951 -0.3551 -0.3510 -0.2769 -0.1289 0.2320 -0.0007 -0.3764 -0.3293 -0.2455 0.0439 0.1620
0.0157 -0.2498 -0.3313 -0.3767 0.0095 0.2373 -0.1345 -0.2785 -0.3519 -0.3528 0.0968 0.2692 -0.2007 -0.3080 -0.3694 -0.1608 0.1825 -0.0407 -0.2599 -0.3394 -0.3740 0.0594 0.2712 -0.1785 -0.2982 -0.3652 -0.2370 0.1619 0.0300 -0.2518 -0.3342 -0.3765 0.0410 0.2617 -0.1667 -0.2930 -0.3624 -0.2757 0.1474 0.0994 -0.2420 -0.3296 -0.3768 0.0207 0.2494 -0.1535 -0.2874 -0.3592 -0.3133 0.1159 0.2440 0.1159 -0.3133 -0.3592 -0.2874 -0.1535 0.2494 0.0207 -0.3768 -0.3296 -0.2420 0.0994 0.1474 -0.2757 -0.3624 -0.2930 -0.1667 0.2617 0.0410 -0.3765 -0.3342 -0.2518 0.0300 0.1619 -0.2370 -0.3652 -0.2982 -0.1785 0.2712 0.0594 -0.3740 -0.3394 -0.2599 -0.0407 0.1825 -0.1608 -0.3694 -0.3080 -0.2007 0.2692 0.0968 -0.3528 -0.3519 -0.2785 -0.1345 0.2373 0.0095 -0.3767 -0.3313 -0.2498 0.0157
-0.2355 -0.3333 -0.3768 0.0194 0.2430 -0.1408 -0.2805 -0.3532 -0.3490 0.1000 0.2670 -0.2019 -0.3082 -0.3694 -0.1638 0.1810 -0.0337 -0.2588 -0.3383 -0.3749 0.0542 0.2685 -0.1744 -0.2962 -0.3641 -0.2541 0.1556 0.0588 -0.2476 -0.3323 -0.3768 0.0328 0.2568 -0.1614 -0.2907 -0.3611 -0.2899 0.1413 0.1296 -0.2378 -0.3276 -0.3764 0.0108 0.2437 -0.1477 -0.2852 -0.3577 -0.3196 0.1233 0.2427 -0.1502 0.2427 0.1233 -0.3196 -0.3577 -0.2852 -0.1477 0.2437 0.0108 -0.3764 -0.3276 -0.2378 0.1296 0.1413 -0.2899 -0.3611 -0.2907 -0.1614 0.2568 0.0328 -0.3768 -0.3323 -0.2476 0.0588 0.1556 -0.2541 -0.3641 -0.2962 -0.1744 0.2685 0.0542 -0.3749 -0.3383 -0.2588 -0.0337 0.1810 -0.1638 -0.3694 -0.3082 -0.2019 0.2670 0.1000 -0.3490 -0.3532 -0.2805 -0.1408 0.2430 0.0194 -0.3768 -0.3333 -0.2355
-0.3193 -0.3767 0.0286 0.2488 -0.1470 -0.2827 -0.3546 -0.3437 0.1043 0.2629 -0.2042 -0.3091 -0.3696 -0.1608 0.1810 -0.0311 -0.2582 -0.3376 -0.3754 0.0501 0.2660 -0.1708 -0.2944 -0.3630 -0.2686 0.1499 0.0879 -0.2435 -0.3303 -0.3768 0.0240 0.2515 -0.1559 -0.2884 -0.3597 -0.3026 0.1353 0.1580 -0.2337 -0.3256 -0.3759 0.0001 0.2379 -0.1414 -0.2829 -0.3562 -0.3281 0.1204 0.2243 -0.2134 -0.2829 -0.2134 0.2243 0.1204 -0.3281 -0.3562 -0.2829 -0.1414 0.2379 0.0001 -0.3759 -0.3256 -0.2337 0.1580 0.1353 -0.3026 -0.3597 -0.2884 -0.1559 0.2515 0.0240 -0.3768 -0.3303 -0.2435 0.0879 0.1499 -0.2686 -0.3630 -0.2944 -0.1708 0.2660 0.0501 -0.3754 -0.3376 -0.2582 -0.0311 0.1810 -0.1608 -0.3696 -0.3091 -0.2042 0.2629 0.1043 -0.3437 -0.3546 -0.2827 -0.1470 0.2488 0.0286 -0.3767 -0.3193
-0.3661 0.0371 0.2543 -0.1530 -0.2850 -0.3561 -0.3369 0.1094 0.2560 -0.2073 -0.3105 -0.3701 -0.1522 0.1825 -0.0337 -0.2582 -0.3374 -0.3756 0.0475 0.2641 -0.1680 -0.2930 -0.3621 -0.2803 0.1448 0.1147 -0.2397 -0.3284 -0.3766 0.0146 0.2459 -0.1500 -0.2861 -0.3583 -0.3140 0.1295 0.1836 -0.2296 -0.3235 -0.3754 -0.0117 0.2318 -0.1347 -0.2806 -0.3547 -0.3363 0.1152 0.2334 -0.2174 -0.3147 -0.3630 -0.3147 -0.2174 0.2334 0.1152 -0.3363 -0.3547 -0.2806 -0.1347 0.2318 -0.0117 -0.3754 -0.3235 -0.2296 0.1836 0.1295 -0.3140 -0.3583 -0.2861 -0.1500 0.2459 0.0146 -0.3766 -0.3284 -0.2397 0.1147 0.1448 -0.2803 -0.3621 -0.2930 -0.1680 0.2641 0.0475 -0.3756 -0.3374 -0.2582 -0.0337 0.1825 -0.1522 -0.3701 -0.3105 -0.2073 0.2560 0.1094 -0.3369 -0.3561 -0.2850 -0.1530 0.2543 0.0371 -0.3661
0.0385 0.2594 -0.1587 -0.2873 -0.3576 -0.3286 0.1150 0.2460 -0.2110 -0.3122 -0.3708 -0.1388 0.1853 -0.0407 -0.2588 -0.3376 -0.3756 0.0466 0.2630 -0.1662 -0.2920 -0.3614 -0.2891 0.1406 0.1376 -0.2362 -0.3266 -0.3762 0.0048 0.2402 -0.1439 -0.2839 -0.3568 -0.3240 0.1236 0.2059 -0.2254 -0.3215 -0.3747 -0.0248 0.2258 -0.1276 -0.2783 -0.3532 -0.3436 0.1096 0.2458 -0.2148 -0.3156 -0.3772 -0.3474 -0.3772 -0.3156 -0.2148 0.2458 0.1096 -0.3436 -0.3532 -0.2783 -0.1276 0.2258 -0.0248 -0.3747 -0.3215 -0.2254 0.2059 0.1236 -0.3240 -0.3568 -0.2839 -0.1439 0.2402 0.0048 -0.3762 -0.3266 -0.2362 0.1376 0.1406 -0.2891 -0.3614 -0.2920 -0.1662 0.2630 0.0466 -0.3756 -0.3376 -0.2588 -0.0407 0.1853 -0.1388 -0.3708 -0.3122 -0.2110 0.2460 0.1150 -0.3286 -0.3576 -0.2873 -0.1587 0.2594 0.0385
0.2603 -0.1641 -0.2896 -0.3590 -0.3192 0.1208 0.2325 -0.2150 -0.3142 -0.3715 -0.1216 0.1892 -0.0509 -0.2599 -0.3383 -0.3754 0.0475 0.2630 -0.1655 -0.2915 -0.3610 -0.2949 0.1374 0.1552 -0.2333 -0.3251 -0.3757 -0.0049 0.2348 -0.1378 -0.2816 -0.3554 -0.3328 0.1179 0.2246 -0.2212 -0.3194 -0.3741 -0.0394 0.2198 -0.1199 -0.2760 -0.3516 -0.3498 0.1039 0.2563 -0.2109 -0.3140 -0.3726 -0.1340 0.1022 -0.1340 -0.3726 -0.3140 -0.2109 0.2563 0.1039 -0.3498 -0.3516 -0.2760 -0.1199 0.2198 -0.0394 -0.3741 -0.3194 -0.2212 0.2246 0.1179 -0.3328 -0.3554 -0.2816 -0.1378 0.2348 -0.0049 -0.3757 -0.3251 -0.2333 0.1552 0.1374 -0.2949 -0.3610 -0.2915 -0.1655 0.2630 0.0475 -0.3754 -0.3383 -0.2599 -0.0509 0.1892 -0.1216 -0.3715 -0.3142 -0.2150 0.2325 0.1208 -0.3192 -0.3590 -0.2896 -0.1641 0.2603
-0.1624 -0.2918 -0.3604 -0.3085 0.1266 0.2154 -0.2192 -0.3163 -0.3723 -0.1023 0.1940 -0.0628 -0.2615 -0.3394 -0.3749 0.0501 0.2641 -0.1662 -0.2915 -0.3608 -0.2978 0.1354 0.1668 -0.2311 -0.3238 -0.3753 -0.0140 0.2300 -0.1320 -0.2796 -0.3539 -0.3403 0.1122 0.2397 -0.2171 -0.3173 -0.3734 -0.0557 0.2139 -0.1114 -0.2737 -0.3499 -0.3553 0.0981 0.2643 -0.2068 -0.3120 -0.3716 -0.1134 0.1795 0.2647 0.1795 -0.1134 -0.3716 -0.3120 -0.2068 0.2643 0.0981 -0.3553 -0.3499 -0.2737 -0.1114 0.2139 -0.0557 -0.3734 -0.3173 -0.2171 0.2397 0.1122 -0.3403 -0.3539 -0.2796 -0.1320 0.2300 -0.0140 -0.3753 -0.3238 -0.2311 0.1668 0.1354 -0.2978 -0.3608 -0.2915 -0.1662 0.2641 0.0501 -0.3749 -0.3394 -0.2615 -0.0628 0.1940 -0.1023 -0.3723 -0.3163 -0.2192 0.2154 0.1266 -0.3085 -0.3604 -0.2918 -0.1624
-0.2771 -0.3617 -0.2964 0.1325 0.1949 -0.2234 -0.3184 -0.3731 -0.0825 0.1995 -0.0750 -0.2635 -0.3408 -0.3740 0.0542 0.2660 -0.1680 -0.2920 -0.3610 -0.2978 0.1348 0.1725 -0.2298 -0.3230 -0.3750 -0.0219 0.2260 -0.1266 -0.2778 -0.3526 -0.3463 0.1070 0.2513 -0.2130 -0.3152 -0.3727 -0.0735 0.2080 -0.1022 -0.2714 -0.3483 -0.3599 0.0923 0.2699 -0.2025 -0.3099 -0.3707 -0.1262 0.1906 -0.0312 -0.2104 -0.0312 0.1906 -0.1262 -0.3707 -0.3099 -0.2025 0.2699 0.0923 -0.3599 -0.3483 -0.2714 -0.1022 0.2080 -0.0735 -0.3727 -0.3152 -0.2130 0.2513 0.1070 -0.3463 -0.3526 -0.2778 -0.1266 0.2260 -0.0219 -0.3750 -0.3230 -0.2298 0.1725 0.1348 -0.2978 -0.3610 -0.2920 -0.1680 0.2660 0.0542 -0.3740 -0.3408 -0.2635 -0.0750 0.1995 -0.0825 -0.3731 -0.3184 -0.2234 0.1949 0.1325 -0.2964 -0.3617 -0.2771
-0.3488 -0.2829 0.1384 0.1709 -0.2275 -0.3205 -0.3738 -0.0637 0.2053 -0.0869 -0.2657 -0.3423 -0.3727 0.0594 0.2685 -0.1708 -0.2930 -0.3614 -0.2949 0.1354 0.1725 -0.2293 -0.3225 -0.3748 -0.0278 0.2228 -0.1220 -0.2762 -0.3514 -0.3510 0.1022 0.2596 -0.2091 -0.3132 -0.3719 -0.0926 0.2022 -0.0919 -0.2691 -0.3466 -0.3639 0.0863 0.2735 -0.1982 -0.3078 -0.3698 -0.1464 0.1873 -0.0522 -0.2568 -0.3095 -0.2568 -0.0522 0.1873 -0.1464 -0.3698 -0.3078 -0.1982 0.2735 0.0863 -0.3639 -0.3466 -0.2691 -0.0919 0.2022 -0.0926 -0.3719 -0.3132 -0.2091 0.2596 0.1022 -0.3510 -0.3514 -0.2762 -0.1220 0.2228 -0.0278 -0.3748 -0.3225 -0.2293 0.1725 0.1354 -0.2949 -0.3614 -0.2930 -0.1708 0.2685 0.0594 -0.3727 -0.3423 -0.2657 -0.0869 0.2053 -0.0637 -0.3738 -0.3205 -0.2275 0.1709 0.1384 -0.2829 -0.3488
-0.2737 0.1445 0.1437 -0.2317 -0.3226 -0.3744 -0.0466 0.2112 -0.0978 -0.2680 -0.3441 -0.3708 0.0652 0.2712 -0.1744 -0.2944 -0.3621 -0.2891 0.1374 0.1668 -0.2298 -0.3225 -0.3747 -0.0309 0.2209 -0.1186 -0.2750 -0.3505 -0.3546 0.0979 0.2653 -0.2057 -0.3113 -0.3711 -0.1122 0.1966 -0.0807 -0.2668 -0.3449 -0.3672 0.0803 0.2752 -0.1938 -0.3056 -0.3688 -0.1682 0.1821 -0.0424 -0.2596 -0.3387 -0.3807 -0.3387 -0.2596 -0.0424 0.1821 -0.1682 -0.3688 -0.3056 -0.1938 0.2752 0.0803 -0.3672 -0.3449 -0.2668 -0.0807 0.1966 -0.1122 -0.3711 -0.3113 -0.2057 0.2653 0.0979 -0.3546 -0.3505 -0.2750 -0.1186 0.2209 -0.0309 -0.3747 -0.3225 -0.2298 0.1668 0.1374 -0.2891 -0.3621 -0.2944 -0.1744 0.2712 0.0652 -0.3708 -0.3441 -0.2680 -0.0978 0.2112 -0.0466 -0.3744 -0.3226 -0.2317 0.1437 0.1445 -0.2737
0.1471 0.1139 -0.2359 -0.3246 -0.3751 -0.0312 0.2172 -0.1075 -0.2704 -0.3458 -0.3684 0.0714 0.2735 -0.1785 -0.2962 -0.3630 -0.2803 0.1406 0.1552 -0.2311 -0.3230 -0.3748 -0.0309 0.2202 -0.1168 -0.2743 -0.3498 -0.3572 0.0945 0.2691 -0.2026 -0.3097 -0.3704 -0.1310 0.1914 -0.0687 -0.2645 -0.3432 -0.3698 0.0742 0.2754 -0.1894 -0.3034 -0.3678 -0.1897 0.1767 -0.0253 -0.2583 -0.3382 -0.3790 -0.1823 -0.3790 -0.3382 -0.2583 -0.0253 0.1767 -0.1897 -0.3678 -0.3034 -0.1894 0.2754 0.0742 -0.3698 -0.3432 -0.2645 -0.0687 0.1914 -0.1310 -0.3704 -0.3097 -0.2026 0.2691 0.0945 -0.3572 -0.3498 -0.2743 -0.1168 0.2202 -0.0309 -0.3748 -0.3230 -0.2311 0.1552 0.1406 -0.2803 -0.3630 -0.2962 -0.1785 0.2735 0.0714 -0.3684 -0.3458 -0.2704 -0.1075 0.2172 -0.0312 -0.3751 -0.3246 -0.2359 0.1139 0.1471
0.0803 -0.2401 -0.3267 -0.3757 -0.0173 0.2232 -0.1163 -0.2727 -0.3476 -0.3653 0.0777 0.2751 -0.1830 -0.2982 -0.3641 -0.2686 0.1448 0.1376 -0.2333 -0.3238 -0.3750 -0.0278 0.2209 -0.1168 -0.2740 -0.3494 -0.3587 0.0920 0.2713 -0.2001 -0.3082 -0.3698 -0.1479 0.1868 -0.0560 -0.2624 -0.3415 -0.3719 0.0681 0.2743 -0.1850 -0.3013 -0.3668 -0.2103 0.1707 -0.0041 -0.2561 -0.3366 -0.3759 0.0306 0.1643 0.0306 -0.3759 -0.3366 -0.2561 -0.0041 0.1707 -0.2103 -0.3668 -0.3013 -0.1850 0.2743 0.0681 -0.3719 -0.3415 -0.2624 -0.0560 0.1868 -0.1479 -0.3698 -0.3082 -0.2001 0.2713 0.0920 -0.3587 -0.3494 -0.2740 -0.1168 0.2209 -0.0278 -0.3750 -0.3238 -0.2333 0.1376 0.1448 -0.2686 -0.3641 -0.2982 -0.1830 0.2751 0.0777 -0.3653 -0.3476 -0.2727 -0.1163 0.2232 -0.0173 -0.3757 -0.3267 -0.2401 0.0803
-0.2277 -0.3287 -0.3762 -0.0049 0.2292 -0.1244 -0.2751 -0.3493 -0.3616 0.0839 0.2754 -0.1876 -0.3004 -0.3652 -0.2541 0.1499 0.1147 -0.2362 -0.3251 -0.3753 -0.0219 0.2228 -0.1186 -0.2743 -0.3494 -0.3591 0.0907 0.2724 -0.1983 -0.3072 -0.3692 -0.1620 0.1829 -0.0436 -0.2605 -0.3399 -0.3735 0.0620 0.2723 -0.1806 -0.2992 -0.3657 -0.2293 0.1644 0.0201 -0.2531 -0.3348 -0.3763 0.0390 0.2486 0.0308 0.2486 0.0390 -0.3763 -0.3348 -0.2531 0.0201 0.1644 -0.2293 -0.3657 -0.2992 -0.1806 0.2723 0.0620 -0.3735 -0.3399 -0.2605 -0.0436 0.1829 -0.1620 -0.3692 -0.3072 -0.1983 0.2724 0.0907 -0.3591 -0.3494 -0.2743 -0.1186 0.2228 -0.0219 -0.3753 -0.3251 -0.2362 0.1147 0.1499 -0.2541 -0.3652 -0.3004 -0.1876 0.2754 0.0839 -0.3616 -0.3493 -0.2751 -0.1244 0.2292 -0.0049 -0.3762 -0.3287 -0.2277
-0.3146 -0.3767 0.0063 0.2353 -0.1318 -0.2774 -0.3509 -0.3572 0.0899 0.2743 -0.1921 -0.3026 -0.3663 -0.2370 0.1556 0.0879 -0.2397 -0.3266 -0.3757 -0.0140 0.2260 -0.1220 -0.2750 -0.3498 -0.3587 0.0907 0.2727 -0.1974 -0.3065 -0.3688 -0.1728 0.1797 -0.0322 -0.2589 -0.3386 -0.3746 0.0563 0.2697 -0.1762 -0.2971 -0.3646 -0.2468 0.1583 0.0468 -0.2492 -0.3329 -0.3767 0.0344 0.2556 -0.1480 -0.2488 -0.1480 0.2556 0.0344 -0.3767 -0.3329 -0.2492 0.0468 0.1583 -0.2468 -0.3646 -0.2971 -0.1762 0.2697 0.0563 -0.3746 -0.3386 -0.2589 -0.0322 0.1797 -0.1728 -0.3688 -0.3065 -0.1974 0.2727 0.0907 -0.3587 -0.3498 -0.2750 -0.1220 0.2260 -0.0140 -0.3757 -0.3266 -0.2397 0.0879 0.1556 -0.2370 -0.3663 -0.3026 -0.1921 0.2743 0.0899 -0.3572 -0.3509 -0.2774 -0.1318 0.2353 0.0063 -0.3767 -0.3146
-0.3659 0.0166 0.2413 -0.1387 -0.2797 -0.3525 -0.3521 0.0959 0.2715 -0.1966 -0.3048 -0.3674 -0.2178 0.1619 0.0588 -0.2435 -0.3284 -0.3762 -0.0049 0.2300 -0.1266 -0.2762 -0.3505 -0.3572 0.0920 0.2724 -0.1974 -0.3062 -0.3686 -0.1795 0.1774 -0.0225 -0.2576 -0.3374 -0.3754 0.0510 0.2669 -0.1722 -0.2951 -0.3635 -0.2625 0.1523 0.0753 -0.2452 -0.3311 -0.3768 0.0268 0.2526 -0.1546 -0.2836 -0.3351 -0.2836 -0.1546 0.2526 0.0268 -0.3768 -0.3311 -0.2452 0.0753 0.1523 -0.2625 -0.3635 -0.2951 -0.1722 0.2669 0.0510 -0.3754 -0.3374 -0.2576 -0.0225 0.1774 -0.1795 -0.3686 -0.3062 -0.1974 0.2724 0.0920 -0.3572 -0.3505 -0.2762 -0.1266 0.2300 -0.0049 -0.3762 -0.3284 -0.2435 0.0588 0.1619 -0.2178 -0.3674 -0.3048 -0.1966 0.2715 0.0959 -0.3521 -0.3525 -0.2797 -0.1387 0.2413 0.0166 -0.3659
0.0185 0.2471 -0.1452 -0.2820 -0.3541 -0.3461 0.1017 0.2666 -0.2010 -0.3070 -0.3684 -0.1971 0.1685 0.0300 -0.2476 -0.3303 -0.3766 0.0048 0.2348 -0.1320 -0.2778 -0.3514 -0.3546 0.0945 0.2713 -0.1983 -0.3065 -0.3686 -0.1818 0.1763 -0.0159 -0.2566 -0.3365 -0.3759 0.0464 0.2640 -0.1685 -0.2934 -0.3625 -0.2760 0.1468 0.1038 -0.2413 -0.3292 -0.3767 0.0182 0.2477 -0.1512 -0.2857 -0.3599 -0.3884 -0.3599 -0.2857 -0.1512 0.2477 0.0182 -0.3767 -0.3292 -0.2413 0.1038 0.1468 -0.2760 -0.3625 -0.2934 -0.1685 0.2640 0.0464 -0.3759 -0.3365 -0.2566 -0.0159 0.1763 -0.1818 -0.3686 -0.3065 -0.1983 0.2713 0.0945 -0.3546 -0.3514 -0.2778 -0.1320 0.2348 0.0048 -0.3766 -0.3303 -0.2476 0.0300 0.1685 -0.1971 -0.3684 -0.3070 -0.2010 0.2666 0.1017 -0.3461 -0.3541 -0.2820 -0.1452 0.2471 0.0185
0.2493 -0.1513 -0.2843 -0.3557 -0.3391 0.1075 0.2594 -0.2053 -0.3092 -0.3694 -0.1755 0.1748 0.0038 -0.2518 -0.3323 -0.3768 0.0146 0.2402 -0.1378 -0.2796 -0.3526 -0.3510 0.0979 0.2691 -0.2001 -0.3072 -0.3688 -0.1795 0.1763 -0.0136 -0.2561 -0.3359 -0.3761 0.0428 0.2615 -0.1653 -0.2919 -0.3615 -0.2870 0.1419 0.1297 -0.2375 -0.3274 -0.3764 0.0090 0.2425 -0.1460 -0.2844 -0.3574 -0.3413 0.0114 -0.3413 -0.3574 -0.2844 -0.1460 0.2425 0.0090 -0.3764 -0.3274 -0.2375 0.1297 0.1419 -0.2870 -0.3615 -0.2919 -0.1653 0.2615 0.0428 -0.3761 -0.3359 -0.2561 -0.0136 0.1763 -0.1795 -0.3688 -0.3072 -0.2001 0.2691 0.0979 -0.3510 -0.3526 -0.2796 -0.1378 0.2402 0.0146 -0.3768 -0.3323 -0.2518 0.0038 0.1748 -0.1755 -0.3694 -0.3092 -0.2053 0.2594 0.1075 -0.3391 -0.3557 -0.2843 -0.1513 0.2493
-0.1510 -0.2866 -0.3571 -0.3312 0.1133 0.2496 -0.2095 -0.3113 -0.3704 -0.1532 0.1805 -0.0192 -0.2553 -0.3342 -0.3768 0.0240 0.2459 -0.1439 -0.2816 -0.3539 -0.3463 0.1022 0.2653 -0.2026 -0.3082 -0.3692 -0.1728 0.1774 -0.0159 -0.2561 -0.3357 -0.3763 0.0404 0.2597 -0.1628 -0.2906 -0.3607 -0.2958 0.1376 0.1516 -0.2341 -0.3256 -0.3759 -0.0009 0.2370 -0.1403 -0.2824 -0.3559 -0.3344 0.1033 0.2307 0.1033 -0.3344 -0.3559 -0.2824 -0.1403 0.2370 -0.0009 -0.3759 -0.3256 -0.2341 0.1516 0.1376 -0.2958 -0.3607 -0.2906 -0.1628 0.2597 0.0404 -0.3763 -0.3357 -0.2561 -0.0159 0.1774 -0.1728 -0.3692 -0.3082 -0.2026 0.2653 0.1022 -0.3463 -0.3539 -0.2816 -0.1439 0.2459 0.0240 -0.3768 -0.3342 -0.2553 -0.0192 0.1805 -0.1532 -0.3704 -0.3113 -0.2095 0.2496 0.1133 -0.3312 -0.3571 -0.2866 -0.1510
-0.2718 -0.3586 -0.3221 0.1191 0.2368 -0.2138 -0.3135 -0.3712 -0.1309 0.1861 -0.0389 -0.2578 -0.3361 -0.3765 0.0328 0.2515 -0.1500 -0.2839 -0.3554 -0.3403 0.1070 0.2596 -0.2057 -0.3097 -0.3698 -0.1620 0.1797 -0.0225 -0.2566 -0.3359 -0.3763 0.0396 0.2587 -0.1612 -0.2898 -0.3601 -0.3024 0.1341 0.1691 -0.2312 -0.3240 -0.3754 -0.0110 0.2317 -0.1342 -0.2804 -0.3545 -0.3386 0.1106 0.2648 -0.1341 0.2648 0.1106 -0.3386 -0.3545 -0.2804 -0.1342 0.2317 -0.0110 -0.3754 -0.3240 -0.2312 0.1691 0.1341 -0.3024 -0.3601 -0.2898 -0.1612 0.2587 0.0396 -0.3763 -0.3359 -0.2566 -0.0225 0.1797 -0.1620 -0.3698 -0.3097 -0.2057 0.2596 0.1070 -0.3403 -0.3554 -0.2839 -0.1500 0.2515 0.0328 -0.3765 -0.3361 -0.2578 -0.0389 0.1861 -0.1309 -0.3712 -0.3135 -0.2138 0.2368 0.1191 -0.3221 -0.3586 -0.2718
-0.3455 -0.3118 0.1249 0.2208 -0.2180 -0.3156 -0.3721 -0.1091 0.1919 -0.0559 -0.2602 -0.3380 -0.3758 0.0410 0.2568 -0.1559 -0.2861 -0.3568 -0.3328 0.1122 0.2513 -0.2091 -0.3113 -0.3704 -0.1479 0.1829 -0.0322 -0.2576 -0.3365 -0.3761 0.0404 0.2587 -0.1606 -0.2893 -0.3597 -0.3069 0.1314 0.1823 -0.2288 -0.3227 -0.3750 -0.0208 0.2269 -0.1282 -0.2784 -0.3531 -0.3444 0.1080 0.2537 -0.2038 -0.2775 -0.2038 0.2537 0.1080 -0.3444 -0.3531 -0.2784 -0.1282 0.2269 -0.0208 -0.3750 -0.3227 -0.2288 0.1823 0.1314 -0.3069 -0.3597 -0.2893 -0.1606 0.2587 0.0404 -0.3761 -0.3365 -0.2576 -0.0322 0.1829 -0.1479 -0.3704 -0.3113 -0.2091 0.2513 0.1122 -0.3328 -0.3568 -0.2861 -0.1559 0.2568 0.0410 -0.3758 -0.3380 -0.2602 -0.0559 0.1919 -0.1091 -0.3721 -0.3156 -0.2180 0.2208 0.1249 -0.3118 -0.3455
-0.3024 0.1309 0.2013 -0.2221 -0.3178 -0.3728 -0.0883 0.1977 -0.0706 -0.2626 -0.3399 -0.3748 0.0487 0.2617 -0.1614 -0.2884 -0.3583 -0.3240 0.1179 0.2397 -0.2130 -0.3132 -0.3711 -0.1310 0.1868 -0.0436 -0.2589 -0.3374 -0.3759 0.0428 0.2597 -0.1612 -0.2893 -0.3595 -0.3092 0.1297 0.1911 -0.2269 -0.3217 -0.3746 -0.0296 0.2227 -0.1225 -0.2765 -0.3518 -0.3497 0.1035 0.2582 -0.2084 -0.3097 -0.3588 -0.3097 -0.2084 0.2582 0.1035 -0.3497 -0.3518 -0.2765 -0.1225 0.2227 -0.0296 -0.3746 -0.3217 -0.2269 0.1911 0.1297 -0.3092 -0.3595 -0.2893 -0.1612 0.2597 0.0428 -0.3759 -0.3374 -0.2589 -0.0436 0.1868 -0.1310 -0.3711 -0.3132 -0.2130 0.2397 0.1179 -0.3240 -0.3583 -0.2884 -0.1614 0.2617 0.0487 -0.3748 -0.3399 -0.2626 -0.0706 0.1977 -0.0883 -0.3728 -0.3178 -0.2221 0.2013 0.1309 -0.3024
0.1330 0.1782 -0.2263 -0.3199 -0.3736 -0.0690 0.2035 -0.0834 -0.2650 -0.3418 -0.3734 0.0560 0.2661 -0.1667 -0.2907 -0.3597 -0.3140 0.1236 0.2246 -0.2171 -0.3152 -0.3719 -0.1122 0.1914 -0.0560 -0.2605 -0.3386 -0.3754 0.0464 0.2615 -0.1628 -0.2898 -0.3597 -0.3092 0.1291 0.1956 -0.2257 -0.3209 -0.3743 -0.0372 0.2193 -0.1175 -0.2749 -0.3506 -0.3540 0.0989 0.2641 -0.2063 -0.3111 -0.3753 -0.3616 -0.3753 -0.3111 -0.2063 0.2641 0.0989 -0.3540 -0.3506 -0.2749 -0.1175 0.2193 -0.0372 -0.3743 -0.3209 -0.2257 0.1956 0.1291 -0.3092 -0.3597 -0.2898 -0.1628 0.2615 0.0464 -0.3754 -0.3386 -0.2605 -0.0560 0.1914 -0.1122 -0.3719 -0.3152 -0.2171 0.2246 0.1236 -0.3140 -0.3597 -0.2907 -0.1667 0.2661 0.0560 -0.3734 -0.3418 -0.2650 -0.0834 0.2035 -0.0690 -0.3736 -0.3199 -0.2263 0.1782 0.1330
0.1475 -0.2305 -0.3219 -0.3743 -0.0514 0.2095 -0.0947 -0.2673 -0.3436 -0.3715 0.0629 0.2698 -0.1718 -0.2930 -0.3611 -0.3026 0.1295 0.2059 -0.2212 -0.3173 -0.3727 -0.0926 0.1966 -0.0687 -0.2624 -0.3399 -0.3746 0.0510 0.2640 -0.1653 -0.2906 -0.3601 -0.3069 0.1297 0.1956 -0.2253 -0.3205 -0.3742 -0.0429 0.2166 -0.1131 -0.2736 -0.3495 -0.3574 0.0947 0.2685 -0.2032 -0.3099 -0.3710 -0.1794 0.0908 -0.1794 -0.3710 -0.3099 -0.2032 0.2685 0.0947 -0.3574 -0.3495 -0.2736 -0.1131 0.2166 -0.0429 -0.3742 -0.3205 -0.2253 0.1956 0.1297 -0.3069 -0.3601 -0.2906 -0.1653 0.2640 0.0510 -0.3746 -0.3399 -0.2624 -0.0687 0.1966 -0.0926 -0.3727 -0.3173 -0.2212 0.2059 0.1295 -0.3026 -0.3611 -0.2930 -0.1718 0.2698 0.0629 -0.3715 -0.3436 -0.2673 -0.0947 0.2095 -0.0514 -0.3743 -0.3219 -0.2305 0.1475
-0.2198 -0.3240 -0.3749 -0.0355 0.2154 -0.1048 -0.2697 -0.3453 -0.3692 0.0695 0.2728 -0.1768 -0.2952 -0.3624 -0.2899 0.1353 0.1836 -0.2254 -0.3194 -0.3734 -0.0735 0.2022 -0.0807 -0.2645 -0.3415 -0.3735 0.0563 0.2669 -0.1685 -0.2919 -0.3607 -0.3024 0.1314 0.1911 -0.2257 -0.3205 -0.3741 -0.0459 0.2149 -0.1099 -0.2726 -0.3487 -0.3599 0.0911 0.2715 -0.2002 -0.3084 -0.3700 -0.1552 0.1681 0.2718 0.1681 -0.1552 -0.3700 -0.3084 -0.2002 0.2715 0.0911 -0.3599 -0.3487 -0.2726 -0.1099 0.2149 -0.0459 -0.3741 -0.3205 -0.2257 0.1911 0.1314 -0.3024 -0.3607 -0.2919 -0.1685 0.2669 0.0563 -0.3735 -0.3415 -0.2645 -0.0807 0.2022 -0.0735 -0.3734 -0.3194 -0.2254 0.1836 0.1353 -0.2899 -0.3624 -0.2952 -0.1768 0.2728 0.0695 -0.3692 -0.3453 -0.2697 -0.1048 0.2154 -0.0355 -0.3749 -0.3240 -0.2198
-0.3099 -0.3755 -0.0212 0.2214 -0.1138 -0.2720 -0.3471 -0.3663 0.0759 0.2747 -0.1816 -0.2975 -0.3636 -0.2757 0.1413 0.1580 -0.2296 -0.3215 -0.3741 -0.0557 0.2080 -0.0919 -0.2668 -0.3432 -0.3719 0.0620 0.2697 -0.1722 -0.2934 -0.3615 -0.2958 0.1341 0.1823 -0.2269 -0.3209 -0.3742 -0.0459 0.2144 -0.1082 -0.2719 -0.3481 -0.3617 0.0881 0.2733 -0.1975 -0.3070 -0.3693 -0.1629 0.1803 0.0107 -0.2028 0.0107 0.1803 -0.1629 -0.3693 -0.3070 -0.1975 0.2733 0.0881 -0.3617 -0.3481 -0.2719 -0.1082 0.2144 -0.0459 -0.3742 -0.3209 -0.2269 0.1823 0.1341 -0.2958 -0.3615 -0.2934 -0.1722 0.2697 0.0620 -0.3719 -0.3432 -0.2668 -0.0919 0.2080 -0.0557 -0.3741 -0.3215 -0.2296 0.1580 0.1413 -0.2757 -0.3636 -0.2975 -0.1816 0.2747 0.0759 -0.3663 -0.3471 -0.2720 -0.1138 0.2214 -0.0212 -0.3755 -0.3099
-0.3644 -0.0083 0.2275 -0.1221 -0.2744 -0.3488 -0.3628 0.0821 0.2755 -0.1863 -0.2997 -0.3648 -0.2600 0.1474 0.1296 -0.2337 -0.3235 -0.3747 -0.0394 0.2139 -0.1022 -0.2691 -0.3449 -0.3698 0.0681 0.2723 -0.1762 -0.2951 -0.3625 -0.2870 0.1376 0.1691 -0.2288 -0.3217 -0.3743 -0.0429 0.2149 -0.1082 -0.2717 -0.3477 -0.3628 0.0860 0.2743 -0.1953 -0.3058 -0.3687 -0.1754 0.1789 -0.0224 -0.2522 -0.3052 -0.2522 -0.0224 0.1789 -0.1754 -0.3687 -0.3058 -0.1953 0.2743 0.0860 -0.3628 -0.3477 -0.2717 -0.1082 0.2149 -0.0429 -0.3743 -0.3217 -0.2288 0.1691 0.1376 -0.2870 -0.3625 -0.2951 -0.1762 0.2723 0.0681 -0.3698 -0.3449 -0.2691 -0.1022 0.2139 -0.0394 -0.3747 -0.3235 -0.2337 0.1296 0.1474 -0.2600 -0.3648 -0.2997 -0.1863 0.2755 0.0821 -0.3628 -0.3488 -0.2744 -0.1221 0.2275 -0.0083 -0.3644
-0.0058 0.2336 -0.1297 -0.2767 -0.3505 -0.3586 0.0882 0.2748 -0.1908 -0.3019 -0.3660 -0.2426 0.1535 0.0994 -0.2378 -0.3256 -0.3754 -0.0248 0.2198 -0.1114 -0.2714 -0.3466 -0.3672 0.0742 0.2743 -0.1806 -0.2971 -0.3635 -0.2760 0.1419 0.1516 -0.2312 -0.3227 -0.3746 -0.0372 0.2166 -0.1099 -0.2719 -0.3477 -0.3631 0.0848 0.2748 -0.1938 -0.3048 -0.3682 -0.1870 0.1761 -0.0175 -0.2562 -0.3354 -0.3785 -0.3354 -0.2562 -0.0175 0.1761 -0.1870 -0.3682 -0.3048 -0.1938 0.2748 0.0848 -0.3631 -0.3477 -0.2719 -0.1099 0.2166 -0.0372 -0.3746 -0.3227 -0.2312 0.1516 0.1419 -0.2760 -0.3635 -0.2971 -0.1806 0.2743 0.0742 -0.3672 -0.3466 -0.2714 -0.1114 0.2198 -0.0248 -0.3754 -0.3256 -0.2378 0.0994 0.1535 -0.2426 -0.3660 -0.3019 -0.1908 0.2748 0.0882 -0.3586 -0.3505 -0.2767 -0.1297 0.2336 -0.0058
0.2366 -0.1368 -0.2790 -0.3521 -0.3537 0.0941 0.2725 -0.1953 -0.3041 -0.3671 -0.2238 0.1599 0.0688 -0.2420 -0.3276 -0.3759 -0.0117 0.2258 -0.1199 -0.2737 -0.3483 -0.3639 0.0803 0.2754 -0.1850 -0.2992 -0.3646 -0.2625 0.1468 0.1297 -0.2341 -0.3240 -0.3750 -0.0296 0.2193 -0.1131 -0.2726 -0.3481 -0.3628 0.0848 0.2749 -0.1929 -0.3043 -0.3678 -0.1959 0.1735 -0.0076 -0.2558 -0.3358 -0.3800 -0.2140 -0.3800 -0.3358 -0.2558 -0.0076 0.1735 -0.1959 -0.3678 -0.3043 -0.1929 0.2749 0.0848 -0.3628 -0.3481 -0.2726 -0.1131 0.2193 -0.0296 -0.3750 -0.3240 -0.2341 0.1297 0.1468 -0.2625 -0.3646 -0.2992 -0.1850 0.2754 0.0803 -0.3639 -0.3483 -0.2737 -0.1199 0.2258 -0.0117 -0.3759 -0.3276 -0.2420 0.0688 0.1599 -0.2238 -0.3671 -0.3041 -0.1953 0.2725 0.0941 -0.3537 -0.3521 -0.2790 -0.1368 0.2366
-0.1382 -0.2814 -0.3537 -0.3479 0.1000 0.2683 -0.1997 -0.3063 -0.3682 -0.2037 0.1663 0.0392 -0.2462 -0.3296 -0.3764 0.0001 0.2318 -0.1276 -0.2760 -0.3499 -0.3599 0.0863 0.2752 -0.1894 -0.3013 -0.3657 -0.2468 0.1523 0.1038 -0.2375 -0.3256 -0.3754 -0.0208 0.2227 -0.1175 -0.2736 -0.3487 -0.3617 0.0860 0.2748 -0.1929 -0.3041 -0.3676 -0.2014 0.1714 0.0016 -0.2548 -0.3351 -0.3765 0.0201 0.1568 0.0201 -0.3765 -0.3351 -0.2548 0.0016 0.1714 -0.2014 -0.3676 -0.3041 -0.1929 0.2748 0.0860 -0.3617 -0.3487 -0.2736 -0.1175 0.2227 -0.0208 -0.3754 -0.3256 -0.2375 0.1038 0.1523 -0.2468 -0.3657 -0.3013 -0.1894 0.2752 0.0863 -0.3599 -0.3499 -0.2760 -0.1276 0.2318 0.0001 -0.3764 -0.3296 -0.2462 0.0392 0.1663 -0.2037 -0.3682 -0.3063 -0.1997 0.2683 0.1000 -0.3479 -0.3537 -0.2814 -0.1382
-0.2665 -0.3552 -0.3413 0.1058 0.2618 -0.2040 -0.3085 -0.3692 -0.1825 0.1727 0.0121 -0.2504 -0.3316 -0.3768 0.0108 0.2379 -0.1347 -0.2783 -0.3516 -0.3553 0.0923 0.2735 -0.1938 -0.3034 -0.3668 -0.2293 0.1583 0.0753 -0.2413 -0.3274 -0.3759 -0.0110 0.2269 -0.1225 -0.2749 -0.3495 -0.3599 0.0881 0.2743 -0.1938 -0.3043 -0.3676 -0.2032 0.1702 0.0080 -0.2538 -0.3344 -0.3766 0.0330 0.2425 0.0610 0.2425 0.0330 -0.3766 -0.3344 -0.2538 0.0080 0.1702 -0.2032 -0.3676 -0.3043 -0.1938 0.2743 0.0881 -0.3599 -0.3495 -0.2749 -0.1225 0.2269 -0.0110 -0.3759 -0.3274 -0.2413 0.0753 0.1583 -0.2293 -0.3668 -0.3034 -0.1938 0.2735 0.0923 -0.3553 -0.3516 -0.2783 -0.1347 0.2379 0.0108 -0.3768 -0.3316 -0.2504 0.0121 0.1727 -0.1825 -0.3692 -0.3085 -0.2040 0.2618 0.1058 -0.3413 -0.3552 -0.2665
-0.3419 -0.3336 0.1116 0.2529 -0.2083 -0.3107 -0.3701 -0.1605 0.1786 -0.0119 -0.2541 -0.3335 -0.3768 0.0207 0.2437 -0.1414 -0.2806 -0.3532 -0.3498 0.0981 0.2699 -0.1982 -0.3056 -0.3678 -0.2103 0.1644 0.0468 -0.2452 -0.3292 -0.3764 -0.0009 0.2317 -0.1282 -0.2765 -0.3506 -0.3574 0.0911 0.2733 -0.1953 -0.3048 -0.3678 -0.2014 0.1702 0.0103 -0.2530 -0.3339 -0.3767 0.0331 0.2533 -0.1438 -0.2459 -0.1438 0.2533 0.0331 -0.3767 -0.3339 -0.2530 0.0103 0.1702 -0.2014 -0.3678 -0.3048 -0.1953 0.2733 0.0911 -0.3574 -0.3506 -0.2765 -0.1282 0.2317 -0.0009 -0.3764 -0.3292 -0.2452 0.0468 0.1644 -0.2103 -0.3678 -0.3056 -0.1982 0.2699 0.0981 -0.3498 -0.3532 -0.2806 -0.1414 0.2437 0.0207 -0.3768 -0.3335 -0.2541 -0.0119 0.1786 -0.1605 -0.3701 -0.3107 -0.2083 0.2529 0.1116 -0.3336 -0.3419
-0.3242 0.1175 0.2410 -0.2125 -0.3128 -0.3710 -0.1383 0.1842 -0.0324 -0.2569 -0.3354 -0.3766 0.0296 0.2494 -0.1477 -0.2829 -0.3547 -0.3436 0.1039 0.2643 -0.2025 -0.3078 -0.3688 -0.1897 0.1707 0.0201 -0.2492 -0.3311 -0.3767 0.0090 0.2370 -0.1342 -0.2784 -0.3518 -0.3540 0.0947 0.2715 -0.1975 -0.3058 -0.3682 -0.1959 0.1714 0.0080 -0.2530 -0.3337 -0.3767 0.0317 0.2537 -0.1540 -0.2827 -0.3339 -0.2827 -0.1540 0.2537 0.0317 -0.3767 -0.3337 -0.2530 0.0080 0.1714 -0.1959 -0.3682 -0.3058 -0.1975 0.2715 0.0947 -0.3540 -0.3518 -0.2784 -0.1342 0.2370 0.0090 -0.3767 -0.3311 -0.2492 0.0201 0.1707 -0.1897 -0.3688 -0.3078 -0.2025 0.2643 0.1039 -0.3436 -0.3547 -0.2829 -0.1477 0.2494 0.0296 -0.3766 -0.3354 -0.2569 -0.0324 0.1842 -0.1383 -0.3710 -0.3128 -0.2125 0.2410 0.1175 -0.3242
0.1192 0.2260 -0.2167 -0.3149 -0.3718 -0.1165 0.1899 -0.0501 -0.2593 -0.3373 -0.3761 0.0379 0.2548 -0.1535 -0.2852 -0.3562 -0.3363 0.1096 0.2563 -0.2068 -0.3099 -0.3698 -0.1682 0.1767 -0.0041 -0.2531 -0.3329 -0.3768 0.0182 0.2425 -0.1403 -0.2804 -0.3531 -0.3497 0.0989 0.2685 -0.2002 -0.3070 -0.3687 -0.1870 0.1735 0.0016 -0.2538 -0.3339 -0.3767 0.0311 0.2532 -0.1548 -0.2863 -0.3597 -0.3884 -0.3597 -0.2863 -0.1548 0.2532 0.0311 -0.3767 -0.3339 -0.2538 0.0016 0.1735 -0.1870 -0.3687 -0.3070 -0.2002 0.2685 0.0989 -0.3497 -0.3531 -0.2804 -0.1403 0.2425 0.0182 -0.3768 -0.3329 -0.2531 -0.0041 0.1767 -0.1682 -0.3698 -0.3099 -0.2068 0.2563 0.1096 -0.3363 -0.3562 -0.2852 -0.1535 0.2548 0.0379 -0.3761 -0.3373 -0.2593 -0.0501 0.1899 -0.1165 -0.3718 -0.3149 -0.2167 0.2260 0.1192
0.2030 -0.2208 -0.3171 -0.3726 -0.0958 0.1955 -0.0652 -0.2617 -0.3392 -0.3752 0.0456 0.2598 -0.1591 -0.2874 -0.3577 -0.3281 0.1152 0.2458 -0.2109 -0.3120 -0.3707 -0.1464 0.1821 -0.0253 -0.2561 -0.3348 -0.3767 0.0268 0.2477 -0.1460 -0.2824 -0.3545 -0.3444 0.1035 0.2641 -0.2032 -0.3084 -0.3693 -0.1754 0.1761 -0.0076 -0.2548 -0.3344 -0.3767 0.0317 0.2532 -0.1547 -0.2867 -0.3583 -0.3389 0.0133 -0.3389 -0.3583 -0.2867 -0.1547 0.2532 0.0317 -0.3767 -0.3344 -0.2548 -0.0076 0.1761 -0.1754 -0.3693 -0.3084 -0.2032 0.2641 0.1035 -0.3444 -0.3545 -0.2824 -0.1460 0.2477 0.0268 -0.3767 -0.3348 -0.2561 -0.0253 0.1821 -0.1464 -0.3707 -0.3120 -0.2109 0.2458 0.1152 -0.3281 -0.3577 -0.2874 -0.1591 0.2598 0.0456 -0.3752 -0.3392 -0.2617 -0.0652 0.1955 -0.0958 -0.3726 -0.3171 -0.2208 0.2030
-0.2114 -0.3191 -0.3734 -0.0777 0.2008 -0.0775 -0.2638 -0.3410 -0.3741 0.0523 0.2640 -0.1640 -0.2895 -0.3592 -0.3196 0.1204 0.2334 -0.2148 -0.3140 -0.3716 -0.1262 0.1873 -0.0424 -0.2583 -0.3366 -0.3763 0.0344 0.2526 -0.1512 -0.2844 -0.3559 -0.3386 0.1080 0.2582 -0.2063 -0.3099 -0.3700 -0.1629 0.1789 -0.0175 -0.2558 -0.3351 -0.3766 0.0331 0.2537 -0.1548 -0.2867 -0.3581 -0.3257 0.1071 0.2338 0.1071 -0.3257 -0.3581 -0.2867 -0.1548 0.2537 0.0331 -0.3766 -0.3351 -0.2558 -0.0175 0.1789 -0.1629 -0.3700 -0.3099 -0.2063 0.2582 0.1080 -0.3386 -0.3559 -0.2844 -0.1512 0.2526 0.0344 -0.3763 -0.3366 -0.2583 -0.0424 0.1873 -0.1262 -0.3716 -0.3140 -0.2148 0.2334 0.1204 -0.3196 -0.3592 -0.2895 -0.1640 0.2640 0.0523 -0.3741 -0.3410 -0.2638 -0.0775 0.2008 -0.0777 -0.3734 -0.3191 -0.2114
-0.3041 -0.3743 -0.0669 0.2041 -0.0846 -0.2652 -0.3426 -0.3731 0.0563 0.2665 -0.1671 -0.2910 -0.3607 -0.3133 0.1233 0.2243 -0.2174 -0.3156 -0.3726 -0.1134 0.1906 -0.0522 -0.2596 -0.3382 -0.3759 0.0390 0.2556 -0.1546 -0.2857 -0.3574 -0.3344 0.1106 0.2537 -0.2084 -0.3111 -0.3710 -0.1552 0.1803 -0.0224 -0.2562 -0.3358 -0.3765 0.0330 0.2533 -0.1540 -0.2863 -0.3583 -0.3257 0.1164 0.2593 -0.1384 0.2593 0.1164 -0.3257 -0.3583 -0.2863 -0.1540 0.2533 0.0330 -0.3765 -0.3358 -0.2562 -0.0224 0.1803 -0.1552 -0.3710 -0.3111 -0.2084 0.2537 0.1106 -0.3344 -0.3574 -0.2857 -0.1546 0.2556 0.0390 -0.3759 -0.3382 -0.2596 -0.0522 0.1906 -0.1134 -0.3726 -0.3156 -0.2174 0.2243 0.1233 -0.3133 -0.3607 -0.2910 -0.1671 0.2665 0.0563 -0.3731 -0.3426 -0.2652 -0.0846 0.2041 -0.0669 -0.3743 -0.3041
-0.3658 -0.0853 0.1930 -0.0695 -0.2625 -0.3435 -0.3760 0.0489 0.2617 -0.1614 -0.2890 -0.3636 -0.3224 0.1159 0.2427 -0.2134 -0.3147 -0.3772 -0.1340 0.1795 -0.0312 -0.2568 -0.3387 -0.3790 0.0306 0.2486 -0.1480 -0.2836 -0.3599 -0.3413 0.1033 0.2648 -0.2038 -0.3097 -0.3753 -0.1794 0.1681 0.0107 -0.2522 -0.3354 -0.3800 0.0201 0.2425 -0.1438 -0.2827 -0.3597 -0.3389 0.1071 0.2593 -0.2009 -0.2753 -0.2009 0.2593 0.1071 -0.3389 -0.3597 -0.2827 -0.1438 0.2425 0.0201 -0.3800 -0.3354 -0.2522 0.0107 0.1681 -0.1794 -0.3753 -0.3097 -0.2038 0.2648 0.1033 -0.3413 -0.3599 -0.2836 -0.1480 0.2486 0.0306 -0.3790 -0.3387 -0.2568 -0.0312 0.1795 -0.1340 -0.3772 -0.3147 -0.2134 0.2427 0.1159 -0.3224 -0.3636 -0.2890 -0.1614 0.2617 0.0489 -0.3760 -0.3435 -0.2625 -0.0695 0.1930 -0.0853 -0.3658
-0.3244 0.1152 0.2445 -0.2186 -0.3149 -0.3834 -0.1298 0.1782 -0.0256 -0.2556 -0.3402 -0.3874 0.0320 0.2440 -0.1502 -0.2829 -0.3630 -0.3474 0.1022 0.2647 -0.2104 -0.3095 -0.3807 -0.1823 0.1643 0.0308 -0.2488 -0.3351 -0.3884 0.0114 0.2307 -0.1341 -0.2775 -0.3588 -0.3616 0.0908 0.2718 -0.2028 -0.3052 -0.3785 -0.2140 0.1568 0.0610 -0.2459 -0.3339 -0.3884 0.0133 0.2338 -0.1384 -0.2753 -0.3296 -0.2753 -0.1384 0.2338 0.0133 -0.3884 -0.3339 -0.2459 0.0610 0.1568 -0.2140 -0.3785 -0.3052 -0.2028 0.2718 0.0908 -0.3616 -0.3588 -0.2775 -0.1341 0.2307 0.0114 -0.3884 -0.3351 -0.2488 0.0308 0.1643 -0.1823 -0.3807 -0.3095 -0.2104 0.2647 0.1022 -0.3474 -0.3630 -0.2829 -0.1502 0.2440 0.0320 -0.3874 -0.3402 -0.2556 -0.0256 0.1782 -0.1298 -0.3834 -0.3149 -0.2186 0.2445 0.1152 -0.3244
