0.2922 1.0000 1.0000 0.0005 0.0062 0.0805 1.0000 1.0000 0.0001 0.0016 0.0206 0.2682 1.0000 1.0000 0.0004 0.0053 0.0686 0.8922 1.0000 0.0001 0.0013 0.0175 0.2282 1.0000 1.0000 0.0003 0.0045 0.0583 0.7590 1.0000 0.0001 0.0011 0.0149 0.1941 1.0000 1.0000 0.0003 0.0038 0.0496 0.6457 1.0000 0.0001 0.0010 0.0127 0.1651 1.0000 1.0000 0.0002 0.0031 0.0350 0.1722 0.0350 0.0031 0.0002 1.0000 1.0000 0.1651 0.0127 0.0010 0.0001 1.0000 0.6457 0.0496 0.0038 0.0003 1.0000 1.0000 0.1941 0.0149 0.0011 0.0001 1.0000 0.7590 0.0583 0.0045 0.0003 1.0000 1.0000 0.2282 0.0175 0.0013 0.0001 1.0000 0.8922 0.0686 0.0053 0.0004 1.0000 1.0000 0.2682 0.0206 0.0016 0.0001 1.0000 1.0000 0.0805 0.0062 0.0005 1.0000 1.0000 0.2922
1.0000 1.0000 0.0005 0.0062 0.0797 1.0000 1.0000 0.0001 0.0016 0.0203 0.2641 1.0000 1.0000 0.0004 0.0052 0.0676 0.8787 1.0000 0.0001 0.0013 0.0173 0.2247 1.0000 1.0000 0.0003 0.0044 0.0575 0.7475 1.0000 0.0001 0.0011 0.0147 0.1912 1.0000 1.0000 0.0003 0.0038 0.0489 0.6360 1.0000 0.0001 0.0010 0.0125 0.1626 1.0000 1.0000 0.0002 0.0032 0.0399 0.4507 1.0000 0.4507 0.0399 0.0032 0.0002 1.0000 1.0000 0.1626 0.0125 0.0010 0.0001 1.0000 0.6360 0.0489 0.0038 0.0003 1.0000 1.0000 0.1912 0.0147 0.0011 0.0001 1.0000 0.7475 0.0575 0.0044 0.0003 1.0000 1.0000 0.2247 0.0173 0.0013 0.0001 1.0000 0.8787 0.0676 0.0052 0.0004 1.0000 1.0000 0.2641 0.0203 0.0016 0.0001 1.0000 1.0000 0.0797 0.0062 0.0005 1.0000 1.0000
1.0000 0.0005 0.0060 0.0764 0.9812 1.0000 0.0001 0.0015 0.0190 0.2462 1.0000 1.0000 0.0004 0.0048 0.0630 0.8190 1.0000 0.0001 0.0012 0.0161 0.2094 1.0000 1.0000 0.0003 0.0041 0.0536 0.6967 1.0000 0.0001 0.0011 0.0137 0.1782 1.0000 1.0000 0.0003 0.0035 0.0456 0.5927 1.0000 0.0001 0.0009 0.0117 0.1516 1.0000 1.0000 0.0002 0.0030 0.0383 0.4836 1.0000 1.0000 1.0000 0.4836 0.0383 0.0030 0.0002 1.0000 1.0000 0.1516 0.0117 0.0009 0.0001 1.0000 0.5927 0.0456 0.0035 0.0003 1.0000 1.0000 0.1782 0.0137 0.0011 0.0001 1.0000 0.6967 0.0536 0.0041 0.0003 1.0000 1.0000 0.2094 0.0161 0.0012 0.0001 1.0000 0.8190 0.0630 0.0048 0.0004 1.0000 1.0000 0.2462 0.0190 0.0015 0.0001 1.0000 0.9812 0.0764 0.0060 0.0005 1.0000
0.0005 0.0062 0.0764 0.9608 1.0000 0.0001 0.0014 0.0178 0.2308 1.0000 1.0000 0.0003 0.0045 0.0587 0.7633 1.0000 0.0001 0.0012 0.0150 0.1952 1.0000 1.0000 0.0003 0.0038 0.0499 0.6494 1.0000 0.0001 0.0010 0.0128 0.1661 1.0000 1.0000 0.0003 0.0033 0.0425 0.5525 1.0000 0.0001 0.0008 0.0109 0.1413 1.0000 1.0000 0.0002 0.0028 0.0360 0.4647 1.0000 1.0000 0.0002 1.0000 1.0000 0.4647 0.0360 0.0028 0.0002 1.0000 1.0000 0.1413 0.0109 0.0008 0.0001 1.0000 0.5525 0.0425 0.0033 0.0003 1.0000 1.0000 0.1661 0.0128 0.0010 0.0001 1.0000 0.6494 0.0499 0.0038 0.0003 1.0000 1.0000 0.1952 0.0150 0.0012 0.0001 1.0000 0.7633 0.0587 0.0045 0.0003 1.0000 1.0000 0.2308 0.0178 0.0014 0.0001 1.0000 0.9608 0.0764 0.0062 0.0005
0.0062 0.0797 0.9812 1.0000 0.0001 0.0013 0.0171 0.2192 1.0000 1.0000 0.0003 0.0042 0.0547 0.7115 1.0000 0.0001 0.0011 0.0140 0.1820 1.0000 1.0000 0.0003 0.0036 0.0465 0.6053 1.0000 0.0001 0.0009 0.0119 0.1548 1.0000 1.0000 0.0002 0.0030 0.0396 0.5149 1.0000 0.0001 0.0008 0.0101 0.1317 1.0000 1.0000 0.0002 0.0026 0.0335 0.4356 1.0000 1.0000 0.0006 0.0026 0.0006 1.0000 1.0000 0.4356 0.0335 0.0026 0.0002 1.0000 1.0000 0.1317 0.0101 0.0008 0.0001 1.0000 0.5149 0.0396 0.0030 0.0002 1.0000 1.0000 0.1548 0.0119 0.0009 0.0001 1.0000 0.6053 0.0465 0.0036 0.0003 1.0000 1.0000 0.1820 0.0140 0.0011 0.0001 1.0000 0.7115 0.0547 0.0042 0.0003 1.0000 1.0000 0.2192 0.0171 0.0013 0.0001 1.0000 0.9812 0.0797 0.0062
0.0805 1.0000 1.0000 0.0001 0.0013 0.0168 0.2131 1.0000 1.0000 0.0003 0.0040 0.0514 0.6657 1.0000 0.0001 0.0010 0.0130 0.1696 1.0000 1.0000 0.0003 0.0033 0.0434 0.5641 1.0000 0.0001 0.0009 0.0111 0.1443 1.0000 1.0000 0.0002 0.0028 0.0369 0.4799 1.0000 0.0001 0.0007 0.0094 0.1227 1.0000 1.0000 0.0002 0.0024 0.0313 0.4068 1.0000 1.0000 0.0006 0.0067 0.0321 0.0067 0.0006 1.0000 1.0000 0.4068 0.0313 0.0024 0.0002 1.0000 1.0000 0.1227 0.0094 0.0007 0.0001 1.0000 0.4799 0.0369 0.0028 0.0002 1.0000 1.0000 0.1443 0.0111 0.0009 0.0001 1.0000 0.5641 0.0434 0.0033 0.0003 1.0000 1.0000 0.1696 0.0130 0.0010 0.0001 1.0000 0.6657 0.0514 0.0040 0.0003 1.0000 1.0000 0.2131 0.0168 0.0013 0.0001 1.0000 1.0000 0.0805
1.0000 1.0000 0.0001 0.0014 0.0171 0.2131 1.0000 1.0000 0.0003 0.0038 0.0488 0.6287 1.0000 0.0001 0.0009 0.0122 0.1581 1.0000 1.0000 0.0002 0.0031 0.0404 0.5258 1.0000 0.0001 0.0008 0.0103 0.1345 1.0000 1.0000 0.0002 0.0026 0.0344 0.4473 1.0000 0.0001 0.0007 0.0088 0.1144 1.0000 1.0000 0.0002 0.0022 0.0292 0.3798 1.0000 1.0000 0.0006 0.0072 0.0811 0.3893 0.0811 0.0072 0.0006 1.0000 1.0000 0.3798 0.0292 0.0022 0.0002 1.0000 1.0000 0.1144 0.0088 0.0007 0.0001 1.0000 0.4473 0.0344 0.0026 0.0002 1.0000 1.0000 0.1345 0.0103 0.0008 0.0001 1.0000 0.5258 0.0404 0.0031 0.0002 1.0000 1.0000 0.1581 0.0122 0.0009 0.0001 1.0000 0.6287 0.0488 0.0038 0.0003 1.0000 1.0000 0.2131 0.0171 0.0014 0.0001 1.0000 1.0000
1.0000 0.0001 0.0015 0.0178 0.2192 1.0000 1.0000 0.0003 0.0037 0.0471 0.6018 1.0000 0.0001 0.0009 0.0114 0.1479 1.0000 1.0000 0.0002 0.0029 0.0377 0.4901 1.0000 0.0001 0.0007 0.0096 0.1253 1.0000 1.0000 0.0002 0.0025 0.0321 0.4169 1.0000 1.0000 0.0006 0.0082 0.1066 1.0000 1.0000 0.0002 0.0021 0.0272 0.3540 1.0000 1.0000 0.0005 0.0069 0.0868 0.9830 1.0000 0.9830 0.0868 0.0069 0.0005 1.0000 1.0000 0.3540 0.0272 0.0021 0.0002 1.0000 1.0000 0.1066 0.0082 0.0006 1.0000 1.0000 0.4169 0.0321 0.0025 0.0002 1.0000 1.0000 0.1253 0.0096 0.0007 0.0001 1.0000 0.4901 0.0377 0.0029 0.0002 1.0000 1.0000 0.1479 0.0114 0.0009 0.0001 1.0000 0.6018 0.0471 0.0037 0.0003 1.0000 1.0000 0.2192 0.0178 0.0015 0.0001 1.0000
0.0001 0.0016 0.0190 0.2308 1.0000 1.0000 0.0003 0.0037 0.0465 0.5882 1.0000 0.0001 0.0008 0.0108 0.1394 1.0000 1.0000 0.0002 0.0027 0.0351 0.4568 1.0000 0.0001 0.0007 0.0090 0.1168 1.0000 1.0000 0.0002 0.0023 0.0299 0.3886 1.0000 1.0000 0.0006 0.0076 0.0994 1.0000 1.0000 0.0002 0.0020 0.0254 0.3300 1.0000 1.0000 0.0005 0.0065 0.0833 1.0000 1.0000 1.0000 1.0000 1.0000 0.0833 0.0065 0.0005 1.0000 1.0000 0.3300 0.0254 0.0020 0.0002 1.0000 1.0000 0.0994 0.0076 0.0006 1.0000 1.0000 0.3886 0.0299 0.0023 0.0002 1.0000 1.0000 0.1168 0.0090 0.0007 0.0001 1.0000 0.4568 0.0351 0.0027 0.0002 1.0000 1.0000 0.1394 0.0108 0.0008 0.0001 1.0000 0.5882 0.0465 0.0037 0.0003 1.0000 1.0000 0.2308 0.0190 0.0016 0.0001
0.0016 0.0203 0.2462 1.0000 1.0000 0.0003 0.0038 0.0471 0.5882 1.0000 0.0001 0.0008 0.0104 0.1332 1.0000 1.0000 0.0002 0.0025 0.0329 0.4266 1.0000 1.0000 0.0006 0.0084 0.1089 1.0000 1.0000 0.0002 0.0021 0.0278 0.3622 1.0000 1.0000 0.0005 0.0071 0.0926 1.0000 1.0000 0.0001 0.0018 0.0237 0.3075 1.0000 1.0000 0.0005 0.0060 0.0782 1.0000 1.0000 0.0001 0.0005 0.0001 1.0000 1.0000 0.0782 0.0060 0.0005 1.0000 1.0000 0.3075 0.0237 0.0018 0.0001 1.0000 1.0000 0.0926 0.0071 0.0005 1.0000 1.0000 0.3622 0.0278 0.0021 0.0002 1.0000 1.0000 0.1089 0.0084 0.0006 1.0000 1.0000 0.4266 0.0329 0.0025 0.0002 1.0000 1.0000 0.1332 0.0104 0.0008 0.0001 1.0000 0.5882 0.0471 0.0038 0.0003 1.0000 1.0000 0.2462 0.0203 0.0016
0.0206 0.2641 1.0000 1.0000 0.0003 0.0040 0.0488 0.6018 1.0000 0.0001 0.0008 0.0102 0.1292 1.0000 1.0000 0.0002 0.0024 0.0309 0.3998 1.0000 1.0000 0.0006 0.0078 0.1015 1.0000 1.0000 0.0002 0.0020 0.0260 0.3376 1.0000 1.0000 0.0005 0.0066 0.0863 1.0000 1.0000 0.0001 0.0017 0.0221 0.2867 1.0000 1.0000 0.0004 0.0056 0.0730 0.9481 1.0000 0.0001 0.0012 0.0058 0.0012 0.0001 1.0000 0.9481 0.0730 0.0056 0.0004 1.0000 1.0000 0.2867 0.0221 0.0017 0.0001 1.0000 1.0000 0.0863 0.0066 0.0005 1.0000 1.0000 0.3376 0.0260 0.0020 0.0002 1.0000 1.0000 0.1015 0.0078 0.0006 1.0000 1.0000 0.3998 0.0309 0.0024 0.0002 1.0000 1.0000 0.1292 0.0102 0.0008 0.0001 1.0000 0.6018 0.0488 0.0040 0.0003 1.0000 1.0000 0.2641 0.0206
0.2682 1.0000 1.0000 0.0003 0.0042 0.0514 0.6287 1.0000 0.0001 0.0008 0.0102 0.1280 1.0000 1.0000 0.0002 0.0023 0.0294 0.3791 1.0000 1.0000 0.0006 0.0073 0.0946 1.0000 1.0000 0.0001 0.0019 0.0242 0.3146 1.0000 1.0000 0.0005 0.0062 0.0805 1.0000 1.0000 0.0001 0.0016 0.0206 0.2677 1.0000 1.0000 0.0004 0.0052 0.0681 0.8854 1.0000 0.0001 0.0013 0.0146 0.0699 0.0146 0.0013 0.0001 1.0000 0.8854 0.0681 0.0052 0.0004 1.0000 1.0000 0.2677 0.0206 0.0016 0.0001 1.0000 1.0000 0.0805 0.0062 0.0005 1.0000 1.0000 0.3146 0.0242 0.0019 0.0001 1.0000 1.0000 0.0946 0.0073 0.0006 1.0000 1.0000 0.3791 0.0294 0.0023 0.0002 1.0000 1.0000 0.1280 0.0102 0.0008 0.0001 1.0000 0.6287 0.0514 0.0042 0.0003 1.0000 1.0000 0.2682
1.0000 1.0000 0.0004 0.0045 0.0547 0.6657 1.0000 0.0001 0.0008 0.0104 0.1292 1.0000 1.0000 0.0002 0.0022 0.0284 0.3629 1.0000 1.0000 0.0005 0.0069 0.0887 1.0000 1.0000 0.0001 0.0017 0.0225 0.2933 1.0000 1.0000 0.0004 0.0058 0.0750 0.9756 1.0000 0.0001 0.0015 0.0192 0.2495 1.0000 1.0000 0.0004 0.0049 0.0636 0.8252 1.0000 0.0001 0.0012 0.0156 0.1762 0.8475 0.1762 0.0156 0.0012 0.0001 1.0000 0.8252 0.0636 0.0049 0.0004 1.0000 1.0000 0.2495 0.0192 0.0015 0.0001 1.0000 0.9756 0.0750 0.0058 0.0004 1.0000 1.0000 0.2933 0.0225 0.0017 0.0001 1.0000 1.0000 0.0887 0.0069 0.0005 1.0000 1.0000 0.3629 0.0284 0.0022 0.0002 1.0000 1.0000 0.1292 0.0104 0.0008 0.0001 1.0000 0.6657 0.0547 0.0045 0.0004 1.0000 1.0000
1.0000 0.0004 0.0048 0.0587 0.7115 1.0000 0.0001 0.0009 0.0108 0.1332 1.0000 1.0000 0.0002 0.0022 0.0279 0.3534 1.0000 1.0000 0.0005 0.0065 0.0839 1.0000 1.0000 0.0001 0.0016 0.0210 0.2733 1.0000 1.0000 0.0004 0.0054 0.0699 0.9093 1.0000 0.0001 0.0014 0.0179 0.2325 1.0000 1.0000 0.0004 0.0046 0.0592 0.7692 1.0000 0.0001 0.0012 0.0150 0.1886 1.0000 1.0000 1.0000 0.1886 0.0150 0.0012 0.0001 1.0000 0.7692 0.0592 0.0046 0.0004 1.0000 1.0000 0.2325 0.0179 0.0014 0.0001 1.0000 0.9093 0.0699 0.0054 0.0004 1.0000 1.0000 0.2733 0.0210 0.0016 0.0001 1.0000 1.0000 0.0839 0.0065 0.0005 1.0000 1.0000 0.3534 0.0279 0.0022 0.0002 1.0000 1.0000 0.1332 0.0108 0.0009 0.0001 1.0000 0.7115 0.0587 0.0048 0.0004 1.0000
0.0004 0.0052 0.0630 0.7633 1.0000 0.0001 0.0009 0.0114 0.1394 1.0000 1.0000 0.0002 0.0022 0.0279 0.3500 1.0000 1.0000 0.0005 0.0062 0.0800 1.0000 1.0000 0.0001 0.0015 0.0197 0.2553 1.0000 1.0000 0.0004 0.0050 0.0652 0.8475 1.0000 0.0001 0.0013 0.0167 0.2167 1.0000 1.0000 0.0003 0.0043 0.0552 0.7183 1.0000 0.0001 0.0011 0.0140 0.1813 1.0000 1.0000 0.0001 1.0000 1.0000 0.1813 0.0140 0.0011 0.0001 1.0000 0.7183 0.0552 0.0043 0.0003 1.0000 1.0000 0.2167 0.0167 0.0013 0.0001 1.0000 0.8475 0.0652 0.0050 0.0004 1.0000 1.0000 0.2553 0.0197 0.0015 0.0001 1.0000 1.0000 0.0800 0.0062 0.0005 1.0000 1.0000 0.3500 0.0279 0.0022 0.0002 1.0000 1.0000 0.1394 0.0114 0.0009 0.0001 1.0000 0.7633 0.0630 0.0052 0.0004
0.0053 0.0676 0.8190 1.0000 0.0001 0.0010 0.0122 0.1479 1.0000 1.0000 0.0002 0.0023 0.0284 0.3534 1.0000 1.0000 0.0005 0.0061 0.0775 0.9887 1.0000 0.0001 0.0014 0.0186 0.2402 1.0000 1.0000 0.0004 0.0047 0.0607 0.7899 1.0000 0.0001 0.0012 0.0155 0.2020 1.0000 1.0000 0.0003 0.0040 0.0515 0.6695 1.0000 0.0001 0.0010 0.0131 0.1702 1.0000 1.0000 0.0002 0.0010 0.0002 1.0000 1.0000 0.1702 0.0131 0.0010 0.0001 1.0000 0.6695 0.0515 0.0040 0.0003 1.0000 1.0000 0.2020 0.0155 0.0012 0.0001 1.0000 0.7899 0.0607 0.0047 0.0004 1.0000 1.0000 0.2402 0.0186 0.0014 0.0001 1.0000 0.9887 0.0775 0.0061 0.0005 1.0000 1.0000 0.3534 0.0284 0.0023 0.0002 1.0000 1.0000 0.1479 0.0122 0.0010 0.0001 1.0000 0.8190 0.0676 0.0053
0.0686 0.8787 1.0000 0.0001 0.0011 0.0130 0.1581 1.0000 1.0000 0.0002 0.0024 0.0294 0.3629 1.0000 1.0000 0.0005 0.0060 0.0762 0.9645 1.0000 0.0001 0.0014 0.0177 0.2273 1.0000 1.0000 0.0003 0.0044 0.0567 0.7362 1.0000 0.0001 0.0011 0.0145 0.1883 1.0000 1.0000 0.0003 0.0037 0.0480 0.6240 1.0000 0.0001 0.0009 0.0122 0.1587 1.0000 1.0000 0.0002 0.0026 0.0126 0.0026 0.0002 1.0000 1.0000 0.1587 0.0122 0.0009 0.0001 1.0000 0.6240 0.0480 0.0037 0.0003 1.0000 1.0000 0.1883 0.0145 0.0011 0.0001 1.0000 0.7362 0.0567 0.0044 0.0003 1.0000 1.0000 0.2273 0.0177 0.0014 0.0001 1.0000 0.9645 0.0762 0.0060 0.0005 1.0000 1.0000 0.3629 0.0294 0.0024 0.0002 1.0000 1.0000 0.1581 0.0130 0.0011 0.0001 1.0000 0.8787 0.0686
0.8922 1.0000 0.0001 0.0012 0.0140 0.1696 1.0000 1.0000 0.0002 0.0025 0.0309 0.3791 1.0000 1.0000 0.0005 0.0061 0.0762 0.9572 1.0000 0.0001 0.0013 0.0170 0.2176 1.0000 1.0000 0.0003 0.0041 0.0532 0.6888 1.0000 0.0001 0.0010 0.0135 0.1755 1.0000 1.0000 0.0003 0.0034 0.0448 0.5816 1.0000 0.0001 0.0009 0.0114 0.1482 1.0000 1.0000 0.0002 0.0028 0.0316 0.1519 0.0316 0.0028 0.0002 1.0000 1.0000 0.1482 0.0114 0.0009 0.0001 1.0000 0.5816 0.0448 0.0034 0.0003 1.0000 1.0000 0.1755 0.0135 0.0010 0.0001 1.0000 0.6888 0.0532 0.0041 0.0003 1.0000 1.0000 0.2176 0.0170 0.0013 0.0001 1.0000 0.9572 0.0762 0.0061 0.0005 1.0000 1.0000 0.3791 0.0309 0.0025 0.0002 1.0000 1.0000 0.1696 0.0140 0.0012 0.0001 1.0000 0.8922
1.0000 0.0001 0.0012 0.0150 0.1820 1.0000 1.0000 0.0002 0.0027 0.0329 0.3998 1.0000 1.0000 0.0005 0.0062 0.0775 0.9645 1.0000 0.0001 0.0013 0.0166 0.2110 1.0000 1.0000 0.0003 0.0039 0.0502 0.6494 1.0000 0.0001 0.0010 0.0126 0.1636 1.0000 1.0000 0.0002 0.0032 0.0418 0.5421 1.0000 0.0001 0.0008 0.0106 0.1381 1.0000 1.0000 0.0002 0.0027 0.0339 0.3835 1.0000 0.3835 0.0339 0.0027 0.0002 1.0000 1.0000 0.1381 0.0106 0.0008 0.0001 1.0000 0.5421 0.0418 0.0032 0.0002 1.0000 1.0000 0.1636 0.0126 0.0010 0.0001 1.0000 0.6494 0.0502 0.0039 0.0003 1.0000 1.0000 0.2110 0.0166 0.0013 0.0001 1.0000 0.9645 0.0775 0.0062 0.0005 1.0000 1.0000 0.3998 0.0329 0.0027 0.0002 1.0000 1.0000 0.1820 0.0150 0.0012 0.0001 1.0000
0.0001 0.0013 0.0161 0.1952 1.0000 1.0000 0.0002 0.0029 0.0351 0.4266 1.0000 1.0000 0.0005 0.0065 0.0800 0.9887 1.0000 0.0001 0.0013 0.0165 0.2079 1.0000 1.0000 0.0003 0.0037 0.0479 0.6157 1.0000 0.0001 0.0009 0.0118 0.1530 1.0000 1.0000 0.0002 0.0030 0.0389 0.5062 1.0000 0.0001 0.0008 0.0099 0.1287 1.0000 1.0000 0.0002 0.0025 0.0325 0.4106 1.0000 1.0000 1.0000 0.4106 0.0325 0.0025 0.0002 1.0000 1.0000 0.1287 0.0099 0.0008 0.0001 1.0000 0.5062 0.0389 0.0030 0.0002 1.0000 1.0000 0.1530 0.0118 0.0009 0.0001 1.0000 0.6157 0.0479 0.0037 0.0003 1.0000 1.0000 0.2079 0.0165 0.0013 0.0001 1.0000 0.9887 0.0800 0.0065 0.0005 1.0000 1.0000 0.4266 0.0351 0.0029 0.0002 1.0000 1.0000 0.1952 0.0161 0.0013 0.0001
0.0013 0.0173 0.2094 1.0000 1.0000 0.0003 0.0031 0.0377 0.4568 1.0000 1.0000 0.0006 0.0069 0.0839 1.0000 1.0000 0.0001 0.0013 0.0166 0.2079 1.0000 1.0000 0.0003 0.0036 0.0462 0.5905 1.0000 0.0001 0.0009 0.0111 0.1437 1.0000 1.0000 0.0002 0.0028 0.0363 0.4718 1.0000 0.0001 0.0007 0.0092 0.1202 1.0000 1.0000 0.0002 0.0023 0.0305 0.3946 1.0000 1.0000 0.0002 1.0000 1.0000 0.3946 0.0305 0.0023 0.0002 1.0000 1.0000 0.1202 0.0092 0.0007 0.0001 1.0000 0.4718 0.0363 0.0028 0.0002 1.0000 1.0000 0.1437 0.0111 0.0009 0.0001 1.0000 0.5905 0.0462 0.0036 0.0003 1.0000 1.0000 0.2079 0.0166 0.0013 0.0001 1.0000 1.0000 0.0839 0.0069 0.0006 1.0000 1.0000 0.4568 0.0377 0.0031 0.0003 1.0000 1.0000 0.2094 0.0173 0.0013
0.0175 0.2247 1.0000 1.0000 0.0003 0.0033 0.0404 0.4901 1.0000 1.0000 0.0006 0.0073 0.0887 1.0000 1.0000 0.0001 0.0014 0.0170 0.2110 1.0000 1.0000 0.0003 0.0036 0.0451 0.5728 1.0000 0.0001 0.0008 0.0106 0.1360 1.0000 1.0000 0.0002 0.0026 0.0339 0.4406 1.0000 1.0000 0.0007 0.0086 0.1120 1.0000 1.0000 0.0002 0.0022 0.0285 0.3699 1.0000 1.0000 0.0005 0.0023 0.0005 1.0000 1.0000 0.3699 0.0285 0.0022 0.0002 1.0000 1.0000 0.1120 0.0086 0.0007 1.0000 1.0000 0.4406 0.0339 0.0026 0.0002 1.0000 1.0000 0.1360 0.0106 0.0008 0.0001 1.0000 0.5728 0.0451 0.0036 0.0003 1.0000 1.0000 0.2110 0.0170 0.0014 0.0001 1.0000 1.0000 0.0887 0.0073 0.0006 1.0000 1.0000 0.4901 0.0404 0.0033 0.0003 1.0000 1.0000 0.2247 0.0175
0.2282 1.0000 1.0000 0.0003 0.0036 0.0434 0.5258 1.0000 0.0001 0.0006 0.0078 0.0946 1.0000 1.0000 0.0001 0.0014 0.0177 0.2176 1.0000 1.0000 0.0003 0.0036 0.0448 0.5641 1.0000 0.0001 0.0008 0.0101 0.1299 1.0000 1.0000 0.0002 0.0025 0.0318 0.4122 1.0000 1.0000 0.0006 0.0080 0.1044 1.0000 1.0000 0.0002 0.0020 0.0266 0.3454 1.0000 1.0000 0.0005 0.0057 0.0273 0.0057 0.0005 1.0000 1.0000 0.3454 0.0266 0.0020 0.0002 1.0000 1.0000 0.1044 0.0080 0.0006 1.0000 1.0000 0.4122 0.0318 0.0025 0.0002 1.0000 1.0000 0.1299 0.0101 0.0008 0.0001 1.0000 0.5641 0.0448 0.0036 0.0003 1.0000 1.0000 0.2176 0.0177 0.0014 0.0001 1.0000 1.0000 0.0946 0.0078 0.0006 0.0001 1.0000 0.5258 0.0434 0.0036 0.0003 1.0000 1.0000 0.2282
1.0000 1.0000 0.0003 0.0038 0.0465 0.5641 1.0000 0.0001 0.0007 0.0084 0.1015 1.0000 1.0000 0.0001 0.0015 0.0186 0.2273 1.0000 1.0000 0.0003 0.0036 0.0451 0.5641 1.0000 0.0001 0.0008 0.0098 0.1253 1.0000 1.0000 0.0002 0.0023 0.0300 0.3879 1.0000 1.0000 0.0006 0.0075 0.0977 1.0000 1.0000 0.0001 0.0019 0.0248 0.3225 1.0000 1.0000 0.0005 0.0061 0.0688 0.3306 0.0688 0.0061 0.0005 1.0000 1.0000 0.3225 0.0248 0.0019 0.0001 1.0000 1.0000 0.0977 0.0075 0.0006 1.0000 1.0000 0.3879 0.0300 0.0023 0.0002 1.0000 1.0000 0.1253 0.0098 0.0008 0.0001 1.0000 0.5641 0.0451 0.0036 0.0003 1.0000 1.0000 0.2273 0.0186 0.0015 0.0001 1.0000 1.0000 0.1015 0.0084 0.0007 0.0001 1.0000 0.5641 0.0465 0.0038 0.0003 1.0000 1.0000
1.0000 0.0003 0.0041 0.0499 0.6053 1.0000 0.0001 0.0007 0.0090 0.1089 1.0000 1.0000 0.0001 0.0016 0.0197 0.2402 1.0000 1.0000 0.0003 0.0037 0.0462 0.5728 1.0000 0.0001 0.0008 0.0097 0.1225 1.0000 1.0000 0.0002 0.0022 0.0286 0.3685 1.0000 1.0000 0.0005 0.0071 0.0914 1.0000 1.0000 0.0001 0.0018 0.0232 0.3006 1.0000 1.0000 0.0005 0.0058 0.0737 0.8347 1.0000 0.8347 0.0737 0.0058 0.0005 1.0000 1.0000 0.3006 0.0232 0.0018 0.0001 1.0000 1.0000 0.0914 0.0071 0.0005 1.0000 1.0000 0.3685 0.0286 0.0022 0.0002 1.0000 1.0000 0.1225 0.0097 0.0008 0.0001 1.0000 0.5728 0.0462 0.0037 0.0003 1.0000 1.0000 0.2402 0.0197 0.0016 0.0001 1.0000 1.0000 0.1089 0.0090 0.0007 0.0001 1.0000 0.6053 0.0499 0.0041 0.0003 1.0000
0.0003 0.0044 0.0536 0.6494 1.0000 0.0001 0.0008 0.0096 0.1168 1.0000 1.0000 0.0001 0.0017 0.0210 0.2553 1.0000 1.0000 0.0003 0.0039 0.0479 0.5905 1.0000 0.0001 0.0008 0.0097 0.1216 1.0000 1.0000 0.0002 0.0022 0.0275 0.3520 1.0000 1.0000 0.0005 0.0066 0.0860 1.0000 1.0000 0.0001 0.0017 0.0217 0.2813 1.0000 1.0000 0.0004 0.0055 0.0708 0.8939 1.0000 1.0000 1.0000 0.8939 0.0708 0.0055 0.0004 1.0000 1.0000 0.2813 0.0217 0.0017 0.0001 1.0000 1.0000 0.0860 0.0066 0.0005 1.0000 1.0000 0.3520 0.0275 0.0022 0.0002 1.0000 1.0000 0.1216 0.0097 0.0008 0.0001 1.0000 0.5905 0.0479 0.0039 0.0003 1.0000 1.0000 0.2553 0.0210 0.0017 0.0001 1.0000 1.0000 0.1168 0.0096 0.0008 0.0001 1.0000 0.6494 0.0536 0.0044 0.0003
0.0045 0.0575 0.6967 1.0000 0.0001 0.0009 0.0103 0.1253 1.0000 1.0000 0.0002 0.0019 0.0225 0.2733 1.0000 1.0000 0.0003 0.0041 0.0502 0.6157 1.0000 0.0001 0.0008 0.0098 0.1225 1.0000 1.0000 0.0002 0.0021 0.0267 0.3402 1.0000 1.0000 0.0005 0.0063 0.0812 1.0000 1.0000 0.0001 0.0016 0.0203 0.2631 1.0000 1.0000 0.0004 0.0051 0.0665 0.8589 1.0000 0.0001 0.0004 0.0001 1.0000 0.8589 0.0665 0.0051 0.0004 1.0000 1.0000 0.2631 0.0203 0.0016 0.0001 1.0000 1.0000 0.0812 0.0063 0.0005 1.0000 1.0000 0.3402 0.0267 0.0021 0.0002 1.0000 1.0000 0.1225 0.0098 0.0008 0.0001 1.0000 0.6157 0.0502 0.0041 0.0003 1.0000 1.0000 0.2733 0.0225 0.0019 0.0002 1.0000 1.0000 0.1253 0.0103 0.0009 0.0001 1.0000 0.6967 0.0575 0.0045
0.0583 0.7475 1.0000 0.0001 0.0009 0.0111 0.1345 1.0000 1.0000 0.0002 0.0020 0.0242 0.2933 1.0000 1.0000 0.0004 0.0044 0.0532 0.6494 1.0000 0.0001 0.0008 0.0101 0.1253 1.0000 1.0000 0.0002 0.0021 0.0264 0.3331 1.0000 1.0000 0.0005 0.0060 0.0775 0.9962 1.0000 0.0001 0.0015 0.0190 0.2467 1.0000 1.0000 0.0004 0.0048 0.0624 0.8066 1.0000 0.0001 0.0010 0.0049 0.0010 0.0001 1.0000 0.8066 0.0624 0.0048 0.0004 1.0000 1.0000 0.2467 0.0190 0.0015 0.0001 1.0000 0.9962 0.0775 0.0060 0.0005 1.0000 1.0000 0.3331 0.0264 0.0021 0.0002 1.0000 1.0000 0.1253 0.0101 0.0008 0.0001 1.0000 0.6494 0.0532 0.0044 0.0004 1.0000 1.0000 0.2933 0.0242 0.0020 0.0002 1.0000 1.0000 0.1345 0.0111 0.0009 0.0001 1.0000 0.7475 0.0583
0.7590 1.0000 0.0001 0.0010 0.0119 0.1443 1.0000 1.0000 0.0002 0.0021 0.0260 0.3146 1.0000 1.0000 0.0004 0.0047 0.0567 0.6888 1.0000 0.0001 0.0009 0.0106 0.1299 1.0000 1.0000 0.0002 0.0021 0.0264 0.3306 1.0000 1.0000 0.0005 0.0058 0.0746 0.9554 1.0000 0.0001 0.0014 0.0180 0.2321 1.0000 1.0000 0.0003 0.0045 0.0583 0.7561 1.0000 0.0001 0.0011 0.0124 0.0595 0.0124 0.0011 0.0001 1.0000 0.7561 0.0583 0.0045 0.0003 1.0000 1.0000 0.2321 0.0180 0.0014 0.0001 1.0000 0.9554 0.0746 0.0058 0.0005 1.0000 1.0000 0.3306 0.0264 0.0021 0.0002 1.0000 1.0000 0.1299 0.0106 0.0009 0.0001 1.0000 0.6888 0.0567 0.0047 0.0004 1.0000 1.0000 0.3146 0.0260 0.0021 0.0002 1.0000 1.0000 0.1443 0.0119 0.0010 0.0001 1.0000 0.7590
1.0000 0.0001 0.0011 0.0128 0.1548 1.0000 1.0000 0.0002 0.0023 0.0278 0.3376 1.0000 1.0000 0.0004 0.0050 0.0607 0.7362 1.0000 0.0001 0.0009 0.0111 0.1360 1.0000 1.0000 0.0002 0.0022 0.0267 0.3331 1.0000 1.0000 0.0005 0.0057 0.0726 0.9232 1.0000 0.0001 0.0013 0.0171 0.2201 1.0000 1.0000 0.0003 0.0042 0.0546 0.7074 1.0000 0.0001 0.0011 0.0133 0.1502 0.7210 0.1502 0.0133 0.0011 0.0001 1.0000 0.7074 0.0546 0.0042 0.0003 1.0000 1.0000 0.2201 0.0171 0.0013 0.0001 1.0000 0.9232 0.0726 0.0057 0.0005 1.0000 1.0000 0.3331 0.0267 0.0022 0.0002 1.0000 1.0000 0.1360 0.0111 0.0009 0.0001 1.0000 0.7362 0.0607 0.0050 0.0004 1.0000 1.0000 0.3376 0.0278 0.0023 0.0002 1.0000 1.0000 0.1548 0.0128 0.0011 0.0001 1.0000
0.0001 0.0011 0.0137 0.1661 1.0000 1.0000 0.0002 0.0025 0.0299 0.3622 1.0000 1.0000 0.0004 0.0054 0.0652 0.7899 1.0000 0.0001 0.0010 0.0118 0.1437 1.0000 1.0000 0.0002 0.0022 0.0275 0.3402 1.0000 1.0000 0.0005 0.0057 0.0715 0.9041 1.0000 0.0001 0.0013 0.0164 0.2098 1.0000 1.0000 0.0003 0.0040 0.0514 0.6644 1.0000 0.0001 0.0010 0.0128 0.1611 1.0000 1.0000 1.0000 0.1611 0.0128 0.0010 0.0001 1.0000 0.6644 0.0514 0.0040 0.0003 1.0000 1.0000 0.2098 0.0164 0.0013 0.0001 1.0000 0.9041 0.0715 0.0057 0.0005 1.0000 1.0000 0.3402 0.0275 0.0022 0.0002 1.0000 1.0000 0.1437 0.0118 0.0010 0.0001 1.0000 0.7899 0.0652 0.0054 0.0004 1.0000 1.0000 0.3622 0.0299 0.0025 0.0002 1.0000 1.0000 0.1661 0.0137 0.0011 0.0001
0.0011 0.0147 0.1782 1.0000 1.0000 0.0002 0.0026 0.0321 0.3886 1.0000 1.0000 0.0005 0.0058 0.0699 0.8475 1.0000 0.0001 0.0010 0.0126 0.1530 1.0000 1.0000 0.0002 0.0023 0.0286 0.3520 1.0000 1.0000 0.0005 0.0057 0.0715 0.8973 1.0000 0.0001 0.0012 0.0159 0.2024 1.0000 1.0000 0.0003 0.0038 0.0485 0.6264 1.0000 0.0001 0.0009 0.0121 0.1554 1.0000 1.0000 0.0001 1.0000 1.0000 0.1554 0.0121 0.0009 0.0001 1.0000 0.6264 0.0485 0.0038 0.0003 1.0000 1.0000 0.2024 0.0159 0.0012 0.0001 1.0000 0.8973 0.0715 0.0057 0.0005 1.0000 1.0000 0.3520 0.0286 0.0023 0.0002 1.0000 1.0000 0.1530 0.0126 0.0010 0.0001 1.0000 0.8475 0.0699 0.0058 0.0005 1.0000 1.0000 0.3886 0.0321 0.0026 0.0002 1.0000 1.0000 0.1782 0.0147 0.0011
0.0149 0.1912 1.0000 1.0000 0.0002 0.0028 0.0344 0.4169 1.0000 1.0000 0.0005 0.0062 0.0750 0.9093 1.0000 0.0001 0.0011 0.0135 0.1636 1.0000 1.0000 0.0002 0.0025 0.0300 0.3685 1.0000 1.0000 0.0005 0.0058 0.0726 0.9041 1.0000 0.0001 0.0012 0.0155 0.1967 1.0000 1.0000 0.0003 0.0036 0.0462 0.5939 1.0000 0.0001 0.0009 0.0113 0.1468 1.0000 1.0000 0.0002 0.0009 0.0002 1.0000 1.0000 0.1468 0.0113 0.0009 0.0001 1.0000 0.5939 0.0462 0.0036 0.0003 1.0000 1.0000 0.1967 0.0155 0.0012 0.0001 1.0000 0.9041 0.0726 0.0058 0.0005 1.0000 1.0000 0.3685 0.0300 0.0025 0.0002 1.0000 1.0000 0.1636 0.0135 0.0011 0.0001 1.0000 0.9093 0.0750 0.0062 0.0005 1.0000 1.0000 0.4169 0.0344 0.0028 0.0002 1.0000 1.0000 0.1912 0.0149
0.1941 1.0000 1.0000 0.0003 0.0030 0.0369 0.4473 1.0000 1.0000 0.0005 0.0066 0.0805 0.9756 1.0000 0.0001 0.0012 0.0145 0.1755 1.0000 1.0000 0.0002 0.0026 0.0318 0.3879 1.0000 1.0000 0.0005 0.0060 0.0746 0.9232 1.0000 0.0001 0.0012 0.0154 0.1941 1.0000 1.0000 0.0003 0.0035 0.0444 0.5685 1.0000 0.0001 0.0008 0.0107 0.1384 1.0000 1.0000 0.0002 0.0022 0.0108 0.0022 0.0002 1.0000 1.0000 0.1384 0.0107 0.0008 0.0001 1.0000 0.5685 0.0444 0.0035 0.0003 1.0000 1.0000 0.1941 0.0154 0.0012 0.0001 1.0000 0.9232 0.0746 0.0060 0.0005 1.0000 1.0000 0.3879 0.0318 0.0026 0.0002 1.0000 1.0000 0.1755 0.0145 0.0012 0.0001 1.0000 0.9756 0.0805 0.0066 0.0005 1.0000 1.0000 0.4473 0.0369 0.0030 0.0003 1.0000 1.0000 0.1941
1.0000 1.0000 0.0003 0.0033 0.0396 0.4799 1.0000 1.0000 0.0006 0.0071 0.0863 1.0000 1.0000 0.0001 0.0013 0.0155 0.1883 1.0000 1.0000 0.0002 0.0028 0.0339 0.4122 1.0000 1.0000 0.0005 0.0063 0.0775 0.9554 1.0000 0.0001 0.0012 0.0155 0.1941 1.0000 1.0000 0.0003 0.0034 0.0430 0.5483 1.0000 0.0001 0.0008 0.0102 0.1312 1.0000 1.0000 0.0002 0.0024 0.0273 0.1309 0.0273 0.0024 0.0002 1.0000 1.0000 0.1312 0.0102 0.0008 0.0001 1.0000 0.5483 0.0430 0.0034 0.0003 1.0000 1.0000 0.1941 0.0155 0.0012 0.0001 1.0000 0.9554 0.0775 0.0063 0.0005 1.0000 1.0000 0.4122 0.0339 0.0028 0.0002 1.0000 1.0000 0.1883 0.0155 0.0013 0.0001 1.0000 1.0000 0.0863 0.0071 0.0006 1.0000 1.0000 0.4799 0.0396 0.0033 0.0003 1.0000 1.0000
1.0000 0.0003 0.0035 0.0425 0.5149 1.0000 0.0001 0.0006 0.0076 0.0926 1.0000 1.0000 0.0001 0.0014 0.0167 0.2020 1.0000 1.0000 0.0002 0.0030 0.0363 0.4406 1.0000 1.0000 0.0005 0.0066 0.0812 0.9962 1.0000 0.0001 0.0013 0.0159 0.1967 1.0000 1.0000 0.0003 0.0033 0.0422 0.5339 1.0000 0.0001 0.0008 0.0097 0.1251 1.0000 1.0000 0.0002 0.0023 0.0295 0.3319 1.0000 0.3319 0.0295 0.0023 0.0002 1.0000 1.0000 0.1251 0.0097 0.0008 0.0001 1.0000 0.5339 0.0422 0.0033 0.0003 1.0000 1.0000 0.1967 0.0159 0.0013 0.0001 1.0000 0.9962 0.0812 0.0066 0.0005 1.0000 1.0000 0.4406 0.0363 0.0030 0.0002 1.0000 1.0000 0.2020 0.0167 0.0014 0.0001 1.0000 1.0000 0.0926 0.0076 0.0006 0.0001 1.0000 0.5149 0.0425 0.0035 0.0003 1.0000
0.0003 0.0038 0.0456 0.5525 1.0000 0.0001 0.0007 0.0082 0.0994 1.0000 1.0000 0.0001 0.0015 0.0179 0.2167 1.0000 1.0000 0.0003 0.0032 0.0389 0.4718 1.0000 1.0000 0.0006 0.0071 0.0860 1.0000 1.0000 0.0001 0.0013 0.0164 0.2024 1.0000 1.0000 0.0003 0.0033 0.0418 0.5268 1.0000 0.0001 0.0007 0.0094 0.1202 1.0000 1.0000 0.0002 0.0022 0.0287 0.3595 1.0000 1.0000 1.0000 0.3595 0.0287 0.0022 0.0002 1.0000 1.0000 0.1202 0.0094 0.0007 0.0001 1.0000 0.5268 0.0418 0.0033 0.0003 1.0000 1.0000 0.2024 0.0164 0.0013 0.0001 1.0000 1.0000 0.0860 0.0071 0.0006 1.0000 1.0000 0.4718 0.0389 0.0032 0.0003 1.0000 1.0000 0.2167 0.0179 0.0015 0.0001 1.0000 1.0000 0.0994 0.0082 0.0007 0.0001 1.0000 0.5525 0.0456 0.0038 0.0003
0.0038 0.0489 0.5927 1.0000 0.0001 0.0007 0.0088 0.1066 1.0000 1.0000 0.0001 0.0016 0.0192 0.2325 1.0000 1.0000 0.0003 0.0034 0.0418 0.5062 1.0000 1.0000 0.0006 0.0075 0.0914 1.0000 1.0000 0.0001 0.0014 0.0171 0.2098 1.0000 1.0000 0.0003 0.0034 0.0422 0.5268 1.0000 0.0001 0.0007 0.0092 0.1166 1.0000 1.0000 0.0002 0.0021 0.0275 0.3513 1.0000 1.0000 0.0002 1.0000 1.0000 0.3513 0.0275 0.0021 0.0002 1.0000 1.0000 0.1166 0.0092 0.0007 0.0001 1.0000 0.5268 0.0422 0.0034 0.0003 1.0000 1.0000 0.2098 0.0171 0.0014 0.0001 1.0000 1.0000 0.0914 0.0075 0.0006 1.0000 1.0000 0.5062 0.0418 0.0034 0.0003 1.0000 1.0000 0.2325 0.0192 0.0016 0.0001 1.0000 1.0000 0.1066 0.0088 0.0007 0.0001 1.0000 0.5927 0.0489 0.0038
0.0496 0.6360 1.0000 0.0001 0.0008 0.0094 0.1144 1.0000 1.0000 0.0001 0.0017 0.0206 0.2495 1.0000 1.0000 0.0003 0.0037 0.0448 0.5421 1.0000 0.0001 0.0007 0.0080 0.0977 1.0000 1.0000 0.0001 0.0015 0.0180 0.2201 1.0000 1.0000 0.0003 0.0035 0.0430 0.5339 1.0000 0.0001 0.0007 0.0090 0.1142 1.0000 1.0000 0.0002 0.0021 0.0264 0.3376 1.0000 1.0000 0.0004 0.0020 0.0004 1.0000 1.0000 0.3376 0.0264 0.0021 0.0002 1.0000 1.0000 0.1142 0.0090 0.0007 0.0001 1.0000 0.5339 0.0430 0.0035 0.0003 1.0000 1.0000 0.2201 0.0180 0.0015 0.0001 1.0000 1.0000 0.0977 0.0080 0.0007 0.0001 1.0000 0.5421 0.0448 0.0037 0.0003 1.0000 1.0000 0.2495 0.0206 0.0017 0.0001 1.0000 1.0000 0.1144 0.0094 0.0008 0.0001 1.0000 0.6360 0.0496
0.6457 1.0000 0.0001 0.0008 0.0101 0.1227 1.0000 1.0000 0.0002 0.0018 0.0221 0.2677 1.0000 1.0000 0.0003 0.0040 0.0480 0.5816 1.0000 0.0001 0.0007 0.0086 0.1044 1.0000 1.0000 0.0001 0.0016 0.0190 0.2321 1.0000 1.0000 0.0003 0.0036 0.0444 0.5483 1.0000 0.0001 0.0007 0.0090 0.1135 1.0000 1.0000 0.0002 0.0020 0.0255 0.3250 1.0000 1.0000 0.0005 0.0051 0.0243 0.0051 0.0005 1.0000 1.0000 0.3250 0.0255 0.0020 0.0002 1.0000 1.0000 0.1135 0.0090 0.0007 0.0001 1.0000 0.5483 0.0444 0.0036 0.0003 1.0000 1.0000 0.2321 0.0190 0.0016 0.0001 1.0000 1.0000 0.1044 0.0086 0.0007 0.0001 1.0000 0.5816 0.0480 0.0040 0.0003 1.0000 1.0000 0.2677 0.0221 0.0018 0.0002 1.0000 1.0000 0.1227 0.0101 0.0008 0.0001 1.0000 0.6457
1.0000 0.0001 0.0009 0.0109 0.1317 1.0000 1.0000 0.0002 0.0020 0.0237 0.2867 1.0000 1.0000 0.0004 0.0043 0.0515 0.6240 1.0000 0.0001 0.0008 0.0092 0.1120 1.0000 1.0000 0.0001 0.0017 0.0203 0.2467 1.0000 1.0000 0.0003 0.0038 0.0462 0.5685 1.0000 0.0001 0.0007 0.0092 0.1142 1.0000 1.0000 0.0002 0.0020 0.0248 0.3158 1.0000 1.0000 0.0004 0.0056 0.0624 0.2983 0.0624 0.0056 0.0004 1.0000 1.0000 0.3158 0.0248 0.0020 0.0002 1.0000 1.0000 0.1142 0.0092 0.0007 0.0001 1.0000 0.5685 0.0462 0.0038 0.0003 1.0000 1.0000 0.2467 0.0203 0.0017 0.0001 1.0000 1.0000 0.1120 0.0092 0.0008 0.0001 1.0000 0.6240 0.0515 0.0043 0.0004 1.0000 1.0000 0.2867 0.0237 0.0020 0.0002 1.0000 1.0000 0.1317 0.0109 0.0009 0.0001 1.0000
0.0001 0.0010 0.0117 0.1413 1.0000 1.0000 0.0002 0.0021 0.0254 0.3075 1.0000 1.0000 0.0004 0.0046 0.0552 0.6695 1.0000 0.0001 0.0008 0.0099 0.1202 1.0000 1.0000 0.0001 0.0018 0.0217 0.2631 1.0000 1.0000 0.0003 0.0040 0.0485 0.5939 1.0000 0.0001 0.0008 0.0094 0.1166 1.0000 1.0000 0.0002 0.0020 0.0246 0.3099 1.0000 1.0000 0.0004 0.0055 0.0687 0.7677 1.0000 0.7677 0.0687 0.0055 0.0004 1.0000 1.0000 0.3099 0.0246 0.0020 0.0002 1.0000 1.0000 0.1166 0.0094 0.0008 0.0001 1.0000 0.5939 0.0485 0.0040 0.0003 1.0000 1.0000 0.2631 0.0217 0.0018 0.0001 1.0000 1.0000 0.1202 0.0099 0.0008 0.0001 1.0000 0.6695 0.0552 0.0046 0.0004 1.0000 1.0000 0.3075 0.0254 0.0021 0.0002 1.0000 1.0000 0.1413 0.0117 0.0010 0.0001
0.0010 0.0125 0.1516 1.0000 1.0000 0.0002 0.0022 0.0272 0.3300 1.0000 1.0000 0.0004 0.0049 0.0592 0.7183 1.0000 0.0001 0.0009 0.0106 0.1287 1.0000 1.0000 0.0002 0.0019 0.0232 0.2813 1.0000 1.0000 0.0003 0.0042 0.0514 0.6264 1.0000 0.0001 0.0008 0.0097 0.1202 1.0000 1.0000 0.0002 0.0020 0.0246 0.3081 1.0000 1.0000 0.0004 0.0054 0.0685 0.8491 1.0000 1.0000 1.0000 0.8491 0.0685 0.0054 0.0004 1.0000 1.0000 0.3081 0.0246 0.0020 0.0002 1.0000 1.0000 0.1202 0.0097 0.0008 0.0001 1.0000 0.6264 0.0514 0.0042 0.0003 1.0000 1.0000 0.2813 0.0232 0.0019 0.0002 1.0000 1.0000 0.1287 0.0106 0.0009 0.0001 1.0000 0.7183 0.0592 0.0049 0.0004 1.0000 1.0000 0.3300 0.0272 0.0022 0.0002 1.0000 1.0000 0.1516 0.0125 0.0010
0.0127 0.1626 1.0000 1.0000 0.0002 0.0024 0.0292 0.3540 1.0000 1.0000 0.0004 0.0052 0.0636 0.7692 1.0000 0.0001 0.0009 0.0114 0.1381 1.0000 1.0000 0.0002 0.0020 0.0248 0.3006 1.0000 1.0000 0.0004 0.0045 0.0546 0.6644 1.0000 0.0001 0.0008 0.0102 0.1251 1.0000 1.0000 0.0002 0.0020 0.0248 0.3099 1.0000 1.0000 0.0004 0.0053 0.0673 0.8491 1.0000 0.0001 0.0004 0.0001 1.0000 0.8491 0.0673 0.0053 0.0004 1.0000 1.0000 0.3099 0.0248 0.0020 0.0002 1.0000 1.0000 0.1251 0.0102 0.0008 0.0001 1.0000 0.6644 0.0546 0.0045 0.0004 1.0000 1.0000 0.3006 0.0248 0.0020 0.0002 1.0000 1.0000 0.1381 0.0114 0.0009 0.0001 1.0000 0.7692 0.0636 0.0052 0.0004 1.0000 1.0000 0.3540 0.0292 0.0024 0.0002 1.0000 1.0000 0.1626 0.0127
0.1651 1.0000 1.0000 0.0002 0.0026 0.0313 0.3798 1.0000 1.0000 0.0005 0.0056 0.0681 0.8252 1.0000 0.0001 0.0010 0.0122 0.1482 1.0000 1.0000 0.0002 0.0022 0.0266 0.3225 1.0000 1.0000 0.0004 0.0048 0.0583 0.7074 1.0000 0.0001 0.0009 0.0107 0.1312 1.0000 1.0000 0.0002 0.0021 0.0255 0.3158 1.0000 1.0000 0.0004 0.0053 0.0665 0.8395 1.0000 0.0001 0.0010 0.0047 0.0010 0.0001 1.0000 0.8395 0.0665 0.0053 0.0004 1.0000 1.0000 0.3158 0.0255 0.0021 0.0002 1.0000 1.0000 0.1312 0.0107 0.0009 0.0001 1.0000 0.7074 0.0583 0.0048 0.0004 1.0000 1.0000 0.3225 0.0266 0.0022 0.0002 1.0000 1.0000 0.1482 0.0122 0.0010 0.0001 1.0000 0.8252 0.0681 0.0056 0.0005 1.0000 1.0000 0.3798 0.0313 0.0026 0.0002 1.0000 1.0000 0.1651
1.0000 1.0000 0.0002 0.0028 0.0335 0.4068 1.0000 1.0000 0.0005 0.0060 0.0730 0.8854 1.0000 0.0001 0.0011 0.0131 0.1587 1.0000 1.0000 0.0002 0.0023 0.0285 0.3454 1.0000 1.0000 0.0004 0.0051 0.0624 0.7561 1.0000 0.0001 0.0009 0.0113 0.1384 1.0000 1.0000 0.0002 0.0021 0.0264 0.3250 1.0000 1.0000 0.0004 0.0053 0.0665 0.8347 1.0000 0.0001 0.0011 0.0124 0.0588 0.0124 0.0011 0.0001 1.0000 0.8347 0.0665 0.0053 0.0004 1.0000 1.0000 0.3250 0.0264 0.0021 0.0002 1.0000 1.0000 0.1384 0.0113 0.0009 0.0001 1.0000 0.7561 0.0624 0.0051 0.0004 1.0000 1.0000 0.3454 0.0285 0.0023 0.0002 1.0000 1.0000 0.1587 0.0131 0.0011 0.0001 1.0000 0.8854 0.0730 0.0060 0.0005 1.0000 1.0000 0.4068 0.0335 0.0028 0.0002 1.0000 1.0000
1.0000 0.0002 0.0030 0.0360 0.4356 1.0000 1.0000 0.0005 0.0065 0.0782 0.9481 1.0000 0.0001 0.0012 0.0140 0.1702 1.0000 1.0000 0.0002 0.0025 0.0305 0.3699 1.0000 1.0000 0.0005 0.0055 0.0665 0.8066 1.0000 0.0001 0.0010 0.0121 0.1468 1.0000 1.0000 0.0002 0.0022 0.0275 0.3376 1.0000 1.0000 0.0004 0.0054 0.0673 0.8395 1.0000 0.0001 0.0011 0.0139 0.1539 0.7307 0.1539 0.0139 0.0011 0.0001 1.0000 0.8395 0.0673 0.0054 0.0004 1.0000 1.0000 0.3376 0.0275 0.0022 0.0002 1.0000 1.0000 0.1468 0.0121 0.0010 0.0001 1.0000 0.8066 0.0665 0.0055 0.0005 1.0000 1.0000 0.3699 0.0305 0.0025 0.0002 1.0000 1.0000 0.1702 0.0140 0.0012 0.0001 1.0000 0.9481 0.0782 0.0065 0.0005 1.0000 1.0000 0.4356 0.0360 0.0030 0.0002 1.0000
0.0002 0.0032 0.0383 0.4647 1.0000 1.0000 0.0006 0.0069 0.0833 1.0000 1.0000 0.0001 0.0012 0.0150 0.1813 1.0000 1.0000 0.0002 0.0027 0.0325 0.3946 1.0000 1.0000 0.0005 0.0058 0.0708 0.8589 1.0000 0.0001 0.0011 0.0128 0.1554 1.0000 1.0000 0.0002 0.0023 0.0287 0.3513 1.0000 1.0000 0.0004 0.0055 0.0685 0.8491 1.0000 0.0001 0.0011 0.0141 0.1728 1.0000 1.0000 1.0000 0.1728 0.0141 0.0011 0.0001 1.0000 0.8491 0.0685 0.0055 0.0004 1.0000 1.0000 0.3513 0.0287 0.0023 0.0002 1.0000 1.0000 0.1554 0.0128 0.0011 0.0001 1.0000 0.8589 0.0708 0.0058 0.0005 1.0000 1.0000 0.3946 0.0325 0.0027 0.0002 1.0000 1.0000 0.1813 0.0150 0.0012 0.0001 1.0000 1.0000 0.0833 0.0069 0.0006 1.0000 1.0000 0.4647 0.0383 0.0032 0.0002
0.0031 0.0399 0.4836 1.0000 1.0000 0.0006 0.0072 0.0868 1.0000 1.0000 0.0001 0.0013 0.0156 0.1886 1.0000 1.0000 0.0002 0.0028 0.0339 0.4106 1.0000 1.0000 0.0005 0.0061 0.0737 0.8939 1.0000 0.0001 0.0011 0.0133 0.1611 1.0000 1.0000 0.0002 0.0024 0.0295 0.3595 1.0000 1.0000 0.0005 0.0056 0.0687 0.8491 1.0000 0.0001 0.0011 0.0139 0.1728 1.0000 1.0000 0.0001 1.0000 1.0000 0.1728 0.0139 0.0011 0.0001 1.0000 0.8491 0.0687 0.0056 0.0005 1.0000 1.0000 0.3595 0.0295 0.0024 0.0002 1.0000 1.0000 0.1611 0.0133 0.0011 0.0001 1.0000 0.8939 0.0737 0.0061 0.0005 1.0000 1.0000 0.4106 0.0339 0.0028 0.0002 1.0000 1.0000 0.1886 0.0156 0.0013 0.0001 1.0000 1.0000 0.0868 0.0072 0.0006 1.0000 1.0000 0.4836 0.0399 0.0031
0.0350 0.4507 1.0000 1.0000 0.0006 0.0067 0.0811 0.9830 1.0000 0.0001 0.0012 0.0146 0.1762 1.0000 1.0000 0.0002 0.0026 0.0316 0.3835 1.0000 1.0000 0.0005 0.0057 0.0688 0.8347 1.0000 0.0001 0.0010 0.0124 0.1502 1.0000 1.0000 0.0002 0.0022 0.0273 0.3319 1.0000 1.0000 0.0004 0.0051 0.0624 0.7677 1.0000 0.0001 0.0010 0.0124 0.1539 1.0000 1.0000 0.0002 0.0008 0.0002 1.0000 1.0000 0.1539 0.0124 0.0010 0.0001 1.0000 0.7677 0.0624 0.0051 0.0004 1.0000 1.0000 0.3319 0.0273 0.0022 0.0002 1.0000 1.0000 0.1502 0.0124 0.0010 0.0001 1.0000 0.8347 0.0688 0.0057 0.0005 1.0000 1.0000 0.3835 0.0316 0.0026 0.0002 1.0000 1.0000 0.1762 0.0146 0.0012 0.0001 1.0000 0.9830 0.0811 0.0067 0.0006 1.0000 1.0000 0.4507 0.0350
0.1722 1.0000 1.0000 0.0002 0.0026 0.0321 0.3893 1.0000 1.0000 0.0005 0.0058 0.0699 0.8475 1.0000 0.0001 0.0010 0.0126 0.1519 1.0000 1.0000 0.0002 0.0023 0.0273 0.3306 1.0000 1.0000 0.0004 0.0049 0.0595 0.7210 1.0000 0.0001 0.0009 0.0108 0.1309 1.0000 1.0000 0.0002 0.0020 0.0243 0.2983 1.0000 1.0000 0.0004 0.0047 0.0588 0.7307 1.0000 0.0001 0.0008 0.0038 0.0008 0.0001 1.0000 0.7307 0.0588 0.0047 0.0004 1.0000 1.0000 0.2983 0.0243 0.0020 0.0002 1.0000 1.0000 0.1309 0.0108 0.0009 0.0001 1.0000 0.7210 0.0595 0.0049 0.0004 1.0000 1.0000 0.3306 0.0273 0.0023 0.0002 1.0000 1.0000 0.1519 0.0126 0.0010 0.0001 1.0000 0.8475 0.0699 0.0058 0.0005 1.0000 1.0000 0.3893 0.0321 0.0026 0.0002 1.0000 1.0000 0.1722
0.0350 0.4507 1.0000 1.0000 0.0006 0.0067 0.0811 0.9830 1.0000 0.0001 0.0012 0.0146 0.1762 1.0000 1.0000 0.0002 0.0026 0.0316 0.3835 1.0000 1.0000 0.0005 0.0057 0.0688 0.8347 1.0000 0.0001 0.0010 0.0124 0.1502 1.0000 1.0000 0.0002 0.0022 0.0273 0.3319 1.0000 1.0000 0.0004 0.0051 0.0624 0.7677 1.0000 0.0001 0.0010 0.0124 0.1539 1.0000 1.0000 0.0002 0.0008 0.0002 1.0000 1.0000 0.1539 0.0124 0.0010 0.0001 1.0000 0.7677 0.0624 0.0051 0.0004 1.0000 1.0000 0.3319 0.0273 0.0022 0.0002 1.0000 1.0000 0.1502 0.0124 0.0010 0.0001 1.0000 0.8347 0.0688 0.0057 0.0005 1.0000 1.0000 0.3835 0.0316 0.0026 0.0002 1.0000 1.0000 0.1762 0.0146 0.0012 0.0001 1.0000 0.9830 0.0811 0.0067 0.0006 1.0000 1.0000 0.4507 0.0350
0.0031 0.0399 0.4836 1.0000 1.0000 0.0006 0.0072 0.0868 1.0000 1.0000 0.0001 0.0013 0.0156 0.1886 1.0000 1.0000 0.0002 0.0028 0.0339 0.4106 1.0000 1.0000 0.0005 0.0061 0.0737 0.8939 1.0000 0.0001 0.0011 0.0133 0.1611 1.0000 1.0000 0.0002 0.0024 0.0295 0.3595 1.0000 1.0000 0.0005 0.0056 0.0687 0.8491 1.0000 0.0001 0.0011 0.0139 0.1728 1.0000 1.0000 0.0001 1.0000 1.0000 0.1728 0.0139 0.0011 0.0001 1.0000 0.8491 0.0687 0.0056 0.0005 1.0000 1.0000 0.3595 0.0295 0.0024 0.0002 1.0000 1.0000 0.1611 0.0133 0.0011 0.0001 1.0000 0.8939 0.0737 0.0061 0.0005 1.0000 1.0000 0.4106 0.0339 0.0028 0.0002 1.0000 1.0000 0.1886 0.0156 0.0013 0.0001 1.0000 1.0000 0.0868 0.0072 0.0006 1.0000 1.0000 0.4836 0.0399 0.0031
0.0002 0.0032 0.0383 0.4647 1.0000 1.0000 0.0006 0.0069 0.0833 1.0000 1.0000 0.0001 0.0012 0.0150 0.1813 1.0000 1.0000 0.0002 0.0027 0.0325 0.3946 1.0000 1.0000 0.0005 0.0058 0.0708 0.8589 1.0000 0.0001 0.0011 0.0128 0.1554 1.0000 1.0000 0.0002 0.0023 0.0287 0.3513 1.0000 1.0000 0.0004 0.0055 0.0685 0.8491 1.0000 0.0001 0.0011 0.0141 0.1728 1.0000 1.0000 1.0000 0.1728 0.0141 0.0011 0.0001 1.0000 0.8491 0.0685 0.0055 0.0004 1.0000 1.0000 0.3513 0.0287 0.0023 0.0002 1.0000 1.0000 0.1554 0.0128 0.0011 0.0001 1.0000 0.8589 0.0708 0.0058 0.0005 1.0000 1.0000 0.3946 0.0325 0.0027 0.0002 1.0000 1.0000 0.1813 0.0150 0.0012 0.0001 1.0000 1.0000 0.0833 0.0069 0.0006 1.0000 1.0000 0.4647 0.0383 0.0032 0.0002
1.0000 0.0002 0.0030 0.0360 0.4356 1.0000 1.0000 0.0005 0.0065 0.0782 0.9481 1.0000 0.0001 0.0012 0.0140 0.1702 1.0000 1.0000 0.0002 0.0025 0.0305 0.3699 1.0000 1.0000 0.0005 0.0055 0.0665 0.8066 1.0000 0.0001 0.0010 0.0121 0.1468 1.0000 1.0000 0.0002 0.0022 0.0275 0.3376 1.0000 1.0000 0.0004 0.0054 0.0673 0.8395 1.0000 0.0001 0.0011 0.0139 0.1539 0.7307 0.1539 0.0139 0.0011 0.0001 1.0000 0.8395 0.0673 0.0054 0.0004 1.0000 1.0000 0.3376 0.0275 0.0022 0.0002 1.0000 1.0000 0.1468 0.0121 0.0010 0.0001 1.0000 0.8066 0.0665 0.0055 0.0005 1.0000 1.0000 0.3699 0.0305 0.0025 0.0002 1.0000 1.0000 0.1702 0.0140 0.0012 0.0001 1.0000 0.9481 0.0782 0.0065 0.0005 1.0000 1.0000 0.4356 0.0360 0.0030 0.0002 1.0000
1.0000 1.0000 0.0002 0.0028 0.0335 0.4068 1.0000 1.0000 0.0005 0.0060 0.0730 0.8854 1.0000 0.0001 0.0011 0.0131 0.1587 1.0000 1.0000 0.0002 0.0023 0.0285 0.3454 1.0000 1.0000 0.0004 0.0051 0.0624 0.7561 1.0000 0.0001 0.0009 0.0113 0.1384 1.0000 1.0000 0.0002 0.0021 0.0264 0.3250 1.0000 1.0000 0.0004 0.0053 0.0665 0.8347 1.0000 0.0001 0.0011 0.0124 0.0588 0.0124 0.0011 0.0001 1.0000 0.8347 0.0665 0.0053 0.0004 1.0000 1.0000 0.3250 0.0264 0.0021 0.0002 1.0000 1.0000 0.1384 0.0113 0.0009 0.0001 1.0000 0.7561 0.0624 0.0051 0.0004 1.0000 1.0000 0.3454 0.0285 0.0023 0.0002 1.0000 1.0000 0.1587 0.0131 0.0011 0.0001 1.0000 0.8854 0.0730 0.0060 0.0005 1.0000 1.0000 0.4068 0.0335 0.0028 0.0002 1.0000 1.0000
