-0.2947 0.1395 0.1163 -0.2236 -0.3122 -0.3652 0.0070 0.2431 -0.1448 -0.2692 -0.3437 -0.3141 0.1261 0.1769 -0.2158 -0.3075 -0.3635 -0.0201 0.2299 -0.1310 -0.2637 -0.3401 -0.3328 0.1125 0.2230 -0.2078 -0.3026 -0.3616 -0.0544 0.2162 -0.1146 -0.2583 -0.3362 -0.3463 0.0989 0.2519 -0.1995 -0.2976 -0.3594 -0.0971 0.2025 -0.0944 -0.2527 -0.3322 -0.3555 0.0850 0.2669 -0.1903 -0.2914 -0.3597 -0.3615 -0.3597 -0.2914 -0.1903 0.2669 0.0850 -0.3555 -0.3322 -0.2527 -0.0944 0.2025 -0.0971 -0.3594 -0.2976 -0.1995 0.2519 0.0989 -0.3463 -0.3362 -0.2583 -0.1146 0.2162 -0.0544 -0.3616 -0.3026 -0.2078 0.2230 0.1125 -0.3328 -0.3401 -0.2637 -0.1310 0.2299 -0.0201 -0.3635 -0.3075 -0.2158 0.1769 0.1261 -0.3141 -0.3437 -0.2692 -0.1448 0.2431 0.0070 -0.3652 -0.3122 -0.2236 0.1163 0.1395 -0.2947
0.1395 0.1351 -0.2362 -0.3266 -0.3762 0.0053 0.2406 -0.1444 -0.2840 -0.3570 -0.3234 0.1242 0.2042 -0.2257 -0.3217 -0.3748 -0.0231 0.2267 -0.1287 -0.2787 -0.3535 -0.3423 0.1109 0.2427 -0.2162 -0.3168 -0.3733 -0.0589 0.2129 -0.1100 -0.2734 -0.3497 -0.3559 0.0975 0.2649 -0.2064 -0.3119 -0.3715 -0.1034 0.1994 -0.0866 -0.2680 -0.3458 -0.3654 0.0838 0.2744 -0.1963 -0.3067 -0.3697 -0.2088 0.0837 -0.2088 -0.3697 -0.3067 -0.1963 0.2744 0.0838 -0.3654 -0.3458 -0.2680 -0.0866 0.1994 -0.1034 -0.3715 -0.3119 -0.2064 0.2649 0.0975 -0.3559 -0.3497 -0.2734 -0.1100 0.2129 -0.0589 -0.3733 -0.3168 -0.2162 0.2427 0.1109 -0.3423 -0.3535 -0.2787 -0.1287 0.2267 -0.0231 -0.3748 -0.3217 -0.2257 0.2042 0.1242 -0.3234 -0.3570 -0.2840 -0.1444 0.2406 0.0053 -0.3762 -0.3266 -0.2362 0.1351 0.1395
0.1163 -0.2362 -0.3258 -0.3759 -0.0032 0.2355 -0.1385 -0.2818 -0.3555 -0.3322 0.1183 0.2232 -0.2216 -0.3196 -0.3742 -0.0377 0.2206 -0.1210 -0.2764 -0.3518 -0.3488 0.1050 0.2542 -0.2119 -0.3147 -0.3725 -0.0773 0.2069 -0.1005 -0.2710 -0.3480 -0.3605 0.0915 0.2704 -0.2021 -0.3097 -0.3706 -0.1250 0.1934 -0.0742 -0.2656 -0.3440 -0.3685 0.0775 0.2754 -0.1919 -0.3046 -0.3685 -0.1887 0.1592 0.2727 0.1592 -0.1887 -0.3685 -0.3046 -0.1919 0.2754 0.0775 -0.3685 -0.3440 -0.2656 -0.0742 0.1934 -0.1250 -0.3706 -0.3097 -0.2021 0.2704 0.0915 -0.3605 -0.3480 -0.2710 -0.1005 0.2069 -0.0773 -0.3725 -0.3147 -0.2119 0.2542 0.1050 -0.3488 -0.3518 -0.2764 -0.1210 0.2206 -0.0377 -0.3742 -0.3196 -0.2216 0.2232 0.1183 -0.3322 -0.3555 -0.2818 -0.1385 0.2355 -0.0032 -0.3759 -0.3258 -0.2362 0.1163
-0.2236 -0.3266 -0.3759 -0.0066 0.2323 -0.1339 -0.2800 -0.3541 -0.3394 0.1128 0.2385 -0.2174 -0.3175 -0.3735 -0.0538 0.2146 -0.1126 -0.2740 -0.3502 -0.3544 0.0992 0.2629 -0.2077 -0.3125 -0.3717 -0.0973 0.2010 -0.0899 -0.2686 -0.3463 -0.3644 0.0855 0.2738 -0.1978 -0.3076 -0.3697 -0.1473 0.1877 -0.0600 -0.2632 -0.3422 -0.3709 0.0712 0.2750 -0.1874 -0.3024 -0.3674 -0.2012 0.1697 0.0543 -0.1948 0.0543 0.1697 -0.2012 -0.3674 -0.3024 -0.1874 0.2750 0.0712 -0.3709 -0.3422 -0.2632 -0.0600 0.1877 -0.1473 -0.3697 -0.3076 -0.1978 0.2738 0.0855 -0.3644 -0.3463 -0.2686 -0.0899 0.2010 -0.0973 -0.3717 -0.3125 -0.2077 0.2629 0.0992 -0.3544 -0.3502 -0.2740 -0.1126 0.2146 -0.0538 -0.3735 -0.3175 -0.2174 0.2385 0.1128 -0.3394 -0.3541 -0.2800 -0.1339 0.2323 -0.0066 -0.3759 -0.3266 -0.2236
-0.3122 -0.3762 -0.0032 0.2323 -0.1321 -0.2789 -0.3531 -0.3446 0.1081 0.2496 -0.2135 -0.3154 -0.3727 -0.0716 0.2086 -0.1034 -0.2717 -0.3485 -0.3592 0.0933 0.2690 -0.2034 -0.3104 -0.3709 -0.1185 0.1951 -0.0780 -0.2663 -0.3446 -0.3676 0.0794 0.2753 -0.1933 -0.3054 -0.3687 -0.1696 0.1820 -0.0437 -0.2608 -0.3404 -0.3729 0.0646 0.2734 -0.1828 -0.3002 -0.3663 -0.2198 0.1669 0.0204 -0.2458 -0.3013 -0.2458 0.0204 0.1669 -0.2198 -0.3663 -0.3002 -0.1828 0.2734 0.0646 -0.3729 -0.3404 -0.2608 -0.0437 0.1820 -0.1696 -0.3687 -0.3054 -0.1933 0.2753 0.0794 -0.3676 -0.3446 -0.2663 -0.0780 0.1951 -0.1185 -0.3709 -0.3104 -0.2034 0.2690 0.0933 -0.3592 -0.3485 -0.2717 -0.1034 0.2086 -0.0716 -0.3727 -0.3154 -0.2135 0.2496 0.1081 -0.3446 -0.3531 -0.2789 -0.1321 0.2323 -0.0032 -0.3762 -0.3122
-0.3652 0.0053 0.2355 -0.1339 -0.2789 -0.3528 -0.3473 0.1048 0.2567 -0.2102 -0.3136 -0.3720 -0.0900 0.2029 -0.0933 -0.2693 -0.3468 -0.3633 0.0873 0.2730 -0.1991 -0.3082 -0.3700 -0.1406 0.1894 -0.0644 -0.2639 -0.3428 -0.3703 0.0731 0.2753 -0.1888 -0.3032 -0.3677 -0.1914 0.1763 -0.0247 -0.2584 -0.3385 -0.3745 0.0578 0.2707 -0.1780 -0.2980 -0.3651 -0.2385 0.1611 0.0360 -0.2494 -0.3315 -0.3760 -0.3315 -0.2494 0.0360 0.1611 -0.2385 -0.3651 -0.2980 -0.1780 0.2707 0.0578 -0.3745 -0.3385 -0.2584 -0.0247 0.1763 -0.1914 -0.3677 -0.3032 -0.1888 0.2753 0.0731 -0.3703 -0.3428 -0.2639 -0.0644 0.1894 -0.1406 -0.3700 -0.3082 -0.1991 0.2730 0.0873 -0.3633 -0.3468 -0.2693 -0.0933 0.2029 -0.0900 -0.3720 -0.3136 -0.2102 0.2567 0.1048 -0.3473 -0.3528 -0.2789 -0.1339 0.2355 0.0053 -0.3652
0.0070 0.2406 -0.1385 -0.2800 -0.3531 -0.3473 0.1037 0.2600 -0.2079 -0.3122 -0.3714 -0.1069 0.1978 -0.0827 -0.2671 -0.3451 -0.3667 0.0812 0.2750 -0.1947 -0.3060 -0.3690 -0.1630 0.1836 -0.0488 -0.2615 -0.3409 -0.3724 0.0666 0.2740 -0.1842 -0.3009 -0.3666 -0.2124 0.1702 -0.0027 -0.2560 -0.3366 -0.3756 0.0506 0.2672 -0.1732 -0.2958 -0.3639 -0.2560 0.1549 0.0624 -0.2468 -0.3315 -0.3804 -0.2519 -0.3804 -0.3315 -0.2468 0.0624 0.1549 -0.2560 -0.3639 -0.2958 -0.1732 0.2672 0.0506 -0.3756 -0.3366 -0.2560 -0.0027 0.1702 -0.2124 -0.3666 -0.3009 -0.1842 0.2740 0.0666 -0.3724 -0.3409 -0.2615 -0.0488 0.1836 -0.1630 -0.3690 -0.3060 -0.1947 0.2750 0.0812 -0.3667 -0.3451 -0.2671 -0.0827 0.1978 -0.1069 -0.3714 -0.3122 -0.2079 0.2600 0.1037 -0.3473 -0.3531 -0.2800 -0.1385 0.2406 0.0070
0.2431 -0.1444 -0.2818 -0.3541 -0.3446 0.1048 0.2600 -0.2071 -0.3114 -0.3709 -0.1203 0.1936 -0.0727 -0.2651 -0.3435 -0.3694 0.0752 0.2754 -0.1902 -0.3038 -0.3680 -0.1851 0.1780 -0.0306 -0.2591 -0.3391 -0.3740 0.0599 0.2716 -0.1795 -0.2987 -0.3655 -0.2321 0.1637 0.0227 -0.2528 -0.3347 -0.3763 0.0431 0.2629 -0.1681 -0.2935 -0.3627 -0.2721 0.1488 0.0924 -0.2429 -0.3299 -0.3766 -0.0030 0.1440 -0.0030 -0.3766 -0.3299 -0.2429 0.0924 0.1488 -0.2721 -0.3627 -0.2935 -0.1681 0.2629 0.0431 -0.3763 -0.3347 -0.2528 0.0227 0.1637 -0.2321 -0.3655 -0.2987 -0.1795 0.2716 0.0599 -0.3740 -0.3391 -0.2591 -0.0306 0.1780 -0.1851 -0.3680 -0.3038 -0.1902 0.2754 0.0752 -0.3694 -0.3435 -0.2651 -0.0727 0.1936 -0.1203 -0.3709 -0.3114 -0.2071 0.2600 0.1048 -0.3446 -0.3541 -0.2818 -0.1444 0.2431
-0.1448 -0.2840 -0.3555 -0.3394 0.1081 0.2567 -0.2079 -0.3114 -0.3708 -0.1274 0.1909 -0.0646 -0.2635 -0.3421 -0.3713 0.0695 0.2746 -0.1858 -0.3016 -0.3669 -0.2063 0.1720 -0.0095 -0.2567 -0.3372 -0.3753 0.0528 0.2683 -0.1746 -0.2965 -0.3643 -0.2503 0.1572 0.0510 -0.2487 -0.3328 -0.3767 0.0350 0.2582 -0.1628 -0.2913 -0.3614 -0.2867 0.1427 0.1229 -0.2388 -0.3280 -0.3765 0.0077 0.2262 0.1342 0.2262 0.0077 -0.3765 -0.3280 -0.2388 0.1229 0.1427 -0.2867 -0.3614 -0.2913 -0.1628 0.2582 0.0350 -0.3767 -0.3328 -0.2487 0.0510 0.1572 -0.2503 -0.3643 -0.2965 -0.1746 0.2683 0.0528 -0.3753 -0.3372 -0.2567 -0.0095 0.1720 -0.2063 -0.3669 -0.3016 -0.1858 0.2746 0.0695 -0.3713 -0.3421 -0.2635 -0.0646 0.1909 -0.1274 -0.3708 -0.3114 -0.2079 0.2567 0.1081 -0.3394 -0.3555 -0.2840 -0.1448
-0.2692 -0.3570 -0.3322 0.1128 0.2496 -0.2102 -0.3122 -0.3709 -0.1274 0.1900 -0.0600 -0.2624 -0.3410 -0.3726 0.0646 0.2731 -0.1817 -0.2996 -0.3659 -0.2260 0.1656 0.0148 -0.2538 -0.3353 -0.3761 0.0454 0.2643 -0.1696 -0.2942 -0.3631 -0.2670 0.1509 0.0814 -0.2445 -0.3308 -0.3768 0.0264 0.2530 -0.1573 -0.2890 -0.3601 -0.2997 0.1368 0.1517 -0.2346 -0.3260 -0.3760 0.0014 0.2360 -0.1242 -0.2370 -0.1242 0.2360 0.0014 -0.3760 -0.3260 -0.2346 0.1517 0.1368 -0.2997 -0.3601 -0.2890 -0.1573 0.2530 0.0264 -0.3768 -0.3308 -0.2445 0.0814 0.1509 -0.2670 -0.3631 -0.2942 -0.1696 0.2643 0.0454 -0.3761 -0.3353 -0.2538 0.0148 0.1656 -0.2260 -0.3659 -0.2996 -0.1817 0.2731 0.0646 -0.3726 -0.3410 -0.2624 -0.0600 0.1900 -0.1274 -0.3709 -0.3122 -0.2102 0.2496 0.1128 -0.3322 -0.3570 -0.2692
-0.3437 -0.3234 0.1183 0.2385 -0.2135 -0.3136 -0.3714 -0.1203 0.1909 -0.0600 -0.2620 -0.3405 -0.3734 0.0610 0.2714 -0.1782 -0.2978 -0.3649 -0.2429 0.1595 0.0415 -0.2500 -0.3333 -0.3766 0.0375 0.2596 -0.1644 -0.2920 -0.3618 -0.2821 0.1447 0.1123 -0.2403 -0.3288 -0.3767 0.0171 0.2474 -0.1516 -0.2867 -0.3587 -0.3113 0.1309 0.1778 -0.2305 -0.3240 -0.3755 -0.0091 0.2326 -0.1327 -0.2753 -0.3273 -0.2753 -0.1327 0.2326 -0.0091 -0.3755 -0.3240 -0.2305 0.1778 0.1309 -0.3113 -0.3587 -0.2867 -0.1516 0.2474 0.0171 -0.3767 -0.3288 -0.2403 0.1123 0.1447 -0.2821 -0.3618 -0.2920 -0.1644 0.2596 0.0375 -0.3766 -0.3333 -0.2500 0.0415 0.1595 -0.2429 -0.3649 -0.2978 -0.1782 0.2714 0.0610 -0.3734 -0.3405 -0.2620 -0.0600 0.1909 -0.1203 -0.3714 -0.3136 -0.2135 0.2385 0.1183 -0.3234 -0.3437
-0.3141 0.1242 0.2232 -0.2174 -0.3154 -0.3720 -0.1069 0.1936 -0.0646 -0.2624 -0.3405 -0.3736 0.0590 0.2701 -0.1757 -0.2964 -0.3640 -0.2564 0.1542 0.0678 -0.2461 -0.3315 -0.3768 0.0291 0.2545 -0.1590 -0.2897 -0.3605 -0.2957 0.1387 0.1421 -0.2361 -0.3268 -0.3763 0.0069 0.2416 -0.1455 -0.2844 -0.3572 -0.3216 0.1251 0.2008 -0.2263 -0.3219 -0.3749 -0.0217 0.2271 -0.1285 -0.2777 -0.3538 -0.3876 -0.3538 -0.2777 -0.1285 0.2271 -0.0217 -0.3749 -0.3219 -0.2263 0.2008 0.1251 -0.3216 -0.3572 -0.2844 -0.1455 0.2416 0.0069 -0.3763 -0.3268 -0.2361 0.1421 0.1387 -0.2957 -0.3605 -0.2897 -0.1590 0.2545 0.0291 -0.3768 -0.3315 -0.2461 0.0678 0.1542 -0.2564 -0.3640 -0.2964 -0.1757 0.2701 0.0590 -0.3736 -0.3405 -0.2624 -0.0646 0.1936 -0.1069 -0.3720 -0.3154 -0.2174 0.2232 0.1242 -0.3141
0.1261 0.2042 -0.2216 -0.3175 -0.3727 -0.0900 0.1978 -0.0727 -0.2635 -0.3410 -0.3734 0.0590 0.2696 -0.1744 -0.2955 -0.3634 -0.2663 0.1499 0.0912 -0.2426 -0.3297 -0.3768 0.0204 0.2492 -0.1533 -0.2874 -0.3591 -0.3078 0.1328 0.1695 -0.2319 -0.3247 -0.3757 -0.0042 0.2356 -0.1391 -0.2821 -0.3557 -0.3307 0.1193 0.2204 -0.2222 -0.3199 -0.3743 -0.0360 0.2211 -0.1215 -0.2763 -0.3519 -0.3606 -0.0301 -0.3606 -0.3519 -0.2763 -0.1215 0.2211 -0.0360 -0.3743 -0.3199 -0.2222 0.2204 0.1193 -0.3307 -0.3557 -0.2821 -0.1391 0.2356 -0.0042 -0.3757 -0.3247 -0.2319 0.1695 0.1328 -0.3078 -0.3591 -0.2874 -0.1533 0.2492 0.0204 -0.3768 -0.3297 -0.2426 0.0912 0.1499 -0.2663 -0.3634 -0.2955 -0.1744 0.2696 0.0590 -0.3734 -0.3410 -0.2635 -0.0727 0.1978 -0.0900 -0.3727 -0.3175 -0.2216 0.2042 0.1261
0.1769 -0.2257 -0.3196 -0.3735 -0.0716 0.2029 -0.0827 -0.2651 -0.3421 -0.3726 0.0610 0.2701 -0.1744 -0.2952 -0.3631 -0.2723 0.1469 0.1092 -0.2398 -0.3282 -0.3765 0.0120 0.2440 -0.1477 -0.2852 -0.3577 -0.3186 0.1269 0.1937 -0.2278 -0.3227 -0.3751 -0.0166 0.2296 -0.1322 -0.2798 -0.3542 -0.3387 0.1136 0.2364 -0.2181 -0.3178 -0.3736 -0.0517 0.2152 -0.1134 -0.2742 -0.3503 -0.3566 0.0834 0.2096 0.0834 -0.3566 -0.3503 -0.2742 -0.1134 0.2152 -0.0517 -0.3736 -0.3178 -0.2181 0.2364 0.1136 -0.3387 -0.3542 -0.2798 -0.1322 0.2296 -0.0166 -0.3751 -0.3227 -0.2278 0.1937 0.1269 -0.3186 -0.3577 -0.2852 -0.1477 0.2440 0.0120 -0.3765 -0.3282 -0.2398 0.1092 0.1469 -0.2723 -0.3631 -0.2952 -0.1744 0.2701 0.0610 -0.3726 -0.3421 -0.2651 -0.0827 0.2029 -0.0716 -0.3735 -0.3196 -0.2257 0.1769
-0.2158 -0.3217 -0.3742 -0.0538 0.2086 -0.0933 -0.2671 -0.3435 -0.3713 0.0646 0.2714 -0.1757 -0.2955 -0.3631 -0.2743 0.1453 0.1207 -0.2378 -0.3270 -0.3762 0.0043 0.2394 -0.1424 -0.2831 -0.3563 -0.3277 0.1212 0.2143 -0.2236 -0.3206 -0.3745 -0.0304 0.2235 -0.1248 -0.2775 -0.3526 -0.3457 0.1078 0.2492 -0.2139 -0.3157 -0.3728 -0.0692 0.2093 -0.1044 -0.2719 -0.3487 -0.3594 0.0902 0.2761 -0.1032 0.2761 0.0902 -0.3594 -0.3487 -0.2719 -0.1044 0.2093 -0.0692 -0.3728 -0.3157 -0.2139 0.2492 0.1078 -0.3457 -0.3526 -0.2775 -0.1248 0.2235 -0.0304 -0.3745 -0.3206 -0.2236 0.2143 0.1212 -0.3277 -0.3563 -0.2831 -0.1424 0.2394 0.0043 -0.3762 -0.3270 -0.2378 0.1207 0.1453 -0.2743 -0.3631 -0.2955 -0.1757 0.2714 0.0646 -0.3713 -0.3435 -0.2671 -0.0933 0.2086 -0.0538 -0.3742 -0.3217 -0.2158
-0.3075 -0.3748 -0.0377 0.2146 -0.1034 -0.2693 -0.3451 -0.3694 0.0695 0.2731 -0.1782 -0.2964 -0.3634 -0.2723 0.1453 0.1248 -0.2367 -0.3263 -0.3760 -0.0020 0.2355 -0.1377 -0.2813 -0.3550 -0.3352 0.1159 0.2308 -0.2195 -0.3185 -0.3738 -0.0457 0.2175 -0.1168 -0.2752 -0.3510 -0.3518 0.1020 0.2590 -0.2097 -0.3135 -0.3721 -0.0885 0.2034 -0.0943 -0.2696 -0.3470 -0.3631 0.0869 0.2743 -0.1880 -0.2688 -0.1880 0.2743 0.0869 -0.3631 -0.3470 -0.2696 -0.0943 0.2034 -0.0885 -0.3721 -0.3135 -0.2097 0.2590 0.1020 -0.3518 -0.3510 -0.2752 -0.1168 0.2175 -0.0457 -0.3738 -0.3185 -0.2195 0.2308 0.1159 -0.3352 -0.3550 -0.2813 -0.1377 0.2355 -0.0020 -0.3760 -0.3263 -0.2367 0.1248 0.1453 -0.2723 -0.3634 -0.2964 -0.1782 0.2731 0.0695 -0.3694 -0.3451 -0.2693 -0.1034 0.2146 -0.0377 -0.3748 -0.3075
-0.3635 -0.0231 0.2206 -0.1126 -0.2717 -0.3468 -0.3667 0.0752 0.2746 -0.1817 -0.2978 -0.3640 -0.2663 0.1469 0.1207 -0.2367 -0.3260 -0.3758 -0.0061 0.2327 -0.1340 -0.2799 -0.3539 -0.3410 0.1111 0.2432 -0.2157 -0.3165 -0.3731 -0.0625 0.2115 -0.1080 -0.2728 -0.3494 -0.3570 0.0962 0.2663 -0.2054 -0.3114 -0.3713 -0.1091 0.1976 -0.0830 -0.2672 -0.3452 -0.3665 0.0815 0.2751 -0.1926 -0.3015 -0.3516 -0.3015 -0.1926 0.2751 0.0815 -0.3665 -0.3452 -0.2672 -0.0830 0.1976 -0.1091 -0.3713 -0.3114 -0.2054 0.2663 0.0962 -0.3570 -0.3494 -0.2728 -0.1080 0.2115 -0.0625 -0.3731 -0.3165 -0.2157 0.2432 0.1111 -0.3410 -0.3539 -0.2799 -0.1340 0.2327 -0.0061 -0.3758 -0.3260 -0.2367 0.1207 0.1469 -0.2663 -0.3640 -0.2978 -0.1817 0.2746 0.0752 -0.3667 -0.3468 -0.2717 -0.1126 0.2206 -0.0231 -0.3635
-0.0201 0.2267 -0.1210 -0.2740 -0.3485 -0.3633 0.0812 0.2754 -0.1858 -0.2996 -0.3649 -0.2564 0.1499 0.1092 -0.2378 -0.3263 -0.3758 -0.0076 0.2312 -0.1315 -0.2788 -0.3531 -0.3453 0.1071 0.2521 -0.2122 -0.3147 -0.3724 -0.0801 0.2058 -0.0985 -0.2705 -0.3477 -0.3614 0.0903 0.2713 -0.2011 -0.3092 -0.3704 -0.1308 0.1918 -0.0703 -0.2649 -0.3435 -0.3693 0.0754 0.2755 -0.1899 -0.3030 -0.3712 -0.3774 -0.3712 -0.3030 -0.1899 0.2755 0.0754 -0.3693 -0.3435 -0.2649 -0.0703 0.1918 -0.1308 -0.3704 -0.3092 -0.2011 0.2713 0.0903 -0.3614 -0.3477 -0.2705 -0.0985 0.2058 -0.0801 -0.3724 -0.3147 -0.2122 0.2521 0.1071 -0.3453 -0.3531 -0.2788 -0.1315 0.2312 -0.0076 -0.3758 -0.3263 -0.2378 0.1092 0.1499 -0.2564 -0.3649 -0.2996 -0.1858 0.2754 0.0812 -0.3633 -0.3485 -0.2740 -0.1210 0.2267 -0.0201
0.2299 -0.1287 -0.2764 -0.3502 -0.3592 0.0873 0.2750 -0.1902 -0.3016 -0.3659 -0.2429 0.1542 0.0912 -0.2398 -0.3270 -0.3760 -0.0061 0.2312 -0.1306 -0.2783 -0.3525 -0.3481 0.1040 0.2581 -0.2093 -0.3131 -0.3718 -0.0974 0.2005 -0.0884 -0.2682 -0.3460 -0.3651 0.0842 0.2742 -0.1968 -0.3071 -0.3695 -0.1529 0.1861 -0.0557 -0.2625 -0.3417 -0.3716 0.0691 0.2746 -0.1857 -0.3015 -0.3673 -0.2523 0.0694 -0.2523 -0.3673 -0.3015 -0.1857 0.2746 0.0691 -0.3716 -0.3417 -0.2625 -0.0557 0.1861 -0.1529 -0.3695 -0.3071 -0.1968 0.2742 0.0842 -0.3651 -0.3460 -0.2682 -0.0884 0.2005 -0.0974 -0.3718 -0.3131 -0.2093 0.2581 0.1040 -0.3481 -0.3525 -0.2783 -0.1306 0.2312 -0.0061 -0.3760 -0.3270 -0.2398 0.0912 0.1542 -0.2429 -0.3659 -0.3016 -0.1902 0.2750 0.0873 -0.3592 -0.3502 -0.2764 -0.1287 0.2299
-0.1310 -0.2787 -0.3518 -0.3544 0.0933 0.2730 -0.1947 -0.3038 -0.3669 -0.2260 0.1595 0.0678 -0.2426 -0.3282 -0.3762 -0.0020 0.2327 -0.1315 -0.2783 -0.3523 -0.3495 0.1021 0.2617 -0.2071 -0.3117 -0.3712 -0.1130 0.1958 -0.0782 -0.2662 -0.3443 -0.3681 0.0782 0.2754 -0.1924 -0.3049 -0.3685 -0.1751 0.1804 -0.0388 -0.2601 -0.3398 -0.3734 0.0624 0.2726 -0.1811 -0.2994 -0.3659 -0.2357 0.1457 0.2685 0.1457 -0.2357 -0.3659 -0.2994 -0.1811 0.2726 0.0624 -0.3734 -0.3398 -0.2601 -0.0388 0.1804 -0.1751 -0.3685 -0.3049 -0.1924 0.2754 0.0782 -0.3681 -0.3443 -0.2662 -0.0782 0.1958 -0.1130 -0.3712 -0.3117 -0.2071 0.2617 0.1021 -0.3495 -0.3523 -0.2783 -0.1315 0.2327 -0.0020 -0.3762 -0.3282 -0.2426 0.0678 0.1595 -0.2260 -0.3669 -0.3038 -0.1947 0.2730 0.0933 -0.3544 -0.3518 -0.2787 -0.1310
-0.2637 -0.3535 -0.3488 0.0992 0.2690 -0.1991 -0.3060 -0.3680 -0.2063 0.1656 0.0415 -0.2461 -0.3297 -0.3765 0.0043 0.2355 -0.1340 -0.2788 -0.3525 -0.3495 0.1014 0.2633 -0.2057 -0.3108 -0.3708 -0.1261 0.1920 -0.0684 -0.2643 -0.3428 -0.3704 0.0724 0.2752 -0.1880 -0.3027 -0.3675 -0.1966 0.1748 -0.0191 -0.2578 -0.3380 -0.3748 0.0555 0.2696 -0.1764 -0.2972 -0.3647 -0.2466 0.1547 0.1255 -0.1823 0.1255 0.1547 -0.2466 -0.3647 -0.2972 -0.1764 0.2696 0.0555 -0.3748 -0.3380 -0.2578 -0.0191 0.1748 -0.1966 -0.3675 -0.3027 -0.1880 0.2752 0.0724 -0.3704 -0.3428 -0.2643 -0.0684 0.1920 -0.1261 -0.3708 -0.3108 -0.2057 0.2633 0.1014 -0.3495 -0.3525 -0.2788 -0.1340 0.2355 0.0043 -0.3765 -0.3297 -0.2461 0.0415 0.1656 -0.2063 -0.3680 -0.3060 -0.1991 0.2690 0.0992 -0.3488 -0.3535 -0.2637
-0.3401 -0.3423 0.1050 0.2629 -0.2034 -0.3082 -0.3690 -0.1851 0.1720 0.0148 -0.2500 -0.3315 -0.3768 0.0120 0.2394 -0.1377 -0.2799 -0.3531 -0.3481 0.1021 0.2633 -0.2052 -0.3103 -0.3705 -0.1354 0.1890 -0.0598 -0.2627 -0.3415 -0.3720 0.0671 0.2739 -0.1838 -0.3006 -0.3664 -0.2167 0.1687 0.0035 -0.2553 -0.3361 -0.3758 0.0483 0.2659 -0.1715 -0.2950 -0.3635 -0.2621 0.1519 0.0889 -0.2359 -0.2958 -0.2359 0.0889 0.1519 -0.2621 -0.3635 -0.2950 -0.1715 0.2659 0.0483 -0.3758 -0.3361 -0.2553 0.0035 0.1687 -0.2167 -0.3664 -0.3006 -0.1838 0.2739 0.0671 -0.3720 -0.3415 -0.2627 -0.0598 0.1890 -0.1354 -0.3705 -0.3103 -0.2052 0.2633 0.1021 -0.3481 -0.3531 -0.2799 -0.1377 0.2394 0.0120 -0.3768 -0.3315 -0.2500 0.0148 0.1720 -0.1851 -0.3690 -0.3082 -0.2034 0.2629 0.1050 -0.3423 -0.3401
-0.3328 0.1109 0.2542 -0.2077 -0.3104 -0.3700 -0.1630 0.1780 -0.0095 -0.2538 -0.3333 -0.3768 0.0204 0.2440 -0.1424 -0.2813 -0.3539 -0.3453 0.1040 0.2617 -0.2057 -0.3103 -0.3703 -0.1402 0.1872 -0.0532 -0.2615 -0.3404 -0.3732 0.0622 0.2722 -0.1799 -0.2987 -0.3654 -0.2348 0.1624 0.0286 -0.2519 -0.3342 -0.3765 0.0407 0.2615 -0.1664 -0.2928 -0.3623 -0.2773 0.1465 0.1064 -0.2396 -0.3265 -0.3724 -0.3265 -0.2396 0.1064 0.1465 -0.2773 -0.3623 -0.2928 -0.1664 0.2615 0.0407 -0.3765 -0.3342 -0.2519 0.0286 0.1624 -0.2348 -0.3654 -0.2987 -0.1799 0.2722 0.0622 -0.3732 -0.3404 -0.2615 -0.0532 0.1872 -0.1402 -0.3703 -0.3103 -0.2057 0.2617 0.1040 -0.3453 -0.3539 -0.2813 -0.1424 0.2440 0.0204 -0.3768 -0.3333 -0.2538 -0.0095 0.1780 -0.1630 -0.3700 -0.3104 -0.2077 0.2542 0.1109 -0.3328
0.1125 0.2427 -0.2119 -0.3125 -0.3709 -0.1406 0.1836 -0.0306 -0.2567 -0.3353 -0.3766 0.0291 0.2492 -0.1477 -0.2831 -0.3550 -0.3410 0.1071 0.2581 -0.2071 -0.3108 -0.3705 -0.1402 0.1865 -0.0496 -0.2607 -0.3397 -0.3740 0.0582 0.2702 -0.1764 -0.2970 -0.3644 -0.2505 0.1566 0.0552 -0.2479 -0.3323 -0.3768 0.0328 0.2567 -0.1611 -0.2905 -0.3610 -0.2912 0.1406 0.1335 -0.2370 -0.3268 -0.3801 -0.2897 -0.3801 -0.3268 -0.2370 0.1335 0.1406 -0.2912 -0.3610 -0.2905 -0.1611 0.2567 0.0328 -0.3768 -0.3323 -0.2479 0.0552 0.1566 -0.2505 -0.3644 -0.2970 -0.1764 0.2702 0.0582 -0.3740 -0.3397 -0.2607 -0.0496 0.1865 -0.1402 -0.3705 -0.3108 -0.2071 0.2581 0.1071 -0.3410 -0.3550 -0.2831 -0.1477 0.2492 0.0291 -0.3766 -0.3353 -0.2567 -0.0306 0.1836 -0.1406 -0.3709 -0.3125 -0.2119 0.2427 0.1125
0.2230 -0.2162 -0.3147 -0.3717 -0.1185 0.1894 -0.0488 -0.2591 -0.3372 -0.3761 0.0375 0.2545 -0.1533 -0.2852 -0.3563 -0.3352 0.1111 0.2521 -0.2093 -0.3117 -0.3708 -0.1354 0.1872 -0.0496 -0.2605 -0.3393 -0.3745 0.0553 0.2685 -0.1736 -0.2955 -0.3635 -0.2632 0.1516 0.0812 -0.2442 -0.3305 -0.3768 0.0245 0.2516 -0.1558 -0.2883 -0.3596 -0.3036 0.1348 0.1609 -0.2332 -0.3252 -0.3758 -0.0332 0.1310 -0.0332 -0.3758 -0.3252 -0.2332 0.1609 0.1348 -0.3036 -0.3596 -0.2883 -0.1558 0.2516 0.0245 -0.3768 -0.3305 -0.2442 0.0812 0.1516 -0.2632 -0.3635 -0.2955 -0.1736 0.2685 0.0553 -0.3745 -0.3393 -0.2605 -0.0496 0.1872 -0.1354 -0.3708 -0.3117 -0.2093 0.2521 0.1111 -0.3352 -0.3563 -0.2852 -0.1533 0.2545 0.0375 -0.3761 -0.3372 -0.2591 -0.0488 0.1894 -0.1185 -0.3717 -0.3147 -0.2162 0.2230
-0.2078 -0.3168 -0.3725 -0.0973 0.1951 -0.0644 -0.2615 -0.3391 -0.3753 0.0454 0.2596 -0.1590 -0.2874 -0.3577 -0.3277 0.1159 0.2432 -0.2122 -0.3131 -0.3712 -0.1261 0.1890 -0.0532 -0.2607 -0.3393 -0.3746 0.0537 0.2673 -0.1716 -0.2944 -0.3628 -0.2732 0.1473 0.1043 -0.2408 -0.3288 -0.3767 0.0159 0.2464 -0.1503 -0.2862 -0.3583 -0.3144 0.1291 0.1855 -0.2292 -0.3233 -0.3753 -0.0197 0.2114 0.1940 0.2114 -0.0197 -0.3753 -0.3233 -0.2292 0.1855 0.1291 -0.3144 -0.3583 -0.2862 -0.1503 0.2464 0.0159 -0.3767 -0.3288 -0.2408 0.1043 0.1473 -0.2732 -0.3628 -0.2944 -0.1716 0.2673 0.0537 -0.3746 -0.3393 -0.2607 -0.0532 0.1890 -0.1261 -0.3712 -0.3131 -0.2122 0.2432 0.1159 -0.3277 -0.3577 -0.2874 -0.1590 0.2596 0.0454 -0.3753 -0.3391 -0.2615 -0.0644 0.1951 -0.0973 -0.3725 -0.3168 -0.2078
-0.3026 -0.3733 -0.0773 0.2010 -0.0780 -0.2639 -0.3409 -0.3740 0.0528 0.2643 -0.1644 -0.2897 -0.3591 -0.3186 0.1212 0.2308 -0.2157 -0.3147 -0.3718 -0.1130 0.1920 -0.0598 -0.2615 -0.3397 -0.3745 0.0537 0.2668 -0.1705 -0.2937 -0.3623 -0.2804 0.1439 0.1234 -0.2379 -0.3273 -0.3763 0.0074 0.2413 -0.1448 -0.2840 -0.3569 -0.3239 0.1236 0.2064 -0.2252 -0.3213 -0.3747 -0.0276 0.2221 -0.1043 -0.2291 -0.1043 0.2221 -0.0276 -0.3747 -0.3213 -0.2252 0.2064 0.1236 -0.3239 -0.3569 -0.2840 -0.1448 0.2413 0.0074 -0.3763 -0.3273 -0.2379 0.1234 0.1439 -0.2804 -0.3623 -0.2937 -0.1705 0.2668 0.0537 -0.3745 -0.3397 -0.2615 -0.0598 0.1920 -0.1130 -0.3718 -0.3147 -0.2157 0.2308 0.1212 -0.3186 -0.3591 -0.2897 -0.1644 0.2643 0.0528 -0.3740 -0.3409 -0.2639 -0.0780 0.2010 -0.0773 -0.3733 -0.3026
-0.3616 -0.0589 0.2069 -0.0899 -0.2663 -0.3428 -0.3724 0.0599 0.2683 -0.1696 -0.2920 -0.3605 -0.3078 0.1269 0.2143 -0.2195 -0.3165 -0.3724 -0.0974 0.1958 -0.0684 -0.2627 -0.3404 -0.3740 0.0553 0.2673 -0.1705 -0.2935 -0.3620 -0.2848 0.1415 0.1375 -0.2356 -0.3261 -0.3760 -0.0007 0.2367 -0.1395 -0.2821 -0.3556 -0.3321 0.1182 0.2241 -0.2212 -0.3193 -0.3741 -0.0408 0.2187 -0.1148 -0.2698 -0.3220 -0.2698 -0.1148 0.2187 -0.0408 -0.3741 -0.3193 -0.2212 0.2241 0.1182 -0.3321 -0.3556 -0.2821 -0.1395 0.2367 -0.0007 -0.3760 -0.3261 -0.2356 0.1375 0.1415 -0.2848 -0.3620 -0.2935 -0.1705 0.2673 0.0553 -0.3740 -0.3404 -0.2627 -0.0684 0.1958 -0.0974 -0.3724 -0.3165 -0.2195 0.2143 0.1269 -0.3078 -0.3605 -0.2920 -0.1696 0.2683 0.0599 -0.3724 -0.3428 -0.2663 -0.0899 0.2069 -0.0589 -0.3616
-0.0544 0.2129 -0.1005 -0.2686 -0.3446 -0.3703 0.0666 0.2716 -0.1746 -0.2942 -0.3618 -0.2957 0.1328 0.1937 -0.2236 -0.3185 -0.3731 -0.0801 0.2005 -0.0782 -0.2643 -0.3415 -0.3732 0.0582 0.2685 -0.1716 -0.2937 -0.3620 -0.2863 0.1403 0.1463 -0.2340 -0.3251 -0.3756 -0.0079 0.2326 -0.1346 -0.2803 -0.3543 -0.3389 0.1131 0.2384 -0.2173 -0.3174 -0.3734 -0.0561 0.2135 -0.1099 -0.2723 -0.3495 -0.3861 -0.3495 -0.2723 -0.1099 0.2135 -0.0561 -0.3734 -0.3174 -0.2173 0.2384 0.1131 -0.3389 -0.3543 -0.2803 -0.1346 0.2326 -0.0079 -0.3756 -0.3251 -0.2340 0.1463 0.1403 -0.2863 -0.3620 -0.2937 -0.1716 0.2685 0.0582 -0.3732 -0.3415 -0.2643 -0.0782 0.2005 -0.0801 -0.3731 -0.3185 -0.2236 0.1937 0.1328 -0.2957 -0.3618 -0.2942 -0.1746 0.2716 0.0666 -0.3703 -0.3446 -0.2686 -0.1005 0.2129 -0.0544
0.2162 -0.1100 -0.2710 -0.3463 -0.3676 0.0731 0.2740 -0.1795 -0.2965 -0.3631 -0.2821 0.1387 0.1695 -0.2278 -0.3206 -0.3738 -0.0625 0.2058 -0.0884 -0.2662 -0.3428 -0.3720 0.0622 0.2702 -0.1736 -0.2944 -0.3623 -0.2848 0.1403 0.1493 -0.2331 -0.3245 -0.3754 -0.0137 0.2293 -0.1302 -0.2787 -0.3532 -0.3443 0.1084 0.2492 -0.2136 -0.3154 -0.3727 -0.0728 0.2080 -0.1018 -0.2710 -0.3480 -0.3690 -0.0673 -0.3690 -0.3480 -0.2710 -0.1018 0.2080 -0.0728 -0.3727 -0.3154 -0.2136 0.2492 0.1084 -0.3443 -0.3532 -0.2787 -0.1302 0.2293 -0.0137 -0.3754 -0.3245 -0.2331 0.1493 0.1403 -0.2848 -0.3623 -0.2944 -0.1736 0.2702 0.0622 -0.3720 -0.3428 -0.2662 -0.0884 0.2058 -0.0625 -0.3738 -0.3206 -0.2278 0.1695 0.1387 -0.2821 -0.3631 -0.2965 -0.1795 0.2740 0.0731 -0.3676 -0.3463 -0.2710 -0.1100 0.2162
-0.1146 -0.2734 -0.3480 -0.3644 0.0794 0.2753 -0.1842 -0.2987 -0.3643 -0.2670 0.1447 0.1421 -0.2319 -0.3227 -0.3745 -0.0457 0.2115 -0.0985 -0.2682 -0.3443 -0.3704 0.0671 0.2722 -0.1764 -0.2955 -0.3628 -0.2804 0.1415 0.1463 -0.2331 -0.3243 -0.3753 -0.0176 0.2269 -0.1268 -0.2775 -0.3522 -0.3485 0.1042 0.2570 -0.2102 -0.3136 -0.3720 -0.0904 0.2026 -0.0924 -0.2690 -0.3465 -0.3657 0.0695 0.1959 0.0695 -0.3657 -0.3465 -0.2690 -0.0924 0.2026 -0.0904 -0.3720 -0.3136 -0.2102 0.2570 0.1042 -0.3485 -0.3522 -0.2775 -0.1268 0.2269 -0.0176 -0.3753 -0.3243 -0.2331 0.1463 0.1415 -0.2804 -0.3628 -0.2955 -0.1764 0.2722 0.0671 -0.3704 -0.3443 -0.2682 -0.0985 0.2115 -0.0457 -0.3745 -0.3227 -0.2319 0.1421 0.1447 -0.2670 -0.3643 -0.2987 -0.1842 0.2753 0.0794 -0.3644 -0.3480 -0.2734 -0.1146
-0.2583 -0.3497 -0.3605 0.0855 0.2753 -0.1888 -0.3009 -0.3655 -0.2503 0.1509 0.1123 -0.2361 -0.3247 -0.3751 -0.0304 0.2175 -0.1080 -0.2705 -0.3460 -0.3681 0.0724 0.2739 -0.1799 -0.2970 -0.3635 -0.2732 0.1439 0.1375 -0.2340 -0.3245 -0.3753 -0.0189 0.2257 -0.1245 -0.2766 -0.3515 -0.3517 0.1007 0.2624 -0.2072 -0.3119 -0.3713 -0.1080 0.1975 -0.0822 -0.2669 -0.3450 -0.3674 0.0767 0.2732 -0.0768 0.2732 0.0767 -0.3674 -0.3450 -0.2669 -0.0822 0.1975 -0.1080 -0.3713 -0.3119 -0.2072 0.2624 0.1007 -0.3517 -0.3515 -0.2766 -0.1245 0.2257 -0.0189 -0.3753 -0.3245 -0.2340 0.1375 0.1439 -0.2732 -0.3635 -0.2970 -0.1799 0.2739 0.0724 -0.3681 -0.3460 -0.2705 -0.1080 0.2175 -0.0304 -0.3751 -0.3247 -0.2361 0.1123 0.1509 -0.2503 -0.3655 -0.3009 -0.1888 0.2753 0.0855 -0.3605 -0.3497 -0.2583
-0.3362 -0.3559 0.0915 0.2738 -0.1933 -0.3032 -0.3666 -0.2321 0.1572 0.0814 -0.2403 -0.3268 -0.3757 -0.0166 0.2235 -0.1168 -0.2728 -0.3477 -0.3651 0.0782 0.2752 -0.1838 -0.2987 -0.3644 -0.2632 0.1473 0.1234 -0.2356 -0.3251 -0.3754 -0.0176 0.2257 -0.1237 -0.2761 -0.3510 -0.3538 0.0981 0.2660 -0.2047 -0.3106 -0.3707 -0.1242 0.1929 -0.0714 -0.2649 -0.3434 -0.3697 0.0737 0.2751 -0.1775 -0.2634 -0.1775 0.2751 0.0737 -0.3697 -0.3434 -0.2649 -0.0714 0.1929 -0.1242 -0.3707 -0.3106 -0.2047 0.2660 0.0981 -0.3538 -0.3510 -0.2761 -0.1237 0.2257 -0.0176 -0.3754 -0.3251 -0.2356 0.1234 0.1473 -0.2632 -0.3644 -0.2987 -0.1838 0.2752 0.0782 -0.3651 -0.3477 -0.2728 -0.1168 0.2235 -0.0166 -0.3757 -0.3268 -0.2403 0.0814 0.1572 -0.2321 -0.3666 -0.3032 -0.1933 0.2738 0.0915 -0.3559 -0.3362
-0.3463 0.0975 0.2704 -0.1978 -0.3054 -0.3677 -0.2124 0.1637 0.0510 -0.2445 -0.3288 -0.3763 -0.0042 0.2296 -0.1248 -0.2752 -0.3494 -0.3614 0.0842 0.2754 -0.1880 -0.3006 -0.3654 -0.2505 0.1516 0.1043 -0.2379 -0.3261 -0.3756 -0.0137 0.2269 -0.1245 -0.2761 -0.3508 -0.3548 0.0964 0.2682 -0.2027 -0.3094 -0.3702 -0.1382 0.1889 -0.0609 -0.2630 -0.3419 -0.3716 0.0687 0.2743 -0.1828 -0.2964 -0.3470 -0.2964 -0.1828 0.2743 0.0687 -0.3716 -0.3419 -0.2630 -0.0609 0.1889 -0.1382 -0.3702 -0.3094 -0.2027 0.2682 0.0964 -0.3548 -0.3508 -0.2761 -0.1245 0.2269 -0.0137 -0.3756 -0.3261 -0.2379 0.1043 0.1516 -0.2505 -0.3654 -0.3006 -0.1880 0.2754 0.0842 -0.3614 -0.3494 -0.2752 -0.1248 0.2296 -0.0042 -0.3763 -0.3288 -0.2445 0.0510 0.1637 -0.2124 -0.3677 -0.3054 -0.1978 0.2704 0.0975 -0.3463
0.0989 0.2649 -0.2021 -0.3076 -0.3687 -0.1914 0.1702 0.0227 -0.2487 -0.3308 -0.3767 0.0069 0.2356 -0.1322 -0.2775 -0.3510 -0.3570 0.0903 0.2742 -0.1924 -0.3027 -0.3664 -0.2348 0.1566 0.0812 -0.2408 -0.3273 -0.3760 -0.0079 0.2293 -0.1268 -0.2766 -0.3510 -0.3548 0.0958 0.2692 -0.2015 -0.3086 -0.3698 -0.1497 0.1857 -0.0511 -0.2614 -0.3405 -0.3730 0.0634 0.2727 -0.1806 -0.2983 -0.3684 -0.3830 -0.3684 -0.2983 -0.1806 0.2727 0.0634 -0.3730 -0.3405 -0.2614 -0.0511 0.1857 -0.1497 -0.3698 -0.3086 -0.2015 0.2692 0.0958 -0.3548 -0.3510 -0.2766 -0.1268 0.2293 -0.0079 -0.3760 -0.3273 -0.2408 0.0812 0.1566 -0.2348 -0.3664 -0.3027 -0.1924 0.2742 0.0903 -0.3570 -0.3510 -0.2775 -0.1322 0.2356 0.0069 -0.3767 -0.3308 -0.2487 0.0227 0.1702 -0.1914 -0.3687 -0.3076 -0.2021 0.2649 0.0989
0.2519 -0.2064 -0.3097 -0.3697 -0.1696 0.1763 -0.0027 -0.2528 -0.3328 -0.3768 0.0171 0.2416 -0.1391 -0.2798 -0.3526 -0.3518 0.0962 0.2713 -0.1968 -0.3049 -0.3675 -0.2167 0.1624 0.0552 -0.2442 -0.3288 -0.3763 -0.0007 0.2326 -0.1302 -0.2775 -0.3515 -0.3538 0.0964 0.2692 -0.2010 -0.3082 -0.3695 -0.1579 0.1831 -0.0423 -0.2601 -0.3394 -0.3741 0.0585 0.2706 -0.1771 -0.2972 -0.3650 -0.2842 0.0561 -0.2842 -0.3650 -0.2972 -0.1771 0.2706 0.0585 -0.3741 -0.3394 -0.2601 -0.0423 0.1831 -0.1579 -0.3695 -0.3082 -0.2010 0.2692 0.0964 -0.3538 -0.3515 -0.2775 -0.1302 0.2326 -0.0007 -0.3763 -0.3288 -0.2442 0.0552 0.1624 -0.2167 -0.3675 -0.3049 -0.1968 0.2713 0.0962 -0.3518 -0.3526 -0.2798 -0.1391 0.2416 0.0171 -0.3768 -0.3328 -0.2528 -0.0027 0.1763 -0.1696 -0.3697 -0.3097 -0.2064 0.2519
-0.1995 -0.3119 -0.3706 -0.1473 0.1820 -0.0247 -0.2560 -0.3347 -0.3767 0.0264 0.2474 -0.1455 -0.2821 -0.3542 -0.3457 0.1020 0.2663 -0.2011 -0.3071 -0.3685 -0.1966 0.1687 0.0286 -0.2479 -0.3305 -0.3767 0.0074 0.2367 -0.1346 -0.2787 -0.3522 -0.3517 0.0981 0.2682 -0.2015 -0.3082 -0.3694 -0.1622 0.1815 -0.0356 -0.2590 -0.3384 -0.3748 0.0542 0.2683 -0.1738 -0.2957 -0.3638 -0.2684 0.1345 0.2611 0.1345 -0.2684 -0.3638 -0.2957 -0.1738 0.2683 0.0542 -0.3748 -0.3384 -0.2590 -0.0356 0.1815 -0.1622 -0.3694 -0.3082 -0.2015 0.2682 0.0981 -0.3517 -0.3522 -0.2787 -0.1346 0.2367 0.0074 -0.3767 -0.3305 -0.2479 0.0286 0.1687 -0.1966 -0.3685 -0.3071 -0.2011 0.2663 0.1020 -0.3457 -0.3542 -0.2821 -0.1455 0.2474 0.0264 -0.3767 -0.3347 -0.2560 -0.0247 0.1820 -0.1473 -0.3706 -0.3119 -0.1995
-0.2976 -0.3715 -0.1250 0.1877 -0.0437 -0.2584 -0.3366 -0.3763 0.0350 0.2530 -0.1516 -0.2844 -0.3557 -0.3387 0.1078 0.2590 -0.2054 -0.3092 -0.3695 -0.1751 0.1748 0.0035 -0.2519 -0.3323 -0.3768 0.0159 0.2413 -0.1395 -0.2803 -0.3532 -0.3485 0.1007 0.2660 -0.2027 -0.3086 -0.3695 -0.1622 0.1810 -0.0320 -0.2583 -0.3377 -0.3753 0.0505 0.2661 -0.1707 -0.2942 -0.3629 -0.2737 0.1440 0.1770 -0.1715 0.1770 0.1440 -0.2737 -0.3629 -0.2942 -0.1707 0.2661 0.0505 -0.3753 -0.3377 -0.2583 -0.0320 0.1810 -0.1622 -0.3695 -0.3086 -0.2027 0.2660 0.1007 -0.3485 -0.3532 -0.2803 -0.1395 0.2413 0.0159 -0.3768 -0.3323 -0.2519 0.0035 0.1748 -0.1751 -0.3695 -0.3092 -0.2054 0.2590 0.1078 -0.3387 -0.3557 -0.2844 -0.1516 0.2530 0.0350 -0.3763 -0.3366 -0.2584 -0.0437 0.1877 -0.1250 -0.3715 -0.2976
-0.3594 -0.1034 0.1934 -0.0600 -0.2608 -0.3385 -0.3756 0.0431 0.2582 -0.1573 -0.2867 -0.3572 -0.3307 0.1136 0.2492 -0.2097 -0.3114 -0.3704 -0.1529 0.1804 -0.0191 -0.2553 -0.3342 -0.3768 0.0245 0.2464 -0.1448 -0.2821 -0.3543 -0.3443 0.1042 0.2624 -0.2047 -0.3094 -0.3698 -0.1579 0.1815 -0.0320 -0.2581 -0.3374 -0.3756 0.0478 0.2643 -0.1682 -0.2930 -0.3621 -0.2820 0.1430 0.1377 -0.2286 -0.2915 -0.2286 0.1377 0.1430 -0.2820 -0.3621 -0.2930 -0.1682 0.2643 0.0478 -0.3756 -0.3374 -0.2581 -0.0320 0.1815 -0.1579 -0.3698 -0.3094 -0.2047 0.2624 0.1042 -0.3443 -0.3543 -0.2821 -0.1448 0.2464 0.0245 -0.3768 -0.3342 -0.2553 -0.0191 0.1804 -0.1529 -0.3704 -0.3114 -0.2097 0.2492 0.1136 -0.3307 -0.3572 -0.2867 -0.1573 0.2582 0.0431 -0.3756 -0.3385 -0.2608 -0.0600 0.1934 -0.1034 -0.3594
-0.0971 0.1994 -0.0742 -0.2632 -0.3404 -0.3745 0.0506 0.2629 -0.1628 -0.2890 -0.3587 -0.3216 0.1193 0.2364 -0.2139 -0.3135 -0.3713 -0.1308 0.1861 -0.0388 -0.2578 -0.3361 -0.3765 0.0328 0.2516 -0.1503 -0.2840 -0.3556 -0.3389 0.1084 0.2570 -0.2072 -0.3106 -0.3702 -0.1497 0.1831 -0.0356 -0.2583 -0.3374 -0.3757 0.0465 0.2631 -0.1663 -0.2920 -0.3614 -0.2895 0.1400 0.1442 -0.2336 -0.3230 -0.3696 -0.3230 -0.2336 0.1442 0.1400 -0.2895 -0.3614 -0.2920 -0.1663 0.2631 0.0465 -0.3757 -0.3374 -0.2583 -0.0356 0.1831 -0.1497 -0.3702 -0.3106 -0.2072 0.2570 0.1084 -0.3389 -0.3556 -0.2840 -0.1503 0.2516 0.0328 -0.3765 -0.3361 -0.2578 -0.0388 0.1861 -0.1308 -0.3713 -0.3135 -0.2139 0.2364 0.1193 -0.3216 -0.3587 -0.2890 -0.1628 0.2629 0.0506 -0.3745 -0.3404 -0.2632 -0.0742 0.1994 -0.0971
0.2025 -0.0866 -0.2656 -0.3422 -0.3729 0.0578 0.2672 -0.1681 -0.2913 -0.3601 -0.3113 0.1251 0.2204 -0.2181 -0.3157 -0.3721 -0.1091 0.1918 -0.0557 -0.2601 -0.3380 -0.3758 0.0407 0.2567 -0.1558 -0.2862 -0.3569 -0.3321 0.1131 0.2492 -0.2102 -0.3119 -0.3707 -0.1382 0.1857 -0.0423 -0.2590 -0.3377 -0.3756 0.0465 0.2626 -0.1654 -0.2914 -0.3610 -0.2949 0.1373 0.1568 -0.2326 -0.3242 -0.3796 -0.3094 -0.3796 -0.3242 -0.2326 0.1568 0.1373 -0.2949 -0.3610 -0.2914 -0.1654 0.2626 0.0465 -0.3756 -0.3377 -0.2590 -0.0423 0.1857 -0.1382 -0.3707 -0.3119 -0.2102 0.2492 0.1131 -0.3321 -0.3569 -0.2862 -0.1558 0.2567 0.0407 -0.3758 -0.3380 -0.2601 -0.0557 0.1918 -0.1091 -0.3721 -0.3157 -0.2181 0.2204 0.1251 -0.3113 -0.3601 -0.2913 -0.1681 0.2672 0.0578 -0.3729 -0.3422 -0.2656 -0.0866 0.2025
-0.0944 -0.2680 -0.3440 -0.3709 0.0646 0.2707 -0.1732 -0.2935 -0.3614 -0.2997 0.1309 0.2008 -0.2222 -0.3178 -0.3728 -0.0885 0.1976 -0.0703 -0.2625 -0.3398 -0.3748 0.0483 0.2615 -0.1611 -0.2883 -0.3583 -0.3239 0.1182 0.2384 -0.2136 -0.3136 -0.3713 -0.1242 0.1889 -0.0511 -0.2601 -0.3384 -0.3753 0.0478 0.2631 -0.1654 -0.2912 -0.3607 -0.2983 0.1353 0.1673 -0.2310 -0.3236 -0.3753 -0.0518 0.1241 -0.0518 -0.3753 -0.3236 -0.2310 0.1673 0.1353 -0.2983 -0.3607 -0.2912 -0.1654 0.2631 0.0478 -0.3753 -0.3384 -0.2601 -0.0511 0.1889 -0.1242 -0.3713 -0.3136 -0.2136 0.2384 0.1182 -0.3239 -0.3583 -0.2883 -0.1611 0.2615 0.0483 -0.3748 -0.3398 -0.2625 -0.0703 0.1976 -0.0885 -0.3728 -0.3178 -0.2222 0.2008 0.1309 -0.2997 -0.3614 -0.2935 -0.1732 0.2707 0.0646 -0.3709 -0.3440 -0.2680 -0.0944
-0.2527 -0.3458 -0.3685 0.0712 0.2734 -0.1780 -0.2958 -0.3627 -0.2867 0.1368 0.1778 -0.2263 -0.3199 -0.3736 -0.0692 0.2034 -0.0830 -0.2649 -0.3417 -0.3734 0.0555 0.2659 -0.1664 -0.2905 -0.3596 -0.3144 0.1236 0.2241 -0.2173 -0.3154 -0.3720 -0.1080 0.1929 -0.0609 -0.2614 -0.3394 -0.3748 0.0505 0.2643 -0.1663 -0.2914 -0.3607 -0.2994 0.1342 0.1738 -0.2296 -0.3229 -0.3750 -0.0300 0.2055 0.2149 0.2055 -0.0300 -0.3750 -0.3229 -0.2296 0.1738 0.1342 -0.2994 -0.3607 -0.2914 -0.1663 0.2643 0.0505 -0.3748 -0.3394 -0.2614 -0.0609 0.1929 -0.1080 -0.3720 -0.3154 -0.2173 0.2241 0.1236 -0.3144 -0.3596 -0.2905 -0.1664 0.2659 0.0555 -0.3734 -0.3417 -0.2649 -0.0830 0.2034 -0.0692 -0.3736 -0.3199 -0.2263 0.1778 0.1368 -0.2867 -0.3627 -0.2958 -0.1780 0.2734 0.0712 -0.3685 -0.3458 -0.2527
-0.3322 -0.3654 0.0775 0.2750 -0.1828 -0.2980 -0.3639 -0.2721 0.1427 0.1517 -0.2305 -0.3219 -0.3743 -0.0517 0.2093 -0.0943 -0.2672 -0.3435 -0.3716 0.0624 0.2696 -0.1715 -0.2928 -0.3610 -0.3036 0.1291 0.2064 -0.2212 -0.3174 -0.3727 -0.0904 0.1975 -0.0714 -0.2630 -0.3405 -0.3741 0.0542 0.2661 -0.1682 -0.2920 -0.3610 -0.2983 0.1342 0.1760 -0.2289 -0.3224 -0.3748 -0.0298 0.2194 -0.0976 -0.2262 -0.0976 0.2194 -0.0298 -0.3748 -0.3224 -0.2289 0.1760 0.1342 -0.2983 -0.3610 -0.2920 -0.1682 0.2661 0.0542 -0.3741 -0.3405 -0.2630 -0.0714 0.1975 -0.0904 -0.3727 -0.3174 -0.2212 0.2064 0.1291 -0.3036 -0.3610 -0.2928 -0.1715 0.2696 0.0624 -0.3716 -0.3435 -0.2672 -0.0943 0.2093 -0.0517 -0.3743 -0.3219 -0.2305 0.1517 0.1427 -0.2721 -0.3639 -0.2980 -0.1828 0.2750 0.0775 -0.3654 -0.3322
-0.3555 0.0838 0.2754 -0.1874 -0.3002 -0.3651 -0.2560 0.1488 0.1229 -0.2346 -0.3240 -0.3749 -0.0360 0.2152 -0.1044 -0.2696 -0.3452 -0.3693 0.0691 0.2726 -0.1764 -0.2950 -0.3623 -0.2912 0.1348 0.1855 -0.2252 -0.3193 -0.3734 -0.0728 0.2026 -0.0822 -0.2649 -0.3419 -0.3730 0.0585 0.2683 -0.1707 -0.2930 -0.3614 -0.2949 0.1353 0.1738 -0.2289 -0.3222 -0.3747 -0.0323 0.2199 -0.1139 -0.2689 -0.3208 -0.2689 -0.1139 0.2199 -0.0323 -0.3747 -0.3222 -0.2289 0.1738 0.1353 -0.2949 -0.3614 -0.2930 -0.1707 0.2683 0.0585 -0.3730 -0.3419 -0.2649 -0.0822 0.2026 -0.0728 -0.3734 -0.3193 -0.2252 0.1855 0.1348 -0.2912 -0.3623 -0.2950 -0.1764 0.2726 0.0691 -0.3693 -0.3452 -0.2696 -0.1044 0.2152 -0.0360 -0.3749 -0.3240 -0.2346 0.1229 0.1488 -0.2560 -0.3651 -0.3002 -0.1874 0.2754 0.0838 -0.3555
0.0850 0.2744 -0.1919 -0.3024 -0.3663 -0.2385 0.1549 0.0924 -0.2388 -0.3260 -0.3755 -0.0217 0.2211 -0.1134 -0.2719 -0.3470 -0.3665 0.0754 0.2746 -0.1811 -0.2972 -0.3635 -0.2773 0.1406 0.1609 -0.2292 -0.3213 -0.3741 -0.0561 0.2080 -0.0924 -0.2669 -0.3434 -0.3716 0.0634 0.2706 -0.1738 -0.2942 -0.3621 -0.2895 0.1373 0.1673 -0.2296 -0.3224 -0.3747 -0.0334 0.2194 -0.1152 -0.2730 -0.3493 -0.3859 -0.3493 -0.2730 -0.1152 0.2194 -0.0334 -0.3747 -0.3224 -0.2296 0.1673 0.1373 -0.2895 -0.3621 -0.2942 -0.1738 0.2706 0.0634 -0.3716 -0.3434 -0.2669 -0.0924 0.2080 -0.0561 -0.3741 -0.3213 -0.2292 0.1609 0.1406 -0.2773 -0.3635 -0.2972 -0.1811 0.2746 0.0754 -0.3665 -0.3470 -0.2719 -0.1134 0.2211 -0.0217 -0.3755 -0.3260 -0.2388 0.0924 0.1549 -0.2385 -0.3663 -0.3024 -0.1919 0.2744 0.0850
0.2669 -0.1963 -0.3046 -0.3674 -0.2198 0.1611 0.0624 -0.2429 -0.3280 -0.3760 -0.0091 0.2271 -0.1215 -0.2742 -0.3487 -0.3631 0.0815 0.2755 -0.1857 -0.2994 -0.3647 -0.2621 0.1465 0.1335 -0.2332 -0.3233 -0.3747 -0.0408 0.2135 -0.1018 -0.2690 -0.3450 -0.3697 0.0687 0.2727 -0.1771 -0.2957 -0.3629 -0.2820 0.1400 0.1568 -0.2310 -0.3229 -0.3748 -0.0323 0.2194 -0.1150 -0.2734 -0.3491 -0.3680 -0.0640 -0.3680 -0.3491 -0.2734 -0.1150 0.2194 -0.0323 -0.3748 -0.3229 -0.2310 0.1568 0.1400 -0.2820 -0.3629 -0.2957 -0.1771 0.2727 0.0687 -0.3697 -0.3450 -0.2690 -0.1018 0.2135 -0.0408 -0.3747 -0.3233 -0.2332 0.1335 0.1465 -0.2621 -0.3647 -0.2994 -0.1857 0.2755 0.0815 -0.3631 -0.3487 -0.2742 -0.1215 0.2271 -0.0091 -0.3760 -0.3280 -0.2429 0.0624 0.1611 -0.2198 -0.3674 -0.3046 -0.1963 0.2669
-0.1903 -0.3067 -0.3685 -0.2012 0.1669 0.0360 -0.2468 -0.3299 -0.3765 0.0014 0.2326 -0.1285 -0.2763 -0.3503 -0.3594 0.0869 0.2751 -0.1899 -0.3015 -0.3659 -0.2466 0.1519 0.1064 -0.2370 -0.3252 -0.3753 -0.0276 0.2187 -0.1099 -0.2710 -0.3465 -0.3674 0.0737 0.2743 -0.1806 -0.2972 -0.3638 -0.2737 0.1430 0.1442 -0.2326 -0.3236 -0.3750 -0.0298 0.2199 -0.1152 -0.2734 -0.3491 -0.3620 0.0737 0.1991 0.0737 -0.3620 -0.3491 -0.2734 -0.1152 0.2199 -0.0298 -0.3750 -0.3236 -0.2326 0.1442 0.1430 -0.2737 -0.3638 -0.2972 -0.1806 0.2743 0.0737 -0.3674 -0.3465 -0.2710 -0.1099 0.2187 -0.0276 -0.3753 -0.3252 -0.2370 0.1064 0.1519 -0.2466 -0.3659 -0.3015 -0.1899 0.2751 0.0869 -0.3594 -0.3503 -0.2763 -0.1285 0.2326 0.0014 -0.3765 -0.3299 -0.2468 0.0360 0.1669 -0.2012 -0.3685 -0.3067 -0.1903
-0.2914 -0.3697 -0.1887 0.1697 0.0204 -0.2494 -0.3315 -0.3766 0.0077 0.2360 -0.1327 -0.2777 -0.3519 -0.3566 0.0902 0.2743 -0.1926 -0.3030 -0.3673 -0.2357 0.1547 0.0889 -0.2396 -0.3268 -0.3758 -0.0197 0.2221 -0.1148 -0.2723 -0.3480 -0.3657 0.0767 0.2751 -0.1828 -0.2983 -0.3650 -0.2684 0.1440 0.1377 -0.2336 -0.3242 -0.3753 -0.0300 0.2194 -0.1139 -0.2730 -0.3491 -0.3620 0.0832 0.2749 -0.0841 0.2749 0.0832 -0.3620 -0.3491 -0.2730 -0.1139 0.2194 -0.0300 -0.3753 -0.3242 -0.2336 0.1377 0.1440 -0.2684 -0.3650 -0.2983 -0.1828 0.2751 0.0767 -0.3657 -0.3480 -0.2723 -0.1148 0.2221 -0.0197 -0.3758 -0.3268 -0.2396 0.0889 0.1547 -0.2357 -0.3673 -0.3030 -0.1926 0.2743 0.0902 -0.3566 -0.3519 -0.2777 -0.1327 0.2360 0.0077 -0.3766 -0.3315 -0.2494 0.0204 0.1697 -0.1887 -0.3697 -0.2914
-0.3597 -0.2088 0.1592 0.0543 -0.2458 -0.3315 -0.3804 -0.0030 0.2262 -0.1242 -0.2753 -0.3538 -0.3606 0.0834 0.2761 -0.1880 -0.3015 -0.3712 -0.2523 0.1457 0.1255 -0.2359 -0.3265 -0.3801 -0.0332 0.2114 -0.1043 -0.2698 -0.3495 -0.3690 0.0695 0.2732 -0.1775 -0.2964 -0.3684 -0.2842 0.1345 0.1770 -0.2286 -0.3230 -0.3796 -0.0518 0.2055 -0.0976 -0.2689 -0.3493 -0.3680 0.0737 0.2749 -0.1737 -0.2608 -0.1737 0.2749 0.0737 -0.3680 -0.3493 -0.2689 -0.0976 0.2055 -0.0518 -0.3796 -0.3230 -0.2286 0.1770 0.1345 -0.2842 -0.3684 -0.2964 -0.1775 0.2732 0.0695 -0.3690 -0.3495 -0.2698 -0.1043 0.2114 -0.0332 -0.3801 -0.3265 -0.2359 0.1255 0.1457 -0.2523 -0.3712 -0.3015 -0.1880 0.2761 0.0834 -0.3606 -0.3538 -0.2753 -0.1242 0.2262 -0.0030 -0.3804 -0.3315 -0.2458 0.0543 0.1592 -0.2088 -0.3597
-0.3615 0.0837 0.2727 -0.1948 -0.3013 -0.3760 -0.2519 0.1440 0.1342 -0.2370 -0.3273 -0.3876 -0.0301 0.2096 -0.1032 -0.2688 -0.3516 -0.3774 0.0694 0.2685 -0.1823 -0.2958 -0.3724 -0.2897 0.1310 0.1940 -0.2291 -0.3220 -0.3861 -0.0673 0.1959 -0.0768 -0.2634 -0.3470 -0.3830 0.0561 0.2611 -0.1715 -0.2915 -0.3696 -0.3094 0.1241 0.2149 -0.2262 -0.3208 -0.3859 -0.0640 0.1991 -0.0841 -0.2608 -0.3150 -0.2608 -0.0841 0.1991 -0.0640 -0.3859 -0.3208 -0.2262 0.2149 0.1241 -0.3094 -0.3696 -0.2915 -0.1715 0.2611 0.0561 -0.3830 -0.3470 -0.2634 -0.0768 0.1959 -0.0673 -0.3861 -0.3220 -0.2291 0.1940 0.1310 -0.2897 -0.3724 -0.2958 -0.1823 0.2685 0.0694 -0.3774 -0.3516 -0.2688 -0.1032 0.2096 -0.0301 -0.3876 -0.3273 -0.2370 0.1342 0.1440 -0.2519 -0.3760 -0.3013 -0.1948 0.2727 0.0837 -0.3615
