0.2388 1.0000 1.0000 0.0004 0.0051 0.0658 0.8556 1.0000 0.0001 0.0013 0.0168 0.2188 1.0000 1.0000 0.0003 0.0043 0.0561 0.7293 1.0000 0.0001 0.0011 0.0143 0.1865 1.0000 1.0000 0.0003 0.0037 0.0477 0.6204 1.0000 0.0001 0.0009 0.0122 0.1587 1.0000 1.0000 0.0002 0.0031 0.0406 0.5278 1.0000 0.0001 0.0008 0.0104 0.1347 1.0000 1.0000 0.0002 0.0025 0.0286 0.1408 0.0286 0.0025 0.0002 1.0000 1.0000 0.1347 0.0104 0.0008 0.0001 1.0000 0.5278 0.0406 0.0031 0.0002 1.0000 1.0000 0.1587 0.0122 0.0009 0.0001 1.0000 0.6204 0.0477 0.0037 0.0003 1.0000 1.0000 0.1865 0.0143 0.0011 0.0001 1.0000 0.7293 0.0561 0.0043 0.0003 1.0000 1.0000 0.2188 0.0168 0.0013 0.0001 1.0000 0.8556 0.0658 0.0051 0.0004 1.0000 1.0000 0.2388
1.0000 1.0000 0.0004 0.0050 0.0652 0.8459 1.0000 0.0001 0.0013 0.0166 0.2159 1.0000 1.0000 0.0003 0.0042 0.0552 0.7183 1.0000 0.0001 0.0011 0.0141 0.1837 1.0000 1.0000 0.0003 0.0036 0.0470 0.6111 1.0000 0.0001 0.0009 0.0120 0.1563 1.0000 1.0000 0.0002 0.0031 0.0400 0.5198 1.0000 0.0001 0.0008 0.0102 0.1329 1.0000 1.0000 0.0002 0.0026 0.0326 0.3685 1.0000 0.3685 0.0326 0.0026 0.0002 1.0000 1.0000 0.1329 0.0102 0.0008 0.0001 1.0000 0.5198 0.0400 0.0031 0.0002 1.0000 1.0000 0.1563 0.0120 0.0009 0.0001 1.0000 0.6111 0.0470 0.0036 0.0003 1.0000 1.0000 0.1837 0.0141 0.0011 0.0001 1.0000 0.7183 0.0552 0.0042 0.0003 1.0000 1.0000 0.2159 0.0166 0.0013 0.0001 1.0000 0.8459 0.0652 0.0050 0.0004 1.0000 1.0000
1.0000 0.0004 0.0049 0.0625 0.8020 1.0000 0.0001 0.0012 0.0155 0.2012 1.0000 1.0000 0.0003 0.0040 0.0515 0.6695 1.0000 0.0001 0.0010 0.0132 0.1712 1.0000 1.0000 0.0003 0.0034 0.0438 0.5695 1.0000 0.0001 0.0009 0.0112 0.1457 1.0000 1.0000 0.0002 0.0029 0.0372 0.4845 1.0000 0.0001 0.0007 0.0095 0.1239 1.0000 1.0000 0.0002 0.0024 0.0313 0.3953 1.0000 1.0000 1.0000 0.3953 0.0313 0.0024 0.0002 1.0000 1.0000 0.1239 0.0095 0.0007 0.0001 1.0000 0.4845 0.0372 0.0029 0.0002 1.0000 1.0000 0.1457 0.0112 0.0009 0.0001 1.0000 0.5695 0.0438 0.0034 0.0003 1.0000 1.0000 0.1712 0.0132 0.0010 0.0001 1.0000 0.6695 0.0515 0.0040 0.0003 1.0000 1.0000 0.2012 0.0155 0.0012 0.0001 1.0000 0.8020 0.0625 0.0049 0.0004 1.0000
0.0004 0.0050 0.0625 0.7854 1.0000 0.0001 0.0011 0.0146 0.1886 1.0000 1.0000 0.0003 0.0037 0.0480 0.6240 1.0000 0.0001 0.0009 0.0123 0.1596 1.0000 1.0000 0.0002 0.0031 0.0408 0.5308 1.0000 0.0001 0.0008 0.0104 0.1358 1.0000 1.0000 0.0002 0.0027 0.0347 0.4516 1.0000 0.0001 0.0007 0.0089 0.1155 1.0000 1.0000 0.0002 0.0023 0.0294 0.3798 1.0000 1.0000 0.0002 1.0000 1.0000 0.3798 0.0294 0.0023 0.0002 1.0000 1.0000 0.1155 0.0089 0.0007 0.0001 1.0000 0.4516 0.0347 0.0027 0.0002 1.0000 1.0000 0.1358 0.0104 0.0008 0.0001 1.0000 0.5308 0.0408 0.0031 0.0002 1.0000 1.0000 0.1596 0.0123 0.0009 0.0001 1.0000 0.6240 0.0480 0.0037 0.0003 1.0000 1.0000 0.1886 0.0146 0.0011 0.0001 1.0000 0.7854 0.0625 0.0050 0.0004
0.0051 0.0652 0.8020 1.0000 0.0001 0.0011 0.0140 0.1792 1.0000 1.0000 0.0003 0.0034 0.0447 0.5816 1.0000 0.0001 0.0009 0.0114 0.1487 1.0000 1.0000 0.0002 0.0029 0.0380 0.4948 1.0000 0.0001 0.0007 0.0097 0.1265 1.0000 1.0000 0.0002 0.0025 0.0324 0.4209 1.0000 1.0000 0.0006 0.0083 0.1076 1.0000 1.0000 0.0002 0.0021 0.0274 0.3561 1.0000 1.0000 0.0005 0.0022 0.0005 1.0000 1.0000 0.3561 0.0274 0.0021 0.0002 1.0000 1.0000 0.1076 0.0083 0.0006 1.0000 1.0000 0.4209 0.0324 0.0025 0.0002 1.0000 1.0000 0.1265 0.0097 0.0007 0.0001 1.0000 0.4948 0.0380 0.0029 0.0002 1.0000 1.0000 0.1487 0.0114 0.0009 0.0001 1.0000 0.5816 0.0447 0.0034 0.0003 1.0000 1.0000 0.1792 0.0140 0.0011 0.0001 1.0000 0.8020 0.0652 0.0051
0.0658 0.8459 1.0000 0.0001 0.0011 0.0138 0.1742 1.0000 1.0000 0.0003 0.0032 0.0420 0.5441 1.0000 0.0001 0.0008 0.0107 0.1386 1.0000 1.0000 0.0002 0.0027 0.0355 0.4611 1.0000 0.0001 0.0007 0.0091 0.1179 1.0000 1.0000 0.0002 0.0023 0.0302 0.3923 1.0000 1.0000 0.0006 0.0077 0.1003 1.0000 1.0000 0.0002 0.0020 0.0256 0.3325 1.0000 1.0000 0.0005 0.0055 0.0263 0.0055 0.0005 1.0000 1.0000 0.3325 0.0256 0.0020 0.0002 1.0000 1.0000 0.1003 0.0077 0.0006 1.0000 1.0000 0.3923 0.0302 0.0023 0.0002 1.0000 1.0000 0.1179 0.0091 0.0007 0.0001 1.0000 0.4611 0.0355 0.0027 0.0002 1.0000 1.0000 0.1386 0.0107 0.0008 0.0001 1.0000 0.5441 0.0420 0.0032 0.0003 1.0000 1.0000 0.1742 0.0138 0.0011 0.0001 1.0000 0.8459 0.0658
0.8556 1.0000 0.0001 0.0011 0.0140 0.1742 1.0000 1.0000 0.0002 0.0031 0.0399 0.5139 1.0000 0.0001 0.0008 0.0099 0.1292 1.0000 1.0000 0.0002 0.0025 0.0330 0.4298 1.0000 1.0000 0.0006 0.0085 0.1099 1.0000 1.0000 0.0002 0.0022 0.0281 0.3657 1.0000 1.0000 0.0006 0.0072 0.0935 1.0000 1.0000 0.0001 0.0018 0.0239 0.3099 1.0000 1.0000 0.0005 0.0059 0.0663 0.3183 0.0663 0.0059 0.0005 1.0000 1.0000 0.3099 0.0239 0.0018 0.0001 1.0000 1.0000 0.0935 0.0072 0.0006 1.0000 1.0000 0.3657 0.0281 0.0022 0.0002 1.0000 1.0000 0.1099 0.0085 0.0006 1.0000 1.0000 0.4298 0.0330 0.0025 0.0002 1.0000 1.0000 0.1292 0.0099 0.0008 0.0001 1.0000 0.5139 0.0399 0.0031 0.0002 1.0000 1.0000 0.1742 0.0140 0.0011 0.0001 1.0000 0.8556
1.0000 0.0001 0.0012 0.0146 0.1792 1.0000 1.0000 0.0002 0.0030 0.0385 0.4920 1.0000 0.0001 0.0007 0.0093 0.1209 1.0000 1.0000 0.0002 0.0024 0.0308 0.4006 1.0000 1.0000 0.0006 0.0079 0.1025 1.0000 1.0000 0.0002 0.0020 0.0262 0.3408 1.0000 1.0000 0.0005 0.0067 0.0872 1.0000 1.0000 0.0001 0.0017 0.0222 0.2894 1.0000 1.0000 0.0004 0.0056 0.0710 0.8020 1.0000 0.8020 0.0710 0.0056 0.0004 1.0000 1.0000 0.2894 0.0222 0.0017 0.0001 1.0000 1.0000 0.0872 0.0067 0.0005 1.0000 1.0000 0.3408 0.0262 0.0020 0.0002 1.0000 1.0000 0.1025 0.0079 0.0006 1.0000 1.0000 0.4006 0.0308 0.0024 0.0002 1.0000 1.0000 0.1209 0.0093 0.0007 0.0001 1.0000 0.4920 0.0385 0.0030 0.0002 1.0000 1.0000 0.1792 0.0146 0.0012 0.0001 1.0000
0.0001 0.0013 0.0155 0.1886 1.0000 1.0000 0.0002 0.0030 0.0380 0.4809 1.0000 0.0001 0.0007 0.0088 0.1140 1.0000 1.0000 0.0002 0.0022 0.0287 0.3734 1.0000 1.0000 0.0006 0.0073 0.0955 1.0000 1.0000 0.0001 0.0019 0.0244 0.3177 1.0000 1.0000 0.0005 0.0062 0.0812 1.0000 1.0000 0.0001 0.0016 0.0207 0.2697 1.0000 1.0000 0.0004 0.0053 0.0681 0.8589 1.0000 1.0000 1.0000 0.8589 0.0681 0.0053 0.0004 1.0000 1.0000 0.2697 0.0207 0.0016 0.0001 1.0000 1.0000 0.0812 0.0062 0.0005 1.0000 1.0000 0.3177 0.0244 0.0019 0.0001 1.0000 1.0000 0.0955 0.0073 0.0006 1.0000 1.0000 0.3734 0.0287 0.0022 0.0002 1.0000 1.0000 0.1140 0.0088 0.0007 0.0001 1.0000 0.4809 0.0380 0.0030 0.0002 1.0000 1.0000 0.1886 0.0155 0.0013 0.0001
0.0013 0.0166 0.2012 1.0000 1.0000 0.0003 0.0031 0.0385 0.4809 1.0000 0.0001 0.0007 0.0085 0.1089 1.0000 1.0000 0.0002 0.0021 0.0268 0.3480 1.0000 1.0000 0.0005 0.0068 0.0890 1.0000 1.0000 0.0001 0.0017 0.0228 0.2961 1.0000 1.0000 0.0004 0.0058 0.0757 0.9849 1.0000 0.0001 0.0015 0.0194 0.2514 1.0000 1.0000 0.0004 0.0049 0.0639 0.8252 1.0000 0.0001 0.0004 0.0001 1.0000 0.8252 0.0639 0.0049 0.0004 1.0000 1.0000 0.2514 0.0194 0.0015 0.0001 1.0000 0.9849 0.0757 0.0058 0.0004 1.0000 1.0000 0.2961 0.0228 0.0017 0.0001 1.0000 1.0000 0.0890 0.0068 0.0005 1.0000 1.0000 0.3480 0.0268 0.0021 0.0002 1.0000 1.0000 0.1089 0.0085 0.0007 0.0001 1.0000 0.4809 0.0385 0.0031 0.0003 1.0000 1.0000 0.2012 0.0166 0.0013
0.0168 0.2159 1.0000 1.0000 0.0003 0.0032 0.0399 0.4920 1.0000 0.0001 0.0007 0.0083 0.1056 1.0000 1.0000 0.0002 0.0020 0.0253 0.3268 1.0000 1.0000 0.0005 0.0064 0.0830 1.0000 1.0000 0.0001 0.0016 0.0212 0.2760 1.0000 1.0000 0.0004 0.0054 0.0706 0.9180 1.0000 0.0001 0.0014 0.0180 0.2343 1.0000 1.0000 0.0004 0.0046 0.0597 0.7750 1.0000 0.0001 0.0010 0.0047 0.0010 0.0001 1.0000 0.7750 0.0597 0.0046 0.0004 1.0000 1.0000 0.2343 0.0180 0.0014 0.0001 1.0000 0.9180 0.0706 0.0054 0.0004 1.0000 1.0000 0.2760 0.0212 0.0016 0.0001 1.0000 1.0000 0.0830 0.0064 0.0005 1.0000 1.0000 0.3268 0.0253 0.0020 0.0002 1.0000 1.0000 0.1056 0.0083 0.0007 0.0001 1.0000 0.4920 0.0399 0.0032 0.0003 1.0000 1.0000 0.2159 0.0168
0.2188 1.0000 1.0000 0.0003 0.0034 0.0420 0.5139 1.0000 0.0001 0.0007 0.0083 0.1046 1.0000 1.0000 0.0001 0.0019 0.0241 0.3099 1.0000 1.0000 0.0005 0.0060 0.0773 1.0000 1.0000 0.0001 0.0015 0.0198 0.2572 1.0000 1.0000 0.0004 0.0051 0.0658 0.8556 1.0000 0.0001 0.0013 0.0168 0.2188 1.0000 1.0000 0.0003 0.0043 0.0556 0.7238 1.0000 0.0001 0.0011 0.0119 0.0571 0.0119 0.0011 0.0001 1.0000 0.7238 0.0556 0.0043 0.0003 1.0000 1.0000 0.2188 0.0168 0.0013 0.0001 1.0000 0.8556 0.0658 0.0051 0.0004 1.0000 1.0000 0.2572 0.0198 0.0015 0.0001 1.0000 1.0000 0.0773 0.0060 0.0005 1.0000 1.0000 0.3099 0.0241 0.0019 0.0001 1.0000 1.0000 0.1046 0.0083 0.0007 0.0001 1.0000 0.5139 0.0420 0.0034 0.0003 1.0000 1.0000 0.2188
1.0000 1.0000 0.0003 0.0037 0.0447 0.5441 1.0000 0.0001 0.0007 0.0085 0.1056 1.0000 1.0000 0.0001 0.0018 0.0232 0.2966 1.0000 1.0000 0.0004 0.0056 0.0725 0.9392 1.0000 0.0001 0.0014 0.0184 0.2397 1.0000 1.0000 0.0004 0.0047 0.0613 0.7975 1.0000 0.0001 0.0012 0.0157 0.2039 1.0000 1.0000 0.0003 0.0040 0.0520 0.6746 1.0000 0.0001 0.0010 0.0127 0.1440 0.6928 0.1440 0.0127 0.0010 0.0001 1.0000 0.6746 0.0520 0.0040 0.0003 1.0000 1.0000 0.2039 0.0157 0.0012 0.0001 1.0000 0.7975 0.0613 0.0047 0.0004 1.0000 1.0000 0.2397 0.0184 0.0014 0.0001 1.0000 0.9392 0.0725 0.0056 0.0004 1.0000 1.0000 0.2966 0.0232 0.0018 0.0001 1.0000 1.0000 0.1056 0.0085 0.0007 0.0001 1.0000 0.5441 0.0447 0.0037 0.0003 1.0000 1.0000
1.0000 0.0003 0.0040 0.0480 0.5816 1.0000 0.0001 0.0007 0.0088 0.1089 1.0000 1.0000 0.0001 0.0018 0.0228 0.2888 1.0000 1.0000 0.0004 0.0053 0.0686 0.8854 1.0000 0.0001 0.0013 0.0172 0.2234 1.0000 1.0000 0.0003 0.0044 0.0571 0.7433 1.0000 0.0001 0.0011 0.0146 0.1901 1.0000 1.0000 0.0003 0.0037 0.0484 0.6287 1.0000 0.0001 0.0009 0.0122 0.1542 1.0000 1.0000 1.0000 0.1542 0.0122 0.0009 0.0001 1.0000 0.6287 0.0484 0.0037 0.0003 1.0000 1.0000 0.1901 0.0146 0.0011 0.0001 1.0000 0.7433 0.0571 0.0044 0.0003 1.0000 1.0000 0.2234 0.0172 0.0013 0.0001 1.0000 0.8854 0.0686 0.0053 0.0004 1.0000 1.0000 0.2888 0.0228 0.0018 0.0001 1.0000 1.0000 0.1089 0.0088 0.0007 0.0001 1.0000 0.5816 0.0480 0.0040 0.0003 1.0000
0.0003 0.0042 0.0515 0.6240 1.0000 0.0001 0.0008 0.0093 0.1140 1.0000 1.0000 0.0001 0.0018 0.0228 0.2861 1.0000 1.0000 0.0004 0.0051 0.0654 0.8411 1.0000 0.0001 0.0012 0.0161 0.2087 1.0000 1.0000 0.0003 0.0041 0.0533 0.6928 1.0000 0.0001 0.0010 0.0136 0.1772 1.0000 1.0000 0.0003 0.0035 0.0451 0.5860 1.0000 0.0001 0.0009 0.0115 0.1482 1.0000 1.0000 0.0001 1.0000 1.0000 0.1482 0.0115 0.0009 0.0001 1.0000 0.5860 0.0451 0.0035 0.0003 1.0000 1.0000 0.1772 0.0136 0.0010 0.0001 1.0000 0.6928 0.0533 0.0041 0.0003 1.0000 1.0000 0.2087 0.0161 0.0012 0.0001 1.0000 0.8411 0.0654 0.0051 0.0004 1.0000 1.0000 0.2861 0.0228 0.0018 0.0001 1.0000 1.0000 0.1140 0.0093 0.0008 0.0001 1.0000 0.6240 0.0515 0.0042 0.0003
0.0043 0.0552 0.6695 1.0000 0.0001 0.0008 0.0099 0.1209 1.0000 1.0000 0.0002 0.0019 0.0232 0.2888 1.0000 1.0000 0.0004 0.0050 0.0633 0.8082 1.0000 0.0001 0.0012 0.0152 0.1963 1.0000 1.0000 0.0003 0.0038 0.0496 0.6457 1.0000 0.0001 0.0010 0.0127 0.1651 1.0000 1.0000 0.0002 0.0032 0.0421 0.5472 1.0000 0.0001 0.0008 0.0107 0.1389 1.0000 1.0000 0.0002 0.0008 0.0002 1.0000 1.0000 0.1389 0.0107 0.0008 0.0001 1.0000 0.5472 0.0421 0.0032 0.0002 1.0000 1.0000 0.1651 0.0127 0.0010 0.0001 1.0000 0.6457 0.0496 0.0038 0.0003 1.0000 1.0000 0.1963 0.0152 0.0012 0.0001 1.0000 0.8082 0.0633 0.0050 0.0004 1.0000 1.0000 0.2888 0.0232 0.0019 0.0002 1.0000 1.0000 0.1209 0.0099 0.0008 0.0001 1.0000 0.6695 0.0552 0.0043
0.0561 0.7183 1.0000 0.0001 0.0009 0.0107 0.1292 1.0000 1.0000 0.0002 0.0020 0.0241 0.2966 1.0000 1.0000 0.0004 0.0049 0.0622 0.7884 1.0000 0.0001 0.0011 0.0144 0.1858 1.0000 1.0000 0.0003 0.0036 0.0464 0.6018 1.0000 0.0001 0.0009 0.0118 0.1539 1.0000 1.0000 0.0002 0.0030 0.0392 0.5101 1.0000 0.0001 0.0008 0.0100 0.1297 1.0000 1.0000 0.0002 0.0021 0.0103 0.0021 0.0002 1.0000 1.0000 0.1297 0.0100 0.0008 0.0001 1.0000 0.5101 0.0392 0.0030 0.0002 1.0000 1.0000 0.1539 0.0118 0.0009 0.0001 1.0000 0.6018 0.0464 0.0036 0.0003 1.0000 1.0000 0.1858 0.0144 0.0011 0.0001 1.0000 0.7884 0.0622 0.0049 0.0004 1.0000 1.0000 0.2966 0.0241 0.0020 0.0002 1.0000 1.0000 0.1292 0.0107 0.0009 0.0001 1.0000 0.7183 0.0561
0.7293 1.0000 0.0001 0.0009 0.0114 0.1386 1.0000 1.0000 0.0002 0.0021 0.0253 0.3099 1.0000 1.0000 0.0004 0.0050 0.0622 0.7810 1.0000 0.0001 0.0011 0.0139 0.1778 1.0000 1.0000 0.0003 0.0034 0.0435 0.5631 1.0000 0.0001 0.0008 0.0110 0.1435 1.0000 1.0000 0.0002 0.0028 0.0366 0.4754 1.0000 0.0001 0.0007 0.0093 0.1211 1.0000 1.0000 0.0002 0.0023 0.0259 0.1241 0.0259 0.0023 0.0002 1.0000 1.0000 0.1211 0.0093 0.0007 0.0001 1.0000 0.4754 0.0366 0.0028 0.0002 1.0000 1.0000 0.1435 0.0110 0.0008 0.0001 1.0000 0.5631 0.0435 0.0034 0.0003 1.0000 1.0000 0.1778 0.0139 0.0011 0.0001 1.0000 0.7810 0.0622 0.0050 0.0004 1.0000 1.0000 0.3099 0.0253 0.0021 0.0002 1.0000 1.0000 0.1386 0.0114 0.0009 0.0001 1.0000 0.7293
1.0000 0.0001 0.0010 0.0123 0.1487 1.0000 1.0000 0.0002 0.0022 0.0268 0.3268 1.0000 1.0000 0.0004 0.0051 0.0633 0.7884 1.0000 0.0001 0.0011 0.0136 0.1725 1.0000 1.0000 0.0002 0.0032 0.0410 0.5298 1.0000 0.0001 0.0008 0.0103 0.1337 1.0000 1.0000 0.0002 0.0026 0.0341 0.4431 1.0000 1.0000 0.0007 0.0087 0.1129 1.0000 1.0000 0.0002 0.0022 0.0277 0.3135 1.0000 0.3135 0.0277 0.0022 0.0002 1.0000 1.0000 0.1129 0.0087 0.0007 1.0000 1.0000 0.4431 0.0341 0.0026 0.0002 1.0000 1.0000 0.1337 0.0103 0.0008 0.0001 1.0000 0.5298 0.0410 0.0032 0.0002 1.0000 1.0000 0.1725 0.0136 0.0011 0.0001 1.0000 0.7884 0.0633 0.0051 0.0004 1.0000 1.0000 0.3268 0.0268 0.0022 0.0002 1.0000 1.0000 0.1487 0.0123 0.0010 0.0001 1.0000
0.0001 0.0011 0.0132 0.1596 1.0000 1.0000 0.0002 0.0024 0.0287 0.3480 1.0000 1.0000 0.0004 0.0053 0.0654 0.8082 1.0000 0.0001 0.0011 0.0135 0.1699 1.0000 1.0000 0.0002 0.0031 0.0391 0.5033 1.0000 0.0001 0.0007 0.0096 0.1251 1.0000 1.0000 0.0002 0.0024 0.0318 0.4138 1.0000 1.0000 0.0006 0.0081 0.1052 1.0000 1.0000 0.0002 0.0021 0.0266 0.3357 1.0000 1.0000 1.0000 0.3357 0.0266 0.0021 0.0002 1.0000 1.0000 0.1052 0.0081 0.0006 1.0000 1.0000 0.4138 0.0318 0.0024 0.0002 1.0000 1.0000 0.1251 0.0096 0.0007 0.0001 1.0000 0.5033 0.0391 0.0031 0.0002 1.0000 1.0000 0.1699 0.0135 0.0011 0.0001 1.0000 0.8082 0.0654 0.0053 0.0004 1.0000 1.0000 0.3480 0.0287 0.0024 0.0002 1.0000 1.0000 0.1596 0.0132 0.0011 0.0001
0.0011 0.0141 0.1712 1.0000 1.0000 0.0002 0.0025 0.0308 0.3734 1.0000 1.0000 0.0005 0.0056 0.0686 0.8411 1.0000 0.0001 0.0011 0.0136 0.1699 1.0000 1.0000 0.0002 0.0030 0.0377 0.4827 1.0000 0.0001 0.0007 0.0091 0.1175 1.0000 1.0000 0.0002 0.0023 0.0296 0.3857 1.0000 1.0000 0.0006 0.0076 0.0981 1.0000 1.0000 0.0001 0.0019 0.0249 0.3219 1.0000 1.0000 0.0002 1.0000 1.0000 0.3219 0.0249 0.0019 0.0001 1.0000 1.0000 0.0981 0.0076 0.0006 1.0000 1.0000 0.3857 0.0296 0.0023 0.0002 1.0000 1.0000 0.1175 0.0091 0.0007 0.0001 1.0000 0.4827 0.0377 0.0030 0.0002 1.0000 1.0000 0.1699 0.0136 0.0011 0.0001 1.0000 0.8411 0.0686 0.0056 0.0005 1.0000 1.0000 0.3734 0.0308 0.0025 0.0002 1.0000 1.0000 0.1712 0.0141 0.0011
0.0143 0.1837 1.0000 1.0000 0.0002 0.0027 0.0330 0.4006 1.0000 1.0000 0.0005 0.0060 0.0725 0.8854 1.0000 0.0001 0.0011 0.0139 0.1725 1.0000 1.0000 0.0002 0.0029 0.0369 0.4682 1.0000 0.0001 0.0007 0.0086 0.1112 1.0000 1.0000 0.0002 0.0021 0.0277 0.3601 1.0000 1.0000 0.0005 0.0070 0.0916 1.0000 1.0000 0.0001 0.0018 0.0233 0.3023 1.0000 1.0000 0.0004 0.0018 0.0004 1.0000 1.0000 0.3023 0.0233 0.0018 0.0001 1.0000 1.0000 0.0916 0.0070 0.0005 1.0000 1.0000 0.3601 0.0277 0.0021 0.0002 1.0000 1.0000 0.1112 0.0086 0.0007 0.0001 1.0000 0.4682 0.0369 0.0029 0.0002 1.0000 1.0000 0.1725 0.0139 0.0011 0.0001 1.0000 0.8854 0.0725 0.0060 0.0005 1.0000 1.0000 0.4006 0.0330 0.0027 0.0002 1.0000 1.0000 0.1837 0.0143
0.1865 1.0000 1.0000 0.0002 0.0029 0.0355 0.4298 1.0000 1.0000 0.0005 0.0064 0.0773 0.9392 1.0000 0.0001 0.0012 0.0144 0.1778 1.0000 1.0000 0.0002 0.0029 0.0366 0.4611 1.0000 1.0000 0.0006 0.0083 0.1062 1.0000 1.0000 0.0002 0.0020 0.0260 0.3369 1.0000 1.0000 0.0005 0.0066 0.0854 1.0000 1.0000 0.0001 0.0017 0.0217 0.2823 1.0000 1.0000 0.0004 0.0046 0.0223 0.0046 0.0004 1.0000 1.0000 0.2823 0.0217 0.0017 0.0001 1.0000 1.0000 0.0854 0.0066 0.0005 1.0000 1.0000 0.3369 0.0260 0.0020 0.0002 1.0000 1.0000 0.1062 0.0083 0.0006 1.0000 1.0000 0.4611 0.0366 0.0029 0.0002 1.0000 1.0000 0.1778 0.0144 0.0012 0.0001 1.0000 0.9392 0.0773 0.0064 0.0005 1.0000 1.0000 0.4298 0.0355 0.0029 0.0002 1.0000 1.0000 0.1865
1.0000 1.0000 0.0003 0.0031 0.0380 0.4611 1.0000 1.0000 0.0006 0.0068 0.0830 1.0000 1.0000 0.0001 0.0012 0.0152 0.1858 1.0000 1.0000 0.0002 0.0030 0.0369 0.4611 1.0000 1.0000 0.0006 0.0080 0.1025 1.0000 1.0000 0.0001 0.0019 0.0246 0.3171 1.0000 1.0000 0.0005 0.0062 0.0799 1.0000 1.0000 0.0001 0.0016 0.0203 0.2631 1.0000 1.0000 0.0004 0.0050 0.0563 0.2702 0.0563 0.0050 0.0004 1.0000 1.0000 0.2631 0.0203 0.0016 0.0001 1.0000 1.0000 0.0799 0.0062 0.0005 1.0000 1.0000 0.3171 0.0246 0.0019 0.0001 1.0000 1.0000 0.1025 0.0080 0.0006 1.0000 1.0000 0.4611 0.0369 0.0030 0.0002 1.0000 1.0000 0.1858 0.0152 0.0012 0.0001 1.0000 1.0000 0.0830 0.0068 0.0006 1.0000 1.0000 0.4611 0.0380 0.0031 0.0003 1.0000 1.0000
1.0000 0.0003 0.0034 0.0408 0.4948 1.0000 1.0000 0.0006 0.0073 0.0890 1.0000 1.0000 0.0001 0.0013 0.0161 0.1963 1.0000 1.0000 0.0002 0.0031 0.0377 0.4682 1.0000 1.0000 0.0006 0.0079 0.1001 1.0000 1.0000 0.0001 0.0018 0.0234 0.3006 1.0000 1.0000 0.0004 0.0058 0.0747 0.9700 1.0000 0.0001 0.0015 0.0189 0.2457 1.0000 1.0000 0.0004 0.0048 0.0603 0.6823 1.0000 0.6823 0.0603 0.0048 0.0004 1.0000 1.0000 0.2457 0.0189 0.0015 0.0001 1.0000 0.9700 0.0747 0.0058 0.0004 1.0000 1.0000 0.3006 0.0234 0.0018 0.0001 1.0000 1.0000 0.1001 0.0079 0.0006 1.0000 1.0000 0.4682 0.0377 0.0031 0.0002 1.0000 1.0000 0.1963 0.0161 0.0013 0.0001 1.0000 1.0000 0.0890 0.0073 0.0006 1.0000 1.0000 0.4948 0.0408 0.0034 0.0003 1.0000
0.0003 0.0036 0.0438 0.5308 1.0000 0.0001 0.0006 0.0079 0.0955 1.0000 1.0000 0.0001 0.0014 0.0172 0.2087 1.0000 1.0000 0.0003 0.0032 0.0391 0.4827 1.0000 1.0000 0.0006 0.0079 0.0994 1.0000 1.0000 0.0001 0.0018 0.0225 0.2877 1.0000 1.0000 0.0004 0.0054 0.0703 0.9093 1.0000 0.0001 0.0014 0.0177 0.2299 1.0000 1.0000 0.0003 0.0045 0.0579 0.7307 1.0000 1.0000 1.0000 0.7307 0.0579 0.0045 0.0003 1.0000 1.0000 0.2299 0.0177 0.0014 0.0001 1.0000 0.9093 0.0703 0.0054 0.0004 1.0000 1.0000 0.2877 0.0225 0.0018 0.0001 1.0000 1.0000 0.0994 0.0079 0.0006 1.0000 1.0000 0.4827 0.0391 0.0032 0.0003 1.0000 1.0000 0.2087 0.0172 0.0014 0.0001 1.0000 1.0000 0.0955 0.0079 0.0006 0.0001 1.0000 0.5308 0.0438 0.0036 0.0003
0.0037 0.0470 0.5695 1.0000 0.0001 0.0007 0.0085 0.1025 1.0000 1.0000 0.0001 0.0015 0.0184 0.2234 1.0000 1.0000 0.0003 0.0034 0.0410 0.5033 1.0000 0.0001 0.0006 0.0080 0.1001 1.0000 1.0000 0.0001 0.0017 0.0218 0.2781 1.0000 1.0000 0.0004 0.0052 0.0664 0.8572 1.0000 0.0001 0.0013 0.0166 0.2151 1.0000 1.0000 0.0003 0.0042 0.0544 0.7021 1.0000 0.0001 0.0003 0.0001 1.0000 0.7021 0.0544 0.0042 0.0003 1.0000 1.0000 0.2151 0.0166 0.0013 0.0001 1.0000 0.8572 0.0664 0.0052 0.0004 1.0000 1.0000 0.2781 0.0218 0.0017 0.0001 1.0000 1.0000 0.1001 0.0080 0.0006 0.0001 1.0000 0.5033 0.0410 0.0034 0.0003 1.0000 1.0000 0.2234 0.0184 0.0015 0.0001 1.0000 1.0000 0.1025 0.0085 0.0007 0.0001 1.0000 0.5695 0.0470 0.0037
0.0477 0.6111 1.0000 0.0001 0.0007 0.0091 0.1099 1.0000 1.0000 0.0001 0.0016 0.0198 0.2397 1.0000 1.0000 0.0003 0.0036 0.0435 0.5298 1.0000 0.0001 0.0007 0.0083 0.1025 1.0000 1.0000 0.0001 0.0017 0.0215 0.2723 1.0000 1.0000 0.0004 0.0049 0.0633 0.8143 1.0000 0.0001 0.0012 0.0156 0.2016 1.0000 1.0000 0.0003 0.0039 0.0509 0.6594 1.0000 0.0001 0.0008 0.0040 0.0008 0.0001 1.0000 0.6594 0.0509 0.0039 0.0003 1.0000 1.0000 0.2016 0.0156 0.0012 0.0001 1.0000 0.8143 0.0633 0.0049 0.0004 1.0000 1.0000 0.2723 0.0215 0.0017 0.0001 1.0000 1.0000 0.1025 0.0083 0.0007 0.0001 1.0000 0.5298 0.0435 0.0036 0.0003 1.0000 1.0000 0.2397 0.0198 0.0016 0.0001 1.0000 1.0000 0.1099 0.0091 0.0007 0.0001 1.0000 0.6111 0.0477
0.6204 1.0000 0.0001 0.0008 0.0097 0.1179 1.0000 1.0000 0.0001 0.0017 0.0212 0.2572 1.0000 1.0000 0.0003 0.0038 0.0464 0.5631 1.0000 0.0001 0.0007 0.0086 0.1062 1.0000 1.0000 0.0001 0.0017 0.0215 0.2702 1.0000 1.0000 0.0004 0.0048 0.0610 0.7795 1.0000 0.0001 0.0011 0.0147 0.1897 1.0000 1.0000 0.0003 0.0037 0.0477 0.6181 1.0000 0.0001 0.0009 0.0101 0.0486 0.0101 0.0009 0.0001 1.0000 0.6181 0.0477 0.0037 0.0003 1.0000 1.0000 0.1897 0.0147 0.0011 0.0001 1.0000 0.7795 0.0610 0.0048 0.0004 1.0000 1.0000 0.2702 0.0215 0.0017 0.0001 1.0000 1.0000 0.1062 0.0086 0.0007 0.0001 1.0000 0.5631 0.0464 0.0038 0.0003 1.0000 1.0000 0.2572 0.0212 0.0017 0.0001 1.0000 1.0000 0.1179 0.0097 0.0008 0.0001 1.0000 0.6204
1.0000 0.0001 0.0009 0.0104 0.1265 1.0000 1.0000 0.0002 0.0019 0.0228 0.2760 1.0000 1.0000 0.0003 0.0041 0.0496 0.6018 1.0000 0.0001 0.0007 0.0091 0.1112 1.0000 1.0000 0.0001 0.0018 0.0218 0.2723 1.0000 1.0000 0.0004 0.0047 0.0594 0.7547 1.0000 0.0001 0.0011 0.0140 0.1799 1.0000 1.0000 0.0003 0.0034 0.0446 0.5783 1.0000 0.0001 0.0009 0.0109 0.1227 0.5894 0.1227 0.0109 0.0009 0.0001 1.0000 0.5783 0.0446 0.0034 0.0003 1.0000 1.0000 0.1799 0.0140 0.0011 0.0001 1.0000 0.7547 0.0594 0.0047 0.0004 1.0000 1.0000 0.2723 0.0218 0.0018 0.0001 1.0000 1.0000 0.1112 0.0091 0.0007 0.0001 1.0000 0.6018 0.0496 0.0041 0.0003 1.0000 1.0000 0.2760 0.0228 0.0019 0.0002 1.0000 1.0000 0.1265 0.0104 0.0009 0.0001 1.0000
0.0001 0.0009 0.0112 0.1358 1.0000 1.0000 0.0002 0.0020 0.0244 0.2961 1.0000 1.0000 0.0004 0.0044 0.0533 0.6457 1.0000 0.0001 0.0008 0.0096 0.1175 1.0000 1.0000 0.0001 0.0018 0.0225 0.2781 1.0000 1.0000 0.0004 0.0046 0.0585 0.7391 1.0000 0.0001 0.0010 0.0134 0.1715 1.0000 1.0000 0.0003 0.0032 0.0419 0.5431 1.0000 0.0001 0.0008 0.0105 0.1317 1.0000 1.0000 1.0000 0.1317 0.0105 0.0008 0.0001 1.0000 0.5431 0.0419 0.0032 0.0003 1.0000 1.0000 0.1715 0.0134 0.0010 0.0001 1.0000 0.7391 0.0585 0.0046 0.0004 1.0000 1.0000 0.2781 0.0225 0.0018 0.0001 1.0000 1.0000 0.1175 0.0096 0.0008 0.0001 1.0000 0.6457 0.0533 0.0044 0.0004 1.0000 1.0000 0.2961 0.0244 0.0020 0.0002 1.0000 1.0000 0.1358 0.0112 0.0009 0.0001
0.0009 0.0120 0.1457 1.0000 1.0000 0.0002 0.0022 0.0262 0.3177 1.0000 1.0000 0.0004 0.0047 0.0571 0.6928 1.0000 0.0001 0.0008 0.0103 0.1251 1.0000 1.0000 0.0002 0.0019 0.0234 0.2877 1.0000 1.0000 0.0004 0.0047 0.0585 0.7335 1.0000 0.0001 0.0010 0.0129 0.1651 1.0000 1.0000 0.0002 0.0031 0.0396 0.5120 1.0000 0.0001 0.0008 0.0099 0.1270 1.0000 1.0000 0.0001 1.0000 1.0000 0.1270 0.0099 0.0008 0.0001 1.0000 0.5120 0.0396 0.0031 0.0002 1.0000 1.0000 0.1651 0.0129 0.0010 0.0001 1.0000 0.7335 0.0585 0.0047 0.0004 1.0000 1.0000 0.2877 0.0234 0.0019 0.0002 1.0000 1.0000 0.1251 0.0103 0.0008 0.0001 1.0000 0.6928 0.0571 0.0047 0.0004 1.0000 1.0000 0.3177 0.0262 0.0022 0.0002 1.0000 1.0000 0.1457 0.0120 0.0009
0.0122 0.1563 1.0000 1.0000 0.0002 0.0023 0.0281 0.3408 1.0000 1.0000 0.0004 0.0051 0.0613 0.7433 1.0000 0.0001 0.0009 0.0110 0.1337 1.0000 1.0000 0.0002 0.0020 0.0246 0.3006 1.0000 1.0000 0.0004 0.0048 0.0594 0.7391 1.0000 0.0001 0.0010 0.0127 0.1608 1.0000 1.0000 0.0002 0.0029 0.0377 0.4854 1.0000 0.0001 0.0007 0.0093 0.1200 1.0000 1.0000 0.0002 0.0007 0.0002 1.0000 1.0000 0.1200 0.0093 0.0007 0.0001 1.0000 0.4854 0.0377 0.0029 0.0002 1.0000 1.0000 0.1608 0.0127 0.0010 0.0001 1.0000 0.7391 0.0594 0.0048 0.0004 1.0000 1.0000 0.3006 0.0246 0.0020 0.0002 1.0000 1.0000 0.1337 0.0110 0.0009 0.0001 1.0000 0.7433 0.0613 0.0051 0.0004 1.0000 1.0000 0.3408 0.0281 0.0023 0.0002 1.0000 1.0000 0.1563 0.0122
0.1587 1.0000 1.0000 0.0002 0.0025 0.0302 0.3657 1.0000 1.0000 0.0004 0.0054 0.0658 0.7975 1.0000 0.0001 0.0010 0.0118 0.1435 1.0000 1.0000 0.0002 0.0021 0.0260 0.3171 1.0000 1.0000 0.0004 0.0049 0.0610 0.7547 1.0000 0.0001 0.0010 0.0126 0.1587 1.0000 1.0000 0.0002 0.0028 0.0362 0.4647 1.0000 0.0001 0.0007 0.0088 0.1131 1.0000 1.0000 0.0002 0.0018 0.0088 0.0018 0.0002 1.0000 1.0000 0.1131 0.0088 0.0007 0.0001 1.0000 0.4647 0.0362 0.0028 0.0002 1.0000 1.0000 0.1587 0.0126 0.0010 0.0001 1.0000 0.7547 0.0610 0.0049 0.0004 1.0000 1.0000 0.3171 0.0260 0.0021 0.0002 1.0000 1.0000 0.1435 0.0118 0.0010 0.0001 1.0000 0.7975 0.0658 0.0054 0.0004 1.0000 1.0000 0.3657 0.0302 0.0025 0.0002 1.0000 1.0000 0.1587
1.0000 1.0000 0.0002 0.0027 0.0324 0.3923 1.0000 1.0000 0.0005 0.0058 0.0706 0.8556 1.0000 0.0001 0.0010 0.0127 0.1539 1.0000 1.0000 0.0002 0.0023 0.0277 0.3369 1.0000 1.0000 0.0004 0.0052 0.0633 0.7795 1.0000 0.0001 0.0010 0.0127 0.1587 1.0000 1.0000 0.0002 0.0028 0.0351 0.4482 1.0000 1.0000 0.0006 0.0083 0.1072 1.0000 1.0000 0.0002 0.0020 0.0223 0.1068 0.0223 0.0020 0.0002 1.0000 1.0000 0.1072 0.0083 0.0006 1.0000 1.0000 0.4482 0.0351 0.0028 0.0002 1.0000 1.0000 0.1587 0.0127 0.0010 0.0001 1.0000 0.7795 0.0633 0.0052 0.0004 1.0000 1.0000 0.3369 0.0277 0.0023 0.0002 1.0000 1.0000 0.1539 0.0127 0.0010 0.0001 1.0000 0.8556 0.0706 0.0058 0.0005 1.0000 1.0000 0.3923 0.0324 0.0027 0.0002 1.0000 1.0000
1.0000 0.0002 0.0029 0.0347 0.4209 1.0000 1.0000 0.0005 0.0062 0.0757 0.9180 1.0000 0.0001 0.0011 0.0136 0.1651 1.0000 1.0000 0.0002 0.0024 0.0296 0.3601 1.0000 1.0000 0.0004 0.0054 0.0664 0.8143 1.0000 0.0001 0.0010 0.0129 0.1608 1.0000 1.0000 0.0002 0.0027 0.0345 0.4364 1.0000 1.0000 0.0006 0.0080 0.1023 1.0000 1.0000 0.0001 0.0019 0.0241 0.2713 1.0000 0.2713 0.0241 0.0019 0.0001 1.0000 1.0000 0.1023 0.0080 0.0006 1.0000 1.0000 0.4364 0.0345 0.0027 0.0002 1.0000 1.0000 0.1608 0.0129 0.0010 0.0001 1.0000 0.8143 0.0664 0.0054 0.0004 1.0000 1.0000 0.3601 0.0296 0.0024 0.0002 1.0000 1.0000 0.1651 0.0136 0.0011 0.0001 1.0000 0.9180 0.0757 0.0062 0.0005 1.0000 1.0000 0.4209 0.0347 0.0029 0.0002 1.0000
0.0002 0.0031 0.0372 0.4516 1.0000 1.0000 0.0006 0.0067 0.0812 0.9849 1.0000 0.0001 0.0012 0.0146 0.1772 1.0000 1.0000 0.0002 0.0026 0.0318 0.3857 1.0000 1.0000 0.0005 0.0058 0.0703 0.8572 1.0000 0.0001 0.0011 0.0134 0.1651 1.0000 1.0000 0.0002 0.0027 0.0342 0.4306 1.0000 1.0000 0.0006 0.0077 0.0983 1.0000 1.0000 0.0001 0.0018 0.0234 0.2938 1.0000 1.0000 1.0000 0.2938 0.0234 0.0018 0.0001 1.0000 1.0000 0.0983 0.0077 0.0006 1.0000 1.0000 0.4306 0.0342 0.0027 0.0002 1.0000 1.0000 0.1651 0.0134 0.0011 0.0001 1.0000 0.8572 0.0703 0.0058 0.0005 1.0000 1.0000 0.3857 0.0318 0.0026 0.0002 1.0000 1.0000 0.1772 0.0146 0.0012 0.0001 1.0000 0.9849 0.0812 0.0067 0.0006 1.0000 1.0000 0.4516 0.0372 0.0031 0.0002
0.0031 0.0400 0.4845 1.0000 1.0000 0.0006 0.0072 0.0872 1.0000 1.0000 0.0001 0.0013 0.0157 0.1901 1.0000 1.0000 0.0002 0.0028 0.0341 0.4138 1.0000 1.0000 0.0005 0.0062 0.0747 0.9093 1.0000 0.0001 0.0011 0.0140 0.1715 1.0000 1.0000 0.0002 0.0028 0.0345 0.4306 1.0000 1.0000 0.0006 0.0075 0.0951 1.0000 1.0000 0.0001 0.0017 0.0225 0.2872 1.0000 1.0000 0.0001 1.0000 1.0000 0.2872 0.0225 0.0017 0.0001 1.0000 1.0000 0.0951 0.0075 0.0006 1.0000 1.0000 0.4306 0.0345 0.0028 0.0002 1.0000 1.0000 0.1715 0.0140 0.0011 0.0001 1.0000 0.9093 0.0747 0.0062 0.0005 1.0000 1.0000 0.4138 0.0341 0.0028 0.0002 1.0000 1.0000 0.1901 0.0157 0.0013 0.0001 1.0000 1.0000 0.0872 0.0072 0.0006 1.0000 1.0000 0.4845 0.0400 0.0031
0.0406 0.5198 1.0000 0.0001 0.0006 0.0077 0.0935 1.0000 1.0000 0.0001 0.0014 0.0168 0.2039 1.0000 1.0000 0.0002 0.0030 0.0366 0.4431 1.0000 1.0000 0.0005 0.0066 0.0799 0.9700 1.0000 0.0001 0.0012 0.0147 0.1799 1.0000 1.0000 0.0002 0.0028 0.0351 0.4364 1.0000 1.0000 0.0006 0.0074 0.0933 1.0000 1.0000 0.0001 0.0017 0.0215 0.2760 1.0000 1.0000 0.0003 0.0016 0.0003 1.0000 1.0000 0.2760 0.0215 0.0017 0.0001 1.0000 1.0000 0.0933 0.0074 0.0006 1.0000 1.0000 0.4364 0.0351 0.0028 0.0002 1.0000 1.0000 0.1799 0.0147 0.0012 0.0001 1.0000 0.9700 0.0799 0.0066 0.0005 1.0000 1.0000 0.4431 0.0366 0.0030 0.0002 1.0000 1.0000 0.2039 0.0168 0.0014 0.0001 1.0000 1.0000 0.0935 0.0077 0.0006 0.0001 1.0000 0.5198 0.0406
0.5278 1.0000 0.0001 0.0007 0.0083 0.1003 1.0000 1.0000 0.0001 0.0015 0.0180 0.2188 1.0000 1.0000 0.0003 0.0032 0.0392 0.4754 1.0000 1.0000 0.0006 0.0070 0.0854 1.0000 1.0000 0.0001 0.0013 0.0156 0.1897 1.0000 1.0000 0.0002 0.0029 0.0362 0.4482 1.0000 1.0000 0.0006 0.0074 0.0928 1.0000 1.0000 0.0001 0.0016 0.0208 0.2657 1.0000 1.0000 0.0004 0.0042 0.0199 0.0042 0.0004 1.0000 1.0000 0.2657 0.0208 0.0016 0.0001 1.0000 1.0000 0.0928 0.0074 0.0006 1.0000 1.0000 0.4482 0.0362 0.0029 0.0002 1.0000 1.0000 0.1897 0.0156 0.0013 0.0001 1.0000 1.0000 0.0854 0.0070 0.0006 1.0000 1.0000 0.4754 0.0392 0.0032 0.0003 1.0000 1.0000 0.2188 0.0180 0.0015 0.0001 1.0000 1.0000 0.1003 0.0083 0.0007 0.0001 1.0000 0.5278
1.0000 0.0001 0.0007 0.0089 0.1076 1.0000 1.0000 0.0001 0.0016 0.0194 0.2343 1.0000 1.0000 0.0003 0.0035 0.0421 0.5101 1.0000 1.0000 0.0006 0.0076 0.0916 1.0000 1.0000 0.0001 0.0014 0.0166 0.2016 1.0000 1.0000 0.0003 0.0031 0.0377 0.4647 1.0000 1.0000 0.0006 0.0075 0.0933 1.0000 1.0000 0.0001 0.0016 0.0203 0.2582 1.0000 1.0000 0.0004 0.0046 0.0510 0.2439 0.0510 0.0046 0.0004 1.0000 1.0000 0.2582 0.0203 0.0016 0.0001 1.0000 1.0000 0.0933 0.0075 0.0006 1.0000 1.0000 0.4647 0.0377 0.0031 0.0003 1.0000 1.0000 0.2016 0.0166 0.0014 0.0001 1.0000 1.0000 0.0916 0.0076 0.0006 1.0000 1.0000 0.5101 0.0421 0.0035 0.0003 1.0000 1.0000 0.2343 0.0194 0.0016 0.0001 1.0000 1.0000 0.1076 0.0089 0.0007 0.0001 1.0000
0.0001 0.0008 0.0095 0.1155 1.0000 1.0000 0.0001 0.0017 0.0207 0.2514 1.0000 1.0000 0.0003 0.0037 0.0451 0.5472 1.0000 0.0001 0.0007 0.0081 0.0981 1.0000 1.0000 0.0001 0.0015 0.0177 0.2151 1.0000 1.0000 0.0003 0.0032 0.0396 0.4854 1.0000 1.0000 0.0006 0.0077 0.0951 1.0000 1.0000 0.0001 0.0016 0.0201 0.2533 1.0000 1.0000 0.0004 0.0045 0.0562 0.6275 1.0000 0.6275 0.0562 0.0045 0.0004 1.0000 1.0000 0.2533 0.0201 0.0016 0.0001 1.0000 1.0000 0.0951 0.0077 0.0006 1.0000 1.0000 0.4854 0.0396 0.0032 0.0003 1.0000 1.0000 0.2151 0.0177 0.0015 0.0001 1.0000 1.0000 0.0981 0.0081 0.0007 0.0001 1.0000 0.5472 0.0451 0.0037 0.0003 1.0000 1.0000 0.2514 0.0207 0.0017 0.0001 1.0000 1.0000 0.1155 0.0095 0.0008 0.0001
0.0008 0.0102 0.1239 1.0000 1.0000 0.0002 0.0018 0.0222 0.2697 1.0000 1.0000 0.0003 0.0040 0.0484 0.5860 1.0000 0.0001 0.0007 0.0087 0.1052 1.0000 1.0000 0.0001 0.0016 0.0189 0.2299 1.0000 1.0000 0.0003 0.0034 0.0419 0.5120 1.0000 0.0001 0.0006 0.0080 0.0983 1.0000 1.0000 0.0001 0.0016 0.0201 0.2519 1.0000 1.0000 0.0003 0.0044 0.0560 0.6941 1.0000 1.0000 1.0000 0.6941 0.0560 0.0044 0.0003 1.0000 1.0000 0.2519 0.0201 0.0016 0.0001 1.0000 1.0000 0.0983 0.0080 0.0006 0.0001 1.0000 0.5120 0.0419 0.0034 0.0003 1.0000 1.0000 0.2299 0.0189 0.0016 0.0001 1.0000 1.0000 0.1052 0.0087 0.0007 0.0001 1.0000 0.5860 0.0484 0.0040 0.0003 1.0000 1.0000 0.2697 0.0222 0.0018 0.0002 1.0000 1.0000 0.1239 0.0102 0.0008
0.0104 0.1329 1.0000 1.0000 0.0002 0.0020 0.0239 0.2894 1.0000 1.0000 0.0004 0.0043 0.0520 0.6287 1.0000 0.0001 0.0008 0.0093 0.1129 1.0000 1.0000 0.0001 0.0017 0.0203 0.2457 1.0000 1.0000 0.0003 0.0037 0.0446 0.5431 1.0000 0.0001 0.0007 0.0083 0.1023 1.0000 1.0000 0.0001 0.0016 0.0203 0.2533 1.0000 1.0000 0.0003 0.0043 0.0550 0.6941 1.0000 0.0001 0.0003 0.0001 1.0000 0.6941 0.0550 0.0043 0.0003 1.0000 1.0000 0.2533 0.0203 0.0016 0.0001 1.0000 1.0000 0.1023 0.0083 0.0007 0.0001 1.0000 0.5431 0.0446 0.0037 0.0003 1.0000 1.0000 0.2457 0.0203 0.0017 0.0001 1.0000 1.0000 0.1129 0.0093 0.0008 0.0001 1.0000 0.6287 0.0520 0.0043 0.0004 1.0000 1.0000 0.2894 0.0239 0.0020 0.0002 1.0000 1.0000 0.1329 0.0104
0.1347 1.0000 1.0000 0.0002 0.0021 0.0256 0.3099 1.0000 1.0000 0.0004 0.0046 0.0556 0.6746 1.0000 0.0001 0.0008 0.0100 0.1211 1.0000 1.0000 0.0001 0.0018 0.0217 0.2631 1.0000 1.0000 0.0003 0.0039 0.0477 0.5783 1.0000 0.0001 0.0007 0.0088 0.1072 1.0000 1.0000 0.0001 0.0017 0.0208 0.2582 1.0000 1.0000 0.0003 0.0043 0.0544 0.6862 1.0000 0.0001 0.0008 0.0039 0.0008 0.0001 1.0000 0.6862 0.0544 0.0043 0.0003 1.0000 1.0000 0.2582 0.0208 0.0017 0.0001 1.0000 1.0000 0.1072 0.0088 0.0007 0.0001 1.0000 0.5783 0.0477 0.0039 0.0003 1.0000 1.0000 0.2631 0.0217 0.0018 0.0001 1.0000 1.0000 0.1211 0.0100 0.0008 0.0001 1.0000 0.6746 0.0556 0.0046 0.0004 1.0000 1.0000 0.3099 0.0256 0.0021 0.0002 1.0000 1.0000 0.1347
1.0000 1.0000 0.0002 0.0023 0.0274 0.3325 1.0000 1.0000 0.0004 0.0049 0.0597 0.7238 1.0000 0.0001 0.0009 0.0107 0.1297 1.0000 1.0000 0.0002 0.0019 0.0233 0.2823 1.0000 1.0000 0.0003 0.0042 0.0509 0.6181 1.0000 0.0001 0.0008 0.0093 0.1131 1.0000 1.0000 0.0001 0.0017 0.0215 0.2657 1.0000 1.0000 0.0003 0.0043 0.0544 0.6823 1.0000 0.0001 0.0009 0.0101 0.0481 0.0101 0.0009 0.0001 1.0000 0.6823 0.0544 0.0043 0.0003 1.0000 1.0000 0.2657 0.0215 0.0017 0.0001 1.0000 1.0000 0.1131 0.0093 0.0008 0.0001 1.0000 0.6181 0.0509 0.0042 0.0003 1.0000 1.0000 0.2823 0.0233 0.0019 0.0002 1.0000 1.0000 0.1297 0.0107 0.0009 0.0001 1.0000 0.7238 0.0597 0.0049 0.0004 1.0000 1.0000 0.3325 0.0274 0.0023 0.0002 1.0000 1.0000
1.0000 0.0002 0.0024 0.0294 0.3561 1.0000 1.0000 0.0004 0.0053 0.0639 0.7750 1.0000 0.0001 0.0009 0.0115 0.1389 1.0000 1.0000 0.0002 0.0021 0.0249 0.3023 1.0000 1.0000 0.0004 0.0045 0.0544 0.6594 1.0000 0.0001 0.0008 0.0099 0.1200 1.0000 1.0000 0.0001 0.0018 0.0225 0.2760 1.0000 1.0000 0.0004 0.0044 0.0550 0.6862 1.0000 0.0001 0.0009 0.0114 0.1258 0.5973 0.1258 0.0114 0.0009 0.0001 1.0000 0.6862 0.0550 0.0044 0.0004 1.0000 1.0000 0.2760 0.0225 0.0018 0.0001 1.0000 1.0000 0.1200 0.0099 0.0008 0.0001 1.0000 0.6594 0.0544 0.0045 0.0004 1.0000 1.0000 0.3023 0.0249 0.0021 0.0002 1.0000 1.0000 0.1389 0.0115 0.0009 0.0001 1.0000 0.7750 0.0639 0.0053 0.0004 1.0000 1.0000 0.3561 0.0294 0.0024 0.0002 1.0000
0.0002 0.0026 0.0313 0.3798 1.0000 1.0000 0.0005 0.0056 0.0681 0.8252 1.0000 0.0001 0.0010 0.0122 0.1482 1.0000 1.0000 0.0002 0.0022 0.0266 0.3219 1.0000 1.0000 0.0004 0.0048 0.0579 0.7021 1.0000 0.0001 0.0009 0.0105 0.1270 1.0000 1.0000 0.0002 0.0019 0.0234 0.2872 1.0000 1.0000 0.0004 0.0045 0.0560 0.6941 1.0000 0.0001 0.0009 0.0115 0.1413 1.0000 1.0000 1.0000 0.1413 0.0115 0.0009 0.0001 1.0000 0.6941 0.0560 0.0045 0.0004 1.0000 1.0000 0.2872 0.0234 0.0019 0.0002 1.0000 1.0000 0.1270 0.0105 0.0009 0.0001 1.0000 0.7021 0.0579 0.0048 0.0004 1.0000 1.0000 0.3219 0.0266 0.0022 0.0002 1.0000 1.0000 0.1482 0.0122 0.0010 0.0001 1.0000 0.8252 0.0681 0.0056 0.0005 1.0000 1.0000 0.3798 0.0313 0.0026 0.0002
0.0025 0.0326 0.3953 1.0000 1.0000 0.0005 0.0059 0.0710 0.8589 1.0000 0.0001 0.0011 0.0127 0.1542 1.0000 1.0000 0.0002 0.0023 0.0277 0.3357 1.0000 1.0000 0.0004 0.0050 0.0603 0.7307 1.0000 0.0001 0.0009 0.0109 0.1317 1.0000 1.0000 0.0002 0.0020 0.0241 0.2938 1.0000 1.0000 0.0004 0.0046 0.0562 0.6941 1.0000 0.0001 0.0009 0.0114 0.1413 1.0000 1.0000 0.0001 1.0000 1.0000 0.1413 0.0114 0.0009 0.0001 1.0000 0.6941 0.0562 0.0046 0.0004 1.0000 1.0000 0.2938 0.0241 0.0020 0.0002 1.0000 1.0000 0.1317 0.0109 0.0009 0.0001 1.0000 0.7307 0.0603 0.0050 0.0004 1.0000 1.0000 0.3357 0.0277 0.0023 0.0002 1.0000 1.0000 0.1542 0.0127 0.0011 0.0001 1.0000 0.8589 0.0710 0.0059 0.0005 1.0000 1.0000 0.3953 0.0326 0.0025
0.0286 0.3685 1.0000 1.0000 0.0005 0.0055 0.0663 0.8020 1.0000 0.0001 0.0010 0.0119 0.1440 1.0000 1.0000 0.0002 0.0021 0.0259 0.3135 1.0000 1.0000 0.0004 0.0046 0.0563 0.6823 1.0000 0.0001 0.0008 0.0101 0.1227 1.0000 1.0000 0.0002 0.0018 0.0223 0.2713 1.0000 1.0000 0.0003 0.0042 0.0510 0.6275 1.0000 0.0001 0.0008 0.0101 0.1258 1.0000 1.0000 0.0001 0.0007 0.0001 1.0000 1.0000 0.1258 0.0101 0.0008 0.0001 1.0000 0.6275 0.0510 0.0042 0.0003 1.0000 1.0000 0.2713 0.0223 0.0018 0.0002 1.0000 1.0000 0.1227 0.0101 0.0008 0.0001 1.0000 0.6823 0.0563 0.0046 0.0004 1.0000 1.0000 0.3135 0.0259 0.0021 0.0002 1.0000 1.0000 0.1440 0.0119 0.0010 0.0001 1.0000 0.8020 0.0663 0.0055 0.0005 1.0000 1.0000 0.3685 0.0286
0.1408 1.0000 1.0000 0.0002 0.0022 0.0263 0.3183 1.0000 1.0000 0.0004 0.0047 0.0571 0.6928 1.0000 0.0001 0.0008 0.0103 0.1241 1.0000 1.0000 0.0002 0.0018 0.0223 0.2702 1.0000 1.0000 0.0003 0.0040 0.0486 0.5894 1.0000 0.0001 0.0007 0.0088 0.1068 1.0000 1.0000 0.0001 0.0016 0.0199 0.2439 1.0000 1.0000 0.0003 0.0039 0.0481 0.5973 1.0000 0.0001 0.0007 0.0031 0.0007 0.0001 1.0000 0.5973 0.0481 0.0039 0.0003 1.0000 1.0000 0.2439 0.0199 0.0016 0.0001 1.0000 1.0000 0.1068 0.0088 0.0007 0.0001 1.0000 0.5894 0.0486 0.0040 0.0003 1.0000 1.0000 0.2702 0.0223 0.0018 0.0002 1.0000 1.0000 0.1241 0.0103 0.0008 0.0001 1.0000 0.6928 0.0571 0.0047 0.0004 1.0000 1.0000 0.3183 0.0263 0.0022 0.0002 1.0000 1.0000 0.1408
0.0286 0.3685 1.0000 1.0000 0.0005 0.0055 0.0663 0.8020 1.0000 0.0001 0.0010 0.0119 0.1440 1.0000 1.0000 0.0002 0.0021 0.0259 0.3135 1.0000 1.0000 0.0004 0.0046 0.0563 0.6823 1.0000 0.0001 0.0008 0.0101 0.1227 1.0000 1.0000 0.0002 0.0018 0.0223 0.2713 1.0000 1.0000 0.0003 0.0042 0.0510 0.6275 1.0000 0.0001 0.0008 0.0101 0.1258 1.0000 1.0000 0.0001 0.0007 0.0001 1.0000 1.0000 0.1258 0.0101 0.0008 0.0001 1.0000 0.6275 0.0510 0.0042 0.0003 1.0000 1.0000 0.2713 0.0223 0.0018 0.0002 1.0000 1.0000 0.1227 0.0101 0.0008 0.0001 1.0000 0.6823 0.0563 0.0046 0.0004 1.0000 1.0000 0.3135 0.0259 0.0021 0.0002 1.0000 1.0000 0.1440 0.0119 0.0010 0.0001 1.0000 0.8020 0.0663 0.0055 0.0005 1.0000 1.0000 0.3685 0.0286
0.0025 0.0326 0.3953 1.0000 1.0000 0.0005 0.0059 0.0710 0.8589 1.0000 0.0001 0.0011 0.0127 0.1542 1.0000 1.0000 0.0002 0.0023 0.0277 0.3357 1.0000 1.0000 0.0004 0.0050 0.0603 0.7307 1.0000 0.0001 0.0009 0.0109 0.1317 1.0000 1.0000 0.0002 0.0020 0.0241 0.2938 1.0000 1.0000 0.0004 0.0046 0.0562 0.6941 1.0000 0.0001 0.0009 0.0114 0.1413 1.0000 1.0000 0.0001 1.0000 1.0000 0.1413 0.0114 0.0009 0.0001 1.0000 0.6941 0.0562 0.0046 0.0004 1.0000 1.0000 0.2938 0.0241 0.0020 0.0002 1.0000 1.0000 0.1317 0.0109 0.0009 0.0001 1.0000 0.7307 0.0603 0.0050 0.0004 1.0000 1.0000 0.3357 0.0277 0.0023 0.0002 1.0000 1.0000 0.1542 0.0127 0.0011 0.0001 1.0000 0.8589 0.0710 0.0059 0.0005 1.0000 1.0000 0.3953 0.0326 0.0025
0.0002 0.0026 0.0313 0.3798 1.0000 1.0000 0.0005 0.0056 0.0681 0.8252 1.0000 0.0001 0.0010 0.0122 0.1482 1.0000 1.0000 0.0002 0.0022 0.0266 0.3219 1.0000 1.0000 0.0004 0.0048 0.0579 0.7021 1.0000 0.0001 0.0009 0.0105 0.1270 1.0000 1.0000 0.0002 0.0019 0.0234 0.2872 1.0000 1.0000 0.0004 0.0045 0.0560 0.6941 1.0000 0.0001 0.0009 0.0115 0.1413 1.0000 1.0000 1.0000 0.1413 0.0115 0.0009 0.0001 1.0000 0.6941 0.0560 0.0045 0.0004 1.0000 1.0000 0.2872 0.0234 0.0019 0.0002 1.0000 1.0000 0.1270 0.0105 0.0009 0.0001 1.0000 0.7021 0.0579 0.0048 0.0004 1.0000 1.0000 0.3219 0.0266 0.0022 0.0002 1.0000 1.0000 0.1482 0.0122 0.0010 0.0001 1.0000 0.8252 0.0681 0.0056 0.0005 1.0000 1.0000 0.3798 0.0313 0.0026 0.0002
1.0000 0.0002 0.0024 0.0294 0.3561 1.0000 1.0000 0.0004 0.0053 0.0639 0.7750 1.0000 0.0001 0.0009 0.0115 0.1389 1.0000 1.0000 0.0002 0.0021 0.0249 0.3023 1.0000 1.0000 0.0004 0.0045 0.0544 0.6594 1.0000 0.0001 0.0008 0.0099 0.1200 1.0000 1.0000 0.0001 0.0018 0.0225 0.2760 1.0000 1.0000 0.0004 0.0044 0.0550 0.6862 1.0000 0.0001 0.0009 0.0114 0.1258 0.5973 0.1258 0.0114 0.0009 0.0001 1.0000 0.6862 0.0550 0.0044 0.0004 1.0000 1.0000 0.2760 0.0225 0.0018 0.0001 1.0000 1.0000 0.1200 0.0099 0.0008 0.0001 1.0000 0.6594 0.0544 0.0045 0.0004 1.0000 1.0000 0.3023 0.0249 0.0021 0.0002 1.0000 1.0000 0.1389 0.0115 0.0009 0.0001 1.0000 0.7750 0.0639 0.0053 0.0004 1.0000 1.0000 0.3561 0.0294 0.0024 0.0002 1.0000
1.0000 1.0000 0.0002 0.0023 0.0274 0.3325 1.0000 1.0000 0.0004 0.0049 0.0597 0.7238 1.0000 0.0001 0.0009 0.0107 0.1297 1.0000 1.0000 0.0002 0.0019 0.0233 0.2823 1.0000 1.0000 0.0003 0.0042 0.0509 0.6181 1.0000 0.0001 0.0008 0.0093 0.1131 1.0000 1.0000 0.0001 0.0017 0.0215 0.2657 1.0000 1.0000 0.0003 0.0043 0.0544 0.6823 1.0000 0.0001 0.0009 0.0101 0.0481 0.0101 0.0009 0.0001 1.0000 0.6823 0.0544 0.0043 0.0003 1.0000 1.0000 0.2657 0.0215 0.0017 0.0001 1.0000 1.0000 0.1131 0.0093 0.0008 0.0001 1.0000 0.6181 0.0509 0.0042 0.0003 1.0000 1.0000 0.2823 0.0233 0.0019 0.0002 1.0000 1.0000 0.1297 0.0107 0.0009 0.0001 1.0000 0.7238 0.0597 0.0049 0.0004 1.0000 1.0000 0.3325 0.0274 0.0023 0.0002 1.0000 1.0000
