0.4033 0.4972 0.2539 0.1453 0.1793 0.2965 0.5042 0.4203 0.1592 0.1530 0.2212 0.3942 0.5022 0.2760 0.1455 0.1752 0.2857 0.4968 0.4344 0.1638 0.1511 0.2144 0.3795 0.5066 0.2987 0.1460 0.1713 0.2755 0.4869 0.4473 0.1696 0.1494 0.2080 0.3651 0.5099 0.3207 0.1468 0.1677 0.2658 0.4748 0.4590 0.1775 0.1480 0.2019 0.3511 0.5122 0.3423 0.1481 0.1633 0.2451 0.3522 0.2451 0.1633 0.1481 0.3423 0.5122 0.3511 0.2019 0.1480 0.1775 0.4590 0.4748 0.2658 0.1677 0.1468 0.3207 0.5099 0.3651 0.2080 0.1494 0.1696 0.4473 0.4869 0.2755 0.1713 0.1460 0.2987 0.5066 0.3795 0.2144 0.1511 0.1638 0.4344 0.4968 0.2857 0.1752 0.1455 0.2760 0.5022 0.3942 0.2212 0.1530 0.1592 0.4203 0.5042 0.2965 0.1793 0.1453 0.2539 0.4972 0.4033
0.4972 0.2533 0.1372 0.1735 0.2929 0.5047 0.4238 0.1529 0.1457 0.2160 0.3918 0.5039 0.2810 0.1374 0.1689 0.2817 0.4968 0.4378 0.1581 0.1436 0.2091 0.3768 0.5082 0.3038 0.1380 0.1649 0.2713 0.4865 0.4504 0.1649 0.1418 0.2025 0.3622 0.5114 0.3259 0.1389 0.1612 0.2614 0.4740 0.4618 0.1742 0.1402 0.1963 0.3481 0.5135 0.3470 0.1403 0.1575 0.2495 0.4425 0.5113 0.4425 0.2495 0.1575 0.1403 0.3470 0.5135 0.3481 0.1963 0.1402 0.1742 0.4618 0.4740 0.2614 0.1612 0.1389 0.3259 0.5114 0.3622 0.2025 0.1418 0.1649 0.4504 0.4865 0.2713 0.1649 0.1380 0.3038 0.5082 0.3768 0.2091 0.1436 0.1581 0.4378 0.4968 0.2817 0.1689 0.1374 0.2810 0.5039 0.3918 0.2160 0.1457 0.1529 0.4238 0.5047 0.2929 0.1735 0.1372 0.2533 0.4972
0.2539 0.1372 0.1728 0.2900 0.5024 0.4291 0.1548 0.1448 0.2130 0.3853 0.5059 0.2911 0.1376 0.1671 0.2770 0.4925 0.4434 0.1609 0.1428 0.2061 0.3704 0.5097 0.3135 0.1383 0.1632 0.2669 0.4812 0.4555 0.1686 0.1411 0.1998 0.3560 0.5124 0.3352 0.1395 0.1596 0.2573 0.4680 0.4664 0.1794 0.1396 0.1938 0.3421 0.5139 0.3557 0.1411 0.1562 0.2474 0.4496 0.4848 0.3559 0.4848 0.4496 0.2474 0.1562 0.1411 0.3557 0.5139 0.3421 0.1938 0.1396 0.1794 0.4664 0.4680 0.2573 0.1596 0.1395 0.3352 0.5124 0.3560 0.1998 0.1411 0.1686 0.4555 0.4812 0.2669 0.1632 0.1383 0.3135 0.5097 0.3704 0.2061 0.1428 0.1609 0.4434 0.4925 0.2770 0.1671 0.1376 0.2911 0.5059 0.3853 0.2130 0.1448 0.1548 0.4291 0.5024 0.2900 0.1728 0.1372 0.2539
0.1453 0.1735 0.2900 0.5015 0.4322 0.1563 0.1441 0.2104 0.3793 0.5076 0.3008 0.1379 0.1654 0.2726 0.4878 0.4488 0.1640 0.1420 0.2033 0.3640 0.5110 0.3231 0.1388 0.1616 0.2626 0.4757 0.4604 0.1729 0.1404 0.1971 0.3499 0.5132 0.3442 0.1401 0.1582 0.2532 0.4619 0.4708 0.1853 0.1391 0.1913 0.3363 0.5142 0.3641 0.1419 0.1549 0.2440 0.4459 0.4820 0.2263 0.1391 0.2263 0.4820 0.4459 0.2440 0.1549 0.1419 0.3641 0.5142 0.3363 0.1913 0.1391 0.1853 0.4708 0.4619 0.2532 0.1582 0.1401 0.3442 0.5132 0.3499 0.1971 0.1404 0.1729 0.4604 0.4757 0.2626 0.1616 0.1388 0.3231 0.5110 0.3640 0.2033 0.1420 0.1640 0.4488 0.4878 0.2726 0.1654 0.1379 0.3008 0.5076 0.3793 0.2104 0.1441 0.1563 0.4322 0.5015 0.2900 0.1735 0.1453
0.1793 0.2929 0.5024 0.4322 0.1569 0.1437 0.2086 0.3746 0.5089 0.3094 0.1382 0.1638 0.2683 0.4828 0.4540 0.1675 0.1413 0.2006 0.3578 0.5121 0.3324 0.1393 0.1601 0.2585 0.4698 0.4651 0.1778 0.1398 0.1945 0.3439 0.5138 0.3530 0.1408 0.1567 0.2492 0.4555 0.4749 0.1921 0.1386 0.1888 0.3305 0.5142 0.3723 0.1428 0.1536 0.2403 0.4399 0.4842 0.2157 0.1362 0.1510 0.1362 0.2157 0.4842 0.4399 0.2403 0.1536 0.1428 0.3723 0.5142 0.3305 0.1888 0.1386 0.1921 0.4749 0.4555 0.2492 0.1567 0.1408 0.3530 0.5138 0.3439 0.1945 0.1398 0.1778 0.4651 0.4698 0.2585 0.1601 0.1393 0.3324 0.5121 0.3578 0.2006 0.1413 0.1675 0.4540 0.4828 0.2683 0.1638 0.1382 0.3094 0.5089 0.3746 0.2086 0.1437 0.1569 0.4322 0.5024 0.2929 0.1793
0.2965 0.5047 0.4291 0.1563 0.1437 0.2080 0.3720 0.5097 0.3160 0.1385 0.1624 0.2644 0.4777 0.4588 0.1715 0.1406 0.1979 0.3517 0.5130 0.3416 0.1399 0.1586 0.2544 0.4637 0.4695 0.1835 0.1392 0.1920 0.3380 0.5142 0.3616 0.1416 0.1554 0.2454 0.4490 0.4788 0.1996 0.1382 0.1865 0.3249 0.5140 0.3803 0.1438 0.1524 0.2367 0.4333 0.4873 0.2210 0.1372 0.1742 0.2337 0.1742 0.1372 0.2210 0.4873 0.4333 0.2367 0.1524 0.1438 0.3803 0.5140 0.3249 0.1865 0.1382 0.1996 0.4788 0.4490 0.2454 0.1554 0.1416 0.3616 0.5142 0.3380 0.1920 0.1392 0.1835 0.4695 0.4637 0.2544 0.1586 0.1399 0.3416 0.5130 0.3517 0.1979 0.1406 0.1715 0.4588 0.4777 0.2644 0.1624 0.1385 0.3160 0.5097 0.3720 0.2080 0.1437 0.1563 0.4291 0.5047 0.2965
0.5042 0.4238 0.1548 0.1441 0.2086 0.3720 0.5100 0.3196 0.1388 0.1614 0.2613 0.4730 0.4630 0.1759 0.1400 0.1953 0.3457 0.5137 0.3504 0.1406 0.1571 0.2504 0.4574 0.4737 0.1900 0.1387 0.1895 0.3322 0.5143 0.3699 0.1425 0.1540 0.2416 0.4424 0.4825 0.2078 0.1379 0.1842 0.3194 0.5134 0.3880 0.1449 0.1512 0.2331 0.4266 0.4905 0.2296 0.1372 0.1776 0.2932 0.4274 0.2932 0.1776 0.1372 0.2296 0.4905 0.4266 0.2331 0.1512 0.1449 0.3880 0.5134 0.3194 0.1842 0.1379 0.2078 0.4825 0.4424 0.2416 0.1540 0.1425 0.3699 0.5143 0.3322 0.1895 0.1387 0.1900 0.4737 0.4574 0.2504 0.1571 0.1406 0.3504 0.5137 0.3457 0.1953 0.1400 0.1759 0.4630 0.4730 0.2613 0.1614 0.1388 0.3196 0.5100 0.3720 0.2086 0.1441 0.1548 0.4238 0.5042
0.4203 0.1529 0.1448 0.2104 0.3746 0.5097 0.3196 0.1389 0.1608 0.2592 0.4693 0.4663 0.1800 0.1395 0.1930 0.3401 0.5141 0.3590 0.1414 0.1558 0.2465 0.4509 0.4777 0.1973 0.1383 0.1872 0.3266 0.5141 0.3779 0.1435 0.1528 0.2379 0.4357 0.4861 0.2166 0.1376 0.1819 0.3140 0.5125 0.3954 0.1462 0.1500 0.2297 0.4199 0.4935 0.2392 0.1372 0.1766 0.2988 0.5014 0.4911 0.5014 0.2988 0.1766 0.1372 0.2392 0.4935 0.4199 0.2297 0.1500 0.1462 0.3954 0.5125 0.3140 0.1819 0.1376 0.2166 0.4861 0.4357 0.2379 0.1528 0.1435 0.3779 0.5141 0.3266 0.1872 0.1383 0.1973 0.4777 0.4509 0.2465 0.1558 0.1414 0.3590 0.5141 0.3401 0.1930 0.1395 0.1800 0.4663 0.4693 0.2592 0.1608 0.1389 0.3196 0.5097 0.3746 0.2104 0.1448 0.1529 0.4203
0.1592 0.1457 0.2130 0.3793 0.5089 0.3160 0.1388 0.1608 0.2584 0.4673 0.4684 0.1835 0.1391 0.1911 0.3352 0.5143 0.3668 0.1422 0.1544 0.2427 0.4444 0.4815 0.2053 0.1379 0.1848 0.3210 0.5136 0.3857 0.1446 0.1515 0.2343 0.4289 0.4893 0.2260 0.1374 0.1797 0.3087 0.5113 0.4026 0.1475 0.1489 0.2263 0.4131 0.4962 0.2491 0.1371 0.1748 0.2960 0.5050 0.4348 0.2500 0.4348 0.5050 0.2960 0.1748 0.1371 0.2491 0.4962 0.4131 0.2263 0.1489 0.1475 0.4026 0.5113 0.3087 0.1797 0.1374 0.2260 0.4893 0.4289 0.2343 0.1515 0.1446 0.3857 0.5136 0.3210 0.1848 0.1379 0.2053 0.4815 0.4444 0.2427 0.1544 0.1422 0.3668 0.5143 0.3352 0.1911 0.1391 0.1835 0.4684 0.4673 0.2584 0.1608 0.1388 0.3160 0.5089 0.3793 0.2130 0.1457 0.1592
0.1530 0.2160 0.3853 0.5076 0.3094 0.1385 0.1614 0.2592 0.4673 0.4691 0.1854 0.1389 0.1897 0.3314 0.5143 0.3735 0.1430 0.1533 0.2392 0.4378 0.4850 0.2140 0.1376 0.1826 0.3156 0.5128 0.3932 0.1458 0.1504 0.2308 0.4221 0.4924 0.2356 0.1372 0.1776 0.3036 0.5097 0.4096 0.1490 0.1478 0.2230 0.4064 0.4988 0.2591 0.1371 0.1729 0.2916 0.5036 0.4285 0.1589 0.1351 0.1589 0.4285 0.5036 0.2916 0.1729 0.1371 0.2591 0.4988 0.4064 0.2230 0.1478 0.1490 0.4096 0.5097 0.3036 0.1776 0.1372 0.2356 0.4924 0.4221 0.2308 0.1504 0.1458 0.3932 0.5128 0.3156 0.1826 0.1376 0.2140 0.4850 0.4378 0.2392 0.1533 0.1430 0.3735 0.5143 0.3314 0.1897 0.1389 0.1854 0.4691 0.4673 0.2592 0.1614 0.1385 0.3094 0.5076 0.3853 0.2160 0.1530
0.2212 0.3918 0.5059 0.3008 0.1382 0.1624 0.2613 0.4693 0.4684 0.1854 0.1388 0.1890 0.3291 0.5142 0.3786 0.1438 0.1523 0.2361 0.4317 0.4882 0.2229 0.1374 0.1804 0.3103 0.5117 0.4005 0.1471 0.1492 0.2273 0.4153 0.4953 0.2455 0.1371 0.1756 0.2985 0.5076 0.4163 0.1507 0.1468 0.2197 0.3997 0.5013 0.2692 0.1372 0.1710 0.2869 0.5007 0.4320 0.1566 0.1413 0.1680 0.1413 0.1566 0.4320 0.5007 0.2869 0.1710 0.1372 0.2692 0.5013 0.3997 0.2197 0.1468 0.1507 0.4163 0.5076 0.2985 0.1756 0.1371 0.2455 0.4953 0.4153 0.2273 0.1492 0.1471 0.4005 0.5117 0.3103 0.1804 0.1374 0.2229 0.4882 0.4317 0.2361 0.1523 0.1438 0.3786 0.5142 0.3291 0.1890 0.1388 0.1854 0.4684 0.4693 0.2613 0.1624 0.1382 0.3008 0.5059 0.3918 0.2212
0.3942 0.5039 0.2911 0.1379 0.1638 0.2644 0.4730 0.4663 0.1835 0.1389 0.1890 0.3282 0.5141 0.3818 0.1443 0.1515 0.2336 0.4265 0.4909 0.2313 0.1373 0.1783 0.3052 0.5102 0.4075 0.1486 0.1481 0.2240 0.4086 0.4980 0.2556 0.1371 0.1736 0.2935 0.5051 0.4227 0.1525 0.1458 0.2166 0.3931 0.5035 0.2792 0.1373 0.1691 0.2822 0.4971 0.4374 0.1581 0.1430 0.2004 0.2801 0.2004 0.1430 0.1581 0.4374 0.4971 0.2822 0.1691 0.1373 0.2792 0.5035 0.3931 0.2166 0.1458 0.1525 0.4227 0.5051 0.2935 0.1736 0.1371 0.2556 0.4980 0.4086 0.2240 0.1481 0.1486 0.4075 0.5102 0.3052 0.1783 0.1373 0.2313 0.4909 0.4265 0.2336 0.1515 0.1443 0.3818 0.5141 0.3282 0.1890 0.1389 0.1835 0.4663 0.4730 0.2644 0.1638 0.1379 0.2911 0.5039 0.3942
0.5022 0.2810 0.1376 0.1654 0.2683 0.4777 0.4630 0.1800 0.1391 0.1897 0.3291 0.5141 0.3828 0.1446 0.1510 0.2318 0.4224 0.4929 0.2388 0.1372 0.1765 0.3005 0.5084 0.4142 0.1502 0.1471 0.2207 0.4018 0.5005 0.2657 0.1372 0.1717 0.2887 0.5021 0.4289 0.1546 0.1449 0.2135 0.3865 0.5055 0.2893 0.1375 0.1674 0.2777 0.4930 0.4429 0.1607 0.1427 0.2046 0.3546 0.4931 0.3546 0.2046 0.1427 0.1607 0.4429 0.4930 0.2777 0.1674 0.1375 0.2893 0.5055 0.3865 0.2135 0.1449 0.1546 0.4289 0.5021 0.2887 0.1717 0.1372 0.2657 0.5005 0.4018 0.2207 0.1471 0.1502 0.4142 0.5084 0.3005 0.1765 0.1372 0.2388 0.4929 0.4224 0.2318 0.1510 0.1446 0.3828 0.5141 0.3291 0.1897 0.1391 0.1800 0.4630 0.4777 0.2683 0.1654 0.1376 0.2810 0.5022
0.2760 0.1374 0.1671 0.2726 0.4828 0.4588 0.1759 0.1395 0.1911 0.3314 0.5142 0.3818 0.1446 0.1509 0.2308 0.4198 0.4944 0.2446 0.1371 0.1750 0.2964 0.5064 0.4201 0.1519 0.1461 0.2176 0.3951 0.5028 0.2759 0.1373 0.1698 0.2840 0.4986 0.4349 0.1569 0.1440 0.2105 0.3799 0.5073 0.2992 0.1378 0.1656 0.2732 0.4884 0.4482 0.1637 0.1420 0.2031 0.3610 0.5121 0.4468 0.5121 0.3610 0.2031 0.1420 0.1637 0.4482 0.4884 0.2732 0.1656 0.1378 0.2992 0.5073 0.3799 0.2105 0.1440 0.1569 0.4349 0.4986 0.2840 0.1698 0.1373 0.2759 0.5028 0.3951 0.2176 0.1461 0.1519 0.4201 0.5064 0.2964 0.1750 0.1371 0.2446 0.4944 0.4198 0.2308 0.1509 0.1446 0.3818 0.5142 0.3314 0.1911 0.1395 0.1759 0.4588 0.4828 0.2726 0.1671 0.1374 0.2760
0.1455 0.1689 0.2770 0.4878 0.4540 0.1715 0.1400 0.1930 0.3352 0.5143 0.3786 0.1443 0.1510 0.2308 0.4189 0.4951 0.2484 0.1371 0.1739 0.2932 0.5044 0.4251 0.1535 0.1453 0.2147 0.3887 0.5049 0.2860 0.1375 0.1680 0.2793 0.4946 0.4407 0.1595 0.1432 0.2076 0.3735 0.5089 0.3090 0.1382 0.1640 0.2688 0.4834 0.4534 0.1671 0.1413 0.2007 0.3575 0.5123 0.3559 0.1652 0.3559 0.5123 0.3575 0.2007 0.1413 0.1671 0.4534 0.4834 0.2688 0.1640 0.1382 0.3090 0.5089 0.3735 0.2076 0.1432 0.1595 0.4407 0.4946 0.2793 0.1680 0.1375 0.2860 0.5049 0.3887 0.2147 0.1453 0.1535 0.4251 0.5044 0.2932 0.1739 0.1371 0.2484 0.4951 0.4189 0.2308 0.1510 0.1443 0.3786 0.5143 0.3352 0.1930 0.1400 0.1715 0.4540 0.4878 0.2770 0.1689 0.1455
0.1752 0.2817 0.4925 0.4488 0.1675 0.1406 0.1953 0.3401 0.5143 0.3735 0.1438 0.1515 0.2318 0.4198 0.4951 0.2497 0.1371 0.1732 0.2909 0.5027 0.4291 0.1550 0.1446 0.2121 0.3830 0.5066 0.2956 0.1377 0.1662 0.2748 0.4902 0.4462 0.1624 0.1424 0.2047 0.3671 0.5104 0.3186 0.1386 0.1624 0.2645 0.4781 0.4584 0.1711 0.1407 0.1981 0.3519 0.5130 0.3459 0.1409 0.1387 0.1409 0.3459 0.5130 0.3519 0.1981 0.1407 0.1711 0.4584 0.4781 0.2645 0.1624 0.1386 0.3186 0.5104 0.3671 0.2047 0.1424 0.1624 0.4462 0.4902 0.2748 0.1662 0.1377 0.2956 0.5066 0.3830 0.2121 0.1446 0.1550 0.4291 0.5027 0.2909 0.1732 0.1371 0.2497 0.4951 0.4198 0.2318 0.1515 0.1438 0.3735 0.5143 0.3401 0.1953 0.1406 0.1675 0.4488 0.4925 0.2817 0.1752
0.2857 0.4968 0.4434 0.1640 0.1413 0.1979 0.3457 0.5141 0.3668 0.1430 0.1523 0.2336 0.4224 0.4944 0.2484 0.1371 0.1729 0.2897 0.5016 0.4318 0.1563 0.1440 0.2100 0.3779 0.5080 0.3041 0.1380 0.1646 0.2704 0.4854 0.4515 0.1657 0.1416 0.2019 0.3608 0.5116 0.3280 0.1391 0.1608 0.2603 0.4724 0.4631 0.1757 0.1400 0.1955 0.3460 0.5136 0.3510 0.1408 0.1524 0.1923 0.1524 0.1408 0.3510 0.5136 0.3460 0.1955 0.1400 0.1757 0.4631 0.4724 0.2603 0.1608 0.1391 0.3280 0.5116 0.3608 0.2019 0.1416 0.1657 0.4515 0.4854 0.2704 0.1646 0.1380 0.3041 0.5080 0.3779 0.2100 0.1440 0.1563 0.4318 0.5016 0.2897 0.1729 0.1371 0.2484 0.4944 0.4224 0.2336 0.1523 0.1430 0.3668 0.5141 0.3457 0.1979 0.1413 0.1640 0.4434 0.4968 0.2857
0.4968 0.4378 0.1609 0.1420 0.2006 0.3517 0.5137 0.3590 0.1422 0.1533 0.2361 0.4265 0.4929 0.2446 0.1371 0.1732 0.2897 0.5012 0.4333 0.1571 0.1437 0.2084 0.3738 0.5092 0.3116 0.1383 0.1632 0.2665 0.4804 0.4564 0.1694 0.1409 0.1992 0.3546 0.5126 0.3372 0.1396 0.1593 0.2562 0.4664 0.4676 0.1811 0.1394 0.1930 0.3402 0.5141 0.3588 0.1414 0.1548 0.2357 0.3395 0.2357 0.1548 0.1414 0.3588 0.5141 0.3402 0.1930 0.1394 0.1811 0.4676 0.4664 0.2562 0.1593 0.1396 0.3372 0.5126 0.3546 0.1992 0.1409 0.1694 0.4564 0.4804 0.2665 0.1632 0.1383 0.3116 0.5092 0.3738 0.2084 0.1437 0.1571 0.4333 0.5012 0.2897 0.1732 0.1371 0.2446 0.4929 0.4265 0.2361 0.1533 0.1422 0.3590 0.5137 0.3517 0.2006 0.1420 0.1609 0.4378 0.4968
0.4344 0.1581 0.1428 0.2033 0.3578 0.5130 0.3504 0.1414 0.1544 0.2392 0.4317 0.4909 0.2388 0.1371 0.1739 0.2909 0.5016 0.4333 0.1574 0.1435 0.2074 0.3710 0.5099 0.3175 0.1386 0.1620 0.2631 0.4756 0.4608 0.1735 0.1403 0.1966 0.3486 0.5134 0.3461 0.1403 0.1578 0.2522 0.4602 0.4719 0.1872 0.1389 0.1905 0.3344 0.5143 0.3670 0.1422 0.1543 0.2406 0.4271 0.5124 0.4271 0.2406 0.1543 0.1422 0.3670 0.5143 0.3344 0.1905 0.1389 0.1872 0.4719 0.4602 0.2522 0.1578 0.1403 0.3461 0.5134 0.3486 0.1966 0.1403 0.1735 0.4608 0.4756 0.2631 0.1620 0.1386 0.3175 0.5099 0.3710 0.2074 0.1435 0.1574 0.4333 0.5016 0.2909 0.1739 0.1371 0.2388 0.4909 0.4317 0.2392 0.1544 0.1414 0.3504 0.5130 0.3578 0.2033 0.1428 0.1581 0.4344
0.1638 0.1436 0.2061 0.3640 0.5121 0.3416 0.1406 0.1558 0.2427 0.4378 0.4882 0.2313 0.1372 0.1750 0.2932 0.5027 0.4318 0.1571 0.1435 0.2071 0.3696 0.5104 0.3217 0.1389 0.1610 0.2602 0.4713 0.4645 0.1778 0.1397 0.1942 0.3429 0.5139 0.3548 0.1410 0.1564 0.2483 0.4539 0.4760 0.1941 0.1385 0.1881 0.3287 0.5142 0.3751 0.1431 0.1531 0.2386 0.4341 0.4920 0.3750 0.4920 0.4341 0.2386 0.1531 0.1431 0.3751 0.5142 0.3287 0.1881 0.1385 0.1941 0.4760 0.4539 0.2483 0.1564 0.1410 0.3548 0.5139 0.3429 0.1942 0.1397 0.1778 0.4645 0.4713 0.2602 0.1610 0.1389 0.3217 0.5104 0.3696 0.2071 0.1435 0.1571 0.4318 0.5027 0.2932 0.1750 0.1372 0.2313 0.4882 0.4378 0.2427 0.1558 0.1406 0.3416 0.5121 0.3640 0.2061 0.1436 0.1638
0.1511 0.2091 0.3704 0.5110 0.3324 0.1399 0.1571 0.2465 0.4444 0.4850 0.2229 0.1373 0.1765 0.2964 0.5044 0.4291 0.1563 0.1437 0.2074 0.3696 0.5105 0.3238 0.1390 0.1604 0.2580 0.4677 0.4675 0.1818 0.1393 0.1921 0.3377 0.5142 0.3629 0.1418 0.1551 0.2445 0.4474 0.4798 0.2018 0.1381 0.1858 0.3232 0.5138 0.3829 0.1442 0.1519 0.2354 0.4302 0.4899 0.2491 0.1413 0.2491 0.4899 0.4302 0.2354 0.1519 0.1442 0.3829 0.5138 0.3232 0.1858 0.1381 0.2018 0.4798 0.4474 0.2445 0.1551 0.1418 0.3629 0.5142 0.3377 0.1921 0.1393 0.1818 0.4675 0.4677 0.2580 0.1604 0.1390 0.3238 0.5105 0.3696 0.2074 0.1437 0.1563 0.4291 0.5044 0.2964 0.1765 0.1373 0.2229 0.4850 0.4444 0.2465 0.1571 0.1399 0.3324 0.5110 0.3704 0.2091 0.1511
0.2144 0.3768 0.5097 0.3231 0.1393 0.1586 0.2504 0.4509 0.4815 0.2140 0.1374 0.1783 0.3005 0.5064 0.4251 0.1550 0.1440 0.2084 0.3710 0.5104 0.3238 0.1391 0.1600 0.2567 0.4652 0.4698 0.1855 0.1390 0.1903 0.3332 0.5143 0.3701 0.1426 0.1538 0.2409 0.4409 0.4834 0.2100 0.1378 0.1835 0.3178 0.5132 0.3904 0.1453 0.1508 0.2319 0.4241 0.4918 0.2378 0.1361 0.1483 0.1361 0.2378 0.4918 0.4241 0.2319 0.1508 0.1453 0.3904 0.5132 0.3178 0.1835 0.1378 0.2100 0.4834 0.4409 0.2409 0.1538 0.1426 0.3701 0.5143 0.3332 0.1903 0.1390 0.1855 0.4698 0.4652 0.2567 0.1600 0.1391 0.3238 0.5104 0.3710 0.2084 0.1440 0.1550 0.4251 0.5064 0.3005 0.1783 0.1374 0.2140 0.4815 0.4509 0.2504 0.1586 0.1393 0.3231 0.5097 0.3768 0.2144
0.3795 0.5082 0.3135 0.1388 0.1601 0.2544 0.4574 0.4777 0.2053 0.1376 0.1804 0.3052 0.5084 0.4201 0.1535 0.1446 0.2100 0.3738 0.5099 0.3217 0.1390 0.1600 0.2563 0.4638 0.4712 0.1882 0.1387 0.1889 0.3294 0.5142 0.3764 0.1434 0.1527 0.2376 0.4347 0.4867 0.2186 0.1375 0.1813 0.3125 0.5122 0.3977 0.1466 0.1496 0.2285 0.4175 0.4945 0.2436 0.1369 0.1696 0.2254 0.1696 0.1369 0.2436 0.4945 0.4175 0.2285 0.1496 0.1466 0.3977 0.5122 0.3125 0.1813 0.1375 0.2186 0.4867 0.4347 0.2376 0.1527 0.1434 0.3764 0.5142 0.3294 0.1889 0.1387 0.1882 0.4712 0.4638 0.2563 0.1600 0.1390 0.3217 0.5099 0.3738 0.2100 0.1446 0.1535 0.4201 0.5084 0.3052 0.1804 0.1376 0.2053 0.4777 0.4574 0.2544 0.1601 0.1388 0.3135 0.5082 0.3795
0.5066 0.3038 0.1383 0.1616 0.2585 0.4637 0.4737 0.1973 0.1379 0.1826 0.3103 0.5102 0.4142 0.1519 0.1453 0.2121 0.3779 0.5092 0.3175 0.1389 0.1604 0.2567 0.4638 0.4716 0.1897 0.1386 0.1879 0.3266 0.5140 0.3815 0.1442 0.1518 0.2346 0.4288 0.4896 0.2273 0.1373 0.1793 0.3075 0.5109 0.4047 0.1480 0.1485 0.2252 0.4108 0.4972 0.2526 0.1371 0.1729 0.2820 0.4115 0.2820 0.1729 0.1371 0.2526 0.4972 0.4108 0.2252 0.1485 0.1480 0.4047 0.5109 0.3075 0.1793 0.1373 0.2273 0.4896 0.4288 0.2346 0.1518 0.1442 0.3815 0.5140 0.3266 0.1879 0.1386 0.1897 0.4716 0.4638 0.2567 0.1604 0.1389 0.3175 0.5092 0.3779 0.2121 0.1453 0.1519 0.4142 0.5102 0.3103 0.1826 0.1379 0.1973 0.4737 0.4637 0.2585 0.1616 0.1383 0.3038 0.5066
0.2987 0.1380 0.1632 0.2626 0.4698 0.4695 0.1900 0.1383 0.1848 0.3156 0.5117 0.4075 0.1502 0.1461 0.2147 0.3830 0.5080 0.3116 0.1386 0.1610 0.2580 0.4652 0.4712 0.1897 0.1385 0.1874 0.3249 0.5138 0.3854 0.1448 0.1510 0.2322 0.4237 0.4921 0.2357 0.1372 0.1774 0.3027 0.5092 0.4112 0.1495 0.1475 0.2220 0.4043 0.4997 0.2625 0.1371 0.1720 0.2875 0.4928 0.4972 0.4928 0.2875 0.1720 0.1371 0.2625 0.4997 0.4043 0.2220 0.1475 0.1495 0.4112 0.5092 0.3027 0.1774 0.1372 0.2357 0.4921 0.4237 0.2322 0.1510 0.1448 0.3854 0.5138 0.3249 0.1874 0.1385 0.1897 0.4712 0.4652 0.2580 0.1610 0.1386 0.3116 0.5080 0.3830 0.2147 0.1461 0.1502 0.4075 0.5117 0.3156 0.1848 0.1383 0.1900 0.4695 0.4698 0.2626 0.1632 0.1380 0.2987
0.1460 0.1649 0.2669 0.4757 0.4651 0.1835 0.1387 0.1872 0.3210 0.5128 0.4005 0.1486 0.1471 0.2176 0.3887 0.5066 0.3041 0.1383 0.1620 0.2602 0.4677 0.4698 0.1882 0.1386 0.1874 0.3243 0.5137 0.3878 0.1453 0.1505 0.2302 0.4194 0.4942 0.2430 0.1371 0.1756 0.2982 0.5073 0.4174 0.1511 0.1466 0.2189 0.3978 0.5020 0.2723 0.1372 0.1703 0.2848 0.4975 0.4474 0.2733 0.4474 0.4975 0.2848 0.1703 0.1372 0.2723 0.5020 0.3978 0.2189 0.1466 0.1511 0.4174 0.5073 0.2982 0.1756 0.1371 0.2430 0.4942 0.4194 0.2302 0.1505 0.1453 0.3878 0.5137 0.3243 0.1874 0.1386 0.1882 0.4698 0.4677 0.2602 0.1620 0.1383 0.3041 0.5066 0.3887 0.2176 0.1471 0.1486 0.4005 0.5128 0.3210 0.1872 0.1387 0.1835 0.4651 0.4757 0.2669 0.1649 0.1460
0.1713 0.2713 0.4812 0.4604 0.1778 0.1392 0.1895 0.3266 0.5136 0.3932 0.1471 0.1481 0.2207 0.3951 0.5049 0.2956 0.1380 0.1632 0.2631 0.4713 0.4675 0.1855 0.1387 0.1879 0.3249 0.5137 0.3886 0.1456 0.1501 0.2288 0.4161 0.4957 0.2493 0.1371 0.1741 0.2942 0.5052 0.4230 0.1528 0.1457 0.2159 0.3915 0.5040 0.2819 0.1374 0.1686 0.2807 0.4954 0.4420 0.1663 0.1352 0.1663 0.4420 0.4954 0.2807 0.1686 0.1374 0.2819 0.5040 0.3915 0.2159 0.1457 0.1528 0.4230 0.5052 0.2942 0.1741 0.1371 0.2493 0.4957 0.4161 0.2288 0.1501 0.1456 0.3886 0.5137 0.3249 0.1879 0.1387 0.1855 0.4675 0.4713 0.2631 0.1632 0.1380 0.2956 0.5049 0.3951 0.2207 0.1481 0.1471 0.3932 0.5136 0.3266 0.1895 0.1392 0.1778 0.4604 0.4812 0.2713 0.1713
0.2755 0.4865 0.4555 0.1729 0.1398 0.1920 0.3322 0.5141 0.3857 0.1458 0.1492 0.2240 0.4018 0.5028 0.2860 0.1377 0.1646 0.2665 0.4756 0.4645 0.1818 0.1390 0.1889 0.3266 0.5138 0.3878 0.1456 0.1500 0.2281 0.4140 0.4968 0.2541 0.1371 0.1729 0.2909 0.5031 0.4279 0.1545 0.1449 0.2132 0.3854 0.5059 0.2914 0.1376 0.1669 0.2764 0.4916 0.4451 0.1629 0.1397 0.1639 0.1397 0.1629 0.4451 0.4916 0.2764 0.1669 0.1376 0.2914 0.5059 0.3854 0.2132 0.1449 0.1545 0.4279 0.5031 0.2909 0.1729 0.1371 0.2541 0.4968 0.4140 0.2281 0.1500 0.1456 0.3878 0.5138 0.3266 0.1889 0.1390 0.1818 0.4645 0.4756 0.2665 0.1646 0.1377 0.2860 0.5028 0.4018 0.2240 0.1492 0.1458 0.3857 0.5141 0.3322 0.1920 0.1398 0.1729 0.4555 0.4865 0.2755
0.4869 0.4504 0.1686 0.1404 0.1945 0.3380 0.5143 0.3779 0.1446 0.1504 0.2273 0.4086 0.5005 0.2759 0.1375 0.1662 0.2704 0.4804 0.4608 0.1778 0.1393 0.1903 0.3294 0.5140 0.3854 0.1453 0.1501 0.2281 0.4133 0.4974 0.2571 0.1371 0.1720 0.2883 0.5011 0.4320 0.1561 0.1442 0.2107 0.3798 0.5075 0.3006 0.1379 0.1653 0.2722 0.4872 0.4498 0.1649 0.1413 0.1943 0.2695 0.1943 0.1413 0.1649 0.4498 0.4872 0.2722 0.1653 0.1379 0.3006 0.5075 0.3798 0.2107 0.1442 0.1561 0.4320 0.5011 0.2883 0.1720 0.1371 0.2571 0.4974 0.4133 0.2281 0.1501 0.1453 0.3854 0.5140 0.3294 0.1903 0.1393 0.1778 0.4608 0.4804 0.2704 0.1662 0.1375 0.2759 0.5005 0.4086 0.2273 0.1504 0.1446 0.3779 0.5143 0.3380 0.1945 0.1404 0.1686 0.4504 0.4869
0.4473 0.1649 0.1411 0.1971 0.3439 0.5142 0.3699 0.1435 0.1515 0.2308 0.4153 0.4980 0.2657 0.1373 0.1680 0.2748 0.4854 0.4564 0.1735 0.1397 0.1921 0.3332 0.5142 0.3815 0.1448 0.1505 0.2288 0.4140 0.4974 0.2582 0.1371 0.1715 0.2865 0.4994 0.4352 0.1576 0.1436 0.2086 0.3748 0.5088 0.3090 0.1382 0.1638 0.2681 0.4824 0.4546 0.1681 0.1410 0.1984 0.3409 0.4824 0.3409 0.1984 0.1410 0.1681 0.4546 0.4824 0.2681 0.1638 0.1382 0.3090 0.5088 0.3748 0.2086 0.1436 0.1576 0.4352 0.4994 0.2865 0.1715 0.1371 0.2582 0.4974 0.4140 0.2288 0.1505 0.1448 0.3815 0.5142 0.3332 0.1921 0.1397 0.1735 0.4564 0.4854 0.2748 0.1680 0.1373 0.2657 0.4980 0.4153 0.2308 0.1515 0.1435 0.3699 0.5142 0.3439 0.1971 0.1411 0.1649 0.4473
0.1696 0.1418 0.1998 0.3499 0.5138 0.3616 0.1425 0.1528 0.2343 0.4221 0.4953 0.2556 0.1372 0.1698 0.2793 0.4902 0.4515 0.1694 0.1403 0.1942 0.3377 0.5143 0.3764 0.1442 0.1510 0.2302 0.4161 0.4968 0.2571 0.1371 0.1713 0.2855 0.4983 0.4374 0.1588 0.1432 0.2068 0.3706 0.5099 0.3164 0.1385 0.1624 0.2643 0.4775 0.4591 0.1719 0.1405 0.1971 0.3473 0.5131 0.4581 0.5131 0.3473 0.1971 0.1405 0.1719 0.4591 0.4775 0.2643 0.1624 0.1385 0.3164 0.5099 0.3706 0.2068 0.1432 0.1588 0.4374 0.4983 0.2855 0.1713 0.1371 0.2571 0.4968 0.4161 0.2302 0.1510 0.1442 0.3764 0.5143 0.3377 0.1942 0.1403 0.1694 0.4515 0.4902 0.2793 0.1698 0.1372 0.2556 0.4953 0.4221 0.2343 0.1528 0.1425 0.3616 0.5138 0.3499 0.1998 0.1418 0.1696
0.1494 0.2025 0.3560 0.5132 0.3530 0.1416 0.1540 0.2379 0.4289 0.4924 0.2455 0.1371 0.1717 0.2840 0.4946 0.4462 0.1657 0.1409 0.1966 0.3429 0.5142 0.3701 0.1434 0.1518 0.2322 0.4194 0.4957 0.2541 0.1371 0.1715 0.2855 0.4979 0.4386 0.1596 0.1429 0.2055 0.3672 0.5107 0.3226 0.1388 0.1612 0.2609 0.4727 0.4632 0.1761 0.1399 0.1950 0.3442 0.5137 0.3745 0.1758 0.3745 0.5137 0.3442 0.1950 0.1399 0.1761 0.4632 0.4727 0.2609 0.1612 0.1388 0.3226 0.5107 0.3672 0.2055 0.1429 0.1596 0.4386 0.4979 0.2855 0.1715 0.1371 0.2541 0.4957 0.4194 0.2322 0.1518 0.1434 0.3701 0.5142 0.3429 0.1966 0.1409 0.1657 0.4462 0.4946 0.2840 0.1717 0.1371 0.2455 0.4924 0.4289 0.2379 0.1540 0.1416 0.3530 0.5132 0.3560 0.2025 0.1494
0.2080 0.3622 0.5124 0.3442 0.1408 0.1554 0.2416 0.4357 0.4893 0.2356 0.1371 0.1736 0.2887 0.4986 0.4407 0.1624 0.1416 0.1992 0.3486 0.5139 0.3629 0.1426 0.1527 0.2346 0.4237 0.4942 0.2493 0.1371 0.1720 0.2865 0.4983 0.4386 0.1599 0.1427 0.2047 0.3648 0.5112 0.3275 0.1392 0.1602 0.2580 0.4682 0.4669 0.1806 0.1394 0.1928 0.3394 0.5141 0.3646 0.1431 0.1375 0.1431 0.3646 0.5141 0.3394 0.1928 0.1394 0.1806 0.4669 0.4682 0.2580 0.1602 0.1392 0.3275 0.5112 0.3648 0.2047 0.1427 0.1599 0.4386 0.4983 0.2865 0.1720 0.1371 0.2493 0.4942 0.4237 0.2346 0.1527 0.1426 0.3629 0.5139 0.3486 0.1992 0.1416 0.1624 0.4407 0.4986 0.2887 0.1736 0.1371 0.2356 0.4893 0.4357 0.2416 0.1554 0.1408 0.3442 0.5124 0.3622 0.2080
0.3651 0.5114 0.3352 0.1401 0.1567 0.2454 0.4424 0.4861 0.2260 0.1372 0.1756 0.2935 0.5021 0.4349 0.1595 0.1424 0.2019 0.3546 0.5134 0.3548 0.1418 0.1538 0.2376 0.4288 0.4921 0.2430 0.1371 0.1729 0.2883 0.4994 0.4374 0.1596 0.1427 0.2044 0.3635 0.5116 0.3310 0.1394 0.1594 0.2557 0.4643 0.4699 0.1850 0.1390 0.1908 0.3346 0.5143 0.3687 0.1426 0.1497 0.1869 0.1497 0.1426 0.3687 0.5143 0.3346 0.1908 0.1390 0.1850 0.4699 0.4643 0.2557 0.1594 0.1394 0.3310 0.5116 0.3635 0.2044 0.1427 0.1596 0.4374 0.4994 0.2883 0.1729 0.1371 0.2430 0.4921 0.4288 0.2376 0.1538 0.1418 0.3548 0.5134 0.3546 0.2019 0.1424 0.1595 0.4349 0.5021 0.2935 0.1756 0.1372 0.2260 0.4861 0.4424 0.2454 0.1567 0.1401 0.3352 0.5114 0.3651
0.5099 0.3259 0.1395 0.1582 0.2492 0.4490 0.4825 0.2166 0.1374 0.1776 0.2985 0.5051 0.4289 0.1569 0.1432 0.2047 0.3608 0.5126 0.3461 0.1410 0.1551 0.2409 0.4347 0.4896 0.2357 0.1371 0.1741 0.2909 0.5011 0.4352 0.1588 0.1429 0.2047 0.3635 0.5117 0.3328 0.1396 0.1589 0.2539 0.4611 0.4723 0.1892 0.1387 0.1890 0.3302 0.5142 0.3748 0.1432 0.1522 0.2282 0.3269 0.2282 0.1522 0.1432 0.3748 0.5142 0.3302 0.1890 0.1387 0.1892 0.4723 0.4611 0.2539 0.1589 0.1396 0.3328 0.5117 0.3635 0.2047 0.1429 0.1588 0.4352 0.5011 0.2909 0.1741 0.1371 0.2357 0.4896 0.4347 0.2409 0.1551 0.1410 0.3461 0.5126 0.3608 0.2047 0.1432 0.1569 0.4289 0.5051 0.2985 0.1776 0.1374 0.2166 0.4825 0.4490 0.2492 0.1582 0.1395 0.3259 0.5099
0.3207 0.1389 0.1596 0.2532 0.4555 0.4788 0.2078 0.1376 0.1797 0.3036 0.5076 0.4227 0.1546 0.1440 0.2076 0.3671 0.5116 0.3372 0.1403 0.1564 0.2445 0.4409 0.4867 0.2273 0.1372 0.1756 0.2942 0.5031 0.4320 0.1576 0.1432 0.2055 0.3648 0.5116 0.3328 0.1396 0.1586 0.2527 0.4588 0.4741 0.1927 0.1385 0.1875 0.3264 0.5140 0.3806 0.1440 0.1518 0.2334 0.4132 0.5122 0.4132 0.2334 0.1518 0.1440 0.3806 0.5140 0.3264 0.1875 0.1385 0.1927 0.4741 0.4588 0.2527 0.1586 0.1396 0.3328 0.5116 0.3648 0.2055 0.1432 0.1576 0.4320 0.5031 0.2942 0.1756 0.1372 0.2273 0.4867 0.4409 0.2445 0.1564 0.1403 0.3372 0.5116 0.3671 0.2076 0.1440 0.1546 0.4227 0.5076 0.3036 0.1797 0.1376 0.2078 0.4788 0.4555 0.2532 0.1596 0.1389 0.3207
0.1468 0.1612 0.2573 0.4619 0.4749 0.1996 0.1379 0.1819 0.3087 0.5097 0.4163 0.1525 0.1449 0.2105 0.3735 0.5104 0.3280 0.1396 0.1578 0.2483 0.4474 0.4834 0.2186 0.1373 0.1774 0.2982 0.5052 0.4279 0.1561 0.1436 0.2068 0.3672 0.5112 0.3310 0.1396 0.1586 0.2523 0.4576 0.4752 0.1953 0.1383 0.1863 0.3232 0.5137 0.3858 0.1448 0.1511 0.2322 0.4213 0.4974 0.3902 0.4974 0.4213 0.2322 0.1511 0.1448 0.3858 0.5137 0.3232 0.1863 0.1383 0.1953 0.4752 0.4576 0.2523 0.1586 0.1396 0.3310 0.5112 0.3672 0.2068 0.1436 0.1561 0.4279 0.5052 0.2982 0.1774 0.1373 0.2186 0.4834 0.4474 0.2483 0.1578 0.1396 0.3280 0.5104 0.3735 0.2105 0.1449 0.1525 0.4163 0.5097 0.3087 0.1819 0.1379 0.1996 0.4749 0.4619 0.2573 0.1612 0.1468
0.1677 0.2614 0.4680 0.4708 0.1921 0.1382 0.1842 0.3140 0.5113 0.4096 0.1507 0.1458 0.2135 0.3799 0.5089 0.3186 0.1391 0.1593 0.2522 0.4539 0.4798 0.2100 0.1375 0.1793 0.3027 0.5073 0.4230 0.1545 0.1442 0.2086 0.3706 0.5107 0.3275 0.1394 0.1589 0.2527 0.4576 0.4756 0.1967 0.1382 0.1855 0.3208 0.5134 0.3900 0.1455 0.1504 0.2301 0.4191 0.4951 0.2679 0.1437 0.2679 0.4951 0.4191 0.2301 0.1504 0.1455 0.3900 0.5134 0.3208 0.1855 0.1382 0.1967 0.4756 0.4576 0.2527 0.1589 0.1394 0.3275 0.5107 0.3706 0.2086 0.1442 0.1545 0.4230 0.5073 0.3027 0.1793 0.1375 0.2100 0.4798 0.4539 0.2522 0.1593 0.1391 0.3186 0.5089 0.3799 0.2135 0.1458 0.1507 0.4096 0.5113 0.3140 0.1842 0.1382 0.1921 0.4708 0.4680 0.2614 0.1677
0.2658 0.4740 0.4664 0.1853 0.1386 0.1865 0.3194 0.5125 0.4026 0.1490 0.1468 0.2166 0.3865 0.5073 0.3090 0.1386 0.1608 0.2562 0.4602 0.4760 0.2018 0.1378 0.1813 0.3075 0.5092 0.4174 0.1528 0.1449 0.2107 0.3748 0.5099 0.3226 0.1392 0.1594 0.2539 0.4588 0.4752 0.1967 0.1381 0.1851 0.3193 0.5131 0.3933 0.1462 0.1497 0.2281 0.4153 0.4960 0.2540 0.1363 0.1464 0.1363 0.2540 0.4960 0.4153 0.2281 0.1497 0.1462 0.3933 0.5131 0.3193 0.1851 0.1381 0.1967 0.4752 0.4588 0.2539 0.1594 0.1392 0.3226 0.5099 0.3748 0.2107 0.1449 0.1528 0.4174 0.5092 0.3075 0.1813 0.1378 0.2018 0.4760 0.4602 0.2562 0.1608 0.1386 0.3090 0.5073 0.3865 0.2166 0.1468 0.1490 0.4026 0.5125 0.3194 0.1865 0.1386 0.1853 0.4664 0.4740 0.2658
0.4748 0.4618 0.1794 0.1391 0.1888 0.3249 0.5134 0.3954 0.1475 0.1478 0.2197 0.3931 0.5055 0.2992 0.1382 0.1624 0.2603 0.4664 0.4719 0.1941 0.1381 0.1835 0.3125 0.5109 0.4112 0.1511 0.1457 0.2132 0.3798 0.5088 0.3164 0.1388 0.1602 0.2557 0.4611 0.4741 0.1953 0.1382 0.1851 0.3188 0.5130 0.3953 0.1466 0.1493 0.2265 0.4118 0.4974 0.2564 0.1370 0.1668 0.2199 0.1668 0.1370 0.2564 0.4974 0.4118 0.2265 0.1493 0.1466 0.3953 0.5130 0.3188 0.1851 0.1382 0.1953 0.4741 0.4611 0.2557 0.1602 0.1388 0.3164 0.5088 0.3798 0.2132 0.1457 0.1511 0.4112 0.5109 0.3125 0.1835 0.1381 0.1941 0.4719 0.4664 0.2603 0.1624 0.1382 0.2992 0.5055 0.3931 0.2197 0.1478 0.1475 0.3954 0.5134 0.3249 0.1888 0.1391 0.1794 0.4618 0.4748
0.4590 0.1742 0.1396 0.1913 0.3305 0.5140 0.3880 0.1462 0.1489 0.2230 0.3997 0.5035 0.2893 0.1378 0.1640 0.2645 0.4724 0.4676 0.1872 0.1385 0.1858 0.3178 0.5122 0.4047 0.1495 0.1466 0.2159 0.3854 0.5075 0.3090 0.1385 0.1612 0.2580 0.4643 0.4723 0.1927 0.1383 0.1855 0.3193 0.5130 0.3959 0.1469 0.1490 0.2253 0.4089 0.4986 0.2609 0.1371 0.1705 0.2755 0.4015 0.2755 0.1705 0.1371 0.2609 0.4986 0.4089 0.2253 0.1490 0.1469 0.3959 0.5130 0.3193 0.1855 0.1383 0.1927 0.4723 0.4643 0.2580 0.1612 0.1385 0.3090 0.5075 0.3854 0.2159 0.1466 0.1495 0.4047 0.5122 0.3178 0.1858 0.1385 0.1872 0.4676 0.4724 0.2645 0.1640 0.1378 0.2893 0.5035 0.3997 0.2230 0.1489 0.1462 0.3880 0.5140 0.3305 0.1913 0.1396 0.1742 0.4590
0.1775 0.1402 0.1938 0.3363 0.5142 0.3803 0.1449 0.1500 0.2263 0.4064 0.5013 0.2792 0.1375 0.1656 0.2688 0.4781 0.4631 0.1811 0.1389 0.1881 0.3232 0.5132 0.3977 0.1480 0.1475 0.2189 0.3915 0.5059 0.3006 0.1382 0.1624 0.2609 0.4682 0.4699 0.1892 0.1385 0.1863 0.3208 0.5131 0.3953 0.1469 0.1489 0.2247 0.4071 0.4995 0.2649 0.1372 0.1705 0.2827 0.4875 0.5002 0.4875 0.2827 0.1705 0.1372 0.2649 0.4995 0.4071 0.2247 0.1489 0.1469 0.3953 0.5131 0.3208 0.1863 0.1385 0.1892 0.4699 0.4682 0.2609 0.1624 0.1382 0.3006 0.5059 0.3915 0.2189 0.1475 0.1480 0.3977 0.5132 0.3232 0.1881 0.1389 0.1811 0.4631 0.4781 0.2688 0.1656 0.1375 0.2792 0.5013 0.4064 0.2263 0.1500 0.1449 0.3803 0.5142 0.3363 0.1938 0.1402 0.1775
0.1480 0.1963 0.3421 0.5142 0.3723 0.1438 0.1512 0.2297 0.4131 0.4988 0.2692 0.1373 0.1674 0.2732 0.4834 0.4584 0.1757 0.1394 0.1905 0.3287 0.5138 0.3904 0.1466 0.1485 0.2220 0.3978 0.5040 0.2914 0.1379 0.1638 0.2643 0.4727 0.4669 0.1850 0.1387 0.1875 0.3232 0.5134 0.3933 0.1466 0.1490 0.2247 0.4065 0.4999 0.2676 0.1372 0.1700 0.2825 0.4945 0.4522 0.2838 0.4522 0.4945 0.2825 0.1700 0.1372 0.2676 0.4999 0.4065 0.2247 0.1490 0.1466 0.3933 0.5134 0.3232 0.1875 0.1387 0.1850 0.4669 0.4727 0.2643 0.1638 0.1379 0.2914 0.5040 0.3978 0.2220 0.1485 0.1466 0.3904 0.5138 0.3287 0.1905 0.1394 0.1757 0.4584 0.4834 0.2732 0.1674 0.1373 0.2692 0.4988 0.4131 0.2297 0.1512 0.1438 0.3723 0.5142 0.3421 0.1963 0.1480
0.2019 0.3481 0.5139 0.3641 0.1428 0.1524 0.2331 0.4199 0.4962 0.2591 0.1372 0.1691 0.2777 0.4884 0.4534 0.1711 0.1400 0.1930 0.3344 0.5142 0.3829 0.1453 0.1496 0.2252 0.4043 0.5020 0.2819 0.1376 0.1653 0.2681 0.4775 0.4632 0.1806 0.1390 0.1890 0.3264 0.5137 0.3900 0.1462 0.1493 0.2253 0.4071 0.4999 0.2684 0.1372 0.1695 0.2814 0.4947 0.4444 0.1690 0.1354 0.1690 0.4444 0.4947 0.2814 0.1695 0.1372 0.2684 0.4999 0.4071 0.2253 0.1493 0.1462 0.3900 0.5137 0.3264 0.1890 0.1390 0.1806 0.4632 0.4775 0.2681 0.1653 0.1376 0.2819 0.5020 0.4043 0.2252 0.1496 0.1453 0.3829 0.5142 0.3344 0.1930 0.1400 0.1711 0.4534 0.4884 0.2777 0.1691 0.1372 0.2591 0.4962 0.4199 0.2331 0.1524 0.1428 0.3641 0.5139 0.3481 0.2019
0.3511 0.5135 0.3557 0.1419 0.1536 0.2367 0.4266 0.4935 0.2491 0.1371 0.1710 0.2822 0.4930 0.4482 0.1671 0.1407 0.1955 0.3402 0.5143 0.3751 0.1442 0.1508 0.2285 0.4108 0.4997 0.2723 0.1374 0.1669 0.2722 0.4824 0.4591 0.1761 0.1394 0.1908 0.3302 0.5140 0.3858 0.1455 0.1497 0.2265 0.4089 0.4995 0.2676 0.1372 0.1694 0.2807 0.4941 0.4440 0.1633 0.1395 0.1631 0.1395 0.1633 0.4440 0.4941 0.2807 0.1694 0.1372 0.2676 0.4995 0.4089 0.2265 0.1497 0.1455 0.3858 0.5140 0.3302 0.1908 0.1394 0.1761 0.4591 0.4824 0.2722 0.1669 0.1374 0.2723 0.4997 0.4108 0.2285 0.1508 0.1442 0.3751 0.5143 0.3402 0.1955 0.1407 0.1671 0.4482 0.4930 0.2822 0.1710 0.1371 0.2491 0.4935 0.4266 0.2367 0.1536 0.1419 0.3557 0.5135 0.3511
0.5122 0.3470 0.1411 0.1549 0.2403 0.4333 0.4905 0.2392 0.1371 0.1729 0.2869 0.4971 0.4429 0.1637 0.1413 0.1981 0.3460 0.5141 0.3670 0.1431 0.1519 0.2319 0.4175 0.4972 0.2625 0.1372 0.1686 0.2764 0.4872 0.4546 0.1719 0.1399 0.1928 0.3346 0.5142 0.3806 0.1448 0.1504 0.2281 0.4118 0.4986 0.2649 0.1372 0.1695 0.2807 0.4938 0.4445 0.1630 0.1415 0.1943 0.2688 0.1943 0.1415 0.1630 0.4445 0.4938 0.2807 0.1695 0.1372 0.2649 0.4986 0.4118 0.2281 0.1504 0.1448 0.3806 0.5142 0.3346 0.1928 0.1399 0.1719 0.4546 0.4872 0.2764 0.1686 0.1372 0.2625 0.4972 0.4175 0.2319 0.1519 0.1431 0.3670 0.5141 0.3460 0.1981 0.1413 0.1637 0.4429 0.4971 0.2869 0.1729 0.1371 0.2392 0.4905 0.4333 0.2403 0.1549 0.1411 0.3470 0.5122
0.3423 0.1403 0.1562 0.2440 0.4399 0.4873 0.2296 0.1372 0.1748 0.2916 0.5007 0.4374 0.1607 0.1420 0.2007 0.3519 0.5136 0.3588 0.1422 0.1531 0.2354 0.4241 0.4945 0.2526 0.1371 0.1703 0.2807 0.4916 0.4498 0.1681 0.1405 0.1950 0.3394 0.5143 0.3748 0.1440 0.1511 0.2301 0.4153 0.4974 0.2609 0.1372 0.1700 0.2814 0.4941 0.4445 0.1630 0.1418 0.2001 0.3429 0.4833 0.3429 0.2001 0.1418 0.1630 0.4445 0.4941 0.2814 0.1700 0.1372 0.2609 0.4974 0.4153 0.2301 0.1511 0.1440 0.3748 0.5143 0.3394 0.1950 0.1405 0.1681 0.4498 0.4916 0.2807 0.1703 0.1371 0.2526 0.4945 0.4241 0.2354 0.1531 0.1422 0.3588 0.5136 0.3519 0.2007 0.1420 0.1607 0.4374 0.5007 0.2916 0.1748 0.1372 0.2296 0.4873 0.4399 0.2440 0.1562 0.1403 0.3423
0.1481 0.1575 0.2474 0.4459 0.4842 0.2210 0.1372 0.1766 0.2960 0.5036 0.4320 0.1581 0.1427 0.2031 0.3575 0.5130 0.3510 0.1414 0.1543 0.2386 0.4302 0.4918 0.2436 0.1371 0.1720 0.2848 0.4954 0.4451 0.1649 0.1410 0.1971 0.3442 0.5141 0.3687 0.1432 0.1518 0.2322 0.4191 0.4960 0.2564 0.1371 0.1705 0.2825 0.4947 0.4440 0.1630 0.1418 0.2009 0.3533 0.5129 0.4556 0.5129 0.3533 0.2009 0.1418 0.1630 0.4440 0.4947 0.2825 0.1705 0.1371 0.2564 0.4960 0.4191 0.2322 0.1518 0.1432 0.3687 0.5141 0.3442 0.1971 0.1410 0.1649 0.4451 0.4954 0.2848 0.1720 0.1371 0.2436 0.4918 0.4302 0.2386 0.1543 0.1414 0.3510 0.5130 0.3575 0.2031 0.1427 0.1581 0.4320 0.5036 0.2960 0.1766 0.1372 0.2210 0.4842 0.4459 0.2474 0.1575 0.1481
0.1633 0.2495 0.4496 0.4820 0.2157 0.1372 0.1776 0.2988 0.5050 0.4285 0.1566 0.1430 0.2046 0.3610 0.5123 0.3459 0.1408 0.1548 0.2406 0.4341 0.4899 0.2378 0.1369 0.1729 0.2875 0.4975 0.4420 0.1629 0.1413 0.1984 0.3473 0.5137 0.3646 0.1426 0.1522 0.2334 0.4213 0.4951 0.2540 0.1370 0.1705 0.2827 0.4945 0.4444 0.1633 0.1415 0.2001 0.3533 0.5129 0.3686 0.1728 0.3686 0.5129 0.3533 0.2001 0.1415 0.1633 0.4444 0.4945 0.2827 0.1705 0.1370 0.2540 0.4951 0.4213 0.2334 0.1522 0.1426 0.3646 0.5137 0.3473 0.1984 0.1413 0.1629 0.4420 0.4975 0.2875 0.1729 0.1369 0.2378 0.4899 0.4341 0.2406 0.1548 0.1408 0.3459 0.5123 0.3610 0.2046 0.1430 0.1566 0.4285 0.5050 0.2988 0.1776 0.1372 0.2157 0.4820 0.4496 0.2495 0.1633
0.2451 0.4425 0.4848 0.2263 0.1362 0.1742 0.2932 0.5014 0.4348 0.1589 0.1413 0.2004 0.3546 0.5121 0.3559 0.1409 0.1524 0.2357 0.4271 0.4920 0.2491 0.1361 0.1696 0.2820 0.4928 0.4474 0.1663 0.1397 0.1943 0.3409 0.5131 0.3745 0.1431 0.1497 0.2282 0.4132 0.4974 0.2679 0.1363 0.1668 0.2755 0.4875 0.4522 0.1690 0.1395 0.1943 0.3429 0.5129 0.3686 0.1432 0.1360 0.1432 0.3686 0.5129 0.3429 0.1943 0.1395 0.1690 0.4522 0.4875 0.2755 0.1668 0.1363 0.2679 0.4974 0.4132 0.2282 0.1497 0.1431 0.3745 0.5131 0.3409 0.1943 0.1397 0.1663 0.4474 0.4928 0.2820 0.1696 0.1361 0.2491 0.4920 0.4271 0.2357 0.1524 0.1409 0.3559 0.5121 0.3546 0.2004 0.1413 0.1589 0.4348 0.5014 0.2932 0.1742 0.1362 0.2263 0.4848 0.4425 0.2451
0.3522 0.5113 0.3559 0.1391 0.1510 0.2337 0.4274 0.4911 0.2500 0.1351 0.1680 0.2801 0.4931 0.4468 0.1652 0.1387 0.1923 0.3395 0.5124 0.3750 0.1413 0.1483 0.2254 0.4115 0.4972 0.2733 0.1352 0.1639 0.2695 0.4824 0.4581 0.1758 0.1375 0.1869 0.3269 0.5122 0.3902 0.1437 0.1464 0.2199 0.4015 0.5002 0.2838 0.1354 0.1631 0.2688 0.4833 0.4556 0.1728 0.1360 0.1549 0.1360 0.1728 0.4556 0.4833 0.2688 0.1631 0.1354 0.2838 0.5002 0.4015 0.2199 0.1464 0.1437 0.3902 0.5122 0.3269 0.1869 0.1375 0.1758 0.4581 0.4824 0.2695 0.1639 0.1352 0.2733 0.4972 0.4115 0.2254 0.1483 0.1413 0.3750 0.5124 0.3395 0.1923 0.1387 0.1652 0.4468 0.4931 0.2801 0.1680 0.1351 0.2500 0.4911 0.4274 0.2337 0.1510 0.1391 0.3559 0.5113 0.3522
0.2451 0.4425 0.4848 0.2263 0.1362 0.1742 0.2932 0.5014 0.4348 0.1589 0.1413 0.2004 0.3546 0.5121 0.3559 0.1409 0.1524 0.2357 0.4271 0.4920 0.2491 0.1361 0.1696 0.2820 0.4928 0.4474 0.1663 0.1397 0.1943 0.3409 0.5131 0.3745 0.1431 0.1497 0.2282 0.4132 0.4974 0.2679 0.1363 0.1668 0.2755 0.4875 0.4522 0.1690 0.1395 0.1943 0.3429 0.5129 0.3686 0.1432 0.1360 0.1432 0.3686 0.5129 0.3429 0.1943 0.1395 0.1690 0.4522 0.4875 0.2755 0.1668 0.1363 0.2679 0.4974 0.4132 0.2282 0.1497 0.1431 0.3745 0.5131 0.3409 0.1943 0.1397 0.1663 0.4474 0.4928 0.2820 0.1696 0.1361 0.2491 0.4920 0.4271 0.2357 0.1524 0.1409 0.3559 0.5121 0.3546 0.2004 0.1413 0.1589 0.4348 0.5014 0.2932 0.1742 0.1362 0.2263 0.4848 0.4425 0.2451
0.1633 0.2495 0.4496 0.4820 0.2157 0.1372 0.1776 0.2988 0.5050 0.4285 0.1566 0.1430 0.2046 0.3610 0.5123 0.3459 0.1408 0.1548 0.2406 0.4341 0.4899 0.2378 0.1369 0.1729 0.2875 0.4975 0.4420 0.1629 0.1413 0.1984 0.3473 0.5137 0.3646 0.1426 0.1522 0.2334 0.4213 0.4951 0.2540 0.1370 0.1705 0.2827 0.4945 0.4444 0.1633 0.1415 0.2001 0.3533 0.5129 0.3686 0.1728 0.3686 0.5129 0.3533 0.2001 0.1415 0.1633 0.4444 0.4945 0.2827 0.1705 0.1370 0.2540 0.4951 0.4213 0.2334 0.1522 0.1426 0.3646 0.5137 0.3473 0.1984 0.1413 0.1629 0.4420 0.4975 0.2875 0.1729 0.1369 0.2378 0.4899 0.4341 0.2406 0.1548 0.1408 0.3459 0.5123 0.3610 0.2046 0.1430 0.1566 0.4285 0.5050 0.2988 0.1776 0.1372 0.2157 0.4820 0.4496 0.2495 0.1633
0.1481 0.1575 0.2474 0.4459 0.4842 0.2210 0.1372 0.1766 0.2960 0.5036 0.4320 0.1581 0.1427 0.2031 0.3575 0.5130 0.3510 0.1414 0.1543 0.2386 0.4302 0.4918 0.2436 0.1371 0.1720 0.2848 0.4954 0.4451 0.1649 0.1410 0.1971 0.3442 0.5141 0.3687 0.1432 0.1518 0.2322 0.4191 0.4960 0.2564 0.1371 0.1705 0.2825 0.4947 0.4440 0.1630 0.1418 0.2009 0.3533 0.5129 0.4556 0.5129 0.3533 0.2009 0.1418 0.1630 0.4440 0.4947 0.2825 0.1705 0.1371 0.2564 0.4960 0.4191 0.2322 0.1518 0.1432 0.3687 0.5141 0.3442 0.1971 0.1410 0.1649 0.4451 0.4954 0.2848 0.1720 0.1371 0.2436 0.4918 0.4302 0.2386 0.1543 0.1414 0.3510 0.5130 0.3575 0.2031 0.1427 0.1581 0.4320 0.5036 0.2960 0.1766 0.1372 0.2210 0.4842 0.4459 0.2474 0.1575 0.1481
0.3423 0.1403 0.1562 0.2440 0.4399 0.4873 0.2296 0.1372 0.1748 0.2916 0.5007 0.4374 0.1607 0.1420 0.2007 0.3519 0.5136 0.3588 0.1422 0.1531 0.2354 0.4241 0.4945 0.2526 0.1371 0.1703 0.2807 0.4916 0.4498 0.1681 0.1405 0.1950 0.3394 0.5143 0.3748 0.1440 0.1511 0.2301 0.4153 0.4974 0.2609 0.1372 0.1700 0.2814 0.4941 0.4445 0.1630 0.1418 0.2001 0.3429 0.4833 0.3429 0.2001 0.1418 0.1630 0.4445 0.4941 0.2814 0.1700 0.1372 0.2609 0.4974 0.4153 0.2301 0.1511 0.1440 0.3748 0.5143 0.3394 0.1950 0.1405 0.1681 0.4498 0.4916 0.2807 0.1703 0.1371 0.2526 0.4945 0.4241 0.2354 0.1531 0.1422 0.3588 0.5136 0.3519 0.2007 0.1420 0.1607 0.4374 0.5007 0.2916 0.1748 0.1372 0.2296 0.4873 0.4399 0.2440 0.1562 0.1403 0.3423
0.5122 0.3470 0.1411 0.1549 0.2403 0.4333 0.4905 0.2392 0.1371 0.1729 0.2869 0.4971 0.4429 0.1637 0.1413 0.1981 0.3460 0.5141 0.3670 0.1431 0.1519 0.2319 0.4175 0.4972 0.2625 0.1372 0.1686 0.2764 0.4872 0.4546 0.1719 0.1399 0.1928 0.3346 0.5142 0.3806 0.1448 0.1504 0.2281 0.4118 0.4986 0.2649 0.1372 0.1695 0.2807 0.4938 0.4445 0.1630 0.1415 0.1943 0.2688 0.1943 0.1415 0.1630 0.4445 0.4938 0.2807 0.1695 0.1372 0.2649 0.4986 0.4118 0.2281 0.1504 0.1448 0.3806 0.5142 0.3346 0.1928 0.1399 0.1719 0.4546 0.4872 0.2764 0.1686 0.1372 0.2625 0.4972 0.4175 0.2319 0.1519 0.1431 0.3670 0.5141 0.3460 0.1981 0.1413 0.1637 0.4429 0.4971 0.2869 0.1729 0.1371 0.2392 0.4905 0.4333 0.2403 0.1549 0.1411 0.3470 0.5122
