0.1952 1.0000 1.0000 0.0003 0.0041 0.0538 0.6994 1.0000 0.0001 0.0011 0.0138 0.1789 1.0000 1.0000 0.0003 0.0035 0.0457 0.5950 1.0000 0.0001 0.0009 0.0117 0.1525 1.0000 1.0000 0.0002 0.0030 0.0390 0.5072 1.0000 0.0001 0.0008 0.0100 0.1297 1.0000 1.0000 0.0002 0.0025 0.0332 0.4315 1.0000 0.0001 0.0007 0.0085 0.1101 1.0000 1.0000 0.0002 0.0021 0.0234 0.1151 0.0234 0.0021 0.0002 1.0000 1.0000 0.1101 0.0085 0.0007 0.0001 1.0000 0.4315 0.0332 0.0025 0.0002 1.0000 1.0000 0.1297 0.0100 0.0008 0.0001 1.0000 0.5072 0.0390 0.0030 0.0002 1.0000 1.0000 0.1525 0.0117 0.0009 0.0001 1.0000 0.5950 0.0457 0.0035 0.0003 1.0000 1.0000 0.1789 0.0138 0.0011 0.0001 1.0000 0.6994 0.0538 0.0041 0.0003 1.0000 1.0000 0.1952
1.0000 1.0000 0.0003 0.0041 0.0533 0.6915 1.0000 0.0001 0.0010 0.0135 0.1762 1.0000 1.0000 0.0003 0.0035 0.0451 0.5871 1.0000 0.0001 0.0009 0.0115 0.1502 1.0000 1.0000 0.0002 0.0030 0.0384 0.4995 1.0000 0.0001 0.0008 0.0098 0.1277 1.0000 1.0000 0.0002 0.0025 0.0327 0.4249 1.0000 1.0000 0.0006 0.0084 0.1087 1.0000 1.0000 0.0002 0.0021 0.0267 0.3006 1.0000 0.3006 0.0267 0.0021 0.0002 1.0000 1.0000 0.1087 0.0084 0.0006 1.0000 1.0000 0.4249 0.0327 0.0025 0.0002 1.0000 1.0000 0.1277 0.0098 0.0008 0.0001 1.0000 0.4995 0.0384 0.0030 0.0002 1.0000 1.0000 0.1502 0.0115 0.0009 0.0001 1.0000 0.5871 0.0451 0.0035 0.0003 1.0000 1.0000 0.1762 0.0135 0.0010 0.0001 1.0000 0.6915 0.0533 0.0041 0.0003 1.0000 1.0000
1.0000 0.0003 0.0040 0.0511 0.6556 1.0000 0.0001 0.0010 0.0127 0.1645 1.0000 1.0000 0.0002 0.0032 0.0420 0.5462 1.0000 0.0001 0.0008 0.0108 0.1400 1.0000 1.0000 0.0002 0.0028 0.0358 0.4656 1.0000 0.0001 0.0007 0.0092 0.1191 1.0000 1.0000 0.0002 0.0023 0.0304 0.3961 1.0000 1.0000 0.0006 0.0078 0.1013 1.0000 1.0000 0.0002 0.0020 0.0256 0.3231 1.0000 1.0000 1.0000 0.3231 0.0256 0.0020 0.0002 1.0000 1.0000 0.1013 0.0078 0.0006 1.0000 1.0000 0.3961 0.0304 0.0023 0.0002 1.0000 1.0000 0.1191 0.0092 0.0007 0.0001 1.0000 0.4656 0.0358 0.0028 0.0002 1.0000 1.0000 0.1400 0.0108 0.0008 0.0001 1.0000 0.5462 0.0420 0.0032 0.0002 1.0000 1.0000 0.1645 0.0127 0.0010 0.0001 1.0000 0.6556 0.0511 0.0040 0.0003 1.0000
0.0003 0.0041 0.0511 0.6420 1.0000 0.0001 0.0009 0.0119 0.1542 1.0000 1.0000 0.0002 0.0030 0.0391 0.5091 1.0000 0.0001 0.0008 0.0100 0.1304 1.0000 1.0000 0.0002 0.0026 0.0334 0.4339 1.0000 1.0000 0.0007 0.0085 0.1110 1.0000 1.0000 0.0002 0.0022 0.0284 0.3692 1.0000 1.0000 0.0006 0.0073 0.0944 1.0000 1.0000 0.0001 0.0019 0.0240 0.3099 1.0000 1.0000 0.0001 1.0000 1.0000 0.3099 0.0240 0.0019 0.0001 1.0000 1.0000 0.0944 0.0073 0.0006 1.0000 1.0000 0.3692 0.0284 0.0022 0.0002 1.0000 1.0000 0.1110 0.0085 0.0007 1.0000 1.0000 0.4339 0.0334 0.0026 0.0002 1.0000 1.0000 0.1304 0.0100 0.0008 0.0001 1.0000 0.5091 0.0391 0.0030 0.0002 1.0000 1.0000 0.1542 0.0119 0.0009 0.0001 1.0000 0.6420 0.0511 0.0041 0.0003
0.0041 0.0533 0.6556 1.0000 0.0001 0.0009 0.0114 0.1465 1.0000 1.0000 0.0002 0.0028 0.0365 0.4754 1.0000 0.0001 0.0007 0.0093 0.1216 1.0000 1.0000 0.0002 0.0024 0.0311 0.4044 1.0000 1.0000 0.0006 0.0080 0.1034 1.0000 1.0000 0.0002 0.0020 0.0265 0.3441 1.0000 1.0000 0.0005 0.0068 0.0880 1.0000 1.0000 0.0001 0.0017 0.0224 0.2910 1.0000 1.0000 0.0004 0.0018 0.0004 1.0000 1.0000 0.2910 0.0224 0.0017 0.0001 1.0000 1.0000 0.0880 0.0068 0.0005 1.0000 1.0000 0.3441 0.0265 0.0020 0.0002 1.0000 1.0000 0.1034 0.0080 0.0006 1.0000 1.0000 0.4044 0.0311 0.0024 0.0002 1.0000 1.0000 0.1216 0.0093 0.0007 0.0001 1.0000 0.4754 0.0365 0.0028 0.0002 1.0000 1.0000 0.1465 0.0114 0.0009 0.0001 1.0000 0.6556 0.0533 0.0041
0.0538 0.6915 1.0000 0.0001 0.0009 0.0112 0.1424 1.0000 1.0000 0.0002 0.0027 0.0343 0.4448 1.0000 0.0001 0.0007 0.0087 0.1133 1.0000 1.0000 0.0002 0.0022 0.0290 0.3770 1.0000 1.0000 0.0006 0.0074 0.0964 1.0000 1.0000 0.0001 0.0019 0.0247 0.3207 1.0000 1.0000 0.0005 0.0063 0.0820 1.0000 1.0000 0.0001 0.0016 0.0209 0.2718 1.0000 1.0000 0.0004 0.0045 0.0215 0.0045 0.0004 1.0000 1.0000 0.2718 0.0209 0.0016 0.0001 1.0000 1.0000 0.0820 0.0063 0.0005 1.0000 1.0000 0.3207 0.0247 0.0019 0.0001 1.0000 1.0000 0.0964 0.0074 0.0006 1.0000 1.0000 0.3770 0.0290 0.0022 0.0002 1.0000 1.0000 0.1133 0.0087 0.0007 0.0001 1.0000 0.4448 0.0343 0.0027 0.0002 1.0000 1.0000 0.1424 0.0112 0.0009 0.0001 1.0000 0.6915 0.0538
0.6994 1.0000 0.0001 0.0009 0.0114 0.1424 1.0000 1.0000 0.0002 0.0025 0.0326 0.4201 1.0000 1.0000 0.0006 0.0081 0.1056 1.0000 1.0000 0.0002 0.0021 0.0270 0.3513 1.0000 1.0000 0.0005 0.0069 0.0899 1.0000 1.0000 0.0001 0.0018 0.0230 0.2989 1.0000 1.0000 0.0005 0.0059 0.0764 0.9943 1.0000 0.0001 0.0015 0.0195 0.2533 1.0000 1.0000 0.0004 0.0048 0.0542 0.2602 0.0542 0.0048 0.0004 1.0000 1.0000 0.2533 0.0195 0.0015 0.0001 1.0000 0.9943 0.0764 0.0059 0.0005 1.0000 1.0000 0.2989 0.0230 0.0018 0.0001 1.0000 1.0000 0.0899 0.0069 0.0005 1.0000 1.0000 0.3513 0.0270 0.0021 0.0002 1.0000 1.0000 0.1056 0.0081 0.0006 1.0000 1.0000 0.4201 0.0326 0.0025 0.0002 1.0000 1.0000 0.1424 0.0114 0.0009 0.0001 1.0000 0.6994
1.0000 0.0001 0.0010 0.0119 0.1465 1.0000 1.0000 0.0002 0.0025 0.0314 0.4021 1.0000 1.0000 0.0006 0.0076 0.0988 1.0000 1.0000 0.0001 0.0019 0.0252 0.3275 1.0000 1.0000 0.0005 0.0064 0.0837 1.0000 1.0000 0.0001 0.0016 0.0214 0.2786 1.0000 1.0000 0.0004 0.0055 0.0712 0.9267 1.0000 0.0001 0.0014 0.0182 0.2366 1.0000 1.0000 0.0004 0.0046 0.0580 0.6556 1.0000 0.6556 0.0580 0.0046 0.0004 1.0000 1.0000 0.2366 0.0182 0.0014 0.0001 1.0000 0.9267 0.0712 0.0055 0.0004 1.0000 1.0000 0.2786 0.0214 0.0016 0.0001 1.0000 1.0000 0.0837 0.0064 0.0005 1.0000 1.0000 0.3275 0.0252 0.0019 0.0001 1.0000 1.0000 0.0988 0.0076 0.0006 1.0000 1.0000 0.4021 0.0314 0.0025 0.0002 1.0000 1.0000 0.1465 0.0119 0.0010 0.0001 1.0000
0.0001 0.0010 0.0127 0.1542 1.0000 1.0000 0.0002 0.0025 0.0310 0.3931 1.0000 1.0000 0.0006 0.0072 0.0932 1.0000 1.0000 0.0001 0.0018 0.0235 0.3052 1.0000 1.0000 0.0005 0.0060 0.0781 1.0000 1.0000 0.0001 0.0015 0.0200 0.2597 1.0000 1.0000 0.0004 0.0051 0.0664 0.8638 1.0000 0.0001 0.0013 0.0170 0.2205 1.0000 1.0000 0.0003 0.0043 0.0556 0.7021 1.0000 1.0000 1.0000 0.7021 0.0556 0.0043 0.0003 1.0000 1.0000 0.2205 0.0170 0.0013 0.0001 1.0000 0.8638 0.0664 0.0051 0.0004 1.0000 1.0000 0.2597 0.0200 0.0015 0.0001 1.0000 1.0000 0.0781 0.0060 0.0005 1.0000 1.0000 0.3052 0.0235 0.0018 0.0001 1.0000 1.0000 0.0932 0.0072 0.0006 1.0000 1.0000 0.3931 0.0310 0.0025 0.0002 1.0000 1.0000 0.1542 0.0127 0.0010 0.0001
0.0011 0.0135 0.1645 1.0000 1.0000 0.0002 0.0025 0.0314 0.3931 1.0000 1.0000 0.0005 0.0069 0.0890 1.0000 1.0000 0.0001 0.0017 0.0219 0.2845 1.0000 1.0000 0.0004 0.0056 0.0728 0.9463 1.0000 0.0001 0.0014 0.0186 0.2420 1.0000 1.0000 0.0004 0.0048 0.0619 0.8051 1.0000 0.0001 0.0012 0.0158 0.2055 1.0000 1.0000 0.0003 0.0040 0.0523 0.6746 1.0000 0.0001 0.0003 0.0001 1.0000 0.6746 0.0523 0.0040 0.0003 1.0000 1.0000 0.2055 0.0158 0.0012 0.0001 1.0000 0.8051 0.0619 0.0048 0.0004 1.0000 1.0000 0.2420 0.0186 0.0014 0.0001 1.0000 0.9463 0.0728 0.0056 0.0004 1.0000 1.0000 0.2845 0.0219 0.0017 0.0001 1.0000 1.0000 0.0890 0.0069 0.0005 1.0000 1.0000 0.3931 0.0314 0.0025 0.0002 1.0000 1.0000 0.1645 0.0135 0.0011
0.0138 0.1762 1.0000 1.0000 0.0002 0.0027 0.0326 0.4021 1.0000 1.0000 0.0005 0.0068 0.0863 1.0000 1.0000 0.0001 0.0016 0.0207 0.2672 1.0000 1.0000 0.0004 0.0052 0.0678 0.8820 1.0000 0.0001 0.0013 0.0173 0.2256 1.0000 1.0000 0.0003 0.0044 0.0577 0.7504 1.0000 0.0001 0.0011 0.0148 0.1915 1.0000 1.0000 0.0003 0.0038 0.0488 0.6335 1.0000 0.0001 0.0008 0.0039 0.0008 0.0001 1.0000 0.6335 0.0488 0.0038 0.0003 1.0000 1.0000 0.1915 0.0148 0.0011 0.0001 1.0000 0.7504 0.0577 0.0044 0.0003 1.0000 1.0000 0.2256 0.0173 0.0013 0.0001 1.0000 0.8820 0.0678 0.0052 0.0004 1.0000 1.0000 0.2672 0.0207 0.0016 0.0001 1.0000 1.0000 0.0863 0.0068 0.0005 1.0000 1.0000 0.4021 0.0326 0.0027 0.0002 1.0000 1.0000 0.1762 0.0138
0.1789 1.0000 1.0000 0.0002 0.0028 0.0343 0.4201 1.0000 1.0000 0.0005 0.0068 0.0855 1.0000 1.0000 0.0001 0.0015 0.0197 0.2533 1.0000 1.0000 0.0004 0.0049 0.0632 0.8221 1.0000 0.0001 0.0012 0.0162 0.2102 1.0000 1.0000 0.0003 0.0041 0.0538 0.6994 1.0000 0.0001 0.0011 0.0138 0.1785 1.0000 1.0000 0.0003 0.0035 0.0455 0.5905 1.0000 0.0001 0.0009 0.0097 0.0467 0.0097 0.0009 0.0001 1.0000 0.5905 0.0455 0.0035 0.0003 1.0000 1.0000 0.1785 0.0138 0.0011 0.0001 1.0000 0.6994 0.0538 0.0041 0.0003 1.0000 1.0000 0.2102 0.0162 0.0012 0.0001 1.0000 0.8221 0.0632 0.0049 0.0004 1.0000 1.0000 0.2533 0.0197 0.0015 0.0001 1.0000 1.0000 0.0855 0.0068 0.0005 1.0000 1.0000 0.4201 0.0343 0.0028 0.0002 1.0000 1.0000 0.1789
1.0000 1.0000 0.0002 0.0030 0.0365 0.4448 1.0000 1.0000 0.0006 0.0069 0.0863 1.0000 1.0000 0.0001 0.0015 0.0190 0.2425 1.0000 1.0000 0.0004 0.0046 0.0592 0.7677 1.0000 0.0001 0.0012 0.0151 0.1960 1.0000 1.0000 0.0003 0.0039 0.0501 0.6519 1.0000 0.0001 0.0010 0.0128 0.1667 1.0000 1.0000 0.0003 0.0033 0.0424 0.5514 1.0000 0.0001 0.0008 0.0104 0.1177 0.5652 0.1177 0.0104 0.0008 0.0001 1.0000 0.5514 0.0424 0.0033 0.0003 1.0000 1.0000 0.1667 0.0128 0.0010 0.0001 1.0000 0.6519 0.0501 0.0039 0.0003 1.0000 1.0000 0.1960 0.0151 0.0012 0.0001 1.0000 0.7677 0.0592 0.0046 0.0004 1.0000 1.0000 0.2425 0.0190 0.0015 0.0001 1.0000 1.0000 0.0863 0.0069 0.0006 1.0000 1.0000 0.4448 0.0365 0.0030 0.0002 1.0000 1.0000
1.0000 0.0003 0.0032 0.0391 0.4754 1.0000 1.0000 0.0006 0.0072 0.0890 1.0000 1.0000 0.0001 0.0015 0.0186 0.2361 1.0000 1.0000 0.0003 0.0043 0.0561 0.7238 1.0000 0.0001 0.0011 0.0140 0.1826 1.0000 1.0000 0.0003 0.0036 0.0467 0.6076 1.0000 0.0001 0.0009 0.0119 0.1554 1.0000 1.0000 0.0002 0.0030 0.0396 0.5139 1.0000 0.0001 0.0008 0.0100 0.1261 1.0000 1.0000 1.0000 0.1261 0.0100 0.0008 0.0001 1.0000 0.5139 0.0396 0.0030 0.0002 1.0000 1.0000 0.1554 0.0119 0.0009 0.0001 1.0000 0.6076 0.0467 0.0036 0.0003 1.0000 1.0000 0.1826 0.0140 0.0011 0.0001 1.0000 0.7238 0.0561 0.0043 0.0003 1.0000 1.0000 0.2361 0.0186 0.0015 0.0001 1.0000 1.0000 0.0890 0.0072 0.0006 1.0000 1.0000 0.4754 0.0391 0.0032 0.0003 1.0000
0.0003 0.0035 0.0420 0.5091 1.0000 0.0001 0.0006 0.0076 0.0932 1.0000 1.0000 0.0001 0.0015 0.0186 0.2339 1.0000 1.0000 0.0003 0.0042 0.0535 0.6875 1.0000 0.0001 0.0010 0.0132 0.1706 1.0000 1.0000 0.0003 0.0033 0.0435 0.5663 1.0000 0.0001 0.0009 0.0111 0.1448 1.0000 1.0000 0.0002 0.0028 0.0369 0.4790 1.0000 0.0001 0.0007 0.0094 0.1211 1.0000 1.0000 0.0001 1.0000 1.0000 0.1211 0.0094 0.0007 0.0001 1.0000 0.4790 0.0369 0.0028 0.0002 1.0000 1.0000 0.1448 0.0111 0.0009 0.0001 1.0000 0.5663 0.0435 0.0033 0.0003 1.0000 1.0000 0.1706 0.0132 0.0010 0.0001 1.0000 0.6875 0.0535 0.0042 0.0003 1.0000 1.0000 0.2339 0.0186 0.0015 0.0001 1.0000 1.0000 0.0932 0.0076 0.0006 0.0001 1.0000 0.5091 0.0420 0.0035 0.0003
0.0035 0.0451 0.5462 1.0000 0.0001 0.0007 0.0081 0.0988 1.0000 1.0000 0.0001 0.0015 0.0190 0.2361 1.0000 1.0000 0.0003 0.0041 0.0518 0.6606 1.0000 0.0001 0.0010 0.0124 0.1605 1.0000 1.0000 0.0002 0.0031 0.0406 0.5278 1.0000 0.0001 0.0008 0.0104 0.1350 1.0000 1.0000 0.0002 0.0026 0.0344 0.4473 1.0000 0.0001 0.0007 0.0087 0.1135 1.0000 1.0000 0.0001 0.0007 0.0001 1.0000 1.0000 0.1135 0.0087 0.0007 0.0001 1.0000 0.4473 0.0344 0.0026 0.0002 1.0000 1.0000 0.1350 0.0104 0.0008 0.0001 1.0000 0.5278 0.0406 0.0031 0.0002 1.0000 1.0000 0.1605 0.0124 0.0010 0.0001 1.0000 0.6606 0.0518 0.0041 0.0003 1.0000 1.0000 0.2361 0.0190 0.0015 0.0001 1.0000 1.0000 0.0988 0.0081 0.0007 0.0001 1.0000 0.5462 0.0451 0.0035
0.0457 0.5871 1.0000 0.0001 0.0007 0.0087 0.1056 1.0000 1.0000 0.0001 0.0016 0.0197 0.2425 1.0000 1.0000 0.0003 0.0040 0.0509 0.6445 1.0000 0.0001 0.0009 0.0118 0.1519 1.0000 1.0000 0.0002 0.0029 0.0379 0.4920 1.0000 0.0001 0.0007 0.0097 0.1258 1.0000 1.0000 0.0002 0.0025 0.0321 0.4169 1.0000 1.0000 0.0006 0.0082 0.1060 1.0000 1.0000 0.0002 0.0017 0.0084 0.0017 0.0002 1.0000 1.0000 0.1060 0.0082 0.0006 1.0000 1.0000 0.4169 0.0321 0.0025 0.0002 1.0000 1.0000 0.1258 0.0097 0.0007 0.0001 1.0000 0.4920 0.0379 0.0029 0.0002 1.0000 1.0000 0.1519 0.0118 0.0009 0.0001 1.0000 0.6445 0.0509 0.0040 0.0003 1.0000 1.0000 0.2425 0.0197 0.0016 0.0001 1.0000 1.0000 0.1056 0.0087 0.0007 0.0001 1.0000 0.5871 0.0457
0.5950 1.0000 0.0001 0.0008 0.0093 0.1133 1.0000 1.0000 0.0001 0.0017 0.0207 0.2533 1.0000 1.0000 0.0003 0.0041 0.0509 0.6384 1.0000 0.0001 0.0009 0.0114 0.1454 1.0000 1.0000 0.0002 0.0027 0.0355 0.4603 1.0000 0.0001 0.0007 0.0090 0.1173 1.0000 1.0000 0.0002 0.0023 0.0299 0.3886 1.0000 1.0000 0.0006 0.0076 0.0990 1.0000 1.0000 0.0001 0.0019 0.0211 0.1015 0.0211 0.0019 0.0001 1.0000 1.0000 0.0990 0.0076 0.0006 1.0000 1.0000 0.3886 0.0299 0.0023 0.0002 1.0000 1.0000 0.1173 0.0090 0.0007 0.0001 1.0000 0.4603 0.0355 0.0027 0.0002 1.0000 1.0000 0.1454 0.0114 0.0009 0.0001 1.0000 0.6384 0.0509 0.0041 0.0003 1.0000 1.0000 0.2533 0.0207 0.0017 0.0001 1.0000 1.0000 0.1133 0.0093 0.0008 0.0001 1.0000 0.5950
1.0000 0.0001 0.0008 0.0100 0.1216 1.0000 1.0000 0.0001 0.0018 0.0219 0.2672 1.0000 1.0000 0.0003 0.0042 0.0518 0.6445 1.0000 0.0001 0.0009 0.0111 0.1410 1.0000 1.0000 0.0002 0.0026 0.0335 0.4331 1.0000 1.0000 0.0006 0.0084 0.1093 1.0000 1.0000 0.0002 0.0021 0.0279 0.3622 1.0000 1.0000 0.0005 0.0071 0.0923 1.0000 1.0000 0.0001 0.0018 0.0226 0.2562 1.0000 0.2562 0.0226 0.0018 0.0001 1.0000 1.0000 0.0923 0.0071 0.0005 1.0000 1.0000 0.3622 0.0279 0.0021 0.0002 1.0000 1.0000 0.1093 0.0084 0.0006 1.0000 1.0000 0.4331 0.0335 0.0026 0.0002 1.0000 1.0000 0.1410 0.0111 0.0009 0.0001 1.0000 0.6445 0.0518 0.0042 0.0003 1.0000 1.0000 0.2672 0.0219 0.0018 0.0001 1.0000 1.0000 0.1216 0.0100 0.0008 0.0001 1.0000
0.0001 0.0009 0.0108 0.1304 1.0000 1.0000 0.0002 0.0019 0.0235 0.2845 1.0000 1.0000 0.0004 0.0043 0.0535 0.6606 1.0000 0.0001 0.0009 0.0110 0.1386 1.0000 1.0000 0.0002 0.0025 0.0320 0.4114 1.0000 1.0000 0.0006 0.0079 0.1023 1.0000 1.0000 0.0002 0.0020 0.0260 0.3376 1.0000 1.0000 0.0005 0.0066 0.0860 1.0000 1.0000 0.0001 0.0017 0.0217 0.2744 1.0000 1.0000 1.0000 0.2744 0.0217 0.0017 0.0001 1.0000 1.0000 0.0860 0.0066 0.0005 1.0000 1.0000 0.3376 0.0260 0.0020 0.0002 1.0000 1.0000 0.1023 0.0079 0.0006 1.0000 1.0000 0.4114 0.0320 0.0025 0.0002 1.0000 1.0000 0.1386 0.0110 0.0009 0.0001 1.0000 0.6606 0.0535 0.0043 0.0004 1.0000 1.0000 0.2845 0.0235 0.0019 0.0002 1.0000 1.0000 0.1304 0.0108 0.0009 0.0001
0.0009 0.0115 0.1400 1.0000 1.0000 0.0002 0.0021 0.0252 0.3052 1.0000 1.0000 0.0004 0.0046 0.0561 0.6875 1.0000 0.0001 0.0009 0.0111 0.1386 1.0000 1.0000 0.0002 0.0024 0.0309 0.3946 1.0000 1.0000 0.0006 0.0074 0.0960 1.0000 1.0000 0.0001 0.0019 0.0242 0.3152 1.0000 1.0000 0.0005 0.0062 0.0802 1.0000 1.0000 0.0001 0.0016 0.0204 0.2631 1.0000 1.0000 0.0001 1.0000 1.0000 0.2631 0.0204 0.0016 0.0001 1.0000 1.0000 0.0802 0.0062 0.0005 1.0000 1.0000 0.3152 0.0242 0.0019 0.0001 1.0000 1.0000 0.0960 0.0074 0.0006 1.0000 1.0000 0.3946 0.0309 0.0024 0.0002 1.0000 1.0000 0.1386 0.0111 0.0009 0.0001 1.0000 0.6875 0.0561 0.0046 0.0004 1.0000 1.0000 0.3052 0.0252 0.0021 0.0002 1.0000 1.0000 0.1400 0.0115 0.0009
0.0117 0.1502 1.0000 1.0000 0.0002 0.0022 0.0270 0.3275 1.0000 1.0000 0.0004 0.0049 0.0592 0.7238 1.0000 0.0001 0.0009 0.0114 0.1410 1.0000 1.0000 0.0002 0.0024 0.0302 0.3827 1.0000 1.0000 0.0005 0.0071 0.0909 1.0000 1.0000 0.0001 0.0017 0.0227 0.2944 1.0000 1.0000 0.0004 0.0058 0.0749 0.9719 1.0000 0.0001 0.0015 0.0190 0.2471 1.0000 1.0000 0.0003 0.0015 0.0003 1.0000 1.0000 0.2471 0.0190 0.0015 0.0001 1.0000 0.9719 0.0749 0.0058 0.0004 1.0000 1.0000 0.2944 0.0227 0.0017 0.0001 1.0000 1.0000 0.0909 0.0071 0.0005 1.0000 1.0000 0.3827 0.0302 0.0024 0.0002 1.0000 1.0000 0.1410 0.0114 0.0009 0.0001 1.0000 0.7238 0.0592 0.0049 0.0004 1.0000 1.0000 0.3275 0.0270 0.0022 0.0002 1.0000 1.0000 0.1502 0.0117
0.1525 1.0000 1.0000 0.0002 0.0024 0.0290 0.3513 1.0000 1.0000 0.0004 0.0052 0.0632 0.7677 1.0000 0.0001 0.0010 0.0118 0.1454 1.0000 1.0000 0.0002 0.0024 0.0299 0.3770 1.0000 1.0000 0.0005 0.0068 0.0868 1.0000 1.0000 0.0001 0.0016 0.0213 0.2754 1.0000 1.0000 0.0004 0.0054 0.0698 0.9076 1.0000 0.0001 0.0014 0.0177 0.2308 1.0000 1.0000 0.0003 0.0038 0.0182 0.0038 0.0003 1.0000 1.0000 0.2308 0.0177 0.0014 0.0001 1.0000 0.9076 0.0698 0.0054 0.0004 1.0000 1.0000 0.2754 0.0213 0.0016 0.0001 1.0000 1.0000 0.0868 0.0068 0.0005 1.0000 1.0000 0.3770 0.0299 0.0024 0.0002 1.0000 1.0000 0.1454 0.0118 0.0010 0.0001 1.0000 0.7677 0.0632 0.0052 0.0004 1.0000 1.0000 0.3513 0.0290 0.0024 0.0002 1.0000 1.0000 0.1525
1.0000 1.0000 0.0002 0.0026 0.0311 0.3770 1.0000 1.0000 0.0005 0.0056 0.0678 0.8221 1.0000 0.0001 0.0010 0.0124 0.1519 1.0000 1.0000 0.0002 0.0024 0.0302 0.3770 1.0000 1.0000 0.0005 0.0066 0.0837 1.0000 1.0000 0.0001 0.0016 0.0201 0.2592 1.0000 1.0000 0.0004 0.0050 0.0653 0.8475 1.0000 0.0001 0.0013 0.0166 0.2151 1.0000 1.0000 0.0003 0.0041 0.0460 0.2209 0.0460 0.0041 0.0003 1.0000 1.0000 0.2151 0.0166 0.0013 0.0001 1.0000 0.8475 0.0653 0.0050 0.0004 1.0000 1.0000 0.2592 0.0201 0.0016 0.0001 1.0000 1.0000 0.0837 0.0066 0.0005 1.0000 1.0000 0.3770 0.0302 0.0024 0.0002 1.0000 1.0000 0.1519 0.0124 0.0010 0.0001 1.0000 0.8221 0.0678 0.0056 0.0005 1.0000 1.0000 0.3770 0.0311 0.0026 0.0002 1.0000 1.0000
1.0000 0.0002 0.0028 0.0334 0.4044 1.0000 1.0000 0.0005 0.0060 0.0728 0.8820 1.0000 0.0001 0.0011 0.0132 0.1605 1.0000 1.0000 0.0002 0.0025 0.0309 0.3827 1.0000 1.0000 0.0005 0.0065 0.0819 1.0000 1.0000 0.0001 0.0015 0.0191 0.2457 1.0000 1.0000 0.0004 0.0047 0.0611 0.7929 1.0000 0.0001 0.0012 0.0155 0.2009 1.0000 1.0000 0.0003 0.0039 0.0493 0.5577 1.0000 0.5577 0.0493 0.0039 0.0003 1.0000 1.0000 0.2009 0.0155 0.0012 0.0001 1.0000 0.7929 0.0611 0.0047 0.0004 1.0000 1.0000 0.2457 0.0191 0.0015 0.0001 1.0000 1.0000 0.0819 0.0065 0.0005 1.0000 1.0000 0.3827 0.0309 0.0025 0.0002 1.0000 1.0000 0.1605 0.0132 0.0011 0.0001 1.0000 0.8820 0.0728 0.0060 0.0005 1.0000 1.0000 0.4044 0.0334 0.0028 0.0002 1.0000
0.0002 0.0030 0.0358 0.4339 1.0000 1.0000 0.0005 0.0064 0.0781 0.9463 1.0000 0.0001 0.0012 0.0140 0.1706 1.0000 1.0000 0.0002 0.0026 0.0320 0.3946 1.0000 1.0000 0.0005 0.0065 0.0812 1.0000 1.0000 0.0001 0.0014 0.0184 0.2352 1.0000 1.0000 0.0003 0.0044 0.0574 0.7433 1.0000 0.0001 0.0011 0.0145 0.1879 1.0000 1.0000 0.0003 0.0037 0.0473 0.5973 1.0000 1.0000 1.0000 0.5973 0.0473 0.0037 0.0003 1.0000 1.0000 0.1879 0.0145 0.0011 0.0001 1.0000 0.7433 0.0574 0.0044 0.0003 1.0000 1.0000 0.2352 0.0184 0.0014 0.0001 1.0000 1.0000 0.0812 0.0065 0.0005 1.0000 1.0000 0.3946 0.0320 0.0026 0.0002 1.0000 1.0000 0.1706 0.0140 0.0012 0.0001 1.0000 0.9463 0.0781 0.0064 0.0005 1.0000 1.0000 0.4339 0.0358 0.0030 0.0002
0.0030 0.0384 0.4656 1.0000 1.0000 0.0006 0.0069 0.0837 1.0000 1.0000 0.0001 0.0012 0.0151 0.1826 1.0000 1.0000 0.0002 0.0027 0.0335 0.4114 1.0000 1.0000 0.0005 0.0066 0.0819 1.0000 1.0000 0.0001 0.0014 0.0178 0.2273 1.0000 1.0000 0.0003 0.0042 0.0543 0.7007 1.0000 0.0001 0.0010 0.0135 0.1758 1.0000 1.0000 0.0003 0.0034 0.0445 0.5739 1.0000 0.0001 0.0003 0.0001 1.0000 0.5739 0.0445 0.0034 0.0003 1.0000 1.0000 0.1758 0.0135 0.0010 0.0001 1.0000 0.7007 0.0543 0.0042 0.0003 1.0000 1.0000 0.2273 0.0178 0.0014 0.0001 1.0000 1.0000 0.0819 0.0066 0.0005 1.0000 1.0000 0.4114 0.0335 0.0027 0.0002 1.0000 1.0000 0.1826 0.0151 0.0012 0.0001 1.0000 1.0000 0.0837 0.0069 0.0006 1.0000 1.0000 0.4656 0.0384 0.0030
0.0390 0.4995 1.0000 1.0000 0.0006 0.0074 0.0899 1.0000 1.0000 0.0001 0.0013 0.0162 0.1960 1.0000 1.0000 0.0002 0.0029 0.0355 0.4331 1.0000 1.0000 0.0005 0.0068 0.0837 1.0000 1.0000 0.0001 0.0014 0.0176 0.2226 1.0000 1.0000 0.0003 0.0040 0.0518 0.6657 1.0000 0.0001 0.0010 0.0127 0.1648 1.0000 1.0000 0.0002 0.0032 0.0416 0.5390 1.0000 0.0001 0.0007 0.0033 0.0007 0.0001 1.0000 0.5390 0.0416 0.0032 0.0002 1.0000 1.0000 0.1648 0.0127 0.0010 0.0001 1.0000 0.6657 0.0518 0.0040 0.0003 1.0000 1.0000 0.2226 0.0176 0.0014 0.0001 1.0000 1.0000 0.0837 0.0068 0.0005 1.0000 1.0000 0.4331 0.0355 0.0029 0.0002 1.0000 1.0000 0.1960 0.0162 0.0013 0.0001 1.0000 1.0000 0.0899 0.0074 0.0006 1.0000 1.0000 0.4995 0.0390
0.5072 1.0000 0.0001 0.0007 0.0080 0.0964 1.0000 1.0000 0.0001 0.0014 0.0173 0.2102 1.0000 1.0000 0.0003 0.0031 0.0379 0.4603 1.0000 1.0000 0.0006 0.0071 0.0868 1.0000 1.0000 0.0001 0.0014 0.0176 0.2209 1.0000 1.0000 0.0003 0.0039 0.0498 0.6372 1.0000 0.0001 0.0009 0.0120 0.1551 1.0000 1.0000 0.0002 0.0030 0.0390 0.5052 1.0000 0.0001 0.0007 0.0083 0.0397 0.0083 0.0007 0.0001 1.0000 0.5052 0.0390 0.0030 0.0002 1.0000 1.0000 0.1551 0.0120 0.0009 0.0001 1.0000 0.6372 0.0498 0.0039 0.0003 1.0000 1.0000 0.2209 0.0176 0.0014 0.0001 1.0000 1.0000 0.0868 0.0071 0.0006 1.0000 1.0000 0.4603 0.0379 0.0031 0.0003 1.0000 1.0000 0.2102 0.0173 0.0014 0.0001 1.0000 1.0000 0.0964 0.0080 0.0007 0.0001 1.0000 0.5072
1.0000 0.0001 0.0007 0.0085 0.1034 1.0000 1.0000 0.0001 0.0015 0.0186 0.2256 1.0000 1.0000 0.0003 0.0033 0.0406 0.4920 1.0000 1.0000 0.0006 0.0074 0.0909 1.0000 1.0000 0.0001 0.0014 0.0178 0.2226 1.0000 1.0000 0.0003 0.0038 0.0484 0.6169 1.0000 0.0001 0.0009 0.0114 0.1470 1.0000 1.0000 0.0002 0.0028 0.0365 0.4727 1.0000 0.0001 0.0007 0.0089 0.1003 0.4818 0.1003 0.0089 0.0007 0.0001 1.0000 0.4727 0.0365 0.0028 0.0002 1.0000 1.0000 0.1470 0.0114 0.0009 0.0001 1.0000 0.6169 0.0484 0.0038 0.0003 1.0000 1.0000 0.2226 0.0178 0.0014 0.0001 1.0000 1.0000 0.0909 0.0074 0.0006 1.0000 1.0000 0.4920 0.0406 0.0033 0.0003 1.0000 1.0000 0.2256 0.0186 0.0015 0.0001 1.0000 1.0000 0.1034 0.0085 0.0007 0.0001 1.0000
0.0001 0.0008 0.0092 0.1110 1.0000 1.0000 0.0001 0.0016 0.0200 0.2420 1.0000 1.0000 0.0003 0.0036 0.0435 0.5278 1.0000 0.0001 0.0006 0.0079 0.0960 1.0000 1.0000 0.0001 0.0015 0.0184 0.2273 1.0000 1.0000 0.0003 0.0038 0.0478 0.6041 1.0000 0.0001 0.0009 0.0109 0.1402 1.0000 1.0000 0.0002 0.0026 0.0343 0.4439 1.0000 1.0000 0.0007 0.0085 0.1076 1.0000 1.0000 1.0000 0.1076 0.0085 0.0007 1.0000 1.0000 0.4439 0.0343 0.0026 0.0002 1.0000 1.0000 0.1402 0.0109 0.0009 0.0001 1.0000 0.6041 0.0478 0.0038 0.0003 1.0000 1.0000 0.2273 0.0184 0.0015 0.0001 1.0000 1.0000 0.0960 0.0079 0.0006 0.0001 1.0000 0.5278 0.0435 0.0036 0.0003 1.0000 1.0000 0.2420 0.0200 0.0016 0.0001 1.0000 1.0000 0.1110 0.0092 0.0008 0.0001
0.0008 0.0098 0.1191 1.0000 1.0000 0.0001 0.0018 0.0214 0.2597 1.0000 1.0000 0.0003 0.0039 0.0467 0.5663 1.0000 0.0001 0.0007 0.0084 0.1023 1.0000 1.0000 0.0001 0.0016 0.0191 0.2352 1.0000 1.0000 0.0003 0.0038 0.0478 0.5995 1.0000 0.0001 0.0008 0.0106 0.1350 1.0000 1.0000 0.0002 0.0025 0.0324 0.4185 1.0000 1.0000 0.0006 0.0081 0.1038 1.0000 1.0000 1.0000 1.0000 1.0000 0.1038 0.0081 0.0006 1.0000 1.0000 0.4185 0.0324 0.0025 0.0002 1.0000 1.0000 0.1350 0.0106 0.0008 0.0001 1.0000 0.5995 0.0478 0.0038 0.0003 1.0000 1.0000 0.2352 0.0191 0.0016 0.0001 1.0000 1.0000 0.1023 0.0084 0.0007 0.0001 1.0000 0.5663 0.0467 0.0039 0.0003 1.0000 1.0000 0.2597 0.0214 0.0018 0.0001 1.0000 1.0000 0.1191 0.0098 0.0008
0.0100 0.1277 1.0000 1.0000 0.0002 0.0019 0.0230 0.2786 1.0000 1.0000 0.0003 0.0041 0.0501 0.6076 1.0000 0.0001 0.0007 0.0090 0.1093 1.0000 1.0000 0.0001 0.0016 0.0201 0.2457 1.0000 1.0000 0.0003 0.0039 0.0484 0.6041 1.0000 0.0001 0.0008 0.0104 0.1314 1.0000 1.0000 0.0002 0.0024 0.0309 0.3968 1.0000 1.0000 0.0006 0.0076 0.0981 1.0000 1.0000 0.0001 0.0006 0.0001 1.0000 1.0000 0.0981 0.0076 0.0006 1.0000 1.0000 0.3968 0.0309 0.0024 0.0002 1.0000 1.0000 0.1314 0.0104 0.0008 0.0001 1.0000 0.6041 0.0484 0.0039 0.0003 1.0000 1.0000 0.2457 0.0201 0.0016 0.0001 1.0000 1.0000 0.1093 0.0090 0.0007 0.0001 1.0000 0.6076 0.0501 0.0041 0.0003 1.0000 1.0000 0.2786 0.0230 0.0019 0.0002 1.0000 1.0000 0.1277 0.0100
0.1297 1.0000 1.0000 0.0002 0.0020 0.0247 0.2989 1.0000 1.0000 0.0004 0.0044 0.0538 0.6519 1.0000 0.0001 0.0008 0.0097 0.1173 1.0000 1.0000 0.0001 0.0017 0.0213 0.2592 1.0000 1.0000 0.0003 0.0040 0.0498 0.6169 1.0000 0.0001 0.0008 0.0103 0.1297 1.0000 1.0000 0.0002 0.0023 0.0296 0.3791 1.0000 1.0000 0.0006 0.0072 0.0925 1.0000 1.0000 0.0001 0.0015 0.0072 0.0015 0.0001 1.0000 1.0000 0.0925 0.0072 0.0006 1.0000 1.0000 0.3791 0.0296 0.0023 0.0002 1.0000 1.0000 0.1297 0.0103 0.0008 0.0001 1.0000 0.6169 0.0498 0.0040 0.0003 1.0000 1.0000 0.2592 0.0213 0.0017 0.0001 1.0000 1.0000 0.1173 0.0097 0.0008 0.0001 1.0000 0.6519 0.0538 0.0044 0.0004 1.0000 1.0000 0.2989 0.0247 0.0020 0.0002 1.0000 1.0000 0.1297
1.0000 1.0000 0.0002 0.0022 0.0265 0.3207 1.0000 1.0000 0.0004 0.0048 0.0577 0.6994 1.0000 0.0001 0.0009 0.0104 0.1258 1.0000 1.0000 0.0002 0.0019 0.0227 0.2754 1.0000 1.0000 0.0003 0.0042 0.0518 0.6372 1.0000 0.0001 0.0008 0.0104 0.1297 1.0000 1.0000 0.0002 0.0023 0.0287 0.3664 1.0000 1.0000 0.0005 0.0068 0.0875 1.0000 1.0000 0.0001 0.0016 0.0182 0.0873 0.0182 0.0016 0.0001 1.0000 1.0000 0.0875 0.0068 0.0005 1.0000 1.0000 0.3664 0.0287 0.0023 0.0002 1.0000 1.0000 0.1297 0.0104 0.0008 0.0001 1.0000 0.6372 0.0518 0.0042 0.0003 1.0000 1.0000 0.2754 0.0227 0.0019 0.0002 1.0000 1.0000 0.1258 0.0104 0.0009 0.0001 1.0000 0.6994 0.0577 0.0048 0.0004 1.0000 1.0000 0.3207 0.0265 0.0022 0.0002 1.0000 1.0000
1.0000 0.0002 0.0023 0.0284 0.3441 1.0000 1.0000 0.0004 0.0051 0.0619 0.7504 1.0000 0.0001 0.0009 0.0111 0.1350 1.0000 1.0000 0.0002 0.0020 0.0242 0.2944 1.0000 1.0000 0.0004 0.0044 0.0543 0.6657 1.0000 0.0001 0.0009 0.0106 0.1314 1.0000 1.0000 0.0002 0.0022 0.0281 0.3567 1.0000 1.0000 0.0005 0.0065 0.0834 1.0000 1.0000 0.0001 0.0016 0.0197 0.2217 1.0000 0.2217 0.0197 0.0016 0.0001 1.0000 1.0000 0.0834 0.0065 0.0005 1.0000 1.0000 0.3567 0.0281 0.0022 0.0002 1.0000 1.0000 0.1314 0.0106 0.0009 0.0001 1.0000 0.6657 0.0543 0.0044 0.0004 1.0000 1.0000 0.2944 0.0242 0.0020 0.0002 1.0000 1.0000 0.1350 0.0111 0.0009 0.0001 1.0000 0.7504 0.0619 0.0051 0.0004 1.0000 1.0000 0.3441 0.0284 0.0023 0.0002 1.0000
0.0002 0.0025 0.0304 0.3692 1.0000 1.0000 0.0005 0.0055 0.0664 0.8051 1.0000 0.0001 0.0010 0.0119 0.1448 1.0000 1.0000 0.0002 0.0021 0.0260 0.3152 1.0000 1.0000 0.0004 0.0047 0.0574 0.7007 1.0000 0.0001 0.0009 0.0109 0.1350 1.0000 1.0000 0.0002 0.0022 0.0280 0.3520 1.0000 1.0000 0.0005 0.0063 0.0803 1.0000 1.0000 0.0001 0.0015 0.0191 0.2402 1.0000 1.0000 1.0000 0.2402 0.0191 0.0015 0.0001 1.0000 1.0000 0.0803 0.0063 0.0005 1.0000 1.0000 0.3520 0.0280 0.0022 0.0002 1.0000 1.0000 0.1350 0.0109 0.0009 0.0001 1.0000 0.7007 0.0574 0.0047 0.0004 1.0000 1.0000 0.3152 0.0260 0.0021 0.0002 1.0000 1.0000 0.1448 0.0119 0.0010 0.0001 1.0000 0.8051 0.0664 0.0055 0.0005 1.0000 1.0000 0.3692 0.0304 0.0025 0.0002
0.0025 0.0327 0.3961 1.0000 1.0000 0.0005 0.0059 0.0712 0.8638 1.0000 0.0001 0.0011 0.0128 0.1554 1.0000 1.0000 0.0002 0.0023 0.0279 0.3376 1.0000 1.0000 0.0004 0.0050 0.0611 0.7433 1.0000 0.0001 0.0009 0.0114 0.1402 1.0000 1.0000 0.0002 0.0023 0.0281 0.3520 1.0000 1.0000 0.0005 0.0061 0.0778 0.9924 1.0000 0.0001 0.0014 0.0184 0.2343 1.0000 1.0000 0.0001 1.0000 1.0000 0.2343 0.0184 0.0014 0.0001 1.0000 0.9924 0.0778 0.0061 0.0005 1.0000 1.0000 0.3520 0.0281 0.0023 0.0002 1.0000 1.0000 0.1402 0.0114 0.0009 0.0001 1.0000 0.7433 0.0611 0.0050 0.0004 1.0000 1.0000 0.3376 0.0279 0.0023 0.0002 1.0000 1.0000 0.1554 0.0128 0.0011 0.0001 1.0000 0.8638 0.0712 0.0059 0.0005 1.0000 1.0000 0.3961 0.0327 0.0025
0.0332 0.4249 1.0000 1.0000 0.0005 0.0063 0.0764 0.9267 1.0000 0.0001 0.0011 0.0138 0.1667 1.0000 1.0000 0.0002 0.0025 0.0299 0.3622 1.0000 1.0000 0.0004 0.0054 0.0653 0.7929 1.0000 0.0001 0.0010 0.0120 0.1470 1.0000 1.0000 0.0002 0.0023 0.0287 0.3567 1.0000 1.0000 0.0005 0.0060 0.0763 0.9682 1.0000 0.0001 0.0014 0.0176 0.2256 1.0000 1.0000 0.0003 0.0013 0.0003 1.0000 1.0000 0.2256 0.0176 0.0014 0.0001 1.0000 0.9682 0.0763 0.0060 0.0005 1.0000 1.0000 0.3567 0.0287 0.0023 0.0002 1.0000 1.0000 0.1470 0.0120 0.0010 0.0001 1.0000 0.7929 0.0653 0.0054 0.0004 1.0000 1.0000 0.3622 0.0299 0.0025 0.0002 1.0000 1.0000 0.1667 0.0138 0.0011 0.0001 1.0000 0.9267 0.0764 0.0063 0.0005 1.0000 1.0000 0.4249 0.0332
0.4315 1.0000 1.0000 0.0006 0.0068 0.0820 0.9943 1.0000 0.0001 0.0012 0.0148 0.1785 1.0000 1.0000 0.0002 0.0026 0.0321 0.3886 1.0000 1.0000 0.0005 0.0058 0.0698 0.8475 1.0000 0.0001 0.0010 0.0127 0.1551 1.0000 1.0000 0.0002 0.0024 0.0296 0.3664 1.0000 1.0000 0.0005 0.0060 0.0759 0.9554 1.0000 0.0001 0.0013 0.0170 0.2172 1.0000 1.0000 0.0003 0.0034 0.0163 0.0034 0.0003 1.0000 1.0000 0.2172 0.0170 0.0013 0.0001 1.0000 0.9554 0.0759 0.0060 0.0005 1.0000 1.0000 0.3664 0.0296 0.0024 0.0002 1.0000 1.0000 0.1551 0.0127 0.0010 0.0001 1.0000 0.8475 0.0698 0.0058 0.0005 1.0000 1.0000 0.3886 0.0321 0.0026 0.0002 1.0000 1.0000 0.1785 0.0148 0.0012 0.0001 1.0000 0.9943 0.0820 0.0068 0.0006 1.0000 1.0000 0.4315
1.0000 1.0000 0.0006 0.0073 0.0880 1.0000 1.0000 0.0001 0.0013 0.0158 0.1915 1.0000 1.0000 0.0002 0.0028 0.0344 0.4169 1.0000 1.0000 0.0005 0.0062 0.0749 0.9076 1.0000 0.0001 0.0011 0.0135 0.1648 1.0000 1.0000 0.0002 0.0025 0.0309 0.3791 1.0000 1.0000 0.0005 0.0061 0.0763 0.9554 1.0000 0.0001 0.0013 0.0166 0.2110 1.0000 1.0000 0.0003 0.0037 0.0417 0.1993 0.0417 0.0037 0.0003 1.0000 1.0000 0.2110 0.0166 0.0013 0.0001 1.0000 0.9554 0.0763 0.0061 0.0005 1.0000 1.0000 0.3791 0.0309 0.0025 0.0002 1.0000 1.0000 0.1648 0.0135 0.0011 0.0001 1.0000 0.9076 0.0749 0.0062 0.0005 1.0000 1.0000 0.4169 0.0344 0.0028 0.0002 1.0000 1.0000 0.1915 0.0158 0.0013 0.0001 1.0000 1.0000 0.0880 0.0073 0.0006 1.0000 1.0000
0.0001 0.0006 0.0078 0.0944 1.0000 1.0000 0.0001 0.0014 0.0170 0.2055 1.0000 1.0000 0.0003 0.0030 0.0369 0.4473 1.0000 1.0000 0.0005 0.0066 0.0802 0.9719 1.0000 0.0001 0.0012 0.0145 0.1758 1.0000 1.0000 0.0002 0.0026 0.0324 0.3968 1.0000 1.0000 0.0005 0.0063 0.0778 0.9682 1.0000 0.0001 0.0013 0.0164 0.2071 1.0000 1.0000 0.0003 0.0037 0.0459 0.5130 1.0000 0.5130 0.0459 0.0037 0.0003 1.0000 1.0000 0.2071 0.0164 0.0013 0.0001 1.0000 0.9682 0.0778 0.0063 0.0005 1.0000 1.0000 0.3968 0.0324 0.0026 0.0002 1.0000 1.0000 0.1758 0.0145 0.0012 0.0001 1.0000 0.9719 0.0802 0.0066 0.0005 1.0000 1.0000 0.4473 0.0369 0.0030 0.0003 1.0000 1.0000 0.2055 0.0170 0.0014 0.0001 1.0000 1.0000 0.0944 0.0078 0.0006 0.0001
0.0007 0.0084 0.1013 1.0000 1.0000 0.0001 0.0015 0.0182 0.2205 1.0000 1.0000 0.0003 0.0033 0.0396 0.4790 1.0000 1.0000 0.0006 0.0071 0.0860 1.0000 1.0000 0.0001 0.0013 0.0155 0.1879 1.0000 1.0000 0.0002 0.0028 0.0343 0.4185 1.0000 1.0000 0.0005 0.0065 0.0803 0.9924 1.0000 0.0001 0.0013 0.0164 0.2059 1.0000 1.0000 0.0003 0.0036 0.0457 0.5674 1.0000 1.0000 1.0000 0.5674 0.0457 0.0036 0.0003 1.0000 1.0000 0.2059 0.0164 0.0013 0.0001 1.0000 0.9924 0.0803 0.0065 0.0005 1.0000 1.0000 0.4185 0.0343 0.0028 0.0002 1.0000 1.0000 0.1879 0.0155 0.0013 0.0001 1.0000 1.0000 0.0860 0.0071 0.0006 1.0000 1.0000 0.4790 0.0396 0.0033 0.0003 1.0000 1.0000 0.2205 0.0182 0.0015 0.0001 1.0000 1.0000 0.1013 0.0084 0.0007
0.0085 0.1087 1.0000 1.0000 0.0001 0.0016 0.0195 0.2366 1.0000 1.0000 0.0003 0.0035 0.0424 0.5139 1.0000 0.0001 0.0006 0.0076 0.0923 1.0000 1.0000 0.0001 0.0014 0.0166 0.2009 1.0000 1.0000 0.0002 0.0030 0.0365 0.4439 1.0000 1.0000 0.0006 0.0068 0.0834 1.0000 1.0000 0.0001 0.0013 0.0166 0.2071 1.0000 1.0000 0.0003 0.0036 0.0450 0.5674 1.0000 0.0001 0.0003 0.0001 1.0000 0.5674 0.0450 0.0036 0.0003 1.0000 1.0000 0.2071 0.0166 0.0013 0.0001 1.0000 1.0000 0.0834 0.0068 0.0006 1.0000 1.0000 0.4439 0.0365 0.0030 0.0002 1.0000 1.0000 0.2009 0.0166 0.0014 0.0001 1.0000 1.0000 0.0923 0.0076 0.0006 0.0001 1.0000 0.5139 0.0424 0.0035 0.0003 1.0000 1.0000 0.2366 0.0195 0.0016 0.0001 1.0000 1.0000 0.1087 0.0085
0.1101 1.0000 1.0000 0.0001 0.0017 0.0209 0.2533 1.0000 1.0000 0.0003 0.0038 0.0455 0.5514 1.0000 0.0001 0.0007 0.0082 0.0990 1.0000 1.0000 0.0001 0.0015 0.0177 0.2151 1.0000 1.0000 0.0003 0.0032 0.0390 0.4727 1.0000 1.0000 0.0006 0.0072 0.0875 1.0000 1.0000 0.0001 0.0014 0.0170 0.2110 1.0000 1.0000 0.0003 0.0035 0.0445 0.5609 1.0000 0.0001 0.0007 0.0032 0.0007 0.0001 1.0000 0.5609 0.0445 0.0035 0.0003 1.0000 1.0000 0.2110 0.0170 0.0014 0.0001 1.0000 1.0000 0.0875 0.0072 0.0006 1.0000 1.0000 0.4727 0.0390 0.0032 0.0003 1.0000 1.0000 0.2151 0.0177 0.0015 0.0001 1.0000 1.0000 0.0990 0.0082 0.0007 0.0001 1.0000 0.5514 0.0455 0.0038 0.0003 1.0000 1.0000 0.2533 0.0209 0.0017 0.0001 1.0000 1.0000 0.1101
1.0000 1.0000 0.0002 0.0019 0.0224 0.2718 1.0000 1.0000 0.0003 0.0040 0.0488 0.5905 1.0000 0.0001 0.0007 0.0087 0.1060 1.0000 1.0000 0.0001 0.0016 0.0190 0.2308 1.0000 1.0000 0.0003 0.0034 0.0416 0.5052 1.0000 1.0000 0.0006 0.0076 0.0925 1.0000 1.0000 0.0001 0.0014 0.0176 0.2172 1.0000 1.0000 0.0003 0.0036 0.0445 0.5577 1.0000 0.0001 0.0007 0.0083 0.0393 0.0083 0.0007 0.0001 1.0000 0.5577 0.0445 0.0036 0.0003 1.0000 1.0000 0.2172 0.0176 0.0014 0.0001 1.0000 1.0000 0.0925 0.0076 0.0006 1.0000 1.0000 0.5052 0.0416 0.0034 0.0003 1.0000 1.0000 0.2308 0.0190 0.0016 0.0001 1.0000 1.0000 0.1060 0.0087 0.0007 0.0001 1.0000 0.5905 0.0488 0.0040 0.0003 1.0000 1.0000 0.2718 0.0224 0.0019 0.0002 1.0000 1.0000
1.0000 0.0002 0.0020 0.0240 0.2910 1.0000 1.0000 0.0004 0.0043 0.0523 0.6335 1.0000 0.0001 0.0008 0.0094 0.1135 1.0000 1.0000 0.0001 0.0017 0.0204 0.2471 1.0000 1.0000 0.0003 0.0037 0.0445 0.5390 1.0000 0.0001 0.0007 0.0081 0.0981 1.0000 1.0000 0.0001 0.0015 0.0184 0.2256 1.0000 1.0000 0.0003 0.0036 0.0450 0.5609 1.0000 0.0001 0.0008 0.0093 0.1026 0.4882 0.1026 0.0093 0.0008 0.0001 1.0000 0.5609 0.0450 0.0036 0.0003 1.0000 1.0000 0.2256 0.0184 0.0015 0.0001 1.0000 1.0000 0.0981 0.0081 0.0007 0.0001 1.0000 0.5390 0.0445 0.0037 0.0003 1.0000 1.0000 0.2471 0.0204 0.0017 0.0001 1.0000 1.0000 0.1135 0.0094 0.0008 0.0001 1.0000 0.6335 0.0523 0.0043 0.0004 1.0000 1.0000 0.2910 0.0240 0.0020 0.0002 1.0000
0.0002 0.0021 0.0256 0.3099 1.0000 1.0000 0.0004 0.0046 0.0556 0.6746 1.0000 0.0001 0.0008 0.0100 0.1211 1.0000 1.0000 0.0001 0.0018 0.0217 0.2631 1.0000 1.0000 0.0003 0.0039 0.0473 0.5739 1.0000 0.0001 0.0007 0.0085 0.1038 1.0000 1.0000 0.0001 0.0016 0.0191 0.2343 1.0000 1.0000 0.0003 0.0037 0.0457 0.5674 1.0000 0.0001 0.0008 0.0094 0.1155 1.0000 1.0000 1.0000 0.1155 0.0094 0.0008 0.0001 1.0000 0.5674 0.0457 0.0037 0.0003 1.0000 1.0000 0.2343 0.0191 0.0016 0.0001 1.0000 1.0000 0.1038 0.0085 0.0007 0.0001 1.0000 0.5739 0.0473 0.0039 0.0003 1.0000 1.0000 0.2631 0.0217 0.0018 0.0001 1.0000 1.0000 0.1211 0.0100 0.0008 0.0001 1.0000 0.6746 0.0556 0.0046 0.0004 1.0000 1.0000 0.3099 0.0256 0.0021 0.0002
0.0021 0.0267 0.3231 1.0000 1.0000 0.0004 0.0048 0.0580 0.7021 1.0000 0.0001 0.0009 0.0104 0.1261 1.0000 1.0000 0.0002 0.0019 0.0226 0.2744 1.0000 1.0000 0.0003 0.0041 0.0493 0.5973 1.0000 0.0001 0.0007 0.0089 0.1076 1.0000 1.0000 0.0001 0.0016 0.0197 0.2402 1.0000 1.0000 0.0003 0.0037 0.0459 0.5674 1.0000 0.0001 0.0007 0.0093 0.1155 1.0000 1.0000 1.0000 1.0000 1.0000 0.1155 0.0093 0.0007 0.0001 1.0000 0.5674 0.0459 0.0037 0.0003 1.0000 1.0000 0.2402 0.0197 0.0016 0.0001 1.0000 1.0000 0.1076 0.0089 0.0007 0.0001 1.0000 0.5973 0.0493 0.0041 0.0003 1.0000 1.0000 0.2744 0.0226 0.0019 0.0002 1.0000 1.0000 0.1261 0.0104 0.0009 0.0001 1.0000 0.7021 0.0580 0.0048 0.0004 1.0000 1.0000 0.3231 0.0267 0.0021
0.0234 0.3006 1.0000 1.0000 0.0004 0.0045 0.0542 0.6556 1.0000 0.0001 0.0008 0.0097 0.1177 1.0000 1.0000 0.0001 0.0017 0.0211 0.2562 1.0000 1.0000 0.0003 0.0038 0.0460 0.5577 1.0000 0.0001 0.0007 0.0083 0.1003 1.0000 1.0000 0.0001 0.0015 0.0182 0.2217 1.0000 1.0000 0.0003 0.0034 0.0417 0.5130 1.0000 0.0001 0.0007 0.0083 0.1026 1.0000 1.0000 0.0001 0.0006 0.0001 1.0000 1.0000 0.1026 0.0083 0.0007 0.0001 1.0000 0.5130 0.0417 0.0034 0.0003 1.0000 1.0000 0.2217 0.0182 0.0015 0.0001 1.0000 1.0000 0.1003 0.0083 0.0007 0.0001 1.0000 0.5577 0.0460 0.0038 0.0003 1.0000 1.0000 0.2562 0.0211 0.0017 0.0001 1.0000 1.0000 0.1177 0.0097 0.0008 0.0001 1.0000 0.6556 0.0542 0.0045 0.0004 1.0000 1.0000 0.3006 0.0234
0.1151 1.0000 1.0000 0.0001 0.0018 0.0215 0.2602 1.0000 1.0000 0.0003 0.0039 0.0467 0.5652 1.0000 0.0001 0.0007 0.0084 0.1015 1.0000 1.0000 0.0001 0.0015 0.0182 0.2209 1.0000 1.0000 0.0003 0.0033 0.0397 0.4818 1.0000 1.0000 0.0006 0.0072 0.0873 1.0000 1.0000 0.0001 0.0013 0.0163 0.1993 1.0000 1.0000 0.0003 0.0032 0.0393 0.4882 1.0000 1.0000 0.0006 0.0026 0.0006 1.0000 1.0000 0.4882 0.0393 0.0032 0.0003 1.0000 1.0000 0.1993 0.0163 0.0013 0.0001 1.0000 1.0000 0.0873 0.0072 0.0006 1.0000 1.0000 0.4818 0.0397 0.0033 0.0003 1.0000 1.0000 0.2209 0.0182 0.0015 0.0001 1.0000 1.0000 0.1015 0.0084 0.0007 0.0001 1.0000 0.5652 0.0467 0.0039 0.0003 1.0000 1.0000 0.2602 0.0215 0.0018 0.0001 1.0000 1.0000 0.1151
0.0234 0.3006 1.0000 1.0000 0.0004 0.0045 0.0542 0.6556 1.0000 0.0001 0.0008 0.0097 0.1177 1.0000 1.0000 0.0001 0.0017 0.0211 0.2562 1.0000 1.0000 0.0003 0.0038 0.0460 0.5577 1.0000 0.0001 0.0007 0.0083 0.1003 1.0000 1.0000 0.0001 0.0015 0.0182 0.2217 1.0000 1.0000 0.0003 0.0034 0.0417 0.5130 1.0000 0.0001 0.0007 0.0083 0.1026 1.0000 1.0000 0.0001 0.0006 0.0001 1.0000 1.0000 0.1026 0.0083 0.0007 0.0001 1.0000 0.5130 0.0417 0.0034 0.0003 1.0000 1.0000 0.2217 0.0182 0.0015 0.0001 1.0000 1.0000 0.1003 0.0083 0.0007 0.0001 1.0000 0.5577 0.0460 0.0038 0.0003 1.0000 1.0000 0.2562 0.0211 0.0017 0.0001 1.0000 1.0000 0.1177 0.0097 0.0008 0.0001 1.0000 0.6556 0.0542 0.0045 0.0004 1.0000 1.0000 0.3006 0.0234
0.0021 0.0267 0.3231 1.0000 1.0000 0.0004 0.0048 0.0580 0.7021 1.0000 0.0001 0.0009 0.0104 0.1261 1.0000 1.0000 0.0002 0.0019 0.0226 0.2744 1.0000 1.0000 0.0003 0.0041 0.0493 0.5973 1.0000 0.0001 0.0007 0.0089 0.1076 1.0000 1.0000 0.0001 0.0016 0.0197 0.2402 1.0000 1.0000 0.0003 0.0037 0.0459 0.5674 1.0000 0.0001 0.0007 0.0093 0.1155 1.0000 1.0000 1.0000 1.0000 1.0000 0.1155 0.0093 0.0007 0.0001 1.0000 0.5674 0.0459 0.0037 0.0003 1.0000 1.0000 0.2402 0.0197 0.0016 0.0001 1.0000 1.0000 0.1076 0.0089 0.0007 0.0001 1.0000 0.5973 0.0493 0.0041 0.0003 1.0000 1.0000 0.2744 0.0226 0.0019 0.0002 1.0000 1.0000 0.1261 0.0104 0.0009 0.0001 1.0000 0.7021 0.0580 0.0048 0.0004 1.0000 1.0000 0.3231 0.0267 0.0021
0.0002 0.0021 0.0256 0.3099 1.0000 1.0000 0.0004 0.0046 0.0556 0.6746 1.0000 0.0001 0.0008 0.0100 0.1211 1.0000 1.0000 0.0001 0.0018 0.0217 0.2631 1.0000 1.0000 0.0003 0.0039 0.0473 0.5739 1.0000 0.0001 0.0007 0.0085 0.1038 1.0000 1.0000 0.0001 0.0016 0.0191 0.2343 1.0000 1.0000 0.0003 0.0037 0.0457 0.5674 1.0000 0.0001 0.0008 0.0094 0.1155 1.0000 1.0000 1.0000 0.1155 0.0094 0.0008 0.0001 1.0000 0.5674 0.0457 0.0037 0.0003 1.0000 1.0000 0.2343 0.0191 0.0016 0.0001 1.0000 1.0000 0.1038 0.0085 0.0007 0.0001 1.0000 0.5739 0.0473 0.0039 0.0003 1.0000 1.0000 0.2631 0.0217 0.0018 0.0001 1.0000 1.0000 0.1211 0.0100 0.0008 0.0001 1.0000 0.6746 0.0556 0.0046 0.0004 1.0000 1.0000 0.3099 0.0256 0.0021 0.0002
1.0000 0.0002 0.0020 0.0240 0.2910 1.0000 1.0000 0.0004 0.0043 0.0523 0.6335 1.0000 0.0001 0.0008 0.0094 0.1135 1.0000 1.0000 0.0001 0.0017 0.0204 0.2471 1.0000 1.0000 0.0003 0.0037 0.0445 0.5390 1.0000 0.0001 0.0007 0.0081 0.0981 1.0000 1.0000 0.0001 0.0015 0.0184 0.2256 1.0000 1.0000 0.0003 0.0036 0.0450 0.5609 1.0000 0.0001 0.0008 0.0093 0.1026 0.4882 0.1026 0.0093 0.0008 0.0001 1.0000 0.5609 0.0450 0.0036 0.0003 1.0000 1.0000 0.2256 0.0184 0.0015 0.0001 1.0000 1.0000 0.0981 0.0081 0.0007 0.0001 1.0000 0.5390 0.0445 0.0037 0.0003 1.0000 1.0000 0.2471 0.0204 0.0017 0.0001 1.0000 1.0000 0.1135 0.0094 0.0008 0.0001 1.0000 0.6335 0.0523 0.0043 0.0004 1.0000 1.0000 0.2910 0.0240 0.0020 0.0002 1.0000
1.0000 1.0000 0.0002 0.0019 0.0224 0.2718 1.0000 1.0000 0.0003 0.0040 0.0488 0.5905 1.0000 0.0001 0.0007 0.0087 0.1060 1.0000 1.0000 0.0001 0.0016 0.0190 0.2308 1.0000 1.0000 0.0003 0.0034 0.0416 0.5052 1.0000 1.0000 0.0006 0.0076 0.0925 1.0000 1.0000 0.0001 0.0014 0.0176 0.2172 1.0000 1.0000 0.0003 0.0036 0.0445 0.5577 1.0000 0.0001 0.0007 0.0083 0.0393 0.0083 0.0007 0.0001 1.0000 0.5577 0.0445 0.0036 0.0003 1.0000 1.0000 0.2172 0.0176 0.0014 0.0001 1.0000 1.0000 0.0925 0.0076 0.0006 1.0000 1.0000 0.5052 0.0416 0.0034 0.0003 1.0000 1.0000 0.2308 0.0190 0.0016 0.0001 1.0000 1.0000 0.1060 0.0087 0.0007 0.0001 1.0000 0.5905 0.0488 0.0040 0.0003 1.0000 1.0000 0.2718 0.0224 0.0019 0.0002 1.0000 1.0000
