0.1304 1.0000 1.0000 0.0002 0.0028 0.0359 0.4673 1.0000 0.0001 0.0007 0.0092 0.1195 1.0000 1.0000 0.0002 0.0023 0.0306 0.3976 1.0000 1.0000 0.0006 0.0078 0.1017 1.0000 1.0000 0.0002 0.0020 0.0260 0.3382 1.0000 1.0000 0.0005 0.0067 0.0867 1.0000 1.0000 0.0001 0.0017 0.0222 0.2883 1.0000 1.0000 0.0004 0.0057 0.0736 0.9572 1.0000 0.0001 0.0014 0.0156 0.0769 0.0156 0.0014 0.0001 1.0000 0.9572 0.0736 0.0057 0.0004 1.0000 1.0000 0.2883 0.0222 0.0017 0.0001 1.0000 1.0000 0.0867 0.0067 0.0005 1.0000 1.0000 0.3382 0.0260 0.0020 0.0002 1.0000 1.0000 0.1017 0.0078 0.0006 1.0000 1.0000 0.3976 0.0306 0.0023 0.0002 1.0000 1.0000 0.1195 0.0092 0.0007 0.0001 1.0000 0.4673 0.0359 0.0028 0.0002 1.0000 1.0000 0.1304
1.0000 1.0000 0.0002 0.0027 0.0356 0.4620 1.0000 0.0001 0.0007 0.0090 0.1177 1.0000 1.0000 0.0002 0.0023 0.0301 0.3916 1.0000 1.0000 0.0006 0.0077 0.1001 1.0000 1.0000 0.0002 0.0020 0.0257 0.3338 1.0000 1.0000 0.0005 0.0066 0.0854 1.0000 1.0000 0.0001 0.0017 0.0218 0.2839 1.0000 1.0000 0.0004 0.0056 0.0726 0.9427 1.0000 0.0001 0.0014 0.0178 0.2009 0.9719 0.2009 0.0178 0.0014 0.0001 1.0000 0.9427 0.0726 0.0056 0.0004 1.0000 1.0000 0.2839 0.0218 0.0017 0.0001 1.0000 1.0000 0.0854 0.0066 0.0005 1.0000 1.0000 0.3338 0.0257 0.0020 0.0002 1.0000 1.0000 0.1001 0.0077 0.0006 1.0000 1.0000 0.3916 0.0301 0.0023 0.0002 1.0000 1.0000 0.1177 0.0090 0.0007 0.0001 1.0000 0.4620 0.0356 0.0027 0.0002 1.0000 1.0000
1.0000 0.0002 0.0027 0.0341 0.4381 1.0000 1.0000 0.0007 0.0085 0.1097 1.0000 1.0000 0.0002 0.0022 0.0281 0.3650 1.0000 1.0000 0.0006 0.0072 0.0933 1.0000 1.0000 0.0001 0.0018 0.0239 0.3105 1.0000 1.0000 0.0005 0.0061 0.0796 1.0000 1.0000 0.0001 0.0016 0.0203 0.2646 1.0000 1.0000 0.0004 0.0052 0.0677 0.8804 1.0000 0.0001 0.0013 0.0171 0.2155 1.0000 1.0000 1.0000 0.2155 0.0171 0.0013 0.0001 1.0000 0.8804 0.0677 0.0052 0.0004 1.0000 1.0000 0.2646 0.0203 0.0016 0.0001 1.0000 1.0000 0.0796 0.0061 0.0005 1.0000 1.0000 0.3105 0.0239 0.0018 0.0001 1.0000 1.0000 0.0933 0.0072 0.0006 1.0000 1.0000 0.3650 0.0281 0.0022 0.0002 1.0000 1.0000 0.1097 0.0085 0.0007 1.0000 1.0000 0.4381 0.0341 0.0027 0.0002 1.0000
0.0002 0.0027 0.0341 0.4290 1.0000 1.0000 0.0006 0.0080 0.1030 1.0000 1.0000 0.0002 0.0020 0.0262 0.3402 1.0000 1.0000 0.0005 0.0067 0.0870 1.0000 1.0000 0.0001 0.0017 0.0222 0.2894 1.0000 1.0000 0.0004 0.0057 0.0741 0.9645 1.0000 0.0001 0.0015 0.0190 0.2467 1.0000 1.0000 0.0004 0.0048 0.0631 0.8205 1.0000 0.0001 0.0012 0.0160 0.2071 1.0000 1.0000 0.0001 1.0000 1.0000 0.2071 0.0160 0.0012 0.0001 1.0000 0.8205 0.0631 0.0048 0.0004 1.0000 1.0000 0.2467 0.0190 0.0015 0.0001 1.0000 0.9645 0.0741 0.0057 0.0004 1.0000 1.0000 0.2894 0.0222 0.0017 0.0001 1.0000 1.0000 0.0870 0.0067 0.0005 1.0000 1.0000 0.3402 0.0262 0.0020 0.0002 1.0000 1.0000 0.1030 0.0080 0.0006 1.0000 1.0000 0.4290 0.0341 0.0027 0.0002
0.0028 0.0356 0.4381 1.0000 1.0000 0.0006 0.0076 0.0979 1.0000 1.0000 0.0001 0.0019 0.0244 0.3171 1.0000 1.0000 0.0005 0.0062 0.0811 1.0000 1.0000 0.0001 0.0016 0.0207 0.2697 1.0000 1.0000 0.0004 0.0053 0.0691 0.8990 1.0000 0.0001 0.0014 0.0177 0.2299 1.0000 1.0000 0.0003 0.0045 0.0588 0.7648 1.0000 0.0001 0.0012 0.0150 0.1945 1.0000 1.0000 0.0002 0.0012 0.0002 1.0000 1.0000 0.1945 0.0150 0.0012 0.0001 1.0000 0.7648 0.0588 0.0045 0.0003 1.0000 1.0000 0.2299 0.0177 0.0014 0.0001 1.0000 0.8990 0.0691 0.0053 0.0004 1.0000 1.0000 0.2697 0.0207 0.0016 0.0001 1.0000 1.0000 0.0811 0.0062 0.0005 1.0000 1.0000 0.3171 0.0244 0.0019 0.0001 1.0000 1.0000 0.0979 0.0076 0.0006 1.0000 1.0000 0.4381 0.0356 0.0028
0.0359 0.4620 1.0000 1.0000 0.0006 0.0075 0.0951 1.0000 1.0000 0.0001 0.0018 0.0229 0.2972 1.0000 1.0000 0.0004 0.0058 0.0756 0.9830 1.0000 0.0001 0.0015 0.0193 0.2514 1.0000 1.0000 0.0004 0.0050 0.0644 0.8379 1.0000 0.0001 0.0013 0.0165 0.2143 1.0000 1.0000 0.0003 0.0042 0.0548 0.7128 1.0000 0.0001 0.0011 0.0140 0.1816 1.0000 1.0000 0.0003 0.0030 0.0143 0.0030 0.0003 1.0000 1.0000 0.1816 0.0140 0.0011 0.0001 1.0000 0.7128 0.0548 0.0042 0.0003 1.0000 1.0000 0.2143 0.0165 0.0013 0.0001 1.0000 0.8379 0.0644 0.0050 0.0004 1.0000 1.0000 0.2514 0.0193 0.0015 0.0001 1.0000 0.9830 0.0756 0.0058 0.0004 1.0000 1.0000 0.2972 0.0229 0.0018 0.0001 1.0000 1.0000 0.0951 0.0075 0.0006 1.0000 1.0000 0.4620 0.0359
0.4673 1.0000 1.0000 0.0006 0.0076 0.0951 1.0000 1.0000 0.0001 0.0017 0.0217 0.2802 1.0000 1.0000 0.0004 0.0054 0.0706 0.9162 1.0000 0.0001 0.0014 0.0180 0.2343 1.0000 1.0000 0.0004 0.0046 0.0600 0.7810 1.0000 0.0001 0.0012 0.0154 0.1997 1.0000 1.0000 0.0003 0.0039 0.0511 0.6644 1.0000 0.0001 0.0010 0.0130 0.1693 1.0000 1.0000 0.0003 0.0032 0.0361 0.1738 0.0361 0.0032 0.0003 1.0000 1.0000 0.1693 0.0130 0.0010 0.0001 1.0000 0.6644 0.0511 0.0039 0.0003 1.0000 1.0000 0.1997 0.0154 0.0012 0.0001 1.0000 0.7810 0.0600 0.0046 0.0004 1.0000 1.0000 0.2343 0.0180 0.0014 0.0001 1.0000 0.9162 0.0706 0.0054 0.0004 1.0000 1.0000 0.2802 0.0217 0.0017 0.0001 1.0000 1.0000 0.0951 0.0076 0.0006 1.0000 1.0000 0.4673
1.0000 0.0001 0.0007 0.0080 0.0979 1.0000 1.0000 0.0001 0.0016 0.0210 0.2687 1.0000 1.0000 0.0004 0.0051 0.0660 0.8556 1.0000 0.0001 0.0013 0.0168 0.2184 1.0000 1.0000 0.0003 0.0043 0.0560 0.7279 1.0000 0.0001 0.0011 0.0143 0.1862 1.0000 1.0000 0.0003 0.0037 0.0476 0.6192 1.0000 0.0001 0.0009 0.0122 0.1578 1.0000 1.0000 0.0002 0.0031 0.0387 0.4381 1.0000 0.4381 0.0387 0.0031 0.0002 1.0000 1.0000 0.1578 0.0122 0.0009 0.0001 1.0000 0.6192 0.0476 0.0037 0.0003 1.0000 1.0000 0.1862 0.0143 0.0011 0.0001 1.0000 0.7279 0.0560 0.0043 0.0003 1.0000 1.0000 0.2184 0.0168 0.0013 0.0001 1.0000 0.8556 0.0660 0.0051 0.0004 1.0000 1.0000 0.2687 0.0210 0.0016 0.0001 1.0000 1.0000 0.0979 0.0080 0.0007 0.0001 1.0000
0.0001 0.0007 0.0085 0.1030 1.0000 1.0000 0.0001 0.0016 0.0207 0.2621 1.0000 1.0000 0.0004 0.0048 0.0622 0.8051 1.0000 0.0001 0.0012 0.0157 0.2036 1.0000 1.0000 0.0003 0.0040 0.0522 0.6784 1.0000 0.0001 0.0010 0.0133 0.1735 1.0000 1.0000 0.0003 0.0034 0.0444 0.5772 1.0000 0.0001 0.0009 0.0113 0.1473 1.0000 1.0000 0.0002 0.0029 0.0372 0.4691 1.0000 1.0000 1.0000 0.4691 0.0372 0.0029 0.0002 1.0000 1.0000 0.1473 0.0113 0.0009 0.0001 1.0000 0.5772 0.0444 0.0034 0.0003 1.0000 1.0000 0.1735 0.0133 0.0010 0.0001 1.0000 0.6784 0.0522 0.0040 0.0003 1.0000 1.0000 0.2036 0.0157 0.0012 0.0001 1.0000 0.8051 0.0622 0.0048 0.0004 1.0000 1.0000 0.2621 0.0207 0.0016 0.0001 1.0000 1.0000 0.1030 0.0085 0.0007 0.0001
0.0007 0.0090 0.1097 1.0000 1.0000 0.0001 0.0017 0.0210 0.2621 1.0000 1.0000 0.0004 0.0046 0.0594 0.7633 1.0000 0.0001 0.0011 0.0146 0.1901 1.0000 1.0000 0.0003 0.0037 0.0486 0.6323 1.0000 0.0001 0.0010 0.0124 0.1617 1.0000 1.0000 0.0002 0.0032 0.0414 0.5380 1.0000 0.0001 0.0008 0.0106 0.1373 1.0000 1.0000 0.0002 0.0027 0.0349 0.4507 1.0000 1.0000 0.0002 1.0000 1.0000 0.4507 0.0349 0.0027 0.0002 1.0000 1.0000 0.1373 0.0106 0.0008 0.0001 1.0000 0.5380 0.0414 0.0032 0.0002 1.0000 1.0000 0.1617 0.0124 0.0010 0.0001 1.0000 0.6323 0.0486 0.0037 0.0003 1.0000 1.0000 0.1901 0.0146 0.0011 0.0001 1.0000 0.7633 0.0594 0.0046 0.0004 1.0000 1.0000 0.2621 0.0210 0.0017 0.0001 1.0000 1.0000 0.1097 0.0090 0.0007
0.0092 0.1177 1.0000 1.0000 0.0001 0.0018 0.0217 0.2687 1.0000 1.0000 0.0004 0.0045 0.0577 0.7348 1.0000 0.0001 0.0011 0.0138 0.1785 1.0000 1.0000 0.0003 0.0035 0.0453 0.5894 1.0000 0.0001 0.0009 0.0116 0.1507 1.0000 1.0000 0.0002 0.0030 0.0385 0.5014 1.0000 0.0001 0.0008 0.0098 0.1280 1.0000 1.0000 0.0002 0.0025 0.0325 0.4225 1.0000 1.0000 0.0005 0.0026 0.0005 1.0000 1.0000 0.4225 0.0325 0.0025 0.0002 1.0000 1.0000 0.1280 0.0098 0.0008 0.0001 1.0000 0.5014 0.0385 0.0030 0.0002 1.0000 1.0000 0.1507 0.0116 0.0009 0.0001 1.0000 0.5894 0.0453 0.0035 0.0003 1.0000 1.0000 0.1785 0.0138 0.0011 0.0001 1.0000 0.7348 0.0577 0.0045 0.0004 1.0000 1.0000 0.2687 0.0217 0.0018 0.0001 1.0000 1.0000 0.1177 0.0092
0.1195 1.0000 1.0000 0.0002 0.0019 0.0229 0.2802 1.0000 1.0000 0.0004 0.0045 0.0571 0.7210 1.0000 0.0001 0.0010 0.0131 0.1689 1.0000 1.0000 0.0003 0.0033 0.0422 0.5493 1.0000 0.0001 0.0008 0.0108 0.1405 1.0000 1.0000 0.0002 0.0028 0.0359 0.4673 1.0000 0.0001 0.0007 0.0092 0.1193 1.0000 1.0000 0.0002 0.0023 0.0304 0.3946 1.0000 1.0000 0.0006 0.0065 0.0312 0.0065 0.0006 1.0000 1.0000 0.3946 0.0304 0.0023 0.0002 1.0000 1.0000 0.1193 0.0092 0.0007 0.0001 1.0000 0.4673 0.0359 0.0028 0.0002 1.0000 1.0000 0.1405 0.0108 0.0008 0.0001 1.0000 0.5493 0.0422 0.0033 0.0003 1.0000 1.0000 0.1689 0.0131 0.0010 0.0001 1.0000 0.7210 0.0571 0.0045 0.0004 1.0000 1.0000 0.2802 0.0229 0.0019 0.0002 1.0000 1.0000 0.1195
1.0000 1.0000 0.0002 0.0020 0.0244 0.2972 1.0000 1.0000 0.0004 0.0046 0.0577 0.7210 1.0000 0.0001 0.0010 0.0127 0.1620 1.0000 1.0000 0.0002 0.0031 0.0396 0.5130 1.0000 0.0001 0.0008 0.0101 0.1309 1.0000 1.0000 0.0002 0.0026 0.0335 0.4356 1.0000 1.0000 0.0007 0.0086 0.1112 1.0000 1.0000 0.0002 0.0022 0.0283 0.3685 1.0000 1.0000 0.0006 0.0069 0.0787 0.3777 0.0787 0.0069 0.0006 1.0000 1.0000 0.3685 0.0283 0.0022 0.0002 1.0000 1.0000 0.1112 0.0086 0.0007 1.0000 1.0000 0.4356 0.0335 0.0026 0.0002 1.0000 1.0000 0.1309 0.0101 0.0008 0.0001 1.0000 0.5130 0.0396 0.0031 0.0002 1.0000 1.0000 0.1620 0.0127 0.0010 0.0001 1.0000 0.7210 0.0577 0.0046 0.0004 1.0000 1.0000 0.2972 0.0244 0.0020 0.0002 1.0000 1.0000
1.0000 0.0002 0.0022 0.0262 0.3171 1.0000 1.0000 0.0004 0.0048 0.0594 0.7348 1.0000 0.0001 0.0010 0.0124 0.1578 1.0000 1.0000 0.0002 0.0029 0.0374 0.4827 1.0000 0.0001 0.0007 0.0094 0.1220 1.0000 1.0000 0.0002 0.0024 0.0312 0.4060 1.0000 1.0000 0.0006 0.0080 0.1036 1.0000 1.0000 0.0002 0.0020 0.0264 0.3434 1.0000 1.0000 0.0005 0.0067 0.0842 0.9536 1.0000 0.9536 0.0842 0.0067 0.0005 1.0000 1.0000 0.3434 0.0264 0.0020 0.0002 1.0000 1.0000 0.1036 0.0080 0.0006 1.0000 1.0000 0.4060 0.0312 0.0024 0.0002 1.0000 1.0000 0.1220 0.0094 0.0007 0.0001 1.0000 0.4827 0.0374 0.0029 0.0002 1.0000 1.0000 0.1578 0.0124 0.0010 0.0001 1.0000 0.7348 0.0594 0.0048 0.0004 1.0000 1.0000 0.3171 0.0262 0.0022 0.0002 1.0000
0.0002 0.0023 0.0281 0.3402 1.0000 1.0000 0.0004 0.0051 0.0622 0.7633 1.0000 0.0001 0.0010 0.0124 0.1563 1.0000 1.0000 0.0002 0.0028 0.0357 0.4594 1.0000 0.0001 0.0007 0.0088 0.1140 1.0000 1.0000 0.0002 0.0022 0.0291 0.3784 1.0000 1.0000 0.0006 0.0074 0.0968 1.0000 1.0000 0.0001 0.0019 0.0247 0.3201 1.0000 1.0000 0.0005 0.0063 0.0809 1.0000 1.0000 1.0000 1.0000 1.0000 0.0809 0.0063 0.0005 1.0000 1.0000 0.3201 0.0247 0.0019 0.0001 1.0000 1.0000 0.0968 0.0074 0.0006 1.0000 1.0000 0.3784 0.0291 0.0022 0.0002 1.0000 1.0000 0.1140 0.0088 0.0007 0.0001 1.0000 0.4594 0.0357 0.0028 0.0002 1.0000 1.0000 0.1563 0.0124 0.0010 0.0001 1.0000 0.7633 0.0622 0.0051 0.0004 1.0000 1.0000 0.3402 0.0281 0.0023 0.0002
0.0023 0.0301 0.3650 1.0000 1.0000 0.0004 0.0054 0.0660 0.8051 1.0000 0.0001 0.0010 0.0127 0.1578 1.0000 1.0000 0.0002 0.0027 0.0345 0.4414 1.0000 1.0000 0.0006 0.0083 0.1072 1.0000 1.0000 0.0002 0.0021 0.0271 0.3527 1.0000 1.0000 0.0005 0.0069 0.0902 1.0000 1.0000 0.0001 0.0018 0.0230 0.2983 1.0000 1.0000 0.0005 0.0058 0.0759 0.9793 1.0000 0.0001 0.0005 0.0001 1.0000 0.9793 0.0759 0.0058 0.0005 1.0000 1.0000 0.2983 0.0230 0.0018 0.0001 1.0000 1.0000 0.0902 0.0069 0.0005 1.0000 1.0000 0.3527 0.0271 0.0021 0.0002 1.0000 1.0000 0.1072 0.0083 0.0006 1.0000 1.0000 0.4414 0.0345 0.0027 0.0002 1.0000 1.0000 0.1578 0.0127 0.0010 0.0001 1.0000 0.8051 0.0660 0.0054 0.0004 1.0000 1.0000 0.3650 0.0301 0.0023
0.0306 0.3916 1.0000 1.0000 0.0005 0.0058 0.0706 0.8556 1.0000 0.0001 0.0011 0.0131 0.1620 1.0000 1.0000 0.0002 0.0027 0.0339 0.4298 1.0000 1.0000 0.0006 0.0079 0.1015 1.0000 1.0000 0.0002 0.0020 0.0253 0.3287 1.0000 1.0000 0.0005 0.0065 0.0841 1.0000 1.0000 0.0001 0.0016 0.0214 0.2786 1.0000 1.0000 0.0004 0.0055 0.0708 0.9197 1.0000 0.0001 0.0012 0.0056 0.0012 0.0001 1.0000 0.9197 0.0708 0.0055 0.0004 1.0000 1.0000 0.2786 0.0214 0.0016 0.0001 1.0000 1.0000 0.0841 0.0065 0.0005 1.0000 1.0000 0.3287 0.0253 0.0020 0.0002 1.0000 1.0000 0.1015 0.0079 0.0006 1.0000 1.0000 0.4298 0.0339 0.0027 0.0002 1.0000 1.0000 0.1620 0.0131 0.0011 0.0001 1.0000 0.8556 0.0706 0.0058 0.0005 1.0000 1.0000 0.3916 0.0306
0.3976 1.0000 1.0000 0.0005 0.0062 0.0756 0.9162 1.0000 0.0001 0.0011 0.0138 0.1689 1.0000 1.0000 0.0002 0.0027 0.0339 0.4266 1.0000 1.0000 0.0006 0.0076 0.0971 1.0000 1.0000 0.0001 0.0018 0.0237 0.3075 1.0000 1.0000 0.0005 0.0060 0.0784 1.0000 1.0000 0.0001 0.0015 0.0200 0.2597 1.0000 1.0000 0.0004 0.0051 0.0660 0.8589 1.0000 0.0001 0.0012 0.0141 0.0678 0.0141 0.0012 0.0001 1.0000 0.8589 0.0660 0.0051 0.0004 1.0000 1.0000 0.2597 0.0200 0.0015 0.0001 1.0000 1.0000 0.0784 0.0060 0.0005 1.0000 1.0000 0.3075 0.0237 0.0018 0.0001 1.0000 1.0000 0.0971 0.0076 0.0006 1.0000 1.0000 0.4266 0.0339 0.0027 0.0002 1.0000 1.0000 0.1689 0.0138 0.0011 0.0001 1.0000 0.9162 0.0756 0.0062 0.0005 1.0000 1.0000 0.3976
1.0000 1.0000 0.0006 0.0067 0.0811 0.9830 1.0000 0.0001 0.0012 0.0146 0.1785 1.0000 1.0000 0.0002 0.0028 0.0345 0.4298 1.0000 1.0000 0.0006 0.0074 0.0940 1.0000 1.0000 0.0001 0.0017 0.0224 0.2894 1.0000 1.0000 0.0004 0.0056 0.0730 0.9499 1.0000 0.0001 0.0014 0.0186 0.2420 1.0000 1.0000 0.0004 0.0047 0.0617 0.8005 1.0000 0.0001 0.0012 0.0151 0.1709 0.8221 0.1709 0.0151 0.0012 0.0001 1.0000 0.8005 0.0617 0.0047 0.0004 1.0000 1.0000 0.2420 0.0186 0.0014 0.0001 1.0000 0.9499 0.0730 0.0056 0.0004 1.0000 1.0000 0.2894 0.0224 0.0017 0.0001 1.0000 1.0000 0.0940 0.0074 0.0006 1.0000 1.0000 0.4298 0.0345 0.0028 0.0002 1.0000 1.0000 0.1785 0.0146 0.0012 0.0001 1.0000 0.9830 0.0811 0.0067 0.0006 1.0000 1.0000
1.0000 0.0006 0.0072 0.0870 1.0000 1.0000 0.0001 0.0013 0.0157 0.1901 1.0000 1.0000 0.0002 0.0029 0.0357 0.4414 1.0000 1.0000 0.0006 0.0074 0.0926 1.0000 1.0000 0.0001 0.0017 0.0214 0.2749 1.0000 1.0000 0.0004 0.0053 0.0682 0.8854 1.0000 0.0001 0.0013 0.0174 0.2256 1.0000 1.0000 0.0003 0.0044 0.0575 0.7461 1.0000 0.0001 0.0011 0.0145 0.1830 1.0000 1.0000 1.0000 0.1830 0.0145 0.0011 0.0001 1.0000 0.7461 0.0575 0.0044 0.0003 1.0000 1.0000 0.2256 0.0174 0.0013 0.0001 1.0000 0.8854 0.0682 0.0053 0.0004 1.0000 1.0000 0.2749 0.0214 0.0017 0.0001 1.0000 1.0000 0.0926 0.0074 0.0006 1.0000 1.0000 0.4414 0.0357 0.0029 0.0002 1.0000 1.0000 0.1901 0.0157 0.0013 0.0001 1.0000 1.0000 0.0870 0.0072 0.0006 1.0000
0.0006 0.0077 0.0933 1.0000 1.0000 0.0001 0.0014 0.0168 0.2036 1.0000 1.0000 0.0003 0.0031 0.0374 0.4594 1.0000 1.0000 0.0006 0.0074 0.0926 1.0000 1.0000 0.0001 0.0016 0.0206 0.2636 1.0000 1.0000 0.0004 0.0050 0.0642 0.8300 1.0000 0.0001 0.0012 0.0162 0.2106 1.0000 1.0000 0.0003 0.0041 0.0536 0.6967 1.0000 0.0001 0.0010 0.0136 0.1758 1.0000 1.0000 0.0001 1.0000 1.0000 0.1758 0.0136 0.0010 0.0001 1.0000 0.6967 0.0536 0.0041 0.0003 1.0000 1.0000 0.2106 0.0162 0.0012 0.0001 1.0000 0.8300 0.0642 0.0050 0.0004 1.0000 1.0000 0.2636 0.0206 0.0016 0.0001 1.0000 1.0000 0.0926 0.0074 0.0006 1.0000 1.0000 0.4594 0.0374 0.0031 0.0003 1.0000 1.0000 0.2036 0.0168 0.0014 0.0001 1.0000 1.0000 0.0933 0.0077 0.0006
0.0078 0.1001 1.0000 1.0000 0.0001 0.0015 0.0180 0.2184 1.0000 1.0000 0.0003 0.0033 0.0396 0.4827 1.0000 1.0000 0.0006 0.0076 0.0940 1.0000 1.0000 0.0001 0.0016 0.0202 0.2557 1.0000 1.0000 0.0004 0.0047 0.0607 0.7839 1.0000 0.0001 0.0012 0.0152 0.1967 1.0000 1.0000 0.0003 0.0038 0.0499 0.6494 1.0000 0.0001 0.0010 0.0127 0.1651 1.0000 1.0000 0.0002 0.0010 0.0002 1.0000 1.0000 0.1651 0.0127 0.0010 0.0001 1.0000 0.6494 0.0499 0.0038 0.0003 1.0000 1.0000 0.1967 0.0152 0.0012 0.0001 1.0000 0.7839 0.0607 0.0047 0.0004 1.0000 1.0000 0.2557 0.0202 0.0016 0.0001 1.0000 1.0000 0.0940 0.0076 0.0006 1.0000 1.0000 0.4827 0.0396 0.0033 0.0003 1.0000 1.0000 0.2184 0.0180 0.0015 0.0001 1.0000 1.0000 0.1001 0.0078
0.1017 1.0000 1.0000 0.0001 0.0016 0.0193 0.2343 1.0000 1.0000 0.0003 0.0035 0.0422 0.5130 1.0000 0.0001 0.0006 0.0079 0.0971 1.0000 1.0000 0.0001 0.0016 0.0200 0.2519 1.0000 1.0000 0.0004 0.0045 0.0579 0.7447 1.0000 0.0001 0.0011 0.0142 0.1840 1.0000 1.0000 0.0003 0.0036 0.0466 0.6053 1.0000 0.0001 0.0009 0.0119 0.1542 1.0000 1.0000 0.0002 0.0025 0.0122 0.0025 0.0002 1.0000 1.0000 0.1542 0.0119 0.0009 0.0001 1.0000 0.6053 0.0466 0.0036 0.0003 1.0000 1.0000 0.1840 0.0142 0.0011 0.0001 1.0000 0.7447 0.0579 0.0045 0.0004 1.0000 1.0000 0.2519 0.0200 0.0016 0.0001 1.0000 1.0000 0.0971 0.0079 0.0006 0.0001 1.0000 0.5130 0.0422 0.0035 0.0003 1.0000 1.0000 0.2343 0.0193 0.0016 0.0001 1.0000 1.0000 0.1017
1.0000 1.0000 0.0001 0.0017 0.0207 0.2514 1.0000 1.0000 0.0003 0.0037 0.0453 0.5493 1.0000 0.0001 0.0007 0.0083 0.1015 1.0000 1.0000 0.0001 0.0016 0.0202 0.2519 1.0000 1.0000 0.0003 0.0044 0.0560 0.7155 1.0000 0.0001 0.0010 0.0134 0.1732 1.0000 1.0000 0.0003 0.0034 0.0436 0.5663 1.0000 0.0001 0.0009 0.0111 0.1437 1.0000 1.0000 0.0002 0.0027 0.0307 0.1476 0.0307 0.0027 0.0002 1.0000 1.0000 0.1437 0.0111 0.0009 0.0001 1.0000 0.5663 0.0436 0.0034 0.0003 1.0000 1.0000 0.1732 0.0134 0.0010 0.0001 1.0000 0.7155 0.0560 0.0044 0.0003 1.0000 1.0000 0.2519 0.0202 0.0016 0.0001 1.0000 1.0000 0.1015 0.0083 0.0007 0.0001 1.0000 0.5493 0.0453 0.0037 0.0003 1.0000 1.0000 0.2514 0.0207 0.0017 0.0001 1.0000 1.0000
1.0000 0.0002 0.0018 0.0222 0.2697 1.0000 1.0000 0.0003 0.0040 0.0486 0.5894 1.0000 0.0001 0.0007 0.0088 0.1072 1.0000 1.0000 0.0001 0.0017 0.0206 0.2557 1.0000 1.0000 0.0003 0.0043 0.0547 0.6941 1.0000 0.0001 0.0010 0.0128 0.1642 1.0000 1.0000 0.0002 0.0031 0.0408 0.5298 1.0000 0.0001 0.0008 0.0103 0.1342 1.0000 1.0000 0.0002 0.0026 0.0329 0.3720 1.0000 0.3720 0.0329 0.0026 0.0002 1.0000 1.0000 0.1342 0.0103 0.0008 0.0001 1.0000 0.5298 0.0408 0.0031 0.0002 1.0000 1.0000 0.1642 0.0128 0.0010 0.0001 1.0000 0.6941 0.0547 0.0043 0.0003 1.0000 1.0000 0.2557 0.0206 0.0017 0.0001 1.0000 1.0000 0.1072 0.0088 0.0007 0.0001 1.0000 0.5894 0.0486 0.0040 0.0003 1.0000 1.0000 0.2697 0.0222 0.0018 0.0002 1.0000
0.0002 0.0020 0.0239 0.2894 1.0000 1.0000 0.0004 0.0043 0.0522 0.6323 1.0000 0.0001 0.0008 0.0094 0.1140 1.0000 1.0000 0.0001 0.0017 0.0214 0.2636 1.0000 1.0000 0.0003 0.0043 0.0543 0.6836 1.0000 0.0001 0.0010 0.0123 0.1572 1.0000 1.0000 0.0002 0.0030 0.0383 0.4967 1.0000 0.0001 0.0007 0.0097 0.1256 1.0000 1.0000 0.0002 0.0025 0.0316 0.3991 1.0000 1.0000 1.0000 0.3991 0.0316 0.0025 0.0002 1.0000 1.0000 0.1256 0.0097 0.0007 0.0001 1.0000 0.4967 0.0383 0.0030 0.0002 1.0000 1.0000 0.1572 0.0123 0.0010 0.0001 1.0000 0.6836 0.0543 0.0043 0.0003 1.0000 1.0000 0.2636 0.0214 0.0017 0.0001 1.0000 1.0000 0.1140 0.0094 0.0008 0.0001 1.0000 0.6323 0.0522 0.0043 0.0004 1.0000 1.0000 0.2894 0.0239 0.0020 0.0002
0.0020 0.0257 0.3105 1.0000 1.0000 0.0004 0.0046 0.0560 0.6784 1.0000 0.0001 0.0008 0.0101 0.1220 1.0000 1.0000 0.0002 0.0018 0.0224 0.2749 1.0000 1.0000 0.0004 0.0044 0.0547 0.6836 1.0000 0.0001 0.0009 0.0119 0.1519 1.0000 1.0000 0.0002 0.0028 0.0363 0.4682 1.0000 0.0001 0.0007 0.0090 0.1175 1.0000 1.0000 0.0002 0.0023 0.0297 0.3835 1.0000 1.0000 0.0002 1.0000 1.0000 0.3835 0.0297 0.0023 0.0002 1.0000 1.0000 0.1175 0.0090 0.0007 0.0001 1.0000 0.4682 0.0363 0.0028 0.0002 1.0000 1.0000 0.1519 0.0119 0.0009 0.0001 1.0000 0.6836 0.0547 0.0044 0.0004 1.0000 1.0000 0.2749 0.0224 0.0018 0.0002 1.0000 1.0000 0.1220 0.0101 0.0008 0.0001 1.0000 0.6784 0.0560 0.0046 0.0004 1.0000 1.0000 0.3105 0.0257 0.0020
0.0260 0.3338 1.0000 1.0000 0.0004 0.0050 0.0600 0.7279 1.0000 0.0001 0.0009 0.0108 0.1309 1.0000 1.0000 0.0002 0.0020 0.0237 0.2894 1.0000 1.0000 0.0004 0.0045 0.0560 0.6941 1.0000 0.0001 0.0009 0.0117 0.1484 1.0000 1.0000 0.0002 0.0027 0.0346 0.4448 1.0000 1.0000 0.0007 0.0085 0.1099 1.0000 1.0000 0.0002 0.0021 0.0278 0.3601 1.0000 1.0000 0.0005 0.0022 0.0005 1.0000 1.0000 0.3601 0.0278 0.0021 0.0002 1.0000 1.0000 0.1099 0.0085 0.0007 1.0000 1.0000 0.4448 0.0346 0.0027 0.0002 1.0000 1.0000 0.1484 0.0117 0.0009 0.0001 1.0000 0.6941 0.0560 0.0045 0.0004 1.0000 1.0000 0.2894 0.0237 0.0020 0.0002 1.0000 1.0000 0.1309 0.0108 0.0009 0.0001 1.0000 0.7279 0.0600 0.0050 0.0004 1.0000 1.0000 0.3338 0.0260
0.3382 1.0000 1.0000 0.0004 0.0053 0.0644 0.7810 1.0000 0.0001 0.0010 0.0116 0.1405 1.0000 1.0000 0.0002 0.0021 0.0253 0.3075 1.0000 1.0000 0.0004 0.0047 0.0579 0.7155 1.0000 0.0001 0.0009 0.0117 0.1473 1.0000 1.0000 0.0002 0.0026 0.0333 0.4257 1.0000 1.0000 0.0006 0.0080 0.1034 1.0000 1.0000 0.0002 0.0020 0.0260 0.3376 1.0000 1.0000 0.0005 0.0055 0.0266 0.0055 0.0005 1.0000 1.0000 0.3376 0.0260 0.0020 0.0002 1.0000 1.0000 0.1034 0.0080 0.0006 1.0000 1.0000 0.4257 0.0333 0.0026 0.0002 1.0000 1.0000 0.1473 0.0117 0.0009 0.0001 1.0000 0.7155 0.0579 0.0047 0.0004 1.0000 1.0000 0.3075 0.0253 0.0021 0.0002 1.0000 1.0000 0.1405 0.0116 0.0010 0.0001 1.0000 0.7810 0.0644 0.0053 0.0004 1.0000 1.0000 0.3382
1.0000 1.0000 0.0005 0.0057 0.0691 0.8379 1.0000 0.0001 0.0010 0.0124 0.1507 1.0000 1.0000 0.0002 0.0022 0.0271 0.3287 1.0000 1.0000 0.0004 0.0050 0.0607 0.7447 1.0000 0.0001 0.0010 0.0119 0.1484 1.0000 1.0000 0.0002 0.0025 0.0324 0.4122 1.0000 1.0000 0.0006 0.0076 0.0981 1.0000 1.0000 0.0001 0.0019 0.0244 0.3158 1.0000 1.0000 0.0005 0.0059 0.0670 0.3219 0.0670 0.0059 0.0005 1.0000 1.0000 0.3158 0.0244 0.0019 0.0001 1.0000 1.0000 0.0981 0.0076 0.0006 1.0000 1.0000 0.4122 0.0324 0.0025 0.0002 1.0000 1.0000 0.1484 0.0119 0.0010 0.0001 1.0000 0.7447 0.0607 0.0050 0.0004 1.0000 1.0000 0.3287 0.0271 0.0022 0.0002 1.0000 1.0000 0.1507 0.0124 0.0010 0.0001 1.0000 0.8379 0.0691 0.0057 0.0005 1.0000 1.0000
1.0000 0.0005 0.0061 0.0741 0.8990 1.0000 0.0001 0.0011 0.0133 0.1617 1.0000 1.0000 0.0002 0.0024 0.0291 0.3527 1.0000 1.0000 0.0004 0.0053 0.0642 0.7839 1.0000 0.0001 0.0010 0.0123 0.1519 1.0000 1.0000 0.0002 0.0025 0.0319 0.4037 1.0000 1.0000 0.0006 0.0073 0.0937 1.0000 1.0000 0.0001 0.0018 0.0229 0.2966 1.0000 1.0000 0.0004 0.0057 0.0719 0.8128 1.0000 0.8128 0.0719 0.0057 0.0004 1.0000 1.0000 0.2966 0.0229 0.0018 0.0001 1.0000 1.0000 0.0937 0.0073 0.0006 1.0000 1.0000 0.4037 0.0319 0.0025 0.0002 1.0000 1.0000 0.1519 0.0123 0.0010 0.0001 1.0000 0.7839 0.0642 0.0053 0.0004 1.0000 1.0000 0.3527 0.0291 0.0024 0.0002 1.0000 1.0000 0.1617 0.0133 0.0011 0.0001 1.0000 0.8990 0.0741 0.0061 0.0005 1.0000
0.0005 0.0066 0.0796 0.9645 1.0000 0.0001 0.0012 0.0143 0.1735 1.0000 1.0000 0.0002 0.0026 0.0312 0.3784 1.0000 1.0000 0.0005 0.0056 0.0682 0.8300 1.0000 0.0001 0.0010 0.0128 0.1572 1.0000 1.0000 0.0002 0.0025 0.0319 0.4006 1.0000 1.0000 0.0006 0.0071 0.0902 1.0000 1.0000 0.0001 0.0017 0.0216 0.2791 1.0000 1.0000 0.0004 0.0054 0.0694 0.8737 1.0000 1.0000 1.0000 0.8737 0.0694 0.0054 0.0004 1.0000 1.0000 0.2791 0.0216 0.0017 0.0001 1.0000 1.0000 0.0902 0.0071 0.0006 1.0000 1.0000 0.4006 0.0319 0.0025 0.0002 1.0000 1.0000 0.1572 0.0128 0.0010 0.0001 1.0000 0.8300 0.0682 0.0056 0.0005 1.0000 1.0000 0.3784 0.0312 0.0026 0.0002 1.0000 1.0000 0.1735 0.0143 0.0012 0.0001 1.0000 0.9645 0.0796 0.0066 0.0005
0.0067 0.0854 1.0000 1.0000 0.0001 0.0013 0.0154 0.1862 1.0000 1.0000 0.0002 0.0028 0.0335 0.4060 1.0000 1.0000 0.0005 0.0060 0.0730 0.8854 1.0000 0.0001 0.0011 0.0134 0.1642 1.0000 1.0000 0.0002 0.0026 0.0324 0.4037 1.0000 1.0000 0.0005 0.0069 0.0878 1.0000 1.0000 0.0001 0.0016 0.0206 0.2651 1.0000 1.0000 0.0004 0.0051 0.0655 0.8427 1.0000 0.0001 0.0004 0.0001 1.0000 0.8427 0.0655 0.0051 0.0004 1.0000 1.0000 0.2651 0.0206 0.0016 0.0001 1.0000 1.0000 0.0878 0.0069 0.0005 1.0000 1.0000 0.4037 0.0324 0.0026 0.0002 1.0000 1.0000 0.1642 0.0134 0.0011 0.0001 1.0000 0.8854 0.0730 0.0060 0.0005 1.0000 1.0000 0.4060 0.0335 0.0028 0.0002 1.0000 1.0000 0.1862 0.0154 0.0013 0.0001 1.0000 1.0000 0.0854 0.0067
0.0867 1.0000 1.0000 0.0001 0.0014 0.0165 0.1997 1.0000 1.0000 0.0002 0.0030 0.0359 0.4356 1.0000 1.0000 0.0005 0.0065 0.0784 0.9499 1.0000 0.0001 0.0012 0.0142 0.1732 1.0000 1.0000 0.0002 0.0027 0.0333 0.4122 1.0000 1.0000 0.0005 0.0069 0.0867 1.0000 1.0000 0.0001 0.0015 0.0198 0.2533 1.0000 1.0000 0.0004 0.0048 0.0618 0.7975 1.0000 0.0001 0.0010 0.0048 0.0010 0.0001 1.0000 0.7975 0.0618 0.0048 0.0004 1.0000 1.0000 0.2533 0.0198 0.0015 0.0001 1.0000 1.0000 0.0867 0.0069 0.0005 1.0000 1.0000 0.4122 0.0333 0.0027 0.0002 1.0000 1.0000 0.1732 0.0142 0.0012 0.0001 1.0000 0.9499 0.0784 0.0065 0.0005 1.0000 1.0000 0.4356 0.0359 0.0030 0.0002 1.0000 1.0000 0.1997 0.0165 0.0014 0.0001 1.0000 1.0000 0.0867
1.0000 1.0000 0.0001 0.0015 0.0177 0.2143 1.0000 1.0000 0.0003 0.0032 0.0385 0.4673 1.0000 1.0000 0.0006 0.0069 0.0841 1.0000 1.0000 0.0001 0.0012 0.0152 0.1840 1.0000 1.0000 0.0002 0.0028 0.0346 0.4257 1.0000 1.0000 0.0006 0.0069 0.0867 1.0000 1.0000 0.0001 0.0015 0.0192 0.2443 1.0000 1.0000 0.0004 0.0045 0.0585 0.7547 1.0000 0.0001 0.0011 0.0122 0.0583 0.0122 0.0011 0.0001 1.0000 0.7547 0.0585 0.0045 0.0004 1.0000 1.0000 0.2443 0.0192 0.0015 0.0001 1.0000 1.0000 0.0867 0.0069 0.0006 1.0000 1.0000 0.4257 0.0346 0.0028 0.0002 1.0000 1.0000 0.1840 0.0152 0.0012 0.0001 1.0000 1.0000 0.0841 0.0069 0.0006 1.0000 1.0000 0.4673 0.0385 0.0032 0.0003 1.0000 1.0000 0.2143 0.0177 0.0015 0.0001 1.0000 1.0000
1.0000 0.0001 0.0016 0.0190 0.2299 1.0000 1.0000 0.0003 0.0034 0.0414 0.5014 1.0000 1.0000 0.0006 0.0074 0.0902 1.0000 1.0000 0.0001 0.0013 0.0162 0.1967 1.0000 1.0000 0.0002 0.0030 0.0363 0.4448 1.0000 1.0000 0.0006 0.0071 0.0878 1.0000 1.0000 0.0001 0.0015 0.0188 0.2384 1.0000 1.0000 0.0003 0.0043 0.0557 0.7169 1.0000 0.0001 0.0010 0.0131 0.1482 0.7101 0.1482 0.0131 0.0010 0.0001 1.0000 0.7169 0.0557 0.0043 0.0003 1.0000 1.0000 0.2384 0.0188 0.0015 0.0001 1.0000 1.0000 0.0878 0.0071 0.0006 1.0000 1.0000 0.4448 0.0363 0.0030 0.0002 1.0000 1.0000 0.1967 0.0162 0.0013 0.0001 1.0000 1.0000 0.0902 0.0074 0.0006 1.0000 1.0000 0.5014 0.0414 0.0034 0.0003 1.0000 1.0000 0.2299 0.0190 0.0016 0.0001 1.0000
0.0001 0.0017 0.0203 0.2467 1.0000 1.0000 0.0003 0.0037 0.0444 0.5380 1.0000 0.0001 0.0007 0.0080 0.0968 1.0000 1.0000 0.0001 0.0014 0.0174 0.2106 1.0000 1.0000 0.0003 0.0031 0.0383 0.4682 1.0000 1.0000 0.0006 0.0073 0.0902 1.0000 1.0000 0.0001 0.0015 0.0186 0.2352 1.0000 1.0000 0.0003 0.0042 0.0536 0.6862 1.0000 0.0001 0.0010 0.0128 0.1605 1.0000 1.0000 1.0000 0.1605 0.0128 0.0010 0.0001 1.0000 0.6862 0.0536 0.0042 0.0003 1.0000 1.0000 0.2352 0.0186 0.0015 0.0001 1.0000 1.0000 0.0902 0.0073 0.0006 1.0000 1.0000 0.4682 0.0383 0.0031 0.0003 1.0000 1.0000 0.2106 0.0174 0.0014 0.0001 1.0000 1.0000 0.0968 0.0080 0.0007 0.0001 1.0000 0.5380 0.0444 0.0037 0.0003 1.0000 1.0000 0.2467 0.0203 0.0017 0.0001
0.0017 0.0218 0.2646 1.0000 1.0000 0.0003 0.0039 0.0476 0.5772 1.0000 0.0001 0.0007 0.0086 0.1036 1.0000 1.0000 0.0001 0.0015 0.0186 0.2256 1.0000 1.0000 0.0003 0.0034 0.0408 0.4967 1.0000 1.0000 0.0006 0.0076 0.0937 1.0000 1.0000 0.0001 0.0015 0.0188 0.2352 1.0000 1.0000 0.0003 0.0041 0.0520 0.6631 1.0000 0.0001 0.0010 0.0122 0.1566 1.0000 1.0000 0.0001 1.0000 1.0000 0.1566 0.0122 0.0010 0.0001 1.0000 0.6631 0.0520 0.0041 0.0003 1.0000 1.0000 0.2352 0.0188 0.0015 0.0001 1.0000 1.0000 0.0937 0.0076 0.0006 1.0000 1.0000 0.4967 0.0408 0.0034 0.0003 1.0000 1.0000 0.2256 0.0186 0.0015 0.0001 1.0000 1.0000 0.1036 0.0086 0.0007 0.0001 1.0000 0.5772 0.0476 0.0039 0.0003 1.0000 1.0000 0.2646 0.0218 0.0017
0.0222 0.2839 1.0000 1.0000 0.0003 0.0042 0.0511 0.6192 1.0000 0.0001 0.0008 0.0092 0.1112 1.0000 1.0000 0.0001 0.0016 0.0200 0.2420 1.0000 1.0000 0.0003 0.0036 0.0436 0.5298 1.0000 0.0001 0.0007 0.0080 0.0981 1.0000 1.0000 0.0001 0.0015 0.0192 0.2384 1.0000 1.0000 0.0003 0.0040 0.0510 0.6457 1.0000 0.0001 0.0009 0.0118 0.1507 1.0000 1.0000 0.0002 0.0009 0.0002 1.0000 1.0000 0.1507 0.0118 0.0009 0.0001 1.0000 0.6457 0.0510 0.0040 0.0003 1.0000 1.0000 0.2384 0.0192 0.0015 0.0001 1.0000 1.0000 0.0981 0.0080 0.0007 0.0001 1.0000 0.5298 0.0436 0.0036 0.0003 1.0000 1.0000 0.2420 0.0200 0.0016 0.0001 1.0000 1.0000 0.1112 0.0092 0.0008 0.0001 1.0000 0.6192 0.0511 0.0042 0.0003 1.0000 1.0000 0.2839 0.0222
0.2883 1.0000 1.0000 0.0004 0.0045 0.0548 0.6644 1.0000 0.0001 0.0008 0.0098 0.1193 1.0000 1.0000 0.0001 0.0018 0.0214 0.2597 1.0000 1.0000 0.0003 0.0038 0.0466 0.5663 1.0000 0.0001 0.0007 0.0085 0.1034 1.0000 1.0000 0.0001 0.0016 0.0198 0.2443 1.0000 1.0000 0.0003 0.0040 0.0507 0.6384 1.0000 0.0001 0.0009 0.0114 0.1451 1.0000 1.0000 0.0002 0.0023 0.0108 0.0023 0.0002 1.0000 1.0000 0.1451 0.0114 0.0009 0.0001 1.0000 0.6384 0.0507 0.0040 0.0003 1.0000 1.0000 0.2443 0.0198 0.0016 0.0001 1.0000 1.0000 0.1034 0.0085 0.0007 0.0001 1.0000 0.5663 0.0466 0.0038 0.0003 1.0000 1.0000 0.2597 0.0214 0.0018 0.0001 1.0000 1.0000 0.1193 0.0098 0.0008 0.0001 1.0000 0.6644 0.0548 0.0045 0.0004 1.0000 1.0000 0.2883
1.0000 1.0000 0.0004 0.0048 0.0588 0.7128 1.0000 0.0001 0.0009 0.0106 0.1280 1.0000 1.0000 0.0002 0.0019 0.0230 0.2786 1.0000 1.0000 0.0003 0.0041 0.0499 0.6053 1.0000 0.0001 0.0007 0.0090 0.1099 1.0000 1.0000 0.0001 0.0017 0.0206 0.2533 1.0000 1.0000 0.0003 0.0041 0.0510 0.6384 1.0000 0.0001 0.0009 0.0111 0.1410 1.0000 1.0000 0.0002 0.0025 0.0278 0.1332 0.0278 0.0025 0.0002 1.0000 1.0000 0.1410 0.0111 0.0009 0.0001 1.0000 0.6384 0.0510 0.0041 0.0003 1.0000 1.0000 0.2533 0.0206 0.0017 0.0001 1.0000 1.0000 0.1099 0.0090 0.0007 0.0001 1.0000 0.6053 0.0499 0.0041 0.0003 1.0000 1.0000 0.2786 0.0230 0.0019 0.0002 1.0000 1.0000 0.1280 0.0106 0.0009 0.0001 1.0000 0.7128 0.0588 0.0048 0.0004 1.0000 1.0000
1.0000 0.0004 0.0052 0.0631 0.7648 1.0000 0.0001 0.0009 0.0113 0.1373 1.0000 1.0000 0.0002 0.0020 0.0247 0.2983 1.0000 1.0000 0.0004 0.0044 0.0536 0.6494 1.0000 0.0001 0.0008 0.0097 0.1175 1.0000 1.0000 0.0001 0.0018 0.0216 0.2651 1.0000 1.0000 0.0003 0.0042 0.0520 0.6457 1.0000 0.0001 0.0009 0.0109 0.1384 1.0000 1.0000 0.0002 0.0025 0.0307 0.3428 1.0000 0.3428 0.0307 0.0025 0.0002 1.0000 1.0000 0.1384 0.0109 0.0009 0.0001 1.0000 0.6457 0.0520 0.0042 0.0003 1.0000 1.0000 0.2651 0.0216 0.0018 0.0001 1.0000 1.0000 0.1175 0.0097 0.0008 0.0001 1.0000 0.6494 0.0536 0.0044 0.0004 1.0000 1.0000 0.2983 0.0247 0.0020 0.0002 1.0000 1.0000 0.1373 0.0113 0.0009 0.0001 1.0000 0.7648 0.0631 0.0052 0.0004 1.0000
0.0004 0.0056 0.0677 0.8205 1.0000 0.0001 0.0010 0.0122 0.1473 1.0000 1.0000 0.0002 0.0022 0.0264 0.3201 1.0000 1.0000 0.0004 0.0047 0.0575 0.6967 1.0000 0.0001 0.0009 0.0103 0.1256 1.0000 1.0000 0.0002 0.0019 0.0229 0.2791 1.0000 1.0000 0.0004 0.0043 0.0536 0.6631 1.0000 0.0001 0.0009 0.0109 0.1373 1.0000 1.0000 0.0002 0.0024 0.0305 0.3784 1.0000 1.0000 1.0000 0.3784 0.0305 0.0024 0.0002 1.0000 1.0000 0.1373 0.0109 0.0009 0.0001 1.0000 0.6631 0.0536 0.0043 0.0004 1.0000 1.0000 0.2791 0.0229 0.0019 0.0002 1.0000 1.0000 0.1256 0.0103 0.0009 0.0001 1.0000 0.6967 0.0575 0.0047 0.0004 1.0000 1.0000 0.3201 0.0264 0.0022 0.0002 1.0000 1.0000 0.1473 0.0122 0.0010 0.0001 1.0000 0.8205 0.0677 0.0056 0.0004
0.0057 0.0726 0.8804 1.0000 0.0001 0.0011 0.0130 0.1578 1.0000 1.0000 0.0002 0.0023 0.0283 0.3434 1.0000 1.0000 0.0004 0.0051 0.0617 0.7461 1.0000 0.0001 0.0009 0.0111 0.1342 1.0000 1.0000 0.0002 0.0020 0.0244 0.2966 1.0000 1.0000 0.0004 0.0045 0.0557 0.6862 1.0000 0.0001 0.0009 0.0111 0.1384 1.0000 1.0000 0.0002 0.0024 0.0300 0.3791 1.0000 1.0000 0.0002 1.0000 1.0000 0.3791 0.0300 0.0024 0.0002 1.0000 1.0000 0.1384 0.0111 0.0009 0.0001 1.0000 0.6862 0.0557 0.0045 0.0004 1.0000 1.0000 0.2966 0.0244 0.0020 0.0002 1.0000 1.0000 0.1342 0.0111 0.0009 0.0001 1.0000 0.7461 0.0617 0.0051 0.0004 1.0000 1.0000 0.3434 0.0283 0.0023 0.0002 1.0000 1.0000 0.1578 0.0130 0.0011 0.0001 1.0000 0.8804 0.0726 0.0057
0.0736 0.9427 1.0000 0.0001 0.0012 0.0140 0.1693 1.0000 1.0000 0.0002 0.0025 0.0304 0.3685 1.0000 1.0000 0.0005 0.0055 0.0660 0.8005 1.0000 0.0001 0.0010 0.0119 0.1437 1.0000 1.0000 0.0002 0.0021 0.0260 0.3158 1.0000 1.0000 0.0004 0.0048 0.0585 0.7169 1.0000 0.0001 0.0009 0.0114 0.1410 1.0000 1.0000 0.0002 0.0024 0.0297 0.3748 1.0000 1.0000 0.0004 0.0021 0.0004 1.0000 1.0000 0.3748 0.0297 0.0024 0.0002 1.0000 1.0000 0.1410 0.0114 0.0009 0.0001 1.0000 0.7169 0.0585 0.0048 0.0004 1.0000 1.0000 0.3158 0.0260 0.0021 0.0002 1.0000 1.0000 0.1437 0.0119 0.0010 0.0001 1.0000 0.8005 0.0660 0.0055 0.0005 1.0000 1.0000 0.3685 0.0304 0.0025 0.0002 1.0000 1.0000 0.1693 0.0140 0.0012 0.0001 1.0000 0.9427 0.0736
0.9572 1.0000 0.0001 0.0012 0.0150 0.1816 1.0000 1.0000 0.0002 0.0027 0.0325 0.3946 1.0000 1.0000 0.0005 0.0058 0.0708 0.8589 1.0000 0.0001 0.0010 0.0127 0.1542 1.0000 1.0000 0.0002 0.0023 0.0278 0.3376 1.0000 1.0000 0.0004 0.0051 0.0618 0.7547 1.0000 0.0001 0.0010 0.0118 0.1451 1.0000 1.0000 0.0002 0.0024 0.0297 0.3727 1.0000 1.0000 0.0005 0.0055 0.0263 0.0055 0.0005 1.0000 1.0000 0.3727 0.0297 0.0024 0.0002 1.0000 1.0000 0.1451 0.0118 0.0010 0.0001 1.0000 0.7547 0.0618 0.0051 0.0004 1.0000 1.0000 0.3376 0.0278 0.0023 0.0002 1.0000 1.0000 0.1542 0.0127 0.0010 0.0001 1.0000 0.8589 0.0708 0.0058 0.0005 1.0000 1.0000 0.3946 0.0325 0.0027 0.0002 1.0000 1.0000 0.1816 0.0150 0.0012 0.0001 1.0000 0.9572
1.0000 0.0001 0.0013 0.0160 0.1945 1.0000 1.0000 0.0002 0.0029 0.0349 0.4225 1.0000 1.0000 0.0005 0.0063 0.0759 0.9197 1.0000 0.0001 0.0011 0.0136 0.1651 1.0000 1.0000 0.0002 0.0025 0.0297 0.3601 1.0000 1.0000 0.0004 0.0054 0.0655 0.7975 1.0000 0.0001 0.0010 0.0122 0.1507 1.0000 1.0000 0.0002 0.0024 0.0300 0.3748 1.0000 1.0000 0.0005 0.0062 0.0686 0.3262 0.0686 0.0062 0.0005 1.0000 1.0000 0.3748 0.0300 0.0024 0.0002 1.0000 1.0000 0.1507 0.0122 0.0010 0.0001 1.0000 0.7975 0.0655 0.0054 0.0004 1.0000 1.0000 0.3601 0.0297 0.0025 0.0002 1.0000 1.0000 0.1651 0.0136 0.0011 0.0001 1.0000 0.9197 0.0759 0.0063 0.0005 1.0000 1.0000 0.4225 0.0349 0.0029 0.0002 1.0000 1.0000 0.1945 0.0160 0.0013 0.0001 1.0000
0.0001 0.0014 0.0171 0.2071 1.0000 1.0000 0.0003 0.0031 0.0372 0.4507 1.0000 1.0000 0.0006 0.0067 0.0809 0.9793 1.0000 0.0001 0.0012 0.0145 0.1758 1.0000 1.0000 0.0002 0.0026 0.0316 0.3835 1.0000 1.0000 0.0005 0.0057 0.0694 0.8427 1.0000 0.0001 0.0010 0.0128 0.1566 1.0000 1.0000 0.0002 0.0025 0.0305 0.3791 1.0000 1.0000 0.0005 0.0063 0.0772 0.8524 1.0000 0.8524 0.0772 0.0063 0.0005 1.0000 1.0000 0.3791 0.0305 0.0025 0.0002 1.0000 1.0000 0.1566 0.0128 0.0010 0.0001 1.0000 0.8427 0.0694 0.0057 0.0005 1.0000 1.0000 0.3835 0.0316 0.0026 0.0002 1.0000 1.0000 0.1758 0.0145 0.0012 0.0001 1.0000 0.9793 0.0809 0.0067 0.0006 1.0000 1.0000 0.4507 0.0372 0.0031 0.0003 1.0000 1.0000 0.2071 0.0171 0.0014 0.0001
0.0014 0.0178 0.2155 1.0000 1.0000 0.0003 0.0032 0.0387 0.4691 1.0000 1.0000 0.0006 0.0069 0.0842 1.0000 1.0000 0.0001 0.0012 0.0151 0.1830 1.0000 1.0000 0.0002 0.0027 0.0329 0.3991 1.0000 1.0000 0.0005 0.0059 0.0719 0.8737 1.0000 0.0001 0.0011 0.0131 0.1605 1.0000 1.0000 0.0002 0.0025 0.0307 0.3784 1.0000 1.0000 0.0005 0.0062 0.0772 0.9427 1.0000 1.0000 1.0000 0.9427 0.0772 0.0062 0.0005 1.0000 1.0000 0.3784 0.0307 0.0025 0.0002 1.0000 1.0000 0.1605 0.0131 0.0011 0.0001 1.0000 0.8737 0.0719 0.0059 0.0005 1.0000 1.0000 0.3991 0.0329 0.0027 0.0002 1.0000 1.0000 0.1830 0.0151 0.0012 0.0001 1.0000 1.0000 0.0842 0.0069 0.0006 1.0000 1.0000 0.4691 0.0387 0.0032 0.0003 1.0000 1.0000 0.2155 0.0178 0.0014
0.0156 0.2009 1.0000 1.0000 0.0002 0.0030 0.0361 0.4381 1.0000 1.0000 0.0005 0.0065 0.0787 0.9536 1.0000 0.0001 0.0012 0.0141 0.1709 1.0000 1.0000 0.0002 0.0025 0.0307 0.3720 1.0000 1.0000 0.0005 0.0055 0.0670 0.8128 1.0000 0.0001 0.0010 0.0122 0.1482 1.0000 1.0000 0.0002 0.0023 0.0278 0.3428 1.0000 1.0000 0.0004 0.0055 0.0686 0.8524 1.0000 0.0001 0.0004 0.0001 1.0000 0.8524 0.0686 0.0055 0.0004 1.0000 1.0000 0.3428 0.0278 0.0023 0.0002 1.0000 1.0000 0.1482 0.0122 0.0010 0.0001 1.0000 0.8128 0.0670 0.0055 0.0005 1.0000 1.0000 0.3720 0.0307 0.0025 0.0002 1.0000 1.0000 0.1709 0.0141 0.0012 0.0001 1.0000 0.9536 0.0787 0.0065 0.0005 1.0000 1.0000 0.4381 0.0361 0.0030 0.0002 1.0000 1.0000 0.2009 0.0156
0.0769 0.9719 1.0000 0.0001 0.0012 0.0143 0.1738 1.0000 1.0000 0.0002 0.0026 0.0312 0.3777 1.0000 1.0000 0.0005 0.0056 0.0678 0.8221 1.0000 0.0001 0.0010 0.0122 0.1476 1.0000 1.0000 0.0002 0.0022 0.0266 0.3219 1.0000 1.0000 0.0004 0.0048 0.0583 0.7101 1.0000 0.0001 0.0009 0.0108 0.1332 1.0000 1.0000 0.0002 0.0021 0.0263 0.3262 1.0000 1.0000 0.0004 0.0017 0.0004 1.0000 1.0000 0.3262 0.0263 0.0021 0.0002 1.0000 1.0000 0.1332 0.0108 0.0009 0.0001 1.0000 0.7101 0.0583 0.0048 0.0004 1.0000 1.0000 0.3219 0.0266 0.0022 0.0002 1.0000 1.0000 0.1476 0.0122 0.0010 0.0001 1.0000 0.8221 0.0678 0.0056 0.0005 1.0000 1.0000 0.3777 0.0312 0.0026 0.0002 1.0000 1.0000 0.1738 0.0143 0.0012 0.0001 1.0000 0.9719 0.0769
0.0156 0.2009 1.0000 1.0000 0.0002 0.0030 0.0361 0.4381 1.0000 1.0000 0.0005 0.0065 0.0787 0.9536 1.0000 0.0001 0.0012 0.0141 0.1709 1.0000 1.0000 0.0002 0.0025 0.0307 0.3720 1.0000 1.0000 0.0005 0.0055 0.0670 0.8128 1.0000 0.0001 0.0010 0.0122 0.1482 1.0000 1.0000 0.0002 0.0023 0.0278 0.3428 1.0000 1.0000 0.0004 0.0055 0.0686 0.8524 1.0000 0.0001 0.0004 0.0001 1.0000 0.8524 0.0686 0.0055 0.0004 1.0000 1.0000 0.3428 0.0278 0.0023 0.0002 1.0000 1.0000 0.1482 0.0122 0.0010 0.0001 1.0000 0.8128 0.0670 0.0055 0.0005 1.0000 1.0000 0.3720 0.0307 0.0025 0.0002 1.0000 1.0000 0.1709 0.0141 0.0012 0.0001 1.0000 0.9536 0.0787 0.0065 0.0005 1.0000 1.0000 0.4381 0.0361 0.0030 0.0002 1.0000 1.0000 0.2009 0.0156
0.0014 0.0178 0.2155 1.0000 1.0000 0.0003 0.0032 0.0387 0.4691 1.0000 1.0000 0.0006 0.0069 0.0842 1.0000 1.0000 0.0001 0.0012 0.0151 0.1830 1.0000 1.0000 0.0002 0.0027 0.0329 0.3991 1.0000 1.0000 0.0005 0.0059 0.0719 0.8737 1.0000 0.0001 0.0011 0.0131 0.1605 1.0000 1.0000 0.0002 0.0025 0.0307 0.3784 1.0000 1.0000 0.0005 0.0062 0.0772 0.9427 1.0000 1.0000 1.0000 0.9427 0.0772 0.0062 0.0005 1.0000 1.0000 0.3784 0.0307 0.0025 0.0002 1.0000 1.0000 0.1605 0.0131 0.0011 0.0001 1.0000 0.8737 0.0719 0.0059 0.0005 1.0000 1.0000 0.3991 0.0329 0.0027 0.0002 1.0000 1.0000 0.1830 0.0151 0.0012 0.0001 1.0000 1.0000 0.0842 0.0069 0.0006 1.0000 1.0000 0.4691 0.0387 0.0032 0.0003 1.0000 1.0000 0.2155 0.0178 0.0014
0.0001 0.0014 0.0171 0.2071 1.0000 1.0000 0.0003 0.0031 0.0372 0.4507 1.0000 1.0000 0.0006 0.0067 0.0809 0.9793 1.0000 0.0001 0.0012 0.0145 0.1758 1.0000 1.0000 0.0002 0.0026 0.0316 0.3835 1.0000 1.0000 0.0005 0.0057 0.0694 0.8427 1.0000 0.0001 0.0010 0.0128 0.1566 1.0000 1.0000 0.0002 0.0025 0.0305 0.3791 1.0000 1.0000 0.0005 0.0063 0.0772 0.8524 1.0000 0.8524 0.0772 0.0063 0.0005 1.0000 1.0000 0.3791 0.0305 0.0025 0.0002 1.0000 1.0000 0.1566 0.0128 0.0010 0.0001 1.0000 0.8427 0.0694 0.0057 0.0005 1.0000 1.0000 0.3835 0.0316 0.0026 0.0002 1.0000 1.0000 0.1758 0.0145 0.0012 0.0001 1.0000 0.9793 0.0809 0.0067 0.0006 1.0000 1.0000 0.4507 0.0372 0.0031 0.0003 1.0000 1.0000 0.2071 0.0171 0.0014 0.0001
1.0000 0.0001 0.0013 0.0160 0.1945 1.0000 1.0000 0.0002 0.0029 0.0349 0.4225 1.0000 1.0000 0.0005 0.0063 0.0759 0.9197 1.0000 0.0001 0.0011 0.0136 0.1651 1.0000 1.0000 0.0002 0.0025 0.0297 0.3601 1.0000 1.0000 0.0004 0.0054 0.0655 0.7975 1.0000 0.0001 0.0010 0.0122 0.1507 1.0000 1.0000 0.0002 0.0024 0.0300 0.3748 1.0000 1.0000 0.0005 0.0062 0.0686 0.3262 0.0686 0.0062 0.0005 1.0000 1.0000 0.3748 0.0300 0.0024 0.0002 1.0000 1.0000 0.1507 0.0122 0.0010 0.0001 1.0000 0.7975 0.0655 0.0054 0.0004 1.0000 1.0000 0.3601 0.0297 0.0025 0.0002 1.0000 1.0000 0.1651 0.0136 0.0011 0.0001 1.0000 0.9197 0.0759 0.0063 0.0005 1.0000 1.0000 0.4225 0.0349 0.0029 0.0002 1.0000 1.0000 0.1945 0.0160 0.0013 0.0001 1.0000
0.9572 1.0000 0.0001 0.0012 0.0150 0.1816 1.0000 1.0000 0.0002 0.0027 0.0325 0.3946 1.0000 1.0000 0.0005 0.0058 0.0708 0.8589 1.0000 0.0001 0.0010 0.0127 0.1542 1.0000 1.0000 0.0002 0.0023 0.0278 0.3376 1.0000 1.0000 0.0004 0.0051 0.0618 0.7547 1.0000 0.0001 0.0010 0.0118 0.1451 1.0000 1.0000 0.0002 0.0024 0.0297 0.3727 1.0000 1.0000 0.0005 0.0055 0.0263 0.0055 0.0005 1.0000 1.0000 0.3727 0.0297 0.0024 0.0002 1.0000 1.0000 0.1451 0.0118 0.0010 0.0001 1.0000 0.7547 0.0618 0.0051 0.0004 1.0000 1.0000 0.3376 0.0278 0.0023 0.0002 1.0000 1.0000 0.1542 0.0127 0.0010 0.0001 1.0000 0.8589 0.0708 0.0058 0.0005 1.0000 1.0000 0.3946 0.0325 0.0027 0.0002 1.0000 1.0000 0.1816 0.0150 0.0012 0.0001 1.0000 0.9572
