0.1894 0.3122 0.5106 0.3981 0.1544 0.1561 0.2316 0.4160 0.4940 0.2437 0.1453 0.1813 0.3013 0.5066 0.4138 0.1576 0.1538 0.2242 0.4007 0.5000 0.2663 0.1453 0.1769 0.2901 0.5001 0.4288 0.1618 0.1518 0.2170 0.3852 0.5050 0.2900 0.1457 0.1727 0.2793 0.4907 0.4427 0.1674 0.1500 0.2101 0.3699 0.5089 0.3136 0.1465 0.1688 0.2688 0.4786 0.4561 0.1769 0.1461 0.1664 0.1461 0.1769 0.4561 0.4786 0.2688 0.1688 0.1465 0.3136 0.5089 0.3699 0.2101 0.1500 0.1674 0.4427 0.4907 0.2793 0.1727 0.1457 0.2900 0.5050 0.3852 0.2170 0.1518 0.1618 0.4288 0.5001 0.2901 0.1769 0.1453 0.2663 0.5000 0.4007 0.2242 0.1538 0.1576 0.4138 0.5066 0.3013 0.1813 0.1453 0.2437 0.4940 0.4160 0.2316 0.1561 0.1544 0.3981 0.5106 0.3122 0.1894
0.3122 0.5122 0.4004 0.1472 0.1491 0.2268 0.4141 0.4959 0.2476 0.1371 0.1752 0.2975 0.5072 0.4177 0.1511 0.1466 0.2191 0.3984 0.5018 0.2709 0.1372 0.1707 0.2862 0.5003 0.4323 0.1559 0.1444 0.2118 0.3827 0.5066 0.2950 0.1377 0.1664 0.2751 0.4905 0.4459 0.1622 0.1424 0.2047 0.3672 0.5104 0.3186 0.1386 0.1623 0.2645 0.4781 0.4585 0.1716 0.1401 0.1899 0.2622 0.1899 0.1401 0.1716 0.4585 0.4781 0.2645 0.1623 0.1386 0.3186 0.5104 0.3672 0.2047 0.1424 0.1622 0.4459 0.4905 0.2751 0.1664 0.1377 0.2950 0.5066 0.3827 0.2118 0.1444 0.1559 0.4323 0.5003 0.2862 0.1707 0.1372 0.2709 0.5018 0.3984 0.2191 0.1466 0.1511 0.4177 0.5072 0.2975 0.1752 0.1371 0.2476 0.4959 0.4141 0.2268 0.1491 0.1472 0.4004 0.5122 0.3122
0.5106 0.4004 0.1478 0.1484 0.2243 0.4083 0.4983 0.2572 0.1371 0.1732 0.2925 0.5045 0.4241 0.1530 0.1456 0.2159 0.3917 0.5039 0.2811 0.1374 0.1688 0.2814 0.4965 0.4381 0.1583 0.1435 0.2088 0.3762 0.5083 0.3049 0.1380 0.1647 0.2707 0.4856 0.4512 0.1655 0.1417 0.2020 0.3609 0.5116 0.3280 0.1391 0.1608 0.2603 0.4724 0.4632 0.1758 0.1399 0.1939 0.3308 0.4731 0.3308 0.1939 0.1399 0.1758 0.4632 0.4724 0.2603 0.1608 0.1391 0.3280 0.5116 0.3609 0.2020 0.1417 0.1655 0.4512 0.4856 0.2707 0.1647 0.1380 0.3049 0.5083 0.3762 0.2088 0.1435 0.1583 0.4381 0.4965 0.2814 0.1688 0.1374 0.2811 0.5039 0.3917 0.2159 0.1456 0.1530 0.4241 0.5045 0.2925 0.1732 0.1371 0.2572 0.4983 0.4083 0.2243 0.1484 0.1478 0.4004 0.5106
0.3981 0.1472 0.1484 0.2233 0.4049 0.5000 0.2651 0.1372 0.1715 0.2879 0.5015 0.4301 0.1551 0.1447 0.2128 0.3851 0.5059 0.2912 0.1376 0.1671 0.2769 0.4923 0.4437 0.1610 0.1427 0.2059 0.3698 0.5098 0.3146 0.1384 0.1630 0.2663 0.4804 0.4563 0.1693 0.1409 0.1993 0.3547 0.5126 0.3372 0.1396 0.1593 0.2562 0.4664 0.4676 0.1811 0.1394 0.1926 0.3369 0.5129 0.4658 0.5129 0.3369 0.1926 0.1394 0.1811 0.4676 0.4664 0.2562 0.1593 0.1396 0.3372 0.5126 0.3547 0.1993 0.1409 0.1693 0.4563 0.4804 0.2663 0.1630 0.1384 0.3146 0.5098 0.3698 0.2059 0.1427 0.1610 0.4437 0.4923 0.2769 0.1671 0.1376 0.2912 0.5059 0.3851 0.2128 0.1447 0.1551 0.4301 0.5015 0.2879 0.1715 0.1372 0.2651 0.5000 0.4049 0.2233 0.1484 0.1472 0.3981
0.1544 0.1491 0.2243 0.4049 0.5006 0.2697 0.1373 0.1701 0.2841 0.4984 0.4357 0.1573 0.1439 0.2099 0.3786 0.5077 0.3011 0.1379 0.1653 0.2724 0.4876 0.4491 0.1642 0.1420 0.2031 0.3635 0.5111 0.3241 0.1388 0.1614 0.2621 0.4749 0.4611 0.1736 0.1403 0.1966 0.3487 0.5134 0.3462 0.1403 0.1578 0.2522 0.4602 0.4719 0.1873 0.1389 0.1904 0.3337 0.5140 0.3882 0.1867 0.3882 0.5140 0.3337 0.1904 0.1389 0.1873 0.4719 0.4602 0.2522 0.1578 0.1403 0.3462 0.5134 0.3487 0.1966 0.1403 0.1736 0.4611 0.4749 0.2621 0.1614 0.1388 0.3241 0.5111 0.3635 0.2031 0.1420 0.1642 0.4491 0.4876 0.2724 0.1653 0.1379 0.3011 0.5077 0.3786 0.2099 0.1439 0.1573 0.4357 0.4984 0.2841 0.1701 0.1373 0.2697 0.5006 0.4049 0.2243 0.1491 0.1544
0.1561 0.2268 0.4083 0.5000 0.2697 0.1373 0.1694 0.2814 0.4957 0.4401 0.1595 0.1431 0.2071 0.3723 0.5093 0.3109 0.1382 0.1637 0.2680 0.4825 0.4543 0.1677 0.1412 0.2004 0.3573 0.5122 0.3334 0.1394 0.1599 0.2579 0.4690 0.4658 0.1787 0.1397 0.1940 0.3427 0.5139 0.3549 0.1410 0.1564 0.2483 0.4538 0.4760 0.1942 0.1385 0.1880 0.3285 0.5141 0.3793 0.1453 0.1367 0.1453 0.3793 0.5141 0.3285 0.1880 0.1385 0.1942 0.4760 0.4538 0.2483 0.1564 0.1410 0.3549 0.5139 0.3427 0.1940 0.1397 0.1787 0.4658 0.4690 0.2579 0.1599 0.1394 0.3334 0.5122 0.3573 0.2004 0.1412 0.1677 0.4543 0.4825 0.2680 0.1637 0.1382 0.3109 0.5093 0.3723 0.2071 0.1431 0.1595 0.4401 0.4957 0.2814 0.1694 0.1373 0.2697 0.5000 0.4083 0.2268 0.1561
0.2316 0.4141 0.4983 0.2651 0.1373 0.1694 0.2805 0.4941 0.4431 0.1614 0.1425 0.2048 0.3668 0.5105 0.3201 0.1386 0.1621 0.2638 0.4771 0.4592 0.1718 0.1405 0.1977 0.3512 0.5131 0.3425 0.1400 0.1584 0.2539 0.4629 0.4701 0.1845 0.1391 0.1915 0.3369 0.5142 0.3634 0.1418 0.1550 0.2444 0.4473 0.4799 0.2019 0.1381 0.1857 0.3231 0.5138 0.3839 0.1446 0.1477 0.1826 0.1477 0.1446 0.3839 0.5138 0.3231 0.1857 0.1381 0.2019 0.4799 0.4473 0.2444 0.1550 0.1418 0.3634 0.5142 0.3369 0.1915 0.1391 0.1845 0.4701 0.4629 0.2539 0.1584 0.1400 0.3425 0.5131 0.3512 0.1977 0.1405 0.1718 0.4592 0.4771 0.2638 0.1621 0.1386 0.3201 0.5105 0.3668 0.2048 0.1425 0.1614 0.4431 0.4941 0.2805 0.1694 0.1373 0.2651 0.4983 0.4141 0.2316
0.4160 0.4959 0.2572 0.1372 0.1701 0.2814 0.4941 0.4441 0.1624 0.1421 0.2031 0.3623 0.5115 0.3281 0.1391 0.1606 0.2597 0.4714 0.4639 0.1765 0.1399 0.1951 0.3452 0.5137 0.3513 0.1407 0.1570 0.2499 0.4565 0.4743 0.1911 0.1387 0.1891 0.3311 0.5143 0.3716 0.1427 0.1537 0.2407 0.4406 0.4835 0.2102 0.1378 0.1835 0.3176 0.5131 0.3908 0.1455 0.1499 0.2218 0.3164 0.2218 0.1499 0.1455 0.3908 0.5131 0.3176 0.1835 0.1378 0.2102 0.4835 0.4406 0.2407 0.1537 0.1427 0.3716 0.5143 0.3311 0.1891 0.1387 0.1911 0.4743 0.4565 0.2499 0.1570 0.1407 0.3513 0.5137 0.3452 0.1951 0.1399 0.1765 0.4639 0.4714 0.2597 0.1606 0.1391 0.3281 0.5115 0.3623 0.2031 0.1421 0.1624 0.4441 0.4941 0.2814 0.1701 0.1372 0.2572 0.4959 0.4160
0.4940 0.2476 0.1371 0.1715 0.2841 0.4957 0.4431 0.1624 0.1420 0.2022 0.3593 0.5121 0.3344 0.1395 0.1594 0.2561 0.4659 0.4681 0.1819 0.1394 0.1926 0.3393 0.5141 0.3599 0.1414 0.1556 0.2460 0.4501 0.4782 0.1985 0.1382 0.1867 0.3255 0.5140 0.3796 0.1437 0.1525 0.2370 0.4340 0.4870 0.2191 0.1375 0.1813 0.3123 0.5121 0.3980 0.1467 0.1494 0.2264 0.4001 0.5108 0.4001 0.2264 0.1494 0.1467 0.3980 0.5121 0.3123 0.1813 0.1375 0.2191 0.4870 0.4340 0.2370 0.1525 0.1437 0.3796 0.5140 0.3255 0.1867 0.1382 0.1985 0.4782 0.4501 0.2460 0.1556 0.1414 0.3599 0.5141 0.3393 0.1926 0.1394 0.1819 0.4681 0.4659 0.2561 0.1594 0.1395 0.3344 0.5121 0.3593 0.2022 0.1420 0.1624 0.4431 0.4957 0.2841 0.1715 0.1371 0.2476 0.4940
0.2437 0.1371 0.1732 0.2879 0.4984 0.4401 0.1614 0.1421 0.2022 0.3583 0.5124 0.3385 0.1399 0.1584 0.2531 0.4609 0.4718 0.1875 0.1389 0.1902 0.3336 0.5143 0.3682 0.1423 0.1543 0.2423 0.4435 0.4820 0.2066 0.1379 0.1844 0.3200 0.5135 0.3873 0.1448 0.1513 0.2334 0.4272 0.4902 0.2285 0.1373 0.1791 0.3071 0.5108 0.4051 0.1481 0.1484 0.2246 0.4069 0.5021 0.4046 0.5021 0.4069 0.2246 0.1484 0.1481 0.4051 0.5108 0.3071 0.1791 0.1373 0.2285 0.4902 0.4272 0.2334 0.1513 0.1448 0.3873 0.5135 0.3200 0.1844 0.1379 0.2066 0.4820 0.4435 0.2423 0.1543 0.1423 0.3682 0.5143 0.3336 0.1902 0.1389 0.1875 0.4718 0.4609 0.2531 0.1584 0.1399 0.3385 0.5124 0.3583 0.2022 0.1421 0.1614 0.4401 0.4984 0.2879 0.1732 0.1371 0.2437
0.1453 0.1752 0.2925 0.5015 0.4357 0.1595 0.1425 0.2031 0.3593 0.5124 0.3398 0.1401 0.1578 0.2510 0.4569 0.4748 0.1930 0.1385 0.1881 0.3284 0.5142 0.3760 0.1432 0.1530 0.2386 0.4369 0.4855 0.2153 0.1376 0.1822 0.3146 0.5126 0.3947 0.1460 0.1501 0.2300 0.4205 0.4932 0.2383 0.1372 0.1770 0.3020 0.5090 0.4119 0.1496 0.1474 0.2217 0.4030 0.5008 0.2899 0.1469 0.2899 0.5008 0.4030 0.2217 0.1474 0.1496 0.4119 0.5090 0.3020 0.1770 0.1372 0.2383 0.4932 0.4205 0.2300 0.1501 0.1460 0.3947 0.5126 0.3146 0.1822 0.1376 0.2153 0.4855 0.4369 0.2386 0.1530 0.1432 0.3760 0.5142 0.3284 0.1881 0.1385 0.1930 0.4748 0.4569 0.2510 0.1578 0.1401 0.3398 0.5124 0.3593 0.2031 0.1425 0.1595 0.4357 0.5015 0.2925 0.1752 0.1453
0.1813 0.2975 0.5045 0.4301 0.1573 0.1431 0.2048 0.3623 0.5121 0.3385 0.1401 0.1576 0.2498 0.4542 0.4769 0.1976 0.1382 0.1863 0.3238 0.5139 0.3831 0.1442 0.1518 0.2351 0.4303 0.4888 0.2244 0.1374 0.1800 0.3094 0.5114 0.4019 0.1474 0.1490 0.2266 0.4137 0.4960 0.2482 0.1371 0.1750 0.2970 0.5068 0.4185 0.1513 0.1464 0.2185 0.3970 0.5024 0.2784 0.1368 0.1442 0.1368 0.2784 0.5024 0.3970 0.2185 0.1464 0.1513 0.4185 0.5068 0.2970 0.1750 0.1371 0.2482 0.4960 0.4137 0.2266 0.1490 0.1474 0.4019 0.5114 0.3094 0.1800 0.1374 0.2244 0.4888 0.4303 0.2351 0.1518 0.1442 0.3831 0.5139 0.3238 0.1863 0.1382 0.1976 0.4769 0.4542 0.2498 0.1576 0.1401 0.3385 0.5121 0.3623 0.2048 0.1431 0.1573 0.4301 0.5045 0.2975 0.1813
0.3013 0.5072 0.4241 0.1551 0.1439 0.2071 0.3668 0.5115 0.3344 0.1399 0.1578 0.2498 0.4533 0.4780 0.2007 0.1380 0.1849 0.3201 0.5134 0.3893 0.1452 0.1508 0.2318 0.4239 0.4918 0.2337 0.1372 0.1780 0.3043 0.5099 0.4088 0.1489 0.1479 0.2233 0.4070 0.4986 0.2582 0.1371 0.1730 0.2921 0.5042 0.4248 0.1532 0.1455 0.2154 0.3904 0.5043 0.2843 0.1373 0.1626 0.2122 0.1626 0.1373 0.2843 0.5043 0.3904 0.2154 0.1455 0.1532 0.4248 0.5042 0.2921 0.1730 0.1371 0.2582 0.4986 0.4070 0.2233 0.1479 0.1489 0.4088 0.5099 0.3043 0.1780 0.1372 0.2337 0.4918 0.4239 0.2318 0.1508 0.1452 0.3893 0.5134 0.3201 0.1849 0.1380 0.2007 0.4780 0.4533 0.2498 0.1578 0.1399 0.3344 0.5115 0.3668 0.2071 0.1439 0.1551 0.4241 0.5072 0.3013
0.5066 0.4177 0.1530 0.1447 0.2099 0.3723 0.5105 0.3281 0.1395 0.1584 0.2510 0.4542 0.4780 0.2018 0.1380 0.1840 0.3174 0.5129 0.3943 0.1462 0.1499 0.2289 0.4179 0.4945 0.2429 0.1371 0.1760 0.2993 0.5079 0.4154 0.1505 0.1469 0.2200 0.4003 0.5011 0.2683 0.1372 0.1711 0.2873 0.5011 0.4309 0.1554 0.1446 0.2123 0.3839 0.5063 0.2934 0.1376 0.1655 0.2637 0.3841 0.2637 0.1655 0.1376 0.2934 0.5063 0.3839 0.2123 0.1446 0.1554 0.4309 0.5011 0.2873 0.1711 0.1372 0.2683 0.5011 0.4003 0.2200 0.1469 0.1505 0.4154 0.5079 0.2993 0.1760 0.1371 0.2429 0.4945 0.4179 0.2289 0.1499 0.1462 0.3943 0.5129 0.3174 0.1840 0.1380 0.2018 0.4780 0.4542 0.2510 0.1584 0.1395 0.3281 0.5105 0.3723 0.2099 0.1447 0.1530 0.4177 0.5066
0.4138 0.1511 0.1456 0.2128 0.3786 0.5093 0.3201 0.1391 0.1594 0.2531 0.4569 0.4769 0.2007 0.1380 0.1837 0.3160 0.5125 0.3978 0.1469 0.1491 0.2264 0.4126 0.4968 0.2517 0.1371 0.1741 0.2947 0.5056 0.4216 0.1523 0.1459 0.2169 0.3937 0.5033 0.2784 0.1373 0.1693 0.2826 0.4975 0.4368 0.1577 0.1437 0.2094 0.3775 0.5080 0.3031 0.1379 0.1647 0.2690 0.4722 0.5056 0.4722 0.2690 0.1647 0.1379 0.3031 0.5080 0.3775 0.2094 0.1437 0.1577 0.4368 0.4975 0.2826 0.1693 0.1373 0.2784 0.5033 0.3937 0.2169 0.1459 0.1523 0.4216 0.5056 0.2947 0.1741 0.1371 0.2517 0.4968 0.4126 0.2264 0.1491 0.1469 0.3978 0.5125 0.3160 0.1837 0.1380 0.2007 0.4769 0.4569 0.2531 0.1594 0.1391 0.3201 0.5093 0.3786 0.2128 0.1456 0.1511 0.4138
0.1576 0.1466 0.2159 0.3851 0.5077 0.3109 0.1386 0.1606 0.2561 0.4609 0.4748 0.1976 0.1380 0.1840 0.3160 0.5124 0.3995 0.1474 0.1486 0.2246 0.4082 0.4986 0.2595 0.1371 0.1724 0.2903 0.5030 0.4275 0.1542 0.1451 0.2139 0.3873 0.5053 0.2883 0.1375 0.1675 0.2780 0.4934 0.4424 0.1604 0.1429 0.2065 0.3711 0.5095 0.3128 0.1383 0.1633 0.2666 0.4783 0.4668 0.3135 0.4668 0.4783 0.2666 0.1633 0.1383 0.3128 0.5095 0.3711 0.2065 0.1429 0.1604 0.4424 0.4934 0.2780 0.1675 0.1375 0.2883 0.5053 0.3873 0.2139 0.1451 0.1542 0.4275 0.5030 0.2903 0.1724 0.1371 0.2595 0.4986 0.4082 0.2246 0.1486 0.1474 0.3995 0.5124 0.3160 0.1840 0.1380 0.1976 0.4748 0.4609 0.2561 0.1606 0.1386 0.3109 0.5077 0.3851 0.2159 0.1466 0.1576
0.1538 0.2191 0.3917 0.5059 0.3011 0.1382 0.1621 0.2597 0.4659 0.4718 0.1930 0.1382 0.1849 0.3174 0.5125 0.3995 0.1476 0.1484 0.2234 0.4051 0.5000 0.2658 0.1372 0.1710 0.2864 0.5001 0.4329 0.1562 0.1442 0.2111 0.3811 0.5071 0.2978 0.1378 0.1658 0.2737 0.4889 0.4477 0.1634 0.1421 0.2037 0.3648 0.5109 0.3223 0.1387 0.1617 0.2627 0.4751 0.4627 0.1871 0.1362 0.1871 0.4627 0.4751 0.2627 0.1617 0.1387 0.3223 0.5109 0.3648 0.2037 0.1421 0.1634 0.4477 0.4889 0.2737 0.1658 0.1378 0.2978 0.5071 0.3811 0.2111 0.1442 0.1562 0.4329 0.5001 0.2864 0.1710 0.1372 0.2658 0.5000 0.4051 0.2234 0.1484 0.1476 0.3995 0.5125 0.3174 0.1849 0.1382 0.1930 0.4718 0.4659 0.2597 0.1621 0.1382 0.3011 0.5059 0.3917 0.2191 0.1538
0.2242 0.3984 0.5039 0.2912 0.1379 0.1637 0.2638 0.4714 0.4681 0.1875 0.1385 0.1863 0.3201 0.5129 0.3978 0.1474 0.1484 0.2230 0.4036 0.5008 0.2703 0.1373 0.1698 0.2831 0.4974 0.4376 0.1583 0.1435 0.2084 0.3750 0.5086 0.3071 0.1381 0.1642 0.2695 0.4841 0.4528 0.1667 0.1414 0.2010 0.3587 0.5120 0.3315 0.1393 0.1602 0.2586 0.4699 0.4655 0.1805 0.1374 0.1574 0.1374 0.1805 0.4655 0.4699 0.2586 0.1602 0.1393 0.3315 0.5120 0.3587 0.2010 0.1414 0.1667 0.4528 0.4841 0.2695 0.1642 0.1381 0.3071 0.5086 0.3750 0.2084 0.1435 0.1583 0.4376 0.4974 0.2831 0.1698 0.1373 0.2703 0.5008 0.4036 0.2230 0.1484 0.1474 0.3978 0.5129 0.3201 0.1863 0.1385 0.1875 0.4681 0.4714 0.2638 0.1637 0.1379 0.2912 0.5039 0.3984 0.2242
0.4007 0.5018 0.2811 0.1376 0.1653 0.2680 0.4771 0.4639 0.1819 0.1389 0.1881 0.3238 0.5134 0.3943 0.1469 0.1486 0.2234 0.4036 0.5011 0.2727 0.1373 0.1691 0.2807 0.4949 0.4414 0.1603 0.1428 0.2060 0.3695 0.5100 0.3161 0.1385 0.1627 0.2654 0.4791 0.4576 0.1704 0.1408 0.1985 0.3528 0.5129 0.3403 0.1398 0.1587 0.2547 0.4640 0.4695 0.1840 0.1388 0.1843 0.2520 0.1843 0.1388 0.1840 0.4695 0.4640 0.2547 0.1587 0.1398 0.3403 0.5129 0.3528 0.1985 0.1408 0.1704 0.4576 0.4791 0.2654 0.1627 0.1385 0.3161 0.5100 0.3695 0.2060 0.1428 0.1603 0.4414 0.4949 0.2807 0.1691 0.1373 0.2727 0.5011 0.4036 0.2234 0.1486 0.1469 0.3943 0.5134 0.3238 0.1881 0.1389 0.1819 0.4639 0.4771 0.2680 0.1653 0.1376 0.2811 0.5018 0.4007
0.5000 0.2709 0.1374 0.1671 0.2724 0.4825 0.4592 0.1765 0.1394 0.1902 0.3284 0.5139 0.3893 0.1462 0.1491 0.2246 0.4051 0.5008 0.2727 0.1373 0.1687 0.2792 0.4931 0.4443 0.1621 0.1423 0.2039 0.3646 0.5110 0.3243 0.1389 0.1612 0.2614 0.4737 0.4621 0.1747 0.1401 0.1960 0.3471 0.5135 0.3488 0.1405 0.1573 0.2508 0.4579 0.4735 0.1898 0.1386 0.1881 0.3177 0.4587 0.3177 0.1881 0.1386 0.1898 0.4735 0.4579 0.2508 0.1573 0.1405 0.3488 0.5135 0.3471 0.1960 0.1401 0.1747 0.4621 0.4737 0.2614 0.1612 0.1389 0.3243 0.5110 0.3646 0.2039 0.1423 0.1621 0.4443 0.4931 0.2792 0.1687 0.1373 0.2727 0.5008 0.4051 0.2246 0.1491 0.1462 0.3893 0.5139 0.3284 0.1902 0.1394 0.1765 0.4592 0.4825 0.2724 0.1671 0.1374 0.2709 0.5000
0.2663 0.1372 0.1688 0.2769 0.4876 0.4543 0.1718 0.1399 0.1926 0.3336 0.5142 0.3831 0.1452 0.1499 0.2264 0.4082 0.5000 0.2703 0.1373 0.1687 0.2787 0.4921 0.4461 0.1634 0.1419 0.2023 0.3604 0.5119 0.3315 0.1393 0.1599 0.2576 0.4683 0.4664 0.1796 0.1396 0.1936 0.3415 0.5140 0.3570 0.1412 0.1560 0.2471 0.4518 0.4773 0.1967 0.1383 0.1869 0.3236 0.5112 0.4753 0.5112 0.3236 0.1869 0.1383 0.1967 0.4773 0.4518 0.2471 0.1560 0.1412 0.3570 0.5140 0.3415 0.1936 0.1396 0.1796 0.4664 0.4683 0.2576 0.1599 0.1393 0.3315 0.5119 0.3604 0.2023 0.1419 0.1634 0.4461 0.4921 0.2787 0.1687 0.1373 0.2703 0.5000 0.4082 0.2264 0.1499 0.1452 0.3831 0.5142 0.3336 0.1926 0.1399 0.1718 0.4543 0.4876 0.2769 0.1688 0.1372 0.2663
0.1453 0.1707 0.2814 0.4923 0.4491 0.1677 0.1405 0.1951 0.3393 0.5143 0.3760 0.1442 0.1508 0.2289 0.4126 0.4986 0.2658 0.1373 0.1691 0.2792 0.4921 0.4467 0.1641 0.1417 0.2011 0.3572 0.5125 0.3375 0.1397 0.1588 0.2544 0.4630 0.4703 0.1851 0.1391 0.1912 0.3359 0.5142 0.3650 0.1420 0.1547 0.2435 0.4456 0.4809 0.2042 0.1380 0.1849 0.3206 0.5130 0.4050 0.2049 0.4050 0.5130 0.3206 0.1849 0.1380 0.2042 0.4809 0.4456 0.2435 0.1547 0.1420 0.3650 0.5142 0.3359 0.1912 0.1391 0.1851 0.4703 0.4630 0.2544 0.1588 0.1397 0.3375 0.5125 0.3572 0.2011 0.1417 0.1641 0.4467 0.4921 0.2792 0.1691 0.1373 0.2658 0.4986 0.4126 0.2289 0.1508 0.1442 0.3760 0.5143 0.3393 0.1951 0.1405 0.1677 0.4491 0.4923 0.2814 0.1707 0.1453
0.1769 0.2862 0.4965 0.4437 0.1642 0.1412 0.1977 0.3452 0.5141 0.3682 0.1432 0.1518 0.2318 0.4179 0.4968 0.2595 0.1372 0.1698 0.2807 0.4931 0.4461 0.1641 0.1416 0.2005 0.3552 0.5128 0.3421 0.1401 0.1578 0.2515 0.4582 0.4737 0.1908 0.1387 0.1890 0.3306 0.5142 0.3727 0.1429 0.1535 0.2400 0.4393 0.4843 0.2123 0.1377 0.1828 0.3158 0.5127 0.3970 0.1487 0.1359 0.1487 0.3970 0.5127 0.3158 0.1828 0.1377 0.2123 0.4843 0.4393 0.2400 0.1535 0.1429 0.3727 0.5142 0.3306 0.1890 0.1387 0.1908 0.4737 0.4582 0.2515 0.1578 0.1401 0.3421 0.5128 0.3552 0.2005 0.1416 0.1641 0.4461 0.4931 0.2807 0.1698 0.1372 0.2595 0.4968 0.4179 0.2318 0.1518 0.1432 0.3682 0.5141 0.3452 0.1977 0.1412 0.1642 0.4437 0.4965 0.2862 0.1769
0.2901 0.5003 0.4381 0.1610 0.1420 0.2004 0.3512 0.5137 0.3599 0.1423 0.1530 0.2351 0.4239 0.4945 0.2517 0.1371 0.1710 0.2831 0.4949 0.4443 0.1634 0.1417 0.2005 0.3546 0.5130 0.3450 0.1404 0.1571 0.2493 0.4542 0.4765 0.1962 0.1383 0.1869 0.3256 0.5140 0.3802 0.1438 0.1523 0.2365 0.4329 0.4875 0.2209 0.1375 0.1807 0.3108 0.5118 0.4010 0.1477 0.1453 0.1775 0.1453 0.1477 0.4010 0.5118 0.3108 0.1807 0.1375 0.2209 0.4875 0.4329 0.2365 0.1523 0.1438 0.3802 0.5140 0.3256 0.1869 0.1383 0.1962 0.4765 0.4542 0.2493 0.1571 0.1404 0.3450 0.5130 0.3546 0.2005 0.1417 0.1634 0.4443 0.4949 0.2831 0.1710 0.1371 0.2517 0.4945 0.4239 0.2351 0.1530 0.1423 0.3599 0.5137 0.3512 0.2004 0.1420 0.1610 0.4381 0.5003 0.2901
0.5001 0.4323 0.1583 0.1427 0.2031 0.3573 0.5131 0.3513 0.1414 0.1543 0.2386 0.4303 0.4918 0.2429 0.1371 0.1724 0.2864 0.4974 0.4414 0.1621 0.1419 0.2011 0.3552 0.5130 0.3460 0.1406 0.1567 0.2477 0.4510 0.4787 0.2010 0.1381 0.1852 0.3212 0.5136 0.3869 0.1448 0.1512 0.2332 0.4265 0.4905 0.2298 0.1373 0.1787 0.3060 0.5104 0.4070 0.1486 0.1474 0.2144 0.3039 0.2144 0.1474 0.1486 0.4070 0.5104 0.3060 0.1787 0.1373 0.2298 0.4905 0.4265 0.2332 0.1512 0.1448 0.3869 0.5136 0.3212 0.1852 0.1381 0.2010 0.4787 0.4510 0.2477 0.1567 0.1406 0.3460 0.5130 0.3552 0.2011 0.1419 0.1621 0.4414 0.4974 0.2864 0.1724 0.1371 0.2429 0.4918 0.4303 0.2386 0.1543 0.1414 0.3513 0.5131 0.3573 0.2031 0.1427 0.1583 0.4323 0.5001
0.4288 0.1559 0.1435 0.2059 0.3635 0.5122 0.3425 0.1407 0.1556 0.2423 0.4369 0.4888 0.2337 0.1371 0.1741 0.2903 0.5001 0.4376 0.1603 0.1423 0.2023 0.3572 0.5128 0.3450 0.1406 0.1565 0.2469 0.4490 0.4802 0.2050 0.1379 0.1838 0.3175 0.5130 0.3928 0.1458 0.1502 0.2300 0.4202 0.4934 0.2391 0.1372 0.1767 0.3012 0.5086 0.4134 0.1500 0.1470 0.2189 0.3849 0.5075 0.3849 0.2189 0.1470 0.1500 0.4134 0.5086 0.3012 0.1767 0.1372 0.2391 0.4934 0.4202 0.2300 0.1502 0.1458 0.3928 0.5130 0.3175 0.1838 0.1379 0.2050 0.4802 0.4490 0.2469 0.1565 0.1406 0.3450 0.5128 0.3572 0.2023 0.1423 0.1603 0.4376 0.5001 0.2903 0.1741 0.1371 0.2337 0.4888 0.4369 0.2423 0.1556 0.1407 0.3425 0.5122 0.3635 0.2059 0.1435 0.1559 0.4288
0.1618 0.1444 0.2088 0.3698 0.5111 0.3334 0.1400 0.1570 0.2460 0.4435 0.4855 0.2244 0.1372 0.1760 0.2947 0.5030 0.4329 0.1583 0.1428 0.2039 0.3604 0.5125 0.3421 0.1404 0.1567 0.2469 0.4482 0.4810 0.2076 0.1378 0.1828 0.3146 0.5124 0.3977 0.1468 0.1493 0.2272 0.4144 0.4959 0.2483 0.1371 0.1749 0.2965 0.5065 0.4195 0.1517 0.1462 0.2174 0.3918 0.5065 0.4195 0.5065 0.3918 0.2174 0.1462 0.1517 0.4195 0.5065 0.2965 0.1749 0.1371 0.2483 0.4959 0.4144 0.2272 0.1493 0.1468 0.3977 0.5124 0.3146 0.1828 0.1378 0.2076 0.4810 0.4482 0.2469 0.1567 0.1404 0.3421 0.5125 0.3604 0.2039 0.1428 0.1583 0.4329 0.5030 0.2947 0.1760 0.1372 0.2244 0.4855 0.4435 0.2460 0.1570 0.1400 0.3334 0.5111 0.3698 0.2088 0.1444 0.1618
0.1518 0.2118 0.3762 0.5098 0.3241 0.1394 0.1584 0.2499 0.4501 0.4820 0.2153 0.1374 0.1780 0.2993 0.5056 0.4275 0.1562 0.1435 0.2060 0.3646 0.5119 0.3375 0.1401 0.1571 0.2477 0.4490 0.4810 0.2085 0.1377 0.1821 0.3125 0.5118 0.4016 0.1477 0.1486 0.2248 0.4092 0.4981 0.2570 0.1371 0.1731 0.2920 0.5040 0.4254 0.1535 0.1453 0.2148 0.3884 0.5055 0.3120 0.1512 0.3120 0.5055 0.3884 0.2148 0.1453 0.1535 0.4254 0.5040 0.2920 0.1731 0.1371 0.2570 0.4981 0.4092 0.2248 0.1486 0.1477 0.4016 0.5118 0.3125 0.1821 0.1377 0.2085 0.4810 0.4490 0.2477 0.1571 0.1401 0.3375 0.5119 0.3646 0.2060 0.1435 0.1562 0.4275 0.5056 0.2993 0.1780 0.1374 0.2153 0.4820 0.4501 0.2499 0.1584 0.1394 0.3241 0.5098 0.3762 0.2118 0.1518
0.2170 0.3827 0.5083 0.3146 0.1388 0.1599 0.2539 0.4565 0.4782 0.2066 0.1376 0.1800 0.3043 0.5079 0.4216 0.1542 0.1442 0.2084 0.3695 0.5110 0.3315 0.1397 0.1578 0.2493 0.4510 0.4802 0.2076 0.1377 0.1819 0.3114 0.5114 0.4044 0.1483 0.1480 0.2228 0.4048 0.4999 0.2647 0.1372 0.1714 0.2877 0.5012 0.4309 0.1554 0.1445 0.2120 0.3829 0.5067 0.3002 0.1377 0.1422 0.1377 0.3002 0.5067 0.3829 0.2120 0.1445 0.1554 0.4309 0.5012 0.2877 0.1714 0.1372 0.2647 0.4999 0.4048 0.2228 0.1480 0.1483 0.4044 0.5114 0.3114 0.1819 0.1377 0.2076 0.4802 0.4510 0.2493 0.1578 0.1397 0.3315 0.5110 0.3695 0.2084 0.1442 0.1542 0.4216 0.5079 0.3043 0.1800 0.1376 0.2066 0.4782 0.4565 0.2539 0.1599 0.1388 0.3146 0.5083 0.3827 0.2170
0.3852 0.5066 0.3049 0.1384 0.1614 0.2579 0.4629 0.4743 0.1985 0.1379 0.1822 0.3094 0.5099 0.4154 0.1523 0.1451 0.2111 0.3750 0.5100 0.3243 0.1393 0.1588 0.2515 0.4542 0.4787 0.2050 0.1378 0.1821 0.3114 0.5113 0.4058 0.1488 0.1476 0.2213 0.4011 0.5013 0.2713 0.1372 0.1700 0.2839 0.4982 0.4361 0.1575 0.1437 0.2094 0.3771 0.5082 0.3054 0.1380 0.1592 0.2057 0.1592 0.1380 0.3054 0.5082 0.3771 0.2094 0.1437 0.1575 0.4361 0.4982 0.2839 0.1700 0.1372 0.2713 0.5013 0.4011 0.2213 0.1476 0.1488 0.4058 0.5113 0.3114 0.1821 0.1378 0.2050 0.4787 0.4542 0.2515 0.1588 0.1393 0.3243 0.5100 0.3750 0.2111 0.1451 0.1523 0.4154 0.5099 0.3094 0.1822 0.1379 0.1985 0.4743 0.4629 0.2579 0.1614 0.1384 0.3049 0.5066 0.3852
0.5050 0.2950 0.1380 0.1630 0.2621 0.4690 0.4701 0.1911 0.1382 0.1844 0.3146 0.5114 0.4088 0.1505 0.1459 0.2139 0.3811 0.5086 0.3161 0.1389 0.1599 0.2544 0.4582 0.4765 0.2010 0.1379 0.1828 0.3125 0.5114 0.4058 0.1490 0.1474 0.2204 0.3986 0.5023 0.2766 0.1373 0.1689 0.2807 0.4952 0.4407 0.1598 0.1430 0.2068 0.3714 0.5095 0.3134 0.1383 0.1621 0.2548 0.3701 0.2548 0.1621 0.1383 0.3134 0.5095 0.3714 0.2068 0.1430 0.1598 0.4407 0.4952 0.2807 0.1689 0.1373 0.2766 0.5023 0.3986 0.2204 0.1474 0.1490 0.4058 0.5114 0.3125 0.1828 0.1379 0.2010 0.4765 0.4582 0.2544 0.1599 0.1389 0.3161 0.5086 0.3811 0.2139 0.1459 0.1505 0.4088 0.5114 0.3146 0.1844 0.1382 0.1911 0.4701 0.4690 0.2621 0.1630 0.1380 0.2950 0.5050
0.2900 0.1377 0.1647 0.2663 0.4749 0.4658 0.1845 0.1387 0.1867 0.3200 0.5126 0.4019 0.1489 0.1469 0.2169 0.3873 0.5071 0.3071 0.1385 0.1612 0.2576 0.4630 0.4737 0.1962 0.1381 0.1838 0.3146 0.5118 0.4044 0.1488 0.1474 0.2200 0.3973 0.5030 0.2804 0.1374 0.1679 0.2780 0.4925 0.4445 0.1619 0.1424 0.2045 0.3660 0.5107 0.3217 0.1387 0.1614 0.2602 0.4595 0.5087 0.4595 0.2602 0.1614 0.1387 0.3217 0.5107 0.3660 0.2045 0.1424 0.1619 0.4445 0.4925 0.2780 0.1679 0.1374 0.2804 0.5030 0.3973 0.2200 0.1474 0.1488 0.4044 0.5118 0.3146 0.1838 0.1381 0.1962 0.4737 0.4630 0.2576 0.1612 0.1385 0.3071 0.5071 0.3873 0.2169 0.1469 0.1489 0.4019 0.5126 0.3200 0.1867 0.1387 0.1845 0.4658 0.4749 0.2663 0.1647 0.1377 0.2900
0.1457 0.1664 0.2707 0.4804 0.4611 0.1787 0.1391 0.1891 0.3255 0.5135 0.3947 0.1474 0.1479 0.2200 0.3937 0.5053 0.2978 0.1381 0.1627 0.2614 0.4683 0.4703 0.1908 0.1383 0.1852 0.3175 0.5124 0.4016 0.1483 0.1476 0.2204 0.3973 0.5032 0.2823 0.1375 0.1673 0.2760 0.4902 0.4476 0.1639 0.1419 0.2024 0.3611 0.5117 0.3296 0.1392 0.1603 0.2583 0.4665 0.4752 0.3328 0.4752 0.4665 0.2583 0.1603 0.1392 0.3296 0.5117 0.3611 0.2024 0.1419 0.1639 0.4476 0.4902 0.2760 0.1673 0.1375 0.2823 0.5032 0.3973 0.2204 0.1476 0.1483 0.4016 0.5124 0.3175 0.1852 0.1383 0.1908 0.4703 0.4683 0.2614 0.1627 0.1381 0.2978 0.5053 0.3937 0.2200 0.1479 0.1474 0.3947 0.5135 0.3255 0.1891 0.1391 0.1787 0.4611 0.4804 0.2707 0.1664 0.1457
0.1727 0.2751 0.4856 0.4563 0.1736 0.1397 0.1915 0.3311 0.5140 0.3873 0.1460 0.1490 0.2233 0.4003 0.5033 0.2883 0.1378 0.1642 0.2654 0.4737 0.4664 0.1851 0.1387 0.1869 0.3212 0.5130 0.3977 0.1477 0.1480 0.2213 0.3986 0.5030 0.2823 0.1375 0.1669 0.2747 0.4884 0.4499 0.1656 0.1415 0.2007 0.3569 0.5124 0.3366 0.1396 0.1590 0.2552 0.4638 0.4714 0.2021 0.1372 0.2021 0.4714 0.4638 0.2552 0.1590 0.1396 0.3366 0.5124 0.3569 0.2007 0.1415 0.1656 0.4499 0.4884 0.2747 0.1669 0.1375 0.2823 0.5030 0.3986 0.2213 0.1480 0.1477 0.3977 0.5130 0.3212 0.1869 0.1387 0.1851 0.4664 0.4737 0.2654 0.1642 0.1378 0.2883 0.5033 0.4003 0.2233 0.1490 0.1460 0.3873 0.5140 0.3311 0.1915 0.1397 0.1736 0.4563 0.4856 0.2751 0.1727
0.2793 0.4905 0.4512 0.1693 0.1403 0.1940 0.3369 0.5143 0.3796 0.1448 0.1501 0.2266 0.4070 0.5011 0.2784 0.1375 0.1658 0.2695 0.4791 0.4621 0.1796 0.1391 0.1890 0.3256 0.5136 0.3928 0.1468 0.1486 0.2228 0.4011 0.5023 0.2804 0.1375 0.1669 0.2743 0.4875 0.4514 0.1669 0.1412 0.1993 0.3535 0.5129 0.3426 0.1401 0.1579 0.2521 0.4592 0.4733 0.1927 0.1368 0.1546 0.1368 0.1927 0.4733 0.4592 0.2521 0.1579 0.1401 0.3426 0.5129 0.3535 0.1993 0.1412 0.1669 0.4514 0.4875 0.2743 0.1669 0.1375 0.2804 0.5023 0.4011 0.2228 0.1486 0.1468 0.3928 0.5136 0.3256 0.1890 0.1391 0.1796 0.4621 0.4791 0.2695 0.1658 0.1375 0.2784 0.5011 0.4070 0.2266 0.1501 0.1448 0.3796 0.5143 0.3369 0.1940 0.1403 0.1693 0.4512 0.4905 0.2793
0.4907 0.4459 0.1655 0.1409 0.1966 0.3427 0.5142 0.3716 0.1437 0.1513 0.2300 0.4137 0.4986 0.2683 0.1373 0.1675 0.2737 0.4841 0.4576 0.1747 0.1396 0.1912 0.3306 0.5140 0.3869 0.1458 0.1493 0.2248 0.4048 0.5013 0.2766 0.1374 0.1673 0.2747 0.4875 0.4519 0.1676 0.1410 0.1984 0.3508 0.5133 0.3476 0.1405 0.1570 0.2493 0.4546 0.4761 0.1958 0.1380 0.1801 0.2443 0.1801 0.1380 0.1958 0.4761 0.4546 0.2493 0.1570 0.1405 0.3476 0.5133 0.3508 0.1984 0.1410 0.1676 0.4519 0.4875 0.2747 0.1673 0.1374 0.2766 0.5013 0.4048 0.2248 0.1493 0.1458 0.3869 0.5140 0.3306 0.1912 0.1396 0.1747 0.4576 0.4841 0.2737 0.1675 0.1373 0.2683 0.4986 0.4137 0.2300 0.1513 0.1437 0.3716 0.5142 0.3427 0.1966 0.1409 0.1655 0.4459 0.4907
0.4427 0.1622 0.1417 0.1993 0.3487 0.5139 0.3634 0.1427 0.1525 0.2334 0.4205 0.4960 0.2582 0.1372 0.1693 0.2780 0.4889 0.4528 0.1704 0.1401 0.1936 0.3359 0.5142 0.3802 0.1448 0.1502 0.2272 0.4092 0.4999 0.2713 0.1373 0.1679 0.2760 0.4884 0.4514 0.1676 0.1409 0.1979 0.3491 0.5136 0.3514 0.1409 0.1562 0.2470 0.4503 0.4788 0.2009 0.1380 0.1841 0.3081 0.4468 0.3081 0.1841 0.1380 0.2009 0.4788 0.4503 0.2470 0.1562 0.1409 0.3514 0.5136 0.3491 0.1979 0.1409 0.1676 0.4514 0.4884 0.2760 0.1679 0.1373 0.2713 0.4999 0.4092 0.2272 0.1502 0.1448 0.3802 0.5142 0.3359 0.1936 0.1401 0.1704 0.4528 0.4889 0.2780 0.1693 0.1372 0.2582 0.4960 0.4205 0.2334 0.1525 0.1427 0.3634 0.5139 0.3487 0.1993 0.1417 0.1622 0.4427
0.1674 0.1424 0.2020 0.3547 0.5134 0.3549 0.1418 0.1537 0.2370 0.4272 0.4932 0.2482 0.1371 0.1711 0.2826 0.4934 0.4477 0.1667 0.1408 0.1960 0.3415 0.5142 0.3727 0.1438 0.1512 0.2300 0.4144 0.4981 0.2647 0.1372 0.1689 0.2780 0.4902 0.4499 0.1669 0.1410 0.1979 0.3485 0.5137 0.3538 0.1412 0.1557 0.2451 0.4468 0.4810 0.2061 0.1378 0.1835 0.3150 0.5088 0.4816 0.5088 0.3150 0.1835 0.1378 0.2061 0.4810 0.4468 0.2451 0.1557 0.1412 0.3538 0.5137 0.3485 0.1979 0.1410 0.1669 0.4499 0.4902 0.2780 0.1689 0.1372 0.2647 0.4981 0.4144 0.2300 0.1512 0.1438 0.3727 0.5142 0.3415 0.1960 0.1408 0.1667 0.4477 0.4934 0.2826 0.1711 0.1371 0.2482 0.4932 0.4272 0.2370 0.1537 0.1418 0.3549 0.5134 0.3547 0.2020 0.1424 0.1674
0.1500 0.2047 0.3609 0.5126 0.3462 0.1410 0.1550 0.2407 0.4340 0.4902 0.2383 0.1371 0.1730 0.2873 0.4975 0.4424 0.1634 0.1414 0.1985 0.3471 0.5140 0.3650 0.1429 0.1523 0.2332 0.4202 0.4959 0.2570 0.1372 0.1700 0.2807 0.4925 0.4476 0.1656 0.1412 0.1984 0.3491 0.5137 0.3545 0.1413 0.1553 0.2438 0.4440 0.4827 0.2106 0.1377 0.1824 0.3136 0.5115 0.4154 0.2194 0.4154 0.5115 0.3136 0.1824 0.1377 0.2106 0.4827 0.4440 0.2438 0.1553 0.1413 0.3545 0.5137 0.3491 0.1984 0.1412 0.1656 0.4476 0.4925 0.2807 0.1700 0.1372 0.2570 0.4959 0.4202 0.2332 0.1523 0.1429 0.3650 0.5140 0.3471 0.1985 0.1414 0.1634 0.4424 0.4975 0.2873 0.1730 0.1371 0.2383 0.4902 0.4340 0.2407 0.1550 0.1410 0.3462 0.5126 0.3609 0.2047 0.1500
0.2101 0.3672 0.5116 0.3372 0.1403 0.1564 0.2444 0.4406 0.4870 0.2285 0.1372 0.1750 0.2921 0.5011 0.4368 0.1604 0.1421 0.2010 0.3528 0.5135 0.3570 0.1420 0.1535 0.2365 0.4265 0.4934 0.2483 0.1371 0.1714 0.2839 0.4952 0.4445 0.1639 0.1415 0.1993 0.3508 0.5136 0.3538 0.1413 0.1552 0.2431 0.4422 0.4839 0.2142 0.1376 0.1813 0.3110 0.5114 0.4060 0.1512 0.1355 0.1512 0.4060 0.5114 0.3110 0.1813 0.1376 0.2142 0.4839 0.4422 0.2431 0.1552 0.1413 0.3538 0.5136 0.3508 0.1993 0.1415 0.1639 0.4445 0.4952 0.2839 0.1714 0.1371 0.2483 0.4934 0.4265 0.2365 0.1535 0.1420 0.3570 0.5135 0.3528 0.2010 0.1421 0.1604 0.4368 0.5011 0.2921 0.1750 0.1372 0.2285 0.4870 0.4406 0.2444 0.1564 0.1403 0.3372 0.5116 0.3672 0.2101
0.3699 0.5104 0.3280 0.1396 0.1578 0.2483 0.4473 0.4835 0.2191 0.1373 0.1770 0.2970 0.5042 0.4309 0.1577 0.1429 0.2037 0.3587 0.5129 0.3488 0.1412 0.1547 0.2400 0.4329 0.4905 0.2391 0.1371 0.1731 0.2877 0.4982 0.4407 0.1619 0.1419 0.2007 0.3535 0.5133 0.3514 0.1412 0.1553 0.2431 0.4416 0.4846 0.2166 0.1375 0.1804 0.3087 0.5108 0.4071 0.1493 0.1442 0.1748 0.1442 0.1493 0.4071 0.5108 0.3087 0.1804 0.1375 0.2166 0.4846 0.4416 0.2431 0.1553 0.1412 0.3514 0.5133 0.3535 0.2007 0.1419 0.1619 0.4407 0.4982 0.2877 0.1731 0.1371 0.2391 0.4905 0.4329 0.2400 0.1547 0.1412 0.3488 0.5129 0.3587 0.2037 0.1429 0.1577 0.4309 0.5042 0.2970 0.1770 0.1373 0.2191 0.4835 0.4473 0.2483 0.1578 0.1396 0.3280 0.5104 0.3699
0.5089 0.3186 0.1391 0.1593 0.2522 0.4538 0.4799 0.2102 0.1375 0.1791 0.3020 0.5068 0.4248 0.1554 0.1437 0.2065 0.3648 0.5120 0.3403 0.1405 0.1560 0.2435 0.4393 0.4875 0.2298 0.1372 0.1749 0.2920 0.5012 0.4361 0.1598 0.1424 0.2024 0.3569 0.5129 0.3476 0.1409 0.1557 0.2438 0.4422 0.4846 0.2174 0.1375 0.1798 0.3070 0.5102 0.4095 0.1496 0.1466 0.2113 0.2983 0.2113 0.1466 0.1496 0.4095 0.5102 0.3070 0.1798 0.1375 0.2174 0.4846 0.4422 0.2438 0.1557 0.1409 0.3476 0.5129 0.3569 0.2024 0.1424 0.1598 0.4361 0.5012 0.2920 0.1749 0.1372 0.2298 0.4875 0.4393 0.2435 0.1560 0.1405 0.3403 0.5120 0.3648 0.2065 0.1437 0.1554 0.4248 0.5068 0.3020 0.1791 0.1375 0.2102 0.4799 0.4538 0.2522 0.1593 0.1391 0.3186 0.5089
0.3136 0.1386 0.1608 0.2562 0.4602 0.4760 0.2019 0.1378 0.1813 0.3071 0.5090 0.4185 0.1532 0.1446 0.2094 0.3711 0.5109 0.3315 0.1398 0.1573 0.2471 0.4456 0.4843 0.2209 0.1373 0.1767 0.2965 0.5040 0.4309 0.1575 0.1430 0.2045 0.3611 0.5124 0.3426 0.1405 0.1562 0.2451 0.4440 0.4839 0.2166 0.1375 0.1797 0.3061 0.5098 0.4116 0.1501 0.1467 0.2172 0.3800 0.5057 0.3800 0.2172 0.1467 0.1501 0.4116 0.5098 0.3061 0.1797 0.1375 0.2166 0.4839 0.4440 0.2451 0.1562 0.1405 0.3426 0.5124 0.3611 0.2045 0.1430 0.1575 0.4309 0.5040 0.2965 0.1767 0.1373 0.2209 0.4843 0.4456 0.2471 0.1573 0.1398 0.3315 0.5109 0.3711 0.2094 0.1446 0.1532 0.4185 0.5090 0.3071 0.1813 0.1378 0.2019 0.4760 0.4602 0.2562 0.1608 0.1386 0.3136
0.1465 0.1623 0.2603 0.4664 0.4719 0.1942 0.1381 0.1835 0.3123 0.5108 0.4119 0.1513 0.1455 0.2123 0.3775 0.5095 0.3223 0.1393 0.1587 0.2508 0.4518 0.4809 0.2123 0.1375 0.1787 0.3012 0.5065 0.4254 0.1554 0.1437 0.2068 0.3660 0.5117 0.3366 0.1401 0.1570 0.2470 0.4468 0.4827 0.2142 0.1375 0.1798 0.3061 0.5096 0.4128 0.1505 0.1465 0.2174 0.3901 0.5073 0.4231 0.5073 0.3901 0.2174 0.1465 0.1505 0.4128 0.5096 0.3061 0.1798 0.1375 0.2142 0.4827 0.4468 0.2470 0.1570 0.1401 0.3366 0.5117 0.3660 0.2068 0.1437 0.1554 0.4254 0.5065 0.3012 0.1787 0.1375 0.2123 0.4809 0.4518 0.2508 0.1587 0.1393 0.3223 0.5095 0.3775 0.2123 0.1455 0.1513 0.4119 0.5108 0.3123 0.1835 0.1381 0.1942 0.4719 0.4664 0.2603 0.1623 0.1465
0.1688 0.2645 0.4724 0.4676 0.1873 0.1385 0.1857 0.3176 0.5121 0.4051 0.1496 0.1464 0.2154 0.3839 0.5080 0.3128 0.1387 0.1602 0.2547 0.4579 0.4773 0.2042 0.1377 0.1807 0.3060 0.5086 0.4195 0.1535 0.1445 0.2094 0.3714 0.5107 0.3296 0.1396 0.1579 0.2493 0.4503 0.4810 0.2106 0.1376 0.1804 0.3070 0.5098 0.4128 0.1507 0.1464 0.2170 0.3908 0.5054 0.3138 0.1519 0.3138 0.5054 0.3908 0.2170 0.1464 0.1507 0.4128 0.5098 0.3070 0.1804 0.1376 0.2106 0.4810 0.4503 0.2493 0.1579 0.1396 0.3296 0.5107 0.3714 0.2094 0.1445 0.1535 0.4195 0.5086 0.3060 0.1807 0.1377 0.2042 0.4773 0.4579 0.2547 0.1602 0.1387 0.3128 0.5080 0.3839 0.2154 0.1464 0.1496 0.4051 0.5121 0.3176 0.1857 0.1385 0.1873 0.4676 0.4724 0.2645 0.1688
0.2688 0.4781 0.4632 0.1811 0.1389 0.1880 0.3231 0.5131 0.3980 0.1481 0.1474 0.2185 0.3904 0.5063 0.3031 0.1383 0.1617 0.2586 0.4640 0.4735 0.1967 0.1380 0.1828 0.3108 0.5104 0.4134 0.1517 0.1453 0.2120 0.3771 0.5095 0.3217 0.1392 0.1590 0.2521 0.4546 0.4788 0.2061 0.1377 0.1813 0.3087 0.5102 0.4116 0.1505 0.1464 0.2167 0.3902 0.5053 0.2963 0.1377 0.1423 0.1377 0.2963 0.5053 0.3902 0.2167 0.1464 0.1505 0.4116 0.5102 0.3087 0.1813 0.1377 0.2061 0.4788 0.4546 0.2521 0.1590 0.1392 0.3217 0.5095 0.3771 0.2120 0.1453 0.1517 0.4134 0.5104 0.3108 0.1828 0.1380 0.1967 0.4735 0.4640 0.2586 0.1617 0.1383 0.3031 0.5063 0.3904 0.2185 0.1474 0.1481 0.3980 0.5131 0.3231 0.1880 0.1389 0.1811 0.4632 0.4781 0.2688
0.4786 0.4585 0.1758 0.1394 0.1904 0.3285 0.5138 0.3908 0.1467 0.1484 0.2217 0.3970 0.5043 0.2934 0.1379 0.1633 0.2627 0.4699 0.4695 0.1898 0.1383 0.1849 0.3158 0.5118 0.4070 0.1500 0.1462 0.2148 0.3829 0.5082 0.3134 0.1387 0.1603 0.2552 0.4592 0.4761 0.2009 0.1378 0.1824 0.3110 0.5108 0.4095 0.1501 0.1465 0.2170 0.3902 0.5054 0.2941 0.1377 0.1599 0.2066 0.1599 0.1377 0.2941 0.5054 0.3902 0.2170 0.1465 0.1501 0.4095 0.5108 0.3110 0.1824 0.1378 0.2009 0.4761 0.4592 0.2552 0.1603 0.1387 0.3134 0.5082 0.3829 0.2148 0.1462 0.1500 0.4070 0.5118 0.3158 0.1849 0.1383 0.1898 0.4695 0.4699 0.2627 0.1633 0.1379 0.2934 0.5043 0.3970 0.2217 0.1484 0.1467 0.3908 0.5138 0.3285 0.1904 0.1394 0.1758 0.4585 0.4786
0.4561 0.1716 0.1399 0.1926 0.3337 0.5141 0.3839 0.1455 0.1494 0.2246 0.4030 0.5024 0.2843 0.1376 0.1647 0.2666 0.4751 0.4655 0.1840 0.1386 0.1869 0.3206 0.5127 0.4010 0.1486 0.1470 0.2174 0.3884 0.5067 0.3054 0.1383 0.1614 0.2583 0.4638 0.4733 0.1958 0.1380 0.1835 0.3136 0.5114 0.4071 0.1496 0.1467 0.2174 0.3908 0.5053 0.2941 0.1378 0.1638 0.2580 0.3742 0.2580 0.1638 0.1378 0.2941 0.5053 0.3908 0.2174 0.1467 0.1496 0.4071 0.5114 0.3136 0.1835 0.1380 0.1958 0.4733 0.4638 0.2583 0.1614 0.1383 0.3054 0.5067 0.3884 0.2174 0.1470 0.1486 0.4010 0.5127 0.3206 0.1869 0.1386 0.1840 0.4655 0.4751 0.2666 0.1647 0.1376 0.2843 0.5024 0.4030 0.2246 0.1494 0.1455 0.3839 0.5141 0.3337 0.1926 0.1399 0.1716 0.4561
0.1769 0.1401 0.1939 0.3369 0.5140 0.3793 0.1446 0.1499 0.2264 0.4069 0.5008 0.2784 0.1373 0.1655 0.2690 0.4783 0.4627 0.1805 0.1388 0.1881 0.3236 0.5130 0.3970 0.1477 0.1474 0.2189 0.3918 0.5055 0.3002 0.1380 0.1621 0.2602 0.4665 0.4714 0.1927 0.1380 0.1841 0.3150 0.5115 0.4060 0.1493 0.1466 0.2172 0.3901 0.5054 0.2963 0.1377 0.1638 0.2651 0.4647 0.5076 0.4647 0.2651 0.1638 0.1377 0.2963 0.5054 0.3901 0.2172 0.1466 0.1493 0.4060 0.5115 0.3150 0.1841 0.1380 0.1927 0.4714 0.4665 0.2602 0.1621 0.1380 0.3002 0.5055 0.3918 0.2189 0.1474 0.1477 0.3970 0.5130 0.3236 0.1881 0.1388 0.1805 0.4627 0.4783 0.2690 0.1655 0.1373 0.2784 0.5008 0.4069 0.2264 0.1499 0.1446 0.3793 0.5140 0.3369 0.1939 0.1401 0.1769
0.1461 0.1899 0.3308 0.5129 0.3882 0.1453 0.1477 0.2218 0.4001 0.5021 0.2899 0.1368 0.1626 0.2637 0.4722 0.4668 0.1871 0.1374 0.1843 0.3177 0.5112 0.4050 0.1487 0.1453 0.2144 0.3849 0.5065 0.3120 0.1377 0.1592 0.2548 0.4595 0.4752 0.2021 0.1368 0.1801 0.3081 0.5088 0.4154 0.1512 0.1442 0.2113 0.3800 0.5073 0.3138 0.1377 0.1599 0.2580 0.4647 0.4767 0.3414 0.4767 0.4647 0.2580 0.1599 0.1377 0.3138 0.5073 0.3800 0.2113 0.1442 0.1512 0.4154 0.5088 0.3081 0.1801 0.1368 0.2021 0.4752 0.4595 0.2548 0.1592 0.1377 0.3120 0.5065 0.3849 0.2144 0.1453 0.1487 0.4050 0.5112 0.3177 0.1843 0.1374 0.1871 0.4668 0.4722 0.2637 0.1626 0.1368 0.2899 0.5021 0.4001 0.2218 0.1477 0.1453 0.3882 0.5129 0.3308 0.1899 0.1461
0.1664 0.2622 0.4731 0.4658 0.1867 0.1367 0.1826 0.3164 0.5108 0.4046 0.1469 0.1442 0.2122 0.3841 0.5056 0.3135 0.1362 0.1574 0.2520 0.4587 0.4753 0.2049 0.1359 0.1775 0.3039 0.5075 0.4195 0.1512 0.1422 0.2057 0.3701 0.5087 0.3328 0.1372 0.1546 0.2443 0.4468 0.4816 0.2194 0.1355 0.1748 0.2983 0.5057 0.4231 0.1519 0.1423 0.2066 0.3742 0.5076 0.3414 0.1590 0.3414 0.5076 0.3742 0.2066 0.1423 0.1519 0.4231 0.5057 0.2983 0.1748 0.1355 0.2194 0.4816 0.4468 0.2443 0.1546 0.1372 0.3328 0.5087 0.3701 0.2057 0.1422 0.1512 0.4195 0.5075 0.3039 0.1775 0.1359 0.2049 0.4753 0.4587 0.2520 0.1574 0.1362 0.3135 0.5056 0.3841 0.2122 0.1442 0.1469 0.4046 0.5108 0.3164 0.1826 0.1367 0.1867 0.4658 0.4731 0.2622 0.1664
0.1461 0.1899 0.3308 0.5129 0.3882 0.1453 0.1477 0.2218 0.4001 0.5021 0.2899 0.1368 0.1626 0.2637 0.4722 0.4668 0.1871 0.1374 0.1843 0.3177 0.5112 0.4050 0.1487 0.1453 0.2144 0.3849 0.5065 0.3120 0.1377 0.1592 0.2548 0.4595 0.4752 0.2021 0.1368 0.1801 0.3081 0.5088 0.4154 0.1512 0.1442 0.2113 0.3800 0.5073 0.3138 0.1377 0.1599 0.2580 0.4647 0.4767 0.3414 0.4767 0.4647 0.2580 0.1599 0.1377 0.3138 0.5073 0.3800 0.2113 0.1442 0.1512 0.4154 0.5088 0.3081 0.1801 0.1368 0.2021 0.4752 0.4595 0.2548 0.1592 0.1377 0.3120 0.5065 0.3849 0.2144 0.1453 0.1487 0.4050 0.5112 0.3177 0.1843 0.1374 0.1871 0.4668 0.4722 0.2637 0.1626 0.1368 0.2899 0.5021 0.4001 0.2218 0.1477 0.1453 0.3882 0.5129 0.3308 0.1899 0.1461
0.1769 0.1401 0.1939 0.3369 0.5140 0.3793 0.1446 0.1499 0.2264 0.4069 0.5008 0.2784 0.1373 0.1655 0.2690 0.4783 0.4627 0.1805 0.1388 0.1881 0.3236 0.5130 0.3970 0.1477 0.1474 0.2189 0.3918 0.5055 0.3002 0.1380 0.1621 0.2602 0.4665 0.4714 0.1927 0.1380 0.1841 0.3150 0.5115 0.4060 0.1493 0.1466 0.2172 0.3901 0.5054 0.2963 0.1377 0.1638 0.2651 0.4647 0.5076 0.4647 0.2651 0.1638 0.1377 0.2963 0.5054 0.3901 0.2172 0.1466 0.1493 0.4060 0.5115 0.3150 0.1841 0.1380 0.1927 0.4714 0.4665 0.2602 0.1621 0.1380 0.3002 0.5055 0.3918 0.2189 0.1474 0.1477 0.3970 0.5130 0.3236 0.1881 0.1388 0.1805 0.4627 0.4783 0.2690 0.1655 0.1373 0.2784 0.5008 0.4069 0.2264 0.1499 0.1446 0.3793 0.5140 0.3369 0.1939 0.1401 0.1769
0.4561 0.1716 0.1399 0.1926 0.3337 0.5141 0.3839 0.1455 0.1494 0.2246 0.4030 0.5024 0.2843 0.1376 0.1647 0.2666 0.4751 0.4655 0.1840 0.1386 0.1869 0.3206 0.5127 0.4010 0.1486 0.1470 0.2174 0.3884 0.5067 0.3054 0.1383 0.1614 0.2583 0.4638 0.4733 0.1958 0.1380 0.1835 0.3136 0.5114 0.4071 0.1496 0.1467 0.2174 0.3908 0.5053 0.2941 0.1378 0.1638 0.2580 0.3742 0.2580 0.1638 0.1378 0.2941 0.5053 0.3908 0.2174 0.1467 0.1496 0.4071 0.5114 0.3136 0.1835 0.1380 0.1958 0.4733 0.4638 0.2583 0.1614 0.1383 0.3054 0.5067 0.3884 0.2174 0.1470 0.1486 0.4010 0.5127 0.3206 0.1869 0.1386 0.1840 0.4655 0.4751 0.2666 0.1647 0.1376 0.2843 0.5024 0.4030 0.2246 0.1494 0.1455 0.3839 0.5141 0.3337 0.1926 0.1399 0.1716 0.4561
0.4786 0.4585 0.1758 0.1394 0.1904 0.3285 0.5138 0.3908 0.1467 0.1484 0.2217 0.3970 0.5043 0.2934 0.1379 0.1633 0.2627 0.4699 0.4695 0.1898 0.1383 0.1849 0.3158 0.5118 0.4070 0.1500 0.1462 0.2148 0.3829 0.5082 0.3134 0.1387 0.1603 0.2552 0.4592 0.4761 0.2009 0.1378 0.1824 0.3110 0.5108 0.4095 0.1501 0.1465 0.2170 0.3902 0.5054 0.2941 0.1377 0.1599 0.2066 0.1599 0.1377 0.2941 0.5054 0.3902 0.2170 0.1465 0.1501 0.4095 0.5108 0.3110 0.1824 0.1378 0.2009 0.4761 0.4592 0.2552 0.1603 0.1387 0.3134 0.5082 0.3829 0.2148 0.1462 0.1500 0.4070 0.5118 0.3158 0.1849 0.1383 0.1898 0.4695 0.4699 0.2627 0.1633 0.1379 0.2934 0.5043 0.3970 0.2217 0.1484 0.1467 0.3908 0.5138 0.3285 0.1904 0.1394 0.1758 0.4585 0.4786
0.2688 0.4781 0.4632 0.1811 0.1389 0.1880 0.3231 0.5131 0.3980 0.1481 0.1474 0.2185 0.3904 0.5063 0.3031 0.1383 0.1617 0.2586 0.4640 0.4735 0.1967 0.1380 0.1828 0.3108 0.5104 0.4134 0.1517 0.1453 0.2120 0.3771 0.5095 0.3217 0.1392 0.1590 0.2521 0.4546 0.4788 0.2061 0.1377 0.1813 0.3087 0.5102 0.4116 0.1505 0.1464 0.2167 0.3902 0.5053 0.2963 0.1377 0.1423 0.1377 0.2963 0.5053 0.3902 0.2167 0.1464 0.1505 0.4116 0.5102 0.3087 0.1813 0.1377 0.2061 0.4788 0.4546 0.2521 0.1590 0.1392 0.3217 0.5095 0.3771 0.2120 0.1453 0.1517 0.4134 0.5104 0.3108 0.1828 0.1380 0.1967 0.4735 0.4640 0.2586 0.1617 0.1383 0.3031 0.5063 0.3904 0.2185 0.1474 0.1481 0.3980 0.5131 0.3231 0.1880 0.1389 0.1811 0.4632 0.4781 0.2688
