0.0048 0.0672 0.8770 1.0000 0.0001 0.0013 0.0173 0.2256 1.0000 1.0000 0.0003 0.0044 0.0577 0.7504 1.0000 0.0001 0.0011 0.0148 0.1919 1.0000 1.0000 0.0003 0.0038 0.0489 0.6360 1.0000 0.0001 0.0010 0.0125 0.1623 1.0000 1.0000 0.0002 0.0032 0.0414 0.5369 1.0000 0.0001 0.0008 0.0105 0.1368 1.0000 1.0000 0.0002 0.0027 0.0349 0.4525 1.0000 0.0001 0.0006 0.0028 0.0006 0.0001 1.0000 0.4525 0.0349 0.0027 0.0002 1.0000 1.0000 0.1368 0.0105 0.0008 0.0001 1.0000 0.5369 0.0414 0.0032 0.0002 1.0000 1.0000 0.1623 0.0125 0.0010 0.0001 1.0000 0.6360 0.0489 0.0038 0.0003 1.0000 1.0000 0.1919 0.0148 0.0011 0.0001 1.0000 0.7504 0.0577 0.0044 0.0003 1.0000 1.0000 0.2256 0.0173 0.0013 0.0001 1.0000 0.8770 0.0672 0.0048
0.0672 0.8956 1.0000 0.0001 0.0013 0.0171 0.2226 1.0000 1.0000 0.0003 0.0044 0.0568 0.7391 1.0000 0.0001 0.0011 0.0145 0.1890 1.0000 1.0000 0.0003 0.0037 0.0482 0.6275 1.0000 0.0001 0.0009 0.0123 0.1599 1.0000 1.0000 0.0002 0.0031 0.0408 0.5298 1.0000 0.0001 0.0008 0.0104 0.1350 1.0000 1.0000 0.0002 0.0026 0.0344 0.4465 1.0000 1.0000 0.0006 0.0073 0.0355 0.0073 0.0006 1.0000 1.0000 0.4465 0.0344 0.0026 0.0002 1.0000 1.0000 0.1350 0.0104 0.0008 0.0001 1.0000 0.5298 0.0408 0.0031 0.0002 1.0000 1.0000 0.1599 0.0123 0.0009 0.0001 1.0000 0.6275 0.0482 0.0037 0.0003 1.0000 1.0000 0.1890 0.0145 0.0011 0.0001 1.0000 0.7391 0.0568 0.0044 0.0003 1.0000 1.0000 0.2226 0.0171 0.0013 0.0001 1.0000 0.8956 0.0672
0.8770 1.0000 0.0001 0.0013 0.0163 0.2094 1.0000 1.0000 0.0003 0.0041 0.0530 0.6888 1.0000 0.0001 0.0010 0.0135 0.1762 1.0000 1.0000 0.0003 0.0035 0.0450 0.5849 1.0000 0.0001 0.0009 0.0115 0.1490 1.0000 1.0000 0.0002 0.0029 0.0380 0.4938 1.0000 0.0001 0.0007 0.0097 0.1258 1.0000 1.0000 0.0002 0.0025 0.0321 0.4169 1.0000 1.0000 0.0006 0.0079 0.0888 0.4274 0.0888 0.0079 0.0006 1.0000 1.0000 0.4169 0.0321 0.0025 0.0002 1.0000 1.0000 0.1258 0.0097 0.0007 0.0001 1.0000 0.4938 0.0380 0.0029 0.0002 1.0000 1.0000 0.1490 0.0115 0.0009 0.0001 1.0000 0.5849 0.0450 0.0035 0.0003 1.0000 1.0000 0.1762 0.0135 0.0010 0.0001 1.0000 0.6888 0.0530 0.0041 0.0003 1.0000 1.0000 0.2094 0.0163 0.0013 0.0001 1.0000 0.8770
1.0000 0.0001 0.0013 0.0159 0.2024 1.0000 1.0000 0.0003 0.0038 0.0495 0.6433 1.0000 0.0001 0.0010 0.0126 0.1642 1.0000 1.0000 0.0002 0.0032 0.0419 0.5452 1.0000 0.0001 0.0008 0.0107 0.1389 1.0000 1.0000 0.0002 0.0027 0.0355 0.4603 1.0000 0.0001 0.0007 0.0090 0.1173 1.0000 1.0000 0.0002 0.0023 0.0299 0.3886 1.0000 1.0000 0.0006 0.0076 0.0951 1.0000 1.0000 1.0000 0.0951 0.0076 0.0006 1.0000 1.0000 0.3886 0.0299 0.0023 0.0002 1.0000 1.0000 0.1173 0.0090 0.0007 0.0001 1.0000 0.4603 0.0355 0.0027 0.0002 1.0000 1.0000 0.1389 0.0107 0.0008 0.0001 1.0000 0.5452 0.0419 0.0032 0.0002 1.0000 1.0000 0.1642 0.0126 0.0010 0.0001 1.0000 0.6433 0.0495 0.0038 0.0003 1.0000 1.0000 0.2024 0.0159 0.0013 0.0001 1.0000
0.0001 0.0013 0.0163 0.2024 1.0000 1.0000 0.0003 0.0036 0.0468 0.6041 1.0000 0.0001 0.0009 0.0118 0.1530 1.0000 1.0000 0.0002 0.0030 0.0391 0.5081 1.0000 0.0001 0.0008 0.0100 0.1297 1.0000 1.0000 0.0002 0.0025 0.0330 0.4298 1.0000 1.0000 0.0006 0.0084 0.1095 1.0000 1.0000 0.0002 0.0021 0.0278 0.3622 1.0000 1.0000 0.0005 0.0071 0.0914 1.0000 1.0000 1.0000 1.0000 1.0000 0.0914 0.0071 0.0005 1.0000 1.0000 0.3622 0.0278 0.0021 0.0002 1.0000 1.0000 0.1095 0.0084 0.0006 1.0000 1.0000 0.4298 0.0330 0.0025 0.0002 1.0000 1.0000 0.1297 0.0100 0.0008 0.0001 1.0000 0.5081 0.0391 0.0030 0.0002 1.0000 1.0000 0.1530 0.0118 0.0009 0.0001 1.0000 0.6041 0.0468 0.0036 0.0003 1.0000 1.0000 0.2024 0.0163 0.0013 0.0001
0.0013 0.0171 0.2094 1.0000 1.0000 0.0003 0.0035 0.0450 0.5761 1.0000 0.0001 0.0008 0.0110 0.1429 1.0000 1.0000 0.0002 0.0028 0.0364 0.4736 1.0000 0.0001 0.0007 0.0093 0.1209 1.0000 1.0000 0.0002 0.0024 0.0308 0.4006 1.0000 1.0000 0.0006 0.0078 0.1021 1.0000 1.0000 0.0002 0.0020 0.0260 0.3376 1.0000 1.0000 0.0005 0.0066 0.0858 1.0000 1.0000 0.0001 0.0005 0.0001 1.0000 1.0000 0.0858 0.0066 0.0005 1.0000 1.0000 0.3376 0.0260 0.0020 0.0002 1.0000 1.0000 0.1021 0.0078 0.0006 1.0000 1.0000 0.4006 0.0308 0.0024 0.0002 1.0000 1.0000 0.1209 0.0093 0.0007 0.0001 1.0000 0.4736 0.0364 0.0028 0.0002 1.0000 1.0000 0.1429 0.0110 0.0008 0.0001 1.0000 0.5761 0.0450 0.0035 0.0003 1.0000 1.0000 0.2094 0.0171 0.0013
0.0173 0.2226 1.0000 1.0000 0.0003 0.0035 0.0443 0.5609 1.0000 0.0001 0.0008 0.0104 0.1345 1.0000 1.0000 0.0002 0.0026 0.0340 0.4414 1.0000 1.0000 0.0007 0.0087 0.1127 1.0000 1.0000 0.0002 0.0022 0.0287 0.3734 1.0000 1.0000 0.0006 0.0073 0.0951 1.0000 1.0000 0.0001 0.0019 0.0242 0.3146 1.0000 1.0000 0.0005 0.0062 0.0802 1.0000 1.0000 0.0001 0.0013 0.0063 0.0013 0.0001 1.0000 1.0000 0.0802 0.0062 0.0005 1.0000 1.0000 0.3146 0.0242 0.0019 0.0001 1.0000 1.0000 0.0951 0.0073 0.0006 1.0000 1.0000 0.3734 0.0287 0.0022 0.0002 1.0000 1.0000 0.1127 0.0087 0.0007 1.0000 1.0000 0.4414 0.0340 0.0026 0.0002 1.0000 1.0000 0.1345 0.0104 0.0008 0.0001 1.0000 0.5609 0.0443 0.0035 0.0003 1.0000 1.0000 0.2226 0.0173
0.2256 1.0000 1.0000 0.0003 0.0036 0.0450 0.5609 1.0000 0.0001 0.0008 0.0100 0.1277 1.0000 1.0000 0.0002 0.0024 0.0317 0.4122 1.0000 1.0000 0.0006 0.0081 0.1050 1.0000 1.0000 0.0002 0.0021 0.0268 0.3480 1.0000 1.0000 0.0005 0.0068 0.0887 1.0000 1.0000 0.0001 0.0017 0.0226 0.2933 1.0000 1.0000 0.0004 0.0057 0.0747 0.9700 1.0000 0.0001 0.0014 0.0159 0.0766 0.0159 0.0014 0.0001 1.0000 0.9700 0.0747 0.0057 0.0004 1.0000 1.0000 0.2933 0.0226 0.0017 0.0001 1.0000 1.0000 0.0887 0.0068 0.0005 1.0000 1.0000 0.3480 0.0268 0.0021 0.0002 1.0000 1.0000 0.1050 0.0081 0.0006 1.0000 1.0000 0.4122 0.0317 0.0024 0.0002 1.0000 1.0000 0.1277 0.0100 0.0008 0.0001 1.0000 0.5609 0.0450 0.0036 0.0003 1.0000 1.0000 0.2256
1.0000 1.0000 0.0003 0.0038 0.0468 0.5761 1.0000 0.0001 0.0008 0.0097 0.1237 1.0000 1.0000 0.0002 0.0023 0.0298 0.3864 1.0000 1.0000 0.0006 0.0075 0.0979 1.0000 1.0000 0.0001 0.0019 0.0249 0.3244 1.0000 1.0000 0.0005 0.0064 0.0826 1.0000 1.0000 0.0001 0.0016 0.0211 0.2733 1.0000 1.0000 0.0004 0.0054 0.0696 0.9041 1.0000 0.0001 0.0014 0.0171 0.1930 0.9285 0.1930 0.0171 0.0014 0.0001 1.0000 0.9041 0.0696 0.0054 0.0004 1.0000 1.0000 0.2733 0.0211 0.0016 0.0001 1.0000 1.0000 0.0826 0.0064 0.0005 1.0000 1.0000 0.3244 0.0249 0.0019 0.0001 1.0000 1.0000 0.0979 0.0075 0.0006 1.0000 1.0000 0.3864 0.0298 0.0023 0.0002 1.0000 1.0000 0.1237 0.0097 0.0008 0.0001 1.0000 0.5761 0.0468 0.0038 0.0003 1.0000 1.0000
1.0000 0.0003 0.0041 0.0495 0.6041 1.0000 0.0001 0.0008 0.0097 0.1223 1.0000 1.0000 0.0002 0.0022 0.0283 0.3650 1.0000 1.0000 0.0005 0.0070 0.0914 1.0000 1.0000 0.0001 0.0018 0.0232 0.3023 1.0000 1.0000 0.0005 0.0059 0.0770 1.0000 1.0000 0.0001 0.0015 0.0196 0.2553 1.0000 1.0000 0.0004 0.0050 0.0649 0.8443 1.0000 0.0001 0.0013 0.0164 0.2067 1.0000 1.0000 1.0000 0.2067 0.0164 0.0013 0.0001 1.0000 0.8443 0.0649 0.0050 0.0004 1.0000 1.0000 0.2553 0.0196 0.0015 0.0001 1.0000 1.0000 0.0770 0.0059 0.0005 1.0000 1.0000 0.3023 0.0232 0.0018 0.0001 1.0000 1.0000 0.0914 0.0070 0.0005 1.0000 1.0000 0.3650 0.0283 0.0022 0.0002 1.0000 1.0000 0.1223 0.0097 0.0008 0.0001 1.0000 0.6041 0.0495 0.0041 0.0003 1.0000
0.0003 0.0044 0.0530 0.6433 1.0000 0.0001 0.0008 0.0100 0.1237 1.0000 1.0000 0.0002 0.0021 0.0273 0.3493 1.0000 1.0000 0.0005 0.0066 0.0857 1.0000 1.0000 0.0001 0.0017 0.0217 0.2818 1.0000 1.0000 0.0004 0.0055 0.0718 0.9338 1.0000 0.0001 0.0014 0.0183 0.2379 1.0000 1.0000 0.0004 0.0047 0.0605 0.7869 1.0000 0.0001 0.0012 0.0154 0.1986 1.0000 1.0000 0.0001 1.0000 1.0000 0.1986 0.0154 0.0012 0.0001 1.0000 0.7869 0.0605 0.0047 0.0004 1.0000 1.0000 0.2379 0.0183 0.0014 0.0001 1.0000 0.9338 0.0718 0.0055 0.0004 1.0000 1.0000 0.2818 0.0217 0.0017 0.0001 1.0000 1.0000 0.0857 0.0066 0.0005 1.0000 1.0000 0.3493 0.0273 0.0021 0.0002 1.0000 1.0000 0.1237 0.0100 0.0008 0.0001 1.0000 0.6433 0.0530 0.0044 0.0003
0.0044 0.0568 0.6888 1.0000 0.0001 0.0008 0.0104 0.1277 1.0000 1.0000 0.0002 0.0021 0.0267 0.3389 1.0000 1.0000 0.0005 0.0063 0.0809 1.0000 1.0000 0.0001 0.0016 0.0203 0.2631 1.0000 1.0000 0.0004 0.0052 0.0669 0.8704 1.0000 0.0001 0.0013 0.0170 0.2217 1.0000 1.0000 0.0003 0.0043 0.0565 0.7335 1.0000 0.0001 0.0011 0.0143 0.1862 1.0000 1.0000 0.0002 0.0011 0.0002 1.0000 1.0000 0.1862 0.0143 0.0011 0.0001 1.0000 0.7335 0.0565 0.0043 0.0003 1.0000 1.0000 0.2217 0.0170 0.0013 0.0001 1.0000 0.8704 0.0669 0.0052 0.0004 1.0000 1.0000 0.2631 0.0203 0.0016 0.0001 1.0000 1.0000 0.0809 0.0063 0.0005 1.0000 1.0000 0.3389 0.0267 0.0021 0.0002 1.0000 1.0000 0.1277 0.0104 0.0008 0.0001 1.0000 0.6888 0.0568 0.0044
0.0577 0.7391 1.0000 0.0001 0.0009 0.0110 0.1345 1.0000 1.0000 0.0002 0.0021 0.0267 0.3357 1.0000 1.0000 0.0005 0.0060 0.0770 0.9905 1.0000 0.0001 0.0015 0.0190 0.2462 1.0000 1.0000 0.0004 0.0048 0.0625 0.8112 1.0000 0.0001 0.0012 0.0159 0.2067 1.0000 1.0000 0.0003 0.0040 0.0527 0.6836 1.0000 0.0001 0.0010 0.0134 0.1738 1.0000 1.0000 0.0003 0.0029 0.0137 0.0029 0.0003 1.0000 1.0000 0.1738 0.0134 0.0010 0.0001 1.0000 0.6836 0.0527 0.0040 0.0003 1.0000 1.0000 0.2067 0.0159 0.0012 0.0001 1.0000 0.8112 0.0625 0.0048 0.0004 1.0000 1.0000 0.2462 0.0190 0.0015 0.0001 1.0000 0.9905 0.0770 0.0060 0.0005 1.0000 1.0000 0.3357 0.0267 0.0021 0.0002 1.0000 1.0000 0.1345 0.0110 0.0009 0.0001 1.0000 0.7391 0.0577
0.7504 1.0000 0.0001 0.0010 0.0118 0.1429 1.0000 1.0000 0.0002 0.0022 0.0273 0.3389 1.0000 1.0000 0.0005 0.0059 0.0744 0.9518 1.0000 0.0001 0.0014 0.0179 0.2317 1.0000 1.0000 0.0003 0.0045 0.0583 0.7576 1.0000 0.0001 0.0011 0.0148 0.1926 1.0000 1.0000 0.0003 0.0038 0.0491 0.6372 1.0000 0.0001 0.0010 0.0125 0.1620 1.0000 1.0000 0.0002 0.0031 0.0347 0.1664 0.0347 0.0031 0.0002 1.0000 1.0000 0.1620 0.0125 0.0010 0.0001 1.0000 0.6372 0.0491 0.0038 0.0003 1.0000 1.0000 0.1926 0.0148 0.0011 0.0001 1.0000 0.7576 0.0583 0.0045 0.0003 1.0000 1.0000 0.2317 0.0179 0.0014 0.0001 1.0000 0.9518 0.0744 0.0059 0.0005 1.0000 1.0000 0.3389 0.0273 0.0022 0.0002 1.0000 1.0000 0.1429 0.0118 0.0010 0.0001 1.0000 0.7504
1.0000 0.0001 0.0010 0.0126 0.1530 1.0000 1.0000 0.0002 0.0023 0.0283 0.3493 1.0000 1.0000 0.0005 0.0058 0.0730 0.9267 1.0000 0.0001 0.0013 0.0170 0.2192 1.0000 1.0000 0.0003 0.0042 0.0546 0.7088 1.0000 0.0001 0.0011 0.0138 0.1799 1.0000 1.0000 0.0003 0.0035 0.0457 0.5950 1.0000 0.0001 0.0009 0.0116 0.1513 1.0000 1.0000 0.0002 0.0029 0.0370 0.4193 1.0000 0.4193 0.0370 0.0029 0.0002 1.0000 1.0000 0.1513 0.0116 0.0009 0.0001 1.0000 0.5950 0.0457 0.0035 0.0003 1.0000 1.0000 0.1799 0.0138 0.0011 0.0001 1.0000 0.7088 0.0546 0.0042 0.0003 1.0000 1.0000 0.2192 0.0170 0.0013 0.0001 1.0000 0.9267 0.0730 0.0058 0.0005 1.0000 1.0000 0.3493 0.0283 0.0023 0.0002 1.0000 1.0000 0.1530 0.0126 0.0010 0.0001 1.0000
0.0001 0.0011 0.0135 0.1642 1.0000 1.0000 0.0002 0.0024 0.0298 0.3650 1.0000 1.0000 0.0005 0.0059 0.0730 0.9180 1.0000 0.0001 0.0013 0.0163 0.2094 1.0000 1.0000 0.0003 0.0040 0.0513 0.6644 1.0000 0.0001 0.0010 0.0129 0.1680 1.0000 1.0000 0.0003 0.0033 0.0427 0.5546 1.0000 0.0001 0.0008 0.0108 0.1410 1.0000 1.0000 0.0002 0.0028 0.0356 0.4490 1.0000 1.0000 1.0000 0.4490 0.0356 0.0028 0.0002 1.0000 1.0000 0.1410 0.0108 0.0008 0.0001 1.0000 0.5546 0.0427 0.0033 0.0003 1.0000 1.0000 0.1680 0.0129 0.0010 0.0001 1.0000 0.6644 0.0513 0.0040 0.0003 1.0000 1.0000 0.2094 0.0163 0.0013 0.0001 1.0000 0.9180 0.0730 0.0059 0.0005 1.0000 1.0000 0.3650 0.0298 0.0024 0.0002 1.0000 1.0000 0.1642 0.0135 0.0011 0.0001
0.0011 0.0145 0.1762 1.0000 1.0000 0.0002 0.0026 0.0317 0.3864 1.0000 1.0000 0.0005 0.0060 0.0744 0.9267 1.0000 0.0001 0.0013 0.0159 0.2028 1.0000 1.0000 0.0003 0.0038 0.0484 0.6252 1.0000 0.0001 0.0009 0.0121 0.1572 1.0000 1.0000 0.0002 0.0031 0.0399 0.5179 1.0000 0.0001 0.0008 0.0101 0.1314 1.0000 1.0000 0.0002 0.0026 0.0334 0.4315 1.0000 1.0000 0.0002 1.0000 1.0000 0.4315 0.0334 0.0026 0.0002 1.0000 1.0000 0.1314 0.0101 0.0008 0.0001 1.0000 0.5179 0.0399 0.0031 0.0002 1.0000 1.0000 0.1572 0.0121 0.0009 0.0001 1.0000 0.6252 0.0484 0.0038 0.0003 1.0000 1.0000 0.2028 0.0159 0.0013 0.0001 1.0000 0.9267 0.0744 0.0060 0.0005 1.0000 1.0000 0.3864 0.0317 0.0026 0.0002 1.0000 1.0000 0.1762 0.0145 0.0011
0.0148 0.1890 1.0000 1.0000 0.0002 0.0028 0.0340 0.4122 1.0000 1.0000 0.0005 0.0063 0.0770 0.9518 1.0000 0.0001 0.0013 0.0158 0.1993 1.0000 1.0000 0.0003 0.0036 0.0461 0.5939 1.0000 0.0001 0.0009 0.0114 0.1473 1.0000 1.0000 0.0002 0.0029 0.0372 0.4836 1.0000 0.0001 0.0007 0.0095 0.1227 1.0000 1.0000 0.0002 0.0024 0.0312 0.4044 1.0000 1.0000 0.0005 0.0025 0.0005 1.0000 1.0000 0.4044 0.0312 0.0024 0.0002 1.0000 1.0000 0.1227 0.0095 0.0007 0.0001 1.0000 0.4836 0.0372 0.0029 0.0002 1.0000 1.0000 0.1473 0.0114 0.0009 0.0001 1.0000 0.5939 0.0461 0.0036 0.0003 1.0000 1.0000 0.1993 0.0158 0.0013 0.0001 1.0000 0.9518 0.0770 0.0063 0.0005 1.0000 1.0000 0.4122 0.0340 0.0028 0.0002 1.0000 1.0000 0.1890 0.0148
0.1919 1.0000 1.0000 0.0002 0.0030 0.0364 0.4414 1.0000 1.0000 0.0005 0.0066 0.0809 0.9905 1.0000 0.0001 0.0013 0.0159 0.1993 1.0000 1.0000 0.0003 0.0035 0.0445 0.5685 1.0000 0.0001 0.0008 0.0107 0.1386 1.0000 1.0000 0.0002 0.0027 0.0349 0.4525 1.0000 0.0001 0.0007 0.0088 0.1148 1.0000 1.0000 0.0002 0.0022 0.0291 0.3777 1.0000 1.0000 0.0005 0.0062 0.0299 0.0062 0.0005 1.0000 1.0000 0.3777 0.0291 0.0022 0.0002 1.0000 1.0000 0.1148 0.0088 0.0007 0.0001 1.0000 0.4525 0.0349 0.0027 0.0002 1.0000 1.0000 0.1386 0.0107 0.0008 0.0001 1.0000 0.5685 0.0445 0.0035 0.0003 1.0000 1.0000 0.1993 0.0159 0.0013 0.0001 1.0000 0.9905 0.0809 0.0066 0.0005 1.0000 1.0000 0.4414 0.0364 0.0030 0.0002 1.0000 1.0000 0.1919
1.0000 1.0000 0.0003 0.0032 0.0391 0.4736 1.0000 1.0000 0.0006 0.0070 0.0857 1.0000 1.0000 0.0001 0.0013 0.0163 0.2028 1.0000 1.0000 0.0003 0.0034 0.0435 0.5514 1.0000 0.0001 0.0008 0.0102 0.1312 1.0000 1.0000 0.0002 0.0025 0.0327 0.4233 1.0000 1.0000 0.0006 0.0083 0.1074 1.0000 1.0000 0.0002 0.0021 0.0272 0.3534 1.0000 1.0000 0.0005 0.0067 0.0753 0.3622 0.0753 0.0067 0.0005 1.0000 1.0000 0.3534 0.0272 0.0021 0.0002 1.0000 1.0000 0.1074 0.0083 0.0006 1.0000 1.0000 0.4233 0.0327 0.0025 0.0002 1.0000 1.0000 0.1312 0.0102 0.0008 0.0001 1.0000 0.5514 0.0435 0.0034 0.0003 1.0000 1.0000 0.2028 0.0163 0.0013 0.0001 1.0000 1.0000 0.0857 0.0070 0.0006 1.0000 1.0000 0.4736 0.0391 0.0032 0.0003 1.0000 1.0000
1.0000 0.0003 0.0035 0.0419 0.5081 1.0000 1.0000 0.0006 0.0075 0.0914 1.0000 1.0000 0.0001 0.0014 0.0170 0.2094 1.0000 1.0000 0.0003 0.0034 0.0431 0.5431 1.0000 0.0001 0.0008 0.0098 0.1251 1.0000 1.0000 0.0002 0.0024 0.0306 0.3968 1.0000 1.0000 0.0006 0.0077 0.1005 1.0000 1.0000 0.0002 0.0020 0.0255 0.3306 1.0000 1.0000 0.0005 0.0064 0.0808 0.9128 1.0000 0.9128 0.0808 0.0064 0.0005 1.0000 1.0000 0.3306 0.0255 0.0020 0.0002 1.0000 1.0000 0.1005 0.0077 0.0006 1.0000 1.0000 0.3968 0.0306 0.0024 0.0002 1.0000 1.0000 0.1251 0.0098 0.0008 0.0001 1.0000 0.5431 0.0431 0.0034 0.0003 1.0000 1.0000 0.2094 0.0170 0.0014 0.0001 1.0000 1.0000 0.0914 0.0075 0.0006 1.0000 1.0000 0.5081 0.0419 0.0035 0.0003 1.0000
0.0003 0.0037 0.0450 0.5452 1.0000 0.0001 0.0007 0.0081 0.0979 1.0000 1.0000 0.0001 0.0015 0.0179 0.2192 1.0000 1.0000 0.0003 0.0035 0.0435 0.5431 1.0000 0.0001 0.0007 0.0095 0.1207 1.0000 1.0000 0.0002 0.0022 0.0289 0.3734 1.0000 1.0000 0.0006 0.0072 0.0940 1.0000 1.0000 0.0001 0.0018 0.0238 0.3093 1.0000 1.0000 0.0005 0.0060 0.0776 0.9793 1.0000 1.0000 1.0000 0.9793 0.0776 0.0060 0.0005 1.0000 1.0000 0.3093 0.0238 0.0018 0.0001 1.0000 1.0000 0.0940 0.0072 0.0006 1.0000 1.0000 0.3734 0.0289 0.0022 0.0002 1.0000 1.0000 0.1207 0.0095 0.0007 0.0001 1.0000 0.5431 0.0435 0.0035 0.0003 1.0000 1.0000 0.2192 0.0179 0.0015 0.0001 1.0000 1.0000 0.0979 0.0081 0.0007 0.0001 1.0000 0.5452 0.0450 0.0037 0.0003
0.0038 0.0482 0.5849 1.0000 0.0001 0.0007 0.0087 0.1050 1.0000 1.0000 0.0001 0.0016 0.0190 0.2317 1.0000 1.0000 0.0003 0.0036 0.0445 0.5514 1.0000 0.0001 0.0007 0.0093 0.1179 1.0000 1.0000 0.0002 0.0021 0.0275 0.3540 1.0000 1.0000 0.0005 0.0068 0.0880 1.0000 1.0000 0.0001 0.0017 0.0223 0.2894 1.0000 1.0000 0.0004 0.0056 0.0729 0.9410 1.0000 0.0001 0.0004 0.0001 1.0000 0.9410 0.0729 0.0056 0.0004 1.0000 1.0000 0.2894 0.0223 0.0017 0.0001 1.0000 1.0000 0.0880 0.0068 0.0005 1.0000 1.0000 0.3540 0.0275 0.0021 0.0002 1.0000 1.0000 0.1179 0.0093 0.0007 0.0001 1.0000 0.5514 0.0445 0.0036 0.0003 1.0000 1.0000 0.2317 0.0190 0.0016 0.0001 1.0000 1.0000 0.1050 0.0087 0.0007 0.0001 1.0000 0.5849 0.0482 0.0038
0.0489 0.6275 1.0000 0.0001 0.0008 0.0093 0.1127 1.0000 1.0000 0.0001 0.0017 0.0203 0.2462 1.0000 1.0000 0.0003 0.0038 0.0461 0.5685 1.0000 0.0001 0.0007 0.0093 0.1170 1.0000 1.0000 0.0002 0.0021 0.0265 0.3389 1.0000 1.0000 0.0005 0.0064 0.0826 1.0000 1.0000 0.0001 0.0016 0.0209 0.2708 1.0000 1.0000 0.0004 0.0053 0.0683 0.8854 1.0000 0.0001 0.0011 0.0054 0.0011 0.0001 1.0000 0.8854 0.0683 0.0053 0.0004 1.0000 1.0000 0.2708 0.0209 0.0016 0.0001 1.0000 1.0000 0.0826 0.0064 0.0005 1.0000 1.0000 0.3389 0.0265 0.0021 0.0002 1.0000 1.0000 0.1170 0.0093 0.0007 0.0001 1.0000 0.5685 0.0461 0.0038 0.0003 1.0000 1.0000 0.2462 0.0203 0.0017 0.0001 1.0000 1.0000 0.1127 0.0093 0.0008 0.0001 1.0000 0.6275 0.0489
0.6360 1.0000 0.0001 0.0008 0.0100 0.1209 1.0000 1.0000 0.0001 0.0018 0.0217 0.2631 1.0000 1.0000 0.0003 0.0040 0.0484 0.5939 1.0000 0.0001 0.0008 0.0095 0.1179 1.0000 1.0000 0.0002 0.0020 0.0257 0.3275 1.0000 1.0000 0.0005 0.0061 0.0782 1.0000 1.0000 0.0001 0.0015 0.0195 0.2533 1.0000 1.0000 0.0004 0.0049 0.0639 0.8300 1.0000 0.0001 0.0012 0.0136 0.0652 0.0136 0.0012 0.0001 1.0000 0.8300 0.0639 0.0049 0.0004 1.0000 1.0000 0.2533 0.0195 0.0015 0.0001 1.0000 1.0000 0.0782 0.0061 0.0005 1.0000 1.0000 0.3275 0.0257 0.0020 0.0002 1.0000 1.0000 0.1179 0.0095 0.0008 0.0001 1.0000 0.5939 0.0484 0.0040 0.0003 1.0000 1.0000 0.2631 0.0217 0.0018 0.0001 1.0000 1.0000 0.1209 0.0100 0.0008 0.0001 1.0000 0.6360
1.0000 0.0001 0.0009 0.0107 0.1297 1.0000 1.0000 0.0002 0.0019 0.0232 0.2818 1.0000 1.0000 0.0003 0.0042 0.0513 0.6252 1.0000 0.0001 0.0008 0.0098 0.1207 1.0000 1.0000 0.0002 0.0020 0.0253 0.3201 1.0000 1.0000 0.0005 0.0058 0.0746 0.9590 1.0000 0.0001 0.0014 0.0183 0.2370 1.0000 1.0000 0.0004 0.0046 0.0598 0.7765 1.0000 0.0001 0.0012 0.0146 0.1645 0.7899 0.1645 0.0146 0.0012 0.0001 1.0000 0.7765 0.0598 0.0046 0.0004 1.0000 1.0000 0.2370 0.0183 0.0014 0.0001 1.0000 0.9590 0.0746 0.0058 0.0005 1.0000 1.0000 0.3201 0.0253 0.0020 0.0002 1.0000 1.0000 0.1207 0.0098 0.0008 0.0001 1.0000 0.6252 0.0513 0.0042 0.0003 1.0000 1.0000 0.2818 0.0232 0.0019 0.0002 1.0000 1.0000 0.1297 0.0107 0.0009 0.0001 1.0000
0.0001 0.0009 0.0115 0.1389 1.0000 1.0000 0.0002 0.0021 0.0249 0.3023 1.0000 1.0000 0.0004 0.0045 0.0546 0.6644 1.0000 0.0001 0.0008 0.0102 0.1251 1.0000 1.0000 0.0002 0.0020 0.0253 0.3183 1.0000 1.0000 0.0004 0.0056 0.0718 0.9180 1.0000 0.0001 0.0013 0.0173 0.2230 1.0000 1.0000 0.0003 0.0043 0.0561 0.7265 1.0000 0.0001 0.0011 0.0140 0.1765 1.0000 1.0000 1.0000 0.1765 0.0140 0.0011 0.0001 1.0000 0.7265 0.0561 0.0043 0.0003 1.0000 1.0000 0.2230 0.0173 0.0013 0.0001 1.0000 0.9180 0.0718 0.0056 0.0004 1.0000 1.0000 0.3183 0.0253 0.0020 0.0002 1.0000 1.0000 0.1251 0.0102 0.0008 0.0001 1.0000 0.6644 0.0546 0.0045 0.0004 1.0000 1.0000 0.3023 0.0249 0.0021 0.0002 1.0000 1.0000 0.1389 0.0115 0.0009 0.0001
0.0010 0.0123 0.1490 1.0000 1.0000 0.0002 0.0022 0.0268 0.3244 1.0000 1.0000 0.0004 0.0048 0.0583 0.7088 1.0000 0.0001 0.0009 0.0107 0.1312 1.0000 1.0000 0.0002 0.0021 0.0257 0.3201 1.0000 1.0000 0.0004 0.0055 0.0698 0.8888 1.0000 0.0001 0.0013 0.0164 0.2114 1.0000 1.0000 0.0003 0.0041 0.0526 0.6810 1.0000 0.0001 0.0010 0.0132 0.1702 1.0000 1.0000 0.0001 1.0000 1.0000 0.1702 0.0132 0.0010 0.0001 1.0000 0.6810 0.0526 0.0041 0.0003 1.0000 1.0000 0.2114 0.0164 0.0013 0.0001 1.0000 0.8888 0.0698 0.0055 0.0004 1.0000 1.0000 0.3201 0.0257 0.0021 0.0002 1.0000 1.0000 0.1312 0.0107 0.0009 0.0001 1.0000 0.7088 0.0583 0.0048 0.0004 1.0000 1.0000 0.3244 0.0268 0.0022 0.0002 1.0000 1.0000 0.1490 0.0123 0.0010
0.0125 0.1599 1.0000 1.0000 0.0002 0.0024 0.0287 0.3480 1.0000 1.0000 0.0004 0.0052 0.0625 0.7576 1.0000 0.0001 0.0009 0.0114 0.1386 1.0000 1.0000 0.0002 0.0021 0.0265 0.3275 1.0000 1.0000 0.0004 0.0055 0.0688 0.8704 1.0000 0.0001 0.0012 0.0158 0.2020 1.0000 1.0000 0.0003 0.0038 0.0494 0.6396 1.0000 0.0001 0.0010 0.0124 0.1605 1.0000 1.0000 0.0002 0.0010 0.0002 1.0000 1.0000 0.1605 0.0124 0.0010 0.0001 1.0000 0.6396 0.0494 0.0038 0.0003 1.0000 1.0000 0.2020 0.0158 0.0012 0.0001 1.0000 0.8704 0.0688 0.0055 0.0004 1.0000 1.0000 0.3275 0.0265 0.0021 0.0002 1.0000 1.0000 0.1386 0.0114 0.0009 0.0001 1.0000 0.7576 0.0625 0.0052 0.0004 1.0000 1.0000 0.3480 0.0287 0.0024 0.0002 1.0000 1.0000 0.1599 0.0125
0.1623 1.0000 1.0000 0.0002 0.0025 0.0308 0.3734 1.0000 1.0000 0.0005 0.0055 0.0669 0.8112 1.0000 0.0001 0.0010 0.0121 0.1473 1.0000 1.0000 0.0002 0.0022 0.0275 0.3389 1.0000 1.0000 0.0004 0.0055 0.0688 0.8638 1.0000 0.0001 0.0012 0.0152 0.1945 1.0000 1.0000 0.0003 0.0036 0.0466 0.6018 1.0000 0.0001 0.0009 0.0116 0.1507 1.0000 1.0000 0.0002 0.0025 0.0118 0.0025 0.0002 1.0000 1.0000 0.1507 0.0116 0.0009 0.0001 1.0000 0.6018 0.0466 0.0036 0.0003 1.0000 1.0000 0.1945 0.0152 0.0012 0.0001 1.0000 0.8638 0.0688 0.0055 0.0004 1.0000 1.0000 0.3389 0.0275 0.0022 0.0002 1.0000 1.0000 0.1473 0.0121 0.0010 0.0001 1.0000 0.8112 0.0669 0.0055 0.0005 1.0000 1.0000 0.3734 0.0308 0.0025 0.0002 1.0000 1.0000 0.1623
1.0000 1.0000 0.0002 0.0027 0.0330 0.4006 1.0000 1.0000 0.0005 0.0059 0.0718 0.8704 1.0000 0.0001 0.0011 0.0129 0.1572 1.0000 1.0000 0.0002 0.0024 0.0289 0.3540 1.0000 1.0000 0.0005 0.0056 0.0698 0.8704 1.0000 0.0001 0.0012 0.0149 0.1894 1.0000 1.0000 0.0003 0.0035 0.0445 0.5717 1.0000 0.0001 0.0008 0.0109 0.1416 1.0000 1.0000 0.0002 0.0026 0.0298 0.1432 0.0298 0.0026 0.0002 1.0000 1.0000 0.1416 0.0109 0.0008 0.0001 1.0000 0.5717 0.0445 0.0035 0.0003 1.0000 1.0000 0.1894 0.0149 0.0012 0.0001 1.0000 0.8704 0.0698 0.0056 0.0005 1.0000 1.0000 0.3540 0.0289 0.0024 0.0002 1.0000 1.0000 0.1572 0.0129 0.0011 0.0001 1.0000 0.8704 0.0718 0.0059 0.0005 1.0000 1.0000 0.4006 0.0330 0.0027 0.0002 1.0000 1.0000
1.0000 0.0002 0.0029 0.0355 0.4298 1.0000 1.0000 0.0005 0.0064 0.0770 0.9338 1.0000 0.0001 0.0011 0.0138 0.1680 1.0000 1.0000 0.0002 0.0025 0.0306 0.3734 1.0000 1.0000 0.0005 0.0058 0.0718 0.8888 1.0000 0.0001 0.0012 0.0148 0.1869 1.0000 1.0000 0.0003 0.0033 0.0426 0.5462 1.0000 0.0001 0.0008 0.0103 0.1332 1.0000 1.0000 0.0002 0.0025 0.0321 0.3622 1.0000 0.3622 0.0321 0.0025 0.0002 1.0000 1.0000 0.1332 0.0103 0.0008 0.0001 1.0000 0.5462 0.0426 0.0033 0.0003 1.0000 1.0000 0.1869 0.0148 0.0012 0.0001 1.0000 0.8888 0.0718 0.0058 0.0005 1.0000 1.0000 0.3734 0.0306 0.0025 0.0002 1.0000 1.0000 0.1680 0.0138 0.0011 0.0001 1.0000 0.9338 0.0770 0.0064 0.0005 1.0000 1.0000 0.4298 0.0355 0.0029 0.0002 1.0000
0.0002 0.0031 0.0380 0.4603 1.0000 1.0000 0.0006 0.0068 0.0826 1.0000 1.0000 0.0001 0.0012 0.0148 0.1799 1.0000 1.0000 0.0002 0.0027 0.0327 0.3968 1.0000 1.0000 0.0005 0.0061 0.0746 0.9180 1.0000 0.0001 0.0012 0.0149 0.1869 1.0000 1.0000 0.0003 0.0033 0.0414 0.5278 1.0000 0.0001 0.0008 0.0098 0.1261 1.0000 1.0000 0.0002 0.0024 0.0310 0.3901 1.0000 1.0000 1.0000 0.3901 0.0310 0.0024 0.0002 1.0000 1.0000 0.1261 0.0098 0.0008 0.0001 1.0000 0.5278 0.0414 0.0033 0.0003 1.0000 1.0000 0.1869 0.0149 0.0012 0.0001 1.0000 0.9180 0.0746 0.0061 0.0005 1.0000 1.0000 0.3968 0.0327 0.0027 0.0002 1.0000 1.0000 0.1799 0.0148 0.0012 0.0001 1.0000 1.0000 0.0826 0.0068 0.0006 1.0000 1.0000 0.4603 0.0380 0.0031 0.0002
0.0032 0.0408 0.4938 1.0000 1.0000 0.0006 0.0073 0.0887 1.0000 1.0000 0.0001 0.0013 0.0159 0.1926 1.0000 1.0000 0.0002 0.0029 0.0349 0.4233 1.0000 1.0000 0.0005 0.0064 0.0782 0.9590 1.0000 0.0001 0.0012 0.0152 0.1894 1.0000 1.0000 0.0003 0.0032 0.0405 0.5139 1.0000 0.0001 0.0007 0.0094 0.1202 1.0000 1.0000 0.0002 0.0023 0.0294 0.3770 1.0000 1.0000 0.0002 1.0000 1.0000 0.3770 0.0294 0.0023 0.0002 1.0000 1.0000 0.1202 0.0094 0.0007 0.0001 1.0000 0.5139 0.0405 0.0032 0.0003 1.0000 1.0000 0.1894 0.0152 0.0012 0.0001 1.0000 0.9590 0.0782 0.0064 0.0005 1.0000 1.0000 0.4233 0.0349 0.0029 0.0002 1.0000 1.0000 0.1926 0.0159 0.0013 0.0001 1.0000 1.0000 0.0887 0.0073 0.0006 1.0000 1.0000 0.4938 0.0408 0.0032
0.0414 0.5298 1.0000 0.0001 0.0006 0.0078 0.0951 1.0000 1.0000 0.0001 0.0014 0.0170 0.2067 1.0000 1.0000 0.0003 0.0031 0.0372 0.4525 1.0000 1.0000 0.0006 0.0068 0.0826 1.0000 1.0000 0.0001 0.0013 0.0158 0.1945 1.0000 1.0000 0.0003 0.0032 0.0403 0.5072 1.0000 0.0001 0.0007 0.0090 0.1157 1.0000 1.0000 0.0002 0.0022 0.0278 0.3581 1.0000 1.0000 0.0004 0.0021 0.0004 1.0000 1.0000 0.3581 0.0278 0.0022 0.0002 1.0000 1.0000 0.1157 0.0090 0.0007 0.0001 1.0000 0.5072 0.0403 0.0032 0.0003 1.0000 1.0000 0.1945 0.0158 0.0013 0.0001 1.0000 1.0000 0.0826 0.0068 0.0006 1.0000 1.0000 0.4525 0.0372 0.0031 0.0003 1.0000 1.0000 0.2067 0.0170 0.0014 0.0001 1.0000 1.0000 0.0951 0.0078 0.0006 0.0001 1.0000 0.5298 0.0414
0.5369 1.0000 0.0001 0.0007 0.0084 0.1021 1.0000 1.0000 0.0001 0.0015 0.0183 0.2217 1.0000 1.0000 0.0003 0.0033 0.0399 0.4836 1.0000 1.0000 0.0006 0.0072 0.0880 1.0000 1.0000 0.0001 0.0013 0.0164 0.2020 1.0000 1.0000 0.0003 0.0033 0.0405 0.5072 1.0000 0.0001 0.0007 0.0088 0.1120 1.0000 1.0000 0.0002 0.0021 0.0265 0.3402 1.0000 1.0000 0.0005 0.0054 0.0261 0.0054 0.0005 1.0000 1.0000 0.3402 0.0265 0.0021 0.0002 1.0000 1.0000 0.1120 0.0088 0.0007 0.0001 1.0000 0.5072 0.0405 0.0033 0.0003 1.0000 1.0000 0.2020 0.0164 0.0013 0.0001 1.0000 1.0000 0.0880 0.0072 0.0006 1.0000 1.0000 0.4836 0.0399 0.0033 0.0003 1.0000 1.0000 0.2217 0.0183 0.0015 0.0001 1.0000 1.0000 0.1021 0.0084 0.0007 0.0001 1.0000 0.5369
1.0000 0.0001 0.0007 0.0090 0.1095 1.0000 1.0000 0.0001 0.0016 0.0196 0.2379 1.0000 1.0000 0.0003 0.0035 0.0427 0.5179 1.0000 0.0001 0.0006 0.0077 0.0940 1.0000 1.0000 0.0001 0.0014 0.0173 0.2114 1.0000 1.0000 0.0003 0.0033 0.0414 0.5139 1.0000 0.0001 0.0007 0.0087 0.1099 1.0000 1.0000 0.0002 0.0020 0.0254 0.3250 1.0000 1.0000 0.0005 0.0059 0.0664 0.3183 0.0664 0.0059 0.0005 1.0000 1.0000 0.3250 0.0254 0.0020 0.0002 1.0000 1.0000 0.1099 0.0087 0.0007 0.0001 1.0000 0.5139 0.0414 0.0033 0.0003 1.0000 1.0000 0.2114 0.0173 0.0014 0.0001 1.0000 1.0000 0.0940 0.0077 0.0006 0.0001 1.0000 0.5179 0.0427 0.0035 0.0003 1.0000 1.0000 0.2379 0.0196 0.0016 0.0001 1.0000 1.0000 0.1095 0.0090 0.0007 0.0001 1.0000
0.0001 0.0008 0.0097 0.1173 1.0000 1.0000 0.0001 0.0017 0.0211 0.2553 1.0000 1.0000 0.0003 0.0038 0.0457 0.5546 1.0000 0.0001 0.0007 0.0083 0.1005 1.0000 1.0000 0.0001 0.0015 0.0183 0.2230 1.0000 1.0000 0.0003 0.0035 0.0426 0.5278 1.0000 0.0001 0.0007 0.0087 0.1093 1.0000 1.0000 0.0002 0.0019 0.0245 0.3129 1.0000 1.0000 0.0005 0.0058 0.0722 0.8112 1.0000 0.8112 0.0722 0.0058 0.0005 1.0000 1.0000 0.3129 0.0245 0.0019 0.0002 1.0000 1.0000 0.1093 0.0087 0.0007 0.0001 1.0000 0.5278 0.0426 0.0035 0.0003 1.0000 1.0000 0.2230 0.0183 0.0015 0.0001 1.0000 1.0000 0.1005 0.0083 0.0007 0.0001 1.0000 0.5546 0.0457 0.0038 0.0003 1.0000 1.0000 0.2553 0.0211 0.0017 0.0001 1.0000 1.0000 0.1173 0.0097 0.0008 0.0001
0.0008 0.0104 0.1258 1.0000 1.0000 0.0002 0.0019 0.0226 0.2733 1.0000 1.0000 0.0003 0.0040 0.0491 0.5950 1.0000 0.0001 0.0007 0.0088 0.1074 1.0000 1.0000 0.0001 0.0016 0.0195 0.2370 1.0000 1.0000 0.0003 0.0036 0.0445 0.5462 1.0000 0.0001 0.0007 0.0088 0.1099 1.0000 1.0000 0.0001 0.0019 0.0239 0.3041 1.0000 1.0000 0.0004 0.0056 0.0708 0.8837 1.0000 1.0000 1.0000 0.8837 0.0708 0.0056 0.0004 1.0000 1.0000 0.3041 0.0239 0.0019 0.0001 1.0000 1.0000 0.1099 0.0088 0.0007 0.0001 1.0000 0.5462 0.0445 0.0036 0.0003 1.0000 1.0000 0.2370 0.0195 0.0016 0.0001 1.0000 1.0000 0.1074 0.0088 0.0007 0.0001 1.0000 0.5950 0.0491 0.0040 0.0003 1.0000 1.0000 0.2733 0.0226 0.0019 0.0002 1.0000 1.0000 0.1258 0.0104 0.0008
0.0105 0.1350 1.0000 1.0000 0.0002 0.0020 0.0242 0.2933 1.0000 1.0000 0.0004 0.0043 0.0527 0.6372 1.0000 0.0001 0.0008 0.0095 0.1148 1.0000 1.0000 0.0001 0.0017 0.0209 0.2533 1.0000 1.0000 0.0003 0.0038 0.0466 0.5717 1.0000 0.0001 0.0007 0.0090 0.1120 1.0000 1.0000 0.0001 0.0019 0.0236 0.2983 1.0000 1.0000 0.0004 0.0054 0.0685 0.8720 1.0000 0.0001 0.0004 0.0001 1.0000 0.8720 0.0685 0.0054 0.0004 1.0000 1.0000 0.2983 0.0236 0.0019 0.0001 1.0000 1.0000 0.1120 0.0090 0.0007 0.0001 1.0000 0.5717 0.0466 0.0038 0.0003 1.0000 1.0000 0.2533 0.0209 0.0017 0.0001 1.0000 1.0000 0.1148 0.0095 0.0008 0.0001 1.0000 0.6372 0.0527 0.0043 0.0004 1.0000 1.0000 0.2933 0.0242 0.0020 0.0002 1.0000 1.0000 0.1350 0.0105
0.1368 1.0000 1.0000 0.0002 0.0021 0.0260 0.3146 1.0000 1.0000 0.0004 0.0047 0.0565 0.6836 1.0000 0.0001 0.0008 0.0101 0.1227 1.0000 1.0000 0.0002 0.0018 0.0223 0.2708 1.0000 1.0000 0.0003 0.0041 0.0494 0.6018 1.0000 0.0001 0.0008 0.0094 0.1157 1.0000 1.0000 0.0002 0.0019 0.0236 0.2966 1.0000 1.0000 0.0004 0.0052 0.0664 0.8459 1.0000 0.0001 0.0010 0.0049 0.0010 0.0001 1.0000 0.8459 0.0664 0.0052 0.0004 1.0000 1.0000 0.2966 0.0236 0.0019 0.0002 1.0000 1.0000 0.1157 0.0094 0.0008 0.0001 1.0000 0.6018 0.0494 0.0041 0.0003 1.0000 1.0000 0.2708 0.0223 0.0018 0.0002 1.0000 1.0000 0.1227 0.0101 0.0008 0.0001 1.0000 0.6836 0.0565 0.0047 0.0004 1.0000 1.0000 0.3146 0.0260 0.0021 0.0002 1.0000 1.0000 0.1368
1.0000 1.0000 0.0002 0.0023 0.0278 0.3376 1.0000 1.0000 0.0004 0.0050 0.0605 0.7335 1.0000 0.0001 0.0009 0.0108 0.1314 1.0000 1.0000 0.0002 0.0020 0.0238 0.2894 1.0000 1.0000 0.0004 0.0043 0.0526 0.6396 1.0000 0.0001 0.0008 0.0098 0.1202 1.0000 1.0000 0.0002 0.0019 0.0239 0.2983 1.0000 1.0000 0.0004 0.0051 0.0648 0.8237 1.0000 0.0001 0.0011 0.0126 0.0604 0.0126 0.0011 0.0001 1.0000 0.8237 0.0648 0.0051 0.0004 1.0000 1.0000 0.2983 0.0239 0.0019 0.0002 1.0000 1.0000 0.1202 0.0098 0.0008 0.0001 1.0000 0.6396 0.0526 0.0043 0.0004 1.0000 1.0000 0.2894 0.0238 0.0020 0.0002 1.0000 1.0000 0.1314 0.0108 0.0009 0.0001 1.0000 0.7335 0.0605 0.0050 0.0004 1.0000 1.0000 0.3376 0.0278 0.0023 0.0002 1.0000 1.0000
1.0000 0.0002 0.0025 0.0299 0.3622 1.0000 1.0000 0.0004 0.0054 0.0649 0.7869 1.0000 0.0001 0.0010 0.0116 0.1410 1.0000 1.0000 0.0002 0.0021 0.0255 0.3093 1.0000 1.0000 0.0004 0.0046 0.0561 0.6810 1.0000 0.0001 0.0008 0.0103 0.1261 1.0000 1.0000 0.0002 0.0020 0.0245 0.3041 1.0000 1.0000 0.0004 0.0051 0.0640 0.8082 1.0000 0.0001 0.0011 0.0140 0.1560 0.7447 0.1560 0.0140 0.0011 0.0001 1.0000 0.8082 0.0640 0.0051 0.0004 1.0000 1.0000 0.3041 0.0245 0.0020 0.0002 1.0000 1.0000 0.1261 0.0103 0.0008 0.0001 1.0000 0.6810 0.0561 0.0046 0.0004 1.0000 1.0000 0.3093 0.0255 0.0021 0.0002 1.0000 1.0000 0.1410 0.0116 0.0010 0.0001 1.0000 0.7869 0.0649 0.0054 0.0004 1.0000 1.0000 0.3622 0.0299 0.0025 0.0002 1.0000
0.0002 0.0026 0.0321 0.3886 1.0000 1.0000 0.0005 0.0057 0.0696 0.8443 1.0000 0.0001 0.0010 0.0125 0.1513 1.0000 1.0000 0.0002 0.0022 0.0272 0.3306 1.0000 1.0000 0.0004 0.0049 0.0598 0.7265 1.0000 0.0001 0.0009 0.0109 0.1332 1.0000 1.0000 0.0002 0.0021 0.0254 0.3129 1.0000 1.0000 0.0004 0.0051 0.0640 0.8036 1.0000 0.0001 0.0011 0.0140 0.1732 1.0000 1.0000 1.0000 0.1732 0.0140 0.0011 0.0001 1.0000 0.8036 0.0640 0.0051 0.0004 1.0000 1.0000 0.3129 0.0254 0.0021 0.0002 1.0000 1.0000 0.1332 0.0109 0.0009 0.0001 1.0000 0.7265 0.0598 0.0049 0.0004 1.0000 1.0000 0.3306 0.0272 0.0022 0.0002 1.0000 1.0000 0.1513 0.0125 0.0010 0.0001 1.0000 0.8443 0.0696 0.0057 0.0005 1.0000 1.0000 0.3886 0.0321 0.0026 0.0002
0.0027 0.0344 0.4169 1.0000 1.0000 0.0005 0.0062 0.0747 0.9041 1.0000 0.0001 0.0011 0.0134 0.1620 1.0000 1.0000 0.0002 0.0024 0.0291 0.3534 1.0000 1.0000 0.0004 0.0053 0.0639 0.7765 1.0000 0.0001 0.0010 0.0116 0.1416 1.0000 1.0000 0.0002 0.0022 0.0265 0.3250 1.0000 1.0000 0.0004 0.0052 0.0648 0.8082 1.0000 0.0001 0.0011 0.0139 0.1745 1.0000 1.0000 0.0001 1.0000 1.0000 0.1745 0.0139 0.0011 0.0001 1.0000 0.8082 0.0648 0.0052 0.0004 1.0000 1.0000 0.3250 0.0265 0.0022 0.0002 1.0000 1.0000 0.1416 0.0116 0.0010 0.0001 1.0000 0.7765 0.0639 0.0053 0.0004 1.0000 1.0000 0.3534 0.0291 0.0024 0.0002 1.0000 1.0000 0.1620 0.0134 0.0011 0.0001 1.0000 0.9041 0.0747 0.0062 0.0005 1.0000 1.0000 0.4169 0.0344 0.0027
0.0349 0.4465 1.0000 1.0000 0.0005 0.0066 0.0802 0.9700 1.0000 0.0001 0.0012 0.0143 0.1738 1.0000 1.0000 0.0002 0.0026 0.0312 0.3777 1.0000 1.0000 0.0005 0.0056 0.0683 0.8300 1.0000 0.0001 0.0010 0.0124 0.1507 1.0000 1.0000 0.0002 0.0023 0.0278 0.3402 1.0000 1.0000 0.0004 0.0054 0.0664 0.8237 1.0000 0.0001 0.0011 0.0138 0.1735 1.0000 1.0000 0.0002 0.0010 0.0002 1.0000 1.0000 0.1735 0.0138 0.0011 0.0001 1.0000 0.8237 0.0664 0.0054 0.0004 1.0000 1.0000 0.3402 0.0278 0.0023 0.0002 1.0000 1.0000 0.1507 0.0124 0.0010 0.0001 1.0000 0.8300 0.0683 0.0056 0.0005 1.0000 1.0000 0.3777 0.0312 0.0026 0.0002 1.0000 1.0000 0.1738 0.0143 0.0012 0.0001 1.0000 0.9700 0.0802 0.0066 0.0005 1.0000 1.0000 0.4465 0.0349
0.4525 1.0000 1.0000 0.0006 0.0071 0.0858 1.0000 1.0000 0.0001 0.0013 0.0154 0.1862 1.0000 1.0000 0.0002 0.0028 0.0334 0.4044 1.0000 1.0000 0.0005 0.0060 0.0729 0.8854 1.0000 0.0001 0.0011 0.0132 0.1605 1.0000 1.0000 0.0002 0.0024 0.0294 0.3581 1.0000 1.0000 0.0005 0.0056 0.0685 0.8459 1.0000 0.0001 0.0011 0.0139 0.1735 1.0000 1.0000 0.0002 0.0025 0.0121 0.0025 0.0002 1.0000 1.0000 0.1735 0.0139 0.0011 0.0001 1.0000 0.8459 0.0685 0.0056 0.0005 1.0000 1.0000 0.3581 0.0294 0.0024 0.0002 1.0000 1.0000 0.1605 0.0132 0.0011 0.0001 1.0000 0.8854 0.0729 0.0060 0.0005 1.0000 1.0000 0.4044 0.0334 0.0028 0.0002 1.0000 1.0000 0.1862 0.0154 0.0013 0.0001 1.0000 1.0000 0.0858 0.0071 0.0006 1.0000 1.0000 0.4525
1.0000 1.0000 0.0006 0.0076 0.0914 1.0000 1.0000 0.0001 0.0014 0.0164 0.1986 1.0000 1.0000 0.0002 0.0029 0.0356 0.4315 1.0000 1.0000 0.0005 0.0064 0.0776 0.9410 1.0000 0.0001 0.0012 0.0140 0.1702 1.0000 1.0000 0.0002 0.0025 0.0310 0.3770 1.0000 1.0000 0.0005 0.0058 0.0708 0.8720 1.0000 0.0001 0.0011 0.0140 0.1745 1.0000 1.0000 0.0002 0.0029 0.0315 0.1496 0.0315 0.0029 0.0002 1.0000 1.0000 0.1745 0.0140 0.0011 0.0001 1.0000 0.8720 0.0708 0.0058 0.0005 1.0000 1.0000 0.3770 0.0310 0.0025 0.0002 1.0000 1.0000 0.1702 0.0140 0.0012 0.0001 1.0000 0.9410 0.0776 0.0064 0.0005 1.0000 1.0000 0.4315 0.0356 0.0029 0.0002 1.0000 1.0000 0.1986 0.0164 0.0014 0.0001 1.0000 1.0000 0.0914 0.0076 0.0006 1.0000 1.0000
0.0001 0.0006 0.0079 0.0951 1.0000 1.0000 0.0001 0.0014 0.0171 0.2067 1.0000 1.0000 0.0003 0.0031 0.0370 0.4490 1.0000 1.0000 0.0005 0.0067 0.0808 0.9793 1.0000 0.0001 0.0012 0.0146 0.1765 1.0000 1.0000 0.0002 0.0026 0.0321 0.3901 1.0000 1.0000 0.0005 0.0059 0.0722 0.8837 1.0000 0.0001 0.0011 0.0140 0.1732 1.0000 1.0000 0.0002 0.0029 0.0349 0.3842 1.0000 0.3842 0.0349 0.0029 0.0002 1.0000 1.0000 0.1732 0.0140 0.0011 0.0001 1.0000 0.8837 0.0722 0.0059 0.0005 1.0000 1.0000 0.3901 0.0321 0.0026 0.0002 1.0000 1.0000 0.1765 0.0146 0.0012 0.0001 1.0000 0.9793 0.0808 0.0067 0.0005 1.0000 1.0000 0.4490 0.0370 0.0031 0.0003 1.0000 1.0000 0.2067 0.0171 0.0014 0.0001 1.0000 1.0000 0.0951 0.0079 0.0006 0.0001
0.0006 0.0073 0.0888 1.0000 1.0000 0.0001 0.0013 0.0159 0.1930 1.0000 1.0000 0.0002 0.0029 0.0347 0.4193 1.0000 1.0000 0.0005 0.0062 0.0753 0.9128 1.0000 0.0001 0.0011 0.0136 0.1645 1.0000 1.0000 0.0002 0.0025 0.0298 0.3622 1.0000 1.0000 0.0004 0.0054 0.0664 0.8112 1.0000 0.0001 0.0010 0.0126 0.1560 1.0000 1.0000 0.0002 0.0025 0.0315 0.3842 1.0000 1.0000 1.0000 0.3842 0.0315 0.0025 0.0002 1.0000 1.0000 0.1560 0.0126 0.0010 0.0001 1.0000 0.8112 0.0664 0.0054 0.0004 1.0000 1.0000 0.3622 0.0298 0.0025 0.0002 1.0000 1.0000 0.1645 0.0136 0.0011 0.0001 1.0000 0.9128 0.0753 0.0062 0.0005 1.0000 1.0000 0.4193 0.0347 0.0029 0.0002 1.0000 1.0000 0.1930 0.0159 0.0013 0.0001 1.0000 1.0000 0.0888 0.0073 0.0006
0.0028 0.0355 0.4274 1.0000 1.0000 0.0005 0.0063 0.0766 0.9285 1.0000 0.0001 0.0011 0.0137 0.1664 1.0000 1.0000 0.0002 0.0025 0.0299 0.3622 1.0000 1.0000 0.0004 0.0054 0.0652 0.7899 1.0000 0.0001 0.0010 0.0118 0.1432 1.0000 1.0000 0.0002 0.0021 0.0261 0.3183 1.0000 1.0000 0.0004 0.0049 0.0604 0.7447 1.0000 0.0001 0.0010 0.0121 0.1496 1.0000 1.0000 0.0001 1.0000 1.0000 0.1496 0.0121 0.0010 0.0001 1.0000 0.7447 0.0604 0.0049 0.0004 1.0000 1.0000 0.3183 0.0261 0.0021 0.0002 1.0000 1.0000 0.1432 0.0118 0.0010 0.0001 1.0000 0.7899 0.0652 0.0054 0.0004 1.0000 1.0000 0.3622 0.0299 0.0025 0.0002 1.0000 1.0000 0.1664 0.0137 0.0011 0.0001 1.0000 0.9285 0.0766 0.0063 0.0005 1.0000 1.0000 0.4274 0.0355 0.0028
0.0006 0.0073 0.0888 1.0000 1.0000 0.0001 0.0013 0.0159 0.1930 1.0000 1.0000 0.0002 0.0029 0.0347 0.4193 1.0000 1.0000 0.0005 0.0062 0.0753 0.9128 1.0000 0.0001 0.0011 0.0136 0.1645 1.0000 1.0000 0.0002 0.0025 0.0298 0.3622 1.0000 1.0000 0.0004 0.0054 0.0664 0.8112 1.0000 0.0001 0.0010 0.0126 0.1560 1.0000 1.0000 0.0002 0.0025 0.0315 0.3842 1.0000 1.0000 1.0000 0.3842 0.0315 0.0025 0.0002 1.0000 1.0000 0.1560 0.0126 0.0010 0.0001 1.0000 0.8112 0.0664 0.0054 0.0004 1.0000 1.0000 0.3622 0.0298 0.0025 0.0002 1.0000 1.0000 0.1645 0.0136 0.0011 0.0001 1.0000 0.9128 0.0753 0.0062 0.0005 1.0000 1.0000 0.4193 0.0347 0.0029 0.0002 1.0000 1.0000 0.1930 0.0159 0.0013 0.0001 1.0000 1.0000 0.0888 0.0073 0.0006
0.0001 0.0006 0.0079 0.0951 1.0000 1.0000 0.0001 0.0014 0.0171 0.2067 1.0000 1.0000 0.0003 0.0031 0.0370 0.4490 1.0000 1.0000 0.0005 0.0067 0.0808 0.9793 1.0000 0.0001 0.0012 0.0146 0.1765 1.0000 1.0000 0.0002 0.0026 0.0321 0.3901 1.0000 1.0000 0.0005 0.0059 0.0722 0.8837 1.0000 0.0001 0.0011 0.0140 0.1732 1.0000 1.0000 0.0002 0.0029 0.0349 0.3842 1.0000 0.3842 0.0349 0.0029 0.0002 1.0000 1.0000 0.1732 0.0140 0.0011 0.0001 1.0000 0.8837 0.0722 0.0059 0.0005 1.0000 1.0000 0.3901 0.0321 0.0026 0.0002 1.0000 1.0000 0.1765 0.0146 0.0012 0.0001 1.0000 0.9793 0.0808 0.0067 0.0005 1.0000 1.0000 0.4490 0.0370 0.0031 0.0003 1.0000 1.0000 0.2067 0.0171 0.0014 0.0001 1.0000 1.0000 0.0951 0.0079 0.0006 0.0001
1.0000 1.0000 0.0006 0.0076 0.0914 1.0000 1.0000 0.0001 0.0014 0.0164 0.1986 1.0000 1.0000 0.0002 0.0029 0.0356 0.4315 1.0000 1.0000 0.0005 0.0064 0.0776 0.9410 1.0000 0.0001 0.0012 0.0140 0.1702 1.0000 1.0000 0.0002 0.0025 0.0310 0.3770 1.0000 1.0000 0.0005 0.0058 0.0708 0.8720 1.0000 0.0001 0.0011 0.0140 0.1745 1.0000 1.0000 0.0002 0.0029 0.0315 0.1496 0.0315 0.0029 0.0002 1.0000 1.0000 0.1745 0.0140 0.0011 0.0001 1.0000 0.8720 0.0708 0.0058 0.0005 1.0000 1.0000 0.3770 0.0310 0.0025 0.0002 1.0000 1.0000 0.1702 0.0140 0.0012 0.0001 1.0000 0.9410 0.0776 0.0064 0.0005 1.0000 1.0000 0.4315 0.0356 0.0029 0.0002 1.0000 1.0000 0.1986 0.0164 0.0014 0.0001 1.0000 1.0000 0.0914 0.0076 0.0006 1.0000 1.0000
0.4525 1.0000 1.0000 0.0006 0.0071 0.0858 1.0000 1.0000 0.0001 0.0013 0.0154 0.1862 1.0000 1.0000 0.0002 0.0028 0.0334 0.4044 1.0000 1.0000 0.0005 0.0060 0.0729 0.8854 1.0000 0.0001 0.0011 0.0132 0.1605 1.0000 1.0000 0.0002 0.0024 0.0294 0.3581 1.0000 1.0000 0.0005 0.0056 0.0685 0.8459 1.0000 0.0001 0.0011 0.0139 0.1735 1.0000 1.0000 0.0002 0.0025 0.0121 0.0025 0.0002 1.0000 1.0000 0.1735 0.0139 0.0011 0.0001 1.0000 0.8459 0.0685 0.0056 0.0005 1.0000 1.0000 0.3581 0.0294 0.0024 0.0002 1.0000 1.0000 0.1605 0.0132 0.0011 0.0001 1.0000 0.8854 0.0729 0.0060 0.0005 1.0000 1.0000 0.4044 0.0334 0.0028 0.0002 1.0000 1.0000 0.1862 0.0154 0.0013 0.0001 1.0000 1.0000 0.0858 0.0071 0.0006 1.0000 1.0000 0.4525
0.0349 0.4465 1.0000 1.0000 0.0005 0.0066 0.0802 0.9700 1.0000 0.0001 0.0012 0.0143 0.1738 1.0000 1.0000 0.0002 0.0026 0.0312 0.3777 1.0000 1.0000 0.0005 0.0056 0.0683 0.8300 1.0000 0.0001 0.0010 0.0124 0.1507 1.0000 1.0000 0.0002 0.0023 0.0278 0.3402 1.0000 1.0000 0.0004 0.0054 0.0664 0.8237 1.0000 0.0001 0.0011 0.0138 0.1735 1.0000 1.0000 0.0002 0.0010 0.0002 1.0000 1.0000 0.1735 0.0138 0.0011 0.0001 1.0000 0.8237 0.0664 0.0054 0.0004 1.0000 1.0000 0.3402 0.0278 0.0023 0.0002 1.0000 1.0000 0.1507 0.0124 0.0010 0.0001 1.0000 0.8300 0.0683 0.0056 0.0005 1.0000 1.0000 0.3777 0.0312 0.0026 0.0002 1.0000 1.0000 0.1738 0.0143 0.0012 0.0001 1.0000 0.9700 0.0802 0.0066 0.0005 1.0000 1.0000 0.4465 0.0349
