0.1064 1.0000 1.0000 0.0002 0.0023 0.0294 0.3820 1.0000 1.0000 0.0006 0.0075 0.0977 1.0000 1.0000 0.0001 0.0019 0.0250 0.3250 1.0000 1.0000 0.0005 0.0064 0.0831 1.0000 1.0000 0.0001 0.0016 0.0213 0.2765 1.0000 1.0000 0.0004 0.0054 0.0707 0.9197 1.0000 0.0001 0.0014 0.0181 0.2357 1.0000 1.0000 0.0004 0.0046 0.0602 0.7824 1.0000 0.0001 0.0011 0.0128 0.0628 0.0128 0.0011 0.0001 1.0000 0.7824 0.0602 0.0046 0.0004 1.0000 1.0000 0.2357 0.0181 0.0014 0.0001 1.0000 0.9197 0.0707 0.0054 0.0004 1.0000 1.0000 0.2765 0.0213 0.0016 0.0001 1.0000 1.0000 0.0831 0.0064 0.0005 1.0000 1.0000 0.3250 0.0250 0.0019 0.0001 1.0000 1.0000 0.0977 0.0075 0.0006 1.0000 1.0000 0.3820 0.0294 0.0023 0.0002 1.0000 1.0000 0.1064
1.0000 1.0000 0.0002 0.0022 0.0291 0.3777 1.0000 1.0000 0.0006 0.0074 0.0962 1.0000 1.0000 0.0001 0.0019 0.0246 0.3201 1.0000 1.0000 0.0005 0.0063 0.0819 1.0000 1.0000 0.0001 0.0016 0.0209 0.2723 1.0000 1.0000 0.0004 0.0054 0.0698 0.9076 1.0000 0.0001 0.0014 0.0178 0.2321 1.0000 1.0000 0.0004 0.0046 0.0594 0.7706 1.0000 0.0001 0.0012 0.0146 0.1642 0.7944 0.1642 0.0146 0.0012 0.0001 1.0000 0.7706 0.0594 0.0046 0.0004 1.0000 1.0000 0.2321 0.0178 0.0014 0.0001 1.0000 0.9076 0.0698 0.0054 0.0004 1.0000 1.0000 0.2723 0.0209 0.0016 0.0001 1.0000 1.0000 0.0819 0.0063 0.0005 1.0000 1.0000 0.3201 0.0246 0.0019 0.0001 1.0000 1.0000 0.0962 0.0074 0.0006 1.0000 1.0000 0.3777 0.0291 0.0022 0.0002 1.0000 1.0000
1.0000 0.0002 0.0022 0.0278 0.3581 1.0000 1.0000 0.0005 0.0069 0.0897 1.0000 1.0000 0.0001 0.0018 0.0229 0.2983 1.0000 1.0000 0.0005 0.0059 0.0763 0.9924 1.0000 0.0001 0.0015 0.0195 0.2538 1.0000 1.0000 0.0004 0.0050 0.0649 0.8443 1.0000 0.0001 0.0013 0.0166 0.2163 1.0000 1.0000 0.0003 0.0043 0.0553 0.7183 1.0000 0.0001 0.0011 0.0140 0.1762 1.0000 1.0000 1.0000 0.1762 0.0140 0.0011 0.0001 1.0000 0.7183 0.0553 0.0043 0.0003 1.0000 1.0000 0.2163 0.0166 0.0013 0.0001 1.0000 0.8443 0.0649 0.0050 0.0004 1.0000 1.0000 0.2538 0.0195 0.0015 0.0001 1.0000 0.9924 0.0763 0.0059 0.0005 1.0000 1.0000 0.2983 0.0229 0.0018 0.0001 1.0000 1.0000 0.0897 0.0069 0.0005 1.0000 1.0000 0.3581 0.0278 0.0022 0.0002 1.0000
0.0002 0.0022 0.0278 0.3507 1.0000 1.0000 0.0005 0.0065 0.0842 1.0000 1.0000 0.0001 0.0016 0.0214 0.2781 1.0000 1.0000 0.0004 0.0055 0.0711 0.9250 1.0000 0.0001 0.0014 0.0182 0.2366 1.0000 1.0000 0.0004 0.0047 0.0605 0.7869 1.0000 0.0001 0.0012 0.0155 0.2016 1.0000 1.0000 0.0003 0.0040 0.0516 0.6707 1.0000 0.0001 0.0010 0.0131 0.1693 1.0000 1.0000 0.0001 1.0000 1.0000 0.1693 0.0131 0.0010 0.0001 1.0000 0.6707 0.0516 0.0040 0.0003 1.0000 1.0000 0.2016 0.0155 0.0012 0.0001 1.0000 0.7869 0.0605 0.0047 0.0004 1.0000 1.0000 0.2366 0.0182 0.0014 0.0001 1.0000 0.9250 0.0711 0.0055 0.0004 1.0000 1.0000 0.2781 0.0214 0.0016 0.0001 1.0000 1.0000 0.0842 0.0065 0.0005 1.0000 1.0000 0.3507 0.0278 0.0022 0.0002
0.0023 0.0291 0.3581 1.0000 1.0000 0.0005 0.0062 0.0800 1.0000 1.0000 0.0001 0.0015 0.0200 0.2592 1.0000 1.0000 0.0004 0.0051 0.0663 0.8621 1.0000 0.0001 0.0013 0.0170 0.2205 1.0000 1.0000 0.0003 0.0043 0.0564 0.7335 1.0000 0.0001 0.0011 0.0144 0.1879 1.0000 1.0000 0.0003 0.0037 0.0481 0.6252 1.0000 0.0001 0.0009 0.0122 0.1590 1.0000 1.0000 0.0002 0.0010 0.0002 1.0000 1.0000 0.1590 0.0122 0.0009 0.0001 1.0000 0.6252 0.0481 0.0037 0.0003 1.0000 1.0000 0.1879 0.0144 0.0011 0.0001 1.0000 0.7335 0.0564 0.0043 0.0003 1.0000 1.0000 0.2205 0.0170 0.0013 0.0001 1.0000 0.8621 0.0663 0.0051 0.0004 1.0000 1.0000 0.2592 0.0200 0.0015 0.0001 1.0000 1.0000 0.0800 0.0062 0.0005 1.0000 1.0000 0.3581 0.0291 0.0023
0.0294 0.3777 1.0000 1.0000 0.0005 0.0061 0.0776 0.9905 1.0000 0.0001 0.0014 0.0187 0.2425 1.0000 1.0000 0.0004 0.0047 0.0618 0.8036 1.0000 0.0001 0.0012 0.0158 0.2055 1.0000 1.0000 0.0003 0.0040 0.0526 0.6836 1.0000 0.0001 0.0010 0.0135 0.1752 1.0000 1.0000 0.0003 0.0034 0.0448 0.5827 1.0000 0.0001 0.0009 0.0114 0.1484 1.0000 1.0000 0.0002 0.0024 0.0117 0.0024 0.0002 1.0000 1.0000 0.1484 0.0114 0.0009 0.0001 1.0000 0.5827 0.0448 0.0034 0.0003 1.0000 1.0000 0.1752 0.0135 0.0010 0.0001 1.0000 0.6836 0.0526 0.0040 0.0003 1.0000 1.0000 0.2055 0.0158 0.0012 0.0001 1.0000 0.8036 0.0618 0.0047 0.0004 1.0000 1.0000 0.2425 0.0187 0.0014 0.0001 1.0000 0.9905 0.0776 0.0061 0.0005 1.0000 1.0000 0.3777 0.0294
0.3820 1.0000 1.0000 0.0005 0.0062 0.0776 0.9756 1.0000 0.0001 0.0014 0.0178 0.2290 1.0000 1.0000 0.0003 0.0044 0.0576 0.7490 1.0000 0.0001 0.0011 0.0147 0.1915 1.0000 1.0000 0.0003 0.0038 0.0490 0.6372 1.0000 0.0001 0.0010 0.0126 0.1633 1.0000 1.0000 0.0002 0.0032 0.0418 0.5431 1.0000 0.0001 0.0008 0.0107 0.1384 1.0000 1.0000 0.0002 0.0026 0.0295 0.1418 0.0295 0.0026 0.0002 1.0000 1.0000 0.1384 0.0107 0.0008 0.0001 1.0000 0.5431 0.0418 0.0032 0.0002 1.0000 1.0000 0.1633 0.0126 0.0010 0.0001 1.0000 0.6372 0.0490 0.0038 0.0003 1.0000 1.0000 0.1915 0.0147 0.0011 0.0001 1.0000 0.7490 0.0576 0.0044 0.0003 1.0000 1.0000 0.2290 0.0178 0.0014 0.0001 1.0000 0.9756 0.0776 0.0062 0.0005 1.0000 1.0000 0.3820
1.0000 1.0000 0.0005 0.0065 0.0800 0.9905 1.0000 0.0001 0.0013 0.0171 0.2192 1.0000 1.0000 0.0003 0.0042 0.0540 0.6994 1.0000 0.0001 0.0011 0.0137 0.1785 1.0000 1.0000 0.0003 0.0035 0.0457 0.5939 1.0000 0.0001 0.0009 0.0117 0.1522 1.0000 1.0000 0.0002 0.0030 0.0389 0.5062 1.0000 0.0001 0.0008 0.0099 0.1290 1.0000 1.0000 0.0002 0.0025 0.0316 0.3581 1.0000 0.3581 0.0316 0.0025 0.0002 1.0000 1.0000 0.1290 0.0099 0.0008 0.0001 1.0000 0.5062 0.0389 0.0030 0.0002 1.0000 1.0000 0.1522 0.0117 0.0009 0.0001 1.0000 0.5939 0.0457 0.0035 0.0003 1.0000 1.0000 0.1785 0.0137 0.0011 0.0001 1.0000 0.6994 0.0540 0.0042 0.0003 1.0000 1.0000 0.2192 0.0171 0.0013 0.0001 1.0000 0.9905 0.0800 0.0065 0.0005 1.0000 1.0000
1.0000 0.0006 0.0069 0.0842 1.0000 1.0000 0.0001 0.0013 0.0170 0.2143 1.0000 1.0000 0.0003 0.0039 0.0509 0.6569 1.0000 0.0001 0.0010 0.0128 0.1664 1.0000 1.0000 0.0003 0.0033 0.0426 0.5535 1.0000 0.0001 0.0008 0.0109 0.1418 1.0000 1.0000 0.0002 0.0028 0.0363 0.4718 1.0000 0.0001 0.0007 0.0093 0.1204 1.0000 1.0000 0.0002 0.0024 0.0304 0.3835 1.0000 1.0000 1.0000 0.3835 0.0304 0.0024 0.0002 1.0000 1.0000 0.1204 0.0093 0.0007 0.0001 1.0000 0.4718 0.0363 0.0028 0.0002 1.0000 1.0000 0.1418 0.0109 0.0008 0.0001 1.0000 0.5535 0.0426 0.0033 0.0003 1.0000 1.0000 0.1664 0.0128 0.0010 0.0001 1.0000 0.6569 0.0509 0.0039 0.0003 1.0000 1.0000 0.2143 0.0170 0.0013 0.0001 1.0000 1.0000 0.0842 0.0069 0.0006 1.0000
0.0006 0.0074 0.0897 1.0000 1.0000 0.0001 0.0014 0.0171 0.2143 1.0000 1.0000 0.0003 0.0038 0.0485 0.6240 1.0000 0.0001 0.0009 0.0120 0.1554 1.0000 1.0000 0.0002 0.0030 0.0397 0.5159 1.0000 0.0001 0.0008 0.0102 0.1322 1.0000 1.0000 0.0002 0.0026 0.0338 0.4397 1.0000 1.0000 0.0007 0.0086 0.1122 1.0000 1.0000 0.0002 0.0022 0.0285 0.3685 1.0000 1.0000 0.0002 1.0000 1.0000 0.3685 0.0285 0.0022 0.0002 1.0000 1.0000 0.1122 0.0086 0.0007 1.0000 1.0000 0.4397 0.0338 0.0026 0.0002 1.0000 1.0000 0.1322 0.0102 0.0008 0.0001 1.0000 0.5159 0.0397 0.0030 0.0002 1.0000 1.0000 0.1554 0.0120 0.0009 0.0001 1.0000 0.6240 0.0485 0.0038 0.0003 1.0000 1.0000 0.2143 0.0171 0.0014 0.0001 1.0000 1.0000 0.0897 0.0074 0.0006
0.0075 0.0962 1.0000 1.0000 0.0001 0.0014 0.0178 0.2192 1.0000 1.0000 0.0003 0.0037 0.0472 0.6007 1.0000 0.0001 0.0009 0.0113 0.1459 1.0000 1.0000 0.0002 0.0028 0.0370 0.4809 1.0000 0.0001 0.0007 0.0095 0.1232 1.0000 1.0000 0.0002 0.0024 0.0315 0.4099 1.0000 1.0000 0.0006 0.0080 0.1046 1.0000 1.0000 0.0002 0.0020 0.0266 0.3454 1.0000 1.0000 0.0004 0.0021 0.0004 1.0000 1.0000 0.3454 0.0266 0.0020 0.0002 1.0000 1.0000 0.1046 0.0080 0.0006 1.0000 1.0000 0.4099 0.0315 0.0024 0.0002 1.0000 1.0000 0.1232 0.0095 0.0007 0.0001 1.0000 0.4809 0.0370 0.0028 0.0002 1.0000 1.0000 0.1459 0.0113 0.0009 0.0001 1.0000 0.6007 0.0472 0.0037 0.0003 1.0000 1.0000 0.2192 0.0178 0.0014 0.0001 1.0000 1.0000 0.0962 0.0075
0.0977 1.0000 1.0000 0.0001 0.0015 0.0187 0.2290 1.0000 1.0000 0.0003 0.0037 0.0466 0.5894 1.0000 0.0001 0.0008 0.0107 0.1381 1.0000 1.0000 0.0002 0.0027 0.0345 0.4490 1.0000 0.0001 0.0007 0.0088 0.1148 1.0000 1.0000 0.0002 0.0023 0.0294 0.3820 1.0000 1.0000 0.0006 0.0075 0.0975 1.0000 1.0000 0.0001 0.0019 0.0248 0.3225 1.0000 1.0000 0.0005 0.0053 0.0255 0.0053 0.0005 1.0000 1.0000 0.3225 0.0248 0.0019 0.0001 1.0000 1.0000 0.0975 0.0075 0.0006 1.0000 1.0000 0.3820 0.0294 0.0023 0.0002 1.0000 1.0000 0.1148 0.0088 0.0007 0.0001 1.0000 0.4490 0.0345 0.0027 0.0002 1.0000 1.0000 0.1381 0.0107 0.0008 0.0001 1.0000 0.5894 0.0466 0.0037 0.0003 1.0000 1.0000 0.2290 0.0187 0.0015 0.0001 1.0000 1.0000 0.0977
1.0000 1.0000 0.0001 0.0016 0.0200 0.2425 1.0000 1.0000 0.0003 0.0038 0.0472 0.5894 1.0000 0.0001 0.0008 0.0104 0.1324 1.0000 1.0000 0.0002 0.0025 0.0324 0.4193 1.0000 1.0000 0.0006 0.0082 0.1070 1.0000 1.0000 0.0002 0.0021 0.0274 0.3561 1.0000 1.0000 0.0005 0.0070 0.0909 1.0000 1.0000 0.0001 0.0018 0.0232 0.3012 1.0000 1.0000 0.0005 0.0057 0.0643 0.3087 0.0643 0.0057 0.0005 1.0000 1.0000 0.3012 0.0232 0.0018 0.0001 1.0000 1.0000 0.0909 0.0070 0.0005 1.0000 1.0000 0.3561 0.0274 0.0021 0.0002 1.0000 1.0000 0.1070 0.0082 0.0006 1.0000 1.0000 0.4193 0.0324 0.0025 0.0002 1.0000 1.0000 0.1324 0.0104 0.0008 0.0001 1.0000 0.5894 0.0472 0.0038 0.0003 1.0000 1.0000 0.2425 0.0200 0.0016 0.0001 1.0000 1.0000
1.0000 0.0001 0.0018 0.0214 0.2592 1.0000 1.0000 0.0003 0.0039 0.0485 0.6007 1.0000 0.0001 0.0008 0.0102 0.1290 1.0000 1.0000 0.0002 0.0024 0.0306 0.3946 1.0000 1.0000 0.0006 0.0077 0.0998 1.0000 1.0000 0.0002 0.0020 0.0255 0.3319 1.0000 1.0000 0.0005 0.0065 0.0847 1.0000 1.0000 0.0001 0.0017 0.0216 0.2807 1.0000 1.0000 0.0004 0.0055 0.0688 0.7795 1.0000 0.7795 0.0688 0.0055 0.0004 1.0000 1.0000 0.2807 0.0216 0.0017 0.0001 1.0000 1.0000 0.0847 0.0065 0.0005 1.0000 1.0000 0.3319 0.0255 0.0020 0.0002 1.0000 1.0000 0.0998 0.0077 0.0006 1.0000 1.0000 0.3946 0.0306 0.0024 0.0002 1.0000 1.0000 0.1290 0.0102 0.0008 0.0001 1.0000 0.6007 0.0485 0.0039 0.0003 1.0000 1.0000 0.2592 0.0214 0.0018 0.0001 1.0000
0.0001 0.0019 0.0229 0.2781 1.0000 1.0000 0.0003 0.0042 0.0509 0.6240 1.0000 0.0001 0.0008 0.0102 0.1277 1.0000 1.0000 0.0002 0.0023 0.0292 0.3748 1.0000 1.0000 0.0006 0.0072 0.0932 1.0000 1.0000 0.0001 0.0018 0.0238 0.3093 1.0000 1.0000 0.0005 0.0061 0.0790 1.0000 1.0000 0.0001 0.0015 0.0202 0.2616 1.0000 1.0000 0.0004 0.0051 0.0660 0.8347 1.0000 1.0000 1.0000 0.8347 0.0660 0.0051 0.0004 1.0000 1.0000 0.2616 0.0202 0.0015 0.0001 1.0000 1.0000 0.0790 0.0061 0.0005 1.0000 1.0000 0.3093 0.0238 0.0018 0.0001 1.0000 1.0000 0.0932 0.0072 0.0006 1.0000 1.0000 0.3748 0.0292 0.0023 0.0002 1.0000 1.0000 0.1277 0.0102 0.0008 0.0001 1.0000 0.6240 0.0509 0.0042 0.0003 1.0000 1.0000 0.2781 0.0229 0.0019 0.0001
0.0019 0.0246 0.2983 1.0000 1.0000 0.0004 0.0044 0.0540 0.6569 1.0000 0.0001 0.0008 0.0104 0.1290 1.0000 1.0000 0.0002 0.0022 0.0282 0.3608 1.0000 1.0000 0.0005 0.0068 0.0875 1.0000 1.0000 0.0001 0.0017 0.0222 0.2883 1.0000 1.0000 0.0004 0.0057 0.0737 0.9572 1.0000 0.0001 0.0014 0.0188 0.2439 1.0000 1.0000 0.0004 0.0048 0.0620 0.8005 1.0000 0.0001 0.0004 0.0001 1.0000 0.8005 0.0620 0.0048 0.0004 1.0000 1.0000 0.2439 0.0188 0.0014 0.0001 1.0000 0.9572 0.0737 0.0057 0.0004 1.0000 1.0000 0.2883 0.0222 0.0017 0.0001 1.0000 1.0000 0.0875 0.0068 0.0005 1.0000 1.0000 0.3608 0.0282 0.0022 0.0002 1.0000 1.0000 0.1290 0.0104 0.0008 0.0001 1.0000 0.6569 0.0540 0.0044 0.0004 1.0000 1.0000 0.2983 0.0246 0.0019
0.0250 0.3201 1.0000 1.0000 0.0004 0.0047 0.0576 0.6994 1.0000 0.0001 0.0009 0.0107 0.1324 1.0000 1.0000 0.0002 0.0022 0.0277 0.3513 1.0000 1.0000 0.0005 0.0064 0.0830 1.0000 1.0000 0.0001 0.0016 0.0207 0.2687 1.0000 1.0000 0.0004 0.0053 0.0687 0.8922 1.0000 0.0001 0.0013 0.0175 0.2273 1.0000 1.0000 0.0003 0.0045 0.0579 0.7518 1.0000 0.0001 0.0010 0.0046 0.0010 0.0001 1.0000 0.7518 0.0579 0.0045 0.0003 1.0000 1.0000 0.2273 0.0175 0.0013 0.0001 1.0000 0.8922 0.0687 0.0053 0.0004 1.0000 1.0000 0.2687 0.0207 0.0016 0.0001 1.0000 1.0000 0.0830 0.0064 0.0005 1.0000 1.0000 0.3513 0.0277 0.0022 0.0002 1.0000 1.0000 0.1324 0.0107 0.0009 0.0001 1.0000 0.6994 0.0576 0.0047 0.0004 1.0000 1.0000 0.3201 0.0250
0.3250 1.0000 1.0000 0.0004 0.0051 0.0618 0.7490 1.0000 0.0001 0.0009 0.0113 0.1381 1.0000 1.0000 0.0002 0.0022 0.0277 0.3487 1.0000 1.0000 0.0005 0.0062 0.0794 1.0000 1.0000 0.0001 0.0015 0.0194 0.2514 1.0000 1.0000 0.0004 0.0049 0.0640 0.8331 1.0000 0.0001 0.0013 0.0163 0.2123 1.0000 1.0000 0.0003 0.0042 0.0540 0.7021 1.0000 0.0001 0.0010 0.0115 0.0554 0.0115 0.0010 0.0001 1.0000 0.7021 0.0540 0.0042 0.0003 1.0000 1.0000 0.2123 0.0163 0.0013 0.0001 1.0000 0.8331 0.0640 0.0049 0.0004 1.0000 1.0000 0.2514 0.0194 0.0015 0.0001 1.0000 1.0000 0.0794 0.0062 0.0005 1.0000 1.0000 0.3487 0.0277 0.0022 0.0002 1.0000 1.0000 0.1381 0.0113 0.0009 0.0001 1.0000 0.7490 0.0618 0.0051 0.0004 1.0000 1.0000 0.3250
1.0000 1.0000 0.0005 0.0055 0.0663 0.8036 1.0000 0.0001 0.0010 0.0120 0.1459 1.0000 1.0000 0.0002 0.0023 0.0282 0.3513 1.0000 1.0000 0.0005 0.0061 0.0769 0.9812 1.0000 0.0001 0.0014 0.0183 0.2366 1.0000 1.0000 0.0004 0.0046 0.0597 0.7765 1.0000 0.0001 0.0012 0.0152 0.1978 1.0000 1.0000 0.0003 0.0039 0.0504 0.6544 1.0000 0.0001 0.0010 0.0124 0.1397 0.6720 0.1397 0.0124 0.0010 0.0001 1.0000 0.6544 0.0504 0.0039 0.0003 1.0000 1.0000 0.1978 0.0152 0.0012 0.0001 1.0000 0.7765 0.0597 0.0046 0.0004 1.0000 1.0000 0.2366 0.0183 0.0014 0.0001 1.0000 0.9812 0.0769 0.0061 0.0005 1.0000 1.0000 0.3513 0.0282 0.0023 0.0002 1.0000 1.0000 0.1459 0.0120 0.0010 0.0001 1.0000 0.8036 0.0663 0.0055 0.0005 1.0000 1.0000
1.0000 0.0005 0.0059 0.0711 0.8621 1.0000 0.0001 0.0011 0.0128 0.1554 1.0000 1.0000 0.0002 0.0024 0.0292 0.3608 1.0000 1.0000 0.0005 0.0060 0.0757 0.9572 1.0000 0.0001 0.0014 0.0175 0.2247 1.0000 1.0000 0.0003 0.0043 0.0557 0.7238 1.0000 0.0001 0.0011 0.0142 0.1844 1.0000 1.0000 0.0003 0.0036 0.0470 0.6099 1.0000 0.0001 0.0009 0.0119 0.1496 1.0000 1.0000 1.0000 0.1496 0.0119 0.0009 0.0001 1.0000 0.6099 0.0470 0.0036 0.0003 1.0000 1.0000 0.1844 0.0142 0.0011 0.0001 1.0000 0.7238 0.0557 0.0043 0.0003 1.0000 1.0000 0.2247 0.0175 0.0014 0.0001 1.0000 0.9572 0.0757 0.0060 0.0005 1.0000 1.0000 0.3608 0.0292 0.0024 0.0002 1.0000 1.0000 0.1554 0.0128 0.0011 0.0001 1.0000 0.8621 0.0711 0.0059 0.0005 1.0000
0.0005 0.0063 0.0763 0.9250 1.0000 0.0001 0.0011 0.0137 0.1664 1.0000 1.0000 0.0002 0.0025 0.0306 0.3748 1.0000 1.0000 0.0005 0.0061 0.0757 0.9499 1.0000 0.0001 0.0013 0.0169 0.2155 1.0000 1.0000 0.0003 0.0041 0.0525 0.6784 1.0000 0.0001 0.0010 0.0132 0.1719 1.0000 1.0000 0.0003 0.0034 0.0438 0.5695 1.0000 0.0001 0.0009 0.0111 0.1437 1.0000 1.0000 0.0001 1.0000 1.0000 0.1437 0.0111 0.0009 0.0001 1.0000 0.5695 0.0438 0.0034 0.0003 1.0000 1.0000 0.1719 0.0132 0.0010 0.0001 1.0000 0.6784 0.0525 0.0041 0.0003 1.0000 1.0000 0.2155 0.0169 0.0013 0.0001 1.0000 0.9499 0.0757 0.0061 0.0005 1.0000 1.0000 0.3748 0.0306 0.0025 0.0002 1.0000 1.0000 0.1664 0.0137 0.0011 0.0001 1.0000 0.9250 0.0763 0.0063 0.0005
0.0064 0.0819 0.9924 1.0000 0.0001 0.0012 0.0147 0.1785 1.0000 1.0000 0.0002 0.0027 0.0324 0.3946 1.0000 1.0000 0.0005 0.0062 0.0769 0.9572 1.0000 0.0001 0.0013 0.0165 0.2090 1.0000 1.0000 0.0003 0.0039 0.0496 0.6408 1.0000 0.0001 0.0010 0.0124 0.1608 1.0000 1.0000 0.0002 0.0031 0.0408 0.5308 1.0000 0.0001 0.0008 0.0104 0.1350 1.0000 1.0000 0.0002 0.0008 0.0002 1.0000 1.0000 0.1350 0.0104 0.0008 0.0001 1.0000 0.5308 0.0408 0.0031 0.0002 1.0000 1.0000 0.1608 0.0124 0.0010 0.0001 1.0000 0.6408 0.0496 0.0039 0.0003 1.0000 1.0000 0.2090 0.0165 0.0013 0.0001 1.0000 0.9572 0.0769 0.0062 0.0005 1.0000 1.0000 0.3946 0.0324 0.0027 0.0002 1.0000 1.0000 0.1785 0.0147 0.0012 0.0001 1.0000 0.9924 0.0819 0.0064
0.0831 1.0000 1.0000 0.0001 0.0013 0.0158 0.1915 1.0000 1.0000 0.0002 0.0028 0.0345 0.4193 1.0000 1.0000 0.0005 0.0064 0.0794 0.9812 1.0000 0.0001 0.0013 0.0163 0.2059 1.0000 1.0000 0.0003 0.0037 0.0473 0.6087 1.0000 0.0001 0.0009 0.0116 0.1504 1.0000 1.0000 0.0002 0.0029 0.0381 0.4948 1.0000 0.0001 0.0007 0.0097 0.1258 1.0000 1.0000 0.0002 0.0021 0.0100 0.0021 0.0002 1.0000 1.0000 0.1258 0.0097 0.0007 0.0001 1.0000 0.4948 0.0381 0.0029 0.0002 1.0000 1.0000 0.1504 0.0116 0.0009 0.0001 1.0000 0.6087 0.0473 0.0037 0.0003 1.0000 1.0000 0.2059 0.0163 0.0013 0.0001 1.0000 0.9812 0.0794 0.0064 0.0005 1.0000 1.0000 0.4193 0.0345 0.0028 0.0002 1.0000 1.0000 0.1915 0.0158 0.0013 0.0001 1.0000 1.0000 0.0831
1.0000 1.0000 0.0001 0.0014 0.0170 0.2055 1.0000 1.0000 0.0003 0.0030 0.0370 0.4490 1.0000 1.0000 0.0006 0.0068 0.0830 1.0000 1.0000 0.0001 0.0013 0.0165 0.2059 1.0000 1.0000 0.0003 0.0036 0.0457 0.5838 1.0000 0.0001 0.0008 0.0110 0.1416 1.0000 1.0000 0.0002 0.0027 0.0357 0.4629 1.0000 0.0001 0.0007 0.0090 0.1175 1.0000 1.0000 0.0002 0.0022 0.0251 0.1207 0.0251 0.0022 0.0002 1.0000 1.0000 0.1175 0.0090 0.0007 0.0001 1.0000 0.4629 0.0357 0.0027 0.0002 1.0000 1.0000 0.1416 0.0110 0.0008 0.0001 1.0000 0.5838 0.0457 0.0036 0.0003 1.0000 1.0000 0.2059 0.0165 0.0013 0.0001 1.0000 1.0000 0.0830 0.0068 0.0006 1.0000 1.0000 0.4490 0.0370 0.0030 0.0003 1.0000 1.0000 0.2055 0.0170 0.0014 0.0001 1.0000 1.0000
1.0000 0.0001 0.0015 0.0182 0.2205 1.0000 1.0000 0.0003 0.0033 0.0397 0.4809 1.0000 1.0000 0.0006 0.0072 0.0875 1.0000 1.0000 0.0001 0.0014 0.0169 0.2090 1.0000 1.0000 0.0003 0.0035 0.0447 0.5674 1.0000 0.0001 0.0008 0.0104 0.1342 1.0000 1.0000 0.0002 0.0026 0.0334 0.4331 1.0000 1.0000 0.0007 0.0085 0.1097 1.0000 1.0000 0.0002 0.0021 0.0269 0.3041 1.0000 0.3041 0.0269 0.0021 0.0002 1.0000 1.0000 0.1097 0.0085 0.0007 1.0000 1.0000 0.4331 0.0334 0.0026 0.0002 1.0000 1.0000 0.1342 0.0104 0.0008 0.0001 1.0000 0.5674 0.0447 0.0035 0.0003 1.0000 1.0000 0.2090 0.0169 0.0014 0.0001 1.0000 1.0000 0.0875 0.0072 0.0006 1.0000 1.0000 0.4809 0.0397 0.0033 0.0003 1.0000 1.0000 0.2205 0.0182 0.0015 0.0001 1.0000
0.0001 0.0016 0.0195 0.2366 1.0000 1.0000 0.0003 0.0035 0.0426 0.5159 1.0000 0.0001 0.0006 0.0077 0.0932 1.0000 1.0000 0.0001 0.0014 0.0175 0.2155 1.0000 1.0000 0.0003 0.0035 0.0444 0.5588 1.0000 0.0001 0.0008 0.0100 0.1285 1.0000 1.0000 0.0002 0.0024 0.0313 0.4060 1.0000 1.0000 0.0006 0.0079 0.1026 1.0000 1.0000 0.0002 0.0020 0.0258 0.3256 1.0000 1.0000 1.0000 0.3256 0.0258 0.0020 0.0002 1.0000 1.0000 0.1026 0.0079 0.0006 1.0000 1.0000 0.4060 0.0313 0.0024 0.0002 1.0000 1.0000 0.1285 0.0100 0.0008 0.0001 1.0000 0.5588 0.0444 0.0035 0.0003 1.0000 1.0000 0.2155 0.0175 0.0014 0.0001 1.0000 1.0000 0.0932 0.0077 0.0006 0.0001 1.0000 0.5159 0.0426 0.0035 0.0003 1.0000 1.0000 0.2366 0.0195 0.0016 0.0001
0.0016 0.0209 0.2538 1.0000 1.0000 0.0003 0.0038 0.0457 0.5535 1.0000 0.0001 0.0007 0.0082 0.0998 1.0000 1.0000 0.0001 0.0015 0.0183 0.2247 1.0000 1.0000 0.0003 0.0036 0.0447 0.5588 1.0000 0.0001 0.0008 0.0097 0.1241 1.0000 1.0000 0.0002 0.0023 0.0296 0.3827 1.0000 1.0000 0.0006 0.0074 0.0960 1.0000 1.0000 0.0001 0.0019 0.0242 0.3129 1.0000 1.0000 0.0001 1.0000 1.0000 0.3129 0.0242 0.0019 0.0001 1.0000 1.0000 0.0960 0.0074 0.0006 1.0000 1.0000 0.3827 0.0296 0.0023 0.0002 1.0000 1.0000 0.1241 0.0097 0.0008 0.0001 1.0000 0.5588 0.0447 0.0036 0.0003 1.0000 1.0000 0.2247 0.0183 0.0015 0.0001 1.0000 1.0000 0.0998 0.0082 0.0007 0.0001 1.0000 0.5535 0.0457 0.0038 0.0003 1.0000 1.0000 0.2538 0.0209 0.0016
0.0213 0.2723 1.0000 1.0000 0.0003 0.0040 0.0490 0.5939 1.0000 0.0001 0.0007 0.0088 0.1070 1.0000 1.0000 0.0001 0.0016 0.0194 0.2366 1.0000 1.0000 0.0003 0.0037 0.0457 0.5674 1.0000 0.0001 0.0008 0.0096 0.1213 1.0000 1.0000 0.0002 0.0022 0.0283 0.3636 1.0000 1.0000 0.0005 0.0069 0.0899 1.0000 1.0000 0.0001 0.0018 0.0227 0.2944 1.0000 1.0000 0.0004 0.0018 0.0004 1.0000 1.0000 0.2944 0.0227 0.0018 0.0001 1.0000 1.0000 0.0899 0.0069 0.0005 1.0000 1.0000 0.3636 0.0283 0.0022 0.0002 1.0000 1.0000 0.1213 0.0096 0.0008 0.0001 1.0000 0.5674 0.0457 0.0037 0.0003 1.0000 1.0000 0.2366 0.0194 0.0016 0.0001 1.0000 1.0000 0.1070 0.0088 0.0007 0.0001 1.0000 0.5939 0.0490 0.0040 0.0003 1.0000 1.0000 0.2723 0.0213
0.2765 1.0000 1.0000 0.0004 0.0043 0.0526 0.6372 1.0000 0.0001 0.0008 0.0095 0.1148 1.0000 1.0000 0.0001 0.0017 0.0207 0.2514 1.0000 1.0000 0.0003 0.0039 0.0473 0.5838 1.0000 0.0001 0.0008 0.0096 0.1204 1.0000 1.0000 0.0002 0.0021 0.0272 0.3480 1.0000 1.0000 0.0005 0.0065 0.0845 1.0000 1.0000 0.0001 0.0016 0.0213 0.2760 1.0000 1.0000 0.0004 0.0045 0.0217 0.0045 0.0004 1.0000 1.0000 0.2760 0.0213 0.0016 0.0001 1.0000 1.0000 0.0845 0.0065 0.0005 1.0000 1.0000 0.3480 0.0272 0.0021 0.0002 1.0000 1.0000 0.1204 0.0096 0.0008 0.0001 1.0000 0.5838 0.0473 0.0039 0.0003 1.0000 1.0000 0.2514 0.0207 0.0017 0.0001 1.0000 1.0000 0.1148 0.0095 0.0008 0.0001 1.0000 0.6372 0.0526 0.0043 0.0004 1.0000 1.0000 0.2765
1.0000 1.0000 0.0004 0.0047 0.0564 0.6836 1.0000 0.0001 0.0008 0.0102 0.1232 1.0000 1.0000 0.0002 0.0018 0.0222 0.2687 1.0000 1.0000 0.0003 0.0041 0.0496 0.6087 1.0000 0.0001 0.0008 0.0097 0.1213 1.0000 1.0000 0.0002 0.0021 0.0265 0.3369 1.0000 1.0000 0.0005 0.0062 0.0802 1.0000 1.0000 0.0001 0.0015 0.0199 0.2582 1.0000 1.0000 0.0004 0.0048 0.0548 0.2631 0.0548 0.0048 0.0004 1.0000 1.0000 0.2582 0.0199 0.0015 0.0001 1.0000 1.0000 0.0802 0.0062 0.0005 1.0000 1.0000 0.3369 0.0265 0.0021 0.0002 1.0000 1.0000 0.1213 0.0097 0.0008 0.0001 1.0000 0.6087 0.0496 0.0041 0.0003 1.0000 1.0000 0.2687 0.0222 0.0018 0.0002 1.0000 1.0000 0.1232 0.0102 0.0008 0.0001 1.0000 0.6836 0.0564 0.0047 0.0004 1.0000 1.0000
1.0000 0.0004 0.0050 0.0605 0.7335 1.0000 0.0001 0.0009 0.0109 0.1322 1.0000 1.0000 0.0002 0.0020 0.0238 0.2883 1.0000 1.0000 0.0004 0.0043 0.0525 0.6408 1.0000 0.0001 0.0008 0.0100 0.1241 1.0000 1.0000 0.0002 0.0021 0.0261 0.3300 1.0000 1.0000 0.0005 0.0060 0.0766 0.9830 1.0000 0.0001 0.0014 0.0187 0.2425 1.0000 1.0000 0.0004 0.0047 0.0588 0.6644 1.0000 0.6644 0.0588 0.0047 0.0004 1.0000 1.0000 0.2425 0.0187 0.0014 0.0001 1.0000 0.9830 0.0766 0.0060 0.0005 1.0000 1.0000 0.3300 0.0261 0.0021 0.0002 1.0000 1.0000 0.1241 0.0100 0.0008 0.0001 1.0000 0.6408 0.0525 0.0043 0.0004 1.0000 1.0000 0.2883 0.0238 0.0020 0.0002 1.0000 1.0000 0.1322 0.0109 0.0009 0.0001 1.0000 0.7335 0.0605 0.0050 0.0004 1.0000
0.0004 0.0054 0.0649 0.7869 1.0000 0.0001 0.0010 0.0117 0.1418 1.0000 1.0000 0.0002 0.0021 0.0255 0.3093 1.0000 1.0000 0.0004 0.0046 0.0557 0.6784 1.0000 0.0001 0.0008 0.0104 0.1285 1.0000 1.0000 0.0002 0.0021 0.0261 0.3275 1.0000 1.0000 0.0005 0.0058 0.0737 0.9427 1.0000 0.0001 0.0014 0.0177 0.2282 1.0000 1.0000 0.0003 0.0044 0.0566 0.7142 1.0000 1.0000 1.0000 0.7142 0.0566 0.0044 0.0003 1.0000 1.0000 0.2282 0.0177 0.0014 0.0001 1.0000 0.9427 0.0737 0.0058 0.0005 1.0000 1.0000 0.3275 0.0261 0.0021 0.0002 1.0000 1.0000 0.1285 0.0104 0.0008 0.0001 1.0000 0.6784 0.0557 0.0046 0.0004 1.0000 1.0000 0.3093 0.0255 0.0021 0.0002 1.0000 1.0000 0.1418 0.0117 0.0010 0.0001 1.0000 0.7869 0.0649 0.0054 0.0004
0.0054 0.0698 0.8443 1.0000 0.0001 0.0010 0.0126 0.1522 1.0000 1.0000 0.0002 0.0023 0.0274 0.3319 1.0000 1.0000 0.0004 0.0049 0.0597 0.7238 1.0000 0.0001 0.0009 0.0110 0.1342 1.0000 1.0000 0.0002 0.0021 0.0265 0.3300 1.0000 1.0000 0.0004 0.0057 0.0718 0.9128 1.0000 0.0001 0.0013 0.0168 0.2163 1.0000 1.0000 0.0003 0.0041 0.0535 0.6888 1.0000 0.0001 0.0003 0.0001 1.0000 0.6888 0.0535 0.0041 0.0003 1.0000 1.0000 0.2163 0.0168 0.0013 0.0001 1.0000 0.9128 0.0718 0.0057 0.0004 1.0000 1.0000 0.3300 0.0265 0.0021 0.0002 1.0000 1.0000 0.1342 0.0110 0.0009 0.0001 1.0000 0.7238 0.0597 0.0049 0.0004 1.0000 1.0000 0.3319 0.0274 0.0023 0.0002 1.0000 1.0000 0.1522 0.0126 0.0010 0.0001 1.0000 0.8443 0.0698 0.0054
0.0707 0.9076 1.0000 0.0001 0.0011 0.0135 0.1633 1.0000 1.0000 0.0002 0.0024 0.0294 0.3561 1.0000 1.0000 0.0004 0.0053 0.0640 0.7765 1.0000 0.0001 0.0010 0.0116 0.1416 1.0000 1.0000 0.0002 0.0022 0.0272 0.3369 1.0000 1.0000 0.0004 0.0056 0.0707 0.8939 1.0000 0.0001 0.0013 0.0162 0.2071 1.0000 1.0000 0.0003 0.0039 0.0505 0.6519 1.0000 0.0001 0.0008 0.0039 0.0008 0.0001 1.0000 0.6519 0.0505 0.0039 0.0003 1.0000 1.0000 0.2071 0.0162 0.0013 0.0001 1.0000 0.8939 0.0707 0.0056 0.0004 1.0000 1.0000 0.3369 0.0272 0.0022 0.0002 1.0000 1.0000 0.1416 0.0116 0.0010 0.0001 1.0000 0.7765 0.0640 0.0053 0.0004 1.0000 1.0000 0.3561 0.0294 0.0024 0.0002 1.0000 1.0000 0.1633 0.0135 0.0011 0.0001 1.0000 0.9076 0.0707
0.9197 1.0000 0.0001 0.0012 0.0144 0.1752 1.0000 1.0000 0.0002 0.0026 0.0315 0.3820 1.0000 1.0000 0.0005 0.0057 0.0687 0.8331 1.0000 0.0001 0.0010 0.0124 0.1504 1.0000 1.0000 0.0002 0.0023 0.0283 0.3480 1.0000 1.0000 0.0005 0.0057 0.0707 0.8888 1.0000 0.0001 0.0012 0.0157 0.1997 1.0000 1.0000 0.0003 0.0037 0.0478 0.6169 1.0000 0.0001 0.0009 0.0099 0.0477 0.0099 0.0009 0.0001 1.0000 0.6169 0.0478 0.0037 0.0003 1.0000 1.0000 0.1997 0.0157 0.0012 0.0001 1.0000 0.8888 0.0707 0.0057 0.0005 1.0000 1.0000 0.3480 0.0283 0.0023 0.0002 1.0000 1.0000 0.1504 0.0124 0.0010 0.0001 1.0000 0.8331 0.0687 0.0057 0.0005 1.0000 1.0000 0.3820 0.0315 0.0026 0.0002 1.0000 1.0000 0.1752 0.0144 0.0012 0.0001 1.0000 0.9197
1.0000 0.0001 0.0013 0.0155 0.1879 1.0000 1.0000 0.0002 0.0028 0.0338 0.4099 1.0000 1.0000 0.0005 0.0061 0.0737 0.8922 1.0000 0.0001 0.0011 0.0132 0.1608 1.0000 1.0000 0.0002 0.0024 0.0296 0.3636 1.0000 1.0000 0.0005 0.0058 0.0718 0.8939 1.0000 0.0001 0.0012 0.0154 0.1948 1.0000 1.0000 0.0003 0.0036 0.0456 0.5860 1.0000 0.0001 0.0009 0.0107 0.1209 0.5805 0.1209 0.0107 0.0009 0.0001 1.0000 0.5860 0.0456 0.0036 0.0003 1.0000 1.0000 0.1948 0.0154 0.0012 0.0001 1.0000 0.8939 0.0718 0.0058 0.0005 1.0000 1.0000 0.3636 0.0296 0.0024 0.0002 1.0000 1.0000 0.1608 0.0132 0.0011 0.0001 1.0000 0.8922 0.0737 0.0061 0.0005 1.0000 1.0000 0.4099 0.0338 0.0028 0.0002 1.0000 1.0000 0.1879 0.0155 0.0013 0.0001 1.0000
0.0001 0.0014 0.0166 0.2016 1.0000 1.0000 0.0002 0.0030 0.0363 0.4397 1.0000 1.0000 0.0005 0.0065 0.0790 0.9572 1.0000 0.0001 0.0012 0.0142 0.1719 1.0000 1.0000 0.0002 0.0026 0.0313 0.3827 1.0000 1.0000 0.0005 0.0060 0.0737 0.9128 1.0000 0.0001 0.0012 0.0152 0.1923 1.0000 1.0000 0.0003 0.0034 0.0438 0.5609 1.0000 0.0001 0.0008 0.0105 0.1312 1.0000 1.0000 1.0000 0.1312 0.0105 0.0008 0.0001 1.0000 0.5609 0.0438 0.0034 0.0003 1.0000 1.0000 0.1923 0.0152 0.0012 0.0001 1.0000 0.9128 0.0737 0.0060 0.0005 1.0000 1.0000 0.3827 0.0313 0.0026 0.0002 1.0000 1.0000 0.1719 0.0142 0.0012 0.0001 1.0000 0.9572 0.0790 0.0065 0.0005 1.0000 1.0000 0.4397 0.0363 0.0030 0.0002 1.0000 1.0000 0.2016 0.0166 0.0014 0.0001
0.0014 0.0178 0.2163 1.0000 1.0000 0.0003 0.0032 0.0389 0.4718 1.0000 1.0000 0.0006 0.0070 0.0847 1.0000 1.0000 0.0001 0.0013 0.0152 0.1844 1.0000 1.0000 0.0002 0.0027 0.0334 0.4060 1.0000 1.0000 0.0005 0.0062 0.0766 0.9427 1.0000 0.0001 0.0012 0.0154 0.1923 1.0000 1.0000 0.0003 0.0033 0.0425 0.5410 1.0000 0.0001 0.0008 0.0100 0.1280 1.0000 1.0000 0.0001 1.0000 1.0000 0.1280 0.0100 0.0008 0.0001 1.0000 0.5410 0.0425 0.0033 0.0003 1.0000 1.0000 0.1923 0.0154 0.0012 0.0001 1.0000 0.9427 0.0766 0.0062 0.0005 1.0000 1.0000 0.4060 0.0334 0.0027 0.0002 1.0000 1.0000 0.1844 0.0152 0.0013 0.0001 1.0000 1.0000 0.0847 0.0070 0.0006 1.0000 1.0000 0.4718 0.0389 0.0032 0.0003 1.0000 1.0000 0.2163 0.0178 0.0014
0.0181 0.2321 1.0000 1.0000 0.0003 0.0034 0.0418 0.5062 1.0000 1.0000 0.0006 0.0075 0.0909 1.0000 1.0000 0.0001 0.0013 0.0163 0.1978 1.0000 1.0000 0.0002 0.0029 0.0357 0.4331 1.0000 1.0000 0.0005 0.0065 0.0802 0.9830 1.0000 0.0001 0.0013 0.0157 0.1948 1.0000 1.0000 0.0003 0.0033 0.0417 0.5278 1.0000 0.0001 0.0008 0.0096 0.1230 1.0000 1.0000 0.0002 0.0007 0.0002 1.0000 1.0000 0.1230 0.0096 0.0008 0.0001 1.0000 0.5278 0.0417 0.0033 0.0003 1.0000 1.0000 0.1948 0.0157 0.0013 0.0001 1.0000 0.9830 0.0802 0.0065 0.0005 1.0000 1.0000 0.4331 0.0357 0.0029 0.0002 1.0000 1.0000 0.1978 0.0163 0.0013 0.0001 1.0000 1.0000 0.0909 0.0075 0.0006 1.0000 1.0000 0.5062 0.0418 0.0034 0.0003 1.0000 1.0000 0.2321 0.0181
0.2357 1.0000 1.0000 0.0003 0.0037 0.0448 0.5431 1.0000 0.0001 0.0007 0.0080 0.0975 1.0000 1.0000 0.0001 0.0014 0.0175 0.2123 1.0000 1.0000 0.0003 0.0031 0.0381 0.4629 1.0000 1.0000 0.0006 0.0069 0.0845 1.0000 1.0000 0.0001 0.0013 0.0162 0.1997 1.0000 1.0000 0.0003 0.0033 0.0414 0.5208 1.0000 0.0001 0.0007 0.0093 0.1186 1.0000 1.0000 0.0002 0.0019 0.0089 0.0019 0.0002 1.0000 1.0000 0.1186 0.0093 0.0007 0.0001 1.0000 0.5208 0.0414 0.0033 0.0003 1.0000 1.0000 0.1997 0.0162 0.0013 0.0001 1.0000 1.0000 0.0845 0.0069 0.0006 1.0000 1.0000 0.4629 0.0381 0.0031 0.0003 1.0000 1.0000 0.2123 0.0175 0.0014 0.0001 1.0000 1.0000 0.0975 0.0080 0.0007 0.0001 1.0000 0.5431 0.0448 0.0037 0.0003 1.0000 1.0000 0.2357
1.0000 1.0000 0.0003 0.0040 0.0481 0.5827 1.0000 0.0001 0.0007 0.0086 0.1046 1.0000 1.0000 0.0001 0.0015 0.0188 0.2273 1.0000 1.0000 0.0003 0.0034 0.0408 0.4948 1.0000 1.0000 0.0006 0.0074 0.0899 1.0000 1.0000 0.0001 0.0014 0.0168 0.2071 1.0000 1.0000 0.0003 0.0033 0.0417 0.5208 1.0000 0.0001 0.0007 0.0091 0.1153 1.0000 1.0000 0.0002 0.0020 0.0228 0.1089 0.0228 0.0020 0.0002 1.0000 1.0000 0.1153 0.0091 0.0007 0.0001 1.0000 0.5208 0.0417 0.0033 0.0003 1.0000 1.0000 0.2071 0.0168 0.0014 0.0001 1.0000 1.0000 0.0899 0.0074 0.0006 1.0000 1.0000 0.4948 0.0408 0.0034 0.0003 1.0000 1.0000 0.2273 0.0188 0.0015 0.0001 1.0000 1.0000 0.1046 0.0086 0.0007 0.0001 1.0000 0.5827 0.0481 0.0040 0.0003 1.0000 1.0000
1.0000 0.0004 0.0043 0.0516 0.6252 1.0000 0.0001 0.0008 0.0093 0.1122 1.0000 1.0000 0.0001 0.0017 0.0202 0.2439 1.0000 1.0000 0.0003 0.0036 0.0438 0.5308 1.0000 0.0001 0.0007 0.0079 0.0960 1.0000 1.0000 0.0001 0.0014 0.0177 0.2163 1.0000 1.0000 0.0003 0.0034 0.0425 0.5278 1.0000 0.0001 0.0007 0.0089 0.1131 1.0000 1.0000 0.0002 0.0020 0.0250 0.2802 1.0000 0.2802 0.0250 0.0020 0.0002 1.0000 1.0000 0.1131 0.0089 0.0007 0.0001 1.0000 0.5278 0.0425 0.0034 0.0003 1.0000 1.0000 0.2163 0.0177 0.0014 0.0001 1.0000 1.0000 0.0960 0.0079 0.0007 0.0001 1.0000 0.5308 0.0438 0.0036 0.0003 1.0000 1.0000 0.2439 0.0202 0.0017 0.0001 1.0000 1.0000 0.1122 0.0093 0.0008 0.0001 1.0000 0.6252 0.0516 0.0043 0.0004 1.0000
0.0004 0.0046 0.0553 0.6707 1.0000 0.0001 0.0008 0.0099 0.1204 1.0000 1.0000 0.0001 0.0018 0.0216 0.2616 1.0000 1.0000 0.0003 0.0039 0.0470 0.5695 1.0000 0.0001 0.0007 0.0085 0.1026 1.0000 1.0000 0.0001 0.0015 0.0187 0.2282 1.0000 1.0000 0.0003 0.0036 0.0438 0.5410 1.0000 0.0001 0.0007 0.0089 0.1122 1.0000 1.0000 0.0002 0.0020 0.0249 0.3093 1.0000 1.0000 1.0000 0.3093 0.0249 0.0020 0.0002 1.0000 1.0000 0.1122 0.0089 0.0007 0.0001 1.0000 0.5410 0.0438 0.0036 0.0003 1.0000 1.0000 0.2282 0.0187 0.0015 0.0001 1.0000 1.0000 0.1026 0.0085 0.0007 0.0001 1.0000 0.5695 0.0470 0.0039 0.0003 1.0000 1.0000 0.2616 0.0216 0.0018 0.0001 1.0000 1.0000 0.1204 0.0099 0.0008 0.0001 1.0000 0.6707 0.0553 0.0046 0.0004
0.0046 0.0594 0.7183 1.0000 0.0001 0.0009 0.0107 0.1290 1.0000 1.0000 0.0002 0.0019 0.0232 0.2807 1.0000 1.0000 0.0003 0.0042 0.0504 0.6099 1.0000 0.0001 0.0007 0.0090 0.1097 1.0000 1.0000 0.0001 0.0016 0.0199 0.2425 1.0000 1.0000 0.0003 0.0037 0.0456 0.5609 1.0000 0.0001 0.0007 0.0091 0.1131 1.0000 1.0000 0.0002 0.0019 0.0246 0.3093 1.0000 1.0000 0.0001 1.0000 1.0000 0.3093 0.0246 0.0019 0.0002 1.0000 1.0000 0.1131 0.0091 0.0007 0.0001 1.0000 0.5609 0.0456 0.0037 0.0003 1.0000 1.0000 0.2425 0.0199 0.0016 0.0001 1.0000 1.0000 0.1097 0.0090 0.0007 0.0001 1.0000 0.6099 0.0504 0.0042 0.0003 1.0000 1.0000 0.2807 0.0232 0.0019 0.0002 1.0000 1.0000 0.1290 0.0107 0.0009 0.0001 1.0000 0.7183 0.0594 0.0046
0.0602 0.7706 1.0000 0.0001 0.0009 0.0114 0.1384 1.0000 1.0000 0.0002 0.0020 0.0248 0.3012 1.0000 1.0000 0.0004 0.0045 0.0540 0.6544 1.0000 0.0001 0.0008 0.0097 0.1175 1.0000 1.0000 0.0001 0.0018 0.0213 0.2582 1.0000 1.0000 0.0003 0.0039 0.0478 0.5860 1.0000 0.0001 0.0008 0.0093 0.1153 1.0000 1.0000 0.0002 0.0019 0.0243 0.3064 1.0000 1.0000 0.0004 0.0017 0.0004 1.0000 1.0000 0.3064 0.0243 0.0019 0.0002 1.0000 1.0000 0.1153 0.0093 0.0008 0.0001 1.0000 0.5860 0.0478 0.0039 0.0003 1.0000 1.0000 0.2582 0.0213 0.0018 0.0001 1.0000 1.0000 0.1175 0.0097 0.0008 0.0001 1.0000 0.6544 0.0540 0.0045 0.0004 1.0000 1.0000 0.3012 0.0248 0.0020 0.0002 1.0000 1.0000 0.1384 0.0114 0.0009 0.0001 1.0000 0.7706 0.0602
0.7824 1.0000 0.0001 0.0010 0.0122 0.1484 1.0000 1.0000 0.0002 0.0022 0.0266 0.3225 1.0000 1.0000 0.0004 0.0048 0.0579 0.7021 1.0000 0.0001 0.0009 0.0104 0.1258 1.0000 1.0000 0.0002 0.0019 0.0227 0.2760 1.0000 1.0000 0.0003 0.0041 0.0505 0.6169 1.0000 0.0001 0.0008 0.0096 0.1186 1.0000 1.0000 0.0002 0.0019 0.0243 0.3046 1.0000 1.0000 0.0004 0.0045 0.0215 0.0045 0.0004 1.0000 1.0000 0.3046 0.0243 0.0019 0.0002 1.0000 1.0000 0.1186 0.0096 0.0008 0.0001 1.0000 0.6169 0.0505 0.0041 0.0003 1.0000 1.0000 0.2760 0.0227 0.0019 0.0002 1.0000 1.0000 0.1258 0.0104 0.0009 0.0001 1.0000 0.7021 0.0579 0.0048 0.0004 1.0000 1.0000 0.3225 0.0266 0.0022 0.0002 1.0000 1.0000 0.1484 0.0122 0.0010 0.0001 1.0000 0.7824
1.0000 0.0001 0.0011 0.0131 0.1590 1.0000 1.0000 0.0002 0.0024 0.0285 0.3454 1.0000 1.0000 0.0004 0.0051 0.0620 0.7518 1.0000 0.0001 0.0009 0.0111 0.1350 1.0000 1.0000 0.0002 0.0020 0.0242 0.2944 1.0000 1.0000 0.0004 0.0044 0.0535 0.6519 1.0000 0.0001 0.0008 0.0100 0.1230 1.0000 1.0000 0.0002 0.0020 0.0246 0.3064 1.0000 1.0000 0.0004 0.0051 0.0561 0.2667 0.0561 0.0051 0.0004 1.0000 1.0000 0.3064 0.0246 0.0020 0.0002 1.0000 1.0000 0.1230 0.0100 0.0008 0.0001 1.0000 0.6519 0.0535 0.0044 0.0004 1.0000 1.0000 0.2944 0.0242 0.0020 0.0002 1.0000 1.0000 0.1350 0.0111 0.0009 0.0001 1.0000 0.7518 0.0620 0.0051 0.0004 1.0000 1.0000 0.3454 0.0285 0.0024 0.0002 1.0000 1.0000 0.1590 0.0131 0.0011 0.0001 1.0000
0.0001 0.0012 0.0140 0.1693 1.0000 1.0000 0.0002 0.0025 0.0304 0.3685 1.0000 1.0000 0.0005 0.0055 0.0660 0.8005 1.0000 0.0001 0.0010 0.0119 0.1437 1.0000 1.0000 0.0002 0.0021 0.0258 0.3129 1.0000 1.0000 0.0004 0.0047 0.0566 0.6888 1.0000 0.0001 0.0009 0.0105 0.1280 1.0000 1.0000 0.0002 0.0020 0.0249 0.3093 1.0000 1.0000 0.0004 0.0051 0.0631 0.6967 1.0000 0.6967 0.0631 0.0051 0.0004 1.0000 1.0000 0.3093 0.0249 0.0020 0.0002 1.0000 1.0000 0.1280 0.0105 0.0009 0.0001 1.0000 0.6888 0.0566 0.0047 0.0004 1.0000 1.0000 0.3129 0.0258 0.0021 0.0002 1.0000 1.0000 0.1437 0.0119 0.0010 0.0001 1.0000 0.8005 0.0660 0.0055 0.0005 1.0000 1.0000 0.3685 0.0304 0.0025 0.0002 1.0000 1.0000 0.1693 0.0140 0.0012 0.0001
0.0011 0.0146 0.1762 1.0000 1.0000 0.0002 0.0026 0.0316 0.3835 1.0000 1.0000 0.0005 0.0057 0.0688 0.8347 1.0000 0.0001 0.0010 0.0124 0.1496 1.0000 1.0000 0.0002 0.0022 0.0269 0.3256 1.0000 1.0000 0.0004 0.0048 0.0588 0.7142 1.0000 0.0001 0.0009 0.0107 0.1312 1.0000 1.0000 0.0002 0.0020 0.0250 0.3093 1.0000 1.0000 0.0004 0.0051 0.0631 0.7706 1.0000 1.0000 1.0000 0.7706 0.0631 0.0051 0.0004 1.0000 1.0000 0.3093 0.0250 0.0020 0.0002 1.0000 1.0000 0.1312 0.0107 0.0009 0.0001 1.0000 0.7142 0.0588 0.0048 0.0004 1.0000 1.0000 0.3256 0.0269 0.0022 0.0002 1.0000 1.0000 0.1496 0.0124 0.0010 0.0001 1.0000 0.8347 0.0688 0.0057 0.0005 1.0000 1.0000 0.3835 0.0316 0.0026 0.0002 1.0000 1.0000 0.1762 0.0146 0.0011
0.0128 0.1642 1.0000 1.0000 0.0002 0.0024 0.0295 0.3581 1.0000 1.0000 0.0004 0.0053 0.0643 0.7795 1.0000 0.0001 0.0010 0.0115 0.1397 1.0000 1.0000 0.0002 0.0021 0.0251 0.3041 1.0000 1.0000 0.0004 0.0045 0.0548 0.6644 1.0000 0.0001 0.0008 0.0099 0.1209 1.0000 1.0000 0.0002 0.0019 0.0228 0.2802 1.0000 1.0000 0.0004 0.0045 0.0561 0.6967 1.0000 0.0001 0.0003 0.0001 1.0000 0.6967 0.0561 0.0045 0.0004 1.0000 1.0000 0.2802 0.0228 0.0019 0.0002 1.0000 1.0000 0.1209 0.0099 0.0008 0.0001 1.0000 0.6644 0.0548 0.0045 0.0004 1.0000 1.0000 0.3041 0.0251 0.0021 0.0002 1.0000 1.0000 0.1397 0.0115 0.0010 0.0001 1.0000 0.7795 0.0643 0.0053 0.0004 1.0000 1.0000 0.3581 0.0295 0.0024 0.0002 1.0000 1.0000 0.1642 0.0128
0.0628 0.7944 1.0000 0.0001 0.0010 0.0117 0.1418 1.0000 1.0000 0.0002 0.0021 0.0255 0.3087 1.0000 1.0000 0.0004 0.0046 0.0554 0.6720 1.0000 0.0001 0.0008 0.0100 0.1207 1.0000 1.0000 0.0001 0.0018 0.0217 0.2631 1.0000 1.0000 0.0003 0.0039 0.0477 0.5805 1.0000 0.0001 0.0007 0.0089 0.1089 1.0000 1.0000 0.0001 0.0017 0.0215 0.2667 1.0000 1.0000 0.0003 0.0014 0.0003 1.0000 1.0000 0.2667 0.0215 0.0017 0.0001 1.0000 1.0000 0.1089 0.0089 0.0007 0.0001 1.0000 0.5805 0.0477 0.0039 0.0003 1.0000 1.0000 0.2631 0.0217 0.0018 0.0001 1.0000 1.0000 0.1207 0.0100 0.0008 0.0001 1.0000 0.6720 0.0554 0.0046 0.0004 1.0000 1.0000 0.3087 0.0255 0.0021 0.0002 1.0000 1.0000 0.1418 0.0117 0.0010 0.0001 1.0000 0.7944 0.0628
0.0128 0.1642 1.0000 1.0000 0.0002 0.0024 0.0295 0.3581 1.0000 1.0000 0.0004 0.0053 0.0643 0.7795 1.0000 0.0001 0.0010 0.0115 0.1397 1.0000 1.0000 0.0002 0.0021 0.0251 0.3041 1.0000 1.0000 0.0004 0.0045 0.0548 0.6644 1.0000 0.0001 0.0008 0.0099 0.1209 1.0000 1.0000 0.0002 0.0019 0.0228 0.2802 1.0000 1.0000 0.0004 0.0045 0.0561 0.6967 1.0000 0.0001 0.0003 0.0001 1.0000 0.6967 0.0561 0.0045 0.0004 1.0000 1.0000 0.2802 0.0228 0.0019 0.0002 1.0000 1.0000 0.1209 0.0099 0.0008 0.0001 1.0000 0.6644 0.0548 0.0045 0.0004 1.0000 1.0000 0.3041 0.0251 0.0021 0.0002 1.0000 1.0000 0.1397 0.0115 0.0010 0.0001 1.0000 0.7795 0.0643 0.0053 0.0004 1.0000 1.0000 0.3581 0.0295 0.0024 0.0002 1.0000 1.0000 0.1642 0.0128
0.0011 0.0146 0.1762 1.0000 1.0000 0.0002 0.0026 0.0316 0.3835 1.0000 1.0000 0.0005 0.0057 0.0688 0.8347 1.0000 0.0001 0.0010 0.0124 0.1496 1.0000 1.0000 0.0002 0.0022 0.0269 0.3256 1.0000 1.0000 0.0004 0.0048 0.0588 0.7142 1.0000 0.0001 0.0009 0.0107 0.1312 1.0000 1.0000 0.0002 0.0020 0.0250 0.3093 1.0000 1.0000 0.0004 0.0051 0.0631 0.7706 1.0000 1.0000 1.0000 0.7706 0.0631 0.0051 0.0004 1.0000 1.0000 0.3093 0.0250 0.0020 0.0002 1.0000 1.0000 0.1312 0.0107 0.0009 0.0001 1.0000 0.7142 0.0588 0.0048 0.0004 1.0000 1.0000 0.3256 0.0269 0.0022 0.0002 1.0000 1.0000 0.1496 0.0124 0.0010 0.0001 1.0000 0.8347 0.0688 0.0057 0.0005 1.0000 1.0000 0.3835 0.0316 0.0026 0.0002 1.0000 1.0000 0.1762 0.0146 0.0011
0.0001 0.0012 0.0140 0.1693 1.0000 1.0000 0.0002 0.0025 0.0304 0.3685 1.0000 1.0000 0.0005 0.0055 0.0660 0.8005 1.0000 0.0001 0.0010 0.0119 0.1437 1.0000 1.0000 0.0002 0.0021 0.0258 0.3129 1.0000 1.0000 0.0004 0.0047 0.0566 0.6888 1.0000 0.0001 0.0009 0.0105 0.1280 1.0000 1.0000 0.0002 0.0020 0.0249 0.3093 1.0000 1.0000 0.0004 0.0051 0.0631 0.6967 1.0000 0.6967 0.0631 0.0051 0.0004 1.0000 1.0000 0.3093 0.0249 0.0020 0.0002 1.0000 1.0000 0.1280 0.0105 0.0009 0.0001 1.0000 0.6888 0.0566 0.0047 0.0004 1.0000 1.0000 0.3129 0.0258 0.0021 0.0002 1.0000 1.0000 0.1437 0.0119 0.0010 0.0001 1.0000 0.8005 0.0660 0.0055 0.0005 1.0000 1.0000 0.3685 0.0304 0.0025 0.0002 1.0000 1.0000 0.1693 0.0140 0.0012 0.0001
1.0000 0.0001 0.0011 0.0131 0.1590 1.0000 1.0000 0.0002 0.0024 0.0285 0.3454 1.0000 1.0000 0.0004 0.0051 0.0620 0.7518 1.0000 0.0001 0.0009 0.0111 0.1350 1.0000 1.0000 0.0002 0.0020 0.0242 0.2944 1.0000 1.0000 0.0004 0.0044 0.0535 0.6519 1.0000 0.0001 0.0008 0.0100 0.1230 1.0000 1.0000 0.0002 0.0020 0.0246 0.3064 1.0000 1.0000 0.0004 0.0051 0.0561 0.2667 0.0561 0.0051 0.0004 1.0000 1.0000 0.3064 0.0246 0.0020 0.0002 1.0000 1.0000 0.1230 0.0100 0.0008 0.0001 1.0000 0.6519 0.0535 0.0044 0.0004 1.0000 1.0000 0.2944 0.0242 0.0020 0.0002 1.0000 1.0000 0.1350 0.0111 0.0009 0.0001 1.0000 0.7518 0.0620 0.0051 0.0004 1.0000 1.0000 0.3454 0.0285 0.0024 0.0002 1.0000 1.0000 0.1590 0.0131 0.0011 0.0001 1.0000
0.7824 1.0000 0.0001 0.0010 0.0122 0.1484 1.0000 1.0000 0.0002 0.0022 0.0266 0.3225 1.0000 1.0000 0.0004 0.0048 0.0579 0.7021 1.0000 0.0001 0.0009 0.0104 0.1258 1.0000 1.0000 0.0002 0.0019 0.0227 0.2760 1.0000 1.0000 0.0003 0.0041 0.0505 0.6169 1.0000 0.0001 0.0008 0.0096 0.1186 1.0000 1.0000 0.0002 0.0019 0.0243 0.3046 1.0000 1.0000 0.0004 0.0045 0.0215 0.0045 0.0004 1.0000 1.0000 0.3046 0.0243 0.0019 0.0002 1.0000 1.0000 0.1186 0.0096 0.0008 0.0001 1.0000 0.6169 0.0505 0.0041 0.0003 1.0000 1.0000 0.2760 0.0227 0.0019 0.0002 1.0000 1.0000 0.1258 0.0104 0.0009 0.0001 1.0000 0.7021 0.0579 0.0048 0.0004 1.0000 1.0000 0.3225 0.0266 0.0022 0.0002 1.0000 1.0000 0.1484 0.0122 0.0010 0.0001 1.0000 0.7824
