-0.3559 0.0500 0.2660 -0.1696 -0.2808 -0.3509 -0.2490 0.1574 0.0341 -0.2331 -0.3179 -0.3662 0.0328 0.2572 -0.1591 -0.2755 -0.3478 -0.2832 0.1427 0.1013 -0.2253 -0.3132 -0.3655 0.0116 0.2456 -0.1473 -0.2702 -0.3444 -0.3097 0.1288 0.1658 -0.2174 -0.3084 -0.3638 -0.0142 0.2325 -0.1339 -0.2648 -0.3408 -0.3295 0.1152 0.2152 -0.2094 -0.3035 -0.3619 -0.0473 0.2186 -0.1170 -0.2579 -0.3359 -0.3745 -0.3359 -0.2579 -0.1170 0.2186 -0.0473 -0.3619 -0.3035 -0.2094 0.2152 0.1152 -0.3295 -0.3408 -0.2648 -0.1339 0.2325 -0.0142 -0.3638 -0.3084 -0.2174 0.1658 0.1288 -0.3097 -0.3444 -0.2702 -0.1473 0.2456 0.0116 -0.3655 -0.3132 -0.2253 0.1013 0.1427 -0.2832 -0.3478 -0.2755 -0.1591 0.2572 0.0328 -0.3662 -0.3179 -0.2331 0.0341 0.1574 -0.2490 -0.3509 -0.2808 -0.1696 0.2660 0.0500 -0.3559
0.0500 0.2682 -0.1735 -0.2957 -0.3638 -0.2573 0.1546 0.0642 -0.2468 -0.3319 -0.3768 0.0312 0.2558 -0.1604 -0.2903 -0.3608 -0.2925 0.1403 0.1349 -0.2371 -0.3273 -0.3764 0.0096 0.2431 -0.1471 -0.2850 -0.3576 -0.3191 0.1268 0.1946 -0.2276 -0.3226 -0.3751 -0.0171 0.2294 -0.1320 -0.2798 -0.3542 -0.3390 0.1135 0.2365 -0.2181 -0.3178 -0.3736 -0.0513 0.2155 -0.1136 -0.2741 -0.3503 -0.3647 -0.0438 -0.3647 -0.3503 -0.2741 -0.1136 0.2155 -0.0513 -0.3736 -0.3178 -0.2181 0.2365 0.1135 -0.3390 -0.3542 -0.2798 -0.1320 0.2294 -0.0171 -0.3751 -0.3226 -0.2276 0.1946 0.1268 -0.3191 -0.3576 -0.2850 -0.1471 0.2431 0.0096 -0.3764 -0.3273 -0.2371 0.1349 0.1403 -0.2925 -0.3608 -0.2903 -0.1604 0.2558 0.0312 -0.3768 -0.3319 -0.2468 0.0642 0.1546 -0.2573 -0.3638 -0.2957 -0.1735 0.2682 0.0500
0.2660 -0.1735 -0.2949 -0.3629 -0.2696 0.1493 0.0920 -0.2428 -0.3299 -0.3768 0.0223 0.2504 -0.1547 -0.2880 -0.3594 -0.3050 0.1342 0.1630 -0.2330 -0.3252 -0.3759 -0.0014 0.2371 -0.1407 -0.2827 -0.3561 -0.3285 0.1208 0.2152 -0.2234 -0.3205 -0.3745 -0.0310 0.2233 -0.1245 -0.2774 -0.3526 -0.3459 0.1077 0.2494 -0.2139 -0.3157 -0.3729 -0.0688 0.2094 -0.1047 -0.2719 -0.3487 -0.3610 0.0774 0.2037 0.0774 -0.3610 -0.3487 -0.2719 -0.1047 0.2094 -0.0688 -0.3729 -0.3157 -0.2139 0.2494 0.1077 -0.3459 -0.3526 -0.2774 -0.1245 0.2233 -0.0310 -0.3745 -0.3205 -0.2234 0.2152 0.1208 -0.3285 -0.3561 -0.2827 -0.1407 0.2371 -0.0014 -0.3759 -0.3252 -0.2330 0.1630 0.1342 -0.3050 -0.3594 -0.2880 -0.1547 0.2504 0.0223 -0.3768 -0.3299 -0.2428 0.0920 0.1493 -0.2696 -0.3629 -0.2949 -0.1735 0.2660
-0.1696 -0.2957 -0.3629 -0.2742 0.1462 0.1126 -0.2395 -0.3282 -0.3766 0.0131 0.2449 -0.1489 -0.2857 -0.3580 -0.3161 0.1284 0.1881 -0.2288 -0.3232 -0.3753 -0.0135 0.2311 -0.1340 -0.2804 -0.3546 -0.3368 0.1151 0.2323 -0.2192 -0.3184 -0.3738 -0.0463 0.2173 -0.1165 -0.2751 -0.3510 -0.3519 0.1019 0.2592 -0.2096 -0.3135 -0.3721 -0.0880 0.2035 -0.0946 -0.2696 -0.3470 -0.3633 0.0843 0.2756 -0.0925 0.2756 0.0843 -0.3633 -0.3470 -0.2696 -0.0946 0.2035 -0.0880 -0.3721 -0.3135 -0.2096 0.2592 0.1019 -0.3519 -0.3510 -0.2751 -0.1165 0.2173 -0.0463 -0.3738 -0.3184 -0.2192 0.2323 0.1151 -0.3368 -0.3546 -0.2804 -0.1340 0.2311 -0.0135 -0.3753 -0.3232 -0.2288 0.1881 0.1284 -0.3161 -0.3580 -0.2857 -0.1489 0.2449 0.0131 -0.3766 -0.3282 -0.2395 0.1126 0.1462 -0.2742 -0.3629 -0.2957 -0.1696
-0.2808 -0.3638 -0.2696 0.1462 0.1202 -0.2376 -0.3269 -0.3762 0.0046 0.2398 -0.1432 -0.2835 -0.3566 -0.3258 0.1225 0.2096 -0.2246 -0.3211 -0.3746 -0.0269 0.2250 -0.1267 -0.2781 -0.3530 -0.3441 0.1093 0.2461 -0.2150 -0.3163 -0.3731 -0.0634 0.2113 -0.1077 -0.2728 -0.3493 -0.3571 0.0960 0.2665 -0.2054 -0.3114 -0.3713 -0.1087 0.1977 -0.0833 -0.2673 -0.3453 -0.3665 0.0810 0.2755 -0.1834 -0.2664 -0.1834 0.2755 0.0810 -0.3665 -0.3453 -0.2673 -0.0833 0.1977 -0.1087 -0.3713 -0.3114 -0.2054 0.2665 0.0960 -0.3571 -0.3493 -0.2728 -0.1077 0.2113 -0.0634 -0.3731 -0.3163 -0.2150 0.2461 0.1093 -0.3441 -0.3530 -0.2781 -0.1267 0.2250 -0.0269 -0.3746 -0.3211 -0.2246 0.2096 0.1225 -0.3258 -0.3566 -0.2835 -0.1432 0.2398 0.0046 -0.3762 -0.3269 -0.2376 0.1202 0.1462 -0.2696 -0.3638 -0.2808
-0.3509 -0.2573 0.1493 0.1126 -0.2376 -0.3265 -0.3760 -0.0018 0.2357 -0.1381 -0.2815 -0.3552 -0.3340 0.1170 0.2275 -0.2205 -0.3190 -0.3740 -0.0418 0.2190 -0.1188 -0.2758 -0.3514 -0.3503 0.1035 0.2568 -0.2108 -0.3142 -0.3723 -0.0822 0.2054 -0.0979 -0.2704 -0.3476 -0.3615 0.0901 0.2714 -0.2011 -0.3092 -0.3704 -0.1304 0.1920 -0.0706 -0.2649 -0.3435 -0.3693 0.0754 0.2755 -0.1882 -0.2992 -0.3496 -0.2992 -0.1882 0.2755 0.0754 -0.3693 -0.3435 -0.2649 -0.0706 0.1920 -0.1304 -0.3704 -0.3092 -0.2011 0.2714 0.0901 -0.3615 -0.3476 -0.2704 -0.0979 0.2054 -0.0822 -0.3723 -0.3142 -0.2108 0.2568 0.1035 -0.3503 -0.3514 -0.2758 -0.1188 0.2190 -0.0418 -0.3740 -0.3190 -0.2205 0.2275 0.1170 -0.3340 -0.3552 -0.2815 -0.1381 0.2357 -0.0018 -0.3760 -0.3265 -0.2376 0.1126 0.1493 -0.2573 -0.3509
-0.2490 0.1546 0.0920 -0.2395 -0.3269 -0.3760 -0.0041 0.2334 -0.1345 -0.2800 -0.3540 -0.3403 0.1119 0.2411 -0.2165 -0.3169 -0.3733 -0.0583 0.2130 -0.1103 -0.2734 -0.3498 -0.3557 0.0977 0.2647 -0.2066 -0.3120 -0.3715 -0.1025 0.1995 -0.0870 -0.2681 -0.3459 -0.3652 0.0840 0.2743 -0.1967 -0.3070 -0.3694 -0.1527 0.1863 -0.0560 -0.2626 -0.3417 -0.3716 0.0692 0.2746 -0.1854 -0.3008 -0.3699 -0.3802 -0.3699 -0.3008 -0.1854 0.2746 0.0692 -0.3716 -0.3417 -0.2626 -0.0560 0.1863 -0.1527 -0.3694 -0.3070 -0.1967 0.2743 0.0840 -0.3652 -0.3459 -0.2681 -0.0870 0.1995 -0.1025 -0.3715 -0.3120 -0.2066 0.2647 0.0977 -0.3557 -0.3498 -0.2734 -0.1103 0.2130 -0.0583 -0.3733 -0.3169 -0.2165 0.2411 0.1119 -0.3403 -0.3540 -0.2800 -0.1345 0.2334 -0.0041 -0.3760 -0.3269 -0.2395 0.0920 0.1546 -0.2490
0.1574 0.0642 -0.2428 -0.3282 -0.3762 -0.0018 0.2334 -0.1332 -0.2792 -0.3532 -0.3446 0.1078 0.2507 -0.2129 -0.3150 -0.3726 -0.0760 0.2071 -0.1008 -0.2711 -0.3481 -0.3604 0.0918 0.2702 -0.2023 -0.3098 -0.3706 -0.1241 0.1937 -0.0747 -0.2657 -0.3441 -0.3683 0.0779 0.2754 -0.1922 -0.3048 -0.3685 -0.1750 0.1806 -0.0391 -0.2602 -0.3399 -0.3734 0.0626 0.2726 -0.1812 -0.2993 -0.3662 -0.2682 0.0633 -0.2682 -0.3662 -0.2993 -0.1812 0.2726 0.0626 -0.3734 -0.3399 -0.2602 -0.0391 0.1806 -0.1750 -0.3685 -0.3048 -0.1922 0.2754 0.0779 -0.3683 -0.3441 -0.2657 -0.0747 0.1937 -0.1241 -0.3706 -0.3098 -0.2023 0.2702 0.0918 -0.3604 -0.3481 -0.2711 -0.1008 0.2071 -0.0760 -0.3726 -0.3150 -0.2129 0.2507 0.1078 -0.3446 -0.3532 -0.2792 -0.1332 0.2334 -0.0018 -0.3762 -0.3282 -0.2428 0.0642 0.1574
0.0341 -0.2468 -0.3299 -0.3766 0.0046 0.2357 -0.1345 -0.2792 -0.3529 -0.3468 0.1051 0.2567 -0.2100 -0.3134 -0.3719 -0.0936 0.2017 -0.0908 -0.2688 -0.3464 -0.3642 0.0858 0.2737 -0.1979 -0.3077 -0.3697 -0.1463 0.1879 -0.0607 -0.2633 -0.3423 -0.3708 0.0715 0.2751 -0.1877 -0.3026 -0.3674 -0.1967 0.1749 -0.0195 -0.2578 -0.3380 -0.3748 0.0557 0.2697 -0.1765 -0.2973 -0.3648 -0.2532 0.1401 0.2652 0.1401 -0.2532 -0.3648 -0.2973 -0.1765 0.2697 0.0557 -0.3748 -0.3380 -0.2578 -0.0195 0.1749 -0.1967 -0.3674 -0.3026 -0.1877 0.2751 0.0715 -0.3708 -0.3423 -0.2633 -0.0607 0.1879 -0.1463 -0.3697 -0.3077 -0.1979 0.2737 0.0858 -0.3642 -0.3464 -0.2688 -0.0908 0.2017 -0.0936 -0.3719 -0.3134 -0.2100 0.2567 0.1051 -0.3468 -0.3529 -0.2792 -0.1345 0.2357 0.0046 -0.3766 -0.3299 -0.2468 0.0341
-0.2331 -0.3319 -0.3768 0.0131 0.2398 -0.1381 -0.2800 -0.3532 -0.3468 0.1041 0.2594 -0.2081 -0.3122 -0.3713 -0.1091 0.1969 -0.0806 -0.2666 -0.3447 -0.3674 0.0797 0.2753 -0.1935 -0.3055 -0.3688 -0.1686 0.1822 -0.0444 -0.2610 -0.3405 -0.3728 0.0650 0.2735 -0.1831 -0.3004 -0.3663 -0.2173 0.1687 0.0033 -0.2553 -0.3361 -0.3758 0.0485 0.2660 -0.1716 -0.2951 -0.3636 -0.2631 0.1488 0.1535 -0.1768 0.1535 0.1488 -0.2631 -0.3636 -0.2951 -0.1716 0.2660 0.0485 -0.3758 -0.3361 -0.2553 0.0033 0.1687 -0.2173 -0.3663 -0.3004 -0.1831 0.2735 0.0650 -0.3728 -0.3405 -0.2610 -0.0444 0.1822 -0.1686 -0.3688 -0.3055 -0.1935 0.2753 0.0797 -0.3674 -0.3447 -0.2666 -0.0806 0.1969 -0.1091 -0.3713 -0.3122 -0.2081 0.2594 0.1041 -0.3468 -0.3532 -0.2800 -0.1381 0.2398 0.0131 -0.3768 -0.3319 -0.2331
-0.3179 -0.3768 0.0223 0.2449 -0.1432 -0.2815 -0.3540 -0.3446 0.1051 0.2594 -0.2075 -0.3115 -0.3710 -0.1207 0.1932 -0.0712 -0.2647 -0.3432 -0.3699 0.0738 0.2753 -0.1891 -0.3033 -0.3677 -0.1905 0.1766 -0.0256 -0.2586 -0.3386 -0.3744 0.0582 0.2709 -0.1783 -0.2982 -0.3652 -0.2367 0.1621 0.0294 -0.2519 -0.3342 -0.3765 0.0409 0.2616 -0.1665 -0.2928 -0.3623 -0.2773 0.1460 0.1187 -0.2318 -0.2934 -0.2318 0.1187 0.1460 -0.2773 -0.3623 -0.2928 -0.1665 0.2616 0.0409 -0.3765 -0.3342 -0.2519 0.0294 0.1621 -0.2367 -0.3652 -0.2982 -0.1783 0.2709 0.0582 -0.3744 -0.3386 -0.2586 -0.0256 0.1766 -0.1905 -0.3677 -0.3033 -0.1891 0.2753 0.0738 -0.3699 -0.3432 -0.2647 -0.0712 0.1932 -0.1207 -0.3710 -0.3115 -0.2075 0.2594 0.1051 -0.3446 -0.3540 -0.2815 -0.1432 0.2449 0.0223 -0.3768 -0.3179
-0.3662 0.0312 0.2504 -0.1489 -0.2835 -0.3552 -0.3403 0.1078 0.2567 -0.2081 -0.3115 -0.3708 -0.1270 0.1909 -0.0638 -0.2633 -0.3419 -0.3716 0.0684 0.2743 -0.1848 -0.3011 -0.3667 -0.2114 0.1705 -0.0037 -0.2562 -0.3367 -0.3755 0.0510 0.2674 -0.1734 -0.2959 -0.3640 -0.2545 0.1556 0.0583 -0.2477 -0.3323 -0.3768 0.0327 0.2567 -0.1612 -0.2906 -0.3610 -0.2910 0.1406 0.1357 -0.2355 -0.3244 -0.3708 -0.3244 -0.2355 0.1357 0.1406 -0.2910 -0.3610 -0.2906 -0.1612 0.2567 0.0327 -0.3768 -0.3323 -0.2477 0.0583 0.1556 -0.2545 -0.3640 -0.2959 -0.1734 0.2674 0.0510 -0.3755 -0.3367 -0.2562 -0.0037 0.1705 -0.2114 -0.3667 -0.3011 -0.1848 0.2743 0.0684 -0.3716 -0.3419 -0.2633 -0.0638 0.1909 -0.1270 -0.3708 -0.3115 -0.2081 0.2567 0.1078 -0.3403 -0.3552 -0.2835 -0.1489 0.2504 0.0312 -0.3662
0.0328 0.2558 -0.1547 -0.2857 -0.3566 -0.3340 0.1119 0.2507 -0.2100 -0.3122 -0.3710 -0.1270 0.1901 -0.0598 -0.2623 -0.3410 -0.3728 0.0639 0.2727 -0.1809 -0.2992 -0.3656 -0.2303 0.1641 0.0213 -0.2530 -0.3348 -0.3763 0.0435 0.2632 -0.1684 -0.2937 -0.3628 -0.2708 0.1494 0.0890 -0.2435 -0.3303 -0.3768 0.0240 0.2514 -0.1557 -0.2883 -0.3596 -0.3035 0.1348 0.1609 -0.2329 -0.3248 -0.3798 -0.3031 -0.3798 -0.3248 -0.2329 0.1609 0.1348 -0.3035 -0.3596 -0.2883 -0.1557 0.2514 0.0240 -0.3768 -0.3303 -0.2435 0.0890 0.1494 -0.2708 -0.3628 -0.2937 -0.1684 0.2632 0.0435 -0.3763 -0.3348 -0.2530 0.0213 0.1641 -0.2303 -0.3656 -0.2992 -0.1809 0.2727 0.0639 -0.3728 -0.3410 -0.2623 -0.0598 0.1901 -0.1270 -0.3710 -0.3122 -0.2100 0.2507 0.1119 -0.3340 -0.3566 -0.2857 -0.1547 0.2558 0.0328
0.2572 -0.1604 -0.2880 -0.3580 -0.3258 0.1170 0.2411 -0.2129 -0.3134 -0.3713 -0.1207 0.1909 -0.0598 -0.2620 -0.3405 -0.3734 0.0605 0.2711 -0.1777 -0.2975 -0.3647 -0.2462 0.1582 0.0481 -0.2490 -0.3329 -0.3767 0.0355 0.2584 -0.1631 -0.2914 -0.3615 -0.2856 0.1433 0.1198 -0.2393 -0.3283 -0.3766 0.0144 0.2458 -0.1498 -0.2860 -0.3582 -0.3147 0.1290 0.1857 -0.2291 -0.3232 -0.3753 -0.0484 0.1256 -0.0484 -0.3753 -0.3232 -0.2291 0.1857 0.1290 -0.3147 -0.3582 -0.2860 -0.1498 0.2458 0.0144 -0.3766 -0.3283 -0.2393 0.1198 0.1433 -0.2856 -0.3615 -0.2914 -0.1631 0.2584 0.0355 -0.3767 -0.3329 -0.2490 0.0481 0.1582 -0.2462 -0.3647 -0.2975 -0.1777 0.2711 0.0605 -0.3734 -0.3405 -0.2620 -0.0598 0.1909 -0.1207 -0.3713 -0.3134 -0.2129 0.2411 0.1170 -0.3258 -0.3580 -0.2880 -0.1604 0.2572
-0.1591 -0.2903 -0.3594 -0.3161 0.1225 0.2275 -0.2165 -0.3150 -0.3719 -0.1091 0.1932 -0.0638 -0.2623 -0.3405 -0.3737 0.0587 0.2699 -0.1754 -0.2962 -0.3639 -0.2588 0.1531 0.0736 -0.2452 -0.3310 -0.3768 0.0270 0.2532 -0.1576 -0.2891 -0.3601 -0.2988 0.1373 0.1490 -0.2351 -0.3263 -0.3761 0.0040 0.2400 -0.1437 -0.2838 -0.3568 -0.3247 0.1233 0.2075 -0.2250 -0.3213 -0.3747 -0.0336 0.2052 0.2142 0.2052 -0.0336 -0.3747 -0.3213 -0.2250 0.2075 0.1233 -0.3247 -0.3568 -0.2838 -0.1437 0.2400 0.0040 -0.3761 -0.3263 -0.2351 0.1490 0.1373 -0.2988 -0.3601 -0.2891 -0.1576 0.2532 0.0270 -0.3768 -0.3310 -0.2452 0.0736 0.1531 -0.2588 -0.3639 -0.2962 -0.1754 0.2699 0.0587 -0.3737 -0.3405 -0.2623 -0.0638 0.1932 -0.1091 -0.3719 -0.3150 -0.2165 0.2275 0.1225 -0.3161 -0.3594 -0.2903 -0.1591
-0.2755 -0.3608 -0.3050 0.1284 0.2096 -0.2205 -0.3169 -0.3726 -0.0936 0.1969 -0.0712 -0.2633 -0.3410 -0.3734 0.0587 0.2695 -0.1741 -0.2954 -0.3633 -0.2679 0.1492 0.0958 -0.2419 -0.3294 -0.3767 0.0185 0.2479 -0.1520 -0.2868 -0.3587 -0.3106 0.1313 0.1757 -0.2309 -0.3242 -0.3756 -0.0074 0.2340 -0.1372 -0.2815 -0.3553 -0.3334 0.1175 0.2257 -0.2209 -0.3192 -0.3740 -0.0426 0.2161 -0.0941 -0.2256 -0.0941 0.2161 -0.0426 -0.3740 -0.3192 -0.2209 0.2257 0.1175 -0.3334 -0.3553 -0.2815 -0.1372 0.2340 -0.0074 -0.3756 -0.3242 -0.2309 0.1757 0.1313 -0.3106 -0.3587 -0.2868 -0.1520 0.2479 0.0185 -0.3767 -0.3294 -0.2419 0.0958 0.1492 -0.2679 -0.3633 -0.2954 -0.1741 0.2695 0.0587 -0.3734 -0.3410 -0.2633 -0.0712 0.1969 -0.0936 -0.3726 -0.3169 -0.2205 0.2096 0.1284 -0.3050 -0.3608 -0.2755
-0.3478 -0.2925 0.1342 0.1881 -0.2246 -0.3190 -0.3733 -0.0760 0.2017 -0.0806 -0.2647 -0.3419 -0.3728 0.0605 0.2699 -0.1741 -0.2951 -0.3630 -0.2735 0.1464 0.1126 -0.2393 -0.3279 -0.3765 0.0103 0.2429 -0.1464 -0.2847 -0.3573 -0.3210 0.1255 0.1991 -0.2267 -0.3222 -0.3750 -0.0200 0.2279 -0.1302 -0.2792 -0.3537 -0.3410 0.1117 0.2407 -0.2167 -0.3171 -0.3733 -0.0575 0.2127 -0.1058 -0.2674 -0.3197 -0.2674 -0.1058 0.2127 -0.0575 -0.3733 -0.3171 -0.2167 0.2407 0.1117 -0.3410 -0.3537 -0.2792 -0.1302 0.2279 -0.0200 -0.3750 -0.3222 -0.2267 0.1991 0.1255 -0.3210 -0.3573 -0.2847 -0.1464 0.2429 0.0103 -0.3765 -0.3279 -0.2393 0.1126 0.1464 -0.2735 -0.3630 -0.2951 -0.1741 0.2699 0.0605 -0.3728 -0.3419 -0.2647 -0.0806 0.2017 -0.0760 -0.3733 -0.3190 -0.2246 0.1881 0.1342 -0.2925 -0.3478
-0.2832 0.1403 0.1630 -0.2288 -0.3211 -0.3740 -0.0583 0.2071 -0.0908 -0.2666 -0.3432 -0.3716 0.0639 0.2711 -0.1754 -0.2954 -0.3630 -0.2754 0.1449 0.1231 -0.2374 -0.3268 -0.3762 0.0027 0.2384 -0.1413 -0.2827 -0.3559 -0.3298 0.1198 0.2188 -0.2226 -0.3201 -0.3743 -0.0340 0.2219 -0.1227 -0.2769 -0.3522 -0.3476 0.1060 0.2526 -0.2125 -0.3150 -0.3726 -0.0753 0.2073 -0.1002 -0.2700 -0.3475 -0.3853 -0.3475 -0.2700 -0.1002 0.2073 -0.0753 -0.3726 -0.3150 -0.2125 0.2526 0.1060 -0.3476 -0.3522 -0.2769 -0.1227 0.2219 -0.0340 -0.3743 -0.3201 -0.2226 0.2188 0.1198 -0.3298 -0.3559 -0.2827 -0.1413 0.2384 0.0027 -0.3762 -0.3268 -0.2374 0.1231 0.1449 -0.2754 -0.3630 -0.2954 -0.1754 0.2711 0.0639 -0.3716 -0.3432 -0.2666 -0.0908 0.2071 -0.0583 -0.3740 -0.3211 -0.2288 0.1630 0.1403 -0.2832
0.1427 0.1349 -0.2330 -0.3232 -0.3746 -0.0418 0.2130 -0.1008 -0.2688 -0.3447 -0.3699 0.0684 0.2727 -0.1777 -0.2962 -0.3633 -0.2735 0.1449 0.1267 -0.2364 -0.3262 -0.3759 -0.0034 0.2346 -0.1367 -0.2809 -0.3547 -0.3368 0.1146 0.2343 -0.2185 -0.3180 -0.3736 -0.0497 0.2160 -0.1145 -0.2745 -0.3506 -0.3534 0.1002 0.2617 -0.2083 -0.3128 -0.3718 -0.0950 0.2015 -0.0906 -0.2686 -0.3462 -0.3718 -0.0869 -0.3718 -0.3462 -0.2686 -0.0906 0.2015 -0.0950 -0.3718 -0.3128 -0.2083 0.2617 0.1002 -0.3534 -0.3506 -0.2745 -0.1145 0.2160 -0.0497 -0.3736 -0.3180 -0.2185 0.2343 0.1146 -0.3368 -0.3547 -0.2809 -0.1367 0.2346 -0.0034 -0.3759 -0.3262 -0.2364 0.1267 0.1449 -0.2735 -0.3633 -0.2962 -0.1777 0.2727 0.0684 -0.3699 -0.3447 -0.2688 -0.1008 0.2130 -0.0418 -0.3746 -0.3232 -0.2330 0.1349 0.1427
0.1013 -0.2371 -0.3252 -0.3753 -0.0269 0.2190 -0.1103 -0.2711 -0.3464 -0.3674 0.0738 0.2743 -0.1809 -0.2975 -0.3639 -0.2679 0.1464 0.1231 -0.2364 -0.3259 -0.3758 -0.0073 0.2320 -0.1330 -0.2795 -0.3537 -0.3423 0.1100 0.2458 -0.2148 -0.3160 -0.3729 -0.0669 0.2101 -0.1056 -0.2722 -0.3489 -0.3584 0.0944 0.2682 -0.2041 -0.3107 -0.3710 -0.1159 0.1958 -0.0791 -0.2664 -0.3446 -0.3688 0.0628 0.1899 0.0628 -0.3688 -0.3446 -0.2664 -0.0791 0.1958 -0.1159 -0.3710 -0.3107 -0.2041 0.2682 0.0944 -0.3584 -0.3489 -0.2722 -0.1056 0.2101 -0.0669 -0.3729 -0.3160 -0.2148 0.2458 0.1100 -0.3423 -0.3537 -0.2795 -0.1330 0.2320 -0.0073 -0.3758 -0.3259 -0.2364 0.1231 0.1464 -0.2679 -0.3639 -0.2975 -0.1809 0.2743 0.0738 -0.3674 -0.3464 -0.2711 -0.1103 0.2190 -0.0269 -0.3753 -0.3252 -0.2371 0.1013
-0.2253 -0.3273 -0.3759 -0.0135 0.2250 -0.1188 -0.2734 -0.3481 -0.3642 0.0797 0.2753 -0.1848 -0.2992 -0.3647 -0.2588 0.1492 0.1126 -0.2374 -0.3262 -0.3758 -0.0086 0.2307 -0.1307 -0.2785 -0.3528 -0.3463 0.1062 0.2539 -0.2115 -0.3142 -0.3723 -0.0843 0.2044 -0.0960 -0.2699 -0.3472 -0.3625 0.0885 0.2724 -0.1998 -0.3086 -0.3701 -0.1377 0.1900 -0.0659 -0.2641 -0.3429 -0.3704 0.0698 0.2700 -0.0617 0.2700 0.0698 -0.3704 -0.3429 -0.2641 -0.0659 0.1900 -0.1377 -0.3701 -0.3086 -0.1998 0.2724 0.0885 -0.3625 -0.3472 -0.2699 -0.0960 0.2044 -0.0843 -0.3723 -0.3142 -0.2115 0.2539 0.1062 -0.3463 -0.3528 -0.2785 -0.1307 0.2307 -0.0086 -0.3758 -0.3262 -0.2374 0.1126 0.1492 -0.2588 -0.3647 -0.2992 -0.1848 0.2753 0.0797 -0.3642 -0.3481 -0.2734 -0.1188 0.2250 -0.0135 -0.3759 -0.3273 -0.2253
-0.3132 -0.3764 -0.0014 0.2311 -0.1267 -0.2758 -0.3498 -0.3604 0.0858 0.2753 -0.1891 -0.3011 -0.3656 -0.2462 0.1531 0.0958 -0.2393 -0.3268 -0.3759 -0.0073 0.2307 -0.1299 -0.2780 -0.3523 -0.3490 0.1031 0.2594 -0.2087 -0.3127 -0.3716 -0.1012 0.1993 -0.0858 -0.2677 -0.3455 -0.3660 0.0825 0.2747 -0.1954 -0.3064 -0.3692 -0.1600 0.1843 -0.0506 -0.2618 -0.3411 -0.3723 0.0662 0.2731 -0.1720 -0.2607 -0.1720 0.2731 0.0662 -0.3723 -0.3411 -0.2618 -0.0506 0.1843 -0.1600 -0.3692 -0.3064 -0.1954 0.2747 0.0825 -0.3660 -0.3455 -0.2677 -0.0858 0.1993 -0.1012 -0.3716 -0.3127 -0.2087 0.2594 0.1031 -0.3490 -0.3523 -0.2780 -0.1299 0.2307 -0.0073 -0.3759 -0.3268 -0.2393 0.0958 0.1531 -0.2462 -0.3656 -0.3011 -0.1891 0.2753 0.0858 -0.3604 -0.3498 -0.2758 -0.1267 0.2311 -0.0014 -0.3764 -0.3132
-0.3655 0.0096 0.2371 -0.1340 -0.2781 -0.3514 -0.3557 0.0918 0.2737 -0.1935 -0.3033 -0.3667 -0.2303 0.1582 0.0736 -0.2419 -0.3279 -0.3762 -0.0034 0.2320 -0.1307 -0.2780 -0.3521 -0.3503 0.1013 0.2627 -0.2065 -0.3114 -0.3711 -0.1166 0.1948 -0.0758 -0.2656 -0.3439 -0.3687 0.0767 0.2755 -0.1911 -0.3042 -0.3682 -0.1818 0.1787 -0.0329 -0.2594 -0.3393 -0.3739 0.0601 0.2714 -0.1773 -0.2938 -0.3446 -0.2938 -0.1773 0.2714 0.0601 -0.3739 -0.3393 -0.2594 -0.0329 0.1787 -0.1818 -0.3682 -0.3042 -0.1911 0.2755 0.0767 -0.3687 -0.3439 -0.2656 -0.0758 0.1948 -0.1166 -0.3711 -0.3114 -0.2065 0.2627 0.1013 -0.3503 -0.3521 -0.2780 -0.1307 0.2320 -0.0034 -0.3762 -0.3279 -0.2419 0.0736 0.1582 -0.2303 -0.3667 -0.3033 -0.1935 0.2737 0.0918 -0.3557 -0.3514 -0.2781 -0.1340 0.2371 0.0096 -0.3655
0.0116 0.2431 -0.1407 -0.2804 -0.3530 -0.3503 0.0977 0.2702 -0.1979 -0.3055 -0.3677 -0.2114 0.1641 0.0481 -0.2452 -0.3294 -0.3765 0.0027 0.2346 -0.1330 -0.2785 -0.3523 -0.3503 0.1006 0.2643 -0.2051 -0.3105 -0.3706 -0.1294 0.1910 -0.0661 -0.2638 -0.3425 -0.3709 0.0709 0.2749 -0.1868 -0.3021 -0.3672 -0.2024 0.1731 -0.0128 -0.2570 -0.3374 -0.3752 0.0533 0.2684 -0.1743 -0.2956 -0.3667 -0.3851 -0.3667 -0.2956 -0.1743 0.2684 0.0533 -0.3752 -0.3374 -0.2570 -0.0128 0.1731 -0.2024 -0.3672 -0.3021 -0.1868 0.2749 0.0709 -0.3709 -0.3425 -0.2638 -0.0661 0.1910 -0.1294 -0.3706 -0.3105 -0.2051 0.2643 0.1006 -0.3503 -0.3523 -0.2785 -0.1330 0.2346 0.0027 -0.3765 -0.3294 -0.2452 0.0481 0.1641 -0.2114 -0.3677 -0.3055 -0.1979 0.2702 0.0977 -0.3503 -0.3530 -0.2804 -0.1407 0.2431 0.0116
0.2456 -0.1471 -0.2827 -0.3546 -0.3441 0.1035 0.2647 -0.2023 -0.3077 -0.3688 -0.1905 0.1705 0.0213 -0.2490 -0.3310 -0.3767 0.0103 0.2384 -0.1367 -0.2795 -0.3528 -0.3490 0.1013 0.2643 -0.2046 -0.3100 -0.3703 -0.1385 0.1882 -0.0575 -0.2623 -0.3412 -0.3724 0.0656 0.2735 -0.1826 -0.3001 -0.3661 -0.2216 0.1670 0.0100 -0.2544 -0.3355 -0.3761 0.0461 0.2645 -0.1698 -0.2941 -0.3634 -0.3005 0.0477 -0.3005 -0.3634 -0.2941 -0.1698 0.2645 0.0461 -0.3761 -0.3355 -0.2544 0.0100 0.1670 -0.2216 -0.3661 -0.3001 -0.1826 0.2735 0.0656 -0.3724 -0.3412 -0.2623 -0.0575 0.1882 -0.1385 -0.3703 -0.3100 -0.2046 0.2643 0.1013 -0.3490 -0.3528 -0.2795 -0.1367 0.2384 0.0103 -0.3767 -0.3310 -0.2490 0.0213 0.1705 -0.1905 -0.3688 -0.3077 -0.2023 0.2647 0.1035 -0.3441 -0.3546 -0.2827 -0.1471 0.2456
-0.1473 -0.2850 -0.3561 -0.3368 0.1093 0.2568 -0.2066 -0.3098 -0.3697 -0.1686 0.1766 -0.0037 -0.2530 -0.3329 -0.3768 0.0185 0.2429 -0.1413 -0.2809 -0.3537 -0.3463 0.1031 0.2627 -0.2051 -0.3100 -0.3702 -0.1433 0.1864 -0.0509 -0.2611 -0.3401 -0.3735 0.0610 0.2716 -0.1789 -0.2982 -0.3651 -0.2391 0.1609 0.0354 -0.2509 -0.3337 -0.3766 0.0386 0.2602 -0.1648 -0.2921 -0.3619 -0.2888 0.1272 0.2550 0.1272 -0.2888 -0.3619 -0.2921 -0.1648 0.2602 0.0386 -0.3766 -0.3337 -0.2509 0.0354 0.1609 -0.2391 -0.3651 -0.2982 -0.1789 0.2716 0.0610 -0.3735 -0.3401 -0.2611 -0.0509 0.1864 -0.1433 -0.3702 -0.3100 -0.2051 0.2627 0.1031 -0.3463 -0.3537 -0.2809 -0.1413 0.2429 0.0185 -0.3768 -0.3329 -0.2530 -0.0037 0.1766 -0.1686 -0.3697 -0.3098 -0.2066 0.2568 0.1093 -0.3368 -0.3561 -0.2850 -0.1473
-0.2702 -0.3576 -0.3285 0.1151 0.2461 -0.2108 -0.3120 -0.3706 -0.1463 0.1822 -0.0256 -0.2562 -0.3348 -0.3767 0.0270 0.2479 -0.1464 -0.2827 -0.3547 -0.3423 0.1062 0.2594 -0.2065 -0.3105 -0.3703 -0.1433 0.1858 -0.0473 -0.2604 -0.3394 -0.3742 0.0571 0.2696 -0.1756 -0.2965 -0.3642 -0.2540 0.1553 0.0620 -0.2469 -0.3319 -0.3768 0.0307 0.2554 -0.1597 -0.2899 -0.3606 -0.2965 0.1350 0.2091 -0.1633 0.2091 0.1350 -0.2965 -0.3606 -0.2899 -0.1597 0.2554 0.0307 -0.3768 -0.3319 -0.2469 0.0620 0.1553 -0.2540 -0.3642 -0.2965 -0.1756 0.2696 0.0571 -0.3742 -0.3394 -0.2604 -0.0473 0.1858 -0.1433 -0.3703 -0.3105 -0.2065 0.2594 0.1062 -0.3423 -0.3547 -0.2827 -0.1464 0.2479 0.0270 -0.3767 -0.3348 -0.2562 -0.0256 0.1822 -0.1463 -0.3706 -0.3120 -0.2108 0.2461 0.1151 -0.3285 -0.3576 -0.2702
-0.3444 -0.3191 0.1208 0.2323 -0.2150 -0.3142 -0.3715 -0.1241 0.1879 -0.0444 -0.2586 -0.3367 -0.3763 0.0355 0.2532 -0.1520 -0.2847 -0.3559 -0.3368 0.1100 0.2539 -0.2087 -0.3114 -0.3706 -0.1385 0.1864 -0.0473 -0.2601 -0.3390 -0.3746 0.0543 0.2679 -0.1728 -0.2951 -0.3633 -0.2661 0.1504 0.0873 -0.2433 -0.3301 -0.3768 0.0222 0.2503 -0.1544 -0.2878 -0.3592 -0.3072 0.1323 0.1821 -0.2221 -0.2879 -0.2221 0.1821 0.1323 -0.3072 -0.3592 -0.2878 -0.1544 0.2503 0.0222 -0.3768 -0.3301 -0.2433 0.0873 0.1504 -0.2661 -0.3633 -0.2951 -0.1728 0.2679 0.0543 -0.3746 -0.3390 -0.2601 -0.0473 0.1864 -0.1385 -0.3706 -0.3114 -0.2087 0.2539 0.1100 -0.3368 -0.3559 -0.2847 -0.1520 0.2532 0.0355 -0.3763 -0.3367 -0.2586 -0.0444 0.1879 -0.1241 -0.3715 -0.3142 -0.2150 0.2323 0.1208 -0.3191 -0.3444
-0.3097 0.1268 0.2152 -0.2192 -0.3163 -0.3723 -0.1025 0.1937 -0.0607 -0.2610 -0.3386 -0.3755 0.0435 0.2584 -0.1576 -0.2868 -0.3573 -0.3298 0.1146 0.2458 -0.2115 -0.3127 -0.3711 -0.1294 0.1882 -0.0509 -0.2604 -0.3390 -0.3748 0.0527 0.2667 -0.1708 -0.2941 -0.3626 -0.2757 0.1463 0.1098 -0.2401 -0.3284 -0.3766 0.0135 0.2450 -0.1489 -0.2856 -0.3579 -0.3173 0.1273 0.1949 -0.2260 -0.3193 -0.3668 -0.3193 -0.2260 0.1949 0.1273 -0.3173 -0.3579 -0.2856 -0.1489 0.2450 0.0135 -0.3766 -0.3284 -0.2401 0.1098 0.1463 -0.2757 -0.3626 -0.2941 -0.1708 0.2667 0.0527 -0.3748 -0.3390 -0.2604 -0.0509 0.1882 -0.1294 -0.3711 -0.3127 -0.2115 0.2458 0.1146 -0.3298 -0.3573 -0.2868 -0.1576 0.2584 0.0435 -0.3755 -0.3386 -0.2610 -0.0607 0.1937 -0.1025 -0.3723 -0.3163 -0.2192 0.2152 0.1268 -0.3097
0.1288 0.1946 -0.2234 -0.3184 -0.3731 -0.0822 0.1995 -0.0747 -0.2633 -0.3405 -0.3744 0.0510 0.2632 -0.1631 -0.2891 -0.3587 -0.3210 0.1198 0.2343 -0.2148 -0.3142 -0.3716 -0.1166 0.1910 -0.0575 -0.2611 -0.3394 -0.3746 0.0527 0.2663 -0.1698 -0.2934 -0.3621 -0.2826 0.1429 0.1283 -0.2372 -0.3270 -0.3762 0.0051 0.2400 -0.1433 -0.2835 -0.3566 -0.3263 0.1219 0.2128 -0.2235 -0.3200 -0.3787 -0.3293 -0.3787 -0.3200 -0.2235 0.2128 0.1219 -0.3263 -0.3566 -0.2835 -0.1433 0.2400 0.0051 -0.3762 -0.3270 -0.2372 0.1283 0.1429 -0.2826 -0.3621 -0.2934 -0.1698 0.2663 0.0527 -0.3746 -0.3394 -0.2611 -0.0575 0.1910 -0.1166 -0.3716 -0.3142 -0.2148 0.2343 0.1198 -0.3210 -0.3587 -0.2891 -0.1631 0.2632 0.0510 -0.3744 -0.3405 -0.2633 -0.0747 0.1995 -0.0822 -0.3731 -0.3184 -0.2234 0.1946 0.1288
0.1658 -0.2276 -0.3205 -0.3738 -0.0634 0.2054 -0.0870 -0.2657 -0.3423 -0.3728 0.0582 0.2674 -0.1684 -0.2914 -0.3601 -0.3106 0.1255 0.2188 -0.2185 -0.3160 -0.3723 -0.1012 0.1948 -0.0661 -0.2623 -0.3401 -0.3742 0.0543 0.2667 -0.1698 -0.2932 -0.3618 -0.2868 0.1406 0.1421 -0.2350 -0.3257 -0.3759 -0.0028 0.2354 -0.1380 -0.2815 -0.3552 -0.3341 0.1167 0.2287 -0.2199 -0.3185 -0.3741 -0.0897 0.1134 -0.0897 -0.3741 -0.3185 -0.2199 0.2287 0.1167 -0.3341 -0.3552 -0.2815 -0.1380 0.2354 -0.0028 -0.3759 -0.3257 -0.2350 0.1421 0.1406 -0.2868 -0.3618 -0.2932 -0.1698 0.2667 0.0543 -0.3742 -0.3401 -0.2623 -0.0661 0.1948 -0.1012 -0.3723 -0.3160 -0.2185 0.2188 0.1255 -0.3106 -0.3601 -0.2914 -0.1684 0.2674 0.0582 -0.3728 -0.3423 -0.2657 -0.0870 0.2054 -0.0634 -0.3738 -0.3205 -0.2276 0.1658
-0.2174 -0.3226 -0.3745 -0.0463 0.2113 -0.0979 -0.2681 -0.3441 -0.3708 0.0650 0.2709 -0.1734 -0.2937 -0.3615 -0.2988 0.1313 0.1991 -0.2226 -0.3180 -0.3729 -0.0843 0.1993 -0.0758 -0.2638 -0.3412 -0.3735 0.0571 0.2679 -0.1708 -0.2934 -0.3618 -0.2883 0.1394 0.1505 -0.2334 -0.3248 -0.3756 -0.0100 0.2315 -0.1331 -0.2798 -0.3540 -0.3406 0.1117 0.2417 -0.2162 -0.3167 -0.3732 -0.0706 0.1917 0.2473 0.1917 -0.0706 -0.3732 -0.3167 -0.2162 0.2417 0.1117 -0.3406 -0.3540 -0.2798 -0.1331 0.2315 -0.0100 -0.3756 -0.3248 -0.2334 0.1505 0.1394 -0.2883 -0.3618 -0.2934 -0.1708 0.2679 0.0571 -0.3735 -0.3412 -0.2638 -0.0758 0.1993 -0.0843 -0.3729 -0.3180 -0.2226 0.1991 0.1313 -0.2988 -0.3615 -0.2937 -0.1734 0.2709 0.0650 -0.3708 -0.3441 -0.2681 -0.0979 0.2113 -0.0463 -0.3745 -0.3226 -0.2174
-0.3084 -0.3751 -0.0310 0.2173 -0.1077 -0.2704 -0.3459 -0.3683 0.0715 0.2735 -0.1783 -0.2959 -0.3628 -0.2856 0.1373 0.1757 -0.2267 -0.3201 -0.3736 -0.0669 0.2044 -0.0858 -0.2656 -0.3425 -0.3724 0.0610 0.2696 -0.1728 -0.2941 -0.3621 -0.2868 0.1394 0.1534 -0.2326 -0.3242 -0.3753 -0.0157 0.2283 -0.1289 -0.2783 -0.3529 -0.3458 0.1070 0.2518 -0.2126 -0.3149 -0.3725 -0.0803 0.2031 -0.0668 -0.2179 -0.0668 0.2031 -0.0803 -0.3725 -0.3149 -0.2126 0.2518 0.1070 -0.3458 -0.3529 -0.2783 -0.1289 0.2283 -0.0157 -0.3753 -0.3242 -0.2326 0.1534 0.1394 -0.2868 -0.3621 -0.2941 -0.1728 0.2696 0.0610 -0.3724 -0.3425 -0.2656 -0.0858 0.2044 -0.0669 -0.3736 -0.3201 -0.2267 0.1757 0.1373 -0.2856 -0.3628 -0.2959 -0.1783 0.2735 0.0715 -0.3683 -0.3459 -0.2704 -0.1077 0.2173 -0.0310 -0.3751 -0.3084
-0.3638 -0.0171 0.2233 -0.1165 -0.2728 -0.3476 -0.3652 0.0779 0.2751 -0.1831 -0.2982 -0.3640 -0.2708 0.1433 0.1490 -0.2309 -0.3222 -0.3743 -0.0497 0.2101 -0.0960 -0.2677 -0.3439 -0.3709 0.0656 0.2716 -0.1756 -0.2951 -0.3626 -0.2826 0.1406 0.1505 -0.2326 -0.3240 -0.3752 -0.0196 0.2260 -0.1256 -0.2771 -0.3519 -0.3497 0.1030 0.2589 -0.2092 -0.3131 -0.3718 -0.0960 0.2004 -0.0831 -0.2621 -0.3146 -0.2621 -0.0831 0.2004 -0.0960 -0.3718 -0.3131 -0.2092 0.2589 0.1030 -0.3497 -0.3519 -0.2771 -0.1256 0.2260 -0.0196 -0.3752 -0.3240 -0.2326 0.1505 0.1406 -0.2826 -0.3626 -0.2951 -0.1756 0.2716 0.0656 -0.3709 -0.3439 -0.2677 -0.0960 0.2101 -0.0497 -0.3743 -0.3222 -0.2309 0.1490 0.1433 -0.2708 -0.3640 -0.2982 -0.1831 0.2751 0.0779 -0.3652 -0.3476 -0.2728 -0.1165 0.2233 -0.0171 -0.3638
-0.0142 0.2294 -0.1245 -0.2751 -0.3493 -0.3615 0.0840 0.2754 -0.1877 -0.3004 -0.3652 -0.2545 0.1494 0.1198 -0.2351 -0.3242 -0.3750 -0.0340 0.2160 -0.1056 -0.2699 -0.3455 -0.3687 0.0709 0.2735 -0.1789 -0.2965 -0.3633 -0.2757 0.1429 0.1421 -0.2334 -0.3242 -0.3752 -0.0210 0.2248 -0.1233 -0.2762 -0.3512 -0.3526 0.0997 0.2638 -0.2063 -0.3115 -0.3712 -0.1127 0.1960 -0.0776 -0.2651 -0.3433 -0.3832 -0.3433 -0.2651 -0.0776 0.1960 -0.1127 -0.3712 -0.3115 -0.2063 0.2638 0.0997 -0.3526 -0.3512 -0.2762 -0.1233 0.2248 -0.0210 -0.3752 -0.3242 -0.2334 0.1421 0.1429 -0.2757 -0.3633 -0.2965 -0.1789 0.2735 0.0709 -0.3687 -0.3455 -0.2699 -0.1056 0.2160 -0.0340 -0.3750 -0.3242 -0.2351 0.1198 0.1494 -0.2545 -0.3652 -0.3004 -0.1877 0.2754 0.0840 -0.3615 -0.3493 -0.2751 -0.1245 0.2294 -0.0142
0.2325 -0.1320 -0.2774 -0.3510 -0.3571 0.0901 0.2743 -0.1922 -0.3026 -0.3663 -0.2367 0.1556 0.0890 -0.2393 -0.3263 -0.3756 -0.0200 0.2219 -0.1145 -0.2722 -0.3472 -0.3660 0.0767 0.2749 -0.1826 -0.2982 -0.3642 -0.2661 0.1463 0.1283 -0.2350 -0.3248 -0.3753 -0.0196 0.2248 -0.1225 -0.2758 -0.3507 -0.3546 0.0971 0.2670 -0.2039 -0.3102 -0.3706 -0.1285 0.1917 -0.0681 -0.2640 -0.3426 -0.3761 -0.1313 -0.3761 -0.3426 -0.2640 -0.0681 0.1917 -0.1285 -0.3706 -0.3102 -0.2039 0.2670 0.0971 -0.3546 -0.3507 -0.2758 -0.1225 0.2248 -0.0196 -0.3753 -0.3248 -0.2350 0.1283 0.1463 -0.2661 -0.3642 -0.2982 -0.1826 0.2749 0.0767 -0.3660 -0.3472 -0.2722 -0.1145 0.2219 -0.0200 -0.3756 -0.3263 -0.2393 0.0890 0.1556 -0.2367 -0.3663 -0.3026 -0.1922 0.2743 0.0901 -0.3571 -0.3510 -0.2774 -0.1320 0.2325
-0.1339 -0.2798 -0.3526 -0.3519 0.0960 0.2714 -0.1967 -0.3048 -0.3674 -0.2173 0.1621 0.0583 -0.2435 -0.3283 -0.3761 -0.0074 0.2279 -0.1227 -0.2745 -0.3489 -0.3625 0.0825 0.2755 -0.1868 -0.3001 -0.3651 -0.2540 0.1504 0.1098 -0.2372 -0.3257 -0.3756 -0.0157 0.2260 -0.1233 -0.2758 -0.3506 -0.3556 0.0955 0.2690 -0.2020 -0.3091 -0.3701 -0.1423 0.1878 -0.0579 -0.2625 -0.3414 -0.3729 0.0492 0.1783 0.0492 -0.3729 -0.3414 -0.2625 -0.0579 0.1878 -0.1423 -0.3701 -0.3091 -0.2020 0.2690 0.0955 -0.3556 -0.3506 -0.2758 -0.1233 0.2260 -0.0157 -0.3756 -0.3257 -0.2372 0.1098 0.1504 -0.2540 -0.3651 -0.3001 -0.1868 0.2755 0.0825 -0.3625 -0.3489 -0.2745 -0.1227 0.2279 -0.0074 -0.3761 -0.3283 -0.2435 0.0583 0.1621 -0.2173 -0.3674 -0.3048 -0.1967 0.2714 0.0960 -0.3519 -0.3526 -0.2798 -0.1339
-0.2648 -0.3542 -0.3459 0.1019 0.2665 -0.2011 -0.3070 -0.3685 -0.1967 0.1687 0.0294 -0.2477 -0.3303 -0.3766 0.0040 0.2340 -0.1302 -0.2769 -0.3506 -0.3584 0.0885 0.2747 -0.1911 -0.3021 -0.3661 -0.2391 0.1553 0.0873 -0.2401 -0.3270 -0.3759 -0.0100 0.2283 -0.1256 -0.2762 -0.3507 -0.3556 0.0949 0.2699 -0.2008 -0.3083 -0.3697 -0.1536 0.1846 -0.0480 -0.2610 -0.3402 -0.3736 0.0580 0.2624 -0.0280 0.2624 0.0580 -0.3736 -0.3402 -0.2610 -0.0480 0.1846 -0.1536 -0.3697 -0.3083 -0.2008 0.2699 0.0949 -0.3556 -0.3507 -0.2762 -0.1256 0.2283 -0.0100 -0.3759 -0.3270 -0.2401 0.0873 0.1553 -0.2391 -0.3661 -0.3021 -0.1911 0.2747 0.0885 -0.3584 -0.3506 -0.2769 -0.1302 0.2340 0.0040 -0.3766 -0.3303 -0.2477 0.0294 0.1687 -0.1967 -0.3685 -0.3070 -0.2011 0.2665 0.1019 -0.3459 -0.3542 -0.2648
-0.3408 -0.3390 0.1077 0.2592 -0.2054 -0.3092 -0.3694 -0.1750 0.1749 0.0033 -0.2519 -0.3323 -0.3768 0.0144 0.2400 -0.1372 -0.2792 -0.3522 -0.3534 0.0944 0.2724 -0.1954 -0.3042 -0.3672 -0.2216 0.1609 0.0620 -0.2433 -0.3284 -0.3762 -0.0028 0.2315 -0.1289 -0.2771 -0.3512 -0.3546 0.0955 0.2699 -0.2004 -0.3079 -0.3694 -0.1614 0.1822 -0.0392 -0.2596 -0.3390 -0.3744 0.0561 0.2680 -0.1629 -0.2562 -0.1629 0.2680 0.0561 -0.3744 -0.3390 -0.2596 -0.0392 0.1822 -0.1614 -0.3694 -0.3079 -0.2004 0.2699 0.0955 -0.3546 -0.3512 -0.2771 -0.1289 0.2315 -0.0028 -0.3762 -0.3284 -0.2433 0.0620 0.1609 -0.2216 -0.3672 -0.3042 -0.1954 0.2724 0.0944 -0.3534 -0.3522 -0.2792 -0.1372 0.2400 0.0144 -0.3768 -0.3323 -0.2519 0.0033 0.1749 -0.1750 -0.3694 -0.3092 -0.2054 0.2592 0.1077 -0.3390 -0.3408
-0.3295 0.1135 0.2494 -0.2096 -0.3114 -0.3704 -0.1527 0.1806 -0.0195 -0.2553 -0.3342 -0.3768 0.0240 0.2458 -0.1437 -0.2815 -0.3537 -0.3476 0.1002 0.2682 -0.1998 -0.3064 -0.3682 -0.2024 0.1670 0.0354 -0.2469 -0.3301 -0.3766 0.0051 0.2354 -0.1331 -0.2783 -0.3519 -0.3526 0.0971 0.2690 -0.2008 -0.3079 -0.3693 -0.1656 0.1806 -0.0326 -0.2586 -0.3381 -0.3750 0.0526 0.2670 -0.1701 -0.2901 -0.3410 -0.2901 -0.1701 0.2670 0.0526 -0.3750 -0.3381 -0.2586 -0.0326 0.1806 -0.1656 -0.3693 -0.3079 -0.2008 0.2690 0.0971 -0.3526 -0.3519 -0.2783 -0.1331 0.2354 0.0051 -0.3766 -0.3301 -0.2469 0.0354 0.1670 -0.2024 -0.3682 -0.3064 -0.1998 0.2682 0.1002 -0.3476 -0.3537 -0.2815 -0.1437 0.2458 0.0240 -0.3768 -0.3342 -0.2553 -0.0195 0.1806 -0.1527 -0.3704 -0.3114 -0.2096 0.2494 0.1135 -0.3295
0.1152 0.2365 -0.2139 -0.3135 -0.3713 -0.1304 0.1863 -0.0391 -0.2578 -0.3361 -0.3765 0.0327 0.2514 -0.1498 -0.2838 -0.3553 -0.3410 0.1060 0.2617 -0.2041 -0.3086 -0.3692 -0.1818 0.1731 0.0100 -0.2509 -0.3319 -0.3768 0.0135 0.2400 -0.1380 -0.2798 -0.3529 -0.3497 0.0997 0.2670 -0.2020 -0.3083 -0.3694 -0.1656 0.1801 -0.0290 -0.2580 -0.3374 -0.3755 0.0492 0.2652 -0.1691 -0.2927 -0.3645 -0.3869 -0.3645 -0.2927 -0.1691 0.2652 0.0492 -0.3755 -0.3374 -0.2580 -0.0290 0.1801 -0.1656 -0.3694 -0.3083 -0.2020 0.2670 0.0997 -0.3497 -0.3529 -0.2798 -0.1380 0.2400 0.0135 -0.3768 -0.3319 -0.2509 0.0100 0.1731 -0.1818 -0.3692 -0.3086 -0.2041 0.2617 0.1060 -0.3410 -0.3553 -0.2838 -0.1498 0.2514 0.0327 -0.3765 -0.3361 -0.2578 -0.0391 0.1863 -0.1304 -0.3713 -0.3135 -0.2139 0.2365 0.1152
0.2152 -0.2181 -0.3157 -0.3721 -0.1087 0.1920 -0.0560 -0.2602 -0.3380 -0.3758 0.0409 0.2567 -0.1557 -0.2860 -0.3568 -0.3334 0.1117 0.2526 -0.2083 -0.3107 -0.3701 -0.1600 0.1787 -0.0128 -0.2544 -0.3337 -0.3768 0.0222 0.2450 -0.1433 -0.2815 -0.3540 -0.3458 0.1030 0.2638 -0.2039 -0.3091 -0.3697 -0.1614 0.1806 -0.0290 -0.2578 -0.3371 -0.3757 0.0467 0.2635 -0.1671 -0.2924 -0.3620 -0.3140 0.0381 -0.3140 -0.3620 -0.2924 -0.1671 0.2635 0.0467 -0.3757 -0.3371 -0.2578 -0.0290 0.1806 -0.1614 -0.3697 -0.3091 -0.2039 0.2638 0.1030 -0.3458 -0.3540 -0.2815 -0.1433 0.2450 0.0222 -0.3768 -0.3337 -0.2544 -0.0128 0.1787 -0.1600 -0.3701 -0.3107 -0.2083 0.2526 0.1117 -0.3334 -0.3568 -0.2860 -0.1557 0.2567 0.0409 -0.3758 -0.3380 -0.2602 -0.0560 0.1920 -0.1087 -0.3721 -0.3157 -0.2181 0.2152
-0.2094 -0.3178 -0.3729 -0.0880 0.1977 -0.0706 -0.2626 -0.3399 -0.3748 0.0485 0.2616 -0.1612 -0.2883 -0.3582 -0.3247 0.1175 0.2407 -0.2125 -0.3128 -0.3710 -0.1377 0.1843 -0.0329 -0.2570 -0.3355 -0.3766 0.0307 0.2503 -0.1489 -0.2835 -0.3552 -0.3406 0.1070 0.2589 -0.2063 -0.3102 -0.3701 -0.1536 0.1822 -0.0326 -0.2580 -0.3371 -0.3758 0.0453 0.2623 -0.1654 -0.2916 -0.3612 -0.2984 0.1220 0.2495 0.1220 -0.2984 -0.3612 -0.2916 -0.1654 0.2623 0.0453 -0.3758 -0.3371 -0.2580 -0.0326 0.1822 -0.1536 -0.3701 -0.3102 -0.2063 0.2589 0.1070 -0.3406 -0.3552 -0.2835 -0.1489 0.2503 0.0307 -0.3766 -0.3355 -0.2570 -0.0329 0.1843 -0.1377 -0.3710 -0.3128 -0.2125 0.2407 0.1175 -0.3247 -0.3582 -0.2883 -0.1612 0.2616 0.0485 -0.3748 -0.3399 -0.2626 -0.0706 0.1977 -0.0880 -0.3729 -0.3178 -0.2094
-0.3035 -0.3736 -0.0688 0.2035 -0.0833 -0.2649 -0.3417 -0.3734 0.0557 0.2660 -0.1665 -0.2906 -0.3596 -0.3147 0.1233 0.2257 -0.2167 -0.3150 -0.3718 -0.1159 0.1900 -0.0506 -0.2594 -0.3374 -0.3761 0.0386 0.2554 -0.1544 -0.2856 -0.3566 -0.3341 0.1117 0.2518 -0.2092 -0.3115 -0.3706 -0.1423 0.1846 -0.0392 -0.2586 -0.3374 -0.3757 0.0453 0.2619 -0.1645 -0.2911 -0.3608 -0.2985 0.1325 0.2216 -0.1584 0.2216 0.1325 -0.2985 -0.3608 -0.2911 -0.1645 0.2619 0.0453 -0.3757 -0.3374 -0.2586 -0.0392 0.1846 -0.1423 -0.3706 -0.3115 -0.2092 0.2518 0.1117 -0.3341 -0.3566 -0.2856 -0.1544 0.2554 0.0386 -0.3761 -0.3374 -0.2594 -0.0506 0.1900 -0.1159 -0.3718 -0.3150 -0.2167 0.2257 0.1233 -0.3147 -0.3596 -0.2906 -0.1665 0.2660 0.0557 -0.3734 -0.3417 -0.2649 -0.0833 0.2035 -0.0688 -0.3736 -0.3035
-0.3619 -0.0513 0.2094 -0.0946 -0.2673 -0.3435 -0.3716 0.0626 0.2697 -0.1716 -0.2928 -0.3610 -0.3035 0.1290 0.2075 -0.2209 -0.3171 -0.3726 -0.0950 0.1958 -0.0659 -0.2618 -0.3393 -0.3752 0.0461 0.2602 -0.1597 -0.2878 -0.3579 -0.3263 0.1167 0.2417 -0.2126 -0.3131 -0.3712 -0.1285 0.1878 -0.0480 -0.2596 -0.3381 -0.3755 0.0467 0.2623 -0.1645 -0.2909 -0.3605 -0.3005 0.1335 0.1847 -0.2205 -0.2867 -0.2205 0.1847 0.1335 -0.3005 -0.3605 -0.2909 -0.1645 0.2623 0.0467 -0.3755 -0.3381 -0.2596 -0.0480 0.1878 -0.1285 -0.3712 -0.3131 -0.2126 0.2417 0.1167 -0.3263 -0.3579 -0.2878 -0.1597 0.2602 0.0461 -0.3752 -0.3393 -0.2618 -0.0659 0.1958 -0.0950 -0.3726 -0.3171 -0.2209 0.2075 0.1290 -0.3035 -0.3610 -0.2928 -0.1716 0.2697 0.0626 -0.3716 -0.3435 -0.2673 -0.0946 0.2094 -0.0513 -0.3619
-0.0473 0.2155 -0.1047 -0.2696 -0.3453 -0.3693 0.0692 0.2726 -0.1765 -0.2951 -0.3623 -0.2910 0.1348 0.1857 -0.2250 -0.3192 -0.3733 -0.0753 0.2015 -0.0791 -0.2641 -0.3411 -0.3739 0.0533 0.2645 -0.1648 -0.2899 -0.3592 -0.3173 0.1219 0.2287 -0.2162 -0.3149 -0.3718 -0.1127 0.1917 -0.0579 -0.2610 -0.3390 -0.3750 0.0492 0.2635 -0.1654 -0.2911 -0.3605 -0.3013 0.1331 0.1808 -0.2270 -0.3192 -0.3663 -0.3192 -0.2270 0.1808 0.1331 -0.3013 -0.3605 -0.2911 -0.1654 0.2635 0.0492 -0.3750 -0.3390 -0.2610 -0.0579 0.1917 -0.1127 -0.3718 -0.3149 -0.2162 0.2287 0.1219 -0.3173 -0.3592 -0.2899 -0.1648 0.2645 0.0533 -0.3739 -0.3411 -0.2641 -0.0791 0.2015 -0.0753 -0.3733 -0.3192 -0.2250 0.1857 0.1348 -0.2910 -0.3623 -0.2951 -0.1765 0.2726 0.0692 -0.3693 -0.3453 -0.2696 -0.1047 0.2155 -0.0473
0.2186 -0.1136 -0.2719 -0.3470 -0.3665 0.0754 0.2746 -0.1812 -0.2973 -0.3636 -0.2773 0.1406 0.1609 -0.2291 -0.3213 -0.3740 -0.0575 0.2073 -0.0906 -0.2664 -0.3429 -0.3723 0.0601 0.2684 -0.1698 -0.2921 -0.3606 -0.3072 0.1273 0.2128 -0.2199 -0.3167 -0.3725 -0.0960 0.1960 -0.0681 -0.2625 -0.3402 -0.3744 0.0526 0.2652 -0.1671 -0.2916 -0.3608 -0.3005 0.1331 0.1811 -0.2278 -0.3213 -0.3788 -0.3274 -0.3788 -0.3213 -0.2278 0.1811 0.1331 -0.3005 -0.3608 -0.2916 -0.1671 0.2652 0.0526 -0.3744 -0.3402 -0.2625 -0.0681 0.1960 -0.0960 -0.3725 -0.3167 -0.2199 0.2128 0.1273 -0.3072 -0.3606 -0.2921 -0.1698 0.2684 0.0601 -0.3723 -0.3429 -0.2664 -0.0906 0.2073 -0.0575 -0.3740 -0.3213 -0.2291 0.1609 0.1406 -0.2773 -0.3636 -0.2973 -0.1812 0.2746 0.0754 -0.3665 -0.3470 -0.2719 -0.1136 0.2186
-0.1170 -0.2741 -0.3487 -0.3633 0.0810 0.2755 -0.1854 -0.2993 -0.3648 -0.2631 0.1460 0.1357 -0.2329 -0.3232 -0.3747 -0.0426 0.2127 -0.1002 -0.2686 -0.3446 -0.3704 0.0662 0.2714 -0.1743 -0.2941 -0.3619 -0.2965 0.1323 0.1949 -0.2235 -0.3185 -0.3732 -0.0803 0.2004 -0.0776 -0.2640 -0.3414 -0.3736 0.0561 0.2670 -0.1691 -0.2924 -0.3612 -0.2985 0.1335 0.1808 -0.2278 -0.3216 -0.3747 -0.0766 0.1161 -0.0766 -0.3747 -0.3216 -0.2278 0.1808 0.1335 -0.2985 -0.3612 -0.2924 -0.1691 0.2670 0.0561 -0.3736 -0.3414 -0.2640 -0.0776 0.2004 -0.0803 -0.3732 -0.3185 -0.2235 0.1949 0.1323 -0.2965 -0.3619 -0.2941 -0.1743 0.2714 0.0662 -0.3704 -0.3446 -0.2686 -0.1002 0.2127 -0.0426 -0.3747 -0.3232 -0.2329 0.1357 0.1460 -0.2631 -0.3648 -0.2993 -0.1854 0.2755 0.0810 -0.3633 -0.3487 -0.2741 -0.1170
-0.2579 -0.3503 -0.3610 0.0843 0.2755 -0.1882 -0.3008 -0.3662 -0.2532 0.1488 0.1187 -0.2355 -0.3248 -0.3753 -0.0336 0.2161 -0.1058 -0.2700 -0.3462 -0.3688 0.0698 0.2731 -0.1773 -0.2956 -0.3634 -0.2888 0.1350 0.1821 -0.2260 -0.3200 -0.3741 -0.0706 0.2031 -0.0831 -0.2651 -0.3426 -0.3729 0.0580 0.2680 -0.1701 -0.2927 -0.3620 -0.2984 0.1325 0.1847 -0.2270 -0.3213 -0.3747 -0.0513 0.1960 0.2407 0.1960 -0.0513 -0.3747 -0.3213 -0.2270 0.1847 0.1325 -0.2984 -0.3620 -0.2927 -0.1701 0.2680 0.0580 -0.3729 -0.3426 -0.2651 -0.0831 0.2031 -0.0706 -0.3741 -0.3200 -0.2260 0.1821 0.1350 -0.2888 -0.3634 -0.2956 -0.1773 0.2731 0.0698 -0.3688 -0.3462 -0.2700 -0.1058 0.2161 -0.0336 -0.3753 -0.3248 -0.2355 0.1187 0.1488 -0.2532 -0.3662 -0.3008 -0.1882 0.2755 0.0843 -0.3610 -0.3503 -0.2579
-0.3359 -0.3647 0.0774 0.2756 -0.1834 -0.2992 -0.3699 -0.2682 0.1401 0.1535 -0.2318 -0.3244 -0.3798 -0.0484 0.2052 -0.0941 -0.2674 -0.3475 -0.3718 0.0628 0.2700 -0.1720 -0.2938 -0.3667 -0.3005 0.1272 0.2091 -0.2221 -0.3193 -0.3787 -0.0897 0.1917 -0.0668 -0.2621 -0.3433 -0.3761 0.0492 0.2624 -0.1629 -0.2901 -0.3645 -0.3140 0.1220 0.2216 -0.2205 -0.3192 -0.3788 -0.0766 0.1960 -0.0533 -0.2147 -0.0533 0.1960 -0.0766 -0.3788 -0.3192 -0.2205 0.2216 0.1220 -0.3140 -0.3645 -0.2901 -0.1629 0.2624 0.0492 -0.3761 -0.3433 -0.2621 -0.0668 0.1917 -0.0897 -0.3787 -0.3193 -0.2221 0.2091 0.1272 -0.3005 -0.3667 -0.2938 -0.1720 0.2700 0.0628 -0.3718 -0.3475 -0.2674 -0.0941 0.2052 -0.0484 -0.3798 -0.3244 -0.2318 0.1535 0.1401 -0.2682 -0.3699 -0.2992 -0.1834 0.2756 0.0774 -0.3647 -0.3359
-0.3745 -0.0438 0.2037 -0.0925 -0.2664 -0.3496 -0.3802 0.0633 0.2652 -0.1768 -0.2934 -0.3708 -0.3031 0.1256 0.2142 -0.2256 -0.3197 -0.3853 -0.0869 0.1899 -0.0617 -0.2607 -0.3446 -0.3851 0.0477 0.2550 -0.1633 -0.2879 -0.3668 -0.3293 0.1134 0.2473 -0.2179 -0.3146 -0.3832 -0.1313 0.1783 -0.0280 -0.2562 -0.3410 -0.3869 0.0381 0.2495 -0.1584 -0.2867 -0.3663 -0.3274 0.1161 0.2407 -0.2147 -0.2782 -0.2147 0.2407 0.1161 -0.3274 -0.3663 -0.2867 -0.1584 0.2495 0.0381 -0.3869 -0.3410 -0.2562 -0.0280 0.1783 -0.1313 -0.3832 -0.3146 -0.2179 0.2473 0.1134 -0.3293 -0.3668 -0.2879 -0.1633 0.2550 0.0477 -0.3851 -0.3446 -0.2607 -0.0617 0.1899 -0.0869 -0.3853 -0.3197 -0.2256 0.2142 0.1256 -0.3031 -0.3708 -0.2934 -0.1768 0.2652 0.0633 -0.3802 -0.3496 -0.2664 -0.0925 0.2037 -0.0438 -0.3745
