-0.3554 0.0268 0.2542 -0.1562 -0.2742 -0.3469 -0.2905 0.1392 0.1184 -0.2233 -0.3120 -0.3652 0.0057 0.2424 -0.1441 -0.2688 -0.3435 -0.3153 0.1253 0.1800 -0.2154 -0.3072 -0.3634 -0.0218 0.2291 -0.1302 -0.2634 -0.3399 -0.3337 0.1118 0.2250 -0.2073 -0.3023 -0.3615 -0.0565 0.2155 -0.1137 -0.2580 -0.3360 -0.3468 0.0982 0.2530 -0.1990 -0.2973 -0.3593 -0.1000 0.2015 -0.0916 -0.2510 -0.3302 -0.3716 -0.3302 -0.2510 -0.0916 0.2015 -0.1000 -0.3593 -0.2973 -0.1990 0.2530 0.0982 -0.3468 -0.3360 -0.2580 -0.1137 0.2155 -0.0565 -0.3615 -0.3023 -0.2073 0.2250 0.1118 -0.3337 -0.3399 -0.2634 -0.1302 0.2291 -0.0218 -0.3634 -0.3072 -0.2154 0.1800 0.1253 -0.3153 -0.3435 -0.2688 -0.1441 0.2424 0.0057 -0.3652 -0.3120 -0.2233 0.1184 0.1392 -0.2905 -0.3469 -0.2742 -0.1562 0.2542 0.0268 -0.3554
0.0268 0.2551 -0.1585 -0.2892 -0.3600 -0.2992 0.1371 0.1508 -0.2348 -0.3261 -0.3761 0.0035 0.2397 -0.1435 -0.2837 -0.3568 -0.3247 0.1234 0.2069 -0.2252 -0.3214 -0.3748 -0.0249 0.2259 -0.1277 -0.2784 -0.3533 -0.3432 0.1101 0.2444 -0.2156 -0.3166 -0.3732 -0.0611 0.2122 -0.1089 -0.2731 -0.3495 -0.3565 0.0968 0.2657 -0.2059 -0.3117 -0.3714 -0.1062 0.1986 -0.0847 -0.2673 -0.3453 -0.3732 -0.0965 -0.3732 -0.3453 -0.2673 -0.0847 0.1986 -0.1062 -0.3714 -0.3117 -0.2059 0.2657 0.0968 -0.3565 -0.3495 -0.2731 -0.1089 0.2122 -0.0611 -0.3732 -0.3166 -0.2156 0.2444 0.1101 -0.3432 -0.3533 -0.2784 -0.1277 0.2259 -0.0249 -0.3748 -0.3214 -0.2252 0.2069 0.1234 -0.3247 -0.3568 -0.2837 -0.1435 0.2397 0.0035 -0.3761 -0.3261 -0.2348 0.1508 0.1371 -0.2992 -0.3600 -0.2892 -0.1585 0.2551 0.0268
0.2542 -0.1585 -0.2884 -0.3591 -0.3082 0.1320 0.1749 -0.2308 -0.3241 -0.3755 -0.0081 0.2337 -0.1369 -0.2814 -0.3552 -0.3334 0.1175 0.2255 -0.2210 -0.3193 -0.3741 -0.0397 0.2198 -0.1199 -0.2761 -0.3516 -0.3496 0.1043 0.2555 -0.2114 -0.3144 -0.3724 -0.0797 0.2061 -0.0992 -0.2707 -0.3478 -0.3610 0.0908 0.2709 -0.2016 -0.3095 -0.3705 -0.1278 0.1926 -0.0723 -0.2652 -0.3437 -0.3702 0.0590 0.1867 0.0590 -0.3702 -0.3437 -0.2652 -0.0723 0.1926 -0.1278 -0.3705 -0.3095 -0.2016 0.2709 0.0908 -0.3610 -0.3478 -0.2707 -0.0992 0.2061 -0.0797 -0.3724 -0.3144 -0.2114 0.2555 0.1043 -0.3496 -0.3516 -0.2761 -0.1199 0.2198 -0.0397 -0.3741 -0.3193 -0.2210 0.2255 0.1175 -0.3334 -0.3552 -0.2814 -0.1369 0.2337 -0.0081 -0.3755 -0.3241 -0.2308 0.1749 0.1320 -0.3082 -0.3591 -0.2884 -0.1585 0.2542
-0.1562 -0.2892 -0.3591 -0.3115 0.1290 0.1910 -0.2276 -0.3223 -0.3750 -0.0202 0.2278 -0.1300 -0.2791 -0.3537 -0.3411 0.1117 0.2406 -0.2168 -0.3172 -0.3734 -0.0561 0.2138 -0.1115 -0.2737 -0.3500 -0.3551 0.0984 0.2638 -0.2071 -0.3123 -0.3716 -0.0999 0.2002 -0.0885 -0.2684 -0.3461 -0.3648 0.0848 0.2740 -0.1972 -0.3073 -0.3696 -0.1499 0.1869 -0.0579 -0.2628 -0.3419 -0.3715 0.0663 0.2680 -0.0528 0.2680 0.0663 -0.3715 -0.3419 -0.2628 -0.0579 0.1869 -0.1499 -0.3696 -0.3073 -0.1972 0.2740 0.0848 -0.3648 -0.3461 -0.2684 -0.0885 0.2002 -0.0999 -0.3716 -0.3123 -0.2071 0.2638 0.0984 -0.3551 -0.3500 -0.2737 -0.1115 0.2138 -0.0561 -0.3734 -0.3172 -0.2168 0.2406 0.1117 -0.3411 -0.3537 -0.2791 -0.1300 0.2278 -0.0202 -0.3750 -0.3223 -0.2276 0.1910 0.1290 -0.3115 -0.3591 -0.2892 -0.1562
-0.2742 -0.3600 -0.3082 0.1290 0.1966 -0.2257 -0.3210 -0.3745 -0.0317 0.2225 -0.1230 -0.2769 -0.3521 -0.3478 0.1060 0.2526 -0.2126 -0.3150 -0.3726 -0.0741 0.2078 -0.1021 -0.2714 -0.3483 -0.3598 0.0925 0.2696 -0.2028 -0.3101 -0.3708 -0.1213 0.1944 -0.0764 -0.2660 -0.3444 -0.3680 0.0787 0.2754 -0.1928 -0.3051 -0.3686 -0.1721 0.1812 -0.0413 -0.2605 -0.3401 -0.3733 0.0626 0.2716 -0.1692 -0.2593 -0.1692 0.2716 0.0626 -0.3733 -0.3401 -0.2605 -0.0413 0.1812 -0.1721 -0.3686 -0.3051 -0.1928 0.2754 0.0787 -0.3680 -0.3444 -0.2660 -0.0764 0.1944 -0.1213 -0.3708 -0.3101 -0.2028 0.2696 0.0925 -0.3598 -0.3483 -0.2714 -0.1021 0.2078 -0.0741 -0.3726 -0.3150 -0.2126 0.2526 0.1060 -0.3478 -0.3521 -0.2769 -0.1230 0.2225 -0.0317 -0.3745 -0.3210 -0.2257 0.1966 0.1290 -0.3082 -0.3600 -0.2742
-0.3469 -0.2992 0.1320 0.1910 -0.2257 -0.3206 -0.3742 -0.0402 0.2183 -0.1166 -0.2749 -0.3506 -0.3532 0.1003 0.2615 -0.2084 -0.3129 -0.3718 -0.0939 0.2019 -0.0917 -0.2690 -0.3466 -0.3638 0.0865 0.2733 -0.1985 -0.3079 -0.3698 -0.1434 0.1886 -0.0626 -0.2636 -0.3426 -0.3705 0.0723 0.2752 -0.1883 -0.3029 -0.3676 -0.1938 0.1756 -0.0219 -0.2581 -0.3382 -0.3747 0.0563 0.2697 -0.1746 -0.2925 -0.3434 -0.2925 -0.1746 0.2697 0.0563 -0.3747 -0.3382 -0.2581 -0.0219 0.1756 -0.1938 -0.3676 -0.3029 -0.1883 0.2752 0.0723 -0.3705 -0.3426 -0.2636 -0.0626 0.1886 -0.1434 -0.3698 -0.3079 -0.1985 0.2733 0.0865 -0.3638 -0.3466 -0.2690 -0.0917 0.2019 -0.0939 -0.3718 -0.3129 -0.2084 0.2615 0.1003 -0.3532 -0.3506 -0.2749 -0.1166 0.2183 -0.0402 -0.3742 -0.3206 -0.2257 0.1910 0.1320 -0.2992 -0.3469
-0.2905 0.1371 0.1749 -0.2276 -0.3210 -0.3742 -0.0434 0.2160 -0.1121 -0.2734 -0.3494 -0.3573 0.0952 0.2677 -0.2043 -0.3108 -0.3710 -0.1149 0.1961 -0.0801 -0.2667 -0.3449 -0.3671 0.0804 0.2752 -0.1941 -0.3057 -0.3689 -0.1658 0.1829 -0.0466 -0.2613 -0.3407 -0.3726 0.0658 0.2738 -0.1837 -0.3007 -0.3665 -0.2146 0.1695 0.0005 -0.2557 -0.3364 -0.3757 0.0493 0.2663 -0.1716 -0.2943 -0.3659 -0.3859 -0.3659 -0.2943 -0.1716 0.2663 0.0493 -0.3757 -0.3364 -0.2557 0.0005 0.1695 -0.2146 -0.3665 -0.3007 -0.1837 0.2738 0.0658 -0.3726 -0.3407 -0.2613 -0.0466 0.1829 -0.1658 -0.3689 -0.3057 -0.1941 0.2752 0.0804 -0.3671 -0.3449 -0.2667 -0.0801 0.1961 -0.1149 -0.3710 -0.3108 -0.2043 0.2677 0.0952 -0.3573 -0.3494 -0.2734 -0.1121 0.2160 -0.0434 -0.3742 -0.3210 -0.2276 0.1749 0.1371 -0.2905
0.1392 0.1508 -0.2308 -0.3223 -0.3745 -0.0402 0.2160 -0.1105 -0.2725 -0.3485 -0.3601 0.0910 0.2714 -0.2006 -0.3088 -0.3702 -0.1362 0.1904 -0.0668 -0.2643 -0.3431 -0.3699 0.0742 0.2754 -0.1896 -0.3035 -0.3679 -0.1878 0.1773 -0.0282 -0.2589 -0.3389 -0.3742 0.0590 0.2712 -0.1789 -0.2985 -0.3654 -0.2342 0.1629 0.0261 -0.2524 -0.3345 -0.3764 0.0418 0.2621 -0.1670 -0.2929 -0.3627 -0.3070 0.0436 -0.3070 -0.3627 -0.2929 -0.1670 0.2621 0.0418 -0.3764 -0.3345 -0.2524 0.0261 0.1629 -0.2342 -0.3654 -0.2985 -0.1789 0.2712 0.0590 -0.3742 -0.3389 -0.2589 -0.0282 0.1773 -0.1878 -0.3679 -0.3035 -0.1896 0.2754 0.0742 -0.3699 -0.3431 -0.2643 -0.0668 0.1904 -0.1362 -0.3702 -0.3088 -0.2006 0.2714 0.0910 -0.3601 -0.3485 -0.2725 -0.1105 0.2160 -0.0402 -0.3745 -0.3223 -0.2308 0.1508 0.1392
0.1184 -0.2348 -0.3241 -0.3750 -0.0317 0.2183 -0.1121 -0.2725 -0.3482 -0.3615 0.0882 0.2733 -0.1976 -0.3071 -0.3694 -0.1561 0.1851 -0.0522 -0.2620 -0.3413 -0.3721 0.0677 0.2743 -0.1850 -0.3013 -0.3668 -0.2089 0.1713 -0.0066 -0.2565 -0.3370 -0.3754 0.0519 0.2678 -0.1740 -0.2962 -0.3642 -0.2522 0.1565 0.0545 -0.2482 -0.3325 -0.3768 0.0337 0.2573 -0.1618 -0.2908 -0.3612 -0.2960 0.1241 0.2521 0.1241 -0.2960 -0.3612 -0.2908 -0.1618 0.2573 0.0337 -0.3768 -0.3325 -0.2482 0.0545 0.1565 -0.2522 -0.3642 -0.2962 -0.1740 0.2678 0.0519 -0.3754 -0.3370 -0.2565 -0.0066 0.1713 -0.2089 -0.3668 -0.3013 -0.1850 0.2743 0.0677 -0.3721 -0.3413 -0.2620 -0.0522 0.1851 -0.1561 -0.3694 -0.3071 -0.1976 0.2733 0.0882 -0.3615 -0.3482 -0.2725 -0.1121 0.2183 -0.0317 -0.3750 -0.3241 -0.2348 0.1184
-0.2233 -0.3261 -0.3755 -0.0202 0.2225 -0.1166 -0.2734 -0.3485 -0.3615 0.0872 0.2741 -0.1957 -0.3059 -0.3687 -0.1726 0.1805 -0.0372 -0.2598 -0.3395 -0.3738 0.0611 0.2721 -0.1803 -0.2991 -0.3657 -0.2288 0.1648 0.0181 -0.2534 -0.3351 -0.3762 0.0445 0.2637 -0.1690 -0.2940 -0.3629 -0.2687 0.1502 0.0849 -0.2439 -0.3305 -0.3768 0.0250 0.2521 -0.1563 -0.2886 -0.3598 -0.3034 0.1318 0.2198 -0.1598 0.2198 0.1318 -0.3034 -0.3598 -0.2886 -0.1563 0.2521 0.0250 -0.3768 -0.3305 -0.2439 0.0849 0.1502 -0.2687 -0.3629 -0.2940 -0.1690 0.2637 0.0445 -0.3762 -0.3351 -0.2534 0.0181 0.1648 -0.2288 -0.3657 -0.2991 -0.1803 0.2721 0.0611 -0.3738 -0.3395 -0.2598 -0.0372 0.1805 -0.1726 -0.3687 -0.3059 -0.1957 0.2741 0.0872 -0.3615 -0.3485 -0.2734 -0.1166 0.2225 -0.0202 -0.3755 -0.3261 -0.2233
-0.3120 -0.3761 -0.0081 0.2278 -0.1230 -0.2749 -0.3494 -0.3601 0.0882 0.2741 -0.1950 -0.3053 -0.3683 -0.1844 0.1769 -0.0229 -0.2579 -0.3379 -0.3750 0.0546 0.2690 -0.1755 -0.2969 -0.3645 -0.2473 0.1583 0.0460 -0.2494 -0.3331 -0.3767 0.0365 0.2591 -0.1638 -0.2917 -0.3616 -0.2837 0.1441 0.1157 -0.2398 -0.3285 -0.3766 0.0156 0.2465 -0.1506 -0.2863 -0.3584 -0.3138 0.1289 0.1955 -0.2196 -0.2865 -0.2196 0.1955 0.1289 -0.3138 -0.3584 -0.2863 -0.1506 0.2465 0.0156 -0.3766 -0.3285 -0.2398 0.1157 0.1441 -0.2837 -0.3616 -0.2917 -0.1638 0.2591 0.0365 -0.3767 -0.3331 -0.2494 0.0460 0.1583 -0.2473 -0.3645 -0.2969 -0.1755 0.2690 0.0546 -0.3750 -0.3379 -0.2579 -0.0229 0.1769 -0.1844 -0.3683 -0.3053 -0.1950 0.2741 0.0882 -0.3601 -0.3494 -0.2749 -0.1230 0.2278 -0.0081 -0.3761 -0.3120
-0.3652 0.0035 0.2337 -0.1300 -0.2769 -0.3506 -0.3573 0.0910 0.2733 -0.1957 -0.3053 -0.3681 -0.1906 0.1746 -0.0116 -0.2564 -0.3365 -0.3757 0.0485 0.2656 -0.1709 -0.2947 -0.3633 -0.2641 0.1520 0.0761 -0.2452 -0.3312 -0.3768 0.0280 0.2539 -0.1583 -0.2894 -0.3603 -0.2971 0.1381 0.1452 -0.2356 -0.3265 -0.3762 0.0054 0.2407 -0.1445 -0.2840 -0.3570 -0.3236 0.1237 0.2075 -0.2235 -0.3180 -0.3658 -0.3180 -0.2235 0.2075 0.1237 -0.3236 -0.3570 -0.2840 -0.1445 0.2407 0.0054 -0.3762 -0.3265 -0.2356 0.1452 0.1381 -0.2971 -0.3603 -0.2894 -0.1583 0.2539 0.0280 -0.3768 -0.3312 -0.2452 0.0761 0.1520 -0.2641 -0.3633 -0.2947 -0.1709 0.2656 0.0485 -0.3757 -0.3365 -0.2564 -0.0116 0.1746 -0.1906 -0.3681 -0.3053 -0.1957 0.2733 0.0910 -0.3573 -0.3506 -0.2769 -0.1300 0.2337 0.0035 -0.3652
0.0057 0.2397 -0.1369 -0.2791 -0.3521 -0.3532 0.0952 0.2714 -0.1976 -0.3059 -0.3683 -0.1906 0.1738 -0.0055 -0.2554 -0.3356 -0.3762 0.0432 0.2623 -0.1667 -0.2927 -0.3621 -0.2788 0.1459 0.1068 -0.2410 -0.3292 -0.3767 0.0188 0.2484 -0.1526 -0.2872 -0.3589 -0.3091 0.1321 0.1723 -0.2315 -0.3245 -0.3756 -0.0059 0.2347 -0.1380 -0.2817 -0.3555 -0.3324 0.1181 0.2242 -0.2209 -0.3187 -0.3783 -0.3349 -0.3783 -0.3187 -0.2209 0.2242 0.1181 -0.3324 -0.3555 -0.2817 -0.1380 0.2347 -0.0059 -0.3756 -0.3245 -0.2315 0.1723 0.1321 -0.3091 -0.3589 -0.2872 -0.1526 0.2484 0.0188 -0.3767 -0.3292 -0.2410 0.1068 0.1459 -0.2788 -0.3621 -0.2927 -0.1667 0.2623 0.0432 -0.3762 -0.3356 -0.2554 -0.0055 0.1738 -0.1906 -0.3683 -0.3059 -0.1976 0.2714 0.0952 -0.3532 -0.3521 -0.2791 -0.1369 0.2397 0.0057
0.2424 -0.1435 -0.2814 -0.3537 -0.3478 0.1003 0.2677 -0.2006 -0.3071 -0.3687 -0.1844 0.1746 -0.0055 -0.2551 -0.3351 -0.3764 0.0393 0.2595 -0.1631 -0.2910 -0.3611 -0.2909 0.1404 0.1353 -0.2369 -0.3271 -0.3764 0.0088 0.2427 -0.1466 -0.2849 -0.3575 -0.3197 0.1263 0.1961 -0.2273 -0.3224 -0.3750 -0.0184 0.2287 -0.1311 -0.2794 -0.3539 -0.3402 0.1124 0.2393 -0.2171 -0.3172 -0.3737 -0.1021 0.1101 -0.1021 -0.3737 -0.3172 -0.2171 0.2393 0.1124 -0.3402 -0.3539 -0.2794 -0.1311 0.2287 -0.0184 -0.3750 -0.3224 -0.2273 0.1961 0.1263 -0.3197 -0.3575 -0.2849 -0.1466 0.2427 0.0088 -0.3764 -0.3271 -0.2369 0.1353 0.1404 -0.2909 -0.3611 -0.2910 -0.1631 0.2595 0.0393 -0.3764 -0.3351 -0.2551 -0.0055 0.1746 -0.1844 -0.3687 -0.3071 -0.2006 0.2677 0.1003 -0.3478 -0.3537 -0.2814 -0.1435 0.2424
-0.1441 -0.2837 -0.3552 -0.3411 0.1060 0.2615 -0.2043 -0.3088 -0.3694 -0.1726 0.1769 -0.0116 -0.2554 -0.3351 -0.3765 0.0372 0.2576 -0.1605 -0.2897 -0.3602 -0.3003 0.1357 0.1593 -0.2332 -0.3252 -0.3758 -0.0020 0.2367 -0.1403 -0.2826 -0.3560 -0.3291 0.1205 0.2165 -0.2231 -0.3204 -0.3744 -0.0323 0.2227 -0.1236 -0.2771 -0.3524 -0.3469 0.1067 0.2514 -0.2130 -0.3152 -0.3727 -0.0831 0.1880 0.2537 0.1880 -0.0831 -0.3727 -0.3152 -0.2130 0.2514 0.1067 -0.3469 -0.3524 -0.2771 -0.1236 0.2227 -0.0323 -0.3744 -0.3204 -0.2231 0.2165 0.1205 -0.3291 -0.3560 -0.2826 -0.1403 0.2367 -0.0020 -0.3758 -0.3252 -0.2332 0.1593 0.1357 -0.3003 -0.3602 -0.2897 -0.1605 0.2576 0.0372 -0.3765 -0.3351 -0.2554 -0.0116 0.1769 -0.1726 -0.3694 -0.3088 -0.2043 0.2615 0.1060 -0.3411 -0.3552 -0.2837 -0.1441
-0.2688 -0.3568 -0.3334 0.1117 0.2526 -0.2084 -0.3108 -0.3702 -0.1561 0.1805 -0.0229 -0.2564 -0.3356 -0.3764 0.0372 0.2569 -0.1592 -0.2889 -0.3595 -0.3070 0.1319 0.1778 -0.2299 -0.3235 -0.3753 -0.0131 0.2309 -0.1336 -0.2803 -0.3545 -0.3373 0.1147 0.2333 -0.2190 -0.3183 -0.3737 -0.0478 0.2167 -0.1156 -0.2748 -0.3508 -0.3528 0.1009 0.2607 -0.2088 -0.3131 -0.3719 -0.0949 0.1991 -0.0569 -0.2156 -0.0569 0.1991 -0.0949 -0.3719 -0.3131 -0.2088 0.2607 0.1009 -0.3528 -0.3508 -0.2748 -0.1156 0.2167 -0.0478 -0.3737 -0.3183 -0.2190 0.2333 0.1147 -0.3373 -0.3545 -0.2803 -0.1336 0.2309 -0.0131 -0.3753 -0.3235 -0.2299 0.1778 0.1319 -0.3070 -0.3595 -0.2889 -0.1592 0.2569 0.0372 -0.3764 -0.3356 -0.2564 -0.0229 0.1805 -0.1561 -0.3702 -0.3108 -0.2084 0.2526 0.1117 -0.3334 -0.3568 -0.2688
-0.3435 -0.3247 0.1175 0.2406 -0.2126 -0.3129 -0.3710 -0.1362 0.1851 -0.0372 -0.2579 -0.3365 -0.3762 0.0393 0.2576 -0.1592 -0.2886 -0.3592 -0.3111 0.1292 0.1909 -0.2273 -0.3221 -0.3748 -0.0241 0.2257 -0.1270 -0.2780 -0.3529 -0.3445 0.1089 0.2468 -0.2148 -0.3161 -0.3730 -0.0650 0.2107 -0.1067 -0.2725 -0.3491 -0.3578 0.0951 0.2675 -0.2046 -0.3110 -0.3711 -0.1138 0.1958 -0.0739 -0.2604 -0.3130 -0.2604 -0.0739 0.1958 -0.1138 -0.3711 -0.3110 -0.2046 0.2675 0.0951 -0.3578 -0.3491 -0.2725 -0.1067 0.2107 -0.0650 -0.3730 -0.3161 -0.2148 0.2468 0.1089 -0.3445 -0.3529 -0.2780 -0.1270 0.2257 -0.0241 -0.3748 -0.3221 -0.2273 0.1909 0.1292 -0.3111 -0.3592 -0.2886 -0.1592 0.2576 0.0393 -0.3762 -0.3365 -0.2579 -0.0372 0.1851 -0.1362 -0.3710 -0.3129 -0.2126 0.2406 0.1175 -0.3247 -0.3435
-0.3153 0.1234 0.2255 -0.2168 -0.3150 -0.3718 -0.1149 0.1904 -0.0522 -0.2598 -0.3379 -0.3757 0.0432 0.2595 -0.1605 -0.2889 -0.3592 -0.3124 0.1279 0.1987 -0.2254 -0.3209 -0.3744 -0.0342 0.2210 -0.1206 -0.2760 -0.3515 -0.3504 0.1032 0.2573 -0.2106 -0.3140 -0.3723 -0.0838 0.2048 -0.0969 -0.2702 -0.3474 -0.3621 0.0891 0.2720 -0.2003 -0.3088 -0.3702 -0.1353 0.1905 -0.0659 -0.2632 -0.3418 -0.3825 -0.3418 -0.2632 -0.0659 0.1905 -0.1353 -0.3702 -0.3088 -0.2003 0.2720 0.0891 -0.3621 -0.3474 -0.2702 -0.0969 0.2048 -0.0838 -0.3723 -0.3140 -0.2106 0.2573 0.1032 -0.3504 -0.3515 -0.2760 -0.1206 0.2210 -0.0342 -0.3744 -0.3209 -0.2254 0.1987 0.1279 -0.3124 -0.3592 -0.2889 -0.1605 0.2595 0.0432 -0.3757 -0.3379 -0.2598 -0.0522 0.1904 -0.1149 -0.3718 -0.3150 -0.2168 0.2255 0.1234 -0.3153
0.1253 0.2069 -0.2210 -0.3172 -0.3726 -0.0939 0.1961 -0.0668 -0.2620 -0.3395 -0.3750 0.0485 0.2623 -0.1631 -0.2897 -0.3595 -0.3111 0.1279 0.2013 -0.2245 -0.3202 -0.3741 -0.0424 0.2173 -0.1149 -0.2743 -0.3502 -0.3551 0.0980 0.2647 -0.2064 -0.3119 -0.3714 -0.1041 0.1990 -0.0859 -0.2678 -0.3457 -0.3657 0.0831 0.2746 -0.1959 -0.3066 -0.3693 -0.1576 0.1849 -0.0520 -0.2618 -0.3410 -0.3773 -0.1492 -0.3773 -0.3410 -0.2618 -0.0520 0.1849 -0.1576 -0.3693 -0.3066 -0.1959 0.2746 0.0831 -0.3657 -0.3457 -0.2678 -0.0859 0.1990 -0.1041 -0.3714 -0.3119 -0.2064 0.2647 0.0980 -0.3551 -0.3502 -0.2743 -0.1149 0.2173 -0.0424 -0.3741 -0.3202 -0.2245 0.2013 0.1279 -0.3111 -0.3595 -0.2897 -0.1631 0.2623 0.0485 -0.3750 -0.3395 -0.2620 -0.0668 0.1961 -0.0939 -0.3726 -0.3172 -0.2210 0.2069 0.1253
0.1800 -0.2252 -0.3193 -0.3734 -0.0741 0.2019 -0.0801 -0.2643 -0.3413 -0.3738 0.0546 0.2656 -0.1667 -0.2910 -0.3602 -0.3070 0.1292 0.1987 -0.2245 -0.3200 -0.3740 -0.0476 0.2147 -0.1102 -0.2729 -0.3490 -0.3586 0.0933 0.2695 -0.2026 -0.3099 -0.3706 -0.1253 0.1932 -0.0735 -0.2655 -0.3439 -0.3687 0.0770 0.2755 -0.1915 -0.3044 -0.3683 -0.1796 0.1793 -0.0349 -0.2596 -0.3394 -0.3744 0.0424 0.1733 0.0424 -0.3744 -0.3394 -0.2596 -0.0349 0.1793 -0.1796 -0.3683 -0.3044 -0.1915 0.2755 0.0770 -0.3687 -0.3439 -0.2655 -0.0735 0.1932 -0.1253 -0.3706 -0.3099 -0.2026 0.2695 0.0933 -0.3586 -0.3490 -0.2729 -0.1102 0.2147 -0.0476 -0.3740 -0.3200 -0.2245 0.1987 0.1292 -0.3070 -0.3602 -0.2910 -0.1667 0.2656 0.0546 -0.3738 -0.3413 -0.2643 -0.0801 0.2019 -0.0741 -0.3734 -0.3193 -0.2252 0.1800
-0.2154 -0.3214 -0.3741 -0.0561 0.2078 -0.0917 -0.2667 -0.3431 -0.3721 0.0611 0.2690 -0.1709 -0.2927 -0.3611 -0.3003 0.1319 0.1909 -0.2254 -0.3202 -0.3740 -0.0494 0.2134 -0.1072 -0.2719 -0.3481 -0.3612 0.0893 0.2724 -0.1992 -0.3080 -0.3698 -0.1457 0.1878 -0.0597 -0.2631 -0.3421 -0.3711 0.0707 0.2749 -0.1870 -0.3022 -0.3672 -0.2009 0.1735 -0.0147 -0.2573 -0.3376 -0.3752 0.0502 0.2574 -0.0068 0.2574 0.0502 -0.3752 -0.3376 -0.2573 -0.0147 0.1735 -0.2009 -0.3672 -0.3022 -0.1870 0.2749 0.0707 -0.3711 -0.3421 -0.2631 -0.0597 0.1878 -0.1457 -0.3698 -0.3080 -0.1992 0.2724 0.0893 -0.3612 -0.3481 -0.2719 -0.1072 0.2134 -0.0494 -0.3740 -0.3202 -0.2254 0.1909 0.1319 -0.3003 -0.3611 -0.2927 -0.1709 0.2690 0.0611 -0.3721 -0.3431 -0.2667 -0.0917 0.2078 -0.0561 -0.3741 -0.3214 -0.2154
-0.3072 -0.3748 -0.0397 0.2138 -0.1021 -0.2690 -0.3449 -0.3699 0.0677 0.2721 -0.1755 -0.2947 -0.3621 -0.2909 0.1357 0.1778 -0.2273 -0.3209 -0.3741 -0.0476 0.2134 -0.1062 -0.2714 -0.3476 -0.3629 0.0862 0.2741 -0.1963 -0.3064 -0.3690 -0.1642 0.1828 -0.0449 -0.2609 -0.3404 -0.3730 0.0642 0.2732 -0.1824 -0.3000 -0.3662 -0.2211 0.1673 0.0087 -0.2546 -0.3357 -0.3760 0.0459 0.2628 -0.1566 -0.2535 -0.1566 0.2628 0.0459 -0.3760 -0.3357 -0.2546 0.0087 0.1673 -0.2211 -0.3662 -0.3000 -0.1824 0.2732 0.0642 -0.3730 -0.3404 -0.2609 -0.0449 0.1828 -0.1642 -0.3690 -0.3064 -0.1963 0.2741 0.0862 -0.3629 -0.3476 -0.2714 -0.1062 0.2134 -0.0476 -0.3741 -0.3209 -0.2273 0.1778 0.1357 -0.2909 -0.3621 -0.2947 -0.1755 0.2721 0.0677 -0.3699 -0.3449 -0.2690 -0.1021 0.2138 -0.0397 -0.3748 -0.3072
-0.3634 -0.0249 0.2198 -0.1115 -0.2714 -0.3466 -0.3671 0.0742 0.2743 -0.1803 -0.2969 -0.3633 -0.2788 0.1404 0.1593 -0.2299 -0.3221 -0.3744 -0.0424 0.2147 -0.1072 -0.2714 -0.3474 -0.3637 0.0842 0.2748 -0.1940 -0.3051 -0.3684 -0.1802 0.1785 -0.0299 -0.2588 -0.3387 -0.3744 0.0577 0.2706 -0.1777 -0.2979 -0.3650 -0.2399 0.1608 0.0352 -0.2510 -0.3338 -0.3766 0.0388 0.2600 -0.1626 -0.2870 -0.3384 -0.2870 -0.1626 0.2600 0.0388 -0.3766 -0.3338 -0.2510 0.0352 0.1608 -0.2399 -0.3650 -0.2979 -0.1777 0.2706 0.0577 -0.3744 -0.3387 -0.2588 -0.0299 0.1785 -0.1802 -0.3684 -0.3051 -0.1940 0.2748 0.0842 -0.3637 -0.3474 -0.2714 -0.1072 0.2147 -0.0424 -0.3744 -0.3221 -0.2299 0.1593 0.1404 -0.2788 -0.3633 -0.2969 -0.1803 0.2743 0.0742 -0.3671 -0.3466 -0.2714 -0.1115 0.2198 -0.0249 -0.3634
-0.0218 0.2259 -0.1199 -0.2737 -0.3483 -0.3638 0.0804 0.2754 -0.1850 -0.2991 -0.3645 -0.2641 0.1459 0.1353 -0.2332 -0.3235 -0.3748 -0.0342 0.2173 -0.1102 -0.2719 -0.3476 -0.3637 0.0836 0.2751 -0.1926 -0.3042 -0.3679 -0.1929 0.1748 -0.0151 -0.2570 -0.3371 -0.3754 0.0513 0.2673 -0.1731 -0.2957 -0.3639 -0.2569 0.1546 0.0640 -0.2468 -0.3318 -0.3768 0.0308 0.2554 -0.1594 -0.2890 -0.3622 -0.3880 -0.3622 -0.2890 -0.1594 0.2554 0.0308 -0.3768 -0.3318 -0.2468 0.0640 0.1546 -0.2569 -0.3639 -0.2957 -0.1731 0.2673 0.0513 -0.3754 -0.3371 -0.2570 -0.0151 0.1748 -0.1929 -0.3679 -0.3042 -0.1926 0.2751 0.0836 -0.3637 -0.3476 -0.2719 -0.1102 0.2173 -0.0342 -0.3748 -0.3235 -0.2332 0.1353 0.1459 -0.2641 -0.3645 -0.2991 -0.1850 0.2754 0.0804 -0.3638 -0.3483 -0.2737 -0.1199 0.2259 -0.0218
0.2291 -0.1277 -0.2761 -0.3500 -0.3598 0.0865 0.2752 -0.1896 -0.3013 -0.3657 -0.2473 0.1520 0.1068 -0.2369 -0.3252 -0.3753 -0.0241 0.2210 -0.1149 -0.2729 -0.3481 -0.3629 0.0842 0.2751 -0.1921 -0.3037 -0.3675 -0.2016 0.1718 -0.0018 -0.2554 -0.3358 -0.3761 0.0453 0.2637 -0.1686 -0.2936 -0.3627 -0.2722 0.1486 0.0935 -0.2427 -0.3299 -0.3768 0.0221 0.2502 -0.1543 -0.2876 -0.3595 -0.3302 0.0249 -0.3302 -0.3595 -0.2876 -0.1543 0.2502 0.0221 -0.3768 -0.3299 -0.2427 0.0935 0.1486 -0.2722 -0.3627 -0.2936 -0.1686 0.2637 0.0453 -0.3761 -0.3358 -0.2554 -0.0018 0.1718 -0.2016 -0.3675 -0.3037 -0.1921 0.2751 0.0842 -0.3629 -0.3481 -0.2729 -0.1149 0.2210 -0.0241 -0.3753 -0.3252 -0.2369 0.1068 0.1520 -0.2473 -0.3657 -0.3013 -0.1896 0.2752 0.0865 -0.3598 -0.3500 -0.2761 -0.1277 0.2291
-0.1302 -0.2784 -0.3516 -0.3551 0.0925 0.2733 -0.1941 -0.3035 -0.3668 -0.2288 0.1583 0.0761 -0.2410 -0.3271 -0.3758 -0.0131 0.2257 -0.1206 -0.2743 -0.3490 -0.3612 0.0862 0.2748 -0.1926 -0.3037 -0.3674 -0.2060 0.1697 0.0081 -0.2540 -0.3347 -0.3764 0.0399 0.2603 -0.1644 -0.2917 -0.3615 -0.2855 0.1430 0.1224 -0.2388 -0.3280 -0.3765 0.0128 0.2448 -0.1487 -0.2855 -0.3579 -0.3220 0.1113 0.2392 0.1113 -0.3220 -0.3579 -0.2855 -0.1487 0.2448 0.0128 -0.3765 -0.3280 -0.2388 0.1224 0.1430 -0.2855 -0.3615 -0.2917 -0.1644 0.2603 0.0399 -0.3764 -0.3347 -0.2540 0.0081 0.1697 -0.2060 -0.3674 -0.3037 -0.1926 0.2748 0.0862 -0.3612 -0.3490 -0.2743 -0.1206 0.2257 -0.0131 -0.3758 -0.3271 -0.2410 0.0761 0.1583 -0.2288 -0.3668 -0.3035 -0.1941 0.2733 0.0925 -0.3551 -0.3516 -0.2784 -0.1302
-0.2634 -0.3533 -0.3496 0.0984 0.2696 -0.1985 -0.3057 -0.3679 -0.2089 0.1648 0.0460 -0.2452 -0.3292 -0.3764 -0.0020 0.2309 -0.1270 -0.2760 -0.3502 -0.3586 0.0893 0.2741 -0.1940 -0.3042 -0.3675 -0.2060 0.1690 0.0136 -0.2527 -0.3339 -0.3766 0.0354 0.2572 -0.1608 -0.2901 -0.3605 -0.2967 0.1378 0.1487 -0.2349 -0.3261 -0.3761 0.0028 0.2392 -0.1428 -0.2834 -0.3565 -0.3275 0.1185 0.2526 -0.1445 0.2526 0.1185 -0.3275 -0.3565 -0.2834 -0.1428 0.2392 0.0028 -0.3761 -0.3261 -0.2349 0.1487 0.1378 -0.2967 -0.3605 -0.2901 -0.1608 0.2572 0.0354 -0.3766 -0.3339 -0.2527 0.0136 0.1690 -0.2060 -0.3675 -0.3042 -0.1940 0.2741 0.0893 -0.3586 -0.3502 -0.2760 -0.1270 0.2309 -0.0020 -0.3764 -0.3292 -0.2452 0.0460 0.1648 -0.2089 -0.3679 -0.3057 -0.1985 0.2696 0.0984 -0.3496 -0.3533 -0.2634
-0.3399 -0.3432 0.1043 0.2638 -0.2028 -0.3079 -0.3689 -0.1878 0.1713 0.0181 -0.2494 -0.3312 -0.3767 0.0088 0.2367 -0.1336 -0.2780 -0.3515 -0.3551 0.0933 0.2724 -0.1963 -0.3051 -0.3679 -0.2016 0.1697 0.0136 -0.2523 -0.3335 -0.3767 0.0320 0.2547 -0.1577 -0.2886 -0.3596 -0.3056 0.1331 0.1709 -0.2313 -0.3243 -0.3755 -0.0081 0.2335 -0.1365 -0.2812 -0.3550 -0.3350 0.1156 0.2373 -0.2098 -0.2809 -0.2098 0.2373 0.1156 -0.3350 -0.3550 -0.2812 -0.1365 0.2335 -0.0081 -0.3755 -0.3243 -0.2313 0.1709 0.1331 -0.3056 -0.3596 -0.2886 -0.1577 0.2547 0.0320 -0.3767 -0.3335 -0.2523 0.0136 0.1697 -0.2016 -0.3679 -0.3051 -0.1963 0.2724 0.0933 -0.3551 -0.3515 -0.2780 -0.1336 0.2367 0.0088 -0.3767 -0.3312 -0.2494 0.0181 0.1713 -0.1878 -0.3689 -0.3079 -0.2028 0.2638 0.1043 -0.3432 -0.3399
-0.3337 0.1101 0.2555 -0.2071 -0.3101 -0.3698 -0.1658 0.1773 -0.0066 -0.2534 -0.3331 -0.3768 0.0188 0.2427 -0.1403 -0.2803 -0.3529 -0.3504 0.0980 0.2695 -0.1992 -0.3064 -0.3684 -0.1929 0.1718 0.0081 -0.2527 -0.3335 -0.3768 0.0301 0.2531 -0.1555 -0.2876 -0.3588 -0.3126 0.1292 0.1887 -0.2281 -0.3226 -0.3750 -0.0196 0.2279 -0.1299 -0.2790 -0.3536 -0.3420 0.1107 0.2445 -0.2140 -0.3128 -0.3615 -0.3128 -0.2140 0.2445 0.1107 -0.3420 -0.3536 -0.2790 -0.1299 0.2279 -0.0196 -0.3750 -0.3226 -0.2281 0.1887 0.1292 -0.3126 -0.3588 -0.2876 -0.1555 0.2531 0.0301 -0.3768 -0.3335 -0.2527 0.0081 0.1718 -0.1929 -0.3684 -0.3064 -0.1992 0.2695 0.0980 -0.3504 -0.3529 -0.2803 -0.1403 0.2427 0.0188 -0.3768 -0.3331 -0.2534 -0.0066 0.1773 -0.1658 -0.3698 -0.3101 -0.2071 0.2555 0.1101 -0.3337
0.1118 0.2444 -0.2114 -0.3123 -0.3708 -0.1434 0.1829 -0.0282 -0.2565 -0.3351 -0.3767 0.0280 0.2484 -0.1466 -0.2826 -0.3545 -0.3445 0.1032 0.2647 -0.2026 -0.3080 -0.3690 -0.1802 0.1748 -0.0018 -0.2540 -0.3339 -0.3767 0.0301 0.2525 -0.1542 -0.2869 -0.3582 -0.3176 0.1259 0.2023 -0.2253 -0.3211 -0.3745 -0.0310 0.2226 -0.1231 -0.2769 -0.3521 -0.3481 0.1054 0.2542 -0.2115 -0.3138 -0.3765 -0.3533 -0.3765 -0.3138 -0.2115 0.2542 0.1054 -0.3481 -0.3521 -0.2769 -0.1231 0.2226 -0.0310 -0.3745 -0.3211 -0.2253 0.2023 0.1259 -0.3176 -0.3582 -0.2869 -0.1542 0.2525 0.0301 -0.3767 -0.3339 -0.2540 -0.0018 0.1748 -0.1802 -0.3690 -0.3080 -0.2026 0.2647 0.1032 -0.3445 -0.3545 -0.2826 -0.1466 0.2484 0.0280 -0.3767 -0.3351 -0.2565 -0.0282 0.1829 -0.1434 -0.3708 -0.3123 -0.2114 0.2444 0.1118
0.2250 -0.2156 -0.3144 -0.3716 -0.1213 0.1886 -0.0466 -0.2589 -0.3370 -0.3762 0.0365 0.2539 -0.1526 -0.2849 -0.3560 -0.3373 0.1089 0.2573 -0.2064 -0.3099 -0.3698 -0.1642 0.1785 -0.0151 -0.2554 -0.3347 -0.3766 0.0320 0.2531 -0.1542 -0.2866 -0.3579 -0.3206 0.1237 0.2119 -0.2230 -0.3198 -0.3741 -0.0417 0.2181 -0.1165 -0.2749 -0.3507 -0.3533 0.1001 0.2621 -0.2078 -0.3124 -0.3720 -0.1516 0.0978 -0.1516 -0.3720 -0.3124 -0.2078 0.2621 0.1001 -0.3533 -0.3507 -0.2749 -0.1165 0.2181 -0.0417 -0.3741 -0.3198 -0.2230 0.2119 0.1237 -0.3206 -0.3579 -0.2866 -0.1542 0.2531 0.0320 -0.3766 -0.3347 -0.2554 -0.0151 0.1785 -0.1642 -0.3698 -0.3099 -0.2064 0.2573 0.1089 -0.3373 -0.3560 -0.2849 -0.1526 0.2539 0.0365 -0.3762 -0.3370 -0.2589 -0.0466 0.1886 -0.1213 -0.3716 -0.3144 -0.2156 0.2250
-0.2073 -0.3166 -0.3724 -0.0999 0.1944 -0.0626 -0.2613 -0.3389 -0.3754 0.0445 0.2591 -0.1583 -0.2872 -0.3575 -0.3291 0.1147 0.2468 -0.2106 -0.3119 -0.3706 -0.1457 0.1828 -0.0299 -0.2570 -0.3358 -0.3764 0.0354 0.2547 -0.1555 -0.2869 -0.3579 -0.3217 0.1225 0.2175 -0.2214 -0.3188 -0.3737 -0.0513 0.2142 -0.1104 -0.2731 -0.3493 -0.3576 0.0950 0.2679 -0.2040 -0.3106 -0.3710 -0.1298 0.1751 0.2684 0.1751 -0.1298 -0.3710 -0.3106 -0.2040 0.2679 0.0950 -0.3576 -0.3493 -0.2731 -0.1104 0.2142 -0.0513 -0.3737 -0.3188 -0.2214 0.2175 0.1225 -0.3217 -0.3579 -0.2869 -0.1555 0.2547 0.0354 -0.3764 -0.3358 -0.2570 -0.0299 0.1828 -0.1457 -0.3706 -0.3119 -0.2106 0.2468 0.1147 -0.3291 -0.3575 -0.2872 -0.1583 0.2591 0.0445 -0.3754 -0.3389 -0.2613 -0.0626 0.1944 -0.0999 -0.3724 -0.3166 -0.2073
-0.3023 -0.3732 -0.0797 0.2002 -0.0764 -0.2636 -0.3407 -0.3742 0.0519 0.2637 -0.1638 -0.2894 -0.3589 -0.3197 0.1205 0.2333 -0.2148 -0.3140 -0.3714 -0.1253 0.1878 -0.0449 -0.2588 -0.3371 -0.3761 0.0399 0.2572 -0.1577 -0.2876 -0.3582 -0.3206 0.1225 0.2194 -0.2206 -0.3182 -0.3734 -0.0591 0.2110 -0.1050 -0.2716 -0.3481 -0.3609 0.0902 0.2717 -0.2003 -0.3087 -0.3701 -0.1412 0.1865 -0.0158 -0.2076 -0.0158 0.1865 -0.1412 -0.3701 -0.3087 -0.2003 0.2717 0.0902 -0.3609 -0.3481 -0.2716 -0.1050 0.2110 -0.0591 -0.3734 -0.3182 -0.2206 0.2194 0.1225 -0.3206 -0.3582 -0.2876 -0.1577 0.2572 0.0399 -0.3761 -0.3371 -0.2588 -0.0449 0.1878 -0.1253 -0.3714 -0.3140 -0.2148 0.2333 0.1205 -0.3197 -0.3589 -0.2894 -0.1638 0.2637 0.0519 -0.3742 -0.3407 -0.2636 -0.0764 0.2002 -0.0797 -0.3732 -0.3023
-0.3615 -0.0611 0.2061 -0.0885 -0.2660 -0.3426 -0.3726 0.0590 0.2678 -0.1690 -0.2917 -0.3603 -0.3091 0.1263 0.2165 -0.2190 -0.3161 -0.3723 -0.1041 0.1932 -0.0597 -0.2609 -0.3387 -0.3754 0.0453 0.2603 -0.1608 -0.2886 -0.3588 -0.3176 0.1237 0.2175 -0.2206 -0.3180 -0.3733 -0.0644 0.2088 -0.1007 -0.2704 -0.3471 -0.3634 0.0861 0.2739 -0.1968 -0.3069 -0.3693 -0.1588 0.1838 -0.0409 -0.2551 -0.3078 -0.2551 -0.0409 0.1838 -0.1588 -0.3693 -0.3069 -0.1968 0.2739 0.0861 -0.3634 -0.3471 -0.2704 -0.1007 0.2088 -0.0644 -0.3733 -0.3180 -0.2206 0.2175 0.1237 -0.3176 -0.3588 -0.2886 -0.1608 0.2603 0.0453 -0.3754 -0.3387 -0.2609 -0.0597 0.1932 -0.1041 -0.3723 -0.3161 -0.2190 0.2165 0.1263 -0.3091 -0.3603 -0.2917 -0.1690 0.2678 0.0590 -0.3726 -0.3426 -0.2660 -0.0885 0.2061 -0.0611 -0.3615
-0.0565 0.2122 -0.0992 -0.2684 -0.3444 -0.3705 0.0658 0.2712 -0.1740 -0.2940 -0.3616 -0.2971 0.1321 0.1961 -0.2231 -0.3183 -0.3730 -0.0838 0.1990 -0.0735 -0.2631 -0.3404 -0.3744 0.0513 0.2637 -0.1644 -0.2901 -0.3596 -0.3126 0.1259 0.2119 -0.2214 -0.3182 -0.3733 -0.0663 0.2076 -0.0977 -0.2695 -0.3464 -0.3652 0.0826 0.2750 -0.1938 -0.3052 -0.3685 -0.1763 0.1796 -0.0326 -0.2582 -0.3374 -0.3798 -0.3374 -0.2582 -0.0326 0.1796 -0.1763 -0.3685 -0.3052 -0.1938 0.2750 0.0826 -0.3652 -0.3464 -0.2695 -0.0977 0.2076 -0.0663 -0.3733 -0.3182 -0.2214 0.2119 0.1259 -0.3126 -0.3596 -0.2901 -0.1644 0.2637 0.0513 -0.3744 -0.3404 -0.2631 -0.0735 0.1990 -0.0838 -0.3730 -0.3183 -0.2231 0.1961 0.1321 -0.2971 -0.3616 -0.2940 -0.1740 0.2712 0.0658 -0.3705 -0.3444 -0.2684 -0.0992 0.2122 -0.0565
0.2155 -0.1089 -0.2707 -0.3461 -0.3680 0.0723 0.2738 -0.1789 -0.2962 -0.3629 -0.2837 0.1381 0.1723 -0.2273 -0.3204 -0.3737 -0.0650 0.2048 -0.0859 -0.2655 -0.3421 -0.3730 0.0577 0.2673 -0.1686 -0.2917 -0.3605 -0.3056 0.1292 0.2023 -0.2230 -0.3188 -0.3734 -0.0644 0.2076 -0.0966 -0.2691 -0.3459 -0.3664 0.0799 0.2754 -0.1913 -0.3039 -0.3678 -0.1920 0.1754 -0.0181 -0.2572 -0.3372 -0.3795 -0.1957 -0.3795 -0.3372 -0.2572 -0.0181 0.1754 -0.1920 -0.3678 -0.3039 -0.1913 0.2754 0.0799 -0.3664 -0.3459 -0.2691 -0.0966 0.2076 -0.0644 -0.3734 -0.3188 -0.2230 0.2023 0.1292 -0.3056 -0.3605 -0.2917 -0.1686 0.2673 0.0577 -0.3730 -0.3421 -0.2655 -0.0859 0.2048 -0.0650 -0.3737 -0.3204 -0.2273 0.1723 0.1381 -0.2837 -0.3629 -0.2962 -0.1789 0.2738 0.0723 -0.3680 -0.3461 -0.2707 -0.1089 0.2155
-0.1137 -0.2731 -0.3478 -0.3648 0.0787 0.2752 -0.1837 -0.2985 -0.3642 -0.2687 0.1441 0.1452 -0.2315 -0.3224 -0.3744 -0.0478 0.2107 -0.0969 -0.2678 -0.3439 -0.3711 0.0642 0.2706 -0.1731 -0.2936 -0.3615 -0.2967 0.1331 0.1887 -0.2253 -0.3198 -0.3737 -0.0591 0.2088 -0.0977 -0.2691 -0.3457 -0.3670 0.0781 0.2755 -0.1893 -0.3028 -0.3672 -0.2051 0.1714 -0.0025 -0.2556 -0.3360 -0.3762 0.0262 0.1611 0.0262 -0.3762 -0.3360 -0.2556 -0.0025 0.1714 -0.2051 -0.3672 -0.3028 -0.1893 0.2755 0.0781 -0.3670 -0.3457 -0.2691 -0.0977 0.2088 -0.0591 -0.3737 -0.3198 -0.2253 0.1887 0.1331 -0.2967 -0.3615 -0.2936 -0.1731 0.2706 0.0642 -0.3711 -0.3439 -0.2678 -0.0969 0.2107 -0.0478 -0.3744 -0.3224 -0.2315 0.1452 0.1441 -0.2687 -0.3642 -0.2985 -0.1837 0.2752 0.0787 -0.3648 -0.3478 -0.2731 -0.1137
-0.2580 -0.3495 -0.3610 0.0848 0.2754 -0.1883 -0.3007 -0.3654 -0.2522 0.1502 0.1157 -0.2356 -0.3245 -0.3750 -0.0323 0.2167 -0.1067 -0.2702 -0.3457 -0.3687 0.0707 0.2732 -0.1777 -0.2957 -0.3627 -0.2855 0.1378 0.1709 -0.2281 -0.3211 -0.3741 -0.0513 0.2110 -0.1007 -0.2695 -0.3459 -0.3670 0.0775 0.2754 -0.1881 -0.3020 -0.3667 -0.2154 0.1676 0.0127 -0.2536 -0.3347 -0.3764 0.0365 0.2460 0.0435 0.2460 0.0365 -0.3764 -0.3347 -0.2536 0.0127 0.1676 -0.2154 -0.3667 -0.3020 -0.1881 0.2754 0.0775 -0.3670 -0.3459 -0.2695 -0.1007 0.2110 -0.0513 -0.3741 -0.3211 -0.2281 0.1709 0.1378 -0.2855 -0.3627 -0.2957 -0.1777 0.2732 0.0707 -0.3687 -0.3457 -0.2702 -0.1067 0.2167 -0.0323 -0.3750 -0.3245 -0.2356 0.1157 0.1502 -0.2522 -0.3654 -0.3007 -0.1883 0.2754 0.0848 -0.3610 -0.3495 -0.2580
-0.3360 -0.3565 0.0908 0.2740 -0.1928 -0.3029 -0.3665 -0.2342 0.1565 0.0849 -0.2398 -0.3265 -0.3756 -0.0184 0.2227 -0.1156 -0.2725 -0.3474 -0.3657 0.0770 0.2749 -0.1824 -0.2979 -0.3639 -0.2722 0.1430 0.1487 -0.2313 -0.3226 -0.3745 -0.0417 0.2142 -0.1050 -0.2704 -0.3464 -0.3664 0.0781 0.2754 -0.1876 -0.3016 -0.3664 -0.2224 0.1648 0.0259 -0.2514 -0.3336 -0.3767 0.0342 0.2548 -0.1463 -0.2476 -0.1463 0.2548 0.0342 -0.3767 -0.3336 -0.2514 0.0259 0.1648 -0.2224 -0.3664 -0.3016 -0.1876 0.2754 0.0781 -0.3664 -0.3464 -0.2704 -0.1050 0.2142 -0.0417 -0.3745 -0.3226 -0.2313 0.1487 0.1430 -0.2722 -0.3639 -0.2979 -0.1824 0.2749 0.0770 -0.3657 -0.3474 -0.2725 -0.1156 0.2227 -0.0184 -0.3756 -0.3265 -0.2398 0.0849 0.1565 -0.2342 -0.3665 -0.3029 -0.1928 0.2740 0.0908 -0.3565 -0.3360
-0.3468 0.0968 0.2709 -0.1972 -0.3051 -0.3676 -0.2146 0.1629 0.0545 -0.2439 -0.3285 -0.3762 -0.0059 0.2287 -0.1236 -0.2748 -0.3491 -0.3621 0.0831 0.2755 -0.1870 -0.3000 -0.3650 -0.2569 0.1486 0.1224 -0.2349 -0.3243 -0.3750 -0.0310 0.2181 -0.1104 -0.2716 -0.3471 -0.3652 0.0799 0.2755 -0.1881 -0.3016 -0.3663 -0.2261 0.1630 0.0357 -0.2495 -0.3326 -0.3768 0.0299 0.2535 -0.1546 -0.2833 -0.3346 -0.2833 -0.1546 0.2535 0.0299 -0.3768 -0.3326 -0.2495 0.0357 0.1630 -0.2261 -0.3663 -0.3016 -0.1881 0.2755 0.0799 -0.3652 -0.3471 -0.2716 -0.1104 0.2181 -0.0310 -0.3750 -0.3243 -0.2349 0.1224 0.1486 -0.2569 -0.3650 -0.3000 -0.1870 0.2755 0.0831 -0.3621 -0.3491 -0.2748 -0.1236 0.2287 -0.0059 -0.3762 -0.3285 -0.2439 0.0545 0.1629 -0.2146 -0.3676 -0.3051 -0.1972 0.2709 0.0968 -0.3468
0.0982 0.2657 -0.2016 -0.3073 -0.3686 -0.1938 0.1695 0.0261 -0.2482 -0.3305 -0.3766 0.0054 0.2347 -0.1311 -0.2771 -0.3508 -0.3578 0.0891 0.2746 -0.1915 -0.3022 -0.3662 -0.2399 0.1546 0.0935 -0.2388 -0.3261 -0.3755 -0.0196 0.2226 -0.1165 -0.2731 -0.3481 -0.3634 0.0826 0.2754 -0.1893 -0.3020 -0.3664 -0.2261 0.1624 0.0409 -0.2484 -0.3319 -0.3768 0.0258 0.2510 -0.1535 -0.2862 -0.3599 -0.3884 -0.3599 -0.2862 -0.1535 0.2510 0.0258 -0.3768 -0.3319 -0.2484 0.0409 0.1624 -0.2261 -0.3664 -0.3020 -0.1893 0.2754 0.0826 -0.3634 -0.3481 -0.2731 -0.1165 0.2226 -0.0196 -0.3755 -0.3261 -0.2388 0.0935 0.1546 -0.2399 -0.3662 -0.3022 -0.1915 0.2746 0.0891 -0.3578 -0.3508 -0.2771 -0.1311 0.2347 0.0054 -0.3766 -0.3305 -0.2482 0.0261 0.1695 -0.1938 -0.3686 -0.3073 -0.2016 0.2657 0.0982
0.2530 -0.2059 -0.3095 -0.3696 -0.1721 0.1756 0.0005 -0.2524 -0.3325 -0.3768 0.0156 0.2407 -0.1380 -0.2794 -0.3524 -0.3528 0.0951 0.2720 -0.1959 -0.3044 -0.3672 -0.2211 0.1608 0.0640 -0.2427 -0.3280 -0.3761 -0.0081 0.2279 -0.1231 -0.2749 -0.3493 -0.3609 0.0861 0.2750 -0.1913 -0.3028 -0.3667 -0.2224 0.1630 0.0409 -0.2480 -0.3315 -0.3768 0.0227 0.2489 -0.1512 -0.2858 -0.3580 -0.3395 0.0131 -0.3395 -0.3580 -0.2858 -0.1512 0.2489 0.0227 -0.3768 -0.3315 -0.2480 0.0409 0.1630 -0.2224 -0.3667 -0.3028 -0.1913 0.2750 0.0861 -0.3609 -0.3493 -0.2749 -0.1231 0.2279 -0.0081 -0.3761 -0.3280 -0.2427 0.0640 0.1608 -0.2211 -0.3672 -0.3044 -0.1959 0.2720 0.0951 -0.3528 -0.3524 -0.2794 -0.1380 0.2407 0.0156 -0.3768 -0.3325 -0.2524 0.0005 0.1756 -0.1721 -0.3696 -0.3095 -0.2059 0.2530
-0.1990 -0.3117 -0.3705 -0.1499 0.1812 -0.0219 -0.2557 -0.3345 -0.3768 0.0250 0.2465 -0.1445 -0.2817 -0.3539 -0.3469 0.1009 0.2675 -0.2003 -0.3066 -0.3683 -0.2009 0.1673 0.0352 -0.2468 -0.3299 -0.3765 0.0028 0.2335 -0.1299 -0.2769 -0.3507 -0.3576 0.0902 0.2739 -0.1938 -0.3039 -0.3672 -0.2154 0.1648 0.0357 -0.2484 -0.3315 -0.3768 0.0211 0.2474 -0.1493 -0.2851 -0.3572 -0.3288 0.1061 0.2331 0.1061 -0.3288 -0.3572 -0.2851 -0.1493 0.2474 0.0211 -0.3768 -0.3315 -0.2484 0.0357 0.1648 -0.2154 -0.3672 -0.3039 -0.1938 0.2739 0.0902 -0.3576 -0.3507 -0.2769 -0.1299 0.2335 0.0028 -0.3765 -0.3299 -0.2468 0.0352 0.1673 -0.2009 -0.3683 -0.3066 -0.2003 0.2675 0.1009 -0.3469 -0.3539 -0.2817 -0.1445 0.2465 0.0250 -0.3768 -0.3345 -0.2557 -0.0219 0.1812 -0.1499 -0.3705 -0.3117 -0.1990
-0.2973 -0.3714 -0.1278 0.1869 -0.0413 -0.2581 -0.3364 -0.3764 0.0337 0.2521 -0.1506 -0.2840 -0.3555 -0.3402 0.1067 0.2607 -0.2046 -0.3088 -0.3693 -0.1796 0.1735 0.0087 -0.2510 -0.3318 -0.3768 0.0128 0.2392 -0.1365 -0.2790 -0.3521 -0.3533 0.0950 0.2717 -0.1968 -0.3052 -0.3678 -0.2051 0.1676 0.0259 -0.2495 -0.3319 -0.3768 0.0211 0.2469 -0.1483 -0.2845 -0.3567 -0.3289 0.1160 0.2590 -0.1389 0.2590 0.1160 -0.3289 -0.3567 -0.2845 -0.1483 0.2469 0.0211 -0.3768 -0.3319 -0.2495 0.0259 0.1676 -0.2051 -0.3678 -0.3052 -0.1968 0.2717 0.0950 -0.3533 -0.3521 -0.2790 -0.1365 0.2392 0.0128 -0.3768 -0.3318 -0.2510 0.0087 0.1735 -0.1796 -0.3693 -0.3088 -0.2046 0.2607 0.1067 -0.3402 -0.3555 -0.2840 -0.1506 0.2521 0.0337 -0.3764 -0.3364 -0.2581 -0.0413 0.1869 -0.1278 -0.3714 -0.2973
-0.3593 -0.1062 0.1926 -0.0579 -0.2605 -0.3382 -0.3757 0.0418 0.2573 -0.1563 -0.2863 -0.3570 -0.3324 0.1124 0.2514 -0.2088 -0.3110 -0.3702 -0.1576 0.1793 -0.0147 -0.2546 -0.3338 -0.3768 0.0221 0.2448 -0.1428 -0.2812 -0.3536 -0.3481 0.1001 0.2679 -0.2003 -0.3069 -0.3685 -0.1920 0.1714 0.0127 -0.2514 -0.3326 -0.3768 0.0227 0.2474 -0.1483 -0.2843 -0.3565 -0.3303 0.1168 0.2387 -0.2082 -0.2797 -0.2082 0.2387 0.1168 -0.3303 -0.3565 -0.2843 -0.1483 0.2474 0.0227 -0.3768 -0.3326 -0.2514 0.0127 0.1714 -0.1920 -0.3685 -0.3069 -0.2003 0.2679 0.1001 -0.3481 -0.3536 -0.2812 -0.1428 0.2448 0.0221 -0.3768 -0.3338 -0.2546 -0.0147 0.1793 -0.1576 -0.3702 -0.3110 -0.2088 0.2514 0.1124 -0.3324 -0.3570 -0.2863 -0.1563 0.2573 0.0418 -0.3757 -0.3382 -0.2605 -0.0579 0.1926 -0.1062 -0.3593
-0.1000 0.1986 -0.0723 -0.2628 -0.3401 -0.3747 0.0493 0.2621 -0.1618 -0.2886 -0.3584 -0.3236 0.1181 0.2393 -0.2130 -0.3131 -0.3711 -0.1353 0.1849 -0.0349 -0.2573 -0.3357 -0.3766 0.0308 0.2502 -0.1487 -0.2834 -0.3550 -0.3420 0.1054 0.2621 -0.2040 -0.3087 -0.3693 -0.1763 0.1754 -0.0025 -0.2536 -0.3336 -0.3768 0.0258 0.2489 -0.1493 -0.2845 -0.3565 -0.3309 0.1164 0.2364 -0.2150 -0.3127 -0.3610 -0.3127 -0.2150 0.2364 0.1164 -0.3309 -0.3565 -0.2845 -0.1493 0.2489 0.0258 -0.3768 -0.3336 -0.2536 -0.0025 0.1754 -0.1763 -0.3693 -0.3087 -0.2040 0.2621 0.1054 -0.3420 -0.3550 -0.2834 -0.1487 0.2502 0.0308 -0.3766 -0.3357 -0.2573 -0.0349 0.1849 -0.1353 -0.3711 -0.3131 -0.2130 0.2393 0.1181 -0.3236 -0.3584 -0.2886 -0.1618 0.2621 0.0493 -0.3747 -0.3401 -0.2628 -0.0723 0.1986 -0.1000
0.2015 -0.0847 -0.2652 -0.3419 -0.3733 0.0563 0.2663 -0.1670 -0.2908 -0.3598 -0.3138 0.1237 0.2242 -0.2171 -0.3152 -0.3719 -0.1138 0.1905 -0.0520 -0.2596 -0.3376 -0.3760 0.0388 0.2554 -0.1543 -0.2855 -0.3565 -0.3350 0.1107 0.2542 -0.2078 -0.3106 -0.3701 -0.1588 0.1796 -0.0181 -0.2556 -0.3347 -0.3767 0.0299 0.2510 -0.1512 -0.2851 -0.3567 -0.3303 0.1164 0.2366 -0.2158 -0.3152 -0.3767 -0.3520 -0.3767 -0.3152 -0.2158 0.2366 0.1164 -0.3303 -0.3567 -0.2851 -0.1512 0.2510 0.0299 -0.3767 -0.3347 -0.2556 -0.0181 0.1796 -0.1588 -0.3701 -0.3106 -0.2078 0.2542 0.1107 -0.3350 -0.3565 -0.2855 -0.1543 0.2554 0.0388 -0.3760 -0.3376 -0.2596 -0.0520 0.1905 -0.1138 -0.3719 -0.3152 -0.2171 0.2242 0.1237 -0.3138 -0.3598 -0.2908 -0.1670 0.2663 0.0563 -0.3733 -0.3419 -0.2652 -0.0847 0.2015
-0.0916 -0.2673 -0.3437 -0.3715 0.0626 0.2697 -0.1716 -0.2929 -0.3612 -0.3034 0.1289 0.2075 -0.2209 -0.3172 -0.3727 -0.0949 0.1958 -0.0659 -0.2618 -0.3394 -0.3752 0.0459 0.2600 -0.1594 -0.2876 -0.3579 -0.3275 0.1156 0.2445 -0.2115 -0.3124 -0.3710 -0.1412 0.1838 -0.0326 -0.2572 -0.3360 -0.3764 0.0342 0.2535 -0.1535 -0.2858 -0.3572 -0.3289 0.1168 0.2364 -0.2158 -0.3155 -0.3729 -0.1365 0.1006 -0.1365 -0.3729 -0.3155 -0.2158 0.2364 0.1168 -0.3289 -0.3572 -0.2858 -0.1535 0.2535 0.0342 -0.3764 -0.3360 -0.2572 -0.0326 0.1838 -0.1412 -0.3710 -0.3124 -0.2115 0.2445 0.1156 -0.3275 -0.3579 -0.2876 -0.1594 0.2600 0.0459 -0.3752 -0.3394 -0.2618 -0.0659 0.1958 -0.0949 -0.3727 -0.3172 -0.2209 0.2075 0.1289 -0.3034 -0.3612 -0.2929 -0.1716 0.2697 0.0626 -0.3715 -0.3437 -0.2673 -0.0916
-0.2510 -0.3453 -0.3702 0.0663 0.2716 -0.1746 -0.2943 -0.3627 -0.2960 0.1318 0.1955 -0.2235 -0.3187 -0.3737 -0.0831 0.1991 -0.0739 -0.2632 -0.3410 -0.3744 0.0502 0.2628 -0.1626 -0.2890 -0.3595 -0.3220 0.1185 0.2373 -0.2140 -0.3138 -0.3720 -0.1298 0.1865 -0.0409 -0.2582 -0.3372 -0.3762 0.0365 0.2548 -0.1546 -0.2862 -0.3580 -0.3288 0.1160 0.2387 -0.2150 -0.3152 -0.3729 -0.1060 0.1790 0.2659 0.1790 -0.1060 -0.3729 -0.3152 -0.2150 0.2387 0.1160 -0.3288 -0.3580 -0.2862 -0.1546 0.2548 0.0365 -0.3762 -0.3372 -0.2582 -0.0409 0.1865 -0.1298 -0.3720 -0.3138 -0.2140 0.2373 0.1185 -0.3220 -0.3595 -0.2890 -0.1626 0.2628 0.0502 -0.3744 -0.3410 -0.2632 -0.0739 0.1991 -0.0831 -0.3737 -0.3187 -0.2235 0.1955 0.1318 -0.2960 -0.3627 -0.2943 -0.1746 0.2716 0.0663 -0.3702 -0.3453 -0.2510
-0.3302 -0.3732 0.0590 0.2680 -0.1692 -0.2925 -0.3659 -0.3070 0.1241 0.2198 -0.2196 -0.3180 -0.3783 -0.1021 0.1880 -0.0569 -0.2604 -0.3418 -0.3773 0.0424 0.2574 -0.1566 -0.2870 -0.3622 -0.3302 0.1113 0.2526 -0.2098 -0.3128 -0.3765 -0.1516 0.1751 -0.0158 -0.2551 -0.3374 -0.3795 0.0262 0.2460 -0.1463 -0.2833 -0.3599 -0.3395 0.1061 0.2590 -0.2082 -0.3127 -0.3767 -0.1365 0.1790 0.0052 -0.2039 0.0052 0.1790 -0.1365 -0.3767 -0.3127 -0.2082 0.2590 0.1061 -0.3395 -0.3599 -0.2833 -0.1463 0.2460 0.0262 -0.3795 -0.3374 -0.2551 -0.0158 0.1751 -0.1516 -0.3765 -0.3128 -0.2098 0.2526 0.1113 -0.3302 -0.3622 -0.2870 -0.1566 0.2574 0.0424 -0.3773 -0.3418 -0.2604 -0.0569 0.1880 -0.1021 -0.3783 -0.3180 -0.2196 0.2198 0.1241 -0.3070 -0.3659 -0.2925 -0.1692 0.2680 0.0590 -0.3732 -0.3302
-0.3716 -0.0965 0.1867 -0.0528 -0.2593 -0.3434 -0.3859 0.0436 0.2521 -0.1598 -0.2865 -0.3658 -0.3349 0.1101 0.2537 -0.2156 -0.3130 -0.3825 -0.1492 0.1733 -0.0068 -0.2535 -0.3384 -0.3880 0.0249 0.2392 -0.1445 -0.2809 -0.3615 -0.3533 0.0978 0.2684 -0.2076 -0.3078 -0.3798 -0.1957 0.1611 0.0435 -0.2476 -0.3346 -0.3884 0.0131 0.2331 -0.1389 -0.2797 -0.3610 -0.3520 0.1006 0.2659 -0.2039 -0.2708 -0.2039 0.2659 0.1006 -0.3520 -0.3610 -0.2797 -0.1389 0.2331 0.0131 -0.3884 -0.3346 -0.2476 0.0435 0.1611 -0.1957 -0.3798 -0.3078 -0.2076 0.2684 0.0978 -0.3533 -0.3615 -0.2809 -0.1445 0.2392 0.0249 -0.3880 -0.3384 -0.2535 -0.0068 0.1733 -0.1492 -0.3825 -0.3130 -0.2156 0.2537 0.1101 -0.3349 -0.3658 -0.2865 -0.1598 0.2521 0.0436 -0.3859 -0.3434 -0.2593 -0.0528 0.1867 -0.0965 -0.3716
