0.0711 0.9887 1.0000 0.0001 0.0015 0.0196 0.2548 1.0000 1.0000 0.0004 0.0050 0.0653 0.8491 1.0000 0.0001 0.0013 0.0167 0.2172 1.0000 1.0000 0.0003 0.0043 0.0555 0.7224 1.0000 0.0001 0.0011 0.0142 0.1847 1.0000 1.0000 0.0003 0.0036 0.0472 0.6146 1.0000 0.0001 0.0009 0.0121 0.1572 1.0000 1.0000 0.0002 0.0031 0.0402 0.5218 1.0000 0.0001 0.0008 0.0085 0.0420 0.0085 0.0008 0.0001 1.0000 0.5218 0.0402 0.0031 0.0002 1.0000 1.0000 0.1572 0.0121 0.0009 0.0001 1.0000 0.6146 0.0472 0.0036 0.0003 1.0000 1.0000 0.1847 0.0142 0.0011 0.0001 1.0000 0.7224 0.0555 0.0043 0.0003 1.0000 1.0000 0.2172 0.0167 0.0013 0.0001 1.0000 0.8491 0.0653 0.0050 0.0004 1.0000 1.0000 0.2548 0.0196 0.0015 0.0001 1.0000 0.9887 0.0711
0.9887 1.0000 0.0001 0.0015 0.0194 0.2519 1.0000 1.0000 0.0004 0.0049 0.0643 0.8363 1.0000 0.0001 0.0013 0.0164 0.2139 1.0000 1.0000 0.0003 0.0042 0.0547 0.7115 1.0000 0.0001 0.0011 0.0140 0.1820 1.0000 1.0000 0.0003 0.0036 0.0465 0.6053 1.0000 0.0001 0.0009 0.0119 0.1548 1.0000 1.0000 0.0002 0.0030 0.0396 0.5149 1.0000 0.0001 0.0008 0.0097 0.1097 0.5308 0.1097 0.0097 0.0008 0.0001 1.0000 0.5149 0.0396 0.0030 0.0002 1.0000 1.0000 0.1548 0.0119 0.0009 0.0001 1.0000 0.6053 0.0465 0.0036 0.0003 1.0000 1.0000 0.1820 0.0140 0.0011 0.0001 1.0000 0.7115 0.0547 0.0042 0.0003 1.0000 1.0000 0.2139 0.0164 0.0013 0.0001 1.0000 0.8363 0.0643 0.0049 0.0004 1.0000 1.0000 0.2519 0.0194 0.0015 0.0001 1.0000 0.9887
1.0000 0.0001 0.0015 0.0186 0.2388 1.0000 1.0000 0.0004 0.0046 0.0599 0.7795 1.0000 0.0001 0.0012 0.0153 0.1993 1.0000 1.0000 0.0003 0.0039 0.0510 0.6631 1.0000 0.0001 0.0010 0.0130 0.1696 1.0000 1.0000 0.0003 0.0033 0.0434 0.5641 1.0000 0.0001 0.0009 0.0111 0.1443 1.0000 1.0000 0.0002 0.0028 0.0369 0.4799 1.0000 0.0001 0.0007 0.0093 0.1177 1.0000 1.0000 1.0000 0.1177 0.0093 0.0007 0.0001 1.0000 0.4799 0.0369 0.0028 0.0002 1.0000 1.0000 0.1443 0.0111 0.0009 0.0001 1.0000 0.5641 0.0434 0.0033 0.0003 1.0000 1.0000 0.1696 0.0130 0.0010 0.0001 1.0000 0.6631 0.0510 0.0039 0.0003 1.0000 1.0000 0.1993 0.0153 0.0012 0.0001 1.0000 0.7795 0.0599 0.0046 0.0004 1.0000 1.0000 0.2388 0.0186 0.0015 0.0001 1.0000
0.0001 0.0015 0.0186 0.2343 1.0000 1.0000 0.0003 0.0043 0.0563 0.7293 1.0000 0.0001 0.0011 0.0143 0.1858 1.0000 1.0000 0.0003 0.0037 0.0475 0.6181 1.0000 0.0001 0.0009 0.0122 0.1581 1.0000 1.0000 0.0002 0.0031 0.0404 0.5258 1.0000 0.0001 0.0008 0.0103 0.1345 1.0000 1.0000 0.0002 0.0026 0.0344 0.4473 1.0000 0.0001 0.0007 0.0088 0.1131 1.0000 1.0000 1.0000 1.0000 1.0000 0.1131 0.0088 0.0007 0.0001 1.0000 0.4473 0.0344 0.0026 0.0002 1.0000 1.0000 0.1345 0.0103 0.0008 0.0001 1.0000 0.5258 0.0404 0.0031 0.0002 1.0000 1.0000 0.1581 0.0122 0.0009 0.0001 1.0000 0.6181 0.0475 0.0037 0.0003 1.0000 1.0000 0.1858 0.0143 0.0011 0.0001 1.0000 0.7293 0.0563 0.0043 0.0003 1.0000 1.0000 0.2343 0.0186 0.0015 0.0001
0.0015 0.0194 0.2388 1.0000 1.0000 0.0003 0.0042 0.0534 0.6875 1.0000 0.0001 0.0010 0.0133 0.1732 1.0000 1.0000 0.0003 0.0034 0.0443 0.5761 1.0000 0.0001 0.0009 0.0113 0.1473 1.0000 1.0000 0.0002 0.0029 0.0377 0.4901 1.0000 0.0001 0.0007 0.0096 0.1253 1.0000 1.0000 0.0002 0.0025 0.0321 0.4169 1.0000 1.0000 0.0006 0.0082 0.1060 1.0000 1.0000 0.0001 0.0006 0.0001 1.0000 1.0000 0.1060 0.0082 0.0006 1.0000 1.0000 0.4169 0.0321 0.0025 0.0002 1.0000 1.0000 0.1253 0.0096 0.0007 0.0001 1.0000 0.4901 0.0377 0.0029 0.0002 1.0000 1.0000 0.1473 0.0113 0.0009 0.0001 1.0000 0.5761 0.0443 0.0034 0.0003 1.0000 1.0000 0.1732 0.0133 0.0010 0.0001 1.0000 0.6875 0.0534 0.0042 0.0003 1.0000 1.0000 0.2388 0.0194 0.0015
0.0196 0.2519 1.0000 1.0000 0.0003 0.0041 0.0519 0.6619 1.0000 0.0001 0.0010 0.0125 0.1620 1.0000 1.0000 0.0002 0.0032 0.0413 0.5369 1.0000 0.0001 0.0008 0.0106 0.1373 1.0000 1.0000 0.0002 0.0027 0.0351 0.4568 1.0000 0.0001 0.0007 0.0090 0.1168 1.0000 1.0000 0.0002 0.0023 0.0299 0.3886 1.0000 1.0000 0.0006 0.0076 0.0990 1.0000 1.0000 0.0001 0.0016 0.0078 0.0016 0.0001 1.0000 1.0000 0.0990 0.0076 0.0006 1.0000 1.0000 0.3886 0.0299 0.0023 0.0002 1.0000 1.0000 0.1168 0.0090 0.0007 0.0001 1.0000 0.4568 0.0351 0.0027 0.0002 1.0000 1.0000 0.1373 0.0106 0.0008 0.0001 1.0000 0.5369 0.0413 0.0032 0.0002 1.0000 1.0000 0.1620 0.0125 0.0010 0.0001 1.0000 0.6619 0.0519 0.0041 0.0003 1.0000 1.0000 0.2519 0.0196
0.2548 1.0000 1.0000 0.0003 0.0042 0.0519 0.6519 1.0000 0.0001 0.0009 0.0119 0.1530 1.0000 1.0000 0.0002 0.0030 0.0385 0.5004 1.0000 0.0001 0.0008 0.0098 0.1280 1.0000 1.0000 0.0002 0.0025 0.0327 0.4257 1.0000 1.0000 0.0006 0.0084 0.1089 1.0000 1.0000 0.0002 0.0021 0.0278 0.3622 1.0000 1.0000 0.0005 0.0071 0.0925 1.0000 1.0000 0.0001 0.0017 0.0197 0.0948 0.0197 0.0017 0.0001 1.0000 1.0000 0.0925 0.0071 0.0005 1.0000 1.0000 0.3622 0.0278 0.0021 0.0002 1.0000 1.0000 0.1089 0.0084 0.0006 1.0000 1.0000 0.4257 0.0327 0.0025 0.0002 1.0000 1.0000 0.1280 0.0098 0.0008 0.0001 1.0000 0.5004 0.0385 0.0030 0.0002 1.0000 1.0000 0.1530 0.0119 0.0009 0.0001 1.0000 0.6519 0.0519 0.0042 0.0003 1.0000 1.0000 0.2548
1.0000 1.0000 0.0004 0.0043 0.0534 0.6619 1.0000 0.0001 0.0009 0.0115 0.1465 1.0000 1.0000 0.0002 0.0028 0.0360 0.4673 1.0000 0.0001 0.0007 0.0092 0.1193 1.0000 1.0000 0.0002 0.0023 0.0305 0.3968 1.0000 1.0000 0.0006 0.0078 0.1015 1.0000 1.0000 0.0002 0.0020 0.0260 0.3376 1.0000 1.0000 0.0005 0.0066 0.0862 1.0000 1.0000 0.0001 0.0017 0.0211 0.2393 1.0000 0.2393 0.0211 0.0017 0.0001 1.0000 1.0000 0.0862 0.0066 0.0005 1.0000 1.0000 0.3376 0.0260 0.0020 0.0002 1.0000 1.0000 0.1015 0.0078 0.0006 1.0000 1.0000 0.3968 0.0305 0.0023 0.0002 1.0000 1.0000 0.1193 0.0092 0.0007 0.0001 1.0000 0.4673 0.0360 0.0028 0.0002 1.0000 1.0000 0.1465 0.0115 0.0009 0.0001 1.0000 0.6619 0.0534 0.0043 0.0004 1.0000 1.0000
1.0000 0.0004 0.0046 0.0563 0.6875 1.0000 0.0001 0.0009 0.0113 0.1432 1.0000 1.0000 0.0002 0.0026 0.0340 0.4389 1.0000 1.0000 0.0007 0.0085 0.1112 1.0000 1.0000 0.0002 0.0022 0.0284 0.3699 1.0000 1.0000 0.0006 0.0073 0.0946 1.0000 1.0000 0.0001 0.0019 0.0242 0.3146 1.0000 1.0000 0.0005 0.0062 0.0803 1.0000 1.0000 0.0001 0.0016 0.0203 0.2562 1.0000 1.0000 1.0000 0.2562 0.0203 0.0016 0.0001 1.0000 1.0000 0.0803 0.0062 0.0005 1.0000 1.0000 0.3146 0.0242 0.0019 0.0001 1.0000 1.0000 0.0946 0.0073 0.0006 1.0000 1.0000 0.3699 0.0284 0.0022 0.0002 1.0000 1.0000 0.1112 0.0085 0.0007 1.0000 1.0000 0.4389 0.0340 0.0026 0.0002 1.0000 1.0000 0.1432 0.0113 0.0009 0.0001 1.0000 0.6875 0.0563 0.0046 0.0004 1.0000
0.0004 0.0049 0.0599 0.7293 1.0000 0.0001 0.0009 0.0115 0.1432 1.0000 1.0000 0.0002 0.0025 0.0324 0.4169 1.0000 1.0000 0.0006 0.0080 0.1038 1.0000 1.0000 0.0002 0.0020 0.0265 0.3447 1.0000 1.0000 0.0005 0.0068 0.0882 1.0000 1.0000 0.0001 0.0017 0.0225 0.2933 1.0000 1.0000 0.0004 0.0058 0.0750 0.9737 1.0000 0.0001 0.0015 0.0190 0.2457 1.0000 1.0000 0.0001 1.0000 1.0000 0.2457 0.0190 0.0015 0.0001 1.0000 0.9737 0.0750 0.0058 0.0004 1.0000 1.0000 0.2933 0.0225 0.0017 0.0001 1.0000 1.0000 0.0882 0.0068 0.0005 1.0000 1.0000 0.3447 0.0265 0.0020 0.0002 1.0000 1.0000 0.1038 0.0080 0.0006 1.0000 1.0000 0.4169 0.0324 0.0025 0.0002 1.0000 1.0000 0.1432 0.0115 0.0009 0.0001 1.0000 0.7293 0.0599 0.0049 0.0004
0.0050 0.0643 0.7795 1.0000 0.0001 0.0010 0.0119 0.1465 1.0000 1.0000 0.0002 0.0025 0.0314 0.4014 1.0000 1.0000 0.0006 0.0075 0.0975 1.0000 1.0000 0.0001 0.0019 0.0247 0.3213 1.0000 1.0000 0.0005 0.0063 0.0822 1.0000 1.0000 0.0001 0.0016 0.0210 0.2733 1.0000 1.0000 0.0004 0.0054 0.0699 0.9076 1.0000 0.0001 0.0014 0.0178 0.2308 1.0000 1.0000 0.0003 0.0014 0.0003 1.0000 1.0000 0.2308 0.0178 0.0014 0.0001 1.0000 0.9076 0.0699 0.0054 0.0004 1.0000 1.0000 0.2733 0.0210 0.0016 0.0001 1.0000 1.0000 0.0822 0.0063 0.0005 1.0000 1.0000 0.3213 0.0247 0.0019 0.0001 1.0000 1.0000 0.0975 0.0075 0.0006 1.0000 1.0000 0.4014 0.0314 0.0025 0.0002 1.0000 1.0000 0.1465 0.0119 0.0010 0.0001 1.0000 0.7795 0.0643 0.0050
0.0653 0.8363 1.0000 0.0001 0.0010 0.0125 0.1530 1.0000 1.0000 0.0002 0.0025 0.0312 0.3931 1.0000 1.0000 0.0006 0.0072 0.0923 1.0000 1.0000 0.0001 0.0018 0.0231 0.2995 1.0000 1.0000 0.0005 0.0059 0.0766 0.9962 1.0000 0.0001 0.0015 0.0196 0.2548 1.0000 1.0000 0.0004 0.0050 0.0652 0.8459 1.0000 0.0001 0.0013 0.0166 0.2155 1.0000 1.0000 0.0003 0.0035 0.0170 0.0035 0.0003 1.0000 1.0000 0.2155 0.0166 0.0013 0.0001 1.0000 0.8459 0.0652 0.0050 0.0004 1.0000 1.0000 0.2548 0.0196 0.0015 0.0001 1.0000 0.9962 0.0766 0.0059 0.0005 1.0000 1.0000 0.2995 0.0231 0.0018 0.0001 1.0000 1.0000 0.0923 0.0072 0.0006 1.0000 1.0000 0.3931 0.0312 0.0025 0.0002 1.0000 1.0000 0.1530 0.0125 0.0010 0.0001 1.0000 0.8363 0.0653
0.8491 1.0000 0.0001 0.0011 0.0133 0.1620 1.0000 1.0000 0.0002 0.0025 0.0314 0.3931 1.0000 1.0000 0.0005 0.0069 0.0885 1.0000 1.0000 0.0001 0.0017 0.0216 0.2802 1.0000 1.0000 0.0004 0.0055 0.0714 0.9285 1.0000 0.0001 0.0014 0.0183 0.2375 1.0000 1.0000 0.0004 0.0047 0.0607 0.7899 1.0000 0.0001 0.0012 0.0155 0.2009 1.0000 1.0000 0.0003 0.0038 0.0430 0.2063 0.0430 0.0038 0.0003 1.0000 1.0000 0.2009 0.0155 0.0012 0.0001 1.0000 0.7899 0.0607 0.0047 0.0004 1.0000 1.0000 0.2375 0.0183 0.0014 0.0001 1.0000 0.9285 0.0714 0.0055 0.0004 1.0000 1.0000 0.2802 0.0216 0.0017 0.0001 1.0000 1.0000 0.0885 0.0069 0.0005 1.0000 1.0000 0.3931 0.0314 0.0025 0.0002 1.0000 1.0000 0.1620 0.0133 0.0011 0.0001 1.0000 0.8491
1.0000 0.0001 0.0012 0.0143 0.1732 1.0000 1.0000 0.0002 0.0026 0.0324 0.4014 1.0000 1.0000 0.0005 0.0068 0.0862 1.0000 1.0000 0.0001 0.0016 0.0204 0.2636 1.0000 1.0000 0.0004 0.0051 0.0665 0.8654 1.0000 0.0001 0.0013 0.0170 0.2213 1.0000 1.0000 0.0003 0.0044 0.0566 0.7362 1.0000 0.0001 0.0011 0.0144 0.1876 1.0000 1.0000 0.0003 0.0036 0.0460 0.5198 1.0000 0.5198 0.0460 0.0036 0.0003 1.0000 1.0000 0.1876 0.0144 0.0011 0.0001 1.0000 0.7362 0.0566 0.0044 0.0003 1.0000 1.0000 0.2213 0.0170 0.0013 0.0001 1.0000 0.8654 0.0665 0.0051 0.0004 1.0000 1.0000 0.2636 0.0204 0.0016 0.0001 1.0000 1.0000 0.0862 0.0068 0.0005 1.0000 1.0000 0.4014 0.0324 0.0026 0.0002 1.0000 1.0000 0.1732 0.0143 0.0012 0.0001 1.0000
0.0001 0.0013 0.0153 0.1858 1.0000 1.0000 0.0002 0.0028 0.0340 0.4169 1.0000 1.0000 0.0005 0.0068 0.0854 1.0000 1.0000 0.0001 0.0015 0.0195 0.2504 1.0000 1.0000 0.0004 0.0048 0.0622 0.8082 1.0000 0.0001 0.0012 0.0159 0.2063 1.0000 1.0000 0.0003 0.0041 0.0528 0.6862 1.0000 0.0001 0.0010 0.0134 0.1748 1.0000 1.0000 0.0003 0.0034 0.0441 0.5567 1.0000 1.0000 1.0000 0.5567 0.0441 0.0034 0.0003 1.0000 1.0000 0.1748 0.0134 0.0010 0.0001 1.0000 0.6862 0.0528 0.0041 0.0003 1.0000 1.0000 0.2063 0.0159 0.0012 0.0001 1.0000 0.8082 0.0622 0.0048 0.0004 1.0000 1.0000 0.2504 0.0195 0.0015 0.0001 1.0000 1.0000 0.0854 0.0068 0.0005 1.0000 1.0000 0.4169 0.0340 0.0028 0.0002 1.0000 1.0000 0.1858 0.0153 0.0013 0.0001
0.0013 0.0164 0.1993 1.0000 1.0000 0.0002 0.0030 0.0360 0.4389 1.0000 1.0000 0.0006 0.0069 0.0862 1.0000 1.0000 0.0001 0.0015 0.0189 0.2406 1.0000 1.0000 0.0004 0.0045 0.0585 0.7576 1.0000 0.0001 0.0011 0.0148 0.1923 1.0000 1.0000 0.0003 0.0038 0.0492 0.6396 1.0000 0.0001 0.0010 0.0126 0.1629 1.0000 1.0000 0.0002 0.0032 0.0414 0.5349 1.0000 0.0001 0.0003 0.0001 1.0000 0.5349 0.0414 0.0032 0.0002 1.0000 1.0000 0.1629 0.0126 0.0010 0.0001 1.0000 0.6396 0.0492 0.0038 0.0003 1.0000 1.0000 0.1923 0.0148 0.0011 0.0001 1.0000 0.7576 0.0585 0.0045 0.0004 1.0000 1.0000 0.2406 0.0189 0.0015 0.0001 1.0000 1.0000 0.0862 0.0069 0.0006 1.0000 1.0000 0.4389 0.0360 0.0030 0.0002 1.0000 1.0000 0.1993 0.0164 0.0013
0.0167 0.2139 1.0000 1.0000 0.0003 0.0032 0.0385 0.4673 1.0000 1.0000 0.0006 0.0072 0.0885 1.0000 1.0000 0.0001 0.0015 0.0185 0.2348 1.0000 1.0000 0.0003 0.0043 0.0554 0.7142 1.0000 0.0001 0.0011 0.0138 0.1795 1.0000 1.0000 0.0003 0.0035 0.0458 0.5961 1.0000 0.0001 0.0009 0.0117 0.1519 1.0000 1.0000 0.0002 0.0030 0.0387 0.5024 1.0000 0.0001 0.0006 0.0031 0.0006 0.0001 1.0000 0.5024 0.0387 0.0030 0.0002 1.0000 1.0000 0.1519 0.0117 0.0009 0.0001 1.0000 0.5961 0.0458 0.0035 0.0003 1.0000 1.0000 0.1795 0.0138 0.0011 0.0001 1.0000 0.7142 0.0554 0.0043 0.0003 1.0000 1.0000 0.2348 0.0185 0.0015 0.0001 1.0000 1.0000 0.0885 0.0072 0.0006 1.0000 1.0000 0.4673 0.0385 0.0032 0.0003 1.0000 1.0000 0.2139 0.0167
0.2172 1.0000 1.0000 0.0003 0.0034 0.0413 0.5004 1.0000 1.0000 0.0006 0.0075 0.0923 1.0000 1.0000 0.0001 0.0015 0.0185 0.2330 1.0000 1.0000 0.0003 0.0041 0.0530 0.6797 1.0000 0.0001 0.0010 0.0129 0.1677 1.0000 1.0000 0.0003 0.0033 0.0428 0.5556 1.0000 0.0001 0.0008 0.0109 0.1416 1.0000 1.0000 0.0002 0.0028 0.0361 0.4682 1.0000 0.0001 0.0007 0.0077 0.0370 0.0077 0.0007 0.0001 1.0000 0.4682 0.0361 0.0028 0.0002 1.0000 1.0000 0.1416 0.0109 0.0008 0.0001 1.0000 0.5556 0.0428 0.0033 0.0003 1.0000 1.0000 0.1677 0.0129 0.0010 0.0001 1.0000 0.6797 0.0530 0.0041 0.0003 1.0000 1.0000 0.2330 0.0185 0.0015 0.0001 1.0000 1.0000 0.0923 0.0075 0.0006 1.0000 1.0000 0.5004 0.0413 0.0034 0.0003 1.0000 1.0000 0.2172
1.0000 1.0000 0.0003 0.0037 0.0443 0.5369 1.0000 0.0001 0.0007 0.0080 0.0975 1.0000 1.0000 0.0001 0.0015 0.0189 0.2348 1.0000 1.0000 0.0003 0.0040 0.0514 0.6544 1.0000 0.0001 0.0010 0.0122 0.1581 1.0000 1.0000 0.0002 0.0031 0.0399 0.5189 1.0000 0.0001 0.0008 0.0102 0.1322 1.0000 1.0000 0.0002 0.0026 0.0336 0.4372 1.0000 1.0000 0.0007 0.0082 0.0933 0.4482 0.0933 0.0082 0.0007 1.0000 1.0000 0.4372 0.0336 0.0026 0.0002 1.0000 1.0000 0.1322 0.0102 0.0008 0.0001 1.0000 0.5189 0.0399 0.0031 0.0002 1.0000 1.0000 0.1581 0.0122 0.0010 0.0001 1.0000 0.6544 0.0514 0.0040 0.0003 1.0000 1.0000 0.2348 0.0189 0.0015 0.0001 1.0000 1.0000 0.0975 0.0080 0.0007 0.0001 1.0000 0.5369 0.0443 0.0037 0.0003 1.0000 1.0000
1.0000 0.0003 0.0039 0.0475 0.5761 1.0000 0.0001 0.0007 0.0085 0.1038 1.0000 1.0000 0.0001 0.0016 0.0195 0.2406 1.0000 1.0000 0.0003 0.0040 0.0506 0.6396 1.0000 0.0001 0.0009 0.0117 0.1502 1.0000 1.0000 0.0002 0.0029 0.0372 0.4836 1.0000 0.0001 0.0007 0.0095 0.1232 1.0000 1.0000 0.0002 0.0024 0.0314 0.4075 1.0000 1.0000 0.0006 0.0079 0.0999 1.0000 1.0000 1.0000 0.0999 0.0079 0.0006 1.0000 1.0000 0.4075 0.0314 0.0024 0.0002 1.0000 1.0000 0.1232 0.0095 0.0007 0.0001 1.0000 0.4836 0.0372 0.0029 0.0002 1.0000 1.0000 0.1502 0.0117 0.0009 0.0001 1.0000 0.6396 0.0506 0.0040 0.0003 1.0000 1.0000 0.2406 0.0195 0.0016 0.0001 1.0000 1.0000 0.1038 0.0085 0.0007 0.0001 1.0000 0.5761 0.0475 0.0039 0.0003 1.0000
0.0003 0.0042 0.0510 0.6181 1.0000 0.0001 0.0008 0.0092 0.1112 1.0000 1.0000 0.0001 0.0017 0.0204 0.2504 1.0000 1.0000 0.0003 0.0040 0.0506 0.6347 1.0000 0.0001 0.0009 0.0112 0.1437 1.0000 1.0000 0.0002 0.0027 0.0350 0.4533 1.0000 0.0001 0.0007 0.0088 0.1148 1.0000 1.0000 0.0002 0.0022 0.0293 0.3798 1.0000 1.0000 0.0006 0.0074 0.0960 1.0000 1.0000 1.0000 1.0000 1.0000 0.0960 0.0074 0.0006 1.0000 1.0000 0.3798 0.0293 0.0022 0.0002 1.0000 1.0000 0.1148 0.0088 0.0007 0.0001 1.0000 0.4533 0.0350 0.0027 0.0002 1.0000 1.0000 0.1437 0.0112 0.0009 0.0001 1.0000 0.6347 0.0506 0.0040 0.0003 1.0000 1.0000 0.2504 0.0204 0.0017 0.0001 1.0000 1.0000 0.1112 0.0092 0.0008 0.0001 1.0000 0.6181 0.0510 0.0042 0.0003
0.0043 0.0547 0.6631 1.0000 0.0001 0.0008 0.0098 0.1193 1.0000 1.0000 0.0001 0.0018 0.0216 0.2636 1.0000 1.0000 0.0003 0.0041 0.0514 0.6396 1.0000 0.0001 0.0009 0.0110 0.1397 1.0000 1.0000 0.0002 0.0026 0.0332 0.4282 1.0000 1.0000 0.0006 0.0083 0.1072 1.0000 1.0000 0.0002 0.0021 0.0273 0.3547 1.0000 1.0000 0.0005 0.0069 0.0900 1.0000 1.0000 0.0001 0.0005 0.0001 1.0000 1.0000 0.0900 0.0069 0.0005 1.0000 1.0000 0.3547 0.0273 0.0021 0.0002 1.0000 1.0000 0.1072 0.0083 0.0006 1.0000 1.0000 0.4282 0.0332 0.0026 0.0002 1.0000 1.0000 0.1397 0.0110 0.0009 0.0001 1.0000 0.6396 0.0514 0.0041 0.0003 1.0000 1.0000 0.2636 0.0216 0.0018 0.0001 1.0000 1.0000 0.1193 0.0098 0.0008 0.0001 1.0000 0.6631 0.0547 0.0043
0.0555 0.7115 1.0000 0.0001 0.0009 0.0106 0.1280 1.0000 1.0000 0.0002 0.0019 0.0231 0.2802 1.0000 1.0000 0.0004 0.0043 0.0530 0.6544 1.0000 0.0001 0.0009 0.0109 0.1373 1.0000 1.0000 0.0002 0.0025 0.0316 0.4068 1.0000 1.0000 0.0006 0.0078 0.1005 1.0000 1.0000 0.0002 0.0020 0.0255 0.3306 1.0000 1.0000 0.0005 0.0065 0.0841 1.0000 1.0000 0.0001 0.0014 0.0066 0.0014 0.0001 1.0000 1.0000 0.0841 0.0065 0.0005 1.0000 1.0000 0.3306 0.0255 0.0020 0.0002 1.0000 1.0000 0.1005 0.0078 0.0006 1.0000 1.0000 0.4068 0.0316 0.0025 0.0002 1.0000 1.0000 0.1373 0.0109 0.0009 0.0001 1.0000 0.6544 0.0530 0.0043 0.0004 1.0000 1.0000 0.2802 0.0231 0.0019 0.0002 1.0000 1.0000 0.1280 0.0106 0.0009 0.0001 1.0000 0.7115 0.0555
0.7224 1.0000 0.0001 0.0009 0.0113 0.1373 1.0000 1.0000 0.0002 0.0020 0.0247 0.2995 1.0000 1.0000 0.0004 0.0045 0.0554 0.6797 1.0000 0.0001 0.0009 0.0110 0.1373 1.0000 1.0000 0.0002 0.0024 0.0306 0.3901 1.0000 1.0000 0.0006 0.0073 0.0946 1.0000 1.0000 0.0001 0.0018 0.0238 0.3087 1.0000 1.0000 0.0005 0.0060 0.0785 1.0000 1.0000 0.0001 0.0015 0.0168 0.0805 0.0168 0.0015 0.0001 1.0000 1.0000 0.0785 0.0060 0.0005 1.0000 1.0000 0.3087 0.0238 0.0018 0.0001 1.0000 1.0000 0.0946 0.0073 0.0006 1.0000 1.0000 0.3901 0.0306 0.0024 0.0002 1.0000 1.0000 0.1373 0.0110 0.0009 0.0001 1.0000 0.6797 0.0554 0.0045 0.0004 1.0000 1.0000 0.2995 0.0247 0.0020 0.0002 1.0000 1.0000 0.1373 0.0113 0.0009 0.0001 1.0000 0.7224
1.0000 0.0001 0.0010 0.0122 0.1473 1.0000 1.0000 0.0002 0.0022 0.0265 0.3213 1.0000 1.0000 0.0004 0.0048 0.0585 0.7142 1.0000 0.0001 0.0009 0.0112 0.1397 1.0000 1.0000 0.0002 0.0024 0.0299 0.3791 1.0000 1.0000 0.0005 0.0070 0.0897 1.0000 1.0000 0.0001 0.0017 0.0223 0.2888 1.0000 1.0000 0.0004 0.0056 0.0733 0.9518 1.0000 0.0001 0.0014 0.0179 0.2032 0.9756 0.2032 0.0179 0.0014 0.0001 1.0000 0.9518 0.0733 0.0056 0.0004 1.0000 1.0000 0.2888 0.0223 0.0017 0.0001 1.0000 1.0000 0.0897 0.0070 0.0005 1.0000 1.0000 0.3791 0.0299 0.0024 0.0002 1.0000 1.0000 0.1397 0.0112 0.0009 0.0001 1.0000 0.7142 0.0585 0.0048 0.0004 1.0000 1.0000 0.3213 0.0265 0.0022 0.0002 1.0000 1.0000 0.1473 0.0122 0.0010 0.0001 1.0000
0.0001 0.0011 0.0130 0.1581 1.0000 1.0000 0.0002 0.0023 0.0284 0.3447 1.0000 1.0000 0.0004 0.0051 0.0622 0.7576 1.0000 0.0001 0.0010 0.0117 0.1437 1.0000 1.0000 0.0002 0.0024 0.0296 0.3734 1.0000 1.0000 0.0005 0.0067 0.0857 1.0000 1.0000 0.0001 0.0016 0.0209 0.2713 1.0000 1.0000 0.0004 0.0053 0.0685 0.8888 1.0000 0.0001 0.0013 0.0172 0.2176 1.0000 1.0000 1.0000 0.2176 0.0172 0.0013 0.0001 1.0000 0.8888 0.0685 0.0053 0.0004 1.0000 1.0000 0.2713 0.0209 0.0016 0.0001 1.0000 1.0000 0.0857 0.0067 0.0005 1.0000 1.0000 0.3734 0.0296 0.0024 0.0002 1.0000 1.0000 0.1437 0.0117 0.0010 0.0001 1.0000 0.7576 0.0622 0.0051 0.0004 1.0000 1.0000 0.3447 0.0284 0.0023 0.0002 1.0000 1.0000 0.1581 0.0130 0.0011 0.0001
0.0011 0.0140 0.1696 1.0000 1.0000 0.0002 0.0025 0.0305 0.3699 1.0000 1.0000 0.0005 0.0055 0.0665 0.8082 1.0000 0.0001 0.0010 0.0122 0.1502 1.0000 1.0000 0.0002 0.0024 0.0299 0.3734 1.0000 1.0000 0.0005 0.0065 0.0828 1.0000 1.0000 0.0001 0.0015 0.0198 0.2557 1.0000 1.0000 0.0004 0.0049 0.0640 0.8315 1.0000 0.0001 0.0012 0.0162 0.2090 1.0000 1.0000 0.0001 1.0000 1.0000 0.2090 0.0162 0.0012 0.0001 1.0000 0.8315 0.0640 0.0049 0.0004 1.0000 1.0000 0.2557 0.0198 0.0015 0.0001 1.0000 1.0000 0.0828 0.0065 0.0005 1.0000 1.0000 0.3734 0.0299 0.0024 0.0002 1.0000 1.0000 0.1502 0.0122 0.0010 0.0001 1.0000 0.8082 0.0665 0.0055 0.0005 1.0000 1.0000 0.3699 0.0305 0.0025 0.0002 1.0000 1.0000 0.1696 0.0140 0.0011
0.0142 0.1820 1.0000 1.0000 0.0002 0.0027 0.0327 0.3968 1.0000 1.0000 0.0005 0.0059 0.0714 0.8654 1.0000 0.0001 0.0011 0.0129 0.1581 1.0000 1.0000 0.0002 0.0025 0.0306 0.3791 1.0000 1.0000 0.0005 0.0064 0.0811 1.0000 1.0000 0.0001 0.0015 0.0189 0.2429 1.0000 1.0000 0.0004 0.0046 0.0600 0.7795 1.0000 0.0001 0.0012 0.0152 0.1967 1.0000 1.0000 0.0002 0.0012 0.0002 1.0000 1.0000 0.1967 0.0152 0.0012 0.0001 1.0000 0.7795 0.0600 0.0046 0.0004 1.0000 1.0000 0.2429 0.0189 0.0015 0.0001 1.0000 1.0000 0.0811 0.0064 0.0005 1.0000 1.0000 0.3791 0.0306 0.0025 0.0002 1.0000 1.0000 0.1581 0.0129 0.0011 0.0001 1.0000 0.8654 0.0714 0.0059 0.0005 1.0000 1.0000 0.3968 0.0327 0.0027 0.0002 1.0000 1.0000 0.1820 0.0142
0.1847 1.0000 1.0000 0.0002 0.0029 0.0351 0.4257 1.0000 1.0000 0.0005 0.0063 0.0766 0.9285 1.0000 0.0001 0.0011 0.0138 0.1677 1.0000 1.0000 0.0002 0.0026 0.0316 0.3901 1.0000 1.0000 0.0005 0.0064 0.0805 1.0000 1.0000 0.0001 0.0014 0.0182 0.2325 1.0000 1.0000 0.0003 0.0044 0.0565 0.7307 1.0000 0.0001 0.0011 0.0142 0.1840 1.0000 1.0000 0.0003 0.0030 0.0145 0.0030 0.0003 1.0000 1.0000 0.1840 0.0142 0.0011 0.0001 1.0000 0.7307 0.0565 0.0044 0.0003 1.0000 1.0000 0.2325 0.0182 0.0014 0.0001 1.0000 1.0000 0.0805 0.0064 0.0005 1.0000 1.0000 0.3901 0.0316 0.0026 0.0002 1.0000 1.0000 0.1677 0.0138 0.0011 0.0001 1.0000 0.9285 0.0766 0.0063 0.0005 1.0000 1.0000 0.4257 0.0351 0.0029 0.0002 1.0000 1.0000 0.1847
1.0000 1.0000 0.0003 0.0031 0.0377 0.4568 1.0000 1.0000 0.0006 0.0068 0.0822 0.9962 1.0000 0.0001 0.0012 0.0148 0.1795 1.0000 1.0000 0.0002 0.0027 0.0332 0.4068 1.0000 1.0000 0.0005 0.0065 0.0811 1.0000 1.0000 0.0001 0.0014 0.0177 0.2247 1.0000 1.0000 0.0003 0.0042 0.0536 0.6901 1.0000 0.0001 0.0010 0.0133 0.1725 1.0000 1.0000 0.0003 0.0032 0.0365 0.1758 0.0365 0.0032 0.0003 1.0000 1.0000 0.1725 0.0133 0.0010 0.0001 1.0000 0.6901 0.0536 0.0042 0.0003 1.0000 1.0000 0.2247 0.0177 0.0014 0.0001 1.0000 1.0000 0.0811 0.0065 0.0005 1.0000 1.0000 0.4068 0.0332 0.0027 0.0002 1.0000 1.0000 0.1795 0.0148 0.0012 0.0001 1.0000 0.9962 0.0822 0.0068 0.0006 1.0000 1.0000 0.4568 0.0377 0.0031 0.0003 1.0000 1.0000
1.0000 0.0003 0.0033 0.0404 0.4901 1.0000 1.0000 0.0006 0.0073 0.0882 1.0000 1.0000 0.0001 0.0013 0.0159 0.1923 1.0000 1.0000 0.0002 0.0029 0.0350 0.4282 1.0000 1.0000 0.0005 0.0067 0.0828 1.0000 1.0000 0.0001 0.0014 0.0174 0.2201 1.0000 1.0000 0.0003 0.0040 0.0512 0.6569 1.0000 0.0001 0.0010 0.0125 0.1620 1.0000 1.0000 0.0002 0.0031 0.0392 0.4439 1.0000 0.4439 0.0392 0.0031 0.0002 1.0000 1.0000 0.1620 0.0125 0.0010 0.0001 1.0000 0.6569 0.0512 0.0040 0.0003 1.0000 1.0000 0.2201 0.0174 0.0014 0.0001 1.0000 1.0000 0.0828 0.0067 0.0005 1.0000 1.0000 0.4282 0.0350 0.0029 0.0002 1.0000 1.0000 0.1923 0.0159 0.0013 0.0001 1.0000 1.0000 0.0882 0.0073 0.0006 1.0000 1.0000 0.4901 0.0404 0.0033 0.0003 1.0000
0.0003 0.0036 0.0434 0.5258 1.0000 0.0001 0.0006 0.0078 0.0946 1.0000 1.0000 0.0001 0.0014 0.0170 0.2063 1.0000 1.0000 0.0003 0.0031 0.0372 0.4533 1.0000 1.0000 0.0006 0.0070 0.0857 1.0000 1.0000 0.0001 0.0014 0.0174 0.2184 1.0000 1.0000 0.0003 0.0039 0.0493 0.6299 1.0000 0.0001 0.0009 0.0118 0.1525 1.0000 1.0000 0.0002 0.0029 0.0378 0.4763 1.0000 1.0000 1.0000 0.4763 0.0378 0.0029 0.0002 1.0000 1.0000 0.1525 0.0118 0.0009 0.0001 1.0000 0.6299 0.0493 0.0039 0.0003 1.0000 1.0000 0.2184 0.0174 0.0014 0.0001 1.0000 1.0000 0.0857 0.0070 0.0006 1.0000 1.0000 0.4533 0.0372 0.0031 0.0003 1.0000 1.0000 0.2063 0.0170 0.0014 0.0001 1.0000 1.0000 0.0946 0.0078 0.0006 0.0001 1.0000 0.5258 0.0434 0.0036 0.0003
0.0036 0.0465 0.5641 1.0000 0.0001 0.0007 0.0084 0.1015 1.0000 1.0000 0.0001 0.0015 0.0183 0.2213 1.0000 1.0000 0.0003 0.0033 0.0399 0.4836 1.0000 1.0000 0.0006 0.0073 0.0897 1.0000 1.0000 0.0001 0.0014 0.0177 0.2201 1.0000 1.0000 0.0003 0.0038 0.0480 0.6099 1.0000 0.0001 0.0009 0.0112 0.1445 1.0000 1.0000 0.0002 0.0028 0.0357 0.4603 1.0000 1.0000 0.0002 1.0000 1.0000 0.4603 0.0357 0.0028 0.0002 1.0000 1.0000 0.1445 0.0112 0.0009 0.0001 1.0000 0.6099 0.0480 0.0038 0.0003 1.0000 1.0000 0.2201 0.0177 0.0014 0.0001 1.0000 1.0000 0.0897 0.0073 0.0006 1.0000 1.0000 0.4836 0.0399 0.0033 0.0003 1.0000 1.0000 0.2213 0.0183 0.0015 0.0001 1.0000 1.0000 0.1015 0.0084 0.0007 0.0001 1.0000 0.5641 0.0465 0.0036
0.0472 0.6053 1.0000 0.0001 0.0007 0.0090 0.1089 1.0000 1.0000 0.0001 0.0016 0.0196 0.2375 1.0000 1.0000 0.0003 0.0035 0.0428 0.5189 1.0000 0.0001 0.0006 0.0078 0.0946 1.0000 1.0000 0.0001 0.0015 0.0182 0.2247 1.0000 1.0000 0.0003 0.0038 0.0472 0.5973 1.0000 0.0001 0.0008 0.0108 0.1384 1.0000 1.0000 0.0002 0.0026 0.0337 0.4356 1.0000 1.0000 0.0005 0.0026 0.0005 1.0000 1.0000 0.4356 0.0337 0.0026 0.0002 1.0000 1.0000 0.1384 0.0108 0.0008 0.0001 1.0000 0.5973 0.0472 0.0038 0.0003 1.0000 1.0000 0.2247 0.0182 0.0015 0.0001 1.0000 1.0000 0.0946 0.0078 0.0006 0.0001 1.0000 0.5189 0.0428 0.0035 0.0003 1.0000 1.0000 0.2375 0.0196 0.0016 0.0001 1.0000 1.0000 0.1089 0.0090 0.0007 0.0001 1.0000 0.6053 0.0472
0.6146 1.0000 0.0001 0.0008 0.0096 0.1168 1.0000 1.0000 0.0001 0.0017 0.0210 0.2548 1.0000 1.0000 0.0003 0.0038 0.0458 0.5556 1.0000 0.0001 0.0007 0.0083 0.1005 1.0000 1.0000 0.0001 0.0015 0.0189 0.2325 1.0000 1.0000 0.0003 0.0038 0.0472 0.5927 1.0000 0.0001 0.0008 0.0105 0.1335 1.0000 1.0000 0.0002 0.0025 0.0319 0.4114 1.0000 1.0000 0.0006 0.0066 0.0319 0.0066 0.0006 1.0000 1.0000 0.4114 0.0319 0.0025 0.0002 1.0000 1.0000 0.1335 0.0105 0.0008 0.0001 1.0000 0.5927 0.0472 0.0038 0.0003 1.0000 1.0000 0.2325 0.0189 0.0015 0.0001 1.0000 1.0000 0.1005 0.0083 0.0007 0.0001 1.0000 0.5556 0.0458 0.0038 0.0003 1.0000 1.0000 0.2548 0.0210 0.0017 0.0001 1.0000 1.0000 0.1168 0.0096 0.0008 0.0001 1.0000 0.6146
1.0000 0.0001 0.0009 0.0103 0.1253 1.0000 1.0000 0.0002 0.0019 0.0225 0.2733 1.0000 1.0000 0.0003 0.0041 0.0492 0.5961 1.0000 0.0001 0.0007 0.0088 0.1072 1.0000 1.0000 0.0001 0.0016 0.0198 0.2429 1.0000 1.0000 0.0003 0.0039 0.0480 0.5973 1.0000 0.0001 0.0008 0.0103 0.1299 1.0000 1.0000 0.0002 0.0024 0.0304 0.3916 1.0000 1.0000 0.0006 0.0072 0.0808 0.3879 0.0808 0.0072 0.0006 1.0000 1.0000 0.3916 0.0304 0.0024 0.0002 1.0000 1.0000 0.1299 0.0103 0.0008 0.0001 1.0000 0.5973 0.0480 0.0039 0.0003 1.0000 1.0000 0.2429 0.0198 0.0016 0.0001 1.0000 1.0000 0.1072 0.0088 0.0007 0.0001 1.0000 0.5961 0.0492 0.0041 0.0003 1.0000 1.0000 0.2733 0.0225 0.0019 0.0002 1.0000 1.0000 0.1253 0.0103 0.0009 0.0001 1.0000
0.0001 0.0009 0.0111 0.1345 1.0000 1.0000 0.0002 0.0020 0.0242 0.2933 1.0000 1.0000 0.0004 0.0044 0.0528 0.6396 1.0000 0.0001 0.0008 0.0095 0.1148 1.0000 1.0000 0.0001 0.0017 0.0209 0.2557 1.0000 1.0000 0.0003 0.0040 0.0493 0.6099 1.0000 0.0001 0.0008 0.0102 0.1282 1.0000 1.0000 0.0002 0.0023 0.0293 0.3748 1.0000 1.0000 0.0005 0.0070 0.0875 0.9849 1.0000 0.9849 0.0875 0.0070 0.0005 1.0000 1.0000 0.3748 0.0293 0.0023 0.0002 1.0000 1.0000 0.1282 0.0102 0.0008 0.0001 1.0000 0.6099 0.0493 0.0040 0.0003 1.0000 1.0000 0.2557 0.0209 0.0017 0.0001 1.0000 1.0000 0.1148 0.0095 0.0008 0.0001 1.0000 0.6396 0.0528 0.0044 0.0004 1.0000 1.0000 0.2933 0.0242 0.0020 0.0002 1.0000 1.0000 0.1345 0.0111 0.0009 0.0001
0.0009 0.0119 0.1443 1.0000 1.0000 0.0002 0.0021 0.0260 0.3146 1.0000 1.0000 0.0004 0.0047 0.0566 0.6862 1.0000 0.0001 0.0008 0.0102 0.1232 1.0000 1.0000 0.0002 0.0018 0.0223 0.2713 1.0000 1.0000 0.0003 0.0042 0.0512 0.6299 1.0000 0.0001 0.0008 0.0103 0.1282 1.0000 1.0000 0.0002 0.0022 0.0284 0.3615 1.0000 1.0000 0.0005 0.0067 0.0855 1.0000 1.0000 1.0000 1.0000 1.0000 0.0855 0.0067 0.0005 1.0000 1.0000 0.3615 0.0284 0.0022 0.0002 1.0000 1.0000 0.1282 0.0103 0.0008 0.0001 1.0000 0.6299 0.0512 0.0042 0.0003 1.0000 1.0000 0.2713 0.0223 0.0018 0.0002 1.0000 1.0000 0.1232 0.0102 0.0008 0.0001 1.0000 0.6862 0.0566 0.0047 0.0004 1.0000 1.0000 0.3146 0.0260 0.0021 0.0002 1.0000 1.0000 0.1443 0.0119 0.0009
0.0121 0.1548 1.0000 1.0000 0.0002 0.0023 0.0278 0.3376 1.0000 1.0000 0.0004 0.0050 0.0607 0.7362 1.0000 0.0001 0.0009 0.0109 0.1322 1.0000 1.0000 0.0002 0.0020 0.0238 0.2888 1.0000 1.0000 0.0004 0.0044 0.0536 0.6569 1.0000 0.0001 0.0008 0.0105 0.1299 1.0000 1.0000 0.0002 0.0022 0.0278 0.3527 1.0000 1.0000 0.0005 0.0064 0.0822 1.0000 1.0000 0.0001 0.0005 0.0001 1.0000 1.0000 0.0822 0.0064 0.0005 1.0000 1.0000 0.3527 0.0278 0.0022 0.0002 1.0000 1.0000 0.1299 0.0105 0.0008 0.0001 1.0000 0.6569 0.0536 0.0044 0.0004 1.0000 1.0000 0.2888 0.0238 0.0020 0.0002 1.0000 1.0000 0.1322 0.0109 0.0009 0.0001 1.0000 0.7362 0.0607 0.0050 0.0004 1.0000 1.0000 0.3376 0.0278 0.0023 0.0002 1.0000 1.0000 0.1548 0.0121
0.1572 1.0000 1.0000 0.0002 0.0025 0.0299 0.3622 1.0000 1.0000 0.0004 0.0054 0.0652 0.7899 1.0000 0.0001 0.0010 0.0117 0.1416 1.0000 1.0000 0.0002 0.0021 0.0255 0.3087 1.0000 1.0000 0.0004 0.0046 0.0565 0.6901 1.0000 0.0001 0.0009 0.0108 0.1335 1.0000 1.0000 0.0002 0.0022 0.0276 0.3480 1.0000 1.0000 0.0005 0.0062 0.0793 1.0000 1.0000 0.0001 0.0012 0.0059 0.0012 0.0001 1.0000 1.0000 0.0793 0.0062 0.0005 1.0000 1.0000 0.3480 0.0276 0.0022 0.0002 1.0000 1.0000 0.1335 0.0108 0.0009 0.0001 1.0000 0.6901 0.0565 0.0046 0.0004 1.0000 1.0000 0.3087 0.0255 0.0021 0.0002 1.0000 1.0000 0.1416 0.0117 0.0010 0.0001 1.0000 0.7899 0.0652 0.0054 0.0004 1.0000 1.0000 0.3622 0.0299 0.0025 0.0002 1.0000 1.0000 0.1572
1.0000 1.0000 0.0002 0.0026 0.0321 0.3886 1.0000 1.0000 0.0005 0.0058 0.0699 0.8459 1.0000 0.0001 0.0010 0.0126 0.1519 1.0000 1.0000 0.0002 0.0022 0.0273 0.3306 1.0000 1.0000 0.0004 0.0049 0.0600 0.7307 1.0000 0.0001 0.0009 0.0112 0.1384 1.0000 1.0000 0.0002 0.0022 0.0278 0.3480 1.0000 1.0000 0.0005 0.0061 0.0769 0.9793 1.0000 0.0001 0.0014 0.0152 0.0726 0.0152 0.0014 0.0001 1.0000 0.9793 0.0769 0.0061 0.0005 1.0000 1.0000 0.3480 0.0278 0.0022 0.0002 1.0000 1.0000 0.1384 0.0112 0.0009 0.0001 1.0000 0.7307 0.0600 0.0049 0.0004 1.0000 1.0000 0.3306 0.0273 0.0022 0.0002 1.0000 1.0000 0.1519 0.0126 0.0010 0.0001 1.0000 0.8459 0.0699 0.0058 0.0005 1.0000 1.0000 0.3886 0.0321 0.0026 0.0002 1.0000 1.0000
1.0000 0.0002 0.0028 0.0344 0.4169 1.0000 1.0000 0.0005 0.0062 0.0750 0.9076 1.0000 0.0001 0.0011 0.0134 0.1629 1.0000 1.0000 0.0002 0.0024 0.0293 0.3547 1.0000 1.0000 0.0004 0.0053 0.0640 0.7795 1.0000 0.0001 0.0010 0.0118 0.1445 1.0000 1.0000 0.0002 0.0023 0.0284 0.3527 1.0000 1.0000 0.0005 0.0060 0.0756 0.9572 1.0000 0.0001 0.0013 0.0167 0.1869 0.8939 0.1869 0.0167 0.0013 0.0001 1.0000 0.9572 0.0756 0.0060 0.0005 1.0000 1.0000 0.3527 0.0284 0.0023 0.0002 1.0000 1.0000 0.1445 0.0118 0.0010 0.0001 1.0000 0.7795 0.0640 0.0053 0.0004 1.0000 1.0000 0.3547 0.0293 0.0024 0.0002 1.0000 1.0000 0.1629 0.0134 0.0011 0.0001 1.0000 0.9076 0.0750 0.0062 0.0005 1.0000 1.0000 0.4169 0.0344 0.0028 0.0002 1.0000
0.0002 0.0030 0.0369 0.4473 1.0000 1.0000 0.0005 0.0066 0.0803 0.9737 1.0000 0.0001 0.0012 0.0144 0.1748 1.0000 1.0000 0.0002 0.0026 0.0314 0.3798 1.0000 1.0000 0.0005 0.0056 0.0685 0.8315 1.0000 0.0001 0.0010 0.0125 0.1525 1.0000 1.0000 0.0002 0.0024 0.0293 0.3615 1.0000 1.0000 0.0005 0.0060 0.0750 0.9445 1.0000 0.0001 0.0013 0.0167 0.2067 1.0000 1.0000 1.0000 0.2067 0.0167 0.0013 0.0001 1.0000 0.9445 0.0750 0.0060 0.0005 1.0000 1.0000 0.3615 0.0293 0.0024 0.0002 1.0000 1.0000 0.1525 0.0125 0.0010 0.0001 1.0000 0.8315 0.0685 0.0056 0.0005 1.0000 1.0000 0.3798 0.0314 0.0026 0.0002 1.0000 1.0000 0.1748 0.0144 0.0012 0.0001 1.0000 0.9737 0.0803 0.0066 0.0005 1.0000 1.0000 0.4473 0.0369 0.0030 0.0002
0.0031 0.0396 0.4799 1.0000 1.0000 0.0006 0.0071 0.0862 1.0000 1.0000 0.0001 0.0013 0.0155 0.1876 1.0000 1.0000 0.0002 0.0028 0.0336 0.4075 1.0000 1.0000 0.0005 0.0060 0.0733 0.8888 1.0000 0.0001 0.0011 0.0133 0.1620 1.0000 1.0000 0.0002 0.0025 0.0304 0.3748 1.0000 1.0000 0.0005 0.0061 0.0756 0.9445 1.0000 0.0001 0.0013 0.0164 0.2067 1.0000 1.0000 0.0001 1.0000 1.0000 0.2067 0.0164 0.0013 0.0001 1.0000 0.9445 0.0756 0.0061 0.0005 1.0000 1.0000 0.3748 0.0304 0.0025 0.0002 1.0000 1.0000 0.1620 0.0133 0.0011 0.0001 1.0000 0.8888 0.0733 0.0060 0.0005 1.0000 1.0000 0.4075 0.0336 0.0028 0.0002 1.0000 1.0000 0.1876 0.0155 0.0013 0.0001 1.0000 1.0000 0.0862 0.0071 0.0006 1.0000 1.0000 0.4799 0.0396 0.0031
0.0402 0.5149 1.0000 0.0001 0.0006 0.0076 0.0925 1.0000 1.0000 0.0001 0.0014 0.0166 0.2009 1.0000 1.0000 0.0002 0.0030 0.0361 0.4372 1.0000 1.0000 0.0005 0.0065 0.0785 0.9518 1.0000 0.0001 0.0012 0.0142 0.1725 1.0000 1.0000 0.0002 0.0026 0.0319 0.3916 1.0000 1.0000 0.0005 0.0062 0.0769 0.9572 1.0000 0.0001 0.0013 0.0162 0.2043 1.0000 1.0000 0.0002 0.0012 0.0002 1.0000 1.0000 0.2043 0.0162 0.0013 0.0001 1.0000 0.9572 0.0769 0.0062 0.0005 1.0000 1.0000 0.3916 0.0319 0.0026 0.0002 1.0000 1.0000 0.1725 0.0142 0.0012 0.0001 1.0000 0.9518 0.0785 0.0065 0.0005 1.0000 1.0000 0.4372 0.0361 0.0030 0.0002 1.0000 1.0000 0.2009 0.0166 0.0014 0.0001 1.0000 1.0000 0.0925 0.0076 0.0006 0.0001 1.0000 0.5149 0.0402
0.5218 1.0000 0.0001 0.0007 0.0082 0.0990 1.0000 1.0000 0.0001 0.0015 0.0178 0.2155 1.0000 1.0000 0.0003 0.0032 0.0387 0.4682 1.0000 1.0000 0.0006 0.0069 0.0841 1.0000 1.0000 0.0001 0.0012 0.0152 0.1840 1.0000 1.0000 0.0002 0.0028 0.0337 0.4114 1.0000 1.0000 0.0005 0.0064 0.0793 0.9793 1.0000 0.0001 0.0013 0.0162 0.2036 1.0000 1.0000 0.0003 0.0030 0.0143 0.0030 0.0003 1.0000 1.0000 0.2036 0.0162 0.0013 0.0001 1.0000 0.9793 0.0793 0.0064 0.0005 1.0000 1.0000 0.4114 0.0337 0.0028 0.0002 1.0000 1.0000 0.1840 0.0152 0.0012 0.0001 1.0000 1.0000 0.0841 0.0069 0.0006 1.0000 1.0000 0.4682 0.0387 0.0032 0.0003 1.0000 1.0000 0.2155 0.0178 0.0015 0.0001 1.0000 1.0000 0.0990 0.0082 0.0007 0.0001 1.0000 0.5218
1.0000 0.0001 0.0007 0.0088 0.1060 1.0000 1.0000 0.0001 0.0016 0.0190 0.2308 1.0000 1.0000 0.0003 0.0034 0.0414 0.5024 1.0000 1.0000 0.0006 0.0074 0.0900 1.0000 1.0000 0.0001 0.0013 0.0162 0.1967 1.0000 1.0000 0.0002 0.0029 0.0357 0.4356 1.0000 1.0000 0.0005 0.0067 0.0822 1.0000 1.0000 0.0001 0.0013 0.0164 0.2043 1.0000 1.0000 0.0003 0.0034 0.0375 0.1782 0.0375 0.0034 0.0003 1.0000 1.0000 0.2043 0.0164 0.0013 0.0001 1.0000 1.0000 0.0822 0.0067 0.0005 1.0000 1.0000 0.4356 0.0357 0.0029 0.0002 1.0000 1.0000 0.1967 0.0162 0.0013 0.0001 1.0000 1.0000 0.0900 0.0074 0.0006 1.0000 1.0000 0.5024 0.0414 0.0034 0.0003 1.0000 1.0000 0.2308 0.0190 0.0016 0.0001 1.0000 1.0000 0.1060 0.0088 0.0007 0.0001 1.0000
0.0001 0.0008 0.0093 0.1131 1.0000 1.0000 0.0001 0.0017 0.0203 0.2457 1.0000 1.0000 0.0003 0.0036 0.0441 0.5349 1.0000 0.0001 0.0007 0.0079 0.0960 1.0000 1.0000 0.0001 0.0014 0.0172 0.2090 1.0000 1.0000 0.0003 0.0031 0.0378 0.4603 1.0000 1.0000 0.0006 0.0070 0.0855 1.0000 1.0000 0.0001 0.0013 0.0167 0.2067 1.0000 1.0000 0.0003 0.0034 0.0422 0.4656 1.0000 0.4656 0.0422 0.0034 0.0003 1.0000 1.0000 0.2067 0.0167 0.0013 0.0001 1.0000 1.0000 0.0855 0.0070 0.0006 1.0000 1.0000 0.4603 0.0378 0.0031 0.0003 1.0000 1.0000 0.2090 0.0172 0.0014 0.0001 1.0000 1.0000 0.0960 0.0079 0.0007 0.0001 1.0000 0.5349 0.0441 0.0036 0.0003 1.0000 1.0000 0.2457 0.0203 0.0017 0.0001 1.0000 1.0000 0.1131 0.0093 0.0008 0.0001
0.0008 0.0097 0.1177 1.0000 1.0000 0.0001 0.0017 0.0211 0.2562 1.0000 1.0000 0.0003 0.0038 0.0460 0.5567 1.0000 0.0001 0.0007 0.0082 0.0999 1.0000 1.0000 0.0001 0.0015 0.0179 0.2176 1.0000 1.0000 0.0003 0.0032 0.0392 0.4763 1.0000 1.0000 0.0006 0.0072 0.0875 1.0000 1.0000 0.0001 0.0014 0.0167 0.2067 1.0000 1.0000 0.0003 0.0034 0.0422 0.5149 1.0000 1.0000 1.0000 0.5149 0.0422 0.0034 0.0003 1.0000 1.0000 0.2067 0.0167 0.0014 0.0001 1.0000 1.0000 0.0875 0.0072 0.0006 1.0000 1.0000 0.4763 0.0392 0.0032 0.0003 1.0000 1.0000 0.2176 0.0179 0.0015 0.0001 1.0000 1.0000 0.0999 0.0082 0.0007 0.0001 1.0000 0.5567 0.0460 0.0038 0.0003 1.0000 1.0000 0.2562 0.0211 0.0017 0.0001 1.0000 1.0000 0.1177 0.0097 0.0008
0.0085 0.1097 1.0000 1.0000 0.0001 0.0016 0.0197 0.2393 1.0000 1.0000 0.0003 0.0035 0.0430 0.5198 1.0000 0.0001 0.0006 0.0077 0.0933 1.0000 1.0000 0.0001 0.0014 0.0168 0.2032 1.0000 1.0000 0.0002 0.0030 0.0365 0.4439 1.0000 1.0000 0.0005 0.0066 0.0808 0.9849 1.0000 0.0001 0.0012 0.0152 0.1869 1.0000 1.0000 0.0002 0.0030 0.0375 0.4656 1.0000 1.0000 0.0002 1.0000 1.0000 0.4656 0.0375 0.0030 0.0002 1.0000 1.0000 0.1869 0.0152 0.0012 0.0001 1.0000 0.9849 0.0808 0.0066 0.0005 1.0000 1.0000 0.4439 0.0365 0.0030 0.0002 1.0000 1.0000 0.2032 0.0168 0.0014 0.0001 1.0000 1.0000 0.0933 0.0077 0.0006 0.0001 1.0000 0.5198 0.0430 0.0035 0.0003 1.0000 1.0000 0.2393 0.0197 0.0016 0.0001 1.0000 1.0000 0.1097 0.0085
0.0420 0.5308 1.0000 1.0000 0.0006 0.0078 0.0948 1.0000 1.0000 0.0001 0.0014 0.0170 0.2063 1.0000 1.0000 0.0003 0.0031 0.0370 0.4482 1.0000 1.0000 0.0005 0.0066 0.0805 0.9756 1.0000 0.0001 0.0012 0.0145 0.1758 1.0000 1.0000 0.0002 0.0026 0.0319 0.3879 1.0000 1.0000 0.0005 0.0059 0.0726 0.8939 1.0000 0.0001 0.0012 0.0143 0.1782 1.0000 1.0000 0.0002 0.0009 0.0002 1.0000 1.0000 0.1782 0.0143 0.0012 0.0001 1.0000 0.8939 0.0726 0.0059 0.0005 1.0000 1.0000 0.3879 0.0319 0.0026 0.0002 1.0000 1.0000 0.1758 0.0145 0.0012 0.0001 1.0000 0.9756 0.0805 0.0066 0.0005 1.0000 1.0000 0.4482 0.0370 0.0031 0.0003 1.0000 1.0000 0.2063 0.0170 0.0014 0.0001 1.0000 1.0000 0.0948 0.0078 0.0006 1.0000 1.0000 0.5308 0.0420
0.0085 0.1097 1.0000 1.0000 0.0001 0.0016 0.0197 0.2393 1.0000 1.0000 0.0003 0.0035 0.0430 0.5198 1.0000 0.0001 0.0006 0.0077 0.0933 1.0000 1.0000 0.0001 0.0014 0.0168 0.2032 1.0000 1.0000 0.0002 0.0030 0.0365 0.4439 1.0000 1.0000 0.0005 0.0066 0.0808 0.9849 1.0000 0.0001 0.0012 0.0152 0.1869 1.0000 1.0000 0.0002 0.0030 0.0375 0.4656 1.0000 1.0000 0.0002 1.0000 1.0000 0.4656 0.0375 0.0030 0.0002 1.0000 1.0000 0.1869 0.0152 0.0012 0.0001 1.0000 0.9849 0.0808 0.0066 0.0005 1.0000 1.0000 0.4439 0.0365 0.0030 0.0002 1.0000 1.0000 0.2032 0.0168 0.0014 0.0001 1.0000 1.0000 0.0933 0.0077 0.0006 0.0001 1.0000 0.5198 0.0430 0.0035 0.0003 1.0000 1.0000 0.2393 0.0197 0.0016 0.0001 1.0000 1.0000 0.1097 0.0085
0.0008 0.0097 0.1177 1.0000 1.0000 0.0001 0.0017 0.0211 0.2562 1.0000 1.0000 0.0003 0.0038 0.0460 0.5567 1.0000 0.0001 0.0007 0.0082 0.0999 1.0000 1.0000 0.0001 0.0015 0.0179 0.2176 1.0000 1.0000 0.0003 0.0032 0.0392 0.4763 1.0000 1.0000 0.0006 0.0072 0.0875 1.0000 1.0000 0.0001 0.0014 0.0167 0.2067 1.0000 1.0000 0.0003 0.0034 0.0422 0.5149 1.0000 1.0000 1.0000 0.5149 0.0422 0.0034 0.0003 1.0000 1.0000 0.2067 0.0167 0.0014 0.0001 1.0000 1.0000 0.0875 0.0072 0.0006 1.0000 1.0000 0.4763 0.0392 0.0032 0.0003 1.0000 1.0000 0.2176 0.0179 0.0015 0.0001 1.0000 1.0000 0.0999 0.0082 0.0007 0.0001 1.0000 0.5567 0.0460 0.0038 0.0003 1.0000 1.0000 0.2562 0.0211 0.0017 0.0001 1.0000 1.0000 0.1177 0.0097 0.0008
0.0001 0.0008 0.0093 0.1131 1.0000 1.0000 0.0001 0.0017 0.0203 0.2457 1.0000 1.0000 0.0003 0.0036 0.0441 0.5349 1.0000 0.0001 0.0007 0.0079 0.0960 1.0000 1.0000 0.0001 0.0014 0.0172 0.2090 1.0000 1.0000 0.0003 0.0031 0.0378 0.4603 1.0000 1.0000 0.0006 0.0070 0.0855 1.0000 1.0000 0.0001 0.0013 0.0167 0.2067 1.0000 1.0000 0.0003 0.0034 0.0422 0.4656 1.0000 0.4656 0.0422 0.0034 0.0003 1.0000 1.0000 0.2067 0.0167 0.0013 0.0001 1.0000 1.0000 0.0855 0.0070 0.0006 1.0000 1.0000 0.4603 0.0378 0.0031 0.0003 1.0000 1.0000 0.2090 0.0172 0.0014 0.0001 1.0000 1.0000 0.0960 0.0079 0.0007 0.0001 1.0000 0.5349 0.0441 0.0036 0.0003 1.0000 1.0000 0.2457 0.0203 0.0017 0.0001 1.0000 1.0000 0.1131 0.0093 0.0008 0.0001
1.0000 0.0001 0.0007 0.0088 0.1060 1.0000 1.0000 0.0001 0.0016 0.0190 0.2308 1.0000 1.0000 0.0003 0.0034 0.0414 0.5024 1.0000 1.0000 0.0006 0.0074 0.0900 1.0000 1.0000 0.0001 0.0013 0.0162 0.1967 1.0000 1.0000 0.0002 0.0029 0.0357 0.4356 1.0000 1.0000 0.0005 0.0067 0.0822 1.0000 1.0000 0.0001 0.0013 0.0164 0.2043 1.0000 1.0000 0.0003 0.0034 0.0375 0.1782 0.0375 0.0034 0.0003 1.0000 1.0000 0.2043 0.0164 0.0013 0.0001 1.0000 1.0000 0.0822 0.0067 0.0005 1.0000 1.0000 0.4356 0.0357 0.0029 0.0002 1.0000 1.0000 0.1967 0.0162 0.0013 0.0001 1.0000 1.0000 0.0900 0.0074 0.0006 1.0000 1.0000 0.5024 0.0414 0.0034 0.0003 1.0000 1.0000 0.2308 0.0190 0.0016 0.0001 1.0000 1.0000 0.1060 0.0088 0.0007 0.0001 1.0000
0.5218 1.0000 0.0001 0.0007 0.0082 0.0990 1.0000 1.0000 0.0001 0.0015 0.0178 0.2155 1.0000 1.0000 0.0003 0.0032 0.0387 0.4682 1.0000 1.0000 0.0006 0.0069 0.0841 1.0000 1.0000 0.0001 0.0012 0.0152 0.1840 1.0000 1.0000 0.0002 0.0028 0.0337 0.4114 1.0000 1.0000 0.0005 0.0064 0.0793 0.9793 1.0000 0.0001 0.0013 0.0162 0.2036 1.0000 1.0000 0.0003 0.0030 0.0143 0.0030 0.0003 1.0000 1.0000 0.2036 0.0162 0.0013 0.0001 1.0000 0.9793 0.0793 0.0064 0.0005 1.0000 1.0000 0.4114 0.0337 0.0028 0.0002 1.0000 1.0000 0.1840 0.0152 0.0012 0.0001 1.0000 1.0000 0.0841 0.0069 0.0006 1.0000 1.0000 0.4682 0.0387 0.0032 0.0003 1.0000 1.0000 0.2155 0.0178 0.0015 0.0001 1.0000 1.0000 0.0990 0.0082 0.0007 0.0001 1.0000 0.5218
