0.0388 0.5390 1.0000 0.0001 0.0008 0.0107 0.1392 1.0000 1.0000 0.0002 0.0027 0.0356 0.4629 1.0000 0.0001 0.0007 0.0091 0.1186 1.0000 1.0000 0.0002 0.0023 0.0303 0.3946 1.0000 1.0000 0.0006 0.0078 0.1009 1.0000 1.0000 0.0002 0.0020 0.0258 0.3357 1.0000 1.0000 0.0005 0.0066 0.0858 1.0000 1.0000 0.0001 0.0017 0.0219 0.2850 1.0000 1.0000 0.0004 0.0047 0.0229 0.0047 0.0004 1.0000 1.0000 0.2850 0.0219 0.0017 0.0001 1.0000 1.0000 0.0858 0.0066 0.0005 1.0000 1.0000 0.3357 0.0258 0.0020 0.0002 1.0000 1.0000 0.1009 0.0078 0.0006 1.0000 1.0000 0.3946 0.0303 0.0023 0.0002 1.0000 1.0000 0.1186 0.0091 0.0007 0.0001 1.0000 0.4629 0.0356 0.0027 0.0002 1.0000 1.0000 0.1392 0.0107 0.0008 0.0001 1.0000 0.5390 0.0388
0.5390 1.0000 0.0001 0.0008 0.0106 0.1376 1.0000 1.0000 0.0002 0.0027 0.0351 0.4568 1.0000 0.0001 0.0007 0.0090 0.1168 1.0000 1.0000 0.0002 0.0023 0.0299 0.3886 1.0000 1.0000 0.0006 0.0076 0.0994 1.0000 1.0000 0.0002 0.0020 0.0254 0.3306 1.0000 1.0000 0.0005 0.0065 0.0845 1.0000 1.0000 0.0001 0.0017 0.0216 0.2813 1.0000 1.0000 0.0004 0.0053 0.0599 0.2899 0.0599 0.0053 0.0004 1.0000 1.0000 0.2813 0.0216 0.0017 0.0001 1.0000 1.0000 0.0845 0.0065 0.0005 1.0000 1.0000 0.3306 0.0254 0.0020 0.0002 1.0000 1.0000 0.0994 0.0076 0.0006 1.0000 1.0000 0.3886 0.0299 0.0023 0.0002 1.0000 1.0000 0.1168 0.0090 0.0007 0.0001 1.0000 0.4568 0.0351 0.0027 0.0002 1.0000 1.0000 0.1376 0.0106 0.0008 0.0001 1.0000 0.5390
1.0000 0.0001 0.0008 0.0102 0.1304 1.0000 1.0000 0.0002 0.0025 0.0327 0.4257 1.0000 1.0000 0.0006 0.0084 0.1089 1.0000 1.0000 0.0002 0.0021 0.0278 0.3622 1.0000 1.0000 0.0005 0.0071 0.0926 1.0000 1.0000 0.0001 0.0018 0.0237 0.3081 1.0000 1.0000 0.0005 0.0061 0.0788 1.0000 1.0000 0.0001 0.0015 0.0202 0.2621 1.0000 1.0000 0.0004 0.0051 0.0643 0.7265 1.0000 0.7265 0.0643 0.0051 0.0004 1.0000 1.0000 0.2621 0.0202 0.0015 0.0001 1.0000 1.0000 0.0788 0.0061 0.0005 1.0000 1.0000 0.3081 0.0237 0.0018 0.0001 1.0000 1.0000 0.0926 0.0071 0.0005 1.0000 1.0000 0.3622 0.0278 0.0021 0.0002 1.0000 1.0000 0.1089 0.0084 0.0006 1.0000 1.0000 0.4257 0.0327 0.0025 0.0002 1.0000 1.0000 0.1304 0.0102 0.0008 0.0001 1.0000
0.0001 0.0008 0.0102 0.1277 1.0000 1.0000 0.0002 0.0024 0.0307 0.3976 1.0000 1.0000 0.0006 0.0078 0.1015 1.0000 1.0000 0.0002 0.0020 0.0260 0.3376 1.0000 1.0000 0.0005 0.0066 0.0863 1.0000 1.0000 0.0001 0.0017 0.0221 0.2872 1.0000 1.0000 0.0004 0.0056 0.0734 0.9554 1.0000 0.0001 0.0014 0.0188 0.2443 1.0000 1.0000 0.0004 0.0048 0.0618 0.7795 1.0000 1.0000 1.0000 0.7795 0.0618 0.0048 0.0004 1.0000 1.0000 0.2443 0.0188 0.0014 0.0001 1.0000 0.9554 0.0734 0.0056 0.0004 1.0000 1.0000 0.2872 0.0221 0.0017 0.0001 1.0000 1.0000 0.0863 0.0066 0.0005 1.0000 1.0000 0.3376 0.0260 0.0020 0.0002 1.0000 1.0000 0.1015 0.0078 0.0006 1.0000 1.0000 0.3976 0.0307 0.0024 0.0002 1.0000 1.0000 0.1277 0.0102 0.0008 0.0001
0.0008 0.0106 0.1304 1.0000 1.0000 0.0002 0.0023 0.0291 0.3755 1.0000 1.0000 0.0006 0.0073 0.0946 1.0000 1.0000 0.0001 0.0019 0.0242 0.3146 1.0000 1.0000 0.0005 0.0062 0.0805 1.0000 1.0000 0.0001 0.0016 0.0206 0.2677 1.0000 1.0000 0.0004 0.0053 0.0685 0.8905 1.0000 0.0001 0.0013 0.0175 0.2277 1.0000 1.0000 0.0003 0.0045 0.0579 0.7475 1.0000 0.0001 0.0004 0.0001 1.0000 0.7475 0.0579 0.0045 0.0003 1.0000 1.0000 0.2277 0.0175 0.0013 0.0001 1.0000 0.8905 0.0685 0.0053 0.0004 1.0000 1.0000 0.2677 0.0206 0.0016 0.0001 1.0000 1.0000 0.0805 0.0062 0.0005 1.0000 1.0000 0.3146 0.0242 0.0019 0.0001 1.0000 1.0000 0.0946 0.0073 0.0006 1.0000 1.0000 0.3755 0.0291 0.0023 0.0002 1.0000 1.0000 0.1304 0.0106 0.0008
0.0107 0.1376 1.0000 1.0000 0.0002 0.0022 0.0283 0.3608 1.0000 1.0000 0.0005 0.0068 0.0885 1.0000 1.0000 0.0001 0.0017 0.0225 0.2933 1.0000 1.0000 0.0004 0.0058 0.0750 0.9756 1.0000 0.0001 0.0015 0.0192 0.2495 1.0000 1.0000 0.0004 0.0049 0.0638 0.8300 1.0000 0.0001 0.0013 0.0163 0.2123 1.0000 1.0000 0.0003 0.0042 0.0541 0.7021 1.0000 0.0001 0.0009 0.0043 0.0009 0.0001 1.0000 0.7021 0.0541 0.0042 0.0003 1.0000 1.0000 0.2123 0.0163 0.0013 0.0001 1.0000 0.8300 0.0638 0.0049 0.0004 1.0000 1.0000 0.2495 0.0192 0.0015 0.0001 1.0000 0.9756 0.0750 0.0058 0.0004 1.0000 1.0000 0.2933 0.0225 0.0017 0.0001 1.0000 1.0000 0.0885 0.0068 0.0005 1.0000 1.0000 0.3608 0.0283 0.0022 0.0002 1.0000 1.0000 0.1376 0.0107
0.1392 1.0000 1.0000 0.0002 0.0023 0.0283 0.3561 1.0000 1.0000 0.0005 0.0065 0.0836 1.0000 1.0000 0.0001 0.0016 0.0210 0.2733 1.0000 1.0000 0.0004 0.0054 0.0699 0.9093 1.0000 0.0001 0.0014 0.0179 0.2325 1.0000 1.0000 0.0004 0.0046 0.0595 0.7736 1.0000 0.0001 0.0012 0.0152 0.1978 1.0000 1.0000 0.0003 0.0039 0.0504 0.6556 1.0000 0.0001 0.0010 0.0108 0.0518 0.0108 0.0010 0.0001 1.0000 0.6556 0.0504 0.0039 0.0003 1.0000 1.0000 0.1978 0.0152 0.0012 0.0001 1.0000 0.7736 0.0595 0.0046 0.0004 1.0000 1.0000 0.2325 0.0179 0.0014 0.0001 1.0000 0.9093 0.0699 0.0054 0.0004 1.0000 1.0000 0.2733 0.0210 0.0016 0.0001 1.0000 1.0000 0.0836 0.0065 0.0005 1.0000 1.0000 0.3561 0.0283 0.0023 0.0002 1.0000 1.0000 0.1392
1.0000 1.0000 0.0002 0.0024 0.0291 0.3608 1.0000 1.0000 0.0005 0.0063 0.0800 1.0000 1.0000 0.0001 0.0015 0.0197 0.2553 1.0000 1.0000 0.0004 0.0050 0.0652 0.8475 1.0000 0.0001 0.0013 0.0167 0.2167 1.0000 1.0000 0.0003 0.0043 0.0554 0.7210 1.0000 0.0001 0.0011 0.0142 0.1844 1.0000 1.0000 0.0003 0.0036 0.0471 0.6111 1.0000 0.0001 0.0009 0.0115 0.1304 0.6275 0.1304 0.0115 0.0009 0.0001 1.0000 0.6111 0.0471 0.0036 0.0003 1.0000 1.0000 0.1844 0.0142 0.0011 0.0001 1.0000 0.7210 0.0554 0.0043 0.0003 1.0000 1.0000 0.2167 0.0167 0.0013 0.0001 1.0000 0.8475 0.0652 0.0050 0.0004 1.0000 1.0000 0.2553 0.0197 0.0015 0.0001 1.0000 1.0000 0.0800 0.0063 0.0005 1.0000 1.0000 0.3608 0.0291 0.0024 0.0002 1.0000 1.0000
1.0000 0.0002 0.0025 0.0307 0.3755 1.0000 1.0000 0.0005 0.0062 0.0782 0.9943 1.0000 0.0001 0.0014 0.0185 0.2397 1.0000 1.0000 0.0004 0.0047 0.0607 0.7899 1.0000 0.0001 0.0012 0.0155 0.2020 1.0000 1.0000 0.0003 0.0040 0.0517 0.6720 1.0000 0.0001 0.0010 0.0132 0.1719 1.0000 1.0000 0.0003 0.0034 0.0439 0.5706 1.0000 0.0001 0.0009 0.0111 0.1397 1.0000 1.0000 1.0000 0.1397 0.0111 0.0009 0.0001 1.0000 0.5706 0.0439 0.0034 0.0003 1.0000 1.0000 0.1719 0.0132 0.0010 0.0001 1.0000 0.6720 0.0517 0.0040 0.0003 1.0000 1.0000 0.2020 0.0155 0.0012 0.0001 1.0000 0.7899 0.0607 0.0047 0.0004 1.0000 1.0000 0.2397 0.0185 0.0014 0.0001 1.0000 0.9943 0.0782 0.0062 0.0005 1.0000 1.0000 0.3755 0.0307 0.0025 0.0002 1.0000
0.0002 0.0027 0.0327 0.3976 1.0000 1.0000 0.0005 0.0063 0.0782 0.9812 1.0000 0.0001 0.0014 0.0177 0.2277 1.0000 1.0000 0.0003 0.0044 0.0567 0.7362 1.0000 0.0001 0.0011 0.0145 0.1883 1.0000 1.0000 0.0003 0.0037 0.0482 0.6264 1.0000 0.0001 0.0009 0.0123 0.1602 1.0000 1.0000 0.0002 0.0031 0.0409 0.5318 1.0000 0.0001 0.0008 0.0104 0.1342 1.0000 1.0000 0.0001 1.0000 1.0000 0.1342 0.0104 0.0008 0.0001 1.0000 0.5318 0.0409 0.0031 0.0002 1.0000 1.0000 0.1602 0.0123 0.0009 0.0001 1.0000 0.6264 0.0482 0.0037 0.0003 1.0000 1.0000 0.1883 0.0145 0.0011 0.0001 1.0000 0.7362 0.0567 0.0044 0.0003 1.0000 1.0000 0.2277 0.0177 0.0014 0.0001 1.0000 0.9812 0.0782 0.0063 0.0005 1.0000 1.0000 0.3976 0.0327 0.0027 0.0002
0.0027 0.0351 0.4257 1.0000 1.0000 0.0005 0.0065 0.0800 0.9943 1.0000 0.0001 0.0014 0.0172 0.2192 1.0000 1.0000 0.0003 0.0041 0.0532 0.6888 1.0000 0.0001 0.0010 0.0135 0.1755 1.0000 1.0000 0.0003 0.0035 0.0449 0.5838 1.0000 0.0001 0.0009 0.0115 0.1493 1.0000 1.0000 0.0002 0.0029 0.0381 0.4957 1.0000 0.0001 0.0007 0.0097 0.1261 1.0000 1.0000 0.0002 0.0008 0.0002 1.0000 1.0000 0.1261 0.0097 0.0007 0.0001 1.0000 0.4957 0.0381 0.0029 0.0002 1.0000 1.0000 0.1493 0.0115 0.0009 0.0001 1.0000 0.5838 0.0449 0.0035 0.0003 1.0000 1.0000 0.1755 0.0135 0.0010 0.0001 1.0000 0.6888 0.0532 0.0041 0.0003 1.0000 1.0000 0.2192 0.0172 0.0014 0.0001 1.0000 0.9943 0.0800 0.0065 0.0005 1.0000 1.0000 0.4257 0.0351 0.0027
0.0356 0.4568 1.0000 1.0000 0.0006 0.0068 0.0836 1.0000 1.0000 0.0001 0.0014 0.0170 0.2147 1.0000 1.0000 0.0003 0.0039 0.0504 0.6494 1.0000 0.0001 0.0010 0.0126 0.1636 1.0000 1.0000 0.0002 0.0032 0.0418 0.5441 1.0000 0.0001 0.0008 0.0107 0.1392 1.0000 1.0000 0.0002 0.0027 0.0356 0.4620 1.0000 0.0001 0.0007 0.0090 0.1177 1.0000 1.0000 0.0002 0.0019 0.0093 0.0019 0.0002 1.0000 1.0000 0.1177 0.0090 0.0007 0.0001 1.0000 0.4620 0.0356 0.0027 0.0002 1.0000 1.0000 0.1392 0.0107 0.0008 0.0001 1.0000 0.5441 0.0418 0.0032 0.0002 1.0000 1.0000 0.1636 0.0126 0.0010 0.0001 1.0000 0.6494 0.0504 0.0039 0.0003 1.0000 1.0000 0.2147 0.0170 0.0014 0.0001 1.0000 1.0000 0.0836 0.0068 0.0006 1.0000 1.0000 0.4568 0.0356
0.4629 1.0000 1.0000 0.0006 0.0073 0.0885 1.0000 1.0000 0.0001 0.0014 0.0172 0.2147 1.0000 1.0000 0.0003 0.0038 0.0482 0.6192 1.0000 0.0001 0.0009 0.0118 0.1530 1.0000 1.0000 0.0002 0.0030 0.0390 0.5072 1.0000 0.0001 0.0008 0.0100 0.1297 1.0000 1.0000 0.0002 0.0025 0.0332 0.4306 1.0000 1.0000 0.0006 0.0085 0.1097 1.0000 1.0000 0.0002 0.0021 0.0234 0.1127 0.0234 0.0021 0.0002 1.0000 1.0000 0.1097 0.0085 0.0006 1.0000 1.0000 0.4306 0.0332 0.0025 0.0002 1.0000 1.0000 0.1297 0.0100 0.0008 0.0001 1.0000 0.5072 0.0390 0.0030 0.0002 1.0000 1.0000 0.1530 0.0118 0.0009 0.0001 1.0000 0.6192 0.0482 0.0038 0.0003 1.0000 1.0000 0.2147 0.0172 0.0014 0.0001 1.0000 1.0000 0.0885 0.0073 0.0006 1.0000 1.0000 0.4629
1.0000 0.0001 0.0006 0.0078 0.0946 1.0000 1.0000 0.0001 0.0014 0.0177 0.2192 1.0000 1.0000 0.0003 0.0037 0.0470 0.5984 1.0000 0.0001 0.0009 0.0112 0.1440 1.0000 1.0000 0.0002 0.0028 0.0363 0.4727 1.0000 0.0001 0.0007 0.0093 0.1209 1.0000 1.0000 0.0002 0.0024 0.0309 0.4021 1.0000 1.0000 0.0006 0.0079 0.1023 1.0000 1.0000 0.0002 0.0020 0.0251 0.2839 1.0000 0.2839 0.0251 0.0020 0.0002 1.0000 1.0000 0.1023 0.0079 0.0006 1.0000 1.0000 0.4021 0.0309 0.0024 0.0002 1.0000 1.0000 0.1209 0.0093 0.0007 0.0001 1.0000 0.4727 0.0363 0.0028 0.0002 1.0000 1.0000 0.1440 0.0112 0.0009 0.0001 1.0000 0.5984 0.0470 0.0037 0.0003 1.0000 1.0000 0.2192 0.0177 0.0014 0.0001 1.0000 1.0000 0.0946 0.0078 0.0006 0.0001 1.0000
0.0001 0.0007 0.0084 0.1015 1.0000 1.0000 0.0001 0.0015 0.0185 0.2277 1.0000 1.0000 0.0003 0.0037 0.0465 0.5871 1.0000 0.0001 0.0008 0.0106 0.1368 1.0000 1.0000 0.0002 0.0026 0.0339 0.4406 1.0000 1.0000 0.0007 0.0087 0.1127 1.0000 1.0000 0.0002 0.0022 0.0288 0.3748 1.0000 1.0000 0.0006 0.0073 0.0955 1.0000 1.0000 0.0001 0.0019 0.0241 0.3041 1.0000 1.0000 1.0000 0.3041 0.0241 0.0019 0.0001 1.0000 1.0000 0.0955 0.0073 0.0006 1.0000 1.0000 0.3748 0.0288 0.0022 0.0002 1.0000 1.0000 0.1127 0.0087 0.0007 1.0000 1.0000 0.4406 0.0339 0.0026 0.0002 1.0000 1.0000 0.1368 0.0106 0.0008 0.0001 1.0000 0.5871 0.0465 0.0037 0.0003 1.0000 1.0000 0.2277 0.0185 0.0015 0.0001 1.0000 1.0000 0.1015 0.0084 0.0007 0.0001
0.0007 0.0090 0.1089 1.0000 1.0000 0.0001 0.0016 0.0197 0.2397 1.0000 1.0000 0.0003 0.0038 0.0470 0.5871 1.0000 0.0001 0.0008 0.0103 0.1314 1.0000 1.0000 0.0002 0.0025 0.0319 0.4130 1.0000 1.0000 0.0006 0.0081 0.1050 1.0000 1.0000 0.0002 0.0021 0.0269 0.3493 1.0000 1.0000 0.0005 0.0068 0.0890 1.0000 1.0000 0.0001 0.0017 0.0226 0.2922 1.0000 1.0000 0.0001 1.0000 1.0000 0.2922 0.0226 0.0017 0.0001 1.0000 1.0000 0.0890 0.0068 0.0005 1.0000 1.0000 0.3493 0.0269 0.0021 0.0002 1.0000 1.0000 0.1050 0.0081 0.0006 1.0000 1.0000 0.4130 0.0319 0.0025 0.0002 1.0000 1.0000 0.1314 0.0103 0.0008 0.0001 1.0000 0.5871 0.0470 0.0038 0.0003 1.0000 1.0000 0.2397 0.0197 0.0016 0.0001 1.0000 1.0000 0.1089 0.0090 0.0007
0.0091 0.1168 1.0000 1.0000 0.0001 0.0017 0.0210 0.2553 1.0000 1.0000 0.0003 0.0039 0.0482 0.5984 1.0000 0.0001 0.0008 0.0101 0.1282 1.0000 1.0000 0.0002 0.0023 0.0302 0.3901 1.0000 1.0000 0.0006 0.0075 0.0979 1.0000 1.0000 0.0001 0.0019 0.0250 0.3256 1.0000 1.0000 0.0005 0.0064 0.0830 1.0000 1.0000 0.0001 0.0016 0.0211 0.2739 1.0000 1.0000 0.0003 0.0017 0.0003 1.0000 1.0000 0.2739 0.0211 0.0016 0.0001 1.0000 1.0000 0.0830 0.0064 0.0005 1.0000 1.0000 0.3256 0.0250 0.0019 0.0001 1.0000 1.0000 0.0979 0.0075 0.0006 1.0000 1.0000 0.3901 0.0302 0.0023 0.0002 1.0000 1.0000 0.1282 0.0101 0.0008 0.0001 1.0000 0.5984 0.0482 0.0039 0.0003 1.0000 1.0000 0.2553 0.0210 0.0017 0.0001 1.0000 1.0000 0.1168 0.0091
0.1186 1.0000 1.0000 0.0002 0.0019 0.0225 0.2733 1.0000 1.0000 0.0003 0.0041 0.0504 0.6192 1.0000 0.0001 0.0008 0.0101 0.1270 1.0000 1.0000 0.0002 0.0023 0.0289 0.3713 1.0000 1.0000 0.0005 0.0071 0.0916 1.0000 1.0000 0.0001 0.0018 0.0233 0.3035 1.0000 1.0000 0.0005 0.0060 0.0773 1.0000 1.0000 0.0001 0.0015 0.0197 0.2557 1.0000 1.0000 0.0004 0.0042 0.0202 0.0042 0.0004 1.0000 1.0000 0.2557 0.0197 0.0015 0.0001 1.0000 1.0000 0.0773 0.0060 0.0005 1.0000 1.0000 0.3035 0.0233 0.0018 0.0001 1.0000 1.0000 0.0916 0.0071 0.0005 1.0000 1.0000 0.3713 0.0289 0.0023 0.0002 1.0000 1.0000 0.1270 0.0101 0.0008 0.0001 1.0000 0.6192 0.0504 0.0041 0.0003 1.0000 1.0000 0.2733 0.0225 0.0019 0.0002 1.0000 1.0000 0.1186
1.0000 1.0000 0.0002 0.0020 0.0242 0.2933 1.0000 1.0000 0.0004 0.0044 0.0532 0.6494 1.0000 0.0001 0.0008 0.0103 0.1282 1.0000 1.0000 0.0002 0.0022 0.0281 0.3574 1.0000 1.0000 0.0005 0.0067 0.0863 1.0000 1.0000 0.0001 0.0017 0.0217 0.2829 1.0000 1.0000 0.0004 0.0056 0.0721 0.9374 1.0000 0.0001 0.0014 0.0184 0.2388 1.0000 1.0000 0.0004 0.0045 0.0510 0.2448 0.0510 0.0045 0.0004 1.0000 1.0000 0.2388 0.0184 0.0014 0.0001 1.0000 0.9374 0.0721 0.0056 0.0004 1.0000 1.0000 0.2829 0.0217 0.0017 0.0001 1.0000 1.0000 0.0863 0.0067 0.0005 1.0000 1.0000 0.3574 0.0281 0.0022 0.0002 1.0000 1.0000 0.1282 0.0103 0.0008 0.0001 1.0000 0.6494 0.0532 0.0044 0.0004 1.0000 1.0000 0.2933 0.0242 0.0020 0.0002 1.0000 1.0000
1.0000 0.0002 0.0021 0.0260 0.3146 1.0000 1.0000 0.0004 0.0047 0.0567 0.6888 1.0000 0.0001 0.0009 0.0106 0.1314 1.0000 1.0000 0.0002 0.0022 0.0276 0.3493 1.0000 1.0000 0.0005 0.0064 0.0819 1.0000 1.0000 0.0001 0.0016 0.0203 0.2641 1.0000 1.0000 0.0004 0.0052 0.0673 0.8737 1.0000 0.0001 0.0013 0.0171 0.2226 1.0000 1.0000 0.0003 0.0043 0.0546 0.6181 1.0000 0.6181 0.0546 0.0043 0.0003 1.0000 1.0000 0.2226 0.0171 0.0013 0.0001 1.0000 0.8737 0.0673 0.0052 0.0004 1.0000 1.0000 0.2641 0.0203 0.0016 0.0001 1.0000 1.0000 0.0819 0.0064 0.0005 1.0000 1.0000 0.3493 0.0276 0.0022 0.0002 1.0000 1.0000 0.1314 0.0106 0.0009 0.0001 1.0000 0.6888 0.0567 0.0047 0.0004 1.0000 1.0000 0.3146 0.0260 0.0021 0.0002 1.0000
0.0002 0.0023 0.0278 0.3376 1.0000 1.0000 0.0004 0.0050 0.0607 0.7362 1.0000 0.0001 0.0009 0.0112 0.1368 1.0000 1.0000 0.0002 0.0022 0.0276 0.3467 1.0000 1.0000 0.0005 0.0061 0.0785 1.0000 1.0000 0.0001 0.0015 0.0191 0.2476 1.0000 1.0000 0.0004 0.0048 0.0627 0.8143 1.0000 0.0001 0.0012 0.0160 0.2075 1.0000 1.0000 0.0003 0.0041 0.0524 0.6619 1.0000 1.0000 1.0000 0.6619 0.0524 0.0041 0.0003 1.0000 1.0000 0.2075 0.0160 0.0012 0.0001 1.0000 0.8143 0.0627 0.0048 0.0004 1.0000 1.0000 0.2476 0.0191 0.0015 0.0001 1.0000 1.0000 0.0785 0.0061 0.0005 1.0000 1.0000 0.3467 0.0276 0.0022 0.0002 1.0000 1.0000 0.1368 0.0112 0.0009 0.0001 1.0000 0.7362 0.0607 0.0050 0.0004 1.0000 1.0000 0.3376 0.0278 0.0023 0.0002
0.0023 0.0299 0.3622 1.0000 1.0000 0.0004 0.0054 0.0652 0.7899 1.0000 0.0001 0.0010 0.0118 0.1440 1.0000 1.0000 0.0002 0.0023 0.0281 0.3493 1.0000 1.0000 0.0005 0.0060 0.0762 0.9700 1.0000 0.0001 0.0014 0.0181 0.2334 1.0000 1.0000 0.0003 0.0045 0.0586 0.7604 1.0000 0.0001 0.0011 0.0149 0.1934 1.0000 1.0000 0.0003 0.0038 0.0492 0.6347 1.0000 0.0001 0.0003 0.0001 1.0000 0.6347 0.0492 0.0038 0.0003 1.0000 1.0000 0.1934 0.0149 0.0011 0.0001 1.0000 0.7604 0.0586 0.0045 0.0003 1.0000 1.0000 0.2334 0.0181 0.0014 0.0001 1.0000 0.9700 0.0762 0.0060 0.0005 1.0000 1.0000 0.3493 0.0281 0.0023 0.0002 1.0000 1.0000 0.1440 0.0118 0.0010 0.0001 1.0000 0.7899 0.0652 0.0054 0.0004 1.0000 1.0000 0.3622 0.0299 0.0023
0.0303 0.3886 1.0000 1.0000 0.0005 0.0058 0.0699 0.8475 1.0000 0.0001 0.0010 0.0126 0.1530 1.0000 1.0000 0.0002 0.0023 0.0289 0.3574 1.0000 1.0000 0.0005 0.0060 0.0750 0.9481 1.0000 0.0001 0.0013 0.0173 0.2222 1.0000 1.0000 0.0003 0.0042 0.0548 0.7115 1.0000 0.0001 0.0011 0.0139 0.1806 1.0000 1.0000 0.0003 0.0035 0.0459 0.5961 1.0000 0.0001 0.0008 0.0036 0.0008 0.0001 1.0000 0.5961 0.0459 0.0035 0.0003 1.0000 1.0000 0.1806 0.0139 0.0011 0.0001 1.0000 0.7115 0.0548 0.0042 0.0003 1.0000 1.0000 0.2222 0.0173 0.0013 0.0001 1.0000 0.9481 0.0750 0.0060 0.0005 1.0000 1.0000 0.3574 0.0289 0.0023 0.0002 1.0000 1.0000 0.1530 0.0126 0.0010 0.0001 1.0000 0.8475 0.0699 0.0058 0.0005 1.0000 1.0000 0.3886 0.0303
0.3946 1.0000 1.0000 0.0005 0.0062 0.0750 0.9093 1.0000 0.0001 0.0011 0.0135 0.1636 1.0000 1.0000 0.0002 0.0025 0.0302 0.3713 1.0000 1.0000 0.0005 0.0060 0.0750 0.9410 1.0000 0.0001 0.0013 0.0167 0.2131 1.0000 1.0000 0.0003 0.0040 0.0516 0.6682 1.0000 0.0001 0.0010 0.0130 0.1686 1.0000 1.0000 0.0003 0.0033 0.0428 0.5567 1.0000 0.0001 0.0008 0.0092 0.0440 0.0092 0.0008 0.0001 1.0000 0.5567 0.0428 0.0033 0.0003 1.0000 1.0000 0.1686 0.0130 0.0010 0.0001 1.0000 0.6682 0.0516 0.0040 0.0003 1.0000 1.0000 0.2131 0.0167 0.0013 0.0001 1.0000 0.9410 0.0750 0.0060 0.0005 1.0000 1.0000 0.3713 0.0302 0.0025 0.0002 1.0000 1.0000 0.1636 0.0135 0.0011 0.0001 1.0000 0.9093 0.0750 0.0062 0.0005 1.0000 1.0000 0.3946
1.0000 1.0000 0.0005 0.0066 0.0805 0.9756 1.0000 0.0001 0.0012 0.0145 0.1755 1.0000 1.0000 0.0002 0.0026 0.0319 0.3901 1.0000 1.0000 0.0005 0.0061 0.0762 0.9481 1.0000 0.0001 0.0013 0.0163 0.2071 1.0000 1.0000 0.0003 0.0038 0.0489 0.6311 1.0000 0.0001 0.0009 0.0122 0.1578 1.0000 1.0000 0.0002 0.0031 0.0400 0.5189 1.0000 0.0001 0.0008 0.0098 0.1110 0.5329 0.1110 0.0098 0.0008 0.0001 1.0000 0.5189 0.0400 0.0031 0.0002 1.0000 1.0000 0.1578 0.0122 0.0009 0.0001 1.0000 0.6311 0.0489 0.0038 0.0003 1.0000 1.0000 0.2071 0.0163 0.0013 0.0001 1.0000 0.9481 0.0762 0.0061 0.0005 1.0000 1.0000 0.3901 0.0319 0.0026 0.0002 1.0000 1.0000 0.1755 0.0145 0.0012 0.0001 1.0000 0.9756 0.0805 0.0066 0.0005 1.0000 1.0000
1.0000 0.0006 0.0071 0.0863 1.0000 1.0000 0.0001 0.0013 0.0155 0.1883 1.0000 1.0000 0.0002 0.0028 0.0339 0.4130 1.0000 1.0000 0.0005 0.0064 0.0785 0.9700 1.0000 0.0001 0.0013 0.0162 0.2039 1.0000 1.0000 0.0003 0.0037 0.0468 0.6007 1.0000 0.0001 0.0009 0.0114 0.1479 1.0000 1.0000 0.0002 0.0029 0.0374 0.4854 1.0000 0.0001 0.0007 0.0094 0.1188 1.0000 1.0000 1.0000 0.1188 0.0094 0.0007 0.0001 1.0000 0.4854 0.0374 0.0029 0.0002 1.0000 1.0000 0.1479 0.0114 0.0009 0.0001 1.0000 0.6007 0.0468 0.0037 0.0003 1.0000 1.0000 0.2039 0.0162 0.0013 0.0001 1.0000 0.9700 0.0785 0.0064 0.0005 1.0000 1.0000 0.4130 0.0339 0.0028 0.0002 1.0000 1.0000 0.1883 0.0155 0.0013 0.0001 1.0000 1.0000 0.0863 0.0071 0.0006 1.0000
0.0006 0.0076 0.0926 1.0000 1.0000 0.0001 0.0014 0.0167 0.2020 1.0000 1.0000 0.0002 0.0030 0.0363 0.4406 1.0000 1.0000 0.0005 0.0067 0.0819 1.0000 1.0000 0.0001 0.0013 0.0163 0.2039 1.0000 1.0000 0.0003 0.0036 0.0452 0.5783 1.0000 0.0001 0.0008 0.0108 0.1394 1.0000 1.0000 0.0002 0.0027 0.0350 0.4542 1.0000 0.0001 0.0007 0.0088 0.1142 1.0000 1.0000 1.0000 1.0000 1.0000 0.1142 0.0088 0.0007 0.0001 1.0000 0.4542 0.0350 0.0027 0.0002 1.0000 1.0000 0.1394 0.0108 0.0008 0.0001 1.0000 0.5783 0.0452 0.0036 0.0003 1.0000 1.0000 0.2039 0.0163 0.0013 0.0001 1.0000 1.0000 0.0819 0.0067 0.0005 1.0000 1.0000 0.4406 0.0363 0.0030 0.0002 1.0000 1.0000 0.2020 0.0167 0.0014 0.0001 1.0000 1.0000 0.0926 0.0076 0.0006
0.0078 0.0994 1.0000 1.0000 0.0001 0.0015 0.0179 0.2167 1.0000 1.0000 0.0003 0.0032 0.0390 0.4727 1.0000 1.0000 0.0006 0.0071 0.0863 1.0000 1.0000 0.0001 0.0013 0.0167 0.2071 1.0000 1.0000 0.0003 0.0035 0.0443 0.5620 1.0000 0.0001 0.0008 0.0103 0.1324 1.0000 1.0000 0.0002 0.0025 0.0328 0.4249 1.0000 1.0000 0.0006 0.0083 0.1072 1.0000 1.0000 0.0001 0.0007 0.0001 1.0000 1.0000 0.1072 0.0083 0.0006 1.0000 1.0000 0.4249 0.0328 0.0025 0.0002 1.0000 1.0000 0.1324 0.0103 0.0008 0.0001 1.0000 0.5620 0.0443 0.0035 0.0003 1.0000 1.0000 0.2071 0.0167 0.0013 0.0001 1.0000 1.0000 0.0863 0.0071 0.0006 1.0000 1.0000 0.4727 0.0390 0.0032 0.0003 1.0000 1.0000 0.2167 0.0179 0.0015 0.0001 1.0000 1.0000 0.0994 0.0078
0.1009 1.0000 1.0000 0.0001 0.0016 0.0192 0.2325 1.0000 1.0000 0.0003 0.0035 0.0418 0.5072 1.0000 1.0000 0.0006 0.0075 0.0916 1.0000 1.0000 0.0001 0.0014 0.0173 0.2131 1.0000 1.0000 0.0003 0.0035 0.0440 0.5535 1.0000 0.0001 0.0008 0.0099 0.1268 1.0000 1.0000 0.0002 0.0024 0.0309 0.3991 1.0000 1.0000 0.0006 0.0078 0.1005 1.0000 1.0000 0.0001 0.0016 0.0079 0.0016 0.0001 1.0000 1.0000 0.1005 0.0078 0.0006 1.0000 1.0000 0.3991 0.0309 0.0024 0.0002 1.0000 1.0000 0.1268 0.0099 0.0008 0.0001 1.0000 0.5535 0.0440 0.0035 0.0003 1.0000 1.0000 0.2131 0.0173 0.0014 0.0001 1.0000 1.0000 0.0916 0.0075 0.0006 1.0000 1.0000 0.5072 0.0418 0.0035 0.0003 1.0000 1.0000 0.2325 0.0192 0.0016 0.0001 1.0000 1.0000 0.1009
1.0000 1.0000 0.0001 0.0017 0.0206 0.2495 1.0000 1.0000 0.0003 0.0037 0.0449 0.5441 1.0000 0.0001 0.0007 0.0081 0.0979 1.0000 1.0000 0.0001 0.0015 0.0181 0.2222 1.0000 1.0000 0.0003 0.0036 0.0443 0.5535 1.0000 0.0001 0.0008 0.0097 0.1227 1.0000 1.0000 0.0002 0.0023 0.0293 0.3770 1.0000 1.0000 0.0006 0.0073 0.0940 1.0000 1.0000 0.0001 0.0018 0.0200 0.0959 0.0200 0.0018 0.0001 1.0000 1.0000 0.0940 0.0073 0.0006 1.0000 1.0000 0.3770 0.0293 0.0023 0.0002 1.0000 1.0000 0.1227 0.0097 0.0008 0.0001 1.0000 0.5535 0.0443 0.0036 0.0003 1.0000 1.0000 0.2222 0.0181 0.0015 0.0001 1.0000 1.0000 0.0979 0.0081 0.0007 0.0001 1.0000 0.5441 0.0449 0.0037 0.0003 1.0000 1.0000 0.2495 0.0206 0.0017 0.0001 1.0000 1.0000
1.0000 0.0002 0.0018 0.0221 0.2677 1.0000 1.0000 0.0003 0.0040 0.0482 0.5838 1.0000 0.0001 0.0007 0.0087 0.1050 1.0000 1.0000 0.0001 0.0016 0.0191 0.2334 1.0000 1.0000 0.0003 0.0037 0.0452 0.5620 1.0000 0.0001 0.0008 0.0095 0.1202 1.0000 1.0000 0.0002 0.0022 0.0279 0.3588 1.0000 1.0000 0.0005 0.0068 0.0883 1.0000 1.0000 0.0001 0.0017 0.0214 0.2420 1.0000 0.2420 0.0214 0.0017 0.0001 1.0000 1.0000 0.0883 0.0068 0.0005 1.0000 1.0000 0.3588 0.0279 0.0022 0.0002 1.0000 1.0000 0.1202 0.0095 0.0008 0.0001 1.0000 0.5620 0.0452 0.0037 0.0003 1.0000 1.0000 0.2334 0.0191 0.0016 0.0001 1.0000 1.0000 0.1050 0.0087 0.0007 0.0001 1.0000 0.5838 0.0482 0.0040 0.0003 1.0000 1.0000 0.2677 0.0221 0.0018 0.0002 1.0000
0.0002 0.0020 0.0237 0.2872 1.0000 1.0000 0.0004 0.0043 0.0517 0.6264 1.0000 0.0001 0.0008 0.0093 0.1127 1.0000 1.0000 0.0001 0.0017 0.0203 0.2476 1.0000 1.0000 0.0003 0.0038 0.0468 0.5783 1.0000 0.0001 0.0008 0.0095 0.1193 1.0000 1.0000 0.0002 0.0021 0.0269 0.3441 1.0000 1.0000 0.0005 0.0064 0.0833 1.0000 1.0000 0.0001 0.0016 0.0207 0.2602 1.0000 1.0000 1.0000 0.2602 0.0207 0.0016 0.0001 1.0000 1.0000 0.0833 0.0064 0.0005 1.0000 1.0000 0.3441 0.0269 0.0021 0.0002 1.0000 1.0000 0.1193 0.0095 0.0008 0.0001 1.0000 0.5783 0.0468 0.0038 0.0003 1.0000 1.0000 0.2476 0.0203 0.0017 0.0001 1.0000 1.0000 0.1127 0.0093 0.0008 0.0001 1.0000 0.6264 0.0517 0.0043 0.0004 1.0000 1.0000 0.2872 0.0237 0.0020 0.0002
0.0020 0.0254 0.3081 1.0000 1.0000 0.0004 0.0046 0.0554 0.6720 1.0000 0.0001 0.0008 0.0100 0.1209 1.0000 1.0000 0.0001 0.0018 0.0217 0.2641 1.0000 1.0000 0.0003 0.0040 0.0489 0.6007 1.0000 0.0001 0.0008 0.0097 0.1202 1.0000 1.0000 0.0002 0.0021 0.0262 0.3331 1.0000 1.0000 0.0005 0.0061 0.0790 1.0000 1.0000 0.0001 0.0015 0.0195 0.2509 1.0000 1.0000 0.0001 1.0000 1.0000 0.2509 0.0195 0.0015 0.0001 1.0000 1.0000 0.0790 0.0061 0.0005 1.0000 1.0000 0.3331 0.0262 0.0021 0.0002 1.0000 1.0000 0.1202 0.0097 0.0008 0.0001 1.0000 0.6007 0.0489 0.0040 0.0003 1.0000 1.0000 0.2641 0.0217 0.0018 0.0001 1.0000 1.0000 0.1209 0.0100 0.0008 0.0001 1.0000 0.6720 0.0554 0.0046 0.0004 1.0000 1.0000 0.3081 0.0254 0.0020
0.0258 0.3306 1.0000 1.0000 0.0004 0.0049 0.0595 0.7210 1.0000 0.0001 0.0009 0.0107 0.1297 1.0000 1.0000 0.0002 0.0019 0.0233 0.2829 1.0000 1.0000 0.0003 0.0042 0.0516 0.6311 1.0000 0.0001 0.0008 0.0099 0.1227 1.0000 1.0000 0.0002 0.0020 0.0258 0.3262 1.0000 1.0000 0.0005 0.0059 0.0756 0.9700 1.0000 0.0001 0.0014 0.0184 0.2375 1.0000 1.0000 0.0003 0.0014 0.0003 1.0000 1.0000 0.2375 0.0184 0.0014 0.0001 1.0000 0.9700 0.0756 0.0059 0.0005 1.0000 1.0000 0.3262 0.0258 0.0020 0.0002 1.0000 1.0000 0.1227 0.0099 0.0008 0.0001 1.0000 0.6311 0.0516 0.0042 0.0003 1.0000 1.0000 0.2829 0.0233 0.0019 0.0002 1.0000 1.0000 0.1297 0.0107 0.0009 0.0001 1.0000 0.7210 0.0595 0.0049 0.0004 1.0000 1.0000 0.3306 0.0258
0.3357 1.0000 1.0000 0.0004 0.0053 0.0638 0.7736 1.0000 0.0001 0.0009 0.0115 0.1392 1.0000 1.0000 0.0002 0.0021 0.0250 0.3035 1.0000 1.0000 0.0004 0.0045 0.0548 0.6682 1.0000 0.0001 0.0008 0.0103 0.1268 1.0000 1.0000 0.0002 0.0021 0.0258 0.3238 1.0000 1.0000 0.0004 0.0057 0.0729 0.9321 1.0000 0.0001 0.0014 0.0174 0.2247 1.0000 1.0000 0.0003 0.0036 0.0174 0.0036 0.0003 1.0000 1.0000 0.2247 0.0174 0.0014 0.0001 1.0000 0.9321 0.0729 0.0057 0.0004 1.0000 1.0000 0.3238 0.0258 0.0021 0.0002 1.0000 1.0000 0.1268 0.0103 0.0008 0.0001 1.0000 0.6682 0.0548 0.0045 0.0004 1.0000 1.0000 0.3035 0.0250 0.0021 0.0002 1.0000 1.0000 0.1392 0.0115 0.0009 0.0001 1.0000 0.7736 0.0638 0.0053 0.0004 1.0000 1.0000 0.3357
1.0000 1.0000 0.0005 0.0056 0.0685 0.8300 1.0000 0.0001 0.0010 0.0123 0.1493 1.0000 1.0000 0.0002 0.0022 0.0269 0.3256 1.0000 1.0000 0.0004 0.0048 0.0586 0.7115 1.0000 0.0001 0.0009 0.0108 0.1324 1.0000 1.0000 0.0002 0.0021 0.0262 0.3262 1.0000 1.0000 0.0004 0.0056 0.0710 0.9024 1.0000 0.0001 0.0013 0.0166 0.2139 1.0000 1.0000 0.0003 0.0039 0.0441 0.2119 0.0441 0.0039 0.0003 1.0000 1.0000 0.2139 0.0166 0.0013 0.0001 1.0000 0.9024 0.0710 0.0056 0.0004 1.0000 1.0000 0.3262 0.0262 0.0021 0.0002 1.0000 1.0000 0.1324 0.0108 0.0009 0.0001 1.0000 0.7115 0.0586 0.0048 0.0004 1.0000 1.0000 0.3256 0.0269 0.0022 0.0002 1.0000 1.0000 0.1493 0.0123 0.0010 0.0001 1.0000 0.8300 0.0685 0.0056 0.0005 1.0000 1.0000
1.0000 0.0005 0.0061 0.0734 0.8905 1.0000 0.0001 0.0011 0.0132 0.1602 1.0000 1.0000 0.0002 0.0024 0.0288 0.3493 1.0000 1.0000 0.0004 0.0052 0.0627 0.7604 1.0000 0.0001 0.0009 0.0114 0.1394 1.0000 1.0000 0.0002 0.0022 0.0269 0.3331 1.0000 1.0000 0.0004 0.0056 0.0700 0.8854 1.0000 0.0001 0.0012 0.0160 0.2047 1.0000 1.0000 0.0003 0.0038 0.0478 0.5380 1.0000 0.5380 0.0478 0.0038 0.0003 1.0000 1.0000 0.2047 0.0160 0.0012 0.0001 1.0000 0.8854 0.0700 0.0056 0.0004 1.0000 1.0000 0.3331 0.0269 0.0022 0.0002 1.0000 1.0000 0.1394 0.0114 0.0009 0.0001 1.0000 0.7604 0.0627 0.0052 0.0004 1.0000 1.0000 0.3493 0.0288 0.0024 0.0002 1.0000 1.0000 0.1602 0.0132 0.0011 0.0001 1.0000 0.8905 0.0734 0.0061 0.0005 1.0000
0.0005 0.0065 0.0788 0.9554 1.0000 0.0001 0.0012 0.0142 0.1719 1.0000 1.0000 0.0002 0.0025 0.0309 0.3748 1.0000 1.0000 0.0005 0.0056 0.0673 0.8143 1.0000 0.0001 0.0010 0.0122 0.1479 1.0000 1.0000 0.0002 0.0023 0.0279 0.3441 1.0000 1.0000 0.0004 0.0056 0.0700 0.8787 1.0000 0.0001 0.0012 0.0155 0.1975 1.0000 1.0000 0.0003 0.0037 0.0467 0.5838 1.0000 1.0000 1.0000 0.5838 0.0467 0.0037 0.0003 1.0000 1.0000 0.1975 0.0155 0.0012 0.0001 1.0000 0.8787 0.0700 0.0056 0.0004 1.0000 1.0000 0.3441 0.0279 0.0023 0.0002 1.0000 1.0000 0.1479 0.0122 0.0010 0.0001 1.0000 0.8143 0.0673 0.0056 0.0005 1.0000 1.0000 0.3748 0.0309 0.0025 0.0002 1.0000 1.0000 0.1719 0.0142 0.0012 0.0001 1.0000 0.9554 0.0788 0.0065 0.0005
0.0066 0.0845 1.0000 1.0000 0.0001 0.0013 0.0152 0.1844 1.0000 1.0000 0.0002 0.0027 0.0332 0.4021 1.0000 1.0000 0.0005 0.0060 0.0721 0.8737 1.0000 0.0001 0.0011 0.0130 0.1578 1.0000 1.0000 0.0002 0.0024 0.0293 0.3588 1.0000 1.0000 0.0005 0.0057 0.0710 0.8854 1.0000 0.0001 0.0012 0.0152 0.1926 1.0000 1.0000 0.0003 0.0035 0.0449 0.5728 1.0000 0.0001 0.0003 0.0001 1.0000 0.5728 0.0449 0.0035 0.0003 1.0000 1.0000 0.1926 0.0152 0.0012 0.0001 1.0000 0.8854 0.0710 0.0057 0.0005 1.0000 1.0000 0.3588 0.0293 0.0024 0.0002 1.0000 1.0000 0.1578 0.0130 0.0011 0.0001 1.0000 0.8737 0.0721 0.0060 0.0005 1.0000 1.0000 0.4021 0.0332 0.0027 0.0002 1.0000 1.0000 0.1844 0.0152 0.0013 0.0001 1.0000 1.0000 0.0845 0.0066
0.0858 1.0000 1.0000 0.0001 0.0013 0.0163 0.1978 1.0000 1.0000 0.0002 0.0029 0.0356 0.4306 1.0000 1.0000 0.0005 0.0064 0.0773 0.9374 1.0000 0.0001 0.0011 0.0139 0.1686 1.0000 1.0000 0.0002 0.0025 0.0309 0.3770 1.0000 1.0000 0.0005 0.0059 0.0729 0.9024 1.0000 0.0001 0.0012 0.0151 0.1901 1.0000 1.0000 0.0003 0.0034 0.0432 0.5525 1.0000 0.0001 0.0007 0.0032 0.0007 0.0001 1.0000 0.5525 0.0432 0.0034 0.0003 1.0000 1.0000 0.1901 0.0151 0.0012 0.0001 1.0000 0.9024 0.0729 0.0059 0.0005 1.0000 1.0000 0.3770 0.0309 0.0025 0.0002 1.0000 1.0000 0.1686 0.0139 0.0011 0.0001 1.0000 0.9374 0.0773 0.0064 0.0005 1.0000 1.0000 0.4306 0.0356 0.0029 0.0002 1.0000 1.0000 0.1978 0.0163 0.0013 0.0001 1.0000 1.0000 0.0858
1.0000 1.0000 0.0001 0.0014 0.0175 0.2123 1.0000 1.0000 0.0003 0.0031 0.0381 0.4620 1.0000 1.0000 0.0006 0.0068 0.0830 1.0000 1.0000 0.0001 0.0012 0.0149 0.1806 1.0000 1.0000 0.0002 0.0027 0.0328 0.3991 1.0000 1.0000 0.0005 0.0061 0.0756 0.9321 1.0000 0.0001 0.0012 0.0152 0.1901 1.0000 1.0000 0.0003 0.0033 0.0420 0.5349 1.0000 0.0001 0.0007 0.0083 0.0397 0.0083 0.0007 0.0001 1.0000 0.5349 0.0420 0.0033 0.0003 1.0000 1.0000 0.1901 0.0152 0.0012 0.0001 1.0000 0.9321 0.0756 0.0061 0.0005 1.0000 1.0000 0.3991 0.0328 0.0027 0.0002 1.0000 1.0000 0.1806 0.0149 0.0012 0.0001 1.0000 1.0000 0.0830 0.0068 0.0006 1.0000 1.0000 0.4620 0.0381 0.0031 0.0003 1.0000 1.0000 0.2123 0.0175 0.0014 0.0001 1.0000 1.0000
1.0000 0.0001 0.0015 0.0188 0.2277 1.0000 1.0000 0.0003 0.0034 0.0409 0.4957 1.0000 1.0000 0.0006 0.0073 0.0890 1.0000 1.0000 0.0001 0.0013 0.0160 0.1934 1.0000 1.0000 0.0002 0.0029 0.0350 0.4249 1.0000 1.0000 0.0005 0.0064 0.0790 0.9700 1.0000 0.0001 0.0012 0.0155 0.1926 1.0000 1.0000 0.0003 0.0033 0.0412 0.5218 1.0000 0.0001 0.0007 0.0091 0.1021 0.4873 0.1021 0.0091 0.0007 0.0001 1.0000 0.5218 0.0412 0.0033 0.0003 1.0000 1.0000 0.1926 0.0155 0.0012 0.0001 1.0000 0.9700 0.0790 0.0064 0.0005 1.0000 1.0000 0.4249 0.0350 0.0029 0.0002 1.0000 1.0000 0.1934 0.0160 0.0013 0.0001 1.0000 1.0000 0.0890 0.0073 0.0006 1.0000 1.0000 0.4957 0.0409 0.0034 0.0003 1.0000 1.0000 0.2277 0.0188 0.0015 0.0001 1.0000
0.0001 0.0017 0.0202 0.2443 1.0000 1.0000 0.0003 0.0036 0.0439 0.5318 1.0000 0.0001 0.0006 0.0079 0.0955 1.0000 1.0000 0.0001 0.0014 0.0171 0.2075 1.0000 1.0000 0.0003 0.0031 0.0374 0.4542 1.0000 1.0000 0.0006 0.0068 0.0833 1.0000 1.0000 0.0001 0.0013 0.0160 0.1975 1.0000 1.0000 0.0003 0.0033 0.0410 0.5159 1.0000 0.0001 0.0007 0.0091 0.1129 1.0000 1.0000 1.0000 0.1129 0.0091 0.0007 0.0001 1.0000 0.5159 0.0410 0.0033 0.0003 1.0000 1.0000 0.1975 0.0160 0.0013 0.0001 1.0000 1.0000 0.0833 0.0068 0.0006 1.0000 1.0000 0.4542 0.0374 0.0031 0.0003 1.0000 1.0000 0.2075 0.0171 0.0014 0.0001 1.0000 1.0000 0.0955 0.0079 0.0006 0.0001 1.0000 0.5318 0.0439 0.0036 0.0003 1.0000 1.0000 0.2443 0.0202 0.0017 0.0001
0.0017 0.0216 0.2621 1.0000 1.0000 0.0003 0.0039 0.0471 0.5706 1.0000 0.0001 0.0007 0.0085 0.1023 1.0000 1.0000 0.0001 0.0015 0.0184 0.2226 1.0000 1.0000 0.0003 0.0033 0.0400 0.4854 1.0000 1.0000 0.0006 0.0073 0.0883 1.0000 1.0000 0.0001 0.0014 0.0166 0.2047 1.0000 1.0000 0.0003 0.0033 0.0412 0.5159 1.0000 0.0001 0.0007 0.0089 0.1129 1.0000 1.0000 1.0000 1.0000 1.0000 0.1129 0.0089 0.0007 0.0001 1.0000 0.5159 0.0412 0.0033 0.0003 1.0000 1.0000 0.2047 0.0166 0.0014 0.0001 1.0000 1.0000 0.0883 0.0073 0.0006 1.0000 1.0000 0.4854 0.0400 0.0033 0.0003 1.0000 1.0000 0.2226 0.0184 0.0015 0.0001 1.0000 1.0000 0.1023 0.0085 0.0007 0.0001 1.0000 0.5706 0.0471 0.0039 0.0003 1.0000 1.0000 0.2621 0.0216 0.0017
0.0219 0.2813 1.0000 1.0000 0.0003 0.0042 0.0504 0.6111 1.0000 0.0001 0.0007 0.0090 0.1097 1.0000 1.0000 0.0001 0.0016 0.0197 0.2388 1.0000 1.0000 0.0003 0.0035 0.0428 0.5189 1.0000 0.0001 0.0006 0.0078 0.0940 1.0000 1.0000 0.0001 0.0014 0.0174 0.2139 1.0000 1.0000 0.0003 0.0034 0.0420 0.5218 1.0000 0.0001 0.0007 0.0088 0.1116 1.0000 1.0000 0.0001 0.0006 0.0001 1.0000 1.0000 0.1116 0.0088 0.0007 0.0001 1.0000 0.5218 0.0420 0.0034 0.0003 1.0000 1.0000 0.2139 0.0174 0.0014 0.0001 1.0000 1.0000 0.0940 0.0078 0.0006 0.0001 1.0000 0.5189 0.0428 0.0035 0.0003 1.0000 1.0000 0.2388 0.0197 0.0016 0.0001 1.0000 1.0000 0.1097 0.0090 0.0007 0.0001 1.0000 0.6111 0.0504 0.0042 0.0003 1.0000 1.0000 0.2813 0.0219
0.2850 1.0000 1.0000 0.0004 0.0045 0.0541 0.6556 1.0000 0.0001 0.0008 0.0097 0.1177 1.0000 1.0000 0.0001 0.0017 0.0211 0.2557 1.0000 1.0000 0.0003 0.0038 0.0459 0.5567 1.0000 0.0001 0.0007 0.0083 0.1005 1.0000 1.0000 0.0001 0.0015 0.0184 0.2247 1.0000 1.0000 0.0003 0.0035 0.0432 0.5349 1.0000 0.0001 0.0007 0.0088 0.1110 1.0000 1.0000 0.0001 0.0016 0.0078 0.0016 0.0001 1.0000 1.0000 0.1110 0.0088 0.0007 0.0001 1.0000 0.5349 0.0432 0.0035 0.0003 1.0000 1.0000 0.2247 0.0184 0.0015 0.0001 1.0000 1.0000 0.1005 0.0083 0.0007 0.0001 1.0000 0.5567 0.0459 0.0038 0.0003 1.0000 1.0000 0.2557 0.0211 0.0017 0.0001 1.0000 1.0000 0.1177 0.0097 0.0008 0.0001 1.0000 0.6556 0.0541 0.0045 0.0004 1.0000 1.0000 0.2850
1.0000 1.0000 0.0004 0.0048 0.0579 0.7021 1.0000 0.0001 0.0009 0.0104 0.1261 1.0000 1.0000 0.0002 0.0019 0.0226 0.2739 1.0000 1.0000 0.0003 0.0041 0.0492 0.5961 1.0000 0.0001 0.0007 0.0088 0.1072 1.0000 1.0000 0.0001 0.0016 0.0195 0.2375 1.0000 1.0000 0.0003 0.0037 0.0449 0.5525 1.0000 0.0001 0.0007 0.0089 0.1116 1.0000 1.0000 0.0002 0.0018 0.0205 0.0971 0.0205 0.0018 0.0002 1.0000 1.0000 0.1116 0.0089 0.0007 0.0001 1.0000 0.5525 0.0449 0.0037 0.0003 1.0000 1.0000 0.2375 0.0195 0.0016 0.0001 1.0000 1.0000 0.1072 0.0088 0.0007 0.0001 1.0000 0.5961 0.0492 0.0041 0.0003 1.0000 1.0000 0.2739 0.0226 0.0019 0.0002 1.0000 1.0000 0.1261 0.0104 0.0009 0.0001 1.0000 0.7021 0.0579 0.0048 0.0004 1.0000 1.0000
1.0000 0.0004 0.0051 0.0618 0.7475 1.0000 0.0001 0.0009 0.0111 0.1342 1.0000 1.0000 0.0002 0.0020 0.0241 0.2922 1.0000 1.0000 0.0004 0.0043 0.0524 0.6347 1.0000 0.0001 0.0008 0.0094 0.1142 1.0000 1.0000 0.0001 0.0017 0.0207 0.2509 1.0000 1.0000 0.0003 0.0038 0.0467 0.5728 1.0000 0.0001 0.0007 0.0091 0.1129 1.0000 1.0000 0.0002 0.0019 0.0230 0.2538 1.0000 0.2538 0.0230 0.0019 0.0002 1.0000 1.0000 0.1129 0.0091 0.0007 0.0001 1.0000 0.5728 0.0467 0.0038 0.0003 1.0000 1.0000 0.2509 0.0207 0.0017 0.0001 1.0000 1.0000 0.1142 0.0094 0.0008 0.0001 1.0000 0.6347 0.0524 0.0043 0.0004 1.0000 1.0000 0.2922 0.0241 0.0020 0.0002 1.0000 1.0000 0.1342 0.0111 0.0009 0.0001 1.0000 0.7475 0.0618 0.0051 0.0004 1.0000
0.0004 0.0053 0.0643 0.7795 1.0000 0.0001 0.0010 0.0115 0.1397 1.0000 1.0000 0.0002 0.0021 0.0251 0.3041 1.0000 1.0000 0.0004 0.0045 0.0546 0.6619 1.0000 0.0001 0.0008 0.0098 0.1188 1.0000 1.0000 0.0001 0.0018 0.0214 0.2602 1.0000 1.0000 0.0003 0.0039 0.0478 0.5838 1.0000 0.0001 0.0007 0.0091 0.1129 1.0000 1.0000 0.0001 0.0018 0.0230 0.2807 1.0000 1.0000 1.0000 0.2807 0.0230 0.0018 0.0001 1.0000 1.0000 0.1129 0.0091 0.0007 0.0001 1.0000 0.5838 0.0478 0.0039 0.0003 1.0000 1.0000 0.2602 0.0214 0.0018 0.0001 1.0000 1.0000 0.1188 0.0098 0.0008 0.0001 1.0000 0.6619 0.0546 0.0045 0.0004 1.0000 1.0000 0.3041 0.0251 0.0021 0.0002 1.0000 1.0000 0.1397 0.0115 0.0010 0.0001 1.0000 0.7795 0.0643 0.0053 0.0004
0.0047 0.0599 0.7265 1.0000 0.0001 0.0009 0.0108 0.1304 1.0000 1.0000 0.0002 0.0019 0.0234 0.2839 1.0000 1.0000 0.0003 0.0042 0.0510 0.6181 1.0000 0.0001 0.0008 0.0092 0.1110 1.0000 1.0000 0.0001 0.0016 0.0200 0.2420 1.0000 1.0000 0.0003 0.0036 0.0441 0.5380 1.0000 0.0001 0.0007 0.0083 0.1021 1.0000 1.0000 0.0001 0.0016 0.0205 0.2538 1.0000 1.0000 0.0001 1.0000 1.0000 0.2538 0.0205 0.0016 0.0001 1.0000 1.0000 0.1021 0.0083 0.0007 0.0001 1.0000 0.5380 0.0441 0.0036 0.0003 1.0000 1.0000 0.2420 0.0200 0.0016 0.0001 1.0000 1.0000 0.1110 0.0092 0.0008 0.0001 1.0000 0.6181 0.0510 0.0042 0.0003 1.0000 1.0000 0.2839 0.0234 0.0019 0.0002 1.0000 1.0000 0.1304 0.0108 0.0009 0.0001 1.0000 0.7265 0.0599 0.0047
0.0229 0.2899 1.0000 1.0000 0.0004 0.0043 0.0518 0.6275 1.0000 0.0001 0.0008 0.0093 0.1127 1.0000 1.0000 0.0001 0.0017 0.0202 0.2448 1.0000 1.0000 0.0003 0.0036 0.0440 0.5329 1.0000 1.0000 0.0007 0.0079 0.0959 1.0000 1.0000 0.0001 0.0014 0.0174 0.2119 1.0000 1.0000 0.0003 0.0032 0.0397 0.4873 1.0000 1.0000 0.0006 0.0078 0.0971 1.0000 1.0000 0.0001 0.0005 0.0001 1.0000 1.0000 0.0971 0.0078 0.0006 1.0000 1.0000 0.4873 0.0397 0.0032 0.0003 1.0000 1.0000 0.2119 0.0174 0.0014 0.0001 1.0000 1.0000 0.0959 0.0079 0.0007 1.0000 1.0000 0.5329 0.0440 0.0036 0.0003 1.0000 1.0000 0.2448 0.0202 0.0017 0.0001 1.0000 1.0000 0.1127 0.0093 0.0008 0.0001 1.0000 0.6275 0.0518 0.0043 0.0004 1.0000 1.0000 0.2899 0.0229
0.0047 0.0599 0.7265 1.0000 0.0001 0.0009 0.0108 0.1304 1.0000 1.0000 0.0002 0.0019 0.0234 0.2839 1.0000 1.0000 0.0003 0.0042 0.0510 0.6181 1.0000 0.0001 0.0008 0.0092 0.1110 1.0000 1.0000 0.0001 0.0016 0.0200 0.2420 1.0000 1.0000 0.0003 0.0036 0.0441 0.5380 1.0000 0.0001 0.0007 0.0083 0.1021 1.0000 1.0000 0.0001 0.0016 0.0205 0.2538 1.0000 1.0000 0.0001 1.0000 1.0000 0.2538 0.0205 0.0016 0.0001 1.0000 1.0000 0.1021 0.0083 0.0007 0.0001 1.0000 0.5380 0.0441 0.0036 0.0003 1.0000 1.0000 0.2420 0.0200 0.0016 0.0001 1.0000 1.0000 0.1110 0.0092 0.0008 0.0001 1.0000 0.6181 0.0510 0.0042 0.0003 1.0000 1.0000 0.2839 0.0234 0.0019 0.0002 1.0000 1.0000 0.1304 0.0108 0.0009 0.0001 1.0000 0.7265 0.0599 0.0047
0.0004 0.0053 0.0643 0.7795 1.0000 0.0001 0.0010 0.0115 0.1397 1.0000 1.0000 0.0002 0.0021 0.0251 0.3041 1.0000 1.0000 0.0004 0.0045 0.0546 0.6619 1.0000 0.0001 0.0008 0.0098 0.1188 1.0000 1.0000 0.0001 0.0018 0.0214 0.2602 1.0000 1.0000 0.0003 0.0039 0.0478 0.5838 1.0000 0.0001 0.0007 0.0091 0.1129 1.0000 1.0000 0.0001 0.0018 0.0230 0.2807 1.0000 1.0000 1.0000 0.2807 0.0230 0.0018 0.0001 1.0000 1.0000 0.1129 0.0091 0.0007 0.0001 1.0000 0.5838 0.0478 0.0039 0.0003 1.0000 1.0000 0.2602 0.0214 0.0018 0.0001 1.0000 1.0000 0.1188 0.0098 0.0008 0.0001 1.0000 0.6619 0.0546 0.0045 0.0004 1.0000 1.0000 0.3041 0.0251 0.0021 0.0002 1.0000 1.0000 0.1397 0.0115 0.0010 0.0001 1.0000 0.7795 0.0643 0.0053 0.0004
1.0000 0.0004 0.0051 0.0618 0.7475 1.0000 0.0001 0.0009 0.0111 0.1342 1.0000 1.0000 0.0002 0.0020 0.0241 0.2922 1.0000 1.0000 0.0004 0.0043 0.0524 0.6347 1.0000 0.0001 0.0008 0.0094 0.1142 1.0000 1.0000 0.0001 0.0017 0.0207 0.2509 1.0000 1.0000 0.0003 0.0038 0.0467 0.5728 1.0000 0.0001 0.0007 0.0091 0.1129 1.0000 1.0000 0.0002 0.0019 0.0230 0.2538 1.0000 0.2538 0.0230 0.0019 0.0002 1.0000 1.0000 0.1129 0.0091 0.0007 0.0001 1.0000 0.5728 0.0467 0.0038 0.0003 1.0000 1.0000 0.2509 0.0207 0.0017 0.0001 1.0000 1.0000 0.1142 0.0094 0.0008 0.0001 1.0000 0.6347 0.0524 0.0043 0.0004 1.0000 1.0000 0.2922 0.0241 0.0020 0.0002 1.0000 1.0000 0.1342 0.0111 0.0009 0.0001 1.0000 0.7475 0.0618 0.0051 0.0004 1.0000
1.0000 1.0000 0.0004 0.0048 0.0579 0.7021 1.0000 0.0001 0.0009 0.0104 0.1261 1.0000 1.0000 0.0002 0.0019 0.0226 0.2739 1.0000 1.0000 0.0003 0.0041 0.0492 0.5961 1.0000 0.0001 0.0007 0.0088 0.1072 1.0000 1.0000 0.0001 0.0016 0.0195 0.2375 1.0000 1.0000 0.0003 0.0037 0.0449 0.5525 1.0000 0.0001 0.0007 0.0089 0.1116 1.0000 1.0000 0.0002 0.0018 0.0205 0.0971 0.0205 0.0018 0.0002 1.0000 1.0000 0.1116 0.0089 0.0007 0.0001 1.0000 0.5525 0.0449 0.0037 0.0003 1.0000 1.0000 0.2375 0.0195 0.0016 0.0001 1.0000 1.0000 0.1072 0.0088 0.0007 0.0001 1.0000 0.5961 0.0492 0.0041 0.0003 1.0000 1.0000 0.2739 0.0226 0.0019 0.0002 1.0000 1.0000 0.1261 0.0104 0.0009 0.0001 1.0000 0.7021 0.0579 0.0048 0.0004 1.0000 1.0000
0.2850 1.0000 1.0000 0.0004 0.0045 0.0541 0.6556 1.0000 0.0001 0.0008 0.0097 0.1177 1.0000 1.0000 0.0001 0.0017 0.0211 0.2557 1.0000 1.0000 0.0003 0.0038 0.0459 0.5567 1.0000 0.0001 0.0007 0.0083 0.1005 1.0000 1.0000 0.0001 0.0015 0.0184 0.2247 1.0000 1.0000 0.0003 0.0035 0.0432 0.5349 1.0000 0.0001 0.0007 0.0088 0.1110 1.0000 1.0000 0.0001 0.0016 0.0078 0.0016 0.0001 1.0000 1.0000 0.1110 0.0088 0.0007 0.0001 1.0000 0.5349 0.0432 0.0035 0.0003 1.0000 1.0000 0.2247 0.0184 0.0015 0.0001 1.0000 1.0000 0.1005 0.0083 0.0007 0.0001 1.0000 0.5567 0.0459 0.0038 0.0003 1.0000 1.0000 0.2557 0.0211 0.0017 0.0001 1.0000 1.0000 0.1177 0.0097 0.0008 0.0001 1.0000 0.6556 0.0541 0.0045 0.0004 1.0000 1.0000 0.2850
