0.2787 0.4911 0.4420 0.1669 0.1501 0.2108 0.3714 0.5086 0.3111 0.1464 0.1693 0.2701 0.4804 0.4539 0.1737 0.1486 0.2046 0.3573 0.5113 0.3326 0.1474 0.1658 0.2607 0.4674 0.4649 0.1831 0.1474 0.1987 0.3437 0.5129 0.3530 0.1489 0.1627 0.2517 0.4532 0.4747 0.1962 0.1464 0.1933 0.3307 0.5131 0.3722 0.1507 0.1598 0.2432 0.4382 0.4835 0.2146 0.1454 0.1811 0.2412 0.1811 0.1454 0.2146 0.4835 0.4382 0.2432 0.1598 0.1507 0.3722 0.5131 0.3307 0.1933 0.1464 0.1962 0.4747 0.4532 0.2517 0.1627 0.1489 0.3530 0.5129 0.3437 0.1987 0.1474 0.1831 0.4649 0.4674 0.2607 0.1658 0.1474 0.3326 0.5113 0.3573 0.2046 0.1486 0.1737 0.4539 0.4804 0.2701 0.1693 0.1464 0.3111 0.5086 0.3714 0.2108 0.1501 0.1669 0.4420 0.4911 0.2787
0.4911 0.4425 0.1610 0.1427 0.2056 0.3689 0.5101 0.3161 0.1385 0.1628 0.2657 0.4798 0.4569 0.1697 0.1409 0.1991 0.3544 0.5127 0.3376 0.1396 0.1592 0.2562 0.4665 0.4676 0.1809 0.1395 0.1931 0.3406 0.5141 0.3579 0.1412 0.1559 0.2471 0.4519 0.4772 0.1962 0.1384 0.1875 0.3274 0.5142 0.3768 0.1433 0.1529 0.2384 0.4366 0.4857 0.2158 0.1375 0.1807 0.3005 0.4379 0.3005 0.1807 0.1375 0.2158 0.4857 0.4366 0.2384 0.1529 0.1433 0.3768 0.5142 0.3274 0.1875 0.1384 0.1962 0.4772 0.4519 0.2471 0.1559 0.1412 0.3579 0.5141 0.3406 0.1931 0.1395 0.1809 0.4676 0.4665 0.2562 0.1592 0.1396 0.3376 0.5127 0.3544 0.1991 0.1409 0.1697 0.4569 0.4798 0.2657 0.1628 0.1385 0.3161 0.5101 0.3689 0.2056 0.1427 0.1610 0.4425 0.4911
0.4420 0.1610 0.1424 0.2039 0.3641 0.5111 0.3247 0.1389 0.1613 0.2616 0.4741 0.4617 0.1742 0.1402 0.1964 0.3482 0.5134 0.3466 0.1403 0.1578 0.2521 0.4602 0.4719 0.1871 0.1389 0.1906 0.3347 0.5143 0.3663 0.1421 0.1546 0.2432 0.4453 0.4810 0.2042 0.1380 0.1851 0.3218 0.5137 0.3847 0.1444 0.1517 0.2348 0.4298 0.4889 0.2249 0.1374 0.1796 0.3063 0.5055 0.4866 0.5055 0.3063 0.1796 0.1374 0.2249 0.4889 0.4298 0.2348 0.1517 0.1444 0.3847 0.5137 0.3218 0.1851 0.1380 0.2042 0.4810 0.4453 0.2432 0.1546 0.1421 0.3663 0.5143 0.3347 0.1906 0.1389 0.1871 0.4719 0.4602 0.2521 0.1578 0.1403 0.3466 0.5134 0.3482 0.1964 0.1402 0.1742 0.4617 0.4741 0.2616 0.1613 0.1389 0.3247 0.5111 0.3641 0.2039 0.1424 0.1610 0.4420
0.1669 0.1427 0.2039 0.3623 0.5117 0.3310 0.1393 0.1599 0.2578 0.4685 0.4662 0.1793 0.1396 0.1938 0.3423 0.5139 0.3554 0.1410 0.1564 0.2482 0.4538 0.4760 0.1940 0.1385 0.1882 0.3290 0.5142 0.3745 0.1430 0.1533 0.2395 0.4386 0.4846 0.2128 0.1377 0.1829 0.3163 0.5130 0.3922 0.1456 0.1505 0.2313 0.4231 0.4920 0.2345 0.1372 0.1778 0.3034 0.5085 0.4261 0.2353 0.4261 0.5085 0.3034 0.1778 0.1372 0.2345 0.4920 0.4231 0.2313 0.1505 0.1456 0.3922 0.5130 0.3163 0.1829 0.1377 0.2128 0.4846 0.4386 0.2395 0.1533 0.1430 0.3745 0.5142 0.3290 0.1882 0.1385 0.1940 0.4760 0.4538 0.2482 0.1564 0.1410 0.3554 0.5139 0.3423 0.1938 0.1396 0.1793 0.4662 0.4685 0.2578 0.1599 0.1393 0.3310 0.5117 0.3623 0.2039 0.1427 0.1669
0.1501 0.2056 0.3641 0.5117 0.3333 0.1396 0.1590 0.2548 0.4635 0.4701 0.1847 0.1391 0.1914 0.3364 0.5142 0.3639 0.1418 0.1550 0.2443 0.4472 0.4799 0.2017 0.1381 0.1858 0.3234 0.5139 0.3824 0.1441 0.1521 0.2359 0.4318 0.4879 0.2219 0.1374 0.1807 0.3110 0.5119 0.3995 0.1469 0.1494 0.2278 0.4163 0.4949 0.2443 0.1371 0.1758 0.2988 0.5074 0.4193 0.1552 0.1352 0.1552 0.4193 0.5074 0.2988 0.1758 0.1371 0.2443 0.4949 0.4163 0.2278 0.1494 0.1469 0.3995 0.5119 0.3110 0.1807 0.1374 0.2219 0.4879 0.4318 0.2359 0.1521 0.1441 0.3824 0.5139 0.3234 0.1858 0.1381 0.2017 0.4799 0.4472 0.2443 0.1550 0.1418 0.3639 0.5142 0.3364 0.1914 0.1391 0.1847 0.4701 0.4635 0.2548 0.1590 0.1396 0.3333 0.5117 0.3641 0.2056 0.1501
0.2108 0.3689 0.5111 0.3310 0.1396 0.1587 0.2531 0.4599 0.4730 0.1898 0.1387 0.1892 0.3310 0.5143 0.3720 0.1427 0.1537 0.2406 0.4406 0.4835 0.2102 0.1378 0.1835 0.3179 0.5132 0.3900 0.1452 0.1509 0.2323 0.4251 0.4911 0.2314 0.1373 0.1785 0.3058 0.5104 0.4066 0.1484 0.1483 0.2244 0.4095 0.4977 0.2543 0.1371 0.1738 0.2940 0.5052 0.4230 0.1533 0.1424 0.1708 0.1424 0.1533 0.4230 0.5052 0.2940 0.1738 0.1371 0.2543 0.4977 0.4095 0.2244 0.1483 0.1484 0.4066 0.5104 0.3058 0.1785 0.1373 0.2314 0.4911 0.4251 0.2323 0.1509 0.1452 0.3900 0.5132 0.3179 0.1835 0.1378 0.2102 0.4835 0.4406 0.2406 0.1537 0.1427 0.3720 0.5143 0.3310 0.1892 0.1387 0.1898 0.4730 0.4599 0.2531 0.1587 0.1396 0.3310 0.5111 0.3689 0.2108
0.3714 0.5101 0.3247 0.1393 0.1590 0.2531 0.4587 0.4745 0.1936 0.1384 0.1874 0.3264 0.5141 0.3794 0.1437 0.1524 0.2369 0.4338 0.4870 0.2191 0.1375 0.1813 0.3126 0.5122 0.3974 0.1465 0.1497 0.2288 0.4183 0.4941 0.2412 0.1372 0.1765 0.3007 0.5085 0.4134 0.1500 0.1472 0.2212 0.4027 0.5002 0.2644 0.1372 0.1719 0.2892 0.5023 0.4286 0.1547 0.1443 0.2046 0.2872 0.2046 0.1443 0.1547 0.4286 0.5023 0.2892 0.1719 0.1372 0.2644 0.5002 0.4027 0.2212 0.1472 0.1500 0.4134 0.5085 0.3007 0.1765 0.1372 0.2412 0.4941 0.4183 0.2288 0.1497 0.1465 0.3974 0.5122 0.3126 0.1813 0.1375 0.2191 0.4870 0.4338 0.2369 0.1524 0.1437 0.3794 0.5141 0.3264 0.1874 0.1384 0.1936 0.4745 0.4587 0.2531 0.1590 0.1393 0.3247 0.5101 0.3714
0.5086 0.3161 0.1389 0.1599 0.2548 0.4599 0.4745 0.1950 0.1383 0.1862 0.3230 0.5137 0.3855 0.1447 0.1513 0.2336 0.4273 0.4902 0.2285 0.1373 0.1792 0.3073 0.5109 0.4045 0.1479 0.1486 0.2254 0.4115 0.4969 0.2512 0.1371 0.1745 0.2957 0.5062 0.4199 0.1517 0.1462 0.2180 0.3960 0.5025 0.2745 0.1373 0.1700 0.2845 0.4990 0.4345 0.1568 0.1439 0.2088 0.3638 0.4987 0.3638 0.2088 0.1439 0.1568 0.4345 0.4990 0.2845 0.1700 0.1373 0.2745 0.5025 0.3960 0.2180 0.1462 0.1517 0.4199 0.5062 0.2957 0.1745 0.1371 0.2512 0.4969 0.4115 0.2254 0.1486 0.1479 0.4045 0.5109 0.3073 0.1792 0.1373 0.2285 0.4902 0.4273 0.2336 0.1513 0.1447 0.3855 0.5137 0.3230 0.1862 0.1383 0.1950 0.4745 0.4599 0.2548 0.1599 0.1389 0.3161 0.5086
0.3111 0.1385 0.1613 0.2578 0.4635 0.4730 0.1936 0.1383 0.1858 0.3212 0.5134 0.3900 0.1455 0.1504 0.2306 0.4212 0.4930 0.2379 0.1372 0.1771 0.3022 0.5091 0.4114 0.1495 0.1475 0.2221 0.4047 0.4995 0.2613 0.1371 0.1725 0.2908 0.5035 0.4263 0.1537 0.1453 0.2148 0.3894 0.5046 0.2846 0.1374 0.1682 0.2798 0.4951 0.4402 0.1593 0.1432 0.2073 0.3702 0.5109 0.4389 0.5109 0.3702 0.2073 0.1432 0.1593 0.4402 0.4951 0.2798 0.1682 0.1374 0.2846 0.5046 0.3894 0.2148 0.1453 0.1537 0.4263 0.5035 0.2908 0.1725 0.1371 0.2613 0.4995 0.4047 0.2221 0.1475 0.1495 0.4114 0.5091 0.3022 0.1771 0.1372 0.2379 0.4930 0.4212 0.2306 0.1504 0.1455 0.3900 0.5134 0.3212 0.1858 0.1383 0.1936 0.4730 0.4635 0.2578 0.1613 0.1385 0.3111
0.1464 0.1628 0.2616 0.4685 0.4701 0.1898 0.1384 0.1862 0.3212 0.5133 0.3923 0.1461 0.1498 0.2284 0.4162 0.4953 0.2465 0.1371 0.1751 0.2973 0.5070 0.4180 0.1512 0.1465 0.2189 0.3980 0.5018 0.2715 0.1372 0.1706 0.2860 0.5002 0.4323 0.1559 0.1444 0.2118 0.3828 0.5065 0.2947 0.1377 0.1665 0.2753 0.4907 0.4457 0.1621 0.1424 0.2048 0.3666 0.5108 0.3430 0.1599 0.3430 0.5108 0.3666 0.2048 0.1424 0.1621 0.4457 0.4907 0.2753 0.1665 0.1377 0.2947 0.5065 0.3828 0.2118 0.1444 0.1559 0.4323 0.5002 0.2860 0.1706 0.1372 0.2715 0.5018 0.3980 0.2189 0.1465 0.1512 0.4180 0.5070 0.2973 0.1751 0.1371 0.2465 0.4953 0.4162 0.2284 0.1498 0.1461 0.3923 0.5133 0.3212 0.1862 0.1384 0.1898 0.4701 0.4685 0.2616 0.1628 0.1464
0.1693 0.2657 0.4741 0.4662 0.1847 0.1387 0.1874 0.3230 0.5134 0.3923 0.1463 0.1495 0.2269 0.4126 0.4971 0.2538 0.1371 0.1735 0.2928 0.5045 0.4242 0.1530 0.1456 0.2158 0.3913 0.5040 0.2816 0.1374 0.1688 0.2813 0.4964 0.4382 0.1583 0.1435 0.2088 0.3763 0.5083 0.3046 0.1380 0.1648 0.2709 0.4859 0.4510 0.1654 0.1417 0.2020 0.3610 0.5116 0.3326 0.1397 0.1397 0.1397 0.3326 0.5116 0.3610 0.2020 0.1417 0.1654 0.4510 0.4859 0.2709 0.1648 0.1380 0.3046 0.5083 0.3763 0.2088 0.1435 0.1583 0.4382 0.4964 0.2813 0.1688 0.1374 0.2816 0.5040 0.3913 0.2158 0.1456 0.1530 0.4242 0.5045 0.2928 0.1735 0.1371 0.2538 0.4971 0.4126 0.2269 0.1495 0.1463 0.3923 0.5134 0.3230 0.1874 0.1387 0.1847 0.4662 0.4741 0.2657 0.1693
0.2701 0.4798 0.4617 0.1793 0.1391 0.1892 0.3264 0.5137 0.3900 0.1461 0.1495 0.2264 0.4106 0.4982 0.2591 0.1371 0.1721 0.2891 0.5020 0.4297 0.1550 0.1447 0.2127 0.3847 0.5060 0.2917 0.1376 0.1670 0.2767 0.4922 0.4438 0.1611 0.1427 0.2059 0.3699 0.5098 0.3143 0.1384 0.1631 0.2666 0.4806 0.4560 0.1691 0.1410 0.1994 0.3549 0.5126 0.3379 0.1397 0.1543 0.1961 0.1543 0.1397 0.3379 0.5126 0.3549 0.1994 0.1410 0.1691 0.4560 0.4806 0.2666 0.1631 0.1384 0.3143 0.5098 0.3699 0.2059 0.1427 0.1611 0.4438 0.4922 0.2767 0.1670 0.1376 0.2917 0.5060 0.3847 0.2127 0.1447 0.1550 0.4297 0.5020 0.2891 0.1721 0.1371 0.2591 0.4982 0.4106 0.2264 0.1495 0.1461 0.3900 0.5137 0.3264 0.1892 0.1391 0.1793 0.4617 0.4798 0.2701
0.4804 0.4569 0.1742 0.1396 0.1914 0.3310 0.5141 0.3855 0.1455 0.1498 0.2269 0.4106 0.4985 0.2619 0.1372 0.1711 0.2862 0.4996 0.4342 0.1569 0.1439 0.2100 0.3785 0.5077 0.3016 0.1379 0.1653 0.2722 0.4875 0.4492 0.1642 0.1420 0.2031 0.3635 0.5111 0.3238 0.1388 0.1615 0.2623 0.4751 0.4609 0.1734 0.1403 0.1967 0.3489 0.5133 0.3461 0.1403 0.1569 0.2412 0.3485 0.2412 0.1569 0.1403 0.3461 0.5133 0.3489 0.1967 0.1403 0.1734 0.4609 0.4751 0.2623 0.1615 0.1388 0.3238 0.5111 0.3635 0.2031 0.1420 0.1642 0.4492 0.4875 0.2722 0.1653 0.1379 0.3016 0.5077 0.3785 0.2100 0.1439 0.1569 0.4342 0.4996 0.2862 0.1711 0.1372 0.2619 0.4985 0.4106 0.2269 0.1498 0.1455 0.3855 0.5141 0.3310 0.1914 0.1396 0.1742 0.4569 0.4804
0.4539 0.1697 0.1402 0.1938 0.3364 0.5143 0.3794 0.1447 0.1504 0.2284 0.4126 0.4982 0.2619 0.1372 0.1707 0.2844 0.4978 0.4376 0.1586 0.1433 0.2076 0.3730 0.5092 0.3108 0.1382 0.1636 0.2679 0.4824 0.4544 0.1678 0.1412 0.2004 0.3573 0.5122 0.3332 0.1394 0.1600 0.2581 0.4693 0.4655 0.1784 0.1397 0.1942 0.3430 0.5139 0.3546 0.1410 0.1562 0.2462 0.4370 0.5118 0.4370 0.2462 0.1562 0.1410 0.3546 0.5139 0.3430 0.1942 0.1397 0.1784 0.4655 0.4693 0.2581 0.1600 0.1394 0.3332 0.5122 0.3573 0.2004 0.1412 0.1678 0.4544 0.4824 0.2679 0.1636 0.1382 0.3108 0.5092 0.3730 0.2076 0.1433 0.1586 0.4376 0.4978 0.2844 0.1707 0.1372 0.2619 0.4982 0.4126 0.2284 0.1504 0.1447 0.3794 0.5143 0.3364 0.1938 0.1402 0.1697 0.4539
0.1737 0.1409 0.1964 0.3423 0.5142 0.3720 0.1437 0.1513 0.2306 0.4162 0.4971 0.2591 0.1372 0.1707 0.2838 0.4968 0.4398 0.1599 0.1428 0.2057 0.3683 0.5103 0.3189 0.1386 0.1621 0.2638 0.4770 0.4593 0.1719 0.1405 0.1977 0.3512 0.5131 0.3423 0.1400 0.1585 0.2541 0.4632 0.4699 0.1841 0.1392 0.1917 0.3372 0.5142 0.3630 0.1418 0.1550 0.2441 0.4439 0.4876 0.3631 0.4876 0.4439 0.2441 0.1550 0.1418 0.3630 0.5142 0.3372 0.1917 0.1392 0.1841 0.4699 0.4632 0.2541 0.1585 0.1400 0.3423 0.5131 0.3512 0.1977 0.1405 0.1719 0.4593 0.4770 0.2638 0.1621 0.1386 0.3189 0.5103 0.3683 0.2057 0.1428 0.1599 0.4398 0.4968 0.2838 0.1707 0.1372 0.2591 0.4971 0.4162 0.2306 0.1513 0.1437 0.3720 0.5142 0.3423 0.1964 0.1409 0.1737
0.1486 0.1991 0.3482 0.5139 0.3639 0.1427 0.1524 0.2336 0.4212 0.4953 0.2538 0.1371 0.1711 0.2844 0.4968 0.4405 0.1606 0.1426 0.2044 0.3648 0.5111 0.3257 0.1390 0.1608 0.2601 0.4717 0.4638 0.1766 0.1399 0.1951 0.3452 0.5137 0.3511 0.1406 0.1570 0.2501 0.4569 0.4741 0.1907 0.1387 0.1892 0.3314 0.5143 0.3712 0.1427 0.1538 0.2407 0.4402 0.4850 0.2344 0.1398 0.2344 0.4850 0.4402 0.2407 0.1538 0.1427 0.3712 0.5143 0.3314 0.1892 0.1387 0.1907 0.4741 0.4569 0.2501 0.1570 0.1406 0.3511 0.5137 0.3452 0.1951 0.1399 0.1766 0.4638 0.4717 0.2601 0.1608 0.1390 0.3257 0.5111 0.3648 0.2044 0.1426 0.1606 0.4405 0.4968 0.2844 0.1711 0.1371 0.2538 0.4953 0.4212 0.2336 0.1524 0.1427 0.3639 0.5139 0.3482 0.1991 0.1486
0.2046 0.3544 0.5134 0.3554 0.1418 0.1537 0.2369 0.4273 0.4930 0.2465 0.1371 0.1721 0.2862 0.4978 0.4398 0.1606 0.1425 0.2037 0.3626 0.5117 0.3309 0.1393 0.1597 0.2569 0.4667 0.4678 0.1816 0.1394 0.1926 0.3393 0.5141 0.3597 0.1414 0.1557 0.2462 0.4504 0.4780 0.1980 0.1383 0.1869 0.3258 0.5140 0.3792 0.1436 0.1525 0.2372 0.4341 0.4871 0.2237 0.1361 0.1500 0.1361 0.2237 0.4871 0.4341 0.2372 0.1525 0.1436 0.3792 0.5140 0.3258 0.1869 0.1383 0.1980 0.4780 0.4504 0.2462 0.1557 0.1414 0.3597 0.5141 0.3393 0.1926 0.1394 0.1816 0.4678 0.4667 0.2569 0.1597 0.1393 0.3309 0.5117 0.3626 0.2037 0.1425 0.1606 0.4398 0.4978 0.2862 0.1721 0.1371 0.2465 0.4930 0.4273 0.2369 0.1537 0.1418 0.3554 0.5134 0.3544 0.2046
0.3573 0.5127 0.3466 0.1410 0.1550 0.2406 0.4338 0.4902 0.2379 0.1371 0.1735 0.2891 0.4996 0.4376 0.1599 0.1426 0.2037 0.3618 0.5119 0.3341 0.1396 0.1589 0.2543 0.4624 0.4710 0.1866 0.1389 0.1904 0.3339 0.5143 0.3680 0.1423 0.1543 0.2424 0.4438 0.4818 0.2061 0.1379 0.1846 0.3203 0.5135 0.3869 0.1448 0.1513 0.2336 0.4275 0.4901 0.2292 0.1370 0.1724 0.2306 0.1724 0.1370 0.2292 0.4901 0.4275 0.2336 0.1513 0.1448 0.3869 0.5135 0.3203 0.1846 0.1379 0.2061 0.4818 0.4438 0.2424 0.1543 0.1423 0.3680 0.5143 0.3339 0.1904 0.1389 0.1866 0.4710 0.4624 0.2543 0.1589 0.1396 0.3341 0.5119 0.3618 0.2037 0.1426 0.1599 0.4376 0.4996 0.2891 0.1735 0.1371 0.2379 0.4902 0.4338 0.2406 0.1550 0.1410 0.3466 0.5127 0.3573
0.5113 0.3376 0.1403 0.1564 0.2443 0.4406 0.4870 0.2285 0.1372 0.1751 0.2928 0.5020 0.4342 0.1586 0.1428 0.2044 0.3626 0.5119 0.3352 0.1398 0.1584 0.2526 0.4590 0.4736 0.1913 0.1386 0.1884 0.3290 0.5142 0.3756 0.1432 0.1531 0.2387 0.4372 0.4853 0.2147 0.1376 0.1823 0.3150 0.5127 0.3943 0.1460 0.1502 0.2301 0.4208 0.4931 0.2380 0.1371 0.1758 0.2890 0.4216 0.2890 0.1758 0.1371 0.2380 0.4931 0.4208 0.2301 0.1502 0.1460 0.3943 0.5127 0.3150 0.1823 0.1376 0.2147 0.4853 0.4372 0.2387 0.1531 0.1432 0.3756 0.5142 0.3290 0.1884 0.1386 0.1913 0.4736 0.4590 0.2526 0.1584 0.1398 0.3352 0.5119 0.3626 0.2044 0.1428 0.1586 0.4342 0.5020 0.2928 0.1751 0.1372 0.2285 0.4870 0.4406 0.2443 0.1564 0.1403 0.3376 0.5113
0.3326 0.1396 0.1578 0.2482 0.4472 0.4835 0.2191 0.1373 0.1771 0.2973 0.5045 0.4297 0.1569 0.1433 0.2057 0.3648 0.5117 0.3341 0.1398 0.1583 0.2517 0.4569 0.4754 0.1951 0.1383 0.1868 0.3248 0.5139 0.3823 0.1442 0.1519 0.2353 0.4306 0.4886 0.2239 0.1374 0.1802 0.3097 0.5115 0.4015 0.1473 0.1490 0.2267 0.4140 0.4959 0.2477 0.1371 0.1748 0.2946 0.4986 0.4935 0.4986 0.2946 0.1748 0.1371 0.2477 0.4959 0.4140 0.2267 0.1490 0.1473 0.4015 0.5115 0.3097 0.1802 0.1374 0.2239 0.4886 0.4306 0.2353 0.1519 0.1442 0.3823 0.5139 0.3248 0.1868 0.1383 0.1951 0.4754 0.4569 0.2517 0.1583 0.1398 0.3341 0.5117 0.3648 0.2057 0.1433 0.1569 0.4297 0.5045 0.2973 0.1771 0.1373 0.2191 0.4835 0.4472 0.2482 0.1578 0.1396 0.3326
0.1474 0.1592 0.2521 0.4538 0.4799 0.2102 0.1375 0.1792 0.3022 0.5070 0.4242 0.1550 0.1439 0.2076 0.3683 0.5111 0.3309 0.1396 0.1584 0.2517 0.4562 0.4763 0.1975 0.1382 0.1856 0.3215 0.5136 0.3879 0.1451 0.1509 0.2322 0.4244 0.4916 0.2332 0.1372 0.1781 0.3045 0.5100 0.4085 0.1488 0.1480 0.2234 0.4073 0.4985 0.2578 0.1371 0.1731 0.2918 0.5025 0.4396 0.2587 0.4396 0.5025 0.2918 0.1731 0.1371 0.2578 0.4985 0.4073 0.2234 0.1480 0.1488 0.4085 0.5100 0.3045 0.1781 0.1372 0.2332 0.4916 0.4244 0.2322 0.1509 0.1451 0.3879 0.5136 0.3215 0.1856 0.1382 0.1975 0.4763 0.4562 0.2517 0.1584 0.1396 0.3309 0.5111 0.3683 0.2076 0.1439 0.1550 0.4242 0.5070 0.3022 0.1792 0.1375 0.2102 0.4799 0.4538 0.2521 0.1592 0.1474
0.1658 0.2562 0.4602 0.4760 0.2017 0.1378 0.1813 0.3073 0.5091 0.4180 0.1530 0.1447 0.2100 0.3730 0.5103 0.3257 0.1393 0.1589 0.2526 0.4569 0.4763 0.1984 0.1381 0.1849 0.3192 0.5132 0.3924 0.1459 0.1501 0.2294 0.4187 0.4942 0.2422 0.1372 0.1761 0.2996 0.5080 0.4151 0.1504 0.1470 0.2202 0.4006 0.5010 0.2678 0.1372 0.1712 0.2874 0.5008 0.4337 0.1614 0.1351 0.1614 0.4337 0.5008 0.2874 0.1712 0.1372 0.2678 0.5010 0.4006 0.2202 0.1470 0.1504 0.4151 0.5080 0.2996 0.1761 0.1372 0.2422 0.4942 0.4187 0.2294 0.1501 0.1459 0.3924 0.5132 0.3192 0.1849 0.1381 0.1984 0.4763 0.4569 0.2526 0.1589 0.1393 0.3257 0.5103 0.3730 0.2100 0.1447 0.1530 0.4180 0.5091 0.3073 0.1813 0.1378 0.2017 0.4760 0.4602 0.2562 0.1658
0.2607 0.4665 0.4719 0.1940 0.1381 0.1835 0.3126 0.5109 0.4114 0.1512 0.1456 0.2127 0.3785 0.5092 0.3189 0.1390 0.1597 0.2543 0.4590 0.4754 0.1975 0.1381 0.1846 0.3180 0.5129 0.3955 0.1466 0.1494 0.2272 0.4138 0.4963 0.2504 0.1371 0.1743 0.2950 0.5057 0.4213 0.1522 0.1460 0.2171 0.3940 0.5032 0.2778 0.1373 0.1694 0.2828 0.4976 0.4371 0.1588 0.1406 0.1665 0.1406 0.1588 0.4371 0.4976 0.2828 0.1694 0.1373 0.2778 0.5032 0.3940 0.2171 0.1460 0.1522 0.4213 0.5057 0.2950 0.1743 0.1371 0.2504 0.4963 0.4138 0.2272 0.1494 0.1466 0.3955 0.5129 0.3180 0.1846 0.1381 0.1975 0.4754 0.4590 0.2543 0.1597 0.1390 0.3189 0.5092 0.3785 0.2127 0.1456 0.1512 0.4114 0.5109 0.3126 0.1835 0.1381 0.1940 0.4719 0.4665 0.2607
0.4674 0.4676 0.1871 0.1385 0.1858 0.3179 0.5122 0.4045 0.1495 0.1465 0.2158 0.3847 0.5077 0.3108 0.1386 0.1608 0.2569 0.4624 0.4736 0.1951 0.1382 0.1849 0.3180 0.5128 0.3970 0.1470 0.1489 0.2255 0.4099 0.4981 0.2576 0.1371 0.1727 0.2907 0.5032 0.4271 0.1541 0.1451 0.2141 0.3876 0.5052 0.2878 0.1375 0.1676 0.2783 0.4936 0.4422 0.1605 0.1423 0.1981 0.2761 0.1981 0.1423 0.1605 0.4422 0.4936 0.2783 0.1676 0.1375 0.2878 0.5052 0.3876 0.2141 0.1451 0.1541 0.4271 0.5032 0.2907 0.1727 0.1371 0.2576 0.4981 0.4099 0.2255 0.1489 0.1470 0.3970 0.5128 0.3180 0.1849 0.1382 0.1951 0.4736 0.4624 0.2569 0.1608 0.1386 0.3108 0.5077 0.3847 0.2158 0.1465 0.1495 0.4045 0.5122 0.3179 0.1858 0.1385 0.1871 0.4676 0.4674
0.4649 0.1809 0.1389 0.1882 0.3234 0.5132 0.3974 0.1479 0.1475 0.2189 0.3913 0.5060 0.3016 0.1382 0.1621 0.2601 0.4667 0.4710 0.1913 0.1383 0.1856 0.3192 0.5129 0.3970 0.1471 0.1487 0.2244 0.4071 0.4993 0.2635 0.1372 0.1713 0.2871 0.5005 0.4323 0.1560 0.1443 0.2113 0.3814 0.5070 0.2974 0.1378 0.1659 0.2739 0.4891 0.4475 0.1632 0.1421 0.2022 0.3495 0.4894 0.3495 0.2022 0.1421 0.1632 0.4475 0.4891 0.2739 0.1659 0.1378 0.2974 0.5070 0.3814 0.2113 0.1443 0.1560 0.4323 0.5005 0.2871 0.1713 0.1372 0.2635 0.4993 0.4071 0.2244 0.1487 0.1471 0.3970 0.5129 0.3192 0.1856 0.1383 0.1913 0.4710 0.4667 0.2601 0.1621 0.1382 0.3016 0.5060 0.3913 0.2189 0.1475 0.1479 0.3974 0.5132 0.3234 0.1882 0.1389 0.1809 0.4649
0.1831 0.1395 0.1906 0.3290 0.5139 0.3900 0.1465 0.1486 0.2221 0.3980 0.5040 0.2917 0.1379 0.1636 0.2638 0.4717 0.4678 0.1866 0.1386 0.1868 0.3215 0.5132 0.3955 0.1470 0.1487 0.2241 0.4056 0.5001 0.2676 0.1372 0.1703 0.2841 0.4980 0.4367 0.1580 0.1436 0.2086 0.3755 0.5085 0.3067 0.1381 0.1643 0.2696 0.4844 0.4526 0.1665 0.1414 0.2008 0.3558 0.5126 0.4511 0.5126 0.3558 0.2008 0.1414 0.1665 0.4526 0.4844 0.2696 0.1643 0.1381 0.3067 0.5085 0.3755 0.2086 0.1436 0.1580 0.4367 0.4980 0.2841 0.1703 0.1372 0.2676 0.5001 0.4056 0.2241 0.1487 0.1470 0.3955 0.5132 0.3215 0.1868 0.1386 0.1866 0.4678 0.4717 0.2638 0.1636 0.1379 0.2917 0.5040 0.3980 0.2221 0.1486 0.1465 0.3900 0.5139 0.3290 0.1906 0.1395 0.1831
0.1474 0.1931 0.3347 0.5142 0.3824 0.1452 0.1497 0.2254 0.4047 0.5018 0.2816 0.1376 0.1653 0.2679 0.4770 0.4638 0.1816 0.1389 0.1884 0.3248 0.5136 0.3924 0.1466 0.1489 0.2244 0.4056 0.5004 0.2697 0.1373 0.1695 0.2819 0.4958 0.4403 0.1598 0.1429 0.2064 0.3701 0.5099 0.3154 0.1384 0.1628 0.2655 0.4793 0.4574 0.1703 0.1408 0.1985 0.3523 0.5130 0.3630 0.1687 0.3630 0.5130 0.3523 0.1985 0.1408 0.1703 0.4574 0.4793 0.2655 0.1628 0.1384 0.3154 0.5099 0.3701 0.2064 0.1429 0.1598 0.4403 0.4958 0.2819 0.1695 0.1373 0.2697 0.5004 0.4056 0.2244 0.1489 0.1466 0.3924 0.5136 0.3248 0.1884 0.1389 0.1816 0.4638 0.4770 0.2679 0.1653 0.1376 0.2816 0.5018 0.4047 0.2254 0.1497 0.1452 0.3824 0.5142 0.3347 0.1931 0.1474
0.1987 0.3406 0.5143 0.3745 0.1441 0.1509 0.2288 0.4115 0.4995 0.2715 0.1374 0.1670 0.2722 0.4824 0.4593 0.1766 0.1394 0.1904 0.3290 0.5139 0.3879 0.1459 0.1494 0.2255 0.4071 0.5001 0.2697 0.1373 0.1692 0.2804 0.4942 0.4430 0.1614 0.1425 0.2044 0.3655 0.5109 0.3233 0.1388 0.1614 0.2616 0.4740 0.4619 0.1745 0.1402 0.1960 0.3470 0.5135 0.3532 0.1417 0.1382 0.1417 0.3532 0.5135 0.3470 0.1960 0.1402 0.1745 0.4619 0.4740 0.2616 0.1614 0.1388 0.3233 0.5109 0.3655 0.2044 0.1425 0.1614 0.4430 0.4942 0.2804 0.1692 0.1373 0.2697 0.5001 0.4071 0.2255 0.1494 0.1459 0.3879 0.5139 0.3290 0.1904 0.1394 0.1766 0.4593 0.4824 0.2722 0.1670 0.1374 0.2715 0.4995 0.4115 0.2288 0.1509 0.1441 0.3745 0.5143 0.3406 0.1987
0.3437 0.5141 0.3663 0.1430 0.1521 0.2323 0.4183 0.4969 0.2613 0.1372 0.1688 0.2767 0.4875 0.4544 0.1719 0.1399 0.1926 0.3339 0.5142 0.3823 0.1451 0.1501 0.2272 0.4099 0.4993 0.2676 0.1373 0.1692 0.2799 0.4933 0.4446 0.1626 0.1421 0.2029 0.3616 0.5117 0.3301 0.1392 0.1601 0.2581 0.4688 0.4661 0.1793 0.1396 0.1936 0.3415 0.5140 0.3580 0.1414 0.1513 0.1902 0.1513 0.1414 0.3580 0.5140 0.3415 0.1936 0.1396 0.1793 0.4661 0.4688 0.2581 0.1601 0.1392 0.3301 0.5117 0.3616 0.2029 0.1421 0.1626 0.4446 0.4933 0.2799 0.1692 0.1373 0.2676 0.4993 0.4099 0.2272 0.1501 0.1451 0.3823 0.5142 0.3339 0.1926 0.1399 0.1719 0.4544 0.4875 0.2767 0.1688 0.1372 0.2613 0.4969 0.4183 0.2323 0.1521 0.1430 0.3663 0.5141 0.3437
0.5129 0.3579 0.1421 0.1533 0.2359 0.4251 0.4941 0.2512 0.1371 0.1706 0.2813 0.4922 0.4492 0.1678 0.1405 0.1951 0.3393 0.5143 0.3756 0.1442 0.1509 0.2294 0.4138 0.4981 0.2635 0.1372 0.1695 0.2804 0.4933 0.4452 0.1632 0.1419 0.2018 0.3587 0.5122 0.3357 0.1396 0.1590 0.2550 0.4638 0.4699 0.1846 0.1391 0.1913 0.3361 0.5142 0.3652 0.1420 0.1538 0.2328 0.3347 0.2328 0.1538 0.1420 0.3652 0.5142 0.3361 0.1913 0.1391 0.1846 0.4699 0.4638 0.2550 0.1590 0.1396 0.3357 0.5122 0.3587 0.2018 0.1419 0.1632 0.4452 0.4933 0.2804 0.1695 0.1372 0.2635 0.4981 0.4138 0.2294 0.1509 0.1442 0.3756 0.5143 0.3393 0.1951 0.1405 0.1678 0.4492 0.4922 0.2813 0.1706 0.1371 0.2512 0.4941 0.4251 0.2359 0.1533 0.1421 0.3579 0.5129
0.3530 0.1412 0.1546 0.2395 0.4318 0.4911 0.2412 0.1371 0.1725 0.2860 0.4964 0.4438 0.1642 0.1412 0.1977 0.3452 0.5141 0.3680 0.1432 0.1519 0.2322 0.4187 0.4963 0.2576 0.1372 0.1703 0.2819 0.4942 0.4446 0.1632 0.1418 0.2012 0.3568 0.5126 0.3399 0.1400 0.1581 0.2523 0.4593 0.4731 0.1899 0.1387 0.1891 0.3309 0.5142 0.3726 0.1429 0.1533 0.2378 0.4218 0.5124 0.4218 0.2378 0.1533 0.1429 0.3726 0.5142 0.3309 0.1891 0.1387 0.1899 0.4731 0.4593 0.2523 0.1581 0.1400 0.3399 0.5126 0.3568 0.2012 0.1418 0.1632 0.4446 0.4942 0.2819 0.1703 0.1372 0.2576 0.4963 0.4187 0.2322 0.1519 0.1432 0.3680 0.5141 0.3452 0.1977 0.1412 0.1642 0.4438 0.4964 0.2860 0.1725 0.1371 0.2412 0.4911 0.4318 0.2395 0.1546 0.1412 0.3530
0.1489 0.1559 0.2432 0.4386 0.4879 0.2314 0.1372 0.1745 0.2908 0.5002 0.4382 0.1611 0.1420 0.2004 0.3512 0.5137 0.3597 0.1423 0.1531 0.2353 0.4244 0.4942 0.2504 0.1371 0.1713 0.2841 0.4958 0.4430 0.1626 0.1419 0.2012 0.3562 0.5128 0.3426 0.1402 0.1575 0.2502 0.4555 0.4757 0.1949 0.1384 0.1872 0.3261 0.5140 0.3798 0.1438 0.1523 0.2360 0.4290 0.4942 0.3810 0.4942 0.4290 0.2360 0.1523 0.1438 0.3798 0.5140 0.3261 0.1872 0.1384 0.1949 0.4757 0.4555 0.2502 0.1575 0.1402 0.3426 0.5128 0.3562 0.2012 0.1419 0.1626 0.4430 0.4958 0.2841 0.1713 0.1371 0.2504 0.4942 0.4244 0.2353 0.1531 0.1423 0.3597 0.5137 0.3512 0.2004 0.1420 0.1611 0.4382 0.5002 0.2908 0.1745 0.1372 0.2314 0.4879 0.4386 0.2432 0.1559 0.1489
0.1627 0.2471 0.4453 0.4846 0.2219 0.1373 0.1765 0.2957 0.5035 0.4323 0.1583 0.1427 0.2031 0.3573 0.5131 0.3511 0.1414 0.1543 0.2387 0.4306 0.4916 0.2422 0.1371 0.1727 0.2871 0.4980 0.4403 0.1614 0.1421 0.2018 0.3568 0.5128 0.3436 0.1404 0.1570 0.2487 0.4525 0.4778 0.1994 0.1381 0.1856 0.3220 0.5136 0.3863 0.1448 0.1512 0.2332 0.4257 0.4920 0.2566 0.1422 0.2566 0.4920 0.4257 0.2332 0.1512 0.1448 0.3863 0.5136 0.3220 0.1856 0.1381 0.1994 0.4778 0.4525 0.2487 0.1570 0.1404 0.3436 0.5128 0.3568 0.2018 0.1421 0.1614 0.4403 0.4980 0.2871 0.1727 0.1371 0.2422 0.4916 0.4306 0.2387 0.1543 0.1414 0.3511 0.5131 0.3573 0.2031 0.1427 0.1583 0.4323 0.5035 0.2957 0.1765 0.1373 0.2219 0.4846 0.4453 0.2471 0.1627
0.2517 0.4519 0.4810 0.2128 0.1374 0.1785 0.3007 0.5062 0.4263 0.1559 0.1435 0.2059 0.3635 0.5122 0.3423 0.1406 0.1557 0.2424 0.4372 0.4886 0.2332 0.1372 0.1743 0.2907 0.5005 0.4367 0.1598 0.1425 0.2029 0.3587 0.5126 0.3426 0.1404 0.1569 0.2479 0.4506 0.4792 0.2030 0.1379 0.1843 0.3185 0.5132 0.3918 0.1457 0.1503 0.2303 0.4204 0.4936 0.2444 0.1362 0.1475 0.1362 0.2444 0.4936 0.4204 0.2303 0.1503 0.1457 0.3918 0.5132 0.3185 0.1843 0.1379 0.2030 0.4792 0.4506 0.2479 0.1569 0.1404 0.3426 0.5126 0.3587 0.2029 0.1425 0.1598 0.4367 0.5005 0.2907 0.1743 0.1372 0.2332 0.4886 0.4372 0.2424 0.1557 0.1406 0.3423 0.5122 0.3635 0.2059 0.1435 0.1559 0.4263 0.5062 0.3007 0.1785 0.1374 0.2128 0.4810 0.4519 0.2517
0.4532 0.4772 0.2042 0.1377 0.1807 0.3058 0.5085 0.4199 0.1537 0.1444 0.2088 0.3699 0.5111 0.3332 0.1400 0.1570 0.2462 0.4438 0.4853 0.2239 0.1372 0.1761 0.2950 0.5032 0.4323 0.1580 0.1429 0.2044 0.3616 0.5122 0.3399 0.1402 0.1570 0.2479 0.4500 0.4800 0.2054 0.1378 0.1833 0.3158 0.5126 0.3964 0.1466 0.1495 0.2276 0.4150 0.4958 0.2490 0.1369 0.1684 0.2232 0.1684 0.1369 0.2490 0.4958 0.4150 0.2276 0.1495 0.1466 0.3964 0.5126 0.3158 0.1833 0.1378 0.2054 0.4800 0.4500 0.2479 0.1570 0.1402 0.3399 0.5122 0.3616 0.2044 0.1429 0.1580 0.4323 0.5032 0.2950 0.1761 0.1372 0.2239 0.4853 0.4438 0.2462 0.1570 0.1400 0.3332 0.5111 0.3699 0.2088 0.1444 0.1537 0.4199 0.5085 0.3058 0.1807 0.1377 0.2042 0.4772 0.4532
0.4747 0.1962 0.1380 0.1829 0.3110 0.5104 0.4134 0.1517 0.1453 0.2118 0.3763 0.5098 0.3238 0.1394 0.1585 0.2501 0.4504 0.4818 0.2147 0.1374 0.1781 0.2996 0.5057 0.4271 0.1560 0.1436 0.2064 0.3655 0.5117 0.3357 0.1400 0.1575 0.2487 0.4506 0.4800 0.2063 0.1378 0.1826 0.3138 0.5121 0.4001 0.1474 0.1488 0.2254 0.4102 0.4978 0.2562 0.1371 0.1719 0.2792 0.4073 0.2792 0.1719 0.1371 0.2562 0.4978 0.4102 0.2254 0.1488 0.1474 0.4001 0.5121 0.3138 0.1826 0.1378 0.2063 0.4800 0.4506 0.2487 0.1575 0.1400 0.3357 0.5117 0.3655 0.2064 0.1436 0.1560 0.4271 0.5057 0.2996 0.1781 0.1374 0.2147 0.4818 0.4504 0.2501 0.1585 0.1394 0.3238 0.5098 0.3763 0.2118 0.1453 0.1517 0.4134 0.5104 0.3110 0.1829 0.1380 0.1962 0.4747
0.1962 0.1384 0.1851 0.3163 0.5119 0.4066 0.1500 0.1462 0.2148 0.3828 0.5083 0.3143 0.1388 0.1600 0.2541 0.4569 0.4780 0.2061 0.1376 0.1802 0.3045 0.5080 0.4213 0.1541 0.1443 0.2086 0.3701 0.5109 0.3301 0.1396 0.1581 0.2502 0.4525 0.4792 0.2054 0.1378 0.1824 0.3128 0.5118 0.4027 0.1480 0.1482 0.2235 0.4060 0.4995 0.2632 0.1372 0.1714 0.2854 0.4906 0.4985 0.4906 0.2854 0.1714 0.1372 0.2632 0.4995 0.4060 0.2235 0.1482 0.1480 0.4027 0.5118 0.3128 0.1824 0.1378 0.2054 0.4792 0.4525 0.2502 0.1581 0.1396 0.3301 0.5109 0.3701 0.2086 0.1443 0.1541 0.4213 0.5080 0.3045 0.1802 0.1376 0.2061 0.4780 0.4569 0.2541 0.1600 0.1388 0.3143 0.5083 0.3828 0.2148 0.1462 0.1500 0.4066 0.5119 0.3163 0.1851 0.1384 0.1962
0.1464 0.1875 0.3218 0.5130 0.3995 0.1484 0.1472 0.2180 0.3894 0.5065 0.3046 0.1384 0.1615 0.2581 0.4632 0.4741 0.1980 0.1379 0.1823 0.3097 0.5100 0.4151 0.1522 0.1451 0.2113 0.3755 0.5099 0.3233 0.1392 0.1590 0.2523 0.4555 0.4778 0.2030 0.1378 0.1826 0.3128 0.5117 0.4040 0.1484 0.1479 0.2220 0.4026 0.5008 0.2693 0.1372 0.1702 0.2839 0.4963 0.4495 0.2779 0.4495 0.4963 0.2839 0.1702 0.1372 0.2693 0.5008 0.4026 0.2220 0.1479 0.1484 0.4040 0.5117 0.3128 0.1826 0.1378 0.2030 0.4778 0.4555 0.2523 0.1590 0.1392 0.3233 0.5099 0.3755 0.2113 0.1451 0.1522 0.4151 0.5100 0.3097 0.1823 0.1379 0.1980 0.4741 0.4632 0.2581 0.1615 0.1384 0.3046 0.5065 0.3894 0.2180 0.1472 0.1484 0.3995 0.5130 0.3218 0.1875 0.1464
0.1933 0.3274 0.5137 0.3922 0.1469 0.1483 0.2212 0.3960 0.5046 0.2947 0.1380 0.1631 0.2623 0.4693 0.4699 0.1907 0.1383 0.1846 0.3150 0.5115 0.4085 0.1504 0.1460 0.2141 0.3814 0.5085 0.3154 0.1388 0.1601 0.2550 0.4593 0.4757 0.1994 0.1379 0.1833 0.3138 0.5118 0.4040 0.1486 0.1477 0.2211 0.4002 0.5018 0.2744 0.1373 0.1692 0.2813 0.4953 0.4429 0.1675 0.1353 0.1675 0.4429 0.4953 0.2813 0.1692 0.1373 0.2744 0.5018 0.4002 0.2211 0.1477 0.1486 0.4040 0.5118 0.3138 0.1833 0.1379 0.1994 0.4757 0.4593 0.2550 0.1601 0.1388 0.3154 0.5085 0.3814 0.2141 0.1460 0.1504 0.4085 0.5115 0.3150 0.1846 0.1383 0.1907 0.4699 0.4693 0.2623 0.1631 0.1380 0.2947 0.5046 0.3960 0.2212 0.1483 0.1469 0.3922 0.5137 0.3274 0.1933
0.3307 0.5142 0.3847 0.1456 0.1494 0.2244 0.4027 0.5025 0.2846 0.1377 0.1648 0.2666 0.4751 0.4655 0.1841 0.1387 0.1869 0.3203 0.5127 0.4015 0.1488 0.1470 0.2171 0.3876 0.5070 0.3067 0.1384 0.1614 0.2581 0.4638 0.4731 0.1949 0.1381 0.1843 0.3158 0.5121 0.4027 0.1484 0.1477 0.2208 0.3990 0.5024 0.2780 0.1374 0.1683 0.2789 0.4931 0.4442 0.1630 0.1396 0.1636 0.1396 0.1630 0.4442 0.4931 0.2789 0.1683 0.1374 0.2780 0.5024 0.3990 0.2208 0.1477 0.1484 0.4027 0.5121 0.3158 0.1843 0.1381 0.1949 0.4731 0.4638 0.2581 0.1614 0.1384 0.3067 0.5070 0.3876 0.2171 0.1470 0.1488 0.4015 0.5127 0.3203 0.1869 0.1387 0.1841 0.4655 0.4751 0.2666 0.1648 0.1377 0.2846 0.5025 0.4027 0.2244 0.1494 0.1456 0.3847 0.5142 0.3307
0.5131 0.3768 0.1444 0.1505 0.2278 0.4095 0.5002 0.2745 0.1374 0.1665 0.2709 0.4806 0.4609 0.1784 0.1392 0.1892 0.3258 0.5135 0.3943 0.1473 0.1480 0.2202 0.3940 0.5052 0.2974 0.1381 0.1628 0.2616 0.4688 0.4699 0.1899 0.1384 0.1856 0.3185 0.5126 0.4001 0.1480 0.1479 0.2211 0.3990 0.5027 0.2798 0.1374 0.1677 0.2770 0.4911 0.4467 0.1637 0.1414 0.1944 0.2693 0.1944 0.1414 0.1637 0.4467 0.4911 0.2770 0.1677 0.1374 0.2798 0.5027 0.3990 0.2211 0.1479 0.1480 0.4001 0.5126 0.3185 0.1856 0.1384 0.1899 0.4699 0.4688 0.2616 0.1628 0.1381 0.2974 0.5052 0.3940 0.2202 0.1480 0.1473 0.3943 0.5135 0.3258 0.1892 0.1392 0.1784 0.4609 0.4806 0.2709 0.1665 0.1374 0.2745 0.5002 0.4095 0.2278 0.1505 0.1444 0.3768 0.5131
0.3722 0.1433 0.1517 0.2313 0.4163 0.4977 0.2644 0.1373 0.1682 0.2753 0.4859 0.4560 0.1734 0.1397 0.1917 0.3314 0.5140 0.3869 0.1460 0.1490 0.2234 0.4006 0.5032 0.2878 0.1378 0.1643 0.2655 0.4740 0.4661 0.1846 0.1387 0.1872 0.3220 0.5132 0.3964 0.1474 0.1482 0.2220 0.4002 0.5024 0.2798 0.1374 0.1674 0.2758 0.4895 0.4488 0.1650 0.1415 0.1995 0.3424 0.4833 0.3424 0.1995 0.1415 0.1650 0.4488 0.4895 0.2758 0.1674 0.1374 0.2798 0.5024 0.4002 0.2220 0.1482 0.1474 0.3964 0.5132 0.3220 0.1872 0.1387 0.1846 0.4661 0.4740 0.2655 0.1643 0.1378 0.2878 0.5032 0.4006 0.2234 0.1490 0.1460 0.3869 0.5140 0.3314 0.1917 0.1397 0.1734 0.4560 0.4859 0.2753 0.1682 0.1373 0.2644 0.4977 0.4163 0.2313 0.1517 0.1433 0.3722
0.1507 0.1529 0.2348 0.4231 0.4949 0.2543 0.1372 0.1700 0.2798 0.4907 0.4510 0.1691 0.1403 0.1942 0.3372 0.5143 0.3792 0.1448 0.1502 0.2267 0.4073 0.5010 0.2778 0.1375 0.1659 0.2696 0.4793 0.4619 0.1793 0.1391 0.1891 0.3261 0.5136 0.3918 0.1466 0.1488 0.2235 0.4026 0.5018 0.2780 0.1374 0.1674 0.2754 0.4887 0.4501 0.1661 0.1413 0.1995 0.3513 0.5130 0.4562 0.5130 0.3513 0.1995 0.1413 0.1661 0.4501 0.4887 0.2754 0.1674 0.1374 0.2780 0.5018 0.4026 0.2235 0.1488 0.1466 0.3918 0.5136 0.3261 0.1891 0.1391 0.1793 0.4619 0.4793 0.2696 0.1659 0.1375 0.2778 0.5010 0.4073 0.2267 0.1502 0.1448 0.3792 0.5143 0.3372 0.1942 0.1403 0.1691 0.4510 0.4907 0.2798 0.1700 0.1372 0.2543 0.4949 0.4231 0.2348 0.1529 0.1507
0.1598 0.2384 0.4298 0.4920 0.2443 0.1371 0.1719 0.2845 0.4951 0.4457 0.1654 0.1410 0.1967 0.3430 0.5142 0.3712 0.1436 0.1513 0.2301 0.4140 0.4985 0.2678 0.1373 0.1676 0.2739 0.4844 0.4574 0.1745 0.1396 0.1913 0.3309 0.5140 0.3863 0.1457 0.1495 0.2254 0.4060 0.5008 0.2744 0.1374 0.1677 0.2758 0.4887 0.4506 0.1667 0.1411 0.1989 0.3514 0.5133 0.3686 0.1724 0.3686 0.5133 0.3514 0.1989 0.1411 0.1667 0.4506 0.4887 0.2758 0.1677 0.1374 0.2744 0.5008 0.4060 0.2254 0.1495 0.1457 0.3863 0.5140 0.3309 0.1913 0.1396 0.1745 0.4574 0.4844 0.2739 0.1676 0.1373 0.2678 0.4985 0.4140 0.2301 0.1513 0.1436 0.3712 0.5142 0.3430 0.1967 0.1410 0.1654 0.4457 0.4951 0.2845 0.1719 0.1371 0.2443 0.4920 0.4298 0.2384 0.1598
0.2432 0.4366 0.4889 0.2345 0.1371 0.1738 0.2892 0.4990 0.4402 0.1621 0.1417 0.1994 0.3489 0.5139 0.3630 0.1427 0.1525 0.2336 0.4208 0.4959 0.2578 0.1372 0.1694 0.2783 0.4891 0.4526 0.1703 0.1402 0.1936 0.3361 0.5142 0.3798 0.1448 0.1503 0.2276 0.4102 0.4995 0.2693 0.1373 0.1683 0.2770 0.4895 0.4501 0.1667 0.1411 0.1985 0.3504 0.5134 0.3541 0.1421 0.1380 0.1421 0.3541 0.5134 0.3504 0.1985 0.1411 0.1667 0.4501 0.4895 0.2770 0.1683 0.1373 0.2693 0.4995 0.4102 0.2276 0.1503 0.1448 0.3798 0.5142 0.3361 0.1936 0.1402 0.1703 0.4526 0.4891 0.2783 0.1694 0.1372 0.2578 0.4959 0.4208 0.2336 0.1525 0.1427 0.3630 0.5139 0.3489 0.1994 0.1417 0.1621 0.4402 0.4990 0.2892 0.1738 0.1371 0.2345 0.4889 0.4366 0.2432
0.4382 0.4857 0.2249 0.1372 0.1758 0.2940 0.5023 0.4345 0.1593 0.1424 0.2020 0.3549 0.5133 0.3546 0.1418 0.1538 0.2372 0.4275 0.4931 0.2477 0.1371 0.1712 0.2828 0.4936 0.4475 0.1665 0.1408 0.1960 0.3415 0.5142 0.3726 0.1438 0.1512 0.2303 0.4150 0.4978 0.2632 0.1372 0.1692 0.2789 0.4911 0.4488 0.1661 0.1411 0.1985 0.3500 0.5135 0.3528 0.1412 0.1514 0.1899 0.1514 0.1412 0.3528 0.5135 0.3500 0.1985 0.1411 0.1661 0.4488 0.4911 0.2789 0.1692 0.1372 0.2632 0.4978 0.4150 0.2303 0.1512 0.1438 0.3726 0.5142 0.3415 0.1960 0.1408 0.1665 0.4475 0.4936 0.2828 0.1712 0.1371 0.2477 0.4931 0.4275 0.2372 0.1538 0.1418 0.3546 0.5133 0.3549 0.2020 0.1424 0.1593 0.4345 0.5023 0.2940 0.1758 0.1372 0.2249 0.4857 0.4382
0.4835 0.2158 0.1374 0.1778 0.2988 0.5052 0.4286 0.1568 0.1432 0.2048 0.3610 0.5126 0.3461 0.1410 0.1550 0.2407 0.4341 0.4901 0.2380 0.1371 0.1731 0.2874 0.4976 0.4422 0.1632 0.1414 0.1985 0.3470 0.5140 0.3652 0.1429 0.1523 0.2332 0.4204 0.4958 0.2562 0.1372 0.1702 0.2813 0.4931 0.4467 0.1650 0.1413 0.1989 0.3504 0.5135 0.3530 0.1412 0.1547 0.2341 0.3358 0.2341 0.1547 0.1412 0.3530 0.5135 0.3504 0.1989 0.1413 0.1650 0.4467 0.4931 0.2813 0.1702 0.1372 0.2562 0.4958 0.4204 0.2332 0.1523 0.1429 0.3652 0.5140 0.3470 0.1985 0.1414 0.1632 0.4422 0.4976 0.2874 0.1731 0.1371 0.2380 0.4901 0.4341 0.2407 0.1550 0.1410 0.3461 0.5126 0.3610 0.2048 0.1432 0.1568 0.4286 0.5052 0.2988 0.1778 0.1374 0.2158 0.4835
0.2146 0.1375 0.1796 0.3034 0.5074 0.4230 0.1547 0.1439 0.2073 0.3666 0.5116 0.3379 0.1403 0.1562 0.2441 0.4402 0.4871 0.2292 0.1371 0.1748 0.2918 0.5008 0.4371 0.1605 0.1421 0.2008 0.3523 0.5135 0.3580 0.1420 0.1533 0.2360 0.4257 0.4936 0.2490 0.1371 0.1714 0.2839 0.4953 0.4442 0.1637 0.1415 0.1995 0.3514 0.5134 0.3528 0.1412 0.1551 0.2415 0.4263 0.5124 0.4263 0.2415 0.1551 0.1412 0.3528 0.5134 0.3514 0.1995 0.1415 0.1637 0.4442 0.4953 0.2839 0.1714 0.1371 0.2490 0.4936 0.4257 0.2360 0.1533 0.1420 0.3580 0.5135 0.3523 0.2008 0.1421 0.1605 0.4371 0.5008 0.2918 0.1748 0.1371 0.2292 0.4871 0.4402 0.2441 0.1562 0.1403 0.3379 0.5116 0.3666 0.2073 0.1439 0.1547 0.4230 0.5074 0.3034 0.1796 0.1375 0.2146
0.1454 0.1807 0.3063 0.5085 0.4193 0.1533 0.1443 0.2088 0.3702 0.5108 0.3326 0.1397 0.1569 0.2462 0.4439 0.4850 0.2237 0.1370 0.1758 0.2946 0.5025 0.4337 0.1588 0.1423 0.2022 0.3558 0.5130 0.3532 0.1414 0.1538 0.2378 0.4290 0.4920 0.2444 0.1369 0.1719 0.2854 0.4963 0.4429 0.1630 0.1414 0.1995 0.3513 0.5133 0.3541 0.1412 0.1547 0.2415 0.4363 0.4920 0.3767 0.4920 0.4363 0.2415 0.1547 0.1412 0.3541 0.5133 0.3513 0.1995 0.1414 0.1630 0.4429 0.4963 0.2854 0.1719 0.1369 0.2444 0.4920 0.4290 0.2378 0.1538 0.1414 0.3532 0.5130 0.3558 0.2022 0.1423 0.1588 0.4337 0.5025 0.2946 0.1758 0.1370 0.2237 0.4850 0.4439 0.2462 0.1569 0.1397 0.3326 0.5108 0.3702 0.2088 0.1443 0.1533 0.4193 0.5085 0.3063 0.1807 0.1454
0.1811 0.3005 0.5055 0.4261 0.1552 0.1424 0.2046 0.3638 0.5109 0.3430 0.1397 0.1543 0.2412 0.4370 0.4876 0.2344 0.1361 0.1724 0.2890 0.4986 0.4396 0.1614 0.1406 0.1981 0.3495 0.5126 0.3630 0.1417 0.1513 0.2328 0.4218 0.4942 0.2566 0.1362 0.1684 0.2792 0.4906 0.4495 0.1675 0.1396 0.1944 0.3424 0.5130 0.3686 0.1421 0.1514 0.2341 0.4263 0.4920 0.2651 0.1427 0.2651 0.4920 0.4263 0.2341 0.1514 0.1421 0.3686 0.5130 0.3424 0.1944 0.1396 0.1675 0.4495 0.4906 0.2792 0.1684 0.1362 0.2566 0.4942 0.4218 0.2328 0.1513 0.1417 0.3630 0.5126 0.3495 0.1981 0.1406 0.1614 0.4396 0.4986 0.2890 0.1724 0.1361 0.2344 0.4876 0.4370 0.2412 0.1543 0.1397 0.3430 0.5109 0.3638 0.2046 0.1424 0.1552 0.4261 0.5055 0.3005 0.1811
0.2412 0.4379 0.4866 0.2353 0.1352 0.1708 0.2872 0.4987 0.4389 0.1599 0.1397 0.1961 0.3485 0.5118 0.3631 0.1398 0.1500 0.2306 0.4216 0.4935 0.2587 0.1351 0.1665 0.2761 0.4894 0.4511 0.1687 0.1382 0.1902 0.3347 0.5124 0.3810 0.1422 0.1475 0.2232 0.4073 0.4985 0.2779 0.1353 0.1636 0.2693 0.4833 0.4562 0.1724 0.1380 0.1899 0.3358 0.5124 0.3767 0.1427 0.1346 0.1427 0.3767 0.5124 0.3358 0.1899 0.1380 0.1724 0.4562 0.4833 0.2693 0.1636 0.1353 0.2779 0.4985 0.4073 0.2232 0.1475 0.1422 0.3810 0.5124 0.3347 0.1902 0.1382 0.1687 0.4511 0.4894 0.2761 0.1665 0.1351 0.2587 0.4935 0.4216 0.2306 0.1500 0.1398 0.3631 0.5118 0.3485 0.1961 0.1397 0.1599 0.4389 0.4987 0.2872 0.1708 0.1352 0.2353 0.4866 0.4379 0.2412
0.1811 0.3005 0.5055 0.4261 0.1552 0.1424 0.2046 0.3638 0.5109 0.3430 0.1397 0.1543 0.2412 0.4370 0.4876 0.2344 0.1361 0.1724 0.2890 0.4986 0.4396 0.1614 0.1406 0.1981 0.3495 0.5126 0.3630 0.1417 0.1513 0.2328 0.4218 0.4942 0.2566 0.1362 0.1684 0.2792 0.4906 0.4495 0.1675 0.1396 0.1944 0.3424 0.5130 0.3686 0.1421 0.1514 0.2341 0.4263 0.4920 0.2651 0.1427 0.2651 0.4920 0.4263 0.2341 0.1514 0.1421 0.3686 0.5130 0.3424 0.1944 0.1396 0.1675 0.4495 0.4906 0.2792 0.1684 0.1362 0.2566 0.4942 0.4218 0.2328 0.1513 0.1417 0.3630 0.5126 0.3495 0.1981 0.1406 0.1614 0.4396 0.4986 0.2890 0.1724 0.1361 0.2344 0.4876 0.4370 0.2412 0.1543 0.1397 0.3430 0.5109 0.3638 0.2046 0.1424 0.1552 0.4261 0.5055 0.3005 0.1811
0.1454 0.1807 0.3063 0.5085 0.4193 0.1533 0.1443 0.2088 0.3702 0.5108 0.3326 0.1397 0.1569 0.2462 0.4439 0.4850 0.2237 0.1370 0.1758 0.2946 0.5025 0.4337 0.1588 0.1423 0.2022 0.3558 0.5130 0.3532 0.1414 0.1538 0.2378 0.4290 0.4920 0.2444 0.1369 0.1719 0.2854 0.4963 0.4429 0.1630 0.1414 0.1995 0.3513 0.5133 0.3541 0.1412 0.1547 0.2415 0.4363 0.4920 0.3767 0.4920 0.4363 0.2415 0.1547 0.1412 0.3541 0.5133 0.3513 0.1995 0.1414 0.1630 0.4429 0.4963 0.2854 0.1719 0.1369 0.2444 0.4920 0.4290 0.2378 0.1538 0.1414 0.3532 0.5130 0.3558 0.2022 0.1423 0.1588 0.4337 0.5025 0.2946 0.1758 0.1370 0.2237 0.4850 0.4439 0.2462 0.1569 0.1397 0.3326 0.5108 0.3702 0.2088 0.1443 0.1533 0.4193 0.5085 0.3063 0.1807 0.1454
0.2146 0.1375 0.1796 0.3034 0.5074 0.4230 0.1547 0.1439 0.2073 0.3666 0.5116 0.3379 0.1403 0.1562 0.2441 0.4402 0.4871 0.2292 0.1371 0.1748 0.2918 0.5008 0.4371 0.1605 0.1421 0.2008 0.3523 0.5135 0.3580 0.1420 0.1533 0.2360 0.4257 0.4936 0.2490 0.1371 0.1714 0.2839 0.4953 0.4442 0.1637 0.1415 0.1995 0.3514 0.5134 0.3528 0.1412 0.1551 0.2415 0.4263 0.5124 0.4263 0.2415 0.1551 0.1412 0.3528 0.5134 0.3514 0.1995 0.1415 0.1637 0.4442 0.4953 0.2839 0.1714 0.1371 0.2490 0.4936 0.4257 0.2360 0.1533 0.1420 0.3580 0.5135 0.3523 0.2008 0.1421 0.1605 0.4371 0.5008 0.2918 0.1748 0.1371 0.2292 0.4871 0.4402 0.2441 0.1562 0.1403 0.3379 0.5116 0.3666 0.2073 0.1439 0.1547 0.4230 0.5074 0.3034 0.1796 0.1375 0.2146
0.4835 0.2158 0.1374 0.1778 0.2988 0.5052 0.4286 0.1568 0.1432 0.2048 0.3610 0.5126 0.3461 0.1410 0.1550 0.2407 0.4341 0.4901 0.2380 0.1371 0.1731 0.2874 0.4976 0.4422 0.1632 0.1414 0.1985 0.3470 0.5140 0.3652 0.1429 0.1523 0.2332 0.4204 0.4958 0.2562 0.1372 0.1702 0.2813 0.4931 0.4467 0.1650 0.1413 0.1989 0.3504 0.5135 0.3530 0.1412 0.1547 0.2341 0.3358 0.2341 0.1547 0.1412 0.3530 0.5135 0.3504 0.1989 0.1413 0.1650 0.4467 0.4931 0.2813 0.1702 0.1372 0.2562 0.4958 0.4204 0.2332 0.1523 0.1429 0.3652 0.5140 0.3470 0.1985 0.1414 0.1632 0.4422 0.4976 0.2874 0.1731 0.1371 0.2380 0.4901 0.4341 0.2407 0.1550 0.1410 0.3461 0.5126 0.3610 0.2048 0.1432 0.1568 0.4286 0.5052 0.2988 0.1778 0.1374 0.2158 0.4835
0.4382 0.4857 0.2249 0.1372 0.1758 0.2940 0.5023 0.4345 0.1593 0.1424 0.2020 0.3549 0.5133 0.3546 0.1418 0.1538 0.2372 0.4275 0.4931 0.2477 0.1371 0.1712 0.2828 0.4936 0.4475 0.1665 0.1408 0.1960 0.3415 0.5142 0.3726 0.1438 0.1512 0.2303 0.4150 0.4978 0.2632 0.1372 0.1692 0.2789 0.4911 0.4488 0.1661 0.1411 0.1985 0.3500 0.5135 0.3528 0.1412 0.1514 0.1899 0.1514 0.1412 0.3528 0.5135 0.3500 0.1985 0.1411 0.1661 0.4488 0.4911 0.2789 0.1692 0.1372 0.2632 0.4978 0.4150 0.2303 0.1512 0.1438 0.3726 0.5142 0.3415 0.1960 0.1408 0.1665 0.4475 0.4936 0.2828 0.1712 0.1371 0.2477 0.4931 0.4275 0.2372 0.1538 0.1418 0.3546 0.5133 0.3549 0.2020 0.1424 0.1593 0.4345 0.5023 0.2940 0.1758 0.1372 0.2249 0.4857 0.4382
