0.2559 0.4597 0.4703 0.1894 0.1469 0.1960 0.3371 0.5132 0.3629 0.1497 0.1612 0.2474 0.4458 0.4792 0.2043 0.1460 0.1907 0.3245 0.5127 0.3814 0.1518 0.1585 0.2392 0.4307 0.4873 0.2231 0.1455 0.1857 0.3124 0.5105 0.3985 0.1544 0.1560 0.2314 0.4154 0.4942 0.2444 0.1453 0.1811 0.3009 0.5064 0.4144 0.1577 0.1538 0.2240 0.4001 0.5003 0.2686 0.1452 0.1707 0.2216 0.1707 0.1452 0.2686 0.5003 0.4001 0.2240 0.1538 0.1577 0.4144 0.5064 0.3009 0.1811 0.1453 0.2444 0.4942 0.4154 0.2314 0.1560 0.1544 0.3985 0.5105 0.3124 0.1857 0.1455 0.2231 0.4873 0.4307 0.2392 0.1585 0.1518 0.3814 0.5127 0.3245 0.1907 0.1460 0.2043 0.4792 0.4458 0.2474 0.1612 0.1497 0.3629 0.5132 0.3371 0.1960 0.1469 0.1894 0.4703 0.4597 0.2559
0.4597 0.4708 0.1866 0.1390 0.1904 0.3341 0.5143 0.3675 0.1422 0.1544 0.2427 0.4443 0.4816 0.2055 0.1379 0.1848 0.3210 0.5137 0.3858 0.1446 0.1515 0.2343 0.4289 0.4894 0.2260 0.1374 0.1798 0.3088 0.5114 0.4026 0.1475 0.1489 0.2264 0.4134 0.4962 0.2485 0.1371 0.1750 0.2970 0.5070 0.4182 0.1512 0.1465 0.2188 0.3978 0.5020 0.2723 0.1372 0.1692 0.2728 0.3987 0.2728 0.1692 0.1372 0.2723 0.5020 0.3978 0.2188 0.1465 0.1512 0.4182 0.5070 0.2970 0.1750 0.1371 0.2485 0.4962 0.4134 0.2264 0.1489 0.1475 0.4026 0.5114 0.3088 0.1798 0.1374 0.2260 0.4894 0.4289 0.2343 0.1515 0.1446 0.3858 0.5137 0.3210 0.1848 0.1379 0.2055 0.4816 0.4443 0.2427 0.1544 0.1422 0.3675 0.5143 0.3341 0.1904 0.1390 0.1866 0.4708 0.4597
0.4703 0.1866 0.1388 0.1890 0.3298 0.5142 0.3748 0.1431 0.1532 0.2390 0.4376 0.4851 0.2142 0.1376 0.1825 0.3155 0.5128 0.3934 0.1458 0.1503 0.2307 0.4221 0.4925 0.2357 0.1372 0.1776 0.3036 0.5097 0.4096 0.1490 0.1478 0.2230 0.4065 0.4988 0.2586 0.1371 0.1730 0.2921 0.5042 0.4246 0.1531 0.1456 0.2157 0.3911 0.5041 0.2822 0.1374 0.1684 0.2783 0.4835 0.5017 0.4835 0.2783 0.1684 0.1374 0.2822 0.5041 0.3911 0.2157 0.1456 0.1531 0.4246 0.5042 0.2921 0.1730 0.1371 0.2586 0.4988 0.4065 0.2230 0.1478 0.1490 0.4096 0.5097 0.3036 0.1776 0.1372 0.2357 0.4925 0.4221 0.2307 0.1503 0.1458 0.3934 0.5128 0.3155 0.1825 0.1376 0.2142 0.4851 0.4376 0.2390 0.1532 0.1431 0.3748 0.5142 0.3298 0.1890 0.1388 0.1866 0.4703
0.1894 0.1390 0.1890 0.3282 0.5141 0.3801 0.1440 0.1521 0.2357 0.4312 0.4884 0.2232 0.1374 0.1804 0.3102 0.5117 0.4006 0.1471 0.1492 0.2273 0.4153 0.4954 0.2456 0.1371 0.1756 0.2985 0.5076 0.4163 0.1507 0.1468 0.2198 0.3998 0.5012 0.2688 0.1372 0.1711 0.2873 0.5011 0.4307 0.1552 0.1446 0.2126 0.3845 0.5060 0.2922 0.1376 0.1668 0.2758 0.4890 0.4573 0.2932 0.4573 0.4890 0.2758 0.1668 0.1376 0.2922 0.5060 0.3845 0.2126 0.1446 0.1552 0.4307 0.5011 0.2873 0.1711 0.1372 0.2688 0.5012 0.3998 0.2198 0.1468 0.1507 0.4163 0.5076 0.2985 0.1756 0.1371 0.2456 0.4954 0.4153 0.2273 0.1492 0.1471 0.4006 0.5117 0.3102 0.1804 0.1374 0.2232 0.4884 0.4312 0.2357 0.1521 0.1440 0.3801 0.5141 0.3282 0.1890 0.1390 0.1894
0.1469 0.1904 0.3298 0.5141 0.3821 0.1445 0.1514 0.2331 0.4257 0.4911 0.2321 0.1373 0.1783 0.3051 0.5102 0.4076 0.1486 0.1481 0.2240 0.4085 0.4980 0.2557 0.1371 0.1736 0.2935 0.5051 0.4227 0.1525 0.1458 0.2166 0.3931 0.5034 0.2789 0.1373 0.1693 0.2826 0.4975 0.4366 0.1576 0.1438 0.2096 0.3780 0.5078 0.3021 0.1379 0.1651 0.2718 0.4864 0.4525 0.1750 0.1355 0.1750 0.4525 0.4864 0.2718 0.1651 0.1379 0.3021 0.5078 0.3780 0.2096 0.1438 0.1576 0.4366 0.4975 0.2826 0.1693 0.1373 0.2789 0.5034 0.3931 0.2166 0.1458 0.1525 0.4227 0.5051 0.2935 0.1736 0.1371 0.2557 0.4980 0.4085 0.2240 0.1481 0.1486 0.4076 0.5102 0.3051 0.1783 0.1373 0.2321 0.4911 0.4257 0.2331 0.1514 0.1445 0.3821 0.5141 0.3298 0.1904 0.1469
0.1960 0.3341 0.5142 0.3801 0.1445 0.1511 0.2317 0.4219 0.4932 0.2397 0.1372 0.1764 0.3003 0.5083 0.4143 0.1502 0.1471 0.2207 0.4017 0.5005 0.2658 0.1372 0.1717 0.2887 0.5021 0.4289 0.1546 0.1449 0.2135 0.3865 0.5055 0.2890 0.1375 0.1675 0.2780 0.4934 0.4423 0.1603 0.1429 0.2067 0.3716 0.5094 0.3118 0.1383 0.1635 0.2675 0.4818 0.4555 0.1702 0.1385 0.1607 0.1385 0.1702 0.4555 0.4818 0.2675 0.1635 0.1383 0.3118 0.5094 0.3716 0.2067 0.1429 0.1603 0.4423 0.4934 0.2780 0.1675 0.1375 0.2890 0.5055 0.3865 0.2135 0.1449 0.1546 0.4289 0.5021 0.2887 0.1717 0.1372 0.2658 0.5005 0.4017 0.2207 0.1471 0.1502 0.4143 0.5083 0.3003 0.1764 0.1372 0.2397 0.4932 0.4219 0.2317 0.1511 0.1445 0.3801 0.5142 0.3341 0.1960
0.3371 0.5143 0.3748 0.1440 0.1514 0.2317 0.4205 0.4943 0.2449 0.1371 0.1749 0.2962 0.5063 0.4203 0.1519 0.1461 0.2175 0.3950 0.5028 0.2760 0.1373 0.1698 0.2840 0.4986 0.4349 0.1569 0.1440 0.2105 0.3800 0.5073 0.2990 0.1378 0.1657 0.2734 0.4888 0.4478 0.1633 0.1422 0.2039 0.3652 0.5108 0.3213 0.1387 0.1619 0.2633 0.4764 0.4599 0.1729 0.1399 0.1893 0.2607 0.1893 0.1399 0.1729 0.4599 0.4764 0.2633 0.1619 0.1387 0.3213 0.5108 0.3652 0.2039 0.1422 0.1633 0.4478 0.4888 0.2734 0.1657 0.1378 0.2990 0.5073 0.3800 0.2105 0.1440 0.1569 0.4349 0.4986 0.2840 0.1698 0.1373 0.2760 0.5028 0.3950 0.2175 0.1461 0.1519 0.4203 0.5063 0.2962 0.1749 0.1371 0.2449 0.4943 0.4205 0.2317 0.1514 0.1440 0.3748 0.5143 0.3371
0.5132 0.3675 0.1431 0.1521 0.2331 0.4219 0.4943 0.2468 0.1371 0.1739 0.2932 0.5043 0.4253 0.1536 0.1453 0.2146 0.3886 0.5049 0.2861 0.1375 0.1680 0.2793 0.4946 0.4407 0.1595 0.1432 0.2076 0.3735 0.5090 0.3088 0.1381 0.1640 0.2690 0.4838 0.4530 0.1668 0.1414 0.2011 0.3590 0.5119 0.3307 0.1392 0.1603 0.2591 0.4706 0.4645 0.1773 0.1397 0.1932 0.3293 0.4714 0.3293 0.1932 0.1397 0.1773 0.4645 0.4706 0.2591 0.1603 0.1392 0.3307 0.5119 0.3590 0.2011 0.1414 0.1668 0.4530 0.4838 0.2690 0.1640 0.1381 0.3088 0.5090 0.3735 0.2076 0.1432 0.1595 0.4407 0.4946 0.2793 0.1680 0.1375 0.2861 0.5049 0.3886 0.2146 0.1453 0.1536 0.4253 0.5043 0.2932 0.1739 0.1371 0.2468 0.4943 0.4219 0.2331 0.1521 0.1431 0.3675 0.5132
0.3629 0.1422 0.1532 0.2357 0.4257 0.4932 0.2449 0.1371 0.1736 0.2915 0.5029 0.4289 0.1551 0.1446 0.2121 0.3828 0.5067 0.2957 0.1377 0.1662 0.2748 0.4902 0.4462 0.1624 0.1424 0.2047 0.3671 0.5104 0.3185 0.1386 0.1624 0.2647 0.4784 0.4580 0.1707 0.1407 0.1984 0.3528 0.5129 0.3398 0.1398 0.1588 0.2550 0.4646 0.4689 0.1828 0.1393 0.1919 0.3353 0.5128 0.4670 0.5128 0.3353 0.1919 0.1393 0.1828 0.4689 0.4646 0.2550 0.1588 0.1398 0.3398 0.5129 0.3528 0.1984 0.1407 0.1707 0.4580 0.4784 0.2647 0.1624 0.1386 0.3185 0.5104 0.3671 0.2047 0.1424 0.1624 0.4462 0.4902 0.2748 0.1662 0.1377 0.2957 0.5067 0.3828 0.2121 0.1446 0.1551 0.4289 0.5029 0.2915 0.1736 0.1371 0.2449 0.4932 0.4257 0.2357 0.1532 0.1422 0.3629
0.1497 0.1544 0.2390 0.4312 0.4911 0.2397 0.1371 0.1739 0.2915 0.5024 0.4308 0.1561 0.1441 0.2101 0.3780 0.5081 0.3043 0.1380 0.1646 0.2704 0.4853 0.4515 0.1657 0.1416 0.2019 0.3608 0.5116 0.3279 0.1390 0.1608 0.2605 0.4727 0.4628 0.1753 0.1401 0.1958 0.3468 0.5136 0.3488 0.1405 0.1574 0.2511 0.4584 0.4731 0.1891 0.1388 0.1897 0.3321 0.5140 0.3902 0.1886 0.3902 0.5140 0.3321 0.1897 0.1388 0.1891 0.4731 0.4584 0.2511 0.1574 0.1405 0.3488 0.5136 0.3468 0.1958 0.1401 0.1753 0.4628 0.4727 0.2605 0.1608 0.1390 0.3279 0.5116 0.3608 0.2019 0.1416 0.1657 0.4515 0.4853 0.2704 0.1646 0.1380 0.3043 0.5081 0.3780 0.2101 0.1441 0.1561 0.4308 0.5024 0.2915 0.1739 0.1371 0.2397 0.4911 0.4312 0.2390 0.1544 0.1497
0.1612 0.2427 0.4376 0.4884 0.2321 0.1372 0.1749 0.2932 0.5029 0.4308 0.1564 0.1438 0.2089 0.3745 0.5091 0.3114 0.1383 0.1632 0.2665 0.4804 0.4564 0.1694 0.1409 0.1992 0.3546 0.5126 0.3371 0.1396 0.1593 0.2564 0.4667 0.4674 0.1806 0.1395 0.1932 0.3408 0.5140 0.3574 0.1412 0.1560 0.2472 0.4520 0.4771 0.1963 0.1384 0.1874 0.3270 0.5140 0.3815 0.1456 0.1366 0.1456 0.3815 0.5140 0.3270 0.1874 0.1384 0.1963 0.4771 0.4520 0.2472 0.1560 0.1412 0.3574 0.5140 0.3408 0.1932 0.1395 0.1806 0.4674 0.4667 0.2564 0.1593 0.1396 0.3371 0.5126 0.3546 0.1992 0.1409 0.1694 0.4564 0.4804 0.2665 0.1632 0.1383 0.3114 0.5091 0.3745 0.2089 0.1438 0.1564 0.4308 0.5029 0.2932 0.1749 0.1372 0.2321 0.4884 0.4376 0.2427 0.1612
0.2474 0.4443 0.4851 0.2232 0.1373 0.1764 0.2962 0.5043 0.4289 0.1561 0.1438 0.2084 0.3726 0.5097 0.3164 0.1386 0.1621 0.2632 0.4757 0.4607 0.1735 0.1403 0.1966 0.3486 0.5134 0.3461 0.1402 0.1578 0.2523 0.4605 0.4717 0.1867 0.1390 0.1907 0.3350 0.5143 0.3659 0.1421 0.1547 0.2434 0.4454 0.4809 0.2042 0.1380 0.1851 0.3215 0.5136 0.3860 0.1449 0.1474 0.1820 0.1474 0.1449 0.3860 0.5136 0.3215 0.1851 0.1380 0.2042 0.4809 0.4454 0.2434 0.1547 0.1421 0.3659 0.5143 0.3350 0.1907 0.1390 0.1867 0.4717 0.4605 0.2523 0.1578 0.1402 0.3461 0.5134 0.3486 0.1966 0.1403 0.1735 0.4607 0.4757 0.2632 0.1621 0.1386 0.3164 0.5097 0.3726 0.2084 0.1438 0.1561 0.4289 0.5043 0.2962 0.1764 0.1373 0.2232 0.4851 0.4443 0.2474
0.4458 0.4816 0.2142 0.1374 0.1783 0.3003 0.5063 0.4253 0.1551 0.1441 0.2089 0.3726 0.5099 0.3190 0.1388 0.1613 0.2607 0.4717 0.4643 0.1776 0.1398 0.1942 0.3429 0.5139 0.3549 0.1410 0.1564 0.2484 0.4541 0.4758 0.1936 0.1385 0.1883 0.3293 0.5142 0.3740 0.1430 0.1534 0.2397 0.4388 0.4845 0.2127 0.1377 0.1828 0.3162 0.5129 0.3928 0.1458 0.1496 0.2209 0.3149 0.2209 0.1496 0.1458 0.3928 0.5129 0.3162 0.1828 0.1377 0.2127 0.4845 0.4388 0.2397 0.1534 0.1430 0.3740 0.5142 0.3293 0.1883 0.1385 0.1936 0.4758 0.4541 0.2484 0.1564 0.1410 0.3549 0.5139 0.3429 0.1942 0.1398 0.1776 0.4643 0.4717 0.2607 0.1613 0.1388 0.3190 0.5099 0.3726 0.2089 0.1441 0.1551 0.4253 0.5063 0.3003 0.1783 0.1374 0.2142 0.4816 0.4458
0.4792 0.2055 0.1376 0.1804 0.3051 0.5083 0.4203 0.1536 0.1446 0.2101 0.3745 0.5097 0.3190 0.1388 0.1609 0.2590 0.4688 0.4670 0.1813 0.1393 0.1922 0.3378 0.5142 0.3629 0.1418 0.1551 0.2446 0.4476 0.4797 0.2013 0.1381 0.1860 0.3237 0.5139 0.3820 0.1440 0.1521 0.2360 0.4321 0.4878 0.2217 0.1374 0.1807 0.3109 0.5118 0.3999 0.1470 0.1491 0.2255 0.3983 0.5105 0.3983 0.2255 0.1491 0.1470 0.3999 0.5118 0.3109 0.1807 0.1374 0.2217 0.4878 0.4321 0.2360 0.1521 0.1440 0.3820 0.5139 0.3237 0.1860 0.1381 0.2013 0.4797 0.4476 0.2446 0.1551 0.1418 0.3629 0.5142 0.3378 0.1922 0.1393 0.1813 0.4670 0.4688 0.2590 0.1609 0.1388 0.3190 0.5097 0.3745 0.2101 0.1446 0.1536 0.4203 0.5083 0.3051 0.1804 0.1376 0.2055 0.4792
0.2043 0.1379 0.1825 0.3102 0.5102 0.4143 0.1519 0.1453 0.2121 0.3780 0.5091 0.3164 0.1388 0.1609 0.2585 0.4673 0.4686 0.1842 0.1390 0.1906 0.3336 0.5143 0.3699 0.1426 0.1539 0.2409 0.4410 0.4833 0.2097 0.1378 0.1837 0.3182 0.5133 0.3896 0.1452 0.1509 0.2325 0.4254 0.4910 0.2312 0.1373 0.1785 0.3057 0.5104 0.4069 0.1484 0.1482 0.2238 0.4052 0.5027 0.4063 0.5027 0.4052 0.2238 0.1482 0.1484 0.4069 0.5104 0.3057 0.1785 0.1373 0.2312 0.4910 0.4254 0.2325 0.1509 0.1452 0.3896 0.5133 0.3182 0.1837 0.1378 0.2097 0.4833 0.4410 0.2409 0.1539 0.1426 0.3699 0.5143 0.3336 0.1906 0.1390 0.1842 0.4686 0.4673 0.2585 0.1609 0.1388 0.3164 0.5091 0.3780 0.2121 0.1453 0.1519 0.4143 0.5102 0.3102 0.1825 0.1379 0.2043
0.1460 0.1848 0.3155 0.5117 0.4076 0.1502 0.1461 0.2146 0.3828 0.5081 0.3114 0.1386 0.1613 0.2590 0.4673 0.4692 0.1858 0.1389 0.1894 0.3304 0.5142 0.3757 0.1433 0.1528 0.2377 0.4349 0.4866 0.2185 0.1375 0.1814 0.3129 0.5123 0.3970 0.1464 0.1498 0.2290 0.4186 0.4940 0.2410 0.1372 0.1765 0.3007 0.5085 0.4136 0.1500 0.1472 0.2208 0.4014 0.5014 0.2924 0.1473 0.2924 0.5014 0.4014 0.2208 0.1472 0.1500 0.4136 0.5085 0.3007 0.1765 0.1372 0.2410 0.4940 0.4186 0.2290 0.1498 0.1464 0.3970 0.5123 0.3129 0.1814 0.1375 0.2185 0.4866 0.4349 0.2377 0.1528 0.1433 0.3757 0.5142 0.3304 0.1894 0.1389 0.1858 0.4692 0.4673 0.2590 0.1613 0.1386 0.3114 0.5081 0.3828 0.2146 0.1461 0.1502 0.4076 0.5117 0.3155 0.1848 0.1460
0.1907 0.3210 0.5128 0.4006 0.1486 0.1471 0.2175 0.3886 0.5067 0.3043 0.1383 0.1621 0.2607 0.4688 0.4686 0.1858 0.1388 0.1888 0.3284 0.5141 0.3800 0.1440 0.1519 0.2349 0.4293 0.4895 0.2271 0.1373 0.1793 0.3076 0.5110 0.4041 0.1478 0.1487 0.2256 0.4118 0.4968 0.2509 0.1371 0.1745 0.2957 0.5062 0.4201 0.1518 0.1462 0.2177 0.3953 0.5029 0.2810 0.1369 0.1439 0.1369 0.2810 0.5029 0.3953 0.2177 0.1462 0.1518 0.4201 0.5062 0.2957 0.1745 0.1371 0.2509 0.4968 0.4118 0.2256 0.1487 0.1478 0.4041 0.5110 0.3076 0.1793 0.1373 0.2271 0.4895 0.4293 0.2349 0.1519 0.1440 0.3800 0.5141 0.3284 0.1888 0.1388 0.1858 0.4686 0.4688 0.2607 0.1621 0.1383 0.3043 0.5067 0.3886 0.2175 0.1471 0.1486 0.4006 0.5128 0.3210 0.1907
0.3245 0.5137 0.3934 0.1471 0.1481 0.2207 0.3950 0.5049 0.2957 0.1380 0.1632 0.2632 0.4717 0.4670 0.1842 0.1389 0.1888 0.3277 0.5140 0.3827 0.1445 0.1513 0.2327 0.4245 0.4918 0.2349 0.1372 0.1774 0.3028 0.5093 0.4109 0.1494 0.1476 0.2223 0.4051 0.4993 0.2610 0.1371 0.1725 0.2908 0.5034 0.4264 0.1537 0.1453 0.2146 0.3888 0.5048 0.2868 0.1374 0.1622 0.2115 0.1622 0.1374 0.2868 0.5048 0.3888 0.2146 0.1453 0.1537 0.4264 0.5034 0.2908 0.1725 0.1371 0.2610 0.4993 0.4051 0.2223 0.1476 0.1494 0.4109 0.5093 0.3028 0.1774 0.1372 0.2349 0.4918 0.4245 0.2327 0.1513 0.1445 0.3827 0.5140 0.3277 0.1888 0.1389 0.1842 0.4670 0.4717 0.2632 0.1632 0.1380 0.2957 0.5049 0.3950 0.2207 0.1481 0.1471 0.3934 0.5137 0.3245
0.5127 0.3858 0.1458 0.1492 0.2240 0.4017 0.5028 0.2861 0.1377 0.1646 0.2665 0.4757 0.4643 0.1813 0.1390 0.1894 0.3284 0.5140 0.3837 0.1448 0.1509 0.2311 0.4208 0.4937 0.2417 0.1371 0.1758 0.2985 0.5074 0.4172 0.1510 0.1466 0.2191 0.3984 0.5017 0.2711 0.1372 0.1706 0.2860 0.5002 0.4325 0.1559 0.1444 0.2116 0.3823 0.5067 0.2958 0.1377 0.1651 0.2627 0.3825 0.2627 0.1651 0.1377 0.2958 0.5067 0.3823 0.2116 0.1444 0.1559 0.4325 0.5002 0.2860 0.1706 0.1372 0.2711 0.5017 0.3984 0.2191 0.1466 0.1510 0.4172 0.5074 0.2985 0.1758 0.1371 0.2417 0.4937 0.4208 0.2311 0.1509 0.1448 0.3837 0.5140 0.3284 0.1894 0.1390 0.1813 0.4643 0.4757 0.2665 0.1646 0.1377 0.2861 0.5028 0.4017 0.2240 0.1492 0.1458 0.3858 0.5127
0.3814 0.1446 0.1503 0.2273 0.4085 0.5005 0.2760 0.1375 0.1662 0.2704 0.4804 0.4607 0.1776 0.1393 0.1906 0.3304 0.5141 0.3827 0.1448 0.1507 0.2304 0.4186 0.4949 0.2470 0.1371 0.1744 0.2948 0.5054 0.4227 0.1527 0.1457 0.2161 0.3918 0.5039 0.2812 0.1374 0.1688 0.2814 0.4964 0.4382 0.1584 0.1435 0.2087 0.3759 0.5084 0.3055 0.1380 0.1643 0.2680 0.4708 0.5060 0.4708 0.2680 0.1643 0.1380 0.3055 0.5084 0.3759 0.2087 0.1435 0.1584 0.4382 0.4964 0.2814 0.1688 0.1374 0.2812 0.5039 0.3918 0.2161 0.1457 0.1527 0.4227 0.5054 0.2948 0.1744 0.1371 0.2470 0.4949 0.4186 0.2304 0.1507 0.1448 0.3827 0.5141 0.3304 0.1906 0.1393 0.1776 0.4607 0.4804 0.2704 0.1662 0.1375 0.2760 0.5005 0.4085 0.2273 0.1503 0.1446 0.3814
0.1518 0.1515 0.2307 0.4153 0.4980 0.2658 0.1373 0.1680 0.2748 0.4853 0.4564 0.1735 0.1398 0.1922 0.3336 0.5142 0.3800 0.1445 0.1509 0.2304 0.4179 0.4956 0.2502 0.1371 0.1734 0.2919 0.5035 0.4272 0.1543 0.1449 0.2134 0.3858 0.5058 0.2909 0.1376 0.1671 0.2768 0.4922 0.4438 0.1611 0.1427 0.2058 0.3695 0.5099 0.3151 0.1384 0.1629 0.2655 0.4770 0.4678 0.3158 0.4678 0.4770 0.2655 0.1629 0.1384 0.3151 0.5099 0.3695 0.2058 0.1427 0.1611 0.4438 0.4922 0.2768 0.1671 0.1376 0.2909 0.5058 0.3858 0.2134 0.1449 0.1543 0.4272 0.5035 0.2919 0.1734 0.1371 0.2502 0.4956 0.4179 0.2304 0.1509 0.1445 0.3800 0.5142 0.3336 0.1922 0.1398 0.1735 0.4564 0.4853 0.2748 0.1680 0.1373 0.2658 0.4980 0.4153 0.2307 0.1515 0.1518
0.1585 0.2343 0.4221 0.4954 0.2557 0.1372 0.1698 0.2793 0.4902 0.4515 0.1694 0.1403 0.1942 0.3378 0.5143 0.3757 0.1440 0.1513 0.2311 0.4186 0.4956 0.2513 0.1371 0.1728 0.2898 0.5019 0.4308 0.1558 0.1443 0.2110 0.3803 0.5074 0.3000 0.1378 0.1654 0.2725 0.4876 0.4491 0.1642 0.1419 0.2030 0.3632 0.5112 0.3246 0.1389 0.1613 0.2617 0.4738 0.4638 0.1887 0.1363 0.1887 0.4638 0.4738 0.2617 0.1613 0.1389 0.3246 0.5112 0.3632 0.2030 0.1419 0.1642 0.4491 0.4876 0.2725 0.1654 0.1378 0.3000 0.5074 0.3803 0.2110 0.1443 0.1558 0.4308 0.5019 0.2898 0.1728 0.1371 0.2513 0.4956 0.4186 0.2311 0.1513 0.1440 0.3757 0.5143 0.3378 0.1942 0.1403 0.1694 0.4515 0.4902 0.2793 0.1698 0.1372 0.2557 0.4954 0.4221 0.2343 0.1585
0.2392 0.4289 0.4925 0.2456 0.1371 0.1717 0.2840 0.4946 0.4462 0.1657 0.1409 0.1966 0.3429 0.5142 0.3699 0.1433 0.1519 0.2327 0.4208 0.4949 0.2502 0.1371 0.1726 0.2888 0.5008 0.4334 0.1570 0.1438 0.2091 0.3757 0.5086 0.3080 0.1382 0.1639 0.2684 0.4828 0.4541 0.1677 0.1412 0.2003 0.3571 0.5122 0.3338 0.1394 0.1598 0.2577 0.4685 0.4665 0.1819 0.1374 0.1571 0.1374 0.1819 0.4665 0.4685 0.2577 0.1598 0.1394 0.3338 0.5122 0.3571 0.2003 0.1412 0.1677 0.4541 0.4828 0.2684 0.1639 0.1382 0.3080 0.5086 0.3757 0.2091 0.1438 0.1570 0.4334 0.5008 0.2888 0.1726 0.1371 0.2502 0.4949 0.4208 0.2327 0.1519 0.1433 0.3699 0.5142 0.3429 0.1966 0.1409 0.1657 0.4462 0.4946 0.2840 0.1717 0.1371 0.2456 0.4925 0.4289 0.2392
0.4307 0.4894 0.2357 0.1371 0.1736 0.2887 0.4986 0.4407 0.1624 0.1416 0.1992 0.3486 0.5139 0.3629 0.1426 0.1528 0.2349 0.4245 0.4937 0.2470 0.1371 0.1728 0.2888 0.5004 0.4346 0.1578 0.1434 0.2076 0.3719 0.5096 0.3149 0.1385 0.1626 0.2647 0.4779 0.4587 0.1715 0.1406 0.1977 0.3512 0.5131 0.3427 0.1400 0.1584 0.2537 0.4625 0.4705 0.1855 0.1387 0.1838 0.2510 0.1838 0.1387 0.1855 0.4705 0.4625 0.2537 0.1584 0.1400 0.3427 0.5131 0.3512 0.1977 0.1406 0.1715 0.4587 0.4779 0.2647 0.1626 0.1385 0.3149 0.5096 0.3719 0.2076 0.1434 0.1578 0.4346 0.5004 0.2888 0.1728 0.1371 0.2470 0.4937 0.4245 0.2349 0.1528 0.1426 0.3629 0.5139 0.3486 0.1992 0.1416 0.1624 0.4407 0.4986 0.2887 0.1736 0.1371 0.2357 0.4894 0.4307
0.4873 0.2260 0.1372 0.1756 0.2935 0.5021 0.4349 0.1595 0.1424 0.2019 0.3546 0.5134 0.3549 0.1418 0.1539 0.2377 0.4293 0.4918 0.2417 0.1371 0.1734 0.2898 0.5008 0.4346 0.1580 0.1433 0.2067 0.3693 0.5103 0.3205 0.1388 0.1614 0.2615 0.4733 0.4628 0.1757 0.1400 0.1953 0.3455 0.5137 0.3511 0.1407 0.1570 0.2498 0.4563 0.4745 0.1916 0.1385 0.1875 0.3165 0.4572 0.3165 0.1875 0.1385 0.1916 0.4745 0.4563 0.2498 0.1570 0.1407 0.3511 0.5137 0.3455 0.1953 0.1400 0.1757 0.4628 0.4733 0.2615 0.1614 0.1388 0.3205 0.5103 0.3693 0.2067 0.1433 0.1580 0.4346 0.5008 0.2898 0.1734 0.1371 0.2417 0.4918 0.4293 0.2377 0.1539 0.1418 0.3549 0.5134 0.3546 0.2019 0.1424 0.1595 0.4349 0.5021 0.2935 0.1756 0.1372 0.2260 0.4873
0.2231 0.1374 0.1776 0.2985 0.5051 0.4289 0.1569 0.1432 0.2047 0.3608 0.5126 0.3461 0.1410 0.1551 0.2409 0.4349 0.4895 0.2349 0.1371 0.1744 0.2919 0.5019 0.4334 0.1578 0.1433 0.2064 0.3679 0.5107 0.3244 0.1390 0.1606 0.2588 0.4692 0.4663 0.1800 0.1395 0.1931 0.3401 0.5141 0.3593 0.1414 0.1556 0.2461 0.4501 0.4783 0.1987 0.1382 0.1863 0.3224 0.5109 0.4762 0.5109 0.3224 0.1863 0.1382 0.1987 0.4783 0.4501 0.2461 0.1556 0.1414 0.3593 0.5141 0.3401 0.1931 0.1395 0.1800 0.4663 0.4692 0.2588 0.1606 0.1390 0.3244 0.5107 0.3679 0.2064 0.1433 0.1578 0.4334 0.5019 0.2919 0.1744 0.1371 0.2349 0.4895 0.4349 0.2409 0.1551 0.1410 0.3461 0.5126 0.3608 0.2047 0.1432 0.1569 0.4289 0.5051 0.2985 0.1776 0.1374 0.2231
0.1455 0.1798 0.3036 0.5076 0.4227 0.1546 0.1440 0.2076 0.3671 0.5116 0.3371 0.1402 0.1564 0.2446 0.4410 0.4866 0.2271 0.1372 0.1758 0.2948 0.5035 0.4308 0.1570 0.1434 0.2067 0.3679 0.5109 0.3264 0.1392 0.1600 0.2568 0.4658 0.4690 0.1840 0.1391 0.1911 0.3352 0.5143 0.3669 0.1422 0.1544 0.2425 0.4438 0.4819 0.2064 0.1379 0.1843 0.3193 0.5128 0.4066 0.2069 0.4066 0.5128 0.3193 0.1843 0.1379 0.2064 0.4819 0.4438 0.2425 0.1544 0.1422 0.3669 0.5143 0.3352 0.1911 0.1391 0.1840 0.4690 0.4658 0.2568 0.1600 0.1392 0.3264 0.5109 0.3679 0.2067 0.1434 0.1570 0.4308 0.5035 0.2948 0.1758 0.1372 0.2271 0.4866 0.4410 0.2446 0.1564 0.1402 0.3371 0.5116 0.3671 0.2076 0.1440 0.1546 0.4227 0.5076 0.3036 0.1798 0.1455
0.1857 0.3088 0.5097 0.4163 0.1525 0.1449 0.2105 0.3735 0.5104 0.3279 0.1396 0.1578 0.2484 0.4476 0.4833 0.2185 0.1373 0.1774 0.2985 0.5054 0.4272 0.1558 0.1438 0.2076 0.3693 0.5107 0.3264 0.1392 0.1596 0.2556 0.4633 0.4711 0.1875 0.1388 0.1894 0.3310 0.5142 0.3736 0.1430 0.1532 0.2391 0.4375 0.4852 0.2147 0.1376 0.1822 0.3145 0.5125 0.3987 0.1491 0.1358 0.1491 0.3987 0.5125 0.3145 0.1822 0.1376 0.2147 0.4852 0.4375 0.2391 0.1532 0.1430 0.3736 0.5142 0.3310 0.1894 0.1388 0.1875 0.4711 0.4633 0.2556 0.1596 0.1392 0.3264 0.5107 0.3693 0.2076 0.1438 0.1558 0.4272 0.5054 0.2985 0.1774 0.1373 0.2185 0.4833 0.4476 0.2484 0.1578 0.1396 0.3279 0.5104 0.3735 0.2105 0.1449 0.1525 0.4163 0.5097 0.3088 0.1857
0.3124 0.5114 0.4096 0.1507 0.1458 0.2135 0.3800 0.5090 0.3185 0.1390 0.1593 0.2523 0.4541 0.4797 0.2097 0.1375 0.1793 0.3028 0.5074 0.4227 0.1543 0.1443 0.2091 0.3719 0.5103 0.3244 0.1392 0.1596 0.2551 0.4620 0.4724 0.1901 0.1386 0.1881 0.3276 0.5141 0.3794 0.1438 0.1522 0.2359 0.4315 0.4883 0.2233 0.1374 0.1802 0.3096 0.5114 0.4027 0.1480 0.1451 0.1769 0.1451 0.1480 0.4027 0.5114 0.3096 0.1802 0.1374 0.2233 0.4883 0.4315 0.2359 0.1522 0.1438 0.3794 0.5141 0.3276 0.1881 0.1386 0.1901 0.4724 0.4620 0.2551 0.1596 0.1392 0.3244 0.5103 0.3719 0.2091 0.1443 0.1543 0.4227 0.5074 0.3028 0.1793 0.1375 0.2097 0.4797 0.4541 0.2523 0.1593 0.1390 0.3185 0.5090 0.3800 0.2135 0.1458 0.1507 0.4096 0.5114 0.3124
0.5105 0.4026 0.1490 0.1468 0.2166 0.3865 0.5073 0.3088 0.1386 0.1608 0.2564 0.4605 0.4758 0.2013 0.1378 0.1814 0.3076 0.5093 0.4172 0.1527 0.1449 0.2110 0.3757 0.5096 0.3205 0.1390 0.1600 0.2556 0.4620 0.4728 0.1916 0.1385 0.1872 0.3249 0.5139 0.3841 0.1446 0.1513 0.2332 0.4260 0.4910 0.2318 0.1373 0.1782 0.3047 0.5100 0.4087 0.1490 0.1472 0.2136 0.3026 0.2136 0.1472 0.1490 0.4087 0.5100 0.3047 0.1782 0.1373 0.2318 0.4910 0.4260 0.2332 0.1513 0.1446 0.3841 0.5139 0.3249 0.1872 0.1385 0.1916 0.4728 0.4620 0.2556 0.1600 0.1390 0.3205 0.5096 0.3757 0.2110 0.1449 0.1527 0.4172 0.5093 0.3076 0.1814 0.1378 0.2013 0.4758 0.4605 0.2564 0.1608 0.1386 0.3088 0.5073 0.3865 0.2166 0.1468 0.1490 0.4026 0.5105
0.3985 0.1475 0.1478 0.2198 0.3931 0.5055 0.2990 0.1381 0.1624 0.2605 0.4667 0.4717 0.1936 0.1381 0.1837 0.3129 0.5110 0.4109 0.1510 0.1457 0.2134 0.3803 0.5086 0.3149 0.1388 0.1606 0.2568 0.4633 0.4724 0.1916 0.1384 0.1867 0.3232 0.5137 0.3877 0.1452 0.1506 0.2309 0.4212 0.4933 0.2398 0.1372 0.1764 0.3001 0.5082 0.4148 0.1504 0.1468 0.2182 0.3834 0.5070 0.3834 0.2182 0.1468 0.1504 0.4148 0.5082 0.3001 0.1764 0.1372 0.2398 0.4933 0.4212 0.2309 0.1506 0.1452 0.3877 0.5137 0.3232 0.1867 0.1384 0.1916 0.4724 0.4633 0.2568 0.1606 0.1388 0.3149 0.5086 0.3803 0.2134 0.1457 0.1510 0.4109 0.5110 0.3129 0.1837 0.1381 0.1936 0.4717 0.4667 0.2605 0.1624 0.1381 0.2990 0.5055 0.3931 0.2198 0.1478 0.1475 0.3985
0.1544 0.1489 0.2230 0.3998 0.5034 0.2890 0.1378 0.1640 0.2647 0.4727 0.4674 0.1867 0.1385 0.1860 0.3182 0.5123 0.4041 0.1494 0.1466 0.2161 0.3858 0.5074 0.3080 0.1385 0.1614 0.2588 0.4658 0.4711 0.1901 0.1385 0.1867 0.3227 0.5135 0.3899 0.1457 0.1501 0.2290 0.4171 0.4952 0.2468 0.1371 0.1748 0.2959 0.5061 0.4206 0.1520 0.1460 0.2167 0.3904 0.5068 0.4209 0.5068 0.3904 0.2167 0.1460 0.1520 0.4206 0.5061 0.2959 0.1748 0.1371 0.2468 0.4952 0.4171 0.2290 0.1501 0.1457 0.3899 0.5135 0.3227 0.1867 0.1385 0.1901 0.4711 0.4658 0.2588 0.1614 0.1385 0.3080 0.5074 0.3858 0.2161 0.1466 0.1494 0.4041 0.5123 0.3182 0.1860 0.1385 0.1867 0.4674 0.4727 0.2647 0.1640 0.1378 0.2890 0.5034 0.3998 0.2230 0.1489 0.1544
0.1560 0.2264 0.4065 0.5012 0.2789 0.1375 0.1657 0.2690 0.4784 0.4628 0.1806 0.1390 0.1883 0.3237 0.5133 0.3970 0.1478 0.1476 0.2191 0.3918 0.5058 0.3000 0.1382 0.1626 0.2615 0.4692 0.4690 0.1875 0.1386 0.1872 0.3232 0.5135 0.3907 0.1459 0.1498 0.2278 0.4140 0.4966 0.2527 0.1371 0.1734 0.2922 0.5039 0.4259 0.1537 0.1452 0.2142 0.3871 0.5059 0.3140 0.1516 0.3140 0.5059 0.3871 0.2142 0.1452 0.1537 0.4259 0.5039 0.2922 0.1734 0.1371 0.2527 0.4966 0.4140 0.2278 0.1498 0.1459 0.3907 0.5135 0.3232 0.1872 0.1386 0.1875 0.4690 0.4692 0.2615 0.1626 0.1382 0.3000 0.5058 0.3918 0.2191 0.1476 0.1478 0.3970 0.5133 0.3237 0.1883 0.1390 0.1806 0.4628 0.4784 0.2690 0.1657 0.1375 0.2789 0.5012 0.4065 0.2264 0.1560
0.2314 0.4134 0.4988 0.2688 0.1373 0.1675 0.2734 0.4838 0.4580 0.1753 0.1395 0.1907 0.3293 0.5139 0.3896 0.1464 0.1487 0.2223 0.3984 0.5039 0.2909 0.1378 0.1639 0.2647 0.4733 0.4663 0.1840 0.1388 0.1881 0.3249 0.5137 0.3899 0.1459 0.1496 0.2271 0.4120 0.4976 0.2573 0.1371 0.1723 0.2891 0.5018 0.4304 0.1554 0.1445 0.2117 0.3820 0.5070 0.3022 0.1378 0.1420 0.1378 0.3022 0.5070 0.3820 0.2117 0.1445 0.1554 0.4304 0.5018 0.2891 0.1723 0.1371 0.2573 0.4976 0.4120 0.2271 0.1496 0.1459 0.3899 0.5137 0.3249 0.1881 0.1388 0.1840 0.4663 0.4733 0.2647 0.1639 0.1378 0.2909 0.5039 0.3984 0.2223 0.1487 0.1464 0.3896 0.5139 0.3293 0.1907 0.1395 0.1753 0.4580 0.4838 0.2734 0.1675 0.1373 0.2688 0.4988 0.4134 0.2314
0.4154 0.4962 0.2586 0.1372 0.1693 0.2780 0.4888 0.4530 0.1707 0.1401 0.1932 0.3350 0.5142 0.3820 0.1452 0.1498 0.2256 0.4051 0.5017 0.2812 0.1376 0.1654 0.2684 0.4779 0.4628 0.1800 0.1391 0.1894 0.3276 0.5139 0.3877 0.1457 0.1498 0.2271 0.4113 0.4981 0.2602 0.1372 0.1714 0.2867 0.4998 0.4342 0.1571 0.1438 0.2094 0.3768 0.5083 0.3067 0.1381 0.1589 0.2050 0.1589 0.1381 0.3067 0.5083 0.3768 0.2094 0.1438 0.1571 0.4342 0.4998 0.2867 0.1714 0.1372 0.2602 0.4981 0.4113 0.2271 0.1498 0.1457 0.3877 0.5139 0.3276 0.1894 0.1391 0.1800 0.4628 0.4779 0.2684 0.1654 0.1376 0.2812 0.5017 0.4051 0.2256 0.1498 0.1452 0.3820 0.5142 0.3350 0.1932 0.1401 0.1707 0.4530 0.4888 0.2780 0.1693 0.1372 0.2586 0.4962 0.4154
0.4942 0.2485 0.1371 0.1711 0.2826 0.4934 0.4478 0.1668 0.1407 0.1958 0.3408 0.5143 0.3740 0.1440 0.1509 0.2290 0.4118 0.4993 0.2711 0.1374 0.1671 0.2725 0.4828 0.4587 0.1757 0.1395 0.1911 0.3310 0.5141 0.3841 0.1452 0.1501 0.2278 0.4120 0.4981 0.2612 0.1372 0.1709 0.2850 0.4982 0.4371 0.1585 0.1433 0.2075 0.3722 0.5095 0.3136 0.1384 0.1618 0.2541 0.3689 0.2541 0.1618 0.1384 0.3136 0.5095 0.3722 0.2075 0.1433 0.1585 0.4371 0.4982 0.2850 0.1709 0.1372 0.2612 0.4981 0.4120 0.2278 0.1501 0.1452 0.3841 0.5141 0.3310 0.1911 0.1395 0.1757 0.4587 0.4828 0.2725 0.1671 0.1374 0.2711 0.4993 0.4118 0.2290 0.1509 0.1440 0.3740 0.5143 0.3408 0.1958 0.1407 0.1668 0.4478 0.4934 0.2826 0.1711 0.1371 0.2485 0.4942
0.2444 0.1371 0.1730 0.2873 0.4975 0.4423 0.1633 0.1414 0.1984 0.3468 0.5140 0.3659 0.1430 0.1521 0.2325 0.4186 0.4968 0.2610 0.1372 0.1688 0.2768 0.4876 0.4541 0.1715 0.1400 0.1931 0.3352 0.5142 0.3794 0.1446 0.1506 0.2290 0.4140 0.4976 0.2602 0.1372 0.1707 0.2841 0.4972 0.4392 0.1597 0.1429 0.2058 0.3683 0.5104 0.3202 0.1387 0.1614 0.2599 0.4588 0.5089 0.4588 0.2599 0.1614 0.1387 0.3202 0.5104 0.3683 0.2058 0.1429 0.1597 0.4392 0.4972 0.2841 0.1707 0.1372 0.2602 0.4976 0.4140 0.2290 0.1506 0.1446 0.3794 0.5142 0.3352 0.1931 0.1400 0.1715 0.4541 0.4876 0.2768 0.1688 0.1372 0.2610 0.4968 0.4186 0.2325 0.1521 0.1430 0.3659 0.5140 0.3468 0.1984 0.1414 0.1633 0.4423 0.4975 0.2873 0.1730 0.1371 0.2444
0.1453 0.1750 0.2921 0.5011 0.4366 0.1603 0.1422 0.2011 0.3528 0.5136 0.3574 0.1421 0.1534 0.2360 0.4254 0.4940 0.2509 0.1371 0.1706 0.2814 0.4922 0.4491 0.1677 0.1406 0.1953 0.3401 0.5143 0.3736 0.1438 0.1513 0.2309 0.4171 0.4966 0.2573 0.1372 0.1709 0.2841 0.4968 0.4403 0.1604 0.1426 0.2046 0.3651 0.5111 0.3260 0.1390 0.1605 0.2586 0.4666 0.4753 0.3335 0.4753 0.4666 0.2586 0.1605 0.1390 0.3260 0.5111 0.3651 0.2046 0.1426 0.1604 0.4403 0.4968 0.2841 0.1709 0.1372 0.2573 0.4966 0.4171 0.2309 0.1513 0.1438 0.3736 0.5143 0.3401 0.1953 0.1406 0.1677 0.4491 0.4922 0.2814 0.1706 0.1371 0.2509 0.4940 0.4254 0.2360 0.1534 0.1421 0.3574 0.5136 0.3528 0.2011 0.1422 0.1603 0.4366 0.5011 0.2921 0.1750 0.1453
0.1811 0.2970 0.5042 0.4307 0.1576 0.1429 0.2039 0.3590 0.5129 0.3488 0.1412 0.1547 0.2397 0.4321 0.4910 0.2410 0.1371 0.1725 0.2860 0.4964 0.4438 0.1642 0.1412 0.1977 0.3455 0.5141 0.3669 0.1430 0.1522 0.2332 0.4212 0.4952 0.2527 0.1371 0.1714 0.2850 0.4972 0.4403 0.1607 0.1425 0.2038 0.3628 0.5116 0.3307 0.1393 0.1597 0.2564 0.4650 0.4709 0.2018 0.1372 0.2018 0.4709 0.4650 0.2564 0.1597 0.1393 0.3307 0.5116 0.3628 0.2038 0.1425 0.1607 0.4403 0.4972 0.2850 0.1714 0.1371 0.2527 0.4952 0.4212 0.2332 0.1522 0.1430 0.3669 0.5141 0.3455 0.1977 0.1412 0.1642 0.4438 0.4964 0.2860 0.1725 0.1371 0.2410 0.4910 0.4321 0.2397 0.1547 0.1412 0.3488 0.5129 0.3590 0.2039 0.1429 0.1576 0.4307 0.5042 0.2970 0.1811
0.3009 0.5070 0.4246 0.1552 0.1438 0.2067 0.3652 0.5119 0.3398 0.1405 0.1560 0.2434 0.4388 0.4878 0.2312 0.1372 0.1745 0.2908 0.5002 0.4382 0.1611 0.1419 0.2003 0.3512 0.5137 0.3593 0.1422 0.1532 0.2359 0.4260 0.4933 0.2468 0.1371 0.1723 0.2867 0.4982 0.4392 0.1604 0.1425 0.2036 0.3617 0.5119 0.3339 0.1396 0.1589 0.2542 0.4619 0.4720 0.1912 0.1368 0.1548 0.1368 0.1912 0.4720 0.4619 0.2542 0.1589 0.1396 0.3339 0.5119 0.3617 0.2036 0.1425 0.1604 0.4392 0.4982 0.2867 0.1723 0.1371 0.2468 0.4933 0.4260 0.2359 0.1532 0.1422 0.3593 0.5137 0.3512 0.2003 0.1419 0.1611 0.4382 0.5002 0.2908 0.1745 0.1372 0.2312 0.4878 0.4388 0.2434 0.1560 0.1405 0.3398 0.5119 0.3652 0.2067 0.1438 0.1552 0.4246 0.5070 0.3009
0.5064 0.4182 0.1531 0.1446 0.2096 0.3716 0.5108 0.3307 0.1398 0.1574 0.2472 0.4454 0.4845 0.2217 0.1373 0.1765 0.2957 0.5034 0.4325 0.1584 0.1427 0.2030 0.3571 0.5131 0.3511 0.1414 0.1544 0.2391 0.4315 0.4910 0.2398 0.1371 0.1734 0.2891 0.4998 0.4371 0.1597 0.1426 0.2038 0.3617 0.5120 0.3356 0.1398 0.1584 0.2526 0.4590 0.4739 0.1925 0.1381 0.1807 0.2451 0.1807 0.1381 0.1925 0.4739 0.4590 0.2526 0.1584 0.1398 0.3356 0.5120 0.3617 0.2038 0.1426 0.1597 0.4371 0.4998 0.2891 0.1734 0.1371 0.2398 0.4910 0.4315 0.2391 0.1544 0.1414 0.3511 0.5131 0.3571 0.2030 0.1427 0.1584 0.4325 0.5034 0.2957 0.1765 0.1373 0.2217 0.4845 0.4454 0.2472 0.1574 0.1398 0.3307 0.5108 0.3716 0.2096 0.1446 0.1531 0.4182 0.5064
0.4144 0.1512 0.1456 0.2126 0.3780 0.5094 0.3213 0.1392 0.1588 0.2511 0.4520 0.4809 0.2127 0.1374 0.1785 0.3007 0.5062 0.4264 0.1559 0.1435 0.2058 0.3632 0.5122 0.3427 0.1407 0.1556 0.2425 0.4375 0.4883 0.2318 0.1372 0.1748 0.2922 0.5018 0.4342 0.1585 0.1429 0.2046 0.3628 0.5119 0.3356 0.1398 0.1582 0.2515 0.4568 0.4755 0.1954 0.1382 0.1852 0.3101 0.4490 0.3101 0.1852 0.1382 0.1954 0.4755 0.4568 0.2515 0.1582 0.1398 0.3356 0.5119 0.3628 0.2046 0.1429 0.1585 0.4342 0.5018 0.2922 0.1748 0.1372 0.2318 0.4883 0.4375 0.2425 0.1556 0.1407 0.3427 0.5122 0.3632 0.2058 0.1435 0.1559 0.4264 0.5062 0.3007 0.1785 0.1374 0.2127 0.4809 0.4520 0.2511 0.1588 0.1392 0.3213 0.5094 0.3780 0.2126 0.1456 0.1512 0.4144
0.1577 0.1465 0.2157 0.3845 0.5078 0.3118 0.1387 0.1603 0.2550 0.4584 0.4771 0.2042 0.1377 0.1807 0.3057 0.5085 0.4201 0.1537 0.1444 0.2087 0.3695 0.5112 0.3338 0.1400 0.1570 0.2461 0.4438 0.4852 0.2233 0.1373 0.1764 0.2959 0.5039 0.4304 0.1571 0.1433 0.2058 0.3651 0.5116 0.3339 0.1398 0.1582 0.2511 0.4556 0.4765 0.1978 0.1381 0.1852 0.3183 0.5097 0.4800 0.5097 0.3183 0.1852 0.1381 0.1978 0.4765 0.4556 0.2511 0.1582 0.1398 0.3339 0.5116 0.3651 0.2058 0.1433 0.1571 0.4304 0.5039 0.2959 0.1764 0.1373 0.2233 0.4852 0.4438 0.2461 0.1570 0.1400 0.3338 0.5112 0.3695 0.2087 0.1444 0.1537 0.4201 0.5085 0.3057 0.1807 0.1377 0.2042 0.4771 0.4584 0.2550 0.1603 0.1387 0.3118 0.5078 0.3845 0.2157 0.1465 0.1577
0.1538 0.2188 0.3911 0.5060 0.3021 0.1383 0.1619 0.2591 0.4646 0.4731 0.1963 0.1380 0.1828 0.3109 0.5104 0.4136 0.1518 0.1453 0.2116 0.3759 0.5099 0.3246 0.1394 0.1584 0.2498 0.4501 0.4819 0.2147 0.1374 0.1782 0.3001 0.5061 0.4259 0.1554 0.1438 0.2075 0.3683 0.5111 0.3307 0.1396 0.1584 0.2515 0.4556 0.4769 0.1991 0.1381 0.1847 0.3184 0.5124 0.4111 0.2139 0.4111 0.5124 0.3184 0.1847 0.1381 0.1991 0.4769 0.4556 0.2515 0.1584 0.1396 0.3307 0.5111 0.3683 0.2075 0.1438 0.1554 0.4259 0.5061 0.3001 0.1782 0.1374 0.2147 0.4819 0.4501 0.2498 0.1584 0.1394 0.3246 0.5099 0.3759 0.2116 0.1453 0.1518 0.4136 0.5104 0.3109 0.1828 0.1380 0.1963 0.4731 0.4646 0.2591 0.1619 0.1383 0.3021 0.5060 0.3911 0.2188 0.1538
0.2240 0.3978 0.5041 0.2922 0.1379 0.1635 0.2633 0.4706 0.4689 0.1891 0.1384 0.1851 0.3162 0.5118 0.4069 0.1500 0.1462 0.2146 0.3823 0.5084 0.3151 0.1389 0.1598 0.2537 0.4563 0.4783 0.2064 0.1376 0.1802 0.3047 0.5082 0.4206 0.1537 0.1445 0.2094 0.3722 0.5104 0.3260 0.1393 0.1589 0.2526 0.4568 0.4765 0.1991 0.1380 0.1844 0.3175 0.5127 0.3995 0.1498 0.1357 0.1498 0.3995 0.5127 0.3175 0.1844 0.1380 0.1991 0.4765 0.4568 0.2526 0.1589 0.1393 0.3260 0.5104 0.3722 0.2094 0.1445 0.1537 0.4206 0.5082 0.3047 0.1802 0.1376 0.2064 0.4783 0.4563 0.2537 0.1598 0.1389 0.3151 0.5084 0.3823 0.2146 0.1462 0.1500 0.4069 0.5118 0.3162 0.1851 0.1384 0.1891 0.4689 0.4706 0.2633 0.1635 0.1379 0.2922 0.5041 0.3978 0.2240
0.4001 0.5020 0.2822 0.1376 0.1651 0.2675 0.4764 0.4645 0.1828 0.1388 0.1874 0.3215 0.5129 0.3999 0.1484 0.1472 0.2177 0.3888 0.5067 0.3055 0.1384 0.1613 0.2577 0.4625 0.4745 0.1987 0.1379 0.1822 0.3096 0.5100 0.4148 0.1520 0.1452 0.2117 0.3768 0.5095 0.3202 0.1390 0.1597 0.2542 0.4590 0.4755 0.1978 0.1381 0.1844 0.3171 0.5126 0.3984 0.1476 0.1451 0.1766 0.1451 0.1476 0.3984 0.5126 0.3171 0.1844 0.1381 0.1978 0.4755 0.4590 0.2542 0.1597 0.1390 0.3202 0.5095 0.3768 0.2117 0.1452 0.1520 0.4148 0.5100 0.3096 0.1822 0.1379 0.1987 0.4745 0.4625 0.2577 0.1613 0.1384 0.3055 0.5067 0.3888 0.2177 0.1472 0.1484 0.3999 0.5129 0.3215 0.1874 0.1388 0.1828 0.4645 0.4764 0.2675 0.1651 0.1376 0.2822 0.5020 0.4001
0.5003 0.2723 0.1374 0.1668 0.2718 0.4818 0.4599 0.1773 0.1393 0.1897 0.3270 0.5136 0.3928 0.1470 0.1482 0.2208 0.3953 0.5048 0.2958 0.1380 0.1629 0.2617 0.4685 0.4705 0.1916 0.1382 0.1843 0.3145 0.5114 0.4087 0.1504 0.1460 0.2142 0.3820 0.5083 0.3136 0.1387 0.1605 0.2564 0.4619 0.4739 0.1954 0.1381 0.1847 0.3175 0.5126 0.3986 0.1474 0.1478 0.2147 0.3036 0.2147 0.1478 0.1474 0.3986 0.5126 0.3175 0.1847 0.1381 0.1954 0.4739 0.4619 0.2564 0.1605 0.1387 0.3136 0.5083 0.3820 0.2142 0.1460 0.1504 0.4087 0.5114 0.3145 0.1843 0.1382 0.1916 0.4705 0.4685 0.2617 0.1629 0.1380 0.2958 0.5048 0.3953 0.2208 0.1482 0.1470 0.3928 0.5136 0.3270 0.1897 0.1393 0.1773 0.4599 0.4818 0.2718 0.1668 0.1374 0.2723 0.5003
0.2686 0.1372 0.1684 0.2758 0.4864 0.4555 0.1729 0.1397 0.1919 0.3321 0.5140 0.3860 0.1458 0.1491 0.2238 0.4014 0.5029 0.2868 0.1377 0.1643 0.2655 0.4738 0.4665 0.1855 0.1385 0.1863 0.3193 0.5125 0.4027 0.1490 0.1468 0.2167 0.3871 0.5070 0.3067 0.1384 0.1614 0.2586 0.4650 0.4720 0.1925 0.1382 0.1852 0.3184 0.5127 0.3984 0.1474 0.1482 0.2214 0.3878 0.5080 0.3878 0.2214 0.1482 0.1474 0.3984 0.5127 0.3184 0.1852 0.1382 0.1925 0.4720 0.4650 0.2586 0.1614 0.1384 0.3067 0.5070 0.3871 0.2167 0.1468 0.1490 0.4027 0.5125 0.3193 0.1863 0.1385 0.1855 0.4665 0.4738 0.2655 0.1643 0.1377 0.2868 0.5029 0.4014 0.2238 0.1491 0.1458 0.3860 0.5140 0.3321 0.1919 0.1397 0.1729 0.4555 0.4864 0.2758 0.1684 0.1372 0.2686
0.1452 0.1692 0.2783 0.4890 0.4525 0.1702 0.1399 0.1932 0.3353 0.5140 0.3815 0.1449 0.1496 0.2255 0.4052 0.5014 0.2810 0.1374 0.1651 0.2680 0.4770 0.4638 0.1819 0.1387 0.1875 0.3224 0.5128 0.3987 0.1480 0.1472 0.2182 0.3904 0.5059 0.3022 0.1381 0.1618 0.2599 0.4666 0.4709 0.1912 0.1381 0.1852 0.3183 0.5124 0.3995 0.1476 0.1478 0.2214 0.3976 0.5054 0.4174 0.5054 0.3976 0.2214 0.1478 0.1476 0.3995 0.5124 0.3183 0.1852 0.1381 0.1912 0.4709 0.4666 0.2599 0.1618 0.1381 0.3022 0.5059 0.3904 0.2182 0.1472 0.1480 0.3987 0.5128 0.3224 0.1875 0.1387 0.1819 0.4638 0.4770 0.2680 0.1651 0.1374 0.2810 0.5014 0.4052 0.2255 0.1496 0.1449 0.3815 0.5140 0.3353 0.1932 0.1399 0.1702 0.4525 0.4890 0.2783 0.1692 0.1452
0.1707 0.2728 0.4835 0.4573 0.1750 0.1385 0.1893 0.3293 0.5128 0.3902 0.1456 0.1474 0.2209 0.3983 0.5027 0.2924 0.1369 0.1622 0.2627 0.4708 0.4678 0.1887 0.1374 0.1838 0.3165 0.5109 0.4066 0.1491 0.1451 0.2136 0.3834 0.5068 0.3140 0.1378 0.1589 0.2541 0.4588 0.4753 0.2018 0.1368 0.1807 0.3101 0.5097 0.4111 0.1498 0.1451 0.2147 0.3878 0.5054 0.3223 0.1534 0.3223 0.5054 0.3878 0.2147 0.1451 0.1498 0.4111 0.5097 0.3101 0.1807 0.1368 0.2018 0.4753 0.4588 0.2541 0.1589 0.1378 0.3140 0.5068 0.3834 0.2136 0.1451 0.1491 0.4066 0.5109 0.3165 0.1838 0.1374 0.1887 0.4678 0.4708 0.2627 0.1622 0.1369 0.2924 0.5027 0.3983 0.2209 0.1474 0.1456 0.3902 0.5128 0.3293 0.1893 0.1385 0.1750 0.4573 0.4835 0.2728 0.1707
0.2216 0.3987 0.5017 0.2932 0.1355 0.1607 0.2607 0.4714 0.4670 0.1886 0.1366 0.1820 0.3149 0.5105 0.4063 0.1473 0.1439 0.2115 0.3825 0.5060 0.3158 0.1363 0.1571 0.2510 0.4572 0.4762 0.2069 0.1358 0.1769 0.3026 0.5070 0.4209 0.1516 0.1420 0.2050 0.3689 0.5089 0.3335 0.1372 0.1548 0.2451 0.4490 0.4800 0.2139 0.1357 0.1766 0.3036 0.5080 0.4174 0.1534 0.1332 0.1534 0.4174 0.5080 0.3036 0.1766 0.1357 0.2139 0.4800 0.4490 0.2451 0.1548 0.1372 0.3335 0.5089 0.3689 0.2050 0.1420 0.1516 0.4209 0.5070 0.3026 0.1769 0.1358 0.2069 0.4762 0.4572 0.2510 0.1571 0.1363 0.3158 0.5060 0.3825 0.2115 0.1439 0.1473 0.4063 0.5105 0.3149 0.1820 0.1366 0.1886 0.4670 0.4714 0.2607 0.1607 0.1355 0.2932 0.5017 0.3987 0.2216
0.1707 0.2728 0.4835 0.4573 0.1750 0.1385 0.1893 0.3293 0.5128 0.3902 0.1456 0.1474 0.2209 0.3983 0.5027 0.2924 0.1369 0.1622 0.2627 0.4708 0.4678 0.1887 0.1374 0.1838 0.3165 0.5109 0.4066 0.1491 0.1451 0.2136 0.3834 0.5068 0.3140 0.1378 0.1589 0.2541 0.4588 0.4753 0.2018 0.1368 0.1807 0.3101 0.5097 0.4111 0.1498 0.1451 0.2147 0.3878 0.5054 0.3223 0.1534 0.3223 0.5054 0.3878 0.2147 0.1451 0.1498 0.4111 0.5097 0.3101 0.1807 0.1368 0.2018 0.4753 0.4588 0.2541 0.1589 0.1378 0.3140 0.5068 0.3834 0.2136 0.1451 0.1491 0.4066 0.5109 0.3165 0.1838 0.1374 0.1887 0.4678 0.4708 0.2627 0.1622 0.1369 0.2924 0.5027 0.3983 0.2209 0.1474 0.1456 0.3902 0.5128 0.3293 0.1893 0.1385 0.1750 0.4573 0.4835 0.2728 0.1707
0.1452 0.1692 0.2783 0.4890 0.4525 0.1702 0.1399 0.1932 0.3353 0.5140 0.3815 0.1449 0.1496 0.2255 0.4052 0.5014 0.2810 0.1374 0.1651 0.2680 0.4770 0.4638 0.1819 0.1387 0.1875 0.3224 0.5128 0.3987 0.1480 0.1472 0.2182 0.3904 0.5059 0.3022 0.1381 0.1618 0.2599 0.4666 0.4709 0.1912 0.1381 0.1852 0.3183 0.5124 0.3995 0.1476 0.1478 0.2214 0.3976 0.5054 0.4174 0.5054 0.3976 0.2214 0.1478 0.1476 0.3995 0.5124 0.3183 0.1852 0.1381 0.1912 0.4709 0.4666 0.2599 0.1618 0.1381 0.3022 0.5059 0.3904 0.2182 0.1472 0.1480 0.3987 0.5128 0.3224 0.1875 0.1387 0.1819 0.4638 0.4770 0.2680 0.1651 0.1374 0.2810 0.5014 0.4052 0.2255 0.1496 0.1449 0.3815 0.5140 0.3353 0.1932 0.1399 0.1702 0.4525 0.4890 0.2783 0.1692 0.1452
0.2686 0.1372 0.1684 0.2758 0.4864 0.4555 0.1729 0.1397 0.1919 0.3321 0.5140 0.3860 0.1458 0.1491 0.2238 0.4014 0.5029 0.2868 0.1377 0.1643 0.2655 0.4738 0.4665 0.1855 0.1385 0.1863 0.3193 0.5125 0.4027 0.1490 0.1468 0.2167 0.3871 0.5070 0.3067 0.1384 0.1614 0.2586 0.4650 0.4720 0.1925 0.1382 0.1852 0.3184 0.5127 0.3984 0.1474 0.1482 0.2214 0.3878 0.5080 0.3878 0.2214 0.1482 0.1474 0.3984 0.5127 0.3184 0.1852 0.1382 0.1925 0.4720 0.4650 0.2586 0.1614 0.1384 0.3067 0.5070 0.3871 0.2167 0.1468 0.1490 0.4027 0.5125 0.3193 0.1863 0.1385 0.1855 0.4665 0.4738 0.2655 0.1643 0.1377 0.2868 0.5029 0.4014 0.2238 0.1491 0.1458 0.3860 0.5140 0.3321 0.1919 0.1397 0.1729 0.4555 0.4864 0.2758 0.1684 0.1372 0.2686
0.5003 0.2723 0.1374 0.1668 0.2718 0.4818 0.4599 0.1773 0.1393 0.1897 0.3270 0.5136 0.3928 0.1470 0.1482 0.2208 0.3953 0.5048 0.2958 0.1380 0.1629 0.2617 0.4685 0.4705 0.1916 0.1382 0.1843 0.3145 0.5114 0.4087 0.1504 0.1460 0.2142 0.3820 0.5083 0.3136 0.1387 0.1605 0.2564 0.4619 0.4739 0.1954 0.1381 0.1847 0.3175 0.5126 0.3986 0.1474 0.1478 0.2147 0.3036 0.2147 0.1478 0.1474 0.3986 0.5126 0.3175 0.1847 0.1381 0.1954 0.4739 0.4619 0.2564 0.1605 0.1387 0.3136 0.5083 0.3820 0.2142 0.1460 0.1504 0.4087 0.5114 0.3145 0.1843 0.1382 0.1916 0.4705 0.4685 0.2617 0.1629 0.1380 0.2958 0.5048 0.3953 0.2208 0.1482 0.1470 0.3928 0.5136 0.3270 0.1897 0.1393 0.1773 0.4599 0.4818 0.2718 0.1668 0.1374 0.2723 0.5003
0.4001 0.5020 0.2822 0.1376 0.1651 0.2675 0.4764 0.4645 0.1828 0.1388 0.1874 0.3215 0.5129 0.3999 0.1484 0.1472 0.2177 0.3888 0.5067 0.3055 0.1384 0.1613 0.2577 0.4625 0.4745 0.1987 0.1379 0.1822 0.3096 0.5100 0.4148 0.1520 0.1452 0.2117 0.3768 0.5095 0.3202 0.1390 0.1597 0.2542 0.4590 0.4755 0.1978 0.1381 0.1844 0.3171 0.5126 0.3984 0.1476 0.1451 0.1766 0.1451 0.1476 0.3984 0.5126 0.3171 0.1844 0.1381 0.1978 0.4755 0.4590 0.2542 0.1597 0.1390 0.3202 0.5095 0.3768 0.2117 0.1452 0.1520 0.4148 0.5100 0.3096 0.1822 0.1379 0.1987 0.4745 0.4625 0.2577 0.1613 0.1384 0.3055 0.5067 0.3888 0.2177 0.1472 0.1484 0.3999 0.5129 0.3215 0.1874 0.1388 0.1828 0.4645 0.4764 0.2675 0.1651 0.1376 0.2822 0.5020 0.4001
