0.0039 0.0549 0.7169 1.0000 0.0001 0.0011 0.0141 0.1844 1.0000 1.0000 0.0003 0.0036 0.0472 0.6134 1.0000 0.0001 0.0009 0.0121 0.1569 1.0000 1.0000 0.0002 0.0031 0.0400 0.5208 1.0000 0.0001 0.0008 0.0102 0.1327 1.0000 1.0000 0.0002 0.0026 0.0339 0.4397 1.0000 0.0001 0.0007 0.0086 0.1122 1.0000 1.0000 0.0002 0.0022 0.0285 0.3706 1.0000 1.0000 0.0005 0.0023 0.0005 1.0000 1.0000 0.3706 0.0285 0.0022 0.0002 1.0000 1.0000 0.1122 0.0086 0.0007 0.0001 1.0000 0.4397 0.0339 0.0026 0.0002 1.0000 1.0000 0.1327 0.0102 0.0008 0.0001 1.0000 0.5208 0.0400 0.0031 0.0002 1.0000 1.0000 0.1569 0.0121 0.0009 0.0001 1.0000 0.6134 0.0472 0.0036 0.0003 1.0000 1.0000 0.1844 0.0141 0.0011 0.0001 1.0000 0.7169 0.0549 0.0039
0.0549 0.7321 1.0000 0.0001 0.0011 0.0140 0.1820 1.0000 1.0000 0.0003 0.0036 0.0464 0.6041 1.0000 0.0001 0.0009 0.0119 0.1545 1.0000 1.0000 0.0002 0.0030 0.0395 0.5130 1.0000 0.0001 0.0008 0.0101 0.1309 1.0000 1.0000 0.0002 0.0026 0.0334 0.4339 1.0000 1.0000 0.0007 0.0085 0.1105 1.0000 1.0000 0.0002 0.0022 0.0282 0.3664 1.0000 1.0000 0.0005 0.0060 0.0290 0.0060 0.0005 1.0000 1.0000 0.3664 0.0282 0.0022 0.0002 1.0000 1.0000 0.1105 0.0085 0.0007 1.0000 1.0000 0.4339 0.0334 0.0026 0.0002 1.0000 1.0000 0.1309 0.0101 0.0008 0.0001 1.0000 0.5130 0.0395 0.0030 0.0002 1.0000 1.0000 0.1545 0.0119 0.0009 0.0001 1.0000 0.6041 0.0464 0.0036 0.0003 1.0000 1.0000 0.1820 0.0140 0.0011 0.0001 1.0000 0.7321 0.0549
0.7169 1.0000 0.0001 0.0010 0.0133 0.1712 1.0000 1.0000 0.0003 0.0033 0.0433 0.5631 1.0000 0.0001 0.0009 0.0111 0.1440 1.0000 1.0000 0.0002 0.0028 0.0368 0.4781 1.0000 0.0001 0.0007 0.0094 0.1220 1.0000 1.0000 0.0002 0.0024 0.0312 0.4044 1.0000 1.0000 0.0006 0.0079 0.1032 1.0000 1.0000 0.0002 0.0020 0.0263 0.3415 1.0000 1.0000 0.0005 0.0064 0.0728 0.3507 0.0728 0.0064 0.0005 1.0000 1.0000 0.3415 0.0263 0.0020 0.0002 1.0000 1.0000 0.1032 0.0079 0.0006 1.0000 1.0000 0.4044 0.0312 0.0024 0.0002 1.0000 1.0000 0.1220 0.0094 0.0007 0.0001 1.0000 0.4781 0.0368 0.0028 0.0002 1.0000 1.0000 0.1440 0.0111 0.0009 0.0001 1.0000 0.5631 0.0433 0.0033 0.0003 1.0000 1.0000 0.1712 0.0133 0.0010 0.0001 1.0000 0.7169
1.0000 0.0001 0.0010 0.0130 0.1651 1.0000 1.0000 0.0002 0.0031 0.0405 0.5258 1.0000 0.0001 0.0008 0.0103 0.1342 1.0000 1.0000 0.0002 0.0026 0.0343 0.4456 1.0000 0.0001 0.0007 0.0087 0.1137 1.0000 1.0000 0.0002 0.0022 0.0290 0.3770 1.0000 1.0000 0.0006 0.0074 0.0962 1.0000 1.0000 0.0001 0.0019 0.0245 0.3183 1.0000 1.0000 0.0005 0.0062 0.0781 0.8820 1.0000 0.8820 0.0781 0.0062 0.0005 1.0000 1.0000 0.3183 0.0245 0.0019 0.0001 1.0000 1.0000 0.0962 0.0074 0.0006 1.0000 1.0000 0.3770 0.0290 0.0022 0.0002 1.0000 1.0000 0.1137 0.0087 0.0007 0.0001 1.0000 0.4456 0.0343 0.0026 0.0002 1.0000 1.0000 0.1342 0.0103 0.0008 0.0001 1.0000 0.5258 0.0405 0.0031 0.0002 1.0000 1.0000 0.1651 0.0130 0.0010 0.0001 1.0000
0.0001 0.0011 0.0133 0.1651 1.0000 1.0000 0.0002 0.0030 0.0382 0.4938 1.0000 0.0001 0.0007 0.0096 0.1251 1.0000 1.0000 0.0002 0.0025 0.0320 0.4161 1.0000 1.0000 0.0006 0.0082 0.1060 1.0000 1.0000 0.0002 0.0021 0.0271 0.3513 1.0000 1.0000 0.0005 0.0069 0.0897 1.0000 1.0000 0.0001 0.0018 0.0228 0.2966 1.0000 1.0000 0.0004 0.0058 0.0749 0.9445 1.0000 1.0000 1.0000 0.9445 0.0749 0.0058 0.0004 1.0000 1.0000 0.2966 0.0228 0.0018 0.0001 1.0000 1.0000 0.0897 0.0069 0.0005 1.0000 1.0000 0.3513 0.0271 0.0021 0.0002 1.0000 1.0000 0.1060 0.0082 0.0006 1.0000 1.0000 0.4161 0.0320 0.0025 0.0002 1.0000 1.0000 0.1251 0.0096 0.0007 0.0001 1.0000 0.4938 0.0382 0.0030 0.0002 1.0000 1.0000 0.1651 0.0133 0.0011 0.0001
0.0011 0.0140 0.1712 1.0000 1.0000 0.0002 0.0029 0.0368 0.4709 1.0000 0.0001 0.0007 0.0090 0.1168 1.0000 1.0000 0.0002 0.0023 0.0298 0.3879 1.0000 1.0000 0.0006 0.0076 0.0988 1.0000 1.0000 0.0001 0.0019 0.0252 0.3281 1.0000 1.0000 0.0005 0.0064 0.0836 1.0000 1.0000 0.0001 0.0016 0.0213 0.2765 1.0000 1.0000 0.0004 0.0054 0.0703 0.9076 1.0000 0.0001 0.0004 0.0001 1.0000 0.9076 0.0703 0.0054 0.0004 1.0000 1.0000 0.2765 0.0213 0.0016 0.0001 1.0000 1.0000 0.0836 0.0064 0.0005 1.0000 1.0000 0.3281 0.0252 0.0019 0.0001 1.0000 1.0000 0.0988 0.0076 0.0006 1.0000 1.0000 0.3879 0.0298 0.0023 0.0002 1.0000 1.0000 0.1168 0.0090 0.0007 0.0001 1.0000 0.4709 0.0368 0.0029 0.0002 1.0000 1.0000 0.1712 0.0140 0.0011
0.0141 0.1820 1.0000 1.0000 0.0002 0.0029 0.0362 0.4585 1.0000 1.0000 0.0007 0.0085 0.1099 1.0000 1.0000 0.0002 0.0021 0.0278 0.3615 1.0000 1.0000 0.0005 0.0071 0.0921 1.0000 1.0000 0.0001 0.0018 0.0235 0.3058 1.0000 1.0000 0.0005 0.0060 0.0779 1.0000 1.0000 0.0001 0.0015 0.0198 0.2577 1.0000 1.0000 0.0004 0.0050 0.0657 0.8507 1.0000 0.0001 0.0011 0.0052 0.0011 0.0001 1.0000 0.8507 0.0657 0.0050 0.0004 1.0000 1.0000 0.2577 0.0198 0.0015 0.0001 1.0000 1.0000 0.0779 0.0060 0.0005 1.0000 1.0000 0.3058 0.0235 0.0018 0.0001 1.0000 1.0000 0.0921 0.0071 0.0005 1.0000 1.0000 0.3615 0.0278 0.0021 0.0002 1.0000 1.0000 0.1099 0.0085 0.0007 1.0000 1.0000 0.4585 0.0362 0.0029 0.0002 1.0000 1.0000 0.1820 0.0141
0.1844 1.0000 1.0000 0.0002 0.0030 0.0368 0.4585 1.0000 1.0000 0.0006 0.0081 0.1044 1.0000 1.0000 0.0002 0.0020 0.0260 0.3369 1.0000 1.0000 0.0005 0.0066 0.0858 1.0000 1.0000 0.0001 0.0017 0.0219 0.2850 1.0000 1.0000 0.0004 0.0056 0.0726 0.9445 1.0000 0.0001 0.0014 0.0185 0.2406 1.0000 1.0000 0.0004 0.0047 0.0612 0.7944 1.0000 0.0001 0.0012 0.0131 0.0627 0.0131 0.0012 0.0001 1.0000 0.7944 0.0612 0.0047 0.0004 1.0000 1.0000 0.2406 0.0185 0.0014 0.0001 1.0000 0.9445 0.0726 0.0056 0.0004 1.0000 1.0000 0.2850 0.0219 0.0017 0.0001 1.0000 1.0000 0.0858 0.0066 0.0005 1.0000 1.0000 0.3369 0.0260 0.0020 0.0002 1.0000 1.0000 0.1044 0.0081 0.0006 1.0000 1.0000 0.4585 0.0368 0.0030 0.0002 1.0000 1.0000 0.1844
1.0000 1.0000 0.0003 0.0031 0.0382 0.4709 1.0000 1.0000 0.0006 0.0080 0.1011 1.0000 1.0000 0.0001 0.0019 0.0244 0.3158 1.0000 1.0000 0.0005 0.0062 0.0802 1.0000 1.0000 0.0001 0.0016 0.0204 0.2657 1.0000 1.0000 0.0004 0.0052 0.0677 0.8804 1.0000 0.0001 0.0013 0.0172 0.2243 1.0000 1.0000 0.0003 0.0044 0.0570 0.7419 1.0000 0.0001 0.0011 0.0140 0.1584 0.7604 0.1584 0.0140 0.0011 0.0001 1.0000 0.7419 0.0570 0.0044 0.0003 1.0000 1.0000 0.2243 0.0172 0.0013 0.0001 1.0000 0.8804 0.0677 0.0052 0.0004 1.0000 1.0000 0.2657 0.0204 0.0016 0.0001 1.0000 1.0000 0.0802 0.0062 0.0005 1.0000 1.0000 0.3158 0.0244 0.0019 0.0001 1.0000 1.0000 0.1011 0.0080 0.0006 1.0000 1.0000 0.4709 0.0382 0.0031 0.0003 1.0000 1.0000
1.0000 0.0003 0.0033 0.0405 0.4938 1.0000 1.0000 0.0006 0.0080 0.0999 1.0000 1.0000 0.0001 0.0018 0.0232 0.2983 1.0000 1.0000 0.0004 0.0058 0.0747 0.9719 1.0000 0.0001 0.0015 0.0190 0.2476 1.0000 1.0000 0.0004 0.0049 0.0631 0.8205 1.0000 0.0001 0.0012 0.0161 0.2090 1.0000 1.0000 0.0003 0.0041 0.0532 0.6915 1.0000 0.0001 0.0010 0.0134 0.1696 1.0000 1.0000 1.0000 0.1696 0.0134 0.0010 0.0001 1.0000 0.6915 0.0532 0.0041 0.0003 1.0000 1.0000 0.2090 0.0161 0.0012 0.0001 1.0000 0.8205 0.0631 0.0049 0.0004 1.0000 1.0000 0.2476 0.0190 0.0015 0.0001 1.0000 0.9719 0.0747 0.0058 0.0004 1.0000 1.0000 0.2983 0.0232 0.0018 0.0001 1.0000 1.0000 0.0999 0.0080 0.0006 1.0000 1.0000 0.4938 0.0405 0.0033 0.0003 1.0000
0.0003 0.0036 0.0433 0.5258 1.0000 0.0001 0.0007 0.0081 0.1011 1.0000 1.0000 0.0001 0.0017 0.0223 0.2856 1.0000 1.0000 0.0004 0.0054 0.0702 0.9093 1.0000 0.0001 0.0014 0.0177 0.2308 1.0000 1.0000 0.0003 0.0045 0.0588 0.7648 1.0000 0.0001 0.0012 0.0150 0.1948 1.0000 1.0000 0.0003 0.0038 0.0496 0.6445 1.0000 0.0001 0.0010 0.0126 0.1626 1.0000 1.0000 0.0001 1.0000 1.0000 0.1626 0.0126 0.0010 0.0001 1.0000 0.6445 0.0496 0.0038 0.0003 1.0000 1.0000 0.1948 0.0150 0.0012 0.0001 1.0000 0.7648 0.0588 0.0045 0.0003 1.0000 1.0000 0.2308 0.0177 0.0014 0.0001 1.0000 0.9093 0.0702 0.0054 0.0004 1.0000 1.0000 0.2856 0.0223 0.0017 0.0001 1.0000 1.0000 0.1011 0.0081 0.0007 0.0001 1.0000 0.5258 0.0433 0.0036 0.0003
0.0036 0.0464 0.5631 1.0000 0.0001 0.0007 0.0085 0.1044 1.0000 1.0000 0.0001 0.0017 0.0218 0.2770 1.0000 1.0000 0.0004 0.0051 0.0662 0.8556 1.0000 0.0001 0.0013 0.0166 0.2155 1.0000 1.0000 0.0003 0.0042 0.0548 0.7128 1.0000 0.0001 0.0011 0.0140 0.1816 1.0000 1.0000 0.0003 0.0036 0.0463 0.6007 1.0000 0.0001 0.0009 0.0118 0.1525 1.0000 1.0000 0.0002 0.0009 0.0002 1.0000 1.0000 0.1525 0.0118 0.0009 0.0001 1.0000 0.6007 0.0463 0.0036 0.0003 1.0000 1.0000 0.1816 0.0140 0.0011 0.0001 1.0000 0.7128 0.0548 0.0042 0.0003 1.0000 1.0000 0.2155 0.0166 0.0013 0.0001 1.0000 0.8556 0.0662 0.0051 0.0004 1.0000 1.0000 0.2770 0.0218 0.0017 0.0001 1.0000 1.0000 0.1044 0.0085 0.0007 0.0001 1.0000 0.5631 0.0464 0.0036
0.0472 0.6041 1.0000 0.0001 0.0007 0.0090 0.1099 1.0000 1.0000 0.0001 0.0017 0.0218 0.2744 1.0000 1.0000 0.0004 0.0049 0.0630 0.8097 1.0000 0.0001 0.0012 0.0155 0.2016 1.0000 1.0000 0.0003 0.0039 0.0512 0.6644 1.0000 0.0001 0.0010 0.0130 0.1693 1.0000 1.0000 0.0003 0.0033 0.0431 0.5599 1.0000 0.0001 0.0008 0.0110 0.1424 1.0000 1.0000 0.0002 0.0023 0.0112 0.0023 0.0002 1.0000 1.0000 0.1424 0.0110 0.0008 0.0001 1.0000 0.5599 0.0431 0.0033 0.0003 1.0000 1.0000 0.1693 0.0130 0.0010 0.0001 1.0000 0.6644 0.0512 0.0039 0.0003 1.0000 1.0000 0.2016 0.0155 0.0012 0.0001 1.0000 0.8097 0.0630 0.0049 0.0004 1.0000 1.0000 0.2744 0.0218 0.0017 0.0001 1.0000 1.0000 0.1099 0.0090 0.0007 0.0001 1.0000 0.6041 0.0472
0.6134 1.0000 0.0001 0.0008 0.0096 0.1168 1.0000 1.0000 0.0001 0.0018 0.0223 0.2770 1.0000 1.0000 0.0004 0.0048 0.0608 0.7780 1.0000 0.0001 0.0011 0.0146 0.1894 1.0000 1.0000 0.0003 0.0037 0.0478 0.6204 1.0000 0.0001 0.0009 0.0122 0.1578 1.0000 1.0000 0.0002 0.0031 0.0402 0.5228 1.0000 0.0001 0.0008 0.0102 0.1329 1.0000 1.0000 0.0002 0.0025 0.0284 0.1363 0.0284 0.0025 0.0002 1.0000 1.0000 0.1329 0.0102 0.0008 0.0001 1.0000 0.5228 0.0402 0.0031 0.0002 1.0000 1.0000 0.1578 0.0122 0.0009 0.0001 1.0000 0.6204 0.0478 0.0037 0.0003 1.0000 1.0000 0.1894 0.0146 0.0011 0.0001 1.0000 0.7780 0.0608 0.0048 0.0004 1.0000 1.0000 0.2770 0.0223 0.0018 0.0001 1.0000 1.0000 0.1168 0.0096 0.0008 0.0001 1.0000 0.6134
1.0000 0.0001 0.0009 0.0103 0.1251 1.0000 1.0000 0.0002 0.0019 0.0232 0.2856 1.0000 1.0000 0.0004 0.0047 0.0597 0.7576 1.0000 0.0001 0.0011 0.0139 0.1792 1.0000 1.0000 0.0003 0.0034 0.0447 0.5805 1.0000 0.0001 0.0009 0.0113 0.1473 1.0000 1.0000 0.0002 0.0029 0.0375 0.4873 1.0000 0.0001 0.0007 0.0095 0.1239 1.0000 1.0000 0.0002 0.0024 0.0304 0.3434 1.0000 0.3434 0.0304 0.0024 0.0002 1.0000 1.0000 0.1239 0.0095 0.0007 0.0001 1.0000 0.4873 0.0375 0.0029 0.0002 1.0000 1.0000 0.1473 0.0113 0.0009 0.0001 1.0000 0.5805 0.0447 0.0034 0.0003 1.0000 1.0000 0.1792 0.0139 0.0011 0.0001 1.0000 0.7576 0.0597 0.0047 0.0004 1.0000 1.0000 0.2856 0.0232 0.0019 0.0002 1.0000 1.0000 0.1251 0.0103 0.0009 0.0001 1.0000
0.0001 0.0009 0.0111 0.1342 1.0000 1.0000 0.0002 0.0020 0.0244 0.2983 1.0000 1.0000 0.0004 0.0048 0.0597 0.7504 1.0000 0.0001 0.0010 0.0134 0.1712 1.0000 1.0000 0.0003 0.0032 0.0419 0.5431 1.0000 0.0001 0.0008 0.0106 0.1376 1.0000 1.0000 0.0002 0.0027 0.0350 0.4542 1.0000 0.0001 0.0007 0.0089 0.1155 1.0000 1.0000 0.0002 0.0023 0.0291 0.3678 1.0000 1.0000 1.0000 0.3678 0.0291 0.0023 0.0002 1.0000 1.0000 0.1155 0.0089 0.0007 0.0001 1.0000 0.4542 0.0350 0.0027 0.0002 1.0000 1.0000 0.1376 0.0106 0.0008 0.0001 1.0000 0.5431 0.0419 0.0032 0.0003 1.0000 1.0000 0.1712 0.0134 0.0010 0.0001 1.0000 0.7504 0.0597 0.0048 0.0004 1.0000 1.0000 0.2983 0.0244 0.0020 0.0002 1.0000 1.0000 0.1342 0.0111 0.0009 0.0001
0.0009 0.0119 0.1440 1.0000 1.0000 0.0002 0.0021 0.0260 0.3158 1.0000 1.0000 0.0004 0.0049 0.0608 0.7576 1.0000 0.0001 0.0010 0.0130 0.1658 1.0000 1.0000 0.0002 0.0031 0.0396 0.5110 1.0000 0.0001 0.0008 0.0099 0.1287 1.0000 1.0000 0.0002 0.0025 0.0326 0.4233 1.0000 1.0000 0.0006 0.0083 0.1076 1.0000 1.0000 0.0002 0.0021 0.0274 0.3534 1.0000 1.0000 0.0002 1.0000 1.0000 0.3534 0.0274 0.0021 0.0002 1.0000 1.0000 0.1076 0.0083 0.0006 1.0000 1.0000 0.4233 0.0326 0.0025 0.0002 1.0000 1.0000 0.1287 0.0099 0.0008 0.0001 1.0000 0.5110 0.0396 0.0031 0.0002 1.0000 1.0000 0.1658 0.0130 0.0010 0.0001 1.0000 0.7576 0.0608 0.0049 0.0004 1.0000 1.0000 0.3158 0.0260 0.0021 0.0002 1.0000 1.0000 0.1440 0.0119 0.0009
0.0121 0.1545 1.0000 1.0000 0.0002 0.0023 0.0278 0.3369 1.0000 1.0000 0.0004 0.0051 0.0630 0.7780 1.0000 0.0001 0.0010 0.0129 0.1629 1.0000 1.0000 0.0002 0.0029 0.0377 0.4854 1.0000 0.0001 0.0007 0.0093 0.1204 1.0000 1.0000 0.0002 0.0023 0.0305 0.3961 1.0000 1.0000 0.0006 0.0077 0.1005 1.0000 1.0000 0.0002 0.0020 0.0256 0.3312 1.0000 1.0000 0.0004 0.0020 0.0004 1.0000 1.0000 0.3312 0.0256 0.0020 0.0002 1.0000 1.0000 0.1005 0.0077 0.0006 1.0000 1.0000 0.3961 0.0305 0.0023 0.0002 1.0000 1.0000 0.1204 0.0093 0.0007 0.0001 1.0000 0.4854 0.0377 0.0029 0.0002 1.0000 1.0000 0.1629 0.0129 0.0010 0.0001 1.0000 0.7780 0.0630 0.0051 0.0004 1.0000 1.0000 0.3369 0.0278 0.0023 0.0002 1.0000 1.0000 0.1545 0.0121
0.1569 1.0000 1.0000 0.0002 0.0025 0.0298 0.3615 1.0000 1.0000 0.0004 0.0054 0.0662 0.8097 1.0000 0.0001 0.0010 0.0130 0.1629 1.0000 1.0000 0.0002 0.0029 0.0363 0.4647 1.0000 0.0001 0.0007 0.0088 0.1133 1.0000 1.0000 0.0002 0.0022 0.0285 0.3706 1.0000 1.0000 0.0006 0.0072 0.0939 1.0000 1.0000 0.0001 0.0018 0.0238 0.3093 1.0000 1.0000 0.0005 0.0051 0.0245 0.0051 0.0005 1.0000 1.0000 0.3093 0.0238 0.0018 0.0001 1.0000 1.0000 0.0939 0.0072 0.0006 1.0000 1.0000 0.3706 0.0285 0.0022 0.0002 1.0000 1.0000 0.1133 0.0088 0.0007 0.0001 1.0000 0.4647 0.0363 0.0029 0.0002 1.0000 1.0000 0.1629 0.0130 0.0010 0.0001 1.0000 0.8097 0.0662 0.0054 0.0004 1.0000 1.0000 0.3615 0.0298 0.0025 0.0002 1.0000 1.0000 0.1569
1.0000 1.0000 0.0002 0.0026 0.0320 0.3879 1.0000 1.0000 0.0005 0.0058 0.0702 0.8556 1.0000 0.0001 0.0011 0.0134 0.1658 1.0000 1.0000 0.0002 0.0028 0.0355 0.4507 1.0000 1.0000 0.0006 0.0083 0.1072 1.0000 1.0000 0.0002 0.0021 0.0267 0.3467 1.0000 1.0000 0.0005 0.0068 0.0878 1.0000 1.0000 0.0001 0.0017 0.0222 0.2888 1.0000 1.0000 0.0004 0.0055 0.0618 0.2966 0.0618 0.0055 0.0004 1.0000 1.0000 0.2888 0.0222 0.0017 0.0001 1.0000 1.0000 0.0878 0.0068 0.0005 1.0000 1.0000 0.3467 0.0267 0.0021 0.0002 1.0000 1.0000 0.1072 0.0083 0.0006 1.0000 1.0000 0.4507 0.0355 0.0028 0.0002 1.0000 1.0000 0.1658 0.0134 0.0011 0.0001 1.0000 0.8556 0.0702 0.0058 0.0005 1.0000 1.0000 0.3879 0.0320 0.0026 0.0002 1.0000 1.0000
1.0000 0.0002 0.0028 0.0343 0.4161 1.0000 1.0000 0.0005 0.0062 0.0747 0.9093 1.0000 0.0001 0.0011 0.0139 0.1712 1.0000 1.0000 0.0002 0.0028 0.0353 0.4439 1.0000 1.0000 0.0006 0.0080 0.1023 1.0000 1.0000 0.0001 0.0019 0.0251 0.3250 1.0000 1.0000 0.0005 0.0063 0.0822 1.0000 1.0000 0.0001 0.0016 0.0208 0.2702 1.0000 1.0000 0.0004 0.0052 0.0662 0.7490 1.0000 0.7490 0.0662 0.0052 0.0004 1.0000 1.0000 0.2702 0.0208 0.0016 0.0001 1.0000 1.0000 0.0822 0.0063 0.0005 1.0000 1.0000 0.3250 0.0251 0.0019 0.0001 1.0000 1.0000 0.1023 0.0080 0.0006 1.0000 1.0000 0.4439 0.0353 0.0028 0.0002 1.0000 1.0000 0.1712 0.0139 0.0011 0.0001 1.0000 0.9093 0.0747 0.0062 0.0005 1.0000 1.0000 0.4161 0.0343 0.0028 0.0002 1.0000
0.0002 0.0030 0.0368 0.4456 1.0000 1.0000 0.0005 0.0066 0.0802 0.9719 1.0000 0.0001 0.0012 0.0146 0.1792 1.0000 1.0000 0.0002 0.0029 0.0355 0.4439 1.0000 1.0000 0.0006 0.0077 0.0986 1.0000 1.0000 0.0001 0.0018 0.0237 0.3058 1.0000 1.0000 0.0005 0.0059 0.0769 0.9981 1.0000 0.0001 0.0015 0.0195 0.2528 1.0000 1.0000 0.0004 0.0049 0.0636 0.8020 1.0000 1.0000 1.0000 0.8020 0.0636 0.0049 0.0004 1.0000 1.0000 0.2528 0.0195 0.0015 0.0001 1.0000 0.9981 0.0769 0.0059 0.0005 1.0000 1.0000 0.3058 0.0237 0.0018 0.0001 1.0000 1.0000 0.0986 0.0077 0.0006 1.0000 1.0000 0.4439 0.0355 0.0029 0.0002 1.0000 1.0000 0.1792 0.0146 0.0012 0.0001 1.0000 0.9719 0.0802 0.0066 0.0005 1.0000 1.0000 0.4456 0.0368 0.0030 0.0002
0.0031 0.0395 0.4781 1.0000 1.0000 0.0006 0.0071 0.0858 1.0000 1.0000 0.0001 0.0013 0.0155 0.1894 1.0000 1.0000 0.0002 0.0029 0.0363 0.4507 1.0000 1.0000 0.0006 0.0076 0.0964 1.0000 1.0000 0.0001 0.0018 0.0225 0.2899 1.0000 1.0000 0.0004 0.0056 0.0719 0.9338 1.0000 0.0001 0.0014 0.0182 0.2366 1.0000 1.0000 0.0004 0.0046 0.0597 0.7706 1.0000 0.0001 0.0004 0.0001 1.0000 0.7706 0.0597 0.0046 0.0004 1.0000 1.0000 0.2366 0.0182 0.0014 0.0001 1.0000 0.9338 0.0719 0.0056 0.0004 1.0000 1.0000 0.2899 0.0225 0.0018 0.0001 1.0000 1.0000 0.0964 0.0076 0.0006 1.0000 1.0000 0.4507 0.0363 0.0029 0.0002 1.0000 1.0000 0.1894 0.0155 0.0013 0.0001 1.0000 1.0000 0.0858 0.0071 0.0006 1.0000 1.0000 0.4781 0.0395 0.0031
0.0400 0.5130 1.0000 0.0001 0.0006 0.0076 0.0921 1.0000 1.0000 0.0001 0.0014 0.0166 0.2016 1.0000 1.0000 0.0003 0.0031 0.0377 0.4647 1.0000 1.0000 0.0006 0.0076 0.0957 1.0000 1.0000 0.0001 0.0017 0.0217 0.2770 1.0000 1.0000 0.0004 0.0052 0.0677 0.8754 1.0000 0.0001 0.0013 0.0170 0.2213 1.0000 1.0000 0.0003 0.0043 0.0560 0.7238 1.0000 0.0001 0.0009 0.0044 0.0009 0.0001 1.0000 0.7238 0.0560 0.0043 0.0003 1.0000 1.0000 0.2213 0.0170 0.0013 0.0001 1.0000 0.8754 0.0677 0.0052 0.0004 1.0000 1.0000 0.2770 0.0217 0.0017 0.0001 1.0000 1.0000 0.0957 0.0076 0.0006 1.0000 1.0000 0.4647 0.0377 0.0031 0.0003 1.0000 1.0000 0.2016 0.0166 0.0014 0.0001 1.0000 1.0000 0.0921 0.0076 0.0006 0.0001 1.0000 0.5130 0.0400
0.5208 1.0000 0.0001 0.0007 0.0082 0.0988 1.0000 1.0000 0.0001 0.0015 0.0177 0.2155 1.0000 1.0000 0.0003 0.0032 0.0396 0.4854 1.0000 1.0000 0.0006 0.0077 0.0964 1.0000 1.0000 0.0001 0.0017 0.0210 0.2677 1.0000 1.0000 0.0004 0.0050 0.0640 0.8268 1.0000 0.0001 0.0012 0.0159 0.2071 1.0000 1.0000 0.0003 0.0040 0.0524 0.6784 1.0000 0.0001 0.0010 0.0111 0.0534 0.0111 0.0010 0.0001 1.0000 0.6784 0.0524 0.0040 0.0003 1.0000 1.0000 0.2071 0.0159 0.0012 0.0001 1.0000 0.8268 0.0640 0.0050 0.0004 1.0000 1.0000 0.2677 0.0210 0.0017 0.0001 1.0000 1.0000 0.0964 0.0077 0.0006 1.0000 1.0000 0.4854 0.0396 0.0032 0.0003 1.0000 1.0000 0.2155 0.0177 0.0015 0.0001 1.0000 1.0000 0.0988 0.0082 0.0007 0.0001 1.0000 0.5208
1.0000 0.0001 0.0007 0.0087 0.1060 1.0000 1.0000 0.0001 0.0016 0.0190 0.2308 1.0000 1.0000 0.0003 0.0034 0.0419 0.5110 1.0000 0.0001 0.0006 0.0080 0.0986 1.0000 1.0000 0.0001 0.0016 0.0207 0.2621 1.0000 1.0000 0.0004 0.0048 0.0611 0.7854 1.0000 0.0001 0.0012 0.0150 0.1941 1.0000 1.0000 0.0003 0.0038 0.0490 0.6347 1.0000 0.0001 0.0009 0.0119 0.1347 0.6469 0.1347 0.0119 0.0009 0.0001 1.0000 0.6347 0.0490 0.0038 0.0003 1.0000 1.0000 0.1941 0.0150 0.0012 0.0001 1.0000 0.7854 0.0611 0.0048 0.0004 1.0000 1.0000 0.2621 0.0207 0.0016 0.0001 1.0000 1.0000 0.0986 0.0080 0.0006 0.0001 1.0000 0.5110 0.0419 0.0034 0.0003 1.0000 1.0000 0.2308 0.0190 0.0016 0.0001 1.0000 1.0000 0.1060 0.0087 0.0007 0.0001 1.0000
0.0001 0.0008 0.0094 0.1137 1.0000 1.0000 0.0001 0.0017 0.0204 0.2476 1.0000 1.0000 0.0003 0.0037 0.0447 0.5431 1.0000 0.0001 0.0007 0.0083 0.1023 1.0000 1.0000 0.0001 0.0017 0.0207 0.2602 1.0000 1.0000 0.0004 0.0046 0.0587 0.7518 1.0000 0.0001 0.0011 0.0141 0.1826 1.0000 1.0000 0.0003 0.0035 0.0458 0.5950 1.0000 0.0001 0.0009 0.0115 0.1445 1.0000 1.0000 1.0000 0.1445 0.0115 0.0009 0.0001 1.0000 0.5950 0.0458 0.0035 0.0003 1.0000 1.0000 0.1826 0.0141 0.0011 0.0001 1.0000 0.7518 0.0587 0.0046 0.0004 1.0000 1.0000 0.2602 0.0207 0.0017 0.0001 1.0000 1.0000 0.1023 0.0083 0.0007 0.0001 1.0000 0.5431 0.0447 0.0037 0.0003 1.0000 1.0000 0.2476 0.0204 0.0017 0.0001 1.0000 1.0000 0.1137 0.0094 0.0008 0.0001
0.0008 0.0101 0.1220 1.0000 1.0000 0.0001 0.0018 0.0219 0.2657 1.0000 1.0000 0.0003 0.0039 0.0478 0.5805 1.0000 0.0001 0.0007 0.0088 0.1072 1.0000 1.0000 0.0001 0.0017 0.0210 0.2621 1.0000 1.0000 0.0004 0.0045 0.0571 0.7265 1.0000 0.0001 0.0010 0.0134 0.1732 1.0000 1.0000 0.0003 0.0033 0.0430 0.5567 1.0000 0.0001 0.0008 0.0108 0.1392 1.0000 1.0000 0.0001 1.0000 1.0000 0.1392 0.0108 0.0008 0.0001 1.0000 0.5567 0.0430 0.0033 0.0003 1.0000 1.0000 0.1732 0.0134 0.0010 0.0001 1.0000 0.7265 0.0571 0.0045 0.0004 1.0000 1.0000 0.2621 0.0210 0.0017 0.0001 1.0000 1.0000 0.1072 0.0088 0.0007 0.0001 1.0000 0.5805 0.0478 0.0039 0.0003 1.0000 1.0000 0.2657 0.0219 0.0018 0.0001 1.0000 1.0000 0.1220 0.0101 0.0008
0.0102 0.1309 1.0000 1.0000 0.0002 0.0019 0.0235 0.2850 1.0000 1.0000 0.0003 0.0042 0.0512 0.6204 1.0000 0.0001 0.0008 0.0093 0.1133 1.0000 1.0000 0.0001 0.0018 0.0217 0.2677 1.0000 1.0000 0.0004 0.0045 0.0563 0.7115 1.0000 0.0001 0.0010 0.0129 0.1651 1.0000 1.0000 0.0002 0.0031 0.0403 0.5228 1.0000 0.0001 0.0008 0.0101 0.1312 1.0000 1.0000 0.0002 0.0008 0.0002 1.0000 1.0000 0.1312 0.0101 0.0008 0.0001 1.0000 0.5228 0.0403 0.0031 0.0002 1.0000 1.0000 0.1651 0.0129 0.0010 0.0001 1.0000 0.7115 0.0563 0.0045 0.0004 1.0000 1.0000 0.2677 0.0217 0.0018 0.0001 1.0000 1.0000 0.1133 0.0093 0.0008 0.0001 1.0000 0.6204 0.0512 0.0042 0.0003 1.0000 1.0000 0.2850 0.0235 0.0019 0.0002 1.0000 1.0000 0.1309 0.0102
0.1327 1.0000 1.0000 0.0002 0.0021 0.0252 0.3058 1.0000 1.0000 0.0004 0.0045 0.0548 0.6644 1.0000 0.0001 0.0008 0.0099 0.1204 1.0000 1.0000 0.0001 0.0018 0.0225 0.2770 1.0000 1.0000 0.0004 0.0045 0.0563 0.7061 1.0000 0.0001 0.0010 0.0125 0.1593 1.0000 1.0000 0.0002 0.0030 0.0381 0.4929 1.0000 0.0001 0.0007 0.0095 0.1232 1.0000 1.0000 0.0002 0.0020 0.0096 0.0020 0.0002 1.0000 1.0000 0.1232 0.0095 0.0007 0.0001 1.0000 0.4929 0.0381 0.0030 0.0002 1.0000 1.0000 0.1593 0.0125 0.0010 0.0001 1.0000 0.7061 0.0563 0.0045 0.0004 1.0000 1.0000 0.2770 0.0225 0.0018 0.0001 1.0000 1.0000 0.1204 0.0099 0.0008 0.0001 1.0000 0.6644 0.0548 0.0045 0.0004 1.0000 1.0000 0.3058 0.0252 0.0021 0.0002 1.0000 1.0000 0.1327
1.0000 1.0000 0.0002 0.0022 0.0271 0.3281 1.0000 1.0000 0.0004 0.0049 0.0588 0.7128 1.0000 0.0001 0.0009 0.0106 0.1287 1.0000 1.0000 0.0002 0.0019 0.0237 0.2899 1.0000 1.0000 0.0004 0.0046 0.0571 0.7115 1.0000 0.0001 0.0010 0.0122 0.1548 1.0000 1.0000 0.0002 0.0028 0.0363 0.4673 1.0000 0.0001 0.0007 0.0089 0.1157 1.0000 1.0000 0.0002 0.0022 0.0244 0.1170 0.0244 0.0022 0.0002 1.0000 1.0000 0.1157 0.0089 0.0007 0.0001 1.0000 0.4673 0.0363 0.0028 0.0002 1.0000 1.0000 0.1548 0.0122 0.0010 0.0001 1.0000 0.7115 0.0571 0.0046 0.0004 1.0000 1.0000 0.2899 0.0237 0.0019 0.0002 1.0000 1.0000 0.1287 0.0106 0.0009 0.0001 1.0000 0.7128 0.0588 0.0049 0.0004 1.0000 1.0000 0.3281 0.0271 0.0022 0.0002 1.0000 1.0000
1.0000 0.0002 0.0024 0.0290 0.3513 1.0000 1.0000 0.0004 0.0052 0.0631 0.7648 1.0000 0.0001 0.0009 0.0113 0.1376 1.0000 1.0000 0.0002 0.0021 0.0251 0.3058 1.0000 1.0000 0.0004 0.0048 0.0587 0.7265 1.0000 0.0001 0.0010 0.0121 0.1527 1.0000 1.0000 0.0002 0.0027 0.0349 0.4473 1.0000 1.0000 0.0007 0.0084 0.1089 1.0000 1.0000 0.0002 0.0021 0.0263 0.2961 1.0000 0.2961 0.0263 0.0021 0.0002 1.0000 1.0000 0.1089 0.0084 0.0007 1.0000 1.0000 0.4473 0.0349 0.0027 0.0002 1.0000 1.0000 0.1527 0.0121 0.0010 0.0001 1.0000 0.7265 0.0587 0.0048 0.0004 1.0000 1.0000 0.3058 0.0251 0.0021 0.0002 1.0000 1.0000 0.1376 0.0113 0.0009 0.0001 1.0000 0.7648 0.0631 0.0052 0.0004 1.0000 1.0000 0.3513 0.0290 0.0024 0.0002 1.0000
0.0002 0.0026 0.0312 0.3770 1.0000 1.0000 0.0005 0.0056 0.0677 0.8205 1.0000 0.0001 0.0010 0.0122 0.1473 1.0000 1.0000 0.0002 0.0022 0.0267 0.3250 1.0000 1.0000 0.0004 0.0050 0.0611 0.7518 1.0000 0.0001 0.0010 0.0122 0.1527 1.0000 1.0000 0.0002 0.0027 0.0338 0.4315 1.0000 1.0000 0.0006 0.0080 0.1032 1.0000 1.0000 0.0002 0.0020 0.0254 0.3189 1.0000 1.0000 1.0000 0.3189 0.0254 0.0020 0.0002 1.0000 1.0000 0.1032 0.0080 0.0006 1.0000 1.0000 0.4315 0.0338 0.0027 0.0002 1.0000 1.0000 0.1527 0.0122 0.0010 0.0001 1.0000 0.7518 0.0611 0.0050 0.0004 1.0000 1.0000 0.3250 0.0267 0.0022 0.0002 1.0000 1.0000 0.1473 0.0122 0.0010 0.0001 1.0000 0.8205 0.0677 0.0056 0.0005 1.0000 1.0000 0.3770 0.0312 0.0026 0.0002
0.0026 0.0334 0.4044 1.0000 1.0000 0.0005 0.0060 0.0726 0.8804 1.0000 0.0001 0.0011 0.0130 0.1578 1.0000 1.0000 0.0002 0.0023 0.0285 0.3467 1.0000 1.0000 0.0004 0.0052 0.0640 0.7854 1.0000 0.0001 0.0010 0.0125 0.1548 1.0000 1.0000 0.0002 0.0026 0.0332 0.4201 1.0000 1.0000 0.0006 0.0077 0.0984 1.0000 1.0000 0.0001 0.0019 0.0240 0.3087 1.0000 1.0000 0.0001 1.0000 1.0000 0.3087 0.0240 0.0019 0.0001 1.0000 1.0000 0.0984 0.0077 0.0006 1.0000 1.0000 0.4201 0.0332 0.0026 0.0002 1.0000 1.0000 0.1548 0.0125 0.0010 0.0001 1.0000 0.7854 0.0640 0.0052 0.0004 1.0000 1.0000 0.3467 0.0285 0.0023 0.0002 1.0000 1.0000 0.1578 0.0130 0.0011 0.0001 1.0000 0.8804 0.0726 0.0060 0.0005 1.0000 1.0000 0.4044 0.0334 0.0026
0.0339 0.4339 1.0000 1.0000 0.0005 0.0064 0.0779 0.9445 1.0000 0.0001 0.0012 0.0140 0.1693 1.0000 1.0000 0.0002 0.0025 0.0305 0.3706 1.0000 1.0000 0.0005 0.0056 0.0677 0.8268 1.0000 0.0001 0.0010 0.0129 0.1593 1.0000 1.0000 0.0002 0.0026 0.0329 0.4146 1.0000 1.0000 0.0006 0.0074 0.0946 1.0000 1.0000 0.0001 0.0018 0.0228 0.2933 1.0000 1.0000 0.0004 0.0018 0.0004 1.0000 1.0000 0.2933 0.0228 0.0018 0.0001 1.0000 1.0000 0.0946 0.0074 0.0006 1.0000 1.0000 0.4146 0.0329 0.0026 0.0002 1.0000 1.0000 0.1593 0.0129 0.0010 0.0001 1.0000 0.8268 0.0677 0.0056 0.0005 1.0000 1.0000 0.3706 0.0305 0.0025 0.0002 1.0000 1.0000 0.1693 0.0140 0.0012 0.0001 1.0000 0.9445 0.0779 0.0064 0.0005 1.0000 1.0000 0.4339 0.0339
0.4397 1.0000 1.0000 0.0006 0.0069 0.0836 1.0000 1.0000 0.0001 0.0012 0.0150 0.1816 1.0000 1.0000 0.0002 0.0027 0.0326 0.3961 1.0000 1.0000 0.0005 0.0059 0.0719 0.8754 1.0000 0.0001 0.0011 0.0134 0.1651 1.0000 1.0000 0.0002 0.0027 0.0332 0.4146 1.0000 1.0000 0.0006 0.0072 0.0918 1.0000 1.0000 0.0001 0.0017 0.0217 0.2786 1.0000 1.0000 0.0004 0.0045 0.0214 0.0045 0.0004 1.0000 1.0000 0.2786 0.0217 0.0017 0.0001 1.0000 1.0000 0.0918 0.0072 0.0006 1.0000 1.0000 0.4146 0.0332 0.0027 0.0002 1.0000 1.0000 0.1651 0.0134 0.0011 0.0001 1.0000 0.8754 0.0719 0.0059 0.0005 1.0000 1.0000 0.3961 0.0326 0.0027 0.0002 1.0000 1.0000 0.1816 0.0150 0.0012 0.0001 1.0000 1.0000 0.0836 0.0069 0.0006 1.0000 1.0000 0.4397
1.0000 1.0000 0.0006 0.0074 0.0897 1.0000 1.0000 0.0001 0.0013 0.0161 0.1948 1.0000 1.0000 0.0002 0.0029 0.0350 0.4233 1.0000 1.0000 0.0005 0.0063 0.0769 0.9338 1.0000 0.0001 0.0012 0.0141 0.1732 1.0000 1.0000 0.0002 0.0027 0.0338 0.4201 1.0000 1.0000 0.0006 0.0071 0.0899 1.0000 1.0000 0.0001 0.0016 0.0207 0.2662 1.0000 1.0000 0.0004 0.0048 0.0544 0.2606 0.0544 0.0048 0.0004 1.0000 1.0000 0.2662 0.0207 0.0016 0.0001 1.0000 1.0000 0.0899 0.0071 0.0006 1.0000 1.0000 0.4201 0.0338 0.0027 0.0002 1.0000 1.0000 0.1732 0.0141 0.0012 0.0001 1.0000 0.9338 0.0769 0.0063 0.0005 1.0000 1.0000 0.4233 0.0350 0.0029 0.0002 1.0000 1.0000 0.1948 0.0161 0.0013 0.0001 1.0000 1.0000 0.0897 0.0074 0.0006 1.0000 1.0000
0.0001 0.0007 0.0079 0.0962 1.0000 1.0000 0.0001 0.0014 0.0172 0.2090 1.0000 1.0000 0.0003 0.0031 0.0375 0.4542 1.0000 1.0000 0.0006 0.0068 0.0822 0.9981 1.0000 0.0001 0.0012 0.0150 0.1826 1.0000 1.0000 0.0002 0.0028 0.0349 0.4315 1.0000 1.0000 0.0006 0.0071 0.0893 1.0000 1.0000 0.0001 0.0016 0.0200 0.2557 1.0000 1.0000 0.0004 0.0047 0.0591 0.6644 1.0000 0.6644 0.0591 0.0047 0.0004 1.0000 1.0000 0.2557 0.0200 0.0016 0.0001 1.0000 1.0000 0.0893 0.0071 0.0006 1.0000 1.0000 0.4315 0.0349 0.0028 0.0002 1.0000 1.0000 0.1826 0.0150 0.0012 0.0001 1.0000 0.9981 0.0822 0.0068 0.0006 1.0000 1.0000 0.4542 0.0375 0.0031 0.0003 1.0000 1.0000 0.2090 0.0172 0.0014 0.0001 1.0000 1.0000 0.0962 0.0079 0.0007 0.0001
0.0007 0.0085 0.1032 1.0000 1.0000 0.0001 0.0015 0.0185 0.2243 1.0000 1.0000 0.0003 0.0033 0.0402 0.4873 1.0000 1.0000 0.0006 0.0072 0.0878 1.0000 1.0000 0.0001 0.0013 0.0159 0.1941 1.0000 1.0000 0.0002 0.0030 0.0363 0.4473 1.0000 1.0000 0.0006 0.0072 0.0899 1.0000 1.0000 0.0001 0.0015 0.0195 0.2485 1.0000 1.0000 0.0004 0.0045 0.0579 0.7238 1.0000 1.0000 1.0000 0.7238 0.0579 0.0045 0.0004 1.0000 1.0000 0.2485 0.0195 0.0015 0.0001 1.0000 1.0000 0.0899 0.0072 0.0006 1.0000 1.0000 0.4473 0.0363 0.0030 0.0002 1.0000 1.0000 0.1941 0.0159 0.0013 0.0001 1.0000 1.0000 0.0878 0.0072 0.0006 1.0000 1.0000 0.4873 0.0402 0.0033 0.0003 1.0000 1.0000 0.2243 0.0185 0.0015 0.0001 1.0000 1.0000 0.1032 0.0085 0.0007
0.0086 0.1105 1.0000 1.0000 0.0001 0.0016 0.0198 0.2406 1.0000 1.0000 0.0003 0.0036 0.0431 0.5228 1.0000 0.0001 0.0006 0.0077 0.0939 1.0000 1.0000 0.0001 0.0014 0.0170 0.2071 1.0000 1.0000 0.0003 0.0031 0.0381 0.4673 1.0000 1.0000 0.0006 0.0074 0.0918 1.0000 1.0000 0.0001 0.0015 0.0193 0.2439 1.0000 1.0000 0.0003 0.0044 0.0560 0.7128 1.0000 0.0001 0.0003 0.0001 1.0000 0.7128 0.0560 0.0044 0.0003 1.0000 1.0000 0.2439 0.0193 0.0015 0.0001 1.0000 1.0000 0.0918 0.0074 0.0006 1.0000 1.0000 0.4673 0.0381 0.0031 0.0003 1.0000 1.0000 0.2071 0.0170 0.0014 0.0001 1.0000 1.0000 0.0939 0.0077 0.0006 0.0001 1.0000 0.5228 0.0431 0.0036 0.0003 1.0000 1.0000 0.2406 0.0198 0.0016 0.0001 1.0000 1.0000 0.1105 0.0086
0.1122 1.0000 1.0000 0.0001 0.0018 0.0213 0.2577 1.0000 1.0000 0.0003 0.0038 0.0463 0.5599 1.0000 0.0001 0.0007 0.0083 0.1005 1.0000 1.0000 0.0001 0.0015 0.0182 0.2213 1.0000 1.0000 0.0003 0.0033 0.0403 0.4929 1.0000 1.0000 0.0006 0.0077 0.0946 1.0000 1.0000 0.0001 0.0015 0.0193 0.2425 1.0000 1.0000 0.0003 0.0043 0.0543 0.6915 1.0000 0.0001 0.0008 0.0040 0.0008 0.0001 1.0000 0.6915 0.0543 0.0043 0.0003 1.0000 1.0000 0.2425 0.0193 0.0015 0.0001 1.0000 1.0000 0.0946 0.0077 0.0006 1.0000 1.0000 0.4929 0.0403 0.0033 0.0003 1.0000 1.0000 0.2213 0.0182 0.0015 0.0001 1.0000 1.0000 0.1005 0.0083 0.0007 0.0001 1.0000 0.5599 0.0463 0.0038 0.0003 1.0000 1.0000 0.2577 0.0213 0.0018 0.0001 1.0000 1.0000 0.1122
1.0000 1.0000 0.0002 0.0019 0.0228 0.2765 1.0000 1.0000 0.0003 0.0041 0.0496 0.6007 1.0000 0.0001 0.0007 0.0089 0.1076 1.0000 1.0000 0.0001 0.0016 0.0195 0.2366 1.0000 1.0000 0.0003 0.0035 0.0430 0.5228 1.0000 0.0001 0.0007 0.0080 0.0984 1.0000 1.0000 0.0001 0.0016 0.0195 0.2439 1.0000 1.0000 0.0003 0.0042 0.0531 0.6733 1.0000 0.0001 0.0009 0.0103 0.0494 0.0103 0.0009 0.0001 1.0000 0.6733 0.0531 0.0042 0.0003 1.0000 1.0000 0.2439 0.0195 0.0016 0.0001 1.0000 1.0000 0.0984 0.0080 0.0007 0.0001 1.0000 0.5228 0.0430 0.0035 0.0003 1.0000 1.0000 0.2366 0.0195 0.0016 0.0001 1.0000 1.0000 0.1076 0.0089 0.0007 0.0001 1.0000 0.6007 0.0496 0.0041 0.0003 1.0000 1.0000 0.2765 0.0228 0.0019 0.0002 1.0000 1.0000
1.0000 0.0002 0.0020 0.0245 0.2966 1.0000 1.0000 0.0004 0.0044 0.0532 0.6445 1.0000 0.0001 0.0008 0.0095 0.1155 1.0000 1.0000 0.0001 0.0017 0.0208 0.2528 1.0000 1.0000 0.0003 0.0038 0.0458 0.5567 1.0000 0.0001 0.0007 0.0084 0.1032 1.0000 1.0000 0.0001 0.0016 0.0200 0.2485 1.0000 1.0000 0.0003 0.0042 0.0524 0.6619 1.0000 0.0001 0.0009 0.0114 0.1275 0.6087 0.1275 0.0114 0.0009 0.0001 1.0000 0.6619 0.0524 0.0042 0.0003 1.0000 1.0000 0.2485 0.0200 0.0016 0.0001 1.0000 1.0000 0.1032 0.0084 0.0007 0.0001 1.0000 0.5567 0.0458 0.0038 0.0003 1.0000 1.0000 0.2528 0.0208 0.0017 0.0001 1.0000 1.0000 0.1155 0.0095 0.0008 0.0001 1.0000 0.6445 0.0532 0.0044 0.0004 1.0000 1.0000 0.2966 0.0245 0.0020 0.0002 1.0000
0.0002 0.0022 0.0263 0.3183 1.0000 1.0000 0.0004 0.0047 0.0570 0.6915 1.0000 0.0001 0.0008 0.0102 0.1239 1.0000 1.0000 0.0002 0.0018 0.0222 0.2702 1.0000 1.0000 0.0003 0.0040 0.0490 0.5950 1.0000 0.0001 0.0007 0.0089 0.1089 1.0000 1.0000 0.0001 0.0017 0.0207 0.2557 1.0000 1.0000 0.0003 0.0042 0.0524 0.6569 1.0000 0.0001 0.0009 0.0115 0.1418 1.0000 1.0000 1.0000 0.1418 0.0115 0.0009 0.0001 1.0000 0.6569 0.0524 0.0042 0.0003 1.0000 1.0000 0.2557 0.0207 0.0017 0.0001 1.0000 1.0000 0.1089 0.0089 0.0007 0.0001 1.0000 0.5950 0.0490 0.0040 0.0003 1.0000 1.0000 0.2702 0.0222 0.0018 0.0002 1.0000 1.0000 0.1239 0.0102 0.0008 0.0001 1.0000 0.6915 0.0570 0.0047 0.0004 1.0000 1.0000 0.3183 0.0263 0.0022 0.0002
0.0022 0.0282 0.3415 1.0000 1.0000 0.0004 0.0050 0.0612 0.7419 1.0000 0.0001 0.0009 0.0110 0.1329 1.0000 1.0000 0.0002 0.0020 0.0238 0.2888 1.0000 1.0000 0.0004 0.0043 0.0524 0.6347 1.0000 0.0001 0.0008 0.0095 0.1157 1.0000 1.0000 0.0001 0.0018 0.0217 0.2662 1.0000 1.0000 0.0003 0.0043 0.0531 0.6619 1.0000 0.0001 0.0009 0.0113 0.1426 1.0000 1.0000 0.0001 1.0000 1.0000 0.1426 0.0113 0.0009 0.0001 1.0000 0.6619 0.0531 0.0043 0.0003 1.0000 1.0000 0.2662 0.0217 0.0018 0.0001 1.0000 1.0000 0.1157 0.0095 0.0008 0.0001 1.0000 0.6347 0.0524 0.0043 0.0004 1.0000 1.0000 0.2888 0.0238 0.0020 0.0002 1.0000 1.0000 0.1329 0.0110 0.0009 0.0001 1.0000 0.7419 0.0612 0.0050 0.0004 1.0000 1.0000 0.3415 0.0282 0.0022
0.0285 0.3664 1.0000 1.0000 0.0004 0.0054 0.0657 0.7944 1.0000 0.0001 0.0010 0.0118 0.1424 1.0000 1.0000 0.0002 0.0021 0.0256 0.3093 1.0000 1.0000 0.0004 0.0046 0.0560 0.6784 1.0000 0.0001 0.0008 0.0101 0.1232 1.0000 1.0000 0.0002 0.0019 0.0228 0.2786 1.0000 1.0000 0.0004 0.0044 0.0543 0.6733 1.0000 0.0001 0.0009 0.0113 0.1418 1.0000 1.0000 0.0002 0.0008 0.0002 1.0000 1.0000 0.1418 0.0113 0.0009 0.0001 1.0000 0.6733 0.0543 0.0044 0.0004 1.0000 1.0000 0.2786 0.0228 0.0019 0.0002 1.0000 1.0000 0.1232 0.0101 0.0008 0.0001 1.0000 0.6784 0.0560 0.0046 0.0004 1.0000 1.0000 0.3093 0.0256 0.0021 0.0002 1.0000 1.0000 0.1424 0.0118 0.0010 0.0001 1.0000 0.7944 0.0657 0.0054 0.0004 1.0000 1.0000 0.3664 0.0285
0.3706 1.0000 1.0000 0.0005 0.0058 0.0703 0.8507 1.0000 0.0001 0.0010 0.0126 0.1525 1.0000 1.0000 0.0002 0.0023 0.0274 0.3312 1.0000 1.0000 0.0004 0.0049 0.0597 0.7238 1.0000 0.0001 0.0009 0.0108 0.1312 1.0000 1.0000 0.0002 0.0020 0.0240 0.2933 1.0000 1.0000 0.0004 0.0045 0.0560 0.6915 1.0000 0.0001 0.0009 0.0113 0.1418 1.0000 1.0000 0.0002 0.0021 0.0099 0.0021 0.0002 1.0000 1.0000 0.1418 0.0113 0.0009 0.0001 1.0000 0.6915 0.0560 0.0045 0.0004 1.0000 1.0000 0.2933 0.0240 0.0020 0.0002 1.0000 1.0000 0.1312 0.0108 0.0009 0.0001 1.0000 0.7238 0.0597 0.0049 0.0004 1.0000 1.0000 0.3312 0.0274 0.0023 0.0002 1.0000 1.0000 0.1525 0.0126 0.0010 0.0001 1.0000 0.8507 0.0703 0.0058 0.0005 1.0000 1.0000 0.3706
1.0000 1.0000 0.0005 0.0062 0.0749 0.9076 1.0000 0.0001 0.0011 0.0134 0.1626 1.0000 1.0000 0.0002 0.0024 0.0291 0.3534 1.0000 1.0000 0.0004 0.0052 0.0636 0.7706 1.0000 0.0001 0.0009 0.0115 0.1392 1.0000 1.0000 0.0002 0.0021 0.0254 0.3087 1.0000 1.0000 0.0004 0.0047 0.0579 0.7128 1.0000 0.0001 0.0009 0.0115 0.1426 1.0000 1.0000 0.0002 0.0023 0.0258 0.1223 0.0258 0.0023 0.0002 1.0000 1.0000 0.1426 0.0115 0.0009 0.0001 1.0000 0.7128 0.0579 0.0047 0.0004 1.0000 1.0000 0.3087 0.0254 0.0021 0.0002 1.0000 1.0000 0.1392 0.0115 0.0009 0.0001 1.0000 0.7706 0.0636 0.0052 0.0004 1.0000 1.0000 0.3534 0.0291 0.0024 0.0002 1.0000 1.0000 0.1626 0.0134 0.0011 0.0001 1.0000 0.9076 0.0749 0.0062 0.0005 1.0000 1.0000
1.0000 0.0005 0.0064 0.0781 0.9445 1.0000 0.0001 0.0012 0.0140 0.1696 1.0000 1.0000 0.0002 0.0025 0.0304 0.3678 1.0000 1.0000 0.0005 0.0055 0.0662 0.8020 1.0000 0.0001 0.0010 0.0119 0.1445 1.0000 1.0000 0.0002 0.0022 0.0263 0.3189 1.0000 1.0000 0.0004 0.0048 0.0591 0.7238 1.0000 0.0001 0.0009 0.0114 0.1418 1.0000 1.0000 0.0002 0.0023 0.0285 0.3141 1.0000 0.3141 0.0285 0.0023 0.0002 1.0000 1.0000 0.1418 0.0114 0.0009 0.0001 1.0000 0.7238 0.0591 0.0048 0.0004 1.0000 1.0000 0.3189 0.0263 0.0022 0.0002 1.0000 1.0000 0.1445 0.0119 0.0010 0.0001 1.0000 0.8020 0.0662 0.0055 0.0005 1.0000 1.0000 0.3678 0.0304 0.0025 0.0002 1.0000 1.0000 0.1696 0.0140 0.0012 0.0001 1.0000 0.9445 0.0781 0.0064 0.0005 1.0000
0.0005 0.0060 0.0728 0.8820 1.0000 0.0001 0.0011 0.0131 0.1584 1.0000 1.0000 0.0002 0.0023 0.0284 0.3434 1.0000 1.0000 0.0004 0.0051 0.0618 0.7490 1.0000 0.0001 0.0009 0.0111 0.1347 1.0000 1.0000 0.0002 0.0020 0.0244 0.2961 1.0000 1.0000 0.0004 0.0045 0.0544 0.6644 1.0000 0.0001 0.0008 0.0103 0.1275 1.0000 1.0000 0.0002 0.0021 0.0258 0.3141 1.0000 1.0000 1.0000 0.3141 0.0258 0.0021 0.0002 1.0000 1.0000 0.1275 0.0103 0.0008 0.0001 1.0000 0.6644 0.0544 0.0045 0.0004 1.0000 1.0000 0.2961 0.0244 0.0020 0.0002 1.0000 1.0000 0.1347 0.0111 0.0009 0.0001 1.0000 0.7490 0.0618 0.0051 0.0004 1.0000 1.0000 0.3434 0.0284 0.0023 0.0002 1.0000 1.0000 0.1584 0.0131 0.0011 0.0001 1.0000 0.8820 0.0728 0.0060 0.0005
0.0023 0.0290 0.3507 1.0000 1.0000 0.0004 0.0052 0.0627 0.7604 1.0000 0.0001 0.0009 0.0112 0.1363 1.0000 1.0000 0.0002 0.0020 0.0245 0.2966 1.0000 1.0000 0.0004 0.0044 0.0534 0.6469 1.0000 0.0001 0.0008 0.0096 0.1170 1.0000 1.0000 0.0001 0.0018 0.0214 0.2606 1.0000 1.0000 0.0003 0.0040 0.0494 0.6087 1.0000 0.0001 0.0008 0.0099 0.1223 1.0000 1.0000 1.0000 1.0000 1.0000 0.1223 0.0099 0.0008 0.0001 1.0000 0.6087 0.0494 0.0040 0.0003 1.0000 1.0000 0.2606 0.0214 0.0018 0.0001 1.0000 1.0000 0.1170 0.0096 0.0008 0.0001 1.0000 0.6469 0.0534 0.0044 0.0004 1.0000 1.0000 0.2966 0.0245 0.0020 0.0002 1.0000 1.0000 0.1363 0.0112 0.0009 0.0001 1.0000 0.7604 0.0627 0.0052 0.0004 1.0000 1.0000 0.3507 0.0290 0.0023
0.0005 0.0060 0.0728 0.8820 1.0000 0.0001 0.0011 0.0131 0.1584 1.0000 1.0000 0.0002 0.0023 0.0284 0.3434 1.0000 1.0000 0.0004 0.0051 0.0618 0.7490 1.0000 0.0001 0.0009 0.0111 0.1347 1.0000 1.0000 0.0002 0.0020 0.0244 0.2961 1.0000 1.0000 0.0004 0.0045 0.0544 0.6644 1.0000 0.0001 0.0008 0.0103 0.1275 1.0000 1.0000 0.0002 0.0021 0.0258 0.3141 1.0000 1.0000 1.0000 0.3141 0.0258 0.0021 0.0002 1.0000 1.0000 0.1275 0.0103 0.0008 0.0001 1.0000 0.6644 0.0544 0.0045 0.0004 1.0000 1.0000 0.2961 0.0244 0.0020 0.0002 1.0000 1.0000 0.1347 0.0111 0.0009 0.0001 1.0000 0.7490 0.0618 0.0051 0.0004 1.0000 1.0000 0.3434 0.0284 0.0023 0.0002 1.0000 1.0000 0.1584 0.0131 0.0011 0.0001 1.0000 0.8820 0.0728 0.0060 0.0005
1.0000 0.0005 0.0064 0.0781 0.9445 1.0000 0.0001 0.0012 0.0140 0.1696 1.0000 1.0000 0.0002 0.0025 0.0304 0.3678 1.0000 1.0000 0.0005 0.0055 0.0662 0.8020 1.0000 0.0001 0.0010 0.0119 0.1445 1.0000 1.0000 0.0002 0.0022 0.0263 0.3189 1.0000 1.0000 0.0004 0.0048 0.0591 0.7238 1.0000 0.0001 0.0009 0.0114 0.1418 1.0000 1.0000 0.0002 0.0023 0.0285 0.3141 1.0000 0.3141 0.0285 0.0023 0.0002 1.0000 1.0000 0.1418 0.0114 0.0009 0.0001 1.0000 0.7238 0.0591 0.0048 0.0004 1.0000 1.0000 0.3189 0.0263 0.0022 0.0002 1.0000 1.0000 0.1445 0.0119 0.0010 0.0001 1.0000 0.8020 0.0662 0.0055 0.0005 1.0000 1.0000 0.3678 0.0304 0.0025 0.0002 1.0000 1.0000 0.1696 0.0140 0.0012 0.0001 1.0000 0.9445 0.0781 0.0064 0.0005 1.0000
1.0000 1.0000 0.0005 0.0062 0.0749 0.9076 1.0000 0.0001 0.0011 0.0134 0.1626 1.0000 1.0000 0.0002 0.0024 0.0291 0.3534 1.0000 1.0000 0.0004 0.0052 0.0636 0.7706 1.0000 0.0001 0.0009 0.0115 0.1392 1.0000 1.0000 0.0002 0.0021 0.0254 0.3087 1.0000 1.0000 0.0004 0.0047 0.0579 0.7128 1.0000 0.0001 0.0009 0.0115 0.1426 1.0000 1.0000 0.0002 0.0023 0.0258 0.1223 0.0258 0.0023 0.0002 1.0000 1.0000 0.1426 0.0115 0.0009 0.0001 1.0000 0.7128 0.0579 0.0047 0.0004 1.0000 1.0000 0.3087 0.0254 0.0021 0.0002 1.0000 1.0000 0.1392 0.0115 0.0009 0.0001 1.0000 0.7706 0.0636 0.0052 0.0004 1.0000 1.0000 0.3534 0.0291 0.0024 0.0002 1.0000 1.0000 0.1626 0.0134 0.0011 0.0001 1.0000 0.9076 0.0749 0.0062 0.0005 1.0000 1.0000
0.3706 1.0000 1.0000 0.0005 0.0058 0.0703 0.8507 1.0000 0.0001 0.0010 0.0126 0.1525 1.0000 1.0000 0.0002 0.0023 0.0274 0.3312 1.0000 1.0000 0.0004 0.0049 0.0597 0.7238 1.0000 0.0001 0.0009 0.0108 0.1312 1.0000 1.0000 0.0002 0.0020 0.0240 0.2933 1.0000 1.0000 0.0004 0.0045 0.0560 0.6915 1.0000 0.0001 0.0009 0.0113 0.1418 1.0000 1.0000 0.0002 0.0021 0.0099 0.0021 0.0002 1.0000 1.0000 0.1418 0.0113 0.0009 0.0001 1.0000 0.6915 0.0560 0.0045 0.0004 1.0000 1.0000 0.2933 0.0240 0.0020 0.0002 1.0000 1.0000 0.1312 0.0108 0.0009 0.0001 1.0000 0.7238 0.0597 0.0049 0.0004 1.0000 1.0000 0.3312 0.0274 0.0023 0.0002 1.0000 1.0000 0.1525 0.0126 0.0010 0.0001 1.0000 0.8507 0.0703 0.0058 0.0005 1.0000 1.0000 0.3706
0.0285 0.3664 1.0000 1.0000 0.0004 0.0054 0.0657 0.7944 1.0000 0.0001 0.0010 0.0118 0.1424 1.0000 1.0000 0.0002 0.0021 0.0256 0.3093 1.0000 1.0000 0.0004 0.0046 0.0560 0.6784 1.0000 0.0001 0.0008 0.0101 0.1232 1.0000 1.0000 0.0002 0.0019 0.0228 0.2786 1.0000 1.0000 0.0004 0.0044 0.0543 0.6733 1.0000 0.0001 0.0009 0.0113 0.1418 1.0000 1.0000 0.0002 0.0008 0.0002 1.0000 1.0000 0.1418 0.0113 0.0009 0.0001 1.0000 0.6733 0.0543 0.0044 0.0004 1.0000 1.0000 0.2786 0.0228 0.0019 0.0002 1.0000 1.0000 0.1232 0.0101 0.0008 0.0001 1.0000 0.6784 0.0560 0.0046 0.0004 1.0000 1.0000 0.3093 0.0256 0.0021 0.0002 1.0000 1.0000 0.1424 0.0118 0.0010 0.0001 1.0000 0.7944 0.0657 0.0054 0.0004 1.0000 1.0000 0.3664 0.0285
