-0.3264 -0.3273 0.1175 0.2075 -0.2109 -0.3045 -0.3623 -0.0400 0.2216 -0.1214 -0.2604 -0.3377 -0.3416 0.1042 0.2425 -0.2027 -0.2995 -0.3603 -0.0795 0.2078 -0.1029 -0.2549 -0.3338 -0.3523 0.0906 0.2624 -0.1943 -0.2945 -0.3581 -0.1264 0.1942 -0.0793 -0.2494 -0.3296 -0.3595 0.0764 0.2703 -0.1855 -0.2894 -0.3556 -0.1761 0.1809 -0.0476 -0.2437 -0.3253 -0.3638 0.0610 0.2695 -0.1736 -0.2785 -0.3308 -0.2785 -0.1736 0.2695 0.0610 -0.3638 -0.3253 -0.2437 -0.0476 0.1809 -0.1761 -0.3556 -0.2894 -0.1855 0.2703 0.0764 -0.3595 -0.3296 -0.2494 -0.0793 0.1942 -0.1264 -0.3581 -0.2945 -0.1943 0.2624 0.0906 -0.3523 -0.3338 -0.2549 -0.1029 0.2078 -0.0795 -0.3603 -0.2995 -0.2027 0.2425 0.1042 -0.3416 -0.3377 -0.2604 -0.1214 0.2216 -0.0400 -0.3623 -0.3045 -0.2109 0.2075 0.1175 -0.3273 -0.3264
-0.3273 0.1188 0.2261 -0.2204 -0.3189 -0.3739 -0.0434 0.2183 -0.1178 -0.2754 -0.3512 -0.3512 0.1028 0.2580 -0.2102 -0.3138 -0.3722 -0.0851 0.2046 -0.0964 -0.2701 -0.3474 -0.3622 0.0892 0.2720 -0.2004 -0.3089 -0.3703 -0.1337 0.1913 -0.0688 -0.2647 -0.3433 -0.3695 0.0752 0.2754 -0.1903 -0.3039 -0.3681 -0.1844 0.1783 -0.0312 -0.2592 -0.3392 -0.3741 0.0599 0.2715 -0.1789 -0.2977 -0.3680 -0.3834 -0.3680 -0.2977 -0.1789 0.2715 0.0599 -0.3741 -0.3392 -0.2592 -0.0312 0.1783 -0.1844 -0.3681 -0.3039 -0.1903 0.2754 0.0752 -0.3695 -0.3433 -0.2647 -0.0688 0.1913 -0.1337 -0.3703 -0.3089 -0.2004 0.2720 0.0892 -0.3622 -0.3474 -0.2701 -0.0964 0.2046 -0.0851 -0.3722 -0.3138 -0.2102 0.2580 0.1028 -0.3512 -0.3512 -0.2754 -0.1178 0.2183 -0.0434 -0.3739 -0.3189 -0.2204 0.2261 0.1188 -0.3273
0.1175 0.2261 -0.2188 -0.3175 -0.3733 -0.0575 0.2129 -0.1096 -0.2732 -0.3496 -0.3564 0.0968 0.2656 -0.2060 -0.3117 -0.3714 -0.1057 0.1986 -0.0853 -0.2677 -0.3456 -0.3657 0.0831 0.2746 -0.1960 -0.3067 -0.3693 -0.1561 0.1854 -0.0538 -0.2623 -0.3415 -0.3718 0.0687 0.2745 -0.1857 -0.3017 -0.3670 -0.2058 0.1722 -0.0101 -0.2568 -0.3373 -0.3753 0.0528 0.2683 -0.1745 -0.2962 -0.3645 -0.2889 0.0541 -0.2889 -0.3645 -0.2962 -0.1745 0.2683 0.0528 -0.3753 -0.3373 -0.2568 -0.0101 0.1722 -0.2058 -0.3670 -0.3017 -0.1857 0.2745 0.0687 -0.3718 -0.3415 -0.2623 -0.0538 0.1854 -0.1561 -0.3693 -0.3067 -0.1960 0.2746 0.0831 -0.3657 -0.3456 -0.2677 -0.0853 0.1986 -0.1057 -0.3714 -0.3117 -0.2060 0.2656 0.0968 -0.3564 -0.3496 -0.2732 -0.1096 0.2129 -0.0575 -0.3733 -0.3175 -0.2188 0.2261 0.1175
0.2075 -0.2204 -0.3175 -0.3731 -0.0667 0.2089 -0.1022 -0.2712 -0.3480 -0.3607 0.0911 0.2708 -0.2017 -0.3095 -0.3705 -0.1274 0.1928 -0.0727 -0.2653 -0.3438 -0.3687 0.0769 0.2755 -0.1915 -0.3045 -0.3683 -0.1783 0.1797 -0.0365 -0.2599 -0.3397 -0.3736 0.0620 0.2724 -0.1810 -0.2994 -0.3659 -0.2259 0.1658 0.0142 -0.2539 -0.3353 -0.3761 0.0454 0.2643 -0.1695 -0.2941 -0.3631 -0.2758 0.1322 0.2593 0.1322 -0.2758 -0.3631 -0.2941 -0.1695 0.2643 0.0454 -0.3761 -0.3353 -0.2539 0.0142 0.1658 -0.2259 -0.3659 -0.2994 -0.1810 0.2724 0.0620 -0.3736 -0.3397 -0.2599 -0.0365 0.1797 -0.1783 -0.3683 -0.3045 -0.1915 0.2755 0.0769 -0.3687 -0.3438 -0.2653 -0.0727 0.1928 -0.1274 -0.3705 -0.3095 -0.2017 0.2708 0.0911 -0.3607 -0.3480 -0.2712 -0.1022 0.2089 -0.0667 -0.3731 -0.3175 -0.2204 0.2075
-0.2109 -0.3189 -0.3733 -0.0667 0.2074 -0.0977 -0.2697 -0.3467 -0.3639 0.0858 0.2738 -0.1975 -0.3074 -0.3696 -0.1496 0.1871 -0.0584 -0.2630 -0.3420 -0.3712 0.0705 0.2749 -0.1870 -0.3023 -0.3673 -0.1999 0.1739 -0.0163 -0.2575 -0.3378 -0.3749 0.0551 0.2694 -0.1762 -0.2972 -0.3647 -0.2446 0.1593 0.0416 -0.2501 -0.3334 -0.3766 0.0376 0.2596 -0.1644 -0.2919 -0.3618 -0.2843 0.1404 0.1896 -0.1687 0.1896 0.1404 -0.2843 -0.3618 -0.2919 -0.1644 0.2596 0.0376 -0.3766 -0.3334 -0.2501 0.0416 0.1593 -0.2446 -0.3647 -0.2972 -0.1762 0.2694 0.0551 -0.3749 -0.3378 -0.2575 -0.0163 0.1739 -0.1999 -0.3673 -0.3023 -0.1870 0.2749 0.0705 -0.3712 -0.3420 -0.2630 -0.0584 0.1871 -0.1496 -0.3696 -0.3074 -0.1975 0.2738 0.0858 -0.3639 -0.3467 -0.2697 -0.0977 0.2074 -0.0667 -0.3733 -0.3189 -0.2109
-0.3045 -0.3739 -0.0575 0.2089 -0.0977 -0.2692 -0.3460 -0.3658 0.0817 0.2751 -0.1937 -0.3054 -0.3687 -0.1711 0.1815 -0.0418 -0.2606 -0.3402 -0.3731 0.0639 0.2731 -0.1823 -0.3001 -0.3662 -0.2204 0.1676 0.0070 -0.2549 -0.3359 -0.3759 0.0477 0.2656 -0.1712 -0.2949 -0.3635 -0.2618 0.1529 0.0715 -0.2459 -0.3314 -0.3768 0.0292 0.2546 -0.1590 -0.2897 -0.3605 -0.2965 0.1376 0.1590 -0.2259 -0.2900 -0.2259 0.1590 0.1376 -0.2965 -0.3605 -0.2897 -0.1590 0.2546 0.0292 -0.3768 -0.3314 -0.2459 0.0715 0.1529 -0.2618 -0.3635 -0.2949 -0.1712 0.2656 0.0477 -0.3759 -0.3359 -0.2549 0.0070 0.1676 -0.2204 -0.3662 -0.3001 -0.1823 0.2731 0.0639 -0.3731 -0.3402 -0.2606 -0.0418 0.1815 -0.1711 -0.3687 -0.3054 -0.1937 0.2751 0.0817 -0.3658 -0.3460 -0.2692 -0.0977 0.2089 -0.0575 -0.3739 -0.3045
-0.3623 -0.0434 0.2129 -0.1022 -0.2697 -0.3460 -0.3665 0.0793 0.2754 -0.1908 -0.3038 -0.3678 -0.1903 0.1763 -0.0235 -0.2583 -0.3384 -0.3746 0.0571 0.2704 -0.1776 -0.2978 -0.3650 -0.2395 0.1611 0.0336 -0.2513 -0.3340 -0.3765 0.0400 0.2611 -0.1661 -0.2927 -0.3622 -0.2774 0.1467 0.1024 -0.2416 -0.3294 -0.3767 0.0202 0.2491 -0.1533 -0.2874 -0.3591 -0.3083 0.1323 0.1740 -0.2297 -0.3212 -0.3684 -0.3212 -0.2297 0.1740 0.1323 -0.3083 -0.3591 -0.2874 -0.1533 0.2491 0.0202 -0.3767 -0.3294 -0.2416 0.1024 0.1467 -0.2774 -0.3622 -0.2927 -0.1661 0.2611 0.0400 -0.3765 -0.3340 -0.2513 0.0336 0.1611 -0.2395 -0.3650 -0.2978 -0.1776 0.2704 0.0571 -0.3746 -0.3384 -0.2583 -0.0235 0.1763 -0.1903 -0.3678 -0.3038 -0.1908 0.2754 0.0793 -0.3665 -0.3460 -0.2697 -0.1022 0.2129 -0.0434 -0.3623
-0.0400 0.2183 -0.1096 -0.2712 -0.3467 -0.3658 0.0793 0.2755 -0.1892 -0.3026 -0.3671 -0.2054 0.1716 -0.0048 -0.2561 -0.3366 -0.3756 0.0500 0.2668 -0.1726 -0.2956 -0.3638 -0.2571 0.1547 0.0629 -0.2470 -0.3320 -0.3768 0.0318 0.2562 -0.1607 -0.2904 -0.3609 -0.2915 0.1407 0.1327 -0.2374 -0.3274 -0.3764 0.0103 0.2435 -0.1474 -0.2851 -0.3576 -0.3189 0.1266 0.1955 -0.2271 -0.3218 -0.3792 -0.3200 -0.3792 -0.3218 -0.2271 0.1955 0.1266 -0.3189 -0.3576 -0.2851 -0.1474 0.2435 0.0103 -0.3764 -0.3274 -0.2374 0.1327 0.1407 -0.2915 -0.3609 -0.2904 -0.1607 0.2562 0.0318 -0.3768 -0.3320 -0.2470 0.0629 0.1547 -0.2571 -0.3638 -0.2956 -0.1726 0.2668 0.0500 -0.3756 -0.3366 -0.2561 -0.0048 0.1716 -0.2054 -0.3671 -0.3026 -0.1892 0.2755 0.0793 -0.3658 -0.3467 -0.2712 -0.1096 0.2183 -0.0400
0.2216 -0.1178 -0.2732 -0.3480 -0.3639 0.0817 0.2754 -0.1892 -0.3022 -0.3667 -0.2150 0.1678 0.0120 -0.2538 -0.3349 -0.3763 0.0430 0.2627 -0.1677 -0.2933 -0.3626 -0.2732 0.1484 0.0937 -0.2428 -0.3300 -0.3768 0.0229 0.2508 -0.1551 -0.2881 -0.3595 -0.3041 0.1347 0.1609 -0.2333 -0.3254 -0.3759 -0.0005 0.2376 -0.1411 -0.2828 -0.3562 -0.3283 0.1209 0.2154 -0.2233 -0.3203 -0.3746 -0.0730 0.1180 -0.0730 -0.3746 -0.3203 -0.2233 0.2154 0.1209 -0.3283 -0.3562 -0.2828 -0.1411 0.2376 -0.0005 -0.3759 -0.3254 -0.2333 0.1609 0.1347 -0.3041 -0.3595 -0.2881 -0.1551 0.2508 0.0229 -0.3768 -0.3300 -0.2428 0.0937 0.1484 -0.2732 -0.3626 -0.2933 -0.1677 0.2627 0.0430 -0.3763 -0.3349 -0.2538 0.0120 0.1678 -0.2150 -0.3667 -0.3022 -0.1892 0.2754 0.0817 -0.3639 -0.3480 -0.2732 -0.1178 0.2216
-0.1214 -0.2754 -0.3496 -0.3607 0.0858 0.2751 -0.1908 -0.3026 -0.3667 -0.2184 0.1657 0.0237 -0.2516 -0.3337 -0.3766 0.0365 0.2585 -0.1628 -0.2912 -0.3613 -0.2875 0.1423 0.1243 -0.2386 -0.3280 -0.3765 0.0132 0.2452 -0.1493 -0.2859 -0.3581 -0.3153 0.1288 0.1862 -0.2291 -0.3233 -0.3753 -0.0125 0.2315 -0.1344 -0.2805 -0.3547 -0.3366 0.1151 0.2323 -0.2192 -0.3183 -0.3738 -0.0559 0.1968 0.2368 0.1968 -0.0559 -0.3738 -0.3183 -0.2192 0.2323 0.1151 -0.3366 -0.3547 -0.2805 -0.1344 0.2315 -0.0125 -0.3753 -0.3233 -0.2291 0.1862 0.1288 -0.3153 -0.3581 -0.2859 -0.1493 0.2452 0.0132 -0.3765 -0.3280 -0.2386 0.1243 0.1423 -0.2875 -0.3613 -0.2912 -0.1628 0.2585 0.0365 -0.3766 -0.3337 -0.2516 0.0237 0.1657 -0.2184 -0.3667 -0.3026 -0.1908 0.2751 0.0858 -0.3607 -0.3496 -0.2754 -0.1214
-0.2604 -0.3512 -0.3564 0.0911 0.2738 -0.1937 -0.3038 -0.3671 -0.2150 0.1657 0.0278 -0.2504 -0.3328 -0.3768 0.0311 0.2548 -0.1585 -0.2893 -0.3601 -0.2998 0.1366 0.1529 -0.2345 -0.3260 -0.3761 0.0027 0.2393 -0.1431 -0.2836 -0.3567 -0.3252 0.1230 0.2081 -0.2249 -0.3213 -0.3747 -0.0258 0.2255 -0.1272 -0.2782 -0.3531 -0.3438 0.1094 0.2459 -0.2150 -0.3162 -0.3731 -0.0663 0.2077 -0.0777 -0.2208 -0.0777 0.2077 -0.0663 -0.3731 -0.3162 -0.2150 0.2459 0.1094 -0.3438 -0.3531 -0.2782 -0.1272 0.2255 -0.0258 -0.3747 -0.3213 -0.2249 0.2081 0.1230 -0.3252 -0.3567 -0.2836 -0.1431 0.2393 0.0027 -0.3761 -0.3260 -0.2345 0.1529 0.1366 -0.2998 -0.3601 -0.2893 -0.1585 0.2548 0.0311 -0.3768 -0.3328 -0.2504 0.0278 0.1657 -0.2150 -0.3671 -0.3038 -0.1937 0.2738 0.0911 -0.3564 -0.3512 -0.2604
-0.3377 -0.3512 0.0968 0.2708 -0.1975 -0.3054 -0.3678 -0.2054 0.1678 0.0237 -0.2504 -0.3325 -0.3768 0.0275 0.2520 -0.1550 -0.2877 -0.3590 -0.3096 0.1314 0.1772 -0.2305 -0.3240 -0.3755 -0.0089 0.2333 -0.1365 -0.2813 -0.3552 -0.3339 0.1172 0.2264 -0.2208 -0.3192 -0.3740 -0.0406 0.2194 -0.1194 -0.2759 -0.3515 -0.3501 0.1036 0.2566 -0.2108 -0.3141 -0.3723 -0.0835 0.2043 -0.0915 -0.2640 -0.3164 -0.2640 -0.0915 0.2043 -0.0835 -0.3723 -0.3141 -0.2108 0.2566 0.1036 -0.3501 -0.3515 -0.2759 -0.1194 0.2194 -0.0406 -0.3740 -0.3192 -0.2208 0.2264 0.1172 -0.3339 -0.3552 -0.2813 -0.1365 0.2333 -0.0089 -0.3755 -0.3240 -0.2305 0.1772 0.1314 -0.3096 -0.3590 -0.2877 -0.1550 0.2520 0.0275 -0.3768 -0.3325 -0.2504 0.0237 0.1678 -0.2054 -0.3678 -0.3054 -0.1975 0.2708 0.0968 -0.3512 -0.3377
-0.3416 0.1028 0.2656 -0.2017 -0.3074 -0.3687 -0.1903 0.1716 0.0120 -0.2516 -0.3328 -0.3768 0.0263 0.2505 -0.1527 -0.2865 -0.3581 -0.3170 0.1269 0.1965 -0.2268 -0.3221 -0.3749 -0.0215 0.2273 -0.1294 -0.2789 -0.3536 -0.3415 0.1114 0.2414 -0.2166 -0.3171 -0.3733 -0.0571 0.2134 -0.1109 -0.2736 -0.3499 -0.3555 0.0979 0.2646 -0.2066 -0.3120 -0.3715 -0.1034 0.1991 -0.0850 -0.2666 -0.3447 -0.3840 -0.3447 -0.2666 -0.0850 0.1991 -0.1034 -0.3715 -0.3120 -0.2066 0.2646 0.0979 -0.3555 -0.3499 -0.2736 -0.1109 0.2134 -0.0571 -0.3733 -0.3171 -0.2166 0.2414 0.1114 -0.3415 -0.3536 -0.2789 -0.1294 0.2273 -0.0215 -0.3749 -0.3221 -0.2268 0.1965 0.1269 -0.3170 -0.3581 -0.2865 -0.1527 0.2505 0.0263 -0.3768 -0.3328 -0.2516 0.0120 0.1716 -0.1903 -0.3687 -0.3074 -0.2017 0.2656 0.1028 -0.3416
0.1042 0.2580 -0.2060 -0.3095 -0.3696 -0.1711 0.1763 -0.0048 -0.2538 -0.3337 -0.3768 0.0275 0.2505 -0.1519 -0.2859 -0.3576 -0.3220 0.1235 0.2106 -0.2237 -0.3204 -0.3743 -0.0345 0.2215 -0.1220 -0.2766 -0.3520 -0.3481 0.1056 0.2532 -0.2124 -0.3149 -0.3726 -0.0752 0.2075 -0.1016 -0.2713 -0.3482 -0.3602 0.0920 0.2701 -0.2023 -0.3098 -0.3706 -0.1247 0.1934 -0.0737 -0.2653 -0.3437 -0.3749 -0.1163 -0.3749 -0.3437 -0.2653 -0.0737 0.1934 -0.1247 -0.3706 -0.3098 -0.2023 0.2701 0.0920 -0.3602 -0.3482 -0.2713 -0.1016 0.2075 -0.0752 -0.3726 -0.3149 -0.2124 0.2532 0.1056 -0.3481 -0.3520 -0.2766 -0.1220 0.2215 -0.0345 -0.3743 -0.3204 -0.2237 0.2106 0.1235 -0.3220 -0.3576 -0.2859 -0.1519 0.2505 0.0275 -0.3768 -0.3337 -0.2538 -0.0048 0.1763 -0.1711 -0.3696 -0.3095 -0.2060 0.2580 0.1042
0.2425 -0.2102 -0.3117 -0.3705 -0.1496 0.1815 -0.0235 -0.2561 -0.3349 -0.3766 0.0311 0.2520 -0.1527 -0.2859 -0.3574 -0.3245 0.1213 0.2196 -0.2213 -0.3190 -0.3738 -0.0469 0.2164 -0.1146 -0.2745 -0.3505 -0.3538 0.0998 0.2621 -0.2081 -0.3128 -0.3718 -0.0950 0.2016 -0.0911 -0.2689 -0.3465 -0.3641 0.0860 0.2736 -0.1980 -0.3077 -0.3697 -0.1468 0.1877 -0.0598 -0.2631 -0.3421 -0.3720 0.0532 0.1817 0.0532 -0.3720 -0.3421 -0.2631 -0.0598 0.1877 -0.1468 -0.3697 -0.3077 -0.1980 0.2736 0.0860 -0.3641 -0.3465 -0.2689 -0.0911 0.2016 -0.0950 -0.3718 -0.3128 -0.2081 0.2621 0.0998 -0.3538 -0.3505 -0.2745 -0.1146 0.2164 -0.0469 -0.3738 -0.3190 -0.2213 0.2196 0.1213 -0.3245 -0.3574 -0.2859 -0.1527 0.2520 0.0311 -0.3766 -0.3349 -0.2561 -0.0235 0.1815 -0.1496 -0.3705 -0.3117 -0.2102 0.2425
-0.2027 -0.3138 -0.3714 -0.1274 0.1871 -0.0418 -0.2583 -0.3366 -0.3763 0.0365 0.2548 -0.1550 -0.2865 -0.3576 -0.3245 0.1206 0.2240 -0.2198 -0.3180 -0.3734 -0.0576 0.2121 -0.1077 -0.2725 -0.3490 -0.3583 0.0942 0.2684 -0.2039 -0.3106 -0.3710 -0.1162 0.1958 -0.0794 -0.2665 -0.3448 -0.3673 0.0799 0.2752 -0.1936 -0.3055 -0.3688 -0.1690 0.1820 -0.0436 -0.2608 -0.3403 -0.3732 0.0605 0.2644 -0.0377 0.2644 0.0605 -0.3732 -0.3403 -0.2608 -0.0436 0.1820 -0.1690 -0.3688 -0.3055 -0.1936 0.2752 0.0799 -0.3673 -0.3448 -0.2665 -0.0794 0.1958 -0.1162 -0.3710 -0.3106 -0.2039 0.2684 0.0942 -0.3583 -0.3490 -0.2725 -0.1077 0.2121 -0.0576 -0.3734 -0.3180 -0.2198 0.2240 0.1206 -0.3245 -0.3576 -0.2865 -0.1550 0.2548 0.0365 -0.3763 -0.3366 -0.2583 -0.0418 0.1871 -0.1274 -0.3714 -0.3138 -0.2027
-0.2995 -0.3722 -0.1057 0.1928 -0.0584 -0.2606 -0.3384 -0.3756 0.0430 0.2585 -0.1585 -0.2877 -0.3581 -0.3220 0.1213 0.2240 -0.2193 -0.3175 -0.3732 -0.0657 0.2089 -0.1017 -0.2708 -0.3477 -0.3618 0.0890 0.2723 -0.1997 -0.3085 -0.3701 -0.1382 0.1900 -0.0660 -0.2642 -0.3430 -0.3700 0.0737 0.2753 -0.1891 -0.3033 -0.3678 -0.1908 0.1764 -0.0248 -0.2584 -0.3385 -0.3745 0.0567 0.2688 -0.1647 -0.2572 -0.1647 0.2688 0.0567 -0.3745 -0.3385 -0.2584 -0.0248 0.1764 -0.1908 -0.3678 -0.3033 -0.1891 0.2753 0.0737 -0.3700 -0.3430 -0.2642 -0.0660 0.1900 -0.1382 -0.3701 -0.3085 -0.1997 0.2723 0.0890 -0.3618 -0.3477 -0.2708 -0.1017 0.2089 -0.0657 -0.3732 -0.3175 -0.2193 0.2240 0.1213 -0.3220 -0.3581 -0.2877 -0.1585 0.2585 0.0430 -0.3756 -0.3384 -0.2606 -0.0584 0.1928 -0.1057 -0.3722 -0.2995
-0.3603 -0.0851 0.1986 -0.0727 -0.2630 -0.3402 -0.3746 0.0500 0.2627 -0.1628 -0.2893 -0.3590 -0.3170 0.1235 0.2196 -0.2198 -0.3175 -0.3731 -0.0702 0.2069 -0.0972 -0.2696 -0.3466 -0.3645 0.0844 0.2744 -0.1959 -0.3065 -0.3691 -0.1601 0.1843 -0.0506 -0.2618 -0.3411 -0.3722 0.0672 0.2741 -0.1846 -0.3011 -0.3667 -0.2117 0.1704 -0.0030 -0.2560 -0.3366 -0.3756 0.0502 0.2665 -0.1703 -0.2905 -0.3416 -0.2905 -0.1703 0.2665 0.0502 -0.3756 -0.3366 -0.2560 -0.0030 0.1704 -0.2117 -0.3667 -0.3011 -0.1846 0.2741 0.0672 -0.3722 -0.3411 -0.2618 -0.0506 0.1843 -0.1601 -0.3691 -0.3065 -0.1959 0.2744 0.0844 -0.3645 -0.3466 -0.2696 -0.0972 0.2069 -0.0702 -0.3731 -0.3175 -0.2198 0.2196 0.1235 -0.3170 -0.3590 -0.2893 -0.1628 0.2627 0.0500 -0.3746 -0.3402 -0.2630 -0.0727 0.1986 -0.0851 -0.3603
-0.0795 0.2046 -0.0853 -0.2653 -0.3420 -0.3731 0.0571 0.2668 -0.1677 -0.2912 -0.3601 -0.3096 0.1269 0.2106 -0.2213 -0.3180 -0.3732 -0.0702 0.2062 -0.0947 -0.2688 -0.3458 -0.3663 0.0806 0.2753 -0.1926 -0.3047 -0.3683 -0.1801 0.1790 -0.0333 -0.2594 -0.3393 -0.3739 0.0605 0.2718 -0.1799 -0.2989 -0.3656 -0.2312 0.1638 0.0221 -0.2528 -0.3347 -0.3763 0.0428 0.2626 -0.1672 -0.2924 -0.3646 -0.3869 -0.3646 -0.2924 -0.1672 0.2626 0.0428 -0.3763 -0.3347 -0.2528 0.0221 0.1638 -0.2312 -0.3656 -0.2989 -0.1799 0.2718 0.0605 -0.3739 -0.3393 -0.2594 -0.0333 0.1790 -0.1801 -0.3683 -0.3047 -0.1926 0.2753 0.0806 -0.3663 -0.3458 -0.2688 -0.0947 0.2062 -0.0702 -0.3732 -0.3180 -0.2213 0.2106 0.1269 -0.3096 -0.3601 -0.2912 -0.1677 0.2668 0.0571 -0.3731 -0.3420 -0.2653 -0.0853 0.2046 -0.0795
0.2078 -0.0964 -0.2677 -0.3438 -0.3712 0.0639 0.2704 -0.1726 -0.2933 -0.3613 -0.2998 0.1314 0.1965 -0.2237 -0.3190 -0.3734 -0.0657 0.2069 -0.0947 -0.2685 -0.3454 -0.3673 0.0779 0.2755 -0.1899 -0.3032 -0.3675 -0.1972 0.1742 -0.0151 -0.2572 -0.3375 -0.3751 0.0536 0.2686 -0.1750 -0.2966 -0.3644 -0.2494 0.1574 0.0503 -0.2487 -0.3328 -0.3767 0.0348 0.2579 -0.1624 -0.2909 -0.3615 -0.3164 0.0370 -0.3164 -0.3615 -0.2909 -0.1624 0.2579 0.0348 -0.3767 -0.3328 -0.2487 0.0503 0.1574 -0.2494 -0.3644 -0.2966 -0.1750 0.2686 0.0536 -0.3751 -0.3375 -0.2572 -0.0151 0.1742 -0.1972 -0.3675 -0.3032 -0.1899 0.2755 0.0779 -0.3673 -0.3454 -0.2685 -0.0947 0.2069 -0.0657 -0.3734 -0.3190 -0.2237 0.1965 0.1314 -0.2998 -0.3613 -0.2933 -0.1726 0.2704 0.0639 -0.3712 -0.3438 -0.2677 -0.0964 0.2078
-0.1029 -0.2701 -0.3456 -0.3687 0.0705 0.2731 -0.1776 -0.2956 -0.3626 -0.2875 0.1366 0.1772 -0.2268 -0.3204 -0.3738 -0.0576 0.2089 -0.0972 -0.2688 -0.3454 -0.3676 0.0765 0.2754 -0.1879 -0.3021 -0.3669 -0.2111 0.1696 0.0032 -0.2551 -0.3358 -0.3760 0.0465 0.2648 -0.1701 -0.2944 -0.3632 -0.2661 0.1512 0.0806 -0.2446 -0.3308 -0.3768 0.0262 0.2528 -0.1570 -0.2888 -0.3600 -0.3066 0.1193 0.2475 0.1193 -0.3066 -0.3600 -0.2888 -0.1570 0.2528 0.0262 -0.3768 -0.3308 -0.2446 0.0806 0.1512 -0.2661 -0.3632 -0.2944 -0.1701 0.2648 0.0465 -0.3760 -0.3358 -0.2551 0.0032 0.1696 -0.2111 -0.3669 -0.3021 -0.1879 0.2754 0.0765 -0.3676 -0.3454 -0.2688 -0.0972 0.2089 -0.0576 -0.3738 -0.3204 -0.2268 0.1772 0.1366 -0.2875 -0.3626 -0.2956 -0.1776 0.2731 0.0705 -0.3687 -0.3456 -0.2701 -0.1029
-0.2549 -0.3474 -0.3657 0.0769 0.2749 -0.1823 -0.2978 -0.3638 -0.2732 0.1423 0.1529 -0.2305 -0.3221 -0.3743 -0.0469 0.2121 -0.1017 -0.2696 -0.3458 -0.3673 0.0765 0.2753 -0.1869 -0.3013 -0.3664 -0.2214 0.1656 0.0201 -0.2526 -0.3343 -0.3765 0.0398 0.2607 -0.1653 -0.2922 -0.3619 -0.2810 0.1451 0.1111 -0.2404 -0.3288 -0.3767 0.0170 0.2472 -0.1513 -0.2866 -0.3586 -0.3132 0.1268 0.2340 -0.1543 0.2340 0.1268 -0.3132 -0.3586 -0.2866 -0.1513 0.2472 0.0170 -0.3767 -0.3288 -0.2404 0.1111 0.1451 -0.2810 -0.3619 -0.2922 -0.1653 0.2607 0.0398 -0.3765 -0.3343 -0.2526 0.0201 0.1656 -0.2214 -0.3664 -0.3013 -0.1869 0.2753 0.0765 -0.3673 -0.3458 -0.2696 -0.1017 0.2121 -0.0469 -0.3743 -0.3221 -0.2305 0.1529 0.1423 -0.2732 -0.3638 -0.2978 -0.1823 0.2749 0.0769 -0.3657 -0.3474 -0.2549
-0.3338 -0.3622 0.0831 0.2755 -0.1870 -0.3001 -0.3650 -0.2571 0.1484 0.1243 -0.2345 -0.3240 -0.3749 -0.0345 0.2164 -0.1077 -0.2708 -0.3466 -0.3663 0.0779 0.2754 -0.1869 -0.3011 -0.3661 -0.2277 0.1629 0.0341 -0.2501 -0.3330 -0.3767 0.0335 0.2566 -0.1606 -0.2902 -0.3607 -0.2940 0.1393 0.1399 -0.2363 -0.3269 -0.3763 0.0069 0.2415 -0.1453 -0.2843 -0.3572 -0.3225 0.1239 0.2131 -0.2160 -0.2844 -0.2160 0.2131 0.1239 -0.3225 -0.3572 -0.2843 -0.1453 0.2415 0.0069 -0.3763 -0.3269 -0.2363 0.1399 0.1393 -0.2940 -0.3607 -0.2902 -0.1606 0.2566 0.0335 -0.3767 -0.3330 -0.2501 0.0341 0.1629 -0.2277 -0.3661 -0.3011 -0.1869 0.2754 0.0779 -0.3663 -0.3466 -0.2708 -0.1077 0.2164 -0.0345 -0.3749 -0.3240 -0.2345 0.1243 0.1484 -0.2571 -0.3650 -0.3001 -0.1870 0.2755 0.0831 -0.3622 -0.3338
-0.3523 0.0892 0.2746 -0.1915 -0.3023 -0.3662 -0.2395 0.1547 0.0937 -0.2386 -0.3260 -0.3755 -0.0215 0.2215 -0.1146 -0.2725 -0.3477 -0.3645 0.0806 0.2755 -0.1879 -0.3013 -0.3661 -0.2298 0.1615 0.0434 -0.2483 -0.3320 -0.3768 0.0278 0.2529 -0.1564 -0.2883 -0.3595 -0.3052 0.1338 0.1661 -0.2323 -0.3249 -0.3757 -0.0040 0.2357 -0.1390 -0.2821 -0.3557 -0.3313 0.1188 0.2235 -0.2199 -0.3160 -0.3642 -0.3160 -0.2199 0.2235 0.1188 -0.3313 -0.3557 -0.2821 -0.1390 0.2357 -0.0040 -0.3757 -0.3249 -0.2323 0.1661 0.1338 -0.3052 -0.3595 -0.2883 -0.1564 0.2529 0.0278 -0.3768 -0.3320 -0.2483 0.0434 0.1615 -0.2298 -0.3661 -0.3013 -0.1879 0.2755 0.0806 -0.3645 -0.3477 -0.2725 -0.1146 0.2215 -0.0215 -0.3755 -0.3260 -0.2386 0.0937 0.1547 -0.2395 -0.3662 -0.3023 -0.1915 0.2746 0.0892 -0.3523
0.0906 0.2720 -0.1960 -0.3045 -0.3673 -0.2204 0.1611 0.0629 -0.2428 -0.3280 -0.3761 -0.0089 0.2273 -0.1220 -0.2745 -0.3490 -0.3618 0.0844 0.2753 -0.1899 -0.3021 -0.3664 -0.2277 0.1615 0.0465 -0.2474 -0.3314 -0.3768 0.0233 0.2497 -0.1527 -0.2867 -0.3584 -0.3142 0.1288 0.1883 -0.2285 -0.3230 -0.3752 -0.0156 0.2299 -0.1324 -0.2798 -0.3542 -0.3391 0.1132 0.2376 -0.2174 -0.3169 -0.3777 -0.3424 -0.3777 -0.3169 -0.2174 0.2376 0.1132 -0.3391 -0.3542 -0.2798 -0.1324 0.2299 -0.0156 -0.3752 -0.3230 -0.2285 0.1883 0.1288 -0.3142 -0.3584 -0.2867 -0.1527 0.2497 0.0233 -0.3768 -0.3314 -0.2474 0.0465 0.1615 -0.2277 -0.3664 -0.3021 -0.1899 0.2753 0.0844 -0.3618 -0.3490 -0.2745 -0.1220 0.2273 -0.0089 -0.3761 -0.3280 -0.2428 0.0629 0.1611 -0.2204 -0.3673 -0.3045 -0.1960 0.2720 0.0906
0.2624 -0.2004 -0.3067 -0.3683 -0.1999 0.1676 0.0336 -0.2470 -0.3300 -0.3765 0.0027 0.2333 -0.1294 -0.2766 -0.3505 -0.3583 0.0890 0.2744 -0.1926 -0.3032 -0.3669 -0.2214 0.1629 0.0434 -0.2474 -0.3312 -0.3768 0.0204 0.2474 -0.1498 -0.2854 -0.3575 -0.3213 0.1244 0.2058 -0.2250 -0.3211 -0.3746 -0.0283 0.2242 -0.1254 -0.2776 -0.3527 -0.3457 0.1077 0.2497 -0.2136 -0.3154 -0.3731 -0.1202 0.1056 -0.1202 -0.3731 -0.3154 -0.2136 0.2497 0.1077 -0.3457 -0.3527 -0.2776 -0.1254 0.2242 -0.0283 -0.3746 -0.3211 -0.2250 0.2058 0.1244 -0.3213 -0.3575 -0.2854 -0.1498 0.2474 0.0204 -0.3768 -0.3312 -0.2474 0.0434 0.1629 -0.2214 -0.3669 -0.3032 -0.1926 0.2744 0.0890 -0.3583 -0.3505 -0.2766 -0.1294 0.2333 0.0027 -0.3765 -0.3300 -0.2470 0.0336 0.1676 -0.1999 -0.3683 -0.3067 -0.2004 0.2624
-0.1943 -0.3089 -0.3693 -0.1783 0.1739 0.0070 -0.2513 -0.3320 -0.3768 0.0132 0.2393 -0.1365 -0.2789 -0.3520 -0.3538 0.0942 0.2723 -0.1959 -0.3047 -0.3675 -0.2111 0.1656 0.0341 -0.2483 -0.3314 -0.3768 0.0193 0.2461 -0.1478 -0.2845 -0.3568 -0.3265 0.1208 0.2189 -0.2219 -0.3194 -0.3740 -0.0414 0.2187 -0.1180 -0.2754 -0.3511 -0.3515 0.1022 0.2590 -0.2096 -0.3134 -0.3721 -0.1000 0.1831 0.2606 0.1831 -0.1000 -0.3721 -0.3134 -0.2096 0.2590 0.1022 -0.3515 -0.3511 -0.2754 -0.1180 0.2187 -0.0414 -0.3740 -0.3194 -0.2219 0.2189 0.1208 -0.3265 -0.3568 -0.2845 -0.1478 0.2461 0.0193 -0.3768 -0.3314 -0.2483 0.0341 0.1656 -0.2111 -0.3675 -0.3047 -0.1959 0.2723 0.0942 -0.3538 -0.3520 -0.2789 -0.1365 0.2393 0.0132 -0.3768 -0.3320 -0.2513 0.0070 0.1739 -0.1783 -0.3693 -0.3089 -0.1943
-0.2945 -0.3703 -0.1561 0.1797 -0.0163 -0.2549 -0.3340 -0.3768 0.0229 0.2452 -0.1431 -0.2813 -0.3536 -0.3481 0.0998 0.2684 -0.1997 -0.3065 -0.3683 -0.1972 0.1696 0.0201 -0.2501 -0.3320 -0.3768 0.0204 0.2461 -0.1472 -0.2840 -0.3563 -0.3301 0.1180 0.2284 -0.2193 -0.3180 -0.3735 -0.0542 0.2138 -0.1106 -0.2733 -0.3496 -0.3564 0.0966 0.2660 -0.2056 -0.3114 -0.3713 -0.1121 0.1943 -0.0430 -0.2127 -0.0430 0.1943 -0.1121 -0.3713 -0.3114 -0.2056 0.2660 0.0966 -0.3564 -0.3496 -0.2733 -0.1106 0.2138 -0.0542 -0.3735 -0.3180 -0.2193 0.2284 0.1180 -0.3301 -0.3563 -0.2840 -0.1472 0.2461 0.0204 -0.3768 -0.3320 -0.2501 0.0201 0.1696 -0.1972 -0.3683 -0.3065 -0.1997 0.2684 0.0998 -0.3481 -0.3536 -0.2813 -0.1431 0.2452 0.0229 -0.3768 -0.3340 -0.2549 -0.0163 0.1797 -0.1561 -0.3703 -0.2945
-0.3581 -0.1337 0.1854 -0.0365 -0.2575 -0.3359 -0.3765 0.0318 0.2508 -0.1493 -0.2836 -0.3552 -0.3415 0.1056 0.2621 -0.2039 -0.3085 -0.3691 -0.1801 0.1742 0.0032 -0.2526 -0.3330 -0.3768 0.0233 0.2474 -0.1478 -0.2840 -0.3562 -0.3319 0.1162 0.2345 -0.2173 -0.3169 -0.3731 -0.0661 0.2094 -0.1034 -0.2714 -0.3481 -0.3605 0.0912 0.2708 -0.2015 -0.3093 -0.3704 -0.1312 0.1911 -0.0624 -0.2584 -0.3110 -0.2584 -0.0624 0.1911 -0.1312 -0.3704 -0.3093 -0.2015 0.2708 0.0912 -0.3605 -0.3481 -0.2714 -0.1034 0.2094 -0.0661 -0.3731 -0.3169 -0.2173 0.2345 0.1162 -0.3319 -0.3562 -0.2840 -0.1478 0.2474 0.0233 -0.3768 -0.3330 -0.2526 0.0032 0.1742 -0.1801 -0.3691 -0.3085 -0.2039 0.2621 0.1056 -0.3415 -0.3552 -0.2836 -0.1493 0.2508 0.0318 -0.3765 -0.3359 -0.2575 -0.0365 0.1854 -0.1337 -0.3581
-0.1264 0.1913 -0.0538 -0.2599 -0.3378 -0.3759 0.0400 0.2562 -0.1551 -0.2859 -0.3567 -0.3339 0.1114 0.2532 -0.2081 -0.3106 -0.3701 -0.1601 0.1790 -0.0151 -0.2551 -0.3343 -0.3767 0.0278 0.2497 -0.1498 -0.2845 -0.3563 -0.3319 0.1156 0.2376 -0.2161 -0.3160 -0.3727 -0.0763 0.2058 -0.0967 -0.2697 -0.3468 -0.3637 0.0860 0.2737 -0.1975 -0.3073 -0.3695 -0.1518 0.1862 -0.0540 -0.2612 -0.3401 -0.3815 -0.3401 -0.2612 -0.0540 0.1862 -0.1518 -0.3695 -0.3073 -0.1975 0.2737 0.0860 -0.3637 -0.3468 -0.2697 -0.0967 0.2058 -0.0763 -0.3727 -0.3160 -0.2161 0.2376 0.1156 -0.3319 -0.3563 -0.2845 -0.1498 0.2497 0.0278 -0.3767 -0.3343 -0.2551 -0.0151 0.1790 -0.1601 -0.3701 -0.3106 -0.2081 0.2532 0.1114 -0.3339 -0.3567 -0.2859 -0.1551 0.2562 0.0400 -0.3759 -0.3378 -0.2599 -0.0538 0.1913 -0.1264
0.1942 -0.0688 -0.2623 -0.3397 -0.3749 0.0477 0.2611 -0.1607 -0.2881 -0.3581 -0.3252 0.1172 0.2414 -0.2124 -0.3128 -0.3710 -0.1382 0.1843 -0.0333 -0.2572 -0.3358 -0.3765 0.0335 0.2529 -0.1527 -0.2854 -0.3568 -0.3301 0.1162 0.2376 -0.2156 -0.3156 -0.3725 -0.0839 0.2030 -0.0908 -0.2683 -0.3457 -0.3662 0.0814 0.2751 -0.1937 -0.3054 -0.3687 -0.1720 0.1810 -0.0396 -0.2600 -0.3395 -0.3783 -0.1671 -0.3783 -0.3395 -0.2600 -0.0396 0.1810 -0.1720 -0.3687 -0.3054 -0.1937 0.2751 0.0814 -0.3662 -0.3457 -0.2683 -0.0908 0.2030 -0.0839 -0.3725 -0.3156 -0.2156 0.2376 0.1162 -0.3301 -0.3568 -0.2854 -0.1527 0.2529 0.0335 -0.3765 -0.3358 -0.2572 -0.0333 0.1843 -0.1382 -0.3710 -0.3128 -0.2124 0.2414 0.1172 -0.3252 -0.3581 -0.2881 -0.1607 0.2611 0.0477 -0.3749 -0.3397 -0.2623 -0.0688 0.1942
-0.0793 -0.2647 -0.3415 -0.3736 0.0551 0.2656 -0.1661 -0.2904 -0.3595 -0.3153 0.1230 0.2264 -0.2166 -0.3149 -0.3718 -0.1162 0.1900 -0.0506 -0.2594 -0.3375 -0.3760 0.0398 0.2566 -0.1564 -0.2867 -0.3575 -0.3265 0.1180 0.2345 -0.2161 -0.3156 -0.3724 -0.0880 0.2013 -0.0865 -0.2672 -0.3447 -0.3680 0.0773 0.2755 -0.1903 -0.3036 -0.3678 -0.1912 0.1760 -0.0224 -0.2580 -0.3380 -0.3752 0.0364 0.1686 0.0364 -0.3752 -0.3380 -0.2580 -0.0224 0.1760 -0.1912 -0.3678 -0.3036 -0.1903 0.2755 0.0773 -0.3680 -0.3447 -0.2672 -0.0865 0.2013 -0.0880 -0.3724 -0.3156 -0.2161 0.2345 0.1180 -0.3265 -0.3575 -0.2867 -0.1564 0.2566 0.0398 -0.3760 -0.3375 -0.2594 -0.0506 0.1900 -0.1162 -0.3718 -0.3149 -0.2166 0.2264 0.1230 -0.3153 -0.3595 -0.2904 -0.1661 0.2656 0.0551 -0.3736 -0.3415 -0.2647 -0.0793
-0.2494 -0.3433 -0.3718 0.0620 0.2694 -0.1712 -0.2927 -0.3609 -0.3041 0.1288 0.2081 -0.2208 -0.3171 -0.3726 -0.0950 0.1958 -0.0660 -0.2618 -0.3393 -0.3751 0.0465 0.2607 -0.1606 -0.2883 -0.3584 -0.3213 0.1208 0.2284 -0.2173 -0.3160 -0.3725 -0.0880 0.2007 -0.0842 -0.2665 -0.3441 -0.3692 0.0740 0.2752 -0.1874 -0.3021 -0.3670 -0.2081 0.1709 -0.0031 -0.2559 -0.3364 -0.3758 0.0449 0.2531 0.0117 0.2531 0.0449 -0.3758 -0.3364 -0.2559 -0.0031 0.1709 -0.2081 -0.3670 -0.3021 -0.1874 0.2752 0.0740 -0.3692 -0.3441 -0.2665 -0.0842 0.2007 -0.0880 -0.3725 -0.3160 -0.2173 0.2284 0.1208 -0.3213 -0.3584 -0.2883 -0.1606 0.2607 0.0465 -0.3751 -0.3393 -0.2618 -0.0660 0.1958 -0.0950 -0.3726 -0.3171 -0.2208 0.2081 0.1288 -0.3041 -0.3609 -0.2927 -0.1712 0.2694 0.0620 -0.3718 -0.3433 -0.2494
-0.3296 -0.3695 0.0687 0.2724 -0.1762 -0.2949 -0.3622 -0.2915 0.1347 0.1862 -0.2249 -0.3192 -0.3733 -0.0752 0.2016 -0.0794 -0.2642 -0.3411 -0.3739 0.0536 0.2648 -0.1653 -0.2902 -0.3595 -0.3142 0.1244 0.2189 -0.2193 -0.3169 -0.3727 -0.0839 0.2013 -0.0842 -0.2663 -0.3437 -0.3700 0.0716 0.2747 -0.1850 -0.3008 -0.3663 -0.2220 0.1660 0.0167 -0.2533 -0.3348 -0.3764 0.0412 0.2596 -0.1525 -0.2513 -0.1525 0.2596 0.0412 -0.3764 -0.3348 -0.2533 0.0167 0.1660 -0.2220 -0.3663 -0.3008 -0.1850 0.2747 0.0716 -0.3700 -0.3437 -0.2663 -0.0842 0.2013 -0.0839 -0.3727 -0.3169 -0.2193 0.2189 0.1244 -0.3142 -0.3595 -0.2902 -0.1653 0.2648 0.0536 -0.3739 -0.3411 -0.2642 -0.0794 0.2016 -0.0752 -0.3733 -0.3192 -0.2249 0.1862 0.1347 -0.2915 -0.3622 -0.2949 -0.1762 0.2724 0.0687 -0.3695 -0.3296
-0.3595 0.0752 0.2745 -0.1810 -0.2972 -0.3635 -0.2774 0.1407 0.1609 -0.2291 -0.3213 -0.3740 -0.0571 0.2075 -0.0911 -0.2665 -0.3430 -0.3722 0.0605 0.2686 -0.1701 -0.2922 -0.3607 -0.3052 0.1288 0.2058 -0.2219 -0.3180 -0.3731 -0.0763 0.2030 -0.0865 -0.2665 -0.3437 -0.3702 0.0703 0.2743 -0.1833 -0.2998 -0.3657 -0.2330 0.1619 0.0352 -0.2503 -0.3332 -0.3767 0.0351 0.2573 -0.1593 -0.2855 -0.3368 -0.2855 -0.1593 0.2573 0.0351 -0.3767 -0.3332 -0.2503 0.0352 0.1619 -0.2330 -0.3657 -0.2998 -0.1833 0.2743 0.0703 -0.3702 -0.3437 -0.2665 -0.0865 0.2030 -0.0763 -0.3731 -0.3180 -0.2219 0.2058 0.1288 -0.3052 -0.3607 -0.2922 -0.1701 0.2686 0.0605 -0.3722 -0.3430 -0.2665 -0.0911 0.2075 -0.0571 -0.3740 -0.3213 -0.2291 0.1609 0.1407 -0.2774 -0.3635 -0.2972 -0.1810 0.2745 0.0752 -0.3595
0.0764 0.2754 -0.1857 -0.2994 -0.3647 -0.2618 0.1467 0.1327 -0.2333 -0.3233 -0.3747 -0.0406 0.2134 -0.1016 -0.2689 -0.3448 -0.3700 0.0672 0.2718 -0.1750 -0.2944 -0.3619 -0.2940 0.1338 0.1883 -0.2250 -0.3194 -0.3735 -0.0661 0.2058 -0.0908 -0.2672 -0.3441 -0.3700 0.0703 0.2741 -0.1824 -0.2991 -0.3653 -0.2411 0.1587 0.0517 -0.2477 -0.3319 -0.3768 0.0288 0.2536 -0.1569 -0.2878 -0.3613 -0.3882 -0.3613 -0.2878 -0.1569 0.2536 0.0288 -0.3768 -0.3319 -0.2477 0.0517 0.1587 -0.2411 -0.3653 -0.2991 -0.1824 0.2741 0.0703 -0.3700 -0.3441 -0.2672 -0.0908 0.2058 -0.0661 -0.3735 -0.3194 -0.2250 0.1883 0.1338 -0.2940 -0.3619 -0.2944 -0.1750 0.2718 0.0672 -0.3700 -0.3448 -0.2689 -0.1016 0.2134 -0.0406 -0.3747 -0.3233 -0.2333 0.1327 0.1467 -0.2618 -0.3647 -0.2994 -0.1857 0.2754 0.0764
0.2703 -0.1903 -0.3017 -0.3659 -0.2446 0.1529 0.1024 -0.2374 -0.3254 -0.3753 -0.0258 0.2194 -0.1109 -0.2713 -0.3465 -0.3673 0.0737 0.2741 -0.1799 -0.2966 -0.3632 -0.2810 0.1393 0.1661 -0.2285 -0.3211 -0.3740 -0.0542 0.2094 -0.0967 -0.2683 -0.3447 -0.3692 0.0716 0.2743 -0.1824 -0.2989 -0.3650 -0.2462 0.1564 0.0647 -0.2456 -0.3308 -0.3768 0.0228 0.2498 -0.1531 -0.2868 -0.3588 -0.3344 0.0200 -0.3344 -0.3588 -0.2868 -0.1531 0.2498 0.0228 -0.3768 -0.3308 -0.2456 0.0647 0.1564 -0.2462 -0.3650 -0.2989 -0.1824 0.2743 0.0716 -0.3692 -0.3447 -0.2683 -0.0967 0.2094 -0.0542 -0.3740 -0.3211 -0.2285 0.1661 0.1393 -0.2810 -0.3632 -0.2966 -0.1799 0.2741 0.0737 -0.3673 -0.3465 -0.2713 -0.1109 0.2194 -0.0258 -0.3753 -0.3254 -0.2374 0.1024 0.1529 -0.2446 -0.3659 -0.3017 -0.1903 0.2703
-0.1855 -0.3039 -0.3670 -0.2259 0.1593 0.0715 -0.2416 -0.3274 -0.3759 -0.0125 0.2255 -0.1194 -0.2736 -0.3482 -0.3641 0.0799 0.2753 -0.1846 -0.2989 -0.3644 -0.2661 0.1451 0.1399 -0.2323 -0.3230 -0.3746 -0.0414 0.2138 -0.1034 -0.2697 -0.3457 -0.3680 0.0740 0.2747 -0.1833 -0.2991 -0.3650 -0.2480 0.1552 0.0731 -0.2441 -0.3299 -0.3767 0.0174 0.2464 -0.1493 -0.2854 -0.3577 -0.3249 0.1090 0.2366 0.1090 -0.3249 -0.3577 -0.2854 -0.1493 0.2464 0.0174 -0.3767 -0.3299 -0.2441 0.0731 0.1552 -0.2480 -0.3650 -0.2991 -0.1833 0.2747 0.0740 -0.3680 -0.3457 -0.2697 -0.1034 0.2138 -0.0414 -0.3746 -0.3230 -0.2323 0.1399 0.1451 -0.2661 -0.3644 -0.2989 -0.1846 0.2753 0.0799 -0.3641 -0.3482 -0.2736 -0.1194 0.2255 -0.0125 -0.3759 -0.3274 -0.2416 0.0715 0.1593 -0.2259 -0.3670 -0.3039 -0.1855
-0.2894 -0.3681 -0.2058 0.1658 0.0416 -0.2459 -0.3294 -0.3764 -0.0005 0.2315 -0.1272 -0.2759 -0.3499 -0.3602 0.0860 0.2752 -0.1891 -0.3011 -0.3656 -0.2494 0.1512 0.1111 -0.2363 -0.3249 -0.3752 -0.0283 0.2187 -0.1106 -0.2714 -0.3468 -0.3662 0.0773 0.2752 -0.1850 -0.2998 -0.3653 -0.2462 0.1552 0.0760 -0.2433 -0.3294 -0.3766 0.0132 0.2435 -0.1459 -0.2841 -0.3567 -0.3277 0.1175 0.2554 -0.1422 0.2554 0.1175 -0.3277 -0.3567 -0.2841 -0.1459 0.2435 0.0132 -0.3766 -0.3294 -0.2433 0.0760 0.1552 -0.2462 -0.3653 -0.2998 -0.1850 0.2752 0.0773 -0.3662 -0.3468 -0.2714 -0.1106 0.2187 -0.0283 -0.3752 -0.3249 -0.2363 0.1111 0.1512 -0.2494 -0.3656 -0.3011 -0.1891 0.2752 0.0860 -0.3602 -0.3499 -0.2759 -0.1272 0.2315 -0.0005 -0.3764 -0.3294 -0.2459 0.0416 0.1658 -0.2058 -0.3681 -0.2894
-0.3556 -0.1844 0.1722 0.0142 -0.2501 -0.3314 -0.3767 0.0103 0.2376 -0.1344 -0.2782 -0.3515 -0.3555 0.0920 0.2736 -0.1936 -0.3033 -0.3667 -0.2312 0.1574 0.0806 -0.2404 -0.3269 -0.3757 -0.0156 0.2242 -0.1180 -0.2733 -0.3481 -0.3637 0.0814 0.2755 -0.1874 -0.3008 -0.3657 -0.2411 0.1564 0.0731 -0.2433 -0.3292 -0.3766 0.0104 0.2414 -0.1432 -0.2829 -0.3559 -0.3321 0.1166 0.2372 -0.2093 -0.2804 -0.2093 0.2372 0.1166 -0.3321 -0.3559 -0.2829 -0.1432 0.2414 0.0104 -0.3766 -0.3292 -0.2433 0.0731 0.1564 -0.2411 -0.3657 -0.3008 -0.1874 0.2755 0.0814 -0.3637 -0.3481 -0.2733 -0.1180 0.2242 -0.0156 -0.3757 -0.3269 -0.2404 0.0806 0.1574 -0.2312 -0.3667 -0.3033 -0.1936 0.2736 0.0920 -0.3555 -0.3515 -0.2782 -0.1344 0.2376 0.0103 -0.3767 -0.3314 -0.2501 0.0142 0.1722 -0.1844 -0.3556
-0.1761 0.1783 -0.0101 -0.2539 -0.3334 -0.3768 0.0202 0.2435 -0.1411 -0.2805 -0.3531 -0.3501 0.0979 0.2701 -0.1980 -0.3055 -0.3678 -0.2117 0.1638 0.0503 -0.2446 -0.3288 -0.3763 -0.0040 0.2299 -0.1254 -0.2754 -0.3496 -0.3605 0.0860 0.2751 -0.1903 -0.3021 -0.3663 -0.2330 0.1587 0.0647 -0.2441 -0.3294 -0.3766 0.0095 0.2403 -0.1415 -0.2821 -0.3552 -0.3359 0.1141 0.2395 -0.2148 -0.3129 -0.3613 -0.3129 -0.2148 0.2395 0.1141 -0.3359 -0.3552 -0.2821 -0.1415 0.2403 0.0095 -0.3766 -0.3294 -0.2441 0.0647 0.1587 -0.2330 -0.3663 -0.3021 -0.1903 0.2751 0.0860 -0.3605 -0.3496 -0.2754 -0.1254 0.2299 -0.0040 -0.3763 -0.3288 -0.2446 0.0503 0.1638 -0.2117 -0.3678 -0.3055 -0.1980 0.2701 0.0979 -0.3501 -0.3531 -0.2805 -0.1411 0.2435 0.0202 -0.3768 -0.3334 -0.2539 -0.0101 0.1783 -0.1761
0.1809 -0.0312 -0.2568 -0.3353 -0.3766 0.0292 0.2491 -0.1474 -0.2828 -0.3547 -0.3438 0.1036 0.2646 -0.2023 -0.3077 -0.3688 -0.1908 0.1704 0.0221 -0.2487 -0.3308 -0.3767 0.0069 0.2357 -0.1324 -0.2776 -0.3511 -0.3564 0.0912 0.2737 -0.1937 -0.3036 -0.3670 -0.2220 0.1619 0.0517 -0.2456 -0.3299 -0.3766 0.0104 0.2403 -0.1409 -0.2817 -0.3548 -0.3384 0.1119 0.2445 -0.2141 -0.3147 -0.3767 -0.3522 -0.3767 -0.3147 -0.2141 0.2445 0.1119 -0.3384 -0.3548 -0.2817 -0.1409 0.2403 0.0104 -0.3766 -0.3299 -0.2456 0.0517 0.1619 -0.2220 -0.3670 -0.3036 -0.1937 0.2737 0.0912 -0.3564 -0.3511 -0.2776 -0.1324 0.2357 0.0069 -0.3767 -0.3308 -0.2487 0.0221 0.1704 -0.1908 -0.3688 -0.3077 -0.2023 0.2646 0.1036 -0.3438 -0.3547 -0.2828 -0.1474 0.2491 0.0292 -0.3766 -0.3353 -0.2568 -0.0312 0.1809
-0.0476 -0.2592 -0.3373 -0.3761 0.0376 0.2546 -0.1533 -0.2851 -0.3562 -0.3366 0.1094 0.2566 -0.2066 -0.3098 -0.3697 -0.1690 0.1764 -0.0030 -0.2528 -0.3328 -0.3768 0.0170 0.2415 -0.1390 -0.2798 -0.3527 -0.3515 0.0966 0.2708 -0.1975 -0.3054 -0.3678 -0.2081 0.1660 0.0352 -0.2477 -0.3308 -0.3767 0.0132 0.2414 -0.1415 -0.2817 -0.3547 -0.3398 0.1104 0.2483 -0.2128 -0.3143 -0.3725 -0.1408 0.1000 -0.1408 -0.3725 -0.3143 -0.2128 0.2483 0.1104 -0.3398 -0.3547 -0.2817 -0.1415 0.2414 0.0132 -0.3767 -0.3308 -0.2477 0.0352 0.1660 -0.2081 -0.3678 -0.3054 -0.1975 0.2708 0.0966 -0.3515 -0.3527 -0.2798 -0.1390 0.2415 0.0170 -0.3768 -0.3328 -0.2528 -0.0030 0.1764 -0.1690 -0.3697 -0.3098 -0.2066 0.2566 0.1094 -0.3366 -0.3562 -0.2851 -0.1533 0.2546 0.0376 -0.3761 -0.3373 -0.2592 -0.0476
-0.2437 -0.3392 -0.3753 0.0454 0.2596 -0.1590 -0.2874 -0.3576 -0.3283 0.1151 0.2459 -0.2108 -0.3120 -0.3706 -0.1468 0.1820 -0.0248 -0.2560 -0.3347 -0.3767 0.0262 0.2472 -0.1453 -0.2821 -0.3542 -0.3457 0.1022 0.2660 -0.2015 -0.3073 -0.3687 -0.1912 0.1709 0.0167 -0.2503 -0.3319 -0.3768 0.0174 0.2435 -0.1432 -0.2821 -0.3548 -0.3398 0.1098 0.2503 -0.2117 -0.3138 -0.3719 -0.1093 0.1793 0.2654 0.1793 -0.1093 -0.3719 -0.3138 -0.2117 0.2503 0.1098 -0.3398 -0.3548 -0.2821 -0.1432 0.2435 0.0174 -0.3768 -0.3319 -0.2503 0.0167 0.1709 -0.1912 -0.3687 -0.3073 -0.2015 0.2660 0.1022 -0.3457 -0.3542 -0.2821 -0.1453 0.2472 0.0262 -0.3767 -0.3347 -0.2560 -0.0248 0.1820 -0.1468 -0.3706 -0.3120 -0.2108 0.2459 0.1151 -0.3283 -0.3576 -0.2874 -0.1590 0.2596 0.0454 -0.3753 -0.3392 -0.2437
-0.3253 -0.3741 0.0528 0.2643 -0.1644 -0.2897 -0.3591 -0.3189 0.1209 0.2323 -0.2150 -0.3141 -0.3715 -0.1247 0.1877 -0.0436 -0.2584 -0.3366 -0.3763 0.0348 0.2528 -0.1513 -0.2843 -0.3557 -0.3391 0.1077 0.2590 -0.2056 -0.3093 -0.3695 -0.1720 0.1760 -0.0031 -0.2533 -0.3332 -0.3768 0.0228 0.2464 -0.1459 -0.2829 -0.3552 -0.3384 0.1104 0.2503 -0.2113 -0.3134 -0.3717 -0.1078 0.1936 -0.0364 -0.2107 -0.0364 0.1936 -0.1078 -0.3717 -0.3134 -0.2113 0.2503 0.1104 -0.3384 -0.3552 -0.2829 -0.1459 0.2464 0.0228 -0.3768 -0.3332 -0.2533 -0.0031 0.1760 -0.1720 -0.3695 -0.3093 -0.2056 0.2590 0.1077 -0.3391 -0.3557 -0.2843 -0.1513 0.2528 0.0348 -0.3763 -0.3366 -0.2584 -0.0436 0.1877 -0.1247 -0.3715 -0.3141 -0.2150 0.2323 0.1209 -0.3189 -0.3591 -0.2897 -0.1644 0.2643 0.0528 -0.3741 -0.3253
-0.3638 0.0599 0.2683 -0.1695 -0.2919 -0.3605 -0.3083 0.1266 0.2154 -0.2192 -0.3162 -0.3723 -0.1034 0.1934 -0.0598 -0.2608 -0.3385 -0.3756 0.0428 0.2579 -0.1570 -0.2866 -0.3572 -0.3313 0.1132 0.2497 -0.2096 -0.3114 -0.3704 -0.1518 0.1810 -0.0224 -0.2559 -0.3348 -0.3767 0.0288 0.2498 -0.1493 -0.2841 -0.3559 -0.3359 0.1119 0.2483 -0.2117 -0.3134 -0.3716 -0.1096 0.1946 -0.0661 -0.2583 -0.3106 -0.2583 -0.0661 0.1946 -0.1096 -0.3716 -0.3134 -0.2117 0.2483 0.1119 -0.3359 -0.3559 -0.2841 -0.1493 0.2498 0.0288 -0.3767 -0.3348 -0.2559 -0.0224 0.1810 -0.1518 -0.3704 -0.3114 -0.2096 0.2497 0.1132 -0.3313 -0.3572 -0.2866 -0.1570 0.2579 0.0428 -0.3756 -0.3385 -0.2608 -0.0598 0.1934 -0.1034 -0.3723 -0.3162 -0.2192 0.2154 0.1266 -0.3083 -0.3605 -0.2919 -0.1695 0.2683 0.0599 -0.3638
0.0610 0.2715 -0.1745 -0.2941 -0.3618 -0.2965 0.1323 0.1955 -0.2233 -0.3183 -0.3731 -0.0835 0.1991 -0.0737 -0.2631 -0.3403 -0.3745 0.0502 0.2626 -0.1624 -0.2888 -0.3586 -0.3225 0.1188 0.2376 -0.2136 -0.3134 -0.3713 -0.1312 0.1862 -0.0396 -0.2580 -0.3364 -0.3764 0.0351 0.2536 -0.1531 -0.2854 -0.3567 -0.3321 0.1141 0.2445 -0.2128 -0.3138 -0.3717 -0.1096 0.1945 -0.0692 -0.2628 -0.3407 -0.3816 -0.3407 -0.2628 -0.0692 0.1945 -0.1096 -0.3717 -0.3138 -0.2128 0.2445 0.1141 -0.3321 -0.3567 -0.2854 -0.1531 0.2536 0.0351 -0.3764 -0.3364 -0.2580 -0.0396 0.1862 -0.1312 -0.3713 -0.3134 -0.2136 0.2376 0.1188 -0.3225 -0.3586 -0.2888 -0.1624 0.2626 0.0502 -0.3745 -0.3403 -0.2631 -0.0737 0.1991 -0.0835 -0.3731 -0.3183 -0.2233 0.1955 0.1323 -0.2965 -0.3618 -0.2941 -0.1745 0.2715 0.0610
0.2695 -0.1789 -0.2962 -0.3631 -0.2843 0.1376 0.1740 -0.2271 -0.3203 -0.3738 -0.0663 0.2043 -0.0850 -0.2653 -0.3421 -0.3732 0.0567 0.2665 -0.1672 -0.2909 -0.3600 -0.3132 0.1239 0.2235 -0.2174 -0.3154 -0.3721 -0.1121 0.1911 -0.0540 -0.2600 -0.3380 -0.3758 0.0412 0.2573 -0.1569 -0.2868 -0.3577 -0.3277 0.1166 0.2395 -0.2141 -0.3143 -0.3719 -0.1078 0.1946 -0.0692 -0.2633 -0.3415 -0.3776 -0.1558 -0.3776 -0.3415 -0.2633 -0.0692 0.1946 -0.1078 -0.3719 -0.3143 -0.2141 0.2395 0.1166 -0.3277 -0.3577 -0.2868 -0.1569 0.2573 0.0412 -0.3758 -0.3380 -0.2600 -0.0540 0.1911 -0.1121 -0.3721 -0.3154 -0.2174 0.2235 0.1239 -0.3132 -0.3600 -0.2909 -0.1672 0.2665 0.0567 -0.3732 -0.3421 -0.2653 -0.0850 0.2043 -0.0663 -0.3738 -0.3203 -0.2271 0.1740 0.1376 -0.2843 -0.3631 -0.2962 -0.1789 0.2695
-0.1736 -0.2977 -0.3645 -0.2758 0.1404 0.1590 -0.2297 -0.3218 -0.3746 -0.0559 0.2077 -0.0915 -0.2666 -0.3437 -0.3720 0.0605 0.2688 -0.1703 -0.2924 -0.3615 -0.3066 0.1268 0.2131 -0.2199 -0.3169 -0.3731 -0.1000 0.1943 -0.0624 -0.2612 -0.3395 -0.3752 0.0449 0.2596 -0.1593 -0.2878 -0.3588 -0.3249 0.1175 0.2372 -0.2148 -0.3147 -0.3725 -0.1093 0.1936 -0.0661 -0.2628 -0.3415 -0.3738 0.0420 0.1711 0.0420 -0.3738 -0.3415 -0.2628 -0.0661 0.1936 -0.1093 -0.3725 -0.3147 -0.2148 0.2372 0.1175 -0.3249 -0.3588 -0.2878 -0.1593 0.2596 0.0449 -0.3752 -0.3395 -0.2612 -0.0624 0.1943 -0.1000 -0.3731 -0.3169 -0.2199 0.2131 0.1268 -0.3066 -0.3615 -0.2924 -0.1703 0.2688 0.0605 -0.3720 -0.3437 -0.2666 -0.0915 0.2077 -0.0559 -0.3746 -0.3218 -0.2297 0.1590 0.1404 -0.2758 -0.3645 -0.2977 -0.1736
-0.2785 -0.3680 -0.2889 0.1322 0.1896 -0.2259 -0.3212 -0.3792 -0.0730 0.1968 -0.0777 -0.2640 -0.3447 -0.3749 0.0532 0.2644 -0.1647 -0.2905 -0.3646 -0.3164 0.1193 0.2340 -0.2160 -0.3160 -0.3777 -0.1202 0.1831 -0.0430 -0.2584 -0.3401 -0.3783 0.0364 0.2531 -0.1525 -0.2855 -0.3613 -0.3344 0.1090 0.2554 -0.2093 -0.3129 -0.3767 -0.1408 0.1793 -0.0364 -0.2583 -0.3407 -0.3776 0.0420 0.2464 0.0428 0.2464 0.0420 -0.3776 -0.3407 -0.2583 -0.0364 0.1793 -0.1408 -0.3767 -0.3129 -0.2093 0.2554 0.1090 -0.3344 -0.3613 -0.2855 -0.1525 0.2531 0.0364 -0.3783 -0.3401 -0.2584 -0.0430 0.1831 -0.1202 -0.3777 -0.3160 -0.2160 0.2340 0.1193 -0.3164 -0.3646 -0.2905 -0.1647 0.2644 0.0532 -0.3749 -0.3447 -0.2640 -0.0777 0.1968 -0.0730 -0.3792 -0.3212 -0.2259 0.1896 0.1322 -0.2889 -0.3680 -0.2785
-0.3308 -0.3834 0.0541 0.2593 -0.1687 -0.2900 -0.3684 -0.3200 0.1180 0.2368 -0.2208 -0.3164 -0.3840 -0.1163 0.1817 -0.0377 -0.2572 -0.3416 -0.3869 0.0370 0.2475 -0.1543 -0.2844 -0.3642 -0.3424 0.1056 0.2606 -0.2127 -0.3110 -0.3815 -0.1671 0.1686 0.0117 -0.2513 -0.3368 -0.3882 0.0200 0.2366 -0.1422 -0.2804 -0.3613 -0.3522 0.1000 0.2654 -0.2107 -0.3106 -0.3816 -0.1558 0.1711 0.0428 -0.2038 0.0428 0.1711 -0.1558 -0.3816 -0.3106 -0.2107 0.2654 0.1000 -0.3522 -0.3613 -0.2804 -0.1422 0.2366 0.0200 -0.3882 -0.3368 -0.2513 0.0117 0.1686 -0.1671 -0.3815 -0.3110 -0.2127 0.2606 0.1056 -0.3424 -0.3642 -0.2844 -0.1543 0.2475 0.0370 -0.3869 -0.3416 -0.2572 -0.0377 0.1817 -0.1163 -0.3840 -0.3164 -0.2208 0.2368 0.1180 -0.3200 -0.3684 -0.2900 -0.1687 0.2593 0.0541 -0.3834 -0.3308
