-0.3106 -0.3632 0.0648 0.2705 -0.1784 -0.2855 -0.3535 -0.2116 0.1708 -0.0156 -0.2394 -0.3219 -0.3655 0.0490 0.2654 -0.1686 -0.2803 -0.3506 -0.2531 0.1558 0.0409 -0.2323 -0.3174 -0.3662 0.0307 0.2561 -0.1579 -0.2750 -0.3474 -0.2864 0.1412 0.1087 -0.2244 -0.3127 -0.3654 0.0091 0.2443 -0.1460 -0.2696 -0.3440 -0.3122 0.1273 0.1720 -0.2165 -0.3079 -0.3636 -0.0179 0.2302 -0.1284 -0.2577 -0.3113 -0.2577 -0.1284 0.2302 -0.0179 -0.3636 -0.3079 -0.2165 0.1720 0.1273 -0.3122 -0.3440 -0.2696 -0.1460 0.2443 0.0091 -0.3654 -0.3127 -0.2244 0.1087 0.1412 -0.2864 -0.3474 -0.2750 -0.1579 0.2561 0.0307 -0.3662 -0.3174 -0.2323 0.0409 0.1558 -0.2531 -0.3506 -0.2803 -0.1686 0.2654 0.0490 -0.3655 -0.3219 -0.2394 -0.0156 0.1708 -0.2116 -0.3535 -0.2855 -0.1784 0.2705 0.0648 -0.3632 -0.3106
-0.3632 0.0669 0.2736 -0.1829 -0.3002 -0.3662 -0.2201 0.1679 0.0071 -0.2548 -0.3359 -0.3759 0.0477 0.2655 -0.1711 -0.2949 -0.3635 -0.2622 0.1529 0.0722 -0.2458 -0.3314 -0.3769 0.0291 0.2546 -0.1590 -0.2897 -0.3605 -0.2957 0.1388 0.1420 -0.2361 -0.3268 -0.3763 0.0070 0.2416 -0.1455 -0.2845 -0.3573 -0.3215 0.1253 0.2000 -0.2266 -0.3221 -0.3750 -0.0206 0.2277 -0.1291 -0.2779 -0.3538 -0.3877 -0.3538 -0.2779 -0.1291 0.2277 -0.0206 -0.3750 -0.3221 -0.2266 0.2000 0.1253 -0.3215 -0.3573 -0.2845 -0.1455 0.2416 0.0070 -0.3763 -0.3268 -0.2361 0.1420 0.1388 -0.2957 -0.3605 -0.2897 -0.1590 0.2546 0.0291 -0.3769 -0.3314 -0.2458 0.0722 0.1529 -0.2622 -0.3635 -0.2949 -0.1711 0.2655 0.0477 -0.3759 -0.3359 -0.2548 0.0071 0.1679 -0.2201 -0.3662 -0.3002 -0.1829 0.2736 0.0669 -0.3632
0.0648 0.2736 -0.1811 -0.2988 -0.3652 -0.2365 0.1618 0.0322 -0.2514 -0.3339 -0.3765 0.0399 0.2611 -0.1660 -0.2926 -0.3622 -0.2778 0.1466 0.1032 -0.2415 -0.3294 -0.3767 0.0199 0.2491 -0.1533 -0.2874 -0.3591 -0.3078 0.1328 0.1695 -0.2319 -0.3247 -0.3757 -0.0042 0.2356 -0.1391 -0.2821 -0.3557 -0.3307 0.1194 0.2198 -0.2224 -0.3200 -0.3743 -0.0348 0.2217 -0.1222 -0.2765 -0.3520 -0.3604 -0.0289 -0.3604 -0.3520 -0.2765 -0.1222 0.2217 -0.0348 -0.3743 -0.3200 -0.2224 0.2198 0.1194 -0.3307 -0.3557 -0.2821 -0.1391 0.2356 -0.0042 -0.3757 -0.3247 -0.2319 0.1695 0.1328 -0.3078 -0.3591 -0.2874 -0.1533 0.2491 0.0199 -0.3767 -0.3294 -0.2415 0.1032 0.1466 -0.2778 -0.3622 -0.2926 -0.1660 0.2611 0.0399 -0.3765 -0.3339 -0.2514 0.0322 0.1618 -0.2365 -0.3652 -0.2988 -0.1811 0.2736 0.0648
0.2705 -0.1829 -0.2988 -0.3649 -0.2459 0.1575 0.0547 -0.2477 -0.3321 -0.3768 0.0318 0.2561 -0.1606 -0.2904 -0.3609 -0.2918 0.1405 0.1335 -0.2373 -0.3274 -0.3764 0.0100 0.2433 -0.1473 -0.2851 -0.3577 -0.3186 0.1269 0.1937 -0.2278 -0.3227 -0.3751 -0.0166 0.2296 -0.1322 -0.2798 -0.3542 -0.3387 0.1136 0.2360 -0.2182 -0.3179 -0.3736 -0.0506 0.2157 -0.1140 -0.2744 -0.3504 -0.3563 0.0837 0.2099 0.0837 -0.3563 -0.3504 -0.2744 -0.1140 0.2157 -0.0506 -0.3736 -0.3179 -0.2182 0.2360 0.1136 -0.3387 -0.3542 -0.2798 -0.1322 0.2296 -0.0166 -0.3751 -0.3227 -0.2278 0.1937 0.1269 -0.3186 -0.3577 -0.2851 -0.1473 0.2433 0.0100 -0.3764 -0.3274 -0.2373 0.1335 0.1405 -0.2918 -0.3609 -0.2904 -0.1606 0.2561 0.0318 -0.3768 -0.3321 -0.2477 0.0547 0.1575 -0.2459 -0.3649 -0.2988 -0.1829 0.2705
-0.1784 -0.3002 -0.3652 -0.2459 0.1559 0.0686 -0.2451 -0.3307 -0.3768 0.0240 0.2512 -0.1553 -0.2881 -0.3595 -0.3044 0.1345 0.1617 -0.2332 -0.3253 -0.3759 -0.0008 0.2374 -0.1410 -0.2828 -0.3562 -0.3281 0.1211 0.2144 -0.2236 -0.3206 -0.3745 -0.0304 0.2235 -0.1248 -0.2775 -0.3526 -0.3457 0.1079 0.2490 -0.2140 -0.3158 -0.3729 -0.0681 0.2097 -0.1050 -0.2721 -0.3488 -0.3591 0.0906 0.2761 -0.1038 0.2761 0.0906 -0.3591 -0.3488 -0.2721 -0.1050 0.2097 -0.0681 -0.3729 -0.3158 -0.2140 0.2490 0.1079 -0.3457 -0.3526 -0.2775 -0.1248 0.2235 -0.0304 -0.3745 -0.3206 -0.2236 0.2144 0.1211 -0.3281 -0.3562 -0.2828 -0.1410 0.2374 -0.0008 -0.3759 -0.3253 -0.2332 0.1617 0.1345 -0.3044 -0.3595 -0.2881 -0.1553 0.2512 0.0240 -0.3768 -0.3307 -0.2451 0.0686 0.1559 -0.2459 -0.3652 -0.3002 -0.1784
-0.2855 -0.3662 -0.2365 0.1575 0.0686 -0.2441 -0.3298 -0.3767 0.0176 0.2468 -0.1503 -0.2861 -0.3581 -0.3152 0.1287 0.1868 -0.2290 -0.3233 -0.3753 -0.0128 0.2314 -0.1343 -0.2805 -0.3547 -0.3365 0.1153 0.2316 -0.2194 -0.3185 -0.3738 -0.0457 0.2175 -0.1168 -0.2752 -0.3510 -0.3518 0.1021 0.2590 -0.2098 -0.3136 -0.3721 -0.0872 0.2038 -0.0951 -0.2697 -0.3471 -0.3629 0.0873 0.2742 -0.1883 -0.2690 -0.1883 0.2742 0.0873 -0.3629 -0.3471 -0.2697 -0.0951 0.2038 -0.0872 -0.3721 -0.3136 -0.2098 0.2590 0.1021 -0.3518 -0.3510 -0.2752 -0.1168 0.2175 -0.0457 -0.3738 -0.3185 -0.2194 0.2316 0.1153 -0.3365 -0.3547 -0.2805 -0.1343 0.2314 -0.0128 -0.3753 -0.3233 -0.2290 0.1868 0.1287 -0.3152 -0.3581 -0.2861 -0.1503 0.2468 0.0176 -0.3767 -0.3298 -0.2441 0.0686 0.1575 -0.2365 -0.3662 -0.2855
-0.3535 -0.2201 0.1618 0.0547 -0.2451 -0.3298 -0.3767 0.0139 0.2438 -0.1464 -0.2844 -0.3569 -0.3240 0.1234 0.2077 -0.2249 -0.3212 -0.3747 -0.0262 0.2253 -0.1271 -0.2782 -0.3531 -0.3438 0.1095 0.2455 -0.2152 -0.3164 -0.3731 -0.0627 0.2115 -0.1080 -0.2728 -0.3494 -0.3570 0.0962 0.2663 -0.2055 -0.3115 -0.3713 -0.1079 0.1980 -0.0840 -0.2674 -0.3454 -0.3663 0.0819 0.2750 -0.1929 -0.3016 -0.3518 -0.3016 -0.1929 0.2750 0.0819 -0.3663 -0.3454 -0.2674 -0.0840 0.1980 -0.1079 -0.3713 -0.3115 -0.2055 0.2663 0.0962 -0.3570 -0.3494 -0.2728 -0.1080 0.2115 -0.0627 -0.3731 -0.3164 -0.2152 0.2455 0.1095 -0.3438 -0.3531 -0.2782 -0.1271 0.2253 -0.0262 -0.3747 -0.3212 -0.2249 0.2077 0.1234 -0.3240 -0.3569 -0.2844 -0.1464 0.2438 0.0139 -0.3767 -0.3298 -0.2451 0.0547 0.1618 -0.2201 -0.3535
-0.2116 0.1679 0.0322 -0.2477 -0.3307 -0.3767 0.0139 0.2427 -0.1442 -0.2832 -0.3560 -0.3304 0.1188 0.2236 -0.2211 -0.3192 -0.3740 -0.0408 0.2193 -0.1192 -0.2759 -0.3515 -0.3501 0.1038 0.2563 -0.2110 -0.3142 -0.3723 -0.0814 0.2056 -0.0983 -0.2705 -0.3477 -0.3614 0.0903 0.2713 -0.2012 -0.3093 -0.3704 -0.1296 0.1922 -0.0713 -0.2651 -0.3436 -0.3691 0.0758 0.2755 -0.1902 -0.3031 -0.3713 -0.3772 -0.3713 -0.3031 -0.1902 0.2755 0.0758 -0.3691 -0.3436 -0.2651 -0.0713 0.1922 -0.1296 -0.3704 -0.3093 -0.2012 0.2713 0.0903 -0.3614 -0.3477 -0.2705 -0.0983 0.2056 -0.0814 -0.3723 -0.3142 -0.2110 0.2563 0.1038 -0.3501 -0.3515 -0.2759 -0.1192 0.2193 -0.0408 -0.3740 -0.3192 -0.2211 0.2236 0.1188 -0.3304 -0.3560 -0.2832 -0.1442 0.2427 0.0139 -0.3767 -0.3307 -0.2477 0.0322 0.1679 -0.2116
0.1708 0.0071 -0.2514 -0.3321 -0.3768 0.0176 0.2438 -0.1442 -0.2828 -0.3555 -0.3343 0.1154 0.2345 -0.2179 -0.3175 -0.3734 -0.0560 0.2135 -0.1109 -0.2735 -0.3499 -0.3555 0.0979 0.2644 -0.2068 -0.3121 -0.3715 -0.1017 0.1997 -0.0875 -0.2681 -0.3459 -0.3651 0.0842 0.2742 -0.1968 -0.3071 -0.3695 -0.1519 0.1865 -0.0567 -0.2627 -0.3418 -0.3715 0.0695 0.2747 -0.1861 -0.3017 -0.3674 -0.2510 0.0699 -0.2510 -0.3674 -0.3017 -0.1861 0.2747 0.0695 -0.3715 -0.3418 -0.2627 -0.0567 0.1865 -0.1519 -0.3695 -0.3071 -0.1968 0.2742 0.0842 -0.3651 -0.3459 -0.2681 -0.0875 0.1997 -0.1017 -0.3715 -0.3121 -0.2068 0.2644 0.0979 -0.3555 -0.3499 -0.2735 -0.1109 0.2135 -0.0560 -0.3734 -0.3175 -0.2179 0.2345 0.1154 -0.3343 -0.3555 -0.2828 -0.1442 0.2438 0.0176 -0.3768 -0.3321 -0.2514 0.0071 0.1708
-0.0156 -0.2548 -0.3339 -0.3768 0.0240 0.2468 -0.1464 -0.2832 -0.3555 -0.3356 0.1136 0.2408 -0.2156 -0.3161 -0.3728 -0.0706 0.2084 -0.1023 -0.2713 -0.3482 -0.3601 0.0920 0.2700 -0.2025 -0.3099 -0.3707 -0.1232 0.1939 -0.0752 -0.2658 -0.3442 -0.3682 0.0781 0.2754 -0.1924 -0.3049 -0.3685 -0.1742 0.1808 -0.0399 -0.2603 -0.3400 -0.3733 0.0630 0.2727 -0.1815 -0.2996 -0.3660 -0.2345 0.1460 0.2687 0.1460 -0.2345 -0.3660 -0.2996 -0.1815 0.2727 0.0630 -0.3733 -0.3400 -0.2603 -0.0399 0.1808 -0.1742 -0.3685 -0.3049 -0.1924 0.2754 0.0781 -0.3682 -0.3442 -0.2658 -0.0752 0.1939 -0.1232 -0.3707 -0.3099 -0.2025 0.2700 0.0920 -0.3601 -0.3482 -0.2713 -0.1023 0.2084 -0.0706 -0.3728 -0.3161 -0.2156 0.2408 0.1136 -0.3356 -0.3555 -0.2832 -0.1464 0.2468 0.0240 -0.3768 -0.3339 -0.2548 -0.0156
-0.2394 -0.3359 -0.3765 0.0318 0.2512 -0.1503 -0.2844 -0.3560 -0.3343 0.1136 0.2428 -0.2143 -0.3152 -0.3724 -0.0828 0.2041 -0.0942 -0.2693 -0.3467 -0.3638 0.0862 0.2735 -0.1981 -0.3077 -0.3698 -0.1454 0.1881 -0.0613 -0.2634 -0.3424 -0.3708 0.0718 0.2751 -0.1879 -0.3027 -0.3675 -0.1959 0.1751 -0.0203 -0.2579 -0.3381 -0.3748 0.0561 0.2698 -0.1767 -0.2974 -0.3648 -0.2454 0.1552 0.1234 -0.1827 0.1234 0.1552 -0.2454 -0.3648 -0.2974 -0.1767 0.2698 0.0561 -0.3748 -0.3381 -0.2579 -0.0203 0.1751 -0.1959 -0.3675 -0.3027 -0.1879 0.2751 0.0718 -0.3708 -0.3424 -0.2634 -0.0613 0.1881 -0.1454 -0.3698 -0.3077 -0.1981 0.2735 0.0862 -0.3638 -0.3467 -0.2693 -0.0942 0.2041 -0.0828 -0.3724 -0.3152 -0.2143 0.2428 0.1136 -0.3343 -0.3560 -0.2844 -0.1503 0.2512 0.0318 -0.3765 -0.3359 -0.2394
-0.3219 -0.3759 0.0399 0.2561 -0.1553 -0.2861 -0.3569 -0.3304 0.1154 0.2408 -0.2143 -0.3148 -0.3722 -0.0910 0.2010 -0.0873 -0.2677 -0.3453 -0.3666 0.0809 0.2751 -0.1939 -0.3056 -0.3688 -0.1677 0.1824 -0.0451 -0.2610 -0.3405 -0.3728 0.0652 0.2736 -0.1832 -0.3005 -0.3664 -0.2166 0.1689 0.0024 -0.2555 -0.3362 -0.3758 0.0488 0.2662 -0.1718 -0.2952 -0.3636 -0.2608 0.1524 0.0865 -0.2362 -0.2959 -0.2362 0.0865 0.1524 -0.2608 -0.3636 -0.2952 -0.1718 0.2662 0.0488 -0.3758 -0.3362 -0.2555 0.0024 0.1689 -0.2166 -0.3664 -0.3005 -0.1832 0.2736 0.0652 -0.3728 -0.3405 -0.2610 -0.0451 0.1824 -0.1677 -0.3688 -0.3056 -0.1939 0.2751 0.0809 -0.3666 -0.3453 -0.2677 -0.0873 0.2010 -0.0910 -0.3722 -0.3148 -0.2143 0.2408 0.1154 -0.3304 -0.3569 -0.2861 -0.1553 0.2561 0.0399 -0.3759 -0.3219
-0.3655 0.0477 0.2611 -0.1606 -0.2881 -0.3581 -0.3240 0.1188 0.2345 -0.2156 -0.3152 -0.3722 -0.0939 0.1995 -0.0827 -0.2665 -0.3442 -0.3686 0.0761 0.2755 -0.1900 -0.3036 -0.3678 -0.1891 0.1769 -0.0264 -0.2586 -0.3387 -0.3743 0.0584 0.2710 -0.1785 -0.2982 -0.3653 -0.2360 0.1623 0.0284 -0.2521 -0.3343 -0.3764 0.0412 0.2618 -0.1667 -0.2929 -0.3623 -0.2762 0.1469 0.1042 -0.2399 -0.3267 -0.3725 -0.3267 -0.2399 0.1042 0.1469 -0.2762 -0.3623 -0.2929 -0.1667 0.2618 0.0412 -0.3764 -0.3343 -0.2521 0.0284 0.1623 -0.2360 -0.3653 -0.2982 -0.1785 0.2710 0.0584 -0.3743 -0.3387 -0.2586 -0.0264 0.1769 -0.1891 -0.3678 -0.3036 -0.1900 0.2755 0.0761 -0.3686 -0.3442 -0.2665 -0.0827 0.1995 -0.0939 -0.3722 -0.3152 -0.2156 0.2345 0.1188 -0.3240 -0.3581 -0.2881 -0.1606 0.2611 0.0477 -0.3655
0.0490 0.2655 -0.1660 -0.2904 -0.3595 -0.3152 0.1234 0.2236 -0.2179 -0.3161 -0.3724 -0.0910 0.1995 -0.0810 -0.2659 -0.3435 -0.3699 0.0724 0.2750 -0.1866 -0.3018 -0.3669 -0.2082 0.1712 -0.0053 -0.2563 -0.3368 -0.3755 0.0513 0.2675 -0.1736 -0.2960 -0.3641 -0.2539 0.1559 0.0572 -0.2478 -0.3323 -0.3768 0.0331 0.2569 -0.1615 -0.2907 -0.3611 -0.2903 0.1410 0.1317 -0.2372 -0.3269 -0.3801 -0.2888 -0.3801 -0.3269 -0.2372 0.1317 0.1410 -0.2903 -0.3611 -0.2907 -0.1615 0.2569 0.0331 -0.3768 -0.3323 -0.2478 0.0572 0.1559 -0.2539 -0.3641 -0.2960 -0.1736 0.2675 0.0513 -0.3755 -0.3368 -0.2563 -0.0053 0.1712 -0.2082 -0.3669 -0.3018 -0.1866 0.2750 0.0724 -0.3699 -0.3435 -0.2659 -0.0810 0.1995 -0.0910 -0.3724 -0.3161 -0.2179 0.2236 0.1234 -0.3152 -0.3595 -0.2904 -0.1660 0.2655 0.0490
0.2654 -0.1711 -0.2926 -0.3609 -0.3044 0.1287 0.2077 -0.2211 -0.3175 -0.3728 -0.0828 0.2010 -0.0827 -0.2659 -0.3433 -0.3706 0.0700 0.2743 -0.1839 -0.3003 -0.3661 -0.2242 0.1657 0.0168 -0.2534 -0.3349 -0.3763 0.0438 0.2633 -0.1685 -0.2938 -0.3628 -0.2702 0.1496 0.0878 -0.2436 -0.3304 -0.3768 0.0244 0.2517 -0.1559 -0.2884 -0.3597 -0.3029 0.1351 0.1594 -0.2334 -0.3254 -0.3758 -0.0324 0.1313 -0.0324 -0.3758 -0.3254 -0.2334 0.1594 0.1351 -0.3029 -0.3597 -0.2884 -0.1559 0.2517 0.0244 -0.3768 -0.3304 -0.2436 0.0878 0.1496 -0.2702 -0.3628 -0.2938 -0.1685 0.2633 0.0438 -0.3763 -0.3349 -0.2534 0.0168 0.1657 -0.2242 -0.3661 -0.3003 -0.1839 0.2743 0.0700 -0.3706 -0.3433 -0.2659 -0.0827 0.2010 -0.0828 -0.3728 -0.3175 -0.2211 0.2077 0.1287 -0.3044 -0.3609 -0.2926 -0.1711 0.2654
-0.1686 -0.2949 -0.3622 -0.2918 0.1345 0.1868 -0.2249 -0.3192 -0.3734 -0.0706 0.2041 -0.0873 -0.2665 -0.3435 -0.3706 0.0691 0.2739 -0.1822 -0.2993 -0.3654 -0.2365 0.1610 0.0382 -0.2501 -0.3332 -0.3767 0.0362 0.2587 -0.1633 -0.2915 -0.3615 -0.2850 0.1435 0.1186 -0.2394 -0.3284 -0.3766 0.0149 0.2461 -0.1501 -0.2861 -0.3583 -0.3142 0.1293 0.1845 -0.2293 -0.3234 -0.3753 -0.0190 0.2118 0.1928 0.2118 -0.0190 -0.3753 -0.3234 -0.2293 0.1845 0.1293 -0.3142 -0.3583 -0.2861 -0.1501 0.2461 0.0149 -0.3766 -0.3284 -0.2394 0.1186 0.1435 -0.2850 -0.3615 -0.2915 -0.1633 0.2587 0.0362 -0.3767 -0.3332 -0.2501 0.0382 0.1610 -0.2365 -0.3654 -0.2993 -0.1822 0.2739 0.0691 -0.3706 -0.3435 -0.2665 -0.0873 0.2041 -0.0706 -0.3734 -0.3192 -0.2249 0.1868 0.1345 -0.2918 -0.3622 -0.2949 -0.1686
-0.2803 -0.3635 -0.2778 0.1405 0.1617 -0.2290 -0.3212 -0.3740 -0.0560 0.2084 -0.0942 -0.2677 -0.3442 -0.3699 0.0700 0.2739 -0.1816 -0.2987 -0.3650 -0.2449 0.1574 0.0568 -0.2471 -0.3317 -0.3768 0.0288 0.2540 -0.1582 -0.2893 -0.3602 -0.2983 0.1375 0.1480 -0.2352 -0.3264 -0.3762 0.0046 0.2403 -0.1440 -0.2839 -0.3568 -0.3242 0.1235 0.2065 -0.2252 -0.3214 -0.3747 -0.0270 0.2224 -0.1048 -0.2292 -0.1048 0.2224 -0.0270 -0.3747 -0.3214 -0.2252 0.2065 0.1235 -0.3242 -0.3568 -0.2839 -0.1440 0.2403 0.0046 -0.3762 -0.3264 -0.2352 0.1480 0.1375 -0.2983 -0.3602 -0.2893 -0.1582 0.2540 0.0288 -0.3768 -0.3317 -0.2471 0.0568 0.1574 -0.2449 -0.3650 -0.2987 -0.1816 0.2739 0.0700 -0.3699 -0.3442 -0.2677 -0.0942 0.2084 -0.0560 -0.3740 -0.3212 -0.2290 0.1617 0.1405 -0.2778 -0.3635 -0.2803
-0.3506 -0.2622 0.1466 0.1335 -0.2332 -0.3233 -0.3747 -0.0408 0.2135 -0.1023 -0.2693 -0.3453 -0.3686 0.0724 0.2743 -0.1822 -0.2987 -0.3649 -0.2491 0.1552 0.0703 -0.2448 -0.3305 -0.3768 0.0219 0.2496 -0.1532 -0.2872 -0.3589 -0.3099 0.1316 0.1747 -0.2311 -0.3243 -0.3756 -0.0068 0.2343 -0.1375 -0.2816 -0.3554 -0.3330 0.1178 0.2250 -0.2211 -0.3193 -0.3741 -0.0405 0.2189 -0.1151 -0.2699 -0.3221 -0.2699 -0.1151 0.2189 -0.0405 -0.3741 -0.3193 -0.2211 0.2250 0.1178 -0.3330 -0.3554 -0.2816 -0.1375 0.2343 -0.0068 -0.3756 -0.3243 -0.2311 0.1747 0.1316 -0.3099 -0.3589 -0.2872 -0.1532 0.2496 0.0219 -0.3768 -0.3305 -0.2448 0.0703 0.1552 -0.2491 -0.3649 -0.2987 -0.1822 0.2743 0.0724 -0.3686 -0.3453 -0.2693 -0.1023 0.2135 -0.0408 -0.3747 -0.3233 -0.2332 0.1335 0.1466 -0.2622 -0.3506
-0.2531 0.1529 0.1032 -0.2373 -0.3253 -0.3753 -0.0262 0.2193 -0.1109 -0.2713 -0.3467 -0.3666 0.0761 0.2750 -0.1839 -0.2993 -0.3650 -0.2491 0.1545 0.0774 -0.2434 -0.3296 -0.3767 0.0159 0.2456 -0.1488 -0.2853 -0.3576 -0.3194 0.1262 0.1974 -0.2270 -0.3223 -0.3750 -0.0195 0.2282 -0.1306 -0.2793 -0.3538 -0.3407 0.1120 0.2402 -0.2169 -0.3172 -0.3734 -0.0564 0.2135 -0.1101 -0.2724 -0.3495 -0.3862 -0.3495 -0.2724 -0.1101 0.2135 -0.0564 -0.3734 -0.3172 -0.2169 0.2402 0.1120 -0.3407 -0.3538 -0.2793 -0.1306 0.2282 -0.0195 -0.3750 -0.3223 -0.2270 0.1974 0.1262 -0.3194 -0.3576 -0.2853 -0.1488 0.2456 0.0159 -0.3767 -0.3296 -0.2434 0.0774 0.1545 -0.2491 -0.3650 -0.2993 -0.1839 0.2750 0.0761 -0.3666 -0.3467 -0.2713 -0.1109 0.2193 -0.0262 -0.3753 -0.3253 -0.2373 0.1032 0.1529 -0.2531
0.1558 0.0722 -0.2415 -0.3274 -0.3759 -0.0128 0.2253 -0.1192 -0.2735 -0.3482 -0.3638 0.0809 0.2755 -0.1866 -0.3003 -0.3654 -0.2449 0.1552 0.0774 -0.2429 -0.3291 -0.3766 0.0116 0.2425 -0.1450 -0.2838 -0.3565 -0.3269 0.1213 0.2154 -0.2231 -0.3203 -0.3744 -0.0334 0.2222 -0.1231 -0.2770 -0.3522 -0.3474 0.1063 0.2521 -0.2127 -0.3151 -0.3726 -0.0743 0.2076 -0.1016 -0.2710 -0.3481 -0.3689 -0.0668 -0.3689 -0.3481 -0.2710 -0.1016 0.2076 -0.0743 -0.3726 -0.3151 -0.2127 0.2521 0.1063 -0.3474 -0.3522 -0.2770 -0.1231 0.2222 -0.0334 -0.3744 -0.3203 -0.2231 0.2154 0.1213 -0.3269 -0.3565 -0.2838 -0.1450 0.2425 0.0116 -0.3766 -0.3291 -0.2429 0.0774 0.1552 -0.2449 -0.3654 -0.3003 -0.1866 0.2755 0.0809 -0.3638 -0.3482 -0.2735 -0.1192 0.2253 -0.0128 -0.3759 -0.3274 -0.2415 0.0722 0.1558
0.0409 -0.2458 -0.3294 -0.3764 -0.0008 0.2314 -0.1271 -0.2759 -0.3499 -0.3601 0.0862 0.2751 -0.1900 -0.3018 -0.3661 -0.2365 0.1574 0.0703 -0.2434 -0.3291 -0.3766 0.0094 0.2406 -0.1423 -0.2826 -0.3556 -0.3328 0.1170 0.2291 -0.2196 -0.3184 -0.3737 -0.0481 0.2164 -0.1151 -0.2747 -0.3506 -0.3531 0.1005 0.2613 -0.2085 -0.3130 -0.3719 -0.0939 0.2018 -0.0914 -0.2689 -0.3465 -0.3657 0.0696 0.1960 0.0696 -0.3657 -0.3465 -0.2689 -0.0914 0.2018 -0.0939 -0.3719 -0.3130 -0.2085 0.2613 0.1005 -0.3531 -0.3506 -0.2747 -0.1151 0.2164 -0.0481 -0.3737 -0.3184 -0.2196 0.2291 0.1170 -0.3328 -0.3556 -0.2826 -0.1423 0.2406 0.0094 -0.3766 -0.3291 -0.2434 0.0703 0.1574 -0.2365 -0.3661 -0.3018 -0.1900 0.2751 0.0862 -0.3601 -0.3499 -0.2759 -0.1271 0.2314 -0.0008 -0.3764 -0.3294 -0.2458 0.0409
-0.2323 -0.3314 -0.3767 0.0100 0.2374 -0.1343 -0.2782 -0.3515 -0.3555 0.0920 0.2735 -0.1939 -0.3036 -0.3669 -0.2242 0.1610 0.0568 -0.2448 -0.3296 -0.3766 0.0094 0.2400 -0.1408 -0.2819 -0.3550 -0.3369 0.1136 0.2391 -0.2166 -0.3168 -0.3731 -0.0630 0.2110 -0.1067 -0.2724 -0.3490 -0.3581 0.0947 0.2678 -0.2043 -0.3108 -0.3710 -0.1149 0.1961 -0.0797 -0.2666 -0.3448 -0.3676 0.0764 0.2731 -0.0767 0.2731 0.0764 -0.3676 -0.3448 -0.2666 -0.0797 0.1961 -0.1149 -0.3710 -0.3108 -0.2043 0.2678 0.0947 -0.3581 -0.3490 -0.2724 -0.1067 0.2110 -0.0630 -0.3731 -0.3168 -0.2166 0.2391 0.1136 -0.3369 -0.3550 -0.2819 -0.1408 0.2400 0.0094 -0.3766 -0.3296 -0.2448 0.0568 0.1610 -0.2242 -0.3669 -0.3036 -0.1939 0.2735 0.0920 -0.3555 -0.3515 -0.2782 -0.1343 0.2374 0.0100 -0.3767 -0.3314 -0.2323
-0.3174 -0.3769 0.0199 0.2433 -0.1410 -0.2805 -0.3531 -0.3501 0.0979 0.2700 -0.1981 -0.3056 -0.3678 -0.2082 0.1657 0.0382 -0.2471 -0.3305 -0.3767 0.0116 0.2406 -0.1408 -0.2816 -0.3546 -0.3394 0.1111 0.2457 -0.2141 -0.3154 -0.3726 -0.0773 0.2061 -0.0982 -0.2703 -0.3474 -0.3621 0.0890 0.2722 -0.2001 -0.3087 -0.3702 -0.1366 0.1903 -0.0666 -0.2642 -0.3430 -0.3701 0.0729 0.2750 -0.1772 -0.2633 -0.1772 0.2750 0.0729 -0.3701 -0.3430 -0.2642 -0.0666 0.1903 -0.1366 -0.3702 -0.3087 -0.2001 0.2722 0.0890 -0.3621 -0.3474 -0.2703 -0.0982 0.2061 -0.0773 -0.3726 -0.3154 -0.2141 0.2457 0.1111 -0.3394 -0.3546 -0.2816 -0.1408 0.2406 0.0116 -0.3767 -0.3305 -0.2471 0.0382 0.1657 -0.2082 -0.3678 -0.3056 -0.1981 0.2700 0.0979 -0.3501 -0.3531 -0.2805 -0.1410 0.2433 0.0199 -0.3769 -0.3174
-0.3662 0.0291 0.2491 -0.1473 -0.2828 -0.3547 -0.3438 0.1038 0.2644 -0.2025 -0.3077 -0.3688 -0.1891 0.1712 0.0168 -0.2501 -0.3317 -0.3768 0.0159 0.2425 -0.1423 -0.2819 -0.3546 -0.3402 0.1099 0.2495 -0.2123 -0.3143 -0.3721 -0.0903 0.2019 -0.0901 -0.2684 -0.3459 -0.3654 0.0834 0.2746 -0.1959 -0.3066 -0.3692 -0.1584 0.1847 -0.0515 -0.2619 -0.3412 -0.3722 0.0671 0.2740 -0.1822 -0.2962 -0.3469 -0.2962 -0.1822 0.2740 0.0671 -0.3722 -0.3412 -0.2619 -0.0515 0.1847 -0.1584 -0.3692 -0.3066 -0.1959 0.2746 0.0834 -0.3654 -0.3459 -0.2684 -0.0901 0.2019 -0.0903 -0.3721 -0.3143 -0.2123 0.2495 0.1099 -0.3402 -0.3546 -0.2819 -0.1423 0.2425 0.0159 -0.3768 -0.3317 -0.2501 0.0168 0.1712 -0.1891 -0.3688 -0.3077 -0.2025 0.2644 0.1038 -0.3438 -0.3547 -0.2828 -0.1473 0.2491 0.0291 -0.3662
0.0307 0.2546 -0.1533 -0.2851 -0.3562 -0.3365 0.1095 0.2563 -0.2068 -0.3099 -0.3698 -0.1677 0.1769 -0.0053 -0.2534 -0.3332 -0.3768 0.0219 0.2456 -0.1450 -0.2826 -0.3550 -0.3394 0.1099 0.2507 -0.2114 -0.3136 -0.3718 -0.1005 0.1986 -0.0826 -0.2667 -0.3446 -0.3679 0.0781 0.2754 -0.1918 -0.3045 -0.3683 -0.1796 0.1792 -0.0344 -0.2596 -0.3394 -0.3738 0.0607 0.2718 -0.1794 -0.2979 -0.3682 -0.3832 -0.3682 -0.2979 -0.1794 0.2718 0.0607 -0.3738 -0.3394 -0.2596 -0.0344 0.1792 -0.1796 -0.3683 -0.3045 -0.1918 0.2754 0.0781 -0.3679 -0.3446 -0.2667 -0.0826 0.1986 -0.1005 -0.3718 -0.3136 -0.2114 0.2507 0.1099 -0.3394 -0.3550 -0.2826 -0.1450 0.2456 0.0219 -0.3768 -0.3332 -0.2534 -0.0053 0.1769 -0.1677 -0.3698 -0.3099 -0.2068 0.2563 0.1095 -0.3365 -0.3562 -0.2851 -0.1533 0.2546 0.0307
0.2561 -0.1590 -0.2874 -0.3577 -0.3281 0.1153 0.2455 -0.2110 -0.3121 -0.3707 -0.1454 0.1824 -0.0264 -0.2563 -0.3349 -0.3767 0.0288 0.2496 -0.1488 -0.2838 -0.3556 -0.3369 0.1111 0.2495 -0.2114 -0.3133 -0.3716 -0.1071 0.1962 -0.0764 -0.2654 -0.3435 -0.3697 0.0734 0.2752 -0.1879 -0.3026 -0.3673 -0.1996 0.1738 -0.0151 -0.2573 -0.3376 -0.3751 0.0539 0.2687 -0.1751 -0.2965 -0.3647 -0.2869 0.0550 -0.2869 -0.3647 -0.2965 -0.1751 0.2687 0.0539 -0.3751 -0.3376 -0.2573 -0.0151 0.1738 -0.1996 -0.3673 -0.3026 -0.1879 0.2752 0.0734 -0.3697 -0.3435 -0.2654 -0.0764 0.1962 -0.1071 -0.3716 -0.3133 -0.2114 0.2495 0.1111 -0.3369 -0.3556 -0.2838 -0.1488 0.2496 0.0288 -0.3767 -0.3349 -0.2563 -0.0264 0.1824 -0.1454 -0.3707 -0.3121 -0.2110 0.2455 0.1153 -0.3281 -0.3577 -0.2874 -0.1590 0.2561
-0.1579 -0.2897 -0.3591 -0.3186 0.1211 0.2316 -0.2152 -0.3142 -0.3715 -0.1232 0.1881 -0.0451 -0.2586 -0.3368 -0.3763 0.0362 0.2540 -0.1532 -0.2853 -0.3565 -0.3328 0.1136 0.2457 -0.2123 -0.3136 -0.3716 -0.1094 0.1949 -0.0723 -0.2644 -0.3426 -0.3711 0.0694 0.2744 -0.1845 -0.3008 -0.3664 -0.2175 0.1681 0.0065 -0.2548 -0.3358 -0.3760 0.0469 0.2650 -0.1703 -0.2944 -0.3633 -0.2737 0.1330 0.2600 0.1330 -0.2737 -0.3633 -0.2944 -0.1703 0.2650 0.0469 -0.3760 -0.3358 -0.2548 0.0065 0.1681 -0.2175 -0.3664 -0.3008 -0.1845 0.2744 0.0694 -0.3711 -0.3426 -0.2644 -0.0723 0.1949 -0.1094 -0.3716 -0.3136 -0.2123 0.2457 0.1136 -0.3328 -0.3565 -0.2853 -0.1532 0.2540 0.0362 -0.3763 -0.3368 -0.2586 -0.0451 0.1881 -0.1232 -0.3715 -0.3142 -0.2152 0.2316 0.1211 -0.3186 -0.3591 -0.2897 -0.1579
-0.2750 -0.3605 -0.3078 0.1269 0.2144 -0.2194 -0.3164 -0.3723 -0.1017 0.1939 -0.0613 -0.2610 -0.3387 -0.3755 0.0438 0.2587 -0.1582 -0.2872 -0.3576 -0.3269 0.1170 0.2391 -0.2141 -0.3143 -0.3718 -0.1071 0.1949 -0.0708 -0.2639 -0.3420 -0.3719 0.0663 0.2733 -0.1817 -0.2993 -0.3656 -0.2326 0.1627 0.0292 -0.2516 -0.3340 -0.3765 0.0395 0.2607 -0.1654 -0.2923 -0.3620 -0.2823 0.1412 0.1861 -0.1696 0.1861 0.1412 -0.2823 -0.3620 -0.2923 -0.1654 0.2607 0.0395 -0.3765 -0.3340 -0.2516 0.0292 0.1627 -0.2326 -0.3656 -0.2993 -0.1817 0.2733 0.0663 -0.3719 -0.3420 -0.2639 -0.0708 0.1949 -0.1071 -0.3718 -0.3143 -0.2141 0.2391 0.1170 -0.3269 -0.3576 -0.2872 -0.1582 0.2587 0.0438 -0.3755 -0.3387 -0.2610 -0.0613 0.1939 -0.1017 -0.3723 -0.3164 -0.2194 0.2144 0.1269 -0.3078 -0.3605 -0.2750
-0.3474 -0.2957 0.1328 0.1937 -0.2236 -0.3185 -0.3731 -0.0814 0.1997 -0.0752 -0.2634 -0.3405 -0.3743 0.0513 0.2633 -0.1633 -0.2893 -0.3589 -0.3194 0.1213 0.2291 -0.2166 -0.3154 -0.3721 -0.1005 0.1962 -0.0723 -0.2639 -0.3418 -0.3723 0.0642 0.2724 -0.1794 -0.2981 -0.3649 -0.2450 0.1581 0.0513 -0.2482 -0.3323 -0.3768 0.0319 0.2561 -0.1604 -0.2902 -0.3607 -0.2942 0.1385 0.1549 -0.2265 -0.2904 -0.2265 0.1549 0.1385 -0.2942 -0.3607 -0.2902 -0.1604 0.2561 0.0319 -0.3768 -0.3323 -0.2482 0.0513 0.1581 -0.2450 -0.3649 -0.2981 -0.1794 0.2724 0.0642 -0.3723 -0.3418 -0.2639 -0.0723 0.1962 -0.1005 -0.3721 -0.3154 -0.2166 0.2291 0.1213 -0.3194 -0.3589 -0.2893 -0.1633 0.2633 0.0513 -0.3743 -0.3405 -0.2634 -0.0752 0.1997 -0.0814 -0.3731 -0.3185 -0.2236 0.1937 0.1328 -0.2957 -0.3474
-0.2864 0.1388 0.1695 -0.2278 -0.3206 -0.3738 -0.0627 0.2056 -0.0875 -0.2658 -0.3424 -0.3728 0.0584 0.2675 -0.1685 -0.2915 -0.3602 -0.3099 0.1262 0.2154 -0.2196 -0.3168 -0.3726 -0.0903 0.1986 -0.0764 -0.2644 -0.3420 -0.3723 0.0635 0.2718 -0.1779 -0.2972 -0.3643 -0.2547 0.1541 0.0714 -0.2451 -0.3308 -0.3768 0.0244 0.2513 -0.1553 -0.2881 -0.3594 -0.3055 0.1335 0.1693 -0.2304 -0.3216 -0.3687 -0.3216 -0.2304 0.1693 0.1335 -0.3055 -0.3594 -0.2881 -0.1553 0.2513 0.0244 -0.3768 -0.3308 -0.2451 0.0714 0.1541 -0.2547 -0.3643 -0.2972 -0.1779 0.2718 0.0635 -0.3723 -0.3420 -0.2644 -0.0764 0.1986 -0.0903 -0.3726 -0.3168 -0.2196 0.2154 0.1262 -0.3099 -0.3602 -0.2915 -0.1685 0.2675 0.0584 -0.3728 -0.3424 -0.2658 -0.0875 0.2056 -0.0627 -0.3738 -0.3206 -0.2278 0.1695 0.1388 -0.2864
0.1412 0.1420 -0.2319 -0.3227 -0.3745 -0.0457 0.2115 -0.0983 -0.2681 -0.3442 -0.3708 0.0652 0.2710 -0.1736 -0.2938 -0.3615 -0.2983 0.1316 0.1974 -0.2231 -0.3184 -0.3731 -0.0773 0.2019 -0.0826 -0.2654 -0.3426 -0.3719 0.0642 0.2718 -0.1774 -0.2967 -0.3639 -0.2612 0.1512 0.0884 -0.2426 -0.3295 -0.3767 0.0172 0.2467 -0.1503 -0.2861 -0.3581 -0.3156 0.1283 0.1899 -0.2280 -0.3222 -0.3793 -0.3182 -0.3793 -0.3222 -0.2280 0.1899 0.1283 -0.3156 -0.3581 -0.2861 -0.1503 0.2467 0.0172 -0.3767 -0.3295 -0.2426 0.0884 0.1512 -0.2612 -0.3639 -0.2967 -0.1774 0.2718 0.0642 -0.3719 -0.3426 -0.2654 -0.0826 0.2019 -0.0773 -0.3731 -0.3184 -0.2231 0.1974 0.1316 -0.2983 -0.3615 -0.2938 -0.1736 0.2710 0.0652 -0.3708 -0.3442 -0.2681 -0.0983 0.2115 -0.0457 -0.3745 -0.3227 -0.2319 0.1420 0.1412
0.1087 -0.2361 -0.3247 -0.3751 -0.0304 0.2175 -0.1080 -0.2705 -0.3459 -0.3682 0.0718 0.2736 -0.1785 -0.2960 -0.3628 -0.2850 0.1375 0.1747 -0.2270 -0.3203 -0.3737 -0.0630 0.2061 -0.0901 -0.2667 -0.3435 -0.3711 0.0663 0.2724 -0.1779 -0.2967 -0.3638 -0.2645 0.1493 0.1004 -0.2406 -0.3284 -0.3765 0.0107 0.2427 -0.1456 -0.2842 -0.3569 -0.3243 0.1231 0.2090 -0.2245 -0.3208 -0.3747 -0.0693 0.1190 -0.0693 -0.3747 -0.3208 -0.2245 0.2090 0.1231 -0.3243 -0.3569 -0.2842 -0.1456 0.2427 0.0107 -0.3765 -0.3284 -0.2406 0.1004 0.1493 -0.2645 -0.3638 -0.2967 -0.1779 0.2724 0.0663 -0.3711 -0.3435 -0.2667 -0.0901 0.2061 -0.0630 -0.3737 -0.3203 -0.2270 0.1747 0.1375 -0.2850 -0.3628 -0.2960 -0.1785 0.2736 0.0718 -0.3682 -0.3459 -0.2705 -0.1080 0.2175 -0.0304 -0.3751 -0.3247 -0.2361 0.1087
-0.2244 -0.3268 -0.3757 -0.0166 0.2235 -0.1168 -0.2728 -0.3477 -0.3651 0.0781 0.2751 -0.1832 -0.2982 -0.3641 -0.2702 0.1435 0.1480 -0.2311 -0.3223 -0.3744 -0.0481 0.2110 -0.0982 -0.2684 -0.3446 -0.3697 0.0694 0.2733 -0.1794 -0.2972 -0.3639 -0.2645 0.1487 0.1066 -0.2394 -0.3276 -0.3763 0.0052 0.2392 -0.1416 -0.2826 -0.3558 -0.3315 0.1182 0.2249 -0.2208 -0.3190 -0.3740 -0.0515 0.1981 0.2336 0.1981 -0.0515 -0.3740 -0.3190 -0.2208 0.2249 0.1182 -0.3315 -0.3558 -0.2826 -0.1416 0.2392 0.0052 -0.3763 -0.3276 -0.2394 0.1066 0.1487 -0.2645 -0.3639 -0.2972 -0.1794 0.2733 0.0694 -0.3697 -0.3446 -0.2684 -0.0982 0.2110 -0.0481 -0.3744 -0.3223 -0.2311 0.1480 0.1435 -0.2702 -0.3641 -0.2982 -0.1832 0.2751 0.0781 -0.3651 -0.3477 -0.2728 -0.1168 0.2235 -0.0166 -0.3757 -0.3268 -0.2244
-0.3127 -0.3763 -0.0042 0.2296 -0.1248 -0.2752 -0.3494 -0.3614 0.0842 0.2754 -0.1879 -0.3005 -0.3653 -0.2539 0.1496 0.1186 -0.2352 -0.3243 -0.3750 -0.0334 0.2164 -0.1067 -0.2703 -0.3459 -0.3679 0.0734 0.2744 -0.1817 -0.2981 -0.3643 -0.2612 0.1493 0.1066 -0.2389 -0.3272 -0.3762 0.0010 0.2365 -0.1382 -0.2813 -0.3548 -0.3371 0.1139 0.2372 -0.2174 -0.3173 -0.3733 -0.0600 0.2096 -0.0812 -0.2216 -0.0812 0.2096 -0.0600 -0.3733 -0.3173 -0.2174 0.2372 0.1139 -0.3371 -0.3548 -0.2813 -0.1382 0.2365 0.0010 -0.3762 -0.3272 -0.2389 0.1066 0.1493 -0.2612 -0.3643 -0.2981 -0.1817 0.2744 0.0734 -0.3679 -0.3459 -0.2703 -0.1067 0.2164 -0.0334 -0.3750 -0.3243 -0.2352 0.1186 0.1496 -0.2539 -0.3653 -0.3005 -0.1879 0.2754 0.0842 -0.3614 -0.3494 -0.2752 -0.1248 0.2296 -0.0042 -0.3763 -0.3127
-0.3654 0.0070 0.2356 -0.1322 -0.2775 -0.3510 -0.3570 0.0903 0.2742 -0.1924 -0.3027 -0.3664 -0.2360 0.1559 0.0878 -0.2394 -0.3264 -0.3756 -0.0195 0.2222 -0.1151 -0.2724 -0.3474 -0.3654 0.0781 0.2752 -0.1845 -0.2993 -0.3649 -0.2547 0.1512 0.1004 -0.2394 -0.3272 -0.3761 -0.0012 0.2348 -0.1357 -0.2802 -0.3540 -0.3413 0.1103 0.2461 -0.2143 -0.3156 -0.3727 -0.0737 0.2069 -0.0956 -0.2648 -0.3171 -0.2648 -0.0956 0.2069 -0.0737 -0.3727 -0.3156 -0.2143 0.2461 0.1103 -0.3413 -0.3540 -0.2802 -0.1357 0.2348 -0.0012 -0.3761 -0.3272 -0.2394 0.1004 0.1512 -0.2547 -0.3649 -0.2993 -0.1845 0.2752 0.0781 -0.3654 -0.3474 -0.2724 -0.1151 0.2222 -0.0195 -0.3756 -0.3264 -0.2394 0.0878 0.1559 -0.2360 -0.3664 -0.3027 -0.1924 0.2742 0.0903 -0.3570 -0.3510 -0.2775 -0.1322 0.2356 0.0070 -0.3654
0.0091 0.2416 -0.1391 -0.2798 -0.3526 -0.3518 0.0962 0.2713 -0.1968 -0.3049 -0.3675 -0.2166 0.1623 0.0572 -0.2436 -0.3284 -0.3762 -0.0068 0.2282 -0.1231 -0.2747 -0.3490 -0.3621 0.0834 0.2754 -0.1879 -0.3008 -0.3656 -0.2450 0.1541 0.0884 -0.2406 -0.3276 -0.3762 -0.0012 0.2341 -0.1343 -0.2796 -0.3535 -0.3444 0.1074 0.2526 -0.2117 -0.3142 -0.3722 -0.0881 0.2027 -0.0911 -0.2677 -0.3455 -0.3844 -0.3455 -0.2677 -0.0911 0.2027 -0.0881 -0.3722 -0.3142 -0.2117 0.2526 0.1074 -0.3444 -0.3535 -0.2796 -0.1343 0.2341 -0.0012 -0.3762 -0.3276 -0.2406 0.0884 0.1541 -0.2450 -0.3656 -0.3008 -0.1879 0.2754 0.0834 -0.3621 -0.3490 -0.2747 -0.1231 0.2282 -0.0068 -0.3762 -0.3284 -0.2436 0.0572 0.1623 -0.2166 -0.3675 -0.3049 -0.1968 0.2713 0.0962 -0.3518 -0.3526 -0.2798 -0.1391 0.2416 0.0091
0.2443 -0.1455 -0.2821 -0.3542 -0.3457 0.1021 0.2663 -0.2012 -0.3071 -0.3685 -0.1959 0.1689 0.0284 -0.2478 -0.3304 -0.3766 0.0046 0.2343 -0.1306 -0.2770 -0.3506 -0.3581 0.0890 0.2746 -0.1918 -0.3026 -0.3664 -0.2326 0.1581 0.0714 -0.2426 -0.3284 -0.3763 0.0010 0.2348 -0.1343 -0.2794 -0.3531 -0.3462 0.1053 0.2569 -0.2096 -0.3130 -0.3717 -0.1017 0.1987 -0.0834 -0.2668 -0.3447 -0.3740 -0.1066 -0.3740 -0.3447 -0.2668 -0.0834 0.1987 -0.1017 -0.3717 -0.3130 -0.2096 0.2569 0.1053 -0.3462 -0.3531 -0.2794 -0.1343 0.2348 0.0010 -0.3763 -0.3284 -0.2426 0.0714 0.1581 -0.2326 -0.3664 -0.3026 -0.1918 0.2746 0.0890 -0.3581 -0.3506 -0.2770 -0.1306 0.2343 0.0046 -0.3766 -0.3304 -0.2478 0.0284 0.1689 -0.1959 -0.3685 -0.3071 -0.2012 0.2663 0.1021 -0.3457 -0.3542 -0.2821 -0.1455 0.2443
-0.1460 -0.2845 -0.3557 -0.3387 0.1079 0.2590 -0.2055 -0.3093 -0.3695 -0.1742 0.1751 0.0024 -0.2521 -0.3323 -0.3768 0.0149 0.2403 -0.1375 -0.2793 -0.3522 -0.3531 0.0947 0.2722 -0.1959 -0.3045 -0.3673 -0.2175 0.1627 0.0513 -0.2451 -0.3295 -0.3765 0.0052 0.2365 -0.1357 -0.2796 -0.3531 -0.3468 0.1042 0.2594 -0.2080 -0.3120 -0.3712 -0.1138 0.1951 -0.0754 -0.2653 -0.3435 -0.3706 0.0573 0.1849 0.0573 -0.3706 -0.3435 -0.2653 -0.0754 0.1951 -0.1138 -0.3712 -0.3120 -0.2080 0.2594 0.1042 -0.3468 -0.3531 -0.2796 -0.1357 0.2365 0.0052 -0.3765 -0.3295 -0.2451 0.0513 0.1627 -0.2175 -0.3673 -0.3045 -0.1959 0.2722 0.0947 -0.3531 -0.3522 -0.2793 -0.1375 0.2403 0.0149 -0.3768 -0.3323 -0.2521 0.0024 0.1751 -0.1742 -0.3695 -0.3093 -0.2055 0.2590 0.1079 -0.3387 -0.3557 -0.2845 -0.1460
-0.2696 -0.3573 -0.3307 0.1136 0.2490 -0.2098 -0.3115 -0.3704 -0.1519 0.1808 -0.0203 -0.2555 -0.3343 -0.3768 0.0244 0.2461 -0.1440 -0.2816 -0.3538 -0.3474 0.1005 0.2678 -0.2001 -0.3066 -0.3683 -0.1996 0.1681 0.0292 -0.2482 -0.3308 -0.3767 0.0107 0.2392 -0.1382 -0.2802 -0.3535 -0.3462 0.1042 0.2602 -0.2072 -0.3114 -0.3709 -0.1232 0.1923 -0.0679 -0.2640 -0.3424 -0.3713 0.0661 0.2675 -0.0498 0.2675 0.0661 -0.3713 -0.3424 -0.2640 -0.0679 0.1923 -0.1232 -0.3709 -0.3114 -0.2072 0.2602 0.1042 -0.3462 -0.3535 -0.2802 -0.1382 0.2392 0.0107 -0.3767 -0.3308 -0.2482 0.0292 0.1681 -0.1996 -0.3683 -0.3066 -0.2001 0.2678 0.1005 -0.3474 -0.3538 -0.2816 -0.1440 0.2461 0.0244 -0.3768 -0.3343 -0.2555 -0.0203 0.1808 -0.1519 -0.3704 -0.3115 -0.2098 0.2490 0.1136 -0.3307 -0.3573 -0.2696
-0.3440 -0.3215 0.1194 0.2360 -0.2140 -0.3136 -0.3713 -0.1296 0.1865 -0.0399 -0.2579 -0.3362 -0.3764 0.0331 0.2517 -0.1501 -0.2839 -0.3554 -0.3407 0.1063 0.2613 -0.2043 -0.3087 -0.3692 -0.1796 0.1738 0.0065 -0.2516 -0.3323 -0.3768 0.0172 0.2427 -0.1416 -0.2813 -0.3540 -0.3444 0.1053 0.2594 -0.2072 -0.3112 -0.3708 -0.1291 0.1902 -0.0617 -0.2628 -0.3414 -0.3724 0.0647 0.2720 -0.1693 -0.2592 -0.1693 0.2720 0.0647 -0.3724 -0.3414 -0.2628 -0.0617 0.1902 -0.1291 -0.3708 -0.3112 -0.2072 0.2594 0.1053 -0.3444 -0.3540 -0.2813 -0.1416 0.2427 0.0172 -0.3768 -0.3323 -0.2516 0.0065 0.1738 -0.1796 -0.3692 -0.3087 -0.2043 0.2613 0.1063 -0.3407 -0.3554 -0.2839 -0.1501 0.2517 0.0331 -0.3764 -0.3362 -0.2579 -0.0399 0.1865 -0.1296 -0.3713 -0.3136 -0.2140 0.2360 0.1194 -0.3215 -0.3440
-0.3122 0.1253 0.2198 -0.2182 -0.3158 -0.3721 -0.1079 0.1922 -0.0567 -0.2603 -0.3381 -0.3758 0.0412 0.2569 -0.1559 -0.2861 -0.3568 -0.3330 0.1120 0.2521 -0.2085 -0.3108 -0.3702 -0.1584 0.1792 -0.0151 -0.2548 -0.3340 -0.3768 0.0244 0.2467 -0.1456 -0.2826 -0.3548 -0.3413 0.1074 0.2569 -0.2080 -0.3114 -0.3708 -0.1312 0.1892 -0.0577 -0.2620 -0.3406 -0.3732 0.0617 0.2714 -0.1763 -0.2929 -0.3437 -0.2929 -0.1763 0.2714 0.0617 -0.3732 -0.3406 -0.2620 -0.0577 0.1892 -0.1312 -0.3708 -0.3114 -0.2080 0.2569 0.1074 -0.3413 -0.3548 -0.2826 -0.1456 0.2467 0.0244 -0.3768 -0.3340 -0.2548 -0.0151 0.1792 -0.1584 -0.3702 -0.3108 -0.2085 0.2521 0.1120 -0.3330 -0.3568 -0.2861 -0.1559 0.2569 0.0412 -0.3758 -0.3381 -0.2603 -0.0567 0.1922 -0.1079 -0.3721 -0.3158 -0.2182 0.2198 0.1253 -0.3122
0.1273 0.2000 -0.2224 -0.3179 -0.3729 -0.0872 0.1980 -0.0713 -0.2627 -0.3400 -0.3748 0.0488 0.2618 -0.1615 -0.2884 -0.3583 -0.3242 0.1178 0.2402 -0.2127 -0.3130 -0.3710 -0.1366 0.1847 -0.0344 -0.2573 -0.3358 -0.3765 0.0319 0.2513 -0.1503 -0.2842 -0.3558 -0.3371 0.1103 0.2526 -0.2096 -0.3120 -0.3709 -0.1291 0.1892 -0.0562 -0.2615 -0.3402 -0.3737 0.0590 0.2702 -0.1756 -0.2956 -0.3664 -0.3854 -0.3664 -0.2956 -0.1756 0.2702 0.0590 -0.3737 -0.3402 -0.2615 -0.0562 0.1892 -0.1291 -0.3709 -0.3120 -0.2096 0.2526 0.1103 -0.3371 -0.3558 -0.2842 -0.1503 0.2513 0.0319 -0.3765 -0.3358 -0.2573 -0.0344 0.1847 -0.1366 -0.3710 -0.3130 -0.2127 0.2402 0.1178 -0.3242 -0.3583 -0.2884 -0.1615 0.2618 0.0488 -0.3748 -0.3400 -0.2627 -0.0713 0.1980 -0.0872 -0.3729 -0.3179 -0.2224 0.2000 0.1273
0.1720 -0.2266 -0.3200 -0.3736 -0.0681 0.2038 -0.0840 -0.2651 -0.3418 -0.3733 0.0561 0.2662 -0.1667 -0.2907 -0.3597 -0.3142 0.1235 0.2250 -0.2169 -0.3151 -0.3719 -0.1149 0.1903 -0.0515 -0.2596 -0.3376 -0.3760 0.0395 0.2561 -0.1553 -0.2861 -0.3569 -0.3315 0.1139 0.2461 -0.2117 -0.3130 -0.3712 -0.1232 0.1902 -0.0577 -0.2615 -0.3400 -0.3740 0.0572 0.2692 -0.1741 -0.2954 -0.3637 -0.2992 0.0477 -0.2992 -0.3637 -0.2954 -0.1741 0.2692 0.0572 -0.3740 -0.3400 -0.2615 -0.0577 0.1902 -0.1232 -0.3712 -0.3130 -0.2117 0.2461 0.1139 -0.3315 -0.3569 -0.2861 -0.1553 0.2561 0.0395 -0.3760 -0.3376 -0.2596 -0.0515 0.1903 -0.1149 -0.3719 -0.3151 -0.2169 0.2250 0.1235 -0.3142 -0.3597 -0.2907 -0.1667 0.2662 0.0561 -0.3733 -0.3418 -0.2651 -0.0840 0.2038 -0.0681 -0.3736 -0.3200 -0.2266 0.1720
-0.2165 -0.3221 -0.3743 -0.0506 0.2097 -0.0951 -0.2674 -0.3436 -0.3715 0.0630 0.2698 -0.1718 -0.2929 -0.3611 -0.3029 0.1293 0.2065 -0.2211 -0.3172 -0.3726 -0.0939 0.1961 -0.0666 -0.2619 -0.3394 -0.3751 0.0469 0.2607 -0.1604 -0.2881 -0.3581 -0.3243 0.1182 0.2372 -0.2143 -0.3142 -0.3717 -0.1138 0.1923 -0.0617 -0.2620 -0.3402 -0.3740 0.0566 0.2685 -0.1729 -0.2948 -0.3630 -0.2802 0.1294 0.2563 0.1294 -0.2802 -0.3630 -0.2948 -0.1729 0.2685 0.0566 -0.3740 -0.3402 -0.2620 -0.0617 0.1923 -0.1138 -0.3717 -0.3142 -0.2143 0.2372 0.1182 -0.3243 -0.3581 -0.2881 -0.1604 0.2607 0.0469 -0.3751 -0.3394 -0.2619 -0.0666 0.1961 -0.0939 -0.3726 -0.3172 -0.2211 0.2065 0.1293 -0.3029 -0.3611 -0.2929 -0.1718 0.2698 0.0630 -0.3715 -0.3436 -0.2674 -0.0951 0.2097 -0.0506 -0.3743 -0.3221 -0.2165
-0.3079 -0.3750 -0.0348 0.2157 -0.1050 -0.2697 -0.3454 -0.3691 0.0695 0.2727 -0.1767 -0.2952 -0.3623 -0.2903 0.1351 0.1845 -0.2252 -0.3193 -0.3734 -0.0743 0.2018 -0.0797 -0.2642 -0.3412 -0.3738 0.0539 0.2650 -0.1654 -0.2902 -0.3594 -0.3156 0.1231 0.2249 -0.2174 -0.3156 -0.3722 -0.1017 0.1951 -0.0679 -0.2628 -0.3406 -0.3737 0.0572 0.2685 -0.1724 -0.2944 -0.3627 -0.2793 0.1407 0.1945 -0.1667 0.1945 0.1407 -0.2793 -0.3627 -0.2944 -0.1724 0.2685 0.0572 -0.3737 -0.3406 -0.2628 -0.0679 0.1951 -0.1017 -0.3722 -0.3156 -0.2174 0.2249 0.1231 -0.3156 -0.3594 -0.2902 -0.1654 0.2650 0.0539 -0.3738 -0.3412 -0.2642 -0.0797 0.2018 -0.0743 -0.3734 -0.3193 -0.2252 0.1845 0.1351 -0.2903 -0.3623 -0.2952 -0.1767 0.2727 0.0695 -0.3691 -0.3454 -0.2697 -0.1050 0.2157 -0.0348 -0.3750 -0.3079
-0.3636 -0.0206 0.2217 -0.1140 -0.2721 -0.3471 -0.3663 0.0758 0.2747 -0.1815 -0.2974 -0.3636 -0.2762 0.1410 0.1594 -0.2293 -0.3214 -0.3741 -0.0564 0.2076 -0.0914 -0.2666 -0.3430 -0.3722 0.0607 0.2687 -0.1703 -0.2923 -0.3607 -0.3055 0.1283 0.2090 -0.2208 -0.3173 -0.3727 -0.0881 0.1987 -0.0754 -0.2640 -0.3414 -0.3732 0.0590 0.2692 -0.1729 -0.2944 -0.3625 -0.2805 0.1422 0.1476 -0.2264 -0.2900 -0.2264 0.1476 0.1422 -0.2805 -0.3625 -0.2944 -0.1729 0.2692 0.0590 -0.3732 -0.3414 -0.2640 -0.0754 0.1987 -0.0881 -0.3727 -0.3173 -0.2208 0.2090 0.1283 -0.3055 -0.3607 -0.2923 -0.1703 0.2687 0.0607 -0.3722 -0.3430 -0.2666 -0.0914 0.2076 -0.0564 -0.3741 -0.3214 -0.2293 0.1594 0.1410 -0.2762 -0.3636 -0.2974 -0.1815 0.2747 0.0758 -0.3663 -0.3471 -0.2721 -0.1140 0.2217 -0.0206 -0.3636
-0.0179 0.2277 -0.1222 -0.2744 -0.3488 -0.3629 0.0819 0.2755 -0.1861 -0.2996 -0.3648 -0.2608 0.1469 0.1317 -0.2334 -0.3234 -0.3747 -0.0405 0.2135 -0.1016 -0.2689 -0.3448 -0.3701 0.0671 0.2718 -0.1751 -0.2944 -0.3620 -0.2942 0.1335 0.1899 -0.2245 -0.3190 -0.3733 -0.0737 0.2027 -0.0834 -0.2653 -0.3424 -0.3724 0.0617 0.2702 -0.1741 -0.2948 -0.3627 -0.2805 0.1422 0.1412 -0.2331 -0.3223 -0.3688 -0.3223 -0.2331 0.1412 0.1422 -0.2805 -0.3627 -0.2948 -0.1741 0.2702 0.0617 -0.3724 -0.3424 -0.2653 -0.0834 0.2027 -0.0737 -0.3733 -0.3190 -0.2245 0.1899 0.1335 -0.2942 -0.3620 -0.2944 -0.1751 0.2718 0.0671 -0.3701 -0.3448 -0.2689 -0.1016 0.2135 -0.0405 -0.3747 -0.3234 -0.2334 0.1317 0.1469 -0.2608 -0.3648 -0.2996 -0.1861 0.2755 0.0819 -0.3629 -0.3488 -0.2744 -0.1222 0.2277 -0.0179
0.2302 -0.1291 -0.2765 -0.3504 -0.3591 0.0873 0.2750 -0.1902 -0.3017 -0.3660 -0.2454 0.1524 0.1042 -0.2372 -0.3254 -0.3753 -0.0270 0.2189 -0.1101 -0.2710 -0.3465 -0.3676 0.0729 0.2740 -0.1794 -0.2965 -0.3633 -0.2823 0.1385 0.1693 -0.2280 -0.3208 -0.3740 -0.0600 0.2069 -0.0911 -0.2668 -0.3435 -0.3713 0.0647 0.2714 -0.1756 -0.2954 -0.3630 -0.2793 0.1422 0.1412 -0.2339 -0.3244 -0.3797 -0.3122 -0.3797 -0.3244 -0.2339 0.1412 0.1422 -0.2793 -0.3630 -0.2954 -0.1756 0.2714 0.0647 -0.3713 -0.3435 -0.2668 -0.0911 0.2069 -0.0600 -0.3740 -0.3208 -0.2280 0.1693 0.1385 -0.2823 -0.3633 -0.2965 -0.1794 0.2740 0.0729 -0.3676 -0.3465 -0.2710 -0.1101 0.2189 -0.0270 -0.3753 -0.3254 -0.2372 0.1042 0.1524 -0.2454 -0.3660 -0.3017 -0.1902 0.2750 0.0873 -0.3591 -0.3504 -0.2765 -0.1291 0.2302
-0.1284 -0.2779 -0.3520 -0.3563 0.0906 0.2742 -0.1929 -0.3031 -0.3674 -0.2345 0.1552 0.0865 -0.2399 -0.3269 -0.3758 -0.0190 0.2224 -0.1151 -0.2724 -0.3481 -0.3657 0.0764 0.2750 -0.1822 -0.2979 -0.3647 -0.2737 0.1412 0.1549 -0.2304 -0.3222 -0.3747 -0.0515 0.2096 -0.0956 -0.2677 -0.3447 -0.3706 0.0661 0.2720 -0.1763 -0.2956 -0.3637 -0.2802 0.1407 0.1476 -0.2331 -0.3244 -0.3757 -0.0561 0.1217 -0.0561 -0.3757 -0.3244 -0.2331 0.1476 0.1407 -0.2802 -0.3637 -0.2956 -0.1763 0.2720 0.0661 -0.3706 -0.3447 -0.2677 -0.0956 0.2096 -0.0515 -0.3747 -0.3222 -0.2304 0.1549 0.1412 -0.2737 -0.3647 -0.2979 -0.1822 0.2750 0.0764 -0.3657 -0.3481 -0.2724 -0.1151 0.2224 -0.0190 -0.3758 -0.3269 -0.2399 0.0865 0.1552 -0.2345 -0.3674 -0.3031 -0.1929 0.2742 0.0906 -0.3563 -0.3520 -0.2779 -0.1284
-0.2577 -0.3538 -0.3604 0.0837 0.2761 -0.1883 -0.3016 -0.3713 -0.2510 0.1460 0.1234 -0.2362 -0.3267 -0.3801 -0.0324 0.2118 -0.1048 -0.2699 -0.3495 -0.3689 0.0696 0.2731 -0.1772 -0.2962 -0.3682 -0.2869 0.1330 0.1861 -0.2265 -0.3216 -0.3793 -0.0693 0.1981 -0.0812 -0.2648 -0.3455 -0.3740 0.0573 0.2675 -0.1693 -0.2929 -0.3664 -0.2992 0.1294 0.1945 -0.2264 -0.3223 -0.3797 -0.0561 0.1887 0.2484 0.1887 -0.0561 -0.3797 -0.3223 -0.2264 0.1945 0.1294 -0.2992 -0.3664 -0.2929 -0.1693 0.2675 0.0573 -0.3740 -0.3455 -0.2648 -0.0812 0.1981 -0.0693 -0.3793 -0.3216 -0.2265 0.1861 0.1330 -0.2869 -0.3682 -0.2962 -0.1772 0.2731 0.0696 -0.3689 -0.3495 -0.2699 -0.1048 0.2118 -0.0324 -0.3801 -0.3267 -0.2362 0.1234 0.1460 -0.2510 -0.3713 -0.3016 -0.1883 0.2761 0.0837 -0.3604 -0.3538 -0.2577
-0.3113 -0.3877 -0.0289 0.2099 -0.1038 -0.2690 -0.3518 -0.3772 0.0699 0.2687 -0.1827 -0.2959 -0.3725 -0.2888 0.1313 0.1928 -0.2292 -0.3221 -0.3862 -0.0668 0.1960 -0.0767 -0.2633 -0.3469 -0.3832 0.0550 0.2600 -0.1696 -0.2904 -0.3687 -0.3182 0.1190 0.2336 -0.2216 -0.3171 -0.3844 -0.1066 0.1849 -0.0498 -0.2592 -0.3437 -0.3854 0.0477 0.2563 -0.1667 -0.2900 -0.3688 -0.3122 0.1217 0.2484 -0.1469 0.2484 0.1217 -0.3122 -0.3688 -0.2900 -0.1667 0.2563 0.0477 -0.3854 -0.3437 -0.2592 -0.0498 0.1849 -0.1066 -0.3844 -0.3171 -0.2216 0.2336 0.1190 -0.3182 -0.3687 -0.2904 -0.1696 0.2600 0.0550 -0.3832 -0.3469 -0.2633 -0.0767 0.1960 -0.0668 -0.3862 -0.3221 -0.2292 0.1928 0.1313 -0.2888 -0.3725 -0.2959 -0.1827 0.2687 0.0699 -0.3772 -0.3518 -0.2690 -0.1038 0.2099 -0.0289 -0.3877 -0.3113
