0.0077 0.1074 1.0000 1.0000 0.0002 0.0021 0.0277 0.3601 1.0000 1.0000 0.0005 0.0071 0.0923 1.0000 1.0000 0.0001 0.0018 0.0236 0.3070 1.0000 1.0000 0.0005 0.0060 0.0785 1.0000 1.0000 0.0001 0.0015 0.0201 0.2611 1.0000 1.0000 0.0004 0.0051 0.0668 0.8687 1.0000 0.0001 0.0013 0.0171 0.2222 1.0000 1.0000 0.0003 0.0044 0.0567 0.7362 1.0000 0.0001 0.0009 0.0046 0.0009 0.0001 1.0000 0.7362 0.0567 0.0044 0.0003 1.0000 1.0000 0.2222 0.0171 0.0013 0.0001 1.0000 0.8687 0.0668 0.0051 0.0004 1.0000 1.0000 0.2611 0.0201 0.0015 0.0001 1.0000 1.0000 0.0785 0.0060 0.0005 1.0000 1.0000 0.3070 0.0236 0.0018 0.0001 1.0000 1.0000 0.0923 0.0071 0.0005 1.0000 1.0000 0.3601 0.0277 0.0021 0.0002 1.0000 1.0000 0.1074 0.0077
0.1074 1.0000 1.0000 0.0002 0.0021 0.0274 0.3561 1.0000 1.0000 0.0005 0.0070 0.0909 1.0000 1.0000 0.0001 0.0018 0.0232 0.3023 1.0000 1.0000 0.0005 0.0059 0.0773 1.0000 1.0000 0.0001 0.0015 0.0198 0.2572 1.0000 1.0000 0.0004 0.0051 0.0658 0.8556 1.0000 0.0001 0.0013 0.0168 0.2188 1.0000 1.0000 0.0003 0.0043 0.0560 0.7279 1.0000 0.0001 0.0011 0.0119 0.0577 0.0119 0.0011 0.0001 1.0000 0.7279 0.0560 0.0043 0.0003 1.0000 1.0000 0.2188 0.0168 0.0013 0.0001 1.0000 0.8556 0.0658 0.0051 0.0004 1.0000 1.0000 0.2572 0.0198 0.0015 0.0001 1.0000 1.0000 0.0773 0.0059 0.0005 1.0000 1.0000 0.3023 0.0232 0.0018 0.0001 1.0000 1.0000 0.0909 0.0070 0.0005 1.0000 1.0000 0.3561 0.0274 0.0021 0.0002 1.0000 1.0000 0.1074
1.0000 1.0000 0.0002 0.0020 0.0260 0.3350 1.0000 1.0000 0.0005 0.0065 0.0847 1.0000 1.0000 0.0001 0.0017 0.0217 0.2818 1.0000 1.0000 0.0004 0.0055 0.0721 0.9374 1.0000 0.0001 0.0014 0.0184 0.2397 1.0000 1.0000 0.0004 0.0047 0.0613 0.7975 1.0000 0.0001 0.0012 0.0157 0.2039 1.0000 1.0000 0.0003 0.0040 0.0522 0.6784 1.0000 0.0001 0.0010 0.0128 0.1445 0.6967 0.1445 0.0128 0.0010 0.0001 1.0000 0.6784 0.0522 0.0040 0.0003 1.0000 1.0000 0.2039 0.0157 0.0012 0.0001 1.0000 0.7975 0.0613 0.0047 0.0004 1.0000 1.0000 0.2397 0.0184 0.0014 0.0001 1.0000 0.9374 0.0721 0.0055 0.0004 1.0000 1.0000 0.2818 0.0217 0.0017 0.0001 1.0000 1.0000 0.0847 0.0065 0.0005 1.0000 1.0000 0.3350 0.0260 0.0020 0.0002 1.0000 1.0000
1.0000 0.0002 0.0020 0.0254 0.3231 1.0000 1.0000 0.0005 0.0061 0.0793 1.0000 1.0000 0.0001 0.0016 0.0202 0.2626 1.0000 1.0000 0.0004 0.0052 0.0672 0.8737 1.0000 0.0001 0.0013 0.0172 0.2234 1.0000 1.0000 0.0003 0.0044 0.0571 0.7433 1.0000 0.0001 0.0011 0.0146 0.1901 1.0000 1.0000 0.0003 0.0037 0.0486 0.6323 1.0000 0.0001 0.0010 0.0123 0.1551 1.0000 1.0000 1.0000 0.1551 0.0123 0.0010 0.0001 1.0000 0.6323 0.0486 0.0037 0.0003 1.0000 1.0000 0.1901 0.0146 0.0011 0.0001 1.0000 0.7433 0.0571 0.0044 0.0003 1.0000 1.0000 0.2234 0.0172 0.0013 0.0001 1.0000 0.8737 0.0672 0.0052 0.0004 1.0000 1.0000 0.2626 0.0202 0.0016 0.0001 1.0000 1.0000 0.0793 0.0061 0.0005 1.0000 1.0000 0.3231 0.0254 0.0020 0.0002 1.0000
0.0002 0.0021 0.0260 0.3231 1.0000 1.0000 0.0005 0.0058 0.0747 0.9663 1.0000 0.0001 0.0014 0.0188 0.2448 1.0000 1.0000 0.0004 0.0048 0.0626 0.8143 1.0000 0.0001 0.0012 0.0160 0.2083 1.0000 1.0000 0.0003 0.0041 0.0533 0.6928 1.0000 0.0001 0.0010 0.0136 0.1772 1.0000 1.0000 0.0003 0.0035 0.0453 0.5894 1.0000 0.0001 0.0009 0.0115 0.1490 1.0000 1.0000 0.0001 1.0000 1.0000 0.1490 0.0115 0.0009 0.0001 1.0000 0.5894 0.0453 0.0035 0.0003 1.0000 1.0000 0.1772 0.0136 0.0010 0.0001 1.0000 0.6928 0.0533 0.0041 0.0003 1.0000 1.0000 0.2083 0.0160 0.0012 0.0001 1.0000 0.8143 0.0626 0.0048 0.0004 1.0000 1.0000 0.2448 0.0188 0.0014 0.0001 1.0000 0.9663 0.0747 0.0058 0.0005 1.0000 1.0000 0.3231 0.0260 0.0021 0.0002
0.0021 0.0274 0.3350 1.0000 1.0000 0.0004 0.0056 0.0718 0.9215 1.0000 0.0001 0.0014 0.0176 0.2286 1.0000 1.0000 0.0003 0.0045 0.0583 0.7590 1.0000 0.0001 0.0011 0.0149 0.1941 1.0000 1.0000 0.0003 0.0038 0.0496 0.6457 1.0000 0.0001 0.0010 0.0127 0.1651 1.0000 1.0000 0.0002 0.0032 0.0422 0.5493 1.0000 0.0001 0.0008 0.0108 0.1397 1.0000 1.0000 0.0002 0.0008 0.0002 1.0000 1.0000 0.1397 0.0108 0.0008 0.0001 1.0000 0.5493 0.0422 0.0032 0.0002 1.0000 1.0000 0.1651 0.0127 0.0010 0.0001 1.0000 0.6457 0.0496 0.0038 0.0003 1.0000 1.0000 0.1941 0.0149 0.0011 0.0001 1.0000 0.7590 0.0583 0.0045 0.0003 1.0000 1.0000 0.2286 0.0176 0.0014 0.0001 1.0000 0.9215 0.0718 0.0056 0.0004 1.0000 1.0000 0.3350 0.0274 0.0021
0.0277 0.3561 1.0000 1.0000 0.0005 0.0056 0.0708 0.8973 1.0000 0.0001 0.0013 0.0166 0.2151 1.0000 1.0000 0.0003 0.0042 0.0544 0.7074 1.0000 0.0001 0.0011 0.0139 0.1809 1.0000 1.0000 0.0003 0.0036 0.0463 0.6018 1.0000 0.0001 0.0009 0.0118 0.1539 1.0000 1.0000 0.0002 0.0030 0.0394 0.5120 1.0000 0.0001 0.0008 0.0100 0.1304 1.0000 1.0000 0.0002 0.0021 0.0103 0.0021 0.0002 1.0000 1.0000 0.1304 0.0100 0.0008 0.0001 1.0000 0.5120 0.0394 0.0030 0.0002 1.0000 1.0000 0.1539 0.0118 0.0009 0.0001 1.0000 0.6018 0.0463 0.0036 0.0003 1.0000 1.0000 0.1809 0.0139 0.0011 0.0001 1.0000 0.7074 0.0544 0.0042 0.0003 1.0000 1.0000 0.2151 0.0166 0.0013 0.0001 1.0000 0.8973 0.0708 0.0056 0.0005 1.0000 1.0000 0.3561 0.0277
0.3601 1.0000 1.0000 0.0005 0.0058 0.0718 0.8973 1.0000 0.0001 0.0012 0.0159 0.2043 1.0000 1.0000 0.0003 0.0039 0.0508 0.6594 1.0000 0.0001 0.0010 0.0130 0.1686 1.0000 1.0000 0.0003 0.0033 0.0431 0.5609 1.0000 0.0001 0.0008 0.0110 0.1435 1.0000 1.0000 0.0002 0.0028 0.0367 0.4772 1.0000 0.0001 0.0007 0.0094 0.1216 1.0000 1.0000 0.0002 0.0023 0.0260 0.1249 0.0260 0.0023 0.0002 1.0000 1.0000 0.1216 0.0094 0.0007 0.0001 1.0000 0.4772 0.0367 0.0028 0.0002 1.0000 1.0000 0.1435 0.0110 0.0008 0.0001 1.0000 0.5609 0.0431 0.0033 0.0003 1.0000 1.0000 0.1686 0.0130 0.0010 0.0001 1.0000 0.6594 0.0508 0.0039 0.0003 1.0000 1.0000 0.2043 0.0159 0.0012 0.0001 1.0000 0.8973 0.0718 0.0058 0.0005 1.0000 1.0000 0.3601
1.0000 1.0000 0.0005 0.0061 0.0747 0.9215 1.0000 0.0001 0.0012 0.0156 0.1978 1.0000 1.0000 0.0003 0.0037 0.0477 0.6181 1.0000 0.0001 0.0009 0.0121 0.1572 1.0000 1.0000 0.0002 0.0031 0.0402 0.5228 1.0000 0.0001 0.0008 0.0103 0.1337 1.0000 1.0000 0.0002 0.0026 0.0342 0.4448 1.0000 0.0001 0.0007 0.0087 0.1135 1.0000 1.0000 0.0002 0.0022 0.0278 0.3146 1.0000 0.3146 0.0278 0.0022 0.0002 1.0000 1.0000 0.1135 0.0087 0.0007 0.0001 1.0000 0.4448 0.0342 0.0026 0.0002 1.0000 1.0000 0.1337 0.0103 0.0008 0.0001 1.0000 0.5228 0.0402 0.0031 0.0002 1.0000 1.0000 0.1572 0.0121 0.0009 0.0001 1.0000 0.6181 0.0477 0.0037 0.0003 1.0000 1.0000 0.1978 0.0156 0.0012 0.0001 1.0000 0.9215 0.0747 0.0061 0.0005 1.0000 1.0000
1.0000 0.0005 0.0065 0.0793 0.9663 1.0000 0.0001 0.0012 0.0156 0.1956 1.0000 1.0000 0.0003 0.0035 0.0453 0.5838 1.0000 0.0001 0.0009 0.0113 0.1465 1.0000 1.0000 0.0002 0.0029 0.0375 0.4873 1.0000 0.0001 0.0007 0.0096 0.1246 1.0000 1.0000 0.0002 0.0025 0.0319 0.4146 1.0000 1.0000 0.0006 0.0081 0.1058 1.0000 1.0000 0.0002 0.0021 0.0267 0.3369 1.0000 1.0000 1.0000 0.3369 0.0267 0.0021 0.0002 1.0000 1.0000 0.1058 0.0081 0.0006 1.0000 1.0000 0.4146 0.0319 0.0025 0.0002 1.0000 1.0000 0.1246 0.0096 0.0007 0.0001 1.0000 0.4873 0.0375 0.0029 0.0002 1.0000 1.0000 0.1465 0.0113 0.0009 0.0001 1.0000 0.5838 0.0453 0.0035 0.0003 1.0000 1.0000 0.1956 0.0156 0.0012 0.0001 1.0000 0.9663 0.0793 0.0065 0.0005 1.0000
0.0005 0.0070 0.0847 1.0000 1.0000 0.0001 0.0013 0.0159 0.1978 1.0000 1.0000 0.0003 0.0034 0.0436 0.5577 1.0000 0.0001 0.0008 0.0106 0.1371 1.0000 1.0000 0.0002 0.0027 0.0349 0.4542 1.0000 0.0001 0.0007 0.0089 0.1162 1.0000 1.0000 0.0002 0.0023 0.0297 0.3864 1.0000 1.0000 0.0006 0.0076 0.0986 1.0000 1.0000 0.0001 0.0019 0.0251 0.3238 1.0000 1.0000 0.0002 1.0000 1.0000 0.3238 0.0251 0.0019 0.0001 1.0000 1.0000 0.0986 0.0076 0.0006 1.0000 1.0000 0.3864 0.0297 0.0023 0.0002 1.0000 1.0000 0.1162 0.0089 0.0007 0.0001 1.0000 0.4542 0.0349 0.0027 0.0002 1.0000 1.0000 0.1371 0.0106 0.0008 0.0001 1.0000 0.5577 0.0436 0.0034 0.0003 1.0000 1.0000 0.1978 0.0159 0.0013 0.0001 1.0000 1.0000 0.0847 0.0070 0.0005
0.0071 0.0909 1.0000 1.0000 0.0001 0.0014 0.0166 0.2043 1.0000 1.0000 0.0003 0.0034 0.0427 0.5421 1.0000 0.0001 0.0008 0.0100 0.1295 1.0000 1.0000 0.0002 0.0025 0.0325 0.4233 1.0000 1.0000 0.0006 0.0083 0.1083 1.0000 1.0000 0.0002 0.0021 0.0277 0.3601 1.0000 1.0000 0.0005 0.0071 0.0919 1.0000 1.0000 0.0001 0.0018 0.0234 0.3041 1.0000 1.0000 0.0004 0.0018 0.0004 1.0000 1.0000 0.3041 0.0234 0.0018 0.0001 1.0000 1.0000 0.0919 0.0071 0.0005 1.0000 1.0000 0.3601 0.0277 0.0021 0.0002 1.0000 1.0000 0.1083 0.0083 0.0006 1.0000 1.0000 0.4233 0.0325 0.0025 0.0002 1.0000 1.0000 0.1295 0.0100 0.0008 0.0001 1.0000 0.5421 0.0427 0.0034 0.0003 1.0000 1.0000 0.2043 0.0166 0.0014 0.0001 1.0000 1.0000 0.0909 0.0071
0.0923 1.0000 1.0000 0.0001 0.0014 0.0176 0.2151 1.0000 1.0000 0.0003 0.0034 0.0427 0.5369 1.0000 0.0001 0.0008 0.0096 0.1232 1.0000 1.0000 0.0002 0.0023 0.0304 0.3953 1.0000 1.0000 0.0006 0.0078 0.1009 1.0000 1.0000 0.0002 0.0020 0.0258 0.3357 1.0000 1.0000 0.0005 0.0066 0.0858 1.0000 1.0000 0.0001 0.0017 0.0218 0.2834 1.0000 1.0000 0.0004 0.0047 0.0224 0.0047 0.0004 1.0000 1.0000 0.2834 0.0218 0.0017 0.0001 1.0000 1.0000 0.0858 0.0066 0.0005 1.0000 1.0000 0.3357 0.0258 0.0020 0.0002 1.0000 1.0000 0.1009 0.0078 0.0006 1.0000 1.0000 0.3953 0.0304 0.0023 0.0002 1.0000 1.0000 0.1232 0.0096 0.0008 0.0001 1.0000 0.5369 0.0427 0.0034 0.0003 1.0000 1.0000 0.2151 0.0176 0.0014 0.0001 1.0000 1.0000 0.0923
1.0000 1.0000 0.0001 0.0016 0.0188 0.2286 1.0000 1.0000 0.0003 0.0035 0.0436 0.5421 1.0000 0.0001 0.0007 0.0093 0.1191 1.0000 1.0000 0.0002 0.0022 0.0287 0.3706 1.0000 1.0000 0.0006 0.0072 0.0940 1.0000 1.0000 0.0001 0.0018 0.0241 0.3129 1.0000 1.0000 0.0005 0.0062 0.0800 1.0000 1.0000 0.0001 0.0016 0.0203 0.2646 1.0000 1.0000 0.0004 0.0050 0.0565 0.2713 0.0565 0.0050 0.0004 1.0000 1.0000 0.2646 0.0203 0.0016 0.0001 1.0000 1.0000 0.0800 0.0062 0.0005 1.0000 1.0000 0.3129 0.0241 0.0018 0.0001 1.0000 1.0000 0.0940 0.0072 0.0006 1.0000 1.0000 0.3706 0.0287 0.0022 0.0002 1.0000 1.0000 0.1191 0.0093 0.0007 0.0001 1.0000 0.5421 0.0436 0.0035 0.0003 1.0000 1.0000 0.2286 0.0188 0.0016 0.0001 1.0000 1.0000
1.0000 0.0001 0.0017 0.0202 0.2448 1.0000 1.0000 0.0003 0.0037 0.0453 0.5577 1.0000 0.0001 0.0007 0.0093 0.1168 1.0000 1.0000 0.0002 0.0021 0.0272 0.3507 1.0000 1.0000 0.0005 0.0068 0.0878 1.0000 1.0000 0.0001 0.0017 0.0224 0.2916 1.0000 1.0000 0.0004 0.0057 0.0746 0.9682 1.0000 0.0001 0.0015 0.0190 0.2467 1.0000 1.0000 0.0004 0.0048 0.0605 0.6849 1.0000 0.6849 0.0605 0.0048 0.0004 1.0000 1.0000 0.2467 0.0190 0.0015 0.0001 1.0000 0.9682 0.0746 0.0057 0.0004 1.0000 1.0000 0.2916 0.0224 0.0017 0.0001 1.0000 1.0000 0.0878 0.0068 0.0005 1.0000 1.0000 0.3507 0.0272 0.0021 0.0002 1.0000 1.0000 0.1168 0.0093 0.0007 0.0001 1.0000 0.5577 0.0453 0.0037 0.0003 1.0000 1.0000 0.2448 0.0202 0.0017 0.0001 1.0000
0.0001 0.0018 0.0217 0.2626 1.0000 1.0000 0.0003 0.0039 0.0477 0.5838 1.0000 0.0001 0.0008 0.0093 0.1168 1.0000 1.0000 0.0002 0.0020 0.0262 0.3350 1.0000 1.0000 0.0005 0.0064 0.0823 1.0000 1.0000 0.0001 0.0016 0.0209 0.2718 1.0000 1.0000 0.0004 0.0053 0.0695 0.9041 1.0000 0.0001 0.0014 0.0177 0.2299 1.0000 1.0000 0.0003 0.0045 0.0581 0.7335 1.0000 1.0000 1.0000 0.7335 0.0581 0.0045 0.0003 1.0000 1.0000 0.2299 0.0177 0.0014 0.0001 1.0000 0.9041 0.0695 0.0053 0.0004 1.0000 1.0000 0.2718 0.0209 0.0016 0.0001 1.0000 1.0000 0.0823 0.0064 0.0005 1.0000 1.0000 0.3350 0.0262 0.0020 0.0002 1.0000 1.0000 0.1168 0.0093 0.0008 0.0001 1.0000 0.5838 0.0477 0.0039 0.0003 1.0000 1.0000 0.2626 0.0217 0.0018 0.0001
0.0018 0.0232 0.2818 1.0000 1.0000 0.0003 0.0042 0.0508 0.6181 1.0000 0.0001 0.0008 0.0096 0.1191 1.0000 1.0000 0.0002 0.0020 0.0255 0.3244 1.0000 1.0000 0.0005 0.0060 0.0776 1.0000 1.0000 0.0001 0.0015 0.0195 0.2533 1.0000 1.0000 0.0004 0.0050 0.0648 0.8427 1.0000 0.0001 0.0013 0.0165 0.2147 1.0000 1.0000 0.0003 0.0042 0.0545 0.7047 1.0000 0.0001 0.0003 0.0001 1.0000 0.7047 0.0545 0.0042 0.0003 1.0000 1.0000 0.2147 0.0165 0.0013 0.0001 1.0000 0.8427 0.0648 0.0050 0.0004 1.0000 1.0000 0.2533 0.0195 0.0015 0.0001 1.0000 1.0000 0.0776 0.0060 0.0005 1.0000 1.0000 0.3244 0.0255 0.0020 0.0002 1.0000 1.0000 0.1191 0.0096 0.0008 0.0001 1.0000 0.6181 0.0508 0.0042 0.0003 1.0000 1.0000 0.2818 0.0232 0.0018
0.0236 0.3023 1.0000 1.0000 0.0004 0.0045 0.0544 0.6594 1.0000 0.0001 0.0008 0.0100 0.1232 1.0000 1.0000 0.0002 0.0020 0.0253 0.3189 1.0000 1.0000 0.0005 0.0058 0.0739 0.9499 1.0000 0.0001 0.0014 0.0182 0.2366 1.0000 1.0000 0.0004 0.0046 0.0604 0.7854 1.0000 0.0001 0.0012 0.0154 0.2001 1.0000 1.0000 0.0003 0.0039 0.0509 0.6606 1.0000 0.0001 0.0008 0.0040 0.0008 0.0001 1.0000 0.6606 0.0509 0.0039 0.0003 1.0000 1.0000 0.2001 0.0154 0.0012 0.0001 1.0000 0.7854 0.0604 0.0046 0.0004 1.0000 1.0000 0.2366 0.0182 0.0014 0.0001 1.0000 0.9499 0.0739 0.0058 0.0005 1.0000 1.0000 0.3189 0.0253 0.0020 0.0002 1.0000 1.0000 0.1232 0.0100 0.0008 0.0001 1.0000 0.6594 0.0544 0.0045 0.0004 1.0000 1.0000 0.3023 0.0236
0.3070 1.0000 1.0000 0.0004 0.0048 0.0583 0.7074 1.0000 0.0001 0.0009 0.0106 0.1295 1.0000 1.0000 0.0002 0.0020 0.0255 0.3189 1.0000 1.0000 0.0004 0.0056 0.0711 0.9093 1.0000 0.0001 0.0013 0.0172 0.2222 1.0000 1.0000 0.0003 0.0043 0.0563 0.7321 1.0000 0.0001 0.0011 0.0144 0.1865 1.0000 1.0000 0.0003 0.0037 0.0475 0.6169 1.0000 0.0001 0.0009 0.0101 0.0487 0.0101 0.0009 0.0001 1.0000 0.6169 0.0475 0.0037 0.0003 1.0000 1.0000 0.1865 0.0144 0.0011 0.0001 1.0000 0.7321 0.0563 0.0043 0.0003 1.0000 1.0000 0.2222 0.0172 0.0013 0.0001 1.0000 0.9093 0.0711 0.0056 0.0004 1.0000 1.0000 0.3189 0.0255 0.0020 0.0002 1.0000 1.0000 0.1295 0.0106 0.0009 0.0001 1.0000 0.7074 0.0583 0.0048 0.0004 1.0000 1.0000 0.3070
1.0000 1.0000 0.0004 0.0052 0.0626 0.7590 1.0000 0.0001 0.0009 0.0113 0.1371 1.0000 1.0000 0.0002 0.0021 0.0262 0.3244 1.0000 1.0000 0.0004 0.0055 0.0695 0.8820 1.0000 0.0001 0.0013 0.0163 0.2098 1.0000 1.0000 0.0003 0.0040 0.0526 0.6823 1.0000 0.0001 0.0010 0.0134 0.1738 1.0000 1.0000 0.0003 0.0034 0.0443 0.5750 1.0000 0.0001 0.0009 0.0109 0.1230 0.5905 0.1230 0.0109 0.0009 0.0001 1.0000 0.5750 0.0443 0.0034 0.0003 1.0000 1.0000 0.1738 0.0134 0.0010 0.0001 1.0000 0.6823 0.0526 0.0040 0.0003 1.0000 1.0000 0.2098 0.0163 0.0013 0.0001 1.0000 0.8820 0.0695 0.0055 0.0004 1.0000 1.0000 0.3244 0.0262 0.0021 0.0002 1.0000 1.0000 0.1371 0.0113 0.0009 0.0001 1.0000 0.7590 0.0626 0.0052 0.0004 1.0000 1.0000
1.0000 0.0005 0.0055 0.0672 0.8143 1.0000 0.0001 0.0010 0.0121 0.1465 1.0000 1.0000 0.0002 0.0022 0.0272 0.3350 1.0000 1.0000 0.0004 0.0055 0.0690 0.8687 1.0000 0.0001 0.0012 0.0156 0.2005 1.0000 1.0000 0.0003 0.0038 0.0493 0.6384 1.0000 0.0001 0.0010 0.0125 0.1620 1.0000 1.0000 0.0002 0.0032 0.0413 0.5369 1.0000 0.0001 0.0008 0.0104 0.1317 1.0000 1.0000 1.0000 0.1317 0.0104 0.0008 0.0001 1.0000 0.5369 0.0413 0.0032 0.0002 1.0000 1.0000 0.1620 0.0125 0.0010 0.0001 1.0000 0.6384 0.0493 0.0038 0.0003 1.0000 1.0000 0.2005 0.0156 0.0012 0.0001 1.0000 0.8687 0.0690 0.0055 0.0004 1.0000 1.0000 0.3350 0.0272 0.0022 0.0002 1.0000 1.0000 0.1465 0.0121 0.0010 0.0001 1.0000 0.8143 0.0672 0.0055 0.0005 1.0000
0.0005 0.0059 0.0721 0.8737 1.0000 0.0001 0.0011 0.0130 0.1572 1.0000 1.0000 0.0002 0.0023 0.0287 0.3507 1.0000 1.0000 0.0005 0.0056 0.0695 0.8687 1.0000 0.0001 0.0012 0.0152 0.1934 1.0000 1.0000 0.0003 0.0036 0.0464 0.6007 1.0000 0.0001 0.0009 0.0117 0.1513 1.0000 1.0000 0.0002 0.0030 0.0385 0.5004 1.0000 0.0001 0.0008 0.0098 0.1263 1.0000 1.0000 0.0001 1.0000 1.0000 0.1263 0.0098 0.0008 0.0001 1.0000 0.5004 0.0385 0.0030 0.0002 1.0000 1.0000 0.1513 0.0117 0.0009 0.0001 1.0000 0.6007 0.0464 0.0036 0.0003 1.0000 1.0000 0.1934 0.0152 0.0012 0.0001 1.0000 0.8687 0.0695 0.0056 0.0005 1.0000 1.0000 0.3507 0.0287 0.0023 0.0002 1.0000 1.0000 0.1572 0.0130 0.0011 0.0001 1.0000 0.8737 0.0721 0.0059 0.0005
0.0060 0.0773 0.9374 1.0000 0.0001 0.0011 0.0139 0.1686 1.0000 1.0000 0.0002 0.0025 0.0304 0.3706 1.0000 1.0000 0.0005 0.0058 0.0711 0.8820 1.0000 0.0001 0.0012 0.0149 0.1890 1.0000 1.0000 0.0003 0.0034 0.0442 0.5695 1.0000 0.0001 0.0008 0.0109 0.1416 1.0000 1.0000 0.0002 0.0028 0.0359 0.4664 1.0000 0.0001 0.0007 0.0091 0.1186 1.0000 1.0000 0.0002 0.0007 0.0002 1.0000 1.0000 0.1186 0.0091 0.0007 0.0001 1.0000 0.4664 0.0359 0.0028 0.0002 1.0000 1.0000 0.1416 0.0109 0.0008 0.0001 1.0000 0.5695 0.0442 0.0034 0.0003 1.0000 1.0000 0.1890 0.0149 0.0012 0.0001 1.0000 0.8820 0.0711 0.0058 0.0005 1.0000 1.0000 0.3706 0.0304 0.0025 0.0002 1.0000 1.0000 0.1686 0.0139 0.0011 0.0001 1.0000 0.9374 0.0773 0.0060
0.0785 1.0000 1.0000 0.0001 0.0012 0.0149 0.1809 1.0000 1.0000 0.0002 0.0027 0.0325 0.3953 1.0000 1.0000 0.0005 0.0060 0.0739 0.9093 1.0000 0.0001 0.0012 0.0149 0.1876 1.0000 1.0000 0.0003 0.0033 0.0424 0.5431 1.0000 0.0001 0.0008 0.0103 0.1329 1.0000 1.0000 0.0002 0.0026 0.0335 0.4356 1.0000 1.0000 0.0007 0.0085 0.1108 1.0000 1.0000 0.0002 0.0018 0.0087 0.0018 0.0002 1.0000 1.0000 0.1108 0.0085 0.0007 1.0000 1.0000 0.4356 0.0335 0.0026 0.0002 1.0000 1.0000 0.1329 0.0103 0.0008 0.0001 1.0000 0.5431 0.0424 0.0033 0.0003 1.0000 1.0000 0.1876 0.0149 0.0012 0.0001 1.0000 0.9093 0.0739 0.0060 0.0005 1.0000 1.0000 0.3953 0.0325 0.0027 0.0002 1.0000 1.0000 0.1809 0.0149 0.0012 0.0001 1.0000 1.0000 0.0785
1.0000 1.0000 0.0001 0.0013 0.0160 0.1941 1.0000 1.0000 0.0002 0.0029 0.0349 0.4233 1.0000 1.0000 0.0005 0.0064 0.0776 0.9499 1.0000 0.0001 0.0012 0.0152 0.1890 1.0000 1.0000 0.0003 0.0032 0.0412 0.5248 1.0000 0.0001 0.0008 0.0097 0.1256 1.0000 1.0000 0.0002 0.0024 0.0314 0.4075 1.0000 1.0000 0.0006 0.0080 0.1034 1.0000 1.0000 0.0002 0.0020 0.0221 0.1060 0.0221 0.0020 0.0002 1.0000 1.0000 0.1034 0.0080 0.0006 1.0000 1.0000 0.4075 0.0314 0.0024 0.0002 1.0000 1.0000 0.1256 0.0097 0.0008 0.0001 1.0000 0.5248 0.0412 0.0032 0.0003 1.0000 1.0000 0.1890 0.0152 0.0012 0.0001 1.0000 0.9499 0.0776 0.0064 0.0005 1.0000 1.0000 0.4233 0.0349 0.0029 0.0002 1.0000 1.0000 0.1941 0.0160 0.0013 0.0001 1.0000 1.0000
1.0000 0.0001 0.0014 0.0172 0.2083 1.0000 1.0000 0.0003 0.0031 0.0375 0.4542 1.0000 1.0000 0.0006 0.0068 0.0823 1.0000 1.0000 0.0001 0.0013 0.0156 0.1934 1.0000 1.0000 0.0003 0.0032 0.0406 0.5130 1.0000 0.0001 0.0007 0.0093 0.1195 1.0000 1.0000 0.0002 0.0023 0.0294 0.3813 1.0000 1.0000 0.0006 0.0074 0.0966 1.0000 1.0000 0.0001 0.0019 0.0236 0.2677 1.0000 0.2677 0.0236 0.0019 0.0001 1.0000 1.0000 0.0966 0.0074 0.0006 1.0000 1.0000 0.3813 0.0294 0.0023 0.0002 1.0000 1.0000 0.1195 0.0093 0.0007 0.0001 1.0000 0.5130 0.0406 0.0032 0.0003 1.0000 1.0000 0.1934 0.0156 0.0013 0.0001 1.0000 1.0000 0.0823 0.0068 0.0006 1.0000 1.0000 0.4542 0.0375 0.0031 0.0003 1.0000 1.0000 0.2083 0.0172 0.0014 0.0001 1.0000
0.0001 0.0015 0.0184 0.2234 1.0000 1.0000 0.0003 0.0033 0.0402 0.4873 1.0000 1.0000 0.0006 0.0072 0.0878 1.0000 1.0000 0.0001 0.0013 0.0163 0.2005 1.0000 1.0000 0.0003 0.0032 0.0406 0.5091 1.0000 0.0001 0.0007 0.0090 0.1151 1.0000 1.0000 0.0002 0.0022 0.0278 0.3588 1.0000 1.0000 0.0005 0.0070 0.0904 1.0000 1.0000 0.0001 0.0018 0.0227 0.2867 1.0000 1.0000 1.0000 0.2867 0.0227 0.0018 0.0001 1.0000 1.0000 0.0904 0.0070 0.0005 1.0000 1.0000 0.3588 0.0278 0.0022 0.0002 1.0000 1.0000 0.1151 0.0090 0.0007 0.0001 1.0000 0.5091 0.0406 0.0032 0.0003 1.0000 1.0000 0.2005 0.0163 0.0013 0.0001 1.0000 1.0000 0.0878 0.0072 0.0006 1.0000 1.0000 0.4873 0.0402 0.0033 0.0003 1.0000 1.0000 0.2234 0.0184 0.0015 0.0001
0.0015 0.0198 0.2397 1.0000 1.0000 0.0003 0.0036 0.0431 0.5228 1.0000 0.0001 0.0006 0.0078 0.0940 1.0000 1.0000 0.0001 0.0014 0.0172 0.2098 1.0000 1.0000 0.0003 0.0033 0.0412 0.5130 1.0000 0.0001 0.0007 0.0088 0.1118 1.0000 1.0000 0.0002 0.0020 0.0264 0.3402 1.0000 1.0000 0.0005 0.0065 0.0845 1.0000 1.0000 0.0001 0.0016 0.0213 0.2754 1.0000 1.0000 0.0001 1.0000 1.0000 0.2754 0.0213 0.0016 0.0001 1.0000 1.0000 0.0845 0.0065 0.0005 1.0000 1.0000 0.3402 0.0264 0.0020 0.0002 1.0000 1.0000 0.1118 0.0088 0.0007 0.0001 1.0000 0.5130 0.0412 0.0033 0.0003 1.0000 1.0000 0.2098 0.0172 0.0014 0.0001 1.0000 1.0000 0.0940 0.0078 0.0006 0.0001 1.0000 0.5228 0.0431 0.0036 0.0003 1.0000 1.0000 0.2397 0.0198 0.0015
0.0201 0.2572 1.0000 1.0000 0.0003 0.0038 0.0463 0.5609 1.0000 0.0001 0.0007 0.0083 0.1009 1.0000 1.0000 0.0001 0.0015 0.0182 0.2222 1.0000 1.0000 0.0003 0.0034 0.0424 0.5248 1.0000 0.0001 0.0007 0.0087 0.1101 1.0000 1.0000 0.0002 0.0020 0.0253 0.3244 1.0000 1.0000 0.0005 0.0061 0.0794 1.0000 1.0000 0.0001 0.0015 0.0200 0.2592 1.0000 1.0000 0.0003 0.0016 0.0003 1.0000 1.0000 0.2592 0.0200 0.0015 0.0001 1.0000 1.0000 0.0794 0.0061 0.0005 1.0000 1.0000 0.3244 0.0253 0.0020 0.0002 1.0000 1.0000 0.1101 0.0087 0.0007 0.0001 1.0000 0.5248 0.0424 0.0034 0.0003 1.0000 1.0000 0.2222 0.0182 0.0015 0.0001 1.0000 1.0000 0.1009 0.0083 0.0007 0.0001 1.0000 0.5609 0.0463 0.0038 0.0003 1.0000 1.0000 0.2572 0.0201
0.2611 1.0000 1.0000 0.0003 0.0041 0.0496 0.6018 1.0000 0.0001 0.0007 0.0089 0.1083 1.0000 1.0000 0.0001 0.0016 0.0195 0.2366 1.0000 1.0000 0.0003 0.0036 0.0442 0.5431 1.0000 0.0001 0.0007 0.0088 0.1101 1.0000 1.0000 0.0002 0.0019 0.0244 0.3117 1.0000 1.0000 0.0005 0.0058 0.0750 0.9682 1.0000 0.0001 0.0014 0.0187 0.2429 1.0000 1.0000 0.0004 0.0040 0.0191 0.0040 0.0004 1.0000 1.0000 0.2429 0.0187 0.0014 0.0001 1.0000 0.9682 0.0750 0.0058 0.0005 1.0000 1.0000 0.3117 0.0244 0.0019 0.0002 1.0000 1.0000 0.1101 0.0088 0.0007 0.0001 1.0000 0.5431 0.0442 0.0036 0.0003 1.0000 1.0000 0.2366 0.0195 0.0016 0.0001 1.0000 1.0000 0.1083 0.0089 0.0007 0.0001 1.0000 0.6018 0.0496 0.0041 0.0003 1.0000 1.0000 0.2611
1.0000 1.0000 0.0004 0.0044 0.0533 0.6457 1.0000 0.0001 0.0008 0.0096 0.1162 1.0000 1.0000 0.0001 0.0017 0.0209 0.2533 1.0000 1.0000 0.0003 0.0038 0.0464 0.5695 1.0000 0.0001 0.0007 0.0090 0.1118 1.0000 1.0000 0.0002 0.0019 0.0239 0.3035 1.0000 1.0000 0.0004 0.0056 0.0714 0.9180 1.0000 0.0001 0.0014 0.0176 0.2277 1.0000 1.0000 0.0003 0.0043 0.0482 0.2312 0.0482 0.0043 0.0003 1.0000 1.0000 0.2277 0.0176 0.0014 0.0001 1.0000 0.9180 0.0714 0.0056 0.0004 1.0000 1.0000 0.3035 0.0239 0.0019 0.0002 1.0000 1.0000 0.1118 0.0090 0.0007 0.0001 1.0000 0.5695 0.0464 0.0038 0.0003 1.0000 1.0000 0.2533 0.0209 0.0017 0.0001 1.0000 1.0000 0.1162 0.0096 0.0008 0.0001 1.0000 0.6457 0.0533 0.0044 0.0004 1.0000 1.0000
1.0000 0.0004 0.0047 0.0571 0.6928 1.0000 0.0001 0.0008 0.0103 0.1246 1.0000 1.0000 0.0002 0.0018 0.0224 0.2718 1.0000 1.0000 0.0003 0.0040 0.0493 0.6007 1.0000 0.0001 0.0008 0.0093 0.1151 1.0000 1.0000 0.0002 0.0019 0.0237 0.2989 1.0000 1.0000 0.0004 0.0054 0.0685 0.8770 1.0000 0.0001 0.0013 0.0166 0.2143 1.0000 1.0000 0.0003 0.0041 0.0518 0.5849 1.0000 0.5849 0.0518 0.0041 0.0003 1.0000 1.0000 0.2143 0.0166 0.0013 0.0001 1.0000 0.8770 0.0685 0.0054 0.0004 1.0000 1.0000 0.2989 0.0237 0.0019 0.0002 1.0000 1.0000 0.1151 0.0093 0.0008 0.0001 1.0000 0.6007 0.0493 0.0040 0.0003 1.0000 1.0000 0.2718 0.0224 0.0018 0.0002 1.0000 1.0000 0.1246 0.0103 0.0008 0.0001 1.0000 0.6928 0.0571 0.0047 0.0004 1.0000
0.0004 0.0051 0.0613 0.7433 1.0000 0.0001 0.0009 0.0110 0.1337 1.0000 1.0000 0.0002 0.0020 0.0241 0.2916 1.0000 1.0000 0.0004 0.0043 0.0526 0.6384 1.0000 0.0001 0.0008 0.0097 0.1195 1.0000 1.0000 0.0002 0.0019 0.0239 0.2989 1.0000 1.0000 0.0004 0.0052 0.0663 0.8459 1.0000 0.0001 0.0012 0.0157 0.2024 1.0000 1.0000 0.0003 0.0039 0.0500 0.6287 1.0000 1.0000 1.0000 0.6287 0.0500 0.0039 0.0003 1.0000 1.0000 0.2024 0.0157 0.0012 0.0001 1.0000 0.8459 0.0663 0.0052 0.0004 1.0000 1.0000 0.2989 0.0239 0.0019 0.0002 1.0000 1.0000 0.1195 0.0097 0.0008 0.0001 1.0000 0.6384 0.0526 0.0043 0.0004 1.0000 1.0000 0.2916 0.0241 0.0020 0.0002 1.0000 1.0000 0.1337 0.0110 0.0009 0.0001 1.0000 0.7433 0.0613 0.0051 0.0004
0.0051 0.0658 0.7975 1.0000 0.0001 0.0010 0.0118 0.1435 1.0000 1.0000 0.0002 0.0021 0.0258 0.3129 1.0000 1.0000 0.0004 0.0046 0.0563 0.6823 1.0000 0.0001 0.0008 0.0103 0.1256 1.0000 1.0000 0.0002 0.0020 0.0244 0.3035 1.0000 1.0000 0.0004 0.0051 0.0649 0.8237 1.0000 0.0001 0.0012 0.0150 0.1930 1.0000 1.0000 0.0003 0.0037 0.0472 0.6076 1.0000 0.0001 0.0003 0.0001 1.0000 0.6076 0.0472 0.0037 0.0003 1.0000 1.0000 0.1930 0.0150 0.0012 0.0001 1.0000 0.8237 0.0649 0.0051 0.0004 1.0000 1.0000 0.3035 0.0244 0.0020 0.0002 1.0000 1.0000 0.1256 0.0103 0.0008 0.0001 1.0000 0.6823 0.0563 0.0046 0.0004 1.0000 1.0000 0.3129 0.0258 0.0021 0.0002 1.0000 1.0000 0.1435 0.0118 0.0010 0.0001 1.0000 0.7975 0.0658 0.0051
0.0668 0.8556 1.0000 0.0001 0.0010 0.0127 0.1539 1.0000 1.0000 0.0002 0.0023 0.0277 0.3357 1.0000 1.0000 0.0004 0.0050 0.0604 0.7321 1.0000 0.0001 0.0009 0.0109 0.1329 1.0000 1.0000 0.0002 0.0020 0.0253 0.3117 1.0000 1.0000 0.0004 0.0051 0.0644 0.8112 1.0000 0.0001 0.0011 0.0145 0.1854 1.0000 1.0000 0.0003 0.0035 0.0447 0.5772 1.0000 0.0001 0.0007 0.0035 0.0007 0.0001 1.0000 0.5772 0.0447 0.0035 0.0003 1.0000 1.0000 0.1854 0.0145 0.0011 0.0001 1.0000 0.8112 0.0644 0.0051 0.0004 1.0000 1.0000 0.3117 0.0253 0.0020 0.0002 1.0000 1.0000 0.1329 0.0109 0.0009 0.0001 1.0000 0.7321 0.0604 0.0050 0.0004 1.0000 1.0000 0.3357 0.0277 0.0023 0.0002 1.0000 1.0000 0.1539 0.0127 0.0010 0.0001 1.0000 0.8556 0.0668
0.8687 1.0000 0.0001 0.0011 0.0136 0.1651 1.0000 1.0000 0.0002 0.0025 0.0297 0.3601 1.0000 1.0000 0.0004 0.0053 0.0648 0.7854 1.0000 0.0001 0.0010 0.0117 0.1416 1.0000 1.0000 0.0002 0.0022 0.0264 0.3244 1.0000 1.0000 0.0004 0.0052 0.0649 0.8112 1.0000 0.0001 0.0011 0.0141 0.1795 1.0000 1.0000 0.0003 0.0033 0.0426 0.5472 1.0000 0.0001 0.0008 0.0088 0.0422 0.0088 0.0008 0.0001 1.0000 0.5472 0.0426 0.0033 0.0003 1.0000 1.0000 0.1795 0.0141 0.0011 0.0001 1.0000 0.8112 0.0649 0.0052 0.0004 1.0000 1.0000 0.3244 0.0264 0.0022 0.0002 1.0000 1.0000 0.1416 0.0117 0.0010 0.0001 1.0000 0.7854 0.0648 0.0053 0.0004 1.0000 1.0000 0.3601 0.0297 0.0025 0.0002 1.0000 1.0000 0.1651 0.0136 0.0011 0.0001 1.0000 0.8687
1.0000 0.0001 0.0012 0.0146 0.1772 1.0000 1.0000 0.0002 0.0026 0.0319 0.3864 1.0000 1.0000 0.0005 0.0057 0.0695 0.8427 1.0000 0.0001 0.0010 0.0125 0.1513 1.0000 1.0000 0.0002 0.0023 0.0278 0.3402 1.0000 1.0000 0.0004 0.0054 0.0663 0.8237 1.0000 0.0001 0.0011 0.0139 0.1762 1.0000 1.0000 0.0002 0.0032 0.0407 0.5228 1.0000 0.0001 0.0008 0.0095 0.1070 0.5130 0.1070 0.0095 0.0008 0.0001 1.0000 0.5228 0.0407 0.0032 0.0002 1.0000 1.0000 0.1762 0.0139 0.0011 0.0001 1.0000 0.8237 0.0663 0.0054 0.0004 1.0000 1.0000 0.3402 0.0278 0.0023 0.0002 1.0000 1.0000 0.1513 0.0125 0.0010 0.0001 1.0000 0.8427 0.0695 0.0057 0.0005 1.0000 1.0000 0.3864 0.0319 0.0026 0.0002 1.0000 1.0000 0.1772 0.0146 0.0012 0.0001 1.0000
0.0001 0.0013 0.0157 0.1901 1.0000 1.0000 0.0002 0.0028 0.0342 0.4146 1.0000 1.0000 0.0005 0.0062 0.0746 0.9041 1.0000 0.0001 0.0011 0.0134 0.1620 1.0000 1.0000 0.0002 0.0024 0.0294 0.3588 1.0000 1.0000 0.0005 0.0056 0.0685 0.8459 1.0000 0.0001 0.0011 0.0139 0.1748 1.0000 1.0000 0.0002 0.0031 0.0393 0.5024 1.0000 0.0001 0.0007 0.0093 0.1164 1.0000 1.0000 1.0000 0.1164 0.0093 0.0007 0.0001 1.0000 0.5024 0.0393 0.0031 0.0002 1.0000 1.0000 0.1748 0.0139 0.0011 0.0001 1.0000 0.8459 0.0685 0.0056 0.0005 1.0000 1.0000 0.3588 0.0294 0.0024 0.0002 1.0000 1.0000 0.1620 0.0134 0.0011 0.0001 1.0000 0.9041 0.0746 0.0062 0.0005 1.0000 1.0000 0.4146 0.0342 0.0028 0.0002 1.0000 1.0000 0.1901 0.0157 0.0013 0.0001
0.0013 0.0168 0.2039 1.0000 1.0000 0.0002 0.0030 0.0367 0.4448 1.0000 1.0000 0.0005 0.0066 0.0800 0.9682 1.0000 0.0001 0.0012 0.0144 0.1738 1.0000 1.0000 0.0002 0.0026 0.0314 0.3813 1.0000 1.0000 0.0005 0.0058 0.0714 0.8770 1.0000 0.0001 0.0011 0.0141 0.1762 1.0000 1.0000 0.0002 0.0030 0.0383 0.4873 1.0000 0.0001 0.0007 0.0089 0.1140 1.0000 1.0000 1.0000 1.0000 1.0000 0.1140 0.0089 0.0007 0.0001 1.0000 0.4873 0.0383 0.0030 0.0002 1.0000 1.0000 0.1762 0.0141 0.0011 0.0001 1.0000 0.8770 0.0714 0.0058 0.0005 1.0000 1.0000 0.3813 0.0314 0.0026 0.0002 1.0000 1.0000 0.1738 0.0144 0.0012 0.0001 1.0000 0.9682 0.0800 0.0066 0.0005 1.0000 1.0000 0.4448 0.0367 0.0030 0.0002 1.0000 1.0000 0.2039 0.0168 0.0013
0.0171 0.2188 1.0000 1.0000 0.0003 0.0032 0.0394 0.4772 1.0000 1.0000 0.0006 0.0071 0.0858 1.0000 1.0000 0.0001 0.0013 0.0154 0.1865 1.0000 1.0000 0.0002 0.0028 0.0335 0.4075 1.0000 1.0000 0.0005 0.0061 0.0750 0.9180 1.0000 0.0001 0.0012 0.0145 0.1795 1.0000 1.0000 0.0002 0.0030 0.0378 0.4781 1.0000 0.0001 0.0007 0.0086 0.1099 1.0000 1.0000 0.0001 0.0006 0.0001 1.0000 1.0000 0.1099 0.0086 0.0007 0.0001 1.0000 0.4781 0.0378 0.0030 0.0002 1.0000 1.0000 0.1795 0.0145 0.0012 0.0001 1.0000 0.9180 0.0750 0.0061 0.0005 1.0000 1.0000 0.4075 0.0335 0.0028 0.0002 1.0000 1.0000 0.1865 0.0154 0.0013 0.0001 1.0000 1.0000 0.0858 0.0071 0.0006 1.0000 1.0000 0.4772 0.0394 0.0032 0.0003 1.0000 1.0000 0.2188 0.0171
0.2222 1.0000 1.0000 0.0003 0.0035 0.0422 0.5120 1.0000 0.0001 0.0006 0.0076 0.0919 1.0000 1.0000 0.0001 0.0014 0.0165 0.2001 1.0000 1.0000 0.0002 0.0030 0.0359 0.4356 1.0000 1.0000 0.0005 0.0065 0.0794 0.9682 1.0000 0.0001 0.0012 0.0150 0.1854 1.0000 1.0000 0.0002 0.0030 0.0378 0.4745 1.0000 0.0001 0.0007 0.0084 0.1064 1.0000 1.0000 0.0001 0.0017 0.0079 0.0017 0.0001 1.0000 1.0000 0.1064 0.0084 0.0007 0.0001 1.0000 0.4745 0.0378 0.0030 0.0002 1.0000 1.0000 0.1854 0.0150 0.0012 0.0001 1.0000 0.9682 0.0794 0.0065 0.0005 1.0000 1.0000 0.4356 0.0359 0.0030 0.0002 1.0000 1.0000 0.2001 0.0165 0.0014 0.0001 1.0000 1.0000 0.0919 0.0076 0.0006 0.0001 1.0000 0.5120 0.0422 0.0035 0.0003 1.0000 1.0000 0.2222
1.0000 1.0000 0.0003 0.0037 0.0453 0.5493 1.0000 0.0001 0.0007 0.0081 0.0986 1.0000 1.0000 0.0001 0.0015 0.0177 0.2147 1.0000 1.0000 0.0003 0.0032 0.0385 0.4664 1.0000 1.0000 0.0006 0.0070 0.0845 1.0000 1.0000 0.0001 0.0013 0.0157 0.1930 1.0000 1.0000 0.0002 0.0031 0.0383 0.4781 1.0000 0.0001 0.0006 0.0082 0.1040 1.0000 1.0000 0.0001 0.0018 0.0203 0.0970 0.0203 0.0018 0.0001 1.0000 1.0000 0.1040 0.0082 0.0006 0.0001 1.0000 0.4781 0.0383 0.0031 0.0002 1.0000 1.0000 0.1930 0.0157 0.0013 0.0001 1.0000 1.0000 0.0845 0.0070 0.0006 1.0000 1.0000 0.4664 0.0385 0.0032 0.0003 1.0000 1.0000 0.2147 0.0177 0.0015 0.0001 1.0000 1.0000 0.0986 0.0081 0.0007 0.0001 1.0000 0.5493 0.0453 0.0037 0.0003 1.0000 1.0000
1.0000 0.0003 0.0040 0.0486 0.5894 1.0000 0.0001 0.0007 0.0087 0.1058 1.0000 1.0000 0.0001 0.0016 0.0190 0.2299 1.0000 1.0000 0.0003 0.0034 0.0413 0.5004 1.0000 1.0000 0.0006 0.0074 0.0904 1.0000 1.0000 0.0001 0.0014 0.0166 0.2024 1.0000 1.0000 0.0003 0.0032 0.0393 0.4873 1.0000 0.0001 0.0006 0.0082 0.1026 1.0000 1.0000 0.0001 0.0018 0.0225 0.2504 1.0000 0.2504 0.0225 0.0018 0.0001 1.0000 1.0000 0.1026 0.0082 0.0006 0.0001 1.0000 0.4873 0.0393 0.0032 0.0003 1.0000 1.0000 0.2024 0.0166 0.0014 0.0001 1.0000 1.0000 0.0904 0.0074 0.0006 1.0000 1.0000 0.5004 0.0413 0.0034 0.0003 1.0000 1.0000 0.2299 0.0190 0.0016 0.0001 1.0000 1.0000 0.1058 0.0087 0.0007 0.0001 1.0000 0.5894 0.0486 0.0040 0.0003 1.0000
0.0003 0.0043 0.0522 0.6323 1.0000 0.0001 0.0008 0.0094 0.1135 1.0000 1.0000 0.0001 0.0017 0.0203 0.2467 1.0000 1.0000 0.0003 0.0037 0.0443 0.5369 1.0000 0.0001 0.0007 0.0080 0.0966 1.0000 1.0000 0.0001 0.0014 0.0176 0.2143 1.0000 1.0000 0.0003 0.0033 0.0407 0.5024 1.0000 0.0001 0.0007 0.0082 0.1026 1.0000 1.0000 0.0001 0.0018 0.0225 0.2781 1.0000 1.0000 1.0000 0.2781 0.0225 0.0018 0.0001 1.0000 1.0000 0.1026 0.0082 0.0007 0.0001 1.0000 0.5024 0.0407 0.0033 0.0003 1.0000 1.0000 0.2143 0.0176 0.0014 0.0001 1.0000 1.0000 0.0966 0.0080 0.0007 0.0001 1.0000 0.5369 0.0443 0.0037 0.0003 1.0000 1.0000 0.2467 0.0203 0.0017 0.0001 1.0000 1.0000 0.1135 0.0094 0.0008 0.0001 1.0000 0.6323 0.0522 0.0043 0.0003
0.0044 0.0560 0.6784 1.0000 0.0001 0.0008 0.0100 0.1216 1.0000 1.0000 0.0001 0.0018 0.0218 0.2646 1.0000 1.0000 0.0003 0.0039 0.0475 0.5750 1.0000 0.0001 0.0007 0.0085 0.1034 1.0000 1.0000 0.0001 0.0015 0.0187 0.2277 1.0000 1.0000 0.0003 0.0035 0.0426 0.5228 1.0000 0.0001 0.0007 0.0084 0.1040 1.0000 1.0000 0.0001 0.0018 0.0222 0.2797 1.0000 1.0000 0.0001 1.0000 1.0000 0.2797 0.0222 0.0018 0.0001 1.0000 1.0000 0.1040 0.0084 0.0007 0.0001 1.0000 0.5228 0.0426 0.0035 0.0003 1.0000 1.0000 0.2277 0.0187 0.0015 0.0001 1.0000 1.0000 0.1034 0.0085 0.0007 0.0001 1.0000 0.5750 0.0475 0.0039 0.0003 1.0000 1.0000 0.2646 0.0218 0.0018 0.0001 1.0000 1.0000 0.1216 0.0100 0.0008 0.0001 1.0000 0.6784 0.0560 0.0044
0.0567 0.7279 1.0000 0.0001 0.0009 0.0108 0.1304 1.0000 1.0000 0.0002 0.0019 0.0234 0.2834 1.0000 1.0000 0.0003 0.0042 0.0509 0.6169 1.0000 0.0001 0.0008 0.0091 0.1108 1.0000 1.0000 0.0001 0.0016 0.0200 0.2429 1.0000 1.0000 0.0003 0.0037 0.0447 0.5472 1.0000 0.0001 0.0007 0.0086 0.1064 1.0000 1.0000 0.0001 0.0018 0.0221 0.2781 1.0000 1.0000 0.0003 0.0016 0.0003 1.0000 1.0000 0.2781 0.0221 0.0018 0.0001 1.0000 1.0000 0.1064 0.0086 0.0007 0.0001 1.0000 0.5472 0.0447 0.0037 0.0003 1.0000 1.0000 0.2429 0.0200 0.0016 0.0001 1.0000 1.0000 0.1108 0.0091 0.0008 0.0001 1.0000 0.6169 0.0509 0.0042 0.0003 1.0000 1.0000 0.2834 0.0234 0.0019 0.0002 1.0000 1.0000 0.1304 0.0108 0.0009 0.0001 1.0000 0.7279 0.0567
0.7362 1.0000 0.0001 0.0010 0.0115 0.1397 1.0000 1.0000 0.0002 0.0021 0.0251 0.3041 1.0000 1.0000 0.0004 0.0045 0.0545 0.6606 1.0000 0.0001 0.0008 0.0098 0.1186 1.0000 1.0000 0.0001 0.0018 0.0213 0.2592 1.0000 1.0000 0.0003 0.0039 0.0472 0.5772 1.0000 0.0001 0.0007 0.0089 0.1099 1.0000 1.0000 0.0001 0.0018 0.0222 0.2781 1.0000 1.0000 0.0004 0.0041 0.0193 0.0041 0.0004 1.0000 1.0000 0.2781 0.0222 0.0018 0.0001 1.0000 1.0000 0.1099 0.0089 0.0007 0.0001 1.0000 0.5772 0.0472 0.0039 0.0003 1.0000 1.0000 0.2592 0.0213 0.0018 0.0001 1.0000 1.0000 0.1186 0.0098 0.0008 0.0001 1.0000 0.6606 0.0545 0.0045 0.0004 1.0000 1.0000 0.3041 0.0251 0.0021 0.0002 1.0000 1.0000 0.1397 0.0115 0.0010 0.0001 1.0000 0.7362
1.0000 0.0001 0.0010 0.0123 0.1490 1.0000 1.0000 0.0002 0.0022 0.0267 0.3238 1.0000 1.0000 0.0004 0.0048 0.0581 0.7047 1.0000 0.0001 0.0009 0.0104 0.1263 1.0000 1.0000 0.0002 0.0019 0.0227 0.2754 1.0000 1.0000 0.0003 0.0041 0.0500 0.6076 1.0000 0.0001 0.0008 0.0093 0.1140 1.0000 1.0000 0.0001 0.0018 0.0225 0.2797 1.0000 1.0000 0.0004 0.0046 0.0505 0.2397 0.0505 0.0046 0.0004 1.0000 1.0000 0.2797 0.0225 0.0018 0.0001 1.0000 1.0000 0.1140 0.0093 0.0008 0.0001 1.0000 0.6076 0.0500 0.0041 0.0003 1.0000 1.0000 0.2754 0.0227 0.0019 0.0002 1.0000 1.0000 0.1263 0.0104 0.0009 0.0001 1.0000 0.7047 0.0581 0.0048 0.0004 1.0000 1.0000 0.3238 0.0267 0.0022 0.0002 1.0000 1.0000 0.1490 0.0123 0.0010 0.0001 1.0000
0.0001 0.0011 0.0128 0.1551 1.0000 1.0000 0.0002 0.0023 0.0278 0.3369 1.0000 1.0000 0.0004 0.0050 0.0605 0.7335 1.0000 0.0001 0.0009 0.0109 0.1317 1.0000 1.0000 0.0002 0.0020 0.0236 0.2867 1.0000 1.0000 0.0004 0.0043 0.0518 0.6287 1.0000 0.0001 0.0008 0.0095 0.1164 1.0000 1.0000 0.0001 0.0018 0.0225 0.2781 1.0000 1.0000 0.0004 0.0046 0.0559 0.6157 1.0000 0.6157 0.0559 0.0046 0.0004 1.0000 1.0000 0.2781 0.0225 0.0018 0.0001 1.0000 1.0000 0.1164 0.0095 0.0008 0.0001 1.0000 0.6287 0.0518 0.0043 0.0004 1.0000 1.0000 0.2867 0.0236 0.0020 0.0002 1.0000 1.0000 0.1317 0.0109 0.0009 0.0001 1.0000 0.7335 0.0605 0.0050 0.0004 1.0000 1.0000 0.3369 0.0278 0.0023 0.0002 1.0000 1.0000 0.1551 0.0128 0.0011 0.0001
0.0009 0.0119 0.1445 1.0000 1.0000 0.0002 0.0021 0.0260 0.3146 1.0000 1.0000 0.0004 0.0047 0.0565 0.6849 1.0000 0.0001 0.0008 0.0101 0.1230 1.0000 1.0000 0.0002 0.0018 0.0221 0.2677 1.0000 1.0000 0.0003 0.0040 0.0482 0.5849 1.0000 0.0001 0.0007 0.0088 0.1070 1.0000 1.0000 0.0001 0.0017 0.0203 0.2504 1.0000 1.0000 0.0003 0.0041 0.0505 0.6157 1.0000 1.0000 1.0000 0.6157 0.0505 0.0041 0.0003 1.0000 1.0000 0.2504 0.0203 0.0017 0.0001 1.0000 1.0000 0.1070 0.0088 0.0007 0.0001 1.0000 0.5849 0.0482 0.0040 0.0003 1.0000 1.0000 0.2677 0.0221 0.0018 0.0002 1.0000 1.0000 0.1230 0.0101 0.0008 0.0001 1.0000 0.6849 0.0565 0.0047 0.0004 1.0000 1.0000 0.3146 0.0260 0.0021 0.0002 1.0000 1.0000 0.1445 0.0119 0.0009
0.0046 0.0577 0.6967 1.0000 0.0001 0.0008 0.0103 0.1249 1.0000 1.0000 0.0002 0.0018 0.0224 0.2713 1.0000 1.0000 0.0003 0.0040 0.0487 0.5905 1.0000 0.0001 0.0007 0.0087 0.1060 1.0000 1.0000 0.0001 0.0016 0.0191 0.2312 1.0000 1.0000 0.0003 0.0035 0.0422 0.5130 1.0000 1.0000 0.0006 0.0079 0.0970 1.0000 1.0000 0.0001 0.0016 0.0193 0.2397 1.0000 1.0000 0.0001 1.0000 1.0000 0.2397 0.0193 0.0016 0.0001 1.0000 1.0000 0.0970 0.0079 0.0006 1.0000 1.0000 0.5130 0.0422 0.0035 0.0003 1.0000 1.0000 0.2312 0.0191 0.0016 0.0001 1.0000 1.0000 0.1060 0.0087 0.0007 0.0001 1.0000 0.5905 0.0487 0.0040 0.0003 1.0000 1.0000 0.2713 0.0224 0.0018 0.0002 1.0000 1.0000 0.1249 0.0103 0.0008 0.0001 1.0000 0.6967 0.0577 0.0046
0.0009 0.0119 0.1445 1.0000 1.0000 0.0002 0.0021 0.0260 0.3146 1.0000 1.0000 0.0004 0.0047 0.0565 0.6849 1.0000 0.0001 0.0008 0.0101 0.1230 1.0000 1.0000 0.0002 0.0018 0.0221 0.2677 1.0000 1.0000 0.0003 0.0040 0.0482 0.5849 1.0000 0.0001 0.0007 0.0088 0.1070 1.0000 1.0000 0.0001 0.0017 0.0203 0.2504 1.0000 1.0000 0.0003 0.0041 0.0505 0.6157 1.0000 1.0000 1.0000 0.6157 0.0505 0.0041 0.0003 1.0000 1.0000 0.2504 0.0203 0.0017 0.0001 1.0000 1.0000 0.1070 0.0088 0.0007 0.0001 1.0000 0.5849 0.0482 0.0040 0.0003 1.0000 1.0000 0.2677 0.0221 0.0018 0.0002 1.0000 1.0000 0.1230 0.0101 0.0008 0.0001 1.0000 0.6849 0.0565 0.0047 0.0004 1.0000 1.0000 0.3146 0.0260 0.0021 0.0002 1.0000 1.0000 0.1445 0.0119 0.0009
0.0001 0.0011 0.0128 0.1551 1.0000 1.0000 0.0002 0.0023 0.0278 0.3369 1.0000 1.0000 0.0004 0.0050 0.0605 0.7335 1.0000 0.0001 0.0009 0.0109 0.1317 1.0000 1.0000 0.0002 0.0020 0.0236 0.2867 1.0000 1.0000 0.0004 0.0043 0.0518 0.6287 1.0000 0.0001 0.0008 0.0095 0.1164 1.0000 1.0000 0.0001 0.0018 0.0225 0.2781 1.0000 1.0000 0.0004 0.0046 0.0559 0.6157 1.0000 0.6157 0.0559 0.0046 0.0004 1.0000 1.0000 0.2781 0.0225 0.0018 0.0001 1.0000 1.0000 0.1164 0.0095 0.0008 0.0001 1.0000 0.6287 0.0518 0.0043 0.0004 1.0000 1.0000 0.2867 0.0236 0.0020 0.0002 1.0000 1.0000 0.1317 0.0109 0.0009 0.0001 1.0000 0.7335 0.0605 0.0050 0.0004 1.0000 1.0000 0.3369 0.0278 0.0023 0.0002 1.0000 1.0000 0.1551 0.0128 0.0011 0.0001
1.0000 0.0001 0.0010 0.0123 0.1490 1.0000 1.0000 0.0002 0.0022 0.0267 0.3238 1.0000 1.0000 0.0004 0.0048 0.0581 0.7047 1.0000 0.0001 0.0009 0.0104 0.1263 1.0000 1.0000 0.0002 0.0019 0.0227 0.2754 1.0000 1.0000 0.0003 0.0041 0.0500 0.6076 1.0000 0.0001 0.0008 0.0093 0.1140 1.0000 1.0000 0.0001 0.0018 0.0225 0.2797 1.0000 1.0000 0.0004 0.0046 0.0505 0.2397 0.0505 0.0046 0.0004 1.0000 1.0000 0.2797 0.0225 0.0018 0.0001 1.0000 1.0000 0.1140 0.0093 0.0008 0.0001 1.0000 0.6076 0.0500 0.0041 0.0003 1.0000 1.0000 0.2754 0.0227 0.0019 0.0002 1.0000 1.0000 0.1263 0.0104 0.0009 0.0001 1.0000 0.7047 0.0581 0.0048 0.0004 1.0000 1.0000 0.3238 0.0267 0.0022 0.0002 1.0000 1.0000 0.1490 0.0123 0.0010 0.0001 1.0000
0.7362 1.0000 0.0001 0.0010 0.0115 0.1397 1.0000 1.0000 0.0002 0.0021 0.0251 0.3041 1.0000 1.0000 0.0004 0.0045 0.0545 0.6606 1.0000 0.0001 0.0008 0.0098 0.1186 1.0000 1.0000 0.0001 0.0018 0.0213 0.2592 1.0000 1.0000 0.0003 0.0039 0.0472 0.5772 1.0000 0.0001 0.0007 0.0089 0.1099 1.0000 1.0000 0.0001 0.0018 0.0222 0.2781 1.0000 1.0000 0.0004 0.0041 0.0193 0.0041 0.0004 1.0000 1.0000 0.2781 0.0222 0.0018 0.0001 1.0000 1.0000 0.1099 0.0089 0.0007 0.0001 1.0000 0.5772 0.0472 0.0039 0.0003 1.0000 1.0000 0.2592 0.0213 0.0018 0.0001 1.0000 1.0000 0.1186 0.0098 0.0008 0.0001 1.0000 0.6606 0.0545 0.0045 0.0004 1.0000 1.0000 0.3041 0.0251 0.0021 0.0002 1.0000 1.0000 0.1397 0.0115 0.0010 0.0001 1.0000 0.7362
0.0567 0.7279 1.0000 0.0001 0.0009 0.0108 0.1304 1.0000 1.0000 0.0002 0.0019 0.0234 0.2834 1.0000 1.0000 0.0003 0.0042 0.0509 0.6169 1.0000 0.0001 0.0008 0.0091 0.1108 1.0000 1.0000 0.0001 0.0016 0.0200 0.2429 1.0000 1.0000 0.0003 0.0037 0.0447 0.5472 1.0000 0.0001 0.0007 0.0086 0.1064 1.0000 1.0000 0.0001 0.0018 0.0221 0.2781 1.0000 1.0000 0.0003 0.0016 0.0003 1.0000 1.0000 0.2781 0.0221 0.0018 0.0001 1.0000 1.0000 0.1064 0.0086 0.0007 0.0001 1.0000 0.5472 0.0447 0.0037 0.0003 1.0000 1.0000 0.2429 0.0200 0.0016 0.0001 1.0000 1.0000 0.1108 0.0091 0.0008 0.0001 1.0000 0.6169 0.0509 0.0042 0.0003 1.0000 1.0000 0.2834 0.0234 0.0019 0.0002 1.0000 1.0000 0.1304 0.0108 0.0009 0.0001 1.0000 0.7279 0.0567
