-0.1106 -0.2150 -0.1973 -0.1183 -0.0524 -0.0150 0.0232 0.0831 0.0939 -0.1141 -0.1979 -0.2162 -0.1969 -0.1178 -0.0522 -0.0148 0.0234 0.0836 0.0929 -0.1149 -0.1980 -0.2162 -0.1966 -0.1174 -0.0520 -0.0146 0.0236 0.0841 0.0919 -0.1157 -0.1982 -0.2162 -0.1964 -0.1169 -0.0517 -0.0144 0.0238 0.0845 0.0910 -0.1164 -0.1983 -0.2162 -0.1961 -0.1164 -0.0515 -0.0142 0.0240 0.0855 0.0862 -0.1212 -0.1831 -0.1212 0.0862 0.0855 0.0240 -0.0142 -0.0515 -0.1164 -0.1961 -0.2162 -0.1983 -0.1164 0.0910 0.0845 0.0238 -0.0144 -0.0517 -0.1169 -0.1964 -0.2162 -0.1982 -0.1157 0.0919 0.0841 0.0236 -0.0146 -0.0520 -0.1174 -0.1966 -0.2162 -0.1980 -0.1149 0.0929 0.0836 0.0234 -0.0148 -0.0522 -0.1178 -0.1969 -0.2162 -0.1979 -0.1141 0.0939 0.0831 0.0232 -0.0150 -0.0524 -0.1183 -0.1973 -0.2150 -0.1106
-0.2150 -0.2848 -0.1417 -0.0372 0.0083 0.0413 0.1025 0.1253 -0.1734 -0.3311 -0.3324 -0.2824 -0.1409 -0.0369 0.0085 0.0415 0.1031 0.1239 -0.1748 -0.3312 -0.3323 -0.2819 -0.1401 -0.0367 0.0086 0.0417 0.1036 0.1228 -0.1762 -0.3313 -0.3322 -0.2815 -0.1392 -0.0364 0.0088 0.0419 0.1042 0.1215 -0.1776 -0.3314 -0.3322 -0.2810 -0.1384 -0.0361 0.0090 0.0421 0.1047 0.1204 -0.1820 -0.3335 -0.3411 -0.3335 -0.1820 0.1204 0.1047 0.0421 0.0090 -0.0361 -0.1384 -0.2810 -0.3322 -0.3314 -0.1776 0.1215 0.1042 0.0419 0.0088 -0.0364 -0.1392 -0.2815 -0.3322 -0.3313 -0.1762 0.1228 0.1036 0.0417 0.0086 -0.0367 -0.1401 -0.2819 -0.3323 -0.3312 -0.1748 0.1239 0.1031 0.0415 0.0085 -0.0369 -0.1409 -0.2824 -0.3324 -0.3311 -0.1734 0.1253 0.1025 0.0413 0.0083 -0.0372 -0.1417 -0.2848 -0.2150
-0.1973 -0.1417 -0.0366 0.0051 0.0396 0.1036 0.1227 -0.1766 -0.3315 -0.3323 -0.2805 -0.1359 -0.0359 0.0054 0.0400 0.1044 0.1211 -0.1782 -0.3316 -0.3322 -0.2799 -0.1351 -0.0357 0.0055 0.0402 0.1049 0.1199 -0.1796 -0.3316 -0.3321 -0.2795 -0.1342 -0.0354 0.0057 0.0404 0.1055 0.1186 -0.1810 -0.3317 -0.3320 -0.2790 -0.1335 -0.0351 0.0058 0.0406 0.1060 0.1175 -0.1824 -0.3317 -0.3332 -0.3192 -0.3332 -0.3317 -0.1824 0.1175 0.1060 0.0406 0.0058 -0.0351 -0.1335 -0.2790 -0.3320 -0.3317 -0.1810 0.1186 0.1055 0.0404 0.0057 -0.0354 -0.1342 -0.2795 -0.3321 -0.3316 -0.1796 0.1199 0.1049 0.0402 0.0055 -0.0357 -0.1351 -0.2799 -0.3322 -0.3316 -0.1782 0.1211 0.1044 0.0400 0.0054 -0.0359 -0.1359 -0.2805 -0.3323 -0.3315 -0.1766 0.1227 0.1036 0.0396 0.0051 -0.0366 -0.1417 -0.1973
-0.1183 -0.0372 0.0051 0.0398 0.1043 0.1206 -0.1794 -0.3317 -0.3321 -0.2796 -0.1344 -0.0353 0.0061 0.0405 0.1056 0.1183 -0.1815 -0.3317 -0.3320 -0.2790 -0.1335 -0.0350 0.0063 0.0407 0.1062 0.1170 -0.1829 -0.3318 -0.3319 -0.2785 -0.1326 -0.0348 0.0065 0.0409 0.1068 0.1157 -0.1844 -0.3319 -0.3318 -0.2780 -0.1319 -0.0345 0.0066 0.0412 0.1073 0.1144 -0.1858 -0.3319 -0.3297 -0.2766 -0.2121 -0.2766 -0.3297 -0.3319 -0.1858 0.1144 0.1073 0.0412 0.0066 -0.0345 -0.1319 -0.2780 -0.3318 -0.3319 -0.1844 0.1157 0.1068 0.0409 0.0065 -0.0348 -0.1326 -0.2785 -0.3319 -0.3318 -0.1829 0.1170 0.1062 0.0407 0.0063 -0.0350 -0.1335 -0.2790 -0.3320 -0.3317 -0.1815 0.1183 0.1056 0.0405 0.0061 -0.0353 -0.1344 -0.2796 -0.3321 -0.3317 -0.1794 0.1206 0.1043 0.0398 0.0051 -0.0372 -0.1183
-0.0524 0.0083 0.0396 0.1043 0.1197 -0.1813 -0.3318 -0.3319 -0.2785 -0.1327 -0.0347 0.0065 0.0410 0.1070 0.1153 -0.1849 -0.3319 -0.3318 -0.2778 -0.1316 -0.0344 0.0066 0.0413 0.1075 0.1140 -0.1863 -0.3320 -0.3317 -0.2773 -0.1308 -0.0341 0.0068 0.0415 0.1081 0.1127 -0.1878 -0.3320 -0.3316 -0.2769 -0.1300 -0.0339 0.0069 0.0417 0.1087 0.1113 -0.1892 -0.3321 -0.3314 -0.2710 -0.1223 -0.0551 -0.1223 -0.2710 -0.3314 -0.3321 -0.1892 0.1113 0.1087 0.0417 0.0069 -0.0339 -0.1300 -0.2769 -0.3316 -0.3320 -0.1878 0.1127 0.1081 0.0415 0.0068 -0.0341 -0.1308 -0.2773 -0.3317 -0.3320 -0.1863 0.1140 0.1075 0.0413 0.0066 -0.0344 -0.1316 -0.2778 -0.3318 -0.3319 -0.1849 0.1153 0.1070 0.0410 0.0065 -0.0347 -0.1327 -0.2785 -0.3319 -0.3318 -0.1813 0.1197 0.1043 0.0396 0.0083 -0.0524
-0.0150 0.0413 0.1036 0.1206 -0.1813 -0.3318 -0.3318 -0.2776 -0.1310 -0.0341 0.0068 0.0416 0.1083 0.1122 -0.1883 -0.3321 -0.3315 -0.2767 -0.1297 -0.0338 0.0070 0.0418 0.1089 0.1109 -0.1897 -0.3321 -0.3314 -0.2762 -0.1289 -0.0335 0.0071 0.0420 0.1095 0.1095 -0.1912 -0.3322 -0.3313 -0.2757 -0.1281 -0.0333 0.0073 0.0423 0.1101 0.1081 -0.1927 -0.3323 -0.3313 -0.2753 -0.1222 -0.0269 0.0017 -0.0269 -0.1222 -0.2753 -0.3313 -0.3323 -0.1927 0.1081 0.1101 0.0423 0.0073 -0.0333 -0.1281 -0.2757 -0.3313 -0.3322 -0.1912 0.1095 0.1095 0.0420 0.0071 -0.0335 -0.1289 -0.2762 -0.3314 -0.3321 -0.1897 0.1109 0.1089 0.0418 0.0070 -0.0338 -0.1297 -0.2767 -0.3315 -0.3321 -0.1883 0.1122 0.1083 0.0416 0.0068 -0.0341 -0.1310 -0.2776 -0.3318 -0.3318 -0.1813 0.1206 0.1036 0.0413 -0.0150
0.0232 0.1025 0.1227 -0.1794 -0.3318 -0.3318 -0.2773 -0.1300 -0.0337 0.0071 0.0420 0.1096 0.1091 -0.1917 -0.3322 -0.3313 -0.2755 -0.1279 -0.0332 0.0074 0.0423 0.1103 0.1077 -0.1932 -0.3323 -0.3312 -0.2750 -0.1271 -0.0329 0.0075 0.0426 0.1109 0.1063 -0.1947 -0.3324 -0.3311 -0.2745 -0.1263 -0.0327 0.0077 0.0428 0.1115 0.1049 -0.1962 -0.3324 -0.3310 -0.2741 -0.1258 -0.0324 0.0116 0.0340 0.0116 -0.0324 -0.1258 -0.2741 -0.3310 -0.3324 -0.1962 0.1049 0.1115 0.0428 0.0077 -0.0327 -0.1263 -0.2745 -0.3311 -0.3324 -0.1947 0.1063 0.1109 0.0426 0.0075 -0.0329 -0.1271 -0.2750 -0.3312 -0.3323 -0.1932 0.1077 0.1103 0.0423 0.0074 -0.0332 -0.1279 -0.2755 -0.3313 -0.3322 -0.1917 0.1091 0.1096 0.0420 0.0071 -0.0337 -0.1300 -0.2773 -0.3318 -0.3318 -0.1794 0.1227 0.1025 0.0232
0.0831 0.1253 -0.1766 -0.3317 -0.3319 -0.2776 -0.1300 -0.0336 0.0073 0.0424 0.1107 0.1063 -0.1949 -0.3324 -0.3311 -0.2743 -0.1260 -0.0326 0.0077 0.0429 0.1117 0.1044 -0.1967 -0.3325 -0.3310 -0.2738 -0.1252 -0.0323 0.0079 0.0431 0.1123 0.1030 -0.1982 -0.3325 -0.3308 -0.2733 -0.1245 -0.0321 0.0080 0.0433 0.1129 0.1015 -0.1998 -0.3326 -0.3307 -0.2728 -0.1238 -0.0320 0.0083 0.0470 0.0824 0.0470 0.0083 -0.0320 -0.1238 -0.2728 -0.3307 -0.3326 -0.1998 0.1015 0.1129 0.0433 0.0080 -0.0321 -0.1245 -0.2733 -0.3308 -0.3325 -0.1982 0.1030 0.1123 0.0431 0.0079 -0.0323 -0.1252 -0.2738 -0.3310 -0.3325 -0.1967 0.1044 0.1117 0.0429 0.0077 -0.0326 -0.1260 -0.2743 -0.3311 -0.3324 -0.1949 0.1063 0.1107 0.0424 0.0073 -0.0336 -0.1300 -0.2776 -0.3319 -0.3317 -0.1766 0.1253 0.0831
0.0939 -0.1734 -0.3315 -0.3321 -0.2785 -0.1310 -0.0337 0.0073 0.0425 0.1114 0.1042 -0.1977 -0.3325 -0.3308 -0.2732 -0.1242 -0.0320 0.0081 0.0434 0.1131 0.1010 -0.2003 -0.3326 -0.3307 -0.2726 -0.1234 -0.0317 0.0082 0.0437 0.1138 0.0996 -0.2018 -0.3327 -0.3306 -0.2721 -0.1226 -0.0315 0.0084 0.0439 0.1144 0.0981 -0.2034 -0.3328 -0.3305 -0.2716 -0.1219 -0.0312 0.0084 0.0443 0.1087 0.1424 0.1087 0.0443 0.0084 -0.0312 -0.1219 -0.2716 -0.3305 -0.3328 -0.2034 0.0981 0.1144 0.0439 0.0084 -0.0315 -0.1226 -0.2721 -0.3306 -0.3327 -0.2018 0.0996 0.1138 0.0437 0.0082 -0.0317 -0.1234 -0.2726 -0.3307 -0.3326 -0.2003 0.1010 0.1131 0.0434 0.0081 -0.0320 -0.1242 -0.2732 -0.3308 -0.3325 -0.1977 0.1042 0.1114 0.0425 0.0073 -0.0337 -0.1310 -0.2785 -0.3321 -0.3315 -0.1734 0.0939
-0.1141 -0.3311 -0.3323 -0.2796 -0.1327 -0.0341 0.0071 0.0424 0.1114 0.1032 -0.1995 -0.3326 -0.3306 -0.2721 -0.1225 -0.0314 0.0084 0.0440 0.1146 0.0976 -0.2039 -0.3328 -0.3304 -0.2714 -0.1216 -0.0311 0.0086 0.0442 0.1153 0.0961 -0.2054 -0.3328 -0.3303 -0.2709 -0.1209 -0.0309 0.0087 0.0444 0.1159 0.0946 -0.2070 -0.3329 -0.3302 -0.2704 -0.1201 -0.0306 0.0089 0.0446 0.1182 0.0867 -0.1216 0.0867 0.1182 0.0446 0.0089 -0.0306 -0.1201 -0.2704 -0.3302 -0.3329 -0.2070 0.0946 0.1159 0.0444 0.0087 -0.0309 -0.1209 -0.2709 -0.3303 -0.3328 -0.2054 0.0961 0.1153 0.0442 0.0086 -0.0311 -0.1216 -0.2714 -0.3304 -0.3328 -0.2039 0.0976 0.1146 0.0440 0.0084 -0.0314 -0.1225 -0.2721 -0.3306 -0.3326 -0.1995 0.1032 0.1114 0.0424 0.0071 -0.0341 -0.1327 -0.2796 -0.3323 -0.3311 -0.1141
-0.1979 -0.3324 -0.2805 -0.1344 -0.0347 0.0068 0.0420 0.1107 0.1042 -0.1995 -0.3327 -0.3305 -0.2713 -0.1211 -0.0309 0.0088 0.0445 0.1162 0.0941 -0.2075 -0.3329 -0.3302 -0.2702 -0.1198 -0.0306 0.0090 0.0448 0.1168 0.0925 -0.2091 -0.3330 -0.3300 -0.2696 -0.1191 -0.0303 0.0091 0.0450 0.1175 0.0910 -0.2107 -0.3331 -0.3299 -0.2691 -0.1183 -0.0301 0.0093 0.0452 0.1187 0.0853 -0.2184 -0.3271 -0.2184 0.0853 0.1187 0.0452 0.0093 -0.0301 -0.1183 -0.2691 -0.3299 -0.3331 -0.2107 0.0910 0.1175 0.0450 0.0091 -0.0303 -0.1191 -0.2696 -0.3300 -0.3330 -0.2091 0.0925 0.1168 0.0448 0.0090 -0.0306 -0.1198 -0.2702 -0.3302 -0.3329 -0.2075 0.0941 0.1162 0.0445 0.0088 -0.0309 -0.1211 -0.2713 -0.3305 -0.3327 -0.1995 0.1042 0.1107 0.0420 0.0068 -0.0347 -0.1344 -0.2805 -0.3324 -0.1979
-0.2162 -0.2824 -0.1359 -0.0353 0.0065 0.0416 0.1096 0.1063 -0.1977 -0.3326 -0.3305 -0.2710 -0.1202 -0.0305 0.0091 0.0450 0.1176 0.0904 -0.2113 -0.3331 -0.3299 -0.2689 -0.1181 -0.0300 0.0093 0.0453 0.1184 0.0889 -0.2129 -0.3331 -0.3298 -0.2684 -0.1173 -0.0297 0.0095 0.0456 0.1191 0.0873 -0.2145 -0.3332 -0.3296 -0.2678 -0.1165 -0.0295 0.0096 0.0458 0.1198 0.0858 -0.2186 -0.3349 -0.3401 -0.3349 -0.2186 0.0858 0.1198 0.0458 0.0096 -0.0295 -0.1165 -0.2678 -0.3296 -0.3332 -0.2145 0.0873 0.1191 0.0456 0.0095 -0.0297 -0.1173 -0.2684 -0.3298 -0.3331 -0.2129 0.0889 0.1184 0.0453 0.0093 -0.0300 -0.1181 -0.2689 -0.3299 -0.3331 -0.2113 0.0904 0.1176 0.0450 0.0091 -0.0305 -0.1202 -0.2710 -0.3305 -0.3326 -0.1977 0.1063 0.1096 0.0416 0.0065 -0.0353 -0.1359 -0.2824 -0.2162
-0.1969 -0.1409 -0.0359 0.0061 0.0410 0.1083 0.1091 -0.1949 -0.3325 -0.3306 -0.2713 -0.1202 -0.0303 0.0092 0.0454 0.1189 0.0873 -0.2148 -0.3332 -0.3296 -0.2677 -0.1163 -0.0294 0.0097 0.0459 0.1201 0.0852 -0.2167 -0.3333 -0.3295 -0.2671 -0.1156 -0.0291 0.0098 0.0461 0.1208 0.0836 -0.2184 -0.3333 -0.3294 -0.2666 -0.1148 -0.0289 0.0100 0.0464 0.1215 0.0820 -0.2200 -0.3331 -0.3305 -0.3128 -0.3305 -0.3331 -0.2200 0.0820 0.1215 0.0464 0.0100 -0.0289 -0.1148 -0.2666 -0.3294 -0.3333 -0.2184 0.0836 0.1208 0.0461 0.0098 -0.0291 -0.1156 -0.2671 -0.3295 -0.3333 -0.2167 0.0852 0.1201 0.0459 0.0097 -0.0294 -0.1163 -0.2677 -0.3296 -0.3332 -0.2148 0.0873 0.1189 0.0454 0.0092 -0.0303 -0.1202 -0.2713 -0.3306 -0.3325 -0.1949 0.1091 0.1083 0.0410 0.0061 -0.0359 -0.1409 -0.1969
-0.1178 -0.0369 0.0054 0.0405 0.1070 0.1122 -0.1917 -0.3324 -0.3308 -0.2721 -0.1211 -0.0305 0.0092 0.0455 0.1197 0.0849 -0.2178 -0.3333 -0.3293 -0.2664 -0.1146 -0.0288 0.0100 0.0464 0.1218 0.0814 -0.2206 -0.3334 -0.3292 -0.2658 -0.1138 -0.0286 0.0102 0.0467 0.1225 0.0797 -0.2223 -0.3335 -0.3291 -0.2653 -0.1131 -0.0283 0.0103 0.0469 0.1232 0.0781 -0.2239 -0.3335 -0.3266 -0.2632 -0.1911 -0.2632 -0.3266 -0.3335 -0.2239 0.0781 0.1232 0.0469 0.0103 -0.0283 -0.1131 -0.2653 -0.3291 -0.3335 -0.2223 0.0797 0.1225 0.0467 0.0102 -0.0286 -0.1138 -0.2658 -0.3292 -0.3334 -0.2206 0.0814 0.1218 0.0464 0.0100 -0.0288 -0.1146 -0.2664 -0.3293 -0.3333 -0.2178 0.0849 0.1197 0.0455 0.0092 -0.0305 -0.1211 -0.2721 -0.3308 -0.3324 -0.1917 0.1122 0.1070 0.0405 0.0054 -0.0369 -0.1178
-0.0522 0.0085 0.0400 0.1056 0.1153 -0.1883 -0.3322 -0.3311 -0.2732 -0.1225 -0.0309 0.0091 0.0454 0.1197 0.0838 -0.2197 -0.3334 -0.3291 -0.2653 -0.1130 -0.0282 0.0104 0.0470 0.1235 0.0775 -0.2245 -0.3336 -0.3289 -0.2645 -0.1121 -0.0280 0.0105 0.0472 0.1243 0.0759 -0.2262 -0.3336 -0.3287 -0.2640 -0.1114 -0.0277 0.0107 0.0475 0.1250 0.0742 -0.2280 -0.3337 -0.3286 -0.2575 -0.1037 -0.0445 -0.1037 -0.2575 -0.3286 -0.3337 -0.2280 0.0742 0.1250 0.0475 0.0107 -0.0277 -0.1114 -0.2640 -0.3287 -0.3336 -0.2262 0.0759 0.1243 0.0472 0.0105 -0.0280 -0.1121 -0.2645 -0.3289 -0.3336 -0.2245 0.0775 0.1235 0.0470 0.0104 -0.0282 -0.1130 -0.2653 -0.3291 -0.3334 -0.2197 0.0838 0.1197 0.0454 0.0091 -0.0309 -0.1225 -0.2732 -0.3311 -0.3322 -0.1883 0.1153 0.1056 0.0400 0.0085 -0.0522
-0.0148 0.0415 0.1044 0.1183 -0.1849 -0.3321 -0.3313 -0.2743 -0.1242 -0.0314 0.0088 0.0450 0.1189 0.0849 -0.2197 -0.3335 -0.3289 -0.2644 -0.1116 -0.0277 0.0107 0.0476 0.1253 0.0736 -0.2285 -0.3337 -0.3286 -0.2632 -0.1104 -0.0274 0.0109 0.0478 0.1261 0.0720 -0.2303 -0.3338 -0.3284 -0.2626 -0.1097 -0.0272 0.0110 0.0481 0.1269 0.0703 -0.2320 -0.3338 -0.3284 -0.2622 -0.1047 -0.0211 0.0054 -0.0211 -0.1047 -0.2622 -0.3284 -0.3338 -0.2320 0.0703 0.1269 0.0481 0.0110 -0.0272 -0.1097 -0.2626 -0.3284 -0.3338 -0.2303 0.0720 0.1261 0.0478 0.0109 -0.0274 -0.1104 -0.2632 -0.3286 -0.3337 -0.2285 0.0736 0.1253 0.0476 0.0107 -0.0277 -0.1116 -0.2644 -0.3289 -0.3335 -0.2197 0.0849 0.1189 0.0450 0.0088 -0.0314 -0.1242 -0.2743 -0.3313 -0.3321 -0.1849 0.1183 0.1044 0.0415 -0.0148
0.0234 0.1031 0.1211 -0.1815 -0.3319 -0.3315 -0.2755 -0.1260 -0.0320 0.0084 0.0445 0.1176 0.0873 -0.2178 -0.3334 -0.3289 -0.2641 -0.1108 -0.0274 0.0110 0.0481 0.1270 0.0697 -0.2326 -0.3338 -0.3282 -0.2619 -0.1087 -0.0268 0.0112 0.0484 0.1279 0.0680 -0.2344 -0.3339 -0.3281 -0.2613 -0.1080 -0.0266 0.0114 0.0486 0.1288 0.0663 -0.2362 -0.3339 -0.3280 -0.2609 -0.1075 -0.0263 0.0151 0.0390 0.0151 -0.0263 -0.1075 -0.2609 -0.3280 -0.3339 -0.2362 0.0663 0.1288 0.0486 0.0114 -0.0266 -0.1080 -0.2613 -0.3281 -0.3339 -0.2344 0.0680 0.1279 0.0484 0.0112 -0.0268 -0.1087 -0.2619 -0.3282 -0.3338 -0.2326 0.0697 0.1270 0.0481 0.0110 -0.0274 -0.1108 -0.2641 -0.3289 -0.3334 -0.2178 0.0873 0.1176 0.0445 0.0084 -0.0320 -0.1260 -0.2755 -0.3315 -0.3319 -0.1815 0.1211 0.1031 0.0234
0.0836 0.1239 -0.1782 -0.3317 -0.3318 -0.2767 -0.1279 -0.0326 0.0081 0.0440 0.1162 0.0904 -0.2148 -0.3333 -0.3291 -0.2644 -0.1108 -0.0272 0.0112 0.0484 0.1285 0.0663 -0.2365 -0.3340 -0.3279 -0.2605 -0.1071 -0.0263 0.0116 0.0490 0.1299 0.0640 -0.2386 -0.3340 -0.3278 -0.2599 -0.1063 -0.0260 0.0117 0.0492 0.1307 0.0622 -0.2404 -0.3341 -0.3276 -0.2594 -0.1058 -0.0260 0.0120 0.0526 0.0898 0.0526 0.0120 -0.0260 -0.1058 -0.2594 -0.3276 -0.3341 -0.2404 0.0622 0.1307 0.0492 0.0117 -0.0260 -0.1063 -0.2599 -0.3278 -0.3340 -0.2386 0.0640 0.1299 0.0490 0.0116 -0.0263 -0.1071 -0.2605 -0.3279 -0.3340 -0.2365 0.0663 0.1285 0.0484 0.0112 -0.0272 -0.1108 -0.2644 -0.3291 -0.3333 -0.2148 0.0904 0.1162 0.0440 0.0081 -0.0326 -0.1279 -0.2767 -0.3318 -0.3317 -0.1782 0.1239 0.0836
0.0929 -0.1748 -0.3316 -0.3320 -0.2778 -0.1297 -0.0332 0.0077 0.0434 0.1146 0.0941 -0.2113 -0.3332 -0.3293 -0.2653 -0.1116 -0.0274 0.0112 0.0486 0.1294 0.0637 -0.2398 -0.3341 -0.3276 -0.2592 -0.1054 -0.0257 0.0119 0.0495 0.1319 0.0599 -0.2429 -0.3341 -0.3274 -0.2586 -0.1047 -0.0255 0.0121 0.0498 0.1327 0.0582 -0.2448 -0.3342 -0.3273 -0.2580 -0.1040 -0.0252 0.0121 0.0503 0.1219 0.1352 0.1219 0.0503 0.0121 -0.0252 -0.1040 -0.2580 -0.3273 -0.3342 -0.2448 0.0582 0.1327 0.0498 0.0121 -0.0255 -0.1047 -0.2586 -0.3274 -0.3341 -0.2429 0.0599 0.1319 0.0495 0.0119 -0.0257 -0.1054 -0.2592 -0.3276 -0.3341 -0.2398 0.0637 0.1294 0.0486 0.0112 -0.0274 -0.1116 -0.2653 -0.3293 -0.3332 -0.2113 0.0941 0.1146 0.0434 0.0077 -0.0332 -0.1297 -0.2778 -0.3320 -0.3316 -0.1748 0.0929
-0.1149 -0.3312 -0.3322 -0.2790 -0.1316 -0.0338 0.0074 0.0429 0.1131 0.0976 -0.2075 -0.3331 -0.3296 -0.2664 -0.1130 -0.0277 0.0110 0.0484 0.1294 0.0625 -0.2420 -0.3341 -0.3273 -0.2580 -0.1039 -0.0252 0.0123 0.0501 0.1339 0.0558 -0.2473 -0.3342 -0.3271 -0.2572 -0.1031 -0.0249 0.0124 0.0504 0.1348 0.0540 -0.2492 -0.3343 -0.3269 -0.2566 -0.1024 -0.0247 0.0126 0.0506 0.1381 0.0452 -0.1685 0.0452 0.1381 0.0506 0.0126 -0.0247 -0.1024 -0.2566 -0.3269 -0.3343 -0.2492 0.0540 0.1348 0.0504 0.0124 -0.0249 -0.1031 -0.2572 -0.3271 -0.3342 -0.2473 0.0558 0.1339 0.0501 0.0123 -0.0252 -0.1039 -0.2580 -0.3273 -0.3341 -0.2420 0.0625 0.1294 0.0484 0.0110 -0.0277 -0.1130 -0.2664 -0.3296 -0.3331 -0.2075 0.0976 0.1131 0.0429 0.0074 -0.0338 -0.1316 -0.2790 -0.3322 -0.3312 -0.1149
-0.1980 -0.3323 -0.2799 -0.1335 -0.0344 0.0070 0.0423 0.1117 0.1010 -0.2039 -0.3329 -0.3299 -0.2677 -0.1146 -0.0282 0.0107 0.0481 0.1285 0.0637 -0.2420 -0.3342 -0.3272 -0.2571 -0.1026 -0.0247 0.0126 0.0507 0.1361 0.0517 -0.2517 -0.3344 -0.3267 -0.2558 -0.1015 -0.0244 0.0128 0.0509 0.1370 0.0499 -0.2537 -0.3344 -0.3266 -0.2552 -0.1008 -0.0241 0.0129 0.0512 0.1388 0.0438 -0.2629 -0.3298 -0.2629 0.0438 0.1388 0.0512 0.0129 -0.0241 -0.1008 -0.2552 -0.3266 -0.3344 -0.2537 0.0499 0.1370 0.0509 0.0128 -0.0244 -0.1015 -0.2558 -0.3267 -0.3344 -0.2517 0.0517 0.1361 0.0507 0.0126 -0.0247 -0.1026 -0.2571 -0.3272 -0.3342 -0.2420 0.0637 0.1285 0.0481 0.0107 -0.0282 -0.1146 -0.2677 -0.3299 -0.3329 -0.2039 0.1010 0.1117 0.0423 0.0070 -0.0344 -0.1335 -0.2799 -0.3323 -0.1980
-0.2162 -0.2819 -0.1351 -0.0350 0.0066 0.0418 0.1103 0.1044 -0.2003 -0.3328 -0.3302 -0.2689 -0.1163 -0.0288 0.0104 0.0476 0.1270 0.0663 -0.2398 -0.3341 -0.3272 -0.2567 -0.1018 -0.0243 0.0129 0.0512 0.1381 0.0475 -0.2563 -0.3345 -0.3264 -0.2544 -0.0999 -0.0238 0.0131 0.0515 0.1392 0.0458 -0.2583 -0.3345 -0.3262 -0.2537 -0.0992 -0.0236 0.0133 0.0518 0.1402 0.0441 -0.2631 -0.3362 -0.3397 -0.3362 -0.2631 0.0441 0.1402 0.0518 0.0133 -0.0236 -0.0992 -0.2537 -0.3262 -0.3345 -0.2583 0.0458 0.1392 0.0515 0.0131 -0.0238 -0.0999 -0.2544 -0.3264 -0.3345 -0.2563 0.0475 0.1381 0.0512 0.0129 -0.0243 -0.1018 -0.2567 -0.3272 -0.3341 -0.2398 0.0663 0.1270 0.0476 0.0104 -0.0288 -0.1163 -0.2689 -0.3302 -0.3328 -0.2003 0.1044 0.1103 0.0418 0.0066 -0.0350 -0.1351 -0.2819 -0.2162
-0.1966 -0.1401 -0.0357 0.0063 0.0413 0.1089 0.1077 -0.1967 -0.3326 -0.3304 -0.2702 -0.1181 -0.0294 0.0100 0.0470 0.1253 0.0697 -0.2365 -0.3341 -0.3273 -0.2571 -0.1018 -0.0242 0.0130 0.0516 0.1399 0.0440 -0.2606 -0.3346 -0.3260 -0.2529 -0.0984 -0.0233 0.0135 0.0521 0.1415 0.0416 -0.2630 -0.3346 -0.3258 -0.2523 -0.0977 -0.0230 0.0136 0.0524 0.1426 0.0399 -0.2650 -0.3342 -0.3268 -0.3046 -0.3268 -0.3342 -0.2650 0.0399 0.1426 0.0524 0.0136 -0.0230 -0.0977 -0.2523 -0.3258 -0.3346 -0.2630 0.0416 0.1415 0.0521 0.0135 -0.0233 -0.0984 -0.2529 -0.3260 -0.3346 -0.2606 0.0440 0.1397 0.0516 0.0131 -0.0242 -0.1018 -0.2571 -0.3273 -0.3341 -0.2365 0.0697 0.1253 0.0470 0.0100 -0.0294 -0.1181 -0.2702 -0.3304 -0.3326 -0.1967 0.1077 0.1089 0.0413 0.0063 -0.0357 -0.1401 -0.1966
-0.1174 -0.0367 0.0055 0.0407 0.1075 0.1109 -0.1932 -0.3325 -0.3307 -0.2714 -0.1198 -0.0300 0.0097 0.0464 0.1235 0.0736 -0.2326 -0.3340 -0.3276 -0.2580 -0.1026 -0.0243 0.0130 0.0517 0.1410 0.0413 -0.2643 -0.3347 -0.3257 -0.2515 -0.0968 -0.0227 0.0138 0.0527 0.1439 0.0374 -0.2678 -0.3347 -0.3255 -0.2508 -0.0962 -0.0225 0.0140 0.0530 0.1450 0.0356 -0.2699 -0.3347 -0.3226 -0.2480 -0.1690 -0.2480 -0.3226 -0.3347 -0.2699 0.0356 0.1450 0.0530 0.0140 -0.0225 -0.0962 -0.2508 -0.3255 -0.3347 -0.2678 0.0374 0.1439 0.0527 0.0138 -0.0227 -0.0968 -0.2515 -0.3257 -0.3347 -0.2640 0.0416 0.1407 0.0518 0.0131 -0.0243 -0.1026 -0.2580 -0.3276 -0.3340 -0.2326 0.0736 0.1235 0.0464 0.0097 -0.0300 -0.1198 -0.2714 -0.3307 -0.3325 -0.1932 0.1109 0.1075 0.0407 0.0055 -0.0367 -0.1174
-0.0520 0.0086 0.0402 0.1062 0.1140 -0.1897 -0.3323 -0.3310 -0.2726 -0.1216 -0.0306 0.0093 0.0459 0.1218 0.0775 -0.2285 -0.3338 -0.3279 -0.2592 -0.1039 -0.0247 0.0129 0.0516 0.1410 0.0401 -0.2667 -0.3347 -0.3254 -0.2502 -0.0954 -0.0222 0.0142 0.0533 0.1464 0.0332 -0.2727 -0.3348 -0.3251 -0.2494 -0.0947 -0.0219 0.0143 0.0536 0.1475 0.0314 -0.2748 -0.3349 -0.3249 -0.2424 -0.0872 -0.0352 -0.0872 -0.2424 -0.3249 -0.3349 -0.2748 0.0314 0.1475 0.0536 0.0143 -0.0219 -0.0947 -0.2494 -0.3251 -0.3348 -0.2727 0.0332 0.1464 0.0533 0.0142 -0.0222 -0.0954 -0.2502 -0.3254 -0.3347 -0.2660 0.0407 0.1407 0.0516 0.0129 -0.0247 -0.1039 -0.2592 -0.3279 -0.3338 -0.2285 0.0775 0.1218 0.0459 0.0093 -0.0306 -0.1216 -0.2726 -0.3310 -0.3323 -0.1897 0.1140 0.1062 0.0402 0.0086 -0.0520
-0.0146 0.0417 0.1049 0.1170 -0.1863 -0.3321 -0.3312 -0.2738 -0.1234 -0.0311 0.0090 0.0453 0.1201 0.0814 -0.2245 -0.3337 -0.3282 -0.2605 -0.1054 -0.0252 0.0126 0.0512 0.1399 0.0413 -0.2667 -0.3348 -0.3252 -0.2493 -0.0943 -0.0217 0.0145 0.0539 0.1490 0.0291 -0.2777 -0.3349 -0.3247 -0.2479 -0.0932 -0.0214 0.0146 0.0542 0.1502 0.0273 -0.2799 -0.3350 -0.3246 -0.2473 -0.0893 -0.0157 0.0089 -0.0157 -0.0893 -0.2473 -0.3246 -0.3350 -0.2799 0.0273 0.1502 0.0542 0.0146 -0.0214 -0.0932 -0.2479 -0.3247 -0.3349 -0.2777 0.0291 0.1490 0.0539 0.0145 -0.0217 -0.0943 -0.2494 -0.3252 -0.3348 -0.2660 0.0416 0.1397 0.0512 0.0126 -0.0252 -0.1054 -0.2605 -0.3282 -0.3337 -0.2245 0.0814 0.1201 0.0453 0.0090 -0.0311 -0.1234 -0.2738 -0.3312 -0.3321 -0.1863 0.1170 0.1049 0.0417 -0.0146
0.0236 0.1036 0.1199 -0.1829 -0.3320 -0.3314 -0.2750 -0.1252 -0.0317 0.0086 0.0448 0.1184 0.0852 -0.2206 -0.3336 -0.3286 -0.2619 -0.1071 -0.0257 0.0123 0.0507 0.1381 0.0439 -0.2643 -0.3347 -0.3252 -0.2490 -0.0937 -0.0214 0.0147 0.0544 0.1515 0.0249 -0.2829 -0.3350 -0.3243 -0.2464 -0.0917 -0.0209 0.0150 0.0548 0.1529 0.0231 -0.2851 -0.3351 -0.3241 -0.2459 -0.0913 -0.0206 0.0186 0.0442 0.0186 -0.0206 -0.0913 -0.2459 -0.3241 -0.3351 -0.2851 0.0231 0.1529 0.0548 0.0150 -0.0209 -0.0917 -0.2464 -0.3243 -0.3350 -0.2829 0.0249 0.1515 0.0544 0.0147 -0.0214 -0.0937 -0.2491 -0.3252 -0.3347 -0.2640 0.0440 0.1381 0.0507 0.0123 -0.0257 -0.1071 -0.2619 -0.3286 -0.3336 -0.2206 0.0852 0.1184 0.0448 0.0086 -0.0317 -0.1252 -0.2750 -0.3314 -0.3320 -0.1829 0.1199 0.1036 0.0236
0.0841 0.1228 -0.1796 -0.3318 -0.3317 -0.2762 -0.1271 -0.0323 0.0082 0.0442 0.1168 0.0889 -0.2167 -0.3334 -0.3289 -0.2632 -0.1087 -0.0263 0.0119 0.0501 0.1361 0.0475 -0.2606 -0.3347 -0.3254 -0.2494 -0.0937 -0.0213 0.0149 0.0548 0.1535 0.0213 -0.2878 -0.3351 -0.3239 -0.2449 -0.0902 -0.0203 0.0153 0.0554 0.1558 0.0189 -0.2904 -0.3352 -0.3237 -0.2442 -0.0897 -0.0203 0.0156 0.0585 0.0979 0.0585 0.0156 -0.0203 -0.0897 -0.2442 -0.3237 -0.3352 -0.2904 0.0189 0.1558 0.0554 0.0153 -0.0203 -0.0902 -0.2449 -0.3239 -0.3351 -0.2878 0.0213 0.1535 0.0548 0.0149 -0.0213 -0.0937 -0.2494 -0.3254 -0.3347 -0.2606 0.0475 0.1361 0.0501 0.0119 -0.0263 -0.1087 -0.2632 -0.3289 -0.3334 -0.2167 0.0889 0.1168 0.0442 0.0082 -0.0323 -0.1271 -0.2762 -0.3317 -0.3318 -0.1796 0.1228 0.0841
0.0919 -0.1762 -0.3316 -0.3319 -0.2773 -0.1289 -0.0329 0.0079 0.0437 0.1153 0.0925 -0.2129 -0.3333 -0.3292 -0.2645 -0.1104 -0.0268 0.0116 0.0495 0.1339 0.0517 -0.2563 -0.3346 -0.3257 -0.2502 -0.0943 -0.0214 0.0149 0.0549 0.1547 0.0190 -0.2916 -0.3352 -0.3235 -0.2433 -0.0888 -0.0198 0.0157 0.0560 0.1587 0.0148 -0.2959 -0.3352 -0.3232 -0.2427 -0.0882 -0.0196 0.0157 0.0565 0.1391 0.1208 0.1391 0.0565 0.0157 -0.0196 -0.0882 -0.2427 -0.3232 -0.3352 -0.2959 0.0148 0.1587 0.0560 0.0157 -0.0198 -0.0888 -0.2433 -0.3235 -0.3352 -0.2916 0.0190 0.1547 0.0549 0.0149 -0.0214 -0.0943 -0.2502 -0.3257 -0.3346 -0.2563 0.0517 0.1339 0.0495 0.0116 -0.0268 -0.1104 -0.2645 -0.3292 -0.3333 -0.2129 0.0925 0.1153 0.0437 0.0079 -0.0329 -0.1289 -0.2773 -0.3319 -0.3316 -0.1762 0.0919
-0.1157 -0.3313 -0.3321 -0.2785 -0.1308 -0.0335 0.0075 0.0431 0.1138 0.0961 -0.2091 -0.3331 -0.3295 -0.2658 -0.1121 -0.0274 0.0112 0.0490 0.1319 0.0558 -0.2517 -0.3345 -0.3260 -0.2515 -0.0954 -0.0217 0.0147 0.0548 0.1547 0.0181 -0.2939 -0.3352 -0.3231 -0.2420 -0.0875 -0.0193 0.0160 0.0566 0.1618 0.0107 -0.3015 -0.3353 -0.3228 -0.2411 -0.0868 -0.0191 0.0162 0.0569 0.1670 0.0021 -0.2251 0.0021 0.1670 0.0569 0.0162 -0.0191 -0.0868 -0.2411 -0.3228 -0.3353 -0.3015 0.0107 0.1618 0.0566 0.0160 -0.0193 -0.0875 -0.2420 -0.3231 -0.3352 -0.2939 0.0181 0.1547 0.0548 0.0147 -0.0217 -0.0954 -0.2515 -0.3260 -0.3345 -0.2517 0.0558 0.1319 0.0490 0.0112 -0.0274 -0.1121 -0.2658 -0.3295 -0.3331 -0.2091 0.0961 0.1138 0.0431 0.0075 -0.0335 -0.1308 -0.2785 -0.3321 -0.3313 -0.1157
-0.1982 -0.3322 -0.2795 -0.1326 -0.0341 0.0071 0.0426 0.1123 0.0996 -0.2054 -0.3330 -0.3298 -0.2671 -0.1138 -0.0280 0.0109 0.0484 0.1299 0.0599 -0.2473 -0.3344 -0.3264 -0.2529 -0.0968 -0.0222 0.0145 0.0544 0.1535 0.0190 -0.2939 -0.3353 -0.3230 -0.2411 -0.0865 -0.0188 0.0163 0.0572 0.1650 0.0066 -0.3072 -0.3354 -0.3224 -0.2395 -0.0854 -0.0185 0.0165 0.0575 0.1680 0.0009 -0.3190 -0.3322 -0.3190 0.0009 0.1680 0.0575 0.0165 -0.0185 -0.0854 -0.2395 -0.3224 -0.3354 -0.3072 0.0066 0.1650 0.0572 0.0163 -0.0188 -0.0865 -0.2411 -0.3230 -0.3353 -0.2939 0.0190 0.1535 0.0544 0.0145 -0.0222 -0.0968 -0.2529 -0.3264 -0.3344 -0.2473 0.0599 0.1299 0.0484 0.0109 -0.0280 -0.1138 -0.2671 -0.3298 -0.3330 -0.2054 0.0996 0.1123 0.0426 0.0071 -0.0341 -0.1326 -0.2795 -0.3322 -0.1982
-0.2162 -0.2815 -0.1342 -0.0348 0.0068 0.0420 0.1109 0.1030 -0.2018 -0.3328 -0.3300 -0.2684 -0.1156 -0.0286 0.0105 0.0478 0.1279 0.0640 -0.2429 -0.3342 -0.3267 -0.2544 -0.0984 -0.0227 0.0142 0.0539 0.1515 0.0213 -0.2916 -0.3352 -0.3230 -0.2408 -0.0859 -0.0185 0.0166 0.0578 0.1675 0.0026 -0.3131 -0.3355 -0.3219 -0.2379 -0.0841 -0.0180 0.0169 0.0581 0.1683 0.0009 -0.3191 -0.3371 -0.3387 -0.3371 -0.3191 0.0009 0.1683 0.0581 0.0169 -0.0180 -0.0841 -0.2379 -0.3219 -0.3355 -0.3131 0.0026 0.1675 0.0578 0.0166 -0.0185 -0.0859 -0.2408 -0.3230 -0.3352 -0.2916 0.0213 0.1515 0.0539 0.0142 -0.0227 -0.0984 -0.2544 -0.3267 -0.3342 -0.2429 0.0640 0.1279 0.0478 0.0105 -0.0286 -0.1156 -0.2684 -0.3300 -0.3328 -0.2018 0.1030 0.1109 0.0420 0.0068 -0.0348 -0.1342 -0.2815 -0.2162
-0.1964 -0.1392 -0.0354 0.0065 0.0415 0.1095 0.1063 -0.1982 -0.3327 -0.3303 -0.2696 -0.1173 -0.0291 0.0102 0.0472 0.1261 0.0680 -0.2386 -0.3341 -0.3271 -0.2558 -0.0999 -0.0233 0.0138 0.0533 0.1490 0.0249 -0.2878 -0.3352 -0.3231 -0.2411 -0.0859 -0.0184 0.0167 0.0581 0.1684 -0.0009 -0.3174 -0.3355 -0.3214 -0.2363 -0.0827 -0.0175 0.0172 0.0588 0.1687 -0.0031 -0.3188 -0.3349 -0.3222 -0.2949 -0.3222 -0.3349 -0.3188 -0.0031 0.1687 0.0588 0.0172 -0.0175 -0.0827 -0.2363 -0.3214 -0.3355 -0.3174 -0.0009 0.1684 0.0581 0.0167 -0.0184 -0.0859 -0.2411 -0.3231 -0.3352 -0.2878 0.0249 0.1490 0.0533 0.0138 -0.0233 -0.0999 -0.2558 -0.3271 -0.3341 -0.2386 0.0680 0.1261 0.0472 0.0102 -0.0291 -0.1173 -0.2696 -0.3303 -0.3327 -0.1982 0.1063 0.1095 0.0415 0.0065 -0.0354 -0.1392 -0.1964
-0.1169 -0.0364 0.0057 0.0409 0.1081 0.1095 -0.1947 -0.3325 -0.3306 -0.2709 -0.1191 -0.0297 0.0098 0.0467 0.1243 0.0720 -0.2344 -0.3340 -0.3274 -0.2572 -0.1015 -0.0238 0.0135 0.0527 0.1464 0.0291 -0.2829 -0.3351 -0.3235 -0.2420 -0.0865 -0.0185 0.0167 0.0583 0.1685 -0.0032 -0.3189 -0.3356 -0.3210 -0.2347 -0.0814 -0.0170 0.0175 0.0594 0.1690 -0.0072 -0.3191 -0.3356 -0.3177 -0.2310 -0.1467 -0.2310 -0.3177 -0.3356 -0.3191 -0.0072 0.1690 0.0594 0.0175 -0.0170 -0.0814 -0.2347 -0.3210 -0.3356 -0.3189 -0.0032 0.1685 0.0583 0.0167 -0.0185 -0.0865 -0.2420 -0.3235 -0.3351 -0.2829 0.0291 0.1464 0.0527 0.0135 -0.0238 -0.1015 -0.2572 -0.3274 -0.3340 -0.2344 0.0720 0.1243 0.0467 0.0098 -0.0297 -0.1191 -0.2709 -0.3306 -0.3325 -0.1947 0.1095 0.1081 0.0409 0.0057 -0.0364 -0.1169
-0.0517 0.0088 0.0404 0.1068 0.1127 -0.1912 -0.3324 -0.3308 -0.2721 -0.1209 -0.0303 0.0095 0.0461 0.1225 0.0759 -0.2303 -0.3339 -0.3278 -0.2586 -0.1031 -0.0244 0.0131 0.0521 0.1439 0.0332 -0.2777 -0.3350 -0.3239 -0.2433 -0.0875 -0.0188 0.0166 0.0581 0.1685 -0.0040 -0.3190 -0.3356 -0.3206 -0.2333 -0.0802 -0.0165 0.0179 0.0601 0.1693 -0.0111 -0.3194 -0.3357 -0.3202 -0.2257 -0.0730 -0.0271 -0.0730 -0.2257 -0.3202 -0.3357 -0.3194 -0.0111 0.1693 0.0601 0.0179 -0.0165 -0.0802 -0.2333 -0.3206 -0.3356 -0.3190 -0.0040 0.1685 0.0581 0.0166 -0.0188 -0.0875 -0.2433 -0.3239 -0.3350 -0.2777 0.0332 0.1439 0.0521 0.0131 -0.0244 -0.1031 -0.2586 -0.3278 -0.3339 -0.2303 0.0759 0.1225 0.0461 0.0095 -0.0303 -0.1209 -0.2721 -0.3308 -0.3324 -0.1912 0.1127 0.1068 0.0404 0.0088 -0.0517
-0.0144 0.0419 0.1055 0.1157 -0.1878 -0.3322 -0.3311 -0.2733 -0.1226 -0.0309 0.0091 0.0456 0.1208 0.0797 -0.2262 -0.3338 -0.3281 -0.2599 -0.1047 -0.0249 0.0128 0.0515 0.1415 0.0374 -0.2727 -0.3349 -0.3243 -0.2449 -0.0888 -0.0193 0.0163 0.0578 0.1684 -0.0032 -0.3190 -0.3356 -0.3204 -0.2324 -0.0793 -0.0161 0.0182 0.0607 0.1695 -0.0150 -0.3197 -0.3357 -0.3198 -0.2308 -0.0760 -0.0106 0.0122 -0.0106 -0.0760 -0.2308 -0.3198 -0.3357 -0.3197 -0.0150 0.1695 0.0607 0.0182 -0.0161 -0.0793 -0.2324 -0.3204 -0.3356 -0.3190 -0.0032 0.1684 0.0578 0.0163 -0.0193 -0.0888 -0.2449 -0.3243 -0.3349 -0.2727 0.0374 0.1415 0.0515 0.0128 -0.0249 -0.1047 -0.2599 -0.3281 -0.3338 -0.2262 0.0797 0.1208 0.0456 0.0091 -0.0309 -0.1226 -0.2733 -0.3311 -0.3322 -0.1878 0.1157 0.1055 0.0419 -0.0144
0.0238 0.1042 0.1186 -0.1844 -0.3320 -0.3313 -0.2745 -0.1245 -0.0315 0.0087 0.0450 0.1191 0.0836 -0.2223 -0.3336 -0.3284 -0.2613 -0.1063 -0.0255 0.0124 0.0509 0.1392 0.0416 -0.2678 -0.3348 -0.3247 -0.2464 -0.0902 -0.0198 0.0160 0.0572 0.1675 -0.0009 -0.3189 -0.3356 -0.3204 -0.2320 -0.0787 -0.0158 0.0185 0.0613 0.1698 -0.0188 -0.3200 -0.3358 -0.3193 -0.2292 -0.0773 -0.0152 0.0221 0.0496 0.0221 -0.0152 -0.0773 -0.2292 -0.3193 -0.3358 -0.3200 -0.0188 0.1698 0.0613 0.0185 -0.0158 -0.0787 -0.2320 -0.3204 -0.3356 -0.3189 -0.0009 0.1675 0.0572 0.0160 -0.0198 -0.0902 -0.2464 -0.3247 -0.3348 -0.2678 0.0416 0.1392 0.0509 0.0124 -0.0255 -0.1063 -0.2613 -0.3284 -0.3336 -0.2223 0.0836 0.1191 0.0450 0.0087 -0.0315 -0.1245 -0.2745 -0.3313 -0.3320 -0.1844 0.1186 0.1042 0.0238
0.0845 0.1215 -0.1810 -0.3319 -0.3316 -0.2757 -0.1263 -0.0321 0.0084 0.0444 0.1175 0.0873 -0.2184 -0.3335 -0.3287 -0.2626 -0.1080 -0.0260 0.0121 0.0504 0.1370 0.0458 -0.2630 -0.3347 -0.3251 -0.2479 -0.0917 -0.0203 0.0157 0.0566 0.1650 0.0026 -0.3174 -0.3356 -0.3206 -0.2324 -0.0787 -0.0157 0.0186 0.0616 0.1699 -0.0221 -0.3202 -0.3358 -0.3187 -0.2273 -0.0759 -0.0149 0.0192 0.0647 0.1072 0.0647 0.0192 -0.0149 -0.0759 -0.2273 -0.3187 -0.3358 -0.3202 -0.0221 0.1699 0.0616 0.0186 -0.0157 -0.0787 -0.2324 -0.3206 -0.3356 -0.3174 0.0026 0.1650 0.0566 0.0157 -0.0203 -0.0917 -0.2479 -0.3251 -0.3347 -0.2630 0.0458 0.1370 0.0504 0.0121 -0.0260 -0.1080 -0.2626 -0.3287 -0.3335 -0.2184 0.0873 0.1175 0.0444 0.0084 -0.0321 -0.1263 -0.2757 -0.3316 -0.3319 -0.1810 0.1215 0.0845
0.0910 -0.1776 -0.3317 -0.3318 -0.2769 -0.1281 -0.0327 0.0080 0.0439 0.1159 0.0910 -0.2145 -0.3333 -0.3291 -0.2640 -0.1097 -0.0266 0.0117 0.0498 0.1348 0.0499 -0.2583 -0.3346 -0.3255 -0.2494 -0.0932 -0.0209 0.0153 0.0560 0.1618 0.0066 -0.3131 -0.3355 -0.3210 -0.2333 -0.0793 -0.0158 0.0186 0.0618 0.1700 -0.0243 -0.3204 -0.3359 -0.3183 -0.2256 -0.0746 -0.0143 0.0193 0.0633 0.1463 0.0970 0.1463 0.0633 0.0193 -0.0143 -0.0746 -0.2256 -0.3183 -0.3359 -0.3204 -0.0243 0.1700 0.0618 0.0186 -0.0158 -0.0793 -0.2333 -0.3210 -0.3355 -0.3131 0.0066 0.1618 0.0560 0.0153 -0.0209 -0.0932 -0.2494 -0.3255 -0.3346 -0.2583 0.0499 0.1348 0.0498 0.0117 -0.0266 -0.1097 -0.2640 -0.3291 -0.3333 -0.2145 0.0910 0.1159 0.0439 0.0080 -0.0327 -0.1281 -0.2769 -0.3318 -0.3317 -0.1776 0.0910
-0.1164 -0.3314 -0.3320 -0.2780 -0.1300 -0.0333 0.0077 0.0433 0.1144 0.0946 -0.2107 -0.3332 -0.3294 -0.2653 -0.1114 -0.0272 0.0114 0.0492 0.1327 0.0540 -0.2537 -0.3345 -0.3258 -0.2508 -0.0947 -0.0214 0.0150 0.0554 0.1587 0.0107 -0.3072 -0.3355 -0.3214 -0.2347 -0.0802 -0.0161 0.0185 0.0616 0.1700 -0.0251 -0.3206 -0.3359 -0.3179 -0.2242 -0.0735 -0.0138 0.0198 0.0636 0.1699 -0.0378 -0.2486 -0.0378 0.1699 0.0636 0.0198 -0.0138 -0.0735 -0.2242 -0.3179 -0.3359 -0.3206 -0.0251 0.1700 0.0616 0.0185 -0.0161 -0.0802 -0.2347 -0.3214 -0.3355 -0.3072 0.0107 0.1587 0.0554 0.0150 -0.0214 -0.0947 -0.2508 -0.3258 -0.3345 -0.2537 0.0540 0.1327 0.0492 0.0114 -0.0272 -0.1114 -0.2653 -0.3294 -0.3332 -0.2107 0.0946 0.1144 0.0433 0.0077 -0.0333 -0.1300 -0.2780 -0.3320 -0.3314 -0.1164
-0.1983 -0.3322 -0.2790 -0.1319 -0.0339 0.0073 0.0428 0.1129 0.0981 -0.2070 -0.3331 -0.3296 -0.2666 -0.1131 -0.0277 0.0110 0.0486 0.1307 0.0582 -0.2492 -0.3344 -0.3262 -0.2523 -0.0962 -0.0219 0.0146 0.0548 0.1558 0.0148 -0.3015 -0.3354 -0.3219 -0.2363 -0.0814 -0.0165 0.0182 0.0613 0.1699 -0.0243 -0.3206 -0.3359 -0.3176 -0.2232 -0.0727 -0.0134 0.0201 0.0643 0.1705 -0.0388 -0.3228 -0.3344 -0.3228 -0.0388 0.1705 0.0643 0.0201 -0.0134 -0.0727 -0.2232 -0.3176 -0.3359 -0.3206 -0.0243 0.1699 0.0613 0.0182 -0.0165 -0.0814 -0.2363 -0.3219 -0.3354 -0.3015 0.0148 0.1558 0.0548 0.0146 -0.0219 -0.0962 -0.2523 -0.3262 -0.3344 -0.2492 0.0582 0.1307 0.0486 0.0110 -0.0277 -0.1131 -0.2666 -0.3296 -0.3331 -0.2070 0.0981 0.1129 0.0428 0.0073 -0.0339 -0.1319 -0.2790 -0.3322 -0.1983
-0.2162 -0.2810 -0.1335 -0.0345 0.0069 0.0423 0.1115 0.1015 -0.2034 -0.3329 -0.3299 -0.2678 -0.1148 -0.0283 0.0107 0.0481 0.1288 0.0622 -0.2448 -0.3343 -0.3266 -0.2537 -0.0977 -0.0225 0.0143 0.0542 0.1529 0.0189 -0.2959 -0.3353 -0.3224 -0.2379 -0.0827 -0.0170 0.0179 0.0607 0.1698 -0.0221 -0.3204 -0.3359 -0.3176 -0.2228 -0.0722 -0.0131 0.0204 0.0649 0.1706 -0.0389 -0.3220 -0.3376 -0.3370 -0.3376 -0.3220 -0.0389 0.1706 0.0649 0.0204 -0.0131 -0.0722 -0.2228 -0.3176 -0.3359 -0.3204 -0.0221 0.1698 0.0607 0.0179 -0.0170 -0.0827 -0.2379 -0.3224 -0.3353 -0.2959 0.0189 0.1529 0.0542 0.0143 -0.0225 -0.0977 -0.2537 -0.3266 -0.3343 -0.2448 0.0622 0.1288 0.0481 0.0107 -0.0283 -0.1148 -0.2678 -0.3299 -0.3329 -0.2034 0.1015 0.1115 0.0423 0.0069 -0.0345 -0.1335 -0.2810 -0.2162
-0.1961 -0.1384 -0.0351 0.0066 0.0417 0.1101 0.1049 -0.1998 -0.3328 -0.3302 -0.2691 -0.1165 -0.0289 0.0103 0.0475 0.1269 0.0663 -0.2404 -0.3342 -0.3269 -0.2552 -0.0992 -0.0230 0.0140 0.0536 0.1502 0.0231 -0.2904 -0.3352 -0.3228 -0.2395 -0.0841 -0.0175 0.0175 0.0601 0.1695 -0.0188 -0.3202 -0.3359 -0.3179 -0.2232 -0.0722 -0.0130 0.0205 0.0653 0.1706 -0.0421 -0.3217 -0.3351 -0.3165 -0.2835 -0.3165 -0.3351 -0.3217 -0.0421 0.1706 0.0653 0.0205 -0.0130 -0.0722 -0.2232 -0.3179 -0.3359 -0.3202 -0.0188 0.1695 0.0601 0.0175 -0.0175 -0.0841 -0.2395 -0.3228 -0.3352 -0.2904 0.0231 0.1502 0.0536 0.0140 -0.0230 -0.0992 -0.2552 -0.3269 -0.3342 -0.2404 0.0663 0.1269 0.0475 0.0103 -0.0289 -0.1165 -0.2691 -0.3302 -0.3328 -0.1998 0.1049 0.1101 0.0417 0.0066 -0.0351 -0.1384 -0.1961
-0.1164 -0.0361 0.0058 0.0412 0.1087 0.1081 -0.1962 -0.3326 -0.3305 -0.2704 -0.1183 -0.0295 0.0100 0.0469 0.1250 0.0703 -0.2362 -0.3341 -0.3273 -0.2566 -0.1008 -0.0236 0.0136 0.0530 0.1475 0.0273 -0.2851 -0.3352 -0.3232 -0.2411 -0.0854 -0.0180 0.0172 0.0594 0.1693 -0.0150 -0.3200 -0.3358 -0.3183 -0.2242 -0.0727 -0.0131 0.0205 0.0654 0.1707 -0.0441 -0.3220 -0.3360 -0.3118 -0.2124 -0.1253 -0.2124 -0.3118 -0.3360 -0.3220 -0.0441 0.1707 0.0654 0.0205 -0.0131 -0.0727 -0.2242 -0.3183 -0.3358 -0.3200 -0.0150 0.1693 0.0594 0.0172 -0.0180 -0.0854 -0.2411 -0.3232 -0.3352 -0.2851 0.0273 0.1475 0.0530 0.0136 -0.0236 -0.1008 -0.2566 -0.3273 -0.3341 -0.2362 0.0703 0.1250 0.0469 0.0100 -0.0295 -0.1183 -0.2704 -0.3305 -0.3326 -0.1962 0.1081 0.1087 0.0412 0.0058 -0.0361 -0.1164
-0.0515 0.0090 0.0406 0.1073 0.1113 -0.1927 -0.3324 -0.3307 -0.2716 -0.1201 -0.0301 0.0096 0.0464 0.1232 0.0742 -0.2320 -0.3339 -0.3276 -0.2580 -0.1024 -0.0241 0.0133 0.0524 0.1450 0.0314 -0.2799 -0.3351 -0.3237 -0.2427 -0.0868 -0.0185 0.0169 0.0588 0.1690 -0.0111 -0.3197 -0.3358 -0.3187 -0.2256 -0.0735 -0.0134 0.0204 0.0653 0.1707 -0.0449 -0.3221 -0.3361 -0.3148 -0.2080 -0.0612 -0.0202 -0.0612 -0.2081 -0.3148 -0.3361 -0.3221 -0.0449 0.1707 0.0653 0.0204 -0.0134 -0.0735 -0.2256 -0.3187 -0.3358 -0.3197 -0.0111 0.1690 0.0588 0.0169 -0.0185 -0.0868 -0.2427 -0.3237 -0.3351 -0.2799 0.0314 0.1450 0.0524 0.0133 -0.0241 -0.1024 -0.2580 -0.3276 -0.3339 -0.2320 0.0742 0.1232 0.0464 0.0096 -0.0301 -0.1201 -0.2716 -0.3307 -0.3324 -0.1927 0.1113 0.1073 0.0406 0.0090 -0.0515
-0.0142 0.0421 0.1060 0.1144 -0.1892 -0.3323 -0.3310 -0.2728 -0.1219 -0.0306 0.0093 0.0458 0.1215 0.0781 -0.2280 -0.3338 -0.3280 -0.2594 -0.1040 -0.0247 0.0129 0.0518 0.1426 0.0356 -0.2748 -0.3350 -0.3241 -0.2442 -0.0882 -0.0191 0.0165 0.0581 0.1687 -0.0072 -0.3194 -0.3357 -0.3193 -0.2273 -0.0746 -0.0138 0.0201 0.0649 0.1706 -0.0441 -0.3221 -0.3360 -0.3146 -0.2140 -0.0653 -0.0061 0.0154 -0.0060 -0.0653 -0.2140 -0.3145 -0.3360 -0.3221 -0.0441 0.1706 0.0649 0.0201 -0.0138 -0.0746 -0.2273 -0.3193 -0.3357 -0.3194 -0.0072 0.1687 0.0581 0.0165 -0.0191 -0.0882 -0.2442 -0.3241 -0.3350 -0.2748 0.0356 0.1426 0.0518 0.0129 -0.0247 -0.1040 -0.2594 -0.3280 -0.3338 -0.2280 0.0781 0.1215 0.0458 0.0093 -0.0306 -0.1219 -0.2728 -0.3310 -0.3323 -0.1892 0.1144 0.1060 0.0421 -0.0142
0.0240 0.1047 0.1174 -0.1858 -0.3321 -0.3312 -0.2740 -0.1237 -0.0312 0.0089 0.0452 0.1198 0.0819 -0.2240 -0.3337 -0.3283 -0.2607 -0.1056 -0.0252 0.0126 0.0512 0.1402 0.0398 -0.2699 -0.3349 -0.3245 -0.2457 -0.0896 -0.0196 0.0162 0.0575 0.1683 -0.0032 -0.3191 -0.3357 -0.3198 -0.2290 -0.0758 -0.0143 0.0198 0.0643 0.1706 -0.0421 -0.3220 -0.3360 -0.3145 -0.2135 -0.0665 -0.0106 0.0256 0.0549 0.0256 -0.0106 -0.0665 -0.2137 -0.3146 -0.3361 -0.3220 -0.0421 0.1706 0.0643 0.0198 -0.0143 -0.0759 -0.2292 -0.3198 -0.3357 -0.3191 -0.0031 0.1683 0.0575 0.0162 -0.0196 -0.0897 -0.2459 -0.3246 -0.3349 -0.2699 0.0399 0.1402 0.0512 0.0126 -0.0252 -0.1058 -0.2609 -0.3284 -0.3337 -0.2239 0.0820 0.1198 0.0452 0.0089 -0.0312 -0.1238 -0.2741 -0.3313 -0.3321 -0.1858 0.1175 0.1047 0.0240
0.0850 0.1204 -0.1825 -0.3320 -0.3315 -0.2752 -0.1255 -0.0318 0.0085 0.0447 0.1182 0.0857 -0.2200 -0.3335 -0.3286 -0.2621 -0.1073 -0.0258 0.0122 0.0506 0.1379 0.0440 -0.2650 -0.3348 -0.3249 -0.2472 -0.0911 -0.0201 0.0158 0.0569 0.1665 0.0008 -0.3188 -0.3356 -0.3203 -0.2307 -0.0770 -0.0148 0.0194 0.0636 0.1705 -0.0390 -0.3218 -0.3360 -0.3148 -0.2136 -0.0662 -0.0106 0.0225 0.0706 0.1172 0.0706 0.0224 -0.0108 -0.0665 -0.2140 -0.3148 -0.3360 -0.3217 -0.0389 0.1705 0.0636 0.0193 -0.0149 -0.0773 -0.2308 -0.3202 -0.3356 -0.3188 0.0009 0.1680 0.0569 0.0157 -0.0203 -0.0913 -0.2473 -0.3249 -0.3347 -0.2650 0.0441 0.1388 0.0506 0.0121 -0.0260 -0.1075 -0.2622 -0.3286 -0.3335 -0.2200 0.0858 0.1187 0.0446 0.0084 -0.0320 -0.1258 -0.2753 -0.3314 -0.3319 -0.1824 0.1204 0.0855
0.0900 -0.1791 -0.3318 -0.3317 -0.2764 -0.1273 -0.0324 0.0082 0.0441 0.1166 0.0894 -0.2162 -0.3334 -0.3289 -0.2634 -0.1090 -0.0264 0.0119 0.0500 0.1357 0.0481 -0.2603 -0.3347 -0.3253 -0.2487 -0.0925 -0.0206 0.0155 0.0563 0.1632 0.0049 -0.3157 -0.3356 -0.3208 -0.2324 -0.0783 -0.0153 0.0191 0.0629 0.1704 -0.0354 -0.3215 -0.3360 -0.3152 -0.2146 -0.0666 -0.0105 0.0223 0.0694 0.1521 0.0657 0.1510 0.0698 0.0223 -0.0105 -0.0653 -0.2080 -0.3118 -0.3351 -0.3220 -0.0388 0.1699 0.0633 0.0192 -0.0152 -0.0760 -0.2257 -0.3177 -0.3349 -0.3191 0.0009 0.1670 0.0565 0.0156 -0.0206 -0.0893 -0.2424 -0.3226 -0.3342 -0.2631 0.0438 0.1381 0.0503 0.0120 -0.0263 -0.1047 -0.2575 -0.3266 -0.3331 -0.2186 0.0853 0.1182 0.0443 0.0083 -0.0324 -0.1222 -0.2710 -0.3297 -0.3317 -0.1820 0.0862
-0.1172 -0.3314 -0.3319 -0.2775 -0.1292 -0.0330 0.0078 0.0436 0.1151 0.0930 -0.2123 -0.3333 -0.3292 -0.2647 -0.1106 -0.0269 0.0115 0.0494 0.1336 0.0523 -0.2556 -0.3346 -0.3257 -0.2502 -0.0940 -0.0212 0.0151 0.0557 0.1600 0.0089 -0.3097 -0.3355 -0.3212 -0.2340 -0.0796 -0.0158 0.0187 0.0623 0.1702 -0.0317 -0.3212 -0.3360 -0.3158 -0.2162 -0.0674 -0.0108 0.0223 0.0689 0.1697 -0.0689 -0.2728 -0.0698 0.1476 0.0706 0.0255 -0.0060 -0.0612 -0.2124 -0.3165 -0.3376 -0.3228 -0.0378 0.1463 0.0647 0.0221 -0.0106 -0.0730 -0.2310 -0.3222 -0.3371 -0.3190 0.0021 0.1391 0.0585 0.0186 -0.0157 -0.0872 -0.2480 -0.3268 -0.3362 -0.2629 0.0452 0.1219 0.0526 0.0151 -0.0211 -0.1037 -0.2632 -0.3305 -0.3349 -0.2184 0.0867 0.1087 0.0470 0.0116 -0.0269 -0.1223 -0.2766 -0.3332 -0.3335 -0.1212
-0.1985 -0.3320 -0.2786 -0.1310 -0.0336 0.0075 0.0430 0.1136 0.0966 -0.2086 -0.3331 -0.3295 -0.2660 -0.1123 -0.0275 0.0112 0.0489 0.1316 0.0564 -0.2511 -0.3345 -0.3261 -0.2517 -0.0955 -0.0217 0.0148 0.0550 0.1570 0.0130 -0.3039 -0.3354 -0.3217 -0.2356 -0.0809 -0.0163 0.0184 0.0616 0.1701 -0.0280 -0.3209 -0.3360 -0.3163 -0.2179 -0.0684 -0.0112 0.0221 0.0686 0.1706 -0.0658 -0.3263 -0.3351 -0.1687 0.0843 0.1146 0.0549 0.0154 -0.0202 -0.1253 -0.2835 -0.3370 -0.3344 -0.2486 0.0970 0.1072 0.0496 0.0122 -0.0271 -0.1467 -0.2949 -0.3387 -0.3322 -0.2251 0.1208 0.0979 0.0442 0.0089 -0.0352 -0.1690 -0.3046 -0.3397 -0.3298 -0.1685 0.1352 0.0898 0.0390 0.0054 -0.0445 -0.1911 -0.3128 -0.3401 -0.3271 -0.1216 0.1424 0.0824 0.0340 0.0017 -0.0551 -0.2121 -0.3192 -0.3411 -0.1831
