0.1513 1.0000 1.0000 1.0000 1.0000 0.0010 0.0031 0.0096 0.0303 0.0951 0.2989 0.9392 1.0000 1.0000 1.0000 0.0010 0.0031 0.0097 0.0304 0.0957 0.3006 0.9445 1.0000 1.0000 1.0000 0.0010 0.0031 0.0097 0.0306 0.0962 0.3023 0.9499 1.0000 1.0000 1.0000 0.0010 0.0031 0.0098 0.0308 0.0968 0.3041 0.9554 1.0000 1.0000 1.0000 0.0010 0.0031 0.0098 0.0314 0.1135 0.2702 0.1135 0.0314 0.0098 0.0031 0.0010 1.0000 1.0000 1.0000 0.9554 0.3041 0.0968 0.0308 0.0098 0.0031 0.0010 1.0000 1.0000 1.0000 0.9499 0.3023 0.0962 0.0306 0.0097 0.0031 0.0010 1.0000 1.0000 1.0000 0.9445 0.3006 0.0957 0.0304 0.0097 0.0031 0.0010 1.0000 1.0000 1.0000 0.9392 0.2989 0.0951 0.0303 0.0096 0.0031 0.0010 1.0000 1.0000 1.0000 1.0000 0.1513
1.0000 1.0000 1.0000 1.0000 0.0020 0.0062 0.0196 0.0618 0.1941 0.6099 1.0000 1.0000 1.0000 1.0000 0.0020 0.0063 0.0198 0.0621 0.1952 0.6134 1.0000 1.0000 1.0000 1.0000 0.0020 0.0063 0.0199 0.0625 0.1963 0.6169 1.0000 1.0000 1.0000 1.0000 0.0020 0.0064 0.0200 0.0628 0.1975 0.6204 1.0000 1.0000 1.0000 1.0000 0.0020 0.0064 0.0201 0.0628 0.1993 0.7251 1.0000 0.7251 0.1993 0.0628 0.0201 0.0064 0.0020 1.0000 1.0000 1.0000 1.0000 0.6204 0.1975 0.0628 0.0200 0.0064 0.0020 1.0000 1.0000 1.0000 1.0000 0.6169 0.1963 0.0625 0.0199 0.0063 0.0020 1.0000 1.0000 1.0000 1.0000 0.6134 0.1952 0.0621 0.0198 0.0063 0.0020 1.0000 1.0000 1.0000 1.0000 0.6099 0.1941 0.0618 0.0196 0.0062 0.0020 1.0000 1.0000 1.0000 1.0000
1.0000 1.0000 1.0000 0.0018 0.0058 0.0181 0.0570 0.1792 0.5641 1.0000 1.0000 1.0000 1.0000 0.0019 0.0058 0.0183 0.0574 0.1806 0.5663 1.0000 1.0000 1.0000 1.0000 0.0019 0.0059 0.0184 0.0578 0.1813 0.5706 1.0000 1.0000 1.0000 1.0000 0.0019 0.0059 0.0185 0.0580 0.1826 0.5728 1.0000 1.0000 1.0000 1.0000 0.0019 0.0059 0.0186 0.0585 0.1826 0.5794 1.0000 1.0000 1.0000 0.5794 0.1826 0.0585 0.0186 0.0059 0.0019 1.0000 1.0000 1.0000 1.0000 0.5728 0.1826 0.0580 0.0185 0.0059 0.0019 1.0000 1.0000 1.0000 1.0000 0.5706 0.1813 0.0578 0.0184 0.0059 0.0019 1.0000 1.0000 1.0000 1.0000 0.5663 0.1806 0.0574 0.0183 0.0058 0.0019 1.0000 1.0000 1.0000 1.0000 0.5641 0.1792 0.0570 0.0181 0.0058 0.0018 1.0000 1.0000 1.0000
1.0000 1.0000 0.0018 0.0059 0.0185 0.0583 0.1833 0.5783 1.0000 1.0000 1.0000 1.0000 0.0019 0.0060 0.0187 0.0589 0.1851 0.5816 1.0000 1.0000 1.0000 1.0000 0.0019 0.0060 0.0189 0.0592 0.1862 0.5849 1.0000 1.0000 1.0000 1.0000 0.0019 0.0060 0.0190 0.0596 0.1872 0.5882 1.0000 1.0000 1.0000 1.0000 0.0019 0.0061 0.0191 0.0599 0.1883 0.5894 1.0000 1.0000 1.0000 1.0000 1.0000 0.5894 0.1883 0.0599 0.0191 0.0061 0.0019 1.0000 1.0000 1.0000 1.0000 0.5882 0.1872 0.0596 0.0190 0.0060 0.0019 1.0000 1.0000 1.0000 1.0000 0.5849 0.1862 0.0592 0.0189 0.0060 0.0019 1.0000 1.0000 1.0000 1.0000 0.5816 0.1851 0.0589 0.0187 0.0060 0.0019 1.0000 1.0000 1.0000 1.0000 0.5783 0.1833 0.0583 0.0185 0.0059 0.0018 1.0000 1.0000
1.0000 0.0020 0.0058 0.0185 0.0583 0.1847 0.5827 1.0000 1.0000 1.0000 1.0000 0.0019 0.0060 0.0190 0.0596 0.1872 0.5882 1.0000 1.0000 1.0000 1.0000 0.0019 0.0061 0.0191 0.0599 0.1883 0.5916 1.0000 1.0000 1.0000 0.0006 0.0019 0.0061 0.0192 0.0603 0.1894 0.5950 1.0000 1.0000 1.0000 0.0006 0.0020 0.0061 0.0193 0.0606 0.1904 0.5984 1.0000 1.0000 1.0000 1.0000 1.0000 1.0000 1.0000 0.5984 0.1904 0.0606 0.0193 0.0061 0.0020 0.0006 1.0000 1.0000 1.0000 0.5950 0.1894 0.0603 0.0192 0.0061 0.0019 0.0006 1.0000 1.0000 1.0000 0.5916 0.1883 0.0599 0.0191 0.0061 0.0019 1.0000 1.0000 1.0000 1.0000 0.5882 0.1872 0.0596 0.0190 0.0060 0.0019 1.0000 1.0000 1.0000 1.0000 0.5827 0.1847 0.0583 0.0185 0.0058 0.0020 1.0000
0.0010 0.0062 0.0181 0.0583 0.1847 0.5849 1.0000 1.0000 1.0000 0.0006 0.0019 0.0061 0.0192 0.0604 0.1897 0.5961 1.0000 1.0000 1.0000 0.0006 0.0020 0.0062 0.0193 0.0607 0.1908 0.5995 1.0000 1.0000 1.0000 0.0006 0.0020 0.0062 0.0194 0.0611 0.1919 0.6030 1.0000 1.0000 1.0000 0.0006 0.0020 0.0062 0.0195 0.0614 0.1930 0.6064 1.0000 1.0000 1.0000 0.0007 0.0016 0.0007 1.0000 1.0000 1.0000 0.6064 0.1930 0.0614 0.0195 0.0062 0.0020 0.0006 1.0000 1.0000 1.0000 0.6030 0.1919 0.0611 0.0194 0.0062 0.0020 0.0006 1.0000 1.0000 1.0000 0.5995 0.1908 0.0607 0.0193 0.0062 0.0020 0.0006 1.0000 1.0000 1.0000 0.5961 0.1897 0.0604 0.0192 0.0061 0.0019 0.0006 1.0000 1.0000 1.0000 0.5849 0.1847 0.0583 0.0181 0.0062 0.0010
0.0031 0.0196 0.0570 0.1833 0.5827 1.0000 1.0000 1.0000 0.0006 0.0020 0.0062 0.0195 0.0612 0.1923 0.6041 1.0000 1.0000 1.0000 0.0006 0.0020 0.0062 0.0196 0.0615 0.1934 0.6076 1.0000 1.0000 1.0000 0.0006 0.0020 0.0063 0.0197 0.0619 0.1945 0.6111 1.0000 1.0000 1.0000 0.0006 0.0020 0.0063 0.0198 0.0622 0.1956 0.6146 1.0000 1.0000 1.0000 0.0006 0.0023 0.0052 0.0023 0.0006 1.0000 1.0000 1.0000 0.6146 0.1956 0.0622 0.0198 0.0063 0.0020 0.0006 1.0000 1.0000 1.0000 0.6111 0.1945 0.0619 0.0197 0.0063 0.0020 0.0006 1.0000 1.0000 1.0000 0.6076 0.1934 0.0615 0.0196 0.0062 0.0020 0.0006 1.0000 1.0000 1.0000 0.6041 0.1923 0.0612 0.0195 0.0062 0.0020 0.0006 1.0000 1.0000 1.0000 0.5827 0.1833 0.0570 0.0196 0.0031
0.0096 0.0618 0.1792 0.5783 1.0000 1.0000 1.0000 0.0006 0.0020 0.0062 0.0197 0.0619 0.1948 0.6122 1.0000 1.0000 1.0000 0.0006 0.0020 0.0063 0.0198 0.0624 0.1960 0.6157 1.0000 1.0000 1.0000 0.0006 0.0020 0.0064 0.0200 0.0627 0.1971 0.6192 1.0000 1.0000 1.0000 0.0006 0.0020 0.0064 0.0201 0.0631 0.1982 0.6228 1.0000 1.0000 1.0000 0.0006 0.0021 0.0074 0.0166 0.0074 0.0021 0.0006 1.0000 1.0000 1.0000 0.6228 0.1982 0.0631 0.0201 0.0064 0.0020 0.0006 1.0000 1.0000 1.0000 0.6192 0.1971 0.0627 0.0200 0.0064 0.0020 0.0006 1.0000 1.0000 1.0000 0.6157 0.1960 0.0624 0.0198 0.0063 0.0020 0.0006 1.0000 1.0000 1.0000 0.6122 0.1948 0.0619 0.0197 0.0062 0.0020 0.0006 1.0000 1.0000 1.0000 0.5783 0.1792 0.0618 0.0096
0.0303 0.1941 0.5641 1.0000 1.0000 1.0000 0.0006 0.0020 0.0063 0.0198 0.0625 0.1967 0.6192 1.0000 1.0000 1.0000 0.0006 0.0020 0.0064 0.0201 0.0632 0.1986 0.6240 1.0000 1.0000 1.0000 0.0007 0.0020 0.0064 0.0202 0.0636 0.1997 0.6275 1.0000 1.0000 1.0000 0.0007 0.0021 0.0065 0.0203 0.0639 0.2009 0.6311 1.0000 1.0000 1.0000 0.0007 0.0021 0.0065 0.0236 0.0528 0.0236 0.0065 0.0021 0.0007 1.0000 1.0000 1.0000 0.6311 0.2009 0.0639 0.0203 0.0065 0.0021 0.0007 1.0000 1.0000 1.0000 0.6275 0.1997 0.0636 0.0202 0.0064 0.0020 0.0007 1.0000 1.0000 1.0000 0.6240 0.1986 0.0632 0.0201 0.0064 0.0020 0.0006 1.0000 1.0000 1.0000 0.6192 0.1967 0.0625 0.0198 0.0063 0.0020 0.0006 1.0000 1.0000 1.0000 0.5641 0.1941 0.0303
0.0951 0.6099 1.0000 1.0000 1.0000 0.0006 0.0020 0.0062 0.0198 0.0627 0.1982 0.6252 1.0000 1.0000 1.0000 0.0007 0.0021 0.0065 0.0204 0.0640 0.2012 0.6323 1.0000 1.0000 1.0000 0.0007 0.0021 0.0065 0.0205 0.0644 0.2024 0.6360 1.0000 1.0000 1.0000 0.0007 0.0021 0.0066 0.0206 0.0648 0.2036 0.6396 1.0000 1.0000 1.0000 0.0007 0.0021 0.0066 0.0208 0.0753 0.1680 0.0753 0.0208 0.0066 0.0021 0.0007 1.0000 1.0000 1.0000 0.6396 0.2036 0.0648 0.0206 0.0066 0.0021 0.0007 1.0000 1.0000 1.0000 0.6360 0.2024 0.0644 0.0205 0.0065 0.0021 0.0007 1.0000 1.0000 1.0000 0.6323 0.2012 0.0640 0.0204 0.0065 0.0021 0.0007 1.0000 1.0000 1.0000 0.6252 0.1982 0.0627 0.0198 0.0062 0.0020 0.0006 1.0000 1.0000 1.0000 0.6099 0.0951
0.2989 1.0000 1.0000 1.0000 1.0000 0.0019 0.0062 0.0197 0.0625 0.1982 0.6275 1.0000 1.0000 1.0000 0.0007 0.0021 0.0066 0.0207 0.0649 0.2039 0.6408 1.0000 1.0000 1.0000 0.0007 0.0021 0.0066 0.0208 0.0653 0.2051 0.6445 1.0000 1.0000 1.0000 0.0007 0.0021 0.0066 0.0209 0.0657 0.2063 0.6482 1.0000 1.0000 1.0000 0.0007 0.0021 0.0067 0.0209 0.0663 0.2397 0.5349 0.2397 0.0663 0.0209 0.0067 0.0021 0.0007 1.0000 1.0000 1.0000 0.6482 0.2063 0.0657 0.0209 0.0066 0.0021 0.0007 1.0000 1.0000 1.0000 0.6445 0.2051 0.0653 0.0208 0.0066 0.0021 0.0007 1.0000 1.0000 1.0000 0.6408 0.2039 0.0649 0.0207 0.0066 0.0021 0.0007 1.0000 1.0000 1.0000 0.6275 0.1982 0.0625 0.0197 0.0062 0.0019 1.0000 1.0000 1.0000 1.0000 0.2989
0.9392 1.0000 1.0000 1.0000 0.0019 0.0061 0.0195 0.0619 0.1967 0.6252 1.0000 1.0000 1.0000 0.0007 0.0021 0.0066 0.0209 0.0658 0.2067 0.6494 1.0000 1.0000 1.0000 0.0007 0.0021 0.0067 0.0211 0.0662 0.2079 0.6531 1.0000 1.0000 1.0000 0.0007 0.0021 0.0067 0.0212 0.0665 0.2090 0.6569 1.0000 1.0000 1.0000 0.0007 0.0022 0.0068 0.0213 0.0667 0.2110 0.7633 1.0000 0.7633 0.2110 0.0667 0.0213 0.0068 0.0022 0.0007 1.0000 1.0000 1.0000 0.6569 0.2090 0.0665 0.0212 0.0067 0.0021 0.0007 1.0000 1.0000 1.0000 0.6531 0.2079 0.0662 0.0211 0.0067 0.0021 0.0007 1.0000 1.0000 1.0000 0.6494 0.2067 0.0658 0.0209 0.0066 0.0021 0.0007 1.0000 1.0000 1.0000 0.6252 0.1967 0.0619 0.0195 0.0061 0.0019 1.0000 1.0000 1.0000 0.9392
1.0000 1.0000 1.0000 0.0019 0.0060 0.0192 0.0612 0.1948 0.6192 1.0000 1.0000 1.0000 0.0007 0.0021 0.0067 0.0211 0.0665 0.2094 0.6581 1.0000 1.0000 1.0000 0.0007 0.0022 0.0068 0.0213 0.0670 0.2106 0.6619 1.0000 1.0000 1.0000 0.0007 0.0022 0.0068 0.0215 0.0674 0.2119 0.6657 1.0000 1.0000 1.0000 0.0007 0.0022 0.0069 0.0216 0.0678 0.2123 0.6720 1.0000 1.0000 1.0000 0.6720 0.2123 0.0678 0.0216 0.0069 0.0022 0.0007 1.0000 1.0000 1.0000 0.6657 0.2119 0.0674 0.0215 0.0068 0.0022 0.0007 1.0000 1.0000 1.0000 0.6619 0.2106 0.0670 0.0213 0.0068 0.0022 0.0007 1.0000 1.0000 1.0000 0.6581 0.2094 0.0665 0.0211 0.0067 0.0021 0.0007 1.0000 1.0000 1.0000 0.6192 0.1948 0.0612 0.0192 0.0060 0.0019 1.0000 1.0000 1.0000
1.0000 1.0000 0.0019 0.0060 0.0190 0.0604 0.1923 0.6122 1.0000 1.0000 1.0000 0.0007 0.0021 0.0067 0.0213 0.0672 0.2114 0.6657 1.0000 1.0000 1.0000 0.0007 0.0022 0.0069 0.0216 0.0679 0.2135 0.6707 1.0000 1.0000 1.0000 0.0007 0.0022 0.0069 0.0217 0.0683 0.2147 0.6746 1.0000 1.0000 1.0000 0.0007 0.0022 0.0070 0.0219 0.0687 0.2159 0.6759 1.0000 1.0000 1.0000 1.0000 1.0000 0.6759 0.2159 0.0687 0.0219 0.0070 0.0022 0.0007 1.0000 1.0000 1.0000 0.6746 0.2147 0.0683 0.0217 0.0069 0.0022 0.0007 1.0000 1.0000 1.0000 0.6707 0.2135 0.0679 0.0216 0.0069 0.0022 0.0007 1.0000 1.0000 1.0000 0.6657 0.2114 0.0672 0.0213 0.0067 0.0021 0.0007 1.0000 1.0000 1.0000 0.6122 0.1923 0.0604 0.0190 0.0060 0.0019 1.0000 1.0000
1.0000 0.0020 0.0058 0.0187 0.0596 0.1897 0.6041 1.0000 1.0000 1.0000 0.0007 0.0021 0.0067 0.0213 0.0674 0.2131 0.6720 1.0000 1.0000 1.0000 0.0007 0.0022 0.0070 0.0219 0.0688 0.2163 0.6797 1.0000 1.0000 1.0000 0.0007 0.0022 0.0070 0.0220 0.0692 0.2176 0.6836 1.0000 1.0000 1.0000 0.0007 0.0022 0.0071 0.0222 0.0696 0.2188 0.6875 1.0000 1.0000 1.0000 1.0000 1.0000 1.0000 1.0000 0.6875 0.2188 0.0696 0.0222 0.0071 0.0022 0.0007 1.0000 1.0000 1.0000 0.6836 0.2176 0.0692 0.0220 0.0070 0.0022 0.0007 1.0000 1.0000 1.0000 0.6797 0.2163 0.0688 0.0219 0.0070 0.0022 0.0007 1.0000 1.0000 1.0000 0.6720 0.2131 0.0674 0.0213 0.0067 0.0021 0.0007 1.0000 1.0000 1.0000 0.6041 0.1897 0.0596 0.0187 0.0058 0.0020 1.0000
0.0010 0.0063 0.0183 0.0589 0.1872 0.5961 1.0000 1.0000 1.0000 0.0007 0.0021 0.0066 0.0211 0.0672 0.2131 0.6746 1.0000 1.0000 1.0000 0.0007 0.0022 0.0071 0.0222 0.0698 0.2192 0.6888 1.0000 1.0000 1.0000 0.0007 0.0023 0.0071 0.0223 0.0702 0.2205 0.6928 1.0000 1.0000 1.0000 0.0007 0.0023 0.0071 0.0225 0.0706 0.2217 0.6967 1.0000 1.0000 1.0000 0.0008 0.0019 0.0008 1.0000 1.0000 1.0000 0.6967 0.2217 0.0706 0.0225 0.0071 0.0023 0.0007 1.0000 1.0000 1.0000 0.6928 0.2205 0.0702 0.0223 0.0071 0.0023 0.0007 1.0000 1.0000 1.0000 0.6888 0.2192 0.0698 0.0222 0.0071 0.0022 0.0007 1.0000 1.0000 1.0000 0.6746 0.2131 0.0672 0.0211 0.0066 0.0021 0.0007 1.0000 1.0000 1.0000 0.5961 0.1872 0.0589 0.0183 0.0063 0.0010
0.0031 0.0198 0.0574 0.1851 0.5882 1.0000 1.0000 1.0000 0.0006 0.0021 0.0066 0.0209 0.0665 0.2114 0.6720 1.0000 1.0000 1.0000 0.0007 0.0023 0.0071 0.0225 0.0707 0.2222 0.6981 1.0000 1.0000 1.0000 0.0007 0.0023 0.0072 0.0226 0.0711 0.2234 0.7021 1.0000 1.0000 1.0000 0.0007 0.0023 0.0072 0.0228 0.0715 0.2247 0.7061 1.0000 1.0000 1.0000 0.0007 0.0027 0.0060 0.0027 0.0007 1.0000 1.0000 1.0000 0.7061 0.2247 0.0715 0.0228 0.0072 0.0023 0.0007 1.0000 1.0000 1.0000 0.7021 0.2234 0.0711 0.0226 0.0072 0.0023 0.0007 1.0000 1.0000 1.0000 0.6981 0.2222 0.0707 0.0225 0.0071 0.0023 0.0007 1.0000 1.0000 1.0000 0.6720 0.2114 0.0665 0.0209 0.0066 0.0021 0.0006 1.0000 1.0000 1.0000 0.5882 0.1851 0.0574 0.0198 0.0031
0.0097 0.0621 0.1806 0.5816 1.0000 1.0000 1.0000 0.0006 0.0020 0.0065 0.0207 0.0658 0.2094 0.6657 1.0000 1.0000 1.0000 0.0007 0.0023 0.0072 0.0227 0.0715 0.2251 0.7074 1.0000 1.0000 1.0000 0.0007 0.0023 0.0073 0.0229 0.0721 0.2264 0.7115 1.0000 1.0000 1.0000 0.0007 0.0023 0.0073 0.0231 0.0725 0.2277 0.7155 1.0000 1.0000 1.0000 0.0007 0.0024 0.0085 0.0190 0.0085 0.0024 0.0007 1.0000 1.0000 1.0000 0.7155 0.2277 0.0725 0.0231 0.0073 0.0023 0.0007 1.0000 1.0000 1.0000 0.7115 0.2264 0.0721 0.0229 0.0073 0.0023 0.0007 1.0000 1.0000 1.0000 0.7074 0.2251 0.0715 0.0227 0.0072 0.0023 0.0007 1.0000 1.0000 1.0000 0.6657 0.2094 0.0658 0.0207 0.0065 0.0020 0.0006 1.0000 1.0000 1.0000 0.5816 0.1806 0.0621 0.0097
0.0304 0.1952 0.5663 1.0000 1.0000 1.0000 0.0006 0.0020 0.0064 0.0204 0.0649 0.2067 0.6581 1.0000 1.0000 1.0000 0.0007 0.0023 0.0072 0.0229 0.0722 0.2273 0.7155 1.0000 1.0000 1.0000 0.0007 0.0024 0.0074 0.0232 0.0730 0.2295 0.7210 1.0000 1.0000 1.0000 0.0008 0.0024 0.0074 0.0234 0.0734 0.2308 0.7251 1.0000 1.0000 1.0000 0.0008 0.0024 0.0075 0.0272 0.0606 0.0272 0.0075 0.0024 0.0008 1.0000 1.0000 1.0000 0.7251 0.2308 0.0734 0.0234 0.0074 0.0024 0.0008 1.0000 1.0000 1.0000 0.7210 0.2295 0.0730 0.0232 0.0074 0.0024 0.0007 1.0000 1.0000 1.0000 0.7155 0.2273 0.0722 0.0229 0.0072 0.0023 0.0007 1.0000 1.0000 1.0000 0.6581 0.2067 0.0649 0.0204 0.0064 0.0020 0.0006 1.0000 1.0000 1.0000 0.5663 0.1952 0.0304
0.0957 0.6134 1.0000 1.0000 1.0000 0.0006 0.0020 0.0063 0.0201 0.0640 0.2039 0.6494 1.0000 1.0000 1.0000 0.0007 0.0023 0.0072 0.0229 0.0725 0.2290 0.7224 1.0000 1.0000 1.0000 0.0008 0.0024 0.0075 0.0236 0.0740 0.2325 0.7307 1.0000 1.0000 1.0000 0.0008 0.0024 0.0075 0.0237 0.0744 0.2339 0.7348 1.0000 1.0000 1.0000 0.0008 0.0024 0.0076 0.0239 0.0865 0.1930 0.0865 0.0239 0.0076 0.0024 0.0008 1.0000 1.0000 1.0000 0.7348 0.2339 0.0744 0.0237 0.0075 0.0024 0.0008 1.0000 1.0000 1.0000 0.7307 0.2325 0.0740 0.0236 0.0075 0.0024 0.0008 1.0000 1.0000 1.0000 0.7224 0.2290 0.0725 0.0229 0.0072 0.0023 0.0007 1.0000 1.0000 1.0000 0.6494 0.2039 0.0640 0.0201 0.0063 0.0020 0.0006 1.0000 1.0000 1.0000 0.6134 0.0957
0.3006 1.0000 1.0000 1.0000 1.0000 0.0020 0.0062 0.0198 0.0632 0.2012 0.6408 1.0000 1.0000 1.0000 0.0007 0.0022 0.0071 0.0227 0.0722 0.2290 0.7251 1.0000 1.0000 1.0000 0.0008 0.0024 0.0076 0.0239 0.0750 0.2357 0.7405 1.0000 1.0000 1.0000 0.0008 0.0024 0.0076 0.0240 0.0754 0.2370 0.7447 1.0000 1.0000 1.0000 0.0008 0.0024 0.0077 0.0241 0.0762 0.2754 0.6146 0.2754 0.0762 0.0241 0.0077 0.0024 0.0008 1.0000 1.0000 1.0000 0.7447 0.2370 0.0754 0.0240 0.0076 0.0024 0.0008 1.0000 1.0000 1.0000 0.7405 0.2357 0.0750 0.0239 0.0076 0.0024 0.0008 1.0000 1.0000 1.0000 0.7251 0.2290 0.0722 0.0227 0.0071 0.0022 0.0007 1.0000 1.0000 1.0000 0.6408 0.2012 0.0632 0.0198 0.0062 0.0020 1.0000 1.0000 1.0000 1.0000 0.3006
0.9445 1.0000 1.0000 1.0000 0.0019 0.0062 0.0196 0.0624 0.1986 0.6323 1.0000 1.0000 1.0000 0.0007 0.0022 0.0071 0.0225 0.0715 0.2273 0.7224 1.0000 1.0000 1.0000 0.0008 0.0024 0.0077 0.0242 0.0760 0.2388 0.7504 1.0000 1.0000 1.0000 0.0008 0.0025 0.0077 0.0243 0.0764 0.2402 0.7547 1.0000 1.0000 1.0000 0.0008 0.0025 0.0078 0.0245 0.0766 0.2425 0.8770 1.0000 0.8770 0.2425 0.0766 0.0245 0.0078 0.0025 0.0008 1.0000 1.0000 1.0000 0.7547 0.2402 0.0764 0.0243 0.0077 0.0025 0.0008 1.0000 1.0000 1.0000 0.7504 0.2388 0.0760 0.0242 0.0077 0.0024 0.0008 1.0000 1.0000 1.0000 0.7224 0.2273 0.0715 0.0225 0.0071 0.0022 0.0007 1.0000 1.0000 1.0000 0.6323 0.1986 0.0624 0.0196 0.0062 0.0019 1.0000 1.0000 1.0000 0.9445
1.0000 1.0000 1.0000 0.0019 0.0061 0.0193 0.0615 0.1960 0.6240 1.0000 1.0000 1.0000 0.0007 0.0022 0.0070 0.0222 0.0707 0.2251 0.7155 1.0000 1.0000 1.0000 0.0008 0.0025 0.0078 0.0244 0.0769 0.2420 0.7604 1.0000 1.0000 1.0000 0.0008 0.0025 0.0078 0.0247 0.0775 0.2434 0.7648 1.0000 1.0000 1.0000 0.0008 0.0025 0.0079 0.0248 0.0779 0.2439 0.7721 1.0000 1.0000 1.0000 0.7721 0.2439 0.0779 0.0248 0.0079 0.0025 0.0008 1.0000 1.0000 1.0000 0.7648 0.2434 0.0775 0.0247 0.0078 0.0025 0.0008 1.0000 1.0000 1.0000 0.7604 0.2420 0.0769 0.0245 0.0078 0.0025 0.0008 1.0000 1.0000 1.0000 0.7155 0.2251 0.0707 0.0222 0.0070 0.0022 0.0007 1.0000 1.0000 1.0000 0.6240 0.1960 0.0615 0.0193 0.0061 0.0019 1.0000 1.0000 1.0000
1.0000 1.0000 0.0019 0.0060 0.0191 0.0607 0.1934 0.6157 1.0000 1.0000 1.0000 0.0007 0.0022 0.0069 0.0219 0.0698 0.2222 0.7074 1.0000 1.0000 1.0000 0.0008 0.0025 0.0078 0.0246 0.0776 0.2443 0.7692 1.0000 1.0000 1.0000 0.0008 0.0025 0.0080 0.0250 0.0785 0.2467 0.7750 1.0000 1.0000 1.0000 0.0008 0.0025 0.0080 0.0251 0.0790 0.2481 0.7765 1.0000 1.0000 1.0000 1.0000 1.0000 0.7765 0.2481 0.0790 0.0251 0.0080 0.0025 0.0008 1.0000 1.0000 1.0000 0.7750 0.2467 0.0785 0.0250 0.0080 0.0025 0.0008 1.0000 1.0000 1.0000 0.7692 0.2443 0.0775 0.0246 0.0078 0.0025 0.0008 1.0000 1.0000 1.0000 0.7074 0.2222 0.0698 0.0219 0.0069 0.0022 0.0007 1.0000 1.0000 1.0000 0.6157 0.1934 0.0607 0.0191 0.0060 0.0019 1.0000 1.0000
1.0000 0.0020 0.0059 0.0189 0.0599 0.1908 0.6076 1.0000 1.0000 1.0000 0.0007 0.0021 0.0068 0.0216 0.0688 0.2192 0.6981 1.0000 1.0000 1.0000 0.0008 0.0024 0.0078 0.0246 0.0779 0.2462 0.7765 1.0000 1.0000 1.0000 0.0008 0.0026 0.0081 0.0253 0.0796 0.2500 0.7854 1.0000 1.0000 1.0000 0.0008 0.0026 0.0081 0.0255 0.0800 0.2514 0.7899 1.0000 1.0000 1.0000 1.0000 1.0000 1.0000 1.0000 0.7899 0.2514 0.0800 0.0255 0.0081 0.0026 0.0008 1.0000 1.0000 1.0000 0.7854 0.2500 0.0796 0.0253 0.0081 0.0026 0.0008 1.0000 1.0000 1.0000 0.7750 0.2457 0.0778 0.0246 0.0078 0.0024 0.0008 1.0000 1.0000 1.0000 0.6981 0.2192 0.0688 0.0216 0.0068 0.0021 0.0007 1.0000 1.0000 1.0000 0.6076 0.1908 0.0599 0.0189 0.0059 0.0020 1.0000
0.0010 0.0063 0.0184 0.0592 0.1883 0.5995 1.0000 1.0000 1.0000 0.0007 0.0021 0.0067 0.0213 0.0679 0.2163 0.6888 1.0000 1.0000 1.0000 0.0008 0.0024 0.0077 0.0244 0.0776 0.2462 0.7780 1.0000 1.0000 1.0000 0.0008 0.0026 0.0082 0.0257 0.0806 0.2533 0.7960 1.0000 1.0000 1.0000 0.0008 0.0026 0.0082 0.0258 0.0811 0.2548 0.8005 1.0000 1.0000 1.0000 0.0010 0.0022 0.0010 1.0000 1.0000 1.0000 0.8005 0.2548 0.0811 0.0258 0.0082 0.0026 0.0008 1.0000 1.0000 1.0000 0.7960 0.2533 0.0806 0.0257 0.0082 0.0026 0.0008 1.0000 1.0000 1.0000 0.7780 0.2457 0.0775 0.0245 0.0077 0.0024 0.0008 1.0000 1.0000 1.0000 0.6888 0.2163 0.0679 0.0213 0.0067 0.0021 0.0007 1.0000 1.0000 1.0000 0.5995 0.1883 0.0592 0.0184 0.0063 0.0010
0.0031 0.0199 0.0578 0.1862 0.5916 1.0000 1.0000 1.0000 0.0007 0.0021 0.0066 0.0211 0.0670 0.2135 0.6797 1.0000 1.0000 1.0000 0.0007 0.0024 0.0076 0.0242 0.0769 0.2448 0.7750 1.0000 1.0000 1.0000 0.0008 0.0026 0.0083 0.0260 0.0817 0.2567 0.8066 1.0000 1.0000 1.0000 0.0008 0.0026 0.0083 0.0262 0.0822 0.2582 0.8112 1.0000 1.0000 1.0000 0.0009 0.0031 0.0069 0.0031 0.0009 1.0000 1.0000 1.0000 0.8112 0.2582 0.0822 0.0262 0.0083 0.0026 0.0008 1.0000 1.0000 1.0000 0.8066 0.2567 0.0817 0.0260 0.0083 0.0026 0.0008 1.0000 1.0000 1.0000 0.7750 0.2443 0.0769 0.0242 0.0076 0.0024 0.0007 1.0000 1.0000 1.0000 0.6797 0.2135 0.0670 0.0211 0.0066 0.0021 0.0007 1.0000 1.0000 1.0000 0.5916 0.1862 0.0578 0.0199 0.0031
0.0097 0.0625 0.1813 0.5849 1.0000 1.0000 1.0000 0.0006 0.0020 0.0065 0.0208 0.0662 0.2106 0.6707 1.0000 1.0000 1.0000 0.0007 0.0024 0.0075 0.0239 0.0760 0.2420 0.7692 1.0000 1.0000 1.0000 0.0008 0.0026 0.0083 0.0263 0.0826 0.2602 0.8174 1.0000 1.0000 1.0000 0.0009 0.0027 0.0084 0.0265 0.0833 0.2616 0.8221 1.0000 1.0000 1.0000 0.0009 0.0027 0.0098 0.0219 0.0098 0.0027 0.0009 1.0000 1.0000 1.0000 0.8221 0.2616 0.0833 0.0265 0.0084 0.0027 0.0009 1.0000 1.0000 1.0000 0.8174 0.2602 0.0826 0.0263 0.0083 0.0026 0.0008 1.0000 1.0000 1.0000 0.7692 0.2420 0.0760 0.0239 0.0075 0.0024 0.0007 1.0000 1.0000 1.0000 0.6707 0.2106 0.0662 0.0208 0.0065 0.0020 0.0006 1.0000 1.0000 1.0000 0.5849 0.1813 0.0625 0.0097
0.0306 0.1963 0.5706 1.0000 1.0000 1.0000 0.0006 0.0020 0.0064 0.0205 0.0653 0.2079 0.6619 1.0000 1.0000 1.0000 0.0007 0.0023 0.0074 0.0236 0.0750 0.2388 0.7604 1.0000 1.0000 1.0000 0.0008 0.0026 0.0084 0.0264 0.0833 0.2626 0.8268 1.0000 1.0000 1.0000 0.0009 0.0027 0.0085 0.0269 0.0844 0.2651 0.8331 1.0000 1.0000 1.0000 0.0009 0.0027 0.0086 0.0312 0.0696 0.0312 0.0086 0.0027 0.0009 1.0000 1.0000 1.0000 0.8331 0.2651 0.0844 0.0269 0.0085 0.0027 0.0009 1.0000 1.0000 1.0000 0.8268 0.2626 0.0833 0.0264 0.0084 0.0026 0.0008 1.0000 1.0000 1.0000 0.7604 0.2388 0.0750 0.0236 0.0074 0.0023 0.0007 1.0000 1.0000 1.0000 0.6619 0.2079 0.0653 0.0205 0.0064 0.0020 0.0006 1.0000 1.0000 1.0000 0.5706 0.1963 0.0306
0.0962 0.6169 1.0000 1.0000 1.0000 0.0006 0.0020 0.0064 0.0202 0.0644 0.2051 0.6531 1.0000 1.0000 1.0000 0.0007 0.0023 0.0073 0.0232 0.0740 0.2357 0.7504 1.0000 1.0000 1.0000 0.0008 0.0026 0.0083 0.0264 0.0836 0.2641 0.8331 1.0000 1.0000 1.0000 0.0009 0.0028 0.0087 0.0272 0.0855 0.2687 0.8443 1.0000 1.0000 1.0000 0.0009 0.0028 0.0087 0.0275 0.0994 0.2217 0.0994 0.0275 0.0087 0.0028 0.0009 1.0000 1.0000 1.0000 0.8443 0.2687 0.0855 0.0272 0.0087 0.0028 0.0009 1.0000 1.0000 1.0000 0.8331 0.2641 0.0836 0.0264 0.0083 0.0026 0.0008 1.0000 1.0000 1.0000 0.7504 0.2357 0.0740 0.0232 0.0073 0.0023 0.0007 1.0000 1.0000 1.0000 0.6531 0.2051 0.0644 0.0202 0.0064 0.0020 0.0006 1.0000 1.0000 1.0000 0.6169 0.0962
0.3023 1.0000 1.0000 1.0000 0.0006 0.0020 0.0063 0.0200 0.0636 0.2024 0.6445 1.0000 1.0000 1.0000 0.0007 0.0023 0.0072 0.0229 0.0730 0.2325 0.7405 1.0000 1.0000 1.0000 0.0008 0.0026 0.0083 0.0263 0.0833 0.2641 0.8363 1.0000 1.0000 1.0000 0.0009 0.0028 0.0088 0.0276 0.0867 0.2723 0.8556 1.0000 1.0000 1.0000 0.0009 0.0028 0.0088 0.0276 0.0875 0.3164 0.7061 0.3164 0.0875 0.0276 0.0088 0.0028 0.0009 1.0000 1.0000 1.0000 0.8556 0.2723 0.0867 0.0276 0.0088 0.0028 0.0009 1.0000 1.0000 1.0000 0.8363 0.2641 0.0833 0.0263 0.0083 0.0026 0.0008 1.0000 1.0000 1.0000 0.7405 0.2325 0.0730 0.0229 0.0072 0.0023 0.0007 1.0000 1.0000 1.0000 0.6445 0.2024 0.0636 0.0200 0.0063 0.0020 0.0006 1.0000 1.0000 1.0000 0.3023
0.9499 1.0000 1.0000 1.0000 0.0019 0.0062 0.0197 0.0627 0.1997 0.6360 1.0000 1.0000 1.0000 0.0007 0.0022 0.0071 0.0226 0.0721 0.2295 0.7307 1.0000 1.0000 1.0000 0.0008 0.0026 0.0082 0.0260 0.0826 0.2626 0.8331 1.0000 1.0000 1.0000 0.0009 0.0028 0.0089 0.0280 0.0878 0.2760 0.8671 1.0000 1.0000 1.0000 0.0009 0.0028 0.0089 0.0281 0.0880 0.2786 1.0000 1.0000 1.0000 0.2786 0.0880 0.0281 0.0089 0.0028 0.0009 1.0000 1.0000 1.0000 0.8671 0.2760 0.0878 0.0280 0.0089 0.0028 0.0009 1.0000 1.0000 1.0000 0.8331 0.2626 0.0826 0.0260 0.0082 0.0026 0.0008 1.0000 1.0000 1.0000 0.7307 0.2295 0.0721 0.0226 0.0071 0.0022 0.0007 1.0000 1.0000 1.0000 0.6360 0.1997 0.0627 0.0197 0.0062 0.0019 1.0000 1.0000 1.0000 0.9499
1.0000 1.0000 1.0000 0.0019 0.0061 0.0194 0.0619 0.1971 0.6275 1.0000 1.0000 1.0000 0.0007 0.0022 0.0070 0.0223 0.0711 0.2264 0.7210 1.0000 1.0000 1.0000 0.0008 0.0025 0.0081 0.0257 0.0817 0.2602 0.8268 1.0000 1.0000 1.0000 0.0009 0.0028 0.0089 0.0282 0.0888 0.2797 0.8787 1.0000 1.0000 1.0000 0.0009 0.0029 0.0091 0.0285 0.0895 0.2802 0.8871 1.0000 1.0000 1.0000 0.8871 0.2802 0.0895 0.0285 0.0091 0.0029 0.0009 1.0000 1.0000 1.0000 0.8787 0.2797 0.0888 0.0282 0.0089 0.0028 0.0009 1.0000 1.0000 1.0000 0.8268 0.2602 0.0817 0.0257 0.0081 0.0025 0.0008 1.0000 1.0000 1.0000 0.7210 0.2264 0.0711 0.0223 0.0070 0.0022 0.0007 1.0000 1.0000 1.0000 0.6275 0.1971 0.0619 0.0194 0.0061 0.0019 1.0000 1.0000 1.0000
1.0000 1.0000 0.0019 0.0060 0.0192 0.0611 0.1945 0.6192 1.0000 1.0000 1.0000 0.0007 0.0022 0.0069 0.0220 0.0702 0.2234 0.7115 1.0000 1.0000 1.0000 0.0008 0.0025 0.0080 0.0253 0.0806 0.2567 0.8174 1.0000 1.0000 1.0000 0.0009 0.0028 0.0090 0.0284 0.0895 0.2823 0.8888 1.0000 1.0000 1.0000 0.0009 0.0029 0.0092 0.0289 0.0907 0.2850 0.8922 1.0000 1.0000 1.0000 1.0000 1.0000 0.8922 0.2850 0.0907 0.0289 0.0092 0.0029 0.0009 1.0000 1.0000 1.0000 0.8888 0.2823 0.0895 0.0284 0.0090 0.0028 0.0009 1.0000 1.0000 1.0000 0.8174 0.2567 0.0806 0.0253 0.0080 0.0025 0.0008 1.0000 1.0000 1.0000 0.7115 0.2234 0.0702 0.0220 0.0069 0.0022 0.0007 1.0000 1.0000 1.0000 0.6192 0.1945 0.0611 0.0192 0.0060 0.0019 1.0000 1.0000
1.0000 0.0020 0.0059 0.0190 0.0603 0.1919 0.6111 1.0000 1.0000 1.0000 0.0007 0.0021 0.0068 0.0217 0.0692 0.2205 0.7021 1.0000 1.0000 1.0000 0.0008 0.0025 0.0078 0.0250 0.0796 0.2533 0.8066 1.0000 1.0000 1.0000 0.0009 0.0028 0.0089 0.0284 0.0899 0.2839 0.8956 1.0000 1.0000 1.0000 0.0009 0.0030 0.0093 0.0293 0.0919 0.2888 0.9076 1.0000 1.0000 1.0000 1.0000 1.0000 1.0000 1.0000 0.9076 0.2888 0.0919 0.0293 0.0093 0.0030 0.0009 1.0000 1.0000 1.0000 0.8956 0.2839 0.0899 0.0284 0.0089 0.0028 0.0009 1.0000 1.0000 1.0000 0.8066 0.2533 0.0796 0.0250 0.0078 0.0025 0.0008 1.0000 1.0000 1.0000 0.7021 0.2205 0.0692 0.0217 0.0068 0.0021 0.0007 1.0000 1.0000 1.0000 0.6111 0.1919 0.0603 0.0190 0.0059 0.0020 1.0000
0.0010 0.0064 0.0185 0.0596 0.1894 0.6030 1.0000 1.0000 1.0000 0.0007 0.0021 0.0067 0.0215 0.0683 0.2176 0.6928 1.0000 1.0000 1.0000 0.0008 0.0024 0.0077 0.0247 0.0785 0.2500 0.7960 1.0000 1.0000 1.0000 0.0009 0.0028 0.0089 0.0282 0.0895 0.2839 0.8990 1.0000 1.0000 1.0000 0.0010 0.0030 0.0094 0.0296 0.0932 0.2927 0.9197 1.0000 1.0000 1.0000 0.0011 0.0025 0.0011 1.0000 1.0000 1.0000 0.9197 0.2927 0.0932 0.0296 0.0094 0.0030 0.0010 1.0000 1.0000 1.0000 0.8990 0.2839 0.0895 0.0282 0.0089 0.0028 0.0009 1.0000 1.0000 1.0000 0.7960 0.2500 0.0785 0.0247 0.0077 0.0024 0.0008 1.0000 1.0000 1.0000 0.6928 0.2176 0.0683 0.0215 0.0067 0.0021 0.0007 1.0000 1.0000 1.0000 0.6030 0.1894 0.0596 0.0185 0.0064 0.0010
0.0031 0.0200 0.0580 0.1872 0.5950 1.0000 1.0000 1.0000 0.0007 0.0021 0.0066 0.0212 0.0674 0.2147 0.6836 1.0000 1.0000 1.0000 0.0008 0.0024 0.0076 0.0243 0.0775 0.2467 0.7854 1.0000 1.0000 1.0000 0.0009 0.0028 0.0088 0.0280 0.0888 0.2823 0.8956 1.0000 1.0000 1.0000 0.0010 0.0030 0.0095 0.0300 0.0944 0.2966 0.9321 1.0000 1.0000 1.0000 0.0010 0.0035 0.0079 0.0035 0.0010 1.0000 1.0000 1.0000 0.9321 0.2966 0.0944 0.0300 0.0095 0.0030 0.0010 1.0000 1.0000 1.0000 0.8956 0.2823 0.0888 0.0280 0.0088 0.0028 0.0009 1.0000 1.0000 1.0000 0.7854 0.2467 0.0775 0.0243 0.0076 0.0024 0.0008 1.0000 1.0000 1.0000 0.6836 0.2147 0.0674 0.0212 0.0066 0.0021 0.0007 1.0000 1.0000 1.0000 0.5950 0.1872 0.0580 0.0200 0.0031
0.0098 0.0628 0.1826 0.5882 1.0000 1.0000 1.0000 0.0006 0.0021 0.0066 0.0209 0.0665 0.2119 0.6746 1.0000 1.0000 1.0000 0.0007 0.0024 0.0075 0.0240 0.0764 0.2434 0.7750 1.0000 1.0000 1.0000 0.0009 0.0027 0.0087 0.0276 0.0878 0.2797 0.8888 1.0000 1.0000 1.0000 0.0010 0.0030 0.0096 0.0303 0.0955 0.3006 0.9445 1.0000 1.0000 1.0000 0.0010 0.0031 0.0113 0.0251 0.0113 0.0031 0.0010 1.0000 1.0000 1.0000 0.9445 0.3006 0.0955 0.0303 0.0096 0.0030 0.0010 1.0000 1.0000 1.0000 0.8888 0.2797 0.0878 0.0276 0.0087 0.0027 0.0009 1.0000 1.0000 1.0000 0.7750 0.2434 0.0764 0.0240 0.0075 0.0024 0.0007 1.0000 1.0000 1.0000 0.6746 0.2119 0.0665 0.0209 0.0066 0.0021 0.0006 1.0000 1.0000 1.0000 0.5882 0.1826 0.0628 0.0098
0.0308 0.1975 0.5728 1.0000 1.0000 1.0000 0.0006 0.0020 0.0065 0.0206 0.0657 0.2090 0.6657 1.0000 1.0000 1.0000 0.0007 0.0023 0.0074 0.0237 0.0754 0.2402 0.7648 1.0000 1.0000 1.0000 0.0008 0.0027 0.0085 0.0272 0.0867 0.2760 0.8787 1.0000 1.0000 1.0000 0.0010 0.0030 0.0097 0.0305 0.0962 0.3035 0.9554 1.0000 1.0000 1.0000 0.0010 0.0031 0.0099 0.0359 0.0800 0.0359 0.0099 0.0031 0.0010 1.0000 1.0000 1.0000 0.9554 0.3035 0.0962 0.0305 0.0097 0.0030 0.0010 1.0000 1.0000 1.0000 0.8787 0.2760 0.0867 0.0272 0.0085 0.0027 0.0008 1.0000 1.0000 1.0000 0.7648 0.2402 0.0754 0.0237 0.0074 0.0023 0.0007 1.0000 1.0000 1.0000 0.6657 0.2090 0.0657 0.0206 0.0065 0.0020 0.0006 1.0000 1.0000 1.0000 0.5728 0.1975 0.0308
0.0968 0.6204 1.0000 1.0000 1.0000 0.0006 0.0020 0.0064 0.0203 0.0648 0.2063 0.6569 1.0000 1.0000 1.0000 0.0007 0.0023 0.0073 0.0234 0.0744 0.2370 0.7547 1.0000 1.0000 1.0000 0.0008 0.0026 0.0084 0.0269 0.0855 0.2723 0.8671 1.0000 1.0000 1.0000 0.0010 0.0030 0.0096 0.0305 0.0966 0.3052 0.9627 1.0000 1.0000 1.0000 0.0010 0.0032 0.0100 0.0316 0.1142 0.2548 0.1142 0.0316 0.0100 0.0032 0.0010 1.0000 1.0000 1.0000 0.9627 0.3052 0.0966 0.0305 0.0096 0.0030 0.0010 1.0000 1.0000 1.0000 0.8671 0.2723 0.0855 0.0269 0.0084 0.0026 0.0008 1.0000 1.0000 1.0000 0.7547 0.2370 0.0744 0.0234 0.0073 0.0023 0.0007 1.0000 1.0000 1.0000 0.6569 0.2063 0.0648 0.0203 0.0064 0.0020 0.0006 1.0000 1.0000 1.0000 0.6204 0.0968
0.3041 1.0000 1.0000 1.0000 0.0006 0.0020 0.0063 0.0201 0.0639 0.2036 0.6482 1.0000 1.0000 1.0000 0.0007 0.0023 0.0072 0.0231 0.0734 0.2339 0.7447 1.0000 1.0000 1.0000 0.0008 0.0026 0.0083 0.0265 0.0844 0.2687 0.8556 1.0000 1.0000 1.0000 0.0009 0.0030 0.0095 0.0303 0.0962 0.3052 0.9663 1.0000 1.0000 1.0000 0.0010 0.0032 0.0101 0.0317 0.1005 0.3636 0.8112 0.3636 0.1005 0.0317 0.0101 0.0032 0.0010 1.0000 1.0000 1.0000 0.9663 0.3052 0.0962 0.0303 0.0095 0.0030 0.0009 1.0000 1.0000 1.0000 0.8556 0.2687 0.0844 0.0265 0.0083 0.0026 0.0008 1.0000 1.0000 1.0000 0.7447 0.2339 0.0734 0.0231 0.0072 0.0023 0.0007 1.0000 1.0000 1.0000 0.6482 0.2036 0.0639 0.0201 0.0063 0.0020 0.0006 1.0000 1.0000 1.0000 0.3041
0.9554 1.0000 1.0000 1.0000 0.0020 0.0062 0.0198 0.0631 0.2009 0.6396 1.0000 1.0000 1.0000 0.0007 0.0022 0.0071 0.0228 0.0725 0.2308 0.7348 1.0000 1.0000 1.0000 0.0008 0.0026 0.0082 0.0262 0.0833 0.2651 0.8443 1.0000 1.0000 1.0000 0.0009 0.0030 0.0094 0.0300 0.0955 0.3035 0.9627 1.0000 1.0000 1.0000 0.0010 0.0033 0.0103 0.0323 0.1013 0.3195 1.0000 1.0000 1.0000 0.3195 0.1013 0.0323 0.0103 0.0033 0.0010 1.0000 1.0000 1.0000 0.9627 0.3035 0.0955 0.0300 0.0094 0.0030 0.0009 1.0000 1.0000 1.0000 0.8443 0.2651 0.0833 0.0262 0.0082 0.0026 0.0008 1.0000 1.0000 1.0000 0.7348 0.2308 0.0725 0.0228 0.0071 0.0022 0.0007 1.0000 1.0000 1.0000 0.6396 0.2009 0.0631 0.0198 0.0062 0.0020 1.0000 1.0000 1.0000 0.9554
1.0000 1.0000 1.0000 0.0019 0.0061 0.0195 0.0622 0.1982 0.6311 1.0000 1.0000 1.0000 0.0007 0.0022 0.0071 0.0225 0.0715 0.2277 0.7251 1.0000 1.0000 1.0000 0.0008 0.0025 0.0081 0.0258 0.0822 0.2616 0.8331 1.0000 1.0000 1.0000 0.0009 0.0029 0.0093 0.0296 0.0944 0.3006 0.9554 1.0000 1.0000 1.0000 0.0010 0.0033 0.0103 0.0326 0.1028 0.3219 1.0000 1.0000 1.0000 1.0000 1.0000 0.3219 0.1028 0.0326 0.0103 0.0033 0.0010 1.0000 1.0000 1.0000 0.9554 0.3006 0.0944 0.0296 0.0093 0.0029 0.0009 1.0000 1.0000 1.0000 0.8331 0.2616 0.0822 0.0258 0.0081 0.0025 0.0008 1.0000 1.0000 1.0000 0.7251 0.2277 0.0715 0.0225 0.0071 0.0022 0.0007 1.0000 1.0000 1.0000 0.6311 0.1982 0.0622 0.0195 0.0061 0.0019 1.0000 1.0000 1.0000
1.0000 1.0000 0.0019 0.0061 0.0193 0.0614 0.1956 0.6228 1.0000 1.0000 1.0000 0.0007 0.0022 0.0070 0.0222 0.0706 0.2247 0.7155 1.0000 1.0000 1.0000 0.0008 0.0025 0.0080 0.0255 0.0811 0.2582 0.8221 1.0000 1.0000 1.0000 0.0009 0.0029 0.0092 0.0293 0.0932 0.2966 0.9445 1.0000 1.0000 1.0000 0.0010 0.0033 0.0104 0.0328 0.1034 0.3262 1.0000 1.0000 1.0000 1.0000 1.0000 1.0000 1.0000 0.3262 0.1034 0.0328 0.0104 0.0033 0.0010 1.0000 1.0000 1.0000 0.9445 0.2966 0.0932 0.0293 0.0092 0.0029 0.0009 1.0000 1.0000 1.0000 0.8221 0.2582 0.0811 0.0255 0.0080 0.0025 0.0008 1.0000 1.0000 1.0000 0.7155 0.2247 0.0706 0.0222 0.0070 0.0022 0.0007 1.0000 1.0000 1.0000 0.6228 0.1956 0.0614 0.0193 0.0061 0.0019 1.0000 1.0000
1.0000 0.0020 0.0059 0.0191 0.0606 0.1930 0.6146 1.0000 1.0000 1.0000 0.0007 0.0022 0.0069 0.0219 0.0696 0.2217 0.7061 1.0000 1.0000 1.0000 0.0008 0.0025 0.0079 0.0251 0.0800 0.2548 0.8112 1.0000 1.0000 1.0000 0.0009 0.0028 0.0091 0.0289 0.0919 0.2927 0.9321 1.0000 1.0000 1.0000 0.0010 0.0033 0.0103 0.0328 0.1038 0.3281 1.0000 1.0000 1.0000 1.0000 0.0009 1.0000 1.0000 1.0000 1.0000 0.3281 0.1038 0.0328 0.0103 0.0033 0.0010 1.0000 1.0000 1.0000 0.9321 0.2927 0.0919 0.0289 0.0091 0.0028 0.0009 1.0000 1.0000 1.0000 0.8112 0.2548 0.0800 0.0251 0.0079 0.0025 0.0008 1.0000 1.0000 1.0000 0.7061 0.2217 0.0696 0.0219 0.0069 0.0022 0.0007 1.0000 1.0000 1.0000 0.6146 0.1930 0.0606 0.0191 0.0059 0.0020 1.0000
0.0010 0.0064 0.0186 0.0599 0.1904 0.6064 1.0000 1.0000 1.0000 0.0007 0.0021 0.0068 0.0216 0.0687 0.2188 0.6967 1.0000 1.0000 1.0000 0.0008 0.0024 0.0078 0.0248 0.0790 0.2514 0.8005 1.0000 1.0000 1.0000 0.0009 0.0028 0.0089 0.0285 0.0907 0.2888 0.9197 1.0000 1.0000 1.0000 0.0010 0.0032 0.0103 0.0326 0.1034 0.3281 1.0000 1.0000 1.0000 1.0000 0.0013 0.0028 0.0013 1.0000 1.0000 1.0000 1.0000 0.3281 0.1034 0.0326 0.0103 0.0032 0.0010 1.0000 1.0000 1.0000 0.9197 0.2888 0.0907 0.0285 0.0089 0.0028 0.0009 1.0000 1.0000 1.0000 0.8005 0.2514 0.0790 0.0248 0.0078 0.0024 0.0008 1.0000 1.0000 1.0000 0.6967 0.2188 0.0687 0.0216 0.0068 0.0021 0.0007 1.0000 1.0000 1.0000 0.6064 0.1904 0.0599 0.0186 0.0064 0.0010
0.0031 0.0201 0.0585 0.1883 0.5984 1.0000 1.0000 1.0000 0.0007 0.0021 0.0067 0.0213 0.0678 0.2159 0.6875 1.0000 1.0000 1.0000 0.0008 0.0024 0.0077 0.0245 0.0779 0.2481 0.7899 1.0000 1.0000 1.0000 0.0009 0.0028 0.0088 0.0281 0.0895 0.2850 0.9076 1.0000 1.0000 1.0000 0.0010 0.0032 0.0101 0.0323 0.1026 0.3262 1.0000 1.0000 1.0000 1.0000 0.0011 0.0040 0.0090 0.0040 0.0011 1.0000 1.0000 1.0000 1.0000 0.3262 0.1028 0.0323 0.0101 0.0032 0.0010 1.0000 1.0000 1.0000 0.9076 0.2850 0.0895 0.0281 0.0088 0.0028 0.0009 1.0000 1.0000 1.0000 0.7899 0.2481 0.0779 0.0245 0.0077 0.0024 0.0008 1.0000 1.0000 1.0000 0.6875 0.2159 0.0678 0.0213 0.0067 0.0021 0.0007 1.0000 1.0000 1.0000 0.5984 0.1883 0.0585 0.0201 0.0031
0.0099 0.0632 0.1833 0.5916 1.0000 1.0000 1.0000 0.0007 0.0021 0.0066 0.0210 0.0669 0.2131 0.6784 1.0000 1.0000 1.0000 0.0007 0.0024 0.0076 0.0241 0.0769 0.2448 0.7795 1.0000 1.0000 1.0000 0.0009 0.0027 0.0087 0.0277 0.0883 0.2813 0.8956 1.0000 1.0000 1.0000 0.0010 0.0031 0.0100 0.0319 0.1015 0.3231 1.0000 1.0000 1.0000 1.0000 0.0011 0.0035 0.0128 0.0285 0.0127 0.0035 0.0011 1.0000 1.0000 1.0000 1.0000 0.3219 0.1013 0.0317 0.0100 0.0031 0.0010 1.0000 1.0000 1.0000 0.8922 0.2802 0.0880 0.0276 0.0087 0.0027 0.0009 1.0000 1.0000 1.0000 0.7765 0.2439 0.0766 0.0241 0.0076 0.0024 0.0007 1.0000 1.0000 1.0000 0.6759 0.2123 0.0667 0.0209 0.0066 0.0021 0.0006 1.0000 1.0000 1.0000 0.5894 0.1826 0.0628 0.0098
0.0310 0.1986 0.5772 1.0000 1.0000 1.0000 0.0006 0.0020 0.0065 0.0207 0.0660 0.2102 0.6695 1.0000 1.0000 1.0000 0.0007 0.0023 0.0075 0.0238 0.0759 0.2416 0.7692 1.0000 1.0000 1.0000 0.0008 0.0027 0.0086 0.0274 0.0872 0.2775 0.8837 1.0000 1.0000 1.0000 0.0010 0.0031 0.0099 0.0314 0.1001 0.3189 1.0000 1.0000 1.0000 1.0000 0.0011 0.0035 0.0111 0.0403 0.0909 0.0410 0.0111 0.0035 0.0011 1.0000 1.0000 1.0000 1.0000 0.3195 0.1005 0.0316 0.0099 0.0031 0.0010 1.0000 1.0000 1.0000 0.8871 0.2786 0.0875 0.0275 0.0086 0.0027 0.0009 1.0000 1.0000 1.0000 0.7721 0.2425 0.0762 0.0239 0.0075 0.0024 0.0007 1.0000 1.0000 1.0000 0.6720 0.2110 0.0663 0.0208 0.0065 0.0021 0.0006 1.0000 1.0000 1.0000 0.5794 0.1993 0.0314
0.0973 0.6240 1.0000 1.0000 1.0000 0.0006 0.0020 0.0064 0.0205 0.0652 0.2075 0.6606 1.0000 1.0000 1.0000 0.0007 0.0023 0.0074 0.0235 0.0749 0.2384 0.7590 1.0000 1.0000 1.0000 0.0008 0.0027 0.0085 0.0270 0.0860 0.2739 0.8720 1.0000 1.0000 1.0000 0.0010 0.0031 0.0097 0.0310 0.0988 0.3146 1.0000 1.0000 1.0000 1.0000 0.0011 0.0035 0.0111 0.0350 0.1273 0.3058 0.1557 0.0418 0.0127 0.0040 0.0013 1.0000 1.0000 1.0000 1.0000 0.3636 0.1142 0.0359 0.0113 0.0035 0.0011 1.0000 1.0000 1.0000 1.0000 0.3164 0.0994 0.0312 0.0098 0.0031 0.0010 1.0000 1.0000 1.0000 0.8770 0.2754 0.0865 0.0272 0.0085 0.0027 0.0008 1.0000 1.0000 1.0000 0.7633 0.2397 0.0753 0.0236 0.0074 0.0023 0.0007 1.0000 1.0000 1.0000 0.7251 0.1135
0.3058 1.0000 1.0000 1.0000 0.0006 0.0020 0.0063 0.0202 0.0643 0.2047 0.6519 1.0000 1.0000 1.0000 0.0007 0.0023 0.0073 0.0232 0.0739 0.2352 0.7490 1.0000 1.0000 1.0000 0.0008 0.0026 0.0084 0.0267 0.0849 0.2702 0.8605 1.0000 1.0000 1.0000 0.0009 0.0030 0.0096 0.0306 0.0975 0.3105 0.9887 1.0000 1.0000 1.0000 0.0011 0.0035 0.0110 0.0347 0.1099 0.4559 0.8621 0.2147 0.0902 0.0293 0.0090 0.0028 0.0009 1.0000 1.0000 1.0000 0.8112 0.2548 0.0800 0.0251 0.0079 0.0025 1.0000 1.0000 1.0000 1.0000 0.7061 0.2217 0.0696 0.0219 0.0069 0.0022 1.0000 1.0000 1.0000 1.0000 0.6146 0.1930 0.0606 0.0190 0.0060 0.0019 1.0000 1.0000 1.0000 1.0000 0.5349 0.1680 0.0528 0.0166 0.0052 0.0016 1.0000 1.0000 1.0000 1.0000 0.2702
0.9608 1.0000 1.0000 1.0000 0.0020 0.0063 0.0199 0.0634 0.2020 0.6433 1.0000 1.0000 1.0000 0.0007 0.0023 0.0072 0.0229 0.0729 0.2321 0.7391 1.0000 1.0000 1.0000 0.0008 0.0026 0.0083 0.0263 0.0837 0.2667 0.8491 1.0000 1.0000 1.0000 0.0009 0.0030 0.0095 0.0302 0.0962 0.3064 0.9756 1.0000 1.0000 1.0000 0.0011 0.0034 0.0109 0.0347 0.1091 0.3692 1.0000 0.4490 0.0287 0.0380 0.0135 0.0040 0.0013 1.0000 1.0000 1.0000 1.0000 0.3636 0.1142 0.0359 0.0113 0.0035 0.0011 1.0000 1.0000 1.0000 1.0000 0.3164 0.0994 0.0312 0.0098 0.0031 0.0010 1.0000 1.0000 1.0000 0.8770 0.2754 0.0865 0.0272 0.0085 0.0027 0.0008 1.0000 1.0000 1.0000 0.7633 0.2397 0.0753 0.0236 0.0074 0.0023 0.0007 1.0000 1.0000 1.0000 0.7251 0.1135
1.0000 1.0000 1.0000 0.0019 0.0062 0.0196 0.0624 0.1986 0.6323 1.0000 1.0000 1.0000 0.0007 0.0022 0.0071 0.0225 0.0717 0.2282 0.7265 1.0000 1.0000 1.0000 0.0008 0.0025 0.0081 0.0259 0.0823 0.2621 0.8347 1.0000 1.0000 1.0000 0.0009 0.0029 0.0093 0.0297 0.0946 0.3012 0.9590 1.0000 1.0000 1.0000 0.0011 0.0034 0.0107 0.0341 0.1087 0.3434 1.0000 1.0000 1.0000 0.0018 0.0107 0.0041 0.0011 1.0000 1.0000 1.0000 1.0000 0.3195 0.1005 0.0316 0.0099 0.0031 0.0010 1.0000 1.0000 1.0000 0.8871 0.2786 0.0875 0.0275 0.0086 0.0027 0.0009 1.0000 1.0000 1.0000 0.7721 0.2425 0.0762 0.0239 0.0075 0.0024 0.0007 1.0000 1.0000 1.0000 0.6720 0.2110 0.0663 0.0208 0.0065 0.0021 0.0006 1.0000 1.0000 1.0000 0.5794 0.1993 0.0314
1.0000 1.0000 0.0019 0.0061 0.0195 0.0620 0.1975 0.6287 1.0000 1.0000 1.0000 0.0007 0.0022 0.0070 0.0224 0.0712 0.2269 0.7224 1.0000 1.0000 1.0000 0.0008 0.0025 0.0081 0.0257 0.0819 0.2606 0.8300 1.0000 1.0000 1.0000 0.0009 0.0029 0.0093 0.0295 0.0940 0.2995 0.9536 1.0000 1.0000 1.0000 0.0011 0.0033 0.0107 0.0339 0.1081 0.3434 1.0000 1.0000 1.0000 1.0000 0.0034 0.0050 0.0011 1.0000 1.0000 1.0000 1.0000 0.3213 0.1013 0.0317 0.0100 0.0031 0.0010 1.0000 1.0000 1.0000 0.8922 0.2802 0.0880 0.0276 0.0087 0.0027 0.0009 1.0000 1.0000 1.0000 0.7765 0.2439 0.0766 0.0241 0.0076 0.0024 0.0007 1.0000 1.0000 1.0000 0.6759 0.2123 0.0667 0.0209 0.0066 0.0021 0.0006 1.0000 1.0000 1.0000 0.5894 0.1826 0.0628 0.0098
1.0000 0.0024 0.0069 0.0222 0.0704 0.2243 0.7142 1.0000 1.0000 1.0000 0.0008 0.0025 0.0080 0.0254 0.0809 0.2577 0.8205 1.0000 1.0000 1.0000 0.0009 0.0029 0.0092 0.0292 0.0930 0.2961 0.9427 1.0000 1.0000 1.0000 0.0010 0.0033 0.0105 0.0335 0.1068 0.3402 1.0000 1.0000 1.0000 1.0000 0.0012 0.0038 0.0121 0.0386 0.1230 0.3923 1.0000 1.0000 1.0000 1.0000 0.0015 0.0041 0.0013 1.0000 1.0000 1.0000 1.0000 0.3262 0.1028 0.0323 0.0101 0.0032 0.0010 1.0000 1.0000 1.0000 0.9076 0.2850 0.0895 0.0281 0.0088 0.0028 0.0009 1.0000 1.0000 1.0000 0.7899 0.2481 0.0779 0.0245 0.0077 0.0024 0.0008 1.0000 1.0000 1.0000 0.6875 0.2159 0.0678 0.0213 0.0067 0.0021 0.0007 1.0000 1.0000 1.0000 0.5984 0.1883 0.0585 0.0201 0.0031
0.0009 0.0054 0.0154 0.0495 0.1569 0.4995 1.0000 1.0000 1.0000 1.0000 0.0018 0.0056 0.0178 0.0566 0.1802 0.5739 1.0000 1.0000 1.0000 1.0000 0.0020 0.0064 0.0204 0.0650 0.2071 0.6594 1.0000 1.0000 1.0000 1.0000 0.0023 0.0074 0.0235 0.0747 0.2379 0.7576 1.0000 1.0000 1.0000 0.0008 0.0027 0.0084 0.0268 0.0850 0.2702 0.8572 1.0000 1.0000 1.0000 0.0010 0.0028 0.0015 1.0000 1.0000 1.0000 1.0000 0.3281 0.1034 0.0326 0.0103 0.0032 0.0010 1.0000 1.0000 1.0000 0.9197 0.2888 0.0907 0.0285 0.0089 0.0028 0.0009 1.0000 1.0000 1.0000 0.8005 0.2514 0.0790 0.0248 0.0078 0.0024 0.0008 1.0000 1.0000 1.0000 0.6967 0.2188 0.0687 0.0216 0.0068 0.0021 0.0007 1.0000 1.0000 1.0000 0.6064 0.1904 0.0599 0.0186 0.0064 0.0010
