0.0017 0.0115 0.0329 0.1046 0.3281 1.0000 1.0000 1.0000 0.0003 0.0011 0.0034 0.0106 0.0334 0.1050 0.3300 1.0000 1.0000 1.0000 0.0003 0.0011 0.0034 0.0107 0.0336 0.1056 0.3319 1.0000 1.0000 1.0000 0.0003 0.0011 0.0034 0.0108 0.0338 0.1062 0.3338 1.0000 1.0000 1.0000 0.0003 0.0011 0.0034 0.0108 0.0340 0.1068 0.3357 1.0000 1.0000 1.0000 0.0004 0.0013 0.0031 0.0013 0.0004 1.0000 1.0000 1.0000 0.3357 0.1068 0.0340 0.0108 0.0034 0.0011 0.0003 1.0000 1.0000 1.0000 0.3338 0.1062 0.0338 0.0108 0.0034 0.0011 0.0003 1.0000 1.0000 1.0000 0.3319 0.1056 0.0336 0.0107 0.0034 0.0011 0.0003 1.0000 1.0000 1.0000 0.3300 0.1050 0.0334 0.0106 0.0034 0.0011 0.0003 1.0000 1.0000 1.0000 0.3281 0.1046 0.0329 0.0115 0.0017
0.0115 0.0744 0.2094 0.6707 1.0000 1.0000 1.0000 0.0007 0.0022 0.0069 0.0217 0.0682 0.2143 0.6733 1.0000 1.0000 1.0000 0.0007 0.0022 0.0069 0.0218 0.0686 0.2155 0.6771 1.0000 1.0000 1.0000 0.0007 0.0022 0.0070 0.0220 0.0690 0.2167 0.6810 1.0000 1.0000 1.0000 0.0007 0.0022 0.0070 0.0221 0.0694 0.2180 0.6849 1.0000 1.0000 1.0000 0.0007 0.0023 0.0082 0.0185 0.0082 0.0023 0.0007 1.0000 1.0000 1.0000 0.6849 0.2180 0.0694 0.0221 0.0070 0.0022 0.0007 1.0000 1.0000 1.0000 0.6810 0.2167 0.0690 0.0220 0.0070 0.0022 0.0007 1.0000 1.0000 1.0000 0.6771 0.2155 0.0686 0.0218 0.0069 0.0022 0.0007 1.0000 1.0000 1.0000 0.6733 0.2143 0.0682 0.0217 0.0069 0.0022 0.0007 1.0000 1.0000 1.0000 0.6707 0.2094 0.0744 0.0115
0.0329 0.2094 0.6064 1.0000 1.0000 1.0000 0.0006 0.0020 0.0064 0.0201 0.0630 0.1982 0.6216 1.0000 1.0000 1.0000 0.0007 0.0020 0.0064 0.0202 0.0634 0.1990 0.6264 1.0000 1.0000 1.0000 0.0007 0.0021 0.0065 0.0203 0.0637 0.2005 0.6287 1.0000 1.0000 1.0000 0.0007 0.0021 0.0065 0.0204 0.0640 0.2016 0.6323 1.0000 1.0000 1.0000 0.0007 0.0021 0.0066 0.0237 0.0533 0.0237 0.0066 0.0021 0.0007 1.0000 1.0000 1.0000 0.6323 0.2016 0.0640 0.0204 0.0065 0.0021 0.0007 1.0000 1.0000 1.0000 0.6287 0.2005 0.0637 0.0203 0.0065 0.0021 0.0007 1.0000 1.0000 1.0000 0.6264 0.1990 0.0634 0.0202 0.0064 0.0020 0.0007 1.0000 1.0000 1.0000 0.6216 0.1982 0.0630 0.0201 0.0064 0.0020 0.0006 1.0000 1.0000 1.0000 0.6064 0.2094 0.0329
0.1046 0.6707 1.0000 1.0000 1.0000 0.0007 0.0021 0.0065 0.0205 0.0647 0.2032 0.6384 1.0000 1.0000 1.0000 0.0007 0.0021 0.0066 0.0207 0.0650 0.2043 0.6420 1.0000 1.0000 1.0000 0.0007 0.0021 0.0066 0.0208 0.0654 0.2055 0.6457 1.0000 1.0000 1.0000 0.0007 0.0021 0.0067 0.0209 0.0658 0.2067 0.6494 1.0000 1.0000 1.0000 0.0007 0.0021 0.0067 0.0211 0.0764 0.1709 0.0764 0.0211 0.0067 0.0021 0.0007 1.0000 1.0000 1.0000 0.6494 0.2067 0.0658 0.0209 0.0067 0.0021 0.0007 1.0000 1.0000 1.0000 0.6457 0.2055 0.0654 0.0208 0.0066 0.0021 0.0007 1.0000 1.0000 1.0000 0.6420 0.2043 0.0650 0.0207 0.0066 0.0021 0.0007 1.0000 1.0000 1.0000 0.6384 0.2032 0.0647 0.0205 0.0065 0.0021 0.0007 1.0000 1.0000 1.0000 0.6707 0.1046
0.3281 1.0000 1.0000 1.0000 0.0007 0.0021 0.0066 0.0207 0.0654 0.2055 0.6457 1.0000 1.0000 1.0000 0.0007 0.0021 0.0067 0.0209 0.0658 0.2067 0.6494 1.0000 1.0000 1.0000 0.0007 0.0021 0.0067 0.0211 0.0662 0.2079 0.6531 1.0000 1.0000 1.0000 0.0007 0.0021 0.0067 0.0212 0.0665 0.2090 0.6569 1.0000 1.0000 1.0000 0.0007 0.0022 0.0068 0.0212 0.0672 0.2425 0.5421 0.2425 0.0672 0.0212 0.0068 0.0022 0.0007 1.0000 1.0000 1.0000 0.6569 0.2090 0.0665 0.0212 0.0067 0.0021 0.0007 1.0000 1.0000 1.0000 0.6531 0.2079 0.0662 0.0211 0.0067 0.0021 0.0007 1.0000 1.0000 1.0000 0.6494 0.2067 0.0658 0.0209 0.0067 0.0021 0.0007 1.0000 1.0000 1.0000 0.6457 0.2055 0.0654 0.0207 0.0066 0.0021 0.0007 1.0000 1.0000 1.0000 0.3281
1.0000 1.0000 1.0000 0.0007 0.0021 0.0066 0.0209 0.0660 0.2083 0.6544 1.0000 1.0000 1.0000 0.0007 0.0021 0.0068 0.0212 0.0667 0.2094 0.6581 1.0000 1.0000 1.0000 0.0007 0.0022 0.0068 0.0213 0.0670 0.2106 0.6619 1.0000 1.0000 1.0000 0.0007 0.0022 0.0068 0.0215 0.0674 0.2119 0.6657 1.0000 1.0000 1.0000 0.0007 0.0022 0.0069 0.0216 0.0676 0.2139 0.7736 1.0000 0.7736 0.2139 0.0676 0.0216 0.0069 0.0022 0.0007 1.0000 1.0000 1.0000 0.6657 0.2119 0.0674 0.0215 0.0068 0.0022 0.0007 1.0000 1.0000 1.0000 0.6619 0.2106 0.0670 0.0213 0.0068 0.0022 0.0007 1.0000 1.0000 1.0000 0.6581 0.2094 0.0667 0.0212 0.0068 0.0021 0.0007 1.0000 1.0000 1.0000 0.6544 0.2083 0.0660 0.0209 0.0066 0.0021 0.0007 1.0000 1.0000 1.0000
1.0000 1.0000 0.0006 0.0021 0.0066 0.0209 0.0663 0.2094 0.6594 1.0000 1.0000 1.0000 0.0007 0.0022 0.0068 0.0215 0.0676 0.2123 0.6669 1.0000 1.0000 1.0000 0.0007 0.0022 0.0069 0.0216 0.0679 0.2135 0.6707 1.0000 1.0000 1.0000 0.0007 0.0022 0.0069 0.0217 0.0683 0.2147 0.6746 1.0000 1.0000 1.0000 0.0007 0.0022 0.0070 0.0219 0.0687 0.2151 0.6810 1.0000 1.0000 1.0000 0.6810 0.2151 0.0687 0.0219 0.0070 0.0022 0.0007 1.0000 1.0000 1.0000 0.6746 0.2147 0.0683 0.0217 0.0069 0.0022 0.0007 1.0000 1.0000 1.0000 0.6707 0.2135 0.0679 0.0216 0.0069 0.0022 0.0007 1.0000 1.0000 1.0000 0.6669 0.2123 0.0676 0.0215 0.0068 0.0022 0.0007 1.0000 1.0000 1.0000 0.6594 0.2094 0.0663 0.0209 0.0066 0.0021 0.0006 1.0000 1.0000
1.0000 0.0007 0.0020 0.0065 0.0207 0.0660 0.2094 0.6606 1.0000 1.0000 1.0000 0.0007 0.0022 0.0069 0.0218 0.0685 0.2151 0.6759 1.0000 1.0000 1.0000 0.0007 0.0022 0.0070 0.0219 0.0688 0.2163 0.6797 1.0000 1.0000 1.0000 0.0007 0.0022 0.0070 0.0220 0.0692 0.2176 0.6836 1.0000 1.0000 1.0000 0.0007 0.0022 0.0071 0.0222 0.0696 0.2188 0.6849 1.0000 1.0000 1.0000 1.0000 1.0000 0.6849 0.2188 0.0696 0.0222 0.0071 0.0022 0.0007 1.0000 1.0000 1.0000 0.6836 0.2176 0.0692 0.0220 0.0070 0.0022 0.0007 1.0000 1.0000 1.0000 0.6797 0.2163 0.0688 0.0219 0.0070 0.0022 0.0007 1.0000 1.0000 1.0000 0.6759 0.2151 0.0685 0.0218 0.0069 0.0022 0.0007 1.0000 1.0000 1.0000 0.6606 0.2094 0.0660 0.0207 0.0065 0.0020 0.0007 1.0000
0.0003 0.0022 0.0064 0.0205 0.0654 0.2083 0.6594 1.0000 1.0000 1.0000 0.0007 0.0022 0.0070 0.0221 0.0694 0.2180 0.6849 1.0000 1.0000 1.0000 0.0007 0.0022 0.0071 0.0222 0.0698 0.2192 0.6888 1.0000 1.0000 1.0000 0.0007 0.0023 0.0071 0.0223 0.0702 0.2205 0.6928 1.0000 1.0000 1.0000 0.0007 0.0023 0.0071 0.0225 0.0706 0.2217 0.6967 1.0000 1.0000 1.0000 1.0000 1.0000 1.0000 1.0000 0.6967 0.2217 0.0706 0.0225 0.0071 0.0023 0.0007 1.0000 1.0000 1.0000 0.6928 0.2205 0.0702 0.0223 0.0071 0.0023 0.0007 1.0000 1.0000 1.0000 0.6888 0.2192 0.0698 0.0222 0.0071 0.0022 0.0007 1.0000 1.0000 1.0000 0.6849 0.2180 0.0694 0.0221 0.0070 0.0022 0.0007 1.0000 1.0000 1.0000 0.6594 0.2083 0.0654 0.0205 0.0064 0.0022 0.0003
0.0011 0.0069 0.0201 0.0647 0.2055 0.6544 1.0000 1.0000 1.0000 0.0007 0.0022 0.0071 0.0223 0.0702 0.2209 0.6941 1.0000 1.0000 1.0000 0.0007 0.0023 0.0072 0.0225 0.0707 0.2222 0.6981 1.0000 1.0000 1.0000 0.0007 0.0023 0.0072 0.0226 0.0711 0.2234 0.7021 1.0000 1.0000 1.0000 0.0007 0.0023 0.0072 0.0228 0.0715 0.2247 0.7061 1.0000 1.0000 1.0000 0.0009 0.0019 0.0009 1.0000 1.0000 1.0000 0.7061 0.2247 0.0715 0.0228 0.0072 0.0023 0.0007 1.0000 1.0000 1.0000 0.7021 0.2234 0.0711 0.0226 0.0072 0.0023 0.0007 1.0000 1.0000 1.0000 0.6981 0.2222 0.0707 0.0225 0.0072 0.0023 0.0007 1.0000 1.0000 1.0000 0.6941 0.2209 0.0702 0.0223 0.0071 0.0022 0.0007 1.0000 1.0000 1.0000 0.6544 0.2055 0.0647 0.0201 0.0069 0.0011
0.0034 0.0217 0.0630 0.2032 0.6457 1.0000 1.0000 1.0000 0.0007 0.0022 0.0071 0.0225 0.0708 0.2230 0.7021 1.0000 1.0000 1.0000 0.0007 0.0023 0.0073 0.0228 0.0717 0.2251 0.7074 1.0000 1.0000 1.0000 0.0007 0.0023 0.0073 0.0229 0.0721 0.2264 0.7115 1.0000 1.0000 1.0000 0.0007 0.0023 0.0073 0.0231 0.0725 0.2277 0.7155 1.0000 1.0000 1.0000 0.0008 0.0027 0.0061 0.0027 0.0008 1.0000 1.0000 1.0000 0.7155 0.2277 0.0725 0.0231 0.0073 0.0023 0.0007 1.0000 1.0000 1.0000 0.7115 0.2264 0.0721 0.0229 0.0073 0.0023 0.0007 1.0000 1.0000 1.0000 0.7074 0.2251 0.0717 0.0228 0.0073 0.0023 0.0007 1.0000 1.0000 1.0000 0.7021 0.2230 0.0708 0.0225 0.0071 0.0022 0.0007 1.0000 1.0000 1.0000 0.6457 0.2032 0.0630 0.0217 0.0034
0.0106 0.0682 0.1982 0.6384 1.0000 1.0000 1.0000 0.0007 0.0022 0.0071 0.0225 0.0711 0.2247 0.7088 1.0000 1.0000 1.0000 0.0007 0.0023 0.0074 0.0231 0.0726 0.2282 0.7169 1.0000 1.0000 1.0000 0.0007 0.0024 0.0074 0.0232 0.0730 0.2295 0.7210 1.0000 1.0000 1.0000 0.0008 0.0024 0.0074 0.0234 0.0734 0.2308 0.7251 1.0000 1.0000 1.0000 0.0008 0.0024 0.0086 0.0193 0.0086 0.0024 0.0008 1.0000 1.0000 1.0000 0.7251 0.2308 0.0734 0.0234 0.0074 0.0024 0.0008 1.0000 1.0000 1.0000 0.7210 0.2295 0.0730 0.0232 0.0074 0.0024 0.0007 1.0000 1.0000 1.0000 0.7169 0.2282 0.0726 0.0231 0.0074 0.0023 0.0007 1.0000 1.0000 1.0000 0.7088 0.2247 0.0711 0.0225 0.0071 0.0022 0.0007 1.0000 1.0000 1.0000 0.6384 0.1982 0.0682 0.0106
0.0334 0.2143 0.6216 1.0000 1.0000 1.0000 0.0007 0.0022 0.0070 0.0223 0.0708 0.2247 0.7115 1.0000 1.0000 1.0000 0.0008 0.0024 0.0075 0.0234 0.0736 0.2312 0.7265 1.0000 1.0000 1.0000 0.0008 0.0024 0.0075 0.0236 0.0740 0.2325 0.7307 1.0000 1.0000 1.0000 0.0008 0.0024 0.0075 0.0237 0.0744 0.2339 0.7348 1.0000 1.0000 1.0000 0.0008 0.0024 0.0076 0.0275 0.0614 0.0275 0.0076 0.0024 0.0008 1.0000 1.0000 1.0000 0.7348 0.2339 0.0744 0.0237 0.0075 0.0024 0.0008 1.0000 1.0000 1.0000 0.7307 0.2325 0.0740 0.0236 0.0075 0.0024 0.0008 1.0000 1.0000 1.0000 0.7265 0.2312 0.0736 0.0234 0.0075 0.0024 0.0008 1.0000 1.0000 1.0000 0.7115 0.2247 0.0708 0.0223 0.0070 0.0022 0.0007 1.0000 1.0000 1.0000 0.6216 0.2143 0.0334
0.1050 0.6733 1.0000 1.0000 1.0000 0.0007 0.0022 0.0069 0.0221 0.0702 0.2230 0.7088 1.0000 1.0000 1.0000 0.0008 0.0024 0.0075 0.0237 0.0746 0.2343 0.7362 1.0000 1.0000 1.0000 0.0008 0.0024 0.0076 0.0239 0.0750 0.2357 0.7405 1.0000 1.0000 1.0000 0.0008 0.0024 0.0076 0.0240 0.0754 0.2370 0.7447 1.0000 1.0000 1.0000 0.0008 0.0024 0.0077 0.0242 0.0877 0.1956 0.0877 0.0242 0.0077 0.0024 0.0008 1.0000 1.0000 1.0000 0.7447 0.2370 0.0754 0.0240 0.0076 0.0024 0.0008 1.0000 1.0000 1.0000 0.7405 0.2357 0.0750 0.0239 0.0076 0.0024 0.0008 1.0000 1.0000 1.0000 0.7362 0.2343 0.0746 0.0237 0.0075 0.0024 0.0008 1.0000 1.0000 1.0000 0.7088 0.2230 0.0702 0.0221 0.0069 0.0022 0.0007 1.0000 1.0000 1.0000 0.6733 0.1050
0.3300 1.0000 1.0000 1.0000 0.0007 0.0021 0.0068 0.0218 0.0694 0.2209 0.7021 1.0000 1.0000 1.0000 0.0008 0.0024 0.0076 0.0240 0.0754 0.2375 0.7461 1.0000 1.0000 1.0000 0.0008 0.0025 0.0077 0.0242 0.0760 0.2388 0.7504 1.0000 1.0000 1.0000 0.0008 0.0025 0.0077 0.0243 0.0764 0.2402 0.7547 1.0000 1.0000 1.0000 0.0008 0.0025 0.0078 0.0244 0.0772 0.2791 0.6228 0.2791 0.0772 0.0244 0.0078 0.0025 0.0008 1.0000 1.0000 1.0000 0.7547 0.2402 0.0764 0.0243 0.0077 0.0025 0.0008 1.0000 1.0000 1.0000 0.7504 0.2388 0.0760 0.0242 0.0077 0.0025 0.0008 1.0000 1.0000 1.0000 0.7461 0.2375 0.0754 0.0240 0.0076 0.0024 0.0008 1.0000 1.0000 1.0000 0.7021 0.2209 0.0694 0.0218 0.0068 0.0021 0.0007 1.0000 1.0000 1.0000 0.3300
1.0000 1.0000 1.0000 0.0007 0.0021 0.0068 0.0215 0.0685 0.2180 0.6941 1.0000 1.0000 1.0000 0.0008 0.0024 0.0076 0.0241 0.0762 0.2397 0.7547 1.0000 1.0000 1.0000 0.0008 0.0025 0.0078 0.0245 0.0770 0.2420 0.7604 1.0000 1.0000 1.0000 0.0008 0.0025 0.0078 0.0247 0.0775 0.2434 0.7648 1.0000 1.0000 1.0000 0.0008 0.0025 0.0079 0.0248 0.0776 0.2457 0.8888 1.0000 0.8888 0.2457 0.0776 0.0248 0.0079 0.0025 0.0008 1.0000 1.0000 1.0000 0.7648 0.2434 0.0775 0.0247 0.0078 0.0025 0.0008 1.0000 1.0000 1.0000 0.7604 0.2420 0.0770 0.0245 0.0078 0.0025 0.0008 1.0000 1.0000 1.0000 0.7547 0.2397 0.0762 0.0241 0.0076 0.0024 0.0008 1.0000 1.0000 1.0000 0.6941 0.2180 0.0685 0.0215 0.0068 0.0021 0.0007 1.0000 1.0000 1.0000
1.0000 1.0000 0.0007 0.0021 0.0067 0.0212 0.0676 0.2151 0.6849 1.0000 1.0000 1.0000 0.0008 0.0024 0.0076 0.0241 0.0764 0.2416 0.7619 1.0000 1.0000 1.0000 0.0008 0.0025 0.0079 0.0248 0.0781 0.2453 0.7706 1.0000 1.0000 1.0000 0.0008 0.0025 0.0080 0.0250 0.0785 0.2467 0.7750 1.0000 1.0000 1.0000 0.0008 0.0025 0.0080 0.0251 0.0790 0.2471 0.7824 1.0000 1.0000 1.0000 0.7824 0.2471 0.0790 0.0251 0.0080 0.0025 0.0008 1.0000 1.0000 1.0000 0.7750 0.2467 0.0785 0.0250 0.0080 0.0025 0.0008 1.0000 1.0000 1.0000 0.7706 0.2453 0.0781 0.0248 0.0079 0.0025 0.0008 1.0000 1.0000 1.0000 0.7619 0.2416 0.0764 0.0241 0.0076 0.0024 0.0008 1.0000 1.0000 1.0000 0.6849 0.2151 0.0676 0.0212 0.0067 0.0021 0.0007 1.0000 1.0000
1.0000 0.0007 0.0020 0.0066 0.0209 0.0667 0.2123 0.6759 1.0000 1.0000 1.0000 0.0007 0.0024 0.0075 0.0240 0.0762 0.2416 0.7648 1.0000 1.0000 1.0000 0.0008 0.0025 0.0080 0.0252 0.0791 0.2485 0.7810 1.0000 1.0000 1.0000 0.0008 0.0026 0.0081 0.0253 0.0796 0.2500 0.7854 1.0000 1.0000 1.0000 0.0008 0.0026 0.0081 0.0255 0.0800 0.2514 0.7869 1.0000 1.0000 1.0000 1.0000 1.0000 0.7869 0.2514 0.0800 0.0255 0.0081 0.0026 0.0008 1.0000 1.0000 1.0000 0.7854 0.2500 0.0796 0.0253 0.0081 0.0026 0.0008 1.0000 1.0000 1.0000 0.7810 0.2485 0.0791 0.0252 0.0080 0.0025 0.0008 1.0000 1.0000 1.0000 0.7648 0.2416 0.0762 0.0240 0.0075 0.0024 0.0007 1.0000 1.0000 1.0000 0.6759 0.2123 0.0667 0.0209 0.0066 0.0020 0.0007 1.0000
0.0003 0.0022 0.0064 0.0207 0.0658 0.2094 0.6669 1.0000 1.0000 1.0000 0.0007 0.0023 0.0075 0.0237 0.0754 0.2397 0.7619 1.0000 1.0000 1.0000 0.0008 0.0026 0.0081 0.0255 0.0802 0.2519 0.7914 1.0000 1.0000 1.0000 0.0008 0.0026 0.0082 0.0257 0.0806 0.2533 0.7960 1.0000 1.0000 1.0000 0.0008 0.0026 0.0082 0.0258 0.0811 0.2548 0.8005 1.0000 1.0000 1.0000 1.0000 1.0000 1.0000 1.0000 0.8005 0.2548 0.0811 0.0258 0.0082 0.0026 0.0008 1.0000 1.0000 1.0000 0.7960 0.2533 0.0806 0.0257 0.0082 0.0026 0.0008 1.0000 1.0000 1.0000 0.7914 0.2519 0.0802 0.0255 0.0081 0.0026 0.0008 1.0000 1.0000 1.0000 0.7619 0.2397 0.0754 0.0237 0.0075 0.0023 0.0007 1.0000 1.0000 1.0000 0.6669 0.2094 0.0658 0.0207 0.0064 0.0022 0.0003
0.0011 0.0069 0.0202 0.0650 0.2067 0.6581 1.0000 1.0000 1.0000 0.0007 0.0023 0.0074 0.0234 0.0746 0.2375 0.7547 1.0000 1.0000 1.0000 0.0008 0.0026 0.0082 0.0258 0.0811 0.2553 0.8020 1.0000 1.0000 1.0000 0.0008 0.0026 0.0083 0.0260 0.0817 0.2567 0.8066 1.0000 1.0000 1.0000 0.0008 0.0026 0.0083 0.0262 0.0822 0.2582 0.8112 1.0000 1.0000 1.0000 0.0010 0.0022 0.0010 1.0000 1.0000 1.0000 0.8112 0.2582 0.0822 0.0262 0.0083 0.0026 0.0008 1.0000 1.0000 1.0000 0.8066 0.2567 0.0817 0.0260 0.0083 0.0026 0.0008 1.0000 1.0000 1.0000 0.8020 0.2553 0.0811 0.0258 0.0082 0.0026 0.0008 1.0000 1.0000 1.0000 0.7547 0.2375 0.0746 0.0234 0.0074 0.0023 0.0007 1.0000 1.0000 1.0000 0.6581 0.2067 0.0650 0.0202 0.0069 0.0011
0.0034 0.0218 0.0634 0.2043 0.6494 1.0000 1.0000 1.0000 0.0007 0.0023 0.0073 0.0231 0.0736 0.2343 0.7461 1.0000 1.0000 1.0000 0.0008 0.0026 0.0082 0.0260 0.0819 0.2577 0.8112 1.0000 1.0000 1.0000 0.0008 0.0027 0.0084 0.0264 0.0828 0.2602 0.8174 1.0000 1.0000 1.0000 0.0009 0.0027 0.0084 0.0265 0.0833 0.2616 0.8221 1.0000 1.0000 1.0000 0.0009 0.0031 0.0070 0.0031 0.0009 1.0000 1.0000 1.0000 0.8221 0.2616 0.0833 0.0265 0.0084 0.0027 0.0009 1.0000 1.0000 1.0000 0.8174 0.2602 0.0828 0.0264 0.0084 0.0027 0.0008 1.0000 1.0000 1.0000 0.8112 0.2577 0.0819 0.0260 0.0082 0.0026 0.0008 1.0000 1.0000 1.0000 0.7461 0.2343 0.0736 0.0231 0.0073 0.0023 0.0007 1.0000 1.0000 1.0000 0.6494 0.2043 0.0634 0.0218 0.0034
0.0107 0.0686 0.1990 0.6420 1.0000 1.0000 1.0000 0.0007 0.0022 0.0072 0.0228 0.0726 0.2312 0.7362 1.0000 1.0000 1.0000 0.0008 0.0026 0.0082 0.0260 0.0822 0.2597 0.8190 1.0000 1.0000 1.0000 0.0009 0.0027 0.0085 0.0267 0.0839 0.2636 0.8284 1.0000 1.0000 1.0000 0.0009 0.0027 0.0085 0.0269 0.0844 0.2651 0.8331 1.0000 1.0000 1.0000 0.0009 0.0027 0.0099 0.0222 0.0099 0.0027 0.0009 1.0000 1.0000 1.0000 0.8331 0.2651 0.0844 0.0269 0.0085 0.0027 0.0009 1.0000 1.0000 1.0000 0.8284 0.2636 0.0839 0.0267 0.0085 0.0027 0.0009 1.0000 1.0000 1.0000 0.8190 0.2597 0.0822 0.0260 0.0082 0.0026 0.0008 1.0000 1.0000 1.0000 0.7362 0.2312 0.0726 0.0228 0.0072 0.0022 0.0007 1.0000 1.0000 1.0000 0.6420 0.1990 0.0686 0.0107
0.0336 0.2155 0.6264 1.0000 1.0000 1.0000 0.0007 0.0022 0.0071 0.0225 0.0717 0.2282 0.7265 1.0000 1.0000 1.0000 0.0008 0.0025 0.0081 0.0258 0.0819 0.2597 0.8221 1.0000 1.0000 1.0000 0.0009 0.0027 0.0086 0.0271 0.0850 0.2672 0.8395 1.0000 1.0000 1.0000 0.0009 0.0028 0.0087 0.0272 0.0855 0.2687 0.8443 1.0000 1.0000 1.0000 0.0009 0.0028 0.0087 0.0316 0.0706 0.0316 0.0087 0.0028 0.0009 1.0000 1.0000 1.0000 0.8443 0.2687 0.0855 0.0272 0.0087 0.0028 0.0009 1.0000 1.0000 1.0000 0.8395 0.2672 0.0850 0.0271 0.0086 0.0027 0.0009 1.0000 1.0000 1.0000 0.8221 0.2597 0.0819 0.0258 0.0081 0.0025 0.0008 1.0000 1.0000 1.0000 0.7265 0.2282 0.0717 0.0225 0.0071 0.0022 0.0007 1.0000 1.0000 1.0000 0.6264 0.2155 0.0336
0.1056 0.6771 1.0000 1.0000 1.0000 0.0007 0.0022 0.0070 0.0222 0.0707 0.2251 0.7169 1.0000 1.0000 1.0000 0.0008 0.0025 0.0080 0.0255 0.0811 0.2577 0.8190 1.0000 1.0000 1.0000 0.0009 0.0028 0.0087 0.0274 0.0862 0.2708 0.8507 1.0000 1.0000 1.0000 0.0009 0.0028 0.0088 0.0276 0.0867 0.2723 0.8556 1.0000 1.0000 1.0000 0.0009 0.0028 0.0088 0.0278 0.1007 0.2247 0.1007 0.0278 0.0088 0.0028 0.0009 1.0000 1.0000 1.0000 0.8556 0.2723 0.0867 0.0276 0.0088 0.0028 0.0009 1.0000 1.0000 1.0000 0.8507 0.2708 0.0862 0.0274 0.0087 0.0028 0.0009 1.0000 1.0000 1.0000 0.8190 0.2577 0.0811 0.0255 0.0080 0.0025 0.0008 1.0000 1.0000 1.0000 0.7169 0.2251 0.0707 0.0222 0.0070 0.0022 0.0007 1.0000 1.0000 1.0000 0.6771 0.1056
0.3319 1.0000 1.0000 1.0000 0.0007 0.0022 0.0069 0.0219 0.0698 0.2222 0.7074 1.0000 1.0000 1.0000 0.0008 0.0025 0.0079 0.0252 0.0802 0.2553 0.8112 1.0000 1.0000 1.0000 0.0009 0.0028 0.0088 0.0277 0.0872 0.2744 0.8621 1.0000 1.0000 1.0000 0.0009 0.0028 0.0089 0.0280 0.0878 0.2760 0.8671 1.0000 1.0000 1.0000 0.0009 0.0028 0.0089 0.0280 0.0887 0.3207 0.7155 0.3207 0.0887 0.0280 0.0089 0.0028 0.0009 1.0000 1.0000 1.0000 0.8671 0.2760 0.0878 0.0280 0.0089 0.0028 0.0009 1.0000 1.0000 1.0000 0.8621 0.2744 0.0872 0.0277 0.0088 0.0028 0.0009 1.0000 1.0000 1.0000 0.8112 0.2553 0.0802 0.0252 0.0079 0.0025 0.0008 1.0000 1.0000 1.0000 0.7074 0.2222 0.0698 0.0219 0.0069 0.0022 0.0007 1.0000 1.0000 1.0000 0.3319
1.0000 1.0000 1.0000 0.0007 0.0021 0.0068 0.0216 0.0688 0.2192 0.6981 1.0000 1.0000 1.0000 0.0008 0.0025 0.0078 0.0248 0.0791 0.2519 0.8020 1.0000 1.0000 1.0000 0.0009 0.0028 0.0088 0.0279 0.0878 0.2770 0.8720 1.0000 1.0000 1.0000 0.0009 0.0029 0.0090 0.0283 0.0890 0.2797 0.8787 1.0000 1.0000 1.0000 0.0009 0.0029 0.0091 0.0285 0.0892 0.2823 1.0000 1.0000 1.0000 0.2823 0.0892 0.0285 0.0091 0.0029 0.0009 1.0000 1.0000 1.0000 0.8787 0.2797 0.0890 0.0283 0.0090 0.0029 0.0009 1.0000 1.0000 1.0000 0.8720 0.2770 0.0878 0.0278 0.0088 0.0028 0.0009 1.0000 1.0000 1.0000 0.8020 0.2519 0.0791 0.0248 0.0078 0.0025 0.0008 1.0000 1.0000 1.0000 0.6981 0.2192 0.0688 0.0216 0.0068 0.0021 0.0007 1.0000 1.0000 1.0000
1.0000 1.0000 0.0007 0.0021 0.0067 0.0213 0.0679 0.2163 0.6888 1.0000 1.0000 1.0000 0.0008 0.0024 0.0077 0.0245 0.0781 0.2485 0.7914 1.0000 1.0000 1.0000 0.0009 0.0028 0.0088 0.0278 0.0882 0.2786 0.8787 1.0000 1.0000 1.0000 0.0009 0.0029 0.0091 0.0287 0.0902 0.2834 0.8905 1.0000 1.0000 1.0000 0.0009 0.0029 0.0092 0.0289 0.0907 0.2839 0.8990 1.0000 1.0000 1.0000 0.8990 0.2839 0.0907 0.0289 0.0092 0.0029 0.0009 1.0000 1.0000 1.0000 0.8905 0.2834 0.0902 0.0287 0.0091 0.0029 0.0009 1.0000 1.0000 1.0000 0.8787 0.2786 0.0882 0.0278 0.0088 0.0028 0.0009 1.0000 1.0000 1.0000 0.7914 0.2485 0.0781 0.0245 0.0077 0.0024 0.0008 1.0000 1.0000 1.0000 0.6888 0.2163 0.0679 0.0213 0.0067 0.0021 0.0007 1.0000 1.0000
1.0000 0.0007 0.0021 0.0066 0.0211 0.0670 0.2135 0.6797 1.0000 1.0000 1.0000 0.0007 0.0024 0.0076 0.0242 0.0770 0.2453 0.7810 1.0000 1.0000 1.0000 0.0009 0.0027 0.0087 0.0277 0.0878 0.2786 0.8820 1.0000 1.0000 1.0000 0.0009 0.0029 0.0093 0.0291 0.0914 0.2872 0.9024 1.0000 1.0000 1.0000 0.0009 0.0030 0.0093 0.0293 0.0919 0.2888 0.9041 1.0000 1.0000 1.0000 1.0000 1.0000 0.9041 0.2888 0.0919 0.0293 0.0093 0.0030 0.0009 1.0000 1.0000 1.0000 0.9024 0.2872 0.0914 0.0291 0.0093 0.0029 0.0009 1.0000 1.0000 1.0000 0.8820 0.2786 0.0878 0.0277 0.0087 0.0027 0.0009 1.0000 1.0000 1.0000 0.7810 0.2453 0.0770 0.0242 0.0076 0.0024 0.0007 1.0000 1.0000 1.0000 0.6797 0.2135 0.0670 0.0211 0.0066 0.0021 0.0007 1.0000
0.0003 0.0022 0.0065 0.0208 0.0662 0.2106 0.6707 1.0000 1.0000 1.0000 0.0007 0.0024 0.0075 0.0239 0.0760 0.2420 0.7706 1.0000 1.0000 1.0000 0.0008 0.0027 0.0086 0.0274 0.0872 0.2770 0.8787 1.0000 1.0000 1.0000 0.0009 0.0030 0.0094 0.0295 0.0926 0.2910 0.9145 1.0000 1.0000 1.0000 0.0010 0.0030 0.0094 0.0296 0.0932 0.2927 0.9197 1.0000 1.0000 1.0000 1.0000 1.0000 1.0000 1.0000 0.9197 0.2927 0.0932 0.0296 0.0094 0.0030 0.0010 1.0000 1.0000 1.0000 0.9145 0.2910 0.0926 0.0295 0.0094 0.0030 0.0009 1.0000 1.0000 1.0000 0.8787 0.2770 0.0872 0.0274 0.0086 0.0027 0.0008 1.0000 1.0000 1.0000 0.7706 0.2420 0.0760 0.0239 0.0075 0.0024 0.0007 1.0000 1.0000 1.0000 0.6707 0.2106 0.0662 0.0208 0.0065 0.0022 0.0003
0.0011 0.0070 0.0203 0.0654 0.2079 0.6619 1.0000 1.0000 1.0000 0.0007 0.0023 0.0074 0.0236 0.0750 0.2388 0.7604 1.0000 1.0000 1.0000 0.0008 0.0027 0.0085 0.0271 0.0862 0.2744 0.8720 1.0000 1.0000 1.0000 0.0009 0.0030 0.0094 0.0298 0.0937 0.2949 0.9267 1.0000 1.0000 1.0000 0.0010 0.0030 0.0096 0.0300 0.0944 0.2966 0.9321 1.0000 1.0000 1.0000 0.0011 0.0025 0.0011 1.0000 1.0000 1.0000 0.9321 0.2966 0.0944 0.0300 0.0096 0.0030 0.0010 1.0000 1.0000 1.0000 0.9267 0.2949 0.0937 0.0298 0.0094 0.0030 0.0009 1.0000 1.0000 1.0000 0.8720 0.2744 0.0862 0.0271 0.0085 0.0027 0.0008 1.0000 1.0000 1.0000 0.7604 0.2388 0.0750 0.0236 0.0074 0.0023 0.0007 1.0000 1.0000 1.0000 0.6619 0.2079 0.0654 0.0203 0.0070 0.0011
0.0034 0.0220 0.0637 0.2055 0.6531 1.0000 1.0000 1.0000 0.0007 0.0023 0.0073 0.0232 0.0740 0.2357 0.7504 1.0000 1.0000 1.0000 0.0008 0.0026 0.0084 0.0267 0.0850 0.2708 0.8621 1.0000 1.0000 1.0000 0.0009 0.0030 0.0095 0.0299 0.0944 0.2978 0.9374 1.0000 1.0000 1.0000 0.0010 0.0031 0.0097 0.0304 0.0957 0.3006 0.9445 1.0000 1.0000 1.0000 0.0010 0.0036 0.0080 0.0036 0.0010 1.0000 1.0000 1.0000 0.9445 0.3006 0.0957 0.0304 0.0097 0.0031 0.0010 1.0000 1.0000 1.0000 0.9374 0.2978 0.0944 0.0299 0.0095 0.0030 0.0009 1.0000 1.0000 1.0000 0.8621 0.2708 0.0850 0.0267 0.0084 0.0026 0.0008 1.0000 1.0000 1.0000 0.7504 0.2357 0.0740 0.0232 0.0073 0.0023 0.0007 1.0000 1.0000 1.0000 0.6531 0.2055 0.0637 0.0220 0.0034
0.0108 0.0690 0.2005 0.6457 1.0000 1.0000 1.0000 0.0007 0.0023 0.0072 0.0229 0.0730 0.2325 0.7405 1.0000 1.0000 1.0000 0.0008 0.0026 0.0083 0.0264 0.0839 0.2672 0.8507 1.0000 1.0000 1.0000 0.0009 0.0030 0.0094 0.0299 0.0948 0.2995 0.9445 1.0000 1.0000 1.0000 0.0010 0.0031 0.0098 0.0309 0.0970 0.3046 0.9572 1.0000 1.0000 1.0000 0.0010 0.0032 0.0114 0.0255 0.0114 0.0032 0.0010 1.0000 1.0000 1.0000 0.9572 0.3046 0.0970 0.0309 0.0098 0.0031 0.0010 1.0000 1.0000 1.0000 0.9445 0.2995 0.0948 0.0299 0.0094 0.0030 0.0009 1.0000 1.0000 1.0000 0.8507 0.2672 0.0839 0.0264 0.0083 0.0026 0.0008 1.0000 1.0000 1.0000 0.7405 0.2325 0.0730 0.0229 0.0072 0.0023 0.0007 1.0000 1.0000 1.0000 0.6457 0.2005 0.0690 0.0108
0.0338 0.2167 0.6287 1.0000 1.0000 1.0000 0.0007 0.0022 0.0071 0.0226 0.0721 0.2295 0.7307 1.0000 1.0000 1.0000 0.0008 0.0026 0.0082 0.0260 0.0828 0.2636 0.8395 1.0000 1.0000 1.0000 0.0009 0.0029 0.0094 0.0298 0.0944 0.2995 0.9481 1.0000 1.0000 1.0000 0.0010 0.0032 0.0100 0.0313 0.0983 0.3087 0.9700 1.0000 1.0000 1.0000 0.0010 0.0032 0.0100 0.0363 0.0811 0.0363 0.0100 0.0032 0.0010 1.0000 1.0000 1.0000 0.9700 0.3087 0.0983 0.0313 0.0100 0.0032 0.0010 1.0000 1.0000 1.0000 0.9481 0.2995 0.0944 0.0298 0.0094 0.0029 0.0009 1.0000 1.0000 1.0000 0.8395 0.2636 0.0828 0.0260 0.0082 0.0026 0.0008 1.0000 1.0000 1.0000 0.7307 0.2295 0.0721 0.0226 0.0071 0.0022 0.0007 1.0000 1.0000 1.0000 0.6287 0.2167 0.0338
0.1062 0.6810 1.0000 1.0000 1.0000 0.0007 0.0022 0.0070 0.0223 0.0711 0.2264 0.7210 1.0000 1.0000 1.0000 0.0008 0.0025 0.0081 0.0257 0.0817 0.2602 0.8284 1.0000 1.0000 1.0000 0.0009 0.0029 0.0093 0.0295 0.0937 0.2978 0.9445 1.0000 1.0000 1.0000 0.0010 0.0032 0.0101 0.0317 0.0996 0.3129 0.9830 1.0000 1.0000 1.0000 0.0010 0.0032 0.0101 0.0320 0.1157 0.2582 0.1157 0.0320 0.0101 0.0032 0.0010 1.0000 1.0000 1.0000 0.9830 0.3129 0.0996 0.0317 0.0101 0.0032 0.0010 1.0000 1.0000 1.0000 0.9445 0.2978 0.0937 0.0295 0.0093 0.0029 0.0009 1.0000 1.0000 1.0000 0.8284 0.2602 0.0817 0.0257 0.0081 0.0025 0.0008 1.0000 1.0000 1.0000 0.7210 0.2264 0.0711 0.0223 0.0070 0.0022 0.0007 1.0000 1.0000 1.0000 0.6810 0.1062
0.3338 1.0000 1.0000 1.0000 0.0007 0.0022 0.0069 0.0220 0.0702 0.2234 0.7115 1.0000 1.0000 1.0000 0.0008 0.0025 0.0080 0.0253 0.0806 0.2567 0.8174 1.0000 1.0000 1.0000 0.0009 0.0029 0.0091 0.0291 0.0926 0.2949 0.9374 1.0000 1.0000 1.0000 0.0010 0.0032 0.0101 0.0320 0.1007 0.3171 0.9962 1.0000 1.0000 1.0000 0.0010 0.0033 0.0103 0.0322 0.1019 0.3685 0.8221 0.3685 0.1019 0.0322 0.0103 0.0033 0.0010 1.0000 1.0000 1.0000 0.9962 0.3171 0.1007 0.0320 0.0101 0.0032 0.0010 1.0000 1.0000 1.0000 0.9374 0.2949 0.0926 0.0291 0.0091 0.0029 0.0009 1.0000 1.0000 1.0000 0.8174 0.2567 0.0806 0.0253 0.0080 0.0025 0.0008 1.0000 1.0000 1.0000 0.7115 0.2234 0.0702 0.0220 0.0069 0.0022 0.0007 1.0000 1.0000 1.0000 0.3338
1.0000 1.0000 1.0000 0.0007 0.0021 0.0068 0.0217 0.0692 0.2205 0.7021 1.0000 1.0000 1.0000 0.0008 0.0025 0.0078 0.0250 0.0796 0.2533 0.8066 1.0000 1.0000 1.0000 0.0009 0.0028 0.0090 0.0287 0.0914 0.2910 0.9267 1.0000 1.0000 1.0000 0.0010 0.0032 0.0102 0.0322 0.1015 0.3201 1.0000 1.0000 1.0000 1.0000 0.0011 0.0033 0.0104 0.0327 0.1025 0.3244 1.0000 1.0000 1.0000 0.3244 0.1025 0.0327 0.0104 0.0033 0.0011 1.0000 1.0000 1.0000 1.0000 0.3201 0.1015 0.0322 0.0102 0.0032 0.0010 1.0000 1.0000 1.0000 0.9267 0.2910 0.0914 0.0287 0.0090 0.0028 0.0009 1.0000 1.0000 1.0000 0.8066 0.2533 0.0796 0.0250 0.0078 0.0025 0.0008 1.0000 1.0000 1.0000 0.7021 0.2205 0.0692 0.0217 0.0068 0.0021 0.0007 1.0000 1.0000 1.0000
1.0000 1.0000 0.0007 0.0021 0.0067 0.0215 0.0683 0.2176 0.6928 1.0000 1.0000 1.0000 0.0008 0.0024 0.0077 0.0247 0.0785 0.2500 0.7960 1.0000 1.0000 1.0000 0.0009 0.0028 0.0089 0.0283 0.0902 0.2872 0.9145 1.0000 1.0000 1.0000 0.0010 0.0032 0.0101 0.0322 0.1019 0.3219 1.0000 1.0000 1.0000 1.0000 0.0011 0.0034 0.0106 0.0332 0.1042 0.3262 1.0000 1.0000 1.0000 1.0000 1.0000 0.3262 0.1042 0.0332 0.0106 0.0034 0.0011 1.0000 1.0000 1.0000 1.0000 0.3219 0.1019 0.0322 0.0101 0.0032 0.0010 1.0000 1.0000 1.0000 0.9145 0.2872 0.0902 0.0283 0.0089 0.0028 0.0009 1.0000 1.0000 1.0000 0.7960 0.2500 0.0785 0.0247 0.0077 0.0024 0.0008 1.0000 1.0000 1.0000 0.6928 0.2176 0.0683 0.0215 0.0067 0.0021 0.0007 1.0000 1.0000
1.0000 0.0007 0.0021 0.0067 0.0212 0.0674 0.2147 0.6836 1.0000 1.0000 1.0000 0.0008 0.0024 0.0076 0.0243 0.0775 0.2467 0.7854 1.0000 1.0000 1.0000 0.0009 0.0028 0.0088 0.0280 0.0890 0.2834 0.9024 1.0000 1.0000 1.0000 0.0010 0.0032 0.0101 0.0320 0.1015 0.3219 1.0000 1.0000 1.0000 1.0000 0.0011 0.0034 0.0107 0.0336 0.1056 0.3319 1.0000 1.0000 1.0000 1.0000 1.0000 1.0000 1.0000 0.3319 0.1056 0.0336 0.0107 0.0034 0.0011 1.0000 1.0000 1.0000 1.0000 0.3219 0.1015 0.0320 0.0101 0.0032 0.0010 1.0000 1.0000 1.0000 0.9024 0.2834 0.0890 0.0280 0.0088 0.0028 0.0009 1.0000 1.0000 1.0000 0.7854 0.2467 0.0775 0.0243 0.0076 0.0024 0.0008 1.0000 1.0000 1.0000 0.6836 0.2147 0.0674 0.0212 0.0067 0.0021 0.0007 1.0000
0.0003 0.0022 0.0065 0.0209 0.0665 0.2119 0.6746 1.0000 1.0000 1.0000 0.0007 0.0024 0.0075 0.0240 0.0764 0.2434 0.7750 1.0000 1.0000 1.0000 0.0009 0.0027 0.0087 0.0276 0.0878 0.2797 0.8905 1.0000 1.0000 1.0000 0.0010 0.0031 0.0100 0.0317 0.1007 0.3201 1.0000 1.0000 1.0000 1.0000 0.0011 0.0034 0.0108 0.0341 0.1070 0.3363 1.0000 1.0000 1.0000 1.0000 0.0009 1.0000 1.0000 1.0000 1.0000 0.3363 0.1070 0.0341 0.0108 0.0034 0.0011 1.0000 1.0000 1.0000 1.0000 0.3201 0.1007 0.0317 0.0100 0.0031 0.0010 1.0000 1.0000 1.0000 0.8905 0.2797 0.0878 0.0276 0.0087 0.0027 0.0009 1.0000 1.0000 1.0000 0.7750 0.2434 0.0764 0.0240 0.0075 0.0024 0.0007 1.0000 1.0000 1.0000 0.6746 0.2119 0.0665 0.0209 0.0065 0.0022 0.0003
0.0011 0.0070 0.0204 0.0658 0.2090 0.6657 1.0000 1.0000 1.0000 0.0007 0.0023 0.0074 0.0237 0.0754 0.2402 0.7648 1.0000 1.0000 1.0000 0.0008 0.0027 0.0085 0.0272 0.0867 0.2760 0.8787 1.0000 1.0000 1.0000 0.0010 0.0031 0.0098 0.0313 0.0996 0.3171 1.0000 1.0000 1.0000 1.0000 0.0011 0.0035 0.0109 0.0344 0.1083 0.3408 1.0000 1.0000 1.0000 1.0000 0.0013 0.0029 0.0013 1.0000 1.0000 1.0000 1.0000 0.3408 0.1083 0.0344 0.0109 0.0035 0.0011 1.0000 1.0000 1.0000 1.0000 0.3171 0.0996 0.0313 0.0098 0.0031 0.0010 1.0000 1.0000 1.0000 0.8787 0.2760 0.0867 0.0272 0.0085 0.0027 0.0008 1.0000 1.0000 1.0000 0.7648 0.2402 0.0754 0.0237 0.0074 0.0023 0.0007 1.0000 1.0000 1.0000 0.6657 0.2090 0.0658 0.0204 0.0070 0.0011
0.0034 0.0221 0.0640 0.2067 0.6569 1.0000 1.0000 1.0000 0.0007 0.0023 0.0073 0.0234 0.0744 0.2370 0.7547 1.0000 1.0000 1.0000 0.0008 0.0026 0.0084 0.0269 0.0855 0.2723 0.8671 1.0000 1.0000 1.0000 0.0010 0.0030 0.0097 0.0309 0.0983 0.3129 0.9962 1.0000 1.0000 1.0000 0.0011 0.0035 0.0109 0.0346 0.1091 0.3441 1.0000 1.0000 1.0000 1.0000 0.0011 0.0041 0.0092 0.0041 0.0011 1.0000 1.0000 1.0000 1.0000 0.3441 0.1091 0.0346 0.0109 0.0035 0.0011 1.0000 1.0000 1.0000 0.9962 0.3129 0.0983 0.0309 0.0097 0.0030 0.0010 1.0000 1.0000 1.0000 0.8671 0.2723 0.0855 0.0269 0.0084 0.0026 0.0008 1.0000 1.0000 1.0000 0.7547 0.2370 0.0744 0.0234 0.0073 0.0023 0.0007 1.0000 1.0000 1.0000 0.6569 0.2067 0.0640 0.0221 0.0034
0.0108 0.0694 0.2016 0.6494 1.0000 1.0000 1.0000 0.0007 0.0023 0.0072 0.0231 0.0734 0.2339 0.7447 1.0000 1.0000 1.0000 0.0008 0.0026 0.0083 0.0265 0.0844 0.2687 0.8556 1.0000 1.0000 1.0000 0.0009 0.0030 0.0096 0.0304 0.0970 0.3087 0.9830 1.0000 1.0000 1.0000 0.0011 0.0034 0.0109 0.0346 0.1095 0.3460 1.0000 1.0000 1.0000 1.0000 0.0011 0.0036 0.0131 0.0293 0.0131 0.0036 0.0011 1.0000 1.0000 1.0000 1.0000 0.3460 0.1095 0.0346 0.0109 0.0034 0.0011 1.0000 1.0000 1.0000 0.9830 0.3087 0.0970 0.0304 0.0096 0.0030 0.0009 1.0000 1.0000 1.0000 0.8556 0.2687 0.0844 0.0265 0.0083 0.0026 0.0008 1.0000 1.0000 1.0000 0.7447 0.2339 0.0734 0.0231 0.0072 0.0023 0.0007 1.0000 1.0000 1.0000 0.6494 0.2016 0.0694 0.0108
0.0340 0.2180 0.6323 1.0000 1.0000 1.0000 0.0007 0.0022 0.0071 0.0228 0.0725 0.2308 0.7348 1.0000 1.0000 1.0000 0.0008 0.0026 0.0082 0.0262 0.0833 0.2651 0.8443 1.0000 1.0000 1.0000 0.0009 0.0030 0.0094 0.0300 0.0957 0.3046 0.9700 1.0000 1.0000 1.0000 0.0011 0.0034 0.0108 0.0344 0.1091 0.3460 1.0000 1.0000 1.0000 1.0000 0.0012 0.0036 0.0115 0.0418 0.0932 0.0418 0.0115 0.0036 0.0012 1.0000 1.0000 1.0000 1.0000 0.3460 0.1091 0.0344 0.0108 0.0034 0.0011 1.0000 1.0000 1.0000 0.9700 0.3046 0.0957 0.0300 0.0094 0.0030 0.0009 1.0000 1.0000 1.0000 0.8443 0.2651 0.0833 0.0262 0.0082 0.0026 0.0008 1.0000 1.0000 1.0000 0.7348 0.2308 0.0725 0.0228 0.0071 0.0022 0.0007 1.0000 1.0000 1.0000 0.6323 0.2180 0.0340
0.1068 0.6849 1.0000 1.0000 1.0000 0.0007 0.0022 0.0071 0.0225 0.0715 0.2277 0.7251 1.0000 1.0000 1.0000 0.0008 0.0025 0.0081 0.0258 0.0822 0.2616 0.8331 1.0000 1.0000 1.0000 0.0009 0.0029 0.0093 0.0296 0.0944 0.3006 0.9572 1.0000 1.0000 1.0000 0.0011 0.0034 0.0107 0.0341 0.1083 0.3441 1.0000 1.0000 1.0000 1.0000 0.0012 0.0037 0.0116 0.0367 0.1329 0.2961 0.1329 0.0367 0.0116 0.0037 0.0012 1.0000 1.0000 1.0000 1.0000 0.3441 0.1083 0.0341 0.0107 0.0034 0.0011 1.0000 1.0000 1.0000 0.9572 0.3006 0.0944 0.0296 0.0093 0.0029 0.0009 1.0000 1.0000 1.0000 0.8331 0.2616 0.0822 0.0258 0.0081 0.0025 0.0008 1.0000 1.0000 1.0000 0.7251 0.2277 0.0715 0.0225 0.0071 0.0022 0.0007 1.0000 1.0000 1.0000 0.6849 0.1068
0.3357 1.0000 1.0000 1.0000 0.0007 0.0022 0.0070 0.0222 0.0706 0.2247 0.7155 1.0000 1.0000 1.0000 0.0008 0.0025 0.0080 0.0255 0.0811 0.2582 0.8221 1.0000 1.0000 1.0000 0.0009 0.0029 0.0092 0.0293 0.0932 0.2966 0.9445 1.0000 1.0000 1.0000 0.0010 0.0033 0.0106 0.0336 0.1070 0.3408 1.0000 1.0000 1.0000 1.0000 0.0012 0.0037 0.0117 0.0368 0.1166 0.4225 0.9410 0.4225 0.1166 0.0368 0.0117 0.0037 0.0012 1.0000 1.0000 1.0000 1.0000 0.3408 0.1070 0.0336 0.0106 0.0033 0.0010 1.0000 1.0000 1.0000 0.9445 0.2966 0.0932 0.0293 0.0092 0.0029 0.0009 1.0000 1.0000 1.0000 0.8221 0.2582 0.0811 0.0255 0.0080 0.0025 0.0008 1.0000 1.0000 1.0000 0.7155 0.2247 0.0706 0.0222 0.0070 0.0022 0.0007 1.0000 1.0000 1.0000 0.3357
1.0000 1.0000 1.0000 0.0007 0.0022 0.0069 0.0219 0.0696 0.2217 0.7061 1.0000 1.0000 1.0000 0.0008 0.0025 0.0079 0.0251 0.0800 0.2548 0.8112 1.0000 1.0000 1.0000 0.0009 0.0028 0.0091 0.0289 0.0919 0.2927 0.9321 1.0000 1.0000 1.0000 0.0010 0.0033 0.0104 0.0332 0.1056 0.3363 1.0000 1.0000 1.0000 1.0000 0.0012 0.0037 0.0118 0.0372 0.1168 0.3706 1.0000 1.0000 1.0000 0.3699 0.1170 0.0372 0.0118 0.0037 0.0012 1.0000 1.0000 1.0000 1.0000 0.3363 0.1056 0.0332 0.0104 0.0033 0.0010 1.0000 1.0000 1.0000 0.9321 0.2927 0.0919 0.0289 0.0091 0.0028 0.0009 1.0000 1.0000 1.0000 0.8112 0.2548 0.0800 0.0251 0.0079 0.0025 0.0008 1.0000 1.0000 1.0000 0.7061 0.2217 0.0696 0.0219 0.0069 0.0022 0.0007 1.0000 1.0000 1.0000
1.0000 1.0000 0.0007 0.0021 0.0068 0.0216 0.0687 0.2188 0.6967 1.0000 1.0000 1.0000 0.0008 0.0024 0.0078 0.0248 0.0790 0.2514 0.8005 1.0000 1.0000 1.0000 0.0009 0.0028 0.0089 0.0285 0.0907 0.2888 0.9197 1.0000 1.0000 1.0000 0.0010 0.0032 0.0103 0.0327 0.1042 0.3319 1.0000 1.0000 1.0000 1.0000 0.0012 0.0037 0.0117 0.0372 0.1177 0.3699 1.0000 1.0000 1.0000 1.0000 1.0000 0.3699 0.1179 0.0372 0.0117 0.0037 0.0012 1.0000 1.0000 1.0000 1.0000 0.3319 0.1042 0.0327 0.0103 0.0032 0.0010 1.0000 1.0000 1.0000 0.9197 0.2888 0.0907 0.0285 0.0089 0.0028 0.0009 1.0000 1.0000 1.0000 0.8005 0.2514 0.0790 0.0248 0.0078 0.0024 0.0008 1.0000 1.0000 1.0000 0.6967 0.2188 0.0687 0.0216 0.0068 0.0021 0.0007 1.0000 1.0000
1.0000 0.0007 0.0021 0.0067 0.0213 0.0678 0.2159 0.6875 1.0000 1.0000 1.0000 0.0008 0.0024 0.0077 0.0245 0.0779 0.2481 0.7899 1.0000 1.0000 1.0000 0.0009 0.0028 0.0088 0.0281 0.0895 0.2850 0.9076 1.0000 1.0000 1.0000 0.0010 0.0032 0.0101 0.0323 0.1028 0.3275 1.0000 1.0000 1.0000 1.0000 0.0011 0.0037 0.0116 0.0370 0.1175 0.3720 1.0000 1.0000 1.0000 1.0000 1.0000 1.0000 1.0000 0.3699 0.1168 0.0368 0.0116 0.0036 0.0011 1.0000 1.0000 1.0000 1.0000 0.3262 0.1025 0.0322 0.0101 0.0032 0.0010 1.0000 1.0000 1.0000 0.9041 0.2839 0.0892 0.0280 0.0088 0.0028 0.0009 1.0000 1.0000 1.0000 0.7869 0.2471 0.0776 0.0244 0.0077 0.0024 0.0008 1.0000 1.0000 1.0000 0.6849 0.2151 0.0676 0.0212 0.0067 0.0021 0.0007 1.0000
0.0004 0.0022 0.0065 0.0211 0.0669 0.2131 0.6784 1.0000 1.0000 1.0000 0.0007 0.0024 0.0076 0.0241 0.0769 0.2448 0.7795 1.0000 1.0000 1.0000 0.0009 0.0027 0.0087 0.0277 0.0883 0.2813 0.8956 1.0000 1.0000 1.0000 0.0010 0.0031 0.0100 0.0319 0.1015 0.3231 1.0000 1.0000 1.0000 1.0000 0.0011 0.0036 0.0115 0.0366 0.1164 0.3699 1.0000 1.0000 1.0000 1.0000 0.0010 1.0000 1.0000 1.0000 1.0000 0.3706 0.1166 0.0367 0.0115 0.0036 0.0011 1.0000 1.0000 1.0000 1.0000 0.3244 0.1019 0.0320 0.0100 0.0032 0.0010 1.0000 1.0000 1.0000 0.8990 0.2823 0.0887 0.0278 0.0087 0.0027 0.0009 1.0000 1.0000 1.0000 0.7824 0.2457 0.0772 0.0242 0.0076 0.0024 0.0008 1.0000 1.0000 1.0000 0.6810 0.2139 0.0672 0.0211 0.0066 0.0023 0.0004
0.0011 0.0071 0.0205 0.0662 0.2102 0.6695 1.0000 1.0000 1.0000 0.0007 0.0023 0.0075 0.0238 0.0759 0.2416 0.7692 1.0000 1.0000 1.0000 0.0008 0.0027 0.0086 0.0274 0.0872 0.2775 0.8837 1.0000 1.0000 1.0000 0.0010 0.0031 0.0099 0.0314 0.1001 0.3189 1.0000 1.0000 1.0000 1.0000 0.0011 0.0036 0.0113 0.0361 0.1151 0.3664 1.0000 1.0000 1.0000 1.0000 0.0014 0.0035 0.0018 1.0000 1.0000 1.0000 1.0000 0.4225 0.1329 0.0418 0.0131 0.0041 0.0013 1.0000 1.0000 1.0000 1.0000 0.3685 0.1157 0.0363 0.0114 0.0036 0.0011 1.0000 1.0000 1.0000 1.0000 0.3207 0.1007 0.0316 0.0099 0.0031 0.0010 1.0000 1.0000 1.0000 0.8888 0.2791 0.0877 0.0275 0.0086 0.0027 0.0009 1.0000 1.0000 1.0000 0.7736 0.2425 0.0764 0.0237 0.0082 0.0013
0.0035 0.0222 0.0645 0.2079 0.6606 1.0000 1.0000 1.0000 0.0007 0.0023 0.0074 0.0235 0.0749 0.2384 0.7590 1.0000 1.0000 1.0000 0.0008 0.0027 0.0085 0.0270 0.0860 0.2739 0.8720 1.0000 1.0000 1.0000 0.0010 0.0031 0.0097 0.0310 0.0988 0.3146 1.0000 1.0000 1.0000 1.0000 0.0011 0.0035 0.0112 0.0357 0.1135 0.3615 1.0000 1.0000 1.0000 1.0000 0.0012 0.0052 0.0098 0.0024 0.0010 1.0000 1.0000 1.0000 0.9410 0.2961 0.0932 0.0293 0.0092 0.0029 0.0009 1.0000 1.0000 1.0000 0.8221 0.2582 0.0811 0.0255 0.0080 0.0025 1.0000 1.0000 1.0000 1.0000 0.7155 0.2247 0.0706 0.0222 0.0070 0.0022 1.0000 1.0000 1.0000 1.0000 0.6228 0.1956 0.0614 0.0193 0.0061 0.0019 1.0000 1.0000 1.0000 1.0000 0.5421 0.1709 0.0533 0.0185 0.0031
0.0109 0.0698 0.2024 0.6531 1.0000 1.0000 1.0000 0.0007 0.0023 0.0073 0.0232 0.0739 0.2352 0.7490 1.0000 1.0000 1.0000 0.0008 0.0026 0.0084 0.0267 0.0849 0.2702 0.8605 1.0000 1.0000 1.0000 0.0009 0.0030 0.0096 0.0306 0.0975 0.3105 0.9887 1.0000 1.0000 1.0000 0.0011 0.0035 0.0110 0.0352 0.1120 0.3567 1.0000 1.0000 1.0000 1.0000 0.0012 0.0042 0.0158 0.0051 1.0000 1.0000 1.0000 1.0000 1.0000 0.4225 0.1327 0.0418 0.0131 0.0041 0.0013 1.0000 1.0000 1.0000 1.0000 0.3685 0.1157 0.0363 0.0114 0.0036 0.0011 1.0000 1.0000 1.0000 1.0000 0.3207 0.1007 0.0316 0.0099 0.0031 0.0010 1.0000 1.0000 1.0000 0.8888 0.2791 0.0877 0.0275 0.0086 0.0027 0.0009 1.0000 1.0000 1.0000 0.7736 0.2425 0.0764 0.0237 0.0082 0.0013
0.0341 0.2180 0.6335 1.0000 1.0000 1.0000 0.0007 0.0022 0.0072 0.0228 0.0726 0.2312 0.7362 1.0000 1.0000 1.0000 0.0008 0.0026 0.0082 0.0262 0.0834 0.2657 0.8459 1.0000 1.0000 1.0000 0.0009 0.0030 0.0095 0.0301 0.0959 0.3052 0.9719 1.0000 1.0000 1.0000 0.0011 0.0034 0.0109 0.0346 0.1101 0.3507 1.0000 1.0000 1.0000 1.0000 0.0012 0.0039 0.0129 0.0417 0.0548 1.0000 1.0000 1.0000 1.0000 0.3692 0.1166 0.0368 0.0115 0.0036 0.0011 1.0000 1.0000 1.0000 1.0000 0.3244 0.1019 0.0320 0.0100 0.0032 0.0010 1.0000 1.0000 1.0000 0.8990 0.2823 0.0887 0.0278 0.0087 0.0027 0.0009 1.0000 1.0000 1.0000 0.7824 0.2457 0.0772 0.0242 0.0076 0.0024 0.0008 1.0000 1.0000 1.0000 0.6810 0.2139 0.0672 0.0211 0.0066 0.0023 0.0004
0.1089 0.6915 1.0000 1.0000 1.0000 0.0007 0.0022 0.0071 0.0227 0.0722 0.2299 0.7321 1.0000 1.0000 1.0000 0.0008 0.0026 0.0082 0.0261 0.0830 0.2641 0.8411 1.0000 1.0000 1.0000 0.0009 0.0030 0.0094 0.0299 0.0953 0.3035 0.9663 1.0000 1.0000 1.0000 0.0011 0.0034 0.0108 0.0344 0.1095 0.3487 1.0000 1.0000 1.0000 1.0000 0.0012 0.0039 0.0124 0.0404 0.1246 0.2239 1.0000 1.0000 1.0000 0.3643 0.1166 0.0369 0.0116 0.0036 0.0011 1.0000 1.0000 1.0000 1.0000 0.3262 0.1025 0.0322 0.0101 0.0032 0.0010 1.0000 1.0000 1.0000 0.9041 0.2839 0.0892 0.0280 0.0088 0.0028 0.0009 1.0000 1.0000 1.0000 0.7869 0.2471 0.0776 0.0244 0.0077 0.0024 0.0008 1.0000 1.0000 1.0000 0.6849 0.2151 0.0676 0.0212 0.0067 0.0021 0.0007 1.0000
0.3938 1.0000 1.0000 1.0000 0.0008 0.0025 0.0081 0.0258 0.0820 0.2611 0.8315 1.0000 1.0000 1.0000 0.0009 0.0029 0.0093 0.0296 0.0942 0.3000 0.9554 1.0000 1.0000 1.0000 0.0011 0.0034 0.0107 0.0340 0.1083 0.3447 1.0000 1.0000 1.0000 1.0000 0.0012 0.0039 0.0123 0.0391 0.1244 0.3961 1.0000 1.0000 1.0000 1.0000 0.0014 0.0044 0.0141 0.0451 0.1445 0.4516 1.0000 1.0000 1.0000 0.3608 0.1173 0.0372 0.0117 0.0037 0.0012 1.0000 1.0000 1.0000 1.0000 0.3319 0.1042 0.0327 0.0103 0.0032 0.0010 1.0000 1.0000 1.0000 0.9197 0.2888 0.0907 0.0285 0.0089 0.0028 0.0009 1.0000 1.0000 1.0000 0.8005 0.2514 0.0790 0.0248 0.0078 0.0024 0.0008 1.0000 1.0000 1.0000 0.6967 0.2188 0.0687 0.0216 0.0068 0.0021 0.0007 1.0000 1.0000
0.9356 1.0000 1.0000 1.0000 0.0018 0.0057 0.0180 0.0574 0.1826 0.5816 1.0000 1.0000 1.0000 1.0000 0.0020 0.0065 0.0207 0.0659 0.2098 0.6682 1.0000 1.0000 1.0000 1.0000 0.0023 0.0075 0.0238 0.0757 0.2411 0.7677 1.0000 1.0000 1.0000 0.0008 0.0027 0.0086 0.0273 0.0870 0.2765 0.8804 1.0000 1.0000 1.0000 0.0010 0.0031 0.0097 0.0308 0.0975 0.3105 1.0000 1.0000 1.0000 0.3636 0.1155 0.0373 0.0118 0.0037 0.0012 1.0000 1.0000 1.0000 1.0000 0.3363 0.1056 0.0332 0.0104 0.0033 0.0010 1.0000 1.0000 1.0000 0.9321 0.2927 0.0919 0.0289 0.0091 0.0028 0.0009 1.0000 1.0000 1.0000 0.8112 0.2548 0.0800 0.0251 0.0079 0.0025 0.0008 1.0000 1.0000 1.0000 0.7061 0.2217 0.0696 0.0219 0.0069 0.0022 0.0007 1.0000 1.0000 1.0000
