-0.0082 -0.1792 -0.2093 -0.2140 -0.1665 -0.0802 -0.0346 0.0026 0.0451 0.1396 -0.0158 -0.1803 -0.2093 -0.2139 -0.1661 -0.0799 -0.0345 0.0028 0.0454 0.1396 -0.0170 -0.1805 -0.2094 -0.2138 -0.1657 -0.0796 -0.0343 0.0030 0.0456 0.1396 -0.0181 -0.1807 -0.2095 -0.2137 -0.1653 -0.0792 -0.0341 0.0032 0.0459 0.1395 -0.0192 -0.1809 -0.2096 -0.2137 -0.1649 -0.0789 -0.0340 0.0032 0.0470 0.1200 0.0612 0.1200 0.0470 0.0032 -0.0340 -0.0789 -0.1649 -0.2137 -0.2096 -0.1809 -0.0192 0.1395 0.0459 0.0032 -0.0341 -0.0792 -0.1653 -0.2137 -0.2095 -0.1807 -0.0181 0.1396 0.0456 0.0030 -0.0343 -0.0796 -0.1657 -0.2138 -0.2094 -0.1805 -0.0170 0.1396 0.0454 0.0028 -0.0345 -0.0799 -0.1661 -0.2139 -0.2093 -0.1803 -0.0158 0.1396 0.0451 0.0026 -0.0346 -0.0802 -0.1665 -0.2140 -0.2093 -0.1792 -0.0082
-0.1792 -0.3360 -0.3186 -0.2284 -0.0774 -0.0131 0.0231 0.0626 0.1701 -0.0261 -0.3204 -0.3357 -0.3183 -0.2275 -0.0767 -0.0128 0.0233 0.0629 0.1702 -0.0280 -0.3205 -0.3357 -0.3181 -0.2267 -0.0762 -0.0126 0.0235 0.0632 0.1703 -0.0296 -0.3207 -0.3357 -0.3178 -0.2260 -0.0757 -0.0124 0.0236 0.0635 0.1704 -0.0312 -0.3208 -0.3357 -0.3177 -0.2252 -0.0752 -0.0121 0.0238 0.0638 0.1699 -0.0405 -0.2566 -0.0405 0.1699 0.0638 0.0238 -0.0121 -0.0752 -0.2252 -0.3177 -0.3357 -0.3208 -0.0312 0.1704 0.0635 0.0236 -0.0124 -0.0757 -0.2260 -0.3178 -0.3357 -0.3207 -0.0296 0.1703 0.0632 0.0235 -0.0126 -0.0762 -0.2267 -0.3181 -0.3357 -0.3205 -0.0280 0.1702 0.0629 0.0233 -0.0128 -0.0767 -0.2275 -0.3183 -0.3357 -0.3204 -0.0261 0.1701 0.0626 0.0231 -0.0131 -0.0774 -0.2284 -0.3186 -0.3360 -0.1792
-0.2093 -0.3186 -0.2256 -0.0743 -0.0144 0.0192 0.0632 0.1703 -0.0297 -0.3208 -0.3359 -0.3176 -0.2237 -0.0732 -0.0140 0.0195 0.0636 0.1704 -0.0318 -0.3210 -0.3359 -0.3174 -0.2229 -0.0728 -0.0138 0.0196 0.0639 0.1704 -0.0333 -0.3211 -0.3359 -0.3171 -0.2222 -0.0722 -0.0136 0.0198 0.0642 0.1705 -0.0349 -0.3212 -0.3359 -0.3169 -0.2214 -0.0718 -0.0134 0.0199 0.0645 0.1706 -0.0401 -0.3230 -0.3345 -0.3230 -0.0401 0.1706 0.0645 0.0199 -0.0134 -0.0718 -0.2214 -0.3169 -0.3359 -0.3212 -0.0349 0.1705 0.0642 0.0198 -0.0136 -0.0722 -0.2222 -0.3171 -0.3359 -0.3211 -0.0333 0.1704 0.0639 0.0196 -0.0138 -0.0728 -0.2229 -0.3174 -0.3359 -0.3210 -0.0318 0.1704 0.0636 0.0195 -0.0140 -0.0732 -0.2237 -0.3176 -0.3359 -0.3208 -0.0297 0.1703 0.0632 0.0192 -0.0144 -0.0743 -0.2256 -0.3186 -0.2093
-0.2140 -0.2284 -0.0743 -0.0139 0.0198 0.0638 0.1704 -0.0333 -0.3211 -0.3359 -0.3171 -0.2222 -0.0723 -0.0133 0.0202 0.0643 0.1705 -0.0354 -0.3212 -0.3360 -0.3169 -0.2214 -0.0718 -0.0131 0.0203 0.0646 0.1706 -0.0370 -0.3213 -0.3360 -0.3166 -0.2207 -0.0713 -0.0129 0.0205 0.0649 0.1706 -0.0385 -0.3215 -0.3360 -0.3164 -0.2199 -0.0708 -0.0127 0.0206 0.0652 0.1706 -0.0400 -0.3220 -0.3376 -0.3369 -0.3376 -0.3220 -0.0400 0.1706 0.0652 0.0206 -0.0127 -0.0708 -0.2199 -0.3164 -0.3360 -0.3215 -0.0385 0.1706 0.0649 0.0205 -0.0129 -0.0713 -0.2207 -0.3166 -0.3360 -0.3213 -0.0370 0.1706 0.0646 0.0203 -0.0131 -0.0718 -0.2214 -0.3169 -0.3360 -0.3212 -0.0354 0.1705 0.0643 0.0202 -0.0133 -0.0723 -0.2222 -0.3171 -0.3359 -0.3211 -0.0333 0.1704 0.0638 0.0198 -0.0139 -0.0743 -0.2284 -0.2140
-0.1665 -0.0774 -0.0144 0.0198 0.0640 0.1705 -0.0362 -0.3213 -0.3360 -0.3166 -0.2204 -0.0711 -0.0128 0.0205 0.0650 0.1706 -0.0390 -0.3215 -0.3360 -0.3163 -0.2197 -0.0706 -0.0126 0.0206 0.0653 0.1706 -0.0406 -0.3216 -0.3360 -0.3161 -0.2189 -0.0701 -0.0124 0.0208 0.0656 0.1707 -0.0421 -0.3217 -0.3360 -0.3158 -0.2182 -0.0696 -0.0122 0.0209 0.0658 0.1707 -0.0436 -0.3218 -0.3352 -0.3163 -0.2831 -0.3163 -0.3352 -0.3218 -0.0436 0.1707 0.0658 0.0209 -0.0122 -0.0696 -0.2182 -0.3158 -0.3360 -0.3217 -0.0421 0.1707 0.0656 0.0208 -0.0124 -0.0701 -0.2189 -0.3161 -0.3360 -0.3216 -0.0406 0.1706 0.0653 0.0206 -0.0126 -0.0706 -0.2197 -0.3163 -0.3360 -0.3215 -0.0390 0.1706 0.0650 0.0205 -0.0128 -0.0711 -0.2204 -0.3166 -0.3360 -0.3213 -0.0362 0.1705 0.0640 0.0198 -0.0144 -0.0774 -0.1665
-0.0802 -0.0131 0.0192 0.0638 0.1705 -0.0372 -0.3215 -0.3360 -0.3161 -0.2187 -0.0700 -0.0124 0.0208 0.0657 0.1707 -0.0426 -0.3218 -0.3360 -0.3158 -0.2179 -0.0695 -0.0122 0.0210 0.0659 0.1707 -0.0441 -0.3219 -0.3360 -0.3155 -0.2172 -0.0690 -0.0119 0.0211 0.0662 0.1707 -0.0457 -0.3220 -0.3360 -0.3153 -0.2164 -0.0686 -0.0117 0.0213 0.0665 0.1707 -0.0472 -0.3221 -0.3360 -0.3115 -0.2117 -0.1245 -0.2117 -0.3115 -0.3360 -0.3221 -0.0472 0.1707 0.0665 0.0213 -0.0117 -0.0686 -0.2164 -0.3153 -0.3360 -0.3220 -0.0457 0.1707 0.0662 0.0211 -0.0119 -0.0690 -0.2172 -0.3155 -0.3360 -0.3219 -0.0441 0.1707 0.0659 0.0210 -0.0122 -0.0695 -0.2179 -0.3158 -0.3360 -0.3218 -0.0426 0.1707 0.0657 0.0208 -0.0124 -0.0700 -0.2187 -0.3161 -0.3360 -0.3215 -0.0372 0.1705 0.0638 0.0192 -0.0131 -0.0802
-0.0346 0.0231 0.0632 0.1704 -0.0362 -0.3215 -0.3360 -0.3159 -0.2177 -0.0691 -0.0120 0.0212 0.0663 0.1707 -0.0462 -0.3220 -0.3360 -0.3152 -0.2162 -0.0684 -0.0117 0.0214 0.0666 0.1707 -0.0477 -0.3222 -0.3360 -0.3149 -0.2154 -0.0679 -0.0115 0.0215 0.0669 0.1707 -0.0492 -0.3223 -0.3360 -0.3147 -0.2146 -0.0675 -0.0113 0.0217 0.0672 0.1707 -0.0507 -0.3224 -0.3361 -0.3144 -0.2070 -0.0607 -0.0199 -0.0607 -0.2070 -0.3144 -0.3361 -0.3224 -0.0507 0.1707 0.0672 0.0217 -0.0113 -0.0675 -0.2146 -0.3147 -0.3360 -0.3223 -0.0492 0.1707 0.0669 0.0215 -0.0115 -0.0679 -0.2154 -0.3149 -0.3360 -0.3222 -0.0477 0.1707 0.0666 0.0214 -0.0117 -0.0684 -0.2162 -0.3152 -0.3360 -0.3220 -0.0462 0.1707 0.0663 0.0212 -0.0120 -0.0691 -0.2177 -0.3159 -0.3360 -0.3215 -0.0362 0.1704 0.0632 0.0231 -0.0346
0.0026 0.0626 0.1703 -0.0333 -0.3213 -0.3360 -0.3159 -0.2173 -0.0686 -0.0117 0.0215 0.0669 0.1707 -0.0497 -0.3223 -0.3360 -0.3146 -0.2144 -0.0673 -0.0112 0.0217 0.0673 0.1707 -0.0511 -0.3224 -0.3361 -0.3143 -0.2136 -0.0669 -0.0110 0.0219 0.0676 0.1706 -0.0526 -0.3225 -0.3361 -0.3141 -0.2128 -0.0664 -0.0108 0.0220 0.0679 0.1706 -0.0541 -0.3227 -0.3361 -0.3139 -0.2122 -0.0645 -0.0058 0.0157 -0.0058 -0.0645 -0.2122 -0.3139 -0.3361 -0.3227 -0.0541 0.1706 0.0679 0.0220 -0.0108 -0.0664 -0.2128 -0.3141 -0.3361 -0.3225 -0.0526 0.1706 0.0676 0.0219 -0.0110 -0.0669 -0.2136 -0.3143 -0.3361 -0.3224 -0.0511 0.1707 0.0673 0.0217 -0.0112 -0.0673 -0.2144 -0.3146 -0.3360 -0.3223 -0.0497 0.1707 0.0669 0.0215 -0.0117 -0.0686 -0.2173 -0.3159 -0.3360 -0.3213 -0.0333 0.1703 0.0626 0.0026
0.0451 0.1701 -0.0297 -0.3211 -0.3360 -0.3161 -0.2177 -0.0686 -0.0115 0.0216 0.0674 0.1706 -0.0526 -0.3226 -0.3361 -0.3140 -0.2126 -0.0662 -0.0107 0.0221 0.0680 0.1706 -0.0546 -0.3227 -0.3361 -0.3137 -0.2118 -0.0658 -0.0105 0.0222 0.0683 0.1706 -0.0561 -0.3228 -0.3361 -0.3135 -0.2110 -0.0654 -0.0103 0.0224 0.0687 0.1705 -0.0575 -0.3229 -0.3361 -0.3132 -0.2104 -0.0651 -0.0101 0.0259 0.0553 0.0259 -0.0101 -0.0651 -0.2104 -0.3132 -0.3361 -0.3229 -0.0575 0.1705 0.0687 0.0224 -0.0103 -0.0654 -0.2110 -0.3135 -0.3361 -0.3228 -0.0561 0.1706 0.0683 0.0222 -0.0105 -0.0658 -0.2118 -0.3137 -0.3361 -0.3227 -0.0546 0.1706 0.0680 0.0221 -0.0107 -0.0662 -0.2126 -0.3140 -0.3361 -0.3226 -0.0526 0.1706 0.0674 0.0216 -0.0115 -0.0686 -0.2177 -0.3161 -0.3360 -0.3211 -0.0297 0.1701 0.0451
0.1396 -0.0261 -0.3208 -0.3359 -0.3166 -0.2187 -0.0691 -0.0117 0.0216 0.0676 0.1706 -0.0548 -0.3228 -0.3361 -0.3134 -0.2108 -0.0652 -0.0103 0.0224 0.0688 0.1705 -0.0580 -0.3230 -0.3361 -0.3131 -0.2100 -0.0648 -0.0101 0.0226 0.0691 0.1704 -0.0594 -0.3231 -0.3361 -0.3128 -0.2092 -0.0643 -0.0099 0.0228 0.0694 0.1704 -0.0609 -0.3232 -0.3361 -0.3126 -0.2084 -0.0639 -0.0098 0.0230 0.0715 0.1184 0.0715 0.0230 -0.0098 -0.0639 -0.2084 -0.3126 -0.3361 -0.3232 -0.0609 0.1704 0.0694 0.0228 -0.0099 -0.0643 -0.2092 -0.3128 -0.3361 -0.3231 -0.0594 0.1704 0.0691 0.0226 -0.0101 -0.0648 -0.2100 -0.3131 -0.3361 -0.3230 -0.0580 0.1705 0.0688 0.0224 -0.0103 -0.0652 -0.2108 -0.3134 -0.3361 -0.3228 -0.0548 0.1706 0.0676 0.0216 -0.0117 -0.0691 -0.2187 -0.3166 -0.3359 -0.3208 -0.0261 0.1396
-0.0158 -0.3204 -0.3359 -0.3171 -0.2204 -0.0700 -0.0120 0.0215 0.0674 0.1706 -0.0558 -0.3229 -0.3361 -0.3129 -0.2092 -0.0643 -0.0098 0.0228 0.0695 0.1704 -0.0614 -0.3232 -0.3361 -0.3125 -0.2081 -0.0637 -0.0096 0.0230 0.0698 0.1703 -0.0628 -0.3233 -0.3361 -0.3122 -0.2074 -0.0633 -0.0094 0.0231 0.0701 0.1702 -0.0642 -0.3235 -0.3361 -0.3119 -0.2066 -0.0629 -0.0092 0.0232 0.0708 0.1525 0.0623 0.1525 0.0708 0.0232 -0.0092 -0.0629 -0.2066 -0.3119 -0.3361 -0.3235 -0.0642 0.1702 0.0701 0.0231 -0.0094 -0.0633 -0.2074 -0.3122 -0.3361 -0.3233 -0.0628 0.1703 0.0698 0.0230 -0.0096 -0.0637 -0.2081 -0.3125 -0.3361 -0.3232 -0.0614 0.1704 0.0695 0.0228 -0.0098 -0.0643 -0.2092 -0.3129 -0.3361 -0.3229 -0.0558 0.1706 0.0674 0.0215 -0.0120 -0.0700 -0.2204 -0.3171 -0.3359 -0.3204 -0.0158
-0.1803 -0.3357 -0.3176 -0.2222 -0.0711 -0.0124 0.0212 0.0669 0.1706 -0.0548 -0.3229 -0.3361 -0.3126 -0.2080 -0.0635 -0.0094 0.0231 0.0702 0.1702 -0.0647 -0.3235 -0.3361 -0.3118 -0.2063 -0.0627 -0.0091 0.0233 0.0705 0.1701 -0.0661 -0.3236 -0.3361 -0.3116 -0.2055 -0.0623 -0.0089 0.0235 0.0708 0.1700 -0.0675 -0.3237 -0.3360 -0.3113 -0.2047 -0.0619 -0.0088 0.0237 0.0712 0.1690 -0.0743 -0.2744 -0.0743 0.1690 0.0712 0.0237 -0.0088 -0.0619 -0.2047 -0.3113 -0.3360 -0.3237 -0.0675 0.1700 0.0708 0.0235 -0.0089 -0.0623 -0.2055 -0.3116 -0.3361 -0.3236 -0.0661 0.1701 0.0705 0.0233 -0.0091 -0.0627 -0.2063 -0.3118 -0.3361 -0.3235 -0.0647 0.1702 0.0702 0.0231 -0.0094 -0.0635 -0.2080 -0.3126 -0.3361 -0.3229 -0.0548 0.1706 0.0669 0.0212 -0.0124 -0.0711 -0.2222 -0.3176 -0.3357 -0.1803
-0.2093 -0.3183 -0.2237 -0.0723 -0.0128 0.0208 0.0663 0.1707 -0.0526 -0.3228 -0.3361 -0.3126 -0.2075 -0.0630 -0.0091 0.0234 0.0708 0.1700 -0.0680 -0.3238 -0.3360 -0.3112 -0.2045 -0.0618 -0.0087 0.0237 0.0712 0.1699 -0.0694 -0.3239 -0.3360 -0.3109 -0.2037 -0.0613 -0.0085 0.0239 0.0716 0.1697 -0.0708 -0.3240 -0.3360 -0.3106 -0.2029 -0.0609 -0.0083 0.0240 0.0719 0.1696 -0.0750 -0.3257 -0.3363 -0.3257 -0.0750 0.1696 0.0719 0.0240 -0.0083 -0.0609 -0.2029 -0.3106 -0.3360 -0.3240 -0.0708 0.1697 0.0716 0.0239 -0.0085 -0.0613 -0.2037 -0.3109 -0.3360 -0.3239 -0.0694 0.1699 0.0712 0.0237 -0.0087 -0.0618 -0.2045 -0.3112 -0.3360 -0.3238 -0.0680 0.1700 0.0708 0.0234 -0.0091 -0.0630 -0.2075 -0.3126 -0.3361 -0.3228 -0.0526 0.1707 0.0663 0.0208 -0.0128 -0.0723 -0.2237 -0.3183 -0.2093
-0.2139 -0.2275 -0.0732 -0.0133 0.0205 0.0657 0.1707 -0.0497 -0.3226 -0.3361 -0.3129 -0.2080 -0.0630 -0.0090 0.0236 0.0713 0.1698 -0.0708 -0.3240 -0.3360 -0.3105 -0.2026 -0.0608 -0.0082 0.0241 0.0720 0.1696 -0.0727 -0.3241 -0.3360 -0.3102 -0.2018 -0.0604 -0.0080 0.0242 0.0723 0.1694 -0.0741 -0.3242 -0.3360 -0.3100 -0.2010 -0.0600 -0.0078 0.0244 0.0726 0.1693 -0.0754 -0.3247 -0.3376 -0.3345 -0.3376 -0.3247 -0.0754 0.1693 0.0726 0.0244 -0.0078 -0.0600 -0.2010 -0.3100 -0.3360 -0.3242 -0.0741 0.1694 0.0723 0.0242 -0.0080 -0.0604 -0.2018 -0.3102 -0.3360 -0.3241 -0.0727 0.1696 0.0720 0.0241 -0.0082 -0.0608 -0.2026 -0.3105 -0.3360 -0.3240 -0.0708 0.1698 0.0713 0.0236 -0.0090 -0.0630 -0.2080 -0.3129 -0.3361 -0.3226 -0.0497 0.1707 0.0657 0.0205 -0.0133 -0.0732 -0.2275 -0.2139
-0.1661 -0.0767 -0.0140 0.0202 0.0650 0.1707 -0.0462 -0.3223 -0.3361 -0.3134 -0.2092 -0.0635 -0.0091 0.0236 0.0715 0.1696 -0.0729 -0.3242 -0.3360 -0.3099 -0.2007 -0.0599 -0.0078 0.0245 0.0727 0.1693 -0.0759 -0.3244 -0.3360 -0.3096 -0.1999 -0.0595 -0.0076 0.0246 0.0731 0.1691 -0.0773 -0.3245 -0.3360 -0.3093 -0.1991 -0.0591 -0.0074 0.0248 0.0734 0.1689 -0.0786 -0.3245 -0.3349 -0.3095 -0.2699 -0.3095 -0.3349 -0.3245 -0.0786 0.1689 0.0734 0.0248 -0.0074 -0.0591 -0.1991 -0.3093 -0.3360 -0.3245 -0.0773 0.1691 0.0731 0.0246 -0.0076 -0.0595 -0.1999 -0.3096 -0.3360 -0.3244 -0.0759 0.1693 0.0727 0.0245 -0.0078 -0.0599 -0.2007 -0.3099 -0.3360 -0.3242 -0.0729 0.1696 0.0715 0.0236 -0.0091 -0.0635 -0.2092 -0.3134 -0.3361 -0.3223 -0.0462 0.1707 0.0650 0.0202 -0.0140 -0.0767 -0.1661
-0.0799 -0.0128 0.0195 0.0643 0.1706 -0.0426 -0.3220 -0.3360 -0.3140 -0.2108 -0.0643 -0.0094 0.0234 0.0713 0.1696 -0.0738 -0.3243 -0.3360 -0.3094 -0.1991 -0.0590 -0.0073 0.0248 0.0735 0.1689 -0.0791 -0.3246 -0.3360 -0.3089 -0.1980 -0.0585 -0.0071 0.0250 0.0738 0.1687 -0.0805 -0.3247 -0.3360 -0.3086 -0.1972 -0.0581 -0.0070 0.0252 0.0742 0.1685 -0.0818 -0.3248 -0.3359 -0.3043 -0.1916 -0.1046 -0.1916 -0.3043 -0.3359 -0.3248 -0.0818 0.1685 0.0742 0.0252 -0.0070 -0.0581 -0.1972 -0.3086 -0.3360 -0.3247 -0.0805 0.1687 0.0738 0.0250 -0.0071 -0.0585 -0.1980 -0.3089 -0.3360 -0.3246 -0.0791 0.1689 0.0735 0.0248 -0.0073 -0.0590 -0.1991 -0.3094 -0.3360 -0.3243 -0.0738 0.1696 0.0713 0.0234 -0.0094 -0.0643 -0.2108 -0.3140 -0.3360 -0.3220 -0.0426 0.1706 0.0643 0.0195 -0.0128 -0.0799
-0.0345 0.0233 0.0636 0.1705 -0.0390 -0.3218 -0.3360 -0.3146 -0.2126 -0.0652 -0.0098 0.0231 0.0708 0.1698 -0.0729 -0.3243 -0.3360 -0.3090 -0.1979 -0.0583 -0.0070 0.0252 0.0743 0.1685 -0.0823 -0.3249 -0.3359 -0.3082 -0.1961 -0.0576 -0.0067 0.0254 0.0746 0.1683 -0.0836 -0.3250 -0.3359 -0.3079 -0.1953 -0.0572 -0.0065 0.0256 0.0749 0.1681 -0.0850 -0.3251 -0.3359 -0.3076 -0.1876 -0.0508 -0.0138 -0.0508 -0.1876 -0.3076 -0.3359 -0.3251 -0.0850 0.1681 0.0749 0.0256 -0.0065 -0.0572 -0.1953 -0.3079 -0.3359 -0.3250 -0.0836 0.1683 0.0746 0.0254 -0.0067 -0.0576 -0.1961 -0.3082 -0.3359 -0.3249 -0.0823 0.1685 0.0743 0.0252 -0.0070 -0.0583 -0.1979 -0.3090 -0.3360 -0.3243 -0.0729 0.1698 0.0708 0.0231 -0.0098 -0.0652 -0.2126 -0.3146 -0.3360 -0.3218 -0.0390 0.1705 0.0636 0.0233 -0.0345
0.0028 0.0629 0.1704 -0.0354 -0.3215 -0.3360 -0.3152 -0.2144 -0.0662 -0.0103 0.0228 0.0702 0.1700 -0.0708 -0.3242 -0.3360 -0.3090 -0.1973 -0.0578 -0.0067 0.0255 0.0749 0.1680 -0.0854 -0.3251 -0.3359 -0.3075 -0.1942 -0.0567 -0.0063 0.0258 0.0754 0.1678 -0.0868 -0.3252 -0.3359 -0.3072 -0.1934 -0.0564 -0.0061 0.0260 0.0757 0.1675 -0.0881 -0.3253 -0.3359 -0.3069 -0.1928 -0.0554 -0.0013 0.0193 -0.0013 -0.0554 -0.1928 -0.3069 -0.3359 -0.3253 -0.0881 0.1675 0.0757 0.0260 -0.0061 -0.0564 -0.1934 -0.3072 -0.3359 -0.3252 -0.0868 0.1678 0.0754 0.0258 -0.0063 -0.0567 -0.1942 -0.3075 -0.3359 -0.3251 -0.0854 0.1680 0.0749 0.0255 -0.0067 -0.0578 -0.1973 -0.3090 -0.3360 -0.3242 -0.0708 0.1700 0.0702 0.0228 -0.0103 -0.0662 -0.2144 -0.3152 -0.3360 -0.3215 -0.0354 0.1704 0.0629 0.0028
0.0454 0.1702 -0.0318 -0.3212 -0.3360 -0.3158 -0.2162 -0.0673 -0.0107 0.0224 0.0695 0.1702 -0.0680 -0.3240 -0.3360 -0.3094 -0.1979 -0.0578 -0.0065 0.0257 0.0754 0.1676 -0.0881 -0.3254 -0.3359 -0.3067 -0.1923 -0.0559 -0.0058 0.0262 0.0762 0.1672 -0.0899 -0.3255 -0.3358 -0.3064 -0.1915 -0.0555 -0.0056 0.0264 0.0765 0.1670 -0.0912 -0.3256 -0.3358 -0.3061 -0.1908 -0.0553 -0.0054 0.0300 0.0611 0.0300 -0.0054 -0.0553 -0.1908 -0.3061 -0.3358 -0.3256 -0.0912 0.1670 0.0765 0.0264 -0.0056 -0.0555 -0.1915 -0.3064 -0.3358 -0.3255 -0.0899 0.1672 0.0762 0.0262 -0.0058 -0.0559 -0.1923 -0.3067 -0.3359 -0.3254 -0.0881 0.1676 0.0754 0.0257 -0.0065 -0.0578 -0.1979 -0.3094 -0.3360 -0.3240 -0.0680 0.1702 0.0695 0.0224 -0.0107 -0.0673 -0.2162 -0.3158 -0.3360 -0.3212 -0.0318 0.1702 0.0454
0.1396 -0.0280 -0.3210 -0.3360 -0.3163 -0.2179 -0.0684 -0.0112 0.0221 0.0688 0.1704 -0.0647 -0.3238 -0.3360 -0.3099 -0.1991 -0.0583 -0.0067 0.0257 0.0756 0.1673 -0.0901 -0.3256 -0.3358 -0.3061 -0.1904 -0.0550 -0.0054 0.0266 0.0770 0.1666 -0.0930 -0.3257 -0.3358 -0.3057 -0.1895 -0.0547 -0.0052 0.0268 0.0773 0.1663 -0.0943 -0.3258 -0.3358 -0.3054 -0.1887 -0.0543 -0.0051 0.0271 0.0785 0.1320 0.0785 0.0271 -0.0051 -0.0543 -0.1887 -0.3054 -0.3358 -0.3258 -0.0943 0.1663 0.0773 0.0268 -0.0052 -0.0547 -0.1895 -0.3057 -0.3358 -0.3257 -0.0930 0.1666 0.0770 0.0266 -0.0054 -0.0550 -0.1904 -0.3061 -0.3358 -0.3256 -0.0901 0.1673 0.0756 0.0257 -0.0067 -0.0583 -0.1991 -0.3099 -0.3360 -0.3238 -0.0647 0.1704 0.0688 0.0221 -0.0112 -0.0684 -0.2179 -0.3163 -0.3360 -0.3210 -0.0280 0.1396
-0.0170 -0.3205 -0.3359 -0.3169 -0.2197 -0.0695 -0.0117 0.0217 0.0680 0.1705 -0.0614 -0.3235 -0.3360 -0.3105 -0.2007 -0.0590 -0.0070 0.0255 0.0754 0.1673 -0.0910 -0.3257 -0.3358 -0.3055 -0.1887 -0.0542 -0.0050 0.0270 0.0778 0.1659 -0.0961 -0.3260 -0.3357 -0.3049 -0.1876 -0.0538 -0.0048 0.0272 0.0781 0.1656 -0.0974 -0.3261 -0.3357 -0.3046 -0.1868 -0.0535 -0.0046 0.0273 0.0790 0.1573 0.0211 0.1573 0.0790 0.0273 -0.0046 -0.0535 -0.1868 -0.3046 -0.3357 -0.3261 -0.0974 0.1656 0.0781 0.0272 -0.0048 -0.0538 -0.1876 -0.3049 -0.3357 -0.3260 -0.0961 0.1659 0.0778 0.0270 -0.0050 -0.0542 -0.1887 -0.3055 -0.3358 -0.3257 -0.0910 0.1673 0.0754 0.0255 -0.0070 -0.0590 -0.2007 -0.3105 -0.3360 -0.3235 -0.0614 0.1705 0.0680 0.0217 -0.0117 -0.0695 -0.2197 -0.3169 -0.3359 -0.3205 -0.0170
-0.1805 -0.3357 -0.3174 -0.2214 -0.0706 -0.0122 0.0214 0.0673 0.1706 -0.0580 -0.3232 -0.3361 -0.3112 -0.2026 -0.0599 -0.0073 0.0252 0.0749 0.1676 -0.0901 -0.3257 -0.3358 -0.3051 -0.1875 -0.0536 -0.0046 0.0274 0.0786 0.1652 -0.0991 -0.3262 -0.3357 -0.3042 -0.1857 -0.0530 -0.0043 0.0276 0.0789 0.1649 -0.1004 -0.3263 -0.3357 -0.3039 -0.1848 -0.0527 -0.0042 0.0278 0.0794 0.1631 -0.1067 -0.3033 -0.1067 0.1631 0.0794 0.0278 -0.0042 -0.0527 -0.1848 -0.3039 -0.3357 -0.3263 -0.1004 0.1649 0.0789 0.0276 -0.0043 -0.0530 -0.1857 -0.3042 -0.3357 -0.3262 -0.0991 0.1652 0.0786 0.0274 -0.0046 -0.0536 -0.1875 -0.3051 -0.3358 -0.3257 -0.0901 0.1676 0.0749 0.0252 -0.0073 -0.0599 -0.2026 -0.3112 -0.3361 -0.3232 -0.0580 0.1706 0.0673 0.0214 -0.0122 -0.0706 -0.2214 -0.3174 -0.3357 -0.1805
-0.2094 -0.3181 -0.2229 -0.0718 -0.0126 0.0210 0.0666 0.1707 -0.0546 -0.3230 -0.3361 -0.3118 -0.2045 -0.0608 -0.0078 0.0248 0.0743 0.1680 -0.0881 -0.3256 -0.3358 -0.3051 -0.1869 -0.0532 -0.0043 0.0277 0.0793 0.1645 -0.1022 -0.3264 -0.3356 -0.3034 -0.1837 -0.0522 -0.0039 0.0280 0.0798 0.1641 -0.1035 -0.3266 -0.3356 -0.3031 -0.1829 -0.0519 -0.0037 0.0282 0.0801 0.1638 -0.1072 -0.3283 -0.3379 -0.3283 -0.1072 0.1638 0.0801 0.0282 -0.0037 -0.0519 -0.1829 -0.3031 -0.3356 -0.3266 -0.1035 0.1641 0.0798 0.0280 -0.0039 -0.0522 -0.1837 -0.3034 -0.3356 -0.3264 -0.1022 0.1645 0.0793 0.0277 -0.0043 -0.0532 -0.1869 -0.3051 -0.3358 -0.3256 -0.0881 0.1680 0.0743 0.0248 -0.0078 -0.0608 -0.2045 -0.3118 -0.3361 -0.3230 -0.0546 0.1707 0.0666 0.0210 -0.0126 -0.0718 -0.2229 -0.3181 -0.2094
-0.2138 -0.2267 -0.0728 -0.0131 0.0206 0.0659 0.1707 -0.0511 -0.3227 -0.3361 -0.3125 -0.2063 -0.0618 -0.0082 0.0245 0.0735 0.1685 -0.0854 -0.3254 -0.3358 -0.3055 -0.1875 -0.0532 -0.0042 0.0279 0.0798 0.1639 -0.1048 -0.3267 -0.3356 -0.3026 -0.1818 -0.0514 -0.0035 0.0284 0.0806 0.1632 -0.1065 -0.3268 -0.3355 -0.3023 -0.1809 -0.0511 -0.0033 0.0286 0.0810 0.1629 -0.1078 -0.3271 -0.3370 -0.3312 -0.3370 -0.3271 -0.1078 0.1629 0.0810 0.0286 -0.0033 -0.0511 -0.1809 -0.3023 -0.3355 -0.3268 -0.1065 0.1632 0.0806 0.0284 -0.0035 -0.0514 -0.1818 -0.3026 -0.3356 -0.3267 -0.1048 0.1639 0.0798 0.0279 -0.0041 -0.0532 -0.1875 -0.3055 -0.3358 -0.3254 -0.0854 0.1685 0.0735 0.0245 -0.0082 -0.0618 -0.2063 -0.3125 -0.3361 -0.3227 -0.0511 0.1707 0.0659 0.0206 -0.0131 -0.0728 -0.2267 -0.2138
-0.1657 -0.0762 -0.0138 0.0203 0.0653 0.1707 -0.0477 -0.3224 -0.3361 -0.3131 -0.2081 -0.0627 -0.0087 0.0241 0.0727 0.1689 -0.0823 -0.3251 -0.3359 -0.3061 -0.1887 -0.0536 -0.0043 0.0279 0.0800 0.1634 -0.1067 -0.3269 -0.3355 -0.3019 -0.1798 -0.0507 -0.0031 0.0289 0.0814 0.1623 -0.1095 -0.3270 -0.3354 -0.3015 -0.1790 -0.0503 -0.0029 0.0291 0.0818 0.1619 -0.1108 -0.3271 -0.3340 -0.3013 -0.2547 -0.3013 -0.3340 -0.3271 -0.1108 0.1619 0.0818 0.0291 -0.0029 -0.0503 -0.1790 -0.3015 -0.3354 -0.3270 -0.1095 0.1623 0.0814 0.0289 -0.0031 -0.0507 -0.1798 -0.3019 -0.3355 -0.3268 -0.1065 0.1636 0.0799 0.0279 -0.0043 -0.0536 -0.1887 -0.3061 -0.3359 -0.3251 -0.0823 0.1689 0.0727 0.0241 -0.0087 -0.0627 -0.2081 -0.3131 -0.3361 -0.3224 -0.0477 0.1707 0.0653 0.0203 -0.0138 -0.0762 -0.1657
-0.0796 -0.0126 0.0196 0.0646 0.1706 -0.0441 -0.3222 -0.3361 -0.3137 -0.2100 -0.0637 -0.0091 0.0237 0.0720 0.1693 -0.0791 -0.3249 -0.3359 -0.3067 -0.1904 -0.0542 -0.0046 0.0277 0.0798 0.1634 -0.1074 -0.3270 -0.3354 -0.3013 -0.1781 -0.0500 -0.0026 0.0293 0.0823 0.1613 -0.1125 -0.3272 -0.3354 -0.3007 -0.1770 -0.0496 -0.0025 0.0295 0.0827 0.1609 -0.1138 -0.3273 -0.3353 -0.2959 -0.1705 -0.0869 -0.1705 -0.2959 -0.3353 -0.3273 -0.1138 0.1609 0.0827 0.0295 -0.0025 -0.0496 -0.1770 -0.3007 -0.3354 -0.3272 -0.1125 0.1613 0.0823 0.0293 -0.0026 -0.0500 -0.1781 -0.3013 -0.3354 -0.3269 -0.1072 0.1636 0.0798 0.0277 -0.0046 -0.0542 -0.1904 -0.3067 -0.3359 -0.3249 -0.0791 0.1693 0.0720 0.0237 -0.0091 -0.0637 -0.2100 -0.3137 -0.3361 -0.3222 -0.0441 0.1706 0.0646 0.0196 -0.0126 -0.0796
-0.0343 0.0235 0.0639 0.1706 -0.0406 -0.3219 -0.3360 -0.3143 -0.2118 -0.0648 -0.0096 0.0233 0.0712 0.1696 -0.0759 -0.3246 -0.3359 -0.3075 -0.1923 -0.0550 -0.0050 0.0274 0.0793 0.1639 -0.1065 -0.3269 -0.3354 -0.3009 -0.1770 -0.0494 -0.0023 0.0297 0.0832 0.1602 -0.1156 -0.3275 -0.3353 -0.2998 -0.1750 -0.0489 -0.0021 0.0299 0.0836 0.1598 -0.1168 -0.3276 -0.3353 -0.2995 -0.1675 -0.0425 -0.0084 -0.0425 -0.1675 -0.2995 -0.3353 -0.3276 -0.1168 0.1598 0.0836 0.0299 -0.0021 -0.0489 -0.1750 -0.2998 -0.3353 -0.3275 -0.1156 0.1602 0.0832 0.0297 -0.0023 -0.0494 -0.1770 -0.3009 -0.3354 -0.3269 -0.1065 0.1639 0.0793 0.0274 -0.0050 -0.0550 -0.1923 -0.3075 -0.3359 -0.3246 -0.0759 0.1696 0.0712 0.0233 -0.0096 -0.0648 -0.2118 -0.3143 -0.3360 -0.3219 -0.0406 0.1706 0.0639 0.0235 -0.0343
0.0030 0.0632 0.1704 -0.0370 -0.3216 -0.3360 -0.3149 -0.2136 -0.0658 -0.0101 0.0230 0.0705 0.1699 -0.0727 -0.3244 -0.3360 -0.3082 -0.1942 -0.0559 -0.0054 0.0270 0.0786 0.1645 -0.1048 -0.3268 -0.3354 -0.3009 -0.1766 -0.0491 -0.0021 0.0300 0.0839 0.1592 -0.1186 -0.3277 -0.3352 -0.2990 -0.1730 -0.0481 -0.0016 0.0304 0.0844 0.1586 -0.1198 -0.3278 -0.3351 -0.2987 -0.1724 -0.0477 0.0028 0.0234 0.0028 -0.0477 -0.1724 -0.2987 -0.3351 -0.3278 -0.1198 0.1586 0.0844 0.0304 -0.0016 -0.0481 -0.1730 -0.2990 -0.3352 -0.3277 -0.1186 0.1592 0.0839 0.0300 -0.0021 -0.0491 -0.1766 -0.3009 -0.3354 -0.3268 -0.1048 0.1645 0.0786 0.0270 -0.0054 -0.0559 -0.1942 -0.3082 -0.3360 -0.3244 -0.0727 0.1699 0.0705 0.0230 -0.0101 -0.0658 -0.2136 -0.3149 -0.3360 -0.3216 -0.0370 0.1704 0.0632 0.0030
0.0456 0.1703 -0.0333 -0.3213 -0.3360 -0.3155 -0.2154 -0.0669 -0.0105 0.0226 0.0698 0.1701 -0.0694 -0.3241 -0.3360 -0.3089 -0.1961 -0.0567 -0.0058 0.0266 0.0778 0.1652 -0.1022 -0.3267 -0.3355 -0.3013 -0.1770 -0.0491 -0.0020 0.0302 0.0844 0.1583 -0.1211 -0.3279 -0.3351 -0.2981 -0.1711 -0.0474 -0.0012 0.0309 0.0854 0.1574 -0.1228 -0.3280 -0.3350 -0.2978 -0.1704 -0.0473 -0.0010 0.0347 0.0671 0.0347 -0.0010 -0.0473 -0.1704 -0.2978 -0.3350 -0.3280 -0.1228 0.1574 0.0854 0.0309 -0.0012 -0.0474 -0.1711 -0.2981 -0.3351 -0.3279 -0.1211 0.1583 0.0844 0.0302 -0.0020 -0.0491 -0.1770 -0.3013 -0.3355 -0.3267 -0.1022 0.1652 0.0778 0.0266 -0.0058 -0.0567 -0.1961 -0.3089 -0.3360 -0.3241 -0.0694 0.1701 0.0698 0.0226 -0.0105 -0.0669 -0.2154 -0.3155 -0.3360 -0.3213 -0.0333 0.1703 0.0456
0.1396 -0.0296 -0.3211 -0.3360 -0.3161 -0.2172 -0.0679 -0.0110 0.0222 0.0691 0.1703 -0.0661 -0.3239 -0.3360 -0.3096 -0.1980 -0.0576 -0.0063 0.0262 0.0770 0.1659 -0.0991 -0.3264 -0.3356 -0.3019 -0.1781 -0.0494 -0.0021 0.0302 0.0846 0.1578 -0.1228 -0.3281 -0.3350 -0.2973 -0.1691 -0.0467 -0.0008 0.0313 0.0863 0.1560 -0.1258 -0.3282 -0.3349 -0.2969 -0.1682 -0.0465 -0.0008 0.0317 0.0863 0.1418 0.0863 0.0317 -0.0008 -0.0465 -0.1682 -0.2969 -0.3349 -0.3282 -0.1258 0.1560 0.0863 0.0313 -0.0008 -0.0467 -0.1691 -0.2973 -0.3350 -0.3281 -0.1228 0.1578 0.0846 0.0302 -0.0021 -0.0494 -0.1781 -0.3019 -0.3356 -0.3264 -0.0991 0.1659 0.0770 0.0262 -0.0063 -0.0576 -0.1980 -0.3096 -0.3360 -0.3239 -0.0661 0.1703 0.0691 0.0222 -0.0110 -0.0679 -0.2172 -0.3161 -0.3360 -0.3211 -0.0296 0.1396
-0.0181 -0.3207 -0.3359 -0.3166 -0.2189 -0.0690 -0.0115 0.0219 0.0683 0.1704 -0.0628 -0.3236 -0.3360 -0.3102 -0.1999 -0.0585 -0.0067 0.0258 0.0762 0.1666 -0.0961 -0.3262 -0.3356 -0.3026 -0.1798 -0.0500 -0.0023 0.0300 0.0844 0.1578 -0.1235 -0.3282 -0.3349 -0.2967 -0.1674 -0.0461 -0.0004 0.0318 0.0872 0.1546 -0.1288 -0.3285 -0.3348 -0.2960 -0.1663 -0.0458 -0.0002 0.0320 0.0883 0.1512 -0.0226 0.1512 0.0883 0.0320 -0.0002 -0.0458 -0.1663 -0.2960 -0.3348 -0.3285 -0.1288 0.1546 0.0872 0.0318 -0.0004 -0.0461 -0.1674 -0.2967 -0.3349 -0.3282 -0.1235 0.1578 0.0844 0.0300 -0.0023 -0.0500 -0.1798 -0.3026 -0.3356 -0.3262 -0.0961 0.1666 0.0762 0.0258 -0.0067 -0.0585 -0.1999 -0.3102 -0.3360 -0.3236 -0.0628 0.1704 0.0683 0.0219 -0.0115 -0.0690 -0.2189 -0.3166 -0.3359 -0.3207 -0.0181
-0.1807 -0.3357 -0.3171 -0.2207 -0.0701 -0.0119 0.0215 0.0676 0.1706 -0.0594 -0.3233 -0.3361 -0.3109 -0.2018 -0.0595 -0.0071 0.0254 0.0754 0.1672 -0.0930 -0.3260 -0.3357 -0.3034 -0.1818 -0.0507 -0.0026 0.0297 0.0839 0.1583 -0.1228 -0.3282 -0.3349 -0.2963 -0.1663 -0.0456 -0.0001 0.0323 0.0881 0.1532 -0.1318 -0.3287 -0.3347 -0.2951 -0.1643 -0.0451 0.0002 0.0325 0.0887 0.1503 -0.1380 -0.3201 -0.1380 0.1503 0.0887 0.0325 0.0002 -0.0451 -0.1643 -0.2951 -0.3347 -0.3287 -0.1318 0.1532 0.0881 0.0323 -0.0001 -0.0456 -0.1663 -0.2963 -0.3349 -0.3282 -0.1228 0.1583 0.0839 0.0297 -0.0026 -0.0507 -0.1818 -0.3034 -0.3357 -0.3260 -0.0930 0.1672 0.0754 0.0254 -0.0071 -0.0595 -0.2018 -0.3109 -0.3361 -0.3233 -0.0594 0.1706 0.0676 0.0215 -0.0119 -0.0701 -0.2207 -0.3171 -0.3357 -0.1807
-0.2095 -0.3178 -0.2222 -0.0713 -0.0124 0.0211 0.0669 0.1706 -0.0561 -0.3231 -0.3361 -0.3116 -0.2037 -0.0604 -0.0076 0.0250 0.0746 0.1678 -0.0899 -0.3257 -0.3357 -0.3042 -0.1837 -0.0514 -0.0031 0.0293 0.0832 0.1592 -0.1211 -0.3281 -0.3349 -0.2963 -0.1658 -0.0454 0.0002 0.0326 0.0890 0.1517 -0.1349 -0.3289 -0.3346 -0.2942 -0.1623 -0.0445 0.0006 0.0330 0.0895 0.1510 -0.1384 -0.3306 -0.3390 -0.3306 -0.1384 0.1510 0.0895 0.0330 0.0006 -0.0445 -0.1623 -0.2942 -0.3346 -0.3289 -0.1349 0.1517 0.0890 0.0326 0.0002 -0.0454 -0.1658 -0.2963 -0.3349 -0.3281 -0.1211 0.1592 0.0832 0.0293 -0.0031 -0.0514 -0.1837 -0.3042 -0.3357 -0.3257 -0.0899 0.1678 0.0746 0.0250 -0.0076 -0.0604 -0.2037 -0.3116 -0.3361 -0.3231 -0.0561 0.1706 0.0669 0.0211 -0.0124 -0.0713 -0.2222 -0.3178 -0.2095
-0.2137 -0.2260 -0.0722 -0.0129 0.0208 0.0662 0.1707 -0.0526 -0.3228 -0.3361 -0.3122 -0.2055 -0.0613 -0.0080 0.0246 0.0738 0.1683 -0.0868 -0.3255 -0.3358 -0.3049 -0.1857 -0.0522 -0.0035 0.0289 0.0823 0.1602 -0.1186 -0.3279 -0.3350 -0.2967 -0.1663 -0.0454 0.0002 0.0328 0.0895 0.1506 -0.1374 -0.3291 -0.3344 -0.2933 -0.1603 -0.0438 0.0010 0.0335 0.0905 0.1493 -0.1391 -0.3293 -0.3359 -0.3269 -0.3359 -0.3293 -0.1391 0.1493 0.0905 0.0335 0.0010 -0.0438 -0.1603 -0.2933 -0.3344 -0.3291 -0.1374 0.1506 0.0895 0.0328 0.0002 -0.0454 -0.1663 -0.2967 -0.3350 -0.3279 -0.1186 0.1602 0.0823 0.0289 -0.0035 -0.0522 -0.1857 -0.3049 -0.3358 -0.3255 -0.0868 0.1683 0.0738 0.0246 -0.0080 -0.0613 -0.2055 -0.3122 -0.3361 -0.3228 -0.0526 0.1707 0.0662 0.0208 -0.0129 -0.0722 -0.2260 -0.2137
-0.1653 -0.0757 -0.0136 0.0205 0.0656 0.1707 -0.0492 -0.3225 -0.3361 -0.3128 -0.2074 -0.0623 -0.0085 0.0242 0.0731 0.1687 -0.0836 -0.3252 -0.3358 -0.3057 -0.1876 -0.0530 -0.0039 0.0284 0.0814 0.1613 -0.1156 -0.3277 -0.3351 -0.2973 -0.1674 -0.0456 0.0002 0.0328 0.0897 0.1499 -0.1392 -0.3292 -0.3343 -0.2924 -0.1584 -0.0432 0.0014 0.0340 0.0915 0.1475 -0.1422 -0.3293 -0.3326 -0.2916 -0.2376 -0.2916 -0.3326 -0.3293 -0.1422 0.1475 0.0915 0.0340 0.0014 -0.0432 -0.1584 -0.2924 -0.3343 -0.3292 -0.1392 0.1499 0.0897 0.0328 0.0002 -0.0456 -0.1674 -0.2973 -0.3351 -0.3277 -0.1156 0.1613 0.0814 0.0284 -0.0039 -0.0530 -0.1876 -0.3057 -0.3358 -0.3252 -0.0836 0.1687 0.0731 0.0242 -0.0085 -0.0623 -0.2074 -0.3128 -0.3361 -0.3225 -0.0492 0.1707 0.0656 0.0205 -0.0136 -0.0757 -0.1653
-0.0792 -0.0124 0.0198 0.0649 0.1707 -0.0457 -0.3223 -0.3361 -0.3135 -0.2092 -0.0633 -0.0089 0.0239 0.0723 0.1691 -0.0805 -0.3250 -0.3359 -0.3064 -0.1895 -0.0538 -0.0043 0.0280 0.0806 0.1623 -0.1125 -0.3275 -0.3352 -0.2981 -0.1691 -0.0461 -0.0001 0.0326 0.0895 0.1499 -0.1398 -0.3293 -0.3342 -0.2917 -0.1567 -0.0425 0.0017 0.0345 0.0925 0.1457 -0.1452 -0.3296 -0.3341 -0.2861 -0.1492 -0.0717 -0.1492 -0.2861 -0.3341 -0.3296 -0.1452 0.1457 0.0925 0.0345 0.0017 -0.0425 -0.1567 -0.2917 -0.3342 -0.3293 -0.1398 0.1499 0.0895 0.0326 -0.0001 -0.0461 -0.1691 -0.2981 -0.3352 -0.3275 -0.1125 0.1623 0.0806 0.0280 -0.0043 -0.0538 -0.1895 -0.3064 -0.3359 -0.3250 -0.0805 0.1691 0.0723 0.0239 -0.0089 -0.0633 -0.2092 -0.3135 -0.3361 -0.3223 -0.0457 0.1707 0.0649 0.0198 -0.0124 -0.0792
-0.0341 0.0236 0.0642 0.1706 -0.0421 -0.3220 -0.3360 -0.3141 -0.2110 -0.0643 -0.0094 0.0235 0.0716 0.1694 -0.0773 -0.3247 -0.3359 -0.3072 -0.1915 -0.0547 -0.0048 0.0276 0.0798 0.1632 -0.1095 -0.3272 -0.3353 -0.2990 -0.1711 -0.0467 -0.0004 0.0323 0.0890 0.1506 -0.1392 -0.3293 -0.3342 -0.2913 -0.1555 -0.0421 0.0021 0.0350 0.0936 0.1438 -0.1483 -0.3298 -0.3340 -0.2900 -0.1474 -0.0353 -0.0037 -0.0353 -0.1474 -0.2900 -0.3340 -0.3298 -0.1483 0.1438 0.0936 0.0350 0.0021 -0.0421 -0.1555 -0.2913 -0.3342 -0.3293 -0.1392 0.1506 0.0890 0.0323 -0.0004 -0.0467 -0.1711 -0.2990 -0.3353 -0.3272 -0.1095 0.1632 0.0798 0.0276 -0.0048 -0.0547 -0.1915 -0.3072 -0.3359 -0.3247 -0.0773 0.1694 0.0716 0.0235 -0.0094 -0.0643 -0.2110 -0.3141 -0.3360 -0.3220 -0.0421 0.1706 0.0642 0.0236 -0.0341
0.0032 0.0635 0.1705 -0.0385 -0.3217 -0.3360 -0.3147 -0.2128 -0.0654 -0.0099 0.0231 0.0708 0.1697 -0.0741 -0.3245 -0.3360 -0.3079 -0.1934 -0.0555 -0.0052 0.0272 0.0789 0.1641 -0.1065 -0.3270 -0.3354 -0.2998 -0.1730 -0.0474 -0.0008 0.0318 0.0881 0.1517 -0.1374 -0.3292 -0.3342 -0.2913 -0.1551 -0.0418 0.0023 0.0354 0.0945 0.1419 -0.1514 -0.3300 -0.3338 -0.2891 -0.1519 -0.0409 0.0067 0.0277 0.0067 -0.0409 -0.1519 -0.2891 -0.3338 -0.3300 -0.1514 0.1419 0.0945 0.0354 0.0023 -0.0418 -0.1551 -0.2913 -0.3342 -0.3292 -0.1374 0.1517 0.0881 0.0318 -0.0008 -0.0474 -0.1730 -0.2998 -0.3354 -0.3270 -0.1065 0.1641 0.0789 0.0272 -0.0052 -0.0555 -0.1934 -0.3079 -0.3360 -0.3245 -0.0741 0.1697 0.0708 0.0231 -0.0099 -0.0654 -0.2128 -0.3147 -0.3360 -0.3217 -0.0385 0.1705 0.0635 0.0032
0.0459 0.1704 -0.0349 -0.3215 -0.3360 -0.3153 -0.2146 -0.0664 -0.0103 0.0228 0.0701 0.1700 -0.0708 -0.3242 -0.3360 -0.3086 -0.1953 -0.0564 -0.0056 0.0268 0.0781 0.1649 -0.1035 -0.3268 -0.3354 -0.3007 -0.1750 -0.0481 -0.0012 0.0313 0.0872 0.1532 -0.1349 -0.3291 -0.3343 -0.2917 -0.1555 -0.0418 0.0024 0.0356 0.0951 0.1404 -0.1540 -0.3302 -0.3336 -0.2880 -0.1498 -0.0405 0.0032 0.0399 0.0735 0.0399 0.0032 -0.0405 -0.1498 -0.2880 -0.3336 -0.3302 -0.1540 0.1404 0.0951 0.0356 0.0024 -0.0418 -0.1555 -0.2917 -0.3343 -0.3291 -0.1349 0.1532 0.0872 0.0313 -0.0012 -0.0481 -0.1750 -0.3007 -0.3354 -0.3268 -0.1035 0.1649 0.0781 0.0268 -0.0056 -0.0564 -0.1953 -0.3086 -0.3360 -0.3242 -0.0708 0.1700 0.0701 0.0228 -0.0103 -0.0664 -0.2146 -0.3153 -0.3360 -0.3215 -0.0349 0.1704 0.0459
0.1395 -0.0312 -0.3212 -0.3360 -0.3158 -0.2164 -0.0675 -0.0108 0.0224 0.0694 0.1702 -0.0675 -0.3240 -0.3360 -0.3093 -0.1972 -0.0572 -0.0061 0.0264 0.0773 0.1656 -0.1004 -0.3266 -0.3355 -0.3015 -0.1770 -0.0489 -0.0016 0.0309 0.0863 0.1546 -0.1318 -0.3289 -0.3344 -0.2924 -0.1567 -0.0421 0.0023 0.0356 0.0953 0.1395 -0.1558 -0.3303 -0.3335 -0.2870 -0.1477 -0.0397 0.0034 0.0370 0.0950 0.1441 0.0950 0.0370 0.0034 -0.0397 -0.1477 -0.2870 -0.3335 -0.3303 -0.1558 0.1395 0.0953 0.0356 0.0023 -0.0421 -0.1567 -0.2924 -0.3344 -0.3289 -0.1318 0.1546 0.0863 0.0309 -0.0016 -0.0489 -0.1770 -0.3015 -0.3355 -0.3266 -0.1004 0.1656 0.0773 0.0264 -0.0061 -0.0572 -0.1972 -0.3093 -0.3360 -0.3240 -0.0675 0.1702 0.0694 0.0224 -0.0108 -0.0675 -0.2164 -0.3158 -0.3360 -0.3212 -0.0312 0.1395
-0.0192 -0.3208 -0.3359 -0.3164 -0.2182 -0.0686 -0.0113 0.0220 0.0687 0.1704 -0.0642 -0.3237 -0.3360 -0.3100 -0.1991 -0.0581 -0.0065 0.0260 0.0765 0.1663 -0.0974 -0.3263 -0.3356 -0.3023 -0.1790 -0.0496 -0.0021 0.0304 0.0854 0.1560 -0.1288 -0.3287 -0.3346 -0.2933 -0.1584 -0.0425 0.0021 0.0354 0.0951 0.1395 -0.1565 -0.3304 -0.3334 -0.2863 -0.1460 -0.0391 0.0038 0.0373 0.0994 0.1298 -0.0655 0.1298 0.0994 0.0373 0.0038 -0.0391 -0.1460 -0.2863 -0.3334 -0.3304 -0.1565 0.1395 0.0951 0.0354 0.0021 -0.0425 -0.1584 -0.2933 -0.3346 -0.3287 -0.1288 0.1560 0.0854 0.0304 -0.0021 -0.0496 -0.1790 -0.3023 -0.3356 -0.3263 -0.0974 0.1663 0.0765 0.0260 -0.0065 -0.0581 -0.1991 -0.3100 -0.3360 -0.3237 -0.0642 0.1704 0.0687 0.0220 -0.0113 -0.0686 -0.2182 -0.3164 -0.3359 -0.3208 -0.0192
-0.1809 -0.3357 -0.3169 -0.2199 -0.0696 -0.0117 0.0217 0.0679 0.1705 -0.0609 -0.3235 -0.3360 -0.3106 -0.2010 -0.0591 -0.0070 0.0256 0.0757 0.1670 -0.0943 -0.3261 -0.3357 -0.3031 -0.1809 -0.0503 -0.0025 0.0299 0.0844 0.1574 -0.1258 -0.3285 -0.3347 -0.2942 -0.1603 -0.0432 0.0017 0.0350 0.0945 0.1404 -0.1558 -0.3304 -0.3334 -0.2859 -0.1449 -0.0386 0.0042 0.0378 0.0998 0.1287 -0.1703 -0.3232 -0.1703 0.1287 0.0998 0.0378 0.0042 -0.0386 -0.1449 -0.2859 -0.3334 -0.3304 -0.1558 0.1404 0.0945 0.0350 0.0017 -0.0432 -0.1603 -0.2942 -0.3347 -0.3285 -0.1258 0.1574 0.0844 0.0299 -0.0025 -0.0503 -0.1809 -0.3031 -0.3357 -0.3261 -0.0943 0.1670 0.0757 0.0256 -0.0070 -0.0591 -0.2010 -0.3106 -0.3360 -0.3235 -0.0609 0.1705 0.0679 0.0217 -0.0117 -0.0696 -0.2199 -0.3169 -0.3357 -0.1809
-0.2096 -0.3177 -0.2214 -0.0708 -0.0122 0.0213 0.0672 0.1706 -0.0575 -0.3232 -0.3361 -0.3113 -0.2029 -0.0600 -0.0074 0.0252 0.0749 0.1675 -0.0912 -0.3258 -0.3357 -0.3039 -0.1829 -0.0511 -0.0029 0.0295 0.0836 0.1586 -0.1228 -0.3282 -0.3348 -0.2951 -0.1623 -0.0438 0.0014 0.0345 0.0936 0.1419 -0.1540 -0.3303 -0.3334 -0.2859 -0.1445 -0.0383 0.0044 0.0382 0.1005 0.1295 -0.1704 -0.3327 -0.3398 -0.3327 -0.1704 0.1295 0.1005 0.0382 0.0044 -0.0383 -0.1445 -0.2859 -0.3334 -0.3303 -0.1540 0.1419 0.0936 0.0345 0.0014 -0.0438 -0.1623 -0.2951 -0.3348 -0.3282 -0.1228 0.1586 0.0836 0.0295 -0.0029 -0.0511 -0.1829 -0.3039 -0.3357 -0.3258 -0.0912 0.1675 0.0749 0.0252 -0.0074 -0.0600 -0.2029 -0.3113 -0.3361 -0.3232 -0.0575 0.1706 0.0672 0.0213 -0.0122 -0.0708 -0.2214 -0.3177 -0.2096
-0.2137 -0.2252 -0.0718 -0.0127 0.0209 0.0665 0.1707 -0.0541 -0.3229 -0.3361 -0.3119 -0.2047 -0.0609 -0.0078 0.0248 0.0742 0.1681 -0.0881 -0.3256 -0.3358 -0.3046 -0.1848 -0.0519 -0.0033 0.0291 0.0827 0.1598 -0.1198 -0.3280 -0.3349 -0.2960 -0.1643 -0.0445 0.0010 0.0340 0.0925 0.1438 -0.1514 -0.3302 -0.3335 -0.2863 -0.1449 -0.0383 0.0045 0.0384 0.1012 0.1276 -0.1709 -0.3311 -0.3341 -0.3217 -0.3341 -0.3311 -0.1709 0.1276 0.1012 0.0384 0.0045 -0.0383 -0.1449 -0.2863 -0.3335 -0.3302 -0.1514 0.1438 0.0925 0.0340 0.0010 -0.0445 -0.1643 -0.2960 -0.3349 -0.3280 -0.1198 0.1598 0.0827 0.0291 -0.0033 -0.0519 -0.1848 -0.3046 -0.3358 -0.3256 -0.0881 0.1681 0.0742 0.0248 -0.0078 -0.0609 -0.2047 -0.3119 -0.3361 -0.3229 -0.0541 0.1707 0.0665 0.0209 -0.0127 -0.0718 -0.2252 -0.2137
-0.1649 -0.0752 -0.0134 0.0206 0.0658 0.1707 -0.0507 -0.3227 -0.3361 -0.3126 -0.2066 -0.0619 -0.0083 0.0244 0.0734 0.1685 -0.0850 -0.3253 -0.3358 -0.3054 -0.1868 -0.0527 -0.0037 0.0286 0.0818 0.1609 -0.1168 -0.3278 -0.3350 -0.2969 -0.1663 -0.0451 0.0006 0.0335 0.0915 0.1457 -0.1483 -0.3300 -0.3336 -0.2870 -0.1460 -0.0386 0.0044 0.0384 0.1015 0.1264 -0.1730 -0.3313 -0.3306 -0.2808 -0.2190 -0.2808 -0.3306 -0.3313 -0.1730 0.1264 0.1015 0.0384 0.0044 -0.0386 -0.1460 -0.2870 -0.3336 -0.3300 -0.1483 0.1457 0.0915 0.0335 0.0006 -0.0451 -0.1663 -0.2969 -0.3350 -0.3278 -0.1168 0.1609 0.0818 0.0286 -0.0037 -0.0527 -0.1868 -0.3054 -0.3358 -0.3253 -0.0850 0.1685 0.0734 0.0244 -0.0083 -0.0619 -0.2066 -0.3126 -0.3361 -0.3227 -0.0507 0.1707 0.0658 0.0206 -0.0134 -0.0752 -0.1649
-0.0789 -0.0121 0.0199 0.0652 0.1707 -0.0472 -0.3224 -0.3361 -0.3132 -0.2084 -0.0629 -0.0088 0.0240 0.0726 0.1689 -0.0818 -0.3251 -0.3359 -0.3061 -0.1887 -0.0535 -0.0042 0.0282 0.0810 0.1619 -0.1138 -0.3276 -0.3351 -0.2978 -0.1682 -0.0458 0.0002 0.0330 0.0905 0.1475 -0.1452 -0.3298 -0.3338 -0.2880 -0.1477 -0.0391 0.0042 0.0382 0.1012 0.1265 -0.1737 -0.3314 -0.3323 -0.2755 -0.1293 -0.0592 -0.1293 -0.2755 -0.3324 -0.3314 -0.1737 0.1264 0.1012 0.0382 0.0042 -0.0391 -0.1477 -0.2880 -0.3338 -0.3298 -0.1452 0.1475 0.0905 0.0330 0.0002 -0.0458 -0.1682 -0.2978 -0.3351 -0.3276 -0.1138 0.1619 0.0810 0.0282 -0.0042 -0.0535 -0.1887 -0.3061 -0.3359 -0.3251 -0.0818 0.1689 0.0726 0.0240 -0.0088 -0.0629 -0.2084 -0.3132 -0.3361 -0.3224 -0.0472 0.1707 0.0652 0.0199 -0.0121 -0.0789
-0.0340 0.0238 0.0645 0.1706 -0.0436 -0.3221 -0.3361 -0.3138 -0.2102 -0.0639 -0.0092 0.0237 0.0719 0.1693 -0.0786 -0.3248 -0.3359 -0.3069 -0.1906 -0.0543 -0.0046 0.0278 0.0801 0.1628 -0.1108 -0.3273 -0.3352 -0.2986 -0.1702 -0.0465 -0.0002 0.0325 0.0895 0.1493 -0.1422 -0.3296 -0.3340 -0.2890 -0.1497 -0.0397 0.0038 0.0378 0.1005 0.1276 -0.1730 -0.3314 -0.3324 -0.2803 -0.1295 -0.0292 0.0003 -0.0292 -0.1297 -0.2804 -0.3325 -0.3314 -0.1730 0.1276 0.1005 0.0378 0.0038 -0.0397 -0.1498 -0.2891 -0.3340 -0.3296 -0.1422 0.1493 0.0895 0.0325 -0.0002 -0.0465 -0.1704 -0.2987 -0.3353 -0.3273 -0.1108 0.1629 0.0801 0.0278 -0.0046 -0.0543 -0.1908 -0.3069 -0.3359 -0.3248 -0.0786 0.1693 0.0719 0.0237 -0.0092 -0.0639 -0.2104 -0.3139 -0.3361 -0.3221 -0.0436 0.1706 0.0645 0.0238 -0.0340
0.0034 0.0638 0.1705 -0.0401 -0.3219 -0.3360 -0.3144 -0.2121 -0.0649 -0.0097 0.0233 0.0711 0.1696 -0.0754 -0.3246 -0.3359 -0.3076 -0.1926 -0.0551 -0.0050 0.0274 0.0793 0.1637 -0.1078 -0.3271 -0.3353 -0.2995 -0.1722 -0.0471 -0.0006 0.0320 0.0886 0.1509 -0.1392 -0.3294 -0.3341 -0.2900 -0.1516 -0.0403 0.0035 0.0373 0.0995 0.1294 -0.1712 -0.3313 -0.3323 -0.2802 -0.1347 -0.0350 0.0101 0.0320 0.0100 -0.0353 -0.1353 -0.2804 -0.3324 -0.3313 -0.1709 0.1295 0.0998 0.0373 0.0034 -0.0405 -0.1519 -0.2900 -0.3341 -0.3293 -0.1391 0.1510 0.0887 0.0320 -0.0008 -0.0473 -0.1724 -0.2995 -0.3353 -0.3271 -0.1078 0.1638 0.0794 0.0273 -0.0051 -0.0553 -0.1928 -0.3076 -0.3359 -0.3245 -0.0754 0.1696 0.0712 0.0232 -0.0098 -0.0651 -0.2122 -0.3144 -0.3360 -0.3218 -0.0400 0.1706 0.0638 0.0032
0.0462 0.1704 -0.0365 -0.3216 -0.3360 -0.3150 -0.2139 -0.0659 -0.0101 0.0229 0.0704 0.1699 -0.0722 -0.3243 -0.3360 -0.3083 -0.1945 -0.0560 -0.0054 0.0269 0.0785 0.1646 -0.1048 -0.3269 -0.3354 -0.3003 -0.1742 -0.0478 -0.0011 0.0315 0.0876 0.1525 -0.1361 -0.3292 -0.3342 -0.2909 -0.1536 -0.0409 0.0031 0.0368 0.0984 0.1318 -0.1684 -0.3312 -0.3325 -0.2804 -0.1347 -0.0352 0.0065 0.0445 0.0796 0.0448 0.0065 -0.0353 -0.1298 -0.2753 -0.3306 -0.3311 -0.1704 0.1287 0.0994 0.0370 0.0032 -0.0409 -0.1474 -0.2861 -0.3326 -0.3293 -0.1384 0.1503 0.0883 0.0317 -0.0010 -0.0477 -0.1675 -0.2959 -0.3340 -0.3271 -0.1072 0.1631 0.0790 0.0271 -0.0054 -0.0554 -0.1876 -0.3043 -0.3349 -0.3247 -0.0750 0.1690 0.0708 0.0230 -0.0101 -0.0645 -0.2070 -0.3115 -0.3352 -0.3220 -0.0401 0.1699 0.0470
0.1395 -0.0328 -0.3213 -0.3360 -0.3156 -0.2157 -0.0670 -0.0106 0.0225 0.0697 0.1701 -0.0689 -0.3241 -0.3360 -0.3090 -0.1964 -0.0569 -0.0059 0.0265 0.0776 0.1653 -0.1017 -0.3267 -0.3355 -0.3011 -0.1761 -0.0485 -0.0015 0.0311 0.0867 0.1540 -0.1331 -0.3290 -0.3344 -0.2919 -0.1555 -0.0416 0.0027 0.0363 0.0973 0.1342 -0.1652 -0.3310 -0.3326 -0.2812 -0.1356 -0.0352 0.0063 0.0412 0.1033 0.1435 0.0980 0.0453 0.0099 -0.0292 -0.1294 -0.2808 -0.3341 -0.3327 -0.1703 0.1298 0.0950 0.0399 0.0067 -0.0353 -0.1492 -0.2916 -0.3359 -0.3306 -0.1380 0.1512 0.0863 0.0347 0.0028 -0.0425 -0.1705 -0.3013 -0.3370 -0.3283 -0.1067 0.1573 0.0785 0.0300 -0.0013 -0.0508 -0.1916 -0.3095 -0.3376 -0.3257 -0.0743 0.1525 0.0715 0.0259 -0.0058 -0.0607 -0.2117 -0.3163 -0.3376 -0.3230 -0.0405 0.1200
-0.0203 -0.3209 -0.3360 -0.3162 -0.2174 -0.0681 -0.0111 0.0222 0.0690 0.1703 -0.0657 -0.3238 -0.3360 -0.3097 -0.1983 -0.0578 -0.0063 0.0261 0.0768 0.1660 -0.0987 -0.3264 -0.3356 -0.3019 -0.1781 -0.0493 -0.0019 0.0306 0.0857 0.1555 -0.1301 -0.3288 -0.3345 -0.2929 -0.1575 -0.0422 0.0023 0.0358 0.0962 0.1365 -0.1621 -0.3308 -0.3328 -0.2823 -0.1372 -0.0356 0.0062 0.0408 0.1094 0.1026 -0.0142 0.1377 0.0767 0.0326 0.0003 -0.0592 -0.2191 -0.3217 -0.3398 -0.3232 -0.0655 0.1441 0.0735 0.0277 -0.0037 -0.0717 -0.2376 -0.3269 -0.3390 -0.3201 -0.0226 0.1418 0.0671 0.0234 -0.0084 -0.0869 -0.2547 -0.3312 -0.3379 -0.3033 0.0211 0.1320 0.0611 0.0193 -0.0138 -0.1046 -0.2699 -0.3345 -0.3363 -0.2744 0.0623 0.1184 0.0553 0.0157 -0.0199 -0.1245 -0.2831 -0.3369 -0.3345 -0.2566 0.0612
