0.0733 0.4929 1.0000 1.0000 1.0000 0.0005 0.0015 0.0047 0.0147 0.0461 0.1448 0.4550 1.0000 1.0000 1.0000 0.0005 0.0015 0.0047 0.0148 0.0464 0.1457 0.4577 1.0000 1.0000 1.0000 0.0005 0.0015 0.0047 0.0148 0.0466 0.1465 0.4603 1.0000 1.0000 1.0000 0.0005 0.0015 0.0047 0.0149 0.0469 0.1473 0.4629 1.0000 1.0000 1.0000 0.0005 0.0015 0.0048 0.0152 0.0550 0.1309 0.0550 0.0152 0.0048 0.0015 0.0005 1.0000 1.0000 1.0000 0.4629 0.1473 0.0469 0.0149 0.0047 0.0015 0.0005 1.0000 1.0000 1.0000 0.4603 0.1465 0.0466 0.0148 0.0047 0.0015 0.0005 1.0000 1.0000 1.0000 0.4577 0.1457 0.0464 0.0148 0.0047 0.0015 0.0005 1.0000 1.0000 1.0000 0.4550 0.1448 0.0461 0.0147 0.0047 0.0015 0.0005 1.0000 1.0000 1.0000 0.4929 0.0733
0.4929 1.0000 1.0000 1.0000 0.0010 0.0030 0.0095 0.0299 0.0939 0.2955 0.9285 1.0000 1.0000 1.0000 0.0010 0.0030 0.0096 0.0301 0.0946 0.2972 0.9338 1.0000 1.0000 1.0000 0.0010 0.0031 0.0096 0.0303 0.0951 0.2989 0.9392 1.0000 1.0000 1.0000 0.0010 0.0031 0.0097 0.0304 0.0957 0.3006 0.9445 1.0000 1.0000 1.0000 0.0010 0.0031 0.0097 0.0304 0.0966 0.3513 0.7929 0.3513 0.0966 0.0304 0.0097 0.0031 0.0010 1.0000 1.0000 1.0000 0.9445 0.3006 0.0957 0.0304 0.0097 0.0031 0.0010 1.0000 1.0000 1.0000 0.9392 0.2989 0.0951 0.0303 0.0096 0.0031 0.0010 1.0000 1.0000 1.0000 0.9338 0.2972 0.0946 0.0301 0.0096 0.0030 0.0010 1.0000 1.0000 1.0000 0.9285 0.2955 0.0939 0.0299 0.0095 0.0030 0.0010 1.0000 1.0000 1.0000 0.4929
1.0000 1.0000 1.0000 0.0009 0.0028 0.0088 0.0276 0.0867 0.2728 0.8589 1.0000 1.0000 1.0000 0.0009 0.0028 0.0088 0.0278 0.0873 0.2749 0.8621 1.0000 1.0000 1.0000 0.0009 0.0028 0.0089 0.0280 0.0880 0.2760 0.8687 1.0000 1.0000 1.0000 0.0009 0.0028 0.0090 0.0281 0.0885 0.2775 0.8737 1.0000 1.0000 1.0000 0.0009 0.0029 0.0090 0.0283 0.0885 0.2807 1.0000 1.0000 1.0000 0.2807 0.0885 0.0283 0.0090 0.0029 0.0009 1.0000 1.0000 1.0000 0.8737 0.2775 0.0885 0.0281 0.0090 0.0028 0.0009 1.0000 1.0000 1.0000 0.8687 0.2760 0.0880 0.0280 0.0089 0.0028 0.0009 1.0000 1.0000 1.0000 0.8621 0.2749 0.0873 0.0278 0.0088 0.0028 0.0009 1.0000 1.0000 1.0000 0.8589 0.2728 0.0867 0.0276 0.0088 0.0028 0.0009 1.0000 1.0000 1.0000
1.0000 1.0000 0.0009 0.0028 0.0090 0.0283 0.0890 0.2797 0.8787 1.0000 1.0000 1.0000 0.0009 0.0029 0.0091 0.0285 0.0897 0.2818 0.8854 1.0000 1.0000 1.0000 0.0009 0.0029 0.0091 0.0287 0.0902 0.2834 0.8905 1.0000 1.0000 1.0000 0.0009 0.0029 0.0092 0.0289 0.0907 0.2850 0.8956 1.0000 1.0000 1.0000 0.0009 0.0029 0.0092 0.0290 0.0912 0.2856 0.9024 1.0000 1.0000 1.0000 0.9024 0.2856 0.0912 0.0290 0.0092 0.0029 0.0009 1.0000 1.0000 1.0000 0.8956 0.2850 0.0907 0.0289 0.0092 0.0029 0.0009 1.0000 1.0000 1.0000 0.8905 0.2834 0.0902 0.0287 0.0091 0.0029 0.0009 1.0000 1.0000 1.0000 0.8854 0.2818 0.0897 0.0285 0.0091 0.0029 0.0009 1.0000 1.0000 1.0000 0.8787 0.2797 0.0890 0.0283 0.0090 0.0028 0.0009 1.0000 1.0000
1.0000 0.0010 0.0028 0.0090 0.0283 0.0895 0.2823 0.8871 1.0000 1.0000 1.0000 0.0009 0.0029 0.0092 0.0289 0.0907 0.2850 0.8956 1.0000 1.0000 1.0000 0.0009 0.0029 0.0092 0.0290 0.0912 0.2867 0.9007 1.0000 1.0000 1.0000 0.0009 0.0030 0.0093 0.0292 0.0918 0.2883 0.9058 1.0000 1.0000 1.0000 0.0009 0.0030 0.0093 0.0294 0.0923 0.2899 0.9076 1.0000 1.0000 1.0000 1.0000 1.0000 0.9076 0.2899 0.0923 0.0294 0.0093 0.0030 0.0009 1.0000 1.0000 1.0000 0.9058 0.2883 0.0918 0.0292 0.0093 0.0030 0.0009 1.0000 1.0000 1.0000 0.9007 0.2867 0.0912 0.0290 0.0092 0.0029 0.0009 1.0000 1.0000 1.0000 0.8956 0.2850 0.0907 0.0289 0.0092 0.0029 0.0009 1.0000 1.0000 1.0000 0.8871 0.2823 0.0895 0.0283 0.0090 0.0028 0.0010 1.0000
0.0005 0.0030 0.0088 0.0283 0.0895 0.2834 0.8956 1.0000 1.0000 1.0000 0.0009 0.0030 0.0093 0.0293 0.0919 0.2888 0.9076 1.0000 1.0000 1.0000 0.0009 0.0030 0.0094 0.0294 0.0925 0.2905 0.9128 1.0000 1.0000 1.0000 0.0010 0.0030 0.0094 0.0296 0.0930 0.2922 0.9180 1.0000 1.0000 1.0000 0.0010 0.0030 0.0095 0.0298 0.0935 0.2938 0.9232 1.0000 1.0000 1.0000 0.0008 1.0000 1.0000 1.0000 0.9232 0.2938 0.0935 0.0298 0.0095 0.0030 0.0010 1.0000 1.0000 1.0000 0.9180 0.2922 0.0930 0.0296 0.0094 0.0030 0.0010 1.0000 1.0000 1.0000 0.9128 0.2905 0.0925 0.0294 0.0094 0.0030 0.0009 1.0000 1.0000 1.0000 0.9076 0.2888 0.0919 0.0293 0.0093 0.0030 0.0009 1.0000 1.0000 1.0000 0.8956 0.2834 0.0895 0.0283 0.0088 0.0030 0.0005
0.0015 0.0095 0.0276 0.0890 0.2823 0.8956 1.0000 1.0000 1.0000 0.0010 0.0030 0.0094 0.0296 0.0932 0.2927 0.9197 1.0000 1.0000 1.0000 0.0010 0.0030 0.0095 0.0298 0.0937 0.2944 0.9250 1.0000 1.0000 1.0000 0.0010 0.0030 0.0095 0.0300 0.0942 0.2961 0.9303 1.0000 1.0000 1.0000 0.0010 0.0031 0.0096 0.0302 0.0948 0.2978 0.9356 1.0000 1.0000 1.0000 0.0011 0.0025 0.0011 1.0000 1.0000 1.0000 0.9356 0.2978 0.0948 0.0302 0.0096 0.0031 0.0010 1.0000 1.0000 1.0000 0.9303 0.2961 0.0942 0.0300 0.0095 0.0030 0.0010 1.0000 1.0000 1.0000 0.9250 0.2944 0.0937 0.0298 0.0095 0.0030 0.0010 1.0000 1.0000 1.0000 0.9197 0.2927 0.0932 0.0296 0.0094 0.0030 0.0010 1.0000 1.0000 1.0000 0.8956 0.2823 0.0890 0.0276 0.0095 0.0015
0.0047 0.0299 0.0867 0.2797 0.8871 1.0000 1.0000 1.0000 0.0010 0.0030 0.0095 0.0300 0.0944 0.2966 0.9321 1.0000 1.0000 1.0000 0.0010 0.0031 0.0096 0.0302 0.0949 0.2983 0.9374 1.0000 1.0000 1.0000 0.0010 0.0031 0.0097 0.0304 0.0955 0.3000 0.9427 1.0000 1.0000 1.0000 0.0010 0.0031 0.0097 0.0306 0.0960 0.3018 0.9481 1.0000 1.0000 1.0000 0.0010 0.0036 0.0080 0.0036 0.0010 1.0000 1.0000 1.0000 0.9481 0.3018 0.0960 0.0306 0.0097 0.0031 0.0010 1.0000 1.0000 1.0000 0.9427 0.3000 0.0955 0.0304 0.0097 0.0031 0.0010 1.0000 1.0000 1.0000 0.9374 0.2983 0.0949 0.0302 0.0096 0.0031 0.0010 1.0000 1.0000 1.0000 0.9321 0.2966 0.0944 0.0300 0.0095 0.0030 0.0010 1.0000 1.0000 1.0000 0.8871 0.2797 0.0867 0.0299 0.0047
0.0147 0.0939 0.2728 0.8787 1.0000 1.0000 1.0000 0.0010 0.0030 0.0096 0.0303 0.0953 0.3000 0.9445 1.0000 1.0000 1.0000 0.0010 0.0031 0.0097 0.0306 0.0962 0.3023 0.9499 1.0000 1.0000 1.0000 0.0010 0.0031 0.0098 0.0308 0.0968 0.3041 0.9554 1.0000 1.0000 1.0000 0.0010 0.0031 0.0099 0.0310 0.0973 0.3058 0.9608 1.0000 1.0000 1.0000 0.0010 0.0032 0.0115 0.0256 0.0115 0.0032 0.0010 1.0000 1.0000 1.0000 0.9608 0.3058 0.0973 0.0310 0.0099 0.0031 0.0010 1.0000 1.0000 1.0000 0.9554 0.3041 0.0968 0.0308 0.0098 0.0031 0.0010 1.0000 1.0000 1.0000 0.9499 0.3023 0.0962 0.0306 0.0097 0.0031 0.0010 1.0000 1.0000 1.0000 0.9445 0.3000 0.0953 0.0303 0.0096 0.0030 0.0010 1.0000 1.0000 1.0000 0.8787 0.2728 0.0939 0.0147
0.0461 0.2955 0.8589 1.0000 1.0000 1.0000 0.0010 0.0030 0.0096 0.0304 0.0960 0.3029 0.9536 1.0000 1.0000 1.0000 0.0010 0.0031 0.0099 0.0310 0.0975 0.3064 0.9627 1.0000 1.0000 1.0000 0.0010 0.0032 0.0099 0.0312 0.0981 0.3081 0.9682 1.0000 1.0000 1.0000 0.0010 0.0032 0.0100 0.0314 0.0986 0.3099 0.9737 1.0000 1.0000 1.0000 0.0010 0.0032 0.0101 0.0365 0.0814 0.0365 0.0101 0.0032 0.0010 1.0000 1.0000 1.0000 0.9737 0.3099 0.0986 0.0314 0.0100 0.0032 0.0010 1.0000 1.0000 1.0000 0.9682 0.3081 0.0981 0.0312 0.0099 0.0032 0.0010 1.0000 1.0000 1.0000 0.9627 0.3064 0.0975 0.0310 0.0099 0.0031 0.0010 1.0000 1.0000 1.0000 0.9536 0.3029 0.0960 0.0304 0.0096 0.0030 0.0010 1.0000 1.0000 1.0000 0.8589 0.2955 0.0461
0.1448 0.9285 1.0000 1.0000 1.0000 0.0009 0.0030 0.0095 0.0303 0.0960 0.3041 0.9608 1.0000 1.0000 1.0000 0.0010 0.0032 0.0100 0.0314 0.0988 0.3105 0.9756 1.0000 1.0000 1.0000 0.0010 0.0032 0.0101 0.0316 0.0994 0.3123 0.9812 1.0000 1.0000 1.0000 0.0010 0.0032 0.0101 0.0318 0.0999 0.3141 0.9868 1.0000 1.0000 1.0000 0.0010 0.0032 0.0101 0.0321 0.1162 0.2592 0.1162 0.0321 0.0101 0.0032 0.0010 1.0000 1.0000 1.0000 0.9868 0.3141 0.0999 0.0318 0.0101 0.0032 0.0010 1.0000 1.0000 1.0000 0.9812 0.3123 0.0994 0.0316 0.0101 0.0032 0.0010 1.0000 1.0000 1.0000 0.9756 0.3105 0.0988 0.0314 0.0100 0.0032 0.0010 1.0000 1.0000 1.0000 0.9608 0.3041 0.0960 0.0303 0.0095 0.0030 0.0009 1.0000 1.0000 1.0000 0.9285 0.1448
0.4550 1.0000 1.0000 1.0000 0.0009 0.0030 0.0094 0.0300 0.0953 0.3029 0.9608 1.0000 1.0000 1.0000 0.0010 0.0032 0.0101 0.0319 0.1001 0.3146 0.9887 1.0000 1.0000 1.0000 0.0010 0.0032 0.0102 0.0321 0.1007 0.3164 0.9943 1.0000 1.0000 1.0000 0.0010 0.0033 0.0103 0.0322 0.1013 0.3183 1.0000 1.0000 1.0000 1.0000 0.0010 0.0033 0.0103 0.0323 0.1023 0.3699 0.8252 0.3699 0.1023 0.0323 0.0103 0.0033 0.0010 1.0000 1.0000 1.0000 1.0000 0.3183 0.1013 0.0322 0.0103 0.0033 0.0010 1.0000 1.0000 1.0000 0.9943 0.3164 0.1007 0.0321 0.0102 0.0032 0.0010 1.0000 1.0000 1.0000 0.9887 0.3146 0.1001 0.0319 0.0101 0.0032 0.0010 1.0000 1.0000 1.0000 0.9608 0.3029 0.0953 0.0300 0.0094 0.0030 0.0009 1.0000 1.0000 1.0000 0.4550
1.0000 1.0000 1.0000 0.0009 0.0029 0.0093 0.0296 0.0944 0.3000 0.9536 1.0000 1.0000 1.0000 0.0010 0.0033 0.0102 0.0322 0.1015 0.3189 1.0000 1.0000 1.0000 1.0000 0.0010 0.0033 0.0103 0.0325 0.1021 0.3207 1.0000 1.0000 1.0000 1.0000 0.0011 0.0033 0.0104 0.0327 0.1026 0.3225 1.0000 1.0000 1.0000 1.0000 0.0011 0.0033 0.0105 0.0329 0.1028 0.3256 1.0000 1.0000 1.0000 0.3256 0.1028 0.0329 0.0105 0.0033 0.0011 1.0000 1.0000 1.0000 1.0000 0.3225 0.1026 0.0327 0.0104 0.0033 0.0011 1.0000 1.0000 1.0000 1.0000 0.3207 0.1021 0.0325 0.0103 0.0033 0.0010 1.0000 1.0000 1.0000 1.0000 0.3189 0.1015 0.0322 0.0102 0.0033 0.0010 1.0000 1.0000 1.0000 0.9536 0.3000 0.0944 0.0296 0.0093 0.0029 0.0009 1.0000 1.0000 1.0000
1.0000 1.0000 0.0009 0.0029 0.0092 0.0293 0.0932 0.2966 0.9445 1.0000 1.0000 1.0000 0.0010 0.0033 0.0103 0.0325 0.1025 0.3225 1.0000 1.0000 1.0000 1.0000 0.0011 0.0033 0.0105 0.0329 0.1034 0.3250 1.0000 1.0000 1.0000 1.0000 0.0011 0.0034 0.0105 0.0331 0.1040 0.3268 1.0000 1.0000 1.0000 1.0000 0.0011 0.0034 0.0106 0.0333 0.1046 0.3275 1.0000 1.0000 1.0000 1.0000 1.0000 0.3275 0.1046 0.0333 0.0106 0.0034 0.0011 1.0000 1.0000 1.0000 1.0000 0.3268 0.1040 0.0331 0.0105 0.0034 0.0011 1.0000 1.0000 1.0000 1.0000 0.3250 0.1034 0.0329 0.0105 0.0033 0.0011 1.0000 1.0000 1.0000 1.0000 0.3225 0.1025 0.0325 0.0103 0.0033 0.0010 1.0000 1.0000 1.0000 0.9445 0.2966 0.0932 0.0293 0.0092 0.0029 0.0009 1.0000 1.0000
1.0000 0.0010 0.0028 0.0091 0.0289 0.0919 0.2927 0.9321 1.0000 1.0000 1.0000 0.0010 0.0033 0.0103 0.0327 0.1032 0.3256 1.0000 1.0000 1.0000 1.0000 0.0011 0.0034 0.0106 0.0334 0.1048 0.3293 1.0000 1.0000 1.0000 1.0000 0.0011 0.0034 0.0107 0.0335 0.1054 0.3312 1.0000 1.0000 1.0000 1.0000 0.0011 0.0034 0.0107 0.0337 0.1060 0.3331 1.0000 1.0000 1.0000 1.0000 1.0000 1.0000 1.0000 0.3331 0.1060 0.0337 0.0107 0.0034 0.0011 1.0000 1.0000 1.0000 1.0000 0.3312 0.1054 0.0335 0.0107 0.0034 0.0011 1.0000 1.0000 1.0000 1.0000 0.3293 0.1048 0.0334 0.0106 0.0034 0.0011 1.0000 1.0000 1.0000 1.0000 0.3256 0.1032 0.0327 0.0103 0.0033 0.0010 1.0000 1.0000 1.0000 0.9321 0.2927 0.0919 0.0289 0.0091 0.0028 0.0010 1.0000
0.0005 0.0030 0.0088 0.0285 0.0907 0.2888 0.9197 1.0000 1.0000 1.0000 0.0010 0.0032 0.0102 0.0325 0.1032 0.3268 1.0000 1.0000 1.0000 1.0000 0.0011 0.0034 0.0108 0.0338 0.1062 0.3338 1.0000 1.0000 1.0000 1.0000 0.0011 0.0034 0.0108 0.0340 0.1068 0.3357 1.0000 1.0000 1.0000 1.0000 0.0011 0.0035 0.0109 0.0342 0.1074 0.3376 1.0000 1.0000 1.0000 1.0000 0.0009 1.0000 1.0000 1.0000 1.0000 0.3376 0.1074 0.0342 0.0109 0.0035 0.0011 1.0000 1.0000 1.0000 1.0000 0.3357 0.1068 0.0340 0.0108 0.0034 0.0011 1.0000 1.0000 1.0000 1.0000 0.3338 0.1062 0.0338 0.0108 0.0034 0.0011 1.0000 1.0000 1.0000 1.0000 0.3268 0.1032 0.0325 0.0102 0.0032 0.0010 1.0000 1.0000 1.0000 0.9197 0.2888 0.0907 0.0285 0.0088 0.0030 0.0005
0.0015 0.0096 0.0278 0.0897 0.2850 0.9076 1.0000 1.0000 1.0000 0.0010 0.0032 0.0101 0.0322 0.1025 0.3256 1.0000 1.0000 1.0000 1.0000 0.0011 0.0035 0.0109 0.0343 0.1076 0.3382 1.0000 1.0000 1.0000 1.0000 0.0011 0.0035 0.0110 0.0345 0.1083 0.3402 1.0000 1.0000 1.0000 1.0000 0.0011 0.0035 0.0110 0.0347 0.1089 0.3421 1.0000 1.0000 1.0000 1.0000 0.0013 0.0029 0.0013 1.0000 1.0000 1.0000 1.0000 0.3421 0.1089 0.0347 0.0110 0.0035 0.0011 1.0000 1.0000 1.0000 1.0000 0.3402 0.1083 0.0345 0.0110 0.0035 0.0011 1.0000 1.0000 1.0000 1.0000 0.3382 0.1076 0.0343 0.0109 0.0035 0.0011 1.0000 1.0000 1.0000 1.0000 0.3256 0.1025 0.0322 0.0101 0.0032 0.0010 1.0000 1.0000 1.0000 0.9076 0.2850 0.0897 0.0278 0.0096 0.0015
0.0047 0.0301 0.0873 0.2818 0.8956 1.0000 1.0000 1.0000 0.0010 0.0031 0.0100 0.0319 0.1015 0.3225 1.0000 1.0000 1.0000 1.0000 0.0011 0.0035 0.0110 0.0347 0.1091 0.3428 1.0000 1.0000 1.0000 1.0000 0.0011 0.0035 0.0111 0.0349 0.1097 0.3447 1.0000 1.0000 1.0000 1.0000 0.0011 0.0036 0.0112 0.0351 0.1103 0.3467 1.0000 1.0000 1.0000 1.0000 0.0011 0.0041 0.0092 0.0041 0.0011 1.0000 1.0000 1.0000 1.0000 0.3467 0.1103 0.0351 0.0112 0.0036 0.0011 1.0000 1.0000 1.0000 1.0000 0.3447 0.1097 0.0349 0.0111 0.0035 0.0011 1.0000 1.0000 1.0000 1.0000 0.3428 0.1091 0.0347 0.0110 0.0035 0.0011 1.0000 1.0000 1.0000 1.0000 0.3225 0.1015 0.0319 0.0100 0.0031 0.0010 1.0000 1.0000 1.0000 0.8956 0.2818 0.0873 0.0301 0.0047
0.0148 0.0946 0.2749 0.8854 1.0000 1.0000 1.0000 0.0010 0.0031 0.0099 0.0314 0.1001 0.3189 1.0000 1.0000 1.0000 1.0000 0.0011 0.0035 0.0111 0.0350 0.1101 0.3467 1.0000 1.0000 1.0000 1.0000 0.0011 0.0036 0.0113 0.0354 0.1112 0.3493 1.0000 1.0000 1.0000 1.0000 0.0011 0.0036 0.0113 0.0356 0.1118 0.3513 1.0000 1.0000 1.0000 1.0000 0.0011 0.0036 0.0132 0.0294 0.0132 0.0036 0.0011 1.0000 1.0000 1.0000 1.0000 0.3513 0.1118 0.0356 0.0113 0.0036 0.0011 1.0000 1.0000 1.0000 1.0000 0.3493 0.1112 0.0354 0.0113 0.0036 0.0011 1.0000 1.0000 1.0000 1.0000 0.3467 0.1101 0.0350 0.0111 0.0035 0.0011 1.0000 1.0000 1.0000 1.0000 0.3189 0.1001 0.0314 0.0099 0.0031 0.0010 1.0000 1.0000 1.0000 0.8854 0.2749 0.0946 0.0148
0.0464 0.2972 0.8621 1.0000 1.0000 1.0000 0.0010 0.0031 0.0097 0.0310 0.0988 0.3146 1.0000 1.0000 1.0000 1.0000 0.0011 0.0035 0.0111 0.0351 0.1110 0.3500 1.0000 1.0000 1.0000 1.0000 0.0012 0.0036 0.0114 0.0359 0.1127 0.3540 1.0000 1.0000 1.0000 1.0000 0.0012 0.0037 0.0115 0.0361 0.1133 0.3561 1.0000 1.0000 1.0000 1.0000 0.0012 0.0037 0.0116 0.0419 0.0935 0.0419 0.0116 0.0037 0.0012 1.0000 1.0000 1.0000 1.0000 0.3561 0.1133 0.0361 0.0115 0.0037 0.0012 1.0000 1.0000 1.0000 1.0000 0.3540 0.1127 0.0359 0.0114 0.0036 0.0012 1.0000 1.0000 1.0000 1.0000 0.3500 0.1110 0.0351 0.0111 0.0035 0.0011 1.0000 1.0000 1.0000 1.0000 0.3146 0.0988 0.0310 0.0097 0.0031 0.0010 1.0000 1.0000 1.0000 0.8621 0.2972 0.0464
0.1457 0.9338 1.0000 1.0000 1.0000 0.0009 0.0030 0.0096 0.0306 0.0975 0.3105 0.9887 1.0000 1.0000 1.0000 0.0011 0.0035 0.0110 0.0350 0.1110 0.3513 1.0000 1.0000 1.0000 1.0000 0.0012 0.0037 0.0116 0.0363 0.1142 0.3588 1.0000 1.0000 1.0000 1.0000 0.0012 0.0037 0.0116 0.0365 0.1148 0.3608 1.0000 1.0000 1.0000 1.0000 0.0012 0.0037 0.0117 0.0369 0.1335 0.2978 0.1335 0.0369 0.0117 0.0037 0.0012 1.0000 1.0000 1.0000 1.0000 0.3608 0.1148 0.0365 0.0116 0.0037 0.0012 1.0000 1.0000 1.0000 1.0000 0.3588 0.1142 0.0363 0.0116 0.0037 0.0012 1.0000 1.0000 1.0000 1.0000 0.3513 0.1110 0.0350 0.0110 0.0035 0.0011 1.0000 1.0000 1.0000 0.9887 0.3105 0.0975 0.0306 0.0096 0.0030 0.0009 1.0000 1.0000 1.0000 0.9338 0.1457
0.4577 1.0000 1.0000 1.0000 0.0009 0.0030 0.0095 0.0302 0.0962 0.3064 0.9756 1.0000 1.0000 1.0000 0.0011 0.0034 0.0109 0.0347 0.1101 0.3500 1.0000 1.0000 1.0000 1.0000 0.0012 0.0037 0.0117 0.0368 0.1157 0.3636 1.0000 1.0000 1.0000 1.0000 0.0012 0.0038 0.0118 0.0370 0.1164 0.3657 1.0000 1.0000 1.0000 1.0000 0.0012 0.0038 0.0119 0.0371 0.1175 0.4249 0.9481 0.4249 0.1175 0.0371 0.0119 0.0038 0.0012 1.0000 1.0000 1.0000 1.0000 0.3657 0.1164 0.0370 0.0118 0.0038 0.0012 1.0000 1.0000 1.0000 1.0000 0.3636 0.1157 0.0368 0.0117 0.0037 0.0012 1.0000 1.0000 1.0000 1.0000 0.3500 0.1101 0.0347 0.0109 0.0034 0.0011 1.0000 1.0000 1.0000 0.9756 0.3064 0.0962 0.0302 0.0095 0.0030 0.0009 1.0000 1.0000 1.0000 0.4577
1.0000 1.0000 1.0000 0.0009 0.0029 0.0094 0.0298 0.0949 0.3023 0.9627 1.0000 1.0000 1.0000 0.0011 0.0034 0.0108 0.0343 0.1091 0.3467 1.0000 1.0000 1.0000 1.0000 0.0012 0.0038 0.0118 0.0372 0.1173 0.3685 1.0000 1.0000 1.0000 1.0000 0.0012 0.0038 0.0119 0.0375 0.1179 0.3706 1.0000 1.0000 1.0000 1.0000 0.0012 0.0038 0.0120 0.0377 0.1182 0.3741 1.0000 1.0000 1.0000 0.3741 0.1182 0.0377 0.0120 0.0038 0.0012 1.0000 1.0000 1.0000 1.0000 0.3706 0.1179 0.0375 0.0119 0.0038 0.0012 1.0000 1.0000 1.0000 1.0000 0.3685 0.1173 0.0372 0.0119 0.0038 0.0012 1.0000 1.0000 1.0000 1.0000 0.3467 0.1091 0.0343 0.0108 0.0034 0.0011 1.0000 1.0000 1.0000 0.9627 0.3023 0.0949 0.0298 0.0094 0.0029 0.0009 1.0000 1.0000 1.0000
1.0000 1.0000 0.0009 0.0029 0.0092 0.0294 0.0937 0.2983 0.9499 1.0000 1.0000 1.0000 0.0010 0.0033 0.0106 0.0338 0.1076 0.3428 1.0000 1.0000 1.0000 1.0000 0.0012 0.0038 0.0119 0.0376 0.1184 0.3727 1.0000 1.0000 1.0000 1.0000 0.0012 0.0039 0.0121 0.0380 0.1195 0.3755 1.0000 1.0000 1.0000 1.0000 0.0012 0.0039 0.0122 0.0383 0.1202 0.3762 1.0000 1.0000 1.0000 1.0000 1.0000 0.3762 0.1202 0.0383 0.0122 0.0039 0.0012 1.0000 1.0000 1.0000 1.0000 0.3755 0.1195 0.0380 0.0121 0.0039 0.0012 1.0000 1.0000 1.0000 1.0000 0.3727 0.1184 0.0375 0.0119 0.0038 0.0012 1.0000 1.0000 1.0000 1.0000 0.3428 0.1076 0.0338 0.0106 0.0033 0.0010 1.0000 1.0000 1.0000 0.9499 0.2983 0.0937 0.0294 0.0092 0.0029 0.0009 1.0000 1.0000
1.0000 0.0010 0.0028 0.0091 0.0290 0.0925 0.2944 0.9374 1.0000 1.0000 1.0000 0.0010 0.0033 0.0105 0.0334 0.1062 0.3382 1.0000 1.0000 1.0000 1.0000 0.0012 0.0038 0.0119 0.0377 0.1193 0.3762 1.0000 1.0000 1.0000 1.0000 0.0012 0.0039 0.0123 0.0385 0.1211 0.3806 1.0000 1.0000 1.0000 1.0000 0.0012 0.0039 0.0123 0.0388 0.1218 0.3827 1.0000 1.0000 1.0000 1.0000 1.0000 1.0000 1.0000 0.3827 0.1218 0.0388 0.0123 0.0039 0.0012 1.0000 1.0000 1.0000 1.0000 0.3806 0.1211 0.0385 0.0123 0.0039 0.0012 1.0000 1.0000 1.0000 1.0000 0.3755 0.1191 0.0377 0.0119 0.0038 0.0012 1.0000 1.0000 1.0000 1.0000 0.3382 0.1062 0.0334 0.0105 0.0033 0.0010 1.0000 1.0000 1.0000 0.9374 0.2944 0.0925 0.0290 0.0091 0.0028 0.0010 1.0000
0.0005 0.0031 0.0089 0.0287 0.0912 0.2905 0.9250 1.0000 1.0000 1.0000 0.0010 0.0032 0.0103 0.0329 0.1048 0.3338 1.0000 1.0000 1.0000 1.0000 0.0012 0.0037 0.0118 0.0376 0.1193 0.3770 1.0000 1.0000 1.0000 1.0000 0.0013 0.0040 0.0124 0.0391 0.1227 0.3857 1.0000 1.0000 1.0000 1.0000 0.0013 0.0040 0.0125 0.0393 0.1234 0.3879 1.0000 1.0000 1.0000 1.0000 0.0010 1.0000 1.0000 1.0000 1.0000 0.3879 0.1234 0.0393 0.0125 0.0040 0.0013 1.0000 1.0000 1.0000 1.0000 0.3857 0.1227 0.0391 0.0124 0.0040 0.0013 1.0000 1.0000 1.0000 1.0000 0.3770 0.1191 0.0375 0.0119 0.0037 0.0012 1.0000 1.0000 1.0000 1.0000 0.3338 0.1048 0.0329 0.0103 0.0032 0.0010 1.0000 1.0000 1.0000 0.9250 0.2905 0.0912 0.0287 0.0089 0.0031 0.0005
0.0015 0.0096 0.0280 0.0902 0.2867 0.9128 1.0000 1.0000 1.0000 0.0010 0.0032 0.0102 0.0325 0.1034 0.3293 1.0000 1.0000 1.0000 1.0000 0.0012 0.0037 0.0117 0.0372 0.1186 0.3755 1.0000 1.0000 1.0000 1.0000 0.0013 0.0040 0.0126 0.0396 0.1244 0.3908 1.0000 1.0000 1.0000 1.0000 0.0013 0.0040 0.0127 0.0398 0.1251 0.3931 1.0000 1.0000 1.0000 1.0000 0.0015 0.0033 0.0015 1.0000 1.0000 1.0000 1.0000 0.3931 0.1251 0.0398 0.0127 0.0040 0.0013 1.0000 1.0000 1.0000 1.0000 0.3908 0.1244 0.0396 0.0126 0.0040 0.0013 1.0000 1.0000 1.0000 1.0000 0.3755 0.1184 0.0372 0.0117 0.0037 0.0012 1.0000 1.0000 1.0000 1.0000 0.3293 0.1034 0.0325 0.0102 0.0032 0.0010 1.0000 1.0000 1.0000 0.9128 0.2867 0.0902 0.0280 0.0096 0.0015
0.0047 0.0303 0.0880 0.2834 0.9007 1.0000 1.0000 1.0000 0.0010 0.0032 0.0101 0.0321 0.1021 0.3250 1.0000 1.0000 1.0000 1.0000 0.0011 0.0036 0.0116 0.0368 0.1173 0.3727 1.0000 1.0000 1.0000 1.0000 0.0013 0.0040 0.0127 0.0400 0.1261 0.3961 1.0000 1.0000 1.0000 1.0000 0.0013 0.0041 0.0128 0.0403 0.1268 0.3983 1.0000 1.0000 1.0000 1.0000 0.0013 0.0047 0.0106 0.0047 0.0013 1.0000 1.0000 1.0000 1.0000 0.3983 0.1268 0.0403 0.0128 0.0041 0.0013 1.0000 1.0000 1.0000 1.0000 0.3961 0.1261 0.0400 0.0127 0.0040 0.0013 1.0000 1.0000 1.0000 1.0000 0.3727 0.1173 0.0368 0.0116 0.0036 0.0011 1.0000 1.0000 1.0000 1.0000 0.3250 0.1021 0.0321 0.0101 0.0032 0.0010 1.0000 1.0000 1.0000 0.9007 0.2834 0.0880 0.0303 0.0047
0.0148 0.0951 0.2760 0.8905 1.0000 1.0000 1.0000 0.0010 0.0031 0.0099 0.0316 0.1007 0.3207 1.0000 1.0000 1.0000 1.0000 0.0011 0.0036 0.0114 0.0363 0.1157 0.3685 1.0000 1.0000 1.0000 1.0000 0.0013 0.0040 0.0128 0.0403 0.1273 0.4006 1.0000 1.0000 1.0000 1.0000 0.0013 0.0041 0.0130 0.0409 0.1285 0.4037 1.0000 1.0000 1.0000 1.0000 0.0013 0.0042 0.0151 0.0337 0.0151 0.0042 0.0013 1.0000 1.0000 1.0000 1.0000 0.4037 0.1285 0.0409 0.0130 0.0041 0.0013 1.0000 1.0000 1.0000 1.0000 0.4006 0.1273 0.0403 0.0128 0.0040 0.0013 1.0000 1.0000 1.0000 1.0000 0.3685 0.1157 0.0363 0.0114 0.0036 0.0011 1.0000 1.0000 1.0000 1.0000 0.3207 0.1007 0.0316 0.0099 0.0031 0.0010 1.0000 1.0000 1.0000 0.8905 0.2760 0.0951 0.0148
0.0466 0.2989 0.8687 1.0000 1.0000 1.0000 0.0010 0.0031 0.0098 0.0312 0.0994 0.3164 1.0000 1.0000 1.0000 1.0000 0.0011 0.0035 0.0113 0.0359 0.1142 0.3636 1.0000 1.0000 1.0000 1.0000 0.0013 0.0040 0.0128 0.0405 0.1280 0.4037 1.0000 1.0000 1.0000 1.0000 0.0013 0.0042 0.0132 0.0414 0.1302 0.4091 1.0000 1.0000 1.0000 1.0000 0.0013 0.0042 0.0133 0.0482 0.1074 0.0482 0.0133 0.0042 0.0013 1.0000 1.0000 1.0000 1.0000 0.4091 0.1302 0.0414 0.0132 0.0042 0.0013 1.0000 1.0000 1.0000 1.0000 0.4037 0.1280 0.0405 0.0128 0.0040 0.0013 1.0000 1.0000 1.0000 1.0000 0.3636 0.1142 0.0359 0.0113 0.0035 0.0011 1.0000 1.0000 1.0000 1.0000 0.3164 0.0994 0.0312 0.0098 0.0031 0.0010 1.0000 1.0000 1.0000 0.8687 0.2989 0.0466
0.1465 0.9392 1.0000 1.0000 1.0000 0.0010 0.0030 0.0097 0.0308 0.0981 0.3123 0.9943 1.0000 1.0000 1.0000 0.0011 0.0035 0.0111 0.0354 0.1127 0.3588 1.0000 1.0000 1.0000 1.0000 0.0013 0.0040 0.0127 0.0403 0.1280 0.4052 1.0000 1.0000 1.0000 1.0000 0.0014 0.0043 0.0134 0.0420 0.1319 0.4146 1.0000 1.0000 1.0000 1.0000 0.0014 0.0043 0.0134 0.0424 0.1533 0.3421 0.1533 0.0424 0.0134 0.0043 0.0014 1.0000 1.0000 1.0000 1.0000 0.4146 0.1319 0.0420 0.0134 0.0043 0.0014 1.0000 1.0000 1.0000 1.0000 0.4052 0.1280 0.0403 0.0127 0.0040 0.0013 1.0000 1.0000 1.0000 1.0000 0.3588 0.1127 0.0354 0.0111 0.0035 0.0011 1.0000 1.0000 1.0000 0.9943 0.3123 0.0981 0.0308 0.0097 0.0030 0.0010 1.0000 1.0000 1.0000 0.9392 0.1465
0.4603 1.0000 1.0000 1.0000 0.0009 0.0030 0.0095 0.0304 0.0968 0.3081 0.9812 1.0000 1.0000 1.0000 0.0011 0.0034 0.0110 0.0349 0.1112 0.3540 1.0000 1.0000 1.0000 1.0000 0.0012 0.0040 0.0126 0.0400 0.1273 0.4037 1.0000 1.0000 1.0000 1.0000 0.0014 0.0043 0.0135 0.0426 0.1337 0.4201 1.0000 1.0000 1.0000 1.0000 0.0014 0.0043 0.0136 0.0426 0.1350 0.4882 1.0000 0.4882 0.1350 0.0426 0.0136 0.0043 0.0014 1.0000 1.0000 1.0000 1.0000 0.4201 0.1337 0.0426 0.0135 0.0043 0.0014 1.0000 1.0000 1.0000 1.0000 0.4037 0.1273 0.0400 0.0126 0.0040 0.0012 1.0000 1.0000 1.0000 1.0000 0.3540 0.1112 0.0349 0.0110 0.0034 0.0011 1.0000 1.0000 1.0000 0.9812 0.3081 0.0968 0.0304 0.0095 0.0030 0.0009 1.0000 1.0000 1.0000 0.4603
1.0000 1.0000 1.0000 0.0009 0.0030 0.0094 0.0300 0.0955 0.3041 0.9682 1.0000 1.0000 1.0000 0.0011 0.0034 0.0108 0.0345 0.1097 0.3493 1.0000 1.0000 1.0000 1.0000 0.0012 0.0039 0.0124 0.0396 0.1261 0.4006 1.0000 1.0000 1.0000 1.0000 0.0014 0.0043 0.0137 0.0430 0.1355 0.4257 1.0000 1.0000 1.0000 1.0000 0.0014 0.0044 0.0138 0.0434 0.1358 0.4298 1.0000 1.0000 1.0000 0.4298 0.1358 0.0434 0.0138 0.0044 0.0014 1.0000 1.0000 1.0000 1.0000 0.4257 0.1355 0.0430 0.0137 0.0043 0.0014 1.0000 1.0000 1.0000 1.0000 0.4006 0.1261 0.0396 0.0124 0.0039 0.0012 1.0000 1.0000 1.0000 1.0000 0.3493 0.1097 0.0345 0.0108 0.0034 0.0011 1.0000 1.0000 1.0000 0.9682 0.3041 0.0955 0.0300 0.0094 0.0030 0.0009 1.0000 1.0000 1.0000
1.0000 1.0000 0.0009 0.0029 0.0093 0.0296 0.0942 0.3000 0.9554 1.0000 1.0000 1.0000 0.0011 0.0034 0.0107 0.0340 0.1083 0.3447 1.0000 1.0000 1.0000 1.0000 0.0012 0.0039 0.0123 0.0391 0.1244 0.3961 1.0000 1.0000 1.0000 1.0000 0.0014 0.0044 0.0138 0.0434 0.1368 0.4306 1.0000 1.0000 1.0000 1.0000 0.0014 0.0045 0.0140 0.0440 0.1381 0.4323 1.0000 1.0000 1.0000 1.0000 1.0000 0.4323 0.1381 0.0440 0.0140 0.0045 0.0014 1.0000 1.0000 1.0000 1.0000 0.4306 0.1368 0.0434 0.0138 0.0044 0.0014 1.0000 1.0000 1.0000 1.0000 0.3961 0.1244 0.0391 0.0123 0.0039 0.0012 1.0000 1.0000 1.0000 1.0000 0.3447 0.1083 0.0340 0.0107 0.0034 0.0011 1.0000 1.0000 1.0000 0.9554 0.3000 0.0942 0.0296 0.0093 0.0029 0.0009 1.0000 1.0000
1.0000 0.0010 0.0028 0.0092 0.0292 0.0930 0.2961 0.9427 1.0000 1.0000 1.0000 0.0010 0.0033 0.0105 0.0335 0.1068 0.3402 1.0000 1.0000 1.0000 1.0000 0.0012 0.0038 0.0121 0.0385 0.1227 0.3908 1.0000 1.0000 1.0000 1.0000 0.0014 0.0043 0.0138 0.0435 0.1376 0.4339 1.0000 1.0000 1.0000 1.0000 0.0014 0.0045 0.0142 0.0445 0.1400 0.4397 1.0000 1.0000 1.0000 1.0000 1.0000 1.0000 1.0000 0.4397 0.1400 0.0445 0.0142 0.0045 0.0014 1.0000 1.0000 1.0000 1.0000 0.4339 0.1376 0.0435 0.0138 0.0043 0.0014 1.0000 1.0000 1.0000 1.0000 0.3908 0.1227 0.0385 0.0121 0.0038 0.0012 1.0000 1.0000 1.0000 1.0000 0.3402 0.1068 0.0335 0.0105 0.0033 0.0010 1.0000 1.0000 1.0000 0.9427 0.2961 0.0930 0.0292 0.0092 0.0028 0.0010 1.0000
0.0005 0.0031 0.0090 0.0289 0.0918 0.2922 0.9303 1.0000 1.0000 1.0000 0.0010 0.0033 0.0104 0.0331 0.1054 0.3357 1.0000 1.0000 1.0000 1.0000 0.0012 0.0038 0.0119 0.0380 0.1211 0.3857 1.0000 1.0000 1.0000 1.0000 0.0014 0.0043 0.0137 0.0434 0.1376 0.4356 1.0000 1.0000 1.0000 1.0000 0.0015 0.0046 0.0144 0.0451 0.1418 0.4456 1.0000 1.0000 1.0000 1.0000 0.0012 1.0000 1.0000 1.0000 1.0000 0.4456 0.1418 0.0451 0.0144 0.0046 0.0015 1.0000 1.0000 1.0000 1.0000 0.4356 0.1376 0.0434 0.0137 0.0043 0.0014 1.0000 1.0000 1.0000 1.0000 0.3857 0.1211 0.0380 0.0119 0.0038 0.0012 1.0000 1.0000 1.0000 1.0000 0.3357 0.1054 0.0331 0.0104 0.0033 0.0010 1.0000 1.0000 1.0000 0.9303 0.2922 0.0918 0.0289 0.0090 0.0031 0.0005
0.0015 0.0097 0.0281 0.0907 0.2883 0.9180 1.0000 1.0000 1.0000 0.0010 0.0032 0.0103 0.0327 0.1040 0.3312 1.0000 1.0000 1.0000 1.0000 0.0012 0.0037 0.0118 0.0375 0.1195 0.3806 1.0000 1.0000 1.0000 1.0000 0.0013 0.0043 0.0135 0.0430 0.1368 0.4339 1.0000 1.0000 1.0000 1.0000 0.0015 0.0046 0.0146 0.0457 0.1437 0.4516 1.0000 1.0000 1.0000 1.0000 0.0017 0.0038 0.0017 1.0000 1.0000 1.0000 1.0000 0.4516 0.1437 0.0457 0.0146 0.0046 0.0015 1.0000 1.0000 1.0000 1.0000 0.4339 0.1368 0.0430 0.0135 0.0043 0.0013 1.0000 1.0000 1.0000 1.0000 0.3806 0.1195 0.0375 0.0118 0.0037 0.0012 1.0000 1.0000 1.0000 1.0000 0.3312 0.1040 0.0327 0.0103 0.0032 0.0010 1.0000 1.0000 1.0000 0.9180 0.2883 0.0907 0.0281 0.0097 0.0015
0.0047 0.0304 0.0885 0.2850 0.9058 1.0000 1.0000 1.0000 0.0010 0.0032 0.0101 0.0322 0.1026 0.3268 1.0000 1.0000 1.0000 1.0000 0.0011 0.0037 0.0116 0.0370 0.1179 0.3755 1.0000 1.0000 1.0000 1.0000 0.0013 0.0042 0.0134 0.0426 0.1355 0.4306 1.0000 1.0000 1.0000 1.0000 0.0015 0.0047 0.0147 0.0463 0.1457 0.4577 1.0000 1.0000 1.0000 1.0000 0.0015 0.0055 0.0122 0.0055 0.0015 1.0000 1.0000 1.0000 1.0000 0.4577 0.1457 0.0463 0.0147 0.0047 0.0015 1.0000 1.0000 1.0000 1.0000 0.4306 0.1355 0.0426 0.0134 0.0042 0.0013 1.0000 1.0000 1.0000 1.0000 0.3755 0.1179 0.0370 0.0116 0.0037 0.0011 1.0000 1.0000 1.0000 1.0000 0.3268 0.1026 0.0322 0.0101 0.0032 0.0010 1.0000 1.0000 1.0000 0.9058 0.2850 0.0885 0.0304 0.0047
0.0149 0.0957 0.2775 0.8956 1.0000 1.0000 1.0000 0.0010 0.0031 0.0100 0.0318 0.1013 0.3225 1.0000 1.0000 1.0000 1.0000 0.0011 0.0036 0.0115 0.0365 0.1164 0.3706 1.0000 1.0000 1.0000 1.0000 0.0013 0.0041 0.0132 0.0420 0.1337 0.4257 1.0000 1.0000 1.0000 1.0000 0.0015 0.0047 0.0148 0.0466 0.1470 0.4629 1.0000 1.0000 1.0000 1.0000 0.0015 0.0048 0.0174 0.0388 0.0174 0.0048 0.0015 1.0000 1.0000 1.0000 1.0000 0.4629 0.1470 0.0466 0.0148 0.0047 0.0015 1.0000 1.0000 1.0000 1.0000 0.4257 0.1337 0.0420 0.0132 0.0041 0.0013 1.0000 1.0000 1.0000 1.0000 0.3706 0.1164 0.0365 0.0115 0.0036 0.0011 1.0000 1.0000 1.0000 1.0000 0.3225 0.1013 0.0318 0.0100 0.0031 0.0010 1.0000 1.0000 1.0000 0.8956 0.2775 0.0957 0.0149
0.0469 0.3006 0.8737 1.0000 1.0000 1.0000 0.0010 0.0031 0.0099 0.0314 0.0999 0.3183 1.0000 1.0000 1.0000 1.0000 0.0011 0.0036 0.0113 0.0361 0.1148 0.3657 1.0000 1.0000 1.0000 1.0000 0.0013 0.0041 0.0130 0.0414 0.1319 0.4201 1.0000 1.0000 1.0000 1.0000 0.0015 0.0047 0.0148 0.0468 0.1479 0.4664 1.0000 1.0000 1.0000 1.0000 0.0015 0.0048 0.0153 0.0553 0.1234 0.0553 0.0153 0.0048 0.0015 1.0000 1.0000 1.0000 1.0000 0.4664 0.1479 0.0468 0.0148 0.0047 0.0015 1.0000 1.0000 1.0000 1.0000 0.4201 0.1319 0.0414 0.0130 0.0041 0.0013 1.0000 1.0000 1.0000 1.0000 0.3657 0.1148 0.0361 0.0113 0.0036 0.0011 1.0000 1.0000 1.0000 1.0000 0.3183 0.0999 0.0314 0.0099 0.0031 0.0010 1.0000 1.0000 1.0000 0.8737 0.3006 0.0469
0.1473 0.9445 1.0000 1.0000 1.0000 0.0010 0.0031 0.0097 0.0310 0.0986 0.3141 1.0000 1.0000 1.0000 1.0000 0.0011 0.0035 0.0112 0.0356 0.1133 0.3608 1.0000 1.0000 1.0000 1.0000 0.0013 0.0040 0.0128 0.0409 0.1302 0.4146 1.0000 1.0000 1.0000 1.0000 0.0015 0.0046 0.0147 0.0466 0.1479 0.4682 1.0000 1.0000 1.0000 1.0000 0.0016 0.0049 0.0154 0.0487 0.1762 0.3931 0.1762 0.0487 0.0154 0.0049 0.0016 1.0000 1.0000 1.0000 1.0000 0.4682 0.1479 0.0466 0.0147 0.0046 0.0015 1.0000 1.0000 1.0000 1.0000 0.4146 0.1302 0.0409 0.0128 0.0040 0.0013 1.0000 1.0000 1.0000 1.0000 0.3608 0.1133 0.0356 0.0112 0.0035 0.0011 1.0000 1.0000 1.0000 1.0000 0.3141 0.0986 0.0310 0.0097 0.0031 0.0010 1.0000 1.0000 1.0000 0.9445 0.1473
0.4629 1.0000 1.0000 1.0000 0.0009 0.0030 0.0096 0.0306 0.0973 0.3099 0.9868 1.0000 1.0000 1.0000 0.0011 0.0035 0.0110 0.0351 0.1118 0.3561 1.0000 1.0000 1.0000 1.0000 0.0012 0.0040 0.0127 0.0403 0.1285 0.4091 1.0000 1.0000 1.0000 1.0000 0.0014 0.0046 0.0146 0.0463 0.1470 0.4664 1.0000 1.0000 1.0000 1.0000 0.0016 0.0050 0.0156 0.0491 0.1548 0.5609 1.0000 0.5609 0.1548 0.0491 0.0156 0.0050 0.0016 1.0000 1.0000 1.0000 1.0000 0.4664 0.1470 0.0463 0.0146 0.0046 0.0014 1.0000 1.0000 1.0000 1.0000 0.4091 0.1285 0.0403 0.0127 0.0040 0.0012 1.0000 1.0000 1.0000 1.0000 0.3561 0.1118 0.0351 0.0110 0.0035 0.0011 1.0000 1.0000 1.0000 0.9868 0.3099 0.0973 0.0306 0.0096 0.0030 0.0009 1.0000 1.0000 1.0000 0.4629
1.0000 1.0000 1.0000 0.0009 0.0030 0.0095 0.0302 0.0960 0.3058 0.9737 1.0000 1.0000 1.0000 0.0011 0.0034 0.0109 0.0347 0.1103 0.3513 1.0000 1.0000 1.0000 1.0000 0.0012 0.0039 0.0125 0.0398 0.1268 0.4037 1.0000 1.0000 1.0000 1.0000 0.0014 0.0045 0.0144 0.0457 0.1457 0.4629 1.0000 1.0000 1.0000 1.0000 0.0016 0.0050 0.0158 0.0498 0.1560 0.4929 1.0000 1.0000 1.0000 0.4929 0.1560 0.0498 0.0158 0.0050 0.0016 1.0000 1.0000 1.0000 1.0000 0.4629 0.1457 0.0457 0.0144 0.0045 0.0014 1.0000 1.0000 1.0000 1.0000 0.4037 0.1268 0.0398 0.0125 0.0039 0.0012 1.0000 1.0000 1.0000 1.0000 0.3513 0.1103 0.0347 0.0109 0.0034 0.0011 1.0000 1.0000 1.0000 0.9737 0.3058 0.0960 0.0302 0.0095 0.0030 0.0009 1.0000 1.0000 1.0000
1.0000 1.0000 0.0009 0.0029 0.0093 0.0298 0.0948 0.3018 0.9608 1.0000 1.0000 1.0000 0.0011 0.0034 0.0107 0.0342 0.1089 0.3467 1.0000 1.0000 1.0000 1.0000 0.0012 0.0039 0.0123 0.0393 0.1251 0.3983 1.0000 1.0000 1.0000 1.0000 0.0014 0.0045 0.0142 0.0451 0.1437 0.4577 1.0000 1.0000 1.0000 1.0000 0.0016 0.0050 0.0159 0.0501 0.1581 0.4957 1.0000 1.0000 1.0000 1.0000 1.0000 0.4957 0.1581 0.0501 0.0159 0.0050 0.0016 1.0000 1.0000 1.0000 1.0000 0.4577 0.1437 0.0451 0.0142 0.0045 0.0014 1.0000 1.0000 1.0000 1.0000 0.3983 0.1251 0.0393 0.0123 0.0039 0.0012 1.0000 1.0000 1.0000 1.0000 0.3467 0.1089 0.0342 0.0107 0.0034 0.0011 1.0000 1.0000 1.0000 0.9608 0.3018 0.0948 0.0298 0.0093 0.0029 0.0009 1.0000 1.0000
1.0000 0.0010 0.0029 0.0092 0.0294 0.0935 0.2978 0.9481 1.0000 1.0000 1.0000 0.0010 0.0033 0.0106 0.0337 0.1074 0.3421 1.0000 1.0000 1.0000 1.0000 0.0012 0.0038 0.0122 0.0388 0.1234 0.3931 1.0000 1.0000 1.0000 1.0000 0.0014 0.0044 0.0140 0.0445 0.1418 0.4516 1.0000 1.0000 1.0000 1.0000 0.0016 0.0050 0.0159 0.0503 0.1590 0.5024 1.0000 1.0000 1.0000 1.0000 1.0000 1.0000 1.0000 0.5024 0.1590 0.0503 0.0159 0.0050 0.0016 1.0000 1.0000 1.0000 1.0000 0.4516 0.1418 0.0445 0.0140 0.0044 0.0014 1.0000 1.0000 1.0000 1.0000 0.3931 0.1234 0.0388 0.0122 0.0038 0.0012 1.0000 1.0000 1.0000 1.0000 0.3421 0.1074 0.0337 0.0106 0.0033 0.0010 1.0000 1.0000 1.0000 0.9481 0.2978 0.0935 0.0294 0.0092 0.0029 0.0010 1.0000
0.0005 0.0031 0.0090 0.0290 0.0923 0.2938 0.9356 1.0000 1.0000 1.0000 0.0010 0.0033 0.0105 0.0333 0.1060 0.3376 1.0000 1.0000 1.0000 1.0000 0.0012 0.0038 0.0120 0.0383 0.1218 0.3879 1.0000 1.0000 1.0000 1.0000 0.0014 0.0043 0.0138 0.0440 0.1400 0.4456 1.0000 1.0000 1.0000 1.0000 0.0016 0.0050 0.0158 0.0501 0.1590 0.5033 1.0000 1.0000 1.0000 1.0000 0.0014 1.0000 1.0000 1.0000 1.0000 0.5033 0.1590 0.0501 0.0158 0.0050 0.0016 1.0000 1.0000 1.0000 1.0000 0.4456 0.1400 0.0440 0.0138 0.0043 0.0014 1.0000 1.0000 1.0000 1.0000 0.3879 0.1218 0.0383 0.0120 0.0038 0.0012 1.0000 1.0000 1.0000 1.0000 0.3376 0.1060 0.0333 0.0105 0.0033 0.0010 1.0000 1.0000 1.0000 0.9356 0.2938 0.0923 0.0290 0.0090 0.0031 0.0005
0.0015 0.0097 0.0283 0.0912 0.2899 0.9232 1.0000 1.0000 1.0000 0.0010 0.0032 0.0103 0.0329 0.1046 0.3331 1.0000 1.0000 1.0000 1.0000 0.0012 0.0037 0.0119 0.0377 0.1202 0.3827 1.0000 1.0000 1.0000 1.0000 0.0013 0.0043 0.0136 0.0434 0.1381 0.4397 1.0000 1.0000 1.0000 1.0000 0.0015 0.0049 0.0156 0.0497 0.1581 0.5014 1.0000 1.0000 1.0000 1.0000 0.0020 0.0044 0.0020 1.0000 1.0000 1.0000 1.0000 0.5024 0.1581 0.0498 0.0156 0.0049 0.0015 1.0000 1.0000 1.0000 1.0000 0.4397 0.1381 0.0434 0.0136 0.0043 0.0013 1.0000 1.0000 1.0000 1.0000 0.3827 0.1202 0.0377 0.0119 0.0037 0.0012 1.0000 1.0000 1.0000 1.0000 0.3331 0.1046 0.0329 0.0103 0.0032 0.0010 1.0000 1.0000 1.0000 0.9232 0.2899 0.0912 0.0283 0.0097 0.0015
0.0048 0.0306 0.0888 0.2867 0.9110 1.0000 1.0000 1.0000 0.0010 0.0032 0.0102 0.0324 0.1032 0.3287 1.0000 1.0000 1.0000 1.0000 0.0012 0.0037 0.0117 0.0372 0.1186 0.3777 1.0000 1.0000 1.0000 1.0000 0.0013 0.0042 0.0134 0.0428 0.1363 0.4339 1.0000 1.0000 1.0000 1.0000 0.0015 0.0048 0.0154 0.0492 0.1566 0.4976 1.0000 1.0000 1.0000 1.0000 0.0017 0.0062 0.0138 0.0062 0.0017 1.0000 1.0000 1.0000 1.0000 0.4957 0.1560 0.0491 0.0154 0.0048 0.0015 1.0000 1.0000 1.0000 1.0000 0.4323 0.1358 0.0426 0.0134 0.0042 0.0013 1.0000 1.0000 1.0000 1.0000 0.3762 0.1182 0.0371 0.0117 0.0037 0.0011 1.0000 1.0000 1.0000 1.0000 0.3275 0.1028 0.0323 0.0101 0.0032 0.0010 1.0000 1.0000 1.0000 0.9076 0.2856 0.0885 0.0304 0.0048
0.0150 0.0962 0.2797 0.9007 1.0000 1.0000 1.0000 0.0010 0.0032 0.0100 0.0320 0.1019 0.3244 1.0000 1.0000 1.0000 1.0000 0.0011 0.0036 0.0115 0.0368 0.1170 0.3727 1.0000 1.0000 1.0000 1.0000 0.0013 0.0042 0.0133 0.0422 0.1345 0.4282 1.0000 1.0000 1.0000 1.0000 0.0015 0.0048 0.0152 0.0485 0.1545 0.4920 1.0000 1.0000 1.0000 1.0000 0.0017 0.0054 0.0195 0.0440 0.0198 0.0054 0.0017 1.0000 1.0000 1.0000 1.0000 0.4929 0.1548 0.0487 0.0153 0.0048 0.0015 1.0000 1.0000 1.0000 1.0000 0.4298 0.1350 0.0424 0.0133 0.0042 0.0013 1.0000 1.0000 1.0000 1.0000 0.3741 0.1175 0.0369 0.0116 0.0036 0.0011 1.0000 1.0000 1.0000 1.0000 0.3256 0.1023 0.0321 0.0101 0.0032 0.0010 1.0000 1.0000 1.0000 0.9024 0.2807 0.0966 0.0152
0.0472 0.3023 0.8770 1.0000 1.0000 1.0000 0.0010 0.0031 0.0099 0.0316 0.1005 0.3201 1.0000 1.0000 1.0000 1.0000 0.0011 0.0036 0.0114 0.0363 0.1155 0.3678 1.0000 1.0000 1.0000 1.0000 0.0013 0.0041 0.0131 0.0417 0.1327 0.4225 1.0000 1.0000 1.0000 1.0000 0.0015 0.0047 0.0150 0.0479 0.1525 0.4854 1.0000 1.0000 1.0000 1.0000 0.0017 0.0054 0.0170 0.0617 0.1482 0.0754 0.0202 0.0062 0.0020 1.0000 1.0000 1.0000 1.0000 0.5609 0.1762 0.0553 0.0174 0.0055 0.0017 1.0000 1.0000 1.0000 1.0000 0.4882 0.1533 0.0482 0.0151 0.0047 0.0015 1.0000 1.0000 1.0000 1.0000 0.4249 0.1335 0.0419 0.0132 0.0041 0.0013 1.0000 1.0000 1.0000 1.0000 0.3699 0.1162 0.0365 0.0115 0.0036 0.0011 1.0000 1.0000 1.0000 1.0000 0.3513 0.0550
0.1482 0.9499 1.0000 1.0000 1.0000 0.0010 0.0031 0.0098 0.0312 0.0992 0.3158 1.0000 1.0000 1.0000 1.0000 0.0011 0.0035 0.0112 0.0358 0.1140 0.3629 1.0000 1.0000 1.0000 1.0000 0.0013 0.0041 0.0129 0.0411 0.1309 0.4169 1.0000 1.0000 1.0000 1.0000 0.0015 0.0047 0.0148 0.0472 0.1504 0.4790 1.0000 1.0000 1.0000 1.0000 0.0017 0.0054 0.0168 0.0533 0.2209 0.4177 0.1040 0.0437 0.0142 0.0044 0.0014 1.0000 1.0000 1.0000 1.0000 0.3931 0.1234 0.0388 0.0122 0.0038 0.0012 1.0000 1.0000 1.0000 1.0000 0.3421 0.1074 0.0337 0.0106 0.0033 0.0010 1.0000 1.0000 1.0000 0.9481 0.2978 0.0935 0.0294 0.0092 0.0029 0.0009 1.0000 1.0000 1.0000 0.8252 0.2592 0.0814 0.0256 0.0080 0.0025 0.0008 1.0000 1.0000 1.0000 0.7929 0.1309
0.4656 1.0000 1.0000 1.0000 0.0010 0.0030 0.0097 0.0307 0.0979 0.3117 0.9924 1.0000 1.0000 1.0000 0.0011 0.0035 0.0111 0.0353 0.1125 0.3581 1.0000 1.0000 1.0000 1.0000 0.0013 0.0040 0.0127 0.0406 0.1292 0.4114 1.0000 1.0000 1.0000 1.0000 0.0014 0.0046 0.0146 0.0466 0.1484 0.4727 1.0000 1.0000 1.0000 1.0000 0.0017 0.0053 0.0168 0.0529 0.1789 0.6759 0.2176 0.0139 0.0184 0.0065 0.0020 1.0000 1.0000 1.0000 1.0000 0.5609 0.1762 0.0553 0.0174 0.0055 0.0017 1.0000 1.0000 1.0000 1.0000 0.4882 0.1533 0.0482 0.0151 0.0047 0.0015 1.0000 1.0000 1.0000 1.0000 0.4249 0.1335 0.0419 0.0132 0.0041 0.0013 1.0000 1.0000 1.0000 1.0000 0.3699 0.1162 0.0365 0.0115 0.0036 0.0011 1.0000 1.0000 1.0000 1.0000 0.3513 0.0550
1.0000 1.0000 1.0000 0.0009 0.0030 0.0095 0.0302 0.0962 0.3064 0.9756 1.0000 1.0000 1.0000 0.0011 0.0034 0.0109 0.0347 0.1105 0.3520 1.0000 1.0000 1.0000 1.0000 0.0012 0.0039 0.0125 0.0399 0.1270 0.4044 1.0000 1.0000 1.0000 1.0000 0.0014 0.0045 0.0144 0.0458 0.1459 0.4647 1.0000 1.0000 1.0000 1.0000 0.0016 0.0052 0.0165 0.0527 0.1664 0.5514 1.0000 1.0000 0.0009 0.0052 0.0020 1.0000 1.0000 1.0000 1.0000 0.4929 0.1548 0.0487 0.0153 0.0048 0.0015 1.0000 1.0000 1.0000 1.0000 0.4298 0.1350 0.0424 0.0133 0.0042 0.0013 1.0000 1.0000 1.0000 1.0000 0.3741 0.1175 0.0369 0.0116 0.0036 0.0011 1.0000 1.0000 1.0000 1.0000 0.3256 0.1023 0.0321 0.0101 0.0032 0.0010 1.0000 1.0000 1.0000 0.9024 0.2807 0.0966 0.0152
1.0000 1.0000 0.0009 0.0030 0.0094 0.0300 0.0957 0.3046 0.9700 1.0000 1.0000 1.0000 0.0011 0.0034 0.0108 0.0345 0.1099 0.3500 1.0000 1.0000 1.0000 1.0000 0.0012 0.0039 0.0125 0.0397 0.1263 0.4021 1.0000 1.0000 1.0000 1.0000 0.0014 0.0045 0.0143 0.0456 0.1451 0.4620 1.0000 1.0000 1.0000 1.0000 0.0016 0.0052 0.0164 0.0524 0.1664 0.5298 1.0000 1.0000 1.0000 0.0017 0.0024 1.0000 1.0000 1.0000 1.0000 0.4957 0.1557 0.0491 0.0154 0.0048 0.0015 1.0000 1.0000 1.0000 1.0000 0.4323 0.1358 0.0426 0.0134 0.0042 0.0013 1.0000 1.0000 1.0000 1.0000 0.3762 0.1182 0.0371 0.0117 0.0037 0.0011 1.0000 1.0000 1.0000 1.0000 0.3275 0.1028 0.0323 0.0101 0.0032 0.0010 1.0000 1.0000 1.0000 0.9076 0.2856 0.0885 0.0304 0.0048
1.0000 0.0012 0.0033 0.0108 0.0341 0.1087 0.3460 1.0000 1.0000 1.0000 1.0000 0.0012 0.0039 0.0123 0.0392 0.1249 0.3976 1.0000 1.0000 1.0000 1.0000 0.0014 0.0044 0.0141 0.0451 0.1435 0.4568 1.0000 1.0000 1.0000 1.0000 0.0016 0.0051 0.0163 0.0518 0.1648 0.5248 1.0000 1.0000 1.0000 1.0000 0.0018 0.0059 0.0187 0.0596 0.1901 0.6053 1.0000 1.0000 1.0000 1.0000 0.0020 1.0000 1.0000 1.0000 1.0000 0.5024 0.1581 0.0498 0.0156 0.0049 0.0015 1.0000 1.0000 1.0000 1.0000 0.4397 0.1381 0.0434 0.0136 0.0043 0.0013 1.0000 1.0000 1.0000 1.0000 0.3827 0.1202 0.0377 0.0119 0.0037 0.0012 1.0000 1.0000 1.0000 1.0000 0.3331 0.1046 0.0329 0.0103 0.0032 0.0010 1.0000 1.0000 1.0000 0.9232 0.2899 0.0912 0.0283 0.0097 0.0015
1.0000 0.0026 0.0075 0.0240 0.0760 0.2420 0.7706 1.0000 1.0000 1.0000 0.0008 0.0027 0.0086 0.0274 0.0873 0.2781 0.8854 1.0000 1.0000 1.0000 0.0010 0.0031 0.0099 0.0315 0.1003 0.3195 1.0000 1.0000 1.0000 1.0000 0.0011 0.0036 0.0114 0.0362 0.1153 0.3671 1.0000 1.0000 1.0000 1.0000 0.0013 0.0041 0.0130 0.0412 0.1309 0.4153 1.0000 1.0000 1.0000 1.0000 0.0013 1.0000 1.0000 1.0000 1.0000 0.5043 0.1590 0.0501 0.0158 0.0050 0.0016 1.0000 1.0000 1.0000 1.0000 0.4456 0.1400 0.0440 0.0138 0.0043 0.0014 1.0000 1.0000 1.0000 1.0000 0.3879 0.1218 0.0383 0.0120 0.0038 0.0012 1.0000 1.0000 1.0000 1.0000 0.3376 0.1060 0.0333 0.0105 0.0033 0.0010 1.0000 1.0000 1.0000 0.9356 0.2938 0.0923 0.0290 0.0090 0.0031 0.0005
