0.2526 0.1321 0.5079 0.1156 0.2560 0.2455 0.1356 0.5083 0.1146 0.2706 0.2144 0.1397 0.5060 0.1139 0.2864 0.1878 0.1443 0.5012 0.1135 0.3034 0.1684 0.1492 0.4942 0.1134 0.3214 0.1557 0.1547 0.4852 0.1135 0.3407 0.1469 0.1607 0.4741 0.1140 0.3610 0.1403 0.1672 0.4608 0.1147 0.3823 0.1350 0.1744 0.4453 0.1158 0.4042 0.1308 0.1823 0.4263 0.1176 0.4652 0.1114 0.4652 0.1176 0.4263 0.1823 0.1308 0.4042 0.1158 0.4453 0.1744 0.1350 0.3823 0.1147 0.4608 0.1672 0.1403 0.3610 0.1140 0.4741 0.1607 0.1469 0.3407 0.1135 0.4852 0.1547 0.1557 0.3214 0.1134 0.4942 0.1492 0.1684 0.3034 0.1135 0.5012 0.1443 0.1878 0.2864 0.1139 0.5060 0.1397 0.2144 0.2706 0.1146 0.5083 0.1356 0.2455 0.2560 0.1156 0.5079 0.1321 0.2526
0.1321 0.5207 0.1145 0.2690 0.2552 0.1406 0.5204 0.1138 0.2855 0.2208 0.1453 0.5174 0.1135 0.3024 0.1911 0.1502 0.5123 0.1135 0.3205 0.1682 0.1556 0.5051 0.1138 0.3397 0.1533 0.1614 0.4960 0.1143 0.3600 0.1435 0.1678 0.4848 0.1151 0.3814 0.1366 0.1748 0.4715 0.1163 0.4036 0.1313 0.1825 0.4561 0.1178 0.4262 0.1271 0.1909 0.4382 0.1196 0.4563 0.1170 0.2848 0.1170 0.4563 0.1196 0.4382 0.1909 0.1271 0.4262 0.1178 0.4561 0.1825 0.1313 0.4036 0.1163 0.4715 0.1748 0.1366 0.3814 0.1151 0.4848 0.1678 0.1435 0.3600 0.1143 0.4960 0.1614 0.1533 0.3397 0.1138 0.5051 0.1556 0.1682 0.3205 0.1135 0.5123 0.1502 0.1911 0.3024 0.1135 0.5174 0.1453 0.2208 0.2855 0.1138 0.5204 0.1406 0.2552 0.2690 0.1145 0.5207 0.1321
0.5079 0.1145 0.2716 0.2457 0.1420 0.5195 0.1135 0.2928 0.2067 0.1474 0.5153 0.1133 0.3107 0.1793 0.1526 0.5092 0.1134 0.3293 0.1603 0.1582 0.5011 0.1138 0.3491 0.1482 0.1643 0.4910 0.1145 0.3699 0.1400 0.1710 0.4788 0.1155 0.3917 0.1339 0.1783 0.4646 0.1168 0.4142 0.1292 0.1864 0.4480 0.1184 0.4368 0.1254 0.1951 0.4291 0.1204 0.4602 0.1208 0.2241 0.2074 0.2241 0.1208 0.4602 0.1204 0.4291 0.1951 0.1254 0.4368 0.1184 0.4480 0.1864 0.1292 0.4142 0.1168 0.4646 0.1783 0.1339 0.3917 0.1155 0.4788 0.1710 0.1400 0.3699 0.1145 0.4910 0.1643 0.1482 0.3491 0.1138 0.5011 0.1582 0.1603 0.3293 0.1134 0.5092 0.1526 0.1793 0.3107 0.1133 0.5153 0.1474 0.2067 0.2928 0.1135 0.5195 0.1420 0.2457 0.2716 0.1145 0.5079
0.1156 0.2690 0.2457 0.1427 0.5188 0.1135 0.2989 0.1951 0.1495 0.5129 0.1134 0.3190 0.1695 0.1552 0.5056 0.1136 0.3385 0.1540 0.1610 0.4966 0.1141 0.3587 0.1440 0.1674 0.4855 0.1149 0.3801 0.1369 0.1744 0.4724 0.1160 0.4022 0.1315 0.1820 0.4571 0.1175 0.4248 0.1273 0.1904 0.4395 0.1193 0.4473 0.1239 0.1995 0.4194 0.1214 0.4690 0.1209 0.2131 0.3505 0.1496 0.3505 0.2131 0.1209 0.4690 0.1214 0.4194 0.1995 0.1239 0.4473 0.1193 0.4395 0.1904 0.1273 0.4248 0.1175 0.4571 0.1820 0.1315 0.4022 0.1160 0.4724 0.1744 0.1369 0.3801 0.1149 0.4855 0.1674 0.1440 0.3587 0.1141 0.4966 0.1610 0.1540 0.3385 0.1136 0.5056 0.1552 0.1695 0.3190 0.1134 0.5129 0.1495 0.1951 0.2989 0.1135 0.5188 0.1427 0.2457 0.2690 0.1156
0.2560 0.2552 0.1420 0.5188 0.1135 0.3026 0.1876 0.1513 0.5105 0.1134 0.3270 0.1619 0.1577 0.5018 0.1138 0.3477 0.1489 0.1639 0.4916 0.1145 0.3686 0.1404 0.1706 0.4796 0.1154 0.3904 0.1342 0.1779 0.4655 0.1167 0.4128 0.1294 0.1859 0.4491 0.1183 0.4355 0.1256 0.1946 0.4303 0.1202 0.4576 0.1225 0.2041 0.4091 0.1225 0.4783 0.1200 0.2150 0.3766 0.1306 0.5106 0.1306 0.3766 0.2150 0.1200 0.4783 0.1225 0.4091 0.2041 0.1225 0.4576 0.1202 0.4303 0.1946 0.1256 0.4355 0.1183 0.4491 0.1859 0.1294 0.4128 0.1167 0.4655 0.1779 0.1342 0.3904 0.1154 0.4796 0.1706 0.1404 0.3686 0.1145 0.4916 0.1639 0.1489 0.3477 0.1138 0.5018 0.1577 0.1619 0.3270 0.1134 0.5105 0.1513 0.1876 0.3026 0.1135 0.5188 0.1420 0.2552 0.2560
0.2455 0.1406 0.5195 0.1135 0.3026 0.1851 0.1523 0.5087 0.1135 0.3340 0.1563 0.1601 0.4978 0.1140 0.3569 0.1446 0.1669 0.4863 0.1149 0.3787 0.1373 0.1739 0.4732 0.1160 0.4009 0.1318 0.1815 0.4581 0.1174 0.4235 0.1275 0.1899 0.4406 0.1191 0.4460 0.1241 0.1989 0.4207 0.1212 0.4676 0.1213 0.2088 0.3982 0.1237 0.4870 0.1191 0.2197 0.3715 0.1275 0.5180 0.1118 0.5180 0.1275 0.3715 0.2197 0.1191 0.4870 0.1237 0.3982 0.2088 0.1213 0.4676 0.1212 0.4207 0.1989 0.1241 0.4460 0.1191 0.4406 0.1899 0.1275 0.4235 0.1174 0.4581 0.1815 0.1318 0.4009 0.1160 0.4732 0.1739 0.1373 0.3787 0.1149 0.4863 0.1669 0.1446 0.3569 0.1140 0.4978 0.1601 0.1563 0.3340 0.1135 0.5087 0.1523 0.1851 0.3026 0.1135 0.5195 0.1406 0.2455
0.1356 0.5204 0.1135 0.2989 0.1876 0.1523 0.5080 0.1136 0.3387 0.1526 0.1622 0.4939 0.1143 0.3657 0.1412 0.1699 0.4807 0.1153 0.3888 0.1346 0.1774 0.4664 0.1166 0.4115 0.1297 0.1854 0.4501 0.1182 0.4341 0.1258 0.1940 0.4315 0.1201 0.4563 0.1227 0.2035 0.4104 0.1223 0.4771 0.1202 0.2137 0.3867 0.1250 0.4950 0.1182 0.2249 0.3600 0.1281 0.5116 0.1127 0.3438 0.1127 0.5116 0.1281 0.3600 0.2249 0.1182 0.4950 0.1250 0.3867 0.2137 0.1202 0.4771 0.1223 0.4104 0.2035 0.1227 0.4563 0.1201 0.4315 0.1940 0.1258 0.4341 0.1182 0.4501 0.1854 0.1297 0.4115 0.1166 0.4664 0.1774 0.1346 0.3888 0.1153 0.4807 0.1699 0.1412 0.3657 0.1143 0.4939 0.1622 0.1526 0.3387 0.1136 0.5080 0.1523 0.1876 0.2989 0.1135 0.5204 0.1356
0.5083 0.1138 0.2928 0.1951 0.1513 0.5087 0.1136 0.3404 0.1507 0.1637 0.4908 0.1146 0.3735 0.1385 0.1728 0.4750 0.1158 0.3987 0.1322 0.1809 0.4592 0.1173 0.4220 0.1278 0.1893 0.4417 0.1190 0.4447 0.1243 0.1984 0.4219 0.1211 0.4664 0.1215 0.2082 0.3996 0.1235 0.4860 0.1192 0.2189 0.3746 0.1263 0.5019 0.1174 0.2305 0.3468 0.1295 0.5133 0.1150 0.2676 0.1429 0.2676 0.1150 0.5133 0.1295 0.3468 0.2305 0.1174 0.5019 0.1263 0.3746 0.2189 0.1192 0.4860 0.1235 0.3996 0.2082 0.1215 0.4664 0.1211 0.4219 0.1984 0.1243 0.4447 0.1190 0.4417 0.1893 0.1278 0.4220 0.1173 0.4592 0.1809 0.1322 0.3987 0.1158 0.4750 0.1728 0.1385 0.3735 0.1146 0.4908 0.1637 0.1507 0.3404 0.1136 0.5087 0.1513 0.1951 0.2928 0.1138 0.5083
0.1146 0.2855 0.2067 0.1495 0.5105 0.1135 0.3387 0.1507 0.1642 0.4890 0.1148 0.3795 0.1365 0.1754 0.4696 0.1164 0.4082 0.1302 0.1845 0.4517 0.1180 0.4324 0.1261 0.1934 0.4327 0.1200 0.4550 0.1229 0.2029 0.4118 0.1222 0.4759 0.1203 0.2131 0.3882 0.1248 0.4940 0.1183 0.2242 0.3619 0.1277 0.5077 0.1167 0.2363 0.3329 0.1310 0.5163 0.1153 0.2540 0.2431 0.1696 0.2431 0.2540 0.1153 0.5163 0.1310 0.3329 0.2363 0.1167 0.5077 0.1277 0.3619 0.2242 0.1183 0.4940 0.1248 0.3882 0.2131 0.1203 0.4759 0.1222 0.4118 0.2029 0.1229 0.4550 0.1200 0.4327 0.1934 0.1261 0.4324 0.1180 0.4517 0.1845 0.1302 0.4082 0.1164 0.4696 0.1754 0.1365 0.3795 0.1148 0.4890 0.1642 0.1507 0.3387 0.1135 0.5105 0.1495 0.2067 0.2855 0.1146
0.2706 0.2208 0.1474 0.5129 0.1134 0.3340 0.1526 0.1637 0.4890 0.1149 0.3828 0.1353 0.1774 0.4651 0.1168 0.4166 0.1285 0.1879 0.4442 0.1188 0.4424 0.1246 0.1976 0.4234 0.1210 0.4650 0.1216 0.2076 0.4010 0.1234 0.4849 0.1193 0.2182 0.3762 0.1261 0.5011 0.1175 0.2298 0.3486 0.1292 0.5123 0.1161 0.2423 0.3184 0.1327 0.5186 0.1150 0.2567 0.2749 0.1442 0.4770 0.1442 0.2749 0.2567 0.1150 0.5186 0.1327 0.3184 0.2423 0.1161 0.5123 0.1292 0.3486 0.2298 0.1175 0.5011 0.1261 0.3762 0.2182 0.1193 0.4849 0.1234 0.4010 0.2076 0.1216 0.4650 0.1210 0.4234 0.1976 0.1246 0.4424 0.1188 0.4442 0.1879 0.1285 0.4166 0.1168 0.4651 0.1774 0.1353 0.3828 0.1149 0.4890 0.1637 0.1526 0.3340 0.1134 0.5129 0.1474 0.2208 0.2706
0.2144 0.1453 0.5153 0.1134 0.3270 0.1563 0.1622 0.4908 0.1148 0.3828 0.1349 0.1785 0.4619 0.1172 0.4233 0.1273 0.1911 0.4369 0.1196 0.4517 0.1233 0.2018 0.4139 0.1220 0.4744 0.1205 0.2124 0.3897 0.1246 0.4930 0.1184 0.2235 0.3635 0.1275 0.5070 0.1168 0.2355 0.3347 0.1308 0.5158 0.1155 0.2485 0.3034 0.1345 0.5201 0.1146 0.2627 0.2684 0.1399 0.5164 0.1155 0.5164 0.1399 0.2684 0.2627 0.1146 0.5201 0.1345 0.3034 0.2485 0.1155 0.5158 0.1308 0.3347 0.2355 0.1168 0.5070 0.1275 0.3635 0.2235 0.1184 0.4930 0.1246 0.3897 0.2124 0.1205 0.4744 0.1220 0.4139 0.2018 0.1233 0.4517 0.1196 0.4369 0.1911 0.1273 0.4233 0.1172 0.4619 0.1785 0.1349 0.3828 0.1148 0.4908 0.1622 0.1563 0.3270 0.1134 0.5153 0.1453 0.2144
0.1397 0.5174 0.1133 0.3190 0.1619 0.1601 0.4939 0.1146 0.3795 0.1353 0.1785 0.4607 0.1174 0.4277 0.1264 0.1936 0.4306 0.1203 0.4600 0.1221 0.2059 0.4042 0.1231 0.4830 0.1195 0.2173 0.3780 0.1259 0.5002 0.1176 0.2291 0.3503 0.1290 0.5118 0.1162 0.2415 0.3203 0.1325 0.5183 0.1151 0.2550 0.2881 0.1363 0.5209 0.1142 0.2696 0.2542 0.1408 0.5197 0.1119 0.4161 0.1119 0.5197 0.1408 0.2542 0.2696 0.1142 0.5209 0.1363 0.2881 0.2550 0.1151 0.5183 0.1325 0.3203 0.2415 0.1162 0.5118 0.1290 0.3503 0.2291 0.1176 0.5002 0.1259 0.3780 0.2173 0.1195 0.4830 0.1231 0.4042 0.2059 0.1221 0.4600 0.1203 0.4306 0.1936 0.1264 0.4277 0.1174 0.4607 0.1785 0.1353 0.3795 0.1146 0.4939 0.1601 0.1619 0.3190 0.1133 0.5174 0.1397
0.5060 0.1135 0.3107 0.1695 0.1577 0.4978 0.1143 0.3735 0.1365 0.1774 0.4619 0.1174 0.4292 0.1259 0.1953 0.4259 0.1209 0.4667 0.1213 0.2097 0.3949 0.1241 0.4905 0.1187 0.2223 0.3662 0.1273 0.5061 0.1169 0.2347 0.3365 0.1306 0.5154 0.1156 0.2477 0.3054 0.1343 0.5200 0.1146 0.2617 0.2724 0.1382 0.5210 0.1139 0.2768 0.2387 0.1426 0.5192 0.1129 0.3239 0.1232 0.3239 0.1129 0.5192 0.1426 0.2387 0.2768 0.1139 0.5210 0.1382 0.2724 0.2617 0.1146 0.5200 0.1343 0.3054 0.2477 0.1156 0.5154 0.1306 0.3365 0.2347 0.1169 0.5061 0.1273 0.3662 0.2223 0.1187 0.4905 0.1241 0.3949 0.2097 0.1213 0.4667 0.1209 0.4259 0.1953 0.1259 0.4292 0.1174 0.4619 0.1774 0.1365 0.3735 0.1143 0.4978 0.1577 0.1695 0.3107 0.1135 0.5060
0.1139 0.3024 0.1793 0.1552 0.5018 0.1140 0.3657 0.1385 0.1754 0.4651 0.1172 0.4277 0.1259 0.1959 0.4233 0.1213 0.4713 0.1206 0.2130 0.3866 0.1251 0.4968 0.1179 0.2271 0.3543 0.1287 0.5108 0.1163 0.2405 0.3225 0.1323 0.5181 0.1151 0.2542 0.2900 0.1361 0.5208 0.1143 0.2687 0.2565 0.1402 0.5205 0.1137 0.2843 0.2233 0.1448 0.5177 0.1133 0.3069 0.1558 0.1962 0.1558 0.3069 0.1133 0.5177 0.1448 0.2233 0.2843 0.1137 0.5205 0.1402 0.2565 0.2687 0.1143 0.5208 0.1361 0.2900 0.2542 0.1151 0.5181 0.1323 0.3225 0.2405 0.1163 0.5108 0.1287 0.3543 0.2271 0.1179 0.4968 0.1251 0.3866 0.2130 0.1206 0.4713 0.1213 0.4233 0.1959 0.1259 0.4277 0.1172 0.4651 0.1754 0.1385 0.3657 0.1140 0.5018 0.1552 0.1793 0.3024 0.1139
0.2864 0.1911 0.1526 0.5056 0.1138 0.3569 0.1412 0.1728 0.4696 0.1168 0.4233 0.1264 0.1953 0.4233 0.1215 0.4738 0.1202 0.2153 0.3800 0.1260 0.5016 0.1173 0.2317 0.3427 0.1300 0.5144 0.1157 0.2462 0.3085 0.1339 0.5198 0.1147 0.2608 0.2744 0.1380 0.5210 0.1140 0.2759 0.2407 0.1423 0.5195 0.1135 0.2920 0.2085 0.1471 0.5156 0.1133 0.3104 0.1733 0.1626 0.4189 0.1626 0.1733 0.3104 0.1133 0.5156 0.1471 0.2085 0.2920 0.1135 0.5195 0.1423 0.2407 0.2759 0.1140 0.5210 0.1380 0.2744 0.2608 0.1147 0.5198 0.1339 0.3085 0.2462 0.1157 0.5144 0.1300 0.3427 0.2317 0.1173 0.5016 0.1260 0.3800 0.2153 0.1202 0.4738 0.1215 0.4233 0.1953 0.1264 0.4233 0.1168 0.4696 0.1728 0.1412 0.3569 0.1138 0.5056 0.1526 0.1911 0.2864
0.1878 0.1502 0.5092 0.1136 0.3477 0.1446 0.1699 0.4750 0.1164 0.4166 0.1273 0.1936 0.4259 0.1213 0.4738 0.1201 0.2166 0.3755 0.1266 0.5049 0.1169 0.2357 0.3321 0.1313 0.5170 0.1153 0.2520 0.2946 0.1356 0.5207 0.1143 0.2675 0.2589 0.1400 0.5206 0.1137 0.2833 0.2253 0.1445 0.5180 0.1134 0.3000 0.1948 0.1494 0.5131 0.1133 0.3181 0.1696 0.1567 0.4896 0.1223 0.4896 0.1567 0.1696 0.3181 0.1133 0.5131 0.1494 0.1948 0.3000 0.1134 0.5180 0.1445 0.2253 0.2833 0.1137 0.5206 0.1400 0.2589 0.2675 0.1143 0.5207 0.1356 0.2946 0.2520 0.1153 0.5170 0.1313 0.3321 0.2357 0.1169 0.5049 0.1266 0.3755 0.2166 0.1201 0.4738 0.1213 0.4259 0.1936 0.1273 0.4166 0.1164 0.4750 0.1699 0.1446 0.3477 0.1136 0.5092 0.1502 0.1878
0.1443 0.5123 0.1134 0.3385 0.1489 0.1669 0.4807 0.1158 0.4082 0.1285 0.1911 0.4306 0.1209 0.4713 0.1202 0.2166 0.3740 0.1270 0.5068 0.1166 0.2388 0.3235 0.1325 0.5186 0.1150 0.2574 0.2812 0.1373 0.5210 0.1141 0.2741 0.2439 0.1420 0.5197 0.1136 0.2910 0.2104 0.1468 0.5159 0.1133 0.3083 0.1825 0.1519 0.5101 0.1134 0.3267 0.1623 0.1578 0.4993 0.1142 0.4875 0.1142 0.4993 0.1578 0.1623 0.3267 0.1134 0.5101 0.1519 0.1825 0.3083 0.1133 0.5159 0.1468 0.2104 0.2910 0.1136 0.5197 0.1420 0.2439 0.2741 0.1141 0.5210 0.1373 0.2812 0.2574 0.1150 0.5186 0.1325 0.3235 0.2388 0.1166 0.5068 0.1270 0.3740 0.2166 0.1202 0.4713 0.1209 0.4306 0.1911 0.1285 0.4082 0.1158 0.4807 0.1669 0.1489 0.3385 0.1134 0.5123 0.1443
0.5012 0.1135 0.3293 0.1540 0.1639 0.4863 0.1153 0.3987 0.1302 0.1879 0.4369 0.1203 0.4667 0.1206 0.2153 0.3755 0.1270 0.5075 0.1165 0.2408 0.3174 0.1333 0.5196 0.1147 0.2623 0.2689 0.1389 0.5209 0.1138 0.2808 0.2296 0.1440 0.5183 0.1134 0.2986 0.1968 0.1491 0.5135 0.1133 0.3168 0.1720 0.1544 0.5067 0.1135 0.3358 0.1557 0.1603 0.4974 0.1139 0.3932 0.1145 0.3932 0.1139 0.4974 0.1603 0.1557 0.3358 0.1135 0.5067 0.1544 0.1720 0.3168 0.1133 0.5135 0.1491 0.1968 0.2986 0.1134 0.5183 0.1440 0.2296 0.2808 0.1138 0.5209 0.1389 0.2689 0.2623 0.1147 0.5196 0.1333 0.3174 0.2408 0.1165 0.5075 0.1270 0.3755 0.2153 0.1206 0.4667 0.1203 0.4369 0.1879 0.1302 0.3987 0.1153 0.4863 0.1639 0.1540 0.3293 0.1135 0.5012
0.1135 0.3205 0.1603 0.1610 0.4916 0.1149 0.3888 0.1322 0.1845 0.4442 0.1196 0.4600 0.1213 0.2130 0.3800 0.1266 0.5068 0.1165 0.2415 0.3141 0.1339 0.5201 0.1145 0.2663 0.2587 0.1403 0.5204 0.1137 0.2873 0.2165 0.1459 0.5166 0.1134 0.3063 0.1849 0.1515 0.5106 0.1134 0.3255 0.1634 0.1571 0.5028 0.1137 0.3451 0.1502 0.1631 0.4930 0.1143 0.3728 0.1290 0.2313 0.1290 0.3728 0.1143 0.4930 0.1631 0.1502 0.3451 0.1137 0.5028 0.1571 0.1634 0.3255 0.1134 0.5106 0.1515 0.1849 0.3063 0.1134 0.5166 0.1459 0.2165 0.2873 0.1137 0.5204 0.1403 0.2587 0.2663 0.1145 0.5201 0.1339 0.3141 0.2415 0.1165 0.5068 0.1266 0.3800 0.2130 0.1213 0.4600 0.1196 0.4442 0.1845 0.1322 0.3888 0.1149 0.4916 0.1610 0.1603 0.3205 0.1135
0.3034 0.1682 0.1582 0.4966 0.1145 0.3787 0.1346 0.1809 0.4517 0.1188 0.4517 0.1221 0.2097 0.3866 0.1260 0.5049 0.1166 0.2408 0.3141 0.1341 0.5203 0.1144 0.2691 0.2511 0.1415 0.5197 0.1135 0.2931 0.2049 0.1479 0.5146 0.1133 0.3140 0.1748 0.1538 0.5074 0.1135 0.3343 0.1566 0.1598 0.4985 0.1140 0.3547 0.1457 0.1661 0.4879 0.1147 0.3770 0.1355 0.1869 0.3319 0.1869 0.1355 0.3770 0.1147 0.4879 0.1661 0.1457 0.3547 0.1140 0.4985 0.1598 0.1566 0.3343 0.1135 0.5074 0.1538 0.1748 0.3140 0.1133 0.5146 0.1479 0.2049 0.2931 0.1135 0.5197 0.1415 0.2511 0.2691 0.1144 0.5203 0.1341 0.3141 0.2408 0.1166 0.5049 0.1260 0.3866 0.2097 0.1221 0.4517 0.1188 0.4517 0.1809 0.1346 0.3787 0.1145 0.4966 0.1582 0.1682 0.3034
0.1684 0.1556 0.5011 0.1141 0.3686 0.1373 0.1774 0.4592 0.1180 0.4424 0.1233 0.2059 0.3949 0.1251 0.5016 0.1169 0.2388 0.3174 0.1339 0.5203 0.1144 0.2706 0.2462 0.1423 0.5191 0.1135 0.2981 0.1955 0.1497 0.5125 0.1134 0.3214 0.1667 0.1562 0.5040 0.1137 0.3430 0.1512 0.1626 0.4939 0.1143 0.3645 0.1418 0.1692 0.4822 0.1152 0.3862 0.1348 0.1790 0.4394 0.1328 0.4394 0.1790 0.1348 0.3862 0.1152 0.4822 0.1692 0.1418 0.3645 0.1143 0.4939 0.1626 0.1512 0.3430 0.1137 0.5040 0.1562 0.1667 0.3214 0.1134 0.5125 0.1497 0.1955 0.2981 0.1135 0.5191 0.1423 0.2462 0.2706 0.1144 0.5203 0.1339 0.3174 0.2388 0.1169 0.5016 0.1251 0.3949 0.2059 0.1233 0.4424 0.1180 0.4592 0.1774 0.1373 0.3686 0.1141 0.5011 0.1556 0.1684
0.1492 0.5051 0.1138 0.3587 0.1404 0.1739 0.4664 0.1173 0.4324 0.1246 0.2018 0.4042 0.1241 0.4968 0.1173 0.2357 0.3235 0.1333 0.5201 0.1144 0.2706 0.2445 0.1428 0.5187 0.1134 0.3019 0.1886 0.1512 0.5105 0.1134 0.3283 0.1604 0.1585 0.5004 0.1139 0.3516 0.1468 0.1654 0.4890 0.1147 0.3743 0.1386 0.1725 0.4760 0.1157 0.3965 0.1327 0.1805 0.4559 0.1199 0.5202 0.1199 0.4559 0.1805 0.1327 0.3965 0.1157 0.4760 0.1725 0.1386 0.3743 0.1147 0.4890 0.1654 0.1468 0.3516 0.1139 0.5004 0.1585 0.1604 0.3283 0.1134 0.5105 0.1512 0.1886 0.3019 0.1134 0.5187 0.1428 0.2445 0.2706 0.1144 0.5201 0.1333 0.3235 0.2357 0.1173 0.4968 0.1241 0.4042 0.2018 0.1246 0.4324 0.1173 0.4664 0.1739 0.1404 0.3587 0.1138 0.5051 0.1492
0.4942 0.1138 0.3491 0.1440 0.1706 0.4732 0.1166 0.4220 0.1261 0.1976 0.4139 0.1231 0.4905 0.1179 0.2317 0.3321 0.1325 0.5196 0.1145 0.2691 0.2462 0.1428 0.5185 0.1134 0.3043 0.1841 0.1523 0.5087 0.1135 0.3344 0.1556 0.1606 0.4967 0.1141 0.3600 0.1432 0.1682 0.4838 0.1151 0.3839 0.1358 0.1758 0.4695 0.1163 0.4070 0.1305 0.1838 0.4526 0.1182 0.4677 0.1111 0.4677 0.1182 0.4526 0.1838 0.1305 0.4070 0.1163 0.4695 0.1758 0.1358 0.3839 0.1151 0.4838 0.1682 0.1432 0.3600 0.1141 0.4967 0.1606 0.1556 0.3344 0.1135 0.5087 0.1523 0.1841 0.3043 0.1134 0.5185 0.1428 0.2462 0.2691 0.1145 0.5196 0.1325 0.3321 0.2317 0.1179 0.4905 0.1231 0.4139 0.1976 0.1261 0.4220 0.1166 0.4732 0.1706 0.1440 0.3491 0.1138 0.4942
0.1134 0.3397 0.1482 0.1674 0.4796 0.1160 0.4115 0.1278 0.1934 0.4234 0.1220 0.4830 0.1187 0.2271 0.3427 0.1313 0.5186 0.1147 0.2663 0.2511 0.1423 0.5187 0.1134 0.3051 0.1819 0.1530 0.5074 0.1136 0.3393 0.1522 0.1625 0.4932 0.1144 0.3679 0.1403 0.1709 0.4785 0.1155 0.3934 0.1334 0.1792 0.4627 0.1170 0.4175 0.1285 0.1876 0.4451 0.1187 0.4477 0.1179 0.2773 0.1179 0.4477 0.1187 0.4451 0.1876 0.1285 0.4175 0.1170 0.4627 0.1792 0.1334 0.3934 0.1155 0.4785 0.1709 0.1403 0.3679 0.1144 0.4932 0.1625 0.1522 0.3393 0.1136 0.5074 0.1530 0.1819 0.3051 0.1134 0.5187 0.1423 0.2511 0.2663 0.1147 0.5186 0.1313 0.3427 0.2271 0.1187 0.4830 0.1220 0.4234 0.1934 0.1278 0.4115 0.1160 0.4796 0.1674 0.1482 0.3397 0.1134
0.3214 0.1533 0.1643 0.4855 0.1154 0.4009 0.1297 0.1893 0.4327 0.1210 0.4744 0.1195 0.2223 0.3543 0.1300 0.5170 0.1150 0.2623 0.2587 0.1415 0.5191 0.1134 0.3043 0.1819 0.1533 0.5067 0.1136 0.3428 0.1499 0.1641 0.4902 0.1146 0.3752 0.1379 0.1736 0.4733 0.1160 0.4026 0.1313 0.1825 0.4556 0.1177 0.4275 0.1268 0.1916 0.4366 0.1196 0.4520 0.1219 0.2194 0.2212 0.2194 0.1219 0.4520 0.1196 0.4366 0.1916 0.1268 0.4275 0.1177 0.4556 0.1825 0.1313 0.4026 0.1160 0.4733 0.1736 0.1379 0.3752 0.1146 0.4902 0.1641 0.1499 0.3428 0.1136 0.5067 0.1533 0.1819 0.3043 0.1134 0.5191 0.1415 0.2587 0.2623 0.1150 0.5170 0.1300 0.3543 0.2223 0.1195 0.4744 0.1210 0.4327 0.1893 0.1297 0.4009 0.1154 0.4855 0.1643 0.1533 0.3214
0.1557 0.1614 0.4910 0.1149 0.3904 0.1318 0.1854 0.4417 0.1200 0.4650 0.1205 0.2173 0.3662 0.1287 0.5144 0.1153 0.2574 0.2689 0.1403 0.5197 0.1135 0.3019 0.1841 0.1530 0.5067 0.1136 0.3445 0.1486 0.1652 0.4878 0.1149 0.3812 0.1360 0.1760 0.4682 0.1165 0.4112 0.1295 0.1859 0.4485 0.1184 0.4373 0.1253 0.1956 0.4277 0.1205 0.4610 0.1219 0.2091 0.3616 0.1475 0.3616 0.2091 0.1219 0.4610 0.1205 0.4277 0.1956 0.1253 0.4373 0.1184 0.4485 0.1859 0.1295 0.4112 0.1165 0.4682 0.1760 0.1360 0.3812 0.1149 0.4878 0.1652 0.1486 0.3445 0.1136 0.5067 0.1530 0.1841 0.3019 0.1135 0.5197 0.1403 0.2689 0.2574 0.1153 0.5144 0.1287 0.3662 0.2173 0.1205 0.4650 0.1200 0.4417 0.1854 0.1318 0.3904 0.1149 0.4910 0.1614 0.1557
0.1547 0.4960 0.1145 0.3801 0.1342 0.1815 0.4501 0.1190 0.4550 0.1216 0.2124 0.3780 0.1273 0.5108 0.1157 0.2520 0.2812 0.1389 0.5204 0.1135 0.2981 0.1886 0.1523 0.5074 0.1136 0.3445 0.1482 0.1657 0.4863 0.1150 0.3857 0.1347 0.1781 0.4636 0.1170 0.4190 0.1281 0.1891 0.4414 0.1191 0.4466 0.1239 0.1996 0.4186 0.1215 0.4703 0.1209 0.2110 0.3864 0.1292 0.5131 0.1292 0.3864 0.2110 0.1209 0.4703 0.1215 0.4186 0.1996 0.1239 0.4466 0.1191 0.4414 0.1891 0.1281 0.4190 0.1170 0.4636 0.1781 0.1347 0.3857 0.1150 0.4863 0.1657 0.1482 0.3445 0.1136 0.5074 0.1523 0.1886 0.2981 0.1135 0.5204 0.1389 0.2812 0.2520 0.1157 0.5108 0.1273 0.3780 0.2124 0.1216 0.4550 0.1190 0.4501 0.1815 0.1342 0.3801 0.1145 0.4960 0.1547
0.4852 0.1143 0.3699 0.1369 0.1779 0.4581 0.1182 0.4447 0.1229 0.2076 0.3897 0.1259 0.5061 0.1163 0.2462 0.2946 0.1373 0.5209 0.1137 0.2931 0.1955 0.1512 0.5087 0.1136 0.3428 0.1486 0.1657 0.4858 0.1151 0.3885 0.1338 0.1796 0.4599 0.1174 0.4257 0.1268 0.1921 0.4345 0.1199 0.4551 0.1228 0.2036 0.4094 0.1225 0.4789 0.1200 0.2152 0.3818 0.1263 0.5158 0.1115 0.5158 0.1263 0.3818 0.2152 0.1200 0.4789 0.1225 0.4094 0.2036 0.1228 0.4551 0.1199 0.4345 0.1921 0.1268 0.4257 0.1174 0.4599 0.1796 0.1338 0.3885 0.1151 0.4858 0.1657 0.1486 0.3428 0.1136 0.5087 0.1512 0.1955 0.2931 0.1137 0.5209 0.1373 0.2946 0.2462 0.1163 0.5061 0.1259 0.3897 0.2076 0.1229 0.4447 0.1182 0.4581 0.1779 0.1369 0.3699 0.1143 0.4852
0.1135 0.3600 0.1400 0.1744 0.4655 0.1174 0.4341 0.1243 0.2029 0.4010 0.1246 0.5002 0.1169 0.2405 0.3085 0.1356 0.5210 0.1138 0.2873 0.2049 0.1497 0.5105 0.1135 0.3393 0.1499 0.1652 0.4863 0.1151 0.3894 0.1333 0.1806 0.4572 0.1177 0.4310 0.1259 0.1948 0.4282 0.1206 0.4628 0.1218 0.2075 0.4002 0.1235 0.4866 0.1191 0.2199 0.3715 0.1268 0.5076 0.1130 0.3358 0.1130 0.5076 0.1268 0.3715 0.2199 0.1191 0.4866 0.1235 0.4002 0.2075 0.1218 0.4628 0.1206 0.4282 0.1948 0.1259 0.4310 0.1177 0.4572 0.1806 0.1333 0.3894 0.1151 0.4863 0.1652 0.1499 0.3393 0.1135 0.5105 0.1497 0.2049 0.2873 0.1138 0.5210 0.1356 0.3085 0.2405 0.1169 0.5002 0.1246 0.4010 0.2029 0.1243 0.4341 0.1174 0.4655 0.1744 0.1400 0.3600 0.1135
0.3407 0.1435 0.1710 0.4724 0.1167 0.4235 0.1258 0.1984 0.4118 0.1234 0.4930 0.1176 0.2347 0.3225 0.1339 0.5207 0.1141 0.2808 0.2165 0.1479 0.5125 0.1134 0.3344 0.1522 0.1641 0.4878 0.1150 0.3885 0.1333 0.1810 0.4558 0.1179 0.4348 0.1252 0.1969 0.4227 0.1212 0.4695 0.1209 0.2111 0.3914 0.1246 0.4934 0.1183 0.2246 0.3601 0.1280 0.5094 0.1155 0.2615 0.1470 0.2615 0.1155 0.5094 0.1280 0.3601 0.2246 0.1183 0.4934 0.1246 0.3914 0.2111 0.1209 0.4695 0.1212 0.4227 0.1969 0.1252 0.4348 0.1179 0.4558 0.1810 0.1333 0.3885 0.1150 0.4878 0.1641 0.1522 0.3344 0.1134 0.5125 0.1479 0.2165 0.2808 0.1141 0.5207 0.1339 0.3225 0.2347 0.1176 0.4930 0.1234 0.4118 0.1984 0.1258 0.4235 0.1167 0.4724 0.1710 0.1435 0.3407
0.1469 0.1678 0.4788 0.1160 0.4128 0.1275 0.1940 0.4219 0.1222 0.4849 0.1184 0.2291 0.3365 0.1323 0.5198 0.1143 0.2741 0.2296 0.1459 0.5146 0.1134 0.3283 0.1556 0.1625 0.4902 0.1149 0.3857 0.1338 0.1806 0.4558 0.1180 0.4367 0.1248 0.1984 0.4186 0.1218 0.4748 0.1202 0.2145 0.3830 0.1256 0.4991 0.1177 0.2292 0.3488 0.1293 0.5128 0.1158 0.2480 0.2574 0.1668 0.2574 0.2480 0.1158 0.5128 0.1293 0.3488 0.2292 0.1177 0.4991 0.1256 0.3830 0.2145 0.1202 0.4748 0.1218 0.4186 0.1984 0.1248 0.4367 0.1180 0.4558 0.1806 0.1338 0.3857 0.1149 0.4902 0.1625 0.1556 0.3283 0.1134 0.5146 0.1459 0.2296 0.2741 0.1143 0.5198 0.1323 0.3365 0.2291 0.1184 0.4849 0.1222 0.4219 0.1940 0.1275 0.4128 0.1160 0.4788 0.1678 0.1469
0.1607 0.4848 0.1155 0.4022 0.1294 0.1899 0.4315 0.1211 0.4759 0.1193 0.2235 0.3503 0.1306 0.5181 0.1147 0.2675 0.2439 0.1440 0.5166 0.1133 0.3214 0.1604 0.1606 0.4932 0.1146 0.3812 0.1347 0.1796 0.4572 0.1179 0.4367 0.1247 0.1992 0.4159 0.1222 0.4786 0.1198 0.2174 0.3755 0.1265 0.5036 0.1171 0.2336 0.3378 0.1306 0.5157 0.1155 0.2500 0.2903 0.1422 0.4827 0.1422 0.2903 0.2500 0.1155 0.5157 0.1306 0.3378 0.2336 0.1171 0.5036 0.1265 0.3755 0.2174 0.1198 0.4786 0.1222 0.4159 0.1992 0.1247 0.4367 0.1179 0.4572 0.1796 0.1347 0.3812 0.1146 0.4932 0.1606 0.1604 0.3214 0.1133 0.5166 0.1440 0.2439 0.2675 0.1147 0.5181 0.1306 0.3503 0.2235 0.1193 0.4759 0.1211 0.4315 0.1899 0.1294 0.4022 0.1155 0.4848 0.1607
0.4741 0.1151 0.3917 0.1315 0.1859 0.4406 0.1201 0.4664 0.1203 0.2182 0.3635 0.1290 0.5154 0.1151 0.2608 0.2589 0.1420 0.5183 0.1134 0.3140 0.1667 0.1585 0.4967 0.1144 0.3752 0.1360 0.1781 0.4599 0.1177 0.4348 0.1248 0.1992 0.4150 0.1224 0.4809 0.1194 0.2195 0.3696 0.1272 0.5070 0.1167 0.2377 0.3274 0.1319 0.5178 0.1151 0.2548 0.2859 0.1378 0.5183 0.1148 0.5183 0.1378 0.2859 0.2548 0.1151 0.5178 0.1319 0.3274 0.2377 0.1167 0.5070 0.1272 0.3696 0.2195 0.1194 0.4809 0.1224 0.4150 0.1992 0.1248 0.4348 0.1177 0.4599 0.1781 0.1360 0.3752 0.1144 0.4967 0.1585 0.1667 0.3140 0.1134 0.5183 0.1420 0.2589 0.2608 0.1151 0.5154 0.1290 0.3635 0.2182 0.1203 0.4664 0.1201 0.4406 0.1859 0.1315 0.3917 0.1151 0.4741
0.1140 0.3814 0.1339 0.1820 0.4491 0.1191 0.4563 0.1215 0.2131 0.3762 0.1275 0.5118 0.1156 0.2542 0.2744 0.1400 0.5197 0.1134 0.3063 0.1748 0.1562 0.5004 0.1141 0.3679 0.1379 0.1760 0.4636 0.1174 0.4310 0.1252 0.1984 0.4159 0.1224 0.4817 0.1193 0.2208 0.3654 0.1278 0.5094 0.1163 0.2413 0.3180 0.1331 0.5192 0.1148 0.2599 0.2747 0.1383 0.5207 0.1118 0.4050 0.1118 0.5207 0.1383 0.2747 0.2599 0.1148 0.5192 0.1331 0.3180 0.2413 0.1163 0.5094 0.1278 0.3654 0.2208 0.1193 0.4817 0.1224 0.4159 0.1984 0.1252 0.4310 0.1174 0.4636 0.1760 0.1379 0.3679 0.1141 0.5004 0.1562 0.1748 0.3064 0.1134 0.5197 0.1400 0.2744 0.2542 0.1156 0.5118 0.1275 0.3762 0.2131 0.1215 0.4563 0.1191 0.4491 0.1820 0.1339 0.3814 0.1140
0.3610 0.1366 0.1783 0.4571 0.1183 0.4460 0.1227 0.2082 0.3882 0.1261 0.5070 0.1162 0.2477 0.2900 0.1380 0.5206 0.1136 0.2986 0.1849 0.1538 0.5040 0.1139 0.3600 0.1403 0.1736 0.4682 0.1170 0.4257 0.1259 0.1969 0.4186 0.1222 0.4809 0.1193 0.2213 0.3632 0.1282 0.5109 0.1161 0.2441 0.3102 0.1341 0.5201 0.1145 0.2648 0.2632 0.1397 0.5206 0.1131 0.3139 0.1253 0.3140 0.1131 0.5206 0.1397 0.2632 0.2648 0.1145 0.5201 0.1341 0.3102 0.2441 0.1161 0.5109 0.1282 0.3632 0.2213 0.1193 0.4809 0.1222 0.4186 0.1969 0.1259 0.4257 0.1170 0.4682 0.1736 0.1403 0.3600 0.1139 0.5040 0.1538 0.1847 0.2988 0.1135 0.5206 0.1380 0.2900 0.2477 0.1162 0.5070 0.1261 0.3882 0.2082 0.1227 0.4460 0.1183 0.4571 0.1783 0.1366 0.3610
0.1403 0.1748 0.4646 0.1175 0.4355 0.1241 0.2035 0.3996 0.1248 0.5011 0.1168 0.2415 0.3054 0.1361 0.5210 0.1137 0.2910 0.1968 0.1515 0.5074 0.1137 0.3516 0.1432 0.1709 0.4733 0.1165 0.4190 0.1268 0.1948 0.4227 0.1218 0.4786 0.1194 0.2208 0.3632 0.1283 0.5117 0.1160 0.2461 0.3043 0.1349 0.5206 0.1143 0.2693 0.2525 0.1411 0.5200 0.1135 0.2960 0.1653 0.1912 0.1652 0.2961 0.1135 0.5200 0.1411 0.2524 0.2693 0.1143 0.5206 0.1349 0.3042 0.2461 0.1159 0.5117 0.1283 0.3632 0.2208 0.1194 0.4786 0.1218 0.4227 0.1948 0.1268 0.4191 0.1165 0.4733 0.1709 0.1432 0.3518 0.1137 0.5074 0.1515 0.1965 0.2911 0.1137 0.5210 0.1361 0.3052 0.2416 0.1168 0.5011 0.1248 0.3995 0.2035 0.1241 0.4356 0.1175 0.4645 0.1749 0.1402
0.1672 0.4715 0.1168 0.4248 0.1256 0.1989 0.4104 0.1235 0.4940 0.1175 0.2355 0.3203 0.1343 0.5208 0.1140 0.2833 0.2104 0.1491 0.5106 0.1135 0.3430 0.1468 0.1682 0.4785 0.1160 0.4112 0.1281 0.1921 0.4282 0.1212 0.4748 0.1198 0.2195 0.3654 0.1282 0.5117 0.1159 0.2472 0.3004 0.1355 0.5209 0.1142 0.2730 0.2432 0.1424 0.5192 0.1135 0.2973 0.1899 0.1587 0.4313 0.1588 0.1891 0.2977 0.1134 0.5191 0.1425 0.2427 0.2732 0.1141 0.5209 0.1356 0.3000 0.2474 0.1159 0.5118 0.1282 0.3651 0.2196 0.1197 0.4750 0.1213 0.4279 0.1922 0.1280 0.4116 0.1160 0.4783 0.1683 0.1466 0.3435 0.1135 0.5105 0.1492 0.2097 0.2837 0.1139 0.5209 0.1343 0.3196 0.2358 0.1174 0.4944 0.1236 0.4099 0.1991 0.1255 0.4254 0.1168 0.4712 0.1674
0.4608 0.1163 0.4142 0.1273 0.1946 0.4207 0.1223 0.4860 0.1183 0.2298 0.3347 0.1325 0.5200 0.1143 0.2759 0.2253 0.1468 0.5135 0.1134 0.3343 0.1512 0.1654 0.4838 0.1155 0.4026 0.1295 0.1891 0.4345 0.1206 0.4695 0.1202 0.2174 0.3696 0.1278 0.5109 0.1160 0.2472 0.2990 0.1358 0.5210 0.1141 0.2758 0.2360 0.1436 0.5183 0.1134 0.3018 0.1886 0.1525 0.4968 0.1208 0.4956 0.1534 0.1845 0.3044 0.1132 0.5178 0.1441 0.2323 0.2775 0.1138 0.5210 0.1362 0.2959 0.2485 0.1156 0.5118 0.1281 0.3672 0.2184 0.1199 0.4713 0.1208 0.4327 0.1900 0.1290 0.4047 0.1156 0.4826 0.1660 0.1500 0.3361 0.1133 0.5129 0.1473 0.2219 0.2775 0.1140 0.5202 0.1329 0.3317 0.2310 0.1179 0.4878 0.1226 0.4185 0.1955 0.1267 0.4166 0.1163 0.4592
0.1147 0.4036 0.1292 0.1904 0.4303 0.1212 0.4771 0.1192 0.2242 0.3486 0.1308 0.5183 0.1146 0.2687 0.2407 0.1445 0.5159 0.1133 0.3255 0.1566 0.1626 0.4890 0.1151 0.3934 0.1313 0.1859 0.4414 0.1199 0.4628 0.1209 0.2145 0.3755 0.1272 0.5094 0.1161 0.2461 0.3004 0.1358 0.5210 0.1140 0.2775 0.2313 0.1444 0.5175 0.1134 0.3064 0.1825 0.1526 0.5064 0.1134 0.4830 0.1139 0.4984 0.1577 0.1645 0.3206 0.1125 0.5140 0.1479 0.2094 0.2881 0.1128 0.5208 0.1383 0.2807 0.2543 0.1145 0.5144 0.1290 0.3607 0.2208 0.1187 0.4740 0.1209 0.4311 0.1906 0.1280 0.4052 0.1153 0.4826 0.1661 0.1496 0.3356 0.1128 0.5131 0.1472 0.2228 0.2770 0.1134 0.5201 0.1328 0.3327 0.2308 0.1172 0.4871 0.1224 0.4192 0.1954 0.1260 0.4165 0.1149
0.3823 0.1313 0.1864 0.4395 0.1202 0.4676 0.1202 0.2189 0.3619 0.1292 0.5158 0.1151 0.2617 0.2565 0.1423 0.5180 0.1133 0.3168 0.1634 0.1598 0.4939 0.1147 0.3839 0.1334 0.1825 0.4485 0.1191 0.4551 0.1218 0.2111 0.3830 0.1265 0.5070 0.1163 0.2441 0.3043 0.1355 0.5210 0.1140 0.2781 0.2289 0.1449 0.5169 0.1134 0.3101 0.1771 0.1538 0.5064 0.1131 0.3898 0.1107 0.4707 0.1177 0.4613 0.1781 0.1329 0.3783 0.1136 0.4920 0.1627 0.1525 0.3314 0.1117 0.5125 0.1486 0.2095 0.2852 0.1115 0.5211 0.1359 0.3047 0.2428 0.1138 0.5034 0.1253 0.3938 0.2067 0.1203 0.4422 0.1175 0.4596 0.1779 0.1346 0.3684 0.1129 0.5012 0.1559 0.1763 0.3034 0.1114 0.5202 0.1391 0.2813 0.2514 0.1131 0.5098 0.1269 0.3811 0.2119 0.1190 0.4425
0.1350 0.1825 0.4480 0.1193 0.4576 0.1213 0.2137 0.3746 0.1277 0.5123 0.1155 0.2550 0.2724 0.1402 0.5195 0.1134 0.3083 0.1720 0.1571 0.4985 0.1143 0.3743 0.1358 0.1792 0.4556 0.1184 0.4466 0.1228 0.2075 0.3914 0.1256 0.5036 0.1167 0.2413 0.3102 0.1349 0.5209 0.1141 0.2775 0.2289 0.1451 0.5166 0.1134 0.3126 0.1735 0.1549 0.5050 0.1135 0.3589 0.1209 0.3276 0.1136 0.5156 0.1402 0.2791 0.2536 0.1125 0.5135 0.1285 0.3642 0.2197 0.1165 0.4721 0.1206 0.4321 0.1910 0.1255 0.4058 0.1149 0.4818 0.1673 0.1461 0.3382 0.1116 0.5122 0.1483 0.2159 0.2801 0.1112 0.5206 0.1336 0.3259 0.2337 0.1143 0.4910 0.1229 0.4144 0.1980 0.1226 0.4207 0.1158 0.4742 0.1710 0.1412 0.3479 0.1119 0.5091 0.1507 0.2011 0.2882 0.1114
0.1744 0.4561 0.1184 0.4473 0.1225 0.2088 0.3867 0.1263 0.5077 0.1161 0.2485 0.2881 0.1382 0.5205 0.1135 0.3000 0.1825 0.1544 0.5028 0.1140 0.3645 0.1386 0.1758 0.4627 0.1177 0.4373 0.1239 0.2036 0.4002 0.1246 0.4991 0.1171 0.2377 0.3180 0.1341 0.5206 0.1142 0.2758 0.2313 0.1449 0.5166 0.1134 0.3138 0.1714 0.1556 0.5036 0.1137 0.3519 0.1360 0.2193 0.1348 0.4870 0.1411 0.3373 0.2237 0.1180 0.4772 0.1212 0.4275 0.1924 0.1267 0.4103 0.1154 0.4793 0.1681 0.1460 0.3418 0.1125 0.5110 0.1490 0.2112 0.2828 0.1126 0.5208 0.1342 0.3206 0.2357 0.1158 0.4939 0.1234 0.4105 0.1992 0.1239 0.4248 0.1163 0.4716 0.1717 0.1415 0.3515 0.1127 0.5079 0.1512 0.1984 0.2895 0.1124 0.5211 0.1358 0.3077 0.2410 0.1152 0.4887
0.4453 0.1178 0.4368 0.1239 0.2041 0.3982 0.1250 0.5019 0.1167 0.2423 0.3034 0.1363 0.5210 0.1137 0.2920 0.1948 0.1519 0.5067 0.1137 0.3547 0.1418 0.1725 0.4695 0.1170 0.4275 0.1253 0.1996 0.4094 0.1235 0.4934 0.1177 0.2336 0.3274 0.1331 0.5201 0.1143 0.2730 0.2360 0.1444 0.5169 0.1134 0.3138 0.1707 0.1560 0.5027 0.1138 0.3526 0.1438 0.1740 0.4250 0.1286 0.2285 0.2242 0.2276 0.1193 0.4709 0.1206 0.4341 0.1892 0.1293 0.4022 0.1154 0.4840 0.1653 0.1510 0.3340 0.1131 0.5135 0.1468 0.2250 0.2760 0.1139 0.5200 0.1326 0.3343 0.2300 0.1179 0.4862 0.1223 0.4204 0.1948 0.1268 0.4145 0.1160 0.4779 0.1684 0.1466 0.3423 0.1132 0.5111 0.1488 0.2127 0.2821 0.1137 0.5207 0.1340 0.3227 0.2347 0.1172 0.4929 0.1215
0.1158 0.4262 0.1254 0.1995 0.4091 0.1237 0.4950 0.1174 0.2363 0.3184 0.1345 0.5209 0.1139 0.2843 0.2085 0.1494 0.5101 0.1135 0.3451 0.1457 0.1692 0.4760 0.1163 0.4175 0.1268 0.1956 0.4186 0.1225 0.4866 0.1183 0.2292 0.3378 0.1319 0.5192 0.1145 0.2693 0.2432 0.1436 0.5175 0.1134 0.3126 0.1714 0.1560 0.5024 0.1139 0.3543 0.1441 0.1692 0.4728 0.1186 0.4788 0.1257 0.2554 0.1175 0.4759 0.1212 0.4295 0.1913 0.1285 0.4082 0.1158 0.4805 0.1671 0.1483 0.3399 0.1134 0.5117 0.1483 0.2153 0.2808 0.1140 0.5206 0.1337 0.3252 0.2336 0.1177 0.4914 0.1231 0.4139 0.1975 0.1261 0.4213 0.1165 0.4738 0.1703 0.1442 0.3483 0.1135 0.5090 0.1503 0.2037 0.2869 0.1138 0.5210 0.1351 0.3134 0.2383 0.1171 0.4974 0.1243 0.3833
0.4042 0.1271 0.1951 0.4194 0.1225 0.4870 0.1182 0.2305 0.3329 0.1327 0.5201 0.1142 0.2768 0.2233 0.1471 0.5131 0.1134 0.3358 0.1502 0.1661 0.4822 0.1157 0.4070 0.1285 0.1916 0.4277 0.1215 0.4789 0.1191 0.2246 0.3488 0.1306 0.5178 0.1148 0.2648 0.2525 0.1424 0.5183 0.1134 0.3101 0.1735 0.1556 0.5027 0.1139 0.3550 0.1437 0.1691 0.4789 0.1160 0.4385 0.1137 0.2918 0.1148 0.4833 0.1219 0.4231 0.1942 0.1272 0.4162 0.1163 0.4755 0.1697 0.1447 0.3479 0.1136 0.5088 0.1505 0.2021 0.2879 0.1138 0.5210 0.1353 0.3114 0.2391 0.1171 0.4983 0.1243 0.4040 0.2016 0.1247 0.4312 0.1172 0.4674 0.1734 0.1409 0.3573 0.1138 0.5057 0.1526 0.1913 0.2942 0.1136 0.5209 0.1368 0.2993 0.2440 0.1165 0.5036 0.1253 0.3951 0.2002
0.1308 0.1909 0.4291 0.1214 0.4783 0.1191 0.2249 0.3468 0.1310 0.5186 0.1146 0.2696 0.2387 0.1448 0.5156 0.1133 0.3267 0.1557 0.1631 0.4879 0.1152 0.3965 0.1305 0.1876 0.4366 0.1205 0.4703 0.1200 0.2199 0.3601 0.1293 0.5157 0.1151 0.2599 0.2632 0.1411 0.5192 0.1134 0.3064 0.1771 0.1549 0.5036 0.1138 0.3543 0.1437 0.1692 0.4793 0.1157 0.4161 0.1150 0.3156 0.1127 0.4931 0.1227 0.4167 0.1970 0.1260 0.4240 0.1168 0.4702 0.1724 0.1415 0.3562 0.1138 0.5056 0.1528 0.1897 0.2954 0.1136 0.5209 0.1372 0.2965 0.2451 0.1164 0.5047 0.1256 0.3930 0.2062 0.1233 0.4416 0.1179 0.4603 0.1768 0.1377 0.3670 0.1141 0.5018 0.1551 0.1797 0.3021 0.1135 0.5203 0.1387 0.2841 0.2502 0.1159 0.5090 0.1267 0.3836 0.2101 0.1242
0.1823 0.4382 0.1204 0.4690 0.1200 0.2197 0.3600 0.1295 0.5163 0.1150 0.2627 0.2542 0.1426 0.5177 0.1133 0.3181 0.1623 0.1603 0.4930 0.1147 0.3862 0.1327 0.1838 0.4451 0.1196 0.4610 0.1209 0.2152 0.3715 0.1280 0.5128 0.1155 0.2548 0.2747 0.1397 0.5200 0.1135 0.3018 0.1825 0.1538 0.5050 0.1138 0.3524 0.1442 0.1690 0.4794 0.1157 0.4070 0.1198 0.2861 0.1131 0.5109 0.1242 0.4096 0.1997 0.1250 0.4312 0.1173 0.4650 0.1751 0.1389 0.3644 0.1140 0.5021 0.1551 0.1791 0.3029 0.1135 0.5201 0.1391 0.2810 0.2515 0.1158 0.5099 0.1269 0.3813 0.2110 0.1220 0.4521 0.1188 0.4525 0.1805 0.1349 0.3771 0.1144 0.4973 0.1578 0.1697 0.3104 0.1134 0.5191 0.1408 0.2683 0.2567 0.1154 0.5133 0.1281 0.3714 0.2150 0.1211 0.4481
0.4263 0.1196 0.4602 0.1209 0.2150 0.3715 0.1281 0.5133 0.1153 0.2567 0.2684 0.1408 0.5192 0.1133 0.3104 0.1696 0.1578 0.4974 0.1143 0.3770 0.1348 0.1805 0.4526 0.1187 0.4520 0.1219 0.2110 0.3818 0.1268 0.5094 0.1158 0.2500 0.2859 0.1383 0.5206 0.1135 0.2973 0.1886 0.1526 0.5065 0.1136 0.3499 0.1448 0.1687 0.4796 0.1157 0.4034 0.1262 0.2262 0.1347 0.5187 0.1305 0.3930 0.2028 0.1241 0.4374 0.1178 0.4600 0.1776 0.1366 0.3723 0.1143 0.4984 0.1574 0.1703 0.3104 0.1134 0.5190 0.1411 0.2655 0.2580 0.1153 0.5140 0.1284 0.3689 0.2161 0.1208 0.4622 0.1197 0.4442 0.1842 0.1325 0.3874 0.1148 0.4925 0.1606 0.1615 0.3190 0.1133 0.5175 0.1429 0.2525 0.2635 0.1149 0.5166 0.1296 0.3586 0.2202 0.1199 0.4701 0.1189
0.1176 0.4563 0.1208 0.2131 0.3766 0.1275 0.5116 0.1150 0.2540 0.2749 0.1399 0.5197 0.1129 0.3069 0.1733 0.1567 0.4993 0.1139 0.3728 0.1355 0.1790 0.4559 0.1182 0.4477 0.1219 0.2091 0.3864 0.1263 0.5076 0.1155 0.2480 0.2903 0.1378 0.5207 0.1131 0.2960 0.1899 0.1525 0.5066 0.1133 0.3508 0.1437 0.1695 0.4777 0.1157 0.4069 0.1283 0.1929 0.3852 0.1362 0.1631 0.3083 0.2113 0.1230 0.4428 0.1182 0.4554 0.1799 0.1348 0.3796 0.1146 0.4947 0.1596 0.1631 0.3179 0.1133 0.5175 0.1430 0.2506 0.2645 0.1149 0.5171 0.1300 0.3559 0.2213 0.1197 0.4720 0.1207 0.4354 0.1882 0.1303 0.3978 0.1153 0.4872 0.1635 0.1549 0.3279 0.1134 0.5153 0.1451 0.2368 0.2705 0.1145 0.5188 0.1313 0.3451 0.2256 0.1190 0.4794 0.1217 0.4072
0.4652 0.1170 0.2241 0.3505 0.1306 0.5180 0.1127 0.2676 0.2431 0.1442 0.5164 0.1119 0.3239 0.1558 0.1626 0.4896 0.1142 0.3932 0.1290 0.1869 0.4394 0.1199 0.4677 0.1179 0.2194 0.3616 0.1292 0.5158 0.1130 0.2615 0.2574 0.1422 0.5183 0.1118 0.3139 0.1654 0.1587 0.4971 0.1134 0.3744 0.1341 0.1784 0.4600 0.1173 0.4356 0.1223 0.2011 0.4044 0.1266 0.5186 0.1240 0.2560 0.1195 0.4484 0.1186 0.4515 0.1820 0.1333 0.3863 0.1148 0.4911 0.1618 0.1575 0.3252 0.1133 0.5156 0.1450 0.2363 0.2711 0.1145 0.5191 0.1315 0.3425 0.2267 0.1188 0.4812 0.1217 0.4260 0.1923 0.1283 0.4084 0.1158 0.4814 0.1665 0.1496 0.3369 0.1134 0.5127 0.1474 0.2214 0.2778 0.1142 0.5203 0.1329 0.3311 0.2312 0.1181 0.4881 0.1226 0.4181 0.1908
0.1114 0.2848 0.2074 0.1496 0.5106 0.1118 0.3438 0.1429 0.1696 0.4770 0.1155 0.4161 0.1232 0.1962 0.4189 0.1223 0.4875 0.1145 0.2313 0.3319 0.1328 0.5202 0.1111 0.2773 0.2212 0.1475 0.5131 0.1115 0.3358 0.1470 0.1668 0.4827 0.1148 0.4050 0.1253 0.1912 0.4316 0.1207 0.4734 0.1161 0.2207 0.3613 0.1289 0.5143 0.1121 0.2544 0.2789 0.1393 0.5194 0.1108 0.3513 0.1134 0.4591 0.1189 0.4486 0.1836 0.1321 0.3920 0.1151 0.4876 0.1638 0.1532 0.3321 0.1134 0.5135 0.1469 0.2228 0.2775 0.1142 0.5203 0.1332 0.3289 0.2323 0.1179 0.4897 0.1229 0.4161 0.1965 0.1265 0.4190 0.1164 0.4752 0.1696 0.1451 0.3463 0.1136 0.5097 0.1497 0.2067 0.2853 0.1139 0.5209 0.1347 0.3165 0.2370 0.1173 0.4959 0.1238 0.4077 0.2001 0.1272
0.4652 0.1170 0.2241 0.3505 0.1306 0.5180 0.1127 0.2676 0.2431 0.1442 0.5164 0.1119 0.3239 0.1558 0.1626 0.4896 0.1142 0.3932 0.1290 0.1869 0.4394 0.1199 0.4677 0.1179 0.2194 0.3616 0.1292 0.5158 0.1130 0.2615 0.2574 0.1422 0.5183 0.1118 0.3139 0.1654 0.1587 0.4971 0.1134 0.3744 0.1341 0.1784 0.4600 0.1173 0.4356 0.1223 0.2006 0.4105 0.1236 0.5083 0.1102 0.4892 0.1195 0.4459 0.1847 0.1313 0.3964 0.1154 0.4844 0.1657 0.1498 0.3385 0.1135 0.5113 0.1489 0.2104 0.2840 0.1139 0.5209 0.1348 0.3152 0.2378 0.1172 0.4973 0.1241 0.4056 0.2010 0.1249 0.4297 0.1171 0.4684 0.1729 0.1414 0.3559 0.1138 0.5062 0.1522 0.1932 0.2930 0.1137 0.5210 0.1366 0.3015 0.2431 0.1166 0.5027 0.1251 0.3968 0.2047 0.1238 0.4264
0.1176 0.4563 0.1208 0.2131 0.3766 0.1275 0.5116 0.1150 0.2540 0.2749 0.1399 0.5197 0.1129 0.3069 0.1733 0.1567 0.4993 0.1139 0.3728 0.1355 0.1790 0.4559 0.1182 0.4477 0.1219 0.2091 0.3864 0.1263 0.5076 0.1155 0.2480 0.2903 0.1378 0.5207 0.1131 0.2960 0.1899 0.1525 0.5066 0.1133 0.3508 0.1437 0.1695 0.4777 0.1157 0.4067 0.1288 0.1885 0.4341 0.1233 0.5206 0.1227 0.4402 0.1856 0.1308 0.3993 0.1155 0.4820 0.1672 0.1472 0.3442 0.1136 0.5090 0.1507 0.1995 0.2903 0.1137 0.5210 0.1364 0.3016 0.2435 0.1166 0.5036 0.1254 0.3946 0.2056 0.1234 0.4403 0.1178 0.4612 0.1764 0.1381 0.3657 0.1140 0.5023 0.1548 0.1811 0.3011 0.1135 0.5204 0.1385 0.2861 0.2494 0.1160 0.5083 0.1265 0.3852 0.2094 0.1224 0.4487 0.1172
0.4263 0.1196 0.4602 0.1209 0.2150 0.3715 0.1281 0.5133 0.1153 0.2567 0.2684 0.1408 0.5192 0.1133 0.3104 0.1696 0.1578 0.4974 0.1143 0.3770 0.1348 0.1805 0.4526 0.1187 0.4520 0.1219 0.2110 0.3818 0.1268 0.5094 0.1158 0.2500 0.2859 0.1383 0.5206 0.1135 0.2973 0.1886 0.1526 0.5065 0.1136 0.3499 0.1448 0.1687 0.4796 0.1157 0.4020 0.1300 0.1885 0.4113 0.1386 0.4121 0.1881 0.1304 0.4008 0.1157 0.4803 0.1683 0.1454 0.3488 0.1137 0.5069 0.1523 0.1902 0.2962 0.1136 0.5207 0.1381 0.2881 0.2490 0.1160 0.5087 0.1267 0.3833 0.2103 0.1221 0.4507 0.1187 0.4535 0.1800 0.1353 0.3758 0.1143 0.4979 0.1574 0.1708 0.3094 0.1134 0.5193 0.1405 0.2704 0.2559 0.1155 0.5128 0.1279 0.3730 0.2144 0.1212 0.4589 0.1195 0.4275
0.1823 0.4382 0.1204 0.4690 0.1200 0.2197 0.3600 0.1295 0.5163 0.1150 0.2627 0.2542 0.1426 0.5177 0.1133 0.3181 0.1623 0.1603 0.4930 0.1147 0.3862 0.1327 0.1838 0.4451 0.1196 0.4610 0.1209 0.2152 0.3715 0.1280 0.5128 0.1155 0.2548 0.2747 0.1397 0.5200 0.1135 0.3018 0.1825 0.1538 0.5050 0.1138 0.3524 0.1442 0.1690 0.4794 0.1157 0.4020 0.1288 0.2006 0.2797 0.2005 0.1288 0.4018 0.1157 0.4795 0.1689 0.1443 0.3522 0.1138 0.5050 0.1537 0.1827 0.3016 0.1135 0.5200 0.1396 0.2753 0.2545 0.1155 0.5127 0.1280 0.3720 0.2150 0.1210 0.4608 0.1196 0.4453 0.1837 0.1328 0.3861 0.1147 0.4931 0.1602 0.1625 0.3179 0.1133 0.5177 0.1426 0.2545 0.2626 0.1150 0.5162 0.1294 0.3602 0.2196 0.1201 0.4688 0.1203 0.4383 0.1822
0.1308 0.1909 0.4291 0.1214 0.4783 0.1191 0.2249 0.3468 0.1310 0.5186 0.1146 0.2696 0.2387 0.1448 0.5156 0.1133 0.3267 0.1557 0.1631 0.4879 0.1152 0.3965 0.1305 0.1876 0.4366 0.1205 0.4703 0.1200 0.2199 0.3601 0.1293 0.5157 0.1151 0.2599 0.2632 0.1411 0.5192 0.1134 0.3064 0.1771 0.1549 0.5036 0.1138 0.3543 0.1437 0.1692 0.4794 0.1157 0.4067 0.1223 0.2544 0.1223 0.4067 0.1157 0.4794 0.1692 0.1437 0.3543 0.1138 0.5036 0.1549 0.1772 0.3064 0.1134 0.5192 0.1411 0.2634 0.2598 0.1151 0.5157 0.1293 0.3605 0.2198 0.1200 0.4701 0.1205 0.4366 0.1876 0.1305 0.3965 0.1152 0.4879 0.1631 0.1557 0.3267 0.1133 0.5156 0.1448 0.2387 0.2696 0.1146 0.5186 0.1310 0.3469 0.2249 0.1191 0.4783 0.1214 0.4291 0.1909 0.1308
