-33.1086 -42.7083 -18.1733 -40.4248 13.5762 -27.2754 -48.0129 29.1954 -34.7782 -31.9744 -20.7892 -41.9597 18.3252 -28.6815 -48.7533 12.5486 -36.0343 -13.9279 -22.8138 -43.5246 23.2089 -30.1324 -48.7796 -5.9347 -37.3209 0.2077 -24.4048 -45.0853 28.1282 -31.6203 -47.7085 -13.6587 -38.7288 7.5902 -25.7207 -46.5661 31.8527 -33.1166 -43.7135 -17.7026 -40.1973 12.8453 -27.0684 -47.8488 30.3443 -34.5687 -34.1251 -20.4388 -41.7249 17.6040 -28.4659 -48.6888 16.0053 -36.3025 7.8182 -35.5810 30.3784 -47.8488 -27.0684 12.8453 -40.1973 -17.7026 -43.7135 -33.1166 31.8527 -46.5661 -25.7207 7.5902 -38.7288 -13.6587 -47.7085 -31.6203 28.1282 -45.0853 -24.4048 0.2077 -37.3209 -5.9347 -48.7796 -30.1324 23.2089 -43.5246 -22.8138 -13.9279 -36.0343 12.5486 -48.7533 -28.6815 18.3252 -41.9597 -20.7892 -31.9744 -34.7782 29.1954 -48.0129 -27.2754 13.5762 -40.4248 -18.1733 -42.7083 -33.1086
-42.7083 -18.5799 -40.1738 14.0995 -28.4910 -48.3024 34.0284 -35.0609 -27.7482 -22.0428 -41.9182 18.7809 -29.7799 -48.9627 21.6509 -35.9181 -9.5048 -24.3586 -43.6168 23.6445 -31.0912 -48.6546 -1.7558 -36.7641 2.2082 -25.9483 -45.2844 28.8252 -32.4188 -46.9725 -13.0023 -38.3461 8.6123 -27.1101 -46.8417 33.5051 -33.7157 -41.7999 -18.2670 -39.9799 13.4857 -28.3204 -48.1442 34.5705 -34.9003 -30.2191 -21.6262 -41.6616 18.0750 -29.5845 -48.9193 24.6778 -35.8436 -10.1555 -29.4842 -25.8009 -34.9850 34.5705 -48.1442 -28.3204 13.4857 -39.9799 -18.2670 -41.7999 -33.7157 33.5051 -46.8417 -27.1101 8.6123 -38.3461 -13.0023 -46.9725 -32.4188 28.8252 -45.2844 -25.9483 2.2082 -36.7641 -1.7558 -48.6546 -31.0912 23.6445 -43.6168 -24.3586 -9.5048 -35.9181 21.6509 -48.9627 -29.7799 18.7809 -41.9182 -22.0428 -27.7482 -35.0609 34.0284 -48.3024 -28.4910 14.0995 -40.1738 -18.5799 -42.7083
-18.1733 -40.1738 14.3549 -28.6227 -48.4211 33.3468 -35.4152 -25.2420 -22.4277 -42.1655 19.4736 -30.0146 -48.9811 18.3114 -36.3038 -7.1780 -24.6348 -43.8691 24.4026 -31.3606 -48.5472 -4.1777 -36.9961 3.3516 -26.1060 -45.5238 29.5968 -32.7204 -46.4786 -13.9938 -38.5845 9.3912 -27.2847 -47.0570 34.0218 -34.0518 -40.5617 -18.8458 -40.2285 14.1645 -28.5239 -48.3028 34.0467 -35.2634 -27.8032 -22.0375 -41.9124 18.7709 -29.8156 -48.9622 21.7318 -36.2014 -9.5521 -24.8627 -46.3877 -23.0568 -27.8315 -35.2621 34.0467 -48.3028 -28.5239 14.1645 -40.2285 -18.8458 -40.5617 -34.0518 34.0218 -47.0570 -27.2847 9.3912 -38.5845 -13.9938 -46.4786 -32.7204 29.5968 -45.5238 -26.1060 3.3516 -36.9961 -4.1777 -48.5472 -31.3606 24.4026 -43.8691 -24.6348 -7.1780 -36.3038 18.3114 -48.9811 -30.0146 19.4736 -42.1655 -22.4277 -25.2420 -35.4152 33.3468 -48.4211 -28.6227 14.3549 -40.1738 -18.1733
-40.4248 14.0995 -28.6227 -48.4673 32.7916 -35.5235 -22.9874 -22.7622 -42.4020 20.1476 -30.2055 -48.9725 14.6864 -36.3904 -5.0837 -24.9015 -44.1177 25.1682 -31.5619 -48.3972 -6.2857 -37.2290 4.4146 -26.2778 -45.7631 30.3462 -32.9231 -45.9028 -14.8946 -38.8260 10.1373 -27.4649 -47.2640 34.4452 -34.2410 -39.1723 -19.3956 -40.4774 14.8475 -28.7121 -48.4483 33.2371 -35.4275 -25.1999 -22.4266 -42.1657 19.4666 -30.0121 -48.9800 18.3662 -36.3021 -7.2119 -24.6394 -43.9313 34.6330 -42.4460 -22.4382 -25.1994 -35.4275 33.2371 -48.4483 -28.7121 14.8475 -40.4774 -19.3956 -39.1723 -34.2410 34.4452 -47.2640 -27.4649 10.1373 -38.8260 -14.8946 -45.9028 -32.9231 30.3462 -45.7631 -26.2778 4.4146 -37.2290 -6.2857 -48.3972 -31.5619 25.1682 -44.1177 -24.9015 -5.0837 -36.3904 14.6864 -48.9725 -30.2055 20.1476 -42.4020 -22.7622 -22.9874 -35.5235 32.7916 -48.4673 -28.6227 14.0995 -40.4248
13.5762 -28.4910 -48.4211 32.7916 -35.5638 -21.5956 -23.0018 -42.6004 20.7667 -30.3842 -48.9360 11.0512 -36.4634 -3.2543 -25.1487 -44.3648 25.9327 -31.7636 -48.2021 -8.0968 -37.4609 5.4022 -26.4509 -45.9991 31.0850 -33.1225 -45.2343 -15.7168 -39.0694 10.8704 -27.6471 -47.4663 34.7584 -34.4281 -37.6338 -19.9151 -40.7270 15.5286 -28.9017 -48.5783 32.1169 -35.5817 -22.4524 -22.8005 -42.4191 20.1760 -30.2101 -48.9702 14.7332 -36.3922 -5.1150 -24.8978 -44.1111 25.6442 -35.4084 21.3054 -42.4125 -22.8002 -22.4524 -35.5817 32.1169 -48.5783 -28.9017 15.5286 -40.7270 -19.9151 -37.6338 -34.4281 34.7584 -47.4663 -27.6471 10.8704 -39.0694 -15.7168 -45.2343 -33.1225 31.0850 -45.9991 -26.4509 5.4022 -37.4609 -8.0968 -48.2021 -31.7636 25.9327 -44.3648 -25.1487 -3.2543 -36.4634 11.0512 -48.9360 -30.3842 20.7667 -42.6004 -23.0018 -21.5956 -35.5638 32.7916 -48.4211 -28.4910 13.5762
-27.2754 -48.3024 33.3468 -35.5235 -21.5956 -23.0907 -42.7182 21.2196 -30.5294 -48.8807 7.6540 -36.5140 -1.6594 -25.3739 -44.6073 26.6894 -31.9632 -47.9573 -9.6439 -37.6963 6.3176 -26.6247 -46.2316 31.7962 -33.3208 -44.4744 -16.4745 -39.3115 11.5896 -27.8293 -47.6609 34.9443 -34.6131 -35.9006 -20.4026 -40.9780 16.2097 -29.0941 -48.6951 30.6714 -35.7292 -19.6469 -23.1588 -42.6698 20.8929 -30.4089 -48.9294 10.8972 -36.4626 -3.2341 -25.1479 -44.3642 25.9174 -32.6285 -37.1060 -31.8054 20.8782 -42.6699 -23.1588 -19.6469 -35.7292 30.6714 -48.6951 -29.0941 16.2097 -40.9780 -20.4026 -35.9006 -34.6131 34.9443 -47.6609 -27.8293 11.5896 -39.3115 -16.4745 -44.4744 -33.3208 31.7962 -46.2316 -26.6247 6.3176 -37.6963 -9.6439 -47.9573 -31.9632 26.6894 -44.6073 -25.3739 -1.6594 -36.5140 7.6540 -48.8807 -30.5294 21.2196 -42.7182 -23.0907 -21.5956 -35.5235 33.3468 -48.3024 -27.2754
-48.0129 34.0284 -35.4152 -22.9874 -23.0018 -42.7182 21.3872 -30.6118 -48.8292 5.0547 -36.5455 -0.3418 -25.5721 -44.8386 27.4285 -32.1582 -47.6617 -10.9758 -37.9295 7.1808 -26.7963 -46.4576 32.4629 -33.5193 -43.5976 -17.1684 -39.5570 12.2891 -28.0134 -47.8452 34.9752 -34.7941 -33.9821 -20.8708 -41.2267 16.8942 -29.2861 -48.7947 28.8346 -35.8714 -16.7944 -23.4984 -42.9235 21.6104 -30.6093 -48.8557 7.1040 -36.5180 -1.5725 -25.3822 -44.6109 26.6983 -31.9915 -47.7850 -21.2583 -48.7347 -30.6740 21.6105 -42.9235 -23.4984 -16.7944 -35.8714 28.8346 -48.7947 -29.2861 16.8942 -41.2267 -20.8708 -33.9821 -34.7941 34.9752 -47.8452 -28.0134 12.2891 -39.5570 -17.1684 -43.5976 -33.5193 32.4629 -46.4576 -26.7963 7.1808 -37.9295 -10.9758 -47.6617 -32.1582 27.4285 -44.8386 -25.5721 -0.3418 -36.5455 5.0547 -48.8292 -30.6118 21.3872 -42.7182 -23.0018 -22.9874 -35.4152 34.0284 -48.0129
29.1954 -35.0609 -25.2420 -22.7622 -42.6004 21.2196 -30.6118 -48.8079 3.6715 -36.5653 0.6048 -25.7285 -45.0450 28.1238 -32.3440 -47.3167 -12.1392 -38.1584 7.9920 -26.9664 -46.6735 33.0744 -33.7116 -42.6113 -17.8128 -39.8033 12.9856 -28.1995 -48.0222 34.8260 -34.9728 -31.8725 -21.3166 -41.4783 17.5741 -29.4794 -48.8739 26.5832 -36.0004 -13.9996 -23.8244 -43.1768 22.3451 -30.8084 -48.7740 3.5478 -36.5591 -0.0699 -25.5987 -44.8585 27.4714 -32.1647 -47.6579 -11.7095 -40.2226 -0.7304 -48.7515 -30.8072 22.3451 -43.1768 -23.8244 -13.9996 -36.0004 26.5832 -48.8739 -29.4794 17.5741 -41.4783 -21.3166 -31.8725 -34.9728 34.8260 -48.0222 -28.1995 12.9856 -39.8033 -17.8128 -42.6113 -33.7116 33.0744 -46.6735 -26.9664 7.9920 -38.1584 -12.1392 -47.3167 -32.3440 28.1238 -45.0450 -25.7285 0.6048 -36.5653 3.6715 -48.8079 -30.6118 21.2196 -42.6004 -22.7622 -25.2420 -35.0609 29.1954
-34.7782 -27.7482 -22.4277 -42.4020 20.7667 -30.5294 -48.8292 3.6715 -36.5728 1.1159 -25.8304 -45.2059 28.7093 -32.5082 -46.9414 -13.1382 -38.3852 8.7616 -27.1377 -46.8842 33.6212 -33.8992 -41.5253 -18.4081 -40.0443 13.6653 -28.3844 -48.1890 34.4621 -35.1431 -29.5657 -21.7409 -41.7312 18.2646 -29.6750 -48.9335 23.9361 -36.1207 -11.3610 -24.1348 -43.4296 23.0881 -31.0082 -48.7089 0.3559 -36.6407 1.2874 -25.7967 -45.1041 28.2516 -32.3678 -47.2886 -12.1830 -38.3196 17.7974 -36.9628 0.4436 -48.7089 -31.0082 23.0881 -43.4296 -24.1348 -11.3610 -36.1207 23.9361 -48.9335 -29.6750 18.2646 -41.7312 -21.7409 -29.5657 -35.1431 34.4621 -48.1890 -28.3844 13.6653 -40.0443 -18.4081 -41.5253 -33.8992 33.6212 -46.8842 -27.1377 8.7616 -38.3852 -13.1382 -46.9414 -32.5082 28.7093 -45.2059 -25.8304 1.1159 -36.5728 3.6715 -48.8292 -30.5294 20.7667 -42.4020 -22.4277 -27.7482 -34.7782
-31.9744 -22.0428 -42.1655 20.1476 -30.3842 -48.8807 5.0547 -36.5653 1.1159 -25.8658 -45.2961 29.1035 -32.6335 -46.5866 -13.9271 -38.5932 9.4631 -27.3054 -47.0873 34.0987 -34.0847 -40.3086 -18.9605 -40.2827 14.3229 -28.5671 -48.3405 33.8631 -35.3061 -27.1106 -22.1450 -41.9815 18.9626 -29.8699 -48.9697 20.8454 -36.2304 -8.8768 -24.4267 -43.6825 23.8393 -31.2108 -48.6307 -2.3848 -36.8243 2.5076 -25.9782 -45.3450 29.0273 -32.5703 -46.8515 -13.2665 -38.4058 9.2711 -31.9876 4.1772 -36.8249 -2.3845 -48.6307 -31.2108 23.8393 -43.6825 -24.4267 -8.8768 -36.2304 20.8454 -48.9697 -29.8699 18.9626 -41.9815 -22.1450 -27.1106 -35.3061 33.8631 -48.3405 -28.5671 14.3229 -40.2827 -18.9605 -40.3086 -34.0847 34.0987 -47.0873 -27.3054 9.4631 -38.5932 -13.9271 -46.5866 -32.6335 29.1035 -45.2961 -25.8658 1.1159 -36.5653 5.0547 -48.8807 -30.3842 20.1476 -42.1655 -22.0428 -31.9744
-20.7892 -41.9182 19.4736 -30.2055 -48.9360 7.6540 -36.5455 0.6048 -25.8304 -45.2961 29.2424 -32.7015 -46.3282 -14.4850 -38.7623 10.0526 -27.4583 -47.2737 34.4812 -34.2652 -38.9477 -19.4826 -40.5219 14.9777 -28.7493 -48.4775 33.0176 -35.4628 -24.5403 -22.5221 -42.2281 19.6495 -30.0636 -48.9813 17.3827 -36.3275 -6.6137 -24.7052 -43.9317 24.6004 -31.4118 -48.5125 -4.7548 -37.0563 3.6358 -26.1505 -45.5863 29.7865 -32.7737 -46.3379 -14.2354 -38.6468 9.5772 -27.9660 -48.7796 -27.1731 3.6248 -37.0562 -4.7548 -48.5125 -31.4118 24.6004 -43.9317 -24.7052 -6.6137 -36.3275 17.3827 -48.9813 -30.0636 19.6495 -42.2281 -22.5221 -24.5403 -35.4628 33.0176 -48.4775 -28.7493 14.9777 -40.5219 -19.4826 -38.9477 -34.2652 34.4812 -47.2737 -27.4583 10.0526 -38.7623 -14.4850 -46.3282 -32.7015 29.2424 -45.2961 -25.8304 0.6048 -36.5455 7.6540 -48.9360 -30.2055 19.4736 -41.9182 -20.7892
-41.9597 18.7809 -30.0146 -48.9725 11.0512 -36.5140 -0.3418 -25.7285 -45.2059 29.1035 -32.7015 -46.2345 -14.7761 -38.8754 10.4888 -27.5814 -47.4299 34.7433 -34.4312 -37.4998 -19.9704 -40.7619 15.6316 -28.9326 -48.6014 31.8807 -35.6111 -21.8827 -22.8780 -42.4714 20.3321 -30.2556 -48.9655 13.7462 -36.4122 -4.6004 -24.9678 -44.1824 25.3602 -31.6134 -48.3524 -6.7844 -37.2872 4.6772 -26.3225 -45.8246 30.5403 -32.9737 -45.7380 -15.1143 -38.8893 10.3285 -27.5288 -47.1274 18.0079 -45.7748 -26.3571 4.6773 -37.2872 -6.7844 -48.3524 -31.6134 25.3602 -44.1824 -24.9678 -4.6004 -36.4122 13.7462 -48.9655 -30.2556 20.3321 -42.4714 -22.8780 -21.8827 -35.6111 31.8807 -48.6014 -28.9326 15.6316 -40.7619 -19.9704 -37.4998 -34.4312 34.7433 -47.4299 -27.5814 10.4888 -38.8754 -14.7761 -46.2345 -32.7015 29.1035 -45.2059 -25.7285 -0.3418 -36.5140 11.0512 -48.9725 -30.0146 18.7809 -41.9597
18.3252 -29.7799 -48.9811 14.6864 -36.4634 -1.6594 -25.5721 -45.0450 28.7093 -32.6335 -46.3282 -14.7761 -38.9153 10.7195 -27.6632 -47.5444 34.8873 -34.5698 -36.0801 -20.3998 -40.9894 16.2687 -29.1142 -48.7108 30.4199 -35.7525 -19.1563 -23.2186 -42.7148 21.0220 -30.4467 -48.9195 10.0569 -36.4791 -2.8218 -25.2084 -44.4293 26.1240 -31.8156 -48.1427 -8.5096 -37.5221 5.6378 -26.4961 -46.0597 31.2724 -33.1729 -45.0527 -15.9200 -39.1306 11.0591 -27.6933 -47.5100 35.0799 -37.1826 32.4364 -46.0472 -26.4961 5.6378 -37.5221 -8.5096 -48.1427 -31.8156 26.1240 -44.4293 -25.2084 -2.8218 -36.4791 10.0569 -48.9195 -30.4467 21.0220 -42.7148 -23.2186 -19.1563 -35.7525 30.4199 -48.7108 -29.1142 16.2687 -40.9894 -20.3998 -36.0801 -34.5698 34.8873 -47.5444 -27.6632 10.7195 -38.9153 -14.7761 -46.3282 -32.6335 28.7093 -45.0450 -25.5721 -1.6594 -36.4634 14.6864 -48.9811 -29.7799 18.3252
-28.6815 -48.9627 18.3114 -36.3904 -3.2543 -25.3739 -44.8386 28.1238 -32.5082 -46.5866 -14.4850 -38.8754 10.7195 -27.6929 -47.6058 34.9483 -34.6696 -34.8516 -20.7471 -41.1893 16.8515 -29.2864 -48.8010 28.6332 -35.8862 -16.4225 -23.5442 -42.9581 21.7197 -30.6386 -48.8412 6.4446 -36.5299 -1.2495 -25.4298 -44.6686 26.8817 -32.0133 -47.8841 -9.9999 -37.7575 6.5494 -26.6690 -46.2917 31.9745 -33.3737 -44.2588 -16.6543 -39.3752 11.7675 -27.8764 -47.7081 34.9732 -35.3520 -2.3305 -34.6178 31.9732 -46.2918 -26.6690 6.5494 -37.7575 -9.9999 -47.8841 -32.0133 26.8817 -44.6686 -25.4298 -1.2495 -36.5299 6.4446 -48.8412 -30.6386 21.7197 -42.9581 -23.5442 -16.4225 -35.8862 28.6332 -48.8010 -29.2864 16.8515 -41.1893 -20.7471 -34.8516 -34.6696 34.9483 -47.6058 -27.6929 10.7195 -38.8754 -14.4850 -46.5866 -32.5082 28.1238 -44.8386 -25.3739 -3.2543 -36.3904 18.3114 -48.9627 -28.6815
-48.7533 21.6509 -36.3038 -5.0837 -25.1487 -44.6073 27.4285 -32.3440 -46.9414 -13.9271 -38.7623 10.4888 -27.6632 -47.6058 34.9634 -34.7232 -34.0085 -20.9936 -41.3512 17.3493 -29.4399 -48.8692 26.6127 -36.0065 -13.7866 -23.8551 -43.2013 22.4256 -30.8312 -48.7634 3.0780 -36.5637 0.1663 -25.6351 -44.9058 27.6307 -32.2083 -47.5773 -11.2880 -37.9883 7.4000 -26.8399 -46.5139 32.6298 -33.5699 -43.3492 -17.3409 -39.6208 12.4709 -28.0616 -47.8921 34.9555 -34.8672 -32.2498 -27.2260 -41.7671 -33.6445 32.6298 -46.5139 -26.8399 7.4000 -37.9883 -11.2880 -47.5773 -32.2083 27.6307 -44.9058 -25.6351 0.1663 -36.5637 3.0780 -48.7634 -30.8312 22.4256 -43.2013 -23.8551 -13.7866 -36.0065 26.6127 -48.8692 -29.4399 17.3493 -41.3512 -20.9936 -34.0085 -34.7232 34.9634 -47.6058 -27.6632 10.4888 -38.7623 -13.9271 -46.9414 -32.3440 27.4285 -44.6073 -25.1487 -5.0837 -36.3038 21.6509 -48.7533
12.5486 -35.9181 -7.1780 -24.9015 -44.3648 26.6894 -32.1582 -47.3167 -13.1382 -38.5932 10.0526 -27.5814 -47.5444 34.9483 -34.7232 -33.7017 -21.1242 -41.4584 17.7175 -29.5615 -48.9166 24.5623 -36.1076 -11.4473 -24.1394 -43.4407 23.1398 -31.0244 -48.7030 0.0653 -36.6541 1.4486 -25.8237 -45.1413 28.3788 -32.4032 -47.2110 -12.4177 -38.2174 8.1927 -27.0103 -46.7281 33.2209 -33.7600 -42.3424 -17.9741 -39.8644 13.1649 -28.2479 -48.0663 34.7529 -35.0147 -31.3263 -21.8724 -44.2468 -19.0695 -42.3666 -33.7600 33.2209 -46.7281 -27.0103 8.1927 -38.2174 -12.4177 -47.2110 -32.4032 28.3788 -45.1413 -25.8237 1.4486 -36.6541 0.0653 -48.7030 -31.0244 23.1398 -43.4407 -24.1394 -11.4473 -36.1076 24.5623 -48.9166 -29.5615 17.7175 -41.4584 -21.1242 -33.7017 -34.7232 34.9483 -47.5444 -27.5814 10.0526 -38.5932 -13.1382 -47.3167 -32.1582 26.6894 -44.3648 -24.9015 -7.1780 -35.9181 12.5486
-36.0343 -9.5048 -24.6348 -44.1177 25.9327 -31.9632 -47.6617 -12.1392 -38.3852 9.4631 -27.4583 -47.4299 34.8873 -34.6696 -34.0085 -21.1242 -41.4964 17.9163 -29.6407 -48.9444 22.7651 -36.1865 -9.5166 -24.3824 -43.6625 23.8310 -31.2142 -48.6250 -2.5603 -36.8431 2.6184 -25.9964 -45.3748 29.1228 -32.5977 -46.7793 -13.4311 -38.4478 8.9548 -27.1819 -46.9376 33.7512 -33.9471 -41.2257 -18.5533 -40.1055 13.8349 -28.4323 -48.2284 34.3292 -35.1853 -28.9621 -21.8489 -41.9063 28.8290 -40.4373 -18.5577 -41.2256 -33.9471 33.7512 -46.9376 -27.1819 8.9548 -38.4478 -13.4311 -46.7793 -32.5977 29.1228 -45.3748 -25.9964 2.6184 -36.8431 -2.5603 -48.6250 -31.2142 23.8310 -43.6625 -24.3824 -9.5166 -36.1865 22.7651 -48.9444 -29.6407 17.9163 -41.4964 -21.1242 -34.0085 -34.6696 34.8873 -47.4299 -27.4583 9.4631 -38.3852 -12.1392 -47.6617 -31.9632 25.9327 -44.1177 -24.6348 -9.5048 -36.0343
-13.9279 -24.3586 -43.8691 25.1682 -31.7636 -47.9573 -10.9758 -38.1584 8.7616 -27.3054 -47.2737 34.7433 -34.5698 -34.8516 -20.9936 -41.4584 17.9163 -29.6693 -48.9573 21.5196 -36.2380 -8.0871 -24.5768 -43.8527 24.4468 -31.3887 -48.5177 -4.7648 -37.0627 3.6941 -26.1614 -45.6061 29.8584 -32.7919 -46.2755 -14.3481 -38.6793 9.6916 -27.3547 -47.1418 34.2084 -34.1320 -39.9729 -19.0975 -40.3441 14.4914 -28.6139 -48.3769 33.6717 -35.3485 -26.4706 -22.2436 -42.0427 19.5556 -34.1573 15.5391 -40.3431 -19.0975 -39.9729 -34.1320 34.2084 -47.1418 -27.3547 9.6916 -38.6793 -14.3481 -46.2755 -32.7919 29.8584 -45.6061 -26.1614 3.6941 -37.0627 -4.7648 -48.5177 -31.3887 24.4468 -43.8527 -24.5768 -8.0871 -36.2380 21.5196 -48.9573 -29.6693 17.9163 -41.4584 -20.9936 -34.8516 -34.5698 34.7433 -47.2737 -27.3054 8.7616 -38.1584 -10.9758 -47.9573 -31.7636 25.1682 -43.8691 -24.3586 -13.9279
-22.8138 -43.6168 24.4026 -31.5619 -48.2021 -9.6439 -37.9295 7.9920 -27.1377 -47.0873 34.4812 -34.4312 -36.0801 -20.7471 -41.3512 17.7175 -29.6407 -48.9573 21.0703 -36.2652 -7.2190 -24.7121 -44.0012 24.9610 -31.5386 -48.3938 -6.5296 -37.2711 4.6517 -26.3243 -45.8348 30.5803 -32.9854 -45.6926 -15.1845 -38.9120 10.4075 -27.5287 -47.3401 34.5766 -34.3145 -38.5732 -19.6123 -40.5836 15.1458 -28.7963 -48.5106 32.7544 -35.5015 -23.8664 -22.6151 -42.2906 19.8214 -30.9195 -46.0440 -30.0907 15.1403 -40.5836 -19.6123 -38.5732 -34.3145 34.5766 -47.3401 -27.5287 10.4075 -38.9120 -15.1845 -45.6926 -32.9854 30.5803 -45.8348 -26.3243 4.6517 -37.2711 -6.5296 -48.3938 -31.5386 24.9610 -44.0012 -24.7121 -7.2190 -36.2652 21.0703 -48.9573 -29.6407 17.7175 -41.3512 -20.7471 -36.0801 -34.4312 34.4812 -47.0873 -27.1377 7.9920 -37.9295 -9.6439 -48.2021 -31.5619 24.4026 -43.6168 -22.8138
-43.5246 23.6445 -31.3606 -48.3972 -8.0968 -37.6963 7.1808 -26.9664 -46.8842 34.0987 -34.2652 -37.4998 -20.3998 -41.1893 17.3493 -29.5615 -48.9444 21.5196 -36.2652 -6.9169 -24.7818 -44.0947 25.3304 -31.6541 -48.2690 -7.8659 -37.4576 5.4710 -26.4766 -46.0509 31.2726 -33.1781 -45.0228 -15.9529 -39.1457 11.1066 -27.7040 -47.5318 34.8376 -34.4942 -37.0159 -20.1006 -40.8237 15.7998 -28.9799 -48.6310 31.5373 -35.6481 -21.1859 -22.9671 -42.5340 20.5087 -30.3296 -48.8180 -15.7837 -48.4789 -29.0359 15.7998 -40.8237 -20.1006 -37.0159 -34.4942 34.8376 -47.5318 -27.7040 11.1066 -39.1457 -15.9529 -45.0228 -33.1781 31.2726 -46.0509 -26.4766 5.4710 -37.4576 -7.8659 -48.2690 -31.6541 25.3304 -44.0947 -24.7818 -6.9169 -36.2652 21.5196 -48.9444 -29.5615 17.3493 -41.1893 -20.3998 -37.4998 -34.2652 34.0987 -46.8842 -26.9664 7.1808 -37.6963 -8.0968 -48.3972 -31.3606 23.6445 -43.5246
23.2089 -31.0912 -48.5472 -6.2857 -37.4609 6.3176 -26.7963 -46.6735 33.6212 -34.0847 -38.9477 -19.9704 -40.9894 16.8515 -29.4399 -48.9166 22.7651 -36.2380 -7.2190 -24.7818 -44.1261 25.5207 -31.7262 -48.1648 -8.7930 -37.6123 6.1456 -26.6123 -46.2419 31.8914 -33.3617 -44.2691 -16.6632 -39.3805 11.7920 -27.8804 -47.7164 34.9710 -34.6707 -35.2916 -20.5648 -41.0646 16.4547 -29.1646 -48.7364 29.9881 -35.7876 -18.4514 -23.3037 -42.7774 21.2006 -30.4960 -48.8784 7.2867 -38.7087 27.3844 -48.6975 -29.1646 16.4547 -41.0646 -20.5648 -35.2916 -34.6707 34.9710 -47.7164 -27.8804 11.7920 -39.3805 -16.6632 -44.2691 -33.3617 31.8914 -46.2419 -26.6123 6.1456 -37.6123 -8.7930 -48.1648 -31.7262 25.5207 -44.1261 -24.7818 -7.2190 -36.2380 22.7651 -48.9166 -29.4399 16.8515 -40.9894 -19.9704 -38.9477 -34.0847 33.6212 -46.6735 -26.7963 6.3176 -37.4609 -6.2857 -48.5472 -31.0912 23.2089
-30.1324 -48.6546 -4.1777 -37.2290 5.4022 -26.6247 -46.4576 33.0744 -33.8992 -40.3086 -19.4826 -40.7619 16.2687 -29.2864 -48.8692 24.5623 -36.1865 -8.0871 -24.7121 -44.0947 25.5207 -31.7512 -48.1067 -9.3421 -37.7225 6.6493 -26.7249 -46.4056 32.4090 -33.5237 -43.4794 -17.2964 -39.6128 12.4668 -28.0581 -47.8929 34.9541 -34.8437 -33.3928 -21.0072 -41.3061 17.1120 -29.3503 -48.8255 28.0775 -35.9192 -15.7266 -23.6255 -43.0207 21.9005 -30.6881 -48.8155 5.5806 -36.6623 12.0949 -36.4209 28.1355 -48.8256 -29.3503 17.1120 -41.3061 -21.0072 -33.3928 -34.8437 34.9541 -47.8929 -28.0581 12.4668 -39.6128 -17.2964 -43.4794 -33.5237 32.4090 -46.4056 -26.7249 6.6493 -37.7225 -9.3421 -48.1067 -31.7512 25.5207 -44.0947 -24.7121 -8.0871 -36.1865 24.5623 -48.8692 -29.2864 16.2687 -40.7619 -19.4826 -40.3086 -33.8992 33.0744 -46.4576 -26.6247 5.4022 -37.2290 -4.1777 -48.6546 -30.1324
-48.7796 -1.7558 -36.9961 4.4146 -26.4509 -46.2316 32.4629 -33.7116 -41.5253 -18.9605 -40.5219 15.6316 -29.1142 -48.8010 26.6127 -36.1076 -9.5166 -24.5768 -44.0012 25.3304 -31.7262 -48.1067 -9.5256 -37.7808 6.9622 -26.8047 -46.5305 32.8138 -33.6604 -42.7247 -17.8212 -39.8265 13.0972 -28.2335 -48.0609 34.7614 -35.0125 -31.3158 -21.4294 -41.5482 17.7726 -29.5371 -48.8965 25.7829 -36.0420 -13.0795 -23.9327 -43.2638 22.6085 -30.8808 -48.7420 2.2669 -36.5731 1.2950 -30.7246 -9.2194 -36.0931 25.7817 -48.8965 -29.5371 17.7726 -41.5482 -21.4294 -31.3158 -35.0125 34.7614 -48.0609 -28.2335 13.0972 -39.8265 -17.8212 -42.7247 -33.6604 32.8138 -46.5305 -26.8047 6.9622 -37.7808 -9.5256 -48.1067 -31.7262 25.3304 -44.0012 -24.5768 -9.5166 -36.1076 26.6127 -48.8010 -29.1142 15.6316 -40.5219 -18.9605 -41.5253 -33.7116 32.4629 -46.2316 -26.4509 4.4146 -36.9961 -1.7558 -48.7796
-5.9347 -36.7641 3.3516 -26.2778 -45.9991 31.7962 -33.5193 -42.6113 -18.4081 -40.2827 14.9777 -28.9326 -48.7108 28.6332 -36.0065 -11.4473 -24.3824 -43.8527 24.9610 -31.6541 -48.1648 -9.3421 -37.7808 7.0686 -26.8472 -46.6079 33.0894 -33.7656 -42.0517 -18.2443 -40.0103 13.6469 -28.3945 -48.2104 34.3798 -35.1746 -29.0624 -21.8328 -41.7907 18.4378 -29.7248 -48.9476 23.0950 -36.1552 -10.5715 -24.2255 -43.5066 23.3247 -31.0742 -48.6862 -0.6467 -36.6843 1.7537 -26.3998 -47.6973 -25.1974 -10.6211 -36.1542 23.0950 -48.9476 -29.7248 18.4378 -41.7907 -21.8328 -29.0624 -35.1746 34.3798 -48.2104 -28.3945 13.6469 -40.0103 -18.2443 -42.0517 -33.7656 33.0894 -46.6079 -26.8472 7.0686 -37.7808 -9.3421 -48.1648 -31.6541 24.9610 -43.8527 -24.3824 -11.4473 -36.0065 28.6332 -48.7108 -28.9326 14.9777 -40.2827 -18.4081 -42.6113 -33.5193 31.7962 -45.9991 -26.2778 3.3516 -36.7641 -5.9347
-37.3209 2.2082 -26.1060 -45.7631 31.0850 -33.3208 -43.5976 -17.8128 -40.0443 14.3229 -28.7493 -48.6014 30.4199 -35.8862 -13.7866 -24.1394 -43.6625 24.4468 -31.5386 -48.2690 -8.7930 -37.7225 6.9622 -26.8472 -46.6354 33.2274 -33.8292 -41.5414 -18.5614 -40.1634 14.1168 -28.5341 -48.3336 33.8417 -35.3211 -26.7496 -22.2133 -42.0335 19.1085 -29.9135 -48.9765 20.0281 -36.2577 -8.2469 -24.5037 -43.7489 24.0489 -31.2681 -48.5992 -3.1747 -36.9002 2.9033 -26.0517 -45.4218 34.9763 -43.9272 -24.5259 -8.2469 -36.2577 20.0281 -48.9765 -29.9135 19.1085 -42.0335 -22.2133 -26.7496 -35.3211 33.8417 -48.3336 -28.5341 14.1168 -40.1634 -18.5614 -41.5414 -33.8292 33.2274 -46.6354 -26.8472 6.9622 -37.7225 -8.7930 -48.2690 -31.5386 24.4468 -43.6625 -24.1394 -13.7866 -35.8862 30.4199 -48.6014 -28.7493 14.3229 -40.0443 -17.8128 -43.5976 -33.3208 31.0850 -45.7631 -26.1060 2.2082 -37.3209
0.2077 -25.9483 -45.5238 30.3462 -33.1225 -44.4744 -17.1684 -39.8033 13.6653 -28.5671 -48.4775 31.8807 -35.7525 -16.4225 -23.8551 -43.4407 23.8310 -31.3887 -48.3938 -7.8659 -37.6123 6.6493 -26.8047 -46.6079 33.2274 -33.8498 -41.2759 -18.7515 -40.2725 14.4822 -28.6509 -48.4334 33.2080 -35.4477 -24.5337 -22.5519 -42.2663 19.7757 -30.1031 -48.9811 16.6338 -36.3484 -6.1281 -24.7674 -43.9905 24.7806 -31.4624 -48.4744 -5.3482 -37.1234 3.9575 -26.2038 -45.6610 30.5453 -36.2832 26.0039 -43.9846 -24.7674 -6.1281 -36.3484 16.6338 -48.9811 -30.1031 19.7757 -42.2663 -22.5519 -24.5337 -35.4477 33.2080 -48.4334 -28.6509 14.4822 -40.2725 -18.7515 -41.2759 -33.8498 33.2274 -46.6079 -26.8047 6.6493 -37.6123 -7.8659 -48.3938 -31.3887 23.8310 -43.4407 -23.8551 -16.4225 -35.7525 31.8807 -48.4775 -28.5671 13.6653 -39.8033 -17.1684 -44.4744 -33.1225 30.3462 -45.5238 -25.9483 0.2077
-24.4048 -45.2844 29.5968 -32.9231 -45.2343 -16.4745 -39.5570 12.9856 -28.3844 -48.3405 33.0176 -35.6111 -19.1563 -23.5442 -43.2013 23.1398 -31.2142 -48.5177 -6.5296 -37.4576 6.1456 -26.7249 -46.5305 33.0894 -33.8292 -41.2759 -18.8140 -40.3271 14.7068 -28.7342 -48.5068 32.5510 -35.5550 -22.4979 -22.8403 -42.4748 20.4006 -30.2854 -48.9592 13.0146 -36.4261 -4.2173 -25.0162 -44.2312 25.5189 -31.6570 -48.3083 -7.2176 -37.3478 4.9370 -26.3694 -45.8931 30.7617 -33.8876 -22.9045 -33.0697 25.5147 -44.2312 -25.0162 -4.2173 -36.4261 13.0146 -48.9592 -30.2854 20.4006 -42.4748 -22.8403 -22.4979 -35.5550 32.5510 -48.5068 -28.7342 14.7068 -40.3271 -18.8140 -41.2759 -33.8292 33.0894 -46.5305 -26.7249 6.1456 -37.4576 -6.5296 -48.5177 -31.2142 23.1398 -43.2013 -23.5442 -19.1563 -35.6111 33.0176 -48.3405 -28.3844 12.9856 -39.5570 -16.4745 -45.2343 -32.9231 29.5968 -45.2844 -24.4048
-45.0853 28.8252 -32.7204 -45.9028 -15.7168 -39.3115 12.2891 -28.1995 -48.1890 33.8631 -35.4628 -21.8827 -23.2186 -42.9581 22.4256 -31.0244 -48.6250 -4.7648 -37.2711 5.4710 -26.6123 -46.4056 32.8138 -33.7656 -41.5414 -18.7515 -40.3271 14.7816 -28.7759 -48.5499 32.0075 -35.6365 -20.7575 -23.0844 -42.6557 20.9525 -30.4493 -48.9134 9.4831 -36.4888 -2.5022 -25.2500 -44.4709 26.2627 -31.8519 -48.0968 -8.8353 -37.5735 5.8543 -26.5363 -46.1180 31.4589 -33.2581 -44.3628 -24.1687 -47.6557 -31.9262 26.2627 -44.4709 -25.2500 -2.5022 -36.4888 9.4831 -48.9134 -30.4493 20.9525 -42.6557 -23.0844 -20.7575 -35.6365 32.0075 -48.5499 -28.7759 14.7816 -40.3271 -18.7515 -41.5414 -33.7656 32.8138 -46.4056 -26.6123 5.4710 -37.2711 -4.7648 -48.6250 -31.0244 22.4256 -42.9581 -23.2186 -21.8827 -35.4628 33.8631 -48.1890 -28.1995 12.2891 -39.3115 -15.7168 -45.9028 -32.7204 28.8252 -45.0853
28.1282 -32.4188 -46.4786 -14.8946 -39.0694 11.5896 -28.0134 -48.0222 34.4621 -35.3061 -24.5403 -22.8780 -42.7148 21.7197 -30.8312 -48.7030 -2.5603 -37.0627 4.6517 -26.4766 -46.2419 32.4090 -33.6604 -42.0517 -18.5614 -40.2725 14.7068 -28.7759 -48.5639 31.7108 -35.6856 -19.5079 -23.2709 -42.8088 21.4297 -30.5906 -48.8524 6.3970 -36.5334 -1.0249 -25.4652 -44.7094 27.0102 -32.0469 -47.8352 -10.2474 -37.8005 6.7199 -26.7044 -46.3395 32.1254 -33.4189 -44.0480 -17.3340 -41.9422 -12.1623 -47.8377 -32.0469 27.0102 -44.7094 -25.4652 -1.0249 -36.5334 6.3970 -48.8524 -30.5906 21.4297 -42.8088 -23.2709 -19.5079 -35.6856 31.7108 -48.5639 -28.7759 14.7068 -40.2725 -18.5614 -42.0517 -33.6604 32.4090 -46.2419 -26.4766 4.6517 -37.0627 -2.5603 -48.7030 -30.8312 21.7197 -42.7148 -22.8780 -24.5403 -35.3061 34.4621 -48.0222 -28.0134 11.5896 -39.0694 -14.8946 -46.4786 -32.4188 28.1282
-31.6203 -46.9725 -13.9938 -38.8260 10.8704 -27.8293 -47.8452 34.8260 -35.1431 -27.1106 -22.5221 -42.4714 21.0220 -30.6386 -48.7634 0.0653 -36.8431 3.6941 -26.3243 -46.0509 31.8914 -33.5237 -42.7247 -18.2443 -40.1634 14.4822 -28.7342 -48.5499 31.7108 -35.7018 -18.8814 -23.3836 -42.9201 21.8102 -30.7076 -48.7857 3.9125 -36.5611 0.1629 -25.6499 -44.9363 27.7482 -32.2401 -47.5186 -11.4921 -38.0286 7.5425 -26.8738 -46.5571 32.7533 -33.6090 -43.1457 -17.4866 -39.8176 22.2325 -38.3948 -11.4793 -47.5186 -32.2401 27.7482 -44.9363 -25.6499 0.1629 -36.5611 3.9125 -48.7857 -30.7076 21.8102 -42.9201 -23.3836 -18.8814 -35.7018 31.7108 -48.5499 -28.7342 14.4822 -40.1634 -18.2443 -42.7247 -33.5237 31.8914 -46.0509 -26.3243 3.6941 -36.8431 0.0653 -48.7634 -30.6386 21.0220 -42.4714 -22.5221 -27.1106 -35.1431 34.8260 -47.8452 -27.8293 10.8704 -38.8260 -13.9938 -46.9725 -31.6203
-47.7085 -13.0023 -38.5845 10.1373 -27.6471 -47.6609 34.9752 -34.9728 -29.5657 -22.1450 -42.2281 20.3321 -30.4467 -48.8412 3.0780 -36.6541 2.6184 -26.1614 -45.8348 31.2726 -33.3617 -43.4794 -17.8212 -40.0103 14.1168 -28.6509 -48.5068 32.0075 -35.6856 -18.8814 -23.4208 -42.9757 22.0517 -30.7929 -48.7444 2.0003 -36.5790 1.0947 -25.7976 -45.1348 28.4211 -32.4221 -47.1541 -12.5852 -38.2580 8.3294 -27.0444 -46.7704 33.3320 -33.7974 -42.1304 -18.0935 -39.9135 13.7082 -32.8739 9.5284 -38.2584 -12.5852 -47.1541 -32.4221 28.4211 -45.1348 -25.7976 1.0947 -36.5790 2.0003 -48.7444 -30.7929 22.0517 -42.9757 -23.4208 -18.8814 -35.6856 32.0075 -48.5068 -28.6509 14.1168 -40.0103 -17.8212 -43.4794 -33.3617 31.2726 -45.8348 -26.1614 2.6184 -36.6541 3.0780 -48.8412 -30.4467 20.3321 -42.2281 -22.1450 -29.5657 -34.9728 34.9752 -47.6609 -27.6471 10.1373 -38.5845 -13.0023 -47.7085
-13.6587 -38.3461 9.3912 -27.4649 -47.4663 34.9443 -34.7941 -31.8725 -21.7409 -41.9815 19.6495 -30.2556 -48.9195 6.4446 -36.5637 1.4486 -25.9964 -45.6061 30.5803 -33.1781 -44.2691 -17.2964 -39.8265 13.6469 -28.5341 -48.4334 32.5510 -35.6365 -19.5079 -23.3836 -42.9757 22.1324 -30.8370 -48.7317 0.6768 -36.6372 1.8276 -25.9141 -45.3019 28.9953 -32.5834 -46.7675 -13.5119 -38.4787 9.0760 -27.2162 -46.9788 33.8488 -33.9841 -40.9875 -18.6640 -40.1520 13.9601 -29.1774 -48.6617 -28.3625 9.0698 -38.4786 -13.5119 -46.7675 -32.5834 28.9953 -45.3019 -25.9141 1.8276 -36.6372 0.6768 -48.7317 -30.8370 22.1324 -42.9757 -23.3836 -19.5079 -35.6365 32.5510 -48.4334 -28.5341 13.6469 -39.8265 -17.2964 -44.2691 -33.1781 30.5803 -45.6061 -25.9964 1.4486 -36.5637 6.4446 -48.9195 -30.2556 19.6495 -41.9815 -21.7409 -31.8725 -34.7941 34.9443 -47.4663 -27.4649 9.3912 -38.3461 -13.6587
-38.7288 8.6123 -27.2847 -47.2640 34.7584 -34.6131 -33.9821 -21.3166 -41.7312 18.9626 -30.0636 -48.9655 10.0569 -36.5299 0.1663 -25.8237 -45.3748 29.8584 -32.9854 -45.0228 -16.6632 -39.6128 13.0972 -28.3945 -48.3336 33.2080 -35.5550 -20.7575 -23.2709 -42.9201 22.0517 -30.8370 -48.7266 0.0236 -36.7131 2.3437 -26.0028 -45.4414 29.4810 -32.7221 -46.3841 -14.2697 -38.6776 9.7471 -27.3818 -47.1790 34.2896 -34.1685 -39.7064 -19.2021 -40.3907 14.6191 -28.6654 -48.0977 -3.4228 -46.9696 -27.4240 9.7473 -38.6776 -14.2697 -46.3841 -32.7221 29.4810 -45.4414 -26.0028 2.3437 -36.7131 0.0236 -48.7266 -30.8370 22.0517 -42.9201 -23.2709 -20.7575 -35.5550 33.2080 -48.3336 -28.3945 13.0972 -39.6128 -16.6632 -45.0228 -32.9854 29.8584 -45.3748 -25.8237 0.1663 -36.5299 10.0569 -48.9655 -30.0636 18.9626 -41.7312 -21.3166 -33.9821 -34.6131 34.7584 -47.2640 -27.2847 8.6123 -38.7288
7.5902 -27.1101 -47.0570 34.4452 -34.4281 -35.9006 -20.8708 -41.4783 18.2646 -29.8699 -48.9813 13.7462 -36.4791 -1.2495 -25.6351 -45.1413 29.1228 -32.7919 -45.6926 -15.9529 -39.3805 12.4668 -28.2335 -48.2104 33.8417 -35.4477 -22.4979 -23.0844 -42.8088 21.8102 -30.7929 -48.7317 0.0236 -36.7384 2.6025 -26.0590 -45.5439 29.8684 -32.8385 -46.0215 -14.8793 -38.8540 10.3213 -27.5311 -47.3596 34.6252 -34.3479 -38.2761 -19.7114 -40.6303 15.2733 -28.8275 -48.5201 32.1280 -37.6673 35.1981 -47.3377 -27.5303 10.3213 -38.8540 -14.8793 -46.0215 -32.8385 29.8684 -45.5439 -26.0590 2.6025 -36.7384 0.0236 -48.7317 -30.7929 21.8102 -42.8088 -23.0844 -22.4979 -35.4477 33.8417 -48.2104 -28.2335 12.4668 -39.3805 -15.9529 -45.6926 -32.7919 29.1228 -45.1413 -25.6351 -1.2495 -36.4791 13.7462 -48.9813 -29.8699 18.2646 -41.4783 -20.8708 -35.9006 -34.4281 34.4452 -47.0570 -27.1101 7.5902
-25.7207 -46.8417 34.0218 -34.2410 -37.6338 -20.4026 -41.2267 17.5741 -29.6750 -48.9697 17.3827 -36.4122 -2.8218 -25.4298 -44.9058 28.3788 -32.5977 -46.2755 -15.1845 -39.1457 11.7920 -28.0581 -48.0609 34.3798 -35.3211 -24.5337 -22.8403 -42.6557 21.4297 -30.7076 -48.7444 0.6768 -36.7131 2.6025 -26.0777 -45.5966 30.1177 -32.9242 -45.7040 -15.3624 -39.0070 10.8147 -27.6612 -47.5131 34.8405 -34.5120 -36.7578 -20.1880 -40.8707 15.9273 -29.0113 -48.6503 31.3138 -36.0924 5.2599 -35.4585 34.8498 -47.5135 -27.6612 10.8147 -39.0070 -15.3624 -45.7040 -32.9242 30.1177 -45.5966 -26.0777 2.6025 -36.7131 0.6768 -48.7444 -30.7076 21.4297 -42.6557 -22.8403 -24.5337 -35.3211 34.3798 -48.0609 -28.0581 11.7920 -39.1457 -15.1845 -46.2755 -32.5977 28.3788 -44.9058 -25.4298 -2.8218 -36.4122 17.3827 -48.9697 -29.6750 17.5741 -41.2267 -20.4026 -37.6338 -34.2410 34.0218 -46.8417 -25.7207
-46.5661 33.5051 -34.0518 -39.1723 -19.9151 -40.9780 16.8942 -29.4794 -48.9335 20.8454 -36.3275 -4.6004 -25.2084 -44.6686 27.6307 -32.4032 -46.7793 -14.3481 -38.9120 11.1066 -27.8804 -47.8929 34.7614 -35.1746 -26.7496 -22.5519 -42.4748 20.9525 -30.5906 -48.7857 2.0003 -36.6372 2.3437 -26.0590 -45.5966 30.2004 -32.9684 -45.4851 -15.7039 -39.1302 11.2299 -27.7734 -47.6410 34.9517 -34.6534 -35.2675 -20.6096 -41.1013 16.5732 -29.1961 -48.7531 29.6853 -35.8365 -16.2945 -28.8545 -32.1873 -34.7274 34.9515 -47.6410 -27.7734 11.2299 -39.1302 -15.7039 -45.4851 -32.9684 30.2004 -45.5966 -26.0590 2.3437 -36.6372 2.0003 -48.7857 -30.5906 20.9525 -42.4748 -22.5519 -26.7496 -35.1746 34.7614 -47.8929 -27.8804 11.1066 -38.9120 -14.3481 -46.7793 -32.4032 27.6307 -44.6686 -25.2084 -4.6004 -36.3275 20.8454 -48.9335 -29.4794 16.8942 -40.9780 -19.9151 -39.1723 -34.0518 33.5051 -46.5661
31.8527 -33.7157 -40.5617 -19.3956 -40.7270 16.2097 -29.2861 -48.8739 23.9361 -36.2304 -6.6137 -24.9678 -44.4293 26.8817 -32.2083 -47.2110 -13.4311 -38.6793 10.4075 -27.7040 -47.7164 34.9541 -35.0125 -29.0624 -22.2133 -42.2663 20.4006 -30.4493 -48.8524 3.9125 -36.5790 1.8276 -26.0028 -45.5439 30.1177 -32.9684 -45.4098 -15.8755 -39.2105 11.5329 -27.8660 -47.7479 34.9839 -34.7728 -33.8722 -20.9636 -41.3084 17.1745 -29.3739 -48.8381 27.7099 -35.9419 -15.2646 -24.1530 -45.7758 -21.9582 -33.9151 -34.7714 34.9839 -47.7479 -27.8660 11.5329 -39.2105 -15.8755 -45.4098 -32.9684 30.1177 -45.5439 -26.0028 1.8276 -36.5790 3.9125 -48.8524 -30.4493 20.4006 -42.2663 -22.2133 -29.0624 -35.0125 34.9541 -47.7164 -27.7040 10.4075 -38.6793 -13.4311 -47.2110 -32.2083 26.8817 -44.4293 -24.9678 -6.6137 -36.2304 23.9361 -48.8739 -29.2861 16.2097 -40.7270 -19.3956 -40.5617 -33.7157 31.8527
-33.1166 -41.7999 -18.8458 -40.4774 15.5286 -29.0941 -48.7947 26.5832 -36.1207 -8.8768 -24.7052 -44.1824 26.1240 -32.0133 -47.5773 -12.4177 -38.4478 9.6916 -27.5287 -47.5318 34.9710 -34.8437 -31.3158 -21.8328 -42.0335 19.7757 -30.2854 -48.9134 6.3970 -36.5611 1.0947 -25.9141 -45.4414 29.8684 -32.9242 -45.4851 -15.8755 -39.2373 11.6889 -27.9267 -47.8270 34.9632 -34.8696 -32.6147 -21.2564 -41.4881 17.7030 -29.5340 -48.9011 25.4570 -36.0616 -12.6243 -23.9956 -43.3908 33.2036 -41.7815 -21.2639 -32.6143 -34.8696 34.9632 -47.8270 -27.9267 11.6889 -39.2373 -15.8755 -45.4851 -32.9242 29.8684 -45.4414 -25.9141 1.0947 -36.5611 6.3970 -48.9134 -30.2854 19.7757 -42.0335 -21.8328 -31.3158 -34.8437 34.9710 -47.5318 -27.5287 9.6916 -38.4478 -12.4177 -47.5773 -32.0133 26.1240 -44.1824 -24.7052 -8.8768 -36.1207 26.5832 -48.7947 -29.0941 15.5286 -40.4774 -18.8458 -41.7999 -33.1166
-43.7135 -18.2670 -40.2285 14.8475 -28.9017 -48.6951 28.8346 -36.0004 -11.3610 -24.4267 -43.9317 25.3602 -31.8156 -47.8841 -11.2880 -38.2174 8.9548 -27.3547 -47.3401 34.8376 -34.6707 -33.3928 -21.4294 -41.7907 19.1085 -30.1031 -48.9592 9.4831 -36.5334 0.1629 -25.7976 -45.3019 29.4810 -32.8385 -45.7040 -15.7039 -39.2105 11.6889 -27.9470 -47.8669 34.9241 -34.9411 -31.5627 -21.4879 -41.6376 18.1505 -29.6724 -48.9435 23.1337 -36.1630 -10.2539 -24.2723 -43.5499 23.9243 -35.0244 19.2559 -41.6321 -21.4879 -31.5627 -34.9411 34.9241 -47.8669 -27.9470 11.6889 -39.2105 -15.7039 -45.7040 -32.8385 29.4810 -45.3019 -25.7976 0.1629 -36.5334 9.4831 -48.9592 -30.1031 19.1085 -41.7907 -21.4294 -33.3928 -34.6707 34.8376 -47.3401 -27.3547 8.9548 -38.2174 -11.2880 -47.8841 -31.8156 25.3602 -43.9317 -24.4267 -11.3610 -36.0004 28.8346 -48.6951 -28.9017 14.8475 -40.2285 -18.2670 -43.7135
-17.7026 -39.9799 14.1645 -28.7121 -48.5783 30.6714 -35.8714 -13.9996 -24.1348 -43.6825 24.6004 -31.6134 -48.1427 -9.9999 -37.9883 8.1927 -27.1819 -47.1418 34.5766 -34.4942 -35.2916 -21.0072 -41.5482 18.4378 -29.9135 -48.9811 13.0146 -36.4888 -1.0249 -25.6499 -45.1348 28.9953 -32.7221 -46.0215 -15.3624 -39.1302 11.5329 -27.9267 -47.8669 34.9065 -34.9796 -30.8470 -21.6565 -41.7561 18.5144 -29.7872 -48.9685 20.9385 -36.2430 -8.3091 -24.5210 -43.7799 24.1694 -32.1323 -40.9447 -31.1899 18.5073 -41.7561 -21.6565 -30.8470 -34.9796 34.9065 -47.8669 -27.9267 11.5329 -39.1302 -15.3624 -46.0215 -32.7221 28.9953 -45.1348 -25.6499 -1.0249 -36.4888 13.0146 -48.9811 -29.9135 18.4378 -41.5482 -21.0072 -35.2916 -34.4942 34.5766 -47.1418 -27.1819 8.1927 -37.9883 -9.9999 -48.1427 -31.6134 24.6004 -43.6825 -24.1348 -13.9996 -35.8714 30.6714 -48.5783 -28.7121 14.1645 -39.9799 -17.7026
-40.1973 13.4857 -28.5239 -48.4483 32.1169 -35.7292 -16.7944 -23.8244 -43.4296 23.8393 -31.4118 -48.3524 -8.5096 -37.7575 7.4000 -27.0103 -46.9376 34.2084 -34.3145 -37.0159 -20.5648 -41.3061 17.7726 -29.7248 -48.9765 16.6338 -36.4261 -2.5022 -25.4652 -44.9363 28.4211 -32.5834 -46.3841 -14.8793 -39.0070 11.2299 -27.8660 -47.8270 34.9241 -34.9796 -30.5940 -21.7481 -41.8359 18.7918 -29.8788 -48.9804 18.9906 -36.3056 -6.7701 -24.7254 -43.9831 24.8206 -31.5082 -48.3590 -19.7265 -48.8351 -29.9456 18.7918 -41.8359 -21.7481 -30.5940 -34.9796 34.9241 -47.8270 -27.8660 11.2299 -39.0070 -14.8793 -46.3841 -32.5834 28.4211 -44.9363 -25.4652 -2.5022 -36.4261 16.6338 -48.9765 -29.7248 17.7726 -41.3061 -20.5648 -37.0159 -34.3145 34.2084 -46.9376 -27.0103 7.4000 -37.7575 -8.5096 -48.3524 -31.4118 23.8393 -43.4296 -23.8244 -16.7944 -35.7292 32.1169 -48.4483 -28.5239 13.4857 -40.1973
12.8453 -28.3204 -48.3028 33.2371 -35.5817 -19.6469 -23.4984 -43.1768 23.0881 -31.2108 -48.5125 -6.7844 -37.5221 6.5494 -26.8399 -46.7281 33.7512 -34.1320 -38.5732 -20.1006 -41.0646 17.1120 -29.5371 -48.9476 20.0281 -36.3484 -4.2173 -25.2500 -44.7094 27.7482 -32.4221 -46.7675 -14.2697 -38.8540 10.8147 -27.7734 -47.7479 34.9632 -34.9411 -30.8470 -21.7481 -41.8636 18.9453 -29.9410 -48.9847 17.3326 -36.3534 -5.5608 -24.8920 -44.1557 25.3917 -31.6429 -48.3039 -8.2368 -39.6694 11.8390 -48.9252 -29.9409 18.9453 -41.8636 -21.7481 -30.8470 -34.9411 34.9632 -47.7479 -27.7734 10.8147 -38.8540 -14.2697 -46.7675 -32.4221 27.7482 -44.7094 -25.2500 -4.2173 -36.3484 20.0281 -48.9476 -29.5371 17.1120 -41.0646 -20.1006 -38.5732 -34.1320 33.7512 -46.7281 -26.8399 6.5494 -37.5221 -6.7844 -48.5125 -31.2108 23.0881 -43.1768 -23.4984 -19.6469 -35.5817 33.2371 -48.3028 -28.3204 12.8453
-27.0684 -48.1442 34.0467 -35.4275 -22.4524 -23.1588 -42.9235 22.3451 -31.0082 -48.6307 -4.7548 -37.2872 5.6378 -26.6690 -46.5139 33.2209 -33.9471 -39.9729 -19.6123 -40.8237 16.4547 -29.3503 -48.8965 23.0950 -36.2577 -6.1281 -25.0162 -44.4709 27.0102 -32.2401 -47.1541 -13.5119 -38.6776 10.3213 -27.6612 -47.6410 34.9839 -34.8696 -31.5627 -21.6565 -41.8359 18.9453 -29.9626 -48.9885 16.1568 -36.3917 -4.6345 -25.0158 -44.3008 25.8885 -31.7749 -48.1435 -8.6945 -37.7164 15.7123 -36.7311 16.2868 -49.0080 -29.9732 18.9453 -41.8359 -21.6565 -31.5627 -34.8696 34.9839 -47.6410 -27.6612 10.3213 -38.6776 -13.5119 -47.1541 -32.2401 27.0102 -44.4709 -25.0162 -6.1281 -36.2577 23.0950 -48.8965 -29.3503 16.4547 -40.8237 -19.6123 -39.9729 -33.9471 33.2209 -46.5139 -26.6690 5.6378 -37.2872 -4.7548 -48.6307 -31.0082 22.3451 -42.9235 -23.1588 -22.4524 -35.4275 34.0467 -48.1442 -27.0684
-47.8488 34.5705 -35.2634 -25.1999 -22.8005 -42.6698 21.6104 -30.8084 -48.7089 -2.3848 -37.0563 4.6772 -26.4961 -46.2917 32.6298 -33.7600 -41.2257 -19.0975 -40.5836 15.7998 -29.1646 -48.8255 25.7829 -36.1552 -8.2469 -24.7674 -44.2312 26.2627 -32.0469 -47.5186 -12.5852 -38.4787 9.7471 -27.5311 -47.5131 34.9517 -34.7728 -32.6147 -21.4879 -41.7561 18.7918 -29.9410 -48.9885 16.0908 -36.3712 -3.7318 -25.1560 -44.2040 26.3093 -31.9176 -48.0264 -9.3646 -37.8067 6.8642 -31.4720 -0.9586 -36.6089 17.8657 -49.0624 -29.9515 18.7918 -41.7561 -21.4879 -32.6147 -34.7728 34.9517 -47.5131 -27.5311 9.7471 -38.4787 -12.5852 -47.5186 -32.0469 26.2627 -44.2312 -24.7674 -8.2469 -36.1552 25.7829 -48.8255 -29.1646 15.7998 -40.5836 -19.0975 -41.2257 -33.7600 32.6298 -46.2917 -26.4961 4.6772 -37.0563 -2.3848 -48.7089 -30.8084 21.6104 -42.6698 -22.8005 -25.1999 -35.2634 34.5705 -47.8488
30.3443 -34.9003 -27.8032 -22.4266 -42.4191 20.8929 -30.6093 -48.7740 0.3559 -36.8243 3.6358 -26.3225 -46.0597 31.9745 -33.5699 -42.3424 -18.5533 -40.3441 15.1458 -28.9799 -48.7364 28.0775 -36.0420 -10.5715 -24.5037 -43.9905 25.5189 -31.8519 -47.8352 -11.4921 -38.2580 9.0760 -27.3818 -47.3596 34.8405 -34.6534 -33.8722 -21.2564 -41.6376 18.5144 -29.8788 -48.9847 16.1640 -36.4361 -2.7004 -25.0097 -44.2189 25.9533 -31.9076 -47.9185 -11.0063 -38.1089 6.9605 -27.3635 -48.4343 -26.3176 -3.6362 -36.5589 16.5857 -48.9881 -29.8788 18.5144 -41.6376 -21.2564 -33.8722 -34.6534 34.8405 -47.3596 -27.3818 9.0760 -38.2580 -11.4921 -47.8352 -31.8519 25.5189 -43.9905 -24.5037 -10.5715 -36.0420 28.0775 -48.7364 -28.9799 15.1458 -40.3441 -18.5533 -42.3424 -33.5699 31.9745 -46.0597 -26.3225 3.6358 -36.8243 0.3559 -48.7740 -30.6093 20.8929 -42.4191 -22.4266 -27.8032 -34.9003 30.3443
