0.1087 0.3214 0.1579 0.1314 0.5044 0.1166 0.2000 0.3789 0.1122 0.3627 0.1426 0.1399 0.5008 0.1138 0.2224 0.3226 0.1147 0.4078 0.1329 0.1504 0.4866 0.1119 0.2488 0.2578 0.1185 0.4529 0.1260 0.1632 0.4632 0.1109 0.2798 0.1968 0.1237 0.4887 0.1209 0.1785 0.4301 0.1108 0.3155 0.1611 0.1302 0.5038 0.1171 0.1969 0.3865 0.1119 0.3562 0.1444 0.1385 0.5021 0.1142 0.2188 0.3318 0.1142 0.4898 0.1115 0.3864 0.1969 0.1171 0.5038 0.1302 0.1611 0.3155 0.1108 0.4301 0.1785 0.1209 0.4887 0.1237 0.1968 0.2798 0.1109 0.4632 0.1632 0.1260 0.4529 0.1185 0.2578 0.2488 0.1119 0.4866 0.1504 0.1329 0.4078 0.1147 0.3226 0.2224 0.1138 0.5008 0.1399 0.1426 0.3627 0.1122 0.3789 0.2000 0.1166 0.5044 0.1314 0.1579 0.3214 0.1087
0.3214 0.1589 0.1370 0.5209 0.1147 0.2104 0.3989 0.1153 0.3842 0.1384 0.1463 0.5166 0.1130 0.2346 0.3433 0.1186 0.4312 0.1283 0.1575 0.5028 0.1120 0.2629 0.2772 0.1232 0.4763 0.1219 0.1711 0.4802 0.1120 0.2961 0.2087 0.1291 0.5089 0.1178 0.1875 0.4484 0.1129 0.3342 0.1610 0.1361 0.5206 0.1150 0.2072 0.4061 0.1149 0.3773 0.1404 0.1448 0.5179 0.1132 0.2307 0.3524 0.1180 0.4294 0.1104 0.3894 0.1147 0.4061 0.2072 0.1150 0.5206 0.1361 0.1610 0.3342 0.1129 0.4484 0.1875 0.1178 0.5089 0.1291 0.2087 0.2961 0.1120 0.4802 0.1711 0.1219 0.4763 0.1232 0.2772 0.2629 0.1120 0.5028 0.1575 0.1283 0.4312 0.1186 0.3433 0.2346 0.1130 0.5166 0.1463 0.1384 0.3842 0.1153 0.3989 0.2104 0.1147 0.5209 0.1370 0.1589 0.3214
0.1579 0.1370 0.5210 0.1143 0.2131 0.3923 0.1153 0.3908 0.1364 0.1478 0.5151 0.1124 0.2385 0.3340 0.1189 0.4382 0.1270 0.1593 0.5000 0.1116 0.2676 0.2667 0.1238 0.4823 0.1210 0.1733 0.4761 0.1117 0.3015 0.1995 0.1299 0.5118 0.1170 0.1902 0.4427 0.1127 0.3404 0.1566 0.1373 0.5209 0.1144 0.2105 0.3989 0.1149 0.3841 0.1382 0.1463 0.5166 0.1126 0.2345 0.3434 0.1183 0.4310 0.1252 0.1901 0.1321 0.3840 0.1149 0.3989 0.2105 0.1144 0.5209 0.1373 0.1566 0.3404 0.1127 0.4427 0.1902 0.1170 0.5118 0.1299 0.1995 0.3015 0.1117 0.4761 0.1733 0.1210 0.4823 0.1238 0.2667 0.2676 0.1116 0.5000 0.1593 0.1270 0.4382 0.1189 0.3340 0.2385 0.1124 0.5151 0.1478 0.1364 0.3908 0.1153 0.3923 0.2131 0.1143 0.5210 0.1370 0.1579
0.1314 0.5209 0.1143 0.2141 0.3880 0.1156 0.3965 0.1349 0.1493 0.5135 0.1123 0.2424 0.3246 0.1195 0.4451 0.1259 0.1613 0.4970 0.1115 0.2722 0.2562 0.1246 0.4880 0.1203 0.1757 0.4718 0.1117 0.3069 0.1909 0.1310 0.5144 0.1166 0.1930 0.4370 0.1130 0.3465 0.1529 0.1385 0.5210 0.1141 0.2138 0.3913 0.1153 0.3910 0.1364 0.1478 0.5151 0.1124 0.2384 0.3342 0.1189 0.4381 0.1269 0.1609 0.4404 0.1509 0.1362 0.3910 0.1153 0.3913 0.2138 0.1141 0.5210 0.1385 0.1529 0.3465 0.1130 0.4370 0.1930 0.1166 0.5144 0.1310 0.1909 0.3069 0.1117 0.4718 0.1757 0.1203 0.4880 0.1246 0.2562 0.2722 0.1115 0.4970 0.1613 0.1259 0.4451 0.1195 0.3246 0.2424 0.1123 0.5135 0.1493 0.1349 0.3965 0.1156 0.3880 0.2141 0.1143 0.5209 0.1314
0.5044 0.1147 0.2131 0.3880 0.1158 0.4000 0.1338 0.1506 0.5119 0.1121 0.2463 0.3153 0.1202 0.4518 0.1250 0.1632 0.4939 0.1115 0.2771 0.2459 0.1255 0.4932 0.1196 0.1781 0.4672 0.1119 0.3125 0.1831 0.1320 0.5164 0.1161 0.1959 0.4309 0.1133 0.3529 0.1497 0.1398 0.5208 0.1138 0.2172 0.3836 0.1158 0.3979 0.1347 0.1494 0.5134 0.1123 0.2424 0.3247 0.1195 0.4451 0.1260 0.1612 0.4952 0.1113 0.5105 0.1494 0.1347 0.3979 0.1158 0.3836 0.2172 0.1138 0.5208 0.1398 0.1497 0.3529 0.1133 0.4309 0.1959 0.1161 0.5164 0.1320 0.1831 0.3125 0.1119 0.4672 0.1781 0.1196 0.4932 0.1255 0.2459 0.2771 0.1115 0.4939 0.1632 0.1250 0.4518 0.1202 0.3153 0.2463 0.1121 0.5119 0.1506 0.1338 0.4000 0.1158 0.3880 0.2131 0.1147 0.5044
0.1166 0.2104 0.3923 0.1156 0.4000 0.1334 0.1513 0.5106 0.1120 0.2498 0.3066 0.1208 0.4582 0.1241 0.1652 0.4906 0.1115 0.2820 0.2357 0.1264 0.4981 0.1190 0.1805 0.4624 0.1120 0.3182 0.1760 0.1331 0.5180 0.1157 0.1988 0.4245 0.1136 0.3593 0.1467 0.1411 0.5203 0.1135 0.2207 0.3756 0.1163 0.4049 0.1331 0.1510 0.5116 0.1121 0.2466 0.3150 0.1202 0.4519 0.1250 0.1632 0.4939 0.1098 0.3549 0.1092 0.5116 0.1510 0.1331 0.4049 0.1163 0.3756 0.2207 0.1135 0.5203 0.1411 0.1467 0.3593 0.1136 0.4245 0.1988 0.1157 0.5180 0.1331 0.1760 0.3182 0.1120 0.4624 0.1805 0.1190 0.4981 0.1264 0.2357 0.2820 0.1115 0.4906 0.1652 0.1241 0.4582 0.1208 0.3066 0.2498 0.1120 0.5106 0.1513 0.1334 0.4000 0.1156 0.3923 0.2104 0.1166
0.2000 0.3989 0.1153 0.3965 0.1338 0.1513 0.5102 0.1120 0.2523 0.2994 0.1214 0.4640 0.1233 0.1671 0.4872 0.1115 0.2868 0.2258 0.1273 0.5024 0.1184 0.1830 0.4574 0.1122 0.3240 0.1698 0.1342 0.5193 0.1154 0.2018 0.4181 0.1139 0.3659 0.1441 0.1424 0.5196 0.1133 0.2242 0.3673 0.1168 0.4119 0.1317 0.1527 0.5095 0.1120 0.2508 0.3051 0.1209 0.4587 0.1240 0.1652 0.4905 0.1114 0.2851 0.1392 0.2577 0.1118 0.5095 0.1527 0.1317 0.4119 0.1168 0.3673 0.2242 0.1133 0.5196 0.1424 0.1441 0.3659 0.1139 0.4181 0.2018 0.1154 0.5193 0.1342 0.1698 0.3240 0.1122 0.4574 0.1830 0.1184 0.5024 0.1273 0.2258 0.2868 0.1115 0.4872 0.1671 0.1233 0.4640 0.1214 0.2994 0.2523 0.1120 0.5102 0.1513 0.1338 0.3965 0.1153 0.3989 0.2000
0.3789 0.1153 0.3908 0.1349 0.1506 0.5106 0.1120 0.2533 0.2953 0.1218 0.4684 0.1226 0.1689 0.4838 0.1116 0.2917 0.2163 0.1282 0.5062 0.1179 0.1855 0.4524 0.1124 0.3298 0.1644 0.1353 0.5202 0.1150 0.2049 0.4112 0.1142 0.3725 0.1418 0.1438 0.5187 0.1130 0.2279 0.3588 0.1173 0.4189 0.1303 0.1544 0.5072 0.1118 0.2551 0.2950 0.1216 0.4653 0.1231 0.1673 0.4869 0.1115 0.2870 0.2190 0.1447 0.2790 0.2551 0.1118 0.5072 0.1544 0.1303 0.4189 0.1173 0.3588 0.2279 0.1130 0.5187 0.1438 0.1418 0.3725 0.1142 0.4112 0.2049 0.1150 0.5202 0.1353 0.1644 0.3298 0.1124 0.4524 0.1855 0.1179 0.5062 0.1282 0.2163 0.2917 0.1116 0.4838 0.1689 0.1226 0.4684 0.1218 0.2953 0.2533 0.1120 0.5106 0.1506 0.1349 0.3908 0.1153 0.3789
0.1122 0.3842 0.1364 0.1493 0.5119 0.1120 0.2523 0.2953 0.1220 0.4708 0.1222 0.1704 0.4809 0.1116 0.2964 0.2075 0.1291 0.5094 0.1174 0.1881 0.4471 0.1126 0.3357 0.1598 0.1364 0.5207 0.1147 0.2081 0.4042 0.1146 0.3792 0.1396 0.1452 0.5176 0.1128 0.2317 0.3500 0.1179 0.4260 0.1290 0.1562 0.5047 0.1117 0.2596 0.2848 0.1224 0.4717 0.1223 0.1695 0.4831 0.1116 0.2922 0.2158 0.1290 0.5185 0.1236 0.2850 0.2596 0.1117 0.5047 0.1562 0.1290 0.4260 0.1179 0.3500 0.2317 0.1128 0.5176 0.1452 0.1396 0.3792 0.1146 0.4042 0.2081 0.1147 0.5207 0.1364 0.1598 0.3357 0.1126 0.4471 0.1881 0.1174 0.5094 0.1291 0.2075 0.2964 0.1116 0.4809 0.1704 0.1222 0.4708 0.1220 0.2953 0.2523 0.1120 0.5119 0.1493 0.1364 0.3842 0.1122
0.3627 0.1384 0.1478 0.5135 0.1121 0.2498 0.2994 0.1218 0.4708 0.1220 0.1712 0.4788 0.1116 0.3003 0.2002 0.1300 0.5121 0.1170 0.1907 0.4417 0.1128 0.3416 0.1558 0.1376 0.5210 0.1143 0.2113 0.3970 0.1150 0.3859 0.1377 0.1467 0.5162 0.1126 0.2355 0.3409 0.1185 0.4330 0.1278 0.1580 0.5021 0.1116 0.2641 0.2745 0.1232 0.4779 0.1215 0.1717 0.4792 0.1116 0.2975 0.2062 0.1292 0.5114 0.1068 0.4866 0.1231 0.2745 0.2641 0.1116 0.5021 0.1580 0.1278 0.4330 0.1185 0.3409 0.2355 0.1126 0.5162 0.1467 0.1377 0.3859 0.1150 0.3970 0.2113 0.1143 0.5210 0.1376 0.1558 0.3416 0.1128 0.4417 0.1907 0.1170 0.5121 0.1300 0.2002 0.3003 0.1116 0.4788 0.1712 0.1220 0.4708 0.1218 0.2994 0.2498 0.1121 0.5135 0.1478 0.1384 0.3627
0.1426 0.1463 0.5151 0.1123 0.2463 0.3066 0.1214 0.4684 0.1222 0.1712 0.4781 0.1117 0.3029 0.1949 0.1307 0.5141 0.1166 0.1932 0.4363 0.1130 0.3476 0.1523 0.1387 0.5210 0.1140 0.2145 0.3897 0.1154 0.3926 0.1359 0.1482 0.5147 0.1124 0.2395 0.3317 0.1191 0.4400 0.1267 0.1598 0.4993 0.1116 0.2687 0.2640 0.1240 0.4838 0.1208 0.1739 0.4750 0.1117 0.3029 0.1972 0.1302 0.5125 0.1144 0.2372 0.1164 0.4837 0.1240 0.2640 0.2687 0.1116 0.4993 0.1598 0.1267 0.4400 0.1191 0.3317 0.2395 0.1124 0.5147 0.1482 0.1359 0.3926 0.1154 0.3897 0.2145 0.1140 0.5210 0.1387 0.1523 0.3476 0.1130 0.4363 0.1932 0.1166 0.5141 0.1307 0.1949 0.3029 0.1117 0.4781 0.1712 0.1222 0.4684 0.1214 0.3066 0.2463 0.1123 0.5151 0.1463 0.1426
0.1399 0.5166 0.1124 0.2424 0.3153 0.1208 0.4640 0.1226 0.1704 0.4788 0.1117 0.3038 0.1922 0.1312 0.5154 0.1163 0.1954 0.4313 0.1133 0.3534 0.1493 0.1399 0.5207 0.1138 0.2178 0.3822 0.1159 0.3993 0.1343 0.1497 0.5130 0.1122 0.2435 0.3223 0.1197 0.4469 0.1257 0.1618 0.4962 0.1115 0.2735 0.2536 0.1248 0.4893 0.1201 0.1763 0.4706 0.1118 0.3083 0.1888 0.1312 0.5149 0.1164 0.1959 0.3284 0.1807 0.1199 0.4893 0.1248 0.2536 0.2735 0.1115 0.4962 0.1618 0.1257 0.4469 0.1197 0.3223 0.2435 0.1122 0.5130 0.1497 0.1343 0.3993 0.1159 0.3822 0.2178 0.1138 0.5207 0.1399 0.1493 0.3534 0.1133 0.4313 0.1954 0.1163 0.5154 0.1312 0.1922 0.3038 0.1117 0.4788 0.1704 0.1226 0.4640 0.1208 0.3153 0.2424 0.1124 0.5166 0.1399
0.5008 0.1130 0.2385 0.3246 0.1202 0.4582 0.1233 0.1689 0.4809 0.1116 0.3029 0.1922 0.1313 0.5160 0.1161 0.1971 0.4271 0.1135 0.3587 0.1468 0.1411 0.5203 0.1135 0.2211 0.3745 0.1163 0.4060 0.1329 0.1513 0.5112 0.1121 0.2475 0.3128 0.1204 0.4535 0.1247 0.1637 0.4930 0.1115 0.2784 0.2432 0.1257 0.4945 0.1195 0.1787 0.4660 0.1119 0.3139 0.1812 0.1323 0.5169 0.1160 0.1966 0.4256 0.1199 0.4587 0.1787 0.1195 0.4945 0.1257 0.2432 0.2784 0.1115 0.4930 0.1637 0.1247 0.4535 0.1204 0.3128 0.2475 0.1121 0.5112 0.1513 0.1329 0.4060 0.1163 0.3745 0.2211 0.1135 0.5203 0.1411 0.1468 0.3587 0.1135 0.4271 0.1971 0.1161 0.5160 0.1313 0.1922 0.3029 0.1116 0.4809 0.1689 0.1233 0.4582 0.1202 0.3246 0.2385 0.1130 0.5008
0.1138 0.2346 0.3340 0.1195 0.4518 0.1241 0.1671 0.4838 0.1116 0.3003 0.1949 0.1312 0.5160 0.1160 0.1980 0.4242 0.1137 0.3629 0.1448 0.1422 0.5197 0.1133 0.2245 0.3666 0.1168 0.4128 0.1315 0.1529 0.5091 0.1119 0.2516 0.3032 0.1210 0.4600 0.1238 0.1657 0.4897 0.1115 0.2832 0.2330 0.1266 0.4992 0.1189 0.1811 0.4612 0.1120 0.3197 0.1744 0.1334 0.5184 0.1156 0.1996 0.4230 0.1129 0.4557 0.1106 0.4613 0.1811 0.1189 0.4992 0.1266 0.2330 0.2832 0.1115 0.4897 0.1657 0.1238 0.4600 0.1210 0.3032 0.2516 0.1119 0.5091 0.1529 0.1315 0.4128 0.1168 0.3666 0.2245 0.1133 0.5197 0.1422 0.1448 0.3629 0.1137 0.4242 0.1980 0.1160 0.5160 0.1312 0.1949 0.3003 0.1116 0.4838 0.1671 0.1241 0.4518 0.1195 0.3340 0.2346 0.1138
0.2224 0.3433 0.1189 0.4451 0.1250 0.1652 0.4872 0.1116 0.2964 0.2002 0.1307 0.5154 0.1161 0.1980 0.4231 0.1138 0.3658 0.1435 0.1431 0.5190 0.1131 0.2276 0.3589 0.1173 0.4195 0.1302 0.1546 0.5069 0.1118 0.2558 0.2935 0.1217 0.4663 0.1230 0.1677 0.4862 0.1115 0.2881 0.2233 0.1275 0.5034 0.1183 0.1837 0.4562 0.1122 0.3255 0.1683 0.1345 0.5195 0.1153 0.2026 0.4163 0.1139 0.3715 0.1159 0.3345 0.1121 0.4562 0.1837 0.1183 0.5034 0.1275 0.2233 0.2881 0.1115 0.4862 0.1677 0.1230 0.4663 0.1217 0.2935 0.2558 0.1118 0.5069 0.1546 0.1302 0.4195 0.1173 0.3589 0.2276 0.1131 0.5190 0.1431 0.1435 0.3658 0.1138 0.4231 0.1980 0.1161 0.5154 0.1307 0.2002 0.2964 0.1116 0.4872 0.1652 0.1250 0.4451 0.1189 0.3433 0.2224
0.3226 0.1186 0.4382 0.1259 0.1632 0.4906 0.1115 0.2917 0.2075 0.1300 0.5141 0.1163 0.1971 0.4242 0.1138 0.3668 0.1428 0.1437 0.5185 0.1129 0.2303 0.3520 0.1178 0.4257 0.1290 0.1563 0.5045 0.1117 0.2600 0.2836 0.1225 0.4724 0.1222 0.1698 0.4826 0.1116 0.2931 0.2139 0.1284 0.5071 0.1178 0.1862 0.4510 0.1124 0.3313 0.1631 0.1356 0.5203 0.1149 0.2057 0.4094 0.1143 0.3741 0.1380 0.1701 0.1538 0.3313 0.1124 0.4510 0.1862 0.1178 0.5071 0.1284 0.2139 0.2931 0.1116 0.4826 0.1698 0.1222 0.4724 0.1225 0.2836 0.2600 0.1117 0.5045 0.1563 0.1290 0.4257 0.1178 0.3520 0.2303 0.1129 0.5185 0.1437 0.1428 0.3668 0.1138 0.4242 0.1971 0.1163 0.5141 0.1300 0.2075 0.2917 0.1115 0.4906 0.1632 0.1259 0.4382 0.1186 0.3226
0.1147 0.4312 0.1270 0.1613 0.4939 0.1115 0.2868 0.2163 0.1291 0.5121 0.1166 0.1954 0.4271 0.1137 0.3658 0.1428 0.1439 0.5182 0.1128 0.2322 0.3465 0.1182 0.4311 0.1280 0.1579 0.5021 0.1116 0.2644 0.2736 0.1232 0.4784 0.1215 0.1719 0.4787 0.1116 0.2982 0.2048 0.1294 0.5102 0.1173 0.1888 0.4458 0.1126 0.3372 0.1587 0.1367 0.5208 0.1146 0.2089 0.4024 0.1147 0.3809 0.1391 0.1469 0.4811 0.1391 0.1586 0.3372 0.1126 0.4458 0.1888 0.1173 0.5102 0.1294 0.2048 0.2982 0.1116 0.4787 0.1719 0.1215 0.4784 0.1232 0.2736 0.2644 0.1116 0.5021 0.1579 0.1280 0.4311 0.1182 0.3465 0.2322 0.1128 0.5182 0.1439 0.1428 0.3658 0.1137 0.4271 0.1954 0.1166 0.5121 0.1291 0.2163 0.2868 0.1115 0.4939 0.1613 0.1270 0.4312 0.1147
0.4078 0.1283 0.1593 0.4970 0.1115 0.2820 0.2258 0.1282 0.5094 0.1170 0.1932 0.4313 0.1135 0.3629 0.1435 0.1437 0.5182 0.1128 0.2333 0.3429 0.1185 0.4353 0.1272 0.1593 0.4998 0.1116 0.2686 0.2639 0.1240 0.4840 0.1208 0.1741 0.4747 0.1117 0.3034 0.1962 0.1303 0.5129 0.1168 0.1914 0.4403 0.1128 0.3431 0.1549 0.1379 0.5210 0.1143 0.2121 0.3952 0.1151 0.3877 0.1372 0.1471 0.5150 0.1085 0.5208 0.1379 0.1549 0.3431 0.1128 0.4403 0.1914 0.1168 0.5129 0.1303 0.1962 0.3034 0.1117 0.4747 0.1741 0.1208 0.4840 0.1240 0.2639 0.2686 0.1116 0.4998 0.1593 0.1272 0.4353 0.1185 0.3429 0.2333 0.1128 0.5182 0.1437 0.1435 0.3629 0.1135 0.4313 0.1932 0.1170 0.5094 0.1282 0.2258 0.2820 0.1115 0.4970 0.1593 0.1283 0.4078
0.1329 0.1575 0.5000 0.1115 0.2771 0.2357 0.1273 0.5062 0.1174 0.1907 0.4363 0.1133 0.3587 0.1448 0.1431 0.5185 0.1128 0.2333 0.3416 0.1187 0.4380 0.1267 0.1604 0.4978 0.1116 0.2724 0.2550 0.1248 0.4892 0.1201 0.1764 0.4704 0.1118 0.3087 0.1882 0.1313 0.5152 0.1164 0.1941 0.4346 0.1131 0.3492 0.1515 0.1390 0.5209 0.1140 0.2153 0.3878 0.1155 0.3943 0.1355 0.1486 0.5143 0.1103 0.3057 0.1104 0.5209 0.1390 0.1515 0.3492 0.1131 0.4346 0.1941 0.1164 0.5152 0.1313 0.1882 0.3087 0.1118 0.4704 0.1764 0.1201 0.4892 0.1248 0.2550 0.2724 0.1116 0.4978 0.1604 0.1267 0.4380 0.1187 0.3416 0.2333 0.1128 0.5185 0.1431 0.1448 0.3587 0.1133 0.4363 0.1907 0.1174 0.5062 0.1273 0.2357 0.2771 0.1115 0.5000 0.1575 0.1329
0.1504 0.5028 0.1116 0.2722 0.2459 0.1264 0.5024 0.1179 0.1881 0.4417 0.1130 0.3534 0.1468 0.1422 0.5190 0.1129 0.2322 0.3429 0.1187 0.4390 0.1264 0.1611 0.4963 0.1115 0.2756 0.2473 0.1255 0.4937 0.1195 0.1786 0.4661 0.1119 0.3141 0.1809 0.1323 0.5170 0.1160 0.1969 0.4287 0.1134 0.3553 0.1485 0.1403 0.5206 0.1137 0.2186 0.3802 0.1160 0.4010 0.1339 0.1501 0.5126 0.1121 0.2473 0.1808 0.2247 0.1135 0.5206 0.1403 0.1485 0.3553 0.1134 0.4287 0.1969 0.1160 0.5170 0.1323 0.1809 0.3141 0.1119 0.4661 0.1786 0.1195 0.4937 0.1255 0.2473 0.2756 0.1115 0.4963 0.1611 0.1264 0.4390 0.1187 0.3429 0.2322 0.1129 0.5190 0.1422 0.1468 0.3534 0.1130 0.4417 0.1881 0.1179 0.5024 0.1264 0.2459 0.2722 0.1116 0.5028 0.1504
0.4866 0.1120 0.2676 0.2562 0.1255 0.4981 0.1184 0.1855 0.4471 0.1128 0.3476 0.1493 0.1411 0.5197 0.1131 0.2303 0.3465 0.1185 0.4380 0.1264 0.1613 0.4955 0.1115 0.2779 0.2415 0.1260 0.4972 0.1190 0.1806 0.4618 0.1120 0.3195 0.1743 0.1334 0.5184 0.1156 0.1997 0.4225 0.1137 0.3615 0.1458 0.1415 0.5201 0.1134 0.2220 0.3724 0.1165 0.4077 0.1325 0.1517 0.5107 0.1120 0.2485 0.3043 0.1340 0.3593 0.2220 0.1134 0.5201 0.1415 0.1458 0.3615 0.1137 0.4225 0.1997 0.1156 0.5184 0.1334 0.1743 0.3195 0.1120 0.4618 0.1806 0.1190 0.4972 0.1260 0.2415 0.2779 0.1115 0.4955 0.1613 0.1264 0.4380 0.1185 0.3465 0.2303 0.1131 0.5197 0.1411 0.1493 0.3476 0.1128 0.4471 0.1855 0.1184 0.4981 0.1255 0.2562 0.2676 0.1120 0.4866
0.1119 0.2629 0.2667 0.1246 0.4932 0.1190 0.1830 0.4524 0.1126 0.3416 0.1523 0.1399 0.5203 0.1133 0.2276 0.3520 0.1182 0.4353 0.1267 0.1611 0.4955 0.1115 0.2791 0.2378 0.1265 0.4998 0.1187 0.1824 0.4579 0.1122 0.3247 0.1688 0.1344 0.5195 0.1153 0.2027 0.4161 0.1140 0.3678 0.1434 0.1428 0.5194 0.1132 0.2255 0.3644 0.1170 0.4145 0.1311 0.1533 0.5086 0.1119 0.2526 0.3007 0.1215 0.5191 0.1173 0.3644 0.2255 0.1132 0.5194 0.1428 0.1434 0.3678 0.1140 0.4161 0.2027 0.1153 0.5195 0.1344 0.1688 0.3247 0.1122 0.4579 0.1824 0.1187 0.4998 0.1265 0.2378 0.2791 0.1115 0.4955 0.1611 0.1267 0.4353 0.1182 0.3520 0.2276 0.1133 0.5203 0.1399 0.1523 0.3416 0.1126 0.4524 0.1830 0.1190 0.4932 0.1246 0.2667 0.2629 0.1119
0.2488 0.2772 0.1238 0.4880 0.1196 0.1805 0.4574 0.1124 0.3357 0.1558 0.1387 0.5207 0.1135 0.2245 0.3589 0.1178 0.4311 0.1272 0.1604 0.4963 0.1115 0.2791 0.2365 0.1267 0.5013 0.1184 0.1839 0.4546 0.1123 0.3291 0.1644 0.1354 0.5203 0.1149 0.2056 0.4095 0.1143 0.3742 0.1412 0.1442 0.5184 0.1130 0.2291 0.3560 0.1175 0.4213 0.1298 0.1550 0.5063 0.1118 0.2568 0.2909 0.1219 0.4717 0.1080 0.4321 0.1174 0.3560 0.2291 0.1130 0.5184 0.1442 0.1412 0.3742 0.1143 0.4095 0.2056 0.1149 0.5203 0.1354 0.1644 0.3291 0.1123 0.4546 0.1839 0.1184 0.5013 0.1267 0.2365 0.2791 0.1115 0.4963 0.1604 0.1272 0.4311 0.1178 0.3589 0.2245 0.1135 0.5207 0.1387 0.1558 0.3357 0.1124 0.4574 0.1805 0.1196 0.4880 0.1238 0.2772 0.2488
0.2578 0.1232 0.4823 0.1203 0.1781 0.4624 0.1122 0.3298 0.1598 0.1376 0.5210 0.1138 0.2211 0.3666 0.1173 0.4257 0.1280 0.1593 0.4978 0.1115 0.2779 0.2378 0.1267 0.5018 0.1183 0.1848 0.4523 0.1124 0.3328 0.1611 0.1363 0.5207 0.1146 0.2085 0.4030 0.1147 0.3807 0.1392 0.1456 0.5173 0.1127 0.2327 0.3475 0.1180 0.4281 0.1286 0.1567 0.5039 0.1117 0.2612 0.2810 0.1227 0.4740 0.1193 0.2079 0.1235 0.4280 0.1180 0.3475 0.2327 0.1127 0.5173 0.1456 0.1392 0.3807 0.1147 0.4030 0.2085 0.1146 0.5207 0.1363 0.1611 0.3328 0.1124 0.4523 0.1848 0.1183 0.5018 0.1267 0.2378 0.2779 0.1115 0.4978 0.1593 0.1280 0.4257 0.1173 0.3666 0.2211 0.1138 0.5210 0.1376 0.1598 0.3298 0.1122 0.4624 0.1781 0.1203 0.4823 0.1232 0.2578
0.1185 0.4763 0.1210 0.1757 0.4672 0.1120 0.3240 0.1644 0.1364 0.5210 0.1140 0.2178 0.3745 0.1168 0.4195 0.1290 0.1579 0.4998 0.1116 0.2756 0.2415 0.1265 0.5013 0.1183 0.1851 0.4510 0.1125 0.3355 0.1587 0.1370 0.5209 0.1144 0.2111 0.3968 0.1151 0.3870 0.1374 0.1470 0.5159 0.1125 0.2364 0.3387 0.1186 0.4348 0.1275 0.1585 0.5013 0.1116 0.2656 0.2711 0.1234 0.4799 0.1212 0.1743 0.3995 0.1621 0.1273 0.4348 0.1186 0.3387 0.2364 0.1125 0.5159 0.1470 0.1374 0.3870 0.1151 0.3968 0.2111 0.1144 0.5209 0.1370 0.1587 0.3355 0.1125 0.4510 0.1851 0.1183 0.5013 0.1265 0.2415 0.2756 0.1116 0.4998 0.1579 0.1290 0.4195 0.1168 0.3745 0.2178 0.1140 0.5210 0.1364 0.1644 0.3240 0.1120 0.4672 0.1757 0.1210 0.4763 0.1185
0.4529 0.1219 0.1733 0.4718 0.1119 0.3182 0.1698 0.1353 0.5207 0.1143 0.2145 0.3822 0.1163 0.4128 0.1302 0.1563 0.5021 0.1116 0.2724 0.2473 0.1260 0.4998 0.1184 0.1848 0.4510 0.1125 0.3369 0.1573 0.1375 0.5210 0.1142 0.2134 0.3912 0.1154 0.3927 0.1358 0.1484 0.5144 0.1124 0.2403 0.3297 0.1192 0.4416 0.1265 0.1603 0.4985 0.1116 0.2701 0.2610 0.1242 0.4854 0.1206 0.1747 0.4710 0.1143 0.4937 0.1603 0.1265 0.4416 0.1192 0.3297 0.2403 0.1124 0.5144 0.1484 0.1358 0.3927 0.1154 0.3912 0.2134 0.1142 0.5210 0.1375 0.1573 0.3369 0.1125 0.4510 0.1848 0.1184 0.4998 0.1260 0.2473 0.2724 0.1116 0.5021 0.1563 0.1302 0.4128 0.1163 0.3822 0.2145 0.1143 0.5207 0.1353 0.1698 0.3182 0.1119 0.4718 0.1733 0.1219 0.4529
0.1260 0.1711 0.4761 0.1117 0.3125 0.1760 0.1342 0.5202 0.1147 0.2113 0.3897 0.1159 0.4060 0.1315 0.1546 0.5045 0.1116 0.2686 0.2550 0.1255 0.4972 0.1187 0.1839 0.4523 0.1125 0.3369 0.1569 0.1378 0.5210 0.1141 0.2152 0.3864 0.1157 0.3978 0.1345 0.1497 0.5129 0.1122 0.2441 0.3205 0.1198 0.4482 0.1255 0.1622 0.4955 0.1115 0.2747 0.2510 0.1250 0.4907 0.1199 0.1769 0.4693 0.1105 0.3968 0.1092 0.4955 0.1622 0.1255 0.4482 0.1198 0.3205 0.2441 0.1122 0.5129 0.1497 0.1345 0.3978 0.1157 0.3864 0.2152 0.1141 0.5210 0.1378 0.1569 0.3369 0.1125 0.4523 0.1839 0.1187 0.4972 0.1255 0.2550 0.2686 0.1116 0.5045 0.1546 0.1315 0.4060 0.1159 0.3897 0.2113 0.1147 0.5202 0.1342 0.1760 0.3125 0.1117 0.4761 0.1711 0.1260
0.1632 0.4802 0.1117 0.3069 0.1831 0.1331 0.5193 0.1150 0.2081 0.3970 0.1154 0.3993 0.1329 0.1529 0.5069 0.1117 0.2644 0.2639 0.1248 0.4937 0.1190 0.1824 0.4546 0.1124 0.3355 0.1573 0.1378 0.5210 0.1140 0.2163 0.3830 0.1160 0.4021 0.1334 0.1509 0.5114 0.1121 0.2478 0.3115 0.1205 0.4548 0.1245 0.1641 0.4924 0.1115 0.2794 0.2410 0.1259 0.4956 0.1193 0.1793 0.4648 0.1119 0.3189 0.1261 0.2871 0.1113 0.4924 0.1641 0.1245 0.4548 0.1205 0.3115 0.2478 0.1121 0.5114 0.1509 0.1334 0.4021 0.1160 0.3830 0.2163 0.1140 0.5210 0.1378 0.1573 0.3355 0.1124 0.4546 0.1824 0.1190 0.4937 0.1248 0.2639 0.2644 0.1117 0.5069 0.1529 0.1329 0.3993 0.1154 0.3970 0.2081 0.1150 0.5193 0.1331 0.1831 0.3069 0.1117 0.4802 0.1632
0.4632 0.1120 0.3015 0.1909 0.1320 0.5180 0.1154 0.2049 0.4042 0.1150 0.3926 0.1343 0.1513 0.5091 0.1118 0.2600 0.2736 0.1240 0.4892 0.1195 0.1806 0.4579 0.1123 0.3328 0.1587 0.1375 0.5210 0.1140 0.2167 0.3812 0.1161 0.4051 0.1326 0.1519 0.5100 0.1120 0.2511 0.3033 0.1211 0.4610 0.1237 0.1661 0.4890 0.1115 0.2842 0.2311 0.1268 0.5000 0.1187 0.1817 0.4601 0.1121 0.3210 0.1677 0.1543 0.2149 0.2841 0.1115 0.4890 0.1661 0.1237 0.4610 0.1211 0.3033 0.2511 0.1120 0.5100 0.1519 0.1326 0.4051 0.1161 0.3812 0.2167 0.1140 0.5210 0.1375 0.1587 0.3328 0.1123 0.4579 0.1806 0.1195 0.4892 0.1240 0.2736 0.2600 0.1118 0.5091 0.1513 0.1343 0.3926 0.1150 0.4042 0.2049 0.1154 0.5180 0.1320 0.1909 0.3015 0.1120 0.4632
0.1109 0.2961 0.1995 0.1310 0.5164 0.1157 0.2018 0.4112 0.1146 0.3859 0.1359 0.1497 0.5112 0.1119 0.2558 0.2836 0.1232 0.4840 0.1201 0.1786 0.4618 0.1122 0.3291 0.1611 0.1370 0.5210 0.1141 0.2163 0.3812 0.1162 0.4067 0.1321 0.1527 0.5089 0.1119 0.2539 0.2961 0.1217 0.4663 0.1229 0.1680 0.4856 0.1115 0.2891 0.2215 0.1276 0.5041 0.1182 0.1841 0.4552 0.1122 0.3267 0.1671 0.1357 0.5079 0.1295 0.2216 0.2891 0.1115 0.4856 0.1680 0.1229 0.4663 0.1217 0.2961 0.2539 0.1119 0.5089 0.1527 0.1321 0.4067 0.1162 0.3812 0.2163 0.1141 0.5210 0.1370 0.1611 0.3291 0.1122 0.4618 0.1786 0.1201 0.4840 0.1232 0.2836 0.2558 0.1119 0.5112 0.1497 0.1359 0.3859 0.1146 0.4112 0.2018 0.1157 0.5164 0.1310 0.1995 0.2961 0.1109
0.2798 0.2087 0.1299 0.5144 0.1161 0.1988 0.4181 0.1142 0.3792 0.1377 0.1482 0.5130 0.1121 0.2516 0.2935 0.1225 0.4784 0.1208 0.1764 0.4661 0.1120 0.3247 0.1644 0.1363 0.5209 0.1142 0.2152 0.3830 0.1161 0.4067 0.1320 0.1530 0.5081 0.1119 0.2562 0.2901 0.1221 0.4707 0.1223 0.1697 0.4823 0.1116 0.2939 0.2122 0.1286 0.5076 0.1177 0.1866 0.4501 0.1124 0.3324 0.1622 0.1358 0.5208 0.1070 0.5124 0.1286 0.2122 0.2939 0.1116 0.4823 0.1697 0.1223 0.4707 0.1221 0.2901 0.2562 0.1119 0.5081 0.1530 0.1320 0.4067 0.1161 0.3830 0.2152 0.1142 0.5209 0.1363 0.1644 0.3247 0.1120 0.4661 0.1764 0.1208 0.4784 0.1225 0.2935 0.2516 0.1121 0.5130 0.1482 0.1377 0.3792 0.1142 0.4181 0.1988 0.1161 0.5144 0.1299 0.2087 0.2798
0.1968 0.1291 0.5118 0.1166 0.1959 0.4245 0.1139 0.3725 0.1396 0.1467 0.5147 0.1122 0.2475 0.3032 0.1217 0.4724 0.1215 0.1741 0.4704 0.1119 0.3195 0.1688 0.1354 0.5207 0.1144 0.2134 0.3864 0.1160 0.4051 0.1321 0.1530 0.5079 0.1118 0.2576 0.2857 0.1225 0.4743 0.1218 0.1712 0.4794 0.1116 0.2983 0.2040 0.1295 0.5107 0.1172 0.1892 0.4448 0.1126 0.3382 0.1580 0.1369 0.5209 0.1122 0.2631 0.1131 0.5106 0.1295 0.2040 0.2983 0.1116 0.4794 0.1712 0.1218 0.4743 0.1225 0.2857 0.2576 0.1118 0.5079 0.1530 0.1321 0.4051 0.1160 0.3864 0.2134 0.1144 0.5207 0.1354 0.1688 0.3195 0.1119 0.4704 0.1741 0.1215 0.4724 0.1217 0.3032 0.2475 0.1122 0.5147 0.1467 0.1396 0.3725 0.1139 0.4245 0.1959 0.1166 0.5118 0.1291 0.1968
0.1237 0.5089 0.1170 0.1930 0.4309 0.1136 0.3659 0.1418 0.1452 0.5162 0.1124 0.2435 0.3128 0.1210 0.4663 0.1222 0.1719 0.4747 0.1118 0.3141 0.1743 0.1344 0.5203 0.1146 0.2111 0.3912 0.1157 0.4021 0.1326 0.1527 0.5081 0.1118 0.2581 0.2835 0.1228 0.4770 0.1214 0.1725 0.4768 0.1117 0.3024 0.1970 0.1303 0.5131 0.1168 0.1918 0.4393 0.1129 0.3442 0.1542 0.1381 0.5210 0.1141 0.2152 0.2659 0.1969 0.1166 0.5131 0.1303 0.1970 0.3024 0.1117 0.4768 0.1725 0.1214 0.4770 0.1228 0.2835 0.2581 0.1118 0.5081 0.1527 0.1326 0.4021 0.1157 0.3912 0.2111 0.1146 0.5203 0.1344 0.1743 0.3141 0.1118 0.4747 0.1719 0.1222 0.4663 0.1210 0.3128 0.2435 0.1124 0.5162 0.1452 0.1418 0.3659 0.1136 0.4309 0.1930 0.1170 0.5089 0.1237
0.4887 0.1178 0.1902 0.4370 0.1133 0.3593 0.1441 0.1438 0.5176 0.1126 0.2395 0.3223 0.1204 0.4600 0.1230 0.1698 0.4787 0.1117 0.3087 0.1809 0.1334 0.5195 0.1149 0.2085 0.3968 0.1154 0.3978 0.1334 0.1519 0.5089 0.1119 0.2576 0.2835 0.1229 0.4783 0.1212 0.1735 0.4746 0.1117 0.3058 0.1911 0.1311 0.5149 0.1164 0.1943 0.4338 0.1131 0.3502 0.1509 0.1393 0.5209 0.1139 0.2160 0.3816 0.1250 0.4242 0.1943 0.1164 0.5149 0.1311 0.1911 0.3058 0.1117 0.4746 0.1735 0.1212 0.4783 0.1229 0.2835 0.2576 0.1119 0.5089 0.1519 0.1334 0.3978 0.1154 0.3968 0.2085 0.1149 0.5195 0.1334 0.1809 0.3087 0.1117 0.4787 0.1698 0.1230 0.4600 0.1204 0.3223 0.2395 0.1126 0.5176 0.1438 0.1441 0.3593 0.1133 0.4370 0.1902 0.1178 0.4887
0.1209 0.1875 0.4427 0.1130 0.3529 0.1467 0.1424 0.5187 0.1128 0.2355 0.3317 0.1197 0.4535 0.1238 0.1677 0.4826 0.1116 0.3034 0.1882 0.1323 0.5184 0.1153 0.2056 0.4030 0.1151 0.3927 0.1345 0.1509 0.5100 0.1119 0.2562 0.2857 0.1228 0.4783 0.1211 0.1740 0.4732 0.1118 0.3086 0.1865 0.1318 0.5163 0.1161 0.1965 0.4287 0.1134 0.3561 0.1480 0.1405 0.5205 0.1136 0.2193 0.3787 0.1158 0.4925 0.1127 0.4288 0.1965 0.1161 0.5163 0.1318 0.1865 0.3086 0.1118 0.4732 0.1740 0.1211 0.4783 0.1228 0.2857 0.2562 0.1119 0.5100 0.1509 0.1345 0.3927 0.1151 0.4030 0.2056 0.1153 0.5184 0.1323 0.1882 0.3034 0.1116 0.4826 0.1677 0.1238 0.4535 0.1197 0.3317 0.2355 0.1128 0.5187 0.1424 0.1467 0.3529 0.1130 0.4427 0.1875 0.1209
0.1785 0.4484 0.1127 0.3465 0.1497 0.1411 0.5196 0.1130 0.2317 0.3409 0.1191 0.4469 0.1247 0.1657 0.4862 0.1116 0.2982 0.1962 0.1313 0.5170 0.1156 0.2027 0.4095 0.1147 0.3870 0.1358 0.1497 0.5114 0.1120 0.2539 0.2901 0.1225 0.4770 0.1212 0.1740 0.4727 0.1118 0.3105 0.1832 0.1323 0.5173 0.1159 0.1985 0.4242 0.1136 0.3615 0.1456 0.1417 0.5200 0.1134 0.2227 0.3708 0.1165 0.4131 0.1116 0.3715 0.1135 0.4242 0.1985 0.1159 0.5173 0.1323 0.1832 0.3105 0.1118 0.4727 0.1740 0.1212 0.4770 0.1225 0.2901 0.2539 0.1120 0.5114 0.1497 0.1358 0.3870 0.1147 0.4095 0.2027 0.1156 0.5170 0.1313 0.1962 0.2982 0.1116 0.4862 0.1657 0.1247 0.4469 0.1191 0.3409 0.2317 0.1130 0.5196 0.1411 0.1497 0.3465 0.1127 0.4484 0.1785
0.4301 0.1129 0.3404 0.1529 0.1398 0.5203 0.1133 0.2279 0.3500 0.1185 0.4400 0.1257 0.1637 0.4897 0.1115 0.2931 0.2048 0.1303 0.5152 0.1160 0.1997 0.4161 0.1143 0.3807 0.1374 0.1484 0.5129 0.1121 0.2511 0.2961 0.1221 0.4743 0.1214 0.1735 0.4732 0.1118 0.3111 0.1816 0.1326 0.5180 0.1157 0.2002 0.4202 0.1138 0.3661 0.1437 0.1429 0.5193 0.1132 0.2261 0.3627 0.1171 0.4158 0.1280 0.1836 0.1371 0.3660 0.1138 0.4202 0.2002 0.1157 0.5180 0.1326 0.1816 0.3111 0.1118 0.4732 0.1735 0.1214 0.4743 0.1221 0.2961 0.2511 0.1121 0.5129 0.1484 0.1374 0.3807 0.1143 0.4161 0.1997 0.1160 0.5152 0.1303 0.2048 0.2931 0.1115 0.4897 0.1637 0.1257 0.4400 0.1185 0.3500 0.2279 0.1133 0.5203 0.1398 0.1529 0.3404 0.1129 0.4301
0.1108 0.3342 0.1566 0.1385 0.5208 0.1135 0.2242 0.3588 0.1179 0.4330 0.1267 0.1618 0.4930 0.1115 0.2881 0.2139 0.1294 0.5129 0.1164 0.1969 0.4225 0.1140 0.3742 0.1392 0.1470 0.5144 0.1122 0.2478 0.3033 0.1217 0.4707 0.1218 0.1725 0.4746 0.1118 0.3105 0.1816 0.1328 0.5183 0.1155 0.2015 0.4168 0.1140 0.3701 0.1421 0.1439 0.5185 0.1130 0.2294 0.3547 0.1176 0.4226 0.1295 0.1567 0.4542 0.1467 0.1420 0.3701 0.1140 0.4168 0.2015 0.1155 0.5183 0.1328 0.1816 0.3105 0.1118 0.4746 0.1725 0.1218 0.4707 0.1217 0.3033 0.2478 0.1122 0.5144 0.1470 0.1392 0.3742 0.1140 0.4225 0.1969 0.1164 0.5129 0.1294 0.2139 0.2881 0.1115 0.4930 0.1618 0.1267 0.4330 0.1179 0.3588 0.2242 0.1135 0.5208 0.1385 0.1566 0.3342 0.1108
0.3155 0.1610 0.1373 0.5210 0.1138 0.2207 0.3673 0.1173 0.4260 0.1278 0.1598 0.4962 0.1115 0.2832 0.2233 0.1284 0.5102 0.1168 0.1941 0.4287 0.1137 0.3678 0.1412 0.1456 0.5159 0.1124 0.2441 0.3115 0.1211 0.4663 0.1223 0.1712 0.4768 0.1117 0.3086 0.1832 0.1326 0.5183 0.1155 0.2022 0.4146 0.1142 0.3734 0.1409 0.1447 0.5178 0.1128 0.2323 0.3475 0.1181 0.4290 0.1285 0.1570 0.5019 0.1103 0.5157 0.1447 0.1409 0.3734 0.1142 0.4146 0.2022 0.1155 0.5183 0.1326 0.1832 0.3086 0.1117 0.4768 0.1712 0.1223 0.4663 0.1211 0.3115 0.2441 0.1124 0.5159 0.1456 0.1412 0.3678 0.1137 0.4287 0.1941 0.1168 0.5102 0.1284 0.2233 0.2832 0.1115 0.4962 0.1598 0.1278 0.4260 0.1173 0.3673 0.2207 0.1138 0.5210 0.1373 0.1610 0.3155
0.1611 0.1361 0.5209 0.1141 0.2172 0.3756 0.1168 0.4189 0.1290 0.1580 0.4993 0.1115 0.2784 0.2330 0.1275 0.5071 0.1173 0.1914 0.4346 0.1134 0.3615 0.1434 0.1442 0.5173 0.1125 0.2403 0.3205 0.1205 0.4610 0.1229 0.1697 0.4794 0.1117 0.3058 0.1865 0.1323 0.5180 0.1155 0.2022 0.4138 0.1143 0.3755 0.1401 0.1454 0.5171 0.1127 0.2347 0.3413 0.1185 0.4346 0.1275 0.1587 0.5009 0.1099 0.3386 0.1094 0.5171 0.1454 0.1401 0.3755 0.1143 0.4138 0.2022 0.1155 0.5180 0.1323 0.1865 0.3058 0.1117 0.4794 0.1697 0.1229 0.4610 0.1205 0.3205 0.2403 0.1125 0.5173 0.1442 0.1434 0.3615 0.1134 0.4346 0.1914 0.1173 0.5071 0.1275 0.2330 0.2784 0.1115 0.4993 0.1580 0.1290 0.4189 0.1168 0.3756 0.2172 0.1141 0.5209 0.1361 0.1611
0.1302 0.5206 0.1144 0.2138 0.3836 0.1163 0.4119 0.1303 0.1562 0.5021 0.1116 0.2735 0.2432 0.1266 0.5034 0.1178 0.1888 0.4403 0.1131 0.3553 0.1458 0.1428 0.5184 0.1127 0.2364 0.3297 0.1198 0.4548 0.1237 0.1680 0.4823 0.1116 0.3024 0.1911 0.1318 0.5173 0.1157 0.2015 0.4146 0.1143 0.3762 0.1396 0.1458 0.5166 0.1126 0.2368 0.3359 0.1189 0.4395 0.1266 0.1602 0.4984 0.1115 0.2735 0.1482 0.2437 0.1124 0.5166 0.1458 0.1396 0.3762 0.1143 0.4146 0.2015 0.1157 0.5173 0.1318 0.1911 0.3024 0.1116 0.4823 0.1680 0.1237 0.4548 0.1198 0.3297 0.2364 0.1127 0.5184 0.1428 0.1458 0.3553 0.1131 0.4403 0.1888 0.1178 0.5034 0.1266 0.2432 0.2735 0.1116 0.5021 0.1562 0.1303 0.4119 0.1163 0.3836 0.2138 0.1144 0.5206 0.1302
0.5038 0.1150 0.2105 0.3913 0.1158 0.4049 0.1317 0.1544 0.5047 0.1116 0.2687 0.2536 0.1257 0.4992 0.1183 0.1862 0.4458 0.1128 0.3492 0.1485 0.1415 0.5194 0.1130 0.2327 0.3387 0.1192 0.4482 0.1245 0.1661 0.4856 0.1116 0.2983 0.1970 0.1311 0.5163 0.1159 0.2002 0.4168 0.1142 0.3755 0.1396 0.1460 0.5163 0.1125 0.2383 0.3315 0.1192 0.4435 0.1260 0.1615 0.4961 0.1115 0.2747 0.2440 0.1407 0.3154 0.2384 0.1125 0.5163 0.1460 0.1396 0.3755 0.1142 0.4168 0.2002 0.1159 0.5163 0.1311 0.1970 0.2983 0.1116 0.4856 0.1661 0.1245 0.4482 0.1192 0.3387 0.2327 0.1130 0.5194 0.1415 0.1485 0.3492 0.1128 0.4458 0.1862 0.1183 0.4992 0.1257 0.2536 0.2687 0.1116 0.5047 0.1544 0.1317 0.4049 0.1158 0.3913 0.2105 0.1150 0.5038
0.1171 0.2072 0.3989 0.1153 0.3979 0.1331 0.1527 0.5072 0.1117 0.2641 0.2640 0.1248 0.4945 0.1189 0.1837 0.4510 0.1126 0.3431 0.1515 0.1403 0.5201 0.1132 0.2291 0.3475 0.1186 0.4416 0.1255 0.1641 0.4890 0.1115 0.2939 0.2040 0.1303 0.5149 0.1161 0.1985 0.4202 0.1140 0.3734 0.1401 0.1458 0.5163 0.1125 0.2392 0.3286 0.1195 0.4467 0.1255 0.1627 0.4941 0.1116 0.2783 0.2421 0.1265 0.5208 0.1205 0.3286 0.2392 0.1125 0.5163 0.1458 0.1401 0.3734 0.1140 0.4202 0.1985 0.1161 0.5149 0.1303 0.2040 0.2939 0.1115 0.4890 0.1641 0.1255 0.4416 0.1186 0.3475 0.2291 0.1132 0.5201 0.1403 0.1515 0.3431 0.1126 0.4510 0.1837 0.1189 0.4945 0.1248 0.2640 0.2641 0.1117 0.5072 0.1527 0.1331 0.3979 0.1153 0.3989 0.2072 0.1171
0.1969 0.4061 0.1149 0.3910 0.1347 0.1510 0.5095 0.1118 0.2596 0.2745 0.1240 0.4893 0.1195 0.1811 0.4562 0.1124 0.3372 0.1549 0.1390 0.5206 0.1134 0.2255 0.3560 0.1180 0.4348 0.1265 0.1622 0.4924 0.1115 0.2891 0.2122 0.1295 0.5131 0.1164 0.1965 0.4242 0.1138 0.3701 0.1409 0.1454 0.5166 0.1125 0.2392 0.3231 0.1198 0.4496 0.1250 0.1626 0.4941 0.1119 0.2802 0.2383 0.1261 0.5000 0.1072 0.4606 0.1197 0.3258 0.2393 0.1125 0.5166 0.1454 0.1409 0.3701 0.1138 0.4242 0.1965 0.1164 0.5131 0.1295 0.2122 0.2891 0.1115 0.4924 0.1622 0.1265 0.4348 0.1180 0.3560 0.2255 0.1134 0.5206 0.1390 0.1549 0.3372 0.1124 0.4562 0.1811 0.1195 0.4893 0.1240 0.2745 0.2596 0.1118 0.5095 0.1510 0.1347 0.3910 0.1149 0.4061 0.1969
0.3865 0.1149 0.3841 0.1364 0.1494 0.5116 0.1120 0.2551 0.2848 0.1232 0.4838 0.1201 0.1787 0.4612 0.1122 0.3313 0.1587 0.1379 0.5209 0.1137 0.2220 0.3644 0.1175 0.4281 0.1275 0.1603 0.4955 0.1115 0.2842 0.2215 0.1286 0.5107 0.1168 0.1943 0.4287 0.1136 0.3661 0.1421 0.1447 0.5171 0.1126 0.2383 0.3285 0.1197 0.4569 0.1239 0.1640 0.4916 0.1110 0.2864 0.2218 0.1272 0.5014 0.1154 0.2246 0.1189 0.4504 0.1201 0.3316 0.2383 0.1126 0.5171 0.1447 0.1421 0.3661 0.1136 0.4287 0.1943 0.1168 0.5107 0.1286 0.2215 0.2842 0.1115 0.4955 0.1603 0.1275 0.4281 0.1175 0.3644 0.2220 0.1137 0.5209 0.1379 0.1587 0.3313 0.1122 0.4612 0.1787 0.1201 0.4838 0.1232 0.2848 0.2551 0.1120 0.5116 0.1494 0.1364 0.3841 0.1149 0.3865
0.1119 0.3773 0.1382 0.1478 0.5134 0.1121 0.2508 0.2950 0.1224 0.4779 0.1208 0.1763 0.4660 0.1120 0.3255 0.1631 0.1367 0.5210 0.1140 0.2186 0.3724 0.1170 0.4213 0.1286 0.1585 0.4985 0.1115 0.2794 0.2311 0.1276 0.5076 0.1172 0.1918 0.4338 0.1134 0.3615 0.1437 0.1439 0.5178 0.1127 0.2368 0.3315 0.1195 0.4458 0.1253 0.1646 0.4896 0.1115 0.2867 0.2262 0.1270 0.5039 0.1174 0.1885 0.3641 0.1692 0.1245 0.4562 0.1194 0.3315 0.2368 0.1127 0.5178 0.1439 0.1437 0.3615 0.1134 0.4338 0.1918 0.1172 0.5076 0.1276 0.2311 0.2794 0.1115 0.4985 0.1585 0.1286 0.4213 0.1170 0.3724 0.2186 0.1140 0.5210 0.1367 0.1631 0.3255 0.1120 0.4660 0.1763 0.1208 0.4779 0.1224 0.2950 0.2508 0.1121 0.5134 0.1478 0.1382 0.3773 0.1119
0.3562 0.1404 0.1463 0.5151 0.1123 0.2466 0.3051 0.1216 0.4717 0.1215 0.1739 0.4706 0.1119 0.3197 0.1683 0.1356 0.5208 0.1143 0.2153 0.3802 0.1165 0.4145 0.1298 0.1567 0.5013 0.1116 0.2747 0.2410 0.1268 0.5041 0.1177 0.1892 0.4393 0.1131 0.3561 0.1456 0.1429 0.5185 0.1128 0.2347 0.3359 0.1192 0.4467 0.1246 0.1637 0.4922 0.1118 0.2849 0.2269 0.1284 0.5065 0.1176 0.1856 0.4480 0.1169 0.4829 0.1649 0.1244 0.4506 0.1192 0.3359 0.2347 0.1128 0.5185 0.1429 0.1456 0.3561 0.1131 0.4393 0.1892 0.1177 0.5041 0.1268 0.2410 0.2747 0.1116 0.5013 0.1567 0.1298 0.4145 0.1165 0.3802 0.2153 0.1143 0.5208 0.1356 0.1683 0.3197 0.1119 0.4706 0.1739 0.1215 0.4717 0.1216 0.3051 0.2466 0.1123 0.5151 0.1463 0.1404 0.3562
0.1444 0.1448 0.5166 0.1124 0.2424 0.3150 0.1209 0.4653 0.1223 0.1717 0.4750 0.1118 0.3139 0.1744 0.1345 0.5203 0.1146 0.2121 0.3878 0.1160 0.4077 0.1311 0.1550 0.5039 0.1116 0.2701 0.2510 0.1259 0.5000 0.1182 0.1866 0.4448 0.1129 0.3502 0.1480 0.1417 0.5193 0.1130 0.2323 0.3413 0.1189 0.4435 0.1254 0.1644 0.4888 0.1120 0.2844 0.2310 0.1277 0.5076 0.1180 0.1884 0.4469 0.1117 0.4306 0.1094 0.4874 0.1655 0.1246 0.4435 0.1189 0.3413 0.2323 0.1130 0.5193 0.1417 0.1480 0.3502 0.1129 0.4448 0.1866 0.1182 0.5000 0.1259 0.2510 0.2701 0.1116 0.5039 0.1550 0.1311 0.4077 0.1160 0.3878 0.2121 0.1146 0.5203 0.1345 0.1744 0.3139 0.1118 0.4750 0.1717 0.1223 0.4653 0.1209 0.3150 0.2424 0.1124 0.5166 0.1448 0.1444
0.1385 0.5179 0.1126 0.2384 0.3247 0.1202 0.4587 0.1231 0.1695 0.4792 0.1117 0.3083 0.1812 0.1334 0.5195 0.1149 0.2089 0.3952 0.1155 0.4010 0.1325 0.1533 0.5063 0.1117 0.2656 0.2610 0.1250 0.4956 0.1187 0.1841 0.4501 0.1126 0.3442 0.1509 0.1405 0.5200 0.1132 0.2294 0.3475 0.1185 0.4395 0.1260 0.1627 0.4910 0.1118 0.2864 0.2192 0.1278 0.5059 0.1174 0.1888 0.4436 0.1126 0.3483 0.1207 0.2994 0.1111 0.4912 0.1618 0.1260 0.4395 0.1185 0.3475 0.2294 0.1132 0.5200 0.1405 0.1509 0.3442 0.1126 0.4501 0.1841 0.1187 0.4956 0.1250 0.2610 0.2656 0.1117 0.5063 0.1533 0.1325 0.4010 0.1155 0.3952 0.2089 0.1149 0.5195 0.1334 0.1812 0.3083 0.1117 0.4792 0.1695 0.1231 0.4587 0.1202 0.3247 0.2384 0.1126 0.5179 0.1385
0.5021 0.1132 0.2345 0.3342 0.1195 0.4519 0.1240 0.1673 0.4831 0.1116 0.3029 0.1888 0.1323 0.5184 0.1153 0.2057 0.4024 0.1151 0.3943 0.1339 0.1517 0.5086 0.1118 0.2612 0.2711 0.1242 0.4907 0.1193 0.1817 0.4552 0.1124 0.3382 0.1542 0.1393 0.5205 0.1134 0.2261 0.3547 0.1181 0.4346 0.1266 0.1615 0.4941 0.1114 0.2868 0.2171 0.1280 0.5046 0.1172 0.1895 0.4395 0.1125 0.3475 0.1486 0.1610 0.1941 0.2922 0.1115 0.4950 0.1615 0.1266 0.4346 0.1181 0.3547 0.2261 0.1134 0.5205 0.1393 0.1542 0.3382 0.1124 0.4552 0.1817 0.1193 0.4907 0.1242 0.2711 0.2612 0.1118 0.5086 0.1517 0.1339 0.3943 0.1151 0.4024 0.2057 0.1153 0.5184 0.1323 0.1888 0.3029 0.1116 0.4831 0.1673 0.1240 0.4519 0.1195 0.3342 0.2345 0.1132 0.5021
0.1142 0.2307 0.3434 0.1189 0.4451 0.1250 0.1652 0.4869 0.1116 0.2975 0.1972 0.1312 0.5169 0.1156 0.2026 0.4094 0.1147 0.3877 0.1355 0.1501 0.5107 0.1119 0.2568 0.2810 0.1234 0.4854 0.1199 0.1793 0.4601 0.1122 0.3324 0.1580 0.1381 0.5209 0.1136 0.2227 0.3627 0.1176 0.4290 0.1275 0.1602 0.4961 0.1115 0.2832 0.2282 0.1271 0.5059 0.1185 0.1874 0.4407 0.1128 0.3433 0.1512 0.1408 0.5003 0.1295 0.2161 0.2828 0.1114 0.4961 0.1602 0.1275 0.4290 0.1176 0.3627 0.2227 0.1136 0.5209 0.1381 0.1580 0.3324 0.1122 0.4601 0.1793 0.1199 0.4854 0.1234 0.2810 0.2568 0.1119 0.5107 0.1501 0.1355 0.3877 0.1147 0.4094 0.2026 0.1156 0.5169 0.1312 0.1972 0.2975 0.1116 0.4869 0.1652 0.1250 0.4451 0.1189 0.3434 0.2307 0.1142
0.2188 0.3524 0.1183 0.4381 0.1260 0.1632 0.4905 0.1115 0.2922 0.2062 0.1302 0.5149 0.1160 0.1996 0.4163 0.1143 0.3809 0.1372 0.1486 0.5126 0.1120 0.2526 0.2909 0.1227 0.4799 0.1206 0.1769 0.4648 0.1121 0.3267 0.1622 0.1369 0.5210 0.1139 0.2193 0.3708 0.1171 0.4226 0.1285 0.1587 0.4984 0.1115 0.2783 0.2308 0.1270 0.4992 0.1172 0.1859 0.4454 0.1126 0.3458 0.1525 0.1400 0.5204 0.1073 0.5103 0.1273 0.2312 0.2794 0.1115 0.4984 0.1587 0.1285 0.4226 0.1171 0.3708 0.2193 0.1139 0.5210 0.1369 0.1622 0.3267 0.1121 0.4648 0.1769 0.1206 0.4799 0.1227 0.2909 0.2526 0.1120 0.5126 0.1486 0.1372 0.3809 0.1143 0.4163 0.1996 0.1160 0.5149 0.1302 0.2062 0.2922 0.1115 0.4905 0.1632 0.1260 0.4381 0.1183 0.3524 0.2188
0.3318 0.1180 0.4310 0.1269 0.1612 0.4939 0.1114 0.2870 0.2158 0.1292 0.5125 0.1164 0.1966 0.4230 0.1139 0.3741 0.1391 0.1471 0.5143 0.1121 0.2485 0.3007 0.1219 0.4740 0.1212 0.1747 0.4693 0.1119 0.3210 0.1671 0.1358 0.5209 0.1141 0.2160 0.3787 0.1165 0.4158 0.1295 0.1570 0.5009 0.1115 0.2747 0.2421 0.1265 0.5032 0.1177 0.1868 0.4498 0.1124 0.3445 0.1508 0.1401 0.5205 0.1118 0.2714 0.1129 0.5036 0.1275 0.2454 0.2747 0.1115 0.5009 0.1570 0.1295 0.4158 0.1165 0.3787 0.2160 0.1141 0.5209 0.1358 0.1671 0.3210 0.1119 0.4693 0.1747 0.1212 0.4740 0.1219 0.3007 0.2485 0.1121 0.5143 0.1471 0.1391 0.3741 0.1139 0.4230 0.1966 0.1164 0.5125 0.1292 0.2158 0.2870 0.1114 0.4939 0.1612 0.1269 0.4310 0.1180 0.3318
0.1142 0.4294 0.1252 0.1609 0.4952 0.1098 0.2851 0.2190 0.1290 0.5114 0.1144 0.1959 0.4256 0.1129 0.3715 0.1380 0.1469 0.5150 0.1103 0.2473 0.3043 0.1215 0.4717 0.1193 0.1743 0.4710 0.1105 0.3189 0.1677 0.1357 0.5208 0.1122 0.2152 0.3816 0.1158 0.4131 0.1280 0.1567 0.5019 0.1099 0.2735 0.2440 0.1265 0.5022 0.1155 0.1875 0.4469 0.1117 0.3468 0.1512 0.1406 0.5203 0.1115 0.2286 0.2446 0.1955 0.1156 0.5037 0.1274 0.2439 0.2735 0.1099 0.5019 0.1567 0.1280 0.4131 0.1158 0.3816 0.2152 0.1122 0.5208 0.1357 0.1677 0.3189 0.1105 0.4710 0.1743 0.1193 0.4717 0.1215 0.3043 0.2473 0.1103 0.5150 0.1469 0.1380 0.3715 0.1129 0.4256 0.1959 0.1144 0.5114 0.1290 0.2190 0.2851 0.1098 0.4952 0.1609 0.1252 0.4294 0.1142
0.4898 0.1104 0.1901 0.4404 0.1113 0.3549 0.1392 0.1447 0.5185 0.1068 0.2372 0.3284 0.1199 0.4557 0.1159 0.1701 0.4811 0.1085 0.3057 0.1808 0.1340 0.5191 0.1080 0.2079 0.3995 0.1143 0.3968 0.1261 0.1543 0.5079 0.1070 0.2631 0.2659 0.1250 0.4925 0.1116 0.1836 0.4542 0.1103 0.3386 0.1482 0.1407 0.5208 0.1073 0.2237 0.3620 0.1172 0.4246 0.1217 0.1598 0.5019 0.1073 0.2713 0.2440 0.1402 0.3434 0.2234 0.1070 0.5206 0.1407 0.1483 0.3386 0.1103 0.4542 0.1836 0.1116 0.4925 0.1250 0.2659 0.2631 0.1070 0.5079 0.1543 0.1261 0.3968 0.1143 0.3995 0.2079 0.1080 0.5191 0.1340 0.1808 0.3057 0.1085 0.4811 0.1701 0.1159 0.4557 0.1199 0.3284 0.2372 0.1068 0.5185 0.1447 0.1392 0.3549 0.1113 0.4404 0.1901 0.1104 0.4898
0.1115 0.3894 0.1321 0.1509 0.5105 0.1092 0.2577 0.2790 0.1236 0.4866 0.1164 0.1807 0.4587 0.1106 0.3345 0.1538 0.1391 0.5208 0.1104 0.2247 0.3593 0.1173 0.4321 0.1235 0.1621 0.4937 0.1092 0.2871 0.2149 0.1295 0.5124 0.1131 0.1969 0.4242 0.1127 0.3715 0.1371 0.1467 0.5157 0.1094 0.2437 0.3154 0.1205 0.4596 0.1195 0.1689 0.4847 0.1091 0.2943 0.2085 0.1295 0.5111 0.1131 0.1944 0.3456 0.1745 0.1196 0.4640 0.1206 0.3154 0.2437 0.1094 0.5157 0.1467 0.1371 0.3715 0.1127 0.4242 0.1969 0.1131 0.5124 0.1295 0.2149 0.2871 0.1092 0.4937 0.1621 0.1235 0.4321 0.1173 0.3593 0.2247 0.1104 0.5208 0.1391 0.1538 0.3345 0.1106 0.4587 0.1807 0.1164 0.4866 0.1236 0.2790 0.2577 0.1092 0.5105 0.1509 0.1321 0.3894 0.1115
