0.1114 0.2498 0.2556 0.1187 0.4543 0.1258 0.1637 0.4622 0.1108 0.2809 0.1950 0.1239 0.4896 0.1208 0.1791 0.4287 0.1109 0.3168 0.1604 0.1305 0.5040 0.1170 0.1976 0.3848 0.1120 0.3576 0.1440 0.1388 0.5018 0.1141 0.2196 0.3297 0.1143 0.4025 0.1339 0.1491 0.4888 0.1121 0.2455 0.2656 0.1180 0.4478 0.1267 0.1616 0.4664 0.1109 0.2759 0.2029 0.1230 0.4854 0.1215 0.1766 0.4345 0.1095 0.4043 0.1084 0.4664 0.1616 0.1267 0.4478 0.1180 0.2656 0.2455 0.1121 0.4888 0.1491 0.1339 0.4025 0.1143 0.3297 0.2196 0.1141 0.5018 0.1388 0.1440 0.3576 0.1120 0.3848 0.1976 0.1170 0.5040 0.1305 0.1604 0.3168 0.1109 0.4287 0.1791 0.1208 0.4896 0.1239 0.1950 0.2809 0.1108 0.4622 0.1637 0.1258 0.4543 0.1187 0.2556 0.2498 0.1114
0.2498 0.2799 0.1232 0.4770 0.1218 0.1716 0.4793 0.1120 0.2973 0.2066 0.1293 0.5096 0.1176 0.1881 0.4471 0.1129 0.3356 0.1600 0.1364 0.5207 0.1149 0.2080 0.4045 0.1150 0.3789 0.1399 0.1452 0.5176 0.1131 0.2315 0.3503 0.1182 0.4257 0.1293 0.1561 0.5049 0.1121 0.2594 0.2853 0.1226 0.4714 0.1226 0.1694 0.4833 0.1119 0.2919 0.2162 0.1283 0.5061 0.1182 0.1854 0.4526 0.1126 0.3341 0.1221 0.3014 0.1117 0.4833 0.1694 0.1226 0.4714 0.1226 0.2853 0.2594 0.1121 0.5049 0.1561 0.1293 0.4257 0.1182 0.3503 0.2315 0.1131 0.5176 0.1452 0.1399 0.3789 0.1150 0.4045 0.2080 0.1149 0.5207 0.1364 0.1600 0.3356 0.1129 0.4471 0.1881 0.1176 0.5096 0.1293 0.2066 0.2973 0.1120 0.4793 0.1716 0.1218 0.4770 0.1232 0.2799 0.2498
0.2556 0.1232 0.4793 0.1212 0.1733 0.4757 0.1117 0.3024 0.1977 0.1302 0.5124 0.1169 0.1909 0.4415 0.1128 0.3418 0.1557 0.1376 0.5210 0.1143 0.2112 0.3971 0.1150 0.3857 0.1378 0.1467 0.5163 0.1126 0.2354 0.3413 0.1184 0.4327 0.1279 0.1579 0.5022 0.1117 0.2639 0.2749 0.1231 0.4776 0.1216 0.1716 0.4793 0.1116 0.2972 0.2066 0.1291 0.5095 0.1174 0.1881 0.4472 0.1125 0.3355 0.1553 0.1590 0.1904 0.2972 0.1116 0.4793 0.1716 0.1216 0.4776 0.1231 0.2749 0.2639 0.1117 0.5022 0.1579 0.1279 0.4327 0.1184 0.3413 0.2354 0.1126 0.5163 0.1467 0.1378 0.3857 0.1150 0.3971 0.2112 0.1143 0.5210 0.1376 0.1557 0.3418 0.1128 0.4415 0.1909 0.1169 0.5124 0.1302 0.1977 0.3024 0.1117 0.4757 0.1733 0.1212 0.4793 0.1232 0.2556
0.1187 0.4770 0.1212 0.1741 0.4733 0.1118 0.3070 0.1901 0.1311 0.5148 0.1165 0.1936 0.4356 0.1130 0.3480 0.1521 0.1388 0.5210 0.1140 0.2146 0.3896 0.1154 0.3925 0.1360 0.1482 0.5148 0.1124 0.2393 0.3320 0.1190 0.4397 0.1268 0.1598 0.4994 0.1116 0.2685 0.2645 0.1239 0.4835 0.1208 0.1738 0.4752 0.1117 0.3026 0.1976 0.1301 0.5124 0.1169 0.1908 0.4415 0.1128 0.3417 0.1557 0.1387 0.5012 0.1322 0.1977 0.3026 0.1117 0.4752 0.1738 0.1208 0.4835 0.1239 0.2645 0.2685 0.1116 0.4994 0.1598 0.1268 0.4397 0.1190 0.3320 0.2393 0.1124 0.5148 0.1482 0.1360 0.3925 0.1154 0.3896 0.2146 0.1140 0.5210 0.1388 0.1521 0.3480 0.1130 0.4356 0.1936 0.1165 0.5148 0.1311 0.1901 0.3070 0.1118 0.4733 0.1741 0.1212 0.4770 0.1187
0.4543 0.1218 0.1733 0.4733 0.1118 0.3098 0.1848 0.1319 0.5165 0.1161 0.1963 0.4298 0.1133 0.3543 0.1490 0.1401 0.5207 0.1137 0.2180 0.3818 0.1159 0.3995 0.1343 0.1498 0.5130 0.1122 0.2434 0.3225 0.1197 0.4466 0.1257 0.1617 0.4963 0.1115 0.2733 0.2541 0.1248 0.4891 0.1201 0.1762 0.4708 0.1118 0.3081 0.1892 0.1312 0.5148 0.1165 0.1936 0.4357 0.1130 0.3479 0.1522 0.1388 0.5208 0.1073 0.5177 0.1312 0.1892 0.3081 0.1118 0.4708 0.1762 0.1201 0.4891 0.1248 0.2541 0.2733 0.1115 0.4963 0.1617 0.1257 0.4466 0.1197 0.3225 0.2434 0.1122 0.5130 0.1498 0.1343 0.3995 0.1159 0.3818 0.2180 0.1137 0.5207 0.1401 0.1490 0.3543 0.1133 0.4298 0.1963 0.1161 0.5165 0.1319 0.1848 0.3098 0.1118 0.4733 0.1733 0.1218 0.4543
0.1258 0.1716 0.4757 0.1118 0.3098 0.1829 0.1324 0.5176 0.1158 0.1988 0.4241 0.1136 0.3604 0.1462 0.1413 0.5202 0.1135 0.2214 0.3738 0.1164 0.4065 0.1328 0.1514 0.5111 0.1121 0.2476 0.3127 0.1204 0.4535 0.1247 0.1637 0.4931 0.1115 0.2782 0.2436 0.1257 0.4943 0.1195 0.1786 0.4662 0.1119 0.3137 0.1815 0.1322 0.5168 0.1160 0.1965 0.4295 0.1133 0.3542 0.1490 0.1401 0.5207 0.1115 0.2750 0.1121 0.5168 0.1322 0.1815 0.3137 0.1119 0.4662 0.1786 0.1195 0.4943 0.1257 0.2436 0.2782 0.1115 0.4931 0.1637 0.1247 0.4535 0.1204 0.3127 0.2476 0.1121 0.5111 0.1514 0.1328 0.4065 0.1164 0.3738 0.2214 0.1135 0.5202 0.1413 0.1462 0.3604 0.1136 0.4241 0.1988 0.1158 0.5176 0.1324 0.1829 0.3098 0.1118 0.4757 0.1716 0.1258
0.1637 0.4793 0.1117 0.3070 0.1848 0.1324 0.5179 0.1156 0.2005 0.4194 0.1139 0.3660 0.1439 0.1426 0.5195 0.1132 0.2249 0.3658 0.1169 0.4134 0.1313 0.1530 0.5090 0.1119 0.2518 0.3028 0.1211 0.4602 0.1238 0.1657 0.4897 0.1115 0.2831 0.2333 0.1266 0.4991 0.1189 0.1810 0.4614 0.1120 0.3194 0.1746 0.1333 0.5183 0.1156 0.1995 0.4231 0.1136 0.3607 0.1462 0.1414 0.5202 0.1134 0.2240 0.2386 0.2048 0.1154 0.5183 0.1333 0.1746 0.3194 0.1120 0.4614 0.1810 0.1189 0.4991 0.1266 0.2333 0.2831 0.1115 0.4897 0.1657 0.1238 0.4602 0.1211 0.3028 0.2518 0.1119 0.5090 0.1530 0.1313 0.4134 0.1169 0.3658 0.2249 0.1132 0.5195 0.1426 0.1439 0.3660 0.1139 0.4194 0.2005 0.1156 0.5179 0.1324 0.1848 0.3070 0.1117 0.4793 0.1637
0.4622 0.1120 0.3024 0.1901 0.1319 0.5176 0.1156 0.2012 0.4168 0.1141 0.3705 0.1421 0.1438 0.5186 0.1130 0.2284 0.3575 0.1174 0.4201 0.1301 0.1547 0.5067 0.1118 0.2561 0.2927 0.1218 0.4668 0.1229 0.1678 0.4861 0.1115 0.2882 0.2232 0.1275 0.5033 0.1183 0.1836 0.4564 0.1122 0.3252 0.1686 0.1344 0.5195 0.1153 0.2025 0.4166 0.1140 0.3672 0.1436 0.1427 0.5194 0.1132 0.2250 0.3604 0.1275 0.4061 0.2025 0.1153 0.5195 0.1344 0.1686 0.3252 0.1122 0.4564 0.1836 0.1183 0.5033 0.1275 0.2232 0.2882 0.1115 0.4861 0.1678 0.1229 0.4668 0.1218 0.2927 0.2561 0.1118 0.5067 0.1547 0.1301 0.4201 0.1174 0.3575 0.2284 0.1130 0.5186 0.1438 0.1421 0.3705 0.1141 0.4168 0.2012 0.1156 0.5176 0.1319 0.1901 0.3024 0.1120 0.4622
0.1108 0.2973 0.1977 0.1311 0.5165 0.1158 0.2005 0.4168 0.1141 0.3731 0.1409 0.1447 0.5178 0.1128 0.2317 0.3494 0.1179 0.4269 0.1288 0.1564 0.5043 0.1117 0.2604 0.2827 0.1226 0.4731 0.1221 0.1700 0.4822 0.1116 0.2934 0.2135 0.1284 0.5071 0.1178 0.1862 0.4511 0.1124 0.3312 0.1633 0.1355 0.5203 0.1149 0.2056 0.4097 0.1143 0.3739 0.1413 0.1441 0.5185 0.1130 0.2287 0.3569 0.1173 0.5044 0.1139 0.4098 0.2056 0.1149 0.5203 0.1355 0.1633 0.3312 0.1124 0.4511 0.1862 0.1178 0.5071 0.1284 0.2135 0.2934 0.1116 0.4822 0.1700 0.1221 0.4731 0.1226 0.2827 0.2604 0.1117 0.5043 0.1564 0.1288 0.4269 0.1179 0.3494 0.2317 0.1128 0.5178 0.1447 0.1409 0.3731 0.1141 0.4168 0.2005 0.1158 0.5165 0.1311 0.1977 0.2973 0.1108
0.2809 0.2066 0.1302 0.5148 0.1161 0.1988 0.4194 0.1141 0.3731 0.1405 0.1452 0.5172 0.1127 0.2345 0.3421 0.1184 0.4333 0.1277 0.1582 0.5017 0.1116 0.2648 0.2727 0.1233 0.4790 0.1214 0.1721 0.4783 0.1116 0.2986 0.2042 0.1294 0.5104 0.1173 0.1888 0.4457 0.1126 0.3372 0.1587 0.1367 0.5208 0.1146 0.2088 0.4026 0.1147 0.3807 0.1392 0.1456 0.5173 0.1127 0.2325 0.3480 0.1180 0.4315 0.1101 0.3909 0.1146 0.4026 0.2088 0.1146 0.5208 0.1367 0.1587 0.3372 0.1126 0.4457 0.1888 0.1173 0.5104 0.1294 0.2042 0.2986 0.1116 0.4783 0.1721 0.1214 0.4790 0.1233 0.2727 0.2648 0.1116 0.5017 0.1582 0.1277 0.4333 0.1184 0.3421 0.2345 0.1127 0.5172 0.1452 0.1405 0.3731 0.1141 0.4194 0.1988 0.1161 0.5148 0.1302 0.2066 0.2809
0.1950 0.1293 0.5124 0.1165 0.1963 0.4241 0.1139 0.3705 0.1409 0.1452 0.5169 0.1126 0.2364 0.3365 0.1189 0.4388 0.1268 0.1598 0.4991 0.1116 0.2693 0.2627 0.1241 0.4847 0.1207 0.1743 0.4742 0.1117 0.3038 0.1955 0.1304 0.5131 0.1168 0.1916 0.4400 0.1128 0.3434 0.1547 0.1379 0.5210 0.1143 0.2121 0.3953 0.1151 0.3874 0.1373 0.1470 0.5159 0.1125 0.2364 0.3389 0.1186 0.4344 0.1248 0.1907 0.1315 0.3873 0.1151 0.3953 0.2121 0.1143 0.5210 0.1379 0.1547 0.3434 0.1128 0.4400 0.1916 0.1168 0.5131 0.1304 0.1955 0.3038 0.1117 0.4742 0.1743 0.1207 0.4847 0.1241 0.2627 0.2693 0.1116 0.4991 0.1598 0.1268 0.4388 0.1189 0.3365 0.2364 0.1126 0.5169 0.1452 0.1409 0.3705 0.1139 0.4241 0.1963 0.1165 0.5124 0.1293 0.1950
0.1239 0.5096 0.1169 0.1936 0.4298 0.1136 0.3660 0.1421 0.1447 0.5172 0.1126 0.2371 0.3335 0.1192 0.4429 0.1261 0.1613 0.4965 0.1115 0.2737 0.2528 0.1249 0.4900 0.1200 0.1766 0.4699 0.1118 0.3092 0.1876 0.1314 0.5153 0.1164 0.1944 0.4341 0.1131 0.3496 0.1512 0.1391 0.5209 0.1140 0.2154 0.3876 0.1155 0.3943 0.1355 0.1486 0.5143 0.1124 0.2404 0.3296 0.1192 0.4415 0.1264 0.1618 0.4384 0.1516 0.1354 0.3943 0.1155 0.3876 0.2154 0.1140 0.5209 0.1391 0.1512 0.3496 0.1131 0.4341 0.1944 0.1164 0.5153 0.1314 0.1876 0.3092 0.1118 0.4699 0.1766 0.1200 0.4900 0.1249 0.2528 0.2737 0.1115 0.4965 0.1613 0.1261 0.4429 0.1192 0.3335 0.2371 0.1126 0.5172 0.1447 0.1421 0.3660 0.1136 0.4298 0.1936 0.1169 0.5096 0.1239
0.4896 0.1176 0.1909 0.4356 0.1133 0.3604 0.1439 0.1438 0.5178 0.1127 0.2364 0.3335 0.1193 0.4451 0.1256 0.1625 0.4944 0.1115 0.2776 0.2438 0.1257 0.4948 0.1194 0.1789 0.4655 0.1119 0.3146 0.1803 0.1324 0.5171 0.1160 0.1971 0.4281 0.1134 0.3558 0.1482 0.1404 0.5206 0.1137 0.2189 0.3797 0.1160 0.4013 0.1339 0.1502 0.5125 0.1122 0.2445 0.3200 0.1199 0.4484 0.1255 0.1622 0.4937 0.1115 0.5095 0.1502 0.1339 0.4013 0.1160 0.3797 0.2189 0.1137 0.5206 0.1404 0.1482 0.3558 0.1134 0.4281 0.1971 0.1160 0.5171 0.1324 0.1803 0.3146 0.1119 0.4655 0.1789 0.1194 0.4948 0.1257 0.2438 0.2776 0.1115 0.4944 0.1625 0.1256 0.4451 0.1193 0.3335 0.2364 0.1127 0.5178 0.1438 0.1439 0.3604 0.1133 0.4356 0.1909 0.1176 0.4896
0.1208 0.1881 0.4415 0.1130 0.3543 0.1462 0.1426 0.5186 0.1128 0.2345 0.3365 0.1192 0.4451 0.1254 0.1631 0.4929 0.1115 0.2809 0.2363 0.1264 0.4988 0.1189 0.1812 0.4609 0.1121 0.3201 0.1738 0.1335 0.5185 0.1156 0.2000 0.4220 0.1137 0.3621 0.1456 0.1417 0.5200 0.1134 0.2223 0.3717 0.1165 0.4082 0.1324 0.1518 0.5106 0.1120 0.2486 0.3102 0.1205 0.4553 0.1245 0.1642 0.4923 0.1099 0.3578 0.1091 0.5106 0.1518 0.1324 0.4082 0.1165 0.3717 0.2223 0.1134 0.5200 0.1417 0.1456 0.3621 0.1137 0.4220 0.2000 0.1156 0.5185 0.1335 0.1738 0.3201 0.1121 0.4609 0.1812 0.1189 0.4988 0.1264 0.2363 0.2809 0.1115 0.4929 0.1631 0.1254 0.4451 0.1192 0.3365 0.2345 0.1128 0.5186 0.1426 0.1462 0.3543 0.1130 0.4415 0.1881 0.1208
0.1791 0.4471 0.1128 0.3480 0.1490 0.1413 0.5195 0.1130 0.2317 0.3421 0.1189 0.4429 0.1256 0.1631 0.4924 0.1115 0.2831 0.2307 0.1270 0.5020 0.1184 0.1833 0.4565 0.1122 0.3256 0.1681 0.1345 0.5196 0.1152 0.2029 0.4156 0.1140 0.3684 0.1432 0.1430 0.5193 0.1132 0.2258 0.3637 0.1170 0.4151 0.1310 0.1535 0.5084 0.1119 0.2529 0.3002 0.1213 0.4619 0.1236 0.1662 0.4888 0.1114 0.2875 0.1380 0.2598 0.1117 0.5084 0.1535 0.1310 0.4151 0.1170 0.3637 0.2258 0.1132 0.5193 0.1430 0.1432 0.3684 0.1140 0.4156 0.2029 0.1152 0.5196 0.1345 0.1681 0.3256 0.1122 0.4565 0.1833 0.1184 0.5020 0.1270 0.2307 0.2831 0.1115 0.4924 0.1631 0.1256 0.4429 0.1189 0.3421 0.2317 0.1130 0.5195 0.1413 0.1490 0.3480 0.1128 0.4471 0.1791
0.4287 0.1129 0.3418 0.1521 0.1401 0.5202 0.1132 0.2284 0.3494 0.1184 0.4388 0.1261 0.1625 0.4929 0.1115 0.2838 0.2276 0.1274 0.5042 0.1181 0.1852 0.4524 0.1124 0.3308 0.1632 0.1356 0.5204 0.1149 0.2059 0.4089 0.1144 0.3748 0.1410 0.1443 0.5183 0.1129 0.2294 0.3553 0.1175 0.4219 0.1297 0.1552 0.5061 0.1118 0.2572 0.2902 0.1220 0.4684 0.1227 0.1684 0.4851 0.1115 0.2895 0.2143 0.1454 0.2740 0.2572 0.1118 0.5061 0.1552 0.1297 0.4219 0.1175 0.3553 0.2294 0.1129 0.5183 0.1443 0.1410 0.3748 0.1144 0.4089 0.2059 0.1149 0.5204 0.1356 0.1632 0.3308 0.1124 0.4524 0.1852 0.1181 0.5042 0.1274 0.2276 0.2838 0.1115 0.4929 0.1625 0.1261 0.4388 0.1184 0.3494 0.2284 0.1132 0.5202 0.1401 0.1521 0.3418 0.1129 0.4287
0.1109 0.3356 0.1557 0.1388 0.5207 0.1135 0.2249 0.3575 0.1179 0.4333 0.1268 0.1613 0.4944 0.1115 0.2831 0.2276 0.1276 0.5053 0.1179 0.1866 0.4491 0.1125 0.3355 0.1594 0.1366 0.5208 0.1146 0.2090 0.4021 0.1147 0.3813 0.1390 0.1457 0.5171 0.1127 0.2330 0.3468 0.1181 0.4287 0.1285 0.1569 0.5037 0.1117 0.2615 0.2801 0.1227 0.4747 0.1219 0.1705 0.4812 0.1116 0.2948 0.2110 0.1295 0.5180 0.1241 0.2802 0.2615 0.1117 0.5037 0.1569 0.1285 0.4287 0.1181 0.3468 0.2330 0.1127 0.5171 0.1457 0.1390 0.3813 0.1147 0.4021 0.2090 0.1146 0.5208 0.1366 0.1594 0.3355 0.1125 0.4491 0.1866 0.1179 0.5053 0.1276 0.2276 0.2831 0.1115 0.4944 0.1613 0.1268 0.4333 0.1179 0.3575 0.2249 0.1135 0.5207 0.1388 0.1557 0.3356 0.1109
0.3168 0.1600 0.1376 0.5210 0.1137 0.2214 0.3658 0.1174 0.4269 0.1277 0.1598 0.4965 0.1115 0.2809 0.2307 0.1274 0.5053 0.1178 0.1873 0.4468 0.1126 0.3392 0.1566 0.1375 0.5210 0.1143 0.2120 0.3952 0.1151 0.3879 0.1372 0.1472 0.5158 0.1125 0.2368 0.3380 0.1187 0.4354 0.1274 0.1586 0.5010 0.1116 0.2660 0.2701 0.1235 0.4805 0.1212 0.1727 0.4772 0.1116 0.3000 0.2019 0.1297 0.5128 0.1068 0.4891 0.1235 0.2701 0.2660 0.1116 0.5010 0.1586 0.1274 0.4354 0.1187 0.3380 0.2368 0.1125 0.5158 0.1472 0.1372 0.3879 0.1151 0.3952 0.2120 0.1143 0.5210 0.1375 0.1566 0.3392 0.1126 0.4468 0.1873 0.1178 0.5053 0.1274 0.2307 0.2809 0.1115 0.4965 0.1598 0.1277 0.4269 0.1174 0.3658 0.2214 0.1137 0.5210 0.1376 0.1600 0.3168
0.1604 0.1364 0.5210 0.1140 0.2180 0.3738 0.1169 0.4201 0.1288 0.1582 0.4991 0.1115 0.2776 0.2363 0.1270 0.5042 0.1179 0.1873 0.4460 0.1127 0.3416 0.1547 0.1382 0.5210 0.1141 0.2147 0.3887 0.1155 0.3942 0.1355 0.1487 0.5142 0.1124 0.2406 0.3289 0.1193 0.4421 0.1264 0.1605 0.4982 0.1116 0.2705 0.2601 0.1243 0.4860 0.1205 0.1749 0.4731 0.1117 0.3052 0.1934 0.1307 0.5137 0.1142 0.2390 0.1161 0.4860 0.1243 0.2601 0.2705 0.1116 0.4982 0.1605 0.1264 0.4421 0.1193 0.3289 0.2406 0.1124 0.5142 0.1487 0.1355 0.3942 0.1155 0.3887 0.2147 0.1141 0.5210 0.1382 0.1547 0.3416 0.1127 0.4460 0.1873 0.1179 0.5042 0.1270 0.2363 0.2776 0.1115 0.4991 0.1582 0.1288 0.4201 0.1169 0.3738 0.2180 0.1140 0.5210 0.1364 0.1604
0.1305 0.5207 0.1143 0.2146 0.3818 0.1164 0.4134 0.1301 0.1564 0.5017 0.1116 0.2737 0.2438 0.1264 0.5020 0.1181 0.1866 0.4468 0.1127 0.3424 0.1537 0.1387 0.5209 0.1139 0.2169 0.3829 0.1159 0.4001 0.1341 0.1501 0.5125 0.1122 0.2445 0.3197 0.1199 0.4488 0.1254 0.1623 0.4952 0.1115 0.2751 0.2501 0.1251 0.4913 0.1199 0.1772 0.4688 0.1118 0.3105 0.1857 0.1317 0.5158 0.1162 0.1973 0.3241 0.1816 0.1197 0.4913 0.1251 0.2501 0.2751 0.1115 0.4952 0.1623 0.1254 0.4488 0.1199 0.3197 0.2445 0.1122 0.5125 0.1501 0.1341 0.4001 0.1159 0.3829 0.2169 0.1139 0.5209 0.1387 0.1537 0.3424 0.1127 0.4468 0.1866 0.1181 0.5020 0.1264 0.2438 0.2737 0.1116 0.5017 0.1564 0.1301 0.4134 0.1164 0.3818 0.2146 0.1143 0.5207 0.1305
0.5040 0.1149 0.2112 0.3896 0.1159 0.4065 0.1313 0.1547 0.5043 0.1116 0.2693 0.2528 0.1257 0.4988 0.1184 0.1852 0.4491 0.1126 0.3416 0.1537 0.1389 0.5209 0.1138 0.2186 0.3783 0.1162 0.4051 0.1329 0.1515 0.5108 0.1120 0.2485 0.3103 0.1205 0.4554 0.1245 0.1643 0.4921 0.1115 0.2798 0.2401 0.1260 0.4961 0.1193 0.1795 0.4643 0.1120 0.3160 0.1786 0.1327 0.5175 0.1159 0.1979 0.4227 0.1202 0.4568 0.1795 0.1193 0.4961 0.1260 0.2401 0.2798 0.1115 0.4921 0.1643 0.1245 0.4554 0.1205 0.3103 0.2485 0.1120 0.5108 0.1515 0.1329 0.4051 0.1162 0.3783 0.2186 0.1138 0.5209 0.1389 0.1537 0.3416 0.1126 0.4491 0.1852 0.1184 0.4988 0.1257 0.2528 0.2693 0.1116 0.5043 0.1547 0.1313 0.4065 0.1159 0.3896 0.2112 0.1149 0.5040
0.1170 0.2080 0.3971 0.1154 0.3995 0.1328 0.1530 0.5067 0.1117 0.2648 0.2627 0.1249 0.4948 0.1189 0.1833 0.4524 0.1125 0.3392 0.1547 0.1387 0.5209 0.1138 0.2194 0.3754 0.1164 0.4091 0.1319 0.1527 0.5092 0.1119 0.2522 0.3011 0.1212 0.4618 0.1236 0.1663 0.4887 0.1115 0.2846 0.2302 0.1268 0.5005 0.1187 0.1819 0.4596 0.1121 0.3215 0.1723 0.1337 0.5189 0.1155 0.2007 0.4204 0.1130 0.4583 0.1107 0.4597 0.1819 0.1187 0.5005 0.1268 0.2302 0.2846 0.1115 0.4887 0.1663 0.1236 0.4618 0.1212 0.3011 0.2522 0.1119 0.5092 0.1527 0.1319 0.4091 0.1164 0.3754 0.2194 0.1138 0.5209 0.1387 0.1547 0.3392 0.1125 0.4524 0.1833 0.1189 0.4948 0.1249 0.2627 0.2648 0.1117 0.5067 0.1530 0.1328 0.3995 0.1154 0.3971 0.2080 0.1170
0.1976 0.4045 0.1150 0.3925 0.1343 0.1514 0.5090 0.1118 0.2604 0.2727 0.1241 0.4900 0.1194 0.1812 0.4565 0.1124 0.3355 0.1566 0.1382 0.5209 0.1138 0.2194 0.3744 0.1166 0.4116 0.1313 0.1536 0.5077 0.1119 0.2556 0.2927 0.1219 0.4678 0.1228 0.1683 0.4852 0.1115 0.2895 0.2206 0.1277 0.5045 0.1181 0.1844 0.4547 0.1123 0.3272 0.1667 0.1348 0.5198 0.1151 0.2037 0.4139 0.1140 0.3740 0.1156 0.3364 0.1121 0.4547 0.1844 0.1181 0.5045 0.1277 0.2206 0.2895 0.1115 0.4852 0.1683 0.1228 0.4678 0.1219 0.2927 0.2556 0.1119 0.5077 0.1536 0.1313 0.4116 0.1166 0.3744 0.2194 0.1138 0.5209 0.1382 0.1566 0.3355 0.1124 0.4565 0.1812 0.1194 0.4900 0.1241 0.2727 0.2604 0.1118 0.5090 0.1514 0.1343 0.3925 0.1150 0.4045 0.1976
0.3848 0.1150 0.3857 0.1360 0.1498 0.5111 0.1119 0.2561 0.2827 0.1233 0.4847 0.1200 0.1789 0.4609 0.1122 0.3308 0.1594 0.1375 0.5210 0.1139 0.2186 0.3754 0.1166 0.4125 0.1309 0.1542 0.5067 0.1118 0.2584 0.2855 0.1224 0.4729 0.1221 0.1702 0.4816 0.1116 0.2945 0.2113 0.1287 0.5080 0.1176 0.1869 0.4496 0.1125 0.3329 0.1618 0.1359 0.5205 0.1148 0.2067 0.4072 0.1145 0.3765 0.1372 0.1708 0.1527 0.3329 0.1125 0.4496 0.1869 0.1176 0.5080 0.1287 0.2113 0.2945 0.1116 0.4816 0.1702 0.1221 0.4729 0.1224 0.2855 0.2584 0.1118 0.5067 0.1542 0.1309 0.4125 0.1166 0.3754 0.2186 0.1139 0.5210 0.1375 0.1594 0.3308 0.1122 0.4609 0.1789 0.1200 0.4847 0.1233 0.2827 0.2561 0.1119 0.5111 0.1498 0.1360 0.3857 0.1150 0.3848
0.1120 0.3789 0.1378 0.1482 0.5130 0.1121 0.2518 0.2927 0.1226 0.4790 0.1207 0.1766 0.4655 0.1121 0.3256 0.1632 0.1366 0.5210 0.1141 0.2169 0.3783 0.1164 0.4116 0.1309 0.1544 0.5061 0.1118 0.2604 0.2800 0.1229 0.4772 0.1215 0.1720 0.4782 0.1116 0.2995 0.2025 0.1296 0.5110 0.1172 0.1895 0.4442 0.1127 0.3388 0.1576 0.1370 0.5209 0.1145 0.2098 0.4003 0.1148 0.3830 0.1385 0.1473 0.4798 0.1394 0.1575 0.3388 0.1127 0.4442 0.1895 0.1172 0.5110 0.1296 0.2025 0.2995 0.1116 0.4782 0.1720 0.1215 0.4772 0.1229 0.2800 0.2604 0.1118 0.5061 0.1544 0.1309 0.4116 0.1164 0.3783 0.2169 0.1141 0.5210 0.1366 0.1632 0.3256 0.1121 0.4655 0.1766 0.1207 0.4790 0.1226 0.2927 0.2518 0.1121 0.5130 0.1482 0.1378 0.3789 0.1120
0.3576 0.1399 0.1467 0.5148 0.1122 0.2476 0.3028 0.1218 0.4731 0.1214 0.1743 0.4699 0.1119 0.3201 0.1681 0.1356 0.5208 0.1143 0.2147 0.3829 0.1162 0.4091 0.1313 0.1542 0.5061 0.1118 0.2614 0.2766 0.1233 0.4804 0.1211 0.1735 0.4751 0.1117 0.3039 0.1947 0.1306 0.5136 0.1167 0.1922 0.4387 0.1129 0.3447 0.1539 0.1382 0.5210 0.1142 0.2130 0.3931 0.1152 0.3896 0.1367 0.1476 0.5145 0.1086 0.5207 0.1382 0.1539 0.3447 0.1129 0.4387 0.1922 0.1167 0.5136 0.1306 0.1947 0.3039 0.1117 0.4751 0.1735 0.1211 0.4804 0.1233 0.2766 0.2614 0.1118 0.5061 0.1542 0.1313 0.4091 0.1162 0.3829 0.2147 0.1143 0.5208 0.1356 0.1681 0.3201 0.1119 0.4699 0.1743 0.1214 0.4731 0.1218 0.3028 0.2476 0.1122 0.5148 0.1467 0.1399 0.3576
0.1440 0.1452 0.5163 0.1124 0.2434 0.3127 0.1211 0.4668 0.1221 0.1721 0.4742 0.1118 0.3146 0.1738 0.1345 0.5204 0.1146 0.2120 0.3887 0.1159 0.4051 0.1319 0.1536 0.5067 0.1118 0.2614 0.2754 0.1235 0.4823 0.1208 0.1748 0.4724 0.1118 0.3079 0.1884 0.1314 0.5155 0.1163 0.1949 0.4329 0.1132 0.3508 0.1506 0.1394 0.5209 0.1139 0.2162 0.3857 0.1157 0.3962 0.1351 0.1490 0.5138 0.1103 0.3073 0.1103 0.5209 0.1394 0.1506 0.3508 0.1132 0.4329 0.1949 0.1163 0.5155 0.1314 0.1884 0.3079 0.1118 0.4724 0.1748 0.1208 0.4823 0.1235 0.2754 0.2614 0.1118 0.5067 0.1536 0.1319 0.4051 0.1159 0.3887 0.2120 0.1146 0.5204 0.1345 0.1738 0.3146 0.1118 0.4742 0.1721 0.1221 0.4668 0.1211 0.3127 0.2434 0.1124 0.5163 0.1452 0.1440
0.1388 0.5176 0.1126 0.2393 0.3225 0.1204 0.4602 0.1229 0.1700 0.4783 0.1117 0.3092 0.1803 0.1335 0.5196 0.1149 0.2090 0.3952 0.1155 0.4001 0.1329 0.1527 0.5077 0.1118 0.2604 0.2766 0.1235 0.4830 0.1206 0.1755 0.4705 0.1118 0.3114 0.1831 0.1322 0.5170 0.1160 0.1974 0.4272 0.1134 0.3569 0.1477 0.1406 0.5205 0.1136 0.2196 0.3780 0.1161 0.4029 0.1335 0.1506 0.5120 0.1121 0.2484 0.1786 0.2257 0.1134 0.5205 0.1406 0.1477 0.3569 0.1134 0.4272 0.1974 0.1160 0.5170 0.1322 0.1831 0.3114 0.1118 0.4705 0.1755 0.1206 0.4830 0.1235 0.2766 0.2604 0.1118 0.5077 0.1527 0.1329 0.4001 0.1155 0.3952 0.2090 0.1149 0.5196 0.1335 0.1803 0.3092 0.1117 0.4783 0.1700 0.1229 0.4602 0.1204 0.3225 0.2393 0.1126 0.5176 0.1388
0.5018 0.1131 0.2354 0.3320 0.1197 0.4535 0.1238 0.1678 0.4822 0.1116 0.3038 0.1876 0.1324 0.5185 0.1152 0.2059 0.4021 0.1151 0.3942 0.1341 0.1515 0.5092 0.1119 0.2584 0.2800 0.1233 0.4823 0.1206 0.1758 0.4695 0.1119 0.3139 0.1793 0.1328 0.5180 0.1157 0.1997 0.4219 0.1137 0.3629 0.1452 0.1419 0.5199 0.1134 0.2230 0.3701 0.1166 0.4097 0.1321 0.1522 0.5101 0.1120 0.2496 0.3016 0.1343 0.3569 0.2230 0.1134 0.5199 0.1419 0.1452 0.3629 0.1137 0.4219 0.1997 0.1157 0.5180 0.1328 0.1793 0.3139 0.1119 0.4695 0.1758 0.1206 0.4823 0.1233 0.2800 0.2584 0.1119 0.5092 0.1515 0.1341 0.3942 0.1151 0.4021 0.2059 0.1152 0.5185 0.1324 0.1876 0.3038 0.1116 0.4822 0.1678 0.1238 0.4535 0.1197 0.3320 0.2354 0.1131 0.5018
0.1141 0.2315 0.3413 0.1190 0.4466 0.1247 0.1657 0.4861 0.1116 0.2986 0.1955 0.1314 0.5171 0.1156 0.2029 0.4089 0.1147 0.3879 0.1355 0.1501 0.5108 0.1119 0.2556 0.2855 0.1229 0.4804 0.1208 0.1755 0.4695 0.1119 0.3151 0.1770 0.1333 0.5187 0.1155 0.2017 0.4172 0.1140 0.3683 0.1430 0.1432 0.5191 0.1131 0.2265 0.3620 0.1171 0.4164 0.1307 0.1538 0.5080 0.1119 0.2537 0.2982 0.1218 0.5194 0.1175 0.3621 0.2265 0.1131 0.5191 0.1432 0.1430 0.3683 0.1140 0.4172 0.2017 0.1155 0.5187 0.1333 0.1770 0.3151 0.1119 0.4695 0.1755 0.1208 0.4804 0.1229 0.2855 0.2556 0.1119 0.5108 0.1501 0.1355 0.3879 0.1147 0.4089 0.2029 0.1156 0.5171 0.1314 0.1955 0.2986 0.1116 0.4861 0.1657 0.1247 0.4466 0.1190 0.3413 0.2315 0.1141
0.2196 0.3503 0.1184 0.4397 0.1257 0.1637 0.4897 0.1115 0.2934 0.2042 0.1304 0.5153 0.1160 0.2000 0.4156 0.1144 0.3813 0.1372 0.1487 0.5125 0.1120 0.2522 0.2927 0.1224 0.4772 0.1211 0.1748 0.4705 0.1119 0.3151 0.1762 0.1335 0.5191 0.1153 0.2032 0.4133 0.1142 0.3730 0.1413 0.1443 0.5182 0.1129 0.2299 0.3538 0.1176 0.4232 0.1295 0.1555 0.5057 0.1118 0.2580 0.2884 0.1221 0.4734 0.1079 0.4340 0.1175 0.3538 0.2299 0.1129 0.5182 0.1443 0.1413 0.3730 0.1142 0.4133 0.2032 0.1153 0.5191 0.1335 0.1762 0.3151 0.1119 0.4705 0.1748 0.1211 0.4772 0.1224 0.2927 0.2522 0.1120 0.5125 0.1487 0.1372 0.3813 0.1144 0.4156 0.2000 0.1160 0.5153 0.1304 0.2042 0.2934 0.1115 0.4897 0.1637 0.1257 0.4397 0.1184 0.3503 0.2196
0.3297 0.1182 0.4327 0.1268 0.1617 0.4931 0.1115 0.2882 0.2135 0.1294 0.5131 0.1164 0.1971 0.4220 0.1140 0.3748 0.1390 0.1472 0.5142 0.1122 0.2485 0.3011 0.1219 0.4729 0.1215 0.1735 0.4724 0.1118 0.3139 0.1770 0.1335 0.5192 0.1152 0.2042 0.4104 0.1144 0.3769 0.1400 0.1453 0.5173 0.1128 0.2331 0.3459 0.1182 0.4299 0.1283 0.1572 0.5032 0.1117 0.2623 0.2784 0.1229 0.4757 0.1191 0.2087 0.1233 0.4298 0.1182 0.3459 0.2331 0.1128 0.5173 0.1453 0.1400 0.3769 0.1144 0.4104 0.2042 0.1152 0.5192 0.1335 0.1770 0.3139 0.1118 0.4724 0.1735 0.1215 0.4729 0.1219 0.3011 0.2485 0.1122 0.5142 0.1472 0.1390 0.3748 0.1140 0.4220 0.1971 0.1164 0.5131 0.1294 0.2135 0.2882 0.1115 0.4931 0.1617 0.1268 0.4327 0.1182 0.3297
0.1143 0.4257 0.1279 0.1598 0.4963 0.1115 0.2831 0.2232 0.1284 0.5104 0.1168 0.1944 0.4281 0.1137 0.3684 0.1410 0.1457 0.5158 0.1124 0.2445 0.3103 0.1212 0.4678 0.1221 0.1720 0.4751 0.1118 0.3114 0.1793 0.1333 0.5191 0.1152 0.2046 0.4088 0.1145 0.3797 0.1389 0.1461 0.5165 0.1126 0.2360 0.3387 0.1187 0.4361 0.1273 0.1590 0.5005 0.1116 0.2667 0.2684 0.1236 0.4815 0.1210 0.1749 0.3975 0.1626 0.1271 0.4361 0.1187 0.3387 0.2360 0.1126 0.5165 0.1461 0.1389 0.3797 0.1145 0.4088 0.2046 0.1152 0.5191 0.1333 0.1793 0.3114 0.1118 0.4751 0.1720 0.1221 0.4678 0.1212 0.3103 0.2445 0.1124 0.5158 0.1457 0.1410 0.3684 0.1137 0.4281 0.1944 0.1168 0.5104 0.1284 0.2232 0.2831 0.1115 0.4963 0.1598 0.1279 0.4257 0.1143
0.4025 0.1293 0.1579 0.4994 0.1115 0.2782 0.2333 0.1275 0.5071 0.1173 0.1916 0.4341 0.1134 0.3621 0.1432 0.1443 0.5171 0.1125 0.2406 0.3197 0.1205 0.4618 0.1228 0.1702 0.4782 0.1117 0.3079 0.1831 0.1328 0.5187 0.1153 0.2042 0.4088 0.1146 0.3812 0.1383 0.1468 0.5158 0.1125 0.2385 0.3323 0.1191 0.4415 0.1264 0.1606 0.4978 0.1116 0.2713 0.2584 0.1244 0.4870 0.1204 0.1753 0.4697 0.1145 0.4930 0.1606 0.1264 0.4415 0.1191 0.3323 0.2385 0.1125 0.5158 0.1468 0.1383 0.3812 0.1146 0.4088 0.2042 0.1153 0.5187 0.1328 0.1831 0.3079 0.1117 0.4782 0.1702 0.1228 0.4618 0.1205 0.3197 0.2406 0.1125 0.5171 0.1443 0.1432 0.3621 0.1134 0.4341 0.1916 0.1173 0.5071 0.1275 0.2333 0.2782 0.1115 0.4994 0.1579 0.1293 0.4025
0.1339 0.1561 0.5022 0.1116 0.2733 0.2436 0.1266 0.5033 0.1178 0.1888 0.4400 0.1131 0.3558 0.1456 0.1430 0.5183 0.1127 0.2368 0.3289 0.1199 0.4554 0.1236 0.1683 0.4816 0.1116 0.3039 0.1884 0.1322 0.5180 0.1155 0.2032 0.4104 0.1145 0.3812 0.1381 0.1471 0.5152 0.1124 0.2405 0.3268 0.1195 0.4461 0.1256 0.1621 0.4952 0.1115 0.2757 0.2485 0.1253 0.4921 0.1198 0.1776 0.4681 0.1106 0.3985 0.1092 0.4953 0.1621 0.1256 0.4461 0.1195 0.3268 0.2405 0.1124 0.5152 0.1471 0.1381 0.3812 0.1145 0.4104 0.2032 0.1155 0.5180 0.1322 0.1884 0.3039 0.1116 0.4816 0.1683 0.1236 0.4554 0.1199 0.3289 0.2368 0.1127 0.5183 0.1430 0.1456 0.3558 0.1131 0.4400 0.1888 0.1178 0.5033 0.1266 0.2436 0.2733 0.1116 0.5022 0.1561 0.1339
0.1491 0.5049 0.1117 0.2685 0.2541 0.1257 0.4991 0.1183 0.1862 0.4457 0.1128 0.3496 0.1482 0.1417 0.5193 0.1129 0.2330 0.3380 0.1193 0.4488 0.1245 0.1663 0.4852 0.1116 0.2995 0.1947 0.1314 0.5170 0.1157 0.2017 0.4133 0.1144 0.3797 0.1383 0.1471 0.5151 0.1124 0.2419 0.3228 0.1199 0.4501 0.1250 0.1635 0.4929 0.1115 0.2797 0.2394 0.1261 0.4968 0.1192 0.1799 0.4635 0.1119 0.3205 0.1258 0.2876 0.1113 0.4929 0.1635 0.1250 0.4501 0.1199 0.3228 0.2419 0.1124 0.5151 0.1471 0.1383 0.3797 0.1144 0.4133 0.2017 0.1157 0.5170 0.1314 0.1947 0.2995 0.1116 0.4852 0.1663 0.1245 0.4488 0.1193 0.3380 0.2330 0.1129 0.5193 0.1417 0.1482 0.3496 0.1128 0.4457 0.1862 0.1183 0.4991 0.1257 0.2541 0.2685 0.1117 0.5049 0.1491
0.4888 0.1121 0.2639 0.2645 0.1248 0.4943 0.1189 0.1836 0.4511 0.1126 0.3434 0.1512 0.1404 0.5200 0.1132 0.2294 0.3468 0.1187 0.4421 0.1254 0.1643 0.4887 0.1115 0.2945 0.2025 0.1306 0.5155 0.1160 0.1997 0.4172 0.1142 0.3769 0.1389 0.1468 0.5152 0.1124 0.2423 0.3206 0.1201 0.4530 0.1245 0.1646 0.4908 0.1115 0.2833 0.2315 0.1268 0.5008 0.1186 0.1823 0.4588 0.1121 0.3226 0.1662 0.1546 0.2150 0.2832 0.1115 0.4908 0.1646 0.1245 0.4530 0.1201 0.3206 0.2423 0.1124 0.5152 0.1468 0.1389 0.3769 0.1142 0.4172 0.1997 0.1160 0.5155 0.1306 0.2025 0.2945 0.1115 0.4887 0.1643 0.1254 0.4421 0.1187 0.3468 0.2294 0.1132 0.5200 0.1404 0.1512 0.3434 0.1126 0.4511 0.1836 0.1189 0.4943 0.1248 0.2645 0.2639 0.1121 0.4888
0.1121 0.2594 0.2749 0.1239 0.4891 0.1195 0.1810 0.4564 0.1124 0.3372 0.1547 0.1391 0.5206 0.1134 0.2258 0.3553 0.1181 0.4354 0.1264 0.1623 0.4921 0.1115 0.2895 0.2113 0.1296 0.5136 0.1163 0.1974 0.4219 0.1140 0.3730 0.1400 0.1461 0.5158 0.1124 0.2419 0.3206 0.1202 0.4545 0.1242 0.1655 0.4891 0.1115 0.2864 0.2248 0.1275 0.5040 0.1182 0.1846 0.4540 0.1123 0.3283 0.1656 0.1360 0.5076 0.1293 0.2250 0.2864 0.1115 0.4891 0.1655 0.1242 0.4545 0.1202 0.3206 0.2419 0.1124 0.5158 0.1461 0.1400 0.3730 0.1140 0.4219 0.1974 0.1163 0.5136 0.1296 0.2113 0.2895 0.1115 0.4921 0.1623 0.1264 0.4354 0.1181 0.3553 0.2258 0.1134 0.5206 0.1391 0.1547 0.3372 0.1124 0.4564 0.1810 0.1195 0.4891 0.1239 0.2749 0.2594 0.1121
0.2455 0.2853 0.1231 0.4835 0.1201 0.1786 0.4614 0.1122 0.3312 0.1587 0.1379 0.5209 0.1137 0.2223 0.3637 0.1175 0.4287 0.1274 0.1605 0.4952 0.1115 0.2846 0.2206 0.1287 0.5110 0.1167 0.1949 0.4272 0.1137 0.3683 0.1413 0.1453 0.5165 0.1125 0.2405 0.3228 0.1201 0.4545 0.1241 0.1659 0.4879 0.1115 0.2889 0.2194 0.1281 0.5065 0.1178 0.1866 0.4497 0.1125 0.3337 0.1611 0.1361 0.5208 0.1071 0.5115 0.1281 0.2194 0.2889 0.1115 0.4879 0.1659 0.1241 0.4545 0.1201 0.3228 0.2405 0.1125 0.5165 0.1453 0.1413 0.3683 0.1137 0.4272 0.1949 0.1167 0.5110 0.1287 0.2206 0.2846 0.1115 0.4952 0.1605 0.1274 0.4287 0.1175 0.3637 0.2223 0.1137 0.5209 0.1379 0.1587 0.3312 0.1122 0.4614 0.1786 0.1201 0.4835 0.1231 0.2853 0.2455
0.2656 0.1226 0.4776 0.1208 0.1762 0.4662 0.1120 0.3252 0.1633 0.1367 0.5210 0.1140 0.2189 0.3717 0.1170 0.4219 0.1285 0.1586 0.4982 0.1115 0.2798 0.2302 0.1277 0.5080 0.1172 0.1922 0.4329 0.1134 0.3629 0.1430 0.1443 0.5173 0.1126 0.2385 0.3268 0.1199 0.4530 0.1242 0.1659 0.4875 0.1115 0.2906 0.2154 0.1285 0.5084 0.1175 0.1883 0.4459 0.1126 0.3386 0.1574 0.1372 0.5209 0.1122 0.2629 0.1133 0.5083 0.1285 0.2154 0.2906 0.1115 0.4875 0.1659 0.1242 0.4530 0.1199 0.3268 0.2385 0.1126 0.5173 0.1443 0.1430 0.3629 0.1134 0.4329 0.1922 0.1172 0.5080 0.1277 0.2302 0.2798 0.1115 0.4982 0.1586 0.1285 0.4219 0.1170 0.3717 0.2189 0.1140 0.5210 0.1367 0.1633 0.3252 0.1120 0.4662 0.1762 0.1208 0.4776 0.1226 0.2656
0.1180 0.4714 0.1216 0.1738 0.4708 0.1119 0.3194 0.1686 0.1355 0.5208 0.1143 0.2154 0.3797 0.1165 0.4151 0.1297 0.1569 0.5010 0.1116 0.2751 0.2401 0.1268 0.5045 0.1176 0.1895 0.4387 0.1132 0.3569 0.1452 0.1432 0.5182 0.1128 0.2360 0.3323 0.1195 0.4501 0.1245 0.1655 0.4879 0.1115 0.2912 0.2132 0.1288 0.5096 0.1173 0.1897 0.4427 0.1128 0.3428 0.1545 0.1381 0.5210 0.1141 0.2158 0.2674 0.1950 0.1170 0.5096 0.1288 0.2132 0.2912 0.1115 0.4879 0.1655 0.1245 0.4501 0.1195 0.3323 0.2360 0.1128 0.5182 0.1432 0.1452 0.3569 0.1132 0.4387 0.1895 0.1176 0.5045 0.1268 0.2401 0.2751 0.1116 0.5010 0.1569 0.1297 0.4151 0.1165 0.3797 0.2154 0.1143 0.5208 0.1355 0.1686 0.3194 0.1119 0.4708 0.1738 0.1216 0.4714 0.1180
0.4478 0.1226 0.1716 0.4752 0.1118 0.3137 0.1746 0.1344 0.5203 0.1146 0.2121 0.3876 0.1160 0.4082 0.1310 0.1552 0.5037 0.1116 0.2705 0.2501 0.1260 0.5005 0.1181 0.1869 0.4442 0.1129 0.3508 0.1477 0.1419 0.5191 0.1129 0.2331 0.3387 0.1191 0.4461 0.1250 0.1646 0.4891 0.1115 0.2906 0.2132 0.1290 0.5103 0.1171 0.1908 0.4400 0.1129 0.3464 0.1522 0.1390 0.5209 0.1139 0.2163 0.3806 0.1248 0.4299 0.1908 0.1171 0.5103 0.1290 0.2132 0.2906 0.1115 0.4891 0.1646 0.1250 0.4461 0.1191 0.3387 0.2331 0.1129 0.5191 0.1419 0.1477 0.3508 0.1129 0.4442 0.1869 0.1181 0.5005 0.1260 0.2501 0.2705 0.1116 0.5037 0.1552 0.1310 0.4082 0.1160 0.3876 0.2121 0.1146 0.5203 0.1344 0.1746 0.3137 0.1118 0.4752 0.1716 0.1226 0.4478
0.1267 0.1694 0.4793 0.1117 0.3081 0.1815 0.1333 0.5195 0.1149 0.2088 0.3953 0.1155 0.4013 0.1324 0.1535 0.5061 0.1117 0.2660 0.2601 0.1251 0.4961 0.1187 0.1844 0.4496 0.1127 0.3447 0.1506 0.1406 0.5199 0.1131 0.2299 0.3459 0.1187 0.4415 0.1256 0.1635 0.4908 0.1115 0.2889 0.2154 0.1288 0.5103 0.1171 0.1914 0.4381 0.1130 0.3494 0.1505 0.1397 0.5207 0.1137 0.2188 0.3788 0.1158 0.4904 0.1122 0.4381 0.1914 0.1171 0.5103 0.1288 0.2154 0.2889 0.1115 0.4908 0.1635 0.1256 0.4415 0.1187 0.3459 0.2299 0.1131 0.5199 0.1406 0.1506 0.3447 0.1127 0.4496 0.1844 0.1187 0.4961 0.1251 0.2601 0.2660 0.1117 0.5061 0.1535 0.1324 0.4013 0.1155 0.3953 0.2088 0.1149 0.5195 0.1333 0.1815 0.3081 0.1117 0.4793 0.1694 0.1267
0.1616 0.4833 0.1116 0.3026 0.1892 0.1322 0.5183 0.1153 0.2056 0.4026 0.1151 0.3943 0.1339 0.1518 0.5084 0.1118 0.2615 0.2701 0.1243 0.4913 0.1193 0.1819 0.4547 0.1125 0.3388 0.1539 0.1394 0.5205 0.1134 0.2265 0.3538 0.1182 0.4361 0.1264 0.1621 0.4929 0.1115 0.2864 0.2194 0.1285 0.5096 0.1171 0.1914 0.4412 0.1130 0.3509 0.1497 0.1401 0.5203 0.1144 0.2205 0.3750 0.1169 0.4141 0.1121 0.3593 0.1127 0.4383 0.1899 0.1172 0.5096 0.1285 0.2194 0.2864 0.1115 0.4929 0.1621 0.1264 0.4361 0.1182 0.3538 0.2265 0.1134 0.5205 0.1394 0.1539 0.3388 0.1125 0.4547 0.1819 0.1193 0.4913 0.1243 0.2701 0.2615 0.1118 0.5084 0.1518 0.1339 0.3943 0.1151 0.4026 0.2056 0.1153 0.5183 0.1322 0.1892 0.3026 0.1116 0.4833 0.1616
0.4664 0.1119 0.2972 0.1976 0.1312 0.5168 0.1156 0.2025 0.4097 0.1147 0.3874 0.1355 0.1502 0.5106 0.1119 0.2572 0.2801 0.1235 0.4860 0.1199 0.1795 0.4596 0.1123 0.3329 0.1576 0.1382 0.5209 0.1136 0.2230 0.3620 0.1176 0.4299 0.1273 0.1606 0.4952 0.1115 0.2833 0.2248 0.1281 0.5084 0.1173 0.1908 0.4381 0.1132 0.3502 0.1499 0.1402 0.5205 0.1135 0.2229 0.3725 0.1169 0.4110 0.1282 0.1817 0.1411 0.3465 0.1131 0.4399 0.1908 0.1173 0.5084 0.1281 0.2248 0.2833 0.1115 0.4952 0.1606 0.1273 0.4299 0.1176 0.3620 0.2230 0.1136 0.5209 0.1382 0.1576 0.3329 0.1123 0.4596 0.1795 0.1199 0.4860 0.1235 0.2801 0.2572 0.1119 0.5106 0.1502 0.1355 0.3874 0.1147 0.4097 0.2025 0.1156 0.5168 0.1312 0.1976 0.2972 0.1119 0.4664
0.1109 0.2919 0.2066 0.1301 0.5148 0.1160 0.1995 0.4166 0.1143 0.3807 0.1373 0.1486 0.5125 0.1120 0.2529 0.2902 0.1227 0.4805 0.1205 0.1772 0.4643 0.1121 0.3272 0.1618 0.1370 0.5210 0.1139 0.2196 0.3701 0.1171 0.4232 0.1283 0.1590 0.4978 0.1115 0.2797 0.2315 0.1275 0.5065 0.1175 0.1897 0.4399 0.1131 0.3464 0.1512 0.1404 0.5202 0.1129 0.2252 0.3640 0.1167 0.4168 0.1304 0.1555 0.4607 0.1434 0.1503 0.3493 0.1129 0.4399 0.1897 0.1175 0.5065 0.1275 0.2315 0.2797 0.1115 0.4978 0.1590 0.1283 0.4232 0.1171 0.3701 0.2196 0.1139 0.5210 0.1370 0.1618 0.3272 0.1121 0.4643 0.1772 0.1205 0.4805 0.1227 0.2902 0.2529 0.1120 0.5125 0.1486 0.1373 0.3807 0.1143 0.4166 0.1995 0.1160 0.5148 0.1301 0.2066 0.2919 0.1109
0.2759 0.2162 0.1291 0.5124 0.1165 0.1965 0.4231 0.1140 0.3739 0.1392 0.1470 0.5143 0.1122 0.2486 0.3002 0.1220 0.4747 0.1212 0.1749 0.4688 0.1120 0.3215 0.1667 0.1359 0.5209 0.1142 0.2162 0.3780 0.1166 0.4164 0.1295 0.1572 0.5005 0.1116 0.2757 0.2394 0.1268 0.5040 0.1178 0.1883 0.4426 0.1129 0.3494 0.1493 0.1399 0.5201 0.1134 0.2258 0.3606 0.1175 0.4185 0.1311 0.1543 0.5061 0.1095 0.5187 0.1408 0.1519 0.3488 0.1129 0.4425 0.1883 0.1178 0.5040 0.1268 0.2394 0.2757 0.1116 0.5005 0.1572 0.1295 0.4164 0.1166 0.3780 0.2162 0.1142 0.5209 0.1359 0.1667 0.3215 0.1120 0.4688 0.1749 0.1212 0.4747 0.1220 0.3002 0.2486 0.1122 0.5143 0.1470 0.1392 0.3739 0.1140 0.4231 0.1965 0.1165 0.5124 0.1291 0.2162 0.2759
0.2029 0.1283 0.5095 0.1169 0.1936 0.4295 0.1136 0.3672 0.1413 0.1456 0.5159 0.1124 0.2445 0.3102 0.1213 0.4684 0.1219 0.1727 0.4731 0.1118 0.3160 0.1723 0.1348 0.5205 0.1145 0.2130 0.3857 0.1161 0.4097 0.1307 0.1555 0.5032 0.1116 0.2713 0.2485 0.1261 0.5008 0.1182 0.1866 0.4459 0.1128 0.3465 0.1505 0.1402 0.5202 0.1140 0.2234 0.3650 0.1174 0.4178 0.1308 0.1548 0.5072 0.1097 0.3283 0.1094 0.5207 0.1393 0.1515 0.3466 0.1128 0.4458 0.1866 0.1182 0.5008 0.1261 0.2485 0.2713 0.1116 0.5032 0.1555 0.1307 0.4097 0.1161 0.3857 0.2130 0.1145 0.5205 0.1348 0.1723 0.3160 0.1118 0.4731 0.1727 0.1219 0.4684 0.1213 0.3102 0.2445 0.1124 0.5159 0.1456 0.1413 0.3672 0.1136 0.4295 0.1936 0.1169 0.5095 0.1283 0.2029
0.1230 0.5061 0.1174 0.1908 0.4357 0.1133 0.3607 0.1436 0.1441 0.5173 0.1125 0.2404 0.3200 0.1205 0.4619 0.1227 0.1705 0.4772 0.1117 0.3105 0.1786 0.1337 0.5198 0.1148 0.2098 0.3931 0.1157 0.4029 0.1321 0.1538 0.5057 0.1117 0.2667 0.2584 0.1253 0.4968 0.1186 0.1846 0.4497 0.1126 0.3428 0.1522 0.1397 0.5205 0.1127 0.2258 0.3639 0.1175 0.4290 0.1298 0.1545 0.5050 0.1114 0.2705 0.1556 0.2319 0.1137 0.5208 0.1400 0.1522 0.3429 0.1126 0.4497 0.1846 0.1186 0.4968 0.1253 0.2584 0.2667 0.1117 0.5057 0.1538 0.1321 0.4029 0.1157 0.3931 0.2098 0.1148 0.5198 0.1337 0.1786 0.3105 0.1117 0.4772 0.1705 0.1227 0.4619 0.1205 0.3200 0.2404 0.1125 0.5173 0.1441 0.1436 0.3607 0.1133 0.4357 0.1908 0.1174 0.5061 0.1230
0.4854 0.1182 0.1881 0.4415 0.1130 0.3542 0.1462 0.1427 0.5185 0.1127 0.2364 0.3296 0.1199 0.4553 0.1236 0.1684 0.4812 0.1116 0.3052 0.1857 0.1327 0.5189 0.1151 0.2067 0.4003 0.1152 0.3962 0.1335 0.1522 0.5080 0.1118 0.2623 0.2684 0.1244 0.4921 0.1192 0.1823 0.4540 0.1125 0.3386 0.1545 0.1390 0.5207 0.1135 0.2238 0.3617 0.1170 0.4231 0.1303 0.1556 0.5049 0.1119 0.2652 0.2613 0.1381 0.3511 0.2229 0.1142 0.5207 0.1390 0.1545 0.3386 0.1125 0.4540 0.1823 0.1192 0.4921 0.1244 0.2684 0.2623 0.1118 0.5080 0.1522 0.1335 0.3962 0.1152 0.4003 0.2067 0.1151 0.5189 0.1327 0.1857 0.3052 0.1116 0.4812 0.1684 0.1236 0.4553 0.1199 0.3296 0.2364 0.1127 0.5185 0.1427 0.1462 0.3542 0.1130 0.4415 0.1881 0.1182 0.4854
0.1215 0.1854 0.4472 0.1128 0.3479 0.1490 0.1414 0.5194 0.1130 0.2325 0.3389 0.1192 0.4484 0.1245 0.1662 0.4851 0.1116 0.3000 0.1934 0.1317 0.5175 0.1155 0.2037 0.4072 0.1148 0.3896 0.1351 0.1506 0.5101 0.1119 0.2580 0.2784 0.1236 0.4870 0.1198 0.1799 0.4588 0.1123 0.3337 0.1574 0.1381 0.5209 0.1137 0.2211 0.3633 0.1173 0.4207 0.1293 0.1563 0.5023 0.1118 0.2681 0.2685 0.1254 0.5211 0.1178 0.3666 0.2197 0.1137 0.5209 0.1381 0.1574 0.3337 0.1123 0.4588 0.1799 0.1198 0.4870 0.1236 0.2784 0.2580 0.1119 0.5101 0.1506 0.1351 0.3896 0.1148 0.4072 0.2037 0.1155 0.5175 0.1317 0.1934 0.3000 0.1116 0.4851 0.1662 0.1245 0.4484 0.1192 0.3389 0.2325 0.1130 0.5194 0.1414 0.1490 0.3479 0.1128 0.4472 0.1854 0.1215
0.1766 0.4526 0.1125 0.3417 0.1522 0.1401 0.5202 0.1132 0.2287 0.3480 0.1186 0.4415 0.1255 0.1642 0.4888 0.1115 0.2948 0.2019 0.1307 0.5158 0.1159 0.2007 0.4139 0.1145 0.3830 0.1367 0.1490 0.5120 0.1120 0.2537 0.2884 0.1229 0.4815 0.1204 0.1776 0.4635 0.1121 0.3283 0.1611 0.1372 0.5210 0.1139 0.2189 0.3691 0.1170 0.4150 0.1296 0.1562 0.5026 0.1127 0.2626 0.2608 0.1254 0.4951 0.1076 0.4331 0.1166 0.3781 0.2170 0.1140 0.5210 0.1372 0.1611 0.3283 0.1121 0.4635 0.1776 0.1204 0.4815 0.1229 0.2884 0.2537 0.1120 0.5120 0.1490 0.1367 0.3830 0.1145 0.4139 0.2007 0.1159 0.5158 0.1307 0.2019 0.2948 0.1115 0.4888 0.1642 0.1255 0.4415 0.1186 0.3480 0.2287 0.1132 0.5202 0.1401 0.1522 0.3417 0.1125 0.4526 0.1766
0.4345 0.1126 0.3355 0.1557 0.1388 0.5207 0.1134 0.2250 0.3569 0.1180 0.4344 0.1264 0.1622 0.4923 0.1114 0.2895 0.2110 0.1297 0.5137 0.1162 0.1979 0.4204 0.1140 0.3765 0.1385 0.1476 0.5138 0.1121 0.2496 0.2982 0.1221 0.4757 0.1210 0.1753 0.4681 0.1119 0.3226 0.1656 0.1361 0.5209 0.1141 0.2163 0.3788 0.1161 0.4113 0.1302 0.1555 0.5052 0.1117 0.2640 0.2710 0.1253 0.4946 0.1182 0.2156 0.1241 0.4143 0.1164 0.3838 0.2163 0.1141 0.5209 0.1361 0.1656 0.3226 0.1119 0.4681 0.1753 0.1210 0.4757 0.1221 0.2982 0.2496 0.1121 0.5138 0.1476 0.1385 0.3765 0.1140 0.4204 0.1979 0.1162 0.5137 0.1297 0.2110 0.2895 0.1114 0.4923 0.1622 0.1264 0.4344 0.1180 0.3569 0.2250 0.1134 0.5207 0.1388 0.1557 0.3355 0.1126 0.4345
0.1095 0.3341 0.1553 0.1387 0.5208 0.1115 0.2240 0.3604 0.1173 0.4315 0.1248 0.1618 0.4937 0.1099 0.2875 0.2143 0.1295 0.5128 0.1142 0.1973 0.4227 0.1130 0.3740 0.1372 0.1473 0.5145 0.1103 0.2484 0.3016 0.1218 0.4734 0.1191 0.1749 0.4697 0.1106 0.3205 0.1662 0.1360 0.5208 0.1122 0.2158 0.3806 0.1158 0.4138 0.1273 0.1573 0.5029 0.1100 0.2690 0.2598 0.1256 0.4993 0.1170 0.1822 0.3848 0.1604 0.1276 0.4087 0.1159 0.3806 0.2158 0.1122 0.5208 0.1360 0.1662 0.3205 0.1106 0.4697 0.1749 0.1191 0.4734 0.1218 0.3016 0.2484 0.1103 0.5145 0.1473 0.1372 0.3740 0.1130 0.4227 0.1973 0.1142 0.5128 0.1295 0.2143 0.2875 0.1099 0.4937 0.1618 0.1248 0.4315 0.1173 0.3604 0.2240 0.1115 0.5208 0.1387 0.1553 0.3341 0.1095
0.4043 0.1221 0.1590 0.5012 0.1073 0.2750 0.2386 0.1275 0.5044 0.1101 0.1907 0.4384 0.1115 0.3578 0.1380 0.1454 0.5180 0.1068 0.2390 0.3241 0.1202 0.4583 0.1156 0.1708 0.4798 0.1086 0.3073 0.1786 0.1343 0.5194 0.1079 0.2087 0.3975 0.1145 0.3985 0.1258 0.1546 0.5076 0.1071 0.2629 0.2674 0.1248 0.4904 0.1122 0.1821 0.4580 0.1102 0.3299 0.1574 0.1385 0.5211 0.1082 0.2144 0.3838 0.1234 0.4504 0.1813 0.1114 0.4923 0.1248 0.2674 0.2629 0.1071 0.5076 0.1546 0.1258 0.3985 0.1145 0.3975 0.2087 0.1079 0.5194 0.1343 0.1786 0.3073 0.1086 0.4798 0.1708 0.1156 0.4583 0.1202 0.3241 0.2390 0.1068 0.5180 0.1454 0.1380 0.3578 0.1115 0.4384 0.1907 0.1101 0.5044 0.1275 0.2386 0.2750 0.1073 0.5012 0.1590 0.1221 0.4043
0.1084 0.3014 0.1904 0.1322 0.5177 0.1121 0.2048 0.4061 0.1139 0.3909 0.1315 0.1516 0.5095 0.1091 0.2598 0.2740 0.1241 0.4891 0.1161 0.1816 0.4568 0.1107 0.3364 0.1527 0.1394 0.5207 0.1103 0.2257 0.3569 0.1175 0.4340 0.1233 0.1626 0.4930 0.1092 0.2876 0.2150 0.1293 0.5115 0.1133 0.1950 0.4299 0.1122 0.3607 0.1425 0.1441 0.5185 0.1101 0.2333 0.3414 0.1180 0.4290 0.1237 0.1600 0.4502 0.1473 0.1414 0.3602 0.1123 0.4299 0.1950 0.1133 0.5115 0.1293 0.2150 0.2876 0.1092 0.4930 0.1626 0.1233 0.4340 0.1175 0.3569 0.2257 0.1103 0.5207 0.1394 0.1527 0.3364 0.1107 0.4568 0.1816 0.1161 0.4891 0.1241 0.2740 0.2598 0.1091 0.5095 0.1516 0.1315 0.3909 0.1139 0.4061 0.2048 0.1121 0.5177 0.1322 0.1904 0.3014 0.1084
