-24.9064 -47.0730 32.2463 -33.6476 -41.0582 -18.7982 -40.7470 14.5894 -27.5705 -48.2238 27.0021 -35.0645 -28.6478 -21.2594 -42.2910 19.3449 -28.9855 -48.8059 7.6509 -36.2614 -10.1271 -23.1847 -43.8578 24.2694 -30.4450 -48.7100 -8.1462 -37.6184 2.1299 -24.6886 -45.4087 29.0998 -31.9392 -47.1730 -14.6961 -39.0326 8.7986 -26.0037 -46.8612 32.1822 -33.4313 -42.2611 -18.3596 -40.5176 13.8669 -27.3609 -48.0758 28.6344 -34.8604 -31.0796 -20.9270 -42.0552 18.6181 -29.7287 -47.0737 -28.8816 13.8739 -40.5175 -18.3596 -42.2611 -33.4313 32.1822 -46.8612 -26.0037 8.7986 -39.0326 -14.6961 -47.1730 -31.9392 29.0998 -45.4087 -24.6886 2.1299 -37.6184 -8.1462 -48.7100 -30.4450 24.2694 -43.8578 -23.1847 -10.1271 -36.2614 7.6509 -48.8059 -28.9855 19.3449 -42.2910 -21.2594 -28.6478 -35.0645 27.0021 -48.2238 -27.5705 14.5894 -40.7470 -18.7982 -41.0582 -33.6476 32.2463 -47.0730 -24.9064
-47.0730 34.4134 -34.1007 -38.6811 -19.6007 -40.5800 15.1439 -28.7719 -48.5081 32.7627 -35.2748 -24.0036 -22.5943 -42.2793 19.7843 -30.0558 -48.9802 16.7386 -36.0375 -6.2608 -24.7574 -43.9732 24.7269 -31.3733 -48.4889 -5.1345 -37.0948 3.8228 -26.1970 -45.6280 29.9179 -32.6991 -46.2441 -14.3909 -38.6872 9.7061 -27.3627 -47.1467 34.2084 -33.9802 -39.9917 -19.0877 -40.3341 14.4613 -28.5835 -48.3657 33.7186 -35.1232 -26.7144 -22.2033 -42.0223 19.0690 -29.8863 -48.7990 -14.3227 -48.2471 -28.6454 14.4613 -40.3341 -19.0877 -39.9917 -33.9802 34.2084 -47.1467 -27.3627 9.7061 -38.6872 -14.3909 -46.2441 -32.6991 29.9179 -45.6280 -26.1970 3.8228 -37.0948 -5.1345 -48.4889 -31.3733 24.7269 -43.9732 -24.7574 -6.2608 -36.0375 16.7386 -48.9802 -30.0558 19.7843 -42.2793 -22.5943 -24.0036 -35.2748 32.7627 -48.5081 -28.7719 15.1439 -40.5800 -19.6007 -38.6811 -34.1007 34.4134 -47.0730
32.2463 -34.1007 -38.0828 -19.9247 -40.7759 15.7361 -28.9699 -48.6301 31.5365 -35.6463 -21.2190 -22.9598 -42.5305 20.4971 -30.2983 -48.9568 13.0152 -36.4265 -4.2575 -25.0105 -44.2245 25.4882 -31.6497 -48.3192 -7.0919 -37.3283 4.8420 -26.3514 -45.8640 30.6702 -33.0062 -45.6294 -15.2547 -38.9298 10.4524 -27.5428 -47.3531 34.5941 -34.3233 -38.5325 -19.6196 -40.5839 15.1376 -28.7923 -48.5043 32.7997 -35.4932 -24.0421 -22.5884 -42.2732 19.7742 -30.0958 -48.9577 14.8407 -38.5380 31.0618 -48.4698 -28.7923 15.1376 -40.5839 -19.6196 -38.5325 -34.3233 34.5941 -47.3531 -27.5428 10.4524 -38.9298 -15.2547 -45.6294 -33.0062 30.6702 -45.8640 -26.3514 4.8420 -37.3283 -7.0919 -48.3192 -31.6497 25.4882 -44.2245 -25.0105 -4.2575 -36.4265 13.0152 -48.9568 -30.2983 20.4971 -42.5305 -22.9598 -21.2190 -35.6463 31.5365 -48.6301 -28.9699 15.7361 -40.7759 -19.9247 -38.0828 -34.1007 32.2463
-33.6476 -38.6811 -19.9247 -40.8550 16.1106 -29.1030 -48.7241 30.1079 -35.7817 -18.4888 -23.3034 -42.7774 21.2005 -30.4943 -48.9023 9.1745 -36.4897 -2.4714 -25.2543 -44.4740 26.2633 -31.8511 -48.1007 -8.7880 -37.5633 5.8010 -26.5251 -46.0987 31.3917 -33.2064 -44.9282 -16.0477 -39.1731 11.1789 -27.7246 -47.5499 34.8564 -34.5086 -36.9024 -20.1263 -40.8340 15.8192 -28.9835 -48.6299 31.5548 -35.6477 -21.2565 -22.9560 -42.5263 20.4792 -30.2948 -48.9580 13.1551 -36.5975 10.7552 -36.2502 31.6032 -48.6305 -28.9835 15.8192 -40.8340 -20.1263 -36.9024 -34.5086 34.8564 -47.5499 -27.7246 11.1789 -39.1731 -16.0477 -44.9282 -33.2064 31.3917 -46.0987 -26.5251 5.8010 -37.5633 -8.7880 -48.1007 -31.8511 26.2633 -44.4740 -25.2543 -2.4714 -36.4897 9.1745 -48.9023 -30.4943 21.2005 -42.7774 -23.3034 -18.4888 -35.7817 30.1079 -48.7241 -29.1030 16.1106 -40.8550 -19.9247 -38.6811 -33.6476
-41.0582 -19.6007 -40.7759 16.1106 -29.1538 -48.7761 28.8528 -35.8870 -16.0319 -23.6073 -43.0143 21.8917 -30.6881 -48.8155 5.5501 -36.5376 -0.8924 -25.4808 -44.7222 27.0419 -32.0528 -47.8311 -10.2630 -37.7976 6.7058 -26.6989 -46.3295 32.0890 -33.4058 -44.1145 -16.7720 -39.4181 11.8908 -27.9090 -47.7411 34.9781 -34.6909 -35.1069 -20.6085 -41.0822 16.5014 -29.1758 -48.7392 29.9357 -35.7908 -18.4047 -23.3063 -42.7802 21.1987 -30.4945 -48.9019 9.2654 -36.5014 -1.5195 -30.3702 -14.0974 -35.8518 29.9348 -48.7392 -29.1758 16.5014 -41.0822 -20.6085 -35.1069 -34.6909 34.9781 -47.7411 -27.9090 11.8908 -39.4181 -16.7720 -44.1145 -33.4058 32.0890 -46.3295 -26.6989 6.7058 -37.7976 -10.2630 -47.8311 -32.0528 27.0419 -44.7222 -25.4808 -0.8924 -36.5376 5.5501 -48.8155 -30.6881 21.8917 -43.0143 -23.6073 -16.0319 -35.8870 28.8528 -48.7761 -29.1538 16.1106 -40.7759 -19.6007 -41.0582
-18.7982 -40.5800 15.7361 -29.1030 -48.7761 28.3352 -35.9460 -14.3043 -23.8458 -43.2233 22.5490 -30.8712 -48.7425 2.2655 -36.5695 0.5079 -25.6852 -44.9659 27.8125 -32.2553 -47.4997 -11.5421 -38.0354 7.5552 -26.8748 -46.5538 32.7446 -33.6037 -43.1862 -17.4518 -39.6614 12.5930 -28.0933 -47.9237 34.9346 -34.8718 -33.1053 -21.0634 -41.3340 17.1788 -29.3699 -48.8313 27.9263 -35.9260 -15.5972 -23.6413 -43.0314 21.9289 -30.6930 -48.8112 5.5470 -36.5369 -0.9210 -25.9956 -47.3206 -24.6082 -15.6595 -35.9249 27.9263 -48.8313 -29.3699 17.1788 -41.3340 -21.0634 -33.1053 -34.8718 34.9346 -47.9237 -28.0933 12.5930 -39.6614 -17.4518 -43.1862 -33.6037 32.7446 -46.5538 -26.8748 7.5552 -38.0354 -11.5421 -47.4997 -32.2553 27.8125 -44.9659 -25.6852 0.5079 -36.5695 2.2655 -48.7425 -30.8712 22.5490 -43.2233 -23.8458 -14.3043 -35.9460 28.3352 -48.7761 -29.1030 15.7361 -40.5800 -18.7982
-40.7470 15.1439 -28.9699 -48.7241 28.8528 -35.9460 -13.6969 -23.9798 -43.3723 23.0788 -31.0286 -48.6939 -0.4983 -36.6785 1.7444 -25.8694 -45.2015 28.5707 -32.4532 -47.1075 -12.6740 -38.2738 8.3724 -27.0518 -46.7763 33.3409 -33.8013 -42.1321 -18.0856 -39.9079 13.2788 -28.2792 -48.0944 34.6952 -35.0448 -30.9117 -21.5002 -41.5861 17.8681 -29.5632 -48.9032 25.5001 -36.0553 -12.8518 -23.9582 -43.2847 22.6604 -30.8928 -48.7374 2.1364 -36.5665 0.5259 -25.6966 -44.9765 35.5891 -43.4916 -23.9757 -12.8513 -36.0553 25.5001 -48.9032 -29.5632 17.8681 -41.5861 -21.5002 -30.9117 -35.0448 34.6952 -48.0944 -28.2792 13.2788 -39.9079 -18.0856 -42.1321 -33.8013 33.3409 -46.7763 -27.0518 8.3724 -38.2738 -12.6740 -47.1075 -32.4532 28.5707 -45.2015 -25.8694 1.7444 -36.6785 -0.4983 -48.6939 -31.0286 23.0788 -43.3723 -23.9798 -13.6969 -35.9460 28.8528 -48.7241 -28.9699 15.1439 -40.7470
14.5894 -28.7719 -48.6301 30.1079 -35.8870 -14.3043 -23.9798 -43.4275 23.3769 -31.1396 -48.6394 -2.5673 -36.8661 2.8111 -26.0325 -45.4312 29.3130 -32.6477 -46.6569 -13.6754 -38.5072 9.1464 -27.2261 -46.9905 33.8702 -33.9936 -40.9375 -18.6789 -40.1561 13.9648 -28.4672 -48.2561 34.2348 -35.2136 -28.5543 -21.9169 -41.8386 18.5617 -29.7577 -48.9518 22.6413 -36.1698 -10.2550 -24.2607 -43.5375 23.4077 -31.0943 -48.6801 -0.8427 -36.6937 1.8243 -25.8772 -45.2041 29.0832 -36.0317 24.5850 -43.5293 -24.2603 -10.2550 -36.1698 22.6413 -48.9518 -29.7577 18.5617 -41.8386 -21.9169 -28.5543 -35.2136 34.2348 -48.2561 -28.4672 13.9648 -40.1561 -18.6789 -40.9375 -33.9936 33.8702 -46.9905 -27.2261 9.1464 -38.5072 -13.6754 -46.6569 -32.6477 29.3130 -45.4312 -26.0325 2.8111 -36.8661 -2.5673 -48.6394 -31.1396 23.3769 -43.4275 -23.9798 -14.3043 -35.8870 30.1079 -48.6301 -28.7719 14.5894
-27.5705 -48.5081 31.5365 -35.7817 -16.0319 -23.8458 -43.3723 23.3769 -31.1802 -48.6004 -3.8656 -37.0184 3.6502 -26.1722 -45.6424 30.0145 -32.8376 -46.1334 -14.5703 -38.7390 9.8775 -27.3993 -47.1933 34.3123 -34.1792 -39.6276 -19.2310 -40.4023 14.6489 -28.6550 -48.4055 33.5093 -35.3778 -25.9937 -22.3108 -42.0920 19.2609 -29.9551 -48.9782 19.4181 -36.2738 -7.8854 -24.5486 -43.7870 24.1630 -31.2962 -48.5854 -3.4421 -36.9226 3.0098 -26.0526 -45.4504 29.3514 -33.5191 -27.8768 -32.7039 24.1483 -43.7871 -24.5486 -7.8854 -36.2738 19.4181 -48.9782 -29.9551 19.2609 -42.0920 -22.3108 -25.9937 -35.3778 33.5093 -48.4055 -28.6550 14.6489 -40.4023 -19.2310 -39.6276 -34.1792 34.3123 -47.1933 -27.3993 9.8775 -38.7390 -14.5703 -46.1334 -32.8376 30.0145 -45.6424 -26.1722 3.6502 -37.0184 -3.8656 -48.6004 -31.1802 23.3769 -43.3723 -23.8458 -16.0319 -35.7817 31.5365 -48.5081 -27.5705
-48.2238 32.7627 -35.6463 -18.4888 -23.6073 -43.2233 23.0788 -31.1396 -48.6004 -4.3074 -37.1042 4.1903 -26.2795 -45.8160 30.6121 -33.0103 -45.5656 -15.3658 -38.9687 10.5888 -27.5737 -47.3900 34.6547 -34.3610 -38.1882 -19.7403 -40.6452 15.3140 -28.8419 -48.5406 32.4876 -35.5355 -23.2868 -22.6907 -42.3427 19.9687 -30.1516 -48.9769 15.8280 -36.3678 -5.7175 -24.8193 -44.0387 24.9182 -31.4995 -48.4494 -5.6594 -37.1548 4.0873 -26.2236 -45.6881 30.1163 -32.8867 -45.7350 -23.3773 -48.1599 -31.5681 24.9183 -44.0387 -24.8193 -5.7175 -36.3678 15.8280 -48.9769 -30.1516 19.9687 -42.3427 -22.6907 -23.2868 -35.5355 32.4876 -48.5406 -28.8419 15.3140 -40.6452 -19.7403 -38.1882 -34.3610 34.6547 -47.3900 -27.5737 10.5888 -38.9687 -15.3658 -45.5656 -33.0103 30.6121 -45.8160 -26.2795 4.1903 -37.1042 -4.3074 -48.6004 -31.1396 23.0788 -43.2233 -23.6073 -18.4888 -35.6463 32.7627 -48.2238
27.0021 -35.2748 -21.2190 -23.3034 -43.0143 22.5490 -31.0286 -48.6394 -3.8656 -37.1042 4.3766 -26.3379 -45.9301 31.0556 -33.1493 -45.0121 -16.0370 -39.1860 11.2564 -27.7467 -47.5800 34.8850 -34.5399 -36.5888 -20.2221 -40.8856 15.9681 -29.0273 -48.6596 31.1719 -35.6847 -20.5176 -23.0517 -42.5930 20.6761 -30.3493 -48.9452 12.0178 -36.4426 -3.7753 -25.0753 -44.2892 25.6891 -31.7008 -48.2675 -7.5551 -37.3891 5.0959 -26.3963 -45.9253 30.8551 -33.0580 -45.4654 -15.9919 -41.4425 -9.8529 -48.2716 -31.6995 25.6891 -44.2892 -25.0753 -3.7753 -36.4426 12.0178 -48.9452 -30.3493 20.6761 -42.5930 -23.0517 -20.5176 -35.6847 31.1719 -48.6596 -29.0273 15.9681 -40.8856 -20.2221 -36.5888 -34.5399 34.8850 -47.5800 -27.7467 11.2564 -39.1860 -16.0370 -45.0121 -33.1493 31.0556 -45.9301 -26.3379 4.3766 -37.1042 -3.8656 -48.6394 -31.0286 22.5490 -43.0143 -23.3034 -21.2190 -35.2748 27.0021
-35.0645 -24.0036 -22.9598 -42.7774 21.8917 -30.8712 -48.6939 -2.5673 -37.0184 4.1903 -26.3379 -45.9693 31.2925 -33.2413 -44.5529 -16.5455 -39.3738 11.8443 -27.9099 -47.7550 34.9817 -34.7156 -34.8202 -20.6806 -41.1267 16.6235 -29.2122 -48.7610 29.5324 -35.8222 -17.7471 -23.3879 -42.8399 21.3798 -30.5453 -48.8833 8.2295 -36.5036 -2.0576 -25.3149 -44.5384 26.4649 -31.9023 -48.0380 -9.1919 -37.6225 6.0417 -26.5691 -46.1589 31.5763 -33.2583 -44.7272 -16.2340 -39.3808 20.9258 -37.9869 -9.1543 -48.0381 -31.9023 26.4649 -44.5384 -25.3149 -2.0576 -36.5036 8.2295 -48.8833 -30.5453 21.3798 -42.8399 -23.3879 -17.7471 -35.8222 29.5324 -48.7610 -29.2122 16.6235 -41.1267 -20.6806 -34.8202 -34.7156 34.9817 -47.7550 -27.9099 11.8443 -39.3738 -16.5455 -44.5529 -33.2413 31.2925 -45.9693 -26.3379 4.1903 -37.0184 -2.5673 -48.6939 -30.8712 21.8917 -42.7774 -22.9598 -24.0036 -35.0645
-28.6478 -22.5943 -42.5305 21.2005 -30.6881 -48.7425 -0.4983 -36.8661 3.6502 -26.2795 -45.9301 31.2925 -33.2742 -44.2918 -16.8666 -39.5152 12.3156 -28.0487 -47.9056 34.9359 -34.8786 -32.9095 -21.1160 -41.3683 17.2815 -29.3982 -48.8456 27.5248 -35.9517 -15.0358 -23.7059 -43.0832 22.0817 -30.7376 -48.7976 4.6739 -36.5495 -0.5216 -25.5349 -44.7868 27.2435 -32.1064 -47.7514 -10.6002 -37.8593 6.9246 -26.7440 -46.3863 32.2634 -33.4572 -43.8853 -16.9534 -39.4787 12.4853 -32.6183 8.1905 -37.8594 -10.6000 -47.7514 -32.1064 27.2435 -44.7868 -25.5349 -0.5216 -36.5495 4.6739 -48.7976 -30.7376 22.0817 -43.0832 -23.7059 -15.0358 -35.9517 27.5248 -48.8456 -29.3982 17.2815 -41.3683 -21.1160 -32.9095 -34.8786 34.9359 -47.9056 -28.0487 12.3156 -39.5152 -16.8666 -44.2918 -33.2742 31.2925 -45.9301 -26.2795 3.6502 -36.8661 -0.4983 -48.7425 -30.6881 21.2005 -42.5305 -22.5943 -28.6478
-21.2594 -42.2793 20.4971 -30.4943 -48.8155 2.2655 -36.6785 2.8111 -26.1722 -45.8160 31.0556 -33.2413 -44.2918 -16.9807 -39.5927 12.6299 -28.1498 -48.0217 34.7808 -35.0174 -31.0143 -21.5095 -41.6030 17.9337 -29.5853 -48.9116 25.1292 -36.0721 -12.4192 -24.0094 -43.3263 22.7919 -30.9305 -48.7286 1.4807 -36.5954 0.8410 -25.7342 -45.0271 28.0139 -32.3072 -47.4027 -11.8504 -38.0973 7.7714 -26.9208 -46.6121 32.8999 -33.6561 -42.9259 -17.6203 -39.7250 12.7628 -28.8323 -48.7559 -28.0288 7.7631 -38.0973 -11.8504 -47.4027 -32.3072 28.0139 -45.0271 -25.7342 0.8410 -36.5954 1.4807 -48.7286 -30.9305 22.7919 -43.3263 -24.0094 -12.4192 -36.0721 25.1292 -48.9116 -29.5853 17.9337 -41.6030 -21.5095 -31.0143 -35.0174 34.7808 -48.0217 -28.1498 12.6299 -39.5927 -16.9807 -44.2918 -33.2413 31.0556 -45.8160 -26.1722 2.8111 -36.6785 2.2655 -48.8155 -30.4943 20.4971 -42.2793 -21.2594
-42.2910 19.7843 -30.2983 -48.9023 5.5501 -36.5695 1.7444 -26.0325 -45.6424 30.6121 -33.1493 -44.5529 -16.8666 -39.5927 12.7442 -28.2051 -48.0947 34.5942 -35.1237 -29.3327 -21.8380 -41.8174 18.5525 -29.7652 -48.9567 22.3413 -36.1826 -9.9549 -24.2984 -43.5689 23.5102 -31.1240 -48.6672 -1.3329 -36.7353 2.0630 -25.9140 -45.2617 28.7622 -32.5033 -46.9976 -12.9497 -38.3331 8.5788 -27.0967 -46.8331 33.4871 -33.8502 -41.8348 -18.2426 -39.9724 13.4565 -28.3471 -47.8055 1.4232 -46.6001 -27.1366 8.5790 -38.3331 -12.9497 -46.9976 -32.5033 28.7622 -45.2617 -25.9140 2.0630 -36.7353 -1.3329 -48.6672 -31.1240 23.5102 -43.5689 -24.2984 -9.9549 -36.1826 22.3413 -48.9567 -29.7652 18.5525 -41.8174 -21.8380 -29.3327 -35.1237 34.5942 -48.0947 -28.2051 12.7442 -39.5927 -16.8666 -44.5529 -33.1493 30.6121 -45.6424 -26.0325 1.7444 -36.5695 5.5501 -48.9023 -30.2983 19.7843 -42.2910
19.3449 -30.0558 -48.9568 9.1745 -36.5376 0.5079 -25.8694 -45.4312 30.0145 -33.0103 -45.0121 -16.5455 -39.5152 12.6299 -28.2051 -48.1204 34.4665 -35.1940 -28.0381 -22.0890 -41.9954 19.0991 -29.9286 -48.9791 19.3258 -36.2810 -7.6820 -24.5729 -43.8111 24.2364 -31.3180 -48.5708 -3.7656 -36.9575 3.1823 -26.0816 -45.4941 29.5025 -32.6977 -46.5297 -13.9136 -38.5667 9.3365 -27.2706 -47.0433 33.9962 -34.0401 -40.6169 -18.8276 -40.2183 14.1433 -28.5148 -48.2859 33.8976 -37.4354 34.8056 -47.0231 -27.2705 9.3365 -38.5667 -13.9136 -46.5297 -32.6977 29.5025 -45.4941 -26.0816 3.1823 -36.9575 -3.7656 -48.5708 -31.3180 24.2364 -43.8111 -24.5729 -7.6820 -36.2810 19.3258 -48.9791 -29.9286 19.0991 -41.9954 -22.0890 -28.0381 -35.1940 34.4665 -48.1204 -28.2051 12.6299 -39.5152 -16.5455 -45.0121 -33.0103 30.0145 -45.4312 -25.8694 0.5079 -36.5376 9.1745 -48.9568 -30.0558 19.3449
-28.9855 -48.9802 13.0152 -36.4897 -0.8924 -25.6852 -45.2015 29.3130 -32.8376 -45.5656 -16.0370 -39.3738 12.3156 -28.1498 -48.0947 34.4665 -35.2209 -27.3085 -22.2515 -42.1249 19.5332 -30.0656 -48.9828 16.3801 -36.3614 -5.7009 -24.8289 -44.0525 24.9699 -31.5124 -48.4358 -5.8558 -37.1810 4.2160 -26.2463 -45.7240 30.2317 -32.8915 -45.9861 -14.7874 -38.7988 10.0621 -27.4440 -47.2445 34.4100 -34.2262 -39.2721 -19.3657 -40.4641 14.8189 -28.7034 -48.4408 33.2897 -35.9144 3.5945 -35.2609 34.4177 -47.2445 -27.4440 10.0621 -38.7988 -14.7874 -45.9861 -32.8915 30.2317 -45.7240 -26.2463 4.2160 -37.1810 -5.8558 -48.4358 -31.5124 24.9699 -44.0525 -24.8289 -5.7009 -36.3614 16.3801 -48.9828 -30.0656 19.5332 -42.1249 -22.2515 -27.3085 -35.2209 34.4665 -48.0947 -28.1498 12.3156 -39.3738 -16.0370 -45.5656 -32.8376 29.3130 -45.2015 -25.6852 -0.8924 -36.4897 13.0152 -48.9802 -28.9855
-48.8059 16.7386 -36.4265 -2.4714 -25.4808 -44.9659 28.5707 -32.6477 -46.1334 -15.3658 -39.1860 11.8443 -28.0487 -48.0217 34.5942 -35.1940 -27.3085 -22.3095 -42.1975 19.8147 -30.1646 -48.9742 13.7995 -36.4219 -4.1126 -25.0509 -44.2798 25.6899 -31.7039 -48.2585 -7.6557 -37.4057 5.1784 -26.4122 -45.9512 30.9444 -33.0846 -45.3595 -15.5875 -39.0320 10.7689 -27.6187 -47.4396 34.7255 -34.4073 -37.7926 -19.8665 -40.7070 15.4821 -28.8906 -48.5722 32.1848 -35.5990 -20.9670 -28.4611 -35.1049 -34.4862 34.7255 -47.4396 -27.6187 10.7689 -39.0320 -15.5875 -45.3595 -33.0846 30.9444 -45.9512 -26.4122 5.1784 -37.4057 -7.6557 -48.2585 -31.7039 25.6899 -44.2798 -25.0509 -4.1126 -36.4219 13.7995 -48.9742 -30.1646 19.8147 -42.1975 -22.3095 -27.3085 -35.1940 34.5942 -48.0217 -28.0487 11.8443 -39.1860 -15.3658 -46.1334 -32.6477 28.5707 -44.9659 -25.4808 -2.4714 -36.4265 16.7386 -48.8059
7.6509 -36.0375 -4.2575 -25.2543 -44.7222 27.8125 -32.4532 -46.6569 -14.5703 -38.9687 11.2564 -27.9099 -47.9056 34.7808 -35.1237 -28.0381 -22.2515 -42.1975 19.9123 -30.2179 -48.9635 11.9034 -36.4634 -2.9000 -25.2310 -44.4787 26.3598 -31.8861 -48.0421 -9.1955 -37.6317 6.0814 -26.5794 -46.1753 31.6335 -33.2768 -44.6416 -16.3249 -39.2663 11.4606 -27.7946 -47.6277 34.9236 -34.5854 -36.1505 -20.3422 -40.9475 16.1364 -29.0747 -48.6871 30.7840 -35.7208 -19.8280 -23.6015 -45.3952 -21.3522 -36.1657 -34.5854 34.9236 -47.6277 -27.7946 11.4606 -39.2663 -16.3249 -44.6416 -33.2768 31.6335 -46.1753 -26.5794 6.0814 -37.6317 -9.1955 -48.0421 -31.8861 26.3598 -44.4787 -25.2310 -2.9000 -36.4634 11.9034 -48.9635 -30.2179 19.9123 -42.1975 -22.2515 -28.0381 -35.1237 34.7808 -47.9056 -27.9099 11.2564 -38.9687 -14.5703 -46.6569 -32.4532 27.8125 -44.7222 -25.2543 -4.2575 -36.0375 7.6509
-36.2614 -6.2608 -25.0105 -44.4740 27.0419 -32.2553 -47.1075 -13.6754 -38.7390 10.5888 -27.7467 -47.7550 34.9359 -35.0174 -29.3327 -22.0890 -42.1249 19.8147 -30.2179 -48.9593 10.8985 -36.4867 -2.0887 -25.3647 -44.6426 26.9352 -32.0491 -47.8032 -10.4687 -37.8493 6.9233 -26.7478 -46.3958 32.2910 -33.4679 -43.8237 -17.0087 -39.5016 12.1402 -27.9717 -47.8082 34.9826 -34.7601 -34.3372 -20.7949 -41.1887 16.7924 -29.2600 -48.7844 29.0523 -35.8563 -17.0446 -23.4783 -42.9929 32.1923 -41.4952 -20.8064 -34.3372 -34.7601 34.9826 -47.8082 -27.9717 12.1402 -39.5016 -17.0087 -43.8237 -33.4679 32.2910 -46.3958 -26.7478 6.9233 -37.8493 -10.4687 -47.8032 -32.0491 26.9352 -44.6426 -25.3647 -2.0887 -36.4867 10.8985 -48.9593 -30.2179 19.8147 -42.1249 -22.0890 -29.3327 -35.0174 34.9359 -47.7550 -27.7467 10.5888 -38.7390 -13.6754 -47.1075 -32.2553 27.0419 -44.4740 -25.0105 -6.2608 -36.2614
-10.1271 -24.7574 -44.2245 26.2633 -32.0528 -47.4997 -12.6740 -38.5072 9.8775 -27.5737 -47.5800 34.9817 -34.8786 -31.0143 -21.8380 -41.9954 19.5332 -30.1646 -48.9635 10.8985 -36.4941 -1.6885 -25.4450 -44.7612 27.3742 -32.1807 -47.5640 -11.4866 -38.0453 7.6683 -26.9102 -46.6093 32.9073 -33.6576 -42.8962 -17.6463 -39.7379 12.8104 -28.1499 -47.9802 34.8786 -34.9310 -32.3470 -21.2267 -41.4305 17.4512 -29.4462 -48.8644 26.9464 -35.9835 -14.3514 -23.7853 -43.1439 22.7184 -34.8210 18.5225 -41.4285 -21.2267 -32.3470 -34.9310 34.8786 -47.9802 -28.1499 12.8104 -39.7379 -17.6463 -42.8962 -33.6576 32.9073 -46.6093 -26.9102 7.6683 -38.0453 -11.4866 -47.5640 -32.1807 27.3742 -44.7612 -25.4450 -1.6885 -36.4941 10.8985 -48.9635 -30.1646 19.5332 -41.9954 -21.8380 -31.0143 -34.8786 34.9817 -47.5800 -27.5737 9.8775 -38.5072 -12.6740 -47.4997 -32.0528 26.2633 -44.2245 -24.7574 -10.1271
-23.1847 -43.9732 25.4882 -31.8511 -47.8311 -11.5421 -38.2738 9.1464 -27.3993 -47.3900 34.8850 -34.7156 -32.9095 -21.5095 -41.8174 19.0991 -30.0656 -48.9742 11.9034 -36.4867 -1.6885 -25.4723 -44.8218 27.6526 -32.2725 -47.3557 -12.2447 -38.2157 8.2964 -27.0558 -46.8038 33.4483 -33.8415 -41.8490 -18.2435 -39.9751 13.4737 -28.3294 -48.1429 34.5851 -35.0977 -30.1786 -21.6391 -41.6728 18.1141 -29.6335 -48.9254 24.4495 -36.1015 -11.7690 -24.0851 -43.3887 22.9730 -31.8228 -42.4697 -30.9891 18.1087 -41.6728 -21.6391 -30.1786 -35.0977 34.5851 -48.1429 -28.3294 13.4737 -39.9751 -18.2435 -41.8490 -33.8415 33.4483 -46.8038 -27.0558 8.2964 -38.2157 -12.2447 -47.3557 -32.2725 27.6526 -44.8218 -25.4723 -1.6885 -36.4867 11.9034 -48.9742 -30.0656 19.0991 -41.8174 -21.5095 -32.9095 -34.7156 34.8850 -47.3900 -27.3993 9.1464 -38.2738 -11.5421 -47.8311 -31.8511 25.4882 -43.9732 -23.1847
-43.8578 24.7269 -31.6497 -48.1007 -10.2630 -38.0354 8.3724 -27.2261 -47.1933 34.6547 -34.5399 -34.8202 -21.1160 -41.6030 18.5525 -29.9286 -48.9828 13.7995 -36.4634 -2.0887 -25.4450 -44.8218 27.7491 -32.3210 -47.2164 -12.7465 -38.3496 8.7980 -27.1801 -46.9678 33.8762 -34.0079 -40.7417 -18.7900 -40.2105 14.1320 -28.5100 -48.2952 34.0733 -35.2594 -27.8377 -22.0333 -41.9155 18.7820 -29.8218 -48.9653 21.5629 -36.2093 -9.3511 -24.3704 -43.6312 23.6962 -31.2009 -48.5858 -18.9897 -48.8121 -29.8836 18.7820 -41.9155 -22.0333 -27.8377 -35.2594 34.0733 -48.2952 -28.5100 14.1320 -40.2105 -18.7900 -40.7417 -34.0079 33.8762 -46.9678 -27.1801 8.7980 -38.3496 -12.7465 -47.2164 -32.3210 27.7491 -44.8218 -25.4450 -2.0887 -36.4634 13.7995 -48.9828 -29.9286 18.5525 -41.6030 -21.1160 -34.8202 -34.5399 34.6547 -47.1933 -27.2261 8.3724 -38.0354 -10.2630 -48.1007 -31.6497 24.7269 -43.8578
24.2694 -31.3733 -48.3192 -8.7880 -37.7976 7.5552 -27.0518 -46.9905 34.3123 -34.3610 -36.5888 -20.6806 -41.3683 17.9337 -29.7652 -48.9791 16.3801 -36.4219 -2.9000 -25.3647 -44.7612 27.6526 -32.3210 -47.1689 -12.9964 -38.4347 9.1503 -27.2762 -47.0993 34.1964 -34.1504 -39.6659 -19.2623 -40.4330 14.7611 -28.6892 -48.4360 33.3124 -35.4158 -25.3401 -22.4105 -42.1586 19.4558 -30.0109 -48.9820 18.3182 -36.3059 -7.1309 -24.6411 -43.8732 24.4243 -31.3679 -48.5406 -5.4691 -39.4106 13.3337 -48.9270 -30.0110 19.4558 -42.1586 -22.4105 -25.3401 -35.4158 33.3124 -48.4360 -28.6892 14.7611 -40.4330 -19.2623 -39.6659 -34.1504 34.1964 -47.0993 -27.2762 9.1503 -38.4347 -12.9964 -47.1689 -32.3210 27.6526 -44.7612 -25.3647 -2.9000 -36.4219 16.3801 -48.9791 -29.7652 17.9337 -41.3683 -20.6806 -36.5888 -34.3610 34.3123 -46.9905 -27.0518 7.5552 -37.7976 -8.7880 -48.3192 -31.3733 24.2694
-30.4450 -48.4889 -7.0919 -37.5633 6.7058 -26.8748 -46.7763 33.8702 -34.1792 -38.1882 -20.2221 -41.1267 17.2815 -29.5853 -48.9567 19.3258 -36.3614 -4.1126 -25.2310 -44.6426 27.3742 -32.2725 -47.2164 -12.9964 -38.4644 9.3385 -27.3370 -47.1914 34.4151 -34.2680 -38.6568 -19.6551 -40.6316 15.3329 -28.8580 -48.5590 32.2874 -35.5662 -22.7140 -22.7715 -42.4018 20.1362 -30.2010 -48.9731 14.7919 -36.3901 -5.1199 -24.8972 -44.1144 25.1596 -31.5624 -48.3944 -6.3304 -37.3956 15.0889 -36.7096 14.8750 -48.9731 -30.2010 20.1362 -42.4018 -22.7715 -22.7140 -35.5662 32.2874 -48.5590 -28.8580 15.3329 -40.6316 -19.6551 -38.6568 -34.2680 34.4151 -47.1914 -27.3370 9.3385 -38.4644 -12.9964 -47.2164 -32.2725 27.3742 -44.6426 -25.2310 -4.1126 -36.3614 19.3258 -48.9567 -29.5853 17.2815 -41.1267 -20.2221 -38.1882 -34.1792 33.8702 -46.7763 -26.8748 6.7058 -37.5633 -7.0919 -48.4889 -30.4450
-48.7100 -5.1345 -37.3283 5.8010 -26.6989 -46.5538 33.3409 -33.9936 -39.6276 -19.7403 -40.8856 16.6235 -29.3982 -48.9116 22.3413 -36.2810 -5.7009 -25.0509 -44.4787 26.9352 -32.1807 -47.3557 -12.7465 -38.4347 9.3385 -27.3582 -47.2395 34.5348 -34.3509 -37.8144 -19.9706 -40.8032 15.8374 -29.0094 -48.6605 31.0652 -35.7040 -20.0420 -23.1168 -42.6452 20.8239 -30.3919 -48.9358 11.1148 -36.4605 -3.3120 -25.1384 -44.3546 25.9009 -31.7572 -48.2055 -8.0779 -37.4637 5.9725 -31.4252 -0.8368 -36.4853 11.1134 -48.9358 -30.3919 20.8239 -42.6452 -23.1168 -20.0420 -35.7040 31.0652 -48.6605 -29.0094 15.8374 -40.8032 -19.9706 -37.8144 -34.3509 34.5348 -47.2395 -27.3582 9.3385 -38.4347 -12.7465 -47.3557 -32.1807 26.9352 -44.4787 -25.0509 -5.7009 -36.2810 22.3413 -48.9116 -29.3982 16.6235 -40.8856 -19.7403 -39.6276 -33.9936 33.3409 -46.5538 -26.6989 5.8010 -37.3283 -5.1345 -48.7100
-8.1462 -37.0948 4.8420 -26.5251 -46.3295 32.7446 -33.8013 -40.9375 -19.2310 -40.6452 15.9681 -29.2122 -48.8456 25.1292 -36.1826 -7.6820 -24.8289 -44.2798 26.3598 -32.0491 -47.5640 -12.2447 -38.3496 9.1503 -27.3370 -47.2395 34.5720 -34.3922 -37.2710 -20.1887 -40.9373 16.2583 -29.1413 -48.7409 29.7366 -35.8218 -17.5376 -23.4335 -42.8851 21.5194 -30.5836 -48.8671 7.4616 -36.5160 -1.6897 -25.3641 -44.5937 26.6468 -31.9522 -47.9688 -9.5846 -37.6901 6.3013 -27.2053 -48.3999 -26.3553 -1.7211 -36.5155 7.4616 -48.8671 -30.5836 21.5194 -42.8851 -23.4335 -17.5376 -35.8218 29.7366 -48.7409 -29.1413 16.2583 -40.9373 -20.1887 -37.2710 -34.3922 34.5720 -47.2395 -27.3370 9.1503 -38.3496 -12.2447 -47.5640 -32.0491 26.3598 -44.2798 -24.8289 -7.6820 -36.1826 25.1292 -48.8456 -29.2122 15.9681 -40.6452 -19.2310 -40.9375 -33.8013 32.7446 -46.3295 -26.5251 4.8420 -37.0948 -8.1462
-37.6184 3.8228 -26.3514 -46.0987 32.0890 -33.6037 -42.1321 -18.6789 -40.4023 15.3140 -29.0273 -48.7610 27.5248 -36.0721 -9.9549 -24.5729 -44.0525 25.6899 -31.8861 -47.8032 -11.4866 -38.2157 8.7980 -27.2762 -47.1914 34.5348 -34.3922 -37.0855 -20.2959 -41.0199 16.5580 -29.2445 -48.8001 28.3720 -35.9193 -15.3667 -23.7056 -43.1075 22.1926 -30.7732 -48.7845 4.0102 -36.5548 -0.2308 -25.5740 -44.8314 27.3954 -32.1472 -47.6796 -10.9063 -37.9177 7.1478 -26.8062 -46.3623 29.6394 -44.9125 -25.6031 -0.2308 -36.5548 4.0102 -48.7845 -30.7732 22.1926 -43.1075 -23.7056 -15.3667 -35.9193 28.3720 -48.8001 -29.2445 16.5580 -41.0199 -20.2959 -37.0855 -34.3922 34.5348 -47.1914 -27.2762 8.7980 -38.2157 -11.4866 -47.8032 -31.8861 25.6899 -44.0525 -24.5729 -9.9549 -36.0721 27.5248 -48.7610 -29.0273 15.3140 -40.4023 -18.6789 -42.1321 -33.6037 32.0890 -46.0987 -26.3514 3.8228 -37.6184
2.1299 -26.1970 -45.8640 31.3917 -33.4058 -43.1862 -18.0856 -40.1561 14.6489 -28.8419 -48.6596 29.5324 -35.9517 -12.4192 -24.2984 -43.8111 24.9699 -31.7039 -48.0421 -10.4687 -38.0453 8.2964 -27.1801 -47.0993 34.4151 -34.3509 -37.2710 -20.2959 -41.0475 16.7081 -29.3082 -48.8378 27.1728 -35.9982 -13.5180 -23.9324 -43.3020 22.8020 -30.9484 -48.7212 0.9307 -36.6186 1.0880 -25.7674 -45.0675 28.1441 -32.3421 -47.3325 -12.0774 -38.1465 7.9512 -26.9614 -46.6616 33.4982 -36.8057 29.4032 -45.0589 -25.7674 1.0880 -36.6186 0.9307 -48.7212 -30.9484 22.8020 -43.3020 -23.9324 -13.5180 -35.9982 27.1728 -48.8378 -29.3082 16.7081 -41.0475 -20.2959 -37.2710 -34.3509 34.4151 -47.0993 -27.1801 8.2964 -38.0453 -10.4687 -48.0421 -31.7039 24.9699 -43.8111 -24.2984 -12.4192 -35.9517 29.5324 -48.6596 -28.8419 14.6489 -40.1561 -18.0856 -43.1862 -33.4058 31.3917 -45.8640 -26.1970 2.1299
-24.6886 -45.6280 30.6702 -33.2064 -44.1145 -17.4518 -39.9079 13.9648 -28.6550 -48.5406 31.1719 -35.8222 -15.0358 -24.0094 -43.5689 24.2364 -31.5124 -48.2585 -9.1955 -37.8493 7.6683 -27.0558 -46.9678 34.1964 -34.2680 -37.8144 -20.1887 -41.0199 16.7081 -29.3295 -48.8552 26.3747 -36.0532 -12.0920 -24.1162 -43.4652 23.3248 -31.0993 -48.6673 -1.5563 -36.7663 2.2588 -25.9431 -45.3017 28.8898 -32.5368 -46.9220 -13.1248 -38.3765 8.7222 -27.1326 -46.8782 33.6075 -34.6928 -10.8677 -33.9035 28.8872 -45.3017 -25.9431 2.2588 -36.7663 -1.5563 -48.6673 -31.0993 23.3248 -43.4652 -24.1162 -12.0920 -36.0532 26.3747 -48.8552 -29.3295 16.7081 -41.0199 -20.1887 -37.8144 -34.2680 34.1964 -46.9678 -27.0558 7.6683 -37.8493 -9.1955 -48.2585 -31.5124 24.2364 -43.5689 -24.0094 -15.0358 -35.8222 31.1719 -48.5406 -28.6550 13.9648 -39.9079 -17.4518 -44.1145 -33.2064 30.6702 -45.6280 -24.6886
-45.4087 29.9179 -33.0062 -44.9282 -16.7720 -39.6614 13.2788 -28.4672 -48.4055 32.4876 -35.6847 -17.7471 -23.7059 -43.3263 23.5102 -31.3180 -48.4358 -7.6557 -37.6317 6.9233 -26.9102 -46.8038 33.8762 -34.1504 -38.6568 -19.9706 -40.9373 16.5580 -29.3082 -48.8552 26.0984 -36.0800 -11.2349 -24.2462 -43.5934 23.7585 -31.2267 -48.6021 -3.4415 -36.9510 3.2437 -26.0990 -45.5272 29.6181 -32.7311 -46.4415 -14.0702 -38.6076 9.4663 -27.3051 -47.0840 34.0860 -34.1101 -39.5327 -25.8534 -45.5155 -32.8090 29.6181 -45.5272 -26.0990 3.2437 -36.9510 -3.4415 -48.6021 -31.2267 23.7585 -43.5934 -24.2462 -11.2349 -36.0800 26.0984 -48.8552 -29.3082 16.5580 -40.9373 -19.9706 -38.6568 -34.1504 33.8762 -46.8038 -26.9102 6.9233 -37.6317 -7.6557 -48.4358 -31.3180 23.5102 -43.3263 -23.7059 -17.7471 -35.6847 32.4876 -48.4055 -28.4672 13.2788 -39.6614 -16.7720 -44.9282 -33.0062 29.9179 -45.4087
29.0998 -32.6991 -45.6294 -16.0477 -39.4181 12.5930 -28.2792 -48.2561 33.5093 -35.5355 -20.5176 -23.3879 -43.0832 22.7919 -31.1240 -48.5708 -5.8558 -37.4057 6.0814 -26.7478 -46.6093 33.4483 -34.0079 -39.6659 -19.6551 -40.8032 16.2583 -29.2445 -48.8378 26.3747 -36.0800 -10.9537 -24.3110 -43.6765 24.0803 -31.3293 -48.5327 -4.8813 -37.1105 4.0444 -26.2354 -45.7309 30.2934 -32.9166 -45.8928 -14.9304 -38.8399 10.1882 -27.4788 -47.2840 34.4814 -34.2624 -38.9967 -19.9242 -43.1340 -16.2746 -45.8980 -32.9165 30.2934 -45.7309 -26.2354 4.0444 -37.1105 -4.8813 -48.5327 -31.3293 24.0803 -43.6765 -24.3110 -10.9537 -36.0800 26.3747 -48.8378 -29.2445 16.2583 -40.8032 -19.6551 -39.6659 -34.0079 33.4483 -46.6093 -26.7478 6.0814 -37.4057 -5.8558 -48.5708 -31.1240 22.7919 -43.0832 -23.3879 -20.5176 -35.5355 33.5093 -48.2561 -28.2792 12.5930 -39.4181 -16.0477 -45.6294 -32.6991 29.0998
-31.9392 -46.2441 -15.2547 -39.1731 11.8908 -28.0933 -48.0944 34.2348 -35.3778 -23.2868 -23.0517 -42.8399 22.0817 -30.9305 -48.6672 -3.7656 -37.1810 5.1784 -26.5794 -46.3958 32.9073 -33.8415 -40.7417 -19.2623 -40.6316 15.8374 -29.1413 -48.8001 27.1728 -36.0532 -11.2349 -24.3110 -43.7042 24.2470 -31.3960 -48.4723 -5.9395 -37.2450 4.6917 -26.3537 -45.9064 30.8837 -33.0831 -45.3107 -15.6864 -39.0700 10.8921 -27.6538 -47.4777 34.7751 -34.4430 -37.4790 -19.9657 -40.8827 25.5418 -39.4237 -15.6835 -45.3107 -33.0831 30.8837 -45.9064 -26.3537 4.6917 -37.2450 -5.9395 -48.4723 -31.3960 24.2470 -43.7042 -24.3110 -11.2349 -36.0532 27.1728 -48.8001 -29.1413 15.8374 -40.6316 -19.2623 -40.7417 -33.8415 32.9073 -46.3958 -26.5794 5.1784 -37.1810 -3.7656 -48.6672 -30.9305 22.0817 -42.8399 -23.0517 -23.2868 -35.3778 34.2348 -48.0944 -28.0933 11.8908 -39.1731 -15.2547 -46.2441 -31.9392
-47.1730 -14.3909 -38.9298 11.1789 -27.9090 -47.9237 34.6952 -35.2136 -25.9937 -22.6907 -42.5930 21.3798 -30.7376 -48.7286 -1.3329 -36.9575 4.2160 -26.4122 -46.1753 32.2910 -33.6576 -41.8490 -18.7900 -40.4330 15.3329 -29.0094 -48.7409 28.3720 -35.9982 -12.0920 -24.2462 -43.6765 24.2470 -31.4182 -48.4380 -6.5824 -37.3445 5.1918 -26.4535 -46.0545 31.3803 -33.2298 -44.7296 -16.3156 -39.2843 11.5522 -27.8274 -47.6644 34.9472 -34.6205 -35.8035 -20.4339 -40.9936 16.6675 -33.5177 12.6253 -39.2832 -16.3157 -44.7296 -33.2298 31.3803 -46.0545 -26.4535 5.1918 -37.3445 -6.5824 -48.4380 -31.4182 24.2470 -43.6765 -24.2462 -12.0920 -35.9982 28.3720 -48.7409 -29.0094 15.3329 -40.4330 -18.7900 -41.8490 -33.6576 32.2910 -46.1753 -26.4122 4.2160 -36.9575 -1.3329 -48.7286 -30.7376 21.3798 -42.5930 -22.6907 -25.9937 -35.2136 34.6952 -47.9237 -27.9090 11.1789 -38.9298 -14.3909 -47.1730
-14.6961 -38.6872 10.4524 -27.7246 -47.7411 34.9346 -35.0448 -28.5543 -22.3108 -42.3427 20.6761 -30.5453 -48.7976 1.4807 -36.7353 3.1823 -26.2463 -45.9512 31.6335 -33.4679 -42.8962 -18.2435 -40.2105 14.7611 -28.8580 -48.6605 29.7366 -35.9193 -13.5180 -24.1162 -43.5934 24.0803 -31.3960 -48.4380 -6.7896 -37.3960 5.5072 -26.5275 -46.1725 31.7864 -33.3557 -44.1663 -16.8366 -39.4725 12.1341 -27.9894 -47.8358 34.9764 -34.7945 -33.9553 -20.8824 -41.2358 16.9176 -30.0530 -47.8818 -29.2125 12.1193 -39.4725 -16.8366 -44.1663 -33.3557 31.7864 -46.1725 -26.5275 5.5072 -37.3960 -6.7896 -48.4380 -31.3960 24.0803 -43.5934 -24.1162 -13.5180 -35.9193 29.7366 -48.6605 -28.8580 14.7611 -40.2105 -18.2435 -42.8962 -33.4679 31.6335 -45.9512 -26.2463 3.1823 -36.7353 1.4807 -48.7976 -30.5453 20.6761 -42.3427 -22.3108 -28.5543 -35.0448 34.9346 -47.7411 -27.7246 10.4524 -38.6872 -14.6961
-39.0326 9.7061 -27.5428 -47.5499 34.9781 -34.8718 -30.9117 -21.9169 -42.0920 19.9687 -30.3493 -48.8833 4.6739 -36.5954 2.0630 -26.0816 -45.7240 30.9444 -33.2768 -43.8237 -17.6463 -39.9751 14.1320 -28.6892 -48.5590 31.0652 -35.8218 -15.3667 -23.9324 -43.4652 23.7585 -31.3293 -48.4723 -6.5824 -37.3960 5.6109 -26.5658 -46.2486 32.0785 -33.4565 -43.6504 -17.2663 -39.6347 12.6328 -28.1321 -47.9827 34.8584 -34.9575 -31.9597 -21.3101 -41.4777 17.5801 -29.5006 -48.6503 -11.2350 -47.8112 -28.1790 12.6329 -39.6347 -17.2663 -43.6504 -33.4565 32.0785 -46.2486 -26.5658 5.6109 -37.3960 -6.5824 -48.4723 -31.3293 23.7585 -43.4652 -23.9324 -15.3667 -35.8218 31.0652 -48.5590 -28.6892 14.1320 -39.9751 -17.6463 -43.8237 -33.2768 30.9444 -45.7240 -26.0816 2.0630 -36.5954 4.6739 -48.8833 -30.3493 19.9687 -42.0920 -21.9169 -30.9117 -34.8718 34.9781 -47.5499 -27.5428 9.7061 -39.0326
8.7986 -27.3627 -47.3531 34.8564 -34.6909 -33.1053 -21.5002 -41.8386 19.2609 -30.1516 -48.9452 8.2295 -36.5495 0.8410 -25.9140 -45.4941 30.2317 -33.0846 -44.6416 -17.0087 -39.7379 13.4737 -28.5100 -48.4360 32.2874 -35.7040 -17.5376 -23.7056 -43.3020 23.3248 -31.2267 -48.5327 -5.9395 -37.3445 5.5072 -26.5658 -46.2739 32.2265 -33.5218 -43.2444 -17.5994 -39.7733 13.0525 -28.2549 -48.1044 34.6240 -35.1002 -29.9543 -21.7018 -41.7166 18.2438 -29.6653 -48.9175 22.6613 -38.2226 34.1359 -48.0758 -28.2540 13.0525 -39.7733 -17.5994 -43.2444 -33.5218 32.2265 -46.2739 -26.5658 5.5072 -37.3445 -5.9395 -48.5327 -31.2267 23.3248 -43.3020 -23.7056 -17.5376 -35.7040 32.2874 -48.4360 -28.5100 13.4737 -39.7379 -17.0087 -44.6416 -33.0846 30.2317 -45.4941 -25.9140 0.8410 -36.5495 8.2295 -48.9452 -30.1516 19.2609 -41.8386 -21.5002 -33.1053 -34.6909 34.8564 -47.3531 -27.3627 8.7986
-26.0037 -47.1467 34.5941 -34.5086 -35.1069 -21.0634 -41.5861 18.5617 -29.9551 -48.9769 12.0178 -36.5036 -0.5216 -25.7342 -45.2617 29.5025 -32.8915 -45.3595 -16.3249 -39.5016 12.8104 -28.3294 -48.2952 33.3124 -35.5662 -20.0420 -23.4335 -43.1075 22.8020 -31.0993 -48.6021 -4.8813 -37.2450 5.1918 -26.5275 -46.2486 32.2265 -33.5435 -43.0258 -17.8092 -39.8780 13.3933 -28.3568 -48.2037 34.3136 -35.2196 -28.0814 -22.0383 -41.9386 18.8840 -29.8510 -48.9700 21.0602 -36.4678 8.8947 -35.9537 34.3483 -48.2042 -28.3568 13.3933 -39.8780 -17.8092 -43.0258 -33.5435 32.2265 -46.2486 -26.5275 5.1918 -37.2450 -4.8813 -48.6021 -31.0993 22.8020 -43.1075 -23.4335 -20.0420 -35.5662 33.3124 -48.2952 -28.3294 12.8104 -39.5016 -16.3249 -45.3595 -32.8915 29.5025 -45.2617 -25.7342 -0.5216 -36.5036 12.0178 -48.9769 -29.9551 18.5617 -41.5861 -21.0634 -35.1069 -34.5086 34.5941 -47.1467 -26.0037
-46.8612 34.2084 -34.3233 -36.9024 -20.6085 -41.3340 17.8681 -29.7577 -48.9782 15.8280 -36.4426 -2.0576 -25.5349 -45.0271 28.7622 -32.6977 -45.9861 -15.5875 -39.2663 12.1402 -28.1499 -48.1429 34.0733 -35.4158 -22.7140 -23.1168 -42.8851 22.1926 -30.9484 -48.6673 -3.4415 -37.1105 4.6917 -26.4535 -46.1725 32.0785 -33.5218 -43.0258 -17.8782 -39.9323 13.6188 -28.4332 -48.2797 33.9799 -35.3162 -26.4287 -22.3148 -42.1302 19.4541 -30.0231 -48.9836 17.7772 -36.3379 -5.5449 -29.8301 -22.1830 -35.3884 33.9800 -48.2797 -28.4332 13.6188 -39.9323 -17.8782 -43.0258 -33.5218 32.0785 -46.1725 -26.4535 4.6917 -37.1105 -3.4415 -48.6673 -30.9484 22.1926 -42.8851 -23.1168 -22.7140 -35.4158 34.0733 -48.1429 -28.1499 12.1402 -39.2663 -15.5875 -45.9861 -32.6977 28.7622 -45.0271 -25.5349 -2.0576 -36.4426 15.8280 -48.9782 -29.7577 17.8681 -41.3340 -20.6085 -36.9024 -34.3233 34.2084 -46.8612
32.1822 -33.9802 -38.5325 -20.1263 -41.0822 17.1788 -29.5632 -48.9518 19.4181 -36.3678 -3.7753 -25.3149 -44.7868 28.0139 -32.5033 -46.5297 -14.7874 -39.0320 11.4606 -27.9717 -47.9802 34.5851 -35.2594 -25.3401 -22.7715 -42.6452 21.5194 -30.7732 -48.7212 -1.5563 -36.9510 4.0444 -26.3537 -46.0545 31.7864 -33.4565 -43.2444 -17.8092 -39.9323 13.6941 -28.4746 -48.3278 33.6814 -35.3921 -25.0450 -22.5361 -42.2907 19.9413 -30.1715 -48.9763 14.5815 -36.3980 -4.8523 -25.4246 -46.7585 -23.5410 -25.0702 -35.3921 33.6814 -48.3278 -28.4746 13.6941 -39.9323 -17.8092 -43.2444 -33.4565 31.7864 -46.0545 -26.3537 4.0444 -36.9510 -1.5563 -48.7212 -30.7732 21.5194 -42.6452 -22.7715 -25.3401 -35.2594 34.5851 -47.9802 -27.9717 11.4606 -39.0320 -14.7874 -46.5297 -32.5033 28.0139 -44.7868 -25.3149 -3.7753 -36.3678 19.4181 -48.9518 -29.5632 17.1788 -41.0822 -20.1263 -38.5325 -33.9802 32.1822
-33.4313 -39.9917 -19.6196 -40.8340 16.5014 -29.3699 -48.9032 22.6413 -36.2738 -5.7175 -25.0753 -44.5384 27.2435 -32.3072 -46.9976 -13.9136 -38.7988 10.7689 -27.7946 -47.8082 34.8786 -35.0977 -27.8377 -22.4105 -42.4018 20.8239 -30.5836 -48.7845 0.9307 -36.7663 3.2437 -26.2354 -45.9064 31.3803 -33.3557 -43.6504 -17.5994 -39.8780 13.6188 -28.4746 -48.3443 33.4974 -35.4427 -23.9649 -22.7109 -42.4228 20.3517 -30.2967 -48.9536 11.7459 -36.4572 -3.2587 -25.1711 -44.4274 35.2733 -42.6921 -22.7301 -23.9649 -35.4427 33.4974 -48.3443 -28.4746 13.6188 -39.8780 -17.5994 -43.6504 -33.3557 31.3803 -45.9064 -26.2354 3.2437 -36.7663 0.9307 -48.7845 -30.5836 20.8239 -42.4018 -22.4105 -27.8377 -35.0977 34.8786 -47.8082 -27.7946 10.7689 -38.7988 -13.9136 -46.9976 -32.3072 27.2435 -44.5384 -25.0753 -5.7175 -36.2738 22.6413 -48.9032 -29.3699 16.5014 -40.8340 -19.6196 -39.9917 -33.4313
-42.2611 -19.0877 -40.5839 15.8192 -29.1758 -48.8313 25.5001 -36.1698 -7.8854 -24.8193 -44.2892 26.4649 -32.1064 -47.4027 -12.9497 -38.5667 10.0621 -27.6187 -47.6277 34.9826 -34.9310 -30.1786 -22.0333 -42.1586 20.1362 -30.3919 -48.8671 4.0102 -36.6186 2.2588 -26.0990 -45.7309 30.8837 -33.2298 -44.1663 -17.2663 -39.7733 13.3933 -28.4332 -48.3278 33.4974 -35.4602 -23.3608 -22.8270 -42.5237 20.6860 -30.4005 -48.9213 9.3220 -36.5001 -1.9924 -25.3493 -44.5979 27.1750 -35.6134 21.9015 -42.5206 -22.8270 -23.3608 -35.4602 33.4974 -48.3278 -28.4332 13.3933 -39.7733 -17.2663 -44.1663 -33.2298 30.8837 -45.7309 -26.0990 2.2588 -36.6186 4.0102 -48.8671 -30.3919 20.1362 -42.1586 -22.0333 -30.1786 -34.9310 34.9826 -47.6277 -27.6187 10.0621 -38.5667 -12.9497 -47.4027 -32.1064 26.4649 -44.2892 -24.8193 -7.8854 -36.1698 25.5001 -48.8313 -29.1758 15.8192 -40.5839 -19.0877 -42.2611
-18.3596 -40.3341 15.1376 -28.9835 -48.7392 27.9263 -36.0553 -10.2550 -24.5486 -44.0387 25.6891 -31.9023 -47.7514 -11.8504 -38.3331 9.3365 -27.4440 -47.4396 34.9236 -34.7601 -32.3470 -21.6391 -41.9155 19.4558 -30.2010 -48.9358 7.4616 -36.5548 1.0880 -25.9431 -45.5272 30.2934 -33.0831 -44.7296 -16.8366 -39.6347 13.0525 -28.3568 -48.2797 33.6814 -35.4427 -23.3608 -22.8671 -42.5802 20.9140 -30.4702 -48.8536 7.3497 -36.5201 -0.9974 -25.4998 -44.7856 27.3400 -32.9372 -34.6605 -31.9581 20.9072 -42.5804 -22.8611 -23.3608 -35.4427 33.6814 -48.2797 -28.3568 13.0525 -39.6347 -16.8366 -44.7296 -33.0831 30.2934 -45.5272 -25.9431 1.0880 -36.5548 7.4616 -48.9358 -30.2010 19.4558 -41.9155 -21.6391 -32.3470 -34.7601 34.9236 -47.4396 -27.4440 9.3365 -38.3331 -11.8504 -47.7514 -31.9023 25.6891 -44.0387 -24.5486 -10.2550 -36.0553 27.9263 -48.7392 -28.9835 15.1376 -40.3341 -18.3596
-40.5176 14.4613 -28.7923 -48.6299 29.9357 -35.9260 -12.8518 -24.2607 -43.7870 24.9182 -31.7008 -48.0380 -10.6002 -38.0973 8.5788 -27.2706 -47.2445 34.7255 -34.5854 -34.3372 -21.2267 -41.6728 18.7820 -30.0109 -48.9731 11.1148 -36.5160 -0.2308 -25.7674 -45.3017 29.6181 -32.9166 -45.3107 -16.3156 -39.4725 12.6328 -28.2549 -48.2037 33.9799 -35.3921 -23.9649 -22.8270 -42.5802 21.1148 -30.6376 -48.8728 3.5140 -36.5692 -0.9118 -25.5203 -44.9131 27.7948 -32.3802 -47.4555 -21.6311 -48.7173 -30.5333 20.6774 -42.4234 -22.8210 -23.9649 -35.3921 33.9799 -48.2037 -28.2549 12.6328 -39.4725 -16.3156 -45.3107 -32.9166 29.6181 -45.3017 -25.7674 -0.2308 -36.5160 11.1148 -48.9731 -30.0109 18.7820 -41.6728 -21.2267 -34.3372 -34.5854 34.7255 -47.2445 -27.2706 8.5788 -38.0973 -10.6002 -48.0380 -31.7008 24.9182 -43.7870 -24.2607 -12.8518 -35.9260 29.9357 -48.6299 -28.7923 14.4613 -40.5176
13.8669 -28.5835 -48.5043 31.5548 -35.7908 -15.5972 -23.9582 -43.5375 24.1630 -31.4995 -48.2675 -9.1919 -37.8593 7.7714 -27.0967 -47.0433 34.4100 -34.4073 -36.1505 -20.7949 -41.4305 18.1141 -29.8218 -48.9820 14.7919 -36.4605 -1.6897 -25.5740 -45.0675 28.8898 -32.7311 -45.8928 -15.6864 -39.2843 12.1341 -28.1321 -48.1044 34.3136 -35.3162 -25.0450 -22.7109 -42.5237 20.9147 -30.3055 -48.9458 9.6420 -36.6865 0.2620 -25.6889 -44.9560 28.0062 -32.3285 -47.1630 -12.4171 -40.5230 0.3428 -48.7975 -30.4519 21.0966 -42.5230 -22.7109 -25.0450 -35.3162 34.3136 -48.1044 -28.1321 12.1341 -39.2843 -15.6864 -45.8928 -32.7311 28.8898 -45.0675 -25.5740 -1.6897 -36.4605 14.7919 -48.9820 -29.8218 18.1141 -41.4305 -20.7949 -36.1505 -34.4073 34.4100 -47.0433 -27.0967 7.7714 -37.8593 -9.1919 -48.2675 -31.4995 24.1630 -43.5375 -23.9582 -15.5972 -35.7908 31.5548 -48.5043 -28.5835 13.8669
