0.1307 0.5041 0.1152 0.2106 0.3526 0.1133 0.3847 0.1374 0.1448 0.4950 0.1127 0.2349 0.2913 0.1164 0.4305 0.1293 0.1564 0.4762 0.1112 0.2635 0.2258 0.1209 0.4726 0.1233 0.1704 0.4481 0.1107 0.2967 0.1755 0.1267 0.4989 0.1189 0.1872 0.4099 0.1112 0.3349 0.1516 0.1341 0.5046 0.1156 0.2072 0.3610 0.1129 0.3779 0.1388 0.1433 0.4970 0.1130 0.2309 0.3011 0.1158 0.4236 0.1302 0.1567 0.4082 0.1471 0.1385 0.3779 0.1129 0.3610 0.2072 0.1156 0.5046 0.1341 0.1516 0.3349 0.1112 0.4099 0.1872 0.1189 0.4989 0.1267 0.1755 0.2967 0.1107 0.4481 0.1704 0.1233 0.4726 0.1209 0.2258 0.2635 0.1112 0.4762 0.1564 0.1293 0.4305 0.1164 0.2913 0.2349 0.1127 0.4950 0.1448 0.1374 0.3847 0.1133 0.3526 0.2106 0.1152 0.5041 0.1307
0.5041 0.1143 0.2210 0.3739 0.1168 0.4071 0.1328 0.1515 0.5109 0.1124 0.2480 0.3118 0.1207 0.4541 0.1248 0.1639 0.4928 0.1119 0.2786 0.2426 0.1260 0.4948 0.1197 0.1788 0.4657 0.1123 0.3143 0.1809 0.1324 0.5170 0.1163 0.1968 0.4289 0.1137 0.3549 0.1488 0.1402 0.5207 0.1140 0.2183 0.3811 0.1163 0.4001 0.1343 0.1499 0.5129 0.1125 0.2437 0.3217 0.1201 0.4472 0.1258 0.1619 0.4937 0.1120 0.5093 0.1499 0.1344 0.4001 0.1163 0.3811 0.2183 0.1140 0.5207 0.1402 0.1488 0.3549 0.1137 0.4289 0.1968 0.1163 0.5170 0.1324 0.1809 0.3143 0.1123 0.4657 0.1788 0.1197 0.4948 0.1260 0.2426 0.2786 0.1119 0.4928 0.1639 0.1248 0.4541 0.1207 0.3118 0.2480 0.1124 0.5109 0.1515 0.1328 0.4071 0.1168 0.3739 0.2210 0.1143 0.5041
0.1152 0.2210 0.3707 0.1167 0.4126 0.1314 0.1531 0.5088 0.1119 0.2522 0.3019 0.1211 0.4609 0.1237 0.1659 0.4893 0.1115 0.2836 0.2323 0.1266 0.4995 0.1188 0.1813 0.4609 0.1121 0.3200 0.1740 0.1334 0.5185 0.1156 0.1998 0.4225 0.1137 0.3614 0.1459 0.1415 0.5201 0.1134 0.2218 0.3730 0.1164 0.4071 0.1326 0.1515 0.5109 0.1121 0.2479 0.3119 0.1204 0.4541 0.1247 0.1638 0.4928 0.1098 0.3584 0.1091 0.5110 0.1515 0.1326 0.4071 0.1164 0.3730 0.2218 0.1134 0.5201 0.1415 0.1459 0.3614 0.1137 0.4225 0.1998 0.1156 0.5185 0.1334 0.1740 0.3200 0.1121 0.4609 0.1813 0.1188 0.4995 0.1266 0.2323 0.2836 0.1115 0.4893 0.1659 0.1237 0.4609 0.1211 0.3019 0.2522 0.1119 0.5088 0.1531 0.1314 0.4126 0.1167 0.3707 0.2210 0.1152
0.2106 0.3739 0.1167 0.4148 0.1306 0.1544 0.5069 0.1118 0.2563 0.2921 0.1219 0.4674 0.1229 0.1680 0.4857 0.1115 0.2887 0.2223 0.1276 0.5037 0.1183 0.1838 0.4559 0.1122 0.3258 0.1680 0.1345 0.5196 0.1152 0.2028 0.4159 0.1140 0.3680 0.1434 0.1429 0.5194 0.1132 0.2254 0.3646 0.1169 0.4141 0.1312 0.1532 0.5088 0.1119 0.2521 0.3019 0.1211 0.4608 0.1237 0.1659 0.4894 0.1114 0.2869 0.1381 0.2594 0.1117 0.5088 0.1532 0.1312 0.4141 0.1169 0.3646 0.2254 0.1132 0.5194 0.1429 0.1434 0.3680 0.1140 0.4159 0.2028 0.1152 0.5196 0.1345 0.1680 0.3258 0.1122 0.4559 0.1838 0.1183 0.5037 0.1276 0.2223 0.2887 0.1115 0.4857 0.1680 0.1229 0.4674 0.1219 0.2921 0.2563 0.1118 0.5069 0.1544 0.1306 0.4148 0.1167 0.3739 0.2106
0.3526 0.1168 0.4126 0.1306 0.1548 0.5057 0.1118 0.2597 0.2832 0.1226 0.4733 0.1221 0.1701 0.4819 0.1116 0.2939 0.2125 0.1285 0.5075 0.1177 0.1865 0.4506 0.1124 0.3318 0.1628 0.1357 0.5204 0.1149 0.2059 0.4090 0.1144 0.3746 0.1411 0.1443 0.5184 0.1130 0.2291 0.3559 0.1175 0.4212 0.1299 0.1549 0.5064 0.1118 0.2565 0.2919 0.1219 0.4674 0.1229 0.1680 0.4858 0.1115 0.2886 0.2156 0.1452 0.2753 0.2565 0.1118 0.5064 0.1549 0.1299 0.4212 0.1175 0.3559 0.2291 0.1130 0.5184 0.1443 0.1411 0.3746 0.1144 0.4090 0.2059 0.1149 0.5204 0.1357 0.1628 0.3318 0.1124 0.4506 0.1865 0.1177 0.5075 0.1285 0.2125 0.2939 0.1116 0.4819 0.1701 0.1221 0.4733 0.1226 0.2832 0.2597 0.1118 0.5057 0.1548 0.1306 0.4126 0.1168 0.3526
0.1133 0.4071 0.1314 0.1544 0.5057 0.1118 0.2618 0.2768 0.1231 0.4784 0.1214 0.1722 0.4781 0.1116 0.2991 0.2034 0.1295 0.5106 0.1172 0.1891 0.4451 0.1126 0.3378 0.1583 0.1368 0.5208 0.1145 0.2091 0.4019 0.1147 0.3813 0.1390 0.1457 0.5172 0.1127 0.2329 0.3471 0.1180 0.4282 0.1286 0.1567 0.5039 0.1117 0.2610 0.2816 0.1226 0.4737 0.1221 0.1702 0.4819 0.1116 0.2938 0.2127 0.1293 0.5181 0.1239 0.2816 0.2610 0.1117 0.5039 0.1567 0.1286 0.4282 0.1180 0.3471 0.2329 0.1127 0.5172 0.1457 0.1390 0.3813 0.1147 0.4019 0.2091 0.1145 0.5208 0.1368 0.1583 0.3378 0.1126 0.4451 0.1891 0.1172 0.5106 0.1295 0.2034 0.2991 0.1116 0.4781 0.1722 0.1214 0.4784 0.1231 0.2768 0.2618 0.1118 0.5057 0.1544 0.1314 0.4071 0.1133
0.3847 0.1328 0.1531 0.5069 0.1118 0.2618 0.2745 0.1235 0.4819 0.1209 0.1740 0.4744 0.1117 0.3041 0.1950 0.1305 0.5133 0.1168 0.1918 0.4395 0.1129 0.3439 0.1544 0.1380 0.5210 0.1142 0.2124 0.3944 0.1152 0.3882 0.1371 0.1472 0.5158 0.1125 0.2368 0.3380 0.1186 0.4352 0.1275 0.1585 0.5012 0.1116 0.2656 0.2712 0.1234 0.4798 0.1213 0.1724 0.4779 0.1116 0.2992 0.2033 0.1295 0.5123 0.1068 0.4884 0.1234 0.2711 0.2656 0.1116 0.5012 0.1585 0.1275 0.4352 0.1186 0.3380 0.2368 0.1125 0.5158 0.1472 0.1371 0.3882 0.1152 0.3944 0.2124 0.1142 0.5210 0.1380 0.1544 0.3439 0.1129 0.4395 0.1918 0.1168 0.5133 0.1305 0.1950 0.3041 0.1117 0.4744 0.1740 0.1209 0.4819 0.1235 0.2745 0.2618 0.1118 0.5069 0.1531 0.1328 0.3847
0.1374 0.1515 0.5088 0.1118 0.2597 0.2768 0.1235 0.4832 0.1206 0.1753 0.4715 0.1118 0.3088 0.1876 0.1314 0.5154 0.1163 0.1945 0.4337 0.1131 0.3501 0.1510 0.1392 0.5209 0.1139 0.2158 0.3869 0.1156 0.3951 0.1354 0.1487 0.5142 0.1123 0.2408 0.3286 0.1193 0.4422 0.1264 0.1604 0.4983 0.1116 0.2703 0.2607 0.1242 0.4856 0.1206 0.1747 0.4736 0.1117 0.3045 0.1945 0.1305 0.5133 0.1143 0.2384 0.1162 0.4855 0.1242 0.2607 0.2703 0.1116 0.4983 0.1604 0.1264 0.4422 0.1193 0.3286 0.2408 0.1123 0.5142 0.1487 0.1354 0.3951 0.1156 0.3869 0.2158 0.1139 0.5209 0.1392 0.1510 0.3501 0.1131 0.4337 0.1945 0.1163 0.5154 0.1314 0.1876 0.3088 0.1118 0.4715 0.1753 0.1206 0.4832 0.1235 0.2768 0.2597 0.1118 0.5088 0.1515 0.1374
0.1448 0.5109 0.1119 0.2563 0.2832 0.1231 0.4819 0.1206 0.1758 0.4697 0.1119 0.3125 0.1819 0.1323 0.5171 0.1160 0.1973 0.4278 0.1134 0.3562 0.1481 0.1405 0.5205 0.1137 0.2192 0.3790 0.1161 0.4020 0.1337 0.1503 0.5124 0.1122 0.2449 0.3190 0.1199 0.4491 0.1253 0.1624 0.4952 0.1115 0.2750 0.2502 0.1251 0.4910 0.1199 0.1770 0.4692 0.1118 0.3101 0.1864 0.1316 0.5156 0.1162 0.1968 0.3255 0.1814 0.1197 0.4910 0.1251 0.2502 0.2750 0.1115 0.4952 0.1624 0.1253 0.4491 0.1199 0.3190 0.2449 0.1122 0.5124 0.1503 0.1337 0.4020 0.1161 0.3790 0.2192 0.1137 0.5205 0.1405 0.1481 0.3562 0.1134 0.4278 0.1973 0.1160 0.5171 0.1323 0.1819 0.3125 0.1119 0.4697 0.1758 0.1206 0.4819 0.1231 0.2832 0.2563 0.1119 0.5109 0.1448
0.4950 0.1124 0.2522 0.2921 0.1226 0.4784 0.1209 0.1753 0.4697 0.1119 0.3146 0.1782 0.1330 0.5182 0.1157 0.1998 0.4219 0.1137 0.3624 0.1454 0.1418 0.5200 0.1134 0.2226 0.3711 0.1165 0.4089 0.1323 0.1519 0.5104 0.1120 0.2491 0.3092 0.1206 0.4559 0.1244 0.1644 0.4919 0.1115 0.2799 0.2399 0.1260 0.4960 0.1193 0.1794 0.4645 0.1119 0.3157 0.1790 0.1326 0.5174 0.1159 0.1976 0.4236 0.1201 0.4571 0.1794 0.1193 0.4960 0.1260 0.2399 0.2799 0.1115 0.4919 0.1644 0.1244 0.4559 0.1206 0.3092 0.2491 0.1120 0.5104 0.1519 0.1323 0.4089 0.1165 0.3711 0.2226 0.1134 0.5200 0.1418 0.1454 0.3624 0.1137 0.4219 0.1998 0.1157 0.5182 0.1330 0.1782 0.3146 0.1119 0.4697 0.1753 0.1209 0.4784 0.1226 0.2921 0.2522 0.1124 0.4950
0.1127 0.2480 0.3019 0.1219 0.4733 0.1214 0.1740 0.4715 0.1119 0.3146 0.1770 0.1334 0.5188 0.1154 0.2020 0.4168 0.1140 0.3683 0.1431 0.1430 0.5192 0.1131 0.2261 0.3630 0.1170 0.4156 0.1309 0.1536 0.5083 0.1119 0.2533 0.2993 0.1213 0.4626 0.1235 0.1665 0.4884 0.1115 0.2849 0.2297 0.1269 0.5007 0.1187 0.1819 0.4596 0.1121 0.3215 0.1723 0.1337 0.5188 0.1155 0.2005 0.4209 0.1130 0.4577 0.1107 0.4598 0.1819 0.1187 0.5007 0.1269 0.2297 0.2849 0.1115 0.4884 0.1665 0.1235 0.4626 0.1213 0.2993 0.2533 0.1119 0.5083 0.1536 0.1309 0.4156 0.1170 0.3630 0.2261 0.1131 0.5192 0.1430 0.1431 0.3683 0.1140 0.4168 0.2020 0.1154 0.5188 0.1334 0.1770 0.3146 0.1119 0.4715 0.1740 0.1214 0.4733 0.1219 0.3019 0.2480 0.1127
0.2349 0.3118 0.1211 0.4674 0.1221 0.1722 0.4744 0.1118 0.3125 0.1782 0.1334 0.5190 0.1153 0.2034 0.4127 0.1142 0.3734 0.1412 0.1443 0.5183 0.1129 0.2297 0.3546 0.1176 0.4224 0.1296 0.1552 0.5060 0.1118 0.2575 0.2895 0.1220 0.4690 0.1227 0.1686 0.4847 0.1115 0.2900 0.2197 0.1278 0.5048 0.1181 0.1845 0.4545 0.1123 0.3274 0.1666 0.1348 0.5198 0.1151 0.2036 0.4142 0.1140 0.3735 0.1156 0.3363 0.1121 0.4545 0.1845 0.1181 0.5048 0.1278 0.2197 0.2900 0.1115 0.4847 0.1686 0.1227 0.4690 0.1220 0.2895 0.2575 0.1118 0.5060 0.1552 0.1296 0.4224 0.1176 0.3546 0.2297 0.1129 0.5183 0.1443 0.1412 0.3734 0.1142 0.4127 0.2034 0.1153 0.5190 0.1334 0.1782 0.3125 0.1118 0.4744 0.1722 0.1221 0.4674 0.1211 0.3118 0.2349
0.2913 0.1207 0.4609 0.1229 0.1701 0.4781 0.1117 0.3088 0.1819 0.1330 0.5188 0.1153 0.2039 0.4106 0.1144 0.3772 0.1398 0.1454 0.5173 0.1127 0.2331 0.3463 0.1181 0.4292 0.1285 0.1570 0.5035 0.1117 0.2618 0.2796 0.1228 0.4750 0.1219 0.1707 0.4809 0.1116 0.2952 0.2101 0.1288 0.5083 0.1176 0.1871 0.4492 0.1125 0.3333 0.1615 0.1360 0.5205 0.1148 0.2068 0.4072 0.1145 0.3763 0.1373 0.1708 0.1526 0.3332 0.1125 0.4492 0.1871 0.1176 0.5083 0.1288 0.2101 0.2952 0.1116 0.4809 0.1707 0.1219 0.4750 0.1228 0.2796 0.2618 0.1117 0.5035 0.1570 0.1285 0.4292 0.1181 0.3463 0.2331 0.1127 0.5173 0.1454 0.1398 0.3772 0.1144 0.4106 0.2039 0.1153 0.5188 0.1330 0.1819 0.3088 0.1117 0.4781 0.1701 0.1229 0.4609 0.1207 0.2913
0.1164 0.4541 0.1237 0.1680 0.4819 0.1116 0.3041 0.1876 0.1323 0.5182 0.1154 0.2034 0.4106 0.1145 0.3794 0.1389 0.1462 0.5164 0.1126 0.2362 0.3385 0.1187 0.4357 0.1274 0.1587 0.5009 0.1116 0.2662 0.2696 0.1236 0.4808 0.1212 0.1728 0.4770 0.1116 0.3004 0.2011 0.1297 0.5113 0.1171 0.1898 0.4437 0.1127 0.3394 0.1572 0.1371 0.5209 0.1145 0.2100 0.4000 0.1148 0.3831 0.1384 0.1473 0.4798 0.1395 0.1571 0.3394 0.1127 0.4437 0.1898 0.1171 0.5113 0.1297 0.2011 0.3004 0.1116 0.4770 0.1728 0.1212 0.4808 0.1236 0.2696 0.2662 0.1116 0.5009 0.1587 0.1274 0.4357 0.1187 0.3385 0.2362 0.1126 0.5164 0.1462 0.1389 0.3794 0.1145 0.4106 0.2034 0.1154 0.5182 0.1323 0.1876 0.3041 0.1116 0.4819 0.1680 0.1237 0.4541 0.1164
0.4305 0.1248 0.1659 0.4857 0.1116 0.2991 0.1950 0.1314 0.5171 0.1157 0.2020 0.4127 0.1144 0.3794 0.1386 0.1467 0.5158 0.1125 0.2388 0.3317 0.1192 0.4416 0.1264 0.1605 0.4981 0.1116 0.2707 0.2595 0.1244 0.4864 0.1205 0.1751 0.4729 0.1117 0.3056 0.1928 0.1307 0.5139 0.1167 0.1925 0.4380 0.1129 0.3455 0.1535 0.1383 0.5210 0.1142 0.2133 0.3926 0.1153 0.3899 0.1366 0.1476 0.5144 0.1086 0.5207 0.1383 0.1535 0.3455 0.1129 0.4380 0.1925 0.1167 0.5139 0.1307 0.1928 0.3056 0.1117 0.4729 0.1751 0.1205 0.4864 0.1244 0.2595 0.2707 0.1116 0.4981 0.1605 0.1264 0.4416 0.1192 0.3317 0.2388 0.1125 0.5158 0.1467 0.1386 0.3794 0.1144 0.4127 0.2020 0.1157 0.5171 0.1314 0.1950 0.2991 0.1116 0.4857 0.1659 0.1248 0.4305
0.1293 0.1639 0.4893 0.1115 0.2939 0.2034 0.1305 0.5154 0.1160 0.1998 0.4168 0.1142 0.3772 0.1389 0.1467 0.5155 0.1124 0.2405 0.3266 0.1196 0.4465 0.1256 0.1621 0.4954 0.1115 0.2753 0.2495 0.1252 0.4916 0.1198 0.1773 0.4686 0.1118 0.3110 0.1851 0.1317 0.5159 0.1162 0.1952 0.4322 0.1132 0.3516 0.1502 0.1396 0.5208 0.1139 0.2167 0.3848 0.1157 0.3969 0.1349 0.1492 0.5137 0.1102 0.3076 0.1103 0.5208 0.1396 0.1502 0.3516 0.1132 0.4322 0.1952 0.1162 0.5159 0.1317 0.1851 0.3110 0.1118 0.4686 0.1773 0.1198 0.4916 0.1252 0.2495 0.2753 0.1115 0.4954 0.1621 0.1256 0.4465 0.1196 0.3266 0.2405 0.1124 0.5155 0.1467 0.1389 0.3772 0.1142 0.4168 0.1998 0.1160 0.5154 0.1305 0.2034 0.2939 0.1115 0.4893 0.1639 0.1293
0.1564 0.4928 0.1115 0.2887 0.2125 0.1295 0.5133 0.1163 0.1973 0.4219 0.1140 0.3734 0.1398 0.1462 0.5158 0.1124 0.2411 0.3238 0.1198 0.4501 0.1250 0.1635 0.4929 0.1115 0.2796 0.2399 0.1260 0.4964 0.1192 0.1797 0.4640 0.1120 0.3164 0.1780 0.1328 0.5176 0.1158 0.1980 0.4262 0.1135 0.3578 0.1474 0.1408 0.5204 0.1136 0.2201 0.3769 0.1162 0.4038 0.1333 0.1507 0.5118 0.1120 0.2488 0.1779 0.2261 0.1134 0.5204 0.1408 0.1474 0.3578 0.1135 0.4262 0.1980 0.1158 0.5176 0.1328 0.1780 0.3164 0.1120 0.4640 0.1797 0.1192 0.4964 0.1260 0.2399 0.2796 0.1115 0.4929 0.1635 0.1250 0.4501 0.1198 0.3238 0.2411 0.1124 0.5158 0.1462 0.1398 0.3734 0.1140 0.4219 0.1973 0.1163 0.5133 0.1295 0.2125 0.2887 0.1115 0.4928 0.1564
0.4762 0.1119 0.2836 0.2223 0.1285 0.5106 0.1168 0.1945 0.4278 0.1137 0.3683 0.1412 0.1454 0.5164 0.1125 0.2405 0.3238 0.1199 0.4521 0.1246 0.1646 0.4908 0.1115 0.2834 0.2316 0.1268 0.5005 0.1187 0.1820 0.4593 0.1121 0.3220 0.1718 0.1338 0.5189 0.1155 0.2009 0.4200 0.1138 0.3641 0.1448 0.1421 0.5198 0.1133 0.2235 0.3690 0.1167 0.4106 0.1319 0.1524 0.5098 0.1120 0.2501 0.3005 0.1345 0.3558 0.2235 0.1133 0.5198 0.1421 0.1448 0.3641 0.1138 0.4200 0.2009 0.1155 0.5189 0.1338 0.1718 0.3220 0.1121 0.4593 0.1820 0.1187 0.5005 0.1268 0.2316 0.2834 0.1115 0.4908 0.1646 0.1246 0.4521 0.1199 0.3238 0.2405 0.1125 0.5164 0.1454 0.1412 0.3683 0.1137 0.4278 0.1945 0.1168 0.5106 0.1285 0.2223 0.2836 0.1119 0.4762
0.1112 0.2786 0.2323 0.1276 0.5075 0.1172 0.1918 0.4337 0.1134 0.3624 0.1431 0.1443 0.5173 0.1126 0.2388 0.3266 0.1198 0.4521 0.1245 0.1651 0.4894 0.1115 0.2864 0.2248 0.1275 0.5039 0.1182 0.1843 0.4546 0.1123 0.3276 0.1663 0.1349 0.5199 0.1151 0.2039 0.4135 0.1141 0.3704 0.1425 0.1434 0.5190 0.1131 0.2270 0.3608 0.1172 0.4174 0.1306 0.1540 0.5077 0.1119 0.2543 0.2968 0.1218 0.5195 0.1176 0.3609 0.2270 0.1131 0.5190 0.1434 0.1425 0.3704 0.1141 0.4135 0.2039 0.1151 0.5199 0.1349 0.1663 0.3276 0.1123 0.4546 0.1843 0.1182 0.5039 0.1275 0.2248 0.2864 0.1115 0.4894 0.1651 0.1245 0.4521 0.1198 0.3266 0.2388 0.1126 0.5173 0.1443 0.1431 0.3624 0.1134 0.4337 0.1918 0.1172 0.5075 0.1276 0.2323 0.2786 0.1112
0.2635 0.2426 0.1266 0.5037 0.1177 0.1891 0.4395 0.1131 0.3562 0.1454 0.1430 0.5183 0.1127 0.2362 0.3317 0.1196 0.4501 0.1246 0.1651 0.4890 0.1115 0.2883 0.2200 0.1280 0.5064 0.1178 0.1864 0.4501 0.1125 0.3331 0.1616 0.1360 0.5205 0.1148 0.2069 0.4068 0.1145 0.3769 0.1403 0.1448 0.5179 0.1129 0.2306 0.3524 0.1177 0.4242 0.1293 0.1557 0.5054 0.1118 0.2586 0.2869 0.1222 0.4743 0.1079 0.4348 0.1176 0.3524 0.2306 0.1129 0.5179 0.1448 0.1403 0.3769 0.1145 0.4068 0.2069 0.1148 0.5205 0.1360 0.1616 0.3331 0.1125 0.4501 0.1864 0.1178 0.5064 0.1280 0.2200 0.2883 0.1115 0.4890 0.1651 0.1246 0.4501 0.1196 0.3317 0.2362 0.1127 0.5183 0.1430 0.1454 0.3562 0.1131 0.4395 0.1891 0.1177 0.5037 0.1266 0.2426 0.2635
0.2258 0.1260 0.4995 0.1183 0.1865 0.4451 0.1129 0.3501 0.1481 0.1418 0.5192 0.1129 0.2331 0.3385 0.1192 0.4465 0.1250 0.1646 0.4894 0.1115 0.2889 0.2176 0.1284 0.5080 0.1175 0.1881 0.4461 0.1126 0.3381 0.1577 0.1370 0.5209 0.1145 0.2100 0.3999 0.1149 0.3834 0.1384 0.1462 0.5167 0.1127 0.2343 0.3438 0.1183 0.4309 0.1282 0.1574 0.5029 0.1117 0.2629 0.2770 0.1230 0.4765 0.1190 0.2091 0.1231 0.4308 0.1183 0.3438 0.2343 0.1127 0.5167 0.1462 0.1384 0.3834 0.1149 0.3999 0.2100 0.1145 0.5209 0.1370 0.1577 0.3381 0.1126 0.4461 0.1881 0.1175 0.5080 0.1284 0.2176 0.2889 0.1115 0.4894 0.1646 0.1250 0.4465 0.1192 0.3385 0.2331 0.1129 0.5192 0.1418 0.1481 0.3501 0.1129 0.4451 0.1865 0.1183 0.4995 0.1260 0.2258
0.1209 0.4948 0.1188 0.1838 0.4506 0.1126 0.3439 0.1510 0.1405 0.5200 0.1131 0.2297 0.3463 0.1187 0.4416 0.1256 0.1635 0.4908 0.1115 0.2883 0.2176 0.1285 0.5089 0.1173 0.1894 0.4430 0.1128 0.3426 0.1547 0.1380 0.5210 0.1142 0.2131 0.3927 0.1153 0.3900 0.1366 0.1476 0.5153 0.1125 0.2381 0.3349 0.1189 0.4377 0.1271 0.1592 0.5002 0.1116 0.2674 0.2670 0.1238 0.4823 0.1209 0.1752 0.3965 0.1629 0.1269 0.4377 0.1189 0.3349 0.2381 0.1125 0.5153 0.1476 0.1366 0.3900 0.1153 0.3927 0.2131 0.1142 0.5210 0.1380 0.1547 0.3426 0.1128 0.4430 0.1894 0.1173 0.5089 0.1285 0.2176 0.2883 0.1115 0.4908 0.1635 0.1256 0.4416 0.1187 0.3463 0.2297 0.1131 0.5200 0.1405 0.1510 0.3439 0.1126 0.4506 0.1838 0.1188 0.4948 0.1209
0.4726 0.1197 0.1813 0.4559 0.1124 0.3378 0.1544 0.1392 0.5205 0.1134 0.2261 0.3546 0.1181 0.4357 0.1264 0.1621 0.4929 0.1115 0.2864 0.2200 0.1284 0.5089 0.1173 0.1901 0.4409 0.1129 0.3460 0.1524 0.1389 0.5209 0.1139 0.2161 0.3856 0.1157 0.3965 0.1350 0.1491 0.5137 0.1123 0.2419 0.3258 0.1195 0.4444 0.1261 0.1611 0.4973 0.1116 0.2719 0.2569 0.1246 0.4877 0.1203 0.1756 0.4691 0.1145 0.4924 0.1611 0.1261 0.4444 0.1195 0.3258 0.2419 0.1123 0.5137 0.1491 0.1350 0.3965 0.1157 0.3856 0.2161 0.1139 0.5209 0.1389 0.1524 0.3460 0.1129 0.4409 0.1901 0.1173 0.5089 0.1284 0.2200 0.2864 0.1115 0.4929 0.1621 0.1264 0.4357 0.1181 0.3546 0.2261 0.1134 0.5205 0.1392 0.1544 0.3378 0.1124 0.4559 0.1813 0.1197 0.4726
0.1233 0.1788 0.4609 0.1122 0.3318 0.1583 0.1380 0.5209 0.1137 0.2226 0.3630 0.1176 0.4292 0.1274 0.1605 0.4954 0.1115 0.2834 0.2248 0.1280 0.5080 0.1173 0.1901 0.4402 0.1130 0.3482 0.1510 0.1396 0.5207 0.1137 0.2187 0.3792 0.1161 0.4028 0.1335 0.1507 0.5119 0.1121 0.2459 0.3165 0.1201 0.4510 0.1251 0.1629 0.4943 0.1115 0.2766 0.2469 0.1254 0.4928 0.1197 0.1779 0.4674 0.1106 0.3996 0.1092 0.4943 0.1629 0.1251 0.4510 0.1201 0.3165 0.2459 0.1121 0.5119 0.1507 0.1335 0.4028 0.1161 0.3792 0.2187 0.1137 0.5207 0.1396 0.1510 0.3482 0.1130 0.4402 0.1901 0.1173 0.5080 0.1280 0.2248 0.2834 0.1115 0.4954 0.1605 0.1274 0.4292 0.1176 0.3630 0.2226 0.1137 0.5209 0.1380 0.1583 0.3318 0.1122 0.4609 0.1788 0.1233
0.1704 0.4657 0.1121 0.3258 0.1628 0.1368 0.5210 0.1139 0.2192 0.3711 0.1170 0.4224 0.1285 0.1587 0.4981 0.1115 0.2796 0.2316 0.1275 0.5064 0.1175 0.1894 0.4409 0.1130 0.3489 0.1502 0.1400 0.5206 0.1136 0.2209 0.3736 0.1165 0.4083 0.1322 0.1521 0.5100 0.1120 0.2499 0.3070 0.1208 0.4575 0.1242 0.1649 0.4910 0.1115 0.2813 0.2370 0.1262 0.4975 0.1191 0.1803 0.4628 0.1119 0.3212 0.1255 0.2892 0.1113 0.4910 0.1649 0.1242 0.4575 0.1208 0.3070 0.2499 0.1120 0.5100 0.1521 0.1322 0.4083 0.1165 0.3736 0.2209 0.1136 0.5206 0.1400 0.1502 0.3489 0.1130 0.4409 0.1894 0.1175 0.5064 0.1275 0.2316 0.2796 0.1115 0.4981 0.1587 0.1285 0.4224 0.1170 0.3711 0.2192 0.1139 0.5210 0.1368 0.1628 0.3258 0.1121 0.4657 0.1704
0.4481 0.1123 0.3200 0.1680 0.1357 0.5208 0.1142 0.2158 0.3790 0.1165 0.4156 0.1296 0.1570 0.5009 0.1116 0.2753 0.2399 0.1268 0.5039 0.1178 0.1881 0.4430 0.1129 0.3482 0.1502 0.1402 0.5204 0.1135 0.2224 0.3691 0.1168 0.4132 0.1312 0.1534 0.5082 0.1119 0.2539 0.2975 0.1215 0.4639 0.1233 0.1669 0.4876 0.1115 0.2861 0.2272 0.1271 0.5018 0.1185 0.1827 0.4581 0.1122 0.3234 0.1655 0.1550 0.2108 0.2861 0.1115 0.4876 0.1669 0.1233 0.4639 0.1215 0.2975 0.2539 0.1119 0.5082 0.1534 0.1312 0.4132 0.1168 0.3691 0.2224 0.1135 0.5204 0.1402 0.1502 0.3482 0.1129 0.4430 0.1881 0.1178 0.5039 0.1268 0.2399 0.2753 0.1116 0.5009 0.1570 0.1296 0.4156 0.1165 0.3790 0.2158 0.1142 0.5208 0.1357 0.1680 0.3200 0.1123 0.4481
0.1107 0.3143 0.1740 0.1345 0.5204 0.1145 0.2124 0.3869 0.1161 0.4089 0.1309 0.1552 0.5035 0.1116 0.2707 0.2495 0.1260 0.5005 0.1182 0.1864 0.4461 0.1128 0.3460 0.1510 0.1400 0.5204 0.1135 0.2232 0.3664 0.1170 0.4169 0.1304 0.1546 0.5065 0.1118 0.2575 0.2885 0.1222 0.4701 0.1225 0.1689 0.4840 0.1115 0.2911 0.2176 0.1280 0.5057 0.1180 0.1852 0.4531 0.1123 0.3291 0.1650 0.1361 0.5069 0.1299 0.2176 0.2911 0.1115 0.4840 0.1689 0.1225 0.4701 0.1222 0.2885 0.2575 0.1118 0.5065 0.1546 0.1304 0.4169 0.1170 0.3664 0.2232 0.1135 0.5204 0.1400 0.1510 0.3460 0.1128 0.4461 0.1864 0.1182 0.5005 0.1260 0.2495 0.2707 0.1116 0.5035 0.1552 0.1309 0.4089 0.1161 0.3869 0.2124 0.1145 0.5204 0.1345 0.1740 0.3143 0.1107
0.2967 0.1809 0.1334 0.5196 0.1149 0.2091 0.3944 0.1156 0.4020 0.1323 0.1536 0.5060 0.1117 0.2662 0.2595 0.1252 0.4964 0.1187 0.1843 0.4501 0.1126 0.3426 0.1524 0.1396 0.5206 0.1135 0.2232 0.3654 0.1171 0.4193 0.1298 0.1556 0.5050 0.1117 0.2607 0.2806 0.1228 0.4756 0.1218 0.1710 0.4803 0.1116 0.2962 0.2084 0.1290 0.5090 0.1175 0.1877 0.4479 0.1125 0.3349 0.1604 0.1363 0.5209 0.1071 0.5134 0.1290 0.2084 0.2962 0.1116 0.4803 0.1710 0.1218 0.4756 0.1228 0.2806 0.2607 0.1117 0.5050 0.1556 0.1298 0.4193 0.1171 0.3654 0.2232 0.1135 0.5206 0.1396 0.1524 0.3426 0.1126 0.4501 0.1843 0.1187 0.4964 0.1252 0.2595 0.2662 0.1117 0.5060 0.1536 0.1323 0.4020 0.1156 0.3944 0.2091 0.1149 0.5196 0.1334 0.1809 0.2967
0.1755 0.1324 0.5185 0.1152 0.2059 0.4019 0.1152 0.3951 0.1337 0.1519 0.5083 0.1118 0.2618 0.2696 0.1244 0.4916 0.1192 0.1820 0.4546 0.1125 0.3381 0.1547 0.1389 0.5207 0.1136 0.2224 0.3664 0.1171 0.4200 0.1295 0.1562 0.5038 0.1117 0.2635 0.2737 0.1234 0.4802 0.1212 0.1730 0.4765 0.1117 0.3013 0.1996 0.1299 0.5119 0.1170 0.1903 0.4425 0.1127 0.3408 0.1563 0.1374 0.5209 0.1121 0.2649 0.1130 0.5119 0.1299 0.1996 0.3013 0.1117 0.4765 0.1730 0.1212 0.4802 0.1234 0.2737 0.2635 0.1117 0.5038 0.1562 0.1295 0.4200 0.1171 0.3664 0.2224 0.1136 0.5207 0.1389 0.1547 0.3381 0.1125 0.4546 0.1820 0.1192 0.4916 0.1244 0.2696 0.2618 0.1118 0.5083 0.1519 0.1337 0.3951 0.1152 0.4019 0.2059 0.1152 0.5185 0.1324 0.1755
0.1267 0.5170 0.1156 0.2028 0.4090 0.1147 0.3882 0.1354 0.1503 0.5104 0.1119 0.2575 0.2796 0.1236 0.4864 0.1198 0.1797 0.4593 0.1123 0.3331 0.1577 0.1380 0.5209 0.1137 0.2209 0.3691 0.1170 0.4193 0.1295 0.1564 0.5033 0.1117 0.2655 0.2683 0.1238 0.4840 0.1207 0.1748 0.4729 0.1117 0.3063 0.1915 0.1309 0.5143 0.1166 0.1930 0.4369 0.1130 0.3467 0.1528 0.1386 0.5210 0.1140 0.2165 0.2617 0.1982 0.1164 0.5143 0.1309 0.1915 0.3063 0.1117 0.4729 0.1748 0.1207 0.4840 0.1238 0.2683 0.2655 0.1117 0.5033 0.1564 0.1295 0.4193 0.1170 0.3691 0.2209 0.1137 0.5209 0.1380 0.1577 0.3331 0.1123 0.4593 0.1797 0.1198 0.4864 0.1236 0.2796 0.2575 0.1119 0.5104 0.1503 0.1354 0.3882 0.1147 0.4090 0.2028 0.1156 0.5170 0.1267
0.4989 0.1163 0.1998 0.4159 0.1144 0.3813 0.1371 0.1487 0.5124 0.1120 0.2533 0.2895 0.1228 0.4808 0.1205 0.1773 0.4640 0.1121 0.3276 0.1616 0.1370 0.5210 0.1139 0.2187 0.3736 0.1168 0.4169 0.1298 0.1562 0.5033 0.1117 0.2665 0.2648 0.1242 0.4869 0.1203 0.1763 0.4698 0.1118 0.3108 0.1846 0.1318 0.5162 0.1162 0.1958 0.4311 0.1133 0.3528 0.1496 0.1398 0.5208 0.1138 0.2173 0.3785 0.1254 0.4213 0.1958 0.1162 0.5162 0.1318 0.1846 0.3108 0.1118 0.4698 0.1763 0.1203 0.4869 0.1242 0.2648 0.2665 0.1117 0.5033 0.1562 0.1298 0.4169 0.1168 0.3736 0.2187 0.1139 0.5210 0.1370 0.1616 0.3276 0.1121 0.4640 0.1773 0.1205 0.4808 0.1228 0.2895 0.2533 0.1120 0.5124 0.1487 0.1371 0.3813 0.1144 0.4159 0.1998 0.1163 0.4989
0.1189 0.1968 0.4225 0.1140 0.3746 0.1390 0.1472 0.5142 0.1122 0.2491 0.2993 0.1220 0.4750 0.1212 0.1751 0.4686 0.1120 0.3220 0.1663 0.1360 0.5209 0.1142 0.2161 0.3792 0.1165 0.4132 0.1304 0.1556 0.5038 0.1117 0.2665 0.2637 0.1244 0.4887 0.1200 0.1775 0.4672 0.1119 0.3147 0.1792 0.1327 0.5177 0.1158 0.1985 0.4251 0.1135 0.3590 0.1468 0.1410 0.5203 0.1135 0.2206 0.3756 0.1160 0.4947 0.1129 0.4251 0.1985 0.1158 0.5177 0.1327 0.1792 0.3147 0.1119 0.4672 0.1775 0.1200 0.4887 0.1244 0.2637 0.2665 0.1117 0.5038 0.1556 0.1304 0.4132 0.1165 0.3792 0.2161 0.1142 0.5209 0.1360 0.1663 0.3220 0.1120 0.4686 0.1751 0.1212 0.4750 0.1220 0.2993 0.2491 0.1122 0.5142 0.1472 0.1390 0.3746 0.1140 0.4225 0.1968 0.1189
0.1872 0.4289 0.1137 0.3680 0.1411 0.1457 0.5158 0.1123 0.2449 0.3092 0.1213 0.4690 0.1219 0.1728 0.4729 0.1118 0.3164 0.1718 0.1349 0.5205 0.1145 0.2131 0.3856 0.1161 0.4083 0.1312 0.1546 0.5050 0.1117 0.2655 0.2648 0.1244 0.4893 0.1198 0.1783 0.4651 0.1120 0.3180 0.1749 0.1334 0.5187 0.1155 0.2009 0.4193 0.1138 0.3652 0.1443 0.1423 0.5197 0.1133 0.2241 0.3676 0.1167 0.4160 0.1113 0.3753 0.1137 0.4193 0.2009 0.1155 0.5187 0.1334 0.1749 0.3180 0.1120 0.4651 0.1783 0.1198 0.4893 0.1244 0.2648 0.2655 0.1117 0.5050 0.1546 0.1312 0.4083 0.1161 0.3856 0.2131 0.1145 0.5205 0.1349 0.1718 0.3164 0.1118 0.4729 0.1728 0.1219 0.4690 0.1213 0.3092 0.2449 0.1123 0.5158 0.1457 0.1411 0.3680 0.1137 0.4289 0.1872
0.4099 0.1137 0.3614 0.1434 0.1443 0.5172 0.1125 0.2408 0.3190 0.1206 0.4626 0.1227 0.1707 0.4770 0.1117 0.3110 0.1780 0.1338 0.5199 0.1148 0.2100 0.3927 0.1157 0.4028 0.1322 0.1534 0.5065 0.1117 0.2635 0.2683 0.1242 0.4887 0.1198 0.1786 0.4641 0.1120 0.3205 0.1717 0.1341 0.5194 0.1153 0.2032 0.4142 0.1141 0.3710 0.1421 0.1436 0.5188 0.1130 0.2276 0.3594 0.1173 0.4185 0.1274 0.1849 0.1358 0.3709 0.1141 0.4142 0.2032 0.1153 0.5194 0.1341 0.1717 0.3205 0.1120 0.4641 0.1786 0.1198 0.4887 0.1242 0.2683 0.2635 0.1117 0.5065 0.1534 0.1322 0.4028 0.1157 0.3927 0.2100 0.1148 0.5199 0.1338 0.1780 0.3110 0.1117 0.4770 0.1707 0.1227 0.4626 0.1206 0.3190 0.2408 0.1125 0.5172 0.1443 0.1434 0.3614 0.1137 0.4099
0.1112 0.3549 0.1459 0.1429 0.5184 0.1127 0.2368 0.3286 0.1199 0.4559 0.1235 0.1686 0.4809 0.1116 0.3056 0.1851 0.1328 0.5189 0.1151 0.2069 0.3999 0.1153 0.3965 0.1335 0.1521 0.5082 0.1118 0.2607 0.2737 0.1238 0.4869 0.1200 0.1783 0.4641 0.1120 0.3217 0.1697 0.1346 0.5199 0.1150 0.2051 0.4095 0.1144 0.3762 0.1403 0.1449 0.5178 0.1128 0.2312 0.3509 0.1178 0.4254 0.1290 0.1575 0.4514 0.1478 0.1402 0.3762 0.1144 0.4095 0.2051 0.1150 0.5199 0.1346 0.1697 0.3217 0.1120 0.4641 0.1783 0.1200 0.4869 0.1238 0.2737 0.2607 0.1118 0.5082 0.1521 0.1335 0.3965 0.1153 0.3999 0.2069 0.1151 0.5189 0.1328 0.1851 0.3056 0.1116 0.4809 0.1686 0.1235 0.4559 0.1199 0.3286 0.2368 0.1127 0.5184 0.1429 0.1459 0.3549 0.1112
0.3349 0.1488 0.1415 0.5194 0.1130 0.2329 0.3380 0.1193 0.4491 0.1244 0.1665 0.4847 0.1116 0.3004 0.1928 0.1317 0.5176 0.1155 0.2039 0.4068 0.1149 0.3900 0.1350 0.1507 0.5100 0.1119 0.2575 0.2806 0.1234 0.4840 0.1203 0.1775 0.4651 0.1120 0.3217 0.1691 0.1348 0.5201 0.1149 0.2068 0.4054 0.1146 0.3806 0.1389 0.1460 0.5167 0.1126 0.2348 0.3424 0.1184 0.4321 0.1280 0.1578 0.5007 0.1105 0.5144 0.1460 0.1389 0.3806 0.1146 0.4054 0.2068 0.1149 0.5201 0.1348 0.1691 0.3217 0.1120 0.4651 0.1775 0.1203 0.4840 0.1234 0.2806 0.2575 0.1119 0.5100 0.1507 0.1350 0.3900 0.1149 0.4068 0.2039 0.1155 0.5176 0.1317 0.1928 0.3004 0.1116 0.4847 0.1665 0.1244 0.4491 0.1193 0.3380 0.2329 0.1130 0.5194 0.1415 0.1488 0.3349
0.1516 0.1402 0.5201 0.1132 0.2291 0.3471 0.1186 0.4422 0.1253 0.1644 0.4884 0.1115 0.2952 0.2011 0.1307 0.5159 0.1158 0.2009 0.4135 0.1145 0.3834 0.1366 0.1491 0.5119 0.1120 0.2539 0.2885 0.1228 0.4802 0.1207 0.1763 0.4672 0.1120 0.3205 0.1697 0.1348 0.5202 0.1148 0.2078 0.4024 0.1148 0.3845 0.1377 0.1470 0.5157 0.1125 0.2380 0.3343 0.1189 0.4388 0.1269 0.1596 0.4996 0.1098 0.3423 0.1093 0.5157 0.1470 0.1377 0.3845 0.1148 0.4024 0.2078 0.1148 0.5202 0.1348 0.1697 0.3205 0.1120 0.4672 0.1763 0.1207 0.4802 0.1228 0.2885 0.2539 0.1120 0.5119 0.1491 0.1366 0.3834 0.1145 0.4135 0.2009 0.1158 0.5159 0.1307 0.2011 0.2952 0.1115 0.4884 0.1644 0.1253 0.4422 0.1186 0.3471 0.2291 0.1132 0.5201 0.1402 0.1516
0.1341 0.5207 0.1134 0.2254 0.3559 0.1180 0.4352 0.1264 0.1624 0.4919 0.1115 0.2900 0.2101 0.1297 0.5139 0.1162 0.1980 0.4200 0.1141 0.3769 0.1384 0.1476 0.5137 0.1121 0.2499 0.2975 0.1222 0.4756 0.1212 0.1748 0.4698 0.1119 0.3180 0.1717 0.1346 0.5201 0.1148 0.2082 0.4008 0.1150 0.3874 0.1368 0.1478 0.5148 0.1124 0.2409 0.3270 0.1195 0.4449 0.1259 0.1614 0.4967 0.1115 0.2758 0.1458 0.2476 0.1122 0.5148 0.1478 0.1368 0.3874 0.1150 0.4008 0.2082 0.1148 0.5201 0.1346 0.1717 0.3180 0.1119 0.4698 0.1748 0.1212 0.4756 0.1222 0.2975 0.2499 0.1121 0.5137 0.1476 0.1384 0.3769 0.1141 0.4200 0.1980 0.1162 0.5139 0.1297 0.2101 0.2900 0.1115 0.4919 0.1624 0.1264 0.4352 0.1180 0.3559 0.2254 0.1134 0.5207 0.1341
0.5046 0.1140 0.2218 0.3646 0.1175 0.4282 0.1275 0.1604 0.4952 0.1115 0.2849 0.2197 0.1288 0.5113 0.1167 0.1952 0.4262 0.1138 0.3704 0.1403 0.1462 0.5153 0.1123 0.2459 0.3070 0.1215 0.4701 0.1218 0.1730 0.4729 0.1118 0.3147 0.1749 0.1341 0.5199 0.1149 0.2078 0.4008 0.1150 0.3889 0.1362 0.1485 0.5139 0.1123 0.2433 0.3207 0.1199 0.4501 0.1251 0.1631 0.4938 0.1115 0.2774 0.2384 0.1417 0.3049 0.2433 0.1123 0.5139 0.1485 0.1362 0.3889 0.1150 0.4008 0.2078 0.1149 0.5199 0.1341 0.1749 0.3147 0.1118 0.4729 0.1730 0.1218 0.4701 0.1215 0.3070 0.2459 0.1123 0.5153 0.1462 0.1403 0.3704 0.1138 0.4262 0.1952 0.1167 0.5113 0.1288 0.2197 0.2849 0.1115 0.4952 0.1604 0.1275 0.4282 0.1175 0.3646 0.2218 0.1140 0.5046
0.1156 0.2183 0.3730 0.1169 0.4212 0.1286 0.1585 0.4983 0.1115 0.2799 0.2297 0.1278 0.5083 0.1171 0.1925 0.4322 0.1135 0.3641 0.1425 0.1448 0.5167 0.1125 0.2419 0.3165 0.1208 0.4639 0.1225 0.1710 0.4765 0.1117 0.3108 0.1792 0.1334 0.5194 0.1150 0.2068 0.4024 0.1150 0.3889 0.1360 0.1489 0.5133 0.1122 0.2453 0.3155 0.1203 0.4544 0.1244 0.1646 0.4911 0.1115 0.2818 0.2354 0.1271 0.5204 0.1214 0.3156 0.2453 0.1122 0.5133 0.1489 0.1360 0.3889 0.1150 0.4024 0.2068 0.1150 0.5194 0.1334 0.1792 0.3108 0.1117 0.4765 0.1710 0.1225 0.4639 0.1208 0.3165 0.2419 0.1125 0.5167 0.1448 0.1425 0.3641 0.1135 0.4322 0.1925 0.1171 0.5083 0.1278 0.2297 0.2799 0.1115 0.4983 0.1585 0.1286 0.4212 0.1169 0.3730 0.2183 0.1156
0.2072 0.3811 0.1164 0.4141 0.1299 0.1567 0.5012 0.1116 0.2750 0.2399 0.1269 0.5048 0.1176 0.1898 0.4380 0.1132 0.3578 0.1448 0.1434 0.5179 0.1127 0.2381 0.3258 0.1201 0.4575 0.1233 0.1689 0.4803 0.1117 0.3063 0.1846 0.1327 0.5187 0.1153 0.2051 0.4054 0.1148 0.3874 0.1362 0.1489 0.5131 0.1122 0.2466 0.3115 0.1207 0.4579 0.1239 0.1659 0.4887 0.1115 0.2859 0.2269 0.1272 0.5047 0.1070 0.4687 0.1206 0.3115 0.2466 0.1122 0.5131 0.1489 0.1362 0.3874 0.1148 0.4054 0.2051 0.1153 0.5187 0.1327 0.1846 0.3063 0.1117 0.4803 0.1689 0.1233 0.4575 0.1201 0.3258 0.2381 0.1127 0.5179 0.1434 0.1448 0.3578 0.1132 0.4380 0.1898 0.1176 0.5048 0.1269 0.2399 0.2750 0.1116 0.5012 0.1567 0.1299 0.4141 0.1164 0.3811 0.2072
0.3610 0.1163 0.4071 0.1312 0.1549 0.5039 0.1116 0.2703 0.2502 0.1260 0.5007 0.1181 0.1871 0.4437 0.1129 0.3516 0.1474 0.1421 0.5190 0.1129 0.2343 0.3349 0.1195 0.4510 0.1242 0.1669 0.4840 0.1116 0.3013 0.1915 0.1318 0.5177 0.1155 0.2032 0.4095 0.1146 0.3845 0.1368 0.1485 0.5133 0.1122 0.2471 0.3094 0.1209 0.4606 0.1235 0.1670 0.4866 0.1115 0.2894 0.2194 0.1280 0.5057 0.1155 0.2276 0.1186 0.4606 0.1209 0.3094 0.2471 0.1122 0.5133 0.1485 0.1368 0.3845 0.1146 0.4095 0.2032 0.1155 0.5177 0.1318 0.1915 0.3013 0.1116 0.4840 0.1669 0.1242 0.4510 0.1195 0.3349 0.2343 0.1129 0.5190 0.1421 0.1474 0.3516 0.1129 0.4437 0.1871 0.1181 0.5007 0.1260 0.2502 0.2703 0.1116 0.5039 0.1549 0.1312 0.4071 0.1163 0.3610
0.1129 0.4001 0.1326 0.1532 0.5064 0.1117 0.2656 0.2607 0.1251 0.4960 0.1187 0.1845 0.4492 0.1127 0.3455 0.1502 0.1408 0.5198 0.1131 0.2306 0.3438 0.1189 0.4444 0.1251 0.1649 0.4876 0.1115 0.2962 0.1996 0.1309 0.5162 0.1158 0.2009 0.4142 0.1144 0.3806 0.1377 0.1478 0.5139 0.1122 0.2466 0.3094 0.1210 0.4621 0.1231 0.1679 0.4849 0.1116 0.2925 0.2131 0.1286 0.5083 0.1175 0.1897 0.3535 0.1723 0.1230 0.4621 0.1209 0.3094 0.2466 0.1122 0.5139 0.1478 0.1377 0.3806 0.1144 0.4142 0.2009 0.1158 0.5162 0.1309 0.1996 0.2962 0.1115 0.4876 0.1649 0.1251 0.4444 0.1189 0.3438 0.2306 0.1131 0.5198 0.1408 0.1502 0.3455 0.1127 0.4492 0.1845 0.1187 0.4960 0.1251 0.2607 0.2656 0.1117 0.5064 0.1532 0.1326 0.4001 0.1129
0.3779 0.1343 0.1515 0.5088 0.1118 0.2610 0.2712 0.1242 0.4910 0.1193 0.1819 0.4545 0.1125 0.3394 0.1535 0.1396 0.5204 0.1133 0.2270 0.3524 0.1183 0.4377 0.1261 0.1629 0.4910 0.1115 0.2911 0.2084 0.1299 0.5143 0.1162 0.1985 0.4193 0.1141 0.3762 0.1389 0.1470 0.5148 0.1123 0.2453 0.3115 0.1209 0.4621 0.1236 0.1705 0.4833 0.1115 0.2933 0.2073 0.1288 0.5089 0.1178 0.1895 0.4393 0.1176 0.4763 0.1683 0.1235 0.4626 0.1209 0.3115 0.2453 0.1123 0.5148 0.1470 0.1389 0.3762 0.1141 0.4193 0.1985 0.1162 0.5143 0.1299 0.2084 0.2911 0.1115 0.4910 0.1629 0.1261 0.4377 0.1183 0.3524 0.2270 0.1133 0.5204 0.1396 0.1535 0.3394 0.1125 0.4545 0.1819 0.1193 0.4910 0.1242 0.2712 0.2610 0.1118 0.5088 0.1515 0.1343 0.3779
0.1388 0.1499 0.5109 0.1119 0.2565 0.2816 0.1234 0.4856 0.1199 0.1794 0.4596 0.1123 0.3333 0.1572 0.1383 0.5208 0.1136 0.2235 0.3608 0.1177 0.4309 0.1271 0.1611 0.4943 0.1115 0.2861 0.2176 0.1290 0.5119 0.1166 0.1958 0.4251 0.1138 0.3710 0.1403 0.1460 0.5157 0.1124 0.2433 0.3155 0.1207 0.4606 0.1233 0.1677 0.4817 0.1118 0.2958 0.2041 0.1293 0.5100 0.1169 0.1905 0.4406 0.1125 0.4344 0.1092 0.4832 0.1681 0.1233 0.4606 0.1206 0.3155 0.2433 0.1124 0.5157 0.1460 0.1403 0.3710 0.1138 0.4251 0.1958 0.1166 0.5119 0.1290 0.2176 0.2861 0.1115 0.4943 0.1611 0.1271 0.4309 0.1177 0.3608 0.2235 0.1136 0.5208 0.1383 0.1572 0.3333 0.1123 0.4596 0.1794 0.1199 0.4856 0.1234 0.2816 0.2565 0.1119 0.5109 0.1499 0.1388
0.1433 0.5129 0.1121 0.2521 0.2919 0.1226 0.4798 0.1206 0.1770 0.4645 0.1121 0.3274 0.1615 0.1371 0.5210 0.1139 0.2201 0.3690 0.1172 0.4242 0.1282 0.1592 0.4973 0.1115 0.2813 0.2272 0.1280 0.5090 0.1170 0.1930 0.4311 0.1135 0.3652 0.1421 0.1449 0.5167 0.1125 0.2409 0.3207 0.1203 0.4579 0.1235 0.1678 0.4867 0.1115 0.2929 0.2065 0.1295 0.5096 0.1168 0.1938 0.4335 0.1130 0.3565 0.1195 0.3104 0.1113 0.4842 0.1676 0.1235 0.4580 0.1203 0.3207 0.2409 0.1125 0.5167 0.1449 0.1421 0.3652 0.1135 0.4311 0.1930 0.1170 0.5090 0.1280 0.2272 0.2813 0.1115 0.4973 0.1592 0.1282 0.4242 0.1172 0.3690 0.2201 0.1139 0.5210 0.1371 0.1615 0.3274 0.1121 0.4645 0.1770 0.1206 0.4798 0.1226 0.2919 0.2521 0.1121 0.5129 0.1433
0.4970 0.1125 0.2479 0.3019 0.1219 0.4737 0.1213 0.1747 0.4692 0.1119 0.3215 0.1666 0.1360 0.5209 0.1142 0.2167 0.3769 0.1167 0.4174 0.1293 0.1574 0.5002 0.1116 0.2766 0.2370 0.1271 0.5057 0.1175 0.1903 0.4369 0.1133 0.3590 0.1443 0.1436 0.5178 0.1126 0.2380 0.3270 0.1199 0.4544 0.1239 0.1670 0.4849 0.1112 0.2929 0.2116 0.1297 0.5127 0.1162 0.1937 0.4344 0.1133 0.3551 0.1438 0.1637 0.1821 0.3000 0.1116 0.4861 0.1670 0.1239 0.4545 0.1199 0.3270 0.2380 0.1126 0.5178 0.1436 0.1443 0.3590 0.1133 0.4369 0.1903 0.1175 0.5057 0.1271 0.2370 0.2766 0.1116 0.5002 0.1574 0.1293 0.4174 0.1167 0.3769 0.2167 0.1142 0.5209 0.1360 0.1666 0.3215 0.1119 0.4692 0.1747 0.1213 0.4737 0.1219 0.3019 0.2479 0.1125 0.4970
0.1130 0.2437 0.3119 0.1211 0.4674 0.1221 0.1724 0.4736 0.1118 0.3157 0.1723 0.1348 0.5205 0.1145 0.2133 0.3848 0.1162 0.4106 0.1306 0.1557 0.5029 0.1116 0.2719 0.2469 0.1262 0.5018 0.1180 0.1877 0.4425 0.1130 0.3528 0.1468 0.1423 0.5188 0.1128 0.2348 0.3343 0.1195 0.4501 0.1244 0.1659 0.4866 0.1117 0.2894 0.2068 0.1304 0.5156 0.1163 0.1944 0.4353 0.1134 0.3607 0.1450 0.1423 0.4950 0.1327 0.2054 0.2942 0.1115 0.4865 0.1659 0.1244 0.4501 0.1195 0.3343 0.2348 0.1128 0.5188 0.1423 0.1468 0.3528 0.1130 0.4425 0.1877 0.1180 0.5018 0.1262 0.2469 0.2719 0.1116 0.5029 0.1557 0.1306 0.4106 0.1162 0.3848 0.2133 0.1145 0.5205 0.1348 0.1723 0.3157 0.1118 0.4736 0.1724 0.1221 0.4674 0.1211 0.3119 0.2437 0.1130
0.2309 0.3217 0.1204 0.4608 0.1229 0.1702 0.4779 0.1117 0.3101 0.1790 0.1337 0.5198 0.1148 0.2100 0.3926 0.1157 0.4038 0.1319 0.1540 0.5054 0.1117 0.2674 0.2569 0.1254 0.4975 0.1185 0.1852 0.4479 0.1127 0.3467 0.1496 0.1410 0.5197 0.1130 0.2312 0.3424 0.1189 0.4449 0.1251 0.1646 0.4887 0.1115 0.2925 0.2115 0.1296 0.5148 0.1168 0.1933 0.4311 0.1137 0.3603 0.1439 0.1445 0.5189 0.1077 0.5177 0.1296 0.2105 0.2910 0.1116 0.4887 0.1646 0.1251 0.4449 0.1189 0.3424 0.2312 0.1130 0.5197 0.1410 0.1496 0.3467 0.1127 0.4479 0.1852 0.1185 0.4975 0.1254 0.2569 0.2674 0.1117 0.5054 0.1540 0.1319 0.4038 0.1157 0.3926 0.2100 0.1148 0.5198 0.1337 0.1790 0.3101 0.1117 0.4779 0.1702 0.1229 0.4608 0.1204 0.3217 0.2309
0.3011 0.1201 0.4541 0.1237 0.1680 0.4819 0.1116 0.3045 0.1864 0.1326 0.5188 0.1151 0.2068 0.4000 0.1153 0.3969 0.1333 0.1524 0.5077 0.1118 0.2629 0.2670 0.1246 0.4928 0.1191 0.1827 0.4531 0.1125 0.3408 0.1528 0.1398 0.5203 0.1133 0.2276 0.3509 0.1184 0.4388 0.1259 0.1631 0.4911 0.1115 0.2895 0.2131 0.1293 0.5144 0.1158 0.1949 0.4310 0.1135 0.3614 0.1453 0.1422 0.5185 0.1120 0.2799 0.1122 0.5119 0.1297 0.2128 0.2895 0.1115 0.4911 0.1631 0.1259 0.4388 0.1184 0.3509 0.2276 0.1133 0.5203 0.1398 0.1528 0.3408 0.1125 0.4531 0.1827 0.1191 0.4928 0.1246 0.2670 0.2629 0.1118 0.5077 0.1524 0.1333 0.3969 0.1153 0.4000 0.2068 0.1151 0.5188 0.1326 0.1864 0.3045 0.1116 0.4819 0.1680 0.1237 0.4541 0.1201 0.3011
0.1158 0.4472 0.1247 0.1659 0.4858 0.1116 0.2992 0.1945 0.1316 0.5174 0.1155 0.2036 0.4072 0.1148 0.3899 0.1349 0.1507 0.5098 0.1119 0.2586 0.2770 0.1238 0.4877 0.1197 0.1803 0.4581 0.1123 0.3349 0.1563 0.1386 0.5208 0.1135 0.2241 0.3594 0.1178 0.4321 0.1269 0.1614 0.4938 0.1115 0.2859 0.2194 0.1286 0.5119 0.1182 0.1929 0.4311 0.1135 0.3623 0.1438 0.1432 0.5189 0.1129 0.2288 0.2345 0.2006 0.1167 0.5109 0.1285 0.2194 0.2859 0.1115 0.4938 0.1614 0.1269 0.4321 0.1178 0.3594 0.2241 0.1135 0.5208 0.1386 0.1563 0.3349 0.1123 0.4581 0.1803 0.1197 0.4877 0.1238 0.2770 0.2586 0.1119 0.5098 0.1507 0.1349 0.3899 0.1148 0.4072 0.2036 0.1155 0.5174 0.1316 0.1945 0.2992 0.1116 0.4858 0.1659 0.1247 0.4472 0.1158
0.4236 0.1258 0.1638 0.4894 0.1115 0.2938 0.2033 0.1305 0.5156 0.1159 0.2005 0.4142 0.1145 0.3831 0.1366 0.1492 0.5118 0.1120 0.2543 0.2869 0.1230 0.4823 0.1203 0.1779 0.4628 0.1122 0.3291 0.1604 0.1374 0.5210 0.1138 0.2206 0.3676 0.1173 0.4254 0.1280 0.1596 0.4967 0.1115 0.2818 0.2269 0.1280 0.5083 0.1169 0.1920 0.4373 0.1129 0.3593 0.1451 0.1425 0.5188 0.1133 0.2293 0.3435 0.1271 0.4220 0.1936 0.1172 0.5061 0.1280 0.2269 0.2818 0.1115 0.4967 0.1596 0.1280 0.4254 0.1173 0.3676 0.2206 0.1138 0.5210 0.1374 0.1604 0.3291 0.1122 0.4628 0.1779 0.1203 0.4823 0.1230 0.2869 0.2543 0.1120 0.5118 0.1492 0.1366 0.3831 0.1145 0.4142 0.2005 0.1159 0.5156 0.1305 0.2033 0.2938 0.1115 0.4894 0.1638 0.1258 0.4236
0.1302 0.1619 0.4928 0.1114 0.2886 0.2127 0.1295 0.5133 0.1162 0.1976 0.4209 0.1140 0.3763 0.1384 0.1476 0.5137 0.1120 0.2501 0.2968 0.1222 0.4765 0.1209 0.1756 0.4674 0.1119 0.3234 0.1650 0.1363 0.5209 0.1140 0.2173 0.3756 0.1167 0.4185 0.1290 0.1578 0.4996 0.1115 0.2774 0.2354 0.1272 0.5057 0.1174 0.1903 0.4375 0.1130 0.3538 0.1473 0.1420 0.5196 0.1128 0.2255 0.3577 0.1176 0.5006 0.1126 0.4363 0.1889 0.1177 0.5057 0.1272 0.2354 0.2774 0.1115 0.4996 0.1578 0.1290 0.4185 0.1167 0.3756 0.2173 0.1140 0.5209 0.1363 0.1650 0.3234 0.1119 0.4674 0.1756 0.1209 0.4765 0.1222 0.2968 0.2501 0.1120 0.5137 0.1476 0.1384 0.3763 0.1140 0.4209 0.1976 0.1162 0.5133 0.1295 0.2127 0.2886 0.1114 0.4928 0.1619 0.1302
0.1567 0.4937 0.1098 0.2869 0.2156 0.1293 0.5123 0.1143 0.1968 0.4236 0.1130 0.3735 0.1373 0.1473 0.5144 0.1102 0.2488 0.3005 0.1218 0.4743 0.1190 0.1752 0.4691 0.1106 0.3212 0.1655 0.1361 0.5209 0.1121 0.2165 0.3785 0.1160 0.4160 0.1274 0.1575 0.5007 0.1098 0.2758 0.2384 0.1271 0.5047 0.1155 0.1896 0.4388 0.1121 0.3510 0.1448 0.1417 0.5193 0.1116 0.2285 0.3483 0.1178 0.4338 0.1100 0.3656 0.1118 0.4450 0.1898 0.1155 0.5047 0.1271 0.2384 0.2758 0.1098 0.5007 0.1575 0.1274 0.4160 0.1160 0.3785 0.2165 0.1121 0.5209 0.1361 0.1655 0.3212 0.1106 0.4691 0.1752 0.1190 0.4743 0.1218 0.3005 0.2488 0.1102 0.5144 0.1473 0.1373 0.3735 0.1130 0.4236 0.1968 0.1143 0.5123 0.1293 0.2156 0.2869 0.1098 0.4937 0.1567
0.4082 0.1120 0.3584 0.1381 0.1452 0.5181 0.1068 0.2384 0.3255 0.1201 0.4577 0.1156 0.1708 0.4798 0.1086 0.3076 0.1779 0.1345 0.5195 0.1079 0.2091 0.3965 0.1145 0.3996 0.1255 0.1550 0.5069 0.1071 0.2649 0.2617 0.1254 0.4947 0.1113 0.1849 0.4514 0.1105 0.3423 0.1458 0.1417 0.5204 0.1070 0.2276 0.3535 0.1177 0.4354 0.1196 0.1628 0.4951 0.1081 0.2795 0.2319 0.1270 0.5006 0.1095 0.2198 0.1142 0.4309 0.1178 0.3544 0.2276 0.1070 0.5204 0.1417 0.1458 0.3423 0.1105 0.4514 0.1849 0.1113 0.4947 0.1254 0.2617 0.2649 0.1071 0.5069 0.1550 0.1255 0.3996 0.1145 0.3965 0.2091 0.1079 0.5195 0.1345 0.1779 0.3076 0.1086 0.4798 0.1708 0.1156 0.4577 0.1201 0.3255 0.2384 0.1068 0.5181 0.1452 0.1381 0.3584 0.1120 0.4082
0.1471 0.5093 0.1091 0.2594 0.2753 0.1239 0.4884 0.1162 0.1814 0.4571 0.1107 0.3363 0.1526 0.1395 0.5207 0.1103 0.2261 0.3558 0.1176 0.4348 0.1231 0.1629 0.4924 0.1092 0.2892 0.2108 0.1299 0.5134 0.1130 0.1982 0.4213 0.1129 0.3753 0.1358 0.1478 0.5144 0.1093 0.2476 0.3049 0.1214 0.4687 0.1186 0.1723 0.4784 0.1097 0.3015 0.1939 0.1325 0.5184 0.1122 0.1982 0.4216 0.1124 0.3647 0.1150 0.3146 0.1093 0.4752 0.1728 0.1186 0.4687 0.1214 0.3049 0.2476 0.1093 0.5144 0.1478 0.1358 0.3753 0.1129 0.4213 0.1982 0.1130 0.5134 0.1299 0.2108 0.2892 0.1092 0.4924 0.1629 0.1231 0.4348 0.1176 0.3558 0.2261 0.1103 0.5207 0.1395 0.1526 0.3363 0.1107 0.4571 0.1814 0.1162 0.4884 0.1239 0.2753 0.2594 0.1091 0.5093 0.1471
