24.2280 -28.2527 -48.4669 4.5272 -33.3349 -36.0087 -20.4557 -39.6760 11.8511 -25.5212 -45.6592 30.6963 -30.1756 -48.7205 -11.8962 -35.9031 -11.6556 -22.7856 -41.7083 18.6549 -27.0310 -47.5030 27.3317 -31.9156 -45.7677 -17.5479 -38.0035 4.7076 -24.3135 -43.8220 25.5565 -28.6674 -48.5416 1.1347 -33.5561 -33.7702 -20.7857 -39.9212 12.7189 -25.6959 -45.9029 31.0965 -30.3945 -48.6143 -12.8619 -36.2062 -8.6642 -23.0178 -41.9838 19.0490 -32.5397 19.0490 -41.9838 -23.0178 -8.6642 -36.2062 -12.8619 -48.6143 -30.3945 31.0965 -45.9029 -25.6959 12.7189 -39.9212 -20.7857 -33.7702 -33.5561 1.1347 -48.5416 -28.6674 25.5565 -43.8220 -24.3135 4.7076 -38.0035 -17.5479 -45.7677 -31.9156 27.3317 -47.5030 -27.0310 18.6549 -41.7083 -22.7856 -11.6556 -35.9031 -11.8962 -48.7205 -30.1756 30.6963 -45.6592 -25.5212 11.8511 -39.6760 -20.4557 -36.0087 -33.3349 4.5272 -48.4669 -28.2527 24.2280
-28.2527 -48.7162 20.2735 -32.3232 -35.5017 -21.5501 -38.8894 11.3687 -26.8738 -45.5032 31.1719 -30.3726 -48.6785 -7.8918 -34.5625 -11.3644 -24.5098 -41.1564 17.9210 -28.0283 -47.5414 34.4646 -31.5394 -45.5753 -17.4192 -36.9995 4.4819 -25.9648 -43.4872 24.8182 -29.2706 -48.7723 16.9774 -32.4189 -33.3125 -21.9842 -39.1660 12.2066 -27.0063 -45.7697 31.9603 -30.5299 -48.5620 -9.7055 -34.9120 -8.4591 -24.7752 -41.4423 18.8038 -28.7835 -48.7892 -28.7835 18.8025 -41.4419 -24.7752 -8.4591 -34.9120 -9.7055 -48.5620 -30.5299 31.9603 -45.7697 -27.0063 12.2066 -39.1660 -21.9842 -33.3125 -32.4189 16.9774 -48.7723 -29.2706 24.8182 -43.4872 -25.9648 4.4819 -36.9995 -17.4192 -45.5753 -31.5394 34.4646 -47.5414 -28.0283 17.9210 -41.1564 -24.5098 -11.3644 -34.5625 -7.8918 -48.6785 -30.3726 31.1719 -45.5032 -26.8738 11.3687 -38.8894 -21.5501 -35.5017 -32.3232 20.2735 -48.7162 -28.2527
-48.4669 20.2735 -32.7815 -36.6106 -21.2544 -38.6904 10.7102 -26.8067 -45.2867 30.5074 -30.4939 -48.7333 -6.1779 -34.2782 -13.8544 -24.2850 -40.9294 17.2765 -28.0077 -47.3644 34.6911 -31.7843 -46.1596 -16.8140 -36.7937 3.4963 -25.8582 -43.2576 24.1083 -29.3158 -48.7163 20.3033 -32.7961 -35.1731 -21.6376 -38.9472 11.5449 -26.9412 -45.5533 31.3299 -30.6635 -48.6588 -8.2650 -34.6359 -10.7384 -24.5663 -41.2163 18.0962 -28.1421 -46.8733 3.9610 -46.8768 -28.1444 18.0838 -41.2154 -24.5663 -10.7385 -34.6359 -8.2650 -48.6588 -30.6635 31.3299 -45.5533 -26.9412 11.5449 -38.9472 -21.6376 -35.1731 -32.7961 20.3033 -48.7163 -29.3158 24.1083 -43.2576 -25.8582 3.4963 -36.7937 -16.8140 -46.1596 -31.7843 34.6911 -47.3644 -28.0077 17.2765 -40.9294 -24.2850 -13.8544 -34.2782 -6.1779 -48.7333 -30.4939 30.5074 -45.2867 -26.8067 10.7102 -38.6904 -21.2544 -36.6106 -32.7815 20.2735 -48.4669
4.5272 -32.3232 -36.6106 -21.1274 -38.5654 10.1901 -26.7132 -45.0845 29.8469 -30.3597 -48.7585 -4.1967 -33.9887 -16.4533 -24.0451 -40.6997 16.6260 -27.8855 -47.1807 34.7175 -31.6611 -46.6744 -16.1520 -36.5888 2.4369 -25.7587 -43.0242 23.3936 -29.1866 -48.6410 23.2109 -32.7156 -36.8921 -21.2606 -38.7299 10.8732 -26.8288 -45.3348 30.6637 -30.5280 -48.7227 -6.6121 -34.3540 -13.1827 -24.3444 -40.9876 17.4849 -29.4353 -46.8817 34.8971 -34.3372 34.8945 -47.4567 -28.0448 17.4338 -40.9848 -24.3444 -13.1831 -34.3539 -6.6121 -48.7227 -30.5280 30.6637 -45.3348 -26.8288 10.8732 -38.7299 -21.2606 -36.8921 -32.7156 23.2109 -48.6410 -29.1866 23.3936 -43.0242 -25.7587 2.4369 -36.5888 -16.1520 -46.6744 -31.6611 34.7175 -47.1807 -27.8855 16.6260 -40.6997 -24.0451 -16.4533 -33.9887 -4.1967 -48.7585 -30.3597 29.8469 -45.0845 -26.7132 10.1901 -38.5654 -21.1274 -36.6106 -32.3232 4.5272
-33.3349 -35.5017 -21.2544 -38.5654 9.9934 -26.6542 -44.9263 29.2750 -30.2352 -48.7561 -1.9291 -33.7002 -19.0933 -23.7919 -40.4676 15.9687 -27.7654 -46.9923 34.6022 -31.5289 -47.1231 -15.4273 -36.3791 1.2929 -25.6588 -42.7873 22.6762 -29.0595 -48.5505 25.7479 -32.6201 -38.4655 -20.8609 -38.5144 10.1897 -26.7178 -45.1148 29.9776 -30.3885 -48.7553 -4.6699 -34.0685 -15.7420 -24.1086 -40.7579 16.8676 -30.2775 -47.5434 -21.6488 -29.4393 -28.3018 -32.4978 34.7129 -47.2277 -27.9207 16.7732 -40.7517 -24.1088 -15.7424 -34.0685 -4.6699 -48.7553 -30.3885 29.9776 -45.1148 -26.7178 10.1897 -38.5144 -20.8609 -38.4655 -32.6201 25.7479 -48.5505 -29.0595 22.6762 -42.7873 -25.6588 1.2929 -36.3791 -15.4273 -47.1231 -31.5289 34.6022 -46.9923 -27.7654 15.9687 -40.4676 -23.7919 -19.0933 -33.7002 -1.9291 -48.7561 -30.2352 29.2750 -44.9263 -26.6542 9.9934 -38.5654 -21.2544 -35.5017 -33.3349
-36.0087 -21.5501 -38.6904 10.1901 -26.6542 -44.8629 28.9172 -30.1467 -48.7396 0.4130 -33.4307 -21.6122 -23.5320 -40.2368 15.3117 -27.6484 -46.8019 34.3707 -31.3931 -47.5048 -14.6387 -36.1618 0.0614 -25.5498 -42.5502 21.9657 -28.9352 -48.4479 27.8959 -32.5196 -39.8772 -20.4416 -38.2997 9.4880 -26.6090 -44.8940 29.2797 -30.2457 -48.7583 -2.4046 -33.7820 -18.3336 -23.8620 -40.5235 16.2067 -29.0820 -48.3693 -33.5109 30.6621 -46.4124 -20.1284 -47.4075 -31.5089 34.6450 -47.0480 -27.8024 16.1146 -40.5191 -23.8621 -18.3338 -33.7820 -2.4046 -48.7583 -30.2457 29.2797 -44.8940 -26.6090 9.4880 -38.2997 -20.4416 -39.8772 -32.5196 27.8959 -48.4479 -28.9352 21.9657 -42.5502 -25.5498 0.0614 -36.1618 -14.6387 -47.5048 -31.3931 34.3707 -46.8019 -27.6484 15.3117 -40.2368 -23.5320 -21.6122 -33.4307 0.4130 -48.7396 -30.1467 28.9172 -44.8629 -26.6542 10.1901 -38.6904 -21.5501 -36.0087
-20.4557 -38.8894 10.7102 -26.7132 -44.9263 28.9172 -30.1147 -48.7375 2.2935 -33.2215 -23.7147 -23.2842 -40.0154 14.6621 -27.5354 -46.6106 34.0470 -31.2481 -47.8300 -13.7608 -35.9383 -1.2670 -25.4239 -42.3097 21.2528 -28.8134 -48.3337 29.6812 -32.4168 -41.1374 -20.0013 -38.0821 8.7513 -26.5038 -44.6761 28.5853 -30.0963 -48.7585 0.2769 -33.4961 -20.8851 -23.6052 -40.2828 15.4987 -27.7698 -47.1789 -22.4592 -23.6405 -37.8060 23.8831 -37.8137 -13.6657 -47.3665 -31.4177 34.4499 -46.8612 -27.6889 15.4455 -40.2831 -23.6051 -20.8852 -33.4977 0.2827 -48.7584 -30.0963 28.5853 -44.6761 -26.5038 8.7513 -38.0821 -20.0013 -41.1374 -32.4168 29.6812 -48.3337 -28.8134 21.2528 -42.3097 -25.4239 -1.2670 -35.9383 -13.7608 -47.8300 -31.2481 34.0470 -46.6106 -27.5354 14.6621 -40.0154 -23.2842 -23.7147 -33.2215 2.2935 -48.7375 -30.1147 28.9172 -44.9263 -26.7132 10.7102 -38.8894 -20.4557
-39.6760 11.3687 -26.8067 -45.0845 29.2750 -30.1467 -48.7375 3.0177 -33.1394 -25.1305 -23.0826 -39.8230 14.0570 -27.4335 -46.4251 33.6585 -31.0916 -48.1055 -12.7570 -35.7111 -2.6988 -25.2827 -42.0658 20.5375 -28.6927 -48.2085 31.1470 -32.3118 -42.2421 -19.5449 -37.8580 7.9606 -26.4036 -44.4647 27.9093 -29.9355 -48.7905 3.4514 -33.2702 -23.3535 -23.3383 -40.0393 14.7648 -27.5212 -46.3173 26.2311 -46.2520 -26.2418 -6.9599 -37.1970 25.4419 -37.7908 -13.0638 -47.7786 -31.2508 34.1666 -46.6788 -27.5827 14.7539 -40.0401 -23.3434 -23.2856 -33.2750 3.4768 -48.7921 -29.9372 27.9093 -44.4647 -26.4036 7.9606 -37.8580 -19.5449 -42.2421 -32.3118 31.1470 -48.2085 -28.6927 20.5375 -42.0658 -25.2827 -2.6988 -35.7111 -12.7570 -48.1055 -31.0916 33.6585 -46.4251 -27.4335 14.0570 -39.8230 -23.0826 -25.1305 -33.1394 3.0177 -48.7375 -30.1467 29.2750 -45.0845 -26.8067 11.3687 -39.6760
11.8511 -26.8738 -45.2867 29.8469 -30.2352 -48.7396 2.2935 -33.1394 -25.6401 -22.9675 -39.6875 13.5804 -27.3506 -46.2598 33.2526 -30.9321 -48.3264 -11.6117 -35.4851 -4.2208 -25.1286 -41.8192 19.8208 -28.5715 -48.0730 32.3253 -32.2110 -43.2022 -19.0746 -37.6272 7.1049 -26.3103 -44.2651 27.2731 -29.7577 -48.8268 7.1296 -33.1588 -25.7027 -23.1210 -39.8125 14.0885 -27.4703 -46.3650 34.5552 -39.7336 34.7642 -44.0682 8.0530 -17.3081 -45.5225 32.1765 -38.8331 -11.8129 -48.0685 -31.0652 33.8271 -46.5035 -27.4862 14.0148 -39.7816 -23.1096 -25.8348 -33.1860 7.2355 -48.8318 -29.7610 27.2717 -44.2651 -26.3103 7.1049 -37.6272 -19.0746 -43.2022 -32.2110 32.3253 -48.0730 -28.5715 19.8208 -41.8192 -25.1286 -4.2208 -35.4851 -11.6117 -48.3264 -30.9321 33.2526 -46.2598 -27.3506 13.5804 -39.6875 -22.9675 -25.6401 -33.1394 2.2935 -48.7396 -30.2352 29.8469 -45.2867 -26.8738 11.8511
-25.5212 -45.5032 30.5074 -30.3597 -48.7561 0.4130 -33.2215 -25.1305 -22.9675 -39.6380 13.3091 -27.2957 -46.1323 32.8848 -30.7847 -48.4892 -10.3225 -35.2695 -5.7946 -24.9654 -41.5662 19.0927 -28.4463 -47.9247 33.2614 -32.1280 -44.0186 -18.5993 -37.3808 6.1357 -26.2278 -44.0872 26.7083 -29.5527 -48.8304 11.3441 -33.1191 -28.7751 -26.5164 -36.8756 13.0209 -27.2165 -46.3081 32.9271 -34.9013 7.5301 -37.4968 18.3560 -35.3982 -44.5770 -8.1084 -42.5934 30.2320 -37.8493 -10.8523 -48.3245 -30.8605 33.4623 -46.3779 -27.2687 13.2801 -36.8037 -28.0452 -28.5078 -33.2033 11.6461 -48.8401 -29.5561 26.7053 -44.0872 -26.2278 6.1357 -37.3808 -18.5993 -44.0186 -32.1280 33.2614 -47.9247 -28.4463 19.0927 -41.5662 -24.9654 -5.7946 -35.2695 -10.3225 -48.4892 -30.7847 32.8848 -46.1323 -27.2957 13.3091 -39.6380 -22.9675 -25.1305 -33.2215 0.4130 -48.7561 -30.3597 30.5074 -45.5032 -25.5212
-45.6592 31.1719 -30.4939 -48.7585 -1.9291 -33.4307 -23.7147 -23.0826 -39.6875 13.3091 -27.2769 -46.0656 32.6336 -30.6700 -48.5940 -9.0068 -35.0816 -7.2963 -24.8037 -41.3132 18.3617 -28.3184 -47.7606 33.9839 -32.0860 -44.6595 -18.1566 -37.1059 4.9699 -26.1657 -43.9559 26.2912 -29.3027 -48.7995 16.2858 -33.1901 -29.5709 -30.6416 34.5603 -49.0863 -19.6552 -44.8446 31.0866 -31.6479 -43.6350 -29.3921 -36.6496 -30.4140 -40.9748 -21.4861 -44.0129 36.0218 -43.7357 20.0218 -36.1239 -9.9663 -48.5017 -30.9575 30.7674 -44.5471 -16.5232 -46.8546 28.4368 -30.9159 -30.9047 -33.3530 16.6401 -48.8090 -29.3058 26.2896 -43.9559 -26.1657 4.9699 -37.1059 -18.1566 -44.6595 -32.0860 33.9839 -47.7606 -28.3184 18.3617 -41.3132 -24.8037 -7.2963 -35.0816 -9.0068 -48.5940 -30.6700 32.6336 -46.0656 -27.2769 13.3091 -39.6875 -23.0826 -23.7147 -33.4307 -1.9291 -48.7585 -30.4939 31.1719 -45.6592
30.6963 -30.3726 -48.7333 -4.1967 -33.7002 -21.6122 -23.2842 -39.8230 13.5804 -27.2957 -46.0656 32.5507 -30.6055 -48.6480 -7.8999 -34.9344 -8.5848 -24.6594 -41.0768 17.6642 -28.1948 -47.5866 34.4696 -32.0931 -45.1237 -17.7927 -36.7964 3.5158 -26.1370 -43.9096 26.1540 -28.9901 -48.7174 21.7489 -33.4894 -31.1162 -29.2488 -33.4110 -37.9917 29.5139 -39.3000 18.5823 -30.4643 -48.8004 -17.7975 -46.7448 -16.2963 -47.1736 -10.3042 -42.9066 34.1713 -43.4508 9.5800 -25.2434 -2.2853 -34.4942 -12.1944 -47.7469 -31.8182 17.3652 -39.0482 26.0150 -37.0740 -42.5321 -26.9900 -31.6435 -33.7717 21.8766 -48.7208 -28.9916 26.1540 -43.9096 -26.1370 3.5158 -36.7964 -17.7927 -45.1237 -32.0931 34.4696 -47.5866 -28.1948 17.6642 -41.0768 -24.6594 -8.5848 -34.9344 -7.8999 -48.6480 -30.6055 32.5507 -46.0656 -27.2957 13.5804 -39.8230 -23.2842 -21.6122 -33.7002 -4.1967 -48.7333 -30.3726 30.6963
-30.1756 -48.6785 -6.1779 -33.9887 -19.0933 -23.5320 -40.0154 14.0570 -27.3506 -46.1323 32.6336 -30.6055 -48.6639 -7.2448 -34.8379 -9.5670 -24.5430 -40.8715 17.0364 -28.0809 -47.4139 34.7210 -32.1297 -45.4463 -17.5374 -36.4583 1.7350 -26.1590 -44.0013 26.4562 -28.6197 -48.5712 26.5503 -34.2447 -32.2236 -24.9481 -48.5208 -27.4404 -23.7525 -32.7068 -16.5705 -27.8896 -48.6215 7.7421 -40.1434 32.2200 -40.9253 30.5183 -39.1767 21.3322 -39.8915 25.1757 -49.0012 -38.4875 -22.5465 -43.7711 -23.6009 -46.6087 -40.8107 -31.3009 -17.7419 -32.3705 -34.3109 -24.0188 -45.2678 -22.7914 -28.2213 -34.4449 26.5436 -48.5717 -28.6197 26.4562 -44.0013 -26.1590 1.7350 -36.4583 -17.5374 -45.4463 -32.1297 34.7210 -47.4139 -28.0809 17.0364 -40.8715 -24.5430 -9.5670 -34.8379 -7.2448 -48.6639 -30.6055 32.6336 -46.1323 -27.3506 14.0570 -40.0154 -23.5320 -19.0933 -33.9887 -6.1779 -48.6785 -30.1756
-48.7205 -7.8918 -34.2782 -16.4533 -23.7919 -40.2368 14.6621 -27.4335 -46.2598 32.8848 -30.6700 -48.6480 -7.2448 -34.8043 -10.0999 -24.4645 -40.7148 16.5158 -27.9821 -47.2527 34.7812 -32.1698 -45.6806 -17.3666 -36.1197 -0.2241 -26.2389 -44.2761 26.6244 -31.0004 -47.9866 29.8435 -35.2716 -25.1633 -22.7366 -43.9903 -3.1898 -47.8099 -21.2017 -48.9263 -18.7629 -44.9942 34.9553 -36.2952 11.3129 -36.2661 8.4684 -35.4992 1.9301 -35.6458 17.2238 -42.8432 -22.5663 11.3292 -38.3033 31.3210 -43.2445 33.2969 -32.2971 -47.0833 -25.4066 -48.6883 -19.4528 -45.9336 35.7441 -39.7706 -22.7733 -23.0653 -35.2920 29.8292 -47.9852 -31.0410 26.6168 -44.2762 -26.2390 -0.2241 -36.1197 -17.3666 -45.6806 -32.1698 34.7812 -47.2527 -27.9821 16.5158 -40.7148 -24.4645 -10.0999 -34.8043 -7.2448 -48.6480 -30.6700 32.8848 -46.2598 -27.4335 14.6621 -40.2368 -23.7919 -16.4533 -34.2782 -7.8918 -48.7205
-11.8962 -34.5625 -13.8544 -24.0451 -40.4676 15.3117 -27.5354 -46.4251 33.2526 -30.7847 -48.5940 -7.8999 -34.8379 -10.0999 -24.4368 -40.6313 16.1753 -27.9084 -47.1167 34.7176 -32.2045 -45.8730 -17.2254 -35.8342 -2.0052 -26.3904 -44.7056 27.0920 -34.3840 -22.4757 -18.0471 -33.0281 -13.6102 -23.4557 -39.6193 29.6251 -41.9620 35.7484 -43.0019 35.3200 -40.0250 20.6560 -33.5407 -26.2047 -30.4386 -41.9479 -29.4218 -44.6942 -29.6039 -36.0550 -35.4418 28.7048 -45.9928 -27.0111 -11.8131 -34.1940 10.9023 -34.3570 -38.5557 -23.7582 -47.2200 1.8924 -43.3484 32.7083 -39.2076 16.3155 -38.0442 -23.6990 -14.0930 -32.9806 -18.4910 -20.9928 -34.4295 27.0801 -44.7050 -26.3904 -2.0052 -35.8342 -17.2254 -45.8730 -32.2045 34.7176 -47.1167 -27.9084 16.1753 -40.6313 -24.4368 -10.0999 -34.8379 -7.8999 -48.5940 -30.7847 33.2526 -46.4251 -27.5354 15.3117 -40.4676 -24.0451 -13.8544 -34.5625 -11.8962
-35.9031 -11.3644 -24.2850 -40.6997 15.9687 -27.6484 -46.6106 33.6585 -30.9321 -48.4892 -9.0068 -34.9344 -9.5670 -24.4645 -40.6313 16.0611 -27.8698 -47.0249 34.6097 -32.2281 -46.0385 -17.0836 -35.6402 -3.2108 -26.6599 -45.3113 28.7863 -34.8022 9.5854 -42.9677 24.7875 -48.3543 -12.3047 -37.5749 12.6789 -36.1636 12.7284 -37.0449 13.4633 -35.0680 -1.0986 -29.6110 -48.8126 -21.7586 -47.9879 -18.6597 -48.1338 -19.2575 -48.3457 -26.7917 -23.3280 -37.2636 33.8356 -45.7009 -22.1925 -48.1218 -27.4194 -47.2204 -22.8653 -47.4617 21.3820 -42.3509 26.8991 -38.7197 5.0941 -34.1268 8.3511 -37.5948 -11.7659 -48.2184 27.7353 -42.8390 9.3673 -34.8131 28.7791 -45.3107 -26.6599 -3.2108 -35.6402 -17.0836 -46.0385 -32.2281 34.6097 -47.0249 -27.8698 16.0611 -40.6313 -24.4645 -9.5670 -34.9344 -9.0068 -48.4892 -30.9321 33.6585 -46.6106 -27.6484 15.9687 -40.6997 -24.2850 -11.3644 -35.9031
-11.6556 -24.5098 -40.9294 16.6260 -27.7654 -46.8019 34.0470 -31.0916 -48.3264 -10.3225 -35.0816 -8.5848 -24.5430 -40.7148 16.1753 -27.8698 -46.9926 34.5330 -32.2368 -46.1704 -16.9425 -35.5311 -3.7844 -27.0047 -46.1147 31.9443 -33.2688 -20.4168 -36.9156 23.8682 -42.1367 31.5029 -36.7136 2.2750 -30.3719 -44.5855 -29.0349 -42.2151 -27.6817 -48.7744 -22.1420 -46.2265 16.7693 -42.4833 34.9818 -43.8427 28.3349 -44.6401 -1.9076 -47.8226 -28.1810 -5.5167 -38.0434 30.3345 -42.8595 2.6109 -46.0678 -7.7665 -45.2489 34.5481 -42.0317 23.1179 -38.0433 -0.1537 -31.1918 -47.6599 -29.4674 2.3491 -36.7918 31.0808 -42.0458 23.2637 -36.8795 -20.5448 -33.2739 31.9403 -46.1149 -27.0047 -3.7844 -35.5310 -16.9425 -46.1704 -32.2368 34.5330 -46.9926 -27.8698 16.1753 -40.7148 -24.5430 -8.5848 -35.0816 -10.3225 -48.3264 -31.0916 34.0470 -46.8019 -27.7654 16.6260 -40.9294 -24.5098 -11.6556
-22.7856 -41.1564 17.2765 -27.8855 -46.9923 34.3707 -31.2481 -48.1055 -11.6117 -35.2695 -7.2963 -24.6594 -40.8715 16.5158 -27.9084 -47.0249 34.5330 -32.2382 -46.2491 -16.8286 -35.4742 -4.0430 -27.2093 -46.6823 33.7754 -30.0068 -43.6577 -31.4473 -11.7902 -36.0797 9.1058 -33.7982 -30.2422 -25.5260 -46.8023 -11.0492 -45.8429 -8.3388 -44.4594 27.7059 -40.6937 26.8633 -37.9861 19.3333 -39.6842 25.1695 -41.2553 32.3903 -42.4180 9.8639 -48.3266 -28.9300 -7.4674 -36.9065 20.0082 -39.7945 30.4362 -40.9677 28.1926 -40.0515 16.6691 -36.5278 -10.6694 -29.6719 -48.7571 -16.1970 -46.6669 -25.5443 -29.8971 -33.7983 8.7508 -36.0195 -12.2872 -31.4353 -43.6343 -30.0172 33.7776 -46.6848 -27.2079 -4.0442 -35.4742 -16.8286 -46.2491 -32.2382 34.5330 -47.0249 -27.9084 16.5158 -40.8715 -24.6594 -7.2963 -35.2695 -11.6117 -48.1055 -31.2481 34.3707 -46.9923 -27.8855 17.2765 -41.1564 -22.7856
-41.7083 17.9210 -28.0077 -47.1807 34.6022 -31.3931 -47.8300 -12.7570 -35.4851 -5.7946 -24.8037 -41.0768 17.0364 -27.9821 -47.1167 34.6097 -32.2368 -46.2491 -16.7828 -35.4484 -4.1796 -27.2109 -46.7124 30.2895 -26.1482 -48.6845 -24.0945 -48.3791 -27.7304 -44.1978 -27.3377 -49.1163 -17.9794 -42.5905 32.3529 -39.3399 25.7523 -38.1605 19.1951 -35.6058 6.3646 -33.5604 -11.4957 -34.3299 3.7143 -36.9247 13.3772 -39.1320 23.8487 -41.2893 14.0103 -48.3392 -27.1889 -33.0875 -33.6875 4.9607 -36.1388 9.3518 -35.9921 2.6601 -33.2498 -36.7803 -26.9228 -48.4356 -2.8680 -42.4657 35.3977 -42.7732 -18.0500 -49.1189 -27.2976 -44.3438 -27.6936 -48.3802 -24.0553 -48.6807 -26.2289 30.3811 -46.7129 -27.2083 -4.1808 -35.4484 -16.7828 -46.2491 -32.2368 34.6097 -47.1167 -27.9821 17.0364 -41.0768 -24.8037 -5.7946 -35.4851 -12.7570 -47.8300 -31.3931 34.6022 -47.1807 -28.0077 17.9210 -41.7083
18.6549 -28.0283 -47.3644 34.7175 -31.5289 -47.5048 -13.7608 -35.7111 -4.2208 -24.9654 -41.3132 17.6642 -28.0809 -47.2527 34.7176 -32.2281 -46.1704 -16.8286 -35.4484 -4.2175 -27.1791 -46.6275 32.3849 -25.4190 -48.6287 -17.1289 -46.7659 -13.5047 -47.2122 -13.0587 -45.5807 28.7753 -39.3003 16.9597 -34.7642 -1.2537 -33.1574 -19.8539 -30.1533 -45.4967 -25.9285 -49.0433 -24.8847 -47.9997 -29.2095 -33.7970 -33.2551 -0.5645 -36.8223 18.3846 -40.5776 30.1863 -46.8994 -21.4090 -48.6501 -27.5398 -44.3885 -28.8087 -45.2003 -27.0042 -48.9398 -20.3844 -46.6875 28.2220 -41.0007 22.3485 -37.8040 19.0127 -39.4088 28.8369 -45.5694 -12.9572 -47.2156 -12.9628 -46.5173 -17.6967 -48.6769 -25.7310 32.5091 -46.6275 -27.1779 -4.2175 -35.4484 -16.8286 -46.1704 -32.2281 34.7176 -47.2527 -28.0809 17.6642 -41.3132 -24.9654 -4.2208 -35.7111 -13.7608 -47.5048 -31.5289 34.7175 -47.3644 -28.0283 18.6549
-27.0310 -47.5414 34.6911 -31.6611 -47.1231 -14.6387 -35.9383 -2.6988 -25.1286 -41.5662 18.3617 -28.1948 -47.4139 34.7812 -32.2045 -46.0385 -16.9425 -35.4742 -4.1796 -27.1791 -46.6092 33.6398 -26.8846 -48.7545 -18.9044 -47.3612 -17.2953 -43.3987 35.8445 -40.7993 24.9245 -36.3345 2.0831 -29.9076 -48.1918 -24.4004 -48.9408 -19.7043 -46.5944 -4.8704 -43.5264 23.8544 -44.4026 -8.3855 -47.7737 -22.1329 -48.5682 -28.7323 -32.2288 -34.3477 12.9884 -39.5355 33.7185 -43.2654 7.4487 -45.9399 -12.3704 -46.6664 -10.9551 -45.5394 16.5970 -42.8869 32.8938 -39.5894 14.6065 -35.3095 -16.8429 -32.7483 3.5328 -36.3846 24.8657 -40.7740 35.5298 -43.0635 -4.8409 -47.9748 -21.6882 -48.7595 -27.3491 33.6950 -46.6117 -27.1811 -4.1775 -35.4742 -16.9425 -46.0385 -32.2045 34.7812 -47.4139 -28.1948 18.3617 -41.5662 -25.1286 -2.6988 -35.9383 -14.6387 -47.1231 -31.6611 34.6911 -47.5414 -27.0310
-47.5030 34.4646 -31.7843 -46.6744 -15.4273 -36.1618 -1.2670 -25.2827 -41.8192 19.0927 -28.3184 -47.5866 34.7210 -32.1698 -45.8730 -17.0836 -35.5311 -4.0430 -27.2109 -46.6275 33.6375 -27.4890 -48.7405 -21.7479 -48.7690 -27.9957 -41.5568 14.4347 -37.6993 11.5419 -32.7514 -40.0324 -24.8344 -46.6902 5.9838 -42.7147 35.3780 -40.8683 28.6286 -38.2985 20.8001 -38.7713 25.8386 -40.9151 35.7603 -43.9832 -3.7033 -47.5012 -23.2909 -46.4779 -31.7430 2.9272 -37.1083 19.5616 -39.3879 28.7535 -40.6411 30.9999 -40.3503 26.9311 -38.9988 17.7685 -36.8122 2.8089 -32.2285 -44.2275 -25.5492 -48.8602 -26.1522 -39.6603 -32.7230 10.3535 -38.2212 35.0131 -48.0131 -28.0377 -46.4635 -25.6499 -48.5350 -27.9551 33.6506 -46.6323 -27.2204 -4.0317 -35.5311 -17.0836 -45.8730 -32.1698 34.7210 -47.5866 -28.3184 19.0927 -41.8192 -25.2827 -1.2670 -36.1618 -15.4273 -46.6744 -31.7843 34.4646 -47.5030
27.3317 -31.5394 -46.1596 -16.1520 -36.3791 0.0614 -25.4239 -42.0658 19.8208 -28.4463 -47.7606 34.4696 -32.1297 -45.6806 -17.2254 -35.6402 -3.7841 -27.2078 -46.7177 32.4014 -26.8137 -48.7547 -21.4664 -48.7653 -29.0998 0.6153 -38.7757 0.0320 -45.6373 -26.1410 -49.0433 -14.2837 -42.2332 30.4499 -37.3811 15.6493 -35.7902 6.4907 -33.9212 -9.7143 -33.4043 -4.5591 -35.4151 11.6338 -38.3990 23.9846 -40.6339 35.7850 -44.6580 -15.0444 -48.9255 -27.7798 -35.2619 -32.9146 -0.0292 -35.2301 6.9643 -35.5783 5.7064 -34.7480 -5.0424 -32.2916 -38.4382 -27.6519 -48.9568 -17.3775 -45.3840 24.5847 -43.5774 -15.2328 -49.0151 -27.1063 -37.9655 -25.8587 -41.1736 16.6744 -33.8144 -43.1036 -26.1800 -48.6074 -27.0828 32.1840 -46.7137 -27.2290 -3.7745 -35.6403 -17.2254 -45.6806 -32.1297 34.4696 -47.7606 -28.4463 19.8208 -42.0658 -25.4239 0.0614 -36.3791 -16.1520 -46.1596 -31.5394 27.3317
-31.9156 -45.5753 -16.8140 -36.5888 1.2929 -25.5498 -42.3097 20.5375 -28.5715 -47.9247 33.9839 -32.0931 -45.4463 -17.3666 -35.8342 -3.2104 -27.0007 -46.6861 30.4993 -25.5140 -48.7429 -19.4535 -48.4231 -24.5917 -43.0863 -34.5075 17.3291 -41.4722 14.7682 -43.6939 35.1865 -38.3930 14.6211 -33.4534 -24.5720 -30.0216 -45.8766 -26.4605 -48.7587 -23.9806 -48.8758 -26.2746 -45.6152 -30.9279 -13.4794 -35.0529 11.3446 -38.6521 27.1553 -41.7401 21.0496 -46.5698 -19.6316 -49.0563 -25.7014 -47.5536 -27.4717 -46.6878 -27.0738 -48.2869 -24.6976 -48.9148 -18.4073 -46.4105 17.4774 -42.2987 30.1805 -39.2303 22.4527 -39.3274 34.4309 -44.8522 -15.5009 -46.6370 35.9978 -39.6709 8.9963 -33.2079 -45.2670 -24.4071 -48.7654 -25.1246 28.8270 -46.7149 -27.0154 -3.2066 -35.8349 -17.3666 -45.4463 -32.0931 33.9839 -47.9247 -28.5715 20.5375 -42.3097 -25.5498 1.2929 -36.5888 -16.8140 -45.5753 -31.9156
-45.7677 -17.4192 -36.7937 2.4369 -25.6588 -42.5502 21.2528 -28.6927 -48.0730 33.2614 -32.0860 -45.1237 -17.5374 -36.1197 -2.0052 -26.6555 -46.1030 33.8586 -26.4657 -48.6870 -17.4828 -47.7650 -20.6214 -48.7297 -27.6436 -34.6672 -34.7199 13.1129 -37.0147 15.2848 -34.6473 -10.4447 -28.6847 -48.9626 -21.5672 -47.9326 -19.2595 -45.6657 1.5652 -43.8045 9.7568 -45.5979 -15.4751 -48.4654 -25.0691 -46.2310 -31.0960 -7.2820 -35.9970 16.1059 -39.4625 32.0939 -42.4835 27.4127 -44.6390 -2.3085 -45.5228 -6.6245 -45.2497 4.7011 -44.0894 32.4761 -42.1666 31.5484 -39.5641 17.6181 -36.6886 1.9804 -34.2838 6.6545 -37.0610 34.0601 -45.8763 -10.4582 -44.5313 34.8663 -39.1669 7.3836 -32.8157 -48.1784 -19.8450 -48.5223 -25.1644 33.4680 -46.0753 -26.5987 -1.9832 -36.1207 -17.5374 -45.1238 -32.0860 33.2614 -48.0730 -28.6927 21.2528 -42.5502 -25.6588 2.4369 -36.7937 -17.4192 -45.7677
-17.5479 -36.9995 3.4963 -25.7587 -42.7873 21.9657 -28.8134 -48.2085 32.3253 -32.1280 -44.6595 -17.7927 -36.4583 -0.2241 -26.3875 -45.2913 31.8338 -30.2128 -48.5762 -19.0632 -47.3817 -19.4123 -48.6880 -22.5666 -48.7438 -26.4522 -44.7843 -30.2769 -35.3252 -28.7259 -48.4065 -21.7085 -45.5664 16.8149 -44.9482 -24.0655 -48.7296 -14.6746 -43.0777 35.9507 -41.7926 36.1109 -42.8994 24.8864 -45.2383 -14.6577 -48.6660 -26.3628 -41.8663 -32.4885 2.3517 -36.5785 16.1341 -38.7054 24.0885 -39.6175 27.7836 -39.9313 26.8597 -39.2786 22.1158 -38.3249 14.7365 -36.3766 2.6981 -32.9066 -37.7968 -28.1155 -48.4546 -26.9671 -44.6087 -22.1150 -25.1724 -47.6785 -24.0446 -46.6727 34.5470 -39.2403 13.7857 -27.9576 -47.3132 -14.6315 -48.7637 -30.8552 30.4408 -44.6623 -26.2571 -0.1822 -36.4588 -17.7927 -44.6596 -32.1280 32.3253 -48.2085 -28.8134 21.9657 -42.7873 -25.7587 3.4963 -36.9995 -17.5479
-38.0035 4.4819 -25.8582 -43.0242 22.6762 -28.9352 -48.3337 31.1470 -32.2110 -44.0186 -18.1566 -36.7964 1.7350 -26.2377 -44.6854 29.0060 -32.8905 -43.4577 -25.0073 -48.2532 -21.6294 -48.7614 -23.7478 -48.7218 -19.9735 -48.0366 -19.1643 -48.2671 -17.8170 -46.3193 13.4796 -40.9736 25.9847 -36.4631 15.5865 -2.0155 -31.6708 -48.6786 -4.4202 -42.3691 35.5496 -44.1617 17.4159 -41.9268 34.5596 -42.1730 27.2614 -46.0405 -18.5515 -48.9463 -27.5271 -40.0894 -31.9355 -9.8900 -34.3527 2.5288 -35.1571 4.1805 -34.9650 -0.1097 -33.7945 -17.2006 -31.3081 -42.0066 -27.3376 -48.9597 -19.9207 -46.5387 -1.3810 -44.5628 -2.4775 -44.0405 16.7006 -35.3997 -2.9824 -24.6284 -44.4201 35.6178 -40.7412 -48.2180 -11.5151 -45.3728 -25.4279 -21.7956 -36.7723 32.5448 -43.7708 -26.1330 1.7666 -36.7964 -18.1565 -44.0186 -32.2110 31.1470 -48.3337 -28.9352 22.6762 -43.0242 -25.8582 4.4819 -38.0035
4.7076 -25.9648 -43.2576 23.3936 -29.0595 -48.4479 29.6812 -32.3118 -43.2022 -18.5993 -37.1059 3.5141 -26.1592 -44.2633 27.8653 -33.0626 -34.8539 -30.2170 -48.0946 -24.9629 -46.4449 -29.4166 -46.4599 -24.0458 -47.7366 -6.0547 -44.9369 31.6084 -42.2937 30.3903 -38.0420 11.1823 -33.2455 -36.2066 -26.1517 -42.1453 8.6806 -27.7436 -46.7532 9.2855 -46.8168 -22.5172 -49.0956 11.2888 -40.7444 22.6658 -39.9565 32.0736 -42.6129 15.5193 -46.3771 -17.9774 -48.8310 -24.2133 -48.6095 -26.5144 -47.6060 -26.9211 -47.9529 -25.8588 -48.9786 -22.9608 -48.4943 -16.3558 -46.0479 16.0235 -42.7913 33.7185 -40.0150 25.9427 -39.1282 21.6072 -38.5947 23.7278 -38.4297 -46.7213 -7.1114 -45.8048 -23.1287 31.6224 -42.4031 -12.6969 -45.5319 -35.6328 27.5188 -43.2213 31.6772 -43.7012 -26.1246 3.5226 -37.1058 -18.5993 -43.2022 -32.3118 29.6812 -48.4479 -29.0595 23.3936 -43.2576 -25.9648 4.7076
-24.3135 -43.4872 24.1083 -29.1866 -48.5505 27.8959 -32.4168 -42.2421 -19.0746 -37.3808 4.9683 -26.1375 -44.0014 27.1847 -30.6150 -33.3822 -33.4528 -36.7528 -28.0711 -45.6532 -33.7360 4.2674 -32.9086 -46.8264 -18.5067 -44.8266 35.6073 -40.7379 18.5938 -36.3408 -8.4702 -30.7218 -47.3495 -27.3667 -46.8839 31.6932 -35.5759 -46.0916 -16.7793 -46.7214 -26.6966 -14.0664 -30.8737 -46.8849 27.9014 -37.6352 9.1463 -37.4591 18.9112 -39.7320 31.9003 -42.2614 32.7324 -44.1221 8.0312 -45.0613 -3.3406 -45.2202 -0.2802 -44.6736 19.0370 -43.5514 35.3814 -41.6616 30.1320 -39.4410 18.5800 -37.2594 8.0873 -35.7069 5.7728 -37.6749 25.6696 -45.5419 -21.9301 31.2638 -41.7322 -13.0440 -38.7707 -37.8840 34.2620 -46.7839 -29.5250 17.3364 -44.1377 -25.2445 16.7340 28.2138 -43.9479 -26.1374 4.9668 -37.3803 -19.0746 -42.2421 -32.4168 27.8959 -48.5505 -29.1866 24.1083 -43.4872 -24.3135
-43.8220 24.8182 -29.3158 -48.6410 25.7479 -32.5196 -41.1374 -19.5449 -37.6272 6.1357 -26.1657 -43.9133 26.4653 -28.2263 -47.2304 -45.1734 20.2679 -33.2586 -46.7048 -28.7620 22.9202 -40.3498 13.3587 -31.2331 -48.6504 26.5960 -40.8290 15.1680 -34.8215 -35.4064 -27.9936 -48.4570 -30.7317 -19.4699 -13.8278 -38.4451 -2.1727 -25.7067 -46.5264 -21.1035 -31.4057 -37.2732 18.6673 2.4225 -34.5377 -20.8451 -31.8833 -26.9149 -33.7245 4.5000 -36.6735 15.3905 -38.5796 22.4530 -39.4665 26.7493 -39.9382 27.6489 -39.7188 25.0458 -39.1237 19.7687 -37.8739 12.7280 -35.9670 1.3130 -33.1421 -32.0812 -30.3418 -41.6085 -33.3983 9.8557 -40.6351 -13.7706 -38.8267 -37.6026 31.1392 -45.3810 -28.0603 9.4736 -40.0289 -12.9459 -38.4137 -36.8382 -6.9431 -35.9679 -42.6231 -27.1699 26.3985 -43.9188 -26.1676 6.1327 -37.6268 -19.5449 -41.1374 -32.5196 25.7479 -48.6410 -29.3158 24.8182 -43.8220
25.5565 -29.2706 -48.7163 23.2109 -32.6201 -39.8772 -20.0013 -37.8580 7.1049 -26.2278 -43.9559 26.1582 -28.6109 -48.3366 27.8139 -20.8612 -38.7988 -7.1174 -25.6181 -46.2080 -42.9108 -15.5300 -39.6898 -6.1545 -22.6233 -43.4432 21.4701 -35.3021 -40.0242 -24.8885 -48.3310 -28.1836 6.2171 -40.6490 -9.5665 -37.7800 -26.7527 -47.4956 -4.2891 -48.2443 -31.2238 17.8545 -44.1829 -23.8284 -48.4505 -24.0933 -48.8314 -23.5068 -48.5104 -28.1958 -39.3458 -31.9211 -12.0390 -34.4650 2.8619 -36.0642 7.4543 -36.6857 6.8165 -35.8523 -0.7412 -33.6388 -24.2906 -30.6112 -44.3925 -26.8713 -48.9187 -21.9664 -48.1323 -25.3442 -36.5637 -36.6254 32.4816 -46.7804 -29.2064 8.5930 -39.4352 4.9073 -48.4557 -34.4604 24.9979 -45.0561 -28.0266 16.5048 -44.5913 -27.8580 32.6556 -48.7015 -28.6490 26.1841 -43.9636 -26.2297 7.1033 -37.8580 -20.0013 -39.8772 -32.6201 23.2109 -48.7163 -29.2706 25.5565
-28.6674 -48.7723 20.3033 -32.7156 -38.4655 -20.4416 -38.0821 7.9606 -26.3103 -44.0872 26.2912 -28.9887 -48.5684 29.9227 -34.9345 -48.8010 27.1875 -32.1207 -48.6791 27.7452 -32.0603 -48.8266 31.0591 -33.0073 -48.8478 35.4151 -37.4535 -24.2755 -25.0276 -46.1792 -17.7623 -45.8023 -35.5675 24.4010 -43.6644 -12.6762 -46.0622 30.6455 -43.2168 -17.2299 -41.5544 -36.1748 29.3747 -44.3836 8.9240 -44.4152 23.9746 -44.2063 -1.1840 -46.6754 -18.6875 -48.7905 -25.0889 -47.5601 -29.5775 -37.2917 -32.7347 -25.4504 -32.8176 -37.7606 -29.1996 -48.3509 -23.2981 -48.2017 -14.6835 -45.6416 12.7260 -43.5383 -1.7727 -48.3431 -31.2951 12.7315 -41.4631 -15.1492 -44.6531 -35.7338 26.4469 -44.3283 -25.7217 -5.3858 -38.5175 13.4664 -48.5544 -34.0954 31.2876 -48.7026 -34.0162 28.3592 -48.5608 -28.9881 26.3138 -44.0910 -26.3106 7.9606 -38.0821 -20.4416 -38.4655 -32.7156 20.3033 -48.7723 -28.6674
-48.5416 16.9774 -32.7961 -36.8921 -20.8609 -38.2997 8.7513 -26.4036 -44.2651 26.7084 -29.3023 -48.7165 26.5903 -35.2833 -14.6592 -20.3566 -36.4822 -38.3602 -14.3166 -39.1026 -7.0592 -18.7841 -38.9247 -16.1725 -19.4493 -40.8116 8.6487 -28.9097 -46.8440 11.2690 -46.2098 -26.9118 -11.6852 -38.0848 24.5618 -41.2735 30.3634 -40.5708 33.7181 -45.7101 -25.2151 -19.2100 -36.7411 21.3272 -39.5464 24.7120 -39.7521 25.7532 -40.3207 33.9105 -42.6707 23.4164 -45.9269 -17.2669 -48.7427 -27.0408 -44.0983 -30.4702 -43.2117 -27.4269 -48.7498 -15.8016 -45.2056 33.6730 -41.6058 30.4276 -40.1820 32.9051 -43.3662 -23.1357 -22.9822 -37.9081 35.6761 -48.0554 -30.4108 10.0294 -40.4474 -5.8442 -48.1167 -34.5045 22.3092 -43.3422 -24.5963 -6.2120 -37.7721 -18.0305 -33.1918 -34.5035 26.8722 -48.7318 -29.2816 26.7153 -44.2660 -26.4036 8.7513 -38.2997 -20.8609 -36.8921 -32.7961 16.9774 -48.5416
1.1347 -32.4189 -35.1731 -21.2606 -38.5144 9.4880 -26.5038 -44.4647 27.2746 -29.5523 -48.8006 21.7165 -34.2223 -25.1612 -23.3368 -38.2789 4.0263 -24.9673 -42.2078 16.0375 -28.8564 -45.1225 20.5063 -30.0145 -46.2648 27.9360 -34.1625 -48.5478 -7.2982 -42.6517 -15.2536 -48.2193 -33.2131 -0.3973 -37.2658 11.6267 -37.4540 13.1642 -39.5715 35.7834 -47.4239 -26.1453 -33.9388 -33.5625 1.5020 -35.2263 3.4505 -35.7246 9.4353 -37.7909 20.4223 -40.6612 36.0253 -45.5603 -16.8734 -48.7426 -26.9690 -45.5001 -27.4889 -48.5967 -17.7783 -45.4274 35.4786 -39.9856 16.6249 -37.7456 15.9727 -39.9181 1.3972 -48.5451 -33.9264 22.5845 -43.7804 -23.3864 -22.5278 -37.8532 35.4026 -47.2432 -28.9641 5.7878 -39.7319 10.7969 -48.8893 -33.6773 19.9179 -42.0199 -25.6894 -16.0872 -35.7465 23.1185 -48.5417 -29.4895 27.2742 -44.4652 -26.5038 9.4880 -38.5144 -21.2606 -35.1731 -32.4189 1.1347
-33.5561 -33.3125 -21.6376 -38.7299 10.1897 -26.6090 -44.6761 27.9107 -29.7572 -48.8351 16.3489 -33.4544 -32.4097 -22.6936 -39.6468 13.4297 -30.2977 -46.6520 30.8155 -33.7840 -49.1513 30.2790 -35.5353 -45.9148 -2.9592 -38.1812 -9.2326 -25.2185 -44.8055 -3.9011 -48.6087 -30.9088 1.1810 -36.7498 3.1885 -35.6256 -16.1830 -34.6608 10.0462 -39.8554 35.2754 -46.6068 -21.0645 -48.7553 -26.7698 -47.0137 -28.1461 -44.5194 -30.8255 -17.6688 -35.8403 16.1912 -41.2011 34.2162 -46.8730 -19.6652 -48.6284 -25.5180 -48.4341 -20.9736 -47.1847 33.7486 -40.7920 13.4548 -35.8257 -0.9150 -37.8095 34.8176 -46.9596 -29.2519 9.0715 -40.2083 -8.5486 -47.7551 -34.3823 22.5982 -43.5312 -22.0476 -31.8845 -37.1695 32.6385 -46.1902 -27.3716 1.0958 -39.2430 15.5260 -48.9535 -33.4065 16.5956 -39.0808 -5.8457 -48.3896 -29.6908 27.9134 -44.6761 -26.6090 10.1897 -38.7299 -21.6376 -33.3125 -33.5561
-33.7702 -21.9842 -38.9472 10.8732 -26.7178 -44.8940 28.5853 -29.9339 -48.8356 11.6713 -33.4117 -31.5317 -24.5732 -43.7474 28.1481 -35.8735 -45.9110 -7.1798 -38.2608 -13.8740 -21.3918 -40.9006 7.2148 -25.9764 -43.4998 20.6740 -33.8827 -48.3706 -16.8452 -47.0952 -27.4872 5.1274 -39.2680 26.2622 -38.6950 5.5589 -33.6220 -40.7577 -33.1380 9.5474 -39.4496 33.3819 -43.4071 8.6111 -45.7460 -10.0925 -46.7267 -16.8966 -48.5244 -27.0605 -32.3481 -36.0161 19.8631 -42.4124 23.2803 -47.4081 -18.6602 -48.6550 -19.6523 -47.7279 14.6985 -42.5067 19.5342 -35.9784 -24.9332 -35.3191 21.1997 -43.9087 -23.8469 -17.5425 -37.9962 34.7861 -48.2278 -30.5113 11.0046 -40.4550 -7.0898 -48.2244 -33.7774 19.6526 -42.5504 -18.9154 -41.1144 -36.2718 30.7365 -46.3224 -28.0336 8.0745 -40.3699 5.8361 -47.6998 -22.3430 -48.5592 -29.9158 28.5867 -44.8940 -26.7178 10.8732 -38.9472 -21.9842 -33.7702
-20.7857 -39.1660 11.5449 -26.8288 -45.1148 29.2797 -30.0949 -48.7994 7.5457 -33.9289 -21.2195 -27.4894 -48.1635 8.5308 -41.3025 9.9319 -27.9504 -44.7325 21.7826 -31.3786 -47.4328 30.5427 -33.8773 -49.0703 25.5118 -38.9543 2.9519 -30.3797 -48.7262 -21.7048 -43.1029 -34.2423 3.6967 -46.6396 35.3847 -38.8502 -4.8017 -30.0396 -46.6826 -31.7551 3.2018 -37.5816 20.7906 -39.8432 29.8097 -41.1110 34.4696 -42.4384 15.4605 -47.5152 -26.7910 -20.0766 -37.4338 24.1744 -42.9788 25.4315 -46.5058 -8.3027 -46.7622 16.3891 -43.3985 26.0989 -37.7708 -15.4087 -32.6918 2.2978 -40.0875 -18.7476 -44.9333 -35.2940 29.0881 -45.5539 -26.3515 -5.3365 -38.6606 34.1718 -48.1816 -30.1774 8.9653 -40.0388 7.5156 -48.8509 -32.4570 15.3683 -41.8988 -17.8748 -37.2906 -37.0092 34.3317 -49.1613 -31.9167 14.8380 -22.6006 -48.6883 -30.1008 29.2797 -45.1148 -26.8288 11.5449 -39.1660 -20.7857
-39.9212 12.2066 -26.9412 -45.3348 29.9776 -30.2457 -48.7617 3.6282 -33.7672 -6.3692 -47.8096 -47.9183 -23.6957 -47.1640 34.4117 -36.2425 -46.1489 3.7080 -36.7539 -37.1843 -13.0630 -38.6994 -9.1816 -24.0821 -44.0111 29.2410 -37.9544 -6.2519 -29.7501 -48.5806 -21.7168 -49.5694 15.4901 -28.6036 -47.6408 31.6951 -35.7793 -44.0958 -24.0429 -48.7539 -28.8940 -27.2056 -33.9629 4.8151 -36.3296 11.8166 -38.0197 21.0439 -40.6090 25.2895 -48.0788 -28.5737 -6.0617 -38.1115 23.8680 -42.3511 35.9987 -44.1493 35.7676 -42.8492 26.7611 -38.8524 0.0864 -31.2622 -44.0750 -33.6714 31.2758 -47.9270 -32.8492 18.5970 -42.4022 -20.7398 -36.8380 -36.5373 31.1065 -45.8003 -26.1037 -9.6259 -38.4287 35.7585 -47.3282 -28.4454 1.5409 -39.2884 31.9759 -48.6645 -31.7608 17.9463 -43.8137 -25.1314 8.8220 -42.0297 -29.3266 2.2190 -48.7353 -30.2445 29.9776 -45.3348 -26.9412 12.2066 -39.9212
12.7189 -27.0063 -45.5533 30.6637 -30.3885 -48.7583 0.2827 -33.3121 -24.7175 -24.5001 -28.6364 -30.5764 -42.4151 -18.1570 -42.1985 10.1341 -26.1932 -43.3047 14.9857 -27.8720 -44.5377 20.7862 -33.3031 -48.6701 -13.1627 -42.8672 26.5861 -37.8916 -0.6775 -26.9369 -46.5882 9.2458 -37.8306 -25.6181 -19.3180 -42.0327 11.6815 -29.7740 -47.9072 -12.5290 -47.6067 -22.7594 -48.3727 -28.1208 -41.6872 -31.3830 -15.7983 -35.5539 16.5551 -40.5763 12.6775 -48.5351 -29.4001 -6.7098 -37.1855 17.7367 -40.3376 25.0235 -40.6512 20.1178 -38.1898 1.7057 -31.2134 -48.5180 -24.5589 -45.1155 -27.4082 -32.2861 11.5644 -39.8848 -9.8375 -47.6721 -33.9401 22.2987 -43.1509 -20.8820 -38.8712 -36.1903 27.7620 -44.7135 -23.3371 -30.1625 -37.1441 29.4299 -45.0537 -24.5268 -15.1155 -38.0403 22.7275 -48.7675 -34.5974 29.6572 -29.9155 -33.1792 0.3410 -48.7582 -30.3876 30.6638 -45.5533 -27.0063 12.7189
-25.6959 -45.7697 31.3299 -30.5280 -48.7553 -2.4046 -33.4977 -23.2391 -23.1100 -39.2400 -24.7629 11.7855 -31.9033 -48.5856 34.0864 -34.1938 -49.2607 34.6545 -34.5034 -48.9599 27.9737 -37.7577 -3.7121 -30.5271 -48.7396 -14.1570 -42.9562 28.6023 -37.4017 -43.1061 -11.7157 -41.6762 14.7345 -30.6810 -48.0679 35.0184 -36.8003 -39.0288 -19.4814 -43.6911 33.1009 -44.0356 -2.0321 -46.7028 -18.0662 -48.7040 -26.3706 -39.4406 -34.4756 17.3592 -40.7763 5.0659 -48.5604 -28.0901 -27.7016 -34.4299 5.7244 -36.6167 7.4949 -35.4322 -13.1262 -30.1531 -48.7155 -16.5885 -46.4533 -16.4714 -48.9633 30.6312 -39.4195 30.2818 -48.8000 -31.3103 14.7320 -40.8476 -13.2716 -47.4894 -33.7586 19.4468 -41.9365 -15.9138 -46.5109 -34.3926 19.1117 -42.2065 -13.1047 -47.5602 -34.4048 21.2724 -43.3441 -24.4697 -1.4925 -38.9801 -22.9731 -23.5781 -33.4706 -2.3573 -48.7554 -30.5285 31.3300 -45.7697 -25.6959
-45.9029 31.9603 -30.6635 -48.7227 -4.6699 -33.7820 -20.8852 -23.3450 -39.7344 13.4964 -25.9810 -38.9997 -21.5406 -17.2343 -39.1718 -10.2781 -19.9459 -39.5520 -3.4769 -22.0024 -41.4269 20.9033 -37.7493 3.9683 -31.6274 -48.3315 -13.9909 -43.3948 15.3031 -5.3204 -42.7441 23.8386 -35.2181 -45.2101 -13.6159 -41.2987 11.9327 -31.0025 -48.3902 28.3942 -41.0367 27.7407 -40.5174 34.0453 -42.5641 22.5341 -46.5861 -23.2858 -41.7897 -34.4701 18.0623 -40.7643 19.0153 -47.7284 -23.6068 -47.2951 -29.1824 -39.7854 -29.8582 -44.8331 -26.1185 -48.6681 -9.6497 -43.8008 36.0219 -42.9328 35.4560 -39.9906 32.2943 -46.4669 -28.1396 5.7525 -39.3628 9.1449 -48.8541 -31.6679 13.3567 -40.2905 -0.4330 -48.7648 -31.7768 11.0596 -40.4679 23.3183 -48.4803 -30.1634 6.2327 -39.7243 16.5932 -48.9511 -33.3430 17.5303 -41.1004 -23.5558 -22.5780 -33.7071 -4.6567 -48.7229 -30.6637 31.9603 -45.9029
31.0965 -30.5299 -48.6588 -6.6121 -34.0685 -18.3338 -23.6051 -40.0391 13.9119 -27.4580 -45.9069 18.9281 -27.3937 -44.3762 18.2437 -28.5708 -45.0855 21.2729 -30.4724 -46.6314 36.0212 -41.6015 31.6051 -39.5752 11.6333 -31.7322 -48.7580 -20.4284 -43.5857 -38.2339 19.0486 -36.2947 -28.1100 -24.9434 -45.1335 31.8718 -37.4767 -25.9221 -23.9218 -44.6346 29.9548 -38.8269 13.2219 -38.0328 19.3318 -40.0173 35.7789 -45.6780 -22.5334 -42.0934 -34.1226 15.6975 -40.2066 35.7429 -44.8571 -10.4028 -47.6779 -18.5129 -48.1341 -15.5417 -46.3389 23.2334 -42.1450 27.6890 -39.6029 19.0435 -38.8842 21.4710 -42.3048 -22.4029 -21.2948 -37.8513 35.2415 -48.0449 -29.6542 7.3289 -39.5931 25.6851 -48.3135 -29.7654 3.3227 -39.2491 35.8065 -46.7200 -25.9762 -20.8919 -37.5669 31.9316 -45.8638 -26.7126 -5.4990 -38.9358 33.2456 -44.0805 -24.7061 -20.6289 -34.0161 -6.5916 -48.6589 -30.5299 31.0965
-30.3945 -48.5620 -8.2650 -34.3539 -15.7424 -23.8621 -40.2831 14.7538 -27.5061 -46.4623 33.0113 -29.8568 -48.4632 34.2355 -32.7680 -49.1550 32.6987 -35.5377 -45.7303 -9.3010 -42.5078 -13.0994 -46.9227 26.1973 -40.0823 8.9423 -29.3825 -48.3339 -26.4133 -10.9992 -33.9792 -29.0651 -30.0462 -48.6225 -6.9759 -41.4253 19.2801 -34.3620 -47.1377 -12.8822 -41.5756 16.6431 -36.2881 -8.9383 -34.9306 9.8027 -39.0662 34.0618 -45.2639 -21.4711 -45.2904 -32.7481 9.2524 -38.6293 26.2687 -41.2209 35.4291 -42.8869 35.7175 -42.3431 32.3018 -40.2328 18.7398 -37.3562 4.4599 -35.7653 9.0090 -38.8708 -1.5283 -47.5161 -34.8104 28.9888 -45.8066 -26.6521 -4.0812 -38.6752 35.4453 -47.6162 -28.1229 -5.3644 -38.3055 32.2760 -45.1049 -21.9610 -41.6548 -35.2910 21.1153 -42.3428 -18.5110 -43.0423 -35.8634 23.1230 -43.4529 14.3520 -46.1133 -24.9704 -16.9201 -34.3461 -8.2559 -48.5620 -30.3945
-48.6143 -9.7055 -34.6359 -13.1831 -24.1088 -40.5191 15.4466 -27.5852 -46.5145 33.6474 -30.4268 -48.9536 15.5628 -35.8329 -34.3436 -18.8885 -40.4616 7.1079 -26.5035 -44.2259 -8.0780 -40.7706 -27.8185 -48.9814 28.1303 -38.1463 -21.9663 -23.5965 -47.8075 -27.4054 -40.7704 -33.2246 -28.3786 -28.8498 -48.5328 5.5120 -40.4064 11.7284 -31.0297 -48.6363 32.3187 -39.1605 1.4891 -32.3450 -43.8324 -32.2716 3.5096 -38.4542 31.8462 -44.3260 -17.4114 -48.5452 -30.2719 -10.0641 -35.6038 11.0813 -37.7364 16.8178 -38.3054 15.4045 -37.1927 7.0365 -34.2585 -26.3860 -31.4332 -31.9017 -36.0953 31.5996 -47.2537 -30.2842 15.5755 -42.0660 -20.9989 -33.3169 -36.9260 32.8407 -46.2813 -26.1854 -16.3137 -37.5512 29.7539 -44.2286 -19.5940 -46.3536 -33.5418 15.0393 -40.4359 -4.0679 -48.7163 -32.4741 13.7338 -41.3275 30.7778 -46.9438 -12.1276 -44.3817 -24.4844 -13.2181 -34.6407 -9.6970 -48.6151
-12.8619 -34.9120 -10.7385 -24.3444 -40.7517 16.1145 -27.6905 -46.6892 33.8562 -31.3979 -48.1768 -12.9527 -39.7716 10.9262 -30.0138 -46.8299 30.8800 -34.6681 -48.9225 20.3897 -39.9960 -33.3740 7.7014 -29.1857 -46.9103 28.0256 -33.5334 -48.7610 -17.3439 -48.7160 -32.8013 17.2985 -37.4914 3.9849 -29.9702 -48.5599 32.1639 -38.9276 -5.9283 -25.4176 -45.0719 27.1510 -36.2132 -38.6615 -26.7177 -48.5959 -30.0162 -2.8677 -37.9272 27.1383 -42.3397 -4.3444 -48.2348 -25.0796 -46.1374 -30.1090 -30.1600 -32.2647 -20.9322 -31.9853 -34.7719 -29.3271 -47.6029 -24.9145 -48.7665 -30.4232 10.6894 -41.8243 -21.7863 -11.2002 -38.4295 0.9453 -48.0105 -34.1361 23.8212 -43.9740 -22.8771 -31.9236 -36.5677 27.9450 -43.9324 -19.4915 -46.6996 -32.9237 12.5574 -39.8442 23.8164 -48.4729 -30.3666 8.0550 -39.8921 35.9441 -45.7556 -15.0869 -48.4916 -17.7231 -42.4069 -24.3990 -10.4935 -34.9040 -12.9044
