-21.9305 -43.4234 24.2507 -28.3509 -48.4356 6.4552 -33.2274 -37.1707 -20.2641 -39.5455 11.3791 -25.4215 -45.5186 30.4160 -30.0619 -48.7564 -11.3283 -35.7301 -13.4394 -22.6535 -41.5702 18.2057 -26.9212 -47.3925 28.2639 -31.8051 -46.1557 -17.2762 -37.8765 3.9984 -24.2274 -43.6812 25.0998 -28.5556 -48.4989 2.8764 -33.4095 -35.0273 -20.6079 -39.7897 12.2567 -25.5997 -45.7699 30.8938 -30.2785 -48.6777 -12.3592 -36.0395 -10.1215 -23.1791 -44.3063 -23.1791 -10.1215 -36.0395 -12.3592 -48.6777 -30.2785 30.8938 -45.7699 -25.5997 12.2567 -39.7897 -20.6079 -35.0273 -33.4095 2.8764 -48.4989 -28.5556 25.0998 -43.6812 -24.2274 3.9984 -37.8765 -17.2762 -46.1557 -31.8051 28.2639 -47.3925 -26.9212 18.2057 -41.5702 -22.6535 -13.4394 -35.7301 -11.3283 -48.7564 -30.0619 30.4160 -45.5186 -25.4215 11.3791 -39.5455 -20.2641 -37.1707 -33.2274 6.4552 -48.4356 -28.3509 24.2507 -43.4234 -21.9305
-43.4234 23.8188 -29.0748 -48.6468 22.8098 -32.2512 -36.7659 -21.2819 -38.7443 10.9182 -26.7975 -45.3481 30.6994 -30.2943 -48.7188 -6.7930 -34.3623 -13.1109 -24.3532 -41.0041 17.4884 -27.9432 -47.4166 34.6243 -31.4749 -45.9762 -17.0161 -36.8539 3.7923 -25.9008 -43.3325 24.3387 -29.1867 -48.7360 19.1914 -32.3286 -34.5848 -21.7465 -39.0186 11.7622 -26.9330 -45.6238 31.5338 -30.4485 -48.6309 -8.7781 -34.7176 -10.0661 -24.6434 -41.0246 28.7028 -41.0246 -24.6434 -10.0661 -34.7176 -8.7781 -48.6309 -30.4485 31.5338 -45.6238 -26.9330 11.7622 -39.0186 -21.7465 -34.5848 -32.3286 19.1914 -48.7360 -29.1867 24.3387 -43.3325 -25.9008 3.7923 -36.8539 -17.0161 -45.9762 -31.4749 34.6243 -47.4166 -27.9432 17.4884 -41.0041 -24.3532 -13.1109 -34.3623 -6.7930 -48.7188 -30.2943 30.6994 -45.3481 -26.7975 10.9182 -38.7443 -21.2819 -36.7659 -32.2512 22.8098 -48.6468 -29.0748 23.8188 -43.4234
24.2507 -29.0748 -48.6117 24.6498 -32.6625 -38.1866 -20.9142 -38.5343 10.2434 -26.7232 -45.1271 30.0162 -30.4100 -48.7532 -4.9074 -34.0720 -15.6924 -24.1194 -40.7779 16.8472 -27.9182 -47.2350 34.7276 -31.7110 -46.5084 -16.3811 -36.6488 2.7542 -25.7916 -43.1027 23.6330 -29.2269 -48.6678 22.3094 -32.7449 -36.3327 -21.3890 -38.8009 11.0945 -26.8642 -45.4055 30.8810 -30.5768 -48.7046 -7.2033 -34.4352 -12.4598 -24.4132 -41.0896 16.9889 -32.7144 16.9889 -41.0896 -24.4132 -12.4598 -34.4352 -7.2033 -48.7046 -30.5768 30.8810 -45.4055 -26.8642 11.0945 -38.8009 -21.3890 -36.3327 -32.7449 22.3094 -48.6678 -29.2269 23.6330 -43.1027 -25.7916 2.7542 -36.6488 -16.3811 -46.5084 -31.7110 34.7276 -47.2350 -27.9182 16.8472 -40.7779 -24.1194 -15.6924 -34.0720 -4.9074 -48.7532 -30.4100 30.0162 -45.1271 -26.7232 10.2434 -38.5343 -20.9142 -38.1866 -32.6625 24.6498 -48.6117 -29.0748 24.2507
-28.3509 -48.6468 24.6498 -32.6434 -39.0180 -20.6097 -38.3503 9.6049 -26.6149 -44.9035 29.3014 -30.2809 -48.7596 -2.7673 -33.7717 -18.3888 -23.8669 -40.5531 16.2106 -27.7927 -47.0441 34.6492 -31.5943 -46.9680 -15.6967 -36.4402 1.6318 -25.6927 -42.8692 22.9232 -29.0980 -48.5814 24.9790 -32.6602 -37.9414 -21.0003 -38.5851 10.4159 -26.7501 -45.1815 30.1867 -30.4483 -48.7469 -5.4243 -34.1422 -15.0515 -24.1795 -40.8362 17.1008 -28.4460 -48.7546 -28.4460 17.1008 -40.8362 -24.1795 -15.0515 -34.1422 -5.4243 -48.7469 -30.4483 30.1867 -45.1815 -26.7501 10.4159 -38.5851 -21.0003 -37.9414 -32.6602 24.9790 -48.5814 -29.0980 22.9232 -42.8692 -25.6927 1.6318 -36.4402 -15.6967 -46.9680 -31.5943 34.6492 -47.0441 -27.7927 16.2106 -40.5531 -23.8669 -18.3888 -33.7717 -2.7673 -48.7596 -30.2809 29.3014 -44.9035 -26.6149 9.6049 -38.3503 -20.6097 -39.0180 -32.6434 24.6498 -48.6468 -28.3509
-48.4356 22.8098 -32.6625 -39.0180 -20.4923 -38.2334 9.0978 -26.5244 -44.6947 28.6055 -30.1566 -48.7460 -0.3085 -33.4631 -21.1354 -23.5971 -40.3304 15.5793 -27.6662 -46.8446 34.4358 -31.4758 -47.3608 -14.9592 -36.2218 0.4092 -25.5867 -42.6324 22.2109 -28.9712 -48.4810 27.2695 -32.5607 -39.4116 -20.5872 -38.3716 9.7252 -26.6360 -44.9522 29.4644 -30.3212 -48.7605 -3.3797 -33.8388 -17.7746 -23.9280 -40.6143 16.3786 -27.8018 -46.4583 14.7698 -46.4582 -27.8018 16.3786 -40.6143 -23.9280 -17.7746 -33.8388 -3.3845 -48.7605 -30.3212 29.4644 -44.9522 -26.6360 9.7252 -38.3716 -20.5872 -39.4116 -32.5607 27.2695 -48.4810 -28.9712 22.2109 -42.6324 -25.5867 0.4092 -36.2218 -14.9592 -47.3608 -31.4758 34.4358 -46.8446 -27.6662 15.5793 -40.3304 -23.5971 -21.1354 -33.4631 -0.3085 -48.7460 -30.1566 28.6055 -44.6947 -26.5244 9.0978 -38.2334 -20.4923 -39.0180 -32.6625 22.8098 -48.4356
6.4552 -32.2512 -38.1866 -20.6097 -38.2334 8.8927 -26.4718 -44.5411 28.0286 -30.0508 -48.7576 2.3723 -33.1664 -23.8242 -23.3126 -40.1115 14.9567 -27.5413 -46.6404 34.1086 -31.3531 -47.6946 -14.1556 -35.9936 -0.9278 -25.4651 -42.3953 21.5058 -28.8475 -48.3690 29.1744 -32.4540 -40.7307 -20.1530 -38.1625 9.0262 -26.5231 -44.7210 28.7288 -30.1971 -48.7485 -1.0488 -33.5436 -20.5787 -23.6572 -40.3944 15.7606 -27.6944 -46.9310 34.2884 -34.3412 34.2882 -46.9314 -27.6945 15.7605 -40.3939 -23.6579 -20.5781 -33.5070 -1.1595 -48.7486 -30.1983 28.7288 -44.7210 -26.5231 9.0262 -38.1625 -20.1530 -40.7307 -32.4540 29.1744 -48.3690 -28.8475 21.5058 -42.3953 -25.4651 -0.9278 -35.9936 -14.1556 -47.6946 -31.3531 34.1086 -46.6404 -27.5413 14.9567 -40.1115 -23.3126 -23.8242 -33.1664 2.3723 -48.7576 -30.0508 28.0286 -44.5411 -26.4718 8.8927 -38.2334 -20.6097 -38.1866 -32.2512 6.4552
-33.2274 -36.7659 -20.9142 -38.3503 9.0978 -26.4718 -44.4838 27.6850 -29.9775 -48.7880 4.8962 -32.9976 -26.3104 -23.0177 -39.8968 14.3404 -27.4189 -46.4321 33.6874 -31.2223 -47.9789 -13.2579 -35.7607 -2.3752 -25.3257 -42.1542 20.7959 -28.7292 -48.2465 30.7174 -32.3330 -41.9280 -19.6881 -37.9588 8.3194 -26.4099 -44.4845 27.9736 -30.0773 -48.7570 1.5826 -33.2433 -22.6061 -27.9040 -39.6777 15.2121 -27.5732 -46.6770 34.2277 -32.1628 -34.5093 -32.1658 34.2271 -46.6839 -27.5594 15.1967 -40.1999 -23.3161 -24.2732 -33.3596 1.1964 -48.7505 -30.0804 27.9749 -44.4845 -26.4099 8.3194 -37.9588 -19.6881 -41.9280 -32.3330 30.7174 -48.2465 -28.7292 20.7959 -42.1542 -25.3257 -2.3752 -35.7607 -13.2579 -47.9789 -31.2223 33.6874 -46.4321 -27.4189 14.3404 -39.8968 -23.0177 -26.3104 -32.9976 4.8962 -48.7880 -29.9775 27.6850 -44.4838 -26.4718 9.0978 -38.3503 -20.9142 -36.7659 -33.2274
-37.1707 -21.2819 -38.5343 9.6049 -26.5244 -44.5411 27.6850 -29.9504 -48.7990 6.7487 -32.9473 -28.3710 -22.7355 -39.6956 13.7437 -27.3003 -46.2230 33.1971 -31.0796 -48.2192 -12.2274 -35.5284 -3.9185 -25.1707 -41.9053 20.0703 -28.6200 -48.1200 31.9126 -32.1880 -43.0236 -19.1815 -37.7637 7.6142 -26.2954 -44.2384 27.1887 -29.9663 -48.7930 4.4720 -32.9945 -25.4138 -32.7032 27.6912 -36.9340 -26.1531 -46.6097 33.8899 -31.1397 -48.1948 -22.5246 -48.1912 -31.2456 33.6999 -46.4324 -27.2934 15.6477 -39.2575 -24.4960 -13.1092 -33.5806 4.0265 -48.7846 -29.9686 27.1914 -44.2389 -26.2955 7.6142 -37.7637 -19.1815 -43.0236 -32.1880 31.9126 -48.1200 -28.6200 20.0703 -41.9053 -25.1707 -3.9185 -35.5284 -12.2274 -48.2192 -31.0796 33.1971 -46.2230 -27.3003 13.7437 -39.6956 -22.7355 -28.3710 -32.9473 6.7487 -48.7990 -29.9504 27.6850 -44.5411 -26.5244 9.6049 -38.5343 -21.2819 -37.1707
-20.2641 -38.7443 10.2434 -26.6149 -44.6947 28.0286 -29.9775 -48.7990 7.4454 -32.9154 -29.7540 -22.5030 -39.5272 13.2099 -27.1908 -46.0194 32.6621 -30.9280 -48.4152 -11.0267 -35.3050 -5.5128 -25.0042 -41.6445 19.3174 -28.5233 -47.9917 32.8024 -32.0166 -44.0293 -18.6189 -37.5812 6.9246 -26.1798 -43.9827 26.3849 -29.8279 -48.8601 7.4014 -32.8481 -29.3164 -30.1667 1.8112 -39.5428 22.1852 -42.4082 27.0156 -30.9386 -48.3174 -10.6435 -37.5515 -11.3579 -48.0690 -31.3701 32.2981 -45.6009 -24.0428 -44.6845 -14.0357 -33.7374 -3.6723 -33.8613 7.1523 -48.8078 -29.8644 26.3811 -43.9842 -26.1801 6.9246 -37.5812 -18.6189 -44.0293 -32.0166 32.8024 -47.9917 -28.5233 19.3174 -41.6445 -25.0042 -5.5128 -35.3050 -11.0267 -48.4152 -30.9280 32.6621 -46.0194 -27.1908 13.2099 -39.5272 -22.5030 -29.7540 -32.9154 7.4454 -48.7990 -29.9775 28.0286 -44.6947 -26.6149 10.2434 -38.7443 -20.2641
-39.5455 10.9182 -26.7232 -44.9035 28.6055 -30.0508 -48.7880 6.7487 -32.9154 -30.2438 -22.3647 -39.4139 12.7919 -27.1009 -45.8349 32.1170 -30.7850 -48.5597 -9.6308 -35.0969 -7.0696 -24.8326 -41.3632 18.5121 -28.4501 -47.8692 33.4123 -31.8013 -44.9653 -17.9716 -37.4168 6.2746 -26.0624 -43.7133 25.5624 -29.8210 -48.6076 14.0538 -32.9706 -31.7386 -24.3389 -48.5047 -31.4435 5.0202 -35.2938 7.7641 -29.4553 -49.1101 -5.5451 -35.6571 11.9967 -35.5425 -11.8435 -48.3135 -31.3230 25.4087 -42.0692 8.6996 -43.9462 17.7933 -36.2108 -6.3035 -33.3810 9.9704 -48.8073 -29.7729 25.5379 -43.7160 -26.0630 6.2746 -37.4168 -17.9716 -44.9653 -31.8013 33.4123 -47.8692 -28.4501 18.5121 -41.3632 -24.8326 -7.0696 -35.0969 -9.6308 -48.5597 -30.7850 32.1170 -45.8349 -27.1009 12.7919 -39.4139 -22.3647 -30.2438 -32.9154 6.7487 -48.7880 -30.0508 28.6055 -44.9035 -26.7232 10.9182 -39.5455
11.3791 -26.7975 -45.1271 29.3014 -30.1566 -48.7576 4.8962 -32.9473 -29.7540 -22.3647 -39.3744 12.5629 -27.0424 -45.6959 31.6424 -30.6628 -48.6555 -8.1082 -34.9087 -8.5507 -24.6645 -41.0634 17.6474 -28.4122 -47.7700 33.7439 -31.5209 -45.8290 -17.2088 -37.2832 5.7224 -25.9429 -43.4249 24.6908 -29.8444 -48.6467 -21.2381 -32.1320 -32.5279 -22.4744 -41.1097 -0.1468 -49.1009 -25.5523 -48.4111 -23.1137 -46.8388 29.9691 -34.4988 -8.6827 -31.5741 -7.2452 -34.6861 -6.9875 -49.0651 -29.9221 10.4644 -36.6186 17.5074 -36.2229 -17.4070 -31.4983 -28.3317 -32.5430 12.9682 -48.8486 -29.6571 24.6717 -43.4275 -25.9434 5.7224 -37.2832 -17.2088 -45.8290 -31.5209 33.7439 -47.7700 -28.4122 17.6474 -41.0634 -24.6645 -8.5507 -34.9087 -8.1082 -48.6555 -30.6628 31.6424 -45.6959 -27.0424 12.5629 -39.3744 -22.3647 -29.7540 -32.9473 4.8962 -48.7576 -30.1566 29.3014 -45.1271 -26.7975 11.3791
-25.4215 -45.3481 30.0162 -30.2809 -48.7460 2.3723 -32.9976 -28.3710 -22.5030 -39.4139 12.5629 -27.0222 -45.6198 31.3195 -30.5695 -48.7104 -6.5807 -34.7480 -9.8950 -24.5103 -40.7611 16.7499 -28.4131 -47.7110 33.8259 -31.1482 -46.6199 -16.2746 -37.2000 5.3639 -25.8233 -43.1160 23.7270 -29.6360 -48.6178 -24.7691 -6.8458 -36.8976 24.6602 -38.6826 20.3225 -39.7775 34.8921 -43.5814 29.7218 -40.9410 25.4372 -33.0593 -35.7223 -24.6537 -47.0802 -25.3812 -16.2734 -34.3532 24.7259 -47.6061 -25.4584 -40.6333 -30.2384 -40.7691 -27.2789 -48.8531 -24.8777 -36.8991 -33.0455 20.5190 -48.4894 -30.5420 23.7669 -43.1162 -25.8232 5.3639 -37.2000 -16.2746 -46.6199 -31.1482 33.8259 -47.7110 -28.4131 16.7499 -40.7611 -24.5103 -9.8950 -34.7480 -6.5807 -48.7104 -30.5695 31.3195 -45.6198 -27.0222 12.5629 -39.4139 -22.5030 -28.3710 -32.9976 2.3723 -48.7460 -30.2809 30.0162 -45.3481 -25.4215
-45.5186 30.6994 -30.4100 -48.7596 -0.3085 -33.1664 -26.3104 -22.7355 -39.5272 12.7919 -27.0424 -45.6198 31.2032 -30.5184 -48.7350 -5.2842 -34.6215 -10.9794 -24.3784 -40.4715 15.8742 -28.4544 -47.7007 33.6691 -30.6841 -47.3042 -15.1144 -37.2081 5.3882 -25.7070 -42.7878 22.6957 -29.4906 -48.4095 -13.4108 -48.7085 -31.4971 -3.3346 -34.5326 -8.6890 -33.1822 4.3843 -35.6848 13.0844 -34.6310 2.7288 -29.7956 -48.8856 -17.3120 -41.6815 34.1450 -41.4428 -23.0408 -32.1844 -33.4274 30.2139 -42.4671 -8.5659 -47.0128 -15.2326 -46.6305 11.5860 -42.7359 -22.5127 -24.4248 -34.1047 -23.5692 -46.4143 -31.3901 22.7662 -42.7856 -25.7066 5.3905 -37.2081 -15.1145 -47.3042 -30.6841 33.6691 -47.7007 -28.4544 15.8742 -40.4715 -24.3784 -10.9794 -34.6215 -5.2842 -48.7350 -30.5184 31.2032 -45.6198 -27.0424 12.7919 -39.5272 -22.7355 -26.3104 -33.1664 -0.3085 -48.7596 -30.4100 30.6994 -45.5186
30.4160 -30.2943 -48.7532 -2.7673 -33.4631 -23.8242 -23.0177 -39.6956 13.2099 -27.1009 -45.6959 31.3195 -30.5184 -48.7415 -4.5513 -34.5404 -11.7727 -24.2776 -40.2178 15.0919 -28.5352 -47.7371 33.1951 -30.1589 -47.8201 -13.7754 -37.3743 6.0984 -25.5988 -42.3726 21.6017 -30.1991 -48.2452 17.0447 -42.5977 -10.6344 -49.1314 -24.9263 -49.1858 -22.6458 -48.9215 -25.3005 -47.4729 -26.3319 -48.8399 -21.9000 -46.3114 26.0591 -37.6519 14.6469 -35.3502 16.1338 -39.1971 -18.8276 -47.4065 -32.3574 14.2160 -37.7632 27.3635 -40.2310 28.9221 -39.3613 21.6571 -39.1118 27.8290 -38.5551 10.1330 -33.5660 -46.6553 -30.4954 21.6912 -42.4365 -25.5962 6.1117 -37.3750 -13.7746 -47.8201 -30.1589 33.1951 -47.7371 -28.5352 15.0919 -40.2178 -24.2776 -11.7727 -34.5404 -4.5513 -48.7415 -30.5184 31.3195 -45.6959 -27.1009 13.2099 -39.6956 -23.0177 -23.8242 -33.4631 -2.7673 -48.7532 -30.2943 30.4160
-30.0619 -48.7188 -4.9074 -33.7717 -21.1354 -23.3126 -39.8968 13.7437 -27.1908 -45.8349 31.6424 -30.5695 -48.7350 -4.5513 -34.5131 -12.2128 -24.2143 -40.0350 14.4763 -28.6415 -47.8152 32.2227 -29.6122 -48.1501 -12.5000 -37.7869 7.8607 -25.4895 -41.9954 32.9366 -32.3212 -48.5544 1.1514 -37.0421 26.6340 -42.1726 29.8598 -43.9056 32.2489 -41.7444 34.0600 -43.7940 5.7255 -43.9414 18.1790 -40.4153 24.5031 -34.4660 -10.1351 -29.9048 -46.5115 -30.0741 10.2151 -38.3121 -18.2387 -40.6495 -35.5343 8.6341 -36.2489 2.8267 -34.5239 -4.6562 -33.0941 -5.3119 -34.6841 3.0132 -33.9821 -35.8146 -22.2797 -48.4245 -29.5318 20.5894 -42.0729 -25.4836 7.8867 -37.7878 -12.4992 -48.1506 -29.6120 32.2227 -47.8152 -28.6415 14.4763 -40.0350 -24.2143 -12.2128 -34.5131 -4.5513 -48.7350 -30.5695 31.6424 -45.8349 -27.1908 13.7437 -39.8968 -23.3126 -21.1354 -33.7717 -4.9074 -48.7188 -30.0619
-48.7564 -6.7930 -34.0720 -18.3888 -23.5971 -40.1115 14.3404 -27.3003 -46.0194 32.1170 -30.6628 -48.7104 -5.2842 -34.5404 -12.2128 -24.1919 -39.9403 14.0921 -28.7433 -47.9089 30.6438 -29.1215 -48.3095 -11.8388 -38.5857 11.1539 -25.2955 -41.6767 33.1573 -46.3444 -26.6226 -7.3130 -32.7374 1.1688 -36.3515 14.4599 -37.6873 17.3097 -37.2696 16.0861 -39.1785 28.7145 -41.6357 28.1362 -44.7795 24.6236 -31.1015 -46.2555 -23.0001 -46.4837 -10.7011 -47.0070 -27.9966 -0.3425 -31.8026 -48.4940 28.8521 -39.2005 0.8933 -31.6175 -47.7614 -24.7422 -48.7589 -22.6389 -49.2265 -24.6461 -49.2149 -19.1674 -43.1319 17.4449 -48.1683 -30.3563 19.5347 -41.6754 -25.2893 11.1768 -38.5902 -11.8434 -48.3096 -29.1215 30.6438 -47.9089 -28.7433 14.0921 -39.9403 -24.1919 -12.2128 -34.5404 -5.2842 -48.7104 -30.6628 32.1170 -46.0194 -27.3003 14.3404 -40.1115 -23.5971 -18.3888 -34.0720 -6.7930 -48.7564
-11.3283 -34.3623 -15.6924 -23.8669 -40.3304 14.9567 -27.4189 -46.2230 32.6621 -30.7850 -48.6555 -6.5807 -34.6215 -11.7727 -24.2143 -39.9403 13.9658 -28.8059 -47.9804 28.7768 -28.7696 -48.3237 -12.3912 -39.8692 16.7789 -24.2985 -41.3633 22.4889 -39.7008 18.2700 -49.2922 -26.1032 -48.0209 -27.5277 -43.1193 -30.6389 -29.2735 -32.1952 -18.6878 -35.6575 13.0947 -40.7482 34.0574 -48.5752 -27.8421 8.0963 -43.2153 27.6483 -41.0101 31.3543 -40.1844 28.1879 -48.2927 -32.9193 -10.3986 -26.4120 -45.5756 27.6073 -35.6683 -44.4842 -20.7034 -45.2820 30.8410 -41.9381 34.0042 -43.0026 33.2895 -41.6947 25.0005 -36.3659 -1.7447 -47.7717 -32.6512 22.8577 -41.3338 -24.2937 16.7954 -39.8867 -12.3957 -48.3235 -28.7698 28.7768 -47.9804 -28.8059 13.9658 -39.9403 -24.2143 -11.7727 -34.6215 -6.5807 -48.6555 -30.7850 32.6621 -46.2230 -27.4189 14.9567 -40.3304 -23.8669 -15.6924 -34.3623 -11.3283
-35.7301 -13.1109 -24.1194 -40.5531 15.5793 -27.5413 -46.4321 33.1971 -30.9280 -48.5597 -8.1082 -34.7480 -10.9794 -24.2776 -40.0350 14.0921 -28.8059 -48.0066 27.4581 -28.5935 -48.2226 -14.7036 -39.0868 27.6601 5.1421 -41.3139 18.0664 -35.6810 15.6537 -41.0952 25.3356 -44.8269 1.6883 -45.5148 -15.1708 -48.0880 -21.8658 -48.7669 -28.8946 -22.1949 -37.1955 23.2200 -43.7249 -14.9624 -46.7146 -33.0623 11.7348 -35.4582 8.8752 -35.3172 8.1879 -35.0992 -15.2506 13.9781 -36.2377 -40.1477 -14.1690 -40.8847 8.1729 -28.7447 -47.2604 35.4176 -39.7914 17.2926 -36.8618 14.3203 -36.5440 11.1277 -35.3375 -4.2243 -30.6141 -43.8873 -16.8052 -40.2227 22.5708 -41.2457 5.1103 27.5183 -39.0783 -14.6464 -48.2230 -28.5935 27.4581 -48.0066 -28.8059 14.0921 -40.0350 -24.2776 -10.9794 -34.7480 -8.1082 -48.5597 -30.9280 33.1971 -46.4321 -27.5413 15.5793 -40.5531 -24.1194 -13.1109 -35.7301
-13.4394 -24.3532 -40.7779 16.2106 -27.6662 -46.6404 33.6874 -31.0796 -48.4152 -9.6308 -34.9087 -9.8950 -24.3784 -40.2178 14.4763 -28.7433 -47.9804 27.4581 -28.5501 -48.0968 -16.2863 -41.6451 -45.4829 29.3948 -41.9318 17.5594 -31.9134 -37.8963 -34.2090 12.8248 -38.5377 23.4786 -39.2545 30.1269 -41.7587 34.6780 -44.5986 -12.9124 -48.7552 -30.3923 0.6267 -39.0666 31.7024 -44.9747 -18.0892 -48.7232 -27.3058 -45.9305 -27.4418 -47.2419 -27.5974 -46.3473 -23.8203 -43.4830 15.1929 -29.3261 -46.9811 31.2783 -35.7993 -45.5312 -12.5810 -41.4471 16.0603 -34.9232 -29.3755 -30.4246 -40.9805 -28.8270 -46.7360 -26.2910 -48.8870 -20.8038 -47.5858 29.7384 -37.4275 18.3745 -41.8258 29.2289 -45.5728 -41.4042 -17.3342 -48.0984 -28.5501 27.4581 -47.9804 -28.7433 14.4763 -40.2178 -24.3784 -9.8950 -34.9087 -9.6308 -48.4152 -31.0796 33.6874 -46.6404 -27.6662 16.2106 -40.7779 -24.3532 -13.4394
-22.6535 -41.0041 16.8472 -27.7927 -46.8446 34.1086 -31.2223 -48.2192 -11.0267 -35.0969 -8.5507 -24.5103 -40.4715 15.0919 -28.6415 -47.9089 28.7768 -28.5935 -48.0971 -16.6423 -40.1079 -42.7649 32.4081 -42.4729 17.9789 -30.8156 -48.7295 -23.4603 -46.6700 -31.0068 -12.8637 -34.2790 4.4880 -37.0309 16.8401 -40.0505 33.4615 -44.3189 -15.6336 -48.3029 -31.9534 6.1234 -39.2384 30.2152 -42.9305 13.0417 -45.2402 -4.9965 -44.9219 -3.4579 -45.2709 -2.1301 -43.9158 27.3160 -34.8023 -46.9054 -5.6180 -39.7613 3.3973 -26.8228 -45.7732 29.6284 -36.6873 -33.9404 -25.8397 -47.9692 -16.0327 -46.4341 -7.3831 -44.8327 17.5884 -43.6701 34.6088 -39.0560 1.5653 -35.1686 17.2920 -42.2667 31.4161 -44.4030 9.3667 -18.7771 -48.0984 -28.5935 28.7768 -47.9089 -28.6415 15.0919 -40.4715 -24.5103 -8.5507 -35.0969 -11.0267 -48.2192 -31.2223 34.1086 -46.8446 -27.7927 16.8472 -41.0041 -22.6535
-41.5702 17.4884 -27.9182 -47.0441 34.4358 -31.3531 -47.9789 -12.2274 -35.3050 -7.0696 -24.6645 -40.7611 15.8742 -28.5352 -47.8152 30.6438 -28.7698 -48.2225 -16.3556 -40.5186 -42.9586 34.8071 -42.6097 18.5058 -32.6985 -48.7386 -5.0042 -43.6184 -13.3041 -48.5791 -24.2888 -48.0592 -29.4661 -28.2470 -34.8385 11.2901 -39.8620 33.7045 -44.9860 -17.8908 -48.0678 -31.3937 0.2574 -37.0237 18.0491 -38.8319 24.8466 -39.1593 25.5391 -39.3620 26.0003 -38.9872 19.4183 -35.3342 -34.7076 -21.7371 -43.1644 19.7771 -32.9184 -48.9877 18.3439 -39.4805 2.3802 -28.3015 -47.2958 25.4454 -41.4028 31.2087 -39.7602 24.5622 -38.6281 19.1039 -38.3979 7.4056 -35.0544 -28.1555 -35.2404 17.9516 -42.2406 32.3772 -46.1084 8.4494 -17.2910 -48.2231 -28.7698 30.6438 -47.8152 -28.5352 15.8742 -40.7611 -24.6645 -7.0696 -35.3050 -12.2274 -47.9789 -31.3531 34.4358 -47.0441 -27.9182 17.4884 -41.5702
18.2057 -27.9432 -47.2350 34.6492 -31.4758 -47.6946 -13.2579 -35.5284 -5.5128 -24.8326 -41.0634 16.7499 -28.4544 -47.7371 32.2227 -29.1216 -48.3234 -14.7126 -41.6680 -42.6885 34.8205 -42.7400 19.0232 -34.3632 -44.7337 -16.5423 -36.2399 26.5208 -41.6646 32.9669 -44.8010 -10.8540 -48.1847 -25.6363 -41.5546 -33.8097 10.2130 -39.8332 33.5509 -44.5498 -14.6573 -48.8899 -27.9493 -36.6785 -32.3684 -7.9623 -33.9982 -1.7694 -34.3756 -0.2379 -34.3031 -5.0081 -31.8629 -43.9613 -22.7365 -45.2125 29.6768 -36.1953 -39.7175 -18.8893 -42.4671 17.5163 -32.8027 -48.7891 3.8568 -40.3746 18.3157 -36.6071 4.2452 -34.5732 -2.5089 -36.6128 15.4150 -37.6441 3.1434 -35.3718 -2.9529 -36.8870 19.7104 -42.3726 32.3260 -44.3266 -41.4727 -14.6664 -48.3235 -29.1216 32.2227 -47.7371 -28.4544 16.7499 -41.0634 -24.8326 -5.5128 -35.5284 -13.2579 -47.6946 -31.4758 34.6492 -47.2350 -27.9432 18.2057
-26.9212 -47.4166 34.7276 -31.5943 -47.3608 -14.1556 -35.7607 -3.9185 -25.0042 -41.3632 17.6463 -28.4131 -47.7007 33.1951 -29.6122 -48.3094 -12.3920 -39.0952 -45.5083 32.3011 -42.6416 19.2587 -35.7456 -33.5645 -0.0849 -33.4418 -1.1988 -36.0284 14.9180 -39.3178 28.7671 -41.9886 22.7339 -47.1473 -23.2396 -44.6002 -33.1055 8.2403 -39.1884 29.1351 -42.5724 12.3679 -46.8093 -19.0599 -48.9215 -23.7770 -49.0336 -25.0403 -48.8643 -25.2878 -48.9641 -23.8536 -48.7383 -14.3668 -43.9555 30.7858 -37.5134 -16.5771 -25.3596 -45.6191 29.6101 -36.3438 -39.8375 -19.2527 -42.5934 20.9007 -35.4304 -32.2546 -28.8602 -47.4023 -30.2415 7.4272 -42.8810 31.2146 -39.1849 13.8306 -38.1006 13.6722 -38.3983 22.2081 -42.5326 31.5000 -45.4351 -39.0783 -12.3926 -48.3094 -29.6122 33.1951 -47.7007 -28.4131 17.6474 -41.3632 -25.0042 -3.9185 -35.7607 -14.1556 -47.3608 -31.5943 34.7276 -47.4166 -26.9212
-47.3925 34.6243 -31.7110 -46.9680 -14.9592 -35.9936 -2.3752 -25.1707 -41.6445 18.5109 -28.4124 -47.7137 33.6691 -30.1591 -48.1502 -11.8353 -39.8642 27.3186 29.0108 -42.5197 18.8872 -35.0394 -2.3345 -26.6296 -33.1133 -43.9329 -28.1672 -42.0821 -32.5596 2.2064 -37.4229 20.1358 -41.0220 34.5780 -46.3920 -21.0628 -47.2475 -31.6844 0.5929 -37.2795 19.4624 -40.0023 32.9250 -42.3827 33.5042 -43.6986 22.9022 -44.1296 16.9612 -44.2229 21.3173 -43.5882 35.3142 -40.8601 22.8066 -36.5854 -14.2657 -27.2465 -47.3701 35.7240 -38.5672 -7.1248 -26.2877 -46.0312 31.2624 -37.0637 -28.8274 -25.7209 -47.2922 -10.5452 -46.0944 -7.8529 -21.0488 -46.5415 35.2062 -40.9071 30.5665 -40.8102 23.0490 -39.6090 26.7107 -42.1953 29.3444 27.8126 -39.8708 -11.8397 -48.1501 -30.1589 33.6691 -47.7110 -28.4122 18.5121 -41.6445 -25.1707 -2.3752 -35.9936 -14.9592 -46.9680 -31.7110 34.6243 -47.3925
28.2639 -31.4749 -46.5084 -15.6967 -36.2218 -0.9278 -25.3257 -41.9053 19.3174 -28.4503 -47.7725 33.8237 -30.6826 -47.8204 -12.4953 -38.5830 16.6182 6.6367 -41.8947 17.5629 -31.6485 -48.6712 13.3897 -34.0199 -46.4258 -19.5438 -46.0767 -19.3704 -48.7247 -29.3142 -21.6248 -35.6368 15.3115 -40.3839 35.6072 -45.0861 -16.2667 -48.8040 -28.5732 -30.6388 -33.7532 5.6282 -36.6353 14.8484 -37.9851 19.5248 -38.5739 21.6034 -38.7262 21.6450 -38.4074 18.4430 -37.2043 9.3086 -33.6230 -36.0568 -25.8091 -47.4177 34.5411 -39.3924 5.6236 -29.5987 -48.2045 33.7980 -39.0213 -1.1656 -27.8301 -47.2363 30.2565 -41.4738 35.4536 -39.0211 -20.6327 -19.7447 -43.8637 22.2418 -45.7851 -1.4249 -41.9375 31.0781 -41.6459 31.5906 -41.0852 4.1201 16.9459 -38.5838 -12.4994 -47.8198 -30.6841 33.8259 -47.7700 -28.4501 19.3174 -41.9053 -25.3257 -0.9278 -36.2218 -15.6967 -46.5084 -31.4749 28.2639
-31.8051 -45.9762 -16.3811 -36.4402 0.4092 -25.4651 -42.1542 20.0703 -28.5233 -47.8690 33.7399 -31.1395 -47.3108 -13.7633 -37.7948 11.1002 -24.3579 -41.3230 17.5789 -31.3643 -48.7272 -8.0836 -35.9953 -25.7259 -23.8804 -43.2901 36.1226 -43.2208 -4.7957 -48.1506 -26.1452 -38.7707 -33.9498 10.6379 -39.3937 30.5650 -42.7648 4.3145 -47.4090 -22.1027 -48.5394 -28.0502 -40.6982 -31.1004 -24.1304 -32.7495 -12.3117 -33.4104 -9.3223 -33.2706 -15.3302 -31.9434 -35.5468 -28.4889 -48.6964 -20.1473 -45.7329 35.7093 -39.3221 8.0858 -30.7708 -48.7686 7.0869 -40.0702 10.5205 -30.7338 -48.5863 20.8739 -41.0378 35.2096 -44.2871 18.0063 -29.3249 -47.6348 -8.9557 -48.3967 -25.9068 -47.3599 -2.5047 -42.9995 -17.9119 -47.3697 31.6435 -40.8330 -24.2972 11.1573 -37.7832 -13.7750 -47.3037 -31.1482 33.7439 -47.8692 -28.5233 20.0703 -42.1542 -25.4651 0.4092 -36.4402 -16.3811 -45.9762 -31.8051
-46.1557 -17.0161 -36.6488 1.6318 -25.5867 -42.3953 20.7959 -28.6200 -47.9917 33.4103 -31.5121 -46.6353 -15.0996 -37.3684 7.1718 -25.6420 -42.2035 22.2564 -34.8688 -46.0308 -17.8834 -40.6365 16.2227 -32.9406 -48.8958 13.5548 -40.8895 28.2212 -41.3614 27.4526 -46.9475 -22.6367 -46.3117 -32.0419 2.4689 -37.5940 21.0475 -40.3886 35.5363 -43.5542 3.4816 -46.3193 -16.6353 -48.2774 -21.3852 -48.9734 -23.2345 -49.0906 -23.6014 -49.0790 -22.4331 -48.6233 -18.0757 -46.4690 9.1814 -42.3419 29.4631 -38.2935 4.7088 -30.5994 -48.7647 -6.3479 -40.7544 16.3568 -32.7616 -48.4365 -8.2998 -41.2798 32.8873 -45.6205 -26.0606 12.1135 -46.8520 -2.1749 -47.6584 -29.3967 0.9777 -32.6210 -45.5711 11.0928 -48.8014 -31.7847 -26.5809 17.9813 -41.4214 -25.2898 7.8668 -37.3716 -15.1144 -46.6199 -31.5209 33.4123 -47.9917 -28.6200 20.7959 -42.3953 -25.5867 1.6318 -36.6488 -17.0161 -46.1557
-17.2762 -36.8539 2.7542 -25.6927 -42.6324 21.5058 -28.7292 -48.1200 32.8024 -31.7996 -45.8377 -16.2632 -37.1804 4.4552 -27.4076 -44.3084 34.4202 -39.1974 3.5540 -30.4321 -48.4441 30.0844 -39.4662 1.4005 -27.4447 -46.2269 33.8100 -39.4486 19.7736 -40.4224 35.8698 -45.2535 -17.6644 -48.7179 -30.1215 -23.4885 -34.7158 9.5097 -37.8994 21.2540 -39.6377 31.0991 -41.6075 35.6745 -42.8964 32.9323 -43.4968 29.5289 -43.5762 31.3904 -43.0624 35.5395 -41.6046 30.4064 -39.0486 16.8051 -35.7386 -12.3724 -28.9796 -48.7635 -4.2042 -40.9622 18.9788 -33.9978 -45.6300 -17.6170 -42.4629 26.9929 -40.9756 -10.8277 -43.9317 -36.4022 35.4332 -44.2488 -24.4137 -4.0500 -39.7771 27.2592 26.0889 -42.4750 -24.0857 12.9459 -48.9203 -29.8209 18.6464 -41.7283 -25.4848 6.1057 -37.2081 -16.2746 -45.8290 -31.8013 32.8024 -48.1200 -28.7292 21.5058 -42.6324 -25.6927 2.7542 -36.8539 -17.2762
-37.8765 3.7923 -25.7916 -42.8692 22.2109 -28.8475 -48.2465 31.9126 -32.0166 -44.9653 -17.2049 -37.1729 3.5825 -31.3361 -48.6792 -13.3134 -43.3470 27.9083 -37.8484 -16.5314 -25.8808 -46.0122 31.2660 -36.6594 -38.8843 -19.3140 -42.5464 21.9630 -37.9195 13.4495 -39.4811 32.7380 -43.9823 -17.3039 -48.0730 -29.8909 -44.9669 -30.7465 -23.9204 -33.8672 4.0130 -36.4417 12.9855 -38.3311 19.3397 -39.1823 20.0487 -38.5482 18.8677 -37.9513 16.5160 -37.0717 11.2413 -35.3970 -2.3639 -31.7311 -44.1862 -24.8269 -47.6859 18.8023 -40.4116 18.0402 -34.1829 -43.0788 -20.8040 -43.9168 27.6575 -39.2258 32.2031 -46.3175 -28.6022 8.2829 -40.1926 0.8170 -48.1464 -34.8247 31.7751 -48.7593 -33.7217 32.8291 -48.6420 -30.7383 16.1778 -48.6268 -29.7093 19.5557 -42.0803 -25.5967 5.3905 -37.2000 -17.2088 -44.9653 -32.0166 31.9126 -48.2465 -28.8475 22.2109 -42.8692 -25.7916 3.7923 -37.8765
3.9984 -25.9008 -43.1027 22.9232 -28.9712 -48.3690 30.7174 -32.1880 -44.0293 -17.9725 -37.2738 4.4187 -31.6854 -21.3698 -30.8743 -48.4135 -13.2942 -42.5405 22.7357 -35.7007 -42.1404 -18.5708 -42.4516 17.5986 -32.7246 -48.8598 8.1881 -40.2382 14.0062 -36.8210 8.7813 -38.9749 35.0725 -47.7822 -28.1650 -22.6271 -29.4267 -48.7583 -24.3538 -48.4370 -28.7655 -36.1259 -34.6108 6.7003 -38.4580 18.7183 -37.0361 -3.6641 -33.2496 -23.5179 -31.3521 -37.2904 -29.0361 -47.0413 -25.1152 -48.7174 -14.5043 -44.5780 35.5485 -39.4496 13.5359 -33.2416 -44.5939 -21.1254 -44.4977 29.8526 -38.3534 16.0510 -41.1109 -13.2448 -45.0209 -35.8339 29.3371 -45.3840 -27.2404 5.6914 -40.3411 -17.2672 -28.3251 -35.8946 -5.6072 -45.5461 -30.7742 19.5022 -48.6726 -29.6234 20.5919 -42.4384 -25.7071 5.3639 -37.2832 -17.9716 -44.0293 -32.1880 30.7174 -48.3690 -28.9712 22.9232 -43.1027 -25.9008 3.9984
-24.2274 -43.3325 23.6330 -29.0980 -48.4810 29.1744 -32.3330 -43.0236 -18.6189 -37.4167 5.6904 -27.8490 -48.3100 -37.3853 5.4865 -31.1636 -48.7502 0.0561 -41.2571 15.3884 -32.5929 -48.9604 16.1646 -39.4034 2.8615 -28.3249 -47.2547 35.5614 -39.5192 9.1636 -36.0140 0.3319 -36.0774 7.0933 7.2013 -37.4378 -21.3389 -23.9932 -45.9324 -13.1423 -48.1039 -28.1074 -17.1786 -37.8152 29.2162 -43.4794 6.3019 -29.8037 -48.8838 -22.5483 -48.3387 -17.3727 -46.5659 -4.7388 -44.0852 34.8291 -40.8573 24.2400 -37.4829 4.3540 -31.2763 -47.9580 -18.6307 -44.0040 29.7076 -37.9792 6.6613 -38.2747 34.9035 -47.3267 -29.5523 9.7537 -40.7905 -12.0024 -45.7173 -35.6578 30.0253 -45.8364 -28.8739 6.2777 -38.2885 -18.2710 -43.5564 -31.8792 23.3514 -48.6808 -29.5175 21.6795 -42.7873 -25.8234 5.7224 -37.4168 -18.6189 -43.0236 -32.3330 29.1744 -48.4810 -29.0980 23.6330 -43.3325 -24.2274
-43.6812 24.3387 -29.2269 -48.5814 27.2695 -32.4540 -41.9280 -19.1815 -37.5812 6.2746 -25.9409 -41.9870 -16.6044 21.2605 -38.3647 -10.4316 -28.1201 -47.9202 31.7033 -39.8358 3.4848 -27.7429 -46.3623 32.0544 -37.0107 -30.4839 -24.2776 -45.9011 34.8606 -39.0486 5.4492 -34.3594 -38.0827 -27.4585 -45.0573 23.7150 -33.7038 -48.7343 -4.7377 -43.2004 -13.2621 -48.1776 -34.0694 21.7894 -45.1931 -23.9478 4.6265 -45.1367 20.9214 -42.8894 35.5799 -41.2644 30.5182 -39.3441 21.3061 -37.3788 9.6117 -33.8659 -29.4383 -27.8411 -48.8331 -10.0419 -42.3767 26.2086 -37.2611 -2.2015 -36.2536 18.4712 -42.6267 -19.6480 -35.9156 -37.0549 34.8499 -47.5233 -29.8646 10.8118 -40.9743 -12.6198 -46.4084 -35.2626 24.5509 -42.8212 -24.7935 -26.4362 -34.9828 26.8246 -48.2830 -29.4749 22.7660 -43.1172 -25.9432 6.2746 -37.5812 -19.1815 -41.9280 -32.4540 27.2695 -48.5814 -29.2269 24.3387 -43.6812
25.0998 -29.1867 -48.6678 24.9790 -32.5607 -40.7307 -19.6881 -37.7637 6.9246 -26.0630 -43.4305 23.2790 -27.0506 -42.6376 18.3562 -35.9475 -33.0258 -24.9204 -46.2393 32.2148 -36.8492 -38.2524 -19.1549 -42.3184 20.0875 -34.8077 -42.5788 -22.2006 -45.4030 33.6529 -38.6539 -0.1608 -30.9788 -48.8218 16.6759 -39.4346 1.6839 -26.9774 -45.4139 32.4037 -45.5144 -25.2397 -6.7254 -39.0730 24.1465 -49.0602 -32.1073 17.0178 -37.3559 15.8148 -36.5241 9.5787 -35.0937 -0.6849 -32.7202 -33.1546 -28.5058 -48.7679 -20.9329 -46.3998 28.9536 -40.3615 19.6143 -35.7316 -18.6621 -34.2696 5.1813 -39.4953 26.2616 -48.8990 -32.2797 16.6317 -42.6993 -20.5654 -30.4374 -37.5509 35.6874 -47.9377 -30.2209 10.0316 -40.2770 -1.9993 -48.7013 -33.1785 14.1953 -39.3222 3.3487 -48.3399 -29.5498 23.7679 -43.4264 -26.0628 6.9246 -37.7637 -19.6881 -40.7307 -32.5607 24.9790 -48.6678 -29.1867 25.0998
-28.5556 -48.7360 22.3094 -32.6602 -39.4116 -20.1530 -37.9588 7.6142 -26.1801 -43.7162 24.6365 -29.9886 -49.4423 35.0611 -39.3304 16.8950 -35.0217 -42.4307 -18.9119 -42.6797 17.5522 -32.5982 -48.8250 6.8311 -40.3396 15.4397 -34.0004 -43.5810 -21.8903 -45.1345 31.8426 -37.8230 -15.5085 -26.2419 -45.5763 30.5420 -36.0950 -43.4488 -15.9734 -42.5184 16.2520 -48.7599 -31.6261 15.0361 -41.7556 -12.0702 -48.7063 -29.0862 -34.3735 -30.0517 -42.5976 -27.8974 -48.0817 -24.7829 -48.9379 -18.6270 -46.2556 13.1531 -42.1580 30.3883 -38.4159 10.6069 -33.5884 -38.6805 -31.4055 -20.6671 -37.4163 30.8730 -45.5012 -25.7550 -7.9795 -38.7025 29.8762 -49.0231 -32.8451 19.3825 -43.4291 -22.6848 -21.0530 -38.0396 35.6386 -47.9080 -29.7325 7.0450 -40.0834 34.3951 -45.8957 -18.0526 -48.4138 -29.5897 24.6740 -43.7152 -26.1801 7.6142 -37.9588 -20.1530 -39.4116 -32.6602 22.3094 -48.7360 -28.5556
-48.4989 19.1914 -32.7449 -37.9414 -20.5872 -38.1625 8.3194 -26.2955 -43.9842 25.5352 -29.7073 -48.6463 8.4558 -37.6605 15.1252 -41.7620 18.1320 -32.7779 -48.9898 18.5255 -39.1800 0.8772 -28.4198 -47.5870 28.2239 -40.3428 15.8514 -34.0991 -43.2595 -21.2446 -44.3292 27.4975 -36.0643 -39.8074 -19.4739 -42.1134 16.7119 -31.7203 -48.5210 28.0663 -42.6088 -15.0579 -46.1723 -34.1855 20.5066 -41.4307 9.3374 -46.6602 -15.8333 -46.8392 -11.9116 -45.2781 7.5337 -43.4695 34.8349 -41.2851 28.8292 -38.3762 15.0366 -35.2389 -11.0393 -30.8878 -46.2667 -28.8691 -41.6698 -35.0874 20.5885 -42.2850 -16.9669 -45.6098 -35.1564 23.9129 -44.1695 -24.6714 -5.0630 -39.0039 14.1454 -48.8019 -34.0470 23.8778 -44.6481 -25.2562 -9.6272 -38.3304 35.7100 -47.4242 -23.9816 -47.9064 -15.3355 -48.5028 -29.6718 25.5391 -43.9842 -26.2955 8.3194 -38.1625 -20.5872 -37.9414 -32.7449 19.1914 -48.4989
2.8764 -32.3286 -36.3327 -21.0003 -38.3716 9.0262 -26.4099 -44.2389 26.3811 -29.7750 -48.7892 14.8339 -28.9617 -30.3101 -42.1415 -14.0050 -40.4808 5.8579 -27.2042 -45.7839 29.9736 -36.9222 -26.8176 -26.6335 -47.7277 21.5621 -40.4990 17.2645 -34.0026 -45.1058 -18.4567 -42.5380 20.1288 -33.2672 -48.6913 6.3047 -39.0361 -1.2189 -25.3093 -44.2141 35.7204 -44.0969 -20.8605 -42.6675 -33.7494 14.3877 -38.5639 28.0626 -40.1959 29.4145 -39.5517 24.8235 -38.0771 18.1243 -36.6774 9.5574 -34.3930 -12.6592 -30.4359 -46.7147 -25.5809 -48.7588 -29.7897 -40.6897 -33.4858 12.4605 -40.4594 0.8560 -48.7654 -31.8354 11.0499 -40.0921 4.1803 -48.5753 -34.4209 25.0560 -45.0052 -26.5286 4.8928 -40.3179 -11.9296 -43.5217 -36.2010 27.3089 -45.0085 -24.5064 -29.1335 -31.4425 -40.1869 16.4563 -48.7937 -29.7713 26.3812 -44.2389 -26.4099 9.0262 -38.3716 -21.0003 -36.3327 -32.3286 2.8764
-33.4095 -34.5848 -21.3890 -38.5851 9.7252 -26.5231 -44.4845 27.1901 -29.8623 -48.8083 13.0475 -32.0912 -44.4603 19.4889 -31.5846 -48.2618 34.3581 -36.2088 -43.0578 -16.0192 -41.7995 19.8925 -35.9952 -24.6354 -27.9328 -48.3807 6.3606 -40.4694 16.7121 -33.0570 -48.1362 -9.0302 -40.3979 10.1658 -29.3682 -47.1390 32.9640 -35.7040 -46.1237 -8.2444 -40.9653 33.0380 -44.3581 -19.3699 -47.9640 -30.2716 -12.7989 -33.8419 1.4575 -34.2277 -2.0422 -33.1969 -18.8761 -31.0127 -41.0130 -27.6335 -48.8569 -22.5403 -47.5982 -11.0593 -46.1348 -22.7840 9.5110 -35.6429 5.7666 -39.2287 34.1335 -48.1275 -29.6730 4.3961 -39.1679 35.5760 -45.7706 -26.3165 -0.5356 -39.2874 0.5142 -47.5501 -35.3267 30.9856 -47.3110 -29.2723 23.6415 -41.5984 -15.6183 -42.4878 -36.0000 26.2154 -7.5141 -33.1399 12.7893 -48.8030 -29.8632 27.1902 -44.4845 -26.5231 9.7252 -38.5851 -21.3890 -34.5848 -33.4095
-35.0273 -21.7465 -38.8009 10.4159 -26.6360 -44.7210 27.9736 -29.9654 -48.8043 10.2094 -32.5379 -35.8722 -20.5933 -37.4020 -28.7376 -18.9866 -41.7909 13.2792 -31.0870 -48.4527 19.0403 -40.8188 21.0058 -37.1006 -5.8811 -29.5634 -48.6221 3.6546 -40.1692 12.7433 -31.0775 -48.7364 31.8645 -38.1414 -18.5642 -22.2751 -42.4765 15.1914 -30.1337 -47.1044 33.7981 -39.4779 27.9488 -42.2085 -2.4080 -47.5174 -21.8160 -48.9102 -24.4685 -48.7619 -23.6197 -48.9298 -20.5945 -47.5974 -13.3916 -45.1432 20.3995 -42.3310 33.7111 -39.7440 24.5048 -30.7675 -43.1003 19.0116 -38.3237 29.0223 -45.5767 -25.8093 -7.4908 -38.5876 34.9679 -45.4581 -18.9415 -47.7934 -34.3182 22.7039 -44.5232 -25.2752 0.3369 -39.4890 -1.3584 -48.5415 -41.9872 10.6683 -48.3694 -31.7883 16.3300 -42.2158 -25.2182 -34.3196 -32.9888 9.9257 -48.8008 -29.9665 27.9737 -44.7210 -26.6360 10.4159 -38.8009 -21.7465 -35.0273
-20.6079 -39.0186 11.0945 -26.7501 -44.9522 28.7288 -30.0776 -48.7808 7.0247 -33.0405 -34.3049 -22.1464 -39.7384 11.4717 -30.3952 -47.7329 35.7988 -38.1338 -17.0027 -26.3422 -47.2584 12.8252 -42.2920 28.2704 -38.4819 2.8766 -30.0035 -48.6406 21.8869 -39.3555 3.1406 -27.2914 -45.8413 27.7141 -34.3675 -48.6615 14.5333 -37.9261 -21.8978 -20.3385 -41.7038 16.3627 -37.5543 18.3672 -39.5540 34.8351 -42.9950 14.8245 -44.3874 -3.0125 -43.2975 34.8516 -41.5818 32.4764 -39.6931 23.7663 -37.4882 13.9515 -35.4370 1.5918 -32.0502 -45.0379 18.0554 -38.9781 18.0642 -41.7600 -14.7975 -43.3478 -36.1211 30.9480 -46.3144 -24.2424 -47.2699 -30.8422 -9.2765 -38.3519 34.4438 -48.6319 -30.7398 11.6763 -39.5986 31.9577 -24.3628 -47.6220 -25.0286 -4.6499 -39.3111 25.8415 -48.4905 -30.2652 -13.1536 -33.4706 6.9497 -48.7815 -30.0776 28.7288 -44.9522 -26.7501 11.0945 -39.0186 -20.6079
-39.7897 11.7622 -26.8642 -45.1815 29.4644 -30.1971 -48.7509 4.1057 -33.7557 -10.5786 -29.0530 -45.6231 32.5630 -36.6000 -37.0662 -20.7267 -43.3110 21.1520 -35.2027 -39.8401 -26.6295 -48.6536 -14.7240 -44.7243 34.2767 -39.0209 2.9997 -28.9472 -47.7288 35.4813 -37.1652 -34.5085 -18.9065 -41.4035 10.7509 -28.2402 -45.6534 25.6425 -33.2954 -49.0505 34.8772 -37.6738 -3.4257 -35.2366 10.1621 -39.2318 31.8848 -43.1547 -8.1415 -47.3978 34.5793 -37.9428 12.7137 -35.1249 0.3578 -32.7651 -29.5604 -29.3006 -47.2379 -24.8757 -48.7457 -11.7927 -40.4303 15.9045 -38.8972 35.5820 -48.0244 -30.2684 14.4918 -43.0943 -21.7171 -5.3962 -34.8777 -2.3583 -35.7418 11.6176 -40.3477 -2.7468 -48.7560 -30.5704 -1.5587 -32.5609 -48.2741 -18.7822 -48.4056 -34.7687 29.5079 -46.6115 -26.7736 -20.6860 -35.7125 -12.2232 -33.1599 4.1878 -48.7523 -30.1971 29.4644 -45.1815 -26.8642 11.7622 -39.7897
12.2567 -26.9330 -45.4055 30.1867 -30.3212 -48.7485 1.4836 -34.0250 15.4648 -36.1011 -24.7108 -22.7908 -42.7869 17.6607 -32.7263 -48.9330 14.0784 -40.0609 11.1971 -35.0355 -18.4056 -30.8660 -46.6980 -22.4006 -46.2799 35.2598 -38.4519 -9.1256 -25.2746 -44.5795 23.3497 -33.1316 -49.1239 31.3738 -37.0622 -36.9620 -15.7418 -40.1097 2.0708 -24.5204 -43.1056 16.2637 -33.9342 -36.0382 -35.0447 16.2271 -41.8543 -4.3345 -48.7268 -26.7043 -23.6706 -39.6902 -28.2338 -48.1364 -24.5044 -48.8303 -18.5445 -46.1791 0.9585 -43.1348 35.3991 -39.5370 14.7268 -36.7050 16.2111 -42.3210 -17.2265 -38.4756 -36.9524 35.1941 -49.6458 -37.3264 28.9638 -39.1137 10.6474 -36.9881 18.0833 -40.8340 -0.3189 -48.3729 -23.6363 -49.1040 -14.9768 -45.4710 -26.0869 6.0031 -41.0181 -16.4405 -39.6878 -36.2881 19.8307 -30.6950 -27.1377 -32.9674 1.5196 -48.7485 -30.3212 30.1867 -45.4055 -26.9330 12.2567
-25.5997 -45.6238 30.8810 -30.4483 -48.7605 -1.0378 -33.7646 20.0610 -47.3051 35.1381 -35.7662 -46.8258 4.8526 -38.7060 -2.3817 -26.6308 -46.0115 33.2344 -39.4491 15.9747 -37.9473 10.0322 -34.2923 -36.0307 -24.5884 -45.9773 31.4911 -36.2033 -42.1754 -15.2333 -40.4978 6.5707 -26.5269 -44.4205 20.9206 -31.7345 -48.0553 33.4107 -34.8817 -48.7237 21.8438 -37.3797 -24.3923 -30.8708 -17.5855 -38.0370 34.2927 -47.1824 -27.5132 11.4947 -44.7915 -8.6232 -45.1073 11.5616 -42.9874 35.4464 -40.7848 27.9740 -38.0009 17.1308 -35.9639 2.7217 -33.5179 -12.5689 -37.6529 31.9540 -46.5424 -27.0339 -1.6486 -38.4020 26.8393 -25.4002 -47.9150 32.9533 -39.8609 9.3309 -36.9761 17.4803 -40.1495 35.6313 -43.8985 28.0451 -42.0983 -0.1377 -48.4489 -34.8183 32.4458 -47.8406 -30.9564 20.4775 -45.9861 -28.5953 -23.4570 -26.5579 -33.1950 -1.0598 -48.7605 -30.4483 30.8810 -45.6238 -25.5997
-45.7699 31.5338 -30.5768 -48.7469 -3.3797 -33.5535 -22.2638 -22.6069 -20.5017 -45.0687 17.2821 -27.8940 -45.0350 25.7349 -35.4224 -45.4967 -15.3250 -42.7964 31.7714 -41.5667 33.5613 -40.6032 20.5856 -35.8177 -33.8767 -22.3468 -43.3900 20.0140 -32.1691 -48.8028 35.3895 -36.2377 -44.1405 -8.6270 -38.7459 -10.7332 -21.4689 -41.6173 8.9378 -26.4891 -43.9252 19.1469 -32.5715 -47.3634 -31.6592 10.3847 -40.7250 -2.3874 -48.3695 -32.8191 18.9231 -38.2175 22.4681 -37.3957 15.8492 -35.9043 6.6824 -33.7570 -16.7144 -30.5464 -44.6615 -27.1934 -48.1611 -31.0903 5.7651 -39.8964 30.5880 -48.4382 -28.3974 -20.2201 -32.2825 -47.4010 -23.1006 -47.3687 34.8427 -38.0383 -1.8977 -36.2409 12.1808 -38.9968 23.9667 -40.3288 32.5746 -44.0125 -25.3915 2.8314 -40.1428 -16.1087 -33.5501 -37.0803 -10.2762 -4.1542 -40.0606 -23.0297 -23.3425 -33.5258 -3.3894 -48.7469 -30.5768 31.5338 -45.7699
30.8938 -30.4485 -48.7046 -5.4243 -33.8404 -20.5179 -23.4332 -38.8552 -41.6343 1.1150 -35.3384 -46.0492 -1.4124 -39.7169 7.1133 -29.9966 -48.1305 21.2269 -43.5316 -4.2514 -46.9522 -3.6824 -42.6324 24.3234 -34.8528 -46.0037 -10.7847 -39.8104 2.3555 -25.0196 -43.3523 16.9562 -30.0452 -46.6179 28.1700 -33.5702 -49.0633 35.3308 -35.5329 -47.2276 6.5804 -37.4907 -25.0468 -27.0456 -45.8050 -34.2702 20.1531 -42.2505 -15.4835 -48.2286 -30.4147 -22.6226 -31.6672 -30.9388 -29.6474 -45.8242 -26.3351 -49.1762 -20.9883 -47.3514 -12.5744 -46.0283 -18.5661 -47.7680 -33.3274 14.4882 -40.8951 22.3143 -47.7229 -23.9097 -48.1264 -29.2668 -35.2030 -21.1311 -44.1688 15.4752 -35.3713 -7.9834 -36.9947 15.3367 -39.6660 25.8470 -41.1642 8.3093 -48.8110 -34.2236 27.0031 -45.6771 -28.7541 13.9784 -42.5346 -26.7061 14.4924 -39.9488 -23.3787 -20.5700 -33.8402 -5.4201 -48.7049 -30.4514 30.8920
-30.2785 -48.6309 -7.2033 -34.1422 -17.7746 -23.6621 -40.1704 14.5487 -24.4077 -41.6617 8.2059 -24.8807 -44.1116 25.8337 -36.8334 -35.6132 -21.6287 -45.1601 -13.0944 -48.5512 -27.7679 -47.9166 -18.0061 -42.4511 17.9372 -31.4283 -48.3377 34.8579 -35.5031 -47.3983 6.4919 -37.4396 -29.3899 -17.3134 -40.1463 0.5169 -23.4579 -42.3475 11.5317 -27.3380 -44.1914 20.5565 -31.9592 -48.7110 -24.4420 -36.9729 -35.5987 22.2143 -41.5174 5.3913 -47.1478 -18.2147 -47.7117 -17.1009 -46.3006 -5.9962 -43.9038 32.0974 -41.8188 33.6521 -40.9074 35.9813 -45.3258 -21.7491 -41.1775 -35.0912 17.4151 -40.9526 30.2388 -46.5563 -25.9397 -13.3898 -37.2322 0.7077 5.0301 -34.7667 -15.3574 -36.5261 17.7934 -40.4844 34.4067 -42.9185 32.7334 -45.2154 -25.0571 -4.3047 -38.8702 -0.5475 -47.5638 -35.1396 31.8399 -46.5578 -28.5249 13.8841 -40.0247 -23.6748 -17.5186 -34.1259 -7.3418 -48.6237 -30.2580
