1.0000 0.0005 0.0013 0.0038 0.0109 0.0312 0.0892 0.2557 0.7307 1.0000 1.0000 1.0000 0.0005 0.0014 0.0040 0.0114 0.0325 0.0930 0.2657 0.7590 1.0000 1.0000 1.0000 0.0005 0.0014 0.0041 0.0117 0.0335 0.0959 0.2739 0.7824 1.0000 1.0000 1.0000 0.0005 0.0015 0.0043 0.0122 0.0348 0.0994 0.2839 0.8112 1.0000 1.0000 1.0000 0.0005 0.0015 0.0044 0.0127 0.0423 0.0981 0.0423 0.0127 0.0044 0.0015 0.0005 1.0000 1.0000 1.0000 0.8112 0.2839 0.0994 0.0348 0.0122 0.0043 0.0015 0.0005 1.0000 1.0000 1.0000 0.7824 0.2739 0.0959 0.0335 0.0117 0.0041 0.0014 0.0005 1.0000 1.0000 1.0000 0.7590 0.2657 0.0930 0.0325 0.0114 0.0040 0.0014 0.0005 1.0000 1.0000 1.0000 0.7307 0.2557 0.0892 0.0312 0.0109 0.0038 0.0013 0.0005 1.0000
0.0005 0.0036 0.0090 0.0264 0.0751 0.2147 0.6157 1.0000 1.0000 1.0000 1.0000 0.0012 0.0033 0.0096 0.0274 0.0782 0.2234 0.6396 1.0000 1.0000 1.0000 1.0000 0.0012 0.0035 0.0099 0.0283 0.0808 0.2308 0.6594 1.0000 1.0000 1.0000 1.0000 0.0013 0.0036 0.0103 0.0293 0.0837 0.2393 0.6836 1.0000 1.0000 1.0000 1.0000 0.0013 0.0037 0.0106 0.0302 0.0867 0.2872 0.6264 0.2872 0.0867 0.0302 0.0106 0.0037 0.0013 1.0000 1.0000 1.0000 1.0000 0.6836 0.2393 0.0837 0.0293 0.0103 0.0036 0.0013 1.0000 1.0000 1.0000 1.0000 0.6594 0.2308 0.0808 0.0283 0.0099 0.0035 0.0012 1.0000 1.0000 1.0000 1.0000 0.6396 0.2234 0.0782 0.0274 0.0096 0.0033 0.0012 1.0000 1.0000 1.0000 1.0000 0.6157 0.2147 0.0751 0.0264 0.0090 0.0036 0.0005
0.0013 0.0090 0.0238 0.0691 0.1982 0.5685 1.0000 1.0000 1.0000 1.0000 0.0011 0.0031 0.0089 0.0254 0.0725 0.2071 0.5927 1.0000 1.0000 1.0000 1.0000 0.0011 0.0032 0.0092 0.0262 0.0749 0.2139 0.6111 1.0000 1.0000 1.0000 1.0000 0.0012 0.0033 0.0095 0.0271 0.0776 0.2217 0.6335 1.0000 1.0000 1.0000 1.0000 0.0012 0.0034 0.0098 0.0281 0.0799 0.2295 0.7561 1.0000 0.7561 0.2295 0.0799 0.0281 0.0098 0.0034 0.0012 1.0000 1.0000 1.0000 1.0000 0.6335 0.2217 0.0776 0.0271 0.0095 0.0033 0.0012 1.0000 1.0000 1.0000 1.0000 0.6111 0.2139 0.0749 0.0262 0.0092 0.0032 0.0011 1.0000 1.0000 1.0000 1.0000 0.5927 0.2071 0.0725 0.0254 0.0089 0.0031 0.0011 1.0000 1.0000 1.0000 1.0000 0.5685 0.1982 0.0691 0.0238 0.0090 0.0013
0.0038 0.0264 0.0691 0.2024 0.5816 1.0000 1.0000 1.0000 1.0000 0.0011 0.0032 0.0092 0.0263 0.0753 0.2151 0.6134 1.0000 1.0000 1.0000 1.0000 0.0012 0.0033 0.0095 0.0272 0.0778 0.2222 0.6347 1.0000 1.0000 1.0000 1.0000 0.0012 0.0034 0.0098 0.0281 0.0803 0.2299 0.6581 1.0000 1.0000 1.0000 1.0000 0.0012 0.0036 0.0102 0.0291 0.0833 0.2366 0.6797 1.0000 1.0000 1.0000 0.6797 0.2366 0.0833 0.0291 0.0102 0.0036 0.0012 1.0000 1.0000 1.0000 1.0000 0.6581 0.2299 0.0803 0.0281 0.0098 0.0034 0.0012 1.0000 1.0000 1.0000 1.0000 0.6347 0.2222 0.0778 0.0272 0.0095 0.0033 0.0012 1.0000 1.0000 1.0000 1.0000 0.6134 0.2151 0.0753 0.0263 0.0092 0.0032 0.0011 1.0000 1.0000 1.0000 1.0000 0.5816 0.2024 0.0691 0.0264 0.0038
0.0109 0.0751 0.1982 0.5816 1.0000 1.0000 1.0000 1.0000 0.0011 0.0033 0.0094 0.0268 0.0767 0.2192 0.6275 1.0000 1.0000 1.0000 1.0000 0.0012 0.0034 0.0097 0.0278 0.0794 0.2269 0.6482 1.0000 1.0000 1.0000 1.0000 0.0012 0.0035 0.0100 0.0287 0.0820 0.2343 0.6707 1.0000 1.0000 1.0000 1.0000 0.0013 0.0036 0.0104 0.0296 0.0849 0.2429 0.6915 1.0000 1.0000 1.0000 1.0000 1.0000 0.6915 0.2429 0.0849 0.0296 0.0104 0.0036 0.0013 1.0000 1.0000 1.0000 1.0000 0.6707 0.2343 0.0820 0.0287 0.0100 0.0035 0.0012 1.0000 1.0000 1.0000 1.0000 0.6482 0.2269 0.0794 0.0278 0.0097 0.0034 0.0012 1.0000 1.0000 1.0000 1.0000 0.6275 0.2192 0.0767 0.0268 0.0094 0.0033 0.0011 1.0000 1.0000 1.0000 1.0000 0.5816 0.1982 0.0751 0.0109
0.0312 0.2147 0.5685 1.0000 1.0000 1.0000 1.0000 0.0012 0.0033 0.0095 0.0273 0.0782 0.2239 0.6408 1.0000 1.0000 1.0000 1.0000 0.0012 0.0035 0.0100 0.0284 0.0812 0.2321 0.6631 1.0000 1.0000 1.0000 1.0000 0.0013 0.0036 0.0103 0.0293 0.0837 0.2397 0.6862 1.0000 1.0000 1.0000 1.0000 0.0013 0.0037 0.0106 0.0304 0.0868 0.2481 0.7101 1.0000 1.0000 1.0000 1.0000 1.0000 1.0000 1.0000 0.7101 0.2481 0.0868 0.0304 0.0106 0.0037 0.0013 1.0000 1.0000 1.0000 1.0000 0.6862 0.2397 0.0837 0.0293 0.0103 0.0036 0.0013 1.0000 1.0000 1.0000 1.0000 0.6631 0.2321 0.0812 0.0284 0.0100 0.0035 0.0012 1.0000 1.0000 1.0000 1.0000 0.6408 0.2239 0.0782 0.0273 0.0095 0.0033 0.0012 1.0000 1.0000 1.0000 1.0000 0.5685 0.2147 0.0312
0.0892 0.6157 1.0000 1.0000 1.0000 1.0000 0.0012 0.0034 0.0097 0.0277 0.0796 0.2277 0.6531 1.0000 1.0000 1.0000 1.0000 0.0012 0.0036 0.0102 0.0291 0.0831 0.2375 0.6784 1.0000 1.0000 1.0000 1.0000 0.0013 0.0037 0.0105 0.0300 0.0855 0.2448 0.7007 1.0000 1.0000 1.0000 1.0000 0.0013 0.0038 0.0109 0.0311 0.0888 0.2533 0.7251 1.0000 1.0000 1.0000 1.0000 0.0012 1.0000 1.0000 1.0000 1.0000 0.7251 0.2533 0.0888 0.0311 0.0109 0.0038 0.0013 1.0000 1.0000 1.0000 1.0000 0.7007 0.2448 0.0855 0.0300 0.0105 0.0037 0.0013 1.0000 1.0000 1.0000 1.0000 0.6784 0.2375 0.0831 0.0291 0.0102 0.0036 0.0012 1.0000 1.0000 1.0000 1.0000 0.6531 0.2277 0.0796 0.0277 0.0097 0.0034 0.0012 1.0000 1.0000 1.0000 1.0000 0.6157 0.0892
0.2557 1.0000 1.0000 1.0000 1.0000 0.0012 0.0034 0.0097 0.0280 0.0805 0.2312 0.6631 1.0000 1.0000 1.0000 1.0000 0.0013 0.0036 0.0104 0.0298 0.0850 0.2429 0.6941 1.0000 1.0000 1.0000 1.0000 0.0013 0.0038 0.0107 0.0307 0.0877 0.2504 0.7155 1.0000 1.0000 1.0000 1.0000 0.0014 0.0039 0.0111 0.0318 0.0909 0.2597 0.7419 1.0000 1.0000 1.0000 1.0000 0.0016 0.0035 0.0016 1.0000 1.0000 1.0000 1.0000 0.7419 0.2597 0.0909 0.0318 0.0111 0.0039 0.0014 1.0000 1.0000 1.0000 1.0000 0.7155 0.2504 0.0877 0.0307 0.0107 0.0038 0.0013 1.0000 1.0000 1.0000 1.0000 0.6941 0.2429 0.0850 0.0298 0.0104 0.0036 0.0013 1.0000 1.0000 1.0000 1.0000 0.6631 0.2312 0.0805 0.0280 0.0097 0.0034 0.0012 1.0000 1.0000 1.0000 1.0000 0.2557
0.7307 1.0000 1.0000 1.0000 0.0011 0.0033 0.0097 0.0280 0.0808 0.2330 0.6707 1.0000 1.0000 1.0000 1.0000 0.0013 0.0037 0.0106 0.0304 0.0870 0.2485 0.7101 1.0000 1.0000 1.0000 1.0000 0.0013 0.0038 0.0110 0.0314 0.0897 0.2562 0.7307 1.0000 1.0000 1.0000 1.0000 0.0014 0.0040 0.0114 0.0325 0.0930 0.2657 0.7590 1.0000 1.0000 1.0000 1.0000 0.0014 0.0047 0.0101 0.0047 0.0014 1.0000 1.0000 1.0000 1.0000 0.7590 0.2657 0.0930 0.0325 0.0114 0.0040 0.0014 1.0000 1.0000 1.0000 1.0000 0.7307 0.2562 0.0897 0.0314 0.0110 0.0038 0.0013 1.0000 1.0000 1.0000 1.0000 0.7101 0.2485 0.0870 0.0304 0.0106 0.0037 0.0013 1.0000 1.0000 1.0000 1.0000 0.6707 0.2330 0.0808 0.0280 0.0097 0.0033 0.0011 1.0000 1.0000 1.0000 0.7307
1.0000 1.0000 1.0000 0.0011 0.0033 0.0095 0.0277 0.0805 0.2330 0.6733 1.0000 1.0000 1.0000 1.0000 0.0013 0.0038 0.0108 0.0310 0.0888 0.2538 0.7265 1.0000 1.0000 1.0000 1.0000 0.0014 0.0039 0.0112 0.0321 0.0918 0.2621 0.7490 1.0000 1.0000 1.0000 1.0000 0.0014 0.0041 0.0117 0.0333 0.0951 0.2718 0.7765 1.0000 1.0000 1.0000 1.0000 0.0015 0.0042 0.0138 0.0295 0.0138 0.0042 0.0015 1.0000 1.0000 1.0000 1.0000 0.7765 0.2718 0.0951 0.0333 0.0117 0.0041 0.0014 1.0000 1.0000 1.0000 1.0000 0.7490 0.2621 0.0918 0.0321 0.0112 0.0039 0.0014 1.0000 1.0000 1.0000 1.0000 0.7265 0.2538 0.0888 0.0310 0.0108 0.0038 0.0013 1.0000 1.0000 1.0000 1.0000 0.6733 0.2330 0.0805 0.0277 0.0095 0.0033 0.0011 1.0000 1.0000 1.0000
1.0000 1.0000 0.0011 0.0032 0.0094 0.0273 0.0796 0.2312 0.6707 1.0000 1.0000 1.0000 1.0000 0.0013 0.0038 0.0110 0.0316 0.0905 0.2592 0.7419 1.0000 1.0000 1.0000 1.0000 0.0014 0.0040 0.0115 0.0329 0.0939 0.2682 0.7662 1.0000 1.0000 1.0000 1.0000 0.0015 0.0042 0.0119 0.0341 0.0973 0.2781 0.7944 1.0000 1.0000 1.0000 1.0000 0.0015 0.0043 0.0123 0.0403 0.0863 0.0403 0.0123 0.0043 0.0015 1.0000 1.0000 1.0000 1.0000 0.7944 0.2781 0.0973 0.0341 0.0119 0.0042 0.0015 1.0000 1.0000 1.0000 1.0000 0.7662 0.2682 0.0939 0.0329 0.0115 0.0040 0.0014 1.0000 1.0000 1.0000 1.0000 0.7419 0.2592 0.0905 0.0316 0.0110 0.0038 0.0013 1.0000 1.0000 1.0000 1.0000 0.6707 0.2312 0.0796 0.0273 0.0094 0.0032 0.0011 1.0000 1.0000
1.0000 0.0012 0.0031 0.0092 0.0268 0.0782 0.2277 0.6631 1.0000 1.0000 1.0000 1.0000 0.0013 0.0039 0.0112 0.0321 0.0921 0.2641 0.7561 1.0000 1.0000 1.0000 1.0000 0.0014 0.0041 0.0118 0.0336 0.0960 0.2744 0.7839 1.0000 1.0000 1.0000 1.0000 0.0015 0.0043 0.0122 0.0349 0.0996 0.2845 0.8128 1.0000 1.0000 1.0000 1.0000 0.0015 0.0044 0.0126 0.0360 0.1179 0.2524 0.1179 0.0360 0.0126 0.0044 0.0015 1.0000 1.0000 1.0000 1.0000 0.8128 0.2845 0.0996 0.0349 0.0122 0.0043 0.0015 1.0000 1.0000 1.0000 1.0000 0.7839 0.2744 0.0960 0.0336 0.0118 0.0041 0.0014 1.0000 1.0000 1.0000 1.0000 0.7561 0.2641 0.0921 0.0321 0.0112 0.0039 0.0013 1.0000 1.0000 1.0000 1.0000 0.6631 0.2277 0.0782 0.0268 0.0092 0.0031 0.0012 1.0000
0.0005 0.0033 0.0089 0.0263 0.0767 0.2239 0.6531 1.0000 1.0000 1.0000 1.0000 0.0013 0.0039 0.0112 0.0324 0.0933 0.2682 0.7692 1.0000 1.0000 1.0000 1.0000 0.0015 0.0042 0.0120 0.0344 0.0983 0.2807 0.8020 1.0000 1.0000 1.0000 1.0000 0.0015 0.0044 0.0124 0.0356 0.1019 0.2910 0.8315 1.0000 1.0000 1.0000 1.0000 0.0016 0.0045 0.0129 0.0367 0.1052 0.3447 0.7376 0.3447 0.1052 0.0367 0.0129 0.0045 0.0016 1.0000 1.0000 1.0000 1.0000 0.8315 0.2910 0.1019 0.0356 0.0124 0.0044 0.0015 1.0000 1.0000 1.0000 1.0000 0.8020 0.2807 0.0983 0.0344 0.0120 0.0042 0.0015 1.0000 1.0000 1.0000 1.0000 0.7692 0.2682 0.0933 0.0324 0.0112 0.0039 0.0013 1.0000 1.0000 1.0000 1.0000 0.6531 0.2239 0.0767 0.0263 0.0089 0.0033 0.0005
0.0014 0.0096 0.0254 0.0753 0.2192 0.6408 1.0000 1.0000 1.0000 1.0000 0.0013 0.0039 0.0112 0.0325 0.0939 0.2708 0.7795 1.0000 1.0000 1.0000 1.0000 0.0015 0.0043 0.0123 0.0352 0.1005 0.2872 0.8205 1.0000 1.0000 1.0000 1.0000 0.0016 0.0044 0.0127 0.0364 0.1040 0.2978 0.8507 1.0000 1.0000 1.0000 1.0000 0.0016 0.0046 0.0132 0.0377 0.1072 0.3075 1.0000 1.0000 1.0000 0.3075 0.1072 0.0377 0.0132 0.0046 0.0016 1.0000 1.0000 1.0000 1.0000 0.8507 0.2978 0.1040 0.0364 0.0127 0.0044 0.0016 1.0000 1.0000 1.0000 1.0000 0.8205 0.2872 0.1005 0.0352 0.0123 0.0043 0.0015 1.0000 1.0000 1.0000 1.0000 0.7795 0.2708 0.0939 0.0325 0.0112 0.0039 0.0013 1.0000 1.0000 1.0000 1.0000 0.6408 0.2192 0.0753 0.0254 0.0096 0.0014
0.0040 0.0274 0.0725 0.2151 0.6275 1.0000 1.0000 1.0000 1.0000 0.0013 0.0038 0.0112 0.0324 0.0939 0.2718 0.7839 1.0000 1.0000 1.0000 1.0000 0.0015 0.0044 0.0126 0.0359 0.1026 0.2938 0.8395 1.0000 1.0000 1.0000 1.0000 0.0016 0.0045 0.0130 0.0372 0.1062 0.3041 0.8704 1.0000 1.0000 1.0000 1.0000 0.0016 0.0047 0.0134 0.0385 0.1101 0.3135 0.8990 1.0000 1.0000 1.0000 0.8990 0.3135 0.1101 0.0385 0.0134 0.0047 0.0016 1.0000 1.0000 1.0000 1.0000 0.8704 0.3041 0.1062 0.0372 0.0130 0.0045 0.0016 1.0000 1.0000 1.0000 1.0000 0.8395 0.2938 0.1026 0.0359 0.0126 0.0044 0.0015 1.0000 1.0000 1.0000 1.0000 0.7839 0.2718 0.0939 0.0324 0.0112 0.0038 0.0013 1.0000 1.0000 1.0000 1.0000 0.6275 0.2151 0.0725 0.0274 0.0040
0.0114 0.0782 0.2071 0.6134 1.0000 1.0000 1.0000 1.0000 0.0013 0.0038 0.0110 0.0321 0.0933 0.2708 0.7839 1.0000 1.0000 1.0000 1.0000 0.0016 0.0045 0.0128 0.0366 0.1048 0.3000 0.8572 1.0000 1.0000 1.0000 1.0000 0.0016 0.0047 0.0133 0.0380 0.1087 0.3111 0.8888 1.0000 1.0000 1.0000 1.0000 0.0017 0.0048 0.0138 0.0394 0.1125 0.3219 0.9162 1.0000 1.0000 1.0000 1.0000 1.0000 0.9162 0.3219 0.1125 0.0394 0.0138 0.0048 0.0017 1.0000 1.0000 1.0000 1.0000 0.8888 0.3111 0.1087 0.0380 0.0133 0.0047 0.0016 1.0000 1.0000 1.0000 1.0000 0.8572 0.3000 0.1048 0.0366 0.0128 0.0045 0.0016 1.0000 1.0000 1.0000 1.0000 0.7839 0.2708 0.0933 0.0321 0.0110 0.0038 0.0013 1.0000 1.0000 1.0000 1.0000 0.6134 0.2071 0.0782 0.0114
0.0325 0.2234 0.5927 1.0000 1.0000 1.0000 1.0000 0.0013 0.0037 0.0108 0.0316 0.0921 0.2682 0.7795 1.0000 1.0000 1.0000 1.0000 0.0016 0.0045 0.0130 0.0372 0.1068 0.3058 0.8754 1.0000 1.0000 1.0000 1.0000 0.0017 0.0048 0.0136 0.0388 0.1110 0.3177 0.9076 1.0000 1.0000 1.0000 1.0000 0.0017 0.0049 0.0141 0.0403 0.1148 0.3287 0.9410 1.0000 1.0000 1.0000 1.0000 1.0000 1.0000 1.0000 0.9410 0.3287 0.1148 0.0403 0.0141 0.0049 0.0017 1.0000 1.0000 1.0000 1.0000 0.9076 0.3177 0.1110 0.0388 0.0136 0.0048 0.0017 1.0000 1.0000 1.0000 1.0000 0.8754 0.3058 0.1068 0.0372 0.0130 0.0045 0.0016 1.0000 1.0000 1.0000 1.0000 0.7795 0.2682 0.0921 0.0316 0.0108 0.0037 0.0013 1.0000 1.0000 1.0000 1.0000 0.5927 0.2234 0.0325
0.0930 0.6396 1.0000 1.0000 1.0000 1.0000 0.0012 0.0036 0.0106 0.0310 0.0905 0.2641 0.7692 1.0000 1.0000 1.0000 1.0000 0.0016 0.0045 0.0131 0.0377 0.1085 0.3111 0.8922 1.0000 1.0000 1.0000 1.0000 0.0017 0.0049 0.0139 0.0397 0.1135 0.3244 0.9285 1.0000 1.0000 1.0000 1.0000 0.0018 0.0050 0.0144 0.0412 0.1177 0.3363 0.9608 1.0000 1.0000 1.0000 0.0007 0.0016 0.0007 1.0000 1.0000 1.0000 0.9608 0.3363 0.1177 0.0412 0.0144 0.0050 0.0018 1.0000 1.0000 1.0000 1.0000 0.9285 0.3244 0.1133 0.0397 0.0139 0.0049 0.0017 1.0000 1.0000 1.0000 1.0000 0.8922 0.3111 0.1085 0.0377 0.0131 0.0045 0.0016 1.0000 1.0000 1.0000 1.0000 0.7692 0.2641 0.0905 0.0310 0.0106 0.0036 0.0012 1.0000 1.0000 1.0000 1.0000 0.6396 0.0930
0.2657 1.0000 1.0000 1.0000 1.0000 0.0012 0.0036 0.0104 0.0304 0.0888 0.2592 0.7561 1.0000 1.0000 1.0000 1.0000 0.0016 0.0045 0.0132 0.0380 0.1095 0.3152 0.9058 1.0000 1.0000 1.0000 1.0000 0.0017 0.0050 0.0142 0.0407 0.1162 0.3312 0.9481 1.0000 1.0000 1.0000 1.0000 0.0018 0.0052 0.0148 0.0422 0.1204 0.3441 0.9812 1.0000 1.0000 1.0000 0.0007 0.0021 0.0046 0.0021 0.0007 1.0000 1.0000 1.0000 0.9812 0.3441 0.1204 0.0422 0.0148 0.0052 0.0018 1.0000 1.0000 1.0000 1.0000 0.9481 0.3319 0.1162 0.0407 0.0142 0.0050 0.0017 1.0000 1.0000 1.0000 1.0000 0.9058 0.3152 0.1095 0.0380 0.0132 0.0045 0.0016 1.0000 1.0000 1.0000 1.0000 0.7561 0.2592 0.0888 0.0304 0.0104 0.0036 0.0012 1.0000 1.0000 1.0000 1.0000 0.2657
0.7590 1.0000 1.0000 1.0000 0.0012 0.0035 0.0102 0.0298 0.0870 0.2538 0.7419 1.0000 1.0000 1.0000 1.0000 0.0016 0.0045 0.0131 0.0380 0.1099 0.3171 0.9145 1.0000 1.0000 1.0000 1.0000 0.0018 0.0051 0.0145 0.0415 0.1188 0.3395 0.9700 1.0000 1.0000 1.0000 0.0006 0.0018 0.0053 0.0151 0.0431 0.1232 0.3520 1.0000 1.0000 1.0000 1.0000 0.0007 0.0019 0.0063 0.0134 0.0063 0.0019 0.0007 1.0000 1.0000 1.0000 1.0000 0.3520 0.1232 0.0431 0.0151 0.0053 0.0018 0.0006 1.0000 1.0000 1.0000 0.9682 0.3395 0.1188 0.0415 0.0145 0.0051 0.0018 1.0000 1.0000 1.0000 1.0000 0.9145 0.3171 0.1099 0.0380 0.0131 0.0045 0.0016 1.0000 1.0000 1.0000 1.0000 0.7419 0.2538 0.0870 0.0298 0.0102 0.0035 0.0012 1.0000 1.0000 1.0000 0.7590
1.0000 1.0000 1.0000 0.0012 0.0034 0.0100 0.0291 0.0850 0.2485 0.7265 1.0000 1.0000 1.0000 1.0000 0.0015 0.0045 0.0130 0.0377 0.1095 0.3171 0.9180 1.0000 1.0000 1.0000 1.0000 0.0018 0.0052 0.0148 0.0424 0.1213 0.3467 0.9924 1.0000 1.0000 1.0000 0.0007 0.0019 0.0054 0.0154 0.0441 0.1261 0.3601 1.0000 1.0000 1.0000 1.0000 0.0007 0.0019 0.0056 0.0183 0.0391 0.0183 0.0056 0.0019 0.0007 1.0000 1.0000 1.0000 1.0000 0.3601 0.1261 0.0441 0.0154 0.0054 0.0019 0.0007 1.0000 1.0000 1.0000 0.9924 0.3467 0.1213 0.0424 0.0148 0.0052 0.0018 1.0000 1.0000 1.0000 1.0000 0.9180 0.3171 0.1095 0.0377 0.0130 0.0045 0.0015 1.0000 1.0000 1.0000 1.0000 0.7265 0.2485 0.0850 0.0291 0.0100 0.0034 0.0012 1.0000 1.0000 1.0000
1.0000 1.0000 0.0011 0.0033 0.0097 0.0284 0.0831 0.2429 0.7101 1.0000 1.0000 1.0000 1.0000 0.0015 0.0044 0.0128 0.0372 0.1085 0.3152 0.9145 1.0000 1.0000 1.0000 1.0000 0.0018 0.0053 0.0151 0.0432 0.1237 0.3540 1.0000 1.0000 1.0000 1.0000 0.0007 0.0019 0.0055 0.0158 0.0451 0.1290 0.3685 1.0000 1.0000 1.0000 1.0000 0.0007 0.0020 0.0057 0.0163 0.0535 0.1144 0.0535 0.0163 0.0057 0.0020 0.0007 1.0000 1.0000 1.0000 1.0000 0.3685 0.1290 0.0451 0.0158 0.0055 0.0019 0.0007 1.0000 1.0000 1.0000 1.0000 0.3540 0.1237 0.0432 0.0151 0.0053 0.0018 1.0000 1.0000 1.0000 1.0000 0.9145 0.3152 0.1085 0.0372 0.0128 0.0044 0.0015 1.0000 1.0000 1.0000 1.0000 0.7101 0.2429 0.0831 0.0284 0.0097 0.0033 0.0011 1.0000 1.0000
1.0000 0.0012 0.0032 0.0095 0.0278 0.0812 0.2375 0.6941 1.0000 1.0000 1.0000 1.0000 0.0015 0.0043 0.0126 0.0366 0.1068 0.3111 0.9058 1.0000 1.0000 1.0000 1.0000 0.0018 0.0053 0.0153 0.0439 0.1258 0.3608 1.0000 1.0000 1.0000 1.0000 0.0007 0.0020 0.0056 0.0161 0.0462 0.1319 0.3770 1.0000 1.0000 1.0000 1.0000 0.0007 0.0020 0.0058 0.0166 0.0477 0.1563 0.3344 0.1563 0.0477 0.0166 0.0058 0.0020 0.0007 1.0000 1.0000 1.0000 1.0000 0.3770 0.1319 0.0462 0.0161 0.0056 0.0020 0.0007 1.0000 1.0000 1.0000 1.0000 0.3608 0.1258 0.0439 0.0153 0.0053 0.0018 1.0000 1.0000 1.0000 1.0000 0.9058 0.3111 0.1068 0.0366 0.0126 0.0043 0.0015 1.0000 1.0000 1.0000 1.0000 0.6941 0.2375 0.0812 0.0278 0.0095 0.0032 0.0012 1.0000
0.0005 0.0035 0.0092 0.0272 0.0794 0.2321 0.6784 1.0000 1.0000 1.0000 1.0000 0.0014 0.0042 0.0123 0.0359 0.1048 0.3058 0.8922 1.0000 1.0000 1.0000 1.0000 0.0018 0.0053 0.0154 0.0443 0.1275 0.3664 1.0000 1.0000 1.0000 1.0000 0.0007 0.0020 0.0058 0.0165 0.0472 0.1350 0.3857 1.0000 1.0000 1.0000 1.0000 0.0007 0.0021 0.0060 0.0171 0.0486 0.1394 0.4568 0.9774 0.4568 0.1394 0.0486 0.0171 0.0060 0.0021 0.0007 1.0000 1.0000 1.0000 1.0000 0.3857 0.1350 0.0472 0.0165 0.0058 0.0020 0.0007 1.0000 1.0000 1.0000 1.0000 0.3664 0.1275 0.0443 0.0154 0.0053 0.0018 1.0000 1.0000 1.0000 1.0000 0.8922 0.3058 0.1048 0.0359 0.0123 0.0042 0.0014 1.0000 1.0000 1.0000 1.0000 0.6784 0.2321 0.0794 0.0272 0.0092 0.0035 0.0005
0.0014 0.0099 0.0262 0.0778 0.2269 0.6631 1.0000 1.0000 1.0000 1.0000 0.0014 0.0041 0.0120 0.0352 0.1026 0.3000 0.8754 1.0000 1.0000 1.0000 1.0000 0.0018 0.0053 0.0154 0.0445 0.1282 0.3699 1.0000 1.0000 1.0000 1.0000 0.0007 0.0021 0.0059 0.0168 0.0482 0.1378 0.3938 1.0000 1.0000 1.0000 1.0000 0.0007 0.0021 0.0061 0.0174 0.0499 0.1421 0.4075 1.0000 1.0000 1.0000 0.4075 0.1421 0.0499 0.0174 0.0061 0.0021 0.0007 1.0000 1.0000 1.0000 1.0000 0.3938 0.1378 0.0482 0.0168 0.0059 0.0021 0.0007 1.0000 1.0000 1.0000 1.0000 0.3699 0.1282 0.0445 0.0154 0.0053 0.0018 1.0000 1.0000 1.0000 1.0000 0.8754 0.3000 0.1026 0.0352 0.0120 0.0041 0.0014 1.0000 1.0000 1.0000 1.0000 0.6631 0.2269 0.0778 0.0262 0.0099 0.0014
0.0041 0.0283 0.0749 0.2222 0.6482 1.0000 1.0000 1.0000 1.0000 0.0014 0.0040 0.0118 0.0344 0.1005 0.2938 0.8572 1.0000 1.0000 1.0000 1.0000 0.0018 0.0053 0.0153 0.0443 0.1282 0.3713 1.0000 1.0000 1.0000 1.0000 0.0007 0.0021 0.0060 0.0171 0.0491 0.1405 0.4021 1.0000 1.0000 1.0000 1.0000 0.0008 0.0022 0.0062 0.0178 0.0510 0.1459 0.4153 1.0000 1.0000 1.0000 1.0000 1.0000 0.4153 0.1459 0.0510 0.0178 0.0062 0.0022 0.0008 1.0000 1.0000 1.0000 1.0000 0.4021 0.1405 0.0491 0.0171 0.0060 0.0021 0.0007 1.0000 1.0000 1.0000 1.0000 0.3713 0.1282 0.0443 0.0153 0.0053 0.0018 1.0000 1.0000 1.0000 1.0000 0.8572 0.2938 0.1005 0.0344 0.0118 0.0040 0.0014 1.0000 1.0000 1.0000 1.0000 0.6482 0.2222 0.0749 0.0283 0.0041
0.0117 0.0808 0.2139 0.6347 1.0000 1.0000 1.0000 1.0000 0.0013 0.0039 0.0115 0.0336 0.0983 0.2872 0.8395 1.0000 1.0000 1.0000 1.0000 0.0018 0.0052 0.0151 0.0439 0.1275 0.3699 1.0000 1.0000 1.0000 1.0000 0.0007 0.0021 0.0061 0.0175 0.0500 0.1432 0.4099 1.0000 1.0000 1.0000 1.0000 0.0008 0.0022 0.0064 0.0183 0.0521 0.1490 0.4266 1.0000 1.0000 1.0000 1.0000 1.0000 1.0000 1.0000 0.4266 0.1490 0.0521 0.0183 0.0064 0.0022 0.0008 1.0000 1.0000 1.0000 1.0000 0.4099 0.1432 0.0500 0.0175 0.0061 0.0021 0.0007 1.0000 1.0000 1.0000 1.0000 0.3699 0.1275 0.0439 0.0151 0.0052 0.0018 1.0000 1.0000 1.0000 1.0000 0.8395 0.2872 0.0983 0.0336 0.0115 0.0039 0.0013 1.0000 1.0000 1.0000 1.0000 0.6347 0.2139 0.0808 0.0117
0.0335 0.2308 0.6111 1.0000 1.0000 1.0000 1.0000 0.0013 0.0038 0.0112 0.0329 0.0960 0.2807 0.8205 1.0000 1.0000 1.0000 1.0000 0.0017 0.0051 0.0148 0.0432 0.1258 0.3664 1.0000 1.0000 1.0000 1.0000 0.0007 0.0021 0.0062 0.0177 0.0509 0.1459 0.4177 1.0000 1.0000 1.0000 1.0000 0.0008 0.0023 0.0065 0.0187 0.0534 0.1525 0.4356 1.0000 1.0000 1.0000 1.0000 1.0000 1.0000 1.0000 1.0000 1.0000 0.4356 0.1525 0.0534 0.0187 0.0065 0.0023 0.0008 1.0000 1.0000 1.0000 1.0000 0.4177 0.1459 0.0509 0.0177 0.0062 0.0021 0.0007 1.0000 1.0000 1.0000 1.0000 0.3664 0.1258 0.0432 0.0148 0.0051 0.0017 1.0000 1.0000 1.0000 1.0000 0.8205 0.2807 0.0960 0.0329 0.0112 0.0038 0.0013 1.0000 1.0000 1.0000 1.0000 0.6111 0.2308 0.0335
0.0959 0.6594 1.0000 1.0000 1.0000 1.0000 0.0013 0.0038 0.0110 0.0321 0.0939 0.2744 0.8020 1.0000 1.0000 1.0000 1.0000 0.0017 0.0050 0.0145 0.0424 0.1237 0.3608 1.0000 1.0000 1.0000 1.0000 0.0007 0.0022 0.0062 0.0179 0.0516 0.1482 0.4249 1.0000 1.0000 1.0000 1.0000 0.0008 0.0023 0.0067 0.0191 0.0546 0.1560 0.4448 1.0000 1.0000 1.0000 1.0000 0.0010 0.0021 0.0010 1.0000 1.0000 1.0000 1.0000 0.4448 0.1560 0.0546 0.0191 0.0067 0.0023 0.0008 1.0000 1.0000 1.0000 1.0000 0.4249 0.1482 0.0516 0.0179 0.0062 0.0022 0.0007 1.0000 1.0000 1.0000 1.0000 0.3608 0.1237 0.0424 0.0145 0.0050 0.0017 1.0000 1.0000 1.0000 1.0000 0.8020 0.2744 0.0939 0.0321 0.0110 0.0038 0.0013 1.0000 1.0000 1.0000 1.0000 0.6594 0.0959
0.2739 1.0000 1.0000 1.0000 1.0000 0.0013 0.0037 0.0107 0.0314 0.0918 0.2682 0.7839 1.0000 1.0000 1.0000 1.0000 0.0017 0.0049 0.0142 0.0415 0.1213 0.3540 1.0000 1.0000 1.0000 1.0000 0.0007 0.0021 0.0062 0.0180 0.0519 0.1496 0.4306 1.0000 1.0000 1.0000 1.0000 0.0008 0.0024 0.0068 0.0195 0.0557 0.1593 0.4559 1.0000 1.0000 1.0000 1.0000 0.0009 0.0028 0.0061 0.0028 0.0009 1.0000 1.0000 1.0000 1.0000 0.4559 0.1593 0.0557 0.0195 0.0068 0.0024 0.0008 1.0000 1.0000 1.0000 1.0000 0.4306 0.1496 0.0519 0.0180 0.0062 0.0021 0.0007 1.0000 1.0000 1.0000 1.0000 0.3540 0.1213 0.0415 0.0142 0.0049 0.0017 1.0000 1.0000 1.0000 1.0000 0.7839 0.2682 0.0918 0.0314 0.0107 0.0037 0.0013 1.0000 1.0000 1.0000 1.0000 0.2739
0.7824 1.0000 1.0000 1.0000 0.0012 0.0036 0.0105 0.0307 0.0897 0.2621 0.7662 1.0000 1.0000 1.0000 1.0000 0.0016 0.0048 0.0139 0.0407 0.1188 0.3467 1.0000 1.0000 1.0000 1.0000 0.0007 0.0021 0.0062 0.0179 0.0519 0.1502 0.4331 1.0000 1.0000 1.0000 1.0000 0.0008 0.0024 0.0069 0.0198 0.0568 0.1626 0.4656 1.0000 1.0000 1.0000 1.0000 0.0009 0.0025 0.0083 0.0177 0.0083 0.0025 0.0009 1.0000 1.0000 1.0000 1.0000 0.4656 0.1626 0.0568 0.0198 0.0069 0.0024 0.0008 1.0000 1.0000 1.0000 1.0000 0.4331 0.1502 0.0519 0.0179 0.0062 0.0021 0.0007 1.0000 1.0000 1.0000 1.0000 0.3467 0.1188 0.0407 0.0139 0.0048 0.0016 1.0000 1.0000 1.0000 1.0000 0.7662 0.2621 0.0897 0.0307 0.0105 0.0036 0.0012 1.0000 1.0000 1.0000 0.7824
1.0000 1.0000 1.0000 0.0012 0.0035 0.0103 0.0300 0.0877 0.2562 0.7490 1.0000 1.0000 1.0000 1.0000 0.0016 0.0047 0.0136 0.0397 0.1162 0.3395 0.9924 1.0000 1.0000 1.0000 0.0007 0.0021 0.0061 0.0177 0.0516 0.1496 0.4331 1.0000 1.0000 1.0000 1.0000 0.0009 0.0025 0.0071 0.0202 0.0579 0.1658 0.4745 1.0000 1.0000 1.0000 1.0000 0.0009 0.0026 0.0074 0.0241 0.0516 0.0241 0.0074 0.0026 0.0009 1.0000 1.0000 1.0000 1.0000 0.4745 0.1658 0.0579 0.0202 0.0071 0.0025 0.0009 1.0000 1.0000 1.0000 1.0000 0.4331 0.1496 0.0516 0.0177 0.0061 0.0021 0.0007 1.0000 1.0000 1.0000 0.9924 0.3395 0.1162 0.0397 0.0136 0.0047 0.0016 1.0000 1.0000 1.0000 1.0000 0.7490 0.2562 0.0877 0.0300 0.0103 0.0035 0.0012 1.0000 1.0000 1.0000
1.0000 1.0000 0.0012 0.0034 0.0100 0.0293 0.0855 0.2504 0.7307 1.0000 1.0000 1.0000 1.0000 0.0016 0.0045 0.0133 0.0388 0.1135 0.3312 0.9682 1.0000 1.0000 1.0000 0.0007 0.0021 0.0060 0.0175 0.0509 0.1482 0.4306 1.0000 1.0000 1.0000 1.0000 0.0009 0.0025 0.0072 0.0206 0.0590 0.1689 0.4836 1.0000 1.0000 1.0000 1.0000 0.0009 0.0027 0.0075 0.0212 0.0703 0.1536 0.0707 0.0212 0.0074 0.0026 0.0009 1.0000 1.0000 1.0000 1.0000 0.4836 0.1689 0.0590 0.0206 0.0072 0.0025 0.0009 1.0000 1.0000 1.0000 1.0000 0.4306 0.1482 0.0509 0.0175 0.0060 0.0021 0.0007 1.0000 1.0000 1.0000 0.9682 0.3319 0.1133 0.0388 0.0133 0.0045 0.0016 1.0000 1.0000 1.0000 1.0000 0.7307 0.2504 0.0855 0.0293 0.0100 0.0034 0.0012 1.0000 1.0000
1.0000 0.0013 0.0033 0.0098 0.0287 0.0837 0.2448 0.7155 1.0000 1.0000 1.0000 1.0000 0.0015 0.0044 0.0130 0.0380 0.1110 0.3244 0.9481 1.0000 1.0000 1.0000 0.0007 0.0020 0.0059 0.0171 0.0500 0.1459 0.4249 1.0000 1.0000 1.0000 1.0000 0.0009 0.0025 0.0072 0.0209 0.0599 0.1719 0.4929 1.0000 1.0000 1.0000 1.0000 0.0009 0.0027 0.0075 0.0215 0.0703 0.2587 0.5349 0.2631 0.0760 0.0226 0.0075 0.0026 0.0009 1.0000 1.0000 1.0000 1.0000 0.4929 0.1719 0.0599 0.0209 0.0072 0.0025 0.0009 1.0000 1.0000 1.0000 1.0000 0.4249 0.1459 0.0500 0.0171 0.0059 0.0020 0.0007 1.0000 1.0000 1.0000 0.9481 0.3244 0.1110 0.0380 0.0130 0.0044 0.0015 1.0000 1.0000 1.0000 1.0000 0.7155 0.2448 0.0837 0.0287 0.0098 0.0033 0.0013 1.0000
0.0005 0.0036 0.0095 0.0281 0.0820 0.2397 0.7007 1.0000 1.0000 1.0000 1.0000 0.0015 0.0044 0.0127 0.0372 0.1087 0.3177 0.9285 1.0000 1.0000 1.0000 0.0007 0.0020 0.0058 0.0168 0.0491 0.1432 0.4177 1.0000 1.0000 1.0000 1.0000 0.0009 0.0025 0.0073 0.0210 0.0605 0.1742 0.5004 1.0000 1.0000 1.0000 1.0000 0.0010 0.0027 0.0076 0.0245 0.0904 0.2217 0.3734 0.3608 0.2728 0.1762 0.0888 0.0290 0.0084 0.0027 0.0009 1.0000 1.0000 1.0000 1.0000 0.5004 0.1742 0.0605 0.0210 0.0073 0.0025 0.0009 1.0000 1.0000 1.0000 1.0000 0.4177 0.1432 0.0491 0.0168 0.0058 0.0020 0.0007 1.0000 1.0000 1.0000 0.9285 0.3177 0.1087 0.0372 0.0127 0.0044 0.0015 1.0000 1.0000 1.0000 1.0000 0.7007 0.2397 0.0820 0.0281 0.0095 0.0036 0.0005
0.0015 0.0103 0.0271 0.0803 0.2343 0.6862 1.0000 1.0000 1.0000 1.0000 0.0015 0.0043 0.0124 0.0364 0.1062 0.3111 0.9076 1.0000 1.0000 1.0000 0.0007 0.0019 0.0056 0.0165 0.0482 0.1405 0.4099 1.0000 1.0000 1.0000 1.0000 0.0009 0.0025 0.0072 0.0210 0.0607 0.1752 0.5052 1.0000 1.0000 1.0000 1.0000 0.0010 0.0027 0.0077 0.0304 0.0841 0.1234 0.0850 0.0473 0.0325 0.0306 0.0391 0.0526 0.0521 0.0296 0.0108 0.0029 0.0009 1.0000 1.0000 1.0000 1.0000 0.5052 0.1752 0.0607 0.0210 0.0072 0.0025 0.0009 1.0000 1.0000 1.0000 1.0000 0.4099 0.1405 0.0482 0.0165 0.0056 0.0019 0.0007 1.0000 1.0000 1.0000 0.9076 0.3111 0.1062 0.0364 0.0124 0.0043 0.0015 1.0000 1.0000 1.0000 1.0000 0.6862 0.2343 0.0803 0.0271 0.0103 0.0015
0.0043 0.0293 0.0776 0.2299 0.6707 1.0000 1.0000 1.0000 1.0000 0.0014 0.0042 0.0122 0.0356 0.1040 0.3041 0.8888 1.0000 1.0000 1.0000 0.0006 0.0019 0.0055 0.0161 0.0472 0.1378 0.4021 1.0000 1.0000 1.0000 1.0000 0.0008 0.0025 0.0072 0.0209 0.0605 0.1752 0.5072 1.0000 1.0000 1.0000 1.0000 0.0010 0.0028 0.0079 0.0353 0.0669 0.0365 0.0138 0.0076 0.0051 0.0039 0.0033 0.0036 0.0046 0.0074 0.0137 0.0185 0.0115 0.0035 0.0010 1.0000 1.0000 1.0000 1.0000 0.5072 0.1752 0.0605 0.0209 0.0072 0.0025 0.0008 1.0000 1.0000 1.0000 1.0000 0.4021 0.1378 0.0472 0.0161 0.0055 0.0019 0.0006 1.0000 1.0000 1.0000 0.8888 0.3041 0.1040 0.0356 0.0122 0.0042 0.0014 1.0000 1.0000 1.0000 1.0000 0.6707 0.2299 0.0776 0.0293 0.0043
0.0122 0.0837 0.2217 0.6581 1.0000 1.0000 1.0000 1.0000 0.0014 0.0041 0.0119 0.0349 0.1019 0.2978 0.8704 1.0000 1.0000 1.0000 1.0000 0.0018 0.0054 0.0158 0.0462 0.1350 0.3938 1.0000 1.0000 1.0000 1.0000 0.0008 0.0024 0.0071 0.0206 0.0599 0.1742 0.5052 1.0000 1.0000 1.0000 1.0000 0.0010 0.0029 0.0080 0.0348 0.0603 0.0119 0.0037 0.0019 0.0011 0.0007 0.0005 1.0000 1.0000 0.0006 0.0008 0.0012 0.0024 0.0066 0.0097 0.0040 0.0010 1.0000 1.0000 1.0000 1.0000 0.5052 0.1742 0.0599 0.0206 0.0071 0.0024 0.0008 1.0000 1.0000 1.0000 1.0000 0.3938 0.1350 0.0462 0.0158 0.0054 0.0018 1.0000 1.0000 1.0000 1.0000 0.8704 0.2978 0.1019 0.0349 0.0119 0.0041 0.0014 1.0000 1.0000 1.0000 1.0000 0.6581 0.2217 0.0837 0.0122
0.0348 0.2393 0.6335 1.0000 1.0000 1.0000 1.0000 0.0014 0.0040 0.0117 0.0341 0.0996 0.2910 0.8507 1.0000 1.0000 1.0000 1.0000 0.0018 0.0053 0.0154 0.0451 0.1319 0.3857 1.0000 1.0000 1.0000 1.0000 0.0008 0.0024 0.0069 0.0202 0.0590 0.1719 0.5004 1.0000 1.0000 1.0000 1.0000 0.0010 0.0029 0.0082 0.0293 0.0767 0.0171 0.0025 0.0008 1.0000 1.0000 1.0000 1.0000 1.0000 1.0000 1.0000 1.0000 1.0000 1.0000 0.0007 0.0026 0.0090 0.0038 0.0010 1.0000 1.0000 1.0000 1.0000 0.5004 0.1719 0.0590 0.0202 0.0069 0.0024 0.0008 1.0000 1.0000 1.0000 1.0000 0.3857 0.1319 0.0451 0.0154 0.0053 0.0018 1.0000 1.0000 1.0000 1.0000 0.8507 0.2910 0.0996 0.0341 0.0117 0.0040 0.0014 1.0000 1.0000 1.0000 1.0000 0.6335 0.2393 0.0348
0.0994 0.6836 1.0000 1.0000 1.0000 1.0000 0.0013 0.0039 0.0114 0.0333 0.0973 0.2845 0.8315 1.0000 1.0000 1.0000 1.0000 0.0018 0.0052 0.0151 0.0441 0.1290 0.3770 1.0000 1.0000 1.0000 1.0000 0.0008 0.0023 0.0068 0.0198 0.0579 0.1689 0.4929 1.0000 1.0000 1.0000 1.0000 0.0010 0.0029 0.0083 0.0248 0.1007 0.0632 0.0058 0.0010 1.0000 1.0000 1.0000 1.0000 0.9590 0.7169 0.8237 1.0000 1.0000 1.0000 1.0000 1.0000 0.0005 0.0042 0.0106 0.0032 0.0010 1.0000 1.0000 1.0000 1.0000 0.4929 0.1689 0.0579 0.0198 0.0068 0.0023 0.0008 1.0000 1.0000 1.0000 1.0000 0.3770 0.1290 0.0441 0.0151 0.0052 0.0018 1.0000 1.0000 1.0000 1.0000 0.8315 0.2845 0.0973 0.0333 0.0114 0.0039 0.0013 1.0000 1.0000 1.0000 1.0000 0.6836 0.0994
0.2839 1.0000 1.0000 1.0000 1.0000 0.0013 0.0038 0.0111 0.0325 0.0951 0.2781 0.8128 1.0000 1.0000 1.0000 1.0000 0.0017 0.0050 0.0148 0.0431 0.1261 0.3685 1.0000 1.0000 1.0000 1.0000 0.0008 0.0023 0.0067 0.0195 0.0568 0.1658 0.4836 1.0000 1.0000 1.0000 1.0000 0.0010 0.0029 0.0085 0.0239 0.0893 0.1816 0.0282 0.0032 0.0005 1.0000 1.0000 0.5599 0.2397 0.1304 0.0888 0.1072 0.1554 0.2621 0.5258 1.0000 1.0000 1.0000 0.0013 0.0127 0.0126 0.0029 0.0010 1.0000 1.0000 1.0000 1.0000 0.4836 0.1658 0.0568 0.0195 0.0067 0.0023 0.0008 1.0000 1.0000 1.0000 1.0000 0.3685 0.1261 0.0431 0.0148 0.0050 0.0017 1.0000 1.0000 1.0000 1.0000 0.8128 0.2781 0.0951 0.0325 0.0111 0.0038 0.0013 1.0000 1.0000 1.0000 1.0000 0.2839
0.8112 1.0000 1.0000 1.0000 0.0013 0.0037 0.0109 0.0318 0.0930 0.2718 0.7944 1.0000 1.0000 1.0000 1.0000 0.0017 0.0049 0.0144 0.0422 0.1232 0.3601 1.0000 1.0000 1.0000 1.0000 0.0008 0.0022 0.0065 0.0191 0.0557 0.1626 0.4745 1.0000 1.0000 1.0000 1.0000 0.0010 0.0029 0.0085 0.0241 0.0722 0.2856 0.1712 0.0150 0.0020 1.0000 1.0000 0.7765 0.1482 0.0422 0.0185 0.0107 0.0140 0.0222 0.0433 0.1066 0.3901 1.0000 1.0000 0.0007 0.0066 0.0263 0.0098 0.0028 0.0010 1.0000 1.0000 1.0000 1.0000 0.4745 0.1626 0.0557 0.0191 0.0065 0.0022 0.0008 1.0000 1.0000 1.0000 1.0000 0.3601 0.1232 0.0422 0.0144 0.0049 0.0017 1.0000 1.0000 1.0000 1.0000 0.7944 0.2718 0.0930 0.0318 0.0109 0.0037 0.0013 1.0000 1.0000 1.0000 0.8112
1.0000 1.0000 1.0000 0.0012 0.0036 0.0106 0.0311 0.0909 0.2657 0.7765 1.0000 1.0000 1.0000 1.0000 0.0016 0.0048 0.0141 0.0412 0.1204 0.3520 1.0000 1.0000 1.0000 1.0000 0.0007 0.0022 0.0064 0.0187 0.0546 0.1593 0.4656 1.0000 1.0000 1.0000 1.0000 0.0010 0.0029 0.0083 0.0242 0.0687 0.2467 0.5556 0.1091 0.0104 0.0014 1.0000 1.0000 0.3991 0.0613 0.0106 0.0028 0.0012 0.0019 0.0034 0.0083 0.0313 0.1648 0.9962 1.0000 1.0000 0.0033 0.0336 0.0350 0.0082 0.0028 0.0010 1.0000 1.0000 1.0000 1.0000 0.4656 0.1593 0.0546 0.0187 0.0064 0.0022 0.0007 1.0000 1.0000 1.0000 1.0000 0.3520 0.1204 0.0412 0.0141 0.0048 0.0016 1.0000 1.0000 1.0000 1.0000 0.7765 0.2657 0.0909 0.0311 0.0106 0.0036 0.0012 1.0000 1.0000 1.0000
1.0000 1.0000 0.0012 0.0036 0.0104 0.0304 0.0887 0.2597 0.7576 1.0000 1.0000 1.0000 1.0000 0.0016 0.0047 0.0138 0.0402 0.1177 0.3434 1.0000 1.0000 1.0000 1.0000 0.0007 0.0021 0.0062 0.0182 0.0534 0.1557 0.4559 1.0000 1.0000 1.0000 1.0000 0.0010 0.0028 0.0082 0.0239 0.0687 0.2005 0.8284 0.7391 0.0725 0.0083 0.0011 1.0000 1.0000 0.2519 0.0333 0.0046 0.0007 1.0000 1.0000 0.0006 0.0024 0.0134 0.0860 0.5894 1.0000 1.0000 0.0021 0.0241 0.0770 0.0272 0.0080 0.0028 0.0010 1.0000 1.0000 1.0000 1.0000 0.4559 0.1560 0.0534 0.0183 0.0062 0.0021 0.0007 1.0000 1.0000 1.0000 1.0000 0.3441 0.1177 0.0403 0.0138 0.0047 0.0016 1.0000 1.0000 1.0000 1.0000 0.7590 0.2597 0.0888 0.0304 0.0104 0.0036 0.0012 1.0000 1.0000
1.0000 0.0013 0.0034 0.0102 0.0297 0.0868 0.2538 0.7419 1.0000 1.0000 1.0000 1.0000 0.0016 0.0046 0.0135 0.0394 0.1151 0.3363 0.9830 1.0000 1.0000 1.0000 0.0007 0.0021 0.0061 0.0178 0.0522 0.1525 0.4456 1.0000 1.0000 1.0000 1.0000 0.0009 0.0028 0.0080 0.0234 0.0682 0.1960 0.6482 1.0000 0.7047 0.0625 0.0077 0.0010 1.0000 1.0000 0.1926 0.0217 0.0020 1.0000 1.0000 1.0000 1.0000 0.0010 0.0073 0.0537 0.3998 1.0000 1.0000 0.0016 0.0154 0.1268 0.0914 0.0230 0.0080 0.0028 0.0009 1.0000 1.0000 1.0000 1.0000 0.4448 0.1525 0.0521 0.0178 0.0061 0.0021 0.0007 1.0000 1.0000 1.0000 0.9812 0.3363 0.1148 0.0394 0.0134 0.0046 0.0016 1.0000 1.0000 1.0000 1.0000 0.7419 0.2533 0.0868 0.0296 0.0102 0.0034 0.0013 1.0000
0.0005 0.0037 0.0098 0.0291 0.0850 0.2485 0.7265 1.0000 1.0000 1.0000 1.0000 0.0015 0.0045 0.0132 0.0385 0.1127 0.3293 0.9627 1.0000 1.0000 1.0000 0.0007 0.0020 0.0060 0.0175 0.0511 0.1493 0.4364 1.0000 1.0000 1.0000 1.0000 0.0009 0.0027 0.0079 0.0230 0.0670 0.1948 0.5620 1.0000 1.0000 0.7169 0.0717 0.0093 0.0012 1.0000 1.0000 0.3319 0.0506 0.0122 0.0033 0.0587 0.6420 1.0000 0.0006 0.0050 0.0401 0.3177 1.0000 1.0000 0.0014 0.0120 0.1350 0.2543 0.0703 0.0226 0.0079 0.0027 0.0009 1.0000 1.0000 1.0000 1.0000 0.4356 0.1490 0.0510 0.0174 0.0060 0.0020 0.0007 1.0000 1.0000 1.0000 0.9608 0.3287 0.1125 0.0385 0.0132 0.0045 0.0015 1.0000 1.0000 1.0000 1.0000 0.7251 0.2481 0.0849 0.0291 0.0098 0.0037 0.0005
0.0015 0.0106 0.0281 0.0834 0.2434 0.7115 1.0000 1.0000 1.0000 1.0000 0.0015 0.0044 0.0129 0.0377 0.1103 0.3225 0.9427 1.0000 1.0000 1.0000 0.0007 0.0020 0.0059 0.0171 0.0500 0.1462 0.4274 1.0000 1.0000 1.0000 1.0000 0.0009 0.0026 0.0077 0.0225 0.0658 0.1919 0.5546 1.0000 1.0000 1.0000 0.8159 0.0939 0.0129 0.0018 1.0000 1.0000 0.7576 0.1890 0.0817 0.0359 0.2180 1.0000 1.0000 0.0008 0.0060 0.0460 0.3540 1.0000 1.0000 0.0015 0.0121 0.1287 0.5189 0.2286 0.0647 0.0225 0.0077 0.0026 0.0009 1.0000 1.0000 1.0000 1.0000 0.4266 0.1459 0.0499 0.0171 0.0058 0.0020 0.0007 1.0000 1.0000 1.0000 0.9410 0.3219 0.1101 0.0377 0.0129 0.0044 0.0015 1.0000 1.0000 1.0000 1.0000 0.7101 0.2429 0.0833 0.0281 0.0106 0.0015
0.0044 0.0303 0.0805 0.2379 0.6954 1.0000 1.0000 1.0000 1.0000 0.0015 0.0043 0.0126 0.0369 0.1078 0.3152 0.9215 1.0000 1.0000 1.0000 0.0007 0.0020 0.0057 0.0167 0.0489 0.1429 0.4177 1.0000 1.0000 1.0000 1.0000 0.0009 0.0026 0.0076 0.0221 0.0645 0.1883 0.5483 1.0000 1.0000 1.0000 1.0000 1.0000 0.1365 0.0202 0.0031 1.0000 1.0000 1.0000 1.0000 0.5961 0.3893 0.9058 1.0000 1.0000 0.0012 0.0087 0.0625 0.4585 1.0000 1.0000 0.0018 0.0139 0.1290 0.9356 0.7210 0.1854 0.0638 0.0220 0.0075 0.0026 0.0009 1.0000 1.0000 1.0000 1.0000 0.4153 0.1421 0.0486 0.0166 0.0057 0.0019 0.0007 1.0000 1.0000 1.0000 0.9162 0.3135 0.1072 0.0367 0.0126 0.0043 0.0015 1.0000 1.0000 1.0000 1.0000 0.6915 0.2366 0.0799 0.0302 0.0044
0.0126 0.0868 0.2299 0.6797 1.0000 1.0000 1.0000 1.0000 0.0014 0.0042 0.0123 0.0361 0.1052 0.3081 0.8990 1.0000 1.0000 1.0000 0.0007 0.0019 0.0056 0.0163 0.0477 0.1397 0.4075 1.0000 1.0000 1.0000 1.0000 0.0009 0.0025 0.0074 0.0217 0.0632 0.1847 0.5390 1.0000 1.0000 1.0000 1.0000 1.0000 1.0000 0.2188 0.0351 0.0061 0.0012 1.0000 1.0000 1.0000 1.0000 1.0000 1.0000 1.0000 1.0000 0.0024 0.0147 0.0964 0.6631 1.0000 1.0000 0.0024 0.0175 0.1451 1.0000 1.0000 0.5567 0.1820 0.0631 0.0216 0.0074 0.0025 0.0009 1.0000 1.0000 1.0000 1.0000 0.4075 0.1394 0.0477 0.0163 0.0056 0.0019 0.0007 1.0000 1.0000 1.0000 0.8990 0.3075 0.1052 0.0360 0.0123 0.0042 0.0014 1.0000 1.0000 1.0000 1.0000 0.6797 0.2295 0.0867 0.0127
0.0361 0.2481 0.6556 1.0000 1.0000 1.0000 1.0000 0.0014 0.0041 0.0121 0.0353 0.1030 0.3012 0.8804 1.0000 1.0000 1.0000 1.0000 0.0019 0.0055 0.0160 0.0467 0.1365 0.3991 1.0000 1.0000 1.0000 1.0000 0.0008 0.0025 0.0072 0.0212 0.0619 0.1809 0.5288 1.0000 1.0000 1.0000 1.0000 1.0000 1.0000 1.0000 0.3901 0.0706 0.0146 0.0041 0.0016 0.0008 1.0000 1.0000 1.0000 1.0000 0.0008 0.0017 0.0060 0.0294 0.1689 1.0000 1.0000 1.0000 0.0033 0.0236 0.1809 1.0000 1.0000 1.0000 0.5995 0.2067 0.0708 0.0242 0.0083 0.0028 0.0010 1.0000 1.0000 1.0000 1.0000 0.4568 0.1563 0.0535 0.0183 0.0063 0.0021 0.0007 1.0000 1.0000 1.0000 1.0000 0.3447 0.1179 0.0403 0.0138 0.0047 0.0016 1.0000 1.0000 1.0000 1.0000 0.7561 0.2872 0.0423
0.1032 0.7088 1.0000 1.0000 1.0000 1.0000 0.0014 0.0040 0.0118 0.0345 0.1009 0.2949 0.8621 1.0000 1.0000 1.0000 1.0000 0.0018 0.0054 0.0156 0.0457 0.1337 0.3908 1.0000 1.0000 1.0000 1.0000 0.0008 0.0024 0.0071 0.0207 0.0606 0.1772 0.5179 1.0000 1.0000 1.0000 1.0000 0.0014 0.0017 1.0000 1.0000 0.7960 0.1712 0.0486 0.0193 0.0094 0.0054 0.0035 0.0026 0.0022 0.0030 0.0048 0.0092 0.0218 0.0730 0.3460 1.0000 1.0000 0.0007 0.0050 0.0337 0.2425 1.0000 1.0000 1.0000 1.0000 0.4423 0.1516 0.0519 0.0177 0.0061 0.0021 1.0000 1.0000 1.0000 1.0000 0.9774 0.3344 0.1144 0.0391 0.0134 0.0046 0.0016 1.0000 1.0000 1.0000 1.0000 0.7376 0.2524 0.0863 0.0295 0.0101 0.0035 0.0012 1.0000 1.0000 1.0000 1.0000 0.6264 0.0981
0.2949 1.0000 1.0000 1.0000 1.0000 0.0014 0.0040 0.0116 0.0338 0.0988 0.2888 0.8443 1.0000 1.0000 1.0000 1.0000 0.0018 0.0052 0.0153 0.0448 0.1309 0.3827 1.0000 1.0000 1.0000 1.0000 0.0008 0.0024 0.0069 0.0203 0.0594 0.1735 0.5072 1.0000 1.0000 1.0000 1.0000 0.0011 0.0041 0.0034 1.0000 1.0000 1.0000 0.5631 0.2226 0.1072 0.0596 0.0370 0.0256 0.0198 0.0177 0.0223 0.0329 0.0555 0.1093 0.2621 0.8704 1.0000 1.0000 0.0012 0.0079 0.0503 0.3636 1.0000 1.0000 1.0000 0.5984 0.2071 0.0708 0.0242 0.0083 0.0028 0.0010 1.0000 1.0000 1.0000 1.0000 0.4568 0.1563 0.0535 0.0183 0.0063 0.0021 0.0007 1.0000 1.0000 1.0000 1.0000 0.3447 0.1179 0.0403 0.0138 0.0047 0.0016 1.0000 1.0000 1.0000 1.0000 0.7561 0.2872 0.0423
0.8411 1.0000 1.0000 1.0000 0.0013 0.0039 0.0113 0.0330 0.0964 0.2823 0.8237 1.0000 1.0000 1.0000 1.0000 0.0018 0.0051 0.0150 0.0437 0.1280 0.3734 1.0000 1.0000 1.0000 1.0000 0.0008 0.0023 0.0068 0.0198 0.0580 0.1693 0.4957 1.0000 1.0000 1.0000 1.0000 0.0010 0.0032 0.0108 0.0067 0.0011 1.0000 1.0000 1.0000 1.0000 0.6544 0.3961 0.2621 0.1897 0.1519 0.1397 0.1683 0.2334 0.3622 0.6311 1.0000 1.0000 1.0000 1.0000 0.0023 0.0135 0.0800 0.7047 1.0000 1.0000 0.5258 0.1837 0.0633 0.0216 0.0074 0.0025 0.0009 1.0000 1.0000 1.0000 1.0000 0.4075 0.1394 0.0477 0.0163 0.0056 0.0019 0.0007 1.0000 1.0000 1.0000 0.8990 0.3075 0.1052 0.0360 0.0123 0.0042 0.0014 1.0000 1.0000 1.0000 1.0000 0.6797 0.2295 0.0867 0.0127
1.0000 1.0000 1.0000 0.0013 0.0038 0.0110 0.0321 0.0937 0.2739 0.8005 1.0000 1.0000 1.0000 1.0000 0.0017 0.0050 0.0145 0.0425 0.1241 0.3629 1.0000 1.0000 1.0000 1.0000 0.0008 0.0023 0.0066 0.0193 0.0563 0.1645 0.4809 1.0000 1.0000 1.0000 1.0000 0.0010 0.0030 0.0096 0.0272 0.0141 0.0026 0.0007 1.0000 1.0000 1.0000 1.0000 1.0000 1.0000 1.0000 1.0000 1.0000 1.0000 1.0000 1.0000 1.0000 1.0000 1.0000 1.0000 0.0011 0.0050 0.0247 0.1435 1.0000 1.0000 0.5535 0.1840 0.0644 0.0220 0.0075 0.0026 0.0009 1.0000 1.0000 1.0000 1.0000 0.4153 0.1421 0.0486 0.0166 0.0057 0.0019 0.0007 1.0000 1.0000 1.0000 0.9162 0.3135 0.1072 0.0367 0.0126 0.0043 0.0015 1.0000 1.0000 1.0000 1.0000 0.6915 0.2366 0.0799 0.0302 0.0044
1.0000 1.0000 0.0013 0.0038 0.0109 0.0320 0.0935 0.2733 0.7990 1.0000 1.0000 1.0000 1.0000 0.0017 0.0050 0.0145 0.0424 0.1239 0.3622 1.0000 1.0000 1.0000 1.0000 0.0008 0.0022 0.0066 0.0192 0.0562 0.1642 0.4799 1.0000 1.0000 1.0000 1.0000 0.0010 0.0030 0.0087 0.0286 0.0707 0.0339 0.0081 0.0030 0.0014 0.0008 1.0000 1.0000 1.0000 1.0000 1.0000 1.0000 1.0000 1.0000 1.0000 1.0000 1.0000 1.0000 0.0008 0.0016 0.0039 0.0126 0.0503 0.3650 1.0000 0.6784 0.1858 0.0658 0.0226 0.0077 0.0026 0.0009 1.0000 1.0000 1.0000 1.0000 0.4266 0.1459 0.0499 0.0171 0.0058 0.0020 0.0007 1.0000 1.0000 1.0000 0.9410 0.3219 0.1101 0.0377 0.0129 0.0044 0.0015 1.0000 1.0000 1.0000 1.0000 0.7101 0.2429 0.0833 0.0281 0.0106 0.0015
1.0000 0.0017 0.0045 0.0133 0.0388 0.1135 0.3319 0.9700 1.0000 1.0000 1.0000 1.0000 0.0021 0.0060 0.0176 0.0515 0.1504 0.4397 1.0000 1.0000 1.0000 1.0000 0.0009 0.0027 0.0080 0.0233 0.0682 0.1993 0.5827 1.0000 1.0000 1.0000 1.0000 0.0012 0.0036 0.0105 0.0308 0.0968 0.2519 0.1239 0.0327 0.0148 0.0081 0.0047 0.0029 0.0019 0.0013 0.0010 0.0008 0.0007 0.0006 0.0007 0.0009 0.0012 0.0018 0.0027 0.0046 0.0085 0.0173 0.0398 0.1373 1.0000 0.8654 0.1890 0.0662 0.0231 0.0079 0.0027 0.0009 1.0000 1.0000 1.0000 1.0000 0.4356 0.1490 0.0510 0.0174 0.0060 0.0020 0.0007 1.0000 1.0000 1.0000 0.9608 0.3287 0.1125 0.0385 0.0132 0.0045 0.0015 1.0000 1.0000 1.0000 1.0000 0.7251 0.2481 0.0849 0.0291 0.0098 0.0037 0.0005
