0.0048 0.0375 0.0966 0.2797 0.7990 1.0000 1.0000 1.0000 0.0005 0.0015 0.0043 0.0124 0.0356 0.1017 0.2905 0.8300 1.0000 1.0000 1.0000 0.0006 0.0016 0.0045 0.0129 0.0368 0.1050 0.3000 0.8572 1.0000 1.0000 1.0000 0.0006 0.0016 0.0046 0.0133 0.0380 0.1087 0.3111 0.8888 1.0000 1.0000 1.0000 0.0006 0.0017 0.0048 0.0137 0.0394 0.1127 0.3201 0.9250 1.0000 1.0000 1.0000 0.9250 0.3201 0.1127 0.0394 0.0137 0.0048 0.0017 0.0006 1.0000 1.0000 1.0000 0.8888 0.3111 0.1087 0.0380 0.0133 0.0046 0.0016 0.0006 1.0000 1.0000 1.0000 0.8572 0.3000 0.1050 0.0368 0.0129 0.0045 0.0016 0.0006 1.0000 1.0000 1.0000 0.8300 0.2905 0.1017 0.0356 0.0124 0.0043 0.0015 0.0005 1.0000 1.0000 1.0000 0.7990 0.2797 0.0966 0.0375 0.0048
0.0375 0.2626 0.6581 1.0000 1.0000 1.0000 1.0000 0.0013 0.0037 0.0105 0.0299 0.0857 0.2443 0.6994 1.0000 1.0000 1.0000 1.0000 0.0013 0.0038 0.0108 0.0310 0.0885 0.2528 0.7224 1.0000 1.0000 1.0000 1.0000 0.0014 0.0039 0.0112 0.0319 0.0916 0.2611 0.7490 1.0000 1.0000 1.0000 1.0000 0.0014 0.0041 0.0116 0.0330 0.0948 0.2713 0.7736 1.0000 1.0000 1.0000 1.0000 1.0000 1.0000 1.0000 0.7736 0.2713 0.0948 0.0330 0.0116 0.0041 0.0014 1.0000 1.0000 1.0000 1.0000 0.7490 0.2611 0.0916 0.0319 0.0112 0.0039 0.0014 1.0000 1.0000 1.0000 1.0000 0.7224 0.2528 0.0885 0.0310 0.0108 0.0038 0.0013 1.0000 1.0000 1.0000 1.0000 0.6994 0.2443 0.0857 0.0299 0.0105 0.0037 0.0013 1.0000 1.0000 1.0000 1.0000 0.6581 0.2626 0.0375
0.0966 0.6581 1.0000 1.0000 1.0000 1.0000 0.0012 0.0034 0.0097 0.0276 0.0793 0.2264 0.6482 1.0000 1.0000 1.0000 1.0000 0.0012 0.0035 0.0100 0.0287 0.0820 0.2343 0.6695 1.0000 1.0000 1.0000 1.0000 0.0013 0.0036 0.0104 0.0296 0.0847 0.2416 0.6928 1.0000 1.0000 1.0000 1.0000 0.0013 0.0038 0.0107 0.0307 0.0878 0.2509 0.7155 1.0000 1.0000 1.0000 1.0000 0.0012 1.0000 1.0000 1.0000 1.0000 0.7155 0.2509 0.0878 0.0307 0.0107 0.0038 0.0013 1.0000 1.0000 1.0000 1.0000 0.6928 0.2416 0.0847 0.0296 0.0104 0.0036 0.0013 1.0000 1.0000 1.0000 1.0000 0.6695 0.2343 0.0820 0.0287 0.0100 0.0035 0.0012 1.0000 1.0000 1.0000 1.0000 0.6482 0.2264 0.0793 0.0276 0.0097 0.0034 0.0012 1.0000 1.0000 1.0000 1.0000 0.6581 0.0966
0.2797 1.0000 1.0000 1.0000 1.0000 0.0012 0.0035 0.0100 0.0287 0.0820 0.2348 0.6707 1.0000 1.0000 1.0000 1.0000 0.0013 0.0037 0.0104 0.0298 0.0852 0.2434 0.6954 1.0000 1.0000 1.0000 1.0000 0.0013 0.0038 0.0108 0.0307 0.0878 0.2504 0.7169 1.0000 1.0000 1.0000 1.0000 0.0014 0.0039 0.0112 0.0319 0.0911 0.2597 0.7419 1.0000 1.0000 1.0000 1.0000 0.0016 0.0035 0.0016 1.0000 1.0000 1.0000 1.0000 0.7419 0.2597 0.0911 0.0319 0.0112 0.0039 0.0014 1.0000 1.0000 1.0000 1.0000 0.7169 0.2504 0.0878 0.0307 0.0108 0.0038 0.0013 1.0000 1.0000 1.0000 1.0000 0.6954 0.2434 0.0852 0.0298 0.0104 0.0037 0.0013 1.0000 1.0000 1.0000 1.0000 0.6707 0.2348 0.0820 0.0287 0.0100 0.0035 0.0012 1.0000 1.0000 1.0000 1.0000 0.2797
0.7990 1.0000 1.0000 1.0000 0.0012 0.0035 0.0101 0.0290 0.0833 0.2388 0.6836 1.0000 1.0000 1.0000 1.0000 0.0013 0.0037 0.0107 0.0304 0.0870 0.2485 0.7101 1.0000 1.0000 1.0000 1.0000 0.0013 0.0038 0.0110 0.0314 0.0897 0.2562 0.7307 1.0000 1.0000 1.0000 1.0000 0.0014 0.0040 0.0114 0.0325 0.0930 0.2657 0.7590 1.0000 1.0000 1.0000 1.0000 0.0014 0.0047 0.0101 0.0047 0.0014 1.0000 1.0000 1.0000 1.0000 0.7590 0.2657 0.0930 0.0325 0.0114 0.0040 0.0014 1.0000 1.0000 1.0000 1.0000 0.7307 0.2562 0.0897 0.0314 0.0110 0.0038 0.0013 1.0000 1.0000 1.0000 1.0000 0.7101 0.2485 0.0870 0.0304 0.0107 0.0037 0.0013 1.0000 1.0000 1.0000 1.0000 0.6836 0.2388 0.0833 0.0290 0.0101 0.0035 0.0012 1.0000 1.0000 1.0000 0.7990
1.0000 1.0000 1.0000 0.0012 0.0035 0.0102 0.0294 0.0845 0.2429 0.6967 1.0000 1.0000 1.0000 1.0000 0.0013 0.0038 0.0109 0.0312 0.0890 0.2543 0.7265 1.0000 1.0000 1.0000 1.0000 0.0014 0.0039 0.0112 0.0321 0.0918 0.2621 0.7490 1.0000 1.0000 1.0000 1.0000 0.0014 0.0041 0.0117 0.0333 0.0951 0.2718 0.7765 1.0000 1.0000 1.0000 1.0000 0.0015 0.0042 0.0138 0.0296 0.0138 0.0042 0.0015 1.0000 1.0000 1.0000 1.0000 0.7765 0.2718 0.0951 0.0333 0.0117 0.0041 0.0014 1.0000 1.0000 1.0000 1.0000 0.7490 0.2621 0.0918 0.0321 0.0112 0.0039 0.0014 1.0000 1.0000 1.0000 1.0000 0.7265 0.2543 0.0890 0.0312 0.0109 0.0038 0.0013 1.0000 1.0000 1.0000 1.0000 0.6967 0.2429 0.0845 0.0294 0.0102 0.0035 0.0012 1.0000 1.0000 1.0000
1.0000 1.0000 0.0012 0.0035 0.0101 0.0294 0.0849 0.2448 0.7047 1.0000 1.0000 1.0000 1.0000 0.0014 0.0039 0.0111 0.0318 0.0911 0.2602 0.7433 1.0000 1.0000 1.0000 1.0000 0.0014 0.0040 0.0115 0.0329 0.0939 0.2682 0.7662 1.0000 1.0000 1.0000 1.0000 0.0015 0.0042 0.0119 0.0341 0.0973 0.2781 0.7944 1.0000 1.0000 1.0000 1.0000 0.0015 0.0043 0.0123 0.0403 0.0863 0.0403 0.0123 0.0043 0.0015 1.0000 1.0000 1.0000 1.0000 0.7944 0.2781 0.0973 0.0341 0.0119 0.0042 0.0015 1.0000 1.0000 1.0000 1.0000 0.7662 0.2682 0.0939 0.0329 0.0115 0.0040 0.0014 1.0000 1.0000 1.0000 1.0000 0.7433 0.2602 0.0911 0.0318 0.0111 0.0039 0.0014 1.0000 1.0000 1.0000 1.0000 0.7047 0.2448 0.0849 0.0294 0.0101 0.0035 0.0012 1.0000 1.0000
1.0000 0.0013 0.0034 0.0100 0.0290 0.0845 0.2448 0.7074 1.0000 1.0000 1.0000 1.0000 0.0014 0.0040 0.0113 0.0325 0.0930 0.2657 0.7604 1.0000 1.0000 1.0000 1.0000 0.0014 0.0041 0.0118 0.0336 0.0960 0.2744 0.7839 1.0000 1.0000 1.0000 1.0000 0.0015 0.0043 0.0122 0.0349 0.0996 0.2845 0.8128 1.0000 1.0000 1.0000 1.0000 0.0015 0.0044 0.0126 0.0360 0.1179 0.2524 0.1179 0.0360 0.0126 0.0044 0.0015 1.0000 1.0000 1.0000 1.0000 0.8128 0.2845 0.0996 0.0349 0.0122 0.0043 0.0015 1.0000 1.0000 1.0000 1.0000 0.7839 0.2744 0.0960 0.0336 0.0118 0.0041 0.0014 1.0000 1.0000 1.0000 1.0000 0.7604 0.2657 0.0930 0.0325 0.0113 0.0040 0.0014 1.0000 1.0000 1.0000 1.0000 0.7074 0.2448 0.0845 0.0290 0.0100 0.0034 0.0013 1.0000
0.0005 0.0037 0.0097 0.0287 0.0833 0.2429 0.7047 1.0000 1.0000 1.0000 1.0000 0.0014 0.0040 0.0115 0.0331 0.0948 0.2713 0.7765 1.0000 1.0000 1.0000 1.0000 0.0015 0.0042 0.0120 0.0344 0.0983 0.2807 0.8020 1.0000 1.0000 1.0000 1.0000 0.0015 0.0044 0.0124 0.0356 0.1019 0.2910 0.8315 1.0000 1.0000 1.0000 1.0000 0.0016 0.0045 0.0129 0.0367 0.1052 0.3447 0.7376 0.3447 0.1052 0.0367 0.0129 0.0045 0.0016 1.0000 1.0000 1.0000 1.0000 0.8315 0.2910 0.1019 0.0356 0.0124 0.0044 0.0015 1.0000 1.0000 1.0000 1.0000 0.8020 0.2807 0.0983 0.0344 0.0120 0.0042 0.0015 1.0000 1.0000 1.0000 1.0000 0.7765 0.2713 0.0948 0.0331 0.0115 0.0040 0.0014 1.0000 1.0000 1.0000 1.0000 0.7047 0.2429 0.0833 0.0287 0.0097 0.0037 0.0005
0.0015 0.0105 0.0276 0.0820 0.2388 0.6967 1.0000 1.0000 1.0000 1.0000 0.0014 0.0041 0.0117 0.0336 0.0964 0.2765 0.7914 1.0000 1.0000 1.0000 1.0000 0.0015 0.0043 0.0123 0.0352 0.1005 0.2872 0.8205 1.0000 1.0000 1.0000 1.0000 0.0016 0.0044 0.0127 0.0364 0.1040 0.2978 0.8507 1.0000 1.0000 1.0000 1.0000 0.0016 0.0046 0.0132 0.0377 0.1072 0.3075 1.0000 1.0000 1.0000 0.3075 0.1072 0.0377 0.0132 0.0046 0.0016 1.0000 1.0000 1.0000 1.0000 0.8507 0.2978 0.1040 0.0364 0.0127 0.0044 0.0016 1.0000 1.0000 1.0000 1.0000 0.8205 0.2872 0.1005 0.0352 0.0123 0.0043 0.0015 1.0000 1.0000 1.0000 1.0000 0.7914 0.2765 0.0964 0.0336 0.0117 0.0041 0.0014 1.0000 1.0000 1.0000 1.0000 0.6967 0.2388 0.0820 0.0276 0.0105 0.0015
0.0043 0.0299 0.0793 0.2348 0.6836 1.0000 1.0000 1.0000 1.0000 0.0014 0.0041 0.0118 0.0339 0.0977 0.2807 0.8051 1.0000 1.0000 1.0000 1.0000 0.0015 0.0044 0.0126 0.0360 0.1028 0.2938 0.8395 1.0000 1.0000 1.0000 1.0000 0.0016 0.0045 0.0130 0.0372 0.1062 0.3041 0.8704 1.0000 1.0000 1.0000 1.0000 0.0016 0.0047 0.0134 0.0385 0.1101 0.3135 0.8990 1.0000 1.0000 1.0000 0.8990 0.3135 0.1101 0.0385 0.0134 0.0047 0.0016 1.0000 1.0000 1.0000 1.0000 0.8704 0.3041 0.1062 0.0372 0.0130 0.0045 0.0016 1.0000 1.0000 1.0000 1.0000 0.8395 0.2938 0.1028 0.0360 0.0126 0.0044 0.0015 1.0000 1.0000 1.0000 1.0000 0.8051 0.2807 0.0977 0.0339 0.0118 0.0041 0.0014 1.0000 1.0000 1.0000 1.0000 0.6836 0.2348 0.0793 0.0299 0.0043
0.0124 0.0857 0.2264 0.6707 1.0000 1.0000 1.0000 1.0000 0.0014 0.0041 0.0118 0.0341 0.0983 0.2834 0.8159 1.0000 1.0000 1.0000 1.0000 0.0016 0.0045 0.0129 0.0368 0.1052 0.3006 0.8589 1.0000 1.0000 1.0000 1.0000 0.0016 0.0047 0.0133 0.0380 0.1087 0.3111 0.8888 1.0000 1.0000 1.0000 1.0000 0.0017 0.0048 0.0138 0.0394 0.1125 0.3219 0.9162 1.0000 1.0000 1.0000 1.0000 1.0000 0.9162 0.3219 0.1125 0.0394 0.0138 0.0048 0.0017 1.0000 1.0000 1.0000 1.0000 0.8888 0.3111 0.1087 0.0380 0.0133 0.0047 0.0016 1.0000 1.0000 1.0000 1.0000 0.8589 0.3006 0.1052 0.0368 0.0129 0.0045 0.0016 1.0000 1.0000 1.0000 1.0000 0.8159 0.2834 0.0983 0.0341 0.0118 0.0041 0.0014 1.0000 1.0000 1.0000 1.0000 0.6707 0.2264 0.0857 0.0124
0.0356 0.2443 0.6482 1.0000 1.0000 1.0000 1.0000 0.0014 0.0040 0.0117 0.0339 0.0983 0.2845 0.8205 1.0000 1.0000 1.0000 1.0000 0.0016 0.0046 0.0131 0.0376 0.1074 0.3075 0.8787 1.0000 1.0000 1.0000 1.0000 0.0017 0.0048 0.0136 0.0388 0.1110 0.3177 0.9076 1.0000 1.0000 1.0000 1.0000 0.0017 0.0049 0.0141 0.0403 0.1148 0.3287 0.9410 1.0000 1.0000 1.0000 1.0000 1.0000 1.0000 1.0000 0.9410 0.3287 0.1148 0.0403 0.0141 0.0049 0.0017 1.0000 1.0000 1.0000 1.0000 0.9076 0.3177 0.1110 0.0388 0.0136 0.0048 0.0017 1.0000 1.0000 1.0000 1.0000 0.8787 0.3075 0.1074 0.0376 0.0131 0.0046 0.0016 1.0000 1.0000 1.0000 1.0000 0.8205 0.2845 0.0983 0.0339 0.0117 0.0040 0.0014 1.0000 1.0000 1.0000 1.0000 0.6482 0.2443 0.0356
0.1017 0.6994 1.0000 1.0000 1.0000 1.0000 0.0014 0.0040 0.0115 0.0336 0.0977 0.2834 0.8205 1.0000 1.0000 1.0000 1.0000 0.0016 0.0047 0.0134 0.0383 0.1097 0.3141 0.8973 1.0000 1.0000 1.0000 1.0000 0.0017 0.0049 0.0139 0.0397 0.1135 0.3244 0.9285 1.0000 1.0000 1.0000 1.0000 0.0018 0.0050 0.0144 0.0412 0.1177 0.3363 0.9608 1.0000 1.0000 1.0000 0.0007 0.0016 0.0007 1.0000 1.0000 1.0000 0.9608 0.3363 0.1177 0.0412 0.0144 0.0050 0.0018 1.0000 1.0000 1.0000 1.0000 0.9285 0.3244 0.1133 0.0397 0.0139 0.0049 0.0017 1.0000 1.0000 1.0000 1.0000 0.8973 0.3141 0.1097 0.0383 0.0134 0.0047 0.0016 1.0000 1.0000 1.0000 1.0000 0.8205 0.2834 0.0977 0.0336 0.0115 0.0040 0.0014 1.0000 1.0000 1.0000 1.0000 0.6994 0.1017
0.2905 1.0000 1.0000 1.0000 1.0000 0.0013 0.0039 0.0113 0.0331 0.0964 0.2807 0.8159 1.0000 1.0000 1.0000 1.0000 0.0016 0.0047 0.0136 0.0390 0.1118 0.3201 0.9162 1.0000 1.0000 1.0000 1.0000 0.0017 0.0050 0.0142 0.0407 0.1162 0.3312 0.9481 1.0000 1.0000 1.0000 1.0000 0.0018 0.0052 0.0148 0.0422 0.1204 0.3441 0.9812 1.0000 1.0000 1.0000 0.0007 0.0021 0.0046 0.0021 0.0007 1.0000 1.0000 1.0000 0.9812 0.3441 0.1204 0.0422 0.0148 0.0052 0.0018 1.0000 1.0000 1.0000 1.0000 0.9481 0.3319 0.1162 0.0407 0.0142 0.0050 0.0017 1.0000 1.0000 1.0000 1.0000 0.9162 0.3201 0.1118 0.0390 0.0136 0.0047 0.0016 1.0000 1.0000 1.0000 1.0000 0.8159 0.2807 0.0964 0.0331 0.0113 0.0039 0.0013 1.0000 1.0000 1.0000 1.0000 0.2905
0.8300 1.0000 1.0000 1.0000 0.0013 0.0038 0.0111 0.0325 0.0948 0.2765 0.8051 1.0000 1.0000 1.0000 1.0000 0.0016 0.0048 0.0137 0.0395 0.1135 0.3256 0.9338 1.0000 1.0000 1.0000 1.0000 0.0018 0.0051 0.0146 0.0416 0.1188 0.3395 0.9700 1.0000 1.0000 1.0000 0.0006 0.0018 0.0053 0.0151 0.0431 0.1232 0.3520 1.0000 1.0000 1.0000 1.0000 0.0007 0.0019 0.0063 0.0134 0.0063 0.0019 0.0007 1.0000 1.0000 1.0000 1.0000 0.3520 0.1232 0.0431 0.0151 0.0053 0.0018 0.0006 1.0000 1.0000 1.0000 0.9682 0.3395 0.1188 0.0416 0.0146 0.0051 0.0018 1.0000 1.0000 1.0000 1.0000 0.9338 0.3256 0.1135 0.0395 0.0137 0.0048 0.0016 1.0000 1.0000 1.0000 1.0000 0.8051 0.2765 0.0948 0.0325 0.0111 0.0038 0.0013 1.0000 1.0000 1.0000 0.8300
1.0000 1.0000 1.0000 0.0013 0.0037 0.0109 0.0318 0.0930 0.2713 0.7914 1.0000 1.0000 1.0000 1.0000 0.0016 0.0048 0.0138 0.0397 0.1146 0.3300 0.9481 1.0000 1.0000 1.0000 1.0000 0.0018 0.0052 0.0149 0.0426 0.1216 0.3474 0.9924 1.0000 1.0000 1.0000 0.0007 0.0019 0.0054 0.0154 0.0441 0.1261 0.3601 1.0000 1.0000 1.0000 1.0000 0.0007 0.0019 0.0056 0.0183 0.0391 0.0183 0.0056 0.0019 0.0007 1.0000 1.0000 1.0000 1.0000 0.3601 0.1261 0.0441 0.0154 0.0054 0.0019 0.0007 1.0000 1.0000 1.0000 0.9924 0.3474 0.1216 0.0426 0.0149 0.0052 0.0018 1.0000 1.0000 1.0000 1.0000 0.9481 0.3300 0.1146 0.0397 0.0138 0.0048 0.0016 1.0000 1.0000 1.0000 1.0000 0.7914 0.2713 0.0930 0.0318 0.0109 0.0037 0.0013 1.0000 1.0000 1.0000
1.0000 1.0000 0.0012 0.0037 0.0107 0.0312 0.0911 0.2657 0.7765 1.0000 1.0000 1.0000 1.0000 0.0016 0.0047 0.0137 0.0397 0.1151 0.3319 0.9572 1.0000 1.0000 1.0000 0.0006 0.0019 0.0053 0.0152 0.0435 0.1244 0.3554 1.0000 1.0000 1.0000 1.0000 0.0007 0.0019 0.0055 0.0158 0.0451 0.1290 0.3685 1.0000 1.0000 1.0000 1.0000 0.0007 0.0020 0.0057 0.0163 0.0535 0.1144 0.0535 0.0163 0.0057 0.0020 0.0007 1.0000 1.0000 1.0000 1.0000 0.3685 0.1290 0.0451 0.0158 0.0055 0.0019 0.0007 1.0000 1.0000 1.0000 1.0000 0.3554 0.1244 0.0435 0.0152 0.0053 0.0019 0.0006 1.0000 1.0000 1.0000 0.9572 0.3319 0.1151 0.0397 0.0137 0.0047 0.0016 1.0000 1.0000 1.0000 1.0000 0.7765 0.2657 0.0911 0.0312 0.0107 0.0037 0.0012 1.0000 1.0000
1.0000 0.0013 0.0035 0.0104 0.0304 0.0890 0.2602 0.7604 1.0000 1.0000 1.0000 1.0000 0.0016 0.0047 0.0136 0.0395 0.1146 0.3319 0.9608 1.0000 1.0000 1.0000 0.0007 0.0019 0.0054 0.0155 0.0444 0.1270 0.3629 1.0000 1.0000 1.0000 1.0000 0.0007 0.0020 0.0056 0.0161 0.0462 0.1319 0.3770 1.0000 1.0000 1.0000 1.0000 0.0007 0.0020 0.0058 0.0166 0.0477 0.1563 0.3344 0.1563 0.0477 0.0166 0.0058 0.0020 0.0007 1.0000 1.0000 1.0000 1.0000 0.3770 0.1319 0.0462 0.0161 0.0056 0.0020 0.0007 1.0000 1.0000 1.0000 1.0000 0.3629 0.1270 0.0444 0.0155 0.0054 0.0019 0.0007 1.0000 1.0000 1.0000 0.9608 0.3319 0.1146 0.0395 0.0136 0.0047 0.0016 1.0000 1.0000 1.0000 1.0000 0.7604 0.2602 0.0890 0.0304 0.0104 0.0035 0.0013 1.0000
0.0006 0.0038 0.0100 0.0298 0.0870 0.2543 0.7433 1.0000 1.0000 1.0000 1.0000 0.0016 0.0046 0.0134 0.0390 0.1135 0.3300 0.9572 1.0000 1.0000 1.0000 0.0007 0.0019 0.0055 0.0158 0.0452 0.1295 0.3706 1.0000 1.0000 1.0000 1.0000 0.0007 0.0020 0.0058 0.0165 0.0472 0.1350 0.3857 1.0000 1.0000 1.0000 1.0000 0.0007 0.0021 0.0060 0.0171 0.0486 0.1394 0.4568 0.9774 0.4568 0.1394 0.0486 0.0171 0.0060 0.0021 0.0007 1.0000 1.0000 1.0000 1.0000 0.3857 0.1350 0.0472 0.0165 0.0058 0.0020 0.0007 1.0000 1.0000 1.0000 1.0000 0.3706 0.1295 0.0452 0.0158 0.0055 0.0019 0.0007 1.0000 1.0000 1.0000 0.9572 0.3300 0.1135 0.0390 0.0134 0.0046 0.0016 1.0000 1.0000 1.0000 1.0000 0.7433 0.2543 0.0870 0.0298 0.0100 0.0038 0.0006
0.0016 0.0108 0.0287 0.0852 0.2485 0.7265 1.0000 1.0000 1.0000 1.0000 0.0015 0.0045 0.0131 0.0383 0.1118 0.3256 0.9481 1.0000 1.0000 1.0000 0.0007 0.0019 0.0056 0.0160 0.0459 0.1317 0.3777 1.0000 1.0000 1.0000 1.0000 0.0007 0.0021 0.0059 0.0169 0.0482 0.1378 0.3946 1.0000 1.0000 1.0000 1.0000 0.0007 0.0021 0.0061 0.0174 0.0499 0.1421 0.4075 1.0000 1.0000 1.0000 0.4075 0.1421 0.0499 0.0174 0.0061 0.0021 0.0007 1.0000 1.0000 1.0000 1.0000 0.3946 0.1378 0.0482 0.0169 0.0059 0.0021 0.0007 1.0000 1.0000 1.0000 1.0000 0.3777 0.1317 0.0459 0.0160 0.0056 0.0019 0.0007 1.0000 1.0000 1.0000 0.9481 0.3256 0.1118 0.0383 0.0131 0.0045 0.0015 1.0000 1.0000 1.0000 1.0000 0.7265 0.2485 0.0852 0.0287 0.0108 0.0016
0.0045 0.0310 0.0820 0.2434 0.7101 1.0000 1.0000 1.0000 1.0000 0.0015 0.0044 0.0129 0.0376 0.1097 0.3201 0.9338 1.0000 1.0000 1.0000 0.0007 0.0019 0.0056 0.0161 0.0464 0.1335 0.3835 1.0000 1.0000 1.0000 1.0000 0.0007 0.0021 0.0060 0.0172 0.0493 0.1410 0.4029 1.0000 1.0000 1.0000 1.0000 0.0008 0.0022 0.0062 0.0178 0.0510 0.1459 0.4153 1.0000 1.0000 1.0000 1.0000 1.0000 0.4153 0.1459 0.0510 0.0178 0.0062 0.0022 0.0008 1.0000 1.0000 1.0000 1.0000 0.4029 0.1408 0.0493 0.0172 0.0060 0.0021 0.0007 1.0000 1.0000 1.0000 1.0000 0.3835 0.1335 0.0464 0.0161 0.0056 0.0019 0.0007 1.0000 1.0000 1.0000 0.9338 0.3201 0.1097 0.0376 0.0129 0.0044 0.0015 1.0000 1.0000 1.0000 1.0000 0.7101 0.2434 0.0820 0.0310 0.0045
0.0129 0.0885 0.2343 0.6954 1.0000 1.0000 1.0000 1.0000 0.0015 0.0043 0.0126 0.0368 0.1074 0.3141 0.9162 1.0000 1.0000 1.0000 0.0007 0.0019 0.0056 0.0161 0.0465 0.1342 0.3871 1.0000 1.0000 1.0000 1.0000 0.0008 0.0021 0.0062 0.0176 0.0503 0.1440 0.4122 1.0000 1.0000 1.0000 1.0000 0.0008 0.0022 0.0064 0.0183 0.0521 0.1490 0.4266 1.0000 1.0000 1.0000 1.0000 1.0000 1.0000 1.0000 0.4266 0.1490 0.0521 0.0183 0.0064 0.0022 0.0008 1.0000 1.0000 1.0000 1.0000 0.4122 0.1440 0.0503 0.0176 0.0062 0.0021 0.0008 1.0000 1.0000 1.0000 1.0000 0.3871 0.1342 0.0465 0.0161 0.0056 0.0019 0.0007 1.0000 1.0000 1.0000 0.9162 0.3141 0.1074 0.0368 0.0126 0.0043 0.0015 1.0000 1.0000 1.0000 1.0000 0.6954 0.2343 0.0885 0.0129
0.0368 0.2528 0.6695 1.0000 1.0000 1.0000 1.0000 0.0014 0.0042 0.0123 0.0360 0.1052 0.3075 0.8973 1.0000 1.0000 1.0000 0.0006 0.0019 0.0055 0.0160 0.0464 0.1342 0.3886 1.0000 1.0000 1.0000 1.0000 0.0008 0.0022 0.0063 0.0179 0.0514 0.1470 0.4209 1.0000 1.0000 1.0000 1.0000 0.0008 0.0023 0.0065 0.0187 0.0534 0.1525 0.4356 1.0000 1.0000 1.0000 1.0000 1.0000 1.0000 1.0000 1.0000 1.0000 0.4356 0.1525 0.0534 0.0187 0.0065 0.0023 0.0008 1.0000 1.0000 1.0000 1.0000 0.4209 0.1470 0.0514 0.0179 0.0063 0.0022 0.0008 1.0000 1.0000 1.0000 1.0000 0.3886 0.1342 0.0464 0.0160 0.0055 0.0019 0.0006 1.0000 1.0000 1.0000 0.8973 0.3075 0.1052 0.0360 0.0123 0.0042 0.0014 1.0000 1.0000 1.0000 1.0000 0.6695 0.2528 0.0368
0.1050 0.7224 1.0000 1.0000 1.0000 1.0000 0.0014 0.0041 0.0120 0.0352 0.1028 0.3006 0.8787 1.0000 1.0000 1.0000 1.0000 0.0019 0.0054 0.0158 0.0459 0.1335 0.3871 1.0000 1.0000 1.0000 1.0000 0.0008 0.0022 0.0064 0.0183 0.0524 0.1499 0.4290 1.0000 1.0000 1.0000 1.0000 0.0008 0.0023 0.0067 0.0191 0.0546 0.1560 0.4448 1.0000 1.0000 1.0000 1.0000 0.0010 0.0021 0.0010 1.0000 1.0000 1.0000 1.0000 0.4448 0.1560 0.0546 0.0191 0.0067 0.0023 0.0008 1.0000 1.0000 1.0000 1.0000 0.4290 0.1499 0.0524 0.0183 0.0064 0.0022 0.0008 1.0000 1.0000 1.0000 1.0000 0.3871 0.1335 0.0459 0.0158 0.0054 0.0019 1.0000 1.0000 1.0000 1.0000 0.8787 0.3006 0.1028 0.0352 0.0120 0.0041 0.0014 1.0000 1.0000 1.0000 1.0000 0.7224 0.1050
0.3000 1.0000 1.0000 1.0000 1.0000 0.0014 0.0040 0.0118 0.0344 0.1005 0.2938 0.8589 1.0000 1.0000 1.0000 1.0000 0.0018 0.0053 0.0155 0.0452 0.1317 0.3835 1.0000 1.0000 1.0000 1.0000 0.0008 0.0022 0.0065 0.0186 0.0533 0.1527 0.4372 1.0000 1.0000 1.0000 1.0000 0.0008 0.0024 0.0068 0.0195 0.0559 0.1596 0.4559 1.0000 1.0000 1.0000 1.0000 0.0009 0.0028 0.0061 0.0028 0.0009 1.0000 1.0000 1.0000 1.0000 0.4559 0.1596 0.0559 0.0195 0.0068 0.0024 0.0008 1.0000 1.0000 1.0000 1.0000 0.4372 0.1527 0.0533 0.0186 0.0065 0.0022 0.0008 1.0000 1.0000 1.0000 1.0000 0.3835 0.1317 0.0452 0.0155 0.0053 0.0018 1.0000 1.0000 1.0000 1.0000 0.8589 0.2938 0.1005 0.0344 0.0118 0.0040 0.0014 1.0000 1.0000 1.0000 1.0000 0.3000
0.8572 1.0000 1.0000 1.0000 0.0013 0.0039 0.0115 0.0336 0.0983 0.2872 0.8395 1.0000 1.0000 1.0000 1.0000 0.0018 0.0052 0.0152 0.0444 0.1295 0.3777 1.0000 1.0000 1.0000 1.0000 0.0008 0.0023 0.0065 0.0187 0.0540 0.1551 0.4448 1.0000 1.0000 1.0000 1.0000 0.0009 0.0024 0.0070 0.0200 0.0571 0.1633 0.4664 1.0000 1.0000 1.0000 1.0000 0.0009 0.0025 0.0083 0.0177 0.0083 0.0025 0.0009 1.0000 1.0000 1.0000 1.0000 0.4664 0.1633 0.0571 0.0200 0.0070 0.0024 0.0009 1.0000 1.0000 1.0000 1.0000 0.4448 0.1551 0.0540 0.0187 0.0065 0.0023 0.0008 1.0000 1.0000 1.0000 1.0000 0.3777 0.1295 0.0444 0.0152 0.0052 0.0018 1.0000 1.0000 1.0000 1.0000 0.8395 0.2872 0.0983 0.0336 0.0115 0.0039 0.0013 1.0000 1.0000 1.0000 0.8572
1.0000 1.0000 1.0000 0.0013 0.0038 0.0112 0.0329 0.0960 0.2807 0.8205 1.0000 1.0000 1.0000 1.0000 0.0017 0.0051 0.0149 0.0435 0.1270 0.3706 1.0000 1.0000 1.0000 1.0000 0.0008 0.0022 0.0065 0.0188 0.0543 0.1566 0.4507 1.0000 1.0000 1.0000 1.0000 0.0009 0.0025 0.0071 0.0204 0.0583 0.1667 0.4772 1.0000 1.0000 1.0000 1.0000 0.0009 0.0026 0.0074 0.0242 0.0519 0.0242 0.0074 0.0026 0.0009 1.0000 1.0000 1.0000 1.0000 0.4772 0.1667 0.0583 0.0204 0.0071 0.0025 0.0009 1.0000 1.0000 1.0000 1.0000 0.4507 0.1566 0.0543 0.0188 0.0065 0.0022 0.0008 1.0000 1.0000 1.0000 1.0000 0.3706 0.1270 0.0435 0.0149 0.0051 0.0017 1.0000 1.0000 1.0000 1.0000 0.8205 0.2807 0.0960 0.0329 0.0112 0.0038 0.0013 1.0000 1.0000 1.0000
1.0000 1.0000 0.0013 0.0038 0.0110 0.0321 0.0939 0.2744 0.8020 1.0000 1.0000 1.0000 1.0000 0.0017 0.0050 0.0146 0.0426 0.1244 0.3629 1.0000 1.0000 1.0000 1.0000 0.0008 0.0022 0.0065 0.0187 0.0543 0.1572 0.4533 1.0000 1.0000 1.0000 1.0000 0.0009 0.0025 0.0073 0.0208 0.0595 0.1702 0.4873 1.0000 1.0000 1.0000 1.0000 0.0009 0.0026 0.0075 0.0216 0.0708 0.1516 0.0708 0.0216 0.0075 0.0026 0.0009 1.0000 1.0000 1.0000 1.0000 0.4873 0.1702 0.0595 0.0208 0.0073 0.0025 0.0009 1.0000 1.0000 1.0000 1.0000 0.4533 0.1572 0.0543 0.0187 0.0065 0.0022 0.0008 1.0000 1.0000 1.0000 1.0000 0.3629 0.1244 0.0426 0.0146 0.0050 0.0017 1.0000 1.0000 1.0000 1.0000 0.8020 0.2744 0.0939 0.0321 0.0110 0.0038 0.0013 1.0000 1.0000
1.0000 0.0014 0.0036 0.0108 0.0314 0.0918 0.2682 0.7839 1.0000 1.0000 1.0000 1.0000 0.0017 0.0049 0.0142 0.0416 0.1216 0.3554 1.0000 1.0000 1.0000 1.0000 0.0008 0.0022 0.0064 0.0186 0.0540 0.1566 0.4533 1.0000 1.0000 1.0000 1.0000 0.0009 0.0026 0.0074 0.0212 0.0606 0.1735 0.4967 1.0000 1.0000 1.0000 1.0000 0.0009 0.0027 0.0077 0.0220 0.0632 0.2071 0.4431 0.2071 0.0632 0.0220 0.0077 0.0027 0.0009 1.0000 1.0000 1.0000 1.0000 0.4967 0.1735 0.0606 0.0212 0.0074 0.0026 0.0009 1.0000 1.0000 1.0000 1.0000 0.4533 0.1566 0.0540 0.0186 0.0064 0.0022 0.0008 1.0000 1.0000 1.0000 1.0000 0.3554 0.1216 0.0416 0.0142 0.0049 0.0017 1.0000 1.0000 1.0000 1.0000 0.7839 0.2682 0.0918 0.0314 0.0108 0.0036 0.0014 1.0000
0.0006 0.0039 0.0104 0.0307 0.0897 0.2621 0.7662 1.0000 1.0000 1.0000 1.0000 0.0016 0.0048 0.0139 0.0407 0.1188 0.3474 1.0000 1.0000 1.0000 1.0000 0.0007 0.0021 0.0063 0.0183 0.0533 0.1551 0.4507 1.0000 1.0000 1.0000 1.0000 0.0009 0.0026 0.0075 0.0215 0.0618 0.1768 0.5062 1.0000 1.0000 1.0000 1.0000 0.0010 0.0028 0.0079 0.0226 0.0644 0.1847 0.6053 1.0000 0.6053 0.1847 0.0644 0.0226 0.0079 0.0028 0.0010 1.0000 1.0000 1.0000 1.0000 0.5062 0.1768 0.0618 0.0215 0.0075 0.0026 0.0009 1.0000 1.0000 1.0000 1.0000 0.4507 0.1551 0.0533 0.0183 0.0063 0.0021 0.0007 1.0000 1.0000 1.0000 1.0000 0.3474 0.1188 0.0407 0.0139 0.0048 0.0016 1.0000 1.0000 1.0000 1.0000 0.7662 0.2621 0.0897 0.0307 0.0104 0.0039 0.0006
0.0016 0.0112 0.0296 0.0878 0.2562 0.7490 1.0000 1.0000 1.0000 1.0000 0.0016 0.0047 0.0136 0.0397 0.1162 0.3395 0.9924 1.0000 1.0000 1.0000 0.0007 0.0021 0.0062 0.0179 0.0524 0.1527 0.4448 1.0000 1.0000 1.0000 1.0000 0.0009 0.0026 0.0076 0.0218 0.0627 0.1799 0.5159 1.0000 1.0000 1.0000 1.0000 0.0010 0.0028 0.0081 0.0231 0.0662 0.1883 0.5400 1.0000 1.0000 1.0000 0.5400 0.1883 0.0662 0.0231 0.0081 0.0028 0.0010 1.0000 1.0000 1.0000 1.0000 0.5159 0.1799 0.0627 0.0218 0.0076 0.0026 0.0009 1.0000 1.0000 1.0000 1.0000 0.4448 0.1527 0.0524 0.0179 0.0062 0.0021 0.0007 1.0000 1.0000 1.0000 0.9924 0.3395 0.1162 0.0397 0.0136 0.0047 0.0016 1.0000 1.0000 1.0000 1.0000 0.7490 0.2562 0.0878 0.0296 0.0112 0.0016
0.0046 0.0319 0.0847 0.2504 0.7307 1.0000 1.0000 1.0000 1.0000 0.0016 0.0045 0.0133 0.0388 0.1135 0.3312 0.9700 1.0000 1.0000 1.0000 0.0007 0.0021 0.0060 0.0176 0.0514 0.1499 0.4372 1.0000 1.0000 1.0000 1.0000 0.0009 0.0026 0.0076 0.0220 0.0633 0.1823 0.5238 1.0000 1.0000 1.0000 1.0000 0.0010 0.0029 0.0082 0.0236 0.0676 0.1930 0.5504 1.0000 1.0000 1.0000 1.0000 1.0000 0.5504 0.1930 0.0676 0.0236 0.0082 0.0029 0.0010 1.0000 1.0000 1.0000 1.0000 0.5238 0.1823 0.0633 0.0220 0.0076 0.0026 0.0009 1.0000 1.0000 1.0000 1.0000 0.4372 0.1499 0.0514 0.0176 0.0060 0.0021 0.0007 1.0000 1.0000 1.0000 0.9682 0.3312 0.1135 0.0388 0.0133 0.0045 0.0016 1.0000 1.0000 1.0000 1.0000 0.7307 0.2504 0.0847 0.0319 0.0046
0.0133 0.0916 0.2416 0.7169 1.0000 1.0000 1.0000 1.0000 0.0015 0.0044 0.0130 0.0380 0.1110 0.3244 0.9481 1.0000 1.0000 1.0000 0.0007 0.0020 0.0059 0.0172 0.0503 0.1470 0.4290 1.0000 1.0000 1.0000 1.0000 0.0009 0.0026 0.0076 0.0220 0.0636 0.1833 0.5288 1.0000 1.0000 1.0000 1.0000 0.0010 0.0029 0.0084 0.0241 0.0688 0.1971 0.5641 1.0000 1.0000 1.0000 1.0000 1.0000 1.0000 1.0000 0.5641 0.1971 0.0688 0.0241 0.0084 0.0029 0.0010 1.0000 1.0000 1.0000 1.0000 0.5288 0.1833 0.0636 0.0220 0.0076 0.0026 0.0009 1.0000 1.0000 1.0000 1.0000 0.4290 0.1470 0.0503 0.0172 0.0059 0.0020 0.0007 1.0000 1.0000 1.0000 0.9481 0.3244 0.1110 0.0380 0.0130 0.0044 0.0015 1.0000 1.0000 1.0000 1.0000 0.7169 0.2416 0.0916 0.0133
0.0380 0.2611 0.6928 1.0000 1.0000 1.0000 1.0000 0.0015 0.0044 0.0127 0.0372 0.1087 0.3177 0.9285 1.0000 1.0000 1.0000 0.0007 0.0020 0.0058 0.0169 0.0493 0.1440 0.4209 1.0000 1.0000 1.0000 1.0000 0.0009 0.0026 0.0075 0.0218 0.0633 0.1833 0.5308 1.0000 1.0000 1.0000 1.0000 0.0010 0.0030 0.0086 0.0245 0.0702 0.2009 0.5750 1.0000 1.0000 1.0000 1.0000 0.0009 1.0000 1.0000 1.0000 1.0000 0.5750 0.2009 0.0702 0.0245 0.0086 0.0030 0.0010 1.0000 1.0000 1.0000 1.0000 0.5308 0.1833 0.0633 0.0218 0.0075 0.0026 0.0009 1.0000 1.0000 1.0000 1.0000 0.4209 0.1440 0.0493 0.0169 0.0058 0.0020 0.0007 1.0000 1.0000 1.0000 0.9285 0.3177 0.1087 0.0372 0.0127 0.0044 0.0015 1.0000 1.0000 1.0000 1.0000 0.6928 0.2611 0.0380
0.1087 0.7490 1.0000 1.0000 1.0000 1.0000 0.0015 0.0043 0.0124 0.0364 0.1062 0.3111 0.9076 1.0000 1.0000 1.0000 0.0007 0.0019 0.0056 0.0165 0.0482 0.1410 0.4122 1.0000 1.0000 1.0000 1.0000 0.0009 0.0025 0.0074 0.0215 0.0627 0.1823 0.5288 1.0000 1.0000 1.0000 1.0000 0.0011 0.0030 0.0087 0.0250 0.0715 0.2047 0.5860 1.0000 1.0000 1.0000 1.0000 0.0013 0.0027 0.0013 1.0000 1.0000 1.0000 1.0000 0.5860 0.2047 0.0715 0.0250 0.0087 0.0030 0.0011 1.0000 1.0000 1.0000 1.0000 0.5288 0.1823 0.0627 0.0215 0.0074 0.0025 0.0009 1.0000 1.0000 1.0000 1.0000 0.4122 0.1410 0.0482 0.0165 0.0056 0.0019 0.0007 1.0000 1.0000 1.0000 0.9076 0.3111 0.1062 0.0364 0.0124 0.0043 0.0015 1.0000 1.0000 1.0000 1.0000 0.7490 0.1087
0.3111 1.0000 1.0000 1.0000 1.0000 0.0014 0.0042 0.0122 0.0356 0.1040 0.3041 0.8888 1.0000 1.0000 1.0000 0.0006 0.0019 0.0055 0.0161 0.0472 0.1378 0.4029 1.0000 1.0000 1.0000 1.0000 0.0009 0.0025 0.0073 0.0212 0.0618 0.1799 0.5238 1.0000 1.0000 1.0000 1.0000 0.0011 0.0031 0.0088 0.0254 0.0728 0.2087 0.5973 1.0000 1.0000 1.0000 1.0000 0.0011 0.0037 0.0080 0.0037 0.0011 1.0000 1.0000 1.0000 1.0000 0.5973 0.2087 0.0728 0.0254 0.0088 0.0031 0.0011 1.0000 1.0000 1.0000 1.0000 0.5238 0.1799 0.0618 0.0212 0.0073 0.0025 0.0009 1.0000 1.0000 1.0000 1.0000 0.4029 0.1378 0.0472 0.0161 0.0055 0.0019 0.0006 1.0000 1.0000 1.0000 0.8888 0.3041 0.1040 0.0356 0.0122 0.0042 0.0014 1.0000 1.0000 1.0000 1.0000 0.3111
0.8888 1.0000 1.0000 1.0000 0.0014 0.0041 0.0119 0.0349 0.1019 0.2978 0.8704 1.0000 1.0000 1.0000 1.0000 0.0018 0.0054 0.0158 0.0462 0.1350 0.3946 1.0000 1.0000 1.0000 1.0000 0.0008 0.0024 0.0071 0.0208 0.0606 0.1768 0.5159 1.0000 1.0000 1.0000 1.0000 0.0011 0.0031 0.0089 0.0256 0.0737 0.2119 0.6076 1.0000 1.0000 1.0000 1.0000 0.0012 0.0033 0.0109 0.0233 0.0109 0.0033 0.0012 1.0000 1.0000 1.0000 1.0000 0.6076 0.2119 0.0737 0.0256 0.0089 0.0031 0.0011 1.0000 1.0000 1.0000 1.0000 0.5159 0.1768 0.0606 0.0208 0.0071 0.0024 0.0008 1.0000 1.0000 1.0000 1.0000 0.3946 0.1350 0.0462 0.0158 0.0054 0.0018 1.0000 1.0000 1.0000 1.0000 0.8704 0.2978 0.1019 0.0349 0.0119 0.0041 0.0014 1.0000 1.0000 1.0000 0.8888
1.0000 1.0000 1.0000 0.0014 0.0040 0.0117 0.0341 0.0996 0.2910 0.8507 1.0000 1.0000 1.0000 1.0000 0.0018 0.0053 0.0154 0.0451 0.1319 0.3857 1.0000 1.0000 1.0000 1.0000 0.0008 0.0024 0.0070 0.0204 0.0595 0.1735 0.5062 1.0000 1.0000 1.0000 1.0000 0.0011 0.0031 0.0089 0.0257 0.0741 0.2139 0.6157 1.0000 1.0000 1.0000 1.0000 0.0012 0.0034 0.0096 0.0314 0.0682 0.0318 0.0095 0.0033 0.0012 1.0000 1.0000 1.0000 1.0000 0.6157 0.2139 0.0741 0.0257 0.0089 0.0031 0.0011 1.0000 1.0000 1.0000 1.0000 0.5062 0.1735 0.0595 0.0204 0.0070 0.0024 0.0008 1.0000 1.0000 1.0000 1.0000 0.3857 0.1319 0.0451 0.0154 0.0053 0.0018 1.0000 1.0000 1.0000 1.0000 0.8507 0.2910 0.0996 0.0341 0.0117 0.0040 0.0014 1.0000 1.0000 1.0000
1.0000 1.0000 0.0013 0.0039 0.0114 0.0333 0.0973 0.2845 0.8315 1.0000 1.0000 1.0000 1.0000 0.0018 0.0052 0.0151 0.0441 0.1290 0.3770 1.0000 1.0000 1.0000 1.0000 0.0008 0.0023 0.0068 0.0200 0.0583 0.1702 0.4967 1.0000 1.0000 1.0000 1.0000 0.0010 0.0030 0.0088 0.0256 0.0741 0.2147 0.6192 1.0000 1.0000 1.0000 1.0000 0.0012 0.0035 0.0097 0.0276 0.1052 0.2448 0.1168 0.0331 0.0097 0.0034 0.0012 1.0000 1.0000 1.0000 1.0000 0.6192 0.2147 0.0741 0.0256 0.0088 0.0030 0.0010 1.0000 1.0000 1.0000 1.0000 0.4967 0.1702 0.0583 0.0200 0.0068 0.0023 0.0008 1.0000 1.0000 1.0000 1.0000 0.3770 0.1290 0.0441 0.0151 0.0052 0.0018 1.0000 1.0000 1.0000 1.0000 0.8315 0.2845 0.0973 0.0333 0.0114 0.0039 0.0013 1.0000 1.0000
1.0000 0.0014 0.0038 0.0112 0.0325 0.0951 0.2781 0.8128 1.0000 1.0000 1.0000 1.0000 0.0017 0.0050 0.0148 0.0431 0.1261 0.3685 1.0000 1.0000 1.0000 1.0000 0.0008 0.0023 0.0067 0.0195 0.0571 0.1667 0.4873 1.0000 1.0000 1.0000 1.0000 0.0010 0.0030 0.0087 0.0254 0.0737 0.2139 0.6192 1.0000 1.0000 1.0000 1.0000 0.0012 0.0035 0.0100 0.0278 0.1105 0.2829 0.2425 0.1347 0.0899 0.0428 0.0108 0.0034 0.0012 1.0000 1.0000 1.0000 1.0000 0.6192 0.2139 0.0737 0.0254 0.0087 0.0030 0.0010 1.0000 1.0000 1.0000 1.0000 0.4873 0.1667 0.0571 0.0195 0.0067 0.0023 0.0008 1.0000 1.0000 1.0000 1.0000 0.3685 0.1261 0.0431 0.0148 0.0050 0.0017 1.0000 1.0000 1.0000 1.0000 0.8128 0.2781 0.0951 0.0325 0.0112 0.0038 0.0014 1.0000
0.0006 0.0041 0.0107 0.0319 0.0930 0.2718 0.7944 1.0000 1.0000 1.0000 1.0000 0.0017 0.0049 0.0144 0.0422 0.1232 0.3601 1.0000 1.0000 1.0000 1.0000 0.0008 0.0022 0.0065 0.0191 0.0559 0.1633 0.4772 1.0000 1.0000 1.0000 1.0000 0.0010 0.0029 0.0086 0.0250 0.0728 0.2119 0.6157 1.0000 1.0000 1.0000 1.0000 0.0012 0.0036 0.0102 0.0284 0.1083 0.2728 0.0870 0.0242 0.0144 0.0241 0.0453 0.0402 0.0119 0.0034 0.0012 1.0000 1.0000 1.0000 1.0000 0.6157 0.2119 0.0728 0.0250 0.0086 0.0029 0.0010 1.0000 1.0000 1.0000 1.0000 0.4772 0.1633 0.0559 0.0191 0.0065 0.0022 0.0008 1.0000 1.0000 1.0000 1.0000 0.3601 0.1232 0.0422 0.0144 0.0049 0.0017 1.0000 1.0000 1.0000 1.0000 0.7944 0.2718 0.0930 0.0319 0.0107 0.0041 0.0006
0.0017 0.0116 0.0307 0.0909 0.2657 0.7765 1.0000 1.0000 1.0000 1.0000 0.0016 0.0048 0.0141 0.0412 0.1204 0.3520 1.0000 1.0000 1.0000 1.0000 0.0007 0.0022 0.0064 0.0187 0.0546 0.1596 0.4664 1.0000 1.0000 1.0000 1.0000 0.0010 0.0029 0.0084 0.0245 0.0715 0.2087 0.6076 1.0000 1.0000 1.0000 1.0000 0.0012 0.0036 0.0104 0.0291 0.0937 0.3093 0.1251 0.0108 0.0030 0.0014 0.0021 0.0041 0.0194 0.0415 0.0114 0.0035 0.0012 1.0000 1.0000 1.0000 1.0000 0.6076 0.2087 0.0715 0.0245 0.0084 0.0029 0.0010 1.0000 1.0000 1.0000 1.0000 0.4664 0.1596 0.0546 0.0187 0.0064 0.0022 0.0007 1.0000 1.0000 1.0000 1.0000 0.3520 0.1204 0.0412 0.0141 0.0048 0.0016 1.0000 1.0000 1.0000 1.0000 0.7765 0.2657 0.0911 0.0307 0.0116 0.0017
0.0048 0.0332 0.0878 0.2597 0.7576 1.0000 1.0000 1.0000 1.0000 0.0016 0.0047 0.0138 0.0402 0.1177 0.3434 1.0000 1.0000 1.0000 1.0000 0.0007 0.0021 0.0062 0.0182 0.0534 0.1557 0.4559 1.0000 1.0000 1.0000 1.0000 0.0010 0.0028 0.0082 0.0241 0.0702 0.2047 0.5973 1.0000 1.0000 1.0000 1.0000 0.0012 0.0036 0.0104 0.0297 0.0847 0.3441 0.4372 0.0438 0.0049 0.0008 1.0000 1.0000 0.0006 0.0025 0.0299 0.0445 0.0104 0.0035 0.0012 1.0000 1.0000 1.0000 1.0000 0.5973 0.2047 0.0702 0.0241 0.0082 0.0028 0.0010 1.0000 1.0000 1.0000 1.0000 0.4559 0.1560 0.0534 0.0183 0.0062 0.0021 0.0007 1.0000 1.0000 1.0000 1.0000 0.3441 0.1177 0.0403 0.0138 0.0047 0.0016 1.0000 1.0000 1.0000 1.0000 0.7590 0.2597 0.0878 0.0330 0.0048
0.0138 0.0948 0.2504 0.7433 1.0000 1.0000 1.0000 1.0000 0.0016 0.0046 0.0135 0.0394 0.1151 0.3363 0.9830 1.0000 1.0000 1.0000 0.0007 0.0021 0.0061 0.0178 0.0522 0.1525 0.4456 1.0000 1.0000 1.0000 1.0000 0.0009 0.0028 0.0081 0.0236 0.0688 0.2009 0.5860 1.0000 1.0000 1.0000 1.0000 0.0012 0.0036 0.0104 0.0300 0.0854 0.2723 0.8556 0.3460 0.0255 0.0023 1.0000 1.0000 1.0000 1.0000 0.0011 0.0108 0.0763 0.0377 0.0101 0.0036 0.0012 1.0000 1.0000 1.0000 1.0000 0.5860 0.2009 0.0688 0.0236 0.0081 0.0028 0.0009 1.0000 1.0000 1.0000 1.0000 0.4448 0.1525 0.0521 0.0178 0.0061 0.0021 0.0007 1.0000 1.0000 1.0000 0.9812 0.3363 0.1148 0.0394 0.0134 0.0046 0.0016 1.0000 1.0000 1.0000 1.0000 0.7419 0.2509 0.0948 0.0137
0.0394 0.2708 0.7183 1.0000 1.0000 1.0000 1.0000 0.0015 0.0045 0.0132 0.0385 0.1127 0.3293 0.9627 1.0000 1.0000 1.0000 0.0007 0.0020 0.0060 0.0175 0.0511 0.1493 0.4364 1.0000 1.0000 1.0000 1.0000 0.0009 0.0027 0.0079 0.0232 0.0676 0.1971 0.5750 1.0000 1.0000 1.0000 1.0000 0.0012 0.0035 0.0103 0.0299 0.0862 0.2476 0.8540 1.0000 0.5431 0.0606 0.0132 0.0037 0.0670 0.7348 1.0000 0.0007 0.0061 0.0740 0.1184 0.0303 0.0101 0.0035 0.0012 1.0000 1.0000 1.0000 1.0000 0.5750 0.1971 0.0676 0.0231 0.0079 0.0027 0.0009 1.0000 1.0000 1.0000 1.0000 0.4356 0.1490 0.0510 0.0174 0.0060 0.0020 0.0007 1.0000 1.0000 1.0000 0.9608 0.3287 0.1125 0.0385 0.0132 0.0045 0.0015 1.0000 1.0000 1.0000 1.0000 0.7155 0.2713 0.0394
0.1127 0.7750 1.0000 1.0000 1.0000 1.0000 0.0015 0.0044 0.0129 0.0377 0.1103 0.3225 0.9427 1.0000 1.0000 1.0000 0.0007 0.0020 0.0059 0.0171 0.0500 0.1462 0.4274 1.0000 1.0000 1.0000 1.0000 0.0009 0.0027 0.0078 0.0227 0.0662 0.1934 0.5641 1.0000 1.0000 1.0000 1.0000 0.0012 0.0035 0.0101 0.0294 0.0858 0.2481 0.7196 1.0000 1.0000 1.0000 0.2172 0.0904 0.0402 0.2462 1.0000 1.0000 0.0009 0.0070 0.0767 0.2504 0.0986 0.0289 0.0101 0.0035 0.0012 1.0000 1.0000 1.0000 1.0000 0.5641 0.1930 0.0662 0.0226 0.0077 0.0026 0.0009 1.0000 1.0000 1.0000 1.0000 0.4266 0.1459 0.0499 0.0171 0.0058 0.0020 0.0007 1.0000 1.0000 1.0000 0.9410 0.3219 0.1101 0.0377 0.0129 0.0044 0.0015 1.0000 1.0000 1.0000 1.0000 0.7736 0.1127
0.3213 1.0000 1.0000 1.0000 1.0000 0.0015 0.0043 0.0126 0.0369 0.1078 0.3152 0.9215 1.0000 1.0000 1.0000 0.0007 0.0020 0.0057 0.0167 0.0489 0.1429 0.4177 1.0000 1.0000 1.0000 1.0000 0.0009 0.0026 0.0076 0.0222 0.0648 0.1894 0.5525 1.0000 1.0000 1.0000 1.0000 0.0012 0.0034 0.0099 0.0289 0.0844 0.2462 0.7115 1.0000 1.0000 1.0000 1.0000 1.0000 0.6644 0.4372 1.0000 1.0000 1.0000 0.0014 0.0100 0.0928 0.5024 0.3052 0.0830 0.0287 0.0099 0.0034 0.0012 1.0000 1.0000 1.0000 1.0000 0.5504 0.1883 0.0644 0.0220 0.0075 0.0026 0.0009 1.0000 1.0000 1.0000 1.0000 0.4153 0.1421 0.0486 0.0166 0.0057 0.0019 0.0007 1.0000 1.0000 1.0000 0.9162 0.3135 0.1072 0.0367 0.0126 0.0043 0.0015 1.0000 1.0000 1.0000 1.0000 0.3201
0.9180 1.0000 1.0000 1.0000 0.0014 0.0042 0.0123 0.0361 0.1052 0.3081 0.8990 1.0000 1.0000 1.0000 0.0007 0.0019 0.0056 0.0163 0.0477 0.1397 0.4075 1.0000 1.0000 1.0000 1.0000 0.0009 0.0025 0.0074 0.0216 0.0633 0.1847 0.5400 1.0000 1.0000 1.0000 1.0000 0.0011 0.0033 0.0097 0.0284 0.0828 0.2416 0.7047 1.0000 1.0000 1.0000 1.0000 1.0000 1.0000 1.0000 1.0000 1.0000 1.0000 0.0005 0.0027 0.0168 0.1309 0.9285 0.9338 0.2416 0.0820 0.0284 0.0097 0.0033 0.0011 1.0000 1.0000 1.0000 1.0000 0.5400 0.1847 0.0632 0.0216 0.0074 0.0025 0.0009 1.0000 1.0000 1.0000 1.0000 0.4075 0.1394 0.0477 0.0163 0.0056 0.0019 0.0007 1.0000 1.0000 1.0000 0.8990 0.3075 0.1052 0.0360 0.0123 0.0042 0.0014 1.0000 1.0000 1.0000 0.9250
1.0000 1.0000 1.0000 0.0014 0.0041 0.0121 0.0353 0.1030 0.3012 0.8804 1.0000 1.0000 1.0000 1.0000 0.0019 0.0055 0.0160 0.0467 0.1365 0.3991 1.0000 1.0000 1.0000 1.0000 0.0008 0.0025 0.0072 0.0212 0.0619 0.1809 0.5288 1.0000 1.0000 1.0000 1.0000 0.0011 0.0033 0.0095 0.0278 0.0812 0.2370 0.6915 1.0000 1.0000 1.0000 1.0000 0.0014 0.0012 0.0006 1.0000 1.0000 1.0000 0.0008 0.0020 0.0067 0.0335 0.2155 1.0000 1.0000 0.8268 0.2692 0.0928 0.0319 0.0109 0.0037 0.0013 1.0000 1.0000 1.0000 1.0000 0.6053 0.2071 0.0708 0.0242 0.0083 0.0028 0.0010 1.0000 1.0000 1.0000 1.0000 0.4568 0.1563 0.0535 0.0183 0.0063 0.0021 0.0007 1.0000 1.0000 1.0000 1.0000 0.3447 0.1179 0.0403 0.0138 0.0047 0.0016 1.0000 1.0000 1.0000
1.0000 1.0000 0.0014 0.0040 0.0118 0.0345 0.1009 0.2949 0.8621 1.0000 1.0000 1.0000 1.0000 0.0018 0.0054 0.0156 0.0457 0.1337 0.3908 1.0000 1.0000 1.0000 1.0000 0.0008 0.0024 0.0071 0.0207 0.0606 0.1772 0.5179 1.0000 1.0000 1.0000 1.0000 0.0011 0.0032 0.0094 0.0273 0.0797 0.2325 0.6784 1.0000 1.0000 1.0000 1.0000 0.0015 0.0042 0.0070 0.0043 0.0029 0.0025 0.0034 0.0054 0.0105 0.0248 0.0803 0.4225 1.0000 1.0000 1.0000 0.5772 0.1990 0.0681 0.0234 0.0080 0.0027 0.0009 1.0000 1.0000 1.0000 1.0000 0.4431 0.1516 0.0519 0.0177 0.0061 0.0021 1.0000 1.0000 1.0000 1.0000 0.9774 0.3344 0.1144 0.0391 0.0134 0.0046 0.0016 1.0000 1.0000 1.0000 1.0000 0.7376 0.2524 0.0863 0.0296 0.0101 0.0035 0.0012 1.0000 1.0000
1.0000 0.0015 0.0039 0.0116 0.0338 0.0988 0.2888 0.8443 1.0000 1.0000 1.0000 1.0000 0.0018 0.0052 0.0153 0.0448 0.1309 0.3827 1.0000 1.0000 1.0000 1.0000 0.0008 0.0024 0.0069 0.0203 0.0594 0.1735 0.5072 1.0000 1.0000 1.0000 1.0000 0.0011 0.0031 0.0092 0.0268 0.0782 0.2282 0.6657 1.0000 1.0000 1.0000 1.0000 0.0014 0.0042 0.0121 0.0288 0.0339 0.0233 0.0200 0.0253 0.0372 0.0624 0.1175 0.2723 1.0000 1.0000 1.0000 0.7795 0.2702 0.0932 0.0319 0.0109 0.0037 0.0013 1.0000 1.0000 1.0000 1.0000 0.6053 0.2071 0.0708 0.0242 0.0083 0.0028 0.0010 1.0000 1.0000 1.0000 1.0000 0.4568 0.1563 0.0535 0.0183 0.0063 0.0021 0.0007 1.0000 1.0000 1.0000 1.0000 0.3447 0.1179 0.0403 0.0138 0.0047 0.0016 1.0000 1.0000 1.0000
0.0006 0.0042 0.0112 0.0330 0.0964 0.2823 0.8237 1.0000 1.0000 1.0000 1.0000 0.0018 0.0051 0.0150 0.0437 0.1280 0.3734 1.0000 1.0000 1.0000 1.0000 0.0008 0.0023 0.0068 0.0198 0.0580 0.1693 0.4957 1.0000 1.0000 1.0000 1.0000 0.0011 0.0031 0.0090 0.0263 0.0767 0.2239 0.6531 1.0000 1.0000 1.0000 1.0000 0.0014 0.0040 0.0118 0.0347 0.0912 0.1823 0.1945 0.1633 0.1901 0.2572 0.3938 0.7265 1.0000 1.0000 1.0000 0.6862 0.2375 0.0830 0.0284 0.0097 0.0033 0.0011 1.0000 1.0000 1.0000 1.0000 0.5400 0.1847 0.0632 0.0216 0.0074 0.0025 0.0009 1.0000 1.0000 1.0000 1.0000 0.4075 0.1394 0.0477 0.0163 0.0056 0.0019 0.0007 1.0000 1.0000 1.0000 0.8990 0.3075 0.1052 0.0360 0.0123 0.0042 0.0014 1.0000 1.0000 1.0000 0.9250
0.0017 0.0119 0.0317 0.0939 0.2739 0.8005 1.0000 1.0000 1.0000 1.0000 0.0017 0.0050 0.0145 0.0425 0.1241 0.3629 1.0000 1.0000 1.0000 1.0000 0.0008 0.0023 0.0066 0.0193 0.0563 0.1645 0.4809 1.0000 1.0000 1.0000 1.0000 0.0010 0.0030 0.0087 0.0255 0.0746 0.2180 0.6360 1.0000 1.0000 1.0000 1.0000 0.0013 0.0039 0.0114 0.0335 0.0983 0.2733 0.6556 1.0000 1.0000 1.0000 1.0000 1.0000 1.0000 1.0000 1.0000 0.6888 0.2388 0.0842 0.0288 0.0099 0.0034 0.0012 1.0000 1.0000 1.0000 1.0000 0.5504 0.1883 0.0644 0.0220 0.0075 0.0026 0.0009 1.0000 1.0000 1.0000 1.0000 0.4153 0.1421 0.0486 0.0166 0.0057 0.0019 0.0007 1.0000 1.0000 1.0000 0.9162 0.3135 0.1072 0.0367 0.0126 0.0043 0.0015 1.0000 1.0000 1.0000 1.0000 0.3201
0.0052 0.0350 0.0926 0.2739 0.7990 1.0000 1.0000 1.0000 1.0000 0.0017 0.0050 0.0145 0.0424 0.1239 0.3622 1.0000 1.0000 1.0000 1.0000 0.0008 0.0022 0.0066 0.0192 0.0562 0.1642 0.4799 1.0000 1.0000 1.0000 1.0000 0.0010 0.0030 0.0087 0.0255 0.0746 0.2180 0.6372 1.0000 1.0000 1.0000 1.0000 0.0013 0.0039 0.0114 0.0333 0.0977 0.2867 0.8174 1.0000 1.0000 1.0000 1.0000 1.0000 1.0000 1.0000 1.0000 0.6954 0.2439 0.0860 0.0295 0.0101 0.0035 0.0012 1.0000 1.0000 1.0000 1.0000 0.5641 0.1930 0.0662 0.0226 0.0077 0.0026 0.0009 1.0000 1.0000 1.0000 1.0000 0.4266 0.1459 0.0499 0.0171 0.0058 0.0020 0.0007 1.0000 1.0000 1.0000 0.9410 0.3219 0.1101 0.0377 0.0129 0.0044 0.0015 1.0000 1.0000 1.0000 1.0000 0.7736 0.1127
0.0186 0.1253 0.3281 0.9719 1.0000 1.0000 1.0000 1.0000 0.0021 0.0060 0.0176 0.0515 0.1504 0.4397 1.0000 1.0000 1.0000 1.0000 0.0009 0.0027 0.0080 0.0233 0.0682 0.1993 0.5827 1.0000 1.0000 1.0000 1.0000 0.0012 0.0036 0.0106 0.0309 0.0904 0.2636 0.7721 1.0000 1.0000 1.0000 1.0000 0.0016 0.0047 0.0138 0.0403 0.1177 0.3434 1.0000 1.0000 1.0000 1.0000 1.0000 1.0000 1.0000 1.0000 1.0000 0.7021 0.2485 0.0868 0.0299 0.0103 0.0035 0.0012 1.0000 1.0000 1.0000 1.0000 0.5750 0.1971 0.0676 0.0231 0.0079 0.0027 0.0009 1.0000 1.0000 1.0000 1.0000 0.4356 0.1490 0.0510 0.0174 0.0060 0.0020 0.0007 1.0000 1.0000 1.0000 0.9608 0.3287 0.1125 0.0385 0.0132 0.0045 0.0015 1.0000 1.0000 1.0000 1.0000 0.7155 0.2713 0.0394
