0.3520 1.0000 1.0000 1.0000 0.0006 0.0017 0.0047 0.0136 0.0388 0.1110 0.3171 0.9076 1.0000 1.0000 1.0000 0.0006 0.0017 0.0049 0.0141 0.0403 0.1151 0.3287 0.9392 1.0000 1.0000 1.0000 0.0006 0.0018 0.0051 0.0145 0.0415 0.1188 0.3389 0.9700 1.0000 1.0000 1.0000 0.0006 0.0018 0.0053 0.0151 0.0430 0.1230 0.3507 1.0000 1.0000 1.0000 1.0000 0.0007 0.0022 0.0052 0.0022 0.0007 1.0000 1.0000 1.0000 1.0000 0.3507 0.1230 0.0430 0.0151 0.0053 0.0018 0.0006 1.0000 1.0000 1.0000 0.9700 0.3389 0.1188 0.0415 0.0145 0.0051 0.0018 0.0006 1.0000 1.0000 1.0000 0.9392 0.3287 0.1151 0.0403 0.0141 0.0049 0.0017 0.0006 1.0000 1.0000 1.0000 0.9076 0.3171 0.1110 0.0388 0.0136 0.0047 0.0017 0.0006 1.0000 1.0000 1.0000 0.3520
1.0000 1.0000 1.0000 0.0014 0.0040 0.0114 0.0327 0.0935 0.2667 0.7648 1.0000 1.0000 1.0000 1.0000 0.0015 0.0041 0.0119 0.0339 0.0970 0.2770 0.7914 1.0000 1.0000 1.0000 1.0000 0.0015 0.0043 0.0122 0.0350 0.0999 0.2861 0.8159 1.0000 1.0000 1.0000 1.0000 0.0016 0.0044 0.0127 0.0363 0.1036 0.2961 0.8459 1.0000 1.0000 1.0000 1.0000 0.0016 0.0046 0.0152 0.0332 0.0152 0.0046 0.0016 1.0000 1.0000 1.0000 1.0000 0.8459 0.2961 0.1036 0.0363 0.0127 0.0044 0.0016 1.0000 1.0000 1.0000 1.0000 0.8159 0.2861 0.0999 0.0350 0.0122 0.0043 0.0015 1.0000 1.0000 1.0000 1.0000 0.7914 0.2770 0.0970 0.0339 0.0119 0.0041 0.0015 1.0000 1.0000 1.0000 1.0000 0.7648 0.2667 0.0935 0.0327 0.0114 0.0040 0.0014 1.0000 1.0000 1.0000
1.0000 1.0000 0.0013 0.0037 0.0105 0.0302 0.0865 0.2467 0.7074 1.0000 1.0000 1.0000 1.0000 0.0013 0.0038 0.0110 0.0314 0.0899 0.2567 0.7335 1.0000 1.0000 1.0000 1.0000 0.0014 0.0040 0.0113 0.0324 0.0926 0.2646 0.7561 1.0000 1.0000 1.0000 1.0000 0.0014 0.0041 0.0118 0.0336 0.0960 0.2744 0.7839 1.0000 1.0000 1.0000 1.0000 0.0015 0.0042 0.0122 0.0401 0.0865 0.0401 0.0122 0.0042 0.0015 1.0000 1.0000 1.0000 1.0000 0.7839 0.2744 0.0960 0.0336 0.0118 0.0041 0.0014 1.0000 1.0000 1.0000 1.0000 0.7561 0.2646 0.0926 0.0324 0.0113 0.0040 0.0014 1.0000 1.0000 1.0000 1.0000 0.7335 0.2567 0.0899 0.0314 0.0110 0.0038 0.0013 1.0000 1.0000 1.0000 1.0000 0.7074 0.2467 0.0865 0.0302 0.0105 0.0037 0.0013 1.0000 1.0000
1.0000 0.0014 0.0037 0.0107 0.0309 0.0888 0.2548 0.7293 1.0000 1.0000 1.0000 1.0000 0.0014 0.0040 0.0114 0.0325 0.0932 0.2667 0.7619 1.0000 1.0000 1.0000 1.0000 0.0014 0.0041 0.0118 0.0337 0.0962 0.2749 0.7854 1.0000 1.0000 1.0000 1.0000 0.0015 0.0043 0.0122 0.0349 0.0998 0.2850 0.8143 1.0000 1.0000 1.0000 1.0000 0.0015 0.0044 0.0126 0.0361 0.1184 0.2543 0.1184 0.0361 0.0126 0.0044 0.0015 1.0000 1.0000 1.0000 1.0000 0.8143 0.2850 0.0998 0.0349 0.0122 0.0043 0.0015 1.0000 1.0000 1.0000 1.0000 0.7854 0.2749 0.0962 0.0337 0.0118 0.0041 0.0014 1.0000 1.0000 1.0000 1.0000 0.7619 0.2667 0.0932 0.0325 0.0114 0.0040 0.0014 1.0000 1.0000 1.0000 1.0000 0.7293 0.2548 0.0888 0.0309 0.0107 0.0037 0.0014 1.0000
0.0006 0.0040 0.0105 0.0309 0.0892 0.2572 0.7391 1.0000 1.0000 1.0000 1.0000 0.0014 0.0041 0.0116 0.0333 0.0949 0.2718 0.7780 1.0000 1.0000 1.0000 1.0000 0.0015 0.0042 0.0120 0.0344 0.0983 0.2807 0.8020 1.0000 1.0000 1.0000 1.0000 0.0015 0.0044 0.0124 0.0356 0.1019 0.2910 0.8315 1.0000 1.0000 1.0000 1.0000 0.0016 0.0045 0.0129 0.0367 0.1052 0.3447 0.7391 0.3447 0.1052 0.0367 0.0129 0.0045 0.0016 1.0000 1.0000 1.0000 1.0000 0.8315 0.2910 0.1019 0.0356 0.0124 0.0044 0.0015 1.0000 1.0000 1.0000 1.0000 0.8020 0.2807 0.0983 0.0344 0.0120 0.0042 0.0015 1.0000 1.0000 1.0000 1.0000 0.7780 0.2718 0.0949 0.0333 0.0116 0.0041 0.0014 1.0000 1.0000 1.0000 1.0000 0.7391 0.2572 0.0892 0.0309 0.0105 0.0040 0.0006
0.0017 0.0114 0.0302 0.0888 0.2572 0.7433 1.0000 1.0000 1.0000 1.0000 0.0014 0.0041 0.0119 0.0340 0.0971 0.2781 0.7944 1.0000 1.0000 1.0000 1.0000 0.0015 0.0043 0.0123 0.0352 0.1005 0.2872 0.8205 1.0000 1.0000 1.0000 1.0000 0.0016 0.0044 0.0127 0.0364 0.1040 0.2978 0.8507 1.0000 1.0000 1.0000 1.0000 0.0016 0.0046 0.0132 0.0377 0.1072 0.3075 1.0000 1.0000 1.0000 0.3075 0.1072 0.0377 0.0132 0.0046 0.0016 1.0000 1.0000 1.0000 1.0000 0.8507 0.2978 0.1040 0.0364 0.0127 0.0044 0.0016 1.0000 1.0000 1.0000 1.0000 0.8205 0.2872 0.1005 0.0352 0.0123 0.0043 0.0015 1.0000 1.0000 1.0000 1.0000 0.7944 0.2781 0.0971 0.0340 0.0119 0.0041 0.0014 1.0000 1.0000 1.0000 1.0000 0.7433 0.2572 0.0888 0.0302 0.0114 0.0017
0.0047 0.0327 0.0865 0.2548 0.7391 1.0000 1.0000 1.0000 1.0000 0.0015 0.0042 0.0121 0.0347 0.0992 0.2839 0.8112 1.0000 1.0000 1.0000 1.0000 0.0015 0.0044 0.0126 0.0360 0.1028 0.2938 0.8395 1.0000 1.0000 1.0000 1.0000 0.0016 0.0045 0.0130 0.0372 0.1062 0.3041 0.8704 1.0000 1.0000 1.0000 1.0000 0.0016 0.0047 0.0134 0.0385 0.1101 0.3135 0.8990 1.0000 1.0000 1.0000 0.8990 0.3135 0.1101 0.0385 0.0134 0.0047 0.0016 1.0000 1.0000 1.0000 1.0000 0.8704 0.3041 0.1062 0.0372 0.0130 0.0045 0.0016 1.0000 1.0000 1.0000 1.0000 0.8395 0.2938 0.1028 0.0360 0.0126 0.0044 0.0015 1.0000 1.0000 1.0000 1.0000 0.8112 0.2839 0.0992 0.0347 0.0121 0.0042 0.0015 1.0000 1.0000 1.0000 1.0000 0.7391 0.2548 0.0865 0.0327 0.0047
0.0136 0.0935 0.2467 0.7293 1.0000 1.0000 1.0000 1.0000 0.0015 0.0043 0.0123 0.0352 0.1009 0.2894 0.8284 1.0000 1.0000 1.0000 1.0000 0.0016 0.0045 0.0129 0.0368 0.1052 0.3006 0.8589 1.0000 1.0000 1.0000 1.0000 0.0016 0.0047 0.0133 0.0380 0.1087 0.3111 0.8888 1.0000 1.0000 1.0000 1.0000 0.0017 0.0048 0.0138 0.0394 0.1125 0.3219 0.9162 1.0000 1.0000 1.0000 1.0000 1.0000 0.9162 0.3219 0.1125 0.0394 0.0138 0.0048 0.0017 1.0000 1.0000 1.0000 1.0000 0.8888 0.3111 0.1087 0.0380 0.0133 0.0047 0.0016 1.0000 1.0000 1.0000 1.0000 0.8589 0.3006 0.1052 0.0368 0.0129 0.0045 0.0016 1.0000 1.0000 1.0000 1.0000 0.8284 0.2894 0.1009 0.0352 0.0123 0.0043 0.0015 1.0000 1.0000 1.0000 1.0000 0.7293 0.2467 0.0935 0.0136
0.0388 0.2667 0.7074 1.0000 1.0000 1.0000 1.0000 0.0015 0.0043 0.0124 0.0356 0.1023 0.2938 0.8427 1.0000 1.0000 1.0000 1.0000 0.0016 0.0046 0.0132 0.0377 0.1076 0.3075 0.8787 1.0000 1.0000 1.0000 1.0000 0.0017 0.0048 0.0136 0.0388 0.1110 0.3177 0.9076 1.0000 1.0000 1.0000 1.0000 0.0017 0.0049 0.0141 0.0403 0.1148 0.3287 0.9410 1.0000 1.0000 1.0000 1.0000 1.0000 1.0000 1.0000 0.9410 0.3287 0.1148 0.0403 0.0141 0.0049 0.0017 1.0000 1.0000 1.0000 1.0000 0.9076 0.3177 0.1110 0.0388 0.0136 0.0048 0.0017 1.0000 1.0000 1.0000 1.0000 0.8787 0.3075 0.1076 0.0377 0.0132 0.0046 0.0016 1.0000 1.0000 1.0000 1.0000 0.8427 0.2938 0.1023 0.0356 0.0124 0.0043 0.0015 1.0000 1.0000 1.0000 1.0000 0.7074 0.2667 0.0388
0.1110 0.7648 1.0000 1.0000 1.0000 1.0000 0.0015 0.0043 0.0124 0.0357 0.1030 0.2966 0.8540 1.0000 1.0000 1.0000 1.0000 0.0016 0.0047 0.0135 0.0385 0.1101 0.3146 0.8990 1.0000 1.0000 1.0000 1.0000 0.0017 0.0049 0.0139 0.0397 0.1135 0.3244 0.9285 1.0000 1.0000 1.0000 1.0000 0.0018 0.0050 0.0144 0.0412 0.1177 0.3363 0.9608 1.0000 1.0000 1.0000 0.0007 0.0016 0.0007 1.0000 1.0000 1.0000 0.9608 0.3363 0.1177 0.0412 0.0144 0.0050 0.0018 1.0000 1.0000 1.0000 1.0000 0.9285 0.3244 0.1135 0.0397 0.0139 0.0049 0.0017 1.0000 1.0000 1.0000 1.0000 0.8990 0.3146 0.1101 0.0385 0.0135 0.0047 0.0016 1.0000 1.0000 1.0000 1.0000 0.8540 0.2966 0.1030 0.0357 0.0124 0.0043 0.0015 1.0000 1.0000 1.0000 1.0000 0.7648 0.1110
0.3171 1.0000 1.0000 1.0000 1.0000 0.0014 0.0042 0.0123 0.0356 0.1030 0.2978 0.8589 1.0000 1.0000 1.0000 1.0000 0.0017 0.0048 0.0138 0.0394 0.1125 0.3219 0.9197 1.0000 1.0000 1.0000 1.0000 0.0017 0.0050 0.0142 0.0407 0.1162 0.3312 0.9481 1.0000 1.0000 1.0000 1.0000 0.0018 0.0052 0.0148 0.0422 0.1204 0.3441 0.9812 1.0000 1.0000 1.0000 0.0007 0.0021 0.0046 0.0021 0.0007 1.0000 1.0000 1.0000 0.9812 0.3441 0.1204 0.0422 0.0148 0.0052 0.0018 1.0000 1.0000 1.0000 1.0000 0.9481 0.3312 0.1162 0.0407 0.0142 0.0050 0.0017 1.0000 1.0000 1.0000 1.0000 0.9197 0.3219 0.1125 0.0394 0.0138 0.0048 0.0017 1.0000 1.0000 1.0000 1.0000 0.8589 0.2978 0.1030 0.0356 0.0123 0.0042 0.0014 1.0000 1.0000 1.0000 1.0000 0.3171
0.9076 1.0000 1.0000 1.0000 0.0014 0.0041 0.0121 0.0352 0.1023 0.2966 0.8589 1.0000 1.0000 1.0000 1.0000 0.0017 0.0049 0.0140 0.0401 0.1148 0.3287 0.9392 1.0000 1.0000 1.0000 1.0000 0.0018 0.0051 0.0146 0.0416 0.1188 0.3395 0.9700 1.0000 1.0000 1.0000 0.0006 0.0018 0.0053 0.0151 0.0431 0.1232 0.3520 1.0000 1.0000 1.0000 1.0000 0.0007 0.0019 0.0063 0.0134 0.0063 0.0019 0.0007 1.0000 1.0000 1.0000 1.0000 0.3520 0.1232 0.0431 0.0151 0.0053 0.0018 0.0006 1.0000 1.0000 1.0000 0.9700 0.3395 0.1188 0.0416 0.0146 0.0051 0.0018 1.0000 1.0000 1.0000 1.0000 0.9392 0.3287 0.1148 0.0401 0.0140 0.0049 0.0017 1.0000 1.0000 1.0000 1.0000 0.8589 0.2966 0.1023 0.0352 0.0121 0.0041 0.0014 1.0000 1.0000 1.0000 0.9076
1.0000 1.0000 1.0000 0.0014 0.0041 0.0119 0.0347 0.1009 0.2938 0.8540 1.0000 1.0000 1.0000 1.0000 0.0017 0.0050 0.0142 0.0408 0.1170 0.3350 0.9590 1.0000 1.0000 1.0000 1.0000 0.0018 0.0052 0.0149 0.0426 0.1216 0.3474 0.9924 1.0000 1.0000 1.0000 0.0007 0.0019 0.0054 0.0154 0.0441 0.1261 0.3601 1.0000 1.0000 1.0000 1.0000 0.0007 0.0019 0.0056 0.0183 0.0391 0.0183 0.0056 0.0019 0.0007 1.0000 1.0000 1.0000 1.0000 0.3601 0.1261 0.0441 0.0154 0.0054 0.0019 0.0007 1.0000 1.0000 1.0000 0.9924 0.3474 0.1216 0.0426 0.0149 0.0052 0.0018 1.0000 1.0000 1.0000 1.0000 0.9590 0.3350 0.1170 0.0408 0.0142 0.0050 0.0017 1.0000 1.0000 1.0000 1.0000 0.8540 0.2938 0.1009 0.0347 0.0119 0.0041 0.0014 1.0000 1.0000 1.0000
1.0000 1.0000 0.0013 0.0040 0.0116 0.0340 0.0992 0.2894 0.8427 1.0000 1.0000 1.0000 1.0000 0.0017 0.0050 0.0144 0.0414 0.1188 0.3408 0.9774 1.0000 1.0000 1.0000 0.0007 0.0019 0.0053 0.0152 0.0435 0.1244 0.3554 1.0000 1.0000 1.0000 1.0000 0.0007 0.0019 0.0055 0.0158 0.0451 0.1290 0.3685 1.0000 1.0000 1.0000 1.0000 0.0007 0.0020 0.0057 0.0163 0.0535 0.1144 0.0535 0.0163 0.0057 0.0020 0.0007 1.0000 1.0000 1.0000 1.0000 0.3685 0.1290 0.0451 0.0158 0.0055 0.0019 0.0007 1.0000 1.0000 1.0000 1.0000 0.3554 0.1244 0.0435 0.0152 0.0053 0.0019 0.0007 1.0000 1.0000 1.0000 0.9774 0.3408 0.1188 0.0414 0.0144 0.0050 0.0017 1.0000 1.0000 1.0000 1.0000 0.8427 0.2894 0.0992 0.0340 0.0116 0.0040 0.0013 1.0000 1.0000
1.0000 0.0015 0.0038 0.0114 0.0333 0.0971 0.2839 0.8284 1.0000 1.0000 1.0000 1.0000 0.0017 0.0050 0.0144 0.0416 0.1200 0.3454 0.9924 1.0000 1.0000 1.0000 0.0007 0.0019 0.0054 0.0156 0.0445 0.1273 0.3636 1.0000 1.0000 1.0000 1.0000 0.0007 0.0020 0.0056 0.0161 0.0462 0.1319 0.3770 1.0000 1.0000 1.0000 1.0000 0.0007 0.0020 0.0058 0.0166 0.0477 0.1563 0.3344 0.1563 0.0477 0.0166 0.0058 0.0020 0.0007 1.0000 1.0000 1.0000 1.0000 0.3770 0.1319 0.0462 0.0161 0.0056 0.0020 0.0007 1.0000 1.0000 1.0000 1.0000 0.3636 0.1273 0.0445 0.0156 0.0054 0.0019 0.0007 1.0000 1.0000 1.0000 0.9924 0.3454 0.1200 0.0416 0.0144 0.0050 0.0017 1.0000 1.0000 1.0000 1.0000 0.8284 0.2839 0.0971 0.0333 0.0114 0.0038 0.0015 1.0000
0.0006 0.0041 0.0110 0.0325 0.0949 0.2781 0.8112 1.0000 1.0000 1.0000 1.0000 0.0017 0.0050 0.0144 0.0416 0.1204 0.3474 1.0000 1.0000 1.0000 1.0000 0.0007 0.0019 0.0056 0.0159 0.0455 0.1302 0.3720 1.0000 1.0000 1.0000 1.0000 0.0007 0.0020 0.0058 0.0165 0.0472 0.1350 0.3857 1.0000 1.0000 1.0000 1.0000 0.0007 0.0021 0.0060 0.0171 0.0486 0.1394 0.4568 0.9774 0.4568 0.1394 0.0486 0.0171 0.0060 0.0021 0.0007 1.0000 1.0000 1.0000 1.0000 0.3857 0.1350 0.0472 0.0165 0.0058 0.0020 0.0007 1.0000 1.0000 1.0000 1.0000 0.3720 0.1302 0.0455 0.0159 0.0056 0.0019 0.0007 1.0000 1.0000 1.0000 1.0000 0.3474 0.1204 0.0416 0.0144 0.0050 0.0017 1.0000 1.0000 1.0000 1.0000 0.8112 0.2781 0.0949 0.0325 0.0110 0.0041 0.0006
0.0017 0.0119 0.0314 0.0932 0.2718 0.7944 1.0000 1.0000 1.0000 1.0000 0.0017 0.0049 0.0142 0.0414 0.1200 0.3474 1.0000 1.0000 1.0000 1.0000 0.0007 0.0020 0.0057 0.0162 0.0464 0.1329 0.3798 1.0000 1.0000 1.0000 1.0000 0.0007 0.0021 0.0059 0.0169 0.0482 0.1378 0.3946 1.0000 1.0000 1.0000 1.0000 0.0007 0.0021 0.0061 0.0174 0.0499 0.1421 0.4075 1.0000 1.0000 1.0000 0.4075 0.1421 0.0499 0.0174 0.0061 0.0021 0.0007 1.0000 1.0000 1.0000 1.0000 0.3946 0.1378 0.0482 0.0169 0.0059 0.0021 0.0007 1.0000 1.0000 1.0000 1.0000 0.3798 0.1329 0.0464 0.0162 0.0057 0.0020 0.0007 1.0000 1.0000 1.0000 1.0000 0.3474 0.1200 0.0414 0.0142 0.0049 0.0017 1.0000 1.0000 1.0000 1.0000 0.7944 0.2718 0.0932 0.0314 0.0119 0.0017
0.0049 0.0339 0.0899 0.2667 0.7780 1.0000 1.0000 1.0000 1.0000 0.0016 0.0048 0.0140 0.0408 0.1188 0.3454 1.0000 1.0000 1.0000 1.0000 0.0007 0.0020 0.0058 0.0165 0.0473 0.1355 0.3879 1.0000 1.0000 1.0000 1.0000 0.0007 0.0021 0.0060 0.0172 0.0493 0.1410 0.4029 1.0000 1.0000 1.0000 1.0000 0.0008 0.0022 0.0062 0.0178 0.0510 0.1459 0.4153 1.0000 1.0000 1.0000 1.0000 1.0000 0.4153 0.1459 0.0510 0.0178 0.0062 0.0022 0.0008 1.0000 1.0000 1.0000 1.0000 0.4029 0.1410 0.0493 0.0172 0.0060 0.0021 0.0007 1.0000 1.0000 1.0000 1.0000 0.3879 0.1355 0.0473 0.0165 0.0058 0.0020 0.0007 1.0000 1.0000 1.0000 1.0000 0.3454 0.1188 0.0408 0.0140 0.0048 0.0016 1.0000 1.0000 1.0000 1.0000 0.7780 0.2667 0.0899 0.0339 0.0049
0.0141 0.0970 0.2567 0.7619 1.0000 1.0000 1.0000 1.0000 0.0016 0.0047 0.0138 0.0401 0.1170 0.3408 0.9924 1.0000 1.0000 1.0000 0.0007 0.0020 0.0058 0.0167 0.0481 0.1378 0.3953 1.0000 1.0000 1.0000 1.0000 0.0008 0.0022 0.0062 0.0176 0.0503 0.1440 0.4114 1.0000 1.0000 1.0000 1.0000 0.0008 0.0022 0.0064 0.0183 0.0521 0.1490 0.4266 1.0000 1.0000 1.0000 1.0000 1.0000 1.0000 1.0000 0.4266 0.1490 0.0521 0.0183 0.0064 0.0022 0.0008 1.0000 1.0000 1.0000 1.0000 0.4114 0.1440 0.0503 0.0176 0.0062 0.0022 0.0008 1.0000 1.0000 1.0000 1.0000 0.3953 0.1378 0.0481 0.0167 0.0058 0.0020 0.0007 1.0000 1.0000 1.0000 0.9924 0.3408 0.1170 0.0401 0.0138 0.0047 0.0016 1.0000 1.0000 1.0000 1.0000 0.7619 0.2567 0.0970 0.0141
0.0403 0.2770 0.7335 1.0000 1.0000 1.0000 1.0000 0.0016 0.0046 0.0135 0.0394 0.1148 0.3350 0.9774 1.0000 1.0000 1.0000 0.0007 0.0020 0.0058 0.0168 0.0485 0.1397 0.4014 1.0000 1.0000 1.0000 1.0000 0.0008 0.0022 0.0063 0.0180 0.0515 0.1470 0.4209 1.0000 1.0000 1.0000 1.0000 0.0008 0.0023 0.0065 0.0187 0.0534 0.1525 0.4356 1.0000 1.0000 1.0000 1.0000 1.0000 1.0000 1.0000 1.0000 1.0000 0.4356 0.1525 0.0534 0.0187 0.0065 0.0023 0.0008 1.0000 1.0000 1.0000 1.0000 0.4209 0.1470 0.0514 0.0180 0.0063 0.0022 0.0008 1.0000 1.0000 1.0000 1.0000 0.4014 0.1397 0.0485 0.0168 0.0058 0.0020 0.0007 1.0000 1.0000 1.0000 0.9774 0.3350 0.1148 0.0394 0.0135 0.0046 0.0016 1.0000 1.0000 1.0000 1.0000 0.7335 0.2770 0.0403
0.1151 0.7914 1.0000 1.0000 1.0000 1.0000 0.0015 0.0045 0.0132 0.0385 0.1125 0.3287 0.9590 1.0000 1.0000 1.0000 0.0007 0.0020 0.0058 0.0168 0.0487 0.1405 0.4052 1.0000 1.0000 1.0000 1.0000 0.0008 0.0022 0.0064 0.0184 0.0527 0.1502 0.4298 1.0000 1.0000 1.0000 1.0000 0.0008 0.0023 0.0067 0.0191 0.0546 0.1560 0.4448 1.0000 1.0000 1.0000 1.0000 0.0010 0.0021 0.0010 1.0000 1.0000 1.0000 1.0000 0.4448 0.1560 0.0546 0.0191 0.0067 0.0023 0.0008 1.0000 1.0000 1.0000 1.0000 0.4298 0.1502 0.0527 0.0184 0.0064 0.0022 0.0008 1.0000 1.0000 1.0000 1.0000 0.4052 0.1405 0.0487 0.0168 0.0058 0.0020 0.0007 1.0000 1.0000 1.0000 0.9590 0.3287 0.1125 0.0385 0.0132 0.0045 0.0015 1.0000 1.0000 1.0000 1.0000 0.7914 0.1151
0.3287 1.0000 1.0000 1.0000 1.0000 0.0015 0.0044 0.0129 0.0377 0.1101 0.3219 0.9392 1.0000 1.0000 1.0000 0.0007 0.0020 0.0058 0.0167 0.0485 0.1405 0.4068 1.0000 1.0000 1.0000 1.0000 0.0008 0.0023 0.0066 0.0188 0.0538 0.1536 0.4397 1.0000 1.0000 1.0000 1.0000 0.0008 0.0024 0.0068 0.0195 0.0559 0.1596 0.4559 1.0000 1.0000 1.0000 1.0000 0.0009 0.0028 0.0061 0.0028 0.0009 1.0000 1.0000 1.0000 1.0000 0.4559 0.1596 0.0559 0.0195 0.0068 0.0024 0.0008 1.0000 1.0000 1.0000 1.0000 0.4397 0.1536 0.0538 0.0188 0.0066 0.0023 0.0008 1.0000 1.0000 1.0000 1.0000 0.4068 0.1405 0.0485 0.0167 0.0058 0.0020 0.0007 1.0000 1.0000 1.0000 0.9392 0.3219 0.1101 0.0377 0.0129 0.0044 0.0015 1.0000 1.0000 1.0000 1.0000 0.3287
0.9392 1.0000 1.0000 1.0000 0.0015 0.0043 0.0126 0.0368 0.1076 0.3146 0.9197 1.0000 1.0000 1.0000 0.0007 0.0019 0.0057 0.0165 0.0481 0.1397 0.4052 1.0000 1.0000 1.0000 1.0000 0.0008 0.0023 0.0067 0.0191 0.0548 0.1569 0.4490 1.0000 1.0000 1.0000 1.0000 0.0009 0.0025 0.0070 0.0200 0.0571 0.1633 0.4664 1.0000 1.0000 1.0000 1.0000 0.0009 0.0025 0.0083 0.0177 0.0083 0.0025 0.0009 1.0000 1.0000 1.0000 1.0000 0.4664 0.1633 0.0571 0.0200 0.0070 0.0025 0.0009 1.0000 1.0000 1.0000 1.0000 0.4490 0.1569 0.0548 0.0191 0.0067 0.0023 0.0008 1.0000 1.0000 1.0000 1.0000 0.4052 0.1397 0.0481 0.0165 0.0057 0.0019 0.0007 1.0000 1.0000 1.0000 0.9197 0.3146 0.1076 0.0368 0.0126 0.0043 0.0015 1.0000 1.0000 1.0000 0.9392
1.0000 1.0000 1.0000 0.0014 0.0042 0.0123 0.0360 0.1052 0.3075 0.8990 1.0000 1.0000 1.0000 0.0007 0.0019 0.0056 0.0162 0.0473 0.1378 0.4014 1.0000 1.0000 1.0000 1.0000 0.0008 0.0023 0.0068 0.0194 0.0557 0.1599 0.4577 1.0000 1.0000 1.0000 1.0000 0.0009 0.0025 0.0072 0.0205 0.0585 0.1670 0.4772 1.0000 1.0000 1.0000 1.0000 0.0009 0.0026 0.0074 0.0242 0.0519 0.0242 0.0074 0.0026 0.0009 1.0000 1.0000 1.0000 1.0000 0.4772 0.1670 0.0585 0.0205 0.0072 0.0025 0.0009 1.0000 1.0000 1.0000 1.0000 0.4577 0.1599 0.0557 0.0194 0.0068 0.0023 0.0008 1.0000 1.0000 1.0000 1.0000 0.4014 0.1378 0.0473 0.0162 0.0056 0.0019 0.0007 1.0000 1.0000 1.0000 0.8990 0.3075 0.1052 0.0360 0.0123 0.0042 0.0014 1.0000 1.0000 1.0000
1.0000 1.0000 0.0014 0.0041 0.0120 0.0352 0.1028 0.3006 0.8787 1.0000 1.0000 1.0000 1.0000 0.0019 0.0054 0.0159 0.0464 0.1355 0.3953 1.0000 1.0000 1.0000 1.0000 0.0008 0.0024 0.0068 0.0196 0.0565 0.1623 0.4656 1.0000 1.0000 1.0000 1.0000 0.0009 0.0026 0.0073 0.0209 0.0598 0.1709 0.4882 1.0000 1.0000 1.0000 1.0000 0.0009 0.0026 0.0075 0.0216 0.0708 0.1516 0.0708 0.0216 0.0075 0.0026 0.0009 1.0000 1.0000 1.0000 1.0000 0.4882 0.1709 0.0598 0.0209 0.0073 0.0026 0.0009 1.0000 1.0000 1.0000 1.0000 0.4656 0.1623 0.0565 0.0196 0.0068 0.0024 0.0008 1.0000 1.0000 1.0000 1.0000 0.3953 0.1355 0.0464 0.0159 0.0054 0.0019 1.0000 1.0000 1.0000 1.0000 0.8787 0.3006 0.1028 0.0352 0.0120 0.0041 0.0014 1.0000 1.0000
1.0000 0.0015 0.0040 0.0118 0.0344 0.1005 0.2938 0.8589 1.0000 1.0000 1.0000 1.0000 0.0018 0.0053 0.0156 0.0455 0.1329 0.3879 1.0000 1.0000 1.0000 1.0000 0.0008 0.0023 0.0068 0.0197 0.0568 0.1639 0.4718 1.0000 1.0000 1.0000 1.0000 0.0009 0.0026 0.0075 0.0213 0.0611 0.1745 0.4995 1.0000 1.0000 1.0000 1.0000 0.0009 0.0027 0.0077 0.0220 0.0632 0.2071 0.4431 0.2071 0.0632 0.0220 0.0077 0.0027 0.0009 1.0000 1.0000 1.0000 1.0000 0.4995 0.1745 0.0611 0.0213 0.0075 0.0026 0.0009 1.0000 1.0000 1.0000 1.0000 0.4718 0.1639 0.0568 0.0197 0.0068 0.0023 0.0008 1.0000 1.0000 1.0000 1.0000 0.3879 0.1329 0.0455 0.0156 0.0053 0.0018 1.0000 1.0000 1.0000 1.0000 0.8589 0.2938 0.1005 0.0344 0.0118 0.0040 0.0015 1.0000
0.0006 0.0043 0.0113 0.0337 0.0983 0.2872 0.8395 1.0000 1.0000 1.0000 1.0000 0.0018 0.0052 0.0152 0.0445 0.1302 0.3798 1.0000 1.0000 1.0000 1.0000 0.0008 0.0023 0.0068 0.0196 0.0568 0.1645 0.4745 1.0000 1.0000 1.0000 1.0000 0.0009 0.0027 0.0076 0.0217 0.0622 0.1782 0.5101 1.0000 1.0000 1.0000 1.0000 0.0010 0.0028 0.0079 0.0226 0.0644 0.1847 0.6053 1.0000 0.6053 0.1847 0.0644 0.0226 0.0079 0.0028 0.0010 1.0000 1.0000 1.0000 1.0000 0.5101 0.1782 0.0622 0.0217 0.0076 0.0027 0.0009 1.0000 1.0000 1.0000 1.0000 0.4745 0.1645 0.0568 0.0196 0.0068 0.0023 0.0008 1.0000 1.0000 1.0000 1.0000 0.3798 0.1302 0.0445 0.0152 0.0052 0.0018 1.0000 1.0000 1.0000 1.0000 0.8395 0.2872 0.0983 0.0337 0.0113 0.0043 0.0006
0.0018 0.0122 0.0324 0.0962 0.2807 0.8205 1.0000 1.0000 1.0000 1.0000 0.0017 0.0051 0.0149 0.0435 0.1273 0.3720 1.0000 1.0000 1.0000 1.0000 0.0008 0.0023 0.0067 0.0194 0.0565 0.1639 0.4745 1.0000 1.0000 1.0000 1.0000 0.0009 0.0027 0.0077 0.0222 0.0634 0.1816 0.5198 1.0000 1.0000 1.0000 1.0000 0.0010 0.0028 0.0081 0.0231 0.0662 0.1883 0.5400 1.0000 1.0000 1.0000 0.5400 0.1883 0.0662 0.0231 0.0081 0.0028 0.0010 1.0000 1.0000 1.0000 1.0000 0.5198 0.1816 0.0634 0.0222 0.0077 0.0027 0.0009 1.0000 1.0000 1.0000 1.0000 0.4745 0.1639 0.0565 0.0194 0.0067 0.0023 0.0008 1.0000 1.0000 1.0000 1.0000 0.3720 0.1273 0.0435 0.0149 0.0051 0.0017 1.0000 1.0000 1.0000 1.0000 0.8205 0.2807 0.0962 0.0324 0.0122 0.0018
0.0051 0.0350 0.0926 0.2749 0.8020 1.0000 1.0000 1.0000 1.0000 0.0017 0.0050 0.0146 0.0426 0.1244 0.3636 1.0000 1.0000 1.0000 1.0000 0.0008 0.0022 0.0066 0.0191 0.0557 0.1623 0.4718 1.0000 1.0000 1.0000 1.0000 0.0010 0.0027 0.0079 0.0225 0.0647 0.1851 0.5298 1.0000 1.0000 1.0000 1.0000 0.0010 0.0029 0.0083 0.0236 0.0676 0.1934 0.5504 1.0000 1.0000 1.0000 1.0000 1.0000 0.5504 0.1934 0.0676 0.0236 0.0083 0.0029 0.0010 1.0000 1.0000 1.0000 1.0000 0.5298 0.1851 0.0647 0.0225 0.0079 0.0027 0.0010 1.0000 1.0000 1.0000 1.0000 0.4718 0.1623 0.0557 0.0191 0.0066 0.0022 0.0008 1.0000 1.0000 1.0000 1.0000 0.3636 0.1244 0.0426 0.0146 0.0050 0.0017 1.0000 1.0000 1.0000 1.0000 0.8020 0.2749 0.0926 0.0350 0.0051
0.0145 0.0999 0.2646 0.7854 1.0000 1.0000 1.0000 1.0000 0.0017 0.0049 0.0142 0.0416 0.1216 0.3554 1.0000 1.0000 1.0000 1.0000 0.0008 0.0022 0.0064 0.0188 0.0548 0.1599 0.4656 1.0000 1.0000 1.0000 1.0000 0.0010 0.0028 0.0079 0.0228 0.0657 0.1883 0.5400 1.0000 1.0000 1.0000 1.0000 0.0010 0.0030 0.0085 0.0242 0.0690 0.1975 0.5652 1.0000 1.0000 1.0000 1.0000 1.0000 1.0000 1.0000 0.5652 0.1975 0.0690 0.0242 0.0085 0.0030 0.0010 1.0000 1.0000 1.0000 1.0000 0.5400 0.1883 0.0657 0.0228 0.0079 0.0028 0.0010 1.0000 1.0000 1.0000 1.0000 0.4656 0.1599 0.0548 0.0188 0.0064 0.0022 0.0008 1.0000 1.0000 1.0000 1.0000 0.3554 0.1216 0.0416 0.0142 0.0049 0.0017 1.0000 1.0000 1.0000 1.0000 0.7854 0.2646 0.0999 0.0145
0.0415 0.2861 0.7561 1.0000 1.0000 1.0000 1.0000 0.0016 0.0048 0.0139 0.0407 0.1188 0.3474 1.0000 1.0000 1.0000 1.0000 0.0007 0.0022 0.0063 0.0184 0.0538 0.1569 0.4577 1.0000 1.0000 1.0000 1.0000 0.0010 0.0028 0.0080 0.0230 0.0663 0.1908 0.5483 1.0000 1.0000 1.0000 1.0000 0.0011 0.0030 0.0086 0.0247 0.0706 0.2020 0.5772 1.0000 1.0000 1.0000 1.0000 0.0009 1.0000 1.0000 1.0000 1.0000 0.5772 0.2020 0.0706 0.0247 0.0086 0.0030 0.0011 1.0000 1.0000 1.0000 1.0000 0.5483 0.1908 0.0663 0.0230 0.0080 0.0028 0.0010 1.0000 1.0000 1.0000 1.0000 0.4577 0.1569 0.0538 0.0184 0.0063 0.0022 0.0007 1.0000 1.0000 1.0000 1.0000 0.3474 0.1188 0.0407 0.0139 0.0048 0.0016 1.0000 1.0000 1.0000 1.0000 0.7561 0.2861 0.0415
0.1188 0.8159 1.0000 1.0000 1.0000 1.0000 0.0016 0.0047 0.0136 0.0397 0.1162 0.3395 0.9924 1.0000 1.0000 1.0000 0.0007 0.0021 0.0062 0.0180 0.0527 0.1536 0.4490 1.0000 1.0000 1.0000 1.0000 0.0009 0.0027 0.0079 0.0230 0.0665 0.1919 0.5535 1.0000 1.0000 1.0000 1.0000 0.0011 0.0031 0.0088 0.0252 0.0721 0.2063 0.5894 1.0000 1.0000 1.0000 1.0000 0.0013 0.0028 0.0013 1.0000 1.0000 1.0000 1.0000 0.5894 0.2063 0.0721 0.0252 0.0088 0.0031 0.0011 1.0000 1.0000 1.0000 1.0000 0.5535 0.1919 0.0665 0.0230 0.0079 0.0027 0.0009 1.0000 1.0000 1.0000 1.0000 0.4490 0.1536 0.0527 0.0180 0.0062 0.0021 0.0007 1.0000 1.0000 1.0000 0.9924 0.3395 0.1162 0.0397 0.0136 0.0047 0.0016 1.0000 1.0000 1.0000 1.0000 0.8159 0.1188
0.3389 1.0000 1.0000 1.0000 1.0000 0.0016 0.0045 0.0133 0.0388 0.1135 0.3312 0.9700 1.0000 1.0000 1.0000 0.0007 0.0021 0.0060 0.0176 0.0514 0.1502 0.4406 1.0000 1.0000 1.0000 1.0000 0.0009 0.0027 0.0079 0.0228 0.0663 0.1919 0.5556 1.0000 1.0000 1.0000 1.0000 0.0011 0.0031 0.0090 0.0257 0.0734 0.2102 0.6018 1.0000 1.0000 1.0000 1.0000 0.0011 0.0038 0.0080 0.0038 0.0011 1.0000 1.0000 1.0000 1.0000 0.6018 0.2102 0.0734 0.0257 0.0090 0.0031 0.0011 1.0000 1.0000 1.0000 1.0000 0.5556 0.1919 0.0663 0.0228 0.0079 0.0027 0.0009 1.0000 1.0000 1.0000 1.0000 0.4397 0.1502 0.0514 0.0176 0.0060 0.0021 0.0007 1.0000 1.0000 1.0000 0.9700 0.3312 0.1135 0.0388 0.0133 0.0045 0.0016 1.0000 1.0000 1.0000 1.0000 0.3389
0.9700 1.0000 1.0000 1.0000 0.0015 0.0044 0.0130 0.0380 0.1110 0.3244 0.9481 1.0000 1.0000 1.0000 0.0007 0.0020 0.0059 0.0172 0.0503 0.1470 0.4306 1.0000 1.0000 1.0000 1.0000 0.0009 0.0027 0.0077 0.0225 0.0657 0.1908 0.5535 1.0000 1.0000 1.0000 1.0000 0.0011 0.0032 0.0091 0.0262 0.0749 0.2143 0.6134 1.0000 1.0000 1.0000 1.0000 0.0012 0.0034 0.0110 0.0236 0.0110 0.0034 0.0012 1.0000 1.0000 1.0000 1.0000 0.6134 0.2143 0.0749 0.0262 0.0091 0.0032 0.0011 1.0000 1.0000 1.0000 1.0000 0.5535 0.1908 0.0657 0.0225 0.0077 0.0027 0.0009 1.0000 1.0000 1.0000 1.0000 0.4298 0.1470 0.0503 0.0172 0.0059 0.0020 0.0007 1.0000 1.0000 1.0000 0.9481 0.3244 0.1110 0.0380 0.0130 0.0044 0.0015 1.0000 1.0000 1.0000 0.9700
1.0000 1.0000 1.0000 0.0015 0.0044 0.0127 0.0372 0.1087 0.3177 0.9285 1.0000 1.0000 1.0000 0.0007 0.0020 0.0058 0.0169 0.0493 0.1440 0.4209 1.0000 1.0000 1.0000 1.0000 0.0009 0.0026 0.0076 0.0222 0.0647 0.1883 0.5483 1.0000 1.0000 1.0000 1.0000 0.0011 0.0032 0.0092 0.0266 0.0762 0.2184 0.6252 1.0000 1.0000 1.0000 1.0000 0.0012 0.0034 0.0098 0.0321 0.0687 0.0321 0.0098 0.0034 0.0012 1.0000 1.0000 1.0000 1.0000 0.6252 0.2184 0.0762 0.0266 0.0092 0.0032 0.0011 1.0000 1.0000 1.0000 1.0000 0.5483 0.1883 0.0647 0.0222 0.0076 0.0026 0.0009 1.0000 1.0000 1.0000 1.0000 0.4209 0.1440 0.0493 0.0169 0.0058 0.0020 0.0007 1.0000 1.0000 1.0000 0.9285 0.3177 0.1087 0.0372 0.0127 0.0044 0.0015 1.0000 1.0000 1.0000
1.0000 1.0000 0.0014 0.0043 0.0124 0.0364 0.1062 0.3111 0.9076 1.0000 1.0000 1.0000 0.0007 0.0019 0.0056 0.0165 0.0482 0.1410 0.4114 1.0000 1.0000 1.0000 1.0000 0.0009 0.0026 0.0075 0.0217 0.0634 0.1851 0.5400 1.0000 1.0000 1.0000 1.0000 0.0011 0.0032 0.0093 0.0268 0.0772 0.2217 0.6360 1.0000 1.0000 1.0000 1.0000 0.0012 0.0035 0.0100 0.0286 0.0937 0.2005 0.0937 0.0286 0.0100 0.0035 0.0012 1.0000 1.0000 1.0000 1.0000 0.6360 0.2217 0.0772 0.0268 0.0093 0.0032 0.0011 1.0000 1.0000 1.0000 1.0000 0.5400 0.1851 0.0634 0.0217 0.0075 0.0026 0.0009 1.0000 1.0000 1.0000 1.0000 0.4114 0.1410 0.0482 0.0165 0.0056 0.0019 0.0007 1.0000 1.0000 1.0000 0.9076 0.3111 0.1062 0.0364 0.0124 0.0043 0.0014 1.0000 1.0000
1.0000 0.0016 0.0041 0.0122 0.0356 0.1040 0.3041 0.8888 1.0000 1.0000 1.0000 0.0006 0.0019 0.0055 0.0161 0.0472 0.1378 0.4029 1.0000 1.0000 1.0000 1.0000 0.0009 0.0025 0.0073 0.0213 0.0622 0.1816 0.5298 1.0000 1.0000 1.0000 1.0000 0.0011 0.0032 0.0093 0.0269 0.0776 0.2239 0.6445 1.0000 1.0000 1.0000 1.0000 0.0012 0.0036 0.0102 0.0290 0.0834 0.2733 0.5849 0.2733 0.0834 0.0290 0.0102 0.0036 0.0012 1.0000 1.0000 1.0000 1.0000 0.6445 0.2239 0.0776 0.0269 0.0093 0.0032 0.0011 1.0000 1.0000 1.0000 1.0000 0.5298 0.1816 0.0622 0.0213 0.0073 0.0025 0.0009 1.0000 1.0000 1.0000 1.0000 0.4029 0.1378 0.0472 0.0161 0.0055 0.0019 0.0006 1.0000 1.0000 1.0000 0.8888 0.3041 0.1040 0.0356 0.0122 0.0041 0.0016 1.0000
0.0006 0.0044 0.0118 0.0349 0.1019 0.2978 0.8704 1.0000 1.0000 1.0000 1.0000 0.0018 0.0054 0.0158 0.0462 0.1350 0.3946 1.0000 1.0000 1.0000 1.0000 0.0008 0.0025 0.0072 0.0209 0.0611 0.1782 0.5198 1.0000 1.0000 1.0000 1.0000 0.0011 0.0032 0.0092 0.0268 0.0776 0.2247 0.6482 1.0000 1.0000 1.0000 1.0000 0.0013 0.0036 0.0104 0.0297 0.0847 0.2434 0.7975 1.0000 0.7975 0.2434 0.0847 0.0297 0.0104 0.0036 0.0013 1.0000 1.0000 1.0000 1.0000 0.6482 0.2247 0.0776 0.0268 0.0092 0.0032 0.0011 1.0000 1.0000 1.0000 1.0000 0.5198 0.1782 0.0611 0.0209 0.0072 0.0025 0.0008 1.0000 1.0000 1.0000 1.0000 0.3946 0.1350 0.0462 0.0158 0.0054 0.0018 1.0000 1.0000 1.0000 1.0000 0.8704 0.2978 0.1019 0.0349 0.0118 0.0044 0.0006
0.0018 0.0127 0.0336 0.0998 0.2910 0.8507 1.0000 1.0000 1.0000 1.0000 0.0018 0.0053 0.0154 0.0451 0.1319 0.3857 1.0000 1.0000 1.0000 1.0000 0.0008 0.0024 0.0070 0.0205 0.0598 0.1745 0.5101 1.0000 1.0000 1.0000 1.0000 0.0011 0.0031 0.0091 0.0266 0.0772 0.2239 0.6482 1.0000 1.0000 1.0000 1.0000 0.0013 0.0037 0.0106 0.0303 0.0867 0.2471 0.7101 1.0000 1.0000 1.0000 0.7101 0.2471 0.0867 0.0303 0.0106 0.0037 0.0013 1.0000 1.0000 1.0000 1.0000 0.6482 0.2239 0.0772 0.0266 0.0091 0.0031 0.0011 1.0000 1.0000 1.0000 1.0000 0.5101 0.1745 0.0598 0.0205 0.0070 0.0024 0.0008 1.0000 1.0000 1.0000 1.0000 0.3857 0.1319 0.0451 0.0154 0.0053 0.0018 1.0000 1.0000 1.0000 1.0000 0.8507 0.2910 0.0998 0.0336 0.0127 0.0018
0.0053 0.0363 0.0960 0.2850 0.8315 1.0000 1.0000 1.0000 1.0000 0.0018 0.0052 0.0151 0.0441 0.1290 0.3770 1.0000 1.0000 1.0000 1.0000 0.0008 0.0023 0.0068 0.0200 0.0585 0.1709 0.4995 1.0000 1.0000 1.0000 1.0000 0.0011 0.0031 0.0090 0.0262 0.0762 0.2217 0.6445 1.0000 1.0000 1.0000 1.0000 0.0013 0.0037 0.0107 0.0308 0.0883 0.2528 0.7210 1.0000 1.0000 1.0000 1.0000 1.0000 0.7210 0.2528 0.0883 0.0308 0.0107 0.0037 0.0013 1.0000 1.0000 1.0000 1.0000 0.6445 0.2217 0.0762 0.0262 0.0090 0.0031 0.0011 1.0000 1.0000 1.0000 1.0000 0.4995 0.1709 0.0585 0.0200 0.0068 0.0023 0.0008 1.0000 1.0000 1.0000 1.0000 0.3770 0.1290 0.0441 0.0151 0.0052 0.0018 1.0000 1.0000 1.0000 1.0000 0.8315 0.2850 0.0960 0.0363 0.0053
0.0151 0.1036 0.2744 0.8143 1.0000 1.0000 1.0000 1.0000 0.0017 0.0050 0.0148 0.0431 0.1261 0.3685 1.0000 1.0000 1.0000 1.0000 0.0008 0.0023 0.0067 0.0195 0.0571 0.1670 0.4882 1.0000 1.0000 1.0000 1.0000 0.0010 0.0030 0.0088 0.0257 0.0749 0.2184 0.6360 1.0000 1.0000 1.0000 1.0000 0.0013 0.0038 0.0108 0.0312 0.0897 0.2572 0.7376 1.0000 1.0000 1.0000 1.0000 1.0000 1.0000 1.0000 0.7376 0.2572 0.0897 0.0312 0.0108 0.0038 0.0013 1.0000 1.0000 1.0000 1.0000 0.6360 0.2184 0.0749 0.0257 0.0088 0.0030 0.0010 1.0000 1.0000 1.0000 1.0000 0.4882 0.1670 0.0571 0.0195 0.0067 0.0023 0.0008 1.0000 1.0000 1.0000 1.0000 0.3685 0.1261 0.0431 0.0148 0.0050 0.0017 1.0000 1.0000 1.0000 1.0000 0.8143 0.2744 0.1036 0.0151
0.0430 0.2961 0.7839 1.0000 1.0000 1.0000 1.0000 0.0017 0.0049 0.0144 0.0422 0.1232 0.3601 1.0000 1.0000 1.0000 1.0000 0.0008 0.0022 0.0065 0.0191 0.0559 0.1633 0.4772 1.0000 1.0000 1.0000 1.0000 0.0010 0.0030 0.0086 0.0252 0.0734 0.2143 0.6252 1.0000 1.0000 1.0000 1.0000 0.0013 0.0038 0.0109 0.0314 0.0905 0.2606 0.7490 1.0000 1.0000 1.0000 1.0000 0.0012 1.0000 1.0000 1.0000 1.0000 0.7490 0.2606 0.0905 0.0314 0.0109 0.0038 0.0013 1.0000 1.0000 1.0000 1.0000 0.6252 0.2143 0.0734 0.0252 0.0086 0.0030 0.0010 1.0000 1.0000 1.0000 1.0000 0.4772 0.1633 0.0559 0.0191 0.0065 0.0022 0.0008 1.0000 1.0000 1.0000 1.0000 0.3601 0.1232 0.0422 0.0144 0.0049 0.0017 1.0000 1.0000 1.0000 1.0000 0.7839 0.2961 0.0430
0.1227 0.8443 1.0000 1.0000 1.0000 1.0000 0.0016 0.0048 0.0141 0.0412 0.1204 0.3520 1.0000 1.0000 1.0000 1.0000 0.0007 0.0022 0.0064 0.0187 0.0546 0.1596 0.4664 1.0000 1.0000 1.0000 1.0000 0.0010 0.0029 0.0085 0.0247 0.0721 0.2102 0.6134 1.0000 1.0000 1.0000 1.0000 0.0013 0.0037 0.0108 0.0314 0.0909 0.2621 0.7561 1.0000 1.0000 1.0000 1.0000 0.0017 0.0036 0.0017 1.0000 1.0000 1.0000 1.0000 0.7561 0.2621 0.0909 0.0314 0.0108 0.0037 0.0013 1.0000 1.0000 1.0000 1.0000 0.6134 0.2102 0.0721 0.0247 0.0085 0.0029 0.0010 1.0000 1.0000 1.0000 1.0000 0.4664 0.1596 0.0546 0.0187 0.0064 0.0022 0.0007 1.0000 1.0000 1.0000 1.0000 0.3520 0.1204 0.0412 0.0141 0.0048 0.0016 1.0000 1.0000 1.0000 1.0000 0.8459 0.1230
0.3507 1.0000 1.0000 1.0000 1.0000 0.0016 0.0047 0.0138 0.0402 0.1177 0.3434 1.0000 1.0000 1.0000 1.0000 0.0007 0.0021 0.0062 0.0182 0.0534 0.1557 0.4559 1.0000 1.0000 1.0000 1.0000 0.0010 0.0028 0.0083 0.0242 0.0706 0.2063 0.6018 1.0000 1.0000 1.0000 1.0000 0.0013 0.0037 0.0107 0.0312 0.0905 0.2621 0.7590 1.0000 1.0000 1.0000 1.0000 0.0015 0.0049 0.0105 0.0049 0.0015 1.0000 1.0000 1.0000 1.0000 0.7590 0.2621 0.0905 0.0312 0.0107 0.0037 0.0013 1.0000 1.0000 1.0000 1.0000 0.6018 0.2063 0.0706 0.0242 0.0083 0.0028 0.0010 1.0000 1.0000 1.0000 1.0000 0.4559 0.1560 0.0534 0.0183 0.0062 0.0021 0.0007 1.0000 1.0000 1.0000 1.0000 0.3441 0.1177 0.0403 0.0138 0.0047 0.0016 1.0000 1.0000 1.0000 1.0000 0.3507
1.0000 1.0000 1.0000 1.0000 0.0016 0.0046 0.0135 0.0394 0.1151 0.3363 0.9830 1.0000 1.0000 1.0000 0.0007 0.0021 0.0061 0.0178 0.0522 0.1525 0.4456 1.0000 1.0000 1.0000 1.0000 0.0009 0.0028 0.0081 0.0236 0.0691 0.2020 0.5905 1.0000 1.0000 1.0000 1.0000 0.0012 0.0036 0.0106 0.0308 0.0897 0.2606 0.7561 1.0000 1.0000 1.0000 1.0000 0.0015 0.0044 0.0143 0.0306 0.0143 0.0044 0.0015 1.0000 1.0000 1.0000 1.0000 0.7561 0.2606 0.0897 0.0308 0.0106 0.0036 0.0012 1.0000 1.0000 1.0000 1.0000 0.5894 0.2020 0.0690 0.0236 0.0081 0.0028 0.0009 1.0000 1.0000 1.0000 1.0000 0.4448 0.1525 0.0521 0.0178 0.0061 0.0021 0.0007 1.0000 1.0000 1.0000 0.9812 0.3363 0.1148 0.0394 0.0134 0.0046 0.0016 1.0000 1.0000 1.0000 1.0000
1.0000 1.0000 1.0000 0.0015 0.0045 0.0132 0.0385 0.1127 0.3293 0.9627 1.0000 1.0000 1.0000 0.0007 0.0020 0.0060 0.0175 0.0511 0.1493 0.4364 1.0000 1.0000 1.0000 1.0000 0.0009 0.0027 0.0079 0.0232 0.0677 0.1978 0.5783 1.0000 1.0000 1.0000 1.0000 0.0012 0.0036 0.0104 0.0303 0.0883 0.2572 0.7490 1.0000 1.0000 1.0000 1.0000 0.0015 0.0044 0.0126 0.0416 0.0890 0.0416 0.0126 0.0044 0.0015 1.0000 1.0000 1.0000 1.0000 0.7490 0.2572 0.0883 0.0303 0.0104 0.0036 0.0012 1.0000 1.0000 1.0000 1.0000 0.5772 0.1975 0.0676 0.0231 0.0079 0.0027 0.0009 1.0000 1.0000 1.0000 1.0000 0.4356 0.1490 0.0510 0.0174 0.0060 0.0020 0.0007 1.0000 1.0000 1.0000 0.9608 0.3287 0.1125 0.0385 0.0132 0.0045 0.0015 1.0000 1.0000 1.0000
1.0000 1.0000 0.0015 0.0044 0.0129 0.0377 0.1103 0.3225 0.9427 1.0000 1.0000 1.0000 0.0007 0.0020 0.0059 0.0171 0.0500 0.1462 0.4274 1.0000 1.0000 1.0000 1.0000 0.0009 0.0027 0.0078 0.0227 0.0663 0.1937 0.5663 1.0000 1.0000 1.0000 1.0000 0.0012 0.0035 0.0102 0.0297 0.0867 0.2528 0.7376 1.0000 1.0000 1.0000 1.0000 0.0015 0.0044 0.0126 0.0367 0.1209 0.2592 0.1207 0.0366 0.0127 0.0044 0.0015 1.0000 1.0000 1.0000 1.0000 0.7376 0.2528 0.0867 0.0297 0.0102 0.0035 0.0012 1.0000 1.0000 1.0000 1.0000 0.5652 0.1934 0.0662 0.0226 0.0077 0.0026 0.0009 1.0000 1.0000 1.0000 1.0000 0.4266 0.1459 0.0499 0.0171 0.0058 0.0020 0.0007 1.0000 1.0000 1.0000 0.9410 0.3219 0.1101 0.0377 0.0129 0.0044 0.0015 1.0000 1.0000
1.0000 0.0016 0.0043 0.0126 0.0369 0.1078 0.3152 0.9215 1.0000 1.0000 1.0000 0.0007 0.0020 0.0057 0.0167 0.0489 0.1429 0.4177 1.0000 1.0000 1.0000 1.0000 0.0009 0.0026 0.0076 0.0222 0.0648 0.1894 0.5535 1.0000 1.0000 1.0000 1.0000 0.0012 0.0034 0.0100 0.0291 0.0850 0.2481 0.7238 1.0000 1.0000 1.0000 1.0000 0.0015 0.0044 0.0127 0.0366 0.1060 0.3507 0.7518 0.3487 0.1046 0.0363 0.0127 0.0044 0.0015 1.0000 1.0000 1.0000 1.0000 0.7210 0.2471 0.0847 0.0290 0.0100 0.0034 0.0012 1.0000 1.0000 1.0000 1.0000 0.5504 0.1883 0.0644 0.0220 0.0075 0.0026 0.0009 1.0000 1.0000 1.0000 1.0000 0.4153 0.1421 0.0486 0.0166 0.0057 0.0019 0.0007 1.0000 1.0000 1.0000 0.9162 0.3135 0.1072 0.0367 0.0126 0.0042 0.0016 1.0000
0.0007 0.0046 0.0122 0.0361 0.1052 0.3081 0.8990 1.0000 1.0000 1.0000 0.0007 0.0019 0.0056 0.0163 0.0477 0.1397 0.4075 1.0000 1.0000 1.0000 1.0000 0.0009 0.0025 0.0074 0.0216 0.0633 0.1847 0.5410 1.0000 1.0000 1.0000 1.0000 0.0011 0.0034 0.0098 0.0286 0.0834 0.2434 0.7101 1.0000 1.0000 1.0000 1.0000 0.0015 0.0043 0.0126 0.0366 0.1058 0.3070 1.0000 1.0000 1.0000 0.3262 0.1040 0.0364 0.0126 0.0044 0.0015 1.0000 1.0000 1.0000 1.0000 0.7101 0.2434 0.0834 0.0286 0.0098 0.0034 0.0011 1.0000 1.0000 1.0000 1.0000 0.5400 0.1847 0.0632 0.0216 0.0074 0.0025 0.0009 1.0000 1.0000 1.0000 1.0000 0.4075 0.1394 0.0477 0.0163 0.0056 0.0019 0.0007 1.0000 1.0000 1.0000 0.8990 0.3075 0.1052 0.0361 0.0122 0.0046 0.0007
0.0019 0.0132 0.0348 0.1032 0.3012 0.8804 1.0000 1.0000 1.0000 1.0000 0.0019 0.0055 0.0160 0.0467 0.1365 0.3991 1.0000 1.0000 1.0000 1.0000 0.0008 0.0025 0.0072 0.0212 0.0619 0.1809 0.5288 1.0000 1.0000 1.0000 1.0000 0.0011 0.0033 0.0096 0.0281 0.0819 0.2388 0.6967 1.0000 1.0000 1.0000 1.0000 0.0015 0.0043 0.0125 0.0363 0.1056 0.3052 0.8804 1.0000 1.0000 1.0000 1.0000 0.3931 0.1195 0.0414 0.0143 0.0049 0.0017 1.0000 1.0000 1.0000 1.0000 0.7975 0.2733 0.0937 0.0321 0.0110 0.0038 0.0013 1.0000 1.0000 1.0000 1.0000 0.6053 0.2071 0.0708 0.0242 0.0083 0.0028 0.0010 1.0000 1.0000 1.0000 1.0000 0.4568 0.1563 0.0535 0.0183 0.0063 0.0021 0.0007 1.0000 1.0000 1.0000 1.0000 0.3447 0.1184 0.0401 0.0152 0.0022
0.0055 0.0376 0.0998 0.2955 0.8621 1.0000 1.0000 1.0000 1.0000 0.0018 0.0054 0.0156 0.0457 0.1337 0.3908 1.0000 1.0000 1.0000 1.0000 0.0008 0.0024 0.0071 0.0207 0.0606 0.1772 0.5179 1.0000 1.0000 1.0000 1.0000 0.0011 0.0032 0.0094 0.0275 0.0803 0.2343 0.6836 1.0000 1.0000 1.0000 1.0000 0.0014 0.0042 0.0122 0.0357 0.1040 0.3035 0.8754 1.0000 1.0000 1.0000 1.0000 0.3029 0.7810 0.2733 0.0892 0.0306 0.0105 0.0036 0.0012 1.0000 1.0000 1.0000 1.0000 0.5849 0.2005 0.0687 0.0236 0.0080 0.0028 0.0009 1.0000 1.0000 1.0000 1.0000 0.4431 0.1516 0.0519 0.0177 0.0061 0.0021 1.0000 1.0000 1.0000 1.0000 0.9774 0.3344 0.1144 0.0391 0.0134 0.0046 0.0016 1.0000 1.0000 1.0000 1.0000 0.7391 0.2543 0.0865 0.0332 0.0052
0.0156 0.1076 0.2850 0.8459 1.0000 1.0000 1.0000 1.0000 0.0018 0.0052 0.0153 0.0448 0.1309 0.3827 1.0000 1.0000 1.0000 1.0000 0.0008 0.0024 0.0069 0.0203 0.0594 0.1735 0.5072 1.0000 1.0000 1.0000 1.0000 0.0011 0.0031 0.0092 0.0269 0.0787 0.2295 0.6707 1.0000 1.0000 1.0000 1.0000 0.0014 0.0041 0.0120 0.0350 0.1023 0.2983 0.8704 1.0000 1.0000 1.0000 1.0000 1.0000 0.0166 0.2063 0.1454 0.0416 0.0142 0.0049 0.0017 1.0000 1.0000 1.0000 1.0000 0.7975 0.2733 0.0937 0.0321 0.0110 0.0038 0.0013 1.0000 1.0000 1.0000 1.0000 0.6053 0.2071 0.0708 0.0242 0.0083 0.0028 0.0010 1.0000 1.0000 1.0000 1.0000 0.4568 0.1563 0.0535 0.0183 0.0063 0.0021 0.0007 1.0000 1.0000 1.0000 1.0000 0.3447 0.1184 0.0401 0.0152 0.0022
0.0446 0.3075 0.8143 1.0000 1.0000 1.0000 1.0000 0.0018 0.0051 0.0150 0.0437 0.1280 0.3734 1.0000 1.0000 1.0000 1.0000 0.0008 0.0023 0.0068 0.0198 0.0580 0.1693 0.4957 1.0000 1.0000 1.0000 1.0000 0.0011 0.0031 0.0090 0.0263 0.0767 0.2247 0.6569 1.0000 1.0000 1.0000 1.0000 0.0014 0.0040 0.0118 0.0344 0.1003 0.2927 0.8540 1.0000 1.0000 1.0000 1.0000 0.0017 0.0019 0.0233 0.1097 0.0427 0.0124 0.0043 0.0015 1.0000 1.0000 1.0000 1.0000 0.7101 0.2434 0.0834 0.0286 0.0098 0.0034 0.0011 1.0000 1.0000 1.0000 1.0000 0.5400 0.1847 0.0632 0.0216 0.0074 0.0025 0.0009 1.0000 1.0000 1.0000 1.0000 0.4075 0.1394 0.0477 0.0163 0.0056 0.0019 0.0007 1.0000 1.0000 1.0000 0.8990 0.3075 0.1052 0.0361 0.0122 0.0046 0.0007
0.1265 0.8704 1.0000 1.0000 1.0000 1.0000 0.0017 0.0050 0.0145 0.0425 0.1241 0.3629 1.0000 1.0000 1.0000 1.0000 0.0008 0.0023 0.0066 0.0193 0.0563 0.1645 0.4809 1.0000 1.0000 1.0000 1.0000 0.0010 0.0030 0.0087 0.0255 0.0746 0.2180 0.6372 1.0000 1.0000 1.0000 1.0000 0.0013 0.0039 0.0115 0.0335 0.0977 0.2850 0.8315 1.0000 1.0000 1.0000 1.0000 0.0018 0.0047 0.0093 0.0836 0.0538 0.0123 0.0043 0.0015 1.0000 1.0000 1.0000 1.0000 0.7210 0.2471 0.0847 0.0290 0.0100 0.0034 0.0012 1.0000 1.0000 1.0000 1.0000 0.5504 0.1883 0.0644 0.0220 0.0075 0.0026 0.0009 1.0000 1.0000 1.0000 1.0000 0.4153 0.1421 0.0486 0.0166 0.0057 0.0019 0.0007 1.0000 1.0000 1.0000 0.9162 0.3135 0.1072 0.0367 0.0126 0.0042 0.0016 1.0000
0.3777 1.0000 1.0000 1.0000 1.0000 0.0017 0.0050 0.0145 0.0424 0.1239 0.3622 1.0000 1.0000 1.0000 1.0000 0.0008 0.0022 0.0066 0.0192 0.0562 0.1642 0.4799 1.0000 1.0000 1.0000 1.0000 0.0010 0.0030 0.0087 0.0255 0.0746 0.2176 0.6372 1.0000 1.0000 1.0000 1.0000 0.0013 0.0039 0.0115 0.0335 0.0977 0.2856 0.8331 1.0000 1.0000 1.0000 1.0000 0.0018 0.0051 0.0152 0.0631 0.0604 0.0123 0.0043 0.0015 1.0000 1.0000 1.0000 1.0000 0.7376 0.2528 0.0867 0.0297 0.0102 0.0035 0.0012 1.0000 1.0000 1.0000 1.0000 0.5652 0.1934 0.0662 0.0226 0.0077 0.0026 0.0009 1.0000 1.0000 1.0000 1.0000 0.4266 0.1459 0.0499 0.0171 0.0058 0.0020 0.0007 1.0000 1.0000 1.0000 0.9410 0.3219 0.1101 0.0377 0.0129 0.0044 0.0015 1.0000 1.0000
1.0000 1.0000 1.0000 1.0000 0.0021 0.0060 0.0176 0.0515 0.1504 0.4397 1.0000 1.0000 1.0000 1.0000 0.0009 0.0027 0.0080 0.0233 0.0682 0.1993 0.5827 1.0000 1.0000 1.0000 1.0000 0.0012 0.0036 0.0106 0.0309 0.0905 0.2641 0.7721 1.0000 1.0000 1.0000 1.0000 0.0016 0.0048 0.0139 0.0407 0.1186 0.3460 1.0000 1.0000 1.0000 1.0000 1.0000 0.0021 0.0062 0.0185 0.0594 0.0599 0.0124 0.0042 0.0015 1.0000 1.0000 1.0000 1.0000 0.7490 0.2572 0.0883 0.0303 0.0104 0.0036 0.0012 1.0000 1.0000 1.0000 1.0000 0.5772 0.1975 0.0676 0.0231 0.0079 0.0027 0.0009 1.0000 1.0000 1.0000 1.0000 0.4356 0.1490 0.0510 0.0174 0.0060 0.0020 0.0007 1.0000 1.0000 1.0000 0.9608 0.3287 0.1125 0.0385 0.0132 0.0045 0.0015 1.0000 1.0000 1.0000
