0.0000 0.0000 0.0000 0.0000 0.0000 0.0000 0.0000 0.0000 0.0000 0.0000 0.0000 0.0000 0.0000 0.0000 0.0000 0.0000 0.0000 0.0000 0.0000 0.0000 0.0000 0.0000 0.0000 0.0000 0.0000 0.0000 0.0000 0.0000 0.0000 0.0000 0.0000 0.0000 0.0000 0.0000 0.0000 0.0000 0.0000 0.0000 0.0000 0.0000 0.0000 0.0000 0.0000 0.0000 0.0000 0.0000 0.0000 0.0000 0.0000 0.0000 0.0000 0.0000 0.0000 0.0000 0.0000 0.0000 0.0000 0.0000 0.0000 0.0000 0.0000 0.0000 0.0000 0.0000 0.0000 0.0000 0.0000 0.0000 0.0000 0.0000 0.0000 0.0000 0.0000 0.0000 0.0000 0.0000 0.0000 0.0000 0.0000 0.0000 0.0000 0.0000 0.0000 0.0000 0.0000 0.0000 0.0000 0.0000 0.0000 0.0000 0.0000 0.0000 0.0000 0.0000 0.0000 0.0000 0.0000 0.0000 0.0000 0.0000 0.0000
0.0000 1.0000 1.0000 0.4029 0.0826 0.0171 0.0036 0.0008 0.0002 0.0000 1.0000 1.0000 0.4647 0.0996 0.0213 0.0046 0.0010 0.0002 0.0000 1.0000 1.0000 0.5905 0.1265 0.0271 0.0058 0.0012 0.0003 0.0001 0.0000 1.0000 0.7504 0.1608 0.0345 0.0074 0.0016 0.0003 0.0001 0.0000 1.0000 0.9536 0.2043 0.0438 0.0094 0.0020 0.0004 0.0001 0.0000 1.0000 1.0000 0.2597 0.0556 0.0119 0.0026 0.0005 0.0001 0.0000 1.0000 1.0000 0.3300 0.0707 0.0152 0.0032 0.0007 0.0001 0.0000 1.0000 1.0000 0.4193 0.0899 0.0193 0.0041 0.0009 0.0002 0.0000 1.0000 1.0000 0.5329 0.1144 0.0246 0.0053 0.0011 0.0003 0.0001 0.0000 1.0000 0.7633 0.1670 0.0368 0.0082 0.0019 0.0004 0.0001 0.0000 1.0000 1.0000 1.0000 1.0000 1.0000 0.7765 0.6134 0.0000
0.0000 1.0000 1.0000 0.5609 0.1105 0.0228 0.0048 0.0010 0.0002 0.0000 1.0000 1.0000 0.6204 0.1329 0.0285 0.0061 0.0013 0.0003 0.0001 0.0000 1.0000 0.7884 0.1689 0.0362 0.0078 0.0017 0.0004 0.0001 0.0000 1.0000 1.0000 0.2147 0.0460 0.0099 0.0021 0.0005 0.0001 0.0000 1.0000 1.0000 0.2728 0.0585 0.0125 0.0027 0.0006 0.0001 0.0000 1.0000 1.0000 0.3467 0.0743 0.0159 0.0034 0.0007 0.0002 0.0000 1.0000 1.0000 0.4406 0.0944 0.0202 0.0043 0.0009 0.0002 0.0000 1.0000 1.0000 0.5599 0.1200 0.0258 0.0055 0.0012 0.0003 0.0001 0.0000 1.0000 0.7088 0.1510 0.0321 0.0068 0.0014 0.0003 0.0001 0.0000 1.0000 0.6823 0.1402 0.0290 0.0061 0.0013 0.0003 0.0001 0.0000 1.0000 1.0000 0.5110 0.2749 0.1765 0.1137 0.0839 0.0000
0.0000 0.4029 0.5609 0.5258 0.1785 0.0335 0.0070 0.0015 0.0003 0.0001 0.0000 1.0000 0.9007 0.1930 0.0414 0.0089 0.0019 0.0004 0.0001 0.0000 1.0000 1.0000 0.2453 0.0526 0.0113 0.0024 0.0005 0.0001 0.0000 1.0000 1.0000 0.3117 0.0668 0.0143 0.0031 0.0007 0.0001 0.0000 1.0000 1.0000 0.3961 0.0849 0.0182 0.0039 0.0008 0.0002 0.0000 1.0000 1.0000 0.5033 0.1078 0.0231 0.0050 0.0011 0.0002 0.0000 1.0000 1.0000 0.6396 0.1371 0.0294 0.0063 0.0013 0.0003 0.0001 0.0000 1.0000 0.8159 0.1748 0.0375 0.0080 0.0017 0.0004 0.0001 0.0000 1.0000 0.9518 0.1937 0.0388 0.0077 0.0015 0.0003 0.0001 1.0000 1.0000 0.6169 0.1237 0.0250 0.0051 0.0010 0.0002 0.0000 1.0000 1.0000 0.5973 0.1648 0.0670 0.0374 0.0239 0.0171 0.0000
0.0000 0.0826 0.1105 0.1785 0.1673 0.0528 0.0098 0.0021 0.0004 0.0001 0.0000 1.0000 1.0000 0.2657 0.0569 0.0122 0.0026 0.0006 0.0001 0.0000 1.0000 1.0000 0.3376 0.0723 0.0155 0.0033 0.0007 0.0002 0.0000 1.0000 1.0000 0.4290 0.0919 0.0197 0.0042 0.0009 0.0002 0.0000 1.0000 1.0000 0.5452 0.1168 0.0250 0.0054 0.0011 0.0002 0.0001 1.0000 1.0000 0.6928 0.1484 0.0318 0.0068 0.0015 0.0003 0.0001 0.0000 1.0000 0.8804 0.1886 0.0404 0.0087 0.0019 0.0004 0.0001 0.0000 1.0000 1.0000 0.2411 0.0515 0.0109 0.0023 0.0005 0.0001 0.0000 1.0000 1.0000 0.1956 0.0380 0.0074 0.0014 0.0003 0.0001 1.0000 1.0000 0.5431 0.1068 0.0211 0.0042 0.0008 0.0002 0.0000 1.0000 1.0000 0.3692 0.0805 0.0218 0.0089 0.0049 0.0034 0.0000
0.0000 0.0171 0.0228 0.0335 0.0529 0.0500 0.0154 0.0029 0.0006 0.0001 0.0000 1.0000 1.0000 0.3615 0.0775 0.0166 0.0036 0.0008 0.0002 0.0000 1.0000 1.0000 0.4594 0.0984 0.0211 0.0045 0.0010 0.0002 0.0000 1.0000 1.0000 0.5838 0.1251 0.0268 0.0057 0.0012 0.0003 0.0001 1.0000 1.0000 0.7419 0.1590 0.0341 0.0073 0.0016 0.0003 0.0001 0.0000 1.0000 0.9427 0.2020 0.0433 0.0093 0.0020 0.0004 0.0001 0.0000 1.0000 1.0000 0.2577 0.0552 0.0118 0.0025 0.0005 0.0001 0.0000 1.0000 1.0000 0.3152 0.0649 0.0132 0.0026 0.0005 0.0001 0.0000 1.0000 0.9445 0.1820 0.0350 0.0068 0.0013 0.0003 0.0000 1.0000 1.0000 0.4682 0.0909 0.0177 0.0034 0.0007 0.0001 0.0000 1.0000 1.0000 0.2602 0.0498 0.0101 0.0027 0.0011 0.0006 0.0000
0.0000 0.0036 0.0048 0.0070 0.0098 0.0154 0.0146 0.0045 0.0008 0.0002 0.0000 1.0000 1.0000 0.4910 0.1054 0.0226 0.0048 0.0010 0.0002 0.0000 1.0000 1.0000 0.6252 0.1340 0.0287 0.0062 0.0013 0.0003 0.0001 0.0000 1.0000 0.7944 0.1702 0.0365 0.0078 0.0017 0.0004 0.0001 0.0000 1.0000 1.0000 0.2163 0.0464 0.0099 0.0021 0.0005 0.0001 0.0000 1.0000 1.0000 0.2749 0.0589 0.0126 0.0027 0.0006 0.0001 0.0000 1.0000 1.0000 0.3507 0.0751 0.0161 0.0034 0.0007 0.0002 0.0000 1.0000 1.0000 0.3534 0.0690 0.0133 0.0026 0.0005 0.0001 0.0000 1.0000 0.8820 0.1693 0.0325 0.0062 0.0012 0.0002 0.0000 1.0000 1.0000 0.4146 0.0797 0.0153 0.0029 0.0006 0.0001 0.0000 1.0000 1.0000 0.1963 0.0349 0.0058 0.0012 0.0003 0.0001 0.0000
0.0000 0.0008 0.0010 0.0015 0.0021 0.0029 0.0045 0.0043 0.0013 0.0002 0.0001 1.0000 1.0000 0.6669 0.1432 0.0307 0.0066 0.0014 0.0003 0.0001 0.0000 1.0000 0.8491 0.1820 0.0390 0.0084 0.0018 0.0004 0.0001 0.0000 1.0000 1.0000 0.2312 0.0495 0.0106 0.0023 0.0005 0.0001 0.0000 1.0000 1.0000 0.2938 0.0630 0.0135 0.0029 0.0006 0.0001 0.0000 1.0000 1.0000 0.3734 0.0800 0.0171 0.0037 0.0008 0.0002 0.0000 1.0000 1.0000 0.4709 0.1001 0.0211 0.0044 0.0009 0.0002 0.0000 1.0000 1.0000 0.3534 0.0678 0.0130 0.0025 0.0005 0.0001 0.0000 1.0000 0.8556 0.1636 0.0313 0.0060 0.0011 0.0002 0.0000 1.0000 1.0000 0.3886 0.0741 0.0141 0.0027 0.0005 0.0001 0.0000 1.0000 0.8491 0.1476 0.0232 0.0032 0.0006 0.0001 0.0000 0.0000
0.0000 0.0002 0.0002 0.0003 0.0004 0.0006 0.0008 0.0013 0.0012 0.0004 0.0001 0.0000 1.0000 0.9024 0.1941 0.0417 0.0089 0.0019 0.0004 0.0001 0.0000 1.0000 1.0000 0.2471 0.0530 0.0113 0.0024 0.0005 0.0001 0.0000 1.0000 1.0000 0.3141 0.0673 0.0144 0.0031 0.0007 0.0001 0.0000 1.0000 1.0000 0.3991 0.0855 0.0183 0.0039 0.0008 0.0002 0.0000 1.0000 1.0000 0.5081 0.1087 0.0233 0.0050 0.0011 0.0002 0.0000 1.0000 1.0000 0.6087 0.1258 0.0257 0.0051 0.0010 0.0002 0.0000 1.0000 1.0000 0.3657 0.0702 0.0135 0.0026 0.0005 0.0001 0.0000 1.0000 0.8956 0.1719 0.0329 0.0063 0.0012 0.0002 0.0000 1.0000 1.0000 0.4257 0.0822 0.0159 0.0031 0.0006 0.0001 0.0000 1.0000 1.0000 0.2036 0.0400 0.0086 0.0033 0.0000 1.0000 0.0000
0.0000 0.0000 0.0000 0.0001 0.0001 0.0001 0.0002 0.0002 0.0004 0.0004 0.0001 0.0000 1.0000 1.0000 0.2626 0.0565 0.0121 0.0026 0.0006 0.0001 0.0000 1.0000 1.0000 0.3357 0.0719 0.0154 0.0033 0.0007 0.0002 0.0000 1.0000 1.0000 0.4266 0.0914 0.0196 0.0042 0.0009 0.0002 0.0000 1.0000 1.0000 0.5421 0.1162 0.0249 0.0053 0.0011 0.0002 0.0001 1.0000 1.0000 0.6888 0.1473 0.0314 0.0067 0.0014 0.0003 0.0001 0.0000 1.0000 0.7348 0.1473 0.0291 0.0057 0.0011 0.0002 0.0000 1.0000 1.0000 0.3923 0.0754 0.0145 0.0028 0.0005 0.0001 0.0000 1.0000 0.9812 0.1886 0.0363 0.0070 0.0014 0.0003 0.0001 1.0000 1.0000 0.4976 0.0971 0.0190 0.0037 0.0007 0.0001 0.0000 1.0000 1.0000 0.3331 0.0914 0.0388 0.0188 0.0998 0.5927 0.0000
0.0000 1.0000 1.0000 0.0000 0.0000 0.0000 0.0000 0.0001 0.0001 0.0001 0.0001 0.0000 1.0000 1.0000 0.3561 0.0764 0.0164 0.0035 0.0008 0.0002 0.0000 1.0000 1.0000 0.4550 0.0975 0.0209 0.0045 0.0010 0.0002 0.0000 1.0000 1.0000 0.5783 0.1239 0.0266 0.0057 0.0012 0.0003 0.0001 1.0000 1.0000 0.7348 0.1578 0.0338 0.0072 0.0016 0.0003 0.0001 0.0000 1.0000 0.9285 0.1975 0.0418 0.0088 0.0018 0.0004 0.0001 0.0000 1.0000 0.8459 0.1658 0.0323 0.0063 0.0012 0.0002 0.0000 1.0000 1.0000 0.4298 0.0828 0.0160 0.0031 0.0006 0.0001 0.0000 1.0000 1.0000 0.2139 0.0415 0.0081 0.0016 0.0003 0.0001 1.0000 1.0000 0.6076 0.1204 0.0241 0.0048 0.0010 0.0002 0.0000 1.0000 1.0000 0.7706 0.3441 0.1941 0.1066 0.2961 1.0000 0.0000
0.0000 1.0000 1.0000 1.0000 1.0000 1.0000 1.0000 1.0000 0.0000 0.0000 0.0000 0.0000 1.0000 1.0000 0.4864 0.1034 0.0222 0.0048 0.0010 0.0002 0.0000 1.0000 1.0000 0.6169 0.1322 0.0283 0.0061 0.0013 0.0003 0.0001 0.0000 1.0000 0.7839 0.1680 0.0360 0.0077 0.0017 0.0004 0.0001 0.0000 1.0000 0.9981 0.2139 0.0458 0.0098 0.0021 0.0004 0.0001 0.0000 1.0000 1.0000 0.2592 0.0542 0.0112 0.0023 0.0005 0.0001 0.0000 1.0000 0.9499 0.1851 0.0359 0.0069 0.0013 0.0003 0.0000 1.0000 1.0000 0.4799 0.0928 0.0179 0.0035 0.0007 0.0001 0.0000 1.0000 1.0000 0.2500 0.0488 0.0096 0.0019 0.0004 0.0001 0.0000 1.0000 0.7736 0.1563 0.0318 0.0065 0.0013 0.0003 0.0001 0.0000 1.0000 1.0000 1.0000 1.0000 0.8036 1.0000 1.0000 0.0000
0.0000 0.4647 0.6204 0.9007 1.0000 1.0000 1.0000 1.0000 1.0000 1.0000 1.0000 1.0000 1.0000 1.0000 0.6759 0.1413 0.0300 0.0065 0.0014 0.0003 0.0001 0.0000 1.0000 0.8363 0.1792 0.0384 0.0082 0.0018 0.0004 0.0001 0.0000 1.0000 1.0000 0.2277 0.0488 0.0105 0.0022 0.0005 0.0001 0.0000 1.0000 1.0000 0.2899 0.0620 0.0133 0.0028 0.0006 0.0001 0.0000 1.0000 1.0000 0.3287 0.0673 0.0136 0.0027 0.0005 0.0001 0.0000 1.0000 1.0000 0.2067 0.0400 0.0078 0.0015 0.0003 0.0001 1.0000 1.0000 0.5452 0.1058 0.0205 0.0040 0.0008 0.0002 0.0000 1.0000 1.0000 0.2989 0.0589 0.0116 0.0023 0.0005 0.0001 0.0000 1.0000 1.0000 0.2106 0.0439 0.0092 0.0020 0.0004 0.0001 0.0000 0.0000 1.0000 1.0000 1.0000 1.0000 1.0000 1.0000 0.0000
0.0000 0.0996 0.1329 0.1930 0.2657 0.3615 0.4910 0.6669 0.9024 1.0000 1.0000 1.0000 1.0000 1.0000 1.0000 0.1963 0.0410 0.0087 0.0019 0.0004 0.0001 0.0000 1.0000 1.0000 0.2429 0.0521 0.0112 0.0024 0.0005 0.0001 0.0000 1.0000 1.0000 0.3087 0.0662 0.0142 0.0030 0.0007 0.0001 0.0000 1.0000 1.0000 0.3916 0.0836 0.0178 0.0038 0.0008 0.0002 0.0000 1.0000 1.0000 0.4021 0.0808 0.0161 0.0032 0.0006 0.0001 0.0000 1.0000 1.0000 0.2330 0.0452 0.0088 0.0017 0.0003 0.0001 0.0000 1.0000 0.6299 0.1227 0.0240 0.0047 0.0009 0.0002 0.0000 1.0000 1.0000 0.3650 0.0726 0.0145 0.0029 0.0006 0.0001 0.0000 1.0000 1.0000 0.2949 0.0627 0.0135 0.0030 0.0008 0.0002 0.0001 0.0001 0.0000 0.0000 0.0000 0.0000 0.0000 0.0000 0.0000
0.0000 0.0213 0.0285 0.0414 0.0569 0.0775 0.1054 0.1432 0.1941 0.2626 0.3561 0.4864 0.6759 1.0000 0.9962 0.3070 0.0570 0.0119 0.0025 0.0005 0.0001 0.0000 1.0000 1.0000 0.3293 0.0706 0.0151 0.0032 0.0007 0.0001 0.0000 1.0000 1.0000 0.4185 0.0899 0.0193 0.0041 0.0009 0.0002 0.0000 1.0000 1.0000 0.5238 0.1112 0.0235 0.0049 0.0010 0.0002 0.0000 1.0000 1.0000 0.4781 0.0948 0.0187 0.0037 0.0007 0.0001 0.0000 1.0000 1.0000 0.2657 0.0517 0.0101 0.0020 0.0004 0.0001 0.0000 1.0000 0.7405 0.1451 0.0285 0.0056 0.0011 0.0002 0.0000 1.0000 1.0000 0.4559 0.0916 0.0185 0.0038 0.0008 0.0002 0.0000 1.0000 1.0000 0.4257 0.0928 0.0209 0.0053 0.0017 0.0008 0.0005 0.0003 0.0002 0.0002 0.0001 0.0001 0.0001 0.0002 0.0000
0.0000 0.0046 0.0061 0.0089 0.0122 0.0166 0.0226 0.0307 0.0417 0.0565 0.0764 0.1034 0.1413 0.1963 0.3070 0.2894 0.0892 0.0166 0.0035 0.0007 0.0002 0.0000 1.0000 1.0000 0.4465 0.0957 0.0205 0.0044 0.0009 0.0002 0.0000 1.0000 1.0000 0.5685 0.1218 0.0261 0.0056 0.0012 0.0003 0.0001 1.0000 1.0000 0.6928 0.1457 0.0304 0.0063 0.0013 0.0003 0.0001 1.0000 1.0000 0.5577 0.1097 0.0215 0.0042 0.0008 0.0002 0.0000 1.0000 1.0000 0.3075 0.0599 0.0117 0.0023 0.0004 0.0001 0.0000 1.0000 0.8837 0.1742 0.0343 0.0068 0.0013 0.0003 0.0001 1.0000 1.0000 0.5816 0.1182 0.0242 0.0050 0.0010 0.0002 0.0000 1.0000 1.0000 0.6347 0.1448 0.0373 0.0122 0.0056 0.0033 0.0021 0.0015 0.0011 0.0008 0.0007 0.0005 0.0006 0.0007 0.0000
0.0000 0.0010 0.0013 0.0019 0.0026 0.0036 0.0048 0.0066 0.0089 0.0121 0.0164 0.0222 0.0300 0.0410 0.0570 0.0892 0.0841 0.0259 0.0048 0.0010 0.0002 0.0000 1.0000 1.0000 0.6053 0.1297 0.0278 0.0060 0.0013 0.0003 0.0001 0.0000 1.0000 0.7692 0.1648 0.0353 0.0075 0.0016 0.0003 0.0001 0.0000 1.0000 0.8973 0.1862 0.0384 0.0078 0.0016 0.0003 0.0001 0.0000 1.0000 0.6482 0.1270 0.0248 0.0048 0.0009 0.0002 0.0000 1.0000 1.0000 0.3588 0.0703 0.0138 0.0027 0.0005 0.0001 0.0000 1.0000 1.0000 0.2119 0.0421 0.0084 0.0017 0.0003 0.0001 0.0000 1.0000 0.7576 0.1557 0.0322 0.0068 0.0014 0.0003 0.0001 0.0000 1.0000 0.9943 0.2587 0.0852 0.0391 0.0226 0.0148 0.0101 0.0072 0.0053 0.0041 0.0033 0.0027 0.0028 0.0031 0.0000
0.0000 0.0002 0.0003 0.0004 0.0006 0.0008 0.0010 0.0014 0.0019 0.0026 0.0035 0.0048 0.0065 0.0087 0.0119 0.0166 0.0259 0.0243 0.0075 0.0014 0.0003 0.0001 0.0000 1.0000 0.8205 0.1758 0.0377 0.0081 0.0017 0.0004 0.0001 0.0000 1.0000 1.0000 0.2222 0.0474 0.0101 0.0021 0.0005 0.0001 0.0000 1.0000 1.0000 0.2330 0.0472 0.0095 0.0019 0.0004 0.0001 0.0000 1.0000 0.7532 0.1473 0.0288 0.0056 0.0011 0.0002 0.0000 1.0000 1.0000 0.4241 0.0833 0.0164 0.0032 0.0006 0.0001 0.0000 1.0000 1.0000 0.2616 0.0524 0.0105 0.0021 0.0004 0.0001 0.0000 1.0000 1.0000 0.2094 0.0440 0.0094 0.0020 0.0004 0.0001 0.0000 1.0000 1.0000 0.5905 0.2697 0.1551 0.1005 0.0682 0.0478 0.0347 0.0261 0.0204 0.0165 0.0138 0.0137 0.0135 0.0000
0.0000 0.0000 0.0001 0.0001 0.0001 0.0002 0.0002 0.0003 0.0004 0.0006 0.0008 0.0010 0.0014 0.0019 0.0025 0.0035 0.0048 0.0075 0.0071 0.0022 0.0004 0.0001 0.0000 1.0000 1.0000 0.2384 0.0511 0.0110 0.0023 0.0005 0.0001 0.0000 1.0000 1.0000 0.2983 0.0632 0.0134 0.0028 0.0006 0.0001 0.0000 1.0000 1.0000 0.2839 0.0570 0.0113 0.0022 0.0004 0.0001 0.0000 1.0000 0.8804 0.1725 0.0337 0.0066 0.0013 0.0003 0.0000 1.0000 1.0000 0.5072 0.1001 0.0198 0.0039 0.0008 0.0002 0.0000 1.0000 1.0000 0.3281 0.0660 0.0134 0.0027 0.0006 0.0001 0.0000 1.0000 1.0000 0.2883 0.0617 0.0133 0.0029 0.0007 0.0001 0.0000 1.0000 1.0000 1.0000 1.0000 0.6823 0.4594 0.3189 0.2282 0.1686 0.1287 0.1021 0.0833 0.0696 0.0663 0.0586 0.0000
0.0000 1.0000 0.0000 0.0000 0.0000 0.0000 0.0000 0.0001 0.0001 0.0001 0.0002 0.0002 0.0003 0.0004 0.0005 0.0007 0.0010 0.0014 0.0022 0.0020 0.0006 0.0001 0.0000 1.0000 1.0000 0.3231 0.0694 0.0149 0.0032 0.0007 0.0001 0.0000 1.0000 1.0000 0.3953 0.0833 0.0174 0.0036 0.0008 0.0002 0.0000 1.0000 1.0000 0.3421 0.0679 0.0134 0.0026 0.0005 0.0001 0.0000 1.0000 1.0000 0.2028 0.0398 0.0078 0.0015 0.0003 0.0001 1.0000 1.0000 0.6122 0.1213 0.0241 0.0048 0.0010 0.0002 0.0000 1.0000 1.0000 0.4169 0.0845 0.0172 0.0035 0.0007 0.0002 0.0000 1.0000 1.0000 0.4052 0.0882 0.0195 0.0044 0.0010 0.0002 0.0001 0.0000 1.0000 1.0000 1.0000 1.0000 1.0000 1.0000 1.0000 0.8237 0.6396 0.5101 0.4185 0.3500 0.3146 0.2548 0.0000
0.0000 1.0000 1.0000 1.0000 1.0000 1.0000 1.0000 0.0000 0.0000 0.0000 0.0000 0.0000 0.0001 0.0001 0.0001 0.0002 0.0002 0.0003 0.0004 0.0006 0.0006 0.0002 0.0000 1.0000 1.0000 0.4372 0.0937 0.0201 0.0043 0.0009 0.0002 0.0000 1.0000 1.0000 0.5169 0.1078 0.0224 0.0046 0.0009 0.0002 0.0000 1.0000 1.0000 0.4068 0.0803 0.0159 0.0031 0.0006 0.0001 0.0000 1.0000 1.0000 0.2406 0.0473 0.0093 0.0018 0.0004 0.0001 0.0000 1.0000 0.7475 0.1487 0.0297 0.0059 0.0012 0.0002 0.0000 1.0000 1.0000 0.5369 0.1099 0.0226 0.0047 0.0010 0.0002 0.0000 1.0000 1.0000 0.5816 0.1292 0.0290 0.0066 0.0016 0.0004 0.0001 0.0001 0.0000 0.0000 0.0000 1.0000 1.0000 1.0000 1.0000 1.0000 1.0000 1.0000 1.0000 1.0000 1.0000 1.0000 0.0000
0.0000 0.5905 0.7884 1.0000 1.0000 1.0000 1.0000 1.0000 1.0000 1.0000 1.0000 1.0000 0.0000 0.0000 0.0000 0.0000 0.0000 0.0001 0.0001 0.0001 0.0002 0.0002 0.0001 1.0000 1.0000 0.5905 0.1265 0.0271 0.0058 0.0012 0.0003 0.0001 1.0000 1.0000 0.6644 0.1371 0.0281 0.0057 0.0012 0.0002 0.0000 1.0000 1.0000 0.4827 0.0951 0.0188 0.0037 0.0007 0.0001 0.0000 1.0000 1.0000 0.2877 0.0568 0.0112 0.0022 0.0004 0.0001 0.0000 1.0000 0.9215 0.1840 0.0370 0.0074 0.0015 0.0003 0.0001 0.0000 1.0000 0.7007 0.1448 0.0300 0.0063 0.0013 0.0003 0.0001 0.0000 1.0000 0.8556 0.1934 0.0444 0.0106 0.0028 0.0010 0.0004 0.0002 0.0002 0.0001 0.0001 0.0000 0.0000 0.0000 0.0000 0.0000 1.0000 1.0000 1.0000 1.0000 1.0000 1.0000 0.0000
0.0000 0.1265 0.1689 0.2453 0.3376 0.4594 0.6252 0.8491 1.0000 1.0000 1.0000 1.0000 1.0000 1.0000 1.0000 1.0000 1.0000 0.0000 0.0000 0.0000 0.0000 0.0001 0.0000 1.0000 1.0000 0.7944 0.1696 0.0361 0.0077 0.0016 0.0003 0.0001 0.0000 1.0000 0.8379 0.1712 0.0347 0.0070 0.0014 0.0003 0.0001 1.0000 1.0000 0.5750 0.1133 0.0223 0.0044 0.0009 0.0002 0.0000 1.0000 1.0000 0.3474 0.0688 0.0136 0.0027 0.0005 0.0001 0.0000 1.0000 1.0000 0.2303 0.0464 0.0094 0.0019 0.0004 0.0001 0.0000 1.0000 0.9267 0.1934 0.0406 0.0086 0.0018 0.0004 0.0001 0.0000 1.0000 1.0000 0.2966 0.0711 0.0192 0.0065 0.0029 0.0017 0.0011 0.0007 0.0005 0.0003 0.0002 0.0002 0.0001 0.0001 0.0001 0.0001 0.0000 0.0000 0.0000 0.0000 0.0000 0.0000
0.0000 0.0271 0.0362 0.0526 0.0723 0.0984 0.1340 0.1820 0.2471 0.3357 0.4550 0.6169 0.8363 1.0000 1.0000 1.0000 1.0000 1.0000 1.0000 1.0000 1.0000 1.0000 1.0000 1.0000 1.0000 1.0000 0.2243 0.0477 0.0101 0.0021 0.0004 0.0001 0.0000 1.0000 1.0000 0.2106 0.0423 0.0085 0.0017 0.0003 0.0001 0.0000 1.0000 0.6849 0.1352 0.0267 0.0053 0.0010 0.0002 0.0000 1.0000 1.0000 0.4225 0.0841 0.0167 0.0033 0.0007 0.0001 0.0000 1.0000 1.0000 0.2916 0.0591 0.0120 0.0025 0.0005 0.0001 0.0000 1.0000 1.0000 0.2621 0.0556 0.0119 0.0026 0.0006 0.0001 0.0000 1.0000 1.0000 0.4754 0.1287 0.0435 0.0197 0.0111 0.0070 0.0046 0.0031 0.0021 0.0015 0.0011 0.0008 0.0006 0.0005 0.0004 0.0003 0.0002 0.0002 0.0001 0.0001 0.0001 0.0000
0.0000 0.0058 0.0078 0.0113 0.0155 0.0211 0.0287 0.0390 0.0530 0.0719 0.0975 0.1322 0.1792 0.2429 0.3293 0.4465 0.6053 0.8205 1.0000 1.0000 1.0000 1.0000 1.0000 1.0000 1.0000 1.0000 0.2989 0.0618 0.0130 0.0027 0.0006 0.0001 0.0000 1.0000 1.0000 0.2562 0.0513 0.0102 0.0020 0.0004 0.0001 0.0000 1.0000 0.8205 0.1620 0.0321 0.0063 0.0013 0.0002 0.0000 1.0000 1.0000 0.5179 0.1034 0.0207 0.0041 0.0008 0.0002 0.0000 1.0000 1.0000 0.3727 0.0760 0.0156 0.0032 0.0007 0.0001 0.0000 1.0000 1.0000 0.3608 0.0775 0.0168 0.0037 0.0008 0.0002 0.0000 1.0000 1.0000 0.8621 0.2916 0.1319 0.0743 0.0467 0.0306 0.0205 0.0140 0.0098 0.0070 0.0052 0.0039 0.0029 0.0023 0.0018 0.0014 0.0011 0.0009 0.0007 0.0005 0.0003 0.0000
0.0000 0.0012 0.0017 0.0024 0.0033 0.0045 0.0062 0.0084 0.0113 0.0154 0.0209 0.0283 0.0384 0.0521 0.0706 0.0957 0.1297 0.1758 0.2384 0.3231 0.4372 0.5905 0.7944 1.0000 1.0000 0.8990 0.3520 0.0793 0.0163 0.0034 0.0007 0.0001 0.0000 1.0000 1.0000 0.3105 0.0618 0.0123 0.0024 0.0005 0.0001 0.0000 1.0000 0.9868 0.1952 0.0387 0.0077 0.0015 0.0003 0.0001 1.0000 1.0000 0.6384 0.1280 0.0257 0.0052 0.0010 0.0002 0.0000 1.0000 1.0000 0.4818 0.0988 0.0204 0.0042 0.0009 0.0002 0.0000 1.0000 1.0000 0.5033 0.1097 0.0241 0.0054 0.0012 0.0003 0.0001 0.0000 1.0000 1.0000 0.8837 0.4948 0.3105 0.2028 0.1355 0.0923 0.0643 0.0459 0.0334 0.0247 0.0186 0.0143 0.0111 0.0087 0.0069 0.0054 0.0042 0.0031 0.0021 0.0015 0.0000
0.0000 0.0003 0.0004 0.0005 0.0007 0.0010 0.0013 0.0018 0.0024 0.0033 0.0045 0.0061 0.0082 0.0112 0.0151 0.0205 0.0278 0.0377 0.0511 0.0694 0.0937 0.1265 0.1696 0.2247 0.2995 0.3520 0.2151 0.0867 0.0202 0.0042 0.0009 0.0002 0.0000 1.0000 1.0000 0.3748 0.0746 0.0148 0.0029 0.0006 0.0001 0.0000 1.0000 1.0000 0.2366 0.0471 0.0093 0.0019 0.0004 0.0001 0.0000 1.0000 0.7960 0.1602 0.0323 0.0065 0.0013 0.0003 0.0001 1.0000 1.0000 0.6275 0.1297 0.0270 0.0056 0.0012 0.0002 0.0001 1.0000 1.0000 0.7142 0.1578 0.0353 0.0080 0.0018 0.0004 0.0001 0.0000 1.0000 1.0000 1.0000 1.0000 1.0000 0.8939 0.6076 0.4209 0.2983 0.2155 0.1587 0.1188 0.0904 0.0695 0.0542 0.0424 0.0332 0.0257 0.0194 0.0141 0.0094 0.0066 0.0000
0.0000 0.0001 0.0001 0.0001 0.0002 0.0002 0.0003 0.0004 0.0005 0.0007 0.0010 0.0013 0.0018 0.0024 0.0032 0.0044 0.0060 0.0081 0.0110 0.0149 0.0201 0.0271 0.0361 0.0478 0.0618 0.0793 0.0867 0.0518 0.0211 0.0050 0.0010 0.0002 0.0000 1.0000 1.0000 0.4525 0.0899 0.0179 0.0035 0.0007 0.0001 0.0000 1.0000 1.0000 0.2894 0.0576 0.0115 0.0023 0.0005 0.0001 0.0000 1.0000 0.9981 0.2016 0.0409 0.0083 0.0017 0.0003 0.0001 0.0000 1.0000 0.8284 0.1725 0.0361 0.0076 0.0016 0.0003 0.0001 0.0000 1.0000 1.0000 0.2312 0.0528 0.0122 0.0029 0.0007 0.0002 0.0001 0.0000 0.0000 1.0000 1.0000 1.0000 1.0000 1.0000 1.0000 1.0000 1.0000 0.7590 0.5717 0.4372 0.3369 0.2621 0.2039 0.1575 0.1200 0.0892 0.0642 0.0423 0.0295 0.0000
0.0000 0.0000 0.0000 0.0000 0.0000 0.0000 0.0001 0.0001 0.0001 0.0002 0.0002 0.0003 0.0004 0.0005 0.0007 0.0009 0.0013 0.0017 0.0023 0.0032 0.0043 0.0058 0.0077 0.0101 0.0131 0.0163 0.0202 0.0211 0.0126 0.0051 0.0012 0.0003 0.0001 1.0000 1.0000 0.5483 0.1089 0.0216 0.0043 0.0009 0.0002 0.0000 1.0000 1.0000 0.3554 0.0710 0.0142 0.0028 0.0006 0.0001 0.0000 1.0000 1.0000 0.2562 0.0521 0.0106 0.0022 0.0004 0.0001 0.0000 1.0000 1.0000 0.2312 0.0488 0.0104 0.0022 0.0005 0.0001 0.0000 1.0000 1.0000 0.3460 0.0802 0.0189 0.0046 0.0013 0.0004 0.0002 0.0001 0.0001 0.0000 0.0000 0.0000 0.0000 1.0000 1.0000 1.0000 1.0000 1.0000 1.0000 1.0000 1.0000 1.0000 0.9700 0.7405 0.5546 0.4068 0.2894 0.1904 0.1329 0.0000
0.0000 1.0000 1.0000 1.0000 1.0000 1.0000 0.0000 0.0000 0.0000 0.0000 0.0000 0.0001 0.0001 0.0001 0.0001 0.0002 0.0003 0.0004 0.0005 0.0007 0.0009 0.0012 0.0016 0.0021 0.0027 0.0034 0.0042 0.0050 0.0051 0.0031 0.0013 0.0003 0.0001 0.0000 1.0000 0.6644 0.1322 0.0263 0.0052 0.0010 0.0002 0.0000 1.0000 1.0000 0.4397 0.0882 0.0177 0.0036 0.0007 0.0001 0.0000 1.0000 1.0000 0.3287 0.0672 0.0138 0.0028 0.0006 0.0001 0.0000 1.0000 1.0000 0.3141 0.0668 0.0143 0.0031 0.0007 0.0001 0.0000 1.0000 1.0000 0.5268 0.1244 0.0306 0.0084 0.0029 0.0013 0.0007 0.0004 0.0003 0.0002 0.0001 0.0001 0.0001 0.0000 0.0000 0.0000 0.0000 0.0000 1.0000 1.0000 1.0000 1.0000 1.0000 1.0000 1.0000 1.0000 1.0000 0.8556 0.5984 0.0000
0.0000 0.7504 1.0000 1.0000 1.0000 1.0000 1.0000 1.0000 1.0000 1.0000 1.0000 0.0000 0.0000 0.0000 0.0000 0.0000 0.0001 0.0001 0.0001 0.0001 0.0002 0.0003 0.0003 0.0004 0.0006 0.0007 0.0009 0.0010 0.0012 0.0013 0.0008 0.0003 0.0001 0.0000 1.0000 0.8066 0.1611 0.0321 0.0064 0.0013 0.0003 0.0001 1.0000 1.0000 0.5472 0.1101 0.0222 0.0045 0.0009 0.0002 0.0000 1.0000 1.0000 0.4249 0.0873 0.0180 0.0037 0.0008 0.0002 0.0000 1.0000 1.0000 0.4306 0.0926 0.0200 0.0044 0.0010 0.0002 0.0000 1.0000 1.0000 0.8190 0.2016 0.0556 0.0189 0.0085 0.0047 0.0029 0.0019 0.0012 0.0008 0.0006 0.0004 0.0003 0.0002 0.0001 0.0001 0.0001 0.0001 0.0000 0.0000 0.0000 0.0000 0.0000 1.0000 1.0000 1.0000 1.0000 1.0000 1.0000 0.0000
0.0000 0.1608 0.2147 0.3117 0.4290 0.5838 0.7944 1.0000 1.0000 1.0000 1.0000 1.0000 1.0000 1.0000 1.0000 1.0000 0.0000 0.0000 0.0000 0.0000 0.0000 0.0001 0.0001 0.0001 0.0001 0.0001 0.0002 0.0002 0.0003 0.0003 0.0003 0.0002 0.0001 0.0000 1.0000 0.9830 0.1967 0.0394 0.0079 0.0016 0.0003 0.0001 0.0000 1.0000 0.6862 0.1386 0.0281 0.0057 0.0012 0.0002 0.0000 1.0000 1.0000 0.5546 0.1146 0.0237 0.0049 0.0010 0.0002 0.0000 1.0000 1.0000 0.5973 0.1295 0.0284 0.0063 0.0014 0.0003 0.0001 0.0000 1.0000 1.0000 0.3671 0.1246 0.0562 0.0311 0.0193 0.0124 0.0082 0.0055 0.0037 0.0026 0.0018 0.0013 0.0010 0.0007 0.0005 0.0004 0.0003 0.0002 0.0002 0.0001 0.0001 0.0001 0.0001 0.0000 0.0000 0.0000 0.0000 1.0000 0.0000
0.0000 0.0345 0.0460 0.0668 0.0919 0.1251 0.1702 0.2312 0.3141 0.4266 0.5783 0.7839 1.0000 1.0000 1.0000 1.0000 1.0000 1.0000 1.0000 1.0000 1.0000 1.0000 0.0000 0.0000 0.0000 0.0000 0.0000 0.0000 0.0001 0.0001 0.0001 0.0001 0.0001 0.0000 1.0000 1.0000 0.2416 0.0484 0.0097 0.0020 0.0004 0.0001 0.0000 1.0000 0.8671 0.1755 0.0357 0.0073 0.0015 0.0003 0.0001 0.0000 1.0000 0.7293 0.1513 0.0316 0.0066 0.0014 0.0003 0.0001 0.0000 1.0000 0.8395 0.1840 0.0408 0.0091 0.0021 0.0005 0.0001 0.0000 1.0000 1.0000 0.8205 0.3706 0.2047 0.1265 0.0814 0.0535 0.0358 0.0244 0.0169 0.0119 0.0085 0.0062 0.0045 0.0033 0.0025 0.0019 0.0014 0.0011 0.0008 0.0006 0.0005 0.0003 0.0002 0.0002 0.0001 0.0001 0.0001 0.0000 0.0000
0.0000 0.0074 0.0099 0.0143 0.0197 0.0268 0.0365 0.0495 0.0673 0.0914 0.1239 0.1680 0.2277 0.3087 0.4185 0.5685 0.7692 1.0000 1.0000 1.0000 1.0000 1.0000 1.0000 1.0000 1.0000 1.0000 1.0000 1.0000 1.0000 0.0000 0.0000 0.0000 0.0000 1.0000 1.0000 1.0000 0.2938 0.0599 0.0121 0.0024 0.0005 0.0001 0.0000 1.0000 1.0000 0.2239 0.0457 0.0093 0.0019 0.0004 0.0001 0.0000 1.0000 0.9645 0.2016 0.0423 0.0089 0.0019 0.0004 0.0001 0.0000 1.0000 1.0000 0.2651 0.0596 0.0136 0.0031 0.0007 0.0002 0.0000 0.0000 1.0000 1.0000 1.0000 0.8315 0.5339 0.3500 0.2334 0.1587 0.1095 0.0769 0.0548 0.0395 0.0289 0.0213 0.0158 0.0119 0.0090 0.0068 0.0051 0.0039 0.0029 0.0021 0.0016 0.0011 0.0008 0.0006 0.0004 0.0003 0.0002 0.0000
0.0000 0.0016 0.0021 0.0031 0.0042 0.0057 0.0078 0.0106 0.0144 0.0196 0.0266 0.0360 0.0488 0.0662 0.0899 0.1218 0.1648 0.2222 0.2983 0.3953 0.5169 0.6644 0.8379 1.0000 1.0000 1.0000 1.0000 1.0000 1.0000 1.0000 1.0000 1.0000 1.0000 1.0000 1.0000 1.0000 0.3664 0.0740 0.0151 0.0030 0.0006 0.0001 0.0000 1.0000 1.0000 0.2877 0.0588 0.0121 0.0025 0.0005 0.0001 0.0000 1.0000 1.0000 0.2708 0.0571 0.0122 0.0026 0.0006 0.0001 0.0000 1.0000 1.0000 0.3871 0.0883 0.0204 0.0048 0.0011 0.0003 0.0001 0.0000 0.0000 1.0000 1.0000 1.0000 1.0000 1.0000 1.0000 0.7115 0.4976 0.3534 0.2538 0.1844 0.1358 0.1005 0.0751 0.0565 0.0426 0.0321 0.0241 0.0180 0.0133 0.0098 0.0071 0.0051 0.0036 0.0026 0.0018 0.0012 0.0008 0.0000
0.0000 0.0003 0.0005 0.0007 0.0009 0.0012 0.0017 0.0023 0.0031 0.0042 0.0057 0.0077 0.0105 0.0142 0.0193 0.0261 0.0353 0.0474 0.0632 0.0833 0.1078 0.1371 0.1712 0.2106 0.2562 0.3105 0.3748 0.4516 0.5472 0.6631 0.8051 0.9812 1.0000 1.0000 1.0000 1.0000 0.4490 0.0932 0.0189 0.0039 0.0008 0.0002 0.0000 1.0000 1.0000 0.3720 0.0764 0.0158 0.0033 0.0007 0.0001 0.0000 1.0000 1.0000 0.3664 0.0781 0.0167 0.0036 0.0008 0.0002 0.0000 1.0000 1.0000 0.5750 0.1335 0.0314 0.0075 0.0019 0.0005 0.0002 0.0001 0.0000 0.0000 0.0000 1.0000 1.0000 1.0000 1.0000 1.0000 1.0000 1.0000 1.0000 0.8654 0.6396 0.4754 0.3554 0.2677 0.2009 0.1507 0.1127 0.0834 0.0613 0.0446 0.0321 0.0230 0.0164 0.0116 0.0081 0.0053 0.0037 0.0000
0.0000 0.0001 0.0001 0.0001 0.0002 0.0003 0.0004 0.0005 0.0007 0.0009 0.0012 0.0017 0.0022 0.0030 0.0041 0.0056 0.0075 0.0101 0.0134 0.0174 0.0224 0.0281 0.0347 0.0423 0.0513 0.0618 0.0744 0.0899 0.1087 0.1319 0.1608 0.1967 0.2416 0.2944 0.3671 0.4507 0.3293 0.1184 0.0241 0.0049 0.0010 0.0002 0.0000 1.0000 1.0000 0.4836 0.0998 0.0207 0.0043 0.0009 0.0002 0.0000 1.0000 1.0000 0.5014 0.1074 0.0232 0.0050 0.0011 0.0002 0.0001 0.0000 1.0000 0.8687 0.2047 0.0490 0.0122 0.0034 0.0012 0.0005 0.0003 0.0002 0.0001 0.0001 0.0000 0.0000 0.0000 0.0000 1.0000 1.0000 1.0000 1.0000 1.0000 1.0000 1.0000 1.0000 1.0000 0.9445 0.7047 0.5218 0.3842 0.2802 0.2024 0.1454 0.1036 0.0737 0.0522 0.0365 0.0239 0.0167 0.0000
0.0000 0.0000 0.0000 0.0000 0.0000 0.0001 0.0001 0.0001 0.0001 0.0002 0.0003 0.0004 0.0005 0.0007 0.0009 0.0012 0.0016 0.0021 0.0028 0.0036 0.0046 0.0057 0.0070 0.0085 0.0102 0.0123 0.0148 0.0178 0.0216 0.0263 0.0320 0.0394 0.0485 0.0600 0.0741 0.0935 0.1188 0.0904 0.0316 0.0063 0.0013 0.0003 0.0001 1.0000 1.0000 0.6323 0.1312 0.0273 0.0057 0.0012 0.0003 0.0001 1.0000 1.0000 0.6915 0.1493 0.0325 0.0071 0.0016 0.0004 0.0001 0.0000 1.0000 1.0000 0.3201 0.0797 0.0222 0.0075 0.0034 0.0019 0.0011 0.0007 0.0005 0.0003 0.0002 0.0001 0.0001 0.0001 0.0001 0.0000 0.0000 0.0000 0.0000 1.0000 1.0000 1.0000 1.0000 1.0000 1.0000 1.0000 1.0000 1.0000 0.9162 0.6556 0.4673 0.3312 0.2348 0.1639 0.1072 0.0750 0.0000
0.0000 1.0000 1.0000 1.0000 1.0000 1.0000 0.0000 0.0000 0.0000 0.0000 0.0001 0.0001 0.0001 0.0001 0.0002 0.0003 0.0003 0.0005 0.0006 0.0008 0.0009 0.0012 0.0014 0.0017 0.0020 0.0024 0.0029 0.0035 0.0043 0.0052 0.0064 0.0079 0.0097 0.0121 0.0151 0.0189 0.0241 0.0316 0.0250 0.0085 0.0017 0.0003 0.0001 0.0000 1.0000 0.8331 0.1738 0.0363 0.0076 0.0016 0.0003 0.0001 0.0000 1.0000 0.9627 0.2102 0.0462 0.0102 0.0023 0.0005 0.0001 0.0000 1.0000 1.0000 0.5218 0.1451 0.0494 0.0221 0.0121 0.0075 0.0048 0.0031 0.0021 0.0014 0.0009 0.0007 0.0005 0.0003 0.0002 0.0002 0.0001 0.0001 0.0001 0.0001 0.0000 0.0000 0.0000 0.0000 1.0000 1.0000 1.0000 1.0000 1.0000 1.0000 1.0000 1.0000 1.0000 0.7362 0.4818 0.3369 0.0000
0.0000 0.9536 1.0000 1.0000 1.0000 1.0000 1.0000 1.0000 1.0000 1.0000 1.0000 0.0000 0.0000 0.0000 0.0000 0.0001 0.0001 0.0001 0.0001 0.0002 0.0002 0.0002 0.0003 0.0003 0.0004 0.0005 0.0006 0.0007 0.0009 0.0010 0.0013 0.0016 0.0020 0.0024 0.0031 0.0039 0.0049 0.0063 0.0085 0.0070 0.0023 0.0004 0.0001 0.0000 1.0000 1.0000 0.2317 0.0487 0.0103 0.0022 0.0005 0.0001 0.0000 1.0000 1.0000 0.2983 0.0663 0.0149 0.0034 0.0008 0.0002 0.0000 1.0000 1.0000 0.9499 0.3231 0.1445 0.0793 0.0485 0.0310 0.0202 0.0133 0.0090 0.0061 0.0042 0.0030 0.0021 0.0015 0.0011 0.0008 0.0006 0.0004 0.0003 0.0002 0.0002 0.0001 0.0001 0.0001 0.0001 0.0000 0.0000 0.0000 0.0000 1.0000 1.0000 1.0000 1.0000 1.0000 1.0000 1.0000 0.0000
0.0000 0.2043 0.2728 0.3961 0.5452 0.7419 1.0000 1.0000 1.0000 1.0000 1.0000 1.0000 1.0000 1.0000 1.0000 1.0000 0.0000 0.0000 0.0000 0.0000 0.0000 0.0000 0.0001 0.0001 0.0001 0.0001 0.0001 0.0001 0.0002 0.0002 0.0003 0.0003 0.0004 0.0005 0.0006 0.0008 0.0010 0.0013 0.0017 0.0023 0.0020 0.0007 0.0001 0.0000 1.0000 1.0000 0.3105 0.0658 0.0140 0.0030 0.0006 0.0001 0.0000 1.0000 1.0000 0.4290 0.0964 0.0219 0.0050 0.0012 0.0003 0.0001 0.0000 1.0000 1.0000 0.9427 0.5169 0.3171 0.2020 0.1309 0.0865 0.0581 0.0396 0.0273 0.0191 0.0135 0.0096 0.0069 0.0050 0.0037 0.0027 0.0020 0.0015 0.0011 0.0008 0.0006 0.0004 0.0003 0.0002 0.0002 0.0001 0.0001 0.0001 0.0000 0.0000 0.0000 0.0000 1.0000 1.0000 1.0000 0.0000
0.0000 0.0438 0.0585 0.0849 0.1168 0.1590 0.2163 0.2938 0.3991 0.5421 0.7348 0.9981 1.0000 1.0000 1.0000 1.0000 1.0000 1.0000 1.0000 1.0000 1.0000 1.0000 1.0000 0.0000 0.0000 0.0000 0.0000 0.0000 0.0000 0.0000 0.0001 0.0001 0.0001 0.0001 0.0001 0.0002 0.0002 0.0003 0.0003 0.0005 0.0007 0.0006 0.0002 0.0000 1.0000 1.0000 0.4193 0.0893 0.0191 0.0041 0.0009 0.0002 0.0000 1.0000 1.0000 0.6240 0.1418 0.0327 0.0076 0.0018 0.0004 0.0001 0.0000 0.0000 1.0000 1.0000 1.0000 1.0000 0.8524 0.5631 0.3770 0.2562 0.1765 0.1232 0.0868 0.0618 0.0444 0.0322 0.0235 0.0172 0.0127 0.0094 0.0070 0.0052 0.0038 0.0028 0.0021 0.0015 0.0011 0.0008 0.0006 0.0004 0.0003 0.0002 0.0001 0.0001 0.0001 0.0001 0.0000 0.0000 0.0000
0.0000 0.0094 0.0125 0.0182 0.0250 0.0341 0.0464 0.0630 0.0855 0.1162 0.1578 0.2139 0.2899 0.3916 0.5238 0.6928 0.8973 1.0000 1.0000 1.0000 1.0000 1.0000 1.0000 1.0000 1.0000 1.0000 1.0000 1.0000 1.0000 1.0000 1.0000 0.0000 0.0000 0.0000 0.0000 0.0000 0.0000 0.0001 0.0001 0.0001 0.0001 0.0002 0.0002 0.0001 1.0000 1.0000 0.5685 0.1223 0.0264 0.0057 0.0012 0.0003 0.0001 0.0000 1.0000 0.9197 0.2123 0.0496 0.0118 0.0028 0.0007 0.0002 0.0001 0.0000 0.0000 1.0000 1.0000 1.0000 1.0000 1.0000 1.0000 1.0000 0.7929 0.5588 0.3968 0.2845 0.2055 0.1496 0.1095 0.0806 0.0596 0.0440 0.0325 0.0240 0.0177 0.0130 0.0095 0.0069 0.0050 0.0036 0.0025 0.0018 0.0013 0.0009 0.0006 0.0005 0.0003 0.0002 0.0001 0.0001 0.0000
0.0000 0.0020 0.0027 0.0039 0.0054 0.0073 0.0099 0.0135 0.0183 0.0249 0.0338 0.0458 0.0620 0.0836 0.1112 0.1457 0.1862 0.2330 0.2839 0.3421 0.4068 0.4827 0.5750 0.6836 0.8190 0.9849 1.0000 1.0000 1.0000 1.0000 1.0000 1.0000 1.0000 1.0000 1.0000 1.0000 1.0000 1.0000 0.0000 0.0000 0.0000 0.0000 0.0001 0.0001 0.0000 1.0000 0.7854 0.1680 0.0365 0.0080 0.0018 0.0004 0.0001 0.0000 1.0000 1.0000 0.3225 0.0766 0.0185 0.0046 0.0013 0.0004 0.0002 0.0001 0.0001 0.0000 0.0000 0.0000 1.0000 1.0000 1.0000 1.0000 1.0000 1.0000 1.0000 1.0000 0.9536 0.6967 0.5120 0.3762 0.2781 0.2051 0.1513 0.1112 0.0815 0.0596 0.0432 0.0312 0.0224 0.0160 0.0114 0.0081 0.0057 0.0041 0.0029 0.0020 0.0014 0.0010 0.0007 0.0005 0.0000
0.0000 0.0004 0.0006 0.0008 0.0011 0.0016 0.0021 0.0029 0.0039 0.0053 0.0072 0.0098 0.0133 0.0178 0.0235 0.0304 0.0384 0.0472 0.0570 0.0679 0.0803 0.0951 0.1133 0.1350 0.1620 0.1952 0.2366 0.2894 0.3561 0.4406 0.5493 0.6888 0.8704 1.0000 1.0000 1.0000 1.0000 1.0000 1.0000 1.0000 1.0000 1.0000 1.0000 0.0000 1.0000 1.0000 1.0000 0.2348 0.0509 0.0113 0.0025 0.0006 0.0001 0.0000 1.0000 1.0000 0.4976 0.1204 0.0302 0.0084 0.0029 0.0013 0.0007 0.0004 0.0003 0.0002 0.0001 0.0001 0.0001 0.0000 0.0000 0.0000 0.0000 1.0000 1.0000 1.0000 1.0000 1.0000 1.0000 1.0000 1.0000 0.9536 0.7007 0.5130 0.3748 0.2723 0.1971 0.1418 0.1013 0.0722 0.0514 0.0364 0.0258 0.0183 0.0130 0.0092 0.0065 0.0045 0.0030 0.0021 0.0000
0.0000 0.0001 0.0001 0.0002 0.0002 0.0003 0.0005 0.0006 0.0008 0.0011 0.0016 0.0021 0.0028 0.0038 0.0049 0.0063 0.0078 0.0095 0.0113 0.0134 0.0159 0.0188 0.0223 0.0267 0.0321 0.0386 0.0471 0.0577 0.0711 0.0883 0.1105 0.1392 0.1765 0.2247 0.2883 0.3727 0.4845 0.6335 0.8347 1.0000 1.0000 1.0000 1.0000 1.0000 1.0000 1.0000 1.0000 0.3395 0.0722 0.0159 0.0036 0.0008 0.0002 0.0000 1.0000 1.0000 0.7824 0.1963 0.0548 0.0186 0.0083 0.0045 0.0028 0.0017 0.0011 0.0007 0.0005 0.0003 0.0002 0.0002 0.0001 0.0001 0.0001 0.0000 0.0000 0.0000 0.0000 1.0000 1.0000 1.0000 1.0000 1.0000 1.0000 1.0000 1.0000 1.0000 0.8939 0.6408 0.4577 0.3250 0.2308 0.1636 0.1159 0.0822 0.0582 0.0413 0.0292 0.0204 0.0133 0.0093 0.0000
0.0000 0.0000 0.0000 0.0000 0.0001 0.0001 0.0001 0.0001 0.0002 0.0002 0.0003 0.0004 0.0006 0.0008 0.0010 0.0013 0.0016 0.0019 0.0022 0.0026 0.0031 0.0037 0.0044 0.0053 0.0063 0.0077 0.0094 0.0115 0.0142 0.0177 0.0223 0.0282 0.0358 0.0458 0.0590 0.0766 0.0999 0.1314 0.1742 0.2321 0.3111 0.4201 0.5695 0.7869 1.0000 1.0000 1.0000 0.6228 0.1066 0.0229 0.0052 0.0012 0.0003 0.0001 0.0000 1.0000 1.0000 0.3567 0.1211 0.0539 0.0293 0.0179 0.0113 0.0073 0.0048 0.0032 0.0022 0.0015 0.0010 0.0007 0.0005 0.0004 0.0003 0.0002 0.0001 0.0001 0.0001 0.0001 0.0000 0.0000 0.0000 0.0000 1.0000 1.0000 1.0000 1.0000 1.0000 1.0000 1.0000 1.0000 1.0000 0.7348 0.5208 0.3692 0.2616 0.1854 0.1312 0.0916 0.0599 0.0419 0.0000
0.0000 1.0000 1.0000 1.0000 1.0000 0.0000 0.0000 0.0000 0.0000 0.0001 0.0001 0.0001 0.0001 0.0002 0.0002 0.0003 0.0003 0.0004 0.0004 0.0005 0.0006 0.0007 0.0009 0.0010 0.0013 0.0015 0.0019 0.0023 0.0029 0.0036 0.0045 0.0057 0.0073 0.0094 0.0121 0.0158 0.0207 0.0273 0.0364 0.0488 0.0659 0.0895 0.1225 0.1683 0.2352 0.3402 0.6228 0.8331 0.2047 0.0347 0.0076 0.0018 0.0004 0.0001 0.0000 1.0000 1.0000 0.7884 0.3500 0.1904 0.1159 0.0734 0.0475 0.0311 0.0207 0.0140 0.0096 0.0066 0.0046 0.0032 0.0023 0.0016 0.0012 0.0009 0.0006 0.0005 0.0003 0.0002 0.0002 0.0001 0.0001 0.0001 0.0001 0.0000 0.0000 0.0000 0.0000 1.0000 1.0000 1.0000 1.0000 1.0000 1.0000 1.0000 1.0000 0.8331 0.5894 0.4114 0.2692 0.1883 0.0000
0.0000 1.0000 1.0000 1.0000 1.0000 1.0000 1.0000 1.0000 1.0000 1.0000 0.0000 0.0000 0.0000 0.0000 0.0000 0.0001 0.0001 0.0001 0.0001 0.0001 0.0001 0.0001 0.0002 0.0002 0.0002 0.0003 0.0004 0.0005 0.0006 0.0007 0.0009 0.0012 0.0015 0.0019 0.0025 0.0033 0.0043 0.0057 0.0076 0.0103 0.0140 0.0192 0.0264 0.0366 0.0510 0.0723 0.1064 0.2047 0.3123 0.0700 0.0117 0.0026 0.0006 0.0002 0.0000 0.0000 1.0000 1.0000 1.0000 0.7532 0.4772 0.3075 0.2012 0.1337 0.0902 0.0615 0.0426 0.0297 0.0209 0.0148 0.0106 0.0076 0.0055 0.0040 0.0029 0.0021 0.0016 0.0011 0.0008 0.0006 0.0004 0.0003 0.0002 0.0002 0.0001 0.0001 0.0001 0.0000 0.0000 0.0000 0.0000 1.0000 1.0000 1.0000 1.0000 1.0000 1.0000 1.0000 1.0000 0.8459 0.0000
0.0000 0.2597 0.3467 0.5033 0.6928 0.9427 1.0000 1.0000 1.0000 1.0000 1.0000 1.0000 1.0000 1.0000 1.0000 1.0000 0.0000 0.0000 0.0000 0.0000 0.0000 0.0000 0.0000 0.0000 0.0000 0.0001 0.0001 0.0001 0.0001 0.0001 0.0002 0.0002 0.0003 0.0004 0.0005 0.0007 0.0009 0.0012 0.0016 0.0022 0.0030 0.0041 0.0057 0.0080 0.0113 0.0159 0.0229 0.0347 0.0700 0.1304 0.0247 0.0041 0.0010 0.0003 0.0001 0.0000 0.0000 1.0000 1.0000 1.0000 1.0000 1.0000 0.8654 0.5816 0.3961 0.2733 0.1904 0.1340 0.0949 0.0676 0.0484 0.0349 0.0253 0.0184 0.0134 0.0098 0.0072 0.0053 0.0038 0.0028 0.0020 0.0015 0.0011 0.0008 0.0005 0.0004 0.0003 0.0002 0.0001 0.0001 0.0001 0.0000 0.0000 0.0000 0.0000 0.0000 1.0000 1.0000 1.0000 1.0000 0.0000
0.0000 0.0556 0.0743 0.1078 0.1484 0.2020 0.2749 0.3734 0.5081 0.6888 0.9285 1.0000 1.0000 1.0000 1.0000 1.0000 1.0000 1.0000 1.0000 1.0000 1.0000 1.0000 1.0000 1.0000 1.0000 1.0000 0.0000 0.0000 0.0000 0.0000 0.0000 0.0000 0.0001 0.0001 0.0001 0.0001 0.0002 0.0003 0.0003 0.0005 0.0006 0.0009 0.0012 0.0018 0.0025 0.0036 0.0052 0.0076 0.0117 0.0247 0.0699 0.0085 0.0016 0.0005 0.0002 0.0001 0.0000 0.0000 0.0000 1.0000 1.0000 1.0000 1.0000 1.0000 1.0000 1.0000 0.8572 0.6064 0.4323 0.3093 0.2230 0.1611 0.1168 0.0850 0.0621 0.0454 0.0332 0.0243 0.0177 0.0129 0.0093 0.0067 0.0048 0.0035 0.0025 0.0018 0.0013 0.0009 0.0006 0.0004 0.0003 0.0002 0.0002 0.0001 0.0001 0.0001 0.0000 0.0000 0.0000 0.0000 0.0000
0.0000 0.0119 0.0159 0.0231 0.0318 0.0433 0.0589 0.0800 0.1087 0.1473 0.1975 0.2592 0.3287 0.4021 0.4781 0.5577 0.6494 0.7532 0.8804 1.0000 1.0000 1.0000 1.0000 1.0000 1.0000 1.0000 1.0000 1.0000 1.0000 1.0000 1.0000 1.0000 0.0000 0.0000 0.0000 0.0000 0.0000 0.0001 0.0001 0.0001 0.0001 0.0002 0.0003 0.0004 0.0006 0.0008 0.0012 0.0018 0.0026 0.0041 0.0085 0.0590 0.0034 0.0010 0.0005 0.0002 0.0002 0.0001 0.0001 0.0000 0.0000 0.0000 0.0000 1.0000 1.0000 1.0000 1.0000 1.0000 1.0000 1.0000 1.0000 0.7433 0.5400 0.3938 0.2877 0.2098 0.1533 0.1116 0.0812 0.0588 0.0425 0.0306 0.0220 0.0157 0.0112 0.0080 0.0056 0.0040 0.0028 0.0020 0.0014 0.0010 0.0007 0.0005 0.0004 0.0003 0.0002 0.0001 0.0001 0.0001 0.0000
0.0000 0.0026 0.0034 0.0050 0.0068 0.0093 0.0126 0.0171 0.0233 0.0314 0.0418 0.0542 0.0673 0.0809 0.0948 0.1097 0.1273 0.1476 0.1725 0.2028 0.2406 0.2877 0.3474 0.4225 0.5179 0.6384 0.7975 1.0000 1.0000 1.0000 1.0000 1.0000 1.0000 1.0000 1.0000 1.0000 1.0000 1.0000 0.0000 0.0000 0.0000 0.0000 0.0001 0.0001 0.0001 0.0002 0.0003 0.0004 0.0006 0.0010 0.0016 0.0034 0.0690 0.0033 0.0015 0.0009 0.0006 0.0004 0.0003 0.0002 0.0001 0.0001 0.0001 0.0000 0.0000 0.0000 0.0000 1.0000 1.0000 1.0000 1.0000 1.0000 1.0000 1.0000 1.0000 0.9682 0.7047 0.5130 0.3713 0.2682 0.1934 0.1386 0.0992 0.0707 0.0503 0.0357 0.0253 0.0179 0.0127 0.0090 0.0064 0.0045 0.0032 0.0023 0.0016 0.0011 0.0008 0.0006 0.0004 0.0003 0.0000
0.0000 0.0005 0.0007 0.0011 0.0015 0.0020 0.0027 0.0037 0.0050 0.0067 0.0088 0.0112 0.0136 0.0161 0.0186 0.0215 0.0248 0.0289 0.0337 0.0398 0.0473 0.0568 0.0688 0.0841 0.1034 0.1280 0.1602 0.2020 0.2567 0.3293 0.4257 0.5556 0.7307 0.9663 1.0000 1.0000 1.0000 1.0000 1.0000 1.0000 1.0000 1.0000 0.0000 0.0000 0.0000 0.0000 0.0001 0.0001 0.0002 0.0003 0.0005 0.0010 0.0033 0.0596 0.0080 0.0038 0.0024 0.0016 0.0011 0.0008 0.0005 0.0004 0.0002 0.0002 0.0001 0.0001 0.0001 0.0000 0.0000 0.0000 0.0000 1.0000 1.0000 1.0000 1.0000 1.0000 1.0000 1.0000 1.0000 1.0000 0.8754 0.6275 0.4482 0.3189 0.2260 0.1605 0.1137 0.0806 0.0571 0.0405 0.0287 0.0203 0.0144 0.0102 0.0072 0.0051 0.0036 0.0025 0.0017 0.0012 0.0000
0.0000 0.0001 0.0002 0.0002 0.0003 0.0004 0.0006 0.0008 0.0011 0.0014 0.0018 0.0023 0.0027 0.0032 0.0037 0.0042 0.0048 0.0056 0.0066 0.0078 0.0093 0.0112 0.0136 0.0167 0.0207 0.0257 0.0323 0.0410 0.0522 0.0673 0.0875 0.1148 0.1516 0.2020 0.2713 0.3671 0.5024 0.6928 0.9645 1.0000 1.0000 1.0000 1.0000 1.0000 1.0000 1.0000 0.0000 0.0000 0.0000 0.0001 0.0002 0.0005 0.0015 0.0079 0.0683 0.0228 0.0108 0.0069 0.0047 0.0033 0.0023 0.0016 0.0011 0.0008 0.0005 0.0004 0.0003 0.0002 0.0001 0.0001 0.0001 0.0001 0.0000 0.0000 0.0000 0.0000 1.0000 1.0000 1.0000 1.0000 1.0000 1.0000 1.0000 1.0000 1.0000 0.7210 0.5110 0.3622 0.2567 0.1820 0.1290 0.0914 0.0648 0.0459 0.0325 0.0231 0.0163 0.0114 0.0075 0.0052 0.0000
0.0000 0.0000 0.0000 0.0000 0.0001 0.0001 0.0001 0.0002 0.0002 0.0003 0.0004 0.0005 0.0005 0.0006 0.0007 0.0008 0.0009 0.0011 0.0013 0.0015 0.0018 0.0022 0.0027 0.0033 0.0041 0.0052 0.0065 0.0083 0.0107 0.0138 0.0180 0.0238 0.0316 0.0424 0.0573 0.0782 0.1076 0.1496 0.2102 0.2983 0.4290 0.6240 0.9215 1.0000 1.0000 1.0000 1.0000 1.0000 0.0000 0.0000 0.0001 0.0002 0.0009 0.0038 0.0227 0.1244 0.0642 0.0313 0.0206 0.0142 0.0100 0.0070 0.0049 0.0035 0.0025 0.0018 0.0013 0.0009 0.0007 0.0005 0.0003 0.0003 0.0002 0.0001 0.0001 0.0001 0.0001 0.0000 0.0000 0.0000 0.0000 1.0000 1.0000 1.0000 1.0000 1.0000 1.0000 1.0000 1.0000 0.8174 0.5794 0.4106 0.2910 0.2063 0.1462 0.1036 0.0733 0.0512 0.0335 0.0234 0.0000
