-24.7466 -46.4111 31.4286 -30.8505 -48.2025 -14.5660 -36.8057 -3.4156 -23.4635 -42.5131 21.2773 -27.6446 -48.0415 19.4022 -32.5571 -42.7093 -18.9501 -38.7213 8.1445 -24.8254 -44.6331 28.0960 -29.3217 -48.7261 -6.4274 -34.6127 -24.9885 -21.7368 -40.6924 15.3324 -26.2647 -46.6447 31.2547 -31.0655 -47.8964 -15.2655 -37.0662 -1.4159 -23.6552 -42.7753 22.1352 -27.8468 -48.1827 15.8719 -32.7576 -41.3656 -19.3549 -38.9575 9.1826 -25.5082 -47.4253 -25.5087 9.1855 -38.9570 -19.3549 -41.3656 -32.7576 15.8719 -48.1827 -27.8468 22.1352 -42.7753 -23.6552 -1.4159 -37.0662 -15.2655 -47.8964 -31.0655 31.2547 -46.6447 -26.2647 15.3324 -40.6924 -21.7368 -24.9885 -34.6127 -6.4274 -48.7261 -29.3217 28.0960 -44.6331 -24.8254 8.1445 -38.7213 -18.9501 -42.7093 -32.5571 19.4022 -48.0415 -27.6446 21.2773 -42.5131 -23.4635 -3.4156 -36.8057 -14.5660 -48.2025 -30.8505 31.4286 -46.4111 -24.7466
-46.4111 33.6691 -30.8896 -48.0965 -12.7392 -35.6145 -3.3503 -25.2529 -42.0465 20.4804 -28.4970 -48.1569 31.5992 -31.9159 -42.4191 -19.4571 -37.8146 7.8021 -26.3470 -44.3772 27.6280 -29.7567 -48.7861 3.5495 -33.1348 -24.4968 -23.2246 -40.0281 14.7188 -27.4406 -46.5861 33.9896 -30.9929 -47.7967 -13.8689 -35.9075 -1.4481 -25.4389 -42.3356 21.3289 -28.6508 -48.3240 29.7664 -32.0240 -41.0406 -20.0278 -38.0832 8.7411 -26.4682 -44.2577 35.3892 -44.2549 -26.4685 8.7487 -38.0824 -20.0278 -41.0406 -32.0240 29.7664 -48.3240 -28.6508 21.3289 -42.3356 -25.4389 -1.4481 -35.9075 -13.8689 -47.7967 -30.9929 33.9896 -46.5861 -27.4406 14.7188 -40.0281 -23.2246 -24.4968 -33.1348 3.5495 -48.7861 -29.7567 27.6280 -44.3772 -26.3470 7.8021 -37.8146 -19.4571 -42.4191 -31.9159 31.5992 -48.1569 -28.4970 20.4804 -42.0465 -25.2529 -3.3503 -35.6145 -12.7392 -48.0965 -30.8896 33.6691 -46.4111
31.4286 -30.8896 -48.1816 -12.0643 -35.4114 -4.9353 -25.0869 -41.8169 19.8138 -28.4999 -48.0127 32.7538 -32.2229 -43.3784 -18.9826 -37.6037 7.0136 -26.2550 -44.1500 26.9058 -29.8330 -48.8193 6.9110 -33.0254 -26.9785 -22.9349 -39.8056 14.0807 -27.3931 -46.3821 33.5736 -31.1719 -48.0590 -12.9505 -35.6629 -2.9982 -25.2807 -42.1060 20.6544 -28.6613 -48.1935 31.3176 -32.3534 -42.1507 -19.5849 -37.8703 7.9921 -26.3889 -44.4288 26.6415 -34.2007 27.0682 -44.4655 -26.3887 8.0041 -37.8699 -19.5849 -42.1507 -32.3534 31.3176 -48.1935 -28.6613 20.6544 -42.1060 -25.2807 -2.9982 -35.6629 -12.9505 -48.0590 -31.1719 33.5736 -46.3821 -27.3931 14.0807 -39.8056 -22.9349 -26.9785 -33.0254 6.9110 -48.8193 -29.8330 26.9058 -44.1500 -26.2550 7.0136 -37.6037 -18.9826 -43.3784 -32.2229 32.7538 -48.0127 -28.4999 19.8138 -41.8169 -25.0869 -4.9353 -35.4114 -12.0643 -48.1816 -30.8896 31.4286
-30.8505 -48.0965 -12.0643 -35.3251 -6.0652 -24.9534 -41.6169 19.1894 -28.3810 -47.8609 33.5755 -32.1114 -44.2410 -18.4664 -37.3948 6.1894 -26.1492 -43.9184 26.1712 -29.7030 -48.8240 10.3966 -32.9754 -29.3532 -22.6199 -39.5848 13.4416 -27.2728 -46.1708 33.0633 -31.0473 -48.2729 -11.9429 -35.4097 -4.7164 -25.1183 -41.8733 19.9769 -28.5348 -48.0513 32.4899 -32.2466 -43.1541 -19.1033 -37.6593 7.2159 -26.2826 -44.1279 26.4933 -35.3350 -40.9364 -31.3983 27.1398 -44.2005 -26.2802 7.2237 -37.6591 -19.1025 -43.1541 -32.2469 32.4950 -48.0519 -28.5348 19.9769 -41.8733 -25.1183 -4.7164 -35.4097 -11.9429 -48.2729 -31.0473 33.0633 -46.1708 -27.2728 13.4416 -39.5848 -22.6199 -29.3532 -32.9754 10.3966 -48.8240 -29.7030 26.1712 -43.9184 -26.1492 6.1894 -37.3948 -18.4664 -44.2410 -32.1114 33.5755 -47.8609 -28.3810 19.1894 -41.6169 -24.9534 -6.0652 -35.3251 -12.0643 -48.0965 -30.8505
-48.2025 -12.7392 -35.4114 -6.0652 -24.8986 -41.4985 18.7243 -28.2826 -47.7166 34.1246 -31.9965 -45.0011 -17.9127 -37.1884 5.3247 -26.0442 -43.6826 25.4293 -29.5748 -48.8059 13.9140 -32.9065 -31.5940 -22.2858 -39.3662 12.8013 -27.1522 -45.9531 32.4862 -30.9217 -48.4425 -10.8226 -35.1487 -6.6184 -24.9394 -41.6377 19.2966 -28.4105 -47.9004 33.3762 -32.1281 -44.0534 -18.5871 -37.4499 6.4074 -26.1774 -43.9536 25.7676 -37.1631 11.5106 -26.8897 -48.7564 -30.0242 26.3292 -43.9772 -26.1687 6.4719 -37.4744 -18.3934 -44.0586 -32.1166 33.3860 -47.9010 -28.4105 19.2966 -41.6377 -24.9394 -6.6184 -35.1487 -10.8226 -48.4425 -30.9217 32.4862 -45.9531 -27.1522 12.8013 -39.3662 -22.2858 -31.5940 -32.9065 13.9140 -48.8059 -29.5748 25.4293 -43.6826 -26.0442 5.3247 -37.1884 -17.9127 -45.0011 -31.9965 34.1246 -47.7166 -28.2826 18.7243 -41.4985 -24.8986 -6.0652 -35.4114 -12.7392 -48.2025
-14.5660 -35.6145 -4.9353 -24.9534 -41.4985 18.5508 -28.2231 -47.6057 34.4305 -31.8873 -45.6333 -17.3458 -36.9889 4.4217 -25.9408 -43.4461 24.6916 -29.4498 -48.7676 17.2738 -32.8276 -33.6590 -21.9355 -39.1515 12.1631 -27.0332 -45.7327 31.8616 -30.7931 -48.5724 -9.5598 -34.8822 -8.7057 -24.7456 -41.4023 18.6219 -28.2893 -47.7433 34.0056 -32.0043 -44.8462 -18.0368 -37.2487 5.6095 -26.0669 -43.7760 25.1592 -34.8129 10.2509 -40.9679 -27.4054 -0.2626 -48.6492 -29.6991 25.2450 -43.5948 -25.9480 6.8865 -38.6697 -17.5877 -45.0892 -31.9618 34.0159 -47.7439 -28.2893 18.6219 -41.4023 -24.7456 -8.7057 -34.8822 -9.5598 -48.5724 -30.7931 31.8616 -45.7327 -27.0332 12.1631 -39.1515 -21.9355 -33.6590 -32.8276 17.2738 -48.7676 -29.4498 24.6916 -43.4461 -25.9408 4.4217 -36.9889 -17.3458 -45.6333 -31.8873 34.4305 -47.6057 -28.2231 18.5508 -41.4985 -24.9534 -4.9353 -35.6145 -14.5660
-36.8057 -3.3503 -25.0869 -41.6169 18.7243 -28.2231 -47.5620 34.5557 -31.8080 -46.0933 -16.8115 -36.8092 3.5171 -25.8407 -43.2086 23.9503 -29.3291 -48.7110 20.3523 -32.7338 -35.5708 -21.5632 -38.9404 11.5239 -26.9167 -45.5101 31.2007 -30.6576 -48.6673 -8.0952 -34.6151 -10.9356 -24.5388 -41.1632 17.9407 -28.1731 -47.5810 34.4131 -31.8689 -45.5540 -17.4387 -37.0602 4.5188 -26.7367 -42.2636 24.3170 -31.2295 -40.9202 -34.3723 12.1872 8.2772 -34.4661 14.8878 -48.9712 -29.8704 21.0740 -41.5840 20.6402 31.8461 -40.8655 -17.3198 -45.9326 -31.8287 34.4194 -47.5820 -28.1731 17.9407 -41.1632 -24.5388 -10.9356 -34.6151 -8.0952 -48.6673 -30.6576 31.2007 -45.5101 -26.9167 11.5239 -38.9404 -21.5632 -35.5708 -32.7338 20.3523 -48.7110 -29.3291 23.9503 -43.2086 -25.8407 3.5171 -36.8092 -16.8115 -46.0933 -31.8080 34.5557 -47.5620 -28.2231 18.7243 -41.6169 -25.0869 -3.3503 -36.8057
-3.4156 -25.2529 -41.8169 19.1894 -28.2826 -47.6057 34.5557 -31.7821 -46.3327 -16.4109 -36.6696 2.7073 -25.7505 -42.9768 23.2204 -29.2158 -48.6401 23.0795 -32.6225 -37.3263 -21.1668 -38.7307 10.8755 -26.8038 -45.2890 30.5232 -30.5118 -48.7294 -6.3450 -34.3528 -13.2388 -24.3219 -40.9168 17.2414 -28.0651 -47.4196 34.6302 -31.7126 -46.1879 -16.7793 -36.8768 3.3176 -27.9610 -47.6501 -17.8623 -25.6372 -49.2765 -20.8130 -48.8941 -24.4555 -44.5102 16.0255 -34.8191 23.6069 -48.4685 -27.1889 -26.3018 -28.2978 -48.2699 27.2817 -42.5739 -16.6143 -46.3486 -31.7151 34.6322 -47.4201 -28.0651 17.2414 -40.9168 -24.3219 -13.2388 -34.3528 -6.3450 -48.7294 -30.5118 30.5232 -45.2890 -26.8038 10.8755 -38.7307 -21.1668 -37.3263 -32.6225 23.0795 -48.6401 -29.2158 23.2204 -42.9768 -25.7505 2.7073 -36.6696 -16.4109 -46.3327 -31.7821 34.5557 -47.6057 -28.2826 19.1894 -41.8169 -25.2529 -3.4156
-23.4635 -42.0465 19.8138 -28.3810 -47.7166 34.4305 -31.8080 -46.3327 -16.2634 -36.5924 2.1262 -25.6813 -42.7784 22.5577 -29.1173 -48.5616 25.3848 -32.5007 -38.9266 -20.7440 -38.5220 10.2120 -26.6955 -45.0716 29.8423 -30.3515 -48.7583 -4.2212 -34.1038 -15.5045 -24.0999 -40.6591 16.5120 -27.9681 -47.2617 34.6969 -31.5321 -46.7571 -16.0341 -36.6955 2.6336 -27.5349 -48.6680 -29.5500 4.6989 -39.3920 33.1856 -40.7540 28.0486 -44.5136 29.6583 -36.7151 -10.8801 -33.6713 33.9375 -44.3924 -14.9191 -47.3033 16.4426 -44.3341 33.2719 -39.6596 -15.5591 -46.7204 -31.5457 34.6968 -47.2617 -27.9681 16.5120 -40.6591 -24.0999 -15.5045 -34.1038 -4.2212 -48.7583 -30.3515 29.8423 -45.0716 -26.6955 10.2120 -38.5220 -20.7440 -38.9266 -32.5007 25.3848 -48.5616 -29.1173 22.5577 -42.7784 -25.6813 2.1262 -36.5924 -16.2634 -46.3327 -31.8080 34.4305 -47.7166 -28.3810 19.8138 -42.0465 -23.4635
-42.5131 20.4804 -28.4999 -47.8609 34.1246 -31.8873 -46.0933 -16.4109 -36.5924 1.9097 -25.6431 -42.6442 22.0524 -29.0390 -48.4837 27.1691 -32.3662 -40.3410 -20.2918 -38.3134 9.5276 -26.5940 -44.8621 29.1793 -30.1665 -48.7530 -1.5087 -33.8869 -17.5648 -23.8819 -40.3807 15.7241 -27.8926 -47.1158 34.6535 -31.3068 -47.2741 -15.1500 -36.5332 2.1621 -26.0113 -45.5797 -19.5139 -43.9894 -33.0567 2.5045 -34.9384 10.0065 -36.8833 17.1630 -36.3596 -19.7188 -29.1998 -44.4779 -31.9858 18.6216 -39.4616 31.6216 -41.4219 26.7078 -40.1489 16.4487 -36.8023 -15.1643 -47.2539 -31.3078 34.6533 -47.1158 -27.8926 15.7241 -40.3807 -23.8819 -17.5648 -33.8869 -1.5087 -48.7530 -30.1665 29.1793 -44.8621 -26.5940 9.5276 -38.3134 -20.2918 -40.3410 -32.3662 27.1691 -48.4837 -29.0390 22.0524 -42.6442 -25.6431 1.9097 -36.5924 -16.4109 -46.0933 -31.8873 34.1246 -47.8609 -28.4999 20.4804 -42.5131
21.2773 -28.4970 -48.0127 33.5755 -31.9965 -45.6333 -16.8115 -36.6696 2.1262 -25.6431 -42.5961 21.7743 -28.9872 -48.4197 28.4277 -32.2396 -41.5191 -19.8337 -38.1138 8.8314 -26.5001 -44.6674 28.5714 -29.9463 -48.7887 2.1545 -33.7370 -19.0832 -23.6922 -40.0710 14.8449 -27.8578 -47.0086 34.5593 -31.0100 -47.7400 -14.0307 -36.4226 1.5742 -25.5165 -43.0547 35.1076 -46.3556 -20.8523 -48.4675 -26.8843 -47.2499 -28.7153 -37.7674 -30.3543 -41.9831 -25.4575 -47.6274 -16.9970 -49.0699 -28.8230 -6.4707 -34.7447 8.4571 -36.0391 2.4795 -33.8760 3.1872 -36.1596 -14.1055 -47.7482 -31.0078 34.5593 -47.0086 -27.8578 14.8449 -40.0710 -23.6922 -19.0832 -33.7370 2.1545 -48.7887 -29.9463 28.5714 -44.6674 -26.5001 8.8314 -38.1138 -19.8337 -41.5191 -32.2396 28.4277 -48.4197 -28.9872 21.7743 -42.5961 -25.6431 2.1262 -36.6696 -16.8115 -45.6333 -31.9965 33.5755 -48.0127 -28.4970 21.2773
-27.6446 -48.1569 32.7538 -32.1114 -45.0011 -17.3458 -36.8092 2.7073 -25.6813 -42.6442 21.7743 -28.9698 -48.3832 29.1772 -32.1389 -42.3936 -19.4184 -37.9341 8.1581 -26.4138 -44.4870 28.0224 -29.7023 -48.8534 6.9856 -33.8850 -19.6896 -23.5676 -39.7211 13.8404 -27.8917 -46.9744 34.4909 -30.6136 -48.1461 -12.5608 -36.4008 1.3418 -25.4113 -41.9493 26.2005 -40.4366 35.1680 -44.3767 2.1967 -45.5060 -8.0925 -46.4935 -16.5760 -47.7452 -14.8344 -45.6936 33.9278 -41.2699 31.5119 -45.5940 -21.0743 -49.1356 -26.5640 -46.6324 -26.5882 -48.9387 -28.0037 -0.7512 -36.3791 -12.5408 -48.1507 -30.6170 34.4908 -46.9744 -27.8917 13.8404 -39.7211 -23.5676 -19.6896 -33.8850 6.9856 -48.8534 -29.7023 28.0224 -44.4870 -26.4138 8.1581 -37.9341 -19.4184 -42.3936 -32.1389 29.1772 -48.3832 -28.9698 21.7743 -42.6442 -25.6813 2.7073 -36.8092 -17.3458 -45.0011 -32.1114 32.7538 -48.1569 -27.6446
-48.0415 31.5992 -32.2229 -44.2410 -17.9127 -36.9889 3.5171 -25.7505 -42.7784 22.0524 -28.9872 -48.3832 29.4166 -32.0779 -42.9375 -19.0910 -37.7873 7.5524 -26.3377 -44.3234 27.5216 -29.4590 -48.8594 12.5062 -34.3412 -19.0901 -23.5457 -39.3520 12.7548 -28.0347 -47.0656 34.4815 -30.0955 -48.4540 -10.6515 -36.5303 2.0631 -25.3333 -41.5778 19.6039 -35.8610 10.3987 -38.6463 23.4116 -39.8187 28.6363 -40.4321 31.8879 -41.4296 34.2587 -41.3385 28.7206 -39.6307 16.6726 -37.2235 23.9034 -40.2832 31.8569 -43.9792 1.9236 -44.6872 15.5294 -44.2255 -25.5045 2.0204 -36.5715 -10.4094 -48.4474 -30.1102 34.4817 -47.0661 -28.0347 12.7548 -39.3518 -23.5461 -19.0900 -34.3262 12.5069 -48.8594 -29.4590 27.5216 -44.3234 -26.3377 7.5524 -37.7873 -19.0910 -42.9375 -32.0779 29.4166 -48.3832 -28.9872 22.0524 -42.7784 -25.7505 3.5171 -36.9889 -17.9127 -44.2410 -32.2229 31.5992 -48.0415
19.4022 -31.9159 -43.3784 -18.4664 -37.1884 4.4217 -25.8407 -42.9768 22.5577 -29.0390 -48.4197 29.1772 -32.0779 -43.1333 -18.9003 -37.6930 7.0915 -26.2757 -44.1848 27.0829 -29.2410 -48.8176 17.6847 -34.8841 -17.1169 -23.6497 -39.0344 11.8213 -28.2631 -47.3635 34.2371 -29.4802 -48.6314 -8.5706 -36.4044 4.0557 -25.2656 -41.3056 18.0379 -31.5855 -41.7371 -31.4529 -14.0359 -34.2787 3.4824 -35.4133 7.5785 -36.1421 10.7828 -36.5026 10.3400 -35.8538 0.8231 -33.3740 -25.7195 -32.5598 3.5779 -35.3882 17.8554 -37.6879 22.4878 -38.5753 26.4620 -41.5442 -25.1872 9.6834 -37.5156 -8.7979 -48.6246 -29.4908 34.2391 -47.3268 -28.3314 11.7695 -39.0233 -23.6779 -17.8933 -34.8355 17.6866 -48.8176 -29.2410 27.0829 -44.1848 -26.2757 7.0915 -37.6930 -18.9003 -43.1333 -32.0779 29.1772 -48.4197 -29.0390 22.5577 -42.9768 -25.8407 4.4217 -37.1884 -18.4664 -43.3784 -31.9159 19.4022
-32.5571 -42.4191 -18.9826 -37.3948 5.3247 -25.9408 -43.2086 23.2204 -29.1173 -48.4837 28.4277 -32.1389 -42.9375 -18.9003 -37.6610 6.8502 -26.2357 -44.0822 26.7394 -29.0697 -48.7518 21.7460 -35.4474 -14.0039 -23.8703 -38.8166 11.0064 -31.0334 -47.6878 33.6475 -29.1268 -48.6753 -7.5540 -36.3765 31.3939 -12.4098 -41.2234 18.1940 -29.7028 -48.7652 -19.2649 -48.6641 -23.6183 -48.8283 -26.4439 -47.1648 -28.0369 -44.4468 -29.0763 -42.4595 -28.9112 -45.6575 -26.7046 -49.0081 -22.3248 -48.7615 -24.6772 -46.9372 -29.5776 -25.8295 -32.4836 -11.4263 -33.7529 14.0897 -38.9690 12.3657 -30.5619 -40.1829 -7.6164 -48.6770 -28.8906 32.3425 -47.9831 -28.3831 11.1140 -35.9505 -23.9772 -15.8199 -35.3909 21.7463 -48.7517 -29.0697 26.7394 -44.0822 -26.2357 6.8502 -37.6610 -18.9003 -42.9375 -32.1389 28.4277 -48.4837 -29.1173 23.2204 -43.2086 -25.9408 5.3247 -37.3948 -18.9826 -42.4191 -32.5571
-42.7093 -19.4571 -37.6037 6.1894 -26.0442 -43.4461 23.9503 -29.2158 -48.5616 27.1691 -32.2396 -42.3936 -19.0910 -37.6930 6.8502 -26.2226 -44.0296 26.5178 -28.9538 -48.6858 24.4527 -35.9576 -10.3750 -24.1584 -38.6594 10.4828 -34.2203 -26.4338 19.4626 -30.1177 -48.6074 -10.1734 -37.7557 30.7395 -47.1477 -32.6618 5.6258 -29.0069 -48.5118 19.2954 -41.3789 34.9307 -43.5477 17.1050 -44.6057 -3.3956 -45.6954 -11.4096 -46.5461 -13.5349 -46.4711 -9.2936 -45.1986 20.2821 -42.8844 35.0629 -42.3505 4.9044 -45.9918 -18.1533 -48.5445 -22.4555 -49.1535 -27.6452 -27.5607 -31.2570 -43.2441 17.1170 -38.7654 -8.8790 -48.5476 -29.5060 33.9959 -45.1068 -13.6850 -41.2806 -42.0682 -24.2364 -11.7177 -35.9262 24.4494 -48.6857 -28.9538 26.5178 -44.0296 -26.2226 6.8502 -37.6930 -19.0910 -42.3936 -32.2396 27.1691 -48.5616 -29.2158 23.9503 -43.4461 -26.0442 6.1894 -37.6037 -19.4571 -42.7093
-18.9501 -37.8146 7.0136 -26.1492 -43.6826 24.6916 -29.3291 -48.6401 25.3848 -32.3662 -41.5191 -19.4184 -37.7873 7.0915 -26.2357 -44.0296 26.4395 -28.8971 -48.6402 26.0463 -36.3518 -7.0683 -24.4313 -38.5242 10.1472 -33.3211 0.0512 -40.9037 -10.1514 -47.5951 9.9722 -38.3632 16.0278 -40.5029 -18.4837 -49.2953 -21.8683 -46.1745 34.8566 -35.8133 13.7298 -37.3484 18.4415 -38.1998 23.0953 -39.0517 27.1434 -39.9555 29.6529 -40.2550 29.2523 -39.6777 24.6965 -38.3274 17.0161 -36.6928 15.1609 -36.8098 25.4776 -40.2069 34.6721 -42.1193 31.1436 -44.0424 -13.0720 -46.8903 -7.8980 -40.3712 19.3953 -38.7000 -16.3015 -48.5588 -30.3795 14.3268 -36.5806 15.2520 -22.1596 -43.6049 -24.3696 -7.6292 -36.3207 26.0366 -48.6393 -28.8971 26.4395 -44.0296 -26.2357 7.0915 -37.7873 -19.4184 -41.5191 -32.3662 25.3848 -48.6401 -29.3291 24.6916 -43.6826 -26.1492 7.0136 -37.8146 -18.9501
-38.7213 7.8021 -26.2550 -43.9184 25.4293 -29.4498 -48.7110 23.0795 -32.5007 -40.3410 -19.8337 -37.9341 7.5524 -26.2757 -44.0822 26.5178 -28.8971 -48.6251 26.7621 -36.5804 -4.8579 -24.6161 -38.5321 11.5291 -32.0315 -46.6727 -32.5965 15.1686 -39.2120 24.6964 -34.9392 -0.4252 -33.8806 16.6062 -41.3834 34.8075 -40.1323 21.9511 -32.3196 -34.0607 -30.3665 -35.0598 -31.5560 -19.0984 -33.0702 -4.8080 -34.1175 1.6724 -34.5743 3.0792 -34.4146 -0.8271 -33.3150 -18.9419 -31.0152 -40.2013 -29.8249 -33.5966 -32.2442 1.1980 -34.9491 11.5762 -36.3852 18.8281 -37.9063 25.4734 -38.1048 12.1101 -33.7863 20.6429 -48.6693 -26.1553 -48.6652 -27.6314 -43.8015 -26.1994 -47.8872 35.4430 -39.2629 -24.4781 -5.8214 -36.5268 26.7517 -48.6232 -28.8971 26.5178 -44.0822 -26.2757 7.5524 -37.9341 -19.8337 -40.3410 -32.5007 23.0795 -48.7110 -29.4498 25.4293 -43.9184 -26.2550 7.8021 -38.7213
8.1445 -26.3470 -44.1500 26.1712 -29.5748 -48.7676 20.3523 -32.6225 -38.9266 -20.2918 -38.1138 8.1581 -26.3377 -44.1848 26.7394 -28.9538 -48.6402 26.7589 -36.6398 -4.1125 -24.6997 -38.6973 15.7050 -35.7910 -41.8345 -25.7000 -47.5536 -30.7776 -17.8811 -29.9647 -46.7670 -25.5135 -48.1185 -31.4007 2.9450 -33.5863 -7.1567 -28.6180 -49.1604 -18.8833 -46.9634 -17.3918 -48.0852 -20.9635 -48.9385 -23.3695 -49.1694 -24.6765 -49.0521 -24.8785 -49.1447 -23.8067 -49.0168 -20.6726 -47.5846 -14.6901 -46.2177 -16.6513 -48.2794 -23.5372 -48.7338 -27.4471 -42.8170 -30.2520 -25.5395 -31.8250 -23.9528 -29.1287 -48.9314 -19.4364 -40.8282 7.0578 -27.7170 -48.3027 -16.1871 -45.6367 35.6428 -38.3278 15.6123 -38.9532 -24.6019 -5.3257 -36.5929 26.7534 -48.6393 -28.9538 26.7394 -44.1848 -26.3377 8.1581 -38.1138 -20.2918 -38.9266 -32.6225 20.3523 -48.7676 -29.5748 26.1712 -44.1500 -26.3470 8.1445
-24.8254 -44.3772 26.9058 -29.7030 -48.8059 17.2738 -32.7338 -37.3263 -20.7440 -38.3134 8.8314 -26.4138 -44.3234 27.0829 -29.0697 -48.6858 26.0407 -36.5577 -4.4516 -24.7179 -38.8061 17.9051 -39.4061 26.1416 -28.2927 -49.0157 -16.8908 -48.2160 -18.9631 -46.4802 -0.6076 -43.0367 -8.6353 -48.4830 -22.5178 -49.0224 -19.0297 -45.0322 33.2694 -40.1849 31.2842 -40.8022 34.3109 -41.8411 35.3103 -42.7424 31.5482 -43.2915 27.6806 -43.3378 30.4468 -42.7752 35.2797 -41.5380 32.6231 -39.9820 28.4294 -39.8481 33.8619 -41.9706 24.4270 -44.3601 -8.7593 -46.4293 -17.4019 -47.8122 -17.7526 -46.4976 16.2174 -41.7559 22.1949 -33.7696 -47.8592 -14.5637 -44.1055 33.1788 -38.8842 3.2739 -33.9293 12.8364 -39.4354 -24.6223 -5.0639 -36.5384 26.0385 -48.6857 -29.0697 27.0829 -44.3234 -26.4138 8.8314 -38.3134 -20.7440 -37.3263 -32.7338 17.2738 -48.8059 -29.7030 26.9058 -44.3772 -24.8254
-44.6331 27.6280 -29.8330 -48.8240 13.9140 -32.8276 -35.5708 -21.1668 -38.5220 9.5276 -26.5001 -44.4870 27.5216 -29.2410 -48.7518 24.4503 -36.3241 -5.3678 -24.6725 -38.8024 15.7488 -39.0675 35.6348 -48.2839 -39.2220 35.2584 -42.2221 35.0899 -41.0456 29.1771 -38.9488 25.2798 -40.5468 34.9201 -42.0591 34.2982 -39.2362 20.3023 -35.1919 5.9545 -34.8774 6.8538 -35.5331 10.8827 -36.2305 14.1305 -36.7323 16.0678 -36.8887 16.1171 -36.6557 13.9492 -36.0251 9.5358 -35.0626 2.9049 -34.2612 1.8227 -34.7244 11.0831 -36.2245 19.6354 -38.0564 26.7091 -39.7810 30.7963 -40.1338 26.8021 -37.8573 12.9356 -33.4824 -43.8827 -19.9043 -45.0271 33.5532 -39.4881 6.6272 -31.8251 -47.0917 -31.7041 13.2282 -39.1285 -24.6160 -5.5111 -36.3310 24.4519 -48.7516 -29.2410 27.5216 -44.4870 -26.5001 9.5276 -38.5220 -21.1668 -35.5708 -32.8276 13.9140 -48.8240 -29.8330 27.6280 -44.6331
28.0960 -29.7567 -48.8193 10.3966 -32.9065 -33.6590 -21.5632 -38.7307 10.2120 -26.5940 -44.6674 28.0224 -29.4590 -48.8176 21.7478 -35.9071 -7.9441 -24.4200 -38.8982 13.6149 -36.7183 19.2718 -44.0964 -22.0898 7.3158 -36.4974 12.7959 -36.4900 9.4022 -37.0031 11.6786 -38.1915 11.0331 -36.4410 9.5276 -34.1867 -8.4760 -30.0429 -46.7029 -26.4302 -48.4739 -26.6201 -47.0645 -27.9547 -44.1737 -29.1503 -40.4175 -29.8436 -38.5705 -29.8186 -40.6977 -28.9838 -45.0200 -27.4013 -48.1355 -25.5364 -49.0548 -25.0388 -48.6968 -27.2967 -42.8277 -30.4231 -22.0724 -32.7173 -3.4725 -33.7459 -1.1391 -32.9953 -25.0859 -28.9316 -48.7727 -17.5648 -44.1984 33.3043 -39.8758 9.2615 -32.7641 -47.4644 -25.1165 -47.0735 -34.0694 14.6996 -39.0346 -24.5252 -7.3176 -35.9562 21.7521 -48.8175 -29.4590 28.0224 -44.6674 -26.5940 10.2120 -38.7307 -21.5632 -33.6590 -32.9065 10.3966 -48.8193 -29.7567 28.0960
-29.3217 -48.7861 6.9110 -32.9754 -31.5940 -21.9355 -38.9404 10.8755 -26.6955 -44.8621 28.5714 -29.7023 -48.8594 17.6870 -35.3667 -12.5921 -24.6672 -39.9971 22.7815 -37.1286 3.3031 -38.2177 33.9452 -47.1739 -25.8573 -43.4664 -29.9016 -37.7117 -33.8260 5.2084 -38.7670 27.3973 -32.3815 -37.4975 -27.6971 -49.1541 -21.3824 -46.3189 -2.1856 -43.7381 12.6537 -44.2178 0.1482 -45.0434 -9.0268 -45.9949 -13.1784 -46.5519 -14.4034 -46.5544 -13.0688 -45.9292 -7.6878 -44.8317 8.1666 -43.7885 25.1350 -43.3292 18.7768 -44.3118 -9.0926 -46.6154 -18.6328 -48.4785 -22.1104 -49.0933 -22.6803 -48.8216 -18.9949 -46.2951 12.2052 -41.9140 28.7386 -39.3400 9.3368 -33.6676 -45.0636 -25.1154 -48.5394 -31.4992 2.5277 -38.0792 21.6686 -39.0029 -24.3627 -10.3969 -35.4506 17.6894 -48.8594 -29.7023 28.5714 -44.8621 -26.6955 10.8755 -38.9404 -21.9355 -31.5940 -32.9754 6.9110 -48.7861 -29.3217
-48.7261 3.5495 -33.0254 -29.3532 -22.2858 -39.1515 11.5239 -26.8038 -45.0716 29.1793 -29.9463 -48.8534 12.5068 -34.8216 -16.4661 -24.7373 -45.4072 13.4542 -41.3030 21.2441 -37.5840 10.4172 -39.5044 35.8356 -45.4649 -15.6584 -48.0525 -26.7106 -27.1357 -37.3434 33.6891 -49.9281 -32.5556 13.4794 -43.8841 32.1306 -40.7593 27.9212 -38.0531 20.9220 -38.0896 21.8887 -38.3778 24.4723 -39.1017 27.0868 -39.6840 28.7951 -39.9414 28.9344 -39.7750 27.2321 -39.1491 23.9414 -38.3152 20.1606 -37.7632 18.2480 -37.5006 21.0625 -38.3917 27.8181 -40.2431 33.8767 -41.5809 35.3240 -42.0401 35.2465 -41.1745 32.5127 -41.2223 30.2833 -40.0504 13.0344 -35.4453 -39.2679 -26.4798 -48.7228 -30.7188 4.8992 -39.3616 29.6725 -42.0797 23.2687 -38.8004 -24.1303 -13.9808 -34.8847 12.5062 -48.8534 -29.9463 29.1793 -45.0716 -26.8038 11.5239 -39.1515 -22.2858 -29.3532 -33.0254 3.5495 -48.7261
-6.4274 -33.1348 -26.9785 -22.6199 -39.3662 12.1631 -26.9167 -45.2890 29.8423 -30.1665 -48.7887 6.9856 -34.3231 -18.0833 -24.2082 -43.7709 -26.3744 -48.8354 -8.6007 -41.7916 19.8630 -38.0979 16.9536 -40.6056 35.9837 -43.0329 -7.9106 -48.6791 -31.2719 14.1758 -42.8026 -21.9784 -15.8333 -34.8055 14.4621 -35.2008 5.7034 -33.4669 -14.1854 -32.5539 -18.1403 -32.7671 -11.7301 -33.3639 -4.8086 -33.9438 -0.3054 -34.3281 1.5533 -34.4350 0.7968 -34.1816 -3.4444 -33.4543 -13.5593 -32.3562 -25.9637 -31.5816 -28.1464 -32.4264 -13.6981 -33.6436 1.5649 -34.6407 8.2090 -35.3481 10.6689 -35.9508 14.2300 -38.7657 28.0877 -43.9446 31.3066 -39.1564 1.2848 -31.0207 -48.5423 -28.8593 -6.2194 -38.7642 33.4591 -45.4729 -15.7078 -38.4205 17.0933 -38.7520 -23.8637 -17.1007 -34.3412 6.9856 -48.7887 -30.1665 29.8423 -45.2890 -26.9167 12.1631 -39.3662 -22.6199 -26.9785 -33.1348 -6.4274
-34.6127 -24.4968 -22.9349 -39.5848 12.8013 -27.0332 -45.5101 30.5232 -30.3515 -48.7530 2.1545 -33.8850 -19.0829 -23.6749 -35.9426 -43.7580 21.1734 -30.9775 -48.7195 23.2941 -40.9207 19.9321 -40.0833 34.0458 -43.5973 14.6949 -44.9933 -20.1285 -43.1741 -35.5610 28.3607 -45.4403 -22.8431 -47.5389 -27.0320 -47.9494 -25.0234 -49.0960 -22.1083 -48.7084 -21.5743 -48.8347 -22.4301 -49.0483 -23.5109 -49.1431 -24.4342 -49.0671 -24.9473 -48.9990 -24.8777 -49.0905 -24.0481 -49.0939 -22.3498 -48.6592 -20.3318 -48.0980 -22.3241 -48.6998 -27.0898 -48.6245 -25.9248 -48.5023 -26.2850 -47.5281 -27.3419 -46.0048 -28.3777 -41.2126 -48.7277 -16.1045 -44.1024 25.1030 -36.6991 -33.3040 -29.2453 -36.4475 -36.4284 26.3673 -44.2567 -22.0452 -14.9188 -37.7567 -29.0503 11.1596 -38.7974 -23.6516 -19.0829 -33.8850 2.1545 -48.7530 -30.3515 30.5232 -45.5101 -27.0332 12.8013 -39.5848 -22.9349 -24.4968 -34.6127
-24.9885 -23.2246 -39.8056 13.4416 -27.1522 -45.7327 31.2007 -30.5118 -48.7583 -1.5087 -33.7370 -19.6896 -23.5466 -39.0197 11.0031 -16.3239 -38.8589 -9.0117 -25.6082 -46.2156 35.8004 -41.2110 35.3196 -45.9962 -20.2900 -48.6221 -19.6543 -47.5340 -25.8684 -23.2456 -36.7887 28.0774 -42.4699 16.7850 -44.1306 17.1447 -43.0537 34.0385 -42.3444 35.5147 -42.3853 35.2847 -42.6417 34.0592 -43.0135 30.8625 -43.4138 26.2565 -43.6933 23.8704 -43.7164 26.8963 -43.3814 32.8119 -42.6848 35.5275 -42.0150 30.6287 -47.0430 -27.7374 -46.4874 -24.5155 -47.4156 -12.0043 -44.5766 1.2608 -44.3839 -1.7586 -44.6575 6.4942 -31.2878 -48.2072 3.7477 -40.6621 11.4931 -33.8534 -40.2026 -33.9049 15.4141 -41.5216 -5.8146 -48.7270 -33.0902 25.9593 -49.2421 -29.4790 11.1304 -39.0191 -23.5466 -19.6896 -33.7370 -1.5087 -48.7583 -30.5118 31.2007 -45.7327 -27.1522 13.4416 -39.8056 -23.2246 -24.9885
-21.7368 -40.0281 14.0807 -27.2728 -45.9531 31.8616 -30.6576 -48.7294 -4.2212 -33.8869 -19.0832 -23.5676 -39.3517 11.7840 -28.2004 -44.9659 23.5952 -34.5427 -45.7083 -18.9481 -43.9835 35.8578 -44.6777 -23.9124 -23.6512 -31.7593 -42.2201 -24.6612 -48.1108 -26.7039 -30.3142 -34.3533 13.1005 -36.7179 18.2034 -36.8398 15.9216 -36.7373 13.8040 -36.7593 13.8582 -36.8967 14.7608 -37.1205 16.1505 -37.4314 17.7349 -37.7339 18.8886 -37.8852 18.9398 -37.7688 17.5177 -37.3240 14.9163 -36.7072 13.1532 -36.1415 12.3230 8.2843 -34.1210 -43.4998 -23.4840 -46.6142 32.0173 -40.4866 26.3981 -38.7037 21.8404 -36.4801 -17.2414 -23.2944 -44.5152 28.2633 -38.4113 0.1979 -34.4183 3.1447 -39.4474 32.4745 -48.1096 -29.3244 -3.8058 -37.0131 28.5500 -48.1457 -28.6862 11.7599 -39.3517 -23.5676 -19.0832 -33.8869 -4.2212 -48.7294 -30.6576 31.8616 -45.9531 -27.2728 14.0807 -40.0281 -21.7368
-40.6924 14.7188 -27.3931 -46.1708 32.4862 -30.7931 -48.6673 -6.3450 -34.1038 -17.5648 -23.6922 -39.7211 12.7783 -28.0820 -46.3297 24.9062 -39.1535 13.7637 -32.4841 -48.6230 -6.2369 -42.5279 -3.5330 -45.8597 -36.9195 21.6805 -35.4092 -39.2091 -22.0364 -46.7585 -22.1427 -48.2419 -28.4238 -38.7261 -30.2335 -36.7565 -30.1428 -39.7412 -29.8582 -40.0939 -29.9610 -38.7801 -30.3188 -36.1570 -30.8567 -31.8317 -31.4610 -26.8995 -31.8869 -24.3839 -31.8851 -27.0278 -31.3066 -34.1508 -30.2470 -40.7117 -29.1793 -44.0346 -25.3772 -42.7243 11.8776 -32.8756 -43.8333 -24.3463 -45.1464 28.4728 -37.9672 4.9314 -34.9269 -27.4349 -26.6539 -46.8094 35.8612 -41.1023 24.8447 -38.0924 3.2178 -37.4629 29.5929 -45.8135 -26.0566 -11.2556 -38.0464 27.7647 -40.8287 34.3466 -47.5489 -28.2504 12.7548 -39.7210 -23.6922 -17.5648 -34.1038 -6.3450 -48.6673 -30.7931 32.4862 -46.1708 -27.3931 14.7188 -40.6924
15.3324 -27.4406 -46.3821 33.0633 -30.9217 -48.5724 -8.0952 -34.3528 -15.5045 -23.8819 -40.0710 13.8484 -27.9550 -45.7987 -14.1861 -48.2837 -1.0303 -40.0141 8.6755 -29.3580 -47.6353 34.2000 -41.5467 31.6918 -22.7426 -45.9801 25.4975 -33.3702 -48.7242 -5.4471 -43.2692 3.8987 -45.7660 -14.3135 -47.0113 -17.0999 -46.9819 -18.1660 -47.0740 -15.9075 -47.1390 -16.2906 -47.3988 -17.4727 -47.7904 -18.8853 -48.1923 -20.0341 -48.4445 -20.4647 -48.4288 -19.8315 -48.0377 -17.8452 -47.2251 -14.4850 -46.2407 -8.2152 -44.5858 26.3762 -36.8179 -6.8958 -34.5907 -27.8091 -11.2598 -40.0637 8.8104 -35.4472 -22.1360 -28.5109 -47.5378 23.6807 -42.3258 25.9452 -44.7909 27.3810 -38.0098 16.4838 -41.8292 -17.7265 -40.5493 -36.3108 30.5565 -45.5114 -16.8392 -34.9746 35.0293 -47.3058 -28.0178 13.8403 -40.0710 -23.8819 -15.5045 -34.3528 -8.0952 -48.5724 -30.9217 33.0633 -46.3821 -27.4406 15.3324
-26.2647 -46.5861 33.5736 -31.0473 -48.4425 -9.5598 -34.6151 -13.2388 -24.0999 -40.3807 14.8449 -27.8951 -46.5467 3.0839 27.3905 -33.3219 -49.1599 31.5077 -37.5792 -24.4567 -22.7179 -43.7271 28.5825 -38.1141 -34.0486 -16.3035 -40.8629 6.4807 -26.6626 -44.9962 34.3735 -39.8654 29.4244 -40.8583 35.8825 -42.6050 -3.4995 -46.2195 30.9199 -41.6415 33.5814 -41.0492 33.2451 -41.2740 34.2987 -41.6646 35.1967 -42.0068 35.5105 -42.1094 35.4396 -41.8335 34.5768 -41.1617 32.0546 -40.3012 28.4107 -39.1431 20.4569 -36.4623 -4.0177 -37.0706 31.7301 -46.8317 -34.9070 10.2974 -36.5928 7.5273 -35.6593 -47.2469 -10.5759 -42.5439 -9.2297 -49.0039 -23.3294 -42.8802 17.2346 -39.0010 31.1914 -49.0071 -32.4467 19.1940 -43.2301 -23.4114 3.9523 -45.6213 -28.8023 34.4011 -47.0718 -27.8905 14.8449 -40.3807 -24.0999 -13.2388 -34.6151 -9.5598 -48.4425 -31.0473 33.5736 -46.5861 -26.2647
-46.6447 33.9896 -31.1719 -48.2729 -10.8226 -34.8822 -10.9356 -24.3219 -40.6591 15.7241 -27.8578 -46.9731 34.4828 -25.9403 -45.4864 12.0687 -25.6224 -43.9849 22.6300 -34.0083 -48.3632 -0.9017 -40.2117 11.8326 -30.5139 -47.6044 33.6558 -35.7794 -46.2540 -7.2934 -40.2420 15.8609 -37.8348 18.7407 -40.8660 9.8838 -48.6557 -24.2118 -41.4913 22.6058 -37.0026 10.3394 -35.9532 9.8013 -36.1339 11.1960 -36.4311 12.3477 -36.5708 12.5601 -36.4278 11.3759 -35.9731 8.6553 -35.4012 4.4927 -34.4980 -3.9621 -32.6581 -34.2947 -33.9080 13.7455 -42.4674 -20.2639 -18.1419 -35.8646 11.5695 -39.6864 30.7894 27.1526 -41.4554 14.7389 -48.9359 -31.5148 3.7202 4.4236 -37.0728 23.5829 -44.6193 -26.2521 2.6468 -39.3641 -1.7298 -48.0101 -33.9940 26.9980 -48.9373 -29.7648 34.4842 -46.9710 -27.8574 15.7241 -40.6591 -24.3219 -10.9356 -34.8822 -10.8226 -48.2729 -31.1719 33.9896 -46.6447
31.2547 -30.9929 -48.0590 -11.9429 -35.1487 -8.7057 -24.5388 -40.9168 16.5120 -27.8926 -47.0086 34.4910 -30.1225 -49.0505 31.9048 -34.1164 -48.1248 -4.3620 -40.1094 8.3754 -28.8785 -46.8097 32.9416 -36.8859 -37.7314 -18.1554 -41.5641 10.6967 -28.4849 -45.9605 29.8448 -37.5023 4.6699 -38.2935 33.9458 -47.5791 -28.9378 16.5669 -43.8370 -27.2386 -41.0944 -28.8335 -45.2233 -28.4527 -44.4391 -28.9288 -42.7679 -29.3264 -41.8861 -29.2993 -42.9217 -28.7563 -45.2214 -28.3296 -46.2416 -27.8896 -48.4099 -25.0586 -48.7543 -26.8129 -30.6415 -37.3541 35.6505 -48.3398 -31.6931 8.2646 -39.0271 15.3400 -47.9075 -36.9565 30.5734 -45.4945 -27.7357 14.8970 -44.5735 -30.1262 3.4273 -39.4451 -9.5194 -44.5536 -36.1668 34.3830 -47.2606 -29.2440 7.4119 -38.9091 -13.3968 -48.3590 -31.1630 34.4921 -47.0062 -27.8925 16.5120 -40.9168 -24.5388 -8.7057 -35.1487 -11.9429 -48.0590 -30.9929 31.2547
-31.0655 -47.7967 -12.9505 -35.4097 -6.6184 -24.7456 -41.1632 17.2414 -27.9681 -47.1158 34.5593 -30.6278 -48.4409 -8.8768 -37.5352 2.0929 -29.1654 -47.5300 35.6758 -37.5316 -33.0466 -18.9084 -42.0514 15.5113 -31.6464 -48.3836 35.4543 -36.4015 -43.1104 -13.0792 -40.6470 11.9173 -36.4089 13.2651 -41.4966 -15.3006 -39.6106 -36.9521 33.5823 -46.3442 -12.0761 -45.9775 -9.8605 -45.9164 -11.2521 -46.3394 -13.2121 -46.6329 -13.8436 -46.5742 -12.9962 -46.3280 -14.5558 -47.6425 -26.6079 -48.7681 -19.3591 -45.1255 -9.0218 -48.1640 -30.3481 12.9634 -42.2745 -19.7427 -24.3029 -38.2916 30.6730 -44.4632 -26.4103 7.2787 -39.5762 -10.6991 -41.0638 -36.5327 16.3868 -48.0560 -34.7056 29.3412 -46.8580 -30.0906 16.6467 -43.0287 -23.3448 -25.1591 -37.7260 34.7159 -45.9414 -25.6059 -41.1107 -32.5653 34.5607 -47.1145 -27.9681 17.2414 -41.1632 -24.7456 -6.6184 -35.4097 -12.9505 -47.7967 -31.0655
-47.8964 -13.8689 -35.6629 -4.7164 -24.9394 -41.4023 17.9407 -28.0651 -47.2617 34.6535 -31.0200 -48.1223 -10.4535 -39.9145 27.1982 -37.5550 -21.0330 -23.6935 -43.9408 20.0061 -32.1841 -48.6373 34.5417 -38.9526 -12.6512 -21.7047 -42.4996 12.8677 -29.3360 -46.9574 34.3763 -38.3251 4.4192 -37.4509 27.8974 -45.6769 -25.9906 -8.8067 -37.3141 24.4960 -39.6086 27.7393 -39.7435 28.2603 -40.0167 29.5118 -40.2951 30.3391 -40.3746 30.4572 -40.4603 33.6305 -42.7985 -18.4749 -3.5586 -30.9347 -48.7647 -4.4639 -42.8435 -15.2007 -45.2225 -35.6158 31.7945 -47.8126 -24.4897 15.9561 -42.2840 4.8588 -48.7656 -34.1464 25.9076 -45.6411 -28.9883 15.5054 -43.2179 -25.1567 1.8559 -40.2488 -16.8099 -29.9870 -37.4354 1.5244 -46.5546 -34.4095 23.0048 -44.5048 -23.3134 -34.8986 -33.7454 -33.5911 -32.6811 34.6541 -47.2612 -28.0651 17.9407 -41.4023 -24.9394 -4.7164 -35.6629 -13.8689 -47.8964
-15.2655 -35.9075 -2.9982 -25.1183 -41.6377 18.6219 -28.1731 -47.4196 34.6969 -31.3107 -47.7222 -12.3718 -39.0305 -7.2163 -44.9538 27.5161 -35.0266 -47.6492 4.1307 -38.3765 -14.4864 -22.3576 -43.7634 33.7053 -30.7257 -49.0668 35.2054 -36.3959 -42.0325 -17.7146 -42.3999 23.6675 -37.6942 7.8364 -38.8945 35.7332 -47.5637 -26.4169 -33.7460 -33.0408 -0.2968 -35.5126 6.4746 -36.6971 5.8993 -35.7021 5.2264 -35.1883 5.3309 -35.1704 6.9001 -35.8469 11.6168 -28.6404 -42.7495 12.6133 -28.4453 -46.7997 32.5740 -44.9658 -24.4354 -16.0871 -37.6252 29.6657 -40.4367 -32.7213 -17.5008 -44.7114 -24.0928 -8.4463 -38.5910 -5.9978 -44.7618 -36.1040 33.8793 -49.1777 -33.8061 28.8737 -46.9637 -29.8587 19.6669 -46.0591 -31.4974 8.7106 -40.0442 -8.6697 -45.7716 -35.1609 17.6737 -31.1898 -41.5367 -31.9392 34.6972 -47.4196 -28.1731 18.6219 -41.6377 -25.1183 -2.9982 -35.9075 -15.2655
-37.0662 -1.4481 -25.2807 -41.8733 19.2966 -28.2893 -47.5810 34.6302 -31.5324 -47.2735 -14.1277 -35.1994 29.3333 -47.7641 -17.2567 -42.3474 10.8829 -27.3691 -44.7858 22.7319 -32.7906 -48.6202 -11.5236 -45.3630 -47.0159 20.5772 -40.0541 6.1830 -30.3809 -48.3753 0.5226 -41.2643 21.7564 -37.7467 10.9791 -39.3712 35.7096 -45.8587 -19.3396 -48.8467 -27.6581 -36.6674 -35.7536 -0.0167 -34.4043 -39.0748 -29.4648 -47.0842 -27.1491 -47.6949 -27.3097 -46.2096 -27.1303 -49.4938 33.5742 -36.8870 -40.0491 -15.3395 -42.4325 35.6843 -47.1502 -26.8115 -23.3975 -34.4029 2.1719 -28.4560 -47.1516 -11.2561 -48.6552 -32.7286 21.5957 -44.4999 -27.0788 9.9309 -41.7442 -21.5068 -11.7521 -38.6159 -1.5399 -47.6505 -33.3297 10.3302 14.2854 -38.4944 31.3050 -46.6437 -29.2032 16.0890 -44.5246 -24.6390 -18.9632 -47.2587 -31.5339 34.6302 -47.5810 -28.2893 19.2966 -41.8733 -25.2807 -1.4481 -37.0662
-1.4159 -25.4389 -42.1060 19.9769 -28.4105 -47.7433 34.4131 -31.7123 -46.7578 -15.1499 -36.4065 -0.2452 -17.5311 -30.9023 -49.2676 34.8862 -35.5165 -47.1554 4.3932 -37.9215 -17.7250 -24.9508 -48.7612 -30.0206 29.2314 -40.0746 13.7717 -35.7942 -29.0290 -28.4291 -48.4299 -2.6295 -41.2955 20.0990 -37.4549 9.3744 -38.5238 28.7868 -41.8014 8.5754 -48.2323 -26.8883 26.4738 -38.7516 3.1328 -31.7235 -48.6581 -20.1907 -45.9883 -7.9692 -45.1892 -5.9977 -45.3777 24.4173 -39.8124 5.6389 -27.5791 -46.1795 34.2828 -40.8159 35.0726 -46.8097 -22.7596 -48.1569 -27.5007 -48.7597 -21.8088 -47.7555 -25.0938 -24.1440 -37.6462 21.6066 -48.8254 -34.6126 31.7193 -47.3699 -30.3577 16.0001 -42.1606 -17.2013 -47.9874 -26.0430 -45.2903 27.0698 -41.0659 -13.0657 -42.2311 -35.7932 9.8572 -35.6379 -35.6909 -15.1803 -46.7614 -31.7124 34.4131 -47.7433 -28.4105 19.9769 -42.1060 -25.4389 -1.4159
-23.6552 -42.3356 20.6544 -28.5348 -47.9004 34.0056 -31.8686 -46.1886 -16.0348 -36.5319 1.5383 -25.4055 -42.4928 2.4792 -21.4778 -41.0184 6.3536 -25.9419 -43.6738 20.2909 -32.7709 -48.7605 -22.7655 -40.0075 -35.3162 7.3182 -37.0578 12.1611 -36.7016 -1.8932 -30.1698 -48.7056 4.1030 -40.8355 15.1351 -36.5825 0.2191 -36.2769 14.2173 -37.7361 22.8880 -29.6947 -49.5155 35.3253 -38.3264 -8.7552 -28.6842 -48.1665 -4.2341 -42.2245 34.9910 -40.6117 27.3840 -38.8519 9.5669 -31.6418 -48.8653 12.6885 -40.7810 23.2183 -40.6721 36.0233 -44.9894 -18.7503 -48.5691 -29.4393 -40.3579 -28.7375 -47.1772 -32.7771 15.5937 -42.6703 -23.1171 -6.9973 -38.6809 -1.9945 -47.6570 -34.2224 23.6936 -42.5965 0.9338 -46.4416 34.9162 -40.2078 33.1554 -46.1133 -28.2858 8.5844 -40.2484 -24.0164 0.5386 -36.4881 -16.0769 -46.1903 -31.8689 34.0056 -47.9004 -28.5348 20.6544 -42.3356 -23.6552
-42.7753 21.3289 -28.6613 -48.0513 33.3762 -32.0043 -45.5549 -16.7809 -36.6941 2.2205 -25.5024 -41.8773 20.3570 -29.3600 -45.8747 27.9704 -34.1778 -48.9721 20.4238 -38.2385 -15.1644 -24.5998 -47.1204 -24.6438 -38.3396 -34.7235 14.8577 -42.1129 32.2568 -39.1392 5.0410 -29.5760 -48.2014 33.9579 -39.7125 7.1275 -34.7981 -30.5940 -32.7034 -19.6457 -31.6930 -46.1369 -16.2527 -42.9022 21.1534 -36.3451 -29.7051 -27.1044 -47.8539 14.7658 -41.6966 25.3939 -38.8160 8.3979 -34.0985 -46.4028 -19.4666 -43.7067 33.9213 -40.6914 30.0731 -41.6422 26.2814 -48.1543 -30.4611 12.8225 -36.7148 2.8635 -33.3979 -18.7238 -37.2720 34.9844 -47.9266 -30.8414 16.0893 -42.1244 -20.4001 -38.8720 -35.1678 18.9881 -39.8537 27.7706 -39.5890 20.9194 -41.5815 -13.2272 -46.4888 -35.1623 25.6734 -43.4958 -27.5207 1.4317 -36.5296 -16.8573 -45.5516 -32.0043 33.3762 -48.0513 -28.6613 21.3289 -42.7753
22.1352 -28.6508 -48.1935 32.4899 -32.1281 -44.8490 -17.4410 -36.8715 3.0470 -25.7328 -42.7053 23.4887 -34.1644 -48.3971 -1.0662 -39.0067 0.3024 -25.9637 -44.1279 22.7561 -33.7162 -48.7392 -12.0039 -46.9154 -25.8854 -18.1273 -36.0896 -19.3171 -47.7409 35.4884 -38.6131 -11.0675 -24.7732 -45.2092 28.9229 -37.9102 -8.3589 -32.0242 -46.1626 -27.6445 -48.6727 -20.7713 -45.7646 35.9646 -41.0378 16.7406 -35.7095 -26.7806 -27.3641 -47.7968 21.3373 -41.7495 23.9303 -37.4762 -10.2896 -29.6525 -48.4650 -6.8500 -44.1168 28.3138 -44.1828 20.2069 -43.7508 -20.1801 -10.0342 -43.4280 35.3355 -39.5103 7.4203 -35.8403 12.1508 -40.5863 -10.8112 -46.4409 -35.1502 27.5537 -44.8596 -23.0752 -41.1601 -33.8731 6.8482 -37.6256 14.2846 -39.6979 34.4779 -47.8459 -29.7062 7.2758 -39.7682 4.0973 -48.7969 -32.9470 10.3294 -36.5791 -17.5004 -44.8447 -32.1281 32.4899 -48.1935 -28.6508 22.1352
-27.8468 -48.3240 31.3176 -32.2466 -44.0549 -18.0380 -37.0554 3.9501 -26.3995 -43.7131 34.5205 -39.3568 1.8372 -28.1952 -46.0656 30.3658 -35.3686 -47.0412 -6.4279 -39.3950 2.1540 -26.6999 -45.4479 20.4993 -46.3869 -20.5286 -49.2182 12.6320 -26.8279 -46.2384 27.0298 -35.0253 -47.3057 -8.7168 -41.6025 16.3148 -36.0457 -27.9939 -29.9780 -48.2018 -23.5629 -48.0760 -15.7603 -44.8223 35.9870 -40.8208 18.8842 -36.6762 -21.4099 -25.9654 -47.4881 9.5265 -42.6793 25.7344 -36.5224 -25.3970 -28.1439 -48.3694 -20.6895 -48.5839 -22.2008 -48.8867 -1.1845 -43.7039 -7.9184 -27.4000 -49.3557 35.3812 -38.6155 8.6920 -38.4432 30.5847 -44.5331 -25.1782 -16.2616 -38.0049 34.5764 -45.5409 -24.0178 -42.9204 -34.6382 9.5493 -39.1153 34.9258 -45.5647 -23.9860 -30.3917 -37.1814 34.3689 -47.6056 -29.8443 8.9859 -38.1747 26.8415 -36.5811 -18.0512 -44.0532 -32.2466 31.3176 -48.3240 -27.8468
-48.1827 29.7664 -32.3534 -43.1541 -18.5873 -37.2490 4.7973 -26.9366 -46.6711 -9.3225 -43.4595 28.2586 -37.0407 -36.8605 -18.9867 -41.6123 13.0880 -29.9688 -47.2024 33.4830 -35.8138 -45.1644 -13.3424 -42.1448 35.2297 -42.9180 34.9803 -36.1376 -44.5412 -9.1293 -40.2896 5.5136 -27.6786 -46.6267 34.8182 -39.4922 7.8743 -35.1319 -28.1802 -30.6638 -46.8188 -27.3444 -47.1109 -20.5276 -45.6668 -0.1774 -41.8069 16.4370 -35.1932 -41.7584 -21.9246 -48.1899 -14.2150 -44.0727 29.2817 -33.7996 -13.8104 -30.1175 -41.0254 -30.9700 -29.3668 -30.8802 -47.6982 35.7179 -40.0563 -3.3688 -22.4357 -43.5660 21.2644 -38.6674 22.5105 -41.6187 -3.6350 -48.7501 -32.4752 11.1174 -40.0980 8.8585 -48.6973 -31.4155 7.0835 -39.1087 35.6631 -45.8447 -22.2652 -44.7855 -34.2234 17.9282 -42.6610 -21.8965 -8.0807 -39.2829 -5.7654 -50.1452 31.5484 -37.0241 -18.5830 -43.1541 -32.3534 29.7664 -48.1827
15.8719 -32.0240 -42.1507 -19.1033 -37.4517 5.5963 -26.5776 -46.9856 -27.1908 -46.9691 -17.9643 -42.4334 18.7189 -32.8128 -49.0263 25.0215 -38.1038 -15.4627 -23.7551 -42.5141 15.9689 -30.4894 -47.6491 35.7998 -39.7973 18.3262 -37.2957 -12.2958 -25.0595 -44.9561 24.8910 -34.8906 -47.3848 -10.3549 -42.3339 21.4344 -38.3905 7.3977 -36.1112 -6.9266 -33.5874 -19.5791 -34.6244 -77.1112 -49.6573 12.9091 63.3924 -0.3538 4.5587 -103.2632 -36.2288 77.2361 -35.0759 -77.1881 -116.4161 -68.0132 -31.0127 -24.4198 -36.5291 3.3936 -37.1925 18.1467 3.7688 -36.0294 5.0915 -29.5114 -48.0386 35.7017 -39.9654 23.0955 -41.5342 17.0357 -47.8098 -28.0895 -12.4930 -37.8735 34.3457 -46.6413 -28.3023 3.1195 -39.0509 35.0834 -46.9754 -24.8181 -39.9610 -33.9334 11.9392 -39.6525 28.8800 -49.0124 -33.5737 31.2915 -48.4332 -28.4849 -20.8218 5.9545 -37.4516 -19.1032 -42.1486 -32.0240 15.8719
-32.7576 -41.0406 -19.5857 -37.6586 6.4185 -26.0675 -42.4913 -10.3488 20.9327 -34.5443 -47.6029 -0.2041 -39.4075 4.1662 -27.8044 -46.1875 30.1848 -35.1049 -45.1639 -2.5570 -37.9321 -20.3492 -20.5390 -42.4264 17.7620 -35.9487 -22.0319 -27.5681 -47.6829 35.7677 -38.5418 -11.4979 -25.4580 -45.6754 35.1191 -40.7299 19.2375 -39.2839 16.6299 -38.1806 8.1254 -36.5992 8.5994 -83.8611 -65.2896 -106.1317 20.7091 -38.0066 -16.2232 -33.1916 -9.1004 -15.7506 -72.4502 -29.2592 35.0903 40.4716 3.9313 53.7055 -17.9063 -37.9529 17.2806 -43.4401 -25.0173 -45.6847 -26.2581 -48.6996 20.3477 -40.9095 24.8320 -41.6211 19.2501 -47.9948 -27.0987 -26.5832 -36.4767 24.1241 -43.5433 -22.9279 -19.5890 -38.0025 35.5246 -47.5851 -26.7429 -24.7249 -35.7101 17.6436 -40.1300 35.5565 -44.7046 -23.8606 -5.8214 -39.7198 -19.0526 -4.2493 -43.1213 -26.0583 6.4526 -37.6598 -19.5840 -41.0381 -32.7576
