-40.8113 14.0462 -25.9877 -46.2807 31.4217 -30.7249 -48.3392 -14.1480 -36.6509 -4.6801 -23.3503 -42.3672 20.8005 -27.5326 -47.9550 21.1893 -32.4514 -43.3503 -18.7231 -38.5902 7.5735 -24.7356 -44.4934 27.6747 -29.2011 -48.7159 -5.3445 -34.4328 -26.6795 -21.5787 -40.5520 14.8659 -26.1656 -46.5202 31.3763 -30.9422 -48.0759 -14.8843 -36.9252 -2.4791 -23.5503 -42.6289 21.6558 -27.7337 -48.1062 17.8904 -32.6462 -42.1469 -19.1479 -38.6917 19.4641 -38.6917 -19.1479 -42.1469 -32.6462 17.8904 -48.1062 -27.7337 21.6558 -42.6289 -23.5503 -2.4791 -36.9252 -14.8843 -48.0759 -30.9422 31.3763 -46.5202 -26.1656 14.8659 -40.5520 -21.5787 -26.6795 -34.4328 -5.3445 -48.7159 -29.2011 27.6747 -44.4934 -24.7356 7.5735 -38.5902 -18.7231 -43.3503 -32.4514 21.1893 -47.9550 -27.5326 20.8005 -42.3672 -23.3503 -4.6801 -36.6509 -14.1480 -48.3392 -30.7249 31.4217 -46.2807 -25.9877 14.0462 -40.8113
14.0462 -27.2339 -46.2376 33.1530 -30.7653 -48.2649 -11.9869 -35.4276 -4.6009 -25.1360 -41.8853 20.0116 -28.4112 -48.0555 32.4135 -31.8618 -43.0752 -19.1366 -37.6654 7.2483 -26.2797 -44.2248 27.1420 -29.6655 -48.8113 5.8416 -33.0217 -26.1758 -23.0248 -39.8707 14.2681 -27.3656 -46.4495 33.7092 -30.9060 -47.9872 -13.2364 -35.7441 -2.4715 -25.3391 -42.1742 20.8539 -28.5648 -48.2329 30.8525 -31.9646 -41.8344 -19.7123 -37.9512 7.4836 -31.5155 7.4836 -37.9512 -19.7123 -41.8344 -31.9646 30.8525 -48.2329 -28.5648 20.8539 -42.1742 -25.3391 -2.4715 -35.7441 -13.2364 -47.9872 -30.9060 33.7092 -46.4495 -27.3656 14.2681 -39.8707 -23.0248 -26.1758 -33.0217 5.8416 -48.8113 -29.6655 27.1420 -44.2248 -26.2797 7.2483 -37.6654 -19.1366 -43.0752 -31.8618 32.4135 -48.0555 -28.4112 20.0116 -41.8853 -25.1360 -4.6009 -35.4276 -11.9869 -48.2649 -30.7653 33.1530 -46.2376 -27.2339 14.0462
-25.9877 -46.2376 32.9588 -30.9734 -48.4083 -10.9519 -35.1822 -6.4471 -24.9541 -41.6568 19.3516 -28.4082 -47.9048 33.3678 -32.1586 -43.9592 -18.6443 -37.4551 6.4324 -26.1852 -43.9972 26.4208 -29.7349 -48.8270 9.3805 -33.0051 -28.5621 -22.7263 -39.6486 13.6271 -27.3152 -46.2429 33.2434 -31.0757 -48.2149 -12.2498 -35.4931 -4.1359 -25.1719 -41.9448 20.1843 -28.5708 -48.0946 32.1766 -32.2813 -42.8584 -19.2545 -37.7197 7.5393 -26.5982 -46.7275 -26.5984 7.5377 -37.7197 -19.2545 -42.8584 -32.2813 32.1766 -48.0946 -28.5708 20.1843 -41.9448 -25.1719 -4.1359 -35.4931 -12.2498 -48.2149 -31.0757 33.2434 -46.2429 -27.3152 13.6271 -39.6486 -22.7263 -28.5621 -33.0051 9.3805 -48.8270 -29.7349 26.4208 -43.9972 -26.1852 6.4324 -37.4551 -18.6443 -43.9592 -32.1586 33.3678 -47.9048 -28.4082 19.3516 -41.6568 -24.9541 -6.4471 -35.1822 -10.9519 -48.4083 -30.9734 32.9588 -46.2376 -25.9877
-46.2807 33.1530 -30.9734 -48.4581 -10.2473 -34.9840 -8.2270 -24.7767 -41.4352 18.7075 -28.2790 -47.7413 34.0265 -32.0539 -44.7391 -18.1173 -37.2430 5.5598 -26.0823 -43.7694 25.7017 -29.5988 -48.8164 12.9944 -32.9598 -30.7885 -22.4058 -39.4242 12.9724 -27.1990 -46.0330 32.7028 -30.9429 -48.3999 -11.1435 -35.2342 -5.9797 -24.9986 -41.7123 19.5117 -28.4448 -47.9454 33.1477 -32.1718 -43.7815 -18.7532 -37.5107 6.6371 -26.2057 -43.6569 35.5029 -43.6601 -26.2066 6.6355 -37.5107 -18.7540 -43.7799 -32.1721 33.1477 -47.9454 -28.4448 19.5117 -41.7123 -24.9986 -5.9797 -35.2342 -11.1435 -48.3999 -30.9429 32.7028 -46.0330 -27.1990 12.9724 -39.4242 -22.4058 -30.7885 -32.9598 12.9944 -48.8164 -29.5988 25.7017 -43.7694 -26.0823 5.5598 -37.2430 -18.1173 -44.7391 -32.0539 34.0265 -47.7413 -28.2790 18.7075 -41.4352 -24.7767 -8.2270 -34.9840 -10.2473 -48.4581 -30.9734 33.1530 -46.2807
31.4217 -30.7653 -48.4083 -10.2473 -34.9037 -9.4346 -24.6338 -41.2443 18.1155 -28.1569 -47.5716 34.4549 -31.9459 -45.4221 -17.5606 -37.0293 4.6196 -25.9813 -43.5423 24.9907 -29.4590 -48.7810 16.5923 -32.9086 -32.8390 -22.0716 -39.1977 12.3017 -27.0849 -45.8213 32.1158 -30.8035 -48.5443 -9.8795 -34.9696 -8.0076 -24.8098 -41.4771 18.8358 -28.3210 -47.7882 33.8548 -32.0511 -44.6049 -18.2175 -37.3020 5.8111 -26.1048 -43.8498 25.0862 -33.6426 25.0920 -43.8530 -26.1069 5.7903 -37.2968 -18.2185 -44.6036 -32.0518 33.8548 -47.7882 -28.3210 18.8358 -41.4771 -24.8098 -8.0076 -34.9696 -9.8795 -48.5443 -30.8035 32.1158 -45.8213 -27.0849 12.3017 -39.1977 -22.0716 -32.8390 -32.9086 16.5923 -48.7810 -29.4590 24.9907 -43.5423 -25.9813 4.6196 -37.0293 -17.5606 -45.4221 -31.9459 34.4549 -47.5716 -28.1569 18.1155 -41.2443 -24.6338 -9.4346 -34.9037 -10.2473 -48.4083 -30.7653 31.4217
-30.7249 -48.2649 -10.9519 -34.9840 -9.4346 -24.5779 -41.1310 17.6777 -28.0586 -47.4126 34.6741 -31.8442 -46.0050 -16.9774 -36.8168 3.6113 -25.8830 -43.3184 24.2956 -29.3185 -48.7254 19.9712 -32.8540 -34.6958 -21.7269 -38.9721 11.6213 -26.9738 -45.6103 31.4994 -30.6618 -48.6492 -8.4388 -34.7022 -10.1937 -24.6080 -41.2421 18.1649 -28.1993 -47.6252 34.3299 -31.9298 -45.3278 -17.6465 -37.0939 4.9063 -26.0058 -43.5821 25.2473 -30.1018 -47.7972 -30.1091 25.2970 -43.6050 -26.0087 4.6469 -37.0804 -17.6562 -45.3306 -31.9285 34.3287 -47.6256 -28.2001 18.1649 -41.2421 -24.6080 -10.1937 -34.7022 -8.4388 -48.6492 -30.6618 31.4994 -45.6103 -26.9738 11.6213 -38.9721 -21.7269 -34.6958 -32.8540 19.9712 -48.7254 -29.3185 24.2956 -43.3184 -25.8830 3.6113 -36.8168 -16.9774 -46.0050 -31.8442 34.6741 -47.4126 -28.0586 17.6777 -41.1310 -24.5779 -9.4346 -34.9840 -10.9519 -48.2649 -30.7249
-48.3392 -11.9869 -35.1822 -8.2270 -24.6338 -41.1310 17.5160 -28.0008 -47.2936 34.7355 -31.7637 -46.4706 -16.3928 -36.6071 2.5195 -25.7876 -43.0985 23.6201 -29.1731 -48.6496 23.0787 -32.8026 -36.3609 -21.3723 -38.7435 10.9166 -26.8664 -45.4010 30.8662 -30.5128 -48.7187 -6.7527 -34.4332 -12.5069 -24.3940 -41.0043 17.4905 -28.0796 -47.4573 34.6097 -31.7784 -45.9385 -17.0514 -36.8919 3.9758 -27.5975 -42.4006 24.5504 -29.2143 -48.3328 -12.6657 -48.3830 -29.0439 24.7550 -41.8484 -28.2374 3.0243 -36.8358 -17.0632 -45.9629 -31.8309 34.6087 -47.4575 -28.0815 17.4892 -41.0043 -24.3940 -12.5069 -34.4332 -6.7527 -48.7187 -30.5128 30.8662 -45.4010 -26.8664 10.9166 -38.7435 -21.3723 -36.3609 -32.8026 23.0787 -48.6496 -29.1731 23.6201 -43.0985 -25.7876 2.5195 -36.6071 -16.3928 -46.4706 -31.7637 34.7355 -47.2936 -28.0008 17.5160 -41.1310 -24.6338 -8.2270 -35.1822 -11.9869 -48.3392
-14.1480 -35.4276 -6.4471 -24.7767 -41.2443 17.6777 -28.0008 -47.2495 34.7278 -31.7092 -46.7953 -15.8706 -36.4076 1.3627 -25.6958 -42.8866 22.9754 -29.0192 -48.5526 25.8835 -32.7631 -37.8170 -21.0153 -38.5085 10.1718 -26.7645 -45.1975 30.2351 -30.3529 -48.7548 -4.7211 -34.1654 -14.8975 -24.1700 -40.7637 16.8100 -27.9617 -47.2811 34.7200 -32.9111 -46.7416 -15.8958 -36.6721 2.8338 -28.4542 -48.6880 -24.4444 -23.9473 -48.8509 26.2005 -38.3624 30.6625 -48.2774 -25.0668 -46.5669 -47.3434 -32.3251 2.0060 -36.5892 -16.6122 -46.2781 -33.3615 34.7090 -47.2822 -27.9642 16.8075 -40.7637 -24.1700 -14.8975 -34.1654 -4.7211 -48.7548 -30.3529 30.2351 -45.1975 -26.7645 10.1718 -38.5085 -21.0153 -37.8170 -32.7631 25.8835 -48.5526 -29.0192 22.9754 -42.8866 -25.6958 1.3627 -36.4076 -15.8706 -46.7953 -31.7092 34.7278 -47.2495 -28.0008 17.6777 -41.2443 -24.7767 -6.4471 -35.4276 -14.1480
-36.6509 -4.6009 -24.9541 -41.4352 18.1155 -28.0586 -47.2936 34.7278 -31.6885 -46.9618 -15.4969 -36.2450 0.2853 -25.6064 -42.6949 22.3798 -28.8636 -48.4343 28.3613 -32.7422 -39.0708 -20.6619 -38.2637 9.3695 -26.6694 -45.0041 29.6265 -30.1798 -48.7577 -2.2469 -33.9037 -17.2819 -23.9393 -40.5208 16.1211 -27.8444 -47.0985 34.6763 -34.0663 -17.4813 -25.9630 -36.6802 8.7149 -27.2350 -48.6164 -34.7648 22.7959 -43.4603 33.4274 -38.3141 13.7876 -37.3721 31.9065 -43.2200 27.8275 -36.8396 -10.2169 -32.4277 0.3638 -34.7920 -21.5232 10.9541 -34.6678 34.6732 -47.1001 -27.8465 16.1199 -40.5208 -23.9393 -17.2819 -33.9037 -2.2469 -48.7577 -30.1798 29.6265 -45.0041 -26.6694 9.3695 -38.2637 -20.6619 -39.0708 -32.7422 28.3613 -48.4343 -28.8636 22.3798 -42.6949 -25.6064 0.2853 -36.2450 -15.4969 -46.9618 -31.6885 34.7278 -47.2936 -28.0586 18.1155 -41.4352 -24.9541 -4.6009 -36.6509
-4.6801 -25.1360 -41.6568 18.7075 -28.1569 -47.4126 34.7355 -31.7092 -46.9618 -15.3581 -36.1504 -0.4979 -25.5277 -42.5367 21.8725 -28.7166 -48.3017 30.3877 -32.7472 -40.1179 -20.3227 -38.0044 8.4739 -26.5842 -44.8277 29.0656 -29.9842 -48.7726 0.8326 -33.6554 -19.5616 -23.7069 -40.2728 15.4179 -27.7236 -46.9097 34.5186 -32.9880 -17.2386 -38.0340 33.6002 -46.4117 -15.6012 -44.3981 -20.5406 -16.5476 -35.8615 11.8487 -35.5092 1.1792 -34.9781 -9.3724 -34.1019 11.6173 -36.1296 1.4143 -31.5375 -48.5223 -25.0929 -48.1423 -14.1523 -45.8861 2.6755 -33.3225 34.5282 -46.9101 -27.7244 15.4167 -40.2728 -23.7069 -19.5616 -33.6554 0.8326 -48.7726 -29.9842 29.0656 -44.8277 -26.5842 8.4739 -38.0044 -20.3227 -40.1179 -32.7472 30.3877 -48.3017 -28.7166 21.8725 -42.5367 -25.5277 -0.4979 -36.1504 -15.3581 -46.9618 -31.7092 34.7355 -47.4126 -28.1569 18.7075 -41.6568 -25.1360 -4.6801
-23.3503 -41.8853 19.3516 -28.2790 -47.5716 34.6741 -31.7637 -46.7953 -15.4969 -36.1504 -0.7915 -25.4812 -42.4351 21.5057 -28.5918 -48.1704 31.8775 -32.7670 -40.9593 -20.0206 -37.7321 7.4797 -26.5144 -44.6821 28.6005 -29.7610 -48.8216 4.6950 -33.5368 -21.6223 -23.4826 -40.0247 14.7111 -27.5914 -46.7005 34.2369 -31.4547 -45.6318 -30.7353 9.2505 -41.2230 32.6130 -41.7085 35.8912 -45.5570 -23.3987 -46.8176 -28.2360 -44.8016 -28.8959 -45.7694 -27.0818 -48.3135 -27.2393 -44.5026 -27.3511 -48.9511 -14.8201 -44.1766 17.3571 -43.2335 30.2643 -32.2449 -44.3354 -31.5927 34.2338 -46.7043 -27.5916 14.7112 -40.0252 -23.4827 -21.6223 -33.5368 4.6950 -48.8216 -29.7610 28.6005 -44.6821 -26.5144 7.4797 -37.7321 -20.0206 -40.9593 -32.7670 31.8775 -48.1704 -28.5918 21.5057 -42.4351 -25.4812 -0.7915 -36.1504 -15.4969 -46.7953 -31.7637 34.6741 -47.5716 -28.2790 19.3516 -41.8853 -23.3503
-42.3672 20.0116 -28.4082 -47.7413 34.4549 -31.8442 -46.4706 -15.8706 -36.2450 -0.4979 -25.4812 -42.4029 21.3141 -28.5061 -48.0616 32.8721 -32.8003 -41.5849 -19.7687 -37.4619 6.3977 -26.4634 -44.5846 28.3019 -29.5000 -48.8523 9.3711 -33.6189 -23.4402 -23.2718 -39.7886 14.0333 -27.4386 -46.4611 33.7640 -31.2435 -48.0758 -21.4659 -48.6566 -31.9103 8.3085 -37.9795 17.8961 -40.4451 33.5654 -43.8119 -3.3796 -46.1642 -13.9491 -47.5046 -14.3203 -46.2397 -0.9676 -44.5725 -6.1925 -45.4451 16.5543 -42.4435 28.4706 -38.5818 16.4293 -34.4212 -45.5818 -23.0564 -48.0659 -31.2986 33.7597 -46.4623 -27.4304 14.0466 -39.7884 -23.2719 -23.4402 -33.6172 9.3711 -48.8523 -29.5000 28.3019 -44.5846 -26.4634 6.3977 -37.4619 -19.7687 -41.5849 -32.8003 32.8721 -48.0616 -28.5061 21.3141 -42.4029 -25.4812 -0.4979 -36.2450 -15.8706 -46.4706 -31.8442 34.4549 -47.7413 -28.4082 20.0116 -42.3672
20.8005 -28.4112 -47.9048 34.0265 -31.9459 -46.0050 -16.3928 -36.4076 0.2853 -25.5277 -42.4351 21.3141 -28.4750 -48.0008 33.4194 -32.8437 -41.9818 -19.5886 -37.2142 5.2731 -26.4302 -44.5409 28.2139 -29.1944 -48.8316 14.6061 -33.8045 -24.9403 -23.0841 -39.5710 13.4122 -27.2603 -46.1712 33.0833 -31.5351 -48.0992 -13.2887 -43.4612 -15.3519 -48.5334 -30.1937 -17.4485 -35.1475 9.6943 -38.3970 21.6566 -39.4483 29.7807 -41.1132 34.1094 -41.6523 31.1568 -39.6057 24.7090 -38.8250 24.5203 -38.7800 16.6648 -36.2256 -3.2767 -31.3308 -46.2761 -19.5635 -43.0792 -13.0267 -48.0126 -31.6105 33.0322 -45.3681 -28.6028 13.4292 -39.5691 -23.0776 -25.0178 -33.7961 14.6061 -48.8316 -29.1944 28.2139 -44.5409 -26.4302 5.2731 -37.2142 -19.5886 -41.9818 -32.8437 33.4194 -48.0008 -28.4750 21.3141 -42.4351 -25.5277 0.2853 -36.4076 -16.3928 -46.0050 -31.9459 34.0265 -47.9048 -28.4112 20.8005
-27.5326 -48.0555 33.3678 -32.0539 -45.4221 -16.9774 -36.6071 1.3627 -25.6064 -42.5367 21.5057 -28.5061 -48.0008 33.5893 -32.8725 -42.1990 -19.4835 -37.0134 4.2305 -26.4164 -44.5501 28.3438 -28.8562 -48.7644 19.7612 -34.0426 -25.8681 -22.9083 -39.1824 12.7308 -27.0943 -45.8393 32.2139 -31.8686 -47.7497 -12.3582 -38.2632 31.6768 -43.5551 -9.9340 -48.5967 -25.7507 -44.5397 -31.2958 -17.1844 -33.8912 1.2589 -35.1624 8.6312 -36.0916 10.2154 -35.6772 3.2562 -34.2239 -4.7925 -33.6396 -11.2040 -31.6571 -42.4021 -26.3040 -48.6793 -12.1932 -43.0871 28.9880 -37.2454 -13.5095 -48.3166 -27.5057 -22.5617 -48.5370 -29.5020 12.8446 -39.3654 -22.9142 -26.1334 -34.0270 19.7556 -48.7644 -28.8562 28.3438 -44.5501 -26.4164 4.2305 -37.0134 -19.4835 -42.1990 -32.8725 33.5893 -48.0008 -28.5061 21.5057 -42.5367 -25.6064 1.3627 -36.6071 -16.9774 -45.4221 -32.0539 33.3678 -48.0555 -27.5326
-47.9550 32.4135 -32.1586 -44.7391 -17.5606 -36.8168 2.5195 -25.6958 -42.6949 21.8725 -28.5918 -48.0616 33.4194 -32.8725 -42.2684 -19.4369 -36.8831 3.4255 -26.4199 -44.6054 28.6779 -28.5026 -48.6642 24.1658 -34.3278 -26.1716 -22.7778 -38.6192 29.0324 -24.5975 -45.7603 31.7543 -32.2286 -47.5103 -14.4778 -35.1241 11.0515 -38.6300 26.1315 -41.9844 26.1366 -46.1783 -16.6201 -48.7592 -23.3699 -49.0147 -25.7562 -47.9352 -27.4232 -45.6571 -27.9099 -46.7968 -26.5010 -48.8083 -24.6841 -49.0717 -23.0403 -48.6267 -16.0211 -45.5346 32.2024 -40.8711 22.2642 -37.1899 6.2353 -35.2797 33.4771 -42.2893 17.2039 -33.6762 -48.6918 -28.3624 12.2690 -39.1546 -22.8255 -26.5537 -34.3113 24.1579 -48.6643 -28.5027 28.6779 -44.6054 -26.4199 3.4255 -36.8831 -19.4369 -42.2684 -32.8725 33.4194 -48.0616 -28.5918 21.8725 -42.6949 -25.6958 2.5195 -36.8168 -17.5606 -44.7391 -32.1586 32.4135 -47.9550
21.1893 -31.8618 -43.9592 -18.1173 -37.0293 3.6113 -25.7876 -42.8866 22.3798 -28.7166 -48.1704 32.8721 -32.8437 -42.1990 -19.4369 -36.8372 2.9768 -26.4292 -44.6760 29.1117 -28.1607 -48.5481 27.4385 -34.6462 -25.9697 -22.7690 -38.7738 30.9579 -37.8050 -36.0721 15.8738 -31.5198 -45.6965 -17.7650 -33.6305 -7.7449 -32.6323 -5.4539 -36.6531 17.5090 -39.9594 31.5811 -42.2760 34.2060 -43.6741 22.3247 -44.0815 5.6222 -44.7782 -5.0507 -45.1404 -2.7237 -44.6535 13.2596 -44.0731 25.6725 -43.5050 35.3008 -41.5459 28.0235 -38.7735 12.4986 -34.7084 -27.8643 -30.1798 -35.8848 -32.6665 8.7144 -35.0678 -23.9466 -21.1729 -45.8539 -27.3759 11.2059 -38.8055 -22.8147 -26.2197 -34.6330 27.4327 -48.5484 -28.1608 29.1117 -44.6760 -26.4292 2.9768 -36.8372 -19.4369 -42.1990 -32.8437 32.8721 -48.1704 -28.7166 22.3798 -42.8866 -25.7876 3.6113 -37.0293 -18.1173 -43.9592 -31.8618 21.1893
-32.4514 -43.0752 -18.6443 -37.2430 4.6196 -25.8830 -43.0985 22.9754 -28.8636 -48.3017 31.8775 -32.8003 -41.9818 -19.4835 -36.8831 2.9768 -26.4337 -44.7240 29.4858 -27.8784 -48.4457 29.5743 -34.9779 -25.1020 -22.9019 -38.8720 24.4047 -43.5974 -24.6165 -41.7449 -28.0768 -47.9693 -47.0523 -24.1410 -42.8060 -25.1524 -48.8457 -27.3413 -36.7230 -33.2406 4.2319 -36.5185 14.3890 -37.7997 18.8331 -38.1135 20.9887 -38.1329 23.0223 -38.4342 24.1809 -38.6684 23.6333 -38.8744 21.9103 -38.6653 18.8952 -37.7241 12.2006 -35.5285 -6.3204 -31.2335 -46.2377 -23.8176 -47.5715 -18.0773 -48.9008 -24.3580 -49.0153 -21.8733 -44.6691 31.6732 -48.0165 -30.6982 18.2224 -38.6497 -22.8913 -25.1598 -34.9693 29.5701 -48.4458 -27.8784 29.4858 -44.7240 -26.4337 2.9768 -36.8831 -19.4835 -41.9818 -32.8003 31.8775 -48.3017 -28.8636 22.9754 -43.0985 -25.8830 4.6196 -37.2430 -18.6443 -43.0752 -32.4514
-43.3503 -19.1366 -37.4551 5.5598 -25.9813 -43.3184 23.6201 -29.0192 -48.4343 30.3877 -32.7670 -41.5849 -19.5886 -37.0134 3.4255 -26.4292 -44.7240 29.6380 -27.7137 -48.3781 30.7995 -35.2815 -23.4702 -23.0841 -38.3021 13.4428 -38.2154 31.5707 -45.9230 -17.5025 -48.4674 -26.5671 30.9502 -42.5868 18.7262 -42.3724 20.6911 -46.6095 -20.4163 -48.8892 -27.5384 -42.2550 -30.5723 -29.4636 -31.8635 -21.9738 -32.2769 -18.3324 -32.4438 -14.9995 -32.7694 -10.4737 -33.3040 -8.1666 -33.4265 -12.2382 -32.5541 -28.6029 -30.1159 -45.8360 -25.5910 -48.7230 -14.2697 -44.9056 35.6686 -40.7989 35.0045 -42.2021 32.8128 -42.0849 26.1207 -36.4719 10.8332 -12.0110 -40.9669 18.8235 -38.4386 -23.0744 -23.4947 -35.2777 30.7977 -48.3781 -27.7137 29.6380 -44.7240 -26.4292 3.4255 -37.0134 -19.5886 -41.5849 -32.7670 30.3877 -48.4343 -29.0192 23.6201 -43.3184 -25.9813 5.5598 -37.4551 -19.1366 -43.3503
-18.7231 -37.6654 6.4324 -26.0823 -43.5423 24.2956 -29.1731 -48.5526 28.3613 -32.7472 -40.9593 -19.7687 -37.2142 4.2305 -26.4199 -44.6760 29.4858 -27.7137 -48.3540 31.3566 -35.5031 -21.5523 -23.2581 -38.3351 8.8987 -33.2618 0.4731 -38.6597 32.7605 -43.9537 -12.1420 -48.6881 -31.1317 11.2171 -36.3822 18.2049 -39.4668 32.9783 -42.8806 13.6317 -45.8990 -14.6762 -47.6596 -19.2476 -48.3269 -20.3721 -48.4363 -20.4503 -48.3720 -20.6322 -48.5758 -21.7898 -49.0002 -22.9783 -49.1114 -22.8469 -48.9082 -20.3458 -47.6873 -11.5770 -45.0444 31.8368 -41.6675 27.2439 -38.6494 12.0382 -35.4452 9.8449 -35.0095 8.1256 -33.1267 -36.3330 -26.1932 -45.6276 26.9629 -37.1957 11.3886 -38.1871 -23.2758 -21.5847 -35.5018 31.3572 -48.3540 -27.7137 29.4858 -44.6760 -26.4199 4.2305 -37.2142 -19.7687 -40.9593 -32.7472 28.3613 -48.5526 -29.1731 24.2956 -43.5423 -26.0823 6.4324 -37.6654 -18.7231
-38.5902 7.2483 -26.1852 -43.7694 24.9907 -29.3185 -48.6496 25.8835 -32.7422 -40.1179 -20.0206 -37.4619 5.2731 -26.4164 -44.6054 29.1117 -27.8784 -48.3781 31.3566 -35.5863 -20.2354 -23.4207 -38.3181 8.8524 -28.7372 -48.6372 -30.5223 1.3704 -38.7204 30.6912 -43.8957 -12.3405 -48.9657 -28.0011 -36.1343 -32.7169 3.0244 -36.9486 18.5833 -39.4596 30.7636 -41.8313 35.7936 -42.1281 35.4707 -41.7860 34.9202 -41.3183 34.1505 -41.0456 34.6446 -41.6670 35.3300 -42.6351 33.8227 -42.9590 34.9364 -42.3077 34.4123 -40.5944 25.7511 -38.6844 14.0400 -35.6356 -8.8139 -30.8690 -45.6665 -27.0558 -48.1548 -25.1586 -49.1193 -17.5721 -45.0668 32.9636 -38.0749 -8.6754 -32.3852 8.3730 -38.2682 -23.4283 -20.2599 -35.5904 31.3592 -48.3781 -27.8784 29.1117 -44.6054 -26.4164 5.2731 -37.4619 -20.0206 -40.1179 -32.7422 25.8835 -48.6496 -29.3185 24.9907 -43.7694 -26.1852 7.2483 -38.5902
7.5735 -26.2797 -43.9972 25.7017 -29.4590 -48.7254 23.0787 -32.7631 -39.0708 -20.3227 -37.7321 6.3977 -26.4302 -44.5501 28.6779 -28.1607 -48.4457 30.7995 -35.5031 -20.2354 -23.4887 -38.2615 9.0769 -26.9047 -46.4286 -14.0458 -48.6864 -29.9727 0.6597 -38.4967 27.1042 -42.0823 17.9708 -46.4790 -19.3789 -48.9625 -27.8734 -35.1884 -33.5547 7.8543 -38.9510 33.5830 -41.1055 23.7355 -38.7316 13.9070 -36.5067 8.7773 -35.0146 6.4897 -34.8388 9.1608 -35.6947 13.1501 -36.5714 14.8020 -36.8021 13.0504 -36.1850 7.2621 -34.5209 -11.5195 -31.0895 -45.0933 -25.2912 -48.3564 -12.7001 -44.7025 13.4696 -43.3190 34.8157 -40.6833 23.9191 -36.7749 -8.2991 -28.9237 -48.6659 -28.0227 8.6364 -38.2289 -23.5362 -19.9324 -35.5262 30.8108 -48.4457 -28.1608 28.6779 -44.5501 -26.4302 6.3977 -37.7321 -20.3227 -39.0708 -32.7631 23.0787 -48.7254 -29.4590 25.7017 -43.9972 -26.2797 7.5735
-24.7356 -44.2248 26.4208 -29.5988 -48.7810 19.9712 -32.8026 -37.8170 -20.6619 -38.0044 7.4797 -26.4634 -44.5409 28.3438 -28.5026 -48.5481 29.5743 -35.2830 -21.5445 -23.4225 -38.2598 9.0444 -26.5182 -45.2275 35.2048 -42.9792 -4.9356 -48.5638 -29.2246 -8.4524 -36.4586 17.1147 -39.4132 31.7000 -42.2006 17.7208 -46.5989 -21.3833 -47.9710 -31.1340 17.1612 -47.7492 27.1098 -40.6157 12.9962 -35.0847 -33.6638 -28.9594 -47.8244 -25.9516 -48.6819 -26.4600 -46.7589 -28.2766 -42.5297 -29.3878 -40.9478 -29.1200 -44.7003 -27.3256 -48.6033 -23.5724 -48.3507 -13.3018 -44.8300 34.8969 -40.6731 25.4171 -37.9471 16.9328 -36.3228 7.2911 -33.1563 -36.5291 -26.3913 -47.8781 -3.8882 -45.4005 -27.5223 7.8477 -37.9661 -23.4459 -20.8740 -35.2817 29.6011 -48.5481 -28.5027 28.3438 -44.5409 -26.4634 7.4797 -38.0044 -20.6619 -37.8170 -32.8026 19.9712 -48.7810 -29.5988 26.4208 -44.2248 -24.7356
-44.4934 27.1420 -29.7349 -48.8164 16.5923 -32.8540 -36.3609 -21.0153 -38.2637 8.4739 -26.5144 -44.5846 28.2139 -28.8562 -48.6642 27.4416 -34.9836 -23.3862 -23.2721 -38.3015 9.0039 -26.5339 -44.9987 34.8256 -40.9407 28.4986 -41.7002 9.0953 -48.1747 -26.3079 -39.7216 -32.6505 1.6728 -36.3717 16.6983 -39.2292 32.0239 -42.3434 10.5157 -46.0729 20.8758 -30.0035 -48.8042 35.1931 -37.9627 -17.5773 -27.3777 -47.6115 -7.9367 -43.8436 19.3351 -43.5260 3.5708 -44.9148 -9.9145 -46.0951 -12.6702 -46.1369 -9.0832 -45.1181 12.4933 -43.3780 35.6523 -40.8337 25.2496 -38.2948 10.6489 -34.5964 -15.2800 -31.0272 -42.5473 -27.0588 -49.0664 -19.1338 -45.8041 32.2887 -41.7802 14.1162 -48.1517 -31.7704 12.0233 -38.6315 -23.1143 -25.2381 -34.9057 27.4776 -48.6650 -28.8562 28.2139 -44.5846 -26.5144 8.4739 -38.2637 -21.0153 -36.3609 -32.8540 16.5923 -48.8164 -29.7349 27.1420 -44.4934
27.6747 -29.6655 -48.8270 12.9944 -32.9086 -34.6958 -21.3723 -38.5085 9.3695 -26.5842 -44.6821 28.3019 -29.1944 -48.7655 24.1737 -34.6519 -24.9204 -23.0849 -38.2489 8.5607 -26.9914 -45.3308 34.7548 -40.2737 17.0447 -38.9138 21.1369 -40.7436 33.1020 -46.0911 -18.7974 -48.9656 -27.1796 -41.2066 -32.2750 -0.0927 -36.2485 15.3659 -38.1343 21.1826 -36.5086 -36.7857 -17.4888 -42.0440 13.3375 -31.6124 -48.7017 3.4233 -40.8720 25.2949 -37.9948 19.0341 -37.3386 22.6980 -38.6803 26.5682 -39.4915 27.3649 -39.3389 24.5660 -38.6707 19.1883 -38.2222 11.9150 -36.3462 -9.7368 -31.1674 -47.2856 -24.1213 -48.0991 -14.4035 -45.3072 24.9958 -42.0314 31.2703 -40.7296 35.8554 -46.0831 -26.4302 -15.8856 -37.4526 30.6049 -42.5397 -25.2105 -28.3161 -34.5808 24.2022 -48.7663 -29.1944 28.3019 -44.6821 -26.5842 9.3695 -38.5085 -21.3723 -34.6958 -32.9086 12.9944 -48.8270 -29.6655 27.6747
-29.2011 -48.8113 9.3805 -32.9598 -32.8390 -21.7269 -38.7435 10.1718 -26.6694 -44.8277 28.6005 -29.5000 -48.8327 19.7715 -34.3302 -25.9970 -22.7908 -38.4574 9.9189 -29.4002 -46.6772 35.6807 -40.6036 15.4578 -37.3554 3.3129 -36.4124 13.8646 -39.4726 31.3981 -42.5163 18.5105 -46.0551 -18.4828 -48.7134 -27.8332 -38.7689 -34.2207 1.8840 -36.1479 -27.0183 -25.3247 -45.5298 28.0341 -35.8235 -43.0118 -17.8538 -42.6548 22.6669 -36.5804 -8.5385 -32.1781 -26.8937 -32.0948 -12.3293 -33.3264 -3.1740 -33.9966 -2.1224 -34.4777 -1.5670 -36.4613 8.0909 -36.6423 -9.6476 -32.0353 -48.5110 -19.0555 -45.2759 33.6703 -41.1859 27.5398 -38.8712 16.8818 -38.5564 25.1901 -43.2544 -21.3771 -34.4361 -36.6040 29.7223 -44.8954 -21.4354 -48.6874 -28.0343 -27.1539 -34.3243 19.7757 -48.8327 -29.5000 28.6005 -44.8277 -26.6694 10.1718 -38.7435 -21.7269 -32.8390 -32.9598 9.3805 -48.8113 -29.2011
-48.7159 5.8416 -33.0051 -30.7885 -22.0716 -38.9721 10.9166 -26.7645 -45.0041 29.0656 -29.7610 -48.8523 14.6187 -34.0405 -26.4754 -23.2413 -39.8059 21.3593 -34.7301 -47.3362 -12.7362 -42.1099 20.5685 -37.4342 -8.8099 -32.5439 -34.1140 -33.4894 4.5315 -38.0507 22.2082 -40.7945 35.9950 -43.2842 -8.3284 -48.1968 -28.8432 -18.6772 -36.9489 17.8483 -27.5700 -48.1195 35.5594 -38.1692 -12.2939 -25.4926 -45.8854 31.2375 -37.4225 -20.9538 -27.7458 -48.6188 -20.1803 -48.2233 -21.3573 -48.9643 -23.5678 -48.9599 -25.9437 -47.0510 -32.2410 4.4561 -38.9952 17.4176 -36.7334 -23.5704 -26.9400 -47.2418 31.9997 -40.8383 18.2528 -37.1775 2.0471 -36.0766 11.9882 -40.1388 -3.3834 -48.1742 -33.9271 21.9319 -43.5780 -23.8214 -4.9521 -37.8516 34.0293 -26.5755 -25.9853 -34.0459 14.6058 -48.8523 -29.7610 29.0656 -45.0041 -26.7645 10.9166 -38.9721 -22.0716 -30.7885 -33.0051 5.8416 -48.7159
-5.3445 -33.0217 -28.5621 -22.4058 -39.1977 11.6213 -26.8664 -45.1975 29.6265 -29.9842 -48.8216 9.3778 -33.7998 -26.0681 -23.9807 -45.1696 9.6204 -40.6663 13.8502 -30.4045 -47.7961 35.6896 -38.8993 0.8435 -31.5053 -48.0638 -26.0121 -46.9331 -32.7718 6.0909 -39.3270 33.4676 -42.4020 31.3311 -45.2408 -22.0654 -42.3722 -35.5285 30.2838 -48.7312 -31.0311 22.0283 -37.2610 -3.3308 -28.2840 -47.8909 35.3502 -39.0311 -0.7000 -28.2538 -47.5940 19.1946 -41.7184 35.1813 -41.7680 35.0244 -43.0823 16.2165 -46.0547 -21.1391 -42.4424 -32.8574 18.1901 -42.1879 21.1626 -35.4517 -42.6989 -19.3134 -43.9080 26.1969 -37.6976 -8.2707 -33.7518 -10.7938 -37.8192 34.9767 -47.4190 -29.4474 9.5156 -40.5293 -11.8507 -45.0259 -35.5789 34.4553 -49.6099 -36.5820 -22.9106 -26.1199 -33.7985 9.3708 -48.8216 -29.9842 29.6265 -45.1975 -26.8664 11.6213 -39.1977 -22.4058 -28.5621 -33.0217 -5.3445
-34.4328 -26.1758 -22.7263 -39.4242 12.3017 -26.9738 -45.4010 30.2351 -30.1798 -48.7726 4.6950 -33.6171 -24.9705 -23.7219 -46.2262 -27.9352 -48.4204 0.0953 -38.5566 -15.6356 -21.0233 -42.4078 17.0696 -34.4446 -46.3004 -23.4695 -48.2447 -25.7607 -37.3933 -36.5224 32.1910 -46.7862 -14.9544 -46.7092 -20.0483 -48.2634 -32.2439 9.3469 -40.7053 -13.0037 -44.1812 -31.1456 -35.6178 -26.7042 -47.9900 30.3039 -39.7391 8.2276 -30.2787 -48.4977 22.0602 -39.7547 17.5904 -36.7088 12.4420 -37.2655 19.4664 -39.6576 33.7015 -43.5652 3.5674 -32.2782 -45.7472 -8.9591 -41.3241 11.7909 -31.3134 -48.8566 22.6382 -40.5138 9.8510 -33.9136 -37.5037 -35.0127 19.9597 -43.0689 -21.7928 -27.1830 -37.6738 35.6280 -48.3344 -31.3542 20.0877 -43.8892 -26.1639 11.2616 -38.9765 -22.9409 -25.0155 -33.6175 4.6950 -48.7726 -30.1798 30.2351 -45.4010 -26.9738 12.3017 -39.4242 -22.7263 -26.1758 -34.4328
-26.6795 -23.0248 -39.6486 12.9724 -27.0849 -45.6103 30.8662 -30.3529 -48.7577 0.8326 -33.5367 -23.4459 -23.0730 -37.9599 -24.9310 5.5326 -30.2567 -47.2467 27.6263 -32.9624 -48.8549 33.9621 -38.5275 -3.9825 -30.1785 -48.6570 -25.9828 -47.7472 -31.2249 11.3476 -43.3239 -24.0397 -41.2862 -28.1362 -45.5682 -32.1237 -1.6227 -37.5401 24.4240 -43.4636 -17.3613 -48.6165 -23.5106 -46.0494 34.5439 -39.5639 10.2872 -31.2195 -48.7650 -0.6874 -40.0602 14.1478 -33.7064 -34.9396 -30.7931 -29.2665 -33.7068 6.5776 -37.8608 20.5858 -38.7950 2.4788 -27.1036 -46.6713 32.5959 -37.6151 -28.2882 -22.6593 -44.8019 26.8128 -37.0582 -24.3339 -33.4135 6.5275 -39.6618 7.5279 -48.7834 -33.5613 20.5971 -43.5414 -24.1776 -0.6577 -39.7089 -15.8202 -42.7128 -35.4503 17.6181 -39.1597 -23.0959 -23.4513 -33.5351 0.8326 -48.7577 -30.3529 30.8662 -45.6103 -27.0849 12.9724 -39.6486 -23.0248 -26.6795
-21.5787 -39.8707 13.6271 -27.1990 -45.8213 31.4994 -30.5128 -48.7548 -2.2469 -33.6554 -21.6223 -23.2710 -39.5753 12.9843 -18.8807 -38.5689 -25.5915 -15.4716 -38.9774 -8.9280 -23.7167 -43.7042 24.9913 -36.5655 -22.6429 -32.3086 -21.3598 -32.5179 -39.6732 -32.4738 -12.6140 29.2296 -36.5683 -9.2908 -34.9137 15.4820 -38.2723 20.2009 -39.9332 35.2452 -45.2312 -22.9677 -47.5340 6.4814 -38.0613 9.5208 -30.9473 -48.7323 -8.9910 -40.6741 16.7511 -33.0270 -46.8062 -22.7916 -48.1857 -22.8826 -48.1873 -29.8962 -22.2748 -33.9787 -5.6301 -30.1231 -48.7996 15.6434 -40.7233 9.9793 -30.9568 -48.7793 26.4403 -40.2802 7.9171 -34.3451 -13.3500 -37.6639 33.6629 -46.6207 -28.0380 3.5728 -39.3453 5.1895 -48.2253 -34.7781 35.0412 -49.2454 -33.4454 17.0963 -40.8467 18.5647 -39.4491 -23.2749 -21.6276 -33.6538 -2.2469 -48.7548 -30.5128 31.4994 -45.8213 -27.1990 13.6271 -39.8707 -21.5787
-40.5520 14.2681 -27.3152 -46.0330 32.1158 -30.6618 -48.7187 -4.7211 -33.9037 -19.5616 -23.4826 -39.7886 13.4168 -27.0710 -45.5942 18.4069 -27.9677 -44.7883 22.6062 -33.7769 -48.5492 -7.8652 -41.2423 17.5042 -36.7520 10.0059 -38.1060 19.5197 -33.5420 -46.5401 -24.3667 -43.6379 16.9726 -36.6640 18.6075 -43.5434 24.2689 -43.1757 33.6863 -42.3981 -15.2663 -39.5092 -35.4645 0.4332 -41.6059 -26.9887 -48.8406 -3.5360 -40.6438 18.1676 -33.4068 -46.4953 -18.6940 -44.2180 31.3832 -44.3178 -10.3904 -48.3321 -23.8741 -48.3749 -25.2423 -48.6645 -3.4336 -42.0409 19.9170 -35.1135 -44.3834 -17.6855 -43.4598 21.9397 -36.6258 -15.5443 -35.9817 20.9806 -42.8225 -20.3493 -37.3627 -36.6981 31.0169 -45.7572 -27.6330 10.1348 -42.3189 -24.7314 7.7035 -41.7754 33.2058 -35.9184 14.9169 -39.8036 -23.4793 -19.5616 -33.9037 -4.7211 -48.7187 -30.6618 32.1158 -46.0330 -27.3152 14.2681 -40.5520
14.8659 -27.3656 -46.2429 32.7028 -30.8035 -48.6492 -6.7527 -34.1654 -17.2819 -23.7069 -40.0247 14.0333 -27.2610 -45.8394 31.5436 -31.8163 -48.9104 24.2823 -38.7847 3.6295 -29.9227 -48.3753 25.0872 -40.4817 19.7266 -40.2490 33.8135 -46.0322 2.9940 -25.2448 -47.3317 33.5770 -37.8343 7.1158 -38.7011 -23.4527 -48.6506 -22.9115 -44.6702 33.6267 -47.1318 -29.0891 13.5933 -41.5161 -2.9822 -45.0117 33.7998 -39.6503 15.3866 -33.0205 -46.2336 -18.7309 -43.2313 29.8921 -39.8205 28.3642 -41.9516 31.8191 -45.1233 -2.4876 -45.7382 25.8885 -41.9245 23.0005 -36.9768 -24.6284 -25.3126 -46.5173 34.4747 -38.9485 2.4116 -35.8313 12.8178 -40.1938 1.3716 -48.7032 -33.0802 17.5301 -42.0298 -16.9990 -43.3273 -35.6933 33.7602 -49.1013 -35.7645 32.8278 -45.5054 -26.8358 -27.3431 14.0798 -40.0253 -23.7069 -17.2819 -34.1654 -6.7527 -48.6492 -30.8035 32.7028 -46.2429 -27.3656 14.8659
-26.1656 -46.4495 33.2434 -30.9429 -48.5443 -8.4388 -34.4332 -14.8975 -23.9393 -40.2728 14.7099 -27.4400 -46.1766 32.2965 -32.9571 -41.6308 -24.3714 -45.2754 32.7319 -38.0864 -10.1752 -27.1745 -47.0770 35.9718 -41.1332 35.0409 -48.8406 -26.7306 6.7964 -44.5648 34.9396 -38.9737 0.5344 -32.1996 -40.6904 19.1406 -35.2781 -3.8108 -14.4545 -42.7731 -5.2977 -48.2134 -33.0260 15.4458 -38.4237 21.5881 -37.1256 6.1352 -31.2593 -48.1135 -17.1228 -42.8617 25.6870 -37.4319 8.0440 -37.3682 17.6452 -40.0205 28.5911 -41.1269 30.2463 -40.3945 18.5336 -36.7855 -14.9290 -28.1036 -48.1387 28.8715 -40.6622 12.4499 -36.6306 10.0413 -39.5011 35.0082 -47.4800 -28.9121 5.3415 -39.7437 18.4663 -48.8347 -31.7074 14.0386 -41.7077 -23.5404 7.6453 -42.4398 -20.1780 16.8643 -46.1019 -27.4237 14.7112 -40.2728 -23.9393 -14.8975 -34.4332 -8.4388 -48.5443 -30.9429 33.2434 -46.4495 -26.1656
-46.5202 33.7092 -31.0757 -48.3999 -9.8795 -34.7022 -12.5069 -24.1700 -40.5208 15.4167 -27.5931 -46.4656 33.1386 -32.1398 -38.4444 -32.8509 -35.6977 -22.3536 -44.2247 27.3375 -36.6513 -32.8084 -22.8236 -44.9033 36.2178 -43.7655 -20.8773 -25.1670 -37.3066 20.1546 -37.4494 0.3971 -30.2889 -48.7397 -19.5207 -42.2002 23.4336 -37.1726 -37.1042 27.5544 -42.5823 -16.3810 -47.8069 -30.5687 -16.6688 -31.8406 -36.8418 -27.1217 -48.7801 -7.7761 -41.5472 22.7281 -35.7774 -19.8138 -31.9175 -25.0828 -34.3431 5.7710 -36.9953 12.0369 -37.2872 7.9638 -34.6462 -28.3940 -27.8523 -48.3941 8.8188 -41.5716 19.0152 -37.5269 11.4040 -39.3817 35.6444 -46.0774 -24.6658 -26.6173 -37.4217 34.1405 -47.0002 -28.1815 0.6905 -38.6889 32.5427 -48.6056 -32.2171 30.8113 -48.1808 -32.2249 32.8483 -46.4674 -27.5916 15.4167 -40.5208 -24.1700 -12.5069 -34.7022 -9.8795 -48.3999 -31.0757 33.7092 -46.5202
31.3763 -30.9060 -48.2149 -11.1435 -34.9696 -10.1937 -24.3940 -40.7637 16.1199 -27.7251 -46.7052 33.7732 -31.3703 -47.6352 -48.3554 33.7952 -34.5153 -46.4014 -14.0797 -42.3463 21.2477 -34.3111 -47.2361 -14.4901 -43.7640 1.0136 -47.4932 -28.0591 -21.7638 -32.9636 -31.1774 -28.4130 -48.5033 -10.6423 -44.1085 31.9991 -42.1887 -16.8713 2.0693 -37.3322 24.3178 -42.1921 -5.3360 -47.8411 -20.3542 -48.3065 -15.9550 -45.3235 33.7482 -39.7181 16.8235 -34.0161 -39.2920 -26.0951 -48.7708 -24.9334 -47.0939 -29.7346 -34.6697 -31.7469 -31.6809 -30.3672 -45.9790 -24.5532 -47.9327 10.0690 -41.8762 23.6351 -38.4427 13.8706 -39.5780 35.8037 -46.2413 -23.1624 -42.4064 -34.8793 21.0838 -43.0847 -22.0424 -26.7389 -37.5775 34.1465 -45.9448 -24.8367 -34.6724 -34.6677 -0.3046 -46.9455 -31.7465 33.7557 -46.7058 -27.7244 16.1199 -40.7637 -24.3940 -10.1937 -34.9696 -11.1435 -48.2149 -30.9060 31.3763
-30.9422 -47.9872 -12.2498 -35.2342 -8.0076 -24.6080 -41.0043 16.8075 -27.8464 -46.9133 34.2215 -31.4179 -47.9178 -14.4333 -27.2203 -43.6851 13.9983 -30.2223 -48.5316 -12.7732 -41.1510 10.6186 -29.7767 -48.2627 -16.5748 -48.2323 -23.8311 -48.6599 -28.3137 -47.7483 -26.0029 -48.2349 -11.4905 -43.2017 35.3120 -40.9495 33.5945 -46.5688 -27.6892 -24.7763 -35.3389 17.8394 -39.6062 33.1397 -41.7182 34.1128 -40.3488 24.3061 -37.2594 6.4278 -31.5523 -47.2435 -20.8440 -45.6048 9.3072 -45.5835 -13.9679 -48.2318 -21.7969 -48.6997 -22.6216 -48.3842 -16.3105 -46.0722 28.9133 -42.0107 28.4774 -39.7264 18.9913 -39.8504 35.4055 -47.0220 -24.9932 -39.1033 -34.2717 14.1541 -40.0800 1.0270 -48.3862 -34.1844 25.7466 -45.1756 -24.2226 -35.9253 -34.2473 2.5473 -34.6819 -15.1121 -47.8366 -31.4454 34.2165 -46.9133 -27.8464 16.8075 -41.0043 -24.6080 -8.0076 -35.2342 -12.2498 -47.9872 -30.9422
-48.0759 -13.2364 -35.4931 -5.9797 -24.8098 -41.2421 17.4892 -27.9641 -47.1034 34.5157 -31.4081 -47.7781 -13.4969 -34.3780 -36.9507 21.7131 -36.2016 -26.1980 -29.8826 -47.5581 32.6176 -36.5438 -37.2901 -24.8492 -48.3470 -30.2769 -27.9776 -31.4180 -40.6685 -29.6623 -47.7910 -24.2920 -47.4597 -1.6289 -42.6145 31.6204 -41.0933 34.0650 -47.4077 -24.0453 -44.4619 -31.9623 0.9870 -35.2637 9.0227 -35.2714 3.7023 -32.9382 -33.5461 -27.4228 -48.8552 -10.9648 -42.7400 32.6425 -40.5486 32.6567 -42.5976 30.2938 -44.8242 -8.5945 -45.3071 10.7141 -43.5109 36.2059 -42.0007 35.9202 -42.0765 34.1751 -41.0579 34.7665 -47.0108 -26.3844 -25.6976 -35.6677 17.3564 -40.1205 35.2576 -46.8313 -28.4408 9.5263 -41.3060 -17.4801 -38.0917 -36.2196 20.5882 -37.2379 3.9420 -34.8462 -13.7585 -47.7676 -31.4165 34.5156 -47.1034 -27.9641 17.4892 -41.2421 -24.8098 -5.9797 -35.4931 -13.2364 -48.0759
-14.8843 -35.7441 -4.1359 -24.9986 -41.4771 18.1649 -28.0815 -47.2835 34.6795 -31.4634 -47.6029 -13.9100 -35.0581 -8.8728 -23.5117 -39.9773 13.0165 -36.0080 4.7315 -32.1870 -31.4645 -17.3508 -28.1754 -48.6109 -31.2914 16.9536 -37.8323 11.8925 -36.1510 2.1525 -33.7224 -31.2200 -28.4674 -48.6984 -12.4349 -43.6570 36.0018 -41.7873 35.8266 -44.5088 -14.6645 -48.8200 -24.8818 -48.0757 -26.7224 -48.0679 -25.0616 -49.0350 -18.1772 -45.5913 32.6109 -40.0639 20.1562 -37.2710 11.6019 -38.3632 22.0337 -41.3142 27.8002 -47.6772 -12.8648 -44.0618 36.2530 -41.9425 17.4949 -46.8523 -16.2813 -46.7920 -7.7403 -46.5897 -25.6496 -20.9152 -36.8541 24.7815 -41.7409 23.4243 -46.2666 -22.7843 -37.7036 -36.7685 35.2650 -48.9364 -32.6513 21.8414 -44.4682 -5.1704 -26.4099 -11.2037 -35.0091 -13.9448 -47.5962 -31.4659 34.6795 -47.2835 -28.0815 18.1649 -41.4771 -24.9986 -4.1359 -35.7441 -14.8843
-36.9252 -2.4715 -25.1719 -41.7123 18.8358 -28.2001 -47.4576 34.7143 -31.5633 -47.3209 -14.3926 -35.4681 -7.3113 -25.1304 -42.1814 27.6642 -39.5068 17.7017 -39.9417 24.1550 -48.0563 -25.4172 -48.5964 -24.1612 -13.6885 -44.7014 34.4418 -40.8229 27.3025 -39.5162 19.0583 -37.2468 1.2222 -31.0827 -48.4877 -17.9143 -46.0265 -5.8694 -41.1804 29.4514 -41.0722 35.0662 -43.6507 11.8937 -44.3917 12.8557 -43.4895 34.8543 -40.8902 25.8179 -37.4581 8.0816 -33.3201 -29.5138 -32.4649 -5.6203 -36.7329 25.3772 -44.1179 -27.1063 -48.1589 -15.5949 -43.5392 4.7750 -48.7644 -28.4273 -36.1363 -28.9081 -48.3730 -26.4023 -35.4129 -36.3668 28.4151 -43.7861 -14.8141 -48.8493 -26.0787 -45.7259 -33.0698 16.2842 -43.0787 -23.6324 -3.7783 -39.3797 3.1394 -48.1763 -42.5391 -25.1815 -7.3864 -35.4624 -14.4061 -47.3189 -31.5639 34.7143 -47.4576 -28.2001 18.8358 -41.7123 -25.1719 -2.4715 -36.9252
-2.4791 -25.3391 -41.9448 19.5117 -28.3210 -47.6256 34.6050 -31.6811 -46.9480 -15.0399 -35.8567 -4.1254 -25.2404 -42.5287 28.8175 -43.3286 35.5301 -41.3472 27.0897 -42.3371 -3.9112 -46.0873 13.3954 -44.5528 -7.2989 -25.5654 -48.5189 2.2158 -44.6734 19.5374 -43.1494 32.2532 -39.2756 8.4066 -31.9980 -47.4787 -26.9553 -46.0774 33.3931 -37.7021 13.2444 -37.1393 18.0906 -37.6882 20.5049 -37.4621 16.9696 -36.2784 7.6594 -33.3858 -29.9178 -28.2532 -48.9326 -22.7654 -48.9357 -27.0752 -39.6702 -28.6015 -43.2744 17.9565 -31.7471 -48.7648 -9.4770 -47.0781 -28.7365 12.5765 -37.2332 12.5301 -33.4006 -35.2725 -34.7298 23.6259 -43.8728 -20.7477 -45.6362 -31.8859 -2.4869 -34.9081 1.6154 -38.2321 27.8218 -49.1052 -34.1653 26.1975 -44.8926 -25.0078 24.4767 -42.5601 -25.1713 -3.9535 -35.8663 -15.0348 -46.9466 -31.6817 34.6050 -47.6256 -28.3210 19.5117 -41.9448 -25.3391 -2.4791
-23.5503 -42.1742 20.1843 -28.4448 -47.7882 34.3287 -31.8044 -46.4951 -15.7291 -36.1746 -1.6705 -25.3968 -42.6546 22.3047 -34.3114 -15.4598 -47.2916 27.4414 -41.6040 28.0285 -41.3758 31.6801 -40.6279 26.2839 -38.5242 -19.3048 -23.8109 -48.0571 -24.2720 -48.9900 -20.3241 -46.3339 35.7557 -39.7198 7.9818 -33.5612 -13.7449 -36.2637 -21.4031 -39.1786 -30.1232 -36.6892 -31.0546 -27.1401 -31.4720 -30.5804 -30.0892 -43.8673 -26.6353 -49.1036 -19.5477 -46.0011 14.7214 -43.2459 18.5489 -45.8558 -15.4650 -48.0337 35.4850 -38.2606 -17.8146 -25.6012 -46.2706 -18.5773 -32.8710 -41.2680 24.8041 -42.1613 15.1590 -35.3773 12.3243 -41.3151 -17.4609 -43.2642 -34.3518 17.5800 -39.3479 25.0626 -38.0721 20.5847 -43.9256 -24.9211 2.8257 -40.1167 -8.9443 -48.7668 -32.5347 21.7022 -42.2356 -25.3561 -1.7244 -36.1796 -15.7231 -46.4933 -31.8048 34.3287 -47.7882 -28.4448 20.1843 -42.1742 -23.5503
-42.6289 20.8539 -28.5708 -47.9454 33.8548 -31.9279 -45.9582 -16.3996 -36.4378 0.1749 -25.5246 -42.5978 22.2828 -28.7544 -48.7067 -39.6858 -25.7754 -48.0066 30.4407 -40.6852 18.8098 -38.1421 9.6497 -35.6035 -3.9198 -28.7658 -48.6342 -28.1992 -3.4758 -33.4063 -36.1485 -25.2809 -47.0369 35.7167 -39.0855 2.9992 -35.7011 18.4764 -44.7127 -12.9958 -47.0024 -16.7678 -47.6050 -19.6256 -47.6566 -18.2464 -46.4067 -11.9210 -44.3180 29.3315 -41.4714 30.3084 -39.2714 23.5159 -39.8512 30.7521 -41.4274 32.8220 -39.5488 7.3107 -33.0333 -47.6942 -15.3780 -43.9242 -7.4139 -29.6451 -47.6522 -21.3023 -38.2191 6.7936 -38.0682 24.3420 -49.0287 -33.1914 21.5141 -42.3883 -3.9169 -46.5949 23.1816 -38.9429 30.8933 -49.1584 -32.8615 32.1612 -49.2580 -27.9115 -24.5112 -37.1316 29.5411 -43.2402 -26.5890 -0.7262 -36.4295 -16.3955 -45.9571 -31.9279 33.8548 -47.9454 -28.5708 20.8539 -42.6289
21.6558 -28.5648 -48.0946 33.1477 -32.0511 -45.3291 -17.0392 -36.6679 1.6302 -25.6324 -42.6459 22.1026 -28.0370 -47.3101 22.0819 -33.8781 -33.2394 -25.7441 -46.9842 34.6762 -38.4280 -0.2174 -32.0953 -44.5881 -25.9444 -48.2815 -21.0522 -34.0161 -39.1613 19.9210 -36.1690 -30.4791 -23.8020 -45.3953 29.9688 -37.7030 -4.3550 -36.3375 21.8632 -39.9883 31.4565 -41.0344 35.2825 -45.6888 23.2986 -42.3421 -5.5381 -43.2971 22.9289 -38.4283 29.8401 -39.1191 13.3533 -38.7339 25.3098 -39.9877 20.5125 -39.3377 17.5615 -36.5330 -9.8888 -31.3810 -48.5729 30.8905 -40.6826 6.2173 -32.7442 -32.7339 -27.1249 -35.1921 22.5472 -45.2435 -27.7923 11.0530 -41.4883 -17.1558 -46.3272 -22.5356 -33.8216 13.6824 -41.3217 -14.3378 -47.6633 -24.9133 -29.4476 -30.4996 -35.1821 16.6382 -41.0417 6.2399 -47.8515 -30.2152 0.2893 -36.6661 -17.0380 -45.3278 -32.0511 33.1477 -48.0946 -28.5648 21.6558
-27.7337 -48.2329 32.1766 -32.1718 -44.6064 -17.6465 -36.8843 2.8558 -25.7252 -42.7776 22.2497 -28.3312 -47.8373 34.9253 -35.9295 8.7661 -35.3635 -35.6531 -22.1834 -43.3760 19.1713 -33.7336 -48.0052 -19.8246 -46.0245 28.6292 -42.8715 19.2026 -2.6751 -42.5437 21.5826 -34.9266 -45.1419 -16.5750 -42.5244 19.2576 -35.8039 -23.2897 -34.0026 3.1260 -35.6397 11.1160 -37.0227 -60.6952 -190.2249 11.1874 -28.6958 -104.0756 -28.9128 -77.7407 -30.6485 -68.7206 49.8921 3.6410 -127.5736 -15.9113 40.9136 -14.8624 -90.2759 17.9772 -38.0619 20.6672 -18.0827 -42.5683 19.7174 -35.7120 7.4723 -41.2782 -26.9695 -9.1767 -38.7006 -11.0519 -40.1802 -36.8284 25.4201 -48.6952 -33.4836 29.2334 -41.9471 -34.5671 21.6534 -42.4360 -3.6583 -47.1625 22.6186 -36.2499 8.0721 -39.8880 24.8357 -48.6395 -28.4303 -36.2135 -30.8634 2.1965 -36.8846 -17.6474 -44.6049 -32.1718 32.1766 -48.2329 -27.7337
-48.1062 30.8525 -32.2813 -43.7815 -18.2165 -37.0945 3.9408 -25.8146 -42.9573 22.6472 -28.5985 -48.0594 34.0940 -34.6521 4.2877 -40.0612 16.3756 -34.3833 -47.7218 2.3121 -38.2316 -14.1803 -23.9124 -44.9285 35.1408 -39.9109 20.1207 -36.2714 -45.4685 -7.7420 -40.9212 11.8172 -31.5967 -48.8623 18.4260 -40.1062 7.9829 -32.5674 -46.5838 -27.8814 -45.4919 -31.2549 9.4192 -120.1010 -111.1852 -57.9988 -53.2328 -54.8367 -128.7536 21.8825 -24.1185 -34.0596 -53.0627 -8.7610 24.4143 35.1402 -37.6508 -18.0043 -33.1823 -40.9996 34.3175 -49.1653 -33.0329 12.1416 -34.3268 -26.6109 -35.8492 34.7708 -49.0471 -32.5311 24.6987 -45.9618 -29.5274 17.2978 -44.1272 -25.7894 9.4079 -42.1616 -22.6824 -38.0447 -35.4830 20.1338 -40.4892 29.0463 -38.2092 2.0679 -37.6288 32.1314 -46.9375 -27.4643 -2.0744 -36.3919 -48.5033 -27.6725 3.9833 -37.0916 -18.2174 -43.7815 -32.2813 30.8525 -48.1062
