-33.2645 -21.0754 -40.1717 13.5701 -25.8779 -46.1480 31.3562 -30.6116 -48.4517 -13.7234 -36.4990 -5.9825 -23.2379 -42.2276 20.3450 -27.4257 -47.8672 22.7536 -32.3335 -43.9653 -18.4810 -38.4598 6.9840 -24.6422 -44.3474 27.2263 -29.0891 -48.6957 -4.2042 -34.2438 -28.3727 -21.4151 -40.4178 14.4169 -26.0613 -46.3885 31.4311 -30.8286 -48.2257 -14.4983 -36.7738 -3.6708 -23.4436 -42.4887 21.1973 -27.6200 -48.0240 19.8086 -32.5143 -43.4823 -25.4044 -43.4823 -32.5143 19.8086 -48.0240 -27.6200 21.1973 -42.4887 -23.4436 -3.6708 -36.7738 -14.4983 -48.2257 -30.8286 31.4311 -46.3885 -26.0613 14.4169 -40.4178 -21.4151 -28.3727 -34.2438 -4.2042 -48.6957 -29.0891 27.2263 -44.3474 -24.6422 6.9840 -38.4598 -18.4810 -43.9653 -32.3335 22.7536 -47.8672 -27.4257 20.3450 -42.2276 -23.2379 -5.9825 -36.4990 -13.7234 -48.4517 -30.6116 31.3562 -46.1480 -25.8779 13.5701 -40.1717 -21.0754 -33.2645
-21.0754 -39.5598 13.1902 -27.1617 -46.0468 32.7170 -30.6812 -48.3872 -11.2523 -35.2502 -5.8613 -25.0168 -41.7310 19.5655 -28.3300 -47.9550 33.0509 -31.7900 -43.7088 -18.7890 -37.5175 6.6789 -26.2095 -44.0639 26.6309 -29.5849 -48.8234 8.1305 -32.8915 -27.8788 -22.8114 -39.7217 13.8387 -27.2851 -46.3036 33.3790 -30.8319 -48.1452 -12.5936 -35.5677 -3.6301 -25.2310 -42.0203 20.4040 -28.4768 -48.1357 31.7861 -31.9154 -42.4359 -19.0535 -39.7230 -19.0535 -42.4337 -31.9176 31.7861 -48.1357 -28.4768 20.4040 -42.0203 -25.2310 -3.6301 -35.5677 -12.5936 -48.1452 -30.8319 33.3790 -46.3036 -27.2851 13.8387 -39.7217 -22.8114 -27.8788 -32.8915 8.1305 -48.8234 -29.5849 26.6309 -44.0639 -26.2095 6.6789 -37.5175 -18.7890 -43.7088 -31.7900 33.0509 -47.9550 -28.3300 19.5655 -41.7310 -25.0168 -5.8613 -35.2502 -11.2523 -48.3872 -30.6812 32.7170 -46.0468 -27.1617 13.1902 -39.5598 -21.0754
-40.1717 13.1902 -27.1750 -45.9062 32.2485 -30.8440 -48.5277 -10.0224 -34.9872 -7.8879 -24.8241 -41.5025 18.9084 -28.3239 -47.7973 33.8281 -32.0757 -44.5212 -18.2750 -37.3085 5.8348 -26.1119 -43.8356 25.9099 -29.6497 -48.8212 11.7562 -32.9586 -30.1606 -22.5028 -39.5005 13.1960 -27.2310 -46.0945 32.8660 -30.9949 -48.3418 -11.5350 -35.3092 -5.4262 -25.0543 -41.7914 19.7399 -28.4777 -47.9904 32.8982 -32.2168 -43.4864 -18.9729 -37.3715 16.6388 -37.3689 -18.9785 -43.4829 -32.2189 32.8982 -47.9904 -28.4777 19.7399 -41.7914 -25.0543 -5.4262 -35.3092 -11.5350 -48.3418 -30.9949 32.8660 -46.0945 -27.2310 13.1960 -39.5005 -22.5028 -30.1606 -32.9586 11.7562 -48.8212 -29.6497 25.9099 -43.8356 -26.1119 5.8348 -37.3085 -18.2750 -44.5212 -32.0757 33.8281 -47.7973 -28.3239 18.9084 -41.5025 -24.8241 -7.8879 -34.9872 -10.0224 -48.5277 -30.8440 32.2485 -45.9062 -27.1750 13.1902 -40.1717
13.5701 -27.1617 -45.9062 32.0465 -30.7766 -48.6120 -8.8305 -34.7403 -10.0076 -24.6245 -41.2717 18.2472 -28.1990 -47.6310 34.3237 -31.9657 -45.2363 -17.7240 -37.1014 4.9437 -26.0082 -43.6031 25.1800 -29.5199 -48.7941 15.2724 -32.8966 -32.3094 -22.1670 -39.2812 12.5498 -27.1125 -45.8786 32.2782 -30.8691 -48.4959 -10.3653 -35.0386 -7.4485 -24.8687 -41.5637 19.0840 -28.3477 -47.8325 33.6949 -32.1171 -44.3120 -18.4150 -37.3833 5.0848 -31.3320 5.0873 -37.3793 -18.4122 -44.3136 -32.1159 33.6966 -47.8325 -28.3477 19.0840 -41.5637 -24.8687 -7.4485 -35.0386 -10.3653 -48.4959 -30.8691 32.2782 -45.8786 -27.1125 12.5498 -39.2812 -22.1670 -32.3094 -32.8966 15.2724 -48.7941 -29.5199 25.1800 -43.6031 -26.0082 4.9437 -37.1014 -17.7240 -45.2363 -31.9657 34.3237 -47.6310 -28.1990 18.2472 -41.2717 -24.6245 -10.0076 -34.7403 -8.8305 -48.6120 -30.7766 32.0465 -45.9062 -27.1617 13.5701
-25.8779 -46.0468 32.2485 -30.7766 -48.6382 -8.0565 -34.5481 -11.9471 -24.4325 -41.0515 17.6022 -28.0746 -47.4579 34.6129 -31.8506 -45.8615 -17.1391 -36.8962 3.9965 -25.9053 -43.3667 24.4452 -29.3920 -48.7472 18.6063 -32.8171 -34.3109 -21.8109 -39.0641 11.8998 -26.9937 -45.6564 31.6377 -30.7445 -48.6110 -9.0533 -34.7572 -9.7093 -24.6657 -41.3378 18.4375 -28.2158 -47.6631 34.2519 -32.0136 -45.0359 -17.9238 -37.0989 5.2369 -26.2695 -46.0882 -26.2620 5.2494 -37.1417 -17.8783 -45.0491 -32.0121 34.2544 -47.6627 -28.2158 18.4375 -41.3378 -24.6657 -9.7093 -34.7572 -9.0533 -48.6110 -30.7445 31.6377 -45.6564 -26.9937 11.8998 -39.0641 -21.8109 -34.3109 -32.8171 18.6063 -48.7472 -29.3920 24.4452 -43.3667 -25.9053 3.9965 -36.8962 -17.1391 -45.8615 -31.8506 34.6129 -47.4579 -28.0746 17.6022 -41.0515 -24.4325 -11.9471 -34.5481 -8.0565 -48.6382 -30.7766 32.2485 -46.0468 -25.8779
-46.1480 32.7170 -30.8440 -48.6120 -8.0565 -34.4713 -13.2019 -24.2848 -40.8714 17.0358 -27.9560 -47.2794 34.7244 -31.7330 -46.4076 -16.5127 -36.6933 2.9850 -25.8042 -43.1297 23.7161 -29.2672 -48.6832 21.6248 -32.7286 -36.1360 -21.4377 -38.8513 11.2502 -26.8758 -45.4315 30.9615 -30.6224 -48.6904 -7.5851 -34.4671 -12.1689 -24.4473 -41.1159 17.8055 -28.0840 -47.4852 34.5873 -31.9078 -45.6552 -17.3664 -36.7834 10.8321 -26.1980 -43.0371 34.5883 -43.0615 -25.9345 4.1538 -36.9331 -17.3129 -45.6861 -31.9088 34.5889 -47.4848 -28.0840 17.8055 -41.1159 -24.4473 -12.1689 -34.4671 -7.5851 -48.6904 -30.6224 30.9615 -45.4315 -26.8758 11.2502 -38.8513 -21.4377 -36.1360 -32.7286 21.6248 -48.6832 -29.2672 23.7161 -43.1297 -25.8042 2.9850 -36.6933 -16.5127 -46.4076 -31.7330 34.7244 -47.2794 -27.9560 17.0358 -40.8714 -24.2848 -13.2019 -34.4713 -8.0565 -48.6120 -30.8440 32.7170 -46.1480
31.3562 -30.6812 -48.5277 -8.8305 -34.5481 -13.2019 -24.2274 -40.7686 16.6324 -27.8626 -47.1164 34.6883 -31.6200 -46.8756 -15.8377 -36.4923 1.9134 -25.7037 -42.8883 22.9813 -29.1481 -48.6030 24.2666 -32.6237 -37.8168 -21.0402 -38.6439 10.6021 -26.7569 -45.2001 30.2462 -30.5065 -48.7383 -5.9418 -34.1641 -14.8318 -24.2111 -40.8991 17.1901 -27.9499 -47.2971 34.7287 -31.8046 -46.2110 -16.7541 -36.6638 11.9761 -37.8516 -24.5315 -0.6043 -32.8176 23.2328 -43.2414 -25.8335 3.1384 -36.7224 -16.7184 -46.2382 -31.8064 34.7295 -47.2971 -27.9499 17.1901 -40.8986 -24.2111 -14.8318 -34.1641 -5.9418 -48.7383 -30.5065 30.2462 -45.2001 -26.7569 10.6021 -38.6439 -21.0402 -37.8168 -32.6237 24.2666 -48.6030 -29.1481 22.9813 -42.8883 -25.7037 1.9134 -36.4923 -15.8377 -46.8756 -31.6200 34.6883 -47.1164 -27.8626 16.6324 -40.7686 -24.2274 -13.2019 -34.5481 -8.8305 -48.5277 -30.6812 31.3562
-30.6116 -48.3872 -10.0224 -34.7403 -11.9471 -24.2848 -40.7686 16.4836 -27.8115 -47.0016 34.5758 -31.5226 -47.2450 -15.1430 -36.2917 0.7841 -25.5981 -42.6386 22.2303 -29.0387 -48.5137 26.4765 -32.4919 -39.3756 -20.6101 -38.4463 9.9684 -26.6354 -44.9587 29.4865 -30.4017 -48.7588 -4.1327 -33.8447 -17.6911 -23.9533 -40.6867 16.5959 -27.8058 -47.0981 34.6944 -31.7061 -46.7192 -16.1437 -36.4452 9.1482 -37.7554 26.6781 -47.3213 -20.5685 -48.6245 -30.8809 23.1694 -42.9860 -25.7318 2.0392 -36.5148 -16.0840 -46.7187 -31.7092 34.6945 -47.0946 -27.8144 16.5897 -40.6867 -23.9533 -17.6911 -33.8447 -4.1327 -48.7588 -30.4017 29.4865 -44.9587 -26.6354 9.9684 -38.4463 -20.6101 -39.3756 -32.4919 26.4765 -48.5137 -29.0387 22.2303 -42.6386 -25.5981 0.7841 -36.2917 -15.1430 -47.2450 -31.5226 34.5758 -47.0016 -27.8115 16.4836 -40.7686 -24.2848 -11.9471 -34.7403 -10.0224 -48.3872 -30.6116
-48.4517 -11.2523 -34.9872 -10.0076 -24.4325 -40.8714 16.6324 -27.8115 -46.9596 34.4841 -31.4511 -47.5002 -14.5087 -36.1013 -0.3685 -25.4850 -42.3880 21.4635 -28.9414 -48.4176 28.2642 -32.3307 -40.8290 -20.1362 -38.2614 9.3584 -26.5100 -44.7038 28.6761 -30.3124 -48.7569 -2.1973 -33.5073 -20.6765 -23.6729 -40.4813 16.0427 -27.6382 -46.6925 34.4601 -31.7084 -47.1254 -15.4689 -36.1039 2.9980 -34.4517 1.6640 -38.0455 27.7984 -39.6001 -14.0457 -41.8469 -32.9506 22.1450 -42.7385 -25.6225 0.8742 -36.3021 -15.4332 -47.1139 -31.5540 34.5121 -46.9038 -27.6790 16.0084 -40.4830 -23.6729 -20.6765 -33.5073 -2.1973 -48.7569 -30.3124 28.6761 -44.7038 -26.5100 9.3584 -38.2614 -20.1362 -40.8290 -32.3307 28.2642 -48.4176 -28.9414 21.4635 -42.3880 -25.4850 -0.3685 -36.1013 -14.5087 -47.5002 -31.4511 34.4841 -46.9596 -27.8115 16.6324 -40.8714 -24.4325 -10.0076 -34.9872 -11.2523 -48.4517
-13.7234 -35.2502 -7.8879 -24.6245 -41.0515 17.0358 -27.8626 -47.0016 34.4841 -31.4234 -47.6350 -14.0392 -35.9460 -1.4374 -25.3719 -42.1504 20.7231 -28.8568 -48.3188 29.6555 -32.1289 -42.2028 -19.5958 -38.0983 8.8033 -26.3783 -44.4274 27.7944 -30.2493 -48.7388 -0.2362 -33.1442 -23.7557 -23.3640 -40.2888 15.5290 -27.4649 -46.1113 33.2771 -29.5600 -47.6391 -15.3260 -35.9950 -2.0983 -29.6207 -45.9691 -31.0206 -20.2899 -33.1903 -8.2084 -22.1472 -35.3851 -28.6137 -32.1179 21.5846 -42.4595 -25.4965 -0.5642 -36.0817 -13.9645 -47.7845 -33.1567 34.1580 -46.6844 -27.5399 15.4602 -40.2913 -23.3640 -23.7510 -33.1463 -0.2301 -48.7388 -30.2493 27.7944 -44.4274 -26.3783 8.8033 -38.0983 -19.5958 -42.2028 -32.1289 29.6555 -48.3188 -28.8568 20.7231 -42.1504 -25.3719 -1.4374 -35.9460 -14.0392 -47.6350 -31.4234 34.4841 -47.0016 -27.8626 17.0358 -41.0515 -24.6245 -7.8879 -35.2502 -13.7234
-36.4990 -5.8613 -24.8241 -41.2717 17.6022 -27.9560 -47.1164 34.5758 -31.4511 -47.6350 -13.8598 -35.8567 -2.2130 -25.2769 -41.9544 20.0782 -28.7874 -48.2259 30.6900 -31.8961 -43.4455 -18.9799 -37.9715 8.3729 -26.2395 -44.1246 26.8308 -30.2294 -48.7216 1.5058 -32.7489 -26.8910 -23.0176 -40.1156 15.0221 -27.3208 -46.0392 29.8069 -44.9714 -41.3267 32.5081 -35.7943 -3.5442 -26.0843 -46.9039 -17.2831 -48.8392 -22.4629 -49.0266 -19.6738 -45.8436 18.0035 -30.4095 -48.6893 -29.4239 21.1251 -42.2660 -25.4717 3.0985 -35.4071 -20.0178 14.4137 -37.7238 33.7691 -46.4342 -27.4045 14.9557 -40.1139 -23.0221 -26.8257 -32.7500 1.5334 -48.7233 -30.2294 26.8296 -44.1246 -26.2395 8.3729 -37.9715 -18.9799 -43.4455 -31.8961 30.6900 -48.2259 -28.7874 20.0782 -41.9544 -25.2769 -2.2130 -35.8567 -13.8598 -47.6350 -31.4511 34.5758 -47.1164 -27.9560 17.6022 -41.2717 -24.8241 -5.8613 -36.4990
-5.9825 -25.0168 -41.5025 18.2472 -28.0746 -47.2794 34.6883 -31.5226 -47.5002 -14.0392 -35.8567 -2.4910 -25.2236 -41.8274 19.5984 -28.7352 -48.1465 31.4113 -31.6544 -44.5012 -18.3071 -37.8886 8.1091 -26.0960 -43.7900 25.7638 -30.2735 -48.7059 2.5953 -32.3438 -30.0035 -22.6224 -39.9563 14.5276 -27.2054 -46.0313 34.3986 -44.7822 -19.0226 -17.6994 -30.3048 -40.7184 -22.9410 -42.5798 35.5690 -42.7576 34.1846 -43.1032 35.3120 -40.1136 22.0909 -32.5253 -48.4789 -15.4225 -47.6495 -28.6776 19.6285 -41.4977 -19.4914 -49.1906 -6.0190 -45.3831 29.0201 -38.3851 33.1281 -46.2317 -27.2998 14.3929 -39.8726 -22.8264 -30.2056 -32.3292 2.6301 -48.7082 -30.2739 25.7627 -43.7900 -26.0960 8.1091 -37.8886 -18.3071 -44.5012 -31.6544 31.4113 -48.1465 -28.7352 19.5984 -41.8274 -25.2236 -2.4910 -35.8567 -14.0392 -47.5002 -31.5226 34.6883 -47.2794 -28.0746 18.2472 -41.5025 -25.0168 -5.9825
-23.2379 -41.7310 18.9084 -28.1990 -47.4579 34.7244 -31.6200 -47.2450 -14.5087 -35.9460 -2.2130 -25.2236 -41.7828 19.3424 -28.6983 -48.0853 31.8613 -31.4215 -45.3470 -17.6040 -37.8526 8.0435 -25.9564 -43.4361 24.6381 -30.4153 -48.6990 2.3616 -31.8995 -32.8890 -23.2815 -38.4373 14.1822 -27.1416 -45.7987 34.6609 -41.3577 35.8981 -45.5864 -17.7765 -47.3995 -5.8997 -39.3768 19.6367 -37.4428 15.8351 -37.4316 14.3179 -35.2205 0.0992 -29.7994 -49.0284 -10.5168 -41.2632 22.2839 -47.9629 -28.8423 13.7832 -39.2763 34.2679 -43.5431 33.2130 -41.1420 10.2424 -35.0651 32.6523 -46.2692 -26.0659 24.0140 -43.8498 -24.6777 -33.7631 -31.8566 2.3826 -48.6996 -30.4156 24.6381 -43.4361 -25.9564 8.0435 -37.8526 -17.6040 -45.3470 -31.4215 31.8613 -48.0853 -28.6983 19.3424 -41.7828 -25.2236 -2.2130 -35.9460 -14.5087 -47.2450 -31.6200 34.7244 -47.4579 -28.1990 18.9084 -41.7310 -23.2379
-42.2276 19.5655 -28.3239 -47.6310 34.6129 -31.7330 -46.8756 -15.1430 -36.1013 -1.4374 -25.2769 -41.8274 19.3424 -28.6834 -48.0500 32.1278 -31.2394 -45.9507 -16.9307 -37.8642 8.1925 -25.8319 -43.0964 23.5614 -30.6900 -48.7274 0.0232 -31.3855 -35.6485 -23.2954 -46.8795 -24.6215 -19.5150 -45.9097 31.6671 -36.9187 16.1940 -40.3663 28.5789 -40.8564 28.1838 -36.0744 5.9948 -32.3242 -31.8233 -31.4856 -35.8264 -28.8426 -47.9468 -22.8115 -46.6650 24.2024 -39.7670 27.3845 -42.0907 10.5517 -47.9604 -28.1610 -4.0550 -35.3192 15.3619 -37.7950 9.1652 -33.2952 -37.9969 -32.1814 25.1532 -42.3420 20.6831 -34.5417 -48.7300 -24.6453 -36.6065 -31.3368 0.0231 -48.7274 -30.6900 23.5614 -43.0964 -25.8319 8.1925 -37.8642 -16.9307 -45.9507 -31.2394 32.1278 -48.0500 -28.6834 19.3424 -41.8274 -25.2769 -1.4374 -36.1013 -15.1430 -46.8756 -31.7330 34.6129 -47.6310 -28.3239 19.5655 -42.2276
20.3450 -28.3300 -47.7973 34.3237 -31.8506 -46.4076 -15.8377 -36.2917 -0.3685 -25.3719 -41.9544 19.5984 -28.6983 -48.0500 32.2248 -31.1444 -46.3031 -16.4059 -37.9071 8.5034 -25.7296 -42.8063 22.6585 -31.1337 -48.7599 -4.6382 -30.8575 -38.1986 -21.8411 -45.4383 -31.4807 14.3354 -40.2048 21.2129 -32.8257 -25.8298 -33.7292 2.1032 -35.1204 3.1131 -32.0527 -39.7270 -26.0224 -48.4250 -25.6171 -48.7639 -22.8196 -46.4373 2.9444 -41.3040 28.0945 -37.3327 14.1646 -39.7114 29.4025 -43.5067 13.3641 -47.0181 -23.5935 -47.2382 -29.0677 -37.1939 -29.0651 -48.2470 -23.3893 -48.7362 -29.7388 6.2840 -36.1229 -5.4891 -24.6377 -46.0318 -22.0732 -38.5745 -30.8345 -4.6523 -48.7599 -31.1337 22.6588 -42.8063 -25.7296 8.5034 -37.9071 -16.4059 -46.3031 -31.1444 32.2248 -48.0500 -28.6983 19.5984 -41.9544 -25.3719 -0.3685 -36.2917 -15.8377 -46.4076 -31.8506 34.3237 -47.7973 -28.3300 20.3450
-27.4257 -47.9550 33.8281 -31.9657 -45.8615 -16.5127 -36.4923 0.7841 -25.4850 -42.1504 20.0782 -28.7352 -48.0853 32.1278 -31.1444 -46.4181 -16.1191 -37.9500 8.8414 -25.6546 -42.5952 22.0558 -31.7891 -48.6322 -10.4858 -30.3611 -40.2610 -20.4649 -40.6015 -3.6040 -44.4311 -31.3818 -17.9646 -28.4089 -49.0191 -23.4312 -48.9652 -25.7108 -48.7880 -23.6881 -48.2414 -12.6457 -43.3985 -13.8451 -44.4443 -28.4060 -48.7559 -7.0053 -40.4834 19.3981 -35.6214 -9.6258 -35.5622 12.2916 -40.6215 31.0202 -43.3492 34.7897 -44.0662 -3.1842 -46.3319 -15.5931 -47.0201 -6.0114 -44.2062 2.9240 -47.0969 -23.6404 -48.0914 -24.9474 -48.0917 26.8649 -41.7136 -20.4482 -40.2992 -30.3529 -10.4917 -48.6317 -31.7891 22.0561 -42.5952 -25.6546 8.8414 -37.9500 -16.1191 -46.4181 -31.1444 32.1278 -48.0853 -28.7352 20.0782 -42.1504 -25.4850 0.7841 -36.4923 -16.5127 -45.8615 -31.9657 33.8281 -47.9550 -27.4257
-47.8672 33.0509 -32.0757 -45.2363 -17.1391 -36.6933 1.9134 -25.5981 -42.3880 20.7231 -28.7874 -48.1465 31.8613 -31.2394 -46.3031 -16.1191 -37.9686 9.0540 -25.6098 -42.4735 21.7858 -32.6657 -47.8412 -15.9695 -29.9394 -41.8425 -19.9043 -39.6987 25.3536 -40.9435 -8.1234 -47.3993 -16.5045 -45.2981 21.0367 -43.5088 20.0115 -44.2968 24.4923 -42.2136 32.8152 -37.9495 18.1887 -31.6668 -35.8369 8.7278 -30.5586 -48.0366 34.8391 -36.9840 -27.6866 -30.6519 -33.0816 -35.4841 13.4522 -40.2474 25.2757 -41.4739 28.2754 -40.4306 30.9264 -40.9424 32.3075 -40.7343 27.6070 -39.6010 32.1525 -42.0764 21.7799 -44.3380 35.6962 -41.0584 23.4589 -39.5060 -19.9393 -41.8669 -29.9346 -15.9697 -47.8404 -32.6657 21.7858 -42.4735 -25.6098 9.0540 -37.9686 -16.1191 -46.3031 -31.2394 31.8613 -48.1465 -28.7874 20.7231 -42.3880 -25.5981 1.9134 -36.6933 -17.1391 -45.2363 -32.0757 33.0509 -47.8672
22.7536 -31.7900 -44.5212 -17.7240 -36.8962 2.9850 -25.7037 -42.6386 21.4635 -28.8568 -48.2259 31.4113 -31.4215 -45.9507 -16.4059 -37.9500 9.0540 -25.5949 -42.4253 21.7510 -33.6214 -45.2157 -20.5510 -29.6486 -42.8808 -19.5649 -39.5031 14.7683 -36.8017 16.9987 -39.3424 29.4953 -39.6506 24.3422 -38.3768 20.3894 -38.3160 19.5465 -36.6114 11.1885 -33.5281 -19.6595 -29.5670 -47.9247 32.3284 -39.6535 2.4402 -21.6330 -41.8742 10.0991 -29.9190 -48.7649 -27.3318 -32.8796 -34.8811 8.6565 -38.2255 13.9653 -38.1837 11.6277 -36.7795 9.7065 -36.1655 8.6577 -35.9127 5.6681 -35.4689 12.1359 -36.6471 17.9761 -37.5823 10.2067 -34.9928 13.5532 -39.7331 -19.5770 -42.8839 -29.6486 -20.5508 -45.2157 -33.6214 21.7510 -42.4253 -25.5949 9.0540 -37.9500 -16.4059 -45.9507 -31.4215 31.4113 -48.2259 -28.8568 21.4635 -42.6386 -25.7037 2.9850 -36.8962 -17.7240 -44.5212 -31.7900 22.7536
-32.3335 -43.7088 -18.2750 -37.1014 3.9965 -25.8042 -42.8883 22.2303 -28.9414 -48.3188 30.6900 -31.6544 -45.3470 -16.9307 -37.9071 8.8414 -25.6098 -42.4253 21.7713 -34.2844 -39.8920 -24.0143 -29.5008 -43.3479 -19.3717 -40.4347 14.0467 -31.0785 -36.6242 -32.6511 -2.6677 -34.0587 -2.2784 -33.2686 -14.6356 -32.6231 -20.9260 -30.9124 -41.1572 -26.6892 -49.1725 -19.4496 -45.8983 7.6991 -41.3723 30.5154 -34.8370 -49.0438 32.2222 -33.9269 -47.9472 -18.2179 -48.0444 -25.4227 -42.5470 -32.2067 -13.4157 -34.0679 -14.0581 -32.5381 -35.2944 -30.0164 -43.4044 -28.7563 -45.2656 -28.1807 -46.1295 -28.9156 -38.5871 -30.6111 -34.8435 -29.3679 -47.2537 -29.4459 15.0016 -40.5373 -19.3758 -43.3480 -29.5010 -24.0142 -39.8920 -34.2844 21.7713 -42.4253 -25.6098 8.8414 -37.9071 -16.9307 -45.3470 -31.6544 30.6900 -48.3188 -28.9414 22.2303 -42.8883 -25.8042 3.9965 -37.1014 -18.2750 -43.7088 -32.3335
-43.9653 -18.7890 -37.3085 4.9437 -25.9053 -43.1297 22.9813 -29.0387 -48.4176 29.6555 -31.8961 -44.5012 -17.6040 -37.8642 8.5034 -25.6546 -42.4735 21.7510 -34.2844 -36.2786 -15.8015 -29.4536 -43.4486 -19.4784 -41.0775 18.3031 -26.7483 -47.4593 -18.9832 -48.9345 -23.3540 -49.2058 -23.2683 -48.9971 -21.8386 -48.6662 -19.6275 -47.1640 -9.9796 -43.6333 34.8290 -40.2942 29.0604 -40.3641 33.6603 -46.2674 -22.7180 12.3657 -34.6558 -38.6003 -20.5748 -44.4236 16.1396 -46.9257 -20.2880 -48.7719 -26.1248 -47.8366 -25.9850 -48.8084 -21.7513 -48.0430 -15.6978 -46.6612 -11.9625 -46.2163 -10.8085 -46.4555 -15.8626 -47.6028 -17.3757 -47.0409 -9.8239 -46.1942 -26.3095 18.6800 -41.0919 -19.4787 -43.4484 -29.4537 -15.8015 -36.2786 -34.2844 21.7510 -42.4735 -25.6546 8.5034 -37.8642 -17.6040 -44.5012 -31.8961 29.6555 -48.4176 -29.0387 22.9813 -43.1297 -25.9053 4.9437 -37.3085 -18.7890 -43.9653
-18.4810 -37.5175 5.8348 -26.0082 -43.3667 23.7161 -29.1481 -48.5137 28.2642 -32.1289 -43.4455 -18.3071 -37.8526 8.1925 -25.7296 -42.5952 21.7858 -33.6214 -39.8920 -15.8015 -29.4481 -43.4107 -19.7367 -41.8073 21.3328 -25.4147 -44.3714 35.3499 -41.1015 35.4131 -42.5461 34.2629 -42.3943 35.3303 -41.9704 34.8835 -40.7529 28.8810 -37.8180 17.0811 -35.8564 8.8345 -37.4051 18.1303 -41.6469 24.7113 -48.6971 -26.9987 -47.0994 -21.0088 -44.5520 33.7845 -41.1367 35.7624 -44.0705 3.7834 -46.1323 -9.0462 -46.0284 5.4370 -44.0718 35.3755 -41.7315 32.5664 -40.6372 30.5861 -40.5522 31.3121 -40.9861 33.5742 -41.3694 32.3915 -40.2142 33.8668 -44.2878 -25.3013 21.3865 -41.8040 -19.7365 -43.4108 -29.4481 -15.8015 -39.8920 -33.6214 21.7858 -42.5952 -25.7296 8.1925 -37.8526 -18.3071 -43.4455 -32.1289 28.2642 -48.5137 -29.1481 23.7161 -43.3667 -26.0082 5.8348 -37.5175 -18.4810
-38.4598 6.6789 -26.1119 -43.6031 24.4452 -29.2672 -48.6030 26.4765 -32.3307 -42.2028 -18.9799 -37.8886 8.0435 -25.8319 -42.8063 22.0561 -32.6657 -45.2157 -24.0142 -29.4537 -43.4108 -19.8702 -42.3686 24.6933 -24.5463 -44.5537 27.3466 -35.0845 8.4925 -35.6963 12.1229 -35.9014 12.0537 -35.7100 10.0008 -34.9097 3.5404 -32.9601 -23.6592 -30.4060 -41.7974 -31.5574 -11.0890 -37.1747 20.9512 -42.1477 24.1917 -46.5761 -3.5061 -43.0573 28.8546 -38.5277 14.4656 -38.8240 24.0712 -40.4786 31.7122 -41.3776 31.3749 -40.3889 23.9151 -38.7354 14.2641 -36.4795 8.3545 -35.6896 7.5843 -35.8140 9.0394 -36.0561 9.8871 -35.9680 7.3597 -35.5968 27.1214 -44.4814 -24.5209 24.6734 -42.3659 -19.8702 -43.4107 -29.4537 -24.0142 -45.2157 -32.6657 22.0561 -42.8063 -25.8319 8.0435 -37.8886 -18.9799 -42.2028 -32.3307 26.4765 -48.6030 -29.2672 24.4452 -43.6031 -26.1119 6.6789 -38.4598
6.9840 -26.2095 -43.8356 25.1800 -29.3920 -48.6832 24.2666 -32.4919 -40.8290 -19.5958 -37.9715 8.1091 -25.9564 -43.0964 22.6588 -31.7891 -47.8404 -20.5508 -29.5010 -43.4484 -19.7365 -42.3659 26.3861 -23.3210 -44.7472 28.3866 -30.8263 -45.8866 -27.5773 -46.4281 -27.8665 -45.6362 -27.7254 -46.7812 -26.5664 -48.8194 -24.0201 -48.8081 -19.9274 -47.6664 -20.2967 -48.7568 -29.6460 -13.5761 -36.7457 18.1368 -40.2578 29.5100 -39.8640 19.7351 -36.2974 -6.5899 -33.2321 -8.7572 -34.9376 7.7640 -36.5140 11.0711 -36.4898 7.4161 -34.8954 -9.8543 -31.7254 -40.7347 -28.7645 -46.0795 -27.9849 -45.8381 -28.3252 -44.8028 -28.5400 -45.0866 -28.5409 -43.6532 -31.4267 28.0869 -44.7457 -23.3322 26.3861 -42.3688 -19.7370 -43.4478 -29.5009 -20.5509 -47.8404 -31.7891 22.6588 -43.0964 -25.9564 8.1091 -37.9715 -19.5958 -40.8290 -32.4919 24.2666 -48.6832 -29.3920 25.1800 -43.8356 -26.2095 6.9840
-24.6422 -44.0639 25.9099 -29.5199 -48.7472 21.6248 -32.6237 -39.3756 -20.1362 -38.0983 8.3729 -26.0960 -43.4361 23.5614 -31.1337 -48.6317 -15.9697 -29.6486 -43.3480 -19.4787 -41.8041 24.6739 -23.3322 -44.7280 29.0963 -28.9347 -48.7038 -14.4977 -45.2058 -4.7547 -44.9792 -3.8302 -44.5519 4.1144 -43.7788 25.4823 -42.5636 35.4991 -42.0457 35.2454 -44.5468 -11.8803 -48.6195 -28.0363 -30.9710 -34.0010 4.6621 -35.6709 3.2696 -32.7411 -40.5505 -26.6703 -48.9766 -25.1871 -47.7443 -28.2547 -42.6301 -29.4735 -42.5966 -28.3268 -47.6778 -24.7627 -48.7601 -17.7392 -46.6158 -10.0667 -45.7267 -9.0749 -45.9373 -10.9319 -46.2202 -11.7370 -46.4546 -17.3841 -48.7603 -29.1481 29.0600 -44.7271 -23.3205 24.6888 -41.8076 -19.4779 -43.3466 -29.6488 -15.9698 -48.6321 -31.1337 23.5614 -43.4361 -26.0960 8.3729 -38.0983 -20.1362 -39.3756 -32.6237 21.6248 -48.7472 -29.5199 25.9099 -44.0639 -24.6422
-44.3474 26.6309 -29.6497 -48.7941 18.6063 -32.7286 -37.8168 -20.6101 -38.2614 8.8033 -26.2395 -43.7900 24.6381 -30.6900 -48.7599 -10.4919 -29.9345 -42.8835 -19.3757 -41.0909 21.3822 -24.5258 -44.7487 29.0660 -28.6280 -48.5099 9.6996 -40.8863 29.6576 -39.5823 25.1446 -38.5386 22.2097 -37.4817 18.5701 -36.9288 15.0919 -37.5607 17.7223 -39.9899 31.5730 -43.0846 2.5391 -47.7743 -22.9470 -48.2507 -27.3576 -46.6194 -26.1794 -49.0884 -17.6821 -45.2290 18.2755 -44.0226 -1.5318 -46.0464 -13.7663 -47.0275 -14.1445 -46.2943 -3.6351 -44.3813 32.8502 -42.0309 32.7066 -40.2992 28.5628 -39.8713 28.5704 -40.1214 30.1971 -40.7456 33.3465 -41.6107 4.2872 -48.4779 -28.6200 29.1070 -44.7492 -24.6202 21.1593 -41.0468 -19.3640 -42.8851 -29.9371 -10.4913 -48.7599 -30.6900 24.6381 -43.7900 -26.2395 8.8033 -38.2614 -20.6101 -37.8168 -32.7286 18.6063 -48.7941 -29.6497 26.6309 -44.3474
27.2263 -29.5849 -48.8212 15.2724 -32.8171 -36.1360 -21.0402 -38.4463 9.3584 -26.3783 -44.1246 25.7627 -30.4156 -48.7274 -4.6525 -30.3529 -41.8624 -19.5781 -40.5335 18.6634 -25.3127 -44.4955 28.1444 -29.1047 -48.4824 17.0691 -39.5319 18.1363 -37.3537 5.8086 -34.4809 -8.1523 -32.5356 -25.4649 -31.1949 -34.1497 -31.5803 -21.2955 -34.6276 8.6009 -38.8189 24.5714 -41.4101 35.3349 -44.3856 0.2547 -45.6799 -5.5005 -44.8047 30.2036 -41.3153 27.4744 -38.7419 22.6942 -39.1138 28.4330 -40.4828 31.5902 -40.7171 29.8529 -39.7164 23.3605 -38.4778 14.8504 -36.5820 7.4583 -35.2978 4.1626 -35.5165 7.5323 -37.5073 12.7460 -38.3087 19.9996 -39.5701 17.5060 -48.5515 -28.7714 28.8755 -44.7260 -25.5396 18.3142 -40.4733 -19.5641 -41.8749 -30.3542 -4.6524 -48.7273 -30.4140 25.7638 -44.1246 -26.3783 9.3584 -38.4463 -21.0402 -36.1360 -32.8171 15.2724 -48.8212 -29.5849 27.2263
-29.0891 -48.8234 11.7562 -32.8966 -34.3109 -21.4377 -38.6439 9.9684 -26.5100 -44.4274 26.8296 -30.2739 -48.6996 0.0231 -30.8347 -40.3033 -19.9333 -39.7047 14.8875 -26.3595 -44.2908 27.1299 -31.2882 -48.7538 5.3416 -39.5942 15.6984 -35.9347 -20.2713 -30.0063 -47.9467 -24.3368 -48.7482 -20.2290 -47.9972 -19.8602 -48.6897 -25.3019 -45.5460 -31.8112 -3.7162 -36.4275 14.4600 -39.0078 23.8467 -39.7286 27.5767 -39.4732 22.8475 -37.8590 11.3024 -34.8098 -7.1878 -33.4986 -3.1073 -34.5009 5.0897 -35.2555 6.6087 -35.1842 2.5350 -34.0438 -14.6252 -31.5981 -40.0924 -28.7615 -46.7664 -28.2452 -42.9570 -33.8591 11.1511 -37.2553 4.1779 -37.0523 15.5210 -39.4382 14.0449 -48.5878 -29.8320 27.4605 -44.3187 -26.1433 15.1190 -39.7538 -19.9459 -40.2839 -30.8400 0.0698 -48.7004 -30.2709 26.8308 -44.4274 -26.5100 9.9684 -38.6439 -21.4377 -34.3109 -32.8966 11.7562 -48.8234 -29.0891
-48.6957 8.1305 -32.9586 -32.3094 -21.8109 -38.8513 10.6021 -26.6354 -44.7038 27.7944 -30.2294 -48.7082 2.3827 -31.3345 -38.5941 -20.4639 -39.5593 13.8033 -29.7477 -46.3783 34.1290 -35.4673 -44.3542 -16.6754 -41.4167 19.3751 -36.0757 -29.5202 -27.5955 -48.4054 -11.4567 -44.1910 33.9972 -42.0336 35.7350 -42.7727 23.7984 -46.1214 -17.9825 -48.8488 -27.6874 -39.5373 -32.1912 -8.5058 -34.4425 2.1226 -34.8599 0.0126 -34.6597 -12.7065 -33.3338 -46.6128 -25.2013 -48.9691 -24.1896 -48.9588 -25.9982 -47.9020 -26.7546 -47.8879 -26.0132 -48.9126 -23.3939 -48.6039 -17.9577 -46.8865 -12.4216 -47.3452 -24.2706 -27.6617 -41.2615 23.4714 -37.1216 -4.2550 -36.4609 16.4172 -40.0953 -5.8901 -48.6064 -33.1710 30.6797 -45.2962 -29.0433 13.5615 -39.4904 -20.4531 -38.5147 -31.3532 2.4854 -48.7091 -30.2280 27.7944 -44.7038 -26.6354 10.6021 -38.8513 -21.8109 -32.3094 -32.9586 8.1305 -48.6957
-4.2042 -32.8915 -30.1606 -22.1670 -39.0641 11.2502 -26.7569 -44.9587 28.6761 -30.2493 -48.7233 2.6301 -31.8523 -36.6376 -22.1490 -41.8093 24.4895 -35.3973 -45.9594 -12.9170 -40.3749 7.5892 -28.2707 -46.0697 32.1407 -37.6820 -16.4934 -27.7845 -47.9816 7.8116 -41.6370 26.5171 -38.4227 15.6122 -38.0527 20.1564 -40.2269 33.7020 -43.2102 7.5307 -46.8506 -19.0206 -48.9577 -24.4497 -48.5756 -26.4149 -47.6993 -29.2343 -39.3331 -34.3256 -5.1292 -23.7462 -45.7210 24.6866 -43.1204 23.0866 -44.0567 6.6458 -44.5324 4.1071 -44.4480 16.8468 -43.8619 33.0106 -42.3878 34.2369 -41.0591 34.0468 -42.2158 14.7947 -23.7552 -44.2691 17.0545 -35.1505 -15.2720 -36.8616 23.0100 -42.9017 -22.3411 -20.9553 -37.3747 1.2098 -47.9143 -34.8969 24.0238 -41.7041 -21.9824 -36.5014 -31.8705 2.6670 -48.7233 -30.2493 28.6761 -44.9587 -26.7569 11.2502 -39.0641 -22.1670 -30.1606 -32.8915 -4.2042
-34.2438 -27.8788 -22.5028 -39.2812 11.8998 -26.8758 -45.2001 29.4865 -30.3124 -48.7388 1.5334 -32.3256 -33.8102 -24.7780 -46.1765 21.9684 -41.3730 12.8508 -30.5936 -47.8347 34.2416 -35.9488 -45.3818 -9.9384 -40.2368 8.3038 -30.4753 -48.4941 6.5073 -41.0648 20.6099 -36.4046 -6.8473 -32.9461 -16.2577 -34.6399 8.4819 -38.1049 21.7058 -40.2918 33.8112 -42.6642 30.9906 -44.0867 4.7008 -45.7518 -17.9956 -48.5949 -32.2939 9.7444 -38.2817 -31.6623 19.6505 -37.3852 17.5475 -37.6260 20.4759 -38.4483 23.5272 -39.1245 25.9227 -40.4206 31.6895 -41.4236 26.5823 -38.4929 12.2659 -36.5416 9.7197 -32.2175 -49.1783 31.7232 -37.7812 -17.8544 -32.4981 -4.4801 -38.5042 35.7185 -48.2441 -31.8233 22.4520 -45.2496 -28.8681 12.0423 -41.5640 25.9435 -45.6834 -22.7694 -33.5366 -32.3317 1.5128 -48.7388 -30.3124 29.4865 -45.2001 -26.8758 11.8998 -39.2812 -22.5028 -27.8788 -34.2438
-28.3727 -22.8114 -39.5005 12.5498 -26.9937 -45.4315 30.2462 -30.4017 -48.7569 -0.2301 -32.7483 -30.2399 -24.7824 -48.7001 -25.1232 -48.4029 33.2623 -38.5753 -18.9897 -21.1597 -42.1170 11.9651 -28.6014 -45.8336 27.9634 -35.0552 -47.0960 -13.3227 -41.7011 20.6841 -35.4667 -33.3968 -27.3456 -48.8222 -25.3281 -47.0063 -30.4097 -18.9806 -34.5143 7.6795 -37.0362 16.4088 -38.6834 23.9105 -40.2627 35.9980 -45.8603 -24.3837 -17.2828 -38.2376 27.4062 -45.4726 -30.1907 -32.5034 -31.2368 -26.7762 -33.1423 -4.2336 -36.3969 8.9092 -38.4365 24.9359 -42.3644 16.3120 -41.6413 11.2219 -32.2721 -39.4308 -28.0473 -48.9545 -9.4850 -40.6703 10.0049 -31.0642 -47.0275 -32.6307 13.1410 -41.5416 -18.8086 -26.0119 -37.8790 -12.0835 -34.8457 -38.1052 34.5433 -48.0799 -20.5371 -43.8924 -22.5133 -30.0764 -32.7467 -0.2362 -48.7569 -30.4017 30.2462 -45.4315 -26.9937 12.5498 -39.5005 -22.8114 -28.3727
-21.4151 -39.7217 13.1960 -27.1125 -45.6564 30.9615 -30.5065 -48.7588 -2.1973 -33.1447 -26.8390 -22.8343 -43.9362 -34.6349 -2.6308 -26.5089 -45.4875 24.2632 -33.2802 -49.0418 34.9142 -36.3820 -43.3476 -10.2719 -39.3587 -1.1763 -25.3908 -44.5580 27.1857 -36.3286 -34.0619 -24.6109 -46.3203 6.0149 -45.0240 -12.9976 -48.3667 -23.9932 -47.8805 -28.8489 -36.8418 -32.2494 -7.0543 -35.8106 14.8575 -40.4381 25.9122 -48.6914 -30.7283 11.7978 -40.7161 -7.0447 -47.1997 -18.0083 -47.9883 -22.9233 -48.1795 -32.8185 1.6766 -37.2062 15.9292 -41.2398 -4.2853 -48.0362 -29.4817 -19.6979 -48.6177 -17.0641 -46.3231 17.5504 -40.7773 16.9886 -32.6661 -48.1490 -25.0845 -40.1969 -36.2897 32.5139 -47.2073 -30.6792 21.6170 -45.5109 -29.9889 20.3488 -44.7950 -23.6472 -38.8646 -22.7517 -39.4503 -22.5989 -26.8998 -33.1446 -2.1973 -48.7588 -30.5065 30.9615 -45.6564 -27.1125 13.1960 -39.7217 -21.4151
-40.4178 13.8387 -27.2310 -45.8786 31.6377 -30.6224 -48.7383 -4.1327 -33.5041 -23.7797 -23.0207 -39.8967 24.1855 22.5060 -36.9666 -43.6799 -9.6530 -39.3183 -3.0329 -23.6264 -42.8251 14.1171 -28.8744 -45.6068 25.4047 -33.3871 -49.0294 30.9556 -38.3243 -7.9740 -26.8919 -46.1030 35.9213 -40.2162 30.3327 -41.6827 34.5372 -44.3276 -5.0909 -46.9346 -19.3739 -48.8299 -27.0690 -37.9318 -34.8830 18.0969 -41.8723 -11.3921 -48.0704 -32.5518 13.8287 -39.2739 31.7799 -41.4645 33.4885 -45.7815 -24.7081 -13.3367 -38.1515 20.5689 -39.6015 32.7389 -46.5193 -26.7209 6.2717 -41.5783 35.0889 -41.1984 28.8423 -38.6066 12.5401 -32.6417 -47.0403 -20.4526 -48.0784 -29.7585 7.5838 -40.2749 -14.2651 -39.0570 -36.2836 -2.7448 -41.8956 -36.6014 7.9456 -46.6093 -35.5911 30.9912 14.1542 -39.9807 -23.0161 -23.7513 -33.5073 -4.1327 -48.7383 -30.6224 31.6377 -45.8786 -27.2310 13.8387 -40.4178
14.4169 -27.2851 -46.0945 32.2782 -30.7445 -48.6904 -5.9418 -33.8416 -20.7212 -23.3669 -40.1049 14.1794 -26.3916 -43.1324 13.1944 -29.0297 -46.0579 28.0730 -34.1874 -49.1830 32.0838 -36.3640 -43.5501 -7.6599 -38.3864 -14.0414 -21.9668 -42.2520 16.0691 -32.6294 -48.8197 16.7781 -39.9303 16.5873 -38.1156 16.5270 -39.2122 25.0952 -40.3171 34.0517 -42.5136 16.4701 -46.9805 -24.7360 -35.0821 -36.0679 24.1260 -43.0651 -16.2122 -48.2110 -31.0452 0.2646 -36.1426 16.0099 -39.8502 27.6370 -49.4243 -28.1451 8.2481 -43.2780 29.5476 -41.0724 19.2747 -48.8739 -30.6094 7.1687 -35.7612 8.1340 -34.5227 -10.9313 -29.9412 -48.5995 -17.6858 -45.3225 -21.9490 -40.3039 -36.1812 30.0396 -45.9503 -28.9203 14.5883 -42.8382 -26.2722 12.2931 -42.6509 -24.7921 10.7465 -43.8739 -26.7999 14.5668 -40.1135 -23.3639 -20.6765 -33.8447 -5.9418 -48.6904 -30.7445 32.2782 -46.0945 -27.2851 14.4169
-26.0613 -46.3036 32.8660 -30.8691 -48.6110 -7.5851 -34.1612 -17.7362 -23.6817 -40.1609 14.3187 -30.0255 -47.4906 35.5208 -36.5809 -40.8726 -14.6707 -40.2148 2.4297 -24.3840 -42.9787 13.6713 -28.0419 -44.6568 22.0329 -32.4200 -48.6059 34.9055 -37.9846 -16.4482 -24.9092 -44.4567 29.0578 -38.2479 9.2285 -37.5899 13.1072 -38.2798 14.1818 -38.2861 20.1896 -40.2394 34.5764 -46.9908 -25.9494 -22.9676 -36.8625 25.5669 -42.4996 -8.8259 -48.6484 -26.6536 -40.4738 -33.2987 11.8792 -39.8845 34.6180 -43.7614 -3.0967 -20.5308 -43.1664 27.4113 -41.1772 1.7820 -48.7103 -25.7415 -46.8719 -26.6922 -48.8343 -22.8424 -47.5301 -3.3515 -42.9484 -14.5014 -48.4212 -32.8045 13.8602 -40.7750 -12.4161 -45.0296 -35.7576 35.0902 -49.0660 -32.9980 31.5284 -47.8886 -30.1605 27.9839 -45.9552 -27.2650 14.9604 -40.2908 -23.6729 -17.6911 -34.1641 -7.5851 -48.6110 -30.8691 32.8660 -46.3036 -26.0613
-46.3885 33.3790 -30.9949 -48.4959 -9.0533 -34.4645 -14.8616 -23.9600 -40.2930 17.0128 -34.3463 -45.3700 -19.4169 -42.6371 16.7292 -30.8666 -47.5224 31.3281 -34.3582 -49.2278 33.8240 -35.5558 -47.0609 5.7754 -37.6671 -17.4064 -23.6166 -43.6338 23.9945 -34.9081 -46.3449 -14.3627 -41.6075 22.6884 -39.0492 21.7044 -39.6074 23.7240 -38.6090 8.2569 -36.8204 13.7218 -39.9744 34.0723 -47.5434 -26.7965 -22.2322 -36.1496 20.7783 -40.6857 30.8402 -46.0795 -20.6431 -47.7965 -31.5967 5.7763 -37.0439 14.0523 -30.9965 -48.5163 34.9654 -39.8930 20.8148 -40.1976 34.7885 -44.3099 2.9224 -44.4629 20.7399 -42.8492 35.8570 -41.2397 0.8249 -48.7053 -31.0664 8.5526 -39.4553 34.8166 -47.3771 -29.4452 11.0710 -41.5920 -21.0435 -25.5257 -36.8621 19.3837 -48.9988 -31.1729 32.5456 -46.2316 -27.4048 15.4658 -40.4830 -23.9533 -14.8318 -34.4671 -9.0533 -48.4959 -30.9949 33.3790 -46.3885
31.4311 -30.8319 -48.3418 -10.3653 -34.7560 -12.1786 -24.2102 -40.6058 17.7875 -38.4617 12.4046 -32.9930 -48.7561 14.5395 -38.0281 -26.0311 -17.8617 -40.3013 0.2855 -22.8714 -41.7590 8.5621 -26.1315 -43.3556 22.2946 -34.1506 -47.8068 -12.2881 -40.8985 14.1693 -31.5445 -48.7128 14.7616 -41.2345 35.3005 -43.4414 11.3390 -44.9649 32.7973 -38.2376 -1.8635 -35.4168 12.1027 -39.9725 33.3659 -47.4044 -25.5677 -36.6513 -34.1141 12.6858 -39.1638 32.8000 -43.5793 -13.4074 -48.8087 -28.0091 -38.0325 -29.6128 -48.6120 -14.7995 -42.4278 22.5057 -37.7608 11.2571 -37.6673 20.1990 -38.1266 21.5597 -38.3164 19.8845 -39.8301 35.1003 -47.8633 -29.6108 6.3601 -39.3047 35.6664 -46.3057 -24.2497 -34.4463 -36.7174 35.5066 -48.6828 -32.3762 15.2326 -40.4219 -15.0747 -48.0049 -32.6482 33.2751 -46.4461 -27.5403 16.0111 -40.6867 -24.2111 -12.1689 -34.7572 -10.3653 -48.3418 -30.8319 31.4311
-30.8286 -48.1452 -11.5350 -35.0386 -9.7093 -24.4449 -40.9173 16.7363 -36.0577 35.4258 -42.3913 11.4408 -27.8941 -45.2050 21.6623 -30.8846 -47.0144 27.9273 -32.5907 -48.3941 32.9460 -34.2996 -48.6029 1.6317 -39.5867 11.5088 -31.3252 -48.8752 17.7994 -39.2139 1.7891 -27.8405 -47.0095 -0.0337 -46.2033 -21.2325 -48.4488 -24.6298 -45.3190 23.1263 -35.4660 -32.1804 -33.9307 11.4963 -39.7996 35.6144 -46.2109 -22.0252 -46.8904 -31.8848 3.1731 -38.1060 25.8145 -41.8277 7.7601 -46.8302 -22.0132 -48.7506 -24.0970 -48.2877 11.4991 -40.2481 10.0690 -34.6137 -22.5753 -32.6420 -15.1367 -33.4669 -3.7821 -37.0758 25.9736 -44.8003 -25.9033 -3.3957 -38.7976 35.0531 -47.3280 -25.2831 -40.4437 -34.2626 15.5789 -42.3111 -22.0673 -12.7316 -38.8568 34.3970 -47.7609 -28.9119 -15.8515 -34.2300 33.7636 -46.6710 -27.6790 16.5884 -40.8986 -24.4473 -9.7093 -35.0386 -11.5350 -48.1452 -30.8286
-48.2257 -12.5936 -35.3092 -7.4485 -24.6657 -41.1159 17.2441 -31.0836 -15.2978 -47.7182 35.7705 -37.1789 -43.5228 -1.2215 -36.6101 -39.0485 -10.3542 -37.5988 -29.3544 -15.8224 -39.0572 -0.5422 -28.2424 -47.2218 31.7787 -39.4641 6.7691 -29.1642 -47.4978 34.5519 -36.9564 -31.8356 -26.0392 -48.5150 -25.9205 -37.0654 -34.2384 9.5028 -6.1556 -38.9488 -4.8123 -29.9843 -43.9398 -33.9533 11.3269 -39.7231 35.3879 -44.6791 -18.4069 -48.5336 -32.0129 -0.0707 -38.1918 25.8890 -41.7923 -2.0048 -48.1729 -28.0179 -35.7155 -29.2567 -48.4335 34.9677 -37.1126 -30.9209 -27.3323 -48.7283 -24.1390 -48.5147 -31.5699 8.5521 -40.5254 -15.5208 -40.5951 -36.5616 34.5915 -47.2644 -27.2964 -18.5435 -35.7331 13.6593 -39.1928 35.4666 -48.9183 -33.3305 24.8001 -45.7117 -27.3234 8.7933 -40.2983 -6.3122 -32.9992 34.1825 -46.8914 -27.8156 17.1888 -41.1159 -24.6657 -7.4485 -35.3092 -12.5936 -48.2257
-14.4983 -35.5677 -5.4262 -24.8687 -41.3378 17.8055 -27.9357 -47.0964 24.7906 -22.6647 -44.0447 13.3546 -26.1925 -43.0520 13.5393 -26.7230 -43.5069 15.6264 -27.8549 -44.4251 22.5576 -36.0493 -27.7665 -27.2377 -47.8792 34.4265 -38.5489 -9.6257 -24.1396 -43.5005 20.8916 -34.8865 -34.8682 -30.8380 -30.9821 -35.3542 26.1330 -47.0614 -31.7163 0.9475 -29.9624 -48.7639 -27.5290 -30.6813 -36.3164 17.3773 -40.9102 33.6724 -46.3080 -25.5179 -38.4890 -35.4097 13.8272 -40.5214 34.0803 -47.2787 -27.7351 -5.7397 -37.2784 19.5837 -18.8300 -42.3956 11.1784 -29.5006 -48.0110 -5.0516 -44.7074 -20.1365 -42.3005 -36.2249 35.4452 -48.6998 -32.2268 22.0097 -44.5016 -25.4564 -10.3778 -37.7096 26.4370 -41.3301 30.6299 -42.3392 -20.5728 -10.5256 -39.0860 -12.3033 -36.2859 -38.4212 35.1816 -25.5453 -47.8896 -31.4673 34.5067 -47.0986 -27.9508 17.8055 -41.3378 -24.8687 -5.4262 -35.5677 -14.4983
-36.7738 -3.6301 -25.0543 -41.5637 18.4375 -28.0840 -47.3021 34.6712 -31.9026 -49.1420 34.5379 -32.4206 -48.9838 34.4455 -32.7253 -49.0432 34.9553 -33.4213 -49.1854 33.4063 -39.3066 18.4074 -37.0455 -7.4647 -27.6946 -46.9560 32.3898 -35.5485 -46.3082 -7.3679 -39.9675 14.0775 -36.2795 5.2525 -36.2630 10.8325 -39.6454 0.7204 -47.9777 -25.4935 -48.3118 -20.9439 -47.2605 -33.8062 10.5830 -40.0196 35.4915 -45.2702 -23.5919 -40.4705 -34.4958 12.3790 -39.9589 34.3443 -45.6673 -23.2945 -30.0826 -37.2713 35.0683 -49.8080 -35.5020 13.8385 -32.2963 -48.5798 -6.7820 -41.7128 34.7483 -47.0742 -29.8133 14.8527 -42.9235 -24.2257 1.7926 -40.0640 -15.8781 -38.4765 -36.7650 33.4473 -45.3026 -11.0977 -43.6386 35.7329 -46.9603 -30.9133 22.8159 -45.6245 -29.3799 23.9318 -48.2945 -33.3830 -13.6949 -47.5011 -31.5976 34.6957 -47.2967 -28.0840 18.4375 -41.5637 -25.0543 -3.6301 -36.7738
-3.6708 -25.2310 -41.7914 19.0840 -28.2158 -47.4848 34.7295 -31.7978 -46.6763 -8.3115 -34.9262 -40.1428 -12.3470 -36.3521 -35.1489 -14.5639 -37.2314 -26.5266 -17.4153 -40.3857 35.7096 -43.3007 31.8340 -38.0953 -14.6035 -23.5146 -42.9076 16.4974 -30.2337 -47.3462 35.8925 -40.1988 25.3761 -39.5542 23.8011 -38.9942 20.0064 -40.9541 8.9489 -45.0721 -2.8073 -47.9352 -30.0112 7.9897 -38.8467 35.4098 -45.4803 -22.5923 -34.0137 -35.4140 20.1295 -41.0065 31.0942 -43.8599 -19.3262 -47.6558 -33.3368 16.7961 -42.1213 -18.5644 -36.2518 -29.2176 -48.5239 -14.0608 -42.3454 29.4259 -41.6477 -16.7744 -36.4859 -36.9607 21.9723 -48.6215 -34.9751 34.9207 -48.7909 -32.5760 25.4643 -45.7275 -25.5743 -39.5919 -8.8610 -41.8574 -7.0023 -43.9501 -35.6788 7.7802 -45.1814 -36.0121 -15.1005 -1.7647 -35.8981 -14.6461 -47.1344 -31.7040 34.7295 -47.4848 -28.2158 19.0840 -41.7914 -25.2310 -3.6708
-23.4436 -42.0203 19.7399 -28.3477 -47.6627 34.5889 -31.8064 -46.7164 -15.8702 -35.7164 -10.5878 -22.6836 -39.2525 5.4635 -24.5329 -41.0360 10.2978 -25.9640 -42.6468 35.2724 -48.9493 -21.5078 -46.6775 32.6856 -35.5045 -46.6733 -0.3315 -37.9162 -20.8417 -21.9651 -44.5802 27.4178 -44.2847 2.1451 -44.9002 33.1523 -39.3517 19.3776 -39.9709 32.9575 -43.3617 -19.1018 -29.4042 -37.8697 32.5922 -46.3860 -22.6321 -44.9745 -35.2497 20.5338 -44.2334 34.1539 -42.1875 -19.4631 -47.7009 -31.0026 -16.8214 -37.0987 18.8699 -43.1151 -14.8915 -47.1451 1.2465 -42.0139 26.3215 -39.7790 35.3812 -47.5343 -30.8272 18.6873 -43.9396 -26.6125 10.6880 -42.3273 -23.7526 4.4426 -41.0846 -21.0498 -5.6073 -38.7905 -12.1830 22.6529 -42.1769 -24.7904 6.7560 -40.5265 -23.4922 7.5013 -40.7620 -25.2578 -1.4921 -36.1042 -15.3939 -46.7186 -31.8052 34.5890 -47.6627 -28.3477 19.7399 -42.0203 -23.4436
-42.4887 20.4040 -28.4777 -47.8325 34.2544 -31.9088 -46.2382 -16.0884 -36.2855 -1.2370 -25.0375 -41.4024 15.2057 -27.3601 -44.7980 22.6217 -29.1815 -46.8420 29.2863 -32.3886 -34.5268 -0.9166 -24.9941 -43.7165 16.7528 -29.4104 -46.0676 25.7450 -33.2567 -48.7355 -19.5222 -48.4478 -24.4006 -47.6106 -24.8662 -45.1873 24.5594 -37.8340 12.0077 -39.1187 33.0501 -45.7845 -18.0285 -56.0934 -41.2275 -12.5614 -79.0191 -57.4311 13.6074 20.7633 -34.8048 31.1391 -25.4095 12.7212 17.1433 -1.5755 -41.0526 -7.0112 -52.2545 18.7165 -41.4724 33.9796 -40.4417 23.1804 -39.4031 24.1376 -42.2452 -19.1963 -30.4392 -37.2626 9.0497 -47.2430 -35.4603 32.8682 -49.1605 -34.5931 35.1023 -49.2731 -34.2019 34.3133 -49.1642 -34.8947 32.8550 -47.7914 -31.5381 25.2123 -45.7149 -29.0538 17.8108 -41.7249 -25.3321 -0.2842 -36.3178 -16.0769 -46.2425 -31.9059 34.2544 -47.8325 -28.4777 20.4040 -42.4887
21.1973 -28.4768 -47.9904 33.6966 -32.0122 -45.6861 -16.7205 -36.5109 0.8179 -25.4913 -42.1694 19.2651 -28.3007 -46.8058 31.8359 -31.8986 -49.0236 30.8889 -35.4985 -38.1721 24.1912 -35.7968 -45.7095 2.8701 -37.1240 -33.7691 -14.9296 -39.4108 -3.3519 -29.4607 -46.7273 -30.5279 -15.3478 -35.1273 6.0702 -8.0798 -39.1600 5.6866 -35.7542 9.5072 -39.8829 36.0195 -45.7450 11.2398 -38.4004 -128.6678 -88.5569 -110.4544 -12.2347 -64.8129 -33.1123 73.3072 -108.9176 -68.9312 -56.3047 -11.9475 -87.3118 -89.8952 -65.7238 -40.0247 22.2188 -39.4175 20.6030 -39.9153 26.5336 -41.0784 22.8282 -48.3207 -31.4979 19.1041 -43.9808 -26.7653 11.3596 -42.5566 -24.5445 8.0715 -42.0701 -23.9069 5.5359 -41.2332 -21.5689 -4.3290 -38.6726 -12.5700 -40.3393 -36.4350 22.5491 -49.0269 -33.7046 23.1813 -42.7762 -25.8905 0.0495 -36.4843 -16.7213 -45.6923 -32.0106 33.6966 -47.9904 -28.4768 21.1973
