-35.2842 -30.2424 -21.2147 -40.2483 13.8445 -25.9429 -46.2322 31.4037 -30.6799 -48.3855 -13.9846 -36.5919 -5.1790 -23.3067 -42.3125 20.6221 -27.4907 -47.9212 21.8165 -32.4006 -43.6128 -18.6248 -38.5412 7.3544 -24.6963 -44.4327 27.4895 -29.1583 -48.7091 -4.9113 -34.3543 -27.3937 -21.5125 -40.4994 14.6902 -26.1216 -46.4656 31.4091 -30.8993 -48.1370 -14.7359 -36.8689 -2.9159 -23.5095 -42.5740 21.4764 -27.6915 -48.0715 18.3932 -33.3571 -9.7951 -33.3571 18.3932 -48.0715 -27.6915 21.4764 -42.5740 -23.5095 -2.9159 -36.8689 -14.7359 -48.1370 -30.8993 31.4091 -46.4656 -26.1216 14.6902 -40.4994 -21.5125 -27.3937 -34.3543 -4.9113 -48.7091 -29.1583 27.4895 -44.4327 -24.6963 7.3544 -38.5412 -18.6248 -43.6128 -32.4006 21.8165 -47.9212 -27.4907 20.6221 -42.3125 -23.3067 -5.1790 -36.5919 -13.9846 -48.3855 -30.6799 31.4037 -46.2322 -25.9429 13.8445 -40.2483 -21.2147 -30.2424 -35.2842
-30.2424 -22.7044 -39.5885 13.3568 -27.2044 -46.1380 32.9630 -30.7241 -48.3160 -11.7084 -35.3576 -5.0836 -25.0902 -41.8249 19.8367 -28.3796 -48.0171 32.6744 -31.8280 -43.3485 -18.9929 -37.6105 7.0395 -26.2501 -44.1574 26.9278 -29.6361 -48.8176 6.7174 -32.9652 -26.8984 -22.9373 -39.8128 14.1014 -27.3312 -46.3885 33.5755 -30.8797 -48.0519 -12.9889 -35.6787 -2.8940 -25.2988 -42.1137 20.6767 -28.5327 -48.1973 31.2249 -31.8887 -43.0764 -26.4225 -43.0765 -31.8871 31.2249 -48.1973 -28.5327 20.6767 -42.1137 -25.2988 -2.8940 -35.6787 -12.9889 -48.0519 -30.8797 33.5755 -46.3885 -27.3312 14.1014 -39.8128 -22.9373 -26.8984 -32.9652 6.7174 -48.8176 -29.6361 26.9278 -44.1574 -26.2501 7.0395 -37.6105 -18.9929 -43.3485 -31.8280 32.6744 -48.0171 -28.3796 19.8367 -41.8249 -25.0902 -5.0836 -35.3576 -11.7084 -48.3160 -30.7241 32.9630 -46.1380 -27.2044 13.3568 -39.5885 -22.7044 -30.2424
-21.2147 -39.5885 13.1070 -27.1891 -45.9645 32.4626 -30.8810 -48.4766 -10.5379 -35.0944 -7.0353 -24.9028 -41.5961 19.1772 -28.3761 -47.8635 33.5568 -32.1186 -44.2024 -18.4912 -37.4009 6.2142 -26.1544 -43.9293 26.2060 -29.7043 -48.8254 10.2949 -32.9802 -29.2441 -22.6343 -39.5908 13.4592 -27.2799 -46.1810 33.0895 -31.0456 -48.2672 -11.9743 -35.4253 -4.6055 -25.1280 -41.8843 20.0089 -28.5370 -48.0562 32.4584 -32.2566 -43.0126 -18.7012 -39.4834 -18.7017 -43.0325 -32.2530 32.4583 -48.0562 -28.5370 20.0089 -41.8843 -25.1280 -4.6055 -35.4253 -11.9743 -48.2672 -31.0456 33.0895 -46.1810 -27.2799 13.4592 -39.5908 -22.6343 -29.2441 -32.9802 10.2949 -48.8254 -29.7043 26.2060 -43.9293 -26.1544 6.2142 -37.4009 -18.4912 -44.2024 -32.1186 33.5568 -47.8635 -28.3761 19.1772 -41.5961 -24.9028 -7.0353 -35.0944 -10.5379 -48.4766 -30.8810 32.4626 -45.9645 -27.1891 13.1070 -39.5885 -21.2147
-40.2483 13.3568 -27.1891 -45.8903 32.1053 -30.7893 -48.5847 -9.3066 -34.8374 -9.1443 -24.7062 -41.3645 18.5139 -28.2514 -47.7007 34.1426 -32.0037 -44.9670 -17.9451 -37.1932 5.3460 -26.0501 -43.6971 25.4744 -29.5744 -48.8074 13.8352 -32.9216 -31.4626 -22.3046 -39.3703 12.8134 -27.1638 -45.9704 32.5330 -30.9124 -48.4409 -10.8347 -35.1643 -6.5004 -24.9505 -41.6521 19.3380 -28.4112 -47.9045 33.3605 -32.1411 -44.0232 -18.6861 -37.2587 15.9002 -36.8534 -18.5038 -44.0480 -32.1389 33.3605 -47.9046 -28.4112 19.3380 -41.6521 -24.9505 -6.5004 -35.1643 -10.8347 -48.4409 -30.9124 32.5330 -45.9704 -27.1638 12.8134 -39.3703 -22.3046 -31.4626 -32.9216 13.8352 -48.8074 -29.5744 25.4744 -43.6971 -26.0501 5.3460 -37.1932 -17.9451 -44.9670 -32.0037 34.1426 -47.7007 -28.2514 18.5139 -41.3645 -24.7062 -9.1443 -34.8374 -9.3066 -48.5847 -30.7893 32.1053 -45.8903 -27.1891 13.3568 -40.2483
13.8445 -27.2044 -45.9645 32.1053 -30.7558 -48.6356 -8.2788 -34.6171 -11.1903 -24.5075 -41.1368 17.8558 -28.1282 -47.5313 34.5104 -31.8783 -45.6466 -17.3553 -36.9880 4.4289 -25.9468 -43.4609 24.7372 -29.4464 -48.7686 17.2512 -32.8454 -33.5325 -21.9554 -39.1515 12.1631 -27.0489 -45.7571 31.9315 -30.7744 -48.5748 -9.5295 -34.8978 -8.5804 -24.7576 -41.4169 18.6637 -28.2876 -47.7450 34.0026 -32.0187 -44.8027 -18.1194 -37.1518 4.5547 -31.0815 33.6147 -40.6440 -17.7256 -44.7901 -32.0227 34.0042 -47.7451 -28.2876 18.6637 -41.4169 -24.7576 -8.5804 -34.8978 -9.5295 -48.5748 -30.7744 31.9315 -45.7571 -27.0489 12.1631 -39.1515 -21.9554 -33.5325 -32.8454 17.2512 -48.7686 -29.4464 24.7372 -43.4609 -25.9468 4.4289 -36.9880 -17.3553 -45.6466 -31.8783 34.5104 -47.5313 -28.1282 17.8558 -41.1368 -24.5075 -11.1903 -34.6171 -8.2788 -48.6356 -30.7558 32.1053 -45.9645 -27.2044 13.8445
-25.9429 -46.1380 32.4626 -30.7893 -48.6356 -7.8682 -34.4817 -12.7845 -24.3360 -40.9326 17.2378 -28.0127 -47.3599 34.6894 -31.7484 -46.2385 -16.7235 -36.7872 3.4633 -25.8450 -43.2240 24.0052 -29.3212 -48.7127 20.3961 -32.7625 -35.4200 -21.5897 -38.9334 11.5029 -26.9363 -45.5422 31.2967 -30.6324 -48.6701 -8.0380 -34.6285 -10.8151 -24.5520 -41.1821 17.9943 -28.1671 -47.5808 34.4206 -31.8896 -45.5123 -17.5567 -36.8338 9.3899 -32.2222 -17.0287 -49.3498 -1.5995 -40.3258 -17.2169 -45.4780 -31.8964 34.4217 -47.5788 -28.1698 17.9918 -41.1821 -24.5520 -10.8151 -34.6285 -8.0380 -48.6701 -30.6324 31.2967 -45.5422 -26.9363 11.5029 -38.9334 -21.5897 -35.4200 -32.7625 20.3961 -48.7127 -29.3212 24.0052 -43.2240 -25.8450 3.4633 -36.7872 -16.7235 -46.2385 -31.7484 34.6894 -47.3599 -28.0127 17.2378 -40.9326 -24.3360 -12.7845 -34.4817 -7.8682 -48.6356 -30.7893 32.4626 -46.1380 -25.9429
-46.2322 32.9630 -30.8810 -48.5847 -8.2788 -34.4817 -13.4179 -24.2323 -40.7853 16.7343 -27.9169 -47.1983 34.7132 -31.6155 -46.7513 -16.0344 -36.5903 2.4433 -25.7442 -42.9833 23.2697 -29.1984 -48.6404 23.2077 -32.6757 -37.1284 -21.2064 -38.7122 10.8183 -26.8277 -45.3294 30.6469 -30.4829 -48.7308 -6.2848 -34.3598 -13.1637 -24.3343 -40.9438 17.3176 -28.0526 -47.4175 34.6509 -31.7640 -46.1354 -16.8990 -36.6602 8.9345 -38.2270 33.0309 -47.0544 -12.1687 -45.5568 27.2586 -37.1376 -16.8235 -46.1206 -31.7170 34.6227 -47.4300 -28.0448 17.3115 -40.9437 -24.3343 -13.1637 -34.3598 -6.2848 -48.7308 -30.4829 30.6469 -45.3294 -26.8277 10.8183 -38.7122 -21.2064 -37.1284 -32.6757 23.2077 -48.6404 -29.1984 23.2697 -42.9833 -25.7442 2.4433 -36.5903 -16.0344 -46.7513 -31.6155 34.7132 -47.1983 -27.9169 16.7343 -40.7853 -24.2323 -13.4179 -34.4817 -8.2788 -48.5847 -30.8810 32.9630 -46.2322
31.4037 -30.7241 -48.4766 -9.3066 -34.6171 -12.7845 -24.2323 -40.7316 16.4494 -27.8518 -47.0690 34.6385 -31.4848 -47.1800 -15.2927 -36.3956 1.3615 -25.6436 -42.7390 22.5312 -29.0768 -48.5532 25.6821 -32.5851 -38.6447 -20.8101 -38.4844 10.0938 -26.7246 -45.1222 30.0000 -30.3226 -48.7586 -4.1653 -34.0977 -15.5261 -24.1092 -40.6981 16.6219 -27.9471 -47.2636 35.2281 -30.4202 -47.5163 -16.1991 -36.5368 2.5805 -33.6629 8.6005 -41.1257 34.6961 -43.0477 28.1149 -35.6828 6.3817 -36.5528 -15.9040 -47.1124 -32.9704 35.2954 -47.1112 -27.9127 16.6135 -40.6980 -24.1092 -15.5261 -34.0977 -4.1653 -48.7586 -30.3226 30.0000 -45.1222 -26.7246 10.0938 -38.4844 -20.8101 -38.6447 -32.5851 25.6821 -48.5532 -29.0768 22.5312 -42.7390 -25.6436 1.3615 -36.3956 -15.2927 -47.1800 -31.4848 34.6385 -47.0690 -27.8518 16.4494 -40.7316 -24.2323 -12.7845 -34.6171 -9.3066 -48.4766 -30.7241 31.4037
-30.6799 -48.3160 -10.5379 -34.8374 -11.1903 -24.3360 -40.7853 16.4494 -27.8279 -46.9959 34.5436 -31.3822 -47.4963 -14.5541 -36.2114 0.2827 -25.5383 -42.4945 21.7905 -28.9561 -48.4522 27.8223 -32.4975 -39.9775 -20.4030 -38.2496 9.3221 -26.6293 -44.9259 29.3792 -30.1439 -48.7532 -1.5338 -33.8493 -17.8089 -23.8801 -40.4415 15.8959 -27.8504 -47.1160 35.3731 -37.3204 -13.4650 33.1276 -37.0185 0.7898 -29.2832 -47.3006 -31.9333 5.8680 -36.2555 10.3274 -32.8055 -43.3823 -29.2897 2.0591 -36.7893 10.8598 21.3079 -39.0072 35.8469 -46.7905 -27.8116 15.8864 -40.4415 -23.8801 -17.8088 -33.8493 -1.5338 -48.7532 -30.1439 29.3792 -44.9259 -26.6293 9.3221 -38.2496 -20.4030 -39.9775 -32.4975 27.8223 -48.4522 -28.9561 21.7905 -42.4945 -25.5383 0.2827 -36.2114 -14.5541 -47.4963 -31.3822 34.5436 -46.9959 -27.8279 16.4494 -40.7853 -24.3360 -11.1903 -34.8374 -10.5379 -48.3160 -30.6799
-48.3855 -11.7084 -35.0944 -9.1443 -24.5075 -40.9326 16.7343 -27.8518 -46.9959 34.5013 -31.3235 -47.6856 -13.9417 -36.0549 -0.7246 -25.4297 -42.2562 21.0664 -28.8382 -48.3378 29.6402 -32.4213 -41.1255 -19.9928 -37.9993 8.4640 -26.5468 -44.7503 28.8202 -29.9335 -48.7837 1.8609 -33.6339 -19.8464 -23.6569 -40.1649 15.1114 -27.7679 -46.9634 34.7540 -38.0741 24.1839 -49.0678 -27.7096 -40.6920 -24.5312 -47.1239 -18.4194 -48.9193 -26.6964 -46.4669 -25.8665 -49.0762 -15.5980 -44.7466 -24.6859 -27.1433 -30.2436 -47.1478 -17.5116 -42.6702 35.8858 -46.7603 -27.7515 15.1086 -40.1665 -23.6576 -19.8462 -33.6334 1.8613 -48.7837 -29.9335 28.8202 -44.7503 -26.5468 8.4640 -37.9993 -19.9928 -41.1255 -32.4213 29.6402 -48.3378 -28.8382 21.0664 -42.2562 -25.4297 -0.7246 -36.0549 -13.9417 -47.6856 -31.3235 34.5013 -46.9959 -27.8518 16.7343 -40.9326 -24.5075 -9.1443 -35.0944 -11.7084 -48.3855
-13.9846 -35.3576 -7.0353 -24.7062 -41.1368 17.2378 -27.9169 -47.0690 34.5436 -31.3235 -47.7488 -13.5839 -35.9487 -1.5301 -25.3328 -42.0446 20.3988 -28.7278 -48.2174 31.1223 -32.3596 -42.0835 -19.5999 -37.7242 7.4600 -26.4860 -44.6199 28.4037 -29.6749 -48.8477 6.3219 -33.6604 -21.3292 -23.4654 -39.8747 14.1851 -27.6547 -46.8255 34.2698 -34.7482 14.9935 -42.8638 9.7018 -46.7339 -6.9164 -42.6296 35.3475 -44.0648 12.5685 -45.2086 -0.2441 -43.9610 33.7093 -40.8772 30.1974 -41.0578 -15.1760 -48.9011 -18.3844 -47.3318 33.4806 -38.1343 34.3081 -46.8031 -27.7093 14.2510 -39.8645 -23.4669 -21.3373 -33.6595 6.3225 -48.8477 -29.6749 28.4037 -44.6199 -26.4860 7.4600 -37.7242 -19.5999 -42.0835 -32.3596 31.1223 -48.2174 -28.7278 20.3988 -42.0446 -25.3328 -1.5301 -35.9487 -13.5839 -47.7488 -31.3235 34.5436 -47.0690 -27.9169 17.2378 -41.1368 -24.7062 -7.0353 -35.3576 -13.9846
-36.5919 -5.0836 -24.9028 -41.3645 17.8558 -28.0127 -47.1983 34.6385 -31.3822 -47.6856 -13.5839 -35.9117 -1.9810 -25.2656 -41.8845 19.8548 -28.6323 -48.1001 32.2443 -32.3068 -42.8856 -19.2300 -37.4315 6.3005 -26.4545 -44.5605 28.2295 -29.3502 -48.8611 11.9613 -34.0056 -21.8589 -23.3449 -39.5614 13.0304 -29.0849 -45.1031 34.0749 -31.5189 -37.5970 -33.8789 17.1716 -39.3493 26.6100 -38.4024 20.5203 -39.7216 24.3178 -40.0208 26.2585 -39.0137 21.3207 -38.1565 13.0034 -36.6861 13.9048 -37.8554 33.3957 -42.1527 31.9051 -39.1158 5.8733 -34.3633 34.0703 -46.7722 -27.6568 13.3374 -39.5406 -23.3461 -21.8616 -34.0067 11.9613 -48.8611 -29.3502 28.2295 -44.5605 -26.4545 6.3005 -37.4315 -19.2300 -42.8856 -32.3068 32.2443 -48.1001 -28.6323 19.8548 -41.8845 -25.2656 -1.9810 -35.9117 -13.5839 -47.6856 -31.3822 34.6385 -47.1983 -28.0127 17.8558 -41.3645 -24.9028 -5.0836 -36.5919
-5.1790 -25.0902 -41.5961 18.5139 -28.1282 -47.3599 34.7132 -31.4848 -47.4963 -13.9417 -35.9487 -1.9810 -25.2416 -41.7964 19.4911 -28.5628 -47.9980 33.0272 -32.2605 -43.5482 -18.8810 -37.1435 5.0289 -26.4568 -44.5862 28.3791 -28.9674 -48.8031 18.1441 -34.5882 -20.6144 -23.3666 -39.2052 11.9175 -31.3528 -48.1080 -43.3786 -26.9808 -49.1655 -23.1595 -47.1774 -31.2365 -7.2550 -33.6850 -6.5411 -34.2575 0.4060 -35.3473 4.3108 -35.1436 0.1580 -34.2209 -13.0255 -32.5240 -35.0272 -31.3286 -17.2849 -33.6327 7.7700 -35.1238 -6.4773 -31.0276 -43.8245 -31.5048 33.6756 -45.7359 -28.4674 12.2685 -39.1928 -23.3697 -20.6072 -34.5896 18.1441 -48.8031 -28.9674 28.3791 -44.5862 -26.4568 5.0289 -37.1435 -18.8810 -43.5482 -32.2605 33.0272 -47.9980 -28.5628 19.4911 -41.7964 -25.2416 -1.9810 -35.9487 -13.9417 -47.4963 -31.4848 34.7132 -47.3599 -28.1282 18.5139 -41.5961 -25.0902 -5.1790
-23.3067 -41.8249 19.1772 -28.2514 -47.5313 34.6894 -31.6155 -47.1800 -14.5541 -36.0549 -1.5301 -25.2656 -41.7964 19.3546 -28.5266 -47.9297 33.4987 -32.2211 -44.0651 -18.5664 -36.8840 3.7329 -26.4922 -44.7056 28.8913 -28.5652 -48.6881 23.2659 -35.3993 -16.2955 -23.6221 -38.8294 10.9956 -30.9521 -41.7864 -33.0473 33.2114 -43.1156 31.8088 -42.9023 -10.3899 -48.4181 -22.9715 -48.9139 -25.0454 -48.4803 -26.9100 -47.0391 -27.5721 -47.1797 -27.1028 -48.1040 -25.6956 -48.7798 -22.3035 -48.4906 -22.0876 -49.1350 -25.1878 -48.6235 -24.1135 -48.3766 -20.2579 -48.1443 -28.8463 -20.3433 -48.7520 -29.6342 11.1158 -38.8288 -23.6253 -16.2955 -35.4265 23.2659 -48.6881 -28.5652 28.8913 -44.7056 -26.4922 3.7329 -36.8840 -18.5664 -44.0651 -32.2211 33.4987 -47.9297 -28.5266 19.3546 -41.7964 -25.2656 -1.5301 -36.0549 -14.5541 -47.1800 -31.6155 34.6894 -47.5313 -28.2514 19.1772 -41.8249 -23.3067
-42.3125 19.8367 -28.3761 -47.7007 34.5104 -31.7484 -46.7513 -15.2927 -36.2114 -0.7246 -25.3328 -41.8845 19.4911 -28.5266 -47.9059 33.7072 -32.1940 -44.4229 -18.3135 -36.6720 2.5482 -26.5540 -44.9006 29.6983 -28.2245 -48.4954 26.1729 -36.3329 -10.6501 -24.0635 -38.5679 10.2897 -28.5945 -48.6309 -27.1181 -27.5168 -34.6857 13.2736 -36.8435 21.2618 -40.4684 35.6318 -43.4232 12.8356 -45.1342 -9.6649 -45.9471 -10.3734 -46.1983 -10.0637 -46.2379 -8.0991 -45.8447 3.3862 -44.5456 31.2176 -42.9449 30.9263 -43.5965 21.3369 -43.5898 35.5899 -40.9831 34.2348 -38.8850 6.0043 -30.9850 -48.5689 -29.2259 10.2623 -38.5654 -24.0758 -9.1183 -36.3858 26.1741 -48.4407 -28.2320 29.6983 -44.9008 -26.5540 2.5482 -36.6720 -18.3135 -44.4229 -32.1940 33.7072 -47.9059 -28.5266 19.4911 -41.8845 -25.3328 -0.7246 -36.2114 -15.2927 -46.7513 -31.7484 34.5104 -47.7007 -28.3761 19.8367 -42.3125
20.6221 -28.3796 -47.8635 34.1426 -31.8783 -46.2385 -16.0344 -36.3956 0.2827 -25.4297 -42.0446 19.8548 -28.5628 -47.9297 33.7072 -32.1849 -44.5986 -18.1473 -36.5228 1.5988 -26.6255 -45.1233 30.4680 -29.8540 -48.2020 20.7422 -36.9020 -4.4949 -24.6268 -36.2944 11.2745 -28.1550 -47.0480 -6.7284 -48.2462 -24.8032 -46.0458 -29.6546 -31.5100 -33.6438 9.4280 -38.0882 25.0532 -41.6086 -8.9207 -45.1059 28.2943 -42.3944 34.5567 -41.5023 33.2247 -41.5455 32.1174 -40.8523 26.8328 -39.7133 19.7246 -38.1172 18.4935 -37.6424 17.4501 -37.0980 10.7723 -35.5357 4.5628 -33.5674 -41.3226 -21.5978 -47.7066 -28.5053 11.1957 -38.9199 -24.5442 -2.6884 -35.6985 16.1749 -48.1677 -29.8936 30.4611 -45.1240 -26.6255 1.5988 -36.5228 -18.1473 -44.5986 -32.1849 33.7072 -47.9297 -28.5628 19.8548 -42.0446 -25.4297 0.2827 -36.3956 -16.0344 -46.2385 -31.8783 34.1426 -47.8635 -28.3796 20.6221
-27.4907 -48.0171 33.5568 -32.0037 -45.6466 -16.7235 -36.5903 1.3615 -25.5383 -42.2562 20.3988 -28.6323 -47.9980 33.4987 -32.1940 -44.5986 -18.0882 -36.4447 0.9956 -26.6819 -45.3197 30.9965 -32.5105 -41.9814 -23.2804 -42.0665 26.7197 -19.9657 -41.2974 -38.3104 -4.4871 -44.1609 35.1894 -41.2649 32.0588 -45.4141 -11.1691 -47.3747 -21.5228 -48.5370 -29.3804 -18.9183 -34.2723 31.3985 -48.2249 -22.4013 -45.4859 34.4346 -40.0280 16.9350 -38.1360 13.5605 -37.3615 10.6176 -36.1734 2.6382 -34.1281 -15.6805 -32.3800 -25.9835 -31.2198 -37.4908 -29.0815 -46.0562 -27.1723 -48.5323 -21.0152 -45.8234 22.4567 -47.1219 -28.0853 12.4356 -39.8458 -20.7648 -48.3524 -42.4401 -23.7106 -41.5799 -32.5587 30.9652 -45.3216 -26.6819 0.9956 -36.4447 -18.0882 -44.5986 -32.1940 33.4987 -47.9980 -28.6323 20.3988 -42.2562 -25.5383 1.3615 -36.5903 -16.7235 -45.6466 -32.0037 33.5568 -48.0171 -27.4907
-47.9212 32.6744 -32.1186 -44.9670 -17.3553 -36.7872 2.4433 -25.6436 -42.4945 21.0664 -28.7278 -48.1001 33.0272 -32.2211 -44.4229 -18.1473 -36.4447 0.7968 -26.7090 -45.4423 31.4124 -32.5701 -8.5308 -42.5462 21.3800 -37.8889 15.9651 -40.0186 19.7450 19.8358 -40.2083 20.8368 -37.2442 16.0106 -39.4749 27.2526 -40.7319 35.0950 -42.8526 2.6415 -46.9899 -21.1593 -49.2481 -14.2536 -35.8577 -36.4318 -16.5888 -42.6031 18.8990 -36.7064 -9.1810 -32.7449 -31.8756 -30.5345 -42.9506 -27.9270 -48.3697 -24.1955 -48.8794 -20.9500 -48.1698 -17.1080 -46.5113 -8.1185 -45.0756 9.8018 -43.6889 33.6435 -39.6267 35.0063 -45.9160 -26.8956 9.4883 -38.7426 32.4372 -37.3828 20.5452 -42.4933 -8.0425 -32.6812 31.3198 -45.4466 -26.7090 0.7968 -36.4447 -18.1473 -44.4229 -32.2211 33.0272 -48.1001 -28.7278 21.0664 -42.4945 -25.6436 2.4433 -36.7872 -17.3553 -44.9670 -32.1186 32.6744 -47.9212
21.8165 -31.8280 -44.2024 -17.9451 -36.9880 3.4633 -25.7442 -42.7390 21.7905 -28.8382 -48.2174 32.2443 -32.2605 -44.0651 -18.3135 -36.5228 0.9956 -26.7090 -45.4796 31.6868 -31.3493 -42.8225 -33.8861 12.9725 -37.9066 8.3639 -37.6853 14.9270 -37.9141 -32.0065 1.8501 -33.2305 -24.2641 -33.4781 -1.0531 -35.4325 9.6518 -37.3809 19.7158 -39.4917 32.5729 -42.1074 34.7394 -41.7833 12.2324 -28.8299 -47.3464 34.7333 -38.4499 -6.4545 -30.2641 -48.6145 -22.5673 -48.2358 -17.0827 -46.4538 -4.2189 -44.3587 30.6586 -42.7287 35.5112 -41.3616 30.9155 -39.6698 25.1541 -38.7594 19.6992 -37.8238 9.3029 -35.7528 33.1380 -45.5497 -28.6585 18.0727 -37.3659 7.2622 -37.7191 12.6170 -34.0016 -41.8807 -31.6915 31.5196 -45.4852 -26.7090 0.9956 -36.5228 -18.3135 -44.0651 -32.2605 32.2443 -48.2174 -28.8382 21.7905 -42.7390 -25.7442 3.4633 -36.9880 -17.9451 -44.2024 -31.8280 21.8165
-32.4006 -43.3485 -18.4912 -37.1932 4.4289 -25.8450 -42.9833 22.5312 -28.9561 -48.3378 31.1223 -32.3068 -43.5482 -18.5664 -36.6720 1.5988 -26.6819 -45.4421 31.6890 -31.1852 -44.2541 -31.5434 -25.2615 -34.4317 -14.3788 -34.3983 4.3952 -39.3919 32.9949 -49.4745 -25.2975 -48.9823 -24.0318 -48.7971 -26.5779 -46.4363 -29.6292 -31.0157 -33.2844 3.2493 -36.0658 12.4129 -36.5394 9.3416 -31.4021 -48.8018 4.7246 -40.5839 11.9264 -32.8923 -48.5448 -16.1730 -44.8905 27.8794 -43.2112 29.3058 -41.9202 29.8588 -39.1952 17.3307 -37.1937 10.7962 -35.5958 2.9151 -34.1078 -7.7165 -32.8422 -26.9118 -31.0705 -39.1735 -29.7270 -41.3830 -17.0800 -45.0887 15.9206 -34.9946 -15.1343 -34.4978 -23.6721 -32.0622 -42.2009 -31.6802 31.5217 -45.4463 -26.6819 1.5988 -36.6720 -18.5664 -43.5482 -32.3068 31.1223 -48.3378 -28.9561 22.5312 -42.9833 -25.8450 4.4289 -37.1932 -18.4912 -43.3485 -32.4006
-43.6128 -18.9929 -37.4009 5.3460 -25.9468 -43.2240 23.2697 -29.0768 -48.4522 29.6402 -32.3596 -42.8856 -18.8810 -36.8840 2.5482 -26.6255 -45.3194 31.4191 -31.3363 -44.2892 -31.2391 -30.6504 -32.4533 -38.7253 -29.7334 -42.3145 -33.8829 14.2359 -41.1963 25.1050 -44.6165 17.9392 -44.2817 8.2674 -45.3159 -11.0108 -47.4579 -21.1535 -48.9726 -26.9643 -44.4378 -29.4864 -41.1121 -27.7234 -48.9471 -9.3492 -41.8428 22.1899 -37.0409 -29.8385 -23.7641 -45.1324 36.1966 -42.1395 26.6871 -46.5596 -14.3564 -37.7044 7.9297 -33.0077 -33.2624 -29.4783 -46.3430 -26.4386 -48.9631 -23.8182 -49.0014 -21.3715 -48.4187 -18.7868 -48.1946 -16.8109 -46.3616 34.9522 -37.2268 -27.3547 -30.9159 -37.3860 -32.8068 -26.7650 -32.0334 -42.2277 -31.6889 31.3220 -45.3214 -26.6255 2.5482 -36.8840 -18.8810 -42.8856 -32.3596 29.6402 -48.4522 -29.0768 23.2697 -43.2240 -25.9468 5.3460 -37.4009 -18.9929 -43.6128
-18.6248 -37.6105 6.2142 -26.0501 -43.4609 24.0052 -29.1984 -48.5532 27.8223 -32.4213 -42.0835 -19.2300 -37.1435 3.7329 -26.5540 -45.1233 31.0033 -32.5570 -42.8692 -31.5321 -30.5907 -32.1845 -41.2733 -26.5877 -48.7108 -24.5107 -42.7519 -33.8429 12.3193 -38.3745 22.2747 -39.0639 23.8944 -39.5518 28.0076 -40.6997 35.0923 -42.9673 17.3577 -45.6515 -12.8899 -47.2815 -15.3345 -46.4814 17.6462 -41.7657 26.9118 -39.8634 19.5350 -33.2021 -48.9564 17.4685 -41.6498 35.9725 -47.6100 -27.5231 -4.0909 -49.0831 -25.3275 -49.0969 -20.1161 -47.1245 -9.1790 -44.8159 19.5359 -43.3525 33.4161 -42.7162 35.6385 -42.0343 35.1298 -41.6933 29.4859 -39.0012 -0.8383 -29.3297 -48.5779 -27.3923 -40.2049 -32.6182 -26.7925 -32.0617 -41.8426 -32.6870 30.9630 -45.1240 -26.5540 3.7329 -37.1435 -19.2300 -42.0835 -32.4213 27.8223 -48.5532 -29.1984 24.0052 -43.4609 -26.0501 6.2142 -37.6105 -18.6248
-38.5412 7.0395 -26.1544 -43.6971 24.7372 -29.3212 -48.6404 25.6821 -32.4975 -41.1255 -19.5999 -37.4315 5.0289 -26.4922 -44.9006 30.4704 -32.4750 -8.6384 -33.8796 -25.2974 -32.4615 -40.9913 -26.2314 -48.1726 -8.5505 -46.0867 -20.9675 -47.4504 -30.3278 -19.2062 -33.2119 -5.8261 -34.2388 1.4896 -35.3700 9.5290 -37.3426 18.7397 -39.3418 28.4970 -41.0412 33.7514 -41.5758 31.5114 -40.2638 23.7587 -40.8908 35.5106 -44.4398 -1.4029 -22.0856 -43.6826 30.8958 -43.0738 -17.0232 -39.2246 -36.4288 27.8841 -44.5099 30.0189 -42.3019 33.4169 -40.0598 24.9138 -38.5288 18.5536 -37.4544 15.0531 -36.8484 12.4873 -36.1744 9.6702 -35.0833 -10.1914 -29.1517 -48.5699 -17.5381 -48.4333 -26.5112 -40.3625 -32.7300 -23.6721 -34.0243 -7.8252 -32.5582 30.4588 -44.9008 -26.4922 5.0289 -37.4315 -19.5999 -41.1255 -32.4975 25.6821 -48.6404 -29.3212 24.7372 -43.6971 -26.1544 7.0395 -38.5412
7.3544 -26.2501 -43.9293 25.4744 -29.4464 -48.7127 23.2077 -32.5851 -39.9775 -19.9928 -37.7242 6.3005 -26.4568 -44.7056 29.6984 -29.8137 -42.4164 -42.6083 13.1577 -34.2843 -39.2501 -26.4720 -48.3143 1.2718 -41.8929 35.5342 -43.5069 -7.5390 -47.7455 -21.2300 -49.0494 -24.0547 -48.9310 -26.3174 -46.7992 -29.5145 -31.7893 -33.1288 0.3096 -35.7435 10.1582 -37.0381 12.6791 -37.6836 13.8242 -39.6581 35.6432 -48.9139 -27.5717 24.4957 -43.5403 28.1866 -39.8526 33.5599 -46.6762 -26.7649 -3.9108 -37.2969 19.5294 -37.7815 14.4137 -36.1691 5.3842 -34.2015 -11.2728 -32.1768 -31.7811 -30.4874 -39.9449 -29.3089 -44.2494 -28.0827 -47.6747 -24.3522 -47.7818 -1.5728 -43.8247 -10.1654 -48.4475 -27.0996 -38.9514 -34.2956 12.7866 -42.5302 -41.6832 -29.8827 29.6983 -44.7056 -26.4568 6.3005 -37.7242 -19.9928 -39.9775 -32.5851 23.2077 -48.7127 -29.4464 25.4744 -43.9293 -26.2501 7.3544
-24.6963 -44.1574 26.2060 -29.5744 -48.7686 20.3961 -32.6757 -38.6447 -20.4030 -37.9993 7.4614 -26.4543 -44.5856 28.8913 -28.2197 -48.2107 -23.0025 22.2427 -37.9102 -19.8141 -27.6309 -48.2809 -0.9547 -41.8610 23.4655 -38.4879 21.7919 -39.9782 33.9933 -42.2798 33.6300 -43.4417 18.3163 -44.8511 -9.6882 -47.4132 -21.0690 -48.9585 -26.7500 -45.1962 -29.9380 -34.7869 -32.4258 -12.8887 -36.5091 18.9670 -43.0287 -19.1920 -28.9254 -37.1392 16.9571 -37.2002 11.7612 -39.8201 33.5392 -48.0915 -26.8728 -34.1519 -31.5562 -28.6594 -30.3084 -44.0259 -27.1592 -48.8312 -23.4908 -48.6937 -19.3848 -47.5550 -15.9032 -46.7906 -15.0758 -46.7913 -13.8559 -44.9283 29.5244 -42.3447 25.8170 -46.1956 -22.0082 -48.6789 -28.7204 -21.8875 -37.6588 20.9217 -23.5458 -48.1707 -28.2275 28.8913 -44.5856 -26.4543 7.4614 -37.9993 -20.4030 -38.6447 -32.6757 20.3961 -48.7686 -29.5744 26.2060 -44.1574 -24.6963
-44.4327 26.9278 -29.7043 -48.8074 17.2512 -32.7625 -37.1284 -20.8101 -38.2496 8.4654 -26.4857 -44.5568 28.3763 -28.5665 -48.5157 22.5294 -39.2339 -37.8937 7.9679 -31.0362 -48.6173 -0.8151 -41.5016 21.8290 -35.9319 -8.4710 -34.0313 4.6613 -36.0193 13.4374 -37.5297 19.2558 -39.0843 28.0381 -40.9123 35.5091 -43.1492 15.9724 -45.7859 -14.2905 -48.0381 -22.0962 -48.6478 -29.9013 -9.9088 -38.1548 32.2982 -46.3902 -25.6468 -30.8449 -32.0521 -27.9717 -33.9001 11.1911 -39.9972 35.0466 -45.9952 -17.3755 -48.3185 -19.2281 -47.4953 -12.5487 -45.2835 14.9476 -43.3276 35.1471 -41.9601 34.5118 -41.3790 35.9118 -43.3408 -19.1166 -46.8300 14.6480 -42.0568 34.4145 -46.8241 -25.6293 -40.8131 -29.8033 -48.0248 -31.0728 5.6372 -37.6886 -43.6395 17.4440 -48.4556 -28.5669 28.3764 -44.5568 -26.4857 8.4654 -38.2496 -20.8101 -37.1284 -32.7625 17.2512 -48.8074 -29.7043 26.9278 -44.4327
27.4895 -29.6361 -48.8254 13.8352 -32.8454 -35.4200 -21.2064 -38.4844 9.3221 -26.5469 -44.6168 28.2289 -28.9702 -48.6844 26.0759 -36.0659 -48.8440 33.7265 -35.7784 -44.5438 -16.8679 -41.8802 22.5221 -35.7258 -38.0163 -26.9992 -48.6677 -27.0595 -44.5508 -30.3306 -26.1853 -34.4817 10.0413 -39.4720 22.3959 -39.5813 22.2358 -39.8541 30.6693 -41.8679 34.2442 -44.8936 -14.4979 -48.7645 -30.9755 5.3527 -39.6043 35.8086 -46.4029 -19.9858 -48.8904 -24.5435 -46.7189 -32.2204 8.4020 -38.6373 28.0328 -41.3718 35.0390 -41.7938 33.3503 -40.3556 26.3003 -38.7338 18.8927 -37.5260 13.6800 -36.9800 15.7651 -38.7584 3.6887 -29.0469 -27.9137 -47.6711 24.6492 -44.7677 -24.6211 -12.5288 -37.1233 18.3668 -27.1538 -46.6223 -35.1074 15.0913 9.3972 -37.1171 26.1711 -48.6886 -28.9692 28.2272 -44.6168 -26.5468 9.3221 -38.4844 -21.2064 -35.4200 -32.8454 13.8352 -48.8254 -29.6361 27.4895
-29.1583 -48.8176 10.2949 -32.9216 -33.5325 -21.5897 -38.7122 10.0938 -26.6293 -44.7503 28.4069 -29.3508 -48.7935 22.8728 -35.9060 -4.3009 -19.8594 -39.3789 4.6682 -28.6762 -46.7591 35.5664 -38.2511 -10.0864 -27.2772 -46.2209 -3.4549 -45.4379 -13.9442 -48.0874 -24.8748 -39.9856 -33.2266 33.4368 -41.5737 22.2192 -38.2574 10.2594 -37.5639 16.8464 -39.8661 32.9849 -44.0707 -15.7178 -48.1906 -32.1890 8.6440 -39.4589 32.4082 -43.1120 24.3259 -45.4015 -17.3892 -48.6606 -30.0175 -10.7030 -35.0490 9.6702 -36.3866 11.1705 -35.9253 6.0544 -34.5002 -7.4243 -32.5562 -30.2892 -30.9668 -36.8079 -31.6999 -22.1382 -21.6489 -41.6974 4.7706 -24.5235 -45.0594 -14.0137 -44.7389 -36.3437 33.4100 -45.3052 -42.7919 -21.7664 -15.5960 -38.8446 -24.7332 -2.2662 -36.4120 23.2708 -48.8035 -29.3504 28.4037 -44.7503 -26.6293 10.0938 -38.7122 -21.5897 -33.5325 -32.9216 10.2949 -48.8176 -29.1583
-48.7091 6.7174 -32.9802 -31.4626 -21.9554 -38.9334 10.8183 -26.7246 -44.9259 28.8217 -29.6738 -48.8441 17.3365 -34.7596 -20.7295 -25.7363 -42.3690 25.1392 -36.1851 -40.0526 -20.2889 -42.9533 21.1658 -34.3359 -48.1526 -10.5065 -41.7901 33.4296 -41.2998 35.6084 -44.1063 -6.4392 -42.5085 -48.4856 -6.4084 -41.4983 14.8755 -35.9510 -13.0640 -34.8596 9.1486 -39.2793 32.2329 -44.6470 -18.0875 -47.7871 -31.7824 3.2442 -37.5567 19.5407 -39.8522 31.7004 -42.7005 -3.5178 -48.1447 -24.3860 -47.4810 -28.3476 -43.0987 -28.8566 -45.3691 -27.1848 -48.4793 -24.4426 -48.5693 -21.7317 -48.1573 -23.2162 -48.7669 -24.5091 -46.6367 30.7304 -34.4903 -48.5683 -8.9906 -46.6829 -29.5768 16.4724 -44.1739 -23.3227 26.9369 -43.6905 -26.8556 11.2954 -39.9587 -24.5715 -8.4200 -35.4466 18.1635 -48.8611 -29.6750 28.8202 -44.9259 -26.7246 10.8183 -38.9334 -21.9554 -31.4626 -32.9802 6.7174 -48.7091
-4.9113 -32.9652 -29.2441 -22.3046 -39.1515 11.5029 -26.8277 -45.1222 29.3792 -29.9327 -48.8323 11.2125 -34.5726 -12.5549 -30.2196 -48.1010 8.3884 -41.2126 15.6821 -33.0430 -48.6331 0.4306 -40.0564 8.0355 -29.3228 -47.4410 35.9290 -39.7337 16.8980 -38.5253 22.0714 -39.3990 20.3839 -28.8074 -47.9262 35.2276 -38.4323 -9.1045 -31.1261 -42.8944 -32.7984 6.8289 -39.3239 32.9136 -44.6629 -16.3678 -48.7299 -29.2347 -26.1414 -34.1239 6.0864 -37.5469 21.2852 -40.5307 35.5000 -44.2584 -3.7619 -46.2471 -13.1855 -46.5239 -10.2378 -45.2764 3.2405 -44.1026 -7.0095 -45.1101 -15.7000 -48.6853 -27.3677 -47.7383 6.5352 -37.5915 -14.4118 -22.7130 -44.3522 -17.7255 -37.5703 -36.8867 23.3674 -48.7990 -34.5450 33.3052 -47.2241 -30.0479 12.9339 -38.5557 -24.0550 -16.2257 -34.5955 11.9887 -48.8477 -29.9335 29.3792 -45.1222 -26.8277 11.5029 -39.1515 -22.3046 -29.2441 -32.9652 -4.9113
-34.3543 -26.8984 -22.6343 -39.3703 12.1631 -26.9363 -45.3294 30.0000 -30.1436 -48.7774 5.9856 -34.5222 1.2749 -35.1859 -24.8167 -28.1499 -48.1831 29.3195 -39.9285 5.7960 -28.9864 -47.3580 35.2768 -37.6432 -27.0812 -22.2902 -43.3997 23.3192 -37.2056 -0.3452 -35.3988 -0.2005 -32.4651 -47.8679 -8.6355 -41.3844 12.9140 -32.4750 -48.2497 -24.3181 -47.5104 -32.0297 6.3885 -39.1780 30.7954 -43.3075 -4.4937 -48.0211 -23.6353 -47.8233 -29.7237 -24.9993 -34.5368 10.6586 -38.2841 22.9959 -39.8315 30.0629 -40.7216 30.9110 -40.3744 29.5953 -40.6858 29.6417 -48.2231 -20.3910 -48.6771 -29.9563 10.1050 -39.8451 -25.8937 -26.7029 -26.5329 -46.1827 18.7414 -47.2413 -30.5906 17.2662 -43.3186 -25.1873 0.1547 -38.9566 -2.8747 -48.4479 -33.7438 15.0895 -39.4951 -23.4763 -20.8075 -34.0140 6.3427 -48.7837 -30.1439 30.0000 -45.3294 -26.9363 12.1631 -39.3703 -22.6343 -26.8984 -34.3543
-27.3937 -22.9373 -39.5908 12.8134 -27.0489 -45.5422 30.6469 -30.3226 -48.7531 1.8234 -34.0327 1.5776 -36.8751 22.8919 -37.5998 -8.9659 -27.0981 -46.8146 33.9948 -37.5156 -28.9520 -22.0039 -43.3696 21.2075 -33.8814 -48.4606 0.1667 -39.9776 9.9183 -34.7983 -34.7597 -29.3550 -48.6163 -16.0598 -43.1607 23.3176 -35.6196 -41.9440 -21.7097 -46.7755 -19.0661 -48.2788 -31.4573 3.1131 -38.2699 24.3325 -41.4056 34.3358 -44.9457 -10.7480 -48.0638 -24.0340 -46.9284 -30.8621 -14.3444 -35.3842 6.9420 -37.2029 9.2637 -36.3278 9.0482 -37.1613 23.3406 -43.6995 -28.1291 -41.7557 -29.5936 -19.9827 -37.9097 35.3383 -48.4789 -20.5094 -46.2289 17.1421 -42.9202 -19.3828 -32.2537 -37.3706 23.2380 -48.9444 -34.6004 27.0021 -45.1574 -26.3124 -12.4799 -38.0186 23.8549 -40.9154 -23.2447 -21.8028 -33.6708 1.8674 -48.7532 -30.3226 30.6469 -45.5422 -27.0489 12.8134 -39.5908 -22.9373 -27.3937
-21.5125 -39.8128 13.4592 -27.1638 -45.7571 31.2967 -30.4829 -48.7586 -1.5287 -33.6481 -21.0003 -25.2056 -19.9440 -46.5405 31.4896 -37.0869 -31.7519 -21.6400 -43.2086 20.5460 -33.6905 -48.5929 2.6759 -39.8729 6.6770 -28.7227 -46.9546 34.2611 -38.2152 2.2240 -33.3987 -48.5732 -14.4734 -43.5035 27.7222 -37.3865 -20.4500 -25.7096 -46.7159 25.9687 -44.4298 -15.2991 -48.7387 -30.0678 -10.2303 -36.1993 15.1966 -39.5589 28.4773 -41.7108 33.5756 -45.2570 -15.8729 -48.6680 -28.7146 -33.5748 -35.2428 1.7747 -34.6064 -37.3308 -30.5388 -34.9065 -31.5660 -39.1292 31.5570 -35.1822 -29.0238 -35.1361 17.3549 -41.4071 5.1502 -45.8210 -13.5488 -45.8446 -6.8419 -48.1031 -31.6297 19.4658 -43.7568 -25.6623 3.7254 -40.1578 -8.0057 -47.1370 -34.9043 16.4129 -41.4142 35.2699 -40.9609 -23.2517 -21.1071 -33.6418 -1.5338 -48.7586 -30.4829 31.2967 -45.7571 -27.1638 13.4592 -39.8128 -21.5125
-40.4994 14.1014 -27.2799 -45.9704 31.9315 -30.6324 -48.7308 -4.1653 -33.8508 -19.8141 -23.4881 -38.9003 -34.7730 -17.8441 -42.7792 20.2256 -33.9331 -48.3728 1.5798 -39.6525 5.1297 -28.2436 -46.7108 33.7828 -37.1816 -33.8339 -20.5366 -42.8752 21.9828 -38.5673 20.5160 -19.8316 -42.8704 26.1393 -37.0559 -11.6288 -27.8915 -47.9616 29.6783 -41.5164 33.1057 -43.1177 -7.7049 -48.5620 -26.9650 -38.7131 -33.1736 3.0053 -37.2289 17.1142 -40.0672 34.0694 -44.0616 -16.7404 -47.9668 -33.3253 10.8539 -38.3340 5.6048 -26.8681 -48.7583 -20.3099 -48.6240 -16.2290 -40.8307 7.1766 -34.7603 7.4389 -39.9732 32.3264 -47.1374 -23.9356 -47.6759 -26.1428 -48.4331 -24.3781 -22.3884 -37.8224 6.1827 -48.3748 -34.9667 29.7249 -46.2410 -28.0291 3.8021 -39.9964 35.8885 -46.1852 -10.7611 -40.3198 -23.4242 -19.7511 -33.8523 -4.1653 -48.7308 -30.6324 31.9315 -45.9704 -27.2799 14.1014 -40.4994
14.6902 -27.3312 -46.1810 32.5330 -30.7744 -48.6701 -6.2848 -34.0977 -17.8200 -23.6616 -39.8768 13.4026 -30.3844 -48.1581 21.6920 -40.6114 7.8830 -28.5923 -46.6417 32.6035 -36.7277 -37.9156 -19.6938 -42.7691 18.4875 -33.0684 -48.9654 16.5765 -40.6238 32.3181 -47.6088 -31.2603 11.1484 -34.0337 -30.5928 -26.9761 -48.1394 23.4699 -41.1009 21.9685 -39.6285 26.3873 -41.7698 20.9835 -47.0173 -21.4818 -48.3449 -30.0304 -22.9175 -35.8992 13.1969 -40.2475 35.3433 -47.4709 -28.3903 5.1237 -40.1803 10.7865 -48.9652 -41.0762 35.0920 -42.7540 35.5644 -41.1873 16.7819 -35.0542 -8.8946 -38.0467 34.9372 -47.2144 -26.9178 -21.7607 -34.8884 5.9011 -29.6428 -48.5057 -32.3165 22.9795 -45.9062 -26.7020 5.0618 -40.3541 -11.2052 -45.6036 -35.7670 28.4949 -46.3155 -26.3359 -27.9591 31.3901 -39.4246 -23.6692 -17.8089 -34.0977 -6.2848 -48.6701 -30.7744 32.5330 -46.1810 -27.3312 14.6902
-26.1216 -46.3885 33.0895 -30.9124 -48.5748 -8.0380 -34.3598 -15.5261 -23.8801 -40.1795 14.8150 -35.6502 -20.9420 -27.3170 -47.0648 34.4288 -37.1271 -37.2527 -18.5534 -42.2197 16.3205 -32.6262 -48.9696 18.4376 -39.4912 1.7083 -27.0471 -45.8964 34.4498 -40.8217 2.8793 -48.5208 -26.3732 -48.7735 -21.3974 -46.7399 31.6581 -41.0238 23.0519 -39.4581 19.2241 -39.0649 20.8454 -40.6657 35.9191 -44.8108 -15.3737 -48.7643 -30.8442 -11.7579 -37.0558 20.5506 -42.7031 -15.7887 -43.9016 -36.0999 29.5365 -46.6907 -26.4701 13.0695 -37.8170 16.0705 -37.3342 9.9193 -33.7213 -34.2345 -35.1366 21.2025 -43.8324 -23.0975 -22.7392 -37.4459 26.6579 -41.4619 -21.6627 -27.0768 -32.5669 -34.6661 -23.3484 -46.9692 -35.2129 30.1577 -46.3188 -28.3845 7.3017 -40.4704 -13.2127 -38.4699 -36.2725 -25.3080 13.9361 -40.1640 -23.8801 -15.5261 -34.3598 -8.0380 -48.5748 -30.9124 33.0895 -46.3885 -26.1216
-46.4656 33.5755 -31.0456 -48.4409 -9.5295 -34.6285 -13.1637 -24.1092 -40.4433 15.5125 -34.7041 26.2987 -38.6043 -17.4434 -21.9647 -43.0025 16.7048 -31.9313 -48.7657 30.1435 -39.2523 -0.3147 -27.1288 -46.0541 30.5434 -36.1436 -43.2601 -17.0070 -42.5345 31.4627 -40.9698 18.0215 -44.9557 15.4501 -43.2159 34.2212 -40.5022 24.6651 -40.6071 34.4581 -42.0310 23.6958 -38.4577 15.5685 -39.9753 35.1703 -45.0239 -23.5130 -34.6125 -35.9730 11.8555 -39.3659 34.8113 -46.7348 -27.6539 3.2729 -39.8286 21.0827 -49.0125 -29.3589 -28.3663 -31.6548 -33.6838 -29.5000 -47.3132 -30.0384 0.6888 -39.3362 1.8932 -47.8749 -34.7707 25.2263 -44.8025 -15.2632 -6.8542 -44.7709 -9.5227 -40.0086 -6.5366 -31.6908 5.2431 -40.4437 -12.3723 -44.9134 -35.8757 29.1944 -45.7066 -27.9057 16.9025 -47.5006 -27.8175 15.1052 -40.4415 -24.1092 -13.1637 -34.6285 -9.5295 -48.4409 -31.0456 33.5755 -46.4656
31.4091 -30.8797 -48.2672 -10.8347 -34.8978 -10.8151 -24.3343 -40.6980 15.8875 -27.8157 -20.6590 -45.4456 28.2699 -34.2574 -49.0837 26.7575 -38.3180 -10.8826 -25.3410 -45.2443 28.9209 -36.2774 -41.8426 -17.2164 -41.9016 14.0319 -31.3860 -48.5170 -3.5859 -42.5996 30.2479 -40.2670 27.8541 -40.2686 24.4065 -39.7040 22.7428 -41.0431 13.0178 -47.8072 -18.3984 -42.5761 17.5230 -37.3069 14.6336 -40.4940 5.1696 -48.5580 -34.0021 25.2610 -39.7830 23.1729 -41.1627 3.0332 -48.7450 -32.5195 14.9607 -40.9343 10.6921 -47.9272 -20.4758 -48.6610 -19.9657 -47.7707 -20.4568 -47.5177 -34.8415 26.2875 -45.3384 -27.0371 6.6139 -40.8106 -11.4802 -40.4023 -37.3383 25.6821 -40.0691 17.3012 -33.3681 -40.4415 -35.4554 30.2307 -46.6549 -28.9942 8.5259 -40.3378 4.4680 -48.7893 -32.1862 34.5171 -46.8022 -27.7646 15.8920 -40.6985 -24.3343 -10.8151 -34.8978 -10.8347 -48.2672 -30.8797 31.4091
-30.8993 -48.0519 -11.9743 -35.1643 -8.5804 -24.5520 -40.9437 16.6218 -27.8489 -47.0274 14.1749 -20.9637 -41.5507 4.0892 -25.0935 -43.9247 24.2948 -35.1102 -45.8207 -15.2128 -41.8606 15.2992 -31.9159 -48.8363 32.8057 -38.3600 -12.5611 -28.0709 -48.6116 -17.7857 -42.3551 23.8596 -39.7078 22.8821 -40.2198 22.4233 -40.8190 18.5443 -48.9915 -29.9057 -11.5392 18.8702 -37.8258 1.9415 -36.8125 23.7628 -44.5465 -23.9119 6.1741 -46.7081 11.1366 -41.2585 29.9060 -43.1956 -18.0100 -45.1922 -33.9441 15.9191 -40.1409 35.0814 -43.0022 34.5283 -43.0499 28.3957 -45.8775 -26.3450 -1.1283 -39.2001 4.2891 -48.1299 -34.6960 26.1354 -45.4690 -25.5758 -12.5025 -34.6598 3.8063 -33.4585 -43.5034 -29.8941 2.3097 -40.0736 -13.0665 -42.7974 -36.5364 30.5111 -45.1155 -24.2916 -35.2645 -34.9898 34.3753 -46.9214 -27.8410 16.6216 -40.9442 -24.5520 -8.5804 -35.1643 -11.9743 -48.0519 -30.8993
-48.1370 -12.9889 -35.4253 -6.5004 -24.7576 -41.1821 17.3175 -27.9434 -47.0783 34.5212 -31.2962 -48.3298 30.1101 -34.0020 -48.5047 -5.7894 -40.6589 12.5849 -31.4875 -48.8232 29.0104 -39.0086 -5.2042 -25.1426 -44.3577 23.3533 -35.6818 -26.7054 -31.6332 -36.6399 11.4542 -40.1286 24.8947 -42.4099 34.7818 -41.8214 36.0401 -46.9968 -27.9972 11.0972 -42.4702 -27.5995 -20.5265 -32.1142 -14.3993 -37.5557 30.7392 -44.4448 3.3103 -30.7101 -49.0372 22.5088 -41.0409 33.3811 -45.0321 -21.2734 -44.7066 -32.9054 7.5363 -37.5901 17.6313 -39.1188 25.1872 -41.3128 -4.4081 -48.5922 -34.0214 21.0319 -43.6696 -23.3284 -17.4443 -38.2574 35.4453 -46.9356 -23.3763 -48.0947 -26.8889 -48.3214 -23.5199 -48.2538 -34.1883 27.4907 -46.1025 -28.8701 11.0081 -41.4669 -11.8303 -47.3126 -33.8453 11.6896 -38.4154 34.7260 -47.0984 -27.9409 17.3187 -41.1821 -24.7576 -6.5004 -35.4253 -12.9889 -48.1370
-14.7359 -35.6787 -4.6055 -24.9505 -41.4169 17.9943 -28.0515 -47.2433 34.6515 -31.2590 -47.8628 2.8928 -37.4236 1.7364 -29.6860 -48.0769 33.7416 -39.0997 -2.8899 -26.3579 -45.5331 27.8495 -35.2238 -47.2115 -5.6499 -39.8800 11.4601 -36.9167 17.2251 -34.4292 -35.0633 17.6455 -41.1590 -10.0636 -46.5438 26.0053 -43.4069 -17.1023 -40.9979 -36.6956 35.2949 -49.2659 -23.1416 -48.7622 -29.3827 -10.5334 -37.0123 19.9153 -37.8879 -6.2626 -24.0109 -44.2325 29.8308 -40.6382 34.8742 -45.1844 -19.3256 -48.4050 -29.8938 -24.7560 -34.9387 8.4415 -39.1711 35.4400 -46.2926 -27.2496 -7.4416 -38.5403 35.8415 -47.4507 -28.8885 3.2464 -39.1244 34.2811 -44.0514 -0.6504 -45.9104 -7.3835 -45.8983 -24.9303 -6.4873 -38.8854 -7.4266 -45.1468 -36.1451 34.5458 -47.8957 -30.2622 11.6721 -41.5842 31.4507 -37.7584 34.8015 -47.2602 -28.0515 17.9944 -41.4169 -24.9505 -4.6055 -35.6787 -14.7359
-36.8689 -2.8940 -25.1280 -41.6521 18.6637 -28.1671 -47.4112 34.7103 -31.4315 -47.5640 -12.8515 -39.8856 28.5260 -38.3830 -8.5471 -26.0658 -45.7831 29.4805 -36.0534 -43.4679 -15.2608 -41.2352 10.7043 -29.1062 -46.6875 32.5256 -39.0880 26.5291 -43.7356 -20.1253 -19.1117 -34.7361 20.0703 -46.5981 -26.1219 -47.3021 2.6242 -47.1822 -28.9753 5.4158 -39.9166 32.1618 -44.8629 -16.7781 -48.7304 -29.9126 -26.3998 -33.7852 -14.5105 -29.8260 -48.0892 19.3714 -40.8001 23.5743 -40.6326 35.6108 -44.3856 -18.5933 -48.6430 -28.4317 -30.9255 -36.4341 24.7528 -43.6877 -21.2128 -40.8021 -35.6430 20.1525 -41.2611 -0.9244 -48.6148 -30.2980 1.5396 -37.7670 22.8110 -40.2223 32.5621 -41.7243 10.4476 -48.8224 -33.2922 23.1524 -44.6304 -27.3070 9.1563 -41.4830 -19.1702 -26.2199 -38.6027 35.4755 -46.3444 17.4405 -33.0676 34.7029 -47.4098 -28.1664 18.6637 -41.6521 -25.1280 -2.8940 -36.8689
-2.9159 -25.2988 -41.8843 19.3380 -28.2876 -47.5803 34.6464 -31.6028 -47.1484 -14.0883 -39.2411 -1.1449 -45.4576 30.3032 -36.4600 -41.2886 -17.2852 -41.9965 14.9704 -31.4255 -48.5270 35.4966 -37.2169 -35.7058 -17.8659 -41.8689 27.1890 -42.0138 -13.8016 -48.5357 -27.9312 -47.6649 -24.7177 -40.0950 -1.4001 -24.0442 -45.9507 -19.2875 -46.1493 -34.7081 14.4095 -40.3039 31.3942 -48.4374 -27.3979 -47.8823 -31.2838 -43.9633 -30.1771 -46.3586 -23.6923 -47.2452 -9.1531 -39.0606 32.9769 -40.6915 -13.7706 -49.2226 -25.3510 -47.8224 -33.0488 13.5239 -41.1558 -12.5354 -47.3057 -33.7464 17.6902 -40.6579 26.1684 -45.7440 -19.0944 -48.7511 -29.1249 -22.3230 -34.9104 10.1295 -38.7054 28.2587 -43.7870 -23.7506 -11.2115 -38.3381 8.9613 -48.1947 -35.0424 32.7841 -47.7585 -31.2527 19.5923 -44.4548 -15.0750 -17.8193 -47.3888 -31.5720 34.6503 -47.5785 -28.2861 19.3392 -41.8844 -25.2988 -2.9159
-23.5095 -42.1137 20.0089 -28.4112 -47.7450 34.4216 -31.7571 -46.6765 -15.4253 -35.5353 33.4694 -49.3239 -13.1520 -42.8461 15.8357 -31.8527 -48.8543 29.8728 -38.7794 -9.5442 -23.8388 -43.4570 18.4798 -31.7760 -48.3573 35.4776 -41.2117 -8.3421 -46.5499 -29.8477 -40.1530 -20.7493 -46.4371 26.3335 -33.0837 -48.7615 -16.6807 -48.7397 -31.3684 2.7183 -37.9979 24.0925 -42.4264 -38.8588 38.5456 -39.7123 30.9648 -67.5003 -128.6614 -49.5209 -65.6597 34.4322 9.7018 -36.6388 3.3640 5.3721 25.8396 -12.4336 -157.0949 -32.0055 -3.3567 -38.8015 30.7007 -48.8610 -31.5050 14.6163 -40.4183 -3.1217 -48.5872 -25.3419 -48.2233 -23.4581 -48.3890 -25.6090 -44.4489 -33.1350 8.5890 -39.6980 19.0679 -48.9948 -33.6360 21.8448 -43.9690 -25.7385 3.4570 -40.1255 -15.6852 -36.3551 -36.9734 19.4192 -47.8174 -35.4848 -14.7650 -46.7374 -31.6659 34.3914 -47.7452 -28.4120 20.0115 -42.1137 -23.5095
-42.5740 20.6767 -28.5370 -47.9045 34.0041 -31.8949 -46.1238 -16.1540 -36.4639 -0.3522 -20.6820 -27.5874 -48.8423 33.9020 -38.5809 -9.2042 -25.6146 -45.2030 26.5119 -34.6390 -48.5537 12.6020 -38.2968 -16.0715 -21.7795 -42.9983 35.8049 -48.4039 -31.5742 16.8248 -33.1567 -42.9214 30.4940 -35.6685 -38.8836 -21.2552 -47.5923 -28.5128 3.1970 -38.8148 24.5556 -40.4170 3.0032 -118.9765 11.4358 29.9889 -127.7046 79.6560 -46.1716 -153.2585 -51.4351 35.5419 13.4322 13.5991 -1.2047 -31.1496 -68.2120 -38.4857 124.4519 -11.4973 -36.5511 26.6036 -45.3957 -26.5978 2.9929 -39.3454 3.0476 -48.7707 -30.8875 1.8433 -33.5643 -44.3705 -20.3710 -46.8849 -23.3257 -42.4381 -35.6782 25.2812 -44.4656 -25.2762 -4.5782 -38.9205 16.3488 -48.8522 -34.4082 27.8047 -45.9948 -29.1428 13.6500 -42.1779 -23.9127 4.4038 -37.0585 -15.5745 -46.6503 -31.8556 33.9327 -47.9177 -28.5399 20.6795 -42.5741
