-27.7329 -48.4312 5.8969 -33.2638 -36.8470 -20.3187 -39.5796 11.5030 -25.4509 -45.5597 30.5006 -30.0900 -48.7484 -11.4806 -35.7808 -12.9117 -22.6933 -41.6122 18.3422 -26.9529 -47.4251 28.0075 -31.8397 -46.0415 -17.3594 -37.9135 4.2089 -24.2536 -43.7240 25.2385 -28.5832 -48.5050 2.4113 -33.4425 -34.6536 -20.6602 -39.8241 12.3780 -25.6295 -45.8104 30.9585 -30.3066 -48.6627 -12.4938 -36.0875 -9.8124 -22.9187 -41.7559 18.4916 -28.1494 -48.7952 -27.8669 19.2126 -41.8633 -22.9276 -9.8119 -36.0875 -12.4938 -48.6627 -30.3066 30.9585 -45.8104 -25.6295 12.3780 -39.8241 -20.6602 -34.6536 -33.4425 2.4113 -48.5050 -28.5832 25.2385 -43.7240 -24.2536 4.2089 -37.9135 -17.3594 -46.0415 -31.8397 28.0075 -47.4251 -26.9529 18.3422 -41.6122 -22.6933 -12.9117 -35.7808 -11.4806 -48.7484 -30.0900 30.5006 -45.5597 -25.4509 11.5030 -39.5796 -20.3187 -36.8470 -33.2638 5.8969 -48.4312 -27.7329
-48.4312 20.8597 -32.3051 -36.2388 -21.3797 -38.7839 11.0326 -26.8211 -45.3938 30.8396 -30.3116 -48.7098 -7.0850 -34.4208 -12.5962 -24.4000 -41.0507 17.6205 -27.9674 -47.4532 34.5878 -31.4966 -45.8575 -17.1410 -36.8961 3.9962 -25.9204 -43.3803 24.4863 -29.2055 -48.7459 18.6395 -32.3482 -34.1999 -21.8192 -39.0563 11.8766 -26.9562 -45.6691 31.6667 -30.4654 -48.6147 -9.0242 -34.7755 -9.5777 -24.6772 -41.0506 26.8945 -29.4778 -48.1625 -5.5522 -46.9572 -28.0976 18.4107 -41.3298 -24.6730 -9.5726 -34.7751 -9.0242 -48.6147 -30.4654 31.6667 -45.6691 -26.9562 11.8766 -39.0563 -21.8192 -34.1999 -32.3482 18.6395 -48.7459 -29.2055 24.4863 -43.3803 -25.9204 3.9962 -36.8961 -17.1410 -45.8575 -31.4966 34.5878 -47.4532 -27.9674 17.6205 -41.0507 -24.4000 -12.5962 -34.4208 -7.0850 -48.7098 -30.3116 30.8396 -45.3938 -26.8211 11.0326 -38.7839 -21.3797 -36.2388 -32.3051 20.8597 -48.4312
5.8969 -32.3051 -36.8738 -21.1406 -38.6069 10.4075 -26.7549 -45.1791 30.1701 -30.4283 -48.7493 -5.2471 -34.1317 -15.1549 -24.1689 -40.8243 16.9786 -27.9435 -47.2729 34.7257 -31.7358 -46.4044 -16.5165 -36.6906 2.9722 -25.8121 -43.1508 23.7804 -29.2462 -48.6815 21.8187 -32.7703 -35.9799 -21.4655 -38.8381 11.2098 -26.8886 -45.4514 31.0210 -30.5945 -48.6943 -7.4836 -34.4960 -11.9520 -24.4637 -40.8717 27.0818 -43.7858 -25.2929 8.4686 -33.8903 34.8335 -47.5405 -28.1051 17.7669 -41.1022 -24.4578 -11.9418 -34.4956 -7.4836 -48.6943 -30.5945 31.0210 -45.4514 -26.8886 11.2098 -38.8381 -21.4655 -35.9799 -32.7703 21.8187 -48.6815 -29.2462 23.7804 -43.1508 -25.8121 2.9722 -36.6906 -16.5165 -46.4044 -31.7358 34.7257 -47.2729 -27.9435 16.9786 -40.8243 -24.1689 -15.1549 -34.1317 -5.2471 -48.7493 -30.4283 30.1701 -45.1791 -26.7549 10.4075 -38.6069 -21.1406 -36.8738 -32.3051 5.8969
-33.2638 -36.2388 -21.1406 -38.5362 10.0060 -26.6727 -44.9885 29.5211 -30.3012 -48.7604 -3.1631 -33.8326 -17.8410 -23.9193 -40.5993 16.3415 -27.8178 -47.0832 34.6767 -31.6202 -46.8770 -15.8446 -36.4790 1.8466 -25.7147 -42.9217 23.0822 -29.1117 -48.5977 24.6029 -32.6971 -37.5931 -21.0865 -38.6179 10.5205 -26.7769 -45.2318 30.3440 -30.4589 -48.7424 -5.7100 -34.2106 -14.4680 -24.2336 -40.7191 19.0912 -38.8889 35.4246 -49.1153 -25.8535 -42.2125 -31.9829 34.6921 -47.3182 -27.9788 17.1137 -40.8719 -24.2288 -14.4573 -34.2135 -5.7061 -48.7424 -30.4589 30.3440 -45.2318 -26.7769 10.5205 -38.6179 -21.0865 -37.5931 -32.6971 24.6029 -48.5977 -29.1117 23.0822 -42.9217 -25.7147 1.8466 -36.4790 -15.8446 -46.8770 -31.6202 34.6767 -47.0832 -27.8178 16.3415 -40.5993 -23.9193 -17.8410 -33.8326 -3.1631 -48.7604 -30.3012 29.5211 -44.9885 -26.6727 10.0060 -38.5362 -21.1406 -36.2388 -33.2638
-36.8470 -21.3797 -38.6069 10.0060 -26.6399 -44.8662 29.0183 -30.1929 -48.7480 -0.8598 -33.5357 -20.5520 -23.6532 -40.3765 15.7099 -27.6909 -46.8845 34.4884 -31.5047 -47.2810 -15.1233 -36.2544 0.5985 -25.6124 -42.6939 22.3951 -28.9743 -48.4954 27.0422 -32.6203 -39.0441 -20.6912 -38.3957 9.8048 -26.6672 -45.0116 29.6522 -30.3178 -48.7603 -3.6202 -33.9240 -17.0602 -23.9871 -40.6358 15.8759 -34.3140 9.1505 -39.8473 35.2813 -42.4003 -17.3923 -47.0941 -31.6076 34.7016 -47.1364 -27.8589 16.4532 -40.6380 -23.9941 -16.9289 -33.9142 -3.6021 -48.7603 -30.3167 29.6522 -45.0116 -26.6672 9.8048 -38.3957 -20.6912 -39.0441 -32.6203 27.0422 -48.4954 -28.9743 22.3951 -42.6939 -25.6124 0.5985 -36.2544 -15.1233 -47.2810 -31.5047 34.4884 -46.8845 -27.6909 15.7099 -40.3765 -23.6532 -20.5520 -33.5357 -0.8598 -48.7480 -30.1929 29.0183 -44.8662 -26.6399 10.0060 -38.6069 -21.3797 -36.8470
-20.3187 -38.7839 10.4075 -26.6727 -44.8662 28.8261 -30.1283 -48.7375 1.3167 -33.2666 -23.0799 -23.3838 -40.1607 15.0892 -27.5646 -46.6805 34.1815 -31.3910 -47.6202 -14.3528 -36.0168 -0.7790 -25.4953 -42.4696 21.7256 -28.8364 -48.3789 29.0962 -32.5421 -40.3324 -20.2829 -38.1746 9.0679 -26.5604 -44.7932 28.9583 -30.1752 -48.7499 -1.1880 -33.6392 -19.5595 -23.7409 -40.4206 15.6952 -29.8339 -46.6351 -33.1047 9.1149 -38.4545 18.3825 -36.9335 -14.9056 -47.1308 -31.5125 34.5635 -46.9441 -27.7883 15.5819 -40.2051 -24.1601 -20.5758 -33.5819 -1.1187 -48.7498 -30.1742 28.9583 -44.7932 -26.5604 9.0679 -38.1746 -20.2829 -40.3324 -32.5421 29.0962 -48.3789 -28.8364 21.7256 -42.4696 -25.4953 -0.7790 -36.0168 -14.3528 -47.6202 -31.3910 34.1815 -46.6805 -27.5646 15.0892 -40.1607 -23.3838 -23.0799 -33.2666 1.3167 -48.7375 -30.1283 28.8261 -44.8662 -26.6727 10.4075 -38.7839 -20.3187
-39.5796 11.0326 -26.7549 -44.9885 29.0183 -30.1283 -48.7383 2.7085 -33.0993 -25.0908 -23.1352 -39.9657 14.5055 -27.4409 -46.4711 33.7689 -31.2833 -47.9010 -13.5300 -35.7627 -2.3367 -25.3586 -42.2499 21.0762 -28.6947 -48.2470 30.8088 -32.4685 -41.4686 -19.8623 -37.9510 8.2932 -26.4564 -44.5772 28.2689 -30.0279 -48.7635 1.6713 -33.3516 -21.9608 -23.6880 -38.6274 15.0017 -27.7174 -47.3957 -21.1978 -42.5937 -34.9932 22.1208 -38.1496 9.7910 -36.0067 -14.6176 -47.5814 -31.2097 34.4982 -47.1121 -26.1454 27.6574 -45.7725 -26.5606 -24.5631 -33.2463 1.7475 -48.7647 -30.0271 28.2689 -44.5772 -26.4564 8.2932 -37.9510 -19.8623 -41.4686 -32.4685 30.8088 -48.2470 -28.6947 21.0762 -42.2499 -25.3586 -2.3367 -35.7627 -13.5300 -47.9010 -31.2833 33.7689 -46.4711 -27.4409 14.5055 -39.9657 -23.1352 -25.0908 -33.0993 2.7085 -48.7383 -30.1283 29.0183 -44.9885 -26.7549 11.0326 -39.5796
11.5030 -26.8211 -45.1791 29.5211 -30.1929 -48.7375 2.7085 -33.0564 -26.1997 -22.9526 -39.8140 14.0136 -27.3269 -46.2628 33.2766 -31.1836 -48.1272 -12.6656 -35.4879 -4.1380 -25.2021 -42.0397 20.4603 -28.5448 -48.0975 32.2090 -32.4067 -42.4528 -19.4359 -37.7216 7.4601 -26.3556 -44.3650 27.5903 -29.8750 -48.8079 4.9787 -33.1764 -24.4266 -23.5443 -43.2677 -10.2240 -20.4404 -46.4821 35.4673 -41.2834 32.3730 -20.0176 -45.7771 25.1835 -36.9252 4.4917 -35.7171 -13.1225 -48.1496 -31.0110 27.5276 -42.8393 21.6716 -35.1276 -47.7688 -26.7056 -27.1464 -33.0868 5.0648 -48.8107 -29.8742 27.5903 -44.3650 -26.3556 7.4601 -37.7216 -19.4359 -42.4528 -32.4067 32.2090 -48.0975 -28.5448 20.4603 -42.0397 -25.2021 -4.1380 -35.4879 -12.6656 -48.1272 -31.1836 33.2766 -46.2628 -27.3269 14.0136 -39.8140 -22.9526 -26.1997 -33.0564 2.7085 -48.7375 -30.1929 29.5211 -45.1791 -26.8211 11.5030
-25.4509 -45.3938 30.1701 -30.3012 -48.7480 1.3167 -33.0993 -26.1997 -22.8858 -39.7300 13.6774 -27.2391 -46.0814 32.7655 -31.0988 -48.3021 -11.7696 -35.1934 -6.2603 -25.0230 -41.8419 19.8863 -28.3847 -47.9287 33.3114 -32.3638 -43.2877 -19.0132 -37.4861 6.5570 -26.2588 -44.1593 26.9342 -29.7173 -48.8310 8.6557 -33.1346 -26.9482 -23.0514 -43.5543 -20.3065 -40.1596 -33.1112 14.1958 -34.6161 8.2283 -33.0227 -48.1029 5.4755 -39.7834 4.2766 -33.3163 -2.8067 -35.4017 -7.7654 -49.0591 -29.8768 8.3130 -36.5601 -2.6459 -26.2627 -47.0358 -24.2183 -28.5370 -33.1198 8.7462 -48.8326 -29.7176 26.9342 -44.1593 -26.2588 6.5570 -37.4861 -19.0132 -43.2877 -32.3638 33.3114 -47.9287 -28.3847 19.8863 -41.8419 -25.0230 -6.2603 -35.1934 -11.7696 -48.3021 -31.0988 32.7655 -46.0814 -27.2391 13.6774 -39.7300 -22.8858 -26.1997 -33.0993 1.3167 -48.7480 -30.3012 30.1701 -45.3938 -25.4509
-45.5597 30.8396 -30.4283 -48.7604 -0.8598 -33.2666 -25.0908 -22.9526 -39.7300 13.5556 -27.1900 -45.9570 32.3389 -31.0343 -48.4268 -10.8932 -34.8973 -8.6520 -24.8223 -41.6619 19.3672 -28.2107 -47.7336 34.1314 -32.3551 -43.9725 -18.6097 -37.2404 5.5531 -26.1666 -43.9639 26.3136 -29.5539 -48.8224 12.5878 -33.0999 -29.4345 -22.5865 -39.6256 35.2862 -47.9142 -22.8718 -47.4218 -26.5913 -48.5726 -25.7691 -49.0449 -14.4519 -42.0371 17.7745 -33.2973 -47.2543 -28.7879 -9.9138 -35.1361 23.9086 -47.6125 -24.4576 -46.7091 -26.0714 -48.4624 5.3431 -43.2051 -22.6957 -29.5132 -33.1201 12.5970 -48.8226 -29.5526 26.3151 -43.9643 -26.1670 5.5514 -37.2404 -18.6097 -43.9725 -32.3551 34.1314 -47.7336 -28.2107 19.3672 -41.6619 -24.8223 -8.6520 -34.8973 -10.8932 -48.4268 -31.0343 32.3389 -45.9570 -27.1900 13.5556 -39.7300 -22.9526 -25.0908 -33.2666 -0.8598 -48.7604 -30.4283 30.8396 -45.5597
30.5006 -30.3116 -48.7493 -3.1631 -33.5357 -23.0799 -23.1352 -39.8140 13.6774 -27.1900 -45.9119 32.0926 -30.9944 -48.5037 -10.1593 -34.6256 -11.0954 -24.6124 -41.5055 18.9318 -28.0232 -47.5137 34.6462 -32.4015 -44.4856 -18.2604 -36.9799 4.3981 -26.0805 -43.7830 25.7401 -29.3899 -48.8040 16.4117 -33.0304 -31.8127 -22.2717 -39.1403 15.5210 -37.9921 34.3608 -43.6151 13.6594 -43.6997 20.5570 -43.7680 29.6676 -41.0705 20.2294 -34.6868 -42.6903 -22.4872 -46.8732 -25.9761 -27.2560 -34.1151 30.1059 -42.3122 8.3548 -45.1592 30.9656 -42.3076 30.0501 -40.2729 -22.1976 -31.5782 -33.0354 16.4607 -48.7835 -29.3866 25.7528 -43.7869 -26.0812 4.3963 -36.9799 -18.2604 -44.4856 -32.4015 34.6462 -47.5137 -28.0232 18.9318 -41.5055 -24.6124 -11.0954 -34.6256 -10.1593 -48.5037 -30.9944 32.0926 -45.9119 -27.1900 13.6774 -39.8140 -23.1352 -23.0799 -33.5357 -3.1631 -48.7493 -30.3116 30.5006
-30.0900 -48.7098 -5.2471 -33.8326 -20.5520 -23.3838 -39.9657 14.0136 -27.2391 -45.9570 32.0926 -30.9825 -48.5395 -9.6618 -34.4105 -13.3111 -24.4127 -41.3812 18.5876 -27.8333 -47.2747 34.8414 -32.5184 -44.7880 -18.0227 -36.7017 3.0408 -25.9997 -43.6240 25.2271 -29.2294 -48.7728 21.5151 -33.0496 -34.1959 -21.8665 -39.2105 11.4721 -32.4858 -9.5351 -35.9794 16.1074 -36.9168 17.6821 -36.9356 17.3508 -36.8244 9.8381 -33.6056 -41.5770 -24.6897 -47.0678 -16.6058 -47.6619 -22.7683 -46.3410 -31.4158 11.6718 -36.7960 21.7996 -38.8958 16.9544 -37.2928 15.5455 -38.9192 -21.8980 -34.2055 -32.8960 19.8609 -48.7397 -29.2109 25.2466 -43.6270 -26.0001 3.0409 -36.7017 -18.0227 -44.7880 -32.5184 34.8414 -47.2747 -27.8333 18.5876 -41.3812 -24.4127 -13.3111 -34.4105 -9.6618 -48.5395 -30.9825 32.0926 -45.9570 -27.2391 14.0136 -39.9657 -23.3838 -20.5520 -33.8326 -5.2471 -48.7098 -30.0900
-48.7484 -7.0850 -34.1317 -17.8410 -23.6532 -40.1607 14.5055 -27.3269 -46.0814 32.3389 -30.9944 -48.5395 -9.4805 -34.2928 -14.8748 -24.2513 -41.2983 18.3552 -27.6575 -47.0312 34.7434 -32.6980 -44.8661 -17.9673 -36.3949 1.4216 -25.9228 -43.4850 24.7939 -29.0775 -48.7070 25.7472 -32.9569 -35.4950 -22.1429 -39.1726 12.0510 -27.9419 -48.7351 -25.7876 -44.4799 -29.8607 -35.4611 -30.4808 -35.7148 -30.3272 -39.5045 -29.2444 -45.9903 -28.2504 -48.7172 -22.4407 -48.1039 -27.1770 -46.2331 -11.2140 -48.3797 -26.2092 -38.5063 -31.4423 -17.4240 -32.0706 -34.3835 -31.5332 11.0555 -39.1346 -21.3902 -36.7369 -32.5996 23.8687 -48.5651 -29.0232 24.8038 -43.4846 -25.9231 1.4217 -36.3949 -17.9673 -44.8661 -32.6980 34.7434 -47.0312 -27.6575 18.3552 -41.2983 -24.2513 -14.8748 -34.2928 -9.4805 -48.5395 -30.9944 32.3389 -46.0814 -27.3269 14.5055 -40.1607 -23.6532 -17.8410 -34.1317 -7.0850 -48.7484
-11.4806 -34.4208 -15.1549 -23.9193 -40.3765 15.0892 -27.4409 -46.2628 32.7655 -31.0343 -48.5037 -9.6618 -34.2928 -15.4354 -24.1609 -41.2514 18.2283 -27.5130 -46.8139 34.4532 -32.9192 -44.7215 -18.1201 -36.0614 -0.4896 -25.8394 -43.3796 24.4522 -28.9414 -48.6264 28.3041 -38.5643 -25.3310 7.5468 -36.3493 5.5692 -26.5261 -45.3056 22.0058 -44.9675 -11.4667 -47.0755 -16.5463 -47.2328 -16.5808 -47.2434 -18.0455 -49.2334 -30.8478 -18.9088 -30.4550 -46.1755 -32.6827 3.7311 12.8646 -36.1582 33.4251 -43.0280 -11.1428 -47.5387 -20.0546 -48.5128 -19.1677 -48.0198 -27.3455 12.3468 -39.2903 -20.8587 -43.3635 -30.8490 22.8693 -48.3327 -28.8456 24.4606 -43.3793 -25.8397 -0.4896 -36.0614 -18.1201 -44.7215 -32.9192 34.4532 -46.8139 -27.5130 18.2283 -41.2514 -24.1609 -15.4354 -34.2928 -9.6618 -48.5037 -31.0343 32.7655 -46.2628 -27.4409 15.0892 -40.3765 -23.9193 -15.1549 -34.4208 -11.4806
-35.7808 -12.5962 -24.1689 -40.5993 15.7099 -27.5646 -46.4711 33.2766 -31.0988 -48.4268 -10.1593 -34.4105 -14.8748 -24.1609 -41.2362 18.1754 -27.4178 -46.6531 34.1152 -33.1575 -44.3500 -18.4542 -35.7256 -2.6537 -25.7353 -43.3302 24.2672 -28.8031 -48.5223 29.2357 -37.0204 33.6907 -49.4843 -27.0330 -45.8669 -22.8756 -43.6097 30.0622 -38.9385 26.0698 -40.3376 31.5100 -40.7398 31.8146 -40.5767 31.0056 -39.9919 26.1157 27.1505 -39.3002 -2.7556 -32.1508 -3.5802 -39.5349 -23.8643 -37.7213 -32.4333 14.2730 -37.5060 29.6487 -41.0175 34.6650 -41.4158 35.6369 -44.7625 -26.3286 7.6299 -37.1889 20.1597 -30.0049 -41.9294 25.7234 -48.2778 -28.6989 24.2739 -43.3296 -25.7354 -2.6537 -35.7256 -18.4542 -44.3500 -33.1575 34.1152 -46.6531 -27.4178 18.1754 -41.2362 -24.1609 -14.8748 -34.4105 -10.1593 -48.4268 -31.0988 33.2766 -46.4711 -27.5646 15.7099 -40.5993 -24.1689 -12.5962 -35.7808
-12.9117 -24.4000 -40.8243 16.3415 -27.6909 -46.6805 33.7689 -31.1836 -48.3021 -10.8932 -34.6256 -13.3111 -24.2513 -41.2514 18.1754 -27.3843 -46.5657 33.8624 -33.3634 -43.8329 -18.9059 -35.4202 -4.8852 -25.6224 -43.3450 24.3042 -28.6366 -48.3970 28.5965 -34.1111 7.0068 -39.4006 34.8127 -44.6237 19.6520 -40.2205 19.3262 -34.2997 -2.8860 -34.7456 5.1886 -35.2605 6.5161 -35.0584 5.1138 -34.5282 -0.4581 -30.0274 -47.2990 26.2621 -35.3584 -41.3926 -32.0859 14.8142 -41.2680 -13.6587 -48.9231 -27.2330 -29.7694 -32.7705 4.7260 -35.1584 9.7914 -36.1531 27.0751 -43.4485 -23.2891 -43.1574 -29.0494 -46.9276 11.8973 -39.9108 31.3082 -48.3106 -28.5829 24.3024 -43.3456 -25.6224 -4.8857 -35.4201 -18.9059 -43.8329 -33.3634 33.8624 -46.5657 -27.3843 18.1754 -41.2514 -24.2513 -13.3111 -34.6256 -10.8932 -48.3021 -31.1836 33.7689 -46.6805 -27.6909 16.3415 -40.8243 -24.4000 -12.9117
-22.6933 -41.0507 16.9786 -27.8178 -46.8845 34.1815 -31.2833 -48.1272 -11.7696 -34.8973 -11.0954 -24.4127 -41.2983 18.2283 -27.4178 -46.5657 33.7721 -33.4812 -43.3494 -19.3435 -35.1834 -6.8666 -25.5307 -43.4393 24.6156 -28.4382 -48.2828 29.4193 -32.0634 -35.7501 -31.9699 2.4545 -36.5004 16.1758 -34.9990 2.4346 -29.5464 -48.5326 -25.5395 -48.5359 -26.4434 -47.8520 -26.4933 -48.3827 -25.5811 -49.1105 -23.2111 -48.6251 33.7039 -38.5409 -11.7588 -27.4021 -48.4858 -30.9159 11.6254 -37.3951 35.0224 -43.8812 -15.9408 -48.6875 -24.2446 -48.4519 -27.5647 -41.9094 -32.2530 19.5385 -39.6663 -8.2911 -45.6592 -6.2323 -41.7765 23.3545 -37.9626 32.7447 -48.3117 -28.4298 24.6157 -43.4392 -25.5304 -6.8679 -35.1833 -19.3435 -43.3494 -33.4812 33.7721 -46.5657 -27.4178 18.2283 -41.2983 -24.4127 -11.0954 -34.8973 -11.7696 -48.1272 -31.2833 34.1815 -46.8845 -27.8178 16.9786 -41.0507 -22.6933
-41.6122 17.6205 -27.9435 -47.0832 34.4884 -31.3910 -47.9010 -12.6656 -35.1934 -8.6520 -24.6124 -41.3812 18.3552 -27.5130 -46.6531 33.8624 -33.4812 -43.1417 -19.6090 -35.0359 -8.3130 -25.4764 -43.6020 25.2418 -28.1960 -48.1763 30.6945 -31.4318 -44.5733 -23.4911 -48.8113 -27.0063 -43.2819 -28.2218 -47.7818 -22.8816 -46.1244 7.5564 -43.7257 11.8245 -44.4266 6.3457 -44.2095 14.9417 -43.6054 29.8673 -42.3162 33.1541 -38.2875 2.6861 -28.7223 -47.8672 -13.3339 -48.5813 -27.4838 -22.8213 -33.6307 17.2392 -38.5058 34.1348 -42.3870 20.1354 -44.4555 -16.1083 -49.4408 -27.4620 25.0790 -45.0929 -3.3628 -43.2480 33.1297 -39.6103 10.3600 -35.6348 32.0883 -48.2124 -28.1936 25.2405 -43.6003 -25.4758 -8.3139 -35.0359 -19.6090 -43.1417 -33.4812 33.8624 -46.6531 -27.5130 18.3552 -41.3812 -24.6124 -8.6520 -35.1934 -12.6656 -47.9010 -31.3910 34.4884 -47.0832 -27.9435 17.6205 -41.6122
18.3422 -27.9674 -47.2729 34.6767 -31.5047 -47.6202 -13.5300 -35.4879 -6.2603 -24.8223 -41.5055 18.5876 -27.6575 -46.8139 34.1152 -33.3634 -43.3494 -19.6090 -34.9849 -9.0790 -25.4531 -43.7784 26.0597 -27.8747 -48.0520 31.6887 -31.2739 -45.5955 -18.3188 -43.3578 14.9260 -45.7184 -10.0879 -45.3412 16.4344 -41.0262 27.9196 -37.9872 20.9111 -38.2554 21.8621 -37.9969 20.6018 -37.3702 17.2666 -36.3414 11.4390 -34.3306 -17.8531 -27.8600 -48.2748 23.5293 -41.1528 34.7806 -44.6535 -19.1627 -49.1791 -28.6330 -15.5820 -33.7923 11.7745 -36.4034 20.7812 -38.5765 32.3383 -40.1819 1.8081 -29.0193 -48.7557 -9.1798 -43.3204 23.5655 -37.3238 -5.3396 -33.9910 32.0285 -48.0697 -27.9079 26.0553 -43.7766 -25.4526 -9.0791 -34.9849 -19.6090 -43.3494 -33.3634 34.1152 -46.8139 -27.6575 18.5876 -41.5055 -24.8223 -6.2603 -35.4879 -13.5300 -47.6202 -31.5047 34.6767 -47.2729 -27.9674 18.3422
-26.9529 -47.4532 34.7257 -31.6202 -47.2810 -14.3528 -35.7627 -4.1380 -25.0230 -41.6619 18.9318 -27.8333 -47.0312 34.4532 -33.1575 -43.8329 -19.3435 -35.0359 -9.0790 -25.4473 -43.8912 26.7667 -27.5722 -47.4586 32.8028 -32.4507 -46.1531 -16.7102 -40.3545 30.9135 -41.8142 35.8951 -40.4941 25.4431 -36.9313 9.2363 -33.4405 -16.1778 -32.4588 -18.2425 -32.3092 -21.3323 -31.5427 -32.1054 -29.9315 -43.1622 -27.2131 -48.9939 -21.3051 -46.2548 34.6925 -39.5245 16.6256 -37.1526 21.7252 -39.4647 31.7566 -45.0915 -19.3849 -49.1845 -26.6958 -42.1135 -30.8471 -13.1764 -33.5065 0.8928 -32.3256 -45.5437 -23.9556 -47.5433 25.8679 -40.9436 15.6281 -35.5009 -25.5375 -32.9617 32.6942 -47.9561 -27.6227 26.7685 -43.8906 -25.4468 -9.0791 -35.0359 -19.3435 -43.8329 -33.1575 34.4532 -47.0312 -27.8333 18.9318 -41.6619 -25.0230 -4.1380 -35.7627 -14.3528 -47.2810 -31.6202 34.7257 -47.4532 -26.9529
-47.4251 34.5878 -31.7358 -46.8770 -15.1233 -36.0168 -2.3367 -25.2021 -41.8419 19.3672 -28.0232 -47.2747 34.7434 -32.9192 -44.3500 -18.9059 -35.1834 -8.3130 -25.4531 -43.8903 27.1019 -27.4942 -46.9744 12.7492 -40.6776 -12.9801 -21.2204 -39.2929 22.7469 -41.1794 35.9063 -44.6837 29.6331 -33.0171 -23.2863 -27.7618 -49.1509 -21.8216 -48.5367 -20.6834 -48.4058 -19.6892 -47.7737 -16.6904 -46.3593 -8.5323 -44.4305 26.9660 -41.6083 28.2073 -37.7494 5.9127 -32.7570 -32.1416 -32.0317 0.0308 -35.0037 21.0187 -39.5040 34.0261 -43.6700 -11.0875 -46.8114 -20.3575 -49.0462 -24.0965 -48.7633 -23.6146 -48.0634 -23.7028 -46.8103 34.2813 -40.1334 12.6891 -34.0071 -36.9158 -32.2246 33.3061 -47.8702 -27.4296 27.0532 -43.8914 -25.4526 -8.3139 -35.1833 -18.9059 -44.3500 -32.9192 34.7434 -47.2747 -28.0232 19.3672 -41.8419 -25.2021 -2.3367 -36.0168 -15.1233 -46.8770 -31.7358 34.5878 -47.4251
28.0075 -31.4966 -46.4044 -15.8446 -36.2544 -0.7790 -25.3586 -42.0397 19.8863 -28.2107 -47.5137 34.8414 -32.6980 -44.7215 -18.4542 -35.4202 -6.8666 -25.4764 -43.7768 26.9015 -28.0022 -47.1696 -5.3291 -47.4642 -24.9266 -21.1577 -36.8144 14.5934 -39.5893 32.4904 -46.1723 -23.6732 -4.0496 -42.8278 -5.4364 -43.8002 33.2001 -41.7469 35.1742 -41.5552 34.5151 -41.0705 32.2659 -40.0721 27.3771 -38.4508 20.4687 -36.7628 10.8064 -34.0398 -24.9910 -28.2992 -48.9883 -20.4659 -48.2126 -23.9637 -47.2731 -30.5373 7.8362 -36.7259 1.8564 -42.1562 36.1173 -41.5433 34.4810 -43.6120 -4.2260 -47.6476 -30.1534 -25.3064 -25.9988 -47.0940 21.9025 -39.7859 4.4914 -30.8839 -43.5357 -31.7841 33.7245 -47.8312 -27.4228 26.7740 -43.7782 -25.4759 -6.8673 -35.4193 -18.4542 -44.7215 -32.6980 34.8414 -47.5137 -28.2107 19.8863 -42.0397 -25.3586 -0.7790 -36.2544 -15.8446 -46.4044 -31.4966 28.0075
-31.8397 -45.8575 -16.5165 -36.4790 0.5985 -25.4953 -42.2499 20.4603 -28.3847 -47.7336 34.6462 -32.5184 -44.8661 -18.1201 -35.7256 -4.8852 -25.5307 -43.6011 26.1775 -28.6841 -48.5755 -15.6916 -46.6024 -18.7108 -48.5475 -30.8494 -7.5613 -36.6970 16.8538 -41.8185 10.6026 -48.8640 -31.2764 14.4727 -36.6889 16.8663 -35.9988 10.9598 -35.5980 9.1802 -35.2717 6.8628 -34.6686 1.4107 -33.5375 -13.4573 -31.4641 -38.5219 -27.9272 -48.8689 -21.1918 -46.4715 22.3077 -41.8151 35.2204 -41.6130 16.5688 -45.1839 16.4577 -32.7739 -43.9834 -12.1262 -42.2919 22.7317 -38.2661 18.1718 -35.8010 -45.4865 20.9265 -36.7835 -29.5781 -26.6876 -49.3496 35.2410 -36.4883 -42.2983 -25.2667 -45.6455 -31.7777 33.7890 -47.8648 -27.6131 26.0610 -43.6007 -25.5298 -4.8873 -35.7249 -18.1201 -44.8661 -32.5184 34.6462 -47.7336 -28.3847 20.4603 -42.2499 -25.4953 0.5985 -36.4790 -16.5165 -45.8575 -31.8397
-46.0415 -17.1410 -36.6906 1.8466 -25.6124 -42.4696 21.0762 -28.5448 -47.9287 34.1314 -32.4015 -44.7880 -17.9673 -36.0614 -2.6537 -25.6224 -43.4391 25.2810 -28.6930 -48.7205 -26.5340 -48.7410 -20.5059 -48.3231 -22.0144 -48.1819 -31.0836 -8.1477 -37.9804 24.6791 -42.9905 -10.5353 -48.9898 -28.1863 -38.6269 -29.1733 -44.6706 -27.8049 -46.8855 -27.0326 -47.8446 -26.0965 -48.8634 -24.4672 -49.0961 -21.5507 -47.9760 -15.2355 -45.5508 18.6822 -42.1435 30.7467 -38.6601 14.9205 -35.9855 11.3622 -35.5574 17.6892 -36.1257 -7.6844 -26.3284 -46.7596 32.9125 -38.6120 3.1489 -34.7133 -22.9356 -24.1584 -43.5487 17.7840 -34.4802 -27.1500 -28.5093 -41.6902 10.1408 -27.5132 -46.7870 -19.4469 -45.6628 -31.6778 33.4112 -47.9791 -27.8446 25.3296 -43.4516 -25.6246 -2.6593 -36.0610 -17.9673 -44.7880 -32.4015 34.1314 -47.9287 -28.5448 21.0762 -42.4696 -25.6124 1.8466 -36.6906 -17.1410 -46.0415
-17.3594 -36.8961 2.9722 -25.7147 -42.6939 21.7256 -28.6947 -48.0975 33.3114 -32.3551 -44.4856 -18.0227 -36.3949 -0.4896 -25.7353 -43.3445 24.6137 -28.4221 -48.3158 -22.7526 -13.6816 -30.3905 -48.6772 -20.8427 -48.2701 -23.8821 -47.1465 -32.7401 2.1174 -38.6225 25.9674 -42.0643 18.5040 -45.8938 -12.2458 -45.6828 -7.0509 -44.7112 0.3006 -44.3422 7.8589 -43.9881 22.0307 -43.2884 33.9409 -42.1122 34.2385 -40.3786 26.0642 -38.2131 14.6942 -35.5171 -6.3673 -31.1987 -43.9467 -28.1555 -45.0588 -28.4412 -44.1758 -25.2939 -47.9615 33.5219 -40.0799 8.5264 -34.8455 -25.8871 -31.9637 -48.6974 35.1268 -38.0205 -1.4562 -36.7211 32.2880 -35.3456 -28.2638 -48.8204 23.4558 -40.8914 -17.1141 -46.0564 -31.9546 33.8486 -47.9084 -27.9593 24.8811 -43.3905 -25.7412 -0.4991 -36.3941 -18.0226 -44.4856 -32.3551 33.3114 -48.0975 -28.6947 21.7256 -42.6939 -25.7147 2.9722 -36.8961 -17.3594
-37.9135 3.9962 -25.8121 -42.9217 22.3951 -28.8364 -48.2470 32.2090 -32.3638 -43.9725 -18.2604 -36.7017 1.4216 -25.8394 -43.3297 24.3007 -28.4434 -48.0055 19.7913 -16.7990 -38.8291 -3.6899 -28.5532 -48.7688 -24.7054 -48.2611 -29.7117 -35.2255 -35.1687 8.4636 -38.9280 24.3101 -40.5663 32.2334 -40.7464 32.3255 -40.2087 26.2709 -38.6907 22.4720 -38.1608 20.3710 -37.7709 17.2885 -37.0930 12.8685 -35.9861 5.9726 -34.1581 -15.0367 -30.6890 -45.8934 -25.0268 -48.3464 -14.1320 -45.1653 -4.9854 -44.8531 -2.4829 -43.9343 35.3490 -39.8036 11.3543 -35.1540 -12.7601 -36.4071 14.8392 -18.9523 -41.5637 11.0417 -34.5750 8.7903 -40.8021 -11.7840 -46.5160 29.9641 -40.1897 22.1796 -39.9199 -19.4189 -40.7165 -34.7777 34.1515 -47.5920 -28.7202 24.2508 -43.3730 -25.8458 1.4116 -36.7013 -18.2604 -43.9725 -32.3638 32.2090 -48.2470 -28.8364 22.3951 -42.9217 -25.8121 3.9962 -37.9135
4.2089 -25.9204 -43.1508 23.0822 -28.9743 -48.3789 30.8088 -32.4067 -43.2877 -18.6097 -36.9799 3.0408 -25.9228 -43.3797 24.2657 -28.6425 -48.2897 30.7341 -30.0461 -49.4939 30.0304 -34.9398 -41.8933 -29.9619 -37.7915 -32.7176 -8.6118 -35.3315 6.6295 -38.3353 24.4755 -40.9143 33.6554 -41.0772 32.4265 -41.2983 33.9896 -38.2060 4.5711 -34.0311 -13.5665 -32.5089 -24.5135 -31.3799 -35.7326 -29.7046 -44.6922 -27.1804 -48.7574 -22.9893 -48.0668 -11.5585 -44.4618 35.2584 -40.7520 27.0637 -38.5321 22.7100 -37.6741 18.3755 -36.6987 3.6596 -33.2844 -29.8630 -35.8123 23.6486 -46.1806 -23.7283 -1.4575 -31.7636 -43.0541 -33.0683 14.5250 -39.8317 27.4810 -39.0477 12.0320 -36.8963 23.6763 -44.1271 -27.6359 5.5929 -39.1124 0.4603 -48.7096 -31.7084 23.5219 -43.3862 -25.9264 3.0365 -36.9799 -18.6097 -43.2877 -32.4067 30.8088 -48.3789 -28.9743 23.0822 -43.1508 -25.9204 4.2089
-24.2536 -43.3803 23.7804 -29.1117 -48.4954 29.0962 -32.4685 -42.4528 -19.0132 -37.2404 4.3963 -26.0000 -43.4844 24.4524 -28.8052 -48.3895 29.4807 -31.5228 -45.2485 -13.4514 -37.6321 -3.7160 -33.9996 -6.7673 -36.3643 14.9522 -38.5237 20.3564 -39.5150 31.7299 -43.8604 -9.6716 -46.5414 -6.6070 -44.9746 -14.0581 -48.7901 16.3343 -30.9584 -47.8276 -24.2531 -48.8300 -21.0442 -48.2749 -18.1893 -47.2210 -12.1932 -45.5035 11.7509 -43.3866 35.6475 -40.6698 24.3881 -38.1021 10.7217 -34.9174 -6.1346 -32.6720 -23.6227 -30.8669 -41.1072 -28.2016 -47.9008 -30.2294 0.2946 -39.6877 33.3705 -48.3476 -23.4552 -48.7920 -22.5547 -47.4025 -31.9938 2.0678 -35.5363 -1.7217 -34.5722 -2.4934 -37.7397 10.9566 -47.6124 -35.6915 32.0553 -46.2026 -26.2040 -32.6198 -35.3324 23.4929 -43.4739 -26.0000 4.3964 -37.2404 -19.0132 -42.4528 -32.4685 29.0962 -48.4954 -29.1117 23.7804 -43.3803 -24.2536
-43.7240 24.4863 -29.2462 -48.5977 27.0422 -32.5421 -41.4686 -19.4359 -37.4861 5.5514 -26.0812 -43.6270 24.8034 -28.9483 -48.4856 28.0777 -31.6969 -44.7398 -17.6261 -38.6583 10.4504 -36.0687 3.7363 -38.2973 25.6793 -42.0101 30.9251 -43.6524 34.9790 -44.8924 -21.9069 -44.3705 -28.4114 -47.8149 -25.4392 -44.0240 -32.8640 4.1964 -46.8741 -4.3412 -43.9009 31.5192 -42.7930 35.7168 -41.8931 33.5964 -40.7027 27.8975 -39.2565 19.7693 -37.5788 9.6966 -34.6386 -17.8289 -30.1700 -47.3518 -24.8088 -48.8322 -20.3012 -47.7409 -16.1999 -46.9952 -18.9749 -48.3443 -32.6270 12.9195 -40.9576 35.1915 -44.7268 19.2998 -45.0909 -17.4978 -48.7110 -28.4311 -43.0298 -30.5749 -40.2057 -34.5102 18.7110 -43.7767 -26.7349 10.9545 -42.3045 -19.2952 -37.2320 -35.8511 15.7956 -33.0237 24.4126 -43.6206 -26.0811 5.5514 -37.4861 -19.4359 -41.4686 -32.5421 27.0422 -48.5977 -29.2462 24.4863 -43.7240
25.2385 -29.2055 -48.6815 24.6029 -32.6203 -40.3324 -19.8623 -37.7216 6.5570 -26.1670 -43.7869 25.2494 -29.0836 -48.5730 26.6428 -32.6748 -42.6029 -19.7396 -40.2188 16.7916 -37.0153 8.2919 -38.7575 27.3402 -43.5975 -15.4672 -49.1546 -23.0941 -47.1693 -19.0605 -41.5722 -35.4595 10.5238 -33.9393 -38.3831 -31.6826 5.8224 -39.7914 34.5951 -41.5070 35.2067 -40.9417 22.5065 -38.6503 14.5808 -37.2537 9.0177 -35.5171 -0.2187 -33.2770 -28.8661 -29.5859 -47.5994 -23.8411 -48.0139 -9.4883 -44.2060 33.5371 -41.9944 35.1176 -41.8996 35.0314 -45.3823 -20.8388 -44.6026 -33.9913 12.4129 -39.4769 26.3990 -41.1558 36.0640 -45.0193 -15.2185 -48.6041 -25.0953 -47.6836 -30.3834 -11.6719 -37.6294 22.6716 -48.3473 -35.3758 35.3411 -49.0399 -32.7516 21.1548 -44.2151 -28.9068 -27.7540 25.4170 -43.7866 -26.1670 6.5570 -37.7216 -19.8623 -40.3324 -32.6203 24.6029 -48.6815 -29.2055 25.2385
-28.5832 -48.7459 21.8187 -32.6971 -39.0441 -20.2829 -37.9510 7.4601 -26.2588 -43.9643 25.7542 -29.2263 -48.6514 24.9240 -33.9699 -23.3534 -27.5430 -45.2157 30.8084 -38.2627 11.5633 -39.3784 25.0187 -42.7080 -11.2770 -46.9859 -32.5926 2.7793 -25.9642 -48.5735 -27.0249 34.0946 -41.5190 18.9734 -34.9221 -31.7025 -35.4187 18.6527 -41.0288 23.7975 -45.4213 32.6105 -39.1623 7.1188 -35.8227 -18.4150 -31.1890 -45.5159 -26.6444 -48.9439 -21.4391 -47.5630 -7.6613 -44.1846 35.6557 -40.6341 24.1789 -38.2404 15.0635 -37.8853 19.1890 -40.7789 33.3653 -47.2775 -27.1226 -40.5831 -33.9024 5.0843 -38.1588 20.9401 -42.0448 32.8587 -46.1997 -18.1194 -48.7702 -26.6333 -42.7349 -34.3383 16.2227 -42.6825 -24.4414 6.1554 -41.3994 -21.4032 -6.1139 -39.7290 -17.4372 7.5038 -48.2976 -29.1070 25.7557 -43.9643 -26.2588 7.4601 -37.9510 -20.2829 -39.0441 -32.6971 21.8187 -48.7459 -28.5832
-48.5050 18.6395 -32.7703 -37.5931 -20.6912 -38.1746 8.2932 -26.3556 -44.1593 26.3150 -29.3852 -48.7241 22.7396 -34.4993 12.0874 -34.8943 -38.4922 -18.3731 -41.3690 17.4429 -39.4207 30.6882 -42.2522 34.9584 -48.0769 -24.6200 32.3377 -40.4137 -48.3010 -14.2921 -44.8005 -48.6039 -7.7751 -41.3870 11.6791 -34.7195 1.0085 -39.1207 16.3802 -49.2385 -23.9299 -42.0635 17.5371 -36.7893 6.3534 -31.2570 -48.9996 -18.8683 -46.0899 14.7784 -43.1378 35.2504 -40.4513 23.6321 -38.0828 10.3578 -34.7035 -13.5830 -32.9417 -11.4556 -36.6686 21.3179 -43.0739 -19.2333 -38.6194 -31.9187 -37.3846 -34.0985 5.1522 -39.2251 29.3640 -44.0253 -1.1508 -47.9100 -22.9583 -47.5808 -30.7124 -10.4292 -37.7870 35.5344 -48.8043 -32.7617 29.2788 -47.3505 -31.0461 25.5224 -47.2855 -30.4758 23.2764 -48.7268 -29.3840 26.3151 -44.1593 -26.3556 8.2932 -38.1746 -20.6912 -37.5931 -32.7703 18.6395 -48.5050
2.4113 -32.3482 -35.9799 -21.0865 -38.3957 9.0679 -26.4564 -44.3650 26.9342 -29.5526 -48.7857 19.9513 -33.7139 15.0359 -47.8743 34.7615 -33.7974 -49.2629 35.2035 -38.8956 26.0424 -45.8946 17.8297 -42.6932 35.8471 -37.7321 -37.4415 -27.9710 33.8971 -41.3042 27.0529 -29.7931 -48.5649 35.5108 -37.9559 -8.8393 -35.9906 26.1565 -47.4403 -31.5515 18.5503 -43.2448 -32.2164 6.1943 -40.3110 -18.3371 33.8620 -41.5290 29.8104 -39.3319 19.1045 -37.3069 8.5652 -34.3395 -20.1885 -29.9743 -47.5086 -25.2861 -48.7490 -28.9895 -12.0517 -37.9796 35.1996 -49.3145 -34.1364 7.9990 -34.0605 -28.3883 -35.9089 15.3039 -41.6587 35.6977 -45.9716 -16.5405 -48.7696 -26.8570 -40.6325 -34.7727 14.8334 -41.6258 -19.2979 -29.3029 -36.8582 -3.5020 -45.0050 -34.9587 0.0893 -44.5794 -32.3847 19.9592 -48.7808 -29.5529 26.9342 -44.3650 -26.4564 9.0679 -38.3957 -21.0865 -35.9799 -32.3482 2.4113
-33.4425 -34.1999 -21.4655 -38.6179 9.8048 -26.5604 -44.5772 27.5903 -29.7173 -48.8236 16.4824 -32.9358 -36.1012 -23.0386 -22.6860 -44.5566 12.2116 -23.8219 -41.9621 17.0477 -38.5004 -23.6233 -48.9091 3.6515 -41.1699 13.5367 -31.0150 -43.2937 -34.6683 9.4225 -34.0098 -44.5046 -14.7475 -41.7924 12.6621 -34.0893 -9.7105 -37.8890 28.7312 12.4593 -38.8706 11.9642 -46.0863 -32.4504 17.9553 -45.3333 -34.7371 8.4581 -35.2733 -1.4132 -32.7623 -33.8347 -28.8328 -48.2362 -23.0065 -47.7545 -9.4127 -44.7179 -7.4826 -48.2457 -28.6238 -6.2852 -36.4605 10.7840 -15.1899 -40.3539 6.1086 -34.2901 -3.7947 -38.4652 26.1528 -43.6732 10.8854 -47.4896 -21.6034 -48.0036 -30.8077 -5.4138 -38.3877 35.4864 -47.5940 -30.6040 14.4876 -41.5788 -24.5534 0.2183 -37.9404 -19.7040 -37.4707 -32.8047 16.2079 -48.8132 -29.7178 27.5903 -44.5772 -26.5604 9.8048 -38.6179 -21.4655 -34.1999 -33.4425
-34.6536 -21.8192 -38.8381 10.5205 -26.6672 -44.7932 28.2689 -29.8750 -48.8310 12.5956 -33.0379 -34.1168 -21.4730 -38.2213 -38.4506 8.2003 -33.3960 -49.2508 34.0386 -35.5035 -30.0138 12.2837 -30.7881 -48.1460 34.7785 -36.0371 -44.5583 -25.5966 -45.5500 -28.3012 -47.5629 -19.8491 -44.2592 25.5286 -35.6368 -40.5725 -29.7987 -26.7897 -27.9305 -43.2673 24.2655 -41.0080 -9.1590 -48.4435 25.3264 -34.9021 -29.6593 -30.1559 -46.8842 -25.7715 -48.8360 -19.6329 -46.6871 0.6241 -43.3028 35.5626 -40.6892 30.4640 -41.4214 16.4243 -48.1525 -26.0800 -42.6371 -27.1978 -46.9687 28.7610 -36.4782 -24.7378 -34.8372 10.7087 -40.6571 34.6832 -45.0316 -9.2221 -48.3245 -25.1368 -41.8486 -35.1761 18.6017 -42.7500 -19.7722 -35.3523 -36.9488 35.3929 -48.6907 -33.0389 20.7438 -42.1396 -23.4770 -34.4904 -32.8481 12.2439 -48.8223 -29.8753 28.2689 -44.7932 -26.6672 10.5205 -38.8381 -21.8192 -34.6536
-20.6602 -39.0563 11.2098 -26.7769 -45.0116 28.9583 -30.0279 -48.8079 8.6708 -33.1032 -31.7715 -21.8752 -39.1577 12.0174 -24.3374 -40.7629 1.1178 -19.5360 -38.6758 -11.2755 -25.3981 -40.4049 -4.9133 -21.0968 -41.7498 9.3925 -27.6727 -46.9038 -14.4395 -46.8766 -5.8114 -43.5254 29.4203 -37.6694 -19.2537 -26.1526 -48.0426 -20.3405 -48.8026 34.7613 -38.6709 18.5477 -40.2595 31.0434 -38.8071 -1.9654 -31.1131 -48.7432 -19.1504 -45.4876 16.5268 -42.7627 34.6520 -39.8458 21.1173 -37.8278 11.4325 -37.3335 18.6931 -40.5421 34.1509 -45.7866 -13.1147 -46.9038 35.5524 -39.1014 -1.5436 -32.3173 -26.4689 -36.7017 18.7230 -42.2003 35.3711 -45.9262 -15.3433 -48.7689 -30.0143 0.7603 -39.2367 29.7997 -48.8960 -32.2662 17.6259 -43.0355 -23.9435 -2.4238 -39.7479 22.4489 -48.1331 -27.6684 -32.3234 -32.9054 8.4739 -48.8050 -30.0279 28.9583 -45.0116 -26.7769 11.2098 -39.0563 -20.6602
-39.8241 11.8766 -26.8886 -45.2318 29.6522 -30.1752 -48.7635 4.9928 -33.1335 -29.4345 -22.2608 -39.2305 12.2017 -26.4920 -44.2953 21.7589 -28.6099 -44.6773 17.9262 -29.0904 -46.6739 26.4508 -32.3109 -48.3315 33.8621 -34.9839 -48.1643 -4.8923 -42.1002 34.3719 -40.6012 22.4146 -37.5284 -7.4844 -28.4744 -47.5452 17.5302 -42.8805 34.8658 -38.8973 4.9941 -35.2943 8.1729 -37.6761 9.0499 -35.5515 -34.6234 -26.7459 -47.4673 7.4719 -41.9484 34.3444 -40.5330 18.0038 -36.7436 -12.2699 -32.5166 -25.0773 -34.5884 12.0123 -39.2335 28.3662 -41.2415 30.1760 -39.2540 6.8281 -31.7734 -46.6877 -30.8272 -3.6189 -38.4665 24.1233 -42.9610 30.4634 -46.4747 -21.4452 -43.8987 -35.5154 24.7429 -44.4770 -24.8917 -7.8680 -38.5423 16.9470 -48.7071 -34.8523 31.0086 -46.8362 -24.3050 -46.0429 -28.1652 -31.2383 -33.0312 4.9513 -48.7635 -30.1752 29.6522 -45.2318 -26.8886 11.8766 -39.8241
12.3780 -26.9562 -45.4514 30.3440 -30.3178 -48.7499 1.6840 -33.1682 -27.1130 -22.5983 -39.3571 12.4280 -26.6484 -44.7493 27.6321 -31.1783 -48.8714 34.9704 -33.6116 -48.8496 15.4072 -37.2008 -31.5804 -17.2395 -40.2309 3.1116 -25.1616 -43.7691 27.8347 -38.5762 11.0366 -36.1611 -12.8310 -31.8644 -48.6895 4.4004 -40.8438 22.4442 -37.7196 0.1597 -31.5234 -42.6044 -33.0378 4.4898 -38.2811 15.1176 -35.2991 -35.0663 -25.2719 -46.9242 0.9366 -44.3922 32.9173 -39.9605 7.4957 -31.8313 -48.4848 -25.9026 -45.9663 -31.6876 -2.0737 -35.8853 9.8635 -36.1244 -1.5842 -30.9308 -48.4253 -23.2428 -47.9435 -32.4040 5.8347 -39.3340 27.0533 -43.0569 14.1862 -48.0575 -29.1734 5.9555 -39.9657 -3.6777 -47.8673 -34.7651 25.5210 -44.8502 -26.7930 7.9175 -41.4580 -16.9814 -43.3798 -31.9507 -47.9117 -25.3685 -27.6443 -33.1530 1.6840 -48.7499 -30.3178 30.3440 -45.4514 -26.9562 12.3780
-25.6295 -45.6691 31.0210 -30.4589 -48.7603 -1.1824 -33.3410 -24.7165 -22.9037 -39.5442 12.8170 -26.8465 -44.9434 28.6695 -32.8765 -48.4239 -1.8594 -36.9437 -17.8121 -22.3512 -42.0629 14.0224 -29.4182 -46.0950 27.5691 -33.9403 -49.1083 28.3696 -38.8662 6.3350 -35.5213 -11.8664 -35.0820 -12.9809 -22.8422 -43.7630 24.5506 -36.9032 -14.4082 -29.0554 -48.7294 -24.0408 -42.9504 -32.0828 16.3138 -42.0195 21.0719 -35.1674 -39.6028 -25.6228 -48.6722 -23.6369 -49.4142 35.2376 -37.0082 -37.0749 -22.0762 -46.5534 -17.2838 -48.8651 -26.6068 -44.7762 -29.2405 -43.8373 -26.8166 -48.8072 -14.8589 -46.6001 -21.3182 -45.2827 -33.6916 9.0346 -39.6665 29.8720 -43.7368 -17.2762 -44.2419 -35.9203 30.9782 -46.4027 -28.4168 7.6439 -40.3411 -9.9466 -46.1441 -35.5759 34.5221 -48.4915 -31.6709 20.4598 -48.0167 -38.6696 -22.8580 -24.7362 -33.3410 -1.1824 -48.7603 -30.4589 31.0210 -45.6691 -25.6295
-45.8104 31.6667 -30.5945 -48.7424 -3.6202 -33.6329 -22.2262 -23.1925 -39.7501 13.3379 -27.2964 -45.6572 33.5252 -36.4060 -35.8000 -21.2423 -41.5403 15.4971 -31.6894 -48.2172 35.1618 -35.8896 -45.7951 -5.9382 -38.8098 -6.5916 -23.4624 -43.1773 19.2453 -36.4898 0.0878 -37.1466 18.9979 -36.7051 -48.9532 35.1000 -38.1753 -9.3226 -28.1533 -48.0234 -2.4981 -44.3298 -6.6706 -43.3333 -29.1595 -17.4264 -41.8178 15.0033 -34.1819 -38.5931 -31.7469 -8.2784 -27.4896 -42.8307 12.8434 -28.5868 -47.4488 27.4670 -42.9538 17.3187 -45.9430 -13.9744 -47.4521 -14.6860 -46.2217 18.3606 -43.0293 30.7383 -46.6419 -23.4920 -41.5218 -34.4703 11.2532 -40.1221 35.9285 -47.2862 -29.1628 9.9050 -41.2239 -16.0843 -40.5411 -36.6926 34.3208 -47.3308 -29.6264 10.4869 -41.1236 -19.0779 -19.7282 -38.9972 -23.5195 14.0705 -39.7545 -23.1927 -22.2315 -33.6329 -3.6202 -48.7424 -30.5945 31.6667 -45.8104
30.9585 -30.4654 -48.6943 -5.7100 -33.9224 -19.6695 -23.4688 -39.9592 13.9519 -27.6408 -46.6518 29.9472 -40.9904 11.9237 -31.3164 -48.3170 35.6323 -37.2839 -30.5732 -19.0169 -41.2407 8.1564 -26.8261 -44.5544 22.4394 -33.0374 -48.9983 33.3072 -38.8176 10.1462 -38.3530 27.4284 -43.7556 -20.8844 7.5993 -36.1222 -6.3102 -28.4354 -48.1847 20.4067 -40.8716 28.3622 -39.8913 20.8495 -31.1630 -48.5038 34.9341 -39.3547 7.0756 -35.2556 5.7286 -38.8007 -6.7352 -23.5732 -29.4509 -48.7506 9.7824 -41.2514 30.8038 -41.4526 35.4325 -42.3113 35.7742 -42.0818 32.3636 -40.5258 26.2347 -41.3970 30.8022 -47.1705 -25.5542 -35.5695 -35.9372 18.7648 -42.1135 -16.6020 -41.8491 -36.4540 34.7645 -47.9256 -30.8207 15.2780 -42.6291 -20.6407 -31.0319 -37.3974 34.4819 -46.7899 -29.6193 18.8519 -45.6150 -27.1417 13.9207 -39.9551 -23.4688 -19.6695 -33.9224 -5.7100 -48.6943 -30.4654 30.9585
-30.3066 -48.6147 -7.4836 -34.2106 -17.0603 -23.7328 -40.1799 14.5600 -27.6568 -46.6472 -13.9920 -45.2564 33.8654 -38.2856 -25.9205 -20.2468 -42.0971 14.1688 -32.8126 -47.9250 31.6133 -34.4457 -48.8491 21.0746 -38.0300 -20.5963 -21.5707 -42.9740 21.3946 -39.1490 30.3530 -43.0142 6.3387 -47.5924 -27.1695 -44.3102 -25.5776 -47.9404 26.3734 -40.2392 17.0883 -36.7293 5.3757 -34.5180 -44.2262 -21.2601 -43.6109 27.9616 -38.6835 6.5043 -37.5485 30.8133 -44.3952 -20.0275 -47.6187 -1.6801 -41.6370 30.8661 -41.4698 34.8674 -42.4657 33.0043 -40.6823 22.5133 -39.1149 15.3948 -38.7874 24.0194 -41.7137 2.5850 -48.3254 -29.9171 -2.0353 -38.7273 35.7699 -47.9339 -30.5280 13.1906 -42.0458 -19.7419 -28.5185 -37.7506 30.8819 -49.1072 -33.1754 19.6538 -42.5059 -17.7772 -46.0584 -34.4545 31.5506 -46.0276 -27.3415 14.5085 -40.1790 -23.7328 -17.0603 -34.2106 -7.4836 -48.6147 -30.3066
-48.6627 -9.0242 -34.4956 -14.4573 -23.9862 -40.4085 15.1614 -27.5883 -46.2976 -22.3257 -47.9999 -18.0823 -43.2960 18.5249 -31.8544 -48.2712 34.9527 -38.3260 14.6326 -1.7928 -37.4385 -13.8021 -22.0029 -42.6104 15.3742 -30.8722 -48.1900 35.8032 -40.0534 30.9663 -45.1625 -19.5167 -48.2286 -18.9440 -47.4517 -15.6909 -45.6304 35.3105 -39.9310 13.4201 -34.1959 -32.9248 -32.3237 -19.3549 -28.4997 -47.1113 -18.9666 -41.5642 25.9724 -35.8302 31.9417 -43.5405 -14.9058 -45.6021 -18.2813 -42.6670 9.8332 -41.3451 3.0093 -48.7972 -16.0344 -44.6082 35.3638 -40.4101 20.1777 -38.7908 19.9345 -40.3281 35.2544 -45.5507 -23.3695 -41.3604 -35.6260 23.0507 -43.3920 -22.3425 -27.7206 -37.5586 35.6559 -48.4315 -31.7002 18.6835 -43.9079 -24.8301 0.9205 -39.6079 -3.2541 -48.7515 -32.0551 6.9641 -37.9451 32.5494 -46.3194 -27.4809 15.1492 -40.4085 -23.9862 -14.4573 -34.4956 -9.0242 -48.6627
-12.4938 -34.7751 -11.9418 -24.2288 -40.6396 15.8010 -27.6084 -46.0980 14.0824 23.5700 -34.5756 -48.2816 17.8867 -37.7186 -28.7716 -18.3944 -41.1566 25.1936 -44.6072 -23.1246 -33.3339 -25.7852 -46.1434 29.9941 -35.7025 -44.5153 -13.9574 -41.6941 26.4748 -43.2926 -21.7622 -22.1785 -31.0200 -46.6323 -20.6668 -44.6022 35.7676 -39.7588 11.2859 -33.1259 -45.3303 -26.8369 -43.7163 14.0512 -30.8052 -63.8653 -6.6261 19.0134 -33.8641 -99.9383 -51.6064 -71.7058 -54.5760 -21.3601 -57.6490 -1.0413 -42.1474 37.3239 -42.1617 -30.6074 -43.3102 -22.4159 -46.2273 30.9520 -41.6354 31.9773 -41.4037 22.4577 -46.9006 -23.6015 -45.1252 -33.4605 13.6271 -40.5017 -4.3840 -48.4677 -33.6665 18.6264 -42.7973 -20.2482 -28.9117 -37.6085 26.1315 -48.9778 -34.6443 32.9769 -48.7200 -29.4272 7.2891 -40.5826 25.4415 -37.4399 33.2301 -46.5471 -27.6094 15.8023 -40.6396 -24.2288 -11.9418 -34.7751 -12.4938
-36.0875 -9.5726 -24.4578 -40.8719 16.4556 -27.7349 -46.7453 33.8906 -28.1146 -45.0981 12.9378 -25.5904 -43.7402 17.4143 -30.7234 -47.2491 33.8172 -39.5518 34.5646 -47.2300 -15.2125 -45.2882 34.1046 -38.0928 -13.6289 -25.0115 -45.1567 29.4453 -39.9704 31.4978 -49.8543 -37.2729 17.8975 -33.5435 -47.4842 -10.4599 -41.4948 16.5386 -34.4249 -45.4024 -22.2175 -47.0345 -21.0590 -79.4757 -115.1878 26.3042 47.6694 -72.2835 -44.7942 -42.0742 -40.8866 -42.4459 23.6002 13.3454 13.2741 -29.5256 38.3638 -14.8298 -32.3748 13.8303 -33.9996 -42.2999 -25.2206 -48.1558 -10.7090 -44.8927 -12.5597 -48.7948 -28.0051 -29.0083 -34.5126 13.1035 -39.7070 34.2731 -47.8328 -29.4928 5.9007 -39.9252 33.0408 -48.2565 -30.4917 14.4377 -42.7527 -22.4320 -0.4198 -38.7254 -27.9400 -24.4481 -38.0897 30.9995 -44.1197 9.9177 -33.1644 33.8979 -46.7424 -27.7323 16.4582 -40.8720 -24.4578 -9.5726 -36.0875
