-18.7130 -40.0833 13.2662 -25.8108 -46.0557 31.2790 -30.5308 -48.5193 -13.4130 -36.3846 -7.0034 -23.1556 -42.1305 20.0287 -27.3459 -47.7996 23.8219 -32.2597 -44.3464 -18.3153 -38.3732 6.5795 -24.5804 -44.2499 26.9218 -29.0103 -48.6761 -3.3448 -34.1170 -29.4587 -21.3020 -40.3249 14.1038 -25.9927 -46.2997 31.4272 -30.7478 -48.3177 -14.2186 -36.6706 -4.5163 -23.3679 -42.3914 20.8795 -27.5453 -47.9661 20.9744 -32.4684 -43.2011 -18.7471 -40.5040 -18.7471 -43.2011 -32.4684 20.9744 -47.9661 -27.5453 20.8795 -42.3914 -23.3679 -4.5163 -36.6706 -14.2186 -48.3177 -30.7478 31.4272 -46.2997 -25.9927 14.1038 -40.3249 -21.3020 -29.4587 -34.1170 -3.3448 -48.6761 -29.0103 26.9218 -44.2499 -24.5804 6.5795 -38.3732 -18.3153 -44.3464 -32.2597 23.8219 -47.7996 -27.3459 20.0287 -42.1305 -23.1556 -7.0034 -36.3846 -13.4130 -48.5193 -30.5308 31.2790 -46.0557 -25.8108 13.2662 -40.0833 -18.7130
-40.0833 13.0645 -27.1283 -45.9597 32.4602 -30.6351 -48.4565 -10.7117 -35.1173 -6.8567 -24.9260 -41.6246 19.2589 -28.2678 -47.8768 33.4528 -31.7512 -44.1022 -18.5496 -37.4193 6.2882 -26.1632 -43.9569 26.2919 -29.5264 -48.8249 9.7783 -32.8061 -28.9682 -22.6646 -39.6178 13.5377 -27.2327 -46.2058 33.1409 -30.7765 -48.2431 -12.1171 -35.4480 -4.4484 -25.1530 -41.9128 20.0915 -28.4199 -48.0684 32.3205 -31.8699 -42.9959 -19.2222 -37.4974 17.2283 -37.4974 -19.2222 -42.9959 -31.8699 32.3205 -48.0684 -28.4199 20.0915 -41.9128 -25.1530 -4.4484 -35.4480 -12.1171 -48.2431 -30.7765 33.1409 -46.2058 -27.2327 13.5377 -39.6178 -22.6646 -28.9682 -32.8061 9.7783 -48.8249 -29.5264 26.2919 -43.9569 -26.1632 6.2882 -37.4193 -18.5496 -44.1022 -31.7512 33.4528 -47.8768 -28.2678 19.2589 -41.6246 -24.9260 -6.8567 -35.1173 -10.7117 -48.4565 -30.6351 32.4602 -45.9597 -27.1283 13.0645 -40.0833
13.2662 -27.1283 -45.8763 32.0752 -30.8092 -48.5723 -9.4898 -34.8474 -8.9958 -24.7270 -41.3966 18.6054 -28.2583 -47.7155 34.1055 -32.0285 -44.8682 -18.0206 -37.2109 5.4221 -26.0639 -43.7282 25.5722 -29.5874 -48.8117 13.4233 -32.9321 -31.1744 -22.3493 -39.3971 12.8927 -27.1763 -45.9951 32.6005 -30.9341 -48.4194 -11.0013 -35.1856 -6.3345 -24.9701 -41.6842 19.4305 -28.4180 -47.9185 33.2990 -32.1682 -43.8839 -18.6876 -37.4931 5.6037 -31.3826 5.6037 -37.4931 -18.6876 -43.8839 -32.1682 33.2990 -47.9185 -28.4180 19.4305 -41.6842 -24.9701 -6.3345 -35.1856 -11.0013 -48.4194 -30.9341 32.6005 -45.9951 -27.1763 12.8927 -39.3971 -22.3493 -31.1744 -32.9321 13.4233 -48.8117 -29.5874 25.5722 -43.7282 -26.0639 5.4221 -37.2109 -18.0206 -44.8682 -32.0285 34.1055 -47.7155 -28.2583 18.6054 -41.3966 -24.7270 -8.9958 -34.8474 -9.4898 -48.5723 -30.8092 32.0752 -45.8763 -27.1283 13.2662
-25.8108 -45.9597 32.0752 -30.7675 -48.6322 -8.4129 -34.6084 -11.1956 -24.5223 -41.1734 17.9598 -28.1300 -47.5429 34.4998 -31.9193 -45.5410 -17.4534 -37.0044 4.5047 -25.9609 -43.4955 24.8447 -29.4577 -48.7747 16.8802 -32.8663 -33.2427 -22.0062 -39.1783 12.2432 -27.0584 -45.7779 31.9913 -30.8078 -48.5549 -9.7644 -34.9113 -8.4519 -24.7771 -41.4567 18.7774 -28.2884 -47.7564 33.9792 -32.0638 -44.6741 -18.1660 -37.2580 5.7332 -26.3286 -46.2230 -26.3286 5.7332 -37.2580 -18.1660 -44.6741 -32.0637 33.9792 -47.7563 -28.2884 18.7774 -41.4567 -24.7771 -8.4519 -34.9113 -9.7644 -48.5549 -30.8078 31.9913 -45.7779 -27.0584 12.2432 -39.1783 -22.0062 -33.2427 -32.8663 16.8802 -48.7747 -29.4577 24.8447 -43.4955 -25.9609 4.5047 -37.0044 -17.4534 -45.5410 -31.9193 34.4998 -47.5429 -28.1300 17.9598 -41.1734 -24.5223 -11.1956 -34.6084 -8.4129 -48.6322 -30.7675 32.0752 -45.9597 -25.8108
-46.0557 32.4602 -30.8092 -48.6322 -7.9398 -34.4656 -12.9413 -24.3370 -40.9735 17.3566 -28.0053 -47.3624 34.6973 -31.8075 -46.1276 -16.8501 -36.7998 3.5262 -25.8588 -43.2590 24.1127 -29.3299 -48.7188 20.0972 -32.7835 -35.1625 -21.6424 -38.9617 11.5890 -26.9403 -45.5544 31.3337 -30.6827 -48.6532 -8.3711 -34.6266 -10.8049 -24.5667 -41.2315 18.1392 -28.1371 -47.5981 34.4302 -31.9567 -45.3650 -17.6114 -37.0482 4.6872 -25.9872 -43.1843 34.7451 -43.1843 -25.9875 4.6853 -37.0480 -17.6067 -45.3708 -31.9569 34.4271 -47.5818 -28.1561 18.1333 -41.2311 -24.5667 -10.8049 -34.6266 -8.3711 -48.6532 -30.6827 31.3337 -45.5544 -26.9403 11.5890 -38.9617 -21.6424 -35.1625 -32.7835 20.0972 -48.7188 -29.3299 24.1127 -43.2590 -25.8588 3.5262 -36.7998 -16.8501 -46.1276 -31.8075 34.6973 -47.3624 -28.0053 17.3566 -40.9735 -24.3370 -12.9413 -34.4656 -7.9398 -48.6322 -30.8092 32.4602 -46.0557
31.2790 -30.6351 -48.5723 -8.4129 -34.4656 -13.6106 -24.2229 -40.8234 16.8653 -27.8970 -47.1884 34.7220 -31.6920 -46.6371 -16.2027 -36.5966 2.4775 -25.7586 -43.0219 23.3869 -29.2052 -48.6468 22.9659 -32.6920 -36.9080 -21.2610 -38.7494 10.9341 -26.8231 -45.3284 30.6445 -30.5602 -48.7174 -6.8057 -34.3334 -13.3427 -24.3411 -41.0104 17.5069 -28.7739 -46.6936 34.8778 -32.4365 -45.9707 -17.0232 -36.8361 3.7086 -25.8878 -43.3584 23.5422 -33.5035 23.5540 -43.3635 -25.8879 3.7904 -36.8543 -17.1815 -45.9602 -31.7875 34.6630 -47.3979 -28.0249 17.5034 -41.0095 -24.3411 -13.3427 -34.3334 -6.8057 -48.7174 -30.5602 30.6445 -45.3284 -26.8231 10.9341 -38.7494 -21.2610 -36.9080 -32.6920 22.9659 -48.6468 -29.2052 23.3869 -43.0219 -25.7586 2.4775 -36.5966 -16.2027 -46.6371 -31.6920 34.7220 -47.1884 -27.8970 16.8653 -40.8234 -24.2229 -13.6106 -34.4656 -8.4129 -48.5723 -30.6351 31.2790
-30.5308 -48.4565 -9.4898 -34.6084 -12.9413 -24.2229 -40.7639 16.5717 -27.8202 -47.0436 34.6304 -31.5825 -47.0609 -15.5136 -36.3919 1.3627 -25.6576 -42.7805 22.6557 -29.0862 -48.5596 25.4455 -32.5844 -38.5115 -20.8545 -38.5426 10.2795 -26.7051 -45.0960 29.9196 -30.4439 -48.7518 -5.0479 -34.0273 -16.0605 -24.0979 -40.7930 16.9006 -29.4094 -48.7506 -19.8528 -30.8108 -42.0731 -18.9754 -36.5991 2.6039 -25.7906 -43.0951 23.7058 -29.8613 -48.2341 -29.8781 23.5469 -43.0234 -25.7347 2.1008 -33.4876 -24.0919 -46.8354 -31.5781 34.7237 -47.2054 -27.8923 16.8883 -40.7925 -24.0978 -16.0605 -34.0273 -5.0479 -48.7518 -30.4439 29.9196 -45.0960 -26.7051 10.2795 -38.5426 -20.8545 -38.5115 -32.5844 25.4455 -48.5596 -29.0862 22.6557 -42.7805 -25.6576 1.3627 -36.3919 -15.5136 -47.0609 -31.5825 34.6304 -47.0436 -27.8202 16.5717 -40.7639 -24.2229 -12.9413 -34.6084 -9.4898 -48.4565 -30.5308
-48.5193 -10.7117 -34.8474 -11.1956 -24.3370 -40.8234 16.5717 -27.7920 -46.9587 34.5101 -31.4947 -47.3804 -14.8372 -36.1896 0.1969 -25.5484 -42.5308 21.9084 -28.9768 -48.4641 27.4972 -32.4503 -39.9954 -20.4144 -38.3454 9.6382 -26.5845 -44.8537 29.1530 -30.3386 -48.7603 -3.1095 -33.7052 -18.9435 -23.8328 -40.5805 16.3345 -28.6840 -48.7558 -29.8171 14.0849 -41.0628 32.8026 -36.5913 -1.0622 -25.6472 -42.2754 23.0738 -29.0563 -48.1183 -11.0551 -48.1879 -29.2220 20.8251 -41.5326 -12.9520 -46.8447 31.0391 -26.3318 -47.1478 -31.4454 34.6323 -47.0058 -27.7578 16.2890 -40.5810 -23.8327 -18.9435 -33.7052 -3.1095 -48.7603 -30.3386 29.1530 -44.8537 -26.5845 9.6382 -38.3454 -20.4144 -39.9954 -32.4503 27.4972 -48.4641 -28.9768 21.9084 -42.5308 -25.5484 0.1969 -36.1896 -14.8372 -47.3804 -31.4947 34.5101 -46.9587 -27.7920 16.5717 -40.8234 -24.3370 -11.1956 -34.8474 -10.7117 -48.5193
-13.4130 -35.1173 -8.9958 -24.5223 -40.9735 16.8653 -27.8202 -46.9587 34.4558 -31.4416 -47.5822 -14.2664 -36.0126 -0.9538 -25.4317 -42.2876 21.1669 -28.8783 -48.3622 29.1447 -32.2874 -41.3760 -19.9290 -38.1611 9.0198 -26.4602 -44.5980 28.3382 -30.2488 -48.7480 -1.0373 -33.3651 -21.9173 -23.5446 -40.3767 15.7449 -27.6663 -46.9543 -18.7101 -43.7129 -34.4901 8.8466 -33.8218 -28.6678 -24.2910 -41.4918 17.2768 -24.1565 -48.8274 30.2276 -35.1903 30.6159 -48.5104 -28.5911 9.1061 -36.0897 19.6982 -34.9162 -48.0638 -22.4137 -47.4916 -31.3810 34.3835 -46.7980 -27.6230 15.7124 -40.3776 -23.5446 -21.9173 -33.3651 -1.0373 -48.7480 -30.2488 28.3382 -44.5980 -26.4602 9.0198 -38.1611 -19.9290 -41.3760 -32.2874 29.1447 -48.3622 -28.8783 21.1669 -42.2876 -25.4317 -0.9538 -36.0126 -14.2664 -47.5822 -31.4416 34.4558 -46.9587 -27.8202 16.8653 -40.9735 -24.5223 -8.9958 -35.1173 -13.4130
-36.3846 -6.8567 -24.7270 -41.1734 17.3566 -27.8970 -47.0436 34.5101 -31.4416 -47.6522 -13.9171 -35.8866 -1.9112 -25.3235 -42.0704 20.4714 -28.7908 -48.2587 30.4232 -32.0911 -42.6645 -19.3761 -37.9984 8.4561 -26.3300 -44.3210 27.4543 -30.1847 -48.7362 1.0545 -32.9998 -24.9462 -23.2276 -40.1853 15.1662 -27.4549 -46.2522 33.8009 -44.5218 -19.5895 -48.5362 -25.6391 -49.2795 -16.5175 -40.2771 28.1579 -15.4851 -39.6872 28.3001 -36.0848 -1.5345 -34.6893 34.7604 -46.4188 -24.2580 -44.1721 -28.7126 -46.0575 -19.8910 -45.6116 -16.1252 -47.9241 -31.3745 33.9995 -46.5788 -27.4857 15.1672 -40.1859 -23.2269 -24.9552 -32.9995 1.0546 -48.7362 -30.1847 27.4543 -44.3210 -26.3300 8.4561 -37.9984 -19.3761 -42.6645 -32.0911 30.4232 -48.2587 -28.7908 20.4714 -42.0704 -25.3235 -1.9112 -35.8866 -13.9171 -47.6522 -31.4416 34.5101 -47.0436 -27.8970 17.3566 -41.1734 -24.7270 -6.8567 -36.3846
-7.0034 -24.9260 -41.3966 17.9598 -28.0053 -47.1884 34.6304 -31.4947 -47.5822 -13.9171 -35.8386 -2.4716 -25.2455 -41.9006 19.8903 -28.7228 -48.1635 31.3673 -31.8764 -43.8124 -18.7587 -37.8676 8.0041 -26.1936 -44.0176 26.4907 -30.1621 -48.7402 2.9007 -32.6388 -28.0036 -22.8716 -40.0082 14.6575 -27.3553 -46.3256 33.5198 -38.2401 28.7645 -42.6276 24.6526 -43.3647 34.9137 -37.9750 14.0120 -35.0653 -29.8103 29.4155 -39.5183 10.5609 -34.8015 -29.8212 -33.4336 26.0813 -41.5058 -0.1828 -45.8566 -6.5931 -44.4803 35.9608 -40.3402 -12.2816 -47.9671 -31.2941 33.5194 -46.3588 -27.3417 14.7157 -40.0298 -22.8792 -28.0256 -32.6381 2.9008 -48.7402 -30.1621 26.4907 -44.0176 -26.1936 8.0041 -37.8676 -18.7587 -43.8124 -31.8764 31.3673 -48.1635 -28.7228 19.8903 -41.9006 -25.2455 -2.4716 -35.8386 -13.9171 -47.5822 -31.4947 34.6304 -47.1884 -28.0053 17.9598 -41.3966 -24.9260 -7.0034
-23.1556 -41.6246 18.6054 -28.1300 -47.3624 34.7220 -31.5825 -47.3804 -14.2664 -35.8866 -2.4716 -25.2169 -41.8048 19.4988 -28.6803 -48.0884 31.9919 -31.6599 -44.7667 -18.0987 -37.7722 7.7004 -26.0554 -43.6863 25.4376 -30.2029 -48.7318 4.0820 -32.2958 -31.0332 -22.4681 -39.8457 14.1926 -27.2301 -46.1602 32.8397 -33.6753 -5.0451 -35.5582 13.2912 -36.1452 12.6302 -33.9825 -8.0281 -33.6870 -16.8809 -25.1465 -48.8432 33.8344 -39.7942 -0.9916 -30.5911 -46.1408 -31.0687 10.2003 -36.6630 25.1816 -39.7323 24.7462 -39.5313 16.6949 -36.4418 -12.0253 -48.2148 -31.1604 32.8248 -46.1041 -26.9018 16.8046 -39.7163 -22.4869 -31.0435 -32.2954 4.0819 -48.7318 -30.2029 25.4376 -43.6863 -26.0554 7.7004 -37.7722 -18.0987 -44.7667 -31.6599 31.9919 -48.0884 -28.6803 19.4988 -41.8048 -25.2169 -2.4716 -35.8866 -14.2664 -47.3804 -31.5825 34.7220 -47.3624 -28.1300 18.6054 -41.6246 -23.1556
-42.1305 19.2589 -28.2583 -47.5429 34.6973 -31.6920 -47.0609 -14.8372 -36.0126 -1.9112 -25.2455 -41.8048 19.3576 -28.6581 -48.0425 32.3339 -31.4608 -45.5051 -17.4297 -37.7210 7.5639 -25.9238 -43.3428 24.3400 -30.3335 -48.6959 3.8618 -31.8686 -33.9335 -22.0133 -39.7151 13.8010 -27.1120 -45.9367 32.4840 -30.9466 -47.6115 -25.9248 -47.5690 -27.8178 -45.2864 -26.4896 -49.0365 -24.9782 -48.1260 -27.0561 -48.7340 -12.8986 -44.2832 21.3494 -34.3707 -47.2962 -21.4532 -48.4568 -26.4416 -36.6312 -32.2931 -1.4689 -34.4577 -4.7331 -33.5640 0.7169 -35.2189 -11.4410 -48.3283 -31.1801 23.9851 -38.1772 -35.5900 20.6232 -39.4753 -22.0298 -33.9342 -31.8695 3.8704 -48.6959 -30.3335 24.3400 -43.3428 -25.9238 7.5639 -37.7210 -17.4297 -45.5051 -31.4608 32.3339 -48.0425 -28.6581 19.3576 -41.8048 -25.2455 -1.9112 -36.0126 -14.8372 -47.0609 -31.6920 34.6973 -47.5429 -28.2583 19.2589 -42.1305
20.0287 -28.2678 -47.7155 34.4998 -31.8075 -46.6371 -15.5136 -36.1896 -0.9538 -25.3235 -41.9006 19.4988 -28.6581 -48.0264 32.4931 -31.3230 -45.9954 -16.8344 -37.7073 7.6026 -25.8086 -43.0191 23.3042 -30.5702 -48.7004 1.5399 -31.2749 -36.6136 -21.5055 -39.5470 13.4379 -27.0026 -45.7375 31.9191 -32.8109 -49.0891 -11.9576 -42.7765 8.9836 -44.4665 4.0426 -43.2316 25.3891 -43.9721 -6.6877 -47.3073 -5.9894 -44.5757 31.0578 -37.7948 -24.6160 -23.8422 -45.8824 24.2694 -44.0075 -14.5120 -48.4075 -23.3283 -49.0933 -24.6449 -49.0366 -27.6974 -9.1355 -34.9209 0.7673 -48.7909 -24.7511 -48.6420 18.0595 -41.0551 19.3686 -39.3977 -21.5058 -36.6212 -31.2774 1.5579 -48.7004 -30.5702 23.3042 -43.0191 -25.8086 7.6026 -37.7073 -16.8344 -45.9954 -31.3230 32.4931 -48.0264 -28.6581 19.4988 -41.9006 -25.3235 -0.9538 -36.1896 -15.5136 -46.6371 -31.8075 34.4998 -47.7155 -28.2678 20.0287
-27.3459 -47.8768 34.1055 -31.9193 -46.1276 -16.2027 -36.3919 0.1969 -25.4317 -42.0704 19.8903 -28.6803 -48.0425 32.4931 -31.2761 -46.2290 -16.4210 -37.7170 7.7559 -25.7184 -42.7441 22.4337 -30.9209 -48.7511 -2.8996 -30.6848 -38.9477 -20.9294 -39.2773 13.5664 -26.7742 -45.6965 31.4741 -37.0108 15.0654 25.0156 -37.1926 18.7787 -37.1212 19.5814 -36.5027 16.9517 -37.1976 22.6810 -40.2624 32.5861 -41.0517 24.8900 -37.7421 -5.3150 -27.6043 -47.5089 34.9008 -40.4746 25.0158 -39.4498 34.1703 -42.4448 28.5419 -43.8806 23.4066 -44.3461 -24.5279 -17.6607 -34.2434 33.5779 -43.3699 25.4730 -41.9405 19.7292 -35.8888 13.0973 -39.4644 -20.9202 -38.9699 -30.6882 -2.8826 -48.7511 -30.9209 22.4337 -42.7441 -25.7184 7.7559 -37.7170 -16.4210 -46.2290 -31.2761 32.4931 -48.0425 -28.6803 19.8903 -42.0704 -25.4317 0.1969 -36.3919 -16.2027 -46.1276 -31.9193 34.1055 -47.8768 -27.3459
-47.7996 33.4528 -32.0285 -45.5410 -16.8501 -36.5966 1.3627 -25.5484 -42.2876 20.4714 -28.7228 -48.0884 32.3339 -31.3230 -46.2290 -16.2725 -37.7289 7.9093 -25.6570 -42.5434 21.8093 -31.3854 -48.7341 -8.3519 -30.2093 -40.8608 -20.3247 -39.2134 18.1679 -32.3191 -31.9210 16.0515 -36.7832 -4.3333 -49.5270 -29.3513 -23.8328 -30.8770 -34.2649 -30.3508 -37.6961 -30.3013 -30.8363 -32.9695 3.2034 -35.2195 6.1940 -33.7554 -28.9078 -26.9193 -47.9196 31.7547 -40.2686 14.4660 -35.8937 3.3256 -35.0190 12.3453 -36.7576 18.5371 -38.1009 25.1252 -40.6419 -21.3324 -43.8842 -31.9768 12.2461 -36.5905 12.5647 -34.7153 -36.4201 -30.7145 12.6465 -39.5562 -20.3162 -40.8750 -30.2126 -8.3387 -48.7341 -31.3854 21.8093 -42.5434 -25.6570 7.9093 -37.7289 -16.2725 -46.2290 -31.3230 32.3339 -48.0884 -28.7228 20.4714 -42.2876 -25.5484 1.3627 -36.5966 -16.8501 -45.5410 -32.0285 33.4528 -47.7996
23.8219 -31.7512 -44.8682 -17.4534 -36.7998 2.4775 -25.6576 -42.5308 21.1669 -28.7908 -48.1635 31.9919 -31.4608 -45.9954 -16.4210 -37.7289 7.9752 -25.6264 -42.4289 21.4544 -31.9099 -48.4829 -13.3074 -29.8134 -42.2953 -19.7852 -39.2738 18.7765 -39.9490 -1.4060 -41.8317 -32.9779 15.3357 -44.3801 -8.9877 -48.1228 -18.0664 -46.9466 -15.8133 -46.7688 -14.9550 -46.9196 -19.3662 -49.0182 -24.8430 -48.5592 -25.3739 -49.1933 -19.7703 -45.8523 35.5506 -39.6533 11.9093 -33.5511 -40.5996 -27.8932 -47.7635 -27.9592 -40.7272 -30.7335 -22.8775 -33.1824 14.9219 -39.5579 -16.7798 -48.5167 -26.6040 -43.0784 -28.6892 -47.1963 -22.5226 -47.5730 -27.1446 13.5408 -39.6123 -19.7586 -42.2814 -29.8177 -13.2981 -48.4829 -31.9099 21.4544 -42.4289 -25.6264 7.9752 -37.7289 -16.4210 -45.9954 -31.4608 31.9919 -48.1635 -28.7908 21.1669 -42.5308 -25.6576 2.4775 -36.7998 -17.4534 -44.8682 -31.7512 23.8219
-32.2597 -44.1022 -18.0206 -37.0044 3.5262 -25.7586 -42.7805 21.9084 -28.8783 -48.2587 31.3673 -31.6599 -45.5051 -16.8344 -37.7170 7.9093 -25.6264 -42.3929 21.3155 -32.3487 -47.8594 -17.0663 -29.5396 -43.2007 -19.3824 -39.5675 14.1437 -37.5293 24.8353 -44.0853 -21.6290 -45.9165 -33.8014 21.5567 -40.1985 31.8678 -40.2206 30.0956 -40.0963 29.8163 -40.1535 32.0741 -41.5701 34.4416 -43.5427 21.0307 -43.6718 32.9060 -41.4196 27.1754 -37.8468 5.7548 -31.6978 -47.3601 -21.2136 -46.1611 -1.6281 -44.5812 -11.2800 -46.8920 -19.6952 -49.0952 -28.1358 0.2216 -48.0919 -17.5260 -45.8991 -13.8388 -46.3957 -4.9685 -43.7433 34.7176 -44.8143 -26.4979 14.0623 -39.8276 -19.3406 -43.1763 -29.5425 -17.0628 -47.8594 -32.3502 21.3155 -42.3929 -25.6264 7.9093 -37.7170 -16.8344 -45.5051 -31.6599 31.3673 -48.2587 -28.8783 21.9084 -42.7805 -25.7586 3.5262 -37.0044 -18.0206 -44.1022 -32.2597
-44.3464 -18.5496 -37.2109 4.5047 -25.8588 -43.0219 22.6557 -28.9768 -48.3622 30.4232 -31.8764 -44.7667 -17.4297 -37.7073 7.7559 -25.6570 -42.4289 21.3155 -32.5227 -47.1837 -19.4383 -29.3870 -43.6585 -19.1802 -40.2901 13.5268 -34.4070 5.1603 -39.6408 34.4676 -45.7507 -20.9484 -45.4250 -32.1819 0.9987 -34.5195 3.2346 -34.6295 3.4222 -34.9255 5.6267 -35.8041 11.7677 -37.0388 17.1630 -37.2477 16.9095 -36.4650 9.6373 -34.0080 -24.4393 -28.5033 -48.9663 -13.7873 -43.7021 33.6242 -39.0837 23.6163 -38.7220 28.7196 -40.4974 35.3376 -43.1177 25.6649 -32.5145 -47.9267 -11.2305 -43.5023 35.2669 -40.4964 23.5205 -38.1738 29.4032 -44.7045 -26.4621 15.2370 -40.2344 -19.1433 -43.6488 -29.3863 -19.4459 -47.1834 -32.5256 21.3155 -42.4289 -25.6570 7.7559 -37.7073 -17.4297 -44.7667 -31.8764 30.4232 -48.3622 -28.9768 22.6557 -43.0219 -25.8588 4.5047 -37.2109 -18.5496 -44.3464
-18.3153 -37.4193 5.4221 -25.9609 -43.2590 23.3869 -29.0862 -48.4641 29.1447 -32.0911 -43.8124 -18.0987 -37.7210 7.6026 -25.7184 -42.5434 21.4544 -32.3487 -47.1860 -20.2570 -29.3253 -43.8355 -19.1738 -40.9677 16.4167 -30.8042 -40.4669 -35.1028 13.2004 -40.5917 35.2093 -44.8937 -15.7341 -48.9806 -24.4429 -48.9285 -25.4297 -48.6923 -26.1113 -47.9576 -27.4773 -45.2732 -29.4870 -37.2089 -30.7346 -33.6239 -30.1242 -42.2946 -27.3977 -48.9727 -21.2871 -46.7694 21.2241 -41.1504 23.5124 -37.0550 3.4812 -34.6606 2.2684 -37.2087 15.5947 -38.0766 13.6139 -35.5069 -32.2132 -23.1155 -46.0349 34.8311 -39.9941 13.4230 -35.4746 -9.7648 -33.4621 28.3174 -44.8584 -26.2235 17.2270 -40.7702 -19.1444 -43.8432 -29.3213 -20.2738 -47.1834 -32.3502 21.4544 -42.5434 -25.7184 7.6026 -37.7210 -18.0987 -43.8124 -32.0911 29.1447 -48.4641 -29.0862 23.3869 -43.2590 -25.9609 5.4221 -37.4193 -18.3153
-38.3732 6.2882 -26.0639 -43.4955 24.1127 -29.2052 -48.5596 27.4972 -32.2874 -42.6645 -18.7587 -37.7722 7.5639 -25.8086 -42.7441 21.8093 -31.9104 -47.8609 -19.4351 -29.3276 -43.8662 -19.2358 -41.3842 20.3632 -27.5215 -48.5416 -27.7397 -24.0027 -36.2955 13.7513 -39.9413 29.2431 -42.1133 33.4920 -43.6690 22.2857 -43.8792 13.9546 -44.4457 -0.5231 -45.5903 -11.9529 -47.0030 -17.0486 -47.5913 -17.1563 -46.9231 -11.5510 -45.0167 22.9947 -42.1039 31.0213 -38.6172 12.9885 -33.9440 -32.8264 -29.5572 -43.7253 -34.5475 12.5840 -39.4011 27.5437 -31.7892 -42.8048 -23.5860 -46.7367 35.7910 -40.5987 12.2690 -33.6208 -42.6296 -26.6185 -48.4574 -29.8540 28.7899 -44.6420 -25.7375 19.6439 -41.2664 -19.2128 -43.8892 -29.3213 -19.4459 -47.8594 -31.9099 21.8093 -42.7441 -25.8086 7.5639 -37.7722 -18.7587 -42.6645 -32.2874 27.4972 -48.5596 -29.2052 24.1127 -43.4955 -26.0639 6.2882 -38.3732
6.5795 -26.1632 -43.7282 24.8447 -29.3299 -48.6468 25.4455 -32.4503 -41.3760 -19.3761 -37.8676 7.7004 -25.9238 -43.0191 22.4337 -31.3863 -48.4822 -17.0690 -29.3906 -43.8245 -19.2376 -41.5036 22.1905 -25.0930 -45.5545 -11.9309 -48.7465 -29.0964 -23.8157 -35.0685 6.6893 -37.3146 15.0036 -37.9078 18.6544 -37.9599 20.5634 -38.6371 24.1691 -39.5967 29.7772 -41.2943 36.0194 -42.4569 35.5390 -41.3170 31.1767 -39.5747 23.3253 -37.5208 13.1581 -34.9075 -10.2032 -29.9151 -48.3248 -22.3156 -48.1648 -28.1063 0.4084 -39.4786 6.4260 -48.4619 -39.5433 18.1792 -43.0278 32.8676 -39.8162 11.9742 -33.4235 -45.4465 -21.2046 -45.1999 -8.1900 -48.5919 -29.1457 27.9641 -44.4101 -25.0647 21.5012 -41.4765 -19.2128 -43.8432 -29.3863 -17.0628 -48.4829 -31.3854 22.4337 -43.0191 -25.9238 7.7004 -37.8676 -19.3761 -41.3760 -32.4503 25.4455 -48.6468 -29.3299 24.8447 -43.7282 -26.1632 6.5795
-24.5804 -43.9569 25.5722 -29.4577 -48.7188 22.9659 -32.5844 -39.9954 -19.9290 -37.9984 8.0041 -26.0554 -43.3428 23.3042 -30.9213 -48.7340 -13.2996 -29.5512 -43.6373 -19.2073 -41.4015 22.1729 -24.1647 -44.0495 36.0942 -44.0070 -11.9508 -48.6894 -26.8561 -43.2020 -30.8191 -31.6156 -31.8635 -25.4945 -32.0324 -21.8188 -32.7875 -8.4501 -34.3505 5.5715 -37.3914 21.6878 -42.6965 34.4017 -40.7995 18.6114 -37.5061 4.3791 -33.4451 -28.3086 -29.1299 -48.1130 -22.9859 -47.1684 -0.2547 -43.2784 -11.0853 -48.2349 -34.3481 23.8766 -45.2169 -25.3641 8.0979 -35.9751 14.2780 -36.1461 1.6792 -31.8997 -46.7935 -19.6456 -44.1929 32.9098 -38.6542 18.5965 -48.7585 -29.5283 27.1536 -44.2602 -24.6848 21.5012 -41.2664 -19.1444 -43.6488 -29.5425 -13.2981 -48.7341 -30.9209 23.3042 -43.3428 -26.0554 8.0041 -37.9984 -19.9290 -39.9954 -32.5844 22.9659 -48.7188 -29.4577 25.5722 -43.9569 -24.5804
-44.2499 26.2919 -29.5874 -48.7747 20.0972 -32.6920 -38.5115 -20.4144 -38.1611 8.4561 -26.1936 -43.6863 24.3400 -30.5696 -48.7509 -8.3207 -29.8338 -43.0762 -19.2652 -41.0865 21.1562 -24.3445 -43.7367 27.9629 -39.5714 31.6684 -43.5560 -0.5023 -47.3274 -18.8928 -48.7105 -21.3039 -48.7582 -20.9624 -48.5413 -21.2801 -48.9137 -23.9295 -48.7610 -28.6104 -19.6345 -33.3715 -16.1372 -45.3972 32.7459 -38.8839 0.2224 -31.2455 -48.4384 -21.4818 -46.5775 5.7001 -42.2161 32.9666 -39.4360 31.3063 -44.1547 -22.8987 -21.3384 -38.0346 35.4402 -47.5001 -25.4156 -44.5009 -28.5449 -45.3958 -26.3919 -49.0355 -14.3419 -43.4746 28.0874 -37.4524 9.8216 -36.7353 13.7778 -48.7796 -29.9452 26.8361 -44.2602 -25.0647 19.6439 -40.7703 -19.1433 -43.1763 -29.8177 -8.3387 -48.7511 -30.5702 24.3400 -43.6863 -26.1936 8.4561 -38.1611 -20.4144 -38.5115 -32.6920 20.0972 -48.7747 -29.5874 26.2919 -44.2499
26.9218 -29.5264 -48.8117 16.8802 -32.7835 -36.9080 -20.8545 -38.3454 9.0198 -26.3300 -44.0176 25.4376 -30.3344 -48.7012 -2.9830 -30.1889 -42.3477 -19.2431 -39.8604 16.0826 -26.2331 -44.2260 27.8055 -37.3053 12.5248 -39.9311 31.4285 -42.8487 31.8954 -43.7975 32.5884 -43.2625 35.0188 -42.3208 35.5953 -42.2400 34.4960 -43.2791 15.6829 -45.0539 -10.9480 -42.8459 -1.7608 -21.2090 -43.6695 18.8877 -34.2754 -47.5015 -17.1487 -43.8371 33.9068 -38.6401 15.8388 -36.0110 8.9114 -38.5582 34.9625 -47.3086 -28.0543 0.2791 -38.4721 33.7886 -43.7043 -3.0810 -45.3690 -5.7026 -44.8098 30.0362 -41.3624 22.8736 -36.1389 -18.1946 -31.9136 1.0102 -37.5542 3.1288 -48.7463 -29.9342 27.1566 -44.4100 -25.7380 17.2270 -40.2344 -19.3406 -42.2814 -30.2126 -2.8826 -48.7004 -30.3335 25.4376 -44.0176 -26.3300 9.0198 -38.3454 -20.8545 -36.9080 -32.7835 16.8802 -48.8117 -29.5264 26.9218
-29.0103 -48.8249 13.4233 -32.8663 -35.1625 -21.2610 -38.5426 9.6382 -26.4602 -44.3210 26.4907 -30.2076 -48.7038 1.5302 -30.8988 -41.1646 -19.9314 -39.7112 14.1060 -29.9371 -47.0325 35.9218 -38.9379 9.3971 -37.8395 20.0723 -41.8692 35.5078 -44.4631 30.4871 -39.3970 18.5500 -37.1612 13.6048 -36.4413 13.4911 -37.0464 17.6794 -37.8952 22.7073 -38.3259 17.0980 -30.9740 -48.5028 35.5670 -38.2262 -18.2651 -24.3106 -45.2486 32.1586 -38.2890 3.3763 -31.9627 -41.3904 -31.8532 4.7210 -39.2155 31.8105 -48.3475 -28.2769 -11.4171 -35.4642 17.1350 -37.6453 23.7264 -38.5469 22.0761 -37.7856 11.8269 -33.8335 -37.2970 -26.2660 -48.3354 -27.4423 6.8297 -38.4387 4.5613 -48.8025 -29.5025 27.9819 -44.6436 -26.2237 15.2390 -39.8276 -19.7586 -40.8750 -30.6882 1.5579 -48.6959 -30.2029 26.4907 -44.3210 -26.4602 9.6382 -38.5426 -21.2610 -35.1625 -32.8663 13.4233 -48.8249 -29.0103
-48.6761 9.7783 -32.9321 -33.2427 -21.6424 -38.7494 10.2795 -26.5845 -44.5980 27.4543 -30.1678 -48.7374 3.9959 -32.4617 -31.5644 -24.5314 -43.0745 25.2780 -35.1799 -45.7914 -17.5492 -43.0377 25.1748 -38.5668 15.7453 -40.8194 35.4452 -46.9255 -18.9042 -30.8581 -12.9000 -31.2139 -38.1845 -29.4400 -42.7846 -29.5618 -37.7340 -31.0590 -24.6223 -32.0620 -21.2081 -29.5408 -48.9961 1.1946 -40.0520 9.1633 -29.9374 -48.2072 33.9538 -39.5936 5.9484 -30.7999 -48.7583 -21.3498 -48.7645 -30.7822 8.5387 -39.4334 33.0419 -47.0641 -23.5927 -46.7491 -29.7428 -26.5340 -32.2015 -14.7091 -32.3094 -29.1464 -29.5302 -48.1942 -21.2345 -46.1648 7.9107 -45.1640 -27.5230 5.4004 -37.1309 15.3056 -48.6342 -29.2186 28.7387 -44.8507 -26.4590 14.0659 -39.6123 -20.3162 -38.9699 -31.2774 3.8704 -48.7318 -30.1621 27.4543 -44.5980 -26.5845 10.2795 -38.7494 -21.6424 -33.2427 -32.9321 9.7783 -48.6761
-3.3448 -32.8061 -31.1744 -22.0062 -38.9617 10.9341 -26.7051 -44.8537 28.3382 -30.1889 -48.7345 3.9125 -33.3148 -8.3362 -31.4447 -48.8075 5.2260 -40.2426 8.9936 -31.1014 -48.6997 5.3237 -41.4761 21.4012 -40.1445 33.8495 -45.6443 -23.7249 -0.1570 -45.9238 -16.5263 -46.9381 -14.2693 -46.1041 -12.0168 -46.4334 -15.8056 -47.6125 -19.1510 -48.1897 -18.7176 -46.9523 18.9118 -39.8810 14.4571 -32.2184 -48.6200 -4.5264 -41.2514 21.0275 -35.0277 -47.6777 -14.1276 -43.5448 -10.4354 -48.7635 -30.6950 6.8042 -38.5110 32.4643 -42.8534 -1.5122 -46.4787 -18.1983 -48.2851 -21.3365 -48.3490 -23.4748 -47.9940 -14.1270 -44.1242 35.7369 -42.1214 4.0662 -48.4135 -31.9338 8.8965 -37.9188 8.9847 -48.6592 -30.5097 28.1435 -44.6817 -26.4949 13.5443 -39.5562 -20.9202 -36.6212 -31.8695 4.0819 -48.7402 -30.1847 28.3382 -44.8537 -26.7051 10.9341 -38.9617 -22.0062 -31.1744 -32.8061 -3.3448
-34.1170 -28.9682 -22.3493 -39.1783 11.5890 -26.8231 -45.0960 29.1530 -30.2504 -48.7316 2.6491 -33.0087 -8.8389 -35.8474 -20.1824 -27.2524 -46.9397 34.1563 -38.0025 -11.6850 -27.6198 -47.4256 35.0499 -41.1469 29.8038 -43.0890 -11.0377 -48.7550 -31.6886 21.0391 -38.9578 27.9539 -39.4333 27.2195 -39.4678 28.7831 -40.2605 32.1686 -40.9662 33.3023 -40.6328 28.0888 -37.8811 9.7915 -31.8174 -48.0186 -14.8510 -42.4147 30.7726 -41.2654 17.7239 -23.5316 -44.1930 33.5212 -41.5985 -5.5705 -48.7892 -29.2868 -8.3911 -35.7794 17.1072 -38.4604 28.8430 -40.8418 35.5918 -42.9237 -8.7021 -48.7486 -23.4571 -46.9692 22.4736 -41.9459 35.4268 -46.5446 -26.5375 -19.1962 -37.3486 26.8040 -42.1227 -18.9571 -46.3865 -34.3467 29.6853 -44.8094 -27.1444 12.6487 -39.4648 -21.5058 -33.9342 -32.2954 2.9008 -48.7362 -30.2488 29.1530 -45.0960 -26.8231 11.5890 -39.1783 -22.3493 -28.9682 -34.1170
-29.4587 -22.6646 -39.3971 12.2432 -26.9403 -45.3284 29.9196 -30.3386 -48.7480 0.9845 -32.7934 -23.5075 -31.8992 8.1817 -35.6799 -42.1762 -17.7320 -42.4968 22.8440 -36.2822 -33.4978 -23.4098 -44.9801 34.5358 -42.6229 1.0622 -48.6508 -24.2678 -48.2909 -30.3746 -12.8662 -33.2433 -4.6524 -33.8326 -2.2328 -34.2518 2.9146 -34.6880 5.7497 -34.6883 3.3666 -33.3461 -23.7619 -28.5542 -49.0352 -11.8590 -42.3838 30.6814 -42.4642 -7.0796 -47.7197 -37.9887 20.7831 -38.0335 21.0731 -40.7733 14.2162 -47.8337 -25.0093 -44.5687 -31.2861 -7.9361 -34.7009 10.0843 -37.8186 29.9180 -44.2047 -30.1769 -20.2326 -27.4489 -47.2738 30.0925 -44.0317 -21.0128 -38.3461 -36.0452 23.9736 -42.6101 -12.2019 -48.7637 -31.2468 3.3557 -38.8018 34.3582 -47.5620 -30.7098 13.0945 -39.3975 -22.0298 -31.0435 -32.6381 1.0546 -48.7480 -30.3386 29.9196 -45.3284 -26.9403 12.2432 -39.3971 -22.6646 -29.4587
-21.3020 -39.6178 12.8927 -27.0584 -45.5544 30.6445 -30.4439 -48.7603 -1.0431 -32.9890 -28.2107 -22.8970 -38.7411 -37.9490 8.4507 -30.3991 -48.2834 8.8338 -41.2508 20.2972 -34.5909 -46.2760 -13.0618 -42.6463 35.7910 -47.5880 -28.1259 -39.3979 -25.0655 -48.0501 -21.8857 -48.7270 -24.1592 -48.7116 -26.0842 -48.6913 -25.3232 -48.7482 -25.2911 -49.0071 -24.2431 -49.0724 -19.5126 -46.3002 25.5166 -40.6353 22.9058 -39.8821 32.9952 -46.1048 -24.6860 -15.2912 -33.1346 -13.6557 -35.4019 15.8045 -39.8790 35.7241 -44.7019 -13.6440 -48.4080 -24.0665 -48.0288 -29.1150 -28.8480 -31.3165 -45.7646 28.2157 -37.7188 -11.8522 -24.3014 -44.9643 -8.3145 -48.5620 -33.3708 18.3326 -41.9612 -10.9983 -48.6904 -31.0245 0.3241 -38.2827 27.8788 -44.0742 -22.5749 -36.4771 -35.8824 19.3649 -39.4746 -22.4869 -28.0256 -32.9995 -1.0373 -48.7603 -30.4439 30.6445 -45.5544 -27.0584 12.8927 -39.6178 -21.3020
-40.3249 13.5377 -27.1763 -45.7779 31.3337 -30.5602 -48.7518 -3.1095 -33.3635 -24.9923 -22.8604 -39.8515 13.6819 26.5585 -37.4738 -38.3408 -25.1088 -47.9694 2.4995 -41.4228 14.9904 -31.1491 -48.2670 35.7011 -40.1454 -6.2517 22.7365 -34.4666 -46.3412 -14.0781 -43.1129 18.1301 -45.9850 -24.3590 -48.6424 -18.0468 -44.7240 10.7582 -43.5671 27.3456 -42.8526 35.2810 -40.9633 27.4480 -37.9529 11.9152 -36.4452 12.4523 -40.5103 35.5858 -46.9310 -22.0646 -48.9090 -26.4449 -42.6881 -32.9813 8.1940 -38.2564 25.3501 -41.0052 35.4974 -43.6587 -1.0807 -46.7067 -19.2564 -48.6972 -13.1848 -41.8701 20.6165 -35.5880 -47.2517 -13.4185 -46.6402 -28.3341 6.5637 -40.1599 11.4465 -48.8485 -30.8917 3.1474 -38.6731 25.5026 -41.8413 -10.1151 -47.1271 -34.7191 19.7386 -41.0551 20.6042 -39.7160 -22.8792 -24.9552 -33.3651 -3.1095 -48.7518 -30.5602 31.3337 -45.7779 -27.1763 13.5377 -40.3249
14.1038 -27.2327 -45.9951 31.9913 -30.6827 -48.7174 -5.0479 -33.7052 -21.9173 -23.2237 -40.0268 14.1597 -27.0051 -42.7934 8.9947 -30.6983 -42.7557 -27.5044 -48.7331 21.4724 -39.2946 -7.0174 -22.7341 -42.7190 18.4289 -30.0480 -44.4735 17.8877 -29.0217 -45.9538 35.4040 -41.4605 -15.6909 -12.7738 -30.5274 -48.7666 -1.4820 -40.8278 24.8888 -38.1561 15.0899 -35.9752 6.9331 -33.7658 -20.0978 -31.6624 -31.9782 -34.8130 13.1981 -40.3432 34.7799 -43.7616 12.1304 -46.1524 -19.9289 -48.4352 -30.0233 -14.6057 -35.0603 11.1305 -37.8710 21.3619 -39.5145 31.8494 -41.9365 35.5114 -41.5503 28.7188 -41.1809 16.6836 -25.4726 -46.1685 -19.0186 -39.1283 -36.9103 34.1503 -47.1757 -28.0417 -2.3195 -38.7729 29.2222 -42.7712 8.5741 -47.3958 -29.1185 12.5750 -41.9492 18.0418 -35.5529 16.7718 -40.0298 -23.2269 -21.9173 -33.7052 -5.0479 -48.7174 -30.6827 31.9913 -45.9951 -27.2327 14.1038
-25.9927 -46.2058 32.6005 -30.8078 -48.6532 -6.8057 -34.0273 -18.9435 -23.5446 -40.1859 14.7049 -27.2142 -46.1607 25.9286 -31.2711 -45.3853 -33.9670 -20.2986 -27.0196 -46.6525 29.2954 -34.2077 -49.2088 33.5271 -36.5556 -44.0742 -0.9007 -36.6768 -38.7181 -11.8544 -39.7054 17.0180 -32.4710 -38.6085 10.4152 -29.2915 -47.2676 34.3382 -38.1979 -0.0697 -31.9056 -43.6007 -26.9259 -48.7487 -23.6696 -48.7207 -27.7947 -37.3726 -34.8793 8.8411 -38.4300 22.2211 -40.1553 34.1141 -43.4518 -7.1513 -48.2296 -24.7200 -46.5585 -30.2362 -23.7807 -33.7091 3.4516 -36.1606 13.1863 -38.3580 21.7322 -41.9031 -17.7120 -31.9903 -43.3941 23.5717 -48.0478 -31.2376 15.9963 -42.8059 -19.9172 -36.0604 -36.8888 28.0951 -44.1331 -15.0888 -48.5350 -25.7720 -40.3779 -36.6981 25.4354 -48.6491 -38.2211 -26.9028 14.7157 -40.1859 -23.5446 -18.9435 -34.0273 -6.8057 -48.6532 -30.8078 32.6005 -46.2058 -25.9927
-46.2997 33.1409 -30.9341 -48.5549 -8.3711 -34.3334 -16.0605 -23.8327 -40.3776 15.1673 -27.3454 -46.0904 32.6436 -30.9842 -48.6855 -26.3077 19.7810 -36.3588 -38.8507 -16.9687 -40.8314 3.9494 -24.0664 -42.5495 12.6044 -27.4657 -44.0142 17.9491 -29.2693 -45.4098 25.0367 -35.3579 -35.3563 4.3979 -37.5426 -27.6341 -18.8924 -41.8543 13.2215 -32.3922 -48.6453 -18.7416 -45.4291 -1.2271 -45.3453 -20.8322 -47.8557 -31.8623 -21.2152 -34.1735 -10.1807 -35.1159 8.8725 -38.1531 23.6211 -41.0276 34.4717 -44.9507 -11.8948 -48.0403 -22.5026 -48.7577 -27.5264 -42.1097 -32.4479 1.6363 -38.4680 35.5277 -48.7550 -32.2480 25.9415 -42.5933 -20.9484 -24.1161 -38.0403 31.2383 -49.0299 -32.6185 17.7331 -42.5471 -17.9883 -46.0618 -31.4049 -21.4647 -32.3031 12.1457 -43.3796 -24.7455 24.0539 -46.1035 -27.3417 15.1672 -40.3776 -23.8327 -16.0605 -34.3334 -8.3711 -48.5549 -30.9341 33.1409 -46.2997
31.4272 -30.7765 -48.4194 -9.7644 -34.6266 -13.3427 -24.0978 -40.5810 15.7125 -27.4842 -46.3527 32.9047 -30.9427 -48.6090 -9.0212 -28.7558 -45.6880 21.0869 -31.6118 -48.2015 32.9684 -34.2352 -49.2417 34.8795 -35.1462 -48.2890 21.2010 -36.1240 -43.5226 -5.9276 -37.9852 -12.5896 -25.8361 -43.5026 17.7793 -30.9264 -47.9389 34.8430 -36.7918 -37.5200 -21.3456 -44.1487 35.5075 -42.4871 -13.4407 -48.4501 -31.9836 5.9293 -36.2008 -28.8468 -29.9195 -45.0644 -30.9982 -13.7137 -36.0452 14.0927 -39.1439 26.8995 -41.1823 35.7327 -43.4973 6.4059 -46.3538 -20.7481 -48.0441 -33.1684 15.7205 -42.5760 -21.0888 -23.1719 -38.1021 34.8081 -48.8020 -32.5323 19.9810 -43.8675 -24.4335 -5.0579 -38.9562 10.2888 -48.5638 -33.4249 15.0971 -39.3639 -26.5278 -33.5556 33.5941 -48.7962 -31.1813 32.8240 -46.3584 -27.4855 15.7124 -40.5810 -24.0978 -13.3427 -34.6266 -9.7644 -48.4194 -30.7765 31.4272
-30.7478 -48.2431 -11.0013 -34.9113 -10.8049 -24.3411 -40.7925 16.2891 -27.6214 -46.5743 33.5214 -31.0956 -48.4391 -8.8481 -34.4080 -27.7178 -9.3185 -37.9710 -21.4446 -19.1721 -40.5044 1.2325 -22.8009 -41.5044 7.1208 -24.8476 -42.5364 13.8515 -28.9144 -44.2342 20.4423 -31.6101 -48.4346 35.5868 -36.6237 -40.4835 -17.1210 -41.5157 12.1897 -30.4087 -47.9138 22.2828 -42.0298 6.6474 -48.4984 -30.7180 10.9532 -39.9153 33.1201 -28.4846 -49.1478 -20.6032 -48.5763 -27.9995 -27.9368 -36.4090 7.4921 -37.2700 12.8359 -38.4267 22.3119 -40.2086 35.9768 -45.0923 -23.3800 -30.6111 -37.3870 35.6214 -48.4971 -31.8263 16.9512 -42.9297 -22.5073 -14.1400 -38.4332 17.4643 -48.8516 -34.3966 26.4376 -45.6490 -27.7946 8.5933 -41.3930 35.1782 -25.1337 -43.8852 -34.2491 0.8143 -48.3305 -31.1508 33.5228 -46.5794 -27.6230 16.2890 -40.7925 -24.3411 -10.8049 -34.9113 -11.0013 -48.2431 -30.7478
-48.3177 -12.1171 -35.1856 -8.4519 -24.5667 -41.0095 16.8884 -27.7568 -46.7946 34.0148 -31.1512 -48.3621 -9.6319 -36.3764 -0.3600 -27.0686 -43.7002 19.7648 -31.3852 -47.4995 29.9976 -33.1691 -48.6666 33.5419 -33.8324 -49.1584 35.2377 -36.7882 -36.3068 -0.6505 -36.5215 -36.5654 -16.4619 -40.6585 7.9914 -28.9937 -47.7707 35.5893 -37.0350 -37.0891 -21.0760 -45.2061 -4.7988 -47.0396 -26.4063 -7.8377 -38.4698 1.4051 -43.6382 -38.9377 30.5749 -43.3894 -1.7788 -49.0448 -29.1215 19.6655 -37.9043 1.1062 -35.6502 -3.1437 -36.4884 16.8592 -40.9375 2.4667 -48.3966 -31.2175 14.3332 -42.3649 -20.4072 -27.9945 -37.6999 32.6075 -49.0626 -33.3012 22.4322 -44.2685 -25.9462 2.4732 -39.7902 -10.2053 -43.9838 -36.4684 35.3526 -48.8344 -36.9637 -21.5136 -16.2576 -35.1292 -11.2025 -48.2464 -31.2789 34.0003 -46.8004 -27.7583 16.8883 -41.0095 -24.5667 -8.4519 -35.1856 -12.1171 -48.3177
-14.2186 -35.4480 -6.3345 -24.7771 -41.2311 17.5034 -27.8925 -47.0046 34.3883 -31.3605 -48.1523 -12.9358 -39.4906 14.4931 -33.2255 -49.0741 28.2977 -37.5233 -34.0138 -15.2984 -38.9807 -14.0067 -19.1216 -39.7065 -4.9637 -21.3992 -41.4443 19.3364 -30.0491 -41.9201 12.5415 -27.4843 -45.8251 26.1617 -34.8512 -44.9393 -24.7662 -43.4449 15.2294 -30.8774 -48.7436 -23.1176 -48.7606 -26.2158 -44.4722 -34.8069 22.4718 -44.9015 -26.4732 8.1681 -38.1330 22.2172 -39.8195 31.0026 -23.8392 -46.2122 26.4833 -37.3070 -4.8944 -35.1076 -15.1364 -36.3419 31.6284 -47.7509 -24.0506 -34.6233 -37.1015 35.6276 -48.4791 -31.7954 17.7902 -43.3487 -23.7226 -6.5556 -38.7624 4.1249 -48.0544 -35.0147 28.7637 -45.9367 -28.4655 11.2157 -42.1432 -21.2558 13.0445 -39.9468 -24.3264 -5.3717 -35.4767 -12.2572 -47.9357 -31.4330 34.3762 -47.0089 -27.8928 17.5034 -41.2311 -24.7771 -6.3345 -35.4480 -14.2186
-36.6706 -4.4484 -24.9701 -41.4567 18.1333 -28.0260 -47.2079 34.6314 -31.6049 -47.2190 -20.4096 -43.3287 31.2974 -38.4567 -16.4308 -23.3716 -43.4314 16.2497 -29.4097 -45.5769 23.0488 -30.7643 -46.4583 25.6491 -31.8408 -47.6328 35.3728 -41.5134 -11.1320 -17.6443 -29.0741 -48.8284 33.7250 -38.1510 -9.2972 -33.4400 -15.5606 30.7119 -35.3746 -39.7529 -29.0316 -29.7535 -32.6333 -18.2207 -33.8393 -0.3422 -38.5778 35.4670 -48.4118 -28.4123 -20.7881 -33.8380 1.8540 -32.7863 -48.2698 4.6617 -40.3003 14.3953 -37.6037 11.0627 -33.0326 -39.2634 -26.6943 -25.7070 -47.6333 -31.9071 13.6245 -42.2692 -20.5144 -25.6718 -37.8425 28.4764 -49.1168 -33.9353 24.9660 -44.9053 -27.1032 5.9541 -40.3122 -11.0968 -45.3780 -35.7794 33.3737 -47.4205 -30.8558 17.3327 -41.4266 -25.3968 -6.5883 -35.4187 -13.0264 -47.6856 -31.5048 34.6289 -47.2087 -28.0253 18.1333 -41.4567 -24.9701 -4.4484 -36.6706
-4.5163 -25.1530 -41.6842 18.7774 -28.1570 -47.4009 34.7332 -31.6564 -46.8626 -27.8909 -48.7310 -13.9863 -42.6281 18.4795 -33.1381 -49.1028 34.2933 -36.0910 -45.6600 2.4943 -36.1273 -41.7110 -7.0231 -37.0346 -33.4646 -15.5505 -41.0841 29.9534 -44.1357 -18.0495 -47.5355 26.6368 -39.7367 7.8170 -34.6299 10.0342 -42.8211 -23.8697 -43.7877 -27.6352 -35.5477 -36.4805 20.2955 -38.2309 12.5960 -37.2562 13.4862 -40.1057 29.8220 -47.3803 -22.1287 -48.7915 -25.3737 -48.8399 -14.2421 -42.4031 25.6148 -39.7322 30.7153 -42.0096 -36.8566 -23.9715 -48.0043 14.1264 -31.7119 -30.0172 -37.0215 35.5644 -48.4666 -31.8914 18.6713 -43.6233 -24.5869 -1.3949 -39.3485 -5.8955 -46.5569 -35.6446 31.3341 -46.5700 -28.8176 8.9414 -40.6827 -13.9116 -44.4784 -35.8082 32.0107 -45.8936 -29.6724 5.6559 -37.1356 -13.4141 -47.5694 -31.5424 34.7352 -47.4010 -28.1563 18.7774 -41.6842 -25.1530 -4.5163
-23.3679 -41.9128 19.4305 -28.2884 -47.5827 34.6741 -31.7232 -47.1729 -25.4208 5.2454 -32.7397 -48.9105 20.9590 -38.5134 -16.8958 -21.0465 -41.5735 8.2783 -25.4171 -42.4923 12.6080 -26.7181 -43.3839 16.2688 -29.2277 -45.6968 30.1802 -39.8516 28.4488 -42.5409 33.5451 -39.6506 10.9905 -33.1992 -34.2821 -35.8194 30.9236 -46.8116 -16.0783 -48.5196 -24.3709 13.6035 -44.7462 34.1068 -40.8976 22.6150 -39.0541 19.4739 -40.6836 35.8323 -43.7010 5.1276 -44.6256 8.5878 -42.3870 33.7477 -41.2802 35.4923 -46.4162 -25.7606 27.2193 -41.6792 29.5154 -34.7660 -41.2455 -32.0759 12.3537 -42.0011 -20.1712 -25.8091 -37.8133 25.1434 -49.0437 -34.3372 27.2473 -45.7154 -28.2214 9.2977 -41.1036 -15.1867 -42.3534 -36.4010 33.2014 -47.0243 -29.5069 10.9349 -41.2375 -16.0766 -43.3078 -35.9729 22.1735 -40.7570 -15.8469 -47.3439 -31.6515 34.6773 -47.5832 -28.2884 19.4305 -41.9128 -23.3679
-42.3914 20.0915 -28.4180 -47.7564 34.4313 -31.8556 -46.4577 -15.1068 -38.3757 -38.7087 6.5044 -26.3852 -44.5247 19.2162 -30.8061 -47.2909 30.0742 -32.9255 -48.8761 34.6843 -33.8844 -49.2209 33.9087 -35.6782 -45.7939 -5.1446 -39.4548 13.2561 -37.9805 15.1556 -37.3964 4.7392 -31.8144 -47.3212 -28.2106 -17.6798 -37.6430 29.6314 -41.7945 34.0951 -45.0316 -0.7354 -27.4061 -48.3205 -12.8577 -43.2792 28.5646 -40.3691 28.5182 -43.4310 33.0172 -43.7304 11.9798 -42.1613 -4.7506 -43.6897 29.8922 -45.0438 -19.5838 -46.1108 -33.4166 4.7179 -32.9356 -41.9137 -27.1251 -40.6993 -36.3963 35.1012 -48.2359 -31.6342 18.6096 -43.6662 -24.9459 1.1204 -39.7860 -10.9511 -44.2201 -36.2287 34.2064 -47.5811 -30.1603 12.5595 -41.7585 -17.9913 -36.7281 -37.0600 35.4235 -48.6878 -31.7813 14.4595 -41.7583 32.7130 -44.4048 -16.5965 -46.8142 -31.8084 34.4323 -47.7564 -28.4180 20.0915 -42.3914
20.8795 -28.4199 -47.9185 33.9792 -31.9584 -45.9631 -16.4401 -36.3842 7.3701 27.3472 -36.0652 -48.5796 27.7075 -35.9167 -43.8154 -6.9921 -37.2032 -30.3603 -16.3901 -38.7092 -11.0919 -21.0221 -41.0259 8.0985 -26.9666 -44.5658 24.0985 -36.4971 -10.9195 -33.0528 -30.8013 -28.8755 -48.7620 -18.3275 -47.9518 -27.4010 -17.9657 -35.4537 13.0730 -37.7104 16.9938 -33.2851 -29.4043 -62.4443 -10.6632 -15.1093 29.8769 -37.5978 10.7113 -71.8413 -26.1301 60.6599 -33.7074 39.3167 -30.7244 25.0577 20.2619 20.1470 -92.8747 -30.3726 -45.7510 -27.3770 -48.7575 -20.4471 -47.9058 -29.1189 10.2192 -41.4952 -19.0429 -29.5590 -37.5730 25.5093 -49.0333 -34.4463 28.6111 -46.2793 -29.0638 11.9426 -41.8743 -18.8186 -34.5448 -37.2707 35.6530 -48.3941 -31.5588 17.5464 -43.3134 -23.9294 -5.8704 -39.4091 34.3209 -47.5418 -18.4596 -41.2417 -16.2373 -46.0484 -31.9458 33.9777 -47.9185 -28.4199 20.8795
-27.5453 -48.0684 33.2990 -32.0619 -45.3674 -17.0240 -36.6308 1.2513 -25.6598 -41.2529 2.4626 -21.7864 -40.2161 5.4954 -28.7555 -42.9205 13.6341 -27.3154 -44.1674 18.8471 -30.2453 -46.8131 30.2200 -34.7507 -48.5186 12.1522 -38.6557 -3.0420 -30.1565 -48.5111 -22.5379 -47.6773 -0.2155 -43.0427 23.6978 -47.2115 -24.2303 -45.6424 -30.1336 -31.0492 -30.0392 -48.0460 -27.0226 29.1653 37.2755 -78.0507 -27.4716 -43.1561 -66.3123 -124.0677 19.1656 -2.2093 -51.5961 -80.0986 -106.0987 -10.5175 26.7354 -114.8833 -59.0653 -5.8612 -30.1155 -48.5995 -14.6958 -43.8659 -15.7307 -45.8647 -35.7523 33.7275 -47.7551 -31.0461 17.5658 -43.4637 -24.7696 1.3603 -39.9159 -12.9882 -41.9758 -36.6166 35.5707 -48.4191 -31.5938 16.5903 -42.9107 -21.9478 -19.0193 -38.0694 18.6933 -48.7700 -34.6751 28.1933 -45.9749 -25.4586 -37.3107 1.3274 -34.9032 -16.9410 -45.3803 -32.0587 33.2949 -48.0684 -27.5453
