0.2416 1.0000 1.0000 0.0004 0.0057 0.0715 0.9058 1.0000 0.0001 0.0015 0.0192 0.2420 1.0000 1.0000 0.0004 0.0049 0.0597 0.7155 1.0000 0.0001 0.0008 0.0068 0.0459 0.1725 0.2509 0.2562 0.2567 0.2567 0.2567 0.2567 0.2567 0.2567 0.2567 0.2567 0.2567 0.2567 0.2567 0.2567 0.2567 0.2567 0.2567 0.2567 0.2567 0.2567 0.2567 0.2567 0.2567 0.2567 0.2567 0.2567 0.2567 0.2567 0.2567 0.2567 0.2567 0.2567 0.2567 0.2567 0.2567 0.2567 0.2567 0.2567 0.2567 0.2567 0.2567 0.2567 0.2567 0.2567 0.2567 0.2567 0.2567 0.2567 0.2567 0.2567 0.2567 0.2562 0.2509 0.1725 0.0459 0.0068 0.0008 0.0001 1.0000 0.7155 0.0597 0.0049 0.0004 1.0000 1.0000 0.2420 0.0192 0.0015 0.0001 1.0000 0.9058 0.0715 0.0057 0.0004 1.0000 1.0000 0.2416
1.0000 1.0000 0.0005 0.0057 0.0714 0.9007 1.0000 0.0001 0.0015 0.0190 0.2406 1.0000 1.0000 0.0004 0.0050 0.0613 0.7490 1.0000 0.0001 0.0009 0.0096 0.0863 0.6018 1.0000 1.0000 1.0000 1.0000 1.0000 1.0000 1.0000 1.0000 1.0000 1.0000 1.0000 1.0000 1.0000 1.0000 1.0000 1.0000 1.0000 1.0000 1.0000 1.0000 1.0000 1.0000 1.0000 1.0000 1.0000 1.0000 1.0000 1.0000 1.0000 1.0000 1.0000 1.0000 1.0000 1.0000 1.0000 1.0000 1.0000 1.0000 1.0000 1.0000 1.0000 1.0000 1.0000 1.0000 1.0000 1.0000 1.0000 1.0000 1.0000 1.0000 1.0000 1.0000 1.0000 1.0000 1.0000 0.6018 0.0863 0.0096 0.0009 0.0001 1.0000 0.7490 0.0613 0.0050 0.0004 1.0000 1.0000 0.2406 0.0190 0.0015 0.0001 1.0000 0.9007 0.0714 0.0057 0.0005 1.0000 1.0000
1.0000 0.0005 0.0055 0.0679 0.8459 1.0000 0.0001 0.0014 0.0176 0.2217 1.0000 1.0000 0.0004 0.0046 0.0577 0.7142 1.0000 0.0001 0.0010 0.0110 0.1131 1.0000 1.0000 1.0000 1.0000 1.0000 1.0000 1.0000 1.0000 1.0000 1.0000 1.0000 1.0000 1.0000 1.0000 1.0000 1.0000 1.0000 1.0000 1.0000 1.0000 1.0000 1.0000 1.0000 1.0000 1.0000 1.0000 1.0000 1.0000 1.0000 1.0000 1.0000 1.0000 1.0000 1.0000 1.0000 1.0000 1.0000 1.0000 1.0000 1.0000 1.0000 1.0000 1.0000 1.0000 1.0000 1.0000 1.0000 1.0000 1.0000 1.0000 1.0000 1.0000 1.0000 1.0000 1.0000 1.0000 1.0000 1.0000 1.0000 0.1131 0.0110 0.0010 0.0001 1.0000 0.7142 0.0577 0.0046 0.0004 1.0000 1.0000 0.2217 0.0176 0.0014 0.0001 1.0000 0.8459 0.0679 0.0055 0.0005 1.0000
0.0004 0.0057 0.0679 0.8252 1.0000 0.0001 0.0013 0.0164 0.2059 1.0000 1.0000 0.0003 0.0043 0.0538 0.6720 1.0000 0.0001 0.0010 0.0116 0.1287 1.0000 1.0000 0.0001 0.0003 0.0005 0.0005 0.0005 0.0005 0.0005 0.0005 0.0005 0.0005 0.0005 0.0005 0.0005 0.0005 0.0005 0.0005 0.0005 0.0005 0.0005 0.0005 0.0005 0.0005 0.0005 0.0005 0.0005 0.0005 0.0005 0.0005 0.0005 0.0005 0.0005 0.0005 0.0005 0.0005 0.0005 0.0005 0.0005 0.0005 0.0005 0.0005 0.0005 0.0005 0.0005 0.0005 0.0005 0.0005 0.0005 0.0005 0.0005 0.0005 0.0005 0.0005 0.0005 0.0005 0.0005 0.0003 0.0001 1.0000 1.0000 0.1287 0.0116 0.0010 0.0001 1.0000 0.6720 0.0538 0.0043 0.0003 1.0000 1.0000 0.2059 0.0164 0.0013 0.0001 1.0000 0.8252 0.0679 0.0057 0.0004
0.0057 0.0714 0.8459 1.0000 0.0001 0.0013 0.0156 0.1937 1.0000 1.0000 0.0003 0.0040 0.0500 0.6275 1.0000 0.0001 0.0010 0.0117 0.1355 1.0000 1.0000 0.0001 0.0008 0.0036 0.0065 0.0068 0.0069 0.0069 0.0069 0.0069 0.0069 0.0069 0.0069 0.0069 0.0069 0.0069 0.0069 0.0069 0.0069 0.0069 0.0069 0.0069 0.0069 0.0069 0.0069 0.0069 0.0069 0.0069 0.0069 0.0069 0.0069 0.0069 0.0069 0.0069 0.0069 0.0069 0.0069 0.0069 0.0069 0.0069 0.0069 0.0069 0.0069 0.0069 0.0069 0.0069 0.0069 0.0069 0.0069 0.0069 0.0069 0.0069 0.0069 0.0069 0.0069 0.0068 0.0065 0.0036 0.0008 0.0001 1.0000 1.0000 0.1355 0.0117 0.0010 0.0001 1.0000 0.6275 0.0500 0.0040 0.0003 1.0000 1.0000 0.1937 0.0156 0.0013 0.0001 1.0000 0.8459 0.0714 0.0057
0.0715 0.9007 1.0000 0.0001 0.0013 0.0153 0.1872 1.0000 1.0000 0.0003 0.0037 0.0467 0.5860 1.0000 0.0001 0.0009 0.0114 0.1360 1.0000 1.0000 0.0001 0.0013 0.0098 0.0464 0.0932 0.0999 0.0999 0.0999 0.0999 0.0999 0.0999 0.0999 0.0999 0.0999 0.0999 0.0999 0.0999 0.0999 0.0999 0.0999 0.0999 0.0999 0.0999 0.0999 0.0999 0.0999 0.0999 0.0999 0.0999 0.0999 0.0999 0.0999 0.0999 0.0999 0.0999 0.0999 0.0999 0.0999 0.0999 0.0999 0.0999 0.0999 0.0999 0.0999 0.0999 0.0999 0.0999 0.0999 0.0999 0.0999 0.0999 0.0999 0.0999 0.0999 0.0999 0.0999 0.0932 0.0464 0.0098 0.0013 0.0001 1.0000 1.0000 0.1360 0.0114 0.0009 0.0001 1.0000 0.5860 0.0467 0.0037 0.0003 1.0000 1.0000 0.1872 0.0153 0.0013 0.0001 1.0000 0.9007 0.0715
0.9058 1.0000 0.0001 0.0013 0.0156 0.1872 1.0000 1.0000 0.0003 0.0035 0.0440 0.5504 1.0000 0.0001 0.0009 0.0109 0.1327 1.0000 1.0000 0.0002 0.0017 0.0159 0.1195 0.6007 1.0000 1.0000 1.0000 1.0000 1.0000 1.0000 1.0000 1.0000 1.0000 1.0000 1.0000 1.0000 1.0000 1.0000 1.0000 1.0000 1.0000 1.0000 1.0000 1.0000 1.0000 1.0000 1.0000 1.0000 1.0000 1.0000 1.0000 1.0000 1.0000 1.0000 1.0000 1.0000 1.0000 1.0000 1.0000 1.0000 1.0000 1.0000 1.0000 1.0000 1.0000 1.0000 1.0000 1.0000 1.0000 1.0000 1.0000 1.0000 1.0000 1.0000 1.0000 1.0000 1.0000 0.6007 0.1195 0.0159 0.0017 0.0002 1.0000 1.0000 0.1327 0.0109 0.0009 0.0001 1.0000 0.5504 0.0440 0.0035 0.0003 1.0000 1.0000 0.1872 0.0156 0.0013 0.0001 1.0000 0.9058
1.0000 0.0001 0.0014 0.0164 0.1937 1.0000 1.0000 0.0003 0.0034 0.0423 0.5238 1.0000 0.0001 0.0008 0.0103 0.1275 1.0000 1.0000 0.0002 0.0020 0.0203 0.1894 1.0000 1.0000 1.0000 1.0000 1.0000 1.0000 1.0000 1.0000 1.0000 1.0000 1.0000 1.0000 1.0000 1.0000 1.0000 1.0000 1.0000 1.0000 1.0000 1.0000 1.0000 1.0000 1.0000 1.0000 1.0000 1.0000 1.0000 1.0000 1.0000 1.0000 1.0000 1.0000 1.0000 1.0000 1.0000 1.0000 1.0000 1.0000 1.0000 1.0000 1.0000 1.0000 1.0000 1.0000 1.0000 1.0000 1.0000 1.0000 1.0000 1.0000 1.0000 1.0000 1.0000 1.0000 1.0000 1.0000 1.0000 0.1894 0.0203 0.0020 0.0002 1.0000 1.0000 0.1275 0.0103 0.0008 0.0001 1.0000 0.5238 0.0423 0.0034 0.0003 1.0000 1.0000 0.1937 0.0164 0.0014 0.0001 1.0000
0.0001 0.0015 0.0176 0.2059 1.0000 1.0000 0.0003 0.0034 0.0418 0.5101 1.0000 0.0001 0.0008 0.0098 0.1218 1.0000 1.0000 0.0002 0.0021 0.0230 0.2402 1.0000 1.0000 0.0001 0.0002 0.0002 0.0002 0.0002 0.0002 0.0002 0.0002 0.0002 0.0002 0.0002 0.0002 0.0002 0.0002 0.0002 0.0002 0.0002 0.0002 0.0002 0.0002 0.0002 0.0002 0.0002 0.0002 0.0002 0.0002 0.0002 0.0002 0.0002 0.0002 0.0002 0.0002 0.0002 0.0002 0.0002 0.0002 0.0002 0.0002 0.0002 0.0002 0.0002 0.0002 0.0002 0.0002 0.0002 0.0002 0.0002 0.0002 0.0002 0.0002 0.0002 0.0002 0.0002 0.0002 0.0001 1.0000 1.0000 0.2402 0.0230 0.0021 0.0002 1.0000 1.0000 0.1218 0.0098 0.0008 0.0001 1.0000 0.5101 0.0418 0.0034 0.0003 1.0000 1.0000 0.2059 0.0176 0.0015 0.0001
0.0015 0.0190 0.2217 1.0000 1.0000 0.0003 0.0035 0.0423 0.5101 1.0000 0.0001 0.0008 0.0095 0.1168 1.0000 1.0000 0.0002 0.0021 0.0243 0.2713 1.0000 1.0000 0.0002 0.0009 0.0021 0.0025 0.0025 0.0025 0.0025 0.0025 0.0025 0.0025 0.0025 0.0025 0.0025 0.0025 0.0025 0.0025 0.0025 0.0025 0.0025 0.0025 0.0025 0.0025 0.0025 0.0025 0.0025 0.0025 0.0025 0.0025 0.0025 0.0025 0.0025 0.0025 0.0025 0.0025 0.0025 0.0025 0.0025 0.0025 0.0025 0.0025 0.0025 0.0025 0.0025 0.0025 0.0025 0.0025 0.0025 0.0025 0.0025 0.0025 0.0025 0.0025 0.0025 0.0025 0.0021 0.0009 0.0002 1.0000 1.0000 0.2713 0.0243 0.0021 0.0002 1.0000 1.0000 0.1168 0.0095 0.0008 0.0001 1.0000 0.5101 0.0423 0.0035 0.0003 1.0000 1.0000 0.2217 0.0190 0.0015
0.0192 0.2406 1.0000 1.0000 0.0003 0.0037 0.0440 0.5238 1.0000 0.0001 0.0008 0.0093 0.1133 1.0000 1.0000 0.0002 0.0021 0.0247 0.2861 1.0000 1.0000 0.0003 0.0020 0.0111 0.0300 0.0358 0.0360 0.0360 0.0360 0.0360 0.0360 0.0360 0.0360 0.0360 0.0360 0.0360 0.0360 0.0360 0.0360 0.0360 0.0360 0.0360 0.0360 0.0360 0.0360 0.0360 0.0360 0.0360 0.0360 0.0360 0.0360 0.0360 0.0360 0.0360 0.0360 0.0360 0.0360 0.0360 0.0360 0.0360 0.0360 0.0360 0.0360 0.0360 0.0360 0.0360 0.0360 0.0360 0.0360 0.0360 0.0360 0.0360 0.0360 0.0360 0.0360 0.0358 0.0300 0.0111 0.0020 0.0003 1.0000 1.0000 0.2861 0.0247 0.0021 0.0002 1.0000 1.0000 0.1133 0.0093 0.0008 0.0001 1.0000 0.5238 0.0440 0.0037 0.0003 1.0000 1.0000 0.2406 0.0192
0.2420 1.0000 1.0000 0.0003 0.0040 0.0467 0.5504 1.0000 0.0001 0.0008 0.0093 0.1122 1.0000 1.0000 0.0002 0.0020 0.0245 0.2916 1.0000 1.0000 0.0003 0.0030 0.0242 0.1413 0.4153 0.5198 0.5238 0.5238 0.5238 0.5238 0.5238 0.5238 0.5238 0.5238 0.5238 0.5238 0.5238 0.5238 0.5238 0.5238 0.5238 0.5238 0.5238 0.5238 0.5238 0.5238 0.5238 0.5238 0.5238 0.5238 0.5238 0.5238 0.5238 0.5238 0.5238 0.5238 0.5238 0.5238 0.5238 0.5238 0.5238 0.5238 0.5238 0.5238 0.5238 0.5238 0.5238 0.5238 0.5238 0.5238 0.5238 0.5238 0.5238 0.5238 0.5238 0.5198 0.4153 0.1413 0.0242 0.0030 0.0003 1.0000 1.0000 0.2916 0.0245 0.0020 0.0002 1.0000 1.0000 0.1122 0.0093 0.0008 0.0001 1.0000 0.5504 0.0467 0.0040 0.0003 1.0000 1.0000 0.2420
1.0000 1.0000 0.0004 0.0043 0.0500 0.5860 1.0000 0.0001 0.0008 0.0095 0.1133 1.0000 1.0000 0.0002 0.0020 0.0242 0.2910 1.0000 1.0000 0.0004 0.0038 0.0361 0.2955 1.0000 1.0000 1.0000 1.0000 1.0000 1.0000 1.0000 1.0000 1.0000 1.0000 1.0000 1.0000 1.0000 1.0000 1.0000 1.0000 1.0000 1.0000 1.0000 1.0000 1.0000 1.0000 1.0000 1.0000 1.0000 1.0000 1.0000 1.0000 1.0000 1.0000 1.0000 1.0000 1.0000 1.0000 1.0000 1.0000 1.0000 1.0000 1.0000 1.0000 1.0000 1.0000 1.0000 1.0000 1.0000 1.0000 1.0000 1.0000 1.0000 1.0000 1.0000 1.0000 1.0000 1.0000 1.0000 0.2955 0.0361 0.0038 0.0004 1.0000 1.0000 0.2910 0.0242 0.0020 0.0002 1.0000 1.0000 0.1133 0.0095 0.0008 0.0001 1.0000 0.5860 0.0500 0.0043 0.0004 1.0000 1.0000
1.0000 0.0004 0.0046 0.0538 0.6275 1.0000 0.0001 0.0008 0.0098 0.1168 1.0000 1.0000 0.0002 0.0020 0.0241 0.2894 1.0000 1.0000 0.0004 0.0043 0.0450 0.4331 1.0000 1.0000 0.0000 0.0001 0.0001 0.0001 0.0001 0.0001 0.0001 0.0001 0.0001 0.0001 0.0001 0.0001 0.0001 0.0001 0.0001 0.0001 0.0001 0.0001 0.0001 0.0001 0.0001 0.0001 0.0001 0.0001 0.0001 0.0001 0.0001 0.0001 0.0001 0.0001 0.0001 0.0001 0.0001 0.0001 0.0001 0.0001 0.0001 0.0001 0.0001 0.0001 0.0001 0.0001 0.0001 0.0001 0.0001 0.0001 0.0001 0.0001 0.0001 0.0001 0.0001 0.0001 0.0000 1.0000 1.0000 0.4331 0.0450 0.0043 0.0004 1.0000 1.0000 0.2894 0.0241 0.0020 0.0002 1.0000 1.0000 0.1168 0.0098 0.0008 0.0001 1.0000 0.6275 0.0538 0.0046 0.0004 1.0000
0.0004 0.0050 0.0577 0.6720 1.0000 0.0001 0.0009 0.0103 0.1218 1.0000 1.0000 0.0002 0.0020 0.0241 0.2888 1.0000 1.0000 0.0004 0.0046 0.0508 0.5349 1.0000 1.0000 0.0002 0.0006 0.0009 0.0009 0.0009 0.0009 0.0009 0.0009 0.0009 0.0009 0.0009 0.0009 0.0009 0.0009 0.0009 0.0009 0.0009 0.0009 0.0009 0.0009 0.0009 0.0009 0.0009 0.0009 0.0009 0.0009 0.0009 0.0009 0.0009 0.0009 0.0009 0.0009 0.0009 0.0009 0.0009 0.0009 0.0009 0.0009 0.0009 0.0009 0.0009 0.0009 0.0009 0.0009 0.0009 0.0009 0.0009 0.0009 0.0009 0.0009 0.0009 0.0009 0.0009 0.0006 0.0002 1.0000 1.0000 0.5349 0.0508 0.0046 0.0004 1.0000 1.0000 0.2888 0.0241 0.0020 0.0002 1.0000 1.0000 0.1218 0.0103 0.0009 0.0001 1.0000 0.6720 0.0577 0.0050 0.0004
0.0049 0.0613 0.7142 1.0000 0.0001 0.0009 0.0109 0.1275 1.0000 1.0000 0.0002 0.0020 0.0242 0.2894 1.0000 1.0000 0.0004 0.0047 0.0540 0.5995 1.0000 1.0000 0.0004 0.0025 0.0086 0.0121 0.0123 0.0123 0.0123 0.0123 0.0123 0.0123 0.0123 0.0123 0.0123 0.0123 0.0123 0.0123 0.0123 0.0123 0.0123 0.0123 0.0123 0.0123 0.0123 0.0123 0.0123 0.0123 0.0123 0.0123 0.0123 0.0123 0.0123 0.0123 0.0123 0.0123 0.0123 0.0123 0.0123 0.0123 0.0123 0.0123 0.0123 0.0123 0.0123 0.0123 0.0123 0.0123 0.0123 0.0123 0.0123 0.0123 0.0123 0.0123 0.0123 0.0121 0.0086 0.0025 0.0004 1.0000 1.0000 0.5995 0.0540 0.0047 0.0004 1.0000 1.0000 0.2894 0.0242 0.0020 0.0002 1.0000 1.0000 0.1275 0.0109 0.0009 0.0001 1.0000 0.7142 0.0613 0.0049
0.0597 0.7490 1.0000 0.0001 0.0010 0.0114 0.1327 1.0000 1.0000 0.0002 0.0021 0.0245 0.2910 1.0000 1.0000 0.0004 0.0047 0.0554 0.6347 1.0000 0.0001 0.0006 0.0048 0.0310 0.1142 0.1702 0.1738 0.1738 0.1738 0.1738 0.1738 0.1738 0.1738 0.1738 0.1738 0.1738 0.1738 0.1738 0.1738 0.1738 0.1738 0.1738 0.1738 0.1738 0.1738 0.1738 0.1738 0.1738 0.1738 0.1738 0.1738 0.1738 0.1738 0.1738 0.1738 0.1738 0.1738 0.1738 0.1738 0.1738 0.1738 0.1738 0.1738 0.1738 0.1738 0.1738 0.1738 0.1738 0.1738 0.1738 0.1738 0.1738 0.1738 0.1738 0.1738 0.1702 0.1142 0.0310 0.0048 0.0006 0.0001 1.0000 0.6347 0.0554 0.0047 0.0004 1.0000 1.0000 0.2910 0.0245 0.0021 0.0002 1.0000 1.0000 0.1327 0.0114 0.0010 0.0001 1.0000 0.7490 0.0597
0.7155 1.0000 0.0001 0.0010 0.0117 0.1360 1.0000 1.0000 0.0002 0.0021 0.0247 0.2916 1.0000 1.0000 0.0004 0.0047 0.0554 0.6457 1.0000 0.0001 0.0007 0.0067 0.0570 0.3770 1.0000 1.0000 1.0000 1.0000 1.0000 1.0000 1.0000 1.0000 1.0000 1.0000 1.0000 1.0000 1.0000 1.0000 1.0000 1.0000 1.0000 1.0000 1.0000 1.0000 1.0000 1.0000 1.0000 1.0000 1.0000 1.0000 1.0000 1.0000 1.0000 1.0000 1.0000 1.0000 1.0000 1.0000 1.0000 1.0000 1.0000 1.0000 1.0000 1.0000 1.0000 1.0000 1.0000 1.0000 1.0000 1.0000 1.0000 1.0000 1.0000 1.0000 1.0000 1.0000 1.0000 0.3770 0.0570 0.0067 0.0007 0.0001 1.0000 0.6457 0.0554 0.0047 0.0004 1.0000 1.0000 0.2916 0.0247 0.0021 0.0002 1.0000 1.0000 0.1360 0.0117 0.0010 0.0001 1.0000 0.7155
1.0000 0.0001 0.0010 0.0116 0.1355 1.0000 1.0000 0.0002 0.0021 0.0243 0.2861 1.0000 1.0000 0.0004 0.0046 0.0540 0.6347 1.0000 0.0001 0.0008 0.0079 0.0772 0.6619 1.0000 1.0000 1.0000 1.0000 1.0000 1.0000 1.0000 1.0000 1.0000 1.0000 1.0000 1.0000 1.0000 1.0000 1.0000 1.0000 1.0000 1.0000 1.0000 1.0000 1.0000 1.0000 1.0000 1.0000 1.0000 1.0000 1.0000 1.0000 1.0000 1.0000 1.0000 1.0000 1.0000 1.0000 1.0000 1.0000 1.0000 1.0000 1.0000 1.0000 1.0000 1.0000 1.0000 1.0000 1.0000 1.0000 1.0000 1.0000 1.0000 1.0000 1.0000 1.0000 1.0000 1.0000 1.0000 0.6619 0.0772 0.0079 0.0008 0.0001 1.0000 0.6347 0.0540 0.0046 0.0004 1.0000 1.0000 0.2861 0.0243 0.0021 0.0002 1.0000 1.0000 0.1355 0.0116 0.0010 0.0001 1.0000
0.0001 0.0009 0.0110 0.1287 1.0000 1.0000 0.0002 0.0020 0.0230 0.2713 1.0000 1.0000 0.0004 0.0043 0.0508 0.5995 1.0000 0.0001 0.0008 0.0083 0.0878 0.8605 1.0000 1.0000 0.0001 0.0002 0.0002 0.0002 0.0002 0.0002 0.0002 0.0002 0.0002 0.0002 0.0002 0.0002 0.0002 0.0002 0.0002 0.0002 0.0002 0.0002 0.0002 0.0002 0.0002 0.0002 0.0002 0.0002 0.0002 0.0002 0.0002 0.0002 0.0002 0.0002 0.0002 0.0002 0.0002 0.0002 0.0002 0.0002 0.0002 0.0002 0.0002 0.0002 0.0002 0.0002 0.0002 0.0002 0.0002 0.0002 0.0002 0.0002 0.0002 0.0002 0.0002 0.0002 0.0001 1.0000 1.0000 0.8605 0.0878 0.0083 0.0008 0.0001 1.0000 0.5995 0.0508 0.0043 0.0004 1.0000 1.0000 0.2713 0.0230 0.0020 0.0002 1.0000 1.0000 0.1287 0.0110 0.0009 0.0001
0.0008 0.0096 0.1131 1.0000 1.0000 0.0001 0.0017 0.0203 0.2402 1.0000 1.0000 0.0003 0.0038 0.0450 0.5349 1.0000 0.0001 0.0007 0.0079 0.0878 0.9303 1.0000 0.0001 0.0004 0.0016 0.0026 0.0027 0.0027 0.0027 0.0027 0.0027 0.0027 0.0027 0.0027 0.0027 0.0027 0.0027 0.0027 0.0027 0.0027 0.0027 0.0027 0.0027 0.0027 0.0027 0.0027 0.0027 0.0027 0.0027 0.0027 0.0027 0.0027 0.0027 0.0027 0.0027 0.0027 0.0027 0.0027 0.0027 0.0027 0.0027 0.0027 0.0027 0.0027 0.0027 0.0027 0.0027 0.0027 0.0027 0.0027 0.0027 0.0027 0.0027 0.0027 0.0027 0.0026 0.0016 0.0004 0.0001 1.0000 0.9303 0.0878 0.0079 0.0007 0.0001 1.0000 0.5349 0.0450 0.0038 0.0003 1.0000 1.0000 0.2402 0.0203 0.0017 0.0001 1.0000 1.0000 0.1131 0.0096 0.0008
0.0068 0.0863 1.0000 1.0000 0.0001 0.0013 0.0159 0.1894 1.0000 1.0000 0.0003 0.0030 0.0361 0.4331 1.0000 1.0000 0.0006 0.0067 0.0772 0.8605 1.0000 0.0001 0.0006 0.0039 0.0163 0.0277 0.0288 0.0289 0.0289 0.0289 0.0289 0.0289 0.0289 0.0289 0.0289 0.0289 0.0289 0.0289 0.0289 0.0289 0.0289 0.0289 0.0289 0.0289 0.0289 0.0289 0.0289 0.0289 0.0289 0.0289 0.0289 0.0289 0.0289 0.0289 0.0289 0.0289 0.0289 0.0289 0.0289 0.0289 0.0289 0.0289 0.0289 0.0289 0.0289 0.0289 0.0289 0.0289 0.0289 0.0289 0.0289 0.0289 0.0289 0.0289 0.0288 0.0277 0.0163 0.0039 0.0006 0.0001 1.0000 0.8605 0.0772 0.0067 0.0006 1.0000 1.0000 0.4331 0.0361 0.0030 0.0003 1.0000 1.0000 0.1894 0.0159 0.0013 0.0001 1.0000 1.0000 0.0863 0.0068
0.0459 0.6018 1.0000 0.0001 0.0008 0.0098 0.1195 1.0000 1.0000 0.0002 0.0020 0.0242 0.2955 1.0000 1.0000 0.0004 0.0048 0.0570 0.6619 1.0000 0.0001 0.0006 0.0050 0.0338 0.1394 0.2411 0.2519 0.2524 0.2524 0.2524 0.2524 0.2524 0.2524 0.2524 0.2524 0.2524 0.2524 0.2524 0.2524 0.2524 0.2524 0.2524 0.2524 0.2524 0.2524 0.2524 0.2524 0.2524 0.2524 0.2524 0.2524 0.2524 0.2524 0.2524 0.2524 0.2524 0.2524 0.2524 0.2524 0.2524 0.2524 0.2524 0.2524 0.2524 0.2524 0.2524 0.2524 0.2524 0.2524 0.2524 0.2524 0.2524 0.2524 0.2524 0.2519 0.2411 0.1394 0.0338 0.0050 0.0006 0.0001 1.0000 0.6619 0.0570 0.0048 0.0004 1.0000 1.0000 0.2955 0.0242 0.0020 0.0002 1.0000 1.0000 0.1195 0.0098 0.0008 0.0001 1.0000 0.6018 0.0459
0.1725 1.0000 1.0000 0.0003 0.0036 0.0464 0.6007 1.0000 0.0001 0.0009 0.0111 0.1413 1.0000 1.0000 0.0002 0.0025 0.0310 0.3770 1.0000 1.0000 0.0004 0.0039 0.0338 0.2222 0.8556 1.0000 1.0000 1.0000 1.0000 1.0000 1.0000 1.0000 1.0000 1.0000 1.0000 1.0000 1.0000 1.0000 1.0000 1.0000 1.0000 1.0000 1.0000 1.0000 1.0000 1.0000 1.0000 1.0000 1.0000 1.0000 1.0000 1.0000 1.0000 1.0000 1.0000 1.0000 1.0000 1.0000 1.0000 1.0000 1.0000 1.0000 1.0000 1.0000 1.0000 1.0000 1.0000 1.0000 1.0000 1.0000 1.0000 1.0000 1.0000 1.0000 1.0000 1.0000 0.8556 0.2222 0.0338 0.0039 0.0004 1.0000 1.0000 0.3770 0.0310 0.0025 0.0002 1.0000 1.0000 0.1413 0.0111 0.0009 0.0001 1.0000 0.6007 0.0464 0.0036 0.0003 1.0000 1.0000 0.1725
0.2509 1.0000 1.0000 0.0005 0.0065 0.0932 1.0000 1.0000 0.0002 0.0021 0.0300 0.4153 1.0000 0.0000 0.0006 0.0086 0.1142 1.0000 1.0000 0.0001 0.0016 0.0163 0.1394 0.8556 1.0000 1.0000 1.0000 1.0000 1.0000 1.0000 1.0000 1.0000 1.0000 1.0000 1.0000 1.0000 1.0000 1.0000 1.0000 1.0000 1.0000 1.0000 1.0000 1.0000 1.0000 1.0000 1.0000 1.0000 1.0000 1.0000 1.0000 1.0000 1.0000 1.0000 1.0000 1.0000 1.0000 1.0000 1.0000 1.0000 1.0000 1.0000 1.0000 1.0000 1.0000 1.0000 1.0000 1.0000 1.0000 1.0000 1.0000 1.0000 1.0000 1.0000 1.0000 1.0000 1.0000 0.8556 0.1394 0.0163 0.0016 0.0001 1.0000 1.0000 0.1142 0.0086 0.0006 0.0000 1.0000 0.4153 0.0300 0.0021 0.0002 1.0000 1.0000 0.0932 0.0065 0.0005 1.0000 1.0000 0.2509
0.2562 1.0000 1.0000 0.0005 0.0068 0.0999 1.0000 1.0000 0.0002 0.0025 0.0358 0.5198 1.0000 0.0001 0.0009 0.0121 0.1702 1.0000 1.0000 0.0002 0.0026 0.0277 0.2411 1.0000 1.0000 1.0000 1.0000 1.0000 1.0000 1.0000 1.0000 1.0000 1.0000 1.0000 1.0000 1.0000 1.0000 1.0000 1.0000 1.0000 1.0000 1.0000 1.0000 1.0000 1.0000 1.0000 1.0000 1.0000 1.0000 1.0000 1.0000 1.0000 1.0000 1.0000 1.0000 1.0000 1.0000 1.0000 1.0000 1.0000 1.0000 1.0000 1.0000 1.0000 1.0000 1.0000 1.0000 1.0000 1.0000 1.0000 1.0000 1.0000 1.0000 1.0000 1.0000 1.0000 1.0000 1.0000 0.2411 0.0277 0.0026 0.0002 1.0000 1.0000 0.1702 0.0121 0.0009 0.0001 1.0000 0.5198 0.0358 0.0025 0.0002 1.0000 1.0000 0.0999 0.0068 0.0005 1.0000 1.0000 0.2562
0.2567 1.0000 1.0000 0.0005 0.0069 0.0999 1.0000 1.0000 0.0002 0.0025 0.0360 0.5238 1.0000 0.0001 0.0009 0.0123 0.1738 1.0000 1.0000 0.0002 0.0027 0.0288 0.2519 1.0000 1.0000 1.0000 1.0000 1.0000 1.0000 1.0000 1.0000 1.0000 1.0000 1.0000 1.0000 1.0000 1.0000 1.0000 1.0000 1.0000 1.0000 1.0000 1.0000 1.0000 1.0000 1.0000 1.0000 1.0000 1.0000 1.0000 1.0000 1.0000 1.0000 1.0000 1.0000 1.0000 1.0000 1.0000 1.0000 1.0000 1.0000 1.0000 1.0000 1.0000 1.0000 1.0000 1.0000 1.0000 1.0000 1.0000 1.0000 1.0000 1.0000 1.0000 1.0000 1.0000 1.0000 1.0000 0.2519 0.0288 0.0027 0.0002 1.0000 1.0000 0.1738 0.0123 0.0009 0.0001 1.0000 0.5238 0.0360 0.0025 0.0002 1.0000 1.0000 0.0999 0.0069 0.0005 1.0000 1.0000 0.2567
0.2567 1.0000 1.0000 0.0005 0.0069 0.0999 1.0000 1.0000 0.0002 0.0025 0.0360 0.5238 1.0000 0.0001 0.0009 0.0123 0.1738 1.0000 1.0000 0.0002 0.0027 0.0289 0.2524 1.0000 1.0000 1.0000 1.0000 1.0000 1.0000 1.0000 1.0000 1.0000 1.0000 1.0000 1.0000 1.0000 1.0000 1.0000 1.0000 1.0000 1.0000 1.0000 1.0000 1.0000 1.0000 1.0000 1.0000 1.0000 1.0000 1.0000 1.0000 1.0000 1.0000 1.0000 1.0000 1.0000 1.0000 1.0000 1.0000 1.0000 1.0000 1.0000 1.0000 1.0000 1.0000 1.0000 1.0000 1.0000 1.0000 1.0000 1.0000 1.0000 1.0000 1.0000 1.0000 1.0000 1.0000 1.0000 0.2524 0.0289 0.0027 0.0002 1.0000 1.0000 0.1738 0.0123 0.0009 0.0001 1.0000 0.5238 0.0360 0.0025 0.0002 1.0000 1.0000 0.0999 0.0069 0.0005 1.0000 1.0000 0.2567
0.2567 1.0000 1.0000 0.0005 0.0069 0.0999 1.0000 1.0000 0.0002 0.0025 0.0360 0.5238 1.0000 0.0001 0.0009 0.0123 0.1738 1.0000 1.0000 0.0002 0.0027 0.0289 0.2524 1.0000 1.0000 1.0000 1.0000 1.0000 1.0000 1.0000 1.0000 1.0000 1.0000 1.0000 1.0000 1.0000 1.0000 1.0000 1.0000 1.0000 1.0000 1.0000 1.0000 1.0000 1.0000 1.0000 1.0000 1.0000 1.0000 1.0000 1.0000 1.0000 1.0000 1.0000 1.0000 1.0000 1.0000 1.0000 1.0000 1.0000 1.0000 1.0000 1.0000 1.0000 1.0000 1.0000 1.0000 1.0000 1.0000 1.0000 1.0000 1.0000 1.0000 1.0000 1.0000 1.0000 1.0000 1.0000 0.2524 0.0289 0.0027 0.0002 1.0000 1.0000 0.1738 0.0123 0.0009 0.0001 1.0000 0.5238 0.0360 0.0025 0.0002 1.0000 1.0000 0.0999 0.0069 0.0005 1.0000 1.0000 0.2567
0.2567 1.0000 1.0000 0.0005 0.0069 0.0999 1.0000 1.0000 0.0002 0.0025 0.0360 0.5238 1.0000 0.0001 0.0009 0.0123 0.1738 1.0000 1.0000 0.0002 0.0027 0.0289 0.2524 1.0000 1.0000 1.0000 1.0000 1.0000 1.0000 1.0000 1.0000 1.0000 1.0000 1.0000 1.0000 1.0000 1.0000 1.0000 1.0000 1.0000 1.0000 1.0000 1.0000 1.0000 1.0000 1.0000 1.0000 1.0000 1.0000 1.0000 1.0000 1.0000 1.0000 1.0000 1.0000 1.0000 1.0000 1.0000 1.0000 1.0000 1.0000 1.0000 1.0000 1.0000 1.0000 1.0000 1.0000 1.0000 1.0000 1.0000 1.0000 1.0000 1.0000 1.0000 1.0000 1.0000 1.0000 1.0000 0.2524 0.0289 0.0027 0.0002 1.0000 1.0000 0.1738 0.0123 0.0009 0.0001 1.0000 0.5238 0.0360 0.0025 0.0002 1.0000 1.0000 0.0999 0.0069 0.0005 1.0000 1.0000 0.2567
0.2567 1.0000 1.0000 0.0005 0.0069 0.0999 1.0000 1.0000 0.0002 0.0025 0.0360 0.5238 1.0000 0.0001 0.0009 0.0123 0.1738 1.0000 1.0000 0.0002 0.0027 0.0289 0.2524 1.0000 1.0000 1.0000 1.0000 1.0000 1.0000 1.0000 1.0000 1.0000 1.0000 1.0000 1.0000 1.0000 1.0000 1.0000 1.0000 1.0000 1.0000 1.0000 1.0000 1.0000 1.0000 1.0000 1.0000 1.0000 1.0000 1.0000 1.0000 1.0000 1.0000 1.0000 1.0000 1.0000 1.0000 1.0000 1.0000 1.0000 1.0000 1.0000 1.0000 1.0000 1.0000 1.0000 1.0000 1.0000 1.0000 1.0000 1.0000 1.0000 1.0000 1.0000 1.0000 1.0000 1.0000 1.0000 0.2524 0.0289 0.0027 0.0002 1.0000 1.0000 0.1738 0.0123 0.0009 0.0001 1.0000 0.5238 0.0360 0.0025 0.0002 1.0000 1.0000 0.0999 0.0069 0.0005 1.0000 1.0000 0.2567
0.2567 1.0000 1.0000 0.0005 0.0069 0.0999 1.0000 1.0000 0.0002 0.0025 0.0360 0.5238 1.0000 0.0001 0.0009 0.0123 0.1738 1.0000 1.0000 0.0002 0.0027 0.0289 0.2524 1.0000 1.0000 1.0000 1.0000 1.0000 1.0000 1.0000 1.0000 1.0000 1.0000 1.0000 1.0000 1.0000 1.0000 1.0000 1.0000 1.0000 1.0000 1.0000 1.0000 1.0000 1.0000 1.0000 1.0000 1.0000 1.0000 1.0000 1.0000 1.0000 1.0000 1.0000 1.0000 1.0000 1.0000 1.0000 1.0000 1.0000 1.0000 1.0000 1.0000 1.0000 1.0000 1.0000 1.0000 1.0000 1.0000 1.0000 1.0000 1.0000 1.0000 1.0000 1.0000 1.0000 1.0000 1.0000 0.2524 0.0289 0.0027 0.0002 1.0000 1.0000 0.1738 0.0123 0.0009 0.0001 1.0000 0.5238 0.0360 0.0025 0.0002 1.0000 1.0000 0.0999 0.0069 0.0005 1.0000 1.0000 0.2567
0.2567 1.0000 1.0000 0.0005 0.0069 0.1001 1.0000 1.0000 0.0002 0.0025 0.0360 0.5238 1.0000 0.0001 0.0009 0.0123 0.1742 1.0000 1.0000 0.0002 0.0027 0.0289 0.2524 1.0000 1.0000 1.0000 1.0000 1.0000 1.0000 1.0000 1.0000 1.0000 1.0000 1.0000 1.0000 1.0000 1.0000 1.0000 1.0000 1.0000 1.0000 1.0000 1.0000 1.0000 1.0000 1.0000 1.0000 1.0000 1.0000 1.0000 1.0000 1.0000 1.0000 1.0000 1.0000 1.0000 1.0000 1.0000 1.0000 1.0000 1.0000 1.0000 1.0000 1.0000 1.0000 1.0000 1.0000 1.0000 1.0000 1.0000 1.0000 1.0000 1.0000 1.0000 1.0000 1.0000 1.0000 1.0000 0.2524 0.0289 0.0027 0.0002 1.0000 1.0000 0.1738 0.0123 0.0009 0.0001 1.0000 0.5238 0.0360 0.0025 0.0002 1.0000 1.0000 0.0999 0.0069 0.0005 1.0000 1.0000 0.2567
0.2577 1.0000 1.0000 0.0005 0.0069 0.1003 1.0000 1.0000 0.0002 0.0025 0.0361 0.5258 1.0000 0.0001 0.0009 0.0124 0.1745 1.0000 1.0000 0.0002 0.0027 0.0290 0.2533 1.0000 1.0000 1.0000 1.0000 1.0000 1.0000 1.0000 1.0000 1.0000 1.0000 1.0000 1.0000 1.0000 1.0000 1.0000 1.0000 1.0000 1.0000 1.0000 1.0000 1.0000 1.0000 1.0000 1.0000 1.0000 1.0000 1.0000 1.0000 1.0000 1.0000 1.0000 1.0000 1.0000 1.0000 1.0000 1.0000 1.0000 1.0000 1.0000 1.0000 1.0000 1.0000 1.0000 1.0000 1.0000 1.0000 1.0000 1.0000 1.0000 1.0000 1.0000 1.0000 1.0000 1.0000 1.0000 0.2524 0.0289 0.0027 0.0002 1.0000 1.0000 0.1738 0.0123 0.0009 0.0001 1.0000 0.5238 0.0360 0.0025 0.0002 1.0000 1.0000 0.0999 0.0069 0.0005 1.0000 1.0000 0.2567
0.2597 1.0000 1.0000 0.0005 0.0069 0.1013 1.0000 1.0000 0.0002 0.0025 0.0363 0.5298 1.0000 0.0001 0.0009 0.0125 0.1758 1.0000 1.0000 0.0002 0.0027 0.0292 0.2553 1.0000 1.0000 1.0000 1.0000 1.0000 1.0000 1.0000 1.0000 1.0000 1.0000 1.0000 1.0000 1.0000 1.0000 1.0000 1.0000 1.0000 1.0000 1.0000 1.0000 1.0000 1.0000 1.0000 1.0000 1.0000 1.0000 1.0000 1.0000 1.0000 1.0000 1.0000 1.0000 1.0000 1.0000 1.0000 1.0000 1.0000 1.0000 1.0000 1.0000 1.0000 1.0000 1.0000 1.0000 1.0000 1.0000 1.0000 1.0000 1.0000 1.0000 1.0000 1.0000 1.0000 1.0000 1.0000 0.2524 0.0289 0.0027 0.0002 1.0000 1.0000 0.1738 0.0123 0.0009 0.0001 1.0000 0.5238 0.0360 0.0025 0.0002 1.0000 1.0000 0.0999 0.0069 0.0005 1.0000 1.0000 0.2567
0.2646 1.0000 1.0000 0.0005 0.0071 0.1032 1.0000 1.0000 0.0002 0.0025 0.0371 0.5400 1.0000 0.0001 0.0009 0.0127 0.1792 1.0000 1.0000 0.0002 0.0028 0.0298 0.2602 1.0000 1.0000 1.0000 1.0000 1.0000 1.0000 1.0000 1.0000 1.0000 1.0000 1.0000 1.0000 1.0000 1.0000 1.0000 1.0000 1.0000 1.0000 1.0000 1.0000 1.0000 1.0000 1.0000 1.0000 1.0000 1.0000 1.0000 1.0000 1.0000 1.0000 1.0000 1.0000 1.0000 1.0000 1.0000 1.0000 1.0000 1.0000 1.0000 1.0000 1.0000 1.0000 1.0000 1.0000 1.0000 1.0000 1.0000 1.0000 1.0000 1.0000 1.0000 1.0000 1.0000 1.0000 1.0000 0.2524 0.0289 0.0027 0.0002 1.0000 1.0000 0.1738 0.0123 0.0009 0.0001 1.0000 0.5238 0.0360 0.0025 0.0002 1.0000 1.0000 0.0999 0.0069 0.0005 1.0000 1.0000 0.2567
0.2765 1.0000 0.0000 0.0005 0.0074 0.1076 1.0000 1.0000 0.0002 0.0027 0.0387 0.5631 1.0000 0.0001 0.0009 0.0132 0.1869 1.0000 1.0000 0.0002 0.0029 0.0310 0.2718 1.0000 1.0000 1.0000 1.0000 1.0000 1.0000 1.0000 1.0000 1.0000 1.0000 1.0000 1.0000 1.0000 1.0000 1.0000 1.0000 1.0000 1.0000 1.0000 1.0000 1.0000 1.0000 1.0000 1.0000 1.0000 1.0000 1.0000 1.0000 1.0000 1.0000 1.0000 1.0000 1.0000 1.0000 1.0000 1.0000 1.0000 1.0000 1.0000 1.0000 1.0000 1.0000 1.0000 1.0000 1.0000 1.0000 1.0000 1.0000 1.0000 1.0000 1.0000 1.0000 1.0000 1.0000 1.0000 0.2524 0.0289 0.0027 0.0002 1.0000 1.0000 0.1738 0.0123 0.0009 0.0001 1.0000 0.5238 0.0360 0.0025 0.0002 1.0000 1.0000 0.0999 0.0069 0.0005 1.0000 1.0000 0.2567
0.2995 1.0000 0.0000 0.0005 0.0080 0.1166 1.0000 1.0000 0.0002 0.0029 0.0419 0.6099 1.0000 0.0001 0.0010 0.0143 0.2020 1.0000 1.0000 0.0003 0.0031 0.0335 0.2938 1.0000 1.0000 1.0000 1.0000 1.0000 1.0000 1.0000 1.0000 1.0000 1.0000 1.0000 1.0000 1.0000 1.0000 1.0000 1.0000 1.0000 1.0000 1.0000 1.0000 1.0000 1.0000 1.0000 1.0000 1.0000 1.0000 1.0000 1.0000 1.0000 1.0000 1.0000 1.0000 1.0000 1.0000 1.0000 1.0000 1.0000 1.0000 1.0000 1.0000 1.0000 1.0000 1.0000 1.0000 1.0000 1.0000 1.0000 1.0000 1.0000 1.0000 1.0000 1.0000 1.0000 1.0000 1.0000 0.2524 0.0289 0.0027 0.0002 1.0000 1.0000 0.1738 0.0123 0.0009 0.0001 1.0000 0.5238 0.0360 0.0025 0.0002 1.0000 1.0000 0.0999 0.0069 0.0005 1.0000 1.0000 0.2567
0.3421 1.0000 0.0000 0.0006 0.0091 0.1332 1.0000 1.0000 0.0002 0.0033 0.0477 0.6941 1.0000 0.0001 0.0011 0.0163 0.2295 1.0000 1.0000 0.0003 0.0036 0.0381 0.3344 1.0000 1.0000 1.0000 1.0000 1.0000 1.0000 1.0000 1.0000 1.0000 1.0000 1.0000 1.0000 1.0000 1.0000 1.0000 1.0000 1.0000 1.0000 1.0000 1.0000 1.0000 1.0000 1.0000 1.0000 1.0000 1.0000 1.0000 1.0000 1.0000 1.0000 1.0000 1.0000 1.0000 1.0000 1.0000 1.0000 1.0000 1.0000 1.0000 1.0000 1.0000 1.0000 1.0000 1.0000 1.0000 1.0000 1.0000 1.0000 1.0000 1.0000 1.0000 1.0000 1.0000 1.0000 1.0000 0.2524 0.0289 0.0027 0.0002 1.0000 1.0000 0.1738 0.0123 0.0009 0.0001 1.0000 0.5238 0.0360 0.0025 0.0002 1.0000 1.0000 0.0999 0.0069 0.0005 1.0000 1.0000 0.2567
0.4153 1.0000 0.0001 0.0008 0.0110 0.1611 1.0000 1.0000 0.0003 0.0040 0.0576 0.8379 1.0000 0.0001 0.0014 0.0196 0.2765 1.0000 1.0000 0.0004 0.0043 0.0458 0.4029 1.0000 1.0000 1.0000 1.0000 1.0000 1.0000 1.0000 1.0000 1.0000 1.0000 1.0000 1.0000 1.0000 1.0000 1.0000 1.0000 1.0000 1.0000 1.0000 1.0000 1.0000 1.0000 1.0000 1.0000 1.0000 1.0000 1.0000 1.0000 1.0000 1.0000 1.0000 1.0000 1.0000 1.0000 1.0000 1.0000 1.0000 1.0000 1.0000 1.0000 1.0000 1.0000 1.0000 1.0000 1.0000 1.0000 1.0000 1.0000 1.0000 1.0000 1.0000 1.0000 1.0000 1.0000 1.0000 0.2524 0.0289 0.0027 0.0002 1.0000 1.0000 0.1738 0.0123 0.0009 0.0001 1.0000 0.5238 0.0360 0.0025 0.0002 1.0000 1.0000 0.0999 0.0069 0.0005 1.0000 1.0000 0.2567
0.5349 1.0000 0.0001 0.0010 0.0142 0.2067 1.0000 1.0000 0.0003 0.0051 0.0736 1.0000 1.0000 0.0001 0.0017 0.0249 0.3513 1.0000 0.0000 0.0005 0.0054 0.0583 0.5130 1.0000 1.0000 1.0000 1.0000 1.0000 1.0000 1.0000 1.0000 1.0000 1.0000 1.0000 1.0000 1.0000 1.0000 1.0000 1.0000 1.0000 1.0000 1.0000 1.0000 1.0000 1.0000 1.0000 1.0000 1.0000 1.0000 1.0000 1.0000 1.0000 1.0000 1.0000 1.0000 1.0000 1.0000 1.0000 1.0000 1.0000 1.0000 1.0000 1.0000 1.0000 1.0000 1.0000 1.0000 1.0000 1.0000 1.0000 1.0000 1.0000 1.0000 1.0000 1.0000 1.0000 1.0000 1.0000 0.2524 0.0289 0.0027 0.0002 1.0000 1.0000 0.1738 0.0123 0.0009 0.0001 1.0000 0.5238 0.0360 0.0025 0.0002 1.0000 1.0000 0.0999 0.0069 0.0005 1.0000 1.0000 0.2567
0.7265 1.0000 0.0001 0.0013 0.0192 0.2791 1.0000 1.0000 0.0005 0.0068 0.0992 1.0000 1.0000 0.0002 0.0023 0.0334 0.4709 1.0000 0.0000 0.0006 0.0073 0.0781 0.6875 1.0000 1.0000 1.0000 1.0000 1.0000 1.0000 1.0000 1.0000 1.0000 1.0000 1.0000 1.0000 1.0000 1.0000 1.0000 1.0000 1.0000 1.0000 1.0000 1.0000 1.0000 1.0000 1.0000 1.0000 1.0000 1.0000 1.0000 1.0000 1.0000 1.0000 1.0000 1.0000 1.0000 1.0000 1.0000 1.0000 1.0000 1.0000 1.0000 1.0000 1.0000 1.0000 1.0000 1.0000 1.0000 1.0000 1.0000 1.0000 1.0000 1.0000 1.0000 1.0000 1.0000 1.0000 1.0000 0.2524 0.0289 0.0027 0.0002 1.0000 1.0000 0.1738 0.0123 0.0009 0.0001 1.0000 0.5238 0.0360 0.0025 0.0002 1.0000 1.0000 0.0999 0.0069 0.0005 1.0000 1.0000 0.2567
1.0000 1.0000 0.0001 0.0019 0.0270 0.3931 1.0000 0.0000 0.0007 0.0096 0.1386 1.0000 1.0000 0.0002 0.0033 0.0466 0.6556 1.0000 0.0001 0.0008 0.0101 0.1085 0.9572 1.0000 1.0000 1.0000 1.0000 1.0000 1.0000 1.0000 1.0000 1.0000 1.0000 1.0000 1.0000 1.0000 1.0000 1.0000 1.0000 1.0000 1.0000 1.0000 1.0000 1.0000 1.0000 1.0000 1.0000 1.0000 1.0000 1.0000 1.0000 1.0000 1.0000 1.0000 1.0000 1.0000 1.0000 1.0000 1.0000 1.0000 1.0000 1.0000 1.0000 1.0000 1.0000 1.0000 1.0000 1.0000 1.0000 1.0000 1.0000 1.0000 1.0000 1.0000 1.0000 1.0000 1.0000 1.0000 0.2524 0.0289 0.0027 0.0002 1.0000 1.0000 0.1738 0.0123 0.0009 0.0001 1.0000 0.5238 0.0360 0.0025 0.0002 1.0000 1.0000 0.0999 0.0069 0.0005 1.0000 1.0000 0.2567
1.0000 1.0000 0.0002 0.0027 0.0386 0.5620 1.0000 0.0001 0.0009 0.0136 0.1982 1.0000 1.0000 0.0003 0.0047 0.0664 0.9321 1.0000 0.0001 0.0012 0.0143 0.1539 1.0000 1.0000 1.0000 1.0000 1.0000 1.0000 1.0000 1.0000 1.0000 1.0000 1.0000 1.0000 1.0000 1.0000 1.0000 1.0000 1.0000 1.0000 1.0000 1.0000 1.0000 1.0000 1.0000 1.0000 1.0000 1.0000 1.0000 1.0000 1.0000 1.0000 1.0000 1.0000 1.0000 1.0000 1.0000 1.0000 1.0000 1.0000 1.0000 1.0000 1.0000 1.0000 1.0000 1.0000 1.0000 1.0000 1.0000 1.0000 1.0000 1.0000 1.0000 1.0000 1.0000 1.0000 1.0000 1.0000 0.2524 0.0289 0.0027 0.0002 1.0000 1.0000 0.1738 0.0123 0.0009 0.0001 1.0000 0.5238 0.0360 0.0025 0.0002 1.0000 1.0000 0.0999 0.0069 0.0005 1.0000 1.0000 0.2567
1.0000 1.0000 0.0003 0.0037 0.0537 0.7795 1.0000 0.0001 0.0013 0.0190 0.2749 1.0000 1.0000 0.0005 0.0065 0.0921 1.0000 1.0000 0.0001 0.0017 0.0198 0.2131 1.0000 1.0000 1.0000 1.0000 1.0000 1.0000 1.0000 1.0000 1.0000 1.0000 1.0000 1.0000 1.0000 1.0000 1.0000 1.0000 1.0000 1.0000 1.0000 1.0000 1.0000 1.0000 1.0000 1.0000 1.0000 1.0000 1.0000 1.0000 1.0000 1.0000 1.0000 1.0000 1.0000 1.0000 1.0000 1.0000 1.0000 1.0000 1.0000 1.0000 1.0000 1.0000 1.0000 1.0000 1.0000 1.0000 1.0000 1.0000 1.0000 1.0000 1.0000 1.0000 1.0000 1.0000 1.0000 1.0000 0.2524 0.0289 0.0027 0.0002 1.0000 1.0000 0.1738 0.0123 0.0009 0.0001 1.0000 0.5238 0.0360 0.0025 0.0002 1.0000 1.0000 0.0999 0.0069 0.0005 1.0000 1.0000 0.2567
1.0000 1.0000 0.0003 0.0045 0.0648 0.9427 1.0000 0.0001 0.0016 0.0230 0.3331 1.0000 0.0000 0.0005 0.0078 0.1114 1.0000 1.0000 0.0002 0.0020 0.0240 0.2582 1.0000 1.0000 1.0000 1.0000 1.0000 1.0000 1.0000 1.0000 1.0000 1.0000 1.0000 1.0000 1.0000 1.0000 1.0000 1.0000 1.0000 1.0000 1.0000 1.0000 1.0000 1.0000 1.0000 1.0000 1.0000 1.0000 1.0000 1.0000 1.0000 1.0000 1.0000 1.0000 1.0000 1.0000 1.0000 1.0000 1.0000 1.0000 1.0000 1.0000 1.0000 1.0000 1.0000 1.0000 1.0000 1.0000 1.0000 1.0000 1.0000 1.0000 1.0000 1.0000 1.0000 1.0000 1.0000 1.0000 0.2524 0.0289 0.0027 0.0002 1.0000 1.0000 0.1738 0.0123 0.0009 0.0001 1.0000 0.5238 0.0360 0.0025 0.0002 1.0000 1.0000 0.0999 0.0069 0.0005 1.0000 1.0000 0.2567
1.0000 1.0000 0.0003 0.0040 0.0585 0.8491 1.0000 0.0001 0.0014 0.0206 0.2983 1.0000 1.0000 0.0005 0.0070 0.0992 1.0000 1.0000 0.0001 0.0018 0.0214 0.2308 1.0000 1.0000 1.0000 1.0000 1.0000 1.0000 1.0000 1.0000 1.0000 1.0000 1.0000 1.0000 1.0000 1.0000 1.0000 1.0000 1.0000 1.0000 1.0000 1.0000 1.0000 1.0000 1.0000 1.0000 1.0000 1.0000 1.0000 1.0000 1.0000 1.0000 1.0000 1.0000 1.0000 1.0000 1.0000 1.0000 1.0000 1.0000 1.0000 1.0000 1.0000 1.0000 1.0000 1.0000 1.0000 1.0000 1.0000 1.0000 1.0000 1.0000 1.0000 1.0000 1.0000 1.0000 1.0000 1.0000 0.2524 0.0289 0.0027 0.0002 1.0000 1.0000 0.1738 0.0123 0.0009 0.0001 1.0000 0.5238 0.0360 0.0025 0.0002 1.0000 1.0000 0.0999 0.0069 0.0005 1.0000 1.0000 0.2567
1.0000 1.0000 0.0002 0.0029 0.0423 0.6134 1.0000 0.0001 0.0010 0.0148 0.2151 1.0000 1.0000 0.0004 0.0050 0.0715 1.0000 1.0000 0.0001 0.0013 0.0155 0.1673 1.0000 1.0000 1.0000 1.0000 1.0000 1.0000 1.0000 1.0000 1.0000 1.0000 1.0000 1.0000 1.0000 1.0000 1.0000 1.0000 1.0000 1.0000 1.0000 1.0000 1.0000 1.0000 1.0000 1.0000 1.0000 1.0000 1.0000 1.0000 1.0000 1.0000 1.0000 1.0000 1.0000 1.0000 1.0000 1.0000 1.0000 1.0000 1.0000 1.0000 1.0000 1.0000 1.0000 1.0000 1.0000 1.0000 1.0000 1.0000 1.0000 1.0000 1.0000 1.0000 1.0000 1.0000 1.0000 1.0000 0.2524 0.0289 0.0027 0.0002 1.0000 1.0000 0.1738 0.0123 0.0009 0.0001 1.0000 0.5238 0.0360 0.0025 0.0002 1.0000 1.0000 0.0999 0.0069 0.0005 1.0000 1.0000 0.2567
1.0000 1.0000 0.0001 0.0020 0.0286 0.4153 1.0000 0.0000 0.0007 0.0101 0.1459 1.0000 1.0000 0.0002 0.0034 0.0488 0.6862 1.0000 0.0001 0.0009 0.0106 0.1144 1.0000 1.0000 1.0000 1.0000 1.0000 1.0000 1.0000 1.0000 1.0000 1.0000 1.0000 1.0000 1.0000 1.0000 1.0000 1.0000 1.0000 1.0000 1.0000 1.0000 1.0000 1.0000 1.0000 1.0000 1.0000 1.0000 1.0000 1.0000 1.0000 1.0000 1.0000 1.0000 1.0000 1.0000 1.0000 1.0000 1.0000 1.0000 1.0000 1.0000 1.0000 1.0000 1.0000 1.0000 1.0000 1.0000 1.0000 1.0000 1.0000 1.0000 1.0000 1.0000 1.0000 1.0000 1.0000 1.0000 0.2524 0.0289 0.0027 0.0002 1.0000 1.0000 0.1738 0.0123 0.0009 0.0001 1.0000 0.5238 0.0360 0.0025 0.0002 1.0000 1.0000 0.0999 0.0069 0.0005 1.0000 1.0000 0.2567
0.7433 1.0000 0.0001 0.0013 0.0196 0.2850 1.0000 1.0000 0.0005 0.0069 0.1005 1.0000 1.0000 0.0002 0.0024 0.0339 0.4772 1.0000 0.0000 0.0006 0.0074 0.0796 0.7088 1.0000 1.0000 1.0000 1.0000 1.0000 1.0000 1.0000 1.0000 1.0000 1.0000 1.0000 1.0000 1.0000 1.0000 1.0000 1.0000 1.0000 1.0000 1.0000 1.0000 1.0000 1.0000 1.0000 1.0000 1.0000 1.0000 1.0000 1.0000 1.0000 1.0000 1.0000 1.0000 1.0000 1.0000 1.0000 1.0000 1.0000 1.0000 1.0000 1.0000 1.0000 1.0000 1.0000 1.0000 1.0000 1.0000 1.0000 1.0000 1.0000 1.0000 1.0000 1.0000 1.0000 1.0000 1.0000 0.2524 0.0289 0.0027 0.0002 1.0000 1.0000 0.1738 0.0123 0.0009 0.0001 1.0000 0.5238 0.0360 0.0025 0.0002 1.0000 1.0000 0.0999 0.0069 0.0005 1.0000 1.0000 0.2567
0.5318 1.0000 0.0001 0.0010 0.0141 0.2051 1.0000 1.0000 0.0003 0.0050 0.0730 1.0000 1.0000 0.0001 0.0017 0.0247 0.3480 1.0000 0.0000 0.0004 0.0054 0.0580 0.5149 1.0000 1.0000 1.0000 1.0000 1.0000 1.0000 1.0000 1.0000 1.0000 1.0000 1.0000 1.0000 1.0000 1.0000 1.0000 1.0000 1.0000 1.0000 1.0000 1.0000 1.0000 1.0000 1.0000 1.0000 1.0000 1.0000 1.0000 1.0000 1.0000 1.0000 1.0000 1.0000 1.0000 1.0000 1.0000 1.0000 1.0000 1.0000 1.0000 1.0000 1.0000 1.0000 1.0000 1.0000 1.0000 1.0000 1.0000 1.0000 1.0000 1.0000 1.0000 1.0000 1.0000 1.0000 1.0000 0.2524 0.0289 0.0027 0.0002 1.0000 1.0000 0.1738 0.0123 0.0009 0.0001 1.0000 0.5238 0.0360 0.0025 0.0002 1.0000 1.0000 0.0999 0.0069 0.0005 1.0000 1.0000 0.2567
0.4060 1.0000 0.0001 0.0007 0.0108 0.1575 1.0000 1.0000 0.0003 0.0039 0.0563 0.8190 1.0000 0.0001 0.0013 0.0191 0.2697 1.0000 1.0000 0.0003 0.0042 0.0450 0.3976 1.0000 1.0000 1.0000 1.0000 1.0000 1.0000 1.0000 1.0000 1.0000 1.0000 1.0000 1.0000 1.0000 1.0000 1.0000 1.0000 1.0000 1.0000 1.0000 1.0000 1.0000 1.0000 1.0000 1.0000 1.0000 1.0000 1.0000 1.0000 1.0000 1.0000 1.0000 1.0000 1.0000 1.0000 1.0000 1.0000 1.0000 1.0000 1.0000 1.0000 1.0000 1.0000 1.0000 1.0000 1.0000 1.0000 1.0000 1.0000 1.0000 1.0000 1.0000 1.0000 1.0000 1.0000 1.0000 0.2524 0.0289 0.0027 0.0002 1.0000 1.0000 0.1738 0.0123 0.0009 0.0001 1.0000 0.5238 0.0360 0.0025 0.0002 1.0000 1.0000 0.0999 0.0069 0.0005 1.0000 1.0000 0.2567
0.3338 1.0000 0.0000 0.0006 0.0089 0.1297 1.0000 1.0000 0.0002 0.0032 0.0465 0.6771 1.0000 0.0001 0.0011 0.0159 0.2239 1.0000 1.0000 0.0003 0.0035 0.0372 0.3281 1.0000 1.0000 1.0000 1.0000 1.0000 1.0000 1.0000 1.0000 1.0000 1.0000 1.0000 1.0000 1.0000 1.0000 1.0000 1.0000 1.0000 1.0000 1.0000 1.0000 1.0000 1.0000 1.0000 1.0000 1.0000 1.0000 1.0000 1.0000 1.0000 1.0000 1.0000 1.0000 1.0000 1.0000 1.0000 1.0000 1.0000 1.0000 1.0000 1.0000 1.0000 1.0000 1.0000 1.0000 1.0000 1.0000 1.0000 1.0000 1.0000 1.0000 1.0000 1.0000 1.0000 1.0000 1.0000 0.2524 0.0289 0.0027 0.0002 1.0000 1.0000 0.1738 0.0123 0.0009 0.0001 1.0000 0.5238 0.0360 0.0025 0.0002 1.0000 1.0000 0.0999 0.0069 0.0005 1.0000 1.0000 0.2567
0.2933 1.0000 0.0000 0.0005 0.0078 0.1144 1.0000 1.0000 0.0002 0.0028 0.0410 0.5973 1.0000 0.0001 0.0010 0.0140 0.1978 1.0000 1.0000 0.0003 0.0031 0.0329 0.2888 1.0000 1.0000 1.0000 1.0000 1.0000 1.0000 1.0000 1.0000 1.0000 1.0000 1.0000 1.0000 1.0000 1.0000 1.0000 1.0000 1.0000 1.0000 1.0000 1.0000 1.0000 1.0000 1.0000 1.0000 1.0000 1.0000 1.0000 1.0000 1.0000 1.0000 1.0000 1.0000 1.0000 1.0000 1.0000 1.0000 1.0000 1.0000 1.0000 1.0000 1.0000 1.0000 1.0000 1.0000 1.0000 1.0000 1.0000 1.0000 1.0000 1.0000 1.0000 1.0000 1.0000 1.0000 1.0000 0.2524 0.0289 0.0027 0.0002 1.0000 1.0000 0.1738 0.0123 0.0009 0.0001 1.0000 0.5238 0.0360 0.0025 0.0002 1.0000 1.0000 0.0999 0.0069 0.0005 1.0000 1.0000 0.2567
0.2728 1.0000 1.0000 0.0005 0.0073 0.1062 1.0000 1.0000 0.0002 0.0026 0.0382 0.5556 1.0000 0.0001 0.0009 0.0130 0.1844 1.0000 1.0000 0.0002 0.0029 0.0307 0.2682 1.0000 1.0000 1.0000 1.0000 1.0000 1.0000 1.0000 1.0000 1.0000 1.0000 1.0000 1.0000 1.0000 1.0000 1.0000 1.0000 1.0000 1.0000 1.0000 1.0000 1.0000 1.0000 1.0000 1.0000 1.0000 1.0000 1.0000 1.0000 1.0000 1.0000 1.0000 1.0000 1.0000 1.0000 1.0000 1.0000 1.0000 1.0000 1.0000 1.0000 1.0000 1.0000 1.0000 1.0000 1.0000 1.0000 1.0000 1.0000 1.0000 1.0000 1.0000 1.0000 1.0000 1.0000 1.0000 0.2524 0.0289 0.0027 0.0002 1.0000 1.0000 0.1738 0.0123 0.0009 0.0001 1.0000 0.5238 0.0360 0.0025 0.0002 1.0000 1.0000 0.0999 0.0069 0.0005 1.0000 1.0000 0.2567
0.2626 1.0000 1.0000 0.0005 0.0070 0.1025 1.0000 1.0000 0.0002 0.0025 0.0368 0.5359 1.0000 0.0001 0.0009 0.0126 0.1778 1.0000 1.0000 0.0002 0.0028 0.0295 0.2587 1.0000 1.0000 1.0000 1.0000 1.0000 1.0000 1.0000 1.0000 1.0000 1.0000 1.0000 1.0000 1.0000 1.0000 1.0000 1.0000 1.0000 1.0000 1.0000 1.0000 1.0000 1.0000 1.0000 1.0000 1.0000 1.0000 1.0000 1.0000 1.0000 1.0000 1.0000 1.0000 1.0000 1.0000 1.0000 1.0000 1.0000 1.0000 1.0000 1.0000 1.0000 1.0000 1.0000 1.0000 1.0000 1.0000 1.0000 1.0000 1.0000 1.0000 1.0000 1.0000 1.0000 1.0000 1.0000 0.2524 0.0289 0.0027 0.0002 1.0000 1.0000 0.1738 0.0123 0.0009 0.0001 1.0000 0.5238 0.0360 0.0025 0.0002 1.0000 1.0000 0.0999 0.0069 0.0005 1.0000 1.0000 0.2567
