1.0000 0.0001 0.0011 0.0141 0.1789 1.0000 1.0000 0.0003 0.0038 0.0480 0.6064 1.0000 0.0001 0.0010 0.0128 0.1620 1.0000 1.0000 0.0003 0.0034 0.0433 0.5472 1.0000 0.0001 0.0009 0.0116 0.1462 1.0000 1.0000 0.0002 0.0031 0.0391 0.4938 1.0000 0.0001 0.0008 0.0104 0.1319 1.0000 1.0000 0.0002 0.0028 0.0353 0.4456 1.0000 0.0001 0.0007 0.0093 0.1148 1.0000 1.0000 1.0000 0.1148 0.0093 0.0007 0.0001 1.0000 0.4456 0.0353 0.0028 0.0002 1.0000 1.0000 0.1319 0.0104 0.0008 0.0001 1.0000 0.4938 0.0391 0.0031 0.0002 1.0000 1.0000 0.1462 0.0116 0.0009 0.0001 1.0000 0.5472 0.0433 0.0034 0.0003 1.0000 1.0000 0.1620 0.0128 0.0010 0.0001 1.0000 0.6064 0.0480 0.0038 0.0003 1.0000 1.0000 0.1789 0.0141 0.0011 0.0001 1.0000
0.0001 0.0011 0.0143 0.1792 1.0000 1.0000 0.0003 0.0038 0.0476 0.6018 1.0000 0.0001 0.0010 0.0127 0.1608 1.0000 1.0000 0.0003 0.0034 0.0430 0.5431 1.0000 0.0001 0.0009 0.0115 0.1451 1.0000 1.0000 0.0002 0.0031 0.0388 0.4901 1.0000 0.0001 0.0008 0.0104 0.1309 1.0000 1.0000 0.0002 0.0028 0.0350 0.4423 1.0000 0.0001 0.0007 0.0093 0.1175 1.0000 1.0000 0.0001 1.0000 1.0000 0.1175 0.0093 0.0007 0.0001 1.0000 0.4423 0.0350 0.0028 0.0002 1.0000 1.0000 0.1309 0.0104 0.0008 0.0001 1.0000 0.4901 0.0388 0.0031 0.0002 1.0000 1.0000 0.1451 0.0115 0.0009 0.0001 1.0000 0.5431 0.0430 0.0034 0.0003 1.0000 1.0000 0.1608 0.0127 0.0010 0.0001 1.0000 0.6018 0.0476 0.0038 0.0003 1.0000 1.0000 0.1792 0.0143 0.0011 0.0001
0.0011 0.0143 0.1738 1.0000 1.0000 0.0003 0.0035 0.0440 0.5556 1.0000 0.0001 0.0009 0.0117 0.1482 1.0000 1.0000 0.0002 0.0031 0.0396 0.5004 1.0000 0.0001 0.0008 0.0106 0.1337 1.0000 1.0000 0.0002 0.0028 0.0357 0.4516 1.0000 0.0001 0.0008 0.0095 0.1207 1.0000 1.0000 0.0002 0.0025 0.0322 0.4075 1.0000 0.0001 0.0007 0.0086 0.1087 1.0000 1.0000 0.0002 0.0008 0.0002 1.0000 1.0000 0.1087 0.0086 0.0007 0.0001 1.0000 0.4075 0.0322 0.0025 0.0002 1.0000 1.0000 0.1207 0.0095 0.0008 0.0001 1.0000 0.4516 0.0357 0.0028 0.0002 1.0000 1.0000 0.1337 0.0106 0.0008 0.0001 1.0000 0.5004 0.0396 0.0031 0.0002 1.0000 1.0000 0.1482 0.0117 0.0009 0.0001 1.0000 0.5556 0.0440 0.0035 0.0003 1.0000 1.0000 0.1738 0.0143 0.0011
0.0141 0.1792 1.0000 1.0000 0.0003 0.0033 0.0412 0.5179 1.0000 0.0001 0.0009 0.0108 0.1365 1.0000 1.0000 0.0002 0.0029 0.0365 0.4611 1.0000 0.0001 0.0008 0.0097 0.1232 1.0000 1.0000 0.0002 0.0026 0.0329 0.4161 1.0000 0.0001 0.0007 0.0088 0.1112 1.0000 1.0000 0.0002 0.0023 0.0297 0.3755 1.0000 1.0000 0.0006 0.0079 0.1003 1.0000 1.0000 0.0002 0.0018 0.0089 0.0018 0.0002 1.0000 1.0000 0.1003 0.0079 0.0006 1.0000 1.0000 0.3755 0.0297 0.0023 0.0002 1.0000 1.0000 0.1112 0.0088 0.0007 0.0001 1.0000 0.4161 0.0329 0.0026 0.0002 1.0000 1.0000 0.1232 0.0097 0.0008 0.0001 1.0000 0.4611 0.0365 0.0029 0.0002 1.0000 1.0000 0.1365 0.0108 0.0009 0.0001 1.0000 0.5179 0.0412 0.0033 0.0003 1.0000 1.0000 0.1792 0.0141
0.1789 1.0000 1.0000 0.0003 0.0032 0.0397 0.4920 1.0000 0.0001 0.0008 0.0100 0.1265 1.0000 1.0000 0.0002 0.0027 0.0336 0.4249 1.0000 0.0001 0.0007 0.0090 0.1135 1.0000 1.0000 0.0002 0.0024 0.0303 0.3835 1.0000 1.0000 0.0006 0.0081 0.1025 1.0000 1.0000 0.0002 0.0022 0.0274 0.3460 1.0000 1.0000 0.0006 0.0073 0.0925 1.0000 1.0000 0.0002 0.0019 0.0211 0.1040 0.0211 0.0019 0.0002 1.0000 1.0000 0.0925 0.0073 0.0006 1.0000 1.0000 0.3460 0.0274 0.0022 0.0002 1.0000 1.0000 0.1025 0.0081 0.0006 1.0000 1.0000 0.3835 0.0303 0.0024 0.0002 1.0000 1.0000 0.1135 0.0090 0.0007 0.0001 1.0000 0.4249 0.0336 0.0027 0.0002 1.0000 1.0000 0.1265 0.0100 0.0008 0.0001 1.0000 0.4920 0.0397 0.0032 0.0003 1.0000 1.0000 0.1789
1.0000 1.0000 0.0003 0.0033 0.0397 0.4827 1.0000 0.0001 0.0008 0.0094 0.1179 1.0000 1.0000 0.0002 0.0025 0.0310 0.3916 1.0000 1.0000 0.0007 0.0083 0.1046 1.0000 1.0000 0.0002 0.0022 0.0280 0.3534 1.0000 1.0000 0.0006 0.0075 0.0944 1.0000 1.0000 0.0002 0.0020 0.0252 0.3189 1.0000 1.0000 0.0005 0.0067 0.0852 1.0000 1.0000 0.0001 0.0018 0.0220 0.2453 1.0000 0.2453 0.0220 0.0018 0.0001 1.0000 1.0000 0.0852 0.0067 0.0005 1.0000 1.0000 0.3189 0.0252 0.0020 0.0002 1.0000 1.0000 0.0944 0.0075 0.0006 1.0000 1.0000 0.3534 0.0280 0.0022 0.0002 1.0000 1.0000 0.1046 0.0083 0.0007 1.0000 1.0000 0.3916 0.0310 0.0025 0.0002 1.0000 1.0000 0.1179 0.0094 0.0008 0.0001 1.0000 0.4827 0.0397 0.0033 0.0003 1.0000 1.0000
1.0000 0.0003 0.0035 0.0412 0.4920 1.0000 0.0001 0.0007 0.0090 0.1118 1.0000 1.0000 0.0002 0.0023 0.0287 0.3622 1.0000 1.0000 0.0006 0.0076 0.0964 1.0000 1.0000 0.0002 0.0020 0.0258 0.3256 1.0000 1.0000 0.0005 0.0069 0.0870 1.0000 1.0000 0.0001 0.0018 0.0232 0.2938 1.0000 1.0000 0.0005 0.0062 0.0785 0.9924 1.0000 0.0001 0.0017 0.0208 0.2562 1.0000 1.0000 1.0000 0.2562 0.0208 0.0017 0.0001 1.0000 0.9924 0.0785 0.0062 0.0005 1.0000 1.0000 0.2938 0.0232 0.0018 0.0001 1.0000 1.0000 0.0870 0.0069 0.0005 1.0000 1.0000 0.3256 0.0258 0.0020 0.0002 1.0000 1.0000 0.0964 0.0076 0.0006 1.0000 1.0000 0.3622 0.0287 0.0023 0.0002 1.0000 1.0000 0.1118 0.0090 0.0007 0.0001 1.0000 0.4920 0.0412 0.0035 0.0003 1.0000
0.0003 0.0038 0.0440 0.5179 1.0000 0.0001 0.0007 0.0089 0.1085 1.0000 1.0000 0.0002 0.0021 0.0268 0.3369 1.0000 1.0000 0.0006 0.0070 0.0888 1.0000 1.0000 0.0001 0.0019 0.0237 0.3000 1.0000 1.0000 0.0005 0.0063 0.0802 1.0000 1.0000 0.0001 0.0017 0.0214 0.2708 1.0000 1.0000 0.0005 0.0057 0.0723 0.9145 1.0000 0.0001 0.0015 0.0193 0.2425 1.0000 1.0000 0.0001 1.0000 1.0000 0.2425 0.0193 0.0015 0.0001 1.0000 0.9145 0.0723 0.0057 0.0005 1.0000 1.0000 0.2708 0.0214 0.0017 0.0001 1.0000 1.0000 0.0802 0.0063 0.0005 1.0000 1.0000 0.3000 0.0237 0.0019 0.0001 1.0000 1.0000 0.0888 0.0070 0.0006 1.0000 1.0000 0.3369 0.0268 0.0021 0.0002 1.0000 1.0000 0.1085 0.0089 0.0007 0.0001 1.0000 0.5179 0.0440 0.0038 0.0003
0.0038 0.0476 0.5556 1.0000 0.0001 0.0008 0.0090 0.1085 1.0000 1.0000 0.0002 0.0020 0.0254 0.3171 1.0000 1.0000 0.0005 0.0065 0.0822 1.0000 1.0000 0.0001 0.0017 0.0219 0.2765 1.0000 1.0000 0.0005 0.0058 0.0739 0.9338 1.0000 0.0001 0.0016 0.0197 0.2495 1.0000 1.0000 0.0004 0.0053 0.0667 0.8427 1.0000 0.0001 0.0014 0.0178 0.2247 1.0000 1.0000 0.0003 0.0016 0.0003 1.0000 1.0000 0.2247 0.0178 0.0014 0.0001 1.0000 0.8427 0.0667 0.0053 0.0004 1.0000 1.0000 0.2495 0.0197 0.0016 0.0001 1.0000 0.9338 0.0739 0.0058 0.0005 1.0000 1.0000 0.2765 0.0219 0.0017 0.0001 1.0000 1.0000 0.0822 0.0065 0.0005 1.0000 1.0000 0.3171 0.0254 0.0020 0.0002 1.0000 1.0000 0.1085 0.0090 0.0008 0.0001 1.0000 0.5556 0.0476 0.0038
0.0480 0.6018 1.0000 0.0001 0.0008 0.0094 0.1118 1.0000 1.0000 0.0002 0.0020 0.0244 0.3023 1.0000 1.0000 0.0005 0.0061 0.0764 0.9627 1.0000 0.0001 0.0016 0.0202 0.2548 1.0000 1.0000 0.0004 0.0054 0.0681 0.8605 1.0000 0.0001 0.0014 0.0182 0.2299 1.0000 1.0000 0.0004 0.0049 0.0614 0.7765 1.0000 0.0001 0.0013 0.0164 0.2075 1.0000 1.0000 0.0003 0.0037 0.0185 0.0037 0.0003 1.0000 1.0000 0.2075 0.0164 0.0013 0.0001 1.0000 0.7765 0.0614 0.0049 0.0004 1.0000 1.0000 0.2299 0.0182 0.0014 0.0001 1.0000 0.8605 0.0681 0.0054 0.0004 1.0000 1.0000 0.2548 0.0202 0.0016 0.0001 1.0000 0.9627 0.0764 0.0061 0.0005 1.0000 1.0000 0.3023 0.0244 0.0020 0.0002 1.0000 1.0000 0.1118 0.0094 0.0008 0.0001 1.0000 0.6018 0.0480
0.6064 1.0000 0.0001 0.0009 0.0100 0.1179 1.0000 1.0000 0.0002 0.0020 0.0241 0.2949 1.0000 1.0000 0.0005 0.0057 0.0718 0.8990 1.0000 0.0001 0.0015 0.0186 0.2352 1.0000 1.0000 0.0004 0.0050 0.0627 0.7929 1.0000 0.0001 0.0013 0.0168 0.2119 1.0000 1.0000 0.0004 0.0045 0.0566 0.7155 1.0000 0.0001 0.0012 0.0151 0.1912 1.0000 1.0000 0.0003 0.0039 0.0435 0.2151 0.0435 0.0039 0.0003 1.0000 1.0000 0.1912 0.0151 0.0012 0.0001 1.0000 0.7155 0.0566 0.0045 0.0004 1.0000 1.0000 0.2119 0.0168 0.0013 0.0001 1.0000 0.7929 0.0627 0.0050 0.0004 1.0000 1.0000 0.2352 0.0186 0.0015 0.0001 1.0000 0.8990 0.0718 0.0057 0.0005 1.0000 1.0000 0.2949 0.0241 0.0020 0.0002 1.0000 1.0000 0.1179 0.0100 0.0009 0.0001 1.0000 0.6064
1.0000 0.0001 0.0009 0.0108 0.1265 1.0000 1.0000 0.0002 0.0020 0.0244 0.2949 1.0000 1.0000 0.0004 0.0055 0.0682 0.8491 1.0000 0.0001 0.0014 0.0173 0.2184 1.0000 1.0000 0.0004 0.0046 0.0578 0.7307 1.0000 0.0001 0.0012 0.0154 0.1952 1.0000 1.0000 0.0003 0.0041 0.0522 0.6594 1.0000 0.0001 0.0011 0.0139 0.1762 1.0000 1.0000 0.0003 0.0037 0.0455 0.5072 1.0000 0.5072 0.0455 0.0037 0.0003 1.0000 1.0000 0.1762 0.0139 0.0011 0.0001 1.0000 0.6594 0.0522 0.0041 0.0003 1.0000 1.0000 0.1952 0.0154 0.0012 0.0001 1.0000 0.7307 0.0578 0.0046 0.0004 1.0000 1.0000 0.2184 0.0173 0.0014 0.0001 1.0000 0.8491 0.0682 0.0055 0.0004 1.0000 1.0000 0.2949 0.0244 0.0020 0.0002 1.0000 1.0000 0.1265 0.0108 0.0009 0.0001 1.0000
0.0001 0.0010 0.0117 0.1365 1.0000 1.0000 0.0002 0.0021 0.0254 0.3023 1.0000 1.0000 0.0004 0.0054 0.0660 0.8143 1.0000 0.0001 0.0013 0.0163 0.2039 1.0000 1.0000 0.0003 0.0042 0.0533 0.6733 1.0000 0.0001 0.0011 0.0142 0.1799 1.0000 1.0000 0.0003 0.0038 0.0481 0.6076 1.0000 0.0001 0.0010 0.0128 0.1623 1.0000 1.0000 0.0003 0.0034 0.0430 0.5298 1.0000 1.0000 1.0000 0.5298 0.0430 0.0034 0.0003 1.0000 1.0000 0.1623 0.0128 0.0010 0.0001 1.0000 0.6076 0.0481 0.0038 0.0003 1.0000 1.0000 0.1799 0.0142 0.0011 0.0001 1.0000 0.6733 0.0533 0.0042 0.0003 1.0000 1.0000 0.2039 0.0163 0.0013 0.0001 1.0000 0.8143 0.0660 0.0054 0.0004 1.0000 1.0000 0.3023 0.0254 0.0021 0.0002 1.0000 1.0000 0.1365 0.0117 0.0010 0.0001
0.0010 0.0127 0.1482 1.0000 1.0000 0.0002 0.0023 0.0268 0.3171 1.0000 1.0000 0.0004 0.0054 0.0653 0.7975 1.0000 0.0001 0.0012 0.0154 0.1923 1.0000 1.0000 0.0003 0.0039 0.0494 0.6228 1.0000 0.0001 0.0010 0.0131 0.1658 1.0000 1.0000 0.0003 0.0035 0.0443 0.5599 1.0000 0.0001 0.0009 0.0118 0.1496 1.0000 1.0000 0.0003 0.0032 0.0399 0.5014 1.0000 0.0001 0.0003 0.0001 1.0000 0.5014 0.0399 0.0032 0.0003 1.0000 1.0000 0.1496 0.0118 0.0009 0.0001 1.0000 0.5599 0.0443 0.0035 0.0003 1.0000 1.0000 0.1658 0.0131 0.0010 0.0001 1.0000 0.6228 0.0494 0.0039 0.0003 1.0000 1.0000 0.1923 0.0154 0.0012 0.0001 1.0000 0.7975 0.0653 0.0054 0.0004 1.0000 1.0000 0.3171 0.0268 0.0023 0.0002 1.0000 1.0000 0.1482 0.0127 0.0010
0.0128 0.1608 1.0000 1.0000 0.0002 0.0025 0.0287 0.3369 1.0000 1.0000 0.0005 0.0055 0.0660 0.7975 1.0000 0.0001 0.0012 0.0148 0.1830 1.0000 1.0000 0.0003 0.0037 0.0461 0.5794 1.0000 0.0001 0.0010 0.0121 0.1527 1.0000 1.0000 0.0003 0.0032 0.0408 0.5159 1.0000 0.0001 0.0009 0.0109 0.1378 1.0000 1.0000 0.0002 0.0029 0.0368 0.4647 1.0000 0.0001 0.0007 0.0033 0.0007 0.0001 1.0000 0.4647 0.0368 0.0029 0.0002 1.0000 1.0000 0.1378 0.0109 0.0009 0.0001 1.0000 0.5159 0.0408 0.0032 0.0003 1.0000 1.0000 0.1527 0.0121 0.0010 0.0001 1.0000 0.5794 0.0461 0.0037 0.0003 1.0000 1.0000 0.1830 0.0148 0.0012 0.0001 1.0000 0.7975 0.0660 0.0055 0.0005 1.0000 1.0000 0.3369 0.0287 0.0025 0.0002 1.0000 1.0000 0.1608 0.0128
0.1620 1.0000 1.0000 0.0002 0.0027 0.0310 0.3622 1.0000 1.0000 0.0005 0.0057 0.0682 0.8143 1.0000 0.0001 0.0012 0.0145 0.1775 1.0000 1.0000 0.0003 0.0035 0.0434 0.5431 1.0000 0.0001 0.0009 0.0112 0.1410 1.0000 1.0000 0.0002 0.0030 0.0376 0.4754 1.0000 0.0001 0.0008 0.0100 0.1270 1.0000 1.0000 0.0002 0.0027 0.0339 0.4290 1.0000 0.0001 0.0007 0.0077 0.0382 0.0077 0.0007 0.0001 1.0000 0.4290 0.0339 0.0027 0.0002 1.0000 1.0000 0.1270 0.0100 0.0008 0.0001 1.0000 0.4754 0.0376 0.0030 0.0002 1.0000 1.0000 0.1410 0.0112 0.0009 0.0001 1.0000 0.5431 0.0434 0.0035 0.0003 1.0000 1.0000 0.1775 0.0145 0.0012 0.0001 1.0000 0.8143 0.0682 0.0057 0.0005 1.0000 1.0000 0.3622 0.0310 0.0027 0.0002 1.0000 1.0000 0.1620
1.0000 1.0000 0.0002 0.0029 0.0336 0.3916 1.0000 1.0000 0.0005 0.0061 0.0718 0.8491 1.0000 0.0001 0.0012 0.0145 0.1755 1.0000 1.0000 0.0003 0.0033 0.0412 0.5139 1.0000 0.0001 0.0008 0.0105 0.1312 1.0000 1.0000 0.0002 0.0027 0.0347 0.4381 1.0000 0.0001 0.0007 0.0093 0.1170 1.0000 1.0000 0.0002 0.0025 0.0313 0.3953 1.0000 0.0001 0.0007 0.0081 0.0900 0.4448 0.0900 0.0081 0.0007 0.0001 1.0000 0.3953 0.0313 0.0025 0.0002 1.0000 1.0000 0.1170 0.0093 0.0007 0.0001 1.0000 0.4381 0.0347 0.0027 0.0002 1.0000 1.0000 0.1312 0.0105 0.0008 0.0001 1.0000 0.5139 0.0412 0.0033 0.0003 1.0000 1.0000 0.1755 0.0145 0.0012 0.0001 1.0000 0.8491 0.0718 0.0061 0.0005 1.0000 1.0000 0.3916 0.0336 0.0029 0.0002 1.0000 1.0000
1.0000 0.0003 0.0031 0.0365 0.4249 1.0000 1.0000 0.0006 0.0065 0.0764 0.8990 1.0000 0.0001 0.0012 0.0148 0.1775 1.0000 1.0000 0.0003 0.0032 0.0397 0.4910 1.0000 0.0001 0.0008 0.0098 0.1230 1.0000 1.0000 0.0002 0.0025 0.0320 0.4037 1.0000 0.0001 0.0007 0.0085 0.1078 1.0000 1.0000 0.0002 0.0023 0.0288 0.3643 1.0000 1.0000 0.0006 0.0076 0.0940 1.0000 1.0000 1.0000 0.0940 0.0076 0.0006 1.0000 1.0000 0.3643 0.0288 0.0023 0.0002 1.0000 1.0000 0.1078 0.0085 0.0007 0.0001 1.0000 0.4037 0.0320 0.0025 0.0002 1.0000 1.0000 0.1230 0.0098 0.0008 0.0001 1.0000 0.4910 0.0397 0.0032 0.0003 1.0000 1.0000 0.1775 0.0148 0.0012 0.0001 1.0000 0.8990 0.0764 0.0065 0.0006 1.0000 1.0000 0.4249 0.0365 0.0031 0.0003 1.0000
0.0003 0.0034 0.0396 0.4611 1.0000 1.0000 0.0006 0.0070 0.0822 0.9627 1.0000 0.0001 0.0013 0.0154 0.1830 1.0000 1.0000 0.0003 0.0032 0.0389 0.4772 1.0000 0.0001 0.0007 0.0093 0.1159 1.0000 1.0000 0.0002 0.0024 0.0297 0.3741 1.0000 1.0000 0.0006 0.0079 0.0994 1.0000 1.0000 0.0002 0.0021 0.0266 0.3357 1.0000 1.0000 0.0006 0.0071 0.0890 1.0000 1.0000 1.0000 1.0000 1.0000 0.0890 0.0071 0.0006 1.0000 1.0000 0.3357 0.0266 0.0021 0.0002 1.0000 1.0000 0.0994 0.0079 0.0006 1.0000 1.0000 0.3741 0.0297 0.0024 0.0002 1.0000 1.0000 0.1159 0.0093 0.0007 0.0001 1.0000 0.4772 0.0389 0.0032 0.0003 1.0000 1.0000 0.1830 0.0154 0.0013 0.0001 1.0000 0.9627 0.0822 0.0070 0.0006 1.0000 1.0000 0.4611 0.0396 0.0034 0.0003
0.0034 0.0430 0.5004 1.0000 0.0001 0.0007 0.0076 0.0888 1.0000 1.0000 0.0001 0.0014 0.0163 0.1923 1.0000 1.0000 0.0003 0.0032 0.0389 0.4718 1.0000 0.0001 0.0007 0.0089 0.1103 1.0000 1.0000 0.0002 0.0022 0.0277 0.3487 1.0000 1.0000 0.0006 0.0072 0.0916 1.0000 1.0000 0.0002 0.0019 0.0245 0.3093 1.0000 1.0000 0.0005 0.0065 0.0825 1.0000 1.0000 0.0001 0.0006 0.0001 1.0000 1.0000 0.0825 0.0065 0.0005 1.0000 1.0000 0.3093 0.0245 0.0019 0.0002 1.0000 1.0000 0.0916 0.0072 0.0006 1.0000 1.0000 0.3487 0.0277 0.0022 0.0002 1.0000 1.0000 0.1103 0.0089 0.0007 0.0001 1.0000 0.4718 0.0389 0.0032 0.0003 1.0000 1.0000 0.1923 0.0163 0.0014 0.0001 1.0000 1.0000 0.0888 0.0076 0.0007 0.0001 1.0000 0.5004 0.0430 0.0034
0.0433 0.5431 1.0000 0.0001 0.0007 0.0083 0.0964 1.0000 1.0000 0.0001 0.0015 0.0173 0.2039 1.0000 1.0000 0.0003 0.0033 0.0397 0.4772 1.0000 0.0001 0.0007 0.0086 0.1064 1.0000 1.0000 0.0002 0.0021 0.0261 0.3268 1.0000 1.0000 0.0005 0.0067 0.0845 1.0000 1.0000 0.0001 0.0018 0.0225 0.2850 1.0000 1.0000 0.0005 0.0060 0.0762 0.9608 1.0000 0.0001 0.0014 0.0068 0.0014 0.0001 1.0000 0.9608 0.0762 0.0060 0.0005 1.0000 1.0000 0.2850 0.0225 0.0018 0.0001 1.0000 1.0000 0.0845 0.0067 0.0005 1.0000 1.0000 0.3268 0.0261 0.0021 0.0002 1.0000 1.0000 0.1064 0.0086 0.0007 0.0001 1.0000 0.4772 0.0397 0.0033 0.0003 1.0000 1.0000 0.2039 0.0173 0.0015 0.0001 1.0000 1.0000 0.0964 0.0083 0.0007 0.0001 1.0000 0.5431 0.0433
0.5472 1.0000 0.0001 0.0008 0.0090 0.1046 1.0000 1.0000 0.0001 0.0016 0.0186 0.2184 1.0000 1.0000 0.0003 0.0035 0.0412 0.4910 1.0000 0.0001 0.0007 0.0086 0.1046 1.0000 1.0000 0.0002 0.0020 0.0248 0.3093 1.0000 1.0000 0.0005 0.0063 0.0787 0.9887 1.0000 0.0001 0.0016 0.0208 0.2626 1.0000 1.0000 0.0004 0.0056 0.0702 0.8871 1.0000 0.0001 0.0014 0.0160 0.0790 0.0160 0.0014 0.0001 1.0000 0.8871 0.0702 0.0056 0.0004 1.0000 1.0000 0.2626 0.0208 0.0016 0.0001 1.0000 0.9887 0.0787 0.0063 0.0005 1.0000 1.0000 0.3093 0.0248 0.0020 0.0002 1.0000 1.0000 0.1046 0.0086 0.0007 0.0001 1.0000 0.4910 0.0412 0.0035 0.0003 1.0000 1.0000 0.2184 0.0186 0.0016 0.0001 1.0000 1.0000 0.1046 0.0090 0.0008 0.0001 1.0000 0.5472
1.0000 0.0001 0.0008 0.0097 0.1135 1.0000 1.0000 0.0001 0.0017 0.0202 0.2352 1.0000 1.0000 0.0003 0.0037 0.0434 0.5139 1.0000 0.0001 0.0007 0.0086 0.1046 1.0000 1.0000 0.0002 0.0019 0.0239 0.2955 1.0000 1.0000 0.0005 0.0059 0.0737 0.9232 1.0000 0.0001 0.0015 0.0192 0.2420 1.0000 1.0000 0.0004 0.0051 0.0647 0.8174 1.0000 0.0001 0.0014 0.0167 0.1862 0.9197 0.1862 0.0167 0.0014 0.0001 1.0000 0.8174 0.0647 0.0051 0.0004 1.0000 1.0000 0.2420 0.0192 0.0015 0.0001 1.0000 0.9232 0.0737 0.0059 0.0005 1.0000 1.0000 0.2955 0.0239 0.0019 0.0002 1.0000 1.0000 0.1046 0.0086 0.0007 0.0001 1.0000 0.5139 0.0434 0.0037 0.0003 1.0000 1.0000 0.2352 0.0202 0.0017 0.0001 1.0000 1.0000 0.1135 0.0097 0.0008 0.0001 1.0000
0.0001 0.0009 0.0106 0.1232 1.0000 1.0000 0.0002 0.0019 0.0219 0.2548 1.0000 1.0000 0.0003 0.0039 0.0461 0.5431 1.0000 0.0001 0.0007 0.0089 0.1064 1.0000 1.0000 0.0002 0.0019 0.0232 0.2861 1.0000 1.0000 0.0004 0.0056 0.0696 0.8687 1.0000 0.0001 0.0014 0.0178 0.2243 1.0000 1.0000 0.0004 0.0047 0.0596 0.7532 1.0000 0.0001 0.0013 0.0158 0.1945 1.0000 1.0000 1.0000 0.1945 0.0158 0.0013 0.0001 1.0000 0.7532 0.0596 0.0047 0.0004 1.0000 1.0000 0.2243 0.0178 0.0014 0.0001 1.0000 0.8687 0.0696 0.0056 0.0004 1.0000 1.0000 0.2861 0.0232 0.0019 0.0002 1.0000 1.0000 0.1064 0.0089 0.0007 0.0001 1.0000 0.5431 0.0461 0.0039 0.0003 1.0000 1.0000 0.2548 0.0219 0.0019 0.0002 1.0000 1.0000 0.1232 0.0106 0.0009 0.0001
0.0009 0.0115 0.1337 1.0000 1.0000 0.0002 0.0020 0.0237 0.2765 1.0000 1.0000 0.0004 0.0042 0.0494 0.5794 1.0000 0.0001 0.0008 0.0093 0.1103 1.0000 1.0000 0.0002 0.0019 0.0230 0.2813 1.0000 1.0000 0.0004 0.0053 0.0663 0.8252 1.0000 0.0001 0.0013 0.0166 0.2090 1.0000 1.0000 0.0003 0.0043 0.0549 0.6941 1.0000 0.0001 0.0012 0.0146 0.1840 1.0000 1.0000 0.0001 1.0000 1.0000 0.1840 0.0146 0.0012 0.0001 1.0000 0.6941 0.0549 0.0043 0.0003 1.0000 1.0000 0.2090 0.0166 0.0013 0.0001 1.0000 0.8252 0.0663 0.0053 0.0004 1.0000 1.0000 0.2813 0.0230 0.0019 0.0002 1.0000 1.0000 0.1103 0.0093 0.0008 0.0001 1.0000 0.5794 0.0494 0.0042 0.0004 1.0000 1.0000 0.2765 0.0237 0.0020 0.0002 1.0000 1.0000 0.1337 0.0115 0.0009
0.0116 0.1451 1.0000 1.0000 0.0002 0.0022 0.0258 0.3000 1.0000 1.0000 0.0004 0.0046 0.0533 0.6228 1.0000 0.0001 0.0008 0.0098 0.1159 1.0000 1.0000 0.0002 0.0019 0.0232 0.2813 1.0000 1.0000 0.0004 0.0052 0.0638 0.7899 1.0000 0.0001 0.0013 0.0156 0.1960 1.0000 1.0000 0.0003 0.0040 0.0507 0.6396 1.0000 0.0001 0.0011 0.0135 0.1706 1.0000 1.0000 0.0002 0.0012 0.0002 1.0000 1.0000 0.1706 0.0135 0.0011 0.0001 1.0000 0.6396 0.0507 0.0040 0.0003 1.0000 1.0000 0.1960 0.0156 0.0013 0.0001 1.0000 0.7899 0.0638 0.0052 0.0004 1.0000 1.0000 0.2813 0.0232 0.0019 0.0002 1.0000 1.0000 0.1159 0.0098 0.0008 0.0001 1.0000 0.6228 0.0533 0.0046 0.0004 1.0000 1.0000 0.3000 0.0258 0.0022 0.0002 1.0000 1.0000 0.1451 0.0116
0.1462 1.0000 1.0000 0.0002 0.0024 0.0280 0.3256 1.0000 1.0000 0.0004 0.0050 0.0578 0.6733 1.0000 0.0001 0.0009 0.0105 0.1230 1.0000 1.0000 0.0002 0.0020 0.0239 0.2861 1.0000 1.0000 0.0004 0.0051 0.0624 0.7662 1.0000 0.0001 0.0012 0.0149 0.1854 1.0000 1.0000 0.0003 0.0038 0.0472 0.5927 1.0000 0.0001 0.0010 0.0125 0.1575 1.0000 1.0000 0.0003 0.0028 0.0140 0.0028 0.0003 1.0000 1.0000 0.1575 0.0125 0.0010 0.0001 1.0000 0.5927 0.0472 0.0038 0.0003 1.0000 1.0000 0.1854 0.0149 0.0012 0.0001 1.0000 0.7662 0.0624 0.0051 0.0004 1.0000 1.0000 0.2861 0.0239 0.0020 0.0002 1.0000 1.0000 0.1230 0.0105 0.0009 0.0001 1.0000 0.6733 0.0578 0.0050 0.0004 1.0000 1.0000 0.3256 0.0280 0.0024 0.0002 1.0000 1.0000 0.1462
1.0000 1.0000 0.0002 0.0026 0.0303 0.3534 1.0000 1.0000 0.0005 0.0054 0.0627 0.7307 1.0000 0.0001 0.0010 0.0112 0.1312 1.0000 1.0000 0.0002 0.0021 0.0248 0.2955 1.0000 1.0000 0.0004 0.0051 0.0619 0.7547 1.0000 0.0001 0.0012 0.0143 0.1772 1.0000 1.0000 0.0003 0.0035 0.0442 0.5535 1.0000 0.0001 0.0009 0.0115 0.1451 1.0000 1.0000 0.0002 0.0030 0.0330 0.1633 0.0330 0.0030 0.0002 1.0000 1.0000 0.1451 0.0115 0.0009 0.0001 1.0000 0.5535 0.0442 0.0035 0.0003 1.0000 1.0000 0.1772 0.0143 0.0012 0.0001 1.0000 0.7547 0.0619 0.0051 0.0004 1.0000 1.0000 0.2955 0.0248 0.0021 0.0002 1.0000 1.0000 0.1312 0.0112 0.0010 0.0001 1.0000 0.7307 0.0627 0.0054 0.0005 1.0000 1.0000 0.3534 0.0303 0.0026 0.0002 1.0000 1.0000
1.0000 0.0002 0.0028 0.0329 0.3835 1.0000 1.0000 0.0005 0.0058 0.0681 0.7929 1.0000 0.0001 0.0010 0.0121 0.1410 1.0000 1.0000 0.0002 0.0022 0.0261 0.3093 1.0000 1.0000 0.0004 0.0052 0.0624 0.7547 1.0000 0.0001 0.0011 0.0139 0.1712 1.0000 1.0000 0.0003 0.0033 0.0418 0.5208 1.0000 0.0001 0.0008 0.0107 0.1342 1.0000 1.0000 0.0002 0.0028 0.0345 0.3849 1.0000 0.3849 0.0345 0.0028 0.0002 1.0000 1.0000 0.1342 0.0107 0.0008 0.0001 1.0000 0.5208 0.0418 0.0033 0.0003 1.0000 1.0000 0.1712 0.0139 0.0011 0.0001 1.0000 0.7547 0.0624 0.0052 0.0004 1.0000 1.0000 0.3093 0.0261 0.0022 0.0002 1.0000 1.0000 0.1410 0.0121 0.0010 0.0001 1.0000 0.7929 0.0681 0.0058 0.0005 1.0000 1.0000 0.3835 0.0329 0.0028 0.0002 1.0000
0.0002 0.0031 0.0357 0.4161 1.0000 1.0000 0.0005 0.0063 0.0739 0.8605 1.0000 0.0001 0.0011 0.0131 0.1527 1.0000 1.0000 0.0002 0.0024 0.0277 0.3268 1.0000 1.0000 0.0004 0.0053 0.0638 0.7662 1.0000 0.0001 0.0011 0.0137 0.1673 1.0000 1.0000 0.0003 0.0032 0.0397 0.4938 1.0000 0.0001 0.0008 0.0100 0.1249 1.0000 1.0000 0.0002 0.0026 0.0327 0.4021 1.0000 1.0000 1.0000 0.4021 0.0327 0.0026 0.0002 1.0000 1.0000 0.1249 0.0100 0.0008 0.0001 1.0000 0.4938 0.0397 0.0032 0.0003 1.0000 1.0000 0.1673 0.0137 0.0011 0.0001 1.0000 0.7662 0.0638 0.0053 0.0004 1.0000 1.0000 0.3268 0.0277 0.0024 0.0002 1.0000 1.0000 0.1527 0.0131 0.0011 0.0001 1.0000 0.8605 0.0739 0.0063 0.0005 1.0000 1.0000 0.4161 0.0357 0.0031 0.0002
0.0031 0.0388 0.4516 1.0000 1.0000 0.0006 0.0069 0.0802 0.9338 1.0000 0.0001 0.0012 0.0142 0.1658 1.0000 1.0000 0.0002 0.0025 0.0297 0.3487 1.0000 1.0000 0.0005 0.0056 0.0663 0.7899 1.0000 0.0001 0.0011 0.0137 0.1661 1.0000 1.0000 0.0003 0.0031 0.0382 0.4727 1.0000 0.0001 0.0008 0.0094 0.1170 1.0000 1.0000 0.0002 0.0024 0.0304 0.3813 1.0000 1.0000 0.0002 1.0000 1.0000 0.3813 0.0304 0.0024 0.0002 1.0000 1.0000 0.1170 0.0094 0.0008 0.0001 1.0000 0.4727 0.0382 0.0031 0.0003 1.0000 1.0000 0.1661 0.0137 0.0011 0.0001 1.0000 0.7899 0.0663 0.0056 0.0005 1.0000 1.0000 0.3487 0.0297 0.0025 0.0002 1.0000 1.0000 0.1658 0.0142 0.0012 0.0001 1.0000 0.9338 0.0802 0.0069 0.0006 1.0000 1.0000 0.4516 0.0388 0.0031
0.0391 0.4901 1.0000 0.0001 0.0006 0.0075 0.0870 1.0000 1.0000 0.0001 0.0013 0.0154 0.1799 1.0000 1.0000 0.0002 0.0027 0.0320 0.3741 1.0000 1.0000 0.0005 0.0059 0.0696 0.8252 1.0000 0.0001 0.0012 0.0139 0.1673 1.0000 1.0000 0.0002 0.0030 0.0372 0.4577 1.0000 0.0001 0.0007 0.0089 0.1108 1.0000 1.0000 0.0002 0.0022 0.0283 0.3554 1.0000 1.0000 0.0005 0.0025 0.0005 1.0000 1.0000 0.3554 0.0283 0.0022 0.0002 1.0000 1.0000 0.1108 0.0089 0.0007 0.0001 1.0000 0.4577 0.0372 0.0030 0.0002 1.0000 1.0000 0.1673 0.0139 0.0012 0.0001 1.0000 0.8252 0.0696 0.0059 0.0005 1.0000 1.0000 0.3741 0.0320 0.0027 0.0002 1.0000 1.0000 0.1799 0.0154 0.0013 0.0001 1.0000 1.0000 0.0870 0.0075 0.0006 0.0001 1.0000 0.4901 0.0391
0.4938 1.0000 0.0001 0.0007 0.0081 0.0944 1.0000 1.0000 0.0001 0.0014 0.0168 0.1952 1.0000 1.0000 0.0003 0.0030 0.0347 0.4037 1.0000 1.0000 0.0005 0.0063 0.0737 0.8687 1.0000 0.0001 0.0012 0.0143 0.1712 1.0000 1.0000 0.0002 0.0030 0.0366 0.4473 1.0000 0.0001 0.0007 0.0085 0.1056 1.0000 1.0000 0.0002 0.0021 0.0265 0.3319 1.0000 1.0000 0.0005 0.0059 0.0290 0.0059 0.0005 1.0000 1.0000 0.3319 0.0265 0.0021 0.0002 1.0000 1.0000 0.1056 0.0085 0.0007 0.0001 1.0000 0.4473 0.0366 0.0030 0.0002 1.0000 1.0000 0.1712 0.0143 0.0012 0.0001 1.0000 0.8687 0.0737 0.0063 0.0005 1.0000 1.0000 0.4037 0.0347 0.0030 0.0003 1.0000 1.0000 0.1952 0.0168 0.0014 0.0001 1.0000 1.0000 0.0944 0.0081 0.0007 0.0001 1.0000 0.4938
1.0000 0.0001 0.0008 0.0088 0.1025 1.0000 1.0000 0.0001 0.0016 0.0182 0.2119 1.0000 1.0000 0.0003 0.0032 0.0376 0.4381 1.0000 1.0000 0.0006 0.0067 0.0787 0.9232 1.0000 0.0001 0.0013 0.0149 0.1772 1.0000 1.0000 0.0003 0.0030 0.0366 0.4439 1.0000 0.0001 0.0007 0.0082 0.1017 1.0000 1.0000 0.0002 0.0020 0.0249 0.3111 1.0000 1.0000 0.0005 0.0062 0.0687 0.3389 0.0687 0.0062 0.0005 1.0000 1.0000 0.3111 0.0249 0.0020 0.0002 1.0000 1.0000 0.1017 0.0082 0.0007 0.0001 1.0000 0.4439 0.0366 0.0030 0.0003 1.0000 1.0000 0.1772 0.0149 0.0013 0.0001 1.0000 0.9232 0.0787 0.0067 0.0006 1.0000 1.0000 0.4381 0.0376 0.0032 0.0003 1.0000 1.0000 0.2119 0.0182 0.0016 0.0001 1.0000 1.0000 0.1025 0.0088 0.0008 0.0001 1.0000
0.0001 0.0008 0.0095 0.1112 1.0000 1.0000 0.0001 0.0017 0.0197 0.2299 1.0000 1.0000 0.0003 0.0035 0.0408 0.4754 1.0000 0.0001 0.0006 0.0072 0.0845 0.9887 1.0000 0.0001 0.0013 0.0156 0.1854 1.0000 1.0000 0.0003 0.0031 0.0372 0.4473 1.0000 0.0001 0.0007 0.0081 0.0990 1.0000 1.0000 0.0002 0.0019 0.0236 0.2944 1.0000 1.0000 0.0005 0.0059 0.0723 0.8036 1.0000 0.8036 0.0723 0.0059 0.0005 1.0000 1.0000 0.2944 0.0236 0.0019 0.0002 1.0000 1.0000 0.0990 0.0081 0.0007 0.0001 1.0000 0.4473 0.0372 0.0031 0.0003 1.0000 1.0000 0.1854 0.0156 0.0013 0.0001 1.0000 0.9887 0.0845 0.0072 0.0006 0.0001 1.0000 0.4754 0.0408 0.0035 0.0003 1.0000 1.0000 0.2299 0.0197 0.0017 0.0001 1.0000 1.0000 0.1112 0.0095 0.0008 0.0001
0.0008 0.0104 0.1207 1.0000 1.0000 0.0002 0.0018 0.0214 0.2495 1.0000 1.0000 0.0003 0.0038 0.0443 0.5159 1.0000 0.0001 0.0007 0.0079 0.0916 1.0000 1.0000 0.0001 0.0014 0.0166 0.1960 1.0000 1.0000 0.0003 0.0032 0.0382 0.4577 1.0000 0.0001 0.0007 0.0080 0.0975 1.0000 1.0000 0.0001 0.0018 0.0226 0.2807 1.0000 1.0000 0.0004 0.0056 0.0696 0.8491 1.0000 1.0000 1.0000 0.8491 0.0696 0.0056 0.0004 1.0000 1.0000 0.2807 0.0226 0.0018 0.0001 1.0000 1.0000 0.0975 0.0080 0.0007 0.0001 1.0000 0.4577 0.0382 0.0032 0.0003 1.0000 1.0000 0.1960 0.0166 0.0014 0.0001 1.0000 1.0000 0.0916 0.0079 0.0007 0.0001 1.0000 0.5159 0.0443 0.0038 0.0003 1.0000 1.0000 0.2495 0.0214 0.0018 0.0002 1.0000 1.0000 0.1207 0.0104 0.0008
0.0104 0.1309 1.0000 1.0000 0.0002 0.0020 0.0232 0.2708 1.0000 1.0000 0.0004 0.0041 0.0481 0.5599 1.0000 0.0001 0.0007 0.0085 0.0994 1.0000 1.0000 0.0001 0.0015 0.0178 0.2090 1.0000 1.0000 0.0003 0.0033 0.0397 0.4727 1.0000 0.0001 0.0007 0.0081 0.0975 1.0000 1.0000 0.0001 0.0018 0.0219 0.2702 1.0000 1.0000 0.0004 0.0053 0.0660 0.8205 1.0000 0.0001 0.0005 0.0001 1.0000 0.8205 0.0660 0.0053 0.0004 1.0000 1.0000 0.2702 0.0219 0.0018 0.0001 1.0000 1.0000 0.0975 0.0081 0.0007 0.0001 1.0000 0.4727 0.0397 0.0033 0.0003 1.0000 1.0000 0.2090 0.0178 0.0015 0.0001 1.0000 1.0000 0.0994 0.0085 0.0007 0.0001 1.0000 0.5599 0.0481 0.0041 0.0004 1.0000 1.0000 0.2708 0.0232 0.0020 0.0002 1.0000 1.0000 0.1309 0.0104
0.1319 1.0000 1.0000 0.0002 0.0022 0.0252 0.2938 1.0000 1.0000 0.0004 0.0045 0.0522 0.6076 1.0000 0.0001 0.0008 0.0093 0.1078 1.0000 1.0000 0.0001 0.0016 0.0192 0.2243 1.0000 1.0000 0.0003 0.0035 0.0418 0.4938 1.0000 0.0001 0.0007 0.0082 0.0990 1.0000 1.0000 0.0001 0.0018 0.0215 0.2631 1.0000 1.0000 0.0004 0.0051 0.0628 0.7810 1.0000 0.0001 0.0011 0.0053 0.0011 0.0001 1.0000 0.7810 0.0628 0.0051 0.0004 1.0000 1.0000 0.2631 0.0215 0.0018 0.0001 1.0000 1.0000 0.0990 0.0082 0.0007 0.0001 1.0000 0.4938 0.0418 0.0035 0.0003 1.0000 1.0000 0.2243 0.0192 0.0016 0.0001 1.0000 1.0000 0.1078 0.0093 0.0008 0.0001 1.0000 0.6076 0.0522 0.0045 0.0004 1.0000 1.0000 0.2938 0.0252 0.0022 0.0002 1.0000 1.0000 0.1319
1.0000 1.0000 0.0002 0.0023 0.0274 0.3189 1.0000 1.0000 0.0004 0.0049 0.0566 0.6594 1.0000 0.0001 0.0009 0.0100 0.1170 1.0000 1.0000 0.0002 0.0018 0.0208 0.2420 1.0000 1.0000 0.0003 0.0038 0.0442 0.5208 1.0000 0.0001 0.0007 0.0085 0.1017 1.0000 1.0000 0.0001 0.0018 0.0213 0.2592 1.0000 1.0000 0.0004 0.0049 0.0602 0.7461 1.0000 0.0001 0.0011 0.0127 0.0624 0.0127 0.0011 0.0001 1.0000 0.7461 0.0602 0.0049 0.0004 1.0000 1.0000 0.2592 0.0213 0.0018 0.0001 1.0000 1.0000 0.1017 0.0085 0.0007 0.0001 1.0000 0.5208 0.0442 0.0038 0.0003 1.0000 1.0000 0.2420 0.0208 0.0018 0.0002 1.0000 1.0000 0.1170 0.0100 0.0009 0.0001 1.0000 0.6594 0.0566 0.0049 0.0004 1.0000 1.0000 0.3189 0.0274 0.0023 0.0002 1.0000 1.0000
1.0000 0.0002 0.0025 0.0297 0.3460 1.0000 1.0000 0.0005 0.0053 0.0614 0.7155 1.0000 0.0001 0.0009 0.0109 0.1270 1.0000 1.0000 0.0002 0.0019 0.0225 0.2626 1.0000 1.0000 0.0003 0.0040 0.0472 0.5535 1.0000 0.0001 0.0008 0.0089 0.1056 1.0000 1.0000 0.0001 0.0018 0.0215 0.2592 1.0000 1.0000 0.0004 0.0047 0.0582 0.7183 1.0000 0.0001 0.0011 0.0136 0.1502 0.7376 0.1502 0.0136 0.0011 0.0001 1.0000 0.7196 0.0582 0.0047 0.0004 1.0000 1.0000 0.2592 0.0215 0.0018 0.0001 1.0000 1.0000 0.1056 0.0089 0.0008 0.0001 1.0000 0.5535 0.0472 0.0040 0.0003 1.0000 1.0000 0.2626 0.0225 0.0019 0.0002 1.0000 1.0000 0.1270 0.0109 0.0009 0.0001 1.0000 0.7155 0.0614 0.0053 0.0005 1.0000 1.0000 0.3460 0.0297 0.0025 0.0002 1.0000
0.0002 0.0028 0.0322 0.3755 1.0000 1.0000 0.0005 0.0057 0.0667 0.7765 1.0000 0.0001 0.0010 0.0118 0.1378 1.0000 1.0000 0.0002 0.0021 0.0245 0.2850 1.0000 1.0000 0.0004 0.0043 0.0507 0.5927 1.0000 0.0001 0.0008 0.0094 0.1108 1.0000 1.0000 0.0002 0.0018 0.0219 0.2631 1.0000 1.0000 0.0004 0.0047 0.0570 0.6994 1.0000 0.0001 0.0011 0.0134 0.1614 1.0000 1.0000 1.0000 0.1614 0.0134 0.0011 0.0001 1.0000 0.7007 0.0570 0.0047 0.0004 1.0000 1.0000 0.2631 0.0219 0.0018 0.0002 1.0000 1.0000 0.1108 0.0094 0.0008 0.0001 1.0000 0.5927 0.0507 0.0043 0.0004 1.0000 1.0000 0.2850 0.0245 0.0021 0.0002 1.0000 1.0000 0.1378 0.0118 0.0010 0.0001 1.0000 0.7765 0.0667 0.0057 0.0005 1.0000 1.0000 0.3755 0.0322 0.0028 0.0002
0.0028 0.0350 0.4075 1.0000 1.0000 0.0005 0.0062 0.0723 0.8427 1.0000 0.0001 0.0011 0.0128 0.1496 1.0000 1.0000 0.0002 0.0023 0.0266 0.3093 1.0000 1.0000 0.0004 0.0047 0.0549 0.6396 1.0000 0.0001 0.0008 0.0100 0.1170 1.0000 1.0000 0.0002 0.0019 0.0226 0.2702 1.0000 1.0000 0.0004 0.0047 0.0566 0.6888 1.0000 0.0001 0.0011 0.0129 0.1593 1.0000 1.0000 0.0001 1.0000 1.0000 0.1593 0.0130 0.0011 0.0001 1.0000 0.6901 0.0566 0.0047 0.0004 1.0000 1.0000 0.2702 0.0226 0.0019 0.0002 1.0000 1.0000 0.1170 0.0100 0.0008 0.0001 1.0000 0.6396 0.0549 0.0047 0.0004 1.0000 1.0000 0.3093 0.0266 0.0023 0.0002 1.0000 1.0000 0.1496 0.0128 0.0011 0.0001 1.0000 0.8427 0.0723 0.0062 0.0005 1.0000 1.0000 0.4075 0.0350 0.0028
0.0353 0.4423 1.0000 1.0000 0.0006 0.0067 0.0785 0.9145 1.0000 0.0001 0.0012 0.0139 0.1623 1.0000 1.0000 0.0002 0.0025 0.0288 0.3357 1.0000 1.0000 0.0004 0.0051 0.0596 0.6941 1.0000 0.0001 0.0009 0.0107 0.1249 1.0000 1.0000 0.0002 0.0020 0.0236 0.2807 1.0000 1.0000 0.0004 0.0047 0.0570 0.6888 1.0000 0.0001 0.0010 0.0126 0.1554 1.0000 1.0000 0.0002 0.0010 0.0002 1.0000 1.0000 0.1551 0.0127 0.0010 0.0001 1.0000 0.6901 0.0570 0.0047 0.0004 1.0000 1.0000 0.2807 0.0236 0.0020 0.0002 1.0000 1.0000 0.1249 0.0107 0.0009 0.0001 1.0000 0.6941 0.0596 0.0051 0.0004 1.0000 1.0000 0.3357 0.0288 0.0025 0.0002 1.0000 1.0000 0.1623 0.0139 0.0012 0.0001 1.0000 0.9145 0.0785 0.0067 0.0006 1.0000 1.0000 0.4423 0.0353
0.4456 1.0000 0.0001 0.0006 0.0073 0.0852 0.9924 1.0000 0.0001 0.0013 0.0151 0.1762 1.0000 1.0000 0.0002 0.0027 0.0313 0.3643 1.0000 1.0000 0.0005 0.0056 0.0647 0.7532 1.0000 0.0001 0.0010 0.0115 0.1342 1.0000 1.0000 0.0002 0.0021 0.0249 0.2944 1.0000 1.0000 0.0004 0.0049 0.0582 0.6994 1.0000 0.0001 0.0010 0.0130 0.1590 1.0000 1.0000 0.0002 0.0023 0.0118 0.0024 0.0002 1.0000 1.0000 0.1496 0.0122 0.0010 0.0001 1.0000 0.7007 0.0582 0.0049 0.0004 1.0000 1.0000 0.2944 0.0249 0.0021 0.0002 1.0000 1.0000 0.1342 0.0115 0.0010 0.0001 1.0000 0.7532 0.0647 0.0056 0.0005 1.0000 1.0000 0.3643 0.0313 0.0027 0.0002 1.0000 1.0000 0.1762 0.0151 0.0013 0.0001 1.0000 0.9924 0.0852 0.0073 0.0006 0.0001 1.0000 0.4456
1.0000 0.0001 0.0007 0.0079 0.0925 1.0000 1.0000 0.0001 0.0014 0.0164 0.1912 1.0000 1.0000 0.0003 0.0029 0.0339 0.3953 1.0000 1.0000 0.0005 0.0060 0.0702 0.8174 1.0000 0.0001 0.0011 0.0125 0.1451 1.0000 1.0000 0.0002 0.0022 0.0265 0.3111 1.0000 1.0000 0.0004 0.0051 0.0602 0.7183 1.0000 0.0001 0.0010 0.0120 0.1476 1.0000 1.0000 0.0002 0.0026 0.0284 0.1378 0.0290 0.0028 0.0002 1.0000 1.0000 0.1487 0.0121 0.0010 0.0001 1.0000 0.7196 0.0602 0.0051 0.0004 1.0000 1.0000 0.3111 0.0265 0.0022 0.0002 1.0000 1.0000 0.1451 0.0125 0.0011 0.0001 1.0000 0.8174 0.0702 0.0060 0.0005 1.0000 1.0000 0.3953 0.0339 0.0029 0.0003 1.0000 1.0000 0.1912 0.0164 0.0014 0.0001 1.0000 1.0000 0.0925 0.0079 0.0007 0.0001 1.0000
0.0001 0.0007 0.0086 0.1003 1.0000 1.0000 0.0001 0.0015 0.0178 0.2075 1.0000 1.0000 0.0003 0.0032 0.0368 0.4290 1.0000 1.0000 0.0006 0.0065 0.0762 0.8871 1.0000 0.0001 0.0012 0.0135 0.1575 1.0000 1.0000 0.0002 0.0024 0.0283 0.3319 1.0000 1.0000 0.0004 0.0053 0.0628 0.7461 1.0000 0.0001 0.0011 0.0126 0.1542 1.0000 1.0000 0.0002 0.0027 0.0310 0.3513 1.0000 0.3454 0.0334 0.0029 0.0002 1.0000 1.0000 0.1459 0.0124 0.0011 0.0001 1.0000 0.7461 0.0628 0.0053 0.0004 1.0000 1.0000 0.3319 0.0283 0.0024 0.0002 1.0000 1.0000 0.1575 0.0135 0.0012 0.0001 1.0000 0.8871 0.0762 0.0065 0.0006 1.0000 1.0000 0.4290 0.0368 0.0032 0.0003 1.0000 1.0000 0.2075 0.0178 0.0015 0.0001 1.0000 1.0000 0.1003 0.0086 0.0007 0.0001
0.0007 0.0093 0.1087 1.0000 1.0000 0.0001 0.0017 0.0193 0.2247 1.0000 1.0000 0.0003 0.0034 0.0399 0.4647 1.0000 0.0001 0.0006 0.0071 0.0825 0.9608 1.0000 0.0001 0.0013 0.0146 0.1706 1.0000 1.0000 0.0002 0.0026 0.0304 0.3554 1.0000 1.0000 0.0005 0.0056 0.0660 0.7810 1.0000 0.0001 0.0011 0.0130 0.1560 1.0000 1.0000 0.0002 0.0026 0.0311 0.3629 1.0000 1.0000 1.0000 0.4029 0.0344 0.0029 0.0002 1.0000 1.0000 0.1516 0.0129 0.0011 0.0001 1.0000 0.7810 0.0660 0.0056 0.0005 1.0000 1.0000 0.3554 0.0304 0.0026 0.0002 1.0000 1.0000 0.1706 0.0146 0.0013 0.0001 1.0000 0.9608 0.0825 0.0071 0.0006 0.0001 1.0000 0.4647 0.0399 0.0034 0.0003 1.0000 1.0000 0.2247 0.0193 0.0017 0.0001 1.0000 1.0000 0.1087 0.0093 0.0007
0.0093 0.1175 1.0000 1.0000 0.0002 0.0018 0.0208 0.2425 1.0000 1.0000 0.0003 0.0037 0.0430 0.5014 1.0000 0.0001 0.0007 0.0076 0.0890 1.0000 1.0000 0.0001 0.0014 0.0158 0.1840 1.0000 1.0000 0.0002 0.0028 0.0327 0.3813 1.0000 1.0000 0.0005 0.0059 0.0696 0.8205 1.0000 0.0001 0.0011 0.0134 0.1593 1.0000 1.0000 0.0002 0.0026 0.0316 0.3820 1.0000 1.0000 0.0002 1.0000 1.0000 0.3893 0.0329 0.0027 0.0002 1.0000 1.0000 0.1590 0.0134 0.0011 0.0001 1.0000 0.8205 0.0696 0.0059 0.0005 1.0000 1.0000 0.3813 0.0327 0.0028 0.0002 1.0000 1.0000 0.1840 0.0158 0.0014 0.0001 1.0000 1.0000 0.0890 0.0076 0.0007 0.0001 1.0000 0.5014 0.0430 0.0037 0.0003 1.0000 1.0000 0.2425 0.0208 0.0018 0.0002 1.0000 1.0000 0.1175 0.0093
0.1148 1.0000 1.0000 0.0002 0.0019 0.0220 0.2562 1.0000 1.0000 0.0003 0.0039 0.0455 0.5298 1.0000 0.0001 0.0007 0.0081 0.0940 1.0000 1.0000 0.0001 0.0014 0.0167 0.1945 1.0000 1.0000 0.0003 0.0030 0.0345 0.4021 1.0000 1.0000 0.0005 0.0062 0.0723 0.8491 1.0000 0.0001 0.0011 0.0136 0.1614 1.0000 1.0000 0.0002 0.0028 0.0324 0.3931 1.0000 1.0000 0.0005 0.0025 0.0005 1.0000 1.0000 0.3998 0.0329 0.0027 0.0002 1.0000 1.0000 0.1614 0.0136 0.0011 0.0001 1.0000 0.8491 0.0723 0.0062 0.0005 1.0000 1.0000 0.4021 0.0345 0.0030 0.0003 1.0000 1.0000 0.1945 0.0167 0.0014 0.0001 1.0000 1.0000 0.0940 0.0081 0.0007 0.0001 1.0000 0.5298 0.0455 0.0039 0.0003 1.0000 1.0000 0.2562 0.0220 0.0019 0.0002 1.0000 1.0000 0.1148
1.0000 1.0000 0.0002 0.0018 0.0211 0.2453 1.0000 1.0000 0.0003 0.0037 0.0435 0.5072 1.0000 0.0001 0.0007 0.0077 0.0900 1.0000 1.0000 0.0001 0.0014 0.0160 0.1862 1.0000 1.0000 0.0002 0.0028 0.0330 0.3849 1.0000 1.0000 0.0005 0.0059 0.0687 0.8036 1.0000 0.0001 0.0011 0.0127 0.1502 1.0000 1.0000 0.0002 0.0024 0.0309 0.3408 1.0000 1.0000 0.0005 0.0056 0.0263 0.0056 0.0005 1.0000 1.0000 0.3395 0.0300 0.0025 0.0002 1.0000 1.0000 0.1502 0.0127 0.0011 0.0001 1.0000 0.8036 0.0687 0.0059 0.0005 1.0000 1.0000 0.3849 0.0330 0.0028 0.0002 1.0000 1.0000 0.1862 0.0160 0.0014 0.0001 1.0000 1.0000 0.0900 0.0077 0.0007 0.0001 1.0000 0.5072 0.0435 0.0037 0.0003 1.0000 1.0000 0.2453 0.0211 0.0018 0.0002 1.0000 1.0000
1.0000 0.0001 0.0008 0.0089 0.1040 1.0000 1.0000 0.0001 0.0016 0.0185 0.2151 1.0000 1.0000 0.0003 0.0033 0.0382 0.4448 1.0000 1.0000 0.0006 0.0068 0.0790 0.9197 1.0000 0.0001 0.0012 0.0140 0.1633 1.0000 1.0000 0.0002 0.0025 0.0290 0.3389 1.0000 1.0000 0.0005 0.0053 0.0624 0.7376 1.0000 0.0001 0.0010 0.0118 0.1490 1.0000 1.0000 0.0002 0.0024 0.0254 0.1237 0.0278 0.0024 0.0002 1.0000 1.0000 0.1418 0.0119 0.0010 0.0001 1.0000 0.7376 0.0624 0.0053 0.0005 1.0000 1.0000 0.3389 0.0290 0.0025 0.0002 1.0000 1.0000 0.1633 0.0140 0.0012 0.0001 1.0000 0.9197 0.0790 0.0068 0.0006 1.0000 1.0000 0.4448 0.0382 0.0033 0.0003 1.0000 1.0000 0.2151 0.0185 0.0016 0.0001 1.0000 1.0000 0.1040 0.0089 0.0008 0.0001 1.0000
1.0000 1.0000 0.0002 0.0018 0.0211 0.2453 1.0000 1.0000 0.0003 0.0037 0.0435 0.5072 1.0000 0.0001 0.0007 0.0077 0.0900 1.0000 1.0000 0.0001 0.0014 0.0160 0.1862 1.0000 1.0000 0.0002 0.0028 0.0330 0.3849 1.0000 1.0000 0.0005 0.0059 0.0687 0.8036 1.0000 0.0001 0.0011 0.0127 0.1502 1.0000 1.0000 0.0002 0.0026 0.0298 0.3643 1.0000 1.0000 0.0005 0.0053 0.0258 0.0055 0.0005 1.0000 1.0000 0.3287 0.0281 0.0025 0.0002 1.0000 1.0000 0.1502 0.0127 0.0011 0.0001 1.0000 0.8036 0.0687 0.0059 0.0005 1.0000 1.0000 0.3849 0.0330 0.0028 0.0002 1.0000 1.0000 0.1862 0.0160 0.0014 0.0001 1.0000 1.0000 0.0900 0.0077 0.0007 0.0001 1.0000 0.5072 0.0435 0.0037 0.0003 1.0000 1.0000 0.2453 0.0211 0.0018 0.0002 1.0000 1.0000
0.1148 1.0000 1.0000 0.0002 0.0019 0.0220 0.2562 1.0000 1.0000 0.0003 0.0039 0.0455 0.5298 1.0000 0.0001 0.0007 0.0081 0.0940 1.0000 1.0000 0.0001 0.0014 0.0167 0.1945 1.0000 1.0000 0.0003 0.0030 0.0345 0.4021 1.0000 1.0000 0.0005 0.0062 0.0723 0.8491 1.0000 0.0001 0.0011 0.0136 0.1614 1.0000 1.0000 0.0002 0.0027 0.0329 0.3827 1.0000 1.0000 0.0005 0.0025 0.0005 1.0000 1.0000 0.3493 0.0305 0.0026 0.0002 1.0000 1.0000 0.1614 0.0136 0.0011 0.0001 1.0000 0.8491 0.0723 0.0062 0.0005 1.0000 1.0000 0.4021 0.0345 0.0030 0.0003 1.0000 1.0000 0.1945 0.0167 0.0014 0.0001 1.0000 1.0000 0.0940 0.0081 0.0007 0.0001 1.0000 0.5298 0.0455 0.0039 0.0003 1.0000 1.0000 0.2562 0.0220 0.0019 0.0002 1.0000 1.0000 0.1148
0.0093 0.1175 1.0000 1.0000 0.0002 0.0018 0.0208 0.2425 1.0000 1.0000 0.0003 0.0037 0.0430 0.5014 1.0000 0.0001 0.0007 0.0076 0.0890 1.0000 1.0000 0.0001 0.0014 0.0158 0.1840 1.0000 1.0000 0.0002 0.0028 0.0327 0.3813 1.0000 1.0000 0.0005 0.0059 0.0696 0.8205 1.0000 0.0001 0.0011 0.0134 0.1593 1.0000 1.0000 0.0002 0.0027 0.0330 0.3720 1.0000 1.0000 0.0002 1.0000 1.0000 0.3762 0.0311 0.0027 0.0002 1.0000 1.0000 0.1596 0.0134 0.0011 0.0001 1.0000 0.8205 0.0696 0.0059 0.0005 1.0000 1.0000 0.3813 0.0327 0.0028 0.0002 1.0000 1.0000 0.1840 0.0158 0.0014 0.0001 1.0000 1.0000 0.0890 0.0076 0.0007 0.0001 1.0000 0.5014 0.0430 0.0037 0.0003 1.0000 1.0000 0.2425 0.0208 0.0018 0.0002 1.0000 1.0000 0.1175 0.0093
0.0007 0.0093 0.1087 1.0000 1.0000 0.0001 0.0017 0.0193 0.2247 1.0000 1.0000 0.0003 0.0034 0.0399 0.4647 1.0000 0.0001 0.0006 0.0071 0.0825 0.9608 1.0000 0.0001 0.0013 0.0146 0.1706 1.0000 1.0000 0.0002 0.0026 0.0304 0.3554 1.0000 1.0000 0.0005 0.0056 0.0660 0.7810 1.0000 0.0001 0.0011 0.0130 0.1551 1.0000 1.0000 0.0002 0.0027 0.0314 0.3886 1.0000 1.0000 1.0000 0.3835 0.0334 0.0027 0.0002 1.0000 1.0000 0.1536 0.0130 0.0011 0.0001 1.0000 0.7810 0.0660 0.0056 0.0005 1.0000 1.0000 0.3554 0.0304 0.0026 0.0002 1.0000 1.0000 0.1706 0.0146 0.0013 0.0001 1.0000 0.9608 0.0825 0.0071 0.0006 0.0001 1.0000 0.4647 0.0399 0.0034 0.0003 1.0000 1.0000 0.2247 0.0193 0.0017 0.0001 1.0000 1.0000 0.1087 0.0093 0.0007
0.0001 0.0007 0.0086 0.1003 1.0000 1.0000 0.0001 0.0015 0.0178 0.2075 1.0000 1.0000 0.0003 0.0032 0.0368 0.4290 1.0000 1.0000 0.0006 0.0065 0.0762 0.8871 1.0000 0.0001 0.0012 0.0135 0.1575 1.0000 1.0000 0.0002 0.0024 0.0283 0.3319 1.0000 1.0000 0.0004 0.0053 0.0628 0.7461 1.0000 0.0001 0.0011 0.0127 0.1560 1.0000 1.0000 0.0002 0.0026 0.0316 0.3595 1.0000 0.3454 0.0325 0.0027 0.0002 1.0000 1.0000 0.1572 0.0127 0.0011 0.0001 1.0000 0.7461 0.0628 0.0053 0.0004 1.0000 1.0000 0.3319 0.0283 0.0024 0.0002 1.0000 1.0000 0.1575 0.0135 0.0012 0.0001 1.0000 0.8871 0.0762 0.0065 0.0006 1.0000 1.0000 0.4290 0.0368 0.0032 0.0003 1.0000 1.0000 0.2075 0.0178 0.0015 0.0001 1.0000 1.0000 0.1003 0.0086 0.0007 0.0001
