27.5882 -16.5813 -32.1031 -40.5472 -36.5887 14.8860 21.7030 -25.8766 -36.6695 -42.4467 -1.7953 27.4249 -15.6744 -31.7416 -40.3297 -38.0190 13.8572 25.2056 -25.2295 -36.3122 -42.3576 -4.1473 26.4205 -14.4517 -31.3330 -40.0732 -39.2414 12.8120 27.9092 -24.5738 -35.9495 -42.2588 -6.8739 25.4047 -13.0702 -30.9212 -39.8052 -40.2231 11.7665 29.8336 -23.9069 -35.5817 -42.1484 -9.9942 24.3863 -11.4753 -30.5000 -39.5278 -41.2006 8.7881 24.5170 8.7881 -41.2006 -39.5278 -30.5000 -11.4753 24.3863 -9.9942 -42.1484 -35.5817 -23.9069 29.8336 11.7665 -40.2231 -39.8052 -30.9212 -13.0702 25.4047 -6.8739 -42.2588 -35.9495 -24.5738 27.9092 12.8120 -39.2414 -40.0732 -31.3330 -14.4517 26.4205 -4.1473 -42.3576 -36.3122 -25.2295 25.2056 13.8572 -38.0190 -40.3297 -31.7416 -15.6744 27.4249 -1.7953 -42.4467 -36.6695 -25.8766 21.7030 14.8860 -36.5887 -40.5472 -32.1031 -16.5813 27.5882
-16.5813 -34.5626 -42.6120 -37.7087 14.7503 25.2553 -27.4109 -38.8740 -44.1764 -2.0252 27.0586 -15.3913 -34.0639 -42.3904 -39.3393 13.6957 28.1791 -26.6060 -38.5261 -44.1269 -4.4616 26.0475 -13.9687 -33.6667 -42.1498 -40.5982 12.6765 30.2544 -25.8028 -38.1722 -44.0635 -7.2988 25.0415 -12.3485 -33.2670 -41.8968 -41.6156 11.6522 31.6181 -24.9948 -37.8131 -43.9858 -10.5531 24.0435 -10.4623 -32.8644 -41.6353 -42.4618 10.2198 32.7262 -11.8424 32.7262 10.2198 -42.4618 -41.6353 -32.8644 -10.4623 24.0435 -10.5531 -43.9858 -37.8131 -24.9948 31.6181 11.6522 -41.6156 -41.8968 -33.2670 -12.3485 25.0415 -7.2988 -44.0635 -38.1722 -25.8028 30.2544 12.6765 -40.5982 -42.1498 -33.6667 -13.9687 26.0475 -4.4616 -44.1269 -38.5261 -26.6060 28.1791 13.6957 -39.3393 -42.3904 -34.0639 -15.3913 27.0586 -2.0252 -44.1764 -38.8740 -27.4109 25.2553 14.7503 -37.7087 -42.6120 -34.5626 -16.5813
-32.1031 -42.6120 -38.1917 14.2377 27.1317 -26.8506 -38.6143 -44.1295 -3.8813 26.2397 -14.2847 -33.7470 -42.1970 -40.3533 12.8679 29.8949 -25.9657 -38.2429 -44.0728 -6.6863 25.2171 -12.6958 -33.3474 -41.9465 -41.4175 11.8470 31.3933 -25.1590 -37.8849 -43.9983 -9.8558 24.2150 -10.8703 -32.9458 -41.6842 -42.2662 10.8131 32.2745 -24.3441 -37.5220 -43.9087 -13.3991 23.2241 -8.7049 -32.5417 -41.4116 -42.9330 9.6836 32.7009 -22.1746 -32.7954 -22.1746 32.7009 9.6836 -42.9330 -41.4116 -32.5417 -8.7049 23.2241 -13.3991 -43.9087 -37.5220 -24.3441 32.2745 10.8131 -42.2662 -41.6842 -32.9458 -10.8703 24.2150 -9.8558 -43.9983 -37.8849 -25.1590 31.3933 11.8470 -41.4175 -41.9465 -33.3474 -12.6958 25.2171 -6.6863 -44.0728 -38.2429 -25.9657 29.8949 12.8679 -40.3533 -42.1970 -33.7470 -14.2847 26.2397 -3.8813 -44.1295 -38.6143 -26.8506 27.1317 14.2377 -38.1917 -42.6120 -32.1031
-40.5472 -37.7087 14.2377 27.7670 -26.5202 -38.4220 -44.0863 -5.7271 25.5030 -13.1174 -33.4411 -42.0023 -41.2104 12.0579 31.1420 -25.3239 -37.9583 -44.0146 -9.1770 24.4183 -11.2663 -33.0278 -41.7386 -42.1093 11.0253 32.1394 -24.5110 -37.5963 -43.9282 -12.6524 23.4250 -9.1790 -32.6242 -41.4673 -42.8077 9.9734 32.6110 -23.6862 -37.2297 -43.8262 -16.3989 22.4435 -6.6557 -32.2182 -41.1852 -43.3416 8.8785 32.6577 -22.5865 -36.3918 -42.3345 -36.3918 -22.5865 32.6577 8.8785 -43.3416 -41.1852 -32.2182 -6.6557 22.4435 -16.3989 -43.8262 -37.2297 -23.6862 32.6110 9.9734 -42.8077 -41.4673 -32.6242 -9.1790 23.4250 -12.6524 -43.9282 -37.5963 -24.5110 32.1394 11.0253 -42.1093 -41.7386 -33.0278 -11.2663 24.4183 -9.1770 -44.0146 -37.9583 -25.3239 31.1420 12.0579 -41.2104 -42.0023 -33.4411 -13.1174 25.5030 -5.7271 -44.0863 -38.4220 -26.5202 27.7670 14.2377 -37.7087 -40.5472
-36.5887 14.7503 27.1317 -26.5202 -38.3496 -44.0596 -7.1753 24.9115 -12.0038 -33.1638 -41.8118 -41.8982 11.2699 31.9659 -24.6849 -37.6705 -43.9470 -11.9172 23.6264 -9.6352 -32.7066 -41.5234 -42.6796 10.1900 32.5523 -23.8554 -37.3048 -43.8482 -15.6224 22.6425 -7.2120 -32.3011 -41.2435 -43.2445 9.1126 32.6812 -23.0173 -36.9348 -43.7335 -19.4494 21.6705 -4.2335 -31.8930 -40.9534 -43.6632 7.9890 32.4615 -22.1101 -36.4680 -44.1889 -44.5455 -44.1889 -36.4680 -22.1101 32.4615 7.9890 -43.6632 -40.9534 -31.8930 -4.2335 21.6705 -19.4494 -43.7335 -36.9348 -23.0173 32.6812 9.1126 -43.2445 -41.2435 -32.3011 -7.2120 22.6425 -15.6224 -43.8482 -37.3048 -23.8554 32.5523 10.1900 -42.6796 -41.5234 -32.7066 -9.6352 23.6264 -11.9172 -43.9470 -37.6705 -24.6849 31.9659 11.2699 -41.8982 -41.8118 -33.1638 -12.0038 24.9115 -7.1753 -44.0596 -38.3496 -26.5202 27.1317 14.7503 -36.5887
14.8860 25.2553 -26.8506 -38.4220 -44.0596 -7.7370 24.5717 -11.1497 -32.9423 -41.6451 -42.4198 10.5383 32.4368 -24.0705 -37.3899 -43.8693 -14.8172 22.8420 -7.7454 -32.3839 -41.3014 -43.1421 9.3352 32.6859 -23.1896 -37.0105 -43.7582 -18.6702 21.8676 -4.8934 -31.9763 -41.0133 -43.5887 8.2236 32.5318 -22.3344 -36.6372 -43.6307 -22.4466 20.9049 -1.3538 -31.5662 -40.7155 -43.9058 7.0542 32.0955 -21.4456 -36.2445 -43.5645 -30.6038 8.1212 -30.6038 -43.5645 -36.2445 -21.4456 32.0955 7.0542 -43.9058 -40.7155 -31.5662 -1.3538 20.9049 -22.4466 -43.6307 -36.6372 -22.3344 32.5318 8.2236 -43.5887 -41.0133 -31.9763 -4.8934 21.8676 -18.6702 -43.7582 -37.0105 -23.1896 32.6859 9.3352 -43.1421 -41.3014 -32.3839 -7.7454 22.8420 -14.8172 -43.8693 -37.3899 -24.0705 32.4368 10.5383 -42.4198 -41.6451 -32.9423 -11.1497 24.5717 -7.7370 -44.0596 -38.4220 -26.8506 25.2553 14.8860
21.7030 -27.4109 -38.6143 -44.0863 -7.1753 24.5717 -10.8098 -32.8131 -41.5243 -42.7701 9.9052 32.6445 -23.4965 -37.1273 -43.7870 -17.7084 22.0923 -5.5522 -32.0596 -41.0728 -43.5089 8.4541 32.5885 -22.5106 -36.7136 -43.6580 -21.6902 21.1001 -2.1382 -31.6500 -40.7769 -43.8508 7.2980 32.2042 -21.6340 -36.3372 -43.5178 -25.3032 20.0413 2.0423 -31.2377 -40.4718 -44.0780 6.0684 31.5943 -20.7223 -35.9561 -43.3819 -29.5505 16.5871 31.3953 16.5871 -29.5505 -43.3819 -35.9561 -20.7223 31.5943 6.0684 -44.0780 -40.4718 -31.2377 2.0423 20.0413 -25.3032 -43.5178 -36.3372 -21.6340 32.2042 7.2980 -43.8508 -40.7769 -31.6500 -2.1382 21.1001 -21.6902 -43.6580 -36.7136 -22.5106 32.5885 8.4541 -43.5089 -41.0728 -32.0596 -5.5522 22.0923 -17.7084 -43.7870 -37.1273 -23.4965 32.6445 9.9052 -42.7701 -41.5243 -32.8131 -10.8098 24.5717 -7.1753 -44.0863 -38.6143 -27.4109 21.7030
-25.8766 -38.8740 -44.1295 -5.7271 24.9115 -11.1497 -32.8131 -41.4770 -42.9456 9.4718 32.6849 -23.0078 -36.8938 -43.7036 -20.3883 21.3962 -3.1183 -31.7451 -40.8402 -43.7884 7.5387 32.3029 -21.8151 -36.4142 -43.5477 -24.5897 20.2605 1.1236 -31.3219 -40.5346 -44.0402 6.3259 31.7338 -20.9121 -36.0350 -43.3948 -27.9586 19.0984 5.9296 -30.7397 -40.2226 -44.1878 5.0208 30.9871 -19.9676 -35.6522 -43.2331 -31.1175 17.4731 20.0092 -21.4954 20.0092 17.4731 -31.1175 -43.2331 -35.6522 -19.9676 30.9871 5.0208 -44.1878 -40.2226 -30.7397 5.9296 19.0984 -27.9586 -43.3948 -36.0350 -20.9121 31.7338 6.3259 -44.0402 -40.5346 -31.3219 1.1236 20.2605 -24.5897 -43.5477 -36.4142 -21.8151 32.3029 7.5387 -43.7884 -40.8402 -31.7451 -3.1183 21.3962 -20.3883 -43.7036 -36.8938 -23.0078 32.6849 9.4718 -42.9456 -41.4770 -32.8131 -11.1497 24.9115 -5.7271 -44.1295 -38.8740 -25.8766
-36.6695 -44.1764 -3.8813 25.5030 -12.0038 -32.9423 -41.5243 -42.9456 9.3228 32.6695 -22.6846 -36.7142 -43.6267 -22.6658 20.7676 -0.5061 -31.4555 -40.6160 -43.9885 6.6134 31.8717 -21.0992 -36.1125 -43.4272 -27.3008 19.3365 4.8949 -30.8678 -40.2868 -44.1652 5.2955 31.1510 -20.1639 -35.7306 -43.2619 -30.3786 18.1894 10.1434 -30.0766 -39.9682 -44.2424 3.8958 30.2990 -19.1783 -35.3454 -43.0827 -33.0851 17.0016 17.1404 -28.0748 -35.7663 -28.0748 17.1404 17.0016 -33.0851 -43.0827 -35.3454 -19.1783 30.2990 3.8958 -44.2424 -39.9682 -30.0766 10.1434 18.1894 -30.3786 -43.2619 -35.7306 -20.1639 31.1510 5.2955 -44.1652 -40.2868 -30.8678 4.8949 19.3365 -27.3008 -43.4272 -36.1125 -21.0992 31.8717 6.6134 -43.9885 -40.6160 -31.4555 -0.5061 20.7676 -22.6658 -43.6267 -36.7142 -22.6846 32.6695 9.3228 -42.9456 -41.5243 -32.9423 -12.0038 25.5030 -3.8813 -44.1764 -36.6695
-42.4467 -2.0252 26.2397 -13.1174 -33.1638 -41.6451 -42.7701 9.4718 32.6695 -22.5732 -36.6173 -43.5754 -24.3071 20.1959 2.0986 -31.1929 -40.4098 -44.1195 5.7004 31.3579 -20.3843 -35.8125 -43.2984 -29.7830 18.4188 9.0489 -30.2463 -40.0338 -44.2333 4.1919 30.4815 -19.3838 -35.4241 -43.1193 -32.5505 17.3103 14.4009 -29.4186 -39.7089 -44.2502 2.6745 29.5501 -18.3481 -35.0365 -42.9267 -34.9332 16.2280 19.6490 -28.3780 -39.1283 -44.5079 -39.1283 -28.3780 19.6490 16.2280 -34.9332 -42.9267 -35.0365 -18.3481 29.5501 2.6745 -44.2502 -39.7089 -29.4186 14.4009 17.3103 -32.5505 -43.1193 -35.4241 -19.3838 30.4815 4.1919 -44.2333 -40.0338 -30.2463 9.0489 18.4188 -29.7830 -43.2984 -35.8125 -20.3843 31.3579 5.7004 -44.1195 -40.4098 -31.1929 2.0986 20.1959 -24.3071 -43.5754 -36.6173 -22.5732 32.6695 9.4718 -42.7701 -41.6451 -33.1638 -13.1174 26.2397 -2.0252 -42.4467
-1.7953 27.0586 -14.2847 -33.4411 -41.8118 -42.4198 9.9052 32.6849 -22.6846 -36.6173 -43.5584 -25.1521 19.7763 4.2069 -30.8802 -40.2287 -44.1958 4.8109 30.8106 -19.7049 -35.5284 -43.1640 -31.9467 17.5426 13.3248 -29.5861 -39.7757 -44.2514 2.9973 29.7465 -18.5648 -35.1157 -42.9671 -34.4759 16.4549 18.4100 -28.7679 -39.4450 -44.2323 1.3339 28.7587 -17.4684 -34.7258 -42.7630 -36.5621 15.4049 22.8229 -27.9199 -39.0539 -44.9564 -34.6835 -44.9564 -39.0539 -27.9199 22.8229 15.4049 -36.5621 -42.7630 -34.7258 -17.4684 28.7587 1.3339 -44.2323 -39.4450 -28.7679 18.4100 16.4549 -34.4759 -42.9671 -35.1157 -18.5648 29.7465 2.9973 -44.2514 -39.7757 -29.5861 13.3248 17.5426 -31.9467 -43.1640 -35.5284 -19.7049 30.8106 4.8109 -44.1958 -40.2287 -30.8802 4.2069 19.7763 -25.1521 -43.5584 -36.6173 -22.6846 32.6849 9.9052 -42.4198 -41.8118 -33.4411 -14.2847 27.0586 -1.7953
27.4249 -15.3913 -33.7470 -42.0023 -41.8982 10.5383 32.6445 -23.0078 -36.7142 -43.5754 -25.1521 19.6358 5.3599 -30.5999 -40.0924 -44.2331 4.0110 30.2682 -19.0576 -35.2707 -43.0314 -33.7652 16.7405 17.2868 -28.9412 -39.5131 -44.2380 1.6897 28.9638 -17.6987 -34.8055 -42.8057 -36.1658 15.6180 21.9664 -28.1229 -39.1767 -44.2070 -0.1539 27.9474 -16.5281 -34.4134 -42.5903 -37.9792 14.5855 25.6561 -27.3140 -38.8268 -44.2271 -6.1744 14.8717 -6.1744 -44.2271 -38.8268 -27.3140 25.6561 14.5855 -37.9792 -42.5903 -34.4134 -16.5281 27.9474 -0.1539 -44.2070 -39.1767 -28.1229 21.9664 15.6180 -36.1658 -42.8057 -34.8055 -17.6987 28.9638 1.6897 -44.2380 -39.5131 -28.9412 17.2868 16.7405 -33.7652 -43.0314 -35.2707 -19.0576 30.2682 4.0110 -44.2331 -40.0924 -30.5999 5.3599 19.6358 -25.1521 -43.5754 -36.7142 -23.0078 32.6445 10.5383 -41.8982 -42.0023 -33.7470 -15.3913 27.4249
-15.6744 -34.0639 -42.1970 -41.2104 11.2699 32.4368 -23.4965 -36.8938 -43.6267 -24.3071 19.7763 5.3599 -30.5064 -40.0208 -44.2467 3.4057 29.8132 -18.4809 -35.0410 -42.9063 -35.2682 16.0189 20.5871 -28.3395 -39.2553 -44.2137 0.2598 28.1556 -16.7751 -34.4935 -42.6353 -37.6361 14.7945 24.9733 -27.4818 -38.9043 -44.1760 -1.8209 27.1340 -15.5135 -34.0992 -42.4091 -39.1998 13.7723 27.9493 -26.6785 -38.5574 -44.1423 -5.0708 23.8064 26.5790 23.8064 -5.0708 -44.1423 -38.5574 -26.6785 27.9493 13.7723 -39.1998 -42.4091 -34.0992 -15.5135 27.1340 -1.8209 -44.1760 -38.9043 -27.4818 24.9733 14.7945 -37.6361 -42.6353 -34.4935 -16.7751 28.1556 0.2598 -44.2137 -39.2553 -28.3395 20.5871 16.0189 -35.2682 -42.9063 -35.0410 -18.4809 29.8132 3.4057 -44.2467 -40.0208 -30.5064 5.3599 19.7763 -24.3071 -43.6267 -36.8938 -23.4965 32.4368 11.2699 -41.2104 -42.1970 -34.0639 -15.6744
-31.7416 -42.3904 -40.3533 12.0579 31.9659 -24.0705 -37.1273 -43.7036 -22.6658 20.1959 4.2069 -30.5999 -40.0208 -44.2496 3.0797 29.5198 -18.0526 -34.8539 -42.7949 -36.4520 15.3663 23.2574 -27.8013 -39.0156 -44.1856 -1.2737 27.3700 -15.7928 -34.1797 -42.4562 -38.9052 13.9798 27.4134 -26.8427 -38.6280 -44.1381 -3.7016 26.3228 -14.4068 -33.7834 -42.2195 -40.2427 12.9621 29.7208 -26.0401 -38.2760 -44.0843 -6.5865 24.9784 -9.6102 -27.4602 -9.6102 24.9784 -6.5865 -44.0843 -38.2760 -26.0401 29.7208 12.9621 -40.2427 -42.2195 -33.7834 -14.4068 26.3228 -3.7016 -44.1381 -38.6280 -26.8427 27.4134 13.9798 -38.9052 -42.4562 -34.1797 -15.7928 27.3700 -1.2737 -44.1856 -39.0156 -27.8013 23.2574 15.3663 -36.4520 -42.7949 -34.8539 -18.0526 29.5198 3.0797 -44.2496 -40.0208 -30.5999 4.2069 20.1959 -22.6658 -43.7036 -37.1273 -24.0705 31.9659 12.0579 -40.3533 -42.3904 -31.7416
-40.3297 -39.3393 12.8679 31.1420 -24.6849 -37.3899 -43.7870 -20.3883 20.7676 2.0986 -30.8802 -40.0924 -44.2467 3.0797 29.4202 -17.8275 -34.7345 -42.7094 -37.3223 14.8215 25.3367 -27.3116 -38.7985 -44.1555 -2.8585 26.6354 -14.7905 -33.8752 -42.2710 -39.9918 13.1693 29.3150 -26.2038 -38.3480 -44.0921 -5.8278 25.5160 -13.1854 -33.4659 -42.0220 -41.1261 12.1504 31.0190 -25.3987 -37.9915 -44.0231 -8.8994 24.4518 -10.8136 -32.3971 -38.6569 -32.3971 -10.8136 24.4518 -8.8994 -44.0231 -37.9915 -25.3987 31.0190 12.1504 -41.1261 -42.0220 -33.4659 -13.1854 25.5160 -5.8278 -44.0921 -38.3480 -26.2038 29.3150 13.1693 -39.9918 -42.2710 -33.8752 -14.7905 26.6354 -2.8585 -44.1555 -38.7985 -27.3116 25.3367 14.8215 -37.3223 -42.7094 -34.7345 -17.8275 29.4202 3.0797 -44.2467 -40.0924 -30.8802 2.0986 20.7676 -20.3883 -43.7870 -37.3899 -24.6849 31.1420 12.8679 -39.3393 -40.3297
-38.0190 13.6957 29.8949 -25.3239 -37.6705 -43.8693 -17.7084 21.3962 -0.5061 -31.1929 -40.2287 -44.2331 3.4057 29.5198 -17.8275 -34.6946 -42.6654 -37.8482 14.4243 26.7764 -26.8895 -38.6016 -44.1234 -4.4340 25.9594 -13.7847 -33.5949 -42.0893 -40.8853 12.3677 30.7286 -25.5631 -38.0646 -44.0373 -8.2193 24.7148 -11.8192 -33.1469 -41.8168 -41.8669 11.3323 31.9037 -24.7529 -37.7041 -43.9554 -11.5923 23.7107 -9.7082 -32.6146 -41.6076 -45.8697 -41.6076 -32.6146 -9.7082 23.7107 -11.5923 -43.9554 -37.7041 -24.7529 31.9037 11.3323 -41.8669 -41.8168 -33.1469 -11.8192 24.7148 -8.2193 -44.0373 -38.0646 -25.5631 30.7286 12.3677 -40.8853 -42.0893 -33.5949 -13.7847 25.9594 -4.4340 -44.1234 -38.6016 -26.8895 26.7764 14.4243 -37.8482 -42.6654 -34.6946 -17.8275 29.5198 3.4057 -44.2331 -40.2287 -31.1929 -0.5061 21.3962 -17.7084 -43.8693 -37.6705 -25.3239 29.8949 13.6957 -38.0190
13.8572 28.1791 -25.9657 -37.9583 -43.9470 -14.8172 22.0923 -3.1183 -31.4555 -40.4098 -44.1958 4.0110 29.8132 -18.0526 -34.7345 -42.6654 -38.0178 14.2164 27.5985 -26.5856 -38.4420 -44.0928 -5.9263 25.3606 -12.7769 -33.3365 -41.9200 -41.5827 11.6082 31.6860 -24.9271 -37.7812 -43.9733 -10.8711 23.9202 -10.2690 -32.8263 -41.6043 -42.4807 10.5027 32.4341 -24.1004 -37.4136 -43.8791 -14.5027 22.9313 -7.9605 -32.3977 -41.3270 -43.9196 -10.1906 -43.9196 -41.3270 -32.3977 -7.9605 22.9313 -14.5027 -43.8791 -37.4136 -24.1004 32.4341 10.5027 -42.4807 -41.6043 -32.8263 -10.2690 23.9202 -10.8711 -43.9733 -37.7812 -24.9271 31.6860 11.6082 -41.5827 -41.9200 -33.3365 -12.7769 25.3606 -5.9263 -44.0928 -38.4420 -26.5856 27.5985 14.2164 -38.0178 -42.6654 -34.7345 -18.0526 29.8132 4.0110 -44.1958 -40.4098 -31.4555 -3.1183 22.0923 -14.8172 -43.9470 -37.9583 -25.9657 28.1791 13.8572
25.2056 -26.6060 -38.2429 -44.0146 -11.9172 22.8420 -5.5522 -31.7451 -40.6160 -44.1195 4.8109 30.2682 -18.4809 -34.8539 -42.7094 -37.8482 14.2164 27.8614 -26.4293 -38.3404 -44.0673 -7.2042 24.8676 -11.8243 -33.0998 -41.7596 -42.1183 10.9176 32.2580 -24.3231 -37.5052 -43.9022 -13.7082 23.1330 -8.4831 -32.5042 -41.3848 -42.9818 9.6560 32.6656 -23.4387 -37.1203 -43.7929 -17.5338 22.1550 -5.7981 -32.0942 -41.1039 -43.5803 6.6548 21.9554 6.6548 -43.5803 -41.1039 -32.0942 -5.7981 22.1550 -17.5338 -43.7929 -37.1203 -23.4387 32.6656 9.6560 -42.9818 -41.3848 -32.5042 -8.4831 23.1330 -13.7082 -43.9022 -37.5052 -24.3231 32.2580 10.9176 -42.1183 -41.7596 -33.0998 -11.8243 24.8676 -7.2042 -44.0673 -38.3404 -26.4293 27.8614 14.2164 -37.8482 -42.7094 -34.8539 -18.4809 30.2682 4.8109 -44.1195 -40.6160 -31.7451 -5.5522 22.8420 -11.9172 -44.0146 -38.2429 -26.6060 25.2056
-25.2295 -38.5261 -44.0728 -9.1770 23.6264 -7.7454 -32.0596 -40.8402 -43.9885 5.7004 30.8106 -19.0576 -35.0410 -42.7949 -37.3223 14.4243 27.5985 -26.4293 -38.3040 -44.0537 -8.0893 24.5070 -11.0228 -32.9025 -41.6115 -42.5392 10.2879 32.5560 -23.7723 -37.2471 -43.8258 -16.5088 22.3798 -6.4207 -32.1804 -41.1586 -43.3828 8.7855 32.6489 -22.7650 -36.8243 -43.6965 -20.5761 21.3848 -3.2196 -31.7710 -40.8688 -43.7775 7.2390 31.3602 -4.8713 31.3602 7.2390 -43.7775 -40.8688 -31.7710 -3.2196 21.3848 -20.5761 -43.6965 -36.8243 -22.7650 32.6489 8.7855 -43.3828 -41.1586 -32.1804 -6.4207 22.3798 -16.5088 -43.8258 -37.2471 -23.7723 32.5560 10.2879 -42.5392 -41.6115 -32.9025 -11.0228 24.5070 -8.0893 -44.0537 -38.3040 -26.4293 27.5985 14.4243 -37.3223 -42.7949 -35.0410 -19.0576 30.8106 5.7004 -43.9885 -40.8402 -32.0596 -7.7454 23.6264 -9.1770 -44.0728 -38.5261 -25.2295
-36.3122 -44.1269 -6.6863 24.4183 -9.6352 -32.3839 -41.0728 -43.7884 6.6134 31.3579 -19.7049 -35.2707 -42.9063 -36.4520 14.8215 26.7764 -26.5856 -38.3404 -44.0537 -8.4090 24.3125 -10.4699 -32.7604 -41.4943 -42.8524 9.7299 32.6730 -23.2776 -37.0140 -43.7477 -19.1306 21.6971 -4.1385 -31.8663 -40.9287 -43.6953 7.8839 32.4287 -22.0761 -36.5259 -43.5899 -23.5298 20.5822 -0.1517 -31.4442 -40.6262 -43.9790 6.6158 31.7261 -19.6559 -31.6331 -19.6559 31.7261 6.6158 -43.9790 -40.6262 -31.4442 -0.1517 20.5822 -23.5298 -43.5899 -36.5259 -22.0761 32.4287 7.8839 -43.6953 -40.9287 -31.8663 -4.1385 21.6971 -19.1306 -43.7477 -37.0140 -23.2776 32.6730 9.7299 -42.8524 -41.4943 -32.7604 -10.4699 24.3125 -8.4090 -44.0537 -38.3404 -26.5856 26.7764 14.8215 -36.4520 -42.9063 -35.2707 -19.7049 31.3579 6.6134 -43.7884 -41.0728 -32.3839 -9.6352 24.4183 -6.6863 -44.1269 -36.3122
-42.3576 -4.4616 25.2171 -11.2663 -32.7066 -41.3014 -43.5089 7.5387 31.8717 -20.3843 -35.5284 -43.0314 -35.2682 15.3663 25.3367 -26.8895 -38.4420 -44.0673 -8.0893 24.3125 -10.2623 -32.6856 -41.4191 -43.0484 9.2913 32.6793 -22.8547 -36.8105 -43.6717 -21.5127 21.0754 -1.7449 -31.5772 -40.7069 -43.9225 6.9537 32.0448 -21.3682 -36.2250 -43.4732 -26.3171 19.6873 3.4369 -31.0545 -40.3797 -44.1259 5.6757 31.3374 -20.1519 -35.3128 -41.3764 -35.3128 -20.1519 31.3374 5.6757 -44.1259 -40.3797 -31.0545 3.4369 19.6873 -26.3171 -43.4732 -36.2250 -21.3682 32.0448 6.9537 -43.9225 -40.7069 -31.5772 -1.7449 21.0754 -21.5127 -43.6717 -36.8105 -22.8547 32.6793 9.2913 -43.0484 -41.4191 -32.6856 -10.2623 24.3125 -8.0893 -44.0673 -38.4420 -26.8895 25.3367 15.3663 -35.2682 -43.0314 -35.5284 -20.3843 31.8717 7.5387 -43.5089 -41.3014 -32.7066 -11.2663 25.2171 -4.4616 -42.3576
-4.1473 26.0475 -12.6958 -33.0278 -41.5234 -43.1421 8.4541 32.3029 -21.0992 -35.8125 -43.1640 -33.7652 16.0189 23.2574 -27.3116 -38.6016 -44.0928 -7.2042 24.5070 -10.4699 -32.6856 -41.3924 -43.1424 9.0081 32.6383 -22.5212 -36.6441 -43.6029 -23.5280 20.4769 0.7576 -31.3175 -40.5029 -44.0733 6.0328 31.5502 -20.6542 -35.9254 -43.3465 -28.8877 18.7563 7.4729 -30.4943 -40.1285 -44.2142 4.6101 30.7332 -19.6234 -35.4340 -43.6157 -45.6705 -43.6157 -35.4340 -19.6234 30.7332 4.6101 -44.2142 -40.1285 -30.4943 7.4729 18.7563 -28.8877 -43.3465 -35.9254 -20.6542 31.5502 6.0328 -44.0733 -40.5029 -31.3175 0.7576 20.4769 -23.5280 -43.6029 -36.6441 -22.5212 32.6383 9.0081 -43.1424 -41.3924 -32.6856 -10.4699 24.5070 -7.2042 -44.0928 -38.6016 -27.3116 23.2574 16.0189 -33.7652 -43.1640 -35.8125 -21.0992 32.3029 8.4541 -43.1421 -41.5234 -33.0278 -12.6958 26.0475 -4.1473
26.4205 -13.9687 -33.3474 -41.7386 -42.6796 9.3352 32.5885 -21.8151 -36.1125 -43.2984 -31.9467 16.7405 20.5871 -27.8013 -38.7985 -44.1234 -5.9263 24.8676 -11.0228 -32.7604 -41.4191 -43.1424 8.9068 32.6023 -22.2977 -36.5224 -43.5492 -25.1052 19.9105 3.2531 -31.0282 -40.3150 -44.1666 5.1575 31.0114 -19.9583 -35.6348 -43.2148 -31.1908 17.8592 11.7392 -29.8307 -39.8723 -44.2500 3.4537 30.0252 -18.8672 -35.2125 -43.0840 -36.8479 4.9883 -36.8479 -43.0840 -35.2125 -18.8672 30.0252 3.4537 -44.2500 -39.8723 -29.8307 11.7392 17.8592 -31.1908 -43.2148 -35.6348 -19.9583 31.0114 5.1575 -44.1666 -40.3150 -31.0282 3.2531 19.9105 -25.1052 -43.5492 -36.5224 -22.2977 32.6023 8.9068 -43.1424 -41.4191 -32.7604 -11.0228 24.8676 -5.9263 -44.1234 -38.7985 -27.8013 20.5871 16.7405 -31.9467 -43.2984 -36.1125 -21.8151 32.5885 9.3352 -42.6796 -41.7386 -33.3474 -13.9687 26.4205
-14.4517 -33.6667 -41.9465 -42.1093 10.1900 32.6859 -22.5106 -36.4142 -43.4272 -29.7830 17.5426 17.2868 -28.3395 -39.0156 -44.1555 -4.4340 25.3606 -11.8243 -32.9025 -41.4943 -43.0484 9.0081 32.6023 -22.2180 -36.4562 -43.5113 -26.1848 19.4562 5.4445 -30.6746 -40.1479 -44.2194 4.3376 30.4746 -19.2991 -35.3639 -43.0818 -33.1378 17.0188 15.8886 -29.1757 -39.6113 -44.2456 2.1910 29.2595 -18.0256 -34.9193 -42.8834 -36.1868 13.9736 29.1876 13.9736 -36.1868 -42.8834 -34.9193 -18.0256 29.2595 2.1910 -44.2456 -39.6113 -29.1757 15.8886 17.0188 -33.1378 -43.0818 -35.3639 -19.2991 30.4746 4.3376 -44.2194 -40.1479 -30.6746 5.4445 19.4562 -26.1848 -43.5113 -36.4562 -22.2180 32.6023 9.0081 -43.0484 -41.4943 -32.9025 -11.8243 25.3606 -4.4340 -44.1555 -39.0156 -28.3395 17.2868 17.5426 -29.7830 -43.4272 -36.4142 -22.5106 32.6859 10.1900 -42.1093 -41.9465 -33.6667 -14.4517
-31.3330 -42.1498 -41.4175 11.0253 32.5523 -23.1896 -36.7136 -43.5477 -27.3008 18.4188 13.3248 -28.9412 -39.2553 -44.1856 -2.8585 25.9594 -12.7769 -33.0998 -41.6115 -42.8524 9.2913 32.6383 -22.2977 -36.4562 -43.4961 -26.7454 19.1750 7.0655 -30.3563 -40.0084 -44.2448 3.5949 29.9755 -18.6913 -35.1198 -42.9520 -34.7465 16.2677 19.5005 -28.5496 -39.3488 -44.2235 0.7991 28.4581 -17.1262 -34.6095 -42.7057 -37.2151 14.6816 29.0377 -18.4078 29.0377 14.6816 -37.2151 -42.7057 -34.6095 -17.1262 28.4581 0.7991 -44.2235 -39.3488 -28.5496 19.5005 16.2677 -34.7465 -42.9520 -35.1198 -18.6913 29.9755 3.5949 -44.2448 -40.0084 -30.3563 7.0655 19.1750 -26.7454 -43.4961 -36.4562 -22.2977 32.6383 9.2913 -42.8524 -41.6115 -33.0998 -12.7769 25.9594 -2.8585 -44.1856 -39.2553 -28.9412 13.3248 18.4188 -27.3008 -43.5477 -36.7136 -23.1896 32.5523 11.0253 -41.4175 -42.1498 -31.3330
-40.0732 -40.5982 11.8470 32.1394 -23.8554 -37.0105 -43.6580 -24.5897 19.3365 9.0489 -29.5861 -39.5131 -44.2137 -1.2737 26.6354 -13.7847 -33.3365 -41.7596 -42.5392 9.7299 32.6793 -22.5212 -36.5224 -43.5113 -26.7454 19.0800 7.8961 -30.1630 -39.9093 -44.2523 2.9577 29.5433 -18.1591 -34.9102 -42.8308 -36.0722 15.5924 22.3885 -27.9804 -39.0977 -44.1968 -0.7327 27.6446 -16.1601 -34.2966 -42.5251 -38.4670 14.2062 27.5202 -25.8784 -34.6435 -25.8784 27.5202 14.2062 -38.4670 -42.5251 -34.2966 -16.1601 27.6446 -0.7327 -44.1968 -39.0977 -27.9804 22.3885 15.5924 -36.0722 -42.8308 -34.9102 -18.1591 29.5433 2.9577 -44.2523 -39.9093 -30.1630 7.8961 19.0800 -26.7454 -43.5113 -36.5224 -22.5212 32.6793 9.7299 -42.5392 -41.7596 -33.3365 -13.7847 26.6354 -1.2737 -44.2137 -39.5131 -29.5861 9.0489 19.3365 -24.5897 -43.6580 -37.0105 -23.8554 32.1394 11.8470 -40.5982 -40.0732
-39.2414 12.6765 31.3933 -24.5110 -37.3048 -43.7582 -21.6902 20.2605 4.8949 -30.2463 -39.7757 -44.2380 0.2598 27.3700 -14.7905 -33.5949 -41.9200 -42.1183 10.2879 32.6730 -22.8547 -36.6441 -43.5492 -26.1848 19.1750 7.8961 -30.1013 -39.8613 -44.2519 2.4861 29.1985 -17.7215 -34.7365 -42.7243 -37.1135 14.9830 24.6854 -27.4735 -38.8688 -44.1673 -2.3461 26.8594 -15.1261 -33.9823 -42.3395 -39.6096 13.4607 28.8088 -26.2118 -38.1117 -43.7531 -38.1117 -26.2118 28.8088 13.4607 -39.6096 -42.3395 -33.9823 -15.1261 26.8594 -2.3461 -44.1673 -38.8688 -27.4735 24.6854 14.9830 -37.1135 -42.7243 -34.7365 -17.7215 29.1985 2.4861 -44.2519 -39.8613 -30.1013 7.8961 19.1750 -26.1848 -43.5492 -36.6441 -22.8547 32.6730 10.2879 -42.1183 -41.9200 -33.5949 -14.7905 27.3700 0.2598 -44.2380 -39.7757 -30.2463 4.8949 20.2605 -21.6902 -43.7582 -37.3048 -24.5110 31.3933 12.6765 -39.2414
12.8120 30.2544 -25.1590 -37.5963 -43.8482 -18.6702 21.1001 1.1236 -30.8678 -40.0338 -44.2514 1.6897 28.1556 -15.7928 -33.8752 -42.0893 -41.5827 10.9176 32.5560 -23.2776 -36.8105 -43.6029 -25.1052 19.4562 7.0655 -30.1630 -39.8613 -44.2510 2.2425 28.9760 -17.3978 -34.6029 -42.6402 -37.8881 14.4693 26.4560 -27.0134 -38.6597 -44.1362 -3.9632 26.1426 -14.0640 -33.6774 -42.1516 -40.5788 12.6591 30.2710 -25.7614 -38.1005 -44.8129 -40.0199 -44.8129 -38.1005 -25.7614 30.2710 12.6591 -40.5788 -42.1516 -33.6774 -14.0640 26.1426 -3.9632 -44.1362 -38.6597 -27.0134 26.4560 14.4693 -37.8881 -42.6402 -34.6029 -17.3978 28.9760 2.2425 -44.2510 -39.8613 -30.1630 7.0655 19.4562 -25.1052 -43.6029 -36.8105 -23.2776 32.5560 10.9176 -41.5827 -42.0893 -33.8752 -15.7928 28.1556 1.6897 -44.2514 -40.0338 -30.8678 1.1236 21.1001 -18.6702 -43.8482 -37.5963 -25.1590 30.2544 12.8120
27.9092 -25.8028 -37.8849 -43.9282 -15.6224 21.8676 -2.1382 -31.3219 -40.2868 -44.2333 2.9973 28.9638 -16.7751 -34.1797 -42.2710 -40.8853 11.6082 32.2580 -23.7723 -37.0140 -43.6717 -23.5280 19.9105 5.4445 -30.3563 -39.9093 -44.2519 2.2425 28.9012 -17.2268 -34.5196 -42.5822 -38.4257 14.0711 27.7079 -26.6138 -38.4746 -44.1048 -5.5472 25.5045 -13.0177 -33.3963 -41.9681 -41.3726 11.8752 31.3847 -25.1552 -37.8742 -44.0827 -15.2396 12.4013 -15.2396 -44.0827 -37.8742 -25.1552 31.3847 11.8752 -41.3726 -41.9681 -33.3963 -13.0177 25.5045 -5.5472 -44.1048 -38.4746 -26.6138 27.7079 14.0711 -38.4257 -42.5822 -34.5196 -17.2268 28.9012 2.2425 -44.2519 -39.9093 -30.3563 5.4445 19.9105 -23.5280 -43.6717 -37.0140 -23.7723 32.2580 11.6082 -40.8853 -42.2710 -34.1797 -16.7751 28.9638 2.9973 -44.2333 -40.2868 -31.3219 -2.1382 21.8676 -15.6224 -43.9282 -37.8849 -25.8028 27.9092
-24.5738 -38.1722 -43.9983 -12.6524 22.6425 -4.8934 -31.6500 -40.5346 -44.1652 4.1919 29.7465 -17.6987 -34.4935 -42.4562 -39.9918 12.3677 31.6860 -24.3231 -37.2471 -43.7477 -21.5127 20.4769 3.2531 -30.6746 -40.0084 -44.2523 2.4861 28.9760 -17.2268 -34.4904 -42.5525 -38.7510 13.7959 28.5336 -26.3023 -38.3210 -44.0732 -7.0490 24.9460 -12.0031 -33.1438 -41.7950 -41.9967 11.1314 32.0980 -24.5334 -37.5995 -43.9476 -13.8149 21.0891 31.4319 21.0891 -13.8149 -43.9476 -37.5995 -24.5334 32.0980 11.1314 -41.9967 -41.7950 -33.1438 -12.0031 24.9460 -7.0490 -44.0732 -38.3210 -26.3023 28.5336 13.7959 -38.7510 -42.5525 -34.4904 -17.2268 28.9760 2.4861 -44.2523 -40.0084 -30.6746 3.2531 20.4769 -21.5127 -43.7477 -37.2471 -24.3231 31.6860 12.3677 -39.9918 -42.4562 -34.4935 -17.6987 29.7465 4.1919 -44.1652 -40.5346 -31.6500 -4.8934 22.6425 -12.6524 -43.9983 -38.1722 -24.5738
-35.9495 -44.0635 -9.8558 23.4250 -7.2120 -31.9763 -40.7769 -44.0402 5.2955 30.4815 -18.5648 -34.8055 -42.6353 -38.9052 13.1693 30.7286 -24.9271 -37.5052 -43.8258 -19.1306 21.0754 0.7576 -31.0282 -40.1479 -44.2448 2.9577 29.1985 -17.3978 -34.5196 -42.5525 -38.8619 13.6532 29.0130 -26.0857 -38.2026 -44.0436 -8.3671 24.4824 -11.0536 -32.9238 -41.6359 -42.4738 10.4350 32.4933 -23.9469 -37.3284 -43.8547 -15.8029 22.3198 -1.6784 -25.7231 -1.6784 22.3198 -15.8029 -43.8547 -37.3284 -23.9469 32.4933 10.4350 -42.4738 -41.6359 -32.9238 -11.0536 24.4824 -8.3671 -44.0436 -38.2026 -26.0857 29.0130 13.6532 -38.8619 -42.5525 -34.5196 -17.3978 29.1985 2.9577 -44.2448 -40.1479 -31.0282 0.7576 21.0754 -19.1306 -43.8258 -37.5052 -24.9271 30.7286 13.1693 -38.9052 -42.6353 -34.8055 -18.5648 30.4815 5.2955 -44.0402 -40.7769 -31.9763 -7.2120 23.4250 -9.8558 -44.0635 -35.9495
-42.2588 -7.2988 24.2150 -9.1790 -32.3011 -41.0133 -43.8508 6.3259 31.1510 -19.3838 -35.1157 -42.8057 -37.6361 13.9798 29.3150 -25.5631 -37.7812 -43.9022 -16.5088 21.6971 -1.7449 -31.3175 -40.3150 -44.2194 3.5949 29.5433 -17.7215 -34.6029 -42.5822 -38.7510 13.6532 29.1726 -25.9732 -38.1263 -44.0236 -9.4186 24.1127 -10.2118 -32.7401 -41.4958 -42.8302 9.8060 32.6616 -23.3993 -37.0755 -43.7720 -18.4436 21.8382 -3.8518 -31.2682 -37.5795 -31.2682 -3.8518 21.8382 -18.4436 -43.7720 -37.0755 -23.3993 32.6616 9.8060 -42.8302 -41.4958 -32.7401 -10.2118 24.1127 -9.4186 -44.0236 -38.1263 -25.9732 29.1726 13.6532 -38.7510 -42.5822 -34.6029 -17.7215 29.5433 3.5949 -44.2194 -40.3150 -31.3175 -1.7449 21.6971 -16.5088 -43.9022 -37.7812 -25.5631 29.3150 13.9798 -37.6361 -42.8057 -35.1157 -19.3838 31.1510 6.3259 -43.8508 -41.0133 -32.3011 -9.1790 24.2150 -7.2988 -42.2588
-6.8739 25.0415 -10.8703 -32.6242 -41.2435 -43.5887 7.2980 31.7338 -20.1639 -35.4241 -42.9671 -36.1658 14.7945 27.4134 -26.2038 -38.0646 -43.9733 -13.7082 22.3798 -4.1385 -31.5772 -40.5029 -44.1666 4.3376 29.9755 -18.1591 -34.7365 -42.6402 -38.4257 13.7959 29.0130 -25.9732 -38.0999 -44.0141 -10.1305 23.8469 -9.5330 -32.5901 -41.3800 -43.0898 9.2558 32.6800 -22.8993 -36.8414 -43.6925 -21.0008 21.2080 -2.1655 -31.5284 -40.7172 -45.4859 -40.7172 -31.5284 -2.1655 21.2080 -21.0008 -43.6925 -36.8414 -22.8993 32.6800 9.2558 -43.0898 -41.3800 -32.5901 -9.5330 23.8469 -10.1305 -44.0141 -38.0999 -25.9732 29.0130 13.7959 -38.4257 -42.6402 -34.7365 -18.1591 29.9755 4.3376 -44.1666 -40.5029 -31.5772 -4.1385 22.3798 -13.7082 -43.9733 -38.0646 -26.2038 27.4134 14.7945 -36.1658 -42.9671 -35.4241 -20.1639 31.7338 7.2980 -43.5887 -41.2435 -32.6242 -10.8703 25.0415 -6.8739
25.4047 -12.3485 -32.9458 -41.4673 -43.2445 8.2236 32.2042 -20.9121 -35.7306 -43.1193 -34.4759 15.6180 24.9733 -26.8427 -38.3480 -44.0373 -10.8711 23.1330 -6.4207 -31.8663 -40.7069 -44.0733 5.1575 30.4746 -18.6913 -34.9102 -42.7243 -37.8881 14.0711 28.5336 -26.0857 -38.1263 -44.0141 -10.3841 23.7098 -9.0722 -32.4816 -41.2913 -43.2773 8.7965 32.6162 -22.4632 -36.6369 -43.6123 -23.2962 20.5650 0.3449 -31.3471 -40.5348 -44.6769 -20.1656 -44.6769 -40.5348 -31.3471 0.3449 20.5650 -23.2962 -43.6123 -36.6369 -22.4632 32.6162 8.7965 -43.2773 -41.2913 -32.4816 -9.0722 23.7098 -10.3841 -44.0141 -38.1263 -26.0857 28.5336 14.0711 -37.8881 -42.7243 -34.9102 -18.6913 30.4746 5.1575 -44.0733 -40.7069 -31.8663 -6.4207 23.1330 -10.8711 -44.0373 -38.3480 -26.8427 24.9733 15.6180 -34.4759 -43.1193 -35.7306 -20.9121 32.2042 8.2236 -43.2445 -41.4673 -32.9458 -12.3485 25.4047
-13.0702 -33.2670 -41.6842 -42.8077 9.1126 32.5318 -21.6340 -36.0350 -43.2619 -32.5505 16.4549 21.9664 -27.4818 -38.6280 -44.0921 -8.2193 23.9202 -8.4831 -32.1804 -40.9287 -43.9225 6.0328 31.0114 -19.2991 -35.1198 -42.8308 -37.1135 14.4693 27.7079 -26.3023 -38.2026 -44.0236 -10.1305 23.7098 -8.9001 -32.4252 -41.2333 -43.4000 8.4438 32.5170 -22.1007 -36.4661 -43.5387 -25.2372 19.9144 3.0820 -31.0602 -40.3463 -44.1715 3.1923 19.3164 3.1923 -44.1715 -40.3463 -31.0602 3.0820 19.9144 -25.2372 -43.5387 -36.4661 -22.1007 32.5170 8.4438 -43.4000 -41.2333 -32.4252 -8.9001 23.7098 -10.1305 -44.0236 -38.2026 -26.3023 27.7079 14.4693 -37.1135 -42.8308 -35.1198 -19.2991 31.0114 6.0328 -43.9225 -40.9287 -32.1804 -8.4831 23.9202 -8.2193 -44.0921 -38.6280 -27.4818 21.9664 16.4549 -32.5505 -43.2619 -36.0350 -21.6340 32.5318 9.1126 -42.8077 -41.6842 -33.2670 -13.0702
-30.9212 -41.8968 -42.2662 9.9734 32.6812 -22.3344 -36.3372 -43.3948 -30.3786 17.3103 18.4100 -28.1229 -38.9043 -44.1381 -5.8278 24.7148 -10.2690 -32.5042 -41.1586 -43.6953 6.9537 31.5502 -19.9583 -35.3639 -42.9520 -36.0722 14.9830 26.4560 -26.6138 -38.3210 -44.0436 -9.4186 23.8469 -9.0722 -32.4252 -41.2121 -43.4599 8.2127 32.4214 -21.8233 -36.3262 -43.4766 -26.7875 19.3186 5.7343 -30.6655 -40.1589 -44.2164 4.0108 28.9213 5.9509 28.9213 4.0108 -44.2164 -40.1589 -30.6655 5.7343 19.3186 -26.7875 -43.4766 -36.3262 -21.8233 32.4214 8.2127 -43.4599 -41.2121 -32.4252 -9.0722 23.8469 -9.4186 -44.0436 -38.3210 -26.6138 26.4560 14.9830 -36.0722 -42.9520 -35.3639 -19.9583 31.5502 6.9537 -43.6953 -41.1586 -32.5042 -10.2690 24.7148 -5.8278 -44.1381 -38.9043 -28.1229 18.4100 17.3103 -30.3786 -43.3948 -36.3372 -22.3344 32.6812 9.9734 -42.2662 -41.8968 -30.9212
-39.8052 -41.6156 10.8131 32.6110 -23.0173 -36.6372 -43.5178 -27.9586 18.1894 14.4009 -28.7679 -39.1767 -44.1760 -3.7016 25.5160 -11.8192 -32.8263 -41.3848 -43.3828 7.8839 32.0448 -20.6542 -35.6348 -43.0818 -34.7465 15.5924 24.6854 -27.0134 -38.4746 -44.0732 -8.3671 24.1127 -9.5330 -32.4816 -41.2333 -43.4599 8.1281 32.3644 -21.6421 -36.2244 -43.4278 -27.9943 18.8336 8.1152 -30.2467 -39.9853 -44.2450 3.5172 29.7314 -16.9929 -30.3923 -16.9929 29.7314 3.5172 -44.2450 -39.9853 -30.2467 8.1152 18.8336 -27.9943 -43.4278 -36.2244 -21.6421 32.3644 8.1281 -43.4599 -41.2333 -32.4816 -9.5330 24.1127 -8.3671 -44.0732 -38.4746 -27.0134 24.6854 15.5924 -34.7465 -43.0818 -35.6348 -20.6542 32.0448 7.8839 -43.3828 -41.3848 -32.8263 -11.8192 25.5160 -3.7016 -44.1760 -39.1767 -28.7679 14.4009 18.1894 -27.9586 -43.5178 -36.6372 -23.0173 32.6110 10.8131 -41.6156 -39.8052
-40.2231 11.6522 32.2745 -23.6862 -36.9348 -43.6307 -25.3032 19.0984 10.1434 -29.4186 -39.4450 -44.2070 -1.8209 26.3228 -13.1854 -33.1469 -41.6043 -42.9818 8.7855 32.4287 -21.3682 -35.9254 -43.2148 -33.1378 16.2677 22.3885 -27.4735 -38.6597 -44.1048 -7.0490 24.4824 -10.2118 -32.5901 -41.2913 -43.4000 8.2127 32.3644 -21.5758 -36.1717 -43.3954 -28.8333 18.4735 10.1005 -29.8999 -39.8382 -44.2515 2.7809 29.4325 -17.8065 -34.3538 -40.4795 -34.3538 -17.8065 29.4325 2.7809 -44.2515 -39.8382 -29.8999 10.1005 18.4735 -28.8333 -43.3954 -36.1717 -21.5758 32.3644 8.2127 -43.4000 -41.2913 -32.5901 -10.2118 24.4824 -7.0490 -44.1048 -38.6597 -27.4735 22.3885 16.2677 -33.1378 -43.2148 -35.9254 -21.3682 32.4287 8.7855 -42.9818 -41.6043 -33.1469 -13.1854 26.3228 -1.8209 -44.2070 -39.4450 -29.4186 10.1434 19.0984 -25.3032 -43.6307 -36.9348 -23.6862 32.2745 11.6522 -40.2231
11.7665 31.6181 -24.3441 -37.2297 -43.7335 -22.4466 20.0413 5.9296 -30.0766 -39.7089 -44.2323 -0.1539 27.1340 -14.4068 -33.4659 -41.8168 -42.4807 9.6560 32.6489 -22.0761 -36.2250 -43.3465 -31.1908 17.0188 19.5005 -27.9804 -38.8688 -44.1362 -5.5472 24.9460 -11.0536 -32.7401 -41.3800 -43.2773 8.4438 32.4214 -21.6421 -36.1717 -43.3834 -29.2589 18.2431 11.5410 -29.6395 -39.7171 -44.2447 2.0473 28.9940 -17.4998 -34.5927 -43.0389 -46.0140 -43.0389 -34.5927 -17.4998 28.9954 2.0500 -44.2448 -39.7172 -29.6395 11.5410 18.2431 -29.2589 -43.3834 -36.1717 -21.6421 32.4214 8.4438 -43.2773 -41.3800 -32.7401 -11.0536 24.9460 -5.5472 -44.1362 -38.8688 -27.9804 19.5005 17.0188 -31.1908 -43.3465 -36.2250 -22.0761 32.6489 9.6560 -42.4807 -41.8168 -33.4659 -14.4068 27.1340 -0.1539 -44.2323 -39.7089 -30.0766 5.9296 20.0413 -22.4466 -43.7335 -37.2297 -24.3441 31.6181 11.7665
29.8336 -24.9948 -37.5220 -43.8262 -19.4494 20.9049 2.0423 -30.7397 -39.9682 -44.2502 1.3339 27.9474 -15.5135 -33.7834 -42.0220 -41.8669 10.5027 32.6656 -22.7650 -36.5259 -43.4732 -28.8877 17.8592 15.8886 -28.5496 -39.0977 -44.1673 -3.9632 25.5045 -12.0031 -32.9238 -41.4958 -43.0898 8.7965 32.5170 -21.8233 -36.2244 -43.3954 -29.2589 18.1598 12.2884 -29.4717 -39.6281 -44.2359 1.4129 28.5778 -17.0330 -34.4925 -42.6483 -40.0429 1.8573 -40.0429 -42.6483 -34.4925 -17.0420 28.5884 1.4321 -44.2359 -39.6283 -29.4717 12.2884 18.1598 -29.2589 -43.3954 -36.2244 -21.8233 32.5170 8.7965 -43.0898 -41.4958 -32.9238 -12.0031 25.5045 -3.9632 -44.1673 -39.0977 -28.5496 15.8886 17.8592 -28.8877 -43.4732 -36.5259 -22.7650 32.6656 10.5027 -41.8669 -42.0220 -33.7834 -15.5135 27.9474 1.3339 -44.2502 -39.9682 -30.7397 2.0423 20.9049 -19.4494 -43.8262 -37.5220 -24.9948 29.8336
-23.9069 -37.8131 -43.9087 -16.3989 21.6705 -1.3538 -31.2377 -40.2226 -44.2424 2.6745 28.7587 -16.5281 -34.0992 -42.2195 -41.1261 11.3323 32.4341 -23.4387 -36.8243 -43.5899 -26.3171 18.7563 11.7392 -29.1757 -39.3488 -44.1968 -2.3461 26.1426 -13.0177 -33.1438 -41.6359 -42.8302 9.2558 32.6162 -22.1007 -36.3262 -43.4278 -28.8333 18.2431 12.2884 -29.4107 -39.5821 -44.2301 0.9372 28.2589 -16.6075 -34.3532 -42.5214 -39.2264 12.1137 27.1846 12.1152 -39.2241 -42.5202 -34.3535 -16.6282 28.2776 0.9711 -44.2299 -39.5824 -29.4107 12.2884 18.2431 -28.8333 -43.4278 -36.3262 -22.1007 32.6162 9.2558 -42.8302 -41.6359 -33.1438 -13.0177 26.1426 -2.3461 -44.1968 -39.3488 -29.1757 11.7392 18.7563 -26.3171 -43.5899 -36.8243 -23.4387 32.4341 11.3323 -41.1261 -42.2195 -34.0992 -16.5281 28.7587 2.6745 -44.2424 -40.2226 -31.2377 -1.3538 21.6705 -16.3989 -43.9087 -37.8131 -23.9069
-35.5817 -43.9858 -13.3991 22.4435 -4.2335 -31.5662 -40.4718 -44.1878 3.8958 29.5501 -17.4684 -34.4134 -42.4091 -40.2427 12.1504 31.9037 -24.1004 -37.1203 -43.6965 -23.5298 19.6873 7.4729 -29.8307 -39.6113 -44.2235 -0.7327 26.8594 -14.0640 -33.3963 -41.7950 -42.4738 9.8060 32.6800 -22.4632 -36.4661 -43.4766 -27.9943 18.4735 11.5410 -29.4717 -39.5821 -44.2280 0.6842 28.0610 -16.3028 -34.2340 -42.4304 -39.4575 13.0688 31.7846 -15.9988 31.7758 13.0741 -39.4477 -42.4345 -34.2386 -16.3224 28.0783 0.7158 -44.2276 -39.5824 -29.4717 11.5410 18.4735 -27.9943 -43.4766 -36.4661 -22.4632 32.6800 9.8060 -42.4738 -41.7950 -33.3963 -14.0640 26.8594 -0.7327 -44.2235 -39.6113 -29.8307 7.4729 19.6873 -23.5298 -43.6965 -37.1203 -24.1004 31.9037 12.1504 -40.2427 -42.4091 -34.4134 -17.4684 29.5501 3.8958 -44.1878 -40.4718 -31.5662 -4.2335 22.4435 -13.3991 -43.9858 -35.5817
-42.1484 -10.5531 23.2241 -6.6557 -31.8930 -40.7155 -44.0780 5.0208 30.2990 -18.3481 -34.7258 -42.5903 -39.1998 12.9621 31.0190 -24.7529 -37.4136 -43.7929 -20.5761 20.5822 3.4369 -30.4943 -39.8723 -44.2456 0.7991 27.6446 -15.1261 -33.6774 -41.9681 -41.9967 10.4350 32.6616 -22.8993 -36.6369 -43.5387 -26.7875 18.8336 10.1005 -29.6395 -39.6281 -44.2301 0.6842 27.9944 -16.1419 -34.1690 -42.3721 -39.7824 13.0194 30.4442 -24.6017 -33.9553 -24.6253 30.4224 13.0312 -39.7846 -42.3702 -34.1597 -16.1287 28.0001 0.7119 -44.2298 -39.6283 -29.6395 10.1005 18.8336 -26.7875 -43.5387 -36.6369 -22.8993 32.6616 10.4350 -41.9967 -41.9681 -33.6774 -15.1261 27.6446 0.7991 -44.2456 -39.8723 -30.4943 3.4369 20.5822 -20.5761 -43.7929 -37.4136 -24.7529 31.0190 12.9621 -39.1998 -42.5903 -34.7258 -18.3481 30.2990 5.0208 -44.0780 -40.7155 -31.8930 -6.6557 23.2241 -10.5531 -42.1484
-9.9942 24.0435 -8.7049 -32.2182 -40.9534 -43.9058 6.0684 30.9871 -19.1783 -35.0365 -42.7630 -37.9792 13.7723 29.7208 -25.3987 -37.7041 -43.8791 -17.5338 21.3848 -0.1517 -31.0545 -40.1285 -44.2500 2.1910 28.4581 -16.1601 -33.9823 -42.1516 -41.3726 11.1314 32.4933 -23.3993 -36.8414 -43.6123 -25.2372 19.3186 8.1152 -29.8999 -39.7171 -44.2359 0.9372 28.0610 -16.1394 -34.0836 -42.3037 -40.1551 12.9740 30.5925 -25.6660 -37.6050 -43.1819 -37.6978 -25.2454 30.3969 12.7628 -39.9461 -42.1919 -34.1085 -16.8755 28.0672 0.9673 -44.2359 -39.7172 -29.8999 8.1152 19.3186 -25.2372 -43.6123 -36.8414 -23.3993 32.4933 11.1314 -41.3726 -42.1516 -33.9823 -16.1601 28.4581 2.1910 -44.2500 -40.1285 -31.0545 -0.1517 21.3848 -17.5338 -43.8791 -37.7041 -25.3987 29.7208 13.7723 -37.9792 -42.7630 -35.0365 -19.1783 30.9871 6.0684 -43.9058 -40.9534 -32.2182 -8.7049 24.0435 -9.9942
24.3863 -10.4623 -32.5417 -41.1852 -43.6632 7.0542 31.5943 -19.9676 -35.3454 -42.9267 -36.5621 14.5855 27.9493 -26.0401 -37.9915 -43.9554 -14.5027 22.1550 -3.2196 -31.4442 -40.3797 -44.2142 3.4537 29.2595 -17.1262 -34.2966 -42.3395 -40.5788 11.8752 32.0980 -23.9469 -37.0755 -43.6925 -23.2962 19.9144 5.7343 -30.2467 -39.8382 -44.2447 1.4129 28.2589 -16.3003 -34.1605 -42.3798 -40.0826 13.0595 30.6825 -25.3781 -37.8905 -44.7277 -41.6428 -44.8728 -37.8913 -25.2119 30.1379 12.9543 -40.1142 -42.3989 -34.3120 -16.3359 28.2766 1.4321 -44.2448 -39.8382 -30.2467 5.7343 19.9144 -23.2962 -43.6925 -37.0755 -23.9469 32.0980 11.8752 -40.5788 -42.3395 -34.2966 -17.1262 29.2595 3.4537 -44.2142 -40.3797 -31.4442 -3.2196 22.1550 -14.5027 -43.9554 -37.9915 -26.0401 27.9493 14.5855 -36.5621 -42.9267 -35.3454 -19.9676 31.5943 7.0542 -43.6632 -41.1852 -32.5417 -10.4623 24.3863
-11.4753 -32.8644 -41.4116 -43.3416 7.9890 32.0955 -20.7223 -35.6522 -43.0827 -34.9332 15.4049 25.6561 -26.6785 -38.2760 -44.0231 -11.5923 22.9313 -5.7981 -31.7710 -40.6262 -44.1259 4.6101 30.0252 -18.0256 -34.6095 -42.5251 -39.6096 12.6591 31.3847 -24.5334 -37.3284 -43.7720 -21.0008 20.5650 3.0820 -30.6655 -39.9853 -44.2515 2.0473 28.5778 -16.6075 -34.2344 -42.3354 -39.5321 12.8090 30.5840 -25.0930 -37.7236 -43.8559 -18.2154 11.3984 -18.7260 -44.1653 -37.8685 -25.3378 31.1811 12.7061 -39.8574 -42.3760 -34.2424 -16.6308 28.5885 2.0500 -44.2515 -39.9853 -30.6655 3.0820 20.5650 -21.0008 -43.7720 -37.3284 -24.5334 31.3847 12.6591 -39.6096 -42.5251 -34.6095 -18.0256 30.0252 4.6101 -44.1259 -40.6262 -31.7710 -5.7981 22.9313 -11.5923 -44.0231 -38.2760 -26.6785 25.6561 15.4049 -34.9332 -43.0827 -35.6522 -20.7223 32.0955 7.9890 -43.3416 -41.4116 -32.8644 -11.4753
