0.3910 0.1554 0.1629 0.2449 0.4330 0.4851 0.2252 0.1490 0.1920 0.3200 0.5093 0.3940 0.1567 0.1613 0.2401 0.4239 0.4896 0.2383 0.1488 0.1889 0.3126 0.5074 0.4043 0.1586 0.1597 0.2352 0.4143 0.4937 0.2521 0.1486 0.1859 0.3054 0.5046 0.4142 0.1608 0.1582 0.2305 0.4048 0.4975 0.2664 0.1486 0.1830 0.2984 0.5009 0.4235 0.1634 0.1568 0.2255 0.3920 0.5036 0.4131 0.5036 0.3920 0.2255 0.1568 0.1634 0.4235 0.5009 0.2984 0.1830 0.1486 0.2664 0.4975 0.4048 0.2305 0.1582 0.1608 0.4142 0.5046 0.3054 0.1859 0.1486 0.2521 0.4937 0.4143 0.2352 0.1597 0.1586 0.4043 0.5074 0.3126 0.1889 0.1488 0.2383 0.4896 0.4239 0.2401 0.1613 0.1567 0.3940 0.5093 0.3200 0.1920 0.1490 0.2252 0.4851 0.4330 0.2449 0.1629 0.1554 0.3910
0.1554 0.1549 0.2403 0.4327 0.4873 0.2274 0.1388 0.1847 0.3162 0.5107 0.3983 0.1477 0.1525 0.2343 0.4224 0.4918 0.2417 0.1385 0.1815 0.3086 0.5086 0.4085 0.1499 0.1507 0.2292 0.4126 0.4959 0.2563 0.1383 0.1784 0.3012 0.5057 0.4182 0.1525 0.1491 0.2244 0.4029 0.4995 0.2711 0.1383 0.1754 0.2941 0.5018 0.4273 0.1555 0.1476 0.2196 0.3927 0.5034 0.3100 0.1497 0.3100 0.5034 0.3927 0.2196 0.1476 0.1555 0.4273 0.5018 0.2941 0.1754 0.1383 0.2711 0.4995 0.4029 0.2244 0.1491 0.1525 0.4182 0.5057 0.3012 0.1784 0.1383 0.2563 0.4959 0.4126 0.2292 0.1507 0.1499 0.4085 0.5086 0.3086 0.1815 0.1385 0.2417 0.4918 0.4224 0.2343 0.1525 0.1477 0.3983 0.5107 0.3162 0.1847 0.1388 0.2274 0.4873 0.4327 0.2403 0.1549 0.1554
0.1629 0.2403 0.4298 0.4895 0.2361 0.1386 0.1823 0.3104 0.5091 0.4064 0.1494 0.1511 0.2302 0.4145 0.4950 0.2533 0.1384 0.1790 0.3027 0.5063 0.4162 0.1520 0.1494 0.2253 0.4048 0.4987 0.2681 0.1383 0.1760 0.2955 0.5026 0.4255 0.1549 0.1479 0.2206 0.3952 0.5020 0.2828 0.1385 0.1731 0.2885 0.4979 0.4342 0.1583 0.1464 0.2160 0.3856 0.5050 0.3019 0.1384 0.1450 0.1384 0.3019 0.5050 0.3856 0.2160 0.1464 0.1583 0.4342 0.4979 0.2885 0.1731 0.1385 0.2828 0.5020 0.3952 0.2206 0.1479 0.1549 0.4255 0.5026 0.2955 0.1760 0.1383 0.2681 0.4987 0.4048 0.2253 0.1494 0.1520 0.4162 0.5063 0.3027 0.1790 0.1384 0.2533 0.4950 0.4145 0.2302 0.1511 0.1494 0.4064 0.5091 0.3104 0.1823 0.1386 0.2361 0.4895 0.4298 0.2403 0.1629
0.2449 0.4327 0.4895 0.2394 0.1385 0.1807 0.3057 0.5073 0.4135 0.1513 0.1498 0.2264 0.4069 0.4980 0.2651 0.1383 0.1766 0.2969 0.5034 0.4236 0.1542 0.1482 0.2215 0.3971 0.5014 0.2798 0.1384 0.1737 0.2899 0.4989 0.4325 0.1576 0.1467 0.2169 0.3876 0.5043 0.2944 0.1387 0.1709 0.2831 0.4934 0.4408 0.1615 0.1453 0.2125 0.3781 0.5069 0.3095 0.1390 0.1626 0.2124 0.1626 0.1390 0.3095 0.5069 0.3781 0.2125 0.1453 0.1615 0.4408 0.4934 0.2831 0.1709 0.1387 0.2944 0.5043 0.3876 0.2169 0.1467 0.1576 0.4325 0.4989 0.2899 0.1737 0.1384 0.2798 0.5014 0.3971 0.2215 0.1482 0.1542 0.4236 0.5034 0.2969 0.1766 0.1383 0.2651 0.4980 0.4069 0.2264 0.1498 0.1513 0.4135 0.5073 0.3057 0.1807 0.1385 0.2394 0.4895 0.4327 0.2449
0.4330 0.4873 0.2361 0.1385 0.1800 0.3030 0.5058 0.4191 0.1531 0.1487 0.2229 0.3996 0.5006 0.2765 0.1384 0.1743 0.2913 0.4999 0.4307 0.1568 0.1470 0.2178 0.3895 0.5038 0.2914 0.1386 0.1715 0.2845 0.4946 0.4392 0.1606 0.1456 0.2134 0.3801 0.5064 0.3058 0.1390 0.1688 0.2778 0.4883 0.4472 0.1652 0.1443 0.2090 0.3708 0.5086 0.3199 0.1395 0.1652 0.2602 0.3788 0.2602 0.1652 0.1395 0.3199 0.5086 0.3708 0.2090 0.1443 0.1652 0.4472 0.4883 0.2778 0.1688 0.1390 0.3058 0.5064 0.3801 0.2134 0.1456 0.1606 0.4392 0.4946 0.2845 0.1715 0.1386 0.2914 0.5038 0.3895 0.2178 0.1470 0.1568 0.4307 0.4999 0.2913 0.1743 0.1384 0.2765 0.5006 0.3996 0.2229 0.1487 0.1531 0.4191 0.5058 0.3030 0.1800 0.1385 0.2361 0.4873 0.4330
0.4851 0.2274 0.1386 0.1807 0.3030 0.5051 0.4222 0.1544 0.1479 0.2200 0.3932 0.5028 0.2872 0.1385 0.1721 0.2859 0.4958 0.4375 0.1598 0.1459 0.2143 0.3820 0.5059 0.3029 0.1389 0.1693 0.2791 0.4897 0.4456 0.1642 0.1446 0.2099 0.3727 0.5082 0.3170 0.1394 0.1668 0.2726 0.4826 0.4532 0.1696 0.1433 0.2057 0.3636 0.5100 0.3307 0.1401 0.1641 0.2642 0.4607 0.5057 0.4607 0.2642 0.1641 0.1401 0.3307 0.5100 0.3636 0.2057 0.1433 0.1696 0.4532 0.4826 0.2726 0.1668 0.1394 0.3170 0.5082 0.3727 0.2099 0.1446 0.1642 0.4456 0.4897 0.2791 0.1693 0.1389 0.3029 0.5059 0.3820 0.2143 0.1459 0.1598 0.4375 0.4958 0.2859 0.1721 0.1385 0.2872 0.5028 0.3932 0.2200 0.1479 0.1544 0.4222 0.5051 0.3030 0.1807 0.1386 0.2274 0.4851
0.2252 0.1388 0.1823 0.3057 0.5058 0.4222 0.1550 0.1474 0.2180 0.3882 0.5045 0.2967 0.1388 0.1702 0.2809 0.4913 0.4438 0.1632 0.1448 0.2108 0.3746 0.5077 0.3141 0.1393 0.1673 0.2739 0.4841 0.4517 0.1684 0.1436 0.2065 0.3654 0.5096 0.3279 0.1399 0.1648 0.2676 0.4764 0.4589 0.1747 0.1424 0.2025 0.3565 0.5111 0.3412 0.1408 0.1624 0.2611 0.4651 0.4742 0.3316 0.4742 0.4651 0.2611 0.1624 0.1408 0.3412 0.5111 0.3565 0.2025 0.1424 0.1747 0.4589 0.4764 0.2676 0.1648 0.1399 0.3279 0.5096 0.3654 0.2065 0.1436 0.1684 0.4517 0.4841 0.2739 0.1673 0.1393 0.3141 0.5077 0.3746 0.2108 0.1448 0.1632 0.4438 0.4913 0.2809 0.1702 0.1388 0.2967 0.5045 0.3882 0.2180 0.1474 0.1550 0.4222 0.5058 0.3057 0.1823 0.1388 0.2252
0.1490 0.1847 0.3104 0.5073 0.4191 0.1544 0.1474 0.2173 0.3854 0.5056 0.3038 0.1390 0.1685 0.2766 0.4866 0.4494 0.1669 0.1439 0.2074 0.3673 0.5093 0.3251 0.1398 0.1653 0.2689 0.4781 0.4575 0.1733 0.1426 0.2033 0.3583 0.5108 0.3385 0.1406 0.1629 0.2627 0.4698 0.4644 0.1808 0.1416 0.1993 0.3495 0.5119 0.3514 0.1415 0.1606 0.2567 0.4605 0.4725 0.2086 0.1375 0.2086 0.4725 0.4605 0.2567 0.1606 0.1415 0.3514 0.5119 0.3495 0.1993 0.1416 0.1808 0.4644 0.4698 0.2627 0.1629 0.1406 0.3385 0.5108 0.3583 0.2033 0.1426 0.1733 0.4575 0.4781 0.2689 0.1653 0.1398 0.3251 0.5093 0.3673 0.2074 0.1439 0.1669 0.4494 0.4866 0.2766 0.1685 0.1390 0.3038 0.5056 0.3854 0.2173 0.1474 0.1544 0.4191 0.5073 0.3104 0.1847 0.1490
0.1920 0.3162 0.5091 0.4135 0.1531 0.1479 0.2180 0.3854 0.5060 0.3076 0.1392 0.1673 0.2730 0.4822 0.4543 0.1709 0.1430 0.2044 0.3605 0.5105 0.3357 0.1404 0.1634 0.2639 0.4716 0.4630 0.1792 0.1418 0.2001 0.3513 0.5117 0.3488 0.1413 0.1611 0.2579 0.4629 0.4695 0.1880 0.1408 0.1963 0.3427 0.5124 0.3613 0.1425 0.1589 0.2521 0.4537 0.4757 0.2021 0.1379 0.1575 0.1379 0.2021 0.4757 0.4537 0.2521 0.1589 0.1425 0.3613 0.5124 0.3427 0.1963 0.1408 0.1880 0.4695 0.4629 0.2579 0.1611 0.1413 0.3488 0.5117 0.3513 0.2001 0.1418 0.1792 0.4630 0.4716 0.2639 0.1634 0.1404 0.3357 0.5105 0.3605 0.2044 0.1430 0.1709 0.4543 0.4822 0.2730 0.1673 0.1392 0.3076 0.5060 0.3854 0.2180 0.1479 0.1531 0.4135 0.5091 0.3162 0.1920
0.3200 0.5107 0.4064 0.1513 0.1487 0.2200 0.3882 0.5056 0.3076 0.1393 0.1667 0.2707 0.4787 0.4581 0.1748 0.1423 0.2017 0.3543 0.5114 0.3454 0.1411 0.1615 0.2592 0.4647 0.4682 0.1860 0.1410 0.1971 0.3444 0.5123 0.3588 0.1422 0.1593 0.2533 0.4557 0.4742 0.1962 0.1402 0.1933 0.3360 0.5126 0.3708 0.1435 0.1572 0.2476 0.4463 0.4799 0.2087 0.1391 0.1825 0.2490 0.1825 0.1391 0.2087 0.4799 0.4463 0.2476 0.1572 0.1435 0.3708 0.5126 0.3360 0.1933 0.1402 0.1962 0.4742 0.4557 0.2533 0.1593 0.1422 0.3588 0.5123 0.3444 0.1971 0.1410 0.1860 0.4682 0.4647 0.2592 0.1615 0.1411 0.3454 0.5114 0.3543 0.2017 0.1423 0.1748 0.4581 0.4787 0.2707 0.1667 0.1393 0.3076 0.5056 0.3882 0.2200 0.1487 0.1513 0.4064 0.5107 0.3200
0.5093 0.3983 0.1494 0.1498 0.2229 0.3932 0.5045 0.3038 0.1392 0.1667 0.2700 0.4768 0.4606 0.1781 0.1418 0.1995 0.3489 0.5121 0.3541 0.1418 0.1599 0.2547 0.4578 0.4730 0.1940 0.1403 0.1941 0.3377 0.5126 0.3684 0.1432 0.1576 0.2487 0.4482 0.4787 0.2055 0.1396 0.1905 0.3295 0.5124 0.3800 0.1447 0.1556 0.2432 0.4387 0.4840 0.2183 0.1390 0.1856 0.3087 0.4480 0.3087 0.1856 0.1390 0.2183 0.4840 0.4387 0.2432 0.1556 0.1447 0.3800 0.5124 0.3295 0.1905 0.1396 0.2055 0.4787 0.4482 0.2487 0.1576 0.1432 0.3684 0.5126 0.3377 0.1941 0.1403 0.1940 0.4730 0.4578 0.2547 0.1599 0.1418 0.3541 0.5121 0.3489 0.1995 0.1418 0.1781 0.4606 0.4768 0.2700 0.1667 0.1392 0.3038 0.5045 0.3932 0.2229 0.1498 0.1494 0.3983 0.5093
0.3940 0.1477 0.1511 0.2264 0.3996 0.5028 0.2967 0.1390 0.1673 0.2707 0.4768 0.4614 0.1799 0.1414 0.1978 0.3446 0.5124 0.3617 0.1426 0.1585 0.2507 0.4511 0.4773 0.2027 0.1398 0.1912 0.3311 0.5125 0.3777 0.1444 0.1560 0.2443 0.4406 0.4829 0.2155 0.1392 0.1877 0.3231 0.5118 0.3889 0.1460 0.1541 0.2389 0.4310 0.4878 0.2291 0.1387 0.1841 0.3128 0.5054 0.4810 0.5054 0.3128 0.1841 0.1387 0.2291 0.4878 0.4310 0.2389 0.1541 0.1460 0.3889 0.5118 0.3231 0.1877 0.1392 0.2155 0.4829 0.4406 0.2443 0.1560 0.1444 0.3777 0.5125 0.3311 0.1912 0.1398 0.2027 0.4773 0.4511 0.2507 0.1585 0.1426 0.3617 0.5124 0.3446 0.1978 0.1414 0.1799 0.4614 0.4768 0.2707 0.1673 0.1390 0.2967 0.5028 0.3996 0.2264 0.1511 0.1477 0.3940
0.1567 0.1525 0.2302 0.4069 0.5006 0.2872 0.1388 0.1685 0.2730 0.4787 0.4606 0.1799 0.1413 0.1970 0.3419 0.5125 0.3676 0.1433 0.1572 0.2471 0.4448 0.4810 0.2114 0.1393 0.1885 0.3248 0.5120 0.3866 0.1457 0.1545 0.2400 0.4329 0.4868 0.2263 0.1388 0.1850 0.3169 0.5107 0.3974 0.1476 0.1526 0.2348 0.4232 0.4914 0.2404 0.1385 0.1817 0.3088 0.5076 0.4230 0.2304 0.4230 0.5076 0.3088 0.1817 0.1385 0.2404 0.4914 0.4232 0.2348 0.1526 0.1476 0.3974 0.5107 0.3169 0.1850 0.1388 0.2263 0.4868 0.4329 0.2400 0.1545 0.1457 0.3866 0.5120 0.3248 0.1885 0.1393 0.2114 0.4810 0.4448 0.2471 0.1572 0.1433 0.3676 0.5125 0.3419 0.1970 0.1413 0.1799 0.4606 0.4787 0.2730 0.1685 0.1388 0.2872 0.5006 0.4069 0.2302 0.1525 0.1567
0.1613 0.2343 0.4145 0.4980 0.2765 0.1385 0.1702 0.2766 0.4822 0.4581 0.1781 0.1414 0.1970 0.3410 0.5126 0.3712 0.1439 0.1563 0.2442 0.4392 0.4842 0.2198 0.1390 0.1861 0.3190 0.5111 0.3949 0.1471 0.1530 0.2358 0.4252 0.4905 0.2375 0.1386 0.1824 0.3108 0.5092 0.4055 0.1493 0.1512 0.2307 0.4154 0.4947 0.2520 0.1384 0.1793 0.3033 0.5063 0.4184 0.1558 0.1362 0.1558 0.4184 0.5063 0.3033 0.1793 0.1384 0.2520 0.4947 0.4154 0.2307 0.1512 0.1493 0.4055 0.5092 0.3108 0.1824 0.1386 0.2375 0.4905 0.4252 0.2358 0.1530 0.1471 0.3949 0.5111 0.3190 0.1861 0.1390 0.2198 0.4842 0.4392 0.2442 0.1563 0.1439 0.3712 0.5126 0.3410 0.1970 0.1414 0.1781 0.4581 0.4822 0.2766 0.1702 0.1385 0.2765 0.4980 0.4145 0.2343 0.1613
0.2401 0.4224 0.4950 0.2651 0.1384 0.1721 0.2809 0.4866 0.4543 0.1748 0.1418 0.1978 0.3419 0.5126 0.3724 0.1442 0.1557 0.2420 0.4347 0.4867 0.2278 0.1387 0.1840 0.3139 0.5099 0.4024 0.1487 0.1516 0.2318 0.4174 0.4938 0.2490 0.1384 0.1799 0.3049 0.5072 0.4134 0.1512 0.1499 0.2268 0.4077 0.4977 0.2637 0.1383 0.1769 0.2976 0.5037 0.4233 0.1548 0.1446 0.1758 0.1446 0.1548 0.4233 0.5037 0.2976 0.1769 0.1383 0.2637 0.4977 0.4077 0.2268 0.1499 0.1512 0.4134 0.5072 0.3049 0.1799 0.1384 0.2490 0.4938 0.4174 0.2318 0.1516 0.1487 0.4024 0.5099 0.3139 0.1840 0.1387 0.2278 0.4867 0.4347 0.2420 0.1557 0.1442 0.3724 0.5126 0.3419 0.1978 0.1418 0.1748 0.4543 0.4866 0.2809 0.1721 0.1384 0.2651 0.4950 0.4224 0.2401
0.4239 0.4918 0.2533 0.1383 0.1743 0.2859 0.4913 0.4494 0.1709 0.1423 0.1995 0.3446 0.5125 0.3712 0.1442 0.1555 0.2409 0.4317 0.4886 0.2343 0.1386 0.1822 0.3094 0.5086 0.4091 0.1502 0.1504 0.2281 0.4099 0.4969 0.2607 0.1383 0.1775 0.2991 0.5045 0.4209 0.1534 0.1486 0.2229 0.4000 0.5004 0.2754 0.1384 0.1745 0.2920 0.5003 0.4300 0.1567 0.1464 0.2094 0.2957 0.2094 0.1464 0.1567 0.4300 0.5003 0.2920 0.1745 0.1384 0.2754 0.5004 0.4000 0.2229 0.1486 0.1534 0.4209 0.5045 0.2991 0.1775 0.1383 0.2607 0.4969 0.4099 0.2281 0.1504 0.1502 0.4091 0.5086 0.3094 0.1822 0.1386 0.2343 0.4886 0.4317 0.2409 0.1555 0.1442 0.3712 0.5125 0.3446 0.1995 0.1423 0.1709 0.4494 0.4913 0.2859 0.1743 0.1383 0.2533 0.4918 0.4239
0.4896 0.2417 0.1384 0.1766 0.2913 0.4958 0.4438 0.1669 0.1430 0.2017 0.3489 0.5124 0.3676 0.1439 0.1557 0.2409 0.4308 0.4895 0.2385 0.1385 0.1808 0.3057 0.5071 0.4149 0.1518 0.1494 0.2248 0.4031 0.4995 0.2720 0.1384 0.1752 0.2934 0.5013 0.4281 0.1558 0.1474 0.2192 0.3923 0.5029 0.2871 0.1385 0.1723 0.2865 0.4963 0.4367 0.1595 0.1459 0.2130 0.3681 0.5002 0.3681 0.2130 0.1459 0.1595 0.4367 0.4963 0.2865 0.1723 0.1385 0.2871 0.5029 0.3923 0.2192 0.1474 0.1558 0.4281 0.5013 0.2934 0.1752 0.1384 0.2720 0.4995 0.4031 0.2248 0.1494 0.1518 0.4149 0.5071 0.3057 0.1808 0.1385 0.2385 0.4895 0.4308 0.2409 0.1557 0.1439 0.3676 0.5124 0.3489 0.2017 0.1430 0.1669 0.4438 0.4958 0.2913 0.1766 0.1384 0.2417 0.4896
0.2383 0.1385 0.1790 0.2969 0.4999 0.4375 0.1632 0.1439 0.2044 0.3543 0.5121 0.3617 0.1433 0.1563 0.2420 0.4317 0.4895 0.2399 0.1385 0.1799 0.3029 0.5057 0.4195 0.1534 0.1485 0.2219 0.3970 0.5017 0.2824 0.1385 0.1730 0.2880 0.4974 0.4350 0.1587 0.1463 0.2156 0.3848 0.5051 0.2986 0.1388 0.1701 0.2811 0.4916 0.4432 0.1628 0.1449 0.2109 0.3723 0.5088 0.4353 0.5088 0.3723 0.2109 0.1449 0.1628 0.4432 0.4916 0.2811 0.1701 0.1388 0.2986 0.5051 0.3848 0.2156 0.1463 0.1587 0.4350 0.4974 0.2880 0.1730 0.1385 0.2824 0.5017 0.3970 0.2219 0.1485 0.1534 0.4195 0.5057 0.3029 0.1799 0.1385 0.2399 0.4895 0.4317 0.2420 0.1563 0.1433 0.3617 0.5121 0.3543 0.2044 0.1439 0.1632 0.4375 0.4999 0.2969 0.1790 0.1385 0.2383
0.1488 0.1815 0.3027 0.5034 0.4307 0.1598 0.1448 0.2074 0.3605 0.5114 0.3541 0.1426 0.1572 0.2442 0.4347 0.4886 0.2385 0.1385 0.1796 0.3015 0.5047 0.4228 0.1546 0.1477 0.2194 0.3915 0.5035 0.2916 0.1386 0.1711 0.2832 0.4932 0.4414 0.1619 0.1452 0.2121 0.3773 0.5071 0.3100 0.1391 0.1680 0.2759 0.4862 0.4494 0.1668 0.1439 0.2077 0.3675 0.5094 0.3461 0.1603 0.3461 0.5094 0.3675 0.2077 0.1439 0.1668 0.4494 0.4862 0.2759 0.1680 0.1391 0.3100 0.5071 0.3773 0.2121 0.1452 0.1619 0.4414 0.4932 0.2832 0.1711 0.1386 0.2916 0.5035 0.3915 0.2194 0.1477 0.1546 0.4228 0.5047 0.3015 0.1796 0.1385 0.2385 0.4886 0.4347 0.2442 0.1572 0.1426 0.3541 0.5114 0.3605 0.2074 0.1448 0.1598 0.4307 0.5034 0.3027 0.1815 0.1488
0.1889 0.3086 0.5063 0.4236 0.1568 0.1459 0.2108 0.3673 0.5105 0.3454 0.1418 0.1585 0.2471 0.4392 0.4867 0.2343 0.1385 0.1799 0.3015 0.5043 0.4246 0.1555 0.1472 0.2174 0.3869 0.5050 0.2996 0.1389 0.1694 0.2787 0.4889 0.4470 0.1654 0.1442 0.2087 0.3700 0.5087 0.3211 0.1396 0.1660 0.2708 0.4804 0.4554 0.1714 0.1430 0.2045 0.3608 0.5105 0.3388 0.1408 0.1416 0.1408 0.3388 0.5105 0.3608 0.2045 0.1430 0.1714 0.4554 0.4804 0.2708 0.1660 0.1396 0.3211 0.5087 0.3700 0.2087 0.1442 0.1654 0.4470 0.4889 0.2787 0.1694 0.1389 0.2996 0.5050 0.3869 0.2174 0.1472 0.1555 0.4246 0.5043 0.3015 0.1799 0.1385 0.2343 0.4867 0.4392 0.2471 0.1585 0.1418 0.3454 0.5105 0.3673 0.2108 0.1459 0.1568 0.4236 0.5063 0.3086 0.1889
0.3126 0.5086 0.4162 0.1542 0.1470 0.2143 0.3746 0.5093 0.3357 0.1411 0.1599 0.2507 0.4448 0.4842 0.2278 0.1386 0.1808 0.3029 0.5047 0.4246 0.1559 0.1469 0.2162 0.3837 0.5060 0.3062 0.1391 0.1679 0.2749 0.4845 0.4519 0.1690 0.1434 0.2056 0.3630 0.5101 0.3319 0.1402 0.1641 0.2658 0.4740 0.4610 0.1769 0.1421 0.2013 0.3538 0.5114 0.3458 0.1411 0.1566 0.2008 0.1566 0.1411 0.3458 0.5114 0.3538 0.2013 0.1421 0.1769 0.4610 0.4740 0.2658 0.1641 0.1402 0.3319 0.5101 0.3630 0.2056 0.1434 0.1690 0.4519 0.4845 0.2749 0.1679 0.1391 0.3062 0.5060 0.3837 0.2162 0.1469 0.1559 0.4246 0.5047 0.3029 0.1808 0.1386 0.2278 0.4842 0.4448 0.2507 0.1599 0.1411 0.3357 0.5093 0.3746 0.2143 0.1470 0.1542 0.4162 0.5086 0.3126
0.5074 0.4085 0.1520 0.1482 0.2178 0.3820 0.5077 0.3251 0.1404 0.1615 0.2547 0.4511 0.4810 0.2198 0.1387 0.1822 0.3057 0.5057 0.4228 0.1555 0.1469 0.2158 0.3820 0.5066 0.3108 0.1393 0.1668 0.2717 0.4804 0.4562 0.1728 0.1426 0.2029 0.3567 0.5111 0.3420 0.1408 0.1622 0.2609 0.4673 0.4663 0.1833 0.1413 0.1982 0.3470 0.5121 0.3552 0.1419 0.1590 0.2444 0.3539 0.2444 0.1590 0.1419 0.3552 0.5121 0.3470 0.1982 0.1413 0.1833 0.4663 0.4673 0.2609 0.1622 0.1408 0.3420 0.5111 0.3567 0.2029 0.1426 0.1728 0.4562 0.4804 0.2717 0.1668 0.1393 0.3108 0.5066 0.3820 0.2158 0.1469 0.1555 0.4228 0.5057 0.3057 0.1822 0.1387 0.2198 0.4810 0.4511 0.2547 0.1615 0.1404 0.3251 0.5077 0.3820 0.2178 0.1482 0.1520 0.4085 0.5074
0.4043 0.1499 0.1494 0.2215 0.3895 0.5059 0.3141 0.1398 0.1634 0.2592 0.4578 0.4773 0.2114 0.1390 0.1840 0.3094 0.5071 0.4195 0.1546 0.1472 0.2162 0.3820 0.5068 0.3133 0.1394 0.1660 0.2693 0.4769 0.4598 0.1766 0.1420 0.2005 0.3512 0.5118 0.3510 0.1416 0.1605 0.2563 0.4603 0.4713 0.1909 0.1406 0.1952 0.3402 0.5125 0.3649 0.1428 0.1581 0.2484 0.4357 0.5096 0.4357 0.2484 0.1581 0.1428 0.3649 0.5125 0.3402 0.1952 0.1406 0.1909 0.4713 0.4603 0.2563 0.1605 0.1416 0.3510 0.5118 0.3512 0.2005 0.1420 0.1766 0.4598 0.4769 0.2693 0.1660 0.1394 0.3133 0.5068 0.3820 0.2162 0.1472 0.1546 0.4195 0.5071 0.3094 0.1840 0.1390 0.2114 0.4773 0.4578 0.2592 0.1634 0.1398 0.3141 0.5059 0.3895 0.2215 0.1494 0.1499 0.4043
0.1586 0.1507 0.2253 0.3971 0.5038 0.3029 0.1393 0.1653 0.2639 0.4647 0.4730 0.2027 0.1393 0.1861 0.3139 0.5086 0.4149 0.1534 0.1477 0.2174 0.3837 0.5066 0.3133 0.1395 0.1656 0.2677 0.4744 0.4624 0.1800 0.1415 0.1984 0.3464 0.5123 0.3589 0.1423 0.1590 0.2522 0.4535 0.4758 0.1994 0.1400 0.1923 0.3336 0.5125 0.3743 0.1439 0.1566 0.2456 0.4402 0.4877 0.3652 0.4877 0.4402 0.2456 0.1566 0.1439 0.3743 0.5125 0.3336 0.1923 0.1400 0.1994 0.4758 0.4535 0.2522 0.1590 0.1423 0.3589 0.5123 0.3464 0.1984 0.1415 0.1800 0.4624 0.4744 0.2677 0.1656 0.1395 0.3133 0.5066 0.3837 0.2174 0.1477 0.1534 0.4149 0.5086 0.3139 0.1861 0.1393 0.2027 0.4730 0.4647 0.2639 0.1653 0.1393 0.3029 0.5038 0.3971 0.2253 0.1507 0.1586
0.1597 0.2292 0.4048 0.5014 0.2914 0.1389 0.1673 0.2689 0.4716 0.4682 0.1940 0.1398 0.1885 0.3190 0.5099 0.4091 0.1518 0.1485 0.2194 0.3869 0.5060 0.3108 0.1394 0.1656 0.2671 0.4730 0.4640 0.1827 0.1411 0.1968 0.3423 0.5125 0.3655 0.1431 0.1577 0.2484 0.4471 0.4797 0.2083 0.1395 0.1895 0.3271 0.5122 0.3834 0.1452 0.1550 0.2415 0.4352 0.4867 0.2457 0.1405 0.2457 0.4867 0.4352 0.2415 0.1550 0.1452 0.3834 0.5122 0.3271 0.1895 0.1395 0.2083 0.4797 0.4471 0.2484 0.1577 0.1431 0.3655 0.5125 0.3423 0.1968 0.1411 0.1827 0.4640 0.4730 0.2671 0.1656 0.1394 0.3108 0.5060 0.3869 0.2194 0.1485 0.1518 0.4091 0.5099 0.3190 0.1885 0.1398 0.1940 0.4682 0.4716 0.2689 0.1673 0.1389 0.2914 0.5014 0.4048 0.2292 0.1597
0.2352 0.4126 0.4987 0.2798 0.1386 0.1693 0.2739 0.4781 0.4630 0.1860 0.1403 0.1912 0.3248 0.5111 0.4024 0.1502 0.1494 0.2219 0.3915 0.5050 0.3062 0.1393 0.1660 0.2677 0.4730 0.4645 0.1841 0.1409 0.1957 0.3392 0.5126 0.3709 0.1438 0.1566 0.2451 0.4411 0.4831 0.2169 0.1391 0.1869 0.3210 0.5114 0.3921 0.1466 0.1535 0.2373 0.4280 0.4894 0.2378 0.1372 0.1521 0.1372 0.2378 0.4894 0.4280 0.2373 0.1535 0.1466 0.3921 0.5114 0.3210 0.1869 0.1391 0.2169 0.4831 0.4411 0.2451 0.1566 0.1438 0.3709 0.5126 0.3392 0.1957 0.1409 0.1841 0.4645 0.4730 0.2677 0.1660 0.1393 0.3062 0.5050 0.3915 0.2219 0.1494 0.1502 0.4024 0.5111 0.3248 0.1912 0.1403 0.1860 0.4630 0.4781 0.2739 0.1693 0.1386 0.2798 0.4987 0.4126 0.2352
0.4143 0.4959 0.2681 0.1384 0.1715 0.2791 0.4841 0.4575 0.1792 0.1410 0.1941 0.3311 0.5120 0.3949 0.1487 0.1504 0.2248 0.3970 0.5035 0.2996 0.1391 0.1668 0.2693 0.4744 0.4640 0.1841 0.1409 0.1951 0.3374 0.5126 0.3750 0.1443 0.1557 0.2424 0.4358 0.4860 0.2251 0.1388 0.1847 0.3155 0.5103 0.4002 0.1481 0.1521 0.2332 0.4203 0.4926 0.2455 0.1382 0.1742 0.2340 0.1742 0.1382 0.2455 0.4926 0.4203 0.2332 0.1521 0.1481 0.4002 0.5103 0.3155 0.1847 0.1388 0.2251 0.4860 0.4358 0.2424 0.1557 0.1443 0.3750 0.5126 0.3374 0.1951 0.1409 0.1841 0.4640 0.4744 0.2693 0.1668 0.1391 0.2996 0.5035 0.3970 0.2248 0.1504 0.1487 0.3949 0.5120 0.3311 0.1941 0.1410 0.1792 0.4575 0.4841 0.2791 0.1715 0.1384 0.2681 0.4959 0.4143
0.4937 0.2563 0.1383 0.1737 0.2845 0.4897 0.4517 0.1733 0.1418 0.1971 0.3377 0.5125 0.3866 0.1471 0.1516 0.2281 0.4031 0.5017 0.2916 0.1389 0.1679 0.2717 0.4769 0.4624 0.1827 0.1409 0.1951 0.3367 0.5126 0.3776 0.1448 0.1550 0.2403 0.4315 0.4883 0.2327 0.1386 0.1827 0.3107 0.5090 0.4073 0.1498 0.1508 0.2293 0.4126 0.4958 0.2565 0.1383 0.1771 0.2890 0.4218 0.2890 0.1771 0.1383 0.2565 0.4958 0.4126 0.2293 0.1508 0.1498 0.4073 0.5090 0.3107 0.1827 0.1386 0.2327 0.4883 0.4315 0.2403 0.1550 0.1448 0.3776 0.5126 0.3367 0.1951 0.1409 0.1827 0.4624 0.4769 0.2717 0.1679 0.1389 0.2916 0.5017 0.4031 0.2281 0.1516 0.1471 0.3866 0.5125 0.3377 0.1971 0.1418 0.1733 0.4517 0.4897 0.2845 0.1737 0.1383 0.2563 0.4937
0.2521 0.1383 0.1760 0.2899 0.4946 0.4456 0.1684 0.1426 0.2001 0.3444 0.5126 0.3777 0.1457 0.1530 0.2318 0.4099 0.4995 0.2824 0.1386 0.1694 0.2749 0.4804 0.4598 0.1800 0.1411 0.1957 0.3374 0.5126 0.3784 0.1450 0.1546 0.2388 0.4283 0.4901 0.2391 0.1385 0.1810 0.3066 0.5074 0.4135 0.1514 0.1496 0.2257 0.4053 0.4986 0.2680 0.1383 0.1757 0.2931 0.4938 0.4927 0.4938 0.2931 0.1757 0.1383 0.2680 0.4986 0.4053 0.2257 0.1496 0.1514 0.4135 0.5074 0.3066 0.1810 0.1385 0.2391 0.4901 0.4283 0.2388 0.1546 0.1450 0.3784 0.5126 0.3374 0.1957 0.1411 0.1800 0.4598 0.4804 0.2749 0.1694 0.1386 0.2824 0.4995 0.4099 0.2318 0.1530 0.1457 0.3777 0.5126 0.3444 0.2001 0.1426 0.1684 0.4456 0.4946 0.2899 0.1760 0.1383 0.2521
0.1486 0.1784 0.2955 0.4989 0.4392 0.1642 0.1436 0.2033 0.3513 0.5123 0.3684 0.1444 0.1545 0.2358 0.4174 0.4969 0.2720 0.1385 0.1711 0.2787 0.4845 0.4562 0.1766 0.1415 0.1968 0.3392 0.5126 0.3776 0.1450 0.1545 0.2381 0.4262 0.4913 0.2439 0.1384 0.1797 0.3030 0.5059 0.4188 0.1531 0.1486 0.2225 0.3985 0.5011 0.2790 0.1384 0.1737 0.2895 0.4970 0.4452 0.2696 0.4452 0.4970 0.2895 0.1737 0.1384 0.2790 0.5011 0.3985 0.2225 0.1486 0.1531 0.4188 0.5059 0.3030 0.1797 0.1384 0.2439 0.4913 0.4262 0.2381 0.1545 0.1450 0.3776 0.5126 0.3392 0.1968 0.1415 0.1766 0.4562 0.4845 0.2787 0.1711 0.1385 0.2720 0.4969 0.4174 0.2358 0.1545 0.1444 0.3684 0.5123 0.3513 0.2033 0.1436 0.1642 0.4392 0.4989 0.2955 0.1784 0.1486
0.1859 0.3012 0.5026 0.4325 0.1606 0.1446 0.2065 0.3583 0.5117 0.3588 0.1432 0.1560 0.2400 0.4252 0.4938 0.2607 0.1384 0.1730 0.2832 0.4889 0.4519 0.1728 0.1420 0.1984 0.3423 0.5126 0.3750 0.1448 0.1546 0.2381 0.4255 0.4919 0.2469 0.1384 0.1787 0.3002 0.5044 0.4230 0.1546 0.1478 0.2198 0.3924 0.5031 0.2891 0.1386 0.1716 0.2846 0.4943 0.4418 0.1680 0.1358 0.1680 0.4418 0.4943 0.2846 0.1716 0.1386 0.2891 0.5031 0.3924 0.2198 0.1478 0.1546 0.4230 0.5044 0.3002 0.1787 0.1384 0.2469 0.4919 0.4255 0.2381 0.1546 0.1448 0.3750 0.5126 0.3423 0.1984 0.1420 0.1728 0.4519 0.4889 0.2832 0.1730 0.1384 0.2607 0.4938 0.4252 0.2400 0.1560 0.1432 0.3588 0.5117 0.3583 0.2065 0.1446 0.1606 0.4325 0.5026 0.3012 0.1859
0.3054 0.5057 0.4255 0.1576 0.1456 0.2099 0.3654 0.5108 0.3488 0.1422 0.1576 0.2443 0.4329 0.4905 0.2490 0.1383 0.1752 0.2880 0.4932 0.4470 0.1690 0.1426 0.2005 0.3464 0.5125 0.3709 0.1443 0.1550 0.2388 0.4262 0.4919 0.2480 0.1384 0.1780 0.2983 0.5031 0.4264 0.1559 0.1471 0.2174 0.3872 0.5048 0.2982 0.1388 0.1698 0.2799 0.4900 0.4458 0.1656 0.1414 0.1682 0.1414 0.1656 0.4458 0.4900 0.2799 0.1698 0.1388 0.2982 0.5048 0.3872 0.2174 0.1471 0.1559 0.4264 0.5031 0.2983 0.1780 0.1384 0.2480 0.4919 0.4262 0.2388 0.1550 0.1443 0.3709 0.5125 0.3464 0.2005 0.1426 0.1690 0.4470 0.4932 0.2880 0.1752 0.1383 0.2490 0.4905 0.4329 0.2443 0.1576 0.1422 0.3488 0.5108 0.3654 0.2099 0.1456 0.1576 0.4255 0.5057 0.3054
0.5046 0.4182 0.1549 0.1467 0.2134 0.3727 0.5096 0.3385 0.1413 0.1593 0.2487 0.4406 0.4868 0.2375 0.1384 0.1775 0.2934 0.4974 0.4414 0.1654 0.1434 0.2029 0.3512 0.5123 0.3655 0.1438 0.1557 0.2403 0.4283 0.4913 0.2469 0.1384 0.1778 0.2973 0.5022 0.4288 0.1570 0.1466 0.2155 0.3829 0.5061 0.3060 0.1391 0.1682 0.2757 0.4854 0.4508 0.1683 0.1430 0.1984 0.2769 0.1984 0.1430 0.1683 0.4508 0.4854 0.2757 0.1682 0.1391 0.3060 0.5061 0.3829 0.2155 0.1466 0.1570 0.4288 0.5022 0.2973 0.1778 0.1384 0.2469 0.4913 0.4283 0.2403 0.1557 0.1438 0.3655 0.5123 0.3512 0.2029 0.1434 0.1654 0.4414 0.4974 0.2934 0.1775 0.1384 0.2375 0.4868 0.4406 0.2487 0.1593 0.1413 0.3385 0.5096 0.3727 0.2134 0.1467 0.1549 0.4182 0.5046
0.4142 0.1525 0.1479 0.2169 0.3801 0.5082 0.3279 0.1406 0.1611 0.2533 0.4482 0.4829 0.2263 0.1386 0.1799 0.2991 0.5013 0.4350 0.1619 0.1442 0.2056 0.3567 0.5118 0.3589 0.1431 0.1566 0.2424 0.4315 0.4901 0.2439 0.1384 0.1780 0.2973 0.5019 0.4300 0.1577 0.1462 0.2141 0.3794 0.5071 0.3125 0.1393 0.1668 0.2719 0.4809 0.4556 0.1721 0.1427 0.2020 0.3448 0.4854 0.3448 0.2020 0.1427 0.1721 0.4556 0.4809 0.2719 0.1668 0.1393 0.3125 0.5071 0.3794 0.2141 0.1462 0.1577 0.4300 0.5019 0.2973 0.1780 0.1384 0.2439 0.4901 0.4315 0.2424 0.1566 0.1431 0.3589 0.5118 0.3567 0.2056 0.1442 0.1619 0.4350 0.5013 0.2991 0.1799 0.1386 0.2263 0.4829 0.4482 0.2533 0.1611 0.1406 0.3279 0.5082 0.3801 0.2169 0.1479 0.1525 0.4142
0.1608 0.1491 0.2206 0.3876 0.5064 0.3170 0.1399 0.1629 0.2579 0.4557 0.4787 0.2155 0.1388 0.1824 0.3049 0.5045 0.4281 0.1587 0.1452 0.2087 0.3630 0.5111 0.3510 0.1423 0.1577 0.2451 0.4358 0.4883 0.2391 0.1384 0.1787 0.2983 0.5022 0.4300 0.1580 0.1460 0.2132 0.3770 0.5078 0.3176 0.1396 0.1656 0.2687 0.4766 0.4597 0.1763 0.1421 0.2006 0.3495 0.5111 0.4548 0.5111 0.3495 0.2006 0.1421 0.1763 0.4597 0.4766 0.2687 0.1656 0.1396 0.3176 0.5078 0.3770 0.2132 0.1460 0.1580 0.4300 0.5022 0.2983 0.1787 0.1384 0.2391 0.4883 0.4358 0.2451 0.1577 0.1423 0.3510 0.5111 0.3630 0.2087 0.1452 0.1587 0.4281 0.5045 0.3049 0.1824 0.1388 0.2155 0.4787 0.4557 0.2579 0.1629 0.1399 0.3170 0.5064 0.3876 0.2206 0.1491 0.1608
0.1582 0.2244 0.3952 0.5043 0.3058 0.1394 0.1648 0.2627 0.4629 0.4742 0.2055 0.1392 0.1850 0.3108 0.5072 0.4209 0.1558 0.1463 0.2121 0.3700 0.5101 0.3420 0.1416 0.1590 0.2484 0.4411 0.4860 0.2327 0.1385 0.1797 0.3002 0.5031 0.4288 0.1577 0.1460 0.2129 0.3757 0.5082 0.3213 0.1398 0.1647 0.2661 0.4729 0.4631 0.1805 0.1415 0.1985 0.3464 0.5121 0.3768 0.1769 0.3768 0.5121 0.3464 0.1985 0.1415 0.1805 0.4631 0.4729 0.2661 0.1647 0.1398 0.3213 0.5082 0.3757 0.2129 0.1460 0.1577 0.4288 0.5031 0.3002 0.1797 0.1385 0.2327 0.4860 0.4411 0.2484 0.1590 0.1416 0.3420 0.5101 0.3700 0.2121 0.1463 0.1558 0.4209 0.5072 0.3108 0.1850 0.1392 0.2055 0.4742 0.4629 0.2627 0.1648 0.1394 0.3058 0.5043 0.3952 0.2244 0.1582
0.2305 0.4029 0.5020 0.2944 0.1390 0.1668 0.2676 0.4698 0.4695 0.1962 0.1396 0.1877 0.3169 0.5092 0.4134 0.1534 0.1474 0.2156 0.3773 0.5087 0.3319 0.1408 0.1605 0.2522 0.4471 0.4831 0.2251 0.1386 0.1810 0.3030 0.5044 0.4264 0.1570 0.1462 0.2132 0.3757 0.5083 0.3232 0.1399 0.1641 0.2641 0.4697 0.4659 0.1844 0.1410 0.1965 0.3420 0.5124 0.3687 0.1443 0.1390 0.1443 0.3687 0.5124 0.3420 0.1965 0.1410 0.1844 0.4659 0.4697 0.2641 0.1641 0.1399 0.3232 0.5083 0.3757 0.2132 0.1462 0.1570 0.4264 0.5044 0.3030 0.1810 0.1386 0.2251 0.4831 0.4471 0.2522 0.1605 0.1408 0.3319 0.5087 0.3773 0.2156 0.1474 0.1534 0.4134 0.5092 0.3169 0.1877 0.1396 0.1962 0.4695 0.4698 0.2676 0.1668 0.1390 0.2944 0.5020 0.4029 0.2305
0.4048 0.4995 0.2828 0.1387 0.1688 0.2726 0.4764 0.4644 0.1880 0.1402 0.1905 0.3231 0.5107 0.4055 0.1512 0.1486 0.2192 0.3848 0.5071 0.3211 0.1402 0.1622 0.2563 0.4535 0.4797 0.2169 0.1388 0.1827 0.3066 0.5059 0.4230 0.1559 0.1466 0.2141 0.3770 0.5082 0.3232 0.1400 0.1637 0.2629 0.4674 0.4679 0.1879 0.1407 0.1948 0.3379 0.5126 0.3723 0.1440 0.1521 0.1916 0.1521 0.1440 0.3723 0.5126 0.3379 0.1948 0.1407 0.1879 0.4679 0.4674 0.2629 0.1637 0.1400 0.3232 0.5082 0.3770 0.2141 0.1466 0.1559 0.4230 0.5059 0.3066 0.1827 0.1388 0.2169 0.4797 0.4535 0.2563 0.1622 0.1402 0.3211 0.5071 0.3848 0.2192 0.1486 0.1512 0.4055 0.5107 0.3231 0.1905 0.1402 0.1880 0.4644 0.4764 0.2726 0.1688 0.1387 0.2828 0.4995 0.4048
0.4975 0.2711 0.1385 0.1709 0.2778 0.4826 0.4589 0.1808 0.1408 0.1933 0.3295 0.5118 0.3974 0.1493 0.1499 0.2229 0.3923 0.5051 0.3100 0.1396 0.1641 0.2609 0.4603 0.4758 0.2083 0.1391 0.1847 0.3107 0.5074 0.4188 0.1546 0.1471 0.2155 0.3794 0.5078 0.3213 0.1399 0.1637 0.2624 0.4662 0.4692 0.1905 0.1404 0.1934 0.3344 0.5125 0.3774 0.1446 0.1546 0.2324 0.3338 0.2324 0.1546 0.1446 0.3773 0.5125 0.3344 0.1934 0.1404 0.1905 0.4692 0.4662 0.2624 0.1637 0.1399 0.3213 0.5078 0.3794 0.2155 0.1471 0.1546 0.4188 0.5074 0.3107 0.1847 0.1391 0.2083 0.4758 0.4603 0.2609 0.1641 0.1396 0.3100 0.5051 0.3923 0.2229 0.1499 0.1493 0.3974 0.5118 0.3295 0.1933 0.1408 0.1808 0.4589 0.4826 0.2778 0.1709 0.1385 0.2711 0.4975
0.2664 0.1383 0.1731 0.2831 0.4883 0.4532 0.1747 0.1416 0.1963 0.3360 0.5124 0.3889 0.1476 0.1512 0.2268 0.4000 0.5029 0.2986 0.1391 0.1660 0.2658 0.4673 0.4713 0.1994 0.1395 0.1869 0.3155 0.5090 0.4135 0.1531 0.1478 0.2174 0.3829 0.5071 0.3176 0.1398 0.1641 0.2629 0.4662 0.4696 0.1920 0.1402 0.1925 0.3318 0.5124 0.3820 0.1453 0.1544 0.2375 0.4154 0.5104 0.4154 0.2375 0.1544 0.1453 0.3819 0.5124 0.3319 0.1925 0.1402 0.1920 0.4696 0.4662 0.2629 0.1641 0.1398 0.3176 0.5071 0.3829 0.2174 0.1478 0.1531 0.4135 0.5090 0.3155 0.1869 0.1395 0.1994 0.4713 0.4673 0.2658 0.1660 0.1391 0.2986 0.5029 0.4000 0.2268 0.1512 0.1476 0.3889 0.5124 0.3360 0.1963 0.1416 0.1747 0.4532 0.4883 0.2831 0.1731 0.1383 0.2664
0.1486 0.1754 0.2885 0.4934 0.4472 0.1696 0.1424 0.1993 0.3427 0.5126 0.3800 0.1460 0.1526 0.2307 0.4077 0.5004 0.2871 0.1388 0.1680 0.2708 0.4740 0.4663 0.1909 0.1400 0.1895 0.3210 0.5103 0.4073 0.1514 0.1486 0.2198 0.3872 0.5061 0.3125 0.1396 0.1647 0.2641 0.4674 0.4692 0.1920 0.1402 0.1920 0.3302 0.5123 0.3855 0.1459 0.1538 0.2367 0.4227 0.4955 0.3876 0.4955 0.4227 0.2367 0.1538 0.1459 0.3853 0.5123 0.3302 0.1920 0.1402 0.1920 0.4692 0.4674 0.2641 0.1647 0.1396 0.3125 0.5061 0.3872 0.2198 0.1486 0.1514 0.4073 0.5103 0.3210 0.1895 0.1400 0.1909 0.4663 0.4740 0.2708 0.1680 0.1388 0.2871 0.5004 0.4077 0.2307 0.1526 0.1460 0.3800 0.5126 0.3427 0.1993 0.1424 0.1696 0.4472 0.4934 0.2885 0.1754 0.1486
0.1830 0.2941 0.4979 0.4408 0.1652 0.1433 0.2025 0.3495 0.5124 0.3708 0.1447 0.1541 0.2348 0.4154 0.4977 0.2754 0.1385 0.1701 0.2759 0.4804 0.4610 0.1833 0.1406 0.1923 0.3271 0.5114 0.4002 0.1498 0.1496 0.2225 0.3924 0.5048 0.3060 0.1393 0.1656 0.2661 0.4697 0.4679 0.1905 0.1402 0.1920 0.3296 0.5122 0.3876 0.1464 0.1532 0.2352 0.4213 0.4937 0.2715 0.1437 0.2713 0.4937 0.4214 0.2352 0.1533 0.1463 0.3874 0.5122 0.3296 0.1920 0.1402 0.1905 0.4679 0.4697 0.2661 0.1656 0.1393 0.3060 0.5048 0.3924 0.2225 0.1496 0.1498 0.4002 0.5114 0.3271 0.1923 0.1406 0.1833 0.4610 0.4804 0.2759 0.1701 0.1385 0.2754 0.4977 0.4154 0.2348 0.1541 0.1447 0.3708 0.5124 0.3495 0.2025 0.1433 0.1652 0.4408 0.4979 0.2941 0.1830
0.2984 0.5018 0.4342 0.1615 0.1443 0.2057 0.3565 0.5119 0.3613 0.1435 0.1556 0.2389 0.4232 0.4947 0.2637 0.1384 0.1723 0.2811 0.4862 0.4554 0.1769 0.1413 0.1952 0.3336 0.5122 0.3921 0.1481 0.1508 0.2257 0.3985 0.5031 0.2982 0.1391 0.1668 0.2687 0.4729 0.4659 0.1879 0.1404 0.1925 0.3302 0.5122 0.3883 0.1466 0.1529 0.2340 0.4190 0.4943 0.2577 0.1373 0.1493 0.1373 0.2575 0.4943 0.4190 0.2340 0.1529 0.1466 0.3883 0.5122 0.3302 0.1925 0.1404 0.1879 0.4659 0.4729 0.2687 0.1668 0.1391 0.2982 0.5031 0.3985 0.2257 0.1508 0.1481 0.3921 0.5122 0.3336 0.1952 0.1413 0.1769 0.4554 0.4862 0.2811 0.1723 0.1384 0.2637 0.4947 0.4232 0.2389 0.1556 0.1435 0.3613 0.5119 0.3565 0.2057 0.1443 0.1615 0.4342 0.5018 0.2984
0.5009 0.4273 0.1583 0.1453 0.2090 0.3636 0.5111 0.3514 0.1425 0.1572 0.2432 0.4310 0.4914 0.2520 0.1383 0.1745 0.2865 0.4916 0.4494 0.1714 0.1421 0.1982 0.3402 0.5125 0.3834 0.1466 0.1521 0.2293 0.4053 0.5011 0.2891 0.1388 0.1682 0.2719 0.4766 0.4631 0.1844 0.1407 0.1934 0.3318 0.5123 0.3876 0.1466 0.1525 0.2333 0.4172 0.4946 0.2590 0.1381 0.1702 0.2270 0.1712 0.1382 0.2576 0.4955 0.4177 0.2331 0.1529 0.1457 0.3876 0.5123 0.3319 0.1934 0.1407 0.1844 0.4631 0.4766 0.2719 0.1682 0.1388 0.2891 0.5011 0.4053 0.2293 0.1521 0.1466 0.3834 0.5125 0.3402 0.1982 0.1421 0.1714 0.4494 0.4916 0.2865 0.1745 0.1383 0.2520 0.4914 0.4310 0.2432 0.1572 0.1425 0.3514 0.5111 0.3636 0.2090 0.1453 0.1583 0.4273 0.5009
0.4235 0.1555 0.1464 0.2125 0.3708 0.5100 0.3412 0.1415 0.1589 0.2476 0.4387 0.4878 0.2404 0.1384 0.1769 0.2920 0.4963 0.4432 0.1668 0.1430 0.2013 0.3470 0.5125 0.3743 0.1452 0.1535 0.2332 0.4126 0.4986 0.2790 0.1386 0.1698 0.2757 0.4809 0.4597 0.1805 0.1410 0.1948 0.3344 0.5124 0.3855 0.1464 0.1529 0.2338 0.4180 0.4947 0.2601 0.1384 0.1753 0.2820 0.4111 0.2833 0.1755 0.1382 0.2550 0.4946 0.4172 0.2336 0.1534 0.1464 0.3853 0.5124 0.3344 0.1948 0.1410 0.1805 0.4597 0.4809 0.2757 0.1698 0.1386 0.2790 0.4986 0.4126 0.2332 0.1535 0.1452 0.3743 0.5125 0.3470 0.2013 0.1430 0.1668 0.4432 0.4963 0.2920 0.1769 0.1384 0.2404 0.4878 0.4387 0.2476 0.1589 0.1415 0.3412 0.5100 0.3708 0.2125 0.1464 0.1555 0.4235
0.1634 0.1476 0.2160 0.3781 0.5086 0.3307 0.1408 0.1606 0.2521 0.4463 0.4840 0.2291 0.1385 0.1793 0.2976 0.5003 0.4367 0.1628 0.1439 0.2045 0.3538 0.5121 0.3649 0.1439 0.1550 0.2373 0.4203 0.4958 0.2680 0.1384 0.1716 0.2799 0.4854 0.4556 0.1763 0.1415 0.1965 0.3379 0.5125 0.3820 0.1459 0.1532 0.2340 0.4208 0.4958 0.2595 0.1384 0.1750 0.2894 0.4890 0.4962 0.4881 0.2896 0.1755 0.1383 0.2656 0.4960 0.4178 0.2352 0.1533 0.1459 0.3819 0.5125 0.3379 0.1965 0.1415 0.1763 0.4556 0.4854 0.2799 0.1716 0.1384 0.2680 0.4958 0.4203 0.2373 0.1550 0.1439 0.3649 0.5121 0.3538 0.2045 0.1439 0.1628 0.4367 0.5003 0.2976 0.1793 0.1385 0.2291 0.4840 0.4463 0.2521 0.1606 0.1408 0.3307 0.5086 0.3781 0.2160 0.1476 0.1634
0.1568 0.2196 0.3856 0.5069 0.3199 0.1401 0.1624 0.2567 0.4537 0.4799 0.2183 0.1387 0.1817 0.3033 0.5037 0.4300 0.1595 0.1449 0.2077 0.3608 0.5114 0.3552 0.1428 0.1566 0.2415 0.4280 0.4926 0.2565 0.1383 0.1737 0.2846 0.4900 0.4508 0.1721 0.1421 0.1985 0.3420 0.5126 0.3774 0.1453 0.1538 0.2352 0.4191 0.4951 0.2611 0.1383 0.1754 0.2905 0.4964 0.4514 0.2753 0.4472 0.4969 0.2907 0.1753 0.1385 0.2584 0.4953 0.4200 0.2353 0.1538 0.1453 0.3773 0.5126 0.3420 0.1985 0.1421 0.1721 0.4508 0.4900 0.2846 0.1737 0.1383 0.2565 0.4926 0.4280 0.2415 0.1566 0.1428 0.3552 0.5114 0.3608 0.2077 0.1449 0.1595 0.4300 0.5037 0.3033 0.1817 0.1387 0.2183 0.4799 0.4537 0.2567 0.1624 0.1401 0.3199 0.5069 0.3856 0.2196 0.1568
0.2255 0.3927 0.5050 0.3095 0.1395 0.1641 0.2611 0.4605 0.4757 0.2087 0.1390 0.1841 0.3088 0.5063 0.4233 0.1567 0.1459 0.2109 0.3675 0.5105 0.3458 0.1419 0.1581 0.2456 0.4352 0.4894 0.2455 0.1383 0.1757 0.2895 0.4943 0.4458 0.1683 0.1427 0.2006 0.3464 0.5124 0.3723 0.1446 0.1544 0.2367 0.4214 0.4943 0.2564 0.1384 0.1764 0.2945 0.5006 0.4393 0.1708 0.1359 0.1667 0.4399 0.4976 0.2893 0.1751 0.1382 0.2610 0.4947 0.4211 0.2367 0.1544 0.1446 0.3723 0.5124 0.3464 0.2006 0.1427 0.1683 0.4458 0.4943 0.2895 0.1757 0.1383 0.2455 0.4894 0.4352 0.2456 0.1581 0.1419 0.3458 0.5105 0.3675 0.2109 0.1459 0.1567 0.4233 0.5063 0.3088 0.1841 0.1390 0.2087 0.4757 0.4605 0.2611 0.1641 0.1395 0.3095 0.5050 0.3927 0.2255
0.3920 0.5034 0.3019 0.1390 0.1652 0.2642 0.4651 0.4725 0.2021 0.1391 0.1856 0.3128 0.5076 0.4184 0.1548 0.1464 0.2130 0.3723 0.5094 0.3388 0.1411 0.1590 0.2484 0.4402 0.4867 0.2378 0.1382 0.1771 0.2931 0.4970 0.4418 0.1656 0.1430 0.2020 0.3495 0.5121 0.3687 0.1440 0.1546 0.2375 0.4227 0.4937 0.2576 0.1381 0.1766 0.2916 0.4975 0.4354 0.1644 0.1410 0.1680 0.1413 0.1639 0.4418 0.4964 0.2889 0.1740 0.1381 0.2556 0.4938 0.4227 0.2375 0.1546 0.1440 0.3687 0.5121 0.3495 0.2020 0.1430 0.1656 0.4418 0.4970 0.2931 0.1771 0.1382 0.2378 0.4867 0.4402 0.2484 0.1590 0.1411 0.3388 0.5094 0.3723 0.2130 0.1464 0.1548 0.4184 0.5076 0.3128 0.1856 0.1391 0.2021 0.4725 0.4651 0.2642 0.1652 0.1390 0.3019 0.5034 0.3920
0.5036 0.3100 0.1384 0.1626 0.2602 0.4607 0.4742 0.2086 0.1379 0.1825 0.3087 0.5054 0.4230 0.1558 0.1446 0.2094 0.3681 0.5088 0.3461 0.1408 0.1566 0.2444 0.4357 0.4877 0.2457 0.1372 0.1742 0.2890 0.4938 0.4452 0.1680 0.1414 0.1984 0.3448 0.5111 0.3768 0.1443 0.1521 0.2324 0.4154 0.4955 0.2714 0.1373 0.1714 0.2871 0.4911 0.4480 0.1667 0.1412 0.1941 0.2720 0.1940 0.1409 0.1716 0.4482 0.4911 0.2832 0.1708 0.1372 0.2715 0.4955 0.4154 0.2324 0.1521 0.1443 0.3768 0.5111 0.3448 0.1984 0.1414 0.1680 0.4452 0.4938 0.2890 0.1742 0.1372 0.2457 0.4877 0.4357 0.2444 0.1566 0.1408 0.3461 0.5088 0.3681 0.2094 0.1446 0.1558 0.4230 0.5054 0.3087 0.1825 0.1379 0.2086 0.4742 0.4607 0.2602 0.1626 0.1384 0.3100 0.5036
0.4131 0.1497 0.1450 0.2124 0.3788 0.5057 0.3316 0.1375 0.1575 0.2490 0.4480 0.4810 0.2304 0.1362 0.1758 0.2957 0.5002 0.4353 0.1603 0.1416 0.2008 0.3539 0.5096 0.3652 0.1405 0.1521 0.2340 0.4218 0.4927 0.2696 0.1358 0.1682 0.2769 0.4854 0.4548 0.1769 0.1390 0.1916 0.3338 0.5104 0.3876 0.1437 0.1493 0.2265 0.4124 0.4958 0.2802 0.1360 0.1687 0.2696 0.3939 0.2696 0.1682 0.1359 0.2755 0.4946 0.4086 0.2261 0.1491 0.1437 0.3876 0.5104 0.3338 0.1916 0.1390 0.1769 0.4548 0.4854 0.2769 0.1682 0.1358 0.2696 0.4927 0.4218 0.2340 0.1521 0.1405 0.3652 0.5096 0.3539 0.2008 0.1416 0.1603 0.4353 0.5002 0.2957 0.1758 0.1362 0.2304 0.4810 0.4480 0.2490 0.1575 0.1375 0.3316 0.5057 0.3788 0.2124 0.1450 0.1497 0.4131
0.5036 0.3100 0.1384 0.1626 0.2602 0.4607 0.4742 0.2086 0.1379 0.1825 0.3087 0.5054 0.4230 0.1558 0.1446 0.2094 0.3681 0.5088 0.3461 0.1408 0.1566 0.2444 0.4357 0.4877 0.2457 0.1372 0.1742 0.2890 0.4938 0.4452 0.1680 0.1414 0.1984 0.3448 0.5111 0.3768 0.1443 0.1521 0.2324 0.4154 0.4955 0.2714 0.1373 0.1709 0.2814 0.4857 0.4541 0.1719 0.1414 0.1930 0.2690 0.1951 0.1413 0.1674 0.4470 0.4890 0.2787 0.1702 0.1373 0.2716 0.4955 0.4154 0.2324 0.1521 0.1443 0.3768 0.5111 0.3448 0.1984 0.1414 0.1680 0.4452 0.4938 0.2890 0.1742 0.1372 0.2457 0.4877 0.4357 0.2444 0.1566 0.1408 0.3461 0.5088 0.3681 0.2094 0.1446 0.1558 0.4230 0.5054 0.3087 0.1825 0.1379 0.2086 0.4742 0.4607 0.2602 0.1626 0.1384 0.3100 0.5036
0.3920 0.5034 0.3019 0.1390 0.1652 0.2642 0.4651 0.4725 0.2021 0.1391 0.1856 0.3128 0.5076 0.4184 0.1548 0.1464 0.2130 0.3723 0.5094 0.3388 0.1411 0.1590 0.2484 0.4402 0.4867 0.2378 0.1382 0.1771 0.2931 0.4970 0.4418 0.1656 0.1430 0.2020 0.3495 0.5121 0.3687 0.1440 0.1546 0.2375 0.4227 0.4937 0.2576 0.1384 0.1746 0.2858 0.4927 0.4419 0.1660 0.1412 0.1667 0.1415 0.1624 0.4351 0.4967 0.2901 0.1743 0.1379 0.2528 0.4939 0.4227 0.2375 0.1546 0.1440 0.3687 0.5121 0.3495 0.2020 0.1430 0.1656 0.4418 0.4970 0.2931 0.1771 0.1382 0.2378 0.4867 0.4402 0.2484 0.1590 0.1411 0.3388 0.5094 0.3723 0.2130 0.1464 0.1548 0.4184 0.5076 0.3128 0.1856 0.1391 0.2021 0.4725 0.4651 0.2642 0.1652 0.1390 0.3019 0.5034 0.3920
0.2255 0.3927 0.5050 0.3095 0.1395 0.1641 0.2611 0.4605 0.4757 0.2087 0.1390 0.1841 0.3088 0.5063 0.4233 0.1567 0.1459 0.2109 0.3675 0.5105 0.3458 0.1419 0.1581 0.2456 0.4352 0.4894 0.2455 0.1383 0.1757 0.2895 0.4943 0.4458 0.1683 0.1427 0.2006 0.3464 0.5124 0.3723 0.1446 0.1544 0.2367 0.4214 0.4942 0.2598 0.1382 0.1744 0.2907 0.4984 0.4406 0.1695 0.1357 0.1653 0.4391 0.4995 0.2920 0.1753 0.1384 0.2638 0.4951 0.4213 0.2367 0.1544 0.1446 0.3723 0.5124 0.3464 0.2006 0.1427 0.1683 0.4458 0.4943 0.2895 0.1757 0.1383 0.2455 0.4894 0.4352 0.2456 0.1581 0.1419 0.3458 0.5105 0.3675 0.2109 0.1459 0.1567 0.4233 0.5063 0.3088 0.1841 0.1390 0.2087 0.4757 0.4605 0.2611 0.1641 0.1395 0.3095 0.5050 0.3927 0.2255
0.1568 0.2196 0.3856 0.5069 0.3199 0.1401 0.1624 0.2567 0.4537 0.4799 0.2183 0.1387 0.1817 0.3033 0.5037 0.4300 0.1595 0.1449 0.2077 0.3608 0.5114 0.3552 0.1428 0.1566 0.2415 0.4280 0.4926 0.2565 0.1383 0.1737 0.2846 0.4900 0.4508 0.1721 0.1421 0.1985 0.3420 0.5126 0.3773 0.1453 0.1538 0.2352 0.4190 0.4964 0.2591 0.1386 0.1752 0.2908 0.4967 0.4501 0.2744 0.4467 0.4962 0.2929 0.1751 0.1383 0.2570 0.4956 0.4168 0.2353 0.1538 0.1453 0.3773 0.5126 0.3420 0.1985 0.1421 0.1721 0.4508 0.4900 0.2846 0.1737 0.1383 0.2565 0.4926 0.4280 0.2415 0.1566 0.1428 0.3552 0.5114 0.3608 0.2077 0.1449 0.1595 0.4300 0.5037 0.3033 0.1817 0.1387 0.2183 0.4799 0.4537 0.2567 0.1624 0.1401 0.3199 0.5069 0.3856 0.2196 0.1568
0.1634 0.1476 0.2160 0.3781 0.5086 0.3307 0.1408 0.1606 0.2521 0.4463 0.4840 0.2291 0.1385 0.1793 0.2976 0.5003 0.4367 0.1628 0.1439 0.2045 0.3538 0.5121 0.3649 0.1439 0.1550 0.2373 0.4203 0.4958 0.2680 0.1384 0.1716 0.2799 0.4854 0.4556 0.1763 0.1415 0.1965 0.3379 0.5125 0.3819 0.1459 0.1533 0.2338 0.4149 0.4967 0.2725 0.1386 0.1754 0.2898 0.4897 0.4952 0.4905 0.2870 0.1757 0.1383 0.2528 0.4928 0.4242 0.2346 0.1534 0.1459 0.3819 0.5125 0.3379 0.1965 0.1415 0.1763 0.4556 0.4854 0.2799 0.1716 0.1384 0.2680 0.4958 0.4203 0.2373 0.1550 0.1439 0.3649 0.5121 0.3538 0.2045 0.1439 0.1628 0.4367 0.5003 0.2976 0.1793 0.1385 0.2291 0.4840 0.4463 0.2521 0.1606 0.1408 0.3307 0.5086 0.3781 0.2160 0.1476 0.1634
