0.0026 0.0358 0.4559 1.0000 0.0001 0.0008 0.0097 0.1232 1.0000 1.0000 0.0002 0.0026 0.0329 0.4161 1.0000 0.0001 0.0007 0.0088 0.1112 1.0000 1.0000 0.0002 0.0023 0.0297 0.3755 1.0000 0.0000 0.0006 0.0079 0.1003 1.0000 1.0000 0.0002 0.0021 0.0268 0.3389 1.0000 1.0000 0.0006 0.0072 0.0905 1.0000 1.0000 0.0002 0.0019 0.0242 0.3052 1.0000 1.0000 0.0004 0.0022 0.0004 1.0000 1.0000 0.3052 0.0242 0.0019 0.0002 1.0000 1.0000 0.0905 0.0072 0.0006 1.0000 1.0000 0.3389 0.0268 0.0021 0.0002 1.0000 1.0000 0.1003 0.0079 0.0006 0.0000 1.0000 0.3755 0.0297 0.0023 0.0002 1.0000 1.0000 0.1112 0.0088 0.0007 0.0001 1.0000 0.4161 0.0329 0.0026 0.0002 1.0000 1.0000 0.1232 0.0097 0.0008 0.0001 1.0000 0.4559 0.0358 0.0026
0.0358 0.4709 1.0000 0.0001 0.0008 0.0097 0.1223 1.0000 1.0000 0.0002 0.0026 0.0327 0.4130 1.0000 0.0001 0.0007 0.0087 0.1103 1.0000 1.0000 0.0002 0.0023 0.0295 0.3727 1.0000 1.0000 0.0006 0.0079 0.0996 1.0000 1.0000 0.0002 0.0021 0.0266 0.3363 1.0000 1.0000 0.0006 0.0071 0.0899 1.0000 1.0000 0.0002 0.0019 0.0240 0.3035 1.0000 1.0000 0.0005 0.0055 0.0272 0.0055 0.0005 1.0000 1.0000 0.3035 0.0240 0.0019 0.0002 1.0000 1.0000 0.0899 0.0071 0.0006 1.0000 1.0000 0.3363 0.0266 0.0021 0.0002 1.0000 1.0000 0.0996 0.0079 0.0006 1.0000 1.0000 0.3727 0.0295 0.0023 0.0002 1.0000 1.0000 0.1103 0.0087 0.0007 0.0001 1.0000 0.4130 0.0327 0.0026 0.0002 1.0000 1.0000 0.1223 0.0097 0.0008 0.0001 1.0000 0.4709 0.0358
0.4559 1.0000 0.0001 0.0007 0.0091 0.1137 1.0000 1.0000 0.0002 0.0024 0.0301 0.3806 1.0000 1.0000 0.0006 0.0080 0.1017 1.0000 1.0000 0.0002 0.0021 0.0272 0.3434 1.0000 1.0000 0.0006 0.0073 0.0918 1.0000 1.0000 0.0002 0.0019 0.0245 0.3099 1.0000 1.0000 0.0005 0.0065 0.0828 1.0000 1.0000 0.0001 0.0017 0.0221 0.2797 1.0000 1.0000 0.0005 0.0057 0.0637 0.3152 0.0637 0.0057 0.0005 1.0000 1.0000 0.2797 0.0221 0.0017 0.0001 1.0000 1.0000 0.0828 0.0065 0.0005 1.0000 1.0000 0.3099 0.0245 0.0019 0.0002 1.0000 1.0000 0.0918 0.0073 0.0006 1.0000 1.0000 0.3434 0.0272 0.0021 0.0002 1.0000 1.0000 0.1017 0.0080 0.0006 1.0000 1.0000 0.3806 0.0301 0.0024 0.0002 1.0000 1.0000 0.1137 0.0091 0.0007 0.0001 1.0000 0.4559
1.0000 0.0001 0.0007 0.0089 0.1091 1.0000 1.0000 0.0002 0.0022 0.0278 0.3513 1.0000 1.0000 0.0006 0.0074 0.0937 1.0000 1.0000 0.0002 0.0020 0.0250 0.3164 1.0000 1.0000 0.0005 0.0067 0.0845 1.0000 1.0000 0.0001 0.0018 0.0226 0.2856 1.0000 1.0000 0.0005 0.0060 0.0763 0.9645 1.0000 0.0001 0.0016 0.0204 0.2577 1.0000 1.0000 0.0004 0.0054 0.0665 0.7419 1.0000 0.7419 0.0665 0.0054 0.0004 1.0000 1.0000 0.2577 0.0204 0.0016 0.0001 1.0000 0.9645 0.0763 0.0060 0.0005 1.0000 1.0000 0.2856 0.0226 0.0018 0.0001 1.0000 1.0000 0.0845 0.0067 0.0005 1.0000 1.0000 0.3164 0.0250 0.0020 0.0002 1.0000 1.0000 0.0937 0.0074 0.0006 1.0000 1.0000 0.3513 0.0278 0.0022 0.0002 1.0000 1.0000 0.1091 0.0089 0.0007 0.0001 1.0000
0.0001 0.0008 0.0091 0.1091 1.0000 1.0000 0.0002 0.0021 0.0261 0.3275 1.0000 1.0000 0.0005 0.0068 0.0863 1.0000 1.0000 0.0001 0.0018 0.0231 0.2916 1.0000 1.0000 0.0005 0.0062 0.0779 0.9849 1.0000 0.0001 0.0016 0.0208 0.2631 1.0000 1.0000 0.0004 0.0056 0.0703 0.8888 1.0000 0.0001 0.0015 0.0188 0.2375 1.0000 1.0000 0.0004 0.0050 0.0630 0.7750 1.0000 1.0000 1.0000 0.7750 0.0630 0.0050 0.0004 1.0000 1.0000 0.2375 0.0188 0.0015 0.0001 1.0000 0.8888 0.0703 0.0056 0.0004 1.0000 1.0000 0.2631 0.0208 0.0016 0.0001 1.0000 0.9849 0.0779 0.0062 0.0005 1.0000 1.0000 0.2916 0.0231 0.0018 0.0001 1.0000 1.0000 0.0863 0.0068 0.0005 1.0000 1.0000 0.3275 0.0261 0.0021 0.0002 1.0000 1.0000 0.1091 0.0091 0.0008 0.0001
0.0008 0.0097 0.1137 1.0000 1.0000 0.0002 0.0020 0.0248 0.3093 1.0000 1.0000 0.0005 0.0063 0.0800 1.0000 1.0000 0.0001 0.0017 0.0213 0.2687 1.0000 1.0000 0.0004 0.0057 0.0718 0.9076 1.0000 0.0001 0.0015 0.0192 0.2425 1.0000 1.0000 0.0004 0.0051 0.0648 0.8190 1.0000 0.0001 0.0014 0.0173 0.2188 1.0000 1.0000 0.0004 0.0046 0.0583 0.7335 1.0000 0.0001 0.0004 0.0001 1.0000 0.7335 0.0583 0.0046 0.0004 1.0000 1.0000 0.2188 0.0173 0.0014 0.0001 1.0000 0.8190 0.0648 0.0051 0.0004 1.0000 1.0000 0.2425 0.0192 0.0015 0.0001 1.0000 0.9076 0.0718 0.0057 0.0004 1.0000 1.0000 0.2687 0.0213 0.0017 0.0001 1.0000 1.0000 0.0800 0.0063 0.0005 1.0000 1.0000 0.3093 0.0248 0.0020 0.0002 1.0000 1.0000 0.1137 0.0097 0.0008
0.0097 0.1223 1.0000 1.0000 0.0002 0.0020 0.0244 0.2995 1.0000 1.0000 0.0005 0.0059 0.0744 0.9374 1.0000 0.0001 0.0016 0.0196 0.2476 1.0000 1.0000 0.0004 0.0052 0.0662 0.8363 1.0000 0.0001 0.0014 0.0177 0.2234 1.0000 1.0000 0.0004 0.0047 0.0597 0.7547 1.0000 0.0001 0.0013 0.0159 0.2016 1.0000 1.0000 0.0003 0.0043 0.0539 0.6797 1.0000 0.0001 0.0010 0.0048 0.0010 0.0001 1.0000 0.6797 0.0539 0.0043 0.0003 1.0000 1.0000 0.2016 0.0159 0.0013 0.0001 1.0000 0.7547 0.0597 0.0047 0.0004 1.0000 1.0000 0.2234 0.0177 0.0014 0.0001 1.0000 0.8363 0.0662 0.0052 0.0004 1.0000 1.0000 0.2476 0.0196 0.0016 0.0001 1.0000 0.9374 0.0744 0.0059 0.0005 1.0000 1.0000 0.2995 0.0244 0.0020 0.0002 1.0000 1.0000 0.1223 0.0097
0.1232 1.0000 1.0000 0.0002 0.0021 0.0248 0.2995 1.0000 1.0000 0.0005 0.0056 0.0702 0.8787 1.0000 0.0001 0.0014 0.0182 0.2286 1.0000 1.0000 0.0004 0.0048 0.0610 0.7706 1.0000 0.0001 0.0013 0.0163 0.2059 1.0000 1.0000 0.0003 0.0044 0.0550 0.6954 1.0000 0.0001 0.0012 0.0147 0.1858 1.0000 1.0000 0.0003 0.0039 0.0496 0.6275 1.0000 0.0001 0.0010 0.0113 0.0559 0.0113 0.0010 0.0001 1.0000 0.6275 0.0496 0.0039 0.0003 1.0000 1.0000 0.1858 0.0147 0.0012 0.0001 1.0000 0.6954 0.0550 0.0044 0.0003 1.0000 1.0000 0.2059 0.0163 0.0013 0.0001 1.0000 0.7706 0.0610 0.0048 0.0004 1.0000 1.0000 0.2286 0.0182 0.0014 0.0001 1.0000 0.8787 0.0702 0.0056 0.0005 1.0000 1.0000 0.2995 0.0248 0.0021 0.0002 1.0000 1.0000 0.1232
1.0000 1.0000 0.0002 0.0022 0.0261 0.3093 1.0000 1.0000 0.0004 0.0055 0.0676 0.8363 1.0000 0.0001 0.0013 0.0169 0.2127 1.0000 1.0000 0.0004 0.0044 0.0562 0.7101 1.0000 0.0001 0.0012 0.0150 0.1897 1.0000 1.0000 0.0003 0.0040 0.0507 0.6408 1.0000 0.0001 0.0011 0.0135 0.1712 1.0000 1.0000 0.0003 0.0036 0.0457 0.5783 1.0000 0.0001 0.0010 0.0118 0.1317 0.6506 0.1317 0.0118 0.0010 0.0001 1.0000 0.5783 0.0457 0.0036 0.0003 1.0000 1.0000 0.1712 0.0135 0.0011 0.0001 1.0000 0.6408 0.0507 0.0040 0.0003 1.0000 1.0000 0.1897 0.0150 0.0012 0.0001 1.0000 0.7101 0.0562 0.0044 0.0004 1.0000 1.0000 0.2127 0.0169 0.0013 0.0001 1.0000 0.8363 0.0676 0.0055 0.0004 1.0000 1.0000 0.3093 0.0261 0.0022 0.0002 1.0000 1.0000
1.0000 0.0002 0.0024 0.0278 0.3275 1.0000 1.0000 0.0005 0.0055 0.0667 0.8143 1.0000 0.0001 0.0013 0.0159 0.1993 1.0000 1.0000 0.0003 0.0041 0.0519 0.6544 1.0000 0.0001 0.0011 0.0138 0.1748 1.0000 1.0000 0.0003 0.0037 0.0467 0.5905 1.0000 0.0001 0.0010 0.0125 0.1578 1.0000 1.0000 0.0003 0.0033 0.0422 0.5329 1.0000 0.0001 0.0009 0.0112 0.1376 1.0000 1.0000 1.0000 0.1376 0.0112 0.0009 0.0001 1.0000 0.5329 0.0422 0.0033 0.0003 1.0000 1.0000 0.1578 0.0125 0.0010 0.0001 1.0000 0.5905 0.0467 0.0037 0.0003 1.0000 1.0000 0.1748 0.0138 0.0011 0.0001 1.0000 0.6544 0.0519 0.0041 0.0003 1.0000 1.0000 0.1993 0.0159 0.0013 0.0001 1.0000 0.8143 0.0667 0.0055 0.0005 1.0000 1.0000 0.3275 0.0278 0.0024 0.0002 1.0000
0.0002 0.0026 0.0301 0.3513 1.0000 1.0000 0.0005 0.0056 0.0676 0.8143 1.0000 0.0001 0.0012 0.0152 0.1890 1.0000 1.0000 0.0003 0.0038 0.0482 0.6064 1.0000 0.0001 0.0010 0.0127 0.1611 1.0000 1.0000 0.0003 0.0034 0.0430 0.5441 1.0000 0.0001 0.0009 0.0115 0.1454 1.0000 1.0000 0.0002 0.0031 0.0388 0.4910 1.0000 0.0001 0.0008 0.0104 0.1302 1.0000 1.0000 0.0001 1.0000 1.0000 0.1302 0.0104 0.0008 0.0001 1.0000 0.4910 0.0388 0.0031 0.0002 1.0000 1.0000 0.1454 0.0115 0.0009 0.0001 1.0000 0.5441 0.0430 0.0034 0.0003 1.0000 1.0000 0.1611 0.0127 0.0010 0.0001 1.0000 0.6064 0.0482 0.0038 0.0003 1.0000 1.0000 0.1890 0.0152 0.0012 0.0001 1.0000 0.8143 0.0676 0.0056 0.0005 1.0000 1.0000 0.3513 0.0301 0.0026 0.0002
0.0026 0.0327 0.3806 1.0000 1.0000 0.0005 0.0059 0.0702 0.8363 1.0000 0.0001 0.0012 0.0149 0.1826 1.0000 1.0000 0.0003 0.0036 0.0451 0.5663 1.0000 0.0001 0.0009 0.0118 0.1484 1.0000 1.0000 0.0002 0.0031 0.0397 0.5014 1.0000 0.0001 0.0008 0.0106 0.1340 1.0000 1.0000 0.0002 0.0028 0.0358 0.4525 1.0000 0.0001 0.0008 0.0096 0.1207 1.0000 1.0000 0.0002 0.0009 0.0002 1.0000 1.0000 0.1207 0.0096 0.0008 0.0001 1.0000 0.4525 0.0358 0.0028 0.0002 1.0000 1.0000 0.1340 0.0106 0.0008 0.0001 1.0000 0.5014 0.0397 0.0031 0.0002 1.0000 1.0000 0.1484 0.0118 0.0009 0.0001 1.0000 0.5663 0.0451 0.0036 0.0003 1.0000 1.0000 0.1826 0.0149 0.0012 0.0001 1.0000 0.8363 0.0702 0.0059 0.0005 1.0000 1.0000 0.3806 0.0327 0.0026
0.0329 0.4130 1.0000 1.0000 0.0005 0.0063 0.0744 0.8787 1.0000 0.0001 0.0012 0.0149 0.1806 1.0000 1.0000 0.0003 0.0034 0.0426 0.5329 1.0000 0.0001 0.0009 0.0109 0.1376 1.0000 1.0000 0.0002 0.0029 0.0365 0.4620 1.0000 0.0001 0.0008 0.0098 0.1234 1.0000 1.0000 0.0002 0.0026 0.0330 0.4169 1.0000 0.0001 0.0007 0.0088 0.1114 1.0000 1.0000 0.0002 0.0020 0.0099 0.0020 0.0002 1.0000 1.0000 0.1114 0.0088 0.0007 0.0001 1.0000 0.4169 0.0330 0.0026 0.0002 1.0000 1.0000 0.1234 0.0098 0.0008 0.0001 1.0000 0.4620 0.0365 0.0029 0.0002 1.0000 1.0000 0.1376 0.0109 0.0009 0.0001 1.0000 0.5329 0.0426 0.0034 0.0003 1.0000 1.0000 0.1806 0.0149 0.0012 0.0001 1.0000 0.8787 0.0744 0.0063 0.0005 1.0000 1.0000 0.4130 0.0329
0.4161 1.0000 1.0000 0.0006 0.0068 0.0800 0.9374 1.0000 0.0001 0.0013 0.0152 0.1826 1.0000 1.0000 0.0003 0.0033 0.0410 0.5072 1.0000 0.0001 0.0008 0.0102 0.1285 1.0000 1.0000 0.0002 0.0027 0.0337 0.4257 1.0000 0.0001 0.0007 0.0090 0.1137 1.0000 1.0000 0.0002 0.0024 0.0304 0.3842 1.0000 1.0000 0.0006 0.0081 0.1026 1.0000 1.0000 0.0002 0.0021 0.0234 0.1155 0.0234 0.0021 0.0002 1.0000 1.0000 0.1026 0.0081 0.0006 1.0000 1.0000 0.3842 0.0304 0.0024 0.0002 1.0000 1.0000 0.1137 0.0090 0.0007 0.0001 1.0000 0.4257 0.0337 0.0027 0.0002 1.0000 1.0000 0.1285 0.0102 0.0008 0.0001 1.0000 0.5072 0.0410 0.0033 0.0003 1.0000 1.0000 0.1826 0.0152 0.0013 0.0001 1.0000 0.9374 0.0800 0.0068 0.0006 1.0000 1.0000 0.4161
1.0000 0.0001 0.0006 0.0074 0.0863 1.0000 1.0000 0.0001 0.0013 0.0159 0.1890 1.0000 1.0000 0.0003 0.0033 0.0401 0.4920 1.0000 0.0001 0.0008 0.0097 0.1207 1.0000 1.0000 0.0002 0.0025 0.0312 0.3931 1.0000 1.0000 0.0007 0.0083 0.1048 1.0000 1.0000 0.0002 0.0022 0.0280 0.3540 1.0000 1.0000 0.0006 0.0075 0.0946 1.0000 1.0000 0.0002 0.0020 0.0244 0.2723 1.0000 0.2723 0.0244 0.0020 0.0002 1.0000 1.0000 0.0946 0.0075 0.0006 1.0000 1.0000 0.3540 0.0280 0.0022 0.0002 1.0000 1.0000 0.1048 0.0083 0.0007 1.0000 1.0000 0.3931 0.0312 0.0025 0.0002 1.0000 1.0000 0.1207 0.0097 0.0008 0.0001 1.0000 0.4920 0.0401 0.0033 0.0003 1.0000 1.0000 0.1890 0.0159 0.0013 0.0001 1.0000 1.0000 0.0863 0.0074 0.0006 0.0001 1.0000
0.0001 0.0007 0.0080 0.0937 1.0000 1.0000 0.0001 0.0014 0.0169 0.1993 1.0000 1.0000 0.0003 0.0033 0.0401 0.4864 1.0000 0.0001 0.0007 0.0092 0.1144 1.0000 1.0000 0.0002 0.0023 0.0291 0.3657 1.0000 1.0000 0.0006 0.0076 0.0966 1.0000 1.0000 0.0002 0.0020 0.0258 0.3262 1.0000 1.0000 0.0005 0.0069 0.0872 1.0000 1.0000 0.0001 0.0018 0.0231 0.2845 1.0000 1.0000 1.0000 0.2845 0.0231 0.0018 0.0001 1.0000 1.0000 0.0872 0.0069 0.0005 1.0000 1.0000 0.3262 0.0258 0.0020 0.0002 1.0000 1.0000 0.0966 0.0076 0.0006 1.0000 1.0000 0.3657 0.0291 0.0023 0.0002 1.0000 1.0000 0.1144 0.0092 0.0007 0.0001 1.0000 0.4864 0.0401 0.0033 0.0003 1.0000 1.0000 0.1993 0.0169 0.0014 0.0001 1.0000 1.0000 0.0937 0.0080 0.0007 0.0001
0.0007 0.0087 0.1017 1.0000 1.0000 0.0001 0.0016 0.0182 0.2127 1.0000 1.0000 0.0003 0.0034 0.0410 0.4920 1.0000 0.0001 0.0007 0.0089 0.1099 1.0000 1.0000 0.0002 0.0022 0.0273 0.3421 1.0000 1.0000 0.0006 0.0071 0.0890 1.0000 1.0000 0.0001 0.0019 0.0238 0.3006 1.0000 1.0000 0.0005 0.0064 0.0803 1.0000 1.0000 0.0001 0.0017 0.0214 0.2692 1.0000 1.0000 0.0002 1.0000 1.0000 0.2692 0.0214 0.0017 0.0001 1.0000 1.0000 0.0803 0.0064 0.0005 1.0000 1.0000 0.3006 0.0238 0.0019 0.0001 1.0000 1.0000 0.0890 0.0071 0.0006 1.0000 1.0000 0.3421 0.0273 0.0022 0.0002 1.0000 1.0000 0.1099 0.0089 0.0007 0.0001 1.0000 0.4920 0.0410 0.0034 0.0003 1.0000 1.0000 0.2127 0.0182 0.0016 0.0001 1.0000 1.0000 0.1017 0.0087 0.0007
0.0088 0.1103 1.0000 1.0000 0.0001 0.0017 0.0196 0.2286 1.0000 1.0000 0.0003 0.0036 0.0426 0.5072 1.0000 0.0001 0.0007 0.0088 0.1078 1.0000 1.0000 0.0002 0.0021 0.0258 0.3219 1.0000 1.0000 0.0005 0.0066 0.0825 1.0000 1.0000 0.0001 0.0017 0.0219 0.2770 1.0000 1.0000 0.0005 0.0059 0.0740 0.9356 1.0000 0.0001 0.0016 0.0198 0.2495 1.0000 1.0000 0.0004 0.0018 0.0004 1.0000 1.0000 0.2495 0.0198 0.0016 0.0001 1.0000 0.9356 0.0740 0.0059 0.0005 1.0000 1.0000 0.2770 0.0219 0.0017 0.0001 1.0000 1.0000 0.0825 0.0066 0.0005 1.0000 1.0000 0.3219 0.0258 0.0021 0.0002 1.0000 1.0000 0.1078 0.0088 0.0007 0.0001 1.0000 0.5072 0.0426 0.0036 0.0003 1.0000 1.0000 0.2286 0.0196 0.0017 0.0001 1.0000 1.0000 0.1103 0.0088
0.1112 1.0000 1.0000 0.0002 0.0018 0.0213 0.2476 1.0000 1.0000 0.0003 0.0038 0.0451 0.5329 1.0000 0.0001 0.0007 0.0089 0.1078 1.0000 1.0000 0.0002 0.0020 0.0247 0.3064 1.0000 1.0000 0.0005 0.0062 0.0770 0.9682 1.0000 0.0001 0.0016 0.0202 0.2553 1.0000 1.0000 0.0004 0.0054 0.0682 0.8621 1.0000 0.0001 0.0014 0.0182 0.2303 1.0000 1.0000 0.0004 0.0041 0.0205 0.0041 0.0004 1.0000 1.0000 0.2303 0.0182 0.0014 0.0001 1.0000 0.8621 0.0682 0.0054 0.0004 1.0000 1.0000 0.2553 0.0202 0.0016 0.0001 1.0000 0.9682 0.0770 0.0062 0.0005 1.0000 1.0000 0.3064 0.0247 0.0020 0.0002 1.0000 1.0000 0.1078 0.0089 0.0007 0.0001 1.0000 0.5329 0.0451 0.0038 0.0003 1.0000 1.0000 0.2476 0.0213 0.0018 0.0002 1.0000 1.0000 0.1112
1.0000 1.0000 0.0002 0.0020 0.0231 0.2687 1.0000 1.0000 0.0004 0.0041 0.0482 0.5663 1.0000 0.0001 0.0008 0.0092 0.1099 1.0000 1.0000 0.0002 0.0020 0.0240 0.2955 1.0000 1.0000 0.0005 0.0058 0.0725 0.9076 1.0000 0.0001 0.0015 0.0187 0.2357 1.0000 1.0000 0.0004 0.0050 0.0628 0.7944 1.0000 0.0001 0.0013 0.0168 0.2123 1.0000 1.0000 0.0004 0.0043 0.0483 0.2388 0.0483 0.0043 0.0004 1.0000 1.0000 0.2123 0.0168 0.0013 0.0001 1.0000 0.7944 0.0628 0.0050 0.0004 1.0000 1.0000 0.2357 0.0187 0.0015 0.0001 1.0000 0.9076 0.0725 0.0058 0.0005 1.0000 1.0000 0.2955 0.0240 0.0020 0.0002 1.0000 1.0000 0.1099 0.0092 0.0008 0.0001 1.0000 0.5663 0.0482 0.0041 0.0004 1.0000 1.0000 0.2687 0.0231 0.0020 0.0002 1.0000 1.0000
1.0000 0.0002 0.0021 0.0250 0.2916 1.0000 1.0000 0.0004 0.0044 0.0519 0.6064 1.0000 0.0001 0.0008 0.0097 0.1144 1.0000 1.0000 0.0002 0.0020 0.0237 0.2899 1.0000 1.0000 0.0004 0.0055 0.0688 0.8589 1.0000 0.0001 0.0014 0.0175 0.2192 1.0000 1.0000 0.0004 0.0046 0.0579 0.7321 1.0000 0.0001 0.0012 0.0155 0.1956 1.0000 1.0000 0.0003 0.0041 0.0505 0.5631 1.0000 0.5631 0.0505 0.0041 0.0003 1.0000 1.0000 0.1956 0.0155 0.0012 0.0001 1.0000 0.7321 0.0579 0.0046 0.0004 1.0000 1.0000 0.2192 0.0175 0.0014 0.0001 1.0000 0.8589 0.0688 0.0055 0.0004 1.0000 1.0000 0.2899 0.0237 0.0020 0.0002 1.0000 1.0000 0.1144 0.0097 0.0008 0.0001 1.0000 0.6064 0.0519 0.0044 0.0004 1.0000 1.0000 0.2916 0.0250 0.0021 0.0002 1.0000
0.0002 0.0023 0.0272 0.3164 1.0000 1.0000 0.0004 0.0048 0.0562 0.6544 1.0000 0.0001 0.0009 0.0102 0.1207 1.0000 1.0000 0.0002 0.0020 0.0240 0.2899 1.0000 1.0000 0.0004 0.0054 0.0662 0.8205 1.0000 0.0001 0.0013 0.0164 0.2055 1.0000 1.0000 0.0003 0.0042 0.0535 0.6746 1.0000 0.0001 0.0011 0.0143 0.1802 1.0000 1.0000 0.0003 0.0038 0.0478 0.5882 1.0000 1.0000 1.0000 0.5882 0.0478 0.0038 0.0003 1.0000 1.0000 0.1802 0.0143 0.0011 0.0001 1.0000 0.6746 0.0535 0.0042 0.0003 1.0000 1.0000 0.2055 0.0164 0.0013 0.0001 1.0000 0.8205 0.0662 0.0054 0.0004 1.0000 1.0000 0.2899 0.0240 0.0020 0.0002 1.0000 1.0000 0.1207 0.0102 0.0009 0.0001 1.0000 0.6544 0.0562 0.0048 0.0004 1.0000 1.0000 0.3164 0.0272 0.0023 0.0002
0.0023 0.0295 0.3434 1.0000 1.0000 0.0004 0.0052 0.0610 0.7101 1.0000 0.0001 0.0009 0.0109 0.1285 1.0000 1.0000 0.0002 0.0021 0.0247 0.2955 1.0000 1.0000 0.0004 0.0053 0.0644 0.7929 1.0000 0.0001 0.0012 0.0155 0.1937 1.0000 1.0000 0.0003 0.0039 0.0495 0.6240 1.0000 0.0001 0.0010 0.0131 0.1661 1.0000 1.0000 0.0003 0.0035 0.0443 0.5567 1.0000 0.0001 0.0003 0.0001 1.0000 0.5567 0.0443 0.0035 0.0003 1.0000 1.0000 0.1661 0.0131 0.0010 0.0001 1.0000 0.6240 0.0495 0.0039 0.0003 1.0000 1.0000 0.1937 0.0155 0.0012 0.0001 1.0000 0.7929 0.0644 0.0053 0.0004 1.0000 1.0000 0.2955 0.0247 0.0021 0.0002 1.0000 1.0000 0.1285 0.0109 0.0009 0.0001 1.0000 0.7101 0.0610 0.0052 0.0004 1.0000 1.0000 0.3434 0.0295 0.0023
0.0297 0.3727 1.0000 1.0000 0.0005 0.0057 0.0662 0.7706 1.0000 0.0001 0.0010 0.0118 0.1376 1.0000 1.0000 0.0002 0.0022 0.0258 0.3064 1.0000 1.0000 0.0004 0.0053 0.0638 0.7795 1.0000 0.0001 0.0012 0.0148 0.1840 1.0000 1.0000 0.0003 0.0037 0.0463 0.5805 1.0000 0.0001 0.0010 0.0121 0.1530 1.0000 1.0000 0.0003 0.0032 0.0409 0.5159 1.0000 0.0001 0.0007 0.0036 0.0007 0.0001 1.0000 0.5159 0.0409 0.0032 0.0003 1.0000 1.0000 0.1530 0.0121 0.0010 0.0001 1.0000 0.5805 0.0463 0.0037 0.0003 1.0000 1.0000 0.1840 0.0148 0.0012 0.0001 1.0000 0.7795 0.0638 0.0053 0.0004 1.0000 1.0000 0.3064 0.0258 0.0022 0.0002 1.0000 1.0000 0.1376 0.0118 0.0010 0.0001 1.0000 0.7706 0.0662 0.0057 0.0005 1.0000 1.0000 0.3727 0.0297
0.3755 1.0000 1.0000 0.0005 0.0062 0.0718 0.8363 1.0000 0.0001 0.0011 0.0127 0.1484 1.0000 1.0000 0.0002 0.0023 0.0273 0.3219 1.0000 1.0000 0.0004 0.0054 0.0644 0.7795 1.0000 0.0001 0.0012 0.0144 0.1772 1.0000 1.0000 0.0003 0.0035 0.0435 0.5441 1.0000 0.0001 0.0009 0.0112 0.1413 1.0000 1.0000 0.0002 0.0030 0.0377 0.4763 1.0000 0.0001 0.0008 0.0086 0.0424 0.0086 0.0008 0.0001 1.0000 0.4763 0.0377 0.0030 0.0002 1.0000 1.0000 0.1413 0.0112 0.0009 0.0001 1.0000 0.5441 0.0435 0.0035 0.0003 1.0000 1.0000 0.1772 0.0144 0.0012 0.0001 1.0000 0.7795 0.0644 0.0054 0.0004 1.0000 1.0000 0.3219 0.0273 0.0023 0.0002 1.0000 1.0000 0.1484 0.0127 0.0011 0.0001 1.0000 0.8363 0.0718 0.0062 0.0005 1.0000 1.0000 0.3755
1.0000 1.0000 0.0006 0.0067 0.0779 0.9076 1.0000 0.0001 0.0012 0.0138 0.1611 1.0000 1.0000 0.0002 0.0025 0.0291 0.3421 1.0000 1.0000 0.0005 0.0055 0.0662 0.7929 1.0000 0.0001 0.0012 0.0141 0.1728 1.0000 1.0000 0.0003 0.0033 0.0414 0.5149 1.0000 0.0001 0.0008 0.0105 0.1314 1.0000 1.0000 0.0002 0.0027 0.0347 0.4389 1.0000 0.0001 0.0007 0.0090 0.0999 0.4938 0.0999 0.0090 0.0007 0.0001 1.0000 0.4389 0.0347 0.0027 0.0002 1.0000 1.0000 0.1314 0.0105 0.0008 0.0001 1.0000 0.5149 0.0414 0.0033 0.0003 1.0000 1.0000 0.1728 0.0141 0.0012 0.0001 1.0000 0.7929 0.0662 0.0055 0.0005 1.0000 1.0000 0.3421 0.0291 0.0025 0.0002 1.0000 1.0000 0.1611 0.0138 0.0012 0.0001 1.0000 0.9076 0.0779 0.0067 0.0006 1.0000 1.0000
0.0000 0.0006 0.0073 0.0845 0.9849 1.0000 0.0001 0.0013 0.0150 0.1748 1.0000 1.0000 0.0002 0.0027 0.0312 0.3657 1.0000 1.0000 0.0005 0.0058 0.0688 0.8205 1.0000 0.0001 0.0012 0.0141 0.1715 1.0000 1.0000 0.0003 0.0032 0.0397 0.4920 1.0000 0.0001 0.0008 0.0098 0.1232 1.0000 1.0000 0.0002 0.0025 0.0320 0.4044 1.0000 0.0001 0.0007 0.0085 0.1044 1.0000 1.0000 1.0000 0.1044 0.0085 0.0007 0.0001 1.0000 0.4044 0.0320 0.0025 0.0002 1.0000 1.0000 0.1232 0.0098 0.0008 0.0001 1.0000 0.4920 0.0397 0.0032 0.0003 1.0000 1.0000 0.1715 0.0141 0.0012 0.0001 1.0000 0.8205 0.0688 0.0058 0.0005 1.0000 1.0000 0.3657 0.0312 0.0027 0.0002 1.0000 1.0000 0.1748 0.0150 0.0013 0.0001 1.0000 0.9849 0.0845 0.0073 0.0006 0.0000
0.0006 0.0079 0.0918 1.0000 1.0000 0.0001 0.0014 0.0163 0.1897 1.0000 1.0000 0.0002 0.0029 0.0337 0.3931 1.0000 1.0000 0.0005 0.0062 0.0725 0.8589 1.0000 0.0001 0.0012 0.0144 0.1728 1.0000 1.0000 0.0003 0.0031 0.0385 0.4754 1.0000 0.0001 0.0007 0.0093 0.1162 1.0000 1.0000 0.0002 0.0024 0.0296 0.3734 1.0000 1.0000 0.0006 0.0079 0.0988 1.0000 1.0000 1.0000 1.0000 1.0000 0.0988 0.0079 0.0006 1.0000 1.0000 0.3734 0.0296 0.0024 0.0002 1.0000 1.0000 0.1162 0.0093 0.0007 0.0001 1.0000 0.4754 0.0385 0.0031 0.0003 1.0000 1.0000 0.1728 0.0144 0.0012 0.0001 1.0000 0.8589 0.0725 0.0062 0.0005 1.0000 1.0000 0.3931 0.0337 0.0029 0.0002 1.0000 1.0000 0.1897 0.0163 0.0014 0.0001 1.0000 1.0000 0.0918 0.0079 0.0006
0.0079 0.0996 1.0000 1.0000 0.0001 0.0015 0.0177 0.2059 1.0000 1.0000 0.0003 0.0031 0.0365 0.4257 1.0000 1.0000 0.0006 0.0066 0.0770 0.9076 1.0000 0.0001 0.0012 0.0148 0.1772 1.0000 1.0000 0.0003 0.0031 0.0380 0.4647 1.0000 0.0001 0.0007 0.0089 0.1103 1.0000 1.0000 0.0002 0.0022 0.0277 0.3474 1.0000 1.0000 0.0006 0.0073 0.0916 1.0000 1.0000 0.0001 0.0006 0.0001 1.0000 1.0000 0.0916 0.0073 0.0006 1.0000 1.0000 0.3474 0.0277 0.0022 0.0002 1.0000 1.0000 0.1103 0.0089 0.0007 0.0001 1.0000 0.4647 0.0380 0.0031 0.0003 1.0000 1.0000 0.1772 0.0148 0.0012 0.0001 1.0000 0.9076 0.0770 0.0066 0.0006 1.0000 1.0000 0.4257 0.0365 0.0031 0.0003 1.0000 1.0000 0.2059 0.0177 0.0015 0.0001 1.0000 1.0000 0.0996 0.0079
0.1003 1.0000 1.0000 0.0001 0.0016 0.0192 0.2234 1.0000 1.0000 0.0003 0.0034 0.0397 0.4620 1.0000 1.0000 0.0006 0.0071 0.0825 0.9682 1.0000 0.0001 0.0013 0.0155 0.1840 1.0000 1.0000 0.0003 0.0031 0.0380 0.4611 1.0000 0.0001 0.0007 0.0086 0.1060 1.0000 1.0000 0.0002 0.0021 0.0261 0.3256 1.0000 1.0000 0.0005 0.0067 0.0847 1.0000 1.0000 0.0001 0.0015 0.0075 0.0015 0.0001 1.0000 1.0000 0.0847 0.0067 0.0005 1.0000 1.0000 0.3256 0.0261 0.0021 0.0002 1.0000 1.0000 0.1060 0.0086 0.0007 0.0001 1.0000 0.4611 0.0380 0.0031 0.0003 1.0000 1.0000 0.1840 0.0155 0.0013 0.0001 1.0000 0.9682 0.0825 0.0071 0.0006 1.0000 1.0000 0.4620 0.0397 0.0034 0.0003 1.0000 1.0000 0.2234 0.0192 0.0016 0.0001 1.0000 1.0000 0.1003
1.0000 1.0000 0.0002 0.0018 0.0208 0.2425 1.0000 1.0000 0.0003 0.0037 0.0430 0.5014 1.0000 0.0001 0.0007 0.0076 0.0890 1.0000 1.0000 0.0001 0.0014 0.0164 0.1937 1.0000 1.0000 0.0003 0.0032 0.0385 0.4647 1.0000 0.0001 0.0007 0.0084 0.1032 1.0000 1.0000 0.0002 0.0020 0.0247 0.3081 1.0000 1.0000 0.0005 0.0063 0.0788 0.9905 1.0000 0.0001 0.0016 0.0177 0.0877 0.0177 0.0016 0.0001 1.0000 0.9905 0.0788 0.0063 0.0005 1.0000 1.0000 0.3081 0.0247 0.0020 0.0002 1.0000 1.0000 0.1032 0.0084 0.0007 0.0001 1.0000 0.4647 0.0385 0.0032 0.0003 1.0000 1.0000 0.1937 0.0164 0.0014 0.0001 1.0000 1.0000 0.0890 0.0076 0.0007 0.0001 1.0000 0.5014 0.0430 0.0037 0.0003 1.0000 1.0000 0.2425 0.0208 0.0018 0.0002 1.0000 1.0000
1.0000 0.0002 0.0019 0.0226 0.2631 1.0000 1.0000 0.0003 0.0040 0.0467 0.5441 1.0000 0.0001 0.0007 0.0083 0.0966 1.0000 1.0000 0.0001 0.0015 0.0175 0.2055 1.0000 1.0000 0.0003 0.0033 0.0397 0.4754 1.0000 0.0001 0.0007 0.0083 0.1017 1.0000 1.0000 0.0002 0.0019 0.0237 0.2938 1.0000 1.0000 0.0005 0.0059 0.0736 0.9232 1.0000 0.0001 0.0015 0.0186 0.2067 1.0000 0.2067 0.0186 0.0015 0.0001 1.0000 0.9232 0.0736 0.0059 0.0005 1.0000 1.0000 0.2938 0.0237 0.0019 0.0002 1.0000 1.0000 0.1017 0.0083 0.0007 0.0001 1.0000 0.4754 0.0397 0.0033 0.0003 1.0000 1.0000 0.2055 0.0175 0.0015 0.0001 1.0000 1.0000 0.0966 0.0083 0.0007 0.0001 1.0000 0.5441 0.0467 0.0040 0.0003 1.0000 1.0000 0.2631 0.0226 0.0019 0.0002 1.0000
0.0002 0.0021 0.0245 0.2856 1.0000 1.0000 0.0004 0.0044 0.0507 0.5905 1.0000 0.0001 0.0008 0.0090 0.1048 1.0000 1.0000 0.0001 0.0016 0.0187 0.2192 1.0000 1.0000 0.0003 0.0035 0.0414 0.4920 1.0000 0.0001 0.0007 0.0084 0.1017 1.0000 1.0000 0.0002 0.0019 0.0229 0.2829 1.0000 1.0000 0.0004 0.0056 0.0692 0.8654 1.0000 0.0001 0.0014 0.0177 0.2167 1.0000 1.0000 1.0000 0.2167 0.0177 0.0014 0.0001 1.0000 0.8654 0.0692 0.0056 0.0004 1.0000 1.0000 0.2829 0.0229 0.0019 0.0002 1.0000 1.0000 0.1017 0.0084 0.0007 0.0001 1.0000 0.4920 0.0414 0.0035 0.0003 1.0000 1.0000 0.2192 0.0187 0.0016 0.0001 1.0000 1.0000 0.1048 0.0090 0.0008 0.0001 1.0000 0.5905 0.0507 0.0044 0.0004 1.0000 1.0000 0.2856 0.0245 0.0021 0.0002
0.0021 0.0266 0.3099 1.0000 1.0000 0.0004 0.0047 0.0550 0.6408 1.0000 0.0001 0.0008 0.0098 0.1137 1.0000 1.0000 0.0001 0.0017 0.0202 0.2357 1.0000 1.0000 0.0003 0.0037 0.0435 0.5149 1.0000 0.0001 0.0007 0.0086 0.1032 1.0000 1.0000 0.0002 0.0018 0.0225 0.2754 1.0000 1.0000 0.0004 0.0053 0.0658 0.8190 1.0000 0.0001 0.0013 0.0166 0.2071 1.0000 1.0000 0.0001 1.0000 1.0000 0.2071 0.0166 0.0013 0.0001 1.0000 0.8190 0.0658 0.0053 0.0004 1.0000 1.0000 0.2754 0.0225 0.0018 0.0002 1.0000 1.0000 0.1032 0.0086 0.0007 0.0001 1.0000 0.5149 0.0435 0.0037 0.0003 1.0000 1.0000 0.2357 0.0202 0.0017 0.0001 1.0000 1.0000 0.1137 0.0098 0.0008 0.0001 1.0000 0.6408 0.0550 0.0047 0.0004 1.0000 1.0000 0.3099 0.0266 0.0021
0.0268 0.3363 1.0000 1.0000 0.0004 0.0051 0.0597 0.6954 1.0000 0.0001 0.0009 0.0106 0.1234 1.0000 1.0000 0.0002 0.0019 0.0219 0.2553 1.0000 1.0000 0.0003 0.0039 0.0463 0.5441 1.0000 0.0001 0.0007 0.0089 0.1060 1.0000 1.0000 0.0002 0.0018 0.0223 0.2713 1.0000 1.0000 0.0004 0.0051 0.0630 0.7810 1.0000 0.0001 0.0012 0.0156 0.1948 1.0000 1.0000 0.0003 0.0013 0.0003 1.0000 1.0000 0.1948 0.0156 0.0012 0.0001 1.0000 0.7810 0.0630 0.0051 0.0004 1.0000 1.0000 0.2713 0.0223 0.0018 0.0002 1.0000 1.0000 0.1060 0.0089 0.0007 0.0001 1.0000 0.5441 0.0463 0.0039 0.0003 1.0000 1.0000 0.2553 0.0219 0.0019 0.0002 1.0000 1.0000 0.1234 0.0106 0.0009 0.0001 1.0000 0.6954 0.0597 0.0051 0.0004 1.0000 1.0000 0.3363 0.0268
0.3389 1.0000 1.0000 0.0005 0.0056 0.0648 0.7547 1.0000 0.0001 0.0010 0.0115 0.1340 1.0000 1.0000 0.0002 0.0020 0.0238 0.2770 1.0000 1.0000 0.0004 0.0042 0.0495 0.5805 1.0000 0.0001 0.0008 0.0093 0.1103 1.0000 1.0000 0.0002 0.0019 0.0225 0.2713 1.0000 1.0000 0.0004 0.0050 0.0610 0.7518 1.0000 0.0001 0.0012 0.0148 0.1840 1.0000 1.0000 0.0003 0.0032 0.0158 0.0032 0.0003 1.0000 1.0000 0.1840 0.0148 0.0012 0.0001 1.0000 0.7518 0.0610 0.0050 0.0004 1.0000 1.0000 0.2713 0.0225 0.0019 0.0002 1.0000 1.0000 0.1103 0.0093 0.0008 0.0001 1.0000 0.5805 0.0495 0.0042 0.0004 1.0000 1.0000 0.2770 0.0238 0.0020 0.0002 1.0000 1.0000 0.1340 0.0115 0.0010 0.0001 1.0000 0.7547 0.0648 0.0056 0.0005 1.0000 1.0000 0.3389
1.0000 1.0000 0.0005 0.0060 0.0703 0.8190 1.0000 0.0001 0.0011 0.0125 0.1454 1.0000 1.0000 0.0002 0.0022 0.0258 0.3006 1.0000 1.0000 0.0004 0.0046 0.0535 0.6240 1.0000 0.0001 0.0008 0.0098 0.1162 1.0000 1.0000 0.0002 0.0019 0.0229 0.2754 1.0000 1.0000 0.0004 0.0049 0.0597 0.7321 1.0000 0.0001 0.0011 0.0141 0.1748 1.0000 1.0000 0.0003 0.0034 0.0376 0.1851 0.0376 0.0034 0.0003 1.0000 1.0000 0.1748 0.0141 0.0011 0.0001 1.0000 0.7321 0.0597 0.0049 0.0004 1.0000 1.0000 0.2754 0.0229 0.0019 0.0002 1.0000 1.0000 0.1162 0.0098 0.0008 0.0001 1.0000 0.6240 0.0535 0.0046 0.0004 1.0000 1.0000 0.3006 0.0258 0.0022 0.0002 1.0000 1.0000 0.1454 0.0125 0.0011 0.0001 1.0000 0.8190 0.0703 0.0060 0.0005 1.0000 1.0000
1.0000 0.0006 0.0065 0.0763 0.8888 1.0000 0.0001 0.0012 0.0135 0.1578 1.0000 1.0000 0.0002 0.0024 0.0280 0.3262 1.0000 1.0000 0.0004 0.0050 0.0579 0.6746 1.0000 0.0001 0.0009 0.0105 0.1232 1.0000 1.0000 0.0002 0.0020 0.0237 0.2829 1.0000 1.0000 0.0004 0.0049 0.0592 0.7210 1.0000 0.0001 0.0011 0.0135 0.1673 1.0000 1.0000 0.0003 0.0033 0.0400 0.4423 1.0000 0.4423 0.0400 0.0033 0.0003 1.0000 1.0000 0.1673 0.0135 0.0011 0.0001 1.0000 0.7210 0.0592 0.0049 0.0004 1.0000 1.0000 0.2829 0.0237 0.0020 0.0002 1.0000 1.0000 0.1232 0.0105 0.0009 0.0001 1.0000 0.6746 0.0579 0.0050 0.0004 1.0000 1.0000 0.3262 0.0280 0.0024 0.0002 1.0000 1.0000 0.1578 0.0135 0.0012 0.0001 1.0000 0.8888 0.0763 0.0065 0.0006 1.0000
0.0006 0.0071 0.0828 0.9645 1.0000 0.0001 0.0013 0.0147 0.1712 1.0000 1.0000 0.0002 0.0026 0.0304 0.3540 1.0000 1.0000 0.0005 0.0054 0.0628 0.7321 1.0000 0.0001 0.0010 0.0112 0.1314 1.0000 1.0000 0.0002 0.0021 0.0247 0.2938 1.0000 1.0000 0.0004 0.0050 0.0597 0.7210 1.0000 0.0001 0.0011 0.0132 0.1620 1.0000 1.0000 0.0003 0.0031 0.0389 0.4718 1.0000 1.0000 1.0000 0.4718 0.0389 0.0031 0.0003 1.0000 1.0000 0.1620 0.0132 0.0011 0.0001 1.0000 0.7210 0.0597 0.0050 0.0004 1.0000 1.0000 0.2938 0.0247 0.0021 0.0002 1.0000 1.0000 0.1314 0.0112 0.0010 0.0001 1.0000 0.7321 0.0628 0.0054 0.0005 1.0000 1.0000 0.3540 0.0304 0.0026 0.0002 1.0000 1.0000 0.1712 0.0147 0.0013 0.0001 1.0000 0.9645 0.0828 0.0071 0.0006
0.0072 0.0899 1.0000 1.0000 0.0001 0.0014 0.0159 0.1858 1.0000 1.0000 0.0002 0.0028 0.0330 0.3842 1.0000 1.0000 0.0005 0.0059 0.0682 0.7944 1.0000 0.0001 0.0010 0.0121 0.1413 1.0000 1.0000 0.0002 0.0022 0.0261 0.3081 1.0000 1.0000 0.0004 0.0051 0.0610 0.7321 1.0000 0.0001 0.0011 0.0130 0.1587 1.0000 1.0000 0.0002 0.0030 0.0373 0.4611 1.0000 1.0000 0.0003 1.0000 1.0000 0.4611 0.0374 0.0030 0.0002 1.0000 1.0000 0.1587 0.0130 0.0011 0.0001 1.0000 0.7321 0.0610 0.0051 0.0004 1.0000 1.0000 0.3081 0.0261 0.0022 0.0002 1.0000 1.0000 0.1413 0.0121 0.0010 0.0001 1.0000 0.7944 0.0682 0.0059 0.0005 1.0000 1.0000 0.3842 0.0330 0.0028 0.0002 1.0000 1.0000 0.1858 0.0159 0.0014 0.0001 1.0000 1.0000 0.0899 0.0072
0.0905 1.0000 1.0000 0.0001 0.0015 0.0173 0.2016 1.0000 1.0000 0.0003 0.0031 0.0358 0.4169 1.0000 1.0000 0.0005 0.0064 0.0740 0.8621 1.0000 0.0001 0.0011 0.0131 0.1530 1.0000 1.0000 0.0002 0.0024 0.0277 0.3256 1.0000 1.0000 0.0004 0.0053 0.0630 0.7518 1.0000 0.0001 0.0011 0.0130 0.1575 1.0000 1.0000 0.0002 0.0029 0.0360 0.4448 1.0000 0.0001 0.0006 0.0030 0.0006 0.0001 1.0000 0.4448 0.0361 0.0029 0.0002 1.0000 1.0000 0.1575 0.0130 0.0011 0.0001 1.0000 0.7518 0.0630 0.0053 0.0004 1.0000 1.0000 0.3256 0.0277 0.0024 0.0002 1.0000 1.0000 0.1530 0.0131 0.0011 0.0001 1.0000 0.8621 0.0740 0.0064 0.0005 1.0000 1.0000 0.4169 0.0358 0.0031 0.0003 1.0000 1.0000 0.2016 0.0173 0.0015 0.0001 1.0000 1.0000 0.0905
1.0000 1.0000 0.0001 0.0016 0.0188 0.2188 1.0000 1.0000 0.0003 0.0033 0.0388 0.4525 1.0000 1.0000 0.0006 0.0069 0.0803 0.9356 1.0000 0.0001 0.0012 0.0143 0.1661 1.0000 1.0000 0.0002 0.0025 0.0296 0.3474 1.0000 1.0000 0.0005 0.0056 0.0658 0.7810 1.0000 0.0001 0.0011 0.0132 0.1587 1.0000 1.0000 0.0002 0.0029 0.0351 0.4315 1.0000 0.0001 0.0007 0.0072 0.0352 0.0072 0.0007 0.0001 1.0000 0.4323 0.0352 0.0029 0.0002 1.0000 1.0000 0.1587 0.0132 0.0011 0.0001 1.0000 0.7810 0.0658 0.0056 0.0005 1.0000 1.0000 0.3474 0.0296 0.0025 0.0002 1.0000 1.0000 0.1661 0.0143 0.0012 0.0001 1.0000 0.9356 0.0803 0.0069 0.0006 1.0000 1.0000 0.4525 0.0388 0.0033 0.0003 1.0000 1.0000 0.2188 0.0188 0.0016 0.0001 1.0000 1.0000
1.0000 0.0002 0.0017 0.0204 0.2375 1.0000 1.0000 0.0003 0.0036 0.0422 0.4910 1.0000 0.0001 0.0006 0.0075 0.0872 1.0000 1.0000 0.0001 0.0013 0.0155 0.1802 1.0000 1.0000 0.0002 0.0027 0.0320 0.3734 1.0000 1.0000 0.0005 0.0059 0.0692 0.8190 1.0000 0.0001 0.0011 0.0135 0.1620 1.0000 1.0000 0.0002 0.0028 0.0346 0.4217 1.0000 0.0001 0.0006 0.0078 0.0854 0.4185 0.0854 0.0078 0.0006 0.0001 1.0000 0.4257 0.0347 0.0028 0.0002 1.0000 1.0000 0.1620 0.0135 0.0011 0.0001 1.0000 0.8190 0.0692 0.0059 0.0005 1.0000 1.0000 0.3734 0.0320 0.0027 0.0002 1.0000 1.0000 0.1802 0.0155 0.0013 0.0001 1.0000 1.0000 0.0872 0.0075 0.0006 0.0001 1.0000 0.4910 0.0422 0.0036 0.0003 1.0000 1.0000 0.2375 0.0204 0.0017 0.0002 1.0000
0.0002 0.0019 0.0221 0.2577 1.0000 1.0000 0.0003 0.0039 0.0457 0.5329 1.0000 0.0001 0.0007 0.0081 0.0946 1.0000 1.0000 0.0001 0.0014 0.0168 0.1956 1.0000 1.0000 0.0003 0.0030 0.0347 0.4044 1.0000 1.0000 0.0005 0.0063 0.0736 0.8654 1.0000 0.0001 0.0012 0.0141 0.1673 1.0000 1.0000 0.0002 0.0029 0.0346 0.4146 1.0000 1.0000 0.0006 0.0077 0.0928 1.0000 1.0000 1.0000 0.0909 0.0078 0.0006 1.0000 1.0000 0.4177 0.0331 0.0029 0.0002 1.0000 1.0000 0.1673 0.0141 0.0012 0.0001 1.0000 0.8654 0.0736 0.0063 0.0005 1.0000 1.0000 0.4044 0.0347 0.0030 0.0003 1.0000 1.0000 0.1956 0.0168 0.0014 0.0001 1.0000 1.0000 0.0946 0.0081 0.0007 0.0001 1.0000 0.5329 0.0457 0.0039 0.0003 1.0000 1.0000 0.2577 0.0221 0.0019 0.0002
0.0019 0.0240 0.2797 1.0000 1.0000 0.0004 0.0043 0.0496 0.5783 1.0000 0.0001 0.0008 0.0088 0.1026 1.0000 1.0000 0.0001 0.0016 0.0182 0.2123 1.0000 1.0000 0.0003 0.0032 0.0377 0.4389 1.0000 1.0000 0.0006 0.0067 0.0788 0.9232 1.0000 0.0001 0.0012 0.0148 0.1748 1.0000 1.0000 0.0002 0.0029 0.0351 0.4217 1.0000 1.0000 0.0006 0.0074 0.0907 1.0000 1.0000 1.0000 1.0000 1.0000 0.0925 0.0077 0.0006 1.0000 1.0000 0.4106 0.0350 0.0029 0.0002 1.0000 1.0000 0.1748 0.0148 0.0012 0.0001 1.0000 0.9232 0.0788 0.0067 0.0006 1.0000 1.0000 0.4389 0.0377 0.0032 0.0003 1.0000 1.0000 0.2123 0.0182 0.0016 0.0001 1.0000 1.0000 0.1026 0.0088 0.0008 0.0001 1.0000 0.5783 0.0496 0.0043 0.0004 1.0000 1.0000 0.2797 0.0240 0.0019
0.0242 0.3035 1.0000 1.0000 0.0004 0.0046 0.0539 0.6275 1.0000 0.0001 0.0008 0.0096 0.1114 1.0000 1.0000 0.0001 0.0017 0.0198 0.2303 1.0000 1.0000 0.0003 0.0035 0.0409 0.4763 1.0000 0.0001 0.0006 0.0073 0.0847 0.9905 1.0000 0.0001 0.0013 0.0156 0.1840 1.0000 1.0000 0.0003 0.0030 0.0360 0.4315 1.0000 1.0000 0.0006 0.0075 0.0897 1.0000 1.0000 0.0001 0.0006 0.0001 1.0000 1.0000 0.0953 0.0079 0.0006 1.0000 1.0000 0.4306 0.0361 0.0030 0.0003 1.0000 1.0000 0.1840 0.0156 0.0013 0.0001 1.0000 0.9905 0.0847 0.0073 0.0006 0.0001 1.0000 0.4763 0.0409 0.0035 0.0003 1.0000 1.0000 0.2303 0.0198 0.0017 0.0001 1.0000 1.0000 0.1114 0.0096 0.0008 0.0001 1.0000 0.6275 0.0539 0.0046 0.0004 1.0000 1.0000 0.3035 0.0242
0.3052 1.0000 1.0000 0.0004 0.0050 0.0583 0.6797 1.0000 0.0001 0.0009 0.0104 0.1207 1.0000 1.0000 0.0002 0.0018 0.0214 0.2495 1.0000 1.0000 0.0003 0.0038 0.0443 0.5159 1.0000 0.0001 0.0007 0.0079 0.0916 1.0000 1.0000 0.0001 0.0014 0.0166 0.1948 1.0000 1.0000 0.0003 0.0031 0.0373 0.4448 1.0000 0.0001 0.0006 0.0076 0.0942 1.0000 1.0000 0.0001 0.0015 0.0071 0.0014 0.0001 1.0000 1.0000 0.0928 0.0076 0.0006 0.0001 1.0000 0.4448 0.0374 0.0031 0.0003 1.0000 1.0000 0.1948 0.0166 0.0014 0.0001 1.0000 1.0000 0.0916 0.0079 0.0007 0.0001 1.0000 0.5159 0.0443 0.0038 0.0003 1.0000 1.0000 0.2495 0.0214 0.0018 0.0002 1.0000 1.0000 0.1207 0.0104 0.0009 0.0001 1.0000 0.6797 0.0583 0.0050 0.0004 1.0000 1.0000 0.3052
1.0000 1.0000 0.0005 0.0054 0.0630 0.7335 1.0000 0.0001 0.0010 0.0112 0.1302 1.0000 1.0000 0.0002 0.0020 0.0231 0.2692 1.0000 1.0000 0.0004 0.0041 0.0478 0.5567 1.0000 0.0001 0.0007 0.0085 0.0988 1.0000 1.0000 0.0001 0.0015 0.0177 0.2071 1.0000 1.0000 0.0003 0.0033 0.0389 0.4611 1.0000 0.0001 0.0006 0.0078 0.0957 1.0000 1.0000 0.0001 0.0016 0.0181 0.0877 0.0176 0.0017 0.0001 1.0000 1.0000 0.0955 0.0078 0.0006 0.0001 1.0000 0.4611 0.0389 0.0033 0.0003 1.0000 1.0000 0.2071 0.0177 0.0015 0.0001 1.0000 1.0000 0.0988 0.0085 0.0007 0.0001 1.0000 0.5567 0.0478 0.0041 0.0004 1.0000 1.0000 0.2692 0.0231 0.0020 0.0002 1.0000 1.0000 0.1302 0.0112 0.0010 0.0001 1.0000 0.7335 0.0630 0.0054 0.0005 1.0000 1.0000
1.0000 0.0005 0.0057 0.0665 0.7750 1.0000 0.0001 0.0010 0.0118 0.1376 1.0000 1.0000 0.0002 0.0021 0.0244 0.2845 1.0000 1.0000 0.0004 0.0043 0.0505 0.5882 1.0000 0.0001 0.0008 0.0090 0.1044 1.0000 1.0000 0.0001 0.0016 0.0186 0.2167 1.0000 1.0000 0.0003 0.0034 0.0400 0.4718 1.0000 0.0001 0.0007 0.0077 0.0926 1.0000 1.0000 0.0001 0.0016 0.0193 0.1990 1.0000 0.2188 0.0205 0.0017 0.0001 1.0000 1.0000 0.0933 0.0077 0.0007 0.0001 1.0000 0.4718 0.0400 0.0034 0.0003 1.0000 1.0000 0.2167 0.0186 0.0016 0.0001 1.0000 1.0000 0.1044 0.0090 0.0008 0.0001 1.0000 0.5882 0.0505 0.0043 0.0004 1.0000 1.0000 0.2845 0.0244 0.0021 0.0002 1.0000 1.0000 0.1376 0.0118 0.0010 0.0001 1.0000 0.7750 0.0665 0.0057 0.0005 1.0000
0.0004 0.0055 0.0637 0.7419 1.0000 0.0001 0.0010 0.0113 0.1317 1.0000 1.0000 0.0002 0.0020 0.0234 0.2723 1.0000 1.0000 0.0004 0.0041 0.0483 0.5631 1.0000 0.0001 0.0007 0.0086 0.0999 1.0000 1.0000 0.0001 0.0015 0.0177 0.2067 1.0000 1.0000 0.0003 0.0032 0.0376 0.4423 1.0000 1.0000 0.0006 0.0072 0.0852 1.0000 1.0000 0.0001 0.0015 0.0173 0.2039 1.0000 1.0000 1.0000 0.2184 0.0191 0.0015 0.0001 1.0000 1.0000 0.0849 0.0072 0.0006 1.0000 1.0000 0.4423 0.0376 0.0032 0.0003 1.0000 1.0000 0.2067 0.0177 0.0015 0.0001 1.0000 1.0000 0.0999 0.0086 0.0007 0.0001 1.0000 0.5631 0.0483 0.0041 0.0004 1.0000 1.0000 0.2723 0.0234 0.0020 0.0002 1.0000 1.0000 0.1317 0.0113 0.0010 0.0001 1.0000 0.7419 0.0637 0.0055 0.0004
0.0022 0.0272 0.3152 1.0000 1.0000 0.0004 0.0048 0.0559 0.6506 1.0000 0.0001 0.0009 0.0099 0.1155 1.0000 1.0000 0.0002 0.0018 0.0205 0.2388 1.0000 1.0000 0.0003 0.0036 0.0424 0.4938 1.0000 1.0000 0.0006 0.0075 0.0877 1.0000 1.0000 0.0001 0.0013 0.0158 0.1851 1.0000 1.0000 0.0003 0.0030 0.0352 0.4169 1.0000 1.0000 0.0006 0.0074 0.0867 1.0000 1.0000 1.0000 1.0000 1.0000 0.0902 0.0074 0.0006 1.0000 1.0000 0.4146 0.0350 0.0030 0.0003 1.0000 1.0000 0.1851 0.0158 0.0013 0.0001 1.0000 1.0000 0.0877 0.0075 0.0006 1.0000 1.0000 0.4938 0.0424 0.0036 0.0003 1.0000 1.0000 0.2388 0.0205 0.0018 0.0002 1.0000 1.0000 0.1155 0.0099 0.0009 0.0001 1.0000 0.6506 0.0559 0.0048 0.0004 1.0000 1.0000 0.3152 0.0272 0.0022
0.0004 0.0055 0.0637 0.7419 1.0000 0.0001 0.0010 0.0113 0.1317 1.0000 1.0000 0.0002 0.0020 0.0234 0.2723 1.0000 1.0000 0.0004 0.0041 0.0483 0.5631 1.0000 0.0001 0.0007 0.0086 0.0999 1.0000 1.0000 0.0001 0.0015 0.0177 0.2067 1.0000 1.0000 0.0003 0.0032 0.0376 0.4423 1.0000 1.0000 0.0006 0.0072 0.0850 0.9682 1.0000 0.0001 0.0015 0.0181 0.2176 1.0000 1.0000 1.0000 0.2151 0.0180 0.0015 0.0001 1.0000 0.9830 0.0831 0.0071 0.0006 1.0000 1.0000 0.4423 0.0376 0.0032 0.0003 1.0000 1.0000 0.2067 0.0177 0.0015 0.0001 1.0000 1.0000 0.0999 0.0086 0.0007 0.0001 1.0000 0.5631 0.0483 0.0041 0.0004 1.0000 1.0000 0.2723 0.0234 0.0020 0.0002 1.0000 1.0000 0.1317 0.0113 0.0010 0.0001 1.0000 0.7419 0.0637 0.0055 0.0004
1.0000 0.0005 0.0057 0.0665 0.7750 1.0000 0.0001 0.0010 0.0118 0.1376 1.0000 1.0000 0.0002 0.0021 0.0244 0.2845 1.0000 1.0000 0.0004 0.0043 0.0505 0.5882 1.0000 0.0001 0.0008 0.0090 0.1044 1.0000 1.0000 0.0001 0.0016 0.0186 0.2167 1.0000 1.0000 0.0003 0.0034 0.0400 0.4718 1.0000 0.0001 0.0007 0.0078 0.0904 1.0000 1.0000 0.0001 0.0017 0.0207 0.2119 1.0000 0.2059 0.0190 0.0017 0.0001 1.0000 1.0000 0.0912 0.0076 0.0007 0.0001 1.0000 0.4718 0.0400 0.0034 0.0003 1.0000 1.0000 0.2167 0.0186 0.0016 0.0001 1.0000 1.0000 0.1044 0.0090 0.0008 0.0001 1.0000 0.5882 0.0505 0.0043 0.0004 1.0000 1.0000 0.2845 0.0244 0.0021 0.0002 1.0000 1.0000 0.1376 0.0118 0.0010 0.0001 1.0000 0.7750 0.0665 0.0057 0.0005 1.0000
1.0000 1.0000 0.0005 0.0054 0.0630 0.7335 1.0000 0.0001 0.0010 0.0112 0.1302 1.0000 1.0000 0.0002 0.0020 0.0231 0.2692 1.0000 1.0000 0.0004 0.0041 0.0478 0.5567 1.0000 0.0001 0.0007 0.0085 0.0988 1.0000 1.0000 0.0001 0.0015 0.0177 0.2071 1.0000 1.0000 0.0003 0.0033 0.0389 0.4611 1.0000 0.0001 0.0006 0.0078 0.0971 1.0000 1.0000 0.0001 0.0017 0.0177 0.0890 0.0179 0.0016 0.0001 1.0000 1.0000 0.0960 0.0078 0.0006 0.0001 1.0000 0.4611 0.0389 0.0033 0.0003 1.0000 1.0000 0.2071 0.0177 0.0015 0.0001 1.0000 1.0000 0.0988 0.0085 0.0007 0.0001 1.0000 0.5567 0.0478 0.0041 0.0004 1.0000 1.0000 0.2692 0.0231 0.0020 0.0002 1.0000 1.0000 0.1302 0.0112 0.0010 0.0001 1.0000 0.7335 0.0630 0.0054 0.0005 1.0000 1.0000
0.3052 1.0000 1.0000 0.0004 0.0050 0.0583 0.6797 1.0000 0.0001 0.0009 0.0104 0.1207 1.0000 1.0000 0.0002 0.0018 0.0214 0.2495 1.0000 1.0000 0.0003 0.0038 0.0443 0.5159 1.0000 0.0001 0.0007 0.0079 0.0916 1.0000 1.0000 0.0001 0.0014 0.0166 0.1948 1.0000 1.0000 0.0003 0.0031 0.0374 0.4448 1.0000 0.0001 0.0006 0.0078 0.0949 1.0000 1.0000 0.0001 0.0015 0.0074 0.0015 0.0001 1.0000 1.0000 0.0953 0.0079 0.0006 0.0001 1.0000 0.4448 0.0374 0.0031 0.0003 1.0000 1.0000 0.1948 0.0166 0.0014 0.0001 1.0000 1.0000 0.0916 0.0079 0.0007 0.0001 1.0000 0.5159 0.0443 0.0038 0.0003 1.0000 1.0000 0.2495 0.0214 0.0018 0.0002 1.0000 1.0000 0.1207 0.0104 0.0009 0.0001 1.0000 0.6797 0.0583 0.0050 0.0004 1.0000 1.0000 0.3052
0.0242 0.3035 1.0000 1.0000 0.0004 0.0046 0.0539 0.6275 1.0000 0.0001 0.0008 0.0096 0.1114 1.0000 1.0000 0.0001 0.0017 0.0198 0.2303 1.0000 1.0000 0.0003 0.0035 0.0409 0.4763 1.0000 0.0001 0.0006 0.0073 0.0847 0.9905 1.0000 0.0001 0.0013 0.0156 0.1840 1.0000 1.0000 0.0003 0.0030 0.0361 0.4323 1.0000 1.0000 0.0006 0.0078 0.0930 1.0000 1.0000 0.0001 0.0006 0.0001 1.0000 1.0000 0.0977 0.0081 0.0006 1.0000 1.0000 0.4331 0.0361 0.0030 0.0003 1.0000 1.0000 0.1840 0.0156 0.0013 0.0001 1.0000 0.9905 0.0847 0.0073 0.0006 0.0001 1.0000 0.4763 0.0409 0.0035 0.0003 1.0000 1.0000 0.2303 0.0198 0.0017 0.0001 1.0000 1.0000 0.1114 0.0096 0.0008 0.0001 1.0000 0.6275 0.0539 0.0046 0.0004 1.0000 1.0000 0.3035 0.0242
