18.7747 2.2924 -28.4681 -38.0691 -42.6128 5.2247 31.0831 -19.7280 -33.4159 -41.2665 -29.5059 18.4482 6.1917 -27.9081 -37.7668 -42.6508 3.8627 30.3667 -18.8711 -33.0212 -41.0638 -32.1099 17.2964 11.3250 -27.2728 -37.4295 -42.6188 2.3185 29.5162 -17.9555 -32.6223 -40.8469 -34.3720 16.1285 16.9258 -26.5078 -36.9545 -42.5014 -1.5767 26.9086 -13.9051 -30.4585 -39.0188 -42.9194 -13.4049 8.8446 11.6401 11.7665 11.7686 11.7689 11.7689 11.7689 11.7686 11.7665 11.6401 8.8446 -13.4049 -42.9194 -39.0188 -30.4585 -13.9051 26.9086 -1.5767 -42.5014 -36.9545 -26.5078 16.9258 16.1285 -34.3720 -40.8469 -32.6223 -17.9555 29.5162 2.3185 -42.6188 -37.4295 -27.2728 11.3250 17.2964 -32.1099 -41.0638 -33.0212 -18.8711 30.3667 3.8627 -42.6508 -37.7668 -27.9081 6.1917 18.4482 -29.5059 -41.2665 -33.4159 -19.7280 31.0831 5.2247 -42.6128 -38.0691 -28.4681 2.2924 18.7747
2.2924 -31.0572 -40.2778 -44.1784 5.2106 31.0836 -20.0800 -35.6971 -43.2481 -30.6543 18.1114 10.6370 -30.0007 -39.9405 -44.2517 3.7654 30.2156 -19.0851 -35.3110 -43.0671 -33.3054 17.0131 15.9301 -29.1767 -39.6133 -44.2514 2.1962 29.2605 -18.0282 -34.9225 -42.8696 -35.5813 15.9308 20.9178 -28.2789 -39.2100 -44.2166 -0.9134 27.1681 -14.7209 -33.4405 -41.7905 -43.5868 3.1891 22.5307 32.0210 27.0744 26.5875 26.5643 26.5643 26.5643 26.5643 26.5643 26.5875 27.0744 32.0210 22.5307 3.1891 -43.5868 -41.7905 -33.4405 -14.7209 27.1681 -0.9134 -44.2166 -39.2100 -28.2789 20.9178 15.9308 -35.5813 -42.8696 -34.9225 -18.0282 29.2605 2.1962 -44.2514 -39.6133 -29.1767 15.9301 17.0131 -33.3054 -43.0671 -35.3110 -19.0851 30.2156 3.7654 -44.2517 -39.9405 -30.0007 10.6370 18.1114 -30.6543 -43.2481 -35.6971 -20.0800 31.0836 5.2106 -44.1784 -40.2778 -31.0572 2.2924
-28.4681 -40.2778 -44.2037 4.5327 30.5689 -19.3968 -35.4118 -43.1008 -32.7335 17.2242 14.8369 -29.3433 -39.6785 -44.2491 2.5253 29.4599 -18.2485 -35.0005 -42.9081 -35.1314 16.1417 19.7935 -28.5274 -39.3457 -44.2235 0.7991 28.4581 -17.1262 -34.6098 -42.6994 -37.1190 15.0933 23.9986 -27.6786 -38.9681 -44.1865 -2.0814 26.7454 -14.4325 -33.5073 -41.9145 -42.8897 7.1563 29.3126 -8.1102 -24.1767 -26.2863 -26.4047 -26.4065 -26.4065 -26.4065 -26.4065 -26.4065 -26.4047 -26.2863 -24.1767 -8.1102 29.3126 7.1563 -42.8897 -41.9145 -33.5073 -14.4325 26.7454 -2.0814 -44.1865 -38.9681 -27.6786 23.9986 15.0933 -37.1190 -42.6994 -34.6098 -17.1262 28.4581 0.7991 -44.2235 -39.3457 -28.5274 19.7935 16.1417 -35.1314 -42.9081 -35.0005 -18.2485 29.4599 2.5253 -44.2491 -39.6785 -29.3433 14.8369 17.2242 -32.7335 -43.1008 -35.4118 -19.3968 30.5689 4.5327 -44.2037 -40.2778 -28.4681
-38.0691 -44.1784 4.5327 30.3596 -18.9801 -35.2019 -42.9726 -34.3972 16.4489 18.6082 -28.7167 -39.4199 -44.2298 1.1718 28.6650 -17.3624 -34.6896 -42.7433 -36.7376 15.3103 23.1517 -27.8840 -39.0758 -44.1963 -0.7514 27.6446 -16.1601 -34.2966 -42.5238 -38.4577 14.2793 26.5916 -27.0634 -38.7105 -44.1529 -3.5821 26.1933 -13.8292 -33.4425 -41.9193 -42.4825 8.8605 31.8006 -17.4386 -31.7468 -36.8888 -38.3160 -38.3926 -38.3941 -38.3941 -38.3941 -38.3941 -38.3941 -38.3926 -38.3160 -36.8888 -31.7468 -17.4386 31.8006 8.8605 -42.4825 -41.9193 -33.4425 -13.8292 26.1933 -3.5821 -44.1529 -38.7105 -27.0634 26.5916 14.2793 -38.4577 -42.5238 -34.2966 -16.1601 27.6446 -0.7514 -44.1963 -39.0758 -27.8840 23.1517 15.3103 -36.7376 -42.7433 -34.6896 -17.3624 28.6650 1.1718 -44.2298 -39.4199 -28.7167 18.6082 16.4489 -34.3972 -42.9726 -35.2019 -18.9801 30.3596 4.5327 -44.1784 -38.0691
-42.6128 5.2106 30.5689 -18.9801 -35.1237 -42.8985 -35.4822 15.8339 21.5369 -28.1557 -39.1729 -44.2049 -0.2768 27.8731 -16.4255 -34.3770 -42.5697 -38.1309 14.4906 25.9466 -27.2438 -38.8019 -44.1628 -2.4939 26.8318 -15.1135 -33.9819 -42.3395 -39.6077 13.4692 28.6756 -26.4362 -38.4418 -44.1112 -5.4057 25.5515 -12.9724 -33.2907 -41.8519 -42.3873 9.5785 32.5322 -20.3468 -34.2202 -41.3194 -45.0194 -45.5294 -45.4706 -45.4639 -45.4639 -45.4639 -45.4639 -45.4639 -45.4706 -45.5294 -45.0194 -41.3194 -34.2202 -20.3468 32.5322 9.5785 -42.3873 -41.8519 -33.2907 -12.9724 25.5515 -5.4057 -44.1112 -38.4418 -26.4362 28.6756 13.4692 -39.6077 -42.3395 -33.9819 -15.1135 26.8318 -2.4939 -44.1628 -38.8019 -27.2438 25.9466 14.4906 -38.1309 -42.5697 -34.3770 -16.4255 27.8731 -0.2768 -44.2049 -39.1729 -28.1557 21.5369 15.8339 -35.4822 -42.8985 -35.1237 -18.9801 30.5689 5.2106 -42.6128
5.2247 31.0836 -19.3968 -35.2019 -42.8985 -35.8605 15.4817 23.3813 -27.7106 -38.9605 -44.1758 -1.7509 27.1277 -15.4654 -34.0736 -42.3886 -39.3175 13.6780 28.1814 -26.6050 -38.5242 -44.1219 -4.4626 26.0220 -13.9672 -33.6654 -42.1469 -40.5891 12.6604 30.2592 -25.7998 -38.1664 -44.0611 -7.5469 24.8579 -11.8831 -33.0805 -41.7341 -42.5118 9.7453 32.6797 -21.6157 -35.3917 -42.7728 -44.1474 -16.5565 -0.6936 0.0886 0.1007 0.1013 0.1013 0.1013 0.1007 0.0886 -0.6936 -16.5565 -44.1474 -42.7728 -35.3917 -21.6157 32.6797 9.7453 -42.5118 -41.7341 -33.0805 -11.8831 24.8579 -7.5469 -44.0611 -38.1664 -25.7998 30.2592 12.6604 -40.5891 -42.1469 -33.6654 -13.9672 26.0220 -4.4626 -44.1219 -38.5242 -26.6050 28.1814 13.6780 -39.3175 -42.3886 -34.0736 -15.4654 27.1277 -1.7509 -44.1758 -38.9605 -27.7106 23.3813 15.4817 -35.8605 -42.8985 -35.2019 -19.3968 31.0836 5.2247
31.0831 -20.0800 -35.4118 -42.9726 -35.4822 15.4817 24.0291 -27.4522 -38.8098 -44.1481 -3.1356 26.4600 -14.5083 -33.7911 -42.2109 -40.2981 12.8959 29.8781 -25.9658 -38.2429 -44.0728 -6.6863 25.2171 -12.6958 -33.3474 -41.9465 -41.4175 11.8470 31.3936 -25.1579 -37.8844 -44.0002 -10.0022 24.1276 -10.5490 -32.8289 -41.5796 -42.7643 9.5689 32.6878 -22.1316 -35.9612 -43.2595 -40.1624 6.8114 21.6712 28.1407 28.7079 28.7192 28.7195 28.7195 28.7195 28.7192 28.7079 28.1407 21.6712 6.8114 -40.1624 -43.2595 -35.9612 -22.1316 32.6878 9.5689 -42.7643 -41.5796 -32.8289 -10.5490 24.1276 -10.0022 -44.0002 -37.8844 -25.1579 31.3936 11.8470 -41.4175 -41.9465 -33.3474 -12.6958 25.2171 -6.6863 -44.0728 -38.2429 -25.9658 29.8781 12.8959 -40.2981 -42.2109 -33.7911 -14.5083 26.4600 -3.1356 -44.1481 -38.8098 -27.4522 24.0291 15.4817 -35.4822 -42.9726 -35.4118 -20.0800 31.0831
-19.7280 -35.6971 -43.1008 -34.3972 15.8339 23.3813 -27.4522 -38.7518 -44.1296 -4.1455 25.9557 -13.6400 -33.5416 -42.0438 -41.0765 12.1626 31.0577 -25.3462 -37.9616 -44.0154 -9.1770 24.4183 -11.2663 -33.0278 -41.7386 -42.1093 11.0253 32.1394 -24.5107 -37.5957 -43.9302 -12.7231 23.3767 -8.9517 -32.5507 -41.4000 -43.0734 9.1528 32.6533 -22.2194 -36.2046 -43.4268 -35.9449 12.1442 31.9020 -7.3789 -18.6119 -19.1282 -19.1465 -19.1468 -19.1468 -19.1468 -19.1465 -19.1282 -18.6119 -7.3789 31.9020 12.1442 -35.9449 -43.4268 -36.2046 -22.2194 32.6533 9.1528 -43.0734 -41.4000 -32.5507 -8.9517 23.3767 -12.7231 -43.9302 -37.5957 -24.5107 32.1394 11.0253 -42.1093 -41.7386 -33.0278 -11.2663 24.4183 -9.1770 -44.0154 -37.9616 -25.3462 31.0577 12.1626 -41.0765 -42.0438 -33.5416 -13.6400 25.9557 -4.1455 -44.1296 -38.7518 -27.4522 23.3813 15.8339 -34.3972 -43.1008 -35.6971 -19.7280
-33.4159 -43.2481 -32.7335 16.4489 21.5369 -27.7106 -38.8098 -44.1296 -4.5046 25.6862 -13.0352 -33.3505 -41.8993 -41.6615 11.4914 31.8265 -24.7751 -37.6941 -43.9500 -11.8201 23.6354 -9.6354 -32.7066 -41.5234 -42.6796 10.1900 32.5523 -23.8554 -37.3041 -43.8511 -15.6460 22.6205 -7.0682 -32.2568 -41.2018 -43.3815 8.5703 32.5555 -22.0396 -36.2551 -43.4664 -32.8958 14.7789 31.6328 -20.8683 -31.4846 -34.1512 -34.4258 -34.4355 -34.4356 -34.4356 -34.4356 -34.4355 -34.4258 -34.1512 -31.4846 -20.8683 31.6328 14.7789 -32.8958 -43.4664 -36.2551 -22.0396 32.5555 8.5703 -43.3815 -41.2018 -32.2568 -7.0682 22.6205 -15.6460 -43.8511 -37.3041 -23.8554 32.5523 10.1900 -42.6796 -41.5234 -32.7066 -9.6354 23.6354 -11.8201 -43.9500 -37.6941 -24.7751 31.8265 11.4914 -41.6615 -41.8993 -33.3505 -13.0352 25.6862 -4.5046 -44.1296 -38.8098 -27.7106 21.5369 16.4489 -32.7335 -43.2481 -33.4159
-41.2665 -30.6543 17.2242 18.6082 -28.1557 -38.9605 -44.1481 -4.1455 25.6862 -12.8205 -33.2475 -41.8044 -42.0469 10.9371 32.2811 -24.2542 -37.4509 -43.8812 -14.4661 22.9055 -7.8159 -32.3883 -41.3040 -43.1421 9.3352 32.6859 -23.1896 -37.0104 -43.7596 -18.6823 21.8614 -4.8147 -31.9505 -40.9876 -43.6559 7.8694 32.3565 -21.6854 -36.1868 -43.4443 -31.3409 16.1845 26.6767 -24.7966 -35.5215 -41.4028 -43.6382 -43.7948 -43.7909 -43.7907 -43.7907 -43.7907 -43.7909 -43.7948 -43.6382 -41.4028 -35.5215 -24.7966 26.6767 16.1845 -31.3409 -43.4443 -36.1868 -21.6854 32.3565 7.8694 -43.6559 -40.9876 -31.9505 -4.8147 21.8614 -18.6823 -43.7596 -37.0104 -23.1896 32.6859 9.3352 -43.1421 -41.3040 -32.3883 -7.8159 22.9055 -14.4661 -43.8812 -37.4509 -24.2542 32.2811 10.9371 -42.0469 -41.8044 -33.2475 -12.8205 25.6862 -4.1455 -44.1481 -38.9605 -28.1557 18.6082 17.2242 -30.6543 -41.2665
-29.5059 18.1114 14.8369 -28.7167 -39.1729 -44.1758 -3.1356 25.9557 -13.0352 -33.2475 -41.7727 -42.2347 10.5725 32.5010 -23.8218 -37.2400 -43.8135 -16.9894 22.2383 -5.8825 -32.0873 -41.0857 -43.4980 8.4643 32.5885 -22.5106 -36.7136 -43.6580 -21.6961 21.0975 -2.1003 -31.6354 -40.7616 -43.8808 7.0678 32.0407 -21.2043 -36.0413 -43.3858 -31.0147 16.8343 22.1811 -26.6808 -37.3471 -43.7641 -44.3780 -34.2111 -31.1102 -30.9982 -30.9967 -30.9967 -30.9967 -30.9982 -31.1102 -34.2111 -44.3780 -43.7641 -37.3471 -26.6808 22.1811 16.8343 -31.0147 -43.3858 -36.0413 -21.2043 32.0407 7.0678 -43.8808 -40.7616 -31.6354 -2.1003 21.0975 -21.6961 -43.6580 -36.7136 -22.5106 32.5885 8.4643 -43.4980 -41.0857 -32.0873 -5.8825 22.2383 -16.9894 -43.8135 -37.2400 -23.8218 32.5010 10.5725 -42.2347 -41.7727 -33.2475 -13.0352 25.9557 -3.1356 -44.1758 -39.1729 -28.7167 14.8369 18.1114 -29.5059
18.4482 10.6370 -29.3433 -39.4199 -44.2049 -1.7509 26.4600 -13.6400 -33.3505 -41.8044 -42.2347 10.4477 32.5799 -23.5457 -37.0827 -43.7526 -19.1526 21.6391 -3.8369 -31.8145 -40.8783 -43.7598 7.6139 32.3154 -21.8232 -36.4143 -43.5477 -24.5901 20.2590 1.1397 -31.3155 -40.5257 -44.0520 6.1758 31.6058 -20.6306 -35.8423 -43.3040 -31.5347 16.9847 19.8189 -27.6117 -38.2291 -44.2161 -33.6215 7.9062 17.2006 18.8378 18.8751 18.8756 18.8756 18.8756 18.8751 18.8378 17.2006 7.9062 -33.6215 -44.2161 -38.2291 -27.6117 19.8189 16.9847 -31.5347 -43.3040 -35.8423 -20.6306 31.6058 6.1758 -44.0520 -40.5257 -31.3155 1.1397 20.2590 -24.5901 -43.5477 -36.4143 -21.8232 32.3154 7.6139 -43.7598 -40.8783 -31.8145 -3.8369 21.6391 -19.1526 -43.7526 -37.0827 -23.5457 32.5799 10.4477 -42.2347 -41.8044 -33.3505 -13.6400 26.4600 -1.7509 -44.2049 -39.4199 -29.3433 10.6370 18.4482
6.1917 -30.0007 -39.6785 -44.2298 -0.2768 27.1277 -14.5083 -33.5416 -41.8993 -42.0469 10.5725 32.5799 -23.4526 -37.0003 -43.7101 -20.7003 21.1680 -1.8389 -31.5717 -40.6885 -43.9458 6.7973 31.9398 -21.1576 -36.1232 -43.4274 -27.2715 19.3364 4.9030 -30.8658 -40.2826 -44.1692 5.1990 31.0566 -19.9788 -35.6068 -43.1998 -32.5509 16.8088 19.3804 -27.9923 -38.6550 -44.2539 -20.3595 15.8825 32.3599 8.3795 -1.2864 -1.5250 -1.5275 -1.5275 -1.5275 -1.5250 -1.2864 8.3795 32.3599 15.8825 -20.3595 -44.2539 -38.6550 -27.9923 19.3804 16.8088 -32.5509 -43.1998 -35.6068 -19.9788 31.0566 5.1990 -44.1692 -40.2826 -30.8658 4.9030 19.3364 -27.2715 -43.4274 -36.1232 -21.1576 31.9398 6.7973 -43.9458 -40.6885 -31.5717 -1.8389 21.1680 -20.7003 -43.7101 -37.0003 -23.4526 32.5799 10.5725 -42.0469 -41.8993 -33.5416 -14.5083 27.1277 -0.2768 -44.2298 -39.6785 -30.0007 6.1917
-27.9081 -39.9405 -44.2491 1.1718 27.8731 -15.4654 -33.7911 -42.0438 -41.6615 10.9371 32.5010 -23.5457 -37.0003 -43.6948 -21.4981 20.8760 -0.2512 -31.3744 -40.5237 -44.0687 6.0146 31.5089 -20.5405 -35.8546 -43.3053 -29.6435 18.4502 9.0004 -30.2456 -40.0335 -44.2342 4.1327 30.4176 -19.2599 -35.3453 -43.0761 -33.8226 16.4179 20.2775 -28.0288 -38.8293 -44.2277 -11.9734 20.3358 21.0704 -22.4067 -29.2610 -30.2205 -30.2496 -30.2500 -30.2500 -30.2500 -30.2496 -30.2205 -29.2610 -22.4067 21.0704 20.3358 -11.9734 -44.2277 -38.8293 -28.0288 20.2775 16.4179 -33.8226 -43.0761 -35.3453 -19.2599 30.4176 4.1327 -44.2342 -40.0335 -30.2456 9.0004 18.4502 -29.6435 -43.3053 -35.8546 -20.5405 31.5089 6.0146 -44.0687 -40.5237 -31.3744 -0.2512 20.8760 -21.4981 -43.6948 -37.0003 -23.5457 32.5010 10.9371 -41.6615 -42.0438 -33.7911 -15.4654 27.8731 1.1718 -44.2491 -39.9405 -27.9081
-37.7668 -44.2517 2.5253 28.6650 -16.4255 -34.0736 -42.2109 -41.0765 11.4914 32.2811 -23.8218 -37.0827 -43.7101 -21.4981 20.7784 0.6161 -31.2485 -40.3998 -44.1431 5.3262 31.0645 -19.9600 -35.6129 -43.1891 -31.6424 17.6495 12.9841 -29.6088 -39.7791 -44.2514 2.9669 29.7081 -18.4894 -35.0657 -42.9388 -35.2006 15.8850 21.9629 -27.8424 -38.8509 -44.2012 -8.1130 22.8710 1.4004 -28.3015 -36.1060 -40.0145 -40.6965 -40.7131 -40.7132 -40.7132 -40.7132 -40.7131 -40.6965 -40.0145 -36.1060 -28.3015 1.4004 22.8710 -8.1130 -44.2012 -38.8509 -27.8424 21.9629 15.8850 -35.2006 -42.9388 -35.0657 -18.4894 29.7081 2.9669 -44.2514 -39.7791 -29.6088 12.9841 17.6495 -31.6424 -43.1891 -35.6129 -19.9600 31.0645 5.3262 -44.1431 -40.3998 -31.2485 0.6161 20.7784 -21.4981 -43.7101 -37.0827 -23.8218 32.2811 11.4914 -41.0765 -42.2109 -34.0736 -16.4255 28.6650 2.5253 -44.2517 -37.7668
-42.6508 3.7654 29.4599 -17.3624 -34.3770 -42.3886 -40.2981 12.1626 31.8265 -24.2542 -37.2400 -43.7526 -20.7003 20.8760 0.6161 -31.2063 -40.3361 -44.1804 4.7997 30.6788 -19.4431 -35.3958 -43.0789 -33.2703 16.9287 16.5425 -29.0313 -39.5343 -44.2381 1.6975 28.9483 -17.6581 -34.7765 -42.7868 -36.5698 15.2598 23.9927 -27.5125 -38.7755 -44.1778 -6.6251 23.9803 -6.1526 -30.8223 -38.9459 -44.3814 -45.5439 -44.8695 -44.7602 -44.7566 -44.7566 -44.7566 -44.7602 -44.8695 -45.5439 -44.3814 -38.9459 -30.8223 -6.1526 23.9803 -6.6251 -44.1778 -38.7755 -27.5125 23.9927 15.2598 -36.5698 -42.7868 -34.7765 -17.6581 28.9483 1.6975 -44.2381 -39.5343 -29.0313 16.5425 16.9287 -33.2703 -43.0789 -35.3958 -19.4431 30.6788 4.7997 -44.1804 -40.3361 -31.2063 0.6161 20.8760 -20.7003 -43.7526 -37.2400 -24.2542 31.8265 12.1626 -40.2981 -42.3886 -34.3770 -17.3624 29.4599 3.7654 -42.6508
3.8627 30.2156 -18.2485 -34.6896 -42.5697 -39.3175 12.8959 31.0577 -24.7751 -37.4509 -43.8135 -19.1526 21.1680 -0.2512 -31.2485 -40.3361 -44.1911 4.5154 30.4196 -19.0603 -35.2208 -42.9817 -34.5559 16.2967 19.5736 -28.5043 -39.3077 -44.2167 0.3644 28.1824 -16.7724 -34.4828 -42.6235 -37.8484 14.5735 26.0595 -27.0838 -38.6338 -44.1506 -6.4317 24.4524 -8.8901 -31.7311 -40.2030 -44.7021 -27.4636 4.8711 8.5667 8.7232 8.7244 8.7244 8.7244 8.7232 8.5667 4.8711 -27.4636 -44.7021 -40.2030 -31.7311 -8.8901 24.4524 -6.4317 -44.1506 -38.6338 -27.0838 26.0595 14.5735 -37.8484 -42.6235 -34.4828 -16.7724 28.1824 0.3644 -44.2167 -39.3077 -28.5043 19.5736 16.2967 -34.5559 -42.9817 -35.2208 -19.0603 30.4196 4.5154 -44.1911 -40.3361 -31.2485 -0.2512 21.1680 -19.1526 -43.8135 -37.4509 -24.7751 31.0577 12.8959 -39.3175 -42.5697 -34.6896 -18.2485 30.2156 3.8627
30.3667 -19.0851 -35.0005 -42.7433 -38.1309 13.6780 29.8781 -25.3462 -37.6941 -43.8812 -16.9894 21.6391 -1.8389 -31.3744 -40.3998 -44.1804 4.5154 30.3291 -18.8597 -35.1095 -42.9071 -35.5008 15.7810 21.9544 -28.0262 -39.0985 -44.1933 -0.9661 27.4631 -15.8639 -34.1898 -42.4534 -38.9885 13.8576 27.9423 -26.5890 -38.4482 -44.1172 -7.0524 24.5126 -9.8681 -32.1894 -40.7982 -44.3327 -4.8663 18.2454 30.6754 31.8806 31.7940 31.7934 31.7934 31.7934 31.7940 31.8806 30.6754 18.2454 -4.8663 -44.3327 -40.7982 -32.1894 -9.8681 24.5126 -7.0524 -44.1172 -38.4482 -26.5890 27.9423 13.8576 -38.9885 -42.4534 -34.1898 -15.8639 27.4631 -0.9661 -44.1933 -39.0985 -28.0262 21.9544 15.7810 -35.5008 -42.9071 -35.1095 -18.8597 30.3291 4.5154 -44.1804 -40.3998 -31.3744 -1.8389 21.6391 -16.9894 -43.8812 -37.6941 -25.3462 29.8781 13.6780 -38.1309 -42.7433 -35.0005 -19.0851 30.3667
-18.8711 -35.3110 -42.9081 -36.7376 14.4906 28.1814 -25.9658 -37.9616 -43.9500 -14.4661 22.2383 -3.8369 -31.5717 -40.5237 -44.1431 4.7997 30.4196 -18.8597 -35.0701 -42.8677 -36.0858 15.4068 23.6314 -27.6321 -38.9142 -44.1689 -2.2814 26.8199 -14.9714 -33.9121 -42.2839 -39.9687 13.1358 29.5162 -26.0583 -38.2348 -44.0761 -8.2516 24.3018 -9.9423 -32.3831 -41.0708 -44.0557 2.2878 25.1527 7.5529 -21.1516 -23.8150 -23.9549 -23.9571 -23.9571 -23.9571 -23.9549 -23.8150 -21.1516 7.5529 25.1527 2.2878 -44.0557 -41.0708 -32.3831 -9.9423 24.3018 -8.2516 -44.0761 -38.2348 -26.0583 29.5162 13.1358 -39.9687 -42.2839 -33.9121 -14.9714 26.8199 -2.2814 -44.1689 -38.9142 -27.6321 23.6314 15.4068 -36.0858 -42.8677 -35.0701 -18.8597 30.4196 4.7997 -44.1431 -40.5237 -31.5717 -3.8369 22.2383 -14.4661 -43.9500 -37.9616 -25.9658 28.1814 14.4906 -36.7376 -42.9081 -35.3110 -18.8711
-33.0212 -43.0671 -35.1314 15.3103 25.9466 -26.6050 -38.2429 -44.0154 -11.8201 22.9055 -5.8825 -31.8145 -40.6885 -44.0687 5.3262 30.6788 -19.0603 -35.1095 -42.8677 -36.2846 15.2061 24.6354 -27.3497 -38.7686 -44.1449 -3.5342 26.2564 -14.1202 -33.6623 -42.1228 -40.7727 12.4293 30.7198 -25.5107 -38.0047 -44.0263 -9.9015 23.9175 -9.4511 -32.4102 -41.1667 -43.8508 5.0400 28.7719 -12.2475 -29.8719 -35.3322 -36.8584 -36.9481 -36.9499 -36.9499 -36.9499 -36.9481 -36.8584 -35.3322 -29.8719 -12.2475 28.7719 5.0400 -43.8508 -41.1667 -32.4102 -9.4511 23.9175 -9.9015 -44.0263 -38.0047 -25.5107 30.7198 12.4293 -40.7727 -42.1228 -33.6623 -14.1202 26.2564 -3.5342 -44.1449 -38.7686 -27.3497 24.6354 15.2061 -36.2846 -42.8677 -35.1095 -19.0603 30.6788 5.3262 -44.0687 -40.6885 -31.8145 -5.8825 22.9055 -11.8201 -44.0154 -38.2429 -26.6050 25.9466 15.3103 -35.1314 -43.0671 -33.0212
-41.0638 -33.3054 16.1417 23.1517 -27.2438 -38.5242 -44.0728 -9.1770 23.6354 -7.8159 -32.0873 -40.8783 -43.9458 6.0146 31.0645 -19.4431 -35.2208 -42.9071 -36.0858 15.2061 24.9828 -27.2010 -38.6750 -44.1258 -4.5761 25.7905 -13.3528 -33.4480 -41.9767 -41.4021 11.7696 31.5672 -24.9687 -37.7676 -43.9694 -11.9009 23.4275 -8.5468 -32.3331 -41.1593 -43.7379 6.2813 30.4844 -16.8132 -32.7659 -40.0225 -44.2475 -45.0887 -45.0636 -45.0593 -45.0593 -45.0593 -45.0636 -45.0887 -44.2475 -40.0225 -32.7659 -16.8132 30.4844 6.2813 -43.7379 -41.1593 -32.3331 -8.5468 23.4275 -11.9009 -43.9694 -37.7676 -24.9687 31.5672 11.7696 -41.4021 -41.9767 -33.4480 -13.3528 25.7905 -4.5761 -44.1258 -38.6750 -27.2010 24.9828 15.2061 -36.0858 -42.9071 -35.2208 -19.4431 31.0645 6.0146 -43.9458 -40.8783 -32.0873 -7.8159 23.6354 -9.1770 -44.0728 -38.5242 -27.2438 23.1517 16.1417 -33.3054 -41.0638
-32.1099 17.0131 19.7935 -27.8840 -38.8019 -44.1219 -6.6863 24.4183 -9.6354 -32.3883 -41.0857 -43.7598 6.7973 31.5089 -19.9600 -35.3958 -42.9817 -35.5008 15.4068 24.6354 -27.2010 -38.6424 -44.1159 -5.2731 25.4547 -12.7174 -33.2740 -41.8506 -41.8807 11.1784 32.1153 -24.4575 -37.5351 -43.9070 -14.1160 22.8820 -7.3139 -32.1862 -41.0861 -43.7296 6.7691 31.2370 -18.7159 -34.1050 -41.8187 -44.9471 -29.6194 -10.5691 -9.2170 -9.1996 -9.1996 -9.1996 -9.2170 -10.5691 -29.6194 -44.9471 -41.8187 -34.1050 -18.7159 31.2370 6.7691 -43.7296 -41.0861 -32.1862 -7.3139 22.8820 -14.1160 -43.9070 -37.5351 -24.4575 32.1153 11.1784 -41.8807 -41.8506 -33.2740 -12.7174 25.4547 -5.2731 -44.1159 -38.6424 -27.2010 24.6354 15.4068 -35.5008 -42.9817 -35.3958 -19.9600 31.5089 6.7973 -43.7598 -41.0857 -32.3883 -9.6354 24.4183 -6.6863 -44.1219 -38.8019 -27.8840 19.7935 17.0131 -32.1099
17.2964 15.9301 -28.5274 -39.0758 -44.1628 -4.4626 25.2171 -11.2663 -32.7066 -41.3040 -43.4980 7.6139 31.9398 -20.5405 -35.6129 -43.0789 -34.5559 15.7810 23.6314 -27.3497 -38.6750 -44.1159 -5.5263 25.2770 -12.2742 -33.1444 -41.7501 -42.2293 10.6771 32.4319 -23.9905 -37.3178 -43.8413 -16.3859 22.3154 -5.7999 -31.9973 -40.9698 -43.7947 6.8126 31.5068 -19.5899 -34.8076 -42.5416 -42.9735 2.0379 18.0753 24.4288 25.0231 25.0309 25.0309 25.0309 25.0231 24.4288 18.0753 2.0379 -42.9735 -42.5416 -34.8076 -19.5899 31.5068 6.8126 -43.7947 -40.9698 -31.9973 -5.7999 22.3154 -16.3859 -43.8413 -37.3178 -23.9905 32.4319 10.6771 -42.2293 -41.7501 -33.1444 -12.2742 25.2770 -5.5263 -44.1159 -38.6750 -27.3497 23.6314 15.7810 -34.5559 -43.0789 -35.6129 -20.5405 31.9398 7.6139 -43.4980 -41.3040 -32.7066 -11.2663 25.2171 -4.4626 -44.1628 -39.0758 -28.5274 15.9301 17.2964
11.3250 -29.1767 -39.3457 -44.1963 -2.4939 26.0220 -12.6958 -33.0278 -41.5234 -43.1421 8.4643 32.3154 -21.1576 -35.8546 -43.1891 -33.2703 16.2967 21.9544 -27.6321 -38.7686 -44.1258 -5.2731 25.2770 -12.1131 -33.0738 -41.6816 -42.4555 10.2877 32.5904 -23.5925 -37.1269 -43.7777 -18.5593 21.7621 -4.0481 -31.7882 -40.8269 -43.8948 6.5786 31.5167 -19.9189 -35.1615 -42.8529 -40.6079 8.8600 28.7827 6.4746 -14.3843 -15.1905 -15.2057 -15.2057 -15.2057 -15.1905 -14.3843 6.4746 28.7827 8.8600 -40.6079 -42.8529 -35.1615 -19.9189 31.5167 6.5786 -43.8948 -40.8269 -31.7882 -4.0481 21.7621 -18.5593 -43.7777 -37.1269 -23.5925 32.5904 10.2877 -42.4555 -41.6816 -33.0738 -12.1131 25.2770 -5.2731 -44.1258 -38.7686 -27.6321 21.9544 16.2967 -33.2703 -43.1891 -35.8546 -21.1576 32.3154 8.4643 -43.1421 -41.5234 -33.0278 -12.6958 26.0220 -2.4939 -44.1963 -39.3457 -29.1767 11.3250
-27.2728 -39.6133 -44.2235 -0.7514 26.8318 -13.9672 -33.3474 -41.7386 -42.6796 9.3352 32.5885 -21.8232 -36.1232 -43.3053 -31.6424 16.9287 19.5736 -28.0262 -38.9142 -44.1449 -4.5761 25.4547 -12.2742 -33.0738 -41.6560 -42.5699 10.0352 32.6556 -23.2895 -36.9711 -43.7185 -20.4733 21.2546 -2.1521 -31.5754 -40.6733 -43.9996 6.1703 31.3713 -19.9296 -35.3086 -42.9783 -38.4798 11.8413 32.6758 -17.4591 -29.7985 -32.6161 -32.8809 -32.8879 -32.8880 -32.8879 -32.8809 -32.6161 -29.7985 -17.4591 32.6758 11.8413 -38.4798 -42.9783 -35.3086 -19.9296 31.3713 6.1703 -43.9996 -40.6733 -31.5754 -2.1521 21.2546 -20.4733 -43.7185 -36.9711 -23.2895 32.6556 10.0352 -42.5699 -41.6560 -33.0738 -12.2742 25.4547 -4.5761 -44.1449 -38.9142 -28.0262 19.5736 16.9287 -31.6424 -43.3053 -36.1232 -21.8232 32.5885 9.3352 -42.6796 -41.7386 -33.3474 -13.9672 26.8318 -0.7514 -44.2235 -39.6133 -27.2728
-37.4295 -44.2514 0.7991 27.6446 -15.1135 -33.6654 -41.9465 -42.1093 10.1900 32.6859 -22.5106 -36.4143 -43.4274 -29.6435 17.6495 16.5425 -28.5043 -39.0985 -44.1689 -3.5342 25.7905 -12.7174 -33.1444 -41.6816 -42.5699 9.9480 32.6748 -23.0948 -36.8601 -43.6714 -22.0211 20.8200 -0.2479 -31.3757 -40.5204 -44.0895 5.6500 31.1263 -19.7474 -35.3277 -43.0135 -37.0872 13.4525 31.9612 -22.2227 -34.2207 -40.1887 -42.5636 -42.7543 -42.7545 -42.7544 -42.7545 -42.7543 -42.5636 -40.1887 -34.2207 -22.2227 31.9612 13.4525 -37.0872 -43.0135 -35.3277 -19.7474 31.1263 5.6500 -44.0895 -40.5204 -31.3757 -0.2479 20.8200 -22.0211 -43.6714 -36.8601 -23.0948 32.6748 9.9480 -42.5699 -41.6816 -33.1444 -12.7174 25.7905 -3.5342 -44.1689 -39.0985 -28.5043 16.5425 17.6495 -29.6435 -43.4274 -36.4143 -22.5106 32.6859 10.1900 -42.1093 -41.9465 -33.6654 -15.1135 27.6446 0.7991 -44.2514 -37.4295
-42.6188 2.1962 28.4581 -16.1601 -33.9819 -42.1469 -41.4175 11.0253 32.5523 -23.1896 -36.7136 -43.5477 -27.2715 18.4502 12.9841 -29.0313 -39.3077 -44.1933 -2.2814 26.2564 -13.3528 -33.2740 -41.7501 -42.4555 10.0352 32.6748 -23.0257 -36.8014 -43.6416 -23.1018 20.4652 1.4746 -31.1999 -40.3799 -44.1551 5.0827 30.8143 -19.4460 -35.2695 -42.9973 -36.4237 14.3093 29.8821 -24.4193 -36.2103 -43.0197 -45.3292 -40.8572 -39.2316 -39.1549 -39.1541 -39.1549 -39.2316 -40.8572 -45.3292 -43.0197 -36.2103 -24.4193 29.8821 14.3093 -36.4237 -42.9973 -35.2695 -19.4460 30.8143 5.0827 -44.1551 -40.3799 -31.1999 1.4746 20.4652 -23.1018 -43.6416 -36.8014 -23.0257 32.6748 10.0352 -42.4555 -41.7501 -33.2740 -13.3528 26.2564 -2.2814 -44.1933 -39.3077 -29.0313 12.9841 18.4502 -27.2715 -43.5477 -36.7136 -23.1896 32.5523 11.0253 -41.4175 -42.1469 -33.9819 -16.1601 28.4581 2.1962 -42.6188
2.3185 29.2605 -17.1262 -34.2966 -42.3395 -40.5891 11.8470 32.1394 -23.8554 -37.0104 -43.6580 -24.5901 19.3364 9.0004 -29.6088 -39.5343 -44.2167 -0.9661 26.8199 -14.1202 -33.4480 -41.8506 -42.2293 10.2877 32.6556 -23.0948 -36.8014 -43.6311 -23.6454 20.2138 2.7874 -31.0284 -40.2616 -44.1983 4.5319 30.4749 -19.0895 -35.1684 -42.9497 -36.3005 14.6945 28.1407 -25.5785 -37.2317 -43.8080 -39.2106 3.8832 13.5829 15.0422 15.0758 15.0760 15.0758 15.0422 13.5829 3.8832 -39.2106 -43.8080 -37.2317 -25.5785 28.1407 14.6945 -36.3005 -42.9497 -35.1684 -19.0895 30.4749 4.5319 -44.1983 -40.2616 -31.0284 2.7874 20.2138 -23.6454 -43.6311 -36.8014 -23.0948 32.6556 10.2877 -42.2293 -41.8506 -33.4480 -14.1202 26.8199 -0.9661 -44.2167 -39.5343 -29.6088 9.0004 19.3364 -24.5901 -43.6580 -37.0104 -23.8554 32.1394 11.8470 -40.5891 -42.3395 -34.2966 -17.1262 29.2605 2.3185
29.5162 -18.0282 -34.6098 -42.5238 -39.6077 12.6604 31.3936 -24.5107 -37.3041 -43.7596 -21.6961 20.2590 4.9030 -30.2456 -39.7791 -44.2381 0.3644 27.4631 -14.9714 -33.6623 -41.9767 -41.8807 10.6771 32.5904 -23.2895 -36.8601 -43.6416 -23.6454 20.1233 3.4922 -30.8748 -40.1741 -44.2233 4.0501 30.1576 -18.7378 -35.0506 -42.8894 -36.5106 14.7925 27.1998 -26.1739 -37.7768 -44.0216 -29.7028 13.0516 29.7933 24.7794 17.0444 16.8054 16.8037 16.8054 17.0444 24.7794 29.7933 13.0516 -29.7028 -44.0216 -37.7768 -26.1739 27.1998 14.7925 -36.5106 -42.8894 -35.0506 -18.7378 30.1576 4.0501 -44.2233 -40.1741 -30.8748 3.4922 20.1233 -23.6454 -43.6416 -36.8601 -23.2895 32.5904 10.6771 -41.8807 -41.9767 -33.6623 -14.9714 27.4631 0.3644 -44.2381 -39.7791 -30.2456 4.9030 20.2590 -21.6961 -43.7596 -37.3041 -24.5107 31.3936 12.6604 -39.6077 -42.5238 -34.6098 -18.0282 29.5162
-17.9555 -34.9225 -42.6994 -38.4577 13.4692 30.2592 -25.1579 -37.5957 -43.8511 -18.6823 21.0975 1.1397 -30.8658 -40.0335 -44.2514 1.6975 28.1824 -15.8639 -33.9121 -42.1228 -41.4021 11.1784 32.4319 -23.5925 -36.9711 -43.6714 -23.1018 20.2138 3.4922 -30.8123 -40.1276 -44.2354 3.6838 29.8943 -18.4234 -34.9390 -42.8255 -36.8730 14.7288 26.9211 -26.4405 -38.0598 -44.0767 -21.2516 17.4667 29.8103 -19.4971 -26.9918 -27.9968 -28.0343 -28.0348 -28.0343 -27.9968 -26.9918 -19.4971 29.8103 17.4667 -21.2516 -44.0767 -38.0598 -26.4405 26.9211 14.7288 -36.8730 -42.8255 -34.9390 -18.4234 29.8943 3.6838 -44.2354 -40.1276 -30.8123 3.4922 20.2138 -23.1018 -43.6714 -36.9711 -23.5925 32.4319 11.1784 -41.4021 -42.1228 -33.9121 -15.8639 28.1824 1.6975 -44.2514 -40.0335 -30.8658 1.1397 21.0975 -18.6823 -43.8511 -37.5957 -25.1579 30.2592 13.4692 -38.4577 -42.6994 -34.9225 -17.9555
-32.6223 -42.8696 -37.1190 14.2793 28.6756 -25.7998 -37.8844 -43.9302 -15.6460 21.8614 -2.1003 -31.3155 -40.2826 -44.2342 2.9669 28.9483 -16.7724 -34.1898 -42.2839 -40.7727 11.7696 32.1153 -23.9905 -37.1269 -43.7185 -22.0211 20.4652 2.7874 -30.8748 -40.1276 -44.2389 3.4826 29.7167 -18.1793 -34.8466 -42.7679 -37.2655 14.5814 27.0533 -26.5161 -38.1958 -44.0867 -15.8596 20.3066 14.3685 -26.1058 -34.8729 -38.6856 -39.3301 -39.3513 -39.3515 -39.3513 -39.3301 -38.6856 -34.8729 -26.1058 14.3685 20.3066 -15.8596 -44.0867 -38.1958 -26.5161 27.0533 14.5814 -37.2655 -42.7679 -34.8466 -18.1793 29.7167 3.4826 -44.2389 -40.1276 -30.8748 2.7874 20.4652 -22.0211 -43.7185 -37.1269 -23.9905 32.1153 11.7696 -40.7727 -42.2839 -34.1898 -16.7724 28.9483 2.9669 -44.2342 -40.2826 -31.3155 -2.1003 21.8614 -15.6460 -43.9302 -37.8844 -25.7998 28.6756 14.2793 -37.1190 -42.8696 -32.6223
-40.8469 -35.5813 15.0933 26.5916 -26.4362 -38.1664 -44.0002 -12.7231 22.6205 -4.8147 -31.6354 -40.5257 -44.1692 4.1327 29.7081 -17.6581 -34.4828 -42.4534 -39.9687 12.4293 31.5672 -24.4575 -37.3178 -43.7777 -20.4733 20.8200 1.4746 -31.0284 -40.1742 -44.2354 3.4826 29.6554 -18.0524 -34.7846 -42.7246 -37.5953 14.4135 27.3716 -26.4874 -38.2459 -44.0832 -12.8915 21.9537 2.1446 -29.3046 -37.9663 -43.7311 -45.6025 -45.5816 -45.5244 -45.5221 -45.5244 -45.5816 -45.6025 -43.7311 -37.9663 -29.3046 2.1446 21.9537 -12.8915 -44.0832 -38.2459 -26.4874 27.3716 14.4135 -37.5953 -42.7246 -34.7846 -18.0524 29.6554 3.4826 -44.2354 -40.1741 -31.0284 1.4746 20.8200 -20.4733 -43.7777 -37.3178 -24.4575 31.5672 12.4293 -39.9687 -42.4534 -34.4828 -17.6581 29.7081 4.1327 -44.1692 -40.5257 -31.6354 -4.8147 22.6205 -12.7231 -44.0002 -38.1664 -26.4362 26.5916 15.0933 -35.5813 -40.8469
-34.3720 15.9308 23.9986 -27.0634 -38.4418 -44.0611 -10.0022 23.3767 -7.0682 -31.9505 -40.7616 -44.0520 5.1990 30.4176 -18.4894 -34.7765 -42.6235 -38.9885 13.1358 30.7198 -24.9687 -37.5351 -43.8413 -18.5593 21.2546 -0.2479 -31.2000 -40.2619 -44.2233 3.6838 29.7167 -18.0524 -34.7633 -42.7022 -37.8128 14.2737 27.7107 -26.4154 -38.2488 -44.0733 -11.3767 22.7396 -3.3807 -30.8502 -39.4172 -44.6024 -35.0154 -0.5184 3.9266 4.0905 4.0922 4.0905 3.9266 -0.5200 -35.0154 -44.6024 -39.4172 -30.8502 -3.3807 22.7396 -11.3767 -44.0733 -38.2488 -26.4154 27.7107 14.2737 -37.8128 -42.7022 -34.7633 -18.0524 29.7167 3.6838 -44.2233 -40.2616 -31.1999 -0.2479 21.2546 -18.5593 -43.8413 -37.5351 -24.9687 30.7198 13.1358 -38.9885 -42.6235 -34.7765 -18.4894 30.4176 5.1990 -44.0520 -40.7616 -31.9505 -7.0682 23.3767 -10.0022 -44.0611 -38.4418 -27.0634 23.9986 15.9308 -34.3720
16.1306 20.9178 -27.6786 -38.7105 -44.1112 -7.5469 24.1276 -8.9517 -32.2568 -40.9876 -43.8808 6.1758 31.0566 -19.2599 -35.0657 -42.7868 -37.8484 13.8576 29.5162 -25.5107 -37.7676 -43.9070 -16.3859 21.7621 -2.1521 -31.3758 -40.3802 -44.1981 4.0524 29.8946 -18.1793 -34.7846 -42.7022 -37.8929 14.1980 27.9488 -26.3436 -38.2341 -44.0625 -10.6580 23.1763 -5.9174 -31.4557 -40.1641 -44.4449 -12.3468 15.5289 27.6476 30.6548 30.7630 30.7645 30.7630 30.6546 27.6469 15.5284 -12.3468 -44.4449 -40.1641 -31.4557 -5.9174 23.1763 -10.6580 -44.0625 -38.2341 -26.3436 27.9488 14.1980 -37.8929 -42.7022 -34.7846 -18.1793 29.8943 4.0501 -44.1983 -40.3799 -31.3757 -2.1521 21.7621 -16.3859 -43.9070 -37.7676 -25.5107 29.5162 13.8576 -37.8484 -42.7868 -35.0657 -19.2599 31.0566 6.1758 -43.8808 -40.9876 -32.2568 -8.9517 24.1276 -7.5469 -44.1112 -38.7105 -27.6786 20.9178 16.1285
16.9225 -28.2827 -38.9672 -44.1530 -5.4055 24.8579 -10.5490 -32.5507 -41.2018 -43.6561 7.0682 31.6058 -19.9788 -35.3453 -42.9388 -36.5698 14.5736 27.9423 -26.0583 -38.0049 -43.9694 -14.1158 22.3154 -4.0485 -31.5754 -40.5206 -44.1548 4.5380 30.1599 -18.4234 -34.8466 -42.7247 -37.8128 14.1980 28.0288 -26.3008 -38.2172 -44.0551 -10.3670 23.4011 -7.1611 -31.8071 -40.5721 -44.2622 -1.4952 22.5619 20.9757 -17.8428 -20.9754 -21.1062 -21.1090 -21.1062 -20.9752 -17.8416 20.9773 22.5612 -1.4953 -44.2622 -40.5721 -31.8071 -7.1611 23.4011 -10.3670 -44.0551 -38.2172 -26.3008 28.0289 14.1980 -37.8128 -42.7246 -34.8466 -18.4234 30.1576 4.5319 -44.1551 -40.5204 -31.5754 -4.0481 22.3154 -14.1160 -43.9694 -38.0047 -26.0583 27.9423 14.5735 -36.5698 -42.9388 -35.3453 -19.9788 31.6058 7.0678 -43.6559 -41.2018 -32.5507 -10.5490 24.8579 -5.4057 -44.1529 -38.9681 -28.2789 16.9258
-26.5120 -39.2105 -44.1866 -3.5808 25.5565 -11.8844 -32.8289 -41.4000 -43.3815 7.8710 32.0436 -20.6352 -35.6071 -43.0762 -35.2006 15.2598 26.0589 -26.5891 -38.2350 -44.0263 -11.9005 22.8820 -5.8003 -31.7884 -40.6739 -44.0892 5.0902 30.4809 -18.7459 -34.9409 -42.7682 -37.5945 14.2741 27.9481 -26.3012 -38.2096 -44.0505 -10.3001 23.5013 -7.7687 -32.0072 -40.8001 -44.1349 2.5780 26.7896 -7.5998 -28.2004 -33.9470 -35.2606 -35.3336 -35.3351 -35.3336 -35.2606 -33.9443 -28.1995 -7.5981 26.7885 2.5776 -44.1349 -40.8001 -32.0071 -7.7683 23.5013 -10.3001 -44.0505 -38.2094 -26.3008 27.9488 14.2737 -37.5953 -42.7679 -34.9390 -18.7378 30.4749 5.0827 -44.0895 -40.6733 -31.7882 -5.7999 22.8820 -11.9009 -44.0263 -38.2348 -26.5890 26.0595 15.2598 -35.2006 -43.0761 -35.6068 -20.6306 32.0407 7.8694 -43.3815 -41.4000 -32.8289 -11.8831 25.5515 -3.5821 -44.1865 -39.2100 -26.5078
-36.9576 -44.2161 -2.0605 26.2006 -12.9853 -33.0809 -41.5799 -43.0730 8.5734 32.3593 -21.2104 -35.8433 -43.1988 -33.8171 15.8862 23.9910 -27.0846 -38.4484 -44.0763 -9.8986 23.4289 -7.3211 -31.9977 -40.8277 -43.9993 5.6542 30.8190 -19.1045 -35.0551 -42.8256 -37.2630 14.4149 27.7084 -26.3445 -38.2184 -44.0507 -10.2965 23.5346 -8.0306 -32.1117 -40.9241 -44.0138 4.5312 28.9846 -14.4182 -31.8813 -39.0939 -43.3865 -44.2978 -44.3020 -44.2999 -44.3019 -44.2994 -43.3858 -39.0922 -31.8788 -14.4147 28.9838 4.5298 -44.0142 -40.9251 -32.1116 -8.0299 23.5346 -10.2989 -44.0505 -38.2172 -26.3436 27.7107 14.4135 -37.2655 -42.8255 -35.0506 -19.0895 30.8143 5.6500 -43.9996 -40.8269 -31.9973 -7.3139 23.4275 -9.9015 -44.0761 -38.4482 -27.0838 23.9927 15.8850 -33.8226 -43.1998 -35.8423 -21.2043 32.3565 8.5703 -43.0734 -41.5796 -33.0805 -12.9724 26.1933 -2.0814 -44.2166 -36.9545
-42.5021 -0.8697 26.7601 -13.8555 -33.2952 -41.7346 -42.7629 9.1585 32.5571 -21.6952 -36.0446 -43.3043 -32.5219 16.4249 21.9482 -27.5139 -38.6347 -44.1163 -8.2296 23.9278 -8.5708 -32.1870 -40.9698 -43.8941 6.1733 31.1315 -19.4564 -35.1735 -42.8906 -36.8648 14.5858 27.3617 -26.4182 -38.2361 -44.0554 -10.2950 23.5374 -8.0987 -32.1561 -40.9835 -43.9210 5.5552 30.1873 -17.0703 -33.3857 -41.1933 -45.1011 -37.7966 -26.3847 -25.3388 -25.3235 -25.3441 -26.3992 -37.8149 -45.1007 -41.1935 -33.3839 -17.0667 30.1864 5.5499 -43.9218 -40.9828 -32.1560 -8.0984 23.5346 -10.3001 -44.0551 -38.2341 -26.4154 27.3716 14.5814 -36.8730 -42.8894 -35.1684 -19.4460 31.1263 6.1703 -43.8948 -40.9698 -32.1862 -8.5468 23.9175 -8.2516 -44.1172 -38.6338 -27.5125 21.9629 16.4179 -32.5509 -43.3040 -36.0413 -21.6854 32.5555 9.1528 -42.7643 -41.7341 -33.2907 -13.8292 26.7454 -0.9134 -42.5014
-1.5039 27.2022 -14.4785 -33.4547 -41.8567 -42.4987 9.5873 32.6559 -22.0580 -36.1953 -43.3892 -31.4763 16.8307 20.2105 -27.8524 -38.7777 -44.1491 -7.0009 24.3209 -9.4896 -32.3382 -41.0892 -43.7911 6.5944 31.3834 -19.7601 -35.2756 -42.9513 -36.4862 14.7427 27.0212 -26.4965 -38.2532 -44.0639 -10.3579 23.5062 -8.0381 -32.1565 -41.0008 -43.8727 6.0590 30.8002 -18.3794 -34.2169 -42.1009 -43.8863 -3.0319 14.5632 19.8767 20.2458 20.2523 20.2413 19.8658 14.5473 -3.0723 -43.8906 -42.1001 -34.2145 -18.3739 30.7973 6.0529 -43.8746 -40.9980 -32.1560 -8.0299 23.5013 -10.3670 -44.0625 -38.2488 -26.4874 27.0533 14.7288 -36.5106 -42.9497 -35.2695 -19.7474 31.3713 6.5786 -43.7947 -41.0861 -32.3331 -9.4511 24.3018 -7.0524 -44.1506 -38.7755 -27.8424 20.2775 16.8088 -31.5347 -43.3858 -36.1868 -22.0396 32.6533 9.5689 -42.5118 -41.8519 -33.4425 -14.4325 27.1681 -1.5767
26.9707 -14.8029 -33.5331 -41.9329 -42.3485 9.7983 32.6915 -22.2564 -36.2728 -43.4492 -30.8904 17.0349 19.1964 -28.0563 -38.8600 -44.1762 -6.3437 24.5455 -10.0004 -32.4244 -41.1676 -43.7197 6.8524 31.5367 -19.9541 -35.3379 -42.9988 -36.2492 14.8240 26.8454 -26.5327 -38.2538 -44.0736 -10.6084 23.4161 -7.8027 -32.1157 -40.9833 -43.8712 6.2212 31.0627 -19.0198 -34.6702 -42.5260 -42.2853 6.3333 25.5494 24.4523 -3.0868 -4.7812 -4.7842 -4.7390 -2.9908 24.5391 25.5172 6.3007 -42.2968 -42.5230 -34.6635 -19.0088 31.0516 6.2055 -43.8746 -40.9828 -32.1116 -7.7683 23.4011 -10.6580 -44.0733 -38.2459 -26.5161 26.9211 14.7925 -36.3005 -42.9973 -35.3277 -19.9296 31.5167 6.8126 -43.7296 -41.1593 -32.4102 -9.9423 24.5126 -6.4317 -44.1778 -38.8509 -28.0288 19.3804 16.9847 -31.0147 -43.4443 -36.2551 -22.2194 32.6878 9.7453 -42.3873 -41.9193 -33.5073 -14.7209 26.9086
-14.0686 -33.4941 -41.9398 -42.3979 9.7044 32.6931 -22.2210 -36.2421 -43.4731 -31.0661 16.9392 19.4101 -28.0567 -38.8552 -44.1984 -6.4189 24.5243 -10.0001 -32.4137 -41.1829 -43.7163 6.8505 31.5465 -19.9703 -35.3308 -43.0191 -36.3180 14.7524 27.0484 -26.4766 -38.2112 -44.0814 -11.2125 23.2167 -7.2560 -32.0210 -40.9290 -43.9149 6.0919 31.0761 -19.2254 -34.8754 -42.7209 -40.7300 9.7208 31.3401 -13.3572 -27.0850 -30.0974 -30.2610 -30.2598 -30.2483 -30.0744 -27.0486 -13.2709 31.3013 9.6758 -40.7685 -42.7159 -34.8619 -19.1997 31.0516 6.0529 -43.9218 -40.9251 -32.0071 -7.1611 23.1763 -11.3767 -44.0832 -38.1958 -26.4405 27.1998 14.6945 -36.4237 -43.0135 -35.3086 -19.9189 31.5068 6.7691 -43.7379 -41.1667 -32.3831 -9.8681 24.4524 -6.6251 -44.2012 -38.8293 -27.9923 19.8189 16.8343 -31.3409 -43.4664 -36.2046 -22.1316 32.6797 9.5785 -42.4825 -41.9145 -33.4405 -13.9051
-30.5840 -41.8447 -42.7264 9.1529 32.6072 -21.8284 -36.0522 -43.4417 -32.3320 16.4158 21.3542 -27.7554 -38.7175 -44.2193 -7.5855 24.1477 -9.2438 -32.2559 -41.1051 -43.8118 6.4588 31.3352 -19.7126 -35.2120 -42.9929 -36.8770 14.4277 27.8638 -26.2514 -38.0951 -44.0839 -12.5161 22.8373 -6.1812 -31.8449 -40.8197 -44.0005 5.6411 30.8514 -19.0724 -34.8905 -42.7831 -39.7865 11.3115 32.7354 -19.5501 -32.6568 -38.2918 -40.3010 -40.4359 -40.4283 -40.4194 -40.2655 -38.2477 -32.6071 -19.4552 32.7218 11.2315 -39.8809 -42.7730 -34.8619 -19.0088 30.7973 5.5499 -44.0142 -40.8001 -31.8071 -5.9174 22.7396 -12.8915 -44.0867 -38.0598 -26.1739 28.1407 14.3093 -37.0872 -42.9783 -35.1615 -19.5899 31.2370 6.2813 -43.8508 -41.0708 -32.1894 -8.8901 23.9803 -8.1130 -44.2277 -38.6550 -27.6117 22.1811 16.1845 -32.8958 -43.4268 -35.9612 -21.6157 32.5322 8.8605 -42.8897 -41.7905 -30.4585
-39.1845 -43.3406 7.8713 32.1510 -20.8628 -35.6126 -43.3133 -34.8941 15.2888 25.2338 -27.0100 -38.3750 -44.2365 -10.6256 23.2495 -7.1393 -31.8797 -40.8827 -44.0004 5.4577 30.7386 -19.0044 -34.9197 -42.8881 -38.0741 13.7154 29.4078 -25.7514 -37.8548 -44.0723 -15.0538 22.1633 -4.0833 -31.5403 -40.6217 -44.1146 4.7570 30.3267 -18.5349 -34.7259 -42.7394 -39.6841 11.8602 32.6610 -21.8306 -34.7088 -41.8169 -45.4310 -45.5737 -45.4174 -45.4074 -45.4269 -45.5945 -45.4484 -41.7468 -34.6214 -21.6641 32.7126 11.6845 -39.8795 -42.7159 -34.6635 -18.3739 30.1864 4.5298 -44.1349 -40.5721 -31.4557 -3.3807 21.9537 -15.8596 -44.0767 -37.7768 -25.5785 29.8821 13.4525 -38.4798 -42.8529 -34.8076 -18.7159 30.4844 5.0400 -44.0557 -40.7982 -31.7311 -6.1526 22.8710 -11.9734 -44.2539 -38.2291 -26.6808 26.6767 14.7789 -35.9449 -43.2595 -35.3917 -20.3468 31.8006 7.1563 -43.5868 -39.0188
-42.6294 5.2104 30.5980 -18.8480 -34.7559 -42.9802 -38.6068 13.2678 30.1110 -25.5746 -37.7021 -44.2133 -17.0339 21.3261 -1.9242 -31.1703 -40.4216 -44.2250 3.3735 29.4278 -17.5367 -34.3595 -42.6425 -39.9354 12.4151 31.3990 -24.8202 -37.4121 -44.0263 -19.5393 20.8334 0.2382 -31.0359 -40.2792 -44.2248 3.1502 29.3317 -17.4561 -34.3504 -42.5768 -40.4145 11.5629 32.6059 -22.4379 -35.6641 -43.0500 -44.0681 -14.3877 1.1678 2.3595 1.9499 1.7019 0.5010 -17.3335 -43.9199 -42.8930 -35.3960 -22.0747 32.8519 11.2178 -40.7673 -42.5231 -34.2145 -17.0667 28.9838 2.5776 -44.2622 -40.1641 -30.8502 2.1446 20.3066 -21.2516 -44.0216 -37.2317 -24.4193 31.9612 11.8413 -40.6079 -42.5416 -34.1050 -16.8132 28.7719 2.2878 -44.3327 -40.2030 -30.8223 1.4004 20.3358 -20.3595 -44.2161 -37.3471 -24.7966 31.6328 12.1442 -40.1624 -42.7728 -34.2202 -17.4386 29.3126 3.1891 -42.9194
-3.0573 26.4654 -14.1544 -33.1302 -42.1409 -42.4502 9.6811 32.8061 -22.9021 -36.4409 -43.9947 -28.0363 17.9265 11.9307 -29.5069 -39.5297 -44.5096 -1.2043 26.8766 -14.4890 -33.3639 -42.1271 -42.1663 10.1627 32.7469 -23.1557 -36.6347 -43.8815 -26.5949 18.5590 9.4610 -29.9017 -39.6932 -44.3560 0.1170 27.5811 -15.4249 -33.6869 -42.2415 -41.7687 10.3852 32.7696 -22.2510 -35.8819 -43.3879 -41.9237 4.2357 18.9628 25.4753 25.6694 25.3224 24.9945 24.4085 17.6546 2.8899 -42.3443 -43.1293 -35.4439 -21.6669 32.7244 9.6794 -42.2968 -42.1001 -33.3839 -14.4147 26.7885 -1.4953 -44.4449 -39.4172 -29.3046 14.3685 17.4667 -29.7028 -43.8080 -36.2103 -22.2227 32.6758 8.8600 -42.9735 -41.8187 -32.7659 -12.2475 25.1527 -4.8663 -44.7021 -38.9459 -28.3015 21.0704 15.8825 -33.6215 -43.7641 -35.5215 -20.8683 31.9020 6.8114 -44.1474 -41.3194 -31.7468 -8.1102 22.5307 -13.4049
17.4761 8.7828 -29.5162 -39.8551 -45.2351 1.2729 27.9570 -17.0041 -33.9581 -42.9740 -39.8470 12.5748 30.6404 -25.7942 -37.7510 -44.6891 -14.4595 21.8259 -5.9316 -31.5663 -41.0169 -44.1163 5.9217 31.3250 -20.0366 -35.2473 -43.4409 -35.4306 15.1546 24.2611 -27.6016 -38.6583 -44.5237 -6.7254 24.6419 -11.1190 -32.5639 -41.5974 -43.3061 7.9605 32.2093 -20.7311 -35.1985 -43.1069 -40.8173 7.3276 26.3081 22.7621 -2.6874 -1.9343 -0.5780 1.7717 5.6984 30.2851 23.2546 5.1341 -42.4745 -42.8587 -34.6797 -19.4862 31.3051 6.3007 -43.8906 -41.1934 -31.8788 -7.5981 22.5612 -12.3468 -44.6024 -37.9663 -26.1058 29.8103 13.0516 -39.2106 -43.0197 -34.2207 -17.4591 28.7827 2.0379 -44.9471 -40.0225 -29.8719 7.5529 18.2454 -27.4636 -44.3814 -36.1060 -22.4067 32.3599 7.9062 -44.3780 -41.4028 -31.4846 -7.3789 21.6712 -16.5565 -45.0194 -36.8888 -24.1767 32.0210 8.8446
