0.2993 0.5028 0.4190 0.1620 0.1576 0.2285 0.4008 0.4988 0.2722 0.1486 0.1819 0.2956 0.4991 0.4272 0.1645 0.1563 0.2241 0.3916 0.5020 0.2866 0.1488 0.1792 0.2889 0.4940 0.4358 0.1678 0.1550 0.2197 0.3824 0.5046 0.3008 0.1491 0.1767 0.2824 0.4879 0.4440 0.1716 0.1539 0.2155 0.3733 0.5069 0.3148 0.1496 0.1742 0.2761 0.4809 0.4518 0.1766 0.1522 0.2033 0.2802 0.2033 0.1522 0.1766 0.4518 0.4809 0.2761 0.1742 0.1496 0.3148 0.5069 0.3733 0.2155 0.1539 0.1716 0.4440 0.4879 0.2824 0.1767 0.1491 0.3008 0.5046 0.3824 0.2197 0.1550 0.1678 0.4358 0.4940 0.2889 0.1792 0.1488 0.2866 0.5020 0.3916 0.2241 0.1563 0.1645 0.4272 0.4991 0.2956 0.1819 0.1486 0.2722 0.4988 0.4008 0.2285 0.1576 0.1620 0.4190 0.5028 0.2993
0.5028 0.4194 0.1534 0.1486 0.2225 0.3990 0.5009 0.2770 0.1384 0.1742 0.2912 0.4999 0.4309 0.1569 0.1470 0.2178 0.3894 0.5039 0.2917 0.1386 0.1714 0.2843 0.4946 0.4394 0.1607 0.1456 0.2133 0.3799 0.5065 0.3060 0.1390 0.1688 0.2777 0.4882 0.4473 0.1653 0.1443 0.2090 0.3707 0.5087 0.3200 0.1395 0.1662 0.2712 0.4810 0.4549 0.1709 0.1430 0.2032 0.3474 0.4882 0.3474 0.2032 0.1430 0.1709 0.4549 0.4810 0.2712 0.1662 0.1395 0.3200 0.5087 0.3707 0.2090 0.1443 0.1653 0.4473 0.4882 0.2777 0.1688 0.1390 0.3060 0.5065 0.3799 0.2133 0.1456 0.1607 0.4394 0.4946 0.2843 0.1714 0.1386 0.2917 0.5039 0.3894 0.2178 0.1470 0.1569 0.4309 0.4999 0.2912 0.1742 0.1384 0.2770 0.5009 0.3990 0.2225 0.1486 0.1534 0.4194 0.5028
0.4190 0.1534 0.1482 0.2203 0.3931 0.5030 0.2878 0.1386 0.1720 0.2858 0.4957 0.4376 0.1599 0.1458 0.2142 0.3818 0.5059 0.3032 0.1389 0.1693 0.2790 0.4895 0.4457 0.1643 0.1445 0.2098 0.3725 0.5082 0.3172 0.1394 0.1667 0.2725 0.4825 0.4533 0.1697 0.1433 0.2056 0.3634 0.5100 0.3309 0.1401 0.1642 0.2662 0.4746 0.4605 0.1763 0.1422 0.2013 0.3516 0.5110 0.4527 0.5110 0.3516 0.2013 0.1422 0.1763 0.4605 0.4746 0.2662 0.1642 0.1401 0.3309 0.5100 0.3634 0.2056 0.1433 0.1697 0.4533 0.4825 0.2725 0.1667 0.1394 0.3172 0.5082 0.3725 0.2098 0.1445 0.1643 0.4457 0.4895 0.2790 0.1693 0.1389 0.3032 0.5059 0.3818 0.2142 0.1458 0.1599 0.4376 0.4957 0.2858 0.1720 0.1386 0.2878 0.5030 0.3931 0.2203 0.1482 0.1534 0.4190
0.1620 0.1486 0.2203 0.3909 0.5042 0.2956 0.1388 0.1702 0.2809 0.4912 0.4439 0.1632 0.1448 0.2107 0.3744 0.5078 0.3144 0.1393 0.1672 0.2738 0.4840 0.4518 0.1685 0.1435 0.2065 0.3652 0.5097 0.3281 0.1400 0.1647 0.2675 0.4763 0.4591 0.1748 0.1424 0.2024 0.3563 0.5111 0.3414 0.1408 0.1624 0.2614 0.4679 0.4658 0.1827 0.1414 0.1984 0.3471 0.5120 0.3744 0.1749 0.3744 0.5120 0.3471 0.1984 0.1414 0.1827 0.4658 0.4679 0.2614 0.1624 0.1408 0.3414 0.5111 0.3563 0.2024 0.1424 0.1748 0.4591 0.4763 0.2675 0.1647 0.1400 0.3281 0.5097 0.3652 0.2065 0.1435 0.1685 0.4518 0.4840 0.2738 0.1672 0.1393 0.3144 0.5078 0.3744 0.2107 0.1448 0.1632 0.4439 0.4912 0.2809 0.1702 0.1388 0.2956 0.5042 0.3909 0.2203 0.1486 0.1620
0.1576 0.2225 0.3931 0.5042 0.2985 0.1389 0.1689 0.2770 0.4868 0.4493 0.1669 0.1439 0.2074 0.3673 0.5093 0.3254 0.1398 0.1652 0.2688 0.4779 0.4576 0.1734 0.1426 0.2032 0.3581 0.5109 0.3388 0.1406 0.1628 0.2626 0.4697 0.4645 0.1810 0.1416 0.1993 0.3493 0.5119 0.3516 0.1416 0.1606 0.2566 0.4609 0.4708 0.1902 0.1406 0.1954 0.3407 0.5125 0.3678 0.1441 0.1392 0.1441 0.3678 0.5125 0.3407 0.1954 0.1406 0.1902 0.4708 0.4609 0.2566 0.1606 0.1416 0.3516 0.5119 0.3493 0.1993 0.1416 0.1810 0.4645 0.4697 0.2626 0.1628 0.1406 0.3388 0.5109 0.3581 0.2032 0.1426 0.1734 0.4576 0.4779 0.2688 0.1652 0.1398 0.3254 0.5093 0.3673 0.2074 0.1439 0.1669 0.4493 0.4868 0.2770 0.1689 0.1389 0.2985 0.5042 0.3931 0.2225 0.1576
0.2285 0.3990 0.5030 0.2956 0.1389 0.1684 0.2748 0.4836 0.4534 0.1704 0.1431 0.2045 0.3607 0.5105 0.3357 0.1404 0.1633 0.2638 0.4714 0.4631 0.1793 0.1418 0.2000 0.3511 0.5118 0.3490 0.1414 0.1610 0.2578 0.4627 0.4696 0.1881 0.1408 0.1962 0.3425 0.5124 0.3615 0.1425 0.1588 0.2520 0.4536 0.4755 0.1987 0.1400 0.1925 0.3342 0.5125 0.3741 0.1441 0.1521 0.1918 0.1521 0.1441 0.3741 0.5125 0.3342 0.1925 0.1400 0.1987 0.4755 0.4536 0.2520 0.1588 0.1425 0.3615 0.5124 0.3425 0.1962 0.1408 0.1881 0.4696 0.4627 0.2578 0.1610 0.1414 0.3490 0.5118 0.3511 0.2000 0.1418 0.1793 0.4631 0.4714 0.2638 0.1633 0.1404 0.3357 0.5105 0.3607 0.2045 0.1431 0.1704 0.4534 0.4836 0.2748 0.1684 0.1389 0.2956 0.5030 0.3990 0.2285
0.4008 0.5009 0.2878 0.1388 0.1689 0.2748 0.4823 0.4557 0.1732 0.1425 0.2021 0.3549 0.5114 0.3450 0.1411 0.1616 0.2592 0.4646 0.4683 0.1862 0.1410 0.1970 0.3443 0.5123 0.3590 0.1422 0.1593 0.2532 0.4555 0.4743 0.1964 0.1402 0.1933 0.3359 0.5126 0.3710 0.1435 0.1572 0.2475 0.4461 0.4799 0.2082 0.1395 0.1897 0.3277 0.5122 0.3826 0.1451 0.1543 0.2320 0.3335 0.2320 0.1543 0.1451 0.3826 0.5122 0.3277 0.1897 0.1395 0.2082 0.4799 0.4461 0.2475 0.1572 0.1435 0.3710 0.5126 0.3359 0.1933 0.1402 0.1964 0.4743 0.4555 0.2532 0.1593 0.1422 0.3590 0.5123 0.3443 0.1970 0.1410 0.1862 0.4683 0.4646 0.2592 0.1616 0.1411 0.3450 0.5114 0.3549 0.2021 0.1425 0.1732 0.4557 0.4823 0.2748 0.1689 0.1388 0.2878 0.5009 0.4008
0.4988 0.2770 0.1386 0.1702 0.2770 0.4836 0.4557 0.1743 0.1422 0.2006 0.3505 0.5120 0.3530 0.1418 0.1600 0.2549 0.4579 0.4730 0.1941 0.1403 0.1940 0.3376 0.5126 0.3686 0.1432 0.1576 0.2486 0.4480 0.4788 0.2057 0.1396 0.1904 0.3293 0.5124 0.3802 0.1447 0.1556 0.2431 0.4385 0.4840 0.2185 0.1391 0.1869 0.3214 0.5115 0.3913 0.1464 0.1535 0.2358 0.4132 0.5103 0.4132 0.2358 0.1535 0.1464 0.3913 0.5115 0.3214 0.1869 0.1391 0.2185 0.4840 0.4385 0.2431 0.1556 0.1447 0.3802 0.5124 0.3293 0.1904 0.1396 0.2057 0.4788 0.4480 0.2486 0.1576 0.1432 0.3686 0.5126 0.3376 0.1940 0.1403 0.1941 0.4730 0.4579 0.2549 0.1600 0.1418 0.3530 0.5120 0.3505 0.2006 0.1422 0.1743 0.4557 0.4836 0.2770 0.1702 0.1386 0.2770 0.4988
0.2722 0.1384 0.1720 0.2809 0.4868 0.4534 0.1732 0.1422 0.2000 0.3482 0.5122 0.3589 0.1424 0.1587 0.2512 0.4516 0.4771 0.2024 0.1398 0.1912 0.3311 0.5125 0.3779 0.1444 0.1560 0.2442 0.4405 0.4830 0.2158 0.1392 0.1876 0.3230 0.5117 0.3891 0.1461 0.1540 0.2388 0.4308 0.4879 0.2294 0.1387 0.1843 0.3152 0.5104 0.3997 0.1480 0.1522 0.2333 0.4177 0.4969 0.3910 0.4969 0.4177 0.2333 0.1522 0.1480 0.3997 0.5104 0.3152 0.1843 0.1387 0.2294 0.4879 0.4308 0.2388 0.1540 0.1461 0.3891 0.5117 0.3230 0.1876 0.1392 0.2158 0.4830 0.4405 0.2442 0.1560 0.1444 0.3779 0.5125 0.3311 0.1912 0.1398 0.2024 0.4771 0.4516 0.2512 0.1587 0.1424 0.3589 0.5122 0.3482 0.2000 0.1422 0.1732 0.4534 0.4868 0.2809 0.1720 0.1384 0.2722
0.1486 0.1742 0.2858 0.4912 0.4493 0.1704 0.1425 0.2006 0.3482 0.5123 0.3620 0.1429 0.1578 0.2481 0.4460 0.4805 0.2106 0.1394 0.1887 0.3251 0.5120 0.3867 0.1457 0.1544 0.2399 0.4328 0.4869 0.2265 0.1388 0.1850 0.3167 0.5107 0.3976 0.1476 0.1526 0.2347 0.4230 0.4914 0.2407 0.1385 0.1817 0.3091 0.5087 0.4078 0.1498 0.1508 0.2295 0.4127 0.4965 0.2798 0.1446 0.2798 0.4965 0.4127 0.2295 0.1508 0.1498 0.4078 0.5087 0.3091 0.1817 0.1385 0.2407 0.4914 0.4230 0.2347 0.1526 0.1476 0.3976 0.5107 0.3167 0.1850 0.1388 0.2265 0.4869 0.4328 0.2399 0.1544 0.1457 0.3867 0.5120 0.3251 0.1887 0.1394 0.2106 0.4805 0.4460 0.2481 0.1578 0.1429 0.3620 0.5123 0.3482 0.2006 0.1425 0.1704 0.4493 0.4912 0.2858 0.1742 0.1486
0.1819 0.2912 0.4957 0.4439 0.1669 0.1431 0.2021 0.3505 0.5122 0.3620 0.1430 0.1573 0.2462 0.4418 0.4832 0.2180 0.1390 0.1864 0.3197 0.5112 0.3947 0.1471 0.1530 0.2358 0.4250 0.4906 0.2378 0.1386 0.1824 0.3107 0.5092 0.4057 0.1493 0.1512 0.2306 0.4152 0.4947 0.2523 0.1384 0.1792 0.3032 0.5065 0.4155 0.1518 0.1495 0.2257 0.4054 0.4986 0.2717 0.1374 0.1481 0.1374 0.2717 0.4986 0.4054 0.2257 0.1495 0.1518 0.4155 0.5065 0.3032 0.1792 0.1384 0.2523 0.4947 0.4152 0.2306 0.1512 0.1493 0.4057 0.5092 0.3107 0.1824 0.1386 0.2378 0.4906 0.4250 0.2358 0.1530 0.1471 0.3947 0.5112 0.3197 0.1864 0.1390 0.2180 0.4832 0.4418 0.2462 0.1573 0.1430 0.3620 0.5122 0.3505 0.2021 0.1431 0.1669 0.4439 0.4957 0.2912 0.1819
0.2956 0.4999 0.4376 0.1632 0.1439 0.2045 0.3549 0.5120 0.3589 0.1429 0.1573 0.2456 0.4396 0.4849 0.2237 0.1388 0.1846 0.3149 0.5102 0.4017 0.1485 0.1517 0.2320 0.4175 0.4939 0.2493 0.1384 0.1798 0.3047 0.5071 0.4136 0.1512 0.1499 0.2267 0.4075 0.4977 0.2640 0.1383 0.1768 0.2975 0.5037 0.4229 0.1540 0.1483 0.2219 0.3978 0.5012 0.2796 0.1383 0.1678 0.2222 0.1678 0.1383 0.2796 0.5012 0.3978 0.2219 0.1483 0.1540 0.4229 0.5037 0.2975 0.1768 0.1383 0.2640 0.4977 0.4075 0.2267 0.1499 0.1512 0.4136 0.5071 0.3047 0.1798 0.1384 0.2493 0.4939 0.4175 0.2320 0.1517 0.1485 0.4017 0.5102 0.3149 0.1846 0.1388 0.2237 0.4849 0.4396 0.2456 0.1573 0.1429 0.3589 0.5120 0.3549 0.2045 0.1439 0.1632 0.4376 0.4999 0.2956
0.4991 0.4309 0.1599 0.1448 0.2074 0.3607 0.5114 0.3530 0.1424 0.1578 0.2462 0.4396 0.4854 0.2268 0.1387 0.1832 0.3112 0.5090 0.4076 0.1500 0.1506 0.2285 0.4106 0.4968 0.2606 0.1383 0.1774 0.2989 0.5045 0.4211 0.1534 0.1486 0.2228 0.3998 0.5005 0.2757 0.1384 0.1745 0.2918 0.5003 0.4301 0.1566 0.1471 0.2182 0.3902 0.5036 0.2905 0.1386 0.1705 0.2733 0.3990 0.2733 0.1705 0.1386 0.2905 0.5036 0.3902 0.2182 0.1471 0.1566 0.4301 0.5003 0.2918 0.1745 0.1384 0.2757 0.5005 0.3998 0.2228 0.1486 0.1534 0.4211 0.5045 0.2989 0.1774 0.1383 0.2606 0.4968 0.4106 0.2285 0.1506 0.1500 0.4076 0.5090 0.3112 0.1832 0.1387 0.2268 0.4854 0.4396 0.2462 0.1578 0.1424 0.3530 0.5114 0.3607 0.2074 0.1448 0.1599 0.4309 0.4991
0.4272 0.1569 0.1458 0.2107 0.3673 0.5105 0.3450 0.1418 0.1587 0.2481 0.4418 0.4849 0.2268 0.1387 0.1825 0.3089 0.5080 0.4123 0.1513 0.1496 0.2255 0.4044 0.4992 0.2710 0.1384 0.1752 0.2935 0.5012 0.4283 0.1559 0.1474 0.2191 0.3921 0.5030 0.2874 0.1385 0.1722 0.2863 0.4962 0.4369 0.1595 0.1460 0.2146 0.3827 0.5057 0.3019 0.1389 0.1693 0.2773 0.4781 0.5005 0.4781 0.2773 0.1693 0.1389 0.3019 0.5057 0.3827 0.2146 0.1460 0.1595 0.4369 0.4962 0.2863 0.1722 0.1385 0.2874 0.5030 0.3921 0.2191 0.1474 0.1559 0.4283 0.5012 0.2935 0.1752 0.1384 0.2710 0.4992 0.4044 0.2255 0.1496 0.1513 0.4123 0.5080 0.3089 0.1825 0.1387 0.2268 0.4849 0.4418 0.2481 0.1587 0.1418 0.3450 0.5105 0.3673 0.2107 0.1458 0.1569 0.4272
0.1645 0.1470 0.2142 0.3744 0.5093 0.3357 0.1411 0.1600 0.2512 0.4460 0.4832 0.2237 0.1387 0.1825 0.3081 0.5075 0.4153 0.1524 0.1489 0.2230 0.3987 0.5012 0.2802 0.1384 0.1732 0.2884 0.4976 0.4349 0.1587 0.1463 0.2155 0.3846 0.5052 0.2989 0.1388 0.1701 0.2810 0.4914 0.4434 0.1629 0.1449 0.2111 0.3752 0.5076 0.3131 0.1393 0.1674 0.2740 0.4820 0.4616 0.3032 0.4616 0.4820 0.2740 0.1674 0.1393 0.3131 0.5076 0.3752 0.2111 0.1449 0.1629 0.4434 0.4914 0.2810 0.1701 0.1388 0.2989 0.5052 0.3846 0.2155 0.1463 0.1587 0.4349 0.4976 0.2884 0.1732 0.1384 0.2802 0.5012 0.3987 0.2230 0.1489 0.1524 0.4153 0.5075 0.3081 0.1825 0.1387 0.2237 0.4832 0.4460 0.2512 0.1600 0.1411 0.3357 0.5093 0.3744 0.2142 0.1470 0.1645
0.1563 0.2178 0.3818 0.5078 0.3254 0.1404 0.1616 0.2549 0.4516 0.4805 0.2180 0.1388 0.1832 0.3089 0.5075 0.4163 0.1529 0.1484 0.2211 0.3943 0.5028 0.2884 0.1386 0.1715 0.2839 0.4938 0.4408 0.1617 0.1452 0.2120 0.3771 0.5071 0.3102 0.1391 0.1680 0.2757 0.4861 0.4496 0.1669 0.1439 0.2077 0.3679 0.5092 0.3241 0.1397 0.1655 0.2693 0.4781 0.4592 0.1855 0.1362 0.1855 0.4592 0.4781 0.2693 0.1655 0.1397 0.3241 0.5092 0.3679 0.2077 0.1439 0.1669 0.4496 0.4861 0.2757 0.1680 0.1391 0.3102 0.5071 0.3771 0.2120 0.1452 0.1617 0.4408 0.4938 0.2839 0.1715 0.1386 0.2884 0.5028 0.3943 0.2211 0.1484 0.1529 0.4163 0.5075 0.3089 0.1832 0.1388 0.2180 0.4805 0.4516 0.2549 0.1616 0.1404 0.3254 0.5078 0.3818 0.2178 0.1563
0.2241 0.3894 0.5059 0.3144 0.1398 0.1633 0.2592 0.4579 0.4771 0.2106 0.1390 0.1846 0.3112 0.5080 0.4153 0.1529 0.1483 0.2202 0.3915 0.5039 0.2950 0.1388 0.1700 0.2800 0.4899 0.4459 0.1648 0.1443 0.2088 0.3700 0.5088 0.3212 0.1396 0.1660 0.2706 0.4802 0.4555 0.1715 0.1430 0.2044 0.3607 0.5105 0.3348 0.1403 0.1635 0.2644 0.4721 0.4629 0.1810 0.1392 0.1622 0.1392 0.1810 0.4629 0.4721 0.2644 0.1635 0.1403 0.3348 0.5105 0.3607 0.2044 0.1430 0.1715 0.4555 0.4802 0.2706 0.1660 0.1396 0.3212 0.5088 0.3700 0.2088 0.1443 0.1648 0.4459 0.4899 0.2800 0.1700 0.1388 0.2950 0.5039 0.3915 0.2202 0.1483 0.1529 0.4153 0.5080 0.3112 0.1846 0.1390 0.2106 0.4771 0.4579 0.2592 0.1633 0.1398 0.3144 0.5059 0.3894 0.2241
0.3916 0.5039 0.3032 0.1393 0.1652 0.2638 0.4646 0.4730 0.2024 0.1394 0.1864 0.3149 0.5090 0.4123 0.1524 0.1484 0.2202 0.3905 0.5044 0.2991 0.1389 0.1688 0.2767 0.4861 0.4505 0.1680 0.1435 0.2060 0.3636 0.5101 0.3315 0.1402 0.1640 0.2657 0.4739 0.4611 0.1770 0.1421 0.2012 0.3537 0.5115 0.3453 0.1411 0.1617 0.2596 0.4653 0.4678 0.1859 0.1406 0.1896 0.2616 0.1896 0.1406 0.1859 0.4678 0.4653 0.2596 0.1617 0.1411 0.3453 0.5115 0.3537 0.2012 0.1421 0.1770 0.4611 0.4739 0.2657 0.1640 0.1402 0.3315 0.5101 0.3636 0.2060 0.1435 0.1680 0.4505 0.4861 0.2767 0.1688 0.1389 0.2991 0.5044 0.3905 0.2202 0.1484 0.1524 0.4123 0.5090 0.3149 0.1864 0.1394 0.2024 0.4730 0.4646 0.2638 0.1652 0.1393 0.3032 0.5039 0.3916
0.5020 0.2917 0.1389 0.1672 0.2688 0.4714 0.4683 0.1941 0.1398 0.1887 0.3197 0.5102 0.4076 0.1513 0.1489 0.2211 0.3915 0.5044 0.3006 0.1390 0.1681 0.2744 0.4831 0.4541 0.1713 0.1429 0.2036 0.3580 0.5110 0.3408 0.1408 0.1623 0.2610 0.4672 0.4664 0.1835 0.1413 0.1981 0.3468 0.5122 0.3553 0.1419 0.1599 0.2549 0.4582 0.4726 0.1933 0.1403 0.1929 0.3250 0.4669 0.3250 0.1929 0.1403 0.1933 0.4726 0.4582 0.2549 0.1599 0.1419 0.3553 0.5122 0.3468 0.1981 0.1413 0.1835 0.4664 0.4672 0.2610 0.1623 0.1408 0.3408 0.5110 0.3580 0.2036 0.1429 0.1713 0.4541 0.4831 0.2744 0.1681 0.1390 0.3006 0.5044 0.3915 0.2211 0.1489 0.1513 0.4076 0.5102 0.3197 0.1887 0.1398 0.1941 0.4683 0.4714 0.2688 0.1672 0.1389 0.2917 0.5020
0.2866 0.1386 0.1693 0.2738 0.4779 0.4631 0.1862 0.1403 0.1912 0.3251 0.5112 0.4017 0.1500 0.1496 0.2230 0.3943 0.5039 0.2991 0.1390 0.1678 0.2732 0.4810 0.4567 0.1741 0.1423 0.2015 0.3531 0.5117 0.3489 0.1414 0.1608 0.2568 0.4606 0.4712 0.1910 0.1406 0.1951 0.3400 0.5125 0.3651 0.1429 0.1582 0.2503 0.4508 0.4772 0.2021 0.1398 0.1912 0.3290 0.5098 0.4700 0.5098 0.3290 0.1912 0.1398 0.2021 0.4772 0.4508 0.2503 0.1582 0.1429 0.3651 0.5125 0.3400 0.1951 0.1406 0.1910 0.4712 0.4606 0.2568 0.1608 0.1414 0.3489 0.5117 0.3531 0.2015 0.1423 0.1741 0.4567 0.4810 0.2732 0.1678 0.1390 0.2991 0.5039 0.3943 0.2230 0.1496 0.1500 0.4017 0.5112 0.3251 0.1912 0.1403 0.1862 0.4631 0.4779 0.2738 0.1693 0.1386 0.2866
0.1488 0.1714 0.2790 0.4840 0.4576 0.1793 0.1410 0.1940 0.3311 0.5120 0.3947 0.1485 0.1506 0.2255 0.3987 0.5028 0.2950 0.1389 0.1681 0.2732 0.4802 0.4580 0.1760 0.1420 0.1999 0.3491 0.5121 0.3558 0.1421 0.1594 0.2530 0.4545 0.4754 0.1990 0.1400 0.1922 0.3334 0.5125 0.3745 0.1440 0.1566 0.2458 0.4433 0.4815 0.2119 0.1393 0.1886 0.3248 0.5114 0.4034 0.2026 0.4034 0.5114 0.3248 0.1886 0.1393 0.2119 0.4815 0.4433 0.2458 0.1566 0.1440 0.3745 0.5125 0.3334 0.1922 0.1400 0.1990 0.4754 0.4545 0.2530 0.1594 0.1421 0.3558 0.5121 0.3491 0.1999 0.1420 0.1760 0.4580 0.4802 0.2732 0.1681 0.1389 0.2950 0.5028 0.3987 0.2255 0.1506 0.1485 0.3947 0.5120 0.3311 0.1940 0.1410 0.1793 0.4576 0.4840 0.2790 0.1714 0.1488
0.1792 0.2843 0.4895 0.4518 0.1734 0.1418 0.1970 0.3376 0.5125 0.3867 0.1471 0.1517 0.2285 0.4044 0.5012 0.2884 0.1388 0.1688 0.2744 0.4810 0.4580 0.1766 0.1418 0.1989 0.3463 0.5123 0.3613 0.1427 0.1582 0.2496 0.4488 0.4789 0.2069 0.1395 0.1896 0.3272 0.5122 0.3835 0.1452 0.1550 0.2415 0.4356 0.4855 0.2225 0.1389 0.1859 0.3190 0.5110 0.3978 0.1496 0.1372 0.1496 0.3978 0.5110 0.3190 0.1859 0.1389 0.2225 0.4855 0.4356 0.2415 0.1550 0.1452 0.3835 0.5122 0.3272 0.1896 0.1395 0.2069 0.4789 0.4488 0.2496 0.1582 0.1427 0.3613 0.5123 0.3463 0.1989 0.1418 0.1766 0.4580 0.4810 0.2744 0.1688 0.1388 0.2884 0.5012 0.4044 0.2285 0.1517 0.1471 0.3867 0.5125 0.3376 0.1970 0.1418 0.1734 0.4518 0.4895 0.2843 0.1792
0.2889 0.4946 0.4457 0.1685 0.1426 0.2000 0.3443 0.5126 0.3779 0.1457 0.1530 0.2320 0.4106 0.4992 0.2802 0.1386 0.1700 0.2767 0.4831 0.4567 0.1760 0.1418 0.1985 0.3448 0.5125 0.3652 0.1432 0.1573 0.2468 0.4437 0.4819 0.2146 0.1392 0.1873 0.3216 0.5115 0.3918 0.1466 0.1535 0.2373 0.4279 0.4892 0.2335 0.1386 0.1833 0.3129 0.5098 0.4033 0.1492 0.1476 0.1824 0.1476 0.1492 0.4033 0.5098 0.3129 0.1833 0.1386 0.2335 0.4892 0.4279 0.2373 0.1535 0.1466 0.3918 0.5115 0.3216 0.1873 0.1392 0.2146 0.4819 0.4437 0.2468 0.1573 0.1432 0.3652 0.5125 0.3448 0.1985 0.1418 0.1760 0.4567 0.4831 0.2767 0.1700 0.1386 0.2802 0.4992 0.4106 0.2320 0.1530 0.1457 0.3779 0.5126 0.3443 0.2000 0.1426 0.1685 0.4457 0.4946 0.2889
0.4940 0.4394 0.1643 0.1435 0.2032 0.3511 0.5123 0.3686 0.1444 0.1544 0.2358 0.4175 0.4968 0.2710 0.1384 0.1715 0.2800 0.4861 0.4541 0.1741 0.1420 0.1989 0.3448 0.5125 0.3673 0.1435 0.1567 0.2447 0.4394 0.4845 0.2216 0.1389 0.1853 0.3167 0.5106 0.3992 0.1480 0.1522 0.2333 0.4202 0.4927 0.2450 0.1384 0.1808 0.3069 0.5079 0.4108 0.1506 0.1496 0.2187 0.3115 0.2187 0.1496 0.1506 0.4108 0.5079 0.3069 0.1808 0.1384 0.2450 0.4927 0.4202 0.2333 0.1522 0.1480 0.3992 0.5106 0.3167 0.1853 0.1389 0.2216 0.4845 0.4394 0.2447 0.1567 0.1435 0.3673 0.5125 0.3448 0.1989 0.1420 0.1741 0.4541 0.4861 0.2800 0.1715 0.1384 0.2710 0.4968 0.4175 0.2358 0.1544 0.1444 0.3686 0.5123 0.3511 0.2032 0.1435 0.1643 0.4394 0.4940
0.4358 0.1607 0.1445 0.2065 0.3581 0.5118 0.3590 0.1432 0.1560 0.2399 0.4250 0.4939 0.2606 0.1384 0.1732 0.2839 0.4899 0.4505 0.1713 0.1423 0.1999 0.3463 0.5125 0.3673 0.1437 0.1563 0.2434 0.4364 0.4863 0.2275 0.1387 0.1836 0.3125 0.5094 0.4056 0.1494 0.1510 0.2297 0.4130 0.4958 0.2565 0.1383 0.1783 0.3011 0.5055 0.4183 0.1526 0.1489 0.2224 0.3874 0.5069 0.3874 0.2224 0.1489 0.1526 0.4183 0.5055 0.3011 0.1783 0.1383 0.2565 0.4958 0.4130 0.2297 0.1510 0.1494 0.4056 0.5094 0.3125 0.1836 0.1387 0.2275 0.4863 0.4364 0.2434 0.1563 0.1437 0.3673 0.5125 0.3463 0.1999 0.1423 0.1713 0.4505 0.4899 0.2839 0.1732 0.1384 0.2606 0.4939 0.4250 0.2399 0.1560 0.1432 0.3590 0.5118 0.3581 0.2065 0.1445 0.1607 0.4358
0.1678 0.1456 0.2098 0.3652 0.5109 0.3490 0.1422 0.1576 0.2442 0.4328 0.4906 0.2493 0.1383 0.1752 0.2884 0.4938 0.4459 0.1680 0.1429 0.2015 0.3491 0.5123 0.3652 0.1435 0.1563 0.2430 0.4349 0.4874 0.2318 0.1386 0.1823 0.3091 0.5083 0.4110 0.1509 0.1499 0.2265 0.4065 0.4984 0.2674 0.1383 0.1760 0.2954 0.5025 0.4256 0.1549 0.1478 0.2202 0.3918 0.5048 0.4174 0.5048 0.3918 0.2202 0.1478 0.1549 0.4256 0.5025 0.2954 0.1760 0.1383 0.2674 0.4984 0.4065 0.2265 0.1499 0.1509 0.4110 0.5083 0.3091 0.1823 0.1386 0.2318 0.4874 0.4349 0.2430 0.1563 0.1435 0.3652 0.5123 0.3491 0.2015 0.1429 0.1680 0.4459 0.4938 0.2884 0.1752 0.1383 0.2493 0.4906 0.4328 0.2442 0.1576 0.1422 0.3490 0.5109 0.3652 0.2098 0.1456 0.1678
0.1550 0.2133 0.3725 0.5097 0.3388 0.1414 0.1593 0.2486 0.4405 0.4869 0.2378 0.1384 0.1774 0.2935 0.4976 0.4408 0.1648 0.1435 0.2036 0.3531 0.5121 0.3613 0.1432 0.1567 0.2434 0.4349 0.4878 0.2339 0.1385 0.1814 0.3065 0.5072 0.4153 0.1522 0.1491 0.2237 0.4006 0.5005 0.2772 0.1384 0.1738 0.2900 0.4989 0.4326 0.1576 0.1467 0.2168 0.3868 0.5049 0.3183 0.1519 0.3183 0.5049 0.3868 0.2168 0.1467 0.1576 0.4326 0.4989 0.2900 0.1738 0.1384 0.2772 0.5005 0.4006 0.2237 0.1491 0.1522 0.4153 0.5072 0.3065 0.1814 0.1385 0.2339 0.4878 0.4349 0.2434 0.1567 0.1432 0.3613 0.5121 0.3531 0.2036 0.1435 0.1648 0.4408 0.4976 0.2935 0.1774 0.1384 0.2378 0.4869 0.4405 0.2486 0.1593 0.1414 0.3388 0.5097 0.3725 0.2133 0.1550
0.2197 0.3799 0.5082 0.3281 0.1406 0.1610 0.2532 0.4480 0.4830 0.2265 0.1386 0.1798 0.2989 0.5012 0.4349 0.1617 0.1443 0.2060 0.3580 0.5117 0.3558 0.1427 0.1573 0.2447 0.4364 0.4874 0.2339 0.1385 0.1809 0.3048 0.5063 0.4185 0.1533 0.1484 0.2213 0.3953 0.5023 0.2860 0.1385 0.1720 0.2851 0.4949 0.4391 0.1606 0.1456 0.2133 0.3798 0.5065 0.3106 0.1389 0.1441 0.1389 0.3106 0.5065 0.3798 0.2133 0.1456 0.1606 0.4391 0.4949 0.2851 0.1720 0.1385 0.2860 0.5023 0.3953 0.2213 0.1484 0.1533 0.4185 0.5063 0.3048 0.1809 0.1385 0.2339 0.4874 0.4364 0.2447 0.1573 0.1427 0.3558 0.5117 0.3580 0.2060 0.1443 0.1617 0.4349 0.5012 0.2989 0.1798 0.1386 0.2265 0.4830 0.4480 0.2532 0.1610 0.1406 0.3281 0.5082 0.3799 0.2197
0.3824 0.5065 0.3172 0.1400 0.1628 0.2578 0.4555 0.4788 0.2158 0.1388 0.1824 0.3047 0.5045 0.4283 0.1587 0.1452 0.2088 0.3636 0.5110 0.3489 0.1421 0.1582 0.2468 0.4394 0.4863 0.2318 0.1385 0.1809 0.3043 0.5058 0.4205 0.1541 0.1479 0.2195 0.3911 0.5038 0.2937 0.1387 0.1703 0.2809 0.4908 0.4448 0.1639 0.1446 0.2099 0.3726 0.5082 0.3180 0.1394 0.1612 0.2097 0.1612 0.1394 0.3180 0.5082 0.3726 0.2099 0.1446 0.1639 0.4448 0.4908 0.2809 0.1703 0.1387 0.2937 0.5038 0.3911 0.2195 0.1479 0.1541 0.4205 0.5058 0.3043 0.1809 0.1385 0.2318 0.4863 0.4394 0.2468 0.1582 0.1421 0.3489 0.5110 0.3636 0.2088 0.1452 0.1587 0.4283 0.5045 0.3047 0.1824 0.1388 0.2158 0.4788 0.4555 0.2578 0.1628 0.1400 0.3172 0.5065 0.3824
0.5046 0.3060 0.1394 0.1647 0.2626 0.4627 0.4743 0.2057 0.1392 0.1850 0.3107 0.5071 0.4211 0.1559 0.1463 0.2120 0.3700 0.5101 0.3408 0.1414 0.1594 0.2496 0.4437 0.4845 0.2275 0.1386 0.1814 0.3048 0.5058 0.4211 0.1545 0.1476 0.2183 0.3879 0.5049 0.3000 0.1389 0.1690 0.2772 0.4868 0.4496 0.1673 0.1437 0.2069 0.3658 0.5096 0.3281 0.1399 0.1637 0.2565 0.3730 0.2565 0.1637 0.1399 0.3281 0.5096 0.3658 0.2069 0.1437 0.1673 0.4496 0.4868 0.2772 0.1690 0.1389 0.3000 0.5049 0.3879 0.2183 0.1476 0.1545 0.4211 0.5058 0.3048 0.1814 0.1386 0.2275 0.4845 0.4437 0.2496 0.1594 0.1414 0.3408 0.5101 0.3700 0.2120 0.1463 0.1559 0.4211 0.5071 0.3107 0.1850 0.1392 0.2057 0.4743 0.4627 0.2626 0.1647 0.1394 0.3060 0.5046
0.3008 0.1390 0.1667 0.2675 0.4697 0.4696 0.1964 0.1396 0.1876 0.3167 0.5092 0.4136 0.1534 0.1474 0.2155 0.3771 0.5088 0.3315 0.1408 0.1608 0.2530 0.4488 0.4819 0.2216 0.1387 0.1823 0.3065 0.5063 0.4205 0.1545 0.1475 0.2176 0.3859 0.5056 0.3047 0.1391 0.1679 0.2742 0.4832 0.4537 0.1708 0.1430 0.2041 0.3595 0.5107 0.3379 0.1406 0.1627 0.2605 0.4552 0.5068 0.4552 0.2605 0.1627 0.1406 0.3379 0.5107 0.3595 0.2041 0.1430 0.1708 0.4537 0.4832 0.2742 0.1679 0.1391 0.3047 0.5056 0.3859 0.2176 0.1475 0.1545 0.4205 0.5063 0.3065 0.1823 0.1387 0.2216 0.4819 0.4488 0.2530 0.1608 0.1408 0.3315 0.5088 0.3771 0.2155 0.1474 0.1534 0.4136 0.5092 0.3167 0.1876 0.1396 0.1964 0.4696 0.4697 0.2675 0.1667 0.1390 0.3008
0.1491 0.1688 0.2725 0.4763 0.4645 0.1881 0.1402 0.1904 0.3230 0.5107 0.4057 0.1512 0.1486 0.2191 0.3846 0.5071 0.3212 0.1402 0.1623 0.2568 0.4545 0.4789 0.2146 0.1389 0.1836 0.3091 0.5072 0.4185 0.1541 0.1476 0.2176 0.3852 0.5059 0.3077 0.1392 0.1670 0.2719 0.4800 0.4570 0.1741 0.1424 0.2018 0.3540 0.5115 0.3468 0.1412 0.1611 0.2576 0.4597 0.4775 0.3394 0.4775 0.4597 0.2576 0.1611 0.1412 0.3468 0.5115 0.3540 0.2018 0.1424 0.1741 0.4570 0.4800 0.2719 0.1670 0.1392 0.3077 0.5059 0.3852 0.2176 0.1476 0.1541 0.4185 0.5072 0.3091 0.1836 0.1389 0.2146 0.4789 0.4545 0.2568 0.1623 0.1402 0.3212 0.5071 0.3846 0.2191 0.1486 0.1512 0.4057 0.5107 0.3230 0.1904 0.1402 0.1881 0.4645 0.4763 0.2725 0.1688 0.1491
0.1767 0.2777 0.4825 0.4591 0.1810 0.1408 0.1933 0.3293 0.5117 0.3976 0.1493 0.1499 0.2228 0.3921 0.5052 0.3102 0.1396 0.1640 0.2610 0.4606 0.4754 0.2069 0.1392 0.1853 0.3125 0.5083 0.4153 0.1533 0.1479 0.2183 0.3859 0.5059 0.3088 0.1393 0.1665 0.2702 0.4775 0.4597 0.1771 0.1419 0.1998 0.3492 0.5121 0.3547 0.1419 0.1597 0.2538 0.4555 0.4758 0.2161 0.1380 0.2161 0.4758 0.4555 0.2538 0.1597 0.1419 0.3547 0.5121 0.3492 0.1998 0.1419 0.1771 0.4597 0.4775 0.2702 0.1665 0.1393 0.3088 0.5059 0.3859 0.2183 0.1479 0.1533 0.4153 0.5083 0.3125 0.1853 0.1392 0.2069 0.4754 0.4606 0.2610 0.1640 0.1396 0.3102 0.5052 0.3921 0.2228 0.1499 0.1493 0.3976 0.5117 0.3293 0.1933 0.1408 0.1810 0.4591 0.4825 0.2777 0.1767
0.2824 0.4882 0.4533 0.1748 0.1416 0.1962 0.3359 0.5124 0.3891 0.1476 0.1512 0.2267 0.3998 0.5030 0.2989 0.1391 0.1660 0.2657 0.4672 0.4712 0.1990 0.1395 0.1873 0.3167 0.5094 0.4110 0.1522 0.1484 0.2195 0.3879 0.5056 0.3077 0.1393 0.1663 0.2693 0.4759 0.4615 0.1795 0.1415 0.1982 0.3453 0.5124 0.3615 0.1426 0.1583 0.2501 0.4497 0.4784 0.2086 0.1376 0.1563 0.1376 0.2086 0.4784 0.4497 0.2501 0.1583 0.1426 0.3615 0.5124 0.3453 0.1982 0.1415 0.1795 0.4615 0.4759 0.2693 0.1663 0.1393 0.3077 0.5056 0.3879 0.2195 0.1484 0.1522 0.4110 0.5094 0.3167 0.1873 0.1395 0.1990 0.4712 0.4672 0.2657 0.1660 0.1391 0.2989 0.5030 0.3998 0.2267 0.1512 0.1476 0.3891 0.5124 0.3359 0.1962 0.1416 0.1748 0.4533 0.4882 0.2824
0.4879 0.4473 0.1697 0.1424 0.1993 0.3425 0.5126 0.3802 0.1461 0.1526 0.2306 0.4075 0.5005 0.2874 0.1388 0.1680 0.2706 0.4739 0.4664 0.1910 0.1400 0.1896 0.3216 0.5106 0.4056 0.1509 0.1491 0.2213 0.3911 0.5049 0.3047 0.1392 0.1665 0.2693 0.4753 0.4624 0.1812 0.1412 0.1970 0.3421 0.5125 0.3670 0.1433 0.1572 0.2469 0.4440 0.4816 0.2140 0.1389 0.1809 0.2460 0.1809 0.1389 0.2140 0.4816 0.4440 0.2469 0.1572 0.1433 0.3670 0.5125 0.3421 0.1970 0.1412 0.1812 0.4624 0.4753 0.2693 0.1665 0.1392 0.3047 0.5049 0.3911 0.2213 0.1491 0.1509 0.4056 0.5106 0.3216 0.1896 0.1400 0.1910 0.4664 0.4739 0.2706 0.1680 0.1388 0.2874 0.5005 0.4075 0.2306 0.1526 0.1461 0.3802 0.5126 0.3425 0.1993 0.1424 0.1697 0.4473 0.4879
0.4440 0.1653 0.1433 0.2024 0.3493 0.5124 0.3710 0.1447 0.1540 0.2347 0.4152 0.4977 0.2757 0.1385 0.1701 0.2757 0.4802 0.4611 0.1835 0.1406 0.1922 0.3272 0.5115 0.3992 0.1494 0.1499 0.2237 0.3953 0.5038 0.3000 0.1391 0.1670 0.2702 0.4759 0.4624 0.1818 0.1411 0.1962 0.3399 0.5126 0.3714 0.1439 0.1563 0.2441 0.4389 0.4845 0.2213 0.1389 0.1843 0.3053 0.4435 0.3053 0.1843 0.1389 0.2213 0.4845 0.4389 0.2441 0.1563 0.1439 0.3714 0.5126 0.3399 0.1962 0.1411 0.1818 0.4624 0.4759 0.2702 0.1670 0.1391 0.3000 0.5038 0.3953 0.2237 0.1499 0.1494 0.3992 0.5115 0.3272 0.1922 0.1406 0.1835 0.4611 0.4802 0.2757 0.1701 0.1385 0.2757 0.4977 0.4152 0.2347 0.1540 0.1447 0.3710 0.5124 0.3493 0.2024 0.1433 0.1653 0.4440
0.1716 0.1443 0.2056 0.3563 0.5119 0.3615 0.1435 0.1556 0.2388 0.4230 0.4947 0.2640 0.1384 0.1722 0.2810 0.4861 0.4555 0.1770 0.1413 0.1951 0.3334 0.5122 0.3918 0.1480 0.1510 0.2265 0.4006 0.5023 0.2937 0.1389 0.1679 0.2719 0.4775 0.4615 0.1812 0.1411 0.1959 0.3387 0.5126 0.3745 0.1444 0.1556 0.2418 0.4345 0.4869 0.2286 0.1387 0.1834 0.3104 0.5042 0.4830 0.5042 0.3104 0.1834 0.1387 0.2286 0.4869 0.4345 0.2418 0.1556 0.1444 0.3745 0.5126 0.3387 0.1959 0.1411 0.1812 0.4615 0.4775 0.2719 0.1679 0.1389 0.2937 0.5023 0.4006 0.2265 0.1510 0.1480 0.3918 0.5122 0.3334 0.1951 0.1413 0.1770 0.4555 0.4861 0.2810 0.1722 0.1384 0.2640 0.4947 0.4230 0.2388 0.1556 0.1435 0.3615 0.5119 0.3563 0.2056 0.1443 0.1716
0.1539 0.2090 0.3634 0.5111 0.3516 0.1425 0.1572 0.2431 0.4308 0.4914 0.2523 0.1383 0.1745 0.2863 0.4914 0.4496 0.1715 0.1421 0.1981 0.3400 0.5125 0.3835 0.1466 0.1522 0.2297 0.4065 0.5005 0.2860 0.1387 0.1690 0.2742 0.4800 0.4597 0.1795 0.1412 0.1962 0.3387 0.5126 0.3761 0.1447 0.1550 0.2402 0.4309 0.4889 0.2350 0.1386 0.1819 0.3082 0.5071 0.4255 0.2349 0.4255 0.5071 0.3082 0.1819 0.1386 0.2350 0.4889 0.4309 0.2402 0.1550 0.1447 0.3761 0.5126 0.3387 0.1962 0.1412 0.1795 0.4597 0.4800 0.2742 0.1690 0.1387 0.2860 0.5005 0.4065 0.2297 0.1522 0.1466 0.3835 0.5125 0.3400 0.1981 0.1421 0.1715 0.4496 0.4914 0.2863 0.1745 0.1383 0.2523 0.4914 0.4308 0.2431 0.1572 0.1425 0.3516 0.5111 0.3634 0.2090 0.1539
0.2155 0.3707 0.5100 0.3414 0.1416 0.1588 0.2475 0.4385 0.4879 0.2407 0.1384 0.1768 0.2918 0.4962 0.4434 0.1669 0.1430 0.2012 0.3468 0.5125 0.3745 0.1452 0.1535 0.2333 0.4130 0.4984 0.2772 0.1385 0.1703 0.2772 0.4832 0.4570 0.1771 0.1415 0.1970 0.3399 0.5126 0.3761 0.1448 0.1548 0.2391 0.4283 0.4903 0.2403 0.1385 0.1805 0.3049 0.5065 0.4190 0.1564 0.1362 0.1564 0.4190 0.5065 0.3050 0.1805 0.1385 0.2403 0.4903 0.4283 0.2391 0.1548 0.1448 0.3761 0.5126 0.3399 0.1970 0.1415 0.1771 0.4570 0.4832 0.2772 0.1703 0.1385 0.2772 0.4984 0.4130 0.2333 0.1535 0.1452 0.3745 0.5125 0.3468 0.2012 0.1430 0.1669 0.4434 0.4962 0.2918 0.1768 0.1384 0.2407 0.4879 0.4385 0.2475 0.1588 0.1416 0.3414 0.5100 0.3707 0.2155
0.3733 0.5087 0.3309 0.1408 0.1606 0.2520 0.4461 0.4840 0.2294 0.1385 0.1792 0.2975 0.5003 0.4369 0.1629 0.1439 0.2044 0.3537 0.5122 0.3651 0.1440 0.1550 0.2373 0.4202 0.4958 0.2674 0.1384 0.1720 0.2809 0.4868 0.4537 0.1741 0.1419 0.1982 0.3421 0.5126 0.3745 0.1447 0.1548 0.2387 0.4269 0.4912 0.2442 0.1384 0.1794 0.3019 0.5052 0.4212 0.1545 0.1446 0.1756 0.1446 0.1545 0.4212 0.5053 0.3020 0.1794 0.1384 0.2442 0.4912 0.4269 0.2387 0.1548 0.1447 0.3745 0.5126 0.3421 0.1982 0.1419 0.1741 0.4537 0.4868 0.2809 0.1720 0.1384 0.2674 0.4958 0.4202 0.2373 0.1550 0.1440 0.3651 0.5122 0.3537 0.2044 0.1439 0.1629 0.4369 0.5003 0.2975 0.1792 0.1385 0.2294 0.4840 0.4461 0.2520 0.1606 0.1408 0.3309 0.5087 0.3733
0.5069 0.3200 0.1401 0.1624 0.2566 0.4536 0.4799 0.2185 0.1387 0.1817 0.3032 0.5037 0.4301 0.1595 0.1449 0.2077 0.3607 0.5115 0.3553 0.1429 0.1566 0.2415 0.4279 0.4927 0.2565 0.1383 0.1738 0.2851 0.4908 0.4496 0.1708 0.1424 0.1998 0.3453 0.5125 0.3714 0.1444 0.1550 0.2391 0.4269 0.4915 0.2462 0.1384 0.1786 0.2997 0.5040 0.4244 0.1552 0.1468 0.2100 0.2963 0.2100 0.1468 0.1552 0.4243 0.5040 0.2998 0.1786 0.1384 0.2462 0.4915 0.4269 0.2391 0.1550 0.1444 0.3714 0.5125 0.3453 0.1998 0.1424 0.1708 0.4496 0.4908 0.2851 0.1738 0.1383 0.2565 0.4927 0.4279 0.2415 0.1566 0.1429 0.3553 0.5115 0.3607 0.2077 0.1449 0.1595 0.4301 0.5037 0.3032 0.1817 0.1387 0.2185 0.4799 0.4536 0.2566 0.1624 0.1401 0.3200 0.5069
0.3148 0.1395 0.1642 0.2614 0.4609 0.4755 0.2082 0.1391 0.1843 0.3091 0.5065 0.4229 0.1566 0.1460 0.2111 0.3679 0.5105 0.3453 0.1419 0.1582 0.2458 0.4356 0.4892 0.2450 0.1383 0.1760 0.2900 0.4949 0.4448 0.1673 0.1430 0.2018 0.3492 0.5124 0.3670 0.1439 0.1556 0.2402 0.4283 0.4912 0.2462 0.1384 0.1781 0.2983 0.5030 0.4271 0.1563 0.1468 0.2151 0.3712 0.5013 0.3712 0.2151 0.1468 0.1562 0.4269 0.5031 0.2984 0.1782 0.1384 0.2462 0.4912 0.4283 0.2402 0.1556 0.1439 0.3670 0.5124 0.3492 0.2018 0.1430 0.1673 0.4448 0.4949 0.2900 0.1760 0.1383 0.2450 0.4892 0.4356 0.2458 0.1582 0.1419 0.3453 0.5105 0.3679 0.2111 0.1460 0.1566 0.4229 0.5065 0.3091 0.1843 0.1391 0.2082 0.4755 0.4609 0.2614 0.1642 0.1395 0.3148
0.1496 0.1662 0.2662 0.4679 0.4708 0.1987 0.1395 0.1869 0.3152 0.5087 0.4155 0.1540 0.1471 0.2146 0.3752 0.5092 0.3348 0.1411 0.1599 0.2503 0.4433 0.4855 0.2335 0.1384 0.1783 0.2954 0.4989 0.4391 0.1639 0.1437 0.2041 0.3540 0.5121 0.3615 0.1433 0.1563 0.2418 0.4309 0.4903 0.2442 0.1384 0.1781 0.2978 0.5025 0.4286 0.1571 0.1465 0.2147 0.3785 0.5080 0.4313 0.5080 0.3790 0.2151 0.1466 0.1570 0.4284 0.5025 0.2981 0.1782 0.1384 0.2442 0.4903 0.4309 0.2418 0.1563 0.1433 0.3615 0.5121 0.3540 0.2041 0.1437 0.1639 0.4391 0.4989 0.2954 0.1783 0.1384 0.2335 0.4855 0.4433 0.2503 0.1599 0.1411 0.3348 0.5092 0.3752 0.2146 0.1471 0.1540 0.4155 0.5087 0.3152 0.1869 0.1395 0.1987 0.4708 0.4679 0.2662 0.1662 0.1496
0.1742 0.2712 0.4746 0.4658 0.1902 0.1400 0.1897 0.3214 0.5104 0.4078 0.1518 0.1483 0.2182 0.3827 0.5076 0.3241 0.1403 0.1617 0.2549 0.4508 0.4815 0.2225 0.1386 0.1808 0.3011 0.5025 0.4326 0.1606 0.1446 0.2069 0.3595 0.5115 0.3547 0.1426 0.1572 0.2441 0.4345 0.4889 0.2403 0.1384 0.1786 0.2983 0.5025 0.4294 0.1578 0.1459 0.2140 0.3781 0.5083 0.3362 0.1568 0.3362 0.5074 0.3820 0.2149 0.1462 0.1572 0.4288 0.5029 0.2985 0.1786 0.1384 0.2403 0.4889 0.4345 0.2441 0.1572 0.1426 0.3547 0.5115 0.3595 0.2069 0.1446 0.1606 0.4326 0.5025 0.3011 0.1808 0.1386 0.2225 0.4815 0.4508 0.2549 0.1617 0.1403 0.3241 0.5076 0.3827 0.2182 0.1483 0.1518 0.4078 0.5104 0.3214 0.1897 0.1400 0.1902 0.4658 0.4746 0.2712 0.1742
0.2761 0.4810 0.4605 0.1827 0.1406 0.1925 0.3277 0.5115 0.3997 0.1498 0.1495 0.2219 0.3902 0.5057 0.3131 0.1397 0.1635 0.2596 0.4582 0.4772 0.2119 0.1389 0.1833 0.3069 0.5055 0.4256 0.1576 0.1456 0.2099 0.3658 0.5107 0.3468 0.1419 0.1583 0.2469 0.4389 0.4869 0.2350 0.1385 0.1794 0.2997 0.5030 0.4288 0.1582 0.1464 0.2136 0.3790 0.5070 0.3242 0.1396 0.1429 0.1396 0.3228 0.5066 0.3789 0.2155 0.1464 0.1572 0.4262 0.5032 0.2998 0.1794 0.1385 0.2350 0.4869 0.4389 0.2469 0.1583 0.1419 0.3468 0.5107 0.3658 0.2099 0.1456 0.1576 0.4256 0.5055 0.3069 0.1833 0.1389 0.2119 0.4772 0.4582 0.2596 0.1635 0.1397 0.3131 0.5057 0.3902 0.2219 0.1495 0.1498 0.3997 0.5115 0.3277 0.1925 0.1406 0.1827 0.4605 0.4810 0.2761
0.4809 0.4549 0.1763 0.1414 0.1954 0.3342 0.5122 0.3913 0.1480 0.1508 0.2257 0.3978 0.5036 0.3019 0.1393 0.1655 0.2644 0.4653 0.4726 0.2021 0.1393 0.1859 0.3129 0.5079 0.4183 0.1549 0.1467 0.2133 0.3726 0.5096 0.3379 0.1412 0.1597 0.2501 0.4440 0.4845 0.2286 0.1386 0.1805 0.3019 0.5040 0.4270 0.1571 0.1463 0.2138 0.3759 0.5082 0.3252 0.1400 0.1597 0.2063 0.1596 0.1400 0.3188 0.5074 0.3776 0.2131 0.1463 0.1557 0.4267 0.5040 0.3020 0.1805 0.1386 0.2286 0.4845 0.4440 0.2501 0.1597 0.1412 0.3379 0.5096 0.3726 0.2133 0.1467 0.1549 0.4183 0.5079 0.3129 0.1859 0.1393 0.2021 0.4726 0.4653 0.2644 0.1655 0.1393 0.3019 0.5036 0.3978 0.2257 0.1508 0.1480 0.3913 0.5122 0.3342 0.1954 0.1414 0.1763 0.4549 0.4809
0.4518 0.1709 0.1422 0.1984 0.3407 0.5125 0.3826 0.1464 0.1522 0.2295 0.4054 0.5012 0.2905 0.1389 0.1674 0.2693 0.4721 0.4678 0.1933 0.1398 0.1886 0.3190 0.5098 0.4108 0.1526 0.1478 0.2168 0.3798 0.5082 0.3281 0.1406 0.1611 0.2538 0.4497 0.4816 0.2213 0.1387 0.1819 0.3049 0.5052 0.4244 0.1563 0.1465 0.2141 0.3757 0.5087 0.3292 0.1405 0.1628 0.2542 0.3687 0.2524 0.1630 0.1397 0.3178 0.5079 0.3756 0.2147 0.1466 0.1562 0.4242 0.5053 0.3050 0.1819 0.1387 0.2213 0.4816 0.4497 0.2538 0.1611 0.1406 0.3281 0.5082 0.3798 0.2168 0.1478 0.1526 0.4108 0.5098 0.3190 0.1886 0.1398 0.1933 0.4678 0.4721 0.2693 0.1674 0.1389 0.2905 0.5012 0.4054 0.2295 0.1522 0.1464 0.3826 0.5125 0.3407 0.1984 0.1422 0.1709 0.4518
0.1766 0.1430 0.2013 0.3471 0.5125 0.3741 0.1451 0.1535 0.2333 0.4127 0.4986 0.2796 0.1386 0.1693 0.2740 0.4781 0.4629 0.1859 0.1403 0.1912 0.3248 0.5110 0.4033 0.1506 0.1489 0.2202 0.3868 0.5065 0.3180 0.1399 0.1627 0.2576 0.4555 0.4784 0.2140 0.1389 0.1834 0.3082 0.5065 0.4212 0.1552 0.1468 0.2147 0.3757 0.5079 0.3193 0.1402 0.1634 0.2584 0.4521 0.5071 0.4522 0.2619 0.1642 0.1399 0.3229 0.5074 0.3782 0.2149 0.1468 0.1552 0.4212 0.5065 0.3082 0.1834 0.1389 0.2140 0.4784 0.4555 0.2576 0.1627 0.1399 0.3180 0.5065 0.3868 0.2202 0.1489 0.1506 0.4033 0.5110 0.3248 0.1912 0.1403 0.1859 0.4629 0.4781 0.2740 0.1693 0.1386 0.2796 0.4986 0.4127 0.2333 0.1535 0.1451 0.3741 0.5125 0.3471 0.2013 0.1430 0.1766
0.1522 0.2032 0.3516 0.5120 0.3678 0.1441 0.1543 0.2358 0.4177 0.4965 0.2717 0.1383 0.1705 0.2773 0.4820 0.4592 0.1810 0.1406 0.1929 0.3290 0.5114 0.3978 0.1492 0.1496 0.2224 0.3918 0.5049 0.3106 0.1394 0.1637 0.2605 0.4597 0.4758 0.2086 0.1389 0.1843 0.3104 0.5071 0.4190 0.1545 0.1468 0.2151 0.3790 0.5069 0.3275 0.1396 0.1631 0.2628 0.4612 0.4798 0.3408 0.4780 0.4691 0.2633 0.1639 0.1400 0.3254 0.5081 0.3773 0.2151 0.1468 0.1545 0.4190 0.5071 0.3104 0.1843 0.1389 0.2086 0.4758 0.4597 0.2605 0.1637 0.1394 0.3106 0.5049 0.3918 0.2224 0.1496 0.1492 0.3978 0.5114 0.3290 0.1929 0.1406 0.1810 0.4592 0.4820 0.2773 0.1705 0.1383 0.2717 0.4965 0.4177 0.2358 0.1543 0.1441 0.3678 0.5120 0.3516 0.2032 0.1522
0.2033 0.3474 0.5110 0.3744 0.1441 0.1521 0.2320 0.4132 0.4969 0.2798 0.1374 0.1678 0.2733 0.4781 0.4616 0.1855 0.1392 0.1896 0.3250 0.5098 0.4034 0.1496 0.1476 0.2187 0.3874 0.5048 0.3183 0.1389 0.1612 0.2565 0.4552 0.4775 0.2161 0.1376 0.1809 0.3053 0.5042 0.4255 0.1564 0.1446 0.2100 0.3712 0.5080 0.3343 0.1399 0.1594 0.2532 0.4574 0.4787 0.2252 0.1381 0.2228 0.4748 0.4556 0.2548 0.1596 0.1396 0.3373 0.5079 0.3711 0.2100 0.1446 0.1564 0.4255 0.5042 0.3053 0.1809 0.1376 0.2161 0.4775 0.4552 0.2565 0.1612 0.1389 0.3183 0.5048 0.3874 0.2187 0.1476 0.1496 0.4034 0.5098 0.3250 0.1896 0.1392 0.1855 0.4616 0.4781 0.2733 0.1678 0.1374 0.2798 0.4969 0.4132 0.2320 0.1521 0.1441 0.3744 0.5110 0.3474 0.2033
0.2802 0.4882 0.4527 0.1749 0.1392 0.1918 0.3335 0.5103 0.3910 0.1446 0.1481 0.2222 0.3990 0.5005 0.3032 0.1362 0.1622 0.2616 0.4669 0.4700 0.2026 0.1372 0.1824 0.3115 0.5069 0.4174 0.1519 0.1441 0.2097 0.3730 0.5068 0.3394 0.1380 0.1563 0.2460 0.4435 0.4830 0.2349 0.1362 0.1756 0.2963 0.5013 0.4312 0.1573 0.1430 0.2056 0.3652 0.5075 0.3385 0.1380 0.1383 0.1380 0.3393 0.5073 0.3696 0.2060 0.1426 0.1575 0.4318 0.5011 0.2963 0.1756 0.1362 0.2349 0.4830 0.4435 0.2460 0.1563 0.1380 0.3394 0.5068 0.3730 0.2097 0.1441 0.1519 0.4174 0.5069 0.3115 0.1824 0.1372 0.2026 0.4700 0.4669 0.2616 0.1622 0.1362 0.3032 0.5005 0.3990 0.2222 0.1481 0.1446 0.3910 0.5103 0.3335 0.1918 0.1392 0.1749 0.4527 0.4882 0.2802
0.2033 0.3474 0.5110 0.3744 0.1441 0.1521 0.2320 0.4132 0.4969 0.2798 0.1374 0.1678 0.2733 0.4781 0.4616 0.1855 0.1392 0.1896 0.3250 0.5098 0.4034 0.1496 0.1476 0.2187 0.3874 0.5048 0.3183 0.1389 0.1612 0.2565 0.4552 0.4775 0.2161 0.1376 0.1809 0.3053 0.5042 0.4255 0.1564 0.1446 0.2100 0.3712 0.5080 0.3325 0.1396 0.1591 0.2534 0.4554 0.4786 0.2272 0.1379 0.2287 0.4752 0.4583 0.2566 0.1604 0.1400 0.3370 0.5080 0.3709 0.2100 0.1446 0.1564 0.4255 0.5042 0.3053 0.1809 0.1376 0.2161 0.4775 0.4552 0.2565 0.1612 0.1389 0.3183 0.5048 0.3874 0.2187 0.1476 0.1496 0.4034 0.5098 0.3250 0.1896 0.1392 0.1855 0.4616 0.4781 0.2733 0.1678 0.1374 0.2798 0.4969 0.4132 0.2320 0.1521 0.1441 0.3744 0.5110 0.3474 0.2033
0.1522 0.2032 0.3516 0.5120 0.3678 0.1441 0.1543 0.2358 0.4177 0.4965 0.2717 0.1383 0.1705 0.2773 0.4820 0.4592 0.1810 0.1406 0.1929 0.3290 0.5114 0.3978 0.1492 0.1496 0.2224 0.3918 0.5049 0.3106 0.1394 0.1637 0.2605 0.4597 0.4758 0.2086 0.1389 0.1843 0.3104 0.5071 0.4190 0.1545 0.1468 0.2151 0.3789 0.5078 0.3256 0.1400 0.1640 0.2608 0.4589 0.4777 0.3358 0.4754 0.4635 0.2627 0.1626 0.1401 0.3267 0.5085 0.3758 0.2149 0.1468 0.1545 0.4190 0.5071 0.3104 0.1843 0.1389 0.2086 0.4758 0.4597 0.2605 0.1637 0.1394 0.3106 0.5049 0.3918 0.2224 0.1496 0.1492 0.3978 0.5114 0.3290 0.1929 0.1406 0.1810 0.4592 0.4820 0.2773 0.1705 0.1383 0.2717 0.4965 0.4177 0.2358 0.1543 0.1441 0.3678 0.5120 0.3516 0.2032 0.1522
0.1766 0.1430 0.2013 0.3471 0.5125 0.3741 0.1451 0.1535 0.2333 0.4127 0.4986 0.2796 0.1386 0.1693 0.2740 0.4781 0.4629 0.1859 0.1403 0.1912 0.3248 0.5110 0.4033 0.1506 0.1489 0.2202 0.3868 0.5065 0.3180 0.1399 0.1627 0.2576 0.4555 0.4784 0.2140 0.1389 0.1834 0.3082 0.5065 0.4212 0.1552 0.1468 0.2146 0.3769 0.5077 0.3241 0.1399 0.1633 0.2588 0.4535 0.5060 0.4628 0.2615 0.1641 0.1398 0.3234 0.5082 0.3764 0.2127 0.1467 0.1552 0.4212 0.5065 0.3082 0.1834 0.1389 0.2140 0.4784 0.4555 0.2576 0.1627 0.1399 0.3180 0.5065 0.3868 0.2202 0.1489 0.1506 0.4033 0.5110 0.3248 0.1912 0.1403 0.1859 0.4629 0.4781 0.2740 0.1693 0.1386 0.2796 0.4986 0.4127 0.2333 0.1535 0.1451 0.3741 0.5125 0.3471 0.2013 0.1430 0.1766
0.4518 0.1709 0.1422 0.1984 0.3407 0.5125 0.3826 0.1464 0.1522 0.2295 0.4054 0.5012 0.2905 0.1389 0.1674 0.2693 0.4721 0.4678 0.1933 0.1398 0.1886 0.3190 0.5098 0.4108 0.1526 0.1478 0.2168 0.3798 0.5082 0.3281 0.1406 0.1611 0.2538 0.4497 0.4816 0.2213 0.1387 0.1819 0.3050 0.5053 0.4243 0.1563 0.1464 0.2136 0.3737 0.5085 0.3252 0.1401 0.1632 0.2539 0.3717 0.2569 0.1632 0.1393 0.3164 0.5080 0.3765 0.2144 0.1462 0.1562 0.4243 0.5053 0.3050 0.1819 0.1387 0.2213 0.4816 0.4497 0.2538 0.1611 0.1406 0.3281 0.5082 0.3798 0.2168 0.1478 0.1526 0.4108 0.5098 0.3190 0.1886 0.1398 0.1933 0.4678 0.4721 0.2693 0.1674 0.1389 0.2905 0.5012 0.4054 0.2295 0.1522 0.1464 0.3826 0.5125 0.3407 0.1984 0.1422 0.1709 0.4518
0.4809 0.4549 0.1763 0.1414 0.1954 0.3342 0.5122 0.3913 0.1480 0.1508 0.2257 0.3978 0.5036 0.3019 0.1393 0.1655 0.2644 0.4653 0.4726 0.2021 0.1393 0.1859 0.3129 0.5079 0.4183 0.1549 0.1467 0.2133 0.3726 0.5096 0.3379 0.1412 0.1597 0.2501 0.4440 0.4845 0.2286 0.1386 0.1805 0.3020 0.5040 0.4270 0.1572 0.1459 0.2122 0.3762 0.5075 0.3246 0.1402 0.1595 0.2070 0.1598 0.1396 0.3203 0.5079 0.3750 0.2134 0.1460 0.1566 0.4269 0.5040 0.3020 0.1805 0.1386 0.2286 0.4845 0.4440 0.2501 0.1597 0.1412 0.3379 0.5096 0.3726 0.2133 0.1467 0.1549 0.4183 0.5079 0.3129 0.1859 0.1393 0.2021 0.4726 0.4653 0.2644 0.1655 0.1393 0.3019 0.5036 0.3978 0.2257 0.1508 0.1480 0.3913 0.5122 0.3342 0.1954 0.1414 0.1763 0.4549 0.4809
