-40.2733 -8.6698 24.8872 -12.3548 -30.7355 -39.6823 -40.5722 11.3384 30.4180 -23.6312 -35.4305 -42.0999 -11.3697 23.9721 -10.7565 -30.3357 -39.4095 -41.2583 10.2748 31.4270 -22.9430 -35.0562 -41.9714 -14.9378 22.9597 -8.7466 -29.9154 -39.1162 -41.7865 9.1849 31.9197 -22.2350 -34.6775 -41.8290 -18.6382 21.9558 -6.3099 -29.4913 -38.8133 -42.1701 8.0548 31.9979 -21.5028 -34.2947 -41.6726 -22.2854 20.9477 -3.0803 -28.9030 -38.3132 -43.4585 -38.3132 -28.9030 -3.0803 20.9477 -22.2854 -41.6726 -34.2947 -21.5028 31.9979 8.0548 -42.1701 -38.8133 -29.4913 -6.3099 21.9558 -18.6382 -41.8290 -34.6775 -22.2350 31.9197 9.1849 -41.7865 -39.1162 -29.9154 -8.7466 22.9597 -14.9378 -41.9714 -35.0562 -22.9430 31.4270 10.2748 -41.2583 -39.4095 -30.3357 -10.7565 23.9721 -11.3697 -42.0999 -35.4305 -23.6312 30.4180 11.3384 -40.5722 -39.6823 -30.7355 -12.3548 24.8872 -8.6698 -40.2733
-8.6698 24.9470 -11.8490 -33.1264 -41.7849 -41.9640 11.2379 31.9939 -24.6642 -37.6655 -43.9498 -11.9871 23.6398 -9.5967 -32.7003 -41.5209 -42.6997 10.1828 32.5582 -23.8410 -37.2996 -43.8505 -15.6984 22.6562 -7.1651 -32.2947 -41.2407 -43.2613 9.1035 32.6802 -23.0025 -36.9295 -43.7353 -19.5275 21.6839 -4.1753 -31.8866 -40.9503 -43.6770 7.9793 32.4571 -22.1419 -36.5553 -43.6041 -23.2698 20.6917 -0.4357 -31.4505 -40.6281 -44.6190 -18.5805 -44.6190 -40.6281 -31.4505 -0.4357 20.6917 -23.2698 -43.6041 -36.5553 -22.1419 32.4571 7.9793 -43.6770 -40.9503 -31.8866 -4.1753 21.6839 -19.5275 -43.7353 -36.9295 -23.0025 32.6802 9.1035 -43.2613 -41.2407 -32.2947 -7.1651 22.6562 -15.6984 -43.8505 -37.2996 -23.8410 32.5582 10.1828 -42.6997 -41.5209 -32.7003 -9.5967 23.6398 -11.9871 -43.9498 -37.6655 -24.6642 31.9939 11.2379 -41.9640 -41.7849 -33.1264 -11.8490 24.9470 -8.6698
24.8872 -11.8490 -33.0061 -41.6426 -42.4265 10.5032 32.4541 -24.0364 -37.3799 -43.8674 -14.8870 22.8254 -7.6978 -32.3764 -41.2961 -43.1516 9.3151 32.6861 -23.1740 -37.0036 -43.7560 -18.7411 21.8496 -4.8346 -31.9688 -41.0079 -43.5957 8.2025 32.5261 -22.3183 -36.6303 -43.6282 -22.5149 20.8872 -1.2808 -31.5586 -40.7099 -43.9106 7.0318 32.0859 -21.4349 -36.2531 -43.4845 -26.0664 19.7759 3.0893 -31.0978 -40.4029 -44.1439 3.5958 19.6334 3.5958 -44.1439 -40.4029 -31.0978 3.0893 19.7759 -26.0664 -43.4845 -36.2531 -21.4349 32.0859 7.0318 -43.9106 -40.7099 -31.5586 -1.2808 20.8872 -22.5149 -43.6282 -36.6303 -22.3183 32.5261 8.2025 -43.5957 -41.0079 -31.9688 -4.8346 21.8496 -18.7411 -43.7560 -37.0036 -23.1740 32.6861 9.3151 -43.1516 -41.2961 -32.3764 -7.6978 22.8254 -14.8870 -43.8674 -37.3799 -24.0364 32.4541 10.5032 -42.4265 -41.6426 -33.0061 -11.8490 24.8872
-12.3548 -33.1264 -41.6426 -42.5902 10.0724 32.6286 -23.5100 -37.1243 -43.7831 -17.7674 22.0778 -5.5286 -32.0558 -41.0668 -43.5164 8.4332 32.5839 -22.4947 -36.7066 -43.6556 -21.7594 21.0823 -2.0683 -31.6424 -40.7713 -43.8560 7.2759 32.1947 -21.6175 -36.3302 -43.5151 -25.3675 20.0215 2.1275 -31.2301 -40.4660 -44.0812 6.0448 31.5813 -20.7062 -35.9502 -43.3587 -28.6585 18.8413 7.0834 -30.5558 -40.1545 -44.2103 4.2437 29.1711 4.7519 29.1711 4.2437 -44.2103 -40.1545 -30.5558 7.0834 18.8413 -28.6585 -43.3587 -35.9502 -20.7062 31.5813 6.0448 -44.0812 -40.4660 -31.2301 2.1275 20.0215 -25.3675 -43.5151 -36.3302 -21.6175 32.1947 7.2759 -43.8560 -40.7713 -31.6424 -2.0683 21.0823 -21.7594 -43.6556 -36.7066 -22.4947 32.5839 8.4332 -43.5164 -41.0668 -32.0558 -5.5286 22.0778 -17.7674 -43.7831 -37.1243 -23.5100 32.6286 10.0724 -42.5902 -41.6426 -33.1264 -12.3548
-30.7355 -41.7849 -42.4265 10.0724 32.6619 -23.2082 -36.9392 -43.7061 -20.2630 21.4097 -3.1363 -31.7495 -40.8395 -43.7911 7.5276 32.2944 -21.7987 -36.4072 -43.5450 -24.6551 20.2405 1.2058 -31.3143 -40.5289 -44.0438 6.3027 31.7214 -20.8951 -36.0279 -43.3918 -28.0176 19.0768 6.0249 -30.7280 -40.2167 -44.1897 4.9955 30.9719 -19.9497 -35.6453 -43.2231 -31.0098 17.9414 11.3406 -29.8921 -39.8969 -44.2485 3.4731 29.7984 -17.1490 -30.5135 -17.1490 29.7984 3.4731 -44.2485 -39.8969 -29.8921 11.3406 17.9414 -31.0098 -43.2231 -35.6453 -19.9497 30.9719 4.9955 -44.1897 -40.2167 -30.7280 6.0249 19.0768 -28.0176 -43.3918 -36.0279 -20.8951 31.7214 6.3027 -44.0438 -40.5289 -31.3143 1.2058 20.2405 -24.6551 -43.5450 -36.4072 -21.7987 32.2944 7.5276 -43.7911 -40.8395 -31.7495 -3.1363 21.4097 -20.2630 -43.7061 -36.9392 -23.2082 32.6619 10.0724 -42.4265 -41.7849 -30.7355
-39.6823 -41.9640 10.5032 32.6286 -23.2082 -36.8702 -43.6578 -21.9911 20.8817 -0.7880 -31.4734 -40.6266 -43.9843 6.6268 31.8717 -21.0918 -36.1090 -43.4243 -27.3612 19.3147 4.9880 -30.8561 -40.2810 -44.1674 5.2707 31.1364 -20.1462 -35.7235 -43.2587 -30.4320 18.1687 10.2432 -30.0612 -39.9622 -44.2431 3.8685 30.2822 -19.1594 -35.3383 -43.0778 -33.1122 17.0694 15.5555 -29.2363 -39.6357 -44.2470 2.3001 29.2762 -17.7606 -34.3696 -40.5137 -34.3696 -17.7606 29.2762 2.3001 -44.2470 -39.6357 -29.2363 15.5555 17.0694 -33.1122 -43.0778 -35.3383 -19.1594 30.2822 3.8685 -44.2431 -39.9622 -30.0612 10.2432 18.1687 -30.4320 -43.2587 -35.7235 -20.1462 31.1364 5.2707 -44.1674 -40.2810 -30.8561 4.9880 19.3147 -27.3612 -43.4243 -36.1090 -21.0918 31.8717 6.6268 -43.9843 -40.6266 -31.4734 -0.7880 20.8817 -21.9911 -43.6578 -36.8702 -23.2082 32.6286 10.5032 -41.9640 -39.6823
-40.5722 11.2379 32.4541 -23.5100 -36.9392 -43.6578 -22.6337 20.5754 1.0368 -31.2573 -40.4397 -44.1093 5.7546 31.3799 -20.4043 -35.8196 -43.2983 -29.8110 18.3998 9.1481 -30.2308 -40.0278 -44.2343 4.1652 30.4651 -19.3652 -35.4170 -43.1158 -32.5980 17.2901 14.4979 -29.4034 -39.7029 -44.2500 2.6448 29.5322 -18.3283 -35.0293 -42.9230 -34.9705 16.2198 19.4540 -28.5874 -39.3706 -44.2257 0.9322 28.5258 -17.1462 -34.5255 -43.0284 -46.0155 -43.0284 -34.5255 -17.1462 28.5258 0.9322 -44.2257 -39.3706 -28.5874 19.4540 16.2198 -34.9705 -42.9230 -35.0293 -18.3283 29.5322 2.6448 -44.2500 -39.7029 -29.4034 14.4979 17.2901 -32.5980 -43.1158 -35.4170 -19.3652 30.4651 4.1652 -44.2343 -40.0278 -30.2308 9.1481 18.3998 -29.8110 -43.2983 -35.8196 -20.4043 31.3799 5.7546 -44.1093 -40.4397 -31.2573 1.0368 20.5754 -22.6337 -43.6578 -36.9392 -23.5100 32.4541 11.2379 -40.5722
11.3384 31.9939 -24.0364 -37.1243 -43.7061 -21.9911 20.5754 1.7702 -31.1366 -40.3111 -44.1766 4.9837 30.8837 -19.7646 -35.5500 -43.1706 -31.8982 17.5458 13.3657 -29.5784 -39.7697 -44.2514 2.9683 29.7288 -18.5452 -35.1085 -42.9635 -34.5178 16.4353 18.4984 -28.7529 -39.4388 -44.2317 1.3011 28.7399 -17.4472 -34.7186 -42.7590 -36.5974 15.3871 22.8627 -27.9437 -39.1011 -44.1990 -0.5996 27.7189 -16.2438 -34.3057 -42.5808 -40.3061 1.5748 -40.3061 -42.5808 -34.3057 -16.2438 27.7189 -0.5996 -44.1990 -39.1011 -27.9437 22.8627 15.3871 -36.5974 -42.7590 -34.7186 -17.4472 28.7399 1.3011 -44.2317 -39.4388 -28.7529 18.4984 16.4353 -34.5178 -42.9635 -35.1085 -18.5452 29.7288 2.9683 -44.2514 -39.7697 -29.5784 13.3657 17.5458 -31.8982 -43.1706 -35.5500 -19.7646 30.8837 4.9837 -44.1766 -40.3111 -31.1366 1.7702 20.5754 -21.9911 -43.7061 -37.1243 -24.0364 31.9939 11.3384
30.4180 -24.6642 -37.3799 -43.7831 -20.2630 20.8817 1.0368 -31.1366 -40.2670 -44.2035 4.4579 30.4722 -19.2146 -35.3144 -43.0458 -33.6292 16.7831 17.1785 -28.9571 -39.5159 -44.2375 1.6579 28.9452 -17.6779 -34.7982 -42.8018 -36.2024 15.5987 22.0427 -28.1080 -39.1704 -44.2064 -0.1905 27.9285 -16.5054 -34.4061 -42.5862 -38.0097 14.5665 25.7107 -27.3033 -38.8276 -44.1662 -2.3228 26.9073 -15.2129 -34.0089 -42.3697 -39.9052 11.7267 26.8435 11.7267 -39.9052 -42.3697 -34.0089 -15.2129 26.9073 -2.3228 -44.1662 -38.8276 -27.3033 25.7107 14.5665 -38.0097 -42.5862 -34.4061 -16.5054 27.9285 -0.1905 -44.2064 -39.1704 -28.1080 22.0427 15.5987 -36.2024 -42.8018 -34.7982 -17.6779 28.9452 1.6579 -44.2375 -39.5159 -28.9571 17.1785 16.7831 -33.6292 -43.0458 -35.3144 -19.2146 30.4722 4.4579 -44.2035 -40.2670 -31.1366 1.0368 20.8817 -20.2630 -43.7831 -37.3799 -24.6642 30.4180
-23.6312 -37.6655 -43.8674 -17.7674 21.4097 -0.7880 -31.2573 -40.3111 -44.2035 4.2734 30.2410 -18.8452 -35.1387 -42.9384 -35.0002 16.1099 20.3187 -28.3862 -39.2737 -44.2147 0.2599 28.1475 -16.7638 -34.4862 -42.6312 -37.6679 14.7755 25.0364 -27.4669 -38.8979 -44.1752 -1.8621 27.1151 -15.4889 -34.0919 -42.4047 -39.2260 13.7534 27.9963 -26.6644 -38.5502 -44.1261 -4.2691 26.0972 -14.0787 -33.6945 -42.1703 -40.5678 12.3472 32.2650 -15.2609 32.2650 12.3472 -40.5678 -42.1703 -33.6945 -14.0787 26.0972 -4.2691 -44.1261 -38.5502 -26.6644 27.9963 13.7534 -39.2260 -42.4047 -34.0919 -15.4889 27.1151 -1.8621 -44.1752 -38.8979 -27.4669 25.0364 14.7755 -37.6679 -42.6312 -34.4862 -16.7638 28.1475 0.2599 -44.2147 -39.2737 -28.3862 20.3187 16.1099 -35.0002 -42.9384 -35.1387 -18.8452 30.2410 4.2734 -44.2035 -40.3111 -31.2573 -0.7880 21.4097 -17.7674 -43.8674 -37.6655 -23.6312
-35.4305 -43.9498 -14.8870 22.0778 -3.1363 -31.4734 -40.4397 -44.1766 4.4579 30.2410 -18.7196 -35.0454 -42.8652 -35.9299 15.5653 22.7279 -27.8858 -39.0467 -44.1895 -1.1597 27.3915 -15.8186 -34.1832 -42.4541 -38.9325 13.9609 27.4635 -26.8278 -38.6215 -44.1371 -3.7481 26.3040 -14.3798 -33.7760 -42.2150 -40.2650 12.9433 29.7561 -26.0252 -38.2692 -44.0777 -6.4682 25.2917 -12.8202 -33.3771 -41.9666 -41.3536 11.8513 31.6898 -23.9618 -33.6669 -23.9618 31.6898 11.8513 -41.3536 -41.9666 -33.3771 -12.8202 25.2917 -6.4682 -44.0777 -38.2692 -26.0252 29.7561 12.9433 -40.2650 -42.2150 -33.7760 -14.3798 26.3040 -3.7481 -44.1371 -38.6215 -26.8278 27.4635 13.9609 -38.9325 -42.4541 -34.1832 -15.8186 27.3915 -1.1597 -44.1895 -39.0467 -27.8858 22.7279 15.5653 -35.9299 -42.8652 -35.0454 -18.7196 30.2410 4.4579 -44.1766 -40.4397 -31.4734 -3.1363 22.0778 -14.8870 -43.9498 -35.4305
-42.0999 -11.9871 22.8254 -5.5286 -31.7495 -40.6266 -44.1093 4.9837 30.4722 -18.8452 -35.0454 -42.8394 -36.3872 15.2223 24.3263 -27.4847 -38.8521 -44.1610 -2.5974 26.7113 -14.8730 -33.8977 -42.2797 -39.9809 13.1597 29.3530 -26.1889 -38.3414 -44.0909 -5.8804 25.4973 -13.1554 -33.4585 -42.0173 -41.1449 12.1315 31.0441 -25.3837 -37.9849 -44.0204 -8.9342 24.4923 -11.4071 -33.0576 -41.7582 -42.0515 11.0927 32.1336 -24.3308 -37.2123 -43.0285 -37.2123 -24.3308 32.1336 11.0927 -42.0515 -41.7582 -33.0576 -11.4071 24.4923 -8.9342 -44.0204 -37.9849 -25.3837 31.0441 12.1315 -41.1449 -42.0173 -33.4585 -13.1554 25.4973 -5.8804 -44.0909 -38.3414 -26.1889 29.3530 13.1597 -39.9809 -42.2797 -33.8977 -14.8730 26.7113 -2.5974 -44.1610 -38.8521 -27.4847 24.3263 15.2223 -36.3872 -42.8394 -35.0454 -18.8452 30.4722 4.9837 -44.1093 -40.6266 -31.7495 -5.5286 22.8254 -11.9871 -42.0999
-11.3697 23.6398 -7.6978 -32.0558 -40.8395 -43.9843 5.7546 30.8837 -19.2146 -35.1387 -42.8652 -36.3872 15.1070 25.0966 -27.2258 -38.7106 -44.1340 -3.9489 26.1106 -13.9582 -33.6331 -42.1116 -40.8065 12.4047 30.7152 -25.5565 -38.0612 -44.0360 -8.2781 24.6962 -11.7854 -33.1395 -41.8120 -41.8825 11.3132 31.9199 -24.7378 -37.6973 -43.9537 -11.6530 23.6998 -9.7969 -32.7366 -41.5437 -42.6313 10.2669 32.5305 -23.8737 -37.2495 -44.5376 -42.9220 -44.5376 -37.2495 -23.8737 32.5305 10.2669 -42.6313 -41.5437 -32.7366 -9.7969 23.6998 -11.6530 -43.9537 -37.6973 -24.7378 31.9199 11.3132 -41.8825 -41.8120 -33.1395 -11.7854 24.6962 -8.2781 -44.0360 -38.0612 -25.5565 30.7152 12.4047 -40.8065 -42.1116 -33.6331 -13.9582 26.1106 -3.9489 -44.1340 -38.7106 -27.2258 25.0966 15.1070 -36.3872 -42.8652 -35.1387 -19.2146 30.8837 5.7546 -43.9843 -40.8395 -32.0558 -7.6978 23.6398 -11.3697
23.9721 -9.5967 -32.3764 -41.0668 -43.7911 6.6268 31.3799 -19.7646 -35.3144 -42.9384 -35.9299 15.2223 25.0966 -27.1373 -38.6361 -44.1157 -4.9938 25.6246 -13.1171 -33.4004 -41.9508 -41.4622 11.7221 31.6104 -24.9579 -37.7880 -43.9739 -10.9040 23.9018 -10.2304 -32.8188 -41.5993 -42.4936 10.4833 32.4426 -24.0851 -37.4068 -43.8772 -14.5722 22.9146 -7.9340 -32.4140 -41.3223 -43.1033 9.4157 32.6842 -23.2468 -37.0245 -43.8525 -23.9218 10.2198 -23.9218 -43.8525 -37.0245 -23.2468 32.6842 9.4157 -43.1033 -41.3223 -32.4140 -7.9340 22.9146 -14.5722 -43.8772 -37.4068 -24.0851 32.4426 10.4833 -42.4936 -41.5993 -32.8188 -10.2304 23.9018 -10.9040 -43.9739 -37.7880 -24.9579 31.6104 11.7221 -41.4622 -41.9508 -33.4004 -13.1171 25.6246 -4.9938 -44.1157 -38.6361 -27.1373 25.0966 15.2223 -35.9299 -42.9384 -35.3144 -19.7646 31.3799 6.6268 -43.7911 -41.0668 -32.3764 -9.5967 23.9721
-10.7565 -32.7003 -41.2961 -43.5164 7.5276 31.8717 -20.4043 -35.5500 -43.0458 -35.0002 15.5653 24.3263 -27.2258 -38.6361 -44.1097 -5.5561 25.3161 -12.4518 -33.2120 -41.8128 -41.9740 11.0953 32.1603 -24.4139 -37.5323 -43.9064 -13.5738 23.1415 -8.4603 -32.4967 -41.3796 -42.9922 9.6360 32.6679 -23.4232 -37.1134 -43.7907 -17.6048 22.1370 -5.7475 -32.0898 -41.0943 -43.4785 8.5374 32.6062 -22.5734 -36.7406 -43.6894 -22.5775 18.6930 32.2320 18.6930 -22.5775 -43.6894 -36.7406 -22.5734 32.6062 8.5374 -43.4785 -41.0943 -32.0898 -5.7475 22.1370 -17.6048 -43.7907 -37.1134 -23.4232 32.6679 9.6360 -42.9922 -41.3796 -32.4967 -8.4603 23.1415 -13.5738 -43.9064 -37.5323 -24.4139 32.1603 11.0953 -41.9740 -41.8128 -33.2120 -12.4518 25.3161 -5.5561 -44.1097 -38.6361 -27.2258 24.3263 15.5653 -35.0002 -43.0458 -35.5500 -20.4043 31.8717 7.5276 -43.5164 -41.2961 -32.7003 -10.7565
-30.3357 -41.5209 -43.1516 8.4332 32.2944 -21.0918 -35.8196 -43.1706 -33.6292 16.1099 22.7279 -27.4847 -38.7106 -44.1157 -5.5561 25.2132 -12.0942 -33.0897 -41.7091 -42.3337 10.5482 32.4745 -23.9265 -37.3014 -43.8365 -16.1509 22.4522 -6.5236 -32.1840 -41.1559 -43.3913 8.7649 32.6459 -22.7492 -36.8174 -43.6941 -20.6461 21.3670 -3.1541 -31.7640 -40.8600 -43.7681 7.6256 32.3364 -21.8806 -36.4421 -43.5654 -24.5314 19.8011 9.3515 -23.6788 9.3515 19.8011 -24.5314 -43.5654 -36.4421 -21.8806 32.3364 7.6256 -43.7681 -40.8600 -31.7640 -3.1541 21.3670 -20.6461 -43.6941 -36.8174 -22.7492 32.6459 8.7649 -43.3913 -41.1559 -32.1840 -6.5236 22.4522 -16.1509 -43.8365 -37.3014 -23.9265 32.4745 10.5482 -42.3337 -41.7091 -33.0897 -12.0942 25.2132 -5.5561 -44.1157 -38.7106 -27.4847 22.7279 16.1099 -33.6292 -43.1706 -35.8196 -21.0918 32.2944 8.4332 -43.1516 -41.5209 -30.3357
-39.4095 -42.6997 9.3151 32.5839 -21.7987 -36.1090 -43.2983 -31.8982 16.7831 20.3187 -27.8858 -38.8521 -44.1340 -4.9938 25.3161 -12.0942 -33.0486 -41.6546 -42.5430 10.1487 32.6206 -23.5112 -37.0997 -43.7679 -18.5589 21.8247 -4.5025 -31.8964 -40.9395 -43.6926 7.8755 32.4251 -22.0598 -36.5189 -43.5873 -23.5968 20.5620 -0.0741 -31.4366 -40.6198 -43.9818 6.6710 31.9121 -21.1667 -36.1407 -43.4404 -27.0831 19.3199 6.2005 -29.7977 -36.6253 -29.7977 6.2005 19.3199 -27.0831 -43.4404 -36.1407 -21.1667 31.9121 6.6710 -43.9818 -40.6198 -31.4366 -0.0741 20.5620 -23.5968 -43.5873 -36.5189 -22.0598 32.4251 7.8755 -43.6926 -40.9395 -31.8964 -4.5025 21.8247 -18.5589 -43.7679 -37.0997 -23.5112 32.6206 10.1487 -42.5430 -41.6546 -33.0486 -12.0942 25.3161 -4.9938 -44.1340 -38.8521 -27.8858 20.3187 16.7831 -31.8982 -43.2983 -36.1090 -21.7987 32.5839 9.3151 -42.6997 -39.4095
-41.2583 10.1828 32.6861 -22.4947 -36.4072 -43.4243 -29.8110 17.5458 17.1785 -28.3862 -39.0467 -44.1610 -3.9489 25.6246 -12.4518 -33.0897 -41.6546 -42.6107 9.9414 32.6688 -23.2009 -36.9382 -43.7065 -20.6382 21.2553 -2.3807 -31.6379 -40.7403 -43.9040 7.0028 32.0605 -21.3762 -36.2215 -43.4704 -26.3795 19.6652 3.5262 -31.0428 -40.3739 -44.1284 5.6624 31.3654 -20.4283 -35.8370 -43.3094 -29.5667 18.4896 8.9763 -30.0832 -39.8894 -45.0138 -39.8894 -30.0832 8.9763 18.4896 -29.5667 -43.3094 -35.8370 -20.4283 31.3654 5.6624 -44.1284 -40.3739 -31.0428 3.5262 19.6652 -26.3795 -43.4704 -36.2215 -21.3762 32.0605 7.0028 -43.9040 -40.7403 -31.6379 -2.3807 21.2553 -20.6382 -43.7065 -36.9382 -23.2009 32.6688 9.9414 -42.6107 -41.6546 -33.0897 -12.4518 25.6246 -3.9489 -44.1610 -39.0467 -28.3862 17.1785 17.5458 -29.8110 -43.4243 -36.4072 -22.4947 32.6861 10.1828 -41.2583
10.2748 32.5582 -23.1740 -36.7066 -43.5450 -27.3612 18.3998 13.3657 -28.9571 -39.2737 -44.1895 -2.5974 26.1106 -13.1171 -33.2120 -41.7091 -42.5430 9.9414 32.6780 -23.0362 -36.8312 -43.6586 -22.2314 20.7850 -0.2403 -31.4023 -40.5564 -44.0462 6.1779 31.6153 -20.7156 -35.9394 -43.3479 -28.9167 18.7350 7.5705 -30.4787 -40.1226 -44.2156 4.5862 30.7235 -19.6599 -35.5313 -43.1701 -31.8212 17.6126 12.9745 -29.6090 -39.7606 -44.9165 -28.7464 -44.9165 -39.7606 -29.6090 12.9745 17.6126 -31.8212 -43.1701 -35.5313 -19.6599 30.7235 4.5862 -44.2156 -40.1226 -30.4787 7.5705 18.7350 -28.9167 -43.3479 -35.9394 -20.7156 31.6153 6.1779 -44.0462 -40.5564 -31.4023 -0.2403 20.7850 -22.2314 -43.6586 -36.8312 -23.0362 32.6780 9.9414 -42.5430 -41.7091 -33.2120 -13.1171 26.1106 -2.5974 -44.1895 -39.2737 -28.9571 13.3657 18.3998 -27.3612 -43.5450 -36.7066 -23.1740 32.5582 10.2748
31.4270 -23.8410 -37.0036 -43.6556 -24.6551 19.3147 9.1481 -29.5784 -39.5159 -44.2147 -1.1597 26.7113 -13.9582 -33.4004 -41.8128 -42.3337 10.1487 32.6688 -23.0362 -36.7932 -43.6328 -23.2480 20.4279 1.6035 -31.2009 -40.3922 -44.1384 5.4112 31.1451 -20.0858 -35.6774 -43.2277 -31.0899 17.8687 11.7899 -29.8154 -39.8663 -44.2502 3.4256 30.0092 -18.8554 -35.2235 -43.0213 -33.8317 16.7510 17.0626 -28.9903 -39.5335 -44.2537 -1.0870 16.8372 -1.0870 -44.2537 -39.5335 -28.9903 17.0626 16.7510 -33.8317 -43.0213 -35.2235 -18.8554 30.0092 3.4256 -44.2502 -39.8663 -29.8154 11.7899 17.8687 -31.0899 -43.2277 -35.6774 -20.0858 31.1451 5.4112 -44.1384 -40.3922 -31.2009 1.6035 20.4279 -23.2480 -43.6328 -36.7932 -23.0362 32.6688 10.1487 -42.3337 -41.8128 -33.4004 -13.9582 26.7113 -1.1597 -44.2147 -39.5159 -29.5784 9.1481 19.3147 -24.6551 -43.6556 -37.0036 -23.8410 31.4270
-22.9430 -37.2996 -43.7560 -21.7594 20.2405 4.9880 -30.2308 -39.7697 -44.2375 0.2599 27.3915 -14.8730 -33.6331 -41.9508 -41.9740 10.5482 32.6206 -23.2009 -36.8312 -43.6328 -23.6125 20.2187 2.8389 -31.0272 -40.2642 -44.1934 4.7341 30.6928 -19.5068 -35.4353 -43.1093 -32.8614 17.0979 15.7025 -29.1830 -39.6082 -44.2450 2.1602 29.2412 -18.0068 -34.9139 -42.8630 -35.6021 15.9082 20.7853 -28.3467 -39.2722 -44.2211 -0.2472 26.0490 18.7340 26.0490 -0.2472 -44.2211 -39.2722 -28.3467 20.7853 15.9082 -35.6021 -42.8630 -34.9139 -18.0068 29.2412 2.1602 -44.2450 -39.6082 -29.1830 15.7025 17.0979 -32.8614 -43.1093 -35.4353 -19.5068 30.6928 4.7341 -44.1934 -40.2642 -31.0272 2.8389 20.2187 -23.6125 -43.6328 -36.8312 -23.2009 32.6206 10.5482 -41.9740 -41.9508 -33.6331 -14.8730 27.3915 0.2599 -44.2375 -39.7697 -30.2308 4.9880 20.2405 -21.7594 -43.7560 -37.2996 -22.9430
-35.0562 -43.8505 -18.7411 21.0823 1.2058 -30.8561 -40.0278 -44.2514 1.6579 28.1475 -15.8186 -33.8977 -42.1116 -41.4622 11.0953 32.4745 -23.5112 -36.9382 -43.6586 -23.2480 20.2187 3.2732 -30.9019 -40.1816 -44.2214 4.1844 30.3009 -19.0023 -35.2239 -42.9940 -34.3297 16.4238 18.9869 -28.6094 -39.3613 -44.2227 0.7987 28.4484 -17.1046 -34.6025 -42.6957 -37.1470 15.0806 23.9891 -27.7051 -39.0001 -44.1906 -1.3444 27.0852 -13.4922 -28.7866 -13.4922 27.0852 -1.3444 -44.1906 -39.0001 -27.7051 23.9891 15.0806 -37.1470 -42.6957 -34.6025 -17.1046 28.4484 0.7987 -44.2227 -39.3613 -28.6094 18.9869 16.4238 -34.3297 -42.9940 -35.2239 -19.0023 30.3009 4.1844 -44.2214 -40.1816 -30.9019 3.2732 20.2187 -23.2480 -43.6586 -36.9382 -23.5112 32.4745 11.0953 -41.4622 -42.1116 -33.8977 -15.8186 28.1475 1.6579 -44.2514 -40.0278 -30.8561 1.2058 21.0823 -18.7411 -43.8505 -35.0562
-41.9714 -15.6984 21.8496 -2.0683 -31.3143 -40.2810 -44.2343 2.9683 28.9452 -16.7638 -34.1832 -42.2797 -40.8065 11.7221 32.1603 -23.9265 -37.0997 -43.7065 -22.2314 20.4279 2.8389 -30.9019 -40.1516 -44.2325 3.8078 30.0034 -18.6071 -35.0514 -42.8933 -35.5247 15.8232 21.6587 -28.0997 -39.1357 -44.1979 -0.6194 27.6739 -16.1712 -34.2929 -42.5197 -38.4842 14.2633 26.6254 -27.0655 -38.7248 -44.1530 -3.0382 26.5457 -14.3435 -33.2621 -39.4776 -33.2621 -14.3435 26.5457 -3.0382 -44.1530 -38.7248 -27.0655 26.6254 14.2633 -38.4842 -42.5197 -34.2929 -16.1712 27.6739 -0.6194 -44.1979 -39.1357 -28.0997 21.6587 15.8232 -35.5247 -42.8933 -35.0514 -18.6071 30.0034 3.8078 -44.2325 -40.1516 -30.9019 2.8389 20.4279 -22.2314 -43.7065 -37.0997 -23.9265 32.1603 11.7221 -40.8065 -42.2797 -34.1832 -16.7638 28.9452 2.9683 -44.2343 -40.2810 -31.3143 -2.0683 21.8496 -15.6984 -41.9714
-14.9378 22.6562 -4.8346 -31.6424 -40.5289 -44.1674 4.1652 29.7288 -17.6779 -34.4862 -42.4541 -39.9809 12.4047 31.6104 -24.4139 -37.3014 -43.7679 -20.6382 20.7850 1.6035 -31.0272 -40.1816 -44.2325 3.6719 29.8376 -18.3427 -34.9289 -42.8156 -36.4176 15.3070 23.7454 -27.6527 -38.9324 -44.1719 -2.0514 26.9565 -15.2286 -33.9999 -42.3415 -39.6203 13.4519 28.7099 -26.4267 -38.4461 -44.1091 -5.0605 25.7892 -13.5348 -33.4541 -42.2577 -46.0301 -42.2577 -33.4541 -13.5348 25.7892 -5.0605 -44.1091 -38.4461 -26.4267 28.7099 13.4519 -39.6203 -42.3415 -33.9999 -15.2286 26.9565 -2.0514 -44.1719 -38.9324 -27.6527 23.7454 15.3070 -36.4176 -42.8156 -34.9289 -18.3427 29.8376 3.6719 -44.2325 -40.1816 -31.0272 1.6035 20.7850 -20.6382 -43.7679 -37.3014 -24.4139 31.6104 12.4047 -39.9809 -42.4541 -34.4862 -17.6779 29.7288 4.1652 -44.1674 -40.5289 -31.6424 -4.8346 22.6562 -14.9378
22.9597 -7.1651 -31.9688 -40.7713 -44.0438 5.2707 30.4651 -18.5452 -34.7982 -42.6312 -38.9325 13.1597 30.7152 -24.9579 -37.5323 -43.8365 -18.5589 21.2553 -0.2403 -31.2009 -40.2642 -44.2214 3.8078 29.8376 -18.2445 -34.8640 -42.7653 -37.0089 14.9168 25.2775 -27.2675 -38.7562 -44.1460 -3.4488 26.3148 -14.2880 -33.7284 -42.1718 -40.5375 12.6693 30.2720 -25.7869 -38.1638 -44.0575 -7.3546 24.9920 -12.3008 -33.2361 -41.9064 -42.7815 -3.9933 -42.7815 -41.9064 -33.2361 -12.3008 24.9920 -7.3546 -44.0575 -38.1638 -25.7869 30.2720 12.6693 -40.5375 -42.1718 -33.7284 -14.2880 26.3148 -3.4488 -44.1460 -38.7562 -27.2675 25.2775 14.9168 -37.0089 -42.7653 -34.8640 -18.2445 29.8376 3.8078 -44.2214 -40.2642 -31.2009 -0.2403 21.2553 -18.5589 -43.8365 -37.5323 -24.9579 30.7152 13.1597 -38.9325 -42.6312 -34.7982 -18.5452 30.4651 5.2707 -44.0438 -40.7713 -31.9688 -7.1651 22.9597
-8.7466 -32.2947 -41.0079 -43.8560 6.3027 31.1364 -19.3652 -35.1085 -42.8018 -37.6679 13.9609 29.3530 -25.5565 -37.7880 -43.9064 -16.1509 21.8247 -2.3807 -31.4023 -40.3922 -44.1934 4.1844 30.0034 -18.3427 -34.8640 -42.7479 -37.2939 14.6799 26.2520 -26.9709 -38.6110 -44.1208 -4.7315 25.7683 -13.3834 -33.4778 -42.0093 -41.2486 11.9501 31.3396 -25.1662 -37.8815 -43.9967 -9.9183 24.1966 -10.8307 -32.9355 -41.6871 -42.4903 8.9918 24.0545 8.9918 -42.4903 -41.6871 -32.9355 -10.8307 24.1966 -9.9183 -43.9967 -37.8815 -25.1662 31.3396 11.9501 -41.2486 -42.0093 -33.4778 -13.3834 25.7683 -4.7315 -44.1208 -38.6110 -26.9709 26.2520 14.6799 -37.2939 -42.7479 -34.8640 -18.3427 30.0034 4.1844 -44.1934 -40.3922 -31.4023 -2.3807 21.8247 -16.1509 -43.9064 -37.7880 -25.5565 29.3530 13.9609 -37.6679 -42.8018 -35.1085 -19.3652 31.1364 6.3027 -43.8560 -41.0079 -32.2947 -8.7466
-29.9154 -41.2407 -43.5957 7.2759 31.7214 -20.1462 -35.4170 -42.9635 -36.2024 14.7755 27.4635 -26.1889 -38.0612 -43.9739 -13.5738 22.4522 -4.5025 -31.6379 -40.5564 -44.1384 4.7341 30.3009 -18.6071 -34.9289 -42.7653 -37.2939 14.6042 26.6973 -26.7925 -38.5070 -44.0992 -5.8240 25.3189 -12.5609 -33.2590 -41.8552 -41.8125 11.3019 32.0065 -24.5936 -37.6129 -43.9288 -12.6868 23.4084 -9.1367 -32.6162 -41.4662 -42.8510 9.5683 32.5680 -10.4188 32.5680 9.5683 -42.8510 -41.4662 -32.6162 -9.1367 23.4084 -12.6868 -43.9288 -37.6129 -24.5936 32.0065 11.3019 -41.8125 -41.8552 -33.2590 -12.5609 25.3189 -5.8240 -44.0992 -38.5070 -26.7925 26.6973 14.6042 -37.2939 -42.7653 -34.9289 -18.6071 30.3009 4.7341 -44.1384 -40.5564 -31.6379 -4.5025 22.4522 -13.5738 -43.9739 -38.0612 -26.1889 27.4635 14.7755 -36.2024 -42.9635 -35.4170 -20.1462 31.7214 7.2759 -43.5957 -41.2407 -29.9154
-39.1162 -43.2613 8.2025 32.1947 -20.8951 -35.7235 -43.1158 -34.5178 15.5987 25.0364 -26.8278 -38.3414 -44.0360 -10.9040 23.1415 -6.5236 -31.8964 -40.7403 -44.0462 5.4112 30.6928 -19.0023 -35.0514 -42.8156 -37.0089 14.6799 26.6973 -26.7331 -38.4549 -44.0853 -6.6513 24.9769 -11.8759 -33.0804 -41.7223 -42.2528 10.7075 32.3983 -24.0765 -37.3690 -43.8584 -15.4494 22.6544 -7.2114 -32.2972 -41.2391 -43.2569 9.0200 32.6564 -21.6259 -32.5240 -21.6259 32.6564 9.0200 -43.2569 -41.2391 -32.2972 -7.2114 22.6544 -15.4494 -43.8584 -37.3690 -24.0765 32.3983 10.7075 -42.2528 -41.7223 -33.0804 -11.8759 24.9769 -6.6513 -44.0853 -38.4549 -26.7331 26.6973 14.6799 -37.0089 -42.8156 -35.0514 -19.0023 30.6928 5.4112 -44.0462 -40.7403 -31.8964 -6.5236 23.1415 -10.9040 -44.0360 -38.3414 -26.8278 25.0364 15.5987 -34.5178 -43.1158 -35.7235 -20.8951 32.1947 8.2025 -43.2613 -39.1162
-41.7865 9.1035 32.5261 -21.6175 -36.0279 -43.2587 -32.5980 16.4353 22.0427 -27.4669 -38.6215 -44.0909 -8.2781 23.9018 -8.4603 -32.1840 -40.9395 -43.9040 6.1779 31.1451 -19.5068 -35.2239 -42.8933 -36.4176 14.9168 26.2520 -26.7925 -38.4549 -44.0805 -7.0942 24.7651 -11.3750 -32.9466 -41.6179 -42.5707 10.1844 32.5989 -23.6154 -37.1505 -43.7889 -18.0009 21.9685 -5.0958 -31.9882 -41.0159 -43.5928 8.1942 32.5105 -22.0543 -36.1478 -42.1193 -36.1478 -22.0543 32.5105 8.1942 -43.5928 -41.0159 -31.9882 -5.0958 21.9685 -18.0009 -43.7889 -37.1505 -23.6154 32.5989 10.1844 -42.5707 -41.6179 -32.9466 -11.3750 24.7651 -7.0942 -44.0805 -38.4549 -26.7925 26.2520 14.9168 -36.4176 -42.8933 -35.2239 -19.5068 31.1451 6.1779 -43.9040 -40.9395 -32.1840 -8.4603 23.9018 -8.2781 -44.0909 -38.6215 -27.4669 22.0427 16.4353 -32.5980 -43.2587 -36.0279 -21.6175 32.5261 9.1035 -41.7865
9.1849 32.6802 -22.3183 -36.3302 -43.3918 -30.4320 17.2901 18.4984 -28.1080 -38.8979 -44.1371 -5.8804 24.6962 -10.2304 -32.4967 -41.1559 -43.6926 7.0028 31.6153 -20.0858 -35.4353 -42.9940 -35.5247 15.3070 25.2775 -26.9709 -38.5070 -44.0853 -7.0942 24.6907 -11.1058 -32.8611 -41.5458 -42.7852 9.7704 32.6754 -23.2125 -36.9583 -43.7209 -20.2623 21.3598 -2.8518 -31.7004 -40.8019 -43.8402 7.3083 32.1968 -21.5702 -36.2348 -44.0698 -44.8860 -44.0698 -36.2348 -21.5702 32.1968 7.3083 -43.8402 -40.8019 -31.7004 -2.8518 21.3598 -20.2623 -43.7209 -36.9583 -23.2125 32.6754 9.7704 -42.7852 -41.5458 -32.8611 -11.1058 24.6907 -7.0942 -44.0853 -38.5070 -26.9709 25.2775 15.3070 -35.5247 -42.9940 -35.4353 -20.0858 31.6153 7.0028 -43.6926 -41.1559 -32.4967 -10.2304 24.6962 -5.8804 -44.1371 -38.8979 -28.1080 18.4984 17.2901 -30.4320 -43.3918 -36.3302 -22.3183 32.6802 9.1849
31.9197 -23.0025 -36.6303 -43.5151 -28.0176 18.1687 14.4979 -28.7529 -39.1704 -44.1752 -3.7481 25.4973 -11.7854 -32.8188 -41.3796 -43.3913 7.8755 32.0605 -20.7156 -35.6774 -43.1093 -34.3297 15.8232 23.7454 -27.2675 -38.6110 -44.0992 -6.6513 24.7651 -11.1058 -32.8312 -41.5087 -42.9122 9.4791 32.6844 -22.8849 -36.7996 -43.6619 -22.1715 20.8352 -0.5728 -31.4412 -40.6000 -44.0120 6.4409 31.7640 -20.9163 -36.0153 -43.4641 -32.2640 7.4598 -32.2640 -43.4641 -36.0153 -20.9163 31.7640 6.4409 -44.0120 -40.6000 -31.4412 -0.5728 20.8352 -22.1715 -43.6619 -36.7996 -22.8849 32.6844 9.4791 -42.9122 -41.5087 -32.8312 -11.1058 24.7651 -6.6513 -44.0992 -38.6110 -27.2675 23.7454 15.8232 -34.3297 -43.1093 -35.6774 -20.7156 32.0605 7.8755 -43.3913 -41.3796 -32.8188 -11.7854 25.4973 -3.7481 -44.1752 -39.1704 -28.7529 14.4979 18.1687 -28.0176 -43.5151 -36.6303 -23.0025 31.9197
-22.2350 -36.9295 -43.6282 -25.3675 19.0768 10.2432 -29.4034 -39.4388 -44.2064 -1.8621 26.3040 -13.1554 -33.1395 -41.5993 -42.9922 8.7649 32.4251 -21.3762 -35.9394 -43.2277 -32.8614 16.4238 21.6587 -27.6527 -38.7562 -44.1208 -5.8240 24.9769 -11.3750 -32.8611 -41.5087 -42.9551 9.3268 32.6696 -22.6551 -36.6785 -43.6120 -23.6979 20.3596 1.6168 -31.2154 -40.4164 -44.1245 5.6011 31.2742 -20.2604 -35.7471 -43.2800 -31.2759 15.9968 30.9839 15.9968 -31.2759 -43.2800 -35.7471 -20.2604 31.2742 5.6011 -44.1245 -40.4164 -31.2154 1.6168 20.3596 -23.6979 -43.6120 -36.6785 -22.6551 32.6696 9.3268 -42.9551 -41.5087 -32.8611 -11.3750 24.9769 -5.8240 -44.1208 -38.7562 -27.6527 21.6587 16.4238 -32.8614 -43.2277 -35.9394 -21.3762 32.4251 8.7649 -42.9922 -41.5993 -33.1395 -13.1554 26.3040 -1.8621 -44.2064 -39.4388 -29.4034 10.2432 19.0768 -25.3675 -43.6282 -36.9295 -22.2350
-34.6775 -43.7353 -22.5149 20.0215 6.0249 -30.0612 -39.7029 -44.2317 -0.1905 27.1151 -14.3798 -33.4585 -41.8120 -42.4936 9.6360 32.6459 -22.0598 -36.2215 -43.3479 -31.0899 17.0979 18.9869 -28.0997 -38.9324 -44.1460 -4.7315 25.3189 -11.8759 -32.9466 -41.5458 -42.9122 9.3268 32.6609 -22.5346 -36.5987 -43.5729 -24.8206 19.9232 3.5691 -30.9622 -40.2561 -44.1918 4.8052 30.7643 -19.6314 -35.4880 -43.1428 -32.5716 16.8646 22.5051 -20.8552 22.5051 16.8646 -32.5716 -43.1428 -35.4880 -19.6314 30.7643 4.8052 -44.1918 -40.2561 -30.9622 3.5691 19.9232 -24.8206 -43.5729 -36.5987 -22.5346 32.6609 9.3268 -42.9122 -41.5458 -32.9466 -11.8759 25.3189 -4.7315 -44.1460 -38.9324 -28.0997 18.9869 17.0979 -31.0899 -43.3479 -36.2215 -22.0598 32.6459 9.6360 -42.4936 -41.8120 -33.4585 -14.3798 27.1151 -0.1905 -44.2317 -39.7029 -30.0612 6.0249 20.0215 -22.5149 -43.7353 -34.6775
-41.8290 -19.5275 20.8872 2.1275 -30.7280 -39.9622 -44.2500 1.3011 27.9285 -15.4889 -33.7760 -42.0173 -41.8825 10.4833 32.6679 -22.7492 -36.5189 -43.4704 -28.9167 17.8687 15.7025 -28.6094 -39.1357 -44.1719 -3.4488 25.7683 -12.5609 -33.0804 -41.6179 -42.7852 9.4791 32.6696 -22.5346 -36.5708 -43.5531 -25.5310 19.6015 5.1281 -30.6729 -40.1240 -44.2281 4.0860 30.2830 -19.0364 -35.2485 -43.0156 -34.1069 16.4809 19.6914 -27.6206 -35.5300 -27.6206 19.6914 16.4809 -34.1069 -43.0156 -35.2485 -19.0364 30.2830 4.0860 -44.2281 -40.1240 -30.6729 5.1281 19.6015 -25.5310 -43.5531 -36.5708 -22.5346 32.6696 9.4791 -42.7852 -41.6179 -33.0804 -12.5609 25.7683 -3.4488 -44.1719 -39.1357 -28.6094 15.7025 17.8687 -28.9167 -43.4704 -36.5189 -22.7492 32.6679 10.4833 -41.8825 -42.0173 -33.7760 -15.4889 27.9285 1.3011 -44.2500 -39.9622 -30.7280 2.1275 20.8872 -19.5275 -41.8290
-18.6382 21.6839 -1.2808 -31.2301 -40.2167 -44.2431 2.6448 28.7399 -16.5054 -34.0919 -42.2150 -41.1449 11.3132 32.4426 -23.4232 -36.8174 -43.5873 -26.3795 18.7350 11.7899 -29.1830 -39.3613 -44.1979 -2.0514 26.3148 -13.3834 -33.2590 -41.7223 -42.5707 9.7704 32.6844 -22.6551 -36.5987 -43.5531 -25.7861 19.4366 6.1696 -30.4476 -40.0232 -44.2452 3.4680 29.8603 -18.5068 -35.0366 -42.8977 -35.4483 15.8800 21.4773 -27.9893 -38.9347 -44.3656 -38.9347 -27.9893 21.4773 15.8800 -35.4483 -42.8977 -35.0366 -18.5068 29.8603 3.4680 -44.2452 -40.0232 -30.4476 6.1696 19.4366 -25.7861 -43.5531 -36.5987 -22.6551 32.6844 9.7704 -42.5707 -41.7223 -33.2590 -13.3834 26.3148 -2.0514 -44.1979 -39.3613 -29.1830 11.7899 18.7350 -26.3795 -43.5873 -36.8174 -23.4232 32.4426 11.3132 -41.1449 -42.2150 -34.0919 -16.5054 28.7399 2.6448 -44.2431 -40.2167 -31.2301 -1.2808 21.6839 -18.6382
21.9558 -4.1753 -31.5586 -40.4660 -44.1897 3.8685 29.5322 -17.4472 -34.4061 -42.4047 -40.2650 12.1315 31.9199 -24.0851 -37.1134 -43.6941 -23.5968 19.6652 7.5705 -29.8154 -39.6082 -44.2227 -0.6194 26.9565 -14.2880 -33.4778 -41.8552 -42.2528 10.1844 32.6754 -22.8849 -36.6785 -43.5729 -25.5310 19.4366 6.5540 -30.3312 -39.9575 -44.2508 2.9823 29.5040 -18.0579 -34.8593 -42.7950 -36.5260 15.2926 23.6719 -27.6597 -38.9113 -44.9444 -35.8039 -44.9444 -38.9113 -27.6597 23.6719 15.2926 -36.5260 -42.7950 -34.8593 -18.0579 29.5040 2.9823 -44.2508 -39.9575 -30.3312 6.5540 19.4366 -25.5310 -43.5729 -36.6785 -22.8849 32.6754 10.1844 -42.2528 -41.8552 -33.4778 -14.2880 26.9565 -0.6194 -44.2227 -39.6082 -29.8154 7.5705 19.6652 -23.5968 -43.6941 -37.1134 -24.0851 31.9199 12.1315 -40.2650 -42.4047 -34.4061 -17.4472 29.5322 3.8685 -44.1897 -40.4660 -31.5586 -4.1753 21.9558
-6.3099 -31.8866 -40.7099 -44.0812 4.9955 30.2822 -18.3283 -34.7186 -42.5862 -39.2260 12.9433 31.0441 -24.7378 -37.4068 -43.7907 -20.6461 20.5620 3.5262 -30.4787 -39.8663 -44.2450 0.7987 27.6739 -15.2286 -33.7284 -42.0093 -41.8125 10.7075 32.5989 -23.2125 -36.7996 -43.6120 -24.8206 19.6015 6.1696 -30.3312 -39.9336 -44.2517 2.6586 29.2410 -17.7090 -34.7145 -42.7066 -37.3653 14.7777 25.5321 -27.2402 -38.7519 -44.2141 -7.2648 14.5058 -7.2648 -44.2141 -38.7519 -27.2402 25.5321 14.7777 -37.3653 -42.7066 -34.7145 -17.7090 29.2410 2.6586 -44.2517 -39.9336 -30.3312 6.1696 19.6015 -24.8206 -43.6120 -36.7996 -23.2125 32.5989 10.7075 -41.8125 -42.0093 -33.7284 -15.2286 27.6739 0.7987 -44.2450 -39.8663 -30.4787 3.5262 20.5620 -20.6461 -43.7907 -37.4068 -24.7378 31.0441 12.9433 -39.2260 -42.5862 -34.7186 -18.3283 30.2822 4.9955 -44.0812 -40.7099 -31.8866 -6.3099
-29.4913 -40.9503 -43.9106 6.0448 30.9719 -19.1594 -35.0293 -42.7590 -38.0097 13.7534 29.7561 -25.3837 -37.6973 -43.8772 -17.6048 21.3670 -0.0741 -31.0428 -40.1226 -44.2502 2.1602 28.4484 -16.1712 -33.9999 -42.1718 -41.2486 11.3019 32.3983 -23.6154 -36.9583 -43.6619 -23.6979 19.9232 5.1281 -30.4476 -39.9575 -44.2517 2.5390 29.1025 -17.4786 -34.6095 -42.6383 -37.9981 14.3500 26.9250 -26.8423 -38.5759 -44.1346 -5.6197 23.5161 27.4271 23.5161 -5.6197 -44.1346 -38.5759 -26.8423 26.9250 14.3500 -37.9981 -42.6383 -34.6095 -17.4786 29.1025 2.5390 -44.2517 -39.9575 -30.4476 5.1281 19.9232 -23.6979 -43.6619 -36.9583 -23.6154 32.3983 11.3019 -41.2486 -42.1718 -33.9999 -16.1712 28.4484 2.1602 -44.2502 -40.1226 -31.0428 -0.0741 21.3670 -17.6048 -43.8772 -37.6973 -25.3837 29.7561 13.7534 -38.0097 -42.7590 -35.0293 -19.1594 30.9719 6.0448 -43.9106 -40.9503 -29.4913
-38.8133 -43.6770 7.0318 31.5813 -19.9497 -35.3383 -42.9230 -36.5974 14.5665 27.9963 -26.0252 -37.9849 -43.9537 -14.5722 22.1370 -3.1541 -31.4366 -40.3739 -44.2156 3.4256 29.2412 -17.1046 -34.2929 -42.3415 -40.5375 11.9501 32.0065 -24.0765 -37.1505 -43.7209 -22.1715 20.3596 3.5691 -30.6729 -40.0232 -44.2508 2.6586 29.1025 -17.3938 -34.5549 -42.5933 -38.4280 14.0280 27.9291 -26.5086 -38.4161 -44.0946 -6.3934 24.9076 -9.2415 -27.3077 -9.2415 24.9076 -6.3934 -44.0933 -38.4160 -26.5095 27.9288 14.0280 -38.4280 -42.5933 -34.5549 -17.3938 29.1025 2.6586 -44.2508 -40.0232 -30.6729 3.5691 20.3596 -22.1715 -43.7209 -37.1505 -24.0765 32.0065 11.9501 -40.5375 -42.3415 -34.2929 -17.1046 29.2412 3.4256 -44.2156 -40.3739 -31.4366 -3.1541 22.1370 -14.5722 -43.9537 -37.9849 -26.0252 27.9963 14.5665 -36.5974 -42.9230 -35.3383 -19.9497 31.5813 7.0318 -43.6770 -38.8133
-42.1701 7.9793 32.0859 -20.7062 -35.6453 -43.0778 -34.9705 15.3871 25.7107 -26.6644 -38.2692 -44.0204 -11.6530 22.9146 -5.7475 -31.7640 -40.6198 -44.1284 4.5862 30.0092 -18.0068 -34.6025 -42.5197 -39.6203 12.6693 31.3396 -24.5936 -37.3690 -43.7889 -20.2623 20.8352 1.6168 -30.9622 -40.1240 -44.2452 2.9823 29.2410 -17.4786 -34.5549 -42.5768 -38.6432 13.8200 28.5820 -26.2558 -38.2849 -44.0630 -7.6011 24.6852 -10.9750 -32.3881 -38.6219 -32.3881 -10.9750 24.6844 -7.5775 -44.0622 -38.2881 -26.2576 28.5813 13.8200 -38.6432 -42.5768 -34.5549 -17.4786 29.2410 2.9823 -44.2452 -40.1240 -30.9622 1.6168 20.8352 -20.2623 -43.7889 -37.3690 -24.5936 31.3396 12.6693 -39.6203 -42.5197 -34.6025 -18.0068 30.0092 4.5862 -44.1284 -40.6198 -31.7640 -5.7475 22.9146 -11.6530 -44.0204 -38.2692 -26.6644 25.7107 15.3871 -34.9705 -43.0778 -35.6453 -20.7062 32.0859 7.9793 -42.1701
8.0548 32.4571 -21.4349 -35.9502 -43.2231 -33.1122 16.2198 22.8627 -27.3033 -38.5502 -44.0777 -8.9342 23.6998 -7.9340 -32.0898 -40.8600 -43.9818 5.6624 30.7235 -18.8554 -34.9139 -42.6957 -38.4842 13.4519 30.2720 -25.1662 -37.6129 -43.8584 -18.0009 21.3598 -0.5728 -31.2154 -40.2561 -44.2281 3.4680 29.5040 -17.7090 -34.6095 -42.5933 -38.6432 13.7444 28.8987 -26.0921 -38.1893 -44.0380 -8.7247 24.3391 -10.6108 -32.7234 -41.6443 -45.8629 -41.6443 -32.7238 -10.6123 24.3391 -8.6700 -44.0392 -38.1959 -26.0940 28.8981 13.7444 -38.6432 -42.5933 -34.6095 -17.7090 29.5040 3.4680 -44.2281 -40.2561 -31.2154 -0.5728 21.3598 -18.0009 -43.8584 -37.6129 -25.1662 30.2720 13.4519 -38.4842 -42.6957 -34.9139 -18.8554 30.7235 5.6624 -43.9818 -40.8600 -32.0898 -7.9340 23.6998 -8.9342 -44.0777 -38.5502 -27.3033 22.8627 16.2198 -33.1122 -43.2231 -35.9502 -21.4349 32.4571 8.0548
31.9979 -22.1419 -36.2531 -43.3587 -31.0098 17.0694 19.4540 -27.9437 -38.8276 -44.1261 -6.4682 24.4923 -9.7969 -32.4140 -41.0943 -43.7681 6.6710 31.3654 -19.6599 -35.2235 -42.8630 -37.1470 14.2633 28.7099 -25.7869 -37.8815 -43.9288 -15.4494 21.9685 -2.8518 -31.4412 -40.4164 -44.1918 4.0860 29.8603 -18.0579 -34.7145 -42.6383 -38.4280 13.8200 28.8987 -26.0326 -38.1397 -44.0223 -9.5430 24.0381 -9.9833 -32.6616 -41.4580 -43.7808 -9.3122 -43.7809 -41.4552 -32.6645 -10.0139 24.0520 -9.4751 -44.0236 -38.1457 -26.0345 28.8981 13.8200 -38.4280 -42.6383 -34.7145 -18.0579 29.8603 4.0860 -44.1918 -40.4164 -31.4412 -2.8518 21.9685 -15.4494 -43.9288 -37.8815 -25.7869 28.7099 14.2633 -37.1470 -42.8630 -35.2235 -19.6599 31.3654 6.6710 -43.7681 -41.0943 -32.4140 -9.7969 24.4923 -6.4682 -44.1261 -38.8276 -27.9437 19.4540 17.0694 -31.0098 -43.3587 -36.2531 -22.1419 31.9979
-21.5028 -36.5553 -43.4845 -28.6585 17.9414 15.5555 -28.5874 -39.1011 -44.1662 -4.2691 25.2917 -11.4071 -32.7366 -41.3223 -43.4785 7.6256 31.9121 -20.4283 -35.5313 -43.0213 -35.6021 15.0806 26.6254 -26.4267 -38.1638 -43.9967 -12.6868 22.6544 -5.0958 -31.7004 -40.6000 -44.1245 4.8052 30.2830 -18.5068 -34.8593 -42.7066 -37.9981 14.0280 28.5820 -26.0921 -38.1397 -44.0176 -9.9421 23.8614 -9.4423 -32.5606 -41.3481 -43.2971 7.3090 22.4586 7.3067 -43.2737 -41.3434 -32.5868 -9.5422 23.8879 -9.8982 -44.0189 -38.1448 -26.0940 28.5813 14.0280 -37.9981 -42.7066 -34.8593 -18.5068 30.2830 4.8052 -44.1245 -40.6000 -31.7004 -5.0958 22.6544 -12.6868 -43.9967 -38.1638 -26.4267 26.6254 15.0806 -35.6021 -43.0213 -35.5313 -20.4283 31.9121 7.6256 -43.4785 -41.3223 -32.7366 -11.4071 25.2917 -4.2691 -44.1662 -39.1011 -28.5874 15.5555 17.9414 -28.6585 -43.4845 -36.5553 -21.5028
-34.2947 -43.6041 -26.0664 18.8413 11.3406 -29.2363 -39.3706 -44.1990 -2.3228 26.0972 -12.8202 -33.0576 -41.5437 -43.1033 8.5374 32.3364 -21.1667 -35.8370 -43.1701 -33.8317 15.9082 23.9891 -27.0655 -38.4461 -44.0575 -9.9183 23.4084 -7.2114 -31.9882 -40.8019 -44.0120 5.6011 30.7643 -19.0364 -35.0366 -42.7950 -37.3653 14.3500 27.9291 -26.2558 -38.1893 -44.0223 -9.9438 23.7022 -8.9861 -32.4091 -41.2924 -43.2783 7.9602 31.7662 -7.2152 31.8249 8.2665 -42.9792 -41.3858 -32.4606 -9.4131 23.7806 -9.8347 -44.0225 -38.1951 -26.2576 27.9288 14.3500 -37.3653 -42.7950 -35.0366 -19.0364 30.7643 5.6011 -44.0120 -40.8019 -31.9882 -7.2114 23.4084 -9.9183 -44.0575 -38.4461 -27.0655 23.9891 15.9082 -33.8317 -43.1701 -35.8370 -21.1667 32.3364 8.5374 -43.1033 -41.5437 -33.0576 -12.8202 26.0972 -2.3228 -44.1990 -39.3706 -29.2363 11.3406 18.8413 -26.0664 -43.6041 -34.2947
-41.6726 -23.2698 19.7759 7.0834 -29.8921 -39.6357 -44.2257 -0.5996 26.9073 -14.0787 -33.3771 -41.7582 -42.6313 9.4157 32.6062 -21.8806 -36.1407 -43.3094 -31.8212 16.7510 20.7853 -27.7051 -38.7248 -44.1091 -7.3546 24.1966 -9.1367 -32.2972 -41.0159 -43.8402 6.4409 31.2742 -19.6314 -35.2485 -42.8977 -36.5260 14.7777 26.9250 -26.5086 -38.2849 -44.0381 -9.5445 23.8456 -8.6276 -32.5775 -41.2716 -43.3630 8.6544 32.3364 -20.8592 -32.1304 -20.6803 32.3818 8.8602 -43.4150 -41.3997 -32.5801 -9.4367 24.1076 -9.3860 -44.0382 -38.2881 -26.5095 26.9250 14.7777 -36.5260 -42.8977 -35.2485 -19.6314 31.2742 6.4409 -43.8402 -41.0159 -32.2972 -9.1367 24.1966 -7.3546 -44.1091 -38.7248 -27.7051 20.7853 16.7510 -31.8212 -43.3094 -36.1407 -21.8806 32.6062 9.4157 -42.6313 -41.7582 -33.3771 -14.0787 26.9073 -0.5996 -44.2257 -39.6357 -29.8921 7.0834 19.7759 -23.2698 -41.6726
-22.2854 20.6917 3.0893 -30.5558 -39.8969 -44.2470 0.9322 27.7189 -15.2129 -33.6945 -41.9666 -42.0515 10.2669 32.6842 -22.5734 -36.4421 -43.4404 -29.5667 17.6126 17.0626 -28.3467 -39.0001 -44.1530 -5.0605 24.9920 -10.8307 -32.6162 -41.2391 -43.5928 7.3083 31.7640 -20.2604 -35.4880 -43.0156 -35.4483 15.2926 25.5321 -26.8423 -38.4161 -44.0630 -8.7247 24.0401 -9.4627 -32.4911 -41.2865 -43.4427 8.2290 32.2734 -21.4857 -35.8681 -41.8608 -35.8473 -21.2927 32.6266 8.5354 -43.4545 -41.2426 -32.5093 -10.4129 24.0832 -8.6620 -44.0624 -38.4160 -26.8423 25.5321 15.2926 -35.4483 -43.0156 -35.4880 -20.2604 31.7640 7.3083 -43.5928 -41.2391 -32.6162 -10.8307 24.9920 -5.0605 -44.1530 -39.0001 -28.3467 17.0626 17.6126 -29.5667 -43.4404 -36.4421 -22.5734 32.6842 10.2669 -42.0515 -41.9666 -33.6945 -15.2129 27.7189 0.9322 -44.2470 -39.8969 -30.5558 3.0893 20.6917 -22.2854
