-2.3722 28.0013 -16.3860 -32.0165 -40.4967 -36.9820 14.6257 22.6568 -25.7095 -36.5774 -42.4244 -2.3719 27.1662 -15.3705 -31.6360 -40.2644 -38.3609 13.5857 25.9863 -25.0604 -36.2187 -42.3330 -4.8166 26.1578 -14.1105 -31.2266 -40.0048 -39.5177 12.5414 28.4790 -24.4021 -35.8546 -42.2313 -7.6456 25.1407 -12.6803 -30.8138 -39.7339 -40.4423 11.4941 30.2180 -23.7317 -35.4856 -42.1178 -10.8633 24.1200 -10.9998 -30.3697 -39.4412 -42.0501 -6.3462 -42.0501 -39.4412 -30.3697 -10.9998 24.1200 -10.8633 -42.1178 -35.4856 -23.7317 30.2180 11.4941 -40.4423 -39.7339 -30.8138 -12.6803 25.1407 -7.6456 -42.2313 -35.8546 -24.4021 28.4790 12.5414 -39.5177 -40.0048 -31.2266 -14.1105 26.1578 -4.8166 -42.3330 -36.2187 -25.0604 25.9863 13.5857 -38.3609 -40.2644 -31.6360 -15.3705 27.1662 -2.3719 -42.4244 -36.5774 -25.7095 22.6568 14.6257 -36.9820 -40.4967 -32.0165 -16.3860 28.0013 -2.3722
28.0013 -16.6853 -34.4024 -42.5518 -38.1973 14.4663 26.1017 -27.2019 -38.7844 -44.1655 -2.6213 26.7962 -15.0385 -33.9611 -42.3293 -39.6908 13.4314 28.7920 -26.3980 -38.4349 -44.1118 -5.1570 25.7860 -13.5700 -33.5633 -42.0854 -40.8838 12.4118 30.6715 -25.5939 -38.0796 -44.0448 -8.1034 24.7819 -11.8883 -33.1630 -41.8292 -41.8440 11.3847 31.8701 -24.7840 -37.7192 -43.9632 -11.4592 23.7864 -9.9157 -32.7578 -41.5686 -42.7942 8.5097 23.7001 8.5097 -42.7942 -41.5686 -32.7578 -9.9157 23.7864 -11.4592 -43.9632 -37.7192 -24.7840 31.8701 11.3847 -41.8440 -41.8292 -33.1630 -11.8883 24.7819 -8.1034 -44.0448 -38.0796 -25.5939 30.6715 12.4118 -40.8838 -42.0854 -33.5633 -13.5700 25.7860 -5.1570 -44.1118 -38.4349 -26.3980 28.7920 13.4314 -39.6908 -42.3293 -33.9611 -15.0385 26.7962 -2.6213 -44.1655 -38.7844 -27.2019 26.1017 14.4663 -38.1973 -42.5518 -34.4024 -16.6853 28.0013
-16.3860 -34.4024 -42.4723 -38.9435 13.8296 28.0498 -26.6099 -38.5139 -44.1177 -4.5811 25.9756 -13.8852 -33.6433 -42.1332 -40.6517 12.6039 30.3493 -25.7571 -38.1506 -44.0548 -7.4680 24.9563 -12.2496 -33.2435 -41.8796 -41.6570 11.5806 31.6763 -24.9487 -37.7913 -43.9765 -10.7425 23.9570 -10.3459 -32.8413 -41.6143 -42.4548 10.5417 32.4164 -24.1309 -37.4272 -43.8829 -14.3637 22.9691 -8.0735 -32.4360 -41.3419 -43.1014 9.0878 32.3870 -9.4609 32.3870 9.0878 -43.1014 -41.3419 -32.4360 -8.0735 22.9691 -14.3637 -43.8829 -37.4272 -24.1309 32.4164 10.5417 -42.4548 -41.6143 -32.8413 -10.3459 23.9570 -10.7425 -43.9765 -37.7913 -24.9487 31.6763 11.5806 -41.6570 -41.8796 -33.2435 -12.2496 24.9563 -7.4680 -44.0548 -38.1506 -25.7571 30.3493 12.6039 -40.6517 -42.1332 -33.6433 -13.8852 25.9756 -4.5811 -44.1177 -38.5139 -26.6099 28.0498 13.8296 -38.9435 -42.4723 -34.4024 -16.3860
-32.0165 -42.5518 -38.9435 13.5927 29.0100 -26.1752 -38.2880 -44.0699 -6.6157 25.2130 -12.6536 -33.3330 -41.9347 -41.4689 11.7900 31.4574 -25.1140 -37.8649 -43.9937 -10.0437 24.1597 -10.7599 -32.9234 -41.6693 -42.3076 10.7551 32.3077 -24.2985 -37.5017 -43.9032 -13.6045 23.1694 -8.5723 -32.5192 -41.3951 -42.9608 9.6958 32.6607 -23.4698 -37.1340 -43.7971 -17.3917 22.1910 -5.9122 -32.1125 -41.1113 -43.4581 8.5266 32.5488 -21.2194 -32.3363 -21.2194 32.5488 8.5266 -43.4581 -41.1113 -32.1125 -5.9122 22.1910 -17.3917 -43.7971 -37.1340 -23.4698 32.6607 9.6958 -42.9608 -41.3951 -32.5192 -8.5723 23.1694 -13.6045 -43.9032 -37.5017 -24.2985 32.3077 10.7551 -42.3076 -41.6693 -32.9234 -10.7599 24.1597 -10.0437 -43.9937 -37.8649 -25.1140 31.4574 11.7900 -41.4689 -41.9347 -33.3330 -12.6536 25.2130 -6.6157 -44.0699 -38.2880 -26.1752 29.0100 13.5927 -38.9435 -42.5518 -32.0165
-40.4967 -38.1973 13.8296 29.0100 -26.0138 -38.1593 -44.0293 -8.4228 24.5585 -11.4172 -33.0406 -41.7379 -42.1298 10.9888 32.1721 -24.4656 -37.5761 -43.9229 -12.8549 23.3702 -9.0515 -32.6017 -41.4519 -42.8414 9.9142 32.6240 -23.6399 -37.2093 -43.8200 -16.6113 22.3894 -6.4998 -32.1955 -41.1693 -43.3662 8.8266 32.6545 -22.7967 -36.8382 -43.7012 -20.4358 21.4205 -3.3500 -31.7868 -40.8766 -43.7509 7.6804 32.3380 -21.6602 -35.9698 -41.9629 -35.9698 -21.6602 32.3380 7.6804 -43.7509 -40.8766 -31.7868 -3.3500 21.4205 -20.4358 -43.7012 -36.8382 -22.7967 32.6545 8.8266 -43.3662 -41.1693 -32.1955 -6.4998 22.3894 -16.6113 -43.8200 -37.2093 -23.6399 32.6240 9.9142 -42.8414 -41.4519 -32.6017 -9.0515 23.3702 -12.8549 -43.9229 -37.5761 -24.4656 32.1721 10.9888 -42.1298 -41.7379 -33.0406 -11.4172 24.5585 -8.4228 -44.0293 -38.1593 -26.0138 29.0100 13.8296 -38.1973 -40.4967
-36.9820 14.4663 28.0498 -26.1752 -38.1593 -44.0122 -9.5313 24.1003 -10.3294 -32.7914 -41.5532 -42.6361 10.2241 32.5519 -23.8323 -37.2879 -43.8433 -15.8338 22.5882 -7.0627 -32.2785 -41.2277 -43.2714 9.0516 32.6774 -22.9701 -36.9141 -43.7267 -19.6614 21.6169 -4.0484 -31.8703 -40.9370 -43.6826 7.9267 32.4429 -22.1085 -36.5398 -43.5951 -23.3956 20.6227 -0.3059 -31.4595 -40.6367 -43.9692 6.7374 31.9420 -21.1677 -36.0643 -43.9788 -45.0998 -43.9788 -36.0643 -21.1677 31.9420 6.7374 -43.9692 -40.6367 -31.4595 -0.3059 20.6227 -23.3956 -43.5951 -36.5398 -22.1085 32.4429 7.9267 -43.6826 -40.9370 -31.8703 -4.0484 21.6169 -19.6614 -43.7267 -36.9141 -22.9701 32.6774 9.0516 -43.2714 -41.2277 -32.2785 -7.0627 22.5882 -15.8338 -43.8433 -37.2879 -23.8323 32.5519 10.2241 -42.6361 -41.5532 -32.7914 -10.3294 24.1003 -9.5313 -44.0122 -38.1593 -26.1752 28.0498 14.4663 -36.9820
14.6257 26.1017 -26.6099 -38.2880 -44.0293 -9.5313 23.9271 -9.6466 -32.6170 -41.4050 -43.0000 9.5244 32.6817 -23.2371 -37.0142 -43.7558 -18.7790 21.8226 -4.7166 -31.9536 -40.9970 -43.6095 8.1603 32.5143 -22.2862 -36.6164 -43.6232 -22.6513 20.8463 -1.1340 -31.5433 -40.6987 -43.9200 6.9871 32.0651 -21.4016 -36.2391 -43.4789 -26.1920 19.7316 3.2589 -31.0779 -40.3912 -44.1202 5.7348 31.4060 -20.4742 -35.8416 -43.3896 -33.3800 6.9624 -33.3800 -43.3896 -35.8416 -20.4742 31.4060 5.7348 -44.1202 -40.3912 -31.0779 3.2589 19.7316 -26.1920 -43.4789 -36.2391 -21.4016 32.0651 6.9871 -43.9200 -40.6987 -31.5433 -1.1340 20.8463 -22.6513 -43.6232 -36.6164 -22.2862 32.5143 8.1603 -43.6095 -40.9970 -31.9536 -4.7166 21.8226 -18.7790 -43.7558 -37.0142 -23.2371 32.6817 9.5244 -43.0000 -41.4050 -32.6170 -9.6466 23.9271 -9.5313 -44.0293 -38.2880 -26.6099 26.1017 14.6257
22.6568 -27.2019 -38.5139 -44.0699 -8.4228 24.1003 -9.6466 -32.5507 -41.3197 -43.2140 8.9827 32.6521 -22.7050 -36.7660 -43.6649 -21.5157 21.1090 -2.0324 -31.6316 -40.7630 -43.8663 7.2318 32.1756 -21.5844 -36.3162 -43.5096 -25.4956 19.9766 2.2986 -31.2066 -40.4546 -44.0876 5.9975 31.5551 -20.6717 -35.9361 -43.3526 -28.7733 18.7988 7.2779 -30.5254 -40.1403 -44.2113 4.6638 30.7709 -19.7134 -35.5512 -43.1991 -32.4890 15.5509 30.6319 15.5509 -32.4890 -43.1991 -35.5512 -19.7134 30.7709 4.6638 -44.2113 -40.1403 -30.5254 7.2779 18.7988 -28.7733 -43.3526 -35.9361 -20.6717 31.5551 5.9975 -44.0876 -40.4546 -31.2066 2.2986 19.9766 -25.4956 -43.5096 -36.3162 -21.5844 32.1756 7.2318 -43.8663 -40.7630 -31.6316 -2.0324 21.1090 -21.5157 -43.6649 -36.7660 -22.7050 32.6521 8.9827 -43.2140 -41.3197 -32.5507 -9.6466 24.1003 -8.4228 -44.0699 -38.5139 -27.2019 22.6568
-25.7095 -38.7844 -44.1177 -6.6157 24.5585 -10.3294 -32.6170 -41.3197 -43.2816 8.6875 32.5733 -22.2924 -36.5580 -43.5787 -23.9200 20.4076 0.8421 -31.3271 -40.5314 -44.0459 6.2675 31.6965 -20.8608 -36.0138 -43.3859 -28.1353 19.0338 6.2158 -30.6968 -40.2050 -44.1933 4.9450 30.9415 -19.9137 -35.6310 -43.2165 -31.1132 17.9002 11.5400 -29.8614 -39.8843 -44.2494 3.5098 30.0609 -18.9128 -35.2448 -43.0384 -33.8347 16.3550 24.3217 -20.3294 24.3217 16.3550 -33.8347 -43.0384 -35.2448 -18.9128 30.0609 3.5098 -44.2494 -39.8843 -29.8614 11.5400 17.9002 -31.1132 -43.2165 -35.6310 -19.9137 30.9415 4.9450 -44.1933 -40.2050 -30.6968 6.2158 19.0338 -28.1353 -43.3859 -36.0138 -20.8608 31.6965 6.2675 -44.0459 -40.5314 -31.3271 0.8421 20.4076 -23.9200 -43.5787 -36.5580 -22.2924 32.5733 8.6875 -43.2816 -41.3197 -32.6170 -10.3294 24.5585 -6.6157 -44.1177 -38.7844 -25.7095
-36.5774 -44.1655 -4.5811 25.2130 -11.4172 -32.7914 -41.4050 -43.2140 8.6875 32.5365 -22.0679 -36.4220 -43.5115 -25.7977 19.7260 3.7858 -30.9751 -40.3122 -44.1602 5.3067 31.1289 -20.1208 -35.7128 -43.2523 -30.5383 18.1272 10.4427 -30.0304 -39.9503 -44.2443 3.8139 30.2485 -19.1218 -35.3239 -43.0708 -33.2040 17.0295 15.7456 -29.2060 -39.6235 -44.2463 2.2524 29.2961 -18.0676 -34.9356 -42.8757 -35.5020 15.8842 21.9657 -27.2101 -35.3263 -27.2101 21.9657 15.8842 -35.5020 -42.8757 -34.9356 -18.0676 29.2961 2.2524 -44.2463 -39.6235 -29.2060 15.7456 17.0295 -33.2040 -43.0708 -35.3239 -19.1218 30.2485 3.8139 -44.2443 -39.9503 -30.0304 10.4427 18.1272 -30.5383 -43.2523 -35.7128 -20.1208 31.1289 5.3067 -44.1602 -40.3122 -30.9751 3.7858 19.7260 -25.7977 -43.5115 -36.4220 -22.0679 32.5365 8.6875 -43.2140 -41.4050 -32.7914 -11.4172 25.2130 -4.5811 -44.1655 -36.5774
-42.4244 -2.6213 25.9756 -12.6536 -33.0406 -41.5532 -43.0000 8.9827 32.5733 -22.0679 -36.3766 -43.4740 -26.9747 19.2065 6.4160 -30.5515 -40.1153 -44.2235 4.3653 30.5381 -19.3955 -35.4209 -43.1140 -32.6696 17.2499 14.6916 -29.3730 -39.6907 -44.2496 2.5852 29.4961 -18.2885 -35.0149 -42.9156 -35.0512 16.1807 19.6243 -28.5574 -39.3581 -44.2246 0.8671 28.4958 -17.1695 -34.6243 -42.7077 -37.0489 15.1273 24.0100 -27.5241 -38.7325 -44.2234 -38.7325 -27.5241 24.0100 15.1273 -37.0489 -42.7077 -34.6243 -17.1695 28.4958 0.8671 -44.2246 -39.3581 -28.5574 19.6243 16.1807 -35.0512 -42.9156 -35.0149 -18.2885 29.4961 2.5852 -44.2496 -39.6907 -29.3730 14.6916 17.2499 -32.6696 -43.1140 -35.4209 -19.3955 30.5381 4.3653 -44.2235 -40.1153 -30.5515 6.4160 19.2065 -26.9747 -43.4740 -36.3766 -22.0679 32.5733 8.9827 -43.0000 -41.5532 -33.0406 -12.6536 25.9756 -2.6213 -42.4244
-2.3719 26.7962 -13.8852 -33.3330 -41.7379 -42.6361 9.5244 32.6521 -22.2924 -36.4220 -43.4740 -27.3659 18.9401 8.1553 -30.1962 -39.9538 -44.2486 3.4595 29.9503 -18.7129 -35.1488 -42.9750 -34.4573 16.4248 18.6314 -28.7228 -39.4264 -44.2307 1.2352 28.7025 -17.4049 -34.7041 -42.7512 -36.6678 15.3487 23.0078 -27.9138 -39.0885 -44.1976 -0.6753 27.6825 -16.2067 -34.3112 -42.5322 -38.3973 14.3187 26.4854 -27.0708 -38.6839 -44.9245 -37.0740 -44.9245 -38.6839 -27.0708 26.4854 14.3187 -38.3973 -42.5322 -34.3112 -16.2067 27.6825 -0.6753 -44.1976 -39.0885 -27.9138 23.0078 15.3487 -36.6678 -42.7512 -34.7041 -17.4049 28.7025 1.2352 -44.2307 -39.4264 -28.7228 18.6314 16.4248 -34.4573 -42.9750 -35.1488 -18.7129 29.9503 3.4595 -44.2486 -39.9538 -30.1962 8.1553 18.9401 -27.3659 -43.4740 -36.4220 -22.2924 32.6521 9.5244 -42.6361 -41.7379 -33.3330 -13.8852 26.7962 -2.3719
27.1662 -15.0385 -33.6433 -41.9347 -42.1298 10.2241 32.6817 -22.7050 -36.5580 -43.5115 -26.9747 18.9401 8.7493 -30.0118 -39.8479 -44.2520 2.6985 29.4187 -18.0810 -34.9040 -42.8399 -35.9253 15.6847 21.9316 -28.1005 -39.1608 -44.2054 -0.2640 27.8907 -16.4599 -34.3915 -42.5779 -38.0705 14.5285 25.8293 -27.2735 -38.8147 -44.1645 -2.4081 26.8695 -15.1643 -33.9965 -42.3482 -39.5580 13.5084 28.5853 -26.4670 -38.4570 -44.1858 -9.4284 13.8986 -9.4284 -44.1858 -38.4570 -26.4670 28.5853 13.5084 -39.5580 -42.3482 -33.9965 -15.1643 26.8695 -2.4081 -44.1645 -38.8147 -27.2735 25.8293 14.5285 -38.0705 -42.5779 -34.3915 -16.4599 27.8907 -0.2640 -44.2054 -39.1608 -28.1005 21.9316 15.6847 -35.9253 -42.8399 -34.9040 -18.0810 29.4187 2.6985 -44.2520 -39.8479 -30.0118 8.7493 18.9401 -26.9747 -43.5115 -36.5580 -22.7050 32.6817 10.2241 -42.1298 -41.9347 -33.6433 -15.0385 27.1662
-15.3705 -33.9611 -42.1332 -41.4689 10.9888 32.5519 -23.2371 -36.7660 -43.5787 -25.7977 19.2065 8.1553 -30.0118 -39.8113 -44.2492 2.2014 29.0243 -17.5480 -34.6943 -42.7160 -37.1261 15.0168 24.4951 -27.5335 -38.9072 -44.1748 -1.8840 27.0865 -15.4395 -34.0772 -42.3961 -39.2781 13.7157 28.0894 -26.6347 -38.5372 -44.1240 -4.3656 26.0596 -14.0231 -33.6802 -42.1561 -40.5470 12.6982 30.1926 -25.8308 -38.1840 -44.0797 -8.1715 22.7166 29.1230 22.7166 -8.1715 -44.0797 -38.1840 -25.8308 30.1926 12.6982 -40.5470 -42.1561 -33.6802 -14.0231 26.0596 -4.3656 -44.1240 -38.5372 -26.6347 28.0894 13.7157 -39.2781 -42.3961 -34.0772 -15.4395 27.0865 -1.8840 -44.1748 -38.9072 -27.5335 24.4951 15.0168 -37.1261 -42.7160 -34.6943 -17.5480 29.0243 2.2014 -44.2492 -39.8113 -30.0118 8.1553 19.2065 -25.7977 -43.5787 -36.7660 -23.2371 32.5519 10.9888 -41.4689 -42.1332 -33.9611 -15.3705
-31.6360 -42.3293 -40.6517 11.7900 32.1721 -23.8323 -37.0142 -43.6649 -23.9200 19.7260 6.4160 -30.1962 -39.8479 -44.2492 2.0308 28.8182 -17.1979 -34.5385 -42.6108 -38.0357 14.4217 26.4825 -27.0277 -38.6761 -44.1403 -3.5840 26.3318 -14.3656 -33.7649 -42.2060 -40.3093 12.9056 29.8260 -25.9955 -38.2561 -44.0752 -6.5769 25.2544 -12.7582 -33.3622 -41.9560 -41.3821 11.8850 31.3496 -25.1890 -37.8984 -44.0074 -9.9281 23.9227 -7.0117 -26.7818 -7.0117 23.9227 -9.9281 -44.0074 -37.8984 -25.1890 31.3496 11.8850 -41.3821 -41.9560 -33.3622 -12.7582 25.2544 -6.5769 -44.0752 -38.2561 -25.9955 29.8260 12.9056 -40.3093 -42.2060 -33.7649 -14.3656 26.3318 -3.5840 -44.1403 -38.6761 -27.0277 26.4825 14.4217 -38.0357 -42.6108 -34.5385 -17.1979 28.8182 2.0308 -44.2492 -39.8479 -30.1962 6.4160 19.7260 -23.9200 -43.6649 -37.0142 -23.8323 32.1721 11.7900 -40.6517 -42.3293 -31.6360
-40.2644 -39.6908 12.6039 31.4574 -24.4656 -37.2879 -43.7558 -21.5157 20.4076 3.7858 -30.5515 -39.9538 -44.2520 2.2014 28.8182 -17.0786 -34.4583 -42.5415 -38.6502 13.9497 27.9378 -26.5762 -38.4683 -44.1048 -5.3304 25.6393 -13.2880 -33.4693 -42.0148 -41.1731 12.0943 31.0935 -25.3538 -37.9716 -44.0175 -9.0553 24.4553 -11.3369 -33.0427 -41.7484 -42.0799 11.0638 32.1125 -24.5413 -37.6098 -43.9330 -12.5461 23.4031 -8.4997 -31.9536 -38.2335 -31.9536 -8.4997 23.4031 -12.5461 -43.9330 -37.6098 -24.5413 32.1125 11.0638 -42.0799 -41.7484 -33.0427 -11.3369 24.4553 -9.0553 -44.0175 -37.9716 -25.3538 31.0935 12.0943 -41.1731 -42.0148 -33.4693 -13.2880 25.6393 -5.3304 -44.1048 -38.4683 -26.5762 27.9378 13.9497 -38.6502 -42.5415 -34.4583 -17.0786 28.8182 2.2014 -44.2520 -39.9538 -30.5515 3.7858 20.4076 -21.5157 -43.7558 -37.2879 -24.4656 31.4574 12.6039 -39.6908 -40.2644
-38.3609 13.4314 30.3493 -25.1140 -37.5761 -43.8433 -18.7790 21.1090 0.8421 -30.9751 -40.1153 -44.2486 2.6985 29.0243 -17.1979 -34.4583 -42.5185 -38.9557 13.6495 28.8441 -26.2135 -38.2915 -44.0683 -7.0374 25.0060 -12.2014 -33.2022 -41.8335 -41.8598 11.3046 31.9422 -24.7151 -37.6839 -43.9504 -11.7849 23.6631 -9.7163 -32.7216 -41.5336 -42.6556 10.2292 32.5397 -23.8861 -37.3184 -43.8522 -15.4872 22.6714 -7.1515 -32.1834 -41.2611 -45.7394 -41.2611 -32.1834 -7.1515 22.6714 -15.4872 -43.8522 -37.3184 -23.8861 32.5397 10.2292 -42.6556 -41.5336 -32.7216 -9.7163 23.6631 -11.7849 -43.9504 -37.6839 -24.7151 31.9422 11.3046 -41.8598 -41.8335 -33.2022 -12.2014 25.0060 -7.0374 -44.0683 -38.2915 -26.2135 28.8441 13.6495 -38.9557 -42.5185 -34.4583 -17.1979 29.0243 2.6985 -44.2486 -40.1153 -30.9751 0.8421 21.1090 -18.7790 -43.8433 -37.5761 -25.1140 30.3493 13.4314 -38.3609
13.5857 28.7920 -25.7571 -37.8649 -43.9229 -15.8338 21.8226 -2.0324 -31.3271 -40.3122 -44.2235 3.4595 29.4187 -17.5480 -34.5385 -42.5415 -38.9557 13.5468 29.2659 -25.9834 -38.1597 -44.0361 -8.5638 24.4586 -11.1121 -32.9570 -41.6664 -42.3833 10.5710 32.4281 -24.0936 -37.4033 -43.8743 -14.7115 22.8783 -7.8400 -32.3989 -41.3119 -43.1228 9.3755 32.6852 -23.2208 -37.0242 -43.7626 -18.5282 21.9019 -4.9849 -31.9670 -41.0149 -44.3022 -14.0138 -44.3022 -41.0149 -31.9670 -4.9849 21.9019 -18.5282 -43.7626 -37.0242 -23.2208 32.6852 9.3755 -43.1228 -41.3119 -32.3989 -7.8400 22.8783 -14.7115 -43.8743 -37.4033 -24.0936 32.4281 10.5710 -42.3833 -41.6664 -32.9570 -11.1121 24.4586 -8.5638 -44.0361 -38.1597 -25.9834 29.2659 13.5468 -38.9557 -42.5415 -34.5385 -17.5480 29.4187 3.4595 -44.2235 -40.3122 -31.3271 -2.0324 21.8226 -15.8338 -43.9229 -37.8649 -25.7571 28.7920 13.5857
25.9863 -26.3980 -38.1506 -43.9937 -12.8549 22.5882 -4.7166 -31.6316 -40.5314 -44.1602 4.3653 29.9503 -18.0810 -34.6943 -42.6108 -38.6502 13.6495 29.2659 -25.9021 -38.0901 -44.0127 -9.7482 24.0348 -10.1219 -32.7376 -41.5096 -42.7854 9.9036 32.6438 -23.5102 -37.1375 -43.7936 -17.6425 22.1099 -5.6365 -32.0747 -41.0836 -43.4938 8.4958 32.5976 -22.5425 -36.7274 -43.6629 -21.5518 21.1356 -2.2715 -31.6619 -40.7903 -43.9096 5.3363 20.9109 5.3363 -43.9096 -40.7903 -31.6619 -2.2715 21.1356 -21.5518 -43.6629 -36.7274 -22.5425 32.5976 8.4958 -43.4938 -41.0836 -32.0747 -5.6365 22.1099 -17.6425 -43.7936 -37.1375 -23.5102 32.6438 9.9036 -42.7854 -41.5096 -32.7376 -10.1219 24.0348 -9.7482 -44.0127 -38.0901 -25.9021 29.2659 13.6495 -38.6502 -42.6108 -34.6943 -18.0810 29.9503 4.3653 -44.1602 -40.5314 -31.6316 -4.7166 22.5882 -12.8549 -43.9937 -38.1506 -26.3980 25.9863
-25.0604 -38.4349 -44.0548 -10.0437 23.3702 -7.0627 -31.9536 -40.7630 -44.0459 5.3067 30.5381 -18.7129 -34.9040 -42.7160 -38.0357 13.9497 28.8441 -25.9834 -38.0901 -44.0031 -10.4100 23.7602 -9.3546 -32.5658 -41.3719 -43.0882 9.3060 32.6833 -22.9794 -36.8902 -43.7102 -20.3355 21.3929 -3.1194 -31.7525 -40.8490 -43.7796 7.5822 32.3198 -21.8479 -36.4282 -43.5530 -24.4586 20.3005 0.9602 -31.3366 -40.5489 -44.0415 5.9413 30.4749 -0.9990 30.4749 5.9413 -44.0415 -40.5489 -31.3366 0.9602 20.3005 -24.4586 -43.5530 -36.4282 -21.8479 32.3198 7.5822 -43.7796 -40.8490 -31.7525 -3.1194 21.3929 -20.3355 -43.7102 -36.8902 -22.9794 32.6833 9.3060 -43.0882 -41.3719 -32.5658 -9.3546 23.7602 -10.4100 -44.0031 -38.0901 -25.9834 28.8441 13.9497 -38.0357 -42.7160 -34.9040 -18.7129 30.5381 5.3067 -44.0459 -40.7630 -31.9536 -7.0627 23.3702 -10.0437 -44.0548 -38.4349 -25.0604
-36.2187 -44.1118 -7.4680 24.1597 -9.0515 -32.2785 -40.9970 -43.8663 6.2675 31.1289 -19.3955 -35.1488 -42.8399 -37.1261 14.4217 27.9378 -26.2135 -38.1597 -44.0127 -10.4100 23.6599 -8.9301 -32.4574 -41.2745 -43.2934 8.8006 32.6206 -22.5116 -36.6687 -43.6267 -22.7544 20.7458 -0.4163 -31.4477 -40.6168 -43.9882 6.6275 31.8891 -21.1329 -36.1266 -43.4331 -27.1795 19.3800 4.7095 -30.8911 -40.2991 -44.1613 5.2616 30.9278 -18.5641 -31.1765 -18.5641 30.9278 5.2616 -44.1613 -40.2991 -30.8911 4.7095 19.3800 -27.1795 -43.4331 -36.1266 -21.1329 31.8891 6.6275 -43.9882 -40.6168 -31.4477 -0.4163 20.7458 -22.7544 -43.6267 -36.6687 -22.5116 32.6206 8.8006 -43.2934 -41.2745 -32.4574 -8.9301 23.6599 -10.4100 -44.0127 -38.1597 -26.2135 27.9378 14.4217 -37.1261 -42.8399 -35.1488 -19.3955 31.1289 6.2675 -43.8663 -40.9970 -32.2785 -9.0515 24.1597 -7.4680 -44.1118 -36.2187
-42.3330 -5.1570 24.9563 -10.7599 -32.6017 -41.2277 -43.6095 7.2318 31.6965 -20.1208 -35.4209 -42.9750 -35.9253 15.0168 26.4825 -26.5762 -38.2915 -44.0361 -9.7482 23.7602 -8.9301 -32.4202 -41.2244 -43.4110 8.4290 32.5181 -22.1264 -36.4806 -43.5500 -24.8747 20.0805 2.3494 -31.1599 -40.3996 -44.1248 5.6543 31.3513 -20.4018 -35.8228 -43.3031 -29.6729 18.4608 8.8506 -30.2772 -40.0457 -44.2314 4.2333 30.4642 -19.1060 -34.8841 -40.9870 -34.8841 -19.1060 30.4642 4.2333 -44.2314 -40.0457 -30.2772 8.8506 18.4608 -29.6729 -43.3031 -35.8228 -20.4018 31.3513 5.6543 -44.1248 -40.3996 -31.1599 2.3494 20.0805 -24.8747 -43.5500 -36.4806 -22.1264 32.5181 8.4290 -43.4110 -41.2244 -32.4202 -8.9301 23.7602 -9.7482 -44.0361 -38.2915 -26.5762 26.4825 15.0168 -35.9253 -42.9750 -35.4209 -20.1208 31.6965 7.2318 -43.6095 -41.2277 -32.6017 -10.7599 24.9563 -5.1570 -42.3330
-4.8166 25.7860 -12.2496 -32.9234 -41.4519 -43.2714 8.1603 32.1756 -20.8608 -35.7128 -43.1140 -34.4573 15.6847 24.4951 -27.0277 -38.4683 -44.0683 -8.5638 24.0348 -9.3546 -32.4574 -41.2244 -43.4502 8.2293 32.4265 -21.8422 -36.3373 -43.4826 -26.5864 19.4317 5.1288 -30.7749 -40.2016 -44.2032 4.7056 30.7627 -19.6701 -35.5275 -43.1650 -31.9202 17.5733 13.1277 -29.6166 -39.7878 -44.2515 3.0529 29.7749 -18.5445 -35.0216 -43.3576 -45.8867 -43.3576 -35.0216 -18.5445 29.7749 3.0529 -44.2515 -39.7878 -29.6166 13.1277 17.5733 -31.9202 -43.1650 -35.5275 -19.6701 30.7627 4.7056 -44.2032 -40.2016 -30.7749 5.1288 19.4317 -26.5864 -43.4826 -36.3373 -21.8422 32.4265 8.2293 -43.4502 -41.2244 -32.4574 -9.3546 24.0348 -8.5638 -44.0683 -38.4683 -27.0277 24.4951 15.6847 -34.4573 -43.1140 -35.7128 -20.8608 32.1756 8.1603 -43.2714 -41.4519 -32.9234 -12.2496 25.7860 -4.8166
26.1578 -13.5700 -33.2435 -41.6693 -42.8414 9.0516 32.5143 -21.5844 -36.0138 -43.2523 -32.6696 16.4248 21.9316 -27.5335 -38.6761 -44.1048 -7.0374 24.4586 -10.1219 -32.5658 -41.2745 -43.4110 8.2293 32.3898 -21.6860 -36.2428 -43.4325 -27.8322 18.9151 7.7037 -30.3319 -40.0239 -44.2410 3.8026 30.1713 -18.9628 -35.2489 -43.0264 -33.8549 16.7210 17.2385 -28.9640 -39.5253 -44.2390 1.7534 28.9996 -17.7320 -34.8008 -42.8642 -38.6168 3.5426 -38.6168 -42.8642 -34.8008 -17.7320 28.9996 1.7534 -44.2390 -39.5253 -28.9640 17.2385 16.7210 -33.8549 -43.0264 -35.2489 -18.9628 30.1713 3.8026 -44.2410 -40.0239 -30.3319 7.7037 18.9151 -27.8322 -43.4325 -36.2428 -21.6860 32.3898 8.2293 -43.4110 -41.2745 -32.5658 -10.1219 24.4586 -7.0374 -44.1048 -38.6761 -27.5335 21.9316 16.4248 -32.6696 -43.2523 -36.0138 -21.5844 32.5143 9.0516 -42.8414 -41.6693 -33.2435 -13.5700 26.1578
-14.1105 -33.5633 -41.8796 -42.3076 9.9142 32.6774 -22.2862 -36.3162 -43.3859 -30.5383 17.2499 18.6314 -28.1005 -38.9072 -44.1403 -5.3304 25.0060 -11.1121 -32.7376 -41.3719 -43.2934 8.4290 32.4265 -21.6860 -36.2079 -43.4064 -28.5946 18.5562 9.7251 -29.9701 -39.8677 -44.2520 2.9700 29.6129 -18.3003 -34.9903 -42.8901 -35.4306 15.9363 20.8280 -28.3248 -39.2583 -44.2152 0.3133 28.1935 -16.8179 -34.5059 -42.6583 -38.0846 12.9542 28.1453 12.9542 -38.0846 -42.6583 -34.5059 -16.8179 28.1935 0.3133 -44.2152 -39.2583 -28.3248 20.8280 15.9363 -35.4306 -42.8901 -34.9903 -18.3003 29.6129 2.9700 -44.2520 -39.8677 -29.9701 9.7251 18.5562 -28.5946 -43.4064 -36.2079 -21.6860 32.4265 8.4290 -43.2934 -41.3719 -32.7376 -11.1121 25.0060 -5.3304 -44.1403 -38.9072 -28.1005 18.6314 17.2499 -30.5383 -43.3859 -36.3162 -22.2862 32.6774 9.9142 -42.3076 -41.8796 -33.5633 -14.1105
-31.2266 -42.0854 -41.6570 10.7551 32.6240 -22.9701 -36.6164 -43.5096 -28.1353 18.1272 14.6916 -28.7228 -39.1608 -44.1748 -3.5840 25.6393 -12.2014 -32.9570 -41.5096 -43.0882 8.8006 32.5181 -21.8422 -36.2428 -43.4064 -28.8533 18.3800 10.9733 -29.7177 -39.7466 -44.2479 2.2409 29.1221 -17.7087 -34.7593 -42.7587 -36.7212 15.2419 23.6847 -27.7270 -38.9965 -44.1863 -1.2960 27.3798 -15.8290 -34.1940 -42.4703 -38.9330 13.6161 30.9479 -17.0500 30.9479 13.6161 -38.9330 -42.4703 -34.1940 -15.8290 27.3798 -1.2960 -44.1863 -38.9965 -27.7270 23.6847 15.2419 -36.7212 -42.7587 -34.7593 -17.7087 29.1221 2.2409 -44.2479 -39.7466 -29.7177 10.9733 18.3800 -28.8533 -43.4064 -36.2428 -21.8422 32.5181 8.8006 -43.0882 -41.5096 -32.9570 -12.2014 25.6393 -3.5840 -44.1748 -39.1608 -28.7228 14.6916 18.1272 -28.1353 -43.5096 -36.6164 -22.9701 32.6240 10.7551 -41.6570 -42.0854 -31.2266
-40.0048 -40.8838 11.5806 32.3077 -23.6399 -36.9141 -43.6232 -25.4956 19.0338 10.4427 -29.3730 -39.4264 -44.2054 -1.8840 26.3318 -13.2880 -33.2022 -41.6664 -42.7854 9.3060 32.6206 -22.1264 -36.3373 -43.4325 -28.5946 18.3800 11.3728 -29.5954 -39.6736 -44.2400 1.6477 28.7219 -17.2010 -34.5635 -42.6411 -37.7747 14.6154 25.8642 -27.1910 -38.7534 -44.1528 -3.0428 26.5770 -14.7545 -33.8790 -42.2789 -39.9545 13.1335 29.9053 -25.0107 -34.1992 -25.0107 29.9053 13.1335 -39.9545 -42.2789 -33.8790 -14.7545 26.5770 -3.0428 -44.1528 -38.7534 -27.1910 25.8642 14.6154 -37.7747 -42.6411 -34.5635 -17.2010 28.7219 1.6477 -44.2400 -39.6736 -29.5954 11.3728 18.3800 -28.5946 -43.4325 -36.3373 -22.1264 32.6206 9.3060 -42.7854 -41.6664 -33.2022 -13.2880 26.3318 -1.8840 -44.2054 -39.4264 -29.3730 10.4427 19.0338 -25.4956 -43.6232 -36.9141 -23.6399 32.3077 11.5806 -40.8838 -40.0048
-39.5177 12.4118 31.6763 -24.2985 -37.2093 -43.7267 -22.6513 19.9766 6.2158 -30.0304 -39.6907 -44.2307 -0.2640 27.0865 -14.3656 -33.4693 -41.8335 -42.3833 9.9036 32.6833 -22.5116 -36.4806 -43.4826 -27.8322 18.5562 10.9733 -29.5954 -39.6492 -44.2356 1.2575 28.4306 -16.7994 -34.4105 -42.5423 -38.5802 14.0596 27.5387 -26.7089 -38.5335 -44.1171 -4.8348 25.8242 -13.6160 -33.5694 -42.0848 -40.8764 12.3865 30.7673 -25.3590 -37.7039 -43.4302 -37.7039 -25.3590 30.7673 12.3865 -40.8764 -42.0848 -33.5694 -13.6160 25.8242 -4.8348 -44.1171 -38.5335 -26.7089 27.5387 14.0596 -38.5802 -42.5423 -34.4105 -16.7994 28.4306 1.2575 -44.2356 -39.6492 -29.5954 10.9733 18.5562 -27.8322 -43.4826 -36.4806 -22.5116 32.6833 9.9036 -42.3833 -41.8335 -33.4693 -14.3656 27.0865 -0.2640 -44.2307 -39.6907 -30.0304 6.2158 19.9766 -22.6513 -43.7267 -37.2093 -24.2985 31.6763 12.4118 -39.5177
12.5414 30.6715 -24.9487 -37.5017 -43.8200 -19.6614 20.8463 2.2986 -30.6968 -39.9503 -44.2496 1.2352 27.8907 -15.4395 -33.7649 -42.0148 -41.8598 10.5710 32.6438 -22.9794 -36.6687 -43.5500 -26.5864 18.9151 9.7251 -29.7177 -39.6736 -44.2356 1.1247 28.2792 -16.5429 -34.3043 -42.4652 -39.1572 13.6071 28.7670 -26.2861 -38.3376 -44.0806 -6.6097 25.1504 -12.4626 -33.2769 -41.8906 -41.6328 11.5885 31.6839 -24.9072 -37.7154 -44.7034 -41.5089 -44.7034 -37.7154 -24.9072 31.6839 11.5885 -41.6328 -41.8906 -33.2769 -12.4626 25.1504 -6.6097 -44.0806 -38.3376 -26.2861 28.7670 13.6071 -39.1572 -42.4652 -34.3043 -16.5429 28.2792 1.1247 -44.2356 -39.6736 -29.7177 9.7251 18.9151 -26.5864 -43.5500 -36.6687 -22.9794 32.6438 10.5710 -41.8598 -42.0148 -33.7649 -15.4395 27.8907 1.2352 -44.2496 -39.9503 -30.6968 2.2986 20.8463 -19.6614 -43.8200 -37.5017 -24.9487 30.6715 12.5414
28.4790 -25.5939 -37.7913 -43.9032 -16.6113 21.6169 -1.1340 -31.2066 -40.2050 -44.2443 2.5852 28.7025 -16.4599 -34.0772 -42.2060 -41.1731 11.3046 32.4281 -23.5102 -36.8902 -43.6267 -24.8747 19.4317 7.7037 -29.9701 -39.7466 -44.2400 1.2575 28.2792 -16.4518 -34.2492 -42.4147 -39.5329 13.2683 29.5876 -25.9363 -38.1665 -44.0434 -8.3104 24.5567 -11.3224 -33.0090 -41.7046 -42.2325 10.8144 32.2917 -24.3020 -37.4897 -43.9899 -19.2539 11.4198 -19.2539 -43.9899 -37.4897 -24.3020 32.2917 10.8144 -42.2325 -41.7046 -33.0090 -11.3224 24.5567 -8.3104 -44.0434 -38.1665 -25.9363 29.5876 13.2683 -39.5329 -42.4147 -34.2492 -16.4518 28.2792 1.2575 -44.2400 -39.7466 -29.9701 7.7037 19.4317 -24.8747 -43.6267 -36.8902 -23.5102 32.4281 11.3046 -41.1731 -42.2060 -34.0772 -16.4599 28.7025 2.5852 -44.2443 -40.2050 -31.2066 -1.1340 21.6169 -16.6113 -43.9032 -37.7913 -25.5939 28.4790
-24.4021 -38.0796 -43.9765 -13.6045 22.3894 -4.0484 -31.5433 -40.4546 -44.1933 3.8139 29.4961 -17.4049 -34.3915 -42.3961 -40.3093 12.0943 31.9422 -24.0936 -37.1375 -43.7102 -22.7544 20.0805 5.1288 -30.3319 -39.8677 -44.2479 1.6477 28.4306 -16.5429 -34.2492 -42.3975 -39.7204 13.0521 30.0925 -25.6687 -38.0273 -44.0098 -9.8294 24.0496 -10.2325 -32.7703 -41.5342 -42.6992 10.0849 32.5971 -23.6934 -37.2189 -43.8411 -17.8116 20.0439 32.0911 20.0439 -17.8116 -43.8411 -37.2189 -23.6934 32.5971 10.0849 -42.6992 -41.5342 -32.7703 -10.2325 24.0496 -9.8294 -44.0098 -38.0273 -25.6687 30.0925 13.0521 -39.7204 -42.3975 -34.2492 -16.5429 28.4306 1.6477 -44.2479 -39.8677 -30.3319 5.1288 20.0805 -22.7544 -43.7102 -37.1375 -24.0936 31.9422 12.0943 -40.3093 -42.3961 -34.3915 -17.4049 29.4961 3.8139 -44.1933 -40.4546 -31.5433 -4.0484 22.3894 -13.6045 -43.9765 -38.0796 -24.4021
-35.8546 -44.0448 -10.7425 23.1694 -6.4998 -31.8703 -40.6987 -44.0876 4.9450 30.2485 -18.2885 -34.7041 -42.5779 -39.2781 12.9056 31.0935 -24.7151 -37.4033 -43.7936 -20.3355 20.7458 2.3494 -30.7749 -40.0239 -44.2520 2.2409 28.7219 -16.7994 -34.3043 -42.4147 -39.7204 12.9766 30.3341 -25.4976 -37.9308 -43.9820 -11.1036 23.6357 -9.2401 -32.5646 -41.3828 -43.0494 9.4080 32.6862 -23.1196 -36.9585 -43.7382 -19.7659 21.2852 2.8391 -24.9805 2.8391 21.2852 -19.7659 -43.7382 -36.9585 -23.1196 32.6862 9.4080 -43.0494 -41.3828 -32.5646 -9.2401 23.6357 -11.1036 -43.9820 -37.9308 -25.4976 30.3341 12.9766 -39.7204 -42.4147 -34.3043 -16.7994 28.7219 2.2409 -44.2520 -40.0239 -30.7749 2.3494 20.7458 -20.3355 -43.7936 -37.4033 -24.7151 31.0935 12.9056 -39.2781 -42.5779 -34.7041 -18.2885 30.2485 4.9450 -44.0876 -40.6987 -31.8703 -6.4998 23.1694 -10.7425 -44.0448 -35.8546
-42.2313 -8.1034 23.9570 -8.5723 -32.1955 -40.9370 -43.9200 5.9975 30.9415 -19.1218 -35.0149 -42.7512 -38.0705 13.7157 29.8260 -25.3538 -37.6839 -43.8743 -17.6425 21.3929 -0.4163 -31.1599 -40.2016 -44.2410 2.9700 29.1221 -17.2010 -34.4105 -42.4652 -39.5329 13.0521 30.3341 -25.4377 -37.8809 -43.9623 -12.0529 23.3243 -8.3676 -32.3954 -41.2555 -43.3068 8.8076 32.6312 -22.5835 -36.7167 -43.6477 -22.2344 20.8580 0.0584 -30.7949 -37.1535 -30.7949 0.0584 20.8580 -22.2344 -43.6477 -36.7167 -22.5835 32.6312 8.8076 -43.3068 -41.2555 -32.3954 -8.3676 23.3243 -12.0529 -43.9623 -37.8809 -25.4377 30.3341 13.0521 -39.5329 -42.4652 -34.4105 -17.2010 29.1221 2.9700 -44.2410 -40.2016 -31.1599 -0.4163 21.3929 -17.6425 -43.8743 -37.6839 -25.3538 29.8260 13.7157 -38.0705 -42.7512 -35.0149 -19.1218 30.9415 5.9975 -43.9200 -40.9370 -32.1955 -8.5723 23.9570 -8.1034 -42.2313
-7.6456 24.7819 -10.3459 -32.5192 -41.1693 -43.6826 6.9871 31.5551 -19.9137 -35.3239 -42.9156 -36.6678 14.5285 28.0894 -25.9955 -37.9716 -43.9504 -14.7115 22.1099 -3.1194 -31.4477 -40.3996 -44.2032 3.8026 29.6129 -17.7087 -34.5635 -42.5423 -39.1572 13.2683 30.0925 -25.4976 -37.8809 -43.9557 -12.5554 23.1234 -7.6974 -32.2673 -41.1494 -43.4904 8.2966 32.4961 -22.1092 -36.4941 -43.5603 -24.5625 20.1868 2.0111 -31.1062 -40.3585 -45.2863 -40.3585 -31.1062 2.0111 20.1868 -24.5625 -43.5603 -36.4941 -22.1092 32.4961 8.2966 -43.4904 -41.1494 -32.2673 -7.6974 23.1234 -12.5554 -43.9557 -37.8809 -25.4976 30.0925 13.2683 -39.1572 -42.5423 -34.5635 -17.7087 29.6129 3.8026 -44.2032 -40.3996 -31.4477 -3.1194 22.1099 -14.7115 -43.9504 -37.9716 -25.9955 28.0894 14.5285 -36.6678 -42.9156 -35.3239 -19.9137 31.5551 6.9871 -43.6826 -41.1693 -32.5192 -10.3459 24.7819 -7.6456
25.1407 -11.8883 -32.8413 -41.3951 -43.3662 7.9267 32.0651 -20.6717 -35.6310 -43.0708 -35.0512 15.3487 25.8293 -26.6347 -38.2561 -44.0175 -11.7849 22.8783 -5.6365 -31.7525 -40.6168 -44.1248 4.7056 30.1713 -18.3003 -34.7593 -42.6411 -38.5802 13.6071 29.5876 -25.6687 -37.9308 -43.9623 -12.5554 23.0504 -7.3342 -32.1842 -41.0706 -43.6136 7.8722 32.3324 -21.7076 -36.3019 -43.4782 -26.5635 19.4709 4.8350 -30.8198 -40.2159 -44.8101 -24.0262 -44.8101 -40.2159 -30.8198 4.8350 19.4709 -26.5635 -43.4782 -36.3019 -21.7076 32.3324 7.8722 -43.6136 -41.0706 -32.1842 -7.3342 23.0504 -12.5554 -43.9623 -37.9308 -25.6687 29.5876 13.6071 -38.5802 -42.6411 -34.7593 -18.3003 30.1713 4.7056 -44.1248 -40.6168 -31.7525 -5.6365 22.8783 -11.7849 -44.0175 -38.2561 -26.6347 25.8293 15.3487 -35.0512 -43.0708 -35.6310 -20.6717 32.0651 7.9267 -43.3662 -41.3951 -32.8413 -11.8883 25.1407
-12.6803 -33.1630 -41.6143 -42.9608 8.8266 32.4429 -21.4016 -35.9361 -43.2165 -33.2040 16.1807 23.0078 -27.2735 -38.5372 -44.0752 -9.0553 23.6631 -7.8400 -32.0747 -40.8490 -43.9882 5.6543 30.7627 -18.9628 -34.9903 -42.7587 -37.7747 14.0596 28.7670 -25.9363 -38.0273 -43.9820 -12.0529 23.1234 -7.3342 -32.1540 -41.0300 -43.6864 7.5603 32.1804 -21.3756 -36.1438 -43.4091 -28.1932 18.8453 7.7676 -30.3515 -40.0397 -44.2343 1.5981 18.2514 1.5981 -44.2343 -40.0397 -30.3515 7.7676 18.8453 -28.1932 -43.4091 -36.1438 -21.3756 32.1804 7.5603 -43.6864 -41.0300 -32.1540 -7.3342 23.1234 -12.0529 -43.9820 -38.0273 -25.9363 28.7670 14.0596 -37.7747 -42.7587 -34.9903 -18.9628 30.7627 5.6543 -43.9882 -40.8490 -32.0747 -7.8400 23.6631 -9.0553 -44.0752 -38.5372 -27.2735 23.0078 16.1807 -33.2040 -43.2165 -35.9361 -21.4016 32.4429 8.8266 -42.9608 -41.6143 -33.1630 -12.6803
-30.8138 -41.8292 -42.4548 9.6958 32.6545 -22.1085 -36.2391 -43.3526 -31.1132 17.0295 19.6243 -27.9138 -38.8147 -44.1240 -6.5769 24.4553 -9.7163 -32.3989 -41.0836 -43.7796 6.6275 31.3513 -19.6701 -35.2489 -42.8901 -36.7212 14.6154 27.5387 -26.2861 -38.1665 -44.0098 -11.1036 23.3243 -7.6974 -32.1842 -41.0300 -43.7117 7.3963 32.0702 -21.1328 -36.0239 -43.3490 -29.4799 18.3270 10.4381 -29.9073 -39.8609 -44.2488 2.5387 27.7659 11.2052 27.7659 2.5387 -44.2488 -39.8609 -29.9073 10.4381 18.3270 -29.4799 -43.3490 -36.0239 -21.1328 32.0702 7.3963 -43.7117 -41.0300 -32.1842 -7.6974 23.3243 -11.1036 -44.0098 -38.1665 -26.2861 27.5387 14.6154 -36.7212 -42.8901 -35.2489 -19.6701 31.3513 6.6275 -43.7796 -41.0836 -32.3989 -9.7163 24.4553 -6.5769 -44.1240 -38.8147 -27.9138 19.6243 17.0295 -31.1132 -43.3526 -36.2391 -22.1085 32.6545 9.6958 -42.4548 -41.8292 -30.8138
-39.7339 -41.8440 10.5417 32.6607 -22.7967 -36.5398 -43.4789 -28.7733 17.9002 15.7456 -28.5574 -39.0885 -44.1645 -4.3656 25.2544 -11.3369 -32.7216 -41.3119 -43.4938 7.5822 31.8891 -20.4018 -35.5275 -43.0264 -35.4306 15.2419 25.8642 -26.7089 -38.3376 -44.0434 -9.8294 23.6357 -8.3676 -32.2673 -41.0706 -43.6864 7.3963 32.0279 -21.0055 -35.9461 -43.3025 -30.4075 17.9121 12.6808 -29.5323 -39.6959 -44.2451 2.0454 28.7964 -15.7892 -29.7649 -15.7892 28.7964 2.0454 -44.2451 -39.6959 -29.5323 12.6808 17.9121 -30.4075 -43.3025 -35.9461 -21.0055 32.0279 7.3963 -43.6864 -41.0706 -32.2673 -8.3676 23.6357 -9.8294 -44.0434 -38.3376 -26.7089 25.8642 15.2419 -35.4306 -43.0264 -35.5275 -20.4018 31.8891 7.5822 -43.4938 -41.3119 -32.7216 -11.3369 25.2544 -4.3656 -44.1645 -39.0885 -28.5574 15.7456 17.9002 -28.7733 -43.4789 -36.5398 -22.7967 32.6607 10.5417 -41.8440 -39.7339
-40.4423 11.3847 32.4164 -23.4698 -36.8382 -43.5951 -26.1920 18.7988 11.5400 -29.2060 -39.3581 -44.1976 -2.4081 26.0596 -12.7582 -33.0427 -41.5336 -43.1228 8.4958 32.3198 -21.1329 -35.8228 -43.1650 -33.8549 15.9363 23.6847 -27.1910 -38.5335 -44.0806 -8.3104 24.0496 -9.2401 -32.3954 -41.1494 -43.6136 7.5603 32.0702 -21.0055 -35.9178 -43.2788 -30.9869 17.6157 14.3525 -29.2282 -39.5577 -44.2336 1.2875 28.5215 -16.7328 -33.9664 -40.1152 -33.9664 -16.7328 28.5215 1.2901 -44.2334 -39.5575 -29.2283 14.3525 17.6157 -30.9869 -43.2788 -35.9178 -21.0055 32.0702 7.5603 -43.6136 -41.1494 -32.3954 -9.2401 24.0496 -8.3104 -44.0806 -38.5335 -27.1910 23.6847 15.9363 -33.8549 -43.1650 -35.8228 -21.1329 32.3198 8.4958 -43.1228 -41.5336 -33.0427 -12.7582 26.0596 -2.4081 -44.1976 -39.3581 -29.2060 11.5400 18.7988 -26.1920 -43.5951 -36.8382 -23.4698 32.4164 11.3847 -40.4423
11.4941 31.8701 -24.1309 -37.1340 -43.7012 -23.3956 19.7316 7.2779 -29.8614 -39.6235 -44.2246 -0.6753 26.8695 -14.0231 -33.3622 -41.7484 -42.6556 9.3755 32.5976 -21.8479 -36.1266 -43.3031 -31.9202 16.7210 20.8280 -27.7270 -38.7534 -44.1171 -6.6097 24.5567 -10.2325 -32.5646 -41.2555 -43.4904 7.8722 32.1804 -21.1328 -35.9461 -43.2788 -31.1936 17.4631 15.4141 -29.0092 -39.4528 -44.2224 0.5387 28.1103 -16.4495 -34.2341 -42.7858 -46.0479 -42.7858 -34.2341 -16.4495 28.1180 0.5583 -44.2226 -39.4523 -29.0094 15.4141 17.4631 -31.1936 -43.2788 -35.9461 -21.1328 32.1804 7.8722 -43.4904 -41.2555 -32.5646 -10.2325 24.5567 -6.6097 -44.1171 -38.7534 -27.7270 20.8280 16.7210 -31.9202 -43.3031 -36.1266 -21.8479 32.5976 9.3755 -42.6556 -41.7484 -33.3622 -14.0231 26.8695 -0.6753 -44.2246 -39.6235 -29.8614 7.2779 19.7316 -23.3956 -43.7012 -37.1340 -24.1309 31.8701 11.4941
30.2180 -24.7840 -37.4272 -43.7971 -20.4358 20.6227 3.2589 -30.5254 -39.8843 -44.2463 0.8671 27.6825 -15.1643 -33.6802 -41.9560 -42.0799 10.2292 32.6852 -22.5425 -36.4282 -43.4331 -29.6729 17.5733 17.2385 -28.3248 -38.9965 -44.1528 -4.8348 25.1504 -11.3224 -32.7703 -41.3828 -43.3068 8.2966 32.3324 -21.3756 -36.0239 -43.3025 -30.9869 17.4631 15.7953 -28.8958 -39.3847 -44.2128 -0.0600 27.7474 -16.0136 -34.1531 -42.4425 -41.0527 0.2743 -41.0525 -42.4441 -34.1531 -16.0137 27.7646 -0.0242 -44.2137 -39.3843 -28.8961 15.7953 17.4631 -30.9869 -43.3025 -36.0239 -21.3756 32.3324 8.2966 -43.3068 -41.3828 -32.7703 -11.3224 25.1504 -4.8348 -44.1528 -38.9965 -28.3248 17.2385 17.5733 -29.6729 -43.4331 -36.4282 -22.5425 32.6852 10.2292 -42.0799 -41.9560 -33.6802 -15.1643 27.6825 0.8671 -44.2463 -39.8843 -30.5254 3.2589 20.6227 -20.4358 -43.7971 -37.4272 -24.7840 30.2180
-23.7317 -37.7192 -43.8829 -17.3917 21.4205 -0.3059 -31.0779 -40.1403 -44.2494 2.2524 28.4958 -16.2067 -33.9965 -42.1561 -41.3821 11.0638 32.5397 -23.2208 -36.7274 -43.5530 -27.1795 18.4608 13.1277 -28.9640 -39.2583 -44.1863 -3.0428 25.8242 -12.4626 -33.0090 -41.5342 -43.0494 8.8076 32.4961 -21.7076 -36.1438 -43.3490 -30.4075 17.6157 15.4141 -28.8958 -39.3600 -44.2070 -0.4389 27.4959 -15.6289 -34.0356 -42.3196 -40.3246 11.2631 26.2674 11.2559 -40.3281 -42.3256 -34.0349 -15.6341 27.5103 -0.4094 -44.2084 -39.3595 -28.8961 15.4141 17.6157 -30.4075 -43.3490 -36.1438 -21.7076 32.4961 8.8076 -43.0494 -41.5342 -33.0090 -12.4626 25.8242 -3.0428 -44.1863 -39.2583 -28.9640 13.1277 18.4608 -27.1795 -43.5530 -36.7274 -23.2208 32.5397 11.0638 -41.3821 -42.1561 -33.9965 -16.2067 28.4958 2.2524 -44.2494 -40.1403 -31.0779 -0.3059 21.4205 -17.3917 -43.8829 -37.7192 -23.7317
-35.4856 -43.9632 -14.3637 22.1910 -3.3500 -31.4595 -40.3912 -44.2113 3.5098 29.2961 -17.1695 -34.3112 -42.3482 -40.5470 11.8850 32.1125 -23.8861 -37.0242 -43.6629 -24.4586 19.3800 8.8506 -29.6166 -39.5253 -44.2152 -1.2960 26.5770 -13.6160 -33.2769 -41.7046 -42.6992 9.4080 32.6312 -22.1092 -36.3019 -43.4091 -29.4799 17.9121 14.3525 -29.0092 -39.3847 -44.2070 -0.5646 27.3948 -15.4106 -33.9529 -42.2489 -40.3907 12.2732 32.4156 -14.7026 32.4762 12.1919 -40.4777 -42.2483 -33.9304 -15.3716 27.3509 -0.5437 -44.2083 -39.3843 -29.0094 14.3525 17.9121 -29.4799 -43.4091 -36.3019 -22.1092 32.6312 9.4080 -42.6992 -41.7046 -33.2769 -13.6160 26.5770 -1.2960 -44.2152 -39.5253 -29.6166 8.8506 19.3800 -24.4586 -43.6629 -37.0242 -23.8861 32.1125 11.8850 -40.5470 -42.3482 -34.3112 -17.1695 29.2961 3.5098 -44.2113 -40.3912 -31.4595 -3.3500 22.1910 -14.3637 -43.9632 -35.4856
-42.1178 -11.4592 22.9691 -5.9122 -31.7868 -40.6367 -44.1202 4.6638 30.0609 -18.0676 -34.6243 -42.5322 -39.5580 12.6982 31.3496 -24.5413 -37.3184 -43.7626 -21.5518 20.3005 4.7095 -30.2772 -39.7878 -44.2390 0.3133 27.3798 -14.7545 -33.5694 -41.8906 -42.2325 10.0849 32.6862 -22.5835 -36.4941 -43.4782 -28.1932 18.3270 12.6808 -29.2282 -39.4528 -44.2128 -0.4389 27.3932 -15.5747 -33.9743 -42.3150 -40.5970 12.9198 31.3490 -23.9474 -33.5033 -23.6268 31.9786 12.4098 -40.5199 -42.1985 -33.9020 -15.3204 27.6016 -0.4112 -44.2137 -39.4523 -29.2283 12.6808 18.3270 -28.1932 -43.4782 -36.4941 -22.5835 32.6862 10.0849 -42.2325 -41.8906 -33.5694 -14.7545 27.3798 0.3133 -44.2390 -39.7878 -30.2772 4.7095 20.3005 -21.5518 -43.7626 -37.3184 -24.5413 31.3496 12.6982 -39.5580 -42.5322 -34.6243 -18.0676 30.0609 4.6638 -44.1202 -40.6367 -31.7868 -5.9122 22.9691 -11.4592 -42.1178
-10.8633 23.7864 -8.0735 -32.1125 -40.8766 -43.9692 5.7348 30.7709 -18.9128 -34.9356 -42.7077 -38.3973 13.5084 30.1926 -25.1890 -37.6098 -43.8522 -18.5282 21.1356 0.9602 -30.8911 -40.0457 -44.2515 1.7534 28.1935 -15.8290 -33.8790 -42.0848 -41.6328 10.8144 32.5971 -23.1196 -36.7167 -43.5603 -26.5635 18.8453 10.4381 -29.5323 -39.5577 -44.2224 -0.0600 27.4942 -15.4083 -34.0063 -42.1618 -40.4272 11.8937 30.9262 -24.8788 -37.3526 -42.7911 -36.9980 -24.2493 31.4818 11.8234 -41.3329 -42.1341 -33.8019 -15.4222 27.5052 -0.0250 -44.2226 -39.5575 -29.5323 10.4381 18.8453 -26.5635 -43.5603 -36.7167 -23.1196 32.5971 10.8144 -41.6328 -42.0848 -33.8790 -15.8290 28.1935 1.7534 -44.2515 -40.0457 -30.8911 0.9602 21.1356 -18.5282 -43.8522 -37.6098 -25.1890 30.1926 13.5084 -38.3973 -42.7077 -34.9356 -18.9128 30.7709 5.7348 -43.9692 -40.8766 -32.1125 -8.0735 23.7864 -10.8633
24.1200 -9.9157 -32.4360 -41.1113 -43.7509 6.7374 31.4060 -19.7134 -35.2448 -42.8757 -37.0489 14.3187 28.5853 -25.8308 -37.8984 -43.9330 -15.4872 21.9019 -2.2715 -31.3366 -40.2991 -44.2314 3.0529 28.9996 -16.8179 -34.1940 -42.2789 -40.8764 11.5885 32.2917 -23.6934 -36.9585 -43.6477 -24.5625 19.4709 7.7676 -29.9073 -39.6959 -44.2336 0.5387 27.7473 -15.6213 -33.9367 -42.0834 -40.9698 12.4726 31.5326 -24.9704 -37.8428 -44.7845 -42.4568 -44.4939 -37.6432 -24.6334 31.9585 11.7467 -41.0095 -42.1927 -33.9090 -15.6300 27.7636 0.5583 -44.2334 -39.6959 -29.9073 7.7676 19.4709 -24.5625 -43.6477 -36.9585 -23.6934 32.2917 11.5885 -40.8764 -42.2789 -34.1940 -16.8179 28.9996 3.0529 -44.2314 -40.2991 -31.3366 -2.2715 21.9019 -15.4872 -43.9330 -37.8984 -25.8308 28.5853 14.3187 -37.0489 -42.8757 -35.2448 -19.7134 31.4060 6.7374 -43.7509 -41.1113 -32.4360 -9.9157 24.1200
