0.3578 0.1517 0.1684 0.2606 0.4597 0.4693 0.1936 0.1506 0.2018 0.3428 0.5111 0.3611 0.1525 0.1665 0.2553 0.4510 0.4751 0.2030 0.1499 0.1983 0.3347 0.5110 0.3730 0.1538 0.1646 0.2499 0.4418 0.4805 0.2141 0.1494 0.1949 0.3268 0.5104 0.3843 0.1552 0.1628 0.2447 0.4323 0.4855 0.2264 0.1490 0.1917 0.3192 0.5092 0.3952 0.1569 0.1611 0.2392 0.4193 0.4951 0.3839 0.4951 0.4193 0.2392 0.1611 0.1569 0.3952 0.5092 0.3192 0.1917 0.1490 0.2264 0.4855 0.4323 0.2447 0.1628 0.1552 0.3843 0.5104 0.3268 0.1949 0.1494 0.2141 0.4805 0.4418 0.2499 0.1646 0.1538 0.3730 0.5110 0.3347 0.1983 0.1499 0.2030 0.4751 0.4510 0.2553 0.1665 0.1525 0.3611 0.5111 0.3428 0.2018 0.1506 0.1936 0.4693 0.4597 0.2606 0.1684 0.1517 0.3578
0.1517 0.1609 0.2564 0.4600 0.4718 0.1918 0.1405 0.1949 0.3395 0.5126 0.3660 0.1430 0.1581 0.2499 0.4502 0.4777 0.2030 0.1398 0.1912 0.3312 0.5126 0.3777 0.1444 0.1560 0.2443 0.4407 0.4830 0.2155 0.1392 0.1877 0.3231 0.5119 0.3889 0.1460 0.1541 0.2389 0.4310 0.4879 0.2291 0.1387 0.1843 0.3153 0.5105 0.3995 0.1480 0.1523 0.2337 0.4207 0.4934 0.2680 0.1428 0.2680 0.4934 0.4207 0.2337 0.1523 0.1480 0.3995 0.5105 0.3153 0.1843 0.1387 0.2291 0.4879 0.4310 0.2389 0.1541 0.1460 0.3889 0.5119 0.3231 0.1877 0.1392 0.2155 0.4830 0.4407 0.2443 0.1560 0.1444 0.3777 0.5126 0.3312 0.1912 0.1398 0.2030 0.4777 0.4502 0.2499 0.1581 0.1430 0.3660 0.5126 0.3395 0.1949 0.1405 0.1918 0.4718 0.4600 0.2564 0.1609 0.1517
0.1684 0.2564 0.4573 0.4746 0.1984 0.1400 0.1922 0.3331 0.5125 0.3752 0.1441 0.1564 0.2454 0.4426 0.4819 0.2129 0.1393 0.1884 0.3247 0.5120 0.3866 0.1457 0.1545 0.2400 0.4329 0.4868 0.2263 0.1388 0.1850 0.3169 0.5107 0.3974 0.1476 0.1526 0.2348 0.4232 0.4914 0.2404 0.1385 0.1818 0.3093 0.5087 0.4076 0.1497 0.1509 0.2297 0.4134 0.4956 0.2597 0.1373 0.1495 0.1373 0.2597 0.4956 0.4134 0.2297 0.1509 0.1497 0.4076 0.5087 0.3093 0.1818 0.1385 0.2404 0.4914 0.4232 0.2348 0.1526 0.1476 0.3974 0.5107 0.3169 0.1850 0.1388 0.2263 0.4868 0.4329 0.2400 0.1545 0.1457 0.3866 0.5120 0.3247 0.1884 0.1393 0.2129 0.4819 0.4426 0.2454 0.1564 0.1441 0.3752 0.5125 0.3331 0.1922 0.1400 0.1984 0.4746 0.4573 0.2564 0.1684
0.2606 0.4600 0.4746 0.2011 0.1397 0.1903 0.3280 0.5122 0.3835 0.1452 0.1549 0.2412 0.4350 0.4859 0.2235 0.1389 0.1857 0.3185 0.5110 0.3952 0.1471 0.1530 0.2358 0.4252 0.4905 0.2375 0.1386 0.1824 0.3108 0.5092 0.4055 0.1493 0.1512 0.2307 0.4154 0.4947 0.2520 0.1384 0.1793 0.3034 0.5065 0.4153 0.1517 0.1496 0.2258 0.4057 0.4984 0.2676 0.1381 0.1700 0.2262 0.1700 0.1381 0.2676 0.4984 0.4057 0.2258 0.1496 0.1517 0.4153 0.5065 0.3034 0.1793 0.1384 0.2520 0.4947 0.4154 0.2307 0.1512 0.1493 0.4055 0.5092 0.3108 0.1824 0.1386 0.2375 0.4905 0.4252 0.2358 0.1530 0.1471 0.3952 0.5110 0.3185 0.1857 0.1389 0.2235 0.4859 0.4350 0.2412 0.1549 0.1452 0.3835 0.5122 0.3280 0.1903 0.1397 0.2011 0.4746 0.4600 0.2606
0.4597 0.4718 0.1984 0.1397 0.1896 0.3251 0.5119 0.3900 0.1464 0.1536 0.2373 0.4277 0.4894 0.2343 0.1386 0.1831 0.3124 0.5096 0.4035 0.1488 0.1516 0.2317 0.4174 0.4938 0.2490 0.1384 0.1799 0.3049 0.5072 0.4134 0.1512 0.1499 0.2268 0.4077 0.4977 0.2637 0.1383 0.1769 0.2976 0.5038 0.4228 0.1540 0.1483 0.2220 0.3980 0.5011 0.2786 0.1384 0.1728 0.2787 0.4070 0.2787 0.1728 0.1384 0.2786 0.5011 0.3980 0.2220 0.1483 0.1540 0.4228 0.5038 0.2976 0.1769 0.1383 0.2637 0.4977 0.4077 0.2268 0.1499 0.1512 0.4134 0.5072 0.3049 0.1799 0.1384 0.2490 0.4938 0.4174 0.2317 0.1516 0.1488 0.4035 0.5096 0.3124 0.1831 0.1386 0.2343 0.4894 0.4277 0.2373 0.1536 0.1464 0.3900 0.5119 0.3251 0.1896 0.1397 0.1984 0.4718 0.4597
0.4693 0.1918 0.1400 0.1903 0.3251 0.5117 0.3936 0.1473 0.1526 0.2341 0.4212 0.4925 0.2448 0.1384 0.1806 0.3065 0.5078 0.4114 0.1507 0.1502 0.2278 0.4097 0.4969 0.2607 0.1383 0.1775 0.2991 0.5045 0.4209 0.1534 0.1486 0.2229 0.4000 0.5004 0.2754 0.1384 0.1745 0.2920 0.5003 0.4299 0.1565 0.1471 0.2183 0.3904 0.5035 0.2901 0.1386 0.1715 0.2828 0.4841 0.4980 0.4841 0.2828 0.1715 0.1386 0.2901 0.5035 0.3904 0.2183 0.1471 0.1565 0.4299 0.5003 0.2920 0.1745 0.1384 0.2754 0.5004 0.4000 0.2229 0.1486 0.1534 0.4209 0.5045 0.2991 0.1775 0.1383 0.2607 0.4969 0.4097 0.2278 0.1502 0.1507 0.4114 0.5078 0.3065 0.1806 0.1384 0.2448 0.4925 0.4212 0.2341 0.1526 0.1473 0.3936 0.5117 0.3251 0.1903 0.1400 0.1918 0.4693
0.1936 0.1405 0.1922 0.3280 0.5119 0.3936 0.1476 0.1521 0.2319 0.4161 0.4949 0.2544 0.1384 0.1784 0.3010 0.5054 0.4188 0.1528 0.1489 0.2239 0.4019 0.4998 0.2724 0.1384 0.1751 0.2934 0.5013 0.4281 0.1558 0.1474 0.2192 0.3923 0.5029 0.2871 0.1385 0.1723 0.2865 0.4963 0.4367 0.1594 0.1460 0.2147 0.3828 0.5057 0.3016 0.1389 0.1695 0.2793 0.4879 0.4562 0.2915 0.4562 0.4879 0.2793 0.1695 0.1389 0.3016 0.5057 0.3828 0.2147 0.1460 0.1594 0.4367 0.4963 0.2865 0.1723 0.1385 0.2871 0.5029 0.3923 0.2192 0.1474 0.1558 0.4281 0.5013 0.2934 0.1751 0.1384 0.2724 0.4998 0.4019 0.2239 0.1489 0.1528 0.4188 0.5054 0.3010 0.1784 0.1384 0.2544 0.4949 0.4161 0.2319 0.1521 0.1476 0.3936 0.5119 0.3280 0.1922 0.1405 0.1936
0.1506 0.1949 0.3331 0.5122 0.3900 0.1473 0.1521 0.2311 0.4132 0.4965 0.2617 0.1383 0.1766 0.2963 0.5028 0.4254 0.1550 0.1478 0.2202 0.3944 0.5023 0.2841 0.1385 0.1729 0.2879 0.4974 0.4350 0.1587 0.1463 0.2156 0.3848 0.5051 0.2986 0.1388 0.1701 0.2811 0.4916 0.4432 0.1628 0.1449 0.2112 0.3754 0.5075 0.3128 0.1392 0.1675 0.2745 0.4843 0.4534 0.1784 0.1360 0.1784 0.4534 0.4843 0.2745 0.1675 0.1392 0.3128 0.5075 0.3754 0.2112 0.1449 0.1628 0.4432 0.4916 0.2811 0.1701 0.1388 0.2986 0.5051 0.3848 0.2156 0.1463 0.1587 0.4350 0.4974 0.2879 0.1729 0.1385 0.2841 0.5023 0.3944 0.2202 0.1478 0.1550 0.4254 0.5028 0.2963 0.1766 0.1383 0.2617 0.4965 0.4132 0.2311 0.1521 0.1473 0.3900 0.5122 0.3331 0.1949 0.1506
0.2018 0.3395 0.5125 0.3835 0.1464 0.1526 0.2319 0.4132 0.4970 0.2656 0.1384 0.1752 0.2924 0.5001 0.4312 0.1573 0.1467 0.2168 0.3871 0.5045 0.2956 0.1387 0.1707 0.2825 0.4928 0.4416 0.1619 0.1452 0.2121 0.3773 0.5071 0.3100 0.1391 0.1680 0.2759 0.4862 0.4494 0.1668 0.1439 0.2078 0.3681 0.5091 0.3239 0.1397 0.1655 0.2695 0.4787 0.4573 0.1748 0.1399 0.1642 0.1399 0.1748 0.4573 0.4787 0.2695 0.1655 0.1397 0.3239 0.5091 0.3681 0.2078 0.1439 0.1668 0.4494 0.4862 0.2759 0.1680 0.1391 0.3100 0.5071 0.3773 0.2121 0.1452 0.1619 0.4416 0.4928 0.2825 0.1707 0.1387 0.2956 0.5045 0.3871 0.2168 0.1467 0.1573 0.4312 0.5001 0.2924 0.1752 0.1384 0.2656 0.4970 0.4132 0.2319 0.1526 0.1464 0.3835 0.5125 0.3395 0.2018
0.3428 0.5126 0.3752 0.1452 0.1536 0.2341 0.4161 0.4965 0.2656 0.1384 0.1744 0.2899 0.4978 0.4357 0.1595 0.1459 0.2138 0.3805 0.5064 0.3062 0.1390 0.1686 0.2772 0.4877 0.4479 0.1657 0.1442 0.2086 0.3700 0.5087 0.3211 0.1396 0.1660 0.2708 0.4804 0.4554 0.1714 0.1430 0.2045 0.3609 0.5104 0.3346 0.1403 0.1636 0.2645 0.4723 0.4624 0.1789 0.1413 0.1926 0.2667 0.1926 0.1413 0.1789 0.4624 0.4723 0.2645 0.1636 0.1403 0.3346 0.5104 0.3609 0.2045 0.1430 0.1714 0.4554 0.4804 0.2708 0.1660 0.1396 0.3211 0.5087 0.3700 0.2086 0.1442 0.1657 0.4479 0.4877 0.2772 0.1686 0.1390 0.3062 0.5064 0.3805 0.2138 0.1459 0.1595 0.4357 0.4978 0.2899 0.1744 0.1384 0.2656 0.4965 0.4161 0.2341 0.1536 0.1452 0.3752 0.5126 0.3428
0.5111 0.3660 0.1441 0.1549 0.2373 0.4212 0.4949 0.2617 0.1384 0.1744 0.2890 0.4965 0.4387 0.1613 0.1452 0.2113 0.3748 0.5079 0.3158 0.1394 0.1667 0.2724 0.4821 0.4538 0.1701 0.1432 0.2053 0.3627 0.5101 0.3319 0.1402 0.1641 0.2658 0.4740 0.4610 0.1769 0.1421 0.2013 0.3539 0.5114 0.3450 0.1410 0.1617 0.2597 0.4655 0.4676 0.1852 0.1410 0.1959 0.3317 0.4737 0.3317 0.1959 0.1410 0.1852 0.4676 0.4655 0.2597 0.1617 0.1410 0.3450 0.5114 0.3539 0.2013 0.1421 0.1769 0.4610 0.4740 0.2658 0.1641 0.1402 0.3319 0.5101 0.3627 0.2053 0.1432 0.1701 0.4538 0.4821 0.2724 0.1667 0.1394 0.3158 0.5079 0.3748 0.2113 0.1452 0.1613 0.4387 0.4965 0.2890 0.1744 0.1384 0.2617 0.4949 0.4212 0.2373 0.1549 0.1441 0.3660 0.5111
0.3611 0.1430 0.1564 0.2412 0.4277 0.4925 0.2544 0.1383 0.1752 0.2899 0.4965 0.4396 0.1623 0.1447 0.2095 0.3702 0.5090 0.3243 0.1398 0.1650 0.2679 0.4765 0.4591 0.1752 0.1423 0.2021 0.3557 0.5112 0.3424 0.1408 0.1622 0.2609 0.4673 0.4663 0.1833 0.1413 0.1982 0.3470 0.5121 0.3551 0.1419 0.1600 0.2550 0.4584 0.4725 0.1930 0.1404 0.1941 0.3357 0.5106 0.4651 0.5106 0.3357 0.1941 0.1404 0.1930 0.4725 0.4584 0.2550 0.1600 0.1419 0.3551 0.5121 0.3470 0.1982 0.1413 0.1833 0.4663 0.4673 0.2609 0.1622 0.1408 0.3424 0.5112 0.3557 0.2021 0.1423 0.1752 0.4591 0.4765 0.2679 0.1650 0.1398 0.3243 0.5090 0.3702 0.2095 0.1447 0.1623 0.4396 0.4965 0.2899 0.1752 0.1383 0.2544 0.4925 0.4277 0.2412 0.1564 0.1430 0.3611
0.1525 0.1581 0.2454 0.4350 0.4894 0.2448 0.1384 0.1766 0.2924 0.4978 0.4387 0.1623 0.1446 0.2086 0.3672 0.5097 0.3309 0.1402 0.1636 0.2640 0.4710 0.4638 0.1806 0.1416 0.1991 0.3488 0.5120 0.3526 0.1416 0.1604 0.2562 0.4602 0.4713 0.1909 0.1406 0.1952 0.3402 0.5125 0.3649 0.1428 0.1582 0.2504 0.4510 0.4771 0.2019 0.1398 0.1915 0.3314 0.5120 0.3950 0.1930 0.3950 0.5120 0.3314 0.1915 0.1398 0.2019 0.4771 0.4510 0.2504 0.1582 0.1428 0.3649 0.5125 0.3402 0.1952 0.1406 0.1909 0.4713 0.4602 0.2562 0.1604 0.1416 0.3526 0.5120 0.3488 0.1991 0.1416 0.1806 0.4638 0.4710 0.2640 0.1636 0.1402 0.3309 0.5097 0.3672 0.2086 0.1446 0.1623 0.4387 0.4978 0.2924 0.1766 0.1384 0.2448 0.4894 0.4350 0.2454 0.1581 0.1525
0.1665 0.2499 0.4426 0.4859 0.2343 0.1384 0.1784 0.2963 0.5001 0.4357 0.1613 0.1447 0.2086 0.3663 0.5101 0.3350 0.1406 0.1625 0.2608 0.4660 0.4679 0.1863 0.1409 0.1964 0.3425 0.5124 0.3621 0.1426 0.1587 0.2516 0.4529 0.4759 0.1995 0.1400 0.1923 0.3336 0.5125 0.3743 0.1439 0.1566 0.2459 0.4435 0.4814 0.2117 0.1393 0.1887 0.3254 0.5119 0.3891 0.1477 0.1377 0.1477 0.3891 0.5119 0.3254 0.1887 0.1393 0.2117 0.4814 0.4435 0.2459 0.1566 0.1439 0.3743 0.5125 0.3336 0.1923 0.1400 0.1995 0.4759 0.4529 0.2516 0.1587 0.1426 0.3621 0.5124 0.3425 0.1964 0.1409 0.1863 0.4679 0.4660 0.2608 0.1625 0.1406 0.3350 0.5101 0.3663 0.2086 0.1447 0.1613 0.4357 0.5001 0.2963 0.1784 0.1384 0.2343 0.4859 0.4426 0.2499 0.1665
0.2553 0.4502 0.4819 0.2235 0.1386 0.1806 0.3010 0.5028 0.4312 0.1595 0.1452 0.2095 0.3672 0.5101 0.3364 0.1407 0.1618 0.2584 0.4619 0.4711 0.1920 0.1404 0.1940 0.3369 0.5126 0.3707 0.1435 0.1571 0.2471 0.4454 0.4803 0.2091 0.1395 0.1894 0.3271 0.5122 0.3834 0.1452 0.1550 0.2416 0.4358 0.4854 0.2222 0.1389 0.1860 0.3192 0.5112 0.3949 0.1474 0.1489 0.1851 0.1489 0.1474 0.3949 0.5112 0.3192 0.1860 0.1389 0.2222 0.4854 0.4358 0.2416 0.1550 0.1452 0.3834 0.5122 0.3271 0.1894 0.1395 0.2091 0.4803 0.4454 0.2471 0.1571 0.1435 0.3707 0.5126 0.3369 0.1940 0.1404 0.1920 0.4711 0.4619 0.2584 0.1618 0.1407 0.3364 0.5101 0.3672 0.2095 0.1452 0.1595 0.4312 0.5028 0.3010 0.1806 0.1386 0.2235 0.4819 0.4502 0.2553
0.4510 0.4777 0.2129 0.1389 0.1831 0.3065 0.5054 0.4254 0.1573 0.1459 0.2113 0.3702 0.5097 0.3350 0.1407 0.1616 0.2572 0.4591 0.4735 0.1970 0.1400 0.1920 0.3320 0.5125 0.3784 0.1446 0.1557 0.2430 0.4380 0.4844 0.2195 0.1390 0.1867 0.3208 0.5114 0.3921 0.1466 0.1535 0.2374 0.4281 0.4892 0.2333 0.1386 0.1834 0.3131 0.5098 0.4026 0.1487 0.1509 0.2226 0.3180 0.2226 0.1509 0.1487 0.4026 0.5098 0.3131 0.1834 0.1386 0.2333 0.4892 0.4281 0.2374 0.1535 0.1466 0.3921 0.5114 0.3208 0.1867 0.1390 0.2195 0.4844 0.4380 0.2430 0.1557 0.1446 0.3784 0.5125 0.3320 0.1920 0.1400 0.1970 0.4735 0.4591 0.2572 0.1616 0.1407 0.3350 0.5097 0.3702 0.2113 0.1459 0.1573 0.4254 0.5054 0.3065 0.1831 0.1389 0.2129 0.4777 0.4510
0.4751 0.2030 0.1393 0.1857 0.3124 0.5078 0.4188 0.1550 0.1467 0.2138 0.3748 0.5090 0.3309 0.1406 0.1618 0.2572 0.4582 0.4747 0.2003 0.1398 0.1904 0.3280 0.5122 0.3851 0.1456 0.1544 0.2395 0.4312 0.4879 0.2300 0.1387 0.1841 0.3146 0.5102 0.4005 0.1482 0.1521 0.2332 0.4203 0.4926 0.2447 0.1384 0.1808 0.3071 0.5080 0.4105 0.1504 0.1502 0.2264 0.3952 0.5084 0.3952 0.2264 0.1502 0.1504 0.4105 0.5080 0.3071 0.1808 0.1384 0.2447 0.4926 0.4203 0.2332 0.1521 0.1482 0.4005 0.5102 0.3146 0.1841 0.1387 0.2300 0.4879 0.4312 0.2395 0.1544 0.1456 0.3851 0.5122 0.3280 0.1904 0.1398 0.2003 0.4747 0.4582 0.2572 0.1618 0.1406 0.3309 0.5090 0.3748 0.2138 0.1467 0.1550 0.4188 0.5078 0.3124 0.1857 0.1393 0.2030 0.4751
0.2030 0.1398 0.1884 0.3185 0.5096 0.4114 0.1528 0.1478 0.2168 0.3805 0.5079 0.3243 0.1402 0.1625 0.2584 0.4591 0.4747 0.2015 0.1396 0.1894 0.3250 0.5118 0.3904 0.1466 0.1533 0.2362 0.4251 0.4909 0.2400 0.1385 0.1816 0.3088 0.5085 0.4085 0.1499 0.1507 0.2292 0.4125 0.4958 0.2563 0.1383 0.1784 0.3012 0.5056 0.4181 0.1525 0.1491 0.2240 0.3996 0.5027 0.4098 0.5027 0.3996 0.2240 0.1491 0.1525 0.4181 0.5056 0.3012 0.1784 0.1383 0.2563 0.4958 0.4125 0.2292 0.1507 0.1499 0.4085 0.5085 0.3088 0.1816 0.1385 0.2400 0.4909 0.4251 0.2362 0.1533 0.1466 0.3904 0.5118 0.3250 0.1894 0.1396 0.2015 0.4747 0.4591 0.2584 0.1625 0.1402 0.3243 0.5079 0.3805 0.2168 0.1478 0.1528 0.4114 0.5096 0.3185 0.1884 0.1398 0.2030
0.1499 0.1912 0.3247 0.5110 0.4035 0.1507 0.1489 0.2202 0.3871 0.5064 0.3158 0.1398 0.1636 0.2608 0.4619 0.4735 0.2003 0.1396 0.1891 0.3235 0.5115 0.3943 0.1474 0.1524 0.2334 0.4195 0.4935 0.2492 0.1384 0.1794 0.3034 0.5065 0.4160 0.1519 0.1494 0.2253 0.4048 0.4987 0.2681 0.1383 0.1760 0.2955 0.5026 0.4255 0.1549 0.1479 0.2205 0.3946 0.5027 0.3069 0.1493 0.3069 0.5027 0.3946 0.2205 0.1479 0.1549 0.4255 0.5026 0.2955 0.1760 0.1383 0.2681 0.4987 0.4048 0.2253 0.1494 0.1519 0.4160 0.5065 0.3034 0.1794 0.1384 0.2492 0.4935 0.4195 0.2334 0.1524 0.1474 0.3943 0.5115 0.3235 0.1891 0.1396 0.2003 0.4735 0.4619 0.2608 0.1636 0.1398 0.3158 0.5064 0.3871 0.2202 0.1489 0.1507 0.4035 0.5110 0.3247 0.1912 0.1499
0.1983 0.3312 0.5120 0.3952 0.1488 0.1502 0.2239 0.3944 0.5045 0.3062 0.1394 0.1650 0.2640 0.4660 0.4711 0.1970 0.1398 0.1894 0.3235 0.5114 0.3964 0.1480 0.1518 0.2313 0.4147 0.4956 0.2573 0.1383 0.1775 0.2986 0.5041 0.4225 0.1540 0.1482 0.2216 0.3971 0.5014 0.2798 0.1384 0.1737 0.2899 0.4989 0.4325 0.1576 0.1467 0.2169 0.3875 0.5044 0.2990 0.1383 0.1453 0.1383 0.2990 0.5044 0.3875 0.2169 0.1467 0.1576 0.4325 0.4989 0.2899 0.1737 0.1384 0.2798 0.5014 0.3971 0.2216 0.1482 0.1540 0.4225 0.5041 0.2986 0.1775 0.1383 0.2573 0.4956 0.4147 0.2313 0.1518 0.1480 0.3964 0.5114 0.3235 0.1894 0.1398 0.1970 0.4711 0.4660 0.2640 0.1650 0.1394 0.3062 0.5045 0.3944 0.2239 0.1502 0.1488 0.3952 0.5120 0.3312 0.1983
0.3347 0.5126 0.3866 0.1471 0.1516 0.2278 0.4019 0.5023 0.2956 0.1390 0.1667 0.2679 0.4710 0.4679 0.1920 0.1400 0.1904 0.3250 0.5115 0.3964 0.1482 0.1515 0.2300 0.4114 0.4971 0.2641 0.1383 0.1759 0.2944 0.5015 0.4284 0.1562 0.1472 0.2181 0.3898 0.5037 0.2914 0.1386 0.1715 0.2845 0.4946 0.4392 0.1606 0.1456 0.2134 0.3801 0.5064 0.3066 0.1389 0.1631 0.2133 0.1631 0.1389 0.3066 0.5064 0.3801 0.2134 0.1456 0.1606 0.4392 0.4946 0.2845 0.1715 0.1386 0.2914 0.5037 0.3898 0.2181 0.1472 0.1562 0.4284 0.5015 0.2944 0.1759 0.1383 0.2641 0.4971 0.4114 0.2300 0.1515 0.1482 0.3964 0.5115 0.3250 0.1904 0.1400 0.1920 0.4679 0.4710 0.2679 0.1667 0.1390 0.2956 0.5023 0.4019 0.2278 0.1516 0.1471 0.3866 0.5126 0.3347
0.5110 0.3777 0.1457 0.1530 0.2317 0.4097 0.4998 0.2841 0.1387 0.1686 0.2724 0.4765 0.4638 0.1863 0.1404 0.1920 0.3280 0.5118 0.3943 0.1480 0.1515 0.2295 0.4097 0.4980 0.2690 0.1384 0.1746 0.2909 0.4989 0.4335 0.1583 0.1463 0.2151 0.3831 0.5057 0.3025 0.1389 0.1694 0.2791 0.4897 0.4456 0.1642 0.1446 0.2099 0.3727 0.5082 0.3171 0.1394 0.1657 0.2614 0.3808 0.2614 0.1657 0.1394 0.3171 0.5082 0.3727 0.2099 0.1446 0.1642 0.4456 0.4897 0.2791 0.1694 0.1389 0.3025 0.5057 0.3831 0.2151 0.1463 0.1583 0.4335 0.4989 0.2909 0.1746 0.1384 0.2690 0.4980 0.4097 0.2295 0.1515 0.1480 0.3943 0.5118 0.3280 0.1920 0.1404 0.1863 0.4638 0.4765 0.2724 0.1686 0.1387 0.2841 0.4998 0.4097 0.2317 0.1530 0.1457 0.3777 0.5110
0.3730 0.1444 0.1545 0.2358 0.4174 0.4969 0.2724 0.1385 0.1707 0.2772 0.4821 0.4591 0.1806 0.1409 0.1940 0.3320 0.5122 0.3904 0.1474 0.1518 0.2300 0.4097 0.4984 0.2716 0.1384 0.1737 0.2883 0.4966 0.4377 0.1605 0.1455 0.2125 0.3772 0.5073 0.3124 0.1392 0.1674 0.2741 0.4842 0.4517 0.1684 0.1436 0.2065 0.3654 0.5096 0.3279 0.1399 0.1646 0.2654 0.4625 0.5052 0.4625 0.2654 0.1646 0.1399 0.3279 0.5096 0.3654 0.2065 0.1436 0.1684 0.4517 0.4842 0.2741 0.1674 0.1392 0.3124 0.5073 0.3772 0.2125 0.1455 0.1605 0.4377 0.4966 0.2883 0.1737 0.1384 0.2716 0.4984 0.4097 0.2300 0.1518 0.1474 0.3904 0.5122 0.3320 0.1940 0.1409 0.1806 0.4591 0.4821 0.2772 0.1707 0.1385 0.2724 0.4969 0.4174 0.2358 0.1545 0.1444 0.3730
0.1538 0.1560 0.2400 0.4252 0.4938 0.2607 0.1384 0.1729 0.2825 0.4877 0.4538 0.1752 0.1416 0.1964 0.3369 0.5125 0.3851 0.1466 0.1524 0.2313 0.4114 0.4980 0.2716 0.1384 0.1732 0.2866 0.4948 0.4408 0.1624 0.1448 0.2102 0.3721 0.5085 0.3212 0.1397 0.1656 0.2695 0.4786 0.4573 0.1733 0.1426 0.2033 0.3583 0.5108 0.3385 0.1406 0.1628 0.2623 0.4669 0.4731 0.3289 0.4731 0.4669 0.2623 0.1628 0.1406 0.3385 0.5108 0.3583 0.2033 0.1426 0.1733 0.4573 0.4786 0.2695 0.1656 0.1397 0.3212 0.5085 0.3721 0.2102 0.1448 0.1624 0.4408 0.4948 0.2866 0.1732 0.1384 0.2716 0.4980 0.4114 0.2313 0.1524 0.1466 0.3851 0.5125 0.3369 0.1964 0.1416 0.1752 0.4538 0.4877 0.2825 0.1729 0.1384 0.2607 0.4938 0.4252 0.2400 0.1560 0.1538
0.1646 0.2443 0.4329 0.4905 0.2490 0.1383 0.1751 0.2879 0.4928 0.4479 0.1701 0.1423 0.1991 0.3425 0.5126 0.3784 0.1456 0.1533 0.2334 0.4147 0.4971 0.2690 0.1384 0.1732 0.2859 0.4939 0.4428 0.1638 0.1444 0.2083 0.3677 0.5095 0.3286 0.1401 0.1641 0.2654 0.4730 0.4622 0.1786 0.1418 0.2002 0.3513 0.5117 0.3488 0.1413 0.1611 0.2579 0.4623 0.4713 0.2060 0.1373 0.2060 0.4713 0.4623 0.2579 0.1611 0.1413 0.3488 0.5117 0.3513 0.2002 0.1418 0.1786 0.4622 0.4730 0.2654 0.1641 0.1401 0.3286 0.5095 0.3677 0.2083 0.1444 0.1638 0.4428 0.4939 0.2859 0.1732 0.1384 0.2690 0.4971 0.4147 0.2334 0.1533 0.1456 0.3784 0.5126 0.3425 0.1991 0.1423 0.1701 0.4479 0.4928 0.2879 0.1751 0.1383 0.2490 0.4905 0.4329 0.2443 0.1646
0.2499 0.4407 0.4868 0.2375 0.1384 0.1775 0.2934 0.4974 0.4416 0.1657 0.1432 0.2021 0.3488 0.5124 0.3707 0.1446 0.1544 0.2362 0.4195 0.4956 0.2641 0.1384 0.1737 0.2866 0.4939 0.4434 0.1646 0.1441 0.2071 0.3644 0.5102 0.3347 0.1405 0.1628 0.2618 0.4677 0.4665 0.1843 0.1411 0.1973 0.3446 0.5123 0.3588 0.1422 0.1593 0.2533 0.4556 0.4746 0.1997 0.1380 0.1579 0.1380 0.1997 0.4746 0.4556 0.2533 0.1593 0.1422 0.3588 0.5123 0.3446 0.1973 0.1411 0.1843 0.4665 0.4677 0.2618 0.1628 0.1405 0.3347 0.5102 0.3644 0.2071 0.1441 0.1646 0.4434 0.4939 0.2866 0.1737 0.1384 0.2641 0.4956 0.4195 0.2362 0.1544 0.1446 0.3707 0.5124 0.3488 0.2021 0.1432 0.1657 0.4416 0.4974 0.2934 0.1775 0.1384 0.2375 0.4868 0.4407 0.2499
0.4418 0.4830 0.2263 0.1386 0.1799 0.2991 0.5013 0.4350 0.1619 0.1442 0.2053 0.3557 0.5120 0.3621 0.1435 0.1557 0.2395 0.4251 0.4935 0.2573 0.1383 0.1746 0.2883 0.4948 0.4428 0.1646 0.1440 0.2065 0.3624 0.5106 0.3393 0.1408 0.1618 0.2588 0.4629 0.4702 0.1901 0.1406 0.1948 0.3387 0.5126 0.3681 0.1432 0.1576 0.2487 0.4482 0.4788 0.2061 0.1392 0.1832 0.2502 0.1832 0.1392 0.2061 0.4788 0.4482 0.2487 0.1576 0.1432 0.3681 0.5126 0.3387 0.1948 0.1406 0.1901 0.4702 0.4629 0.2588 0.1618 0.1408 0.3393 0.5106 0.3624 0.2065 0.1440 0.1646 0.4428 0.4948 0.2883 0.1746 0.1383 0.2573 0.4935 0.4251 0.2395 0.1557 0.1435 0.3621 0.5120 0.3557 0.2053 0.1442 0.1619 0.4350 0.5013 0.2991 0.1799 0.1386 0.2263 0.4830 0.4418
0.4805 0.2155 0.1388 0.1824 0.3049 0.5045 0.4281 0.1587 0.1452 0.2086 0.3627 0.5112 0.3526 0.1426 0.1571 0.2430 0.4312 0.4909 0.2492 0.1383 0.1759 0.2909 0.4966 0.4408 0.1638 0.1441 0.2065 0.3617 0.5108 0.3422 0.1411 0.1610 0.2565 0.4589 0.4732 0.1958 0.1401 0.1926 0.3335 0.5125 0.3763 0.1443 0.1561 0.2444 0.4407 0.4829 0.2156 0.1391 0.1863 0.3103 0.4499 0.3103 0.1863 0.1391 0.2156 0.4829 0.4407 0.2444 0.1561 0.1443 0.3763 0.5125 0.3335 0.1926 0.1401 0.1958 0.4732 0.4589 0.2565 0.1610 0.1411 0.3422 0.5108 0.3617 0.2065 0.1441 0.1638 0.4408 0.4966 0.2909 0.1759 0.1383 0.2492 0.4909 0.4312 0.2430 0.1571 0.1426 0.3526 0.5112 0.3627 0.2086 0.1452 0.1587 0.4281 0.5045 0.3049 0.1824 0.1388 0.2155 0.4805
0.2141 0.1392 0.1850 0.3108 0.5072 0.4209 0.1558 0.1463 0.2121 0.3700 0.5101 0.3424 0.1416 0.1587 0.2471 0.4380 0.4879 0.2400 0.1384 0.1775 0.2944 0.4989 0.4377 0.1624 0.1444 0.2071 0.3624 0.5108 0.3432 0.1413 0.1606 0.2549 0.4559 0.4755 0.2008 0.1398 0.1907 0.3289 0.5123 0.3835 0.1453 0.1547 0.2404 0.4334 0.4867 0.2262 0.1388 0.1847 0.3143 0.5060 0.4800 0.5060 0.3143 0.1847 0.1388 0.2262 0.4867 0.4334 0.2404 0.1547 0.1453 0.3835 0.5123 0.3289 0.1907 0.1398 0.2008 0.4755 0.4559 0.2549 0.1606 0.1413 0.3432 0.5108 0.3624 0.2071 0.1444 0.1624 0.4377 0.4989 0.2944 0.1775 0.1384 0.2400 0.4879 0.4380 0.2471 0.1587 0.1416 0.3424 0.5101 0.3700 0.2121 0.1463 0.1558 0.4209 0.5072 0.3108 0.1850 0.1392 0.2141
0.1494 0.1877 0.3169 0.5092 0.4134 0.1534 0.1474 0.2156 0.3773 0.5087 0.3319 0.1408 0.1604 0.2516 0.4454 0.4844 0.2300 0.1385 0.1794 0.2986 0.5015 0.4335 0.1605 0.1448 0.2083 0.3644 0.5106 0.3422 0.1413 0.1604 0.2541 0.4539 0.4770 0.2048 0.1395 0.1892 0.3251 0.5119 0.3896 0.1464 0.1535 0.2369 0.4266 0.4900 0.2367 0.1386 0.1824 0.3104 0.5082 0.4212 0.2275 0.4212 0.5082 0.3104 0.1824 0.1386 0.2367 0.4900 0.4266 0.2369 0.1535 0.1464 0.3896 0.5119 0.3251 0.1892 0.1395 0.2048 0.4770 0.4539 0.2541 0.1604 0.1413 0.3422 0.5106 0.3644 0.2083 0.1448 0.1605 0.4335 0.5015 0.2986 0.1794 0.1385 0.2300 0.4844 0.4454 0.2516 0.1604 0.1408 0.3319 0.5087 0.3773 0.2156 0.1474 0.1534 0.4134 0.5092 0.3169 0.1877 0.1494
0.1949 0.3231 0.5107 0.4055 0.1512 0.1486 0.2192 0.3848 0.5071 0.3211 0.1402 0.1622 0.2562 0.4529 0.4803 0.2195 0.1387 0.1816 0.3034 0.5041 0.4284 0.1583 0.1455 0.2102 0.3677 0.5102 0.3393 0.1411 0.1606 0.2541 0.4532 0.4778 0.2074 0.1394 0.1880 0.3220 0.5114 0.3946 0.1474 0.1525 0.2339 0.4204 0.4929 0.2467 0.1384 0.1801 0.3050 0.5070 0.4165 0.1551 0.1363 0.1551 0.4165 0.5070 0.3050 0.1801 0.1384 0.2467 0.4929 0.4204 0.2339 0.1525 0.1474 0.3946 0.5114 0.3220 0.1880 0.1394 0.2074 0.4778 0.4532 0.2541 0.1606 0.1411 0.3393 0.5102 0.3677 0.2102 0.1455 0.1583 0.4284 0.5041 0.3034 0.1816 0.1387 0.2195 0.4803 0.4529 0.2562 0.1622 0.1402 0.3211 0.5071 0.3848 0.2192 0.1486 0.1512 0.4055 0.5107 0.3231 0.1949
0.3268 0.5119 0.3974 0.1493 0.1499 0.2229 0.3923 0.5051 0.3100 0.1396 0.1641 0.2609 0.4602 0.4759 0.2091 0.1390 0.1841 0.3088 0.5065 0.4225 0.1562 0.1463 0.2125 0.3721 0.5095 0.3347 0.1408 0.1610 0.2549 0.4539 0.4778 0.2083 0.1393 0.1873 0.3199 0.5109 0.3984 0.1482 0.1517 0.2313 0.4151 0.4953 0.2559 0.1383 0.1780 0.2999 0.5047 0.4212 0.1541 0.1449 0.1765 0.1449 0.1541 0.4212 0.5047 0.2999 0.1780 0.1383 0.2559 0.4953 0.4151 0.2313 0.1517 0.1482 0.3984 0.5109 0.3199 0.1873 0.1393 0.2083 0.4778 0.4539 0.2549 0.1610 0.1408 0.3347 0.5095 0.3721 0.2125 0.1463 0.1562 0.4225 0.5065 0.3088 0.1841 0.1390 0.2091 0.4759 0.4602 0.2609 0.1641 0.1396 0.3100 0.5051 0.3923 0.2229 0.1499 0.1493 0.3974 0.5119 0.3268
0.5104 0.3889 0.1476 0.1512 0.2268 0.4000 0.5029 0.2986 0.1391 0.1660 0.2658 0.4673 0.4713 0.1995 0.1395 0.1867 0.3146 0.5085 0.4160 0.1540 0.1472 0.2151 0.3772 0.5085 0.3286 0.1405 0.1618 0.2565 0.4559 0.4770 0.2074 0.1393 0.1871 0.3188 0.5106 0.4012 0.1489 0.1511 0.2292 0.4106 0.4972 0.2640 0.1383 0.1761 0.2953 0.5021 0.4271 0.1558 0.1468 0.2104 0.2974 0.2104 0.1468 0.1558 0.4271 0.5021 0.2953 0.1761 0.1383 0.2640 0.4972 0.4106 0.2292 0.1511 0.1489 0.4012 0.5106 0.3188 0.1871 0.1393 0.2074 0.4770 0.4559 0.2565 0.1618 0.1405 0.3286 0.5085 0.3772 0.2151 0.1472 0.1540 0.4160 0.5085 0.3146 0.1867 0.1395 0.1995 0.4713 0.4673 0.2658 0.1660 0.1391 0.2986 0.5029 0.4000 0.2268 0.1512 0.1476 0.3889 0.5104
0.3843 0.1460 0.1526 0.2307 0.4077 0.5004 0.2871 0.1388 0.1680 0.2708 0.4740 0.4663 0.1909 0.1400 0.1894 0.3208 0.5102 0.4085 0.1519 0.1482 0.2181 0.3831 0.5073 0.3212 0.1401 0.1628 0.2588 0.4589 0.4755 0.2048 0.1394 0.1873 0.3188 0.5105 0.4026 0.1494 0.1506 0.2276 0.4070 0.4987 0.2707 0.1384 0.1745 0.2911 0.4992 0.4327 0.1580 0.1463 0.2142 0.3705 0.5012 0.3705 0.2142 0.1463 0.1580 0.4327 0.4992 0.2911 0.1745 0.1384 0.2707 0.4987 0.4070 0.2276 0.1506 0.1494 0.4026 0.5105 0.3188 0.1873 0.1394 0.2048 0.4755 0.4589 0.2588 0.1628 0.1401 0.3212 0.5073 0.3831 0.2181 0.1482 0.1519 0.4085 0.5102 0.3208 0.1894 0.1400 0.1909 0.4663 0.4740 0.2708 0.1680 0.1388 0.2871 0.5004 0.4077 0.2307 0.1526 0.1460 0.3843
0.1552 0.1541 0.2348 0.4154 0.4977 0.2754 0.1385 0.1701 0.2759 0.4804 0.4610 0.1833 0.1406 0.1923 0.3271 0.5114 0.4005 0.1499 0.1494 0.2216 0.3898 0.5057 0.3124 0.1397 0.1641 0.2618 0.4629 0.4732 0.2008 0.1395 0.1880 0.3199 0.5106 0.4026 0.1495 0.1504 0.2266 0.4044 0.4998 0.2761 0.1384 0.1732 0.2876 0.4964 0.4376 0.1603 0.1456 0.2126 0.3754 0.5084 0.4329 0.5084 0.3754 0.2126 0.1456 0.1603 0.4376 0.4964 0.2876 0.1732 0.1384 0.2761 0.4998 0.4044 0.2266 0.1504 0.1495 0.4026 0.5106 0.3199 0.1880 0.1395 0.2008 0.4732 0.4629 0.2618 0.1641 0.1397 0.3124 0.5057 0.3898 0.2216 0.1494 0.1499 0.4005 0.5114 0.3271 0.1923 0.1406 0.1833 0.4610 0.4804 0.2759 0.1701 0.1385 0.2754 0.4977 0.4154 0.2348 0.1541 0.1552
0.1628 0.2389 0.4232 0.4947 0.2637 0.1384 0.1723 0.2811 0.4862 0.4554 0.1769 0.1413 0.1952 0.3336 0.5122 0.3921 0.1482 0.1507 0.2253 0.3971 0.5037 0.3025 0.1392 0.1656 0.2654 0.4677 0.4702 0.1958 0.1398 0.1892 0.3220 0.5109 0.4012 0.1494 0.1504 0.2263 0.4031 0.5005 0.2801 0.1385 0.1722 0.2848 0.4938 0.4417 0.1626 0.1448 0.2103 0.3720 0.5087 0.3413 0.1587 0.3413 0.5087 0.3720 0.2103 0.1448 0.1626 0.4417 0.4938 0.2848 0.1722 0.1385 0.2801 0.5005 0.4031 0.2263 0.1504 0.1494 0.4012 0.5109 0.3220 0.1892 0.1398 0.1958 0.4702 0.4677 0.2654 0.1656 0.1392 0.3025 0.5037 0.3971 0.2253 0.1507 0.1482 0.3921 0.5122 0.3336 0.1952 0.1413 0.1769 0.4554 0.4862 0.2811 0.1723 0.1384 0.2637 0.4947 0.4232 0.2389 0.1628
0.2447 0.4310 0.4914 0.2520 0.1383 0.1745 0.2865 0.4916 0.4494 0.1714 0.1421 0.1982 0.3402 0.5125 0.3834 0.1466 0.1521 0.2292 0.4048 0.5014 0.2914 0.1389 0.1674 0.2695 0.4730 0.4665 0.1901 0.1401 0.1907 0.3251 0.5114 0.3984 0.1489 0.1506 0.2266 0.4031 0.5007 0.2821 0.1385 0.1715 0.2826 0.4915 0.4451 0.1648 0.1442 0.2080 0.3674 0.5095 0.3322 0.1404 0.1420 0.1404 0.3322 0.5095 0.3674 0.2080 0.1442 0.1648 0.4451 0.4915 0.2826 0.1715 0.1385 0.2821 0.5007 0.4031 0.2266 0.1506 0.1489 0.3984 0.5114 0.3251 0.1907 0.1401 0.1901 0.4665 0.4730 0.2695 0.1674 0.1389 0.2914 0.5014 0.4048 0.2292 0.1521 0.1466 0.3834 0.5125 0.3402 0.1982 0.1421 0.1714 0.4494 0.4916 0.2865 0.1745 0.1383 0.2520 0.4914 0.4310 0.2447
0.4323 0.4879 0.2404 0.1384 0.1769 0.2920 0.4963 0.4432 0.1668 0.1430 0.2013 0.3470 0.5125 0.3743 0.1452 0.1535 0.2332 0.4125 0.4987 0.2798 0.1386 0.1694 0.2741 0.4786 0.4622 0.1843 0.1406 0.1926 0.3289 0.5119 0.3946 0.1482 0.1511 0.2276 0.4044 0.5005 0.2821 0.1385 0.1711 0.2813 0.4898 0.4475 0.1667 0.1437 0.2061 0.3629 0.5103 0.3362 0.1406 0.1578 0.2029 0.1578 0.1406 0.3362 0.5103 0.3629 0.2061 0.1437 0.1667 0.4475 0.4898 0.2813 0.1711 0.1385 0.2821 0.5005 0.4044 0.2276 0.1511 0.1482 0.3946 0.5119 0.3289 0.1926 0.1406 0.1843 0.4622 0.4786 0.2741 0.1694 0.1386 0.2798 0.4987 0.4125 0.2332 0.1535 0.1452 0.3743 0.5125 0.3470 0.2013 0.1430 0.1668 0.4432 0.4963 0.2920 0.1769 0.1384 0.2404 0.4879 0.4323
0.4855 0.2291 0.1385 0.1793 0.2976 0.5003 0.4367 0.1628 0.1439 0.2045 0.3539 0.5121 0.3649 0.1439 0.1550 0.2374 0.4203 0.4958 0.2681 0.1384 0.1715 0.2791 0.4842 0.4573 0.1786 0.1411 0.1948 0.3335 0.5123 0.3896 0.1474 0.1517 0.2292 0.4070 0.4998 0.2801 0.1385 0.1711 0.2808 0.4889 0.4491 0.1682 0.1433 0.2046 0.3592 0.5110 0.3420 0.1410 0.1606 0.2481 0.3594 0.2481 0.1606 0.1410 0.3420 0.5110 0.3592 0.2046 0.1433 0.1682 0.4491 0.4889 0.2808 0.1711 0.1385 0.2801 0.4998 0.4070 0.2292 0.1517 0.1474 0.3896 0.5123 0.3335 0.1948 0.1411 0.1786 0.4573 0.4842 0.2791 0.1715 0.1384 0.2681 0.4958 0.4203 0.2374 0.1550 0.1439 0.3649 0.5121 0.3539 0.2045 0.1439 0.1628 0.4367 0.5003 0.2976 0.1793 0.1385 0.2291 0.4855
0.2264 0.1387 0.1818 0.3034 0.5038 0.4299 0.1594 0.1449 0.2078 0.3609 0.5114 0.3551 0.1428 0.1566 0.2416 0.4281 0.4926 0.2563 0.1383 0.1737 0.2845 0.4897 0.4517 0.1733 0.1418 0.1973 0.3387 0.5125 0.3835 0.1464 0.1525 0.2313 0.4106 0.4987 0.2761 0.1385 0.1715 0.2813 0.4889 0.4497 0.1690 0.1431 0.2035 0.3564 0.5114 0.3473 0.1414 0.1603 0.2535 0.4433 0.5089 0.4433 0.2535 0.1603 0.1414 0.3472 0.5114 0.3564 0.2035 0.1431 0.1690 0.4497 0.4889 0.2813 0.1715 0.1385 0.2761 0.4987 0.4106 0.2313 0.1525 0.1464 0.3835 0.5125 0.3387 0.1973 0.1418 0.1733 0.4517 0.4897 0.2845 0.1737 0.1383 0.2563 0.4926 0.4281 0.2416 0.1566 0.1428 0.3551 0.5114 0.3609 0.2078 0.1449 0.1594 0.4299 0.5038 0.3034 0.1818 0.1387 0.2264
0.1490 0.1843 0.3093 0.5065 0.4228 0.1565 0.1460 0.2112 0.3681 0.5104 0.3450 0.1419 0.1582 0.2459 0.4358 0.4892 0.2447 0.1383 0.1760 0.2899 0.4946 0.4456 0.1684 0.1426 0.2002 0.3446 0.5126 0.3763 0.1453 0.1535 0.2339 0.4151 0.4972 0.2707 0.1384 0.1722 0.2826 0.4898 0.4491 0.1690 0.1430 0.2030 0.3546 0.5117 0.3513 0.1418 0.1596 0.2526 0.4505 0.4832 0.3543 0.4832 0.4505 0.2526 0.1596 0.1418 0.3510 0.5117 0.3546 0.2030 0.1430 0.1690 0.4491 0.4898 0.2826 0.1722 0.1384 0.2707 0.4972 0.4151 0.2339 0.1535 0.1453 0.3763 0.5126 0.3446 0.2002 0.1426 0.1684 0.4456 0.4946 0.2899 0.1760 0.1383 0.2447 0.4892 0.4358 0.2459 0.1582 0.1419 0.3450 0.5104 0.3681 0.2112 0.1460 0.1565 0.4228 0.5065 0.3093 0.1843 0.1490
0.1917 0.3153 0.5087 0.4153 0.1540 0.1471 0.2147 0.3754 0.5091 0.3346 0.1410 0.1600 0.2504 0.4435 0.4854 0.2333 0.1384 0.1784 0.2955 0.4989 0.4392 0.1642 0.1436 0.2033 0.3513 0.5123 0.3681 0.1443 0.1547 0.2369 0.4204 0.4953 0.2640 0.1384 0.1732 0.2848 0.4915 0.4475 0.1682 0.1431 0.2030 0.3539 0.5118 0.3537 0.1421 0.1590 0.2510 0.4493 0.4803 0.2292 0.1392 0.2292 0.4803 0.4492 0.2509 0.1590 0.1421 0.3536 0.5118 0.3540 0.2030 0.1431 0.1682 0.4475 0.4915 0.2848 0.1732 0.1384 0.2640 0.4953 0.4204 0.2369 0.1547 0.1443 0.3681 0.5123 0.3513 0.2033 0.1436 0.1642 0.4392 0.4989 0.2955 0.1784 0.1384 0.2333 0.4854 0.4435 0.2504 0.1600 0.1410 0.3346 0.5091 0.3754 0.2147 0.1471 0.1540 0.4153 0.5087 0.3153 0.1917
0.3192 0.5105 0.4076 0.1517 0.1483 0.2183 0.3828 0.5075 0.3239 0.1403 0.1617 0.2550 0.4510 0.4814 0.2222 0.1386 0.1808 0.3012 0.5026 0.4325 0.1606 0.1446 0.2065 0.3583 0.5117 0.3588 0.1432 0.1561 0.2404 0.4266 0.4929 0.2559 0.1383 0.1745 0.2876 0.4938 0.4451 0.1667 0.1433 0.2035 0.3546 0.5118 0.3546 0.1422 0.1585 0.2495 0.4471 0.4808 0.2167 0.1374 0.1546 0.1374 0.2169 0.4811 0.4468 0.2496 0.1585 0.1422 0.3547 0.5118 0.3546 0.2035 0.1433 0.1667 0.4451 0.4938 0.2876 0.1745 0.1383 0.2559 0.4929 0.4266 0.2404 0.1561 0.1432 0.3588 0.5117 0.3583 0.2065 0.1446 0.1606 0.4325 0.5026 0.3012 0.1808 0.1386 0.2222 0.4814 0.4510 0.2550 0.1617 0.1403 0.3239 0.5075 0.3828 0.2183 0.1483 0.1517 0.4076 0.5105 0.3192
0.5092 0.3995 0.1497 0.1496 0.2220 0.3904 0.5057 0.3128 0.1397 0.1636 0.2597 0.4584 0.4771 0.2117 0.1389 0.1834 0.3071 0.5056 0.4255 0.1576 0.1456 0.2099 0.3654 0.5108 0.3488 0.1422 0.1576 0.2444 0.4334 0.4900 0.2467 0.1383 0.1761 0.2911 0.4964 0.4417 0.1648 0.1437 0.2046 0.3564 0.5117 0.3537 0.1422 0.1575 0.2489 0.4454 0.4816 0.2173 0.1386 0.1788 0.2422 0.1793 0.1386 0.2171 0.4836 0.4455 0.2487 0.1577 0.1422 0.3537 0.5117 0.3564 0.2046 0.1437 0.1648 0.4417 0.4964 0.2911 0.1761 0.1383 0.2467 0.4900 0.4334 0.2444 0.1576 0.1422 0.3488 0.5108 0.3654 0.2099 0.1456 0.1576 0.4255 0.5056 0.3071 0.1834 0.1389 0.2117 0.4771 0.4584 0.2597 0.1636 0.1397 0.3128 0.5057 0.3904 0.2220 0.1496 0.1497 0.3995 0.5092
0.3952 0.1480 0.1509 0.2258 0.3980 0.5035 0.3016 0.1392 0.1655 0.2645 0.4655 0.4725 0.2019 0.1393 0.1860 0.3131 0.5080 0.4181 0.1549 0.1467 0.2134 0.3727 0.5096 0.3385 0.1413 0.1593 0.2487 0.4407 0.4867 0.2367 0.1384 0.1780 0.2953 0.4992 0.4376 0.1626 0.1442 0.2061 0.3592 0.5114 0.3513 0.1421 0.1585 0.2487 0.4427 0.4833 0.2180 0.1393 0.1844 0.3042 0.4386 0.2982 0.1833 0.1390 0.2268 0.4848 0.4417 0.2477 0.1591 0.1421 0.3511 0.5114 0.3592 0.2061 0.1442 0.1626 0.4376 0.4992 0.2953 0.1780 0.1384 0.2367 0.4867 0.4407 0.2487 0.1593 0.1413 0.3385 0.5096 0.3727 0.2134 0.1467 0.1549 0.4181 0.5080 0.3131 0.1860 0.1393 0.2019 0.4725 0.4655 0.2645 0.1655 0.1392 0.3016 0.5035 0.3980 0.2258 0.1509 0.1480 0.3952
0.1569 0.1523 0.2297 0.4057 0.5011 0.2901 0.1389 0.1675 0.2695 0.4723 0.4676 0.1930 0.1398 0.1887 0.3192 0.5098 0.4105 0.1525 0.1479 0.2169 0.3801 0.5082 0.3279 0.1406 0.1611 0.2533 0.4482 0.4829 0.2262 0.1386 0.1801 0.2999 0.5021 0.4327 0.1603 0.1448 0.2080 0.3629 0.5110 0.3473 0.1418 0.1590 0.2498 0.4491 0.4828 0.2169 0.1392 0.1862 0.3144 0.5055 0.4834 0.5031 0.3106 0.1840 0.1390 0.2236 0.4841 0.4422 0.2489 0.1589 0.1418 0.3472 0.5110 0.3629 0.2080 0.1448 0.1603 0.4327 0.5021 0.2999 0.1801 0.1386 0.2262 0.4829 0.4482 0.2533 0.1611 0.1406 0.3279 0.5082 0.3801 0.2169 0.1479 0.1525 0.4105 0.5098 0.3192 0.1887 0.1398 0.1930 0.4676 0.4723 0.2695 0.1675 0.1389 0.2901 0.5011 0.4057 0.2297 0.1523 0.1569
0.1611 0.2337 0.4134 0.4984 0.2786 0.1386 0.1695 0.2745 0.4787 0.4624 0.1852 0.1404 0.1915 0.3254 0.5112 0.4026 0.1504 0.1491 0.2205 0.3875 0.5064 0.3171 0.1399 0.1628 0.2579 0.4556 0.4788 0.2156 0.1388 0.1824 0.3050 0.5047 0.4271 0.1580 0.1456 0.2103 0.3674 0.5103 0.3420 0.1414 0.1596 0.2510 0.4470 0.4835 0.2244 0.1389 0.1846 0.3137 0.5088 0.4184 0.2295 0.4239 0.5081 0.3108 0.1838 0.1388 0.2188 0.4816 0.4505 0.2509 0.1596 0.1414 0.3420 0.5103 0.3674 0.2103 0.1456 0.1580 0.4271 0.5047 0.3050 0.1824 0.1388 0.2156 0.4788 0.4556 0.2579 0.1628 0.1399 0.3171 0.5064 0.3875 0.2205 0.1491 0.1504 0.4026 0.5112 0.3254 0.1915 0.1404 0.1852 0.4624 0.4787 0.2745 0.1695 0.1386 0.2786 0.4984 0.4134 0.2337 0.1611
0.2392 0.4207 0.4956 0.2676 0.1384 0.1715 0.2793 0.4843 0.4573 0.1789 0.1410 0.1941 0.3314 0.5119 0.3949 0.1487 0.1502 0.2240 0.3946 0.5044 0.3066 0.1394 0.1646 0.2623 0.4623 0.4746 0.2061 0.1391 0.1847 0.3104 0.5070 0.4212 0.1558 0.1463 0.2126 0.3720 0.5095 0.3362 0.1410 0.1603 0.2526 0.4492 0.4811 0.2258 0.1391 0.1847 0.3115 0.5075 0.4134 0.1541 0.1363 0.1556 0.4169 0.5072 0.3063 0.1827 0.1386 0.2260 0.4826 0.4488 0.2526 0.1603 0.1410 0.3362 0.5095 0.3720 0.2126 0.1463 0.1558 0.4212 0.5070 0.3104 0.1847 0.1391 0.2061 0.4746 0.4623 0.2623 0.1646 0.1394 0.3066 0.5044 0.3946 0.2240 0.1502 0.1487 0.3949 0.5119 0.3314 0.1941 0.1410 0.1789 0.4573 0.4843 0.2793 0.1715 0.1384 0.2676 0.4956 0.4207 0.2392
0.4193 0.4934 0.2597 0.1381 0.1728 0.2828 0.4879 0.4534 0.1748 0.1413 0.1959 0.3357 0.5120 0.3891 0.1474 0.1509 0.2264 0.3996 0.5027 0.2990 0.1389 0.1657 0.2654 0.4669 0.4713 0.1997 0.1392 0.1863 0.3143 0.5082 0.4165 0.1541 0.1468 0.2142 0.3754 0.5087 0.3322 0.1406 0.1606 0.2535 0.4505 0.4803 0.2173 0.1386 0.1840 0.3121 0.5085 0.4088 0.1516 0.1455 0.1769 0.1447 0.1536 0.4208 0.5052 0.3023 0.1818 0.1388 0.2190 0.4805 0.4505 0.2535 0.1606 0.1406 0.3322 0.5087 0.3754 0.2142 0.1468 0.1541 0.4165 0.5082 0.3143 0.1863 0.1392 0.1997 0.4713 0.4669 0.2654 0.1657 0.1389 0.2990 0.5027 0.3996 0.2264 0.1509 0.1474 0.3891 0.5120 0.3357 0.1959 0.1413 0.1748 0.4534 0.4879 0.2828 0.1728 0.1381 0.2597 0.4934 0.4193
0.4951 0.2680 0.1373 0.1700 0.2787 0.4841 0.4562 0.1784 0.1399 0.1926 0.3317 0.5106 0.3950 0.1477 0.1489 0.2226 0.3952 0.5027 0.3069 0.1383 0.1631 0.2614 0.4625 0.4731 0.2060 0.1380 0.1832 0.3103 0.5060 0.4212 0.1551 0.1449 0.2104 0.3705 0.5084 0.3413 0.1404 0.1578 0.2481 0.4433 0.4832 0.2292 0.1374 0.1794 0.3012 0.5037 0.4226 0.1566 0.1448 0.2063 0.2930 0.2067 0.1446 0.1559 0.4289 0.5021 0.2987 0.1793 0.1376 0.2290 0.4832 0.4433 0.2481 0.1578 0.1404 0.3413 0.5084 0.3705 0.2104 0.1449 0.1551 0.4212 0.5060 0.3103 0.1832 0.1380 0.2060 0.4731 0.4625 0.2614 0.1631 0.1383 0.3069 0.5027 0.3952 0.2226 0.1489 0.1477 0.3950 0.5106 0.3317 0.1926 0.1399 0.1784 0.4562 0.4841 0.2787 0.1700 0.1373 0.2680 0.4951
0.3839 0.1428 0.1495 0.2262 0.4070 0.4980 0.2915 0.1360 0.1642 0.2667 0.4737 0.4651 0.1930 0.1377 0.1851 0.3180 0.5084 0.4098 0.1493 0.1453 0.2133 0.3808 0.5052 0.3289 0.1373 0.1579 0.2502 0.4499 0.4800 0.2275 0.1363 0.1765 0.2974 0.5012 0.4329 0.1587 0.1420 0.2029 0.3594 0.5089 0.3543 0.1392 0.1546 0.2418 0.4382 0.4862 0.2316 0.1363 0.1761 0.2896 0.4253 0.2897 0.1761 0.1365 0.2430 0.4863 0.4393 0.2430 0.1540 0.1391 0.3543 0.5089 0.3594 0.2029 0.1420 0.1587 0.4329 0.5012 0.2974 0.1765 0.1363 0.2275 0.4800 0.4499 0.2502 0.1579 0.1373 0.3289 0.5052 0.3808 0.2133 0.1453 0.1493 0.4098 0.5084 0.3180 0.1851 0.1377 0.1930 0.4651 0.4737 0.2667 0.1642 0.1360 0.2915 0.4980 0.4070 0.2262 0.1495 0.1428 0.3839
0.4951 0.2680 0.1373 0.1700 0.2787 0.4841 0.4562 0.1784 0.1399 0.1926 0.3317 0.5106 0.3950 0.1477 0.1489 0.2226 0.3952 0.5027 0.3069 0.1383 0.1631 0.2614 0.4625 0.4731 0.2060 0.1380 0.1832 0.3103 0.5060 0.4212 0.1551 0.1449 0.2104 0.3705 0.5084 0.3413 0.1404 0.1578 0.2481 0.4433 0.4832 0.2292 0.1374 0.1788 0.3039 0.5053 0.4220 0.1554 0.1451 0.2057 0.2913 0.2053 0.1447 0.1551 0.4245 0.5035 0.3026 0.1806 0.1375 0.2292 0.4832 0.4433 0.2481 0.1578 0.1404 0.3413 0.5084 0.3705 0.2104 0.1449 0.1551 0.4212 0.5060 0.3103 0.1832 0.1380 0.2060 0.4731 0.4625 0.2614 0.1631 0.1383 0.3069 0.5027 0.3952 0.2226 0.1489 0.1477 0.3950 0.5106 0.3317 0.1926 0.1399 0.1784 0.4562 0.4841 0.2787 0.1700 0.1373 0.2680 0.4951
0.4193 0.4934 0.2597 0.1381 0.1728 0.2828 0.4879 0.4534 0.1748 0.1413 0.1959 0.3357 0.5120 0.3891 0.1474 0.1509 0.2264 0.3996 0.5027 0.2990 0.1389 0.1657 0.2654 0.4669 0.4713 0.1997 0.1392 0.1863 0.3143 0.5082 0.4165 0.1541 0.1468 0.2142 0.3754 0.5087 0.3322 0.1406 0.1606 0.2535 0.4505 0.4803 0.2170 0.1387 0.1836 0.3109 0.5078 0.4165 0.1519 0.1449 0.1755 0.1444 0.1526 0.4123 0.5083 0.3131 0.1848 0.1389 0.2096 0.4804 0.4505 0.2535 0.1606 0.1406 0.3322 0.5087 0.3754 0.2142 0.1468 0.1541 0.4165 0.5082 0.3143 0.1863 0.1392 0.1997 0.4713 0.4669 0.2654 0.1657 0.1389 0.2990 0.5027 0.3996 0.2264 0.1509 0.1474 0.3891 0.5120 0.3357 0.1959 0.1413 0.1748 0.4534 0.4879 0.2828 0.1728 0.1381 0.2597 0.4934 0.4193
0.2392 0.4207 0.4956 0.2676 0.1384 0.1715 0.2793 0.4843 0.4573 0.1789 0.1410 0.1941 0.3314 0.5119 0.3949 0.1487 0.1502 0.2240 0.3946 0.5044 0.3066 0.1394 0.1646 0.2623 0.4623 0.4746 0.2061 0.1391 0.1847 0.3104 0.5070 0.4212 0.1558 0.1463 0.2126 0.3720 0.5095 0.3362 0.1410 0.1603 0.2526 0.4493 0.4809 0.2210 0.1388 0.1854 0.3137 0.5085 0.4078 0.1545 0.1363 0.1561 0.4147 0.5080 0.3109 0.1851 0.1390 0.2158 0.4797 0.4494 0.2526 0.1603 0.1410 0.3362 0.5095 0.3720 0.2126 0.1463 0.1558 0.4212 0.5070 0.3104 0.1847 0.1391 0.2061 0.4746 0.4623 0.2623 0.1646 0.1394 0.3066 0.5044 0.3946 0.2240 0.1502 0.1487 0.3949 0.5119 0.3314 0.1941 0.1410 0.1789 0.4573 0.4843 0.2793 0.1715 0.1384 0.2676 0.4956 0.4207 0.2392
0.1611 0.2337 0.4134 0.4984 0.2786 0.1386 0.1695 0.2745 0.4787 0.4624 0.1852 0.1404 0.1915 0.3254 0.5112 0.4026 0.1504 0.1491 0.2205 0.3875 0.5064 0.3171 0.1399 0.1628 0.2579 0.4556 0.4788 0.2156 0.1388 0.1824 0.3050 0.5047 0.4271 0.1580 0.1456 0.2103 0.3674 0.5103 0.3420 0.1414 0.1596 0.2510 0.4473 0.4822 0.2164 0.1390 0.1845 0.3134 0.5087 0.4246 0.2366 0.4263 0.5066 0.3102 0.1837 0.1390 0.2202 0.4805 0.4450 0.2510 0.1596 0.1414 0.3420 0.5103 0.3674 0.2103 0.1456 0.1580 0.4271 0.5047 0.3050 0.1824 0.1388 0.2156 0.4788 0.4556 0.2579 0.1628 0.1399 0.3171 0.5064 0.3875 0.2205 0.1491 0.1504 0.4026 0.5112 0.3254 0.1915 0.1404 0.1852 0.4624 0.4787 0.2745 0.1695 0.1386 0.2786 0.4984 0.4134 0.2337 0.1611
0.1569 0.1523 0.2297 0.4057 0.5011 0.2901 0.1389 0.1675 0.2695 0.4723 0.4676 0.1930 0.1398 0.1887 0.3192 0.5098 0.4105 0.1525 0.1479 0.2169 0.3801 0.5082 0.3279 0.1406 0.1611 0.2533 0.4482 0.4829 0.2262 0.1386 0.1801 0.2999 0.5021 0.4327 0.1603 0.1448 0.2080 0.3629 0.5110 0.3472 0.1418 0.1590 0.2498 0.4439 0.4819 0.2239 0.1389 0.1835 0.3111 0.5053 0.4833 0.5017 0.3058 0.1833 0.1387 0.2211 0.4822 0.4449 0.2486 0.1590 0.1418 0.3472 0.5110 0.3629 0.2080 0.1448 0.1603 0.4327 0.5021 0.2999 0.1801 0.1386 0.2262 0.4829 0.4482 0.2533 0.1611 0.1406 0.3279 0.5082 0.3801 0.2169 0.1479 0.1525 0.4105 0.5098 0.3192 0.1887 0.1398 0.1930 0.4676 0.4723 0.2695 0.1675 0.1389 0.2901 0.5011 0.4057 0.2297 0.1523 0.1569
