0.0011 0.0147 0.1872 1.0000 1.0000 0.0003 0.0040 0.0506 0.6396 1.0000 0.0001 0.0011 0.0135 0.1709 1.0000 1.0000 0.0003 0.0036 0.0457 0.5772 1.0000 0.0001 0.0010 0.0122 0.1542 1.0000 1.0000 0.0003 0.0033 0.0412 0.5208 1.0000 0.0001 0.0009 0.0110 0.1392 1.0000 1.0000 0.0002 0.0029 0.0372 0.4700 1.0000 0.0001 0.0008 0.0099 0.1253 1.0000 1.0000 0.0002 0.0009 0.0002 1.0000 1.0000 0.1253 0.0099 0.0008 0.0001 1.0000 0.4700 0.0372 0.0029 0.0002 1.0000 1.0000 0.1392 0.0110 0.0009 0.0001 1.0000 0.5208 0.0412 0.0033 0.0003 1.0000 1.0000 0.1542 0.0122 0.0010 0.0001 1.0000 0.5772 0.0457 0.0036 0.0003 1.0000 1.0000 0.1709 0.0135 0.0011 0.0001 1.0000 0.6396 0.0506 0.0040 0.0003 1.0000 1.0000 0.1872 0.0147 0.0011
0.0147 0.1934 1.0000 1.0000 0.0003 0.0040 0.0502 0.6347 1.0000 0.0001 0.0011 0.0134 0.1696 1.0000 1.0000 0.0003 0.0036 0.0453 0.5728 1.0000 0.0001 0.0010 0.0121 0.1530 1.0000 1.0000 0.0003 0.0032 0.0409 0.5169 1.0000 0.0001 0.0009 0.0109 0.1381 1.0000 1.0000 0.0002 0.0029 0.0369 0.4664 1.0000 0.0001 0.0008 0.0099 0.1246 1.0000 1.0000 0.0002 0.0022 0.0112 0.0022 0.0002 1.0000 1.0000 0.1246 0.0099 0.0008 0.0001 1.0000 0.4664 0.0369 0.0029 0.0002 1.0000 1.0000 0.1381 0.0109 0.0009 0.0001 1.0000 0.5169 0.0409 0.0032 0.0003 1.0000 1.0000 0.1530 0.0121 0.0010 0.0001 1.0000 0.5728 0.0453 0.0036 0.0003 1.0000 1.0000 0.1696 0.0134 0.0011 0.0001 1.0000 0.6347 0.0502 0.0040 0.0003 1.0000 1.0000 0.1934 0.0147
0.1872 1.0000 1.0000 0.0003 0.0037 0.0467 0.5882 1.0000 0.0001 0.0010 0.0124 0.1563 1.0000 1.0000 0.0003 0.0033 0.0418 0.5278 1.0000 0.0001 0.0009 0.0112 0.1410 1.0000 1.0000 0.0002 0.0030 0.0377 0.4763 1.0000 0.0001 0.0008 0.0101 0.1273 1.0000 1.0000 0.0002 0.0027 0.0340 0.4298 1.0000 0.0001 0.0007 0.0091 0.1148 1.0000 1.0000 0.0002 0.0023 0.0262 0.1295 0.0262 0.0023 0.0002 1.0000 1.0000 0.1148 0.0091 0.0007 0.0001 1.0000 0.4298 0.0340 0.0027 0.0002 1.0000 1.0000 0.1273 0.0101 0.0008 0.0001 1.0000 0.4763 0.0377 0.0030 0.0002 1.0000 1.0000 0.1410 0.0112 0.0009 0.0001 1.0000 0.5278 0.0418 0.0033 0.0003 1.0000 1.0000 0.1563 0.0124 0.0010 0.0001 1.0000 0.5882 0.0467 0.0037 0.0003 1.0000 1.0000 0.1872
1.0000 1.0000 0.0003 0.0036 0.0448 0.5567 1.0000 0.0001 0.0009 0.0114 0.1443 1.0000 1.0000 0.0002 0.0030 0.0385 0.4864 1.0000 0.0001 0.0008 0.0103 0.1299 1.0000 1.0000 0.0002 0.0027 0.0347 0.4389 1.0000 0.0001 0.0007 0.0093 0.1173 1.0000 1.0000 0.0002 0.0025 0.0313 0.3961 1.0000 0.0001 0.0007 0.0084 0.1058 1.0000 1.0000 0.0002 0.0022 0.0273 0.3046 1.0000 0.3046 0.0273 0.0022 0.0002 1.0000 1.0000 0.1058 0.0084 0.0007 0.0001 1.0000 0.3961 0.0313 0.0025 0.0002 1.0000 1.0000 0.1173 0.0093 0.0007 0.0001 1.0000 0.4389 0.0347 0.0027 0.0002 1.0000 1.0000 0.1299 0.0103 0.0008 0.0001 1.0000 0.4864 0.0385 0.0030 0.0002 1.0000 1.0000 0.1443 0.0114 0.0009 0.0001 1.0000 0.5567 0.0448 0.0036 0.0003 1.0000 1.0000
1.0000 0.0003 0.0037 0.0448 0.5452 1.0000 0.0001 0.0009 0.0107 0.1345 1.0000 1.0000 0.0002 0.0028 0.0355 0.4482 1.0000 0.0001 0.0007 0.0095 0.1197 1.0000 1.0000 0.0002 0.0025 0.0320 0.4044 1.0000 0.0001 0.0007 0.0085 0.1081 1.0000 1.0000 0.0002 0.0023 0.0289 0.3650 1.0000 1.0000 0.0006 0.0077 0.0975 1.0000 1.0000 0.0002 0.0021 0.0259 0.3183 1.0000 1.0000 1.0000 0.3183 0.0259 0.0021 0.0002 1.0000 1.0000 0.0975 0.0077 0.0006 1.0000 1.0000 0.3650 0.0289 0.0023 0.0002 1.0000 1.0000 0.1081 0.0085 0.0007 0.0001 1.0000 0.4044 0.0320 0.0025 0.0002 1.0000 1.0000 0.1197 0.0095 0.0007 0.0001 1.0000 0.4482 0.0355 0.0028 0.0002 1.0000 1.0000 0.1345 0.0107 0.0009 0.0001 1.0000 0.5452 0.0448 0.0037 0.0003 1.0000
0.0003 0.0040 0.0467 0.5567 1.0000 0.0001 0.0008 0.0102 0.1270 1.0000 1.0000 0.0002 0.0026 0.0329 0.4138 1.0000 0.0001 0.0007 0.0087 0.1103 1.0000 1.0000 0.0002 0.0023 0.0295 0.3727 1.0000 1.0000 0.0006 0.0079 0.0996 1.0000 1.0000 0.0002 0.0021 0.0266 0.3363 1.0000 1.0000 0.0006 0.0071 0.0899 1.0000 1.0000 0.0002 0.0019 0.0240 0.3012 1.0000 1.0000 0.0002 1.0000 1.0000 0.3012 0.0240 0.0019 0.0002 1.0000 1.0000 0.0899 0.0071 0.0006 1.0000 1.0000 0.3363 0.0266 0.0021 0.0002 1.0000 1.0000 0.0996 0.0079 0.0006 1.0000 1.0000 0.3727 0.0295 0.0023 0.0002 1.0000 1.0000 0.1103 0.0087 0.0007 0.0001 1.0000 0.4138 0.0329 0.0026 0.0002 1.0000 1.0000 0.1270 0.0102 0.0008 0.0001 1.0000 0.5567 0.0467 0.0040 0.0003
0.0040 0.0502 0.5882 1.0000 0.0001 0.0008 0.0100 0.1230 1.0000 1.0000 0.0002 0.0024 0.0306 0.3849 1.0000 1.0000 0.0006 0.0080 0.1017 1.0000 1.0000 0.0002 0.0021 0.0272 0.3434 1.0000 1.0000 0.0006 0.0073 0.0918 1.0000 1.0000 0.0002 0.0019 0.0245 0.3099 1.0000 1.0000 0.0005 0.0065 0.0828 1.0000 1.0000 0.0001 0.0017 0.0221 0.2791 1.0000 1.0000 0.0004 0.0020 0.0004 1.0000 1.0000 0.2791 0.0221 0.0017 0.0001 1.0000 1.0000 0.0828 0.0065 0.0005 1.0000 1.0000 0.3099 0.0245 0.0019 0.0002 1.0000 1.0000 0.0918 0.0073 0.0006 1.0000 1.0000 0.3434 0.0272 0.0021 0.0002 1.0000 1.0000 0.1017 0.0080 0.0006 1.0000 1.0000 0.3849 0.0306 0.0024 0.0002 1.0000 1.0000 0.1230 0.0100 0.0008 0.0001 1.0000 0.5882 0.0502 0.0040
0.0506 0.6347 1.0000 0.0001 0.0009 0.0102 0.1230 1.0000 1.0000 0.0002 0.0023 0.0288 0.3608 1.0000 1.0000 0.0006 0.0075 0.0939 1.0000 1.0000 0.0002 0.0020 0.0250 0.3164 1.0000 1.0000 0.0005 0.0067 0.0845 1.0000 1.0000 0.0001 0.0018 0.0226 0.2856 1.0000 1.0000 0.0005 0.0060 0.0763 0.9645 1.0000 0.0001 0.0016 0.0204 0.2577 1.0000 1.0000 0.0004 0.0046 0.0229 0.0046 0.0004 1.0000 1.0000 0.2577 0.0204 0.0016 0.0001 1.0000 0.9645 0.0763 0.0060 0.0005 1.0000 1.0000 0.2856 0.0226 0.0018 0.0001 1.0000 1.0000 0.0845 0.0067 0.0005 1.0000 1.0000 0.3164 0.0250 0.0020 0.0002 1.0000 1.0000 0.0939 0.0075 0.0006 1.0000 1.0000 0.3608 0.0288 0.0023 0.0002 1.0000 1.0000 0.1230 0.0102 0.0009 0.0001 1.0000 0.6347 0.0506
0.6396 1.0000 0.0001 0.0009 0.0107 0.1270 1.0000 1.0000 0.0002 0.0023 0.0277 0.3434 1.0000 1.0000 0.0006 0.0069 0.0873 1.0000 1.0000 0.0001 0.0018 0.0231 0.2916 1.0000 1.0000 0.0005 0.0062 0.0779 0.9849 1.0000 0.0001 0.0016 0.0208 0.2631 1.0000 1.0000 0.0004 0.0056 0.0703 0.8888 1.0000 0.0001 0.0015 0.0188 0.2375 1.0000 1.0000 0.0004 0.0048 0.0541 0.2672 0.0541 0.0048 0.0004 1.0000 1.0000 0.2375 0.0188 0.0015 0.0001 1.0000 0.8888 0.0703 0.0056 0.0004 1.0000 1.0000 0.2631 0.0208 0.0016 0.0001 1.0000 0.9849 0.0779 0.0062 0.0005 1.0000 1.0000 0.2916 0.0231 0.0018 0.0001 1.0000 1.0000 0.0873 0.0069 0.0006 1.0000 1.0000 0.3434 0.0277 0.0023 0.0002 1.0000 1.0000 0.1270 0.0107 0.0009 0.0001 1.0000 0.6396
1.0000 0.0001 0.0010 0.0114 0.1345 1.0000 1.0000 0.0002 0.0023 0.0274 0.3344 1.0000 1.0000 0.0005 0.0065 0.0819 1.0000 1.0000 0.0001 0.0017 0.0213 0.2687 1.0000 1.0000 0.0004 0.0057 0.0718 0.9076 1.0000 0.0001 0.0015 0.0192 0.2425 1.0000 1.0000 0.0004 0.0051 0.0648 0.8190 1.0000 0.0001 0.0014 0.0173 0.2188 1.0000 1.0000 0.0004 0.0046 0.0565 0.6299 1.0000 0.6299 0.0565 0.0046 0.0004 1.0000 1.0000 0.2188 0.0173 0.0014 0.0001 1.0000 0.8190 0.0648 0.0051 0.0004 1.0000 1.0000 0.2425 0.0192 0.0015 0.0001 1.0000 0.9076 0.0718 0.0057 0.0004 1.0000 1.0000 0.2687 0.0213 0.0017 0.0001 1.0000 1.0000 0.0819 0.0065 0.0005 1.0000 1.0000 0.3344 0.0274 0.0023 0.0002 1.0000 1.0000 0.1345 0.0114 0.0010 0.0001 1.0000
0.0001 0.0011 0.0124 0.1443 1.0000 1.0000 0.0002 0.0023 0.0277 0.3344 1.0000 1.0000 0.0005 0.0062 0.0776 0.9663 1.0000 0.0001 0.0016 0.0198 0.2490 1.0000 1.0000 0.0004 0.0052 0.0662 0.8363 1.0000 0.0001 0.0014 0.0177 0.2234 1.0000 1.0000 0.0004 0.0047 0.0597 0.7547 1.0000 0.0001 0.0013 0.0159 0.2016 1.0000 1.0000 0.0003 0.0043 0.0535 0.6581 1.0000 1.0000 1.0000 0.6581 0.0535 0.0043 0.0003 1.0000 1.0000 0.2016 0.0159 0.0013 0.0001 1.0000 0.7547 0.0597 0.0047 0.0004 1.0000 1.0000 0.2234 0.0177 0.0014 0.0001 1.0000 0.8363 0.0662 0.0052 0.0004 1.0000 1.0000 0.2490 0.0198 0.0016 0.0001 1.0000 0.9663 0.0776 0.0062 0.0005 1.0000 1.0000 0.3344 0.0277 0.0023 0.0002 1.0000 1.0000 0.1443 0.0124 0.0011 0.0001
0.0011 0.0134 0.1563 1.0000 1.0000 0.0002 0.0024 0.0288 0.3434 1.0000 1.0000 0.0005 0.0061 0.0750 0.9267 1.0000 0.0001 0.0015 0.0185 0.2325 1.0000 1.0000 0.0004 0.0048 0.0610 0.7706 1.0000 0.0001 0.0013 0.0163 0.2059 1.0000 1.0000 0.0003 0.0044 0.0550 0.6954 1.0000 0.0001 0.0012 0.0147 0.1858 1.0000 1.0000 0.0003 0.0039 0.0495 0.6228 1.0000 0.0001 0.0003 0.0001 1.0000 0.6228 0.0495 0.0039 0.0003 1.0000 1.0000 0.1858 0.0147 0.0012 0.0001 1.0000 0.6954 0.0550 0.0044 0.0003 1.0000 1.0000 0.2059 0.0163 0.0013 0.0001 1.0000 0.7706 0.0610 0.0048 0.0004 1.0000 1.0000 0.2325 0.0185 0.0015 0.0001 1.0000 0.9267 0.0750 0.0061 0.0005 1.0000 1.0000 0.3434 0.0288 0.0024 0.0002 1.0000 1.0000 0.1563 0.0134 0.0011
0.0135 0.1696 1.0000 1.0000 0.0002 0.0026 0.0306 0.3608 1.0000 1.0000 0.0005 0.0061 0.0741 0.9058 1.0000 0.0001 0.0014 0.0175 0.2188 1.0000 1.0000 0.0004 0.0045 0.0565 0.7115 1.0000 0.0001 0.0012 0.0150 0.1897 1.0000 1.0000 0.0003 0.0040 0.0507 0.6408 1.0000 0.0001 0.0011 0.0135 0.1712 1.0000 1.0000 0.0003 0.0036 0.0457 0.5772 1.0000 0.0001 0.0008 0.0041 0.0008 0.0001 1.0000 0.5772 0.0457 0.0036 0.0003 1.0000 1.0000 0.1712 0.0135 0.0011 0.0001 1.0000 0.6408 0.0507 0.0040 0.0003 1.0000 1.0000 0.1897 0.0150 0.0012 0.0001 1.0000 0.7115 0.0565 0.0045 0.0004 1.0000 1.0000 0.2188 0.0175 0.0014 0.0001 1.0000 0.9058 0.0741 0.0061 0.0005 1.0000 1.0000 0.3608 0.0306 0.0026 0.0002 1.0000 1.0000 0.1696 0.0135
0.1709 1.0000 1.0000 0.0002 0.0028 0.0329 0.3849 1.0000 1.0000 0.0005 0.0062 0.0750 0.9058 1.0000 0.0001 0.0014 0.0168 0.2083 1.0000 1.0000 0.0003 0.0042 0.0528 0.6619 1.0000 0.0001 0.0011 0.0138 0.1748 1.0000 1.0000 0.0003 0.0037 0.0467 0.5905 1.0000 0.0001 0.0010 0.0125 0.1578 1.0000 1.0000 0.0003 0.0033 0.0422 0.5329 1.0000 0.0001 0.0009 0.0096 0.0474 0.0096 0.0009 0.0001 1.0000 0.5329 0.0422 0.0033 0.0003 1.0000 1.0000 0.1578 0.0125 0.0010 0.0001 1.0000 0.5905 0.0467 0.0037 0.0003 1.0000 1.0000 0.1748 0.0138 0.0011 0.0001 1.0000 0.6619 0.0528 0.0042 0.0003 1.0000 1.0000 0.2083 0.0168 0.0014 0.0001 1.0000 0.9058 0.0750 0.0062 0.0005 1.0000 1.0000 0.3849 0.0329 0.0028 0.0002 1.0000 1.0000 0.1709
1.0000 1.0000 0.0003 0.0030 0.0355 0.4138 1.0000 1.0000 0.0006 0.0065 0.0776 0.9267 1.0000 0.0001 0.0013 0.0165 0.2020 1.0000 1.0000 0.0003 0.0040 0.0495 0.6204 1.0000 0.0001 0.0010 0.0128 0.1614 1.0000 1.0000 0.0003 0.0034 0.0430 0.5441 1.0000 0.0001 0.0009 0.0115 0.1454 1.0000 1.0000 0.0002 0.0031 0.0388 0.4910 1.0000 0.0001 0.0008 0.0100 0.1118 0.5525 0.1118 0.0100 0.0008 0.0001 1.0000 0.4910 0.0388 0.0031 0.0002 1.0000 1.0000 0.1454 0.0115 0.0009 0.0001 1.0000 0.5441 0.0430 0.0034 0.0003 1.0000 1.0000 0.1614 0.0128 0.0010 0.0001 1.0000 0.6204 0.0495 0.0040 0.0003 1.0000 1.0000 0.2020 0.0165 0.0013 0.0001 1.0000 0.9267 0.0776 0.0065 0.0006 1.0000 1.0000 0.4138 0.0355 0.0030 0.0003 1.0000 1.0000
1.0000 0.0003 0.0033 0.0385 0.4482 1.0000 1.0000 0.0006 0.0069 0.0819 0.9663 1.0000 0.0001 0.0014 0.0165 0.1997 1.0000 1.0000 0.0003 0.0038 0.0470 0.5860 1.0000 0.0001 0.0010 0.0119 0.1502 1.0000 1.0000 0.0002 0.0031 0.0397 0.5014 1.0000 0.0001 0.0008 0.0106 0.1340 1.0000 1.0000 0.0002 0.0028 0.0358 0.4525 1.0000 0.0001 0.0008 0.0095 0.1168 1.0000 1.0000 1.0000 0.1168 0.0095 0.0008 0.0001 1.0000 0.4525 0.0358 0.0028 0.0002 1.0000 1.0000 0.1340 0.0106 0.0008 0.0001 1.0000 0.5014 0.0397 0.0031 0.0002 1.0000 1.0000 0.1502 0.0119 0.0010 0.0001 1.0000 0.5860 0.0470 0.0038 0.0003 1.0000 1.0000 0.1997 0.0165 0.0014 0.0001 1.0000 0.9663 0.0819 0.0069 0.0006 1.0000 1.0000 0.4482 0.0385 0.0033 0.0003 1.0000
0.0003 0.0036 0.0418 0.4864 1.0000 0.0001 0.0006 0.0075 0.0873 1.0000 1.0000 0.0001 0.0014 0.0168 0.2020 1.0000 1.0000 0.0003 0.0037 0.0451 0.5588 1.0000 0.0001 0.0009 0.0112 0.1405 1.0000 1.0000 0.0002 0.0029 0.0365 0.4620 1.0000 0.0001 0.0008 0.0098 0.1234 1.0000 1.0000 0.0002 0.0026 0.0330 0.4169 1.0000 0.0001 0.0007 0.0088 0.1105 1.0000 1.0000 0.0001 1.0000 1.0000 0.1105 0.0088 0.0007 0.0001 1.0000 0.4169 0.0330 0.0026 0.0002 1.0000 1.0000 0.1234 0.0098 0.0008 0.0001 1.0000 0.4620 0.0365 0.0029 0.0002 1.0000 1.0000 0.1405 0.0112 0.0009 0.0001 1.0000 0.5588 0.0451 0.0037 0.0003 1.0000 1.0000 0.2020 0.0168 0.0014 0.0001 1.0000 1.0000 0.0873 0.0075 0.0006 0.0001 1.0000 0.4864 0.0418 0.0036 0.0003
0.0036 0.0453 0.5278 1.0000 0.0001 0.0007 0.0080 0.0939 1.0000 1.0000 0.0001 0.0015 0.0175 0.2083 1.0000 1.0000 0.0003 0.0036 0.0443 0.5431 1.0000 0.0001 0.0009 0.0106 0.1322 1.0000 1.0000 0.0002 0.0027 0.0339 0.4274 1.0000 0.0001 0.0007 0.0090 0.1137 1.0000 1.0000 0.0002 0.0024 0.0304 0.3842 1.0000 1.0000 0.0006 0.0081 0.1025 1.0000 1.0000 0.0001 0.0007 0.0001 1.0000 1.0000 0.1025 0.0081 0.0006 1.0000 1.0000 0.3842 0.0304 0.0024 0.0002 1.0000 1.0000 0.1137 0.0090 0.0007 0.0001 1.0000 0.4274 0.0339 0.0027 0.0002 1.0000 1.0000 0.1322 0.0106 0.0009 0.0001 1.0000 0.5431 0.0443 0.0036 0.0003 1.0000 1.0000 0.2083 0.0175 0.0015 0.0001 1.0000 1.0000 0.0939 0.0080 0.0007 0.0001 1.0000 0.5278 0.0453 0.0036
0.0457 0.5728 1.0000 0.0001 0.0007 0.0087 0.1017 1.0000 1.0000 0.0001 0.0016 0.0185 0.2188 1.0000 1.0000 0.0003 0.0037 0.0443 0.5369 1.0000 0.0001 0.0008 0.0101 0.1258 1.0000 1.0000 0.0002 0.0025 0.0316 0.3976 1.0000 1.0000 0.0007 0.0083 0.1048 1.0000 1.0000 0.0002 0.0022 0.0280 0.3540 1.0000 1.0000 0.0006 0.0075 0.0946 1.0000 1.0000 0.0002 0.0017 0.0084 0.0017 0.0002 1.0000 1.0000 0.0946 0.0075 0.0006 1.0000 1.0000 0.3540 0.0280 0.0022 0.0002 1.0000 1.0000 0.1048 0.0083 0.0007 1.0000 1.0000 0.3976 0.0316 0.0025 0.0002 1.0000 1.0000 0.1258 0.0101 0.0008 0.0001 1.0000 0.5369 0.0443 0.0037 0.0003 1.0000 1.0000 0.2188 0.0185 0.0016 0.0001 1.0000 1.0000 0.1017 0.0087 0.0007 0.0001 1.0000 0.5728 0.0457
0.5772 1.0000 0.0001 0.0008 0.0095 0.1103 1.0000 1.0000 0.0001 0.0017 0.0198 0.2325 1.0000 1.0000 0.0003 0.0038 0.0451 0.5431 1.0000 0.0001 0.0008 0.0099 0.1213 1.0000 1.0000 0.0002 0.0024 0.0298 0.3727 1.0000 1.0000 0.0006 0.0077 0.0968 1.0000 1.0000 0.0002 0.0020 0.0258 0.3262 1.0000 1.0000 0.0005 0.0069 0.0872 1.0000 1.0000 0.0001 0.0018 0.0198 0.0981 0.0198 0.0018 0.0001 1.0000 1.0000 0.0872 0.0069 0.0005 1.0000 1.0000 0.3262 0.0258 0.0020 0.0002 1.0000 1.0000 0.0968 0.0077 0.0006 1.0000 1.0000 0.3727 0.0298 0.0024 0.0002 1.0000 1.0000 0.1213 0.0099 0.0008 0.0001 1.0000 0.5431 0.0451 0.0038 0.0003 1.0000 1.0000 0.2325 0.0198 0.0017 0.0001 1.0000 1.0000 0.1103 0.0095 0.0008 0.0001 1.0000 0.5772
1.0000 0.0001 0.0009 0.0103 0.1197 1.0000 1.0000 0.0002 0.0018 0.0213 0.2490 1.0000 1.0000 0.0003 0.0040 0.0470 0.5588 1.0000 0.0001 0.0008 0.0097 0.1191 1.0000 1.0000 0.0002 0.0023 0.0283 0.3527 1.0000 1.0000 0.0006 0.0072 0.0900 1.0000 1.0000 0.0001 0.0019 0.0238 0.3006 1.0000 1.0000 0.0005 0.0064 0.0803 1.0000 1.0000 0.0001 0.0017 0.0207 0.2312 1.0000 0.2312 0.0207 0.0017 0.0001 1.0000 1.0000 0.0803 0.0064 0.0005 1.0000 1.0000 0.3006 0.0238 0.0019 0.0001 1.0000 1.0000 0.0900 0.0072 0.0006 1.0000 1.0000 0.3527 0.0283 0.0023 0.0002 1.0000 1.0000 0.1191 0.0097 0.0008 0.0001 1.0000 0.5588 0.0470 0.0040 0.0003 1.0000 1.0000 0.2490 0.0213 0.0018 0.0002 1.0000 1.0000 0.1197 0.0103 0.0009 0.0001 1.0000
0.0001 0.0010 0.0112 0.1299 1.0000 1.0000 0.0002 0.0020 0.0231 0.2687 1.0000 1.0000 0.0004 0.0042 0.0495 0.5860 1.0000 0.0001 0.0008 0.0099 0.1191 1.0000 1.0000 0.0002 0.0022 0.0272 0.3369 1.0000 1.0000 0.0005 0.0067 0.0844 1.0000 1.0000 0.0001 0.0017 0.0220 0.2770 1.0000 1.0000 0.0005 0.0059 0.0740 0.9356 1.0000 0.0001 0.0016 0.0196 0.2416 1.0000 1.0000 1.0000 0.2416 0.0196 0.0016 0.0001 1.0000 0.9356 0.0740 0.0059 0.0005 1.0000 1.0000 0.2770 0.0220 0.0017 0.0001 1.0000 1.0000 0.0844 0.0067 0.0005 1.0000 1.0000 0.3369 0.0272 0.0022 0.0002 1.0000 1.0000 0.1191 0.0099 0.0008 0.0001 1.0000 0.5860 0.0495 0.0042 0.0004 1.0000 1.0000 0.2687 0.0231 0.0020 0.0002 1.0000 1.0000 0.1299 0.0112 0.0010 0.0001
0.0010 0.0121 0.1410 1.0000 1.0000 0.0002 0.0021 0.0250 0.2916 1.0000 1.0000 0.0004 0.0045 0.0528 0.6204 1.0000 0.0001 0.0009 0.0101 0.1213 1.0000 1.0000 0.0002 0.0022 0.0265 0.3256 1.0000 1.0000 0.0005 0.0064 0.0796 0.9943 1.0000 0.0001 0.0016 0.0203 0.2562 1.0000 1.0000 0.0004 0.0054 0.0682 0.8621 1.0000 0.0001 0.0014 0.0182 0.2286 1.0000 1.0000 0.0001 1.0000 1.0000 0.2286 0.0182 0.0014 0.0001 1.0000 0.8621 0.0682 0.0054 0.0004 1.0000 1.0000 0.2562 0.0203 0.0016 0.0001 1.0000 0.9943 0.0796 0.0064 0.0005 1.0000 1.0000 0.3256 0.0265 0.0022 0.0002 1.0000 1.0000 0.1213 0.0101 0.0009 0.0001 1.0000 0.6204 0.0528 0.0045 0.0004 1.0000 1.0000 0.2916 0.0250 0.0021 0.0002 1.0000 1.0000 0.1410 0.0121 0.0010
0.0122 0.1530 1.0000 1.0000 0.0002 0.0023 0.0272 0.3164 1.0000 1.0000 0.0004 0.0048 0.0565 0.6619 1.0000 0.0001 0.0009 0.0106 0.1258 1.0000 1.0000 0.0002 0.0022 0.0262 0.3201 1.0000 1.0000 0.0005 0.0061 0.0756 0.9410 1.0000 0.0001 0.0015 0.0190 0.2384 1.0000 1.0000 0.0004 0.0050 0.0628 0.7944 1.0000 0.0001 0.0013 0.0168 0.2119 1.0000 1.0000 0.0003 0.0015 0.0003 1.0000 1.0000 0.2119 0.0168 0.0013 0.0001 1.0000 0.7944 0.0628 0.0050 0.0004 1.0000 1.0000 0.2384 0.0190 0.0015 0.0001 1.0000 0.9410 0.0756 0.0061 0.0005 1.0000 1.0000 0.3201 0.0262 0.0022 0.0002 1.0000 1.0000 0.1258 0.0106 0.0009 0.0001 1.0000 0.6619 0.0565 0.0048 0.0004 1.0000 1.0000 0.3164 0.0272 0.0023 0.0002 1.0000 1.0000 0.1530 0.0122
0.1542 1.0000 1.0000 0.0002 0.0025 0.0295 0.3434 1.0000 1.0000 0.0004 0.0052 0.0610 0.7115 1.0000 0.0001 0.0010 0.0112 0.1322 1.0000 1.0000 0.0002 0.0022 0.0265 0.3201 1.0000 1.0000 0.0005 0.0059 0.0728 0.9007 1.0000 0.0001 0.0014 0.0179 0.2234 1.0000 1.0000 0.0004 0.0046 0.0580 0.7321 1.0000 0.0001 0.0012 0.0155 0.1956 1.0000 1.0000 0.0003 0.0035 0.0174 0.0035 0.0003 1.0000 1.0000 0.1956 0.0155 0.0012 0.0001 1.0000 0.7321 0.0580 0.0046 0.0004 1.0000 1.0000 0.2234 0.0179 0.0014 0.0001 1.0000 0.9007 0.0728 0.0059 0.0005 1.0000 1.0000 0.3201 0.0265 0.0022 0.0002 1.0000 1.0000 0.1322 0.0112 0.0010 0.0001 1.0000 0.7115 0.0610 0.0052 0.0004 1.0000 1.0000 0.3434 0.0295 0.0025 0.0002 1.0000 1.0000 0.1542
1.0000 1.0000 0.0002 0.0027 0.0320 0.3727 1.0000 1.0000 0.0005 0.0057 0.0662 0.7706 1.0000 0.0001 0.0010 0.0119 0.1405 1.0000 1.0000 0.0002 0.0023 0.0272 0.3256 1.0000 1.0000 0.0005 0.0058 0.0710 0.8720 1.0000 0.0001 0.0014 0.0170 0.2114 1.0000 1.0000 0.0003 0.0043 0.0540 0.6784 1.0000 0.0001 0.0011 0.0143 0.1802 1.0000 1.0000 0.0003 0.0037 0.0410 0.2028 0.0410 0.0037 0.0003 1.0000 1.0000 0.1802 0.0143 0.0011 0.0001 1.0000 0.6784 0.0540 0.0043 0.0003 1.0000 1.0000 0.2114 0.0170 0.0014 0.0001 1.0000 0.8720 0.0710 0.0058 0.0005 1.0000 1.0000 0.3256 0.0272 0.0023 0.0002 1.0000 1.0000 0.1405 0.0119 0.0010 0.0001 1.0000 0.7706 0.0662 0.0057 0.0005 1.0000 1.0000 0.3727 0.0320 0.0027 0.0002 1.0000 1.0000
1.0000 0.0003 0.0030 0.0347 0.4044 1.0000 1.0000 0.0005 0.0062 0.0718 0.8363 1.0000 0.0001 0.0011 0.0128 0.1502 1.0000 1.0000 0.0002 0.0024 0.0283 0.3369 1.0000 1.0000 0.0005 0.0058 0.0704 0.8589 1.0000 0.0001 0.0013 0.0163 0.2020 1.0000 1.0000 0.0003 0.0040 0.0506 0.6335 1.0000 0.0001 0.0010 0.0131 0.1661 1.0000 1.0000 0.0003 0.0035 0.0429 0.4781 1.0000 0.4781 0.0429 0.0035 0.0003 1.0000 1.0000 0.1661 0.0131 0.0010 0.0001 1.0000 0.6335 0.0506 0.0040 0.0003 1.0000 1.0000 0.2020 0.0163 0.0013 0.0001 1.0000 0.8589 0.0704 0.0058 0.0005 1.0000 1.0000 0.3369 0.0283 0.0024 0.0002 1.0000 1.0000 0.1502 0.0128 0.0011 0.0001 1.0000 0.8363 0.0718 0.0062 0.0005 1.0000 1.0000 0.4044 0.0347 0.0030 0.0003 1.0000
0.0003 0.0032 0.0377 0.4389 1.0000 1.0000 0.0006 0.0067 0.0779 0.9076 1.0000 0.0001 0.0012 0.0138 0.1614 1.0000 1.0000 0.0002 0.0025 0.0298 0.3527 1.0000 1.0000 0.0005 0.0059 0.0710 0.8589 1.0000 0.0001 0.0013 0.0158 0.1952 1.0000 1.0000 0.0003 0.0038 0.0477 0.5961 1.0000 0.0001 0.0010 0.0122 0.1533 1.0000 1.0000 0.0003 0.0032 0.0406 0.4995 1.0000 1.0000 1.0000 0.4995 0.0406 0.0032 0.0003 1.0000 1.0000 0.1533 0.0122 0.0010 0.0001 1.0000 0.5961 0.0477 0.0038 0.0003 1.0000 1.0000 0.1952 0.0158 0.0013 0.0001 1.0000 0.8589 0.0710 0.0059 0.0005 1.0000 1.0000 0.3527 0.0298 0.0025 0.0002 1.0000 1.0000 0.1614 0.0138 0.0012 0.0001 1.0000 0.9076 0.0779 0.0067 0.0006 1.0000 1.0000 0.4389 0.0377 0.0032 0.0003
0.0033 0.0409 0.4763 1.0000 0.0001 0.0006 0.0073 0.0845 0.9849 1.0000 0.0001 0.0013 0.0150 0.1748 1.0000 1.0000 0.0002 0.0027 0.0316 0.3727 1.0000 1.0000 0.0005 0.0061 0.0728 0.8720 1.0000 0.0001 0.0013 0.0156 0.1908 1.0000 1.0000 0.0003 0.0037 0.0453 0.5641 1.0000 0.0001 0.0009 0.0114 0.1426 1.0000 1.0000 0.0002 0.0030 0.0376 0.4727 1.0000 0.0001 0.0003 0.0001 1.0000 0.4727 0.0376 0.0030 0.0002 1.0000 1.0000 0.1426 0.0114 0.0009 0.0001 1.0000 0.5641 0.0453 0.0037 0.0003 1.0000 1.0000 0.1908 0.0156 0.0013 0.0001 1.0000 0.8720 0.0728 0.0061 0.0005 1.0000 1.0000 0.3727 0.0316 0.0027 0.0002 1.0000 1.0000 0.1748 0.0150 0.0013 0.0001 1.0000 0.9849 0.0845 0.0073 0.0006 0.0001 1.0000 0.4763 0.0409 0.0033
0.0412 0.5169 1.0000 0.0001 0.0007 0.0079 0.0918 1.0000 1.0000 0.0001 0.0014 0.0163 0.1897 1.0000 1.0000 0.0002 0.0029 0.0339 0.3976 1.0000 1.0000 0.0005 0.0064 0.0756 0.9007 1.0000 0.0001 0.0013 0.0156 0.1894 1.0000 1.0000 0.0003 0.0035 0.0435 0.5400 1.0000 0.0001 0.0009 0.0107 0.1337 1.0000 1.0000 0.0002 0.0028 0.0348 0.4389 1.0000 0.0001 0.0006 0.0031 0.0006 0.0001 1.0000 0.4389 0.0348 0.0028 0.0002 1.0000 1.0000 0.1337 0.0107 0.0009 0.0001 1.0000 0.5400 0.0435 0.0035 0.0003 1.0000 1.0000 0.1894 0.0156 0.0013 0.0001 1.0000 0.9007 0.0756 0.0064 0.0005 1.0000 1.0000 0.3976 0.0339 0.0029 0.0002 1.0000 1.0000 0.1897 0.0163 0.0014 0.0001 1.0000 1.0000 0.0918 0.0079 0.0007 0.0001 1.0000 0.5169 0.0412
0.5208 1.0000 0.0001 0.0007 0.0085 0.0996 1.0000 1.0000 0.0001 0.0015 0.0177 0.2059 1.0000 1.0000 0.0003 0.0031 0.0365 0.4274 1.0000 1.0000 0.0006 0.0067 0.0796 0.9410 1.0000 0.0001 0.0013 0.0158 0.1908 1.0000 1.0000 0.0003 0.0035 0.0424 0.5218 1.0000 0.0001 0.0008 0.0102 0.1265 1.0000 1.0000 0.0002 0.0026 0.0324 0.4068 1.0000 0.0001 0.0007 0.0073 0.0360 0.0073 0.0007 0.0001 1.0000 0.4068 0.0324 0.0026 0.0002 1.0000 1.0000 0.1265 0.0102 0.0008 0.0001 1.0000 0.5218 0.0424 0.0035 0.0003 1.0000 1.0000 0.1908 0.0158 0.0013 0.0001 1.0000 0.9410 0.0796 0.0067 0.0006 1.0000 1.0000 0.4274 0.0365 0.0031 0.0003 1.0000 1.0000 0.2059 0.0177 0.0015 0.0001 1.0000 1.0000 0.0996 0.0085 0.0007 0.0001 1.0000 0.5208
1.0000 0.0001 0.0008 0.0093 0.1081 1.0000 1.0000 0.0001 0.0016 0.0192 0.2234 1.0000 1.0000 0.0003 0.0034 0.0397 0.4620 1.0000 1.0000 0.0006 0.0072 0.0844 0.9943 1.0000 0.0001 0.0014 0.0163 0.1952 1.0000 1.0000 0.0003 0.0034 0.0418 0.5101 1.0000 0.0001 0.0008 0.0097 0.1207 1.0000 1.0000 0.0002 0.0024 0.0302 0.3791 1.0000 1.0000 0.0006 0.0076 0.0849 0.4193 0.0849 0.0076 0.0006 1.0000 1.0000 0.3791 0.0302 0.0024 0.0002 1.0000 1.0000 0.1207 0.0097 0.0008 0.0001 1.0000 0.5101 0.0418 0.0034 0.0003 1.0000 1.0000 0.1952 0.0163 0.0014 0.0001 1.0000 0.9943 0.0844 0.0072 0.0006 1.0000 1.0000 0.4620 0.0397 0.0034 0.0003 1.0000 1.0000 0.2234 0.0192 0.0016 0.0001 1.0000 1.0000 0.1081 0.0093 0.0008 0.0001 1.0000
0.0001 0.0009 0.0101 0.1173 1.0000 1.0000 0.0002 0.0018 0.0208 0.2425 1.0000 1.0000 0.0003 0.0037 0.0430 0.5014 1.0000 0.0001 0.0007 0.0077 0.0900 1.0000 1.0000 0.0001 0.0014 0.0170 0.2020 1.0000 1.0000 0.0003 0.0035 0.0418 0.5062 1.0000 0.0001 0.0008 0.0094 0.1162 1.0000 1.0000 0.0002 0.0023 0.0284 0.3554 1.0000 1.0000 0.0006 0.0073 0.0890 0.9905 1.0000 0.9905 0.0890 0.0073 0.0006 1.0000 1.0000 0.3554 0.0284 0.0023 0.0002 1.0000 1.0000 0.1162 0.0094 0.0008 0.0001 1.0000 0.5062 0.0418 0.0035 0.0003 1.0000 1.0000 0.2020 0.0170 0.0014 0.0001 1.0000 1.0000 0.0900 0.0077 0.0007 0.0001 1.0000 0.5014 0.0430 0.0037 0.0003 1.0000 1.0000 0.2425 0.0208 0.0018 0.0002 1.0000 1.0000 0.1173 0.0101 0.0009 0.0001
0.0009 0.0109 0.1273 1.0000 1.0000 0.0002 0.0019 0.0226 0.2631 1.0000 1.0000 0.0003 0.0040 0.0467 0.5441 1.0000 0.0001 0.0007 0.0083 0.0968 1.0000 1.0000 0.0001 0.0015 0.0179 0.2114 1.0000 1.0000 0.0003 0.0035 0.0424 0.5101 1.0000 0.0001 0.0008 0.0092 0.1131 1.0000 1.0000 0.0002 0.0022 0.0270 0.3363 1.0000 1.0000 0.0005 0.0068 0.0850 1.0000 1.0000 1.0000 1.0000 1.0000 0.0850 0.0068 0.0005 1.0000 1.0000 0.3363 0.0270 0.0022 0.0002 1.0000 1.0000 0.1131 0.0092 0.0008 0.0001 1.0000 0.5101 0.0424 0.0035 0.0003 1.0000 1.0000 0.2114 0.0179 0.0015 0.0001 1.0000 1.0000 0.0968 0.0083 0.0007 0.0001 1.0000 0.5441 0.0467 0.0040 0.0003 1.0000 1.0000 0.2631 0.0226 0.0019 0.0002 1.0000 1.0000 0.1273 0.0109 0.0009
0.0110 0.1381 1.0000 1.0000 0.0002 0.0021 0.0245 0.2856 1.0000 1.0000 0.0004 0.0044 0.0507 0.5905 1.0000 0.0001 0.0008 0.0090 0.1048 1.0000 1.0000 0.0001 0.0016 0.0190 0.2234 1.0000 1.0000 0.0003 0.0037 0.0435 0.5218 1.0000 0.0001 0.0008 0.0092 0.1114 1.0000 1.0000 0.0002 0.0021 0.0259 0.3207 1.0000 1.0000 0.0005 0.0064 0.0800 0.9981 1.0000 0.0001 0.0006 0.0001 1.0000 0.9981 0.0800 0.0064 0.0005 1.0000 1.0000 0.3207 0.0259 0.0021 0.0002 1.0000 1.0000 0.1114 0.0092 0.0008 0.0001 1.0000 0.5218 0.0435 0.0037 0.0003 1.0000 1.0000 0.2234 0.0190 0.0016 0.0001 1.0000 1.0000 0.1048 0.0090 0.0008 0.0001 1.0000 0.5905 0.0507 0.0044 0.0004 1.0000 1.0000 0.2856 0.0245 0.0021 0.0002 1.0000 1.0000 0.1381 0.0110
0.1392 1.0000 1.0000 0.0002 0.0023 0.0266 0.3099 1.0000 1.0000 0.0004 0.0047 0.0550 0.6408 1.0000 0.0001 0.0008 0.0098 0.1137 1.0000 1.0000 0.0001 0.0017 0.0203 0.2384 1.0000 1.0000 0.0003 0.0038 0.0453 0.5400 1.0000 0.0001 0.0008 0.0092 0.1114 1.0000 1.0000 0.0002 0.0020 0.0250 0.3087 1.0000 1.0000 0.0005 0.0061 0.0756 0.9427 1.0000 0.0001 0.0013 0.0065 0.0013 0.0001 1.0000 0.9427 0.0756 0.0061 0.0005 1.0000 1.0000 0.3087 0.0250 0.0020 0.0002 1.0000 1.0000 0.1114 0.0092 0.0008 0.0001 1.0000 0.5400 0.0453 0.0038 0.0003 1.0000 1.0000 0.2384 0.0203 0.0017 0.0001 1.0000 1.0000 0.1137 0.0098 0.0008 0.0001 1.0000 0.6408 0.0550 0.0047 0.0004 1.0000 1.0000 0.3099 0.0266 0.0023 0.0002 1.0000 1.0000 0.1392
1.0000 1.0000 0.0002 0.0025 0.0289 0.3363 1.0000 1.0000 0.0004 0.0051 0.0597 0.6954 1.0000 0.0001 0.0009 0.0106 0.1234 1.0000 1.0000 0.0002 0.0019 0.0220 0.2562 1.0000 1.0000 0.0003 0.0040 0.0477 0.5641 1.0000 0.0001 0.0008 0.0094 0.1131 1.0000 1.0000 0.0002 0.0020 0.0245 0.3006 1.0000 1.0000 0.0005 0.0058 0.0718 0.8939 1.0000 0.0001 0.0014 0.0154 0.0760 0.0154 0.0014 0.0001 1.0000 0.8939 0.0718 0.0058 0.0005 1.0000 1.0000 0.3006 0.0245 0.0020 0.0002 1.0000 1.0000 0.1131 0.0094 0.0008 0.0001 1.0000 0.5641 0.0477 0.0040 0.0003 1.0000 1.0000 0.2562 0.0220 0.0019 0.0002 1.0000 1.0000 0.1234 0.0106 0.0009 0.0001 1.0000 0.6954 0.0597 0.0051 0.0004 1.0000 1.0000 0.3363 0.0289 0.0025 0.0002 1.0000 1.0000
1.0000 0.0002 0.0027 0.0313 0.3650 1.0000 1.0000 0.0005 0.0056 0.0648 0.7547 1.0000 0.0001 0.0010 0.0115 0.1340 1.0000 1.0000 0.0002 0.0020 0.0238 0.2770 1.0000 1.0000 0.0004 0.0043 0.0506 0.5961 1.0000 0.0001 0.0008 0.0097 0.1162 1.0000 1.0000 0.0002 0.0020 0.0243 0.2961 1.0000 1.0000 0.0005 0.0056 0.0687 0.8524 1.0000 0.0001 0.0014 0.0164 0.1816 0.8939 0.1816 0.0164 0.0014 0.0001 1.0000 0.8524 0.0687 0.0056 0.0005 1.0000 1.0000 0.2961 0.0243 0.0020 0.0002 1.0000 1.0000 0.1162 0.0097 0.0008 0.0001 1.0000 0.5961 0.0506 0.0043 0.0004 1.0000 1.0000 0.2770 0.0238 0.0020 0.0002 1.0000 1.0000 0.1340 0.0115 0.0010 0.0001 1.0000 0.7547 0.0648 0.0056 0.0005 1.0000 1.0000 0.3650 0.0313 0.0027 0.0002 1.0000
0.0002 0.0029 0.0340 0.3961 1.0000 1.0000 0.0005 0.0060 0.0703 0.8190 1.0000 0.0001 0.0011 0.0125 0.1454 1.0000 1.0000 0.0002 0.0022 0.0258 0.3006 1.0000 1.0000 0.0004 0.0046 0.0540 0.6335 1.0000 0.0001 0.0009 0.0102 0.1207 1.0000 1.0000 0.0002 0.0020 0.0245 0.2961 1.0000 1.0000 0.0004 0.0054 0.0665 0.8205 1.0000 0.0001 0.0013 0.0160 0.1937 1.0000 1.0000 1.0000 0.1937 0.0160 0.0013 0.0001 1.0000 0.8205 0.0665 0.0054 0.0004 1.0000 1.0000 0.2961 0.0245 0.0020 0.0002 1.0000 1.0000 0.1207 0.0102 0.0009 0.0001 1.0000 0.6335 0.0540 0.0046 0.0004 1.0000 1.0000 0.3006 0.0258 0.0022 0.0002 1.0000 1.0000 0.1454 0.0125 0.0011 0.0001 1.0000 0.8190 0.0703 0.0060 0.0005 1.0000 1.0000 0.3961 0.0340 0.0029 0.0002
0.0029 0.0369 0.4298 1.0000 1.0000 0.0006 0.0065 0.0763 0.8888 1.0000 0.0001 0.0012 0.0135 0.1578 1.0000 1.0000 0.0002 0.0024 0.0280 0.3262 1.0000 1.0000 0.0004 0.0050 0.0580 0.6784 1.0000 0.0001 0.0009 0.0107 0.1265 1.0000 1.0000 0.0002 0.0021 0.0250 0.3006 1.0000 1.0000 0.0004 0.0053 0.0652 0.7990 1.0000 0.0001 0.0012 0.0153 0.1894 1.0000 1.0000 0.0001 1.0000 1.0000 0.1894 0.0154 0.0012 0.0001 1.0000 0.7990 0.0652 0.0053 0.0004 1.0000 1.0000 0.3006 0.0250 0.0021 0.0002 1.0000 1.0000 0.1265 0.0107 0.0009 0.0001 1.0000 0.6784 0.0580 0.0050 0.0004 1.0000 1.0000 0.3262 0.0280 0.0024 0.0002 1.0000 1.0000 0.1578 0.0135 0.0012 0.0001 1.0000 0.8888 0.0763 0.0065 0.0006 1.0000 1.0000 0.4298 0.0369 0.0029
0.0372 0.4664 1.0000 0.0001 0.0006 0.0071 0.0828 0.9645 1.0000 0.0001 0.0013 0.0147 0.1712 1.0000 1.0000 0.0002 0.0026 0.0304 0.3540 1.0000 1.0000 0.0005 0.0054 0.0628 0.7321 1.0000 0.0001 0.0010 0.0114 0.1337 1.0000 1.0000 0.0002 0.0022 0.0259 0.3087 1.0000 1.0000 0.0004 0.0053 0.0647 0.7869 1.0000 0.0001 0.0012 0.0148 0.1826 1.0000 1.0000 0.0002 0.0012 0.0002 1.0000 1.0000 0.1826 0.0148 0.0012 0.0001 1.0000 0.7869 0.0647 0.0053 0.0004 1.0000 1.0000 0.3087 0.0259 0.0022 0.0002 1.0000 1.0000 0.1337 0.0114 0.0010 0.0001 1.0000 0.7321 0.0628 0.0054 0.0005 1.0000 1.0000 0.3540 0.0304 0.0026 0.0002 1.0000 1.0000 0.1712 0.0147 0.0013 0.0001 1.0000 0.9645 0.0828 0.0071 0.0006 0.0001 1.0000 0.4664 0.0372
0.4700 1.0000 0.0001 0.0007 0.0077 0.0899 1.0000 1.0000 0.0001 0.0014 0.0159 0.1858 1.0000 1.0000 0.0002 0.0028 0.0330 0.3842 1.0000 1.0000 0.0005 0.0059 0.0682 0.7944 1.0000 0.0001 0.0010 0.0122 0.1426 1.0000 1.0000 0.0002 0.0023 0.0270 0.3207 1.0000 1.0000 0.0005 0.0054 0.0652 0.7869 1.0000 0.0001 0.0012 0.0144 0.1772 1.0000 1.0000 0.0003 0.0029 0.0144 0.0029 0.0003 1.0000 1.0000 0.1775 0.0144 0.0012 0.0001 1.0000 0.7869 0.0652 0.0054 0.0005 1.0000 1.0000 0.3207 0.0270 0.0023 0.0002 1.0000 1.0000 0.1426 0.0122 0.0010 0.0001 1.0000 0.7944 0.0682 0.0059 0.0005 1.0000 1.0000 0.3842 0.0330 0.0028 0.0002 1.0000 1.0000 0.1858 0.0159 0.0014 0.0001 1.0000 1.0000 0.0899 0.0077 0.0007 0.0001 1.0000 0.4700
1.0000 0.0001 0.0007 0.0084 0.0975 1.0000 1.0000 0.0001 0.0015 0.0173 0.2016 1.0000 1.0000 0.0003 0.0031 0.0358 0.4169 1.0000 1.0000 0.0005 0.0064 0.0740 0.8621 1.0000 0.0001 0.0011 0.0131 0.1533 1.0000 1.0000 0.0002 0.0024 0.0284 0.3363 1.0000 1.0000 0.0005 0.0056 0.0665 0.7990 1.0000 0.0001 0.0012 0.0142 0.1742 1.0000 1.0000 0.0003 0.0032 0.0350 0.1715 0.0350 0.0032 0.0003 1.0000 1.0000 0.1738 0.0143 0.0012 0.0001 1.0000 0.7990 0.0665 0.0056 0.0005 1.0000 1.0000 0.3363 0.0284 0.0024 0.0002 1.0000 1.0000 0.1533 0.0131 0.0011 0.0001 1.0000 0.8621 0.0740 0.0064 0.0005 1.0000 1.0000 0.4169 0.0358 0.0031 0.0003 1.0000 1.0000 0.2016 0.0173 0.0015 0.0001 1.0000 1.0000 0.0975 0.0084 0.0007 0.0001 1.0000
0.0001 0.0008 0.0091 0.1058 1.0000 1.0000 0.0001 0.0016 0.0188 0.2188 1.0000 1.0000 0.0003 0.0033 0.0388 0.4525 1.0000 1.0000 0.0006 0.0069 0.0803 0.9356 1.0000 0.0001 0.0012 0.0143 0.1661 1.0000 1.0000 0.0002 0.0026 0.0302 0.3554 1.0000 1.0000 0.0005 0.0058 0.0687 0.8205 1.0000 0.0001 0.0012 0.0142 0.1748 1.0000 1.0000 0.0003 0.0031 0.0385 0.4130 1.0000 0.4185 0.0385 0.0032 0.0003 1.0000 1.0000 0.1725 0.0146 0.0012 0.0001 1.0000 0.8205 0.0687 0.0058 0.0005 1.0000 1.0000 0.3554 0.0302 0.0026 0.0002 1.0000 1.0000 0.1661 0.0143 0.0012 0.0001 1.0000 0.9356 0.0803 0.0069 0.0006 1.0000 1.0000 0.4525 0.0388 0.0033 0.0003 1.0000 1.0000 0.2188 0.0188 0.0016 0.0001 1.0000 1.0000 0.1058 0.0091 0.0008 0.0001
0.0008 0.0099 0.1148 1.0000 1.0000 0.0002 0.0017 0.0204 0.2375 1.0000 1.0000 0.0003 0.0036 0.0422 0.4910 1.0000 0.0001 0.0006 0.0075 0.0872 1.0000 1.0000 0.0001 0.0013 0.0155 0.1802 1.0000 1.0000 0.0002 0.0028 0.0324 0.3791 1.0000 1.0000 0.0005 0.0061 0.0718 0.8524 1.0000 0.0001 0.0012 0.0144 0.1738 1.0000 1.0000 0.0002 0.0031 0.0362 0.4356 1.0000 1.0000 1.0000 0.4664 0.0376 0.0033 0.0002 1.0000 1.0000 0.1699 0.0144 0.0012 0.0001 1.0000 0.8524 0.0718 0.0061 0.0005 1.0000 1.0000 0.3791 0.0324 0.0028 0.0002 1.0000 1.0000 0.1802 0.0155 0.0013 0.0001 1.0000 1.0000 0.0872 0.0075 0.0006 0.0001 1.0000 0.4910 0.0422 0.0036 0.0003 1.0000 1.0000 0.2375 0.0204 0.0017 0.0002 1.0000 1.0000 0.1148 0.0099 0.0008
0.0099 0.1246 1.0000 1.0000 0.0002 0.0019 0.0221 0.2577 1.0000 1.0000 0.0003 0.0039 0.0457 0.5329 1.0000 0.0001 0.0007 0.0081 0.0946 1.0000 1.0000 0.0001 0.0014 0.0168 0.1956 1.0000 1.0000 0.0003 0.0030 0.0348 0.4068 1.0000 1.0000 0.0005 0.0064 0.0756 0.8939 1.0000 0.0001 0.0012 0.0148 0.1772 1.0000 1.0000 0.0003 0.0031 0.0375 0.4673 1.0000 1.0000 0.0003 1.0000 1.0000 0.4620 0.0401 0.0031 0.0003 1.0000 1.0000 0.1775 0.0148 0.0012 0.0001 1.0000 0.8939 0.0756 0.0064 0.0005 1.0000 1.0000 0.4068 0.0348 0.0030 0.0003 1.0000 1.0000 0.1956 0.0168 0.0014 0.0001 1.0000 1.0000 0.0946 0.0081 0.0007 0.0001 1.0000 0.5329 0.0457 0.0039 0.0003 1.0000 1.0000 0.2577 0.0221 0.0019 0.0002 1.0000 1.0000 0.1246 0.0099
0.1253 1.0000 1.0000 0.0002 0.0021 0.0240 0.2791 1.0000 1.0000 0.0004 0.0043 0.0495 0.5772 1.0000 0.0001 0.0008 0.0088 0.1025 1.0000 1.0000 0.0001 0.0016 0.0182 0.2119 1.0000 1.0000 0.0003 0.0032 0.0376 0.4389 1.0000 1.0000 0.0006 0.0068 0.0800 0.9427 1.0000 0.0001 0.0013 0.0153 0.1826 1.0000 1.0000 0.0003 0.0031 0.0383 0.4347 1.0000 0.0001 0.0006 0.0028 0.0006 0.0001 1.0000 0.4682 0.0400 0.0033 0.0003 1.0000 1.0000 0.1826 0.0154 0.0013 0.0001 1.0000 0.9427 0.0800 0.0068 0.0006 1.0000 1.0000 0.4389 0.0376 0.0032 0.0003 1.0000 1.0000 0.2119 0.0182 0.0016 0.0001 1.0000 1.0000 0.1025 0.0088 0.0008 0.0001 1.0000 0.5772 0.0495 0.0043 0.0004 1.0000 1.0000 0.2791 0.0240 0.0021 0.0002 1.0000 1.0000 0.1253
1.0000 1.0000 0.0002 0.0022 0.0259 0.3012 1.0000 1.0000 0.0004 0.0046 0.0535 0.6228 1.0000 0.0001 0.0008 0.0095 0.1105 1.0000 1.0000 0.0001 0.0017 0.0196 0.2286 1.0000 1.0000 0.0003 0.0035 0.0406 0.4727 1.0000 0.0001 0.0006 0.0073 0.0850 0.9981 1.0000 0.0001 0.0014 0.0160 0.1894 1.0000 1.0000 0.0003 0.0031 0.0390 0.4423 1.0000 1.0000 0.0006 0.0069 0.0344 0.0073 0.0007 0.0001 1.0000 0.4845 0.0400 0.0032 0.0003 1.0000 1.0000 0.1894 0.0160 0.0014 0.0001 1.0000 0.9981 0.0850 0.0073 0.0006 0.0001 1.0000 0.4727 0.0406 0.0035 0.0003 1.0000 1.0000 0.2286 0.0196 0.0017 0.0001 1.0000 1.0000 0.1105 0.0095 0.0008 0.0001 1.0000 0.6228 0.0535 0.0046 0.0004 1.0000 1.0000 0.3012 0.0259 0.0022 0.0002 1.0000 1.0000
1.0000 0.0002 0.0023 0.0273 0.3183 1.0000 1.0000 0.0004 0.0048 0.0565 0.6581 1.0000 0.0001 0.0009 0.0100 0.1168 1.0000 1.0000 0.0002 0.0018 0.0207 0.2416 1.0000 1.0000 0.0003 0.0037 0.0429 0.4995 1.0000 0.0001 0.0007 0.0076 0.0890 1.0000 1.0000 0.0001 0.0014 0.0164 0.1937 1.0000 1.0000 0.0003 0.0032 0.0368 0.4525 1.0000 0.0001 0.0006 0.0076 0.0826 0.3938 0.0825 0.0080 0.0007 0.0001 1.0000 0.4790 0.0386 0.0032 0.0003 1.0000 1.0000 0.1937 0.0164 0.0014 0.0001 1.0000 1.0000 0.0890 0.0076 0.0007 0.0001 1.0000 0.4995 0.0429 0.0037 0.0003 1.0000 1.0000 0.2416 0.0207 0.0018 0.0002 1.0000 1.0000 0.1168 0.0100 0.0009 0.0001 1.0000 0.6581 0.0565 0.0048 0.0004 1.0000 1.0000 0.3183 0.0273 0.0023 0.0002 1.0000
0.0002 0.0022 0.0262 0.3046 1.0000 1.0000 0.0004 0.0046 0.0541 0.6299 1.0000 0.0001 0.0008 0.0096 0.1118 1.0000 1.0000 0.0001 0.0017 0.0198 0.2312 1.0000 1.0000 0.0003 0.0035 0.0410 0.4781 1.0000 0.0001 0.0006 0.0073 0.0849 0.9905 1.0000 0.0001 0.0013 0.0154 0.1816 1.0000 1.0000 0.0002 0.0029 0.0349 0.4021 1.0000 1.0000 0.0006 0.0071 0.0812 0.8605 1.0000 0.9392 0.0863 0.0072 0.0006 1.0000 1.0000 0.4456 0.0365 0.0030 0.0002 1.0000 1.0000 0.1816 0.0154 0.0013 0.0001 1.0000 0.9905 0.0849 0.0073 0.0006 0.0001 1.0000 0.4781 0.0410 0.0035 0.0003 1.0000 1.0000 0.2312 0.0198 0.0017 0.0001 1.0000 1.0000 0.1118 0.0096 0.0008 0.0001 1.0000 0.6299 0.0541 0.0046 0.0004 1.0000 1.0000 0.3046 0.0262 0.0022 0.0002
0.0009 0.0112 0.1295 1.0000 1.0000 0.0002 0.0020 0.0229 0.2672 1.0000 1.0000 0.0003 0.0041 0.0474 0.5525 1.0000 0.0001 0.0007 0.0084 0.0981 1.0000 1.0000 0.0001 0.0015 0.0174 0.2028 1.0000 1.0000 0.0003 0.0031 0.0360 0.4193 1.0000 1.0000 0.0006 0.0065 0.0760 0.8939 1.0000 0.0001 0.0012 0.0144 0.1715 1.0000 1.0000 0.0002 0.0028 0.0335 0.4122 1.0000 1.0000 1.0000 0.4106 0.0350 0.0030 0.0002 1.0000 1.0000 0.1738 0.0145 0.0012 0.0001 1.0000 0.8939 0.0760 0.0065 0.0006 1.0000 1.0000 0.4193 0.0360 0.0031 0.0003 1.0000 1.0000 0.2028 0.0174 0.0015 0.0001 1.0000 1.0000 0.0981 0.0084 0.0007 0.0001 1.0000 0.5525 0.0474 0.0041 0.0003 1.0000 1.0000 0.2672 0.0229 0.0020 0.0002 1.0000 1.0000 0.1295 0.0112 0.0009
0.0002 0.0022 0.0262 0.3046 1.0000 1.0000 0.0004 0.0046 0.0541 0.6299 1.0000 0.0001 0.0008 0.0096 0.1118 1.0000 1.0000 0.0001 0.0017 0.0198 0.2312 1.0000 1.0000 0.0003 0.0035 0.0410 0.4781 1.0000 0.0001 0.0006 0.0073 0.0849 0.9905 1.0000 0.0001 0.0013 0.0154 0.1816 1.0000 1.0000 0.0002 0.0029 0.0351 0.4185 1.0000 1.0000 0.0006 0.0073 0.0867 0.8905 1.0000 0.9007 0.0882 0.0074 0.0006 1.0000 1.0000 0.4217 0.0361 0.0029 0.0002 1.0000 1.0000 0.1816 0.0154 0.0013 0.0001 1.0000 0.9905 0.0849 0.0073 0.0006 0.0001 1.0000 0.4781 0.0410 0.0035 0.0003 1.0000 1.0000 0.2312 0.0198 0.0017 0.0001 1.0000 1.0000 0.1118 0.0096 0.0008 0.0001 1.0000 0.6299 0.0541 0.0046 0.0004 1.0000 1.0000 0.3046 0.0262 0.0022 0.0002
1.0000 0.0002 0.0023 0.0273 0.3183 1.0000 1.0000 0.0004 0.0048 0.0565 0.6581 1.0000 0.0001 0.0009 0.0100 0.1168 1.0000 1.0000 0.0002 0.0018 0.0207 0.2416 1.0000 1.0000 0.0003 0.0037 0.0429 0.4995 1.0000 0.0001 0.0007 0.0076 0.0890 1.0000 1.0000 0.0001 0.0014 0.0164 0.1937 1.0000 1.0000 0.0003 0.0032 0.0365 0.4611 1.0000 0.0001 0.0007 0.0078 0.0855 0.4075 0.0850 0.0081 0.0007 0.0001 1.0000 0.4465 0.0385 0.0032 0.0003 1.0000 1.0000 0.1937 0.0164 0.0014 0.0001 1.0000 1.0000 0.0890 0.0076 0.0007 0.0001 1.0000 0.4995 0.0429 0.0037 0.0003 1.0000 1.0000 0.2416 0.0207 0.0018 0.0002 1.0000 1.0000 0.1168 0.0100 0.0009 0.0001 1.0000 0.6581 0.0565 0.0048 0.0004 1.0000 1.0000 0.3183 0.0273 0.0023 0.0002 1.0000
1.0000 1.0000 0.0002 0.0022 0.0259 0.3012 1.0000 1.0000 0.0004 0.0046 0.0535 0.6228 1.0000 0.0001 0.0008 0.0095 0.1105 1.0000 1.0000 0.0001 0.0017 0.0196 0.2286 1.0000 1.0000 0.0003 0.0035 0.0406 0.4727 1.0000 0.0001 0.0006 0.0073 0.0850 0.9981 1.0000 0.0001 0.0014 0.0160 0.1894 1.0000 1.0000 0.0003 0.0031 0.0380 0.4673 1.0000 0.0001 0.0007 0.0076 0.0347 0.0074 0.0007 0.0001 1.0000 0.4490 0.0383 0.0033 0.0003 1.0000 1.0000 0.1894 0.0160 0.0014 0.0001 1.0000 0.9981 0.0850 0.0073 0.0006 0.0001 1.0000 0.4727 0.0406 0.0035 0.0003 1.0000 1.0000 0.2286 0.0196 0.0017 0.0001 1.0000 1.0000 0.1105 0.0095 0.0008 0.0001 1.0000 0.6228 0.0535 0.0046 0.0004 1.0000 1.0000 0.3012 0.0259 0.0022 0.0002 1.0000 1.0000
0.1253 1.0000 1.0000 0.0002 0.0021 0.0240 0.2791 1.0000 1.0000 0.0004 0.0043 0.0495 0.5772 1.0000 0.0001 0.0008 0.0088 0.1025 1.0000 1.0000 0.0001 0.0016 0.0182 0.2119 1.0000 1.0000 0.0003 0.0032 0.0376 0.4389 1.0000 1.0000 0.0006 0.0068 0.0800 0.9427 1.0000 0.0001 0.0013 0.0154 0.1826 1.0000 1.0000 0.0003 0.0033 0.0387 0.4745 1.0000 0.0001 0.0006 0.0030 0.0006 0.0001 1.0000 0.4499 0.0368 0.0031 0.0003 1.0000 1.0000 0.1826 0.0154 0.0013 0.0001 1.0000 0.9427 0.0800 0.0068 0.0006 1.0000 1.0000 0.4389 0.0376 0.0032 0.0003 1.0000 1.0000 0.2119 0.0182 0.0016 0.0001 1.0000 1.0000 0.1025 0.0088 0.0008 0.0001 1.0000 0.5772 0.0495 0.0043 0.0004 1.0000 1.0000 0.2791 0.0240 0.0021 0.0002 1.0000 1.0000 0.1253
0.0099 0.1246 1.0000 1.0000 0.0002 0.0019 0.0221 0.2577 1.0000 1.0000 0.0003 0.0039 0.0457 0.5329 1.0000 0.0001 0.0007 0.0081 0.0946 1.0000 1.0000 0.0001 0.0014 0.0168 0.1956 1.0000 1.0000 0.0003 0.0030 0.0348 0.4068 1.0000 1.0000 0.0005 0.0064 0.0756 0.8939 1.0000 0.0001 0.0012 0.0148 0.1775 1.0000 1.0000 0.0003 0.0031 0.0397 0.4827 1.0000 1.0000 0.0002 1.0000 1.0000 0.4542 0.0380 0.0031 0.0003 1.0000 1.0000 0.1768 0.0148 0.0012 0.0001 1.0000 0.8939 0.0756 0.0064 0.0005 1.0000 1.0000 0.4068 0.0348 0.0030 0.0003 1.0000 1.0000 0.1956 0.0168 0.0014 0.0001 1.0000 1.0000 0.0946 0.0081 0.0007 0.0001 1.0000 0.5329 0.0457 0.0039 0.0003 1.0000 1.0000 0.2577 0.0221 0.0019 0.0002 1.0000 1.0000 0.1246 0.0099
