-38.5059 -35.5005 15.6554 18.5877 -26.3478 -36.9322 -42.5091 -0.1901 28.1908 -16.5391 -32.0571 -40.5209 -36.8791 14.6762 22.5169 -25.7334 -36.5906 -42.4276 -2.2882 27.2032 -15.4144 -31.6511 -40.2737 -38.3132 13.6245 25.8783 -25.0846 -36.2321 -42.3366 -4.7194 26.1954 -14.1600 -31.2418 -40.0146 -39.4792 12.5801 28.4008 -24.4267 -35.8682 -42.2353 -7.5337 25.1784 -12.7369 -30.8292 -39.7441 -40.4139 11.5168 30.2624 -23.5468 -35.0170 -41.0456 -35.0170 -23.5468 30.2624 11.5168 -40.4139 -39.7441 -30.8292 -12.7369 25.1784 -7.5337 -42.2353 -35.8682 -24.4267 28.4008 12.5801 -39.4792 -40.0146 -31.2418 -14.1600 26.1954 -4.7194 -42.3366 -36.2321 -25.0846 25.8783 13.6245 -38.3132 -40.2737 -31.6511 -15.4144 27.2032 -2.2882 -42.4276 -36.5906 -25.7334 22.5169 14.6762 -36.8791 -40.5209 -32.0571 -16.5391 28.1908 -0.1901 -42.5091 -36.9322 -26.3478 18.5877 15.6554 -35.5005 -38.5059
-35.5005 15.8703 21.8887 -28.0756 -39.1420 -44.2057 -0.3621 27.8488 -16.3945 -34.3710 -42.5686 -38.1706 14.4907 26.0019 -27.2299 -38.7974 -44.1671 -2.5348 26.8337 -15.0895 -33.9758 -42.3380 -39.6417 13.4691 28.7077 -26.4277 -38.4479 -44.1140 -5.0559 25.8234 -13.6278 -33.5781 -42.0946 -40.8440 12.4497 30.6148 -25.6238 -38.0929 -44.0475 -7.9867 24.8189 -11.9552 -33.1779 -41.8389 -41.8122 11.4215 31.8435 -24.7724 -37.6525 -44.6778 -41.6253 -44.6778 -37.6525 -24.7724 31.8435 11.4215 -41.8122 -41.8389 -33.1779 -11.9552 24.8189 -7.9867 -44.0475 -38.0929 -25.6238 30.6148 12.4497 -40.8440 -42.0946 -33.5781 -13.6278 25.8234 -5.0559 -44.1140 -38.4479 -26.4277 28.7077 13.4691 -39.6417 -42.3380 -33.9758 -15.0895 26.8337 -2.5348 -44.1671 -38.7974 -27.2299 26.0019 14.4907 -38.1706 -42.5686 -34.3710 -16.3945 27.8488 -0.3621 -44.2057 -39.1420 -28.0756 21.8887 15.8703 -35.5005
15.6554 21.8887 -27.8336 -38.9677 -44.1689 -1.8303 27.0863 -15.4119 -34.0635 -42.3843 -39.3435 13.6615 28.2270 -26.5901 -38.5177 -44.1209 -4.5114 26.0032 -13.9391 -33.6581 -42.1424 -40.6101 12.6416 30.2873 -25.7869 -38.1638 -44.0575 -7.3546 24.9935 -12.3144 -33.2584 -41.8892 -41.6236 11.6187 31.6383 -24.9788 -37.8047 -43.9797 -10.6143 23.9938 -10.4223 -32.8562 -41.6244 -42.4286 10.5805 32.3991 -24.1565 -37.4285 -43.9734 -19.8850 11.2845 -19.8850 -43.9734 -37.4285 -24.1565 32.3991 10.5805 -42.4286 -41.6244 -32.8562 -10.4223 23.9938 -10.6143 -43.9797 -37.8047 -24.9788 31.6383 11.6187 -41.6236 -41.8892 -33.2584 -12.3144 24.9935 -7.3546 -44.0575 -38.1638 -25.7869 30.2873 12.6416 -40.6101 -42.1424 -33.6581 -13.9391 26.0032 -4.5114 -44.1209 -38.5177 -26.5901 28.2270 13.6615 -39.3435 -42.3843 -34.0635 -15.4119 27.0863 -1.8303 -44.1689 -38.9677 -27.8336 21.8887 15.6554
18.5877 -28.0756 -38.9677 -44.1540 -2.7713 26.5364 -14.5340 -33.7898 -42.2067 -40.3166 12.8827 29.8924 -25.9582 -38.2363 -44.0715 -6.7412 25.1985 -12.6645 -33.3400 -41.9418 -41.4351 11.8280 31.4149 -25.1440 -37.8783 -43.9967 -9.9183 24.1966 -10.8336 -32.9383 -41.6792 -42.2801 10.7938 32.2857 -24.3289 -37.5153 -43.9069 -13.4675 23.2059 -8.6608 -32.5342 -41.4055 -42.9396 9.7356 32.6553 -23.4998 -37.1473 -43.8231 -18.4560 19.8589 32.1449 19.8589 -18.4560 -43.8231 -37.1473 -23.4998 32.6553 9.7356 -42.9396 -41.4055 -32.5342 -8.6608 23.2059 -13.4675 -43.9069 -37.5153 -24.3289 32.2857 10.7938 -42.2801 -41.6792 -32.9383 -10.8336 24.1966 -9.9183 -43.9967 -37.8783 -25.1440 31.4149 11.8280 -41.4351 -41.9418 -33.3400 -12.6645 25.1985 -6.7412 -44.0715 -38.2363 -25.9582 29.8924 12.8827 -40.3166 -42.2067 -33.7898 -14.5340 26.5364 -2.7713 -44.1540 -38.9677 -28.0756 18.5877
-26.3478 -39.1420 -44.1689 -2.7713 26.3330 -14.0047 -33.5925 -42.0563 -41.0429 12.1786 31.0502 -25.3546 -37.9616 -44.0133 -9.2081 24.3999 -11.2309 -33.0204 -41.7337 -42.1239 11.0060 32.1526 -24.4959 -37.5896 -43.9264 -12.7198 23.4067 -9.1367 -32.6167 -41.4621 -42.8190 9.9537 32.6155 -23.6708 -37.2229 -43.8241 -16.4697 22.4255 -6.6039 -32.2106 -41.1799 -43.3494 8.8677 32.6597 -22.8283 -36.8519 -43.7129 -20.5145 21.0890 3.6882 -24.7973 3.6882 21.0890 -20.5145 -43.7129 -36.8519 -22.8283 32.6597 8.8677 -43.3494 -41.1799 -32.2106 -6.6039 22.4255 -16.4697 -43.8241 -37.2229 -23.6708 32.6155 9.9537 -42.8190 -41.4621 -32.6167 -9.1367 23.4067 -12.7198 -43.9264 -37.5896 -24.4959 32.1526 11.0060 -42.1239 -41.7337 -33.0204 -11.2309 24.3999 -9.2081 -44.0133 -37.9616 -25.3546 31.0502 12.1786 -41.0429 -42.0563 -33.5925 -14.0047 26.3330 -2.7713 -44.1689 -39.1420 -26.3478
-36.9322 -44.2057 -1.8303 26.5364 -14.0047 -33.5193 -41.9667 -41.4957 11.6155 31.7607 -24.8089 -37.7074 -43.9503 -11.7825 23.6353 -9.6182 -32.7028 -41.5183 -42.6915 10.1704 32.5584 -23.8401 -37.2980 -43.8462 -15.6928 22.6244 -7.1624 -32.2935 -41.2382 -43.2536 9.0923 32.6800 -23.0016 -36.9279 -43.7313 -19.5201 21.6527 -4.1720 -31.8854 -40.9479 -43.6697 7.9693 32.4567 -22.1409 -36.5537 -43.6017 -23.2891 20.5989 0.9434 -30.6709 -37.0744 -30.6709 0.9434 20.5989 -23.2891 -43.6017 -36.5537 -22.1409 32.4567 7.9693 -43.6697 -40.9479 -31.8854 -4.1720 21.6527 -19.5201 -43.7313 -36.9279 -23.0016 32.6800 9.0923 -43.2536 -41.2382 -32.2935 -7.1624 22.6244 -15.6928 -43.8462 -37.2980 -23.8401 32.5584 10.1704 -42.6915 -41.5183 -32.7028 -9.6182 23.6353 -11.7825 -43.9503 -37.7074 -24.8089 31.7607 11.6155 -41.4957 -41.9667 -33.5193 -14.0047 26.5364 -1.8303 -44.2057 -36.9322
-42.5091 -0.3621 27.0863 -14.5340 -33.5925 -41.9667 -41.6547 11.2862 32.1239 -24.3800 -37.4881 -43.8848 -14.3112 22.9345 -7.8706 -32.3958 -41.3039 -43.1469 9.3156 32.6861 -23.1740 -37.0036 -43.7560 -18.7411 21.8496 -4.8346 -31.9688 -41.0079 -43.5957 8.2025 32.5261 -22.3183 -36.6303 -43.6282 -22.5149 20.8872 -1.2808 -31.5586 -40.7099 -43.9106 7.0318 32.0859 -21.4349 -36.2531 -43.4845 -26.0713 19.7613 3.3706 -30.9481 -40.2802 -45.2486 -40.2802 -30.9481 3.3706 19.7613 -26.0713 -43.4845 -36.2531 -21.4349 32.0859 7.0318 -43.9106 -40.7099 -31.5586 -1.2808 20.8872 -22.5149 -43.6282 -36.6303 -22.3183 32.5261 8.2025 -43.5957 -41.0079 -31.9688 -4.8346 21.8496 -18.7411 -43.7560 -37.0036 -23.1740 32.6861 9.3156 -43.1469 -41.3039 -32.3958 -7.8706 22.9345 -14.3112 -43.8848 -37.4881 -24.3800 32.1239 11.2862 -41.6547 -41.9667 -33.5925 -14.5340 27.0863 -0.3621 -42.5091
-0.1901 27.8488 -15.4119 -33.7898 -42.0563 -41.4957 11.2862 32.2355 -24.1391 -37.3389 -43.8280 -16.5092 22.3238 -6.0635 -32.1105 -41.0964 -43.4905 8.4651 32.5864 -22.5025 -36.7066 -43.6556 -21.7594 21.0823 -2.0683 -31.6424 -40.7713 -43.8560 7.2759 32.1947 -21.6175 -36.3302 -43.5151 -25.3675 20.0215 2.1275 -31.2301 -40.4660 -44.0812 6.0448 31.5813 -20.7062 -35.9502 -43.3587 -28.6585 18.8399 7.1266 -30.5184 -40.1207 -44.8357 -24.9680 -44.8357 -40.1207 -30.5184 7.1266 18.8399 -28.6585 -43.3587 -35.9502 -20.7062 31.5813 6.0448 -44.0812 -40.4660 -31.2301 2.1275 20.0215 -25.3675 -43.5151 -36.3302 -21.6175 32.1947 7.2759 -43.8560 -40.7713 -31.6424 -2.0683 21.0823 -21.7594 -43.6556 -36.7066 -22.5025 32.5864 8.4651 -43.4905 -41.0964 -32.1105 -6.0635 22.3238 -16.5092 -43.8280 -37.3389 -24.1391 32.2355 11.2862 -41.4957 -42.0563 -33.7898 -15.4119 27.8488 -0.1901
28.1908 -16.3945 -34.0635 -42.2067 -41.0429 11.6155 32.1239 -24.1391 -37.2879 -43.7952 -17.9626 21.8593 -4.3555 -31.8616 -40.9022 -43.7415 7.6579 32.3249 -21.8406 -36.4175 -43.5463 -24.6552 20.2405 1.2058 -31.3143 -40.5289 -44.0438 6.3027 31.7214 -20.8951 -36.0279 -43.3918 -28.0176 19.0768 6.0249 -30.7280 -40.2167 -44.1897 4.9955 30.9719 -19.9497 -35.6453 -43.2231 -31.0098 17.9414 11.3489 -29.8884 -39.8939 -44.2421 1.0192 17.9271 1.0192 -44.2421 -39.8939 -29.8884 11.3489 17.9414 -31.0098 -43.2231 -35.6453 -19.9497 30.9719 4.9955 -44.1897 -40.2167 -30.7280 6.0249 19.0768 -28.0176 -43.3918 -36.0279 -20.8951 31.7214 6.3027 -44.0438 -40.5289 -31.3143 1.2058 20.2405 -24.6552 -43.5463 -36.4175 -21.8406 32.3249 7.6579 -43.7415 -40.9022 -31.8616 -4.3555 21.8593 -17.9626 -43.7952 -37.2879 -24.1391 32.1239 11.6155 -41.0429 -42.2067 -34.0635 -16.3945 28.1908
-16.5391 -34.3710 -42.3843 -40.3166 12.1786 31.7607 -24.3800 -37.3389 -43.7952 -18.4611 21.6105 -3.1235 -31.6759 -40.7400 -43.9148 6.9009 31.9756 -21.2108 -36.1444 -43.4343 -27.2720 19.3312 4.9423 -30.8561 -40.2810 -44.1674 5.2707 31.1364 -20.1462 -35.7235 -43.2587 -30.4320 18.1687 10.2432 -30.0612 -39.9622 -44.2431 3.8685 30.2822 -19.1594 -35.3383 -43.0778 -33.1122 17.0694 15.5555 -29.2357 -39.6375 -44.2439 1.7621 27.2951 13.2296 27.2951 1.7621 -44.2439 -39.6375 -29.2357 15.5555 17.0694 -33.1122 -43.0778 -35.3383 -19.1594 30.2822 3.8685 -44.2431 -39.9622 -30.0612 10.2432 18.1687 -30.4320 -43.2587 -35.7235 -20.1462 31.1364 5.2707 -44.1674 -40.2810 -30.8561 4.9423 19.3312 -27.2720 -43.4343 -36.1444 -21.2108 31.9756 6.9009 -43.9148 -40.7400 -31.6759 -3.1235 21.6105 -18.4611 -43.7952 -37.3389 -24.3800 31.7607 12.1786 -40.3166 -42.3843 -34.3710 -16.5391
-32.0571 -42.5686 -39.3435 12.8827 31.0502 -24.8089 -37.4881 -43.8280 -17.9626 21.6105 -2.6888 -31.5775 -40.6322 -44.0175 6.2551 31.6045 -20.6398 -35.8908 -43.3220 -29.4829 18.4814 8.8934 -30.2538 -40.0308 -44.2343 4.1652 30.4651 -19.3652 -35.4170 -43.1158 -32.5980 17.2901 14.4979 -29.4034 -39.7029 -44.2500 2.6448 29.5322 -18.3283 -35.0293 -42.9230 -34.9705 16.2198 19.4540 -28.5874 -39.3710 -44.2268 0.8246 28.2055 -15.1138 -29.4864 -15.1138 28.2055 0.8246 -44.2268 -39.3710 -28.5874 19.4540 16.2198 -34.9705 -42.9230 -35.0293 -18.3283 29.5322 2.6448 -44.2500 -39.7029 -29.4034 14.4979 17.2901 -32.5980 -43.1158 -35.4170 -19.3652 30.4651 4.1652 -44.2343 -40.0308 -30.2538 8.8934 18.4814 -29.4829 -43.3220 -35.8908 -20.6398 31.6045 6.2551 -44.0175 -40.6322 -31.5775 -2.6888 21.6105 -17.9626 -43.8280 -37.4881 -24.8089 31.0502 12.8827 -39.3435 -42.5686 -32.0571
-40.5209 -38.1706 13.6615 29.8924 -25.3546 -37.7074 -43.8848 -16.5092 21.8593 -3.1235 -31.5775 -40.5949 -44.0629 5.8326 31.2938 -20.1685 -35.6744 -43.2126 -31.3402 17.7352 12.6691 -29.6553 -39.7907 -44.2513 2.9825 29.7289 -18.5452 -35.1085 -42.9635 -34.5178 16.4353 18.4984 -28.7529 -39.4388 -44.2317 1.3011 28.7399 -17.4472 -34.7186 -42.7590 -36.5974 15.3871 22.8627 -27.9437 -39.1011 -44.1995 -0.6159 27.6608 -15.8478 -33.7145 -39.9032 -33.7145 -15.8478 27.6608 -0.6159 -44.1995 -39.1011 -27.9437 22.8627 15.3871 -36.5974 -42.7590 -34.7186 -17.4472 28.7399 1.3011 -44.2317 -39.4388 -28.7529 18.4984 16.4353 -34.5178 -42.9635 -35.1085 -18.5452 29.7289 2.9825 -44.2513 -39.7907 -29.6553 12.6691 17.7352 -31.3402 -43.2126 -35.6744 -20.1685 31.2938 5.8326 -44.0629 -40.5949 -31.5775 -3.1235 21.8593 -16.5092 -43.8848 -37.7074 -25.3546 29.8924 13.6615 -38.1706 -40.5209
-36.8791 14.4907 28.2270 -25.9582 -37.9616 -43.9503 -14.3112 22.3238 -4.3555 -31.6759 -40.6322 -44.0629 5.6879 31.1210 -19.8575 -35.5178 -43.1209 -32.8023 17.0908 15.9640 -29.1088 -39.5649 -44.2395 1.7677 28.9728 -17.6899 -34.8018 -42.8018 -36.2024 15.5987 22.0427 -28.1080 -39.1704 -44.2064 -0.1905 27.9285 -16.5054 -34.4061 -42.5862 -38.0097 14.5665 25.7107 -27.3033 -38.8276 -44.1662 -2.3261 26.8996 -15.1357 -33.8922 -42.5817 -46.0573 -42.5817 -33.8922 -15.1357 26.8996 -2.3261 -44.1662 -38.8276 -27.3033 25.7107 14.5665 -38.0097 -42.5862 -34.4061 -16.5054 27.9285 -0.1905 -44.2064 -39.1704 -28.1080 22.0427 15.5987 -36.2024 -42.8018 -34.8018 -17.6899 28.9728 1.7677 -44.2395 -39.5649 -29.1088 15.9640 17.0908 -32.8023 -43.1209 -35.5178 -19.8575 31.1210 5.6879 -44.0629 -40.6322 -31.6759 -4.3555 22.3238 -14.3112 -43.9503 -37.9616 -25.9582 28.2270 14.4907 -36.8791
14.6762 26.0019 -26.5901 -38.2363 -44.0133 -11.7825 22.9345 -6.0635 -31.8616 -40.7400 -44.0175 5.8326 31.1210 -19.7500 -35.4359 -43.0623 -33.7788 16.5768 18.6089 -28.6341 -39.3541 -44.2204 0.5728 28.2581 -16.8337 -34.5048 -42.6373 -37.6523 14.7755 25.0364 -27.4669 -38.8979 -44.1752 -1.8621 27.1151 -15.4889 -34.0919 -42.4047 -39.2260 13.7534 27.9963 -26.6644 -38.5502 -44.1261 -4.2691 26.0956 -14.0671 -33.6735 -42.1917 -41.9314 -1.4477 -41.9314 -42.1917 -33.6735 -14.0671 26.0956 -4.2691 -44.1261 -38.5502 -26.6644 27.9963 13.7534 -39.2260 -42.4047 -34.0919 -15.4889 27.1151 -1.8621 -44.1752 -38.8979 -27.4669 25.0364 14.7755 -37.6523 -42.6373 -34.5048 -16.8337 28.2581 0.5728 -44.2204 -39.3541 -28.6341 18.6089 16.5768 -33.7788 -43.0623 -35.4359 -19.7500 31.1210 5.8326 -44.0175 -40.7400 -31.8616 -6.0635 22.9345 -11.7825 -44.0133 -38.2363 -26.5901 26.0019 14.6762
22.5169 -27.2299 -38.5177 -44.0715 -9.2081 23.6353 -7.8706 -32.1105 -40.9022 -43.9148 6.2551 31.2938 -19.8575 -35.4359 -43.0429 -34.2573 16.2523 20.4349 -28.2528 -39.1753 -44.1991 -0.6157 27.6143 -16.0101 -34.2281 -42.4744 -38.8383 13.9887 27.4390 -26.8278 -38.6215 -44.1371 -3.7481 26.3040 -14.3798 -33.7760 -42.2150 -40.2650 12.9433 29.7561 -26.0252 -38.2692 -44.0777 -6.4682 25.2917 -12.8177 -33.3744 -41.9753 -41.6241 10.1321 25.1825 10.1321 -41.6241 -41.9753 -33.3744 -12.8177 25.2917 -6.4682 -44.0777 -38.2692 -26.0252 29.7561 12.9433 -40.2650 -42.2150 -33.7760 -14.3798 26.3040 -3.7481 -44.1371 -38.6215 -26.8278 27.4390 13.9887 -38.8383 -42.4744 -34.2281 -16.0101 27.6143 -0.6157 -44.1991 -39.1753 -28.2528 20.4349 16.2523 -34.2573 -43.0429 -35.4359 -19.8575 31.2938 6.2551 -43.9148 -40.9022 -32.1105 -7.8706 23.6353 -9.2081 -44.0715 -38.5177 -27.2299 22.5169
-25.7334 -38.7974 -44.1209 -6.7412 24.3999 -9.6182 -32.3958 -41.0964 -43.7415 6.9009 31.6045 -20.1685 -35.5178 -43.0623 -34.2573 16.1445 21.3238 -28.0066 -39.0425 -44.1795 -1.7303 27.0405 -15.2315 -33.9789 -42.3178 -39.7912 13.2720 29.2202 -26.2109 -38.3447 -44.0910 -5.8804 25.4973 -13.1554 -33.4585 -42.0173 -41.1449 12.1315 31.0441 -25.3837 -37.9849 -44.0204 -8.9342 24.4923 -11.4071 -33.0571 -41.7627 -42.0936 10.7195 32.7726 -12.6104 32.7726 10.7195 -42.0936 -41.7627 -33.0571 -11.4071 24.4923 -8.9342 -44.0204 -37.9849 -25.3837 31.0441 12.1315 -41.1449 -42.0173 -33.4585 -13.1554 25.4973 -5.8804 -44.0910 -38.3447 -26.2109 29.2202 13.2720 -39.7912 -42.3178 -33.9789 -15.2315 27.0405 -1.7303 -44.1795 -39.0425 -28.0066 21.3238 16.1445 -34.2573 -43.0623 -35.5178 -20.1685 31.6045 6.9009 -43.7415 -41.0964 -32.3958 -9.6182 24.3999 -6.7412 -44.1209 -38.7974 -25.7334
-36.5906 -44.1671 -4.5114 25.1985 -11.2309 -32.7028 -41.3039 -43.4905 7.6579 31.9756 -20.6398 -35.6744 -43.1209 -33.7788 16.2523 21.3238 -27.9244 -38.9727 -44.1654 -2.5909 26.5805 -14.5333 -33.7623 -42.1734 -40.5572 12.6156 30.4578 -25.6446 -38.0809 -44.0380 -8.2446 24.7060 -11.7854 -33.1395 -41.8120 -41.8825 11.3132 31.9199 -24.7378 -37.6973 -43.9537 -11.6530 23.6998 -9.7969 -32.7366 -41.5447 -42.6360 10.1972 32.6399 -22.5979 -32.9904 -22.5979 32.6399 10.1972 -42.6360 -41.5447 -32.7366 -9.7969 23.6998 -11.6530 -43.9537 -37.6973 -24.7378 31.9199 11.3132 -41.8825 -41.8120 -33.1395 -11.7854 24.7060 -8.2446 -44.0380 -38.0809 -25.6446 30.4578 12.6156 -40.5572 -42.1734 -33.7623 -14.5333 26.5805 -2.5909 -44.1654 -38.9727 -27.9244 21.3238 16.2523 -33.7788 -43.1209 -35.6744 -20.6398 31.9756 7.6579 -43.4905 -41.3039 -32.7028 -11.2309 25.1985 -4.5114 -44.1671 -36.5906
-42.4276 -2.5348 26.0032 -12.6645 -33.0204 -41.5183 -43.1469 8.4651 32.3249 -21.2108 -35.8908 -43.2126 -32.8023 16.5768 20.4349 -28.0066 -38.9727 -44.1597 -3.0538 26.2895 -13.9887 -33.5892 -42.0504 -41.1436 12.0142 31.3162 -25.1356 -37.8411 -43.9817 -10.7020 23.9506 -10.2873 -32.8225 -41.5993 -42.4936 10.4833 32.4426 -24.0851 -37.4068 -43.8772 -14.5722 22.9146 -7.9340 -32.4140 -41.3223 -43.1040 9.4061 32.6896 -22.9991 -36.5834 -42.4971 -36.5834 -22.9991 32.6896 9.4061 -43.1040 -41.3223 -32.4140 -7.9340 22.9146 -14.5722 -43.8772 -37.4068 -24.0851 32.4426 10.4833 -42.4936 -41.5993 -32.8225 -10.2873 23.9506 -10.7020 -43.9817 -37.8411 -25.1356 31.3162 12.0142 -41.1436 -42.0504 -33.5892 -13.9887 26.2895 -3.0538 -44.1597 -38.9727 -28.0066 20.4349 16.5768 -32.8023 -43.2126 -35.8908 -21.2108 32.3249 8.4651 -43.1469 -41.5183 -33.0204 -12.6645 26.0032 -2.5348 -42.4276
-2.2882 26.8337 -13.9391 -33.3400 -41.7337 -42.6915 9.3156 32.5864 -21.8406 -36.1444 -43.3220 -31.3402 17.0908 18.6089 -28.2528 -39.0425 -44.1654 -3.0538 26.1867 -13.6908 -33.4750 -41.9579 -41.5545 11.5102 31.8846 -24.6698 -37.6228 -43.9250 -13.0859 23.2556 -8.6851 -32.5227 -41.3873 -42.9871 9.6360 32.6679 -23.4232 -37.1134 -43.7907 -17.6048 22.1370 -5.7475 -32.0898 -41.0943 -43.4785 8.5358 32.6053 -22.5285 -36.6509 -44.2777 -44.2365 -44.2777 -36.6509 -22.5285 32.6053 8.5358 -43.4785 -41.0943 -32.0898 -5.7475 22.1370 -17.6048 -43.7907 -37.1134 -23.4232 32.6679 9.6360 -42.9871 -41.3873 -32.5227 -8.6851 23.2556 -13.0859 -43.9250 -37.6228 -24.6698 31.8846 11.5102 -41.5545 -41.9579 -33.4750 -13.6908 26.1867 -3.0538 -44.1654 -39.0425 -28.2528 18.6089 17.0908 -31.3402 -43.3220 -36.1444 -21.8406 32.5864 9.3156 -42.6915 -41.7337 -33.3400 -13.9391 26.8337 -2.2882
27.2032 -15.0895 -33.6581 -41.9418 -42.1239 10.1704 32.6861 -22.5025 -36.4175 -43.4343 -29.4829 17.7352 15.9640 -28.6341 -39.1753 -44.1795 -2.5909 26.2895 -13.6908 -33.4346 -41.9081 -41.8014 11.1464 32.2128 -24.2697 -37.4302 -43.8686 -15.2964 22.6370 -6.9934 -32.2449 -41.1876 -43.3625 8.7952 32.6474 -22.7492 -36.8174 -43.6941 -20.6461 21.3670 -3.1541 -31.7640 -40.8600 -43.7681 7.6256 32.3359 -21.8748 -36.4270 -43.6381 -29.1933 8.6264 -29.1933 -43.6381 -36.4270 -21.8748 32.3359 7.6256 -43.7681 -40.8600 -31.7640 -3.1541 21.3670 -20.6461 -43.6941 -36.8174 -22.7492 32.6474 8.7952 -43.3625 -41.1876 -32.2449 -6.9934 22.6370 -15.2964 -43.8686 -37.4302 -24.2697 32.2128 11.1464 -41.8014 -41.9081 -33.4346 -13.6908 26.2895 -2.5909 -44.1795 -39.1753 -28.6341 15.9640 17.7352 -29.4829 -43.4343 -36.4175 -22.5025 32.6861 10.1704 -42.1239 -41.9418 -33.6581 -15.0895 27.2032
-15.4144 -33.9758 -42.1424 -41.4351 11.0060 32.5584 -23.1740 -36.7066 -43.5463 -27.2720 18.4814 12.6691 -29.1088 -39.3541 -44.1991 -1.7303 26.5805 -13.9887 -33.4750 -41.9081 -41.8872 10.9546 32.3712 -23.9880 -37.2808 -43.8163 -17.2019 22.1040 -5.2798 -31.9887 -40.9990 -43.6341 7.9998 32.4462 -22.0838 -36.5224 -43.5859 -23.5968 20.5620 -0.0741 -31.4366 -40.6198 -43.9818 6.6710 31.9121 -21.1656 -36.1395 -43.4595 -28.0658 17.0663 31.6801 17.0663 -28.0658 -43.4595 -36.1395 -21.1656 31.9121 6.6710 -43.9818 -40.6198 -31.4366 -0.0741 20.5620 -23.5968 -43.5859 -36.5224 -22.0838 32.4462 7.9998 -43.6341 -40.9990 -31.9887 -5.2798 22.1040 -17.2019 -43.8163 -37.2808 -23.9880 32.3712 10.9546 -41.8872 -41.9081 -33.4750 -13.9887 26.5805 -1.7303 -44.1991 -39.3541 -29.1088 12.6691 18.4814 -27.2720 -43.5463 -36.7066 -23.1740 32.5584 11.0060 -41.4351 -42.1424 -33.9758 -15.4144
-31.6511 -42.3380 -40.6101 11.8280 32.1526 -23.8401 -37.0036 -43.6556 -24.6552 19.3312 8.8934 -29.6553 -39.5649 -44.2204 -0.6157 27.0405 -14.5333 -33.5892 -41.9579 -41.8014 10.9546 32.4171 -23.8422 -37.1851 -43.7770 -18.6956 21.6745 -3.6534 -31.7648 -40.8221 -43.8329 7.2628 32.1408 -21.4591 -36.2426 -43.4718 -26.3189 19.6760 3.5262 -31.0428 -40.3739 -44.1284 5.6624 31.3654 -20.4283 -35.8368 -43.3162 -29.7330 17.9958 17.7327 -22.0127 17.7327 17.9958 -29.7330 -43.3162 -35.8368 -20.4283 31.3654 5.6624 -44.1284 -40.3739 -31.0428 3.5262 19.6760 -26.3189 -43.4718 -36.2426 -21.4591 32.1408 7.2628 -43.8329 -40.8221 -31.7648 -3.6534 21.6745 -18.6956 -43.7770 -37.1851 -23.8422 32.4171 10.9546 -41.8014 -41.9579 -33.5892 -14.5333 27.0405 -0.6157 -44.2204 -39.5649 -29.6553 8.8934 19.3312 -24.6552 -43.6556 -37.0036 -23.8401 32.1526 11.8280 -40.6101 -42.3380 -31.6511
-40.2737 -39.6417 12.6416 31.4149 -24.4959 -37.2980 -43.7560 -21.7594 20.2405 4.9423 -30.2538 -39.7907 -44.2395 0.5728 27.6143 -15.2315 -33.7623 -42.0504 -41.5545 11.1464 32.3712 -23.8422 -37.1508 -43.7562 -19.6825 21.3632 -2.2903 -31.5827 -40.6706 -43.9742 6.5684 31.7826 -20.8852 -35.9889 -43.3603 -28.6904 18.7929 7.4267 -30.4864 -40.1226 -44.2156 4.5862 30.7235 -19.6599 -35.5313 -43.1716 -31.8416 17.5231 14.6827 -28.4712 -35.9664 -28.4712 14.6827 17.5231 -31.8416 -43.1716 -35.5313 -19.6599 30.7235 4.5862 -44.2156 -40.1226 -30.4864 7.4267 18.7929 -28.6904 -43.3603 -35.9889 -20.8852 31.7826 6.5684 -43.9742 -40.6706 -31.5827 -2.2903 21.3632 -19.6825 -43.7562 -37.1508 -23.8422 32.3712 11.1464 -41.5545 -42.0504 -33.7623 -15.2315 27.6143 0.5728 -44.2395 -39.7907 -30.2538 4.9423 20.2405 -21.7594 -43.7560 -37.2980 -24.4959 31.4149 12.6416 -39.6417 -40.2737
-38.3132 13.4691 30.2873 -25.1440 -37.5896 -43.8462 -18.7411 21.0823 1.2058 -30.8561 -40.0308 -44.2513 1.7677 28.2581 -16.0101 -33.9789 -42.1734 -41.1436 11.5102 32.2128 -23.9880 -37.1851 -43.7562 -20.0303 21.1939 -1.3362 -31.4535 -40.5546 -44.0653 5.9419 31.4145 -20.3665 -35.7624 -43.2540 -30.6751 18.0020 11.2856 -29.8687 -39.8752 -44.2501 3.4256 30.0092 -18.8554 -35.2235 -43.0213 -33.8351 16.7393 17.3561 -28.7699 -39.3071 -44.6318 -39.3071 -28.7699 17.3561 16.7393 -33.8351 -43.0213 -35.2235 -18.8554 30.0092 3.4256 -44.2501 -39.8752 -29.8687 11.2856 18.0020 -30.6751 -43.2540 -35.7624 -20.3665 31.4145 5.9419 -44.0653 -40.5546 -31.4535 -1.3362 21.1939 -20.0303 -43.7562 -37.1851 -23.9880 32.2128 11.5102 -41.1436 -42.1734 -33.9789 -16.0101 28.2581 1.7677 -44.2513 -40.0308 -30.8561 1.2058 21.0823 -18.7411 -43.8462 -37.5896 -25.1440 30.2873 13.4691 -38.3132
13.6245 28.7077 -25.7869 -37.8783 -43.9264 -15.6928 21.8496 -2.0683 -31.3143 -40.2810 -44.2343 2.9825 28.9728 -16.8337 -34.2281 -42.3178 -40.5572 12.0142 31.8846 -24.2697 -37.2808 -43.7770 -19.6825 21.1939 -0.9738 -31.3848 -40.4805 -44.1179 5.4485 31.0789 -19.9069 -35.5669 -43.1570 -32.2884 17.3079 14.8246 -29.3050 -39.6446 -44.2456 2.2055 29.2502 -18.0068 -34.9139 -42.8630 -35.6021 15.9068 20.8219 -28.3089 -39.2205 -44.9597 -33.4548 -44.9597 -39.2205 -28.3089 20.8219 15.9068 -35.6021 -42.8630 -34.9139 -18.0068 29.2502 2.2055 -44.2456 -39.6446 -29.3050 14.8246 17.3079 -32.2884 -43.1570 -35.5669 -19.9069 31.0789 5.4485 -44.1179 -40.4805 -31.3848 -0.9738 21.1939 -19.6825 -43.7770 -37.2808 -24.2697 31.8846 12.0142 -40.5572 -42.3178 -34.2281 -16.8337 28.9728 2.9825 -44.2343 -40.2810 -31.3143 -2.0683 21.8496 -15.6928 -43.9264 -37.8783 -25.7869 28.7077 13.6245
25.8783 -26.4277 -38.1638 -43.9967 -12.7198 22.6244 -4.8346 -31.6424 -40.5289 -44.1674 4.1652 29.7289 -17.6899 -34.5048 -42.4744 -39.7912 12.6156 31.3162 -24.6698 -37.4302 -43.8163 -18.6956 21.3632 -1.3362 -31.3848 -40.4548 -44.1411 5.1390 30.8283 -19.5440 -35.4067 -43.0717 -33.5436 16.7251 17.8131 -28.7916 -39.4291 -44.2272 0.9831 28.5039 -17.1365 -34.6061 -42.6957 -37.1470 15.0806 23.9949 -27.7010 -38.9933 -44.2395 -4.8450 15.3197 -4.8450 -44.2395 -38.9933 -27.7010 23.9949 15.0806 -37.1470 -42.6957 -34.6061 -17.1365 28.5039 0.9831 -44.2272 -39.4291 -28.7916 17.8131 16.7251 -33.5436 -43.0717 -35.4067 -19.5440 30.8283 5.1390 -44.1411 -40.4548 -31.3848 -1.3362 21.3632 -18.6956 -43.8163 -37.4302 -24.6698 31.3162 12.6156 -39.7912 -42.4744 -34.5048 -17.6899 29.7289 4.1652 -44.1674 -40.5289 -31.6424 -4.8346 22.6244 -12.7198 -43.9967 -38.1638 -26.4277 25.8783
-25.0846 -38.4479 -44.0575 -9.9183 23.4067 -7.1624 -31.9688 -40.7713 -44.0438 5.2707 30.4651 -18.5452 -34.8018 -42.6373 -38.8383 13.2720 30.4578 -25.1356 -37.6228 -43.8686 -17.2019 21.6745 -2.2903 -31.4535 -40.4805 -44.1411 5.0386 30.7022 -19.3216 -35.2923 -43.0032 -34.4742 16.2520 20.1514 -28.3482 -39.2291 -44.2072 -0.2125 27.8221 -16.2865 -34.3146 -42.5258 -38.4703 14.2657 26.6254 -27.0647 -38.7257 -44.1655 -3.8105 24.3143 25.1023 24.3143 -3.8105 -44.1655 -38.7257 -27.0647 26.6254 14.2657 -38.4703 -42.5258 -34.3146 -16.2865 27.8221 -0.2125 -44.2072 -39.2291 -28.3482 20.1514 16.2520 -34.4742 -43.0032 -35.2923 -19.3216 30.7022 5.0386 -44.1411 -40.4805 -31.4535 -2.2903 21.6745 -17.2019 -43.8686 -37.6228 -25.1356 30.4578 13.2720 -38.8383 -42.6373 -34.8018 -18.5452 30.4651 5.2707 -44.0438 -40.7713 -31.9688 -7.1624 23.4067 -9.9183 -44.0575 -38.4479 -25.0846
-36.2321 -44.1140 -7.3546 24.1966 -9.1367 -32.2935 -41.0079 -43.8560 6.3027 31.1364 -19.3652 -35.1085 -42.8018 -37.6523 13.9887 29.2202 -25.6446 -37.8411 -43.9250 -15.2964 22.1040 -3.6534 -31.5827 -40.5546 -44.1179 5.1390 30.7022 -19.2468 -35.2349 -42.9599 -35.1077 15.8951 21.8360 -27.9890 -39.0586 -44.1861 -1.3963 27.2085 -15.4745 -34.0511 -42.3632 -39.5469 13.4844 28.6680 -26.4341 -38.4463 -44.1141 -5.2176 25.4641 -10.6332 -27.7685 -10.6332 25.4641 -5.2176 -44.1141 -38.4463 -26.4341 28.6680 13.4844 -39.5469 -42.3632 -34.0511 -15.4745 27.2085 -1.3963 -44.1861 -39.0586 -27.9890 21.8360 15.8951 -35.1077 -42.9599 -35.2349 -19.2468 30.7022 5.1390 -44.1179 -40.5546 -31.5827 -3.6534 22.1040 -15.2964 -43.9250 -37.8411 -25.6446 29.2202 13.9887 -37.6523 -42.8018 -35.1085 -19.3652 31.1364 6.3027 -43.8560 -41.0079 -32.2935 -9.1367 24.1966 -7.3546 -44.1140 -36.2321
-42.3366 -5.0559 24.9935 -10.8336 -32.6167 -41.2382 -43.5957 7.2759 31.7214 -20.1462 -35.4170 -42.9635 -36.2024 14.7755 27.4390 -26.2109 -38.0809 -43.9817 -13.0859 22.6370 -5.2798 -31.7648 -40.6706 -44.0653 5.4485 30.8283 -19.3216 -35.2349 -42.9452 -35.4247 15.6739 22.9288 -27.7210 -38.9251 -44.1669 -2.5104 26.6719 -14.7101 -33.8158 -42.2123 -40.3881 12.7676 30.1453 -25.8248 -38.1736 -44.0592 -7.3741 24.9342 -11.7345 -32.5987 -38.8488 -32.5987 -11.7345 24.9342 -7.3741 -44.0592 -38.1736 -25.8248 30.1453 12.7676 -40.3881 -42.2123 -33.8158 -14.7101 26.6719 -2.5104 -44.1669 -38.9251 -27.7210 22.9288 15.6739 -35.4247 -42.9452 -35.2349 -19.3216 30.8283 5.4485 -44.0653 -40.6706 -31.7648 -5.2798 22.6370 -13.0859 -43.9817 -38.0809 -26.2109 27.4390 14.7755 -36.2024 -42.9635 -35.4170 -20.1462 31.7214 7.2759 -43.5957 -41.2382 -32.6167 -10.8336 24.9935 -5.0559 -42.3366
-4.7194 25.8234 -12.3144 -32.9383 -41.4621 -43.2536 8.2025 32.1947 -20.8951 -35.7235 -43.1158 -34.5178 15.5987 25.0364 -26.8278 -38.3447 -44.0380 -10.7020 23.2556 -6.9934 -31.9887 -40.8221 -43.9742 5.9419 31.0789 -19.5440 -35.2923 -42.9599 -35.4247 15.5965 23.4713 -27.5503 -38.8327 -44.1499 -3.4406 26.2296 -14.0080 -33.6098 -42.0741 -41.0415 12.1246 31.1556 -25.2577 -37.9149 -43.9996 -9.8264 24.1997 -10.7187 -32.8104 -41.7623 -45.9187 -41.7623 -32.8104 -10.7187 24.1997 -9.8264 -43.9996 -37.9149 -25.2577 31.1556 12.1246 -41.0415 -42.0741 -33.6098 -14.0080 26.2296 -3.4406 -44.1499 -38.8327 -27.5503 23.4713 15.5965 -35.4247 -42.9599 -35.2923 -19.5440 31.0789 5.9419 -43.9742 -40.8221 -31.9887 -6.9934 23.2556 -10.7020 -44.0380 -38.3447 -26.8278 25.0364 15.5987 -34.5178 -43.1158 -35.7235 -20.8951 32.1947 8.2025 -43.2536 -41.4621 -32.9383 -12.3144 25.8234 -4.7194
26.1954 -13.6278 -33.2584 -41.6792 -42.8190 9.0923 32.5261 -21.6175 -36.0279 -43.2587 -32.5980 16.4353 22.0427 -27.4669 -38.6215 -44.0910 -8.2446 23.9506 -8.6851 -32.2449 -40.9990 -43.8329 6.5684 31.4145 -19.9069 -35.4067 -43.0032 -35.1077 15.6739 23.4713 -27.4907 -38.7849 -44.1379 -4.1227 25.8921 -13.4110 -33.4401 -41.9570 -41.5391 11.5634 31.8117 -24.7463 -37.6737 -43.9380 -12.3207 23.4699 -9.1876 -32.5975 -41.4649 -43.7045 -8.5847 -43.7045 -41.4649 -32.5975 -9.1876 23.4699 -12.3207 -43.9380 -37.6737 -24.7463 31.8117 11.5634 -41.5391 -41.9570 -33.4401 -13.4110 25.8921 -4.1227 -44.1379 -38.7849 -27.4907 23.4713 15.6739 -35.1077 -43.0032 -35.4067 -19.9069 31.4145 6.5684 -43.8329 -40.9990 -32.2449 -8.6851 23.9506 -8.2446 -44.0910 -38.6215 -27.4669 22.0427 16.4353 -32.5980 -43.2587 -36.0279 -21.6175 32.5261 9.0923 -42.8190 -41.6792 -33.2584 -13.6278 26.1954
-14.1600 -33.5781 -41.8892 -42.2801 9.9537 32.6800 -22.3183 -36.3302 -43.3918 -30.4320 17.2901 18.4984 -28.1080 -38.8979 -44.1371 -5.8804 24.7060 -10.2873 -32.5227 -41.1876 -43.6341 7.2628 31.7826 -20.3665 -35.5669 -43.0717 -34.4742 15.8951 22.9288 -27.5503 -38.7849 -44.1339 -4.4886 25.6771 -12.9763 -33.3109 -41.8614 -41.9064 11.0926 32.2151 -24.2992 -37.4574 -43.8766 -14.7518 22.7970 -7.4786 -32.3176 -41.2495 -43.3791 7.2352 22.4515 7.2352 -43.3791 -41.2495 -32.3176 -7.4786 22.7970 -14.7518 -43.8766 -37.4574 -24.2992 32.2151 11.0926 -41.9064 -41.8614 -33.3109 -12.9763 25.6771 -4.4886 -44.1339 -38.7849 -27.5503 22.9288 15.8951 -34.4742 -43.0717 -35.5669 -20.3665 31.7826 7.2628 -43.6341 -41.1876 -32.5227 -10.2873 24.7060 -5.8804 -44.1371 -38.8979 -28.1080 18.4984 17.2901 -30.4320 -43.3918 -36.3302 -22.3183 32.6800 9.9537 -42.2801 -41.8892 -33.5781 -14.1600
-31.2418 -42.0946 -41.6236 10.7938 32.6155 -23.0016 -36.6303 -43.5151 -28.0176 18.1687 14.4979 -28.7529 -39.1704 -44.1752 -3.7481 25.4973 -11.7854 -32.8225 -41.3873 -43.3625 7.9998 32.1408 -20.8852 -35.7624 -43.1570 -33.5436 16.2520 21.8360 -27.7210 -38.8327 -44.1379 -4.4886 25.6020 -12.7425 -33.2260 -41.7899 -42.1609 10.7063 32.4466 -23.9239 -37.2702 -43.8184 -17.0033 22.1837 -5.6603 -32.0440 -41.0454 -43.5892 7.8468 31.7343 -6.4491 31.7343 7.8468 -43.5892 -41.0454 -32.0440 -5.6603 22.1837 -17.0033 -43.8184 -37.2702 -23.9239 32.4466 10.7063 -42.1609 -41.7899 -33.2260 -12.7425 25.6020 -4.4886 -44.1379 -38.8327 -27.7210 21.8360 16.2520 -33.5436 -43.1570 -35.7624 -20.8852 32.1408 7.9998 -43.3625 -41.3873 -32.8225 -11.7854 25.4973 -3.7481 -44.1752 -39.1704 -28.7529 14.4979 18.1687 -28.0176 -43.5151 -36.6303 -23.0016 32.6155 10.7938 -41.6236 -42.0946 -31.2418
-40.0146 -40.8440 11.6187 32.2857 -23.6708 -36.9279 -43.6282 -25.3675 19.0768 10.2432 -29.4034 -39.4388 -44.2064 -1.8621 26.3040 -13.1554 -33.1395 -41.5993 -42.9871 8.7952 32.4462 -21.4591 -35.9889 -43.2540 -32.2884 16.7251 20.1514 -27.9890 -38.9251 -44.1499 -4.1227 25.6771 -12.7425 -33.1962 -41.7533 -42.3155 10.4250 32.5672 -23.6160 -37.1162 -43.7679 -18.9527 21.6538 -3.7655 -31.7906 -40.8516 -43.8037 7.3455 32.0732 -20.1878 -31.8604 -20.1878 32.0732 7.3455 -43.8037 -40.8516 -31.7906 -3.7655 21.6538 -18.9527 -43.7679 -37.1162 -23.6160 32.5672 10.4250 -42.3155 -41.7533 -33.1962 -12.7425 25.6771 -4.1227 -44.1499 -38.9251 -27.9890 20.1514 16.7251 -32.2884 -43.2540 -35.9889 -21.4591 32.4462 8.7952 -42.9871 -41.5993 -33.1395 -13.1554 26.3040 -1.8621 -44.2064 -39.4388 -29.4034 10.2432 19.0768 -25.3675 -43.6282 -36.9279 -23.6708 32.2857 11.6187 -40.8440 -40.0146
-39.4792 12.4497 31.6383 -24.3289 -37.2229 -43.7313 -22.5149 20.0215 6.0249 -30.0612 -39.7029 -44.2317 -0.1905 27.1151 -14.3798 -33.4585 -41.8120 -42.4936 9.6360 32.6474 -22.0838 -36.2426 -43.3603 -30.6751 17.3079 17.8131 -28.3482 -39.0586 -44.1669 -3.4406 25.8921 -12.9763 -33.2260 -41.7533 -42.3699 10.2781 32.6220 -23.3920 -36.9994 -43.7231 -20.5418 21.2156 -1.9308 -31.5668 -40.6746 -43.9653 6.6396 31.8144 -20.7330 -35.5469 -41.5816 -35.5469 -20.7330 31.8144 6.6396 -43.9653 -40.6746 -31.5668 -1.9308 21.2156 -20.5418 -43.7231 -36.9994 -23.3920 32.6220 10.2781 -42.3699 -41.7533 -33.2260 -12.9763 25.8921 -3.4406 -44.1669 -39.0586 -28.3482 17.8131 17.3079 -30.6751 -43.3603 -36.2426 -22.0838 32.6474 9.6360 -42.4936 -41.8120 -33.4585 -14.3798 27.1151 -0.1905 -44.2317 -39.7029 -30.0612 6.0249 20.0215 -22.5149 -43.7313 -37.2229 -24.3289 31.6383 12.4497 -39.4792
12.5801 30.6148 -24.9788 -37.5153 -43.8241 -19.5201 20.8872 2.1275 -30.7280 -39.9622 -44.2500 1.3011 27.9285 -15.4889 -33.7760 -42.0173 -41.8825 10.4833 32.6679 -22.7492 -36.5224 -43.4718 -28.6904 18.0020 14.8246 -28.7916 -39.2291 -44.1861 -2.5104 26.2296 -13.4110 -33.3109 -41.7899 -42.3155 10.2781 32.6376 -23.2752 -36.9236 -43.6876 -21.7273 20.8603 -0.2691 -31.3791 -40.5216 -44.0749 5.9261 31.4301 -20.3688 -35.7009 -43.7595 -45.4903 -43.7595 -35.7009 -20.3688 31.4301 5.9261 -44.0749 -40.5216 -31.3791 -0.2691 20.8603 -21.7273 -43.6876 -36.9236 -23.2752 32.6376 10.2781 -42.3155 -41.7899 -33.3109 -13.4110 26.2296 -2.5104 -44.1861 -39.2291 -28.7916 14.8246 18.0020 -28.6904 -43.4718 -36.5224 -22.7492 32.6679 10.4833 -41.8825 -42.0173 -33.7760 -15.4889 27.9285 1.3011 -44.2500 -39.9622 -30.7280 2.1275 20.8872 -19.5201 -43.8241 -37.5153 -24.9788 30.6148 12.5801
28.4008 -25.6238 -37.8047 -43.9069 -16.4697 21.6527 -1.2808 -31.2301 -40.2167 -44.2431 2.6448 28.7399 -16.5054 -34.0919 -42.2150 -41.1449 11.3132 32.4426 -23.4232 -36.8174 -43.5859 -26.3189 18.7929 11.2856 -29.3050 -39.4291 -44.2072 -1.3963 26.6719 -14.0080 -33.4401 -41.8614 -42.1609 10.4250 32.6220 -23.2752 -36.8960 -43.6696 -22.4844 20.6042 1.0829 -31.2260 -40.3924 -44.1459 5.2717 31.0170 -19.8719 -35.5531 -43.2311 -35.4306 5.8579 -35.4306 -43.2311 -35.5531 -19.8719 31.0170 5.2717 -44.1459 -40.3924 -31.2260 1.0829 20.6042 -22.4844 -43.6696 -36.8960 -23.2752 32.6220 10.4250 -42.1609 -41.8614 -33.4401 -14.0080 26.6719 -1.3963 -44.2072 -39.4291 -29.3050 11.2856 18.7929 -26.3189 -43.5859 -36.8174 -23.4232 32.4426 11.3132 -41.1449 -42.2150 -34.0919 -16.5054 28.7399 2.6448 -44.2431 -40.2167 -31.2301 -1.2808 21.6527 -16.4697 -43.9069 -37.8047 -25.6238 28.4008
-24.4267 -38.0929 -43.9797 -13.4675 22.4255 -4.1720 -31.5586 -40.4660 -44.1897 3.8685 29.5322 -17.4472 -34.4061 -42.4047 -40.2650 12.1315 31.9199 -24.0851 -37.1134 -43.6941 -23.5968 19.6760 7.4267 -29.8687 -39.6446 -44.2272 -0.2125 27.2085 -14.7101 -33.6098 -41.9570 -41.9064 10.7063 32.5672 -23.3920 -36.9236 -43.6696 -22.7576 20.4637 2.0013 -31.1152 -40.2938 -44.1894 4.7028 30.6350 -19.3832 -35.3652 -43.0804 -34.2823 14.7680 29.9079 14.7680 -34.2823 -43.0804 -35.3652 -19.3832 30.6350 4.7028 -44.1894 -40.2938 -31.1152 2.0013 20.4637 -22.7576 -43.6696 -36.9236 -23.3920 32.5672 10.7063 -41.9064 -41.9570 -33.6098 -14.7101 27.2085 -0.2125 -44.2272 -39.6446 -29.8687 7.4267 19.6760 -23.5968 -43.6941 -37.1134 -24.0851 31.9199 12.1315 -40.2650 -42.4047 -34.4061 -17.4472 29.5322 3.8685 -44.1897 -40.4660 -31.5586 -4.1720 22.4255 -13.4675 -43.9797 -38.0929 -24.4267
-35.8682 -44.0475 -10.6143 23.2059 -6.6039 -31.8854 -40.7099 -44.0812 4.9955 30.2822 -18.3283 -34.7186 -42.5862 -39.2260 12.9433 31.0441 -24.7378 -37.4068 -43.7907 -20.6461 20.5620 3.5262 -30.4864 -39.8752 -44.2456 0.9831 27.8221 -15.4745 -33.8158 -42.0741 -41.5391 11.0926 32.4466 -23.6160 -36.9994 -43.6876 -22.4844 20.4637 2.3437 -31.0455 -40.2295 -44.2132 4.2580 30.3063 -18.9609 -35.1905 -42.9738 -34.9099 15.7312 26.6299 -19.4722 26.6299 15.7312 -34.9099 -42.9725 -35.1908 -18.9624 30.3064 4.2580 -44.2132 -40.2295 -31.0455 2.3437 20.4637 -22.4844 -43.6876 -36.9994 -23.6160 32.4466 11.0926 -41.5391 -42.0741 -33.8158 -15.4745 27.8221 0.9831 -44.2456 -39.8752 -30.4864 3.5262 20.5620 -20.6461 -43.7907 -37.4068 -24.7378 31.0441 12.9433 -39.2260 -42.5862 -34.7186 -18.3283 30.2822 4.9955 -44.0812 -40.7099 -31.8854 -6.6039 23.2059 -10.6143 -44.0475 -35.8682
-42.2353 -7.9867 23.9938 -8.6608 -32.2106 -40.9479 -43.9106 6.0448 30.9719 -19.1594 -35.0293 -42.7590 -38.0097 13.7534 29.7561 -25.3837 -37.6973 -43.8772 -17.6048 21.3670 -0.0741 -31.0428 -40.1226 -44.2501 2.2055 28.5039 -16.2865 -34.0511 -42.2123 -41.0415 11.5634 32.2151 -23.9239 -37.1162 -43.7231 -21.7273 20.6042 2.0013 -31.0455 -40.2061 -44.2232 3.9628 30.0608 -18.6331 -35.0468 -42.8858 -35.7677 15.5715 23.7555 -26.7502 -35.0692 -26.7502 23.7555 15.5710 -35.7518 -42.8862 -35.0509 -18.6362 30.0610 3.9628 -44.2232 -40.2061 -31.0455 2.0013 20.6042 -21.7273 -43.7231 -37.1162 -23.9239 32.2151 11.5634 -41.0415 -42.2123 -34.0511 -16.2865 28.5039 2.2055 -44.2501 -40.1226 -31.0428 -0.0741 21.3670 -17.6048 -43.8772 -37.6973 -25.3837 29.7561 13.7534 -38.0097 -42.7590 -35.0293 -19.1594 30.9719 6.0448 -43.9106 -40.9479 -32.2106 -8.6608 23.9938 -7.9867 -42.2353
-7.5337 24.8189 -10.4223 -32.5342 -41.1799 -43.6697 7.0318 31.5813 -19.9497 -35.3383 -42.9230 -36.5974 14.5665 27.9963 -26.0252 -37.9849 -43.9537 -14.5722 22.1370 -3.1541 -31.4366 -40.3739 -44.2156 3.4256 29.2502 -17.1365 -34.3146 -42.3632 -40.3881 12.1246 31.8117 -24.2992 -37.2702 -43.7679 -20.5418 20.8603 1.0829 -31.1152 -40.2295 -44.2232 3.8538 29.9307 -18.4172 -34.9430 -42.8188 -36.4750 15.2280 24.3957 -27.3050 -38.5788 -44.0780 -38.5788 -27.3044 24.3957 15.2270 -36.4420 -42.8224 -34.9503 -18.4204 29.9309 3.8538 -44.2232 -40.2295 -31.1152 1.0829 20.8603 -20.5418 -43.7679 -37.2702 -24.2992 31.8117 12.1246 -40.3881 -42.3632 -34.3146 -17.1365 29.2502 3.4256 -44.2156 -40.3739 -31.4366 -3.1541 22.1370 -14.5722 -43.9537 -37.9849 -26.0252 27.9963 14.5665 -36.5974 -42.9230 -35.3383 -19.9497 31.5813 7.0318 -43.6697 -41.1799 -32.5342 -10.4223 24.8189 -7.5337
25.1784 -11.9552 -32.8562 -41.4055 -43.3494 7.9693 32.0859 -20.7062 -35.6453 -43.0778 -34.9705 15.3871 25.7107 -26.6644 -38.2692 -44.0204 -11.6530 22.9146 -5.7475 -31.7640 -40.6198 -44.1284 4.5862 30.0092 -18.0068 -34.6061 -42.5258 -39.5469 12.7676 31.1556 -24.7463 -37.4574 -43.8184 -18.9527 21.2156 -0.2691 -31.2260 -40.2938 -44.2132 3.9628 29.9307 -18.3381 -34.8892 -42.7770 -36.9450 14.9271 25.3853 -27.1636 -38.6573 -44.9046 -37.6439 -44.9044 -38.6575 -27.1623 25.4022 14.9286 -36.9108 -42.7821 -34.8963 -18.3412 29.9309 3.9628 -44.2132 -40.2938 -31.2260 -0.2691 21.2156 -18.9527 -43.8184 -37.4574 -24.7463 31.1556 12.7676 -39.5469 -42.5258 -34.6061 -18.0068 30.0092 4.5862 -44.1284 -40.6198 -31.7640 -5.7475 22.9146 -11.6530 -44.0204 -38.2692 -26.6644 25.7107 15.3871 -34.9705 -43.0778 -35.6453 -20.7062 32.0859 7.9693 -43.3494 -41.4055 -32.8562 -11.9552 25.1784
-12.7369 -33.1779 -41.6244 -42.9396 8.8677 32.4567 -21.4349 -35.9502 -43.2231 -33.1122 16.2198 22.8627 -27.3033 -38.5502 -44.0777 -8.9342 23.6998 -7.9340 -32.0898 -40.8600 -43.9818 5.6624 30.7235 -18.8554 -34.9139 -42.6957 -38.4703 13.4844 30.1453 -25.2577 -37.6737 -43.8766 -17.0033 21.6538 -1.9308 -31.3791 -40.3924 -44.1894 4.2580 30.0608 -18.4172 -34.8892 -42.7634 -37.1775 14.7291 26.0532 -26.9907 -38.5899 -44.1726 -9.4090 13.8624 -9.3981 -44.1713 -38.5835 -26.9568 26.1884 14.7500 -37.1652 -42.7562 -34.8966 -18.4204 30.0610 4.2580 -44.1894 -40.3924 -31.3791 -1.9308 21.6538 -17.0033 -43.8766 -37.6737 -25.2577 30.1453 13.4844 -38.4703 -42.6957 -34.9139 -18.8554 30.7235 5.6624 -43.9818 -40.8600 -32.0898 -7.9340 23.6998 -8.9342 -44.0777 -38.5502 -27.3033 22.8627 16.2198 -33.1122 -43.2231 -35.9502 -21.4349 32.4567 8.8677 -42.9396 -41.6244 -33.1779 -12.7369
-30.8292 -41.8389 -42.4286 9.7356 32.6597 -22.1409 -36.2531 -43.3587 -31.0098 17.0694 19.4540 -27.9437 -38.8276 -44.1261 -6.4682 24.4923 -9.7969 -32.4140 -41.0943 -43.7681 6.6710 31.3654 -19.6599 -35.2235 -42.8630 -37.1470 14.2657 28.6680 -25.8248 -37.9149 -43.9380 -14.7518 22.1837 -3.7655 -31.5668 -40.5216 -44.1459 4.7028 30.3063 -18.6331 -34.9430 -42.7770 -37.1737 14.5798 26.3114 -27.0324 -38.7536 -44.0193 -6.3629 23.0810 28.2982 23.1495 -6.3820 -44.0695 -38.5448 -26.6708 25.9846 14.3912 -37.0312 -42.7665 -34.9505 -18.6362 30.3064 4.7028 -44.1459 -40.5216 -31.5668 -3.7655 22.1837 -14.7518 -43.9380 -37.9149 -25.8248 28.6680 14.2657 -37.1470 -42.8630 -35.2235 -19.6599 31.3654 6.6710 -43.7681 -41.0943 -32.4140 -9.7969 24.4923 -6.4682 -44.1261 -38.8276 -27.9437 19.4540 17.0694 -31.0098 -43.3587 -36.2531 -22.1409 32.6597 9.7356 -42.4286 -41.8389 -30.8292
-39.7441 -41.8122 10.5805 32.6553 -22.8283 -36.5537 -43.4845 -28.6585 17.9414 15.5555 -28.5874 -39.1011 -44.1662 -4.2691 25.2917 -11.4071 -32.7366 -41.3223 -43.4785 7.6256 31.9121 -20.4283 -35.5313 -43.0213 -35.6021 15.0806 26.6254 -26.4341 -38.1736 -43.9996 -12.3207 22.7970 -5.6603 -31.7906 -40.6746 -44.0749 5.2717 30.6350 -18.9609 -35.0468 -42.8188 -36.9413 14.7774 25.4775 -27.1027 -38.4396 -44.0813 -7.4185 24.5674 -8.3007 -26.9977 -8.6625 24.5704 -6.1821 -44.2266 -38.3802 -26.9642 26.0377 14.8950 -36.8758 -42.8206 -35.0509 -18.9624 30.6350 5.2717 -44.0749 -40.6746 -31.7906 -5.6603 22.7970 -12.3207 -43.9996 -38.1736 -26.4341 26.6254 15.0806 -35.6021 -43.0213 -35.5313 -20.4283 31.9121 7.6256 -43.4785 -41.3223 -32.7366 -11.4071 25.2917 -4.2691 -44.1662 -39.1011 -28.5874 15.5555 17.9414 -28.6585 -43.4845 -36.5537 -22.8283 32.6553 10.5805 -41.8122 -39.7441
-40.4139 11.4215 32.3991 -23.4998 -36.8519 -43.6017 -26.0713 18.8399 11.3489 -29.2357 -39.3710 -44.1995 -2.3261 26.0956 -12.8177 -33.0571 -41.5447 -43.1040 8.5358 32.3359 -21.1656 -35.8368 -43.1716 -33.8351 15.9068 23.9949 -27.0647 -38.4463 -44.0592 -9.8264 23.4699 -7.4786 -32.0440 -40.8516 -43.9653 5.9261 31.0170 -19.3832 -35.1905 -42.8858 -36.4750 14.9248 26.0741 -27.2651 -38.5321 -44.2088 -6.8885 25.0031 -9.9327 -32.2679 -38.4961 -32.2387 -11.2147 25.2020 -5.9664 -43.9319 -38.4820 -27.0072 24.8072 14.9850 -36.4406 -42.8862 -35.1908 -19.3832 31.0170 5.9261 -43.9653 -40.8516 -32.0440 -7.4786 23.4699 -9.8264 -44.0592 -38.4463 -27.0647 23.9949 15.9068 -33.8351 -43.1716 -35.8368 -21.1656 32.3359 8.5358 -43.1040 -41.5447 -33.0571 -12.8177 26.0956 -2.3261 -44.1995 -39.3710 -29.2357 11.3489 18.8399 -26.0713 -43.6017 -36.8519 -23.4998 32.3991 11.4215 -40.4139
