0.4445 0.1699 0.1545 0.2179 0.3786 0.5056 0.3062 0.1493 0.1758 0.2801 0.4854 0.4469 0.1732 0.1534 0.2140 0.3700 0.5076 0.3198 0.1498 0.1734 0.2739 0.4782 0.4544 0.1782 0.1524 0.2100 0.3612 0.5092 0.3333 0.1505 0.1711 0.2678 0.4702 0.4614 0.1844 0.1515 0.2062 0.3526 0.5103 0.3463 0.1513 0.1689 0.2620 0.4617 0.4680 0.1920 0.1507 0.2022 0.3413 0.5094 0.4590 0.5094 0.3413 0.2022 0.1507 0.1920 0.4680 0.4617 0.2620 0.1689 0.1513 0.3463 0.5103 0.3526 0.2062 0.1515 0.1844 0.4614 0.4702 0.2678 0.1711 0.1505 0.3333 0.5092 0.3612 0.2100 0.1524 0.1782 0.4544 0.4782 0.2739 0.1734 0.1498 0.3198 0.5076 0.3700 0.2140 0.1534 0.1732 0.4469 0.4854 0.2801 0.1758 0.1493 0.3062 0.5056 0.3786 0.2179 0.1545 0.1699 0.4445
0.1699 0.1455 0.2123 0.3770 0.5074 0.3112 0.1392 0.1678 0.2753 0.4857 0.4502 0.1672 0.1438 0.2074 0.3673 0.5094 0.3251 0.1398 0.1653 0.2689 0.4781 0.4575 0.1733 0.1426 0.2033 0.3583 0.5109 0.3385 0.1406 0.1629 0.2627 0.4699 0.4644 0.1808 0.1416 0.1993 0.3495 0.5120 0.3514 0.1415 0.1606 0.2567 0.4611 0.4708 0.1900 0.1407 0.1955 0.3405 0.5124 0.3834 0.1810 0.3834 0.5124 0.3405 0.1955 0.1407 0.1900 0.4708 0.4611 0.2567 0.1606 0.1415 0.3514 0.5120 0.3495 0.1993 0.1416 0.1808 0.4644 0.4699 0.2627 0.1629 0.1406 0.3385 0.5109 0.3583 0.2033 0.1426 0.1733 0.4575 0.4781 0.2689 0.1653 0.1398 0.3251 0.5094 0.3673 0.2074 0.1438 0.1672 0.4502 0.4857 0.2753 0.1678 0.1392 0.3112 0.5074 0.3770 0.2123 0.1455 0.1699
0.1545 0.2123 0.3743 0.5083 0.3197 0.1396 0.1660 0.2704 0.4798 0.4560 0.1719 0.1429 0.2041 0.3601 0.5106 0.3358 0.1404 0.1634 0.2639 0.4716 0.4630 0.1792 0.1418 0.2001 0.3513 0.5117 0.3488 0.1413 0.1611 0.2579 0.4629 0.4695 0.1880 0.1408 0.1963 0.3427 0.5124 0.3613 0.1425 0.1589 0.2521 0.4538 0.4754 0.1985 0.1400 0.1926 0.3343 0.5125 0.3769 0.1455 0.1385 0.1455 0.3769 0.5125 0.3343 0.1926 0.1400 0.1985 0.4754 0.4538 0.2521 0.1589 0.1425 0.3613 0.5124 0.3427 0.1963 0.1408 0.1880 0.4695 0.4629 0.2579 0.1611 0.1413 0.3488 0.5117 0.3513 0.2001 0.1418 0.1792 0.4630 0.4716 0.2639 0.1634 0.1404 0.3358 0.5106 0.3601 0.2041 0.1429 0.1719 0.4560 0.4798 0.2704 0.1660 0.1396 0.3197 0.5083 0.3743 0.2123 0.1545
0.2179 0.3770 0.5083 0.3229 0.1399 0.1647 0.2665 0.4743 0.4611 0.1772 0.1420 0.2010 0.3531 0.5115 0.3462 0.1411 0.1615 0.2591 0.4647 0.4682 0.1860 0.1410 0.1971 0.3444 0.5123 0.3588 0.1422 0.1593 0.2533 0.4557 0.4742 0.1962 0.1402 0.1933 0.3360 0.5126 0.3708 0.1435 0.1572 0.2476 0.4463 0.4798 0.2080 0.1395 0.1898 0.3278 0.5122 0.3830 0.1454 0.1507 0.1890 0.1507 0.1454 0.3830 0.5122 0.3278 0.1898 0.1395 0.2080 0.4798 0.4463 0.2476 0.1572 0.1435 0.3708 0.5126 0.3360 0.1933 0.1402 0.1962 0.4742 0.4557 0.2533 0.1593 0.1422 0.3588 0.5123 0.3444 0.1971 0.1410 0.1860 0.4682 0.4647 0.2591 0.1615 0.1411 0.3462 0.5115 0.3531 0.2010 0.1420 0.1772 0.4611 0.4743 0.2665 0.1647 0.1399 0.3229 0.5083 0.3770 0.2179
0.3786 0.5074 0.3197 0.1399 0.1642 0.2642 0.4702 0.4650 0.1825 0.1413 0.1982 0.3466 0.5122 0.3560 0.1420 0.1598 0.2544 0.4575 0.4730 0.1940 0.1403 0.1941 0.3377 0.5126 0.3684 0.1432 0.1576 0.2487 0.4482 0.4787 0.2055 0.1396 0.1905 0.3295 0.5124 0.3800 0.1447 0.1556 0.2432 0.4387 0.4840 0.2182 0.1391 0.1870 0.3215 0.5115 0.3912 0.1465 0.1529 0.2280 0.3270 0.2280 0.1529 0.1465 0.3912 0.5115 0.3215 0.1870 0.1391 0.2182 0.4840 0.4387 0.2432 0.1556 0.1447 0.3800 0.5124 0.3295 0.1905 0.1396 0.2055 0.4787 0.4482 0.2487 0.1576 0.1432 0.3684 0.5126 0.3377 0.1941 0.1403 0.1940 0.4730 0.4575 0.2544 0.1598 0.1420 0.3560 0.5122 0.3466 0.1982 0.1413 0.1825 0.4650 0.4702 0.2642 0.1642 0.1399 0.3197 0.5074 0.3786
0.5056 0.3112 0.1396 0.1647 0.2642 0.4686 0.4672 0.1866 0.1408 0.1958 0.3409 0.5125 0.3650 0.1429 0.1581 0.2499 0.4502 0.4776 0.2030 0.1398 0.1912 0.3311 0.5125 0.3777 0.1444 0.1560 0.2443 0.4406 0.4829 0.2155 0.1392 0.1877 0.3231 0.5118 0.3889 0.1460 0.1541 0.2389 0.4310 0.4878 0.2291 0.1387 0.1843 0.3153 0.5104 0.3995 0.1480 0.1521 0.2318 0.4057 0.5098 0.4057 0.2318 0.1521 0.1480 0.3995 0.5104 0.3153 0.1843 0.1387 0.2291 0.4878 0.4310 0.2389 0.1541 0.1460 0.3889 0.5118 0.3231 0.1877 0.1392 0.2155 0.4829 0.4406 0.2443 0.1560 0.1444 0.3777 0.5125 0.3311 0.1912 0.1398 0.2030 0.4776 0.4502 0.2499 0.1581 0.1429 0.3650 0.5125 0.3409 0.1958 0.1408 0.1866 0.4672 0.4686 0.2642 0.1647 0.1396 0.3112 0.5056
0.3062 0.1392 0.1660 0.2665 0.4702 0.4672 0.1883 0.1406 0.1942 0.3366 0.5126 0.3727 0.1438 0.1566 0.2458 0.4430 0.4817 0.2128 0.1393 0.1884 0.3247 0.5120 0.3866 0.1457 0.1545 0.2400 0.4329 0.4868 0.2263 0.1388 0.1850 0.3169 0.5107 0.3974 0.1476 0.1526 0.2348 0.4232 0.4914 0.2404 0.1385 0.1818 0.3093 0.5087 0.4076 0.1497 0.1509 0.2293 0.4102 0.4995 0.3991 0.4995 0.4102 0.2293 0.1509 0.1497 0.4076 0.5087 0.3093 0.1818 0.1385 0.2404 0.4914 0.4232 0.2348 0.1526 0.1476 0.3974 0.5107 0.3169 0.1850 0.1388 0.2263 0.4868 0.4329 0.2400 0.1545 0.1457 0.3866 0.5120 0.3247 0.1884 0.1393 0.2128 0.4817 0.4430 0.2458 0.1566 0.1438 0.3727 0.5126 0.3366 0.1942 0.1406 0.1883 0.4672 0.4702 0.2665 0.1660 0.1392 0.3062
0.1493 0.1678 0.2704 0.4743 0.4650 0.1866 0.1406 0.1937 0.3341 0.5125 0.3784 0.1447 0.1554 0.2422 0.4363 0.4854 0.2226 0.1389 0.1857 0.3185 0.5110 0.3952 0.1471 0.1530 0.2358 0.4252 0.4905 0.2375 0.1386 0.1824 0.3108 0.5092 0.4055 0.1493 0.1512 0.2307 0.4154 0.4947 0.2520 0.1384 0.1793 0.3034 0.5065 0.4153 0.1517 0.1496 0.2257 0.4051 0.4992 0.2912 0.1464 0.2912 0.4992 0.4051 0.2257 0.1496 0.1517 0.4153 0.5065 0.3034 0.1793 0.1384 0.2520 0.4947 0.4154 0.2307 0.1512 0.1493 0.4055 0.5092 0.3108 0.1824 0.1386 0.2375 0.4905 0.4252 0.2358 0.1530 0.1471 0.3952 0.5110 0.3185 0.1857 0.1389 0.2226 0.4854 0.4363 0.2422 0.1554 0.1447 0.3784 0.5125 0.3341 0.1937 0.1406 0.1866 0.4650 0.4743 0.2704 0.1678 0.1493
0.1758 0.2753 0.4798 0.4611 0.1825 0.1408 0.1942 0.3341 0.5125 0.3815 0.1453 0.1545 0.2392 0.4304 0.4885 0.2321 0.1387 0.1833 0.3127 0.5097 0.4034 0.1488 0.1516 0.2317 0.4174 0.4938 0.2490 0.1384 0.1799 0.3049 0.5072 0.4134 0.1512 0.1499 0.2268 0.4077 0.4977 0.2637 0.1383 0.1769 0.2976 0.5038 0.4228 0.1540 0.1483 0.2220 0.3979 0.5012 0.2831 0.1377 0.1469 0.1377 0.2831 0.5012 0.3979 0.2220 0.1483 0.1540 0.4228 0.5038 0.2976 0.1769 0.1383 0.2637 0.4977 0.4077 0.2268 0.1499 0.1512 0.4134 0.5072 0.3049 0.1799 0.1384 0.2490 0.4938 0.4174 0.2317 0.1516 0.1488 0.4034 0.5097 0.3127 0.1833 0.1387 0.2321 0.4885 0.4304 0.2392 0.1545 0.1453 0.3815 0.5125 0.3341 0.1942 0.1408 0.1825 0.4611 0.4798 0.2753 0.1758
0.2801 0.4857 0.4560 0.1772 0.1413 0.1958 0.3366 0.5125 0.3815 0.1456 0.1540 0.2373 0.4260 0.4909 0.2406 0.1385 0.1812 0.3074 0.5080 0.4108 0.1506 0.1503 0.2278 0.4097 0.4969 0.2607 0.1383 0.1775 0.2991 0.5045 0.4209 0.1534 0.1486 0.2229 0.4000 0.5004 0.2754 0.1384 0.1745 0.2920 0.5003 0.4299 0.1565 0.1471 0.2183 0.3904 0.5035 0.2909 0.1385 0.1658 0.2184 0.1658 0.1385 0.2909 0.5035 0.3904 0.2183 0.1471 0.1565 0.4299 0.5003 0.2920 0.1745 0.1384 0.2754 0.5004 0.4000 0.2229 0.1486 0.1534 0.4209 0.5045 0.2991 0.1775 0.1383 0.2607 0.4969 0.4097 0.2278 0.1503 0.1506 0.4108 0.5080 0.3074 0.1812 0.1385 0.2406 0.4909 0.4260 0.2373 0.1540 0.1456 0.3815 0.5125 0.3366 0.1958 0.1413 0.1772 0.4560 0.4857 0.2801
0.4854 0.4502 0.1719 0.1420 0.1982 0.3409 0.5126 0.3784 0.1453 0.1540 0.2367 0.4236 0.4924 0.2470 0.1384 0.1794 0.3029 0.5061 0.4174 0.1524 0.1491 0.2241 0.4022 0.4997 0.2724 0.1384 0.1751 0.2934 0.5013 0.4281 0.1558 0.1474 0.2192 0.3923 0.5029 0.2871 0.1385 0.1723 0.2865 0.4963 0.4367 0.1594 0.1460 0.2147 0.3828 0.5057 0.3017 0.1388 0.1684 0.2683 0.3913 0.2683 0.1684 0.1388 0.3017 0.5057 0.3828 0.2147 0.1460 0.1594 0.4367 0.4963 0.2865 0.1723 0.1385 0.2871 0.5029 0.3923 0.2192 0.1474 0.1558 0.4281 0.5013 0.2934 0.1751 0.1384 0.2724 0.4997 0.4022 0.2241 0.1491 0.1524 0.4174 0.5061 0.3029 0.1794 0.1384 0.2470 0.4924 0.4236 0.2367 0.1540 0.1453 0.3784 0.5126 0.3409 0.1982 0.1420 0.1719 0.4502 0.4854
0.4469 0.1672 0.1429 0.2010 0.3466 0.5125 0.3727 0.1447 0.1545 0.2373 0.4236 0.4929 0.2504 0.1384 0.1781 0.2992 0.5041 0.4231 0.1543 0.1480 0.2208 0.3953 0.5021 0.2837 0.1385 0.1729 0.2879 0.4974 0.4350 0.1587 0.1463 0.2156 0.3848 0.5051 0.2986 0.1388 0.1701 0.2811 0.4916 0.4432 0.1628 0.1449 0.2112 0.3754 0.5075 0.3129 0.1392 0.1673 0.2723 0.4719 0.5026 0.4719 0.2723 0.1673 0.1392 0.3129 0.5075 0.3754 0.2112 0.1449 0.1628 0.4432 0.4916 0.2811 0.1701 0.1388 0.2986 0.5051 0.3848 0.2156 0.1463 0.1587 0.4350 0.4974 0.2879 0.1729 0.1385 0.2837 0.5021 0.3953 0.2208 0.1480 0.1543 0.4231 0.5041 0.2992 0.1781 0.1384 0.2504 0.4929 0.4236 0.2373 0.1545 0.1447 0.3727 0.5125 0.3466 0.2010 0.1429 0.1672 0.4469
0.1732 0.1438 0.2041 0.3531 0.5122 0.3650 0.1438 0.1554 0.2392 0.4260 0.4924 0.2504 0.1384 0.1774 0.2969 0.5024 0.4275 0.1561 0.1472 0.2179 0.3889 0.5041 0.2940 0.1387 0.1707 0.2825 0.4929 0.4416 0.1619 0.1452 0.2121 0.3773 0.5071 0.3100 0.1391 0.1680 0.2759 0.4862 0.4494 0.1668 0.1439 0.2078 0.3681 0.5091 0.3239 0.1397 0.1655 0.2691 0.4760 0.4666 0.3140 0.4666 0.4760 0.2691 0.1655 0.1397 0.3239 0.5091 0.3681 0.2078 0.1439 0.1668 0.4494 0.4862 0.2759 0.1680 0.1391 0.3100 0.5071 0.3773 0.2121 0.1452 0.1619 0.4416 0.4929 0.2825 0.1707 0.1387 0.2940 0.5041 0.3889 0.2179 0.1472 0.1561 0.4275 0.5024 0.2969 0.1774 0.1384 0.2504 0.4924 0.4260 0.2392 0.1554 0.1438 0.3650 0.5122 0.3531 0.2041 0.1438 0.1732
0.1534 0.2074 0.3601 0.5115 0.3560 0.1429 0.1566 0.2422 0.4304 0.4909 0.2470 0.1384 0.1774 0.2962 0.5015 0.4302 0.1575 0.1465 0.2155 0.3834 0.5058 0.3033 0.1389 0.1689 0.2776 0.4880 0.4477 0.1656 0.1442 0.2086 0.3700 0.5087 0.3211 0.1396 0.1660 0.2708 0.4804 0.4554 0.1714 0.1430 0.2045 0.3609 0.5104 0.3346 0.1403 0.1636 0.2645 0.4718 0.4644 0.1933 0.1366 0.1933 0.4644 0.4718 0.2645 0.1636 0.1403 0.3346 0.5104 0.3609 0.2045 0.1430 0.1714 0.4554 0.4804 0.2708 0.1660 0.1396 0.3211 0.5087 0.3700 0.2086 0.1442 0.1656 0.4477 0.4880 0.2776 0.1689 0.1389 0.3033 0.5058 0.3834 0.2155 0.1465 0.1575 0.4302 0.5015 0.2962 0.1774 0.1384 0.2470 0.4909 0.4304 0.2422 0.1566 0.1429 0.3560 0.5115 0.3601 0.2074 0.1534
0.2140 0.3673 0.5106 0.3462 0.1420 0.1581 0.2458 0.4363 0.4885 0.2406 0.1384 0.1781 0.2969 0.5015 0.4311 0.1582 0.1461 0.2137 0.3790 0.5070 0.3115 0.1393 0.1672 0.2733 0.4830 0.4531 0.1697 0.1433 0.2054 0.3627 0.5101 0.3319 0.1402 0.1641 0.2658 0.4740 0.4610 0.1769 0.1421 0.2013 0.3539 0.5114 0.3450 0.1410 0.1617 0.2597 0.4654 0.4679 0.1881 0.1386 0.1604 0.1386 0.1881 0.4679 0.4654 0.2597 0.1617 0.1410 0.3450 0.5114 0.3539 0.2013 0.1421 0.1769 0.4610 0.4740 0.2658 0.1641 0.1402 0.3319 0.5101 0.3627 0.2054 0.1433 0.1697 0.4531 0.4830 0.2733 0.1672 0.1393 0.3115 0.5070 0.3790 0.2137 0.1461 0.1582 0.4311 0.5015 0.2969 0.1781 0.1384 0.2406 0.4885 0.4363 0.2458 0.1581 0.1420 0.3462 0.5106 0.3673 0.2140
0.3700 0.5094 0.3358 0.1411 0.1598 0.2499 0.4430 0.4854 0.2321 0.1385 0.1794 0.2992 0.5024 0.4302 0.1582 0.1459 0.2128 0.3762 0.5079 0.3180 0.1396 0.1658 0.2696 0.4782 0.4579 0.1741 0.1425 0.2024 0.3559 0.5112 0.3424 0.1408 0.1622 0.2609 0.4673 0.4663 0.1833 0.1413 0.1982 0.3470 0.5121 0.3551 0.1419 0.1600 0.2550 0.4584 0.4725 0.1936 0.1399 0.1869 0.2567 0.1869 0.1399 0.1936 0.4725 0.4584 0.2550 0.1600 0.1419 0.3551 0.5121 0.3470 0.1982 0.1413 0.1833 0.4663 0.4673 0.2609 0.1622 0.1408 0.3424 0.5112 0.3559 0.2024 0.1425 0.1741 0.4579 0.4782 0.2696 0.1658 0.1396 0.3180 0.5079 0.3762 0.2128 0.1459 0.1582 0.4302 0.5024 0.2992 0.1794 0.1385 0.2321 0.4854 0.4430 0.2499 0.1598 0.1411 0.3358 0.5094 0.3700
0.5076 0.3251 0.1404 0.1615 0.2544 0.4502 0.4817 0.2226 0.1387 0.1812 0.3029 0.5041 0.4275 0.1575 0.1461 0.2128 0.3752 0.5083 0.3220 0.1398 0.1647 0.2664 0.4738 0.4620 0.1788 0.1418 0.1997 0.3497 0.5119 0.3522 0.1416 0.1604 0.2562 0.4602 0.4713 0.1909 0.1406 0.1952 0.3402 0.5125 0.3649 0.1428 0.1582 0.2504 0.4510 0.4771 0.2020 0.1397 0.1901 0.3188 0.4600 0.3188 0.1901 0.1397 0.2020 0.4771 0.4510 0.2504 0.1582 0.1428 0.3649 0.5125 0.3402 0.1952 0.1406 0.1909 0.4713 0.4602 0.2562 0.1604 0.1416 0.3522 0.5119 0.3497 0.1997 0.1418 0.1788 0.4620 0.4738 0.2664 0.1647 0.1398 0.3220 0.5083 0.3752 0.2128 0.1461 0.1575 0.4275 0.5041 0.3029 0.1812 0.1387 0.2226 0.4817 0.4502 0.2544 0.1615 0.1404 0.3251 0.5076
0.3198 0.1398 0.1634 0.2591 0.4575 0.4776 0.2128 0.1389 0.1833 0.3074 0.5061 0.4231 0.1561 0.1465 0.2137 0.3762 0.5083 0.3234 0.1400 0.1641 0.2642 0.4701 0.4653 0.1833 0.1412 0.1974 0.3443 0.5124 0.3610 0.1425 0.1588 0.2517 0.4530 0.4759 0.1995 0.1400 0.1923 0.3336 0.5125 0.3743 0.1439 0.1566 0.2459 0.4435 0.4814 0.2117 0.1393 0.1884 0.3228 0.5085 0.4743 0.5085 0.3228 0.1884 0.1393 0.2117 0.4814 0.4435 0.2459 0.1566 0.1439 0.3743 0.5125 0.3336 0.1923 0.1400 0.1995 0.4759 0.4530 0.2517 0.1588 0.1425 0.3610 0.5124 0.3443 0.1974 0.1412 0.1833 0.4653 0.4701 0.2642 0.1641 0.1400 0.3234 0.5083 0.3762 0.2137 0.1465 0.1561 0.4231 0.5061 0.3074 0.1833 0.1389 0.2128 0.4776 0.4575 0.2591 0.1634 0.1398 0.3198
0.1498 0.1653 0.2639 0.4647 0.4730 0.2030 0.1393 0.1857 0.3127 0.5080 0.4174 0.1543 0.1472 0.2155 0.3790 0.5079 0.3220 0.1400 0.1638 0.2630 0.4677 0.4676 0.1872 0.1407 0.1953 0.3395 0.5126 0.3685 0.1434 0.1573 0.2476 0.4460 0.4802 0.2090 0.1395 0.1894 0.3271 0.5122 0.3834 0.1452 0.1550 0.2416 0.4358 0.4854 0.2222 0.1389 0.1860 0.3187 0.5104 0.4110 0.2125 0.4110 0.5104 0.3187 0.1860 0.1389 0.2222 0.4854 0.4358 0.2416 0.1550 0.1452 0.3834 0.5122 0.3271 0.1894 0.1395 0.2090 0.4802 0.4460 0.2476 0.1573 0.1434 0.3685 0.5126 0.3395 0.1953 0.1407 0.1872 0.4676 0.4677 0.2630 0.1638 0.1400 0.3220 0.5079 0.3790 0.2155 0.1472 0.1543 0.4174 0.5080 0.3127 0.1857 0.1393 0.2030 0.4730 0.4647 0.2639 0.1653 0.1498
0.1734 0.2689 0.4716 0.4682 0.1940 0.1398 0.1884 0.3185 0.5097 0.4108 0.1524 0.1480 0.2179 0.3834 0.5070 0.3180 0.1398 0.1641 0.2630 0.4668 0.4689 0.1899 0.1405 0.1938 0.3354 0.5126 0.3750 0.1442 0.1560 0.2440 0.4395 0.4838 0.2186 0.1390 0.1867 0.3208 0.5114 0.3921 0.1466 0.1535 0.2374 0.4281 0.4892 0.2333 0.1386 0.1834 0.3130 0.5097 0.4058 0.1517 0.1368 0.1517 0.4058 0.5097 0.3130 0.1834 0.1386 0.2333 0.4892 0.4281 0.2374 0.1535 0.1466 0.3921 0.5114 0.3208 0.1867 0.1390 0.2186 0.4838 0.4395 0.2440 0.1560 0.1442 0.3750 0.5126 0.3354 0.1938 0.1405 0.1899 0.4689 0.4668 0.2630 0.1641 0.1398 0.3180 0.5070 0.3834 0.2179 0.1480 0.1524 0.4108 0.5097 0.3185 0.1884 0.1398 0.1940 0.4682 0.4716 0.2689 0.1734
0.2739 0.4781 0.4630 0.1860 0.1403 0.1912 0.3247 0.5110 0.4034 0.1506 0.1491 0.2208 0.3889 0.5058 0.3115 0.1396 0.1647 0.2642 0.4677 0.4689 0.1910 0.1403 0.1928 0.3326 0.5125 0.3803 0.1450 0.1550 0.2408 0.4334 0.4870 0.2277 0.1388 0.1842 0.3148 0.5102 0.4004 0.1482 0.1521 0.2332 0.4203 0.4926 0.2447 0.1384 0.1808 0.3070 0.5080 0.4111 0.1511 0.1464 0.1798 0.1464 0.1511 0.4111 0.5080 0.3070 0.1808 0.1384 0.2447 0.4926 0.4203 0.2332 0.1521 0.1482 0.4004 0.5102 0.3148 0.1842 0.1388 0.2277 0.4870 0.4334 0.2408 0.1550 0.1450 0.3803 0.5125 0.3326 0.1928 0.1403 0.1910 0.4689 0.4677 0.2642 0.1647 0.1396 0.3115 0.5058 0.3889 0.2208 0.1491 0.1506 0.4034 0.5110 0.3247 0.1912 0.1403 0.1860 0.4630 0.4781 0.2739
0.4782 0.4575 0.1792 0.1410 0.1941 0.3311 0.5120 0.3952 0.1488 0.1503 0.2241 0.3953 0.5041 0.3033 0.1393 0.1658 0.2664 0.4701 0.4676 0.1899 0.1403 0.1925 0.3312 0.5123 0.3840 0.1457 0.1541 0.2381 0.4281 0.4897 0.2363 0.1386 0.1821 0.3095 0.5087 0.4082 0.1499 0.1507 0.2292 0.4125 0.4958 0.2563 0.1383 0.1784 0.3012 0.5056 0.4182 0.1526 0.1483 0.2151 0.3055 0.2151 0.1483 0.1526 0.4182 0.5056 0.3012 0.1784 0.1383 0.2563 0.4958 0.4125 0.2292 0.1507 0.1499 0.4082 0.5087 0.3095 0.1821 0.1386 0.2363 0.4897 0.4281 0.2381 0.1541 0.1457 0.3840 0.5123 0.3312 0.1925 0.1403 0.1899 0.4676 0.4701 0.2664 0.1658 0.1393 0.3033 0.5041 0.3953 0.2241 0.1503 0.1488 0.3952 0.5120 0.3311 0.1941 0.1410 0.1792 0.4575 0.4782
0.4544 0.1733 0.1418 0.1971 0.3377 0.5125 0.3866 0.1471 0.1516 0.2278 0.4022 0.5021 0.2940 0.1389 0.1672 0.2696 0.4738 0.4653 0.1872 0.1405 0.1928 0.3312 0.5123 0.3860 0.1461 0.1535 0.2361 0.4238 0.4919 0.2441 0.1384 0.1802 0.3048 0.5069 0.4151 0.1517 0.1495 0.2255 0.4049 0.4987 0.2681 0.1383 0.1760 0.2955 0.5026 0.4255 0.1549 0.1477 0.2188 0.3801 0.5048 0.3801 0.2188 0.1477 0.1549 0.4255 0.5026 0.2955 0.1760 0.1383 0.2681 0.4987 0.4049 0.2255 0.1495 0.1517 0.4151 0.5069 0.3048 0.1802 0.1384 0.2441 0.4919 0.4238 0.2361 0.1535 0.1461 0.3860 0.5123 0.3312 0.1928 0.1405 0.1872 0.4653 0.4738 0.2696 0.1672 0.1389 0.2940 0.5021 0.4022 0.2278 0.1516 0.1471 0.3866 0.5125 0.3377 0.1971 0.1418 0.1733 0.4544
0.1782 0.1426 0.2001 0.3444 0.5126 0.3777 0.1457 0.1530 0.2317 0.4097 0.4997 0.2837 0.1387 0.1689 0.2733 0.4782 0.4620 0.1833 0.1407 0.1938 0.3326 0.5123 0.3860 0.1463 0.1532 0.2348 0.4207 0.4935 0.2506 0.1384 0.1786 0.3007 0.5049 0.4210 0.1536 0.1484 0.2220 0.3977 0.5013 0.2797 0.1384 0.1737 0.2899 0.4989 0.4325 0.1576 0.1467 0.2166 0.3844 0.5065 0.4244 0.5065 0.3844 0.2166 0.1467 0.1576 0.4325 0.4989 0.2899 0.1737 0.1384 0.2797 0.5013 0.3977 0.2220 0.1484 0.1536 0.4210 0.5049 0.3007 0.1786 0.1384 0.2506 0.4935 0.4207 0.2348 0.1532 0.1463 0.3860 0.5123 0.3326 0.1938 0.1407 0.1833 0.4620 0.4782 0.2733 0.1689 0.1387 0.2837 0.4997 0.4097 0.2317 0.1530 0.1457 0.3777 0.5126 0.3444 0.2001 0.1426 0.1782
0.1524 0.2033 0.3513 0.5123 0.3684 0.1444 0.1545 0.2358 0.4174 0.4969 0.2724 0.1385 0.1707 0.2776 0.4830 0.4579 0.1788 0.1412 0.1953 0.3354 0.5125 0.3840 0.1461 0.1532 0.2344 0.4191 0.4944 0.2552 0.1383 0.1773 0.2973 0.5030 0.4260 0.1554 0.1474 0.2189 0.3912 0.5034 0.2905 0.1386 0.1715 0.2845 0.4946 0.4392 0.1606 0.1456 0.2133 0.3795 0.5068 0.3290 0.1547 0.3290 0.5068 0.3795 0.2133 0.1456 0.1606 0.4392 0.4946 0.2845 0.1715 0.1386 0.2905 0.5034 0.3912 0.2189 0.1474 0.1554 0.4260 0.5030 0.2973 0.1773 0.1383 0.2552 0.4944 0.4191 0.2344 0.1532 0.1461 0.3840 0.5125 0.3354 0.1953 0.1412 0.1788 0.4579 0.4830 0.2776 0.1707 0.1385 0.2724 0.4969 0.4174 0.2358 0.1545 0.1444 0.3684 0.5123 0.3513 0.2033 0.1524
0.2100 0.3583 0.5117 0.3588 0.1432 0.1560 0.2400 0.4252 0.4938 0.2607 0.1384 0.1729 0.2825 0.4880 0.4531 0.1741 0.1418 0.1974 0.3395 0.5126 0.3803 0.1457 0.1535 0.2348 0.4191 0.4948 0.2575 0.1383 0.1764 0.2947 0.5012 0.4300 0.1571 0.1467 0.2162 0.3852 0.5052 0.3001 0.1389 0.1695 0.2793 0.4897 0.4456 0.1642 0.1446 0.2099 0.3726 0.5082 0.3214 0.1395 0.1431 0.1395 0.3214 0.5082 0.3726 0.2099 0.1446 0.1642 0.4456 0.4897 0.2793 0.1695 0.1389 0.3001 0.5052 0.3852 0.2162 0.1467 0.1571 0.4300 0.5012 0.2947 0.1764 0.1383 0.2575 0.4948 0.4191 0.2348 0.1535 0.1457 0.3803 0.5126 0.3395 0.1974 0.1418 0.1741 0.4531 0.4880 0.2825 0.1729 0.1384 0.2607 0.4938 0.4252 0.2400 0.1560 0.1432 0.3588 0.5117 0.3583 0.2100
0.3612 0.5109 0.3488 0.1422 0.1576 0.2443 0.4329 0.4905 0.2490 0.1383 0.1751 0.2879 0.4929 0.4477 0.1697 0.1425 0.1997 0.3443 0.5126 0.3750 0.1450 0.1541 0.2361 0.4207 0.4944 0.2575 0.1383 0.1759 0.2931 0.4998 0.4330 0.1586 0.1460 0.2140 0.3801 0.5067 0.3088 0.1391 0.1678 0.2747 0.4846 0.4515 0.1683 0.1436 0.2065 0.3654 0.5096 0.3287 0.1400 0.1594 0.2063 0.1594 0.1400 0.3287 0.5096 0.3654 0.2065 0.1436 0.1683 0.4515 0.4846 0.2747 0.1678 0.1391 0.3088 0.5067 0.3801 0.2140 0.1460 0.1586 0.4330 0.4998 0.2931 0.1759 0.1383 0.2575 0.4944 0.4207 0.2361 0.1541 0.1450 0.3750 0.5126 0.3443 0.1997 0.1425 0.1697 0.4477 0.4929 0.2879 0.1751 0.1383 0.2490 0.4905 0.4329 0.2443 0.1576 0.1422 0.3488 0.5109 0.3612
0.5092 0.3385 0.1413 0.1593 0.2487 0.4406 0.4868 0.2375 0.1384 0.1775 0.2934 0.4974 0.4416 0.1656 0.1433 0.2024 0.3497 0.5124 0.3685 0.1442 0.1550 0.2381 0.4238 0.4935 0.2552 0.1383 0.1759 0.2926 0.4991 0.4349 0.1597 0.1456 0.2123 0.3759 0.5078 0.3164 0.1395 0.1662 0.2707 0.4796 0.4566 0.1729 0.1427 0.2034 0.3584 0.5108 0.3386 0.1406 0.1619 0.2518 0.3657 0.2518 0.1619 0.1406 0.3386 0.5108 0.3584 0.2034 0.1427 0.1729 0.4566 0.4796 0.2707 0.1662 0.1395 0.3164 0.5078 0.3759 0.2123 0.1456 0.1597 0.4349 0.4991 0.2926 0.1759 0.1383 0.2552 0.4935 0.4238 0.2381 0.1550 0.1442 0.3685 0.5124 0.3497 0.2024 0.1433 0.1656 0.4416 0.4974 0.2934 0.1775 0.1384 0.2375 0.4868 0.4406 0.2487 0.1593 0.1413 0.3385 0.5092
0.3333 0.1406 0.1611 0.2533 0.4482 0.4829 0.2263 0.1386 0.1799 0.2991 0.5013 0.4350 0.1619 0.1442 0.2054 0.3559 0.5119 0.3610 0.1434 0.1560 0.2408 0.4281 0.4919 0.2506 0.1383 0.1764 0.2931 0.4991 0.4355 0.1603 0.1453 0.2111 0.3729 0.5086 0.3226 0.1398 0.1649 0.2672 0.4748 0.4611 0.1776 0.1419 0.2004 0.3517 0.5117 0.3487 0.1413 0.1609 0.2558 0.4480 0.5081 0.4480 0.2558 0.1609 0.1413 0.3487 0.5117 0.3517 0.2004 0.1419 0.1776 0.4611 0.4748 0.2672 0.1649 0.1398 0.3226 0.5086 0.3729 0.2111 0.1453 0.1603 0.4355 0.4991 0.2931 0.1764 0.1383 0.2506 0.4919 0.4281 0.2408 0.1560 0.1434 0.3610 0.5119 0.3559 0.2054 0.1442 0.1619 0.4350 0.5013 0.2991 0.1799 0.1386 0.2263 0.4829 0.4482 0.2533 0.1611 0.1406 0.3333
0.1505 0.1629 0.2579 0.4557 0.4787 0.2155 0.1388 0.1824 0.3049 0.5045 0.4281 0.1587 0.1452 0.2086 0.3627 0.5112 0.3522 0.1425 0.1573 0.2440 0.4334 0.4897 0.2441 0.1384 0.1773 0.2947 0.4998 0.4349 0.1603 0.1452 0.2105 0.3709 0.5091 0.3271 0.1401 0.1639 0.2642 0.4705 0.4648 0.1825 0.1413 0.1979 0.3456 0.5123 0.3581 0.1422 0.1593 0.2529 0.4525 0.4816 0.3494 0.4816 0.4525 0.2529 0.1593 0.1422 0.3581 0.5123 0.3456 0.1979 0.1413 0.1825 0.4648 0.4705 0.2642 0.1639 0.1401 0.3271 0.5091 0.3709 0.2105 0.1452 0.1603 0.4349 0.4998 0.2947 0.1773 0.1384 0.2441 0.4897 0.4334 0.2440 0.1573 0.1425 0.3522 0.5112 0.3627 0.2086 0.1452 0.1587 0.4281 0.5045 0.3049 0.1824 0.1388 0.2155 0.4787 0.4557 0.2579 0.1629 0.1505
0.1711 0.2627 0.4629 0.4742 0.2055 0.1392 0.1850 0.3108 0.5072 0.4209 0.1558 0.1463 0.2121 0.3700 0.5101 0.3424 0.1416 0.1588 0.2476 0.4395 0.4870 0.2363 0.1384 0.1786 0.2973 0.5012 0.4330 0.1597 0.1453 0.2105 0.3702 0.5094 0.3300 0.1403 0.1631 0.2619 0.4669 0.4678 0.1871 0.1408 0.1956 0.3403 0.5125 0.3665 0.1431 0.1578 0.2488 0.4477 0.4803 0.2271 0.1388 0.2271 0.4803 0.4477 0.2488 0.1578 0.1431 0.3665 0.5125 0.3403 0.1956 0.1408 0.1871 0.4678 0.4669 0.2619 0.1631 0.1403 0.3300 0.5094 0.3702 0.2105 0.1453 0.1597 0.4330 0.5012 0.2973 0.1786 0.1384 0.2363 0.4870 0.4395 0.2476 0.1588 0.1416 0.3424 0.5101 0.3700 0.2121 0.1463 0.1558 0.4209 0.5072 0.3108 0.1850 0.1392 0.2055 0.4742 0.4629 0.2627 0.1711
0.2678 0.4699 0.4695 0.1962 0.1396 0.1877 0.3169 0.5092 0.4134 0.1534 0.1474 0.2156 0.3773 0.5087 0.3319 0.1408 0.1604 0.2517 0.4460 0.4838 0.2277 0.1386 0.1802 0.3007 0.5030 0.4300 0.1586 0.1456 0.2111 0.3709 0.5094 0.3310 0.1404 0.1626 0.2603 0.4641 0.4701 0.1912 0.1404 0.1937 0.3357 0.5126 0.3739 0.1440 0.1564 0.2450 0.4412 0.4830 0.2196 0.1374 0.1546 0.1374 0.2196 0.4830 0.4412 0.2450 0.1564 0.1440 0.3739 0.5126 0.3357 0.1937 0.1404 0.1912 0.4701 0.4641 0.2603 0.1626 0.1404 0.3310 0.5094 0.3709 0.2111 0.1456 0.1586 0.4300 0.5030 0.3007 0.1802 0.1386 0.2277 0.4838 0.4460 0.2517 0.1604 0.1408 0.3319 0.5087 0.3773 0.2156 0.1474 0.1534 0.4134 0.5092 0.3169 0.1877 0.1396 0.1962 0.4695 0.4699 0.2678
0.4702 0.4644 0.1880 0.1402 0.1905 0.3231 0.5107 0.4055 0.1512 0.1486 0.2192 0.3848 0.5071 0.3211 0.1402 0.1622 0.2562 0.4530 0.4802 0.2186 0.1388 0.1821 0.3048 0.5049 0.4260 0.1571 0.1460 0.2123 0.3729 0.5091 0.3300 0.1404 0.1625 0.2594 0.4622 0.4717 0.1945 0.1401 0.1922 0.3320 0.5124 0.3802 0.1449 0.1551 0.2414 0.4347 0.4863 0.2261 0.1385 0.1782 0.2412 0.1782 0.1385 0.2261 0.4863 0.4347 0.2414 0.1551 0.1449 0.3802 0.5124 0.3320 0.1922 0.1401 0.1945 0.4717 0.4622 0.2594 0.1625 0.1404 0.3300 0.5091 0.3729 0.2123 0.1460 0.1571 0.4260 0.5049 0.3048 0.1821 0.1388 0.2186 0.4802 0.4530 0.2562 0.1622 0.1402 0.3211 0.5071 0.3848 0.2192 0.1486 0.1512 0.4055 0.5107 0.3231 0.1905 0.1402 0.1880 0.4644 0.4702
0.4614 0.1808 0.1408 0.1933 0.3295 0.5118 0.3974 0.1493 0.1499 0.2229 0.3923 0.5051 0.3100 0.1396 0.1641 0.2609 0.4602 0.4759 0.2090 0.1390 0.1842 0.3095 0.5069 0.4210 0.1554 0.1467 0.2140 0.3759 0.5086 0.3271 0.1403 0.1626 0.2594 0.4615 0.4726 0.1967 0.1399 0.1911 0.3290 0.5122 0.3853 0.1458 0.1541 0.2383 0.4287 0.4893 0.2349 0.1385 0.1813 0.2988 0.4350 0.2988 0.1813 0.1385 0.2349 0.4893 0.4287 0.2383 0.1541 0.1458 0.3853 0.5122 0.3290 0.1911 0.1399 0.1967 0.4726 0.4615 0.2594 0.1626 0.1403 0.3271 0.5086 0.3759 0.2140 0.1467 0.1554 0.4210 0.5069 0.3095 0.1842 0.1390 0.2090 0.4759 0.4602 0.2609 0.1641 0.1396 0.3100 0.5051 0.3923 0.2229 0.1499 0.1493 0.3974 0.5118 0.3295 0.1933 0.1408 0.1808 0.4614
0.1844 0.1416 0.1963 0.3360 0.5124 0.3889 0.1476 0.1512 0.2268 0.4000 0.5029 0.2986 0.1391 0.1660 0.2658 0.4673 0.4713 0.1995 0.1395 0.1867 0.3148 0.5087 0.4151 0.1536 0.1474 0.2162 0.3801 0.5078 0.3226 0.1401 0.1631 0.2603 0.4622 0.4726 0.1975 0.1398 0.1904 0.3268 0.5120 0.3894 0.1465 0.1532 0.2356 0.4234 0.4918 0.2436 0.1384 0.1803 0.3034 0.5007 0.4870 0.5007 0.3034 0.1803 0.1384 0.2436 0.4918 0.4234 0.2356 0.1532 0.1465 0.3894 0.5120 0.3268 0.1904 0.1398 0.1975 0.4726 0.4622 0.2603 0.1631 0.1401 0.3226 0.5078 0.3801 0.2162 0.1474 0.1536 0.4151 0.5087 0.3148 0.1867 0.1395 0.1995 0.4713 0.4673 0.2658 0.1660 0.1391 0.2986 0.5029 0.4000 0.2268 0.1512 0.1476 0.3889 0.5124 0.3360 0.1963 0.1416 0.1844
0.1515 0.1993 0.3427 0.5126 0.3800 0.1460 0.1526 0.2307 0.4077 0.5004 0.2871 0.1388 0.1680 0.2708 0.4740 0.4663 0.1909 0.1400 0.1894 0.3208 0.5102 0.4082 0.1517 0.1484 0.2189 0.3852 0.5067 0.3164 0.1398 0.1639 0.2619 0.4641 0.4717 0.1967 0.1398 0.1901 0.3257 0.5118 0.3923 0.1471 0.1526 0.2335 0.4189 0.4939 0.2514 0.1384 0.1786 0.3007 0.5038 0.4336 0.2485 0.4336 0.5038 0.3007 0.1786 0.1384 0.2514 0.4939 0.4189 0.2335 0.1526 0.1471 0.3923 0.5118 0.3257 0.1901 0.1398 0.1967 0.4717 0.4641 0.2619 0.1639 0.1398 0.3164 0.5067 0.3852 0.2189 0.1484 0.1517 0.4082 0.5102 0.3208 0.1894 0.1400 0.1909 0.4663 0.4740 0.2708 0.1680 0.1388 0.2871 0.5004 0.4077 0.2307 0.1526 0.1460 0.3800 0.5126 0.3427 0.1993 0.1515
0.2062 0.3495 0.5124 0.3708 0.1447 0.1541 0.2348 0.4154 0.4977 0.2754 0.1385 0.1701 0.2759 0.4804 0.4610 0.1833 0.1406 0.1923 0.3271 0.5114 0.4004 0.1499 0.1495 0.2220 0.3912 0.5052 0.3088 0.1395 0.1649 0.2642 0.4669 0.4701 0.1945 0.1399 0.1904 0.3257 0.5117 0.3938 0.1475 0.1521 0.2319 0.4153 0.4956 0.2581 0.1383 0.1770 0.2970 0.5027 0.4283 0.1603 0.1360 0.1603 0.4283 0.5027 0.2970 0.1770 0.1383 0.2581 0.4956 0.4153 0.2319 0.1521 0.1475 0.3938 0.5117 0.3257 0.1904 0.1399 0.1945 0.4701 0.4669 0.2642 0.1649 0.1395 0.3088 0.5052 0.3912 0.2220 0.1495 0.1499 0.4004 0.5114 0.3271 0.1923 0.1406 0.1833 0.4610 0.4804 0.2759 0.1701 0.1385 0.2754 0.4977 0.4154 0.2348 0.1541 0.1447 0.3708 0.5124 0.3495 0.2062
0.3526 0.5120 0.3613 0.1435 0.1556 0.2389 0.4232 0.4947 0.2637 0.1384 0.1723 0.2811 0.4862 0.4554 0.1769 0.1413 0.1952 0.3336 0.5122 0.3921 0.1482 0.1507 0.2255 0.3977 0.5034 0.3001 0.1391 0.1662 0.2672 0.4705 0.4678 0.1912 0.1401 0.1911 0.3268 0.5118 0.3938 0.1477 0.1519 0.2308 0.4127 0.4968 0.2636 0.1383 0.1757 0.2935 0.5007 0.4310 0.1581 0.1433 0.1726 0.1433 0.1581 0.4310 0.5007 0.2935 0.1757 0.1383 0.2636 0.4968 0.4127 0.2308 0.1519 0.1477 0.3938 0.5118 0.3268 0.1911 0.1401 0.1912 0.4678 0.4705 0.2672 0.1662 0.1391 0.3001 0.5034 0.3977 0.2255 0.1507 0.1482 0.3921 0.5122 0.3336 0.1952 0.1413 0.1769 0.4554 0.4862 0.2811 0.1723 0.1384 0.2637 0.4947 0.4232 0.2389 0.1556 0.1435 0.3613 0.5120 0.3526
0.5103 0.3514 0.1425 0.1572 0.2432 0.4310 0.4914 0.2520 0.1383 0.1745 0.2865 0.4916 0.4494 0.1714 0.1421 0.1982 0.3402 0.5125 0.3834 0.1466 0.1521 0.2292 0.4049 0.5013 0.2905 0.1389 0.1678 0.2707 0.4748 0.4648 0.1871 0.1404 0.1922 0.3290 0.5120 0.3923 0.1475 0.1519 0.2305 0.4114 0.4975 0.2675 0.1383 0.1746 0.2906 0.4985 0.4347 0.1593 0.1453 0.2054 0.2885 0.2054 0.1453 0.1593 0.4347 0.4985 0.2906 0.1746 0.1383 0.2675 0.4975 0.4114 0.2305 0.1519 0.1475 0.3923 0.5120 0.3290 0.1922 0.1404 0.1871 0.4648 0.4748 0.2707 0.1678 0.1389 0.2905 0.5013 0.4049 0.2292 0.1521 0.1466 0.3834 0.5125 0.3402 0.1982 0.1421 0.1714 0.4494 0.4916 0.2865 0.1745 0.1383 0.2520 0.4914 0.4310 0.2432 0.1572 0.1425 0.3514 0.5103
0.3463 0.1415 0.1589 0.2476 0.4387 0.4878 0.2404 0.1384 0.1769 0.2920 0.4963 0.4432 0.1668 0.1430 0.2013 0.3470 0.5125 0.3743 0.1452 0.1535 0.2332 0.4125 0.4987 0.2797 0.1386 0.1695 0.2747 0.4796 0.4611 0.1825 0.1408 0.1937 0.3320 0.5122 0.3894 0.1471 0.1521 0.2308 0.4114 0.4978 0.2696 0.1384 0.1739 0.2884 0.4965 0.4382 0.1610 0.1451 0.2099 0.3609 0.4962 0.3609 0.2099 0.1451 0.1609 0.4381 0.4966 0.2885 0.1739 0.1384 0.2696 0.4978 0.4114 0.2308 0.1521 0.1471 0.3894 0.5122 0.3320 0.1937 0.1408 0.1825 0.4611 0.4796 0.2747 0.1695 0.1386 0.2797 0.4987 0.4125 0.2332 0.1535 0.1452 0.3743 0.5125 0.3470 0.2013 0.1430 0.1668 0.4432 0.4963 0.2920 0.1769 0.1384 0.2404 0.4878 0.4387 0.2476 0.1589 0.1415 0.3463
0.1513 0.1606 0.2521 0.4463 0.4840 0.2291 0.1385 0.1793 0.2976 0.5003 0.4367 0.1628 0.1439 0.2045 0.3539 0.5121 0.3649 0.1439 0.1550 0.2374 0.4203 0.4958 0.2681 0.1384 0.1715 0.2793 0.4846 0.4566 0.1776 0.1413 0.1956 0.3357 0.5124 0.3853 0.1465 0.1526 0.2319 0.4127 0.4975 0.2696 0.1384 0.1735 0.2870 0.4950 0.4408 0.1625 0.1447 0.2094 0.3677 0.5097 0.4408 0.5097 0.3677 0.2094 0.1447 0.1624 0.4406 0.4952 0.2871 0.1735 0.1384 0.2696 0.4975 0.4127 0.2319 0.1526 0.1465 0.3853 0.5124 0.3357 0.1956 0.1413 0.1776 0.4566 0.4846 0.2793 0.1715 0.1384 0.2681 0.4958 0.4203 0.2374 0.1550 0.1439 0.3649 0.5121 0.3539 0.2045 0.1439 0.1628 0.4367 0.5003 0.2976 0.1793 0.1385 0.2291 0.4840 0.4463 0.2521 0.1606 0.1513
0.1689 0.2567 0.4538 0.4798 0.2182 0.1387 0.1818 0.3034 0.5038 0.4299 0.1594 0.1449 0.2078 0.3609 0.5114 0.3551 0.1428 0.1566 0.2416 0.4281 0.4926 0.2563 0.1383 0.1737 0.2845 0.4897 0.4515 0.1729 0.1419 0.1979 0.3403 0.5126 0.3802 0.1458 0.1532 0.2335 0.4153 0.4968 0.2675 0.1384 0.1735 0.2865 0.4942 0.4423 0.1637 0.1444 0.2082 0.3664 0.5099 0.3519 0.1631 0.3518 0.5099 0.3664 0.2082 0.1444 0.1636 0.4422 0.4944 0.2866 0.1735 0.1384 0.2675 0.4968 0.4153 0.2335 0.1532 0.1458 0.3802 0.5126 0.3403 0.1979 0.1419 0.1729 0.4515 0.4897 0.2845 0.1737 0.1383 0.2563 0.4926 0.4281 0.2416 0.1566 0.1428 0.3551 0.5114 0.3609 0.2078 0.1449 0.1594 0.4299 0.5038 0.3034 0.1818 0.1387 0.2182 0.4798 0.4538 0.2567 0.1689
0.2620 0.4611 0.4754 0.2080 0.1391 0.1843 0.3093 0.5065 0.4228 0.1565 0.1460 0.2112 0.3681 0.5104 0.3450 0.1419 0.1582 0.2459 0.4358 0.4892 0.2447 0.1383 0.1760 0.2899 0.4946 0.4456 0.1683 0.1427 0.2004 0.3456 0.5125 0.3739 0.1449 0.1541 0.2356 0.4189 0.4956 0.2636 0.1383 0.1739 0.2870 0.4942 0.4428 0.1643 0.1441 0.2071 0.3643 0.5102 0.3397 0.1412 0.1411 0.1411 0.3399 0.5103 0.3644 0.2073 0.1442 0.1642 0.4426 0.4944 0.2871 0.1739 0.1383 0.2636 0.4956 0.4189 0.2356 0.1541 0.1449 0.3739 0.5125 0.3456 0.2004 0.1427 0.1683 0.4456 0.4946 0.2899 0.1760 0.1383 0.2447 0.4892 0.4358 0.2459 0.1582 0.1419 0.3450 0.5104 0.3681 0.2112 0.1460 0.1565 0.4228 0.5065 0.3093 0.1843 0.1391 0.2080 0.4754 0.4611 0.2620
0.4617 0.4708 0.1985 0.1395 0.1870 0.3153 0.5087 0.4153 0.1540 0.1471 0.2147 0.3754 0.5091 0.3346 0.1410 0.1600 0.2504 0.4435 0.4854 0.2333 0.1384 0.1784 0.2955 0.4989 0.4392 0.1642 0.1436 0.2034 0.3517 0.5123 0.3665 0.1440 0.1551 0.2383 0.4234 0.4939 0.2581 0.1383 0.1746 0.2884 0.4950 0.4423 0.1643 0.1441 0.2059 0.3608 0.5100 0.3434 0.1412 0.1570 0.1992 0.1558 0.1409 0.3393 0.5109 0.3637 0.2071 0.1440 0.1642 0.4421 0.4952 0.2885 0.1746 0.1383 0.2581 0.4939 0.4234 0.2383 0.1551 0.1440 0.3665 0.5123 0.3517 0.2034 0.1436 0.1642 0.4392 0.4989 0.2955 0.1784 0.1384 0.2333 0.4854 0.4435 0.2504 0.1600 0.1410 0.3346 0.5091 0.3754 0.2147 0.1471 0.1540 0.4153 0.5087 0.3153 0.1870 0.1395 0.1985 0.4708 0.4617
0.4680 0.1900 0.1400 0.1898 0.3215 0.5104 0.4076 0.1517 0.1483 0.2183 0.3828 0.5075 0.3239 0.1403 0.1617 0.2550 0.4510 0.4814 0.2222 0.1386 0.1808 0.3012 0.5026 0.4325 0.1606 0.1446 0.2065 0.3584 0.5117 0.3581 0.1431 0.1564 0.2414 0.4287 0.4918 0.2514 0.1383 0.1757 0.2906 0.4965 0.4408 0.1637 0.1442 0.2071 0.3618 0.5109 0.3372 0.1409 0.1599 0.2441 0.3480 0.2416 0.1588 0.1410 0.3427 0.5104 0.3646 0.2057 0.1445 0.1635 0.4406 0.4966 0.2906 0.1757 0.1383 0.2514 0.4918 0.4287 0.2414 0.1564 0.1431 0.3581 0.5117 0.3584 0.2065 0.1446 0.1606 0.4325 0.5026 0.3012 0.1808 0.1386 0.2222 0.4814 0.4510 0.2550 0.1617 0.1403 0.3239 0.5075 0.3828 0.2183 0.1483 0.1517 0.4076 0.5104 0.3215 0.1898 0.1400 0.1900 0.4680
0.1920 0.1407 0.1926 0.3278 0.5115 0.3995 0.1497 0.1496 0.2220 0.3904 0.5057 0.3129 0.1397 0.1636 0.2597 0.4584 0.4771 0.2117 0.1389 0.1834 0.3070 0.5056 0.4255 0.1576 0.1456 0.2099 0.3654 0.5108 0.3487 0.1422 0.1578 0.2450 0.4347 0.4893 0.2436 0.1384 0.1770 0.2935 0.4985 0.4382 0.1625 0.1444 0.2071 0.3607 0.5113 0.3406 0.1412 0.1598 0.2510 0.4390 0.5098 0.4353 0.2537 0.1611 0.1415 0.3439 0.5111 0.3616 0.2077 0.1445 0.1624 0.4381 0.4985 0.2935 0.1770 0.1384 0.2436 0.4893 0.4347 0.2450 0.1578 0.1422 0.3487 0.5108 0.3654 0.2099 0.1456 0.1576 0.4255 0.5056 0.3070 0.1834 0.1389 0.2117 0.4771 0.4584 0.2597 0.1636 0.1397 0.3129 0.5057 0.3904 0.2220 0.1496 0.1497 0.3995 0.5115 0.3278 0.1926 0.1407 0.1920
0.1507 0.1955 0.3343 0.5122 0.3912 0.1480 0.1509 0.2257 0.3979 0.5035 0.3017 0.1392 0.1655 0.2645 0.4654 0.4725 0.2020 0.1393 0.1860 0.3130 0.5080 0.4182 0.1549 0.1467 0.2133 0.3726 0.5096 0.3386 0.1413 0.1593 0.2488 0.4412 0.4863 0.2349 0.1384 0.1786 0.2970 0.5007 0.4347 0.1610 0.1447 0.2082 0.3641 0.5112 0.3444 0.1408 0.1606 0.2532 0.4514 0.4841 0.3603 0.4858 0.4527 0.2526 0.1604 0.1412 0.3391 0.5107 0.3626 0.2084 0.1448 0.1609 0.4347 0.5007 0.2970 0.1786 0.1384 0.2349 0.4863 0.4412 0.2488 0.1593 0.1413 0.3386 0.5096 0.3726 0.2133 0.1467 0.1549 0.4182 0.5080 0.3130 0.1860 0.1393 0.2020 0.4725 0.4654 0.2645 0.1655 0.1392 0.3017 0.5035 0.3979 0.2257 0.1509 0.1480 0.3912 0.5122 0.3343 0.1955 0.1507
0.2022 0.3405 0.5125 0.3830 0.1465 0.1521 0.2293 0.4051 0.5012 0.2909 0.1388 0.1673 0.2691 0.4718 0.4679 0.1936 0.1397 0.1884 0.3187 0.5097 0.4111 0.1526 0.1477 0.2166 0.3795 0.5082 0.3287 0.1406 0.1609 0.2529 0.4477 0.4830 0.2261 0.1385 0.1803 0.3007 0.5027 0.4310 0.1593 0.1451 0.2094 0.3664 0.5103 0.3410 0.1410 0.1596 0.2559 0.4532 0.4800 0.2332 0.1399 0.2374 0.4785 0.4559 0.2531 0.1608 0.1407 0.3333 0.5098 0.3667 0.2094 0.1451 0.1593 0.4310 0.5027 0.3007 0.1803 0.1385 0.2261 0.4830 0.4477 0.2529 0.1609 0.1406 0.3287 0.5082 0.3795 0.2166 0.1477 0.1526 0.4111 0.5097 0.3187 0.1884 0.1397 0.1936 0.4679 0.4718 0.2691 0.1673 0.1388 0.2909 0.5012 0.4051 0.2293 0.1521 0.1465 0.3830 0.5125 0.3405 0.2022
0.3413 0.5124 0.3769 0.1454 0.1529 0.2318 0.4102 0.4992 0.2831 0.1385 0.1684 0.2723 0.4760 0.4644 0.1881 0.1399 0.1901 0.3228 0.5104 0.4058 0.1511 0.1483 0.2188 0.3844 0.5068 0.3214 0.1400 0.1619 0.2558 0.4525 0.4803 0.2196 0.1385 0.1813 0.3034 0.5038 0.4283 0.1581 0.1453 0.2099 0.3677 0.5099 0.3403 0.1409 0.1583 0.2507 0.4515 0.4796 0.2156 0.1372 0.1540 0.1371 0.2124 0.4767 0.4503 0.2525 0.1604 0.1403 0.3421 0.5098 0.3677 0.2100 0.1453 0.1581 0.4283 0.5038 0.3034 0.1813 0.1385 0.2196 0.4803 0.4525 0.2558 0.1619 0.1400 0.3214 0.5068 0.3844 0.2188 0.1483 0.1511 0.4058 0.5104 0.3228 0.1901 0.1399 0.1881 0.4644 0.4760 0.2723 0.1684 0.1385 0.2831 0.4992 0.4102 0.2318 0.1529 0.1454 0.3769 0.5124 0.3413
0.5094 0.3834 0.1455 0.1507 0.2280 0.4057 0.4995 0.2912 0.1377 0.1658 0.2683 0.4719 0.4666 0.1933 0.1386 0.1869 0.3188 0.5085 0.4110 0.1517 0.1464 0.2151 0.3801 0.5065 0.3290 0.1395 0.1594 0.2518 0.4480 0.4816 0.2271 0.1374 0.1782 0.2988 0.5007 0.4336 0.1603 0.1433 0.2054 0.3609 0.5097 0.3518 0.1412 0.1560 0.2426 0.4446 0.4851 0.2286 0.1373 0.1732 0.2340 0.1730 0.1373 0.2237 0.4839 0.4438 0.2471 0.1566 0.1410 0.3518 0.5097 0.3609 0.2054 0.1433 0.1603 0.4336 0.5007 0.2988 0.1782 0.1374 0.2271 0.4816 0.4480 0.2518 0.1594 0.1395 0.3290 0.5065 0.3801 0.2151 0.1464 0.1517 0.4110 0.5085 0.3188 0.1869 0.1386 0.1933 0.4666 0.4719 0.2683 0.1658 0.1377 0.2912 0.4995 0.4057 0.2280 0.1507 0.1455 0.3834 0.5094
0.4590 0.1810 0.1385 0.1890 0.3270 0.5098 0.3991 0.1464 0.1469 0.2184 0.3913 0.5026 0.3140 0.1366 0.1604 0.2567 0.4600 0.4743 0.2125 0.1368 0.1798 0.3055 0.5048 0.4244 0.1547 0.1431 0.2063 0.3657 0.5081 0.3494 0.1388 0.1546 0.2412 0.4350 0.4870 0.2485 0.1360 0.1726 0.2885 0.4962 0.4408 0.1631 0.1412 0.2008 0.3598 0.5087 0.3563 0.1389 0.1544 0.2344 0.3403 0.2335 0.1542 0.1388 0.3561 0.5090 0.3565 0.2005 0.1414 0.1630 0.4408 0.4962 0.2885 0.1726 0.1360 0.2485 0.4870 0.4350 0.2412 0.1546 0.1388 0.3494 0.5081 0.3657 0.2063 0.1431 0.1547 0.4244 0.5048 0.3055 0.1798 0.1368 0.2125 0.4743 0.4600 0.2567 0.1604 0.1366 0.3140 0.5026 0.3913 0.2184 0.1469 0.1464 0.3991 0.5098 0.3270 0.1890 0.1385 0.1810 0.4590
0.5094 0.3834 0.1455 0.1507 0.2280 0.4057 0.4995 0.2912 0.1377 0.1658 0.2683 0.4719 0.4666 0.1933 0.1386 0.1869 0.3188 0.5085 0.4110 0.1517 0.1464 0.2151 0.3801 0.5065 0.3290 0.1395 0.1594 0.2518 0.4480 0.4816 0.2271 0.1374 0.1782 0.2988 0.5007 0.4336 0.1603 0.1433 0.2054 0.3609 0.5097 0.3518 0.1412 0.1575 0.2476 0.4459 0.4812 0.2238 0.1372 0.1764 0.2360 0.1745 0.1372 0.2263 0.4815 0.4436 0.2450 0.1566 0.1415 0.3516 0.5097 0.3609 0.2054 0.1433 0.1603 0.4336 0.5007 0.2988 0.1782 0.1374 0.2271 0.4816 0.4480 0.2518 0.1594 0.1395 0.3290 0.5065 0.3801 0.2151 0.1464 0.1517 0.4110 0.5085 0.3188 0.1869 0.1386 0.1933 0.4666 0.4719 0.2683 0.1658 0.1377 0.2912 0.4995 0.4057 0.2280 0.1507 0.1455 0.3834 0.5094
0.3413 0.5124 0.3769 0.1454 0.1529 0.2318 0.4102 0.4992 0.2831 0.1385 0.1684 0.2723 0.4760 0.4644 0.1881 0.1399 0.1901 0.3228 0.5104 0.4058 0.1511 0.1483 0.2188 0.3844 0.5068 0.3214 0.1400 0.1619 0.2558 0.4525 0.4803 0.2196 0.1385 0.1813 0.3034 0.5038 0.4283 0.1581 0.1453 0.2099 0.3677 0.5099 0.3396 0.1403 0.1605 0.2555 0.4497 0.4796 0.2120 0.1374 0.1550 0.1372 0.2142 0.4810 0.4516 0.2560 0.1608 0.1407 0.3367 0.5099 0.3677 0.2099 0.1453 0.1581 0.4283 0.5038 0.3034 0.1813 0.1385 0.2196 0.4803 0.4525 0.2558 0.1619 0.1400 0.3214 0.5068 0.3844 0.2188 0.1483 0.1511 0.4058 0.5104 0.3228 0.1901 0.1399 0.1881 0.4644 0.4760 0.2723 0.1684 0.1385 0.2831 0.4992 0.4102 0.2318 0.1529 0.1454 0.3769 0.5124 0.3413
0.2022 0.3405 0.5125 0.3830 0.1465 0.1521 0.2293 0.4051 0.5012 0.2909 0.1388 0.1673 0.2691 0.4718 0.4679 0.1936 0.1397 0.1884 0.3187 0.5097 0.4111 0.1526 0.1477 0.2166 0.3795 0.5082 0.3287 0.1406 0.1609 0.2529 0.4477 0.4830 0.2261 0.1385 0.1803 0.3007 0.5027 0.4310 0.1593 0.1451 0.2094 0.3664 0.5103 0.3358 0.1410 0.1621 0.2566 0.4531 0.4784 0.2278 0.1392 0.2261 0.4785 0.4525 0.2543 0.1612 0.1410 0.3372 0.5104 0.3669 0.2094 0.1451 0.1593 0.4310 0.5027 0.3007 0.1803 0.1385 0.2261 0.4830 0.4477 0.2529 0.1609 0.1406 0.3287 0.5082 0.3795 0.2166 0.1477 0.1526 0.4111 0.5097 0.3187 0.1884 0.1397 0.1936 0.4679 0.4718 0.2691 0.1673 0.1388 0.2909 0.5012 0.4051 0.2293 0.1521 0.1465 0.3830 0.5125 0.3405 0.2022
0.1507 0.1955 0.3343 0.5122 0.3912 0.1480 0.1509 0.2257 0.3979 0.5035 0.3017 0.1392 0.1655 0.2645 0.4654 0.4725 0.2020 0.1393 0.1860 0.3130 0.5080 0.4182 0.1549 0.1467 0.2133 0.3726 0.5096 0.3386 0.1413 0.1593 0.2488 0.4412 0.4863 0.2349 0.1384 0.1786 0.2970 0.5007 0.4347 0.1609 0.1447 0.2082 0.3645 0.5100 0.3439 0.1411 0.1609 0.2530 0.4524 0.4835 0.3545 0.4827 0.4537 0.2547 0.1600 0.1411 0.3376 0.5105 0.3635 0.2083 0.1447 0.1609 0.4347 0.5007 0.2970 0.1786 0.1384 0.2349 0.4863 0.4412 0.2488 0.1593 0.1413 0.3386 0.5096 0.3726 0.2133 0.1467 0.1549 0.4182 0.5080 0.3130 0.1860 0.1393 0.2020 0.4725 0.4654 0.2645 0.1655 0.1392 0.3017 0.5035 0.3979 0.2257 0.1509 0.1480 0.3912 0.5122 0.3343 0.1955 0.1507
0.1920 0.1407 0.1926 0.3278 0.5115 0.3995 0.1497 0.1496 0.2220 0.3904 0.5057 0.3129 0.1397 0.1636 0.2597 0.4584 0.4771 0.2117 0.1389 0.1834 0.3070 0.5056 0.4255 0.1576 0.1456 0.2099 0.3654 0.5108 0.3487 0.1422 0.1578 0.2450 0.4347 0.4893 0.2436 0.1384 0.1770 0.2935 0.4985 0.4381 0.1624 0.1444 0.2072 0.3633 0.5110 0.3393 0.1410 0.1600 0.2540 0.4397 0.5088 0.4470 0.2550 0.1608 0.1410 0.3393 0.5111 0.3649 0.2081 0.1445 0.1624 0.4381 0.4985 0.2935 0.1770 0.1384 0.2436 0.4893 0.4347 0.2450 0.1578 0.1422 0.3487 0.5108 0.3654 0.2099 0.1456 0.1576 0.4255 0.5056 0.3070 0.1834 0.1389 0.2117 0.4771 0.4584 0.2597 0.1636 0.1397 0.3129 0.5057 0.3904 0.2220 0.1496 0.1497 0.3995 0.5115 0.3278 0.1926 0.1407 0.1920
