-0.2445 -0.3382 -0.3388 0.1073 0.2358 -0.2047 -0.3007 -0.3608 -0.0695 0.2111 -0.1076 -0.2562 -0.3347 -0.3502 0.0938 0.2589 -0.1963 -0.2957 -0.3586 -0.1150 0.1974 -0.0854 -0.2507 -0.3306 -0.3581 0.0798 0.2693 -0.1876 -0.2906 -0.3562 -0.1645 0.1840 -0.0560 -0.2450 -0.3263 -0.3630 0.0649 0.2705 -0.1783 -0.2853 -0.3534 -0.2133 0.1702 -0.0135 -0.2391 -0.3217 -0.3656 0.0470 0.2629 -0.1552 -0.2381 -0.1552 0.2629 0.0470 -0.3656 -0.3217 -0.2391 -0.0135 0.1702 -0.2133 -0.3534 -0.2853 -0.1783 0.2705 0.0649 -0.3630 -0.3263 -0.2450 -0.0560 0.1840 -0.1645 -0.3562 -0.2906 -0.1876 0.2693 0.0798 -0.3581 -0.3306 -0.2507 -0.0854 0.1974 -0.1150 -0.3586 -0.2957 -0.1963 0.2589 0.0938 -0.3502 -0.3347 -0.2562 -0.1076 0.2111 -0.0695 -0.3608 -0.3007 -0.2047 0.2358 0.1073 -0.3388 -0.3382 -0.2445
-0.3382 -0.3453 0.1073 0.2514 -0.2128 -0.3151 -0.3726 -0.0743 0.2078 -0.1019 -0.2713 -0.3483 -0.3599 0.0924 0.2698 -0.2027 -0.3101 -0.3708 -0.1219 0.1944 -0.0760 -0.2659 -0.3443 -0.3681 0.0785 0.2754 -0.1927 -0.3051 -0.3686 -0.1728 0.1813 -0.0411 -0.2605 -0.3402 -0.3732 0.0637 0.2730 -0.1821 -0.2999 -0.3661 -0.2221 0.1672 0.0096 -0.2545 -0.3357 -0.3760 0.0465 0.2644 -0.1676 -0.2892 -0.3406 -0.2892 -0.1676 0.2644 0.0465 -0.3760 -0.3357 -0.2545 0.0096 0.1672 -0.2221 -0.3661 -0.2999 -0.1821 0.2730 0.0637 -0.3732 -0.3402 -0.2605 -0.0411 0.1813 -0.1728 -0.3686 -0.3051 -0.1927 0.2754 0.0785 -0.3681 -0.3443 -0.2659 -0.0760 0.1944 -0.1219 -0.3708 -0.3101 -0.2027 0.2698 0.0924 -0.3599 -0.3483 -0.2713 -0.1019 0.2078 -0.0743 -0.3726 -0.3151 -0.2128 0.2514 0.1073 -0.3453 -0.3382
-0.3388 0.1073 0.2552 -0.2102 -0.3134 -0.3719 -0.0921 0.2021 -0.0918 -0.2690 -0.3466 -0.3639 0.0864 0.2734 -0.1984 -0.3079 -0.3698 -0.1441 0.1885 -0.0621 -0.2636 -0.3425 -0.3706 0.0721 0.2752 -0.1881 -0.3028 -0.3676 -0.1946 0.1755 -0.0217 -0.2581 -0.3383 -0.3746 0.0568 0.2702 -0.1773 -0.2977 -0.3650 -0.2411 0.1604 0.0363 -0.2508 -0.3337 -0.3766 0.0388 0.2603 -0.1646 -0.2912 -0.3637 -0.3873 -0.3637 -0.2912 -0.1646 0.2603 0.0388 -0.3766 -0.3337 -0.2508 0.0363 0.1604 -0.2411 -0.3650 -0.2977 -0.1773 0.2702 0.0568 -0.3746 -0.3383 -0.2581 -0.0217 0.1755 -0.1946 -0.3676 -0.3028 -0.1881 0.2752 0.0721 -0.3706 -0.3425 -0.2636 -0.0621 0.1885 -0.1441 -0.3698 -0.3079 -0.1984 0.2734 0.0864 -0.3639 -0.3466 -0.2690 -0.0918 0.2021 -0.0921 -0.3719 -0.3134 -0.2102 0.2552 0.1073 -0.3388
0.1073 0.2514 -0.2102 -0.3128 -0.3714 -0.1059 0.1976 -0.0819 -0.2669 -0.3449 -0.3671 0.0803 0.2752 -0.1939 -0.3057 -0.3689 -0.1665 0.1828 -0.0461 -0.2612 -0.3407 -0.3727 0.0656 0.2737 -0.1835 -0.3006 -0.3665 -0.2154 0.1693 0.0008 -0.2557 -0.3364 -0.3757 0.0496 0.2666 -0.1723 -0.2954 -0.3638 -0.2585 0.1541 0.0657 -0.2466 -0.3318 -0.3768 0.0305 0.2554 -0.1597 -0.2898 -0.3608 -0.3217 0.0328 -0.3217 -0.3608 -0.2898 -0.1597 0.2554 0.0305 -0.3768 -0.3318 -0.2466 0.0657 0.1541 -0.2585 -0.3638 -0.2954 -0.1723 0.2666 0.0496 -0.3757 -0.3364 -0.2557 0.0008 0.1693 -0.2154 -0.3665 -0.3006 -0.1835 0.2737 0.0656 -0.3727 -0.3407 -0.2612 -0.0461 0.1828 -0.1665 -0.3689 -0.3057 -0.1939 0.2752 0.0803 -0.3671 -0.3449 -0.2669 -0.0819 0.1976 -0.1059 -0.3714 -0.3128 -0.2102 0.2514 0.1073
0.2358 -0.2128 -0.3134 -0.3714 -0.1113 0.1950 -0.0741 -0.2651 -0.3434 -0.3696 0.0745 0.2754 -0.1895 -0.3035 -0.3678 -0.1884 0.1771 -0.0275 -0.2588 -0.3388 -0.3743 0.0588 0.2711 -0.1788 -0.2984 -0.3653 -0.2348 0.1627 0.0267 -0.2524 -0.3344 -0.3764 0.0420 0.2623 -0.1673 -0.2932 -0.3625 -0.2744 0.1479 0.0965 -0.2424 -0.3298 -0.3768 0.0216 0.2500 -0.1541 -0.2877 -0.3593 -0.3123 0.1164 0.2445 0.1164 -0.3123 -0.3593 -0.2877 -0.1541 0.2500 0.0216 -0.3768 -0.3298 -0.2424 0.0965 0.1479 -0.2744 -0.3625 -0.2932 -0.1673 0.2623 0.0420 -0.3764 -0.3344 -0.2524 0.0267 0.1627 -0.2348 -0.3653 -0.2984 -0.1788 0.2711 0.0588 -0.3743 -0.3388 -0.2588 -0.0275 0.1771 -0.1884 -0.3678 -0.3035 -0.1895 0.2754 0.0745 -0.3696 -0.3434 -0.2651 -0.0741 0.1950 -0.1113 -0.3714 -0.3134 -0.2128 0.2358
-0.2047 -0.3151 -0.3719 -0.1059 0.1950 -0.0711 -0.2642 -0.3424 -0.3712 0.0695 0.2746 -0.1854 -0.3014 -0.3668 -0.2092 0.1711 -0.0060 -0.2564 -0.3369 -0.3754 0.0517 0.2677 -0.1739 -0.2961 -0.3641 -0.2528 0.1562 0.0554 -0.2481 -0.3325 -0.3768 0.0339 0.2575 -0.1620 -0.2909 -0.3612 -0.2887 0.1418 0.1271 -0.2382 -0.3278 -0.3765 0.0119 0.2443 -0.1483 -0.2854 -0.3579 -0.3186 0.1238 0.2415 -0.1508 0.2415 0.1238 -0.3186 -0.3579 -0.2854 -0.1483 0.2443 0.0119 -0.3765 -0.3278 -0.2382 0.1271 0.1418 -0.2887 -0.3612 -0.2909 -0.1620 0.2575 0.0339 -0.3768 -0.3325 -0.2481 0.0554 0.1562 -0.2528 -0.3641 -0.2961 -0.1739 0.2677 0.0517 -0.3754 -0.3369 -0.2564 -0.0060 0.1711 -0.2092 -0.3668 -0.3014 -0.1854 0.2746 0.0695 -0.3712 -0.3424 -0.2642 -0.0711 0.1950 -0.1059 -0.3719 -0.3151 -0.2047
-0.3007 -0.3726 -0.0921 0.1976 -0.0741 -0.2642 -0.3420 -0.3720 0.0661 0.2733 -0.1819 -0.2996 -0.3658 -0.2276 0.1649 0.0182 -0.2534 -0.3350 -0.3762 0.0442 0.2636 -0.1688 -0.2939 -0.3629 -0.2693 0.1500 0.0859 -0.2439 -0.3305 -0.3768 0.0252 0.2522 -0.1565 -0.2886 -0.3598 -0.3015 0.1358 0.1558 -0.2341 -0.3258 -0.3760 0.0013 0.2384 -0.1421 -0.2831 -0.3564 -0.3273 0.1209 0.2227 -0.2138 -0.2831 -0.2138 0.2227 0.1209 -0.3273 -0.3564 -0.2831 -0.1421 0.2384 0.0013 -0.3760 -0.3258 -0.2341 0.1558 0.1358 -0.3015 -0.3598 -0.2886 -0.1565 0.2522 0.0252 -0.3768 -0.3305 -0.2439 0.0859 0.1500 -0.2693 -0.3629 -0.2939 -0.1688 0.2636 0.0442 -0.3762 -0.3350 -0.2534 0.0182 0.1649 -0.2276 -0.3658 -0.2996 -0.1819 0.2733 0.0661 -0.3720 -0.3420 -0.2642 -0.0741 0.1976 -0.0921 -0.3726 -0.3007
-0.3608 -0.0743 0.2021 -0.0819 -0.2651 -0.3424 -0.3720 0.0648 0.2725 -0.1796 -0.2982 -0.3650 -0.2424 0.1594 0.0433 -0.2496 -0.3331 -0.3767 0.0363 0.2589 -0.1636 -0.2916 -0.3616 -0.2842 0.1439 0.1168 -0.2397 -0.3285 -0.3766 0.0157 0.2466 -0.1507 -0.2864 -0.3584 -0.3130 0.1300 0.1817 -0.2299 -0.3237 -0.3754 -0.0105 0.2324 -0.1354 -0.2809 -0.3549 -0.3356 0.1158 0.2320 -0.2178 -0.3149 -0.3632 -0.3149 -0.2178 0.2320 0.1158 -0.3356 -0.3549 -0.2809 -0.1354 0.2324 -0.0105 -0.3754 -0.3237 -0.2299 0.1817 0.1300 -0.3130 -0.3584 -0.2864 -0.1507 0.2466 0.0157 -0.3766 -0.3285 -0.2397 0.1168 0.1439 -0.2842 -0.3616 -0.2916 -0.1636 0.2589 0.0363 -0.3767 -0.3331 -0.2496 0.0433 0.1594 -0.2424 -0.3650 -0.2982 -0.1796 0.2725 0.0648 -0.3720 -0.3424 -0.2651 -0.0819 0.2021 -0.0743 -0.3608
-0.0695 0.2078 -0.0918 -0.2669 -0.3434 -0.3712 0.0661 0.2725 -0.1787 -0.2974 -0.3644 -0.2528 0.1550 0.0662 -0.2461 -0.3314 -0.3768 0.0281 0.2538 -0.1582 -0.2894 -0.3603 -0.2976 0.1378 0.1462 -0.2355 -0.3265 -0.3762 0.0054 0.2408 -0.1446 -0.2841 -0.3570 -0.3231 0.1242 0.2042 -0.2257 -0.3217 -0.3748 -0.0235 0.2264 -0.1283 -0.2786 -0.3533 -0.3429 0.1101 0.2447 -0.2151 -0.3158 -0.3773 -0.3468 -0.3773 -0.3158 -0.2151 0.2447 0.1101 -0.3429 -0.3533 -0.2786 -0.1283 0.2264 -0.0235 -0.3748 -0.3217 -0.2257 0.2042 0.1242 -0.3231 -0.3570 -0.2841 -0.1446 0.2408 0.0054 -0.3762 -0.3265 -0.2355 0.1462 0.1378 -0.2976 -0.3603 -0.2894 -0.1582 0.2538 0.0281 -0.3768 -0.3314 -0.2461 0.0662 0.1550 -0.2528 -0.3644 -0.2974 -0.1787 0.2725 0.0661 -0.3712 -0.3434 -0.2669 -0.0918 0.2078 -0.0695
0.2111 -0.1019 -0.2690 -0.3449 -0.3696 0.0695 0.2733 -0.1796 -0.2974 -0.3642 -0.2581 0.1523 0.0833 -0.2433 -0.3299 -0.3768 0.0201 0.2488 -0.1528 -0.2871 -0.3589 -0.3095 0.1319 0.1732 -0.2313 -0.3244 -0.3756 -0.0059 0.2348 -0.1382 -0.2818 -0.3555 -0.3321 0.1184 0.2231 -0.2216 -0.3196 -0.3742 -0.0381 0.2204 -0.1206 -0.2762 -0.3517 -0.3493 0.1044 0.2555 -0.2113 -0.3142 -0.3727 -0.1322 0.1026 -0.1322 -0.3727 -0.3142 -0.2113 0.2555 0.1044 -0.3493 -0.3517 -0.2762 -0.1206 0.2204 -0.0381 -0.3742 -0.3196 -0.2216 0.2231 0.1184 -0.3321 -0.3555 -0.2818 -0.1382 0.2348 -0.0059 -0.3756 -0.3244 -0.2313 0.1732 0.1319 -0.3095 -0.3589 -0.2871 -0.1528 0.2488 0.0201 -0.3768 -0.3299 -0.2433 0.0833 0.1523 -0.2581 -0.3642 -0.2974 -0.1796 0.2733 0.0695 -0.3696 -0.3449 -0.2690 -0.1019 0.2111
-0.1076 -0.2713 -0.3466 -0.3671 0.0745 0.2746 -0.1819 -0.2982 -0.3644 -0.2581 0.1513 0.0925 -0.2415 -0.3288 -0.3766 0.0131 0.2443 -0.1477 -0.2851 -0.3575 -0.3197 0.1261 0.1968 -0.2272 -0.3224 -0.3750 -0.0184 0.2287 -0.1312 -0.2795 -0.3540 -0.3399 0.1126 0.2386 -0.2174 -0.3175 -0.3735 -0.0542 0.2144 -0.1122 -0.2739 -0.3501 -0.3548 0.0986 0.2637 -0.2071 -0.3122 -0.3717 -0.1117 0.1799 0.2643 0.1799 -0.1117 -0.3717 -0.3122 -0.2071 0.2637 0.0986 -0.3548 -0.3501 -0.2739 -0.1122 0.2144 -0.0542 -0.3735 -0.3175 -0.2174 0.2386 0.1126 -0.3399 -0.3540 -0.2795 -0.1312 0.2287 -0.0184 -0.3750 -0.3224 -0.2272 0.1968 0.1261 -0.3197 -0.3575 -0.2851 -0.1477 0.2443 0.0131 -0.3766 -0.3288 -0.2415 0.0925 0.1513 -0.2581 -0.3644 -0.2982 -0.1819 0.2746 0.0745 -0.3671 -0.3466 -0.2713 -0.1076
-0.2562 -0.3483 -0.3639 0.0803 0.2754 -0.1854 -0.2996 -0.3650 -0.2528 0.1523 0.0925 -0.2409 -0.3282 -0.3764 0.0077 0.2406 -0.1433 -0.2833 -0.3563 -0.3281 0.1208 0.2163 -0.2231 -0.3203 -0.3744 -0.0324 0.2227 -0.1238 -0.2772 -0.3524 -0.3468 0.1069 0.2509 -0.2132 -0.3153 -0.3727 -0.0721 0.2084 -0.1030 -0.2716 -0.3485 -0.3596 0.0927 0.2696 -0.2028 -0.3101 -0.3708 -0.1246 0.1910 -0.0325 -0.2106 -0.0325 0.1910 -0.1246 -0.3708 -0.3101 -0.2028 0.2696 0.0927 -0.3596 -0.3485 -0.2716 -0.1030 0.2084 -0.0721 -0.3727 -0.3153 -0.2132 0.2509 0.1069 -0.3468 -0.3524 -0.2772 -0.1238 0.2227 -0.0324 -0.3744 -0.3203 -0.2231 0.2163 0.1208 -0.3281 -0.3563 -0.2833 -0.1433 0.2406 0.0077 -0.3764 -0.3282 -0.2409 0.0925 0.1523 -0.2528 -0.3650 -0.2996 -0.1854 0.2754 0.0803 -0.3639 -0.3483 -0.2562
-0.3347 -0.3599 0.0864 0.2752 -0.1895 -0.3014 -0.3658 -0.2424 0.1550 0.0833 -0.2415 -0.3282 -0.3764 0.0048 0.2383 -0.1400 -0.2819 -0.3552 -0.3346 0.1160 0.2312 -0.2192 -0.3183 -0.3737 -0.0479 0.2167 -0.1156 -0.2749 -0.3508 -0.3527 0.1011 0.2604 -0.2090 -0.3132 -0.3720 -0.0916 0.2026 -0.0928 -0.2692 -0.3467 -0.3636 0.0868 0.2733 -0.1985 -0.3079 -0.3698 -0.1448 0.1877 -0.0533 -0.2569 -0.3096 -0.2569 -0.0533 0.1877 -0.1448 -0.3698 -0.3079 -0.1985 0.2733 0.0868 -0.3636 -0.3467 -0.2692 -0.0928 0.2026 -0.0916 -0.3720 -0.3132 -0.2090 0.2604 0.1011 -0.3527 -0.3508 -0.2749 -0.1156 0.2167 -0.0479 -0.3737 -0.3183 -0.2192 0.2312 0.1160 -0.3346 -0.3552 -0.2819 -0.1400 0.2383 0.0048 -0.3764 -0.3282 -0.2415 0.0833 0.1550 -0.2424 -0.3658 -0.3014 -0.1895 0.2752 0.0864 -0.3599 -0.3347
-0.3502 0.0924 0.2734 -0.1939 -0.3035 -0.3668 -0.2276 0.1594 0.0662 -0.2433 -0.3288 -0.3764 0.0048 0.2375 -0.1382 -0.2810 -0.3545 -0.3392 0.1121 0.2420 -0.2158 -0.3165 -0.3731 -0.0642 0.2109 -0.1069 -0.2725 -0.3491 -0.3577 0.0952 0.2673 -0.2047 -0.3110 -0.3711 -0.1125 0.1967 -0.0813 -0.2669 -0.3450 -0.3669 0.0807 0.2751 -0.1942 -0.3057 -0.3689 -0.1667 0.1825 -0.0436 -0.2598 -0.3389 -0.3808 -0.3389 -0.2598 -0.0436 0.1825 -0.1667 -0.3689 -0.3057 -0.1942 0.2751 0.0807 -0.3669 -0.3450 -0.2669 -0.0813 0.1967 -0.1125 -0.3711 -0.3110 -0.2047 0.2673 0.0952 -0.3577 -0.3491 -0.2725 -0.1069 0.2109 -0.0642 -0.3731 -0.3165 -0.2158 0.2420 0.1121 -0.3392 -0.3545 -0.2810 -0.1382 0.2375 0.0048 -0.3764 -0.3288 -0.2433 0.0662 0.1594 -0.2276 -0.3668 -0.3035 -0.1939 0.2734 0.0924 -0.3502
0.0938 0.2698 -0.1984 -0.3057 -0.3678 -0.2092 0.1649 0.0433 -0.2461 -0.3299 -0.3766 0.0077 0.2383 -0.1382 -0.2807 -0.3541 -0.3418 0.1094 0.2491 -0.2131 -0.3149 -0.3725 -0.0801 0.2056 -0.0978 -0.2703 -0.3475 -0.3620 0.0893 0.2719 -0.2004 -0.3089 -0.3702 -0.1342 0.1909 -0.0682 -0.2645 -0.3432 -0.3697 0.0745 0.2754 -0.1897 -0.3035 -0.3679 -0.1885 0.1770 -0.0265 -0.2584 -0.3383 -0.3789 -0.1810 -0.3789 -0.3383 -0.2584 -0.0265 0.1770 -0.1885 -0.3679 -0.3035 -0.1897 0.2754 0.0745 -0.3697 -0.3432 -0.2645 -0.0682 0.1909 -0.1342 -0.3702 -0.3089 -0.2004 0.2719 0.0893 -0.3620 -0.3475 -0.2703 -0.0978 0.2056 -0.0801 -0.3725 -0.3149 -0.2131 0.2491 0.1094 -0.3418 -0.3541 -0.2807 -0.1382 0.2383 0.0077 -0.3766 -0.3299 -0.2461 0.0433 0.1649 -0.2092 -0.3678 -0.3057 -0.1984 0.2698 0.0938
0.2589 -0.2027 -0.3079 -0.3689 -0.1884 0.1711 0.0182 -0.2496 -0.3314 -0.3768 0.0131 0.2406 -0.1400 -0.2810 -0.3541 -0.3427 0.1079 0.2530 -0.2111 -0.3137 -0.3719 -0.0944 0.2010 -0.0887 -0.2682 -0.3459 -0.3654 0.0834 0.2745 -0.1961 -0.3067 -0.3693 -0.1564 0.1852 -0.0532 -0.2622 -0.3414 -0.3719 0.0681 0.2744 -0.1851 -0.3014 -0.3668 -0.2094 0.1710 -0.0052 -0.2562 -0.3367 -0.3758 0.0310 0.1647 0.0310 -0.3758 -0.3367 -0.2562 -0.0052 0.1710 -0.2094 -0.3668 -0.3014 -0.1851 0.2744 0.0681 -0.3719 -0.3414 -0.2622 -0.0532 0.1852 -0.1564 -0.3693 -0.3067 -0.1961 0.2745 0.0834 -0.3654 -0.3459 -0.2682 -0.0887 0.2010 -0.0944 -0.3719 -0.3137 -0.2111 0.2530 0.1079 -0.3427 -0.3541 -0.2810 -0.1400 0.2406 0.0131 -0.3768 -0.3314 -0.2496 0.0182 0.1711 -0.1884 -0.3689 -0.3079 -0.2027 0.2589
-0.1963 -0.3101 -0.3698 -0.1665 0.1771 -0.0060 -0.2534 -0.3331 -0.3768 0.0201 0.2443 -0.1433 -0.2819 -0.3545 -0.3418 0.1079 0.2543 -0.2100 -0.3129 -0.3715 -0.1058 0.1973 -0.0803 -0.2664 -0.3444 -0.3681 0.0778 0.2754 -0.1918 -0.3046 -0.3683 -0.1785 0.1796 -0.0359 -0.2598 -0.3396 -0.3737 0.0615 0.2722 -0.1805 -0.2991 -0.3657 -0.2291 0.1645 0.0194 -0.2532 -0.3349 -0.3763 0.0394 0.2489 0.0297 0.2489 0.0394 -0.3763 -0.3349 -0.2532 0.0194 0.1645 -0.2291 -0.3657 -0.2991 -0.1805 0.2722 0.0615 -0.3737 -0.3396 -0.2598 -0.0359 0.1796 -0.1785 -0.3683 -0.3046 -0.1918 0.2754 0.0778 -0.3681 -0.3444 -0.2664 -0.0803 0.1973 -0.1058 -0.3715 -0.3129 -0.2100 0.2543 0.1079 -0.3418 -0.3545 -0.2819 -0.1433 0.2443 0.0201 -0.3768 -0.3331 -0.2534 -0.0060 0.1771 -0.1665 -0.3698 -0.3101 -0.1963
-0.2957 -0.3708 -0.1441 0.1828 -0.0275 -0.2564 -0.3350 -0.3767 0.0281 0.2488 -0.1477 -0.2833 -0.3552 -0.3392 0.1094 0.2530 -0.2100 -0.3127 -0.3713 -0.1131 0.1947 -0.0733 -0.2649 -0.3431 -0.3701 0.0727 0.2752 -0.1877 -0.3025 -0.3673 -0.1994 0.1740 -0.0159 -0.2574 -0.3377 -0.3750 0.0545 0.2691 -0.1757 -0.2969 -0.3645 -0.2475 0.1581 0.0472 -0.2492 -0.3330 -0.3767 0.0347 0.2559 -0.1482 -0.2489 -0.1482 0.2559 0.0347 -0.3767 -0.3330 -0.2492 0.0472 0.1581 -0.2475 -0.3645 -0.2969 -0.1757 0.2691 0.0545 -0.3750 -0.3377 -0.2574 -0.0159 0.1740 -0.1994 -0.3673 -0.3025 -0.1877 0.2752 0.0727 -0.3701 -0.3431 -0.2649 -0.0733 0.1947 -0.1131 -0.3713 -0.3127 -0.2100 0.2530 0.1094 -0.3392 -0.3552 -0.2833 -0.1477 0.2488 0.0281 -0.3767 -0.3350 -0.2564 -0.0275 0.1828 -0.1441 -0.3708 -0.2957
-0.3586 -0.1219 0.1885 -0.0461 -0.2588 -0.3369 -0.3762 0.0363 0.2538 -0.1528 -0.2851 -0.3563 -0.3346 0.1121 0.2491 -0.2111 -0.3129 -0.3713 -0.1158 0.1933 -0.0687 -0.2638 -0.3421 -0.3715 0.0682 0.2741 -0.1840 -0.3006 -0.3664 -0.2183 0.1681 0.0064 -0.2549 -0.3358 -0.3759 0.0473 0.2653 -0.1707 -0.2947 -0.3633 -0.2642 0.1519 0.0772 -0.2450 -0.3310 -0.3768 0.0269 0.2527 -0.1547 -0.2836 -0.3352 -0.2836 -0.1547 0.2527 0.0269 -0.3768 -0.3310 -0.2450 0.0772 0.1519 -0.2642 -0.3633 -0.2947 -0.1707 0.2653 0.0473 -0.3759 -0.3358 -0.2549 0.0064 0.1681 -0.2183 -0.3664 -0.3006 -0.1840 0.2741 0.0682 -0.3715 -0.3421 -0.2638 -0.0687 0.1933 -0.1158 -0.3713 -0.3129 -0.2111 0.2491 0.1121 -0.3346 -0.3563 -0.2851 -0.1528 0.2538 0.0363 -0.3762 -0.3369 -0.2588 -0.0461 0.1885 -0.1219 -0.3586
-0.1150 0.1944 -0.0621 -0.2612 -0.3388 -0.3754 0.0442 0.2589 -0.1582 -0.2871 -0.3575 -0.3281 0.1160 0.2420 -0.2131 -0.3137 -0.3715 -0.1131 0.1933 -0.0670 -0.2633 -0.3415 -0.3724 0.0648 0.2729 -0.1808 -0.2990 -0.3654 -0.2346 0.1623 0.0303 -0.2516 -0.3340 -0.3765 0.0398 0.2609 -0.1657 -0.2925 -0.3621 -0.2794 0.1457 0.1077 -0.2408 -0.3290 -0.3767 0.0179 0.2477 -0.1513 -0.2858 -0.3599 -0.3884 -0.3599 -0.2858 -0.1513 0.2477 0.0179 -0.3767 -0.3290 -0.2408 0.1077 0.1457 -0.2794 -0.3621 -0.2925 -0.1657 0.2609 0.0398 -0.3765 -0.3340 -0.2516 0.0303 0.1623 -0.2346 -0.3654 -0.2990 -0.1808 0.2729 0.0648 -0.3724 -0.3415 -0.2633 -0.0670 0.1933 -0.1131 -0.3715 -0.3137 -0.2131 0.2420 0.1160 -0.3281 -0.3575 -0.2871 -0.1582 0.2589 0.0442 -0.3754 -0.3388 -0.2612 -0.0621 0.1944 -0.1150
0.1974 -0.0760 -0.2636 -0.3407 -0.3743 0.0517 0.2636 -0.1636 -0.2894 -0.3589 -0.3197 0.1208 0.2312 -0.2158 -0.3149 -0.3719 -0.1058 0.1947 -0.0687 -0.2633 -0.3413 -0.3728 0.0625 0.2717 -0.1783 -0.2976 -0.3647 -0.2479 0.1572 0.0542 -0.2479 -0.3322 -0.3768 0.0320 0.2561 -0.1605 -0.2903 -0.3608 -0.2930 0.1398 0.1371 -0.2367 -0.3270 -0.3763 0.0079 0.2421 -0.1458 -0.2843 -0.3574 -0.3412 0.0116 -0.3412 -0.3574 -0.2843 -0.1458 0.2421 0.0079 -0.3763 -0.3270 -0.2367 0.1371 0.1398 -0.2930 -0.3608 -0.2903 -0.1605 0.2561 0.0320 -0.3768 -0.3322 -0.2479 0.0542 0.1572 -0.2479 -0.3647 -0.2976 -0.1783 0.2717 0.0625 -0.3728 -0.3413 -0.2633 -0.0687 0.1947 -0.1058 -0.3719 -0.3149 -0.2158 0.2312 0.1208 -0.3197 -0.3589 -0.2894 -0.1636 0.2636 0.0517 -0.3743 -0.3407 -0.2636 -0.0760 0.1974
-0.0854 -0.2659 -0.3425 -0.3727 0.0588 0.2677 -0.1688 -0.2916 -0.3603 -0.3095 0.1261 0.2163 -0.2192 -0.3165 -0.3725 -0.0944 0.1973 -0.0733 -0.2638 -0.3415 -0.3728 0.0618 0.2711 -0.1767 -0.2967 -0.3640 -0.2581 0.1530 0.0762 -0.2446 -0.3306 -0.3768 0.0241 0.2512 -0.1553 -0.2881 -0.3595 -0.3048 0.1341 0.1640 -0.2327 -0.3251 -0.3758 -0.0029 0.2362 -0.1396 -0.2823 -0.3558 -0.3345 0.1034 0.2308 0.1034 -0.3345 -0.3558 -0.2823 -0.1396 0.2362 -0.0029 -0.3758 -0.3251 -0.2327 0.1640 0.1341 -0.3048 -0.3595 -0.2881 -0.1553 0.2512 0.0241 -0.3768 -0.3306 -0.2446 0.0762 0.1530 -0.2581 -0.3640 -0.2967 -0.1767 0.2711 0.0618 -0.3728 -0.3415 -0.2638 -0.0733 0.1973 -0.0944 -0.3725 -0.3165 -0.2192 0.2163 0.1261 -0.3095 -0.3603 -0.2916 -0.1688 0.2677 0.0588 -0.3727 -0.3425 -0.2659 -0.0854
-0.2507 -0.3443 -0.3706 0.0656 0.2711 -0.1739 -0.2939 -0.3616 -0.2976 0.1319 0.1968 -0.2231 -0.3183 -0.3731 -0.0801 0.2010 -0.0803 -0.2649 -0.3421 -0.3724 0.0625 0.2711 -0.1762 -0.2962 -0.3636 -0.2650 0.1498 0.0946 -0.2418 -0.3292 -0.3767 0.0164 0.2464 -0.1500 -0.2860 -0.3582 -0.3154 0.1286 0.1877 -0.2287 -0.3231 -0.3752 -0.0146 0.2304 -0.1330 -0.2800 -0.3543 -0.3391 0.1104 0.2649 -0.1341 0.2649 0.1104 -0.3391 -0.3543 -0.2800 -0.1330 0.2304 -0.0146 -0.3752 -0.3231 -0.2287 0.1877 0.1286 -0.3154 -0.3582 -0.2860 -0.1500 0.2464 0.0164 -0.3767 -0.3292 -0.2418 0.0946 0.1498 -0.2650 -0.3636 -0.2962 -0.1762 0.2711 0.0625 -0.3724 -0.3421 -0.2649 -0.0803 0.2010 -0.0801 -0.3731 -0.3183 -0.2231 0.1968 0.1319 -0.2976 -0.3616 -0.2939 -0.1739 0.2711 0.0656 -0.3706 -0.3443 -0.2507
-0.3306 -0.3681 0.0721 0.2737 -0.1788 -0.2961 -0.3629 -0.2842 0.1378 0.1732 -0.2272 -0.3203 -0.3737 -0.0642 0.2056 -0.0887 -0.2664 -0.3431 -0.3715 0.0648 0.2717 -0.1767 -0.2962 -0.3635 -0.2684 0.1478 0.1075 -0.2397 -0.3280 -0.3765 0.0092 0.2420 -0.1451 -0.2840 -0.3568 -0.3246 0.1231 0.2082 -0.2248 -0.3211 -0.3746 -0.0273 0.2246 -0.1260 -0.2778 -0.3528 -0.3454 0.1074 0.2544 -0.2037 -0.2774 -0.2037 0.2544 0.1074 -0.3454 -0.3528 -0.2778 -0.1260 0.2246 -0.0273 -0.3746 -0.3211 -0.2248 0.2082 0.1231 -0.3246 -0.3568 -0.2840 -0.1451 0.2420 0.0092 -0.3765 -0.3280 -0.2397 0.1075 0.1478 -0.2684 -0.3635 -0.2962 -0.1767 0.2717 0.0648 -0.3715 -0.3431 -0.2664 -0.0887 0.2056 -0.0642 -0.3737 -0.3203 -0.2272 0.1732 0.1378 -0.2842 -0.3629 -0.2961 -0.1788 0.2737 0.0721 -0.3681 -0.3306
-0.3581 0.0785 0.2752 -0.1835 -0.2984 -0.3641 -0.2693 0.1439 0.1462 -0.2313 -0.3224 -0.3744 -0.0479 0.2109 -0.0978 -0.2682 -0.3444 -0.3701 0.0682 0.2729 -0.1783 -0.2967 -0.3636 -0.2684 0.1472 0.1141 -0.2384 -0.3272 -0.3762 0.0031 0.2382 -0.1407 -0.2823 -0.3556 -0.3321 0.1180 0.2250 -0.2209 -0.3192 -0.3740 -0.0415 0.2189 -0.1186 -0.2756 -0.3513 -0.3512 0.1024 0.2595 -0.2079 -0.3095 -0.3587 -0.3095 -0.2079 0.2595 0.1024 -0.3512 -0.3513 -0.2756 -0.1186 0.2189 -0.0415 -0.3740 -0.3192 -0.2209 0.2250 0.1180 -0.3321 -0.3556 -0.2823 -0.1407 0.2382 0.0031 -0.3762 -0.3272 -0.2384 0.1141 0.1472 -0.2684 -0.3636 -0.2967 -0.1783 0.2729 0.0682 -0.3701 -0.3444 -0.2682 -0.0978 0.2109 -0.0479 -0.3744 -0.3224 -0.2313 0.1462 0.1439 -0.2693 -0.3641 -0.2984 -0.1835 0.2752 0.0785 -0.3581
0.0798 0.2754 -0.1881 -0.3006 -0.3653 -0.2528 0.1500 0.1168 -0.2355 -0.3244 -0.3750 -0.0324 0.2167 -0.1069 -0.2703 -0.3459 -0.3681 0.0727 0.2741 -0.1808 -0.2976 -0.3640 -0.2650 0.1478 0.1141 -0.2379 -0.3267 -0.3760 -0.0015 0.2353 -0.1369 -0.2809 -0.3546 -0.3379 0.1135 0.2380 -0.2173 -0.3173 -0.3734 -0.0571 0.2133 -0.1105 -0.2734 -0.3497 -0.3562 0.0969 0.2659 -0.2053 -0.3107 -0.3752 -0.3622 -0.3752 -0.3107 -0.2053 0.2659 0.0969 -0.3562 -0.3497 -0.2734 -0.1105 0.2133 -0.0571 -0.3734 -0.3173 -0.2173 0.2380 0.1135 -0.3379 -0.3546 -0.2809 -0.1369 0.2353 -0.0015 -0.3760 -0.3267 -0.2379 0.1141 0.1478 -0.2650 -0.3640 -0.2976 -0.1808 0.2741 0.0727 -0.3681 -0.3459 -0.2703 -0.1069 0.2167 -0.0324 -0.3750 -0.3244 -0.2355 0.1168 0.1500 -0.2528 -0.3653 -0.3006 -0.1881 0.2754 0.0798
0.2693 -0.1927 -0.3028 -0.3665 -0.2348 0.1562 0.0859 -0.2397 -0.3265 -0.3756 -0.0184 0.2227 -0.1156 -0.2725 -0.3475 -0.3654 0.0778 0.2752 -0.1840 -0.2990 -0.3647 -0.2581 0.1498 0.1075 -0.2384 -0.3267 -0.3760 -0.0040 0.2333 -0.1342 -0.2798 -0.3537 -0.3424 0.1096 0.2474 -0.2140 -0.3155 -0.3727 -0.0734 0.2077 -0.1016 -0.2712 -0.3481 -0.3605 0.0913 0.2707 -0.2015 -0.3093 -0.3708 -0.1831 0.0900 -0.1831 -0.3708 -0.3093 -0.2015 0.2707 0.0913 -0.3605 -0.3481 -0.2712 -0.1016 0.2077 -0.0734 -0.3727 -0.3155 -0.2140 0.2474 0.1096 -0.3424 -0.3537 -0.2798 -0.1342 0.2333 -0.0040 -0.3760 -0.3267 -0.2384 0.1075 0.1498 -0.2581 -0.3647 -0.2990 -0.1840 0.2752 0.0778 -0.3654 -0.3475 -0.2725 -0.1156 0.2227 -0.0184 -0.3756 -0.3265 -0.2397 0.0859 0.1562 -0.2348 -0.3665 -0.3028 -0.1927 0.2693
-0.1876 -0.3051 -0.3676 -0.2154 0.1627 0.0554 -0.2439 -0.3285 -0.3762 -0.0059 0.2287 -0.1238 -0.2749 -0.3491 -0.3620 0.0834 0.2754 -0.1877 -0.3006 -0.3654 -0.2479 0.1530 0.0946 -0.2397 -0.3272 -0.3760 -0.0040 0.2327 -0.1327 -0.2790 -0.3531 -0.3457 0.1064 0.2542 -0.2111 -0.3139 -0.3721 -0.0893 0.2027 -0.0922 -0.2690 -0.3465 -0.3641 0.0857 0.2738 -0.1975 -0.3073 -0.3696 -0.1622 0.1665 0.2722 0.1665 -0.1622 -0.3696 -0.3073 -0.1975 0.2738 0.0857 -0.3641 -0.3465 -0.2690 -0.0922 0.2027 -0.0893 -0.3721 -0.3139 -0.2111 0.2542 0.1064 -0.3457 -0.3531 -0.2790 -0.1327 0.2327 -0.0040 -0.3760 -0.3272 -0.2397 0.0946 0.1530 -0.2479 -0.3654 -0.3006 -0.1877 0.2754 0.0834 -0.3620 -0.3491 -0.2749 -0.1238 0.2287 -0.0059 -0.3762 -0.3285 -0.2439 0.0554 0.1627 -0.2154 -0.3676 -0.3051 -0.1876
-0.2906 -0.3686 -0.1946 0.1693 0.0267 -0.2481 -0.3305 -0.3766 0.0054 0.2348 -0.1312 -0.2772 -0.3508 -0.3577 0.0893 0.2745 -0.1918 -0.3025 -0.3664 -0.2346 0.1572 0.0762 -0.2418 -0.3280 -0.3762 -0.0015 0.2333 -0.1327 -0.2788 -0.3528 -0.3476 0.1041 0.2586 -0.2088 -0.3126 -0.3715 -0.1040 0.1982 -0.0829 -0.2670 -0.3449 -0.3671 0.0801 0.2753 -0.1934 -0.3053 -0.3687 -0.1744 0.1776 0.0197 -0.2012 0.0197 0.1776 -0.1744 -0.3687 -0.3053 -0.1934 0.2753 0.0801 -0.3671 -0.3449 -0.2670 -0.0829 0.1982 -0.1040 -0.3715 -0.3126 -0.2088 0.2586 0.1041 -0.3476 -0.3528 -0.2788 -0.1327 0.2333 -0.0015 -0.3762 -0.3280 -0.2418 0.0762 0.1572 -0.2346 -0.3664 -0.3025 -0.1918 0.2745 0.0893 -0.3577 -0.3508 -0.2772 -0.1312 0.2348 0.0054 -0.3766 -0.3305 -0.2481 0.0267 0.1693 -0.1946 -0.3686 -0.2906
-0.3562 -0.1728 0.1755 0.0008 -0.2524 -0.3325 -0.3768 0.0157 0.2408 -0.1382 -0.2795 -0.3524 -0.3527 0.0952 0.2719 -0.1961 -0.3046 -0.3673 -0.2183 0.1623 0.0542 -0.2446 -0.3292 -0.3765 0.0031 0.2353 -0.1342 -0.2790 -0.3528 -0.3483 0.1029 0.2611 -0.2071 -0.3116 -0.3711 -0.1172 0.1944 -0.0740 -0.2652 -0.3435 -0.3695 0.0746 0.2754 -0.1893 -0.3033 -0.3677 -0.1928 0.1752 -0.0106 -0.2507 -0.3043 -0.2507 -0.0106 0.1752 -0.1928 -0.3677 -0.3033 -0.1893 0.2754 0.0746 -0.3695 -0.3435 -0.2652 -0.0740 0.1944 -0.1172 -0.3711 -0.3116 -0.2071 0.2611 0.1029 -0.3483 -0.3528 -0.2790 -0.1342 0.2353 0.0031 -0.3765 -0.3292 -0.2446 0.0542 0.1623 -0.2183 -0.3673 -0.3046 -0.1961 0.2719 0.0952 -0.3527 -0.3524 -0.2795 -0.1382 0.2408 0.0157 -0.3768 -0.3325 -0.2524 0.0008 0.1755 -0.1728 -0.3562
-0.1645 0.1813 -0.0217 -0.2557 -0.3344 -0.3768 0.0252 0.2466 -0.1446 -0.2818 -0.3540 -0.3468 0.1011 0.2673 -0.2004 -0.3067 -0.3683 -0.1994 0.1681 0.0303 -0.2479 -0.3306 -0.3767 0.0092 0.2382 -0.1369 -0.2798 -0.3531 -0.3476 0.1029 0.2619 -0.2063 -0.3109 -0.3707 -0.1274 0.1912 -0.0658 -0.2636 -0.3422 -0.3713 0.0693 0.2745 -0.1853 -0.3013 -0.3667 -0.2114 0.1700 0.0015 -0.2545 -0.3342 -0.3778 -0.3342 -0.2545 0.0015 0.1700 -0.2114 -0.3667 -0.3013 -0.1853 0.2745 0.0693 -0.3713 -0.3422 -0.2636 -0.0658 0.1912 -0.1274 -0.3707 -0.3109 -0.2063 0.2619 0.1029 -0.3476 -0.3531 -0.2798 -0.1369 0.2382 0.0092 -0.3767 -0.3306 -0.2479 0.0303 0.1681 -0.1994 -0.3683 -0.3067 -0.2004 0.2673 0.1011 -0.3468 -0.3540 -0.2818 -0.1446 0.2466 0.0252 -0.3768 -0.3344 -0.2557 -0.0217 0.1813 -0.1645
0.1840 -0.0411 -0.2581 -0.3364 -0.3764 0.0339 0.2522 -0.1507 -0.2841 -0.3555 -0.3399 0.1069 0.2604 -0.2047 -0.3089 -0.3693 -0.1785 0.1740 0.0064 -0.2516 -0.3322 -0.3768 0.0164 0.2420 -0.1407 -0.2809 -0.3537 -0.3457 0.1041 0.2611 -0.2063 -0.3107 -0.3706 -0.1339 0.1891 -0.0590 -0.2624 -0.3411 -0.3726 0.0647 0.2730 -0.1815 -0.2994 -0.3657 -0.2290 0.1642 0.0225 -0.2525 -0.3341 -0.3802 -0.2273 -0.3802 -0.3341 -0.2525 0.0225 0.1642 -0.2290 -0.3657 -0.2994 -0.1815 0.2730 0.0647 -0.3726 -0.3411 -0.2624 -0.0590 0.1891 -0.1339 -0.3706 -0.3107 -0.2063 0.2611 0.1041 -0.3457 -0.3537 -0.2809 -0.1407 0.2420 0.0164 -0.3768 -0.3322 -0.2516 0.0064 0.1740 -0.1785 -0.3693 -0.3089 -0.2047 0.2604 0.1069 -0.3399 -0.3555 -0.2841 -0.1507 0.2522 0.0339 -0.3764 -0.3364 -0.2581 -0.0411 0.1840
-0.0560 -0.2605 -0.3383 -0.3757 0.0420 0.2575 -0.1565 -0.2864 -0.3570 -0.3321 0.1126 0.2509 -0.2090 -0.3110 -0.3702 -0.1564 0.1796 -0.0159 -0.2549 -0.3340 -0.3768 0.0241 0.2464 -0.1451 -0.2823 -0.3546 -0.3424 0.1064 0.2586 -0.2071 -0.3109 -0.3706 -0.1361 0.1879 -0.0544 -0.2615 -0.3403 -0.3735 0.0608 0.2714 -0.1782 -0.2977 -0.3648 -0.2445 0.1587 0.0464 -0.2490 -0.3327 -0.3767 0.0113 0.1518 0.0113 -0.3767 -0.3327 -0.2490 0.0464 0.1587 -0.2445 -0.3648 -0.2977 -0.1782 0.2714 0.0608 -0.3735 -0.3403 -0.2615 -0.0544 0.1879 -0.1361 -0.3706 -0.3109 -0.2071 0.2586 0.1064 -0.3424 -0.3546 -0.2823 -0.1451 0.2464 0.0241 -0.3768 -0.3340 -0.2549 -0.0159 0.1796 -0.1564 -0.3702 -0.3110 -0.2090 0.2509 0.1126 -0.3321 -0.3570 -0.2864 -0.1565 0.2575 0.0420 -0.3757 -0.3383 -0.2605 -0.0560
-0.2450 -0.3402 -0.3746 0.0496 0.2623 -0.1620 -0.2886 -0.3584 -0.3231 0.1184 0.2386 -0.2132 -0.3132 -0.3711 -0.1342 0.1852 -0.0359 -0.2574 -0.3358 -0.3765 0.0320 0.2512 -0.1500 -0.2840 -0.3556 -0.3379 0.1096 0.2542 -0.2088 -0.3116 -0.3707 -0.1339 0.1879 -0.0527 -0.2610 -0.3398 -0.3740 0.0577 0.2697 -0.1754 -0.2963 -0.3640 -0.2572 0.1538 0.0706 -0.2455 -0.3311 -0.3768 0.0217 0.2353 0.0928 0.2353 0.0217 -0.3768 -0.3311 -0.2455 0.0706 0.1538 -0.2572 -0.3640 -0.2963 -0.1754 0.2697 0.0577 -0.3740 -0.3398 -0.2610 -0.0527 0.1879 -0.1339 -0.3707 -0.3116 -0.2088 0.2542 0.1096 -0.3379 -0.3556 -0.2840 -0.1500 0.2512 0.0320 -0.3765 -0.3358 -0.2574 -0.0359 0.1852 -0.1342 -0.3711 -0.3132 -0.2132 0.2386 0.1184 -0.3231 -0.3584 -0.2886 -0.1620 0.2623 0.0496 -0.3746 -0.3402 -0.2450
-0.3263 -0.3732 0.0568 0.2666 -0.1673 -0.2909 -0.3598 -0.3130 0.1242 0.2231 -0.2174 -0.3153 -0.3720 -0.1125 0.1909 -0.0532 -0.2598 -0.3377 -0.3759 0.0398 0.2561 -0.1553 -0.2860 -0.3568 -0.3321 0.1135 0.2474 -0.2111 -0.3126 -0.3711 -0.1274 0.1891 -0.0544 -0.2610 -0.3395 -0.3743 0.0557 0.2685 -0.1732 -0.2952 -0.3633 -0.2674 0.1496 0.0931 -0.2423 -0.3295 -0.3767 0.0174 0.2448 -0.1348 -0.2418 -0.1348 0.2448 0.0174 -0.3767 -0.3295 -0.2423 0.0931 0.1496 -0.2674 -0.3633 -0.2952 -0.1732 0.2685 0.0557 -0.3743 -0.3395 -0.2610 -0.0544 0.1891 -0.1274 -0.3711 -0.3126 -0.2111 0.2474 0.1135 -0.3321 -0.3568 -0.2860 -0.1553 0.2561 0.0398 -0.3759 -0.3377 -0.2598 -0.0532 0.1909 -0.1125 -0.3720 -0.3153 -0.2174 0.2231 0.1242 -0.3130 -0.3598 -0.2909 -0.1673 0.2666 0.0568 -0.3732 -0.3263
-0.3630 0.0637 0.2702 -0.1723 -0.2932 -0.3612 -0.3015 0.1300 0.2042 -0.2216 -0.3175 -0.3727 -0.0916 0.1967 -0.0682 -0.2622 -0.3396 -0.3750 0.0473 0.2609 -0.1605 -0.2881 -0.3582 -0.3246 0.1180 0.2380 -0.2140 -0.3139 -0.3715 -0.1172 0.1912 -0.0590 -0.2615 -0.3398 -0.3743 0.0550 0.2677 -0.1718 -0.2944 -0.3627 -0.2752 0.1461 0.1122 -0.2395 -0.3281 -0.3765 0.0105 0.2424 -0.1432 -0.2790 -0.3307 -0.2790 -0.1432 0.2424 0.0105 -0.3765 -0.3281 -0.2395 0.1122 0.1461 -0.2752 -0.3627 -0.2944 -0.1718 0.2677 0.0550 -0.3743 -0.3398 -0.2615 -0.0590 0.1912 -0.1172 -0.3715 -0.3139 -0.2140 0.2380 0.1180 -0.3246 -0.3582 -0.2881 -0.1605 0.2609 0.0473 -0.3750 -0.3396 -0.2622 -0.0682 0.1967 -0.0916 -0.3727 -0.3175 -0.2216 0.2042 0.1300 -0.3015 -0.3612 -0.2932 -0.1723 0.2702 0.0637 -0.3630
0.0649 0.2730 -0.1773 -0.2954 -0.3625 -0.2887 0.1358 0.1817 -0.2257 -0.3196 -0.3735 -0.0721 0.2026 -0.0813 -0.2645 -0.3414 -0.3737 0.0545 0.2653 -0.1657 -0.2903 -0.3595 -0.3154 0.1231 0.2250 -0.2173 -0.3155 -0.3721 -0.1040 0.1944 -0.0658 -0.2624 -0.3403 -0.3740 0.0557 0.2677 -0.1713 -0.2940 -0.3624 -0.2805 0.1435 0.1274 -0.2371 -0.3268 -0.3762 0.0032 0.2385 -0.1407 -0.2816 -0.3566 -0.3882 -0.3566 -0.2816 -0.1407 0.2385 0.0032 -0.3762 -0.3268 -0.2371 0.1274 0.1435 -0.2805 -0.3624 -0.2940 -0.1713 0.2677 0.0557 -0.3740 -0.3403 -0.2624 -0.0658 0.1944 -0.1040 -0.3721 -0.3155 -0.2173 0.2250 0.1231 -0.3154 -0.3595 -0.2903 -0.1657 0.2653 0.0545 -0.3737 -0.3414 -0.2645 -0.0813 0.2026 -0.0721 -0.3735 -0.3196 -0.2257 0.1817 0.1358 -0.2887 -0.3625 -0.2954 -0.1773 0.2730 0.0649
0.2705 -0.1821 -0.2977 -0.3638 -0.2744 0.1418 0.1558 -0.2299 -0.3217 -0.3742 -0.0542 0.2084 -0.0928 -0.2669 -0.3432 -0.3719 0.0615 0.2691 -0.1707 -0.2925 -0.3608 -0.3048 0.1286 0.2082 -0.2209 -0.3173 -0.3727 -0.0893 0.1982 -0.0740 -0.2636 -0.3411 -0.3735 0.0577 0.2685 -0.1718 -0.2940 -0.3622 -0.2832 0.1418 0.1378 -0.2353 -0.3258 -0.3759 -0.0036 0.2347 -0.1367 -0.2807 -0.3548 -0.3523 -0.0083 -0.3523 -0.3548 -0.2807 -0.1367 0.2347 -0.0036 -0.3759 -0.3258 -0.2353 0.1378 0.1418 -0.2832 -0.3622 -0.2940 -0.1718 0.2685 0.0577 -0.3735 -0.3411 -0.2636 -0.0740 0.1982 -0.0893 -0.3727 -0.3173 -0.2209 0.2082 0.1286 -0.3048 -0.3608 -0.2925 -0.1707 0.2691 0.0615 -0.3719 -0.3432 -0.2669 -0.0928 0.2084 -0.0542 -0.3742 -0.3217 -0.2299 0.1558 0.1418 -0.2744 -0.3638 -0.2977 -0.1821 0.2705
-0.1783 -0.2999 -0.3650 -0.2585 0.1479 0.1271 -0.2341 -0.3237 -0.3748 -0.0381 0.2144 -0.1030 -0.2692 -0.3450 -0.3697 0.0681 0.2722 -0.1757 -0.2947 -0.3621 -0.2930 0.1341 0.1877 -0.2248 -0.3192 -0.3734 -0.0734 0.2027 -0.0829 -0.2652 -0.3422 -0.3726 0.0608 0.2697 -0.1732 -0.2944 -0.3624 -0.2832 0.1412 0.1432 -0.2342 -0.3251 -0.3756 -0.0096 0.2314 -0.1327 -0.2794 -0.3537 -0.3457 0.0940 0.2204 0.0940 -0.3457 -0.3537 -0.2794 -0.1327 0.2314 -0.0096 -0.3756 -0.3251 -0.2342 0.1432 0.1412 -0.2832 -0.3624 -0.2944 -0.1732 0.2697 0.0608 -0.3726 -0.3422 -0.2652 -0.0829 0.2027 -0.0734 -0.3734 -0.3192 -0.2248 0.1877 0.1341 -0.2930 -0.3621 -0.2947 -0.1757 0.2722 0.0681 -0.3697 -0.3450 -0.2692 -0.1030 0.2144 -0.0381 -0.3748 -0.3237 -0.2341 0.1271 0.1479 -0.2585 -0.3650 -0.2999 -0.1783
-0.2853 -0.3661 -0.2411 0.1541 0.0965 -0.2382 -0.3258 -0.3754 -0.0235 0.2204 -0.1122 -0.2716 -0.3467 -0.3669 0.0745 0.2744 -0.1805 -0.2969 -0.3633 -0.2794 0.1398 0.1640 -0.2287 -0.3211 -0.3740 -0.0571 0.2077 -0.0922 -0.2670 -0.3435 -0.3713 0.0647 0.2714 -0.1754 -0.2952 -0.3627 -0.2805 0.1418 0.1432 -0.2338 -0.3247 -0.3754 -0.0140 0.2288 -0.1292 -0.2782 -0.3527 -0.3473 0.1025 0.2726 -0.1214 0.2726 0.1025 -0.3473 -0.3527 -0.2782 -0.1292 0.2288 -0.0140 -0.3754 -0.3247 -0.2338 0.1432 0.1418 -0.2805 -0.3627 -0.2952 -0.1754 0.2714 0.0647 -0.3713 -0.3435 -0.2670 -0.0922 0.2077 -0.0571 -0.3740 -0.3211 -0.2287 0.1640 0.1398 -0.2794 -0.3633 -0.2969 -0.1805 0.2744 0.0745 -0.3669 -0.3467 -0.2716 -0.1122 0.2204 -0.0235 -0.3754 -0.3258 -0.2382 0.0965 0.1541 -0.2411 -0.3661 -0.2853
-0.3534 -0.2221 0.1604 0.0657 -0.2424 -0.3278 -0.3760 -0.0105 0.2264 -0.1206 -0.2739 -0.3485 -0.3636 0.0807 0.2754 -0.1851 -0.2991 -0.3645 -0.2642 0.1457 0.1371 -0.2327 -0.3231 -0.3746 -0.0415 0.2133 -0.1016 -0.2690 -0.3449 -0.3695 0.0693 0.2730 -0.1782 -0.2963 -0.3633 -0.2752 0.1435 0.1378 -0.2342 -0.3247 -0.3754 -0.0163 0.2272 -0.1266 -0.2773 -0.3520 -0.3500 0.1018 0.2642 -0.1978 -0.2740 -0.1978 0.2642 0.1018 -0.3500 -0.3520 -0.2773 -0.1266 0.2272 -0.0163 -0.3754 -0.3247 -0.2342 0.1378 0.1435 -0.2752 -0.3633 -0.2963 -0.1782 0.2730 0.0693 -0.3695 -0.3449 -0.2690 -0.1016 0.2133 -0.0415 -0.3746 -0.3231 -0.2327 0.1371 0.1457 -0.2642 -0.3645 -0.2991 -0.1851 0.2754 0.0807 -0.3636 -0.3485 -0.2739 -0.1206 0.2264 -0.0105 -0.3760 -0.3278 -0.2424 0.0657 0.1604 -0.2221 -0.3534
-0.2133 0.1672 0.0363 -0.2466 -0.3298 -0.3765 0.0013 0.2324 -0.1283 -0.2762 -0.3501 -0.3596 0.0868 0.2751 -0.1897 -0.3014 -0.3657 -0.2475 0.1519 0.1077 -0.2367 -0.3251 -0.3752 -0.0273 0.2189 -0.1105 -0.2712 -0.3465 -0.3671 0.0746 0.2745 -0.1815 -0.2977 -0.3640 -0.2674 0.1461 0.1274 -0.2353 -0.3251 -0.3754 -0.0163 0.2267 -0.1253 -0.2767 -0.3514 -0.3522 0.0997 0.2648 -0.2039 -0.3070 -0.3563 -0.3070 -0.2039 0.2648 0.0997 -0.3522 -0.3514 -0.2767 -0.1253 0.2267 -0.0163 -0.3754 -0.3251 -0.2353 0.1274 0.1461 -0.2674 -0.3640 -0.2977 -0.1815 0.2745 0.0746 -0.3671 -0.3465 -0.2712 -0.1105 0.2189 -0.0273 -0.3752 -0.3251 -0.2367 0.1077 0.1519 -0.2475 -0.3657 -0.3014 -0.1897 0.2751 0.0868 -0.3596 -0.3501 -0.2762 -0.1283 0.2324 0.0013 -0.3765 -0.3298 -0.2466 0.0363 0.1672 -0.2133
0.1702 0.0096 -0.2508 -0.3318 -0.3768 0.0119 0.2384 -0.1354 -0.2786 -0.3517 -0.3548 0.0927 0.2733 -0.1942 -0.3035 -0.3668 -0.2291 0.1581 0.0772 -0.2408 -0.3270 -0.3758 -0.0146 0.2246 -0.1186 -0.2734 -0.3481 -0.3641 0.0801 0.2754 -0.1853 -0.2994 -0.3648 -0.2572 0.1496 0.1122 -0.2371 -0.3258 -0.3756 -0.0140 0.2272 -0.1253 -0.2765 -0.3511 -0.3535 0.0979 0.2667 -0.2036 -0.3093 -0.3742 -0.3672 -0.3742 -0.3093 -0.2036 0.2667 0.0979 -0.3535 -0.3511 -0.2765 -0.1253 0.2272 -0.0140 -0.3756 -0.3258 -0.2371 0.1122 0.1496 -0.2572 -0.3648 -0.2994 -0.1853 0.2754 0.0801 -0.3641 -0.3481 -0.2734 -0.1186 0.2246 -0.0146 -0.3758 -0.3270 -0.2408 0.0772 0.1581 -0.2291 -0.3668 -0.3035 -0.1942 0.2733 0.0927 -0.3548 -0.3517 -0.2786 -0.1354 0.2384 0.0119 -0.3768 -0.3318 -0.2508 0.0096 0.1702
-0.0135 -0.2545 -0.3337 -0.3768 0.0216 0.2443 -0.1421 -0.2809 -0.3533 -0.3493 0.0986 0.2696 -0.1985 -0.3057 -0.3679 -0.2094 0.1645 0.0472 -0.2450 -0.3290 -0.3763 -0.0029 0.2304 -0.1260 -0.2756 -0.3497 -0.3605 0.0857 0.2753 -0.1893 -0.3013 -0.3657 -0.2445 0.1538 0.0931 -0.2395 -0.3268 -0.3759 -0.0096 0.2288 -0.1266 -0.2767 -0.3511 -0.3540 0.0969 0.2680 -0.2025 -0.3091 -0.3704 -0.1958 0.0861 -0.1958 -0.3704 -0.3091 -0.2025 0.2680 0.0969 -0.3540 -0.3511 -0.2767 -0.1266 0.2288 -0.0096 -0.3759 -0.3268 -0.2395 0.0931 0.1538 -0.2445 -0.3657 -0.3013 -0.1893 0.2753 0.0857 -0.3605 -0.3497 -0.2756 -0.1260 0.2304 -0.0029 -0.3763 -0.3290 -0.2450 0.0472 0.1645 -0.2094 -0.3679 -0.3057 -0.1985 0.2696 0.0986 -0.3493 -0.3533 -0.2809 -0.1421 0.2443 0.0216 -0.3768 -0.3337 -0.2545 -0.0135
-0.2391 -0.3357 -0.3766 0.0305 0.2500 -0.1483 -0.2831 -0.3549 -0.3429 0.1044 0.2637 -0.2028 -0.3079 -0.3689 -0.1885 0.1710 0.0194 -0.2492 -0.3310 -0.3767 0.0079 0.2362 -0.1330 -0.2778 -0.3513 -0.3562 0.0913 0.2738 -0.1934 -0.3033 -0.3667 -0.2290 0.1587 0.0706 -0.2423 -0.3281 -0.3762 -0.0036 0.2314 -0.1292 -0.2773 -0.3514 -0.3535 0.0969 0.2685 -0.2019 -0.3087 -0.3698 -0.1630 0.1650 0.2725 0.1650 -0.1630 -0.3698 -0.3087 -0.2019 0.2685 0.0969 -0.3535 -0.3514 -0.2773 -0.1292 0.2314 -0.0036 -0.3762 -0.3281 -0.2423 0.0706 0.1587 -0.2290 -0.3667 -0.3033 -0.1934 0.2738 0.0913 -0.3562 -0.3513 -0.2778 -0.1330 0.2362 0.0079 -0.3767 -0.3310 -0.2492 0.0194 0.1710 -0.1885 -0.3689 -0.3079 -0.2028 0.2637 0.1044 -0.3429 -0.3549 -0.2831 -0.1483 0.2500 0.0305 -0.3766 -0.3357 -0.2391
-0.3217 -0.3760 0.0388 0.2554 -0.1541 -0.2854 -0.3564 -0.3356 0.1101 0.2555 -0.2071 -0.3101 -0.3698 -0.1667 0.1770 -0.0052 -0.2532 -0.3330 -0.3768 0.0179 0.2421 -0.1396 -0.2800 -0.3528 -0.3512 0.0969 0.2707 -0.1975 -0.3053 -0.3677 -0.2114 0.1642 0.0464 -0.2455 -0.3295 -0.3765 0.0032 0.2347 -0.1327 -0.2782 -0.3520 -0.3522 0.0979 0.2680 -0.2019 -0.3085 -0.3696 -0.1597 0.1795 0.0182 -0.2007 0.0182 0.1795 -0.1597 -0.3696 -0.3085 -0.2019 0.2680 0.0979 -0.3522 -0.3520 -0.2782 -0.1327 0.2347 0.0032 -0.3765 -0.3295 -0.2455 0.0464 0.1642 -0.2114 -0.3677 -0.3053 -0.1975 0.2707 0.0969 -0.3512 -0.3528 -0.2800 -0.1396 0.2421 0.0179 -0.3768 -0.3330 -0.2532 -0.0052 0.1770 -0.1667 -0.3698 -0.3101 -0.2071 0.2555 0.1101 -0.3356 -0.3564 -0.2854 -0.1541 0.2554 0.0388 -0.3760 -0.3217
-0.3656 0.0465 0.2603 -0.1597 -0.2877 -0.3579 -0.3273 0.1158 0.2447 -0.2113 -0.3122 -0.3708 -0.1448 0.1825 -0.0265 -0.2562 -0.3349 -0.3767 0.0269 0.2477 -0.1458 -0.2823 -0.3543 -0.3454 0.1024 0.2659 -0.2015 -0.3073 -0.3687 -0.1928 0.1700 0.0225 -0.2490 -0.3311 -0.3767 0.0105 0.2385 -0.1367 -0.2794 -0.3527 -0.3500 0.0997 0.2667 -0.2025 -0.3087 -0.3696 -0.1601 0.1812 -0.0257 -0.2518 -0.3048 -0.2518 -0.0257 0.1812 -0.1601 -0.3696 -0.3087 -0.2025 0.2667 0.0997 -0.3500 -0.3527 -0.2794 -0.1367 0.2385 0.0105 -0.3767 -0.3311 -0.2490 0.0225 0.1700 -0.1928 -0.3687 -0.3073 -0.2015 0.2659 0.1024 -0.3454 -0.3543 -0.2823 -0.1458 0.2477 0.0269 -0.3767 -0.3349 -0.2562 -0.0265 0.1825 -0.1448 -0.3708 -0.3122 -0.2113 0.2447 0.1158 -0.3273 -0.3579 -0.2877 -0.1597 0.2603 0.0465 -0.3656
0.0470 0.2644 -0.1646 -0.2898 -0.3593 -0.3186 0.1209 0.2320 -0.2151 -0.3142 -0.3717 -0.1246 0.1877 -0.0436 -0.2584 -0.3367 -0.3763 0.0347 0.2527 -0.1513 -0.2843 -0.3558 -0.3391 0.1074 0.2595 -0.2053 -0.3093 -0.3696 -0.1744 0.1752 0.0015 -0.2525 -0.3327 -0.3768 0.0174 0.2424 -0.1407 -0.2807 -0.3537 -0.3473 0.1018 0.2648 -0.2036 -0.3091 -0.3698 -0.1597 0.1812 -0.0304 -0.2570 -0.3358 -0.3786 -0.3358 -0.2570 -0.0304 0.1812 -0.1597 -0.3698 -0.3091 -0.2036 0.2648 0.1018 -0.3473 -0.3537 -0.2807 -0.1407 0.2424 0.0174 -0.3768 -0.3327 -0.2525 0.0015 0.1752 -0.1744 -0.3696 -0.3093 -0.2053 0.2595 0.1074 -0.3391 -0.3558 -0.2843 -0.1513 0.2527 0.0347 -0.3763 -0.3367 -0.2584 -0.0436 0.1877 -0.1246 -0.3717 -0.3142 -0.2151 0.2320 0.1209 -0.3186 -0.3593 -0.2898 -0.1646 0.2644 0.0470
0.2629 -0.1676 -0.2912 -0.3608 -0.3123 0.1238 0.2227 -0.2178 -0.3158 -0.3727 -0.1117 0.1910 -0.0533 -0.2598 -0.3383 -0.3758 0.0394 0.2559 -0.1547 -0.2858 -0.3574 -0.3345 0.1104 0.2544 -0.2079 -0.3107 -0.3708 -0.1622 0.1776 -0.0106 -0.2545 -0.3341 -0.3767 0.0217 0.2448 -0.1432 -0.2816 -0.3548 -0.3457 0.1025 0.2642 -0.2039 -0.3093 -0.3704 -0.1630 0.1795 -0.0257 -0.2570 -0.3368 -0.3799 -0.2150 -0.3799 -0.3368 -0.2570 -0.0257 0.1795 -0.1630 -0.3704 -0.3093 -0.2039 0.2642 0.1025 -0.3457 -0.3548 -0.2816 -0.1432 0.2448 0.0217 -0.3767 -0.3341 -0.2545 -0.0106 0.1776 -0.1622 -0.3708 -0.3107 -0.2079 0.2544 0.1104 -0.3345 -0.3574 -0.2858 -0.1547 0.2559 0.0394 -0.3758 -0.3383 -0.2598 -0.0533 0.1910 -0.1117 -0.3727 -0.3158 -0.2178 0.2227 0.1238 -0.3123 -0.3608 -0.2912 -0.1676 0.2629
-0.1552 -0.2892 -0.3637 -0.3217 0.1164 0.2415 -0.2138 -0.3149 -0.3773 -0.1322 0.1799 -0.0325 -0.2569 -0.3389 -0.3789 0.0310 0.2489 -0.1482 -0.2836 -0.3599 -0.3412 0.1034 0.2649 -0.2037 -0.3095 -0.3752 -0.1831 0.1665 0.0197 -0.2507 -0.3342 -0.3802 0.0113 0.2353 -0.1348 -0.2790 -0.3566 -0.3523 0.0940 0.2726 -0.1978 -0.3070 -0.3742 -0.1958 0.1650 0.0182 -0.2518 -0.3358 -0.3799 0.0046 0.1433 0.0046 -0.3799 -0.3358 -0.2518 0.0182 0.1650 -0.1958 -0.3742 -0.3070 -0.1978 0.2726 0.0940 -0.3523 -0.3566 -0.2790 -0.1348 0.2353 0.0113 -0.3802 -0.3342 -0.2507 0.0197 0.1665 -0.1831 -0.3752 -0.3095 -0.2037 0.2649 0.1034 -0.3412 -0.3599 -0.2836 -0.1482 0.2489 0.0310 -0.3789 -0.3389 -0.2569 -0.0325 0.1799 -0.1322 -0.3773 -0.3149 -0.2138 0.2415 0.1164 -0.3217 -0.3637 -0.2892 -0.1552
-0.2381 -0.3406 -0.3873 0.0328 0.2445 -0.1508 -0.2831 -0.3632 -0.3468 0.1026 0.2643 -0.2106 -0.3096 -0.3808 -0.1810 0.1647 0.0297 -0.2489 -0.3352 -0.3884 0.0116 0.2308 -0.1341 -0.2774 -0.3587 -0.3622 0.0900 0.2722 -0.2012 -0.3043 -0.3778 -0.2273 0.1518 0.0928 -0.2418 -0.3307 -0.3882 -0.0083 0.2204 -0.1214 -0.2740 -0.3563 -0.3672 0.0861 0.2725 -0.2007 -0.3048 -0.3786 -0.2150 0.1433 0.2634 0.1433 -0.2150 -0.3786 -0.3048 -0.2007 0.2725 0.0861 -0.3672 -0.3563 -0.2740 -0.1214 0.2204 -0.0083 -0.3882 -0.3307 -0.2418 0.0928 0.1518 -0.2273 -0.3778 -0.3043 -0.2012 0.2722 0.0900 -0.3622 -0.3587 -0.2774 -0.1341 0.2308 0.0116 -0.3884 -0.3352 -0.2489 0.0297 0.1647 -0.1810 -0.3808 -0.3096 -0.2106 0.2643 0.1026 -0.3468 -0.3632 -0.2831 -0.1508 0.2445 0.0328 -0.3873 -0.3406 -0.2381
