0.1614 0.2290 0.4109 0.4960 0.2505 0.1453 0.1799 0.2979 0.5049 0.4184 0.1587 0.1532 0.2221 0.3961 0.5016 0.2732 0.1454 0.1757 0.2871 0.4978 0.4327 0.1631 0.1513 0.2152 0.3813 0.5061 0.2958 0.1459 0.1718 0.2768 0.4882 0.4457 0.1688 0.1496 0.2088 0.3668 0.5096 0.3182 0.1467 0.1681 0.2668 0.4761 0.4578 0.1767 0.1482 0.2024 0.3522 0.5121 0.3454 0.1490 0.1464 0.1490 0.3454 0.5121 0.3522 0.2024 0.1482 0.1767 0.4578 0.4761 0.2668 0.1681 0.1467 0.3182 0.5096 0.3668 0.2088 0.1496 0.1688 0.4457 0.4882 0.2768 0.1718 0.1459 0.2958 0.5061 0.3813 0.2152 0.1513 0.1631 0.4327 0.4978 0.2871 0.1757 0.1454 0.2732 0.5016 0.3961 0.2221 0.1532 0.1587 0.4184 0.5049 0.2979 0.1799 0.1453 0.2505 0.4960 0.4109 0.2290 0.1614
0.2290 0.4122 0.4973 0.2535 0.1371 0.1739 0.2941 0.5054 0.4221 0.1524 0.1459 0.2169 0.3937 0.5033 0.2780 0.1373 0.1694 0.2830 0.4979 0.4361 0.1574 0.1438 0.2099 0.3787 0.5077 0.3010 0.1379 0.1654 0.2726 0.4879 0.4488 0.1640 0.1420 0.2033 0.3640 0.5111 0.3233 0.1388 0.1616 0.2625 0.4754 0.4607 0.1732 0.1404 0.1969 0.3493 0.5134 0.3463 0.1404 0.1530 0.1938 0.1530 0.1404 0.3463 0.5134 0.3493 0.1969 0.1404 0.1732 0.4607 0.4754 0.2625 0.1616 0.1388 0.3233 0.5111 0.3640 0.2033 0.1420 0.1640 0.4488 0.4879 0.2726 0.1654 0.1379 0.3010 0.5077 0.3787 0.2099 0.1438 0.1574 0.4361 0.4979 0.2830 0.1694 0.1373 0.2780 0.5033 0.3937 0.2169 0.1459 0.1524 0.4221 0.5054 0.2941 0.1739 0.1371 0.2535 0.4973 0.4122 0.2290
0.4109 0.4973 0.2572 0.1372 0.1724 0.2900 0.5027 0.4280 0.1543 0.1450 0.2138 0.3871 0.5053 0.2882 0.1375 0.1676 0.2783 0.4937 0.4418 0.1600 0.1430 0.2070 0.3722 0.5093 0.3108 0.1382 0.1637 0.2682 0.4827 0.4540 0.1675 0.1413 0.2006 0.3578 0.5121 0.3326 0.1393 0.1600 0.2583 0.4695 0.4653 0.1781 0.1397 0.1943 0.3434 0.5139 0.3542 0.1409 0.1555 0.2376 0.3427 0.2376 0.1555 0.1409 0.3542 0.5139 0.3434 0.1943 0.1397 0.1781 0.4653 0.4695 0.2583 0.1600 0.1393 0.3326 0.5121 0.3578 0.2006 0.1413 0.1675 0.4540 0.4827 0.2682 0.1637 0.1382 0.3108 0.5093 0.3722 0.2070 0.1430 0.1600 0.4418 0.4937 0.2783 0.1676 0.1375 0.2882 0.5053 0.3871 0.2138 0.1450 0.1543 0.4280 0.5027 0.2900 0.1724 0.1372 0.2572 0.4973 0.4109
0.4960 0.2535 0.1372 0.1719 0.2875 0.5005 0.4327 0.1563 0.1442 0.2109 0.3807 0.5071 0.2981 0.1378 0.1659 0.2738 0.4892 0.4473 0.1630 0.1422 0.2041 0.3658 0.5106 0.3204 0.1387 0.1621 0.2639 0.4773 0.4590 0.1716 0.1406 0.1979 0.3517 0.5130 0.3417 0.1399 0.1586 0.2543 0.4634 0.4697 0.1838 0.1392 0.1918 0.3375 0.5142 0.3625 0.1417 0.1550 0.2426 0.4306 0.5122 0.4306 0.2426 0.1550 0.1417 0.3625 0.5142 0.3375 0.1918 0.1392 0.1838 0.4697 0.4634 0.2543 0.1586 0.1399 0.3417 0.5130 0.3517 0.1979 0.1406 0.1716 0.4590 0.4773 0.2639 0.1621 0.1387 0.3204 0.5106 0.3658 0.2041 0.1422 0.1630 0.4473 0.4892 0.2738 0.1659 0.1378 0.2981 0.5071 0.3807 0.2109 0.1442 0.1563 0.4327 0.5005 0.2875 0.1719 0.1372 0.2535 0.4960
0.2505 0.1371 0.1724 0.2875 0.4997 0.4354 0.1578 0.1436 0.2085 0.3750 0.5087 0.3075 0.1381 0.1642 0.2694 0.4842 0.4526 0.1664 0.1415 0.2013 0.3595 0.5118 0.3298 0.1392 0.1605 0.2597 0.4715 0.4637 0.1763 0.1400 0.1953 0.3456 0.5137 0.3505 0.1406 0.1571 0.2503 0.4571 0.4739 0.1904 0.1387 0.1894 0.3318 0.5143 0.3708 0.1426 0.1538 0.2406 0.4376 0.4905 0.3709 0.4905 0.4376 0.2406 0.1538 0.1426 0.3708 0.5143 0.3318 0.1894 0.1387 0.1904 0.4739 0.4571 0.2503 0.1571 0.1406 0.3505 0.5137 0.3456 0.1953 0.1400 0.1763 0.4637 0.4715 0.2597 0.1605 0.1392 0.3298 0.5118 0.3595 0.2013 0.1415 0.1664 0.4526 0.4842 0.2694 0.1642 0.1381 0.3075 0.5087 0.3750 0.2085 0.1436 0.1578 0.4354 0.4997 0.2875 0.1724 0.1371 0.2505
0.1453 0.1739 0.2900 0.5005 0.4354 0.1584 0.1432 0.2069 0.3706 0.5099 0.3157 0.1385 0.1627 0.2653 0.4790 0.4576 0.1704 0.1408 0.1986 0.3534 0.5128 0.3390 0.1397 0.1590 0.2556 0.4655 0.4682 0.1818 0.1394 0.1927 0.3397 0.5141 0.3591 0.1414 0.1557 0.2464 0.4507 0.4779 0.1977 0.1383 0.1870 0.3261 0.5141 0.3788 0.1436 0.1526 0.2373 0.4338 0.4882 0.2439 0.1408 0.2439 0.4882 0.4338 0.2373 0.1526 0.1436 0.3788 0.5141 0.3261 0.1870 0.1383 0.1977 0.4779 0.4507 0.2464 0.1557 0.1414 0.3591 0.5141 0.3397 0.1927 0.1394 0.1818 0.4682 0.4655 0.2556 0.1590 0.1397 0.3390 0.5128 0.3534 0.1986 0.1408 0.1704 0.4576 0.4790 0.2653 0.1627 0.1385 0.3157 0.5099 0.3706 0.2069 0.1432 0.1584 0.4354 0.5005 0.2900 0.1739 0.1453
0.1799 0.2941 0.5027 0.4327 0.1578 0.1432 0.2063 0.3682 0.5106 0.3219 0.1388 0.1614 0.2616 0.4738 0.4622 0.1748 0.1401 0.1960 0.3473 0.5135 0.3480 0.1404 0.1576 0.2515 0.4592 0.4725 0.1880 0.1389 0.1903 0.3339 0.5143 0.3675 0.1422 0.1544 0.2426 0.4442 0.4816 0.2058 0.1379 0.1847 0.3206 0.5136 0.3865 0.1447 0.1514 0.2338 0.4277 0.4902 0.2328 0.1361 0.1489 0.1361 0.2328 0.4902 0.4277 0.2338 0.1514 0.1447 0.3865 0.5136 0.3206 0.1847 0.1379 0.2058 0.4816 0.4442 0.2426 0.1544 0.1422 0.3675 0.5143 0.3339 0.1903 0.1389 0.1880 0.4725 0.4592 0.2515 0.1576 0.1404 0.3480 0.5135 0.3473 0.1960 0.1401 0.1748 0.4622 0.4738 0.2616 0.1614 0.1388 0.3219 0.5106 0.3682 0.2063 0.1432 0.1578 0.4327 0.5027 0.2941 0.1799
0.2979 0.5054 0.4280 0.1563 0.1436 0.2069 0.3682 0.5108 0.3252 0.1391 0.1604 0.2586 0.4691 0.4661 0.1794 0.1396 0.1935 0.3415 0.5140 0.3567 0.1411 0.1561 0.2476 0.4528 0.4766 0.1951 0.1384 0.1879 0.3282 0.5142 0.3756 0.1432 0.1531 0.2389 0.4375 0.4852 0.2144 0.1376 0.1824 0.3152 0.5127 0.3940 0.1459 0.1502 0.2303 0.4210 0.4930 0.2385 0.1370 0.1706 0.2272 0.1706 0.1370 0.2385 0.4930 0.4210 0.2303 0.1502 0.1459 0.3940 0.5127 0.3152 0.1824 0.1376 0.2144 0.4852 0.4375 0.2389 0.1531 0.1432 0.3756 0.5142 0.3282 0.1879 0.1384 0.1951 0.4766 0.4528 0.2476 0.1561 0.1411 0.3567 0.5140 0.3415 0.1935 0.1396 0.1794 0.4661 0.4691 0.2586 0.1604 0.1391 0.3252 0.5108 0.3682 0.2069 0.1436 0.1563 0.4280 0.5054 0.2979
0.5049 0.4221 0.1543 0.1442 0.2085 0.3706 0.5106 0.3252 0.1392 0.1599 0.2566 0.4655 0.4691 0.1839 0.1391 0.1913 0.3361 0.5142 0.3649 0.1420 0.1548 0.2438 0.4463 0.4804 0.2029 0.1380 0.1855 0.3227 0.5138 0.3834 0.1442 0.1519 0.2353 0.4307 0.4885 0.2236 0.1374 0.1803 0.3099 0.5116 0.4012 0.1473 0.1491 0.2269 0.4143 0.4958 0.2475 0.1371 0.1739 0.2844 0.4149 0.2844 0.1739 0.1371 0.2475 0.4958 0.4143 0.2269 0.1491 0.1473 0.4012 0.5116 0.3099 0.1803 0.1374 0.2236 0.4885 0.4307 0.2353 0.1519 0.1442 0.3834 0.5138 0.3227 0.1855 0.1380 0.2029 0.4804 0.4463 0.2438 0.1548 0.1420 0.3649 0.5142 0.3361 0.1913 0.1391 0.1839 0.4691 0.4655 0.2566 0.1599 0.1392 0.3252 0.5106 0.3706 0.2085 0.1442 0.1543 0.4221 0.5049
0.4184 0.1524 0.1450 0.2109 0.3750 0.5099 0.3219 0.1391 0.1599 0.2560 0.4636 0.4710 0.1875 0.1388 0.1895 0.3314 0.5143 0.3724 0.1428 0.1535 0.2401 0.4396 0.4840 0.2114 0.1377 0.1832 0.3172 0.5131 0.3910 0.1454 0.1507 0.2317 0.4240 0.4916 0.2332 0.1372 0.1781 0.3047 0.5100 0.4081 0.1487 0.1480 0.2236 0.4076 0.4984 0.2574 0.1371 0.1729 0.2898 0.4949 0.4960 0.4949 0.2898 0.1729 0.1371 0.2574 0.4984 0.4076 0.2236 0.1480 0.1487 0.4081 0.5100 0.3047 0.1781 0.1372 0.2332 0.4916 0.4240 0.2317 0.1507 0.1454 0.3910 0.5131 0.3172 0.1832 0.1377 0.2114 0.4840 0.4396 0.2401 0.1535 0.1428 0.3724 0.5143 0.3314 0.1895 0.1388 0.1875 0.4710 0.4636 0.2560 0.1599 0.1391 0.3219 0.5099 0.3750 0.2109 0.1450 0.1524 0.4184
0.1587 0.1459 0.2138 0.3807 0.5087 0.3157 0.1388 0.1604 0.2566 0.4636 0.4717 0.1895 0.1386 0.1882 0.3278 0.5141 0.3788 0.1437 0.1524 0.2366 0.4331 0.4874 0.2204 0.1375 0.1810 0.3119 0.5121 0.3984 0.1467 0.1495 0.2283 0.4172 0.4946 0.2430 0.1371 0.1761 0.2997 0.5081 0.4149 0.1504 0.1470 0.2203 0.4009 0.5009 0.2674 0.1372 0.1712 0.2872 0.4993 0.4448 0.2685 0.4448 0.4993 0.2872 0.1712 0.1372 0.2674 0.5009 0.4009 0.2203 0.1470 0.1504 0.4149 0.5081 0.2997 0.1761 0.1371 0.2430 0.4946 0.4172 0.2283 0.1495 0.1467 0.3984 0.5121 0.3119 0.1810 0.1375 0.2204 0.4874 0.4331 0.2366 0.1524 0.1437 0.3788 0.5141 0.3278 0.1882 0.1386 0.1895 0.4717 0.4636 0.2566 0.1604 0.1388 0.3157 0.5087 0.3807 0.2138 0.1459 0.1587
0.1532 0.2169 0.3871 0.5071 0.3075 0.1385 0.1614 0.2586 0.4655 0.4710 0.1895 0.1386 0.1876 0.3255 0.5139 0.3836 0.1445 0.1515 0.2337 0.4271 0.4904 0.2295 0.1373 0.1789 0.3066 0.5107 0.4055 0.1481 0.1484 0.2249 0.4104 0.4973 0.2530 0.1371 0.1741 0.2947 0.5057 0.4213 0.1522 0.1460 0.2172 0.3942 0.5031 0.2776 0.1373 0.1694 0.2829 0.4973 0.4393 0.1646 0.1352 0.1646 0.4393 0.4973 0.2829 0.1694 0.1373 0.2776 0.5031 0.3942 0.2172 0.1460 0.1522 0.4213 0.5057 0.2947 0.1741 0.1371 0.2530 0.4973 0.4104 0.2249 0.1484 0.1481 0.4055 0.5107 0.3066 0.1789 0.1373 0.2295 0.4904 0.4271 0.2337 0.1515 0.1445 0.3836 0.5139 0.3255 0.1876 0.1386 0.1895 0.4710 0.4655 0.2586 0.1614 0.1385 0.3075 0.5071 0.3871 0.2169 0.1532
0.2221 0.3937 0.5053 0.2981 0.1381 0.1627 0.2616 0.4691 0.4691 0.1875 0.1386 0.1876 0.3247 0.5138 0.3867 0.1451 0.1507 0.2312 0.4219 0.4929 0.2380 0.1372 0.1769 0.3016 0.5089 0.4123 0.1497 0.1474 0.2217 0.4036 0.4998 0.2630 0.1371 0.1721 0.2899 0.5028 0.4276 0.1542 0.1451 0.2141 0.3876 0.5052 0.2877 0.1375 0.1676 0.2783 0.4936 0.4426 0.1615 0.1400 0.1647 0.1400 0.1615 0.4426 0.4936 0.2783 0.1676 0.1375 0.2877 0.5052 0.3876 0.2141 0.1451 0.1542 0.4276 0.5028 0.2899 0.1721 0.1371 0.2630 0.4998 0.4036 0.2217 0.1474 0.1497 0.4123 0.5089 0.3016 0.1769 0.1372 0.2380 0.4929 0.4219 0.2312 0.1507 0.1451 0.3867 0.5138 0.3247 0.1876 0.1386 0.1875 0.4691 0.4691 0.2616 0.1627 0.1381 0.2981 0.5053 0.3937 0.2221
0.3961 0.5033 0.2882 0.1378 0.1642 0.2653 0.4738 0.4661 0.1839 0.1388 0.1882 0.3255 0.5138 0.3877 0.1454 0.1503 0.2296 0.4179 0.4948 0.2455 0.1371 0.1751 0.2970 0.5068 0.4187 0.1514 0.1464 0.2185 0.3970 0.5022 0.2732 0.1372 0.1703 0.2851 0.4994 0.4336 0.1564 0.1442 0.2110 0.3811 0.5070 0.2976 0.1378 0.1659 0.2739 0.4892 0.4475 0.1635 0.1416 0.1955 0.2715 0.1955 0.1416 0.1635 0.4475 0.4892 0.2739 0.1659 0.1378 0.2976 0.5070 0.3811 0.2110 0.1442 0.1564 0.4336 0.4994 0.2851 0.1703 0.1372 0.2732 0.5022 0.3970 0.2185 0.1464 0.1514 0.4187 0.5068 0.2970 0.1751 0.1371 0.2455 0.4948 0.4179 0.2296 0.1503 0.1454 0.3877 0.5138 0.3255 0.1882 0.1388 0.1839 0.4661 0.4738 0.2653 0.1642 0.1378 0.2882 0.5033 0.3961
0.5016 0.2780 0.1375 0.1659 0.2694 0.4790 0.4622 0.1794 0.1391 0.1895 0.3278 0.5139 0.3867 0.1454 0.1501 0.2287 0.4154 0.4962 0.2513 0.1371 0.1737 0.2931 0.5045 0.4244 0.1532 0.1455 0.2154 0.3904 0.5043 0.2833 0.1374 0.1684 0.2804 0.4956 0.4394 0.1589 0.1433 0.2081 0.3747 0.5087 0.3073 0.1381 0.1642 0.2695 0.4842 0.4527 0.1666 0.1413 0.1995 0.3435 0.4846 0.3435 0.1995 0.1413 0.1666 0.4527 0.4842 0.2695 0.1642 0.1381 0.3073 0.5087 0.3747 0.2081 0.1433 0.1589 0.4394 0.4956 0.2804 0.1684 0.1374 0.2833 0.5043 0.3904 0.2154 0.1455 0.1532 0.4244 0.5045 0.2931 0.1737 0.1371 0.2513 0.4962 0.4154 0.2287 0.1501 0.1454 0.3867 0.5139 0.3278 0.1895 0.1391 0.1794 0.4622 0.4790 0.2694 0.1659 0.1375 0.2780 0.5016
0.2732 0.1373 0.1676 0.2738 0.4842 0.4576 0.1748 0.1396 0.1913 0.3314 0.5141 0.3836 0.1451 0.1503 0.2287 0.4145 0.4969 0.2549 0.1371 0.1726 0.2900 0.5024 0.4293 0.1549 0.1447 0.2126 0.3841 0.5062 0.2932 0.1376 0.1667 0.2759 0.4913 0.4450 0.1617 0.1425 0.2052 0.3683 0.5101 0.3169 0.1385 0.1626 0.2652 0.4789 0.4576 0.1705 0.1407 0.1981 0.3497 0.5130 0.4560 0.5130 0.3497 0.1981 0.1407 0.1705 0.4576 0.4789 0.2652 0.1626 0.1385 0.3169 0.5101 0.3683 0.2052 0.1425 0.1617 0.4450 0.4913 0.2759 0.1667 0.1376 0.2932 0.5062 0.3841 0.2126 0.1447 0.1549 0.4293 0.5024 0.2900 0.1726 0.1371 0.2549 0.4969 0.4145 0.2287 0.1503 0.1451 0.3836 0.5141 0.3314 0.1913 0.1396 0.1748 0.4576 0.4842 0.2738 0.1676 0.1373 0.2732
0.1454 0.1694 0.2783 0.4892 0.4526 0.1704 0.1401 0.1935 0.3361 0.5143 0.3788 0.1445 0.1507 0.2296 0.4154 0.4969 0.2562 0.1371 0.1719 0.2878 0.5006 0.4330 0.1566 0.1440 0.2101 0.3785 0.5078 0.3025 0.1379 0.1650 0.2715 0.4866 0.4502 0.1649 0.1418 0.2025 0.3620 0.5114 0.3264 0.1390 0.1610 0.2610 0.4733 0.4624 0.1750 0.1401 0.1958 0.3463 0.5136 0.3713 0.1736 0.3713 0.5136 0.3463 0.1958 0.1401 0.1750 0.4624 0.4733 0.2610 0.1610 0.1390 0.3264 0.5114 0.3620 0.2025 0.1418 0.1649 0.4502 0.4866 0.2715 0.1650 0.1379 0.3025 0.5078 0.3785 0.2101 0.1440 0.1566 0.4330 0.5006 0.2878 0.1719 0.1371 0.2562 0.4969 0.4154 0.2296 0.1507 0.1445 0.3788 0.5143 0.3361 0.1935 0.1401 0.1704 0.4526 0.4892 0.2783 0.1694 0.1454
0.1757 0.2830 0.4937 0.4473 0.1664 0.1408 0.1960 0.3415 0.5142 0.3724 0.1437 0.1515 0.2312 0.4179 0.4962 0.2549 0.1371 0.1717 0.2866 0.4993 0.4357 0.1579 0.1435 0.2080 0.3735 0.5091 0.3110 0.1383 0.1635 0.2673 0.4815 0.4553 0.1685 0.1411 0.1998 0.3558 0.5124 0.3356 0.1395 0.1595 0.2569 0.4674 0.4669 0.1802 0.1395 0.1933 0.3409 0.5140 0.3618 0.1427 0.1377 0.1427 0.3618 0.5140 0.3409 0.1933 0.1395 0.1802 0.4669 0.4674 0.2569 0.1595 0.1395 0.3356 0.5124 0.3558 0.1998 0.1411 0.1685 0.4553 0.4815 0.2673 0.1635 0.1383 0.3110 0.5091 0.3735 0.2080 0.1435 0.1579 0.4357 0.4993 0.2866 0.1717 0.1371 0.2549 0.4962 0.4179 0.2312 0.1515 0.1437 0.3724 0.5142 0.3415 0.1960 0.1408 0.1664 0.4473 0.4937 0.2830 0.1757
0.2871 0.4979 0.4418 0.1630 0.1415 0.1986 0.3473 0.5140 0.3649 0.1428 0.1524 0.2337 0.4219 0.4948 0.2513 0.1371 0.1719 0.2866 0.4989 0.4371 0.1588 0.1431 0.2065 0.3695 0.5101 0.3182 0.1386 0.1621 0.2635 0.4765 0.4599 0.1726 0.1404 0.1972 0.3498 0.5132 0.3445 0.1401 0.1581 0.2529 0.4613 0.4712 0.1862 0.1390 0.1909 0.3352 0.5142 0.3667 0.1423 0.1501 0.1877 0.1501 0.1423 0.3667 0.5142 0.3352 0.1909 0.1390 0.1862 0.4712 0.4613 0.2529 0.1581 0.1401 0.3445 0.5132 0.3498 0.1972 0.1404 0.1726 0.4599 0.4765 0.2635 0.1621 0.1386 0.3182 0.5101 0.3695 0.2065 0.1431 0.1588 0.4371 0.4989 0.2866 0.1719 0.1371 0.2513 0.4948 0.4219 0.2337 0.1524 0.1428 0.3649 0.5140 0.3473 0.1986 0.1415 0.1630 0.4418 0.4979 0.2871
0.4978 0.4361 0.1600 0.1422 0.2013 0.3534 0.5135 0.3567 0.1420 0.1535 0.2366 0.4271 0.4929 0.2455 0.1371 0.1726 0.2878 0.4993 0.4371 0.1591 0.1429 0.2055 0.3668 0.5108 0.3239 0.1389 0.1609 0.2602 0.4716 0.4640 0.1770 0.1398 0.1947 0.3441 0.5138 0.3531 0.1408 0.1567 0.2490 0.4550 0.4753 0.1929 0.1385 0.1885 0.3296 0.5142 0.3740 0.1430 0.1525 0.2292 0.3287 0.2292 0.1525 0.1430 0.3740 0.5142 0.3296 0.1885 0.1385 0.1929 0.4753 0.4550 0.2490 0.1567 0.1408 0.3531 0.5138 0.3441 0.1947 0.1398 0.1770 0.4640 0.4716 0.2602 0.1609 0.1389 0.3239 0.5108 0.3668 0.2055 0.1429 0.1591 0.4371 0.4993 0.2878 0.1726 0.1371 0.2455 0.4929 0.4271 0.2366 0.1535 0.1420 0.3567 0.5135 0.3534 0.2013 0.1422 0.1600 0.4361 0.4978
0.4327 0.1574 0.1430 0.2041 0.3595 0.5128 0.3480 0.1411 0.1548 0.2401 0.4331 0.4904 0.2380 0.1371 0.1737 0.2900 0.5006 0.4357 0.1588 0.1429 0.2052 0.3654 0.5112 0.3280 0.1392 0.1600 0.2574 0.4672 0.4676 0.1815 0.1394 0.1924 0.3387 0.5142 0.3613 0.1416 0.1553 0.2453 0.4486 0.4791 0.2004 0.1381 0.1861 0.3241 0.5139 0.3818 0.1440 0.1519 0.2339 0.4147 0.5122 0.4147 0.2339 0.1519 0.1440 0.3818 0.5139 0.3241 0.1861 0.1381 0.2004 0.4791 0.4486 0.2453 0.1553 0.1416 0.3613 0.5142 0.3387 0.1924 0.1394 0.1815 0.4676 0.4672 0.2574 0.1600 0.1392 0.3280 0.5112 0.3654 0.2052 0.1429 0.1588 0.4357 0.5006 0.2900 0.1737 0.1371 0.2380 0.4904 0.4331 0.2401 0.1548 0.1411 0.3480 0.5128 0.3595 0.2041 0.1430 0.1574 0.4327
0.1631 0.1438 0.2070 0.3658 0.5118 0.3390 0.1404 0.1561 0.2438 0.4396 0.4874 0.2295 0.1372 0.1751 0.2931 0.5024 0.4330 0.1579 0.1431 0.2055 0.3654 0.5113 0.3300 0.1394 0.1594 0.2553 0.4636 0.4705 0.1860 0.1390 0.1904 0.3337 0.5143 0.3690 0.1424 0.1541 0.2417 0.4423 0.4827 0.2083 0.1378 0.1839 0.3187 0.5133 0.3893 0.1451 0.1509 0.2321 0.4217 0.4970 0.3889 0.4970 0.4217 0.2321 0.1509 0.1451 0.3893 0.5133 0.3187 0.1839 0.1378 0.2083 0.4827 0.4423 0.2417 0.1541 0.1424 0.3690 0.5143 0.3337 0.1904 0.1390 0.1860 0.4705 0.4636 0.2553 0.1594 0.1394 0.3300 0.5113 0.3654 0.2055 0.1431 0.1579 0.4330 0.5024 0.2931 0.1751 0.1372 0.2295 0.4874 0.4396 0.2438 0.1561 0.1404 0.3390 0.5118 0.3658 0.2070 0.1438 0.1631
0.1513 0.2099 0.3722 0.5106 0.3298 0.1397 0.1576 0.2476 0.4463 0.4840 0.2204 0.1373 0.1769 0.2970 0.5045 0.4293 0.1566 0.1435 0.2065 0.3668 0.5112 0.3300 0.1395 0.1590 0.2540 0.4610 0.4726 0.1899 0.1386 0.1887 0.3293 0.5142 0.3759 0.1433 0.1529 0.2382 0.4360 0.4860 0.2167 0.1376 0.1818 0.3136 0.5124 0.3964 0.1464 0.1498 0.2290 0.4179 0.4952 0.2676 0.1435 0.2676 0.4952 0.4179 0.2290 0.1498 0.1464 0.3964 0.5124 0.3136 0.1818 0.1376 0.2167 0.4860 0.4360 0.2382 0.1529 0.1433 0.3759 0.5142 0.3293 0.1887 0.1386 0.1899 0.4726 0.4610 0.2540 0.1590 0.1395 0.3300 0.5112 0.3668 0.2065 0.1435 0.1566 0.4293 0.5045 0.2970 0.1769 0.1373 0.2204 0.4840 0.4463 0.2476 0.1576 0.1397 0.3298 0.5106 0.3722 0.2099 0.1513
0.2152 0.3787 0.5093 0.3204 0.1392 0.1590 0.2515 0.4528 0.4804 0.2114 0.1375 0.1789 0.3016 0.5068 0.4244 0.1549 0.1440 0.2080 0.3695 0.5108 0.3280 0.1394 0.1590 0.2536 0.4596 0.4740 0.1929 0.1384 0.1873 0.3256 0.5140 0.3818 0.1442 0.1518 0.2349 0.4297 0.4891 0.2255 0.1374 0.1797 0.3086 0.5112 0.4032 0.1477 0.1487 0.2258 0.4118 0.4970 0.2560 0.1363 0.1463 0.1363 0.2560 0.4970 0.4118 0.2258 0.1487 0.1477 0.4032 0.5112 0.3086 0.1797 0.1374 0.2255 0.4891 0.4297 0.2349 0.1518 0.1442 0.3818 0.5140 0.3256 0.1873 0.1384 0.1929 0.4740 0.4596 0.2536 0.1590 0.1394 0.3280 0.5108 0.3695 0.2080 0.1440 0.1549 0.4244 0.5068 0.3016 0.1789 0.1375 0.2114 0.4804 0.4528 0.2515 0.1590 0.1392 0.3204 0.5093 0.3787 0.2152
0.3813 0.5077 0.3108 0.1387 0.1605 0.2556 0.4592 0.4766 0.2029 0.1377 0.1810 0.3066 0.5089 0.4187 0.1532 0.1447 0.2101 0.3735 0.5101 0.3239 0.1392 0.1594 0.2540 0.4596 0.4744 0.1944 0.1383 0.1863 0.3229 0.5137 0.3867 0.1449 0.1510 0.2321 0.4240 0.4919 0.2343 0.1372 0.1777 0.3037 0.5097 0.4098 0.1491 0.1477 0.2226 0.4054 0.4993 0.2618 0.1370 0.1663 0.2193 0.1663 0.1370 0.2618 0.4993 0.4054 0.2226 0.1477 0.1491 0.4098 0.5097 0.3037 0.1777 0.1372 0.2343 0.4919 0.4240 0.2321 0.1510 0.1449 0.3867 0.5137 0.3229 0.1863 0.1383 0.1944 0.4744 0.4596 0.2540 0.1594 0.1392 0.3239 0.5101 0.3735 0.2101 0.1447 0.1532 0.4187 0.5089 0.3066 0.1810 0.1377 0.2029 0.4766 0.4592 0.2556 0.1605 0.1387 0.3108 0.5077 0.3813
0.5061 0.3010 0.1382 0.1621 0.2597 0.4655 0.4725 0.1951 0.1380 0.1832 0.3119 0.5107 0.4123 0.1514 0.1455 0.2126 0.3785 0.5091 0.3182 0.1389 0.1600 0.2553 0.4610 0.4740 0.1944 0.1383 0.1858 0.3211 0.5134 0.3905 0.1456 0.1502 0.2298 0.4190 0.4942 0.2425 0.1371 0.1759 0.2990 0.5077 0.4161 0.1507 0.1468 0.2196 0.3991 0.5015 0.2708 0.1372 0.1695 0.2736 0.3992 0.2736 0.1695 0.1372 0.2708 0.5015 0.3991 0.2196 0.1468 0.1507 0.4161 0.5077 0.2990 0.1759 0.1371 0.2425 0.4942 0.4190 0.2298 0.1502 0.1456 0.3905 0.5134 0.3211 0.1858 0.1383 0.1944 0.4740 0.4610 0.2553 0.1600 0.1389 0.3182 0.5091 0.3785 0.2126 0.1455 0.1514 0.4123 0.5107 0.3119 0.1832 0.1380 0.1951 0.4725 0.4655 0.2597 0.1621 0.1382 0.3010 0.5061
0.2958 0.1379 0.1637 0.2639 0.4715 0.4682 0.1880 0.1384 0.1855 0.3172 0.5121 0.4055 0.1497 0.1464 0.2154 0.3841 0.5078 0.3110 0.1386 0.1609 0.2574 0.4636 0.4726 0.1929 0.1383 0.1858 0.3205 0.5132 0.3928 0.1461 0.1497 0.2279 0.4148 0.4961 0.2498 0.1371 0.1742 0.2947 0.5055 0.4221 0.1524 0.1459 0.2166 0.3928 0.5036 0.2803 0.1373 0.1686 0.2790 0.4844 0.5014 0.4844 0.2790 0.1686 0.1373 0.2803 0.5036 0.3928 0.2166 0.1459 0.1524 0.4221 0.5055 0.2947 0.1742 0.1371 0.2498 0.4961 0.4148 0.2279 0.1497 0.1461 0.3928 0.5132 0.3205 0.1858 0.1383 0.1929 0.4726 0.4636 0.2574 0.1609 0.1386 0.3110 0.5078 0.3841 0.2154 0.1464 0.1497 0.4055 0.5121 0.3172 0.1855 0.1384 0.1880 0.4682 0.4715 0.2639 0.1637 0.1379 0.2958
0.1459 0.1654 0.2682 0.4773 0.4637 0.1818 0.1389 0.1879 0.3227 0.5131 0.3984 0.1481 0.1474 0.2185 0.3904 0.5062 0.3025 0.1383 0.1621 0.2602 0.4672 0.4705 0.1899 0.1384 0.1863 0.3211 0.5132 0.3936 0.1464 0.1493 0.2265 0.4115 0.4976 0.2561 0.1371 0.1728 0.2909 0.5032 0.4275 0.1543 0.1450 0.2137 0.3866 0.5055 0.2897 0.1376 0.1671 0.2766 0.4899 0.4565 0.2916 0.4565 0.4899 0.2766 0.1671 0.1376 0.2897 0.5055 0.3866 0.2137 0.1450 0.1543 0.4275 0.5032 0.2909 0.1728 0.1371 0.2561 0.4976 0.4115 0.2265 0.1493 0.1464 0.3936 0.5132 0.3211 0.1863 0.1384 0.1899 0.4705 0.4672 0.2602 0.1621 0.1383 0.3025 0.5062 0.3904 0.2185 0.1474 0.1481 0.3984 0.5131 0.3227 0.1879 0.1389 0.1818 0.4637 0.4773 0.2682 0.1654 0.1459
0.1718 0.2726 0.4827 0.4590 0.1763 0.1394 0.1903 0.3282 0.5138 0.3910 0.1467 0.1484 0.2217 0.3970 0.5043 0.2932 0.1379 0.1635 0.2635 0.4716 0.4676 0.1860 0.1386 0.1873 0.3229 0.5134 0.3928 0.1464 0.1492 0.2258 0.4095 0.4986 0.2609 0.1372 0.1716 0.2877 0.5008 0.4321 0.1561 0.1442 0.2110 0.3806 0.5072 0.2989 0.1378 0.1656 0.2728 0.4874 0.4516 0.1741 0.1355 0.1741 0.4516 0.4874 0.2728 0.1656 0.1378 0.2989 0.5072 0.3806 0.2110 0.1442 0.1561 0.4321 0.5008 0.2877 0.1716 0.1372 0.2609 0.4986 0.4095 0.2258 0.1492 0.1464 0.3928 0.5134 0.3229 0.1873 0.1386 0.1860 0.4676 0.4716 0.2635 0.1635 0.1379 0.2932 0.5043 0.3970 0.2217 0.1484 0.1467 0.3910 0.5138 0.3282 0.1903 0.1394 0.1763 0.4590 0.4827 0.2726 0.1718
0.2768 0.4879 0.4540 0.1716 0.1400 0.1927 0.3339 0.5142 0.3834 0.1454 0.1495 0.2249 0.4036 0.5022 0.2833 0.1376 0.1650 0.2673 0.4765 0.4640 0.1815 0.1390 0.1887 0.3256 0.5137 0.3905 0.1461 0.1493 0.2258 0.4087 0.4991 0.2639 0.1372 0.1707 0.2851 0.4986 0.4360 0.1578 0.1436 0.2086 0.3751 0.5087 0.3078 0.1381 0.1640 0.2688 0.4832 0.4543 0.1693 0.1386 0.1610 0.1386 0.1693 0.4543 0.4832 0.2688 0.1640 0.1381 0.3078 0.5087 0.3751 0.2086 0.1436 0.1578 0.4360 0.4986 0.2851 0.1707 0.1372 0.2639 0.4991 0.4087 0.2258 0.1493 0.1461 0.3905 0.5137 0.3256 0.1887 0.1390 0.1815 0.4640 0.4765 0.2673 0.1650 0.1376 0.2833 0.5022 0.4036 0.2249 0.1495 0.1454 0.3834 0.5142 0.3339 0.1927 0.1400 0.1716 0.4540 0.4879 0.2768
0.4882 0.4488 0.1675 0.1406 0.1953 0.3397 0.5143 0.3756 0.1442 0.1507 0.2283 0.4104 0.4998 0.2732 0.1374 0.1667 0.2715 0.4815 0.4599 0.1770 0.1394 0.1904 0.3293 0.5140 0.3867 0.1456 0.1497 0.2265 0.4095 0.4991 0.2650 0.1372 0.1702 0.2833 0.4969 0.4391 0.1593 0.1430 0.2065 0.3702 0.5099 0.3160 0.1385 0.1626 0.2649 0.4784 0.4585 0.1717 0.1401 0.1899 0.2617 0.1899 0.1401 0.1717 0.4585 0.4784 0.2649 0.1626 0.1385 0.3160 0.5099 0.3702 0.2065 0.1430 0.1593 0.4391 0.4969 0.2833 0.1702 0.1372 0.2650 0.4991 0.4095 0.2265 0.1497 0.1456 0.3867 0.5140 0.3293 0.1904 0.1394 0.1770 0.4599 0.4815 0.2715 0.1667 0.1374 0.2732 0.4998 0.4104 0.2283 0.1507 0.1442 0.3756 0.5143 0.3397 0.1953 0.1406 0.1675 0.4488 0.4882
0.4457 0.1640 0.1413 0.1979 0.3456 0.5141 0.3675 0.1432 0.1519 0.2317 0.4172 0.4973 0.2630 0.1372 0.1684 0.2759 0.4866 0.4553 0.1726 0.1398 0.1924 0.3337 0.5142 0.3818 0.1449 0.1502 0.2279 0.4115 0.4986 0.2639 0.1372 0.1700 0.2823 0.4957 0.4413 0.1606 0.1426 0.2049 0.3661 0.5108 0.3232 0.1389 0.1612 0.2613 0.4733 0.4626 0.1755 0.1399 0.1939 0.3308 0.4728 0.3308 0.1939 0.1399 0.1755 0.4626 0.4733 0.2613 0.1612 0.1389 0.3232 0.5108 0.3661 0.2049 0.1426 0.1606 0.4413 0.4957 0.2823 0.1700 0.1372 0.2639 0.4986 0.4115 0.2279 0.1502 0.1449 0.3818 0.5142 0.3337 0.1924 0.1398 0.1726 0.4553 0.4866 0.2759 0.1684 0.1372 0.2630 0.4973 0.4172 0.2317 0.1519 0.1432 0.3675 0.5141 0.3456 0.1979 0.1413 0.1640 0.4457
0.1688 0.1420 0.2006 0.3517 0.5137 0.3591 0.1422 0.1531 0.2353 0.4240 0.4946 0.2530 0.1371 0.1703 0.2804 0.4913 0.4502 0.1685 0.1404 0.1947 0.3387 0.5143 0.3759 0.1442 0.1510 0.2298 0.4148 0.4976 0.2609 0.1372 0.1702 0.2823 0.4953 0.4424 0.1615 0.1423 0.2036 0.3629 0.5115 0.3291 0.1392 0.1601 0.2580 0.4684 0.4665 0.1800 0.1395 0.1928 0.3372 0.5129 0.4658 0.5129 0.3372 0.1928 0.1395 0.1800 0.4665 0.4684 0.2580 0.1601 0.1392 0.3291 0.5115 0.3629 0.2036 0.1423 0.1615 0.4424 0.4953 0.2823 0.1702 0.1372 0.2609 0.4976 0.4148 0.2298 0.1510 0.1442 0.3759 0.5143 0.3387 0.1947 0.1404 0.1685 0.4502 0.4913 0.2804 0.1703 0.1371 0.2530 0.4946 0.4240 0.2353 0.1531 0.1422 0.3591 0.5137 0.3517 0.2006 0.1420 0.1688
0.1496 0.2033 0.3578 0.5130 0.3505 0.1414 0.1544 0.2389 0.4307 0.4916 0.2430 0.1371 0.1721 0.2851 0.4956 0.4450 0.1649 0.1411 0.1972 0.3441 0.5142 0.3690 0.1433 0.1518 0.2321 0.4190 0.4961 0.2561 0.1372 0.1707 0.2833 0.4957 0.4424 0.1618 0.1422 0.2028 0.3605 0.5120 0.3339 0.1395 0.1592 0.2552 0.4639 0.4699 0.1848 0.1391 0.1909 0.3345 0.5140 0.3877 0.1863 0.3877 0.5140 0.3345 0.1909 0.1391 0.1848 0.4699 0.4639 0.2552 0.1592 0.1395 0.3339 0.5120 0.3605 0.2028 0.1422 0.1618 0.4424 0.4957 0.2833 0.1707 0.1372 0.2561 0.4961 0.4190 0.2321 0.1518 0.1433 0.3690 0.5142 0.3441 0.1972 0.1411 0.1649 0.4450 0.4956 0.2851 0.1721 0.1371 0.2430 0.4916 0.4307 0.2389 0.1544 0.1414 0.3505 0.5130 0.3578 0.2033 0.1496
0.2088 0.3640 0.5121 0.3417 0.1406 0.1557 0.2426 0.4375 0.4885 0.2332 0.1371 0.1741 0.2899 0.4994 0.4394 0.1617 0.1418 0.1998 0.3498 0.5138 0.3613 0.1424 0.1529 0.2349 0.4240 0.4942 0.2498 0.1371 0.1716 0.2851 0.4969 0.4413 0.1615 0.1422 0.2025 0.3593 0.5123 0.3372 0.1398 0.1584 0.2529 0.4600 0.4728 0.1896 0.1387 0.1890 0.3303 0.5142 0.3781 0.1451 0.1367 0.1451 0.3781 0.5142 0.3303 0.1890 0.1387 0.1896 0.4728 0.4600 0.2529 0.1584 0.1398 0.3372 0.5123 0.3593 0.2025 0.1422 0.1615 0.4413 0.4969 0.2851 0.1716 0.1371 0.2498 0.4942 0.4240 0.2349 0.1529 0.1424 0.3613 0.5138 0.3498 0.1998 0.1418 0.1617 0.4394 0.4994 0.2899 0.1741 0.1371 0.2332 0.4885 0.4375 0.2426 0.1557 0.1406 0.3417 0.5121 0.3640 0.2088
0.3668 0.5111 0.3326 0.1399 0.1571 0.2464 0.4442 0.4852 0.2236 0.1372 0.1761 0.2947 0.5028 0.4336 0.1589 0.1425 0.2025 0.3558 0.5132 0.3531 0.1416 0.1541 0.2382 0.4297 0.4919 0.2425 0.1371 0.1728 0.2877 0.4986 0.4391 0.1606 0.1423 0.2028 0.3593 0.5124 0.3390 0.1400 0.1579 0.2512 0.4568 0.4751 0.1940 0.1384 0.1873 0.3262 0.5140 0.3813 0.1443 0.1479 0.1830 0.1479 0.1443 0.3813 0.5140 0.3262 0.1873 0.1384 0.1940 0.4751 0.4568 0.2512 0.1579 0.1400 0.3390 0.5124 0.3593 0.2028 0.1423 0.1606 0.4391 0.4986 0.2877 0.1728 0.1371 0.2425 0.4919 0.4297 0.2382 0.1541 0.1416 0.3531 0.5132 0.3558 0.2025 0.1425 0.1589 0.4336 0.5028 0.2947 0.1761 0.1372 0.2236 0.4852 0.4442 0.2464 0.1571 0.1399 0.3326 0.5111 0.3668
0.5096 0.3233 0.1393 0.1586 0.2503 0.4507 0.4816 0.2144 0.1374 0.1781 0.2997 0.5057 0.4276 0.1564 0.1433 0.2052 0.3620 0.5124 0.3445 0.1408 0.1553 0.2417 0.4360 0.4891 0.2343 0.1371 0.1742 0.2909 0.5008 0.4360 0.1593 0.1426 0.2036 0.3605 0.5123 0.3390 0.1401 0.1576 0.2501 0.4545 0.4768 0.1978 0.1382 0.1859 0.3225 0.5137 0.3864 0.1449 0.1503 0.2227 0.3178 0.2227 0.1503 0.1449 0.3864 0.5137 0.3225 0.1859 0.1382 0.1978 0.4768 0.4545 0.2501 0.1576 0.1401 0.3390 0.5123 0.3605 0.2036 0.1426 0.1593 0.4360 0.5008 0.2909 0.1742 0.1371 0.2343 0.4891 0.4360 0.2417 0.1553 0.1408 0.3445 0.5124 0.3620 0.2052 0.1433 0.1564 0.4276 0.5057 0.2997 0.1781 0.1374 0.2144 0.4816 0.4507 0.2503 0.1586 0.1393 0.3233 0.5096
0.3182 0.1388 0.1600 0.2543 0.4571 0.4779 0.2058 0.1376 0.1803 0.3047 0.5081 0.4213 0.1542 0.1442 0.2081 0.3683 0.5114 0.3356 0.1401 0.1567 0.2453 0.4423 0.4860 0.2255 0.1372 0.1759 0.2947 0.5032 0.4321 0.1578 0.1430 0.2049 0.3629 0.5120 0.3372 0.1400 0.1576 0.2497 0.4533 0.4779 0.2005 0.1380 0.1848 0.3194 0.5133 0.3911 0.1457 0.1501 0.2281 0.4027 0.5111 0.4027 0.2281 0.1501 0.1457 0.3911 0.5133 0.3194 0.1848 0.1380 0.2005 0.4779 0.4533 0.2497 0.1576 0.1400 0.3372 0.5120 0.3629 0.2049 0.1430 0.1578 0.4321 0.5032 0.2947 0.1759 0.1372 0.2255 0.4860 0.4423 0.2453 0.1567 0.1401 0.3356 0.5114 0.3683 0.2081 0.1442 0.1542 0.4213 0.5081 0.3047 0.1803 0.1376 0.2058 0.4779 0.4571 0.2543 0.1600 0.1388 0.3182
0.1467 0.1616 0.2583 0.4634 0.4739 0.1977 0.1379 0.1824 0.3099 0.5100 0.4149 0.1522 0.1451 0.2110 0.3747 0.5101 0.3264 0.1395 0.1581 0.2490 0.4486 0.4827 0.2167 0.1374 0.1777 0.2990 0.5055 0.4275 0.1561 0.1436 0.2065 0.3661 0.5115 0.3339 0.1398 0.1579 0.2501 0.4533 0.4783 0.2021 0.1379 0.1840 0.3171 0.5128 0.3952 0.1464 0.1495 0.2273 0.4112 0.5010 0.4012 0.5010 0.4112 0.2273 0.1495 0.1464 0.3952 0.5128 0.3171 0.1840 0.1379 0.2021 0.4783 0.4533 0.2501 0.1579 0.1398 0.3339 0.5115 0.3661 0.2065 0.1436 0.1561 0.4275 0.5055 0.2990 0.1777 0.1374 0.2167 0.4827 0.4486 0.2490 0.1581 0.1395 0.3264 0.5101 0.3747 0.2110 0.1451 0.1522 0.4149 0.5100 0.3099 0.1824 0.1379 0.1977 0.4739 0.4634 0.2583 0.1616 0.1467
0.1681 0.2625 0.4695 0.4697 0.1904 0.1383 0.1847 0.3152 0.5116 0.4081 0.1504 0.1460 0.2141 0.3811 0.5087 0.3169 0.1390 0.1595 0.2529 0.4550 0.4791 0.2083 0.1376 0.1797 0.3037 0.5077 0.4221 0.1543 0.1442 0.2086 0.3702 0.5108 0.3291 0.1395 0.1584 0.2512 0.4545 0.4779 0.2021 0.1379 0.1835 0.3157 0.5125 0.3983 0.1471 0.1489 0.2256 0.4098 0.4988 0.2829 0.1458 0.2829 0.4988 0.4098 0.2256 0.1489 0.1471 0.3983 0.5125 0.3157 0.1835 0.1379 0.2021 0.4779 0.4545 0.2512 0.1584 0.1395 0.3291 0.5108 0.3702 0.2086 0.1442 0.1543 0.4221 0.5077 0.3037 0.1797 0.1376 0.2083 0.4791 0.4550 0.2529 0.1595 0.1390 0.3169 0.5087 0.3811 0.2141 0.1460 0.1504 0.4081 0.5116 0.3152 0.1847 0.1383 0.1904 0.4697 0.4695 0.2625 0.1681
0.2668 0.4754 0.4653 0.1838 0.1387 0.1870 0.3206 0.5127 0.4012 0.1487 0.1470 0.2172 0.3876 0.5070 0.3073 0.1385 0.1610 0.2569 0.4613 0.4753 0.2004 0.1378 0.1818 0.3086 0.5097 0.4161 0.1524 0.1450 0.2110 0.3751 0.5099 0.3232 0.1392 0.1592 0.2529 0.4568 0.4768 0.2005 0.1379 0.1835 0.3152 0.5123 0.4002 0.1476 0.1485 0.2241 0.4069 0.4995 0.2679 0.1366 0.1450 0.1366 0.2679 0.4995 0.4069 0.2241 0.1485 0.1476 0.4002 0.5123 0.3152 0.1835 0.1379 0.2005 0.4768 0.4568 0.2529 0.1592 0.1392 0.3232 0.5099 0.3751 0.2110 0.1450 0.1524 0.4161 0.5097 0.3086 0.1818 0.1378 0.2004 0.4753 0.4613 0.2569 0.1610 0.1385 0.3073 0.5070 0.3876 0.2172 0.1470 0.1487 0.4012 0.5127 0.3206 0.1870 0.1387 0.1838 0.4653 0.4754 0.2668
0.4761 0.4607 0.1781 0.1392 0.1894 0.3261 0.5136 0.3940 0.1473 0.1480 0.2203 0.3942 0.5052 0.2976 0.1381 0.1626 0.2610 0.4674 0.4712 0.1929 0.1381 0.1839 0.3136 0.5112 0.4098 0.1507 0.1459 0.2137 0.3806 0.5087 0.3160 0.1389 0.1601 0.2552 0.4600 0.4751 0.1978 0.1380 0.1840 0.3157 0.5123 0.4008 0.1478 0.1482 0.2230 0.4043 0.5004 0.2690 0.1371 0.1644 0.2155 0.1644 0.1371 0.2690 0.5004 0.4043 0.2230 0.1482 0.1478 0.4008 0.5123 0.3157 0.1840 0.1380 0.1978 0.4751 0.4600 0.2552 0.1601 0.1389 0.3160 0.5087 0.3806 0.2137 0.1459 0.1507 0.4098 0.5112 0.3136 0.1839 0.1381 0.1929 0.4712 0.4674 0.2610 0.1626 0.1381 0.2976 0.5052 0.3942 0.2203 0.1480 0.1473 0.3940 0.5136 0.3261 0.1894 0.1392 0.1781 0.4607 0.4761
0.4578 0.1732 0.1397 0.1918 0.3318 0.5141 0.3865 0.1459 0.1491 0.2236 0.4009 0.5031 0.2877 0.1378 0.1642 0.2652 0.4733 0.4669 0.1862 0.1385 0.1861 0.3187 0.5124 0.4032 0.1491 0.1468 0.2166 0.3866 0.5072 0.3078 0.1385 0.1612 0.2580 0.4639 0.4728 0.1940 0.1382 0.1848 0.3171 0.5125 0.4002 0.1478 0.1481 0.2224 0.4026 0.5011 0.2721 0.1372 0.1683 0.2697 0.3927 0.2697 0.1683 0.1372 0.2721 0.5011 0.4026 0.2224 0.1481 0.1478 0.4002 0.5125 0.3171 0.1848 0.1382 0.1940 0.4728 0.4639 0.2580 0.1612 0.1385 0.3078 0.5072 0.3866 0.2166 0.1468 0.1491 0.4032 0.5124 0.3187 0.1861 0.1385 0.1862 0.4669 0.4733 0.2652 0.1642 0.1378 0.2877 0.5031 0.4009 0.2236 0.1491 0.1459 0.3865 0.5141 0.3318 0.1918 0.1397 0.1732 0.4578
0.1767 0.1404 0.1943 0.3375 0.5143 0.3788 0.1447 0.1502 0.2269 0.4076 0.5009 0.2776 0.1375 0.1659 0.2695 0.4789 0.4624 0.1802 0.1390 0.1885 0.3241 0.5133 0.3964 0.1477 0.1477 0.2196 0.3928 0.5055 0.2989 0.1381 0.1626 0.2613 0.4684 0.4699 0.1896 0.1384 0.1859 0.3194 0.5128 0.3983 0.1476 0.1482 0.2224 0.4019 0.5015 0.2745 0.1373 0.1685 0.2774 0.4814 0.5028 0.4814 0.2774 0.1685 0.1373 0.2745 0.5015 0.4019 0.2224 0.1482 0.1476 0.3983 0.5128 0.3194 0.1859 0.1384 0.1896 0.4699 0.4684 0.2613 0.1626 0.1381 0.2989 0.5055 0.3928 0.2196 0.1477 0.1477 0.3964 0.5133 0.3241 0.1885 0.1390 0.1802 0.4624 0.4789 0.2695 0.1659 0.1375 0.2776 0.5009 0.4076 0.2269 0.1502 0.1447 0.3788 0.5143 0.3375 0.1943 0.1404 0.1767
0.1482 0.1969 0.3434 0.5142 0.3708 0.1436 0.1514 0.2303 0.4143 0.4984 0.2674 0.1373 0.1676 0.2739 0.4842 0.4576 0.1750 0.1395 0.1909 0.3296 0.5139 0.3893 0.1464 0.1487 0.2226 0.3991 0.5036 0.2897 0.1378 0.1640 0.2649 0.4733 0.4665 0.1848 0.1387 0.1873 0.3225 0.5133 0.3952 0.1471 0.1485 0.2230 0.4026 0.5015 0.2754 0.1373 0.1683 0.2778 0.4897 0.4578 0.2956 0.4578 0.4897 0.2778 0.1683 0.1373 0.2754 0.5015 0.4026 0.2230 0.1485 0.1471 0.3952 0.5133 0.3225 0.1873 0.1387 0.1848 0.4665 0.4733 0.2649 0.1640 0.1378 0.2897 0.5036 0.3991 0.2226 0.1487 0.1464 0.3893 0.5139 0.3296 0.1909 0.1395 0.1750 0.4576 0.4842 0.2739 0.1676 0.1373 0.2674 0.4984 0.4143 0.2303 0.1514 0.1436 0.3708 0.5142 0.3434 0.1969 0.1482
0.2024 0.3493 0.5139 0.3625 0.1426 0.1526 0.2338 0.4210 0.4958 0.2574 0.1372 0.1694 0.2783 0.4892 0.4527 0.1705 0.1401 0.1933 0.3352 0.5142 0.3818 0.1451 0.1498 0.2258 0.4054 0.5015 0.2803 0.1376 0.1656 0.2688 0.4784 0.4626 0.1800 0.1391 0.1890 0.3262 0.5137 0.3911 0.1464 0.1489 0.2241 0.4043 0.5011 0.2745 0.1373 0.1681 0.2775 0.4906 0.4499 0.1739 0.1356 0.1739 0.4499 0.4906 0.2775 0.1681 0.1373 0.2745 0.5011 0.4043 0.2241 0.1489 0.1464 0.3911 0.5137 0.3262 0.1890 0.1391 0.1800 0.4626 0.4784 0.2688 0.1656 0.1376 0.2803 0.5015 0.4054 0.2258 0.1498 0.1451 0.3818 0.5142 0.3352 0.1933 0.1401 0.1705 0.4527 0.4892 0.2783 0.1694 0.1372 0.2574 0.4958 0.4210 0.2338 0.1526 0.1426 0.3625 0.5139 0.3493 0.2024
0.3522 0.5134 0.3542 0.1417 0.1538 0.2373 0.4277 0.4930 0.2475 0.1371 0.1712 0.2829 0.4936 0.4475 0.1666 0.1407 0.1958 0.3409 0.5142 0.3740 0.1440 0.1509 0.2290 0.4118 0.4993 0.2708 0.1373 0.1671 0.2728 0.4832 0.4585 0.1755 0.1395 0.1909 0.3303 0.5140 0.3864 0.1457 0.1495 0.2256 0.4069 0.5004 0.2721 0.1373 0.1683 0.2775 0.4905 0.4487 0.1666 0.1388 0.1614 0.1388 0.1666 0.4487 0.4905 0.2775 0.1683 0.1373 0.2721 0.5004 0.4069 0.2256 0.1495 0.1457 0.3864 0.5140 0.3303 0.1909 0.1395 0.1755 0.4585 0.4832 0.2728 0.1671 0.1373 0.2708 0.4993 0.4118 0.2290 0.1509 0.1440 0.3740 0.5142 0.3409 0.1958 0.1407 0.1666 0.4475 0.4936 0.2829 0.1712 0.1371 0.2475 0.4930 0.4277 0.2373 0.1538 0.1417 0.3542 0.5134 0.3522
0.5121 0.3463 0.1409 0.1550 0.2406 0.4338 0.4902 0.2385 0.1371 0.1729 0.2872 0.4973 0.4426 0.1635 0.1413 0.1981 0.3463 0.5140 0.3667 0.1430 0.1519 0.2321 0.4179 0.4970 0.2618 0.1372 0.1686 0.2766 0.4874 0.4543 0.1717 0.1399 0.1928 0.3345 0.5142 0.3813 0.1449 0.1501 0.2273 0.4098 0.4995 0.2690 0.1372 0.1685 0.2778 0.4906 0.4487 0.1659 0.1408 0.1916 0.2641 0.1916 0.1408 0.1659 0.4487 0.4906 0.2778 0.1685 0.1372 0.2690 0.4995 0.4098 0.2273 0.1501 0.1449 0.3813 0.5142 0.3345 0.1928 0.1399 0.1717 0.4543 0.4874 0.2766 0.1686 0.1372 0.2618 0.4970 0.4179 0.2321 0.1519 0.1430 0.3667 0.5140 0.3463 0.1981 0.1413 0.1635 0.4426 0.4973 0.2872 0.1729 0.1371 0.2385 0.4902 0.4338 0.2406 0.1550 0.1409 0.3463 0.5121
0.3454 0.1404 0.1555 0.2426 0.4376 0.4882 0.2328 0.1370 0.1739 0.2898 0.4993 0.4393 0.1615 0.1416 0.1995 0.3497 0.5136 0.3618 0.1423 0.1525 0.2339 0.4217 0.4952 0.2560 0.1370 0.1695 0.2790 0.4899 0.4516 0.1693 0.1401 0.1939 0.3372 0.5140 0.3781 0.1443 0.1503 0.2281 0.4112 0.4988 0.2679 0.1371 0.1683 0.2774 0.4897 0.4499 0.1666 0.1408 0.1966 0.3352 0.4761 0.3352 0.1966 0.1408 0.1666 0.4499 0.4897 0.2774 0.1683 0.1371 0.2679 0.4988 0.4112 0.2281 0.1503 0.1443 0.3781 0.5140 0.3372 0.1939 0.1401 0.1693 0.4516 0.4899 0.2790 0.1695 0.1370 0.2560 0.4952 0.4217 0.2339 0.1525 0.1423 0.3618 0.5136 0.3497 0.1995 0.1416 0.1615 0.4393 0.4993 0.2898 0.1739 0.1370 0.2328 0.4882 0.4376 0.2426 0.1555 0.1404 0.3454
0.1490 0.1530 0.2376 0.4306 0.4905 0.2439 0.1361 0.1706 0.2844 0.4949 0.4448 0.1646 0.1400 0.1955 0.3435 0.5130 0.3713 0.1427 0.1501 0.2292 0.4147 0.4970 0.2676 0.1363 0.1663 0.2736 0.4844 0.4565 0.1741 0.1386 0.1899 0.3308 0.5129 0.3877 0.1451 0.1479 0.2227 0.4027 0.5010 0.2829 0.1366 0.1644 0.2697 0.4814 0.4578 0.1739 0.1388 0.1916 0.3352 0.5116 0.4689 0.5116 0.3352 0.1916 0.1388 0.1739 0.4578 0.4814 0.2697 0.1644 0.1366 0.2829 0.5010 0.4027 0.2227 0.1479 0.1451 0.3877 0.5129 0.3308 0.1899 0.1386 0.1741 0.4565 0.4844 0.2736 0.1663 0.1363 0.2676 0.4970 0.4147 0.2292 0.1501 0.1427 0.3713 0.5130 0.3435 0.1955 0.1400 0.1646 0.4448 0.4949 0.2844 0.1706 0.1361 0.2439 0.4905 0.4306 0.2376 0.1530 0.1490
0.1464 0.1938 0.3427 0.5122 0.3709 0.1408 0.1489 0.2272 0.4149 0.4960 0.2685 0.1352 0.1647 0.2715 0.4846 0.4560 0.1736 0.1377 0.1877 0.3287 0.5122 0.3889 0.1435 0.1463 0.2193 0.3992 0.5014 0.2916 0.1355 0.1610 0.2617 0.4728 0.4658 0.1863 0.1367 0.1830 0.3178 0.5111 0.4012 0.1458 0.1450 0.2155 0.3927 0.5028 0.2956 0.1356 0.1614 0.2641 0.4761 0.4689 0.3282 0.4689 0.4761 0.2641 0.1614 0.1356 0.2956 0.5028 0.3927 0.2155 0.1450 0.1458 0.4012 0.5111 0.3178 0.1830 0.1367 0.1863 0.4658 0.4728 0.2617 0.1610 0.1355 0.2916 0.5014 0.3992 0.2193 0.1463 0.1435 0.3889 0.5122 0.3287 0.1877 0.1377 0.1736 0.4560 0.4846 0.2715 0.1647 0.1352 0.2685 0.4960 0.4149 0.2272 0.1489 0.1408 0.3709 0.5122 0.3427 0.1938 0.1464
0.1490 0.1530 0.2376 0.4306 0.4905 0.2439 0.1361 0.1706 0.2844 0.4949 0.4448 0.1646 0.1400 0.1955 0.3435 0.5130 0.3713 0.1427 0.1501 0.2292 0.4147 0.4970 0.2676 0.1363 0.1663 0.2736 0.4844 0.4565 0.1741 0.1386 0.1899 0.3308 0.5129 0.3877 0.1451 0.1479 0.2227 0.4027 0.5010 0.2829 0.1366 0.1644 0.2697 0.4814 0.4578 0.1739 0.1388 0.1916 0.3352 0.5116 0.4689 0.5116 0.3352 0.1916 0.1388 0.1739 0.4578 0.4814 0.2697 0.1644 0.1366 0.2829 0.5010 0.4027 0.2227 0.1479 0.1451 0.3877 0.5129 0.3308 0.1899 0.1386 0.1741 0.4565 0.4844 0.2736 0.1663 0.1363 0.2676 0.4970 0.4147 0.2292 0.1501 0.1427 0.3713 0.5130 0.3435 0.1955 0.1400 0.1646 0.4448 0.4949 0.2844 0.1706 0.1361 0.2439 0.4905 0.4306 0.2376 0.1530 0.1490
0.3454 0.1404 0.1555 0.2426 0.4376 0.4882 0.2328 0.1370 0.1739 0.2898 0.4993 0.4393 0.1615 0.1416 0.1995 0.3497 0.5136 0.3618 0.1423 0.1525 0.2339 0.4217 0.4952 0.2560 0.1370 0.1695 0.2790 0.4899 0.4516 0.1693 0.1401 0.1939 0.3372 0.5140 0.3781 0.1443 0.1503 0.2281 0.4112 0.4988 0.2679 0.1371 0.1683 0.2774 0.4897 0.4499 0.1666 0.1408 0.1966 0.3352 0.4761 0.3352 0.1966 0.1408 0.1666 0.4499 0.4897 0.2774 0.1683 0.1371 0.2679 0.4988 0.4112 0.2281 0.1503 0.1443 0.3781 0.5140 0.3372 0.1939 0.1401 0.1693 0.4516 0.4899 0.2790 0.1695 0.1370 0.2560 0.4952 0.4217 0.2339 0.1525 0.1423 0.3618 0.5136 0.3497 0.1995 0.1416 0.1615 0.4393 0.4993 0.2898 0.1739 0.1370 0.2328 0.4882 0.4376 0.2426 0.1555 0.1404 0.3454
0.5121 0.3463 0.1409 0.1550 0.2406 0.4338 0.4902 0.2385 0.1371 0.1729 0.2872 0.4973 0.4426 0.1635 0.1413 0.1981 0.3463 0.5140 0.3667 0.1430 0.1519 0.2321 0.4179 0.4970 0.2618 0.1372 0.1686 0.2766 0.4874 0.4543 0.1717 0.1399 0.1928 0.3345 0.5142 0.3813 0.1449 0.1501 0.2273 0.4098 0.4995 0.2690 0.1372 0.1685 0.2778 0.4906 0.4487 0.1659 0.1408 0.1916 0.2641 0.1916 0.1408 0.1659 0.4487 0.4906 0.2778 0.1685 0.1372 0.2690 0.4995 0.4098 0.2273 0.1501 0.1449 0.3813 0.5142 0.3345 0.1928 0.1399 0.1717 0.4543 0.4874 0.2766 0.1686 0.1372 0.2618 0.4970 0.4179 0.2321 0.1519 0.1430 0.3667 0.5140 0.3463 0.1981 0.1413 0.1635 0.4426 0.4973 0.2872 0.1729 0.1371 0.2385 0.4902 0.4338 0.2406 0.1550 0.1409 0.3463 0.5121
0.3522 0.5134 0.3542 0.1417 0.1538 0.2373 0.4277 0.4930 0.2475 0.1371 0.1712 0.2829 0.4936 0.4475 0.1666 0.1407 0.1958 0.3409 0.5142 0.3740 0.1440 0.1509 0.2290 0.4118 0.4993 0.2708 0.1373 0.1671 0.2728 0.4832 0.4585 0.1755 0.1395 0.1909 0.3303 0.5140 0.3864 0.1457 0.1495 0.2256 0.4069 0.5004 0.2721 0.1373 0.1683 0.2775 0.4905 0.4487 0.1666 0.1388 0.1614 0.1388 0.1666 0.4487 0.4905 0.2775 0.1683 0.1373 0.2721 0.5004 0.4069 0.2256 0.1495 0.1457 0.3864 0.5140 0.3303 0.1909 0.1395 0.1755 0.4585 0.4832 0.2728 0.1671 0.1373 0.2708 0.4993 0.4118 0.2290 0.1509 0.1440 0.3740 0.5142 0.3409 0.1958 0.1407 0.1666 0.4475 0.4936 0.2829 0.1712 0.1371 0.2475 0.4930 0.4277 0.2373 0.1538 0.1417 0.3542 0.5134 0.3522
0.2024 0.3493 0.5139 0.3625 0.1426 0.1526 0.2338 0.4210 0.4958 0.2574 0.1372 0.1694 0.2783 0.4892 0.4527 0.1705 0.1401 0.1933 0.3352 0.5142 0.3818 0.1451 0.1498 0.2258 0.4054 0.5015 0.2803 0.1376 0.1656 0.2688 0.4784 0.4626 0.1800 0.1391 0.1890 0.3262 0.5137 0.3911 0.1464 0.1489 0.2241 0.4043 0.5011 0.2745 0.1373 0.1681 0.2775 0.4906 0.4499 0.1739 0.1356 0.1739 0.4499 0.4906 0.2775 0.1681 0.1373 0.2745 0.5011 0.4043 0.2241 0.1489 0.1464 0.3911 0.5137 0.3262 0.1890 0.1391 0.1800 0.4626 0.4784 0.2688 0.1656 0.1376 0.2803 0.5015 0.4054 0.2258 0.1498 0.1451 0.3818 0.5142 0.3352 0.1933 0.1401 0.1705 0.4527 0.4892 0.2783 0.1694 0.1372 0.2574 0.4958 0.4210 0.2338 0.1526 0.1426 0.3625 0.5139 0.3493 0.2024
