0.1591 0.2200 0.3920 0.5028 0.2789 0.1455 0.1747 0.2844 0.4956 0.4361 0.1644 0.1509 0.2136 0.3776 0.5071 0.3015 0.1461 0.1708 0.2743 0.4854 0.4488 0.1705 0.1493 0.2072 0.3633 0.5103 0.3234 0.1470 0.1673 0.2647 0.4732 0.4603 0.1787 0.1479 0.2012 0.3495 0.5123 0.3444 0.1482 0.1640 0.2554 0.4593 0.4708 0.1904 0.1468 0.1954 0.3357 0.5131 0.3696 0.1517 0.1451 0.1517 0.3696 0.5131 0.3357 0.1954 0.1468 0.1904 0.4708 0.4593 0.2554 0.1640 0.1482 0.3444 0.5123 0.3495 0.2012 0.1479 0.1787 0.4603 0.4732 0.2647 0.1673 0.1470 0.3234 0.5103 0.3633 0.2072 0.1493 0.1705 0.4488 0.4854 0.2743 0.1708 0.1461 0.3015 0.5071 0.3776 0.2136 0.1509 0.1644 0.4361 0.4956 0.2844 0.1747 0.1455 0.2789 0.5028 0.3920 0.2200 0.1591
0.2200 0.3929 0.5041 0.2825 0.1374 0.1685 0.2805 0.4957 0.4394 0.1589 0.1434 0.2082 0.3749 0.5087 0.3067 0.1381 0.1644 0.2700 0.4850 0.4519 0.1659 0.1416 0.2017 0.3604 0.5117 0.3286 0.1391 0.1607 0.2602 0.4724 0.4632 0.1756 0.1400 0.1956 0.3464 0.5137 0.3493 0.1405 0.1573 0.2509 0.4581 0.4734 0.1894 0.1388 0.1897 0.3326 0.5143 0.3705 0.1428 0.1495 0.1867 0.1495 0.1428 0.3705 0.5143 0.3326 0.1897 0.1388 0.1894 0.4734 0.4581 0.2509 0.1573 0.1405 0.3493 0.5137 0.3464 0.1956 0.1400 0.1756 0.4632 0.4724 0.2602 0.1607 0.1391 0.3286 0.5117 0.3604 0.2017 0.1416 0.1659 0.4519 0.4850 0.2700 0.1644 0.1381 0.3067 0.5087 0.3749 0.2082 0.1434 0.1589 0.4394 0.4957 0.2805 0.1685 0.1374 0.2825 0.5041 0.3929 0.2200
0.3920 0.5041 0.2863 0.1376 0.1672 0.2766 0.4917 0.4447 0.1616 0.1426 0.2053 0.3685 0.5101 0.3164 0.1385 0.1628 0.2657 0.4796 0.4570 0.1698 0.1409 0.1990 0.3542 0.5127 0.3378 0.1397 0.1592 0.2561 0.4663 0.4677 0.1810 0.1394 0.1930 0.3405 0.5141 0.3580 0.1413 0.1559 0.2469 0.4516 0.4773 0.1966 0.1383 0.1873 0.3269 0.5141 0.3778 0.1435 0.1519 0.2274 0.3259 0.2274 0.1519 0.1435 0.3778 0.5141 0.3269 0.1873 0.1383 0.1966 0.4773 0.4516 0.2469 0.1559 0.1413 0.3580 0.5141 0.3405 0.1930 0.1394 0.1810 0.4677 0.4663 0.2561 0.1592 0.1397 0.3378 0.5127 0.3542 0.1990 0.1409 0.1698 0.4570 0.4796 0.2657 0.1628 0.1385 0.3164 0.5101 0.3685 0.2053 0.1426 0.1616 0.4447 0.4917 0.2766 0.1672 0.1376 0.2863 0.5041 0.3920
0.5028 0.2825 0.1376 0.1666 0.2743 0.4886 0.4488 0.1643 0.1419 0.2027 0.3624 0.5113 0.3258 0.1389 0.1612 0.2614 0.4740 0.4618 0.1742 0.1402 0.1963 0.3481 0.5134 0.3468 0.1403 0.1577 0.2521 0.4601 0.4720 0.1872 0.1389 0.1906 0.3346 0.5143 0.3664 0.1421 0.1546 0.2431 0.4451 0.4811 0.2046 0.1380 0.1850 0.3214 0.5137 0.3855 0.1446 0.1514 0.2322 0.4113 0.5120 0.4113 0.2322 0.1514 0.1446 0.3855 0.5137 0.3214 0.1850 0.1380 0.2046 0.4811 0.4451 0.2431 0.1546 0.1421 0.3664 0.5143 0.3346 0.1906 0.1389 0.1872 0.4720 0.4601 0.2521 0.1577 0.1403 0.3468 0.5134 0.3481 0.1963 0.1402 0.1742 0.4618 0.4740 0.2614 0.1612 0.1389 0.3258 0.5113 0.3624 0.2027 0.1419 0.1643 0.4488 0.4886 0.2743 0.1666 0.1376 0.2825 0.5028
0.2789 0.1374 0.1672 0.2743 0.4874 0.4512 0.1665 0.1414 0.2005 0.3569 0.5123 0.3347 0.1395 0.1597 0.2573 0.4681 0.4664 0.1794 0.1396 0.1938 0.3421 0.5140 0.3555 0.1410 0.1563 0.2481 0.4537 0.4761 0.1941 0.1385 0.1882 0.3289 0.5142 0.3746 0.1431 0.1533 0.2394 0.4384 0.4847 0.2132 0.1377 0.1828 0.3160 0.5129 0.3929 0.1457 0.1503 0.2304 0.4184 0.4983 0.3927 0.4983 0.4184 0.2304 0.1503 0.1457 0.3929 0.5129 0.3160 0.1828 0.1377 0.2132 0.4847 0.4384 0.2394 0.1533 0.1431 0.3746 0.5142 0.3289 0.1882 0.1385 0.1941 0.4761 0.4537 0.2481 0.1563 0.1410 0.3555 0.5140 0.3421 0.1938 0.1396 0.1794 0.4664 0.4681 0.2573 0.1597 0.1395 0.3347 0.5123 0.3569 0.2005 0.1414 0.1665 0.4512 0.4874 0.2743 0.1672 0.1374 0.2789
0.1455 0.1685 0.2766 0.4886 0.4512 0.1673 0.1411 0.1989 0.3527 0.5130 0.3424 0.1400 0.1583 0.2534 0.4620 0.4707 0.1853 0.1391 0.1913 0.3363 0.5142 0.3640 0.1419 0.1550 0.2443 0.4471 0.4799 0.2019 0.1381 0.1858 0.3234 0.5139 0.3825 0.1441 0.1520 0.2358 0.4317 0.4880 0.2222 0.1374 0.1806 0.3107 0.5118 0.4002 0.1471 0.1492 0.2273 0.4145 0.4966 0.2728 0.1442 0.2728 0.4966 0.4145 0.2273 0.1492 0.1471 0.4002 0.5118 0.3107 0.1806 0.1374 0.2222 0.4880 0.4317 0.2358 0.1520 0.1441 0.3825 0.5139 0.3234 0.1858 0.1381 0.2019 0.4799 0.4471 0.2443 0.1550 0.1419 0.3640 0.5142 0.3363 0.1913 0.1391 0.1853 0.4707 0.4620 0.2534 0.1583 0.1400 0.3424 0.5130 0.3527 0.1989 0.1411 0.1673 0.4512 0.4886 0.2766 0.1685 0.1455
0.1747 0.2805 0.4917 0.4488 0.1665 0.1411 0.1984 0.3504 0.5134 0.3482 0.1405 0.1571 0.2499 0.4562 0.4747 0.1919 0.1386 0.1888 0.3306 0.5143 0.3723 0.1428 0.1537 0.2405 0.4405 0.4836 0.2103 0.1378 0.1835 0.3179 0.5132 0.3901 0.1453 0.1508 0.2323 0.4249 0.4912 0.2317 0.1373 0.1784 0.3055 0.5103 0.4072 0.1485 0.1482 0.2240 0.4084 0.4983 0.2612 0.1364 0.1458 0.1364 0.2612 0.4983 0.4084 0.2240 0.1482 0.1485 0.4072 0.5103 0.3055 0.1784 0.1373 0.2317 0.4912 0.4249 0.2323 0.1508 0.1453 0.3901 0.5132 0.3179 0.1835 0.1378 0.2103 0.4836 0.4405 0.2405 0.1537 0.1428 0.3723 0.5143 0.3306 0.1888 0.1386 0.1919 0.4747 0.4562 0.2499 0.1571 0.1405 0.3482 0.5134 0.3504 0.1984 0.1411 0.1665 0.4488 0.4917 0.2805 0.1747
0.2844 0.4957 0.4447 0.1643 0.1414 0.1989 0.3504 0.5135 0.3513 0.1409 0.1562 0.2471 0.4510 0.4781 0.1986 0.1382 0.1866 0.3250 0.5140 0.3802 0.1438 0.1524 0.2369 0.4337 0.4870 0.2193 0.1375 0.1813 0.3125 0.5122 0.3975 0.1465 0.1497 0.2288 0.4181 0.4942 0.2415 0.1372 0.1764 0.3004 0.5084 0.4139 0.1501 0.1471 0.2208 0.4018 0.5006 0.2672 0.1370 0.1654 0.2176 0.1654 0.1370 0.2672 0.5006 0.4018 0.2208 0.1471 0.1501 0.4139 0.5084 0.3004 0.1764 0.1372 0.2415 0.4942 0.4181 0.2288 0.1497 0.1465 0.3975 0.5122 0.3125 0.1813 0.1375 0.2193 0.4870 0.4337 0.2369 0.1524 0.1438 0.3802 0.5140 0.3250 0.1866 0.1382 0.1986 0.4781 0.4510 0.2471 0.1562 0.1409 0.3513 0.5135 0.3504 0.1989 0.1414 0.1643 0.4447 0.4957 0.2844
0.4956 0.4394 0.1616 0.1419 0.2005 0.3527 0.5134 0.3513 0.1411 0.1558 0.2453 0.4472 0.4807 0.2048 0.1379 0.1845 0.3199 0.5135 0.3878 0.1449 0.1512 0.2333 0.4270 0.4903 0.2287 0.1373 0.1791 0.3073 0.5109 0.4046 0.1479 0.1486 0.2254 0.4114 0.4969 0.2515 0.1371 0.1744 0.2954 0.5061 0.4205 0.1519 0.1461 0.2176 0.3951 0.5028 0.2764 0.1373 0.1685 0.2711 0.3955 0.2711 0.1685 0.1373 0.2764 0.5028 0.3951 0.2176 0.1461 0.1519 0.4205 0.5061 0.2954 0.1744 0.1371 0.2515 0.4969 0.4114 0.2254 0.1486 0.1479 0.4046 0.5109 0.3073 0.1791 0.1373 0.2287 0.4903 0.4270 0.2333 0.1512 0.1449 0.3878 0.5135 0.3199 0.1845 0.1379 0.2048 0.4807 0.4472 0.2453 0.1558 0.1411 0.3513 0.5134 0.3527 0.2005 0.1419 0.1616 0.4394 0.4956
0.4361 0.1589 0.1426 0.2027 0.3569 0.5130 0.3482 0.1409 0.1558 0.2447 0.4451 0.4823 0.2095 0.1377 0.1828 0.3155 0.5127 0.3946 0.1461 0.1501 0.2298 0.4202 0.4933 0.2384 0.1372 0.1771 0.3021 0.5091 0.4115 0.1495 0.1475 0.2221 0.4047 0.4995 0.2616 0.1371 0.1724 0.2905 0.5033 0.4267 0.1539 0.1452 0.2145 0.3885 0.5049 0.2863 0.1375 0.1676 0.2765 0.4816 0.5025 0.4816 0.2765 0.1676 0.1375 0.2863 0.5049 0.3885 0.2145 0.1452 0.1539 0.4267 0.5033 0.2905 0.1724 0.1371 0.2616 0.4995 0.4047 0.2221 0.1475 0.1495 0.4115 0.5091 0.3021 0.1771 0.1372 0.2384 0.4933 0.4202 0.2298 0.1501 0.1461 0.3946 0.5127 0.3155 0.1828 0.1377 0.2095 0.4823 0.4451 0.2447 0.1558 0.1409 0.3482 0.5130 0.3569 0.2027 0.1426 0.1589 0.4361
0.1644 0.1434 0.2053 0.3624 0.5123 0.3424 0.1405 0.1562 0.2453 0.4451 0.4828 0.2121 0.1376 0.1817 0.3121 0.5119 0.4003 0.1472 0.1491 0.2266 0.4136 0.4961 0.2484 0.1371 0.1750 0.2971 0.5069 0.4181 0.1512 0.1465 0.2189 0.3980 0.5019 0.2718 0.1372 0.1705 0.2857 0.5000 0.4328 0.1561 0.1443 0.2115 0.3820 0.5068 0.2963 0.1377 0.1661 0.2740 0.4871 0.4592 0.2971 0.4592 0.4871 0.2740 0.1661 0.1377 0.2963 0.5068 0.3820 0.2115 0.1443 0.1561 0.4328 0.5000 0.2857 0.1705 0.1372 0.2718 0.5019 0.3980 0.2189 0.1465 0.1512 0.4181 0.5069 0.2971 0.1750 0.1371 0.2484 0.4961 0.4136 0.2266 0.1491 0.1472 0.4003 0.5119 0.3121 0.1817 0.1376 0.2121 0.4828 0.4451 0.2453 0.1562 0.1405 0.3424 0.5123 0.3624 0.2053 0.1434 0.1644
0.1509 0.2082 0.3685 0.5113 0.3347 0.1400 0.1571 0.2471 0.4472 0.4823 0.2121 0.1376 0.1810 0.3100 0.5112 0.4047 0.1482 0.1482 0.2238 0.4077 0.4985 0.2581 0.1371 0.1731 0.2922 0.5043 0.4245 0.1531 0.1456 0.2157 0.3913 0.5040 0.2819 0.1374 0.1687 0.2811 0.4962 0.4386 0.1585 0.1435 0.2085 0.3755 0.5085 0.3060 0.1380 0.1644 0.2700 0.4843 0.4546 0.1771 0.1356 0.1771 0.4546 0.4843 0.2700 0.1644 0.1380 0.3060 0.5085 0.3755 0.2085 0.1435 0.1585 0.4386 0.4962 0.2811 0.1687 0.1374 0.2819 0.5040 0.3913 0.2157 0.1456 0.1531 0.4245 0.5043 0.2922 0.1731 0.1371 0.2581 0.4985 0.4077 0.2238 0.1482 0.1482 0.4047 0.5112 0.3100 0.1810 0.1376 0.2121 0.4823 0.4472 0.2471 0.1571 0.1400 0.3347 0.5113 0.3685 0.2082 0.1509
0.2136 0.3749 0.5101 0.3258 0.1395 0.1583 0.2499 0.4510 0.4807 0.2095 0.1376 0.1810 0.3092 0.5108 0.4075 0.1490 0.1476 0.2216 0.4025 0.5006 0.2669 0.1372 0.1712 0.2875 0.5012 0.4306 0.1552 0.1447 0.2127 0.3847 0.5060 0.2920 0.1376 0.1669 0.2765 0.4919 0.4442 0.1613 0.1427 0.2056 0.3691 0.5100 0.3157 0.1384 0.1628 0.2657 0.4795 0.4575 0.1720 0.1382 0.1600 0.1382 0.1720 0.4575 0.4795 0.2657 0.1628 0.1384 0.3157 0.5100 0.3691 0.2056 0.1427 0.1613 0.4442 0.4919 0.2765 0.1669 0.1376 0.2920 0.5060 0.3847 0.2127 0.1447 0.1552 0.4306 0.5012 0.2875 0.1712 0.1372 0.2669 0.5006 0.4025 0.2216 0.1476 0.1490 0.4075 0.5108 0.3092 0.1810 0.1376 0.2095 0.4807 0.4510 0.2499 0.1583 0.1395 0.3258 0.5101 0.3749 0.2136
0.3776 0.5087 0.3164 0.1389 0.1597 0.2534 0.4562 0.4781 0.2048 0.1377 0.1817 0.3100 0.5108 0.4084 0.1495 0.1472 0.2200 0.3985 0.5021 0.2745 0.1373 0.1696 0.2832 0.4978 0.4364 0.1575 0.1438 0.2097 0.3782 0.5078 0.3019 0.1379 0.1652 0.2720 0.4872 0.4495 0.1645 0.1419 0.2028 0.3628 0.5112 0.3252 0.1389 0.1612 0.2615 0.4740 0.4619 0.1748 0.1397 0.1883 0.2589 0.1883 0.1397 0.1748 0.4619 0.4740 0.2615 0.1612 0.1389 0.3252 0.5112 0.3628 0.2028 0.1419 0.1645 0.4495 0.4872 0.2720 0.1652 0.1379 0.3019 0.5078 0.3782 0.2097 0.1438 0.1575 0.4364 0.4978 0.2832 0.1696 0.1373 0.2745 0.5021 0.3985 0.2200 0.1472 0.1495 0.4084 0.5108 0.3100 0.1817 0.1377 0.2048 0.4781 0.4562 0.2534 0.1597 0.1389 0.3164 0.5087 0.3776
0.5071 0.3067 0.1385 0.1612 0.2573 0.4620 0.4747 0.1986 0.1379 0.1828 0.3121 0.5112 0.4075 0.1495 0.1471 0.2192 0.3960 0.5032 0.2803 0.1374 0.1683 0.2795 0.4944 0.4415 0.1600 0.1430 0.2068 0.3718 0.5094 0.3116 0.1383 0.1635 0.2677 0.4821 0.4547 0.1681 0.1412 0.2001 0.3567 0.5123 0.3344 0.1394 0.1597 0.2574 0.4682 0.4664 0.1795 0.1395 0.1921 0.3270 0.4689 0.3270 0.1921 0.1395 0.1795 0.4664 0.4682 0.2574 0.1597 0.1394 0.3344 0.5123 0.3567 0.2001 0.1412 0.1681 0.4547 0.4821 0.2677 0.1635 0.1383 0.3116 0.5094 0.3718 0.2068 0.1430 0.1600 0.4415 0.4944 0.2795 0.1683 0.1374 0.2803 0.5032 0.3960 0.2192 0.1471 0.1495 0.4075 0.5112 0.3121 0.1828 0.1379 0.1986 0.4747 0.4620 0.2573 0.1612 0.1385 0.3067 0.5071
0.3015 0.1381 0.1628 0.2614 0.4681 0.4707 0.1919 0.1382 0.1845 0.3155 0.5119 0.4047 0.1490 0.1472 0.2192 0.3952 0.5037 0.2840 0.1375 0.1673 0.2766 0.4912 0.4458 0.1625 0.1423 0.2042 0.3657 0.5107 0.3211 0.1387 0.1619 0.2634 0.4766 0.4596 0.1722 0.1405 0.1975 0.3506 0.5131 0.3434 0.1400 0.1582 0.2534 0.4620 0.4707 0.1854 0.1390 0.1909 0.3330 0.5126 0.4688 0.5126 0.3330 0.1909 0.1390 0.1854 0.4707 0.4620 0.2534 0.1582 0.1400 0.3434 0.5131 0.3506 0.1975 0.1405 0.1722 0.4596 0.4766 0.2634 0.1619 0.1387 0.3211 0.5107 0.3657 0.2042 0.1423 0.1625 0.4458 0.4912 0.2766 0.1673 0.1375 0.2840 0.5037 0.3952 0.2192 0.1472 0.1490 0.4047 0.5119 0.3155 0.1845 0.1382 0.1919 0.4707 0.4681 0.2614 0.1628 0.1381 0.3015
0.1461 0.1644 0.2657 0.4740 0.4664 0.1853 0.1386 0.1866 0.3199 0.5127 0.4003 0.1482 0.1476 0.2200 0.3960 0.5037 0.2852 0.1376 0.1667 0.2745 0.4886 0.4492 0.1648 0.1417 0.2019 0.3602 0.5118 0.3300 0.1392 0.1604 0.2593 0.4709 0.4643 0.1770 0.1399 0.1949 0.3447 0.5138 0.3522 0.1407 0.1568 0.2494 0.4557 0.4748 0.1921 0.1386 0.1887 0.3297 0.5139 0.3933 0.1917 0.3933 0.5139 0.3297 0.1887 0.1386 0.1921 0.4748 0.4557 0.2494 0.1568 0.1407 0.3522 0.5138 0.3447 0.1949 0.1399 0.1770 0.4643 0.4709 0.2593 0.1604 0.1392 0.3300 0.5118 0.3602 0.2019 0.1417 0.1648 0.4492 0.4886 0.2745 0.1667 0.1376 0.2852 0.5037 0.3960 0.2200 0.1476 0.1482 0.4003 0.5127 0.3199 0.1866 0.1386 0.1853 0.4664 0.4740 0.2657 0.1644 0.1461
0.1708 0.2700 0.4796 0.4618 0.1794 0.1391 0.1888 0.3250 0.5135 0.3946 0.1472 0.1482 0.2216 0.3985 0.5032 0.2840 0.1376 0.1665 0.2734 0.4870 0.4515 0.1667 0.1413 0.2000 0.3555 0.5126 0.3380 0.1397 0.1590 0.2553 0.4650 0.4687 0.1825 0.1393 0.1923 0.3388 0.5141 0.3607 0.1415 0.1555 0.2456 0.4493 0.4787 0.1995 0.1382 0.1864 0.3246 0.5139 0.3848 0.1462 0.1364 0.1462 0.3848 0.5139 0.3246 0.1864 0.1382 0.1995 0.4787 0.4493 0.2456 0.1555 0.1415 0.3607 0.5141 0.3388 0.1923 0.1393 0.1825 0.4687 0.4650 0.2553 0.1590 0.1397 0.3380 0.5126 0.3555 0.2000 0.1413 0.1667 0.4515 0.4870 0.2734 0.1665 0.1376 0.2840 0.5032 0.3985 0.2216 0.1482 0.1472 0.3946 0.5135 0.3250 0.1888 0.1391 0.1794 0.4618 0.4796 0.2700 0.1708
0.2743 0.4850 0.4570 0.1742 0.1396 0.1913 0.3306 0.5140 0.3878 0.1461 0.1491 0.2238 0.4025 0.5021 0.2803 0.1375 0.1667 0.2734 0.4864 0.4527 0.1680 0.1410 0.1985 0.3517 0.5132 0.3447 0.1402 0.1577 0.2517 0.4592 0.4727 0.1886 0.1388 0.1899 0.3331 0.5143 0.3690 0.1424 0.1541 0.2418 0.4427 0.4824 0.2076 0.1378 0.1841 0.3192 0.5134 0.3892 0.1454 0.1470 0.1810 0.1470 0.1454 0.3892 0.5134 0.3192 0.1841 0.1378 0.2076 0.4824 0.4427 0.2418 0.1541 0.1424 0.3690 0.5143 0.3331 0.1899 0.1388 0.1886 0.4727 0.4592 0.2517 0.1577 0.1402 0.3447 0.5132 0.3517 0.1985 0.1410 0.1680 0.4527 0.4864 0.2734 0.1667 0.1375 0.2803 0.5021 0.4025 0.2238 0.1491 0.1461 0.3878 0.5140 0.3306 0.1913 0.1396 0.1742 0.4570 0.4850 0.2743
0.4854 0.4519 0.1698 0.1402 0.1938 0.3363 0.5143 0.3802 0.1449 0.1501 0.2266 0.4077 0.5006 0.2745 0.1374 0.1673 0.2745 0.4870 0.4527 0.1684 0.1408 0.1977 0.3490 0.5135 0.3500 0.1407 0.1567 0.2486 0.4538 0.4763 0.1951 0.1384 0.1877 0.3276 0.5141 0.3769 0.1434 0.1529 0.2382 0.4361 0.4859 0.2164 0.1376 0.1819 0.3139 0.5125 0.3959 0.1463 0.1491 0.2195 0.3126 0.2195 0.1491 0.1463 0.3959 0.5125 0.3139 0.1819 0.1376 0.2164 0.4859 0.4361 0.2382 0.1529 0.1434 0.3769 0.5141 0.3276 0.1877 0.1384 0.1951 0.4763 0.4538 0.2486 0.1567 0.1407 0.3500 0.5135 0.3490 0.1977 0.1408 0.1684 0.4527 0.4870 0.2745 0.1673 0.1374 0.2745 0.5006 0.4077 0.2266 0.1501 0.1449 0.3802 0.5143 0.3363 0.1938 0.1402 0.1698 0.4519 0.4854
0.4488 0.1659 0.1409 0.1963 0.3421 0.5142 0.3723 0.1438 0.1512 0.2298 0.4136 0.4985 0.2669 0.1373 0.1683 0.2766 0.4886 0.4515 0.1680 0.1408 0.1974 0.3477 0.5137 0.3538 0.1411 0.1559 0.2460 0.4490 0.4793 0.2015 0.1381 0.1855 0.3224 0.5137 0.3843 0.1444 0.1517 0.2347 0.4295 0.4891 0.2255 0.1374 0.1798 0.3087 0.5112 0.4029 0.1476 0.1486 0.2241 0.3955 0.5100 0.3955 0.2241 0.1486 0.1476 0.4029 0.5112 0.3087 0.1798 0.1374 0.2255 0.4891 0.4295 0.2347 0.1517 0.1444 0.3843 0.5137 0.3224 0.1855 0.1381 0.2015 0.4793 0.4490 0.2460 0.1559 0.1411 0.3538 0.5137 0.3477 0.1974 0.1408 0.1680 0.4515 0.4886 0.2766 0.1683 0.1373 0.2669 0.4985 0.4136 0.2298 0.1512 0.1438 0.3723 0.5142 0.3421 0.1963 0.1409 0.1659 0.4488
0.1705 0.1416 0.1990 0.3481 0.5140 0.3640 0.1428 0.1524 0.2333 0.4202 0.4961 0.2581 0.1372 0.1696 0.2795 0.4912 0.4492 0.1667 0.1410 0.1977 0.3477 0.5138 0.3557 0.1414 0.1553 0.2441 0.4451 0.4818 0.2076 0.1378 0.1837 0.3177 0.5131 0.3914 0.1455 0.1506 0.2313 0.4230 0.4921 0.2348 0.1372 0.1777 0.3036 0.5096 0.4097 0.1491 0.1477 0.2224 0.4023 0.5035 0.4091 0.5035 0.4023 0.2224 0.1477 0.1491 0.4097 0.5096 0.3036 0.1777 0.1372 0.2348 0.4921 0.4230 0.2313 0.1506 0.1455 0.3914 0.5131 0.3177 0.1837 0.1378 0.2076 0.4818 0.4451 0.2441 0.1553 0.1414 0.3557 0.5138 0.3477 0.1977 0.1410 0.1667 0.4492 0.4912 0.2795 0.1696 0.1372 0.2581 0.4961 0.4202 0.2333 0.1524 0.1428 0.3640 0.5140 0.3481 0.1990 0.1416 0.1705
0.1493 0.2017 0.3542 0.5134 0.3555 0.1419 0.1537 0.2369 0.4270 0.4933 0.2484 0.1371 0.1712 0.2832 0.4944 0.4458 0.1648 0.1413 0.1985 0.3490 0.5137 0.3557 0.1415 0.1550 0.2429 0.4423 0.4836 0.2127 0.1376 0.1821 0.3136 0.5123 0.3977 0.1467 0.1495 0.2281 0.4166 0.4949 0.2442 0.1371 0.1757 0.2988 0.5077 0.4162 0.1507 0.1468 0.2195 0.3986 0.5023 0.2965 0.1480 0.2965 0.5023 0.3986 0.2195 0.1468 0.1507 0.4162 0.5077 0.2988 0.1757 0.1371 0.2442 0.4949 0.4166 0.2281 0.1495 0.1467 0.3977 0.5123 0.3136 0.1821 0.1376 0.2127 0.4836 0.4423 0.2429 0.1550 0.1415 0.3557 0.5137 0.3490 0.1985 0.1413 0.1648 0.4458 0.4944 0.2832 0.1712 0.1371 0.2484 0.4933 0.4270 0.2369 0.1537 0.1419 0.3555 0.5134 0.3542 0.2017 0.1493
0.2072 0.3604 0.5127 0.3468 0.1410 0.1550 0.2405 0.4337 0.4903 0.2384 0.1371 0.1731 0.2875 0.4978 0.4415 0.1625 0.1417 0.2000 0.3517 0.5135 0.3538 0.1414 0.1550 0.2425 0.4409 0.4848 0.2165 0.1375 0.1808 0.3101 0.5114 0.4031 0.1478 0.1486 0.2250 0.4103 0.4974 0.2537 0.1371 0.1739 0.2941 0.5053 0.4224 0.1525 0.1458 0.2165 0.3926 0.5038 0.2850 0.1371 0.1436 0.1371 0.2850 0.5038 0.3926 0.2165 0.1458 0.1525 0.4224 0.5053 0.2941 0.1739 0.1371 0.2537 0.4974 0.4103 0.2250 0.1486 0.1478 0.4031 0.5114 0.3101 0.1808 0.1375 0.2165 0.4848 0.4409 0.2425 0.1550 0.1414 0.3538 0.5135 0.3517 0.2000 0.1417 0.1625 0.4415 0.4978 0.2875 0.1731 0.1371 0.2384 0.4903 0.4337 0.2405 0.1550 0.1410 0.3468 0.5127 0.3604 0.2072
0.3633 0.5117 0.3378 0.1403 0.1563 0.2443 0.4405 0.4870 0.2287 0.1372 0.1750 0.2922 0.5012 0.4364 0.1600 0.1423 0.2019 0.3555 0.5132 0.3500 0.1411 0.1553 0.2429 0.4409 0.4852 0.2184 0.1374 0.1799 0.3075 0.5105 0.4075 0.1489 0.1478 0.2224 0.4046 0.4997 0.2630 0.1371 0.1720 0.2895 0.5025 0.4283 0.1544 0.1450 0.2136 0.3864 0.5056 0.2908 0.1375 0.1615 0.2102 0.1615 0.1375 0.2908 0.5056 0.3864 0.2136 0.1450 0.1544 0.4283 0.5025 0.2895 0.1720 0.1371 0.2630 0.4997 0.4046 0.2224 0.1478 0.1489 0.4075 0.5105 0.3075 0.1799 0.1374 0.2184 0.4852 0.4409 0.2429 0.1553 0.1411 0.3500 0.5132 0.3555 0.2019 0.1423 0.1600 0.4364 0.5012 0.2922 0.1750 0.1372 0.2287 0.4870 0.4405 0.2443 0.1563 0.1403 0.3378 0.5117 0.3633
0.5103 0.3286 0.1397 0.1577 0.2481 0.4471 0.4836 0.2193 0.1373 0.1771 0.2971 0.5043 0.4306 0.1575 0.1430 0.2042 0.3602 0.5126 0.3447 0.1407 0.1559 0.2441 0.4423 0.4848 0.2184 0.1374 0.1794 0.3059 0.5098 0.4109 0.1498 0.1471 0.2202 0.3996 0.5016 0.2715 0.1372 0.1703 0.2850 0.4993 0.4340 0.1566 0.1441 0.2107 0.3803 0.5073 0.2996 0.1378 0.1644 0.2610 0.3800 0.2610 0.1644 0.1378 0.2996 0.5073 0.3803 0.2107 0.1441 0.1566 0.4340 0.4993 0.2850 0.1703 0.1372 0.2715 0.5016 0.3996 0.2202 0.1471 0.1498 0.4109 0.5098 0.3059 0.1794 0.1374 0.2184 0.4848 0.4423 0.2441 0.1559 0.1407 0.3447 0.5126 0.3602 0.2042 0.1430 0.1575 0.4306 0.5043 0.2971 0.1771 0.1373 0.2193 0.4836 0.4471 0.2481 0.1577 0.1397 0.3286 0.5103
0.3234 0.1391 0.1592 0.2521 0.4537 0.4799 0.2103 0.1375 0.1791 0.3021 0.5069 0.4245 0.1552 0.1438 0.2068 0.3657 0.5118 0.3380 0.1402 0.1567 0.2460 0.4451 0.4836 0.2165 0.1374 0.1794 0.3053 0.5095 0.4130 0.1505 0.1467 0.2184 0.3955 0.5031 0.2789 0.1374 0.1688 0.2810 0.4958 0.4393 0.1589 0.1433 0.2079 0.3741 0.5089 0.3087 0.1382 0.1637 0.2663 0.4685 0.5066 0.4685 0.2663 0.1637 0.1382 0.3087 0.5089 0.3741 0.2079 0.1433 0.1589 0.4393 0.4958 0.2810 0.1688 0.1374 0.2789 0.5031 0.3955 0.2184 0.1467 0.1505 0.4130 0.5095 0.3053 0.1794 0.1374 0.2165 0.4836 0.4451 0.2460 0.1567 0.1402 0.3380 0.5118 0.3657 0.2068 0.1438 0.1552 0.4245 0.5069 0.3021 0.1791 0.1375 0.2103 0.4799 0.4537 0.2521 0.1592 0.1391 0.3234
0.1470 0.1607 0.2561 0.4601 0.4761 0.2019 0.1378 0.1813 0.3073 0.5091 0.4181 0.1531 0.1447 0.2097 0.3718 0.5107 0.3300 0.1397 0.1577 0.2486 0.4490 0.4818 0.2127 0.1375 0.1799 0.3059 0.5095 0.4138 0.1508 0.1464 0.2172 0.3923 0.5043 0.2852 0.1375 0.1675 0.2775 0.4924 0.4442 0.1615 0.1426 0.2052 0.3681 0.5102 0.3177 0.1385 0.1624 0.2641 0.4749 0.4694 0.3193 0.4694 0.4749 0.2641 0.1624 0.1385 0.3177 0.5102 0.3681 0.2052 0.1426 0.1615 0.4442 0.4924 0.2775 0.1675 0.1375 0.2852 0.5043 0.3923 0.2172 0.1464 0.1508 0.4138 0.5095 0.3059 0.1799 0.1375 0.2127 0.4818 0.4490 0.2486 0.1577 0.1397 0.3300 0.5107 0.3718 0.2097 0.1447 0.1531 0.4181 0.5091 0.3073 0.1813 0.1378 0.2019 0.4761 0.4601 0.2561 0.1607 0.1470
0.1673 0.2602 0.4663 0.4720 0.1941 0.1381 0.1835 0.3125 0.5109 0.4115 0.1512 0.1456 0.2127 0.3782 0.5094 0.3211 0.1392 0.1590 0.2517 0.4538 0.4793 0.2076 0.1376 0.1808 0.3075 0.5098 0.4130 0.1508 0.1462 0.2165 0.3902 0.5051 0.2900 0.1376 0.1664 0.2744 0.4890 0.4483 0.1640 0.1419 0.2027 0.3623 0.5114 0.3265 0.1390 0.1609 0.2605 0.4719 0.4654 0.1913 0.1364 0.1913 0.4654 0.4719 0.2605 0.1609 0.1390 0.3265 0.5114 0.3623 0.2027 0.1419 0.1640 0.4483 0.4890 0.2744 0.1664 0.1376 0.2900 0.5051 0.3902 0.2165 0.1462 0.1508 0.4130 0.5098 0.3075 0.1808 0.1376 0.2076 0.4793 0.4538 0.2517 0.1590 0.1392 0.3211 0.5094 0.3782 0.2127 0.1456 0.1512 0.4115 0.5109 0.3125 0.1835 0.1381 0.1941 0.4720 0.4663 0.2602 0.1673
0.2647 0.4724 0.4677 0.1872 0.1385 0.1858 0.3179 0.5122 0.4046 0.1495 0.1465 0.2157 0.3847 0.5078 0.3116 0.1387 0.1604 0.2553 0.4592 0.4763 0.2015 0.1378 0.1821 0.3101 0.5105 0.4109 0.1505 0.1464 0.2165 0.3895 0.5055 0.2930 0.1377 0.1656 0.2720 0.4860 0.4518 0.1665 0.1414 0.2005 0.3570 0.5123 0.3349 0.1395 0.1595 0.2567 0.4669 0.4678 0.1838 0.1372 0.1566 0.1372 0.1838 0.4678 0.4669 0.2567 0.1595 0.1395 0.3349 0.5123 0.3570 0.2005 0.1414 0.1665 0.4518 0.4860 0.2720 0.1656 0.1377 0.2930 0.5055 0.3895 0.2165 0.1464 0.1505 0.4109 0.5105 0.3101 0.1821 0.1378 0.2015 0.4763 0.4592 0.2553 0.1604 0.1387 0.3116 0.5078 0.3847 0.2157 0.1465 0.1495 0.4046 0.5122 0.3179 0.1858 0.1385 0.1872 0.4677 0.4724 0.2647
0.4732 0.4632 0.1810 0.1389 0.1882 0.3234 0.5132 0.3975 0.1479 0.1475 0.2189 0.3913 0.5060 0.3019 0.1383 0.1619 0.2593 0.4650 0.4727 0.1951 0.1381 0.1837 0.3136 0.5114 0.4075 0.1498 0.1467 0.2172 0.3902 0.5055 0.2940 0.1378 0.1651 0.2703 0.4836 0.4545 0.1688 0.1409 0.1986 0.3523 0.5130 0.3426 0.1400 0.1582 0.2531 0.4613 0.4714 0.1872 0.1385 0.1830 0.2496 0.1830 0.1385 0.1872 0.4714 0.4613 0.2531 0.1582 0.1400 0.3426 0.5130 0.3523 0.1986 0.1409 0.1688 0.4545 0.4836 0.2703 0.1651 0.1378 0.2940 0.5055 0.3902 0.2172 0.1467 0.1498 0.4075 0.5114 0.3136 0.1837 0.1381 0.1951 0.4727 0.4650 0.2593 0.1619 0.1383 0.3019 0.5060 0.3913 0.2189 0.1475 0.1479 0.3975 0.5132 0.3234 0.1882 0.1389 0.1810 0.4632 0.4732
0.4603 0.1756 0.1394 0.1906 0.3289 0.5139 0.3901 0.1465 0.1486 0.2221 0.3980 0.5040 0.2920 0.1379 0.1635 0.2634 0.4709 0.4687 0.1886 0.1384 0.1855 0.3177 0.5123 0.4031 0.1489 0.1471 0.2184 0.3923 0.5051 0.2930 0.1378 0.1649 0.2694 0.4821 0.4564 0.1707 0.1405 0.1970 0.3484 0.5135 0.3493 0.1406 0.1570 0.2496 0.4557 0.4751 0.1929 0.1384 0.1869 0.3149 0.4552 0.3149 0.1869 0.1384 0.1929 0.4751 0.4557 0.2496 0.1570 0.1406 0.3493 0.5135 0.3484 0.1970 0.1405 0.1707 0.4564 0.4821 0.2694 0.1649 0.1378 0.2930 0.5051 0.3923 0.2184 0.1471 0.1489 0.4031 0.5123 0.3177 0.1855 0.1384 0.1886 0.4687 0.4709 0.2634 0.1635 0.1379 0.2920 0.5040 0.3980 0.2221 0.1486 0.1465 0.3901 0.5139 0.3289 0.1906 0.1394 0.1756 0.4603
0.1787 0.1400 0.1930 0.3346 0.5142 0.3825 0.1453 0.1497 0.2254 0.4047 0.5019 0.2819 0.1376 0.1652 0.2677 0.4766 0.4643 0.1825 0.1388 0.1877 0.3224 0.5131 0.3977 0.1478 0.1478 0.2202 0.3955 0.5043 0.2900 0.1377 0.1651 0.2694 0.4815 0.4574 0.1720 0.1403 0.1959 0.3453 0.5138 0.3549 0.1411 0.1560 0.2465 0.4503 0.4784 0.1994 0.1382 0.1859 0.3211 0.5106 0.4772 0.5106 0.3211 0.1859 0.1382 0.1994 0.4784 0.4503 0.2465 0.1560 0.1411 0.3549 0.5138 0.3453 0.1959 0.1403 0.1720 0.4574 0.4815 0.2694 0.1651 0.1377 0.2900 0.5043 0.3955 0.2202 0.1478 0.1478 0.3977 0.5131 0.3224 0.1877 0.1388 0.1825 0.4643 0.4766 0.2677 0.1652 0.1376 0.2819 0.5019 0.4047 0.2254 0.1497 0.1453 0.3825 0.5142 0.3346 0.1930 0.1400 0.1787
0.1479 0.1956 0.3405 0.5143 0.3746 0.1441 0.1508 0.2288 0.4114 0.4995 0.2718 0.1374 0.1669 0.2720 0.4821 0.4596 0.1770 0.1393 0.1899 0.3276 0.5137 0.3914 0.1467 0.1486 0.2224 0.3996 0.5031 0.2852 0.1376 0.1656 0.2703 0.4821 0.4574 0.1724 0.1402 0.1951 0.3431 0.5140 0.3593 0.1416 0.1551 0.2440 0.4455 0.4814 0.2060 0.1379 0.1842 0.3185 0.5126 0.4082 0.2091 0.4082 0.5126 0.3185 0.1842 0.1379 0.2060 0.4814 0.4455 0.2440 0.1551 0.1416 0.3593 0.5140 0.3431 0.1951 0.1402 0.1724 0.4574 0.4821 0.2703 0.1656 0.1376 0.2852 0.5031 0.3996 0.2224 0.1486 0.1467 0.3914 0.5137 0.3276 0.1899 0.1393 0.1770 0.4596 0.4821 0.2720 0.1669 0.1374 0.2718 0.4995 0.4114 0.2288 0.1508 0.1441 0.3746 0.5143 0.3405 0.1956 0.1479
0.2012 0.3464 0.5141 0.3664 0.1431 0.1520 0.2323 0.4181 0.4969 0.2616 0.1372 0.1687 0.2765 0.4872 0.4547 0.1722 0.1399 0.1923 0.3331 0.5141 0.3843 0.1455 0.1495 0.2250 0.4046 0.5016 0.2789 0.1375 0.1664 0.2720 0.4836 0.4564 0.1720 0.1402 0.1949 0.3419 0.5141 0.3623 0.1420 0.1544 0.2418 0.4413 0.4838 0.2123 0.1377 0.1824 0.3145 0.5124 0.3997 0.1494 0.1357 0.1494 0.3997 0.5124 0.3145 0.1824 0.1377 0.2123 0.4838 0.4413 0.2418 0.1544 0.1420 0.3623 0.5141 0.3419 0.1949 0.1402 0.1720 0.4564 0.4836 0.2720 0.1664 0.1375 0.2789 0.5016 0.4046 0.2250 0.1495 0.1455 0.3843 0.5141 0.3331 0.1923 0.1399 0.1722 0.4547 0.4872 0.2765 0.1687 0.1372 0.2616 0.4969 0.4181 0.2323 0.1520 0.1431 0.3664 0.5141 0.3464 0.2012
0.3495 0.5137 0.3580 0.1421 0.1533 0.2358 0.4249 0.4942 0.2515 0.1371 0.1705 0.2811 0.4919 0.4495 0.1681 0.1405 0.1949 0.3388 0.5143 0.3769 0.1444 0.1506 0.2281 0.4103 0.4997 0.2715 0.1374 0.1675 0.2744 0.4860 0.4545 0.1707 0.1403 0.1951 0.3419 0.5141 0.3639 0.1422 0.1540 0.2402 0.4379 0.4858 0.2179 0.1375 0.1809 0.3106 0.5116 0.4026 0.1481 0.1450 0.1766 0.1450 0.1481 0.4026 0.5116 0.3106 0.1809 0.1375 0.2179 0.4858 0.4379 0.2402 0.1540 0.1422 0.3639 0.5141 0.3419 0.1951 0.1403 0.1707 0.4545 0.4860 0.2744 0.1675 0.1374 0.2715 0.4997 0.4103 0.2281 0.1506 0.1444 0.3769 0.5143 0.3388 0.1949 0.1405 0.1681 0.4495 0.4919 0.2811 0.1705 0.1371 0.2515 0.4942 0.4249 0.2358 0.1533 0.1421 0.3580 0.5137 0.3495
0.5123 0.3493 0.1413 0.1546 0.2394 0.4317 0.4912 0.2415 0.1371 0.1724 0.2857 0.4962 0.4442 0.1645 0.1412 0.1975 0.3447 0.5141 0.3690 0.1434 0.1517 0.2313 0.4166 0.4974 0.2630 0.1372 0.1688 0.2775 0.4890 0.4518 0.1688 0.1405 0.1959 0.3431 0.5141 0.3639 0.1423 0.1537 0.2392 0.4355 0.4872 0.2225 0.1374 0.1795 0.3072 0.5106 0.4072 0.1488 0.1472 0.2135 0.3023 0.2135 0.1472 0.1488 0.4072 0.5106 0.3072 0.1795 0.1374 0.2225 0.4872 0.4355 0.2392 0.1537 0.1423 0.3639 0.5141 0.3431 0.1959 0.1405 0.1688 0.4518 0.4890 0.2775 0.1688 0.1372 0.2630 0.4974 0.4166 0.2313 0.1517 0.1434 0.3690 0.5141 0.3447 0.1975 0.1412 0.1645 0.4442 0.4962 0.2857 0.1724 0.1371 0.2415 0.4912 0.4317 0.2394 0.1546 0.1413 0.3493 0.5123
0.3444 0.1405 0.1559 0.2431 0.4384 0.4880 0.2317 0.1372 0.1744 0.2905 0.5000 0.4386 0.1613 0.1419 0.2001 0.3506 0.5138 0.3607 0.1424 0.1529 0.2347 0.4230 0.4949 0.2537 0.1371 0.1703 0.2810 0.4924 0.4483 0.1665 0.1409 0.1970 0.3453 0.5140 0.3623 0.1422 0.1537 0.2388 0.4342 0.4881 0.2258 0.1373 0.1785 0.3043 0.5095 0.4115 0.1498 0.1470 0.2186 0.3837 0.5070 0.3837 0.2186 0.1470 0.1498 0.4115 0.5095 0.3043 0.1785 0.1373 0.2258 0.4881 0.4342 0.2388 0.1537 0.1422 0.3623 0.5140 0.3453 0.1970 0.1409 0.1665 0.4483 0.4924 0.2810 0.1703 0.1371 0.2537 0.4949 0.4230 0.2347 0.1529 0.1424 0.3607 0.5138 0.3506 0.2001 0.1419 0.1613 0.4386 0.5000 0.2905 0.1744 0.1372 0.2317 0.4880 0.4384 0.2431 0.1559 0.1405 0.3444
0.1482 0.1573 0.2469 0.4451 0.4847 0.2222 0.1373 0.1764 0.2954 0.5033 0.4328 0.1585 0.1427 0.2028 0.3567 0.5131 0.3522 0.1415 0.1541 0.2382 0.4295 0.4921 0.2442 0.1371 0.1720 0.2850 0.4958 0.4442 0.1640 0.1414 0.1986 0.3484 0.5138 0.3593 0.1420 0.1540 0.2392 0.4342 0.4884 0.2276 0.1373 0.1777 0.3021 0.5085 0.4152 0.1508 0.1465 0.2179 0.3920 0.5066 0.4201 0.5066 0.3920 0.2179 0.1465 0.1508 0.4152 0.5085 0.3021 0.1777 0.1373 0.2276 0.4884 0.4342 0.2392 0.1540 0.1420 0.3593 0.5138 0.3484 0.1986 0.1414 0.1640 0.4442 0.4958 0.2850 0.1720 0.1371 0.2442 0.4921 0.4295 0.2382 0.1541 0.1415 0.3522 0.5131 0.3567 0.2028 0.1427 0.1585 0.4328 0.5033 0.2954 0.1764 0.1373 0.2222 0.4847 0.4451 0.2469 0.1573 0.1482
0.1640 0.2509 0.4516 0.4811 0.2132 0.1374 0.1784 0.3004 0.5061 0.4267 0.1561 0.1435 0.2056 0.3628 0.5123 0.3434 0.1407 0.1555 0.2418 0.4361 0.4891 0.2348 0.1371 0.1739 0.2895 0.4993 0.4393 0.1615 0.1419 0.2005 0.3523 0.5135 0.3549 0.1416 0.1544 0.2402 0.4355 0.4881 0.2276 0.1373 0.1773 0.3007 0.5078 0.4180 0.1517 0.1460 0.2163 0.3906 0.5052 0.3113 0.1512 0.3113 0.5052 0.3906 0.2163 0.1460 0.1517 0.4180 0.5078 0.3007 0.1773 0.1373 0.2276 0.4881 0.4355 0.2402 0.1544 0.1416 0.3549 0.5135 0.3523 0.2005 0.1419 0.1615 0.4393 0.4993 0.2895 0.1739 0.1371 0.2348 0.4891 0.4361 0.2418 0.1555 0.1407 0.3434 0.5123 0.3628 0.2056 0.1435 0.1561 0.4267 0.5061 0.3004 0.1784 0.1374 0.2132 0.4811 0.4516 0.2509 0.1640
0.2554 0.4581 0.4773 0.2046 0.1377 0.1806 0.3055 0.5084 0.4205 0.1539 0.1443 0.2085 0.3691 0.5112 0.3344 0.1400 0.1568 0.2456 0.4427 0.4859 0.2255 0.1372 0.1757 0.2941 0.5025 0.4340 0.1589 0.1426 0.2027 0.3570 0.5130 0.3493 0.1411 0.1551 0.2418 0.4379 0.4872 0.2258 0.1373 0.1773 0.3002 0.5073 0.4197 0.1523 0.1456 0.2149 0.3877 0.5057 0.2968 0.1376 0.1424 0.1376 0.2968 0.5057 0.3877 0.2149 0.1456 0.1523 0.4197 0.5073 0.3002 0.1773 0.1373 0.2258 0.4872 0.4379 0.2418 0.1551 0.1411 0.3493 0.5130 0.3570 0.2027 0.1426 0.1589 0.4340 0.5025 0.2941 0.1757 0.1372 0.2255 0.4859 0.4427 0.2456 0.1568 0.1400 0.3344 0.5112 0.3691 0.2085 0.1443 0.1539 0.4205 0.5084 0.3055 0.1806 0.1377 0.2046 0.4773 0.4581 0.2554
0.4593 0.4734 0.1966 0.1380 0.1828 0.3107 0.5103 0.4139 0.1519 0.1452 0.2115 0.3755 0.5100 0.3252 0.1394 0.1582 0.2494 0.4493 0.4824 0.2164 0.1374 0.1777 0.2988 0.5053 0.4283 0.1566 0.1433 0.2052 0.3623 0.5123 0.3426 0.1406 0.1560 0.2440 0.4413 0.4858 0.2225 0.1373 0.1777 0.3007 0.5073 0.4202 0.1527 0.1454 0.2139 0.3852 0.5065 0.2979 0.1378 0.1598 0.2067 0.1598 0.1378 0.2979 0.5065 0.3852 0.2139 0.1454 0.1527 0.4202 0.5073 0.3007 0.1777 0.1373 0.2225 0.4858 0.4413 0.2440 0.1560 0.1406 0.3426 0.5123 0.3623 0.2052 0.1433 0.1566 0.4283 0.5053 0.2988 0.1777 0.1374 0.2164 0.4824 0.4493 0.2494 0.1582 0.1394 0.3252 0.5100 0.3755 0.2115 0.1452 0.1519 0.4139 0.5103 0.3107 0.1828 0.1380 0.1966 0.4734 0.4593
0.4708 0.1894 0.1383 0.1850 0.3160 0.5118 0.4072 0.1501 0.1461 0.2145 0.3820 0.5085 0.3157 0.1389 0.1597 0.2534 0.4557 0.4787 0.2076 0.1376 0.1798 0.3036 0.5077 0.4224 0.1544 0.1441 0.2079 0.3681 0.5114 0.3349 0.1400 0.1570 0.2465 0.4455 0.4838 0.2179 0.1374 0.1785 0.3021 0.5078 0.4197 0.1527 0.1453 0.2134 0.3835 0.5070 0.3009 0.1380 0.1634 0.2573 0.3736 0.2573 0.1634 0.1380 0.3009 0.5070 0.3835 0.2134 0.1453 0.1527 0.4197 0.5078 0.3021 0.1785 0.1374 0.2179 0.4838 0.4455 0.2465 0.1570 0.1400 0.3349 0.5114 0.3681 0.2079 0.1441 0.1544 0.4224 0.5077 0.3036 0.1798 0.1376 0.2076 0.4787 0.4557 0.2534 0.1597 0.1389 0.3157 0.5085 0.3820 0.2145 0.1461 0.1501 0.4072 0.5118 0.3160 0.1850 0.1383 0.1894 0.4708
0.1904 0.1388 0.1873 0.3214 0.5129 0.4002 0.1485 0.1471 0.2176 0.3885 0.5068 0.3060 0.1384 0.1612 0.2574 0.4620 0.4748 0.1995 0.1378 0.1819 0.3087 0.5096 0.4162 0.1525 0.1450 0.2107 0.3741 0.5102 0.3265 0.1395 0.1582 0.2496 0.4503 0.4814 0.2123 0.1375 0.1795 0.3043 0.5085 0.4180 0.1523 0.1454 0.2134 0.3829 0.5073 0.3032 0.1381 0.1636 0.2647 0.4650 0.5077 0.4650 0.2647 0.1636 0.1381 0.3032 0.5073 0.3829 0.2134 0.1454 0.1523 0.4180 0.5085 0.3043 0.1795 0.1375 0.2123 0.4814 0.4503 0.2496 0.1582 0.1395 0.3265 0.5102 0.3741 0.2107 0.1450 0.1525 0.4162 0.5096 0.3087 0.1819 0.1378 0.1995 0.4748 0.4620 0.2574 0.1612 0.1384 0.3060 0.5068 0.3885 0.2176 0.1471 0.1485 0.4002 0.5129 0.3214 0.1873 0.1388 0.1904
0.1468 0.1897 0.3269 0.5137 0.3929 0.1471 0.1482 0.2208 0.3951 0.5049 0.2963 0.1380 0.1628 0.2615 0.4682 0.4707 0.1921 0.1382 0.1841 0.3139 0.5112 0.4097 0.1507 0.1458 0.2136 0.3803 0.5089 0.3177 0.1390 0.1595 0.2531 0.4557 0.4784 0.2060 0.1377 0.1809 0.3072 0.5095 0.4152 0.1517 0.1456 0.2139 0.3835 0.5073 0.3041 0.1381 0.1633 0.2652 0.4747 0.4706 0.3233 0.4706 0.4747 0.2652 0.1633 0.1381 0.3041 0.5073 0.3835 0.2139 0.1456 0.1517 0.4152 0.5095 0.3072 0.1809 0.1377 0.2060 0.4784 0.4557 0.2531 0.1595 0.1390 0.3177 0.5089 0.3803 0.2136 0.1458 0.1507 0.4097 0.5112 0.3139 0.1841 0.1382 0.1921 0.4707 0.4682 0.2615 0.1628 0.1380 0.2963 0.5049 0.3951 0.2208 0.1482 0.1471 0.3929 0.5137 0.3269 0.1897 0.1468
0.1954 0.3326 0.5141 0.3855 0.1457 0.1492 0.2240 0.4018 0.5028 0.2863 0.1377 0.1644 0.2657 0.4740 0.4664 0.1854 0.1386 0.1864 0.3192 0.5125 0.4029 0.1491 0.1468 0.2165 0.3864 0.5073 0.3087 0.1385 0.1609 0.2567 0.4613 0.4751 0.1994 0.1379 0.1824 0.3106 0.5106 0.4115 0.1508 0.1460 0.2149 0.3852 0.5070 0.3032 0.1381 0.1633 0.2649 0.4757 0.4639 0.1910 0.1366 0.1910 0.4639 0.4757 0.2649 0.1633 0.1381 0.3032 0.5070 0.3852 0.2149 0.1460 0.1508 0.4115 0.5106 0.3106 0.1824 0.1379 0.1994 0.4751 0.4613 0.2567 0.1609 0.1385 0.3087 0.5073 0.3864 0.2165 0.1468 0.1491 0.4029 0.5125 0.3192 0.1864 0.1386 0.1854 0.4664 0.4740 0.2657 0.1644 0.1377 0.2863 0.5028 0.4018 0.2240 0.1492 0.1457 0.3855 0.5141 0.3326 0.1954
0.3357 0.5143 0.3778 0.1446 0.1503 0.2273 0.4084 0.5006 0.2764 0.1375 0.1661 0.2700 0.4795 0.4619 0.1795 0.1390 0.1887 0.3246 0.5134 0.3959 0.1476 0.1477 0.2195 0.3926 0.5056 0.2996 0.1382 0.1624 0.2605 0.4669 0.4714 0.1929 0.1382 0.1842 0.3145 0.5116 0.4072 0.1498 0.1465 0.2163 0.3877 0.5065 0.3009 0.1381 0.1633 0.2649 0.4756 0.4630 0.1797 0.1374 0.1570 0.1374 0.1797 0.4630 0.4756 0.2649 0.1633 0.1381 0.3009 0.5065 0.3877 0.2163 0.1465 0.1498 0.4072 0.5116 0.3145 0.1842 0.1382 0.1929 0.4714 0.4669 0.2605 0.1624 0.1382 0.2996 0.5056 0.3926 0.2195 0.1477 0.1476 0.3959 0.5134 0.3246 0.1887 0.1390 0.1795 0.4619 0.4795 0.2700 0.1661 0.1375 0.2764 0.5006 0.4084 0.2273 0.1503 0.1446 0.3778 0.5143 0.3357
0.5131 0.3705 0.1435 0.1514 0.2304 0.4145 0.4983 0.2672 0.1373 0.1676 0.2740 0.4843 0.4575 0.1748 0.1395 0.1909 0.3297 0.5139 0.3892 0.1463 0.1486 0.2224 0.3986 0.5038 0.2908 0.1378 0.1637 0.2641 0.4719 0.4678 0.1872 0.1384 0.1859 0.3185 0.5124 0.4026 0.1488 0.1470 0.2179 0.3906 0.5057 0.2979 0.1380 0.1636 0.2652 0.4757 0.4630 0.1785 0.1390 0.1847 0.2519 0.1847 0.1390 0.1785 0.4630 0.4757 0.2652 0.1636 0.1380 0.2979 0.5057 0.3906 0.2179 0.1470 0.1488 0.4026 0.5124 0.3185 0.1859 0.1384 0.1872 0.4678 0.4719 0.2641 0.1637 0.1378 0.2908 0.5038 0.3986 0.2224 0.1486 0.1463 0.3892 0.5139 0.3297 0.1909 0.1395 0.1748 0.4575 0.4843 0.2740 0.1676 0.1373 0.2672 0.4983 0.4145 0.2304 0.1514 0.1435 0.3705 0.5131
0.3696 0.1428 0.1519 0.2322 0.4184 0.4966 0.2612 0.1370 0.1685 0.2765 0.4871 0.4546 0.1720 0.1397 0.1921 0.3330 0.5139 0.3848 0.1454 0.1491 0.2241 0.4023 0.5023 0.2850 0.1375 0.1644 0.2663 0.4749 0.4654 0.1838 0.1385 0.1869 0.3211 0.5126 0.3997 0.1481 0.1472 0.2186 0.3920 0.5052 0.2968 0.1378 0.1634 0.2647 0.4747 0.4639 0.1797 0.1390 0.1893 0.3190 0.4589 0.3190 0.1893 0.1390 0.1797 0.4639 0.4747 0.2647 0.1634 0.1378 0.2968 0.5052 0.3920 0.2186 0.1472 0.1481 0.3997 0.5126 0.3211 0.1869 0.1385 0.1838 0.4654 0.4749 0.2663 0.1644 0.1375 0.2850 0.5023 0.4023 0.2241 0.1491 0.1454 0.3848 0.5139 0.3330 0.1921 0.1397 0.1720 0.4546 0.4871 0.2765 0.1685 0.1370 0.2612 0.4966 0.4184 0.2322 0.1519 0.1428 0.3696
0.1517 0.1495 0.2274 0.4113 0.4983 0.2728 0.1364 0.1654 0.2711 0.4816 0.4592 0.1771 0.1382 0.1883 0.3270 0.5126 0.3933 0.1462 0.1470 0.2195 0.3955 0.5035 0.2965 0.1371 0.1615 0.2610 0.4685 0.4694 0.1913 0.1372 0.1830 0.3149 0.5106 0.4082 0.1494 0.1450 0.2135 0.3837 0.5066 0.3113 0.1376 0.1598 0.2573 0.4650 0.4706 0.1910 0.1374 0.1847 0.3190 0.5087 0.4796 0.5087 0.3190 0.1847 0.1374 0.1910 0.4706 0.4650 0.2573 0.1598 0.1376 0.3113 0.5066 0.3837 0.2135 0.1450 0.1494 0.4082 0.5106 0.3149 0.1830 0.1372 0.1913 0.4694 0.4685 0.2610 0.1615 0.1371 0.2965 0.5035 0.3955 0.2195 0.1470 0.1462 0.3933 0.5126 0.3270 0.1883 0.1382 0.1771 0.4592 0.4816 0.2711 0.1654 0.1364 0.2728 0.4983 0.4113 0.2274 0.1495 0.1517
0.1451 0.1867 0.3259 0.5120 0.3927 0.1442 0.1458 0.2176 0.3955 0.5025 0.2971 0.1356 0.1600 0.2589 0.4689 0.4688 0.1917 0.1364 0.1810 0.3126 0.5100 0.4091 0.1480 0.1436 0.2102 0.3800 0.5066 0.3193 0.1364 0.1566 0.2496 0.4552 0.4772 0.2091 0.1357 0.1766 0.3023 0.5070 0.4201 0.1512 0.1424 0.2067 0.3736 0.5077 0.3233 0.1366 0.1570 0.2519 0.4589 0.4796 0.3535 0.4796 0.4589 0.2519 0.1570 0.1366 0.3233 0.5077 0.3736 0.2067 0.1424 0.1512 0.4201 0.5070 0.3023 0.1766 0.1357 0.2091 0.4772 0.4552 0.2496 0.1566 0.1364 0.3193 0.5066 0.3800 0.2102 0.1436 0.1480 0.4091 0.5100 0.3126 0.1810 0.1364 0.1917 0.4688 0.4689 0.2589 0.1600 0.1356 0.2971 0.5025 0.3955 0.2176 0.1458 0.1442 0.3927 0.5120 0.3259 0.1867 0.1451
0.1517 0.1495 0.2274 0.4113 0.4983 0.2728 0.1364 0.1654 0.2711 0.4816 0.4592 0.1771 0.1382 0.1883 0.3270 0.5126 0.3933 0.1462 0.1470 0.2195 0.3955 0.5035 0.2965 0.1371 0.1615 0.2610 0.4685 0.4694 0.1913 0.1372 0.1830 0.3149 0.5106 0.4082 0.1494 0.1450 0.2135 0.3837 0.5066 0.3113 0.1376 0.1598 0.2573 0.4650 0.4706 0.1910 0.1374 0.1847 0.3190 0.5087 0.4796 0.5087 0.3190 0.1847 0.1374 0.1910 0.4706 0.4650 0.2573 0.1598 0.1376 0.3113 0.5066 0.3837 0.2135 0.1450 0.1494 0.4082 0.5106 0.3149 0.1830 0.1372 0.1913 0.4694 0.4685 0.2610 0.1615 0.1371 0.2965 0.5035 0.3955 0.2195 0.1470 0.1462 0.3933 0.5126 0.3270 0.1883 0.1382 0.1771 0.4592 0.4816 0.2711 0.1654 0.1364 0.2728 0.4983 0.4113 0.2274 0.1495 0.1517
0.3696 0.1428 0.1519 0.2322 0.4184 0.4966 0.2612 0.1370 0.1685 0.2765 0.4871 0.4546 0.1720 0.1397 0.1921 0.3330 0.5139 0.3848 0.1454 0.1491 0.2241 0.4023 0.5023 0.2850 0.1375 0.1644 0.2663 0.4749 0.4654 0.1838 0.1385 0.1869 0.3211 0.5126 0.3997 0.1481 0.1472 0.2186 0.3920 0.5052 0.2968 0.1378 0.1634 0.2647 0.4747 0.4639 0.1797 0.1390 0.1893 0.3190 0.4589 0.3190 0.1893 0.1390 0.1797 0.4639 0.4747 0.2647 0.1634 0.1378 0.2968 0.5052 0.3920 0.2186 0.1472 0.1481 0.3997 0.5126 0.3211 0.1869 0.1385 0.1838 0.4654 0.4749 0.2663 0.1644 0.1375 0.2850 0.5023 0.4023 0.2241 0.1491 0.1454 0.3848 0.5139 0.3330 0.1921 0.1397 0.1720 0.4546 0.4871 0.2765 0.1685 0.1370 0.2612 0.4966 0.4184 0.2322 0.1519 0.1428 0.3696
0.5131 0.3705 0.1435 0.1514 0.2304 0.4145 0.4983 0.2672 0.1373 0.1676 0.2740 0.4843 0.4575 0.1748 0.1395 0.1909 0.3297 0.5139 0.3892 0.1463 0.1486 0.2224 0.3986 0.5038 0.2908 0.1378 0.1637 0.2641 0.4719 0.4678 0.1872 0.1384 0.1859 0.3185 0.5124 0.4026 0.1488 0.1470 0.2179 0.3906 0.5057 0.2979 0.1380 0.1636 0.2652 0.4757 0.4630 0.1785 0.1390 0.1847 0.2519 0.1847 0.1390 0.1785 0.4630 0.4757 0.2652 0.1636 0.1380 0.2979 0.5057 0.3906 0.2179 0.1470 0.1488 0.4026 0.5124 0.3185 0.1859 0.1384 0.1872 0.4678 0.4719 0.2641 0.1637 0.1378 0.2908 0.5038 0.3986 0.2224 0.1486 0.1463 0.3892 0.5139 0.3297 0.1909 0.1395 0.1748 0.4575 0.4843 0.2740 0.1676 0.1373 0.2672 0.4983 0.4145 0.2304 0.1514 0.1435 0.3705 0.5131
0.3357 0.5143 0.3778 0.1446 0.1503 0.2273 0.4084 0.5006 0.2764 0.1375 0.1661 0.2700 0.4795 0.4619 0.1795 0.1390 0.1887 0.3246 0.5134 0.3959 0.1476 0.1477 0.2195 0.3926 0.5056 0.2996 0.1382 0.1624 0.2605 0.4669 0.4714 0.1929 0.1382 0.1842 0.3145 0.5116 0.4072 0.1498 0.1465 0.2163 0.3877 0.5065 0.3009 0.1381 0.1633 0.2649 0.4756 0.4630 0.1797 0.1374 0.1570 0.1374 0.1797 0.4630 0.4756 0.2649 0.1633 0.1381 0.3009 0.5065 0.3877 0.2163 0.1465 0.1498 0.4072 0.5116 0.3145 0.1842 0.1382 0.1929 0.4714 0.4669 0.2605 0.1624 0.1382 0.2996 0.5056 0.3926 0.2195 0.1477 0.1476 0.3959 0.5134 0.3246 0.1887 0.1390 0.1795 0.4619 0.4795 0.2700 0.1661 0.1375 0.2764 0.5006 0.4084 0.2273 0.1503 0.1446 0.3778 0.5143 0.3357
0.1954 0.3326 0.5141 0.3855 0.1457 0.1492 0.2240 0.4018 0.5028 0.2863 0.1377 0.1644 0.2657 0.4740 0.4664 0.1854 0.1386 0.1864 0.3192 0.5125 0.4029 0.1491 0.1468 0.2165 0.3864 0.5073 0.3087 0.1385 0.1609 0.2567 0.4613 0.4751 0.1994 0.1379 0.1824 0.3106 0.5106 0.4115 0.1508 0.1460 0.2149 0.3852 0.5070 0.3032 0.1381 0.1633 0.2649 0.4757 0.4639 0.1910 0.1366 0.1910 0.4639 0.4757 0.2649 0.1633 0.1381 0.3032 0.5070 0.3852 0.2149 0.1460 0.1508 0.4115 0.5106 0.3106 0.1824 0.1379 0.1994 0.4751 0.4613 0.2567 0.1609 0.1385 0.3087 0.5073 0.3864 0.2165 0.1468 0.1491 0.4029 0.5125 0.3192 0.1864 0.1386 0.1854 0.4664 0.4740 0.2657 0.1644 0.1377 0.2863 0.5028 0.4018 0.2240 0.1492 0.1457 0.3855 0.5141 0.3326 0.1954
