-0.2302 -0.3280 -0.3610 0.0724 0.2709 -0.1830 -0.2880 -0.3548 -0.1892 0.1773 -0.0371 -0.2422 -0.3241 -0.3645 0.0570 0.2685 -0.1735 -0.2828 -0.3520 -0.2340 0.1631 0.0115 -0.2361 -0.3196 -0.3660 0.0399 0.2610 -0.1632 -0.2775 -0.3490 -0.2712 0.1482 0.0752 -0.2283 -0.3150 -0.3659 0.0201 0.2502 -0.1519 -0.2722 -0.3457 -0.3007 0.1339 0.1435 -0.2203 -0.3101 -0.3645 -0.0061 0.2338 -0.1205 -0.2230 -0.1205 0.2338 -0.0061 -0.3645 -0.3101 -0.2203 0.1435 0.1339 -0.3007 -0.3457 -0.2722 -0.1519 0.2502 0.0201 -0.3659 -0.3150 -0.2283 0.0752 0.1482 -0.2712 -0.3490 -0.2775 -0.1632 0.2610 0.0399 -0.3660 -0.3196 -0.2361 0.0115 0.1631 -0.2340 -0.3520 -0.2828 -0.1735 0.2685 0.0570 -0.3645 -0.3241 -0.2422 -0.0371 0.1773 -0.1892 -0.3548 -0.2880 -0.1830 0.2709 0.0724 -0.3610 -0.3280 -0.2302
-0.3280 -0.3700 0.0728 0.2751 -0.1878 -0.3026 -0.3674 -0.1974 0.1748 -0.0185 -0.2577 -0.3380 -0.3749 0.0558 0.2697 -0.1766 -0.2974 -0.3648 -0.2431 0.1599 0.0391 -0.2505 -0.3336 -0.3766 0.0384 0.2602 -0.1650 -0.2922 -0.3620 -0.2805 0.1456 0.1087 -0.2408 -0.3291 -0.3767 0.0183 0.2481 -0.1523 -0.2870 -0.3589 -0.3100 0.1318 0.1744 -0.2311 -0.3243 -0.3756 -0.0074 0.2334 -0.1336 -0.2756 -0.3278 -0.2756 -0.1336 0.2334 -0.0074 -0.3756 -0.3243 -0.2311 0.1744 0.1318 -0.3100 -0.3589 -0.2870 -0.1523 0.2481 0.0183 -0.3767 -0.3291 -0.2408 0.1087 0.1456 -0.2805 -0.3620 -0.2922 -0.1650 0.2602 0.0384 -0.3766 -0.3336 -0.2505 0.0391 0.1599 -0.2431 -0.3648 -0.2974 -0.1766 0.2697 0.0558 -0.3749 -0.3380 -0.2577 -0.0185 0.1748 -0.1974 -0.3674 -0.3026 -0.1878 0.2751 0.0728 -0.3700 -0.3280
-0.3610 0.0728 0.2747 -0.1850 -0.3009 -0.3664 -0.2162 0.1688 0.0038 -0.2552 -0.3361 -0.3758 0.0484 0.2660 -0.1717 -0.2951 -0.3636 -0.2604 0.1534 0.0689 -0.2462 -0.3316 -0.3768 0.0300 0.2551 -0.1596 -0.2899 -0.3606 -0.2942 0.1394 0.1388 -0.2366 -0.3270 -0.3763 0.0082 0.2423 -0.1462 -0.2847 -0.3574 -0.3205 0.1258 0.1979 -0.2269 -0.3222 -0.3750 -0.0198 0.2279 -0.1295 -0.2780 -0.3540 -0.3876 -0.3540 -0.2780 -0.1295 0.2279 -0.0198 -0.3750 -0.3222 -0.2269 0.1979 0.1258 -0.3205 -0.3574 -0.2847 -0.1462 0.2423 0.0082 -0.3763 -0.3270 -0.2366 0.1388 0.1394 -0.2942 -0.3606 -0.2899 -0.1596 0.2551 0.0300 -0.3768 -0.3316 -0.2462 0.0689 0.1534 -0.2604 -0.3636 -0.2951 -0.1717 0.2660 0.0484 -0.3758 -0.3361 -0.2552 0.0038 0.1688 -0.2162 -0.3664 -0.3009 -0.1850 0.2747 0.0728 -0.3610
0.0724 0.2751 -0.1850 -0.3002 -0.3658 -0.2294 0.1636 0.0260 -0.2521 -0.3342 -0.3765 0.0409 0.2616 -0.1665 -0.2929 -0.3623 -0.2762 0.1472 0.0998 -0.2420 -0.3296 -0.3768 0.0210 0.2497 -0.1540 -0.2877 -0.3592 -0.3065 0.1334 0.1665 -0.2324 -0.3250 -0.3758 -0.0029 0.2363 -0.1398 -0.2824 -0.3559 -0.3297 0.1200 0.2179 -0.2228 -0.3202 -0.3743 -0.0337 0.2220 -0.1226 -0.2766 -0.3521 -0.3601 -0.0282 -0.3601 -0.3521 -0.2766 -0.1226 0.2220 -0.0337 -0.3743 -0.3202 -0.2228 0.2179 0.1200 -0.3297 -0.3559 -0.2824 -0.1398 0.2363 -0.0029 -0.3758 -0.3250 -0.2324 0.1665 0.1334 -0.3065 -0.3592 -0.2877 -0.1540 0.2497 0.0210 -0.3768 -0.3296 -0.2420 0.0998 0.1472 -0.2762 -0.3623 -0.2929 -0.1665 0.2616 0.0409 -0.3765 -0.3342 -0.2521 0.0260 0.1636 -0.2294 -0.3658 -0.3002 -0.1850 0.2751 0.0724
0.2709 -0.1878 -0.3009 -0.3658 -0.2341 0.1607 0.0433 -0.2490 -0.3326 -0.3768 0.0333 0.2569 -0.1613 -0.2906 -0.3610 -0.2904 0.1411 0.1302 -0.2378 -0.3276 -0.3765 0.0112 0.2440 -0.1480 -0.2854 -0.3578 -0.3175 0.1276 0.1911 -0.2282 -0.3229 -0.3752 -0.0151 0.2303 -0.1330 -0.2801 -0.3544 -0.3378 0.1143 0.2345 -0.2186 -0.3181 -0.3737 -0.0493 0.2160 -0.1146 -0.2745 -0.3505 -0.3560 0.0841 0.2104 0.0841 -0.3560 -0.3505 -0.2745 -0.1146 0.2160 -0.0493 -0.3737 -0.3181 -0.2186 0.2345 0.1143 -0.3378 -0.3544 -0.2801 -0.1330 0.2303 -0.0151 -0.3752 -0.3229 -0.2282 0.1911 0.1276 -0.3175 -0.3578 -0.2854 -0.1480 0.2440 0.0112 -0.3765 -0.3276 -0.2378 0.1302 0.1411 -0.2904 -0.3610 -0.2906 -0.1613 0.2569 0.0333 -0.3768 -0.3326 -0.2490 0.0433 0.1607 -0.2341 -0.3658 -0.3009 -0.1878 0.2709
-0.1830 -0.3026 -0.3664 -0.2294 0.1607 0.0499 -0.2472 -0.3315 -0.3768 0.0265 0.2524 -0.1563 -0.2885 -0.3597 -0.3029 0.1352 0.1587 -0.2336 -0.3256 -0.3759 0.0004 0.2381 -0.1417 -0.2831 -0.3564 -0.3271 0.1218 0.2122 -0.2241 -0.3208 -0.3746 -0.0287 0.2242 -0.1257 -0.2778 -0.3528 -0.3449 0.1085 0.2478 -0.2144 -0.3160 -0.3729 -0.0667 0.2101 -0.1057 -0.2722 -0.3489 -0.3588 0.0909 0.2761 -0.1045 0.2761 0.0909 -0.3588 -0.3489 -0.2722 -0.1057 0.2101 -0.0667 -0.3729 -0.3160 -0.2144 0.2478 0.1085 -0.3449 -0.3528 -0.2778 -0.1257 0.2242 -0.0287 -0.3746 -0.3208 -0.2241 0.2122 0.1218 -0.3271 -0.3564 -0.2831 -0.1417 0.2381 0.0004 -0.3759 -0.3256 -0.2336 0.1587 0.1352 -0.3029 -0.3597 -0.2885 -0.1563 0.2524 0.0265 -0.3768 -0.3315 -0.2472 0.0499 0.1607 -0.2294 -0.3664 -0.3026 -0.1830
-0.2880 -0.3674 -0.2162 0.1636 0.0433 -0.2472 -0.3311 -0.3768 0.0217 0.2488 -0.1520 -0.2866 -0.3584 -0.3134 0.1296 0.1838 -0.2295 -0.3235 -0.3754 -0.0114 0.2320 -0.1351 -0.2808 -0.3548 -0.3356 0.1160 0.2298 -0.2199 -0.3187 -0.3739 -0.0438 0.2182 -0.1178 -0.2755 -0.3512 -0.3511 0.1027 0.2580 -0.2102 -0.3138 -0.3722 -0.0857 0.2042 -0.0958 -0.2699 -0.3472 -0.3626 0.0877 0.2740 -0.1885 -0.2691 -0.1885 0.2740 0.0877 -0.3626 -0.3472 -0.2699 -0.0958 0.2042 -0.0857 -0.3722 -0.3138 -0.2102 0.2580 0.1027 -0.3511 -0.3512 -0.2755 -0.1178 0.2182 -0.0438 -0.3739 -0.3187 -0.2199 0.2298 0.1160 -0.3356 -0.3548 -0.2808 -0.1351 0.2320 -0.0114 -0.3754 -0.3235 -0.2295 0.1838 0.1296 -0.3134 -0.3584 -0.2866 -0.1520 0.2488 0.0217 -0.3768 -0.3311 -0.2472 0.0433 0.1636 -0.2162 -0.3674 -0.2880
-0.3548 -0.1974 0.1688 0.0260 -0.2490 -0.3315 -0.3768 0.0199 0.2469 -0.1491 -0.2852 -0.3574 -0.3215 0.1246 0.2040 -0.2256 -0.3215 -0.3747 -0.0246 0.2260 -0.1279 -0.2785 -0.3533 -0.3430 0.1102 0.2441 -0.2157 -0.3166 -0.3732 -0.0607 0.2122 -0.1091 -0.2731 -0.3496 -0.3564 0.0969 0.2656 -0.2060 -0.3117 -0.3714 -0.1063 0.1984 -0.0846 -0.2676 -0.3455 -0.3661 0.0822 0.2750 -0.1932 -0.3018 -0.3519 -0.3018 -0.1932 0.2750 0.0822 -0.3661 -0.3455 -0.2676 -0.0846 0.1984 -0.1063 -0.3714 -0.3117 -0.2060 0.2656 0.0969 -0.3564 -0.3496 -0.2731 -0.1091 0.2122 -0.0607 -0.3732 -0.3166 -0.2157 0.2441 0.1102 -0.3430 -0.3533 -0.2785 -0.1279 0.2260 -0.0246 -0.3747 -0.3215 -0.2256 0.2040 0.1246 -0.3215 -0.3574 -0.2852 -0.1491 0.2469 0.0199 -0.3768 -0.3315 -0.2490 0.0260 0.1688 -0.1974 -0.3548
-0.1892 0.1748 0.0038 -0.2521 -0.3326 -0.3768 0.0217 0.2469 -0.1480 -0.2844 -0.3567 -0.3270 0.1207 0.2188 -0.2221 -0.3196 -0.3741 -0.0386 0.2200 -0.1202 -0.2761 -0.3517 -0.3494 0.1044 0.2553 -0.2115 -0.3145 -0.3724 -0.0792 0.2063 -0.0995 -0.2708 -0.3479 -0.3609 0.0910 0.2708 -0.2017 -0.3095 -0.3705 -0.1280 0.1926 -0.0721 -0.2652 -0.3437 -0.3690 0.0762 0.2755 -0.1904 -0.3033 -0.3714 -0.3770 -0.3714 -0.3033 -0.1904 0.2755 0.0762 -0.3690 -0.3437 -0.2652 -0.0721 0.1926 -0.1280 -0.3705 -0.3095 -0.2017 0.2708 0.0910 -0.3609 -0.3479 -0.2708 -0.0995 0.2063 -0.0792 -0.3724 -0.3145 -0.2115 0.2553 0.1044 -0.3494 -0.3517 -0.2761 -0.1202 0.2200 -0.0386 -0.3741 -0.3196 -0.2221 0.2188 0.1207 -0.3270 -0.3567 -0.2844 -0.1480 0.2469 0.0217 -0.3768 -0.3326 -0.2521 0.0038 0.1748 -0.1892
0.1773 -0.0185 -0.2552 -0.3342 -0.3768 0.0265 0.2488 -0.1491 -0.2844 -0.3564 -0.3298 0.1181 0.2284 -0.2193 -0.3181 -0.3736 -0.0526 0.2146 -0.1122 -0.2739 -0.3501 -0.3549 0.0986 0.2636 -0.2072 -0.3123 -0.3716 -0.0993 0.2004 -0.0888 -0.2684 -0.3462 -0.3647 0.0850 0.2740 -0.1973 -0.3073 -0.3696 -0.1502 0.1869 -0.0577 -0.2628 -0.3419 -0.3714 0.0698 0.2748 -0.1863 -0.3018 -0.3675 -0.2503 0.0701 -0.2503 -0.3675 -0.3018 -0.1863 0.2748 0.0698 -0.3714 -0.3419 -0.2628 -0.0577 0.1869 -0.1502 -0.3696 -0.3073 -0.1973 0.2740 0.0850 -0.3647 -0.3462 -0.2684 -0.0888 0.2004 -0.0993 -0.3716 -0.3123 -0.2072 0.2636 0.0986 -0.3549 -0.3501 -0.2739 -0.1122 0.2146 -0.0526 -0.3736 -0.3181 -0.2193 0.2284 0.1181 -0.3298 -0.3564 -0.2844 -0.1491 0.2488 0.0265 -0.3768 -0.3342 -0.2552 -0.0185 0.1773
-0.0371 -0.2577 -0.3361 -0.3765 0.0333 0.2524 -0.1520 -0.2852 -0.3567 -0.3298 0.1172 0.2331 -0.2176 -0.3169 -0.3731 -0.0653 0.2098 -0.1044 -0.2718 -0.3485 -0.3595 0.0928 0.2695 -0.2030 -0.3102 -0.3708 -0.1207 0.1946 -0.0767 -0.2661 -0.3444 -0.3679 0.0788 0.2754 -0.1929 -0.3051 -0.3686 -0.1725 0.1812 -0.0411 -0.2604 -0.3401 -0.3733 0.0633 0.2729 -0.1817 -0.2997 -0.3661 -0.2337 0.1463 0.2688 0.1463 -0.2337 -0.3661 -0.2997 -0.1817 0.2729 0.0633 -0.3733 -0.3401 -0.2604 -0.0411 0.1812 -0.1725 -0.3686 -0.3051 -0.1929 0.2754 0.0788 -0.3679 -0.3444 -0.2661 -0.0767 0.1946 -0.1207 -0.3708 -0.3102 -0.2030 0.2695 0.0928 -0.3595 -0.3485 -0.2718 -0.1044 0.2098 -0.0653 -0.3731 -0.3169 -0.2176 0.2331 0.1172 -0.3298 -0.3567 -0.2852 -0.1520 0.2524 0.0333 -0.3765 -0.3361 -0.2577 -0.0371
-0.2422 -0.3380 -0.3758 0.0409 0.2569 -0.1563 -0.2866 -0.3574 -0.3270 0.1181 0.2331 -0.2169 -0.3163 -0.3728 -0.0750 0.2062 -0.0974 -0.2700 -0.3471 -0.3631 0.0873 0.2731 -0.1987 -0.3080 -0.3699 -0.1428 0.1888 -0.0630 -0.2637 -0.3426 -0.3705 0.0725 0.2752 -0.1884 -0.3029 -0.3676 -0.1942 0.1756 -0.0218 -0.2581 -0.3382 -0.3747 0.0564 0.2700 -0.1769 -0.2975 -0.3649 -0.2446 0.1554 0.1221 -0.1829 0.1221 0.1554 -0.2446 -0.3649 -0.2975 -0.1769 0.2700 0.0564 -0.3747 -0.3382 -0.2581 -0.0218 0.1756 -0.1942 -0.3676 -0.3029 -0.1884 0.2752 0.0725 -0.3705 -0.3426 -0.2637 -0.0630 0.1888 -0.1428 -0.3699 -0.3080 -0.1987 0.2731 0.0873 -0.3631 -0.3471 -0.2700 -0.0974 0.2062 -0.0750 -0.3728 -0.3163 -0.2169 0.2331 0.1181 -0.3270 -0.3574 -0.2866 -0.1563 0.2569 0.0409 -0.3758 -0.3380 -0.2422
-0.3241 -0.3749 0.0484 0.2616 -0.1613 -0.2885 -0.3584 -0.3215 0.1207 0.2284 -0.2176 -0.3163 -0.3727 -0.0802 0.2038 -0.0920 -0.2685 -0.3458 -0.3658 0.0823 0.2749 -0.1946 -0.3059 -0.3689 -0.1650 0.1831 -0.0471 -0.2613 -0.3408 -0.3726 0.0660 0.2738 -0.1838 -0.3007 -0.3665 -0.2148 0.1694 0.0007 -0.2557 -0.3363 -0.3757 0.0492 0.2663 -0.1720 -0.2953 -0.3637 -0.2603 0.1526 0.0855 -0.2364 -0.2960 -0.2364 0.0855 0.1526 -0.2603 -0.3637 -0.2953 -0.1720 0.2663 0.0492 -0.3757 -0.3363 -0.2557 0.0007 0.1694 -0.2148 -0.3665 -0.3007 -0.1838 0.2738 0.0660 -0.3726 -0.3408 -0.2613 -0.0471 0.1831 -0.1650 -0.3689 -0.3059 -0.1946 0.2749 0.0823 -0.3658 -0.3458 -0.2685 -0.0920 0.2038 -0.0802 -0.3727 -0.3163 -0.2176 0.2284 0.1207 -0.3215 -0.3584 -0.2885 -0.1613 0.2616 0.0484 -0.3749 -0.3241
-0.3645 0.0558 0.2660 -0.1665 -0.2906 -0.3597 -0.3134 0.1246 0.2188 -0.2193 -0.3169 -0.3728 -0.0802 0.2030 -0.0891 -0.2676 -0.3450 -0.3676 0.0781 0.2755 -0.1911 -0.3040 -0.3680 -0.1858 0.1776 -0.0290 -0.2589 -0.3389 -0.3742 0.0592 0.2713 -0.1790 -0.2985 -0.3654 -0.2342 0.1628 0.0264 -0.2523 -0.3344 -0.3764 0.0416 0.2620 -0.1669 -0.2930 -0.3624 -0.2758 0.1472 0.1031 -0.2400 -0.3267 -0.3726 -0.3267 -0.2400 0.1031 0.1472 -0.2758 -0.3624 -0.2930 -0.1669 0.2620 0.0416 -0.3764 -0.3344 -0.2523 0.0264 0.1628 -0.2342 -0.3654 -0.2985 -0.1790 0.2713 0.0592 -0.3742 -0.3389 -0.2589 -0.0290 0.1776 -0.1858 -0.3680 -0.3040 -0.1911 0.2755 0.0781 -0.3676 -0.3450 -0.2676 -0.0891 0.2030 -0.0802 -0.3728 -0.3169 -0.2193 0.2188 0.1246 -0.3134 -0.3597 -0.2906 -0.1665 0.2660 0.0558 -0.3645
0.0570 0.2697 -0.1717 -0.2929 -0.3610 -0.3029 0.1296 0.2040 -0.2221 -0.3181 -0.3731 -0.0750 0.2038 -0.0891 -0.2673 -0.3445 -0.3687 0.0751 0.2753 -0.1881 -0.3024 -0.3671 -0.2039 0.1723 -0.0092 -0.2566 -0.3371 -0.3754 0.0521 0.2679 -0.1742 -0.2963 -0.3642 -0.2522 0.1564 0.0551 -0.2481 -0.3325 -0.3768 0.0335 0.2572 -0.1617 -0.2908 -0.3611 -0.2898 0.1412 0.1306 -0.2374 -0.3270 -0.3802 -0.2884 -0.3802 -0.3270 -0.2374 0.1306 0.1412 -0.2898 -0.3611 -0.2908 -0.1617 0.2572 0.0335 -0.3768 -0.3325 -0.2481 0.0551 0.1564 -0.2522 -0.3642 -0.2963 -0.1742 0.2679 0.0521 -0.3754 -0.3371 -0.2566 -0.0092 0.1723 -0.2039 -0.3671 -0.3024 -0.1881 0.2753 0.0751 -0.3687 -0.3445 -0.2673 -0.0891 0.2038 -0.0750 -0.3731 -0.3181 -0.2221 0.2040 0.1296 -0.3029 -0.3610 -0.2929 -0.1717 0.2697 0.0570
0.2685 -0.1766 -0.2951 -0.3623 -0.2904 0.1352 0.1838 -0.2256 -0.3196 -0.3736 -0.0653 0.2062 -0.0920 -0.2676 -0.3445 -0.3690 0.0735 0.2750 -0.1859 -0.3012 -0.3664 -0.2185 0.1674 0.0110 -0.2541 -0.3353 -0.3762 0.0448 0.2639 -0.1691 -0.2940 -0.3630 -0.2687 0.1501 0.0856 -0.2439 -0.3305 -0.3768 0.0248 0.2519 -0.1562 -0.2885 -0.3597 -0.3025 0.1353 0.1585 -0.2335 -0.3254 -0.3758 -0.0320 0.1314 -0.0320 -0.3758 -0.3254 -0.2335 0.1585 0.1353 -0.3025 -0.3597 -0.2885 -0.1562 0.2519 0.0248 -0.3768 -0.3305 -0.2439 0.0856 0.1501 -0.2687 -0.3630 -0.2940 -0.1691 0.2639 0.0448 -0.3762 -0.3353 -0.2541 0.0110 0.1674 -0.2185 -0.3664 -0.3012 -0.1859 0.2750 0.0735 -0.3690 -0.3445 -0.2676 -0.0920 0.2062 -0.0653 -0.3736 -0.3196 -0.2256 0.1838 0.1352 -0.2904 -0.3623 -0.2951 -0.1766 0.2685
-0.1735 -0.2974 -0.3636 -0.2762 0.1411 0.1587 -0.2295 -0.3215 -0.3741 -0.0526 0.2098 -0.0974 -0.2685 -0.3450 -0.3687 0.0735 0.2749 -0.1848 -0.3004 -0.3659 -0.2292 0.1632 0.0298 -0.2512 -0.3337 -0.3766 0.0376 0.2594 -0.1640 -0.2918 -0.3617 -0.2836 0.1440 0.1162 -0.2397 -0.3285 -0.3766 0.0154 0.2463 -0.1504 -0.2862 -0.3583 -0.3139 0.1295 0.1838 -0.2294 -0.3235 -0.3753 -0.0186 0.2119 0.1922 0.2119 -0.0186 -0.3753 -0.3235 -0.2294 0.1838 0.1295 -0.3139 -0.3583 -0.2862 -0.1504 0.2463 0.0154 -0.3766 -0.3285 -0.2397 0.1162 0.1440 -0.2836 -0.3617 -0.2918 -0.1640 0.2594 0.0376 -0.3766 -0.3337 -0.2512 0.0298 0.1632 -0.2292 -0.3659 -0.3004 -0.1848 0.2749 0.0735 -0.3687 -0.3450 -0.2685 -0.0974 0.2098 -0.0526 -0.3741 -0.3215 -0.2295 0.1587 0.1411 -0.2762 -0.3636 -0.2974 -0.1735
-0.2828 -0.3648 -0.2604 0.1472 0.1302 -0.2336 -0.3235 -0.3747 -0.0386 0.2146 -0.1044 -0.2700 -0.3458 -0.3676 0.0751 0.2750 -0.1848 -0.3001 -0.3656 -0.2357 0.1603 0.0452 -0.2486 -0.3323 -0.3768 0.0308 0.2550 -0.1591 -0.2896 -0.3604 -0.2968 0.1381 0.1454 -0.2355 -0.3265 -0.3762 0.0052 0.2406 -0.1443 -0.2840 -0.3569 -0.3239 0.1237 0.2059 -0.2253 -0.3214 -0.3747 -0.0266 0.2225 -0.1050 -0.2293 -0.1050 0.2225 -0.0266 -0.3747 -0.3214 -0.2253 0.2059 0.1237 -0.3239 -0.3569 -0.2840 -0.1443 0.2406 0.0052 -0.3762 -0.3265 -0.2355 0.1454 0.1381 -0.2968 -0.3604 -0.2896 -0.1591 0.2550 0.0308 -0.3768 -0.3323 -0.2486 0.0452 0.1603 -0.2357 -0.3656 -0.3001 -0.1848 0.2750 0.0751 -0.3676 -0.3458 -0.2700 -0.1044 0.2146 -0.0386 -0.3747 -0.3235 -0.2336 0.1302 0.1472 -0.2604 -0.3648 -0.2828
-0.3520 -0.2431 0.1534 0.0998 -0.2378 -0.3256 -0.3754 -0.0246 0.2200 -0.1122 -0.2718 -0.3471 -0.3658 0.0781 0.2753 -0.1859 -0.3004 -0.3656 -0.2380 0.1588 0.0551 -0.2467 -0.3312 -0.3768 0.0247 0.2510 -0.1546 -0.2877 -0.3591 -0.3081 0.1324 0.1717 -0.2315 -0.3245 -0.3756 -0.0062 0.2346 -0.1378 -0.2817 -0.3554 -0.3327 0.1180 0.2245 -0.2212 -0.3193 -0.3741 -0.0401 0.2190 -0.1153 -0.2700 -0.3222 -0.2700 -0.1153 0.2190 -0.0401 -0.3741 -0.3193 -0.2212 0.2245 0.1180 -0.3327 -0.3554 -0.2817 -0.1378 0.2346 -0.0062 -0.3756 -0.3245 -0.2315 0.1717 0.1324 -0.3081 -0.3591 -0.2877 -0.1546 0.2510 0.0247 -0.3768 -0.3312 -0.2467 0.0551 0.1588 -0.2380 -0.3656 -0.3004 -0.1859 0.2753 0.0781 -0.3658 -0.3471 -0.2718 -0.1122 0.2200 -0.0246 -0.3754 -0.3256 -0.2378 0.0998 0.1534 -0.2431 -0.3520
-0.2340 0.1599 0.0689 -0.2420 -0.3276 -0.3759 -0.0114 0.2260 -0.1202 -0.2739 -0.3485 -0.3631 0.0823 0.2755 -0.1881 -0.3012 -0.3659 -0.2357 0.1588 0.0585 -0.2458 -0.3306 -0.3768 0.0197 0.2476 -0.1506 -0.2860 -0.3580 -0.3172 0.1273 0.1938 -0.2275 -0.3225 -0.3750 -0.0184 0.2287 -0.1310 -0.2794 -0.3539 -0.3404 0.1122 0.2397 -0.2170 -0.3173 -0.3734 -0.0560 0.2136 -0.1103 -0.2725 -0.3496 -0.3862 -0.3496 -0.2725 -0.1103 0.2136 -0.0560 -0.3734 -0.3173 -0.2170 0.2397 0.1122 -0.3404 -0.3539 -0.2794 -0.1310 0.2287 -0.0184 -0.3750 -0.3225 -0.2275 0.1938 0.1273 -0.3172 -0.3580 -0.2860 -0.1506 0.2476 0.0197 -0.3768 -0.3306 -0.2458 0.0585 0.1588 -0.2357 -0.3659 -0.3012 -0.1881 0.2755 0.0823 -0.3631 -0.3485 -0.2739 -0.1202 0.2260 -0.0114 -0.3759 -0.3276 -0.2420 0.0689 0.1599 -0.2340
0.1631 0.0391 -0.2462 -0.3296 -0.3765 0.0004 0.2320 -0.1279 -0.2761 -0.3501 -0.3595 0.0873 0.2749 -0.1911 -0.3024 -0.3664 -0.2292 0.1603 0.0551 -0.2458 -0.3304 -0.3768 0.0165 0.2452 -0.1475 -0.2846 -0.3570 -0.3244 0.1227 0.2112 -0.2239 -0.3206 -0.3745 -0.0316 0.2228 -0.1238 -0.2771 -0.3523 -0.3470 0.1065 0.2517 -0.2129 -0.3152 -0.3727 -0.0738 0.2078 -0.1018 -0.2711 -0.3481 -0.3688 -0.0663 -0.3688 -0.3481 -0.2711 -0.1018 0.2078 -0.0738 -0.3727 -0.3152 -0.2129 0.2517 0.1065 -0.3470 -0.3523 -0.2771 -0.1238 0.2228 -0.0316 -0.3745 -0.3206 -0.2239 0.2112 0.1227 -0.3244 -0.3570 -0.2846 -0.1475 0.2452 0.0165 -0.3768 -0.3304 -0.2458 0.0551 0.1603 -0.2292 -0.3664 -0.3024 -0.1911 0.2749 0.0873 -0.3595 -0.3501 -0.2761 -0.1279 0.2320 0.0004 -0.3765 -0.3296 -0.2462 0.0391 0.1631
0.0115 -0.2505 -0.3316 -0.3768 0.0112 0.2381 -0.1351 -0.2785 -0.3517 -0.3549 0.0928 0.2731 -0.1946 -0.3040 -0.3671 -0.2185 0.1632 0.0452 -0.2467 -0.3306 -0.3768 0.0155 0.2439 -0.1455 -0.2836 -0.3562 -0.3298 0.1189 0.2245 -0.2207 -0.3189 -0.3739 -0.0455 0.2172 -0.1161 -0.2749 -0.3508 -0.3527 0.1009 0.2608 -0.2088 -0.3130 -0.3719 -0.0932 0.2020 -0.0917 -0.2690 -0.3465 -0.3656 0.0698 0.1962 0.0698 -0.3656 -0.3465 -0.2690 -0.0917 0.2020 -0.0932 -0.3719 -0.3130 -0.2088 0.2608 0.1009 -0.3527 -0.3508 -0.2749 -0.1161 0.2172 -0.0455 -0.3739 -0.3189 -0.2207 0.2245 0.1189 -0.3298 -0.3562 -0.2836 -0.1455 0.2439 0.0155 -0.3768 -0.3306 -0.2467 0.0452 0.1632 -0.2185 -0.3671 -0.3040 -0.1946 0.2731 0.0928 -0.3549 -0.3517 -0.2785 -0.1351 0.2381 0.0112 -0.3768 -0.3316 -0.2505 0.0115
-0.2361 -0.3336 -0.3768 0.0210 0.2440 -0.1417 -0.2808 -0.3533 -0.3494 0.0986 0.2695 -0.1987 -0.3059 -0.3680 -0.2039 0.1674 0.0298 -0.2486 -0.3312 -0.3768 0.0165 0.2439 -0.1448 -0.2831 -0.3558 -0.3333 0.1159 0.2340 -0.2179 -0.3173 -0.3733 -0.0592 0.2121 -0.1081 -0.2727 -0.3492 -0.3575 0.0954 0.2673 -0.2047 -0.3110 -0.3711 -0.1136 0.1963 -0.0802 -0.2667 -0.3448 -0.3675 0.0767 0.2733 -0.0772 0.2733 0.0767 -0.3675 -0.3448 -0.2667 -0.0802 0.1963 -0.1136 -0.3711 -0.3110 -0.2047 0.2673 0.0954 -0.3575 -0.3492 -0.2727 -0.1081 0.2121 -0.0592 -0.3733 -0.3173 -0.2179 0.2340 0.1159 -0.3333 -0.3558 -0.2831 -0.1448 0.2439 0.0165 -0.3768 -0.3312 -0.2486 0.0298 0.1674 -0.2039 -0.3680 -0.3059 -0.1987 0.2695 0.0986 -0.3494 -0.3533 -0.2808 -0.1417 0.2440 0.0210 -0.3768 -0.3336 -0.2361
-0.3196 -0.3766 0.0300 0.2497 -0.1480 -0.2831 -0.3548 -0.3430 0.1044 0.2636 -0.2030 -0.3080 -0.3689 -0.1858 0.1723 0.0110 -0.2512 -0.3323 -0.3768 0.0197 0.2452 -0.1455 -0.2831 -0.3556 -0.3351 0.1140 0.2400 -0.2158 -0.3161 -0.3728 -0.0721 0.2076 -0.1004 -0.2707 -0.3477 -0.3615 0.0898 0.2717 -0.2006 -0.3089 -0.3702 -0.1346 0.1908 -0.0675 -0.2644 -0.3431 -0.3699 0.0733 0.2750 -0.1774 -0.2634 -0.1774 0.2750 0.0733 -0.3699 -0.3431 -0.2644 -0.0675 0.1908 -0.1346 -0.3702 -0.3089 -0.2006 0.2717 0.0898 -0.3615 -0.3477 -0.2707 -0.1004 0.2076 -0.0721 -0.3728 -0.3161 -0.2158 0.2400 0.1140 -0.3351 -0.3556 -0.2831 -0.1455 0.2452 0.0197 -0.3768 -0.3323 -0.2512 0.0110 0.1723 -0.1858 -0.3689 -0.3080 -0.2030 0.2636 0.1044 -0.3430 -0.3548 -0.2831 -0.1480 0.2497 0.0300 -0.3766 -0.3196
-0.3660 0.0384 0.2551 -0.1540 -0.2854 -0.3564 -0.3356 0.1102 0.2553 -0.2072 -0.3102 -0.3699 -0.1650 0.1776 -0.0092 -0.2541 -0.3337 -0.3768 0.0247 0.2476 -0.1475 -0.2836 -0.3558 -0.3351 0.1134 0.2429 -0.2144 -0.3152 -0.3724 -0.0832 0.2038 -0.0931 -0.2690 -0.3463 -0.3647 0.0844 0.2743 -0.1965 -0.3068 -0.3693 -0.1558 0.1853 -0.0532 -0.2621 -0.3413 -0.3720 0.0675 0.2741 -0.1825 -0.2963 -0.3470 -0.2963 -0.1825 0.2741 0.0675 -0.3720 -0.3413 -0.2621 -0.0532 0.1853 -0.1558 -0.3693 -0.3068 -0.1965 0.2743 0.0844 -0.3647 -0.3463 -0.2690 -0.0931 0.2038 -0.0832 -0.3724 -0.3152 -0.2144 0.2429 0.1134 -0.3351 -0.3558 -0.2836 -0.1475 0.2476 0.0247 -0.3768 -0.3337 -0.2541 -0.0092 0.1776 -0.1650 -0.3699 -0.3102 -0.2072 0.2553 0.1102 -0.3356 -0.3564 -0.2854 -0.1540 0.2551 0.0384 -0.3660
0.0399 0.2602 -0.1596 -0.2877 -0.3578 -0.3271 0.1160 0.2441 -0.2115 -0.3123 -0.3708 -0.1428 0.1831 -0.0290 -0.2566 -0.3353 -0.3766 0.0308 0.2510 -0.1506 -0.2846 -0.3562 -0.3333 0.1140 0.2429 -0.2140 -0.3148 -0.3722 -0.0913 0.2009 -0.0868 -0.2675 -0.3451 -0.3671 0.0796 0.2753 -0.1926 -0.3049 -0.3684 -0.1768 0.1800 -0.0368 -0.2599 -0.3396 -0.3737 0.0612 0.2720 -0.1797 -0.2980 -0.3683 -0.3831 -0.3683 -0.2980 -0.1797 0.2720 0.0612 -0.3737 -0.3396 -0.2599 -0.0368 0.1800 -0.1768 -0.3684 -0.3049 -0.1926 0.2753 0.0796 -0.3671 -0.3451 -0.2675 -0.0868 0.2009 -0.0913 -0.3722 -0.3148 -0.2140 0.2429 0.1140 -0.3333 -0.3562 -0.2846 -0.1506 0.2510 0.0308 -0.3766 -0.3353 -0.2566 -0.0290 0.1831 -0.1428 -0.3708 -0.3123 -0.2115 0.2441 0.1160 -0.3271 -0.3578 -0.2877 -0.1596 0.2602 0.0399
0.2610 -0.1650 -0.2899 -0.3592 -0.3175 0.1218 0.2298 -0.2157 -0.3145 -0.3716 -0.1207 0.1888 -0.0471 -0.2589 -0.3371 -0.3762 0.0376 0.2550 -0.1546 -0.2860 -0.3570 -0.3298 0.1159 0.2400 -0.2144 -0.3148 -0.3721 -0.0957 0.1990 -0.0820 -0.2664 -0.3441 -0.3689 0.0753 0.2754 -0.1891 -0.3030 -0.3675 -0.1964 0.1747 -0.0179 -0.2576 -0.3378 -0.3750 0.0547 0.2691 -0.1754 -0.2966 -0.3648 -0.2862 0.0553 -0.2862 -0.3648 -0.2966 -0.1754 0.2691 0.0547 -0.3750 -0.3378 -0.2576 -0.0179 0.1747 -0.1964 -0.3675 -0.3030 -0.1891 0.2754 0.0753 -0.3689 -0.3441 -0.2664 -0.0820 0.1990 -0.0957 -0.3721 -0.3148 -0.2144 0.2400 0.1159 -0.3298 -0.3570 -0.2860 -0.1546 0.2550 0.0376 -0.3762 -0.3371 -0.2589 -0.0471 0.1888 -0.1207 -0.3716 -0.3145 -0.2157 0.2298 0.1218 -0.3175 -0.3592 -0.2899 -0.1650 0.2610
-0.1632 -0.2922 -0.3606 -0.3065 0.1276 0.2122 -0.2199 -0.3166 -0.3724 -0.0993 0.1946 -0.0630 -0.2613 -0.3389 -0.3754 0.0448 0.2594 -0.1591 -0.2877 -0.3580 -0.3244 0.1189 0.2340 -0.2158 -0.3152 -0.3722 -0.0957 0.1984 -0.0794 -0.2656 -0.3434 -0.3701 0.0718 0.2749 -0.1859 -0.3014 -0.3667 -0.2132 0.1693 0.0028 -0.2553 -0.3360 -0.3759 0.0478 0.2654 -0.1708 -0.2946 -0.3633 -0.2728 0.1333 0.2602 0.1333 -0.2728 -0.3633 -0.2946 -0.1708 0.2654 0.0478 -0.3759 -0.3360 -0.2553 0.0028 0.1693 -0.2132 -0.3667 -0.3014 -0.1859 0.2749 0.0718 -0.3701 -0.3434 -0.2656 -0.0794 0.1984 -0.0957 -0.3722 -0.3152 -0.2158 0.2340 0.1189 -0.3244 -0.3580 -0.2877 -0.1591 0.2594 0.0448 -0.3754 -0.3389 -0.2613 -0.0630 0.1946 -0.0993 -0.3724 -0.3166 -0.2199 0.2122 0.1276 -0.3065 -0.3606 -0.2922 -0.1632
-0.2775 -0.3620 -0.2942 0.1334 0.1911 -0.2241 -0.3187 -0.3732 -0.0792 0.2004 -0.0767 -0.2637 -0.3408 -0.3742 0.0521 0.2639 -0.1640 -0.2896 -0.3591 -0.3172 0.1227 0.2245 -0.2179 -0.3161 -0.3724 -0.0913 0.1990 -0.0794 -0.2654 -0.3430 -0.3708 0.0692 0.2741 -0.1834 -0.3000 -0.3659 -0.2274 0.1643 0.0237 -0.2524 -0.3343 -0.3765 0.0406 0.2613 -0.1660 -0.2925 -0.3621 -0.2812 0.1416 0.1849 -0.1699 0.1849 0.1416 -0.2812 -0.3621 -0.2925 -0.1660 0.2613 0.0406 -0.3765 -0.3343 -0.2524 0.0237 0.1643 -0.2274 -0.3659 -0.3000 -0.1834 0.2741 0.0692 -0.3708 -0.3430 -0.2654 -0.0794 0.1990 -0.0913 -0.3724 -0.3161 -0.2179 0.2245 0.1227 -0.3172 -0.3591 -0.2896 -0.1640 0.2639 0.0521 -0.3742 -0.3408 -0.2637 -0.0767 0.2004 -0.0792 -0.3732 -0.3187 -0.2241 0.1911 0.1334 -0.2942 -0.3620 -0.2775
-0.3490 -0.2805 0.1394 0.1665 -0.2282 -0.3208 -0.3739 -0.0607 0.2063 -0.0888 -0.2661 -0.3426 -0.3726 0.0592 0.2679 -0.1691 -0.2918 -0.3604 -0.3081 0.1273 0.2112 -0.2207 -0.3173 -0.3728 -0.0832 0.2009 -0.0820 -0.2656 -0.3430 -0.3711 0.0679 0.2736 -0.1816 -0.2990 -0.3653 -0.2391 0.1600 0.0436 -0.2491 -0.3327 -0.3768 0.0333 0.2568 -0.1611 -0.2904 -0.3608 -0.2929 0.1391 0.1529 -0.2268 -0.2905 -0.2268 0.1529 0.1391 -0.2929 -0.3608 -0.2904 -0.1611 0.2568 0.0333 -0.3768 -0.3327 -0.2491 0.0436 0.1600 -0.2391 -0.3653 -0.2990 -0.1816 0.2736 0.0679 -0.3711 -0.3430 -0.2656 -0.0820 0.2009 -0.0832 -0.3728 -0.3173 -0.2207 0.2112 0.1273 -0.3081 -0.3604 -0.2918 -0.1691 0.2679 0.0592 -0.3726 -0.3426 -0.2661 -0.0888 0.2063 -0.0607 -0.3739 -0.3208 -0.2282 0.1665 0.1394 -0.2805 -0.3490
-0.2712 0.1456 0.1388 -0.2324 -0.3229 -0.3746 -0.0438 0.2122 -0.0995 -0.2684 -0.3444 -0.3705 0.0660 0.2713 -0.1742 -0.2940 -0.3617 -0.2968 0.1324 0.1938 -0.2239 -0.3189 -0.3733 -0.0721 0.2038 -0.0868 -0.2664 -0.3434 -0.3708 0.0679 0.2734 -0.1806 -0.2983 -0.3648 -0.2476 0.1565 0.0614 -0.2464 -0.3313 -0.3768 0.0262 0.2523 -0.1562 -0.2884 -0.3596 -0.3041 0.1342 0.1666 -0.2308 -0.3218 -0.3688 -0.3218 -0.2308 0.1666 0.1342 -0.3041 -0.3596 -0.2884 -0.1562 0.2523 0.0262 -0.3768 -0.3313 -0.2464 0.0614 0.1565 -0.2476 -0.3648 -0.2983 -0.1806 0.2734 0.0679 -0.3708 -0.3434 -0.2664 -0.0868 0.2038 -0.0721 -0.3733 -0.3189 -0.2239 0.1938 0.1324 -0.2968 -0.3617 -0.2940 -0.1742 0.2713 0.0660 -0.3705 -0.3444 -0.2684 -0.0995 0.2122 -0.0438 -0.3746 -0.3229 -0.2324 0.1388 0.1456 -0.2712
0.1482 0.1087 -0.2366 -0.3250 -0.3752 -0.0287 0.2182 -0.1091 -0.2708 -0.3462 -0.3679 0.0725 0.2738 -0.1790 -0.2963 -0.3630 -0.2836 0.1381 0.1717 -0.2275 -0.3206 -0.3739 -0.0592 0.2076 -0.0931 -0.2675 -0.3441 -0.3701 0.0692 0.2736 -0.1806 -0.2981 -0.3646 -0.2527 0.1541 0.0756 -0.2441 -0.3301 -0.3768 0.0198 0.2481 -0.1515 -0.2865 -0.3584 -0.3141 0.1290 0.1871 -0.2284 -0.3225 -0.3793 -0.3171 -0.3793 -0.3225 -0.2284 0.1871 0.1290 -0.3141 -0.3584 -0.2865 -0.1515 0.2481 0.0198 -0.3768 -0.3301 -0.2441 0.0756 0.1541 -0.2527 -0.3646 -0.2981 -0.1806 0.2736 0.0692 -0.3701 -0.3441 -0.2675 -0.0931 0.2076 -0.0592 -0.3739 -0.3206 -0.2275 0.1717 0.1381 -0.2836 -0.3630 -0.2963 -0.1790 0.2738 0.0725 -0.3679 -0.3462 -0.2708 -0.1091 0.2182 -0.0287 -0.3752 -0.3250 -0.2366 0.1087 0.1482
0.0752 -0.2408 -0.3270 -0.3758 -0.0151 0.2242 -0.1178 -0.2731 -0.3479 -0.3647 0.0788 0.2752 -0.1838 -0.2985 -0.3642 -0.2687 0.1440 0.1454 -0.2315 -0.3225 -0.3745 -0.0455 0.2121 -0.1004 -0.2690 -0.3451 -0.3689 0.0718 0.2741 -0.1816 -0.2983 -0.3646 -0.2545 0.1528 0.0845 -0.2426 -0.3292 -0.3767 0.0142 0.2445 -0.1474 -0.2847 -0.3572 -0.3226 0.1241 0.2059 -0.2250 -0.3211 -0.3748 -0.0674 0.1196 -0.0674 -0.3748 -0.3211 -0.2250 0.2059 0.1241 -0.3226 -0.3572 -0.2847 -0.1474 0.2445 0.0142 -0.3767 -0.3292 -0.2426 0.0845 0.1528 -0.2545 -0.3646 -0.2983 -0.1816 0.2741 0.0718 -0.3689 -0.3451 -0.2690 -0.1004 0.2121 -0.0455 -0.3745 -0.3225 -0.2315 0.1454 0.1440 -0.2687 -0.3642 -0.2985 -0.1838 0.2752 0.0788 -0.3647 -0.3479 -0.2731 -0.1178 0.2242 -0.0151 -0.3758 -0.3270 -0.2408 0.0752
-0.2283 -0.3291 -0.3763 -0.0029 0.2303 -0.1257 -0.2755 -0.3496 -0.3609 0.0850 0.2754 -0.1884 -0.3007 -0.3654 -0.2522 0.1501 0.1162 -0.2355 -0.3245 -0.3750 -0.0316 0.2172 -0.1081 -0.2707 -0.3463 -0.3671 0.0753 0.2749 -0.1834 -0.2990 -0.3648 -0.2527 0.1528 0.0877 -0.2417 -0.3286 -0.3765 0.0096 0.2415 -0.1438 -0.2833 -0.3562 -0.3293 0.1196 0.2213 -0.2216 -0.3194 -0.3741 -0.0494 0.1988 0.2320 0.1988 -0.0494 -0.3741 -0.3194 -0.2216 0.2213 0.1196 -0.3293 -0.3562 -0.2833 -0.1438 0.2415 0.0096 -0.3765 -0.3286 -0.2417 0.0877 0.1528 -0.2527 -0.3648 -0.2990 -0.1834 0.2749 0.0753 -0.3671 -0.3463 -0.2707 -0.1081 0.2172 -0.0316 -0.3750 -0.3245 -0.2355 0.1162 0.1501 -0.2522 -0.3654 -0.3007 -0.1884 0.2754 0.0850 -0.3609 -0.3496 -0.2755 -0.1257 0.2303 -0.0029 -0.3763 -0.3291 -0.2283
-0.3150 -0.3767 0.0082 0.2363 -0.1330 -0.2778 -0.3512 -0.3564 0.0910 0.2740 -0.1929 -0.3029 -0.3665 -0.2342 0.1564 0.0856 -0.2397 -0.3265 -0.3756 -0.0184 0.2228 -0.1161 -0.2727 -0.3477 -0.3647 0.0796 0.2754 -0.1859 -0.3000 -0.3653 -0.2476 0.1541 0.0845 -0.2417 -0.3284 -0.3764 0.0066 0.2393 -0.1410 -0.2821 -0.3553 -0.3345 0.1157 0.2332 -0.2184 -0.3177 -0.3735 -0.0571 0.2104 -0.0827 -0.2221 -0.0827 0.2104 -0.0571 -0.3735 -0.3177 -0.2184 0.2332 0.1157 -0.3345 -0.3553 -0.2821 -0.1410 0.2393 0.0066 -0.3764 -0.3284 -0.2417 0.0845 0.1541 -0.2476 -0.3653 -0.3000 -0.1859 0.2754 0.0796 -0.3647 -0.3477 -0.2727 -0.1161 0.2228 -0.0184 -0.3756 -0.3265 -0.2397 0.0856 0.1564 -0.2342 -0.3665 -0.3029 -0.1929 0.2740 0.0910 -0.3564 -0.3512 -0.2778 -0.1330 0.2363 0.0082 -0.3767 -0.3150
-0.3659 0.0183 0.2423 -0.1398 -0.2801 -0.3528 -0.3511 0.0969 0.2708 -0.1973 -0.3051 -0.3676 -0.2148 0.1628 0.0551 -0.2439 -0.3285 -0.3762 -0.0062 0.2287 -0.1238 -0.2749 -0.3492 -0.3615 0.0844 0.2753 -0.1891 -0.3014 -0.3659 -0.2391 0.1565 0.0756 -0.2426 -0.3286 -0.3764 0.0054 0.2381 -0.1391 -0.2813 -0.3547 -0.3385 0.1124 0.2420 -0.2156 -0.3162 -0.3729 -0.0698 0.2080 -0.0972 -0.2651 -0.3174 -0.2651 -0.0972 0.2080 -0.0698 -0.3729 -0.3162 -0.2156 0.2420 0.1124 -0.3385 -0.3547 -0.2813 -0.1391 0.2381 0.0054 -0.3764 -0.3286 -0.2426 0.0756 0.1565 -0.2391 -0.3659 -0.3014 -0.1891 0.2753 0.0844 -0.3615 -0.3492 -0.2749 -0.1238 0.2287 -0.0062 -0.3762 -0.3285 -0.2439 0.0551 0.1628 -0.2148 -0.3676 -0.3051 -0.1973 0.2708 0.0969 -0.3511 -0.3528 -0.2801 -0.1398 0.2423 0.0183 -0.3659
0.0201 0.2481 -0.1462 -0.2824 -0.3544 -0.3449 0.1027 0.2656 -0.2017 -0.3073 -0.3686 -0.1942 0.1694 0.0264 -0.2481 -0.3305 -0.3766 0.0052 0.2346 -0.1310 -0.2771 -0.3508 -0.3575 0.0898 0.2743 -0.1926 -0.3030 -0.3667 -0.2274 0.1600 0.0614 -0.2441 -0.3292 -0.3765 0.0066 0.2381 -0.1385 -0.2809 -0.3542 -0.3412 0.1098 0.2483 -0.2132 -0.3149 -0.3724 -0.0828 0.2041 -0.0933 -0.2682 -0.3458 -0.3845 -0.3458 -0.2682 -0.0933 0.2041 -0.0828 -0.3724 -0.3149 -0.2132 0.2483 0.1098 -0.3412 -0.3542 -0.2809 -0.1385 0.2381 0.0066 -0.3765 -0.3292 -0.2441 0.0614 0.1600 -0.2274 -0.3667 -0.3030 -0.1926 0.2743 0.0898 -0.3575 -0.3508 -0.2771 -0.1310 0.2346 0.0052 -0.3766 -0.3305 -0.2481 0.0264 0.1694 -0.1942 -0.3686 -0.3073 -0.2017 0.2656 0.1027 -0.3449 -0.3544 -0.2824 -0.1462 0.2481 0.0201
0.2502 -0.1523 -0.2847 -0.3559 -0.3378 0.1085 0.2580 -0.2060 -0.3095 -0.3696 -0.1725 0.1756 0.0007 -0.2523 -0.3325 -0.3768 0.0154 0.2406 -0.1378 -0.2794 -0.3523 -0.3527 0.0954 0.2717 -0.1965 -0.3049 -0.3675 -0.2132 0.1643 0.0436 -0.2464 -0.3301 -0.3767 0.0096 0.2393 -0.1391 -0.2809 -0.3541 -0.3425 0.1083 0.2522 -0.2114 -0.3138 -0.3719 -0.0950 0.2004 -0.0864 -0.2674 -0.3451 -0.3736 -0.1029 -0.3736 -0.3451 -0.2674 -0.0864 0.2004 -0.0950 -0.3719 -0.3138 -0.2114 0.2522 0.1083 -0.3425 -0.3541 -0.2809 -0.1391 0.2393 0.0096 -0.3767 -0.3301 -0.2464 0.0436 0.1643 -0.2132 -0.3675 -0.3049 -0.1965 0.2717 0.0954 -0.3527 -0.3523 -0.2794 -0.1378 0.2406 0.0154 -0.3768 -0.3325 -0.2523 0.0007 0.1756 -0.1725 -0.3696 -0.3095 -0.2060 0.2580 0.1085 -0.3378 -0.3559 -0.2847 -0.1523 0.2502
-0.1519 -0.2870 -0.3574 -0.3297 0.1143 0.2478 -0.2102 -0.3117 -0.3705 -0.1502 0.1812 -0.0218 -0.2557 -0.3344 -0.3768 0.0248 0.2463 -0.1443 -0.2817 -0.3539 -0.3470 0.1009 0.2673 -0.2006 -0.3068 -0.3684 -0.1964 0.1693 0.0237 -0.2491 -0.3313 -0.3768 0.0142 0.2415 -0.1410 -0.2813 -0.3542 -0.3425 0.1077 0.2541 -0.2102 -0.3130 -0.3716 -0.1054 0.1972 -0.0795 -0.2660 -0.3440 -0.3700 0.0588 0.1861 0.0588 -0.3700 -0.3440 -0.2660 -0.0795 0.1972 -0.1054 -0.3716 -0.3130 -0.2102 0.2541 0.1077 -0.3425 -0.3542 -0.2813 -0.1410 0.2415 0.0142 -0.3768 -0.3313 -0.2491 0.0237 0.1693 -0.1964 -0.3684 -0.3068 -0.2006 0.2673 0.1009 -0.3470 -0.3539 -0.2817 -0.1443 0.2463 0.0248 -0.3768 -0.3344 -0.2557 -0.0218 0.1812 -0.1502 -0.3705 -0.3117 -0.2102 0.2478 0.1143 -0.3297 -0.3574 -0.2870 -0.1519
-0.2722 -0.3589 -0.3205 0.1200 0.2345 -0.2144 -0.3138 -0.3714 -0.1280 0.1869 -0.0411 -0.2581 -0.3363 -0.3764 0.0335 0.2519 -0.1504 -0.2840 -0.3554 -0.3404 0.1065 0.2608 -0.2047 -0.3089 -0.3693 -0.1768 0.1747 0.0028 -0.2524 -0.3327 -0.3768 0.0198 0.2445 -0.1438 -0.2821 -0.3547 -0.3412 0.1083 0.2541 -0.2098 -0.3126 -0.3714 -0.1129 0.1947 -0.0733 -0.2648 -0.3430 -0.3707 0.0678 0.2684 -0.0536 0.2684 0.0678 -0.3707 -0.3430 -0.2648 -0.0733 0.1947 -0.1129 -0.3714 -0.3126 -0.2098 0.2541 0.1083 -0.3412 -0.3547 -0.2821 -0.1438 0.2445 0.0198 -0.3768 -0.3327 -0.2524 0.0028 0.1747 -0.1768 -0.3693 -0.3089 -0.2047 0.2608 0.1065 -0.3404 -0.3554 -0.2840 -0.1504 0.2519 0.0335 -0.3764 -0.3363 -0.2581 -0.0411 0.1869 -0.1280 -0.3714 -0.3138 -0.2144 0.2345 0.1200 -0.3205 -0.3589 -0.2722
-0.3457 -0.3100 0.1258 0.2179 -0.2186 -0.3160 -0.3722 -0.1063 0.1926 -0.0577 -0.2604 -0.3382 -0.3757 0.0416 0.2572 -0.1562 -0.2862 -0.3569 -0.3327 0.1122 0.2517 -0.2088 -0.3110 -0.3702 -0.1558 0.1800 -0.0179 -0.2553 -0.3343 -0.3768 0.0262 0.2481 -0.1474 -0.2833 -0.3553 -0.3385 0.1098 0.2522 -0.2102 -0.3126 -0.3713 -0.1169 0.1932 -0.0685 -0.2638 -0.3421 -0.3717 0.0668 0.2728 -0.1706 -0.2598 -0.1706 0.2728 0.0668 -0.3717 -0.3421 -0.2638 -0.0685 0.1932 -0.1169 -0.3713 -0.3126 -0.2102 0.2522 0.1098 -0.3385 -0.3553 -0.2833 -0.1474 0.2481 0.0262 -0.3768 -0.3343 -0.2553 -0.0179 0.1800 -0.1558 -0.3702 -0.3110 -0.2088 0.2517 0.1122 -0.3327 -0.3569 -0.2862 -0.1562 0.2572 0.0416 -0.3757 -0.3382 -0.2604 -0.0577 0.1926 -0.1063 -0.3722 -0.3160 -0.2186 0.2179 0.1258 -0.3100 -0.3457
-0.3007 0.1318 0.1979 -0.2228 -0.3181 -0.3729 -0.0857 0.1984 -0.0721 -0.2628 -0.3401 -0.3747 0.0492 0.2620 -0.1617 -0.2885 -0.3583 -0.3239 0.1180 0.2397 -0.2129 -0.3130 -0.3711 -0.1346 0.1853 -0.0368 -0.2576 -0.3360 -0.3765 0.0333 0.2523 -0.1515 -0.2847 -0.3562 -0.3345 0.1124 0.2483 -0.2114 -0.3130 -0.3714 -0.1169 0.1927 -0.0660 -0.2632 -0.3415 -0.3724 0.0643 0.2724 -0.1779 -0.2936 -0.3443 -0.2936 -0.1779 0.2724 0.0643 -0.3724 -0.3415 -0.2632 -0.0660 0.1927 -0.1169 -0.3714 -0.3130 -0.2114 0.2483 0.1124 -0.3345 -0.3562 -0.2847 -0.1515 0.2523 0.0333 -0.3765 -0.3360 -0.2576 -0.0368 0.1853 -0.1346 -0.3711 -0.3130 -0.2129 0.2397 0.1180 -0.3239 -0.3583 -0.2885 -0.1617 0.2620 0.0492 -0.3747 -0.3401 -0.2628 -0.0721 0.1984 -0.0857 -0.3729 -0.3181 -0.2228 0.1979 0.1318 -0.3007
0.1339 0.1744 -0.2269 -0.3202 -0.3737 -0.0667 0.2042 -0.0846 -0.2652 -0.3419 -0.3733 0.0564 0.2663 -0.1669 -0.2908 -0.3597 -0.3139 0.1237 0.2245 -0.2170 -0.3152 -0.3719 -0.1136 0.1908 -0.0532 -0.2599 -0.3378 -0.3759 0.0406 0.2568 -0.1562 -0.2865 -0.3572 -0.3293 0.1157 0.2420 -0.2132 -0.3138 -0.3716 -0.1129 0.1932 -0.0660 -0.2630 -0.3412 -0.3729 0.0623 0.2716 -0.1776 -0.2965 -0.3669 -0.3849 -0.3669 -0.2965 -0.1776 0.2716 0.0623 -0.3729 -0.3412 -0.2630 -0.0660 0.1932 -0.1129 -0.3716 -0.3138 -0.2132 0.2420 0.1157 -0.3293 -0.3572 -0.2865 -0.1562 0.2568 0.0406 -0.3759 -0.3378 -0.2599 -0.0532 0.1908 -0.1136 -0.3719 -0.3152 -0.2170 0.2245 0.1237 -0.3139 -0.3597 -0.2908 -0.1669 0.2663 0.0564 -0.3733 -0.3419 -0.2652 -0.0846 0.2042 -0.0667 -0.3737 -0.3202 -0.2269 0.1744 0.1339
0.1435 -0.2311 -0.3222 -0.3743 -0.0493 0.2101 -0.0958 -0.2676 -0.3437 -0.3714 0.0633 0.2700 -0.1720 -0.2930 -0.3611 -0.3025 0.1295 0.2059 -0.2212 -0.3173 -0.3727 -0.0932 0.1963 -0.0675 -0.2621 -0.3396 -0.3750 0.0478 0.2613 -0.1611 -0.2884 -0.3584 -0.3226 0.1196 0.2332 -0.2156 -0.3149 -0.3719 -0.1054 0.1947 -0.0685 -0.2632 -0.3412 -0.3730 0.0611 0.2709 -0.1764 -0.2964 -0.3642 -0.2945 0.0503 -0.2945 -0.3642 -0.2964 -0.1764 0.2709 0.0611 -0.3730 -0.3412 -0.2632 -0.0685 0.1947 -0.1054 -0.3719 -0.3149 -0.2156 0.2332 0.1196 -0.3226 -0.3584 -0.2884 -0.1611 0.2613 0.0478 -0.3750 -0.3396 -0.2621 -0.0675 0.1963 -0.0932 -0.3727 -0.3173 -0.2212 0.2059 0.1295 -0.3025 -0.3611 -0.2930 -0.1720 0.2700 0.0633 -0.3714 -0.3437 -0.2676 -0.0958 0.2101 -0.0493 -0.3743 -0.3222 -0.2311 0.1435
-0.2203 -0.3243 -0.3750 -0.0337 0.2160 -0.1057 -0.2699 -0.3455 -0.3690 0.0698 0.2729 -0.1769 -0.2953 -0.3624 -0.2898 0.1353 0.1838 -0.2253 -0.3193 -0.3734 -0.0738 0.2020 -0.0802 -0.2644 -0.3413 -0.3737 0.0547 0.2654 -0.1660 -0.2904 -0.3596 -0.3141 0.1241 0.2213 -0.2184 -0.3162 -0.3724 -0.0950 0.1972 -0.0733 -0.2638 -0.3415 -0.3729 0.0611 0.2706 -0.1757 -0.2960 -0.3636 -0.2737 0.1317 0.2581 0.1317 -0.2737 -0.3636 -0.2960 -0.1757 0.2706 0.0611 -0.3729 -0.3415 -0.2638 -0.0733 0.1972 -0.0950 -0.3724 -0.3162 -0.2184 0.2213 0.1241 -0.3141 -0.3596 -0.2904 -0.1660 0.2654 0.0547 -0.3737 -0.3413 -0.2644 -0.0802 0.2020 -0.0738 -0.3734 -0.3193 -0.2253 0.1838 0.1353 -0.2898 -0.3624 -0.2953 -0.1769 0.2729 0.0698 -0.3690 -0.3455 -0.2699 -0.1057 0.2160 -0.0337 -0.3750 -0.3243 -0.2203
-0.3101 -0.3756 -0.0198 0.2220 -0.1146 -0.2722 -0.3472 -0.3661 0.0762 0.2748 -0.1817 -0.2975 -0.3637 -0.2758 0.1412 0.1585 -0.2294 -0.3214 -0.3741 -0.0560 0.2078 -0.0917 -0.2667 -0.3431 -0.3720 0.0612 0.2691 -0.1708 -0.2925 -0.3608 -0.3041 0.1290 0.2059 -0.2216 -0.3177 -0.3729 -0.0828 0.2004 -0.0795 -0.2648 -0.3421 -0.3724 0.0623 0.2709 -0.1757 -0.2958 -0.3634 -0.2715 0.1435 0.1840 -0.1692 0.1840 0.1435 -0.2715 -0.3634 -0.2958 -0.1757 0.2709 0.0623 -0.3724 -0.3421 -0.2648 -0.0795 0.2004 -0.0828 -0.3729 -0.3177 -0.2216 0.2059 0.1290 -0.3041 -0.3608 -0.2925 -0.1708 0.2691 0.0612 -0.3720 -0.3431 -0.2667 -0.0917 0.2078 -0.0560 -0.3741 -0.3214 -0.2294 0.1585 0.1412 -0.2758 -0.3637 -0.2975 -0.1817 0.2748 0.0762 -0.3661 -0.3472 -0.2722 -0.1146 0.2220 -0.0198 -0.3756 -0.3101
-0.3645 -0.0074 0.2279 -0.1226 -0.2745 -0.3489 -0.3626 0.0822 0.2755 -0.1863 -0.2997 -0.3649 -0.2603 0.1472 0.1306 -0.2335 -0.3235 -0.3747 -0.0401 0.2136 -0.1018 -0.2690 -0.3448 -0.3699 0.0675 0.2720 -0.1754 -0.2946 -0.3621 -0.2929 0.1342 0.1871 -0.2250 -0.3194 -0.3735 -0.0698 0.2041 -0.0864 -0.2660 -0.3430 -0.3717 0.0643 0.2716 -0.1764 -0.2960 -0.3634 -0.2717 0.1454 0.1329 -0.2284 -0.2911 -0.2284 0.1329 0.1454 -0.2717 -0.3634 -0.2960 -0.1764 0.2716 0.0643 -0.3717 -0.3430 -0.2660 -0.0864 0.2041 -0.0698 -0.3735 -0.3194 -0.2250 0.1871 0.1342 -0.2929 -0.3621 -0.2946 -0.1754 0.2720 0.0675 -0.3699 -0.3448 -0.2690 -0.1018 0.2136 -0.0401 -0.3747 -0.3235 -0.2335 0.1306 0.1472 -0.2603 -0.3649 -0.2997 -0.1863 0.2755 0.0822 -0.3626 -0.3489 -0.2745 -0.1226 0.2279 -0.0074 -0.3645
-0.0061 0.2334 -0.1295 -0.2766 -0.3505 -0.3588 0.0877 0.2750 -0.1904 -0.3018 -0.3661 -0.2446 0.1526 0.1031 -0.2374 -0.3254 -0.3753 -0.0266 0.2190 -0.1103 -0.2711 -0.3465 -0.3675 0.0733 0.2741 -0.1797 -0.2966 -0.3633 -0.2812 0.1391 0.1666 -0.2284 -0.3211 -0.3741 -0.0571 0.2080 -0.0933 -0.2674 -0.3440 -0.3707 0.0668 0.2724 -0.1776 -0.2964 -0.3636 -0.2715 0.1454 0.1260 -0.2351 -0.3234 -0.3697 -0.3234 -0.2351 0.1260 0.1454 -0.2715 -0.3636 -0.2964 -0.1776 0.2724 0.0668 -0.3707 -0.3440 -0.2674 -0.0933 0.2080 -0.0571 -0.3741 -0.3211 -0.2284 0.1666 0.1391 -0.2812 -0.3633 -0.2966 -0.1797 0.2741 0.0733 -0.3675 -0.3465 -0.2711 -0.1103 0.2190 -0.0266 -0.3753 -0.3254 -0.2374 0.1031 0.1526 -0.2446 -0.3661 -0.3018 -0.1904 0.2750 0.0877 -0.3588 -0.3505 -0.2766 -0.1295 0.2334 -0.0061
0.2338 -0.1336 -0.2780 -0.3521 -0.3560 0.0909 0.2740 -0.1932 -0.3033 -0.3675 -0.2337 0.1554 0.0855 -0.2400 -0.3270 -0.3758 -0.0186 0.2225 -0.1153 -0.2725 -0.3481 -0.3656 0.0767 0.2750 -0.1825 -0.2980 -0.3648 -0.2728 0.1416 0.1529 -0.2308 -0.3225 -0.3748 -0.0494 0.2104 -0.0972 -0.2682 -0.3451 -0.3700 0.0678 0.2728 -0.1779 -0.2965 -0.3642 -0.2737 0.1435 0.1329 -0.2351 -0.3252 -0.3802 -0.3099 -0.3802 -0.3252 -0.2351 0.1329 0.1435 -0.2737 -0.3642 -0.2965 -0.1779 0.2728 0.0678 -0.3700 -0.3451 -0.2682 -0.0972 0.2104 -0.0494 -0.3748 -0.3225 -0.2308 0.1529 0.1416 -0.2728 -0.3648 -0.2980 -0.1825 0.2750 0.0767 -0.3656 -0.3481 -0.2725 -0.1153 0.2225 -0.0186 -0.3758 -0.3270 -0.2400 0.0855 0.1554 -0.2337 -0.3675 -0.3033 -0.1932 0.2740 0.0909 -0.3560 -0.3521 -0.2780 -0.1336 0.2338
-0.1205 -0.2756 -0.3540 -0.3601 0.0841 0.2761 -0.1885 -0.3018 -0.3714 -0.2503 0.1463 0.1221 -0.2364 -0.3267 -0.3802 -0.0320 0.2119 -0.1050 -0.2700 -0.3496 -0.3688 0.0698 0.2733 -0.1774 -0.2963 -0.3683 -0.2862 0.1333 0.1849 -0.2268 -0.3218 -0.3793 -0.0674 0.1988 -0.0827 -0.2651 -0.3458 -0.3736 0.0588 0.2684 -0.1706 -0.2936 -0.3669 -0.2945 0.1317 0.1840 -0.2284 -0.3234 -0.3802 -0.0787 0.1131 -0.0787 -0.3802 -0.3234 -0.2284 0.1840 0.1317 -0.2945 -0.3669 -0.2936 -0.1706 0.2684 0.0588 -0.3736 -0.3458 -0.2651 -0.0827 0.1988 -0.0674 -0.3793 -0.3218 -0.2268 0.1849 0.1333 -0.2862 -0.3683 -0.2963 -0.1774 0.2733 0.0698 -0.3688 -0.3496 -0.2700 -0.1050 0.2119 -0.0320 -0.3802 -0.3267 -0.2364 0.1221 0.1463 -0.2503 -0.3714 -0.3018 -0.1885 0.2761 0.0841 -0.3601 -0.3540 -0.2756 -0.1205
-0.2230 -0.3278 -0.3876 -0.0282 0.2104 -0.1045 -0.2691 -0.3519 -0.3770 0.0701 0.2688 -0.1829 -0.2960 -0.3726 -0.2884 0.1314 0.1922 -0.2293 -0.3222 -0.3862 -0.0663 0.1962 -0.0772 -0.2634 -0.3470 -0.3831 0.0553 0.2602 -0.1699 -0.2905 -0.3688 -0.3171 0.1196 0.2320 -0.2221 -0.3174 -0.3845 -0.1029 0.1861 -0.0536 -0.2598 -0.3443 -0.3849 0.0503 0.2581 -0.1692 -0.2911 -0.3697 -0.3099 0.1131 0.2350 0.1131 -0.3099 -0.3697 -0.2911 -0.1692 0.2581 0.0503 -0.3849 -0.3443 -0.2598 -0.0536 0.1861 -0.1029 -0.3845 -0.3174 -0.2221 0.2320 0.1196 -0.3171 -0.3688 -0.2905 -0.1699 0.2602 0.0553 -0.3831 -0.3470 -0.2634 -0.0772 0.1962 -0.0663 -0.3862 -0.3222 -0.2293 0.1922 0.1314 -0.2884 -0.3726 -0.2960 -0.1829 0.2688 0.0701 -0.3770 -0.3519 -0.2691 -0.1045 0.2104 -0.0282 -0.3876 -0.3278 -0.2230
