0.3832 0.4166 0.4506 0.4807 0.5015 0.5106 0.5111 0.5054 0.4944 0.4785 0.4573 0.4306 0.3977 0.3584 0.3128 0.2625 0.2134 0.1773 0.1587 0.1485 0.1421 0.1378 0.1351 0.1337 0.1334 0.1343 0.1362 0.1393 0.1435 0.1488 0.1555 0.1634 0.1727 0.1833 0.1954 0.2088 0.2233 0.2386 0.2545 0.2702 0.2853 0.2990 0.3109 0.3209 0.3289 0.3351 0.3396 0.3428 0.3449 0.3460 0.3464 0.3460 0.3449 0.3428 0.3396 0.3351 0.3289 0.3209 0.3109 0.2990 0.2853 0.2702 0.2545 0.2386 0.2233 0.2088 0.1954 0.1833 0.1727 0.1634 0.1555 0.1488 0.1435 0.1393 0.1362 0.1343 0.1334 0.1337 0.1351 0.1378 0.1421 0.1485 0.1587 0.1773 0.2134 0.2625 0.3128 0.3584 0.3977 0.4306 0.4573 0.4785 0.4944 0.5054 0.5111 0.5106 0.5015 0.4807 0.4506 0.4166 0.3832
0.4166 0.4491 0.4787 0.4989 0.5077 0.5080 0.5023 0.4914 0.4755 0.4544 0.4278 0.3953 0.3562 0.3109 0.2611 0.2124 0.1767 0.1584 0.1484 0.1420 0.1378 0.1351 0.1337 0.1335 0.1344 0.1364 0.1395 0.1437 0.1492 0.1559 0.1639 0.1733 0.1843 0.1967 0.2106 0.2259 0.2425 0.2600 0.2778 0.2955 0.3122 0.3274 0.3406 0.3515 0.3601 0.3668 0.3716 0.3750 0.3773 0.3784 0.3789 0.3784 0.3773 0.3750 0.3716 0.3668 0.3601 0.3515 0.3406 0.3274 0.3122 0.2955 0.2778 0.2600 0.2425 0.2259 0.2106 0.1967 0.1843 0.1733 0.1639 0.1559 0.1492 0.1437 0.1395 0.1364 0.1344 0.1335 0.1337 0.1351 0.1378 0.1420 0.1484 0.1584 0.1767 0.2124 0.2611 0.3109 0.3562 0.3953 0.4278 0.4544 0.4755 0.4914 0.5023 0.5080 0.5077 0.4989 0.4787 0.4491 0.4166
0.4506 0.4787 0.4990 0.5077 0.5080 0.5022 0.4913 0.4753 0.4542 0.4276 0.3949 0.3558 0.3104 0.2605 0.2119 0.1764 0.1582 0.1483 0.1419 0.1377 0.1351 0.1337 0.1335 0.1344 0.1364 0.1396 0.1438 0.1493 0.1560 0.1642 0.1737 0.1848 0.1975 0.2118 0.2278 0.2453 0.2642 0.2839 0.3040 0.3237 0.3422 0.3589 0.3731 0.3848 0.3940 0.4010 0.4060 0.4096 0.4118 0.4131 0.4135 0.4131 0.4118 0.4096 0.4060 0.4010 0.3940 0.3848 0.3731 0.3589 0.3422 0.3237 0.3040 0.2839 0.2642 0.2453 0.2278 0.2118 0.1975 0.1848 0.1737 0.1642 0.1560 0.1493 0.1438 0.1396 0.1364 0.1344 0.1335 0.1337 0.1351 0.1377 0.1419 0.1483 0.1582 0.1764 0.2119 0.2605 0.3104 0.3558 0.3949 0.4276 0.4542 0.4753 0.4913 0.5022 0.5080 0.5077 0.4990 0.4787 0.4506
0.4807 0.4989 0.5077 0.5080 0.5022 0.4912 0.4752 0.4540 0.4273 0.3945 0.3554 0.3100 0.2600 0.2115 0.1762 0.1581 0.1482 0.1419 0.1377 0.1351 0.1337 0.1335 0.1345 0.1365 0.1396 0.1439 0.1494 0.1562 0.1644 0.1740 0.1852 0.1981 0.2128 0.2293 0.2475 0.2674 0.2886 0.3108 0.3331 0.3548 0.3749 0.3926 0.4076 0.4196 0.4288 0.4357 0.4407 0.4441 0.4462 0.4474 0.4478 0.4474 0.4462 0.4441 0.4407 0.4357 0.4288 0.4196 0.4076 0.3926 0.3749 0.3548 0.3331 0.3108 0.2886 0.2674 0.2475 0.2293 0.2128 0.1981 0.1852 0.1740 0.1644 0.1562 0.1494 0.1439 0.1396 0.1365 0.1345 0.1335 0.1337 0.1351 0.1377 0.1419 0.1482 0.1581 0.1762 0.2115 0.2600 0.3100 0.3554 0.3945 0.4273 0.4540 0.4752 0.4912 0.5022 0.5080 0.5077 0.4989 0.4807
0.5015 0.5077 0.5080 0.5022 0.4911 0.4751 0.4539 0.4271 0.3943 0.3550 0.3095 0.2596 0.2111 0.1759 0.1580 0.1481 0.1418 0.1377 0.1350 0.1337 0.1335 0.1345 0.1365 0.1397 0.1440 0.1495 0.1563 0.1645 0.1742 0.1856 0.1986 0.2135 0.2303 0.2491 0.2698 0.2922 0.3160 0.3405 0.3649 0.3882 0.4093 0.4274 0.4421 0.4535 0.4620 0.4681 0.4723 0.4751 0.4769 0.4778 0.4781 0.4778 0.4769 0.4751 0.4723 0.4681 0.4620 0.4535 0.4421 0.4274 0.4093 0.3882 0.3649 0.3405 0.3160 0.2922 0.2698 0.2491 0.2303 0.2135 0.1986 0.1856 0.1742 0.1645 0.1563 0.1495 0.1440 0.1397 0.1365 0.1345 0.1335 0.1337 0.1350 0.1377 0.1418 0.1481 0.1580 0.1759 0.2111 0.2596 0.3095 0.3550 0.3943 0.4271 0.4539 0.4751 0.4911 0.5022 0.5080 0.5077 0.5015
0.5106 0.5080 0.5022 0.4912 0.4751 0.4538 0.4270 0.3941 0.3548 0.3092 0.2592 0.2107 0.1757 0.1579 0.1481 0.1418 0.1376 0.1350 0.1337 0.1336 0.1345 0.1365 0.1397 0.1440 0.1496 0.1564 0.1647 0.1744 0.1858 0.1990 0.2141 0.2312 0.2503 0.2716 0.2950 0.3200 0.3463 0.3729 0.3989 0.4229 0.4437 0.4607 0.4735 0.4826 0.4888 0.4929 0.4955 0.4972 0.4982 0.4987 0.4989 0.4987 0.4982 0.4972 0.4955 0.4929 0.4888 0.4826 0.4735 0.4606 0.4437 0.4229 0.3989 0.3729 0.3463 0.3200 0.2950 0.2716 0.2503 0.2312 0.2141 0.1990 0.1859 0.1744 0.1647 0.1564 0.1496 0.1440 0.1397 0.1365 0.1345 0.1336 0.1337 0.1350 0.1376 0.1418 0.1481 0.1579 0.1757 0.2107 0.2592 0.3092 0.3548 0.3941 0.4270 0.4538 0.4751 0.4912 0.5022 0.5080 0.5106
0.5111 0.5023 0.4913 0.4752 0.4539 0.4270 0.3940 0.3546 0.3090 0.2589 0.2104 0.1755 0.1578 0.1480 0.1417 0.1376 0.1350 0.1337 0.1336 0.1345 0.1366 0.1397 0.1441 0.1496 0.1565 0.1648 0.1746 0.1861 0.1993 0.2145 0.2318 0.2513 0.2730 0.2970 0.3230 0.3506 0.3791 0.4072 0.4335 0.4565 0.4748 0.4878 0.4962 0.5012 0.5041 0.5058 0.5067 0.5073 0.5076 0.5077 0.5078 0.5077 0.5076 0.5073 0.5067 0.5058 0.5041 0.5012 0.4962 0.4878 0.4748 0.4565 0.4335 0.4072 0.3791 0.3506 0.3230 0.2970 0.2730 0.2513 0.2318 0.2145 0.1993 0.1861 0.1746 0.1648 0.1565 0.1496 0.1441 0.1397 0.1366 0.1345 0.1336 0.1337 0.1350 0.1376 0.1417 0.1480 0.1578 0.1755 0.2104 0.2589 0.3090 0.3546 0.3940 0.4270 0.4539 0.4752 0.4913 0.5023 0.5111
0.5054 0.4914 0.4753 0.4540 0.4271 0.3941 0.3546 0.3089 0.2587 0.2102 0.1754 0.1577 0.1479 0.1417 0.1376 0.1350 0.1337 0.1336 0.1345 0.1366 0.1398 0.1441 0.1497 0.1566 0.1649 0.1748 0.1863 0.1996 0.2149 0.2323 0.2520 0.2741 0.2985 0.3253 0.3539 0.3837 0.4135 0.4417 0.4661 0.4848 0.4969 0.5037 0.5070 0.5083 0.5087 0.5087 0.5085 0.5083 0.5081 0.5080 0.5079 0.5080 0.5081 0.5083 0.5085 0.5087 0.5087 0.5083 0.5070 0.5037 0.4969 0.4848 0.4661 0.4417 0.4135 0.3837 0.3539 0.3253 0.2985 0.2741 0.2520 0.2323 0.2149 0.1996 0.1863 0.1748 0.1649 0.1566 0.1497 0.1441 0.1398 0.1366 0.1345 0.1336 0.1337 0.1350 0.1376 0.1417 0.1479 0.1577 0.1754 0.2102 0.2587 0.3089 0.3546 0.3941 0.4271 0.4540 0.4753 0.4914 0.5054
0.4944 0.4755 0.4542 0.4273 0.3943 0.3548 0.3090 0.2587 0.2101 0.1753 0.1576 0.1479 0.1417 0.1375 0.1350 0.1337 0.1336 0.1345 0.1366 0.1398 0.1442 0.1498 0.1567 0.1650 0.1749 0.1865 0.1998 0.2152 0.2327 0.2526 0.2749 0.2997 0.3270 0.3563 0.3872 0.4183 0.4477 0.4730 0.4915 0.5022 0.5072 0.5087 0.5084 0.5073 0.5059 0.5047 0.5036 0.5028 0.5022 0.5019 0.5019 0.5019 0.5022 0.5028 0.5036 0.5047 0.5059 0.5073 0.5084 0.5087 0.5072 0.5022 0.4914 0.4730 0.4477 0.4183 0.3872 0.3563 0.3270 0.2997 0.2749 0.2526 0.2327 0.2152 0.1998 0.1865 0.1749 0.1650 0.1567 0.1498 0.1442 0.1398 0.1366 0.1345 0.1336 0.1337 0.1350 0.1375 0.1417 0.1479 0.1576 0.1753 0.2101 0.2587 0.3090 0.3548 0.3943 0.4273 0.4542 0.4755 0.4944
0.4785 0.4544 0.4276 0.3945 0.3550 0.3092 0.2589 0.2102 0.1753 0.1576 0.1479 0.1416 0.1375 0.1350 0.1337 0.1336 0.1345 0.1366 0.1398 0.1442 0.1498 0.1568 0.1651 0.1750 0.1866 0.2000 0.2155 0.2331 0.2531 0.2755 0.3006 0.3282 0.3582 0.3897 0.4217 0.4521 0.4779 0.4958 0.5052 0.5085 0.5083 0.5062 0.5033 0.5003 0.4975 0.4951 0.4933 0.4919 0.4911 0.4906 0.4904 0.4906 0.4911 0.4919 0.4933 0.4951 0.4975 0.5003 0.5033 0.5062 0.5083 0.5085 0.5052 0.4958 0.4779 0.4521 0.4217 0.3897 0.3582 0.3282 0.3006 0.2755 0.2531 0.2331 0.2155 0.2000 0.1866 0.1750 0.1651 0.1568 0.1498 0.1442 0.1398 0.1366 0.1346 0.1336 0.1337 0.1350 0.1375 0.1416 0.1479 0.1576 0.1753 0.2102 0.2589 0.3092 0.3550 0.3945 0.4276 0.4544 0.4785
0.4573 0.4278 0.3949 0.3554 0.3095 0.2592 0.2104 0.1754 0.1576 0.1479 0.1416 0.1375 0.1350 0.1337 0.1336 0.1346 0.1367 0.1399 0.1443 0.1499 0.1568 0.1652 0.1751 0.1867 0.2002 0.2157 0.2334 0.2534 0.2761 0.3013 0.3292 0.3596 0.3917 0.4243 0.4553 0.4814 0.4987 0.5068 0.5087 0.5069 0.5030 0.4980 0.4928 0.4880 0.4838 0.4804 0.4778 0.4759 0.4747 0.4741 0.4739 0.4741 0.4747 0.4759 0.4778 0.4804 0.4838 0.4880 0.4928 0.4980 0.5030 0.5069 0.5087 0.5068 0.4987 0.4814 0.4553 0.4243 0.3917 0.3596 0.3292 0.3013 0.2761 0.2534 0.2334 0.2157 0.2002 0.1867 0.1751 0.1652 0.1568 0.1499 0.1443 0.1399 0.1367 0.1346 0.1336 0.1337 0.1350 0.1375 0.1416 0.1479 0.1576 0.1754 0.2104 0.2592 0.3095 0.3554 0.3949 0.4278 0.4573
0.4306 0.3953 0.3558 0.3100 0.2596 0.2107 0.1755 0.1577 0.1479 0.1416 0.1375 0.1350 0.1337 0.1336 0.1346 0.1367 0.1399 0.1443 0.1499 0.1569 0.1653 0.1752 0.1869 0.2003 0.2159 0.2336 0.2538 0.2765 0.3019 0.3300 0.3606 0.3931 0.4262 0.4577 0.4838 0.5005 0.5077 0.5085 0.5052 0.4995 0.4923 0.4846 0.4772 0.4705 0.4649 0.4604 0.4570 0.4546 0.4530 0.4522 0.4519 0.4522 0.4530 0.4546 0.4570 0.4604 0.4649 0.4705 0.4772 0.4846 0.4923 0.4995 0.5052 0.5085 0.5077 0.5005 0.4838 0.4577 0.4263 0.3931 0.3606 0.3300 0.3019 0.2765 0.2538 0.2336 0.2159 0.2004 0.1869 0.1752 0.1653 0.1569 0.1499 0.1443 0.1399 0.1367 0.1346 0.1336 0.1337 0.1350 0.1375 0.1416 0.1479 0.1577 0.1755 0.2107 0.2596 0.3100 0.3558 0.3953 0.4306
0.3977 0.3562 0.3104 0.2600 0.2111 0.1757 0.1578 0.1479 0.1417 0.1375 0.1350 0.1337 0.1336 0.1346 0.1367 0.1399 0.1443 0.1500 0.1570 0.1654 0.1753 0.1870 0.2005 0.2160 0.2338 0.2540 0.2768 0.3024 0.3306 0.3615 0.3942 0.4277 0.4594 0.4855 0.5017 0.5082 0.5080 0.5036 0.4962 0.4868 0.4765 0.4660 0.4563 0.4476 0.4405 0.4348 0.4306 0.4275 0.4256 0.4245 0.4242 0.4245 0.4256 0.4275 0.4306 0.4348 0.4405 0.4476 0.4563 0.4660 0.4765 0.4868 0.4962 0.5036 0.5080 0.5082 0.5017 0.4856 0.4594 0.4277 0.3943 0.3615 0.3307 0.3024 0.2768 0.2540 0.2338 0.2160 0.2005 0.1870 0.1753 0.1654 0.1570 0.1500 0.1443 0.1399 0.1367 0.1346 0.1336 0.1337 0.1350 0.1375 0.1417 0.1479 0.1578 0.1757 0.2111 0.2600 0.3104 0.3562 0.3977
0.3584 0.3109 0.2605 0.2115 0.1759 0.1579 0.1480 0.1417 0.1375 0.1350 0.1337 0.1336 0.1346 0.1367 0.1399 0.1443 0.1500 0.1570 0.1654 0.1754 0.1871 0.2006 0.2162 0.2340 0.2542 0.2771 0.3027 0.3311 0.3621 0.3951 0.4288 0.4607 0.4868 0.5026 0.5084 0.5076 0.5021 0.4933 0.4820 0.4690 0.4554 0.4420 0.4297 0.4189 0.4101 0.4031 0.3979 0.3943 0.3919 0.3906 0.3902 0.3906 0.3919 0.3943 0.3979 0.4031 0.4101 0.4189 0.4296 0.4420 0.4554 0.4690 0.4820 0.4933 0.5021 0.5076 0.5084 0.5026 0.4868 0.4607 0.4288 0.3951 0.3621 0.3312 0.3027 0.2771 0.2543 0.2340 0.2162 0.2006 0.1871 0.1754 0.1654 0.1570 0.1500 0.1443 0.1399 0.1367 0.1346 0.1336 0.1337 0.1350 0.1375 0.1417 0.1480 0.1579 0.1759 0.2115 0.2605 0.3109 0.3584
0.3128 0.2611 0.2119 0.1762 0.1580 0.1481 0.1417 0.1376 0.1350 0.1337 0.1336 0.1346 0.1367 0.1399 0.1443 0.1500 0.1570 0.1655 0.1755 0.1872 0.2007 0.2163 0.2342 0.2545 0.2774 0.3031 0.3315 0.3627 0.3958 0.4296 0.4617 0.4877 0.5032 0.5086 0.5072 0.5009 0.4909 0.4779 0.4625 0.4458 0.4286 0.4120 0.3969 0.3839 0.3732 0.3649 0.3587 0.3544 0.3515 0.3500 0.3496 0.3500 0.3515 0.3544 0.3587 0.3649 0.3732 0.3839 0.3969 0.4120 0.4286 0.4458 0.4625 0.4779 0.4909 0.5009 0.5072 0.5086 0.5032 0.4877 0.4617 0.4297 0.3958 0.3627 0.3316 0.3031 0.2774 0.2545 0.2342 0.2163 0.2007 0.1872 0.1755 0.1655 0.1570 0.1500 0.1443 0.1399 0.1367 0.1346 0.1336 0.1337 0.1350 0.1376 0.1417 0.1481 0.1580 0.1762 0.2119 0.2611 0.3128
0.2625 0.2124 0.1764 0.1581 0.1481 0.1418 0.1376 0.1350 0.1337 0.1336 0.1346 0.1367 0.1399 0.1443 0.1500 0.1570 0.1655 0.1755 0.1872 0.2008 0.2164 0.2343 0.2546 0.2776 0.3033 0.3319 0.3631 0.3963 0.4303 0.4625 0.4884 0.5036 0.5086 0.5068 0.5000 0.4891 0.4746 0.4572 0.4376 0.4168 0.3957 0.3756 0.3576 0.3422 0.3297 0.3201 0.3130 0.3080 0.3048 0.3031 0.3026 0.3031 0.3048 0.3080 0.3130 0.3201 0.3297 0.3422 0.3575 0.3756 0.3957 0.4168 0.4376 0.4572 0.4746 0.4891 0.5000 0.5068 0.5086 0.5036 0.4884 0.4625 0.4303 0.3963 0.3631 0.3319 0.3033 0.2776 0.2546 0.2343 0.2164 0.2008 0.1872 0.1755 0.1655 0.1570 0.1500 0.1443 0.1399 0.1367 0.1346 0.1336 0.1337 0.1350 0.1376 0.1418 0.1481 0.1581 0.1764 0.2124 0.2625
0.2134 0.1767 0.1582 0.1482 0.1418 0.1376 0.1350 0.1337 0.1336 0.1345 0.1367 0.1399 0.1443 0.1500 0.1570 0.1655 0.1755 0.1872 0.2008 0.2165 0.2344 0.2548 0.2778 0.3036 0.3322 0.3635 0.3968 0.4308 0.4630 0.4889 0.5039 0.5087 0.5066 0.4993 0.4876 0.4721 0.4531 0.4310 0.4068 0.3814 0.3562 0.3326 0.3117 0.2943 0.2805 0.2701 0.2625 0.2572 0.2539 0.2521 0.2515 0.2521 0.2539 0.2572 0.2625 0.2701 0.2805 0.2943 0.3117 0.3326 0.3562 0.3814 0.4068 0.4310 0.4531 0.4721 0.4876 0.4993 0.5066 0.5087 0.5039 0.4889 0.4631 0.4309 0.3968 0.3635 0.3322 0.3036 0.2778 0.2548 0.2344 0.2165 0.2008 0.1872 0.1755 0.1655 0.1570 0.1500 0.1443 0.1399 0.1367 0.1346 0.1336 0.1337 0.1350 0.1376 0.1418 0.1482 0.1582 0.1767 0.2134
0.1773 0.1584 0.1483 0.1419 0.1377 0.1350 0.1337 0.1336 0.1345 0.1366 0.1399 0.1443 0.1500 0.1570 0.1655 0.1755 0.1872 0.2008 0.2165 0.2345 0.2549 0.2779 0.3037 0.3324 0.3638 0.3971 0.4313 0.4635 0.4893 0.5041 0.5087 0.5063 0.4987 0.4866 0.4702 0.4498 0.4258 0.3987 0.3694 0.3394 0.3102 0.2837 0.2612 0.2432 0.2296 0.2198 0.2130 0.2084 0.2056 0.2041 0.2037 0.2041 0.2056 0.2084 0.2130 0.2198 0.2296 0.2432 0.2612 0.2837 0.3102 0.3394 0.3694 0.3987 0.4258 0.4498 0.4702 0.4866 0.4987 0.5063 0.5087 0.5041 0.4893 0.4635 0.4313 0.3971 0.3638 0.3324 0.3037 0.2779 0.2549 0.2345 0.2165 0.2009 0.1872 0.1755 0.1655 0.1570 0.1500 0.1443 0.1399 0.1366 0.1345 0.1336 0.1337 0.1350 0.1377 0.1419 0.1483 0.1584 0.1773
0.1587 0.1484 0.1419 0.1377 0.1350 0.1337 0.1336 0.1345 0.1366 0.1398 0.1443 0.1499 0.1570 0.1654 0.1755 0.1872 0.2008 0.2165 0.2345 0.2549 0.2780 0.3038 0.3326 0.3640 0.3974 0.4316 0.4639 0.4896 0.5043 0.5087 0.5062 0.4983 0.4858 0.4688 0.4474 0.4218 0.3924 0.3598 0.3255 0.2914 0.2597 0.2328 0.2119 0.1971 0.1872 0.1808 0.1768 0.1742 0.1727 0.1719 0.1716 0.1719 0.1727 0.1742 0.1768 0.1809 0.1872 0.1971 0.2119 0.2328 0.2597 0.2914 0.3255 0.3598 0.3924 0.4218 0.4474 0.4688 0.4858 0.4983 0.5062 0.5087 0.5043 0.4896 0.4639 0.4316 0.3974 0.3640 0.3326 0.3039 0.2780 0.2549 0.2345 0.2165 0.2008 0.1872 0.1755 0.1654 0.1570 0.1499 0.1443 0.1398 0.1366 0.1345 0.1336 0.1337 0.1350 0.1377 0.1419 0.1484 0.1587
0.1485 0.1420 0.1377 0.1351 0.1337 0.1336 0.1345 0.1366 0.1398 0.1442 0.1499 0.1569 0.1654 0.1754 0.1872 0.2008 0.2165 0.2345 0.2549 0.2780 0.3039 0.3327 0.3641 0.3976 0.4319 0.4641 0.4899 0.5044 0.5087 0.5061 0.4980 0.4851 0.4677 0.4456 0.4188 0.3876 0.3524 0.3145 0.2761 0.2404 0.2107 0.1895 0.1762 0.1683 0.1634 0.1603 0.1583 0.1570 0.1562 0.1558 0.1556 0.1558 0.1562 0.1570 0.1583 0.1603 0.1634 0.1683 0.1762 0.1895 0.2107 0.2404 0.2761 0.3145 0.3524 0.3876 0.4188 0.4456 0.4677 0.4851 0.4980 0.5061 0.5087 0.5044 0.4899 0.4641 0.4319 0.3976 0.3641 0.3327 0.3039 0.2780 0.2549 0.2345 0.2165 0.2008 0.1872 0.1754 0.1654 0.1569 0.1499 0.1442 0.1398 0.1366 0.1345 0.1336 0.1337 0.1351 0.1377 0.1420 0.1485
0.1421 0.1378 0.1351 0.1337 0.1335 0.1345 0.1366 0.1398 0.1442 0.1498 0.1568 0.1653 0.1753 0.1871 0.2007 0.2164 0.2344 0.2549 0.2780 0.3039 0.3327 0.3642 0.3977 0.4320 0.4643 0.4900 0.5045 0.5087 0.5060 0.4977 0.4847 0.4669 0.4442 0.4166 0.3840 0.3468 0.3061 0.2643 0.2256 0.1950 0.1755 0.1645 0.1580 0.1539 0.1512 0.1494 0.1482 0.1474 0.1469 0.1466 0.1466 0.1466 0.1469 0.1474 0.1482 0.1494 0.1512 0.1539 0.1580 0.1645 0.1755 0.1950 0.2256 0.2643 0.3061 0.3468 0.3840 0.4166 0.4442 0.4669 0.4847 0.4977 0.5060 0.5087 0.5045 0.4900 0.4643 0.4320 0.3977 0.3642 0.3327 0.3039 0.2780 0.2549 0.2344 0.2164 0.2007 0.1871 0.1753 0.1653 0.1568 0.1498 0.1442 0.1398 0.1366 0.1345 0.1335 0.1337 0.1351 0.1378 0.1421
0.1378 0.1351 0.1337 0.1335 0.1345 0.1365 0.1397 0.1441 0.1498 0.1568 0.1652 0.1752 0.1870 0.2006 0.2163 0.2343 0.2548 0.2779 0.3039 0.3327 0.3642 0.3978 0.4321 0.4644 0.4901 0.5045 0.5087 0.5059 0.4976 0.4843 0.4663 0.4432 0.4149 0.3813 0.3426 0.2997 0.2555 0.2148 0.1846 0.1672 0.1577 0.1518 0.1480 0.1455 0.1437 0.1426 0.1418 0.1413 0.1409 0.1408 0.1407 0.1408 0.1409 0.1413 0.1418 0.1426 0.1437 0.1455 0.1480 0.1518 0.1577 0.1672 0.1846 0.2148 0.2555 0.2997 0.3426 0.3813 0.4149 0.4432 0.4663 0.4844 0.4976 0.5059 0.5087 0.5045 0.4901 0.4644 0.4321 0.3977 0.3642 0.3327 0.3039 0.2779 0.2548 0.2343 0.2163 0.2006 0.1870 0.1752 0.1652 0.1568 0.1498 0.1441 0.1397 0.1365 0.1345 0.1335 0.1337 0.1351 0.1378
0.1351 0.1337 0.1335 0.1345 0.1365 0.1397 0.1441 0.1497 0.1567 0.1651 0.1751 0.1869 0.2005 0.2162 0.2342 0.2546 0.2778 0.3037 0.3326 0.3641 0.3977 0.4321 0.4645 0.4902 0.5046 0.5087 0.5058 0.4974 0.4841 0.4658 0.4425 0.4137 0.3794 0.3395 0.2950 0.2490 0.2071 0.1779 0.1621 0.1533 0.1478 0.1442 0.1417 0.1400 0.1389 0.1381 0.1376 0.1372 0.1370 0.1369 0.1369 0.1369 0.1370 0.1372 0.1376 0.1381 0.1389 0.1400 0.1417 0.1442 0.1478 0.1533 0.1621 0.1779 0.2072 0.2490 0.2951 0.3395 0.3794 0.4137 0.4425 0.4659 0.4841 0.4975 0.5058 0.5087 0.5046 0.4902 0.4645 0.4321 0.3977 0.3641 0.3326 0.3037 0.2778 0.2546 0.2342 0.2162 0.2005 0.1869 0.1751 0.1651 0.1567 0.1497 0.1441 0.1397 0.1365 0.1345 0.1335 0.1337 0.1351
0.1337 0.1335 0.1344 0.1365 0.1397 0.1440 0.1496 0.1566 0.1650 0.1750 0.1868 0.2004 0.2160 0.2340 0.2545 0.2776 0.3036 0.3324 0.3640 0.3976 0.4320 0.4644 0.4902 0.5046 0.5087 0.5058 0.4974 0.4839 0.4656 0.4420 0.4129 0.3779 0.3372 0.2916 0.2443 0.2018 0.1736 0.1589 0.1505 0.1451 0.1416 0.1391 0.1375 0.1364 0.1357 0.1353 0.1350 0.1348 0.1347 0.1346 0.1346 0.1346 0.1347 0.1348 0.1350 0.1353 0.1357 0.1364 0.1375 0.1391 0.1416 0.1451 0.1505 0.1589 0.1736 0.2018 0.2443 0.2917 0.3372 0.3780 0.4129 0.4420 0.4656 0.4840 0.4974 0.5058 0.5087 0.5046 0.4902 0.4644 0.4320 0.3976 0.3640 0.3324 0.3036 0.2776 0.2545 0.2340 0.2160 0.2004 0.1867 0.1750 0.1650 0.1566 0.1496 0.1440 0.1397 0.1365 0.1344 0.1335 0.1337
0.1334 0.1344 0.1364 0.1396 0.1440 0.1496 0.1565 0.1649 0.1749 0.1866 0.2002 0.2159 0.2338 0.2543 0.2774 0.3034 0.3322 0.3638 0.3975 0.4319 0.4643 0.4901 0.5046 0.5087 0.5058 0.4973 0.4838 0.4654 0.4416 0.4123 0.3769 0.3356 0.2892 0.2409 0.1981 0.1707 0.1567 0.1486 0.1433 0.1398 0.1374 0.1359 0.1349 0.1343 0.1340 0.1338 0.1337 0.1336 0.1336 0.1335 0.1335 0.1335 0.1336 0.1336 0.1337 0.1338 0.1340 0.1343 0.1349 0.1359 0.1374 0.1398 0.1433 0.1486 0.1567 0.1707 0.1981 0.2409 0.2892 0.3357 0.3770 0.4123 0.4416 0.4654 0.4839 0.4973 0.5058 0.5087 0.5046 0.4901 0.4643 0.4319 0.3974 0.3638 0.3322 0.3033 0.2774 0.2543 0.2338 0.2159 0.2002 0.1866 0.1749 0.1649 0.1565 0.1496 0.1440 0.1396 0.1364 0.1344 0.1334
0.1343 0.1364 0.1396 0.1439 0.1495 0.1564 0.1648 0.1748 0.1865 0.2001 0.2157 0.2336 0.2540 0.2772 0.3031 0.3319 0.3635 0.3972 0.4317 0.4642 0.4900 0.5046 0.5087 0.5058 0.4973 0.4838 0.4653 0.4414 0.4119 0.3763 0.3345 0.2875 0.2385 0.1955 0.1688 0.1552 0.1473 0.1421 0.1386 0.1363 0.1349 0.1341 0.1337 0.1335 0.1335 0.1335 0.1336 0.1336 0.1337 0.1337 0.1337 0.1337 0.1337 0.1336 0.1336 0.1335 0.1335 0.1335 0.1337 0.1341 0.1349 0.1363 0.1386 0.1421 0.1473 0.1553 0.1689 0.1956 0.2386 0.2876 0.3346 0.3764 0.4119 0.4415 0.4653 0.4838 0.4973 0.5058 0.5087 0.5045 0.4900 0.4641 0.4316 0.3971 0.3635 0.3319 0.3031 0.2771 0.2540 0.2336 0.2157 0.2000 0.1865 0.1748 0.1648 0.1564 0.1495 0.1439 0.1396 0.1364 0.1343
0.1362 0.1395 0.1438 0.1494 0.1563 0.1647 0.1747 0.1863 0.1999 0.2155 0.2334 0.2538 0.2769 0.3028 0.3316 0.3632 0.3969 0.4313 0.4639 0.4899 0.5045 0.5087 0.5058 0.4974 0.4838 0.4652 0.4413 0.4117 0.3759 0.3338 0.2864 0.2369 0.1938 0.1676 0.1543 0.1464 0.1412 0.1378 0.1356 0.1343 0.1336 0.1335 0.1336 0.1338 0.1341 0.1344 0.1346 0.1348 0.1349 0.1349 0.1350 0.1349 0.1349 0.1348 0.1346 0.1344 0.1341 0.1338 0.1336 0.1335 0.1336 0.1343 0.1356 0.1378 0.1412 0.1464 0.1543 0.1676 0.1939 0.2370 0.2865 0.3340 0.3760 0.4118 0.4414 0.4653 0.4839 0.4974 0.5058 0.5087 0.5045 0.4899 0.4639 0.4313 0.3968 0.3631 0.3316 0.3027 0.2768 0.2538 0.2334 0.2155 0.1998 0.1863 0.1746 0.1647 0.1563 0.1494 0.1438 0.1395 0.1362
0.1393 0.1438 0.1493 0.1562 0.1646 0.1745 0.1861 0.1997 0.2153 0.2332 0.2535 0.2766 0.3024 0.3312 0.3628 0.3965 0.4310 0.4636 0.4897 0.5044 0.5087 0.5059 0.4974 0.4839 0.4653 0.4414 0.4117 0.3757 0.3335 0.2857 0.2359 0.1927 0.1668 0.1536 0.1458 0.1406 0.1372 0.1351 0.1339 0.1335 0.1336 0.1340 0.1346 0.1352 0.1358 0.1363 0.1367 0.1370 0.1372 0.1373 0.1373 0.1373 0.1372 0.1370 0.1367 0.1363 0.1358 0.1352 0.1346 0.1340 0.1336 0.1335 0.1339 0.1351 0.1373 0.1407 0.1458 0.1536 0.1668 0.1928 0.2361 0.2859 0.3336 0.3759 0.4118 0.4415 0.4654 0.4840 0.4975 0.5059 0.5087 0.5044 0.4896 0.4635 0.4309 0.3963 0.3627 0.3312 0.3024 0.2765 0.2534 0.2331 0.2152 0.1996 0.1861 0.1744 0.1645 0.1562 0.1493 0.1437 0.1393
0.1435 0.1492 0.1561 0.1644 0.1743 0.1859 0.1994 0.2150 0.2328 0.2532 0.2762 0.3020 0.3308 0.3623 0.3960 0.4305 0.4632 0.4894 0.5043 0.5087 0.5059 0.4975 0.4840 0.4655 0.4415 0.4118 0.3758 0.3334 0.2855 0.2354 0.1920 0.1662 0.1532 0.1454 0.1403 0.1369 0.1348 0.1337 0.1335 0.1338 0.1346 0.1356 0.1368 0.1378 0.1387 0.1395 0.1400 0.1405 0.1407 0.1409 0.1409 0.1409 0.1407 0.1404 0.1400 0.1395 0.1387 0.1378 0.1367 0.1356 0.1346 0.1338 0.1335 0.1337 0.1348 0.1369 0.1403 0.1454 0.1532 0.1663 0.1922 0.2356 0.2857 0.3336 0.3760 0.4119 0.4416 0.4656 0.4841 0.4976 0.5060 0.5087 0.5043 0.4893 0.4631 0.4303 0.3958 0.3621 0.3307 0.3019 0.2761 0.2531 0.2327 0.2149 0.1993 0.1859 0.1742 0.1644 0.1560 0.1492 0.1435
0.1489 0.1559 0.1642 0.1741 0.1857 0.1991 0.2147 0.2325 0.2528 0.2757 0.3015 0.3303 0.3617 0.3954 0.4299 0.4627 0.4891 0.5042 0.5087 0.5060 0.4977 0.4842 0.4657 0.4418 0.4121 0.3761 0.3336 0.2855 0.2353 0.1918 0.1660 0.1529 0.1451 0.1400 0.1366 0.1346 0.1336 0.1335 0.1341 0.1353 0.1368 0.1384 0.1400 0.1415 0.1428 0.1438 0.1445 0.1451 0.1454 0.1456 0.1457 0.1456 0.1454 0.1451 0.1445 0.1438 0.1427 0.1415 0.1400 0.1384 0.1368 0.1353 0.1341 0.1335 0.1336 0.1346 0.1367 0.1400 0.1452 0.1530 0.1661 0.1920 0.2356 0.2859 0.3340 0.3764 0.4123 0.4420 0.4659 0.4844 0.4977 0.5061 0.5087 0.5041 0.4889 0.4625 0.4296 0.3951 0.3615 0.3300 0.3013 0.2755 0.2526 0.2323 0.2145 0.1990 0.1856 0.1740 0.1642 0.1559 0.1488
0.1556 0.1640 0.1738 0.1854 0.1988 0.2143 0.2320 0.2523 0.2752 0.3009 0.3296 0.3610 0.3946 0.4292 0.4621 0.4886 0.5040 0.5087 0.5061 0.4979 0.4845 0.4661 0.4422 0.4125 0.3766 0.3341 0.2860 0.2355 0.1918 0.1659 0.1528 0.1450 0.1399 0.1365 0.1345 0.1336 0.1336 0.1344 0.1359 0.1378 0.1400 0.1423 0.1445 0.1464 0.1480 0.1493 0.1502 0.1509 0.1514 0.1516 0.1517 0.1516 0.1514 0.1509 0.1502 0.1493 0.1480 0.1464 0.1445 0.1423 0.1400 0.1378 0.1359 0.1344 0.1336 0.1336 0.1345 0.1365 0.1399 0.1451 0.1529 0.1661 0.1922 0.2361 0.2865 0.3346 0.3770 0.4129 0.4425 0.4663 0.4847 0.4980 0.5062 0.5087 0.5039 0.4884 0.4617 0.4288 0.3943 0.3606 0.3292 0.3006 0.2749 0.2520 0.2318 0.2141 0.1986 0.1852 0.1737 0.1639 0.1555
0.1636 0.1735 0.1850 0.1984 0.2138 0.2315 0.2517 0.2745 0.3002 0.3288 0.3601 0.3937 0.4283 0.4613 0.4881 0.5037 0.5087 0.5063 0.4981 0.4849 0.4665 0.4428 0.4132 0.3773 0.3350 0.2868 0.2362 0.1922 0.1660 0.1528 0.1450 0.1398 0.1364 0.1344 0.1335 0.1337 0.1347 0.1364 0.1387 0.1415 0.1445 0.1474 0.1502 0.1525 0.1545 0.1561 0.1573 0.1581 0.1586 0.1589 0.1590 0.1589 0.1586 0.1581 0.1572 0.1560 0.1545 0.1525 0.1501 0.1473 0.1444 0.1415 0.1387 0.1364 0.1346 0.1337 0.1335 0.1344 0.1365 0.1399 0.1451 0.1530 0.1663 0.1928 0.2370 0.2876 0.3357 0.3780 0.4137 0.4432 0.4669 0.4851 0.4983 0.5063 0.5087 0.5036 0.4877 0.4607 0.4277 0.3931 0.3596 0.3282 0.2997 0.2741 0.2513 0.2312 0.2135 0.1981 0.1848 0.1733 0.1634
0.1730 0.1846 0.1979 0.2132 0.2308 0.2509 0.2736 0.2992 0.3277 0.3590 0.3925 0.4271 0.4602 0.4873 0.5034 0.5087 0.5064 0.4985 0.4854 0.4672 0.4436 0.4142 0.3785 0.3362 0.2881 0.2374 0.1930 0.1664 0.1530 0.1450 0.1398 0.1364 0.1344 0.1335 0.1337 0.1348 0.1368 0.1395 0.1427 0.1463 0.1501 0.1537 0.1571 0.1600 0.1624 0.1642 0.1656 0.1666 0.1673 0.1677 0.1678 0.1676 0.1673 0.1666 0.1656 0.1642 0.1623 0.1599 0.1570 0.1536 0.1500 0.1462 0.1426 0.1394 0.1367 0.1348 0.1337 0.1335 0.1344 0.1365 0.1399 0.1452 0.1532 0.1668 0.1939 0.2386 0.2892 0.3372 0.3794 0.4149 0.4442 0.4677 0.4858 0.4987 0.5066 0.5086 0.5032 0.4868 0.4594 0.4263 0.3917 0.3582 0.3270 0.2985 0.2730 0.2503 0.2303 0.2128 0.1975 0.1843 0.1727
0.1838 0.1972 0.2125 0.2300 0.2499 0.2725 0.2980 0.3264 0.3575 0.3910 0.4256 0.4588 0.4864 0.5030 0.5086 0.5066 0.4989 0.4860 0.4680 0.4447 0.4155 0.3800 0.3379 0.2899 0.2392 0.1943 0.1670 0.1533 0.1452 0.1399 0.1364 0.1344 0.1335 0.1337 0.1349 0.1370 0.1400 0.1436 0.1478 0.1523 0.1569 0.1613 0.1653 0.1688 0.1716 0.1738 0.1754 0.1766 0.1774 0.1778 0.1779 0.1778 0.1773 0.1765 0.1753 0.1736 0.1714 0.1686 0.1651 0.1611 0.1567 0.1521 0.1476 0.1435 0.1398 0.1369 0.1349 0.1337 0.1335 0.1344 0.1365 0.1400 0.1454 0.1536 0.1676 0.1956 0.2409 0.2917 0.3395 0.3813 0.4166 0.4456 0.4688 0.4866 0.4993 0.5068 0.5086 0.5026 0.4856 0.4577 0.4243 0.3897 0.3563 0.3253 0.2970 0.2716 0.2491 0.2293 0.2118 0.1967 0.1833
0.1962 0.2115 0.2288 0.2487 0.2711 0.2964 0.3246 0.3556 0.3890 0.4236 0.4570 0.4850 0.5023 0.5085 0.5069 0.4995 0.4869 0.4692 0.4461 0.4172 0.3821 0.3403 0.2926 0.2418 0.1962 0.1679 0.1538 0.1455 0.1401 0.1365 0.1344 0.1335 0.1337 0.1350 0.1371 0.1403 0.1442 0.1488 0.1540 0.1595 0.1649 0.1702 0.1749 0.1789 0.1822 0.1847 0.1866 0.1880 0.1889 0.1894 0.1895 0.1893 0.1888 0.1879 0.1865 0.1845 0.1819 0.1786 0.1745 0.1698 0.1646 0.1591 0.1537 0.1486 0.1440 0.1401 0.1370 0.1349 0.1337 0.1335 0.1345 0.1367 0.1403 0.1458 0.1543 0.1689 0.1981 0.2443 0.2950 0.3426 0.3840 0.4188 0.4474 0.4702 0.4876 0.5000 0.5072 0.5084 0.5017 0.4838 0.4553 0.4217 0.3872 0.3539 0.3230 0.2950 0.2698 0.2475 0.2278 0.2106 0.1954
0.2100 0.2274 0.2470 0.2692 0.2943 0.3223 0.3531 0.3863 0.4209 0.4545 0.4832 0.5014 0.5084 0.5073 0.5002 0.4880 0.4707 0.4480 0.4195 0.3848 0.3436 0.2962 0.2453 0.1989 0.1692 0.1545 0.1459 0.1403 0.1367 0.1345 0.1335 0.1337 0.1349 0.1371 0.1403 0.1445 0.1494 0.1551 0.1613 0.1678 0.1742 0.1803 0.1857 0.1904 0.1942 0.1971 0.1993 0.2008 0.2018 0.2024 0.2025 0.2023 0.2017 0.2006 0.1990 0.1967 0.1937 0.1899 0.1852 0.1797 0.1736 0.1672 0.1608 0.1547 0.1490 0.1441 0.1401 0.1369 0.1348 0.1337 0.1336 0.1346 0.1369 0.1407 0.1464 0.1553 0.1707 0.2018 0.2490 0.2997 0.3468 0.3876 0.4218 0.4498 0.4721 0.4891 0.5009 0.5076 0.5082 0.5005 0.4814 0.4521 0.4183 0.3837 0.3506 0.3200 0.2922 0.2674 0.2453 0.2259 0.2088
0.2253 0.2448 0.2667 0.2915 0.3192 0.3497 0.3828 0.4173 0.4512 0.4806 0.5001 0.5081 0.5077 0.5012 0.4895 0.4726 0.4505 0.4226 0.3885 0.3479 0.3010 0.2502 0.2028 0.1712 0.1555 0.1465 0.1407 0.1369 0.1346 0.1336 0.1337 0.1348 0.1370 0.1402 0.1444 0.1496 0.1557 0.1625 0.1698 0.1773 0.1847 0.1917 0.1979 0.2032 0.2074 0.2108 0.2132 0.2150 0.2161 0.2167 0.2169 0.2166 0.2158 0.2146 0.2127 0.2101 0.2067 0.2023 0.1970 0.1907 0.1837 0.1763 0.1689 0.1617 0.1550 0.1490 0.1440 0.1398 0.1367 0.1346 0.1336 0.1336 0.1348 0.1373 0.1412 0.1473 0.1567 0.1736 0.2072 0.2555 0.3061 0.3524 0.3924 0.4258 0.4531 0.4746 0.4909 0.5021 0.5080 0.5077 0.4987 0.4779 0.4477 0.4135 0.3791 0.3463 0.3160 0.2886 0.2642 0.2425 0.2233
0.2417 0.2634 0.2878 0.3151 0.3453 0.3780 0.4124 0.4467 0.4771 0.4982 0.5076 0.5081 0.5024 0.4913 0.4752 0.4538 0.4267 0.3934 0.3537 0.3075 0.2569 0.2084 0.1742 0.1570 0.1475 0.1414 0.1373 0.1348 0.1336 0.1336 0.1346 0.1367 0.1399 0.1441 0.1494 0.1556 0.1628 0.1707 0.1791 0.1878 0.1962 0.2041 0.2111 0.2171 0.2219 0.2256 0.2283 0.2302 0.2315 0.2321 0.2323 0.2319 0.2311 0.2296 0.2275 0.2245 0.2207 0.2157 0.2097 0.2026 0.1947 0.1863 0.1777 0.1694 0.1617 0.1547 0.1486 0.1435 0.1394 0.1364 0.1344 0.1335 0.1337 0.1351 0.1378 0.1421 0.1486 0.1589 0.1779 0.2148 0.2643 0.3145 0.3598 0.3987 0.4310 0.4572 0.4779 0.4933 0.5036 0.5085 0.5068 0.4958 0.4730 0.4417 0.4072 0.3729 0.3405 0.3108 0.2839 0.2600 0.2386
0.2591 0.2830 0.3098 0.3394 0.3718 0.4060 0.4405 0.4720 0.4952 0.5066 0.5085 0.5038 0.4937 0.4785 0.4580 0.4320 0.3999 0.3612 0.3161 0.2660 0.2163 0.1787 0.1593 0.1488 0.1422 0.1379 0.1352 0.1338 0.1335 0.1344 0.1364 0.1394 0.1435 0.1487 0.1550 0.1624 0.1707 0.1797 0.1893 0.1991 0.2086 0.2174 0.2252 0.2318 0.2371 0.2412 0.2442 0.2463 0.2476 0.2483 0.2484 0.2480 0.2470 0.2453 0.2429 0.2396 0.2353 0.2297 0.2230 0.2150 0.2062 0.1967 0.1871 0.1777 0.1689 0.1608 0.1537 0.1476 0.1426 0.1387 0.1359 0.1341 0.1335 0.1339 0.1356 0.1386 0.1433 0.1505 0.1621 0.1846 0.2256 0.2761 0.3255 0.3694 0.4068 0.4376 0.4625 0.4820 0.4962 0.5052 0.5087 0.5052 0.4914 0.4661 0.4335 0.3989 0.3649 0.3331 0.3040 0.2778 0.2545
0.2769 0.3029 0.3319 0.3637 0.3976 0.4323 0.4649 0.4907 0.5049 0.5087 0.5055 0.4966 0.4826 0.4634 0.4386 0.4080 0.3709 0.3272 0.2780 0.2273 0.1857 0.1627 0.1508 0.1435 0.1387 0.1357 0.1340 0.1335 0.1341 0.1358 0.1387 0.1426 0.1477 0.1539 0.1612 0.1696 0.1791 0.1893 0.2000 0.2109 0.2214 0.2311 0.2397 0.2469 0.2527 0.2571 0.2603 0.2626 0.2640 0.2647 0.2648 0.2642 0.2631 0.2612 0.2586 0.2549 0.2501 0.2439 0.2364 0.2277 0.2179 0.2074 0.1967 0.1863 0.1763 0.1672 0.1591 0.1521 0.1462 0.1415 0.1378 0.1353 0.1338 0.1335 0.1343 0.1363 0.1398 0.1451 0.1533 0.1672 0.1950 0.2404 0.2914 0.3394 0.3814 0.4168 0.4458 0.4690 0.4868 0.4995 0.5069 0.5085 0.5022 0.4848 0.4565 0.4229 0.3882 0.3548 0.3237 0.2955 0.2702
0.2945 0.3225 0.3534 0.3868 0.4215 0.4552 0.4838 0.5018 0.5084 0.5071 0.4999 0.4874 0.4698 0.4468 0.4180 0.3829 0.3411 0.2933 0.2423 0.1965 0.1680 0.1537 0.1454 0.1400 0.1364 0.1343 0.1335 0.1338 0.1352 0.1377 0.1414 0.1462 0.1521 0.1593 0.1676 0.1771 0.1876 0.1990 0.2108 0.2227 0.2342 0.2448 0.2541 0.2619 0.2681 0.2728 0.2762 0.2786 0.2800 0.2807 0.2807 0.2801 0.2788 0.2767 0.2737 0.2697 0.2644 0.2577 0.2495 0.2400 0.2293 0.2178 0.2062 0.1946 0.1837 0.1736 0.1646 0.1567 0.1500 0.1444 0.1400 0.1368 0.1346 0.1336 0.1336 0.1349 0.1374 0.1416 0.1478 0.1577 0.1755 0.2107 0.2597 0.3102 0.3562 0.3957 0.4286 0.4554 0.4765 0.4923 0.5030 0.5083 0.5072 0.4969 0.4748 0.4437 0.4093 0.3749 0.3422 0.3122 0.2853
0.3112 0.3409 0.3734 0.4078 0.4423 0.4736 0.4962 0.5070 0.5084 0.5033 0.4929 0.4773 0.4564 0.4298 0.3972 0.3579 0.3122 0.2618 0.2125 0.1765 0.1582 0.1481 0.1418 0.1376 0.1350 0.1337 0.1336 0.1346 0.1367 0.1399 0.1443 0.1499 0.1567 0.1647 0.1740 0.1845 0.1961 0.2084 0.2213 0.2342 0.2466 0.2579 0.2679 0.2761 0.2827 0.2876 0.2912 0.2936 0.2951 0.2957 0.2956 0.2949 0.2934 0.2911 0.2879 0.2835 0.2778 0.2705 0.2617 0.2514 0.2399 0.2276 0.2150 0.2025 0.1907 0.1797 0.1698 0.1611 0.1536 0.1473 0.1423 0.1384 0.1356 0.1340 0.1335 0.1341 0.1359 0.1391 0.1442 0.1518 0.1645 0.1895 0.2328 0.2837 0.3326 0.3756 0.4120 0.4420 0.4660 0.4846 0.4980 0.5062 0.5087 0.5037 0.4878 0.4606 0.4274 0.3926 0.3589 0.3274 0.2990
0.3264 0.3574 0.3910 0.4258 0.4592 0.4868 0.5032 0.5086 0.5065 0.4985 0.4853 0.4670 0.4432 0.4135 0.3773 0.3346 0.2859 0.2349 0.1909 0.1652 0.1522 0.1444 0.1393 0.1360 0.1341 0.1335 0.1340 0.1356 0.1383 0.1422 0.1472 0.1535 0.1610 0.1699 0.1800 0.1914 0.2039 0.2172 0.2310 0.2448 0.2579 0.2700 0.2804 0.2890 0.2958 0.3010 0.3046 0.3071 0.3085 0.3091 0.3089 0.3080 0.3064 0.3039 0.3004 0.2957 0.2896 0.2819 0.2725 0.2616 0.2494 0.2363 0.2228 0.2096 0.1969 0.1851 0.1745 0.1651 0.1569 0.1501 0.1444 0.1400 0.1367 0.1346 0.1336 0.1337 0.1349 0.1375 0.1417 0.1480 0.1580 0.1762 0.2119 0.2612 0.3117 0.3575 0.3969 0.4296 0.4563 0.4772 0.4928 0.5033 0.5084 0.5070 0.4962 0.4735 0.4421 0.4076 0.3731 0.3406 0.3109
0.3395 0.3715 0.4058 0.4405 0.4721 0.4954 0.5067 0.5085 0.5037 0.4934 0.4780 0.4574 0.4311 0.3986 0.3595 0.3140 0.2636 0.2140 0.1774 0.1586 0.1484 0.1419 0.1377 0.1350 0.1337 0.1335 0.1345 0.1366 0.1399 0.1443 0.1499 0.1568 0.1650 0.1745 0.1854 0.1976 0.2109 0.2250 0.2396 0.2541 0.2679 0.2804 0.2913 0.3002 0.3072 0.3124 0.3161 0.3186 0.3200 0.3205 0.3203 0.3193 0.3174 0.3148 0.3110 0.3061 0.2997 0.2916 0.2817 0.2702 0.2574 0.2437 0.2295 0.2156 0.2022 0.1898 0.1785 0.1685 0.1598 0.1525 0.1464 0.1415 0.1378 0.1352 0.1338 0.1335 0.1343 0.1364 0.1400 0.1455 0.1539 0.1683 0.1971 0.2432 0.2943 0.3422 0.3839 0.4189 0.4476 0.4705 0.4880 0.5003 0.5073 0.5083 0.5012 0.4826 0.4535 0.4196 0.3848 0.3515 0.3209
0.3503 0.3830 0.4177 0.4518 0.4812 0.5005 0.5082 0.5075 0.5008 0.4887 0.4715 0.4490 0.4206 0.3859 0.3445 0.2969 0.2458 0.1991 0.1693 0.1544 0.1458 0.1402 0.1366 0.1344 0.1335 0.1338 0.1351 0.1377 0.1413 0.1462 0.1523 0.1596 0.1684 0.1785 0.1900 0.2028 0.2168 0.2316 0.2468 0.2619 0.2762 0.2891 0.3003 0.3094 0.3165 0.3218 0.3256 0.3280 0.3293 0.3298 0.3295 0.3283 0.3264 0.3236 0.3197 0.3145 0.3078 0.2994 0.2892 0.2773 0.2639 0.2497 0.2350 0.2204 0.2065 0.1936 0.1818 0.1714 0.1622 0.1545 0.1480 0.1427 0.1387 0.1358 0.1341 0.1335 0.1340 0.1357 0.1389 0.1437 0.1512 0.1634 0.1872 0.2296 0.2805 0.3297 0.3732 0.4101 0.4405 0.4649 0.4838 0.4975 0.5059 0.5087 0.5041 0.4888 0.4620 0.4288 0.3940 0.3601 0.3289
0.3587 0.3919 0.4267 0.4601 0.4874 0.5035 0.5087 0.5063 0.4981 0.4847 0.4662 0.4421 0.4121 0.3756 0.3325 0.2835 0.2325 0.1892 0.1643 0.1517 0.1441 0.1391 0.1359 0.1340 0.1335 0.1340 0.1357 0.1385 0.1425 0.1477 0.1542 0.1619 0.1711 0.1817 0.1937 0.2070 0.2215 0.2368 0.2525 0.2681 0.2828 0.2960 0.3074 0.3167 0.3239 0.3292 0.3329 0.3353 0.3366 0.3370 0.3366 0.3354 0.3334 0.3304 0.3264 0.3210 0.3141 0.3055 0.2950 0.2827 0.2690 0.2543 0.2392 0.2243 0.2099 0.1966 0.1844 0.1736 0.1641 0.1560 0.1493 0.1437 0.1395 0.1363 0.1344 0.1335 0.1338 0.1353 0.1381 0.1426 0.1494 0.1603 0.1809 0.2198 0.2701 0.3201 0.3649 0.4031 0.4348 0.4604 0.4804 0.4951 0.5047 0.5087 0.5058 0.4929 0.4681 0.4357 0.4010 0.3668 0.3351
0.3650 0.3984 0.4332 0.4659 0.4914 0.5052 0.5087 0.5051 0.4960 0.4816 0.4620 0.4368 0.4056 0.3678 0.3234 0.2736 0.2231 0.1829 0.1613 0.1500 0.1429 0.1383 0.1354 0.1338 0.1335 0.1343 0.1362 0.1392 0.1434 0.1489 0.1556 0.1637 0.1732 0.1841 0.1965 0.2102 0.2250 0.2407 0.2568 0.2727 0.2877 0.3012 0.3127 0.3221 0.3293 0.3347 0.3384 0.3408 0.3421 0.3424 0.3419 0.3407 0.3386 0.3355 0.3314 0.3259 0.3188 0.3100 0.2993 0.2868 0.2728 0.2578 0.2424 0.2271 0.2125 0.1988 0.1863 0.1753 0.1655 0.1572 0.1502 0.1445 0.1400 0.1367 0.1346 0.1336 0.1337 0.1350 0.1376 0.1418 0.1482 0.1583 0.1768 0.2130 0.2625 0.3130 0.3587 0.3979 0.4306 0.4570 0.4778 0.4933 0.5036 0.5085 0.5067 0.4955 0.4723 0.4407 0.4060 0.3716 0.3396
0.3693 0.4029 0.4377 0.4697 0.4939 0.5062 0.5086 0.5042 0.4944 0.4793 0.4590 0.4331 0.4010 0.3624 0.3171 0.2668 0.2169 0.1790 0.1594 0.1488 0.1422 0.1379 0.1351 0.1337 0.1335 0.1345 0.1365 0.1397 0.1441 0.1497 0.1566 0.1649 0.1746 0.1858 0.1984 0.2124 0.2275 0.2435 0.2599 0.2760 0.2912 0.3048 0.3164 0.3259 0.3332 0.3385 0.3422 0.3446 0.3459 0.3462 0.3457 0.3443 0.3422 0.3391 0.3349 0.3293 0.3222 0.3132 0.3024 0.2897 0.2755 0.2603 0.2446 0.2291 0.2142 0.2004 0.1877 0.1764 0.1665 0.1580 0.1509 0.1451 0.1404 0.1370 0.1348 0.1336 0.1336 0.1348 0.1372 0.1413 0.1474 0.1570 0.1742 0.2084 0.2572 0.3080 0.3544 0.3943 0.4275 0.4546 0.4759 0.4919 0.5028 0.5083 0.5073 0.4972 0.4751 0.4441 0.4096 0.3750 0.3428
0.3720 0.4057 0.4404 0.4720 0.4953 0.5067 0.5085 0.5037 0.4934 0.4779 0.4572 0.4307 0.3981 0.3589 0.3132 0.2627 0.2131 0.1768 0.1583 0.1482 0.1418 0.1376 0.1350 0.1337 0.1336 0.1346 0.1367 0.1400 0.1445 0.1502 0.1573 0.1657 0.1756 0.1869 0.1996 0.2138 0.2291 0.2453 0.2618 0.2780 0.2933 0.3071 0.3188 0.3283 0.3356 0.3410 0.3447 0.3470 0.3483 0.3486 0.3480 0.3467 0.3445 0.3414 0.3371 0.3315 0.3243 0.3153 0.3044 0.2916 0.2773 0.2619 0.2461 0.2305 0.2154 0.2014 0.1886 0.1772 0.1672 0.1586 0.1513 0.1454 0.1407 0.1372 0.1349 0.1337 0.1336 0.1347 0.1370 0.1409 0.1469 0.1562 0.1727 0.2056 0.2539 0.3048 0.3515 0.3919 0.4256 0.4530 0.4747 0.4911 0.5022 0.5081 0.5076 0.4982 0.4769 0.4462 0.4118 0.3773 0.3449
0.3733 0.4070 0.4416 0.4731 0.4960 0.5069 0.5084 0.5034 0.4929 0.4772 0.4563 0.4296 0.3968 0.3573 0.3114 0.2607 0.2114 0.1759 0.1578 0.1479 0.1416 0.1375 0.1349 0.1336 0.1336 0.1346 0.1368 0.1402 0.1447 0.1505 0.1576 0.1661 0.1760 0.1874 0.2002 0.2144 0.2298 0.2461 0.2627 0.2790 0.2944 0.3082 0.3199 0.3294 0.3368 0.3422 0.3459 0.3483 0.3495 0.3498 0.3493 0.3479 0.3458 0.3426 0.3384 0.3327 0.3255 0.3164 0.3055 0.2926 0.2783 0.2628 0.2470 0.2312 0.2161 0.2020 0.1891 0.1777 0.1676 0.1589 0.1516 0.1456 0.1409 0.1373 0.1349 0.1337 0.1335 0.1346 0.1369 0.1408 0.1466 0.1558 0.1719 0.2041 0.2521 0.3031 0.3500 0.3906 0.4245 0.4522 0.4741 0.4906 0.5019 0.5080 0.5077 0.4987 0.4778 0.4474 0.4131 0.3784 0.3460
0.3733 0.4070 0.4416 0.4731 0.4960 0.5069 0.5084 0.5034 0.4929 0.4772 0.4563 0.4296 0.3968 0.3573 0.3114 0.2607 0.2114 0.1759 0.1578 0.1479 0.1416 0.1375 0.1349 0.1336 0.1336 0.1346 0.1368 0.1402 0.1447 0.1505 0.1576 0.1661 0.1760 0.1874 0.2002 0.2144 0.2299 0.2461 0.2627 0.2791 0.2945 0.3083 0.3200 0.3296 0.3369 0.3423 0.3461 0.3484 0.3497 0.3500 0.3495 0.3482 0.3460 0.3429 0.3386 0.3330 0.3258 0.3167 0.3058 0.2929 0.2785 0.2631 0.2472 0.2315 0.2163 0.2022 0.1893 0.1778 0.1677 0.1590 0.1517 0.1457 0.1409 0.1373 0.1350 0.1337 0.1335 0.1346 0.1369 0.1407 0.1466 0.1556 0.1716 0.2037 0.2515 0.3026 0.3496 0.3902 0.4242 0.4519 0.4739 0.4904 0.5019 0.5079 0.5078 0.4989 0.4781 0.4478 0.4135 0.3789 0.3464
0.3721 0.4058 0.4404 0.4721 0.4954 0.5067 0.5085 0.5036 0.4933 0.4779 0.4571 0.4307 0.3981 0.3589 0.3131 0.2625 0.2130 0.1768 0.1583 0.1482 0.1418 0.1376 0.1350 0.1337 0.1336 0.1346 0.1367 0.1400 0.1445 0.1503 0.1573 0.1657 0.1756 0.1869 0.1997 0.2139 0.2292 0.2454 0.2620 0.2783 0.2936 0.3074 0.3191 0.3286 0.3360 0.3414 0.3452 0.3476 0.3489 0.3492 0.3487 0.3475 0.3453 0.3422 0.3380 0.3324 0.3252 0.3162 0.3053 0.2925 0.2782 0.2628 0.2469 0.2312 0.2161 0.2020 0.1891 0.1777 0.1676 0.1589 0.1516 0.1456 0.1409 0.1373 0.1349 0.1337 0.1335 0.1346 0.1369 0.1408 0.1466 0.1558 0.1719 0.2041 0.2521 0.3031 0.3500 0.3906 0.4245 0.4522 0.4741 0.4906 0.5019 0.5080 0.5077 0.4987 0.4778 0.4474 0.4131 0.3784 0.3460
0.3697 0.4033 0.4380 0.4700 0.4941 0.5062 0.5086 0.5042 0.4942 0.4791 0.4588 0.4328 0.4006 0.3619 0.3165 0.2662 0.2163 0.1787 0.1592 0.1488 0.1422 0.1378 0.1351 0.1337 0.1335 0.1345 0.1365 0.1398 0.1442 0.1498 0.1567 0.1651 0.1748 0.1860 0.1986 0.2126 0.2278 0.2439 0.2603 0.2765 0.2918 0.3055 0.3172 0.3267 0.3341 0.3395 0.3433 0.3457 0.3471 0.3474 0.3470 0.3458 0.3437 0.3406 0.3365 0.3309 0.3238 0.3149 0.3040 0.2914 0.2771 0.2618 0.2461 0.2304 0.2154 0.2014 0.1886 0.1772 0.1672 0.1586 0.1513 0.1454 0.1407 0.1372 0.1349 0.1337 0.1336 0.1347 0.1370 0.1409 0.1469 0.1562 0.1727 0.2056 0.2539 0.3048 0.3515 0.3919 0.4256 0.4530 0.4747 0.4911 0.5022 0.5081 0.5076 0.4982 0.4769 0.4462 0.4118 0.3773 0.3449
0.3660 0.3995 0.4343 0.4668 0.4920 0.5055 0.5087 0.5049 0.4956 0.4811 0.4613 0.4359 0.4045 0.3665 0.3219 0.2719 0.2215 0.1819 0.1608 0.1497 0.1428 0.1382 0.1353 0.1338 0.1335 0.1343 0.1363 0.1393 0.1436 0.1491 0.1559 0.1640 0.1736 0.1846 0.1970 0.2108 0.2258 0.2416 0.2578 0.2738 0.2889 0.3025 0.3142 0.3236 0.3310 0.3365 0.3403 0.3428 0.3441 0.3446 0.3442 0.3430 0.3410 0.3380 0.3339 0.3285 0.3214 0.3126 0.3019 0.2893 0.2753 0.2601 0.2445 0.2291 0.2142 0.2003 0.1877 0.1764 0.1665 0.1580 0.1509 0.1451 0.1404 0.1370 0.1348 0.1336 0.1336 0.1348 0.1372 0.1413 0.1474 0.1570 0.1742 0.2084 0.2572 0.3080 0.3544 0.3943 0.4275 0.4546 0.4759 0.4919 0.5028 0.5083 0.5073 0.4972 0.4751 0.4441 0.4096 0.3750 0.3428
0.3609 0.3941 0.4290 0.4621 0.4889 0.5042 0.5087 0.5059 0.4974 0.4837 0.4647 0.4402 0.4098 0.3728 0.3292 0.2799 0.2290 0.1868 0.1632 0.1511 0.1437 0.1388 0.1357 0.1340 0.1335 0.1341 0.1359 0.1388 0.1428 0.1481 0.1547 0.1626 0.1719 0.1826 0.1947 0.2082 0.2229 0.2384 0.2543 0.2701 0.2849 0.2984 0.3099 0.3193 0.3267 0.3322 0.3360 0.3385 0.3399 0.3404 0.3401 0.3390 0.3370 0.3341 0.3301 0.3248 0.3179 0.3093 0.2987 0.2864 0.2725 0.2576 0.2423 0.2270 0.2124 0.1988 0.1863 0.1753 0.1655 0.1572 0.1502 0.1445 0.1400 0.1367 0.1346 0.1336 0.1337 0.1350 0.1376 0.1418 0.1482 0.1583 0.1768 0.2130 0.2625 0.3130 0.3587 0.3979 0.4306 0.4570 0.4778 0.4933 0.5036 0.5085 0.5067 0.4955 0.4723 0.4407 0.4060 0.3716 0.3396
0.3541 0.3870 0.4218 0.4556 0.4842 0.5020 0.5085 0.5070 0.4996 0.4869 0.4691 0.4458 0.4167 0.3811 0.3389 0.2906 0.2395 0.1943 0.1668 0.1531 0.1450 0.1397 0.1362 0.1342 0.1335 0.1339 0.1354 0.1381 0.1419 0.1469 0.1532 0.1607 0.1697 0.1800 0.1918 0.2049 0.2191 0.2342 0.2497 0.2651 0.2797 0.2929 0.3043 0.3136 0.3209 0.3264 0.3302 0.3328 0.3342 0.3348 0.3345 0.3335 0.3316 0.3289 0.3250 0.3198 0.3131 0.3046 0.2943 0.2822 0.2687 0.2541 0.2391 0.2242 0.2099 0.1965 0.1844 0.1736 0.1641 0.1560 0.1493 0.1437 0.1395 0.1363 0.1344 0.1335 0.1338 0.1353 0.1381 0.1426 0.1494 0.1603 0.1809 0.2198 0.2701 0.3201 0.3649 0.4031 0.4348 0.4604 0.4804 0.4951 0.5047 0.5087 0.5058 0.4929 0.4681 0.4357 0.4010 0.3668 0.3351
