0.2903 0.3173 0.3474 0.3801 0.4144 0.4486 0.4791 0.5006 0.5104 0.5113 0.5058 0.4952 0.4795 0.4586 0.4322 0.3997 0.3608 0.3154 0.2653 0.2159 0.1787 0.1594 0.1490 0.1423 0.1380 0.1352 0.1337 0.1334 0.1342 0.1361 0.1391 0.1433 0.1487 0.1554 0.1636 0.1732 0.1844 0.1975 0.2125 0.2295 0.2487 0.2702 0.2938 0.3194 0.3463 0.3736 0.3997 0.4227 0.4405 0.4517 0.4555 0.4517 0.4405 0.4227 0.3997 0.3736 0.3463 0.3194 0.2938 0.2702 0.2487 0.2295 0.2125 0.1975 0.1844 0.1732 0.1636 0.1554 0.1487 0.1433 0.1391 0.1361 0.1342 0.1334 0.1337 0.1352 0.1380 0.1423 0.1490 0.1594 0.1787 0.2159 0.2653 0.3154 0.3608 0.3997 0.4322 0.4586 0.4795 0.4952 0.5058 0.5113 0.5104 0.5006 0.4791 0.4486 0.4144 0.3801 0.3474 0.3173 0.2903
0.3173 0.3471 0.3795 0.4135 0.4472 0.4772 0.4981 0.5075 0.5082 0.5028 0.4921 0.4765 0.4557 0.4295 0.3972 0.3585 0.3135 0.2638 0.2148 0.1781 0.1591 0.1488 0.1423 0.1380 0.1352 0.1338 0.1335 0.1344 0.1363 0.1394 0.1436 0.1490 0.1557 0.1639 0.1735 0.1848 0.1979 0.2130 0.2301 0.2495 0.2712 0.2953 0.3216 0.3496 0.3786 0.4072 0.4334 0.4552 0.4708 0.4799 0.4828 0.4799 0.4708 0.4552 0.4334 0.4071 0.3786 0.3496 0.3216 0.2953 0.2712 0.2495 0.2301 0.2130 0.1979 0.1848 0.1735 0.1639 0.1557 0.1490 0.1436 0.1394 0.1363 0.1344 0.1335 0.1338 0.1352 0.1380 0.1423 0.1488 0.1591 0.1781 0.2148 0.2638 0.3135 0.3585 0.3972 0.4295 0.4557 0.4765 0.4921 0.5028 0.5082 0.5075 0.4981 0.4772 0.4472 0.4135 0.3795 0.3471 0.3173
0.3474 0.3795 0.4137 0.4475 0.4774 0.4982 0.5075 0.5082 0.5027 0.4920 0.4763 0.4555 0.4291 0.3968 0.3581 0.3130 0.2633 0.2144 0.1779 0.1590 0.1487 0.1422 0.1379 0.1352 0.1338 0.1335 0.1344 0.1363 0.1394 0.1436 0.1491 0.1558 0.1640 0.1737 0.1850 0.1982 0.2133 0.2305 0.2501 0.2721 0.2965 0.3234 0.3523 0.3826 0.4130 0.4416 0.4659 0.4838 0.4946 0.4998 0.5013 0.4998 0.4946 0.4838 0.4659 0.4416 0.4130 0.3826 0.3523 0.3234 0.2965 0.2721 0.2501 0.2305 0.2133 0.1982 0.1850 0.1737 0.1640 0.1558 0.1491 0.1436 0.1394 0.1363 0.1344 0.1335 0.1338 0.1352 0.1379 0.1422 0.1487 0.1590 0.1779 0.2144 0.2633 0.3130 0.3581 0.3968 0.4291 0.4555 0.4763 0.4920 0.5027 0.5082 0.5075 0.4982 0.4774 0.4475 0.4137 0.3795 0.3474
0.3801 0.4135 0.4475 0.4775 0.4983 0.5075 0.5082 0.5026 0.4919 0.4761 0.4553 0.4289 0.3965 0.3577 0.3126 0.2628 0.2139 0.1776 0.1588 0.1486 0.1422 0.1379 0.1352 0.1338 0.1335 0.1344 0.1364 0.1394 0.1437 0.1491 0.1559 0.1641 0.1738 0.1852 0.1984 0.2136 0.2309 0.2506 0.2727 0.2975 0.3247 0.3543 0.3855 0.4171 0.4472 0.4729 0.4914 0.5018 0.5064 0.5080 0.5083 0.5080 0.5064 0.5018 0.4914 0.4729 0.4472 0.4171 0.3855 0.3543 0.3247 0.2975 0.2727 0.2506 0.2309 0.2136 0.1984 0.1852 0.1738 0.1641 0.1559 0.1491 0.1437 0.1394 0.1364 0.1344 0.1335 0.1338 0.1352 0.1379 0.1422 0.1486 0.1588 0.1776 0.2139 0.2628 0.3126 0.3577 0.3965 0.4289 0.4553 0.4761 0.4919 0.5026 0.5082 0.5075 0.4983 0.4775 0.4475 0.4135 0.3801
0.4144 0.4472 0.4774 0.4983 0.5075 0.5081 0.5026 0.4918 0.4760 0.4551 0.4286 0.3961 0.3573 0.3121 0.2623 0.2135 0.1773 0.1587 0.1486 0.1421 0.1378 0.1352 0.1338 0.1335 0.1344 0.1364 0.1395 0.1437 0.1492 0.1560 0.1642 0.1739 0.1853 0.1986 0.2138 0.2312 0.2510 0.2733 0.2982 0.3258 0.3558 0.3876 0.4201 0.4511 0.4775 0.4958 0.5052 0.5084 0.5086 0.5077 0.5073 0.5077 0.5086 0.5084 0.5052 0.4958 0.4775 0.4511 0.4200 0.3876 0.3558 0.3258 0.2982 0.2733 0.2510 0.2312 0.2138 0.1986 0.1853 0.1739 0.1642 0.1560 0.1492 0.1437 0.1395 0.1364 0.1344 0.1335 0.1338 0.1352 0.1378 0.1421 0.1486 0.1587 0.1773 0.2135 0.2623 0.3121 0.3573 0.3962 0.4286 0.4551 0.4760 0.4918 0.5026 0.5081 0.5075 0.4983 0.4774 0.4472 0.4144
0.4486 0.4772 0.4982 0.5075 0.5081 0.5025 0.4917 0.4759 0.4549 0.4284 0.3959 0.3569 0.3117 0.2618 0.2131 0.1771 0.1586 0.1485 0.1421 0.1378 0.1351 0.1337 0.1335 0.1344 0.1364 0.1395 0.1438 0.1493 0.1561 0.1643 0.1741 0.1855 0.1987 0.2140 0.2315 0.2513 0.2737 0.2988 0.3266 0.3569 0.3891 0.4222 0.4538 0.4806 0.4984 0.5068 0.5087 0.5071 0.5040 0.5013 0.5002 0.5013 0.5040 0.5071 0.5087 0.5068 0.4984 0.4805 0.4538 0.4221 0.3891 0.3569 0.3266 0.2988 0.2737 0.2513 0.2315 0.2140 0.1987 0.1855 0.1741 0.1643 0.1561 0.1493 0.1438 0.1395 0.1364 0.1344 0.1335 0.1337 0.1351 0.1378 0.1421 0.1485 0.1586 0.1771 0.2131 0.2618 0.3117 0.3569 0.3959 0.4284 0.4549 0.4759 0.4917 0.5025 0.5081 0.5075 0.4982 0.4772 0.4486
0.4791 0.4981 0.5075 0.5082 0.5026 0.4917 0.4759 0.4548 0.4283 0.3957 0.3566 0.3113 0.2614 0.2127 0.1769 0.1584 0.1484 0.1420 0.1378 0.1351 0.1337 0.1335 0.1344 0.1364 0.1395 0.1438 0.1493 0.1562 0.1644 0.1742 0.1856 0.1989 0.2142 0.2317 0.2516 0.2741 0.2993 0.3272 0.3577 0.3903 0.4237 0.4557 0.4826 0.5001 0.5076 0.5085 0.5053 0.4999 0.4940 0.4896 0.4879 0.4896 0.4940 0.4999 0.5053 0.5085 0.5076 0.5001 0.4826 0.4557 0.4237 0.3903 0.3577 0.3272 0.2993 0.2741 0.2516 0.2317 0.2142 0.1989 0.1856 0.1742 0.1644 0.1562 0.1493 0.1438 0.1395 0.1364 0.1344 0.1335 0.1337 0.1351 0.1378 0.1420 0.1484 0.1584 0.1769 0.2127 0.2614 0.3113 0.3566 0.3957 0.4283 0.4548 0.4759 0.4917 0.5026 0.5082 0.5075 0.4981 0.4791
0.5006 0.5075 0.5082 0.5026 0.4918 0.4759 0.4548 0.4282 0.3956 0.3565 0.3111 0.2611 0.2123 0.1767 0.1583 0.1483 0.1420 0.1377 0.1351 0.1337 0.1335 0.1344 0.1365 0.1396 0.1439 0.1494 0.1562 0.1645 0.1743 0.1858 0.1991 0.2144 0.2319 0.2519 0.2744 0.2997 0.3278 0.3584 0.3912 0.4249 0.4571 0.4841 0.5012 0.5081 0.5081 0.5036 0.4962 0.4874 0.4789 0.4727 0.4704 0.4727 0.4789 0.4874 0.4962 0.5036 0.5081 0.5081 0.5012 0.4841 0.4571 0.4249 0.3912 0.3584 0.3278 0.2997 0.2744 0.2519 0.2320 0.2144 0.1991 0.1858 0.1743 0.1645 0.1562 0.1494 0.1439 0.1396 0.1365 0.1344 0.1335 0.1337 0.1351 0.1377 0.1420 0.1483 0.1583 0.1766 0.2123 0.2611 0.3111 0.3565 0.3956 0.4282 0.4548 0.4759 0.4918 0.5026 0.5082 0.5075 0.5006
0.5104 0.5082 0.5027 0.4919 0.4760 0.4549 0.4283 0.3956 0.3564 0.3109 0.2609 0.2121 0.1765 0.1582 0.1483 0.1419 0.1377 0.1351 0.1337 0.1335 0.1345 0.1365 0.1396 0.1439 0.1494 0.1563 0.1646 0.1744 0.1859 0.1992 0.2146 0.2322 0.2521 0.2747 0.3001 0.3283 0.3590 0.3920 0.4258 0.4582 0.4851 0.5019 0.5083 0.5077 0.5022 0.4933 0.4820 0.4698 0.4586 0.4505 0.4475 0.4505 0.4586 0.4698 0.4820 0.4933 0.5022 0.5077 0.5083 0.5019 0.4851 0.4582 0.4258 0.3920 0.3590 0.3283 0.3001 0.2748 0.2522 0.2322 0.2146 0.1992 0.1859 0.1744 0.1646 0.1563 0.1494 0.1439 0.1396 0.1365 0.1345 0.1335 0.1337 0.1351 0.1377 0.1419 0.1483 0.1582 0.1765 0.2121 0.2609 0.3109 0.3564 0.3956 0.4283 0.4549 0.4760 0.4919 0.5027 0.5082 0.5104
0.5113 0.5028 0.4920 0.4761 0.4551 0.4284 0.3957 0.3565 0.3109 0.2608 0.2120 0.1764 0.1582 0.1482 0.1419 0.1377 0.1351 0.1337 0.1335 0.1345 0.1365 0.1396 0.1440 0.1495 0.1564 0.1646 0.1745 0.1860 0.1993 0.2147 0.2323 0.2524 0.2750 0.3004 0.3287 0.3596 0.3926 0.4265 0.4590 0.4859 0.5024 0.5084 0.5074 0.5012 0.4911 0.4779 0.4626 0.4468 0.4326 0.4225 0.4188 0.4225 0.4326 0.4468 0.4626 0.4779 0.4911 0.5012 0.5074 0.5084 0.5024 0.4859 0.4590 0.4265 0.3926 0.3596 0.3287 0.3004 0.2750 0.2524 0.2324 0.2147 0.1993 0.1860 0.1745 0.1646 0.1564 0.1495 0.1440 0.1396 0.1365 0.1345 0.1335 0.1337 0.1351 0.1377 0.1419 0.1482 0.1582 0.1764 0.2120 0.2608 0.3109 0.3565 0.3957 0.4284 0.4551 0.4761 0.4920 0.5028 0.5113
0.5058 0.4921 0.4763 0.4553 0.4286 0.3959 0.3566 0.3111 0.2609 0.2120 0.1764 0.1582 0.1482 0.1419 0.1377 0.1350 0.1337 0.1335 0.1345 0.1365 0.1397 0.1440 0.1495 0.1564 0.1647 0.1746 0.1861 0.1995 0.2149 0.2325 0.2526 0.2753 0.3007 0.3290 0.3600 0.3931 0.4271 0.4597 0.4865 0.5027 0.5085 0.5071 0.5005 0.4895 0.4749 0.4573 0.4377 0.4180 0.4005 0.3882 0.3838 0.3882 0.4005 0.4180 0.4377 0.4573 0.4749 0.4895 0.5005 0.5071 0.5085 0.5027 0.4865 0.4597 0.4272 0.3931 0.3600 0.3290 0.3007 0.2753 0.2526 0.2325 0.2149 0.1995 0.1861 0.1746 0.1647 0.1564 0.1496 0.1440 0.1397 0.1365 0.1345 0.1335 0.1337 0.1350 0.1377 0.1419 0.1482 0.1582 0.1764 0.2120 0.2609 0.3111 0.3566 0.3959 0.4286 0.4553 0.4763 0.4921 0.5058
0.4952 0.4765 0.4555 0.4289 0.3961 0.3569 0.3113 0.2611 0.2121 0.1764 0.1582 0.1482 0.1419 0.1377 0.1350 0.1337 0.1335 0.1345 0.1365 0.1397 0.1440 0.1496 0.1565 0.1648 0.1747 0.1862 0.1996 0.2150 0.2327 0.2528 0.2755 0.3010 0.3293 0.3604 0.3936 0.4277 0.4602 0.4870 0.5030 0.5086 0.5069 0.4999 0.4883 0.4727 0.4534 0.4310 0.4068 0.3828 0.3619 0.3473 0.3421 0.3473 0.3619 0.3828 0.4068 0.4310 0.4534 0.4727 0.4883 0.4999 0.5069 0.5086 0.5030 0.4870 0.4602 0.4277 0.3936 0.3604 0.3293 0.3010 0.2755 0.2528 0.2327 0.2150 0.1996 0.1862 0.1747 0.1648 0.1565 0.1496 0.1440 0.1397 0.1365 0.1345 0.1335 0.1337 0.1350 0.1377 0.1419 0.1482 0.1582 0.1764 0.2121 0.2611 0.3113 0.3569 0.3962 0.4289 0.4555 0.4765 0.4952
0.4795 0.4557 0.4291 0.3965 0.3573 0.3117 0.2614 0.2123 0.1765 0.1582 0.1482 0.1419 0.1377 0.1350 0.1337 0.1336 0.1345 0.1366 0.1397 0.1441 0.1497 0.1566 0.1649 0.1747 0.1863 0.1997 0.2152 0.2328 0.2530 0.2757 0.3012 0.3296 0.3607 0.3939 0.4281 0.4607 0.4874 0.5032 0.5086 0.5067 0.4994 0.4875 0.4711 0.4506 0.4262 0.3987 0.3695 0.3410 0.3167 0.3001 0.2943 0.3001 0.3167 0.3410 0.3695 0.3987 0.4262 0.4506 0.4711 0.4875 0.4994 0.5067 0.5086 0.5032 0.4874 0.4607 0.4281 0.3939 0.3607 0.3296 0.3012 0.2757 0.2530 0.2329 0.2152 0.1997 0.1863 0.1748 0.1649 0.1566 0.1497 0.1441 0.1397 0.1366 0.1345 0.1336 0.1337 0.1350 0.1377 0.1419 0.1482 0.1582 0.1765 0.2123 0.2614 0.3117 0.3573 0.3965 0.4291 0.4557 0.4795
0.4586 0.4295 0.3968 0.3577 0.3121 0.2618 0.2127 0.1767 0.1582 0.1482 0.1419 0.1377 0.1350 0.1337 0.1336 0.1345 0.1366 0.1398 0.1441 0.1497 0.1566 0.1650 0.1748 0.1864 0.1998 0.2153 0.2330 0.2531 0.2759 0.3015 0.3299 0.3610 0.3943 0.4285 0.4611 0.4877 0.5034 0.5086 0.5066 0.4991 0.4868 0.4700 0.4486 0.4227 0.3928 0.3598 0.3255 0.2931 0.2665 0.2492 0.2432 0.2492 0.2665 0.2931 0.3255 0.3598 0.3928 0.4227 0.4486 0.4700 0.4868 0.4991 0.5066 0.5086 0.5034 0.4877 0.4611 0.4285 0.3943 0.3610 0.3299 0.3015 0.2759 0.2531 0.2330 0.2153 0.1999 0.1864 0.1748 0.1650 0.1566 0.1497 0.1441 0.1398 0.1366 0.1345 0.1336 0.1337 0.1350 0.1377 0.1419 0.1482 0.1582 0.1766 0.2127 0.2618 0.3121 0.3577 0.3968 0.4295 0.4586
0.4322 0.3972 0.3581 0.3126 0.2623 0.2131 0.1769 0.1583 0.1483 0.1419 0.1377 0.1350 0.1337 0.1336 0.1345 0.1366 0.1398 0.1441 0.1497 0.1567 0.1650 0.1749 0.1865 0.2000 0.2155 0.2332 0.2533 0.2761 0.3017 0.3302 0.3613 0.3946 0.4288 0.4614 0.4879 0.5036 0.5087 0.5065 0.4989 0.4863 0.4691 0.4471 0.4202 0.3886 0.3529 0.3144 0.2761 0.2421 0.2167 0.2018 0.1971 0.2018 0.2167 0.2421 0.2761 0.3144 0.3529 0.3886 0.4202 0.4471 0.4691 0.4863 0.4989 0.5065 0.5087 0.5036 0.4879 0.4614 0.4288 0.3946 0.3613 0.3302 0.3017 0.2761 0.2533 0.2332 0.2155 0.2000 0.1865 0.1749 0.1650 0.1567 0.1497 0.1441 0.1398 0.1366 0.1345 0.1336 0.1337 0.1350 0.1377 0.1419 0.1483 0.1583 0.1769 0.2131 0.2623 0.3126 0.3581 0.3972 0.4322
0.3997 0.3585 0.3130 0.2628 0.2135 0.1771 0.1584 0.1483 0.1419 0.1377 0.1350 0.1337 0.1336 0.1345 0.1366 0.1398 0.1441 0.1498 0.1567 0.1651 0.1750 0.1866 0.2001 0.2156 0.2333 0.2535 0.2763 0.3020 0.3304 0.3616 0.3949 0.4291 0.4617 0.4882 0.5037 0.5087 0.5064 0.4986 0.4859 0.4684 0.4460 0.4184 0.3856 0.3479 0.3065 0.2642 0.2256 0.1963 0.1790 0.1707 0.1683 0.1707 0.1790 0.1963 0.2256 0.2642 0.3065 0.3479 0.3856 0.4184 0.4460 0.4684 0.4859 0.4986 0.5064 0.5087 0.5037 0.4882 0.4617 0.4291 0.3949 0.3616 0.3304 0.3020 0.2763 0.2535 0.2333 0.2156 0.2001 0.1866 0.1750 0.1651 0.1567 0.1498 0.1441 0.1398 0.1366 0.1345 0.1336 0.1337 0.1350 0.1377 0.1419 0.1483 0.1584 0.1771 0.2135 0.2628 0.3130 0.3585 0.3997
0.3608 0.3135 0.2633 0.2139 0.1773 0.1586 0.1484 0.1420 0.1377 0.1351 0.1337 0.1335 0.1345 0.1366 0.1398 0.1441 0.1498 0.1567 0.1651 0.1750 0.1867 0.2002 0.2157 0.2335 0.2537 0.2765 0.3022 0.3307 0.3619 0.3952 0.4294 0.4620 0.4884 0.5038 0.5087 0.5064 0.4985 0.4856 0.4679 0.4451 0.4170 0.3834 0.3444 0.3010 0.2559 0.2146 0.1845 0.1679 0.1594 0.1552 0.1539 0.1552 0.1594 0.1679 0.1845 0.2146 0.2559 0.3010 0.3444 0.3834 0.4170 0.4451 0.4679 0.4856 0.4985 0.5064 0.5087 0.5038 0.4884 0.4620 0.4294 0.3952 0.3619 0.3307 0.3022 0.2766 0.2537 0.2335 0.2157 0.2002 0.1867 0.1750 0.1651 0.1567 0.1498 0.1441 0.1398 0.1366 0.1345 0.1335 0.1337 0.1351 0.1377 0.1420 0.1484 0.1586 0.1773 0.2139 0.2633 0.3135 0.3608
0.3154 0.2638 0.2144 0.1776 0.1587 0.1485 0.1420 0.1377 0.1351 0.1337 0.1335 0.1345 0.1366 0.1398 0.1441 0.1498 0.1567 0.1651 0.1751 0.1867 0.2002 0.2158 0.2336 0.2538 0.2767 0.3024 0.3309 0.3621 0.3955 0.4297 0.4622 0.4886 0.5039 0.5087 0.5063 0.4983 0.4854 0.4675 0.4445 0.4160 0.3818 0.3419 0.2970 0.2501 0.2074 0.1777 0.1621 0.1537 0.1489 0.1463 0.1455 0.1463 0.1489 0.1537 0.1621 0.1777 0.2074 0.2501 0.2970 0.3419 0.3818 0.4160 0.4445 0.4675 0.4854 0.4983 0.5063 0.5087 0.5039 0.4886 0.4622 0.4297 0.3955 0.3622 0.3309 0.3024 0.2767 0.2539 0.2336 0.2158 0.2002 0.1867 0.1751 0.1651 0.1567 0.1498 0.1441 0.1398 0.1366 0.1345 0.1335 0.1337 0.1351 0.1377 0.1420 0.1485 0.1587 0.1776 0.2144 0.2638 0.3154
0.2653 0.2148 0.1779 0.1588 0.1486 0.1421 0.1378 0.1351 0.1337 0.1335 0.1345 0.1365 0.1397 0.1441 0.1497 0.1567 0.1651 0.1751 0.1867 0.2003 0.2158 0.2337 0.2539 0.2769 0.3026 0.3312 0.3624 0.3958 0.4300 0.4625 0.4888 0.5039 0.5087 0.5062 0.4982 0.4852 0.4672 0.4440 0.4153 0.3806 0.3400 0.2942 0.2461 0.2027 0.1737 0.1587 0.1505 0.1454 0.1422 0.1405 0.1400 0.1405 0.1422 0.1454 0.1505 0.1587 0.1737 0.2027 0.2461 0.2942 0.3400 0.3806 0.4153 0.4440 0.4672 0.4852 0.4982 0.5062 0.5087 0.5039 0.4888 0.4625 0.4300 0.3958 0.3624 0.3312 0.3026 0.2769 0.2539 0.2337 0.2158 0.2003 0.1867 0.1751 0.1651 0.1567 0.1497 0.1441 0.1397 0.1365 0.1345 0.1335 0.1337 0.1351 0.1378 0.1421 0.1486 0.1588 0.1779 0.2148 0.2653
0.2159 0.1781 0.1590 0.1486 0.1421 0.1378 0.1351 0.1337 0.1335 0.1345 0.1365 0.1397 0.1441 0.1497 0.1567 0.1651 0.1750 0.1867 0.2003 0.2158 0.2337 0.2540 0.2770 0.3027 0.3313 0.3626 0.3960 0.4303 0.4628 0.4889 0.5040 0.5087 0.5062 0.4981 0.4850 0.4669 0.4436 0.4147 0.3797 0.3386 0.2921 0.2433 0.1995 0.1711 0.1567 0.1485 0.1433 0.1399 0.1379 0.1368 0.1364 0.1368 0.1379 0.1399 0.1433 0.1485 0.1567 0.1711 0.1995 0.2433 0.2921 0.3386 0.3797 0.4147 0.4436 0.4669 0.4850 0.4981 0.5062 0.5087 0.5040 0.4889 0.4628 0.4303 0.3960 0.3626 0.3313 0.3027 0.2770 0.2540 0.2337 0.2159 0.2003 0.1867 0.1750 0.1651 0.1567 0.1497 0.1441 0.1397 0.1365 0.1345 0.1335 0.1337 0.1351 0.1378 0.1421 0.1486 0.1590 0.1781 0.2159
0.1787 0.1591 0.1487 0.1422 0.1378 0.1351 0.1337 0.1335 0.1345 0.1365 0.1397 0.1440 0.1497 0.1566 0.1650 0.1750 0.1867 0.2002 0.2158 0.2337 0.2540 0.2770 0.3028 0.3314 0.3628 0.3962 0.4305 0.4630 0.4891 0.5041 0.5087 0.5061 0.4980 0.4849 0.4667 0.4433 0.4142 0.3790 0.3376 0.2906 0.2413 0.1972 0.1695 0.1554 0.1473 0.1420 0.1386 0.1364 0.1351 0.1345 0.1343 0.1345 0.1351 0.1364 0.1386 0.1420 0.1473 0.1554 0.1695 0.1972 0.2413 0.2906 0.3376 0.3790 0.4142 0.4433 0.4667 0.4849 0.4980 0.5061 0.5087 0.5041 0.4891 0.4630 0.4305 0.3962 0.3628 0.3314 0.3028 0.2770 0.2540 0.2337 0.2158 0.2002 0.1867 0.1750 0.1650 0.1566 0.1497 0.1440 0.1397 0.1365 0.1345 0.1335 0.1337 0.1351 0.1378 0.1422 0.1487 0.1591 0.1787
0.1594 0.1488 0.1422 0.1379 0.1352 0.1337 0.1335 0.1344 0.1365 0.1396 0.1440 0.1496 0.1566 0.1650 0.1749 0.1866 0.2002 0.2158 0.2337 0.2540 0.2770 0.3028 0.3315 0.3628 0.3963 0.4306 0.4631 0.4892 0.5042 0.5087 0.5061 0.4979 0.4847 0.4665 0.4430 0.4138 0.3784 0.3367 0.2895 0.2398 0.1957 0.1684 0.1545 0.1465 0.1412 0.1377 0.1356 0.1343 0.1337 0.1335 0.1335 0.1335 0.1337 0.1343 0.1356 0.1377 0.1412 0.1465 0.1545 0.1684 0.1957 0.2398 0.2895 0.3367 0.3784 0.4138 0.4430 0.4665 0.4847 0.4979 0.5061 0.5087 0.5042 0.4892 0.4631 0.4307 0.3963 0.3629 0.3315 0.3028 0.2770 0.2540 0.2337 0.2158 0.2002 0.1866 0.1749 0.1650 0.1566 0.1496 0.1440 0.1396 0.1365 0.1344 0.1335 0.1337 0.1352 0.1379 0.1422 0.1488 0.1594
0.1490 0.1423 0.1379 0.1352 0.1338 0.1335 0.1344 0.1365 0.1396 0.1440 0.1495 0.1565 0.1649 0.1748 0.1865 0.2001 0.2157 0.2336 0.2539 0.2770 0.3028 0.3315 0.3629 0.3964 0.4307 0.4632 0.4893 0.5042 0.5087 0.5061 0.4978 0.4846 0.4663 0.4427 0.4134 0.3779 0.3361 0.2886 0.2386 0.1945 0.1676 0.1540 0.1459 0.1407 0.1372 0.1351 0.1339 0.1335 0.1335 0.1337 0.1338 0.1337 0.1335 0.1335 0.1339 0.1351 0.1372 0.1407 0.1459 0.1540 0.1676 0.1945 0.2386 0.2885 0.3360 0.3779 0.4134 0.4427 0.4663 0.4846 0.4978 0.5061 0.5087 0.5042 0.4893 0.4632 0.4307 0.3964 0.3629 0.3315 0.3028 0.2770 0.2539 0.2336 0.2157 0.2001 0.1865 0.1748 0.1649 0.1565 0.1496 0.1440 0.1396 0.1365 0.1344 0.1335 0.1338 0.1352 0.1379 0.1423 0.1490
0.1423 0.1380 0.1352 0.1338 0.1335 0.1344 0.1364 0.1396 0.1439 0.1495 0.1564 0.1648 0.1747 0.1864 0.2000 0.2156 0.2335 0.2538 0.2769 0.3027 0.3314 0.3628 0.3964 0.4308 0.4633 0.4894 0.5042 0.5087 0.5060 0.4978 0.4845 0.4661 0.4425 0.4131 0.3775 0.3355 0.2878 0.2377 0.1937 0.1670 0.1535 0.1456 0.1403 0.1369 0.1348 0.1337 0.1335 0.1338 0.1344 0.1350 0.1352 0.1350 0.1344 0.1338 0.1335 0.1337 0.1348 0.1369 0.1403 0.1456 0.1535 0.1670 0.1937 0.2377 0.2878 0.3355 0.3775 0.4131 0.4425 0.4661 0.4845 0.4978 0.5060 0.5087 0.5043 0.4894 0.4633 0.4308 0.3964 0.3629 0.3314 0.3027 0.2769 0.2539 0.2335 0.2156 0.2000 0.1864 0.1748 0.1648 0.1564 0.1495 0.1439 0.1396 0.1364 0.1344 0.1335 0.1338 0.1352 0.1380 0.1423
0.1380 0.1352 0.1338 0.1335 0.1344 0.1364 0.1395 0.1439 0.1494 0.1564 0.1647 0.1747 0.1863 0.1998 0.2155 0.2333 0.2537 0.2767 0.3026 0.3313 0.3628 0.3963 0.4307 0.4633 0.4894 0.5043 0.5087 0.5060 0.4977 0.4844 0.4660 0.4423 0.4128 0.3771 0.3350 0.2872 0.2370 0.1930 0.1666 0.1532 0.1453 0.1401 0.1367 0.1346 0.1336 0.1335 0.1342 0.1353 0.1365 0.1374 0.1378 0.1374 0.1365 0.1353 0.1342 0.1335 0.1336 0.1346 0.1367 0.1401 0.1453 0.1532 0.1666 0.1930 0.2370 0.2872 0.3350 0.3771 0.4128 0.4423 0.4660 0.4844 0.4977 0.5060 0.5087 0.5043 0.4894 0.4633 0.4307 0.3963 0.3628 0.3313 0.3026 0.2767 0.2537 0.2333 0.2155 0.1999 0.1863 0.1747 0.1647 0.1564 0.1494 0.1439 0.1395 0.1364 0.1344 0.1335 0.1338 0.1352 0.1380
0.1352 0.1338 0.1335 0.1344 0.1364 0.1395 0.1438 0.1494 0.1563 0.1646 0.1746 0.1862 0.1997 0.2153 0.2332 0.2535 0.2765 0.3024 0.3312 0.3626 0.3962 0.4306 0.4632 0.4894 0.5043 0.5087 0.5060 0.4977 0.4843 0.4659 0.4422 0.4126 0.3768 0.3346 0.2867 0.2364 0.1925 0.1663 0.1530 0.1451 0.1399 0.1365 0.1345 0.1336 0.1336 0.1345 0.1360 0.1379 0.1397 0.1410 0.1415 0.1410 0.1397 0.1379 0.1360 0.1345 0.1336 0.1336 0.1345 0.1365 0.1399 0.1451 0.1530 0.1663 0.1925 0.2364 0.2867 0.3346 0.3768 0.4126 0.4421 0.4659 0.4843 0.4977 0.5060 0.5087 0.5043 0.4894 0.4632 0.4307 0.3962 0.3626 0.3312 0.3024 0.2766 0.2535 0.2332 0.2153 0.1997 0.1862 0.1746 0.1646 0.1563 0.1494 0.1438 0.1395 0.1364 0.1344 0.1335 0.1338 0.1352
0.1337 0.1335 0.1344 0.1363 0.1395 0.1438 0.1493 0.1562 0.1646 0.1745 0.1861 0.1996 0.2152 0.2330 0.2533 0.2763 0.3022 0.3309 0.3624 0.3960 0.4305 0.4631 0.4893 0.5042 0.5087 0.5060 0.4977 0.4843 0.4659 0.4421 0.4125 0.3766 0.3343 0.2863 0.2359 0.1921 0.1660 0.1528 0.1450 0.1398 0.1364 0.1344 0.1335 0.1337 0.1348 0.1366 0.1390 0.1416 0.1441 0.1458 0.1465 0.1458 0.1441 0.1416 0.1390 0.1366 0.1348 0.1337 0.1335 0.1344 0.1364 0.1398 0.1450 0.1528 0.1660 0.1921 0.2359 0.2863 0.3343 0.3766 0.4125 0.4421 0.4659 0.4843 0.4977 0.5060 0.5087 0.5043 0.4893 0.4631 0.4305 0.3960 0.3624 0.3309 0.3022 0.2763 0.2533 0.2330 0.2152 0.1996 0.1861 0.1745 0.1646 0.1562 0.1493 0.1438 0.1395 0.1364 0.1344 0.1335 0.1337
0.1334 0.1344 0.1363 0.1394 0.1437 0.1493 0.1561 0.1645 0.1744 0.1860 0.1995 0.2150 0.2328 0.2531 0.2761 0.3020 0.3307 0.3621 0.3958 0.4303 0.4630 0.4892 0.5042 0.5087 0.5060 0.4977 0.4843 0.4658 0.4420 0.4124 0.3765 0.3341 0.2860 0.2356 0.1918 0.1658 0.1527 0.1448 0.1397 0.1363 0.1343 0.1335 0.1337 0.1349 0.1370 0.1398 0.1431 0.1466 0.1497 0.1519 0.1527 0.1519 0.1497 0.1466 0.1431 0.1398 0.1370 0.1349 0.1337 0.1335 0.1343 0.1363 0.1397 0.1448 0.1527 0.1658 0.1918 0.2356 0.2860 0.3341 0.3765 0.4124 0.4420 0.4658 0.4843 0.4977 0.5060 0.5087 0.5042 0.4892 0.4630 0.4303 0.3958 0.3622 0.3307 0.3020 0.2761 0.2531 0.2329 0.2150 0.1995 0.1860 0.1744 0.1645 0.1562 0.1493 0.1437 0.1394 0.1363 0.1344 0.1334
0.1342 0.1363 0.1394 0.1437 0.1492 0.1561 0.1644 0.1743 0.1859 0.1993 0.2149 0.2327 0.2530 0.2759 0.3017 0.3304 0.3619 0.3955 0.4300 0.4628 0.4891 0.5042 0.5087 0.5060 0.4977 0.4843 0.4659 0.4420 0.4124 0.3764 0.3340 0.2858 0.2353 0.1916 0.1657 0.1526 0.1448 0.1396 0.1363 0.1343 0.1335 0.1338 0.1351 0.1373 0.1404 0.1442 0.1485 0.1528 0.1567 0.1594 0.1604 0.1594 0.1567 0.1528 0.1485 0.1442 0.1404 0.1373 0.1351 0.1338 0.1335 0.1343 0.1363 0.1396 0.1448 0.1526 0.1657 0.1915 0.2353 0.2858 0.3340 0.3764 0.4124 0.4420 0.4659 0.4843 0.4977 0.5060 0.5087 0.5042 0.4891 0.4628 0.4300 0.3955 0.3619 0.3304 0.3017 0.2759 0.2530 0.2327 0.2149 0.1993 0.1859 0.1743 0.1644 0.1561 0.1492 0.1437 0.1394 0.1363 0.1342
0.1361 0.1394 0.1436 0.1491 0.1560 0.1643 0.1742 0.1858 0.1992 0.2147 0.2325 0.2528 0.2757 0.3015 0.3302 0.3616 0.3952 0.4297 0.4625 0.4889 0.5041 0.5087 0.5061 0.4978 0.4844 0.4659 0.4421 0.4124 0.3764 0.3340 0.2857 0.2352 0.1914 0.1656 0.1525 0.1447 0.1396 0.1362 0.1343 0.1335 0.1338 0.1352 0.1375 0.1409 0.1450 0.1499 0.1552 0.1605 0.1652 0.1684 0.1696 0.1684 0.1652 0.1605 0.1552 0.1499 0.1450 0.1409 0.1376 0.1352 0.1338 0.1335 0.1343 0.1362 0.1396 0.1447 0.1525 0.1656 0.1914 0.2352 0.2857 0.3340 0.3764 0.4124 0.4421 0.4659 0.4844 0.4978 0.5061 0.5087 0.5041 0.4889 0.4625 0.4297 0.3952 0.3616 0.3302 0.3015 0.2757 0.2528 0.2325 0.2147 0.1992 0.1858 0.1742 0.1643 0.1560 0.1491 0.1436 0.1394 0.1361
0.1392 0.1436 0.1491 0.1559 0.1642 0.1741 0.1856 0.1991 0.2146 0.2323 0.2526 0.2755 0.3012 0.3299 0.3613 0.3949 0.4294 0.4622 0.4888 0.5040 0.5087 0.5061 0.4978 0.4845 0.4660 0.4422 0.4125 0.3765 0.3340 0.2857 0.2351 0.1913 0.1655 0.1525 0.1447 0.1395 0.1362 0.1342 0.1335 0.1339 0.1353 0.1377 0.1412 0.1456 0.1509 0.1569 0.1634 0.1697 0.1752 0.1790 0.1804 0.1790 0.1752 0.1697 0.1634 0.1569 0.1509 0.1456 0.1412 0.1377 0.1353 0.1339 0.1335 0.1342 0.1362 0.1395 0.1447 0.1525 0.1655 0.1913 0.2351 0.2857 0.3340 0.3765 0.4125 0.4421 0.4660 0.4845 0.4978 0.5061 0.5087 0.5040 0.4888 0.4622 0.4294 0.3949 0.3613 0.3299 0.3012 0.2755 0.2526 0.2324 0.2146 0.1991 0.1856 0.1741 0.1642 0.1559 0.1491 0.1436 0.1391
0.1433 0.1490 0.1558 0.1641 0.1739 0.1855 0.1989 0.2144 0.2322 0.2524 0.2753 0.3010 0.3296 0.3610 0.3946 0.4291 0.4620 0.4886 0.5039 0.5087 0.5061 0.4979 0.4846 0.4661 0.4423 0.4126 0.3766 0.3341 0.2858 0.2352 0.1913 0.1655 0.1525 0.1446 0.1395 0.1362 0.1342 0.1335 0.1339 0.1353 0.1378 0.1414 0.1460 0.1516 0.1581 0.1654 0.1731 0.1805 0.1870 0.1915 0.1931 0.1915 0.1870 0.1805 0.1731 0.1654 0.1581 0.1516 0.1460 0.1414 0.1378 0.1353 0.1339 0.1335 0.1342 0.1362 0.1395 0.1446 0.1525 0.1655 0.1913 0.2352 0.2858 0.3341 0.3766 0.4126 0.4423 0.4661 0.4846 0.4979 0.5061 0.5087 0.5039 0.4886 0.4620 0.4291 0.3946 0.3610 0.3296 0.3010 0.2753 0.2524 0.2322 0.2144 0.1989 0.1855 0.1739 0.1641 0.1558 0.1490 0.1433
0.1487 0.1557 0.1640 0.1738 0.1854 0.1988 0.2142 0.2320 0.2522 0.2750 0.3008 0.3294 0.3607 0.3943 0.4288 0.4617 0.4884 0.5039 0.5087 0.5062 0.4980 0.4847 0.4663 0.4425 0.4128 0.3768 0.3343 0.2860 0.2353 0.1914 0.1655 0.1525 0.1446 0.1395 0.1362 0.1342 0.1335 0.1339 0.1354 0.1379 0.1415 0.1463 0.1521 0.1590 0.1668 0.1755 0.1845 0.1932 0.2007 0.2058 0.2077 0.2058 0.2007 0.1932 0.1844 0.1755 0.1668 0.1590 0.1521 0.1463 0.1415 0.1379 0.1354 0.1339 0.1335 0.1342 0.1362 0.1395 0.1446 0.1525 0.1655 0.1914 0.2353 0.2860 0.3343 0.3768 0.4128 0.4425 0.4663 0.4847 0.4980 0.5062 0.5087 0.5039 0.4884 0.4617 0.4288 0.3943 0.3607 0.3293 0.3007 0.2750 0.2522 0.2320 0.2142 0.1987 0.1853 0.1738 0.1640 0.1557 0.1487
0.1555 0.1639 0.1737 0.1852 0.1986 0.2140 0.2317 0.2519 0.2748 0.3005 0.3291 0.3604 0.3940 0.4285 0.4614 0.4882 0.5038 0.5087 0.5062 0.4981 0.4849 0.4665 0.4427 0.4131 0.3771 0.3346 0.2862 0.2355 0.1915 0.1656 0.1525 0.1446 0.1395 0.1362 0.1342 0.1335 0.1339 0.1354 0.1380 0.1416 0.1465 0.1524 0.1596 0.1678 0.1771 0.1872 0.1977 0.2078 0.2164 0.2224 0.2245 0.2224 0.2164 0.2078 0.1977 0.1872 0.1771 0.1678 0.1596 0.1524 0.1465 0.1416 0.1380 0.1354 0.1339 0.1335 0.1342 0.1362 0.1395 0.1446 0.1525 0.1656 0.1915 0.2356 0.2863 0.3346 0.3771 0.4131 0.4427 0.4665 0.4849 0.4981 0.5062 0.5087 0.5038 0.4882 0.4614 0.4285 0.3939 0.3604 0.3290 0.3004 0.2748 0.2519 0.2317 0.2140 0.1986 0.1852 0.1737 0.1639 0.1554
0.1636 0.1736 0.1850 0.1984 0.2138 0.2315 0.2517 0.2745 0.3002 0.3287 0.3601 0.3936 0.4281 0.4611 0.4880 0.5037 0.5087 0.5063 0.4982 0.4850 0.4667 0.4430 0.4134 0.3775 0.3350 0.2866 0.2359 0.1917 0.1657 0.1525 0.1447 0.1395 0.1362 0.1342 0.1335 0.1339 0.1354 0.1380 0.1417 0.1466 0.1527 0.1600 0.1685 0.1783 0.1892 0.2009 0.2130 0.2246 0.2345 0.2413 0.2437 0.2413 0.2345 0.2246 0.2130 0.2009 0.1892 0.1783 0.1685 0.1600 0.1527 0.1466 0.1417 0.1380 0.1354 0.1339 0.1335 0.1342 0.1362 0.1395 0.1447 0.1525 0.1657 0.1918 0.2359 0.2867 0.3350 0.3775 0.4134 0.4430 0.4667 0.4850 0.4982 0.5063 0.5087 0.5037 0.4879 0.4611 0.4281 0.3936 0.3600 0.3287 0.3001 0.2744 0.2516 0.2315 0.2138 0.1984 0.1850 0.1735 0.1636
0.1732 0.1849 0.1982 0.2136 0.2313 0.2514 0.2742 0.2998 0.3283 0.3597 0.3932 0.4278 0.4608 0.4877 0.5036 0.5087 0.5063 0.4983 0.4852 0.4669 0.4432 0.4137 0.3778 0.3354 0.2871 0.2363 0.1920 0.1658 0.1526 0.1447 0.1395 0.1362 0.1342 0.1335 0.1339 0.1354 0.1380 0.1418 0.1467 0.1528 0.1602 0.1690 0.1791 0.1905 0.2031 0.2167 0.2305 0.2437 0.2550 0.2627 0.2655 0.2627 0.2550 0.2437 0.2305 0.2166 0.2031 0.1905 0.1791 0.1690 0.1602 0.1528 0.1467 0.1417 0.1380 0.1354 0.1339 0.1335 0.1342 0.1362 0.1395 0.1447 0.1526 0.1658 0.1921 0.2364 0.2872 0.3355 0.3779 0.4138 0.4433 0.4669 0.4852 0.4983 0.5064 0.5087 0.5036 0.4877 0.4607 0.4277 0.3931 0.3596 0.3283 0.2997 0.2741 0.2513 0.2312 0.2136 0.1982 0.1848 0.1732
0.1845 0.1980 0.2134 0.2310 0.2511 0.2738 0.2994 0.3279 0.3592 0.3927 0.4273 0.4604 0.4874 0.5035 0.5087 0.5064 0.4984 0.4853 0.4671 0.4435 0.4141 0.3783 0.3359 0.2876 0.2368 0.1924 0.1660 0.1527 0.1447 0.1396 0.1362 0.1342 0.1335 0.1339 0.1354 0.1380 0.1418 0.1467 0.1529 0.1604 0.1693 0.1796 0.1914 0.2047 0.2192 0.2346 0.2504 0.2654 0.2782 0.2869 0.2900 0.2868 0.2782 0.2654 0.2504 0.2346 0.2191 0.2046 0.1914 0.1796 0.1693 0.1604 0.1529 0.1467 0.1418 0.1380 0.1354 0.1339 0.1335 0.1342 0.1362 0.1396 0.1448 0.1527 0.1660 0.1925 0.2370 0.2878 0.3360 0.3784 0.4142 0.4436 0.4672 0.4854 0.4985 0.5064 0.5087 0.5034 0.4874 0.4602 0.4272 0.3926 0.3590 0.3278 0.2993 0.2737 0.2510 0.2309 0.2133 0.1979 0.1844
0.1976 0.2131 0.2307 0.2507 0.2734 0.2990 0.3274 0.3587 0.3922 0.4268 0.4599 0.4871 0.5033 0.5087 0.5065 0.4986 0.4856 0.4674 0.4439 0.4145 0.3788 0.3365 0.2883 0.2374 0.1928 0.1662 0.1528 0.1448 0.1396 0.1362 0.1342 0.1335 0.1339 0.1354 0.1380 0.1418 0.1467 0.1529 0.1605 0.1695 0.1800 0.1920 0.2057 0.2209 0.2375 0.2551 0.2729 0.2899 0.3041 0.3139 0.3173 0.3138 0.3041 0.2898 0.2729 0.2550 0.2374 0.2208 0.2056 0.1919 0.1799 0.1694 0.1605 0.1529 0.1467 0.1417 0.1380 0.1354 0.1339 0.1335 0.1342 0.1362 0.1396 0.1448 0.1528 0.1663 0.1930 0.2377 0.2885 0.3367 0.3790 0.4147 0.4440 0.4675 0.4856 0.4986 0.5065 0.5086 0.5032 0.4870 0.4597 0.4265 0.3920 0.3584 0.3272 0.2988 0.2733 0.2506 0.2305 0.2130 0.1975
0.2126 0.2303 0.2503 0.2729 0.2984 0.3268 0.3580 0.3915 0.4261 0.4593 0.4867 0.5031 0.5086 0.5066 0.4988 0.4858 0.4677 0.4443 0.4150 0.3794 0.3372 0.2891 0.2382 0.1934 0.1664 0.1529 0.1449 0.1397 0.1362 0.1342 0.1335 0.1339 0.1354 0.1380 0.1417 0.1467 0.1529 0.1605 0.1696 0.1801 0.1923 0.2063 0.2220 0.2393 0.2582 0.2781 0.2982 0.3171 0.3330 0.3436 0.3474 0.3436 0.3329 0.3170 0.2980 0.2780 0.2581 0.2392 0.2218 0.2062 0.1922 0.1800 0.1695 0.1605 0.1529 0.1467 0.1417 0.1380 0.1354 0.1339 0.1335 0.1343 0.1363 0.1397 0.1450 0.1530 0.1666 0.1937 0.2386 0.2895 0.3376 0.3797 0.4153 0.4445 0.4679 0.4859 0.4989 0.5066 0.5086 0.5030 0.4865 0.4590 0.4258 0.3912 0.3577 0.3266 0.2982 0.2727 0.2501 0.2301 0.2125
0.2297 0.2498 0.2724 0.2978 0.3262 0.3573 0.3907 0.4253 0.4586 0.4862 0.5029 0.5086 0.5067 0.4990 0.4861 0.4682 0.4448 0.4156 0.3802 0.3381 0.2900 0.2392 0.1941 0.1668 0.1531 0.1450 0.1397 0.1363 0.1343 0.1335 0.1339 0.1353 0.1379 0.1417 0.1467 0.1529 0.1605 0.1695 0.1802 0.1925 0.2066 0.2226 0.2405 0.2602 0.2816 0.3039 0.3262 0.3470 0.3643 0.3759 0.3799 0.3758 0.3642 0.3468 0.3260 0.3036 0.2813 0.2600 0.2403 0.2224 0.2064 0.1923 0.1800 0.1694 0.1604 0.1528 0.1466 0.1416 0.1379 0.1353 0.1339 0.1335 0.1343 0.1363 0.1398 0.1451 0.1532 0.1670 0.1945 0.2398 0.2906 0.3386 0.3806 0.4160 0.4451 0.4684 0.4863 0.4991 0.5067 0.5086 0.5027 0.4859 0.4582 0.4249 0.3903 0.3569 0.3258 0.2975 0.2721 0.2495 0.2295
0.2491 0.2717 0.2970 0.3253 0.3564 0.3898 0.4243 0.4577 0.4855 0.5026 0.5086 0.5068 0.4993 0.4865 0.4687 0.4455 0.4165 0.3811 0.3392 0.2913 0.2404 0.1950 0.1672 0.1534 0.1452 0.1398 0.1363 0.1343 0.1335 0.1338 0.1353 0.1379 0.1416 0.1466 0.1528 0.1604 0.1694 0.1801 0.1925 0.2067 0.2229 0.2411 0.2614 0.2837 0.3075 0.3323 0.3568 0.3792 0.3975 0.4095 0.4137 0.4094 0.3973 0.3789 0.3564 0.3319 0.3071 0.2833 0.2611 0.2408 0.2226 0.2064 0.1922 0.1799 0.1693 0.1602 0.1527 0.1465 0.1415 0.1378 0.1353 0.1338 0.1335 0.1343 0.1364 0.1399 0.1453 0.1535 0.1676 0.1957 0.2413 0.2921 0.3400 0.3818 0.4170 0.4460 0.4691 0.4868 0.4994 0.5069 0.5085 0.5024 0.4851 0.4571 0.4237 0.3891 0.3558 0.3247 0.2965 0.2712 0.2487
0.2708 0.2961 0.3242 0.3552 0.3885 0.4231 0.4566 0.4847 0.5022 0.5085 0.5070 0.4996 0.4871 0.4694 0.4464 0.4176 0.3824 0.3407 0.2929 0.2421 0.1963 0.1679 0.1537 0.1454 0.1400 0.1364 0.1343 0.1335 0.1338 0.1352 0.1378 0.1415 0.1464 0.1526 0.1602 0.1692 0.1799 0.1923 0.2065 0.2228 0.2413 0.2619 0.2848 0.3097 0.3361 0.3631 0.3893 0.4127 0.4312 0.4430 0.4469 0.4428 0.4309 0.4122 0.3887 0.3625 0.3354 0.3091 0.2842 0.2614 0.2408 0.2224 0.2062 0.1919 0.1796 0.1690 0.1600 0.1524 0.1463 0.1414 0.1377 0.1352 0.1338 0.1335 0.1344 0.1365 0.1401 0.1456 0.1540 0.1684 0.1972 0.2433 0.2942 0.3419 0.3834 0.4184 0.4471 0.4700 0.4875 0.4999 0.5071 0.5084 0.5019 0.4841 0.4557 0.4221 0.3876 0.3543 0.3234 0.2953 0.2702
0.2949 0.3227 0.3536 0.3868 0.4214 0.4550 0.4835 0.5016 0.5084 0.5072 0.5001 0.4878 0.4704 0.4476 0.4191 0.3842 0.3428 0.2952 0.2443 0.1980 0.1688 0.1542 0.1457 0.1402 0.1366 0.1344 0.1335 0.1338 0.1352 0.1377 0.1413 0.1462 0.1523 0.1598 0.1689 0.1795 0.1918 0.2061 0.2224 0.2410 0.2618 0.2851 0.3106 0.3381 0.3668 0.3956 0.4226 0.4456 0.4628 0.4729 0.4762 0.4727 0.4623 0.4449 0.4217 0.3946 0.3658 0.3371 0.3097 0.2842 0.2611 0.2403 0.2218 0.2056 0.1914 0.1791 0.1685 0.1596 0.1521 0.1460 0.1412 0.1376 0.1351 0.1337 0.1335 0.1345 0.1367 0.1403 0.1459 0.1545 0.1695 0.1995 0.2461 0.2970 0.3444 0.3856 0.4202 0.4486 0.4711 0.4883 0.5005 0.5074 0.5083 0.5012 0.4826 0.4538 0.4200 0.3855 0.3523 0.3216 0.2938
0.3210 0.3513 0.3844 0.4190 0.4528 0.4819 0.5008 0.5082 0.5075 0.5007 0.4888 0.4717 0.4493 0.4211 0.3867 0.3457 0.2985 0.2476 0.2006 0.1701 0.1549 0.1461 0.1404 0.1367 0.1345 0.1335 0.1337 0.1350 0.1375 0.1411 0.1459 0.1519 0.1594 0.1683 0.1788 0.1911 0.2053 0.2216 0.2401 0.2611 0.2845 0.3104 0.3385 0.3683 0.3988 0.4282 0.4543 0.4746 0.4879 0.4948 0.4967 0.4945 0.4874 0.4738 0.4532 0.4269 0.3973 0.3669 0.3371 0.3091 0.2833 0.2600 0.2392 0.2208 0.2046 0.1905 0.1783 0.1678 0.1590 0.1516 0.1456 0.1409 0.1373 0.1349 0.1337 0.1336 0.1346 0.1369 0.1407 0.1465 0.1554 0.1711 0.2027 0.2502 0.3010 0.3479 0.3886 0.4227 0.4506 0.4727 0.4895 0.5012 0.5077 0.5081 0.5001 0.4805 0.4511 0.4171 0.3826 0.3496 0.3194
0.3487 0.3811 0.4156 0.4496 0.4794 0.4995 0.5079 0.5078 0.5016 0.4901 0.4735 0.4516 0.4240 0.3902 0.3498 0.3030 0.2523 0.2044 0.1721 0.1559 0.1468 0.1409 0.1370 0.1347 0.1336 0.1337 0.1349 0.1372 0.1407 0.1454 0.1513 0.1587 0.1675 0.1779 0.1901 0.2041 0.2203 0.2387 0.2595 0.2829 0.3089 0.3374 0.3679 0.3994 0.4305 0.4586 0.4809 0.4954 0.5028 0.5058 0.5066 0.5057 0.5025 0.4947 0.4797 0.4569 0.4285 0.3973 0.3658 0.3354 0.3071 0.2813 0.2581 0.2374 0.2191 0.2031 0.1892 0.1771 0.1668 0.1581 0.1509 0.1450 0.1404 0.1370 0.1348 0.1336 0.1336 0.1348 0.1372 0.1412 0.1473 0.1567 0.1737 0.2074 0.2559 0.3065 0.3529 0.3928 0.4262 0.4534 0.4749 0.4911 0.5022 0.5081 0.5076 0.4984 0.4775 0.4472 0.4130 0.3786 0.3463
0.3770 0.4106 0.4449 0.4757 0.4974 0.5073 0.5082 0.5028 0.4920 0.4761 0.4550 0.4282 0.3952 0.3557 0.3097 0.2592 0.2103 0.1753 0.1575 0.1478 0.1415 0.1374 0.1349 0.1336 0.1336 0.1346 0.1368 0.1402 0.1447 0.1505 0.1576 0.1663 0.1765 0.1884 0.2022 0.2182 0.2363 0.2570 0.2802 0.3061 0.3346 0.3653 0.3975 0.4297 0.4594 0.4833 0.4985 0.5058 0.5083 0.5087 0.5087 0.5087 0.5082 0.5054 0.4975 0.4815 0.4569 0.4268 0.3946 0.3624 0.3319 0.3036 0.2780 0.2550 0.2346 0.2166 0.2009 0.1872 0.1755 0.1654 0.1569 0.1499 0.1442 0.1398 0.1366 0.1345 0.1335 0.1337 0.1351 0.1377 0.1420 0.1485 0.1587 0.1777 0.2146 0.2642 0.3144 0.3598 0.3987 0.4310 0.4573 0.4779 0.4933 0.5036 0.5085 0.5068 0.4958 0.4729 0.4416 0.4071 0.3736
0.4043 0.4378 0.4698 0.4939 0.5061 0.5086 0.5044 0.4946 0.4798 0.4597 0.4341 0.4024 0.3642 0.3195 0.2696 0.2195 0.1807 0.1602 0.1494 0.1426 0.1381 0.1353 0.1338 0.1335 0.1343 0.1363 0.1394 0.1437 0.1492 0.1561 0.1645 0.1743 0.1860 0.1994 0.2150 0.2327 0.2529 0.2757 0.3012 0.3295 0.3602 0.3926 0.4256 0.4566 0.4823 0.4990 0.5067 0.5087 0.5080 0.5067 0.5061 0.5068 0.5082 0.5087 0.5061 0.4975 0.4797 0.4531 0.4217 0.3887 0.3563 0.3259 0.2980 0.2728 0.2504 0.2305 0.2130 0.1977 0.1844 0.1731 0.1634 0.1552 0.1485 0.1431 0.1390 0.1360 0.1342 0.1335 0.1339 0.1356 0.1386 0.1433 0.1505 0.1621 0.1845 0.2256 0.2761 0.3255 0.3695 0.4068 0.4377 0.4626 0.4820 0.4962 0.5053 0.5087 0.5052 0.4914 0.4659 0.4334 0.3997
0.4285 0.4604 0.4876 0.5036 0.5087 0.5063 0.4982 0.4849 0.4664 0.4425 0.4127 0.3765 0.3336 0.2849 0.2340 0.1903 0.1649 0.1521 0.1443 0.1392 0.1360 0.1341 0.1335 0.1340 0.1356 0.1384 0.1423 0.1475 0.1540 0.1618 0.1713 0.1824 0.1953 0.2102 0.2273 0.2469 0.2690 0.2938 0.3213 0.3516 0.3839 0.4173 0.4496 0.4776 0.4969 0.5063 0.5087 0.5074 0.5045 0.5019 0.5009 0.5022 0.5050 0.5078 0.5087 0.5054 0.4946 0.4737 0.4449 0.4121 0.3788 0.3467 0.3169 0.2898 0.2654 0.2437 0.2246 0.2078 0.1932 0.1805 0.1697 0.1605 0.1528 0.1466 0.1416 0.1379 0.1353 0.1338 0.1335 0.1343 0.1364 0.1399 0.1454 0.1537 0.1679 0.1963 0.2421 0.2931 0.3410 0.3828 0.4180 0.4468 0.4698 0.4874 0.4999 0.5071 0.5084 0.5018 0.4838 0.4552 0.4227
0.4474 0.4764 0.4979 0.5075 0.5081 0.5025 0.4914 0.4753 0.4539 0.4267 0.3934 0.3535 0.3071 0.2565 0.2079 0.1739 0.1569 0.1473 0.1412 0.1372 0.1348 0.1336 0.1336 0.1347 0.1370 0.1404 0.1450 0.1509 0.1582 0.1670 0.1773 0.1894 0.2035 0.2196 0.2381 0.2591 0.2828 0.3092 0.3385 0.3701 0.4034 0.4368 0.4674 0.4909 0.5041 0.5085 0.5078 0.5042 0.4997 0.4962 0.4950 0.4967 0.5006 0.5050 0.5082 0.5082 0.5024 0.4873 0.4621 0.4307 0.3972 0.3640 0.3328 0.3041 0.2781 0.2550 0.2345 0.2164 0.2007 0.1870 0.1752 0.1652 0.1567 0.1497 0.1441 0.1397 0.1365 0.1344 0.1335 0.1337 0.1351 0.1379 0.1422 0.1489 0.1594 0.1790 0.2167 0.2665 0.3167 0.3619 0.4005 0.4326 0.4586 0.4789 0.4940 0.5040 0.5086 0.5064 0.4946 0.4708 0.4405
0.4591 0.4854 0.5026 0.5086 0.5068 0.4991 0.4862 0.4682 0.4448 0.4154 0.3797 0.3373 0.2890 0.2380 0.1932 0.1664 0.1529 0.1448 0.1396 0.1362 0.1342 0.1335 0.1339 0.1354 0.1381 0.1420 0.1470 0.1534 0.1612 0.1706 0.1816 0.1944 0.2092 0.2262 0.2456 0.2676 0.2923 0.3199 0.3501 0.3827 0.4164 0.4493 0.4779 0.4976 0.5068 0.5087 0.5061 0.5012 0.4958 0.4917 0.4904 0.4924 0.4969 0.5023 0.5069 0.5087 0.5056 0.4943 0.4725 0.4426 0.4092 0.3756 0.3435 0.3138 0.2868 0.2627 0.2413 0.2224 0.2058 0.1915 0.1790 0.1684 0.1594 0.1519 0.1458 0.1410 0.1374 0.1350 0.1337 0.1335 0.1345 0.1368 0.1405 0.1463 0.1552 0.1707 0.2018 0.2492 0.3001 0.3473 0.3882 0.4225 0.4505 0.4727 0.4896 0.5013 0.5077 0.5080 0.4998 0.4799 0.4517
0.4630 0.4881 0.5038 0.5087 0.5061 0.4978 0.4843 0.4656 0.4414 0.4113 0.3748 0.3316 0.2827 0.2318 0.1888 0.1642 0.1516 0.1440 0.1391 0.1358 0.1340 0.1335 0.1340 0.1357 0.1385 0.1425 0.1478 0.1543 0.1623 0.1719 0.1831 0.1961 0.2112 0.2285 0.2482 0.2706 0.2957 0.3236 0.3543 0.3871 0.4208 0.4535 0.4812 0.4995 0.5075 0.5085 0.5053 0.5000 0.4942 0.4900 0.4887 0.4907 0.4955 0.5013 0.5063 0.5087 0.5064 0.4964 0.4758 0.4466 0.4135 0.3797 0.3473 0.3173 0.2900 0.2655 0.2437 0.2245 0.2077 0.1931 0.1804 0.1696 0.1604 0.1527 0.1465 0.1415 0.1378 0.1352 0.1338 0.1335 0.1343 0.1364 0.1400 0.1455 0.1539 0.1683 0.1971 0.2432 0.2943 0.3421 0.3838 0.4188 0.4475 0.4704 0.4879 0.5002 0.5073 0.5083 0.5013 0.4828 0.4555
0.4589 0.4852 0.5025 0.5086 0.5068 0.4992 0.4863 0.4683 0.4449 0.4156 0.3799 0.3376 0.2893 0.2383 0.1934 0.1665 0.1529 0.1449 0.1396 0.1362 0.1342 0.1335 0.1339 0.1354 0.1381 0.1419 0.1470 0.1534 0.1612 0.1705 0.1815 0.1943 0.2091 0.2261 0.2455 0.2674 0.2922 0.3197 0.3500 0.3825 0.4162 0.4491 0.4778 0.4975 0.5068 0.5087 0.5061 0.5012 0.4958 0.4917 0.4904 0.4924 0.4969 0.5024 0.5069 0.5087 0.5056 0.4943 0.4724 0.4426 0.4092 0.3756 0.3435 0.3138 0.2868 0.2627 0.2413 0.2224 0.2058 0.1915 0.1790 0.1684 0.1594 0.1519 0.1458 0.1410 0.1374 0.1350 0.1337 0.1335 0.1345 0.1368 0.1405 0.1463 0.1552 0.1707 0.2018 0.2492 0.3001 0.3473 0.3882 0.4225 0.4505 0.4727 0.4896 0.5013 0.5077 0.5080 0.4998 0.4799 0.4517
0.4471 0.4762 0.4977 0.5074 0.5082 0.5025 0.4916 0.4755 0.4541 0.4270 0.3938 0.3539 0.3076 0.2569 0.2083 0.1742 0.1570 0.1474 0.1413 0.1373 0.1348 0.1336 0.1336 0.1347 0.1370 0.1404 0.1450 0.1509 0.1581 0.1669 0.1772 0.1893 0.2033 0.2195 0.2379 0.2589 0.2825 0.3090 0.3382 0.3698 0.4031 0.4365 0.4672 0.4908 0.5040 0.5085 0.5078 0.5042 0.4998 0.4963 0.4951 0.4968 0.5006 0.5050 0.5082 0.5082 0.5024 0.4873 0.4621 0.4307 0.3972 0.3640 0.3328 0.3041 0.2781 0.2550 0.2345 0.2164 0.2007 0.1870 0.1752 0.1652 0.1567 0.1497 0.1441 0.1397 0.1365 0.1344 0.1335 0.1337 0.1351 0.1379 0.1422 0.1489 0.1594 0.1790 0.2167 0.2665 0.3167 0.3619 0.4005 0.4326 0.4586 0.4789 0.4940 0.5040 0.5086 0.5064 0.4946 0.4708 0.4405
0.4282 0.4601 0.4873 0.5034 0.5087 0.5064 0.4983 0.4851 0.4667 0.4428 0.4131 0.3769 0.3342 0.2856 0.2346 0.1907 0.1651 0.1522 0.1444 0.1393 0.1360 0.1341 0.1335 0.1340 0.1356 0.1383 0.1423 0.1474 0.1539 0.1617 0.1712 0.1822 0.1951 0.2100 0.2271 0.2466 0.2687 0.2935 0.3210 0.3512 0.3835 0.4169 0.4493 0.4773 0.4967 0.5062 0.5087 0.5074 0.5045 0.5019 0.5010 0.5022 0.5050 0.5078 0.5087 0.5053 0.4946 0.4737 0.4448 0.4121 0.3788 0.3467 0.3169 0.2898 0.2654 0.2437 0.2246 0.2078 0.1932 0.1805 0.1697 0.1605 0.1528 0.1466 0.1416 0.1379 0.1353 0.1338 0.1335 0.1343 0.1364 0.1399 0.1454 0.1537 0.1679 0.1963 0.2421 0.2931 0.3410 0.3828 0.4180 0.4468 0.4698 0.4874 0.4999 0.5071 0.5084 0.5018 0.4838 0.4552 0.4227
0.4039 0.4374 0.4694 0.4936 0.5060 0.5086 0.5045 0.4948 0.4800 0.4600 0.4345 0.4029 0.3647 0.3201 0.2702 0.2201 0.1810 0.1604 0.1495 0.1426 0.1381 0.1353 0.1338 0.1335 0.1343 0.1363 0.1394 0.1436 0.1492 0.1560 0.1643 0.1742 0.1858 0.1993 0.2148 0.2325 0.2527 0.2755 0.3009 0.3291 0.3598 0.3922 0.4252 0.4563 0.4820 0.4988 0.5066 0.5087 0.5080 0.5067 0.5061 0.5068 0.5082 0.5087 0.5061 0.4975 0.4796 0.4531 0.4216 0.3887 0.3563 0.3259 0.2980 0.2728 0.2504 0.2305 0.2130 0.1977 0.1844 0.1731 0.1634 0.1552 0.1485 0.1431 0.1390 0.1360 0.1342 0.1335 0.1339 0.1356 0.1386 0.1433 0.1505 0.1621 0.1845 0.2256 0.2761 0.3255 0.3695 0.4068 0.4377 0.4626 0.4820 0.4962 0.5053 0.5087 0.5052 0.4914 0.4659 0.4334 0.3997
0.3766 0.4102 0.4445 0.4753 0.4972 0.5073 0.5083 0.5029 0.4922 0.4763 0.4552 0.4285 0.3956 0.3562 0.3103 0.2598 0.2108 0.1755 0.1577 0.1478 0.1416 0.1375 0.1349 0.1337 0.1336 0.1346 0.1368 0.1401 0.1446 0.1504 0.1576 0.1662 0.1763 0.1883 0.2021 0.2180 0.2361 0.2567 0.2799 0.3058 0.3342 0.3650 0.3971 0.4293 0.4591 0.4830 0.4984 0.5058 0.5083 0.5087 0.5087 0.5087 0.5082 0.5054 0.4975 0.4814 0.4569 0.4268 0.3946 0.3624 0.3319 0.3036 0.2780 0.2550 0.2346 0.2166 0.2009 0.1872 0.1755 0.1654 0.1569 0.1499 0.1442 0.1398 0.1366 0.1345 0.1335 0.1337 0.1351 0.1377 0.1420 0.1485 0.1587 0.1777 0.2146 0.2642 0.3144 0.3598 0.3987 0.4310 0.4573 0.4779 0.4933 0.5036 0.5085 0.5068 0.4958 0.4729 0.4416 0.4071 0.3736
