0.0008 0.0011 0.0015 0.0022 0.0031 0.0045 0.0064 0.0092 0.0131 0.0187 0.0268 0.0383 0.0547 0.0782 0.1116 0.1596 0.2282 0.3262 0.4656 0.6657 0.9518 1.0000 1.0000 1.0000 1.0000 1.0000 1.0000 1.0000 1.0000 1.0000 1.0000 1.0000 1.0000 0.0000 0.0000 0.0001 0.0001 0.0001 0.0002 0.0003 0.0004 0.0006 0.0008 0.0012 0.0017 0.0023 0.0032 0.0043 0.0055 0.0065 0.0069 0.0065 0.0055 0.0043 0.0032 0.0023 0.0017 0.0012 0.0008 0.0006 0.0004 0.0003 0.0002 0.0001 0.0001 0.0001 0.0000 0.0000 1.0000 1.0000 1.0000 1.0000 1.0000 1.0000 1.0000 1.0000 1.0000 1.0000 1.0000 1.0000 0.9518 0.6657 0.4656 0.3262 0.2282 0.1596 0.1116 0.0782 0.0547 0.0383 0.0268 0.0187 0.0131 0.0092 0.0064 0.0045 0.0031 0.0022 0.0015 0.0011 0.0008
0.0011 0.0015 0.0022 0.0031 0.0045 0.0064 0.0092 0.0131 0.0187 0.0267 0.0382 0.0546 0.0781 0.1114 0.1593 0.2277 0.3256 0.4647 0.6644 0.9499 1.0000 1.0000 1.0000 1.0000 1.0000 1.0000 1.0000 1.0000 1.0000 1.0000 1.0000 1.0000 0.0000 0.0000 0.0001 0.0001 0.0001 0.0002 0.0003 0.0004 0.0006 0.0008 0.0012 0.0017 0.0024 0.0034 0.0046 0.0062 0.0078 0.0092 0.0098 0.0092 0.0078 0.0062 0.0046 0.0034 0.0024 0.0017 0.0012 0.0008 0.0006 0.0004 0.0003 0.0002 0.0001 0.0001 0.0001 0.0000 0.0000 1.0000 1.0000 1.0000 1.0000 1.0000 1.0000 1.0000 1.0000 1.0000 1.0000 1.0000 1.0000 0.9499 0.6644 0.4647 0.3256 0.2277 0.1593 0.1114 0.0781 0.0546 0.0382 0.0267 0.0187 0.0131 0.0092 0.0064 0.0045 0.0031 0.0022 0.0015 0.0011
0.0015 0.0022 0.0031 0.0045 0.0064 0.0092 0.0131 0.0188 0.0268 0.0383 0.0548 0.0784 0.1118 0.1599 0.2286 0.3268 0.4664 0.6669 0.9536 1.0000 1.0000 1.0000 1.0000 1.0000 1.0000 1.0000 1.0000 1.0000 1.0000 1.0000 1.0000 0.0000 0.0000 0.0001 0.0001 0.0001 0.0002 0.0003 0.0004 0.0006 0.0008 0.0012 0.0017 0.0024 0.0034 0.0048 0.0066 0.0089 0.0113 0.0133 0.0141 0.0133 0.0113 0.0089 0.0066 0.0048 0.0034 0.0024 0.0017 0.0012 0.0008 0.0006 0.0004 0.0003 0.0002 0.0001 0.0001 0.0001 0.0000 0.0000 1.0000 1.0000 1.0000 1.0000 1.0000 1.0000 1.0000 1.0000 1.0000 1.0000 1.0000 1.0000 0.9536 0.6669 0.4664 0.3268 0.2286 0.1599 0.1118 0.0784 0.0548 0.0383 0.0268 0.0188 0.0131 0.0092 0.0064 0.0045 0.0031 0.0022 0.0015
0.0022 0.0031 0.0045 0.0064 0.0092 0.0132 0.0188 0.0269 0.0385 0.0550 0.0785 0.1122 0.1605 0.2295 0.3281 0.4682 0.6695 0.9572 1.0000 1.0000 1.0000 1.0000 1.0000 1.0000 1.0000 1.0000 1.0000 1.0000 1.0000 1.0000 0.0000 0.0000 0.0001 0.0001 0.0001 0.0002 0.0003 0.0004 0.0006 0.0008 0.0012 0.0017 0.0025 0.0035 0.0049 0.0069 0.0095 0.0127 0.0162 0.0191 0.0202 0.0191 0.0162 0.0127 0.0095 0.0069 0.0049 0.0035 0.0025 0.0017 0.0012 0.0008 0.0006 0.0004 0.0003 0.0002 0.0001 0.0001 0.0001 0.0000 0.0000 1.0000 1.0000 1.0000 1.0000 1.0000 1.0000 1.0000 1.0000 1.0000 1.0000 1.0000 1.0000 0.9572 0.6695 0.4682 0.3281 0.2295 0.1605 0.1122 0.0785 0.0550 0.0385 0.0269 0.0188 0.0132 0.0092 0.0064 0.0045 0.0031 0.0022
0.0031 0.0045 0.0064 0.0092 0.0132 0.0189 0.0270 0.0385 0.0551 0.0788 0.1127 0.1611 0.2303 0.3287 0.4700 0.6720 0.9608 1.0000 1.0000 1.0000 1.0000 1.0000 1.0000 1.0000 1.0000 1.0000 1.0000 1.0000 1.0000 0.0000 0.0000 0.0001 0.0001 0.0001 0.0002 0.0003 0.0004 0.0006 0.0009 0.0012 0.0017 0.0025 0.0035 0.0050 0.0071 0.0099 0.0136 0.0183 0.0232 0.0274 0.0291 0.0274 0.0232 0.0183 0.0136 0.0099 0.0071 0.0050 0.0035 0.0025 0.0017 0.0012 0.0009 0.0006 0.0004 0.0003 0.0002 0.0001 0.0001 0.0001 0.0000 0.0000 1.0000 1.0000 1.0000 1.0000 1.0000 1.0000 1.0000 1.0000 1.0000 1.0000 1.0000 1.0000 0.9608 0.6720 0.4700 0.3287 0.2303 0.1611 0.1127 0.0788 0.0551 0.0385 0.0270 0.0189 0.0132 0.0092 0.0064 0.0045 0.0031
0.0045 0.0064 0.0092 0.0132 0.0189 0.0270 0.0386 0.0552 0.0790 0.1129 0.1614 0.2308 0.3300 0.4718 0.6746 0.9627 1.0000 1.0000 1.0000 1.0000 1.0000 1.0000 1.0000 1.0000 1.0000 1.0000 1.0000 1.0000 0.0000 0.0000 0.0001 0.0001 0.0001 0.0002 0.0003 0.0004 0.0006 0.0009 0.0012 0.0017 0.0025 0.0036 0.0051 0.0072 0.0102 0.0142 0.0196 0.0262 0.0334 0.0394 0.0418 0.0394 0.0334 0.0262 0.0196 0.0142 0.0102 0.0072 0.0051 0.0036 0.0025 0.0017 0.0012 0.0009 0.0006 0.0004 0.0003 0.0002 0.0001 0.0001 0.0001 0.0000 0.0000 1.0000 1.0000 1.0000 1.0000 1.0000 1.0000 1.0000 1.0000 1.0000 1.0000 1.0000 1.0000 0.9645 0.6746 0.4718 0.3300 0.2308 0.1614 0.1129 0.0790 0.0552 0.0386 0.0270 0.0189 0.0132 0.0092 0.0064 0.0045
0.0064 0.0092 0.0131 0.0188 0.0270 0.0386 0.0552 0.0791 0.1131 0.1617 0.2312 0.3306 0.4727 0.6759 0.9663 1.0000 1.0000 1.0000 1.0000 1.0000 1.0000 1.0000 1.0000 1.0000 1.0000 1.0000 1.0000 0.0000 0.0000 0.0001 0.0001 0.0001 0.0002 0.0003 0.0004 0.0006 0.0009 0.0012 0.0018 0.0025 0.0036 0.0051 0.0073 0.0103 0.0146 0.0204 0.0281 0.0376 0.0480 0.0565 0.0600 0.0565 0.0480 0.0376 0.0281 0.0204 0.0146 0.0103 0.0073 0.0051 0.0036 0.0025 0.0018 0.0012 0.0009 0.0006 0.0004 0.0003 0.0002 0.0001 0.0001 0.0001 0.0000 0.0000 1.0000 1.0000 1.0000 1.0000 1.0000 1.0000 1.0000 1.0000 1.0000 1.0000 1.0000 1.0000 0.9663 0.6759 0.4727 0.3306 0.2312 0.1617 0.1131 0.0791 0.0552 0.0386 0.0270 0.0188 0.0131 0.0092 0.0064
0.0092 0.0131 0.0188 0.0269 0.0385 0.0552 0.0791 0.1131 0.1620 0.2317 0.3312 0.4745 0.6784 0.9700 1.0000 1.0000 1.0000 1.0000 1.0000 1.0000 1.0000 1.0000 1.0000 1.0000 1.0000 1.0000 0.0000 0.0000 0.0001 0.0001 0.0001 0.0002 0.0003 0.0004 0.0006 0.0009 0.0012 0.0018 0.0025 0.0036 0.0051 0.0073 0.0104 0.0148 0.0209 0.0293 0.0403 0.0540 0.0688 0.0812 0.0862 0.0812 0.0688 0.0540 0.0403 0.0293 0.0209 0.0148 0.0104 0.0073 0.0051 0.0036 0.0025 0.0018 0.0012 0.0009 0.0006 0.0004 0.0003 0.0002 0.0001 0.0001 0.0001 0.0000 0.0000 1.0000 1.0000 1.0000 1.0000 1.0000 1.0000 1.0000 1.0000 1.0000 1.0000 1.0000 1.0000 0.9700 0.6784 0.4745 0.3312 0.2317 0.1620 0.1131 0.0791 0.0552 0.0385 0.0269 0.0188 0.0131 0.0092
0.0131 0.0187 0.0268 0.0385 0.0551 0.0790 0.1131 0.1620 0.2317 0.3319 0.4745 0.6797 0.9719 1.0000 1.0000 1.0000 1.0000 1.0000 1.0000 1.0000 1.0000 1.0000 1.0000 1.0000 1.0000 0.0000 0.0000 0.0001 0.0001 0.0001 0.0002 0.0003 0.0004 0.0006 0.0009 0.0012 0.0018 0.0025 0.0036 0.0052 0.0074 0.0105 0.0150 0.0213 0.0300 0.0421 0.0579 0.0775 0.0988 0.1166 0.1237 0.1166 0.0988 0.0775 0.0579 0.0421 0.0300 0.0213 0.0150 0.0105 0.0074 0.0052 0.0036 0.0025 0.0018 0.0012 0.0009 0.0006 0.0004 0.0003 0.0002 0.0001 0.0001 0.0001 0.0000 0.0000 1.0000 1.0000 1.0000 1.0000 1.0000 1.0000 1.0000 1.0000 1.0000 1.0000 1.0000 1.0000 0.9719 0.6797 0.4745 0.3319 0.2317 0.1620 0.1131 0.0790 0.0551 0.0385 0.0268 0.0187 0.0131
0.0187 0.0267 0.0383 0.0550 0.0788 0.1129 0.1617 0.2317 0.3319 0.4754 0.6797 0.9737 1.0000 1.0000 1.0000 1.0000 1.0000 1.0000 1.0000 1.0000 1.0000 1.0000 1.0000 1.0000 0.0000 0.0000 0.0001 0.0001 0.0001 0.0002 0.0003 0.0004 0.0006 0.0009 0.0012 0.0018 0.0025 0.0036 0.0052 0.0074 0.0106 0.0151 0.0215 0.0304 0.0430 0.0603 0.0831 0.1112 0.1418 0.1673 0.1775 0.1673 0.1418 0.1112 0.0831 0.0603 0.0430 0.0304 0.0215 0.0151 0.0106 0.0074 0.0052 0.0036 0.0025 0.0018 0.0012 0.0009 0.0006 0.0004 0.0003 0.0002 0.0001 0.0001 0.0001 0.0000 0.0000 1.0000 1.0000 1.0000 1.0000 1.0000 1.0000 1.0000 1.0000 1.0000 1.0000 1.0000 1.0000 0.9737 0.6797 0.4754 0.3319 0.2317 0.1617 0.1129 0.0788 0.0550 0.0383 0.0267 0.0187
0.0268 0.0382 0.0548 0.0785 0.1127 0.1614 0.2312 0.3312 0.4745 0.6797 0.9737 1.0000 1.0000 1.0000 1.0000 1.0000 1.0000 1.0000 1.0000 1.0000 1.0000 1.0000 1.0000 0.0000 0.0001 0.0001 0.0001 0.0001 0.0002 0.0003 0.0004 0.0006 0.0009 0.0012 0.0018 0.0025 0.0036 0.0052 0.0074 0.0106 0.0152 0.0216 0.0308 0.0437 0.0618 0.0865 0.1193 0.1596 0.2036 0.2402 0.2548 0.2402 0.2036 0.1596 0.1193 0.0865 0.0618 0.0437 0.0308 0.0216 0.0152 0.0106 0.0074 0.0052 0.0036 0.0025 0.0018 0.0012 0.0009 0.0006 0.0004 0.0003 0.0002 0.0001 0.0001 0.0001 0.0001 0.0000 1.0000 1.0000 1.0000 1.0000 1.0000 1.0000 1.0000 1.0000 1.0000 1.0000 1.0000 1.0000 0.9737 0.6797 0.4745 0.3312 0.2312 0.1614 0.1127 0.0785 0.0548 0.0382 0.0268
0.0383 0.0546 0.0784 0.1122 0.1611 0.2308 0.3306 0.4745 0.6797 0.9737 1.0000 1.0000 1.0000 1.0000 1.0000 1.0000 1.0000 1.0000 1.0000 1.0000 1.0000 1.0000 0.0000 0.0001 0.0001 0.0001 0.0001 0.0002 0.0003 0.0004 0.0006 0.0009 0.0012 0.0018 0.0025 0.0036 0.0052 0.0075 0.0107 0.0152 0.0217 0.0310 0.0441 0.0627 0.0887 0.1241 0.1712 0.2290 0.2922 0.3447 0.3657 0.3447 0.2922 0.2290 0.1712 0.1241 0.0887 0.0627 0.0441 0.0310 0.0217 0.0152 0.0107 0.0075 0.0052 0.0036 0.0026 0.0018 0.0012 0.0009 0.0006 0.0004 0.0003 0.0002 0.0001 0.0001 0.0001 0.0001 0.0000 1.0000 1.0000 1.0000 1.0000 1.0000 1.0000 1.0000 1.0000 1.0000 1.0000 1.0000 1.0000 0.9737 0.6797 0.4745 0.3306 0.2308 0.1611 0.1122 0.0784 0.0546 0.0383
0.0547 0.0781 0.1118 0.1605 0.2303 0.3300 0.4727 0.6784 0.9719 1.0000 1.0000 1.0000 1.0000 1.0000 1.0000 1.0000 1.0000 1.0000 1.0000 1.0000 1.0000 0.0000 0.0001 0.0001 0.0001 0.0001 0.0002 0.0003 0.0004 0.0006 0.0009 0.0013 0.0018 0.0026 0.0037 0.0052 0.0075 0.0107 0.0153 0.0218 0.0312 0.0445 0.0633 0.0900 0.1273 0.1782 0.2453 0.3287 0.4193 0.4948 0.5248 0.4948 0.4193 0.3287 0.2453 0.1782 0.1273 0.0900 0.0633 0.0445 0.0312 0.0218 0.0153 0.0107 0.0075 0.0052 0.0037 0.0026 0.0018 0.0013 0.0009 0.0006 0.0004 0.0003 0.0002 0.0001 0.0001 0.0001 0.0001 0.0000 1.0000 1.0000 1.0000 1.0000 1.0000 1.0000 1.0000 1.0000 1.0000 1.0000 1.0000 1.0000 0.9719 0.6784 0.4727 0.3300 0.2303 0.1605 0.1118 0.0781 0.0547
0.0782 0.1114 0.1599 0.2295 0.3287 0.4718 0.6759 0.9700 1.0000 1.0000 1.0000 1.0000 1.0000 1.0000 1.0000 1.0000 1.0000 1.0000 1.0000 1.0000 0.0000 0.0001 0.0001 0.0001 0.0001 0.0002 0.0003 0.0004 0.0006 0.0009 0.0013 0.0018 0.0026 0.0037 0.0052 0.0075 0.0107 0.0153 0.0219 0.0313 0.0447 0.0638 0.0909 0.1290 0.1823 0.2557 0.3520 0.4718 0.6018 0.7101 0.7532 0.7101 0.6018 0.4718 0.3520 0.2557 0.1823 0.1290 0.0909 0.0638 0.0447 0.0313 0.0219 0.0153 0.0107 0.0075 0.0053 0.0037 0.0026 0.0018 0.0013 0.0009 0.0006 0.0004 0.0003 0.0002 0.0001 0.0001 0.0001 0.0001 0.0000 1.0000 1.0000 1.0000 1.0000 1.0000 1.0000 1.0000 1.0000 1.0000 1.0000 1.0000 1.0000 0.9700 0.6759 0.4718 0.3287 0.2295 0.1599 0.1114 0.0782
0.1116 0.1593 0.2286 0.3281 0.4700 0.6746 0.9663 1.0000 1.0000 1.0000 1.0000 1.0000 1.0000 1.0000 1.0000 1.0000 1.0000 1.0000 1.0000 0.0000 0.0001 0.0001 0.0001 0.0001 0.0002 0.0003 0.0004 0.0006 0.0009 0.0013 0.0018 0.0026 0.0037 0.0053 0.0075 0.0108 0.0154 0.0220 0.0314 0.0449 0.0640 0.0914 0.1302 0.1851 0.2616 0.3664 0.5052 0.6771 0.8621 1.0000 1.0000 1.0000 0.8621 0.6771 0.5052 0.3664 0.2616 0.1851 0.1302 0.0914 0.0640 0.0449 0.0314 0.0220 0.0154 0.0108 0.0075 0.0053 0.0037 0.0026 0.0018 0.0013 0.0009 0.0006 0.0004 0.0003 0.0002 0.0001 0.0001 0.0001 0.0001 0.0000 1.0000 1.0000 1.0000 1.0000 1.0000 1.0000 1.0000 1.0000 1.0000 1.0000 1.0000 1.0000 0.9663 0.6746 0.4700 0.3281 0.2286 0.1593 0.1116
0.1596 0.2277 0.3268 0.4682 0.6720 0.9627 1.0000 1.0000 1.0000 1.0000 1.0000 1.0000 1.0000 1.0000 1.0000 1.0000 1.0000 1.0000 0.0000 0.0001 0.0001 0.0001 0.0001 0.0002 0.0003 0.0004 0.0006 0.0009 0.0013 0.0018 0.0026 0.0037 0.0053 0.0076 0.0108 0.0154 0.0220 0.0315 0.0451 0.0643 0.0919 0.1312 0.1869 0.2651 0.3755 0.5258 0.7251 0.9700 1.0000 1.0000 1.0000 1.0000 1.0000 0.9700 0.7251 0.5258 0.3755 0.2657 0.1869 0.1312 0.0919 0.0643 0.0451 0.0315 0.0220 0.0154 0.0108 0.0076 0.0053 0.0037 0.0026 0.0018 0.0013 0.0009 0.0006 0.0004 0.0003 0.0002 0.0001 0.0001 0.0001 0.0001 0.0000 1.0000 1.0000 1.0000 1.0000 1.0000 1.0000 1.0000 1.0000 1.0000 1.0000 1.0000 1.0000 0.9645 0.6720 0.4682 0.3268 0.2277 0.1596
0.2282 0.3256 0.4673 0.6695 0.9608 1.0000 1.0000 1.0000 1.0000 1.0000 1.0000 1.0000 1.0000 1.0000 1.0000 1.0000 1.0000 0.0000 0.0001 0.0001 0.0001 0.0001 0.0002 0.0003 0.0004 0.0006 0.0009 0.0013 0.0018 0.0026 0.0037 0.0053 0.0076 0.0108 0.0155 0.0221 0.0316 0.0451 0.0645 0.0923 0.1317 0.1879 0.2677 0.3806 0.5380 0.7547 1.0000 1.0000 1.0000 1.0000 1.0000 1.0000 1.0000 1.0000 1.0000 0.7547 0.5380 0.3806 0.2677 0.1879 0.1317 0.0923 0.0645 0.0451 0.0316 0.0221 0.0155 0.0108 0.0076 0.0053 0.0037 0.0026 0.0018 0.0013 0.0009 0.0006 0.0004 0.0003 0.0002 0.0001 0.0001 0.0001 0.0001 0.0000 1.0000 1.0000 1.0000 1.0000 1.0000 1.0000 1.0000 1.0000 1.0000 1.0000 1.0000 1.0000 0.9608 0.6695 0.4664 0.3256 0.2282
0.3262 0.4656 0.6669 0.9572 1.0000 1.0000 1.0000 1.0000 1.0000 1.0000 1.0000 1.0000 1.0000 1.0000 1.0000 1.0000 0.0000 0.0001 0.0001 0.0001 0.0001 0.0002 0.0003 0.0004 0.0006 0.0009 0.0013 0.0018 0.0026 0.0037 0.0053 0.0076 0.0109 0.0155 0.0222 0.0317 0.0453 0.0648 0.0926 0.1322 0.1890 0.2697 0.3842 0.5462 0.7721 1.0000 1.0000 1.0000 1.0000 1.0000 1.0000 1.0000 1.0000 1.0000 1.0000 1.0000 0.7721 0.5462 0.3842 0.2697 0.1890 0.1322 0.0926 0.0648 0.0453 0.0317 0.0222 0.0155 0.0109 0.0076 0.0053 0.0037 0.0026 0.0018 0.0013 0.0009 0.0006 0.0004 0.0003 0.0002 0.0001 0.0001 0.0001 0.0001 0.0000 1.0000 1.0000 1.0000 1.0000 1.0000 1.0000 1.0000 1.0000 1.0000 1.0000 1.0000 1.0000 0.9572 0.6669 0.4647 0.3262
0.4656 0.6644 0.9536 1.0000 1.0000 1.0000 1.0000 1.0000 1.0000 1.0000 1.0000 1.0000 1.0000 1.0000 1.0000 0.0000 0.0001 0.0001 0.0001 0.0001 0.0002 0.0003 0.0004 0.0006 0.0009 0.0013 0.0018 0.0026 0.0037 0.0053 0.0076 0.0109 0.0156 0.0222 0.0318 0.0455 0.0649 0.0928 0.1327 0.1897 0.2708 0.3864 0.5504 0.7824 1.0000 1.0000 1.0000 1.0000 1.0000 1.0000 1.0000 1.0000 1.0000 1.0000 1.0000 1.0000 1.0000 0.7824 0.5504 0.3864 0.2708 0.1897 0.1327 0.0928 0.0650 0.0455 0.0318 0.0222 0.0156 0.0109 0.0076 0.0053 0.0037 0.0026 0.0018 0.0013 0.0009 0.0006 0.0004 0.0003 0.0002 0.0001 0.0001 0.0001 0.0001 0.0000 1.0000 1.0000 1.0000 1.0000 1.0000 1.0000 1.0000 1.0000 1.0000 1.0000 1.0000 1.0000 0.9536 0.6644 0.4656
0.6657 0.9499 1.0000 1.0000 1.0000 1.0000 1.0000 1.0000 1.0000 1.0000 1.0000 1.0000 1.0000 1.0000 0.0000 0.0001 0.0001 0.0001 0.0001 0.0002 0.0003 0.0004 0.0006 0.0009 0.0013 0.0018 0.0026 0.0037 0.0053 0.0076 0.0109 0.0156 0.0223 0.0319 0.0456 0.0652 0.0932 0.1332 0.1901 0.2718 0.3886 0.5546 0.7899 1.0000 1.0000 1.0000 1.0000 1.0000 1.0000 1.0000 1.0000 1.0000 1.0000 1.0000 1.0000 1.0000 1.0000 1.0000 0.7899 0.5546 0.3886 0.2718 0.1904 0.1332 0.0932 0.0652 0.0456 0.0319 0.0223 0.0156 0.0109 0.0076 0.0053 0.0037 0.0026 0.0018 0.0013 0.0009 0.0006 0.0004 0.0003 0.0002 0.0001 0.0001 0.0001 0.0001 0.0000 1.0000 1.0000 1.0000 1.0000 1.0000 1.0000 1.0000 1.0000 1.0000 1.0000 1.0000 1.0000 0.9499 0.6657
0.9518 1.0000 1.0000 1.0000 1.0000 1.0000 1.0000 1.0000 1.0000 1.0000 1.0000 1.0000 1.0000 0.0000 0.0001 0.0001 0.0001 0.0001 0.0002 0.0003 0.0004 0.0006 0.0009 0.0013 0.0018 0.0026 0.0038 0.0054 0.0077 0.0110 0.0156 0.0224 0.0320 0.0457 0.0654 0.0935 0.1335 0.1908 0.2728 0.3901 0.5567 0.7944 1.0000 1.0000 1.0000 1.0000 1.0000 1.0000 1.0000 1.0000 1.0000 1.0000 1.0000 1.0000 1.0000 1.0000 1.0000 1.0000 1.0000 0.7944 0.5567 0.3901 0.2728 0.1908 0.1335 0.0935 0.0654 0.0457 0.0320 0.0224 0.0156 0.0110 0.0077 0.0054 0.0038 0.0026 0.0018 0.0013 0.0009 0.0006 0.0004 0.0003 0.0002 0.0001 0.0001 0.0001 0.0001 0.0000 1.0000 1.0000 1.0000 1.0000 1.0000 1.0000 1.0000 1.0000 1.0000 1.0000 1.0000 1.0000 0.9518
1.0000 1.0000 1.0000 1.0000 1.0000 1.0000 1.0000 1.0000 1.0000 1.0000 1.0000 1.0000 0.0000 0.0001 0.0001 0.0001 0.0001 0.0002 0.0003 0.0004 0.0006 0.0009 0.0013 0.0018 0.0026 0.0038 0.0054 0.0077 0.0110 0.0157 0.0225 0.0321 0.0459 0.0655 0.0937 0.1340 0.1915 0.2739 0.3908 0.5588 0.7975 1.0000 1.0000 1.0000 1.0000 1.0000 1.0000 1.0000 1.0000 1.0000 1.0000 1.0000 1.0000 1.0000 1.0000 1.0000 1.0000 1.0000 1.0000 1.0000 0.7990 0.5588 0.3916 0.2739 0.1915 0.1340 0.0937 0.0655 0.0459 0.0321 0.0225 0.0157 0.0110 0.0077 0.0054 0.0038 0.0026 0.0018 0.0013 0.0009 0.0006 0.0004 0.0003 0.0002 0.0001 0.0001 0.0001 0.0001 0.0000 1.0000 1.0000 1.0000 1.0000 1.0000 1.0000 1.0000 1.0000 1.0000 1.0000 1.0000 1.0000
1.0000 1.0000 1.0000 1.0000 1.0000 1.0000 1.0000 1.0000 1.0000 1.0000 1.0000 0.0000 0.0001 0.0001 0.0001 0.0001 0.0002 0.0003 0.0004 0.0006 0.0009 0.0013 0.0018 0.0026 0.0038 0.0054 0.0077 0.0110 0.0157 0.0225 0.0322 0.0460 0.0658 0.0940 0.1345 0.1919 0.2744 0.3923 0.5609 0.8020 1.0000 1.0000 1.0000 1.0000 1.0000 1.0000 1.0000 1.0000 1.0000 1.0000 1.0000 1.0000 1.0000 1.0000 1.0000 1.0000 1.0000 1.0000 1.0000 1.0000 1.0000 0.8020 0.5609 0.3923 0.2744 0.1923 0.1345 0.0940 0.0658 0.0460 0.0322 0.0225 0.0157 0.0110 0.0077 0.0054 0.0038 0.0026 0.0018 0.0013 0.0009 0.0006 0.0004 0.0003 0.0002 0.0001 0.0001 0.0001 0.0001 0.0000 1.0000 1.0000 1.0000 1.0000 1.0000 1.0000 1.0000 1.0000 1.0000 1.0000 1.0000
1.0000 1.0000 1.0000 1.0000 1.0000 1.0000 1.0000 1.0000 1.0000 1.0000 0.0000 0.0001 0.0001 0.0001 0.0001 0.0002 0.0003 0.0004 0.0006 0.0009 0.0013 0.0018 0.0026 0.0038 0.0054 0.0077 0.0110 0.0158 0.0225 0.0322 0.0461 0.0659 0.0942 0.1347 0.1926 0.2754 0.3938 0.5631 0.8036 1.0000 1.0000 1.0000 1.0000 1.0000 1.0000 1.0000 1.0000 1.0000 1.0000 1.0000 1.0000 1.0000 1.0000 1.0000 1.0000 1.0000 1.0000 1.0000 1.0000 1.0000 1.0000 1.0000 0.8036 0.5631 0.3938 0.2754 0.1926 0.1347 0.0942 0.0660 0.0462 0.0322 0.0225 0.0158 0.0110 0.0077 0.0054 0.0038 0.0026 0.0018 0.0013 0.0009 0.0006 0.0004 0.0003 0.0002 0.0001 0.0001 0.0001 0.0001 0.0000 1.0000 1.0000 1.0000 1.0000 1.0000 1.0000 1.0000 1.0000 1.0000 1.0000
1.0000 1.0000 1.0000 1.0000 1.0000 1.0000 1.0000 1.0000 1.0000 0.0000 0.0001 0.0001 0.0001 0.0001 0.0002 0.0003 0.0004 0.0006 0.0009 0.0013 0.0018 0.0026 0.0038 0.0054 0.0077 0.0110 0.0158 0.0226 0.0323 0.0462 0.0662 0.0946 0.1352 0.1934 0.2765 0.3946 0.5641 0.8066 1.0000 1.0000 1.0000 1.0000 1.0000 1.0000 1.0000 1.0000 1.0000 1.0000 1.0000 1.0000 1.0000 1.0000 1.0000 1.0000 1.0000 1.0000 1.0000 1.0000 1.0000 1.0000 1.0000 1.0000 1.0000 0.8066 0.5641 0.3953 0.2765 0.1934 0.1352 0.0946 0.0662 0.0463 0.0323 0.0226 0.0158 0.0110 0.0077 0.0054 0.0038 0.0026 0.0018 0.0013 0.0009 0.0006 0.0004 0.0003 0.0002 0.0001 0.0001 0.0001 0.0001 0.0000 1.0000 1.0000 1.0000 1.0000 1.0000 1.0000 1.0000 1.0000 1.0000
1.0000 1.0000 1.0000 1.0000 1.0000 1.0000 1.0000 1.0000 0.0000 0.0000 0.0001 0.0001 0.0001 0.0002 0.0003 0.0004 0.0006 0.0009 0.0013 0.0018 0.0026 0.0038 0.0054 0.0077 0.0110 0.0158 0.0226 0.0324 0.0463 0.0662 0.0948 0.1355 0.1937 0.2770 0.3961 0.5663 0.8097 1.0000 1.0000 1.0000 1.0000 1.0000 1.0000 1.0000 1.0000 1.0000 1.0000 1.0000 1.0000 1.0000 1.0000 1.0000 1.0000 1.0000 1.0000 1.0000 1.0000 1.0000 1.0000 1.0000 1.0000 1.0000 1.0000 1.0000 0.8097 0.5663 0.3961 0.2770 0.1937 0.1355 0.0948 0.0662 0.0463 0.0324 0.0226 0.0158 0.0110 0.0077 0.0054 0.0038 0.0026 0.0018 0.0013 0.0009 0.0006 0.0004 0.0003 0.0002 0.0001 0.0001 0.0001 0.0000 0.0000 1.0000 1.0000 1.0000 1.0000 1.0000 1.0000 1.0000 1.0000
1.0000 1.0000 1.0000 1.0000 1.0000 1.0000 1.0000 0.0000 0.0000 0.0001 0.0001 0.0001 0.0002 0.0003 0.0004 0.0006 0.0009 0.0013 0.0018 0.0026 0.0038 0.0054 0.0077 0.0110 0.0158 0.0226 0.0324 0.0463 0.0663 0.0948 0.1358 0.1941 0.2775 0.3968 0.5674 0.8112 1.0000 1.0000 1.0000 1.0000 1.0000 1.0000 1.0000 1.0000 1.0000 1.0000 1.0000 1.0000 1.0000 0.0000 0.0000 0.0000 1.0000 1.0000 1.0000 1.0000 1.0000 1.0000 1.0000 1.0000 1.0000 1.0000 1.0000 1.0000 1.0000 0.8112 0.5674 0.3968 0.2775 0.1941 0.1358 0.0948 0.0663 0.0463 0.0324 0.0226 0.0158 0.0110 0.0077 0.0054 0.0038 0.0026 0.0018 0.0013 0.0009 0.0006 0.0004 0.0003 0.0002 0.0001 0.0001 0.0001 0.0000 0.0000 1.0000 1.0000 1.0000 1.0000 1.0000 1.0000 1.0000
1.0000 1.0000 1.0000 1.0000 1.0000 1.0000 0.0000 0.0000 0.0001 0.0001 0.0001 0.0002 0.0003 0.0004 0.0006 0.0009 0.0013 0.0018 0.0026 0.0037 0.0054 0.0077 0.0110 0.0158 0.0226 0.0324 0.0463 0.0663 0.0949 0.1358 0.1945 0.2781 0.3976 0.5695 0.8143 1.0000 1.0000 1.0000 1.0000 1.0000 1.0000 1.0000 1.0000 1.0000 1.0000 1.0000 1.0000 1.0000 0.0000 0.0000 0.0000 0.0000 0.0000 1.0000 1.0000 1.0000 1.0000 1.0000 1.0000 1.0000 1.0000 1.0000 1.0000 1.0000 1.0000 1.0000 0.8143 0.5695 0.3976 0.2781 0.1945 0.1358 0.0949 0.0663 0.0463 0.0324 0.0226 0.0158 0.0110 0.0077 0.0054 0.0037 0.0026 0.0018 0.0013 0.0009 0.0006 0.0004 0.0003 0.0002 0.0001 0.0001 0.0001 0.0000 0.0000 1.0000 1.0000 1.0000 1.0000 1.0000 1.0000
1.0000 1.0000 1.0000 1.0000 1.0000 0.0000 0.0000 0.0001 0.0001 0.0001 0.0002 0.0003 0.0004 0.0006 0.0009 0.0013 0.0018 0.0026 0.0037 0.0053 0.0077 0.0110 0.0157 0.0225 0.0323 0.0463 0.0663 0.0949 0.1358 0.1945 0.2781 0.3983 0.5695 0.8159 1.0000 1.0000 1.0000 1.0000 1.0000 1.0000 1.0000 1.0000 1.0000 1.0000 1.0000 1.0000 0.0000 0.0000 0.0000 0.0001 0.0001 0.0001 0.0000 0.0000 0.0000 1.0000 1.0000 1.0000 1.0000 1.0000 1.0000 1.0000 1.0000 1.0000 1.0000 1.0000 1.0000 0.8159 0.5695 0.3983 0.2781 0.1945 0.1358 0.0949 0.0663 0.0463 0.0323 0.0225 0.0157 0.0110 0.0077 0.0053 0.0037 0.0026 0.0018 0.0013 0.0009 0.0006 0.0004 0.0003 0.0002 0.0001 0.0001 0.0001 0.0000 0.0000 1.0000 1.0000 1.0000 1.0000 1.0000
1.0000 1.0000 1.0000 1.0000 0.0000 0.0000 0.0001 0.0001 0.0001 0.0002 0.0003 0.0004 0.0006 0.0009 0.0013 0.0018 0.0026 0.0037 0.0053 0.0076 0.0110 0.0157 0.0225 0.0322 0.0462 0.0662 0.0948 0.1358 0.1945 0.2786 0.3983 0.5706 0.8159 1.0000 1.0000 1.0000 1.0000 1.0000 1.0000 1.0000 1.0000 1.0000 1.0000 1.0000 1.0000 0.0000 0.0000 0.0001 0.0001 0.0001 0.0001 0.0001 0.0001 0.0001 0.0000 0.0000 1.0000 1.0000 1.0000 1.0000 1.0000 1.0000 1.0000 1.0000 1.0000 1.0000 1.0000 1.0000 0.8159 0.5706 0.3983 0.2786 0.1945 0.1358 0.0948 0.0662 0.0463 0.0322 0.0225 0.0157 0.0110 0.0076 0.0053 0.0037 0.0026 0.0018 0.0013 0.0009 0.0006 0.0004 0.0003 0.0002 0.0001 0.0001 0.0001 0.0000 0.0000 1.0000 1.0000 1.0000 1.0000
1.0000 1.0000 1.0000 0.0000 0.0000 0.0001 0.0001 0.0001 0.0002 0.0003 0.0004 0.0006 0.0009 0.0013 0.0018 0.0026 0.0037 0.0053 0.0076 0.0109 0.0156 0.0225 0.0322 0.0461 0.0662 0.0948 0.1358 0.1945 0.2781 0.3983 0.5706 0.8159 1.0000 1.0000 1.0000 1.0000 1.0000 1.0000 1.0000 1.0000 1.0000 1.0000 1.0000 1.0000 0.0000 0.0000 0.0001 0.0001 0.0001 0.0001 0.0001 0.0001 0.0001 0.0001 0.0001 0.0000 0.0000 1.0000 1.0000 1.0000 1.0000 1.0000 1.0000 1.0000 1.0000 1.0000 1.0000 1.0000 1.0000 0.8174 0.5706 0.3983 0.2781 0.1945 0.1358 0.0948 0.0662 0.0462 0.0322 0.0225 0.0156 0.0109 0.0076 0.0053 0.0037 0.0026 0.0018 0.0013 0.0009 0.0006 0.0004 0.0003 0.0002 0.0001 0.0001 0.0001 0.0000 0.0000 1.0000 1.0000 1.0000
1.0000 1.0000 0.0000 0.0000 0.0001 0.0001 0.0001 0.0002 0.0003 0.0004 0.0006 0.0009 0.0013 0.0018 0.0026 0.0037 0.0053 0.0076 0.0109 0.0156 0.0224 0.0321 0.0460 0.0659 0.0946 0.1355 0.1941 0.2781 0.3983 0.5706 0.8159 1.0000 1.0000 1.0000 1.0000 1.0000 1.0000 1.0000 1.0000 1.0000 1.0000 1.0000 1.0000 0.0000 0.0000 0.0001 0.0001 0.0001 0.0001 0.0002 0.0002 0.0002 0.0001 0.0001 0.0001 0.0001 0.0000 0.0000 1.0000 1.0000 1.0000 1.0000 1.0000 1.0000 1.0000 1.0000 1.0000 1.0000 1.0000 1.0000 0.8174 0.5706 0.3983 0.2781 0.1941 0.1355 0.0946 0.0660 0.0460 0.0321 0.0224 0.0156 0.0109 0.0076 0.0053 0.0037 0.0026 0.0018 0.0013 0.0009 0.0006 0.0004 0.0003 0.0002 0.0001 0.0001 0.0001 0.0000 0.0000 1.0000 1.0000
1.0000 0.0000 0.0000 0.0001 0.0001 0.0001 0.0002 0.0003 0.0004 0.0006 0.0009 0.0012 0.0018 0.0026 0.0037 0.0053 0.0076 0.0109 0.0156 0.0223 0.0320 0.0459 0.0658 0.0942 0.1352 0.1937 0.2775 0.3976 0.5695 0.8159 1.0000 1.0000 1.0000 1.0000 1.0000 1.0000 1.0000 1.0000 1.0000 1.0000 1.0000 1.0000 0.0000 0.0000 0.0001 0.0001 0.0001 0.0002 0.0002 0.0002 0.0002 0.0002 0.0002 0.0002 0.0001 0.0001 0.0001 0.0000 0.0000 1.0000 1.0000 1.0000 1.0000 1.0000 1.0000 1.0000 1.0000 1.0000 1.0000 1.0000 1.0000 0.8159 0.5695 0.3976 0.2775 0.1937 0.1352 0.0942 0.0658 0.0459 0.0320 0.0223 0.0156 0.0109 0.0076 0.0053 0.0037 0.0026 0.0018 0.0012 0.0009 0.0006 0.0004 0.0003 0.0002 0.0001 0.0001 0.0001 0.0000 0.0000 1.0000
0.0000 0.0000 0.0001 0.0001 0.0001 0.0002 0.0003 0.0004 0.0006 0.0009 0.0012 0.0018 0.0026 0.0037 0.0053 0.0076 0.0108 0.0155 0.0222 0.0319 0.0457 0.0655 0.0940 0.1347 0.1934 0.2770 0.3968 0.5695 0.8159 1.0000 1.0000 1.0000 1.0000 1.0000 1.0000 1.0000 1.0000 1.0000 1.0000 1.0000 1.0000 0.0000 0.0000 0.0001 0.0001 0.0001 0.0002 0.0002 0.0003 0.0003 0.0004 0.0003 0.0003 0.0002 0.0002 0.0001 0.0001 0.0001 0.0000 0.0000 1.0000 1.0000 1.0000 1.0000 1.0000 1.0000 1.0000 1.0000 1.0000 1.0000 1.0000 1.0000 0.8159 0.5695 0.3968 0.2770 0.1934 0.1347 0.0940 0.0655 0.0457 0.0319 0.0222 0.0155 0.0108 0.0076 0.0053 0.0037 0.0026 0.0018 0.0012 0.0009 0.0006 0.0004 0.0003 0.0002 0.0001 0.0001 0.0001 0.0000 0.0000
0.0000 0.0001 0.0001 0.0001 0.0002 0.0003 0.0004 0.0006 0.0009 0.0012 0.0018 0.0025 0.0037 0.0052 0.0075 0.0108 0.0155 0.0222 0.0318 0.0456 0.0654 0.0937 0.1345 0.1926 0.2765 0.3961 0.5674 0.8143 1.0000 1.0000 1.0000 1.0000 1.0000 1.0000 1.0000 1.0000 1.0000 1.0000 1.0000 1.0000 0.0000 0.0000 0.0001 0.0001 0.0001 0.0002 0.0002 0.0003 0.0004 0.0005 0.0005 0.0005 0.0004 0.0003 0.0002 0.0002 0.0001 0.0001 0.0001 0.0000 0.0000 1.0000 1.0000 1.0000 1.0000 1.0000 1.0000 1.0000 1.0000 1.0000 1.0000 1.0000 1.0000 0.8143 0.5674 0.3961 0.2765 0.1926 0.1345 0.0937 0.0654 0.0456 0.0318 0.0222 0.0155 0.0108 0.0075 0.0053 0.0037 0.0026 0.0018 0.0012 0.0009 0.0006 0.0004 0.0003 0.0002 0.0001 0.0001 0.0001 0.0000
0.0001 0.0001 0.0001 0.0002 0.0003 0.0004 0.0006 0.0009 0.0012 0.0018 0.0025 0.0036 0.0052 0.0075 0.0108 0.0154 0.0221 0.0317 0.0455 0.0652 0.0935 0.1340 0.1919 0.2754 0.3946 0.5663 0.8112 1.0000 1.0000 1.0000 1.0000 1.0000 1.0000 1.0000 1.0000 1.0000 1.0000 1.0000 1.0000 0.0000 0.0000 0.0001 0.0001 0.0001 0.0002 0.0002 0.0003 0.0005 0.0006 0.0007 0.0007 0.0007 0.0006 0.0005 0.0003 0.0002 0.0002 0.0001 0.0001 0.0001 0.0000 0.0000 1.0000 1.0000 1.0000 1.0000 1.0000 1.0000 1.0000 1.0000 1.0000 1.0000 1.0000 1.0000 0.8112 0.5663 0.3953 0.2754 0.1923 0.1340 0.0935 0.0652 0.0455 0.0317 0.0221 0.0154 0.0108 0.0075 0.0052 0.0036 0.0025 0.0018 0.0012 0.0009 0.0006 0.0004 0.0003 0.0002 0.0001 0.0001 0.0001
0.0001 0.0001 0.0002 0.0003 0.0004 0.0006 0.0009 0.0012 0.0018 0.0025 0.0036 0.0052 0.0075 0.0107 0.0154 0.0220 0.0316 0.0453 0.0649 0.0932 0.1335 0.1915 0.2744 0.3938 0.5641 0.8097 1.0000 1.0000 1.0000 1.0000 1.0000 1.0000 1.0000 1.0000 1.0000 1.0000 1.0000 1.0000 0.0000 0.0000 0.0001 0.0001 0.0001 0.0002 0.0002 0.0004 0.0005 0.0006 0.0008 0.0010 0.0010 0.0010 0.0008 0.0006 0.0005 0.0004 0.0002 0.0002 0.0001 0.0001 0.0001 0.0000 0.0000 1.0000 1.0000 1.0000 1.0000 1.0000 1.0000 1.0000 1.0000 1.0000 1.0000 1.0000 1.0000 0.8097 0.5641 0.3938 0.2744 0.1915 0.1335 0.0932 0.0650 0.0453 0.0316 0.0220 0.0154 0.0107 0.0075 0.0052 0.0036 0.0025 0.0018 0.0012 0.0009 0.0006 0.0004 0.0003 0.0002 0.0001 0.0001
0.0001 0.0002 0.0003 0.0004 0.0006 0.0009 0.0012 0.0018 0.0025 0.0036 0.0052 0.0075 0.0107 0.0153 0.0220 0.0315 0.0451 0.0648 0.0928 0.1332 0.1908 0.2739 0.3923 0.5631 0.8066 1.0000 1.0000 1.0000 1.0000 1.0000 1.0000 1.0000 1.0000 1.0000 1.0000 1.0000 1.0000 0.0000 0.0000 0.0001 0.0001 0.0001 0.0002 0.0003 0.0004 0.0005 0.0007 0.0009 0.0012 0.0014 0.0015 0.0014 0.0012 0.0009 0.0007 0.0005 0.0004 0.0003 0.0002 0.0001 0.0001 0.0001 0.0000 0.0000 1.0000 1.0000 1.0000 1.0000 1.0000 1.0000 1.0000 1.0000 1.0000 1.0000 1.0000 1.0000 0.8066 0.5631 0.3923 0.2739 0.1908 0.1332 0.0928 0.0648 0.0451 0.0315 0.0220 0.0153 0.0107 0.0075 0.0052 0.0036 0.0025 0.0018 0.0012 0.0009 0.0006 0.0004 0.0003 0.0002 0.0001
0.0002 0.0003 0.0004 0.0006 0.0009 0.0012 0.0018 0.0025 0.0036 0.0052 0.0074 0.0107 0.0153 0.0219 0.0314 0.0451 0.0645 0.0926 0.1327 0.1904 0.2728 0.3908 0.5609 0.8036 1.0000 1.0000 1.0000 1.0000 1.0000 1.0000 1.0000 1.0000 1.0000 1.0000 1.0000 1.0000 0.0000 0.0000 0.0001 0.0001 0.0001 0.0002 0.0003 0.0004 0.0005 0.0007 0.0010 0.0013 0.0017 0.0020 0.0021 0.0020 0.0017 0.0013 0.0010 0.0007 0.0005 0.0004 0.0003 0.0002 0.0001 0.0001 0.0001 0.0000 0.0000 1.0000 1.0000 1.0000 1.0000 1.0000 1.0000 1.0000 1.0000 1.0000 1.0000 1.0000 1.0000 0.8036 0.5609 0.3916 0.2728 0.1904 0.1327 0.0926 0.0645 0.0451 0.0314 0.0219 0.0153 0.0107 0.0074 0.0052 0.0036 0.0025 0.0018 0.0012 0.0009 0.0006 0.0004 0.0003 0.0002
0.0003 0.0004 0.0006 0.0008 0.0012 0.0017 0.0025 0.0036 0.0052 0.0074 0.0106 0.0152 0.0218 0.0313 0.0449 0.0643 0.0923 0.1322 0.1897 0.2718 0.3901 0.5588 0.8020 1.0000 1.0000 1.0000 1.0000 1.0000 1.0000 1.0000 1.0000 1.0000 1.0000 1.0000 1.0000 0.0000 0.0000 0.0001 0.0001 0.0001 0.0002 0.0003 0.0004 0.0005 0.0007 0.0010 0.0014 0.0019 0.0024 0.0029 0.0031 0.0029 0.0024 0.0019 0.0014 0.0010 0.0007 0.0005 0.0004 0.0003 0.0002 0.0001 0.0001 0.0001 0.0000 0.0000 1.0000 1.0000 1.0000 1.0000 1.0000 1.0000 1.0000 1.0000 1.0000 1.0000 1.0000 1.0000 0.8020 0.5588 0.3901 0.2718 0.1897 0.1322 0.0923 0.0643 0.0449 0.0313 0.0218 0.0152 0.0106 0.0074 0.0052 0.0036 0.0025 0.0017 0.0012 0.0008 0.0006 0.0004 0.0003
0.0004 0.0006 0.0008 0.0012 0.0017 0.0025 0.0036 0.0051 0.0074 0.0106 0.0152 0.0217 0.0312 0.0447 0.0640 0.0919 0.1317 0.1890 0.2708 0.3886 0.5567 0.7990 1.0000 1.0000 1.0000 1.0000 1.0000 1.0000 1.0000 1.0000 1.0000 1.0000 1.0000 1.0000 0.0000 0.0000 0.0001 0.0001 0.0001 0.0002 0.0003 0.0004 0.0005 0.0007 0.0010 0.0015 0.0020 0.0027 0.0035 0.0041 0.0044 0.0041 0.0035 0.0027 0.0020 0.0015 0.0010 0.0007 0.0005 0.0004 0.0003 0.0002 0.0001 0.0001 0.0001 0.0000 0.0000 1.0000 1.0000 1.0000 1.0000 1.0000 1.0000 1.0000 1.0000 1.0000 1.0000 1.0000 1.0000 0.7990 0.5567 0.3886 0.2708 0.1890 0.1317 0.0919 0.0640 0.0447 0.0312 0.0217 0.0152 0.0106 0.0074 0.0051 0.0036 0.0025 0.0017 0.0012 0.0008 0.0006 0.0004
0.0006 0.0008 0.0012 0.0017 0.0025 0.0036 0.0051 0.0073 0.0105 0.0151 0.0216 0.0310 0.0445 0.0638 0.0914 0.1312 0.1879 0.2697 0.3864 0.5546 0.7944 1.0000 1.0000 1.0000 1.0000 1.0000 1.0000 1.0000 1.0000 1.0000 1.0000 1.0000 1.0000 0.0000 0.0000 0.0001 0.0001 0.0001 0.0002 0.0003 0.0004 0.0005 0.0007 0.0011 0.0015 0.0021 0.0029 0.0039 0.0050 0.0059 0.0063 0.0059 0.0050 0.0039 0.0029 0.0021 0.0015 0.0011 0.0007 0.0005 0.0004 0.0003 0.0002 0.0001 0.0001 0.0001 0.0000 0.0000 1.0000 1.0000 1.0000 1.0000 1.0000 1.0000 1.0000 1.0000 1.0000 1.0000 1.0000 1.0000 0.7944 0.5546 0.3864 0.2697 0.1879 0.1312 0.0914 0.0638 0.0445 0.0310 0.0216 0.0151 0.0105 0.0073 0.0051 0.0036 0.0025 0.0017 0.0012 0.0008 0.0006
0.0008 0.0012 0.0017 0.0025 0.0035 0.0051 0.0073 0.0104 0.0150 0.0215 0.0308 0.0442 0.0633 0.0909 0.1304 0.1869 0.2682 0.3842 0.5514 0.7899 1.0000 1.0000 1.0000 1.0000 1.0000 1.0000 1.0000 1.0000 1.0000 1.0000 1.0000 1.0000 0.0000 0.0000 0.0001 0.0001 0.0001 0.0002 0.0003 0.0004 0.0005 0.0007 0.0011 0.0015 0.0021 0.0030 0.0042 0.0056 0.0071 0.0084 0.0089 0.0084 0.0071 0.0056 0.0042 0.0030 0.0021 0.0015 0.0011 0.0007 0.0005 0.0004 0.0003 0.0002 0.0001 0.0001 0.0001 0.0000 0.0000 1.0000 1.0000 1.0000 1.0000 1.0000 1.0000 1.0000 1.0000 1.0000 1.0000 1.0000 1.0000 0.7899 0.5504 0.3842 0.2677 0.1869 0.1302 0.0909 0.0633 0.0441 0.0308 0.0215 0.0150 0.0104 0.0073 0.0051 0.0035 0.0025 0.0017 0.0012 0.0008
0.0012 0.0017 0.0024 0.0035 0.0050 0.0072 0.0103 0.0148 0.0213 0.0305 0.0438 0.0627 0.0900 0.1292 0.1851 0.2657 0.3806 0.5462 0.7839 1.0000 1.0000 1.0000 1.0000 1.0000 1.0000 1.0000 1.0000 1.0000 1.0000 1.0000 1.0000 0.0000 0.0000 0.0001 0.0001 0.0001 0.0002 0.0003 0.0004 0.0005 0.0007 0.0011 0.0015 0.0022 0.0031 0.0043 0.0059 0.0079 0.0101 0.0120 0.0127 0.0120 0.0101 0.0079 0.0059 0.0043 0.0030 0.0022 0.0015 0.0011 0.0007 0.0005 0.0004 0.0003 0.0002 0.0001 0.0001 0.0001 0.0000 0.0000 1.0000 1.0000 1.0000 1.0000 1.0000 1.0000 1.0000 1.0000 1.0000 1.0000 1.0000 1.0000 0.7824 0.5462 0.3806 0.2657 0.1851 0.1290 0.0900 0.0627 0.0437 0.0304 0.0213 0.0148 0.0103 0.0072 0.0050 0.0035 0.0024 0.0017 0.0012
0.0017 0.0024 0.0034 0.0049 0.0071 0.0102 0.0146 0.0209 0.0300 0.0431 0.0619 0.0888 0.1273 0.1826 0.2621 0.3755 0.5390 0.7721 1.0000 1.0000 1.0000 1.0000 1.0000 1.0000 1.0000 1.0000 1.0000 1.0000 1.0000 1.0000 0.0000 0.0000 0.0001 0.0001 0.0001 0.0002 0.0003 0.0004 0.0005 0.0007 0.0011 0.0015 0.0021 0.0031 0.0043 0.0061 0.0084 0.0113 0.0144 0.0170 0.0181 0.0170 0.0144 0.0113 0.0084 0.0061 0.0043 0.0030 0.0021 0.0015 0.0010 0.0007 0.0005 0.0004 0.0002 0.0002 0.0001 0.0001 0.0001 0.0000 0.0000 1.0000 1.0000 1.0000 1.0000 1.0000 1.0000 1.0000 1.0000 1.0000 1.0000 1.0000 1.0000 0.7721 0.5380 0.3755 0.2616 0.1823 0.1273 0.0887 0.0618 0.0430 0.0300 0.0209 0.0146 0.0102 0.0071 0.0049 0.0034 0.0024 0.0017
0.0024 0.0034 0.0048 0.0069 0.0099 0.0143 0.0205 0.0294 0.0422 0.0604 0.0867 0.1244 0.1785 0.2557 0.3671 0.5268 0.7561 1.0000 1.0000 1.0000 1.0000 1.0000 1.0000 1.0000 1.0000 1.0000 1.0000 1.0000 1.0000 0.0000 0.0000 0.0001 0.0001 0.0001 0.0002 0.0002 0.0004 0.0005 0.0007 0.0010 0.0015 0.0021 0.0030 0.0043 0.0061 0.0085 0.0118 0.0158 0.0202 0.0239 0.0254 0.0239 0.0202 0.0158 0.0118 0.0085 0.0061 0.0043 0.0030 0.0021 0.0015 0.0010 0.0007 0.0005 0.0004 0.0002 0.0002 0.0001 0.0001 0.0001 0.0000 0.0000 1.0000 1.0000 1.0000 1.0000 1.0000 1.0000 1.0000 1.0000 1.0000 1.0000 1.0000 1.0000 0.7547 0.5258 0.3664 0.2557 0.1782 0.1241 0.0865 0.0603 0.0421 0.0293 0.0204 0.0142 0.0099 0.0069 0.0048 0.0034 0.0023
0.0032 0.0046 0.0066 0.0095 0.0137 0.0196 0.0282 0.0404 0.0580 0.0833 0.1195 0.1715 0.2462 0.3534 0.5062 0.7265 1.0000 1.0000 1.0000 1.0000 1.0000 1.0000 1.0000 1.0000 1.0000 1.0000 1.0000 1.0000 0.0000 0.0000 0.0001 0.0001 0.0001 0.0002 0.0002 0.0003 0.0005 0.0007 0.0010 0.0014 0.0020 0.0029 0.0042 0.0059 0.0084 0.0118 0.0163 0.0219 0.0279 0.0330 0.0350 0.0330 0.0279 0.0218 0.0163 0.0118 0.0084 0.0059 0.0042 0.0029 0.0020 0.0014 0.0010 0.0007 0.0005 0.0003 0.0002 0.0002 0.0001 0.0001 0.0001 0.0000 0.0000 1.0000 1.0000 1.0000 1.0000 1.0000 1.0000 1.0000 1.0000 1.0000 1.0000 1.0000 1.0000 0.7251 0.5052 0.3520 0.2453 0.1712 0.1193 0.0831 0.0579 0.0403 0.0281 0.0196 0.0136 0.0095 0.0066 0.0046 0.0032
0.0043 0.0062 0.0089 0.0128 0.0183 0.0263 0.0377 0.0542 0.0778 0.1116 0.1602 0.2299 0.3300 0.4727 0.6784 0.9737 1.0000 1.0000 1.0000 1.0000 1.0000 1.0000 1.0000 1.0000 1.0000 1.0000 1.0000 1.0000 0.0000 0.0001 0.0001 0.0001 0.0002 0.0002 0.0003 0.0005 0.0006 0.0009 0.0013 0.0019 0.0027 0.0039 0.0056 0.0080 0.0113 0.0158 0.0219 0.0294 0.0375 0.0443 0.0470 0.0442 0.0374 0.0293 0.0218 0.0158 0.0112 0.0079 0.0056 0.0039 0.0027 0.0019 0.0013 0.0009 0.0006 0.0005 0.0003 0.0002 0.0002 0.0001 0.0001 0.0001 0.0000 1.0000 1.0000 1.0000 1.0000 1.0000 1.0000 1.0000 1.0000 1.0000 1.0000 1.0000 1.0000 0.9700 0.6771 0.4718 0.3287 0.2290 0.1596 0.1112 0.0775 0.0540 0.0376 0.0262 0.0183 0.0127 0.0089 0.0062 0.0043
0.0055 0.0079 0.0113 0.0163 0.0233 0.0335 0.0482 0.0691 0.0992 0.1424 0.2043 0.2933 0.4209 0.6041 0.8671 1.0000 1.0000 1.0000 1.0000 1.0000 1.0000 1.0000 1.0000 1.0000 1.0000 1.0000 1.0000 0.0000 0.0000 0.0001 0.0001 0.0001 0.0002 0.0003 0.0004 0.0006 0.0008 0.0012 0.0017 0.0024 0.0035 0.0050 0.0071 0.0102 0.0144 0.0203 0.0280 0.0375 0.0479 0.0565 0.0600 0.0565 0.0478 0.0374 0.0279 0.0202 0.0144 0.0101 0.0071 0.0050 0.0035 0.0024 0.0017 0.0012 0.0008 0.0006 0.0004 0.0003 0.0002 0.0001 0.0001 0.0001 0.0000 0.0000 1.0000 1.0000 1.0000 1.0000 1.0000 1.0000 1.0000 1.0000 1.0000 1.0000 1.0000 1.0000 0.8621 0.6018 0.4193 0.2922 0.2036 0.1418 0.0988 0.0688 0.0479 0.0334 0.0232 0.0162 0.0113 0.0078 0.0055
0.0065 0.0093 0.0133 0.0192 0.0275 0.0396 0.0568 0.0815 0.1170 0.1683 0.2416 0.3467 0.4976 0.7128 1.0000 1.0000 1.0000 1.0000 1.0000 1.0000 1.0000 1.0000 1.0000 1.0000 1.0000 1.0000 0.0000 0.0000 0.0001 0.0001 0.0001 0.0002 0.0002 0.0003 0.0005 0.0007 0.0010 0.0014 0.0020 0.0029 0.0041 0.0059 0.0085 0.0120 0.0171 0.0240 0.0331 0.0444 0.0566 0.0668 0.0708 0.0667 0.0565 0.0442 0.0330 0.0239 0.0170 0.0120 0.0084 0.0059 0.0041 0.0029 0.0020 0.0014 0.0010 0.0007 0.0005 0.0003 0.0002 0.0002 0.0001 0.0001 0.0001 0.0000 0.0000 1.0000 1.0000 1.0000 1.0000 1.0000 1.0000 1.0000 1.0000 1.0000 1.0000 1.0000 1.0000 0.7101 0.4948 0.3447 0.2402 0.1673 0.1166 0.0812 0.0565 0.0394 0.0274 0.0191 0.0133 0.0092 0.0065
0.0069 0.0099 0.0142 0.0203 0.0293 0.0420 0.0604 0.0867 0.1244 0.1785 0.2562 0.3678 0.5278 0.7576 1.0000 1.0000 1.0000 1.0000 1.0000 1.0000 1.0000 1.0000 1.0000 1.0000 1.0000 1.0000 0.0000 0.0000 0.0001 0.0001 0.0001 0.0002 0.0002 0.0004 0.0005 0.0007 0.0010 0.0015 0.0021 0.0031 0.0044 0.0063 0.0090 0.0128 0.0182 0.0255 0.0352 0.0472 0.0602 0.0710 0.0753 0.0708 0.0599 0.0470 0.0350 0.0254 0.0181 0.0127 0.0089 0.0063 0.0044 0.0031 0.0021 0.0015 0.0010 0.0007 0.0005 0.0004 0.0002 0.0002 0.0001 0.0001 0.0001 0.0000 0.0000 1.0000 1.0000 1.0000 1.0000 1.0000 1.0000 1.0000 1.0000 1.0000 1.0000 1.0000 1.0000 0.7532 0.5248 0.3657 0.2548 0.1775 0.1237 0.0862 0.0600 0.0418 0.0291 0.0202 0.0141 0.0098 0.0069
0.0065 0.0093 0.0133 0.0192 0.0275 0.0396 0.0568 0.0815 0.1170 0.1680 0.2416 0.3460 0.4967 0.7128 1.0000 1.0000 1.0000 1.0000 1.0000 1.0000 1.0000 1.0000 1.0000 1.0000 1.0000 1.0000 0.0000 0.0000 0.0001 0.0001 0.0001 0.0002 0.0002 0.0003 0.0005 0.0007 0.0010 0.0014 0.0020 0.0029 0.0041 0.0059 0.0085 0.0120 0.0171 0.0240 0.0331 0.0444 0.0566 0.0668 0.0708 0.0667 0.0565 0.0442 0.0330 0.0239 0.0170 0.0120 0.0084 0.0059 0.0041 0.0029 0.0020 0.0014 0.0010 0.0007 0.0005 0.0003 0.0002 0.0002 0.0001 0.0001 0.0001 0.0000 0.0000 1.0000 1.0000 1.0000 1.0000 1.0000 1.0000 1.0000 1.0000 1.0000 1.0000 1.0000 1.0000 0.7101 0.4948 0.3447 0.2402 0.1673 0.1166 0.0812 0.0565 0.0394 0.0274 0.0191 0.0133 0.0092 0.0065
0.0055 0.0079 0.0113 0.0163 0.0233 0.0335 0.0482 0.0691 0.0992 0.1424 0.2043 0.2933 0.4209 0.6041 0.8671 1.0000 1.0000 1.0000 1.0000 1.0000 1.0000 1.0000 1.0000 1.0000 1.0000 1.0000 1.0000 0.0000 0.0000 0.0001 0.0001 0.0001 0.0002 0.0003 0.0004 0.0006 0.0008 0.0012 0.0017 0.0024 0.0035 0.0050 0.0071 0.0102 0.0144 0.0202 0.0280 0.0375 0.0479 0.0565 0.0600 0.0565 0.0478 0.0374 0.0279 0.0202 0.0144 0.0101 0.0071 0.0050 0.0035 0.0024 0.0017 0.0012 0.0008 0.0006 0.0004 0.0003 0.0002 0.0001 0.0001 0.0001 0.0000 0.0000 1.0000 1.0000 1.0000 1.0000 1.0000 1.0000 1.0000 1.0000 1.0000 1.0000 1.0000 1.0000 0.8621 0.6018 0.4193 0.2922 0.2036 0.1418 0.0988 0.0688 0.0479 0.0334 0.0232 0.0162 0.0113 0.0078 0.0055
0.0043 0.0062 0.0089 0.0127 0.0183 0.0263 0.0377 0.0542 0.0778 0.1116 0.1602 0.2299 0.3300 0.4727 0.6784 0.9737 1.0000 1.0000 1.0000 1.0000 1.0000 1.0000 1.0000 1.0000 1.0000 1.0000 1.0000 1.0000 0.0000 0.0001 0.0001 0.0001 0.0002 0.0002 0.0003 0.0005 0.0006 0.0009 0.0013 0.0019 0.0027 0.0039 0.0056 0.0080 0.0113 0.0158 0.0219 0.0293 0.0375 0.0443 0.0470 0.0442 0.0374 0.0293 0.0218 0.0158 0.0112 0.0079 0.0056 0.0039 0.0027 0.0019 0.0013 0.0009 0.0006 0.0005 0.0003 0.0002 0.0002 0.0001 0.0001 0.0001 0.0000 1.0000 1.0000 1.0000 1.0000 1.0000 1.0000 1.0000 1.0000 1.0000 1.0000 1.0000 1.0000 0.9700 0.6771 0.4718 0.3287 0.2290 0.1596 0.1112 0.0775 0.0540 0.0376 0.0262 0.0183 0.0127 0.0089 0.0062 0.0043
0.0032 0.0046 0.0066 0.0095 0.0137 0.0196 0.0282 0.0404 0.0580 0.0833 0.1195 0.1715 0.2462 0.3527 0.5062 0.7265 1.0000 1.0000 1.0000 1.0000 1.0000 1.0000 1.0000 1.0000 1.0000 1.0000 1.0000 1.0000 0.0000 0.0000 0.0001 0.0001 0.0001 0.0002 0.0002 0.0003 0.0005 0.0007 0.0010 0.0014 0.0020 0.0029 0.0042 0.0059 0.0084 0.0118 0.0163 0.0219 0.0279 0.0330 0.0350 0.0330 0.0279 0.0218 0.0163 0.0118 0.0084 0.0059 0.0042 0.0029 0.0020 0.0014 0.0010 0.0007 0.0005 0.0003 0.0002 0.0002 0.0001 0.0001 0.0001 0.0000 0.0000 1.0000 1.0000 1.0000 1.0000 1.0000 1.0000 1.0000 1.0000 1.0000 1.0000 1.0000 1.0000 0.7251 0.5052 0.3520 0.2453 0.1712 0.1193 0.0831 0.0579 0.0403 0.0281 0.0196 0.0136 0.0095 0.0066 0.0046 0.0032
0.0024 0.0034 0.0048 0.0069 0.0099 0.0143 0.0205 0.0294 0.0422 0.0604 0.0867 0.1244 0.1785 0.2557 0.3671 0.5268 0.7547 1.0000 1.0000 1.0000 1.0000 1.0000 1.0000 1.0000 1.0000 1.0000 1.0000 1.0000 1.0000 0.0000 0.0000 0.0001 0.0001 0.0001 0.0002 0.0002 0.0004 0.0005 0.0007 0.0010 0.0015 0.0021 0.0030 0.0043 0.0061 0.0085 0.0118 0.0158 0.0202 0.0239 0.0254 0.0239 0.0202 0.0158 0.0118 0.0085 0.0061 0.0043 0.0030 0.0021 0.0015 0.0010 0.0007 0.0005 0.0004 0.0002 0.0002 0.0001 0.0001 0.0001 0.0000 0.0000 1.0000 1.0000 1.0000 1.0000 1.0000 1.0000 1.0000 1.0000 1.0000 1.0000 1.0000 1.0000 0.7547 0.5258 0.3664 0.2557 0.1782 0.1241 0.0865 0.0603 0.0421 0.0293 0.0204 0.0142 0.0099 0.0069 0.0048 0.0034 0.0023
