-0.3696 -0.3787 -0.3873 -0.3934 -0.3956 -0.3917 -0.3782 -0.3489 -0.2946 -0.2056 -0.0955 -0.0130 0.0370 0.0725 0.1024 0.1306 0.1590 0.1888 0.2196 0.2491 0.2690 0.2605 0.1904 0.0448 -0.0638 -0.1163 -0.1476 -0.1704 -0.1888 -0.2050 -0.2198 -0.2337 -0.2472 -0.2603 -0.2733 -0.2862 -0.2990 -0.3117 -0.3244 -0.3369 -0.3491 -0.3608 -0.3716 -0.3813 -0.3891 -0.3942 -0.3957 -0.3927 -0.3859 -0.3781 -0.3745 -0.3781 -0.3859 -0.3927 -0.3957 -0.3942 -0.3891 -0.3813 -0.3716 -0.3608 -0.3491 -0.3369 -0.3244 -0.3117 -0.2990 -0.2862 -0.2733 -0.2603 -0.2472 -0.2337 -0.2198 -0.2050 -0.1888 -0.1704 -0.1476 -0.1163 -0.0638 0.0448 0.1904 0.2605 0.2690 0.2491 0.2196 0.1888 0.1590 0.1306 0.1024 0.0725 0.0370 -0.0130 -0.0955 -0.2056 -0.2946 -0.3489 -0.3782 -0.3917 -0.3956 -0.3934 -0.3873 -0.3787 -0.3696
-0.3787 -0.3858 -0.3914 -0.3932 -0.3887 -0.3745 -0.3445 -0.2897 -0.2008 -0.0930 -0.0129 0.0359 0.0710 0.1005 0.1283 0.1563 0.1855 0.2158 0.2447 0.2643 0.2559 0.1863 0.0420 -0.0655 -0.1175 -0.1484 -0.1709 -0.1893 -0.2054 -0.2201 -0.2340 -0.2474 -0.2605 -0.2734 -0.2862 -0.2989 -0.3116 -0.3242 -0.3366 -0.3486 -0.3601 -0.3708 -0.3802 -0.3877 -0.3923 -0.3929 -0.3881 -0.3767 -0.3600 -0.3434 -0.3362 -0.3434 -0.3600 -0.3767 -0.3881 -0.3929 -0.3923 -0.3877 -0.3802 -0.3708 -0.3601 -0.3486 -0.3366 -0.3242 -0.3116 -0.2989 -0.2862 -0.2734 -0.2605 -0.2474 -0.2340 -0.2201 -0.2054 -0.1893 -0.1709 -0.1484 -0.1175 -0.0655 0.0420 0.1863 0.2559 0.2643 0.2447 0.2158 0.1855 0.1563 0.1283 0.1005 0.0710 0.0359 -0.0129 -0.0930 -0.2008 -0.2897 -0.3445 -0.3745 -0.3887 -0.3932 -0.3914 -0.3858 -0.3787
-0.3873 -0.3914 -0.3932 -0.3887 -0.3743 -0.3442 -0.2890 -0.1998 -0.0920 -0.0123 0.0364 0.0713 0.1008 0.1286 0.1566 0.1858 0.2161 0.2450 0.2644 0.2555 0.1851 0.0404 -0.0663 -0.1179 -0.1486 -0.1711 -0.1895 -0.2055 -0.2202 -0.2341 -0.2475 -0.2606 -0.2735 -0.2863 -0.2991 -0.3118 -0.3243 -0.3367 -0.3487 -0.3603 -0.3710 -0.3804 -0.3879 -0.3924 -0.3928 -0.3868 -0.3725 -0.3481 -0.3160 -0.2861 -0.2734 -0.2861 -0.3160 -0.3481 -0.3725 -0.3868 -0.3928 -0.3924 -0.3879 -0.3804 -0.3710 -0.3603 -0.3487 -0.3367 -0.3243 -0.3118 -0.2991 -0.2863 -0.2735 -0.2606 -0.2475 -0.2341 -0.2202 -0.2055 -0.1895 -0.1711 -0.1486 -0.1179 -0.0663 0.0404 0.1851 0.2555 0.2644 0.2450 0.2161 0.1858 0.1566 0.1286 0.1008 0.0713 0.0364 -0.0123 -0.0920 -0.1998 -0.2890 -0.3442 -0.3743 -0.3887 -0.3932 -0.3914 -0.3873
-0.3934 -0.3932 -0.3887 -0.3743 -0.3440 -0.2885 -0.1990 -0.0911 -0.0118 0.0367 0.0716 0.1010 0.1288 0.1569 0.1861 0.2164 0.2453 0.2645 0.2552 0.1839 0.0389 -0.0671 -0.1183 -0.1489 -0.1713 -0.1897 -0.2057 -0.2204 -0.2343 -0.2477 -0.2607 -0.2737 -0.2865 -0.2992 -0.3119 -0.3245 -0.3368 -0.3489 -0.3604 -0.3711 -0.3805 -0.3880 -0.3925 -0.3926 -0.3861 -0.3697 -0.3399 -0.2948 -0.2400 -0.1934 -0.1753 -0.1934 -0.2400 -0.2947 -0.3399 -0.3697 -0.3861 -0.3926 -0.3925 -0.3880 -0.3805 -0.3711 -0.3604 -0.3489 -0.3368 -0.3245 -0.3119 -0.2992 -0.2865 -0.2737 -0.2607 -0.2477 -0.2343 -0.2204 -0.2057 -0.1897 -0.1713 -0.1489 -0.1183 -0.0671 0.0389 0.1839 0.2552 0.2645 0.2453 0.2164 0.1861 0.1569 0.1288 0.1010 0.0716 0.0367 -0.0118 -0.0911 -0.1990 -0.2885 -0.3440 -0.3743 -0.3887 -0.3932 -0.3934
-0.3956 -0.3887 -0.3743 -0.3440 -0.2884 -0.1985 -0.0905 -0.0113 0.0370 0.0718 0.1013 0.1291 0.1571 0.1864 0.2167 0.2455 0.2646 0.2548 0.1828 0.0374 -0.0678 -0.1187 -0.1492 -0.1715 -0.1898 -0.2059 -0.2205 -0.2344 -0.2478 -0.2609 -0.2738 -0.2866 -0.2994 -0.3120 -0.3246 -0.3370 -0.3490 -0.3605 -0.3712 -0.3806 -0.3881 -0.3926 -0.3925 -0.3855 -0.3680 -0.3347 -0.2805 -0.2069 -0.1327 -0.0843 -0.0687 -0.0843 -0.1327 -0.2069 -0.2805 -0.3347 -0.3680 -0.3855 -0.3925 -0.3926 -0.3881 -0.3806 -0.3712 -0.3605 -0.3490 -0.3370 -0.3246 -0.3120 -0.2994 -0.2866 -0.2738 -0.2609 -0.2478 -0.2344 -0.2205 -0.2059 -0.1898 -0.1716 -0.1492 -0.1187 -0.0678 0.0374 0.1827 0.2548 0.2646 0.2455 0.2167 0.1864 0.1571 0.1291 0.1013 0.0718 0.0370 -0.0113 -0.0905 -0.1985 -0.2884 -0.3440 -0.3743 -0.3887 -0.3956
-0.3917 -0.3745 -0.3442 -0.2885 -0.1985 -0.0904 -0.0111 0.0372 0.0720 0.1015 0.1293 0.1574 0.1867 0.2170 0.2457 0.2646 0.2545 0.1817 0.0361 -0.0685 -0.1190 -0.1494 -0.1717 -0.1900 -0.2060 -0.2207 -0.2346 -0.2479 -0.2610 -0.2739 -0.2867 -0.2995 -0.3122 -0.3247 -0.3371 -0.3491 -0.3607 -0.3713 -0.3807 -0.3882 -0.3926 -0.3925 -0.3852 -0.3668 -0.3314 -0.2716 -0.1860 -0.0973 -0.0374 -0.0069 0.0025 -0.0069 -0.0374 -0.0974 -0.1861 -0.2716 -0.3314 -0.3668 -0.3852 -0.3925 -0.3926 -0.3882 -0.3807 -0.3713 -0.3607 -0.3491 -0.3371 -0.3247 -0.3122 -0.2995 -0.2867 -0.2739 -0.2610 -0.2479 -0.2346 -0.2207 -0.2060 -0.1900 -0.1718 -0.1494 -0.1190 -0.0685 0.0360 0.1817 0.2545 0.2646 0.2457 0.2170 0.1867 0.1574 0.1293 0.1015 0.0720 0.0372 -0.0111 -0.0904 -0.1985 -0.2885 -0.3442 -0.3745 -0.3917
-0.3782 -0.3445 -0.2890 -0.1990 -0.0905 -0.0111 0.0373 0.0721 0.1016 0.1295 0.1576 0.1869 0.2172 0.2459 0.2647 0.2542 0.1807 0.0348 -0.0691 -0.1193 -0.1497 -0.1719 -0.1902 -0.2062 -0.2208 -0.2347 -0.2481 -0.2611 -0.2741 -0.2869 -0.2996 -0.3123 -0.3249 -0.3372 -0.3493 -0.3608 -0.3714 -0.3808 -0.3882 -0.3926 -0.3924 -0.3850 -0.3661 -0.3294 -0.2662 -0.1737 -0.0783 -0.0148 0.0211 0.0405 0.0468 0.0405 0.0211 -0.0148 -0.0783 -0.1737 -0.2662 -0.3294 -0.3661 -0.3850 -0.3924 -0.3926 -0.3882 -0.3808 -0.3714 -0.3608 -0.3493 -0.3372 -0.3249 -0.3123 -0.2996 -0.2869 -0.2741 -0.2611 -0.2481 -0.2347 -0.2208 -0.2062 -0.1902 -0.1719 -0.1497 -0.1194 -0.0691 0.0348 0.1806 0.2542 0.2647 0.2460 0.2172 0.1869 0.1576 0.1295 0.1016 0.0721 0.0373 -0.0111 -0.0905 -0.1990 -0.2890 -0.3445 -0.3782
-0.3489 -0.2897 -0.1998 -0.0911 -0.0113 0.0372 0.0721 0.1017 0.1295 0.1577 0.1870 0.2174 0.2461 0.2648 0.2539 0.1796 0.0336 -0.0697 -0.1197 -0.1499 -0.1721 -0.1903 -0.2063 -0.2210 -0.2348 -0.2482 -0.2613 -0.2742 -0.2870 -0.2997 -0.3124 -0.3250 -0.3373 -0.3494 -0.3609 -0.3715 -0.3809 -0.3883 -0.3927 -0.3924 -0.3848 -0.3656 -0.3280 -0.2627 -0.1663 -0.0679 -0.0034 0.0352 0.0601 0.0750 0.0801 0.0750 0.0600 0.0352 -0.0034 -0.0679 -0.1663 -0.2627 -0.3280 -0.3656 -0.3848 -0.3924 -0.3927 -0.3883 -0.3809 -0.3716 -0.3609 -0.3494 -0.3374 -0.3250 -0.3124 -0.2997 -0.2870 -0.2742 -0.2613 -0.2482 -0.2348 -0.2210 -0.2063 -0.1903 -0.1721 -0.1499 -0.1197 -0.0697 0.0335 0.1796 0.2539 0.2648 0.2461 0.2174 0.1870 0.1577 0.1295 0.1017 0.0721 0.0372 -0.0113 -0.0911 -0.1998 -0.2897 -0.3489
-0.2946 -0.2008 -0.0920 -0.0118 0.0370 0.0720 0.1016 0.1295 0.1577 0.1871 0.2175 0.2463 0.2648 0.2537 0.1787 0.0324 -0.0703 -0.1200 -0.1501 -0.1723 -0.1905 -0.2064 -0.2211 -0.2349 -0.2483 -0.2614 -0.2743 -0.2871 -0.2999 -0.3125 -0.3251 -0.3375 -0.3495 -0.3610 -0.3716 -0.3810 -0.3884 -0.3927 -0.3923 -0.3846 -0.3651 -0.3270 -0.2604 -0.1618 -0.0621 0.0028 0.0427 0.0707 0.0912 0.1045 0.1092 0.1045 0.0912 0.0707 0.0427 0.0027 -0.0621 -0.1618 -0.2604 -0.3270 -0.3651 -0.3846 -0.3923 -0.3927 -0.3884 -0.3810 -0.3717 -0.3610 -0.3495 -0.3375 -0.3251 -0.3125 -0.2999 -0.2871 -0.2743 -0.2614 -0.2483 -0.2349 -0.2211 -0.2064 -0.1905 -0.1723 -0.1501 -0.1200 -0.0703 0.0323 0.1787 0.2536 0.2648 0.2463 0.2175 0.1871 0.1577 0.1295 0.1016 0.0720 0.0370 -0.0118 -0.0920 -0.2008 -0.2946
-0.2056 -0.0930 -0.0123 0.0367 0.0718 0.1015 0.1295 0.1577 0.1871 0.2176 0.2463 0.2649 0.2535 0.1780 0.0314 -0.0709 -0.1203 -0.1503 -0.1724 -0.1906 -0.2066 -0.2212 -0.2350 -0.2484 -0.2615 -0.2744 -0.2872 -0.3000 -0.3126 -0.3252 -0.3376 -0.3496 -0.3611 -0.3717 -0.3811 -0.3884 -0.3927 -0.3923 -0.3844 -0.3648 -0.3262 -0.2588 -0.1588 -0.0586 0.0062 0.0469 0.0767 0.1006 0.1196 0.1326 0.1372 0.1326 0.1196 0.1006 0.0767 0.0469 0.0062 -0.0586 -0.1588 -0.2588 -0.3262 -0.3648 -0.3844 -0.3923 -0.3927 -0.3884 -0.3811 -0.3717 -0.3611 -0.3496 -0.3376 -0.3252 -0.3126 -0.3000 -0.2872 -0.2744 -0.2615 -0.2484 -0.2351 -0.2212 -0.2066 -0.1906 -0.1725 -0.1503 -0.1203 -0.0709 0.0313 0.1780 0.2535 0.2649 0.2463 0.2176 0.1871 0.1577 0.1295 0.1015 0.0718 0.0367 -0.0123 -0.0930 -0.2056
-0.0955 -0.0129 0.0364 0.0716 0.1013 0.1293 0.1576 0.1870 0.2175 0.2463 0.2649 0.2534 0.1776 0.0307 -0.0713 -0.1205 -0.1505 -0.1726 -0.1907 -0.2067 -0.2213 -0.2352 -0.2485 -0.2616 -0.2745 -0.2873 -0.3001 -0.3128 -0.3253 -0.3377 -0.3497 -0.3612 -0.3718 -0.3812 -0.3885 -0.3927 -0.3922 -0.3843 -0.3645 -0.3255 -0.2575 -0.1566 -0.0563 0.0083 0.0493 0.0801 0.1060 0.1287 0.1478 0.1611 0.1659 0.1611 0.1478 0.1287 0.1060 0.0801 0.0493 0.0083 -0.0563 -0.1566 -0.2575 -0.3255 -0.3645 -0.3843 -0.3922 -0.3927 -0.3885 -0.3812 -0.3718 -0.3612 -0.3497 -0.3377 -0.3253 -0.3128 -0.3001 -0.2873 -0.2745 -0.2616 -0.2485 -0.2352 -0.2213 -0.2067 -0.1908 -0.1726 -0.1505 -0.1205 -0.0713 0.0307 0.1775 0.2534 0.2649 0.2463 0.2175 0.1870 0.1576 0.1293 0.1013 0.0716 0.0364 -0.0129 -0.0955
-0.0130 0.0359 0.0713 0.1010 0.1291 0.1574 0.1869 0.2174 0.2463 0.2649 0.2534 0.1775 0.0304 -0.0715 -0.1207 -0.1506 -0.1727 -0.1909 -0.2068 -0.2214 -0.2353 -0.2486 -0.2617 -0.2746 -0.2874 -0.3002 -0.3129 -0.3254 -0.3378 -0.3498 -0.3613 -0.3719 -0.3812 -0.3885 -0.3927 -0.3922 -0.3842 -0.3642 -0.3250 -0.2564 -0.1550 -0.0547 0.0096 0.0507 0.0820 0.1091 0.1340 0.1571 0.1769 0.1908 0.1959 0.1908 0.1769 0.1571 0.1340 0.1091 0.0820 0.0507 0.0096 -0.0547 -0.1550 -0.2564 -0.3249 -0.3642 -0.3842 -0.3922 -0.3927 -0.3885 -0.3812 -0.3719 -0.3613 -0.3498 -0.3378 -0.3254 -0.3129 -0.3002 -0.2874 -0.2746 -0.2617 -0.2487 -0.2353 -0.2214 -0.2068 -0.1909 -0.1727 -0.1507 -0.1207 -0.0715 0.0303 0.1774 0.2534 0.2649 0.2463 0.2174 0.1869 0.1574 0.1291 0.1010 0.0713 0.0359 -0.0130
0.0370 0.0710 0.1008 0.1288 0.1571 0.1867 0.2172 0.2461 0.2648 0.2535 0.1776 0.0304 -0.0716 -0.1208 -0.1507 -0.1728 -0.1910 -0.2069 -0.2215 -0.2354 -0.2488 -0.2618 -0.2747 -0.2875 -0.3003 -0.3130 -0.3255 -0.3379 -0.3499 -0.3614 -0.3720 -0.3813 -0.3886 -0.3928 -0.3922 -0.3841 -0.3639 -0.3245 -0.2556 -0.1538 -0.0536 0.0105 0.0516 0.0832 0.1109 0.1371 0.1626 0.1867 0.2073 0.2215 0.2265 0.2215 0.2073 0.1867 0.1626 0.1371 0.1109 0.0832 0.0516 0.0106 -0.0535 -0.1537 -0.2555 -0.3245 -0.3639 -0.3841 -0.3922 -0.3928 -0.3886 -0.3813 -0.3720 -0.3614 -0.3499 -0.3379 -0.3255 -0.3130 -0.3003 -0.2876 -0.2747 -0.2618 -0.2488 -0.2354 -0.2215 -0.2069 -0.1910 -0.1728 -0.1507 -0.1208 -0.0716 0.0303 0.1775 0.2535 0.2648 0.2461 0.2172 0.1867 0.1571 0.1288 0.1008 0.0710 0.0370
0.0725 0.1005 0.1286 0.1569 0.1864 0.2170 0.2459 0.2648 0.2537 0.1780 0.0307 -0.0715 -0.1208 -0.1508 -0.1729 -0.1910 -0.2070 -0.2216 -0.2355 -0.2489 -0.2619 -0.2748 -0.2877 -0.3004 -0.3131 -0.3256 -0.3380 -0.3500 -0.3615 -0.3721 -0.3814 -0.3886 -0.3928 -0.3921 -0.3840 -0.3637 -0.3240 -0.2548 -0.1527 -0.0527 0.0112 0.0523 0.0840 0.1120 0.1389 0.1657 0.1924 0.2173 0.2374 0.2497 0.2536 0.2497 0.2374 0.2173 0.1924 0.1657 0.1389 0.1120 0.0840 0.0523 0.0112 -0.0526 -0.1526 -0.2547 -0.3240 -0.3637 -0.3839 -0.3921 -0.3928 -0.3886 -0.3814 -0.3721 -0.3615 -0.3500 -0.3380 -0.3256 -0.3131 -0.3004 -0.2877 -0.2749 -0.2619 -0.2489 -0.2355 -0.2216 -0.2070 -0.1910 -0.1729 -0.1508 -0.1208 -0.0715 0.0307 0.1780 0.2536 0.2648 0.2460 0.2170 0.1864 0.1569 0.1286 0.1005 0.0725
0.1024 0.1283 0.1566 0.1861 0.2167 0.2457 0.2647 0.2539 0.1787 0.0314 -0.0713 -0.1207 -0.1507 -0.1729 -0.1910 -0.2070 -0.2217 -0.2355 -0.2489 -0.2620 -0.2749 -0.2878 -0.3005 -0.3132 -0.3257 -0.3381 -0.3501 -0.3616 -0.3722 -0.3814 -0.3887 -0.3928 -0.3921 -0.3838 -0.3634 -0.3236 -0.2540 -0.1517 -0.0519 0.0117 0.0527 0.0845 0.1127 0.1400 0.1676 0.1957 0.2230 0.2462 0.2608 0.2655 0.2655 0.2655 0.2608 0.2462 0.2230 0.1957 0.1676 0.1400 0.1127 0.0845 0.0527 0.0118 -0.0518 -0.1516 -0.2540 -0.3235 -0.3634 -0.3838 -0.3921 -0.3928 -0.3887 -0.3814 -0.3722 -0.3616 -0.3501 -0.3381 -0.3258 -0.3132 -0.3005 -0.2878 -0.2749 -0.2620 -0.2489 -0.2355 -0.2217 -0.2070 -0.1910 -0.1729 -0.1507 -0.1207 -0.0713 0.0313 0.1787 0.2539 0.2647 0.2457 0.2167 0.1861 0.1566 0.1283 0.1024
0.1306 0.1563 0.1858 0.2164 0.2455 0.2646 0.2542 0.1796 0.0324 -0.0709 -0.1205 -0.1506 -0.1728 -0.1910 -0.2070 -0.2217 -0.2356 -0.2490 -0.2621 -0.2750 -0.2878 -0.3006 -0.3133 -0.3259 -0.3382 -0.3502 -0.3617 -0.3723 -0.3815 -0.3887 -0.3928 -0.3921 -0.3837 -0.3632 -0.3231 -0.2532 -0.1507 -0.0511 0.0122 0.0531 0.0849 0.1132 0.1407 0.1687 0.1976 0.2263 0.2509 0.2648 0.2618 0.2465 0.2373 0.2465 0.2618 0.2648 0.2509 0.2263 0.1977 0.1687 0.1407 0.1132 0.0849 0.0531 0.0123 -0.0511 -0.1506 -0.2532 -0.3231 -0.3632 -0.3837 -0.3921 -0.3928 -0.3887 -0.3815 -0.3723 -0.3617 -0.3502 -0.3382 -0.3259 -0.3133 -0.3006 -0.2878 -0.2750 -0.2621 -0.2490 -0.2356 -0.2217 -0.2070 -0.1910 -0.1728 -0.1507 -0.1205 -0.0709 0.0323 0.1796 0.2542 0.2646 0.2455 0.2164 0.1858 0.1563 0.1306
0.1591 0.1855 0.2161 0.2453 0.2646 0.2545 0.1807 0.0336 -0.0703 -0.1203 -0.1505 -0.1727 -0.1910 -0.2070 -0.2217 -0.2356 -0.2490 -0.2621 -0.2750 -0.2879 -0.3007 -0.3134 -0.3259 -0.3383 -0.3503 -0.3618 -0.3724 -0.3816 -0.3888 -0.3928 -0.3920 -0.3836 -0.3629 -0.3226 -0.2525 -0.1497 -0.0504 0.0127 0.0534 0.0852 0.1135 0.1411 0.1694 0.1988 0.2282 0.2535 0.2658 0.2527 0.2094 0.1566 0.1329 0.1567 0.2094 0.2527 0.2658 0.2535 0.2282 0.1988 0.1694 0.1412 0.1135 0.0852 0.0535 0.0127 -0.0504 -0.1496 -0.2524 -0.3226 -0.3629 -0.3836 -0.3920 -0.3928 -0.3888 -0.3816 -0.3724 -0.3618 -0.3503 -0.3383 -0.3259 -0.3134 -0.3007 -0.2879 -0.2750 -0.2621 -0.2490 -0.2356 -0.2217 -0.2070 -0.1910 -0.1727 -0.1505 -0.1203 -0.0703 0.0335 0.1806 0.2545 0.2646 0.2453 0.2161 0.1855 0.1590
0.1888 0.2158 0.2450 0.2645 0.2548 0.1817 0.0348 -0.0697 -0.1200 -0.1503 -0.1726 -0.1909 -0.2069 -0.2216 -0.2355 -0.2490 -0.2621 -0.2751 -0.2879 -0.3007 -0.3134 -0.3260 -0.3384 -0.3504 -0.3619 -0.3724 -0.3817 -0.3888 -0.3929 -0.3920 -0.3835 -0.3627 -0.3222 -0.2517 -0.1487 -0.0497 0.0131 0.0538 0.0855 0.1138 0.1415 0.1699 0.1995 0.2293 0.2548 0.2658 0.2445 0.1751 0.0761 0.0086 -0.0118 0.0086 0.0761 0.1751 0.2445 0.2658 0.2548 0.2293 0.1995 0.1699 0.1415 0.1138 0.0855 0.0538 0.0131 -0.0497 -0.1487 -0.2516 -0.3221 -0.3627 -0.3835 -0.3920 -0.3929 -0.3888 -0.3817 -0.3724 -0.3619 -0.3504 -0.3384 -0.3260 -0.3134 -0.3007 -0.2879 -0.2751 -0.2621 -0.2490 -0.2355 -0.2216 -0.2069 -0.1909 -0.1726 -0.1503 -0.1200 -0.0697 0.0348 0.1817 0.2548 0.2645 0.2450 0.2158 0.1888
0.2197 0.2447 0.2644 0.2552 0.1827 0.0360 -0.0691 -0.1197 -0.1501 -0.1724 -0.1907 -0.2068 -0.2215 -0.2355 -0.2489 -0.2621 -0.2750 -0.2879 -0.3007 -0.3134 -0.3260 -0.3384 -0.3505 -0.3619 -0.3725 -0.3817 -0.3889 -0.3929 -0.3920 -0.3834 -0.3624 -0.3217 -0.2509 -0.1478 -0.0490 0.0135 0.0541 0.0857 0.1141 0.1418 0.1703 0.2000 0.2300 0.2556 0.2657 0.2387 0.1512 0.0276 -0.0486 -0.0819 -0.0913 -0.0819 -0.0486 0.0276 0.1511 0.2387 0.2657 0.2557 0.2300 0.2000 0.1703 0.1418 0.1141 0.0858 0.0541 0.0136 -0.0489 -0.1477 -0.2509 -0.3217 -0.3624 -0.3834 -0.3920 -0.3929 -0.3889 -0.3817 -0.3725 -0.3619 -0.3505 -0.3384 -0.3260 -0.3134 -0.3007 -0.2879 -0.2750 -0.2621 -0.2489 -0.2355 -0.2215 -0.2068 -0.1908 -0.1725 -0.1501 -0.1197 -0.0691 0.0360 0.1827 0.2552 0.2644 0.2447 0.2196
0.2491 0.2643 0.2555 0.1838 0.0374 -0.0685 -0.1193 -0.1499 -0.1723 -0.1906 -0.2067 -0.2214 -0.2354 -0.2489 -0.2620 -0.2750 -0.2879 -0.3007 -0.3134 -0.3260 -0.3384 -0.3505 -0.3620 -0.3726 -0.3818 -0.3889 -0.3929 -0.3919 -0.3832 -0.3622 -0.3212 -0.2501 -0.1468 -0.0483 0.0139 0.0544 0.0860 0.1144 0.1421 0.1706 0.2004 0.2305 0.2561 0.2655 0.2350 0.1361 0.0028 -0.0733 -0.1090 -0.1265 -0.1320 -0.1265 -0.1090 -0.0733 0.0027 0.1360 0.2350 0.2655 0.2562 0.2305 0.2004 0.1706 0.1421 0.1144 0.0860 0.0544 0.0140 -0.0482 -0.1468 -0.2501 -0.3212 -0.3622 -0.3832 -0.3919 -0.3929 -0.3889 -0.3818 -0.3726 -0.3620 -0.3505 -0.3384 -0.3260 -0.3134 -0.3007 -0.2879 -0.2750 -0.2620 -0.2489 -0.2354 -0.2214 -0.2067 -0.1906 -0.1723 -0.1499 -0.1194 -0.0685 0.0374 0.1839 0.2555 0.2643 0.2491
0.2690 0.2559 0.1850 0.0388 -0.0678 -0.1190 -0.1497 -0.1721 -0.1905 -0.2066 -0.2213 -0.2353 -0.2488 -0.2619 -0.2749 -0.2878 -0.3007 -0.3134 -0.3260 -0.3384 -0.3505 -0.3620 -0.3726 -0.3818 -0.3889 -0.3929 -0.3919 -0.3831 -0.3619 -0.3208 -0.2494 -0.1458 -0.0476 0.0144 0.0547 0.0863 0.1146 0.1423 0.1709 0.2008 0.2308 0.2565 0.2654 0.2326 0.1268 -0.0100 -0.0850 -0.1217 -0.1430 -0.1549 -0.1588 -0.1549 -0.1430 -0.1217 -0.0851 -0.0101 0.1267 0.2326 0.2654 0.2565 0.2309 0.2008 0.1709 0.1424 0.1146 0.0863 0.0547 0.0144 -0.0476 -0.1458 -0.2493 -0.3208 -0.3619 -0.3831 -0.3919 -0.3929 -0.3889 -0.3818 -0.3726 -0.3620 -0.3505 -0.3384 -0.3260 -0.3134 -0.3007 -0.2878 -0.2749 -0.2619 -0.2488 -0.2353 -0.2213 -0.2066 -0.1905 -0.1721 -0.1497 -0.1190 -0.0678 0.0389 0.1851 0.2559 0.2690
0.2605 0.1863 0.0404 -0.0671 -0.1187 -0.1494 -0.1719 -0.1903 -0.2064 -0.2212 -0.2352 -0.2486 -0.2618 -0.2748 -0.2878 -0.3006 -0.3134 -0.3260 -0.3384 -0.3505 -0.3620 -0.3726 -0.3818 -0.3890 -0.3929 -0.3919 -0.3831 -0.3618 -0.3204 -0.2487 -0.1449 -0.0469 0.0148 0.0550 0.0865 0.1148 0.1426 0.1712 0.2010 0.2312 0.2567 0.2653 0.2310 0.1211 -0.0170 -0.0910 -0.1282 -0.1515 -0.1670 -0.1763 -0.1794 -0.1763 -0.1670 -0.1515 -0.1282 -0.0910 -0.0171 0.1210 0.2310 0.2652 0.2568 0.2312 0.2011 0.1712 0.1426 0.1149 0.0865 0.0550 0.0148 -0.0469 -0.1449 -0.2486 -0.3204 -0.3618 -0.3831 -0.3919 -0.3929 -0.3890 -0.3818 -0.3726 -0.3620 -0.3505 -0.3384 -0.3260 -0.3134 -0.3006 -0.2878 -0.2749 -0.2618 -0.2487 -0.2352 -0.2212 -0.2064 -0.1903 -0.1719 -0.1494 -0.1187 -0.0671 0.0404 0.1863 0.2605
0.1904 0.0419 -0.0663 -0.1183 -0.1492 -0.1717 -0.1902 -0.2063 -0.2211 -0.2350 -0.2485 -0.2617 -0.2747 -0.2877 -0.3005 -0.3133 -0.3259 -0.3384 -0.3505 -0.3620 -0.3726 -0.3818 -0.3890 -0.3929 -0.3919 -0.3830 -0.3616 -0.3201 -0.2481 -0.1441 -0.0463 0.0152 0.0553 0.0868 0.1151 0.1428 0.1714 0.2013 0.2314 0.2570 0.2652 0.2299 0.1175 -0.0211 -0.0942 -0.1317 -0.1561 -0.1736 -0.1862 -0.1941 -0.1968 -0.1941 -0.1862 -0.1736 -0.1561 -0.1317 -0.0942 -0.0211 0.1173 0.2299 0.2652 0.2570 0.2315 0.2013 0.1714 0.1428 0.1151 0.0868 0.0553 0.0152 -0.0463 -0.1441 -0.2481 -0.3201 -0.3616 -0.3830 -0.3919 -0.3929 -0.3890 -0.3818 -0.3726 -0.3620 -0.3505 -0.3384 -0.3259 -0.3133 -0.3005 -0.2877 -0.2747 -0.2617 -0.2485 -0.2351 -0.2211 -0.2063 -0.1902 -0.1718 -0.1492 -0.1183 -0.0663 0.0420 0.1904
0.0447 -0.0656 -0.1179 -0.1489 -0.1716 -0.1900 -0.2062 -0.2210 -0.2349 -0.2484 -0.2616 -0.2746 -0.2875 -0.3004 -0.3132 -0.3259 -0.3383 -0.3504 -0.3619 -0.3726 -0.3818 -0.3890 -0.3929 -0.3919 -0.3830 -0.3615 -0.3199 -0.2477 -0.1435 -0.0458 0.0155 0.0555 0.0870 0.1153 0.1431 0.1717 0.2016 0.2317 0.2572 0.2651 0.2290 0.1149 -0.0235 -0.0961 -0.1337 -0.1586 -0.1772 -0.1917 -0.2027 -0.2098 -0.2123 -0.2098 -0.2027 -0.1917 -0.1772 -0.1586 -0.1337 -0.0961 -0.0236 0.1148 0.2290 0.2651 0.2572 0.2317 0.2016 0.1717 0.1431 0.1153 0.0870 0.0556 0.0155 -0.0458 -0.1435 -0.2477 -0.3199 -0.3615 -0.3830 -0.3919 -0.3929 -0.3890 -0.3818 -0.3726 -0.3619 -0.3504 -0.3383 -0.3259 -0.3132 -0.3004 -0.2876 -0.2746 -0.2616 -0.2484 -0.2349 -0.2210 -0.2062 -0.1900 -0.1716 -0.1489 -0.1179 -0.0655 0.0448
-0.0638 -0.1175 -0.1486 -0.1713 -0.1898 -0.2060 -0.2208 -0.2348 -0.2483 -0.2615 -0.2745 -0.2874 -0.3003 -0.3131 -0.3257 -0.3382 -0.3503 -0.3619 -0.3725 -0.3818 -0.3889 -0.3929 -0.3919 -0.3830 -0.3615 -0.3198 -0.2475 -0.1432 -0.0455 0.0158 0.0558 0.0872 0.1155 0.1433 0.1719 0.2019 0.2320 0.2573 0.2650 0.2282 0.1129 -0.0252 -0.0973 -0.1348 -0.1600 -0.1792 -0.1949 -0.2077 -0.2178 -0.2244 -0.2268 -0.2244 -0.2178 -0.2077 -0.1949 -0.1792 -0.1600 -0.1348 -0.0973 -0.0253 0.1129 0.2282 0.2650 0.2573 0.2320 0.2019 0.1719 0.1433 0.1155 0.0872 0.0558 0.0158 -0.0454 -0.1431 -0.2475 -0.3198 -0.3615 -0.3830 -0.3919 -0.3929 -0.3889 -0.3818 -0.3725 -0.3619 -0.3503 -0.3382 -0.3258 -0.3131 -0.3003 -0.2874 -0.2745 -0.2615 -0.2483 -0.2348 -0.2208 -0.2060 -0.1898 -0.1713 -0.1486 -0.1175 -0.0638
-0.1163 -0.1484 -0.1711 -0.1897 -0.2059 -0.2207 -0.2347 -0.2482 -0.2614 -0.2744 -0.2873 -0.3002 -0.3130 -0.3256 -0.3381 -0.3502 -0.3618 -0.3724 -0.3817 -0.3889 -0.3929 -0.3919 -0.3830 -0.3615 -0.3198 -0.2474 -0.1430 -0.0453 0.0159 0.0559 0.0874 0.1157 0.1435 0.1721 0.2021 0.2322 0.2575 0.2649 0.2276 0.1113 -0.0266 -0.0981 -0.1355 -0.1609 -0.1804 -0.1966 -0.2105 -0.2224 -0.2319 -0.2383 -0.2405 -0.2383 -0.2319 -0.2224 -0.2106 -0.1966 -0.1804 -0.1609 -0.1356 -0.0981 -0.0266 0.1112 0.2275 0.2649 0.2575 0.2322 0.2021 0.1722 0.1435 0.1157 0.0874 0.0559 0.0159 -0.0452 -0.1430 -0.2474 -0.3198 -0.3615 -0.3830 -0.3919 -0.3929 -0.3889 -0.3817 -0.3724 -0.3618 -0.3502 -0.3381 -0.3256 -0.3130 -0.3002 -0.2873 -0.2744 -0.2614 -0.2482 -0.2347 -0.2207 -0.2059 -0.1897 -0.1711 -0.1484 -0.1163
-0.1476 -0.1709 -0.1895 -0.2057 -0.2205 -0.2346 -0.2481 -0.2613 -0.2743 -0.2872 -0.3001 -0.3129 -0.3255 -0.3380 -0.3501 -0.3617 -0.3724 -0.3817 -0.3889 -0.3929 -0.3919 -0.3831 -0.3616 -0.3199 -0.2475 -0.1430 -0.0452 0.0160 0.0560 0.0875 0.1158 0.1436 0.1723 0.2023 0.2324 0.2577 0.2648 0.2269 0.1098 -0.0276 -0.0987 -0.1360 -0.1614 -0.1811 -0.1976 -0.2121 -0.2251 -0.2364 -0.2455 -0.2517 -0.2539 -0.2517 -0.2455 -0.2364 -0.2251 -0.2121 -0.1976 -0.1811 -0.1614 -0.1361 -0.0987 -0.0277 0.1097 0.2268 0.2648 0.2577 0.2324 0.2023 0.1723 0.1437 0.1158 0.0875 0.0560 0.0160 -0.0452 -0.1430 -0.2475 -0.3199 -0.3616 -0.3831 -0.3919 -0.3929 -0.3889 -0.3817 -0.3724 -0.3617 -0.3501 -0.3380 -0.3255 -0.3129 -0.3001 -0.2872 -0.2743 -0.2613 -0.2481 -0.2346 -0.2205 -0.2057 -0.1895 -0.1709 -0.1476
-0.1704 -0.1893 -0.2055 -0.2204 -0.2344 -0.2479 -0.2611 -0.2742 -0.2871 -0.3000 -0.3127 -0.3254 -0.3379 -0.3500 -0.3616 -0.3723 -0.3816 -0.3888 -0.3929 -0.3919 -0.3831 -0.3618 -0.3201 -0.2477 -0.1432 -0.0453 0.0160 0.0560 0.0875 0.1159 0.1437 0.1724 0.2025 0.2326 0.2578 0.2648 0.2263 0.1084 -0.0286 -0.0992 -0.1364 -0.1617 -0.1815 -0.1982 -0.2131 -0.2266 -0.2389 -0.2498 -0.2588 -0.2648 -0.2670 -0.2648 -0.2588 -0.2498 -0.2389 -0.2266 -0.2131 -0.1982 -0.1815 -0.1618 -0.1364 -0.0992 -0.0287 0.1083 0.2262 0.2647 0.2578 0.2326 0.2025 0.1725 0.1437 0.1159 0.0875 0.0560 0.0160 -0.0452 -0.1431 -0.2477 -0.3201 -0.3618 -0.3831 -0.3919 -0.3929 -0.3888 -0.3816 -0.3723 -0.3616 -0.3500 -0.3379 -0.3254 -0.3128 -0.3000 -0.2871 -0.2742 -0.2611 -0.2479 -0.2344 -0.2204 -0.2055 -0.1893 -0.1704
-0.1889 -0.2054 -0.2202 -0.2343 -0.2478 -0.2610 -0.2741 -0.2870 -0.2999 -0.3126 -0.3253 -0.3378 -0.3499 -0.3615 -0.3722 -0.3815 -0.3888 -0.3929 -0.3920 -0.3832 -0.3619 -0.3204 -0.2481 -0.1435 -0.0455 0.0159 0.0560 0.0875 0.1159 0.1438 0.1725 0.2026 0.2327 0.2579 0.2647 0.2258 0.1071 -0.0295 -0.0997 -0.1367 -0.1620 -0.1818 -0.1986 -0.2136 -0.2274 -0.2403 -0.2523 -0.2630 -0.2718 -0.2779 -0.2800 -0.2779 -0.2718 -0.2630 -0.2523 -0.2403 -0.2274 -0.2136 -0.1986 -0.1818 -0.1620 -0.1368 -0.0997 -0.0295 0.1071 0.2257 0.2647 0.2579 0.2327 0.2026 0.1725 0.1438 0.1159 0.0875 0.0560 0.0159 -0.0454 -0.1435 -0.2481 -0.3204 -0.3619 -0.3832 -0.3920 -0.3929 -0.3888 -0.3815 -0.3722 -0.3615 -0.3499 -0.3378 -0.3253 -0.3126 -0.2999 -0.2870 -0.2741 -0.2610 -0.2478 -0.2343 -0.2202 -0.2054 -0.1888
-0.2050 -0.2201 -0.2341 -0.2477 -0.2609 -0.2739 -0.2869 -0.2997 -0.3125 -0.3252 -0.3377 -0.3498 -0.3614 -0.3721 -0.3814 -0.3887 -0.3928 -0.3920 -0.3834 -0.3622 -0.3208 -0.2487 -0.1441 -0.0458 0.0158 0.0559 0.0875 0.1159 0.1438 0.1725 0.2026 0.2328 0.2580 0.2646 0.2254 0.1062 -0.0302 -0.1000 -0.1370 -0.1623 -0.1820 -0.1988 -0.2139 -0.2279 -0.2412 -0.2537 -0.2654 -0.2760 -0.2848 -0.2908 -0.2929 -0.2908 -0.2848 -0.2760 -0.2654 -0.2537 -0.2412 -0.2280 -0.2140 -0.1989 -0.1820 -0.1623 -0.1370 -0.1000 -0.0302 0.1061 0.2253 0.2646 0.2580 0.2328 0.2026 0.1725 0.1438 0.1159 0.0875 0.0559 0.0158 -0.0458 -0.1441 -0.2486 -0.3208 -0.3622 -0.3834 -0.3920 -0.3928 -0.3887 -0.3814 -0.3721 -0.3614 -0.3498 -0.3377 -0.3252 -0.3125 -0.2997 -0.2869 -0.2739 -0.2609 -0.2477 -0.2341 -0.2201 -0.2050
-0.2198 -0.2340 -0.2475 -0.2607 -0.2738 -0.2867 -0.2996 -0.3124 -0.3251 -0.3376 -0.3497 -0.3613 -0.3720 -0.3814 -0.3887 -0.3928 -0.3920 -0.3835 -0.3624 -0.3212 -0.2494 -0.1449 -0.0463 0.0155 0.0558 0.0874 0.1158 0.1437 0.1725 0.2026 0.2328 0.2580 0.2646 0.2251 0.1055 -0.0307 -0.1003 -0.1372 -0.1624 -0.1822 -0.1990 -0.2142 -0.2283 -0.2417 -0.2545 -0.2668 -0.2784 -0.2889 -0.2977 -0.3036 -0.3058 -0.3036 -0.2977 -0.2889 -0.2784 -0.2668 -0.2545 -0.2417 -0.2283 -0.2142 -0.1991 -0.1822 -0.1625 -0.1372 -0.1003 -0.0307 0.1055 0.2251 0.2646 0.2580 0.2328 0.2026 0.1725 0.1437 0.1158 0.0874 0.0558 0.0155 -0.0463 -0.1449 -0.2493 -0.3212 -0.3624 -0.3835 -0.3920 -0.3928 -0.3887 -0.3814 -0.3720 -0.3613 -0.3497 -0.3376 -0.3251 -0.3124 -0.2996 -0.2867 -0.2738 -0.2607 -0.2475 -0.2340 -0.2198
-0.2337 -0.2474 -0.2606 -0.2737 -0.2866 -0.2995 -0.3123 -0.3250 -0.3375 -0.3496 -0.3612 -0.3719 -0.3813 -0.3886 -0.3928 -0.3921 -0.3836 -0.3627 -0.3217 -0.2501 -0.1458 -0.0469 0.0152 0.0555 0.0872 0.1157 0.1436 0.1724 0.2026 0.2328 0.2580 0.2646 0.2250 0.1052 -0.0310 -0.1005 -0.1374 -0.1626 -0.1823 -0.1992 -0.2144 -0.2285 -0.2420 -0.2550 -0.2676 -0.2798 -0.2913 -0.3018 -0.3105 -0.3164 -0.3186 -0.3164 -0.3105 -0.3018 -0.2913 -0.2798 -0.2676 -0.2550 -0.2420 -0.2285 -0.2144 -0.1992 -0.1824 -0.1626 -0.1374 -0.1005 -0.0310 0.1051 0.2250 0.2646 0.2580 0.2328 0.2026 0.1725 0.1437 0.1157 0.0872 0.0556 0.0152 -0.0469 -0.1458 -0.2501 -0.3217 -0.3627 -0.3836 -0.3921 -0.3928 -0.3886 -0.3813 -0.3719 -0.3612 -0.3496 -0.3375 -0.3250 -0.3123 -0.2995 -0.2866 -0.2737 -0.2606 -0.2474 -0.2337
-0.2472 -0.2605 -0.2735 -0.2865 -0.2994 -0.3122 -0.3249 -0.3373 -0.3495 -0.3611 -0.3718 -0.3812 -0.3886 -0.3928 -0.3921 -0.3837 -0.3629 -0.3222 -0.2509 -0.1468 -0.0476 0.0148 0.0553 0.0870 0.1155 0.1435 0.1723 0.2025 0.2327 0.2580 0.2646 0.2250 0.1051 -0.0312 -0.1006 -0.1375 -0.1627 -0.1824 -0.1993 -0.2145 -0.2287 -0.2422 -0.2553 -0.2681 -0.2806 -0.2927 -0.3042 -0.3146 -0.3232 -0.3291 -0.3312 -0.3291 -0.3232 -0.3146 -0.3042 -0.2927 -0.2806 -0.2681 -0.2553 -0.2422 -0.2287 -0.2145 -0.1993 -0.1825 -0.1627 -0.1375 -0.1007 -0.0312 0.1050 0.2250 0.2646 0.2580 0.2327 0.2025 0.1723 0.1435 0.1155 0.0870 0.0553 0.0148 -0.0476 -0.1468 -0.2509 -0.3221 -0.3629 -0.3837 -0.3921 -0.3928 -0.3886 -0.3812 -0.3718 -0.3611 -0.3495 -0.3374 -0.3249 -0.3122 -0.2994 -0.2865 -0.2735 -0.2605 -0.2472
-0.2603 -0.2734 -0.2863 -0.2992 -0.3120 -0.3247 -0.3372 -0.3494 -0.3610 -0.3717 -0.3812 -0.3885 -0.3928 -0.3921 -0.3838 -0.3632 -0.3226 -0.2517 -0.1478 -0.0483 0.0144 0.0550 0.0868 0.1153 0.1433 0.1721 0.2023 0.2326 0.2579 0.2646 0.2251 0.1052 -0.0312 -0.1007 -0.1375 -0.1627 -0.1825 -0.1994 -0.2146 -0.2288 -0.2423 -0.2555 -0.2684 -0.2810 -0.2935 -0.3055 -0.3169 -0.3272 -0.3358 -0.3415 -0.3436 -0.3415 -0.3358 -0.3272 -0.3169 -0.3055 -0.2935 -0.2810 -0.2684 -0.2555 -0.2423 -0.2288 -0.2146 -0.1994 -0.1825 -0.1627 -0.1375 -0.1007 -0.0312 0.1051 0.2251 0.2646 0.2579 0.2326 0.2023 0.1722 0.1433 0.1153 0.0868 0.0550 0.0144 -0.0482 -0.1477 -0.2516 -0.3226 -0.3632 -0.3838 -0.3921 -0.3928 -0.3885 -0.3812 -0.3717 -0.3610 -0.3494 -0.3372 -0.3247 -0.3120 -0.2992 -0.2863 -0.2734 -0.2603
-0.2733 -0.2862 -0.2991 -0.3119 -0.3246 -0.3371 -0.3493 -0.3609 -0.3716 -0.3811 -0.3885 -0.3927 -0.3922 -0.3840 -0.3634 -0.3231 -0.2525 -0.1487 -0.0490 0.0139 0.0547 0.0865 0.1151 0.1431 0.1719 0.2021 0.2324 0.2578 0.2647 0.2254 0.1055 -0.0310 -0.1006 -0.1375 -0.1627 -0.1825 -0.1994 -0.2146 -0.2288 -0.2424 -0.2556 -0.2685 -0.2813 -0.2939 -0.3063 -0.3183 -0.3295 -0.3397 -0.3480 -0.3535 -0.3555 -0.3535 -0.3480 -0.3397 -0.3296 -0.3183 -0.3063 -0.2939 -0.2813 -0.2685 -0.2556 -0.2424 -0.2288 -0.2146 -0.1994 -0.1825 -0.1628 -0.1375 -0.1007 -0.0310 0.1055 0.2253 0.2647 0.2578 0.2324 0.2021 0.1719 0.1431 0.1151 0.0865 0.0547 0.0140 -0.0489 -0.1487 -0.2524 -0.3231 -0.3634 -0.3839 -0.3922 -0.3927 -0.3885 -0.3811 -0.3717 -0.3609 -0.3493 -0.3371 -0.3246 -0.3119 -0.2991 -0.2862 -0.2733
-0.2862 -0.2989 -0.3118 -0.3245 -0.3370 -0.3491 -0.3608 -0.3715 -0.3810 -0.3884 -0.3927 -0.3922 -0.3841 -0.3637 -0.3236 -0.2532 -0.1497 -0.0497 0.0135 0.0544 0.0863 0.1148 0.1428 0.1717 0.2019 0.2322 0.2577 0.2648 0.2258 0.1062 -0.0307 -0.1005 -0.1375 -0.1627 -0.1825 -0.1994 -0.2147 -0.2289 -0.2425 -0.2557 -0.2687 -0.2815 -0.2942 -0.3067 -0.3190 -0.3308 -0.3419 -0.3518 -0.3597 -0.3649 -0.3668 -0.3649 -0.3597 -0.3518 -0.3419 -0.3309 -0.3190 -0.3067 -0.2942 -0.2815 -0.2687 -0.2557 -0.2425 -0.2289 -0.2147 -0.1994 -0.1825 -0.1627 -0.1375 -0.1005 -0.0307 0.1061 0.2257 0.2647 0.2577 0.2322 0.2019 0.1717 0.1428 0.1149 0.0863 0.0544 0.0136 -0.0497 -0.1496 -0.2532 -0.3235 -0.3637 -0.3841 -0.3922 -0.3927 -0.3884 -0.3810 -0.3716 -0.3608 -0.3491 -0.3370 -0.3245 -0.3118 -0.2989 -0.2862
-0.2990 -0.3116 -0.3243 -0.3368 -0.3490 -0.3607 -0.3714 -0.3809 -0.3884 -0.3927 -0.3922 -0.3842 -0.3639 -0.3240 -0.2540 -0.1506 -0.0504 0.0131 0.0541 0.0860 0.1146 0.1426 0.1714 0.2016 0.2320 0.2575 0.2648 0.2263 0.1071 -0.0302 -0.1003 -0.1374 -0.1627 -0.1825 -0.1994 -0.2147 -0.2289 -0.2425 -0.2557 -0.2687 -0.2816 -0.2943 -0.3070 -0.3194 -0.3316 -0.3432 -0.3539 -0.3632 -0.3706 -0.3753 -0.3770 -0.3753 -0.3706 -0.3632 -0.3539 -0.3432 -0.3316 -0.3194 -0.3070 -0.2943 -0.2816 -0.2687 -0.2557 -0.2425 -0.2289 -0.2147 -0.1994 -0.1825 -0.1627 -0.1374 -0.1003 -0.0302 0.1071 0.2262 0.2648 0.2575 0.2320 0.2016 0.1714 0.1426 0.1146 0.0860 0.0541 0.0131 -0.0504 -0.1506 -0.2540 -0.3240 -0.3639 -0.3842 -0.3922 -0.3927 -0.3884 -0.3809 -0.3714 -0.3607 -0.3490 -0.3368 -0.3243 -0.3116 -0.2990
-0.3117 -0.3242 -0.3367 -0.3489 -0.3605 -0.3713 -0.3808 -0.3883 -0.3927 -0.3923 -0.3843 -0.3642 -0.3245 -0.2547 -0.1516 -0.0511 0.0127 0.0538 0.0857 0.1144 0.1423 0.1712 0.2013 0.2317 0.2573 0.2649 0.2269 0.1083 -0.0295 -0.1000 -0.1372 -0.1626 -0.1824 -0.1994 -0.2146 -0.2289 -0.2425 -0.2557 -0.2688 -0.2816 -0.2944 -0.3071 -0.3197 -0.3320 -0.3439 -0.3551 -0.3652 -0.3738 -0.3802 -0.3842 -0.3855 -0.3842 -0.3802 -0.3738 -0.3652 -0.3551 -0.3439 -0.3320 -0.3197 -0.3071 -0.2944 -0.2816 -0.2688 -0.2557 -0.2425 -0.2289 -0.2146 -0.1994 -0.1825 -0.1626 -0.1372 -0.1000 -0.0295 0.1083 0.2268 0.2649 0.2573 0.2317 0.2013 0.1712 0.1424 0.1144 0.0858 0.0538 0.0127 -0.0511 -0.1516 -0.2547 -0.3245 -0.3642 -0.3843 -0.3923 -0.3927 -0.3883 -0.3808 -0.3713 -0.3605 -0.3489 -0.3367 -0.3242 -0.3117
-0.3244 -0.3366 -0.3487 -0.3604 -0.3712 -0.3807 -0.3882 -0.3927 -0.3923 -0.3844 -0.3645 -0.3250 -0.2555 -0.1526 -0.0518 0.0122 0.0534 0.0855 0.1141 0.1421 0.1709 0.2011 0.2315 0.2572 0.2650 0.2275 0.1097 -0.0286 -0.0997 -0.1370 -0.1624 -0.1824 -0.1993 -0.2146 -0.2288 -0.2425 -0.2557 -0.2688 -0.2817 -0.2945 -0.3072 -0.3198 -0.3322 -0.3443 -0.3557 -0.3663 -0.3755 -0.3829 -0.3880 -0.3907 -0.3916 -0.3907 -0.3880 -0.3829 -0.3755 -0.3663 -0.3557 -0.3443 -0.3322 -0.3198 -0.3072 -0.2945 -0.2817 -0.2688 -0.2557 -0.2425 -0.2288 -0.2146 -0.1993 -0.1824 -0.1625 -0.1370 -0.0997 -0.0287 0.1097 0.2275 0.2650 0.2572 0.2315 0.2011 0.1709 0.1421 0.1141 0.0855 0.0535 0.0123 -0.0518 -0.1526 -0.2555 -0.3249 -0.3645 -0.3844 -0.3923 -0.3927 -0.3882 -0.3807 -0.3712 -0.3604 -0.3487 -0.3366 -0.3244
-0.3369 -0.3486 -0.3603 -0.3711 -0.3806 -0.3882 -0.3926 -0.3924 -0.3846 -0.3648 -0.3255 -0.2564 -0.1537 -0.0526 0.0118 0.0531 0.0852 0.1138 0.1418 0.1706 0.2008 0.2312 0.2570 0.2651 0.2282 0.1112 -0.0277 -0.0992 -0.1368 -0.1623 -0.1822 -0.1992 -0.2145 -0.2288 -0.2424 -0.2557 -0.2687 -0.2816 -0.2945 -0.3072 -0.3199 -0.3323 -0.3445 -0.3561 -0.3669 -0.3765 -0.3843 -0.3898 -0.3927 -0.3936 -0.3937 -0.3936 -0.3927 -0.3898 -0.3843 -0.3765 -0.3669 -0.3561 -0.3445 -0.3323 -0.3199 -0.3072 -0.2945 -0.2816 -0.2687 -0.2557 -0.2424 -0.2288 -0.2145 -0.1992 -0.1822 -0.1623 -0.1368 -0.0992 -0.0277 0.1112 0.2282 0.2651 0.2570 0.2312 0.2008 0.1706 0.1418 0.1138 0.0852 0.0531 0.0118 -0.0526 -0.1537 -0.2564 -0.3255 -0.3648 -0.3846 -0.3924 -0.3926 -0.3882 -0.3806 -0.3711 -0.3603 -0.3486 -0.3369
-0.3491 -0.3601 -0.3710 -0.3805 -0.3881 -0.3926 -0.3924 -0.3848 -0.3651 -0.3262 -0.2574 -0.1550 -0.0535 0.0112 0.0527 0.0849 0.1135 0.1415 0.1703 0.2004 0.2309 0.2568 0.2652 0.2290 0.1129 -0.0266 -0.0987 -0.1364 -0.1620 -0.1820 -0.1991 -0.2144 -0.2287 -0.2423 -0.2556 -0.2687 -0.2816 -0.2944 -0.3072 -0.3199 -0.3324 -0.3445 -0.3563 -0.3672 -0.3769 -0.3850 -0.3906 -0.3933 -0.3929 -0.3909 -0.3897 -0.3909 -0.3929 -0.3933 -0.3906 -0.3850 -0.3769 -0.3672 -0.3563 -0.3446 -0.3324 -0.3199 -0.3072 -0.2944 -0.2816 -0.2687 -0.2556 -0.2423 -0.2287 -0.2144 -0.1991 -0.1820 -0.1620 -0.1364 -0.0987 -0.0266 0.1129 0.2290 0.2652 0.2568 0.2309 0.2004 0.1703 0.1415 0.1135 0.0849 0.0527 0.0112 -0.0535 -0.1550 -0.2575 -0.3262 -0.3651 -0.3848 -0.3924 -0.3926 -0.3881 -0.3805 -0.3710 -0.3601 -0.3491
-0.3608 -0.3708 -0.3804 -0.3880 -0.3926 -0.3925 -0.3849 -0.3655 -0.3269 -0.2587 -0.1565 -0.0547 0.0106 0.0523 0.0845 0.1132 0.1412 0.1699 0.2000 0.2305 0.2565 0.2652 0.2298 0.1148 -0.0253 -0.0981 -0.1361 -0.1618 -0.1818 -0.1989 -0.2142 -0.2285 -0.2422 -0.2555 -0.2685 -0.2815 -0.2943 -0.3071 -0.3198 -0.3323 -0.3446 -0.3563 -0.3673 -0.3772 -0.3853 -0.3910 -0.3933 -0.3916 -0.3860 -0.3793 -0.3762 -0.3793 -0.3860 -0.3916 -0.3933 -0.3910 -0.3853 -0.3772 -0.3673 -0.3563 -0.3446 -0.3323 -0.3198 -0.3071 -0.2943 -0.2815 -0.2685 -0.2555 -0.2422 -0.2285 -0.2142 -0.1989 -0.1818 -0.1618 -0.1361 -0.0981 -0.0253 0.1148 0.2299 0.2652 0.2565 0.2305 0.2000 0.1699 0.1412 0.1132 0.0845 0.0523 0.0106 -0.0547 -0.1566 -0.2588 -0.3270 -0.3656 -0.3850 -0.3925 -0.3926 -0.3880 -0.3804 -0.3708 -0.3608
-0.3716 -0.3802 -0.3879 -0.3925 -0.3925 -0.3852 -0.3661 -0.3279 -0.2603 -0.1586 -0.0562 0.0097 0.0517 0.0840 0.1127 0.1407 0.1694 0.1995 0.2300 0.2562 0.2654 0.2310 0.1173 -0.0236 -0.0973 -0.1356 -0.1614 -0.1815 -0.1986 -0.2140 -0.2283 -0.2420 -0.2553 -0.2684 -0.2813 -0.2942 -0.3070 -0.3197 -0.3322 -0.3445 -0.3563 -0.3673 -0.3773 -0.3855 -0.3912 -0.3933 -0.3904 -0.3817 -0.3677 -0.3535 -0.3472 -0.3535 -0.3677 -0.3817 -0.3904 -0.3933 -0.3912 -0.3855 -0.3773 -0.3673 -0.3563 -0.3445 -0.3322 -0.3197 -0.3070 -0.2942 -0.2813 -0.2684 -0.2553 -0.2420 -0.2283 -0.2140 -0.1986 -0.1815 -0.1614 -0.1356 -0.0973 -0.0236 0.1173 0.2310 0.2654 0.2562 0.2300 0.1995 0.1694 0.1407 0.1127 0.0840 0.0516 0.0096 -0.0563 -0.1588 -0.2604 -0.3280 -0.3661 -0.3852 -0.3925 -0.3925 -0.3879 -0.3802 -0.3716
-0.3813 -0.3877 -0.3924 -0.3926 -0.3855 -0.3668 -0.3293 -0.2626 -0.1616 -0.0584 0.0084 0.0508 0.0833 0.1120 0.1400 0.1687 0.1988 0.2293 0.2557 0.2655 0.2325 0.1209 -0.0212 -0.0962 -0.1349 -0.1609 -0.1811 -0.1982 -0.2136 -0.2280 -0.2417 -0.2550 -0.2681 -0.2810 -0.2939 -0.3067 -0.3194 -0.3320 -0.3443 -0.3561 -0.3672 -0.3772 -0.3855 -0.3913 -0.3933 -0.3898 -0.3788 -0.3589 -0.3316 -0.3055 -0.2942 -0.3055 -0.3316 -0.3589 -0.3788 -0.3898 -0.3933 -0.3913 -0.3855 -0.3772 -0.3672 -0.3561 -0.3443 -0.3320 -0.3194 -0.3067 -0.2939 -0.2810 -0.2681 -0.2550 -0.2417 -0.2280 -0.2136 -0.1982 -0.1811 -0.1609 -0.1348 -0.0961 -0.0211 0.1210 0.2326 0.2655 0.2557 0.2293 0.1988 0.1687 0.1400 0.1120 0.0832 0.0507 0.0083 -0.0586 -0.1618 -0.2627 -0.3294 -0.3668 -0.3855 -0.3926 -0.3924 -0.3877 -0.3813
-0.3891 -0.3923 -0.3927 -0.3860 -0.3679 -0.3313 -0.2660 -0.1660 -0.0619 0.0063 0.0494 0.0821 0.1110 0.1390 0.1677 0.1977 0.2282 0.2549 0.2657 0.2349 0.1265 -0.0172 -0.0943 -0.1337 -0.1601 -0.1804 -0.1976 -0.2131 -0.2275 -0.2412 -0.2545 -0.2676 -0.2806 -0.2935 -0.3063 -0.3190 -0.3316 -0.3439 -0.3558 -0.3669 -0.3770 -0.3854 -0.3912 -0.3933 -0.3896 -0.3775 -0.3537 -0.3162 -0.2689 -0.2266 -0.2094 -0.2266 -0.2689 -0.3163 -0.3538 -0.3775 -0.3896 -0.3933 -0.3912 -0.3853 -0.3769 -0.3669 -0.3557 -0.3439 -0.3316 -0.3190 -0.3063 -0.2935 -0.2806 -0.2676 -0.2545 -0.2412 -0.2274 -0.2131 -0.1976 -0.1804 -0.1600 -0.1337 -0.0942 -0.0171 0.1267 0.2350 0.2657 0.2548 0.2282 0.1977 0.1676 0.1389 0.1109 0.0820 0.0493 0.0062 -0.0621 -0.1663 -0.2662 -0.3314 -0.3680 -0.3861 -0.3928 -0.3923 -0.3891
-0.3942 -0.3929 -0.3868 -0.3696 -0.3345 -0.2714 -0.1733 -0.0676 0.0029 0.0470 0.0802 0.1092 0.1372 0.1658 0.1958 0.2264 0.2535 0.2658 0.2386 0.1357 -0.0104 -0.0911 -0.1318 -0.1587 -0.1793 -0.1967 -0.2122 -0.2266 -0.2404 -0.2537 -0.2668 -0.2798 -0.2927 -0.3055 -0.3183 -0.3309 -0.3432 -0.3551 -0.3663 -0.3765 -0.3850 -0.3910 -0.3933 -0.3898 -0.3775 -0.3520 -0.3087 -0.2461 -0.1761 -0.1240 -0.1058 -0.1241 -0.1762 -0.2462 -0.3088 -0.3521 -0.3775 -0.3898 -0.3933 -0.3910 -0.3850 -0.3765 -0.3663 -0.3551 -0.3432 -0.3309 -0.3183 -0.3055 -0.2927 -0.2798 -0.2668 -0.2537 -0.2403 -0.2266 -0.2121 -0.1966 -0.1792 -0.1586 -0.1317 -0.0910 -0.0101 0.1360 0.2387 0.2658 0.2535 0.2263 0.1957 0.1657 0.1371 0.1091 0.0801 0.0469 0.0027 -0.0679 -0.1737 -0.2717 -0.3347 -0.3697 -0.3868 -0.3929 -0.3942
-0.3956 -0.3880 -0.3724 -0.3397 -0.2801 -0.1855 -0.0778 -0.0031 0.0429 0.0768 0.1062 0.1342 0.1627 0.1925 0.2232 0.2510 0.2658 0.2443 0.1506 0.0023 -0.0853 -0.1284 -0.1562 -0.1773 -0.1949 -0.2106 -0.2251 -0.2389 -0.2523 -0.2655 -0.2785 -0.2914 -0.3042 -0.3170 -0.3296 -0.3420 -0.3539 -0.3653 -0.3756 -0.3843 -0.3906 -0.3933 -0.3904 -0.3788 -0.3536 -0.3086 -0.2385 -0.1519 -0.0794 -0.0393 -0.0271 -0.0394 -0.0795 -0.1521 -0.2388 -0.3088 -0.3538 -0.3788 -0.3904 -0.3933 -0.3906 -0.3843 -0.3755 -0.3652 -0.3539 -0.3419 -0.3296 -0.3169 -0.3042 -0.2913 -0.2784 -0.2654 -0.2523 -0.2389 -0.2251 -0.2106 -0.1949 -0.1772 -0.1561 -0.1282 -0.0851 0.0027 0.1511 0.2445 0.2658 0.2509 0.2230 0.1924 0.1626 0.1340 0.1060 0.0767 0.0427 -0.0034 -0.0783 -0.1861 -0.2806 -0.3399 -0.3725 -0.3881 -0.3957
-0.3927 -0.3766 -0.3478 -0.2943 -0.2062 -0.0967 -0.0144 0.0355 0.0709 0.1008 0.1289 0.1573 0.1869 0.2175 0.2464 0.2648 0.2525 0.1744 0.0268 -0.0736 -0.1219 -0.1517 -0.1737 -0.1918 -0.2078 -0.2225 -0.2364 -0.2499 -0.2630 -0.2761 -0.2890 -0.3019 -0.3146 -0.3273 -0.3398 -0.3518 -0.3633 -0.3738 -0.3829 -0.3898 -0.3933 -0.3915 -0.3816 -0.3587 -0.3160 -0.2458 -0.1517 -0.0666 -0.0150 0.0110 0.0191 0.0110 -0.0152 -0.0669 -0.1521 -0.2463 -0.3163 -0.3589 -0.3817 -0.3916 -0.3933 -0.3898 -0.3829 -0.3738 -0.3632 -0.3518 -0.3397 -0.3272 -0.3146 -0.3018 -0.2889 -0.2760 -0.2630 -0.2498 -0.2364 -0.2224 -0.2077 -0.1917 -0.1736 -0.1515 -0.1217 -0.0733 0.0276 0.1751 0.2527 0.2648 0.2462 0.2173 0.1867 0.1571 0.1287 0.1006 0.0707 0.0352 -0.0148 -0.0974 -0.2069 -0.2948 -0.3481 -0.3767 -0.3927
-0.3857 -0.3597 -0.3155 -0.2392 -0.1318 -0.0368 0.0215 0.0603 0.0914 0.1199 0.1480 0.1771 0.2076 0.2376 0.2609 0.2616 0.2087 0.0749 -0.0492 -0.1093 -0.1432 -0.1671 -0.1863 -0.2028 -0.2179 -0.2320 -0.2456 -0.2588 -0.2719 -0.2849 -0.2978 -0.3106 -0.3233 -0.3358 -0.3481 -0.3598 -0.3707 -0.3803 -0.3880 -0.3928 -0.3929 -0.3859 -0.3676 -0.3313 -0.2685 -0.1756 -0.0790 -0.0149 0.0213 0.0408 0.0471 0.0407 0.0212 -0.0152 -0.0796 -0.1763 -0.2690 -0.3316 -0.3677 -0.3860 -0.3929 -0.3927 -0.3880 -0.3802 -0.3706 -0.3597 -0.3480 -0.3358 -0.3232 -0.3105 -0.2977 -0.2848 -0.2718 -0.2588 -0.2455 -0.2319 -0.2178 -0.2027 -0.1862 -0.1670 -0.1430 -0.1090 -0.0486 0.0761 0.2094 0.2618 0.2608 0.2374 0.2073 0.1769 0.1478 0.1196 0.0912 0.0600 0.0211 -0.0374 -0.1328 -0.2400 -0.3160 -0.3600 -0.3859
-0.3779 -0.3430 -0.2853 -0.1924 -0.0834 -0.0063 0.0409 0.0753 0.1047 0.1328 0.1613 0.1911 0.2218 0.2499 0.2655 0.2460 0.1554 0.0075 -0.0824 -0.1268 -0.1551 -0.1764 -0.1942 -0.2099 -0.2245 -0.2384 -0.2518 -0.2649 -0.2779 -0.2909 -0.3037 -0.3165 -0.3292 -0.3416 -0.3536 -0.3650 -0.3754 -0.3843 -0.3908 -0.3936 -0.3909 -0.3792 -0.3532 -0.3050 -0.2259 -0.1234 -0.0389 0.0112 0.0409 0.0577 0.0633 0.0576 0.0407 0.0109 -0.0394 -0.1241 -0.2266 -0.3055 -0.3535 -0.3793 -0.3909 -0.3936 -0.3907 -0.3842 -0.3753 -0.3649 -0.3535 -0.3415 -0.3291 -0.3164 -0.3036 -0.2908 -0.2779 -0.2648 -0.2517 -0.2383 -0.2244 -0.2098 -0.1941 -0.1763 -0.1549 -0.1265 -0.0819 0.0086 0.1567 0.2465 0.2655 0.2497 0.2215 0.1908 0.1611 0.1325 0.1045 0.0750 0.0405 -0.0069 -0.0843 -0.1934 -0.2861 -0.3434 -0.3781
-0.3743 -0.3358 -0.2726 -0.1742 -0.0678 0.0030 0.0472 0.0804 0.1095 0.1375 0.1662 0.1962 0.2268 0.2538 0.2655 0.2368 0.1315 -0.0128 -0.0918 -0.1322 -0.1590 -0.1796 -0.1969 -0.2124 -0.2269 -0.2406 -0.2540 -0.2671 -0.2801 -0.2930 -0.3059 -0.3187 -0.3313 -0.3437 -0.3556 -0.3669 -0.3770 -0.3856 -0.3916 -0.3937 -0.3897 -0.3760 -0.3469 -0.2937 -0.2087 -0.1052 -0.0267 0.0193 0.0472 0.0634 0.0687 0.0633 0.0471 0.0190 -0.0272 -0.1059 -0.2095 -0.2943 -0.3472 -0.3762 -0.3897 -0.3937 -0.3916 -0.3855 -0.3770 -0.3668 -0.3555 -0.3436 -0.3312 -0.3186 -0.3058 -0.2929 -0.2800 -0.2670 -0.2539 -0.2405 -0.2268 -0.2123 -0.1968 -0.1794 -0.1588 -0.1320 -0.0913 -0.0118 0.1329 0.2373 0.2655 0.2536 0.2265 0.1959 0.1659 0.1372 0.1092 0.0801 0.0468 0.0025 -0.0687 -0.1753 -0.2734 -0.3362 -0.3745
