0.2239 0.2428 0.2643 0.2885 0.3156 0.3455 0.3781 0.4124 0.4467 0.4776 0.4998 0.5101 0.5114 0.5063 0.4959 0.4805 0.4599 0.4338 0.4016 0.3630 0.3180 0.2681 0.2184 0.1802 0.1602 0.1494 0.1426 0.1381 0.1353 0.1338 0.1334 0.1341 0.1360 0.1390 0.1431 0.1484 0.1551 0.1631 0.1727 0.1840 0.1970 0.2120 0.2291 0.2484 0.2699 0.2933 0.3180 0.3423 0.3639 0.3791 0.3847 0.3791 0.3639 0.3423 0.3180 0.2933 0.2699 0.2484 0.2291 0.2120 0.1970 0.1840 0.1727 0.1631 0.1551 0.1484 0.1431 0.1390 0.1360 0.1341 0.1334 0.1338 0.1353 0.1381 0.1426 0.1494 0.1602 0.1802 0.2184 0.2681 0.3180 0.3630 0.4016 0.4338 0.4599 0.4805 0.4959 0.5063 0.5114 0.5101 0.4998 0.4776 0.4467 0.4124 0.3781 0.3455 0.3156 0.2885 0.2643 0.2428 0.2239
0.2428 0.2644 0.2886 0.3156 0.3454 0.3777 0.4116 0.4454 0.4757 0.4972 0.5072 0.5083 0.5032 0.4928 0.4775 0.4570 0.4310 0.3991 0.3608 0.3161 0.2666 0.2173 0.1796 0.1598 0.1492 0.1426 0.1381 0.1353 0.1338 0.1335 0.1343 0.1362 0.1392 0.1433 0.1487 0.1554 0.1634 0.1730 0.1843 0.1974 0.2124 0.2296 0.2491 0.2709 0.2950 0.3211 0.3481 0.3744 0.3972 0.4129 0.4186 0.4129 0.3972 0.3744 0.3481 0.3210 0.2950 0.2709 0.2491 0.2296 0.2124 0.1974 0.1843 0.1730 0.1634 0.1554 0.1487 0.1433 0.1392 0.1362 0.1343 0.1335 0.1338 0.1353 0.1381 0.1426 0.1492 0.1598 0.1796 0.2173 0.2666 0.3161 0.3608 0.3991 0.4310 0.4570 0.4775 0.4928 0.5032 0.5083 0.5072 0.4972 0.4757 0.4454 0.4116 0.3777 0.3454 0.3156 0.2886 0.2644 0.2428
0.2643 0.2886 0.3157 0.3456 0.3779 0.4119 0.4457 0.4760 0.4974 0.5073 0.5083 0.5031 0.4927 0.4773 0.4568 0.4307 0.3987 0.3604 0.3156 0.2660 0.2168 0.1793 0.1597 0.1492 0.1425 0.1381 0.1353 0.1338 0.1335 0.1343 0.1362 0.1392 0.1434 0.1487 0.1554 0.1635 0.1732 0.1844 0.1975 0.2126 0.2299 0.2495 0.2716 0.2961 0.3231 0.3518 0.3810 0.4087 0.4319 0.4473 0.4526 0.4473 0.4319 0.4087 0.3810 0.3518 0.3231 0.2961 0.2716 0.2495 0.2299 0.2126 0.1975 0.1844 0.1732 0.1635 0.1554 0.1487 0.1434 0.1392 0.1362 0.1343 0.1335 0.1338 0.1353 0.1381 0.1425 0.1492 0.1597 0.1793 0.2168 0.2660 0.3156 0.3604 0.3987 0.4307 0.4568 0.4773 0.4927 0.5031 0.5083 0.5073 0.4974 0.4760 0.4457 0.4119 0.3779 0.3456 0.3157 0.2886 0.2643
0.2885 0.3156 0.3456 0.3780 0.4121 0.4460 0.4762 0.4975 0.5073 0.5083 0.5030 0.4926 0.4771 0.4565 0.4304 0.3984 0.3599 0.3151 0.2655 0.2163 0.1790 0.1595 0.1491 0.1424 0.1381 0.1353 0.1338 0.1335 0.1343 0.1362 0.1392 0.1434 0.1488 0.1555 0.1636 0.1733 0.1846 0.1977 0.2128 0.2301 0.2498 0.2720 0.2969 0.3243 0.3539 0.3849 0.4155 0.4431 0.4646 0.4776 0.4819 0.4776 0.4646 0.4431 0.4155 0.3849 0.3539 0.3243 0.2969 0.2720 0.2498 0.2301 0.2128 0.1977 0.1846 0.1733 0.1636 0.1555 0.1488 0.1434 0.1392 0.1362 0.1343 0.1335 0.1338 0.1353 0.1381 0.1424 0.1491 0.1595 0.1790 0.2163 0.2655 0.3151 0.3599 0.3984 0.4304 0.4565 0.4771 0.4926 0.5030 0.5083 0.5073 0.4975 0.4762 0.4460 0.4121 0.3780 0.3456 0.3156 0.2885
0.3156 0.3454 0.3779 0.4121 0.4460 0.4763 0.4976 0.5073 0.5083 0.5030 0.4925 0.4769 0.4563 0.4302 0.3980 0.3595 0.3147 0.2650 0.2159 0.1788 0.1594 0.1490 0.1424 0.1380 0.1353 0.1338 0.1335 0.1343 0.1362 0.1393 0.1435 0.1489 0.1556 0.1637 0.1734 0.1847 0.1979 0.2130 0.2304 0.2501 0.2724 0.2974 0.3251 0.3553 0.3872 0.4194 0.4495 0.4742 0.4905 0.4986 0.5008 0.4986 0.4905 0.4742 0.4495 0.4194 0.3872 0.3553 0.3251 0.2974 0.2724 0.2501 0.2304 0.2130 0.1979 0.1847 0.1734 0.1637 0.1556 0.1489 0.1435 0.1393 0.1362 0.1343 0.1335 0.1338 0.1353 0.1380 0.1424 0.1490 0.1594 0.1788 0.2159 0.2650 0.3147 0.3595 0.3980 0.4302 0.4563 0.4769 0.4925 0.5030 0.5083 0.5073 0.4976 0.4763 0.4460 0.4121 0.3779 0.3454 0.3156
0.3455 0.3777 0.4119 0.4460 0.4763 0.4976 0.5074 0.5083 0.5029 0.4924 0.4768 0.4561 0.4299 0.3977 0.3592 0.3142 0.2646 0.2155 0.1785 0.1593 0.1489 0.1423 0.1380 0.1352 0.1338 0.1335 0.1343 0.1363 0.1393 0.1435 0.1489 0.1557 0.1638 0.1735 0.1848 0.1980 0.2132 0.2306 0.2504 0.2727 0.2978 0.3257 0.3562 0.3886 0.4217 0.4532 0.4794 0.4965 0.5048 0.5077 0.5082 0.5077 0.5048 0.4965 0.4793 0.4532 0.4217 0.3886 0.3562 0.3257 0.2978 0.2727 0.2504 0.2306 0.2132 0.1980 0.1848 0.1735 0.1638 0.1557 0.1489 0.1435 0.1393 0.1363 0.1343 0.1335 0.1338 0.1352 0.1380 0.1423 0.1489 0.1593 0.1785 0.2155 0.2645 0.3142 0.3591 0.3977 0.4299 0.4561 0.4768 0.4924 0.5029 0.5083 0.5074 0.4976 0.4763 0.4460 0.4119 0.3777 0.3455
0.3781 0.4116 0.4457 0.4762 0.4976 0.5074 0.5083 0.5029 0.4923 0.4767 0.4559 0.4297 0.3974 0.3588 0.3138 0.2641 0.2151 0.1783 0.1592 0.1488 0.1423 0.1380 0.1352 0.1338 0.1335 0.1344 0.1363 0.1393 0.1436 0.1490 0.1558 0.1639 0.1736 0.1850 0.1982 0.2134 0.2308 0.2506 0.2730 0.2982 0.3262 0.3568 0.3895 0.4232 0.4553 0.4822 0.4995 0.5070 0.5087 0.5080 0.5074 0.5080 0.5087 0.5070 0.4994 0.4822 0.4553 0.4232 0.3895 0.3568 0.3262 0.2982 0.2730 0.2506 0.2308 0.2134 0.1982 0.1850 0.1736 0.1639 0.1558 0.1490 0.1436 0.1393 0.1363 0.1344 0.1335 0.1338 0.1352 0.1380 0.1423 0.1488 0.1591 0.1783 0.2151 0.2641 0.3138 0.3588 0.3974 0.4297 0.4559 0.4767 0.4923 0.5029 0.5083 0.5074 0.4976 0.4762 0.4457 0.4116 0.3781
0.4124 0.4454 0.4760 0.4975 0.5073 0.5083 0.5029 0.4923 0.4766 0.4558 0.4295 0.3972 0.3585 0.3134 0.2637 0.2147 0.1780 0.1590 0.1488 0.1422 0.1379 0.1352 0.1338 0.1335 0.1344 0.1363 0.1394 0.1436 0.1491 0.1558 0.1640 0.1737 0.1851 0.1983 0.2135 0.2310 0.2508 0.2733 0.2985 0.3266 0.3573 0.3902 0.4241 0.4566 0.4838 0.5009 0.5079 0.5084 0.5055 0.5021 0.5006 0.5021 0.5055 0.5084 0.5079 0.5009 0.4838 0.4566 0.4241 0.3902 0.3573 0.3266 0.2985 0.2733 0.2508 0.2310 0.2136 0.1983 0.1851 0.1737 0.1640 0.1558 0.1491 0.1436 0.1394 0.1363 0.1344 0.1335 0.1338 0.1352 0.1379 0.1422 0.1488 0.1590 0.1780 0.2147 0.2637 0.3134 0.3585 0.3972 0.4295 0.4558 0.4766 0.4923 0.5029 0.5083 0.5073 0.4975 0.4760 0.4454 0.4124
0.4467 0.4757 0.4974 0.5073 0.5083 0.5029 0.4923 0.4766 0.4558 0.4294 0.3971 0.3583 0.3131 0.2633 0.2143 0.1778 0.1589 0.1487 0.1422 0.1379 0.1352 0.1338 0.1335 0.1344 0.1363 0.1394 0.1436 0.1491 0.1559 0.1641 0.1738 0.1852 0.1985 0.2137 0.2312 0.2511 0.2736 0.2988 0.3269 0.3577 0.3907 0.4248 0.4575 0.4848 0.5017 0.5083 0.5078 0.5032 0.4967 0.4909 0.4886 0.4909 0.4967 0.5032 0.5078 0.5083 0.5017 0.4848 0.4575 0.4248 0.3907 0.3577 0.3269 0.2988 0.2736 0.2511 0.2312 0.2137 0.1985 0.1852 0.1738 0.1641 0.1559 0.1491 0.1436 0.1394 0.1363 0.1344 0.1335 0.1338 0.1352 0.1379 0.1422 0.1487 0.1589 0.1778 0.2143 0.2633 0.3131 0.3583 0.3971 0.4294 0.4558 0.4766 0.4923 0.5029 0.5083 0.5073 0.4974 0.4757 0.4467
0.4776 0.4972 0.5073 0.5083 0.5030 0.4924 0.4767 0.4558 0.4294 0.3970 0.3582 0.3130 0.2631 0.2140 0.1776 0.1588 0.1486 0.1422 0.1379 0.1352 0.1338 0.1335 0.1344 0.1364 0.1394 0.1437 0.1492 0.1560 0.1642 0.1739 0.1853 0.1986 0.2139 0.2314 0.2513 0.2738 0.2991 0.3272 0.3581 0.3912 0.4253 0.4581 0.4854 0.5022 0.5084 0.5074 0.5016 0.4928 0.4828 0.4746 0.4714 0.4746 0.4828 0.4928 0.5016 0.5074 0.5084 0.5022 0.4854 0.4581 0.4253 0.3912 0.3581 0.3272 0.2991 0.2738 0.2513 0.2314 0.2139 0.1986 0.1853 0.1739 0.1642 0.1560 0.1492 0.1437 0.1394 0.1364 0.1344 0.1335 0.1338 0.1352 0.1379 0.1422 0.1486 0.1588 0.1776 0.2140 0.2631 0.3129 0.3582 0.3970 0.4294 0.4558 0.4767 0.4924 0.5030 0.5083 0.5073 0.4972 0.4776
0.4998 0.5072 0.5083 0.5030 0.4925 0.4768 0.4559 0.4295 0.3971 0.3582 0.3129 0.2630 0.2139 0.1775 0.1587 0.1486 0.1421 0.1378 0.1352 0.1338 0.1335 0.1344 0.1364 0.1395 0.1437 0.1492 0.1560 0.1642 0.1740 0.1854 0.1987 0.2140 0.2315 0.2514 0.2740 0.2993 0.3275 0.3584 0.3916 0.4257 0.4585 0.4858 0.5025 0.5085 0.5072 0.5006 0.4902 0.4772 0.4637 0.4530 0.4489 0.4530 0.4637 0.4772 0.4902 0.5006 0.5072 0.5085 0.5025 0.4858 0.4586 0.4257 0.3916 0.3584 0.3275 0.2994 0.2740 0.2515 0.2315 0.2140 0.1987 0.1854 0.1740 0.1642 0.1560 0.1492 0.1437 0.1395 0.1364 0.1344 0.1335 0.1338 0.1352 0.1378 0.1421 0.1486 0.1587 0.1775 0.2139 0.2629 0.3129 0.3582 0.3971 0.4295 0.4559 0.4768 0.4925 0.5030 0.5083 0.5072 0.4998
0.5101 0.5083 0.5031 0.4926 0.4769 0.4561 0.4297 0.3972 0.3583 0.3130 0.2630 0.2138 0.1774 0.1587 0.1485 0.1421 0.1378 0.1351 0.1338 0.1335 0.1344 0.1364 0.1395 0.1438 0.1493 0.1561 0.1643 0.1741 0.1855 0.1988 0.2141 0.2317 0.2516 0.2742 0.2996 0.3278 0.3587 0.3919 0.4261 0.4589 0.4861 0.5027 0.5085 0.5070 0.5000 0.4886 0.4736 0.4563 0.4391 0.4258 0.4206 0.4258 0.4391 0.4563 0.4736 0.4886 0.5000 0.5070 0.5085 0.5027 0.4861 0.4589 0.4261 0.3919 0.3587 0.3278 0.2996 0.2742 0.2516 0.2317 0.2141 0.1988 0.1855 0.1741 0.1643 0.1561 0.1493 0.1438 0.1395 0.1364 0.1344 0.1335 0.1338 0.1351 0.1378 0.1421 0.1485 0.1587 0.1774 0.2138 0.2629 0.3129 0.3583 0.3972 0.4297 0.4561 0.4769 0.4926 0.5031 0.5083 0.5101
0.5114 0.5032 0.4927 0.4771 0.4563 0.4299 0.3974 0.3585 0.3131 0.2631 0.2139 0.1774 0.1587 0.1485 0.1421 0.1378 0.1351 0.1337 0.1335 0.1344 0.1364 0.1395 0.1438 0.1493 0.1562 0.1644 0.1742 0.1856 0.1990 0.2143 0.2318 0.2518 0.2744 0.2998 0.3280 0.3590 0.3922 0.4264 0.4592 0.4864 0.5028 0.5086 0.5069 0.4996 0.4877 0.4715 0.4518 0.4299 0.4086 0.3923 0.3861 0.3923 0.4086 0.4299 0.4518 0.4715 0.4877 0.4996 0.5069 0.5086 0.5029 0.4864 0.4593 0.4264 0.3922 0.3590 0.3281 0.2998 0.2744 0.2518 0.2318 0.2143 0.1990 0.1856 0.1742 0.1644 0.1562 0.1493 0.1438 0.1395 0.1364 0.1344 0.1335 0.1337 0.1351 0.1378 0.1421 0.1485 0.1587 0.1774 0.2139 0.2631 0.3131 0.3585 0.3974 0.4299 0.4563 0.4771 0.4927 0.5032 0.5114
0.5063 0.4928 0.4773 0.4565 0.4302 0.3977 0.3588 0.3134 0.2633 0.2140 0.1775 0.1587 0.1485 0.1421 0.1378 0.1351 0.1337 0.1335 0.1344 0.1364 0.1396 0.1439 0.1494 0.1562 0.1645 0.1743 0.1858 0.1991 0.2144 0.2320 0.2520 0.2746 0.3000 0.3283 0.3593 0.3925 0.4267 0.4595 0.4866 0.5030 0.5086 0.5068 0.4994 0.4871 0.4702 0.4491 0.4242 0.3973 0.3716 0.3523 0.3449 0.3523 0.3716 0.3973 0.4242 0.4491 0.4702 0.4871 0.4994 0.5068 0.5086 0.5030 0.4866 0.4595 0.4267 0.3925 0.3593 0.3283 0.3000 0.2746 0.2520 0.2320 0.2144 0.1991 0.1858 0.1743 0.1645 0.1562 0.1494 0.1439 0.1396 0.1364 0.1344 0.1335 0.1337 0.1351 0.1378 0.1421 0.1485 0.1587 0.1775 0.2140 0.2633 0.3134 0.3588 0.3977 0.4302 0.4565 0.4773 0.4928 0.5063
0.4959 0.4775 0.4567 0.4304 0.3980 0.3592 0.3138 0.2637 0.2143 0.1776 0.1587 0.1485 0.1421 0.1378 0.1351 0.1337 0.1335 0.1344 0.1365 0.1396 0.1439 0.1494 0.1563 0.1646 0.1744 0.1859 0.1992 0.2146 0.2322 0.2522 0.2748 0.3003 0.3286 0.3596 0.3928 0.4270 0.4598 0.4868 0.5031 0.5086 0.5067 0.4992 0.4867 0.4695 0.4475 0.4209 0.3905 0.3582 0.3281 0.3059 0.2976 0.3059 0.3281 0.3582 0.3905 0.4209 0.4475 0.4695 0.4867 0.4992 0.5067 0.5086 0.5031 0.4868 0.4598 0.4270 0.3928 0.3596 0.3286 0.3003 0.2748 0.2522 0.2322 0.2146 0.1992 0.1859 0.1744 0.1646 0.1563 0.1494 0.1439 0.1396 0.1365 0.1344 0.1335 0.1337 0.1351 0.1378 0.1421 0.1485 0.1587 0.1776 0.2143 0.2637 0.3138 0.3591 0.3980 0.4304 0.4568 0.4775 0.4959
0.4805 0.4570 0.4307 0.3984 0.3595 0.3142 0.2641 0.2147 0.1778 0.1588 0.1486 0.1421 0.1378 0.1351 0.1337 0.1335 0.1344 0.1365 0.1396 0.1439 0.1495 0.1563 0.1646 0.1745 0.1860 0.1993 0.2147 0.2323 0.2524 0.2750 0.3005 0.3288 0.3598 0.3931 0.4273 0.4601 0.4870 0.5032 0.5086 0.5067 0.4991 0.4865 0.4690 0.4465 0.4189 0.3865 0.3502 0.3127 0.2790 0.2553 0.2468 0.2553 0.2790 0.3127 0.3502 0.3865 0.4189 0.4465 0.4690 0.4865 0.4991 0.5067 0.5086 0.5032 0.4870 0.4601 0.4273 0.3931 0.3599 0.3288 0.3005 0.2751 0.2524 0.2323 0.2147 0.1993 0.1860 0.1745 0.1646 0.1563 0.1495 0.1439 0.1396 0.1365 0.1344 0.1335 0.1337 0.1351 0.1378 0.1421 0.1486 0.1588 0.1778 0.2147 0.2641 0.3142 0.3595 0.3984 0.4307 0.4570 0.4805
0.4599 0.4310 0.3987 0.3599 0.3147 0.2646 0.2151 0.1780 0.1589 0.1486 0.1421 0.1378 0.1351 0.1337 0.1335 0.1344 0.1365 0.1396 0.1439 0.1495 0.1564 0.1647 0.1745 0.1861 0.1994 0.2149 0.2325 0.2526 0.2753 0.3007 0.3291 0.3601 0.3934 0.4276 0.4603 0.4872 0.5033 0.5086 0.5066 0.4990 0.4863 0.4686 0.4459 0.4177 0.3841 0.3454 0.3036 0.2625 0.2284 0.2070 0.2001 0.2070 0.2284 0.2624 0.3036 0.3454 0.3841 0.4177 0.4458 0.4686 0.4863 0.4989 0.5066 0.5086 0.5033 0.4872 0.4604 0.4276 0.3934 0.3601 0.3291 0.3008 0.2753 0.2526 0.2325 0.2149 0.1995 0.1861 0.1745 0.1647 0.1564 0.1495 0.1439 0.1396 0.1365 0.1344 0.1335 0.1337 0.1351 0.1378 0.1421 0.1486 0.1589 0.1780 0.2151 0.2645 0.3147 0.3599 0.3987 0.4310 0.4599
0.4338 0.3991 0.3603 0.3151 0.2650 0.2155 0.1783 0.1590 0.1487 0.1422 0.1378 0.1351 0.1337 0.1335 0.1344 0.1365 0.1396 0.1439 0.1495 0.1564 0.1647 0.1746 0.1861 0.1995 0.2150 0.2326 0.2527 0.2755 0.3010 0.3293 0.3604 0.3937 0.4279 0.4606 0.4874 0.5033 0.5086 0.5066 0.4989 0.4861 0.4684 0.4454 0.4170 0.3827 0.3427 0.2983 0.2529 0.2132 0.1865 0.1735 0.1699 0.1735 0.1865 0.2132 0.2529 0.2982 0.3427 0.3826 0.4169 0.4454 0.4684 0.4861 0.4988 0.5066 0.5086 0.5033 0.4874 0.4606 0.4279 0.3937 0.3604 0.3293 0.3010 0.2755 0.2528 0.2327 0.2150 0.1995 0.1861 0.1746 0.1647 0.1564 0.1495 0.1439 0.1396 0.1365 0.1344 0.1335 0.1337 0.1351 0.1378 0.1422 0.1487 0.1590 0.1783 0.2155 0.2650 0.3151 0.3604 0.3991 0.4338
0.4016 0.3608 0.3156 0.2655 0.2159 0.1785 0.1591 0.1488 0.1422 0.1379 0.1352 0.1338 0.1335 0.1344 0.1365 0.1396 0.1439 0.1495 0.1564 0.1647 0.1746 0.1862 0.1996 0.2151 0.2328 0.2529 0.2757 0.3012 0.3296 0.3607 0.3940 0.4282 0.4609 0.4876 0.5034 0.5087 0.5065 0.4988 0.4860 0.4681 0.4451 0.4164 0.3817 0.3410 0.2952 0.2475 0.2050 0.1770 0.1631 0.1567 0.1548 0.1567 0.1631 0.1770 0.2050 0.2475 0.2952 0.3410 0.3817 0.4164 0.4451 0.4681 0.4859 0.4988 0.5065 0.5087 0.5034 0.4876 0.4609 0.4282 0.3940 0.3607 0.3296 0.3012 0.2757 0.2529 0.2328 0.2151 0.1996 0.1862 0.1746 0.1647 0.1564 0.1495 0.1439 0.1396 0.1365 0.1344 0.1335 0.1338 0.1352 0.1379 0.1422 0.1488 0.1591 0.1785 0.2159 0.2655 0.3156 0.3608 0.4016
0.3630 0.3161 0.2660 0.2163 0.1788 0.1593 0.1488 0.1422 0.1379 0.1352 0.1338 0.1335 0.1344 0.1364 0.1396 0.1439 0.1495 0.1564 0.1647 0.1746 0.1862 0.1997 0.2151 0.2329 0.2530 0.2758 0.3014 0.3298 0.3610 0.3943 0.4285 0.4611 0.4878 0.5035 0.5087 0.5065 0.4987 0.4858 0.4680 0.4448 0.4160 0.3811 0.3400 0.2933 0.2443 0.2006 0.1724 0.1584 0.1511 0.1473 0.1461 0.1473 0.1511 0.1584 0.1724 0.2005 0.2443 0.2933 0.3399 0.3811 0.4160 0.4448 0.4679 0.4858 0.4987 0.5065 0.5087 0.5035 0.4878 0.4611 0.4285 0.3943 0.3610 0.3298 0.3014 0.2758 0.2530 0.2329 0.2151 0.1997 0.1862 0.1746 0.1647 0.1564 0.1495 0.1439 0.1396 0.1364 0.1344 0.1335 0.1338 0.1352 0.1379 0.1422 0.1488 0.1593 0.1788 0.2163 0.2660 0.3161 0.3630
0.3180 0.2666 0.2168 0.1790 0.1594 0.1489 0.1423 0.1379 0.1352 0.1338 0.1335 0.1344 0.1364 0.1396 0.1439 0.1495 0.1564 0.1647 0.1746 0.1862 0.1997 0.2152 0.2329 0.2531 0.2759 0.3016 0.3300 0.3612 0.3945 0.4288 0.4614 0.4880 0.5036 0.5087 0.5064 0.4986 0.4857 0.4678 0.4446 0.4157 0.3806 0.3392 0.2921 0.2425 0.1981 0.1701 0.1561 0.1483 0.1437 0.1412 0.1404 0.1412 0.1437 0.1483 0.1561 0.1701 0.1981 0.2424 0.2921 0.3392 0.3806 0.4156 0.4446 0.4678 0.4857 0.4986 0.5064 0.5087 0.5036 0.4880 0.4614 0.4288 0.3945 0.3612 0.3300 0.3016 0.2759 0.2531 0.2329 0.2152 0.1997 0.1862 0.1746 0.1647 0.1564 0.1495 0.1439 0.1396 0.1364 0.1344 0.1335 0.1338 0.1352 0.1379 0.1423 0.1489 0.1594 0.1790 0.2168 0.2666 0.3180
0.2681 0.2173 0.1793 0.1595 0.1490 0.1423 0.1380 0.1352 0.1338 0.1335 0.1344 0.1364 0.1395 0.1439 0.1494 0.1563 0.1647 0.1746 0.1862 0.1997 0.2152 0.2329 0.2531 0.2760 0.3016 0.3302 0.3614 0.3947 0.4290 0.4616 0.4882 0.5037 0.5087 0.5064 0.4985 0.4855 0.4676 0.4443 0.4154 0.3802 0.3386 0.2913 0.2413 0.1966 0.1688 0.1549 0.1469 0.1419 0.1388 0.1372 0.1367 0.1372 0.1388 0.1419 0.1469 0.1549 0.1688 0.1966 0.2413 0.2913 0.3386 0.3802 0.4153 0.4443 0.4676 0.4855 0.4985 0.5064 0.5087 0.5037 0.4882 0.4616 0.4290 0.3948 0.3614 0.3302 0.3017 0.2760 0.2531 0.2329 0.2152 0.1997 0.1862 0.1746 0.1647 0.1563 0.1494 0.1439 0.1395 0.1364 0.1344 0.1335 0.1338 0.1352 0.1380 0.1423 0.1490 0.1595 0.1793 0.2173 0.2681
0.2184 0.1796 0.1597 0.1491 0.1424 0.1380 0.1352 0.1338 0.1335 0.1344 0.1364 0.1395 0.1438 0.1494 0.1563 0.1646 0.1745 0.1861 0.1996 0.2151 0.2329 0.2531 0.2760 0.3017 0.3302 0.3615 0.3949 0.4292 0.4618 0.4883 0.5038 0.5087 0.5063 0.4984 0.4854 0.4674 0.4441 0.4151 0.3798 0.3382 0.2907 0.2405 0.1957 0.1681 0.1542 0.1461 0.1410 0.1377 0.1357 0.1348 0.1345 0.1348 0.1357 0.1377 0.1410 0.1461 0.1542 0.1681 0.1957 0.2404 0.2907 0.3381 0.3798 0.4151 0.4441 0.4674 0.4854 0.4984 0.5063 0.5087 0.5038 0.4883 0.4618 0.4292 0.3949 0.3615 0.3302 0.3017 0.2760 0.2531 0.2329 0.2151 0.1996 0.1861 0.1745 0.1646 0.1563 0.1494 0.1438 0.1395 0.1364 0.1344 0.1335 0.1338 0.1352 0.1380 0.1424 0.1491 0.1597 0.1796 0.2184
0.1802 0.1598 0.1492 0.1424 0.1380 0.1352 0.1338 0.1335 0.1344 0.1364 0.1395 0.1438 0.1493 0.1562 0.1646 0.1745 0.1861 0.1995 0.2151 0.2329 0.2531 0.2760 0.3017 0.3303 0.3615 0.3950 0.4293 0.4620 0.4884 0.5038 0.5087 0.5063 0.4983 0.4853 0.4672 0.4439 0.4148 0.3795 0.3377 0.2902 0.2398 0.1951 0.1676 0.1538 0.1457 0.1405 0.1371 0.1350 0.1340 0.1336 0.1335 0.1336 0.1340 0.1350 0.1371 0.1405 0.1457 0.1538 0.1676 0.1951 0.2398 0.2901 0.3377 0.3795 0.4148 0.4439 0.4672 0.4853 0.4983 0.5063 0.5087 0.5038 0.4884 0.4620 0.4293 0.3950 0.3616 0.3303 0.3017 0.2760 0.2531 0.2329 0.2151 0.1995 0.1861 0.1745 0.1646 0.1562 0.1493 0.1438 0.1395 0.1364 0.1344 0.1335 0.1338 0.1352 0.1380 0.1424 0.1492 0.1598 0.1802
0.1602 0.1492 0.1425 0.1381 0.1353 0.1338 0.1335 0.1344 0.1363 0.1394 0.1437 0.1493 0.1562 0.1645 0.1744 0.1860 0.1994 0.2150 0.2328 0.2530 0.2759 0.3016 0.3302 0.3615 0.3950 0.4294 0.4620 0.4885 0.5039 0.5087 0.5063 0.4982 0.4852 0.4671 0.4436 0.4145 0.3792 0.3373 0.2897 0.2393 0.1946 0.1673 0.1536 0.1455 0.1402 0.1367 0.1347 0.1337 0.1335 0.1336 0.1337 0.1336 0.1335 0.1337 0.1347 0.1367 0.1402 0.1455 0.1536 0.1673 0.1946 0.2393 0.2896 0.3373 0.3791 0.4145 0.4436 0.4670 0.4852 0.4982 0.5063 0.5087 0.5039 0.4885 0.4620 0.4294 0.3950 0.3616 0.3302 0.3017 0.2759 0.2530 0.2328 0.2150 0.1995 0.1860 0.1744 0.1645 0.1562 0.1493 0.1437 0.1394 0.1363 0.1344 0.1335 0.1338 0.1353 0.1381 0.1425 0.1492 0.1602
0.1494 0.1426 0.1381 0.1353 0.1338 0.1335 0.1344 0.1363 0.1394 0.1437 0.1492 0.1561 0.1644 0.1743 0.1859 0.1993 0.2149 0.2326 0.2529 0.2758 0.3016 0.3302 0.3615 0.3950 0.4294 0.4621 0.4885 0.5039 0.5087 0.5062 0.4982 0.4851 0.4669 0.4434 0.4142 0.3788 0.3369 0.2892 0.2388 0.1942 0.1671 0.1534 0.1453 0.1400 0.1366 0.1345 0.1336 0.1335 0.1341 0.1347 0.1350 0.1347 0.1341 0.1335 0.1336 0.1345 0.1366 0.1400 0.1453 0.1534 0.1670 0.1942 0.2388 0.2892 0.3369 0.3788 0.4142 0.4434 0.4669 0.4851 0.4982 0.5062 0.5087 0.5039 0.4885 0.4621 0.4294 0.3950 0.3615 0.3302 0.3016 0.2758 0.2529 0.2327 0.2149 0.1993 0.1859 0.1743 0.1644 0.1561 0.1492 0.1437 0.1394 0.1363 0.1344 0.1335 0.1338 0.1353 0.1381 0.1426 0.1494
0.1426 0.1381 0.1353 0.1338 0.1335 0.1343 0.1363 0.1394 0.1436 0.1492 0.1560 0.1643 0.1742 0.1858 0.1992 0.2147 0.2325 0.2527 0.2757 0.3014 0.3300 0.3614 0.3949 0.4293 0.4620 0.4885 0.5039 0.5087 0.5062 0.4981 0.4850 0.4668 0.4433 0.4140 0.3785 0.3366 0.2888 0.2384 0.1939 0.1669 0.1533 0.1452 0.1399 0.1365 0.1344 0.1335 0.1336 0.1345 0.1358 0.1370 0.1375 0.1370 0.1358 0.1345 0.1336 0.1335 0.1344 0.1365 0.1399 0.1452 0.1533 0.1668 0.1938 0.2383 0.2888 0.3365 0.3785 0.4140 0.4433 0.4668 0.4850 0.4981 0.5062 0.5087 0.5039 0.4885 0.4620 0.4293 0.3949 0.3614 0.3300 0.3014 0.2757 0.2528 0.2325 0.2147 0.1992 0.1858 0.1742 0.1643 0.1560 0.1492 0.1436 0.1394 0.1363 0.1343 0.1335 0.1338 0.1353 0.1381 0.1426
0.1381 0.1353 0.1338 0.1335 0.1343 0.1363 0.1393 0.1436 0.1491 0.1560 0.1642 0.1741 0.1856 0.1991 0.2146 0.2323 0.2526 0.2755 0.3012 0.3298 0.3612 0.3947 0.4292 0.4620 0.4885 0.5039 0.5087 0.5062 0.4981 0.4850 0.4667 0.4432 0.4138 0.3783 0.3362 0.2884 0.2380 0.1935 0.1667 0.1532 0.1451 0.1398 0.1364 0.1344 0.1335 0.1337 0.1348 0.1366 0.1387 0.1404 0.1411 0.1404 0.1387 0.1366 0.1348 0.1337 0.1335 0.1344 0.1364 0.1398 0.1451 0.1531 0.1667 0.1935 0.2379 0.2884 0.3362 0.3783 0.4138 0.4432 0.4667 0.4850 0.4981 0.5062 0.5087 0.5039 0.4885 0.4620 0.4292 0.3948 0.3612 0.3298 0.3012 0.2755 0.2526 0.2323 0.2146 0.1991 0.1856 0.1741 0.1642 0.1560 0.1491 0.1436 0.1393 0.1363 0.1343 0.1335 0.1338 0.1353 0.1381
0.1353 0.1338 0.1335 0.1343 0.1362 0.1393 0.1436 0.1491 0.1559 0.1642 0.1740 0.1855 0.1990 0.2144 0.2322 0.2524 0.2753 0.3010 0.3296 0.3610 0.3945 0.4290 0.4618 0.4884 0.5039 0.5087 0.5062 0.4981 0.4849 0.4667 0.4431 0.4137 0.3781 0.3360 0.2881 0.2376 0.1932 0.1665 0.1531 0.1450 0.1398 0.1364 0.1343 0.1335 0.1338 0.1350 0.1371 0.1399 0.1427 0.1450 0.1459 0.1450 0.1427 0.1399 0.1371 0.1350 0.1338 0.1335 0.1343 0.1364 0.1398 0.1450 0.1531 0.1665 0.1932 0.2376 0.2881 0.3360 0.3781 0.4137 0.4431 0.4667 0.4849 0.4981 0.5062 0.5087 0.5039 0.4884 0.4618 0.4290 0.3945 0.3610 0.3296 0.3010 0.2753 0.2524 0.2322 0.2144 0.1990 0.1855 0.1740 0.1642 0.1559 0.1491 0.1436 0.1393 0.1362 0.1343 0.1335 0.1338 0.1353
0.1338 0.1335 0.1343 0.1362 0.1393 0.1435 0.1490 0.1558 0.1641 0.1739 0.1854 0.1988 0.2143 0.2320 0.2522 0.2750 0.3007 0.3293 0.3607 0.3943 0.4288 0.4616 0.4883 0.5038 0.5087 0.5062 0.4981 0.4850 0.4667 0.4431 0.4137 0.3780 0.3359 0.2879 0.2374 0.1930 0.1664 0.1530 0.1450 0.1397 0.1363 0.1343 0.1335 0.1338 0.1351 0.1375 0.1406 0.1443 0.1480 0.1509 0.1520 0.1509 0.1480 0.1443 0.1406 0.1375 0.1351 0.1338 0.1335 0.1343 0.1363 0.1397 0.1450 0.1530 0.1664 0.1930 0.2373 0.2879 0.3359 0.3780 0.4137 0.4431 0.4667 0.4850 0.4981 0.5062 0.5087 0.5038 0.4883 0.4616 0.4288 0.3943 0.3607 0.3293 0.3008 0.2751 0.2522 0.2320 0.2143 0.1988 0.1854 0.1739 0.1641 0.1558 0.1490 0.1435 0.1393 0.1362 0.1343 0.1335 0.1338
0.1334 0.1343 0.1362 0.1392 0.1435 0.1489 0.1558 0.1640 0.1738 0.1853 0.1987 0.2141 0.2318 0.2520 0.2748 0.3005 0.3291 0.3604 0.3940 0.4285 0.4614 0.4882 0.5038 0.5087 0.5063 0.4982 0.4850 0.4667 0.4431 0.4137 0.3780 0.3358 0.2878 0.2372 0.1929 0.1663 0.1529 0.1449 0.1397 0.1363 0.1343 0.1335 0.1338 0.1352 0.1376 0.1410 0.1452 0.1500 0.1546 0.1581 0.1595 0.1581 0.1546 0.1500 0.1453 0.1410 0.1376 0.1352 0.1338 0.1335 0.1343 0.1363 0.1397 0.1449 0.1529 0.1663 0.1929 0.2372 0.2877 0.3358 0.3780 0.4137 0.4431 0.4667 0.4850 0.4982 0.5063 0.5087 0.5038 0.4882 0.4614 0.4285 0.3940 0.3604 0.3291 0.3005 0.2748 0.2520 0.2318 0.2141 0.1987 0.1853 0.1738 0.1640 0.1558 0.1489 0.1435 0.1392 0.1362 0.1343 0.1334
0.1341 0.1362 0.1392 0.1434 0.1489 0.1557 0.1639 0.1737 0.1852 0.1986 0.2140 0.2317 0.2518 0.2746 0.3003 0.3288 0.3601 0.3937 0.4282 0.4611 0.4880 0.5037 0.5087 0.5063 0.4982 0.4851 0.4668 0.4432 0.4137 0.3780 0.3358 0.2877 0.2371 0.1928 0.1662 0.1529 0.1449 0.1397 0.1363 0.1343 0.1335 0.1338 0.1353 0.1378 0.1413 0.1458 0.1512 0.1570 0.1626 0.1668 0.1684 0.1668 0.1626 0.1570 0.1512 0.1458 0.1413 0.1378 0.1353 0.1338 0.1335 0.1343 0.1363 0.1397 0.1449 0.1529 0.1662 0.1928 0.2371 0.2877 0.3358 0.3780 0.4137 0.4432 0.4668 0.4851 0.4982 0.5063 0.5087 0.5037 0.4880 0.4611 0.4282 0.3937 0.3601 0.3288 0.3003 0.2746 0.2518 0.2317 0.2140 0.1986 0.1852 0.1737 0.1639 0.1557 0.1489 0.1434 0.1392 0.1362 0.1341
0.1360 0.1392 0.1434 0.1488 0.1556 0.1638 0.1736 0.1851 0.1985 0.2139 0.2315 0.2516 0.2744 0.3000 0.3286 0.3598 0.3934 0.4279 0.4609 0.4878 0.5036 0.5087 0.5063 0.4983 0.4852 0.4669 0.4433 0.4138 0.3781 0.3359 0.2878 0.2371 0.1928 0.1662 0.1529 0.1449 0.1397 0.1363 0.1343 0.1335 0.1339 0.1353 0.1378 0.1414 0.1462 0.1519 0.1585 0.1655 0.1722 0.1771 0.1790 0.1771 0.1722 0.1655 0.1585 0.1519 0.1462 0.1415 0.1378 0.1353 0.1339 0.1335 0.1343 0.1363 0.1397 0.1449 0.1528 0.1662 0.1927 0.2371 0.2877 0.3359 0.3781 0.4138 0.4433 0.4669 0.4852 0.4983 0.5063 0.5087 0.5036 0.4878 0.4609 0.4279 0.3934 0.3599 0.3286 0.3000 0.2744 0.2516 0.2315 0.2139 0.1985 0.1851 0.1736 0.1638 0.1556 0.1488 0.1434 0.1392 0.1360
0.1390 0.1433 0.1487 0.1555 0.1637 0.1735 0.1850 0.1983 0.2137 0.2314 0.2514 0.2742 0.2998 0.3283 0.3596 0.3931 0.4276 0.4606 0.4876 0.5035 0.5087 0.5064 0.4984 0.4853 0.4671 0.4434 0.4140 0.3783 0.3360 0.2879 0.2372 0.1928 0.1662 0.1528 0.1449 0.1397 0.1363 0.1343 0.1335 0.1339 0.1353 0.1379 0.1415 0.1464 0.1523 0.1593 0.1673 0.1756 0.1834 0.1892 0.1914 0.1892 0.1834 0.1756 0.1673 0.1593 0.1523 0.1464 0.1415 0.1379 0.1353 0.1339 0.1335 0.1343 0.1363 0.1397 0.1449 0.1528 0.1662 0.1928 0.2372 0.2879 0.3360 0.3783 0.4140 0.4434 0.4670 0.4853 0.4984 0.5064 0.5087 0.5035 0.4876 0.4606 0.4276 0.3931 0.3596 0.3283 0.2998 0.2742 0.2515 0.2314 0.2137 0.1983 0.1850 0.1735 0.1637 0.1555 0.1487 0.1433 0.1390
0.1431 0.1487 0.1554 0.1636 0.1734 0.1848 0.1982 0.2135 0.2312 0.2513 0.2740 0.2996 0.3280 0.3593 0.3928 0.4273 0.4603 0.4874 0.5034 0.5087 0.5064 0.4985 0.4854 0.4672 0.4436 0.4142 0.3785 0.3362 0.2881 0.2374 0.1929 0.1662 0.1529 0.1449 0.1397 0.1362 0.1343 0.1335 0.1339 0.1353 0.1379 0.1416 0.1465 0.1526 0.1598 0.1683 0.1776 0.1874 0.1965 0.2032 0.2058 0.2032 0.1965 0.1874 0.1777 0.1683 0.1598 0.1526 0.1465 0.1416 0.1379 0.1353 0.1339 0.1335 0.1343 0.1362 0.1397 0.1449 0.1528 0.1662 0.1929 0.2373 0.2881 0.3362 0.3785 0.4142 0.4436 0.4672 0.4854 0.4985 0.5064 0.5087 0.5034 0.4874 0.4604 0.4273 0.3928 0.3593 0.3281 0.2996 0.2740 0.2513 0.2312 0.2136 0.1982 0.1848 0.1734 0.1636 0.1554 0.1487 0.1431
0.1484 0.1554 0.1635 0.1733 0.1847 0.1980 0.2134 0.2310 0.2511 0.2738 0.2993 0.3278 0.3590 0.3925 0.4270 0.4601 0.4872 0.5033 0.5087 0.5065 0.4986 0.4855 0.4674 0.4439 0.4145 0.3788 0.3365 0.2884 0.2376 0.1930 0.1663 0.1529 0.1449 0.1397 0.1362 0.1343 0.1335 0.1339 0.1353 0.1379 0.1416 0.1466 0.1527 0.1601 0.1689 0.1788 0.1898 0.2011 0.2116 0.2193 0.2223 0.2193 0.2116 0.2011 0.1898 0.1788 0.1689 0.1601 0.1527 0.1466 0.1416 0.1379 0.1353 0.1339 0.1335 0.1343 0.1362 0.1397 0.1449 0.1529 0.1663 0.1930 0.2376 0.2884 0.3365 0.3788 0.4145 0.4439 0.4674 0.4855 0.4986 0.5065 0.5087 0.5033 0.4872 0.4601 0.4270 0.3925 0.3590 0.3278 0.2994 0.2738 0.2511 0.2310 0.2134 0.1980 0.1847 0.1733 0.1635 0.1554 0.1484
0.1551 0.1634 0.1732 0.1846 0.1979 0.2132 0.2308 0.2508 0.2736 0.2991 0.3275 0.3587 0.3922 0.4267 0.4598 0.4870 0.5033 0.5086 0.5065 0.4987 0.4857 0.4676 0.4441 0.4148 0.3791 0.3369 0.2888 0.2380 0.1932 0.1664 0.1529 0.1449 0.1397 0.1363 0.1343 0.1335 0.1339 0.1353 0.1379 0.1417 0.1466 0.1528 0.1603 0.1692 0.1795 0.1912 0.2039 0.2169 0.2289 0.2378 0.2411 0.2378 0.2289 0.2169 0.2039 0.1912 0.1795 0.1692 0.1603 0.1528 0.1466 0.1417 0.1379 0.1353 0.1339 0.1335 0.1343 0.1363 0.1397 0.1449 0.1529 0.1664 0.1932 0.2379 0.2888 0.3369 0.3791 0.4148 0.4441 0.4676 0.4857 0.4987 0.5065 0.5086 0.5033 0.4870 0.4598 0.4267 0.3922 0.3587 0.3275 0.2991 0.2736 0.2508 0.2308 0.2132 0.1979 0.1846 0.1732 0.1634 0.1551
0.1631 0.1730 0.1844 0.1977 0.2130 0.2306 0.2506 0.2733 0.2988 0.3272 0.3584 0.3919 0.4264 0.4595 0.4868 0.5032 0.5086 0.5066 0.4988 0.4858 0.4678 0.4443 0.4151 0.3795 0.3373 0.2892 0.2384 0.1935 0.1665 0.1530 0.1449 0.1397 0.1363 0.1343 0.1335 0.1339 0.1353 0.1379 0.1417 0.1466 0.1528 0.1604 0.1694 0.1799 0.1920 0.2054 0.2201 0.2350 0.2487 0.2588 0.2625 0.2588 0.2487 0.2350 0.2201 0.2054 0.1920 0.1799 0.1694 0.1604 0.1528 0.1466 0.1417 0.1379 0.1353 0.1339 0.1335 0.1343 0.1363 0.1397 0.1449 0.1530 0.1665 0.1935 0.2383 0.2892 0.3373 0.3795 0.4151 0.4443 0.4678 0.4858 0.4988 0.5066 0.5086 0.5032 0.4868 0.4595 0.4264 0.3919 0.3584 0.3272 0.2988 0.2733 0.2506 0.2306 0.2130 0.1977 0.1844 0.1730 0.1631
0.1727 0.1843 0.1975 0.2128 0.2304 0.2504 0.2730 0.2985 0.3269 0.3581 0.3916 0.4261 0.4592 0.4866 0.5031 0.5086 0.5066 0.4989 0.4860 0.4679 0.4446 0.4154 0.3798 0.3377 0.2897 0.2388 0.1938 0.1667 0.1531 0.1450 0.1397 0.1363 0.1343 0.1335 0.1339 0.1353 0.1379 0.1417 0.1466 0.1529 0.1604 0.1695 0.1801 0.1924 0.2063 0.2218 0.2386 0.2555 0.2711 0.2824 0.2867 0.2824 0.2711 0.2555 0.2386 0.2219 0.2063 0.1924 0.1801 0.1695 0.1605 0.1529 0.1466 0.1417 0.1379 0.1353 0.1339 0.1335 0.1343 0.1363 0.1397 0.1450 0.1531 0.1667 0.1938 0.2388 0.2896 0.3377 0.3798 0.4153 0.4446 0.4679 0.4859 0.4988 0.5066 0.5086 0.5031 0.4866 0.4593 0.4261 0.3916 0.3581 0.3269 0.2985 0.2730 0.2504 0.2304 0.2128 0.1975 0.1843 0.1727
0.1840 0.1974 0.2126 0.2301 0.2501 0.2727 0.2982 0.3266 0.3577 0.3912 0.4257 0.4589 0.4864 0.5030 0.5086 0.5067 0.4989 0.4861 0.4681 0.4448 0.4157 0.3802 0.3381 0.2901 0.2393 0.1942 0.1668 0.1532 0.1450 0.1397 0.1363 0.1343 0.1335 0.1339 0.1353 0.1379 0.1417 0.1466 0.1529 0.1605 0.1695 0.1802 0.1926 0.2068 0.2228 0.2406 0.2596 0.2788 0.2962 0.3090 0.3137 0.3090 0.2962 0.2788 0.2596 0.2406 0.2228 0.2068 0.1926 0.1802 0.1695 0.1605 0.1529 0.1466 0.1417 0.1379 0.1353 0.1339 0.1335 0.1343 0.1363 0.1397 0.1450 0.1531 0.1668 0.1942 0.2393 0.2901 0.3381 0.3802 0.4156 0.4448 0.4681 0.4861 0.4989 0.5067 0.5086 0.5030 0.4864 0.4589 0.4257 0.3912 0.3577 0.3266 0.2982 0.2727 0.2501 0.2301 0.2126 0.1974 0.1840
0.1970 0.2124 0.2299 0.2498 0.2724 0.2978 0.3262 0.3573 0.3907 0.4253 0.4586 0.4862 0.5029 0.5086 0.5067 0.4991 0.4863 0.4684 0.4451 0.4160 0.3806 0.3386 0.2907 0.2398 0.1946 0.1670 0.1533 0.1451 0.1398 0.1363 0.1343 0.1335 0.1339 0.1353 0.1379 0.1416 0.1466 0.1528 0.1604 0.1695 0.1803 0.1927 0.2070 0.2233 0.2417 0.2618 0.2833 0.3048 0.3243 0.3384 0.3436 0.3384 0.3243 0.3048 0.2833 0.2618 0.2417 0.2233 0.2070 0.1927 0.1803 0.1695 0.1604 0.1528 0.1466 0.1416 0.1379 0.1353 0.1339 0.1335 0.1343 0.1363 0.1398 0.1451 0.1533 0.1670 0.1946 0.2398 0.2907 0.3386 0.3806 0.4160 0.4451 0.4684 0.4863 0.4991 0.5067 0.5086 0.5029 0.4861 0.4586 0.4253 0.3907 0.3573 0.3262 0.2978 0.2724 0.2498 0.2299 0.2124 0.1970
0.2120 0.2296 0.2495 0.2721 0.2974 0.3257 0.3568 0.3902 0.4248 0.4581 0.4858 0.5027 0.5086 0.5068 0.4992 0.4865 0.4686 0.4454 0.4164 0.3811 0.3392 0.2913 0.2404 0.1951 0.1673 0.1534 0.1452 0.1398 0.1364 0.1343 0.1335 0.1338 0.1353 0.1379 0.1416 0.1466 0.1528 0.1604 0.1695 0.1802 0.1927 0.2071 0.2236 0.2422 0.2630 0.2857 0.3097 0.3337 0.3550 0.3703 0.3759 0.3703 0.3550 0.3337 0.3097 0.2857 0.2630 0.2422 0.2236 0.2071 0.1927 0.1802 0.1695 0.1604 0.1528 0.1466 0.1416 0.1379 0.1353 0.1338 0.1335 0.1343 0.1364 0.1398 0.1452 0.1534 0.1673 0.1951 0.2404 0.2913 0.3392 0.3811 0.4164 0.4454 0.4686 0.4865 0.4992 0.5068 0.5086 0.5027 0.4858 0.4581 0.4248 0.3902 0.3568 0.3257 0.2974 0.2720 0.2495 0.2296 0.2120
0.2291 0.2491 0.2716 0.2969 0.3251 0.3562 0.3896 0.4241 0.4575 0.4854 0.5025 0.5085 0.5069 0.4994 0.4867 0.4690 0.4458 0.4169 0.3817 0.3399 0.2921 0.2413 0.1957 0.1676 0.1536 0.1453 0.1399 0.1364 0.1343 0.1335 0.1338 0.1353 0.1378 0.1415 0.1465 0.1527 0.1603 0.1694 0.1801 0.1926 0.2071 0.2236 0.2424 0.2635 0.2869 0.3123 0.3389 0.3651 0.3879 0.4040 0.4098 0.4040 0.3879 0.3650 0.3389 0.3123 0.2869 0.2635 0.2423 0.2236 0.2070 0.1926 0.1801 0.1694 0.1603 0.1527 0.1465 0.1415 0.1378 0.1353 0.1338 0.1335 0.1343 0.1364 0.1399 0.1453 0.1536 0.1676 0.1957 0.2413 0.2921 0.3399 0.3817 0.4169 0.4458 0.4690 0.4867 0.4994 0.5069 0.5085 0.5025 0.4854 0.4575 0.4241 0.3895 0.3562 0.3251 0.2969 0.2716 0.2491 0.2291
0.2484 0.2709 0.2962 0.3243 0.3553 0.3887 0.4232 0.4567 0.4848 0.5022 0.5085 0.5070 0.4996 0.4871 0.4694 0.4465 0.4177 0.3826 0.3410 0.2933 0.2424 0.1966 0.1680 0.1538 0.1455 0.1400 0.1365 0.1344 0.1335 0.1338 0.1352 0.1378 0.1415 0.1464 0.1526 0.1601 0.1692 0.1799 0.1924 0.2068 0.2234 0.2422 0.2635 0.2873 0.3135 0.3416 0.3705 0.3983 0.4219 0.4378 0.4435 0.4378 0.4218 0.3982 0.3705 0.3415 0.3134 0.2873 0.2635 0.2422 0.2233 0.2068 0.1924 0.1799 0.1692 0.1601 0.1526 0.1464 0.1415 0.1378 0.1352 0.1338 0.1335 0.1344 0.1365 0.1400 0.1455 0.1538 0.1681 0.1966 0.2424 0.2933 0.3410 0.3826 0.4177 0.4465 0.4695 0.4871 0.4996 0.5070 0.5085 0.5022 0.4848 0.4566 0.4232 0.3886 0.3553 0.3243 0.2961 0.2709 0.2484
0.2699 0.2951 0.3231 0.3540 0.3873 0.4218 0.4554 0.4838 0.5018 0.5084 0.5072 0.5000 0.4876 0.4702 0.4474 0.4188 0.3840 0.3426 0.2951 0.2443 0.1980 0.1688 0.1542 0.1457 0.1402 0.1366 0.1344 0.1335 0.1338 0.1351 0.1376 0.1413 0.1462 0.1523 0.1599 0.1689 0.1795 0.1920 0.2064 0.2229 0.2417 0.2630 0.2869 0.3135 0.3424 0.3728 0.4035 0.4317 0.4544 0.4688 0.4736 0.4687 0.4544 0.4317 0.4034 0.3728 0.3423 0.3134 0.2869 0.2630 0.2417 0.2228 0.2063 0.1920 0.1795 0.1689 0.1598 0.1523 0.1462 0.1413 0.1376 0.1351 0.1338 0.1335 0.1344 0.1366 0.1402 0.1457 0.1542 0.1688 0.1981 0.2443 0.2952 0.3427 0.3841 0.4189 0.4475 0.4702 0.4877 0.5000 0.5072 0.5084 0.5017 0.4838 0.4553 0.4217 0.3872 0.3539 0.3230 0.2950 0.2699
0.2934 0.3211 0.3519 0.3850 0.4196 0.4533 0.4823 0.5010 0.5083 0.5074 0.5006 0.4886 0.4714 0.4490 0.4208 0.3863 0.3453 0.2981 0.2473 0.2004 0.1700 0.1548 0.1461 0.1404 0.1367 0.1345 0.1335 0.1337 0.1350 0.1375 0.1410 0.1458 0.1519 0.1594 0.1683 0.1789 0.1912 0.2055 0.2219 0.2406 0.2619 0.2858 0.3124 0.3416 0.3729 0.4050 0.4360 0.4626 0.4817 0.4921 0.4952 0.4921 0.4816 0.4625 0.4359 0.4049 0.3728 0.3415 0.3123 0.2857 0.2618 0.2406 0.2219 0.2054 0.1912 0.1788 0.1683 0.1593 0.1519 0.1458 0.1410 0.1375 0.1350 0.1337 0.1335 0.1345 0.1367 0.1405 0.1461 0.1549 0.1701 0.2005 0.2475 0.2982 0.3454 0.3865 0.4209 0.4491 0.4715 0.4886 0.5006 0.5074 0.5083 0.5009 0.4822 0.4532 0.4194 0.3849 0.3517 0.3210 0.2933
0.3181 0.3482 0.3812 0.4157 0.4497 0.4795 0.4995 0.5079 0.5078 0.5016 0.4901 0.4735 0.4517 0.4241 0.3903 0.3500 0.3034 0.2527 0.2048 0.1723 0.1560 0.1469 0.1409 0.1371 0.1347 0.1336 0.1336 0.1348 0.1371 0.1406 0.1453 0.1512 0.1585 0.1673 0.1777 0.1898 0.2039 0.2201 0.2386 0.2596 0.2833 0.3098 0.3390 0.3706 0.4035 0.4360 0.4650 0.4868 0.4993 0.5046 0.5059 0.5046 0.4993 0.4868 0.4649 0.4359 0.4034 0.3705 0.3389 0.3097 0.2833 0.2596 0.2386 0.2201 0.2039 0.1898 0.1777 0.1673 0.1585 0.1512 0.1453 0.1406 0.1371 0.1348 0.1336 0.1336 0.1347 0.1371 0.1410 0.1469 0.1561 0.1724 0.2050 0.2529 0.3036 0.3502 0.3905 0.4242 0.4518 0.4736 0.4902 0.5016 0.5078 0.5079 0.4994 0.4793 0.4495 0.4155 0.3810 0.3481 0.3180
0.3425 0.3746 0.4090 0.4433 0.4744 0.4966 0.5071 0.5084 0.5032 0.4927 0.4771 0.4562 0.4297 0.3971 0.3580 0.3124 0.2622 0.2129 0.1768 0.1583 0.1483 0.1419 0.1376 0.1350 0.1337 0.1335 0.1345 0.1366 0.1399 0.1443 0.1500 0.1571 0.1656 0.1756 0.1875 0.2012 0.2170 0.2351 0.2557 0.2789 0.3050 0.3338 0.3652 0.3984 0.4318 0.4627 0.4868 0.5011 0.5070 0.5086 0.5087 0.5086 0.5070 0.5011 0.4867 0.4625 0.4317 0.3982 0.3650 0.3337 0.3048 0.2788 0.2555 0.2350 0.2169 0.2011 0.1874 0.1756 0.1655 0.1570 0.1500 0.1443 0.1399 0.1366 0.1345 0.1335 0.1337 0.1350 0.1377 0.1419 0.1483 0.1584 0.1770 0.2132 0.2624 0.3127 0.3582 0.3973 0.4299 0.4563 0.4772 0.4928 0.5032 0.5084 0.5070 0.4965 0.4742 0.4431 0.4087 0.3744 0.3423
0.3641 0.3974 0.4322 0.4648 0.4906 0.5049 0.5087 0.5055 0.4966 0.4827 0.4635 0.4389 0.4083 0.3713 0.3277 0.2786 0.2280 0.1862 0.1630 0.1510 0.1436 0.1388 0.1357 0.1340 0.1335 0.1341 0.1358 0.1387 0.1427 0.1480 0.1546 0.1627 0.1722 0.1835 0.1966 0.2117 0.2290 0.2488 0.2712 0.2964 0.3245 0.3552 0.3882 0.4221 0.4546 0.4818 0.4993 0.5070 0.5087 0.5080 0.5074 0.5080 0.5087 0.5070 0.4993 0.4816 0.4544 0.4218 0.3879 0.3550 0.3243 0.2962 0.2711 0.2487 0.2289 0.2116 0.1965 0.1834 0.1722 0.1626 0.1546 0.1480 0.1427 0.1387 0.1358 0.1341 0.1335 0.1340 0.1357 0.1388 0.1437 0.1511 0.1631 0.1865 0.2284 0.2790 0.3281 0.3716 0.4086 0.4391 0.4637 0.4828 0.4967 0.5055 0.5087 0.5048 0.4905 0.4646 0.4319 0.3972 0.3639
0.3795 0.4133 0.4476 0.4779 0.4987 0.5077 0.5080 0.5021 0.4908 0.4745 0.4528 0.4255 0.3920 0.3519 0.3055 0.2548 0.2067 0.1733 0.1566 0.1472 0.1412 0.1372 0.1347 0.1336 0.1336 0.1347 0.1370 0.1404 0.1450 0.1509 0.1582 0.1669 0.1772 0.1893 0.2033 0.2195 0.2379 0.2589 0.2826 0.3092 0.3386 0.3705 0.4043 0.4381 0.4689 0.4922 0.5046 0.5086 0.5080 0.5059 0.5049 0.5060 0.5080 0.5086 0.5046 0.4920 0.4687 0.4378 0.4040 0.3703 0.3384 0.3090 0.2824 0.2588 0.2378 0.2193 0.2032 0.1892 0.1771 0.1668 0.1581 0.1509 0.1450 0.1404 0.1370 0.1347 0.1336 0.1336 0.1348 0.1372 0.1412 0.1473 0.1567 0.1735 0.2070 0.2553 0.3059 0.3523 0.3923 0.4258 0.4530 0.4746 0.4909 0.5021 0.5080 0.5077 0.4986 0.4776 0.4473 0.4129 0.3791
0.3851 0.4190 0.4530 0.4821 0.5010 0.5083 0.5074 0.5005 0.4884 0.4712 0.4487 0.4203 0.3857 0.3445 0.2972 0.2463 0.1997 0.1697 0.1547 0.1460 0.1404 0.1367 0.1345 0.1335 0.1337 0.1350 0.1375 0.1411 0.1459 0.1520 0.1595 0.1685 0.1791 0.1915 0.2059 0.2224 0.2412 0.2627 0.2869 0.3139 0.3438 0.3762 0.4101 0.4438 0.4738 0.4953 0.5059 0.5087 0.5074 0.5049 0.5037 0.5049 0.5074 0.5087 0.5059 0.4952 0.4736 0.4435 0.4098 0.3759 0.3436 0.3137 0.2867 0.2625 0.2411 0.2223 0.2058 0.1914 0.1790 0.1684 0.1595 0.1520 0.1459 0.1411 0.1375 0.1350 0.1337 0.1335 0.1345 0.1367 0.1404 0.1461 0.1548 0.1699 0.2001 0.2468 0.2976 0.3450 0.3861 0.4206 0.4489 0.4714 0.4886 0.5006 0.5074 0.5082 0.5008 0.4819 0.4526 0.4186 0.3847
0.3795 0.4133 0.4476 0.4779 0.4987 0.5077 0.5080 0.5021 0.4908 0.4745 0.4528 0.4255 0.3920 0.3519 0.3055 0.2549 0.2067 0.1734 0.1566 0.1472 0.1412 0.1372 0.1347 0.1336 0.1336 0.1347 0.1370 0.1404 0.1450 0.1509 0.1582 0.1669 0.1772 0.1893 0.2033 0.2195 0.2379 0.2589 0.2826 0.3092 0.3386 0.3705 0.4042 0.4381 0.4689 0.4922 0.5046 0.5086 0.5080 0.5059 0.5049 0.5060 0.5080 0.5086 0.5046 0.4920 0.4687 0.4378 0.4040 0.3703 0.3384 0.3090 0.2824 0.2588 0.2378 0.2193 0.2032 0.1892 0.1771 0.1668 0.1581 0.1509 0.1450 0.1404 0.1370 0.1347 0.1336 0.1336 0.1348 0.1372 0.1412 0.1473 0.1567 0.1735 0.2070 0.2553 0.3059 0.3523 0.3923 0.4258 0.4530 0.4746 0.4909 0.5021 0.5080 0.5077 0.4986 0.4776 0.4473 0.4129 0.3791
0.3641 0.3974 0.4321 0.4648 0.4906 0.5049 0.5087 0.5055 0.4966 0.4827 0.4635 0.4389 0.4083 0.3713 0.3278 0.2786 0.2281 0.1863 0.1630 0.1510 0.1436 0.1388 0.1357 0.1340 0.1335 0.1341 0.1358 0.1387 0.1427 0.1480 0.1546 0.1627 0.1722 0.1835 0.1966 0.2117 0.2290 0.2488 0.2712 0.2964 0.3244 0.3552 0.3881 0.4220 0.4545 0.4818 0.4993 0.5070 0.5087 0.5080 0.5074 0.5080 0.5087 0.5070 0.4993 0.4816 0.4544 0.4218 0.3879 0.3550 0.3243 0.2962 0.2711 0.2487 0.2289 0.2116 0.1965 0.1834 0.1722 0.1626 0.1546 0.1480 0.1427 0.1387 0.1358 0.1341 0.1335 0.1340 0.1357 0.1388 0.1437 0.1511 0.1631 0.1865 0.2284 0.2790 0.3281 0.3716 0.4086 0.4391 0.4637 0.4828 0.4967 0.5055 0.5087 0.5048 0.4905 0.4646 0.4319 0.3972 0.3639
0.3425 0.3746 0.4089 0.4433 0.4743 0.4966 0.5071 0.5084 0.5032 0.4927 0.4771 0.4562 0.4297 0.3971 0.3580 0.3125 0.2622 0.2130 0.1768 0.1583 0.1483 0.1419 0.1376 0.1350 0.1337 0.1335 0.1345 0.1366 0.1399 0.1443 0.1500 0.1571 0.1656 0.1756 0.1875 0.2012 0.2170 0.2351 0.2557 0.2789 0.3049 0.3338 0.3652 0.3984 0.4318 0.4627 0.4868 0.5011 0.5070 0.5086 0.5087 0.5086 0.5070 0.5011 0.4867 0.4625 0.4317 0.3982 0.3650 0.3337 0.3048 0.2788 0.2555 0.2350 0.2169 0.2011 0.1874 0.1756 0.1655 0.1570 0.1500 0.1443 0.1399 0.1366 0.1345 0.1335 0.1337 0.1350 0.1377 0.1419 0.1483 0.1584 0.1770 0.2132 0.2624 0.3127 0.3582 0.3973 0.4299 0.4563 0.4772 0.4928 0.5032 0.5084 0.5070 0.4965 0.4742 0.4431 0.4087 0.3744 0.3423
0.3181 0.3482 0.3812 0.4156 0.4497 0.4795 0.4995 0.5079 0.5078 0.5016 0.4901 0.4735 0.4517 0.4241 0.3903 0.3500 0.3034 0.2527 0.2048 0.1723 0.1560 0.1469 0.1409 0.1371 0.1347 0.1336 0.1336 0.1348 0.1371 0.1406 0.1453 0.1512 0.1585 0.1673 0.1777 0.1898 0.2039 0.2201 0.2386 0.2596 0.2833 0.3098 0.3390 0.3706 0.4035 0.4360 0.4650 0.4868 0.4993 0.5046 0.5059 0.5046 0.4993 0.4868 0.4649 0.4359 0.4034 0.3705 0.3389 0.3097 0.2833 0.2596 0.2386 0.2201 0.2039 0.1898 0.1777 0.1673 0.1585 0.1512 0.1453 0.1406 0.1371 0.1348 0.1336 0.1336 0.1347 0.1371 0.1410 0.1469 0.1561 0.1724 0.2050 0.2529 0.3036 0.3502 0.3905 0.4242 0.4518 0.4736 0.4902 0.5016 0.5078 0.5079 0.4994 0.4793 0.4495 0.4155 0.3810 0.3481 0.3180
0.2934 0.3211 0.3519 0.3850 0.4195 0.4533 0.4823 0.5010 0.5083 0.5074 0.5006 0.4886 0.4715 0.4490 0.4208 0.3863 0.3453 0.2981 0.2473 0.2004 0.1700 0.1548 0.1461 0.1404 0.1367 0.1345 0.1335 0.1337 0.1350 0.1375 0.1410 0.1458 0.1519 0.1594 0.1683 0.1789 0.1912 0.2055 0.2219 0.2406 0.2619 0.2858 0.3124 0.3416 0.3729 0.4050 0.4360 0.4626 0.4817 0.4921 0.4952 0.4921 0.4816 0.4625 0.4359 0.4049 0.3728 0.3415 0.3123 0.2857 0.2618 0.2406 0.2219 0.2054 0.1912 0.1788 0.1683 0.1593 0.1519 0.1458 0.1410 0.1375 0.1350 0.1337 0.1335 0.1345 0.1367 0.1405 0.1461 0.1549 0.1701 0.2005 0.2475 0.2982 0.3454 0.3865 0.4209 0.4491 0.4715 0.4886 0.5006 0.5074 0.5083 0.5009 0.4822 0.4532 0.4194 0.3849 0.3517 0.3210 0.2933
