0.0000 0.0000 0.0000 0.0000 0.0000 0.0000 0.0000 0.0000 0.0000 0.0000 0.0000 0.0000 0.0000 0.0000 0.0000 0.0000 0.0000 0.0000 0.0000 0.0000 0.0000 0.0000 0.0000 0.0000 0.0000 0.0000 0.0000 0.0000 0.0000 0.0000 0.0000 0.0000 0.0000 0.0000 0.0000 0.0000 0.0000 0.0000 0.0000 0.0000 0.0000 0.0000 0.0000 0.0000 0.0000 0.0000 0.0000 0.0000 0.0000 0.0000 0.0000 0.0000 0.0000 0.0000 0.0000 0.0000 0.0000 0.0000 0.0000 0.0000 0.0000 0.0000 0.0000 0.0000 0.0000 0.0000 0.0000 0.0000 0.0000 0.0000 0.0000 0.0000 0.0000 0.0000 0.0000 0.0000 0.0000 0.0000 0.0000 0.0000 0.0000 0.0000 0.0000 0.0000 0.0000 0.0000 0.0000 0.0000 0.0000 0.0000 0.0000 0.0000 0.0000 0.0000 0.0000 0.0000 0.0000 0.0000 0.0000 0.0000 0.0000
0.0000 0.0093 0.0015 0.0004 0.0001 0.0000 1.0000 0.7884 0.1699 0.0367 0.0079 0.0017 0.0004 0.0001 0.0000 1.0000 0.8704 0.1872 0.0404 0.0087 0.0019 0.0004 0.0001 0.0000 1.0000 0.9481 0.2039 0.0440 0.0095 0.0020 0.0004 0.0001 0.0000 1.0000 1.0000 0.2226 0.0480 0.0103 0.0022 0.0005 0.0001 0.0000 1.0000 1.0000 0.2425 0.0523 0.0113 0.0024 0.0005 0.0001 0.0000 1.0000 1.0000 0.2641 0.0569 0.0123 0.0026 0.0006 0.0001 0.0000 1.0000 1.0000 0.2877 0.0620 0.0134 0.0029 0.0006 0.0001 0.0000 1.0000 1.0000 0.3135 0.0676 0.0146 0.0031 0.0007 0.0001 0.0000 1.0000 1.0000 0.3434 0.0743 0.0161 0.0035 0.0008 0.0002 0.0000 1.0000 1.0000 0.4290 0.0951 0.0213 0.0049 0.0012 0.0003 0.0001 0.0000 0.0000 1.0000 1.0000 0.0000
0.0000 0.0015 0.0013 0.0005 0.0001 0.0000 1.0000 1.0000 0.2264 0.0489 0.0106 0.0023 0.0005 0.0001 0.0000 1.0000 1.0000 0.2500 0.0539 0.0116 0.0025 0.0005 0.0001 0.0000 1.0000 1.0000 0.2723 0.0587 0.0126 0.0027 0.0006 0.0001 0.0000 1.0000 1.0000 0.2966 0.0639 0.0138 0.0030 0.0006 0.0001 0.0000 1.0000 1.0000 0.3231 0.0696 0.0150 0.0032 0.0007 0.0002 0.0000 1.0000 1.0000 0.3520 0.0759 0.0163 0.0035 0.0008 0.0002 0.0000 1.0000 1.0000 0.3835 0.0826 0.0178 0.0038 0.0008 0.0002 0.0000 1.0000 1.0000 0.4177 0.0900 0.0194 0.0042 0.0009 0.0002 0.0000 1.0000 1.0000 0.4568 0.0983 0.0211 0.0045 0.0010 0.0002 0.0000 1.0000 1.0000 0.3741 0.0767 0.0159 0.0033 0.0007 0.0002 0.0000 1.0000 1.0000 1.0000 1.0000 0.0000
0.0000 0.0004 0.0005 0.0005 0.0002 0.0000 1.0000 1.0000 0.3268 0.0707 0.0153 0.0033 0.0007 0.0002 0.0000 1.0000 1.0000 0.3615 0.0779 0.0168 0.0036 0.0008 0.0002 0.0000 1.0000 1.0000 0.3938 0.0849 0.0183 0.0039 0.0008 0.0002 0.0000 1.0000 1.0000 0.4290 0.0925 0.0199 0.0043 0.0009 0.0002 0.0000 1.0000 1.0000 0.4673 0.1007 0.0217 0.0047 0.0010 0.0002 0.0000 1.0000 1.0000 0.5091 0.1097 0.0236 0.0051 0.0011 0.0002 0.0001 1.0000 1.0000 0.5546 0.1195 0.0258 0.0056 0.0012 0.0003 0.0001 1.0000 1.0000 0.6053 0.1304 0.0281 0.0061 0.0013 0.0003 0.0001 1.0000 1.0000 0.6275 0.1304 0.0266 0.0053 0.0011 0.0002 0.0000 1.0000 1.0000 0.3402 0.0676 0.0134 0.0027 0.0005 0.0001 0.0000 1.0000 1.0000 0.5380 0.3231 0.0000
0.0000 0.0001 0.0001 0.0002 0.0001 0.0000 1.0000 1.0000 0.4482 0.0970 0.0210 0.0045 0.0010 0.0002 0.0000 1.0000 1.0000 0.4967 0.1070 0.0231 0.0050 0.0011 0.0002 0.0000 1.0000 1.0000 0.5410 0.1166 0.0251 0.0054 0.0012 0.0003 0.0001 1.0000 1.0000 0.5894 0.1270 0.0274 0.0059 0.0013 0.0003 0.0001 1.0000 1.0000 0.6420 0.1384 0.0298 0.0064 0.0014 0.0003 0.0001 1.0000 1.0000 0.6994 0.1507 0.0325 0.0070 0.0015 0.0003 0.0001 0.0000 1.0000 0.7619 0.1642 0.0354 0.0076 0.0016 0.0004 0.0001 0.0000 1.0000 0.8315 0.1789 0.0385 0.0083 0.0018 0.0004 0.0001 0.0000 1.0000 0.7362 0.1454 0.0284 0.0055 0.0011 0.0002 0.0000 1.0000 1.0000 0.3105 0.0600 0.0116 0.0022 0.0004 0.0001 0.0000 1.0000 0.5805 0.1352 0.0460 0.0000
0.0000 0.0000 0.0000 0.0000 0.0000 0.0000 1.0000 1.0000 0.6122 0.1317 0.0285 0.0062 0.0013 0.0003 0.0001 1.0000 1.0000 0.6746 0.1457 0.0313 0.0068 0.0015 0.0003 0.0001 1.0000 1.0000 0.7348 0.1587 0.0341 0.0074 0.0016 0.0003 0.0001 0.0000 1.0000 0.8005 0.1728 0.0372 0.0080 0.0017 0.0004 0.0001 0.0000 1.0000 0.8720 0.1883 0.0405 0.0087 0.0019 0.0004 0.0001 0.0000 1.0000 0.9499 0.2051 0.0441 0.0095 0.0020 0.0004 0.0001 0.0000 1.0000 1.0000 0.2234 0.0482 0.0104 0.0022 0.0005 0.0001 0.0000 1.0000 1.0000 0.2402 0.0511 0.0108 0.0023 0.0005 0.0001 0.0000 1.0000 0.7795 0.1504 0.0289 0.0055 0.0011 0.0002 0.0000 1.0000 1.0000 0.2899 0.0549 0.0104 0.0019 0.0004 0.0001 1.0000 1.0000 0.2933 0.0522 0.0080 0.0000
0.0000 1.0000 1.0000 1.0000 1.0000 1.0000 1.0000 1.0000 0.8475 0.1795 0.0386 0.0084 0.0018 0.0004 0.0001 0.0000 1.0000 0.9162 0.1975 0.0426 0.0092 0.0020 0.0004 0.0001 0.0000 1.0000 0.9981 0.2151 0.0464 0.0100 0.0022 0.0005 0.0001 0.0000 1.0000 1.0000 0.2343 0.0505 0.0109 0.0023 0.0005 0.0001 0.0000 1.0000 1.0000 0.2553 0.0550 0.0119 0.0026 0.0006 0.0001 0.0000 1.0000 1.0000 0.2781 0.0599 0.0129 0.0028 0.0006 0.0001 0.0000 1.0000 1.0000 0.3029 0.0654 0.0141 0.0030 0.0007 0.0001 0.0000 1.0000 1.0000 0.3123 0.0650 0.0134 0.0027 0.0005 0.0001 0.0000 1.0000 0.8443 0.1626 0.0313 0.0060 0.0012 0.0002 0.0000 1.0000 1.0000 0.3319 0.0639 0.0124 0.0024 0.0005 0.0001 0.0000 1.0000 1.0000 0.0000 0.0014 0.0000
0.0000 0.7884 1.0000 1.0000 1.0000 1.0000 1.0000 1.0000 1.0000 0.2481 0.0526 0.0113 0.0024 0.0005 0.0001 0.0000 1.0000 1.0000 0.2677 0.0577 0.0124 0.0027 0.0006 0.0001 0.0000 1.0000 1.0000 0.2916 0.0628 0.0135 0.0029 0.0006 0.0001 0.0000 1.0000 1.0000 0.3177 0.0685 0.0148 0.0032 0.0007 0.0001 0.0000 1.0000 1.0000 0.3460 0.0746 0.0161 0.0035 0.0007 0.0002 0.0000 1.0000 1.0000 0.3770 0.0812 0.0175 0.0038 0.0008 0.0002 0.0000 1.0000 1.0000 0.4106 0.0887 0.0190 0.0041 0.0009 0.0002 0.0000 1.0000 1.0000 0.3879 0.0788 0.0158 0.0031 0.0006 0.0001 0.0000 1.0000 0.9427 0.1823 0.0353 0.0068 0.0013 0.0003 0.0000 1.0000 1.0000 0.4091 0.0806 0.0159 0.0031 0.0006 0.0001 0.0000 0.0000 1.0000 0.0000 0.0002 0.0000
0.0000 0.1699 0.2264 0.3268 0.4482 0.6122 0.8475 1.0000 1.0000 0.3835 0.0726 0.0154 0.0033 0.0007 0.0002 0.0000 1.0000 1.0000 0.3629 0.0782 0.0169 0.0036 0.0008 0.0002 0.0000 1.0000 1.0000 0.3953 0.0852 0.0184 0.0040 0.0009 0.0002 0.0000 1.0000 1.0000 0.4306 0.0928 0.0200 0.0043 0.0009 0.0002 0.0000 1.0000 1.0000 0.4691 0.1011 0.0218 0.0047 0.0010 0.0002 0.0000 1.0000 1.0000 0.5110 0.1101 0.0237 0.0051 0.0011 0.0002 0.0001 1.0000 1.0000 0.5546 0.1191 0.0255 0.0054 0.0012 0.0002 0.0001 1.0000 1.0000 0.4638 0.0925 0.0182 0.0036 0.0007 0.0001 0.0000 1.0000 1.0000 0.2110 0.0411 0.0080 0.0016 0.0003 0.0001 1.0000 1.0000 0.5329 0.1078 0.0219 0.0045 0.0010 0.0003 0.0001 0.0001 0.0000 0.0001 0.0005 0.0000
0.0000 0.0367 0.0489 0.0707 0.0970 0.1317 0.1795 0.2481 0.3835 0.3581 0.1125 0.0213 0.0045 0.0010 0.0002 0.0000 1.0000 1.0000 0.4920 0.1060 0.0228 0.0049 0.0011 0.0002 0.0000 1.0000 1.0000 0.5359 0.1155 0.0249 0.0054 0.0012 0.0002 0.0001 1.0000 1.0000 0.5838 0.1258 0.0271 0.0058 0.0013 0.0003 0.0001 1.0000 1.0000 0.6360 0.1371 0.0295 0.0064 0.0014 0.0003 0.0001 1.0000 1.0000 0.6928 0.1493 0.0322 0.0069 0.0015 0.0003 0.0001 1.0000 1.0000 0.7433 0.1584 0.0335 0.0071 0.0015 0.0003 0.0001 1.0000 1.0000 0.5441 0.1076 0.0211 0.0041 0.0008 0.0002 0.0000 1.0000 1.0000 0.2524 0.0498 0.0098 0.0020 0.0004 0.0001 0.0000 1.0000 0.7293 0.1513 0.0322 0.0077 0.0024 0.0011 0.0007 0.0005 0.0003 0.0005 0.0013 0.0000
0.0000 0.0079 0.0106 0.0153 0.0210 0.0285 0.0386 0.0526 0.0726 0.1125 0.1050 0.0329 0.0062 0.0013 0.0003 0.0001 1.0000 1.0000 0.6669 0.1437 0.0310 0.0067 0.0014 0.0003 0.0001 1.0000 1.0000 0.7265 0.1566 0.0337 0.0073 0.0016 0.0003 0.0001 0.0000 1.0000 0.7914 0.1706 0.0368 0.0079 0.0017 0.0004 0.0001 0.0000 1.0000 0.8621 0.1858 0.0400 0.0086 0.0019 0.0004 0.0001 0.0000 1.0000 0.9392 0.2024 0.0437 0.0094 0.0020 0.0004 0.0001 0.0000 1.0000 0.9793 0.2067 0.0433 0.0090 0.0018 0.0004 0.0001 0.0000 1.0000 0.6408 0.1263 0.0248 0.0049 0.0010 0.0002 0.0000 1.0000 1.0000 0.3105 0.0619 0.0124 0.0025 0.0005 0.0001 0.0000 1.0000 1.0000 0.2269 0.0555 0.0175 0.0080 0.0048 0.0034 0.0026 0.0020 0.0027 0.0049 0.0000
0.0000 0.0017 0.0023 0.0033 0.0045 0.0062 0.0084 0.0113 0.0154 0.0213 0.0329 0.0306 0.0096 0.0018 0.0004 0.0001 0.0000 1.0000 0.9041 0.1948 0.0420 0.0090 0.0020 0.0004 0.0001 0.0000 1.0000 0.9849 0.2123 0.0457 0.0099 0.0021 0.0005 0.0001 0.0000 1.0000 1.0000 0.2312 0.0498 0.0107 0.0023 0.0005 0.0001 0.0000 1.0000 1.0000 0.2519 0.0543 0.0117 0.0025 0.0005 0.0001 0.0000 1.0000 1.0000 0.2744 0.0590 0.0127 0.0027 0.0006 0.0001 0.0000 1.0000 1.0000 0.2641 0.0545 0.0111 0.0023 0.0005 0.0001 0.0000 1.0000 0.7604 0.1499 0.0296 0.0058 0.0011 0.0002 0.0000 1.0000 1.0000 0.3916 0.0791 0.0161 0.0033 0.0007 0.0001 0.0000 1.0000 1.0000 0.3931 0.1258 0.0577 0.0344 0.0236 0.0172 0.0135 0.0109 0.0132 0.0197 0.0000
0.0000 0.0004 0.0005 0.0007 0.0010 0.0013 0.0018 0.0024 0.0033 0.0045 0.0062 0.0096 0.0089 0.0028 0.0005 0.0001 0.0000 1.0000 1.0000 0.2641 0.0569 0.0123 0.0026 0.0006 0.0001 0.0000 1.0000 1.0000 0.2877 0.0620 0.0134 0.0029 0.0006 0.0001 0.0000 1.0000 1.0000 0.3135 0.0676 0.0146 0.0031 0.0007 0.0001 0.0000 1.0000 1.0000 0.3415 0.0736 0.0159 0.0034 0.0007 0.0002 0.0000 1.0000 1.0000 0.3706 0.0796 0.0170 0.0036 0.0008 0.0002 0.0000 1.0000 1.0000 0.3306 0.0674 0.0136 0.0027 0.0005 0.0001 0.0000 1.0000 0.9110 0.1802 0.0357 0.0071 0.0014 0.0003 0.0001 1.0000 1.0000 0.5072 0.1040 0.0215 0.0045 0.0010 0.0002 0.0000 1.0000 1.0000 0.8888 0.4075 0.2406 0.1620 0.1157 0.0868 0.0688 0.0569 0.0644 0.0836 0.0000
0.0000 0.0001 0.0001 0.0002 0.0002 0.0003 0.0004 0.0005 0.0007 0.0010 0.0013 0.0018 0.0028 0.0026 0.0008 0.0002 0.0000 1.0000 1.0000 0.3574 0.0772 0.0166 0.0036 0.0008 0.0002 0.0000 1.0000 1.0000 0.3901 0.0841 0.0181 0.0039 0.0008 0.0002 0.0000 1.0000 1.0000 0.4249 0.0916 0.0197 0.0043 0.0009 0.0002 0.0000 1.0000 1.0000 0.4629 0.0998 0.0215 0.0046 0.0010 0.0002 0.0000 1.0000 1.0000 0.4976 0.1064 0.0226 0.0048 0.0010 0.0002 0.0000 1.0000 1.0000 0.4083 0.0823 0.0165 0.0033 0.0007 0.0001 0.0000 1.0000 1.0000 0.2205 0.0440 0.0088 0.0018 0.0004 0.0001 1.0000 1.0000 0.6720 0.1405 0.0296 0.0063 0.0014 0.0003 0.0001 0.0000 1.0000 1.0000 1.0000 1.0000 0.7780 0.5695 0.4356 0.3500 0.2916 0.3129 0.3629 0.0000
0.0000 0.0000 0.0000 0.0000 0.0000 0.0001 0.0001 0.0001 0.0002 0.0002 0.0003 0.0004 0.0005 0.0008 0.0008 0.0002 0.0000 1.0000 1.0000 0.4836 0.1044 0.0225 0.0049 0.0010 0.0002 0.0000 1.0000 1.0000 0.5288 0.1140 0.0246 0.0053 0.0011 0.0002 0.0001 1.0000 1.0000 0.5761 0.1241 0.0268 0.0058 0.0012 0.0003 0.0001 1.0000 1.0000 0.6275 0.1352 0.0291 0.0063 0.0014 0.0003 0.0001 1.0000 1.0000 0.6619 0.1405 0.0296 0.0062 0.0013 0.0003 0.0001 1.0000 1.0000 0.5004 0.1005 0.0201 0.0040 0.0008 0.0002 0.0000 1.0000 1.0000 0.2739 0.0549 0.0111 0.0022 0.0005 0.0001 0.0000 1.0000 0.9145 0.1945 0.0419 0.0092 0.0020 0.0005 0.0001 0.0000 0.0000 1.0000 1.0000 1.0000 1.0000 1.0000 1.0000 1.0000 1.0000 1.0000 1.0000 0.0000
0.0000 1.0000 1.0000 1.0000 1.0000 1.0000 0.0000 0.0000 0.0000 0.0000 0.0001 0.0001 0.0001 0.0002 0.0002 0.0002 0.0001 1.0000 1.0000 0.6556 0.1413 0.0305 0.0066 0.0014 0.0003 0.0001 1.0000 1.0000 0.7169 0.1545 0.0333 0.0072 0.0015 0.0003 0.0001 0.0000 1.0000 0.7810 0.1683 0.0363 0.0078 0.0017 0.0004 0.0001 0.0000 1.0000 0.8507 0.1837 0.0395 0.0085 0.0018 0.0004 0.0001 0.0000 1.0000 0.8720 0.1833 0.0384 0.0080 0.0016 0.0003 0.0001 1.0000 1.0000 0.6122 0.1227 0.0245 0.0049 0.0010 0.0002 0.0000 1.0000 1.0000 0.3454 0.0699 0.0142 0.0029 0.0006 0.0001 0.0000 1.0000 1.0000 0.2770 0.0610 0.0136 0.0031 0.0008 0.0003 0.0001 0.0001 0.0000 0.0000 0.0000 0.0000 1.0000 1.0000 1.0000 1.0000 1.0000 1.0000 0.0000
0.0000 0.8704 1.0000 1.0000 1.0000 1.0000 1.0000 1.0000 1.0000 1.0000 1.0000 0.0000 0.0000 0.0000 0.0000 0.0001 0.0001 0.0000 1.0000 0.8905 0.1915 0.0413 0.0089 0.0019 0.0004 0.0001 0.0000 1.0000 0.9719 0.2094 0.0451 0.0097 0.0021 0.0005 0.0001 0.0000 1.0000 1.0000 0.2282 0.0492 0.0106 0.0023 0.0005 0.0001 0.0000 1.0000 1.0000 0.2485 0.0534 0.0114 0.0025 0.0005 0.0001 0.0000 1.0000 1.0000 0.2366 0.0490 0.0101 0.0021 0.0004 0.0001 0.0000 1.0000 0.7504 0.1504 0.0301 0.0060 0.0012 0.0002 0.0000 1.0000 1.0000 0.4423 0.0904 0.0186 0.0038 0.0008 0.0002 0.0000 1.0000 1.0000 0.4044 0.0909 0.0212 0.0056 0.0018 0.0008 0.0005 0.0003 0.0002 0.0002 0.0001 0.0001 0.0001 0.0001 0.0000 0.0000 0.0000 0.0000 0.0000
0.0000 0.1872 0.2500 0.3615 0.4967 0.6746 0.9162 1.0000 1.0000 1.0000 1.0000 1.0000 1.0000 1.0000 1.0000 1.0000 0.0000 1.0000 1.0000 1.0000 0.2602 0.0560 0.0121 0.0026 0.0006 0.0001 0.0000 1.0000 1.0000 0.2839 0.0612 0.0132 0.0028 0.0006 0.0001 0.0000 1.0000 1.0000 0.3093 0.0667 0.0144 0.0031 0.0007 0.0001 0.0000 1.0000 1.0000 0.3350 0.0718 0.0153 0.0033 0.0007 0.0001 0.0000 1.0000 1.0000 0.3012 0.0619 0.0126 0.0026 0.0005 0.0001 0.0000 1.0000 0.9267 0.1862 0.0373 0.0075 0.0015 0.0003 0.0001 1.0000 1.0000 0.5739 0.1184 0.0246 0.0052 0.0011 0.0002 0.0001 1.0000 1.0000 0.6064 0.1421 0.0375 0.0124 0.0057 0.0033 0.0021 0.0014 0.0010 0.0007 0.0005 0.0004 0.0003 0.0003 0.0002 0.0002 0.0002 0.0001 0.0000
0.0000 0.0404 0.0539 0.0779 0.1070 0.1457 0.1975 0.2677 0.3629 0.4920 0.6669 0.9041 1.0000 1.0000 1.0000 1.0000 1.0000 1.0000 1.0000 1.0000 0.3588 0.0760 0.0163 0.0035 0.0008 0.0002 0.0000 1.0000 1.0000 0.3849 0.0830 0.0179 0.0039 0.0008 0.0002 0.0000 1.0000 1.0000 0.4193 0.0904 0.0195 0.0042 0.0009 0.0002 0.0000 1.0000 1.0000 0.4482 0.0957 0.0203 0.0043 0.0009 0.0002 0.0000 1.0000 1.0000 0.3806 0.0778 0.0158 0.0032 0.0006 0.0001 0.0000 1.0000 1.0000 0.2317 0.0467 0.0094 0.0019 0.0004 0.0001 0.0000 1.0000 0.7576 0.1581 0.0332 0.0071 0.0015 0.0003 0.0001 0.0000 1.0000 0.9499 0.2519 0.0839 0.0383 0.0220 0.0141 0.0095 0.0066 0.0047 0.0034 0.0026 0.0020 0.0016 0.0013 0.0011 0.0009 0.0007 0.0005 0.0000
0.0000 0.0087 0.0116 0.0168 0.0231 0.0313 0.0426 0.0577 0.0782 0.1060 0.1437 0.1948 0.2641 0.3574 0.4845 0.6544 0.8905 1.0000 1.0000 1.0000 0.5535 0.1048 0.0222 0.0048 0.0010 0.0002 0.0000 1.0000 1.0000 0.5218 0.1125 0.0242 0.0052 0.0011 0.0002 0.0001 1.0000 1.0000 0.5685 0.1225 0.0264 0.0057 0.0012 0.0003 0.0001 1.0000 1.0000 0.5973 0.1268 0.0269 0.0056 0.0012 0.0002 0.0001 1.0000 1.0000 0.4772 0.0971 0.0197 0.0040 0.0008 0.0002 0.0000 1.0000 1.0000 0.2916 0.0592 0.0120 0.0025 0.0005 0.0001 0.0000 1.0000 1.0000 0.2143 0.0457 0.0099 0.0022 0.0005 0.0001 0.0000 1.0000 1.0000 0.5631 0.2567 0.1468 0.0942 0.0632 0.0435 0.0307 0.0222 0.0165 0.0126 0.0098 0.0078 0.0064 0.0052 0.0043 0.0032 0.0023 0.0000
0.0000 0.0019 0.0025 0.0036 0.0050 0.0068 0.0092 0.0124 0.0169 0.0228 0.0310 0.0420 0.0569 0.0772 0.1044 0.1416 0.1912 0.2602 0.3588 0.5535 0.5159 0.1617 0.0306 0.0065 0.0014 0.0003 0.0001 1.0000 1.0000 0.7074 0.1525 0.0329 0.0071 0.0015 0.0003 0.0001 0.0000 1.0000 0.7706 0.1664 0.0358 0.0077 0.0017 0.0004 0.0001 0.0000 1.0000 0.7899 0.1667 0.0350 0.0073 0.0015 0.0003 0.0001 1.0000 1.0000 0.5984 0.1213 0.0246 0.0050 0.0010 0.0002 0.0000 1.0000 1.0000 0.3720 0.0759 0.0155 0.0032 0.0007 0.0001 0.0000 1.0000 1.0000 0.2966 0.0642 0.0141 0.0031 0.0007 0.0002 0.0000 1.0000 1.0000 1.0000 0.9774 0.6252 0.4177 0.2861 0.2009 0.1440 0.1062 0.0799 0.0617 0.0484 0.0388 0.0314 0.0255 0.0201 0.0144 0.0103 0.0000
0.0000 0.0004 0.0005 0.0008 0.0011 0.0015 0.0020 0.0027 0.0036 0.0049 0.0067 0.0090 0.0123 0.0166 0.0225 0.0305 0.0414 0.0559 0.0760 0.1048 0.1617 0.1507 0.0472 0.0089 0.0019 0.0004 0.0001 0.0000 1.0000 0.9590 0.2067 0.0445 0.0096 0.0021 0.0004 0.0001 0.0000 1.0000 1.0000 0.2251 0.0484 0.0104 0.0022 0.0005 0.0001 0.0000 1.0000 1.0000 0.2176 0.0453 0.0094 0.0019 0.0004 0.0001 0.0000 1.0000 0.7504 0.1522 0.0308 0.0062 0.0013 0.0003 0.0001 1.0000 1.0000 0.4781 0.0983 0.0202 0.0042 0.0009 0.0002 0.0000 1.0000 1.0000 0.4177 0.0918 0.0205 0.0046 0.0011 0.0003 0.0001 0.0000 1.0000 1.0000 1.0000 1.0000 1.0000 1.0000 0.9356 0.6836 0.5101 0.3893 0.3023 0.2388 0.1908 0.1533 0.1218 0.0933 0.0645 0.0459 0.0000
0.0000 0.0001 0.0001 0.0002 0.0002 0.0003 0.0004 0.0006 0.0008 0.0011 0.0014 0.0020 0.0026 0.0036 0.0049 0.0066 0.0089 0.0121 0.0163 0.0222 0.0306 0.0472 0.0440 0.0138 0.0026 0.0006 0.0001 0.0000 1.0000 1.0000 0.2802 0.0604 0.0130 0.0028 0.0006 0.0001 0.0000 1.0000 1.0000 0.3029 0.0650 0.0139 0.0030 0.0006 0.0001 0.0000 1.0000 1.0000 0.2813 0.0582 0.0120 0.0025 0.0005 0.0001 0.0000 1.0000 0.9445 0.1915 0.0388 0.0079 0.0016 0.0003 0.0001 1.0000 1.0000 0.6204 0.1285 0.0267 0.0056 0.0012 0.0002 0.0001 1.0000 1.0000 0.5984 0.1342 0.0304 0.0071 0.0017 0.0005 0.0002 0.0001 0.0000 0.0000 0.0000 1.0000 1.0000 1.0000 1.0000 1.0000 1.0000 1.0000 1.0000 1.0000 0.9303 0.7376 0.5717 0.4274 0.2894 0.2047 0.0000
0.0000 0.0000 0.0000 0.0000 0.0000 0.0001 0.0001 0.0001 0.0002 0.0002 0.0003 0.0004 0.0006 0.0008 0.0010 0.0014 0.0019 0.0026 0.0035 0.0048 0.0065 0.0089 0.0138 0.0129 0.0040 0.0008 0.0002 0.0000 1.0000 1.0000 0.3798 0.0819 0.0176 0.0038 0.0008 0.0002 0.0000 1.0000 1.0000 0.4068 0.0870 0.0185 0.0039 0.0008 0.0002 0.0000 1.0000 1.0000 0.3601 0.0743 0.0153 0.0031 0.0006 0.0001 0.0000 1.0000 1.0000 0.2416 0.0492 0.0100 0.0020 0.0004 0.0001 0.0000 1.0000 0.8143 0.1699 0.0356 0.0075 0.0016 0.0003 0.0001 0.0000 1.0000 0.8770 0.1997 0.0464 0.0112 0.0030 0.0010 0.0005 0.0003 0.0002 0.0001 0.0001 0.0001 0.0000 0.0000 0.0000 1.0000 1.0000 1.0000 1.0000 1.0000 1.0000 1.0000 1.0000 1.0000 1.0000 0.9162 0.0000
0.0000 1.0000 1.0000 1.0000 1.0000 1.0000 0.0000 0.0000 0.0000 0.0000 0.0001 0.0001 0.0001 0.0002 0.0002 0.0003 0.0004 0.0006 0.0008 0.0010 0.0014 0.0019 0.0026 0.0040 0.0037 0.0012 0.0002 0.0000 1.0000 1.0000 0.5139 0.1110 0.0239 0.0052 0.0011 0.0002 0.0001 1.0000 1.0000 0.5441 0.1157 0.0245 0.0052 0.0011 0.0002 0.0000 1.0000 1.0000 0.4603 0.0948 0.0194 0.0040 0.0008 0.0002 0.0000 1.0000 1.0000 0.3075 0.0627 0.0128 0.0026 0.0005 0.0001 0.0000 1.0000 1.0000 0.2273 0.0482 0.0103 0.0022 0.0005 0.0001 0.0000 1.0000 1.0000 0.3041 0.0736 0.0199 0.0067 0.0030 0.0017 0.0011 0.0007 0.0005 0.0003 0.0002 0.0002 0.0001 0.0001 0.0001 0.0001 0.0000 0.0000 0.0000 0.0000 1.0000 1.0000 1.0000 1.0000 1.0000 0.0000
0.0000 0.9481 1.0000 1.0000 1.0000 1.0000 1.0000 1.0000 1.0000 1.0000 1.0000 0.0000 0.0000 0.0000 0.0000 0.0001 0.0001 0.0001 0.0002 0.0002 0.0003 0.0004 0.0006 0.0008 0.0012 0.0011 0.0003 0.0001 1.0000 1.0000 0.6967 0.1504 0.0324 0.0070 0.0015 0.0003 0.0001 1.0000 1.0000 0.7224 0.1530 0.0322 0.0068 0.0014 0.0003 0.0001 1.0000 1.0000 0.5849 0.1200 0.0246 0.0050 0.0010 0.0002 0.0000 1.0000 1.0000 0.3923 0.0803 0.0165 0.0034 0.0007 0.0001 0.0000 1.0000 1.0000 0.3081 0.0659 0.0142 0.0031 0.0007 0.0002 0.0000 1.0000 1.0000 0.4827 0.1309 0.0441 0.0200 0.0113 0.0071 0.0047 0.0032 0.0022 0.0015 0.0011 0.0008 0.0006 0.0004 0.0003 0.0003 0.0002 0.0002 0.0001 0.0001 0.0001 0.0001 0.0000 0.0000 0.0000 0.0000
0.0000 0.2039 0.2723 0.3938 0.5410 0.7348 0.9981 1.0000 1.0000 1.0000 1.0000 1.0000 1.0000 1.0000 1.0000 1.0000 0.0000 0.0000 0.0000 0.0000 0.0001 0.0001 0.0001 0.0002 0.0002 0.0003 0.0003 0.0001 0.0000 1.0000 0.9427 0.2032 0.0438 0.0094 0.0020 0.0004 0.0001 0.0000 1.0000 0.9554 0.2012 0.0422 0.0088 0.0018 0.0004 0.0001 0.0000 1.0000 0.7447 0.1522 0.0312 0.0064 0.0013 0.0003 0.0001 1.0000 1.0000 0.5052 0.1038 0.0214 0.0044 0.0009 0.0002 0.0000 1.0000 1.0000 0.4233 0.0916 0.0200 0.0044 0.0010 0.0002 0.0001 1.0000 1.0000 0.8605 0.2894 0.1314 0.0739 0.0467 0.0307 0.0206 0.0141 0.0099 0.0070 0.0051 0.0037 0.0028 0.0021 0.0016 0.0012 0.0010 0.0007 0.0006 0.0004 0.0003 0.0002 0.0002 0.0001 0.0001 0.0000
0.0000 0.0440 0.0587 0.0849 0.1166 0.1587 0.2151 0.2916 0.3953 0.5359 0.7265 0.9849 1.0000 1.0000 1.0000 1.0000 1.0000 1.0000 1.0000 1.0000 1.0000 0.0000 0.0000 0.0000 0.0000 0.0001 0.0001 0.0001 0.0000 1.0000 1.0000 0.2739 0.0589 0.0126 0.0027 0.0006 0.0001 0.0000 1.0000 1.0000 0.2626 0.0549 0.0114 0.0024 0.0005 0.0001 0.0000 1.0000 0.9481 0.1937 0.0396 0.0081 0.0017 0.0003 0.0001 1.0000 1.0000 0.6556 0.1355 0.0281 0.0059 0.0012 0.0003 0.0001 1.0000 1.0000 0.5882 0.1290 0.0285 0.0064 0.0014 0.0003 0.0001 0.0000 1.0000 1.0000 0.8621 0.4836 0.3052 0.2001 0.1342 0.0918 0.0638 0.0453 0.0326 0.0239 0.0177 0.0133 0.0101 0.0077 0.0059 0.0046 0.0035 0.0026 0.0020 0.0014 0.0010 0.0007 0.0005 0.0003 0.0000
0.0000 0.0095 0.0126 0.0183 0.0251 0.0341 0.0464 0.0628 0.0852 0.1155 0.1566 0.2123 0.2877 0.3901 0.5288 0.7169 0.9719 1.0000 1.0000 1.0000 1.0000 1.0000 1.0000 1.0000 1.0000 1.0000 0.0000 0.0000 0.0000 1.0000 1.0000 0.3678 0.0788 0.0169 0.0036 0.0008 0.0002 0.0000 1.0000 1.0000 0.3408 0.0710 0.0147 0.0030 0.0006 0.0001 0.0000 1.0000 1.0000 0.2471 0.0505 0.0103 0.0021 0.0004 0.0001 0.0000 1.0000 0.8572 0.1785 0.0372 0.0078 0.0016 0.0003 0.0001 0.0000 1.0000 0.8300 0.1844 0.0414 0.0094 0.0022 0.0005 0.0001 0.0000 1.0000 1.0000 1.0000 1.0000 1.0000 0.8720 0.5950 0.4130 0.2916 0.2094 0.1527 0.1127 0.0841 0.0634 0.0482 0.0369 0.0283 0.0215 0.0163 0.0121 0.0089 0.0065 0.0046 0.0033 0.0021 0.0015 0.0000
0.0000 0.0020 0.0027 0.0039 0.0054 0.0074 0.0100 0.0135 0.0184 0.0249 0.0337 0.0457 0.0620 0.0841 0.1140 0.1545 0.2094 0.2839 0.3849 0.5218 0.7074 0.9590 1.0000 1.0000 1.0000 1.0000 1.0000 1.0000 1.0000 1.0000 1.0000 0.5014 0.1050 0.0224 0.0048 0.0010 0.0002 0.0000 1.0000 1.0000 0.4406 0.0914 0.0189 0.0039 0.0008 0.0002 0.0000 1.0000 1.0000 0.3152 0.0647 0.0133 0.0027 0.0006 0.0001 0.0000 1.0000 1.0000 0.2370 0.0498 0.0105 0.0022 0.0005 0.0001 0.0000 1.0000 1.0000 0.2677 0.0612 0.0141 0.0033 0.0008 0.0002 0.0001 0.0000 0.0000 1.0000 1.0000 1.0000 1.0000 1.0000 1.0000 1.0000 0.9756 0.7169 0.5329 0.3998 0.3023 0.2299 0.1755 0.1332 0.1007 0.0753 0.0554 0.0404 0.0291 0.0208 0.0146 0.0096 0.0068 0.0000
0.0000 0.0004 0.0006 0.0008 0.0012 0.0016 0.0022 0.0029 0.0040 0.0054 0.0073 0.0099 0.0134 0.0181 0.0246 0.0333 0.0451 0.0612 0.0830 0.1125 0.1525 0.2067 0.2802 0.3798 0.5139 0.6967 0.9427 1.0000 1.0000 1.0000 1.0000 0.7101 0.1418 0.0295 0.0063 0.0013 0.0003 0.0001 1.0000 1.0000 0.5685 0.1175 0.0242 0.0050 0.0010 0.0002 0.0000 1.0000 1.0000 0.4052 0.0834 0.0172 0.0035 0.0007 0.0002 0.0000 1.0000 1.0000 0.3171 0.0672 0.0143 0.0031 0.0007 0.0001 0.0000 1.0000 1.0000 0.3968 0.0919 0.0217 0.0053 0.0015 0.0005 0.0002 0.0001 0.0001 0.0001 0.0000 0.0000 0.0000 1.0000 1.0000 1.0000 1.0000 1.0000 1.0000 1.0000 1.0000 1.0000 0.8284 0.6240 0.4673 0.3454 0.2524 0.1823 0.1309 0.0932 0.0653 0.0430 0.0303 0.0000
0.0000 0.0001 0.0001 0.0002 0.0003 0.0003 0.0005 0.0006 0.0009 0.0012 0.0016 0.0021 0.0029 0.0039 0.0053 0.0072 0.0097 0.0132 0.0179 0.0242 0.0329 0.0445 0.0604 0.0819 0.1110 0.1504 0.2032 0.2739 0.3678 0.5014 0.7101 0.5577 0.1948 0.0394 0.0082 0.0017 0.0004 0.0001 0.0000 1.0000 0.7321 0.1510 0.0310 0.0064 0.0013 0.0003 0.0001 1.0000 1.0000 0.5238 0.1081 0.0223 0.0046 0.0010 0.0002 0.0000 1.0000 1.0000 0.4282 0.0914 0.0196 0.0043 0.0009 0.0002 0.0000 1.0000 1.0000 0.5973 0.1413 0.0347 0.0095 0.0032 0.0014 0.0008 0.0005 0.0003 0.0002 0.0001 0.0001 0.0001 0.0001 0.0000 0.0000 0.0000 1.0000 1.0000 1.0000 1.0000 1.0000 1.0000 1.0000 1.0000 1.0000 1.0000 0.8221 0.5871 0.4169 0.2922 0.1926 0.1355 0.0000
0.0000 0.0000 0.0000 0.0000 0.0001 0.0001 0.0001 0.0001 0.0002 0.0002 0.0003 0.0005 0.0006 0.0008 0.0011 0.0015 0.0021 0.0028 0.0039 0.0052 0.0071 0.0096 0.0130 0.0176 0.0239 0.0324 0.0438 0.0589 0.0788 0.1050 0.1418 0.1948 0.1484 0.0530 0.0108 0.0022 0.0005 0.0001 0.0000 1.0000 0.9392 0.1937 0.0398 0.0082 0.0017 0.0003 0.0001 1.0000 1.0000 0.6797 0.1408 0.0292 0.0061 0.0013 0.0003 0.0001 1.0000 1.0000 0.5849 0.1258 0.0273 0.0060 0.0013 0.0003 0.0001 0.0000 1.0000 0.9180 0.2260 0.0618 0.0209 0.0094 0.0053 0.0033 0.0021 0.0014 0.0010 0.0007 0.0005 0.0003 0.0002 0.0002 0.0001 0.0001 0.0001 0.0001 0.0000 0.0000 0.0000 0.0000 1.0000 1.0000 1.0000 1.0000 1.0000 1.0000 1.0000 1.0000 0.8621 0.6064 0.0000
0.0000 1.0000 1.0000 1.0000 1.0000 0.0000 0.0000 0.0000 0.0000 0.0001 0.0001 0.0001 0.0001 0.0002 0.0002 0.0003 0.0005 0.0006 0.0008 0.0011 0.0015 0.0021 0.0028 0.0038 0.0052 0.0070 0.0094 0.0126 0.0169 0.0224 0.0295 0.0394 0.0530 0.0394 0.0142 0.0029 0.0006 0.0001 0.0000 1.0000 1.0000 0.2490 0.0513 0.0105 0.0022 0.0004 0.0001 0.0000 1.0000 0.8854 0.1844 0.0385 0.0081 0.0017 0.0004 0.0001 0.0000 1.0000 0.8066 0.1755 0.0385 0.0085 0.0019 0.0004 0.0001 0.0000 1.0000 1.0000 0.4021 0.1360 0.0612 0.0341 0.0213 0.0139 0.0092 0.0062 0.0042 0.0030 0.0021 0.0015 0.0011 0.0008 0.0006 0.0004 0.0003 0.0002 0.0002 0.0001 0.0001 0.0001 0.0001 0.0000 0.0000 0.0000 0.0000 1.0000 1.0000 1.0000 1.0000 1.0000 0.0000
0.0000 1.0000 1.0000 1.0000 1.0000 1.0000 1.0000 1.0000 1.0000 1.0000 0.0000 0.0000 0.0000 0.0000 0.0001 0.0001 0.0001 0.0001 0.0002 0.0002 0.0003 0.0004 0.0006 0.0008 0.0011 0.0015 0.0020 0.0027 0.0036 0.0048 0.0063 0.0082 0.0108 0.0142 0.0105 0.0038 0.0008 0.0002 0.0000 1.0000 1.0000 0.3201 0.0660 0.0136 0.0028 0.0006 0.0001 0.0000 1.0000 1.0000 0.2434 0.0511 0.0107 0.0023 0.0005 0.0001 0.0000 1.0000 1.0000 0.2471 0.0548 0.0123 0.0028 0.0006 0.0001 0.0000 1.0000 1.0000 0.8837 0.3976 0.2213 0.1381 0.0897 0.0595 0.0400 0.0274 0.0190 0.0134 0.0096 0.0069 0.0051 0.0037 0.0028 0.0021 0.0015 0.0011 0.0009 0.0006 0.0005 0.0004 0.0003 0.0002 0.0001 0.0001 0.0001 0.0000 0.0000 0.0000 0.0000 1.0000 0.0000
0.0000 0.2226 0.2966 0.4290 0.5894 0.8005 1.0000 1.0000 1.0000 1.0000 1.0000 1.0000 1.0000 1.0000 1.0000 0.0000 0.0000 0.0000 0.0000 0.0001 0.0001 0.0001 0.0001 0.0002 0.0002 0.0003 0.0004 0.0006 0.0008 0.0010 0.0013 0.0017 0.0022 0.0029 0.0038 0.0028 0.0010 0.0002 0.0000 1.0000 1.0000 0.4122 0.0852 0.0176 0.0036 0.0008 0.0002 0.0000 1.0000 1.0000 0.3238 0.0682 0.0144 0.0031 0.0007 0.0001 0.0000 1.0000 1.0000 0.3520 0.0791 0.0180 0.0041 0.0010 0.0002 0.0001 0.0000 1.0000 1.0000 1.0000 0.8939 0.5805 0.3835 0.2582 0.1762 0.1223 0.0860 0.0613 0.0441 0.0322 0.0236 0.0174 0.0129 0.0097 0.0072 0.0054 0.0040 0.0030 0.0022 0.0016 0.0012 0.0008 0.0006 0.0004 0.0003 0.0002 0.0002 0.0001 0.0001 0.0001 0.0000
0.0000 0.0480 0.0639 0.0925 0.1270 0.1728 0.2343 0.3177 0.4306 0.5838 0.7914 1.0000 1.0000 1.0000 1.0000 1.0000 1.0000 1.0000 1.0000 1.0000 0.0000 0.0000 0.0000 0.0000 0.0001 0.0001 0.0001 0.0001 0.0002 0.0002 0.0003 0.0004 0.0005 0.0006 0.0008 0.0010 0.0008 0.0003 0.0001 1.0000 1.0000 0.5339 0.1105 0.0229 0.0048 0.0010 0.0002 0.0000 1.0000 1.0000 0.4331 0.0919 0.0196 0.0042 0.0009 0.0002 0.0000 1.0000 1.0000 0.5091 0.1159 0.0268 0.0063 0.0015 0.0004 0.0001 0.0000 0.0000 1.0000 1.0000 1.0000 1.0000 1.0000 1.0000 0.7854 0.5514 0.3916 0.2818 0.2043 0.1496 0.1101 0.0815 0.0607 0.0452 0.0337 0.0250 0.0185 0.0136 0.0100 0.0073 0.0052 0.0038 0.0027 0.0019 0.0014 0.0010 0.0007 0.0005 0.0003 0.0002 0.0000
0.0000 0.0103 0.0138 0.0199 0.0274 0.0372 0.0505 0.0685 0.0928 0.1258 0.1706 0.2312 0.3135 0.4249 0.5761 0.7810 1.0000 1.0000 1.0000 1.0000 1.0000 1.0000 1.0000 1.0000 1.0000 1.0000 0.0000 0.0000 0.0000 0.0000 0.0001 0.0001 0.0001 0.0001 0.0002 0.0002 0.0003 0.0002 0.0001 0.0000 1.0000 0.6928 0.1437 0.0299 0.0062 0.0013 0.0003 0.0001 1.0000 1.0000 0.5849 0.1246 0.0268 0.0058 0.0012 0.0003 0.0001 1.0000 1.0000 0.7490 0.1728 0.0405 0.0097 0.0024 0.0007 0.0002 0.0001 0.0001 0.0000 0.0000 0.0000 1.0000 1.0000 1.0000 1.0000 1.0000 1.0000 1.0000 0.9481 0.6967 0.5149 0.3813 0.2834 0.2106 0.1566 0.1155 0.0852 0.0625 0.0455 0.0329 0.0236 0.0170 0.0121 0.0086 0.0061 0.0043 0.0031 0.0022 0.0014 0.0010 0.0000
0.0000 0.0022 0.0030 0.0043 0.0059 0.0080 0.0109 0.0148 0.0200 0.0271 0.0368 0.0498 0.0676 0.0916 0.1241 0.1683 0.2282 0.3093 0.4193 0.5685 0.7706 1.0000 1.0000 1.0000 1.0000 1.0000 1.0000 1.0000 1.0000 1.0000 1.0000 0.0000 0.0000 0.0000 0.0000 0.0000 0.0001 0.0001 0.0001 0.0000 1.0000 0.9007 0.1879 0.0392 0.0082 0.0017 0.0004 0.0001 0.0000 1.0000 0.7944 0.1706 0.0368 0.0080 0.0018 0.0004 0.0001 0.0000 1.0000 1.0000 0.2621 0.0626 0.0155 0.0043 0.0014 0.0006 0.0004 0.0002 0.0001 0.0001 0.0001 0.0000 0.0000 0.0000 1.0000 1.0000 1.0000 1.0000 1.0000 1.0000 1.0000 1.0000 1.0000 0.9793 0.7238 0.5329 0.3901 0.2845 0.2059 0.1482 0.1062 0.0759 0.0542 0.0385 0.0274 0.0194 0.0138 0.0097 0.0064 0.0045 0.0000
0.0000 0.0005 0.0006 0.0009 0.0013 0.0017 0.0023 0.0032 0.0043 0.0058 0.0079 0.0107 0.0146 0.0197 0.0268 0.0363 0.0492 0.0667 0.0904 0.1225 0.1664 0.2251 0.3029 0.4068 0.5441 0.7224 0.9554 1.0000 1.0000 1.0000 1.0000 1.0000 1.0000 1.0000 1.0000 1.0000 1.0000 0.0000 0.0000 1.0000 1.0000 1.0000 0.2471 0.0517 0.0108 0.0023 0.0005 0.0001 0.0000 1.0000 1.0000 0.2352 0.0512 0.0112 0.0025 0.0006 0.0001 0.0000 1.0000 1.0000 0.4052 0.1005 0.0276 0.0093 0.0042 0.0023 0.0014 0.0009 0.0006 0.0004 0.0003 0.0002 0.0001 0.0001 0.0001 0.0000 0.0000 0.0000 0.0000 1.0000 1.0000 1.0000 1.0000 1.0000 1.0000 1.0000 1.0000 1.0000 0.9303 0.6682 0.4772 0.3402 0.2420 0.1722 0.1225 0.0870 0.0617 0.0433 0.0285 0.0201 0.0000
0.0000 0.0001 0.0001 0.0002 0.0003 0.0004 0.0005 0.0007 0.0009 0.0013 0.0017 0.0023 0.0031 0.0043 0.0058 0.0078 0.0106 0.0144 0.0195 0.0264 0.0358 0.0484 0.0650 0.0870 0.1157 0.1530 0.2012 0.2626 0.3408 0.4406 0.5685 0.7321 0.9392 1.0000 1.0000 1.0000 1.0000 1.0000 1.0000 1.0000 1.0000 1.0000 0.3306 0.0686 0.0144 0.0030 0.0006 0.0001 0.0000 1.0000 1.0000 0.3281 0.0719 0.0159 0.0036 0.0008 0.0002 0.0000 1.0000 1.0000 0.6506 0.1792 0.0604 0.0270 0.0149 0.0092 0.0060 0.0039 0.0026 0.0018 0.0012 0.0009 0.0006 0.0004 0.0003 0.0002 0.0002 0.0001 0.0001 0.0001 0.0000 0.0000 0.0000 0.0000 1.0000 1.0000 1.0000 1.0000 1.0000 1.0000 1.0000 1.0000 1.0000 0.7706 0.5483 0.3893 0.2760 0.1937 0.1277 0.0899 0.0000
0.0000 0.0000 0.0000 0.0000 0.0001 0.0001 0.0001 0.0001 0.0002 0.0003 0.0004 0.0005 0.0007 0.0009 0.0012 0.0017 0.0023 0.0031 0.0042 0.0057 0.0077 0.0104 0.0139 0.0185 0.0245 0.0322 0.0422 0.0549 0.0710 0.0914 0.1175 0.1510 0.1937 0.2485 0.3201 0.4122 0.5339 0.6928 0.9007 1.0000 1.0000 1.0000 0.4929 0.0928 0.0194 0.0041 0.0009 0.0002 0.0000 1.0000 1.0000 0.4611 0.1023 0.0228 0.0052 0.0012 0.0003 0.0001 0.0000 1.0000 1.0000 0.3908 0.1742 0.0962 0.0596 0.0384 0.0253 0.0169 0.0114 0.0078 0.0055 0.0038 0.0027 0.0020 0.0014 0.0010 0.0008 0.0006 0.0004 0.0003 0.0002 0.0002 0.0001 0.0001 0.0001 0.0000 0.0000 0.0000 0.0000 1.0000 1.0000 1.0000 1.0000 1.0000 1.0000 1.0000 1.0000 0.8671 0.5717 0.4021 0.0000
0.0000 1.0000 1.0000 1.0000 1.0000 0.0000 0.0000 0.0000 0.0000 0.0001 0.0001 0.0001 0.0001 0.0002 0.0003 0.0004 0.0005 0.0007 0.0009 0.0012 0.0017 0.0022 0.0030 0.0039 0.0052 0.0068 0.0088 0.0114 0.0147 0.0189 0.0242 0.0310 0.0398 0.0513 0.0660 0.0852 0.1103 0.1437 0.1879 0.2471 0.3306 0.4929 0.4638 0.1435 0.0266 0.0056 0.0012 0.0003 0.0001 1.0000 1.0000 0.6556 0.1470 0.0333 0.0076 0.0018 0.0004 0.0001 0.0000 1.0000 1.0000 1.0000 0.6204 0.3835 0.2471 0.1623 0.1083 0.0733 0.0502 0.0349 0.0245 0.0174 0.0125 0.0090 0.0065 0.0048 0.0035 0.0026 0.0019 0.0014 0.0010 0.0008 0.0006 0.0004 0.0003 0.0002 0.0002 0.0001 0.0001 0.0001 0.0000 0.0000 0.0000 1.0000 1.0000 1.0000 1.0000 1.0000 1.0000 1.0000 0.0000
0.0000 1.0000 1.0000 1.0000 1.0000 1.0000 1.0000 1.0000 1.0000 1.0000 0.0000 0.0000 0.0000 0.0000 0.0001 0.0001 0.0001 0.0001 0.0002 0.0003 0.0004 0.0005 0.0006 0.0008 0.0011 0.0014 0.0018 0.0024 0.0030 0.0039 0.0050 0.0064 0.0082 0.0105 0.0136 0.0176 0.0229 0.0299 0.0392 0.0517 0.0686 0.0928 0.1435 0.1424 0.0426 0.0078 0.0016 0.0004 0.0001 0.0000 1.0000 0.9427 0.2139 0.0491 0.0114 0.0027 0.0006 0.0002 0.0000 0.0000 1.0000 1.0000 1.0000 1.0000 1.0000 0.6954 0.4700 0.3219 0.2234 0.1566 0.1112 0.0794 0.0571 0.0414 0.0302 0.0221 0.0162 0.0119 0.0087 0.0064 0.0047 0.0034 0.0025 0.0018 0.0013 0.0010 0.0007 0.0005 0.0003 0.0002 0.0002 0.0001 0.0001 0.0001 0.0000 0.0000 0.0000 0.0000 1.0000 1.0000 0.0000
0.0000 0.2425 0.3231 0.4673 0.6420 0.8720 1.0000 1.0000 1.0000 1.0000 1.0000 1.0000 1.0000 1.0000 1.0000 0.0000 0.0000 0.0000 0.0000 0.0001 0.0001 0.0001 0.0001 0.0002 0.0002 0.0003 0.0004 0.0005 0.0006 0.0008 0.0010 0.0013 0.0017 0.0022 0.0028 0.0036 0.0047 0.0062 0.0082 0.0108 0.0144 0.0194 0.0266 0.0426 0.0451 0.0130 0.0023 0.0005 0.0001 0.0000 1.0000 1.0000 0.3158 0.0736 0.0173 0.0042 0.0010 0.0003 0.0001 0.0000 0.0000 0.0000 1.0000 1.0000 1.0000 1.0000 1.0000 1.0000 1.0000 0.7074 0.5052 0.3629 0.2626 0.1908 0.1394 0.1021 0.0749 0.0549 0.0403 0.0295 0.0216 0.0157 0.0114 0.0083 0.0060 0.0043 0.0031 0.0022 0.0016 0.0011 0.0008 0.0006 0.0004 0.0003 0.0002 0.0001 0.0001 0.0001 0.0000 0.0000 0.0000
0.0000 0.0523 0.0696 0.1007 0.1384 0.1883 0.2553 0.3460 0.4691 0.6360 0.8621 1.0000 1.0000 1.0000 1.0000 1.0000 1.0000 1.0000 1.0000 1.0000 0.0000 0.0000 0.0000 0.0000 0.0000 0.0001 0.0001 0.0001 0.0001 0.0002 0.0002 0.0003 0.0003 0.0004 0.0006 0.0008 0.0010 0.0013 0.0017 0.0023 0.0030 0.0041 0.0056 0.0078 0.0130 0.0148 0.0041 0.0007 0.0002 0.0000 1.0000 1.0000 0.4727 0.1118 0.0269 0.0067 0.0018 0.0006 0.0003 0.0002 0.0001 0.0001 0.0000 0.0000 0.0000 1.0000 1.0000 1.0000 1.0000 1.0000 1.0000 1.0000 1.0000 0.8804 0.6433 0.4709 0.3460 0.2533 0.1854 0.1355 0.0988 0.0717 0.0519 0.0374 0.0270 0.0193 0.0138 0.0098 0.0070 0.0050 0.0035 0.0025 0.0018 0.0013 0.0009 0.0006 0.0005 0.0003 0.0002 0.0001 0.0000
0.0000 0.0113 0.0150 0.0217 0.0298 0.0405 0.0550 0.0746 0.1011 0.1371 0.1858 0.2519 0.3415 0.4629 0.6275 0.8507 1.0000 1.0000 1.0000 1.0000 1.0000 1.0000 1.0000 1.0000 1.0000 1.0000 0.0000 0.0000 0.0000 0.0000 0.0000 0.0001 0.0001 0.0001 0.0001 0.0002 0.0002 0.0003 0.0004 0.0005 0.0006 0.0009 0.0012 0.0016 0.0023 0.0041 0.0051 0.0013 0.0002 0.0001 1.0000 1.0000 0.7183 0.1732 0.0433 0.0119 0.0040 0.0018 0.0010 0.0006 0.0004 0.0003 0.0002 0.0001 0.0001 0.0001 0.0000 0.0000 0.0000 1.0000 1.0000 1.0000 1.0000 1.0000 1.0000 1.0000 1.0000 1.0000 0.8507 0.6204 0.4499 0.3256 0.2352 0.1689 0.1213 0.0867 0.0618 0.0440 0.0313 0.0222 0.0158 0.0113 0.0080 0.0057 0.0041 0.0029 0.0020 0.0014 0.0009 0.0007 0.0000
0.0000 0.0024 0.0032 0.0047 0.0064 0.0087 0.0119 0.0161 0.0218 0.0295 0.0400 0.0543 0.0736 0.0998 0.1352 0.1837 0.2485 0.3350 0.4482 0.5973 0.7899 1.0000 1.0000 1.0000 1.0000 1.0000 1.0000 1.0000 1.0000 1.0000 1.0000 1.0000 1.0000 0.0000 0.0000 0.0000 0.0000 0.0001 0.0001 0.0001 0.0001 0.0002 0.0003 0.0004 0.0005 0.0007 0.0013 0.0019 0.0004 0.0001 0.0000 1.0000 1.0000 0.2781 0.0769 0.0259 0.0115 0.0063 0.0039 0.0025 0.0016 0.0011 0.0007 0.0005 0.0003 0.0002 0.0002 0.0001 0.0001 0.0001 0.0000 0.0000 0.0000 0.0000 1.0000 1.0000 1.0000 1.0000 1.0000 1.0000 1.0000 1.0000 1.0000 0.7619 0.5441 0.3893 0.2770 0.1967 0.1400 0.0996 0.0708 0.0504 0.0359 0.0255 0.0182 0.0129 0.0092 0.0064 0.0042 0.0030 0.0000
0.0000 0.0005 0.0007 0.0010 0.0014 0.0019 0.0026 0.0035 0.0047 0.0064 0.0086 0.0117 0.0159 0.0215 0.0291 0.0395 0.0534 0.0718 0.0957 0.1268 0.1667 0.2176 0.2813 0.3601 0.4603 0.5849 0.7447 0.9481 1.0000 1.0000 1.0000 1.0000 1.0000 1.0000 1.0000 1.0000 1.0000 1.0000 0.0000 0.0000 0.0000 0.0000 0.0001 0.0001 0.0001 0.0002 0.0002 0.0004 0.0008 0.0002 0.0000 1.0000 1.0000 0.4920 0.1658 0.0736 0.0403 0.0248 0.0159 0.0104 0.0069 0.0047 0.0032 0.0022 0.0015 0.0011 0.0008 0.0005 0.0004 0.0003 0.0002 0.0001 0.0001 0.0001 0.0001 0.0000 0.0000 0.0000 0.0000 1.0000 1.0000 1.0000 1.0000 1.0000 1.0000 1.0000 1.0000 0.8837 0.6275 0.4465 0.3177 0.2260 0.1608 0.1144 0.0814 0.0579 0.0410 0.0288 0.0190 0.0134 0.0000
0.0000 0.0001 0.0002 0.0002 0.0003 0.0004 0.0006 0.0007 0.0010 0.0014 0.0019 0.0025 0.0034 0.0046 0.0063 0.0085 0.0115 0.0153 0.0203 0.0269 0.0350 0.0453 0.0582 0.0743 0.0948 0.1200 0.1522 0.1937 0.2471 0.3152 0.4052 0.5238 0.6797 0.8854 1.0000 1.0000 1.0000 1.0000 1.0000 1.0000 1.0000 1.0000 1.0000 0.0000 0.0000 0.0000 0.0001 0.0001 0.0002 0.0004 0.0001 1.0000 1.0000 1.0000 0.4682 0.2577 0.1590 0.1021 0.0668 0.0443 0.0298 0.0203 0.0140 0.0097 0.0068 0.0048 0.0035 0.0025 0.0018 0.0013 0.0009 0.0007 0.0005 0.0004 0.0003 0.0002 0.0001 0.0001 0.0001 0.0001 0.0000 0.0000 0.0000 1.0000 1.0000 1.0000 1.0000 1.0000 1.0000 1.0000 1.0000 1.0000 0.7210 0.5130 0.3650 0.2597 0.1840 0.1290 0.0850 0.0599 0.0000
0.0000 0.0000 0.0000 0.0000 0.0001 0.0001 0.0001 0.0002 0.0002 0.0003 0.0004 0.0005 0.0007 0.0010 0.0014 0.0018 0.0025 0.0033 0.0043 0.0056 0.0073 0.0094 0.0120 0.0153 0.0194 0.0246 0.0312 0.0396 0.0505 0.0647 0.0834 0.1081 0.1405 0.1844 0.2434 0.3238 0.4331 0.5849 0.7944 1.0000 1.0000 1.0000 1.0000 1.0000 1.0000 1.0000 1.0000 0.0000 0.0000 0.0001 0.0003 0.0000 1.0000 1.0000 1.0000 1.0000 0.6519 0.4266 0.2829 0.1901 0.1295 0.0892 0.0620 0.0435 0.0308 0.0219 0.0157 0.0113 0.0082 0.0059 0.0043 0.0031 0.0023 0.0017 0.0012 0.0009 0.0006 0.0005 0.0003 0.0002 0.0002 0.0001 0.0001 0.0001 0.0000 0.0000 0.0000 0.0000 1.0000 1.0000 1.0000 1.0000 1.0000 1.0000 1.0000 1.0000 0.8252 0.5783 0.3813 0.2687 0.0000
0.0000 1.0000 1.0000 1.0000 1.0000 0.0000 0.0000 0.0000 0.0000 0.0001 0.0001 0.0001 0.0002 0.0002 0.0003 0.0004 0.0005 0.0007 0.0009 0.0012 0.0015 0.0019 0.0025 0.0031 0.0040 0.0050 0.0064 0.0081 0.0103 0.0133 0.0172 0.0223 0.0292 0.0385 0.0511 0.0682 0.0919 0.1246 0.1706 0.2352 0.3281 0.4611 0.6556 0.9427 1.0000 1.0000 1.0000 1.0000 1.0000 1.0000 0.0000 0.0004 0.0000 1.0000 1.0000 1.0000 1.0000 1.0000 1.0000 0.8268 0.5685 0.3946 0.2765 0.1956 0.1394 0.0996 0.0715 0.0517 0.0375 0.0273 0.0198 0.0144 0.0105 0.0077 0.0056 0.0040 0.0029 0.0021 0.0015 0.0011 0.0008 0.0006 0.0004 0.0003 0.0002 0.0001 0.0001 0.0001 0.0001 0.0000 0.0000 0.0000 1.0000 1.0000 1.0000 1.0000 1.0000 1.0000 1.0000 1.0000 0.0000
0.0000 1.0000 1.0000 1.0000 1.0000 1.0000 1.0000 1.0000 1.0000 1.0000 0.0000 0.0000 0.0000 0.0000 0.0001 0.0001 0.0001 0.0001 0.0002 0.0002 0.0003 0.0004 0.0005 0.0006 0.0008 0.0010 0.0013 0.0017 0.0021 0.0027 0.0035 0.0046 0.0061 0.0081 0.0107 0.0144 0.0196 0.0268 0.0368 0.0512 0.0719 0.1023 0.1470 0.2139 0.3158 0.4727 0.7183 1.0000 1.0000 1.0000 1.0000 0.0000 0.0003 0.0000 0.0000 0.0000 1.0000 1.0000 1.0000 1.0000 1.0000 1.0000 1.0000 0.8837 0.6323 0.4542 0.3275 0.2370 0.1719 0.1251 0.0911 0.0662 0.0482 0.0350 0.0254 0.0184 0.0133 0.0095 0.0069 0.0049 0.0035 0.0025 0.0018 0.0013 0.0009 0.0006 0.0005 0.0003 0.0002 0.0002 0.0001 0.0001 0.0001 0.0000 0.0000 0.0000 0.0000 1.0000 1.0000 1.0000 0.0000
0.0000 0.2641 0.3520 0.5091 0.6994 0.9499 1.0000 1.0000 1.0000 1.0000 1.0000 1.0000 1.0000 1.0000 1.0000 0.0000 0.0000 0.0000 0.0000 0.0001 0.0001 0.0001 0.0001 0.0001 0.0002 0.0002 0.0003 0.0003 0.0004 0.0006 0.0007 0.0010 0.0013 0.0017 0.0023 0.0031 0.0042 0.0058 0.0080 0.0112 0.0159 0.0228 0.0333 0.0491 0.0736 0.1118 0.1732 0.2775 0.4910 1.0000 1.0000 1.0000 0.0000 0.0004 0.0001 0.0001 0.0000 0.0000 0.0000 1.0000 1.0000 1.0000 1.0000 1.0000 1.0000 1.0000 1.0000 1.0000 0.7884 0.5728 0.4169 0.3029 0.2201 0.1596 0.1155 0.0834 0.0600 0.0431 0.0309 0.0221 0.0158 0.0113 0.0080 0.0057 0.0041 0.0029 0.0021 0.0015 0.0010 0.0007 0.0005 0.0004 0.0003 0.0002 0.0001 0.0001 0.0001 0.0000 0.0000 0.0000 0.0000
0.0000 0.0569 0.0759 0.1097 0.1507 0.2051 0.2781 0.3770 0.5110 0.6928 0.9392 1.0000 1.0000 1.0000 1.0000 1.0000 1.0000 1.0000 1.0000 1.0000 1.0000 0.0000 0.0000 0.0000 0.0000 0.0000 0.0001 0.0001 0.0001 0.0001 0.0002 0.0002 0.0003 0.0004 0.0005 0.0007 0.0009 0.0012 0.0018 0.0025 0.0036 0.0052 0.0076 0.0114 0.0173 0.0269 0.0432 0.0767 0.1658 0.4691 1.0000 1.0000 0.0000 0.0001 0.0007 0.0004 0.0002 0.0001 0.0001 0.0001 0.0000 0.0000 0.0000 0.0000 1.0000 1.0000 1.0000 1.0000 1.0000 1.0000 1.0000 1.0000 1.0000 0.7251 0.5238 0.3777 0.2713 0.1945 0.1392 0.0994 0.0708 0.0505 0.0360 0.0257 0.0183 0.0130 0.0093 0.0066 0.0047 0.0033 0.0024 0.0017 0.0012 0.0009 0.0006 0.0004 0.0003 0.0002 0.0001 0.0001 0.0000
0.0000 0.0123 0.0163 0.0236 0.0325 0.0441 0.0599 0.0812 0.1101 0.1493 0.2024 0.2744 0.3706 0.4976 0.6619 0.8720 1.0000 1.0000 1.0000 1.0000 1.0000 1.0000 1.0000 1.0000 1.0000 1.0000 1.0000 1.0000 0.0000 0.0000 0.0000 0.0000 0.0001 0.0001 0.0001 0.0001 0.0002 0.0003 0.0004 0.0006 0.0008 0.0012 0.0018 0.0027 0.0042 0.0067 0.0119 0.0259 0.0736 0.2582 1.0000 1.0000 0.0000 0.0001 0.0004 0.0017 0.0011 0.0006 0.0004 0.0003 0.0002 0.0001 0.0001 0.0001 0.0001 0.0000 0.0000 0.0000 0.0000 1.0000 1.0000 1.0000 1.0000 1.0000 1.0000 1.0000 1.0000 0.8754 0.6252 0.4456 0.3177 0.2264 0.1614 0.1151 0.0820 0.0585 0.0417 0.0296 0.0211 0.0150 0.0107 0.0076 0.0054 0.0038 0.0027 0.0019 0.0014 0.0010 0.0006 0.0004 0.0000
