-0.3298 -0.3348 -0.3358 -0.3361 -0.3361 -0.3361 -0.3359 -0.3355 -0.3349 -0.3342 -0.3332 -0.3321 -0.3308 -0.3292 -0.3275 -0.3255 -0.3233 -0.3208 -0.3181 -0.3152 -0.3120 -0.3085 -0.3048 -0.3008 -0.2965 -0.2919 -0.2870 -0.2818 -0.2762 -0.2704 -0.2641 -0.2576 -0.2506 -0.2432 -0.2353 -0.2270 -0.2180 -0.2084 -0.1981 -0.1869 -0.1748 -0.1618 -0.1480 -0.1337 -0.1193 -0.1052 -0.0919 -0.0799 -0.0691 -0.0601 -0.0564 -0.0601 -0.0691 -0.0799 -0.0919 -0.1052 -0.1193 -0.1337 -0.1480 -0.1618 -0.1748 -0.1869 -0.1981 -0.2084 -0.2180 -0.2270 -0.2353 -0.2432 -0.2506 -0.2576 -0.2641 -0.2704 -0.2762 -0.2818 -0.2870 -0.2919 -0.2965 -0.3008 -0.3048 -0.3085 -0.3120 -0.3152 -0.3181 -0.3208 -0.3233 -0.3255 -0.3275 -0.3292 -0.3308 -0.3321 -0.3332 -0.3342 -0.3349 -0.3355 -0.3359 -0.3361 -0.3361 -0.3361 -0.3358 -0.3348 -0.3298
-0.3348 -0.3360 -0.3356 -0.3350 -0.3343 -0.3334 -0.3323 -0.3310 -0.3294 -0.3277 -0.3257 -0.3235 -0.3210 -0.3184 -0.3154 -0.3122 -0.3087 -0.3050 -0.3010 -0.2967 -0.2921 -0.2872 -0.2820 -0.2765 -0.2706 -0.2644 -0.2579 -0.2509 -0.2436 -0.2358 -0.2275 -0.2187 -0.2093 -0.1991 -0.1883 -0.1766 -0.1641 -0.1508 -0.1370 -0.1230 -0.1093 -0.0962 -0.0841 -0.0733 -0.0638 -0.0555 -0.0484 -0.0422 -0.0369 -0.0324 -0.0302 -0.0324 -0.0369 -0.0422 -0.0484 -0.0555 -0.0638 -0.0733 -0.0841 -0.0962 -0.1093 -0.1230 -0.1370 -0.1508 -0.1641 -0.1766 -0.1883 -0.1991 -0.2093 -0.2187 -0.2275 -0.2358 -0.2436 -0.2509 -0.2579 -0.2644 -0.2706 -0.2765 -0.2820 -0.2872 -0.2921 -0.2967 -0.3010 -0.3050 -0.3087 -0.3122 -0.3154 -0.3184 -0.3210 -0.3235 -0.3257 -0.3277 -0.3294 -0.3310 -0.3323 -0.3334 -0.3343 -0.3350 -0.3356 -0.3360 -0.3348
-0.3358 -0.3356 -0.3349 -0.3343 -0.3335 -0.3325 -0.3313 -0.3298 -0.3281 -0.3262 -0.3241 -0.3217 -0.3191 -0.3162 -0.3131 -0.3097 -0.3060 -0.3021 -0.2979 -0.2933 -0.2885 -0.2834 -0.2780 -0.2722 -0.2661 -0.2596 -0.2528 -0.2456 -0.2379 -0.2298 -0.2211 -0.2119 -0.2020 -0.1913 -0.1799 -0.1677 -0.1547 -0.1411 -0.1271 -0.1133 -0.1001 -0.0877 -0.0766 -0.0667 -0.0581 -0.0506 -0.0442 -0.0386 -0.0338 -0.0297 -0.0277 -0.0297 -0.0338 -0.0386 -0.0442 -0.0506 -0.0581 -0.0667 -0.0766 -0.0877 -0.1001 -0.1133 -0.1271 -0.1411 -0.1547 -0.1677 -0.1799 -0.1913 -0.2020 -0.2119 -0.2211 -0.2298 -0.2379 -0.2456 -0.2528 -0.2596 -0.2661 -0.2722 -0.2780 -0.2834 -0.2885 -0.2933 -0.2979 -0.3021 -0.3060 -0.3097 -0.3131 -0.3162 -0.3191 -0.3217 -0.3241 -0.3262 -0.3281 -0.3298 -0.3313 -0.3325 -0.3335 -0.3343 -0.3349 -0.3356 -0.3358
-0.3361 -0.3350 -0.3343 -0.3337 -0.3329 -0.3318 -0.3306 -0.3291 -0.3274 -0.3254 -0.3233 -0.3208 -0.3181 -0.3152 -0.3120 -0.3085 -0.3047 -0.3007 -0.2963 -0.2917 -0.2868 -0.2816 -0.2760 -0.2701 -0.2639 -0.2573 -0.2504 -0.2430 -0.2352 -0.2268 -0.2180 -0.2085 -0.1984 -0.1875 -0.1758 -0.1633 -0.1500 -0.1363 -0.1223 -0.1087 -0.0957 -0.0837 -0.0730 -0.0636 -0.0554 -0.0483 -0.0422 -0.0369 -0.0323 -0.0284 -0.0265 -0.0284 -0.0323 -0.0369 -0.0422 -0.0483 -0.0554 -0.0636 -0.0730 -0.0837 -0.0957 -0.1087 -0.1223 -0.1363 -0.1500 -0.1633 -0.1758 -0.1875 -0.1984 -0.2085 -0.2180 -0.2268 -0.2352 -0.2430 -0.2504 -0.2573 -0.2639 -0.2701 -0.2760 -0.2816 -0.2868 -0.2917 -0.2963 -0.3007 -0.3047 -0.3085 -0.3120 -0.3152 -0.3181 -0.3208 -0.3233 -0.3254 -0.3274 -0.3291 -0.3306 -0.3318 -0.3329 -0.3337 -0.3343 -0.3350 -0.3361
-0.3361 -0.3343 -0.3335 -0.3329 -0.3320 -0.3310 -0.3297 -0.3282 -0.3265 -0.3245 -0.3223 -0.3198 -0.3171 -0.3140 -0.3107 -0.3072 -0.3033 -0.2992 -0.2947 -0.2900 -0.2850 -0.2796 -0.2740 -0.2680 -0.2616 -0.2549 -0.2478 -0.2403 -0.2323 -0.2238 -0.2147 -0.2051 -0.1947 -0.1835 -0.1715 -0.1587 -0.1452 -0.1314 -0.1175 -0.1040 -0.0913 -0.0798 -0.0695 -0.0606 -0.0528 -0.0460 -0.0402 -0.0352 -0.0308 -0.0271 -0.0253 -0.0271 -0.0308 -0.0352 -0.0402 -0.0460 -0.0528 -0.0606 -0.0695 -0.0798 -0.0913 -0.1040 -0.1175 -0.1314 -0.1452 -0.1587 -0.1715 -0.1835 -0.1947 -0.2051 -0.2147 -0.2238 -0.2323 -0.2403 -0.2478 -0.2549 -0.2616 -0.2680 -0.2740 -0.2796 -0.2850 -0.2900 -0.2947 -0.2992 -0.3033 -0.3072 -0.3107 -0.3140 -0.3171 -0.3198 -0.3223 -0.3245 -0.3265 -0.3282 -0.3297 -0.3310 -0.3320 -0.3329 -0.3335 -0.3343 -0.3361
-0.3361 -0.3334 -0.3325 -0.3318 -0.3310 -0.3300 -0.3287 -0.3272 -0.3255 -0.3235 -0.3212 -0.3187 -0.3158 -0.3128 -0.3094 -0.3058 -0.3019 -0.2976 -0.2931 -0.2883 -0.2831 -0.2777 -0.2719 -0.2658 -0.2593 -0.2525 -0.2452 -0.2375 -0.2294 -0.2207 -0.2114 -0.2015 -0.1908 -0.1794 -0.1671 -0.1540 -0.1404 -0.1265 -0.1127 -0.0994 -0.0872 -0.0761 -0.0662 -0.0577 -0.0503 -0.0439 -0.0384 -0.0336 -0.0294 -0.0259 -0.0242 -0.0259 -0.0294 -0.0336 -0.0384 -0.0439 -0.0503 -0.0577 -0.0662 -0.0761 -0.0872 -0.0994 -0.1127 -0.1265 -0.1404 -0.1540 -0.1671 -0.1794 -0.1908 -0.2015 -0.2114 -0.2207 -0.2294 -0.2375 -0.2452 -0.2525 -0.2593 -0.2658 -0.2719 -0.2777 -0.2831 -0.2883 -0.2931 -0.2976 -0.3019 -0.3058 -0.3094 -0.3128 -0.3158 -0.3187 -0.3212 -0.3235 -0.3255 -0.3272 -0.3287 -0.3300 -0.3310 -0.3318 -0.3325 -0.3334 -0.3361
-0.3359 -0.3323 -0.3313 -0.3306 -0.3297 -0.3287 -0.3275 -0.3260 -0.3242 -0.3222 -0.3199 -0.3174 -0.3146 -0.3114 -0.3080 -0.3043 -0.3003 -0.2960 -0.2914 -0.2865 -0.2813 -0.2757 -0.2698 -0.2636 -0.2570 -0.2500 -0.2426 -0.2347 -0.2264 -0.2175 -0.2080 -0.1978 -0.1869 -0.1751 -0.1626 -0.1493 -0.1355 -0.1216 -0.1079 -0.0950 -0.0831 -0.0725 -0.0631 -0.0550 -0.0479 -0.0418 -0.0366 -0.0321 -0.0281 -0.0248 -0.0231 -0.0248 -0.0281 -0.0321 -0.0366 -0.0418 -0.0479 -0.0550 -0.0631 -0.0725 -0.0831 -0.0950 -0.1079 -0.1216 -0.1355 -0.1493 -0.1626 -0.1751 -0.1869 -0.1978 -0.2080 -0.2175 -0.2264 -0.2347 -0.2426 -0.2500 -0.2570 -0.2636 -0.2698 -0.2757 -0.2813 -0.2865 -0.2914 -0.2960 -0.3003 -0.3043 -0.3080 -0.3114 -0.3146 -0.3174 -0.3199 -0.3222 -0.3242 -0.3260 -0.3275 -0.3287 -0.3297 -0.3306 -0.3313 -0.3323 -0.3359
-0.3355 -0.3310 -0.3298 -0.3291 -0.3282 -0.3272 -0.3260 -0.3245 -0.3228 -0.3208 -0.3185 -0.3159 -0.3131 -0.3099 -0.3064 -0.3027 -0.2986 -0.2943 -0.2896 -0.2846 -0.2793 -0.2737 -0.2677 -0.2613 -0.2545 -0.2474 -0.2399 -0.2319 -0.2233 -0.2142 -0.2045 -0.1941 -0.1828 -0.1708 -0.1580 -0.1445 -0.1306 -0.1167 -0.1033 -0.0907 -0.0792 -0.0690 -0.0601 -0.0524 -0.0457 -0.0399 -0.0349 -0.0306 -0.0268 -0.0237 -0.0221 -0.0237 -0.0268 -0.0306 -0.0349 -0.0399 -0.0457 -0.0524 -0.0601 -0.0690 -0.0792 -0.0907 -0.1033 -0.1167 -0.1306 -0.1445 -0.1580 -0.1708 -0.1828 -0.1941 -0.2045 -0.2142 -0.2233 -0.2319 -0.2399 -0.2474 -0.2545 -0.2613 -0.2677 -0.2737 -0.2793 -0.2846 -0.2896 -0.2943 -0.2986 -0.3027 -0.3064 -0.3099 -0.3131 -0.3159 -0.3185 -0.3208 -0.3228 -0.3245 -0.3260 -0.3272 -0.3282 -0.3291 -0.3298 -0.3310 -0.3355
-0.3349 -0.3294 -0.3281 -0.3274 -0.3265 -0.3255 -0.3242 -0.3228 -0.3211 -0.3191 -0.3168 -0.3143 -0.3114 -0.3082 -0.3047 -0.3009 -0.2969 -0.2924 -0.2877 -0.2826 -0.2772 -0.2715 -0.2654 -0.2590 -0.2521 -0.2448 -0.2371 -0.2289 -0.2202 -0.2109 -0.2009 -0.1902 -0.1787 -0.1664 -0.1533 -0.1396 -0.1257 -0.1119 -0.0988 -0.0865 -0.0755 -0.0658 -0.0573 -0.0499 -0.0436 -0.0381 -0.0334 -0.0292 -0.0256 -0.0226 -0.0211 -0.0226 -0.0256 -0.0292 -0.0334 -0.0381 -0.0436 -0.0499 -0.0573 -0.0658 -0.0755 -0.0865 -0.0988 -0.1119 -0.1257 -0.1396 -0.1533 -0.1664 -0.1787 -0.1902 -0.2009 -0.2109 -0.2202 -0.2289 -0.2371 -0.2448 -0.2521 -0.2590 -0.2654 -0.2715 -0.2772 -0.2826 -0.2877 -0.2924 -0.2969 -0.3009 -0.3047 -0.3082 -0.3114 -0.3143 -0.3168 -0.3191 -0.3211 -0.3228 -0.3242 -0.3255 -0.3265 -0.3274 -0.3281 -0.3294 -0.3349
-0.3342 -0.3277 -0.3262 -0.3254 -0.3245 -0.3235 -0.3222 -0.3208 -0.3191 -0.3172 -0.3149 -0.3124 -0.3095 -0.3064 -0.3029 -0.2991 -0.2950 -0.2905 -0.2857 -0.2805 -0.2750 -0.2692 -0.2630 -0.2565 -0.2495 -0.2422 -0.2343 -0.2259 -0.2170 -0.2075 -0.1972 -0.1863 -0.1745 -0.1619 -0.1486 -0.1348 -0.1208 -0.1072 -0.0943 -0.0825 -0.0719 -0.0626 -0.0545 -0.0476 -0.0415 -0.0363 -0.0318 -0.0279 -0.0245 -0.0216 -0.0201 -0.0216 -0.0245 -0.0279 -0.0318 -0.0363 -0.0415 -0.0476 -0.0545 -0.0626 -0.0719 -0.0825 -0.0943 -0.1072 -0.1208 -0.1348 -0.1486 -0.1619 -0.1745 -0.1863 -0.1972 -0.2075 -0.2170 -0.2259 -0.2343 -0.2422 -0.2495 -0.2565 -0.2630 -0.2692 -0.2750 -0.2805 -0.2857 -0.2905 -0.2950 -0.2991 -0.3029 -0.3064 -0.3095 -0.3124 -0.3149 -0.3172 -0.3191 -0.3208 -0.3222 -0.3235 -0.3245 -0.3254 -0.3262 -0.3277 -0.3342
-0.3332 -0.3257 -0.3241 -0.3233 -0.3223 -0.3212 -0.3199 -0.3185 -0.3168 -0.3149 -0.3127 -0.3102 -0.3074 -0.3043 -0.3008 -0.2970 -0.2929 -0.2884 -0.2835 -0.2783 -0.2727 -0.2668 -0.2605 -0.2539 -0.2468 -0.2393 -0.2313 -0.2229 -0.2137 -0.2040 -0.1935 -0.1822 -0.1701 -0.1573 -0.1437 -0.1299 -0.1160 -0.1026 -0.0900 -0.0786 -0.0685 -0.0597 -0.0520 -0.0453 -0.0396 -0.0347 -0.0304 -0.0267 -0.0234 -0.0206 -0.0192 -0.0206 -0.0234 -0.0267 -0.0304 -0.0347 -0.0396 -0.0453 -0.0520 -0.0597 -0.0685 -0.0786 -0.0900 -0.1026 -0.1160 -0.1299 -0.1437 -0.1573 -0.1701 -0.1822 -0.1935 -0.2040 -0.2137 -0.2229 -0.2313 -0.2393 -0.2468 -0.2539 -0.2605 -0.2668 -0.2727 -0.2783 -0.2835 -0.2884 -0.2929 -0.2970 -0.3008 -0.3043 -0.3074 -0.3102 -0.3127 -0.3149 -0.3168 -0.3185 -0.3199 -0.3212 -0.3223 -0.3233 -0.3241 -0.3257 -0.3332
-0.3321 -0.3235 -0.3217 -0.3208 -0.3198 -0.3187 -0.3174 -0.3159 -0.3143 -0.3124 -0.3102 -0.3078 -0.3050 -0.3020 -0.2985 -0.2947 -0.2905 -0.2860 -0.2811 -0.2758 -0.2702 -0.2643 -0.2579 -0.2511 -0.2439 -0.2364 -0.2282 -0.2195 -0.2103 -0.2004 -0.1896 -0.1781 -0.1657 -0.1526 -0.1389 -0.1250 -0.1112 -0.0981 -0.0859 -0.0749 -0.0653 -0.0568 -0.0495 -0.0432 -0.0378 -0.0331 -0.0290 -0.0255 -0.0224 -0.0197 -0.0184 -0.0197 -0.0224 -0.0255 -0.0290 -0.0331 -0.0378 -0.0432 -0.0495 -0.0568 -0.0653 -0.0749 -0.0859 -0.0981 -0.1112 -0.1250 -0.1389 -0.1526 -0.1657 -0.1781 -0.1896 -0.2004 -0.2103 -0.2195 -0.2282 -0.2364 -0.2439 -0.2511 -0.2579 -0.2643 -0.2702 -0.2758 -0.2811 -0.2860 -0.2905 -0.2947 -0.2985 -0.3020 -0.3050 -0.3078 -0.3102 -0.3124 -0.3143 -0.3159 -0.3174 -0.3187 -0.3198 -0.3208 -0.3217 -0.3235 -0.3321
-0.3308 -0.3210 -0.3191 -0.3181 -0.3171 -0.3158 -0.3146 -0.3131 -0.3114 -0.3095 -0.3074 -0.3050 -0.3023 -0.2993 -0.2959 -0.2921 -0.2880 -0.2834 -0.2785 -0.2732 -0.2676 -0.2616 -0.2551 -0.2482 -0.2409 -0.2331 -0.2249 -0.2161 -0.2067 -0.1965 -0.1856 -0.1738 -0.1612 -0.1478 -0.1340 -0.1201 -0.1065 -0.0937 -0.0819 -0.0714 -0.0622 -0.0541 -0.0472 -0.0412 -0.0361 -0.0316 -0.0277 -0.0243 -0.0214 -0.0188 -0.0175 -0.0188 -0.0214 -0.0243 -0.0277 -0.0316 -0.0361 -0.0412 -0.0472 -0.0541 -0.0622 -0.0714 -0.0819 -0.0937 -0.1065 -0.1201 -0.1340 -0.1478 -0.1612 -0.1738 -0.1856 -0.1965 -0.2067 -0.2161 -0.2249 -0.2331 -0.2409 -0.2482 -0.2551 -0.2616 -0.2676 -0.2732 -0.2785 -0.2834 -0.2880 -0.2921 -0.2959 -0.2993 -0.3023 -0.3050 -0.3074 -0.3095 -0.3114 -0.3131 -0.3146 -0.3158 -0.3171 -0.3181 -0.3191 -0.3210 -0.3308
-0.3292 -0.3184 -0.3162 -0.3152 -0.3140 -0.3128 -0.3114 -0.3099 -0.3082 -0.3064 -0.3043 -0.3020 -0.2993 -0.2963 -0.2930 -0.2893 -0.2851 -0.2807 -0.2757 -0.2704 -0.2648 -0.2587 -0.2522 -0.2452 -0.2377 -0.2298 -0.2214 -0.2124 -0.2027 -0.1924 -0.1813 -0.1692 -0.1565 -0.1430 -0.1291 -0.1153 -0.1019 -0.0894 -0.0781 -0.0680 -0.0592 -0.0516 -0.0450 -0.0393 -0.0344 -0.0302 -0.0265 -0.0233 -0.0204 -0.0180 -0.0167 -0.0180 -0.0204 -0.0233 -0.0265 -0.0302 -0.0344 -0.0393 -0.0450 -0.0516 -0.0592 -0.0680 -0.0781 -0.0894 -0.1019 -0.1153 -0.1291 -0.1430 -0.1565 -0.1692 -0.1813 -0.1924 -0.2027 -0.2124 -0.2214 -0.2298 -0.2377 -0.2452 -0.2522 -0.2587 -0.2648 -0.2704 -0.2757 -0.2807 -0.2851 -0.2893 -0.2930 -0.2963 -0.2993 -0.3020 -0.3043 -0.3064 -0.3082 -0.3099 -0.3114 -0.3128 -0.3140 -0.3152 -0.3162 -0.3184 -0.3292
-0.3275 -0.3154 -0.3131 -0.3120 -0.3107 -0.3094 -0.3080 -0.3064 -0.3047 -0.3029 -0.3008 -0.2985 -0.2959 -0.2930 -0.2898 -0.2861 -0.2821 -0.2776 -0.2727 -0.2674 -0.2617 -0.2557 -0.2491 -0.2421 -0.2345 -0.2264 -0.2177 -0.2085 -0.1987 -0.1880 -0.1766 -0.1645 -0.1515 -0.1379 -0.1241 -0.1105 -0.0974 -0.0853 -0.0744 -0.0648 -0.0564 -0.0492 -0.0429 -0.0375 -0.0329 -0.0288 -0.0253 -0.0222 -0.0195 -0.0172 -0.0160 -0.0172 -0.0195 -0.0222 -0.0253 -0.0288 -0.0329 -0.0375 -0.0429 -0.0492 -0.0564 -0.0648 -0.0744 -0.0853 -0.0974 -0.1105 -0.1241 -0.1379 -0.1515 -0.1645 -0.1766 -0.1880 -0.1987 -0.2085 -0.2177 -0.2264 -0.2345 -0.2421 -0.2491 -0.2557 -0.2617 -0.2674 -0.2727 -0.2776 -0.2821 -0.2861 -0.2898 -0.2930 -0.2959 -0.2985 -0.3008 -0.3029 -0.3047 -0.3064 -0.3080 -0.3094 -0.3107 -0.3120 -0.3131 -0.3154 -0.3275
-0.3255 -0.3122 -0.3097 -0.3085 -0.3072 -0.3058 -0.3043 -0.3027 -0.3009 -0.2991 -0.2970 -0.2947 -0.2921 -0.2893 -0.2861 -0.2826 -0.2786 -0.2742 -0.2694 -0.2641 -0.2585 -0.2524 -0.2458 -0.2388 -0.2311 -0.2229 -0.2140 -0.2045 -0.1944 -0.1835 -0.1718 -0.1593 -0.1462 -0.1327 -0.1190 -0.1056 -0.0929 -0.0813 -0.0709 -0.0617 -0.0537 -0.0469 -0.0409 -0.0358 -0.0314 -0.0275 -0.0242 -0.0212 -0.0186 -0.0164 -0.0153 -0.0164 -0.0186 -0.0212 -0.0242 -0.0275 -0.0314 -0.0358 -0.0409 -0.0469 -0.0537 -0.0617 -0.0709 -0.0813 -0.0929 -0.1056 -0.1190 -0.1327 -0.1462 -0.1593 -0.1718 -0.1835 -0.1944 -0.2045 -0.2140 -0.2229 -0.2311 -0.2388 -0.2458 -0.2524 -0.2585 -0.2641 -0.2694 -0.2742 -0.2786 -0.2826 -0.2861 -0.2893 -0.2921 -0.2947 -0.2970 -0.2991 -0.3009 -0.3027 -0.3043 -0.3058 -0.3072 -0.3085 -0.3097 -0.3122 -0.3255
-0.3233 -0.3087 -0.3060 -0.3047 -0.3033 -0.3019 -0.3003 -0.2986 -0.2969 -0.2950 -0.2929 -0.2905 -0.2880 -0.2851 -0.2821 -0.2786 -0.2748 -0.2705 -0.2657 -0.2606 -0.2549 -0.2489 -0.2423 -0.2352 -0.2275 -0.2191 -0.2100 -0.2004 -0.1899 -0.1787 -0.1667 -0.1540 -0.1408 -0.1271 -0.1136 -0.1007 -0.0885 -0.0773 -0.0674 -0.0588 -0.0512 -0.0447 -0.0391 -0.0342 -0.0300 -0.0263 -0.0231 -0.0203 -0.0178 -0.0157 -0.0146 -0.0157 -0.0178 -0.0203 -0.0231 -0.0263 -0.0300 -0.0342 -0.0391 -0.0447 -0.0512 -0.0588 -0.0674 -0.0773 -0.0885 -0.1007 -0.1136 -0.1271 -0.1408 -0.1540 -0.1667 -0.1787 -0.1899 -0.2004 -0.2100 -0.2191 -0.2275 -0.2352 -0.2423 -0.2489 -0.2549 -0.2606 -0.2657 -0.2705 -0.2748 -0.2786 -0.2821 -0.2851 -0.2880 -0.2905 -0.2929 -0.2950 -0.2969 -0.2986 -0.3003 -0.3019 -0.3033 -0.3047 -0.3060 -0.3087 -0.3233
-0.3208 -0.3050 -0.3021 -0.3007 -0.2992 -0.2976 -0.2960 -0.2943 -0.2924 -0.2905 -0.2884 -0.2860 -0.2834 -0.2807 -0.2776 -0.2742 -0.2705 -0.2663 -0.2617 -0.2566 -0.2510 -0.2449 -0.2384 -0.2312 -0.2235 -0.2150 -0.2058 -0.1960 -0.1853 -0.1738 -0.1615 -0.1486 -0.1351 -0.1216 -0.1083 -0.0956 -0.0839 -0.0734 -0.0641 -0.0559 -0.0488 -0.0426 -0.0373 -0.0326 -0.0286 -0.0251 -0.0221 -0.0194 -0.0170 -0.0150 -0.0139 -0.0150 -0.0170 -0.0194 -0.0221 -0.0251 -0.0286 -0.0326 -0.0373 -0.0426 -0.0488 -0.0559 -0.0641 -0.0734 -0.0839 -0.0956 -0.1083 -0.1216 -0.1351 -0.1486 -0.1615 -0.1738 -0.1853 -0.1960 -0.2058 -0.2150 -0.2235 -0.2312 -0.2384 -0.2449 -0.2510 -0.2566 -0.2617 -0.2663 -0.2705 -0.2742 -0.2776 -0.2807 -0.2834 -0.2860 -0.2884 -0.2905 -0.2924 -0.2943 -0.2960 -0.2976 -0.2992 -0.3007 -0.3021 -0.3050 -0.3208
-0.3181 -0.3010 -0.2979 -0.2963 -0.2947 -0.2931 -0.2914 -0.2896 -0.2877 -0.2857 -0.2835 -0.2811 -0.2785 -0.2757 -0.2727 -0.2694 -0.2657 -0.2617 -0.2572 -0.2522 -0.2466 -0.2406 -0.2340 -0.2269 -0.2190 -0.2105 -0.2013 -0.1913 -0.1805 -0.1688 -0.1562 -0.1430 -0.1295 -0.1160 -0.1029 -0.0907 -0.0795 -0.0695 -0.0607 -0.0530 -0.0464 -0.0406 -0.0355 -0.0312 -0.0273 -0.0240 -0.0211 -0.0185 -0.0162 -0.0143 -0.0133 -0.0143 -0.0162 -0.0185 -0.0211 -0.0240 -0.0273 -0.0312 -0.0355 -0.0406 -0.0464 -0.0530 -0.0607 -0.0695 -0.0795 -0.0907 -0.1029 -0.1160 -0.1295 -0.1430 -0.1562 -0.1688 -0.1805 -0.1913 -0.2013 -0.2105 -0.2190 -0.2269 -0.2340 -0.2406 -0.2466 -0.2522 -0.2572 -0.2617 -0.2657 -0.2694 -0.2727 -0.2757 -0.2785 -0.2811 -0.2835 -0.2857 -0.2877 -0.2896 -0.2914 -0.2931 -0.2947 -0.2963 -0.2979 -0.3010 -0.3181
-0.3152 -0.2967 -0.2933 -0.2917 -0.2900 -0.2883 -0.2865 -0.2846 -0.2826 -0.2805 -0.2783 -0.2758 -0.2732 -0.2704 -0.2674 -0.2641 -0.2606 -0.2566 -0.2522 -0.2472 -0.2419 -0.2358 -0.2293 -0.2220 -0.2143 -0.2056 -0.1963 -0.1863 -0.1753 -0.1635 -0.1508 -0.1374 -0.1238 -0.1105 -0.0977 -0.0859 -0.0752 -0.0657 -0.0575 -0.0502 -0.0440 -0.0386 -0.0338 -0.0297 -0.0261 -0.0229 -0.0201 -0.0177 -0.0155 -0.0136 -0.0127 -0.0136 -0.0155 -0.0177 -0.0201 -0.0229 -0.0261 -0.0297 -0.0338 -0.0386 -0.0440 -0.0502 -0.0575 -0.0657 -0.0752 -0.0859 -0.0977 -0.1105 -0.1238 -0.1374 -0.1508 -0.1635 -0.1753 -0.1863 -0.1963 -0.2056 -0.2143 -0.2220 -0.2293 -0.2358 -0.2419 -0.2472 -0.2522 -0.2566 -0.2606 -0.2641 -0.2674 -0.2704 -0.2732 -0.2758 -0.2783 -0.2805 -0.2826 -0.2846 -0.2865 -0.2883 -0.2900 -0.2917 -0.2933 -0.2967 -0.3152
-0.3120 -0.2921 -0.2885 -0.2868 -0.2850 -0.2831 -0.2813 -0.2793 -0.2772 -0.2750 -0.2727 -0.2702 -0.2676 -0.2648 -0.2617 -0.2585 -0.2549 -0.2510 -0.2466 -0.2419 -0.2365 -0.2306 -0.2241 -0.2169 -0.2090 -0.2004 -0.1910 -0.1808 -0.1698 -0.1578 -0.1451 -0.1317 -0.1182 -0.1051 -0.0927 -0.0813 -0.0711 -0.0622 -0.0543 -0.0476 -0.0417 -0.0366 -0.0321 -0.0283 -0.0249 -0.0219 -0.0192 -0.0169 -0.0148 -0.0130 -0.0121 -0.0130 -0.0148 -0.0169 -0.0192 -0.0219 -0.0249 -0.0283 -0.0321 -0.0366 -0.0417 -0.0476 -0.0543 -0.0622 -0.0711 -0.0813 -0.0927 -0.1051 -0.1182 -0.1317 -0.1451 -0.1578 -0.1698 -0.1808 -0.1910 -0.2004 -0.2090 -0.2169 -0.2241 -0.2306 -0.2365 -0.2419 -0.2466 -0.2510 -0.2549 -0.2585 -0.2617 -0.2648 -0.2676 -0.2702 -0.2727 -0.2750 -0.2772 -0.2793 -0.2813 -0.2831 -0.2850 -0.2868 -0.2885 -0.2921 -0.3120
-0.3085 -0.2872 -0.2834 -0.2816 -0.2796 -0.2777 -0.2757 -0.2737 -0.2715 -0.2692 -0.2668 -0.2643 -0.2616 -0.2587 -0.2557 -0.2524 -0.2489 -0.2449 -0.2406 -0.2358 -0.2306 -0.2248 -0.2184 -0.2112 -0.2033 -0.1946 -0.1851 -0.1750 -0.1638 -0.1519 -0.1391 -0.1259 -0.1127 -0.0998 -0.0878 -0.0769 -0.0672 -0.0588 -0.0514 -0.0450 -0.0395 -0.0347 -0.0305 -0.0268 -0.0236 -0.0208 -0.0183 -0.0161 -0.0141 -0.0124 -0.0115 -0.0124 -0.0141 -0.0161 -0.0183 -0.0208 -0.0236 -0.0268 -0.0305 -0.0347 -0.0395 -0.0450 -0.0514 -0.0588 -0.0672 -0.0769 -0.0878 -0.0998 -0.1127 -0.1259 -0.1391 -0.1519 -0.1638 -0.1750 -0.1851 -0.1946 -0.2033 -0.2112 -0.2184 -0.2248 -0.2306 -0.2358 -0.2406 -0.2449 -0.2489 -0.2524 -0.2557 -0.2587 -0.2616 -0.2643 -0.2668 -0.2692 -0.2715 -0.2737 -0.2757 -0.2777 -0.2796 -0.2816 -0.2834 -0.2872 -0.3085
-0.3048 -0.2820 -0.2780 -0.2760 -0.2740 -0.2719 -0.2698 -0.2677 -0.2654 -0.2630 -0.2605 -0.2579 -0.2551 -0.2522 -0.2491 -0.2458 -0.2423 -0.2384 -0.2340 -0.2293 -0.2241 -0.2184 -0.2120 -0.2050 -0.1970 -0.1883 -0.1788 -0.1685 -0.1575 -0.1455 -0.1329 -0.1199 -0.1071 -0.0947 -0.0831 -0.0727 -0.0636 -0.0556 -0.0486 -0.0426 -0.0374 -0.0329 -0.0289 -0.0255 -0.0225 -0.0198 -0.0174 -0.0153 -0.0135 -0.0118 -0.0110 -0.0118 -0.0135 -0.0153 -0.0174 -0.0198 -0.0225 -0.0255 -0.0289 -0.0329 -0.0374 -0.0426 -0.0486 -0.0556 -0.0636 -0.0727 -0.0831 -0.0947 -0.1071 -0.1199 -0.1329 -0.1455 -0.1575 -0.1685 -0.1788 -0.1883 -0.1970 -0.2050 -0.2120 -0.2184 -0.2241 -0.2293 -0.2340 -0.2384 -0.2423 -0.2458 -0.2491 -0.2522 -0.2551 -0.2579 -0.2605 -0.2630 -0.2654 -0.2677 -0.2698 -0.2719 -0.2740 -0.2760 -0.2780 -0.2820 -0.3048
-0.3008 -0.2765 -0.2722 -0.2701 -0.2680 -0.2658 -0.2636 -0.2613 -0.2590 -0.2565 -0.2539 -0.2511 -0.2482 -0.2452 -0.2421 -0.2388 -0.2352 -0.2312 -0.2269 -0.2220 -0.2169 -0.2112 -0.2050 -0.1979 -0.1901 -0.1813 -0.1718 -0.1616 -0.1504 -0.1387 -0.1263 -0.1138 -0.1015 -0.0896 -0.0786 -0.0688 -0.0601 -0.0526 -0.0460 -0.0403 -0.0354 -0.0312 -0.0274 -0.0242 -0.0213 -0.0188 -0.0165 -0.0146 -0.0128 -0.0112 -0.0104 -0.0112 -0.0128 -0.0146 -0.0165 -0.0188 -0.0213 -0.0242 -0.0274 -0.0312 -0.0354 -0.0403 -0.0460 -0.0526 -0.0601 -0.0688 -0.0786 -0.0896 -0.1015 -0.1138 -0.1263 -0.1387 -0.1504 -0.1616 -0.1718 -0.1813 -0.1901 -0.1979 -0.2050 -0.2112 -0.2169 -0.2220 -0.2269 -0.2312 -0.2352 -0.2388 -0.2421 -0.2452 -0.2482 -0.2511 -0.2539 -0.2565 -0.2590 -0.2613 -0.2636 -0.2658 -0.2680 -0.2701 -0.2722 -0.2765 -0.3008
-0.2965 -0.2706 -0.2661 -0.2639 -0.2616 -0.2593 -0.2570 -0.2545 -0.2521 -0.2495 -0.2468 -0.2439 -0.2409 -0.2377 -0.2345 -0.2311 -0.2275 -0.2235 -0.2190 -0.2143 -0.2090 -0.2033 -0.1970 -0.1901 -0.1823 -0.1737 -0.1642 -0.1539 -0.1431 -0.1314 -0.1195 -0.1075 -0.0957 -0.0846 -0.0742 -0.0650 -0.0568 -0.0497 -0.0436 -0.0382 -0.0336 -0.0296 -0.0260 -0.0229 -0.0202 -0.0178 -0.0157 -0.0138 -0.0121 -0.0106 -0.0099 -0.0106 -0.0121 -0.0138 -0.0157 -0.0178 -0.0202 -0.0229 -0.0260 -0.0296 -0.0336 -0.0382 -0.0436 -0.0497 -0.0568 -0.0650 -0.0742 -0.0846 -0.0957 -0.1075 -0.1195 -0.1314 -0.1431 -0.1539 -0.1642 -0.1737 -0.1823 -0.1901 -0.1970 -0.2033 -0.2090 -0.2143 -0.2190 -0.2235 -0.2275 -0.2311 -0.2345 -0.2377 -0.2409 -0.2439 -0.2468 -0.2495 -0.2521 -0.2545 -0.2570 -0.2593 -0.2616 -0.2639 -0.2661 -0.2706 -0.2965
-0.2919 -0.2644 -0.2596 -0.2573 -0.2549 -0.2525 -0.2500 -0.2474 -0.2448 -0.2422 -0.2393 -0.2364 -0.2331 -0.2298 -0.2264 -0.2229 -0.2191 -0.2150 -0.2105 -0.2056 -0.2004 -0.1946 -0.1883 -0.1813 -0.1737 -0.1652 -0.1558 -0.1457 -0.1349 -0.1237 -0.1122 -0.1008 -0.0898 -0.0794 -0.0698 -0.0612 -0.0537 -0.0470 -0.0412 -0.0362 -0.0318 -0.0280 -0.0247 -0.0218 -0.0192 -0.0169 -0.0149 -0.0131 -0.0115 -0.0101 -0.0093 -0.0101 -0.0115 -0.0131 -0.0149 -0.0169 -0.0192 -0.0218 -0.0247 -0.0280 -0.0318 -0.0362 -0.0412 -0.0470 -0.0537 -0.0612 -0.0698 -0.0794 -0.0898 -0.1008 -0.1122 -0.1237 -0.1349 -0.1457 -0.1558 -0.1652 -0.1737 -0.1813 -0.1883 -0.1946 -0.2004 -0.2056 -0.2105 -0.2150 -0.2191 -0.2229 -0.2264 -0.2298 -0.2331 -0.2364 -0.2393 -0.2422 -0.2448 -0.2474 -0.2500 -0.2525 -0.2549 -0.2573 -0.2596 -0.2644 -0.2919
-0.2870 -0.2579 -0.2528 -0.2504 -0.2478 -0.2452 -0.2426 -0.2399 -0.2371 -0.2343 -0.2313 -0.2282 -0.2249 -0.2214 -0.2177 -0.2140 -0.2100 -0.2058 -0.2013 -0.1963 -0.1910 -0.1851 -0.1788 -0.1718 -0.1642 -0.1558 -0.1468 -0.1367 -0.1263 -0.1155 -0.1046 -0.0939 -0.0838 -0.0741 -0.0654 -0.0575 -0.0506 -0.0445 -0.0391 -0.0343 -0.0302 -0.0266 -0.0234 -0.0206 -0.0182 -0.0160 -0.0141 -0.0124 -0.0109 -0.0095 -0.0088 -0.0095 -0.0109 -0.0124 -0.0141 -0.0160 -0.0182 -0.0206 -0.0234 -0.0266 -0.0302 -0.0343 -0.0391 -0.0445 -0.0506 -0.0575 -0.0654 -0.0741 -0.0838 -0.0939 -0.1046 -0.1155 -0.1263 -0.1367 -0.1468 -0.1558 -0.1642 -0.1718 -0.1788 -0.1851 -0.1910 -0.1963 -0.2013 -0.2058 -0.2100 -0.2140 -0.2177 -0.2214 -0.2249 -0.2282 -0.2313 -0.2343 -0.2371 -0.2399 -0.2426 -0.2452 -0.2478 -0.2504 -0.2528 -0.2579 -0.2870
-0.2818 -0.2509 -0.2456 -0.2430 -0.2403 -0.2375 -0.2347 -0.2319 -0.2289 -0.2259 -0.2229 -0.2195 -0.2161 -0.2124 -0.2085 -0.2045 -0.2004 -0.1960 -0.1913 -0.1863 -0.1808 -0.1750 -0.1685 -0.1616 -0.1539 -0.1457 -0.1367 -0.1273 -0.1172 -0.1071 -0.0969 -0.0870 -0.0777 -0.0691 -0.0610 -0.0539 -0.0476 -0.0419 -0.0369 -0.0325 -0.0286 -0.0252 -0.0222 -0.0196 -0.0173 -0.0152 -0.0134 -0.0117 -0.0103 -0.0090 -0.0083 -0.0090 -0.0103 -0.0117 -0.0134 -0.0152 -0.0173 -0.0196 -0.0222 -0.0252 -0.0286 -0.0325 -0.0369 -0.0419 -0.0476 -0.0539 -0.0610 -0.0691 -0.0777 -0.0870 -0.0969 -0.1071 -0.1172 -0.1273 -0.1367 -0.1457 -0.1539 -0.1616 -0.1685 -0.1750 -0.1808 -0.1863 -0.1913 -0.1960 -0.2004 -0.2045 -0.2085 -0.2124 -0.2161 -0.2195 -0.2229 -0.2259 -0.2289 -0.2319 -0.2347 -0.2375 -0.2403 -0.2430 -0.2456 -0.2509 -0.2818
-0.2762 -0.2436 -0.2379 -0.2352 -0.2323 -0.2294 -0.2264 -0.2233 -0.2202 -0.2170 -0.2137 -0.2103 -0.2067 -0.2027 -0.1987 -0.1944 -0.1899 -0.1853 -0.1805 -0.1753 -0.1698 -0.1638 -0.1575 -0.1504 -0.1431 -0.1349 -0.1263 -0.1172 -0.1080 -0.0985 -0.0893 -0.0803 -0.0718 -0.0640 -0.0569 -0.0504 -0.0446 -0.0395 -0.0349 -0.0308 -0.0271 -0.0239 -0.0211 -0.0186 -0.0164 -0.0144 -0.0127 -0.0111 -0.0097 -0.0085 -0.0078 -0.0085 -0.0097 -0.0111 -0.0127 -0.0144 -0.0164 -0.0186 -0.0211 -0.0239 -0.0271 -0.0308 -0.0349 -0.0395 -0.0446 -0.0504 -0.0569 -0.0640 -0.0718 -0.0803 -0.0893 -0.0985 -0.1080 -0.1172 -0.1263 -0.1349 -0.1431 -0.1504 -0.1575 -0.1638 -0.1698 -0.1753 -0.1805 -0.1853 -0.1899 -0.1944 -0.1987 -0.2027 -0.2067 -0.2103 -0.2137 -0.2170 -0.2202 -0.2233 -0.2264 -0.2294 -0.2323 -0.2352 -0.2379 -0.2436 -0.2762
-0.2704 -0.2358 -0.2298 -0.2268 -0.2238 -0.2207 -0.2175 -0.2142 -0.2109 -0.2075 -0.2040 -0.2004 -0.1965 -0.1924 -0.1880 -0.1835 -0.1787 -0.1738 -0.1688 -0.1635 -0.1578 -0.1519 -0.1455 -0.1387 -0.1314 -0.1237 -0.1155 -0.1071 -0.0985 -0.0901 -0.0817 -0.0737 -0.0662 -0.0591 -0.0527 -0.0469 -0.0418 -0.0371 -0.0329 -0.0291 -0.0257 -0.0227 -0.0200 -0.0176 -0.0155 -0.0137 -0.0120 -0.0105 -0.0092 -0.0080 -0.0074 -0.0080 -0.0092 -0.0105 -0.0120 -0.0137 -0.0155 -0.0176 -0.0200 -0.0227 -0.0257 -0.0291 -0.0329 -0.0371 -0.0418 -0.0469 -0.0527 -0.0591 -0.0662 -0.0737 -0.0817 -0.0901 -0.0985 -0.1071 -0.1155 -0.1237 -0.1314 -0.1387 -0.1455 -0.1519 -0.1578 -0.1635 -0.1688 -0.1738 -0.1787 -0.1835 -0.1880 -0.1924 -0.1965 -0.2004 -0.2040 -0.2075 -0.2109 -0.2142 -0.2175 -0.2207 -0.2238 -0.2268 -0.2298 -0.2358 -0.2704
-0.2641 -0.2275 -0.2211 -0.2180 -0.2147 -0.2114 -0.2080 -0.2045 -0.2009 -0.1972 -0.1935 -0.1896 -0.1856 -0.1813 -0.1766 -0.1718 -0.1667 -0.1615 -0.1562 -0.1508 -0.1451 -0.1391 -0.1329 -0.1263 -0.1195 -0.1122 -0.1046 -0.0969 -0.0893 -0.0817 -0.0744 -0.0673 -0.0607 -0.0545 -0.0487 -0.0436 -0.0390 -0.0348 -0.0309 -0.0275 -0.0243 -0.0215 -0.0190 -0.0167 -0.0147 -0.0129 -0.0114 -0.0099 -0.0087 -0.0076 -0.0070 -0.0076 -0.0087 -0.0099 -0.0114 -0.0129 -0.0147 -0.0167 -0.0190 -0.0215 -0.0243 -0.0275 -0.0309 -0.0348 -0.0390 -0.0436 -0.0487 -0.0545 -0.0607 -0.0673 -0.0744 -0.0817 -0.0893 -0.0969 -0.1046 -0.1122 -0.1195 -0.1263 -0.1329 -0.1391 -0.1451 -0.1508 -0.1562 -0.1615 -0.1667 -0.1718 -0.1766 -0.1813 -0.1856 -0.1896 -0.1935 -0.1972 -0.2009 -0.2045 -0.2080 -0.2114 -0.2147 -0.2180 -0.2211 -0.2275 -0.2641
-0.2576 -0.2187 -0.2119 -0.2085 -0.2051 -0.2015 -0.1978 -0.1941 -0.1902 -0.1863 -0.1822 -0.1781 -0.1738 -0.1692 -0.1645 -0.1593 -0.1540 -0.1486 -0.1430 -0.1374 -0.1317 -0.1259 -0.1199 -0.1138 -0.1075 -0.1008 -0.0939 -0.0870 -0.0803 -0.0737 -0.0673 -0.0613 -0.0554 -0.0500 -0.0450 -0.0403 -0.0362 -0.0324 -0.0290 -0.0258 -0.0230 -0.0203 -0.0180 -0.0159 -0.0140 -0.0123 -0.0107 -0.0094 -0.0082 -0.0071 -0.0066 -0.0071 -0.0082 -0.0094 -0.0107 -0.0123 -0.0140 -0.0159 -0.0180 -0.0203 -0.0230 -0.0258 -0.0290 -0.0324 -0.0362 -0.0403 -0.0450 -0.0500 -0.0554 -0.0613 -0.0673 -0.0737 -0.0803 -0.0870 -0.0939 -0.1008 -0.1075 -0.1138 -0.1199 -0.1259 -0.1317 -0.1374 -0.1430 -0.1486 -0.1540 -0.1593 -0.1645 -0.1692 -0.1738 -0.1781 -0.1822 -0.1863 -0.1902 -0.1941 -0.1978 -0.2015 -0.2051 -0.2085 -0.2119 -0.2187 -0.2576
-0.2506 -0.2093 -0.2020 -0.1984 -0.1947 -0.1908 -0.1869 -0.1828 -0.1787 -0.1745 -0.1701 -0.1657 -0.1612 -0.1565 -0.1515 -0.1462 -0.1408 -0.1351 -0.1295 -0.1238 -0.1182 -0.1127 -0.1071 -0.1015 -0.0957 -0.0898 -0.0838 -0.0777 -0.0718 -0.0662 -0.0607 -0.0554 -0.0505 -0.0457 -0.0413 -0.0373 -0.0336 -0.0302 -0.0271 -0.0242 -0.0216 -0.0192 -0.0170 -0.0150 -0.0132 -0.0116 -0.0102 -0.0089 -0.0077 -0.0067 -0.0062 -0.0067 -0.0077 -0.0089 -0.0102 -0.0116 -0.0132 -0.0150 -0.0170 -0.0192 -0.0216 -0.0242 -0.0271 -0.0302 -0.0336 -0.0373 -0.0413 -0.0457 -0.0505 -0.0554 -0.0607 -0.0662 -0.0718 -0.0777 -0.0838 -0.0898 -0.0957 -0.1015 -0.1071 -0.1127 -0.1182 -0.1238 -0.1295 -0.1351 -0.1408 -0.1462 -0.1515 -0.1565 -0.1612 -0.1657 -0.1701 -0.1745 -0.1787 -0.1828 -0.1869 -0.1908 -0.1947 -0.1984 -0.2020 -0.2093 -0.2506
-0.2432 -0.1991 -0.1913 -0.1875 -0.1835 -0.1794 -0.1751 -0.1708 -0.1664 -0.1619 -0.1573 -0.1526 -0.1478 -0.1430 -0.1379 -0.1327 -0.1271 -0.1216 -0.1160 -0.1105 -0.1051 -0.0998 -0.0947 -0.0896 -0.0846 -0.0794 -0.0741 -0.0691 -0.0640 -0.0591 -0.0545 -0.0500 -0.0457 -0.0417 -0.0378 -0.0343 -0.0310 -0.0280 -0.0252 -0.0226 -0.0203 -0.0181 -0.0160 -0.0142 -0.0125 -0.0110 -0.0096 -0.0084 -0.0073 -0.0063 -0.0058 -0.0063 -0.0073 -0.0084 -0.0096 -0.0110 -0.0125 -0.0142 -0.0160 -0.0181 -0.0203 -0.0226 -0.0252 -0.0280 -0.0310 -0.0343 -0.0378 -0.0417 -0.0457 -0.0500 -0.0545 -0.0591 -0.0640 -0.0691 -0.0741 -0.0794 -0.0846 -0.0896 -0.0947 -0.0998 -0.1051 -0.1105 -0.1160 -0.1216 -0.1271 -0.1327 -0.1379 -0.1430 -0.1478 -0.1526 -0.1573 -0.1619 -0.1664 -0.1708 -0.1751 -0.1794 -0.1835 -0.1875 -0.1913 -0.1991 -0.2432
-0.2353 -0.1883 -0.1799 -0.1758 -0.1715 -0.1671 -0.1626 -0.1580 -0.1533 -0.1486 -0.1437 -0.1389 -0.1340 -0.1291 -0.1241 -0.1190 -0.1136 -0.1083 -0.1029 -0.0977 -0.0927 -0.0878 -0.0831 -0.0786 -0.0742 -0.0698 -0.0654 -0.0610 -0.0569 -0.0527 -0.0487 -0.0450 -0.0413 -0.0378 -0.0346 -0.0315 -0.0286 -0.0259 -0.0234 -0.0211 -0.0189 -0.0169 -0.0151 -0.0134 -0.0118 -0.0104 -0.0091 -0.0079 -0.0069 -0.0060 -0.0054 -0.0060 -0.0069 -0.0079 -0.0091 -0.0104 -0.0118 -0.0134 -0.0151 -0.0169 -0.0189 -0.0211 -0.0234 -0.0259 -0.0286 -0.0315 -0.0346 -0.0378 -0.0413 -0.0450 -0.0487 -0.0527 -0.0569 -0.0610 -0.0654 -0.0698 -0.0742 -0.0786 -0.0831 -0.0878 -0.0927 -0.0977 -0.1029 -0.1083 -0.1136 -0.1190 -0.1241 -0.1291 -0.1340 -0.1389 -0.1437 -0.1486 -0.1533 -0.1580 -0.1626 -0.1671 -0.1715 -0.1758 -0.1799 -0.1883 -0.2353
-0.2270 -0.1766 -0.1677 -0.1633 -0.1587 -0.1540 -0.1493 -0.1445 -0.1396 -0.1348 -0.1299 -0.1250 -0.1201 -0.1153 -0.1105 -0.1056 -0.1007 -0.0956 -0.0907 -0.0859 -0.0813 -0.0769 -0.0727 -0.0688 -0.0650 -0.0612 -0.0575 -0.0539 -0.0504 -0.0469 -0.0436 -0.0403 -0.0373 -0.0343 -0.0315 -0.0288 -0.0263 -0.0239 -0.0217 -0.0196 -0.0176 -0.0158 -0.0141 -0.0126 -0.0111 -0.0098 -0.0086 -0.0075 -0.0065 -0.0056 -0.0051 -0.0056 -0.0065 -0.0075 -0.0086 -0.0098 -0.0111 -0.0126 -0.0141 -0.0158 -0.0176 -0.0196 -0.0217 -0.0239 -0.0263 -0.0288 -0.0315 -0.0343 -0.0373 -0.0403 -0.0436 -0.0469 -0.0504 -0.0539 -0.0575 -0.0612 -0.0650 -0.0688 -0.0727 -0.0769 -0.0813 -0.0859 -0.0907 -0.0956 -0.1007 -0.1056 -0.1105 -0.1153 -0.1201 -0.1250 -0.1299 -0.1348 -0.1396 -0.1445 -0.1493 -0.1540 -0.1587 -0.1633 -0.1677 -0.1766 -0.2270
-0.2180 -0.1641 -0.1547 -0.1500 -0.1452 -0.1404 -0.1355 -0.1306 -0.1257 -0.1208 -0.1160 -0.1112 -0.1065 -0.1019 -0.0974 -0.0929 -0.0885 -0.0839 -0.0795 -0.0752 -0.0711 -0.0672 -0.0636 -0.0601 -0.0568 -0.0537 -0.0506 -0.0476 -0.0446 -0.0418 -0.0390 -0.0362 -0.0336 -0.0310 -0.0286 -0.0263 -0.0241 -0.0220 -0.0200 -0.0181 -0.0164 -0.0147 -0.0132 -0.0118 -0.0104 -0.0092 -0.0081 -0.0070 -0.0061 -0.0053 -0.0048 -0.0053 -0.0061 -0.0070 -0.0081 -0.0092 -0.0104 -0.0118 -0.0132 -0.0147 -0.0164 -0.0181 -0.0200 -0.0220 -0.0241 -0.0263 -0.0286 -0.0310 -0.0336 -0.0362 -0.0390 -0.0418 -0.0446 -0.0476 -0.0506 -0.0537 -0.0568 -0.0601 -0.0636 -0.0672 -0.0711 -0.0752 -0.0795 -0.0839 -0.0885 -0.0929 -0.0974 -0.1019 -0.1065 -0.1112 -0.1160 -0.1208 -0.1257 -0.1306 -0.1355 -0.1404 -0.1452 -0.1500 -0.1547 -0.1641 -0.2180
-0.2084 -0.1508 -0.1411 -0.1363 -0.1314 -0.1265 -0.1216 -0.1167 -0.1119 -0.1072 -0.1026 -0.0981 -0.0937 -0.0894 -0.0853 -0.0813 -0.0773 -0.0734 -0.0695 -0.0657 -0.0622 -0.0588 -0.0556 -0.0526 -0.0497 -0.0470 -0.0445 -0.0419 -0.0395 -0.0371 -0.0348 -0.0324 -0.0302 -0.0280 -0.0259 -0.0239 -0.0220 -0.0201 -0.0184 -0.0167 -0.0151 -0.0137 -0.0123 -0.0110 -0.0098 -0.0086 -0.0076 -0.0066 -0.0057 -0.0049 -0.0045 -0.0049 -0.0057 -0.0066 -0.0076 -0.0086 -0.0098 -0.0110 -0.0123 -0.0137 -0.0151 -0.0167 -0.0184 -0.0201 -0.0220 -0.0239 -0.0259 -0.0280 -0.0302 -0.0324 -0.0348 -0.0371 -0.0395 -0.0419 -0.0445 -0.0470 -0.0497 -0.0526 -0.0556 -0.0588 -0.0622 -0.0657 -0.0695 -0.0734 -0.0773 -0.0813 -0.0853 -0.0894 -0.0937 -0.0981 -0.1026 -0.1072 -0.1119 -0.1167 -0.1216 -0.1265 -0.1314 -0.1363 -0.1411 -0.1508 -0.2084
-0.1981 -0.1370 -0.1271 -0.1223 -0.1175 -0.1127 -0.1079 -0.1033 -0.0988 -0.0943 -0.0900 -0.0859 -0.0819 -0.0781 -0.0744 -0.0709 -0.0674 -0.0641 -0.0607 -0.0575 -0.0543 -0.0514 -0.0486 -0.0460 -0.0436 -0.0412 -0.0391 -0.0369 -0.0349 -0.0329 -0.0309 -0.0290 -0.0271 -0.0252 -0.0234 -0.0217 -0.0200 -0.0184 -0.0168 -0.0154 -0.0139 -0.0126 -0.0114 -0.0102 -0.0091 -0.0080 -0.0071 -0.0062 -0.0054 -0.0046 -0.0042 -0.0046 -0.0054 -0.0062 -0.0071 -0.0080 -0.0091 -0.0102 -0.0114 -0.0126 -0.0139 -0.0154 -0.0168 -0.0184 -0.0200 -0.0217 -0.0234 -0.0252 -0.0271 -0.0290 -0.0309 -0.0329 -0.0349 -0.0369 -0.0391 -0.0412 -0.0436 -0.0460 -0.0486 -0.0514 -0.0543 -0.0575 -0.0607 -0.0641 -0.0674 -0.0709 -0.0744 -0.0781 -0.0819 -0.0859 -0.0900 -0.0943 -0.0988 -0.1033 -0.1079 -0.1127 -0.1175 -0.1223 -0.1271 -0.1370 -0.1981
-0.1869 -0.1230 -0.1133 -0.1087 -0.1040 -0.0994 -0.0950 -0.0907 -0.0865 -0.0825 -0.0786 -0.0749 -0.0714 -0.0680 -0.0648 -0.0617 -0.0588 -0.0559 -0.0530 -0.0502 -0.0476 -0.0450 -0.0426 -0.0403 -0.0382 -0.0362 -0.0343 -0.0325 -0.0308 -0.0291 -0.0275 -0.0258 -0.0242 -0.0226 -0.0211 -0.0196 -0.0181 -0.0167 -0.0154 -0.0140 -0.0128 -0.0116 -0.0105 -0.0094 -0.0084 -0.0075 -0.0066 -0.0058 -0.0050 -0.0043 -0.0039 -0.0043 -0.0050 -0.0058 -0.0066 -0.0075 -0.0084 -0.0094 -0.0105 -0.0116 -0.0128 -0.0140 -0.0154 -0.0167 -0.0181 -0.0196 -0.0211 -0.0226 -0.0242 -0.0258 -0.0275 -0.0291 -0.0308 -0.0325 -0.0343 -0.0362 -0.0382 -0.0403 -0.0426 -0.0450 -0.0476 -0.0502 -0.0530 -0.0559 -0.0588 -0.0617 -0.0648 -0.0680 -0.0714 -0.0749 -0.0786 -0.0825 -0.0865 -0.0907 -0.0950 -0.0994 -0.1040 -0.1087 -0.1133 -0.1230 -0.1869
-0.1748 -0.1093 -0.1001 -0.0957 -0.0913 -0.0872 -0.0831 -0.0792 -0.0755 -0.0719 -0.0685 -0.0653 -0.0622 -0.0592 -0.0564 -0.0537 -0.0512 -0.0488 -0.0464 -0.0440 -0.0417 -0.0395 -0.0374 -0.0354 -0.0336 -0.0318 -0.0302 -0.0286 -0.0271 -0.0257 -0.0243 -0.0230 -0.0216 -0.0203 -0.0189 -0.0176 -0.0164 -0.0151 -0.0139 -0.0128 -0.0117 -0.0106 -0.0096 -0.0087 -0.0077 -0.0069 -0.0061 -0.0053 -0.0046 -0.0040 -0.0036 -0.0040 -0.0046 -0.0053 -0.0061 -0.0069 -0.0077 -0.0087 -0.0096 -0.0106 -0.0117 -0.0128 -0.0139 -0.0151 -0.0164 -0.0176 -0.0189 -0.0203 -0.0216 -0.0230 -0.0243 -0.0257 -0.0271 -0.0286 -0.0302 -0.0318 -0.0336 -0.0354 -0.0374 -0.0395 -0.0417 -0.0440 -0.0464 -0.0488 -0.0512 -0.0537 -0.0564 -0.0592 -0.0622 -0.0653 -0.0685 -0.0719 -0.0755 -0.0792 -0.0831 -0.0872 -0.0913 -0.0957 -0.1001 -0.1093 -0.1748
-0.1618 -0.0962 -0.0877 -0.0837 -0.0798 -0.0761 -0.0725 -0.0690 -0.0658 -0.0626 -0.0597 -0.0568 -0.0541 -0.0516 -0.0492 -0.0469 -0.0447 -0.0426 -0.0406 -0.0386 -0.0366 -0.0347 -0.0329 -0.0312 -0.0296 -0.0280 -0.0266 -0.0252 -0.0239 -0.0227 -0.0215 -0.0203 -0.0192 -0.0181 -0.0169 -0.0158 -0.0147 -0.0137 -0.0126 -0.0116 -0.0106 -0.0097 -0.0088 -0.0079 -0.0071 -0.0063 -0.0056 -0.0049 -0.0043 -0.0037 -0.0033 -0.0037 -0.0043 -0.0049 -0.0056 -0.0063 -0.0071 -0.0079 -0.0088 -0.0097 -0.0106 -0.0116 -0.0126 -0.0137 -0.0147 -0.0158 -0.0169 -0.0181 -0.0192 -0.0203 -0.0215 -0.0227 -0.0239 -0.0252 -0.0266 -0.0280 -0.0296 -0.0312 -0.0329 -0.0347 -0.0366 -0.0386 -0.0406 -0.0426 -0.0447 -0.0469 -0.0492 -0.0516 -0.0541 -0.0568 -0.0597 -0.0626 -0.0658 -0.0690 -0.0725 -0.0761 -0.0798 -0.0837 -0.0877 -0.0962 -0.1618
-0.1480 -0.0841 -0.0766 -0.0730 -0.0695 -0.0662 -0.0631 -0.0601 -0.0573 -0.0545 -0.0520 -0.0495 -0.0472 -0.0450 -0.0429 -0.0409 -0.0391 -0.0373 -0.0355 -0.0338 -0.0321 -0.0305 -0.0289 -0.0274 -0.0260 -0.0247 -0.0234 -0.0222 -0.0211 -0.0200 -0.0190 -0.0180 -0.0170 -0.0160 -0.0151 -0.0141 -0.0132 -0.0123 -0.0114 -0.0105 -0.0096 -0.0088 -0.0080 -0.0072 -0.0065 -0.0058 -0.0051 -0.0045 -0.0039 -0.0034 -0.0030 -0.0034 -0.0039 -0.0045 -0.0051 -0.0058 -0.0065 -0.0072 -0.0080 -0.0088 -0.0096 -0.0105 -0.0114 -0.0123 -0.0132 -0.0141 -0.0151 -0.0160 -0.0170 -0.0180 -0.0190 -0.0200 -0.0211 -0.0222 -0.0234 -0.0247 -0.0260 -0.0274 -0.0289 -0.0305 -0.0321 -0.0338 -0.0355 -0.0373 -0.0391 -0.0409 -0.0429 -0.0450 -0.0472 -0.0495 -0.0520 -0.0545 -0.0573 -0.0601 -0.0631 -0.0662 -0.0695 -0.0730 -0.0766 -0.0841 -0.1480
-0.1337 -0.0733 -0.0667 -0.0636 -0.0606 -0.0577 -0.0550 -0.0524 -0.0499 -0.0476 -0.0453 -0.0432 -0.0412 -0.0393 -0.0375 -0.0358 -0.0342 -0.0326 -0.0312 -0.0297 -0.0283 -0.0268 -0.0255 -0.0242 -0.0229 -0.0218 -0.0206 -0.0196 -0.0186 -0.0176 -0.0167 -0.0159 -0.0150 -0.0142 -0.0134 -0.0126 -0.0118 -0.0110 -0.0102 -0.0094 -0.0087 -0.0079 -0.0072 -0.0065 -0.0059 -0.0052 -0.0046 -0.0041 -0.0036 -0.0030 -0.0028 -0.0030 -0.0036 -0.0041 -0.0046 -0.0052 -0.0059 -0.0065 -0.0072 -0.0079 -0.0087 -0.0094 -0.0102 -0.0110 -0.0118 -0.0126 -0.0134 -0.0142 -0.0150 -0.0159 -0.0167 -0.0176 -0.0186 -0.0196 -0.0206 -0.0218 -0.0229 -0.0242 -0.0255 -0.0268 -0.0283 -0.0297 -0.0312 -0.0326 -0.0342 -0.0358 -0.0375 -0.0393 -0.0412 -0.0432 -0.0453 -0.0476 -0.0499 -0.0524 -0.0550 -0.0577 -0.0606 -0.0636 -0.0667 -0.0733 -0.1337
-0.1193 -0.0638 -0.0581 -0.0554 -0.0528 -0.0503 -0.0479 -0.0457 -0.0436 -0.0415 -0.0396 -0.0378 -0.0361 -0.0344 -0.0329 -0.0314 -0.0300 -0.0286 -0.0273 -0.0261 -0.0249 -0.0236 -0.0225 -0.0213 -0.0202 -0.0192 -0.0182 -0.0173 -0.0164 -0.0155 -0.0147 -0.0140 -0.0132 -0.0125 -0.0118 -0.0111 -0.0104 -0.0098 -0.0091 -0.0084 -0.0077 -0.0071 -0.0065 -0.0059 -0.0053 -0.0047 -0.0042 -0.0037 -0.0032 -0.0027 -0.0025 -0.0027 -0.0032 -0.0037 -0.0042 -0.0047 -0.0053 -0.0059 -0.0065 -0.0071 -0.0077 -0.0084 -0.0091 -0.0098 -0.0104 -0.0111 -0.0118 -0.0125 -0.0132 -0.0140 -0.0147 -0.0155 -0.0164 -0.0173 -0.0182 -0.0192 -0.0202 -0.0213 -0.0225 -0.0236 -0.0249 -0.0261 -0.0273 -0.0286 -0.0300 -0.0314 -0.0329 -0.0344 -0.0361 -0.0378 -0.0396 -0.0415 -0.0436 -0.0457 -0.0479 -0.0503 -0.0528 -0.0554 -0.0581 -0.0638 -0.1193
-0.1052 -0.0555 -0.0506 -0.0483 -0.0460 -0.0439 -0.0418 -0.0399 -0.0381 -0.0363 -0.0347 -0.0331 -0.0316 -0.0302 -0.0288 -0.0275 -0.0263 -0.0251 -0.0240 -0.0229 -0.0219 -0.0208 -0.0198 -0.0188 -0.0178 -0.0169 -0.0160 -0.0152 -0.0144 -0.0137 -0.0129 -0.0123 -0.0116 -0.0110 -0.0104 -0.0098 -0.0092 -0.0086 -0.0080 -0.0075 -0.0069 -0.0063 -0.0058 -0.0052 -0.0047 -0.0042 -0.0038 -0.0033 -0.0029 -0.0024 -0.0022 -0.0024 -0.0029 -0.0033 -0.0038 -0.0042 -0.0047 -0.0052 -0.0058 -0.0063 -0.0069 -0.0075 -0.0080 -0.0086 -0.0092 -0.0098 -0.0104 -0.0110 -0.0116 -0.0123 -0.0129 -0.0137 -0.0144 -0.0152 -0.0160 -0.0169 -0.0178 -0.0188 -0.0198 -0.0208 -0.0219 -0.0229 -0.0240 -0.0251 -0.0263 -0.0275 -0.0288 -0.0302 -0.0316 -0.0331 -0.0347 -0.0363 -0.0381 -0.0399 -0.0418 -0.0439 -0.0460 -0.0483 -0.0506 -0.0555 -0.1052
-0.0919 -0.0484 -0.0442 -0.0422 -0.0402 -0.0384 -0.0366 -0.0349 -0.0334 -0.0318 -0.0304 -0.0290 -0.0277 -0.0265 -0.0253 -0.0242 -0.0231 -0.0221 -0.0211 -0.0201 -0.0192 -0.0183 -0.0174 -0.0165 -0.0157 -0.0149 -0.0141 -0.0134 -0.0127 -0.0120 -0.0114 -0.0107 -0.0102 -0.0096 -0.0091 -0.0086 -0.0081 -0.0076 -0.0071 -0.0066 -0.0061 -0.0056 -0.0051 -0.0046 -0.0042 -0.0038 -0.0033 -0.0029 -0.0025 -0.0022 -0.0019 -0.0022 -0.0025 -0.0029 -0.0033 -0.0038 -0.0042 -0.0046 -0.0051 -0.0056 -0.0061 -0.0066 -0.0071 -0.0076 -0.0081 -0.0086 -0.0091 -0.0096 -0.0102 -0.0107 -0.0114 -0.0120 -0.0127 -0.0134 -0.0141 -0.0149 -0.0157 -0.0165 -0.0174 -0.0183 -0.0192 -0.0201 -0.0211 -0.0221 -0.0231 -0.0242 -0.0253 -0.0265 -0.0277 -0.0290 -0.0304 -0.0318 -0.0334 -0.0349 -0.0366 -0.0384 -0.0402 -0.0422 -0.0442 -0.0484 -0.0919
-0.0799 -0.0422 -0.0386 -0.0369 -0.0352 -0.0336 -0.0321 -0.0306 -0.0292 -0.0279 -0.0267 -0.0255 -0.0243 -0.0233 -0.0222 -0.0212 -0.0203 -0.0194 -0.0185 -0.0177 -0.0169 -0.0161 -0.0153 -0.0146 -0.0138 -0.0131 -0.0124 -0.0117 -0.0111 -0.0105 -0.0099 -0.0094 -0.0089 -0.0084 -0.0079 -0.0075 -0.0070 -0.0066 -0.0062 -0.0058 -0.0053 -0.0049 -0.0045 -0.0041 -0.0037 -0.0033 -0.0029 -0.0026 -0.0022 -0.0019 -0.0017 -0.0019 -0.0022 -0.0026 -0.0029 -0.0033 -0.0037 -0.0041 -0.0045 -0.0049 -0.0053 -0.0058 -0.0062 -0.0066 -0.0070 -0.0075 -0.0079 -0.0084 -0.0089 -0.0094 -0.0099 -0.0105 -0.0111 -0.0117 -0.0124 -0.0131 -0.0138 -0.0146 -0.0153 -0.0161 -0.0169 -0.0177 -0.0185 -0.0194 -0.0203 -0.0212 -0.0222 -0.0233 -0.0243 -0.0255 -0.0267 -0.0279 -0.0292 -0.0306 -0.0321 -0.0336 -0.0352 -0.0369 -0.0386 -0.0422 -0.0799
-0.0691 -0.0369 -0.0338 -0.0323 -0.0308 -0.0294 -0.0281 -0.0268 -0.0256 -0.0245 -0.0234 -0.0224 -0.0214 -0.0204 -0.0195 -0.0186 -0.0178 -0.0170 -0.0162 -0.0155 -0.0148 -0.0141 -0.0135 -0.0128 -0.0121 -0.0115 -0.0109 -0.0103 -0.0097 -0.0092 -0.0087 -0.0082 -0.0077 -0.0073 -0.0069 -0.0065 -0.0061 -0.0057 -0.0054 -0.0050 -0.0046 -0.0043 -0.0039 -0.0036 -0.0032 -0.0029 -0.0025 -0.0022 -0.0019 -0.0016 -0.0014 -0.0016 -0.0019 -0.0022 -0.0025 -0.0029 -0.0032 -0.0036 -0.0039 -0.0043 -0.0046 -0.0050 -0.0054 -0.0057 -0.0061 -0.0065 -0.0069 -0.0073 -0.0077 -0.0082 -0.0087 -0.0092 -0.0097 -0.0103 -0.0109 -0.0115 -0.0121 -0.0128 -0.0135 -0.0141 -0.0148 -0.0155 -0.0162 -0.0170 -0.0178 -0.0186 -0.0195 -0.0204 -0.0214 -0.0224 -0.0234 -0.0245 -0.0256 -0.0268 -0.0281 -0.0294 -0.0308 -0.0323 -0.0338 -0.0369 -0.0691
