0.0191 0.0142 0.0148 0.0154 0.0161 0.0167 0.0174 0.0180 0.0187 0.0194 0.0202 0.0209 0.0217 0.0224 0.0232 0.0240 0.0249 0.0257 0.0266 0.0275 0.0306 0.0430 -0.0841 -0.2008 -0.2081 -0.2145 -0.2203 -0.2256 -0.2305 -0.2350 -0.2393 -0.2433 -0.2471 -0.2508 -0.2543 -0.2577 -0.2609 -0.2641 -0.2672 -0.2702 -0.2731 -0.2759 -0.2787 -0.2814 -0.2841 -0.2867 -0.2893 -0.2918 -0.2943 -0.2965 -0.2973 -0.2965 -0.2943 -0.2918 -0.2893 -0.2867 -0.2841 -0.2814 -0.2787 -0.2759 -0.2731 -0.2702 -0.2672 -0.2641 -0.2609 -0.2577 -0.2543 -0.2508 -0.2471 -0.2433 -0.2393 -0.2350 -0.2305 -0.2256 -0.2203 -0.2145 -0.2081 -0.2008 -0.0841 0.0430 0.0306 0.0275 0.0266 0.0257 0.0249 0.0240 0.0232 0.0224 0.0217 0.0209 0.0202 0.0194 0.0187 0.0180 0.0174 0.0167 0.0161 0.0154 0.0148 0.0142 0.0191
0.0142 0.0110 0.0113 0.0117 0.0121 0.0126 0.0130 0.0135 0.0140 0.0145 0.0150 0.0155 0.0160 0.0166 0.0171 0.0177 0.0183 0.0188 0.0194 0.0200 0.0255 0.0145 -0.1968 -0.2309 -0.2354 -0.2396 -0.2436 -0.2474 -0.2511 -0.2546 -0.2580 -0.2612 -0.2644 -0.2674 -0.2704 -0.2734 -0.2762 -0.2790 -0.2817 -0.2844 -0.2870 -0.2895 -0.2920 -0.2945 -0.2969 -0.2992 -0.3015 -0.3038 -0.3060 -0.3081 -0.3090 -0.3081 -0.3060 -0.3038 -0.3015 -0.2992 -0.2969 -0.2945 -0.2920 -0.2895 -0.2870 -0.2844 -0.2817 -0.2790 -0.2762 -0.2734 -0.2704 -0.2674 -0.2644 -0.2612 -0.2580 -0.2546 -0.2511 -0.2474 -0.2436 -0.2396 -0.2354 -0.2309 -0.1968 0.0145 0.0255 0.0200 0.0194 0.0188 0.0183 0.0177 0.0171 0.0166 0.0160 0.0155 0.0150 0.0145 0.0140 0.0135 0.0130 0.0126 0.0121 0.0117 0.0113 0.0110 0.0142
0.0148 0.0113 0.0116 0.0120 0.0124 0.0128 0.0132 0.0137 0.0142 0.0147 0.0152 0.0157 0.0162 0.0168 0.0173 0.0179 0.0185 0.0190 0.0196 0.0203 0.0294 -0.0392 -0.2297 -0.2343 -0.2386 -0.2426 -0.2465 -0.2502 -0.2537 -0.2571 -0.2604 -0.2636 -0.2667 -0.2697 -0.2726 -0.2755 -0.2783 -0.2810 -0.2837 -0.2863 -0.2889 -0.2914 -0.2939 -0.2963 -0.2987 -0.3010 -0.3033 -0.3055 -0.3076 -0.3097 -0.3106 -0.3097 -0.3076 -0.3055 -0.3033 -0.3010 -0.2987 -0.2963 -0.2939 -0.2914 -0.2889 -0.2863 -0.2837 -0.2810 -0.2783 -0.2755 -0.2726 -0.2697 -0.2667 -0.2636 -0.2604 -0.2571 -0.2537 -0.2502 -0.2465 -0.2426 -0.2386 -0.2343 -0.2297 -0.0392 0.0294 0.0203 0.0196 0.0190 0.0185 0.0179 0.0173 0.0168 0.0162 0.0157 0.0152 0.0147 0.0142 0.0137 0.0132 0.0128 0.0124 0.0120 0.0116 0.0113 0.0148
0.0154 0.0117 0.0120 0.0123 0.0126 0.0130 0.0135 0.0139 0.0144 0.0149 0.0154 0.0159 0.0164 0.0170 0.0175 0.0181 0.0187 0.0192 0.0199 0.0212 0.0315 -0.1147 -0.2313 -0.2358 -0.2400 -0.2440 -0.2478 -0.2514 -0.2549 -0.2583 -0.2615 -0.2647 -0.2677 -0.2707 -0.2736 -0.2765 -0.2793 -0.2820 -0.2846 -0.2872 -0.2898 -0.2923 -0.2947 -0.2971 -0.2995 -0.3018 -0.3040 -0.3062 -0.3084 -0.3104 -0.3113 -0.3104 -0.3084 -0.3062 -0.3040 -0.3018 -0.2995 -0.2971 -0.2947 -0.2923 -0.2898 -0.2872 -0.2846 -0.2820 -0.2793 -0.2765 -0.2736 -0.2707 -0.2677 -0.2647 -0.2615 -0.2583 -0.2549 -0.2514 -0.2478 -0.2440 -0.2400 -0.2358 -0.2313 -0.1147 0.0315 0.0212 0.0199 0.0192 0.0187 0.0181 0.0175 0.0170 0.0164 0.0159 0.0154 0.0149 0.0144 0.0139 0.0135 0.0130 0.0126 0.0123 0.0120 0.0117 0.0154
0.0161 0.0121 0.0124 0.0126 0.0130 0.0133 0.0137 0.0141 0.0146 0.0151 0.0156 0.0161 0.0166 0.0171 0.0177 0.0183 0.0189 0.0195 0.0201 0.0275 0.0089 -0.2180 -0.2329 -0.2373 -0.2414 -0.2454 -0.2491 -0.2527 -0.2561 -0.2594 -0.2627 -0.2658 -0.2688 -0.2718 -0.2746 -0.2775 -0.2802 -0.2829 -0.2855 -0.2881 -0.2907 -0.2931 -0.2956 -0.2980 -0.3003 -0.3026 -0.3048 -0.3070 -0.3091 -0.3111 -0.3120 -0.3111 -0.3091 -0.3070 -0.3048 -0.3026 -0.3003 -0.2980 -0.2956 -0.2931 -0.2907 -0.2881 -0.2855 -0.2829 -0.2802 -0.2775 -0.2746 -0.2718 -0.2688 -0.2658 -0.2627 -0.2594 -0.2561 -0.2527 -0.2491 -0.2454 -0.2414 -0.2373 -0.2329 -0.2180 0.0089 0.0275 0.0201 0.0195 0.0189 0.0183 0.0177 0.0171 0.0166 0.0161 0.0156 0.0151 0.0146 0.0141 0.0137 0.0133 0.0130 0.0126 0.0124 0.0121 0.0161
0.0167 0.0126 0.0128 0.0130 0.0133 0.0136 0.0140 0.0144 0.0149 0.0153 0.0158 0.0163 0.0168 0.0174 0.0179 0.0185 0.0191 0.0197 0.0204 0.0296 -0.0526 -0.2299 -0.2345 -0.2388 -0.2428 -0.2467 -0.2504 -0.2539 -0.2573 -0.2606 -0.2638 -0.2668 -0.2699 -0.2728 -0.2756 -0.2784 -0.2812 -0.2838 -0.2865 -0.2890 -0.2915 -0.2940 -0.2964 -0.2988 -0.3011 -0.3034 -0.3056 -0.3077 -0.3099 -0.3118 -0.3127 -0.3118 -0.3099 -0.3077 -0.3056 -0.3034 -0.3011 -0.2988 -0.2964 -0.2940 -0.2915 -0.2890 -0.2865 -0.2838 -0.2812 -0.2784 -0.2756 -0.2728 -0.2699 -0.2668 -0.2638 -0.2606 -0.2573 -0.2539 -0.2504 -0.2467 -0.2428 -0.2388 -0.2345 -0.2299 -0.0526 0.0296 0.0204 0.0197 0.0191 0.0185 0.0179 0.0174 0.0168 0.0163 0.0158 0.0153 0.0149 0.0144 0.0140 0.0136 0.0133 0.0130 0.0128 0.0126 0.0167
0.0174 0.0130 0.0132 0.0135 0.0137 0.0140 0.0143 0.0147 0.0151 0.0156 0.0160 0.0165 0.0171 0.0176 0.0181 0.0187 0.0193 0.0199 0.0215 0.0305 -0.1276 -0.2316 -0.2360 -0.2402 -0.2442 -0.2480 -0.2516 -0.2551 -0.2585 -0.2617 -0.2649 -0.2679 -0.2709 -0.2738 -0.2766 -0.2794 -0.2821 -0.2848 -0.2874 -0.2899 -0.2924 -0.2949 -0.2973 -0.2996 -0.3019 -0.3041 -0.3063 -0.3085 -0.3106 -0.3125 -0.3134 -0.3125 -0.3106 -0.3085 -0.3063 -0.3041 -0.3019 -0.2996 -0.2973 -0.2949 -0.2924 -0.2899 -0.2874 -0.2848 -0.2821 -0.2794 -0.2766 -0.2738 -0.2709 -0.2679 -0.2649 -0.2617 -0.2585 -0.2551 -0.2516 -0.2480 -0.2442 -0.2402 -0.2360 -0.2316 -0.1276 0.0305 0.0215 0.0199 0.0193 0.0187 0.0181 0.0176 0.0171 0.0165 0.0160 0.0156 0.0151 0.0147 0.0143 0.0140 0.0137 0.0135 0.0132 0.0130 0.0174
0.0180 0.0135 0.0137 0.0139 0.0141 0.0144 0.0147 0.0151 0.0154 0.0159 0.0163 0.0168 0.0173 0.0178 0.0184 0.0189 0.0195 0.0201 0.0291 0.0026 -0.2285 -0.2332 -0.2375 -0.2417 -0.2456 -0.2493 -0.2529 -0.2563 -0.2596 -0.2628 -0.2659 -0.2690 -0.2719 -0.2748 -0.2776 -0.2804 -0.2831 -0.2857 -0.2883 -0.2908 -0.2933 -0.2957 -0.2981 -0.3004 -0.3027 -0.3049 -0.3071 -0.3092 -0.3113 -0.3132 -0.3141 -0.3132 -0.3113 -0.3092 -0.3071 -0.3049 -0.3027 -0.3004 -0.2981 -0.2957 -0.2933 -0.2908 -0.2883 -0.2857 -0.2831 -0.2804 -0.2776 -0.2748 -0.2719 -0.2690 -0.2659 -0.2628 -0.2596 -0.2563 -0.2529 -0.2493 -0.2456 -0.2417 -0.2375 -0.2332 -0.2285 0.0026 0.0291 0.0201 0.0195 0.0189 0.0184 0.0178 0.0173 0.0168 0.0163 0.0159 0.0154 0.0151 0.0147 0.0144 0.0141 0.0139 0.0137 0.0135 0.0180
0.0187 0.0140 0.0142 0.0144 0.0146 0.0149 0.0151 0.0154 0.0158 0.0162 0.0166 0.0171 0.0176 0.0181 0.0186 0.0192 0.0198 0.0206 0.0314 -0.0749 -0.2303 -0.2348 -0.2390 -0.2430 -0.2469 -0.2506 -0.2541 -0.2575 -0.2608 -0.2639 -0.2670 -0.2700 -0.2729 -0.2758 -0.2786 -0.2813 -0.2840 -0.2866 -0.2892 -0.2917 -0.2941 -0.2965 -0.2989 -0.3012 -0.3035 -0.3057 -0.3079 -0.3100 -0.3120 -0.3139 -0.3148 -0.3139 -0.3120 -0.3100 -0.3079 -0.3057 -0.3035 -0.3012 -0.2989 -0.2965 -0.2941 -0.2917 -0.2892 -0.2866 -0.2840 -0.2813 -0.2786 -0.2758 -0.2729 -0.2700 -0.2670 -0.2639 -0.2608 -0.2575 -0.2541 -0.2506 -0.2469 -0.2430 -0.2390 -0.2348 -0.2303 -0.0749 0.0314 0.0206 0.0198 0.0192 0.0186 0.0181 0.0176 0.0171 0.0166 0.0162 0.0158 0.0154 0.0151 0.0149 0.0146 0.0144 0.0142 0.0140 0.0187
0.0194 0.0145 0.0147 0.0149 0.0151 0.0153 0.0156 0.0159 0.0162 0.0166 0.0170 0.0174 0.0179 0.0184 0.0189 0.0195 0.0200 0.0236 0.0213 -0.1721 -0.2321 -0.2364 -0.2406 -0.2445 -0.2482 -0.2518 -0.2553 -0.2586 -0.2619 -0.2650 -0.2681 -0.2710 -0.2739 -0.2768 -0.2795 -0.2823 -0.2849 -0.2875 -0.2901 -0.2925 -0.2950 -0.2974 -0.2997 -0.3020 -0.3043 -0.3065 -0.3086 -0.3107 -0.3127 -0.3146 -0.3154 -0.3146 -0.3127 -0.3107 -0.3086 -0.3065 -0.3043 -0.3020 -0.2997 -0.2974 -0.2950 -0.2925 -0.2901 -0.2875 -0.2849 -0.2823 -0.2795 -0.2768 -0.2739 -0.2710 -0.2681 -0.2650 -0.2619 -0.2586 -0.2553 -0.2518 -0.2482 -0.2445 -0.2406 -0.2364 -0.2321 -0.1721 0.0213 0.0236 0.0200 0.0195 0.0189 0.0184 0.0179 0.0174 0.0170 0.0166 0.0162 0.0159 0.0156 0.0153 0.0151 0.0149 0.0147 0.0145 0.0194
0.0202 0.0150 0.0152 0.0154 0.0156 0.0158 0.0160 0.0163 0.0166 0.0170 0.0174 0.0178 0.0182 0.0187 0.0192 0.0197 0.0204 0.0308 -0.0320 -0.2295 -0.2339 -0.2381 -0.2421 -0.2459 -0.2496 -0.2531 -0.2565 -0.2598 -0.2630 -0.2661 -0.2691 -0.2721 -0.2750 -0.2778 -0.2805 -0.2832 -0.2858 -0.2884 -0.2909 -0.2934 -0.2958 -0.2982 -0.3005 -0.3028 -0.3050 -0.3072 -0.3093 -0.3114 -0.3134 -0.3153 -0.3161 -0.3153 -0.3134 -0.3114 -0.3093 -0.3072 -0.3050 -0.3028 -0.3005 -0.2982 -0.2958 -0.2934 -0.2909 -0.2884 -0.2858 -0.2832 -0.2805 -0.2778 -0.2750 -0.2721 -0.2691 -0.2661 -0.2630 -0.2598 -0.2565 -0.2531 -0.2496 -0.2459 -0.2421 -0.2381 -0.2339 -0.2295 -0.0320 0.0308 0.0204 0.0197 0.0192 0.0187 0.0182 0.0178 0.0174 0.0170 0.0166 0.0163 0.0160 0.0158 0.0156 0.0154 0.0152 0.0150 0.0202
0.0209 0.0155 0.0157 0.0159 0.0161 0.0163 0.0165 0.0168 0.0171 0.0174 0.0178 0.0182 0.0186 0.0190 0.0195 0.0201 0.0222 0.0277 -0.1414 -0.2315 -0.2357 -0.2398 -0.2437 -0.2474 -0.2510 -0.2544 -0.2577 -0.2610 -0.2641 -0.2672 -0.2702 -0.2731 -0.2759 -0.2787 -0.2815 -0.2841 -0.2867 -0.2893 -0.2918 -0.2943 -0.2967 -0.2990 -0.3013 -0.3036 -0.3058 -0.3080 -0.3101 -0.3121 -0.3141 -0.3160 -0.3168 -0.3160 -0.3141 -0.3121 -0.3101 -0.3080 -0.3058 -0.3036 -0.3013 -0.2990 -0.2967 -0.2943 -0.2918 -0.2893 -0.2867 -0.2841 -0.2815 -0.2787 -0.2759 -0.2731 -0.2702 -0.2672 -0.2641 -0.2610 -0.2577 -0.2544 -0.2510 -0.2474 -0.2437 -0.2398 -0.2357 -0.2315 -0.1414 0.0277 0.0222 0.0201 0.0195 0.0190 0.0186 0.0182 0.0178 0.0174 0.0171 0.0168 0.0165 0.0163 0.0161 0.0159 0.0157 0.0155 0.0209
0.0217 0.0160 0.0162 0.0164 0.0166 0.0168 0.0171 0.0173 0.0176 0.0179 0.0182 0.0186 0.0190 0.0194 0.0199 0.0205 0.0338 -0.0284 -0.2292 -0.2335 -0.2376 -0.2415 -0.2452 -0.2489 -0.2524 -0.2558 -0.2590 -0.2622 -0.2653 -0.2683 -0.2712 -0.2741 -0.2769 -0.2797 -0.2824 -0.2851 -0.2876 -0.2902 -0.2927 -0.2951 -0.2975 -0.2999 -0.3021 -0.3044 -0.3066 -0.3087 -0.3108 -0.3128 -0.3148 -0.3166 -0.3174 -0.3166 -0.3148 -0.3128 -0.3108 -0.3087 -0.3066 -0.3044 -0.3021 -0.2999 -0.2975 -0.2951 -0.2927 -0.2902 -0.2876 -0.2851 -0.2824 -0.2797 -0.2769 -0.2741 -0.2712 -0.2683 -0.2653 -0.2622 -0.2590 -0.2558 -0.2524 -0.2489 -0.2452 -0.2415 -0.2376 -0.2335 -0.2292 -0.0284 0.0338 0.0205 0.0199 0.0194 0.0190 0.0186 0.0182 0.0179 0.0176 0.0173 0.0171 0.0168 0.0166 0.0164 0.0162 0.0160 0.0217
0.0224 0.0166 0.0168 0.0170 0.0171 0.0174 0.0176 0.0178 0.0181 0.0184 0.0187 0.0190 0.0194 0.0198 0.0203 0.0257 0.0183 -0.1802 -0.2316 -0.2356 -0.2395 -0.2432 -0.2468 -0.2504 -0.2538 -0.2571 -0.2603 -0.2634 -0.2665 -0.2694 -0.2723 -0.2752 -0.2779 -0.2807 -0.2833 -0.2860 -0.2885 -0.2911 -0.2935 -0.2960 -0.2983 -0.3007 -0.3029 -0.3052 -0.3073 -0.3094 -0.3115 -0.3135 -0.3155 -0.3173 -0.3181 -0.3173 -0.3155 -0.3135 -0.3115 -0.3094 -0.3073 -0.3052 -0.3029 -0.3007 -0.2983 -0.2960 -0.2935 -0.2911 -0.2885 -0.2860 -0.2833 -0.2807 -0.2779 -0.2752 -0.2723 -0.2694 -0.2665 -0.2634 -0.2603 -0.2571 -0.2538 -0.2504 -0.2468 -0.2432 -0.2395 -0.2356 -0.2316 -0.1802 0.0183 0.0257 0.0203 0.0198 0.0194 0.0190 0.0187 0.0184 0.0181 0.0178 0.0176 0.0174 0.0171 0.0170 0.0168 0.0166 0.0224
0.0232 0.0171 0.0173 0.0175 0.0177 0.0179 0.0181 0.0184 0.0186 0.0189 0.0192 0.0195 0.0199 0.0203 0.0228 0.0309 -0.0936 -0.2301 -0.2339 -0.2377 -0.2414 -0.2449 -0.2484 -0.2519 -0.2552 -0.2585 -0.2616 -0.2647 -0.2677 -0.2706 -0.2734 -0.2762 -0.2790 -0.2817 -0.2843 -0.2869 -0.2894 -0.2919 -0.2944 -0.2968 -0.2992 -0.3015 -0.3037 -0.3059 -0.3081 -0.3102 -0.3122 -0.3142 -0.3161 -0.3179 -0.3187 -0.3179 -0.3161 -0.3142 -0.3122 -0.3102 -0.3081 -0.3059 -0.3037 -0.3015 -0.2992 -0.2968 -0.2944 -0.2919 -0.2894 -0.2869 -0.2843 -0.2817 -0.2790 -0.2762 -0.2734 -0.2706 -0.2677 -0.2647 -0.2616 -0.2585 -0.2552 -0.2519 -0.2484 -0.2449 -0.2414 -0.2377 -0.2339 -0.2301 -0.0936 0.0309 0.0228 0.0203 0.0199 0.0195 0.0192 0.0189 0.0186 0.0184 0.0181 0.0179 0.0177 0.0175 0.0173 0.0171 0.0232
0.0240 0.0177 0.0179 0.0181 0.0183 0.0185 0.0187 0.0189 0.0192 0.0195 0.0197 0.0201 0.0205 0.0257 0.0309 -0.0580 -0.2292 -0.2327 -0.2363 -0.2399 -0.2433 -0.2467 -0.2501 -0.2533 -0.2566 -0.2598 -0.2629 -0.2659 -0.2689 -0.2718 -0.2746 -0.2773 -0.2800 -0.2827 -0.2853 -0.2878 -0.2903 -0.2928 -0.2952 -0.2976 -0.3000 -0.3023 -0.3045 -0.3067 -0.3088 -0.3109 -0.3129 -0.3149 -0.3168 -0.3186 -0.3193 -0.3186 -0.3168 -0.3149 -0.3129 -0.3109 -0.3088 -0.3067 -0.3045 -0.3023 -0.3000 -0.2976 -0.2952 -0.2928 -0.2903 -0.2878 -0.2853 -0.2827 -0.2800 -0.2773 -0.2746 -0.2718 -0.2689 -0.2659 -0.2629 -0.2598 -0.2566 -0.2533 -0.2501 -0.2467 -0.2433 -0.2399 -0.2363 -0.2327 -0.2292 -0.0580 0.0309 0.0257 0.0205 0.0201 0.0197 0.0195 0.0192 0.0189 0.0187 0.0185 0.0183 0.0181 0.0179 0.0177 0.0240
0.0249 0.0183 0.0185 0.0187 0.0189 0.0191 0.0193 0.0195 0.0198 0.0200 0.0204 0.0222 0.0338 0.0183 -0.0936 -0.2292 -0.2323 -0.2356 -0.2388 -0.2421 -0.2453 -0.2486 -0.2518 -0.2549 -0.2580 -0.2612 -0.2642 -0.2672 -0.2701 -0.2729 -0.2757 -0.2784 -0.2811 -0.2837 -0.2863 -0.2888 -0.2913 -0.2937 -0.2961 -0.2985 -0.3008 -0.3031 -0.3053 -0.3074 -0.3096 -0.3116 -0.3136 -0.3156 -0.3175 -0.3192 -0.3200 -0.3192 -0.3175 -0.3156 -0.3136 -0.3116 -0.3096 -0.3074 -0.3053 -0.3031 -0.3008 -0.2985 -0.2961 -0.2937 -0.2913 -0.2888 -0.2863 -0.2837 -0.2811 -0.2784 -0.2757 -0.2729 -0.2701 -0.2672 -0.2642 -0.2612 -0.2580 -0.2549 -0.2518 -0.2486 -0.2453 -0.2421 -0.2388 -0.2356 -0.2323 -0.2292 -0.0936 0.0183 0.0338 0.0222 0.0204 0.0200 0.0198 0.0195 0.0193 0.0191 0.0189 0.0187 0.0185 0.0183 0.0249
0.0257 0.0188 0.0190 0.0192 0.0195 0.0197 0.0199 0.0201 0.0206 0.0236 0.0308 0.0277 -0.0284 -0.1802 -0.2301 -0.2327 -0.2356 -0.2384 -0.2414 -0.2444 -0.2474 -0.2505 -0.2535 -0.2566 -0.2596 -0.2626 -0.2655 -0.2684 -0.2713 -0.2741 -0.2769 -0.2795 -0.2822 -0.2848 -0.2873 -0.2898 -0.2922 -0.2946 -0.2970 -0.2993 -0.3016 -0.3038 -0.3060 -0.3082 -0.3103 -0.3123 -0.3143 -0.3162 -0.3181 -0.3198 -0.3206 -0.3198 -0.3181 -0.3162 -0.3143 -0.3123 -0.3103 -0.3082 -0.3060 -0.3038 -0.3016 -0.2993 -0.2970 -0.2946 -0.2922 -0.2898 -0.2873 -0.2848 -0.2822 -0.2795 -0.2769 -0.2741 -0.2713 -0.2684 -0.2655 -0.2626 -0.2596 -0.2566 -0.2535 -0.2505 -0.2474 -0.2444 -0.2414 -0.2384 -0.2356 -0.2327 -0.2301 -0.1802 -0.0284 0.0277 0.0308 0.0236 0.0206 0.0201 0.0199 0.0197 0.0195 0.0192 0.0190 0.0188 0.0257
0.0266 0.0194 0.0196 0.0199 0.0201 0.0204 0.0215 0.0291 0.0314 0.0213 -0.0320 -0.1414 -0.2292 -0.2316 -0.2339 -0.2363 -0.2388 -0.2414 -0.2441 -0.2468 -0.2497 -0.2525 -0.2554 -0.2583 -0.2612 -0.2641 -0.2669 -0.2697 -0.2725 -0.2753 -0.2780 -0.2807 -0.2833 -0.2858 -0.2883 -0.2908 -0.2932 -0.2956 -0.2979 -0.3002 -0.3024 -0.3047 -0.3068 -0.3089 -0.3110 -0.3130 -0.3150 -0.3169 -0.3187 -0.3204 -0.3212 -0.3204 -0.3187 -0.3169 -0.3150 -0.3130 -0.3110 -0.3089 -0.3068 -0.3047 -0.3024 -0.3002 -0.2979 -0.2956 -0.2932 -0.2908 -0.2883 -0.2858 -0.2833 -0.2807 -0.2780 -0.2753 -0.2725 -0.2697 -0.2669 -0.2641 -0.2612 -0.2583 -0.2554 -0.2525 -0.2497 -0.2468 -0.2441 -0.2414 -0.2388 -0.2363 -0.2339 -0.2316 -0.2292 -0.1414 -0.0320 0.0213 0.0314 0.0291 0.0215 0.0204 0.0201 0.0199 0.0196 0.0194 0.0266
0.0275 0.0200 0.0203 0.0212 0.0275 0.0296 0.0305 0.0026 -0.0749 -0.1721 -0.2295 -0.2315 -0.2335 -0.2356 -0.2377 -0.2399 -0.2421 -0.2444 -0.2468 -0.2494 -0.2519 -0.2546 -0.2573 -0.2601 -0.2628 -0.2656 -0.2683 -0.2710 -0.2738 -0.2764 -0.2791 -0.2817 -0.2843 -0.2869 -0.2894 -0.2918 -0.2942 -0.2965 -0.2988 -0.3011 -0.3033 -0.3055 -0.3076 -0.3097 -0.3117 -0.3137 -0.3157 -0.3175 -0.3194 -0.3210 -0.3218 -0.3210 -0.3194 -0.3175 -0.3157 -0.3137 -0.3117 -0.3097 -0.3076 -0.3055 -0.3033 -0.3011 -0.2988 -0.2965 -0.2942 -0.2918 -0.2894 -0.2869 -0.2843 -0.2817 -0.2791 -0.2764 -0.2738 -0.2710 -0.2683 -0.2656 -0.2628 -0.2601 -0.2573 -0.2546 -0.2519 -0.2494 -0.2468 -0.2444 -0.2421 -0.2399 -0.2377 -0.2356 -0.2335 -0.2315 -0.2295 -0.1721 -0.0749 0.0026 0.0305 0.0296 0.0275 0.0212 0.0203 0.0200 0.0275
0.0306 0.0255 0.0294 0.0315 0.0089 -0.0526 -0.1276 -0.2285 -0.2303 -0.2321 -0.2339 -0.2357 -0.2376 -0.2395 -0.2414 -0.2433 -0.2453 -0.2474 -0.2497 -0.2519 -0.2544 -0.2568 -0.2593 -0.2619 -0.2646 -0.2672 -0.2698 -0.2724 -0.2750 -0.2776 -0.2802 -0.2828 -0.2854 -0.2879 -0.2904 -0.2928 -0.2952 -0.2975 -0.2998 -0.3020 -0.3042 -0.3064 -0.3085 -0.3105 -0.3125 -0.3145 -0.3164 -0.3182 -0.3200 -0.3216 -0.3224 -0.3216 -0.3200 -0.3182 -0.3164 -0.3145 -0.3125 -0.3105 -0.3085 -0.3064 -0.3042 -0.3020 -0.2998 -0.2975 -0.2952 -0.2928 -0.2904 -0.2879 -0.2854 -0.2828 -0.2802 -0.2776 -0.2750 -0.2724 -0.2698 -0.2672 -0.2646 -0.2619 -0.2593 -0.2568 -0.2544 -0.2519 -0.2497 -0.2474 -0.2453 -0.2433 -0.2414 -0.2395 -0.2376 -0.2357 -0.2339 -0.2321 -0.2303 -0.2285 -0.1276 -0.0526 0.0089 0.0315 0.0294 0.0255 0.0306
0.0430 0.0145 -0.0392 -0.1147 -0.2180 -0.2299 -0.2316 -0.2332 -0.2348 -0.2364 -0.2381 -0.2398 -0.2415 -0.2432 -0.2449 -0.2467 -0.2486 -0.2505 -0.2525 -0.2546 -0.2568 -0.2591 -0.2614 -0.2638 -0.2663 -0.2688 -0.2713 -0.2738 -0.2764 -0.2789 -0.2814 -0.2839 -0.2865 -0.2890 -0.2914 -0.2938 -0.2962 -0.2985 -0.3007 -0.3029 -0.3051 -0.3072 -0.3093 -0.3113 -0.3133 -0.3152 -0.3170 -0.3189 -0.3206 -0.3222 -0.3229 -0.3222 -0.3206 -0.3189 -0.3170 -0.3152 -0.3133 -0.3113 -0.3093 -0.3072 -0.3051 -0.3029 -0.3007 -0.2985 -0.2962 -0.2938 -0.2914 -0.2890 -0.2865 -0.2839 -0.2814 -0.2789 -0.2764 -0.2738 -0.2713 -0.2688 -0.2663 -0.2638 -0.2614 -0.2591 -0.2568 -0.2546 -0.2525 -0.2505 -0.2486 -0.2467 -0.2449 -0.2432 -0.2415 -0.2398 -0.2381 -0.2364 -0.2348 -0.2332 -0.2316 -0.2299 -0.2180 -0.1147 -0.0392 0.0145 0.0430
-0.0841 -0.1968 -0.2297 -0.2313 -0.2329 -0.2345 -0.2360 -0.2375 -0.2390 -0.2406 -0.2421 -0.2437 -0.2452 -0.2468 -0.2484 -0.2501 -0.2518 -0.2535 -0.2554 -0.2573 -0.2593 -0.2614 -0.2636 -0.2658 -0.2682 -0.2705 -0.2729 -0.2753 -0.2777 -0.2802 -0.2826 -0.2851 -0.2875 -0.2900 -0.2924 -0.2948 -0.2971 -0.2994 -0.3017 -0.3038 -0.3060 -0.3081 -0.3101 -0.3121 -0.3140 -0.3159 -0.3178 -0.3195 -0.3213 -0.3228 -0.3235 -0.3228 -0.3213 -0.3195 -0.3178 -0.3159 -0.3140 -0.3121 -0.3101 -0.3081 -0.3060 -0.3038 -0.3017 -0.2994 -0.2971 -0.2948 -0.2924 -0.2900 -0.2875 -0.2851 -0.2826 -0.2802 -0.2777 -0.2753 -0.2729 -0.2705 -0.2682 -0.2658 -0.2636 -0.2614 -0.2593 -0.2573 -0.2554 -0.2535 -0.2518 -0.2501 -0.2484 -0.2468 -0.2452 -0.2437 -0.2421 -0.2406 -0.2390 -0.2375 -0.2360 -0.2345 -0.2329 -0.2313 -0.2297 -0.1968 -0.0841
-0.2008 -0.2309 -0.2343 -0.2358 -0.2373 -0.2388 -0.2402 -0.2417 -0.2430 -0.2445 -0.2459 -0.2474 -0.2489 -0.2504 -0.2519 -0.2533 -0.2549 -0.2566 -0.2583 -0.2601 -0.2619 -0.2638 -0.2658 -0.2679 -0.2700 -0.2723 -0.2746 -0.2768 -0.2792 -0.2815 -0.2839 -0.2862 -0.2886 -0.2910 -0.2934 -0.2958 -0.2981 -0.3004 -0.3026 -0.3047 -0.3069 -0.3089 -0.3110 -0.3129 -0.3148 -0.3167 -0.3185 -0.3202 -0.3219 -0.3234 -0.3241 -0.3234 -0.3219 -0.3202 -0.3185 -0.3167 -0.3148 -0.3129 -0.3110 -0.3089 -0.3069 -0.3047 -0.3026 -0.3004 -0.2981 -0.2958 -0.2934 -0.2910 -0.2886 -0.2862 -0.2839 -0.2815 -0.2792 -0.2768 -0.2746 -0.2723 -0.2700 -0.2679 -0.2658 -0.2638 -0.2619 -0.2601 -0.2583 -0.2566 -0.2549 -0.2533 -0.2519 -0.2504 -0.2489 -0.2474 -0.2459 -0.2445 -0.2430 -0.2417 -0.2402 -0.2388 -0.2373 -0.2358 -0.2343 -0.2309 -0.2008
-0.2081 -0.2354 -0.2386 -0.2400 -0.2414 -0.2428 -0.2442 -0.2456 -0.2469 -0.2482 -0.2496 -0.2510 -0.2524 -0.2538 -0.2552 -0.2566 -0.2580 -0.2596 -0.2612 -0.2628 -0.2646 -0.2663 -0.2682 -0.2700 -0.2721 -0.2741 -0.2763 -0.2785 -0.2806 -0.2829 -0.2852 -0.2875 -0.2898 -0.2921 -0.2944 -0.2968 -0.2990 -0.3013 -0.3035 -0.3056 -0.3077 -0.3098 -0.3118 -0.3137 -0.3156 -0.3174 -0.3192 -0.3209 -0.3226 -0.3241 -0.3247 -0.3241 -0.3226 -0.3209 -0.3192 -0.3174 -0.3156 -0.3137 -0.3118 -0.3098 -0.3077 -0.3056 -0.3035 -0.3013 -0.2990 -0.2968 -0.2944 -0.2921 -0.2898 -0.2875 -0.2852 -0.2829 -0.2806 -0.2785 -0.2763 -0.2741 -0.2721 -0.2700 -0.2682 -0.2663 -0.2646 -0.2628 -0.2612 -0.2596 -0.2580 -0.2566 -0.2552 -0.2538 -0.2524 -0.2510 -0.2496 -0.2482 -0.2469 -0.2456 -0.2442 -0.2428 -0.2414 -0.2400 -0.2386 -0.2354 -0.2081
-0.2145 -0.2396 -0.2426 -0.2440 -0.2454 -0.2467 -0.2480 -0.2493 -0.2506 -0.2518 -0.2531 -0.2544 -0.2558 -0.2571 -0.2585 -0.2598 -0.2612 -0.2626 -0.2641 -0.2656 -0.2672 -0.2688 -0.2705 -0.2723 -0.2741 -0.2761 -0.2781 -0.2801 -0.2822 -0.2844 -0.2866 -0.2888 -0.2910 -0.2932 -0.2955 -0.2978 -0.3000 -0.3022 -0.3044 -0.3065 -0.3086 -0.3106 -0.3126 -0.3145 -0.3164 -0.3182 -0.3199 -0.3216 -0.3232 -0.3247 -0.3253 -0.3247 -0.3232 -0.3216 -0.3199 -0.3182 -0.3164 -0.3145 -0.3126 -0.3106 -0.3086 -0.3065 -0.3044 -0.3022 -0.3000 -0.2978 -0.2955 -0.2932 -0.2910 -0.2888 -0.2866 -0.2844 -0.2822 -0.2801 -0.2781 -0.2761 -0.2741 -0.2723 -0.2705 -0.2688 -0.2672 -0.2656 -0.2641 -0.2626 -0.2612 -0.2598 -0.2585 -0.2571 -0.2558 -0.2544 -0.2531 -0.2518 -0.2506 -0.2493 -0.2480 -0.2467 -0.2454 -0.2440 -0.2426 -0.2396 -0.2145
-0.2203 -0.2436 -0.2465 -0.2478 -0.2491 -0.2504 -0.2516 -0.2529 -0.2541 -0.2553 -0.2565 -0.2577 -0.2590 -0.2603 -0.2616 -0.2629 -0.2642 -0.2655 -0.2669 -0.2683 -0.2698 -0.2713 -0.2729 -0.2746 -0.2763 -0.2781 -0.2799 -0.2819 -0.2839 -0.2859 -0.2880 -0.2902 -0.2923 -0.2945 -0.2966 -0.2988 -0.3010 -0.3031 -0.3053 -0.3074 -0.3094 -0.3115 -0.3134 -0.3153 -0.3171 -0.3189 -0.3206 -0.3223 -0.3239 -0.3253 -0.3259 -0.3253 -0.3239 -0.3223 -0.3206 -0.3189 -0.3171 -0.3153 -0.3134 -0.3115 -0.3094 -0.3074 -0.3053 -0.3031 -0.3010 -0.2988 -0.2966 -0.2945 -0.2923 -0.2902 -0.2880 -0.2859 -0.2839 -0.2819 -0.2799 -0.2781 -0.2763 -0.2746 -0.2729 -0.2713 -0.2698 -0.2683 -0.2669 -0.2655 -0.2642 -0.2629 -0.2616 -0.2603 -0.2590 -0.2577 -0.2565 -0.2553 -0.2541 -0.2529 -0.2516 -0.2504 -0.2491 -0.2478 -0.2465 -0.2436 -0.2203
-0.2256 -0.2474 -0.2502 -0.2514 -0.2527 -0.2539 -0.2551 -0.2563 -0.2575 -0.2586 -0.2598 -0.2610 -0.2622 -0.2634 -0.2647 -0.2659 -0.2672 -0.2684 -0.2697 -0.2710 -0.2724 -0.2738 -0.2753 -0.2768 -0.2785 -0.2801 -0.2819 -0.2837 -0.2856 -0.2875 -0.2895 -0.2916 -0.2936 -0.2957 -0.2978 -0.2999 -0.3020 -0.3041 -0.3062 -0.3083 -0.3103 -0.3123 -0.3142 -0.3161 -0.3179 -0.3197 -0.3213 -0.3230 -0.3245 -0.3259 -0.3265 -0.3259 -0.3245 -0.3230 -0.3213 -0.3197 -0.3179 -0.3161 -0.3142 -0.3123 -0.3103 -0.3083 -0.3062 -0.3041 -0.3020 -0.2999 -0.2978 -0.2957 -0.2936 -0.2916 -0.2895 -0.2875 -0.2856 -0.2837 -0.2819 -0.2801 -0.2785 -0.2768 -0.2753 -0.2738 -0.2724 -0.2710 -0.2697 -0.2684 -0.2672 -0.2659 -0.2647 -0.2634 -0.2622 -0.2610 -0.2598 -0.2586 -0.2575 -0.2563 -0.2551 -0.2539 -0.2527 -0.2514 -0.2502 -0.2474 -0.2256
-0.2305 -0.2511 -0.2537 -0.2549 -0.2561 -0.2573 -0.2585 -0.2596 -0.2608 -0.2619 -0.2630 -0.2641 -0.2653 -0.2665 -0.2677 -0.2689 -0.2701 -0.2713 -0.2725 -0.2738 -0.2750 -0.2764 -0.2777 -0.2792 -0.2806 -0.2822 -0.2839 -0.2856 -0.2874 -0.2892 -0.2911 -0.2930 -0.2950 -0.2970 -0.2990 -0.3011 -0.3031 -0.3051 -0.3071 -0.3091 -0.3111 -0.3131 -0.3150 -0.3168 -0.3186 -0.3204 -0.3220 -0.3236 -0.3251 -0.3265 -0.3271 -0.3265 -0.3251 -0.3236 -0.3220 -0.3204 -0.3186 -0.3168 -0.3150 -0.3131 -0.3111 -0.3091 -0.3071 -0.3051 -0.3031 -0.3011 -0.2990 -0.2970 -0.2950 -0.2930 -0.2911 -0.2892 -0.2874 -0.2856 -0.2839 -0.2822 -0.2806 -0.2792 -0.2777 -0.2764 -0.2750 -0.2738 -0.2725 -0.2713 -0.2701 -0.2689 -0.2677 -0.2665 -0.2653 -0.2641 -0.2630 -0.2619 -0.2608 -0.2596 -0.2585 -0.2573 -0.2561 -0.2549 -0.2537 -0.2511 -0.2305
-0.2350 -0.2546 -0.2571 -0.2583 -0.2594 -0.2606 -0.2617 -0.2628 -0.2639 -0.2650 -0.2661 -0.2672 -0.2683 -0.2694 -0.2706 -0.2718 -0.2729 -0.2741 -0.2753 -0.2764 -0.2776 -0.2789 -0.2802 -0.2815 -0.2829 -0.2844 -0.2859 -0.2875 -0.2892 -0.2909 -0.2927 -0.2946 -0.2964 -0.2984 -0.3003 -0.3022 -0.3042 -0.3061 -0.3081 -0.3100 -0.3120 -0.3139 -0.3158 -0.3176 -0.3194 -0.3211 -0.3227 -0.3243 -0.3258 -0.3271 -0.3277 -0.3271 -0.3258 -0.3243 -0.3227 -0.3211 -0.3194 -0.3176 -0.3158 -0.3139 -0.3120 -0.3100 -0.3081 -0.3061 -0.3042 -0.3022 -0.3003 -0.2984 -0.2964 -0.2946 -0.2927 -0.2909 -0.2892 -0.2875 -0.2859 -0.2844 -0.2829 -0.2815 -0.2802 -0.2789 -0.2776 -0.2764 -0.2753 -0.2741 -0.2729 -0.2718 -0.2706 -0.2694 -0.2683 -0.2672 -0.2661 -0.2650 -0.2639 -0.2628 -0.2617 -0.2606 -0.2594 -0.2583 -0.2571 -0.2546 -0.2350
-0.2393 -0.2580 -0.2604 -0.2615 -0.2627 -0.2638 -0.2649 -0.2659 -0.2670 -0.2681 -0.2691 -0.2702 -0.2712 -0.2723 -0.2734 -0.2746 -0.2757 -0.2769 -0.2780 -0.2791 -0.2802 -0.2814 -0.2826 -0.2839 -0.2852 -0.2866 -0.2880 -0.2895 -0.2911 -0.2927 -0.2944 -0.2962 -0.2979 -0.2998 -0.3016 -0.3035 -0.3053 -0.3072 -0.3091 -0.3110 -0.3128 -0.3147 -0.3165 -0.3183 -0.3201 -0.3218 -0.3234 -0.3249 -0.3264 -0.3277 -0.3282 -0.3277 -0.3264 -0.3249 -0.3234 -0.3218 -0.3201 -0.3183 -0.3165 -0.3147 -0.3128 -0.3110 -0.3091 -0.3072 -0.3053 -0.3035 -0.3016 -0.2998 -0.2979 -0.2962 -0.2944 -0.2927 -0.2911 -0.2895 -0.2880 -0.2866 -0.2852 -0.2839 -0.2826 -0.2814 -0.2802 -0.2791 -0.2780 -0.2769 -0.2757 -0.2746 -0.2734 -0.2723 -0.2712 -0.2702 -0.2691 -0.2681 -0.2670 -0.2659 -0.2649 -0.2638 -0.2627 -0.2615 -0.2604 -0.2580 -0.2393
-0.2433 -0.2612 -0.2636 -0.2647 -0.2658 -0.2668 -0.2679 -0.2690 -0.2700 -0.2710 -0.2721 -0.2731 -0.2741 -0.2752 -0.2762 -0.2773 -0.2784 -0.2795 -0.2807 -0.2817 -0.2828 -0.2839 -0.2851 -0.2862 -0.2875 -0.2888 -0.2902 -0.2916 -0.2930 -0.2946 -0.2962 -0.2978 -0.2995 -0.3012 -0.3030 -0.3048 -0.3065 -0.3083 -0.3101 -0.3119 -0.3137 -0.3155 -0.3173 -0.3191 -0.3208 -0.3224 -0.3240 -0.3255 -0.3269 -0.3282 -0.3288 -0.3282 -0.3269 -0.3255 -0.3240 -0.3224 -0.3208 -0.3191 -0.3173 -0.3155 -0.3137 -0.3119 -0.3101 -0.3083 -0.3065 -0.3048 -0.3030 -0.3012 -0.2995 -0.2978 -0.2962 -0.2946 -0.2930 -0.2916 -0.2902 -0.2888 -0.2875 -0.2862 -0.2851 -0.2839 -0.2828 -0.2817 -0.2807 -0.2795 -0.2784 -0.2773 -0.2762 -0.2752 -0.2741 -0.2731 -0.2721 -0.2710 -0.2700 -0.2690 -0.2679 -0.2668 -0.2658 -0.2647 -0.2636 -0.2612 -0.2433
-0.2471 -0.2644 -0.2667 -0.2677 -0.2688 -0.2699 -0.2709 -0.2719 -0.2729 -0.2739 -0.2750 -0.2759 -0.2769 -0.2779 -0.2790 -0.2800 -0.2811 -0.2822 -0.2833 -0.2843 -0.2854 -0.2865 -0.2875 -0.2886 -0.2898 -0.2910 -0.2923 -0.2936 -0.2950 -0.2964 -0.2979 -0.2995 -0.3010 -0.3027 -0.3043 -0.3061 -0.3078 -0.3094 -0.3112 -0.3129 -0.3147 -0.3164 -0.3181 -0.3198 -0.3215 -0.3231 -0.3246 -0.3261 -0.3275 -0.3288 -0.3293 -0.3288 -0.3275 -0.3261 -0.3246 -0.3231 -0.3215 -0.3198 -0.3181 -0.3164 -0.3147 -0.3129 -0.3112 -0.3094 -0.3078 -0.3061 -0.3043 -0.3027 -0.3010 -0.2995 -0.2979 -0.2964 -0.2950 -0.2936 -0.2923 -0.2910 -0.2898 -0.2886 -0.2875 -0.2865 -0.2854 -0.2843 -0.2833 -0.2822 -0.2811 -0.2800 -0.2790 -0.2779 -0.2769 -0.2759 -0.2750 -0.2739 -0.2729 -0.2719 -0.2709 -0.2699 -0.2688 -0.2677 -0.2667 -0.2644 -0.2471
-0.2508 -0.2674 -0.2697 -0.2707 -0.2718 -0.2728 -0.2738 -0.2748 -0.2758 -0.2768 -0.2778 -0.2787 -0.2797 -0.2807 -0.2817 -0.2827 -0.2837 -0.2848 -0.2858 -0.2869 -0.2879 -0.2890 -0.2900 -0.2910 -0.2921 -0.2932 -0.2945 -0.2957 -0.2970 -0.2984 -0.2998 -0.3012 -0.3027 -0.3042 -0.3058 -0.3074 -0.3090 -0.3106 -0.3123 -0.3139 -0.3156 -0.3173 -0.3189 -0.3206 -0.3222 -0.3237 -0.3253 -0.3267 -0.3281 -0.3293 -0.3298 -0.3293 -0.3281 -0.3267 -0.3253 -0.3237 -0.3222 -0.3206 -0.3189 -0.3173 -0.3156 -0.3139 -0.3123 -0.3106 -0.3090 -0.3074 -0.3058 -0.3042 -0.3027 -0.3012 -0.2998 -0.2984 -0.2970 -0.2957 -0.2945 -0.2932 -0.2921 -0.2910 -0.2900 -0.2890 -0.2879 -0.2869 -0.2858 -0.2848 -0.2837 -0.2827 -0.2817 -0.2807 -0.2797 -0.2787 -0.2778 -0.2768 -0.2758 -0.2748 -0.2738 -0.2728 -0.2718 -0.2707 -0.2697 -0.2674 -0.2508
-0.2543 -0.2704 -0.2726 -0.2736 -0.2746 -0.2756 -0.2766 -0.2776 -0.2786 -0.2795 -0.2805 -0.2815 -0.2824 -0.2833 -0.2843 -0.2853 -0.2863 -0.2873 -0.2883 -0.2894 -0.2904 -0.2914 -0.2924 -0.2934 -0.2944 -0.2955 -0.2966 -0.2978 -0.2990 -0.3003 -0.3016 -0.3030 -0.3043 -0.3058 -0.3073 -0.3088 -0.3103 -0.3119 -0.3134 -0.3150 -0.3166 -0.3182 -0.3198 -0.3213 -0.3229 -0.3244 -0.3259 -0.3273 -0.3286 -0.3298 -0.3303 -0.3298 -0.3286 -0.3273 -0.3259 -0.3244 -0.3229 -0.3213 -0.3198 -0.3182 -0.3166 -0.3150 -0.3134 -0.3119 -0.3103 -0.3088 -0.3073 -0.3058 -0.3043 -0.3030 -0.3016 -0.3003 -0.2990 -0.2978 -0.2966 -0.2955 -0.2944 -0.2934 -0.2924 -0.2914 -0.2904 -0.2894 -0.2883 -0.2873 -0.2863 -0.2853 -0.2843 -0.2833 -0.2824 -0.2815 -0.2805 -0.2795 -0.2786 -0.2776 -0.2766 -0.2756 -0.2746 -0.2736 -0.2726 -0.2704 -0.2543
-0.2577 -0.2734 -0.2755 -0.2765 -0.2775 -0.2784 -0.2794 -0.2804 -0.2813 -0.2823 -0.2832 -0.2841 -0.2851 -0.2860 -0.2869 -0.2878 -0.2888 -0.2898 -0.2908 -0.2918 -0.2928 -0.2938 -0.2948 -0.2958 -0.2968 -0.2978 -0.2988 -0.2999 -0.3011 -0.3022 -0.3035 -0.3048 -0.3061 -0.3074 -0.3088 -0.3102 -0.3116 -0.3131 -0.3146 -0.3161 -0.3176 -0.3191 -0.3206 -0.3221 -0.3236 -0.3251 -0.3265 -0.3278 -0.3291 -0.3303 -0.3308 -0.3303 -0.3291 -0.3278 -0.3265 -0.3251 -0.3236 -0.3221 -0.3206 -0.3191 -0.3176 -0.3161 -0.3146 -0.3131 -0.3116 -0.3102 -0.3088 -0.3074 -0.3061 -0.3048 -0.3035 -0.3022 -0.3011 -0.2999 -0.2988 -0.2978 -0.2968 -0.2958 -0.2948 -0.2938 -0.2928 -0.2918 -0.2908 -0.2898 -0.2888 -0.2878 -0.2869 -0.2860 -0.2851 -0.2841 -0.2832 -0.2823 -0.2813 -0.2804 -0.2794 -0.2784 -0.2775 -0.2765 -0.2755 -0.2734 -0.2577
-0.2609 -0.2762 -0.2783 -0.2793 -0.2802 -0.2812 -0.2821 -0.2831 -0.2840 -0.2849 -0.2858 -0.2867 -0.2876 -0.2885 -0.2894 -0.2903 -0.2913 -0.2922 -0.2932 -0.2942 -0.2952 -0.2962 -0.2971 -0.2981 -0.2990 -0.3000 -0.3010 -0.3020 -0.3031 -0.3042 -0.3053 -0.3065 -0.3078 -0.3090 -0.3103 -0.3116 -0.3130 -0.3144 -0.3158 -0.3172 -0.3187 -0.3201 -0.3215 -0.3229 -0.3244 -0.3257 -0.3271 -0.3284 -0.3296 -0.3307 -0.3312 -0.3307 -0.3296 -0.3284 -0.3271 -0.3257 -0.3244 -0.3229 -0.3215 -0.3201 -0.3187 -0.3172 -0.3158 -0.3144 -0.3130 -0.3116 -0.3103 -0.3090 -0.3078 -0.3065 -0.3053 -0.3042 -0.3031 -0.3020 -0.3010 -0.3000 -0.2990 -0.2981 -0.2971 -0.2962 -0.2952 -0.2942 -0.2932 -0.2922 -0.2913 -0.2903 -0.2894 -0.2885 -0.2876 -0.2867 -0.2858 -0.2849 -0.2840 -0.2831 -0.2821 -0.2812 -0.2802 -0.2793 -0.2783 -0.2762 -0.2609
-0.2641 -0.2790 -0.2810 -0.2820 -0.2829 -0.2838 -0.2848 -0.2857 -0.2866 -0.2875 -0.2884 -0.2893 -0.2902 -0.2911 -0.2919 -0.2928 -0.2937 -0.2946 -0.2956 -0.2965 -0.2975 -0.2985 -0.2994 -0.3004 -0.3013 -0.3022 -0.3031 -0.3041 -0.3051 -0.3061 -0.3072 -0.3083 -0.3094 -0.3106 -0.3119 -0.3131 -0.3144 -0.3157 -0.3170 -0.3184 -0.3197 -0.3211 -0.3224 -0.3238 -0.3251 -0.3264 -0.3277 -0.3290 -0.3302 -0.3312 -0.3317 -0.3312 -0.3302 -0.3290 -0.3277 -0.3264 -0.3251 -0.3238 -0.3224 -0.3211 -0.3197 -0.3184 -0.3170 -0.3157 -0.3144 -0.3131 -0.3119 -0.3106 -0.3094 -0.3083 -0.3072 -0.3061 -0.3051 -0.3041 -0.3031 -0.3022 -0.3013 -0.3004 -0.2994 -0.2985 -0.2975 -0.2965 -0.2956 -0.2946 -0.2937 -0.2928 -0.2919 -0.2911 -0.2902 -0.2893 -0.2884 -0.2875 -0.2866 -0.2857 -0.2848 -0.2838 -0.2829 -0.2820 -0.2810 -0.2790 -0.2641
-0.2672 -0.2817 -0.2837 -0.2846 -0.2855 -0.2865 -0.2874 -0.2883 -0.2892 -0.2901 -0.2909 -0.2918 -0.2927 -0.2935 -0.2944 -0.2952 -0.2961 -0.2970 -0.2979 -0.2988 -0.2998 -0.3007 -0.3017 -0.3026 -0.3035 -0.3044 -0.3053 -0.3062 -0.3071 -0.3081 -0.3091 -0.3101 -0.3112 -0.3123 -0.3134 -0.3146 -0.3158 -0.3170 -0.3183 -0.3195 -0.3208 -0.3221 -0.3234 -0.3246 -0.3259 -0.3271 -0.3284 -0.3295 -0.3307 -0.3317 -0.3321 -0.3317 -0.3307 -0.3295 -0.3284 -0.3271 -0.3259 -0.3246 -0.3234 -0.3221 -0.3208 -0.3195 -0.3183 -0.3170 -0.3158 -0.3146 -0.3134 -0.3123 -0.3112 -0.3101 -0.3091 -0.3081 -0.3071 -0.3062 -0.3053 -0.3044 -0.3035 -0.3026 -0.3017 -0.3007 -0.2998 -0.2988 -0.2979 -0.2970 -0.2961 -0.2952 -0.2944 -0.2935 -0.2927 -0.2918 -0.2909 -0.2901 -0.2892 -0.2883 -0.2874 -0.2865 -0.2855 -0.2846 -0.2837 -0.2817 -0.2672
-0.2702 -0.2844 -0.2863 -0.2872 -0.2881 -0.2890 -0.2899 -0.2908 -0.2917 -0.2925 -0.2934 -0.2943 -0.2951 -0.2960 -0.2968 -0.2976 -0.2985 -0.2993 -0.3002 -0.3011 -0.3020 -0.3029 -0.3038 -0.3047 -0.3056 -0.3065 -0.3074 -0.3083 -0.3091 -0.3100 -0.3110 -0.3119 -0.3129 -0.3139 -0.3150 -0.3161 -0.3172 -0.3184 -0.3195 -0.3207 -0.3219 -0.3231 -0.3243 -0.3255 -0.3267 -0.3279 -0.3290 -0.3301 -0.3312 -0.3321 -0.3325 -0.3321 -0.3312 -0.3301 -0.3290 -0.3279 -0.3267 -0.3255 -0.3243 -0.3231 -0.3219 -0.3207 -0.3195 -0.3184 -0.3172 -0.3161 -0.3150 -0.3139 -0.3129 -0.3119 -0.3110 -0.3100 -0.3091 -0.3083 -0.3074 -0.3065 -0.3056 -0.3047 -0.3038 -0.3029 -0.3020 -0.3011 -0.3002 -0.2993 -0.2985 -0.2976 -0.2968 -0.2960 -0.2951 -0.2943 -0.2934 -0.2925 -0.2917 -0.2908 -0.2899 -0.2890 -0.2881 -0.2872 -0.2863 -0.2844 -0.2702
-0.2731 -0.2870 -0.2889 -0.2898 -0.2907 -0.2915 -0.2924 -0.2933 -0.2941 -0.2950 -0.2958 -0.2967 -0.2975 -0.2983 -0.2992 -0.3000 -0.3008 -0.3016 -0.3024 -0.3033 -0.3042 -0.3051 -0.3060 -0.3069 -0.3077 -0.3086 -0.3094 -0.3103 -0.3111 -0.3120 -0.3128 -0.3137 -0.3147 -0.3156 -0.3166 -0.3176 -0.3187 -0.3197 -0.3208 -0.3219 -0.3230 -0.3241 -0.3253 -0.3264 -0.3275 -0.3286 -0.3297 -0.3307 -0.3317 -0.3326 -0.3329 -0.3326 -0.3317 -0.3307 -0.3297 -0.3286 -0.3275 -0.3264 -0.3253 -0.3241 -0.3230 -0.3219 -0.3208 -0.3197 -0.3187 -0.3176 -0.3166 -0.3156 -0.3147 -0.3137 -0.3128 -0.3120 -0.3111 -0.3103 -0.3094 -0.3086 -0.3077 -0.3069 -0.3060 -0.3051 -0.3042 -0.3033 -0.3024 -0.3016 -0.3008 -0.3000 -0.2992 -0.2983 -0.2975 -0.2967 -0.2958 -0.2950 -0.2941 -0.2933 -0.2924 -0.2915 -0.2907 -0.2898 -0.2889 -0.2870 -0.2731
-0.2759 -0.2895 -0.2914 -0.2923 -0.2931 -0.2940 -0.2949 -0.2957 -0.2965 -0.2974 -0.2982 -0.2990 -0.2999 -0.3007 -0.3015 -0.3023 -0.3031 -0.3038 -0.3047 -0.3055 -0.3064 -0.3072 -0.3081 -0.3089 -0.3098 -0.3106 -0.3115 -0.3123 -0.3131 -0.3139 -0.3147 -0.3155 -0.3164 -0.3173 -0.3182 -0.3191 -0.3201 -0.3211 -0.3221 -0.3231 -0.3241 -0.3252 -0.3262 -0.3273 -0.3283 -0.3293 -0.3303 -0.3313 -0.3322 -0.3330 -0.3333 -0.3330 -0.3322 -0.3313 -0.3303 -0.3293 -0.3283 -0.3273 -0.3262 -0.3252 -0.3241 -0.3231 -0.3221 -0.3211 -0.3201 -0.3191 -0.3182 -0.3173 -0.3164 -0.3155 -0.3147 -0.3139 -0.3131 -0.3123 -0.3115 -0.3106 -0.3098 -0.3089 -0.3081 -0.3072 -0.3064 -0.3055 -0.3047 -0.3038 -0.3031 -0.3023 -0.3015 -0.3007 -0.2999 -0.2990 -0.2982 -0.2974 -0.2965 -0.2957 -0.2949 -0.2940 -0.2931 -0.2923 -0.2914 -0.2895 -0.2759
-0.2787 -0.2920 -0.2939 -0.2947 -0.2956 -0.2964 -0.2973 -0.2981 -0.2989 -0.2997 -0.3005 -0.3013 -0.3021 -0.3029 -0.3037 -0.3045 -0.3053 -0.3060 -0.3068 -0.3076 -0.3085 -0.3093 -0.3101 -0.3110 -0.3118 -0.3126 -0.3134 -0.3142 -0.3150 -0.3158 -0.3165 -0.3173 -0.3181 -0.3189 -0.3198 -0.3206 -0.3215 -0.3224 -0.3234 -0.3243 -0.3253 -0.3262 -0.3272 -0.3282 -0.3291 -0.3301 -0.3310 -0.3319 -0.3327 -0.3334 -0.3337 -0.3334 -0.3327 -0.3319 -0.3310 -0.3301 -0.3291 -0.3282 -0.3272 -0.3262 -0.3253 -0.3243 -0.3234 -0.3224 -0.3215 -0.3206 -0.3198 -0.3189 -0.3181 -0.3173 -0.3165 -0.3158 -0.3150 -0.3142 -0.3134 -0.3126 -0.3118 -0.3110 -0.3101 -0.3093 -0.3085 -0.3076 -0.3068 -0.3060 -0.3053 -0.3045 -0.3037 -0.3029 -0.3021 -0.3013 -0.3005 -0.2997 -0.2989 -0.2981 -0.2973 -0.2964 -0.2956 -0.2947 -0.2939 -0.2920 -0.2787
-0.2814 -0.2945 -0.2963 -0.2971 -0.2980 -0.2988 -0.2996 -0.3004 -0.3012 -0.3020 -0.3028 -0.3036 -0.3044 -0.3052 -0.3059 -0.3067 -0.3074 -0.3082 -0.3089 -0.3097 -0.3105 -0.3113 -0.3121 -0.3129 -0.3137 -0.3145 -0.3153 -0.3161 -0.3168 -0.3176 -0.3183 -0.3191 -0.3198 -0.3206 -0.3213 -0.3221 -0.3229 -0.3238 -0.3246 -0.3255 -0.3264 -0.3273 -0.3282 -0.3291 -0.3299 -0.3308 -0.3316 -0.3325 -0.3332 -0.3339 -0.3341 -0.3339 -0.3332 -0.3325 -0.3316 -0.3308 -0.3299 -0.3291 -0.3282 -0.3273 -0.3264 -0.3255 -0.3246 -0.3238 -0.3229 -0.3221 -0.3213 -0.3206 -0.3198 -0.3191 -0.3183 -0.3176 -0.3168 -0.3161 -0.3153 -0.3145 -0.3137 -0.3129 -0.3121 -0.3113 -0.3105 -0.3097 -0.3089 -0.3082 -0.3074 -0.3067 -0.3059 -0.3052 -0.3044 -0.3036 -0.3028 -0.3020 -0.3012 -0.3004 -0.2996 -0.2988 -0.2980 -0.2971 -0.2963 -0.2945 -0.2814
-0.2841 -0.2969 -0.2987 -0.2995 -0.3003 -0.3011 -0.3019 -0.3027 -0.3035 -0.3043 -0.3050 -0.3058 -0.3066 -0.3073 -0.3081 -0.3088 -0.3096 -0.3103 -0.3110 -0.3117 -0.3125 -0.3133 -0.3140 -0.3148 -0.3156 -0.3164 -0.3171 -0.3179 -0.3186 -0.3194 -0.3201 -0.3208 -0.3215 -0.3222 -0.3229 -0.3236 -0.3244 -0.3251 -0.3259 -0.3267 -0.3275 -0.3283 -0.3291 -0.3299 -0.3307 -0.3315 -0.3323 -0.3330 -0.3337 -0.3343 -0.3345 -0.3343 -0.3337 -0.3330 -0.3323 -0.3315 -0.3307 -0.3299 -0.3291 -0.3283 -0.3275 -0.3267 -0.3259 -0.3251 -0.3244 -0.3236 -0.3229 -0.3222 -0.3215 -0.3208 -0.3201 -0.3194 -0.3186 -0.3179 -0.3171 -0.3164 -0.3156 -0.3148 -0.3140 -0.3133 -0.3125 -0.3117 -0.3110 -0.3103 -0.3096 -0.3088 -0.3081 -0.3073 -0.3066 -0.3058 -0.3050 -0.3043 -0.3035 -0.3027 -0.3019 -0.3011 -0.3003 -0.2995 -0.2987 -0.2969 -0.2841
-0.2867 -0.2992 -0.3010 -0.3018 -0.3026 -0.3034 -0.3041 -0.3049 -0.3057 -0.3065 -0.3072 -0.3080 -0.3087 -0.3094 -0.3102 -0.3109 -0.3116 -0.3123 -0.3130 -0.3137 -0.3145 -0.3152 -0.3159 -0.3167 -0.3174 -0.3182 -0.3189 -0.3197 -0.3204 -0.3211 -0.3218 -0.3224 -0.3231 -0.3237 -0.3244 -0.3251 -0.3257 -0.3264 -0.3271 -0.3279 -0.3286 -0.3293 -0.3301 -0.3308 -0.3315 -0.3322 -0.3329 -0.3336 -0.3342 -0.3347 -0.3349 -0.3347 -0.3342 -0.3336 -0.3329 -0.3322 -0.3315 -0.3308 -0.3301 -0.3293 -0.3286 -0.3279 -0.3271 -0.3264 -0.3257 -0.3251 -0.3244 -0.3237 -0.3231 -0.3224 -0.3218 -0.3211 -0.3204 -0.3197 -0.3189 -0.3182 -0.3174 -0.3167 -0.3159 -0.3152 -0.3145 -0.3137 -0.3130 -0.3123 -0.3116 -0.3109 -0.3102 -0.3094 -0.3087 -0.3080 -0.3072 -0.3065 -0.3057 -0.3049 -0.3041 -0.3034 -0.3026 -0.3018 -0.3010 -0.2992 -0.2867
-0.2893 -0.3015 -0.3033 -0.3040 -0.3048 -0.3056 -0.3063 -0.3071 -0.3079 -0.3086 -0.3093 -0.3101 -0.3108 -0.3115 -0.3122 -0.3129 -0.3136 -0.3143 -0.3150 -0.3157 -0.3164 -0.3170 -0.3178 -0.3185 -0.3192 -0.3199 -0.3206 -0.3213 -0.3220 -0.3227 -0.3234 -0.3240 -0.3246 -0.3253 -0.3259 -0.3265 -0.3271 -0.3277 -0.3284 -0.3290 -0.3297 -0.3303 -0.3310 -0.3316 -0.3323 -0.3329 -0.3335 -0.3341 -0.3346 -0.3351 -0.3353 -0.3351 -0.3346 -0.3341 -0.3335 -0.3329 -0.3323 -0.3316 -0.3310 -0.3303 -0.3297 -0.3290 -0.3284 -0.3277 -0.3271 -0.3265 -0.3259 -0.3253 -0.3246 -0.3240 -0.3234 -0.3227 -0.3220 -0.3213 -0.3206 -0.3199 -0.3192 -0.3185 -0.3178 -0.3170 -0.3164 -0.3157 -0.3150 -0.3143 -0.3136 -0.3129 -0.3122 -0.3115 -0.3108 -0.3101 -0.3093 -0.3086 -0.3079 -0.3071 -0.3063 -0.3056 -0.3048 -0.3040 -0.3033 -0.3015 -0.2893
-0.2918 -0.3038 -0.3055 -0.3062 -0.3070 -0.3077 -0.3085 -0.3092 -0.3100 -0.3107 -0.3114 -0.3121 -0.3128 -0.3135 -0.3142 -0.3149 -0.3156 -0.3162 -0.3169 -0.3175 -0.3182 -0.3189 -0.3195 -0.3202 -0.3209 -0.3216 -0.3223 -0.3230 -0.3236 -0.3243 -0.3249 -0.3255 -0.3261 -0.3267 -0.3273 -0.3278 -0.3284 -0.3290 -0.3295 -0.3301 -0.3307 -0.3313 -0.3319 -0.3325 -0.3330 -0.3336 -0.3341 -0.3346 -0.3351 -0.3354 -0.3356 -0.3354 -0.3351 -0.3346 -0.3341 -0.3336 -0.3330 -0.3325 -0.3319 -0.3313 -0.3307 -0.3301 -0.3295 -0.3290 -0.3284 -0.3278 -0.3273 -0.3267 -0.3261 -0.3255 -0.3249 -0.3243 -0.3236 -0.3230 -0.3223 -0.3216 -0.3209 -0.3202 -0.3195 -0.3189 -0.3182 -0.3175 -0.3169 -0.3162 -0.3156 -0.3149 -0.3142 -0.3135 -0.3128 -0.3121 -0.3114 -0.3107 -0.3100 -0.3092 -0.3085 -0.3077 -0.3070 -0.3062 -0.3055 -0.3038 -0.2918
-0.2943 -0.3060 -0.3076 -0.3084 -0.3091 -0.3099 -0.3106 -0.3113 -0.3120 -0.3127 -0.3134 -0.3141 -0.3148 -0.3155 -0.3161 -0.3168 -0.3175 -0.3181 -0.3187 -0.3194 -0.3200 -0.3206 -0.3213 -0.3219 -0.3226 -0.3232 -0.3239 -0.3245 -0.3251 -0.3258 -0.3264 -0.3269 -0.3275 -0.3281 -0.3286 -0.3291 -0.3296 -0.3302 -0.3307 -0.3312 -0.3317 -0.3322 -0.3327 -0.3332 -0.3337 -0.3342 -0.3346 -0.3351 -0.3354 -0.3357 -0.3359 -0.3357 -0.3354 -0.3351 -0.3346 -0.3342 -0.3337 -0.3332 -0.3327 -0.3322 -0.3317 -0.3312 -0.3307 -0.3302 -0.3296 -0.3291 -0.3286 -0.3281 -0.3275 -0.3269 -0.3264 -0.3258 -0.3251 -0.3245 -0.3239 -0.3232 -0.3226 -0.3219 -0.3213 -0.3206 -0.3200 -0.3194 -0.3187 -0.3181 -0.3175 -0.3168 -0.3161 -0.3155 -0.3148 -0.3141 -0.3134 -0.3127 -0.3120 -0.3113 -0.3106 -0.3099 -0.3091 -0.3084 -0.3076 -0.3060 -0.2943
-0.2965 -0.3081 -0.3097 -0.3104 -0.3111 -0.3118 -0.3125 -0.3132 -0.3139 -0.3146 -0.3153 -0.3160 -0.3166 -0.3173 -0.3179 -0.3186 -0.3192 -0.3198 -0.3204 -0.3210 -0.3216 -0.3222 -0.3228 -0.3234 -0.3241 -0.3247 -0.3253 -0.3259 -0.3265 -0.3271 -0.3277 -0.3282 -0.3288 -0.3293 -0.3298 -0.3303 -0.3307 -0.3312 -0.3317 -0.3321 -0.3326 -0.3330 -0.3334 -0.3339 -0.3343 -0.3347 -0.3351 -0.3354 -0.3357 -0.3360 -0.3361 -0.3360 -0.3357 -0.3354 -0.3351 -0.3347 -0.3343 -0.3339 -0.3334 -0.3330 -0.3326 -0.3321 -0.3317 -0.3312 -0.3307 -0.3303 -0.3298 -0.3293 -0.3288 -0.3282 -0.3277 -0.3271 -0.3265 -0.3259 -0.3253 -0.3247 -0.3241 -0.3234 -0.3228 -0.3222 -0.3216 -0.3210 -0.3204 -0.3198 -0.3192 -0.3186 -0.3179 -0.3173 -0.3166 -0.3160 -0.3153 -0.3146 -0.3139 -0.3132 -0.3125 -0.3118 -0.3111 -0.3104 -0.3097 -0.3081 -0.2965
