0.0750 0.0838 0.0877 0.0895 0.0915 0.0936 0.0957 0.0979 0.1001 0.1025 0.1049 0.1074 0.1100 0.1127 0.1155 0.1183 0.1212 0.1243 0.1274 0.1306 0.1339 0.1373 0.1407 0.1443 0.1480 0.1518 0.1556 0.1596 0.1636 0.1678 0.1720 0.1764 0.1808 0.1853 0.1899 0.1946 0.1993 0.2042 0.2091 0.2140 0.2191 0.2242 0.2293 0.2345 0.2397 0.2449 0.2502 0.2555 0.2608 0.2658 0.2675 0.2658 0.2608 0.2555 0.2502 0.2449 0.2397 0.2345 0.2293 0.2242 0.2191 0.2140 0.2091 0.2042 0.1993 0.1946 0.1899 0.1853 0.1808 0.1764 0.1720 0.1678 0.1636 0.1596 0.1556 0.1518 0.1480 0.1443 0.1407 0.1373 0.1339 0.1306 0.1274 0.1243 0.1212 0.1183 0.1155 0.1127 0.1100 0.1074 0.1049 0.1025 0.1001 0.0979 0.0957 0.0936 0.0915 0.0895 0.0877 0.0838 0.0750
0.0838 0.0959 0.0987 0.1007 0.1029 0.1052 0.1077 0.1103 0.1130 0.1157 0.1186 0.1215 0.1245 0.1277 0.1309 0.1342 0.1376 0.1411 0.1447 0.1483 0.1521 0.1560 0.1600 0.1640 0.1682 0.1725 0.1768 0.1812 0.1858 0.1904 0.1951 0.1999 0.2047 0.2096 0.2146 0.2197 0.2248 0.2299 0.2351 0.2404 0.2456 0.2509 0.2562 0.2615 0.2668 0.2721 0.2773 0.2825 0.2877 0.2925 0.2946 0.2925 0.2877 0.2825 0.2773 0.2721 0.2668 0.2615 0.2562 0.2509 0.2456 0.2404 0.2351 0.2299 0.2248 0.2197 0.2146 0.2096 0.2047 0.1999 0.1951 0.1904 0.1858 0.1812 0.1768 0.1725 0.1682 0.1640 0.1600 0.1560 0.1521 0.1483 0.1447 0.1411 0.1376 0.1342 0.1309 0.1277 0.1245 0.1215 0.1186 0.1157 0.1130 0.1103 0.1077 0.1052 0.1029 0.1007 0.0987 0.0959 0.0838
0.0877 0.0987 0.1012 0.1030 0.1051 0.1074 0.1098 0.1124 0.1151 0.1179 0.1208 0.1238 0.1269 0.1301 0.1333 0.1367 0.1402 0.1438 0.1474 0.1512 0.1550 0.1590 0.1630 0.1672 0.1714 0.1757 0.1801 0.1847 0.1892 0.1939 0.1987 0.2035 0.2084 0.2134 0.2184 0.2235 0.2287 0.2339 0.2391 0.2444 0.2496 0.2549 0.2602 0.2655 0.2708 0.2761 0.2813 0.2865 0.2916 0.2963 0.2984 0.2963 0.2916 0.2865 0.2813 0.2761 0.2708 0.2655 0.2602 0.2549 0.2496 0.2444 0.2391 0.2339 0.2287 0.2235 0.2184 0.2134 0.2084 0.2035 0.1987 0.1939 0.1892 0.1847 0.1801 0.1757 0.1714 0.1672 0.1630 0.1590 0.1550 0.1512 0.1474 0.1438 0.1402 0.1367 0.1333 0.1301 0.1269 0.1238 0.1208 0.1179 0.1151 0.1124 0.1098 0.1074 0.1051 0.1030 0.1012 0.0987 0.0877
0.0895 0.1007 0.1030 0.1047 0.1066 0.1087 0.1111 0.1136 0.1163 0.1190 0.1219 0.1249 0.1280 0.1312 0.1345 0.1379 0.1414 0.1450 0.1487 0.1525 0.1564 0.1604 0.1644 0.1686 0.1729 0.1772 0.1817 0.1862 0.1909 0.1956 0.2003 0.2052 0.2101 0.2151 0.2202 0.2253 0.2305 0.2357 0.2409 0.2462 0.2515 0.2568 0.2621 0.2674 0.2726 0.2779 0.2831 0.2882 0.2933 0.2980 0.3001 0.2980 0.2933 0.2882 0.2831 0.2779 0.2726 0.2674 0.2621 0.2568 0.2515 0.2462 0.2409 0.2357 0.2305 0.2253 0.2202 0.2151 0.2101 0.2052 0.2003 0.1956 0.1909 0.1862 0.1817 0.1772 0.1729 0.1686 0.1644 0.1604 0.1564 0.1525 0.1487 0.1450 0.1414 0.1379 0.1345 0.1312 0.1280 0.1249 0.1219 0.1190 0.1163 0.1136 0.1111 0.1087 0.1066 0.1047 0.1030 0.1007 0.0895
0.0915 0.1029 0.1051 0.1066 0.1084 0.1104 0.1125 0.1150 0.1175 0.1202 0.1231 0.1261 0.1292 0.1324 0.1357 0.1391 0.1427 0.1463 0.1500 0.1539 0.1578 0.1618 0.1659 0.1701 0.1744 0.1788 0.1833 0.1878 0.1925 0.1972 0.2020 0.2069 0.2119 0.2169 0.2220 0.2271 0.2323 0.2375 0.2428 0.2480 0.2533 0.2586 0.2639 0.2692 0.2745 0.2797 0.2849 0.2900 0.2951 0.2998 0.3018 0.2998 0.2951 0.2900 0.2849 0.2797 0.2745 0.2692 0.2639 0.2586 0.2533 0.2480 0.2428 0.2375 0.2323 0.2271 0.2220 0.2169 0.2119 0.2069 0.2020 0.1972 0.1925 0.1878 0.1833 0.1788 0.1744 0.1701 0.1659 0.1618 0.1578 0.1539 0.1500 0.1463 0.1427 0.1391 0.1357 0.1324 0.1292 0.1261 0.1231 0.1202 0.1175 0.1150 0.1125 0.1104 0.1084 0.1066 0.1051 0.1029 0.0915
0.0936 0.1052 0.1074 0.1087 0.1104 0.1121 0.1142 0.1165 0.1190 0.1216 0.1244 0.1274 0.1305 0.1336 0.1370 0.1404 0.1440 0.1476 0.1514 0.1552 0.1592 0.1632 0.1674 0.1716 0.1759 0.1804 0.1849 0.1895 0.1942 0.1989 0.2037 0.2087 0.2136 0.2187 0.2238 0.2289 0.2341 0.2393 0.2446 0.2499 0.2552 0.2605 0.2658 0.2711 0.2763 0.2815 0.2867 0.2918 0.2968 0.3015 0.3035 0.3015 0.2968 0.2918 0.2867 0.2815 0.2763 0.2711 0.2658 0.2605 0.2552 0.2499 0.2446 0.2393 0.2341 0.2289 0.2238 0.2187 0.2136 0.2087 0.2037 0.1989 0.1942 0.1895 0.1849 0.1804 0.1759 0.1716 0.1674 0.1632 0.1592 0.1552 0.1514 0.1476 0.1440 0.1404 0.1370 0.1336 0.1305 0.1274 0.1244 0.1216 0.1190 0.1165 0.1142 0.1121 0.1104 0.1087 0.1074 0.1052 0.0936
0.0957 0.1077 0.1098 0.1111 0.1125 0.1142 0.1161 0.1183 0.1206 0.1232 0.1259 0.1288 0.1318 0.1350 0.1384 0.1417 0.1453 0.1490 0.1527 0.1566 0.1606 0.1647 0.1688 0.1731 0.1775 0.1819 0.1865 0.1911 0.1958 0.2006 0.2055 0.2104 0.2154 0.2205 0.2256 0.2307 0.2360 0.2412 0.2465 0.2518 0.2571 0.2624 0.2676 0.2729 0.2782 0.2834 0.2885 0.2935 0.2985 0.3031 0.3052 0.3031 0.2985 0.2935 0.2885 0.2834 0.2782 0.2729 0.2676 0.2624 0.2571 0.2518 0.2465 0.2412 0.2360 0.2307 0.2256 0.2205 0.2154 0.2104 0.2055 0.2006 0.1958 0.1911 0.1865 0.1819 0.1775 0.1731 0.1688 0.1647 0.1606 0.1566 0.1527 0.1490 0.1453 0.1417 0.1384 0.1350 0.1318 0.1288 0.1259 0.1232 0.1206 0.1183 0.1161 0.1142 0.1125 0.1111 0.1098 0.1077 0.0957
0.0979 0.1103 0.1124 0.1136 0.1150 0.1165 0.1183 0.1203 0.1225 0.1249 0.1276 0.1304 0.1334 0.1365 0.1398 0.1432 0.1467 0.1504 0.1542 0.1581 0.1620 0.1661 0.1703 0.1746 0.1790 0.1835 0.1881 0.1928 0.1975 0.2023 0.2072 0.2121 0.2172 0.2223 0.2274 0.2326 0.2378 0.2430 0.2483 0.2536 0.2589 0.2642 0.2695 0.2748 0.2800 0.2852 0.2903 0.2953 0.3003 0.3048 0.3068 0.3048 0.3003 0.2953 0.2903 0.2852 0.2800 0.2748 0.2695 0.2642 0.2589 0.2536 0.2483 0.2430 0.2378 0.2326 0.2274 0.2223 0.2172 0.2121 0.2072 0.2023 0.1975 0.1928 0.1881 0.1835 0.1790 0.1746 0.1703 0.1661 0.1620 0.1581 0.1542 0.1504 0.1467 0.1432 0.1398 0.1365 0.1334 0.1304 0.1276 0.1249 0.1225 0.1203 0.1183 0.1165 0.1150 0.1136 0.1124 0.1103 0.0979
0.1001 0.1130 0.1151 0.1163 0.1175 0.1190 0.1206 0.1225 0.1245 0.1269 0.1294 0.1321 0.1350 0.1381 0.1414 0.1448 0.1482 0.1519 0.1557 0.1596 0.1636 0.1677 0.1719 0.1762 0.1806 0.1851 0.1897 0.1944 0.1992 0.2040 0.2089 0.2139 0.2190 0.2241 0.2292 0.2344 0.2396 0.2449 0.2502 0.2555 0.2608 0.2661 0.2714 0.2766 0.2818 0.2870 0.2920 0.2970 0.3020 0.3065 0.3084 0.3065 0.3020 0.2970 0.2920 0.2870 0.2818 0.2766 0.2714 0.2661 0.2608 0.2555 0.2502 0.2449 0.2396 0.2344 0.2292 0.2241 0.2190 0.2139 0.2089 0.2040 0.1992 0.1944 0.1897 0.1851 0.1806 0.1762 0.1719 0.1677 0.1636 0.1596 0.1557 0.1519 0.1482 0.1448 0.1414 0.1381 0.1350 0.1321 0.1294 0.1269 0.1245 0.1225 0.1206 0.1190 0.1175 0.1163 0.1151 0.1130 0.1001
0.1025 0.1157 0.1179 0.1190 0.1202 0.1216 0.1232 0.1249 0.1269 0.1290 0.1315 0.1341 0.1369 0.1399 0.1431 0.1464 0.1498 0.1535 0.1572 0.1612 0.1652 0.1692 0.1735 0.1778 0.1822 0.1867 0.1914 0.1961 0.2009 0.2057 0.2107 0.2157 0.2207 0.2259 0.2310 0.2362 0.2415 0.2468 0.2520 0.2573 0.2626 0.2679 0.2732 0.2784 0.2836 0.2888 0.2938 0.2988 0.3036 0.3081 0.3100 0.3081 0.3036 0.2988 0.2938 0.2888 0.2836 0.2784 0.2732 0.2679 0.2626 0.2573 0.2520 0.2468 0.2415 0.2362 0.2310 0.2259 0.2207 0.2157 0.2107 0.2057 0.2009 0.1961 0.1914 0.1867 0.1822 0.1778 0.1735 0.1692 0.1652 0.1612 0.1572 0.1535 0.1498 0.1464 0.1431 0.1399 0.1369 0.1341 0.1315 0.1290 0.1269 0.1249 0.1232 0.1216 0.1202 0.1190 0.1179 0.1157 0.1025
0.1049 0.1186 0.1208 0.1219 0.1231 0.1244 0.1259 0.1276 0.1294 0.1315 0.1337 0.1362 0.1389 0.1418 0.1449 0.1481 0.1516 0.1551 0.1589 0.1628 0.1668 0.1709 0.1752 0.1795 0.1839 0.1884 0.1930 0.1977 0.2026 0.2075 0.2124 0.2174 0.2225 0.2277 0.2328 0.2381 0.2433 0.2486 0.2539 0.2592 0.2645 0.2698 0.2750 0.2803 0.2854 0.2905 0.2956 0.3005 0.3053 0.3097 0.3116 0.3097 0.3053 0.3005 0.2956 0.2905 0.2854 0.2803 0.2750 0.2698 0.2645 0.2592 0.2539 0.2486 0.2433 0.2381 0.2328 0.2277 0.2225 0.2174 0.2124 0.2075 0.2026 0.1977 0.1930 0.1884 0.1839 0.1795 0.1752 0.1709 0.1668 0.1628 0.1589 0.1551 0.1516 0.1481 0.1449 0.1418 0.1389 0.1362 0.1337 0.1315 0.1294 0.1276 0.1259 0.1244 0.1231 0.1219 0.1208 0.1186 0.1049
0.1074 0.1215 0.1238 0.1249 0.1261 0.1274 0.1288 0.1304 0.1321 0.1341 0.1362 0.1386 0.1411 0.1439 0.1469 0.1500 0.1534 0.1570 0.1607 0.1646 0.1686 0.1727 0.1769 0.1812 0.1857 0.1902 0.1948 0.1995 0.2043 0.2092 0.2142 0.2192 0.2243 0.2295 0.2347 0.2399 0.2452 0.2505 0.2558 0.2611 0.2664 0.2716 0.2769 0.2821 0.2872 0.2923 0.2973 0.3022 0.3069 0.3113 0.3131 0.3113 0.3069 0.3022 0.2973 0.2923 0.2872 0.2821 0.2769 0.2716 0.2664 0.2611 0.2558 0.2505 0.2452 0.2399 0.2347 0.2295 0.2243 0.2192 0.2142 0.2092 0.2043 0.1995 0.1948 0.1902 0.1857 0.1812 0.1769 0.1727 0.1686 0.1646 0.1607 0.1570 0.1534 0.1500 0.1469 0.1439 0.1411 0.1386 0.1362 0.1341 0.1321 0.1304 0.1288 0.1274 0.1261 0.1249 0.1238 0.1215 0.1074
0.1100 0.1245 0.1269 0.1280 0.1292 0.1305 0.1318 0.1334 0.1350 0.1369 0.1389 0.1411 0.1435 0.1462 0.1491 0.1522 0.1554 0.1590 0.1626 0.1664 0.1704 0.1745 0.1787 0.1830 0.1875 0.1920 0.1967 0.2013 0.2061 0.2110 0.2160 0.2210 0.2261 0.2313 0.2365 0.2418 0.2470 0.2523 0.2576 0.2629 0.2682 0.2735 0.2787 0.2839 0.2890 0.2941 0.2990 0.3039 0.3086 0.3128 0.3147 0.3128 0.3086 0.3039 0.2990 0.2941 0.2890 0.2839 0.2787 0.2735 0.2682 0.2629 0.2576 0.2523 0.2470 0.2418 0.2365 0.2313 0.2261 0.2210 0.2160 0.2110 0.2061 0.2013 0.1967 0.1920 0.1875 0.1830 0.1787 0.1745 0.1704 0.1664 0.1626 0.1590 0.1554 0.1522 0.1491 0.1462 0.1435 0.1411 0.1389 0.1369 0.1350 0.1334 0.1318 0.1305 0.1292 0.1280 0.1269 0.1245 0.1100
0.1127 0.1277 0.1301 0.1312 0.1324 0.1336 0.1350 0.1365 0.1381 0.1399 0.1418 0.1439 0.1462 0.1487 0.1515 0.1544 0.1577 0.1610 0.1647 0.1684 0.1723 0.1763 0.1805 0.1849 0.1893 0.1939 0.1985 0.2033 0.2081 0.2129 0.2179 0.2229 0.2280 0.2331 0.2384 0.2436 0.2489 0.2542 0.2595 0.2648 0.2701 0.2753 0.2806 0.2857 0.2908 0.2958 0.3007 0.3055 0.3102 0.3144 0.3162 0.3144 0.3102 0.3055 0.3007 0.2958 0.2908 0.2857 0.2806 0.2753 0.2701 0.2648 0.2595 0.2542 0.2489 0.2436 0.2384 0.2331 0.2280 0.2229 0.2179 0.2129 0.2081 0.2033 0.1985 0.1939 0.1893 0.1849 0.1805 0.1763 0.1723 0.1684 0.1647 0.1610 0.1577 0.1544 0.1515 0.1487 0.1462 0.1439 0.1418 0.1399 0.1381 0.1365 0.1350 0.1336 0.1324 0.1312 0.1301 0.1277 0.1127
0.1155 0.1309 0.1333 0.1345 0.1357 0.1370 0.1384 0.1398 0.1414 0.1431 0.1449 0.1469 0.1491 0.1515 0.1541 0.1569 0.1600 0.1633 0.1668 0.1705 0.1743 0.1783 0.1825 0.1868 0.1912 0.1958 0.2005 0.2052 0.2100 0.2149 0.2198 0.2248 0.2299 0.2351 0.2402 0.2455 0.2508 0.2561 0.2614 0.2666 0.2719 0.2772 0.2824 0.2875 0.2926 0.2976 0.3024 0.3072 0.3117 0.3159 0.3176 0.3159 0.3117 0.3072 0.3024 0.2976 0.2926 0.2875 0.2824 0.2772 0.2719 0.2666 0.2614 0.2561 0.2508 0.2455 0.2402 0.2351 0.2299 0.2248 0.2198 0.2149 0.2100 0.2052 0.2005 0.1958 0.1912 0.1868 0.1825 0.1783 0.1743 0.1705 0.1668 0.1633 0.1600 0.1569 0.1541 0.1515 0.1491 0.1469 0.1449 0.1431 0.1414 0.1398 0.1384 0.1370 0.1357 0.1345 0.1333 0.1309 0.1155
0.1183 0.1342 0.1367 0.1379 0.1391 0.1404 0.1417 0.1432 0.1448 0.1464 0.1481 0.1500 0.1522 0.1544 0.1569 0.1596 0.1626 0.1657 0.1692 0.1727 0.1765 0.1804 0.1845 0.1887 0.1932 0.1977 0.2024 0.2072 0.2120 0.2169 0.2218 0.2269 0.2319 0.2370 0.2422 0.2474 0.2527 0.2579 0.2632 0.2685 0.2738 0.2790 0.2842 0.2893 0.2944 0.2993 0.3041 0.3088 0.3133 0.3174 0.3190 0.3174 0.3133 0.3088 0.3041 0.2993 0.2944 0.2893 0.2842 0.2790 0.2738 0.2685 0.2632 0.2579 0.2527 0.2474 0.2422 0.2370 0.2319 0.2269 0.2218 0.2169 0.2120 0.2072 0.2024 0.1977 0.1932 0.1887 0.1845 0.1804 0.1765 0.1727 0.1692 0.1657 0.1626 0.1596 0.1569 0.1544 0.1522 0.1500 0.1481 0.1464 0.1448 0.1432 0.1417 0.1404 0.1391 0.1379 0.1367 0.1342 0.1183
0.1212 0.1376 0.1402 0.1414 0.1427 0.1440 0.1453 0.1467 0.1482 0.1498 0.1516 0.1534 0.1554 0.1577 0.1600 0.1626 0.1653 0.1684 0.1717 0.1751 0.1788 0.1826 0.1867 0.1908 0.1952 0.1998 0.2044 0.2092 0.2140 0.2189 0.2239 0.2289 0.2340 0.2391 0.2443 0.2494 0.2546 0.2599 0.2651 0.2704 0.2756 0.2808 0.2860 0.2911 0.2961 0.3010 0.3058 0.3104 0.3148 0.3188 0.3204 0.3188 0.3148 0.3104 0.3058 0.3010 0.2961 0.2911 0.2860 0.2808 0.2756 0.2704 0.2651 0.2599 0.2546 0.2494 0.2443 0.2391 0.2340 0.2289 0.2239 0.2189 0.2140 0.2092 0.2044 0.1998 0.1952 0.1908 0.1867 0.1826 0.1788 0.1751 0.1717 0.1684 0.1653 0.1626 0.1600 0.1577 0.1554 0.1534 0.1516 0.1498 0.1482 0.1467 0.1453 0.1440 0.1427 0.1414 0.1402 0.1376 0.1212
0.1243 0.1411 0.1438 0.1450 0.1463 0.1476 0.1490 0.1504 0.1519 0.1535 0.1551 0.1570 0.1590 0.1610 0.1633 0.1657 0.1684 0.1713 0.1744 0.1777 0.1813 0.1851 0.1890 0.1931 0.1974 0.2019 0.2066 0.2113 0.2161 0.2210 0.2260 0.2310 0.2361 0.2412 0.2463 0.2515 0.2567 0.2619 0.2671 0.2723 0.2775 0.2827 0.2878 0.2929 0.2978 0.3027 0.3074 0.3120 0.3163 0.3202 0.3218 0.3202 0.3163 0.3120 0.3074 0.3027 0.2978 0.2929 0.2878 0.2827 0.2775 0.2723 0.2671 0.2619 0.2567 0.2515 0.2463 0.2412 0.2361 0.2310 0.2260 0.2210 0.2161 0.2113 0.2066 0.2019 0.1974 0.1931 0.1890 0.1851 0.1813 0.1777 0.1744 0.1713 0.1684 0.1657 0.1633 0.1610 0.1590 0.1570 0.1551 0.1535 0.1519 0.1504 0.1490 0.1476 0.1463 0.1450 0.1438 0.1411 0.1243
0.1274 0.1447 0.1474 0.1487 0.1500 0.1514 0.1527 0.1542 0.1557 0.1572 0.1589 0.1607 0.1626 0.1647 0.1668 0.1692 0.1717 0.1744 0.1774 0.1805 0.1840 0.1877 0.1915 0.1956 0.1998 0.2042 0.2088 0.2134 0.2182 0.2231 0.2281 0.2331 0.2382 0.2433 0.2485 0.2536 0.2588 0.2640 0.2691 0.2743 0.2794 0.2846 0.2896 0.2946 0.2996 0.3044 0.3090 0.3135 0.3178 0.3216 0.3231 0.3216 0.3178 0.3135 0.3090 0.3044 0.2996 0.2946 0.2896 0.2846 0.2794 0.2743 0.2691 0.2640 0.2588 0.2536 0.2485 0.2433 0.2382 0.2331 0.2281 0.2231 0.2182 0.2134 0.2088 0.2042 0.1998 0.1956 0.1915 0.1877 0.1840 0.1805 0.1774 0.1744 0.1717 0.1692 0.1668 0.1647 0.1626 0.1607 0.1589 0.1572 0.1557 0.1542 0.1527 0.1514 0.1500 0.1487 0.1474 0.1447 0.1274
0.1306 0.1483 0.1512 0.1525 0.1539 0.1552 0.1566 0.1581 0.1596 0.1612 0.1628 0.1646 0.1664 0.1684 0.1705 0.1727 0.1751 0.1777 0.1805 0.1836 0.1869 0.1905 0.1942 0.1982 0.2023 0.2067 0.2111 0.2157 0.2204 0.2252 0.2302 0.2352 0.2403 0.2455 0.2506 0.2558 0.2609 0.2661 0.2712 0.2764 0.2815 0.2865 0.2915 0.2965 0.3013 0.3060 0.3106 0.3150 0.3192 0.3229 0.3244 0.3229 0.3192 0.3150 0.3106 0.3060 0.3013 0.2965 0.2915 0.2865 0.2815 0.2764 0.2712 0.2661 0.2609 0.2558 0.2506 0.2455 0.2403 0.2352 0.2302 0.2252 0.2204 0.2157 0.2111 0.2067 0.2023 0.1982 0.1942 0.1905 0.1869 0.1836 0.1805 0.1777 0.1751 0.1727 0.1705 0.1684 0.1664 0.1646 0.1628 0.1612 0.1596 0.1581 0.1566 0.1552 0.1539 0.1525 0.1512 0.1483 0.1306
0.1339 0.1521 0.1550 0.1564 0.1578 0.1592 0.1606 0.1620 0.1636 0.1652 0.1668 0.1686 0.1704 0.1723 0.1743 0.1765 0.1788 0.1813 0.1840 0.1869 0.1901 0.1934 0.1971 0.2009 0.2050 0.2092 0.2136 0.2181 0.2227 0.2275 0.2324 0.2374 0.2425 0.2476 0.2528 0.2579 0.2631 0.2682 0.2733 0.2784 0.2835 0.2885 0.2935 0.2983 0.3031 0.3078 0.3122 0.3165 0.3206 0.3242 0.3256 0.3242 0.3206 0.3165 0.3122 0.3078 0.3031 0.2983 0.2935 0.2885 0.2835 0.2784 0.2733 0.2682 0.2631 0.2579 0.2528 0.2476 0.2425 0.2374 0.2324 0.2275 0.2227 0.2181 0.2136 0.2092 0.2050 0.2009 0.1971 0.1934 0.1901 0.1869 0.1840 0.1813 0.1788 0.1765 0.1743 0.1723 0.1704 0.1686 0.1668 0.1652 0.1636 0.1620 0.1606 0.1592 0.1578 0.1564 0.1550 0.1521 0.1339
0.1373 0.1560 0.1590 0.1604 0.1618 0.1632 0.1647 0.1661 0.1677 0.1692 0.1709 0.1727 0.1745 0.1763 0.1783 0.1804 0.1826 0.1851 0.1877 0.1905 0.1934 0.1967 0.2001 0.2039 0.2078 0.2119 0.2162 0.2205 0.2251 0.2298 0.2346 0.2396 0.2446 0.2497 0.2549 0.2601 0.2652 0.2704 0.2755 0.2806 0.2856 0.2905 0.2954 0.3002 0.3049 0.3095 0.3139 0.3181 0.3220 0.3255 0.3268 0.3255 0.3220 0.3181 0.3139 0.3095 0.3049 0.3002 0.2954 0.2905 0.2856 0.2806 0.2755 0.2704 0.2652 0.2601 0.2549 0.2497 0.2446 0.2396 0.2346 0.2298 0.2251 0.2205 0.2162 0.2119 0.2078 0.2039 0.2001 0.1967 0.1934 0.1905 0.1877 0.1851 0.1826 0.1804 0.1783 0.1763 0.1745 0.1727 0.1709 0.1692 0.1677 0.1661 0.1647 0.1632 0.1618 0.1604 0.1590 0.1560 0.1373
0.1407 0.1600 0.1630 0.1644 0.1659 0.1674 0.1688 0.1703 0.1719 0.1735 0.1752 0.1769 0.1787 0.1805 0.1825 0.1845 0.1867 0.1890 0.1915 0.1942 0.1971 0.2001 0.2035 0.2070 0.2108 0.2148 0.2189 0.2232 0.2276 0.2322 0.2369 0.2418 0.2468 0.2519 0.2571 0.2622 0.2674 0.2725 0.2776 0.2827 0.2877 0.2926 0.2974 0.3022 0.3068 0.3113 0.3155 0.3196 0.3234 0.3268 0.3280 0.3268 0.3234 0.3196 0.3155 0.3113 0.3068 0.3022 0.2974 0.2926 0.2877 0.2827 0.2776 0.2725 0.2674 0.2622 0.2571 0.2519 0.2468 0.2418 0.2369 0.2322 0.2276 0.2232 0.2189 0.2148 0.2108 0.2070 0.2035 0.2001 0.1971 0.1942 0.1915 0.1890 0.1867 0.1845 0.1825 0.1805 0.1787 0.1769 0.1752 0.1735 0.1719 0.1703 0.1688 0.1674 0.1659 0.1644 0.1630 0.1600 0.1407
0.1443 0.1640 0.1672 0.1686 0.1701 0.1716 0.1731 0.1746 0.1762 0.1778 0.1795 0.1812 0.1830 0.1849 0.1868 0.1887 0.1908 0.1931 0.1956 0.1982 0.2009 0.2039 0.2070 0.2104 0.2140 0.2178 0.2219 0.2260 0.2303 0.2347 0.2394 0.2442 0.2491 0.2541 0.2592 0.2644 0.2695 0.2746 0.2797 0.2847 0.2897 0.2946 0.2994 0.3041 0.3087 0.3130 0.3172 0.3211 0.3248 0.3279 0.3292 0.3279 0.3248 0.3211 0.3172 0.3130 0.3087 0.3041 0.2994 0.2946 0.2897 0.2847 0.2797 0.2746 0.2695 0.2644 0.2592 0.2541 0.2491 0.2442 0.2394 0.2347 0.2303 0.2260 0.2219 0.2178 0.2140 0.2104 0.2070 0.2039 0.2009 0.1982 0.1956 0.1931 0.1908 0.1887 0.1868 0.1849 0.1830 0.1812 0.1795 0.1778 0.1762 0.1746 0.1731 0.1716 0.1701 0.1686 0.1672 0.1640 0.1443
0.1480 0.1682 0.1714 0.1729 0.1744 0.1759 0.1775 0.1790 0.1806 0.1822 0.1839 0.1857 0.1875 0.1893 0.1912 0.1932 0.1952 0.1974 0.1998 0.2023 0.2050 0.2078 0.2108 0.2140 0.2174 0.2211 0.2249 0.2290 0.2331 0.2375 0.2420 0.2467 0.2515 0.2564 0.2615 0.2665 0.2716 0.2767 0.2818 0.2868 0.2918 0.2966 0.3014 0.3060 0.3105 0.3148 0.3189 0.3227 0.3262 0.3292 0.3303 0.3292 0.3262 0.3227 0.3189 0.3148 0.3105 0.3060 0.3014 0.2966 0.2918 0.2868 0.2818 0.2767 0.2716 0.2665 0.2615 0.2564 0.2515 0.2467 0.2420 0.2375 0.2331 0.2290 0.2249 0.2211 0.2174 0.2140 0.2108 0.2078 0.2050 0.2023 0.1998 0.1974 0.1952 0.1932 0.1912 0.1893 0.1875 0.1857 0.1839 0.1822 0.1806 0.1790 0.1775 0.1759 0.1744 0.1729 0.1714 0.1682 0.1480
0.1518 0.1725 0.1757 0.1772 0.1788 0.1804 0.1819 0.1835 0.1851 0.1867 0.1884 0.1902 0.1920 0.1939 0.1958 0.1977 0.1998 0.2019 0.2042 0.2067 0.2092 0.2119 0.2148 0.2178 0.2211 0.2245 0.2283 0.2321 0.2362 0.2404 0.2448 0.2494 0.2540 0.2588 0.2638 0.2688 0.2738 0.2789 0.2839 0.2889 0.2938 0.2986 0.3033 0.3079 0.3123 0.3165 0.3205 0.3242 0.3276 0.3304 0.3315 0.3304 0.3276 0.3242 0.3205 0.3165 0.3123 0.3079 0.3033 0.2986 0.2938 0.2889 0.2839 0.2789 0.2738 0.2688 0.2638 0.2588 0.2540 0.2494 0.2448 0.2404 0.2362 0.2321 0.2283 0.2245 0.2211 0.2178 0.2148 0.2119 0.2092 0.2067 0.2042 0.2019 0.1998 0.1977 0.1958 0.1939 0.1920 0.1902 0.1884 0.1867 0.1851 0.1835 0.1819 0.1804 0.1788 0.1772 0.1757 0.1725 0.1518
0.1556 0.1768 0.1801 0.1817 0.1833 0.1849 0.1865 0.1881 0.1897 0.1914 0.1930 0.1948 0.1967 0.1985 0.2005 0.2024 0.2044 0.2066 0.2088 0.2111 0.2136 0.2162 0.2189 0.2219 0.2249 0.2283 0.2317 0.2355 0.2394 0.2435 0.2478 0.2523 0.2568 0.2615 0.2663 0.2712 0.2761 0.2810 0.2860 0.2910 0.2958 0.3006 0.3053 0.3098 0.3141 0.3182 0.3221 0.3256 0.3289 0.3316 0.3326 0.3316 0.3289 0.3256 0.3221 0.3182 0.3141 0.3098 0.3053 0.3006 0.2958 0.2910 0.2860 0.2810 0.2761 0.2712 0.2663 0.2615 0.2568 0.2523 0.2478 0.2435 0.2394 0.2355 0.2317 0.2283 0.2249 0.2219 0.2189 0.2162 0.2136 0.2111 0.2088 0.2066 0.2044 0.2024 0.2005 0.1985 0.1967 0.1948 0.1930 0.1914 0.1897 0.1881 0.1865 0.1849 0.1833 0.1817 0.1801 0.1768 0.1556
0.1596 0.1812 0.1847 0.1862 0.1878 0.1895 0.1911 0.1928 0.1944 0.1961 0.1977 0.1995 0.2013 0.2033 0.2052 0.2072 0.2092 0.2113 0.2134 0.2157 0.2181 0.2205 0.2232 0.2260 0.2290 0.2321 0.2355 0.2391 0.2429 0.2468 0.2510 0.2553 0.2597 0.2642 0.2689 0.2737 0.2784 0.2833 0.2881 0.2930 0.2978 0.3026 0.3072 0.3116 0.3158 0.3198 0.3236 0.3270 0.3301 0.3327 0.3336 0.3327 0.3301 0.3270 0.3236 0.3198 0.3158 0.3116 0.3072 0.3026 0.2978 0.2930 0.2881 0.2833 0.2784 0.2737 0.2689 0.2642 0.2597 0.2553 0.2510 0.2468 0.2429 0.2391 0.2355 0.2321 0.2290 0.2260 0.2232 0.2205 0.2181 0.2157 0.2134 0.2113 0.2092 0.2072 0.2052 0.2033 0.2013 0.1995 0.1977 0.1961 0.1944 0.1928 0.1911 0.1895 0.1878 0.1862 0.1847 0.1812 0.1596
0.1636 0.1858 0.1892 0.1909 0.1925 0.1942 0.1958 0.1975 0.1992 0.2009 0.2026 0.2043 0.2061 0.2081 0.2100 0.2120 0.2140 0.2161 0.2182 0.2204 0.2227 0.2251 0.2276 0.2303 0.2331 0.2362 0.2394 0.2429 0.2465 0.2503 0.2543 0.2584 0.2627 0.2671 0.2716 0.2762 0.2809 0.2856 0.2903 0.2951 0.2998 0.3045 0.3090 0.3134 0.3175 0.3214 0.3250 0.3283 0.3313 0.3337 0.3345 0.3337 0.3313 0.3283 0.3250 0.3214 0.3175 0.3134 0.3090 0.3045 0.2998 0.2951 0.2903 0.2856 0.2809 0.2762 0.2716 0.2671 0.2627 0.2584 0.2543 0.2503 0.2465 0.2429 0.2394 0.2362 0.2331 0.2303 0.2276 0.2251 0.2227 0.2204 0.2182 0.2161 0.2140 0.2120 0.2100 0.2081 0.2061 0.2043 0.2026 0.2009 0.1992 0.1975 0.1958 0.1942 0.1925 0.1909 0.1892 0.1858 0.1636
0.1678 0.1904 0.1939 0.1956 0.1972 0.1989 0.2006 0.2023 0.2040 0.2057 0.2075 0.2092 0.2110 0.2129 0.2149 0.2169 0.2189 0.2210 0.2231 0.2252 0.2275 0.2298 0.2322 0.2347 0.2375 0.2404 0.2435 0.2468 0.2503 0.2539 0.2578 0.2617 0.2659 0.2701 0.2745 0.2790 0.2834 0.2880 0.2926 0.2972 0.3019 0.3064 0.3109 0.3151 0.3192 0.3230 0.3265 0.3296 0.3324 0.3346 0.3354 0.3346 0.3324 0.3296 0.3265 0.3230 0.3192 0.3151 0.3109 0.3064 0.3019 0.2972 0.2926 0.2880 0.2834 0.2790 0.2745 0.2701 0.2659 0.2617 0.2578 0.2539 0.2503 0.2468 0.2435 0.2404 0.2375 0.2347 0.2322 0.2298 0.2275 0.2252 0.2231 0.2210 0.2189 0.2169 0.2149 0.2129 0.2110 0.2092 0.2075 0.2057 0.2040 0.2023 0.2006 0.1989 0.1972 0.1956 0.1939 0.1904 0.1678
0.1720 0.1951 0.1987 0.2003 0.2020 0.2037 0.2055 0.2072 0.2089 0.2107 0.2124 0.2142 0.2160 0.2179 0.2198 0.2218 0.2239 0.2260 0.2281 0.2302 0.2324 0.2346 0.2369 0.2394 0.2420 0.2448 0.2478 0.2510 0.2543 0.2578 0.2613 0.2652 0.2691 0.2733 0.2775 0.2818 0.2861 0.2905 0.2950 0.2994 0.3039 0.3083 0.3127 0.3169 0.3208 0.3245 0.3278 0.3308 0.3334 0.3355 0.3362 0.3355 0.3334 0.3308 0.3278 0.3245 0.3208 0.3169 0.3127 0.3083 0.3039 0.2994 0.2950 0.2905 0.2861 0.2818 0.2775 0.2733 0.2691 0.2652 0.2613 0.2578 0.2543 0.2510 0.2478 0.2448 0.2420 0.2394 0.2369 0.2346 0.2324 0.2302 0.2281 0.2260 0.2239 0.2218 0.2198 0.2179 0.2160 0.2142 0.2124 0.2107 0.2089 0.2072 0.2055 0.2037 0.2020 0.2003 0.1987 0.1951 0.1720
0.1764 0.1999 0.2035 0.2052 0.2069 0.2087 0.2104 0.2121 0.2139 0.2157 0.2174 0.2192 0.2210 0.2229 0.2248 0.2269 0.2289 0.2310 0.2331 0.2352 0.2374 0.2396 0.2418 0.2442 0.2467 0.2494 0.2523 0.2553 0.2584 0.2617 0.2652 0.2688 0.2726 0.2765 0.2806 0.2848 0.2889 0.2931 0.2974 0.3017 0.3060 0.3103 0.3145 0.3185 0.3224 0.3259 0.3291 0.3319 0.3344 0.3363 0.3369 0.3363 0.3344 0.3319 0.3291 0.3259 0.3224 0.3185 0.3145 0.3103 0.3060 0.3017 0.2974 0.2931 0.2889 0.2848 0.2806 0.2765 0.2726 0.2688 0.2652 0.2617 0.2584 0.2553 0.2523 0.2494 0.2467 0.2442 0.2418 0.2396 0.2374 0.2352 0.2331 0.2310 0.2289 0.2269 0.2248 0.2229 0.2210 0.2192 0.2174 0.2157 0.2139 0.2121 0.2104 0.2087 0.2069 0.2052 0.2035 0.1999 0.1764
0.1808 0.2047 0.2084 0.2101 0.2119 0.2136 0.2154 0.2172 0.2190 0.2207 0.2225 0.2243 0.2261 0.2280 0.2299 0.2319 0.2340 0.2361 0.2382 0.2403 0.2425 0.2446 0.2468 0.2491 0.2515 0.2540 0.2568 0.2597 0.2627 0.2659 0.2691 0.2726 0.2762 0.2800 0.2838 0.2878 0.2918 0.2958 0.2999 0.3040 0.3082 0.3123 0.3163 0.3202 0.3239 0.3273 0.3303 0.3330 0.3353 0.3371 0.3376 0.3371 0.3353 0.3330 0.3303 0.3273 0.3239 0.3202 0.3163 0.3123 0.3082 0.3040 0.2999 0.2958 0.2918 0.2878 0.2838 0.2800 0.2762 0.2726 0.2691 0.2659 0.2627 0.2597 0.2568 0.2540 0.2515 0.2491 0.2468 0.2446 0.2425 0.2403 0.2382 0.2361 0.2340 0.2319 0.2299 0.2280 0.2261 0.2243 0.2225 0.2207 0.2190 0.2172 0.2154 0.2136 0.2119 0.2101 0.2084 0.2047 0.1808
0.1853 0.2096 0.2134 0.2151 0.2169 0.2187 0.2205 0.2223 0.2241 0.2259 0.2277 0.2295 0.2313 0.2331 0.2351 0.2370 0.2391 0.2412 0.2433 0.2455 0.2476 0.2497 0.2519 0.2541 0.2564 0.2588 0.2615 0.2642 0.2671 0.2701 0.2733 0.2765 0.2800 0.2835 0.2872 0.2910 0.2948 0.2987 0.3026 0.3065 0.3104 0.3144 0.3182 0.3219 0.3254 0.3286 0.3315 0.3340 0.3362 0.3378 0.3382 0.3378 0.3362 0.3340 0.3315 0.3286 0.3254 0.3219 0.3182 0.3144 0.3104 0.3065 0.3026 0.2987 0.2948 0.2910 0.2872 0.2835 0.2800 0.2765 0.2733 0.2701 0.2671 0.2642 0.2615 0.2588 0.2564 0.2541 0.2519 0.2497 0.2476 0.2455 0.2433 0.2412 0.2391 0.2370 0.2351 0.2331 0.2313 0.2295 0.2277 0.2259 0.2241 0.2223 0.2205 0.2187 0.2169 0.2151 0.2134 0.2096 0.1853
0.1899 0.2146 0.2184 0.2202 0.2220 0.2238 0.2256 0.2274 0.2292 0.2310 0.2328 0.2347 0.2365 0.2384 0.2402 0.2422 0.2443 0.2463 0.2485 0.2506 0.2528 0.2549 0.2571 0.2592 0.2615 0.2638 0.2663 0.2689 0.2716 0.2745 0.2775 0.2806 0.2838 0.2872 0.2907 0.2943 0.2979 0.3016 0.3053 0.3090 0.3128 0.3165 0.3201 0.3236 0.3269 0.3299 0.3326 0.3349 0.3369 0.3384 0.3387 0.3384 0.3369 0.3349 0.3326 0.3299 0.3269 0.3236 0.3201 0.3165 0.3128 0.3090 0.3053 0.3016 0.2979 0.2943 0.2907 0.2872 0.2838 0.2806 0.2775 0.2745 0.2716 0.2689 0.2663 0.2638 0.2615 0.2592 0.2571 0.2549 0.2528 0.2506 0.2485 0.2463 0.2443 0.2422 0.2402 0.2384 0.2365 0.2347 0.2328 0.2310 0.2292 0.2274 0.2256 0.2238 0.2220 0.2202 0.2184 0.2146 0.1899
0.1946 0.2197 0.2235 0.2253 0.2271 0.2289 0.2307 0.2326 0.2344 0.2362 0.2381 0.2399 0.2418 0.2436 0.2455 0.2474 0.2494 0.2515 0.2536 0.2558 0.2579 0.2601 0.2622 0.2644 0.2665 0.2688 0.2712 0.2737 0.2762 0.2790 0.2818 0.2848 0.2878 0.2910 0.2943 0.2976 0.3011 0.3046 0.3081 0.3116 0.3151 0.3186 0.3220 0.3253 0.3283 0.3312 0.3337 0.3358 0.3376 0.3389 0.3392 0.3389 0.3376 0.3358 0.3337 0.3312 0.3283 0.3253 0.3220 0.3186 0.3151 0.3116 0.3081 0.3046 0.3011 0.2976 0.2943 0.2910 0.2878 0.2848 0.2818 0.2790 0.2762 0.2737 0.2712 0.2688 0.2665 0.2644 0.2622 0.2601 0.2579 0.2558 0.2536 0.2515 0.2494 0.2474 0.2455 0.2436 0.2418 0.2399 0.2381 0.2362 0.2344 0.2326 0.2307 0.2289 0.2271 0.2253 0.2235 0.2197 0.1946
0.1993 0.2248 0.2287 0.2305 0.2323 0.2341 0.2360 0.2378 0.2396 0.2415 0.2433 0.2452 0.2470 0.2489 0.2508 0.2527 0.2546 0.2567 0.2588 0.2609 0.2631 0.2652 0.2674 0.2695 0.2716 0.2738 0.2761 0.2784 0.2809 0.2834 0.2861 0.2889 0.2918 0.2948 0.2979 0.3011 0.3043 0.3076 0.3109 0.3143 0.3176 0.3208 0.3240 0.3270 0.3298 0.3324 0.3347 0.3366 0.3383 0.3394 0.3396 0.3394 0.3383 0.3366 0.3347 0.3324 0.3298 0.3270 0.3240 0.3208 0.3176 0.3143 0.3109 0.3076 0.3043 0.3011 0.2979 0.2948 0.2918 0.2889 0.2861 0.2834 0.2809 0.2784 0.2761 0.2738 0.2716 0.2695 0.2674 0.2652 0.2631 0.2609 0.2588 0.2567 0.2546 0.2527 0.2508 0.2489 0.2470 0.2452 0.2433 0.2415 0.2396 0.2378 0.2360 0.2341 0.2323 0.2305 0.2287 0.2248 0.1993
0.2042 0.2299 0.2339 0.2357 0.2375 0.2393 0.2412 0.2430 0.2449 0.2468 0.2486 0.2505 0.2523 0.2542 0.2561 0.2579 0.2599 0.2619 0.2640 0.2661 0.2682 0.2704 0.2725 0.2746 0.2767 0.2789 0.2810 0.2833 0.2856 0.2880 0.2905 0.2931 0.2958 0.2987 0.3016 0.3046 0.3076 0.3107 0.3138 0.3169 0.3200 0.3230 0.3259 0.3287 0.3312 0.3336 0.3357 0.3374 0.3389 0.3399 0.3400 0.3399 0.3389 0.3374 0.3357 0.3336 0.3312 0.3287 0.3259 0.3230 0.3200 0.3169 0.3138 0.3107 0.3076 0.3046 0.3016 0.2987 0.2958 0.2931 0.2905 0.2880 0.2856 0.2833 0.2810 0.2789 0.2767 0.2746 0.2725 0.2704 0.2682 0.2661 0.2640 0.2619 0.2599 0.2579 0.2561 0.2542 0.2523 0.2505 0.2486 0.2468 0.2449 0.2430 0.2412 0.2393 0.2375 0.2357 0.2339 0.2299 0.2042
0.2091 0.2351 0.2391 0.2409 0.2428 0.2446 0.2465 0.2483 0.2502 0.2520 0.2539 0.2558 0.2576 0.2595 0.2614 0.2632 0.2651 0.2671 0.2691 0.2712 0.2733 0.2755 0.2776 0.2797 0.2818 0.2839 0.2860 0.2881 0.2903 0.2926 0.2950 0.2974 0.2999 0.3026 0.3053 0.3081 0.3109 0.3138 0.3167 0.3196 0.3224 0.3252 0.3279 0.3303 0.3327 0.3347 0.3366 0.3381 0.3394 0.3403 0.3403 0.3403 0.3394 0.3381 0.3366 0.3347 0.3327 0.3303 0.3279 0.3252 0.3224 0.3196 0.3167 0.3138 0.3109 0.3081 0.3053 0.3026 0.2999 0.2974 0.2950 0.2926 0.2903 0.2881 0.2860 0.2839 0.2818 0.2797 0.2776 0.2755 0.2733 0.2712 0.2691 0.2671 0.2651 0.2632 0.2614 0.2595 0.2576 0.2558 0.2539 0.2520 0.2502 0.2483 0.2465 0.2446 0.2428 0.2409 0.2391 0.2351 0.2091
0.2140 0.2404 0.2444 0.2462 0.2480 0.2499 0.2518 0.2536 0.2555 0.2573 0.2592 0.2611 0.2629 0.2648 0.2666 0.2685 0.2704 0.2723 0.2743 0.2764 0.2784 0.2806 0.2827 0.2847 0.2868 0.2889 0.2910 0.2930 0.2951 0.2972 0.2994 0.3017 0.3040 0.3065 0.3090 0.3116 0.3143 0.3169 0.3196 0.3222 0.3248 0.3273 0.3297 0.3320 0.3340 0.3359 0.3375 0.3388 0.3399 0.3406 0.3406 0.3406 0.3399 0.3388 0.3375 0.3359 0.3340 0.3320 0.3297 0.3273 0.3248 0.3222 0.3196 0.3169 0.3143 0.3116 0.3090 0.3065 0.3040 0.3017 0.2994 0.2972 0.2951 0.2930 0.2910 0.2889 0.2868 0.2847 0.2827 0.2806 0.2784 0.2764 0.2743 0.2723 0.2704 0.2685 0.2666 0.2648 0.2629 0.2611 0.2592 0.2573 0.2555 0.2536 0.2518 0.2499 0.2480 0.2462 0.2444 0.2404 0.2140
0.2191 0.2456 0.2496 0.2515 0.2533 0.2552 0.2571 0.2589 0.2608 0.2626 0.2645 0.2664 0.2682 0.2701 0.2719 0.2738 0.2756 0.2775 0.2794 0.2815 0.2835 0.2856 0.2877 0.2897 0.2918 0.2938 0.2958 0.2978 0.2998 0.3019 0.3039 0.3060 0.3082 0.3104 0.3128 0.3151 0.3176 0.3200 0.3224 0.3248 0.3271 0.3294 0.3315 0.3335 0.3353 0.3369 0.3383 0.3394 0.3403 0.3409 0.3408 0.3409 0.3403 0.3394 0.3383 0.3369 0.3353 0.3335 0.3315 0.3294 0.3271 0.3248 0.3224 0.3200 0.3176 0.3151 0.3128 0.3104 0.3082 0.3060 0.3039 0.3019 0.2998 0.2978 0.2958 0.2938 0.2918 0.2897 0.2877 0.2856 0.2835 0.2815 0.2794 0.2775 0.2756 0.2738 0.2719 0.2701 0.2682 0.2664 0.2645 0.2626 0.2608 0.2589 0.2571 0.2552 0.2533 0.2515 0.2496 0.2456 0.2191
0.2242 0.2509 0.2549 0.2568 0.2586 0.2605 0.2624 0.2642 0.2661 0.2679 0.2698 0.2716 0.2735 0.2753 0.2772 0.2790 0.2808 0.2827 0.2846 0.2865 0.2885 0.2905 0.2926 0.2946 0.2966 0.2986 0.3006 0.3026 0.3045 0.3064 0.3083 0.3103 0.3123 0.3144 0.3165 0.3186 0.3208 0.3230 0.3252 0.3273 0.3294 0.3314 0.3333 0.3350 0.3365 0.3379 0.3390 0.3400 0.3407 0.3411 0.3410 0.3411 0.3407 0.3400 0.3390 0.3379 0.3365 0.3350 0.3333 0.3314 0.3294 0.3273 0.3252 0.3230 0.3208 0.3186 0.3165 0.3144 0.3123 0.3103 0.3083 0.3064 0.3045 0.3026 0.3006 0.2986 0.2966 0.2946 0.2926 0.2905 0.2885 0.2865 0.2846 0.2827 0.2808 0.2790 0.2772 0.2753 0.2735 0.2716 0.2698 0.2679 0.2661 0.2642 0.2624 0.2605 0.2586 0.2568 0.2549 0.2509 0.2242
0.2293 0.2562 0.2602 0.2621 0.2639 0.2658 0.2676 0.2695 0.2714 0.2732 0.2750 0.2769 0.2787 0.2806 0.2824 0.2842 0.2860 0.2878 0.2896 0.2915 0.2935 0.2954 0.2974 0.2994 0.3014 0.3033 0.3053 0.3072 0.3090 0.3109 0.3127 0.3145 0.3163 0.3182 0.3201 0.3220 0.3240 0.3259 0.3279 0.3297 0.3315 0.3333 0.3349 0.3363 0.3376 0.3388 0.3397 0.3405 0.3411 0.3413 0.3412 0.3413 0.3411 0.3405 0.3397 0.3388 0.3376 0.3363 0.3349 0.3333 0.3315 0.3297 0.3279 0.3259 0.3240 0.3220 0.3201 0.3182 0.3163 0.3145 0.3127 0.3109 0.3090 0.3072 0.3053 0.3033 0.3014 0.2994 0.2974 0.2954 0.2935 0.2915 0.2896 0.2878 0.2860 0.2842 0.2824 0.2806 0.2787 0.2769 0.2750 0.2732 0.2714 0.2695 0.2676 0.2658 0.2639 0.2621 0.2602 0.2562 0.2293
0.2345 0.2615 0.2655 0.2674 0.2692 0.2711 0.2729 0.2748 0.2766 0.2784 0.2803 0.2821 0.2839 0.2857 0.2875 0.2893 0.2911 0.2929 0.2946 0.2965 0.2983 0.3002 0.3022 0.3041 0.3060 0.3079 0.3098 0.3116 0.3134 0.3151 0.3169 0.3185 0.3202 0.3219 0.3236 0.3253 0.3270 0.3287 0.3303 0.3320 0.3335 0.3350 0.3363 0.3376 0.3386 0.3396 0.3403 0.3409 0.3413 0.3415 0.3412 0.3415 0.3413 0.3409 0.3403 0.3396 0.3386 0.3376 0.3363 0.3350 0.3335 0.3320 0.3303 0.3287 0.3270 0.3253 0.3236 0.3219 0.3202 0.3185 0.3169 0.3151 0.3134 0.3116 0.3098 0.3079 0.3060 0.3041 0.3022 0.3002 0.2983 0.2965 0.2946 0.2929 0.2911 0.2893 0.2875 0.2857 0.2839 0.2821 0.2803 0.2784 0.2766 0.2748 0.2729 0.2711 0.2692 0.2674 0.2655 0.2615 0.2345
0.2397 0.2668 0.2708 0.2726 0.2745 0.2763 0.2782 0.2800 0.2818 0.2836 0.2854 0.2872 0.2890 0.2908 0.2926 0.2944 0.2961 0.2978 0.2996 0.3013 0.3031 0.3049 0.3068 0.3087 0.3105 0.3123 0.3141 0.3158 0.3175 0.3192 0.3208 0.3224 0.3239 0.3254 0.3269 0.3283 0.3298 0.3312 0.3327 0.3340 0.3353 0.3365 0.3376 0.3386 0.3395 0.3402 0.3408 0.3412 0.3415 0.3415 0.3413 0.3415 0.3415 0.3412 0.3408 0.3402 0.3395 0.3386 0.3376 0.3365 0.3353 0.3340 0.3327 0.3312 0.3298 0.3283 0.3269 0.3254 0.3239 0.3224 0.3208 0.3192 0.3175 0.3158 0.3141 0.3123 0.3105 0.3087 0.3068 0.3049 0.3031 0.3013 0.2996 0.2978 0.2961 0.2944 0.2926 0.2908 0.2890 0.2872 0.2854 0.2836 0.2818 0.2800 0.2782 0.2763 0.2745 0.2726 0.2708 0.2668 0.2397
0.2449 0.2721 0.2761 0.2779 0.2797 0.2815 0.2834 0.2852 0.2870 0.2888 0.2905 0.2923 0.2941 0.2958 0.2976 0.2993 0.3010 0.3027 0.3044 0.3060 0.3078 0.3095 0.3113 0.3130 0.3148 0.3165 0.3182 0.3198 0.3214 0.3230 0.3245 0.3259 0.3273 0.3286 0.3299 0.3312 0.3324 0.3336 0.3347 0.3359 0.3369 0.3379 0.3388 0.3396 0.3402 0.3408 0.3412 0.3415 0.3416 0.3415 0.3412 0.3415 0.3416 0.3415 0.3412 0.3408 0.3402 0.3396 0.3388 0.3379 0.3369 0.3359 0.3347 0.3336 0.3324 0.3312 0.3299 0.3286 0.3273 0.3259 0.3245 0.3230 0.3214 0.3198 0.3182 0.3165 0.3148 0.3130 0.3113 0.3095 0.3078 0.3060 0.3044 0.3027 0.3010 0.2993 0.2976 0.2958 0.2941 0.2923 0.2905 0.2888 0.2870 0.2852 0.2834 0.2815 0.2797 0.2779 0.2761 0.2721 0.2449
0.2502 0.2773 0.2813 0.2831 0.2849 0.2867 0.2885 0.2903 0.2920 0.2938 0.2956 0.2973 0.2990 0.3007 0.3024 0.3041 0.3058 0.3074 0.3090 0.3106 0.3122 0.3139 0.3155 0.3172 0.3189 0.3205 0.3221 0.3236 0.3250 0.3265 0.3278 0.3291 0.3303 0.3315 0.3326 0.3337 0.3347 0.3357 0.3366 0.3375 0.3383 0.3390 0.3397 0.3403 0.3408 0.3412 0.3414 0.3416 0.3416 0.3414 0.3411 0.3414 0.3416 0.3416 0.3414 0.3412 0.3408 0.3403 0.3397 0.3390 0.3383 0.3375 0.3366 0.3357 0.3347 0.3337 0.3326 0.3315 0.3303 0.3291 0.3278 0.3265 0.3250 0.3236 0.3221 0.3205 0.3189 0.3172 0.3155 0.3139 0.3122 0.3106 0.3090 0.3074 0.3058 0.3041 0.3024 0.3007 0.2990 0.2973 0.2956 0.2938 0.2920 0.2903 0.2885 0.2867 0.2849 0.2831 0.2813 0.2773 0.2502
0.2555 0.2825 0.2865 0.2882 0.2900 0.2918 0.2935 0.2953 0.2970 0.2988 0.3005 0.3022 0.3039 0.3055 0.3072 0.3088 0.3104 0.3120 0.3135 0.3150 0.3165 0.3181 0.3196 0.3211 0.3227 0.3242 0.3256 0.3270 0.3283 0.3296 0.3308 0.3319 0.3330 0.3340 0.3349 0.3358 0.3366 0.3374 0.3381 0.3388 0.3394 0.3400 0.3405 0.3409 0.3412 0.3415 0.3416 0.3416 0.3415 0.3413 0.3409 0.3413 0.3415 0.3416 0.3416 0.3415 0.3412 0.3409 0.3405 0.3400 0.3394 0.3388 0.3381 0.3374 0.3366 0.3358 0.3349 0.3340 0.3330 0.3319 0.3308 0.3296 0.3283 0.3270 0.3256 0.3242 0.3227 0.3211 0.3196 0.3181 0.3165 0.3150 0.3135 0.3120 0.3104 0.3088 0.3072 0.3055 0.3039 0.3022 0.3005 0.2988 0.2970 0.2953 0.2935 0.2918 0.2900 0.2882 0.2865 0.2825 0.2555
0.2608 0.2877 0.2916 0.2933 0.2951 0.2968 0.2985 0.3003 0.3020 0.3036 0.3053 0.3069 0.3086 0.3102 0.3117 0.3133 0.3148 0.3163 0.3178 0.3192 0.3206 0.3220 0.3234 0.3248 0.3262 0.3276 0.3289 0.3301 0.3313 0.3324 0.3334 0.3344 0.3353 0.3362 0.3369 0.3376 0.3383 0.3389 0.3394 0.3399 0.3403 0.3407 0.3411 0.3413 0.3415 0.3416 0.3416 0.3415 0.3414 0.3410 0.3406 0.3410 0.3414 0.3415 0.3416 0.3416 0.3415 0.3413 0.3411 0.3407 0.3403 0.3399 0.3394 0.3389 0.3383 0.3376 0.3369 0.3362 0.3353 0.3344 0.3334 0.3324 0.3313 0.3301 0.3289 0.3276 0.3262 0.3248 0.3234 0.3220 0.3206 0.3192 0.3178 0.3163 0.3148 0.3133 0.3117 0.3102 0.3086 0.3069 0.3053 0.3036 0.3020 0.3003 0.2985 0.2968 0.2951 0.2933 0.2916 0.2877 0.2608
0.2658 0.2925 0.2963 0.2980 0.2998 0.3015 0.3031 0.3048 0.3065 0.3081 0.3097 0.3113 0.3128 0.3144 0.3159 0.3174 0.3188 0.3202 0.3216 0.3229 0.3242 0.3255 0.3268 0.3279 0.3292 0.3304 0.3316 0.3327 0.3337 0.3346 0.3355 0.3363 0.3371 0.3378 0.3384 0.3389 0.3394 0.3399 0.3403 0.3406 0.3409 0.3411 0.3413 0.3415 0.3415 0.3415 0.3414 0.3413 0.3410 0.3406 0.3401 0.3406 0.3410 0.3413 0.3414 0.3415 0.3415 0.3415 0.3413 0.3411 0.3409 0.3406 0.3403 0.3399 0.3394 0.3389 0.3384 0.3378 0.3371 0.3363 0.3355 0.3346 0.3337 0.3327 0.3316 0.3304 0.3292 0.3279 0.3268 0.3255 0.3242 0.3229 0.3216 0.3202 0.3188 0.3174 0.3159 0.3144 0.3128 0.3113 0.3097 0.3081 0.3065 0.3048 0.3031 0.3015 0.2998 0.2980 0.2963 0.2925 0.2658
0.2675 0.2946 0.2984 0.3001 0.3018 0.3035 0.3052 0.3068 0.3084 0.3100 0.3116 0.3131 0.3147 0.3162 0.3176 0.3190 0.3204 0.3218 0.3231 0.3244 0.3256 0.3268 0.3280 0.3292 0.3303 0.3315 0.3326 0.3336 0.3345 0.3354 0.3362 0.3369 0.3376 0.3382 0.3387 0.3392 0.3396 0.3400 0.3403 0.3406 0.3408 0.3410 0.3412 0.3412 0.3413 0.3412 0.3411 0.3409 0.3406 0.3401 0.3397 0.3401 0.3406 0.3409 0.3411 0.3412 0.3413 0.3412 0.3412 0.3410 0.3408 0.3406 0.3403 0.3400 0.3396 0.3392 0.3387 0.3382 0.3376 0.3369 0.3362 0.3354 0.3345 0.3336 0.3326 0.3315 0.3303 0.3292 0.3280 0.3268 0.3256 0.3244 0.3231 0.3218 0.3204 0.3190 0.3176 0.3162 0.3147 0.3131 0.3116 0.3100 0.3084 0.3068 0.3052 0.3035 0.3018 0.3001 0.2984 0.2946 0.2675
0.2658 0.2925 0.2963 0.2980 0.2998 0.3015 0.3031 0.3048 0.3065 0.3081 0.3097 0.3113 0.3128 0.3144 0.3159 0.3174 0.3188 0.3202 0.3216 0.3229 0.3242 0.3255 0.3268 0.3279 0.3292 0.3304 0.3316 0.3327 0.3337 0.3346 0.3355 0.3363 0.3371 0.3378 0.3384 0.3389 0.3394 0.3399 0.3403 0.3406 0.3409 0.3411 0.3413 0.3415 0.3415 0.3415 0.3414 0.3413 0.3410 0.3406 0.3401 0.3406 0.3410 0.3413 0.3414 0.3415 0.3415 0.3415 0.3413 0.3411 0.3409 0.3406 0.3403 0.3399 0.3394 0.3389 0.3384 0.3378 0.3371 0.3363 0.3355 0.3346 0.3337 0.3327 0.3316 0.3304 0.3292 0.3279 0.3268 0.3255 0.3242 0.3229 0.3216 0.3202 0.3188 0.3174 0.3159 0.3144 0.3128 0.3113 0.3097 0.3081 0.3065 0.3048 0.3031 0.3015 0.2998 0.2980 0.2963 0.2925 0.2658
0.2608 0.2877 0.2916 0.2933 0.2951 0.2968 0.2985 0.3003 0.3020 0.3036 0.3053 0.3069 0.3086 0.3102 0.3117 0.3133 0.3148 0.3163 0.3178 0.3192 0.3206 0.3220 0.3234 0.3248 0.3262 0.3276 0.3289 0.3301 0.3313 0.3324 0.3334 0.3344 0.3353 0.3362 0.3369 0.3376 0.3383 0.3389 0.3394 0.3399 0.3403 0.3407 0.3411 0.3413 0.3415 0.3416 0.3416 0.3415 0.3414 0.3410 0.3406 0.3410 0.3414 0.3415 0.3416 0.3416 0.3415 0.3413 0.3411 0.3407 0.3403 0.3399 0.3394 0.3389 0.3383 0.3376 0.3369 0.3362 0.3353 0.3344 0.3334 0.3324 0.3313 0.3301 0.3289 0.3276 0.3262 0.3248 0.3234 0.3220 0.3206 0.3192 0.3178 0.3163 0.3148 0.3133 0.3117 0.3102 0.3086 0.3069 0.3053 0.3036 0.3020 0.3003 0.2985 0.2968 0.2951 0.2933 0.2916 0.2877 0.2608
0.2555 0.2825 0.2865 0.2882 0.2900 0.2918 0.2935 0.2953 0.2970 0.2988 0.3005 0.3022 0.3039 0.3055 0.3072 0.3088 0.3104 0.3120 0.3135 0.3150 0.3165 0.3181 0.3196 0.3211 0.3227 0.3242 0.3256 0.3270 0.3283 0.3296 0.3308 0.3319 0.3330 0.3340 0.3349 0.3358 0.3366 0.3374 0.3381 0.3388 0.3394 0.3400 0.3405 0.3409 0.3412 0.3415 0.3416 0.3416 0.3415 0.3413 0.3409 0.3413 0.3415 0.3416 0.3416 0.3415 0.3412 0.3409 0.3405 0.3400 0.3394 0.3388 0.3381 0.3374 0.3366 0.3358 0.3349 0.3340 0.3330 0.3319 0.3308 0.3296 0.3283 0.3270 0.3256 0.3242 0.3227 0.3211 0.3196 0.3181 0.3165 0.3150 0.3135 0.3120 0.3104 0.3088 0.3072 0.3055 0.3039 0.3022 0.3005 0.2988 0.2970 0.2953 0.2935 0.2918 0.2900 0.2882 0.2865 0.2825 0.2555
0.2502 0.2773 0.2813 0.2831 0.2849 0.2867 0.2885 0.2903 0.2920 0.2938 0.2956 0.2973 0.2990 0.3007 0.3024 0.3041 0.3058 0.3074 0.3090 0.3106 0.3122 0.3139 0.3155 0.3172 0.3189 0.3205 0.3221 0.3236 0.3250 0.3265 0.3278 0.3291 0.3303 0.3315 0.3326 0.3337 0.3347 0.3357 0.3366 0.3375 0.3383 0.3390 0.3397 0.3403 0.3408 0.3412 0.3414 0.3416 0.3416 0.3414 0.3411 0.3414 0.3416 0.3416 0.3414 0.3412 0.3408 0.3403 0.3397 0.3390 0.3383 0.3375 0.3366 0.3357 0.3347 0.3337 0.3326 0.3315 0.3303 0.3291 0.3278 0.3265 0.3250 0.3236 0.3221 0.3205 0.3189 0.3172 0.3155 0.3139 0.3122 0.3106 0.3090 0.3074 0.3058 0.3041 0.3024 0.3007 0.2990 0.2973 0.2956 0.2938 0.2920 0.2903 0.2885 0.2867 0.2849 0.2831 0.2813 0.2773 0.2502
0.2449 0.2721 0.2761 0.2779 0.2797 0.2815 0.2834 0.2852 0.2870 0.2888 0.2905 0.2923 0.2941 0.2958 0.2976 0.2993 0.3010 0.3027 0.3044 0.3060 0.3078 0.3095 0.3113 0.3130 0.3148 0.3165 0.3182 0.3198 0.3214 0.3230 0.3245 0.3259 0.3273 0.3286 0.3299 0.3312 0.3324 0.3336 0.3347 0.3359 0.3369 0.3379 0.3388 0.3396 0.3402 0.3408 0.3412 0.3415 0.3416 0.3415 0.3412 0.3415 0.3416 0.3415 0.3412 0.3408 0.3402 0.3396 0.3388 0.3379 0.3369 0.3359 0.3347 0.3336 0.3324 0.3312 0.3299 0.3286 0.3273 0.3259 0.3245 0.3230 0.3214 0.3198 0.3182 0.3165 0.3148 0.3130 0.3113 0.3095 0.3078 0.3060 0.3044 0.3027 0.3010 0.2993 0.2976 0.2958 0.2941 0.2923 0.2905 0.2888 0.2870 0.2852 0.2834 0.2815 0.2797 0.2779 0.2761 0.2721 0.2449
