-0.2953 -0.3079 -0.3123 -0.3142 -0.3161 -0.3179 -0.3197 -0.3214 -0.3231 -0.3247 -0.3261 -0.3276 -0.3289 -0.3301 -0.3312 -0.3323 -0.3332 -0.3340 -0.3347 -0.3353 -0.3357 -0.3360 -0.3361 -0.3361 -0.3360 -0.3356 -0.3351 -0.3345 -0.3336 -0.3326 -0.3313 -0.3298 -0.3282 -0.3263 -0.3242 -0.3218 -0.3192 -0.3163 -0.3132 -0.3099 -0.3062 -0.3023 -0.2981 -0.2936 -0.2889 -0.2838 -0.2784 -0.2726 -0.2665 -0.2604 -0.2580 -0.2604 -0.2665 -0.2726 -0.2784 -0.2838 -0.2889 -0.2936 -0.2981 -0.3023 -0.3062 -0.3099 -0.3132 -0.3163 -0.3192 -0.3218 -0.3242 -0.3263 -0.3282 -0.3298 -0.3313 -0.3326 -0.3336 -0.3345 -0.3351 -0.3356 -0.3360 -0.3361 -0.3361 -0.3360 -0.3357 -0.3353 -0.3347 -0.3340 -0.3332 -0.3323 -0.3312 -0.3301 -0.3289 -0.3276 -0.3261 -0.3247 -0.3231 -0.3214 -0.3197 -0.3179 -0.3161 -0.3142 -0.3123 -0.3079 -0.2953
-0.3079 -0.3200 -0.3221 -0.3236 -0.3250 -0.3264 -0.3278 -0.3291 -0.3304 -0.3315 -0.3325 -0.3334 -0.3342 -0.3349 -0.3355 -0.3359 -0.3362 -0.3364 -0.3363 -0.3362 -0.3359 -0.3354 -0.3347 -0.3338 -0.3328 -0.3315 -0.3301 -0.3284 -0.3265 -0.3244 -0.3220 -0.3194 -0.3166 -0.3134 -0.3101 -0.3064 -0.3025 -0.2983 -0.2939 -0.2891 -0.2840 -0.2786 -0.2729 -0.2668 -0.2604 -0.2536 -0.2464 -0.2388 -0.2306 -0.2224 -0.2183 -0.2224 -0.2306 -0.2388 -0.2464 -0.2536 -0.2604 -0.2668 -0.2729 -0.2786 -0.2840 -0.2891 -0.2939 -0.2983 -0.3025 -0.3064 -0.3101 -0.3134 -0.3166 -0.3194 -0.3220 -0.3244 -0.3265 -0.3284 -0.3301 -0.3315 -0.3328 -0.3338 -0.3347 -0.3354 -0.3359 -0.3362 -0.3363 -0.3364 -0.3362 -0.3359 -0.3355 -0.3349 -0.3342 -0.3334 -0.3325 -0.3315 -0.3304 -0.3291 -0.3278 -0.3264 -0.3250 -0.3236 -0.3221 -0.3200 -0.3079
-0.3123 -0.3221 -0.3239 -0.3251 -0.3264 -0.3277 -0.3289 -0.3301 -0.3313 -0.3323 -0.3332 -0.3341 -0.3348 -0.3354 -0.3358 -0.3362 -0.3364 -0.3364 -0.3363 -0.3360 -0.3355 -0.3349 -0.3341 -0.3331 -0.3319 -0.3305 -0.3289 -0.3270 -0.3250 -0.3227 -0.3201 -0.3173 -0.3143 -0.3110 -0.3074 -0.3036 -0.2995 -0.2951 -0.2904 -0.2854 -0.2801 -0.2744 -0.2684 -0.2621 -0.2554 -0.2484 -0.2409 -0.2329 -0.2244 -0.2158 -0.2114 -0.2158 -0.2244 -0.2329 -0.2409 -0.2484 -0.2554 -0.2621 -0.2684 -0.2744 -0.2801 -0.2854 -0.2904 -0.2951 -0.2995 -0.3036 -0.3074 -0.3110 -0.3143 -0.3173 -0.3201 -0.3227 -0.3250 -0.3270 -0.3289 -0.3305 -0.3319 -0.3331 -0.3341 -0.3349 -0.3355 -0.3360 -0.3363 -0.3364 -0.3364 -0.3362 -0.3358 -0.3354 -0.3348 -0.3341 -0.3332 -0.3323 -0.3313 -0.3301 -0.3289 -0.3277 -0.3264 -0.3251 -0.3239 -0.3221 -0.3123
-0.3142 -0.3236 -0.3251 -0.3261 -0.3273 -0.3284 -0.3295 -0.3307 -0.3317 -0.3327 -0.3336 -0.3343 -0.3350 -0.3356 -0.3360 -0.3363 -0.3364 -0.3364 -0.3362 -0.3359 -0.3353 -0.3347 -0.3338 -0.3327 -0.3314 -0.3300 -0.3283 -0.3263 -0.3242 -0.3218 -0.3192 -0.3163 -0.3132 -0.3098 -0.3062 -0.3022 -0.2980 -0.2935 -0.2887 -0.2836 -0.2781 -0.2724 -0.2663 -0.2599 -0.2530 -0.2458 -0.2382 -0.2301 -0.2214 -0.2125 -0.2081 -0.2125 -0.2214 -0.2301 -0.2382 -0.2458 -0.2530 -0.2599 -0.2663 -0.2724 -0.2781 -0.2836 -0.2887 -0.2935 -0.2980 -0.3022 -0.3062 -0.3098 -0.3132 -0.3163 -0.3192 -0.3218 -0.3242 -0.3263 -0.3283 -0.3300 -0.3314 -0.3327 -0.3338 -0.3347 -0.3353 -0.3359 -0.3362 -0.3364 -0.3364 -0.3363 -0.3360 -0.3356 -0.3350 -0.3343 -0.3336 -0.3327 -0.3317 -0.3307 -0.3295 -0.3284 -0.3273 -0.3261 -0.3251 -0.3236 -0.3142
-0.3161 -0.3250 -0.3264 -0.3273 -0.3282 -0.3292 -0.3302 -0.3312 -0.3322 -0.3331 -0.3339 -0.3346 -0.3352 -0.3357 -0.3361 -0.3363 -0.3364 -0.3363 -0.3361 -0.3357 -0.3351 -0.3344 -0.3334 -0.3323 -0.3309 -0.3294 -0.3276 -0.3256 -0.3234 -0.3209 -0.3182 -0.3153 -0.3120 -0.3086 -0.3048 -0.3008 -0.2965 -0.2918 -0.2869 -0.2817 -0.2762 -0.2703 -0.2641 -0.2575 -0.2505 -0.2432 -0.2354 -0.2271 -0.2182 -0.2091 -0.2046 -0.2091 -0.2182 -0.2271 -0.2354 -0.2432 -0.2505 -0.2575 -0.2641 -0.2703 -0.2762 -0.2817 -0.2869 -0.2918 -0.2965 -0.3008 -0.3048 -0.3086 -0.3120 -0.3153 -0.3182 -0.3209 -0.3234 -0.3256 -0.3276 -0.3294 -0.3309 -0.3323 -0.3334 -0.3344 -0.3351 -0.3357 -0.3361 -0.3363 -0.3364 -0.3363 -0.3361 -0.3357 -0.3352 -0.3346 -0.3339 -0.3331 -0.3322 -0.3312 -0.3302 -0.3292 -0.3282 -0.3273 -0.3264 -0.3250 -0.3161
-0.3179 -0.3264 -0.3277 -0.3284 -0.3292 -0.3300 -0.3309 -0.3318 -0.3327 -0.3335 -0.3342 -0.3349 -0.3355 -0.3359 -0.3362 -0.3364 -0.3364 -0.3363 -0.3360 -0.3355 -0.3349 -0.3341 -0.3330 -0.3318 -0.3304 -0.3288 -0.3269 -0.3249 -0.3226 -0.3200 -0.3172 -0.3142 -0.3108 -0.3073 -0.3034 -0.2993 -0.2949 -0.2901 -0.2851 -0.2798 -0.2741 -0.2682 -0.2618 -0.2551 -0.2480 -0.2405 -0.2325 -0.2240 -0.2149 -0.2057 -0.2010 -0.2057 -0.2149 -0.2240 -0.2325 -0.2405 -0.2480 -0.2551 -0.2618 -0.2682 -0.2741 -0.2798 -0.2851 -0.2901 -0.2949 -0.2993 -0.3034 -0.3073 -0.3108 -0.3142 -0.3172 -0.3200 -0.3226 -0.3249 -0.3269 -0.3288 -0.3304 -0.3318 -0.3330 -0.3341 -0.3349 -0.3355 -0.3360 -0.3363 -0.3364 -0.3364 -0.3362 -0.3359 -0.3355 -0.3349 -0.3342 -0.3335 -0.3327 -0.3318 -0.3309 -0.3300 -0.3292 -0.3284 -0.3277 -0.3264 -0.3179
-0.3197 -0.3278 -0.3289 -0.3295 -0.3302 -0.3309 -0.3317 -0.3324 -0.3332 -0.3339 -0.3346 -0.3352 -0.3357 -0.3360 -0.3363 -0.3364 -0.3364 -0.3362 -0.3358 -0.3353 -0.3346 -0.3337 -0.3326 -0.3314 -0.3299 -0.3282 -0.3262 -0.3241 -0.3217 -0.3191 -0.3162 -0.3130 -0.3096 -0.3059 -0.3020 -0.2978 -0.2932 -0.2884 -0.2833 -0.2778 -0.2721 -0.2660 -0.2595 -0.2527 -0.2454 -0.2377 -0.2296 -0.2209 -0.2116 -0.2021 -0.1973 -0.2021 -0.2116 -0.2209 -0.2296 -0.2377 -0.2454 -0.2527 -0.2595 -0.2660 -0.2721 -0.2778 -0.2833 -0.2884 -0.2932 -0.2978 -0.3020 -0.3059 -0.3096 -0.3130 -0.3162 -0.3191 -0.3217 -0.3241 -0.3262 -0.3282 -0.3299 -0.3314 -0.3326 -0.3337 -0.3346 -0.3353 -0.3358 -0.3362 -0.3364 -0.3364 -0.3363 -0.3360 -0.3357 -0.3352 -0.3346 -0.3339 -0.3332 -0.3324 -0.3317 -0.3309 -0.3302 -0.3295 -0.3289 -0.3278 -0.3197
-0.3214 -0.3291 -0.3301 -0.3307 -0.3312 -0.3318 -0.3324 -0.3331 -0.3337 -0.3344 -0.3349 -0.3354 -0.3358 -0.3362 -0.3363 -0.3364 -0.3363 -0.3361 -0.3357 -0.3351 -0.3343 -0.3334 -0.3322 -0.3309 -0.3293 -0.3275 -0.3255 -0.3233 -0.3208 -0.3181 -0.3151 -0.3119 -0.3084 -0.3046 -0.3005 -0.2962 -0.2916 -0.2867 -0.2814 -0.2759 -0.2700 -0.2637 -0.2571 -0.2502 -0.2428 -0.2349 -0.2266 -0.2177 -0.2082 -0.1985 -0.1935 -0.1985 -0.2082 -0.2177 -0.2266 -0.2349 -0.2428 -0.2502 -0.2571 -0.2637 -0.2700 -0.2759 -0.2814 -0.2867 -0.2916 -0.2962 -0.3005 -0.3046 -0.3084 -0.3119 -0.3151 -0.3181 -0.3208 -0.3233 -0.3255 -0.3275 -0.3293 -0.3309 -0.3322 -0.3334 -0.3343 -0.3351 -0.3357 -0.3361 -0.3363 -0.3364 -0.3363 -0.3362 -0.3358 -0.3354 -0.3349 -0.3344 -0.3337 -0.3331 -0.3324 -0.3318 -0.3312 -0.3307 -0.3301 -0.3291 -0.3214
-0.3231 -0.3304 -0.3313 -0.3317 -0.3322 -0.3327 -0.3332 -0.3337 -0.3343 -0.3348 -0.3353 -0.3357 -0.3360 -0.3363 -0.3364 -0.3364 -0.3362 -0.3359 -0.3354 -0.3348 -0.3340 -0.3330 -0.3318 -0.3303 -0.3287 -0.3268 -0.3247 -0.3224 -0.3199 -0.3171 -0.3140 -0.3107 -0.3071 -0.3032 -0.2991 -0.2946 -0.2899 -0.2848 -0.2795 -0.2738 -0.2678 -0.2615 -0.2547 -0.2476 -0.2401 -0.2321 -0.2236 -0.2145 -0.2047 -0.1947 -0.1897 -0.1947 -0.2047 -0.2145 -0.2236 -0.2321 -0.2401 -0.2476 -0.2547 -0.2615 -0.2678 -0.2738 -0.2795 -0.2848 -0.2899 -0.2946 -0.2991 -0.3032 -0.3071 -0.3107 -0.3140 -0.3171 -0.3199 -0.3224 -0.3247 -0.3268 -0.3287 -0.3303 -0.3318 -0.3330 -0.3340 -0.3348 -0.3354 -0.3359 -0.3362 -0.3364 -0.3364 -0.3363 -0.3360 -0.3357 -0.3353 -0.3348 -0.3343 -0.3337 -0.3332 -0.3327 -0.3322 -0.3317 -0.3313 -0.3304 -0.3231
-0.3247 -0.3315 -0.3323 -0.3327 -0.3331 -0.3335 -0.3339 -0.3344 -0.3348 -0.3352 -0.3356 -0.3359 -0.3362 -0.3364 -0.3364 -0.3363 -0.3361 -0.3357 -0.3352 -0.3345 -0.3336 -0.3325 -0.3312 -0.3298 -0.3281 -0.3261 -0.3240 -0.3216 -0.3189 -0.3160 -0.3128 -0.3094 -0.3057 -0.3018 -0.2975 -0.2930 -0.2881 -0.2830 -0.2775 -0.2718 -0.2656 -0.2591 -0.2523 -0.2450 -0.2373 -0.2291 -0.2204 -0.2112 -0.2011 -0.1909 -0.1857 -0.1909 -0.2011 -0.2112 -0.2204 -0.2291 -0.2373 -0.2450 -0.2523 -0.2591 -0.2656 -0.2718 -0.2775 -0.2830 -0.2881 -0.2930 -0.2975 -0.3018 -0.3057 -0.3094 -0.3128 -0.3160 -0.3189 -0.3216 -0.3240 -0.3261 -0.3281 -0.3298 -0.3312 -0.3325 -0.3336 -0.3345 -0.3352 -0.3357 -0.3361 -0.3363 -0.3364 -0.3364 -0.3362 -0.3359 -0.3356 -0.3352 -0.3348 -0.3344 -0.3339 -0.3335 -0.3331 -0.3327 -0.3323 -0.3315 -0.3247
-0.3261 -0.3325 -0.3332 -0.3336 -0.3339 -0.3342 -0.3346 -0.3349 -0.3353 -0.3356 -0.3359 -0.3361 -0.3363 -0.3364 -0.3364 -0.3362 -0.3360 -0.3355 -0.3349 -0.3341 -0.3332 -0.3320 -0.3307 -0.3291 -0.3274 -0.3253 -0.3231 -0.3206 -0.3179 -0.3149 -0.3117 -0.3082 -0.3044 -0.3003 -0.2960 -0.2913 -0.2864 -0.2811 -0.2755 -0.2696 -0.2634 -0.2568 -0.2498 -0.2424 -0.2345 -0.2262 -0.2173 -0.2077 -0.1975 -0.1870 -0.1816 -0.1870 -0.1975 -0.2077 -0.2173 -0.2262 -0.2345 -0.2424 -0.2498 -0.2568 -0.2634 -0.2696 -0.2755 -0.2811 -0.2864 -0.2913 -0.2960 -0.3003 -0.3044 -0.3082 -0.3117 -0.3149 -0.3179 -0.3206 -0.3231 -0.3253 -0.3274 -0.3291 -0.3307 -0.3320 -0.3332 -0.3341 -0.3349 -0.3355 -0.3360 -0.3362 -0.3364 -0.3364 -0.3363 -0.3361 -0.3359 -0.3356 -0.3353 -0.3349 -0.3346 -0.3342 -0.3339 -0.3336 -0.3332 -0.3325 -0.3261
-0.3276 -0.3334 -0.3341 -0.3343 -0.3346 -0.3349 -0.3352 -0.3354 -0.3357 -0.3359 -0.3361 -0.3363 -0.3364 -0.3364 -0.3363 -0.3361 -0.3358 -0.3353 -0.3346 -0.3337 -0.3327 -0.3315 -0.3301 -0.3284 -0.3266 -0.3245 -0.3222 -0.3197 -0.3169 -0.3138 -0.3105 -0.3069 -0.3030 -0.2988 -0.2944 -0.2896 -0.2846 -0.2792 -0.2735 -0.2675 -0.2611 -0.2544 -0.2472 -0.2397 -0.2316 -0.2231 -0.2140 -0.2042 -0.1937 -0.1829 -0.1774 -0.1829 -0.1937 -0.2042 -0.2140 -0.2231 -0.2316 -0.2397 -0.2472 -0.2544 -0.2611 -0.2675 -0.2735 -0.2792 -0.2846 -0.2896 -0.2944 -0.2988 -0.3030 -0.3069 -0.3105 -0.3138 -0.3169 -0.3197 -0.3222 -0.3245 -0.3266 -0.3284 -0.3301 -0.3315 -0.3327 -0.3337 -0.3346 -0.3353 -0.3358 -0.3361 -0.3363 -0.3364 -0.3364 -0.3363 -0.3361 -0.3359 -0.3357 -0.3354 -0.3352 -0.3349 -0.3346 -0.3343 -0.3341 -0.3334 -0.3276
-0.3289 -0.3342 -0.3348 -0.3350 -0.3352 -0.3355 -0.3357 -0.3358 -0.3360 -0.3362 -0.3363 -0.3364 -0.3364 -0.3363 -0.3362 -0.3359 -0.3355 -0.3349 -0.3342 -0.3333 -0.3322 -0.3309 -0.3294 -0.3277 -0.3258 -0.3236 -0.3212 -0.3186 -0.3158 -0.3126 -0.3092 -0.3055 -0.3016 -0.2973 -0.2927 -0.2879 -0.2827 -0.2772 -0.2714 -0.2653 -0.2588 -0.2519 -0.2446 -0.2369 -0.2287 -0.2200 -0.2106 -0.2006 -0.1898 -0.1788 -0.1731 -0.1788 -0.1898 -0.2006 -0.2106 -0.2200 -0.2287 -0.2369 -0.2446 -0.2519 -0.2588 -0.2653 -0.2714 -0.2772 -0.2827 -0.2879 -0.2927 -0.2973 -0.3016 -0.3055 -0.3092 -0.3126 -0.3158 -0.3186 -0.3212 -0.3236 -0.3258 -0.3277 -0.3294 -0.3309 -0.3322 -0.3333 -0.3342 -0.3349 -0.3355 -0.3359 -0.3362 -0.3363 -0.3364 -0.3364 -0.3363 -0.3362 -0.3360 -0.3358 -0.3357 -0.3355 -0.3352 -0.3350 -0.3348 -0.3342 -0.3289
-0.3301 -0.3349 -0.3354 -0.3356 -0.3357 -0.3359 -0.3360 -0.3362 -0.3363 -0.3364 -0.3364 -0.3364 -0.3363 -0.3362 -0.3360 -0.3356 -0.3351 -0.3345 -0.3337 -0.3328 -0.3316 -0.3303 -0.3287 -0.3269 -0.3249 -0.3227 -0.3202 -0.3175 -0.3145 -0.3114 -0.3079 -0.3041 -0.3001 -0.2957 -0.2911 -0.2861 -0.2808 -0.2752 -0.2693 -0.2630 -0.2564 -0.2494 -0.2419 -0.2341 -0.2257 -0.2168 -0.2072 -0.1970 -0.1859 -0.1745 -0.1688 -0.1745 -0.1859 -0.1970 -0.2072 -0.2168 -0.2257 -0.2341 -0.2419 -0.2494 -0.2564 -0.2630 -0.2693 -0.2752 -0.2808 -0.2861 -0.2911 -0.2957 -0.3001 -0.3041 -0.3079 -0.3114 -0.3145 -0.3175 -0.3202 -0.3227 -0.3249 -0.3269 -0.3287 -0.3303 -0.3316 -0.3328 -0.3337 -0.3345 -0.3351 -0.3356 -0.3360 -0.3362 -0.3363 -0.3364 -0.3364 -0.3364 -0.3363 -0.3362 -0.3360 -0.3359 -0.3357 -0.3356 -0.3354 -0.3349 -0.3301
-0.3312 -0.3355 -0.3358 -0.3360 -0.3361 -0.3362 -0.3363 -0.3363 -0.3364 -0.3364 -0.3364 -0.3363 -0.3362 -0.3360 -0.3357 -0.3353 -0.3347 -0.3340 -0.3332 -0.3322 -0.3310 -0.3296 -0.3279 -0.3261 -0.3240 -0.3217 -0.3191 -0.3163 -0.3133 -0.3100 -0.3064 -0.3026 -0.2985 -0.2940 -0.2893 -0.2843 -0.2789 -0.2732 -0.2671 -0.2608 -0.2540 -0.2468 -0.2392 -0.2312 -0.2226 -0.2135 -0.2037 -0.1932 -0.1818 -0.1702 -0.1643 -0.1702 -0.1818 -0.1932 -0.2037 -0.2135 -0.2226 -0.2312 -0.2392 -0.2468 -0.2540 -0.2608 -0.2671 -0.2732 -0.2789 -0.2843 -0.2893 -0.2940 -0.2985 -0.3026 -0.3064 -0.3100 -0.3133 -0.3163 -0.3191 -0.3217 -0.3240 -0.3261 -0.3279 -0.3296 -0.3310 -0.3322 -0.3332 -0.3340 -0.3347 -0.3353 -0.3357 -0.3360 -0.3362 -0.3363 -0.3364 -0.3364 -0.3364 -0.3363 -0.3363 -0.3362 -0.3361 -0.3360 -0.3358 -0.3355 -0.3312
-0.3323 -0.3359 -0.3362 -0.3363 -0.3363 -0.3364 -0.3364 -0.3364 -0.3364 -0.3363 -0.3362 -0.3361 -0.3359 -0.3356 -0.3353 -0.3348 -0.3342 -0.3335 -0.3326 -0.3315 -0.3302 -0.3288 -0.3271 -0.3252 -0.3230 -0.3206 -0.3180 -0.3151 -0.3120 -0.3086 -0.3049 -0.3010 -0.2968 -0.2923 -0.2875 -0.2823 -0.2769 -0.2711 -0.2649 -0.2584 -0.2515 -0.2442 -0.2365 -0.2282 -0.2195 -0.2101 -0.2001 -0.1893 -0.1777 -0.1658 -0.1597 -0.1658 -0.1777 -0.1893 -0.2001 -0.2101 -0.2195 -0.2282 -0.2365 -0.2442 -0.2515 -0.2584 -0.2649 -0.2711 -0.2769 -0.2823 -0.2875 -0.2923 -0.2968 -0.3010 -0.3049 -0.3086 -0.3120 -0.3151 -0.3180 -0.3206 -0.3230 -0.3252 -0.3271 -0.3288 -0.3302 -0.3315 -0.3326 -0.3335 -0.3342 -0.3348 -0.3353 -0.3356 -0.3359 -0.3361 -0.3362 -0.3363 -0.3364 -0.3364 -0.3364 -0.3364 -0.3363 -0.3363 -0.3362 -0.3359 -0.3323
-0.3332 -0.3362 -0.3364 -0.3364 -0.3364 -0.3364 -0.3364 -0.3363 -0.3362 -0.3361 -0.3360 -0.3358 -0.3355 -0.3351 -0.3347 -0.3342 -0.3336 -0.3328 -0.3318 -0.3307 -0.3294 -0.3279 -0.3262 -0.3242 -0.3220 -0.3195 -0.3168 -0.3138 -0.3106 -0.3071 -0.3033 -0.2993 -0.2950 -0.2904 -0.2855 -0.2803 -0.2748 -0.2689 -0.2626 -0.2560 -0.2490 -0.2415 -0.2336 -0.2252 -0.2163 -0.2067 -0.1964 -0.1853 -0.1734 -0.1612 -0.1550 -0.1612 -0.1734 -0.1853 -0.1964 -0.2067 -0.2163 -0.2252 -0.2336 -0.2415 -0.2490 -0.2560 -0.2626 -0.2689 -0.2748 -0.2803 -0.2855 -0.2904 -0.2950 -0.2993 -0.3033 -0.3071 -0.3106 -0.3138 -0.3168 -0.3195 -0.3220 -0.3242 -0.3262 -0.3279 -0.3294 -0.3307 -0.3318 -0.3328 -0.3336 -0.3342 -0.3347 -0.3351 -0.3355 -0.3358 -0.3360 -0.3361 -0.3362 -0.3363 -0.3364 -0.3364 -0.3364 -0.3364 -0.3364 -0.3362 -0.3332
-0.3340 -0.3364 -0.3364 -0.3364 -0.3363 -0.3363 -0.3362 -0.3361 -0.3359 -0.3357 -0.3355 -0.3353 -0.3349 -0.3345 -0.3340 -0.3335 -0.3328 -0.3319 -0.3310 -0.3298 -0.3284 -0.3269 -0.3251 -0.3231 -0.3208 -0.3183 -0.3155 -0.3125 -0.3091 -0.3055 -0.3017 -0.2975 -0.2931 -0.2884 -0.2834 -0.2781 -0.2725 -0.2666 -0.2602 -0.2535 -0.2464 -0.2388 -0.2307 -0.2221 -0.2130 -0.2031 -0.1926 -0.1813 -0.1690 -0.1566 -0.1503 -0.1566 -0.1690 -0.1813 -0.1926 -0.2031 -0.2130 -0.2221 -0.2307 -0.2388 -0.2464 -0.2535 -0.2602 -0.2666 -0.2725 -0.2781 -0.2834 -0.2884 -0.2931 -0.2975 -0.3017 -0.3055 -0.3091 -0.3125 -0.3155 -0.3183 -0.3208 -0.3231 -0.3251 -0.3269 -0.3284 -0.3298 -0.3310 -0.3319 -0.3328 -0.3335 -0.3340 -0.3345 -0.3349 -0.3353 -0.3355 -0.3357 -0.3359 -0.3361 -0.3362 -0.3363 -0.3363 -0.3364 -0.3364 -0.3364 -0.3340
-0.3347 -0.3363 -0.3363 -0.3362 -0.3361 -0.3360 -0.3358 -0.3357 -0.3354 -0.3352 -0.3349 -0.3346 -0.3342 -0.3337 -0.3332 -0.3326 -0.3318 -0.3310 -0.3299 -0.3287 -0.3273 -0.3257 -0.3239 -0.3218 -0.3195 -0.3169 -0.3141 -0.3110 -0.3076 -0.3040 -0.3000 -0.2957 -0.2912 -0.2864 -0.2813 -0.2759 -0.2701 -0.2640 -0.2576 -0.2508 -0.2436 -0.2359 -0.2277 -0.2190 -0.2096 -0.1995 -0.1887 -0.1771 -0.1646 -0.1519 -0.1455 -0.1519 -0.1646 -0.1771 -0.1887 -0.1995 -0.2096 -0.2190 -0.2277 -0.2359 -0.2436 -0.2508 -0.2576 -0.2640 -0.2701 -0.2759 -0.2813 -0.2864 -0.2912 -0.2957 -0.3000 -0.3040 -0.3076 -0.3110 -0.3141 -0.3169 -0.3195 -0.3218 -0.3239 -0.3257 -0.3273 -0.3287 -0.3299 -0.3310 -0.3318 -0.3326 -0.3332 -0.3337 -0.3342 -0.3346 -0.3349 -0.3352 -0.3354 -0.3357 -0.3358 -0.3360 -0.3361 -0.3362 -0.3363 -0.3363 -0.3347
-0.3353 -0.3362 -0.3360 -0.3359 -0.3357 -0.3355 -0.3353 -0.3351 -0.3348 -0.3345 -0.3341 -0.3337 -0.3333 -0.3328 -0.3322 -0.3315 -0.3307 -0.3298 -0.3287 -0.3275 -0.3260 -0.3244 -0.3225 -0.3204 -0.3181 -0.3154 -0.3126 -0.3094 -0.3060 -0.3023 -0.2982 -0.2939 -0.2892 -0.2843 -0.2791 -0.2735 -0.2677 -0.2615 -0.2549 -0.2480 -0.2406 -0.2329 -0.2245 -0.2156 -0.2061 -0.1958 -0.1847 -0.1728 -0.1600 -0.1471 -0.1406 -0.1471 -0.1600 -0.1728 -0.1847 -0.1958 -0.2061 -0.2156 -0.2245 -0.2329 -0.2406 -0.2480 -0.2549 -0.2615 -0.2677 -0.2735 -0.2791 -0.2843 -0.2892 -0.2939 -0.2982 -0.3023 -0.3060 -0.3094 -0.3126 -0.3154 -0.3181 -0.3204 -0.3225 -0.3244 -0.3260 -0.3275 -0.3287 -0.3298 -0.3307 -0.3315 -0.3322 -0.3328 -0.3333 -0.3337 -0.3341 -0.3345 -0.3348 -0.3351 -0.3353 -0.3355 -0.3357 -0.3359 -0.3360 -0.3362 -0.3353
-0.3357 -0.3359 -0.3355 -0.3353 -0.3351 -0.3349 -0.3346 -0.3343 -0.3340 -0.3336 -0.3332 -0.3327 -0.3322 -0.3316 -0.3310 -0.3302 -0.3294 -0.3284 -0.3273 -0.3260 -0.3246 -0.3229 -0.3210 -0.3189 -0.3165 -0.3138 -0.3109 -0.3077 -0.3043 -0.3005 -0.2964 -0.2920 -0.2872 -0.2821 -0.2768 -0.2711 -0.2651 -0.2588 -0.2521 -0.2450 -0.2375 -0.2295 -0.2211 -0.2121 -0.2023 -0.1918 -0.1806 -0.1684 -0.1554 -0.1423 -0.1358 -0.1423 -0.1554 -0.1684 -0.1806 -0.1918 -0.2023 -0.2121 -0.2211 -0.2295 -0.2375 -0.2450 -0.2521 -0.2588 -0.2651 -0.2711 -0.2768 -0.2821 -0.2872 -0.2920 -0.2964 -0.3005 -0.3043 -0.3077 -0.3109 -0.3138 -0.3165 -0.3189 -0.3210 -0.3229 -0.3246 -0.3260 -0.3273 -0.3284 -0.3294 -0.3302 -0.3310 -0.3316 -0.3322 -0.3327 -0.3332 -0.3336 -0.3340 -0.3343 -0.3346 -0.3349 -0.3351 -0.3353 -0.3355 -0.3359 -0.3357
-0.3360 -0.3354 -0.3349 -0.3347 -0.3344 -0.3341 -0.3337 -0.3334 -0.3330 -0.3325 -0.3320 -0.3315 -0.3309 -0.3303 -0.3296 -0.3288 -0.3279 -0.3269 -0.3257 -0.3244 -0.3229 -0.3212 -0.3193 -0.3171 -0.3147 -0.3120 -0.3091 -0.3059 -0.3024 -0.2986 -0.2944 -0.2900 -0.2851 -0.2799 -0.2745 -0.2686 -0.2625 -0.2560 -0.2492 -0.2419 -0.2343 -0.2262 -0.2175 -0.2082 -0.1983 -0.1876 -0.1761 -0.1637 -0.1506 -0.1375 -0.1308 -0.1375 -0.1506 -0.1637 -0.1761 -0.1876 -0.1983 -0.2082 -0.2175 -0.2262 -0.2343 -0.2419 -0.2492 -0.2560 -0.2625 -0.2686 -0.2745 -0.2799 -0.2851 -0.2900 -0.2944 -0.2986 -0.3024 -0.3059 -0.3091 -0.3120 -0.3147 -0.3171 -0.3193 -0.3212 -0.3229 -0.3244 -0.3257 -0.3269 -0.3279 -0.3288 -0.3296 -0.3303 -0.3309 -0.3315 -0.3320 -0.3325 -0.3330 -0.3334 -0.3337 -0.3341 -0.3344 -0.3347 -0.3349 -0.3354 -0.3360
-0.3361 -0.3347 -0.3341 -0.3338 -0.3334 -0.3330 -0.3326 -0.3322 -0.3318 -0.3312 -0.3307 -0.3301 -0.3294 -0.3287 -0.3279 -0.3271 -0.3262 -0.3251 -0.3239 -0.3225 -0.3210 -0.3193 -0.3174 -0.3152 -0.3128 -0.3101 -0.3071 -0.3039 -0.3004 -0.2965 -0.2924 -0.2878 -0.2829 -0.2777 -0.2721 -0.2661 -0.2599 -0.2532 -0.2462 -0.2388 -0.2310 -0.2226 -0.2137 -0.2042 -0.1941 -0.1831 -0.1713 -0.1589 -0.1455 -0.1323 -0.1259 -0.1323 -0.1455 -0.1589 -0.1713 -0.1831 -0.1941 -0.2042 -0.2137 -0.2226 -0.2310 -0.2388 -0.2462 -0.2532 -0.2599 -0.2661 -0.2721 -0.2777 -0.2829 -0.2878 -0.2924 -0.2965 -0.3004 -0.3039 -0.3071 -0.3101 -0.3128 -0.3152 -0.3174 -0.3193 -0.3210 -0.3225 -0.3239 -0.3251 -0.3262 -0.3271 -0.3279 -0.3287 -0.3294 -0.3301 -0.3307 -0.3312 -0.3318 -0.3322 -0.3326 -0.3330 -0.3334 -0.3338 -0.3341 -0.3347 -0.3361
-0.3361 -0.3338 -0.3331 -0.3327 -0.3323 -0.3318 -0.3314 -0.3309 -0.3303 -0.3298 -0.3291 -0.3284 -0.3277 -0.3269 -0.3261 -0.3252 -0.3242 -0.3231 -0.3218 -0.3204 -0.3189 -0.3171 -0.3152 -0.3130 -0.3106 -0.3079 -0.3049 -0.3017 -0.2981 -0.2943 -0.2901 -0.2856 -0.2807 -0.2753 -0.2696 -0.2636 -0.2571 -0.2504 -0.2432 -0.2356 -0.2275 -0.2190 -0.2099 -0.2001 -0.1896 -0.1784 -0.1664 -0.1536 -0.1401 -0.1272 -0.1205 -0.1272 -0.1401 -0.1536 -0.1664 -0.1784 -0.1896 -0.2001 -0.2099 -0.2190 -0.2275 -0.2356 -0.2432 -0.2504 -0.2571 -0.2636 -0.2696 -0.2753 -0.2807 -0.2856 -0.2901 -0.2943 -0.2981 -0.3017 -0.3049 -0.3079 -0.3106 -0.3130 -0.3152 -0.3171 -0.3189 -0.3204 -0.3218 -0.3231 -0.3242 -0.3252 -0.3261 -0.3269 -0.3277 -0.3284 -0.3291 -0.3298 -0.3303 -0.3309 -0.3314 -0.3318 -0.3323 -0.3327 -0.3331 -0.3338 -0.3361
-0.3360 -0.3328 -0.3319 -0.3314 -0.3309 -0.3304 -0.3299 -0.3293 -0.3287 -0.3281 -0.3274 -0.3266 -0.3258 -0.3249 -0.3240 -0.3230 -0.3220 -0.3208 -0.3195 -0.3181 -0.3165 -0.3147 -0.3128 -0.3106 -0.3082 -0.3055 -0.3025 -0.2992 -0.2957 -0.2919 -0.2877 -0.2831 -0.2782 -0.2728 -0.2670 -0.2609 -0.2544 -0.2474 -0.2401 -0.2323 -0.2240 -0.2153 -0.2059 -0.1958 -0.1850 -0.1735 -0.1612 -0.1482 -0.1347 -0.1215 -0.1152 -0.1215 -0.1347 -0.1482 -0.1612 -0.1735 -0.1850 -0.1958 -0.2059 -0.2153 -0.2240 -0.2323 -0.2401 -0.2474 -0.2544 -0.2609 -0.2670 -0.2728 -0.2782 -0.2831 -0.2877 -0.2919 -0.2957 -0.2992 -0.3025 -0.3055 -0.3082 -0.3106 -0.3128 -0.3147 -0.3165 -0.3181 -0.3195 -0.3208 -0.3220 -0.3230 -0.3240 -0.3249 -0.3258 -0.3266 -0.3274 -0.3281 -0.3287 -0.3293 -0.3299 -0.3304 -0.3309 -0.3314 -0.3319 -0.3328 -0.3360
-0.3356 -0.3315 -0.3305 -0.3300 -0.3294 -0.3288 -0.3282 -0.3275 -0.3268 -0.3261 -0.3253 -0.3245 -0.3236 -0.3227 -0.3217 -0.3206 -0.3195 -0.3183 -0.3169 -0.3154 -0.3138 -0.3120 -0.3101 -0.3079 -0.3055 -0.3028 -0.2998 -0.2966 -0.2930 -0.2892 -0.2849 -0.2804 -0.2754 -0.2701 -0.2643 -0.2580 -0.2514 -0.2444 -0.2369 -0.2289 -0.2204 -0.2114 -0.2018 -0.1914 -0.1803 -0.1684 -0.1558 -0.1426 -0.1290 -0.1160 -0.1097 -0.1160 -0.1290 -0.1426 -0.1558 -0.1684 -0.1803 -0.1914 -0.2018 -0.2114 -0.2204 -0.2289 -0.2369 -0.2444 -0.2514 -0.2580 -0.2643 -0.2701 -0.2754 -0.2804 -0.2849 -0.2892 -0.2930 -0.2966 -0.2998 -0.3028 -0.3055 -0.3079 -0.3101 -0.3120 -0.3138 -0.3154 -0.3169 -0.3183 -0.3195 -0.3206 -0.3217 -0.3227 -0.3236 -0.3245 -0.3253 -0.3261 -0.3268 -0.3275 -0.3282 -0.3288 -0.3294 -0.3300 -0.3305 -0.3315 -0.3356
-0.3351 -0.3301 -0.3289 -0.3283 -0.3276 -0.3269 -0.3262 -0.3255 -0.3247 -0.3240 -0.3231 -0.3222 -0.3212 -0.3202 -0.3191 -0.3180 -0.3168 -0.3155 -0.3141 -0.3126 -0.3109 -0.3091 -0.3071 -0.3049 -0.3025 -0.2998 -0.2969 -0.2936 -0.2901 -0.2862 -0.2819 -0.2773 -0.2724 -0.2670 -0.2612 -0.2550 -0.2483 -0.2412 -0.2336 -0.2255 -0.2168 -0.2075 -0.1975 -0.1869 -0.1755 -0.1633 -0.1504 -0.1370 -0.1234 -0.1105 -0.1043 -0.1105 -0.1234 -0.1370 -0.1504 -0.1633 -0.1755 -0.1869 -0.1975 -0.2075 -0.2168 -0.2255 -0.2336 -0.2412 -0.2483 -0.2550 -0.2612 -0.2670 -0.2724 -0.2773 -0.2819 -0.2862 -0.2901 -0.2936 -0.2969 -0.2998 -0.3025 -0.3049 -0.3071 -0.3091 -0.3109 -0.3126 -0.3141 -0.3155 -0.3168 -0.3180 -0.3191 -0.3202 -0.3212 -0.3222 -0.3231 -0.3240 -0.3247 -0.3255 -0.3262 -0.3269 -0.3276 -0.3283 -0.3289 -0.3301 -0.3351
-0.3345 -0.3284 -0.3270 -0.3263 -0.3256 -0.3249 -0.3241 -0.3233 -0.3224 -0.3216 -0.3206 -0.3197 -0.3186 -0.3175 -0.3163 -0.3151 -0.3138 -0.3125 -0.3110 -0.3094 -0.3077 -0.3059 -0.3039 -0.3017 -0.2992 -0.2966 -0.2936 -0.2904 -0.2868 -0.2829 -0.2787 -0.2741 -0.2691 -0.2637 -0.2579 -0.2517 -0.2450 -0.2379 -0.2302 -0.2219 -0.2130 -0.2034 -0.1932 -0.1822 -0.1705 -0.1580 -0.1449 -0.1314 -0.1178 -0.1051 -0.0990 -0.1051 -0.1178 -0.1314 -0.1449 -0.1580 -0.1705 -0.1822 -0.1932 -0.2034 -0.2130 -0.2219 -0.2302 -0.2379 -0.2450 -0.2517 -0.2579 -0.2637 -0.2691 -0.2741 -0.2787 -0.2829 -0.2868 -0.2904 -0.2936 -0.2966 -0.2992 -0.3017 -0.3039 -0.3059 -0.3077 -0.3094 -0.3110 -0.3125 -0.3138 -0.3151 -0.3163 -0.3175 -0.3186 -0.3197 -0.3206 -0.3216 -0.3224 -0.3233 -0.3241 -0.3249 -0.3256 -0.3263 -0.3270 -0.3284 -0.3345
-0.3336 -0.3265 -0.3250 -0.3242 -0.3234 -0.3226 -0.3217 -0.3208 -0.3199 -0.3189 -0.3179 -0.3169 -0.3158 -0.3145 -0.3133 -0.3120 -0.3106 -0.3091 -0.3076 -0.3060 -0.3043 -0.3024 -0.3004 -0.2981 -0.2957 -0.2930 -0.2901 -0.2868 -0.2833 -0.2794 -0.2752 -0.2706 -0.2656 -0.2601 -0.2544 -0.2481 -0.2414 -0.2343 -0.2265 -0.2181 -0.2091 -0.1992 -0.1887 -0.1774 -0.1653 -0.1526 -0.1393 -0.1257 -0.1122 -0.0998 -0.0939 -0.0998 -0.1122 -0.1257 -0.1393 -0.1526 -0.1653 -0.1774 -0.1887 -0.1992 -0.2091 -0.2181 -0.2265 -0.2343 -0.2414 -0.2481 -0.2544 -0.2601 -0.2656 -0.2706 -0.2752 -0.2794 -0.2833 -0.2868 -0.2901 -0.2930 -0.2957 -0.2981 -0.3004 -0.3024 -0.3043 -0.3060 -0.3076 -0.3091 -0.3106 -0.3120 -0.3133 -0.3145 -0.3158 -0.3169 -0.3179 -0.3189 -0.3199 -0.3208 -0.3217 -0.3226 -0.3234 -0.3242 -0.3250 -0.3265 -0.3336
-0.3326 -0.3244 -0.3227 -0.3218 -0.3209 -0.3200 -0.3191 -0.3181 -0.3171 -0.3160 -0.3149 -0.3138 -0.3126 -0.3114 -0.3100 -0.3086 -0.3071 -0.3055 -0.3040 -0.3023 -0.3005 -0.2986 -0.2965 -0.2943 -0.2919 -0.2892 -0.2862 -0.2829 -0.2794 -0.2756 -0.2713 -0.2667 -0.2617 -0.2563 -0.2505 -0.2443 -0.2377 -0.2304 -0.2226 -0.2141 -0.2049 -0.1949 -0.1841 -0.1725 -0.1601 -0.1471 -0.1336 -0.1201 -0.1068 -0.0947 -0.0889 -0.0947 -0.1068 -0.1201 -0.1336 -0.1471 -0.1601 -0.1725 -0.1841 -0.1949 -0.2049 -0.2141 -0.2226 -0.2304 -0.2377 -0.2443 -0.2505 -0.2563 -0.2617 -0.2667 -0.2713 -0.2756 -0.2794 -0.2829 -0.2862 -0.2892 -0.2919 -0.2943 -0.2965 -0.2986 -0.3005 -0.3023 -0.3040 -0.3055 -0.3071 -0.3086 -0.3100 -0.3114 -0.3126 -0.3138 -0.3149 -0.3160 -0.3171 -0.3181 -0.3191 -0.3200 -0.3209 -0.3218 -0.3227 -0.3244 -0.3326
-0.3313 -0.3220 -0.3201 -0.3192 -0.3182 -0.3172 -0.3162 -0.3151 -0.3140 -0.3128 -0.3117 -0.3105 -0.3092 -0.3079 -0.3064 -0.3049 -0.3033 -0.3017 -0.3000 -0.2982 -0.2964 -0.2944 -0.2924 -0.2901 -0.2877 -0.2849 -0.2819 -0.2787 -0.2752 -0.2713 -0.2672 -0.2625 -0.2576 -0.2522 -0.2463 -0.2401 -0.2334 -0.2263 -0.2184 -0.2099 -0.2005 -0.1904 -0.1793 -0.1674 -0.1547 -0.1415 -0.1280 -0.1145 -0.1014 -0.0897 -0.0842 -0.0897 -0.1014 -0.1145 -0.1280 -0.1415 -0.1547 -0.1674 -0.1793 -0.1904 -0.2005 -0.2099 -0.2184 -0.2263 -0.2334 -0.2401 -0.2463 -0.2522 -0.2576 -0.2625 -0.2672 -0.2713 -0.2752 -0.2787 -0.2819 -0.2849 -0.2877 -0.2901 -0.2924 -0.2944 -0.2964 -0.2982 -0.3000 -0.3017 -0.3033 -0.3049 -0.3064 -0.3079 -0.3092 -0.3105 -0.3117 -0.3128 -0.3140 -0.3151 -0.3162 -0.3172 -0.3182 -0.3192 -0.3201 -0.3220 -0.3313
-0.3298 -0.3194 -0.3173 -0.3163 -0.3153 -0.3142 -0.3130 -0.3119 -0.3107 -0.3094 -0.3082 -0.3069 -0.3055 -0.3041 -0.3026 -0.3010 -0.2993 -0.2975 -0.2957 -0.2939 -0.2920 -0.2900 -0.2878 -0.2856 -0.2831 -0.2804 -0.2773 -0.2741 -0.2706 -0.2667 -0.2625 -0.2581 -0.2531 -0.2477 -0.2419 -0.2356 -0.2289 -0.2217 -0.2139 -0.2052 -0.1958 -0.1855 -0.1743 -0.1622 -0.1493 -0.1359 -0.1223 -0.1090 -0.0963 -0.0850 -0.0796 -0.0850 -0.0963 -0.1090 -0.1223 -0.1359 -0.1493 -0.1622 -0.1743 -0.1855 -0.1958 -0.2052 -0.2139 -0.2217 -0.2289 -0.2356 -0.2419 -0.2477 -0.2531 -0.2581 -0.2625 -0.2667 -0.2706 -0.2741 -0.2773 -0.2804 -0.2831 -0.2856 -0.2878 -0.2900 -0.2920 -0.2939 -0.2957 -0.2975 -0.2993 -0.3010 -0.3026 -0.3041 -0.3055 -0.3069 -0.3082 -0.3094 -0.3107 -0.3119 -0.3130 -0.3142 -0.3153 -0.3163 -0.3173 -0.3194 -0.3298
-0.3282 -0.3166 -0.3143 -0.3132 -0.3120 -0.3108 -0.3096 -0.3084 -0.3071 -0.3057 -0.3044 -0.3030 -0.3016 -0.3001 -0.2985 -0.2968 -0.2950 -0.2931 -0.2912 -0.2892 -0.2872 -0.2851 -0.2829 -0.2807 -0.2782 -0.2754 -0.2724 -0.2691 -0.2656 -0.2617 -0.2576 -0.2531 -0.2482 -0.2428 -0.2370 -0.2307 -0.2240 -0.2168 -0.2088 -0.2002 -0.1907 -0.1803 -0.1690 -0.1567 -0.1437 -0.1302 -0.1167 -0.1036 -0.0913 -0.0804 -0.0753 -0.0804 -0.0913 -0.1036 -0.1167 -0.1302 -0.1437 -0.1567 -0.1690 -0.1803 -0.1907 -0.2002 -0.2088 -0.2168 -0.2240 -0.2307 -0.2370 -0.2428 -0.2482 -0.2531 -0.2576 -0.2617 -0.2656 -0.2691 -0.2724 -0.2754 -0.2782 -0.2807 -0.2829 -0.2851 -0.2872 -0.2892 -0.2912 -0.2931 -0.2950 -0.2968 -0.2985 -0.3001 -0.3016 -0.3030 -0.3044 -0.3057 -0.3071 -0.3084 -0.3096 -0.3108 -0.3120 -0.3132 -0.3143 -0.3166 -0.3282
-0.3263 -0.3134 -0.3110 -0.3098 -0.3086 -0.3073 -0.3059 -0.3046 -0.3032 -0.3018 -0.3003 -0.2988 -0.2973 -0.2957 -0.2940 -0.2923 -0.2904 -0.2884 -0.2864 -0.2843 -0.2821 -0.2799 -0.2777 -0.2753 -0.2728 -0.2701 -0.2670 -0.2637 -0.2601 -0.2563 -0.2522 -0.2477 -0.2428 -0.2376 -0.2317 -0.2254 -0.2186 -0.2113 -0.2034 -0.1947 -0.1852 -0.1747 -0.1633 -0.1510 -0.1380 -0.1246 -0.1112 -0.0984 -0.0864 -0.0761 -0.0712 -0.0761 -0.0864 -0.0984 -0.1112 -0.1246 -0.1380 -0.1510 -0.1633 -0.1747 -0.1852 -0.1947 -0.2034 -0.2113 -0.2186 -0.2254 -0.2317 -0.2376 -0.2428 -0.2477 -0.2522 -0.2563 -0.2601 -0.2637 -0.2670 -0.2701 -0.2728 -0.2753 -0.2777 -0.2799 -0.2821 -0.2843 -0.2864 -0.2884 -0.2904 -0.2923 -0.2940 -0.2957 -0.2973 -0.2988 -0.3003 -0.3018 -0.3032 -0.3046 -0.3059 -0.3073 -0.3086 -0.3098 -0.3110 -0.3134 -0.3263
-0.3242 -0.3101 -0.3074 -0.3062 -0.3048 -0.3034 -0.3020 -0.3005 -0.2991 -0.2975 -0.2960 -0.2944 -0.2927 -0.2911 -0.2893 -0.2875 -0.2855 -0.2834 -0.2813 -0.2791 -0.2768 -0.2745 -0.2721 -0.2696 -0.2670 -0.2643 -0.2612 -0.2579 -0.2544 -0.2505 -0.2463 -0.2419 -0.2370 -0.2317 -0.2259 -0.2196 -0.2129 -0.2055 -0.1974 -0.1887 -0.1791 -0.1686 -0.1571 -0.1449 -0.1320 -0.1188 -0.1058 -0.0933 -0.0818 -0.0719 -0.0673 -0.0719 -0.0818 -0.0933 -0.1058 -0.1188 -0.1320 -0.1449 -0.1571 -0.1686 -0.1791 -0.1887 -0.1974 -0.2055 -0.2129 -0.2196 -0.2259 -0.2317 -0.2370 -0.2419 -0.2463 -0.2505 -0.2544 -0.2579 -0.2612 -0.2643 -0.2670 -0.2696 -0.2721 -0.2745 -0.2768 -0.2791 -0.2813 -0.2834 -0.2855 -0.2875 -0.2893 -0.2911 -0.2927 -0.2944 -0.2960 -0.2975 -0.2991 -0.3005 -0.3020 -0.3034 -0.3048 -0.3062 -0.3074 -0.3101 -0.3242
-0.3218 -0.3064 -0.3036 -0.3022 -0.3008 -0.2993 -0.2978 -0.2962 -0.2946 -0.2930 -0.2913 -0.2896 -0.2879 -0.2861 -0.2843 -0.2823 -0.2803 -0.2781 -0.2759 -0.2735 -0.2711 -0.2686 -0.2661 -0.2636 -0.2609 -0.2580 -0.2550 -0.2517 -0.2481 -0.2443 -0.2401 -0.2356 -0.2307 -0.2254 -0.2196 -0.2134 -0.2066 -0.1991 -0.1910 -0.1821 -0.1725 -0.1619 -0.1506 -0.1384 -0.1258 -0.1129 -0.1003 -0.0884 -0.0774 -0.0680 -0.0636 -0.0680 -0.0774 -0.0884 -0.1003 -0.1129 -0.1258 -0.1384 -0.1506 -0.1619 -0.1725 -0.1821 -0.1910 -0.1991 -0.2066 -0.2134 -0.2196 -0.2254 -0.2307 -0.2356 -0.2401 -0.2443 -0.2481 -0.2517 -0.2550 -0.2580 -0.2609 -0.2636 -0.2661 -0.2686 -0.2711 -0.2735 -0.2759 -0.2781 -0.2803 -0.2823 -0.2843 -0.2861 -0.2879 -0.2896 -0.2913 -0.2930 -0.2946 -0.2962 -0.2978 -0.2993 -0.3008 -0.3022 -0.3036 -0.3064 -0.3218
-0.3192 -0.3025 -0.2995 -0.2980 -0.2965 -0.2949 -0.2932 -0.2916 -0.2899 -0.2881 -0.2864 -0.2846 -0.2827 -0.2808 -0.2789 -0.2769 -0.2748 -0.2725 -0.2701 -0.2677 -0.2651 -0.2625 -0.2599 -0.2571 -0.2544 -0.2514 -0.2483 -0.2450 -0.2414 -0.2377 -0.2334 -0.2289 -0.2240 -0.2186 -0.2129 -0.2066 -0.1997 -0.1922 -0.1840 -0.1750 -0.1652 -0.1548 -0.1434 -0.1316 -0.1192 -0.1069 -0.0949 -0.0836 -0.0732 -0.0643 -0.0601 -0.0643 -0.0732 -0.0836 -0.0949 -0.1069 -0.1192 -0.1316 -0.1434 -0.1548 -0.1652 -0.1750 -0.1840 -0.1922 -0.1997 -0.2066 -0.2129 -0.2186 -0.2240 -0.2289 -0.2334 -0.2377 -0.2414 -0.2450 -0.2483 -0.2514 -0.2544 -0.2571 -0.2599 -0.2625 -0.2651 -0.2677 -0.2701 -0.2725 -0.2748 -0.2769 -0.2789 -0.2808 -0.2827 -0.2846 -0.2864 -0.2881 -0.2899 -0.2916 -0.2932 -0.2949 -0.2965 -0.2980 -0.2995 -0.3025 -0.3192
-0.3163 -0.2983 -0.2951 -0.2935 -0.2918 -0.2901 -0.2884 -0.2867 -0.2848 -0.2830 -0.2811 -0.2792 -0.2772 -0.2752 -0.2732 -0.2711 -0.2689 -0.2666 -0.2640 -0.2615 -0.2588 -0.2560 -0.2532 -0.2504 -0.2474 -0.2444 -0.2412 -0.2379 -0.2343 -0.2304 -0.2263 -0.2217 -0.2168 -0.2113 -0.2055 -0.1991 -0.1922 -0.1846 -0.1763 -0.1673 -0.1575 -0.1470 -0.1359 -0.1243 -0.1125 -0.1007 -0.0894 -0.0788 -0.0691 -0.0608 -0.0568 -0.0608 -0.0691 -0.0788 -0.0894 -0.1007 -0.1125 -0.1243 -0.1359 -0.1470 -0.1575 -0.1673 -0.1763 -0.1846 -0.1922 -0.1991 -0.2055 -0.2113 -0.2168 -0.2217 -0.2263 -0.2304 -0.2343 -0.2379 -0.2412 -0.2444 -0.2474 -0.2504 -0.2532 -0.2560 -0.2588 -0.2615 -0.2640 -0.2666 -0.2689 -0.2711 -0.2732 -0.2752 -0.2772 -0.2792 -0.2811 -0.2830 -0.2848 -0.2867 -0.2884 -0.2901 -0.2918 -0.2935 -0.2951 -0.2983 -0.3163
-0.3132 -0.2939 -0.2904 -0.2887 -0.2869 -0.2851 -0.2833 -0.2814 -0.2795 -0.2775 -0.2755 -0.2735 -0.2714 -0.2693 -0.2671 -0.2649 -0.2626 -0.2602 -0.2576 -0.2549 -0.2521 -0.2492 -0.2462 -0.2432 -0.2401 -0.2369 -0.2336 -0.2302 -0.2265 -0.2226 -0.2184 -0.2139 -0.2088 -0.2034 -0.1974 -0.1910 -0.1840 -0.1763 -0.1680 -0.1589 -0.1492 -0.1388 -0.1279 -0.1168 -0.1055 -0.0945 -0.0839 -0.0741 -0.0652 -0.0574 -0.0537 -0.0574 -0.0652 -0.0741 -0.0839 -0.0945 -0.1055 -0.1168 -0.1279 -0.1388 -0.1492 -0.1589 -0.1680 -0.1763 -0.1840 -0.1910 -0.1974 -0.2034 -0.2088 -0.2139 -0.2184 -0.2226 -0.2265 -0.2302 -0.2336 -0.2369 -0.2401 -0.2432 -0.2462 -0.2492 -0.2521 -0.2549 -0.2576 -0.2602 -0.2626 -0.2649 -0.2671 -0.2693 -0.2714 -0.2735 -0.2755 -0.2775 -0.2795 -0.2814 -0.2833 -0.2851 -0.2869 -0.2887 -0.2904 -0.2939 -0.3132
-0.3099 -0.2891 -0.2854 -0.2836 -0.2817 -0.2798 -0.2778 -0.2759 -0.2738 -0.2718 -0.2696 -0.2675 -0.2653 -0.2630 -0.2608 -0.2584 -0.2560 -0.2535 -0.2508 -0.2480 -0.2450 -0.2419 -0.2388 -0.2356 -0.2323 -0.2289 -0.2255 -0.2219 -0.2181 -0.2141 -0.2099 -0.2052 -0.2002 -0.1947 -0.1887 -0.1821 -0.1750 -0.1673 -0.1589 -0.1499 -0.1403 -0.1301 -0.1196 -0.1089 -0.0985 -0.0882 -0.0785 -0.0695 -0.0612 -0.0541 -0.0507 -0.0541 -0.0612 -0.0695 -0.0785 -0.0882 -0.0985 -0.1089 -0.1196 -0.1301 -0.1403 -0.1499 -0.1589 -0.1673 -0.1750 -0.1821 -0.1887 -0.1947 -0.2002 -0.2052 -0.2099 -0.2141 -0.2181 -0.2219 -0.2255 -0.2289 -0.2323 -0.2356 -0.2388 -0.2419 -0.2450 -0.2480 -0.2508 -0.2535 -0.2560 -0.2584 -0.2608 -0.2630 -0.2653 -0.2675 -0.2696 -0.2718 -0.2738 -0.2759 -0.2778 -0.2798 -0.2817 -0.2836 -0.2854 -0.2891 -0.3099
-0.3062 -0.2840 -0.2801 -0.2781 -0.2762 -0.2741 -0.2721 -0.2700 -0.2678 -0.2656 -0.2634 -0.2611 -0.2588 -0.2564 -0.2540 -0.2515 -0.2490 -0.2464 -0.2436 -0.2406 -0.2375 -0.2343 -0.2310 -0.2275 -0.2240 -0.2204 -0.2168 -0.2130 -0.2091 -0.2049 -0.2005 -0.1958 -0.1907 -0.1852 -0.1791 -0.1725 -0.1652 -0.1575 -0.1492 -0.1403 -0.1309 -0.1211 -0.1111 -0.1011 -0.0913 -0.0820 -0.0731 -0.0649 -0.0574 -0.0509 -0.0478 -0.0509 -0.0574 -0.0649 -0.0731 -0.0820 -0.0913 -0.1011 -0.1111 -0.1211 -0.1309 -0.1403 -0.1492 -0.1575 -0.1652 -0.1725 -0.1791 -0.1852 -0.1907 -0.1958 -0.2005 -0.2049 -0.2091 -0.2130 -0.2168 -0.2204 -0.2240 -0.2275 -0.2310 -0.2343 -0.2375 -0.2406 -0.2436 -0.2464 -0.2490 -0.2515 -0.2540 -0.2564 -0.2588 -0.2611 -0.2634 -0.2656 -0.2678 -0.2700 -0.2721 -0.2741 -0.2762 -0.2781 -0.2801 -0.2840 -0.3062
-0.3023 -0.2786 -0.2744 -0.2724 -0.2703 -0.2682 -0.2660 -0.2637 -0.2615 -0.2591 -0.2568 -0.2544 -0.2519 -0.2494 -0.2468 -0.2442 -0.2415 -0.2388 -0.2359 -0.2329 -0.2295 -0.2262 -0.2226 -0.2190 -0.2153 -0.2114 -0.2075 -0.2034 -0.1992 -0.1949 -0.1904 -0.1855 -0.1803 -0.1747 -0.1686 -0.1619 -0.1548 -0.1470 -0.1388 -0.1301 -0.1211 -0.1118 -0.1025 -0.0932 -0.0843 -0.0757 -0.0678 -0.0604 -0.0536 -0.0477 -0.0449 -0.0477 -0.0536 -0.0604 -0.0678 -0.0757 -0.0843 -0.0932 -0.1025 -0.1118 -0.1211 -0.1301 -0.1388 -0.1470 -0.1548 -0.1619 -0.1686 -0.1747 -0.1803 -0.1855 -0.1904 -0.1949 -0.1992 -0.2034 -0.2075 -0.2114 -0.2153 -0.2190 -0.2226 -0.2262 -0.2295 -0.2329 -0.2359 -0.2388 -0.2415 -0.2442 -0.2468 -0.2494 -0.2519 -0.2544 -0.2568 -0.2591 -0.2615 -0.2637 -0.2660 -0.2682 -0.2703 -0.2724 -0.2744 -0.2786 -0.3023
-0.2981 -0.2729 -0.2684 -0.2663 -0.2641 -0.2618 -0.2595 -0.2571 -0.2547 -0.2523 -0.2498 -0.2472 -0.2446 -0.2419 -0.2392 -0.2365 -0.2336 -0.2307 -0.2277 -0.2245 -0.2211 -0.2175 -0.2137 -0.2099 -0.2059 -0.2018 -0.1975 -0.1932 -0.1887 -0.1841 -0.1793 -0.1743 -0.1690 -0.1633 -0.1571 -0.1506 -0.1434 -0.1359 -0.1279 -0.1196 -0.1111 -0.1025 -0.0939 -0.0855 -0.0774 -0.0697 -0.0626 -0.0560 -0.0499 -0.0446 -0.0421 -0.0446 -0.0499 -0.0560 -0.0626 -0.0697 -0.0774 -0.0855 -0.0939 -0.1025 -0.1111 -0.1196 -0.1279 -0.1359 -0.1434 -0.1506 -0.1571 -0.1633 -0.1690 -0.1743 -0.1793 -0.1841 -0.1887 -0.1932 -0.1975 -0.2018 -0.2059 -0.2099 -0.2137 -0.2175 -0.2211 -0.2245 -0.2277 -0.2307 -0.2336 -0.2365 -0.2392 -0.2419 -0.2446 -0.2472 -0.2498 -0.2523 -0.2547 -0.2571 -0.2595 -0.2618 -0.2641 -0.2663 -0.2684 -0.2729 -0.2981
-0.2936 -0.2668 -0.2621 -0.2599 -0.2575 -0.2551 -0.2527 -0.2502 -0.2476 -0.2450 -0.2424 -0.2397 -0.2369 -0.2341 -0.2312 -0.2282 -0.2252 -0.2221 -0.2190 -0.2156 -0.2121 -0.2082 -0.2042 -0.2001 -0.1958 -0.1914 -0.1869 -0.1822 -0.1774 -0.1725 -0.1674 -0.1622 -0.1567 -0.1510 -0.1449 -0.1384 -0.1316 -0.1243 -0.1168 -0.1089 -0.1011 -0.0932 -0.0855 -0.0780 -0.0708 -0.0640 -0.0576 -0.0517 -0.0464 -0.0416 -0.0393 -0.0416 -0.0464 -0.0517 -0.0576 -0.0640 -0.0708 -0.0780 -0.0855 -0.0932 -0.1011 -0.1089 -0.1168 -0.1243 -0.1316 -0.1384 -0.1449 -0.1510 -0.1567 -0.1622 -0.1674 -0.1725 -0.1774 -0.1822 -0.1869 -0.1914 -0.1958 -0.2001 -0.2042 -0.2082 -0.2121 -0.2156 -0.2190 -0.2221 -0.2252 -0.2282 -0.2312 -0.2341 -0.2369 -0.2397 -0.2424 -0.2450 -0.2476 -0.2502 -0.2527 -0.2551 -0.2575 -0.2599 -0.2621 -0.2668 -0.2936
-0.2889 -0.2604 -0.2554 -0.2530 -0.2505 -0.2480 -0.2454 -0.2428 -0.2401 -0.2373 -0.2345 -0.2316 -0.2287 -0.2257 -0.2226 -0.2195 -0.2163 -0.2130 -0.2096 -0.2061 -0.2023 -0.1983 -0.1941 -0.1896 -0.1850 -0.1803 -0.1755 -0.1705 -0.1653 -0.1601 -0.1547 -0.1493 -0.1437 -0.1380 -0.1320 -0.1258 -0.1192 -0.1125 -0.1055 -0.0985 -0.0913 -0.0843 -0.0774 -0.0708 -0.0645 -0.0585 -0.0529 -0.0477 -0.0429 -0.0386 -0.0365 -0.0386 -0.0429 -0.0477 -0.0529 -0.0585 -0.0645 -0.0708 -0.0774 -0.0843 -0.0913 -0.0985 -0.1055 -0.1125 -0.1192 -0.1258 -0.1320 -0.1380 -0.1437 -0.1493 -0.1547 -0.1601 -0.1653 -0.1705 -0.1755 -0.1803 -0.1850 -0.1896 -0.1941 -0.1983 -0.2023 -0.2061 -0.2096 -0.2130 -0.2163 -0.2195 -0.2226 -0.2257 -0.2287 -0.2316 -0.2345 -0.2373 -0.2401 -0.2428 -0.2454 -0.2480 -0.2505 -0.2530 -0.2554 -0.2604 -0.2889
-0.2838 -0.2536 -0.2484 -0.2458 -0.2432 -0.2405 -0.2377 -0.2349 -0.2321 -0.2291 -0.2262 -0.2231 -0.2200 -0.2168 -0.2135 -0.2101 -0.2067 -0.2031 -0.1995 -0.1958 -0.1918 -0.1876 -0.1831 -0.1784 -0.1735 -0.1684 -0.1633 -0.1580 -0.1526 -0.1471 -0.1415 -0.1359 -0.1302 -0.1246 -0.1188 -0.1129 -0.1069 -0.1007 -0.0945 -0.0882 -0.0820 -0.0757 -0.0697 -0.0640 -0.0585 -0.0533 -0.0484 -0.0438 -0.0396 -0.0358 -0.0339 -0.0358 -0.0396 -0.0438 -0.0484 -0.0533 -0.0585 -0.0640 -0.0697 -0.0757 -0.0820 -0.0882 -0.0945 -0.1007 -0.1069 -0.1129 -0.1188 -0.1246 -0.1302 -0.1359 -0.1415 -0.1471 -0.1526 -0.1580 -0.1633 -0.1684 -0.1735 -0.1784 -0.1831 -0.1876 -0.1918 -0.1958 -0.1995 -0.2031 -0.2067 -0.2101 -0.2135 -0.2168 -0.2200 -0.2231 -0.2262 -0.2291 -0.2321 -0.2349 -0.2377 -0.2405 -0.2432 -0.2458 -0.2484 -0.2536 -0.2838
-0.2784 -0.2464 -0.2409 -0.2382 -0.2354 -0.2325 -0.2296 -0.2266 -0.2236 -0.2204 -0.2173 -0.2140 -0.2106 -0.2072 -0.2037 -0.2001 -0.1964 -0.1926 -0.1887 -0.1847 -0.1806 -0.1761 -0.1713 -0.1664 -0.1612 -0.1558 -0.1504 -0.1449 -0.1393 -0.1336 -0.1280 -0.1223 -0.1167 -0.1112 -0.1058 -0.1003 -0.0949 -0.0894 -0.0839 -0.0785 -0.0731 -0.0678 -0.0626 -0.0576 -0.0529 -0.0484 -0.0442 -0.0402 -0.0364 -0.0331 -0.0314 -0.0331 -0.0364 -0.0402 -0.0442 -0.0484 -0.0529 -0.0576 -0.0626 -0.0678 -0.0731 -0.0785 -0.0839 -0.0894 -0.0949 -0.1003 -0.1058 -0.1112 -0.1167 -0.1223 -0.1280 -0.1336 -0.1393 -0.1449 -0.1504 -0.1558 -0.1612 -0.1664 -0.1713 -0.1761 -0.1806 -0.1847 -0.1887 -0.1926 -0.1964 -0.2001 -0.2037 -0.2072 -0.2106 -0.2140 -0.2173 -0.2204 -0.2236 -0.2266 -0.2296 -0.2325 -0.2354 -0.2382 -0.2409 -0.2464 -0.2784
-0.2726 -0.2388 -0.2329 -0.2301 -0.2271 -0.2240 -0.2209 -0.2177 -0.2145 -0.2112 -0.2077 -0.2042 -0.2006 -0.1970 -0.1932 -0.1893 -0.1853 -0.1813 -0.1771 -0.1728 -0.1684 -0.1637 -0.1589 -0.1536 -0.1482 -0.1426 -0.1370 -0.1314 -0.1257 -0.1201 -0.1145 -0.1090 -0.1036 -0.0984 -0.0933 -0.0884 -0.0836 -0.0788 -0.0741 -0.0695 -0.0649 -0.0604 -0.0560 -0.0517 -0.0477 -0.0438 -0.0402 -0.0367 -0.0334 -0.0304 -0.0290 -0.0304 -0.0334 -0.0367 -0.0402 -0.0438 -0.0477 -0.0517 -0.0560 -0.0604 -0.0649 -0.0695 -0.0741 -0.0788 -0.0836 -0.0884 -0.0933 -0.0984 -0.1036 -0.1090 -0.1145 -0.1201 -0.1257 -0.1314 -0.1370 -0.1426 -0.1482 -0.1536 -0.1589 -0.1637 -0.1684 -0.1728 -0.1771 -0.1813 -0.1853 -0.1893 -0.1932 -0.1970 -0.2006 -0.2042 -0.2077 -0.2112 -0.2145 -0.2177 -0.2209 -0.2240 -0.2271 -0.2301 -0.2329 -0.2388 -0.2726
-0.2665 -0.2306 -0.2244 -0.2214 -0.2182 -0.2149 -0.2116 -0.2082 -0.2047 -0.2011 -0.1975 -0.1937 -0.1898 -0.1859 -0.1818 -0.1777 -0.1734 -0.1690 -0.1646 -0.1600 -0.1554 -0.1506 -0.1455 -0.1401 -0.1347 -0.1290 -0.1234 -0.1178 -0.1122 -0.1068 -0.1014 -0.0963 -0.0913 -0.0864 -0.0818 -0.0774 -0.0732 -0.0691 -0.0652 -0.0612 -0.0574 -0.0536 -0.0499 -0.0464 -0.0429 -0.0396 -0.0364 -0.0334 -0.0306 -0.0280 -0.0266 -0.0280 -0.0306 -0.0334 -0.0364 -0.0396 -0.0429 -0.0464 -0.0499 -0.0536 -0.0574 -0.0612 -0.0652 -0.0691 -0.0732 -0.0774 -0.0818 -0.0864 -0.0913 -0.0963 -0.1014 -0.1068 -0.1122 -0.1178 -0.1234 -0.1290 -0.1347 -0.1401 -0.1455 -0.1506 -0.1554 -0.1600 -0.1646 -0.1690 -0.1734 -0.1777 -0.1818 -0.1859 -0.1898 -0.1937 -0.1975 -0.2011 -0.2047 -0.2082 -0.2116 -0.2149 -0.2182 -0.2214 -0.2244 -0.2306 -0.2665
