-0.3311 -0.3200 -0.3141 -0.3109 -0.3074 -0.3036 -0.2995 -0.2951 -0.2904 -0.2854 -0.2801 -0.2745 -0.2685 -0.2622 -0.2555 -0.2484 -0.2409 -0.2329 -0.2244 -0.2152 -0.2054 -0.1948 -0.1834 -0.1710 -0.1578 -0.1438 -0.1294 -0.1150 -0.1011 -0.0882 -0.0765 -0.0662 -0.0573 -0.0496 -0.0430 -0.0373 -0.0325 -0.0283 -0.0246 -0.0215 -0.0187 -0.0163 -0.0142 -0.0123 -0.0106 -0.0092 -0.0079 -0.0067 -0.0057 -0.0048 -0.0043 -0.0048 -0.0057 -0.0067 -0.0079 -0.0092 -0.0106 -0.0123 -0.0142 -0.0163 -0.0187 -0.0215 -0.0246 -0.0283 -0.0325 -0.0373 -0.0430 -0.0496 -0.0573 -0.0662 -0.0765 -0.0882 -0.1011 -0.1150 -0.1294 -0.1438 -0.1578 -0.1710 -0.1834 -0.1948 -0.2054 -0.2152 -0.2244 -0.2329 -0.2409 -0.2484 -0.2555 -0.2622 -0.2685 -0.2745 -0.2801 -0.2854 -0.2904 -0.2951 -0.2995 -0.3036 -0.3074 -0.3109 -0.3141 -0.3200 -0.3311
-0.3200 -0.2996 -0.2941 -0.2899 -0.2852 -0.2802 -0.2746 -0.2687 -0.2625 -0.2558 -0.2488 -0.2413 -0.2334 -0.2249 -0.2159 -0.2063 -0.1960 -0.1849 -0.1729 -0.1602 -0.1468 -0.1329 -0.1189 -0.1053 -0.0925 -0.0808 -0.0704 -0.0612 -0.0533 -0.0464 -0.0405 -0.0354 -0.0310 -0.0272 -0.0239 -0.0209 -0.0184 -0.0161 -0.0141 -0.0123 -0.0108 -0.0094 -0.0081 -0.0070 -0.0061 -0.0052 -0.0044 -0.0037 -0.0031 -0.0025 -0.0022 -0.0025 -0.0031 -0.0037 -0.0044 -0.0052 -0.0061 -0.0070 -0.0081 -0.0094 -0.0108 -0.0123 -0.0141 -0.0161 -0.0184 -0.0209 -0.0239 -0.0272 -0.0310 -0.0354 -0.0405 -0.0464 -0.0533 -0.0612 -0.0704 -0.0808 -0.0925 -0.1053 -0.1189 -0.1329 -0.1468 -0.1602 -0.1729 -0.1849 -0.1960 -0.2063 -0.2159 -0.2249 -0.2334 -0.2413 -0.2488 -0.2558 -0.2625 -0.2687 -0.2746 -0.2802 -0.2852 -0.2899 -0.2941 -0.2996 -0.3200
-0.3141 -0.2941 -0.2890 -0.2851 -0.2805 -0.2754 -0.2699 -0.2639 -0.2574 -0.2506 -0.2433 -0.2355 -0.2273 -0.2184 -0.2090 -0.1989 -0.1880 -0.1764 -0.1639 -0.1507 -0.1369 -0.1230 -0.1093 -0.0963 -0.0843 -0.0735 -0.0640 -0.0557 -0.0486 -0.0424 -0.0371 -0.0325 -0.0285 -0.0250 -0.0220 -0.0193 -0.0169 -0.0149 -0.0130 -0.0114 -0.0099 -0.0087 -0.0075 -0.0065 -0.0056 -0.0048 -0.0040 -0.0034 -0.0028 -0.0023 -0.0020 -0.0023 -0.0028 -0.0034 -0.0040 -0.0048 -0.0056 -0.0065 -0.0075 -0.0087 -0.0099 -0.0114 -0.0130 -0.0149 -0.0169 -0.0193 -0.0220 -0.0250 -0.0285 -0.0325 -0.0371 -0.0424 -0.0486 -0.0557 -0.0640 -0.0735 -0.0843 -0.0963 -0.1093 -0.1230 -0.1369 -0.1507 -0.1639 -0.1764 -0.1880 -0.1989 -0.2090 -0.2184 -0.2273 -0.2355 -0.2433 -0.2506 -0.2574 -0.2639 -0.2699 -0.2754 -0.2805 -0.2851 -0.2890 -0.2941 -0.3141
-0.3109 -0.2899 -0.2851 -0.2814 -0.2772 -0.2724 -0.2670 -0.2610 -0.2546 -0.2478 -0.2405 -0.2326 -0.2242 -0.2153 -0.2056 -0.1952 -0.1841 -0.1721 -0.1594 -0.1460 -0.1321 -0.1182 -0.1047 -0.0920 -0.0804 -0.0701 -0.0610 -0.0531 -0.0464 -0.0405 -0.0354 -0.0311 -0.0272 -0.0239 -0.0210 -0.0185 -0.0162 -0.0142 -0.0124 -0.0109 -0.0095 -0.0082 -0.0071 -0.0061 -0.0053 -0.0045 -0.0038 -0.0032 -0.0026 -0.0021 -0.0018 -0.0021 -0.0026 -0.0032 -0.0038 -0.0045 -0.0053 -0.0061 -0.0071 -0.0082 -0.0095 -0.0109 -0.0124 -0.0142 -0.0162 -0.0185 -0.0210 -0.0239 -0.0272 -0.0311 -0.0354 -0.0405 -0.0464 -0.0531 -0.0610 -0.0701 -0.0804 -0.0920 -0.1047 -0.1182 -0.1321 -0.1460 -0.1594 -0.1721 -0.1841 -0.1952 -0.2056 -0.2153 -0.2242 -0.2326 -0.2405 -0.2478 -0.2546 -0.2610 -0.2670 -0.2724 -0.2772 -0.2814 -0.2851 -0.2899 -0.3109
-0.3074 -0.2852 -0.2805 -0.2772 -0.2733 -0.2687 -0.2636 -0.2578 -0.2515 -0.2447 -0.2373 -0.2294 -0.2209 -0.2118 -0.2020 -0.1914 -0.1800 -0.1678 -0.1547 -0.1411 -0.1272 -0.1134 -0.1001 -0.0878 -0.0766 -0.0667 -0.0581 -0.0506 -0.0442 -0.0386 -0.0338 -0.0297 -0.0260 -0.0229 -0.0201 -0.0176 -0.0155 -0.0136 -0.0119 -0.0104 -0.0090 -0.0078 -0.0068 -0.0058 -0.0050 -0.0042 -0.0036 -0.0030 -0.0024 -0.0020 -0.0017 -0.0020 -0.0024 -0.0030 -0.0036 -0.0042 -0.0050 -0.0058 -0.0068 -0.0078 -0.0090 -0.0104 -0.0119 -0.0136 -0.0155 -0.0176 -0.0201 -0.0229 -0.0260 -0.0297 -0.0338 -0.0386 -0.0442 -0.0506 -0.0581 -0.0667 -0.0766 -0.0878 -0.1001 -0.1134 -0.1272 -0.1411 -0.1547 -0.1678 -0.1800 -0.1914 -0.2020 -0.2118 -0.2209 -0.2294 -0.2373 -0.2447 -0.2515 -0.2578 -0.2636 -0.2687 -0.2733 -0.2772 -0.2805 -0.2852 -0.3074
-0.3036 -0.2802 -0.2754 -0.2724 -0.2687 -0.2645 -0.2595 -0.2540 -0.2479 -0.2411 -0.2339 -0.2259 -0.2173 -0.2081 -0.1981 -0.1873 -0.1757 -0.1633 -0.1500 -0.1363 -0.1223 -0.1087 -0.0957 -0.0837 -0.0730 -0.0636 -0.0554 -0.0483 -0.0422 -0.0369 -0.0323 -0.0283 -0.0249 -0.0218 -0.0192 -0.0168 -0.0148 -0.0129 -0.0113 -0.0099 -0.0086 -0.0074 -0.0064 -0.0055 -0.0047 -0.0040 -0.0033 -0.0028 -0.0023 -0.0018 -0.0015 -0.0018 -0.0023 -0.0028 -0.0033 -0.0040 -0.0047 -0.0055 -0.0064 -0.0074 -0.0086 -0.0099 -0.0113 -0.0129 -0.0148 -0.0168 -0.0192 -0.0218 -0.0249 -0.0283 -0.0323 -0.0369 -0.0422 -0.0483 -0.0554 -0.0636 -0.0730 -0.0837 -0.0957 -0.1087 -0.1223 -0.1363 -0.1500 -0.1633 -0.1757 -0.1873 -0.1981 -0.2081 -0.2173 -0.2259 -0.2339 -0.2411 -0.2479 -0.2540 -0.2595 -0.2645 -0.2687 -0.2724 -0.2754 -0.2802 -0.3036
-0.2995 -0.2746 -0.2699 -0.2670 -0.2636 -0.2595 -0.2549 -0.2496 -0.2437 -0.2372 -0.2298 -0.2220 -0.2134 -0.2040 -0.1939 -0.1830 -0.1712 -0.1584 -0.1451 -0.1314 -0.1175 -0.1040 -0.0913 -0.0798 -0.0695 -0.0606 -0.0528 -0.0460 -0.0402 -0.0352 -0.0308 -0.0271 -0.0238 -0.0209 -0.0183 -0.0161 -0.0141 -0.0123 -0.0108 -0.0094 -0.0082 -0.0071 -0.0061 -0.0052 -0.0044 -0.0038 -0.0031 -0.0026 -0.0021 -0.0017 -0.0014 -0.0017 -0.0021 -0.0026 -0.0031 -0.0038 -0.0044 -0.0052 -0.0061 -0.0071 -0.0082 -0.0094 -0.0108 -0.0123 -0.0141 -0.0161 -0.0183 -0.0209 -0.0238 -0.0271 -0.0308 -0.0352 -0.0402 -0.0460 -0.0528 -0.0606 -0.0695 -0.0798 -0.0913 -0.1040 -0.1175 -0.1314 -0.1451 -0.1584 -0.1712 -0.1830 -0.1939 -0.2040 -0.2134 -0.2220 -0.2298 -0.2372 -0.2437 -0.2496 -0.2549 -0.2595 -0.2636 -0.2670 -0.2699 -0.2746 -0.2995
-0.2951 -0.2687 -0.2639 -0.2610 -0.2578 -0.2540 -0.2496 -0.2446 -0.2389 -0.2325 -0.2254 -0.2175 -0.2089 -0.1995 -0.1892 -0.1782 -0.1662 -0.1535 -0.1400 -0.1262 -0.1126 -0.0994 -0.0872 -0.0761 -0.0662 -0.0577 -0.0503 -0.0439 -0.0384 -0.0336 -0.0295 -0.0258 -0.0227 -0.0199 -0.0175 -0.0154 -0.0135 -0.0118 -0.0103 -0.0090 -0.0078 -0.0067 -0.0058 -0.0049 -0.0042 -0.0035 -0.0029 -0.0024 -0.0019 -0.0015 -0.0013 -0.0015 -0.0019 -0.0024 -0.0029 -0.0035 -0.0042 -0.0049 -0.0058 -0.0067 -0.0078 -0.0090 -0.0103 -0.0118 -0.0135 -0.0154 -0.0175 -0.0199 -0.0227 -0.0258 -0.0295 -0.0336 -0.0384 -0.0439 -0.0503 -0.0577 -0.0662 -0.0761 -0.0872 -0.0994 -0.1126 -0.1262 -0.1400 -0.1535 -0.1662 -0.1782 -0.1892 -0.1995 -0.2089 -0.2175 -0.2254 -0.2325 -0.2389 -0.2446 -0.2496 -0.2540 -0.2578 -0.2610 -0.2639 -0.2687 -0.2951
-0.2904 -0.2625 -0.2574 -0.2546 -0.2515 -0.2479 -0.2437 -0.2389 -0.2335 -0.2272 -0.2203 -0.2125 -0.2040 -0.1945 -0.1842 -0.1730 -0.1610 -0.1481 -0.1346 -0.1210 -0.1076 -0.0948 -0.0831 -0.0725 -0.0631 -0.0550 -0.0479 -0.0418 -0.0366 -0.0321 -0.0281 -0.0247 -0.0217 -0.0190 -0.0167 -0.0147 -0.0128 -0.0112 -0.0098 -0.0085 -0.0074 -0.0064 -0.0055 -0.0047 -0.0040 -0.0033 -0.0027 -0.0022 -0.0018 -0.0014 -0.0011 -0.0014 -0.0018 -0.0022 -0.0027 -0.0033 -0.0040 -0.0047 -0.0055 -0.0064 -0.0074 -0.0085 -0.0098 -0.0112 -0.0128 -0.0147 -0.0167 -0.0190 -0.0217 -0.0247 -0.0281 -0.0321 -0.0366 -0.0418 -0.0479 -0.0550 -0.0631 -0.0725 -0.0831 -0.0948 -0.1076 -0.1210 -0.1346 -0.1481 -0.1610 -0.1730 -0.1842 -0.1945 -0.2040 -0.2125 -0.2203 -0.2272 -0.2335 -0.2389 -0.2437 -0.2479 -0.2515 -0.2546 -0.2574 -0.2625 -0.2904
-0.2854 -0.2558 -0.2506 -0.2478 -0.2447 -0.2411 -0.2372 -0.2325 -0.2272 -0.2213 -0.2144 -0.2069 -0.1984 -0.1890 -0.1786 -0.1674 -0.1554 -0.1425 -0.1291 -0.1155 -0.1024 -0.0902 -0.0790 -0.0689 -0.0601 -0.0524 -0.0457 -0.0399 -0.0349 -0.0306 -0.0269 -0.0236 -0.0207 -0.0182 -0.0160 -0.0140 -0.0123 -0.0107 -0.0093 -0.0081 -0.0070 -0.0060 -0.0052 -0.0044 -0.0037 -0.0031 -0.0026 -0.0021 -0.0016 -0.0013 -0.0010 -0.0013 -0.0016 -0.0021 -0.0026 -0.0031 -0.0037 -0.0044 -0.0052 -0.0060 -0.0070 -0.0081 -0.0093 -0.0107 -0.0123 -0.0140 -0.0160 -0.0182 -0.0207 -0.0236 -0.0269 -0.0306 -0.0349 -0.0399 -0.0457 -0.0524 -0.0601 -0.0689 -0.0790 -0.0902 -0.1024 -0.1155 -0.1291 -0.1425 -0.1554 -0.1674 -0.1786 -0.1890 -0.1984 -0.2069 -0.2144 -0.2213 -0.2272 -0.2325 -0.2372 -0.2411 -0.2447 -0.2478 -0.2506 -0.2558 -0.2854
-0.2801 -0.2488 -0.2433 -0.2405 -0.2373 -0.2339 -0.2298 -0.2254 -0.2203 -0.2144 -0.2079 -0.2004 -0.1922 -0.1829 -0.1726 -0.1614 -0.1493 -0.1366 -0.1232 -0.1100 -0.0974 -0.0855 -0.0748 -0.0654 -0.0571 -0.0498 -0.0435 -0.0381 -0.0334 -0.0292 -0.0257 -0.0225 -0.0198 -0.0174 -0.0153 -0.0134 -0.0117 -0.0102 -0.0089 -0.0077 -0.0067 -0.0057 -0.0049 -0.0042 -0.0035 -0.0029 -0.0024 -0.0019 -0.0015 -0.0011 -0.0009 -0.0011 -0.0015 -0.0019 -0.0024 -0.0029 -0.0035 -0.0042 -0.0049 -0.0057 -0.0067 -0.0077 -0.0089 -0.0102 -0.0117 -0.0134 -0.0153 -0.0174 -0.0198 -0.0225 -0.0257 -0.0292 -0.0334 -0.0381 -0.0435 -0.0498 -0.0571 -0.0654 -0.0748 -0.0855 -0.0974 -0.1100 -0.1232 -0.1366 -0.1493 -0.1614 -0.1726 -0.1829 -0.1922 -0.2004 -0.2079 -0.2144 -0.2203 -0.2254 -0.2298 -0.2339 -0.2373 -0.2405 -0.2433 -0.2488 -0.2801
-0.2745 -0.2413 -0.2355 -0.2326 -0.2294 -0.2259 -0.2220 -0.2175 -0.2125 -0.2069 -0.2004 -0.1932 -0.1851 -0.1760 -0.1657 -0.1547 -0.1427 -0.1301 -0.1171 -0.1043 -0.0922 -0.0810 -0.0709 -0.0619 -0.0541 -0.0473 -0.0414 -0.0363 -0.0318 -0.0279 -0.0245 -0.0215 -0.0189 -0.0166 -0.0146 -0.0128 -0.0112 -0.0097 -0.0085 -0.0073 -0.0063 -0.0054 -0.0046 -0.0039 -0.0033 -0.0027 -0.0022 -0.0018 -0.0014 -0.0010 -0.0008 -0.0010 -0.0014 -0.0018 -0.0022 -0.0027 -0.0033 -0.0039 -0.0046 -0.0054 -0.0063 -0.0073 -0.0085 -0.0097 -0.0112 -0.0128 -0.0146 -0.0166 -0.0189 -0.0215 -0.0245 -0.0279 -0.0318 -0.0363 -0.0414 -0.0473 -0.0541 -0.0619 -0.0709 -0.0810 -0.0922 -0.1043 -0.1171 -0.1301 -0.1427 -0.1547 -0.1657 -0.1760 -0.1851 -0.1932 -0.2004 -0.2069 -0.2125 -0.2175 -0.2220 -0.2259 -0.2294 -0.2326 -0.2355 -0.2413 -0.2745
-0.2685 -0.2334 -0.2273 -0.2242 -0.2209 -0.2173 -0.2134 -0.2089 -0.2040 -0.1984 -0.1922 -0.1851 -0.1771 -0.1682 -0.1582 -0.1471 -0.1355 -0.1231 -0.1107 -0.0985 -0.0870 -0.0765 -0.0670 -0.0585 -0.0512 -0.0448 -0.0393 -0.0345 -0.0303 -0.0266 -0.0234 -0.0206 -0.0181 -0.0159 -0.0139 -0.0122 -0.0106 -0.0093 -0.0081 -0.0070 -0.0060 -0.0051 -0.0044 -0.0037 -0.0031 -0.0025 -0.0020 -0.0016 -0.0012 -0.0009 -0.0007 -0.0009 -0.0012 -0.0016 -0.0020 -0.0025 -0.0031 -0.0037 -0.0044 -0.0051 -0.0060 -0.0070 -0.0081 -0.0093 -0.0106 -0.0122 -0.0139 -0.0159 -0.0181 -0.0206 -0.0234 -0.0266 -0.0303 -0.0345 -0.0393 -0.0448 -0.0512 -0.0585 -0.0670 -0.0765 -0.0870 -0.0985 -0.1107 -0.1231 -0.1355 -0.1471 -0.1582 -0.1682 -0.1771 -0.1851 -0.1922 -0.1984 -0.2040 -0.2089 -0.2134 -0.2173 -0.2209 -0.2242 -0.2273 -0.2334 -0.2685
-0.2622 -0.2249 -0.2184 -0.2153 -0.2118 -0.2081 -0.2040 -0.1995 -0.1945 -0.1890 -0.1829 -0.1760 -0.1682 -0.1595 -0.1497 -0.1391 -0.1277 -0.1160 -0.1040 -0.0926 -0.0819 -0.0721 -0.0632 -0.0554 -0.0484 -0.0425 -0.0373 -0.0327 -0.0288 -0.0254 -0.0223 -0.0196 -0.0172 -0.0151 -0.0133 -0.0116 -0.0101 -0.0088 -0.0077 -0.0066 -0.0057 -0.0049 -0.0041 -0.0035 -0.0029 -0.0024 -0.0019 -0.0015 -0.0011 -0.0008 -0.0006 -0.0008 -0.0011 -0.0015 -0.0019 -0.0024 -0.0029 -0.0035 -0.0041 -0.0049 -0.0057 -0.0066 -0.0077 -0.0088 -0.0101 -0.0116 -0.0133 -0.0151 -0.0172 -0.0196 -0.0223 -0.0254 -0.0288 -0.0327 -0.0373 -0.0425 -0.0484 -0.0554 -0.0632 -0.0721 -0.0819 -0.0926 -0.1040 -0.1160 -0.1277 -0.1391 -0.1497 -0.1595 -0.1682 -0.1760 -0.1829 -0.1890 -0.1945 -0.1995 -0.2040 -0.2081 -0.2118 -0.2153 -0.2184 -0.2249 -0.2622
-0.2555 -0.2159 -0.2090 -0.2056 -0.2020 -0.1981 -0.1939 -0.1892 -0.1842 -0.1786 -0.1726 -0.1657 -0.1582 -0.1497 -0.1405 -0.1303 -0.1196 -0.1084 -0.0974 -0.0867 -0.0768 -0.0678 -0.0596 -0.0523 -0.0458 -0.0402 -0.0353 -0.0311 -0.0273 -0.0241 -0.0212 -0.0187 -0.0164 -0.0144 -0.0127 -0.0111 -0.0097 -0.0084 -0.0073 -0.0063 -0.0054 -0.0046 -0.0039 -0.0032 -0.0027 -0.0022 -0.0017 -0.0013 -0.0010 -0.0007 -0.0005 -0.0007 -0.0010 -0.0013 -0.0017 -0.0022 -0.0027 -0.0032 -0.0039 -0.0046 -0.0054 -0.0063 -0.0073 -0.0084 -0.0097 -0.0111 -0.0127 -0.0144 -0.0164 -0.0187 -0.0212 -0.0241 -0.0273 -0.0311 -0.0353 -0.0402 -0.0458 -0.0523 -0.0596 -0.0678 -0.0768 -0.0867 -0.0974 -0.1084 -0.1196 -0.1303 -0.1405 -0.1497 -0.1582 -0.1657 -0.1726 -0.1786 -0.1842 -0.1892 -0.1939 -0.1981 -0.2020 -0.2056 -0.2090 -0.2159 -0.2555
-0.2484 -0.2063 -0.1989 -0.1952 -0.1914 -0.1873 -0.1830 -0.1782 -0.1730 -0.1674 -0.1614 -0.1547 -0.1471 -0.1391 -0.1303 -0.1209 -0.1109 -0.1007 -0.0905 -0.0808 -0.0718 -0.0635 -0.0560 -0.0493 -0.0433 -0.0381 -0.0335 -0.0294 -0.0259 -0.0229 -0.0201 -0.0177 -0.0156 -0.0137 -0.0120 -0.0105 -0.0092 -0.0080 -0.0069 -0.0060 -0.0051 -0.0043 -0.0036 -0.0030 -0.0025 -0.0020 -0.0016 -0.0012 -0.0009 -0.0006 -0.0004 -0.0006 -0.0009 -0.0012 -0.0016 -0.0020 -0.0025 -0.0030 -0.0036 -0.0043 -0.0051 -0.0060 -0.0069 -0.0080 -0.0092 -0.0105 -0.0120 -0.0137 -0.0156 -0.0177 -0.0201 -0.0229 -0.0259 -0.0294 -0.0335 -0.0381 -0.0433 -0.0493 -0.0560 -0.0635 -0.0718 -0.0808 -0.0905 -0.1007 -0.1109 -0.1209 -0.1303 -0.1391 -0.1471 -0.1547 -0.1614 -0.1674 -0.1730 -0.1782 -0.1830 -0.1873 -0.1914 -0.1952 -0.1989 -0.2063 -0.2484
-0.2409 -0.1960 -0.1880 -0.1841 -0.1800 -0.1757 -0.1712 -0.1662 -0.1610 -0.1554 -0.1493 -0.1427 -0.1355 -0.1277 -0.1196 -0.1109 -0.1020 -0.0928 -0.0836 -0.0750 -0.0668 -0.0593 -0.0525 -0.0464 -0.0409 -0.0360 -0.0317 -0.0279 -0.0246 -0.0217 -0.0191 -0.0168 -0.0148 -0.0130 -0.0114 -0.0100 -0.0087 -0.0076 -0.0066 -0.0056 -0.0048 -0.0041 -0.0034 -0.0028 -0.0023 -0.0019 -0.0015 -0.0011 -0.0008 -0.0005 -0.0003 -0.0005 -0.0008 -0.0011 -0.0015 -0.0019 -0.0023 -0.0028 -0.0034 -0.0041 -0.0048 -0.0056 -0.0066 -0.0076 -0.0087 -0.0100 -0.0114 -0.0130 -0.0148 -0.0168 -0.0191 -0.0217 -0.0246 -0.0279 -0.0317 -0.0360 -0.0409 -0.0464 -0.0525 -0.0593 -0.0668 -0.0750 -0.0836 -0.0928 -0.1020 -0.1109 -0.1196 -0.1277 -0.1355 -0.1427 -0.1493 -0.1554 -0.1610 -0.1662 -0.1712 -0.1757 -0.1800 -0.1841 -0.1880 -0.1960 -0.2409
-0.2329 -0.1849 -0.1764 -0.1721 -0.1678 -0.1633 -0.1584 -0.1535 -0.1481 -0.1425 -0.1366 -0.1301 -0.1231 -0.1160 -0.1084 -0.1007 -0.0928 -0.0847 -0.0768 -0.0690 -0.0619 -0.0551 -0.0490 -0.0434 -0.0385 -0.0340 -0.0300 -0.0265 -0.0233 -0.0206 -0.0181 -0.0160 -0.0141 -0.0123 -0.0108 -0.0095 -0.0083 -0.0072 -0.0062 -0.0053 -0.0045 -0.0038 -0.0032 -0.0027 -0.0022 -0.0017 -0.0013 -0.0010 -0.0007 -0.0004 -0.0002 -0.0004 -0.0007 -0.0010 -0.0013 -0.0017 -0.0022 -0.0027 -0.0032 -0.0038 -0.0045 -0.0053 -0.0062 -0.0072 -0.0083 -0.0095 -0.0108 -0.0123 -0.0141 -0.0160 -0.0181 -0.0206 -0.0233 -0.0265 -0.0300 -0.0340 -0.0385 -0.0434 -0.0490 -0.0551 -0.0619 -0.0690 -0.0768 -0.0847 -0.0928 -0.1007 -0.1084 -0.1160 -0.1231 -0.1301 -0.1366 -0.1425 -0.1481 -0.1535 -0.1584 -0.1633 -0.1678 -0.1721 -0.1764 -0.1849 -0.2329
-0.2244 -0.1729 -0.1639 -0.1594 -0.1547 -0.1500 -0.1451 -0.1400 -0.1346 -0.1291 -0.1232 -0.1171 -0.1107 -0.1040 -0.0974 -0.0905 -0.0836 -0.0768 -0.0699 -0.0633 -0.0569 -0.0510 -0.0455 -0.0405 -0.0360 -0.0319 -0.0283 -0.0250 -0.0221 -0.0195 -0.0172 -0.0151 -0.0133 -0.0117 -0.0102 -0.0090 -0.0078 -0.0068 -0.0058 -0.0050 -0.0043 -0.0036 -0.0030 -0.0025 -0.0020 -0.0016 -0.0012 -0.0009 -0.0006 -0.0003 -0.0001 -0.0003 -0.0006 -0.0009 -0.0012 -0.0016 -0.0020 -0.0025 -0.0030 -0.0036 -0.0043 -0.0050 -0.0058 -0.0068 -0.0078 -0.0090 -0.0102 -0.0117 -0.0133 -0.0151 -0.0172 -0.0195 -0.0221 -0.0250 -0.0283 -0.0319 -0.0360 -0.0405 -0.0455 -0.0510 -0.0569 -0.0633 -0.0699 -0.0768 -0.0836 -0.0905 -0.0974 -0.1040 -0.1107 -0.1171 -0.1232 -0.1291 -0.1346 -0.1400 -0.1451 -0.1500 -0.1547 -0.1594 -0.1639 -0.1729 -0.2244
-0.2152 -0.1602 -0.1507 -0.1460 -0.1411 -0.1363 -0.1314 -0.1262 -0.1210 -0.1155 -0.1100 -0.1043 -0.0985 -0.0926 -0.0867 -0.0808 -0.0750 -0.0690 -0.0633 -0.0575 -0.0521 -0.0469 -0.0421 -0.0376 -0.0336 -0.0299 -0.0266 -0.0236 -0.0209 -0.0185 -0.0163 -0.0144 -0.0126 -0.0111 -0.0097 -0.0085 -0.0074 -0.0064 -0.0055 -0.0047 -0.0040 -0.0034 -0.0028 -0.0023 -0.0018 -0.0014 -0.0011 -0.0008 -0.0005 -0.0002 -0.0000 -0.0002 -0.0005 -0.0008 -0.0011 -0.0014 -0.0018 -0.0023 -0.0028 -0.0034 -0.0040 -0.0047 -0.0055 -0.0064 -0.0074 -0.0085 -0.0097 -0.0111 -0.0126 -0.0144 -0.0163 -0.0185 -0.0209 -0.0236 -0.0266 -0.0299 -0.0336 -0.0376 -0.0421 -0.0469 -0.0521 -0.0575 -0.0633 -0.0690 -0.0750 -0.0808 -0.0867 -0.0926 -0.0985 -0.1043 -0.1100 -0.1155 -0.1210 -0.1262 -0.1314 -0.1363 -0.1411 -0.1460 -0.1507 -0.1602 -0.2152
-0.2054 -0.1468 -0.1369 -0.1321 -0.1272 -0.1223 -0.1175 -0.1126 -0.1076 -0.1024 -0.0974 -0.0922 -0.0870 -0.0819 -0.0768 -0.0718 -0.0668 -0.0619 -0.0569 -0.0521 -0.0475 -0.0430 -0.0388 -0.0349 -0.0313 -0.0279 -0.0249 -0.0222 -0.0197 -0.0175 -0.0154 -0.0136 -0.0120 -0.0105 -0.0092 -0.0080 -0.0069 -0.0060 -0.0052 -0.0044 -0.0037 -0.0031 -0.0026 -0.0021 -0.0017 -0.0013 -0.0010 -0.0007 -0.0004 -0.0001 0.0000 -0.0001 -0.0004 -0.0007 -0.0010 -0.0013 -0.0017 -0.0021 -0.0026 -0.0031 -0.0037 -0.0044 -0.0052 -0.0060 -0.0069 -0.0080 -0.0092 -0.0105 -0.0120 -0.0136 -0.0154 -0.0175 -0.0197 -0.0222 -0.0249 -0.0279 -0.0313 -0.0349 -0.0388 -0.0430 -0.0475 -0.0521 -0.0569 -0.0619 -0.0668 -0.0718 -0.0768 -0.0819 -0.0870 -0.0922 -0.0974 -0.1024 -0.1076 -0.1126 -0.1175 -0.1223 -0.1272 -0.1321 -0.1369 -0.1468 -0.2054
-0.1948 -0.1329 -0.1230 -0.1182 -0.1134 -0.1087 -0.1040 -0.0994 -0.0948 -0.0902 -0.0855 -0.0810 -0.0765 -0.0721 -0.0678 -0.0635 -0.0593 -0.0551 -0.0510 -0.0469 -0.0430 -0.0393 -0.0357 -0.0322 -0.0290 -0.0260 -0.0233 -0.0208 -0.0186 -0.0165 -0.0146 -0.0129 -0.0113 -0.0099 -0.0087 -0.0075 -0.0065 -0.0056 -0.0048 -0.0041 -0.0035 -0.0029 -0.0024 -0.0019 -0.0015 -0.0012 -0.0008 -0.0006 -0.0003 -0.0001 0.0001 -0.0001 -0.0003 -0.0006 -0.0008 -0.0012 -0.0015 -0.0019 -0.0024 -0.0029 -0.0035 -0.0041 -0.0048 -0.0056 -0.0065 -0.0075 -0.0087 -0.0099 -0.0113 -0.0129 -0.0146 -0.0165 -0.0186 -0.0208 -0.0233 -0.0260 -0.0290 -0.0322 -0.0357 -0.0393 -0.0430 -0.0469 -0.0510 -0.0551 -0.0593 -0.0635 -0.0678 -0.0721 -0.0765 -0.0810 -0.0855 -0.0902 -0.0948 -0.0994 -0.1040 -0.1087 -0.1134 -0.1182 -0.1230 -0.1329 -0.1948
-0.1834 -0.1189 -0.1093 -0.1047 -0.1001 -0.0957 -0.0913 -0.0872 -0.0831 -0.0790 -0.0748 -0.0709 -0.0670 -0.0632 -0.0596 -0.0560 -0.0525 -0.0490 -0.0455 -0.0421 -0.0388 -0.0357 -0.0326 -0.0296 -0.0268 -0.0242 -0.0217 -0.0195 -0.0174 -0.0155 -0.0138 -0.0122 -0.0107 -0.0094 -0.0082 -0.0071 -0.0061 -0.0053 -0.0045 -0.0038 -0.0032 -0.0027 -0.0022 -0.0018 -0.0014 -0.0010 -0.0007 -0.0004 -0.0002 0.0000 0.0002 0.0000 -0.0002 -0.0004 -0.0007 -0.0010 -0.0014 -0.0018 -0.0022 -0.0027 -0.0032 -0.0038 -0.0045 -0.0053 -0.0061 -0.0071 -0.0082 -0.0094 -0.0107 -0.0122 -0.0138 -0.0155 -0.0174 -0.0195 -0.0217 -0.0242 -0.0268 -0.0296 -0.0326 -0.0357 -0.0388 -0.0421 -0.0455 -0.0490 -0.0525 -0.0560 -0.0596 -0.0632 -0.0670 -0.0709 -0.0748 -0.0790 -0.0831 -0.0872 -0.0913 -0.0957 -0.1001 -0.1047 -0.1093 -0.1189 -0.1834
-0.1710 -0.1053 -0.0963 -0.0920 -0.0878 -0.0837 -0.0798 -0.0761 -0.0725 -0.0689 -0.0654 -0.0619 -0.0585 -0.0554 -0.0523 -0.0493 -0.0464 -0.0434 -0.0405 -0.0376 -0.0349 -0.0322 -0.0296 -0.0271 -0.0247 -0.0223 -0.0201 -0.0181 -0.0163 -0.0145 -0.0129 -0.0115 -0.0101 -0.0088 -0.0077 -0.0067 -0.0058 -0.0050 -0.0042 -0.0036 -0.0030 -0.0025 -0.0020 -0.0016 -0.0012 -0.0009 -0.0006 -0.0003 -0.0001 0.0001 0.0003 0.0001 -0.0001 -0.0003 -0.0006 -0.0009 -0.0012 -0.0016 -0.0020 -0.0025 -0.0030 -0.0036 -0.0042 -0.0050 -0.0058 -0.0067 -0.0077 -0.0088 -0.0101 -0.0115 -0.0129 -0.0145 -0.0163 -0.0181 -0.0201 -0.0223 -0.0247 -0.0271 -0.0296 -0.0322 -0.0349 -0.0376 -0.0405 -0.0434 -0.0464 -0.0493 -0.0523 -0.0554 -0.0585 -0.0619 -0.0654 -0.0689 -0.0725 -0.0761 -0.0798 -0.0837 -0.0878 -0.0920 -0.0963 -0.1053 -0.1710
-0.1578 -0.0925 -0.0843 -0.0804 -0.0766 -0.0730 -0.0695 -0.0662 -0.0631 -0.0601 -0.0571 -0.0541 -0.0512 -0.0484 -0.0458 -0.0433 -0.0409 -0.0385 -0.0360 -0.0336 -0.0313 -0.0290 -0.0268 -0.0247 -0.0226 -0.0206 -0.0186 -0.0168 -0.0152 -0.0136 -0.0121 -0.0107 -0.0095 -0.0083 -0.0073 -0.0063 -0.0054 -0.0046 -0.0040 -0.0033 -0.0028 -0.0023 -0.0018 -0.0014 -0.0011 -0.0008 -0.0005 -0.0002 -0.0000 0.0002 0.0003 0.0002 -0.0000 -0.0002 -0.0005 -0.0008 -0.0011 -0.0014 -0.0018 -0.0023 -0.0028 -0.0033 -0.0040 -0.0046 -0.0054 -0.0063 -0.0073 -0.0083 -0.0095 -0.0107 -0.0121 -0.0136 -0.0152 -0.0168 -0.0186 -0.0206 -0.0226 -0.0247 -0.0268 -0.0290 -0.0313 -0.0336 -0.0360 -0.0385 -0.0409 -0.0433 -0.0458 -0.0484 -0.0512 -0.0541 -0.0571 -0.0601 -0.0631 -0.0662 -0.0695 -0.0730 -0.0766 -0.0804 -0.0843 -0.0925 -0.1578
-0.1438 -0.0808 -0.0735 -0.0701 -0.0667 -0.0636 -0.0606 -0.0577 -0.0550 -0.0524 -0.0498 -0.0473 -0.0448 -0.0425 -0.0402 -0.0381 -0.0360 -0.0340 -0.0319 -0.0299 -0.0279 -0.0260 -0.0242 -0.0223 -0.0206 -0.0188 -0.0172 -0.0156 -0.0140 -0.0126 -0.0113 -0.0100 -0.0089 -0.0078 -0.0068 -0.0059 -0.0051 -0.0043 -0.0037 -0.0031 -0.0026 -0.0021 -0.0017 -0.0013 -0.0009 -0.0006 -0.0004 -0.0002 0.0001 0.0003 0.0004 0.0003 0.0001 -0.0002 -0.0004 -0.0006 -0.0009 -0.0013 -0.0017 -0.0021 -0.0026 -0.0031 -0.0037 -0.0043 -0.0051 -0.0059 -0.0068 -0.0078 -0.0089 -0.0100 -0.0113 -0.0126 -0.0140 -0.0156 -0.0172 -0.0188 -0.0206 -0.0223 -0.0242 -0.0260 -0.0279 -0.0299 -0.0319 -0.0340 -0.0360 -0.0381 -0.0402 -0.0425 -0.0448 -0.0473 -0.0498 -0.0524 -0.0550 -0.0577 -0.0606 -0.0636 -0.0667 -0.0701 -0.0735 -0.0808 -0.1438
-0.1294 -0.0704 -0.0640 -0.0610 -0.0581 -0.0554 -0.0528 -0.0503 -0.0479 -0.0457 -0.0435 -0.0414 -0.0393 -0.0373 -0.0353 -0.0335 -0.0317 -0.0300 -0.0283 -0.0266 -0.0249 -0.0233 -0.0217 -0.0201 -0.0186 -0.0172 -0.0157 -0.0143 -0.0129 -0.0116 -0.0104 -0.0093 -0.0082 -0.0073 -0.0063 -0.0055 -0.0047 -0.0041 -0.0034 -0.0029 -0.0024 -0.0019 -0.0015 -0.0011 -0.0008 -0.0005 -0.0003 -0.0001 0.0001 0.0004 0.0005 0.0004 0.0001 -0.0001 -0.0003 -0.0005 -0.0008 -0.0011 -0.0015 -0.0019 -0.0024 -0.0029 -0.0034 -0.0041 -0.0047 -0.0055 -0.0063 -0.0073 -0.0082 -0.0093 -0.0104 -0.0116 -0.0129 -0.0143 -0.0157 -0.0172 -0.0186 -0.0201 -0.0217 -0.0233 -0.0249 -0.0266 -0.0283 -0.0300 -0.0317 -0.0335 -0.0353 -0.0373 -0.0393 -0.0414 -0.0435 -0.0457 -0.0479 -0.0503 -0.0528 -0.0554 -0.0581 -0.0610 -0.0640 -0.0704 -0.1294
-0.1150 -0.0612 -0.0557 -0.0531 -0.0506 -0.0483 -0.0460 -0.0439 -0.0418 -0.0399 -0.0381 -0.0363 -0.0345 -0.0327 -0.0311 -0.0294 -0.0279 -0.0265 -0.0250 -0.0236 -0.0222 -0.0208 -0.0195 -0.0181 -0.0168 -0.0156 -0.0143 -0.0130 -0.0118 -0.0107 -0.0096 -0.0086 -0.0076 -0.0067 -0.0059 -0.0051 -0.0044 -0.0038 -0.0032 -0.0026 -0.0022 -0.0017 -0.0013 -0.0010 -0.0007 -0.0004 -0.0002 0.0000 0.0002 0.0004 0.0006 0.0004 0.0002 0.0000 -0.0002 -0.0004 -0.0007 -0.0010 -0.0013 -0.0017 -0.0022 -0.0026 -0.0032 -0.0038 -0.0044 -0.0051 -0.0059 -0.0067 -0.0076 -0.0086 -0.0096 -0.0107 -0.0118 -0.0130 -0.0143 -0.0156 -0.0168 -0.0181 -0.0195 -0.0208 -0.0222 -0.0236 -0.0250 -0.0265 -0.0279 -0.0294 -0.0311 -0.0327 -0.0345 -0.0363 -0.0381 -0.0399 -0.0418 -0.0439 -0.0460 -0.0483 -0.0506 -0.0531 -0.0557 -0.0612 -0.1150
-0.1011 -0.0533 -0.0486 -0.0464 -0.0442 -0.0422 -0.0402 -0.0384 -0.0366 -0.0349 -0.0334 -0.0318 -0.0303 -0.0288 -0.0273 -0.0259 -0.0246 -0.0233 -0.0221 -0.0209 -0.0197 -0.0186 -0.0174 -0.0163 -0.0152 -0.0140 -0.0129 -0.0118 -0.0108 -0.0098 -0.0088 -0.0079 -0.0070 -0.0062 -0.0054 -0.0047 -0.0041 -0.0035 -0.0029 -0.0024 -0.0020 -0.0016 -0.0012 -0.0009 -0.0006 -0.0003 -0.0001 0.0001 0.0003 0.0005 0.0007 0.0005 0.0003 0.0001 -0.0001 -0.0003 -0.0006 -0.0009 -0.0012 -0.0016 -0.0020 -0.0024 -0.0029 -0.0035 -0.0041 -0.0047 -0.0054 -0.0062 -0.0070 -0.0079 -0.0088 -0.0098 -0.0108 -0.0118 -0.0129 -0.0140 -0.0152 -0.0163 -0.0174 -0.0186 -0.0197 -0.0209 -0.0221 -0.0233 -0.0246 -0.0259 -0.0273 -0.0288 -0.0303 -0.0318 -0.0334 -0.0349 -0.0366 -0.0384 -0.0402 -0.0422 -0.0442 -0.0464 -0.0486 -0.0533 -0.1011
-0.0882 -0.0464 -0.0424 -0.0405 -0.0386 -0.0369 -0.0352 -0.0336 -0.0321 -0.0306 -0.0292 -0.0279 -0.0266 -0.0254 -0.0241 -0.0229 -0.0217 -0.0206 -0.0195 -0.0185 -0.0175 -0.0165 -0.0155 -0.0145 -0.0136 -0.0126 -0.0116 -0.0107 -0.0098 -0.0089 -0.0080 -0.0072 -0.0064 -0.0057 -0.0050 -0.0043 -0.0038 -0.0032 -0.0027 -0.0022 -0.0018 -0.0014 -0.0011 -0.0007 -0.0005 -0.0002 -0.0000 0.0002 0.0004 0.0006 0.0008 0.0006 0.0004 0.0002 -0.0000 -0.0002 -0.0005 -0.0007 -0.0011 -0.0014 -0.0018 -0.0022 -0.0027 -0.0032 -0.0038 -0.0043 -0.0050 -0.0057 -0.0064 -0.0072 -0.0080 -0.0089 -0.0098 -0.0107 -0.0116 -0.0126 -0.0136 -0.0145 -0.0155 -0.0165 -0.0175 -0.0185 -0.0195 -0.0206 -0.0217 -0.0229 -0.0241 -0.0254 -0.0266 -0.0279 -0.0292 -0.0306 -0.0321 -0.0336 -0.0352 -0.0369 -0.0386 -0.0405 -0.0424 -0.0464 -0.0882
-0.0765 -0.0405 -0.0371 -0.0354 -0.0338 -0.0323 -0.0308 -0.0295 -0.0281 -0.0269 -0.0257 -0.0245 -0.0234 -0.0223 -0.0212 -0.0201 -0.0191 -0.0181 -0.0172 -0.0163 -0.0154 -0.0146 -0.0138 -0.0129 -0.0121 -0.0113 -0.0104 -0.0096 -0.0088 -0.0080 -0.0073 -0.0065 -0.0058 -0.0052 -0.0045 -0.0040 -0.0034 -0.0029 -0.0024 -0.0020 -0.0016 -0.0013 -0.0009 -0.0006 -0.0004 -0.0001 0.0001 0.0003 0.0005 0.0007 0.0009 0.0007 0.0005 0.0003 0.0001 -0.0001 -0.0004 -0.0006 -0.0009 -0.0013 -0.0016 -0.0020 -0.0024 -0.0029 -0.0034 -0.0040 -0.0045 -0.0052 -0.0058 -0.0065 -0.0073 -0.0080 -0.0088 -0.0096 -0.0104 -0.0113 -0.0121 -0.0129 -0.0138 -0.0146 -0.0154 -0.0163 -0.0172 -0.0181 -0.0191 -0.0201 -0.0212 -0.0223 -0.0234 -0.0245 -0.0257 -0.0269 -0.0281 -0.0295 -0.0308 -0.0323 -0.0338 -0.0354 -0.0371 -0.0405 -0.0765
-0.0662 -0.0354 -0.0325 -0.0311 -0.0297 -0.0283 -0.0271 -0.0258 -0.0247 -0.0236 -0.0225 -0.0215 -0.0206 -0.0196 -0.0187 -0.0177 -0.0168 -0.0160 -0.0151 -0.0144 -0.0136 -0.0129 -0.0122 -0.0115 -0.0107 -0.0100 -0.0093 -0.0086 -0.0079 -0.0072 -0.0065 -0.0059 -0.0053 -0.0047 -0.0041 -0.0036 -0.0031 -0.0026 -0.0022 -0.0018 -0.0014 -0.0011 -0.0008 -0.0005 -0.0003 -0.0000 0.0002 0.0004 0.0006 0.0008 0.0010 0.0008 0.0006 0.0004 0.0002 -0.0000 -0.0003 -0.0005 -0.0008 -0.0011 -0.0014 -0.0018 -0.0022 -0.0026 -0.0031 -0.0036 -0.0041 -0.0047 -0.0053 -0.0059 -0.0065 -0.0072 -0.0079 -0.0086 -0.0093 -0.0100 -0.0107 -0.0115 -0.0122 -0.0129 -0.0136 -0.0144 -0.0151 -0.0160 -0.0168 -0.0177 -0.0187 -0.0196 -0.0206 -0.0215 -0.0225 -0.0236 -0.0247 -0.0258 -0.0271 -0.0283 -0.0297 -0.0311 -0.0325 -0.0354 -0.0662
-0.0573 -0.0310 -0.0285 -0.0272 -0.0260 -0.0249 -0.0238 -0.0227 -0.0217 -0.0207 -0.0198 -0.0189 -0.0181 -0.0172 -0.0164 -0.0156 -0.0148 -0.0141 -0.0133 -0.0126 -0.0120 -0.0113 -0.0107 -0.0101 -0.0095 -0.0089 -0.0082 -0.0076 -0.0070 -0.0064 -0.0058 -0.0053 -0.0047 -0.0042 -0.0037 -0.0032 -0.0028 -0.0024 -0.0020 -0.0016 -0.0013 -0.0010 -0.0007 -0.0004 -0.0002 0.0000 0.0002 0.0005 0.0007 0.0009 0.0011 0.0009 0.0007 0.0005 0.0002 0.0000 -0.0002 -0.0004 -0.0007 -0.0010 -0.0013 -0.0016 -0.0020 -0.0024 -0.0028 -0.0032 -0.0037 -0.0042 -0.0047 -0.0053 -0.0058 -0.0064 -0.0070 -0.0076 -0.0082 -0.0089 -0.0095 -0.0101 -0.0107 -0.0113 -0.0120 -0.0126 -0.0133 -0.0141 -0.0148 -0.0156 -0.0164 -0.0172 -0.0181 -0.0189 -0.0198 -0.0207 -0.0217 -0.0227 -0.0238 -0.0249 -0.0260 -0.0272 -0.0285 -0.0310 -0.0573
-0.0496 -0.0272 -0.0250 -0.0239 -0.0229 -0.0218 -0.0209 -0.0199 -0.0190 -0.0182 -0.0174 -0.0166 -0.0159 -0.0151 -0.0144 -0.0137 -0.0130 -0.0123 -0.0117 -0.0111 -0.0105 -0.0099 -0.0094 -0.0088 -0.0083 -0.0078 -0.0073 -0.0067 -0.0062 -0.0057 -0.0052 -0.0047 -0.0042 -0.0037 -0.0033 -0.0029 -0.0025 -0.0021 -0.0017 -0.0014 -0.0011 -0.0008 -0.0005 -0.0003 -0.0001 0.0001 0.0003 0.0005 0.0008 0.0010 0.0012 0.0010 0.0008 0.0005 0.0003 0.0001 -0.0001 -0.0003 -0.0005 -0.0008 -0.0011 -0.0014 -0.0017 -0.0021 -0.0025 -0.0029 -0.0033 -0.0037 -0.0042 -0.0047 -0.0052 -0.0057 -0.0062 -0.0067 -0.0073 -0.0078 -0.0083 -0.0088 -0.0094 -0.0099 -0.0105 -0.0111 -0.0117 -0.0123 -0.0130 -0.0137 -0.0144 -0.0151 -0.0159 -0.0166 -0.0174 -0.0182 -0.0190 -0.0199 -0.0209 -0.0218 -0.0229 -0.0239 -0.0250 -0.0272 -0.0496
-0.0430 -0.0239 -0.0220 -0.0210 -0.0201 -0.0192 -0.0183 -0.0175 -0.0167 -0.0160 -0.0153 -0.0146 -0.0139 -0.0133 -0.0127 -0.0120 -0.0114 -0.0108 -0.0102 -0.0097 -0.0092 -0.0087 -0.0082 -0.0077 -0.0073 -0.0068 -0.0063 -0.0059 -0.0054 -0.0050 -0.0045 -0.0041 -0.0037 -0.0033 -0.0029 -0.0025 -0.0022 -0.0018 -0.0015 -0.0012 -0.0009 -0.0007 -0.0004 -0.0002 0.0000 0.0002 0.0004 0.0006 0.0009 0.0011 0.0013 0.0011 0.0009 0.0006 0.0004 0.0002 0.0000 -0.0002 -0.0004 -0.0007 -0.0009 -0.0012 -0.0015 -0.0018 -0.0022 -0.0025 -0.0029 -0.0033 -0.0037 -0.0041 -0.0045 -0.0050 -0.0054 -0.0059 -0.0063 -0.0068 -0.0073 -0.0077 -0.0082 -0.0087 -0.0092 -0.0097 -0.0102 -0.0108 -0.0114 -0.0120 -0.0127 -0.0133 -0.0139 -0.0146 -0.0153 -0.0160 -0.0167 -0.0175 -0.0183 -0.0192 -0.0201 -0.0210 -0.0220 -0.0239 -0.0430
-0.0373 -0.0209 -0.0193 -0.0185 -0.0176 -0.0168 -0.0161 -0.0154 -0.0147 -0.0140 -0.0134 -0.0128 -0.0122 -0.0116 -0.0111 -0.0105 -0.0100 -0.0095 -0.0090 -0.0085 -0.0080 -0.0075 -0.0071 -0.0067 -0.0063 -0.0059 -0.0055 -0.0051 -0.0047 -0.0043 -0.0040 -0.0036 -0.0032 -0.0029 -0.0025 -0.0022 -0.0019 -0.0016 -0.0013 -0.0010 -0.0007 -0.0005 -0.0003 -0.0001 0.0001 0.0003 0.0005 0.0007 0.0009 0.0012 0.0014 0.0012 0.0009 0.0007 0.0005 0.0003 0.0001 -0.0001 -0.0003 -0.0005 -0.0007 -0.0010 -0.0013 -0.0016 -0.0019 -0.0022 -0.0025 -0.0029 -0.0032 -0.0036 -0.0040 -0.0043 -0.0047 -0.0051 -0.0055 -0.0059 -0.0063 -0.0067 -0.0071 -0.0075 -0.0080 -0.0085 -0.0090 -0.0095 -0.0100 -0.0105 -0.0111 -0.0116 -0.0122 -0.0128 -0.0134 -0.0140 -0.0147 -0.0154 -0.0161 -0.0168 -0.0176 -0.0185 -0.0193 -0.0209 -0.0373
-0.0325 -0.0184 -0.0169 -0.0162 -0.0155 -0.0148 -0.0141 -0.0135 -0.0128 -0.0123 -0.0117 -0.0112 -0.0106 -0.0101 -0.0097 -0.0092 -0.0087 -0.0083 -0.0078 -0.0074 -0.0069 -0.0065 -0.0061 -0.0058 -0.0054 -0.0051 -0.0047 -0.0044 -0.0041 -0.0038 -0.0034 -0.0031 -0.0028 -0.0025 -0.0022 -0.0019 -0.0016 -0.0013 -0.0011 -0.0008 -0.0006 -0.0004 -0.0002 0.0000 0.0002 0.0004 0.0006 0.0008 0.0010 0.0013 0.0014 0.0013 0.0010 0.0008 0.0006 0.0004 0.0002 0.0000 -0.0002 -0.0004 -0.0006 -0.0008 -0.0011 -0.0013 -0.0016 -0.0019 -0.0022 -0.0025 -0.0028 -0.0031 -0.0034 -0.0038 -0.0041 -0.0044 -0.0047 -0.0051 -0.0054 -0.0058 -0.0061 -0.0065 -0.0069 -0.0074 -0.0078 -0.0083 -0.0087 -0.0092 -0.0097 -0.0101 -0.0106 -0.0112 -0.0117 -0.0123 -0.0128 -0.0135 -0.0141 -0.0148 -0.0155 -0.0162 -0.0169 -0.0184 -0.0325
-0.0283 -0.0161 -0.0149 -0.0142 -0.0136 -0.0129 -0.0123 -0.0118 -0.0112 -0.0107 -0.0102 -0.0097 -0.0093 -0.0088 -0.0084 -0.0080 -0.0076 -0.0072 -0.0068 -0.0064 -0.0060 -0.0056 -0.0053 -0.0050 -0.0046 -0.0043 -0.0041 -0.0038 -0.0035 -0.0032 -0.0029 -0.0026 -0.0024 -0.0021 -0.0018 -0.0016 -0.0013 -0.0011 -0.0008 -0.0006 -0.0004 -0.0002 -0.0001 0.0001 0.0003 0.0005 0.0007 0.0009 0.0011 0.0014 0.0015 0.0014 0.0011 0.0009 0.0007 0.0005 0.0003 0.0001 -0.0001 -0.0002 -0.0004 -0.0006 -0.0008 -0.0011 -0.0013 -0.0016 -0.0018 -0.0021 -0.0024 -0.0026 -0.0029 -0.0032 -0.0035 -0.0038 -0.0041 -0.0043 -0.0046 -0.0050 -0.0053 -0.0056 -0.0060 -0.0064 -0.0068 -0.0072 -0.0076 -0.0080 -0.0084 -0.0088 -0.0093 -0.0097 -0.0102 -0.0107 -0.0112 -0.0118 -0.0123 -0.0129 -0.0136 -0.0142 -0.0149 -0.0161 -0.0283
-0.0246 -0.0141 -0.0130 -0.0124 -0.0119 -0.0113 -0.0108 -0.0103 -0.0098 -0.0093 -0.0089 -0.0085 -0.0081 -0.0077 -0.0073 -0.0069 -0.0066 -0.0062 -0.0058 -0.0055 -0.0052 -0.0048 -0.0045 -0.0042 -0.0040 -0.0037 -0.0034 -0.0032 -0.0029 -0.0027 -0.0024 -0.0022 -0.0020 -0.0017 -0.0015 -0.0013 -0.0011 -0.0008 -0.0006 -0.0005 -0.0003 -0.0001 0.0001 0.0002 0.0004 0.0006 0.0008 0.0010 0.0012 0.0015 0.0016 0.0015 0.0012 0.0010 0.0008 0.0006 0.0004 0.0002 0.0001 -0.0001 -0.0003 -0.0005 -0.0006 -0.0008 -0.0011 -0.0013 -0.0015 -0.0017 -0.0020 -0.0022 -0.0024 -0.0027 -0.0029 -0.0032 -0.0034 -0.0037 -0.0040 -0.0042 -0.0045 -0.0048 -0.0052 -0.0055 -0.0058 -0.0062 -0.0066 -0.0069 -0.0073 -0.0077 -0.0081 -0.0085 -0.0089 -0.0093 -0.0098 -0.0103 -0.0108 -0.0113 -0.0119 -0.0124 -0.0130 -0.0141 -0.0246
-0.0215 -0.0123 -0.0114 -0.0109 -0.0104 -0.0099 -0.0094 -0.0090 -0.0085 -0.0081 -0.0077 -0.0073 -0.0070 -0.0066 -0.0063 -0.0060 -0.0056 -0.0053 -0.0050 -0.0047 -0.0044 -0.0041 -0.0038 -0.0036 -0.0033 -0.0031 -0.0029 -0.0026 -0.0024 -0.0022 -0.0020 -0.0018 -0.0016 -0.0014 -0.0012 -0.0010 -0.0008 -0.0006 -0.0005 -0.0003 -0.0001 0.0000 0.0002 0.0004 0.0005 0.0007 0.0009 0.0011 0.0013 0.0016 0.0017 0.0016 0.0013 0.0011 0.0009 0.0007 0.0005 0.0004 0.0002 0.0000 -0.0001 -0.0003 -0.0005 -0.0006 -0.0008 -0.0010 -0.0012 -0.0014 -0.0016 -0.0018 -0.0020 -0.0022 -0.0024 -0.0026 -0.0029 -0.0031 -0.0033 -0.0036 -0.0038 -0.0041 -0.0044 -0.0047 -0.0050 -0.0053 -0.0056 -0.0060 -0.0063 -0.0066 -0.0070 -0.0073 -0.0077 -0.0081 -0.0085 -0.0090 -0.0094 -0.0099 -0.0104 -0.0109 -0.0114 -0.0123 -0.0215
-0.0187 -0.0108 -0.0099 -0.0095 -0.0090 -0.0086 -0.0082 -0.0078 -0.0074 -0.0070 -0.0067 -0.0063 -0.0060 -0.0057 -0.0054 -0.0051 -0.0048 -0.0045 -0.0043 -0.0040 -0.0037 -0.0035 -0.0032 -0.0030 -0.0028 -0.0026 -0.0024 -0.0022 -0.0020 -0.0018 -0.0016 -0.0014 -0.0013 -0.0011 -0.0009 -0.0007 -0.0006 -0.0004 -0.0003 -0.0001 0.0000 0.0002 0.0003 0.0005 0.0007 0.0008 0.0010 0.0012 0.0014 0.0017 0.0018 0.0017 0.0014 0.0012 0.0010 0.0008 0.0007 0.0005 0.0003 0.0002 0.0000 -0.0001 -0.0003 -0.0004 -0.0006 -0.0007 -0.0009 -0.0011 -0.0013 -0.0014 -0.0016 -0.0018 -0.0020 -0.0022 -0.0024 -0.0026 -0.0028 -0.0030 -0.0032 -0.0035 -0.0037 -0.0040 -0.0043 -0.0045 -0.0048 -0.0051 -0.0054 -0.0057 -0.0060 -0.0063 -0.0067 -0.0070 -0.0074 -0.0078 -0.0082 -0.0086 -0.0090 -0.0095 -0.0099 -0.0108 -0.0187
-0.0163 -0.0094 -0.0087 -0.0082 -0.0078 -0.0074 -0.0071 -0.0067 -0.0064 -0.0060 -0.0057 -0.0054 -0.0051 -0.0049 -0.0046 -0.0043 -0.0041 -0.0038 -0.0036 -0.0034 -0.0031 -0.0029 -0.0027 -0.0025 -0.0023 -0.0021 -0.0019 -0.0017 -0.0016 -0.0014 -0.0013 -0.0011 -0.0010 -0.0008 -0.0007 -0.0005 -0.0004 -0.0002 -0.0001 0.0000 0.0002 0.0003 0.0005 0.0006 0.0008 0.0010 0.0012 0.0014 0.0016 0.0018 0.0020 0.0018 0.0016 0.0014 0.0012 0.0010 0.0008 0.0006 0.0005 0.0003 0.0002 0.0000 -0.0001 -0.0002 -0.0004 -0.0005 -0.0007 -0.0008 -0.0010 -0.0011 -0.0013 -0.0014 -0.0016 -0.0017 -0.0019 -0.0021 -0.0023 -0.0025 -0.0027 -0.0029 -0.0031 -0.0034 -0.0036 -0.0038 -0.0041 -0.0043 -0.0046 -0.0049 -0.0051 -0.0054 -0.0057 -0.0060 -0.0064 -0.0067 -0.0071 -0.0074 -0.0078 -0.0082 -0.0087 -0.0094 -0.0163
-0.0142 -0.0081 -0.0075 -0.0071 -0.0068 -0.0064 -0.0061 -0.0058 -0.0055 -0.0052 -0.0049 -0.0046 -0.0044 -0.0041 -0.0039 -0.0036 -0.0034 -0.0032 -0.0030 -0.0028 -0.0026 -0.0024 -0.0022 -0.0020 -0.0018 -0.0017 -0.0015 -0.0013 -0.0012 -0.0011 -0.0009 -0.0008 -0.0007 -0.0005 -0.0004 -0.0003 -0.0002 -0.0001 0.0001 0.0002 0.0003 0.0005 0.0006 0.0008 0.0009 0.0011 0.0013 0.0015 0.0017 0.0019 0.0021 0.0019 0.0017 0.0015 0.0013 0.0011 0.0009 0.0008 0.0006 0.0005 0.0003 0.0002 0.0001 -0.0001 -0.0002 -0.0003 -0.0004 -0.0005 -0.0007 -0.0008 -0.0009 -0.0011 -0.0012 -0.0013 -0.0015 -0.0017 -0.0018 -0.0020 -0.0022 -0.0024 -0.0026 -0.0028 -0.0030 -0.0032 -0.0034 -0.0036 -0.0039 -0.0041 -0.0044 -0.0046 -0.0049 -0.0052 -0.0055 -0.0058 -0.0061 -0.0064 -0.0068 -0.0071 -0.0075 -0.0081 -0.0142
-0.0123 -0.0070 -0.0065 -0.0061 -0.0058 -0.0055 -0.0052 -0.0049 -0.0047 -0.0044 -0.0042 -0.0039 -0.0037 -0.0035 -0.0032 -0.0030 -0.0028 -0.0027 -0.0025 -0.0023 -0.0021 -0.0019 -0.0018 -0.0016 -0.0014 -0.0013 -0.0011 -0.0010 -0.0009 -0.0007 -0.0006 -0.0005 -0.0004 -0.0003 -0.0002 -0.0001 0.0000 0.0001 0.0002 0.0004 0.0005 0.0006 0.0008 0.0009 0.0011 0.0013 0.0014 0.0016 0.0018 0.0020 0.0022 0.0020 0.0018 0.0016 0.0014 0.0013 0.0011 0.0009 0.0008 0.0006 0.0005 0.0004 0.0002 0.0001 0.0000 -0.0001 -0.0002 -0.0003 -0.0004 -0.0005 -0.0006 -0.0007 -0.0009 -0.0010 -0.0011 -0.0013 -0.0014 -0.0016 -0.0018 -0.0019 -0.0021 -0.0023 -0.0025 -0.0027 -0.0028 -0.0030 -0.0032 -0.0035 -0.0037 -0.0039 -0.0042 -0.0044 -0.0047 -0.0049 -0.0052 -0.0055 -0.0058 -0.0061 -0.0065 -0.0070 -0.0123
-0.0106 -0.0061 -0.0056 -0.0053 -0.0050 -0.0047 -0.0044 -0.0042 -0.0040 -0.0037 -0.0035 -0.0033 -0.0031 -0.0029 -0.0027 -0.0025 -0.0023 -0.0022 -0.0020 -0.0018 -0.0017 -0.0015 -0.0014 -0.0012 -0.0011 -0.0009 -0.0008 -0.0007 -0.0006 -0.0005 -0.0004 -0.0003 -0.0002 -0.0001 0.0000 0.0001 0.0002 0.0003 0.0004 0.0005 0.0007 0.0008 0.0009 0.0011 0.0012 0.0014 0.0016 0.0018 0.0020 0.0022 0.0023 0.0022 0.0020 0.0018 0.0016 0.0014 0.0012 0.0011 0.0009 0.0008 0.0007 0.0005 0.0004 0.0003 0.0002 0.0001 0.0000 -0.0001 -0.0002 -0.0003 -0.0004 -0.0005 -0.0006 -0.0007 -0.0008 -0.0009 -0.0011 -0.0012 -0.0014 -0.0015 -0.0017 -0.0018 -0.0020 -0.0022 -0.0023 -0.0025 -0.0027 -0.0029 -0.0031 -0.0033 -0.0035 -0.0037 -0.0040 -0.0042 -0.0044 -0.0047 -0.0050 -0.0053 -0.0056 -0.0061 -0.0106
-0.0092 -0.0052 -0.0048 -0.0045 -0.0042 -0.0040 -0.0038 -0.0035 -0.0033 -0.0031 -0.0029 -0.0027 -0.0025 -0.0024 -0.0022 -0.0020 -0.0019 -0.0017 -0.0016 -0.0014 -0.0013 -0.0012 -0.0010 -0.0009 -0.0008 -0.0006 -0.0005 -0.0004 -0.0003 -0.0002 -0.0001 -0.0000 0.0000 0.0001 0.0002 0.0003 0.0004 0.0005 0.0006 0.0007 0.0008 0.0010 0.0011 0.0013 0.0014 0.0016 0.0017 0.0019 0.0021 0.0023 0.0025 0.0023 0.0021 0.0019 0.0017 0.0016 0.0014 0.0013 0.0011 0.0010 0.0008 0.0007 0.0006 0.0005 0.0004 0.0003 0.0002 0.0001 0.0000 -0.0000 -0.0001 -0.0002 -0.0003 -0.0004 -0.0005 -0.0006 -0.0008 -0.0009 -0.0010 -0.0012 -0.0013 -0.0014 -0.0016 -0.0017 -0.0019 -0.0020 -0.0022 -0.0024 -0.0025 -0.0027 -0.0029 -0.0031 -0.0033 -0.0035 -0.0038 -0.0040 -0.0042 -0.0045 -0.0048 -0.0052 -0.0092
-0.0079 -0.0044 -0.0040 -0.0038 -0.0036 -0.0033 -0.0031 -0.0029 -0.0027 -0.0026 -0.0024 -0.0022 -0.0020 -0.0019 -0.0017 -0.0016 -0.0015 -0.0013 -0.0012 -0.0011 -0.0010 -0.0008 -0.0007 -0.0006 -0.0005 -0.0004 -0.0003 -0.0002 -0.0001 -0.0000 0.0001 0.0002 0.0002 0.0003 0.0004 0.0005 0.0006 0.0007 0.0008 0.0009 0.0010 0.0012 0.0013 0.0014 0.0016 0.0017 0.0019 0.0021 0.0023 0.0025 0.0026 0.0025 0.0023 0.0021 0.0019 0.0017 0.0016 0.0014 0.0013 0.0012 0.0010 0.0009 0.0008 0.0007 0.0006 0.0005 0.0004 0.0003 0.0002 0.0002 0.0001 -0.0000 -0.0001 -0.0002 -0.0003 -0.0004 -0.0005 -0.0006 -0.0007 -0.0008 -0.0010 -0.0011 -0.0012 -0.0013 -0.0015 -0.0016 -0.0017 -0.0019 -0.0020 -0.0022 -0.0024 -0.0026 -0.0027 -0.0029 -0.0031 -0.0033 -0.0036 -0.0038 -0.0040 -0.0044 -0.0079
-0.0067 -0.0037 -0.0034 -0.0032 -0.0030 -0.0028 -0.0026 -0.0024 -0.0022 -0.0021 -0.0019 -0.0018 -0.0016 -0.0015 -0.0013 -0.0012 -0.0011 -0.0010 -0.0009 -0.0008 -0.0007 -0.0006 -0.0004 -0.0003 -0.0002 -0.0002 -0.0001 0.0000 0.0001 0.0002 0.0003 0.0004 0.0005 0.0005 0.0006 0.0007 0.0008 0.0009 0.0010 0.0011 0.0012 0.0014 0.0015 0.0016 0.0018 0.0019 0.0021 0.0023 0.0024 0.0026 0.0028 0.0026 0.0024 0.0023 0.0021 0.0019 0.0018 0.0016 0.0015 0.0014 0.0012 0.0011 0.0010 0.0009 0.0008 0.0007 0.0006 0.0005 0.0005 0.0004 0.0003 0.0002 0.0001 0.0000 -0.0001 -0.0002 -0.0002 -0.0003 -0.0004 -0.0006 -0.0007 -0.0008 -0.0009 -0.0010 -0.0011 -0.0012 -0.0013 -0.0015 -0.0016 -0.0018 -0.0019 -0.0021 -0.0022 -0.0024 -0.0026 -0.0028 -0.0030 -0.0032 -0.0034 -0.0037 -0.0067
-0.0057 -0.0031 -0.0028 -0.0026 -0.0024 -0.0023 -0.0021 -0.0019 -0.0018 -0.0016 -0.0015 -0.0014 -0.0012 -0.0011 -0.0010 -0.0009 -0.0008 -0.0007 -0.0006 -0.0005 -0.0004 -0.0003 -0.0002 -0.0001 -0.0000 0.0001 0.0001 0.0002 0.0003 0.0004 0.0005 0.0006 0.0007 0.0008 0.0009 0.0009 0.0010 0.0011 0.0012 0.0013 0.0014 0.0016 0.0017 0.0018 0.0020 0.0021 0.0023 0.0024 0.0026 0.0028 0.0030 0.0028 0.0026 0.0024 0.0023 0.0021 0.0020 0.0018 0.0017 0.0016 0.0014 0.0013 0.0012 0.0011 0.0010 0.0009 0.0009 0.0008 0.0007 0.0006 0.0005 0.0004 0.0003 0.0002 0.0001 0.0001 -0.0000 -0.0001 -0.0002 -0.0003 -0.0004 -0.0005 -0.0006 -0.0007 -0.0008 -0.0009 -0.0010 -0.0011 -0.0012 -0.0014 -0.0015 -0.0016 -0.0018 -0.0019 -0.0021 -0.0023 -0.0024 -0.0026 -0.0028 -0.0031 -0.0057
-0.0048 -0.0025 -0.0023 -0.0021 -0.0020 -0.0018 -0.0017 -0.0015 -0.0014 -0.0013 -0.0011 -0.0010 -0.0009 -0.0008 -0.0007 -0.0006 -0.0005 -0.0004 -0.0003 -0.0002 -0.0001 -0.0001 0.0000 0.0001 0.0002 0.0003 0.0004 0.0004 0.0005 0.0006 0.0007 0.0008 0.0009 0.0010 0.0011 0.0012 0.0013 0.0014 0.0015 0.0016 0.0017 0.0018 0.0019 0.0020 0.0022 0.0023 0.0025 0.0026 0.0028 0.0030 0.0031 0.0030 0.0028 0.0026 0.0025 0.0023 0.0022 0.0020 0.0019 0.0018 0.0017 0.0016 0.0015 0.0014 0.0013 0.0012 0.0011 0.0010 0.0009 0.0008 0.0007 0.0006 0.0005 0.0004 0.0004 0.0003 0.0002 0.0001 0.0000 -0.0001 -0.0001 -0.0002 -0.0003 -0.0004 -0.0005 -0.0006 -0.0007 -0.0008 -0.0009 -0.0010 -0.0011 -0.0013 -0.0014 -0.0015 -0.0017 -0.0018 -0.0020 -0.0021 -0.0023 -0.0025 -0.0048
