0.0120 0.0175 0.0189 0.0202 0.0217 0.0233 0.0250 0.0269 0.0288 0.0309 0.0332 0.0356 0.0382 0.0410 0.0440 0.0472 0.0506 0.0543 0.0582 0.0625 0.0670 0.0719 0.0772 0.0828 0.0888 0.0953 0.1023 0.1097 0.1177 0.1263 0.1355 0.1454 0.1560 0.1673 0.1795 0.1926 0.2067 0.2217 0.2379 0.2553 0.2739 0.2938 0.3152 0.3382 0.3629 0.3893 0.4177 0.4482 0.4809 0.5169 0.5472 0.5169 0.4809 0.4482 0.4177 0.3893 0.3629 0.3382 0.3152 0.2938 0.2739 0.2553 0.2379 0.2217 0.2067 0.1926 0.1795 0.1673 0.1560 0.1454 0.1355 0.1263 0.1177 0.1097 0.1023 0.0953 0.0888 0.0828 0.0772 0.0719 0.0670 0.0625 0.0582 0.0543 0.0506 0.0472 0.0440 0.0410 0.0382 0.0356 0.0332 0.0309 0.0288 0.0269 0.0250 0.0233 0.0217 0.0202 0.0189 0.0175 0.0120
0.0175 0.0210 0.0222 0.0237 0.0253 0.0271 0.0290 0.0312 0.0334 0.0359 0.0385 0.0413 0.0443 0.0475 0.0510 0.0547 0.0587 0.0630 0.0676 0.0725 0.0778 0.0834 0.0895 0.0960 0.1030 0.1105 0.1186 0.1273 0.1365 0.1465 0.1572 0.1686 0.1809 0.1941 0.2083 0.2234 0.2397 0.2572 0.2760 0.2961 0.3177 0.3408 0.3657 0.3923 0.4209 0.4516 0.4845 0.5198 0.5577 0.5995 0.6335 0.5995 0.5577 0.5198 0.4845 0.4516 0.4209 0.3923 0.3657 0.3408 0.3177 0.2961 0.2760 0.2572 0.2397 0.2234 0.2083 0.1941 0.1809 0.1686 0.1572 0.1465 0.1365 0.1273 0.1186 0.1105 0.1030 0.0960 0.0895 0.0834 0.0778 0.0725 0.0676 0.0630 0.0587 0.0547 0.0510 0.0475 0.0443 0.0413 0.0385 0.0359 0.0334 0.0312 0.0290 0.0271 0.0253 0.0237 0.0222 0.0210 0.0175
0.0189 0.0222 0.0233 0.0247 0.0262 0.0279 0.0298 0.0320 0.0343 0.0367 0.0394 0.0422 0.0453 0.0486 0.0522 0.0560 0.0600 0.0644 0.0691 0.0741 0.0796 0.0854 0.0916 0.0983 0.1054 0.1131 0.1213 0.1302 0.1397 0.1499 0.1608 0.1725 0.1851 0.1986 0.2131 0.2286 0.2453 0.2631 0.2823 0.3029 0.3250 0.3487 0.3741 0.4014 0.4306 0.4620 0.4957 0.5318 0.5706 0.6134 0.6482 0.6134 0.5706 0.5318 0.4957 0.4620 0.4306 0.4014 0.3741 0.3487 0.3250 0.3029 0.2823 0.2631 0.2453 0.2286 0.2131 0.1986 0.1851 0.1725 0.1608 0.1499 0.1397 0.1302 0.1213 0.1131 0.1054 0.0983 0.0916 0.0854 0.0796 0.0741 0.0691 0.0644 0.0600 0.0560 0.0522 0.0486 0.0453 0.0422 0.0394 0.0367 0.0343 0.0320 0.0298 0.0279 0.0262 0.0247 0.0233 0.0222 0.0189
0.0202 0.0237 0.0247 0.0259 0.0273 0.0290 0.0309 0.0330 0.0353 0.0377 0.0404 0.0433 0.0464 0.0498 0.0535 0.0574 0.0615 0.0660 0.0708 0.0760 0.0815 0.0875 0.0939 0.1007 0.1081 0.1159 0.1244 0.1335 0.1432 0.1536 0.1648 0.1768 0.1897 0.2036 0.2184 0.2343 0.2514 0.2697 0.2894 0.3105 0.3331 0.3574 0.3835 0.4114 0.4414 0.4736 0.5081 0.5452 0.5849 0.6287 0.6644 0.6287 0.5849 0.5452 0.5081 0.4736 0.4414 0.4114 0.3835 0.3574 0.3331 0.3105 0.2894 0.2697 0.2514 0.2343 0.2184 0.2036 0.1897 0.1768 0.1648 0.1536 0.1432 0.1335 0.1244 0.1159 0.1081 0.1007 0.0939 0.0875 0.0815 0.0760 0.0708 0.0660 0.0615 0.0574 0.0535 0.0498 0.0464 0.0433 0.0404 0.0377 0.0353 0.0330 0.0309 0.0290 0.0273 0.0259 0.0247 0.0237 0.0202
0.0217 0.0253 0.0262 0.0273 0.0287 0.0302 0.0321 0.0341 0.0363 0.0388 0.0415 0.0445 0.0477 0.0511 0.0548 0.0588 0.0631 0.0677 0.0726 0.0779 0.0836 0.0897 0.0962 0.1032 0.1108 0.1188 0.1275 0.1368 0.1468 0.1575 0.1689 0.1813 0.1945 0.2087 0.2239 0.2402 0.2577 0.2765 0.2966 0.3183 0.3415 0.3664 0.3931 0.4217 0.4525 0.4854 0.5208 0.5588 0.5995 0.6445 0.6810 0.6445 0.5995 0.5588 0.5208 0.4854 0.4525 0.4217 0.3931 0.3664 0.3415 0.3183 0.2966 0.2765 0.2577 0.2402 0.2239 0.2087 0.1945 0.1813 0.1689 0.1575 0.1468 0.1368 0.1275 0.1188 0.1108 0.1032 0.0962 0.0897 0.0836 0.0779 0.0726 0.0677 0.0631 0.0588 0.0548 0.0511 0.0477 0.0445 0.0415 0.0388 0.0363 0.0341 0.0321 0.0302 0.0287 0.0273 0.0262 0.0253 0.0217
0.0233 0.0271 0.0279 0.0290 0.0302 0.0317 0.0334 0.0355 0.0377 0.0401 0.0429 0.0458 0.0490 0.0526 0.0563 0.0603 0.0647 0.0694 0.0744 0.0799 0.0857 0.0919 0.0986 0.1058 0.1135 0.1218 0.1307 0.1402 0.1504 0.1614 0.1732 0.1858 0.1993 0.2139 0.2295 0.2462 0.2641 0.2834 0.3041 0.3262 0.3500 0.3755 0.4029 0.4323 0.4638 0.4976 0.5339 0.5728 0.6146 0.6606 0.6981 0.6606 0.6146 0.5728 0.5339 0.4976 0.4638 0.4323 0.4029 0.3755 0.3500 0.3262 0.3041 0.2834 0.2641 0.2462 0.2295 0.2139 0.1993 0.1858 0.1732 0.1614 0.1504 0.1402 0.1307 0.1218 0.1135 0.1058 0.0986 0.0919 0.0857 0.0799 0.0744 0.0694 0.0647 0.0603 0.0563 0.0526 0.0490 0.0458 0.0429 0.0401 0.0377 0.0355 0.0334 0.0317 0.0302 0.0290 0.0279 0.0271 0.0233
0.0250 0.0290 0.0298 0.0309 0.0321 0.0334 0.0351 0.0370 0.0391 0.0416 0.0443 0.0472 0.0505 0.0540 0.0578 0.0620 0.0664 0.0711 0.0763 0.0819 0.0878 0.0942 0.1011 0.1085 0.1164 0.1249 0.1340 0.1437 0.1542 0.1654 0.1775 0.1904 0.2043 0.2192 0.2352 0.2524 0.2708 0.2905 0.3117 0.3344 0.3588 0.3849 0.4130 0.4431 0.4754 0.5101 0.5472 0.5871 0.6299 0.6771 0.7155 0.6771 0.6299 0.5871 0.5472 0.5101 0.4754 0.4431 0.4130 0.3849 0.3588 0.3344 0.3117 0.2905 0.2708 0.2524 0.2352 0.2192 0.2043 0.1904 0.1775 0.1654 0.1542 0.1437 0.1340 0.1249 0.1164 0.1085 0.1011 0.0942 0.0878 0.0819 0.0763 0.0711 0.0664 0.0620 0.0578 0.0540 0.0505 0.0472 0.0443 0.0416 0.0391 0.0370 0.0351 0.0334 0.0321 0.0309 0.0298 0.0290 0.0250
0.0269 0.0312 0.0320 0.0330 0.0341 0.0355 0.0370 0.0388 0.0409 0.0433 0.0460 0.0489 0.0522 0.0557 0.0596 0.0637 0.0682 0.0732 0.0784 0.0839 0.0900 0.0966 0.1036 0.1112 0.1193 0.1280 0.1373 0.1473 0.1581 0.1696 0.1820 0.1952 0.2094 0.2247 0.2411 0.2587 0.2775 0.2978 0.3195 0.3428 0.3678 0.3946 0.4233 0.4542 0.4873 0.5228 0.5609 0.6018 0.6457 0.6941 0.7335 0.6941 0.6457 0.6018 0.5609 0.5228 0.4873 0.4542 0.4233 0.3946 0.3678 0.3428 0.3195 0.2978 0.2775 0.2587 0.2411 0.2247 0.2094 0.1952 0.1820 0.1696 0.1581 0.1473 0.1373 0.1280 0.1193 0.1112 0.1036 0.0966 0.0900 0.0839 0.0784 0.0732 0.0682 0.0637 0.0596 0.0557 0.0522 0.0489 0.0460 0.0433 0.0409 0.0388 0.0370 0.0355 0.0341 0.0330 0.0320 0.0312 0.0269
0.0288 0.0334 0.0343 0.0353 0.0363 0.0377 0.0391 0.0409 0.0430 0.0452 0.0479 0.0508 0.0540 0.0576 0.0615 0.0657 0.0702 0.0751 0.0805 0.0863 0.0925 0.0990 0.1062 0.1140 0.1223 0.1312 0.1408 0.1510 0.1620 0.1738 0.1865 0.2001 0.2147 0.2303 0.2471 0.2651 0.2845 0.3052 0.3275 0.3513 0.3770 0.4044 0.4339 0.4656 0.4995 0.5359 0.5750 0.6169 0.6619 0.7115 0.7518 0.7115 0.6619 0.6169 0.5750 0.5359 0.4995 0.4656 0.4339 0.4044 0.3770 0.3513 0.3275 0.3052 0.2845 0.2651 0.2471 0.2303 0.2147 0.2001 0.1865 0.1738 0.1620 0.1510 0.1408 0.1312 0.1223 0.1140 0.1062 0.0990 0.0925 0.0863 0.0805 0.0751 0.0702 0.0657 0.0615 0.0576 0.0540 0.0508 0.0479 0.0452 0.0430 0.0409 0.0391 0.0377 0.0363 0.0353 0.0343 0.0334 0.0288
0.0309 0.0359 0.0367 0.0377 0.0388 0.0401 0.0416 0.0433 0.0452 0.0475 0.0500 0.0530 0.0561 0.0596 0.0636 0.0678 0.0723 0.0773 0.0828 0.0887 0.0949 0.1019 0.1091 0.1168 0.1253 0.1345 0.1443 0.1548 0.1661 0.1782 0.1912 0.2051 0.2201 0.2361 0.2533 0.2718 0.2916 0.3129 0.3357 0.3601 0.3864 0.4146 0.4448 0.4772 0.5120 0.5493 0.5894 0.6323 0.6784 0.7293 0.7706 0.7293 0.6784 0.6323 0.5894 0.5493 0.5120 0.4772 0.4448 0.4146 0.3864 0.3601 0.3357 0.3129 0.2916 0.2718 0.2533 0.2361 0.2201 0.2051 0.1912 0.1782 0.1661 0.1548 0.1443 0.1345 0.1253 0.1168 0.1091 0.1019 0.0949 0.0887 0.0828 0.0773 0.0723 0.0678 0.0636 0.0596 0.0561 0.0530 0.0500 0.0475 0.0452 0.0433 0.0416 0.0401 0.0388 0.0377 0.0367 0.0359 0.0309
0.0332 0.0385 0.0394 0.0404 0.0415 0.0429 0.0443 0.0460 0.0479 0.0500 0.0526 0.0553 0.0585 0.0619 0.0658 0.0700 0.0746 0.0797 0.0852 0.0912 0.0977 0.1046 0.1120 0.1202 0.1287 0.1378 0.1479 0.1587 0.1702 0.1826 0.1960 0.2102 0.2256 0.2420 0.2597 0.2786 0.2989 0.3207 0.3441 0.3692 0.3961 0.4249 0.4559 0.4892 0.5248 0.5631 0.6041 0.6482 0.6954 0.7475 0.7899 0.7475 0.6954 0.6482 0.6041 0.5631 0.5248 0.4892 0.4559 0.4249 0.3961 0.3692 0.3441 0.3207 0.2989 0.2786 0.2597 0.2420 0.2256 0.2102 0.1960 0.1826 0.1702 0.1587 0.1479 0.1378 0.1287 0.1202 0.1120 0.1046 0.0977 0.0912 0.0852 0.0797 0.0746 0.0700 0.0658 0.0619 0.0585 0.0553 0.0526 0.0500 0.0479 0.0460 0.0443 0.0429 0.0415 0.0404 0.0394 0.0385 0.0332
0.0356 0.0413 0.0422 0.0433 0.0445 0.0458 0.0472 0.0489 0.0508 0.0530 0.0553 0.0580 0.0611 0.0645 0.0683 0.0726 0.0772 0.0823 0.0880 0.0940 0.1005 0.1076 0.1153 0.1234 0.1322 0.1418 0.1519 0.1626 0.1745 0.1872 0.2009 0.2155 0.2312 0.2481 0.2662 0.2856 0.3064 0.3287 0.3527 0.3784 0.4060 0.4356 0.4673 0.5014 0.5380 0.5772 0.6192 0.6644 0.7128 0.7662 0.8097 0.7662 0.7128 0.6644 0.6192 0.5772 0.5380 0.5014 0.4673 0.4356 0.4060 0.3784 0.3527 0.3287 0.3064 0.2856 0.2662 0.2481 0.2312 0.2155 0.2009 0.1872 0.1745 0.1626 0.1519 0.1418 0.1322 0.1234 0.1153 0.1076 0.1005 0.0940 0.0880 0.0823 0.0772 0.0726 0.0683 0.0645 0.0611 0.0580 0.0553 0.0530 0.0508 0.0489 0.0472 0.0458 0.0445 0.0433 0.0422 0.0413 0.0356
0.0382 0.0443 0.0453 0.0464 0.0477 0.0490 0.0505 0.0522 0.0540 0.0561 0.0585 0.0611 0.0640 0.0674 0.0712 0.0754 0.0802 0.0852 0.0909 0.0971 0.1036 0.1108 0.1186 0.1270 0.1360 0.1457 0.1560 0.1673 0.1792 0.1919 0.2059 0.2209 0.2370 0.2543 0.2728 0.2927 0.3141 0.3369 0.3615 0.3879 0.4161 0.4465 0.4790 0.5139 0.5514 0.5916 0.6347 0.6810 0.7307 0.7854 0.8300 0.7854 0.7307 0.6810 0.6347 0.5916 0.5514 0.5139 0.4790 0.4465 0.4161 0.3879 0.3615 0.3369 0.3141 0.2927 0.2728 0.2543 0.2370 0.2209 0.2059 0.1919 0.1792 0.1673 0.1560 0.1457 0.1360 0.1270 0.1186 0.1108 0.1036 0.0971 0.0909 0.0852 0.0802 0.0754 0.0712 0.0674 0.0640 0.0611 0.0585 0.0561 0.0540 0.0522 0.0505 0.0490 0.0477 0.0464 0.0453 0.0443 0.0382
0.0410 0.0475 0.0486 0.0498 0.0511 0.0526 0.0540 0.0557 0.0576 0.0596 0.0619 0.0645 0.0674 0.0707 0.0744 0.0787 0.0833 0.0885 0.0940 0.1003 0.1070 0.1142 0.1220 0.1307 0.1400 0.1499 0.1605 0.1719 0.1840 0.1975 0.2114 0.2264 0.2429 0.2606 0.2797 0.3000 0.3219 0.3454 0.3706 0.3976 0.4266 0.4577 0.4910 0.5268 0.5652 0.6064 0.6506 0.6981 0.7490 0.8051 0.8507 0.8051 0.7490 0.6981 0.6506 0.6064 0.5652 0.5268 0.4910 0.4577 0.4266 0.3976 0.3706 0.3454 0.3219 0.3000 0.2797 0.2606 0.2429 0.2264 0.2114 0.1975 0.1840 0.1719 0.1605 0.1499 0.1400 0.1307 0.1220 0.1142 0.1070 0.1003 0.0940 0.0885 0.0833 0.0787 0.0744 0.0707 0.0674 0.0645 0.0619 0.0596 0.0576 0.0557 0.0540 0.0526 0.0511 0.0498 0.0486 0.0475 0.0410
0.0440 0.0510 0.0522 0.0535 0.0548 0.0563 0.0578 0.0596 0.0615 0.0636 0.0658 0.0683 0.0712 0.0744 0.0781 0.0822 0.0868 0.0919 0.0977 0.1038 0.1105 0.1179 0.1258 0.1345 0.1440 0.1542 0.1651 0.1768 0.1894 0.2028 0.2172 0.2330 0.2495 0.2672 0.2867 0.3075 0.3300 0.3540 0.3798 0.4075 0.4372 0.4691 0.5033 0.5400 0.5794 0.6216 0.6669 0.7155 0.7677 0.8252 0.8720 0.8252 0.7677 0.7155 0.6669 0.6216 0.5794 0.5400 0.5033 0.4691 0.4372 0.4075 0.3798 0.3540 0.3300 0.3075 0.2867 0.2672 0.2495 0.2330 0.2172 0.2028 0.1894 0.1768 0.1651 0.1542 0.1440 0.1345 0.1258 0.1179 0.1105 0.1038 0.0977 0.0919 0.0868 0.0822 0.0781 0.0744 0.0712 0.0683 0.0658 0.0636 0.0615 0.0596 0.0578 0.0563 0.0548 0.0535 0.0522 0.0510 0.0440
0.0472 0.0547 0.0560 0.0574 0.0588 0.0603 0.0620 0.0637 0.0657 0.0678 0.0700 0.0726 0.0754 0.0787 0.0822 0.0862 0.0907 0.0959 0.1015 0.1076 0.1144 0.1218 0.1299 0.1386 0.1482 0.1587 0.1699 0.1820 0.1948 0.2087 0.2234 0.2393 0.2562 0.2749 0.2944 0.3152 0.3382 0.3629 0.3893 0.4177 0.4482 0.4809 0.5159 0.5535 0.5939 0.6372 0.6836 0.7335 0.7869 0.8459 0.8939 0.8459 0.7869 0.7335 0.6836 0.6372 0.5939 0.5535 0.5159 0.4809 0.4482 0.4177 0.3893 0.3629 0.3382 0.3152 0.2944 0.2749 0.2562 0.2393 0.2234 0.2087 0.1948 0.1820 0.1699 0.1587 0.1482 0.1386 0.1299 0.1218 0.1144 0.1076 0.1015 0.0959 0.0907 0.0862 0.0822 0.0787 0.0754 0.0726 0.0700 0.0678 0.0657 0.0637 0.0620 0.0603 0.0588 0.0574 0.0560 0.0547 0.0472
0.0506 0.0587 0.0600 0.0615 0.0631 0.0647 0.0664 0.0682 0.0702 0.0723 0.0746 0.0772 0.0802 0.0833 0.0868 0.0907 0.0951 0.1001 0.1058 0.1120 0.1186 0.1261 0.1342 0.1429 0.1527 0.1633 0.1748 0.1872 0.2005 0.2147 0.2299 0.2462 0.2636 0.2823 0.3023 0.3244 0.3474 0.3720 0.3991 0.4282 0.4594 0.4929 0.5288 0.5674 0.6087 0.6531 0.7007 0.7518 0.8066 0.8671 0.9162 0.8671 0.8066 0.7518 0.7007 0.6531 0.6087 0.5674 0.5288 0.4929 0.4594 0.4282 0.3991 0.3720 0.3474 0.3244 0.3023 0.2823 0.2636 0.2462 0.2299 0.2147 0.2005 0.1872 0.1748 0.1633 0.1527 0.1429 0.1342 0.1261 0.1186 0.1120 0.1058 0.1001 0.0951 0.0907 0.0868 0.0833 0.0802 0.0772 0.0746 0.0723 0.0702 0.0682 0.0664 0.0647 0.0631 0.0615 0.0600 0.0587 0.0506
0.0543 0.0630 0.0644 0.0660 0.0677 0.0694 0.0711 0.0732 0.0751 0.0773 0.0797 0.0823 0.0852 0.0885 0.0919 0.0959 0.1001 0.1050 0.1105 0.1166 0.1234 0.1309 0.1392 0.1479 0.1578 0.1686 0.1802 0.1926 0.2063 0.2209 0.2366 0.2533 0.2713 0.2905 0.3111 0.3331 0.3567 0.3827 0.4099 0.4389 0.4709 0.5052 0.5421 0.5816 0.6240 0.6695 0.7183 0.7706 0.8268 0.8888 0.9392 0.8888 0.8268 0.7706 0.7183 0.6695 0.6240 0.5816 0.5421 0.5052 0.4709 0.4389 0.4099 0.3827 0.3567 0.3331 0.3111 0.2905 0.2713 0.2533 0.2366 0.2209 0.2063 0.1926 0.1802 0.1686 0.1578 0.1479 0.1392 0.1309 0.1234 0.1166 0.1105 0.1050 0.1001 0.0959 0.0919 0.0885 0.0852 0.0823 0.0797 0.0773 0.0751 0.0732 0.0711 0.0694 0.0677 0.0660 0.0644 0.0630 0.0543
0.0582 0.0676 0.0691 0.0708 0.0726 0.0744 0.0763 0.0784 0.0805 0.0828 0.0852 0.0880 0.0909 0.0940 0.0977 0.1015 0.1058 0.1105 0.1159 0.1220 0.1287 0.1363 0.1445 0.1536 0.1633 0.1742 0.1862 0.1986 0.2123 0.2273 0.2434 0.2606 0.2791 0.2989 0.3201 0.3428 0.3671 0.3931 0.4209 0.4516 0.4836 0.5179 0.5556 0.5961 0.6396 0.6862 0.7362 0.7899 0.8475 0.9110 0.9627 0.9110 0.8475 0.7899 0.7362 0.6862 0.6396 0.5961 0.5556 0.5179 0.4836 0.4516 0.4209 0.3931 0.3671 0.3428 0.3201 0.2989 0.2791 0.2606 0.2434 0.2273 0.2123 0.1986 0.1862 0.1742 0.1633 0.1536 0.1445 0.1363 0.1287 0.1220 0.1159 0.1105 0.1058 0.1015 0.0977 0.0940 0.0909 0.0880 0.0852 0.0828 0.0805 0.0784 0.0763 0.0744 0.0726 0.0708 0.0691 0.0676 0.0582
0.0625 0.0725 0.0741 0.0760 0.0779 0.0799 0.0819 0.0839 0.0863 0.0887 0.0912 0.0940 0.0971 0.1003 0.1038 0.1076 0.1120 0.1166 0.1220 0.1280 0.1347 0.1421 0.1504 0.1596 0.1696 0.1802 0.1923 0.2051 0.2188 0.2339 0.2504 0.2682 0.2872 0.3075 0.3293 0.3527 0.3777 0.4044 0.4331 0.4638 0.4967 0.5329 0.5706 0.6111 0.6556 0.7034 0.7547 0.8097 0.8687 0.9338 0.9868 0.9338 0.8687 0.8097 0.7547 0.7034 0.6556 0.6111 0.5706 0.5329 0.4967 0.4638 0.4331 0.4044 0.3777 0.3527 0.3293 0.3075 0.2872 0.2682 0.2504 0.2339 0.2188 0.2051 0.1923 0.1802 0.1696 0.1596 0.1504 0.1421 0.1347 0.1280 0.1220 0.1166 0.1120 0.1076 0.1038 0.1003 0.0971 0.0940 0.0912 0.0887 0.0863 0.0839 0.0819 0.0799 0.0779 0.0760 0.0741 0.0725 0.0625
0.0670 0.0778 0.0796 0.0815 0.0836 0.0857 0.0878 0.0900 0.0925 0.0949 0.0977 0.1005 0.1036 0.1070 0.1105 0.1144 0.1186 0.1234 0.1287 0.1347 0.1413 0.1487 0.1569 0.1661 0.1762 0.1872 0.1990 0.2119 0.2260 0.2411 0.2577 0.2760 0.2955 0.3164 0.3389 0.3629 0.3886 0.4161 0.4456 0.4772 0.5110 0.5472 0.5860 0.6287 0.6733 0.7210 0.7736 0.8300 0.8905 0.9572 1.0000 0.9572 0.8905 0.8300 0.7736 0.7210 0.6733 0.6287 0.5860 0.5472 0.5110 0.4772 0.4456 0.4161 0.3886 0.3629 0.3389 0.3164 0.2955 0.2760 0.2577 0.2411 0.2260 0.2119 0.1990 0.1872 0.1762 0.1661 0.1569 0.1487 0.1413 0.1347 0.1287 0.1234 0.1186 0.1144 0.1105 0.1070 0.1036 0.1005 0.0977 0.0949 0.0925 0.0900 0.0878 0.0857 0.0836 0.0815 0.0796 0.0778 0.0670
0.0719 0.0834 0.0854 0.0875 0.0897 0.0919 0.0942 0.0966 0.0990 0.1019 0.1046 0.1076 0.1108 0.1142 0.1179 0.1218 0.1261 0.1309 0.1363 0.1421 0.1487 0.1560 0.1642 0.1732 0.1833 0.1945 0.2063 0.2192 0.2334 0.2490 0.2657 0.2839 0.3041 0.3256 0.3487 0.3734 0.3998 0.4282 0.4585 0.4910 0.5258 0.5631 0.6030 0.6457 0.6915 0.7419 0.7944 0.8507 0.9128 0.9812 1.0000 0.9812 0.9128 0.8507 0.7944 0.7419 0.6915 0.6457 0.6030 0.5631 0.5258 0.4910 0.4585 0.4282 0.3998 0.3734 0.3487 0.3256 0.3041 0.2839 0.2657 0.2490 0.2334 0.2192 0.2063 0.1945 0.1833 0.1732 0.1642 0.1560 0.1487 0.1421 0.1363 0.1309 0.1261 0.1218 0.1179 0.1142 0.1108 0.1076 0.1046 0.1019 0.0990 0.0966 0.0942 0.0919 0.0897 0.0875 0.0854 0.0834 0.0719
0.0772 0.0895 0.0916 0.0939 0.0962 0.0986 0.1011 0.1036 0.1062 0.1091 0.1120 0.1153 0.1186 0.1220 0.1258 0.1299 0.1342 0.1392 0.1445 0.1504 0.1569 0.1642 0.1722 0.1813 0.1912 0.2024 0.2147 0.2273 0.2416 0.2572 0.2744 0.2927 0.3129 0.3350 0.3588 0.3842 0.4114 0.4406 0.4718 0.5052 0.5410 0.5794 0.6204 0.6644 0.7115 0.7619 0.8159 0.8754 0.9374 1.0000 1.0000 1.0000 0.9374 0.8754 0.8159 0.7619 0.7115 0.6644 0.6204 0.5794 0.5410 0.5052 0.4718 0.4406 0.4114 0.3842 0.3588 0.3350 0.3129 0.2927 0.2744 0.2572 0.2416 0.2273 0.2147 0.2024 0.1912 0.1813 0.1722 0.1642 0.1569 0.1504 0.1445 0.1392 0.1342 0.1299 0.1258 0.1220 0.1186 0.1153 0.1120 0.1091 0.1062 0.1036 0.1011 0.0986 0.0962 0.0939 0.0916 0.0895 0.0772
0.0828 0.0960 0.0983 0.1007 0.1032 0.1058 0.1085 0.1112 0.1140 0.1168 0.1202 0.1234 0.1270 0.1307 0.1345 0.1386 0.1429 0.1479 0.1536 0.1596 0.1661 0.1732 0.1813 0.1901 0.2001 0.2110 0.2234 0.2366 0.2504 0.2662 0.2834 0.3023 0.3225 0.3447 0.3692 0.3953 0.4233 0.4533 0.4854 0.5198 0.5567 0.5961 0.6384 0.6836 0.7321 0.7839 0.8395 0.8990 0.9627 1.0000 1.0000 1.0000 0.9627 0.8990 0.8395 0.7839 0.7321 0.6836 0.6384 0.5961 0.5567 0.5198 0.4854 0.4533 0.4233 0.3953 0.3692 0.3447 0.3225 0.3023 0.2834 0.2662 0.2504 0.2366 0.2234 0.2110 0.2001 0.1901 0.1813 0.1732 0.1661 0.1596 0.1536 0.1479 0.1429 0.1386 0.1345 0.1307 0.1270 0.1234 0.1202 0.1168 0.1140 0.1112 0.1085 0.1058 0.1032 0.1007 0.0983 0.0960 0.0828
0.0888 0.1030 0.1054 0.1081 0.1108 0.1135 0.1164 0.1193 0.1223 0.1253 0.1287 0.1322 0.1360 0.1400 0.1440 0.1482 0.1527 0.1578 0.1633 0.1696 0.1762 0.1833 0.1912 0.2001 0.2098 0.2209 0.2330 0.2462 0.2606 0.2760 0.2933 0.3123 0.3325 0.3554 0.3798 0.4068 0.4356 0.4664 0.4995 0.5349 0.5728 0.6134 0.6569 0.7034 0.7532 0.8066 0.8638 0.9250 0.9905 1.0000 1.0000 1.0000 0.9905 0.9250 0.8638 0.8066 0.7532 0.7034 0.6569 0.6134 0.5728 0.5349 0.4995 0.4664 0.4356 0.4068 0.3798 0.3554 0.3325 0.3123 0.2933 0.2760 0.2606 0.2462 0.2330 0.2209 0.2098 0.2001 0.1912 0.1833 0.1762 0.1696 0.1633 0.1578 0.1527 0.1482 0.1440 0.1400 0.1360 0.1322 0.1287 0.1253 0.1223 0.1193 0.1164 0.1135 0.1108 0.1081 0.1054 0.1030 0.0888
0.0953 0.1105 0.1131 0.1159 0.1188 0.1218 0.1249 0.1280 0.1312 0.1345 0.1378 0.1418 0.1457 0.1499 0.1542 0.1587 0.1633 0.1686 0.1742 0.1802 0.1872 0.1945 0.2024 0.2110 0.2209 0.2317 0.2434 0.2567 0.2713 0.2872 0.3046 0.3238 0.3441 0.3671 0.3923 0.4193 0.4482 0.4799 0.5139 0.5504 0.5894 0.6311 0.6759 0.7238 0.7750 0.8300 0.8888 0.9518 1.0000 1.0000 1.0000 1.0000 1.0000 0.9518 0.8888 0.8300 0.7750 0.7238 0.6759 0.6311 0.5894 0.5504 0.5139 0.4799 0.4482 0.4193 0.3923 0.3671 0.3441 0.3238 0.3046 0.2872 0.2713 0.2567 0.2434 0.2317 0.2209 0.2110 0.2024 0.1945 0.1872 0.1802 0.1742 0.1686 0.1633 0.1587 0.1542 0.1499 0.1457 0.1418 0.1378 0.1345 0.1312 0.1280 0.1249 0.1218 0.1188 0.1159 0.1131 0.1105 0.0953
0.1023 0.1186 0.1213 0.1244 0.1275 0.1307 0.1340 0.1373 0.1408 0.1443 0.1479 0.1519 0.1560 0.1605 0.1651 0.1699 0.1748 0.1802 0.1862 0.1923 0.1990 0.2063 0.2147 0.2234 0.2330 0.2434 0.2557 0.2687 0.2834 0.2995 0.3171 0.3363 0.3574 0.3798 0.4052 0.4331 0.4620 0.4938 0.5288 0.5663 0.6064 0.6494 0.6954 0.7447 0.7975 0.8540 0.9145 0.9793 1.0000 1.0000 1.0000 1.0000 1.0000 0.9793 0.9145 0.8540 0.7975 0.7447 0.6954 0.6494 0.6064 0.5663 0.5288 0.4938 0.4620 0.4331 0.4052 0.3798 0.3574 0.3363 0.3171 0.2995 0.2834 0.2687 0.2557 0.2434 0.2330 0.2234 0.2147 0.2063 0.1990 0.1923 0.1862 0.1802 0.1748 0.1699 0.1651 0.1605 0.1560 0.1519 0.1479 0.1443 0.1408 0.1373 0.1340 0.1307 0.1275 0.1244 0.1213 0.1186 0.1023
0.1097 0.1273 0.1302 0.1335 0.1368 0.1402 0.1437 0.1473 0.1510 0.1548 0.1587 0.1626 0.1673 0.1719 0.1768 0.1820 0.1872 0.1926 0.1986 0.2051 0.2119 0.2192 0.2273 0.2366 0.2462 0.2567 0.2687 0.2823 0.2966 0.3129 0.3306 0.3500 0.3713 0.3946 0.4193 0.4473 0.4772 0.5091 0.5441 0.5827 0.6240 0.6682 0.7155 0.7662 0.8205 0.8787 0.9410 1.0000 1.0000 1.0000 1.0000 1.0000 1.0000 1.0000 0.9410 0.8787 0.8205 0.7662 0.7155 0.6682 0.6240 0.5827 0.5441 0.5091 0.4772 0.4473 0.4193 0.3946 0.3713 0.3500 0.3306 0.3129 0.2966 0.2823 0.2687 0.2567 0.2462 0.2366 0.2273 0.2192 0.2119 0.2051 0.1986 0.1926 0.1872 0.1820 0.1768 0.1719 0.1673 0.1626 0.1587 0.1548 0.1510 0.1473 0.1437 0.1402 0.1368 0.1335 0.1302 0.1273 0.1097
0.1177 0.1365 0.1397 0.1432 0.1468 0.1504 0.1542 0.1581 0.1620 0.1661 0.1702 0.1745 0.1792 0.1840 0.1894 0.1948 0.2005 0.2063 0.2123 0.2188 0.2260 0.2334 0.2416 0.2504 0.2606 0.2713 0.2834 0.2966 0.3117 0.3275 0.3454 0.3650 0.3864 0.4099 0.4356 0.4629 0.4929 0.5258 0.5609 0.5995 0.6420 0.6875 0.7362 0.7884 0.8443 0.9041 0.9682 1.0000 1.0000 1.0000 1.0000 1.0000 1.0000 1.0000 0.9682 0.9041 0.8443 0.7884 0.7362 0.6875 0.6420 0.5995 0.5609 0.5258 0.4929 0.4629 0.4356 0.4099 0.3864 0.3650 0.3454 0.3275 0.3117 0.2966 0.2834 0.2713 0.2606 0.2504 0.2416 0.2334 0.2260 0.2188 0.2123 0.2063 0.2005 0.1948 0.1894 0.1840 0.1792 0.1745 0.1702 0.1661 0.1620 0.1581 0.1542 0.1504 0.1468 0.1432 0.1397 0.1365 0.1177
0.1263 0.1465 0.1499 0.1536 0.1575 0.1614 0.1654 0.1696 0.1738 0.1782 0.1826 0.1872 0.1919 0.1975 0.2028 0.2087 0.2147 0.2209 0.2273 0.2339 0.2411 0.2490 0.2572 0.2662 0.2760 0.2872 0.2995 0.3129 0.3275 0.3441 0.3615 0.3813 0.4029 0.4266 0.4525 0.4799 0.5101 0.5431 0.5794 0.6181 0.6606 0.7074 0.7576 0.8112 0.8687 0.9303 0.9962 1.0000 1.0000 1.0000 1.0000 1.0000 1.0000 1.0000 0.9962 0.9303 0.8687 0.8112 0.7576 0.7074 0.6606 0.6181 0.5794 0.5431 0.5101 0.4799 0.4525 0.4266 0.4029 0.3813 0.3615 0.3441 0.3275 0.3129 0.2995 0.2872 0.2760 0.2662 0.2572 0.2490 0.2411 0.2339 0.2273 0.2209 0.2147 0.2087 0.2028 0.1975 0.1919 0.1872 0.1826 0.1782 0.1738 0.1696 0.1654 0.1614 0.1575 0.1536 0.1499 0.1465 0.1263
0.1355 0.1572 0.1608 0.1648 0.1689 0.1732 0.1775 0.1820 0.1865 0.1912 0.1960 0.2009 0.2059 0.2114 0.2172 0.2234 0.2299 0.2366 0.2434 0.2504 0.2577 0.2657 0.2744 0.2834 0.2933 0.3046 0.3171 0.3306 0.3454 0.3615 0.3798 0.3991 0.4209 0.4448 0.4709 0.4995 0.5288 0.5620 0.5984 0.6384 0.6810 0.7279 0.7795 0.8347 0.8939 0.9572 1.0000 1.0000 1.0000 1.0000 1.0000 1.0000 1.0000 1.0000 1.0000 0.9572 0.8939 0.8347 0.7795 0.7279 0.6810 0.6384 0.5984 0.5620 0.5288 0.4995 0.4709 0.4448 0.4209 0.3991 0.3798 0.3615 0.3454 0.3306 0.3171 0.3046 0.2933 0.2834 0.2744 0.2657 0.2577 0.2504 0.2434 0.2366 0.2299 0.2234 0.2172 0.2114 0.2059 0.2009 0.1960 0.1912 0.1865 0.1820 0.1775 0.1732 0.1689 0.1648 0.1608 0.1572 0.1355
0.1454 0.1686 0.1725 0.1768 0.1813 0.1858 0.1904 0.1952 0.2001 0.2051 0.2102 0.2155 0.2209 0.2264 0.2330 0.2393 0.2462 0.2533 0.2606 0.2682 0.2760 0.2839 0.2927 0.3023 0.3123 0.3238 0.3363 0.3500 0.3650 0.3813 0.3991 0.4193 0.4406 0.4647 0.4910 0.5198 0.5504 0.5827 0.6192 0.6594 0.7034 0.7504 0.8020 0.8589 0.9197 0.9849 1.0000 1.0000 1.0000 1.0000 1.0000 1.0000 1.0000 1.0000 1.0000 0.9849 0.9197 0.8589 0.8020 0.7504 0.7034 0.6594 0.6192 0.5827 0.5504 0.5198 0.4910 0.4647 0.4406 0.4193 0.3991 0.3813 0.3650 0.3500 0.3363 0.3238 0.3123 0.3023 0.2927 0.2839 0.2760 0.2682 0.2606 0.2533 0.2462 0.2393 0.2330 0.2264 0.2209 0.2155 0.2102 0.2051 0.2001 0.1952 0.1904 0.1858 0.1813 0.1768 0.1725 0.1686 0.1454
0.1560 0.1809 0.1851 0.1897 0.1945 0.1993 0.2043 0.2094 0.2147 0.2201 0.2256 0.2312 0.2370 0.2429 0.2495 0.2562 0.2636 0.2713 0.2791 0.2872 0.2955 0.3041 0.3129 0.3225 0.3325 0.3441 0.3574 0.3713 0.3864 0.4029 0.4209 0.4406 0.4629 0.4864 0.5130 0.5421 0.5728 0.6064 0.6420 0.6823 0.7265 0.7750 0.8268 0.8837 0.9463 1.0000 1.0000 1.0000 1.0000 1.0000 1.0000 1.0000 1.0000 1.0000 1.0000 1.0000 0.9463 0.8837 0.8268 0.7750 0.7265 0.6823 0.6420 0.6064 0.5728 0.5421 0.5130 0.4864 0.4629 0.4406 0.4209 0.4029 0.3864 0.3713 0.3574 0.3441 0.3325 0.3225 0.3129 0.3041 0.2955 0.2872 0.2791 0.2713 0.2636 0.2562 0.2495 0.2429 0.2370 0.2312 0.2256 0.2201 0.2147 0.2094 0.2043 0.1993 0.1945 0.1897 0.1851 0.1809 0.1560
0.1673 0.1941 0.1986 0.2036 0.2087 0.2139 0.2192 0.2247 0.2303 0.2361 0.2420 0.2481 0.2543 0.2606 0.2672 0.2749 0.2823 0.2905 0.2989 0.3075 0.3164 0.3256 0.3350 0.3447 0.3554 0.3671 0.3798 0.3946 0.4099 0.4266 0.4448 0.4647 0.4864 0.5110 0.5369 0.5663 0.5973 0.6311 0.6682 0.7074 0.7518 0.8005 0.8540 0.9110 0.9737 1.0000 1.0000 1.0000 1.0000 1.0000 1.0000 1.0000 1.0000 1.0000 1.0000 1.0000 0.9737 0.9110 0.8540 0.8005 0.7518 0.7074 0.6682 0.6311 0.5973 0.5663 0.5369 0.5110 0.4864 0.4647 0.4448 0.4266 0.4099 0.3946 0.3798 0.3671 0.3554 0.3447 0.3350 0.3256 0.3164 0.3075 0.2989 0.2905 0.2823 0.2749 0.2672 0.2606 0.2543 0.2481 0.2420 0.2361 0.2303 0.2247 0.2192 0.2139 0.2087 0.2036 0.1986 0.1941 0.1673
0.1795 0.2083 0.2131 0.2184 0.2239 0.2295 0.2352 0.2411 0.2471 0.2533 0.2597 0.2662 0.2728 0.2797 0.2867 0.2944 0.3023 0.3111 0.3201 0.3293 0.3389 0.3487 0.3588 0.3692 0.3798 0.3923 0.4052 0.4193 0.4356 0.4525 0.4709 0.4910 0.5130 0.5369 0.5641 0.5927 0.6240 0.6581 0.6954 0.7362 0.7795 0.8284 0.8820 0.9410 1.0000 1.0000 1.0000 1.0000 1.0000 1.0000 1.0000 1.0000 1.0000 1.0000 1.0000 1.0000 1.0000 0.9410 0.8820 0.8284 0.7795 0.7362 0.6954 0.6581 0.6240 0.5927 0.5641 0.5369 0.5130 0.4910 0.4709 0.4525 0.4356 0.4193 0.4052 0.3923 0.3798 0.3692 0.3588 0.3487 0.3389 0.3293 0.3201 0.3111 0.3023 0.2944 0.2867 0.2797 0.2728 0.2662 0.2597 0.2533 0.2471 0.2411 0.2352 0.2295 0.2239 0.2184 0.2131 0.2083 0.1795
0.1926 0.2234 0.2286 0.2343 0.2402 0.2462 0.2524 0.2587 0.2651 0.2718 0.2786 0.2856 0.2927 0.3000 0.3075 0.3152 0.3244 0.3331 0.3428 0.3527 0.3629 0.3734 0.3842 0.3953 0.4068 0.4193 0.4331 0.4473 0.4629 0.4799 0.4995 0.5198 0.5421 0.5663 0.5927 0.6216 0.6531 0.6875 0.7251 0.7662 0.8112 0.8589 0.9128 0.9719 1.0000 1.0000 1.0000 1.0000 1.0000 1.0000 1.0000 1.0000 1.0000 1.0000 1.0000 1.0000 1.0000 0.9719 0.9128 0.8589 0.8112 0.7662 0.7251 0.6875 0.6531 0.6216 0.5927 0.5663 0.5421 0.5198 0.4995 0.4799 0.4629 0.4473 0.4331 0.4193 0.4068 0.3953 0.3842 0.3734 0.3629 0.3527 0.3428 0.3331 0.3244 0.3152 0.3075 0.3000 0.2927 0.2856 0.2786 0.2718 0.2651 0.2587 0.2524 0.2462 0.2402 0.2343 0.2286 0.2234 0.1926
0.2067 0.2397 0.2453 0.2514 0.2577 0.2641 0.2708 0.2775 0.2845 0.2916 0.2989 0.3064 0.3141 0.3219 0.3300 0.3382 0.3474 0.3567 0.3671 0.3777 0.3886 0.3998 0.4114 0.4233 0.4356 0.4482 0.4620 0.4772 0.4929 0.5101 0.5288 0.5504 0.5728 0.5973 0.6240 0.6531 0.6849 0.7196 0.7576 0.7990 0.8443 0.8939 0.9463 1.0000 1.0000 1.0000 1.0000 1.0000 1.0000 1.0000 1.0000 1.0000 1.0000 1.0000 1.0000 1.0000 1.0000 1.0000 0.9463 0.8939 0.8443 0.7990 0.7576 0.7196 0.6849 0.6531 0.6240 0.5973 0.5728 0.5504 0.5288 0.5101 0.4929 0.4772 0.4620 0.4482 0.4356 0.4233 0.4114 0.3998 0.3886 0.3777 0.3671 0.3567 0.3474 0.3382 0.3300 0.3219 0.3141 0.3064 0.2989 0.2916 0.2845 0.2775 0.2708 0.2641 0.2577 0.2514 0.2453 0.2397 0.2067
0.2217 0.2572 0.2631 0.2697 0.2765 0.2834 0.2905 0.2978 0.3052 0.3129 0.3207 0.3287 0.3369 0.3454 0.3540 0.3629 0.3720 0.3827 0.3931 0.4044 0.4161 0.4282 0.4406 0.4533 0.4664 0.4799 0.4938 0.5091 0.5258 0.5431 0.5620 0.5827 0.6064 0.6311 0.6581 0.6875 0.7196 0.7547 0.7929 0.8347 0.8804 0.9303 0.9849 1.0000 1.0000 1.0000 1.0000 1.0000 1.0000 1.0000 1.0000 1.0000 1.0000 1.0000 1.0000 1.0000 1.0000 1.0000 0.9849 0.9303 0.8804 0.8347 0.7929 0.7547 0.7196 0.6875 0.6581 0.6311 0.6064 0.5827 0.5620 0.5431 0.5258 0.5091 0.4938 0.4799 0.4664 0.4533 0.4406 0.4282 0.4161 0.4044 0.3931 0.3827 0.3720 0.3629 0.3540 0.3454 0.3369 0.3287 0.3207 0.3129 0.3052 0.2978 0.2905 0.2834 0.2765 0.2697 0.2631 0.2572 0.2217
0.2379 0.2760 0.2823 0.2894 0.2966 0.3041 0.3117 0.3195 0.3275 0.3357 0.3441 0.3527 0.3615 0.3706 0.3798 0.3893 0.3991 0.4099 0.4209 0.4331 0.4456 0.4585 0.4718 0.4854 0.4995 0.5139 0.5288 0.5441 0.5609 0.5794 0.5984 0.6192 0.6420 0.6682 0.6954 0.7251 0.7576 0.7929 0.8315 0.8737 0.9197 0.9700 1.0000 1.0000 1.0000 1.0000 1.0000 1.0000 1.0000 1.0000 1.0000 1.0000 1.0000 1.0000 1.0000 1.0000 1.0000 1.0000 1.0000 0.9700 0.9197 0.8737 0.8315 0.7929 0.7576 0.7251 0.6954 0.6682 0.6420 0.6192 0.5984 0.5794 0.5609 0.5441 0.5288 0.5139 0.4995 0.4854 0.4718 0.4585 0.4456 0.4331 0.4209 0.4099 0.3991 0.3893 0.3798 0.3706 0.3615 0.3527 0.3441 0.3357 0.3275 0.3195 0.3117 0.3041 0.2966 0.2894 0.2823 0.2760 0.2379
0.2553 0.2961 0.3029 0.3105 0.3183 0.3262 0.3344 0.3428 0.3513 0.3601 0.3692 0.3784 0.3879 0.3976 0.4075 0.4177 0.4282 0.4389 0.4516 0.4638 0.4772 0.4910 0.5052 0.5198 0.5349 0.5504 0.5663 0.5827 0.5995 0.6181 0.6384 0.6594 0.6823 0.7074 0.7362 0.7662 0.7990 0.8347 0.8737 0.9162 0.9627 1.0000 1.0000 1.0000 1.0000 1.0000 1.0000 1.0000 1.0000 1.0000 1.0000 1.0000 1.0000 1.0000 1.0000 1.0000 1.0000 1.0000 1.0000 1.0000 0.9627 0.9162 0.8737 0.8347 0.7990 0.7662 0.7362 0.7074 0.6823 0.6594 0.6384 0.6181 0.5995 0.5827 0.5663 0.5504 0.5349 0.5198 0.5052 0.4910 0.4772 0.4638 0.4516 0.4389 0.4282 0.4177 0.4075 0.3976 0.3879 0.3784 0.3692 0.3601 0.3513 0.3428 0.3344 0.3262 0.3183 0.3105 0.3029 0.2961 0.2553
0.2739 0.3177 0.3250 0.3331 0.3415 0.3500 0.3588 0.3678 0.3770 0.3864 0.3961 0.4060 0.4161 0.4266 0.4372 0.4482 0.4594 0.4709 0.4836 0.4967 0.5110 0.5258 0.5410 0.5567 0.5728 0.5894 0.6064 0.6240 0.6420 0.6606 0.6810 0.7034 0.7265 0.7518 0.7795 0.8112 0.8443 0.8804 0.9197 0.9627 1.0000 1.0000 1.0000 1.0000 1.0000 1.0000 1.0000 1.0000 1.0000 1.0000 1.0000 1.0000 1.0000 1.0000 1.0000 1.0000 1.0000 1.0000 1.0000 1.0000 1.0000 0.9627 0.9197 0.8804 0.8443 0.8112 0.7795 0.7518 0.7265 0.7034 0.6810 0.6606 0.6420 0.6240 0.6064 0.5894 0.5728 0.5567 0.5410 0.5258 0.5110 0.4967 0.4836 0.4709 0.4594 0.4482 0.4372 0.4266 0.4161 0.4060 0.3961 0.3864 0.3770 0.3678 0.3588 0.3500 0.3415 0.3331 0.3250 0.3177 0.2739
0.2938 0.3408 0.3487 0.3574 0.3664 0.3755 0.3849 0.3946 0.4044 0.4146 0.4249 0.4356 0.4465 0.4577 0.4691 0.4809 0.4929 0.5052 0.5179 0.5329 0.5472 0.5631 0.5794 0.5961 0.6134 0.6311 0.6494 0.6682 0.6875 0.7074 0.7279 0.7504 0.7750 0.8005 0.8284 0.8589 0.8939 0.9303 0.9700 1.0000 1.0000 1.0000 1.0000 1.0000 1.0000 1.0000 1.0000 1.0000 1.0000 1.0000 1.0000 1.0000 1.0000 1.0000 1.0000 1.0000 1.0000 1.0000 1.0000 1.0000 1.0000 1.0000 0.9700 0.9303 0.8939 0.8589 0.8284 0.8005 0.7750 0.7504 0.7279 0.7074 0.6875 0.6682 0.6494 0.6311 0.6134 0.5961 0.5794 0.5631 0.5472 0.5329 0.5179 0.5052 0.4929 0.4809 0.4691 0.4577 0.4465 0.4356 0.4249 0.4146 0.4044 0.3946 0.3849 0.3755 0.3664 0.3574 0.3487 0.3408 0.2938
0.3152 0.3657 0.3741 0.3835 0.3931 0.4029 0.4130 0.4233 0.4339 0.4448 0.4559 0.4673 0.4790 0.4910 0.5033 0.5159 0.5288 0.5421 0.5556 0.5706 0.5860 0.6030 0.6204 0.6384 0.6569 0.6759 0.6954 0.7155 0.7362 0.7576 0.7795 0.8020 0.8268 0.8540 0.8820 0.9128 0.9463 0.9849 1.0000 1.0000 1.0000 1.0000 1.0000 1.0000 1.0000 1.0000 1.0000 1.0000 1.0000 1.0000 1.0000 1.0000 1.0000 1.0000 1.0000 1.0000 1.0000 1.0000 1.0000 1.0000 1.0000 1.0000 1.0000 0.9849 0.9463 0.9128 0.8820 0.8540 0.8268 0.8020 0.7795 0.7576 0.7362 0.7155 0.6954 0.6759 0.6569 0.6384 0.6204 0.6030 0.5860 0.5706 0.5556 0.5421 0.5288 0.5159 0.5033 0.4910 0.4790 0.4673 0.4559 0.4448 0.4339 0.4233 0.4130 0.4029 0.3931 0.3835 0.3741 0.3657 0.3152
0.3382 0.3923 0.4014 0.4114 0.4217 0.4323 0.4431 0.4542 0.4656 0.4772 0.4892 0.5014 0.5139 0.5268 0.5400 0.5535 0.5674 0.5816 0.5961 0.6111 0.6287 0.6457 0.6644 0.6836 0.7034 0.7238 0.7447 0.7662 0.7884 0.8112 0.8347 0.8589 0.8837 0.9110 0.9410 0.9719 1.0000 1.0000 1.0000 1.0000 1.0000 1.0000 1.0000 1.0000 1.0000 1.0000 1.0000 1.0000 1.0000 1.0000 1.0000 1.0000 1.0000 1.0000 1.0000 1.0000 1.0000 1.0000 1.0000 1.0000 1.0000 1.0000 1.0000 1.0000 1.0000 0.9719 0.9410 0.9110 0.8837 0.8589 0.8347 0.8112 0.7884 0.7662 0.7447 0.7238 0.7034 0.6836 0.6644 0.6457 0.6287 0.6111 0.5961 0.5816 0.5674 0.5535 0.5400 0.5268 0.5139 0.5014 0.4892 0.4772 0.4656 0.4542 0.4431 0.4323 0.4217 0.4114 0.4014 0.3923 0.3382
0.3629 0.4209 0.4306 0.4414 0.4525 0.4638 0.4754 0.4873 0.4995 0.5120 0.5248 0.5380 0.5514 0.5652 0.5794 0.5939 0.6087 0.6240 0.6396 0.6556 0.6733 0.6915 0.7115 0.7321 0.7532 0.7750 0.7975 0.8205 0.8443 0.8687 0.8939 0.9197 0.9463 0.9737 1.0000 1.0000 1.0000 1.0000 1.0000 1.0000 1.0000 1.0000 1.0000 1.0000 1.0000 1.0000 1.0000 1.0000 1.0000 1.0000 1.0000 1.0000 1.0000 1.0000 1.0000 1.0000 1.0000 1.0000 1.0000 1.0000 1.0000 1.0000 1.0000 1.0000 1.0000 1.0000 1.0000 0.9737 0.9463 0.9197 0.8939 0.8687 0.8443 0.8205 0.7975 0.7750 0.7532 0.7321 0.7115 0.6915 0.6733 0.6556 0.6396 0.6240 0.6087 0.5939 0.5794 0.5652 0.5514 0.5380 0.5248 0.5120 0.4995 0.4873 0.4754 0.4638 0.4525 0.4414 0.4306 0.4209 0.3629
0.3893 0.4516 0.4620 0.4736 0.4854 0.4976 0.5101 0.5228 0.5359 0.5493 0.5631 0.5772 0.5916 0.6064 0.6216 0.6372 0.6531 0.6695 0.6862 0.7034 0.7210 0.7419 0.7619 0.7839 0.8066 0.8300 0.8540 0.8787 0.9041 0.9303 0.9572 0.9849 1.0000 1.0000 1.0000 1.0000 1.0000 1.0000 1.0000 1.0000 1.0000 1.0000 1.0000 1.0000 1.0000 1.0000 1.0000 1.0000 1.0000 1.0000 1.0000 1.0000 1.0000 1.0000 1.0000 1.0000 1.0000 1.0000 1.0000 1.0000 1.0000 1.0000 1.0000 1.0000 1.0000 1.0000 1.0000 1.0000 1.0000 0.9849 0.9572 0.9303 0.9041 0.8787 0.8540 0.8300 0.8066 0.7839 0.7619 0.7419 0.7210 0.7034 0.6862 0.6695 0.6531 0.6372 0.6216 0.6064 0.5916 0.5772 0.5631 0.5493 0.5359 0.5228 0.5101 0.4976 0.4854 0.4736 0.4620 0.4516 0.3893
0.4177 0.4845 0.4957 0.5081 0.5208 0.5339 0.5472 0.5609 0.5750 0.5894 0.6041 0.6192 0.6347 0.6506 0.6669 0.6836 0.7007 0.7183 0.7362 0.7547 0.7736 0.7944 0.8159 0.8395 0.8638 0.8888 0.9145 0.9410 0.9682 0.9962 1.0000 1.0000 1.0000 1.0000 1.0000 1.0000 1.0000 1.0000 1.0000 1.0000 1.0000 1.0000 1.0000 1.0000 1.0000 1.0000 1.0000 1.0000 1.0000 1.0000 1.0000 1.0000 1.0000 1.0000 1.0000 1.0000 1.0000 1.0000 1.0000 1.0000 1.0000 1.0000 1.0000 1.0000 1.0000 1.0000 1.0000 1.0000 1.0000 1.0000 1.0000 0.9962 0.9682 0.9410 0.9145 0.8888 0.8638 0.8395 0.8159 0.7944 0.7736 0.7547 0.7362 0.7183 0.7007 0.6836 0.6669 0.6506 0.6347 0.6192 0.6041 0.5894 0.5750 0.5609 0.5472 0.5339 0.5208 0.5081 0.4957 0.4845 0.4177
0.4482 0.5198 0.5318 0.5452 0.5588 0.5728 0.5871 0.6018 0.6169 0.6323 0.6482 0.6644 0.6810 0.6981 0.7155 0.7335 0.7518 0.7706 0.7899 0.8097 0.8300 0.8507 0.8754 0.8990 0.9250 0.9518 0.9793 1.0000 1.0000 1.0000 1.0000 1.0000 1.0000 1.0000 1.0000 1.0000 1.0000 1.0000 1.0000 1.0000 1.0000 1.0000 1.0000 1.0000 1.0000 1.0000 1.0000 1.0000 1.0000 1.0000 1.0000 1.0000 1.0000 1.0000 1.0000 1.0000 1.0000 1.0000 1.0000 1.0000 1.0000 1.0000 1.0000 1.0000 1.0000 1.0000 1.0000 1.0000 1.0000 1.0000 1.0000 1.0000 1.0000 1.0000 0.9793 0.9518 0.9250 0.8990 0.8754 0.8507 0.8300 0.8097 0.7899 0.7706 0.7518 0.7335 0.7155 0.6981 0.6810 0.6644 0.6482 0.6323 0.6169 0.6018 0.5871 0.5728 0.5588 0.5452 0.5318 0.5198 0.4482
0.4809 0.5577 0.5706 0.5849 0.5995 0.6146 0.6299 0.6457 0.6619 0.6784 0.6954 0.7128 0.7307 0.7490 0.7677 0.7869 0.8066 0.8268 0.8475 0.8687 0.8905 0.9128 0.9374 0.9627 0.9905 1.0000 1.0000 1.0000 1.0000 1.0000 1.0000 1.0000 1.0000 1.0000 1.0000 1.0000 1.0000 1.0000 1.0000 1.0000 1.0000 1.0000 1.0000 1.0000 1.0000 1.0000 1.0000 1.0000 1.0000 1.0000 1.0000 1.0000 1.0000 1.0000 1.0000 1.0000 1.0000 1.0000 1.0000 1.0000 1.0000 1.0000 1.0000 1.0000 1.0000 1.0000 1.0000 1.0000 1.0000 1.0000 1.0000 1.0000 1.0000 1.0000 1.0000 1.0000 0.9905 0.9627 0.9374 0.9128 0.8905 0.8687 0.8475 0.8268 0.8066 0.7869 0.7677 0.7490 0.7307 0.7128 0.6954 0.6784 0.6619 0.6457 0.6299 0.6146 0.5995 0.5849 0.5706 0.5577 0.4809
0.5169 0.5995 0.6134 0.6287 0.6445 0.6606 0.6771 0.6941 0.7115 0.7293 0.7475 0.7662 0.7854 0.8051 0.8252 0.8459 0.8671 0.8888 0.9110 0.9338 0.9572 0.9812 1.0000 1.0000 1.0000 1.0000 1.0000 1.0000 1.0000 1.0000 1.0000 1.0000 1.0000 1.0000 1.0000 1.0000 1.0000 1.0000 1.0000 1.0000 1.0000 1.0000 1.0000 1.0000 1.0000 1.0000 1.0000 1.0000 1.0000 1.0000 1.0000 1.0000 1.0000 1.0000 1.0000 1.0000 1.0000 1.0000 1.0000 1.0000 1.0000 1.0000 1.0000 1.0000 1.0000 1.0000 1.0000 1.0000 1.0000 1.0000 1.0000 1.0000 1.0000 1.0000 1.0000 1.0000 1.0000 1.0000 1.0000 0.9812 0.9572 0.9338 0.9110 0.8888 0.8671 0.8459 0.8252 0.8051 0.7854 0.7662 0.7475 0.7293 0.7115 0.6941 0.6771 0.6606 0.6445 0.6287 0.6134 0.5995 0.5169
0.5472 0.6335 0.6482 0.6644 0.6810 0.6981 0.7155 0.7335 0.7518 0.7706 0.7899 0.8097 0.8300 0.8507 0.8720 0.8939 0.9162 0.9392 0.9627 0.9868 1.0000 1.0000 1.0000 1.0000 1.0000 1.0000 1.0000 1.0000 1.0000 1.0000 1.0000 1.0000 1.0000 1.0000 1.0000 1.0000 1.0000 1.0000 1.0000 1.0000 1.0000 1.0000 1.0000 1.0000 1.0000 1.0000 1.0000 1.0000 1.0000 1.0000 1.0000 1.0000 1.0000 1.0000 1.0000 1.0000 1.0000 1.0000 1.0000 1.0000 1.0000 1.0000 1.0000 1.0000 1.0000 1.0000 1.0000 1.0000 1.0000 1.0000 1.0000 1.0000 1.0000 1.0000 1.0000 1.0000 1.0000 1.0000 1.0000 1.0000 1.0000 0.9868 0.9627 0.9392 0.9162 0.8939 0.8720 0.8507 0.8300 0.8097 0.7899 0.7706 0.7518 0.7335 0.7155 0.6981 0.6810 0.6644 0.6482 0.6335 0.5472
0.5169 0.5995 0.6134 0.6287 0.6445 0.6606 0.6771 0.6941 0.7115 0.7293 0.7475 0.7662 0.7854 0.8051 0.8252 0.8459 0.8671 0.8888 0.9110 0.9338 0.9572 0.9812 1.0000 1.0000 1.0000 1.0000 1.0000 1.0000 1.0000 1.0000 1.0000 1.0000 1.0000 1.0000 1.0000 1.0000 1.0000 1.0000 1.0000 1.0000 1.0000 1.0000 1.0000 1.0000 1.0000 1.0000 1.0000 1.0000 1.0000 1.0000 1.0000 1.0000 1.0000 1.0000 1.0000 1.0000 1.0000 1.0000 1.0000 1.0000 1.0000 1.0000 1.0000 1.0000 1.0000 1.0000 1.0000 1.0000 1.0000 1.0000 1.0000 1.0000 1.0000 1.0000 1.0000 1.0000 1.0000 1.0000 1.0000 0.9812 0.9572 0.9338 0.9110 0.8888 0.8671 0.8459 0.8252 0.8051 0.7854 0.7662 0.7475 0.7293 0.7115 0.6941 0.6771 0.6606 0.6445 0.6287 0.6134 0.5995 0.5169
0.4809 0.5577 0.5706 0.5849 0.5995 0.6146 0.6299 0.6457 0.6619 0.6784 0.6954 0.7128 0.7307 0.7490 0.7677 0.7869 0.8066 0.8268 0.8475 0.8687 0.8905 0.9128 0.9374 0.9627 0.9905 1.0000 1.0000 1.0000 1.0000 1.0000 1.0000 1.0000 1.0000 1.0000 1.0000 1.0000 1.0000 1.0000 1.0000 1.0000 1.0000 1.0000 1.0000 1.0000 1.0000 1.0000 1.0000 1.0000 1.0000 1.0000 1.0000 1.0000 1.0000 1.0000 1.0000 1.0000 1.0000 1.0000 1.0000 1.0000 1.0000 1.0000 1.0000 1.0000 1.0000 1.0000 1.0000 1.0000 1.0000 1.0000 1.0000 1.0000 1.0000 1.0000 1.0000 1.0000 0.9905 0.9627 0.9374 0.9128 0.8905 0.8687 0.8475 0.8268 0.8066 0.7869 0.7677 0.7490 0.7307 0.7128 0.6954 0.6784 0.6619 0.6457 0.6299 0.6146 0.5995 0.5849 0.5706 0.5577 0.4809
0.4482 0.5198 0.5318 0.5452 0.5588 0.5728 0.5871 0.6018 0.6169 0.6323 0.6482 0.6644 0.6810 0.6981 0.7155 0.7335 0.7518 0.7706 0.7899 0.8097 0.8300 0.8507 0.8754 0.8990 0.9250 0.9518 0.9793 1.0000 1.0000 1.0000 1.0000 1.0000 1.0000 1.0000 1.0000 1.0000 1.0000 1.0000 1.0000 1.0000 1.0000 1.0000 1.0000 1.0000 1.0000 1.0000 1.0000 1.0000 1.0000 1.0000 1.0000 1.0000 1.0000 1.0000 1.0000 1.0000 1.0000 1.0000 1.0000 1.0000 1.0000 1.0000 1.0000 1.0000 1.0000 1.0000 1.0000 1.0000 1.0000 1.0000 1.0000 1.0000 1.0000 1.0000 0.9793 0.9518 0.9250 0.8990 0.8754 0.8507 0.8300 0.8097 0.7899 0.7706 0.7518 0.7335 0.7155 0.6981 0.6810 0.6644 0.6482 0.6323 0.6169 0.6018 0.5871 0.5728 0.5588 0.5452 0.5318 0.5198 0.4482
0.4177 0.4845 0.4957 0.5081 0.5208 0.5339 0.5472 0.5609 0.5750 0.5894 0.6041 0.6192 0.6347 0.6506 0.6669 0.6836 0.7007 0.7183 0.7362 0.7547 0.7736 0.7944 0.8159 0.8395 0.8638 0.8888 0.9145 0.9410 0.9682 0.9962 1.0000 1.0000 1.0000 1.0000 1.0000 1.0000 1.0000 1.0000 1.0000 1.0000 1.0000 1.0000 1.0000 1.0000 1.0000 1.0000 1.0000 1.0000 1.0000 1.0000 1.0000 1.0000 1.0000 1.0000 1.0000 1.0000 1.0000 1.0000 1.0000 1.0000 1.0000 1.0000 1.0000 1.0000 1.0000 1.0000 1.0000 1.0000 1.0000 1.0000 1.0000 0.9962 0.9682 0.9410 0.9145 0.8888 0.8638 0.8395 0.8159 0.7944 0.7736 0.7547 0.7362 0.7183 0.7007 0.6836 0.6669 0.6506 0.6347 0.6192 0.6041 0.5894 0.5750 0.5609 0.5472 0.5339 0.5208 0.5081 0.4957 0.4845 0.4177
0.3893 0.4516 0.4620 0.4736 0.4854 0.4976 0.5101 0.5228 0.5359 0.5493 0.5631 0.5772 0.5916 0.6064 0.6216 0.6372 0.6531 0.6695 0.6862 0.7034 0.7210 0.7419 0.7619 0.7839 0.8066 0.8300 0.8540 0.8787 0.9041 0.9303 0.9572 0.9849 1.0000 1.0000 1.0000 1.0000 1.0000 1.0000 1.0000 1.0000 1.0000 1.0000 1.0000 1.0000 1.0000 1.0000 1.0000 1.0000 1.0000 1.0000 1.0000 1.0000 1.0000 1.0000 1.0000 1.0000 1.0000 1.0000 1.0000 1.0000 1.0000 1.0000 1.0000 1.0000 1.0000 1.0000 1.0000 1.0000 1.0000 0.9849 0.9572 0.9303 0.9041 0.8787 0.8540 0.8300 0.8066 0.7839 0.7619 0.7419 0.7210 0.7034 0.6862 0.6695 0.6531 0.6372 0.6216 0.6064 0.5916 0.5772 0.5631 0.5493 0.5359 0.5228 0.5101 0.4976 0.4854 0.4736 0.4620 0.4516 0.3893
