0.2171 0.2671 0.3871 0.4860 0.3974 0.1940 0.1871 0.2442 0.3514 0.4800 0.4379 0.2276 0.1802 0.2248 0.3187 0.4567 0.4647 0.2889 0.1785 0.2087 0.2894 0.4204 0.4807 0.3520 0.1830 0.1957 0.2635 0.3819 0.4859 0.4044 0.1972 0.1858 0.2410 0.3463 0.4777 0.4427 0.2356 0.1796 0.2221 0.3141 0.4518 0.4678 0.2989 0.1788 0.2065 0.2852 0.4145 0.4822 0.3604 0.1838 0.1763 0.1838 0.3604 0.4822 0.4145 0.2852 0.2065 0.1788 0.2989 0.4678 0.4518 0.3141 0.2221 0.1796 0.2356 0.4427 0.4777 0.3463 0.2410 0.1858 0.1972 0.4044 0.4859 0.3819 0.2635 0.1957 0.1830 0.3520 0.4807 0.4204 0.2894 0.2087 0.1785 0.2889 0.4647 0.4567 0.3187 0.2248 0.1802 0.2276 0.4379 0.4800 0.3514 0.2442 0.1871 0.1940 0.3974 0.4860 0.3871 0.2671 0.2171
0.2671 0.3929 0.4872 0.3978 0.1747 0.1632 0.2295 0.3484 0.4830 0.4381 0.2203 0.1546 0.2074 0.3123 0.4607 0.4645 0.2894 0.1533 0.1890 0.2798 0.4229 0.4809 0.3541 0.1598 0.1737 0.2510 0.3815 0.4874 0.4061 0.1795 0.1614 0.2259 0.3427 0.4809 0.4429 0.2303 0.1539 0.2044 0.3072 0.4557 0.4676 0.2998 0.1537 0.1864 0.2752 0.4167 0.4826 0.3627 0.1616 0.1684 0.2014 0.1684 0.1616 0.3627 0.4826 0.4167 0.2752 0.1864 0.1537 0.2998 0.4676 0.4557 0.3072 0.2044 0.1539 0.2303 0.4429 0.4809 0.3427 0.2259 0.1614 0.1795 0.4061 0.4874 0.3815 0.2510 0.1737 0.1598 0.3541 0.4809 0.4229 0.2798 0.1890 0.1533 0.2894 0.4645 0.4607 0.3123 0.2074 0.1546 0.2203 0.4381 0.4830 0.3484 0.2295 0.1632 0.1747 0.3978 0.4872 0.3929 0.2671
0.3871 0.4872 0.4025 0.1794 0.1609 0.2239 0.3386 0.4784 0.4456 0.2370 0.1535 0.2021 0.3030 0.4508 0.4692 0.3070 0.1540 0.1845 0.2715 0.4112 0.4829 0.3687 0.1630 0.1701 0.2437 0.3703 0.4864 0.4170 0.1888 0.1587 0.2197 0.3324 0.4753 0.4500 0.2478 0.1531 0.1992 0.2980 0.4453 0.4719 0.3171 0.1548 0.1821 0.2670 0.4049 0.4842 0.3770 0.1654 0.1684 0.2361 0.2994 0.2361 0.1684 0.1654 0.3770 0.4842 0.4049 0.2670 0.1821 0.1548 0.3171 0.4719 0.4453 0.2980 0.1992 0.1531 0.2478 0.4500 0.4753 0.3324 0.2197 0.1587 0.1888 0.4170 0.4864 0.3703 0.2437 0.1701 0.1630 0.3687 0.4829 0.4112 0.2715 0.1845 0.1540 0.3070 0.4692 0.4508 0.3030 0.2021 0.1535 0.2370 0.4456 0.4784 0.3386 0.2239 0.1609 0.1794 0.4025 0.4872 0.3871
0.4860 0.3978 0.1794 0.1601 0.2208 0.3320 0.4743 0.4520 0.2537 0.1529 0.1974 0.2947 0.4414 0.4736 0.3239 0.1554 0.1806 0.2641 0.4006 0.4849 0.3825 0.1673 0.1669 0.2372 0.3604 0.4852 0.4268 0.2009 0.1566 0.2141 0.3234 0.4694 0.4566 0.2658 0.1528 0.1946 0.2898 0.4355 0.4760 0.3336 0.1565 0.1783 0.2598 0.3943 0.4857 0.3902 0.1705 0.1652 0.2339 0.3542 0.4458 0.3542 0.2339 0.1652 0.1705 0.3902 0.4857 0.3943 0.2598 0.1783 0.1565 0.3336 0.4760 0.4355 0.2898 0.1946 0.1528 0.2658 0.4566 0.4694 0.3234 0.2141 0.1566 0.2009 0.4268 0.4852 0.3604 0.2372 0.1669 0.1673 0.3825 0.4849 0.4006 0.2641 0.1806 0.1554 0.3239 0.4736 0.4414 0.2947 0.1974 0.1529 0.2537 0.4520 0.4743 0.3320 0.2208 0.1601 0.1794 0.3978 0.4860
0.3974 0.1747 0.1609 0.2208 0.3294 0.4713 0.4564 0.2680 0.1529 0.1932 0.2869 0.4316 0.4774 0.3401 0.1574 0.1768 0.2568 0.3900 0.4862 0.3954 0.1729 0.1639 0.2310 0.3505 0.4830 0.4356 0.2155 0.1549 0.2088 0.3144 0.4621 0.4625 0.2838 0.1530 0.1901 0.2817 0.4251 0.4794 0.3494 0.1588 0.1746 0.2527 0.3838 0.4866 0.4025 0.1770 0.1622 0.2274 0.3453 0.4798 0.4704 0.4798 0.3453 0.2274 0.1622 0.1770 0.4025 0.4866 0.3838 0.2527 0.1746 0.1588 0.3494 0.4794 0.4251 0.2817 0.1901 0.1530 0.2838 0.4625 0.4621 0.3144 0.2088 0.1549 0.2155 0.4356 0.4830 0.3505 0.2310 0.1639 0.1729 0.3954 0.4862 0.3900 0.2568 0.1768 0.1574 0.3401 0.4774 0.4316 0.2869 0.1932 0.1529 0.2680 0.4564 0.4713 0.3294 0.2208 0.1609 0.1747 0.3974
0.1940 0.1632 0.2239 0.3320 0.4713 0.4580 0.2764 0.1530 0.1899 0.2803 0.4223 0.4804 0.3548 0.1599 0.1732 0.2499 0.3796 0.4867 0.4073 0.1803 0.1610 0.2249 0.3410 0.4796 0.4435 0.2319 0.1537 0.2037 0.3057 0.4537 0.4677 0.3016 0.1537 0.1858 0.2739 0.4146 0.4822 0.3643 0.1619 0.1712 0.2458 0.3735 0.4866 0.4138 0.1856 0.1595 0.2215 0.3354 0.4770 0.4460 0.3489 0.4460 0.4770 0.3354 0.2215 0.1595 0.1856 0.4138 0.4866 0.3735 0.2458 0.1712 0.1619 0.3643 0.4822 0.4146 0.2739 0.1858 0.1537 0.3016 0.4677 0.4537 0.3057 0.2037 0.1537 0.2319 0.4435 0.4796 0.3410 0.2249 0.1610 0.1803 0.4073 0.4867 0.3796 0.2499 0.1732 0.1599 0.3548 0.4804 0.4223 0.2803 0.1899 0.1530 0.2764 0.4580 0.4713 0.3320 0.2239 0.1632 0.1940
0.1871 0.2295 0.3386 0.4743 0.4564 0.2764 0.1531 0.1881 0.2757 0.4147 0.4826 0.3675 0.1630 0.1700 0.2433 0.3695 0.4863 0.4180 0.1899 0.1585 0.2191 0.3316 0.4748 0.4507 0.2495 0.1530 0.1988 0.2972 0.4444 0.4723 0.3187 0.1549 0.1818 0.2664 0.4039 0.4844 0.3783 0.1659 0.1679 0.2392 0.3634 0.4857 0.4239 0.1969 0.1572 0.2158 0.3262 0.4714 0.4542 0.2659 0.1547 0.2659 0.4542 0.4714 0.3262 0.2158 0.1572 0.1969 0.4239 0.4857 0.3634 0.2392 0.1679 0.1659 0.3783 0.4844 0.4039 0.2664 0.1818 0.1549 0.3187 0.4723 0.4444 0.2972 0.1988 0.1530 0.2495 0.4507 0.4748 0.3316 0.2191 0.1585 0.1899 0.4180 0.4863 0.3695 0.2433 0.1700 0.1630 0.3675 0.4826 0.4147 0.2757 0.1881 0.1531 0.2764 0.4564 0.4743 0.3386 0.2295 0.1871
0.2442 0.3484 0.4784 0.4520 0.2680 0.1530 0.1881 0.2741 0.4104 0.4838 0.3771 0.1662 0.1674 0.2375 0.3602 0.4851 0.4275 0.2021 0.1564 0.2136 0.3225 0.4687 0.4572 0.2676 0.1528 0.1941 0.2889 0.4345 0.4763 0.3352 0.1567 0.1779 0.2590 0.3933 0.4858 0.3915 0.1710 0.1648 0.2329 0.3536 0.4838 0.4329 0.2107 0.1554 0.2104 0.3171 0.4645 0.4607 0.2777 0.1510 0.1613 0.1510 0.2777 0.4607 0.4645 0.3171 0.2104 0.1554 0.2107 0.4329 0.4838 0.3536 0.2329 0.1648 0.1710 0.3915 0.4858 0.3933 0.2590 0.1779 0.1567 0.3352 0.4763 0.4345 0.2889 0.1941 0.1528 0.2676 0.4572 0.4687 0.3225 0.2136 0.1564 0.2021 0.4275 0.4851 0.3602 0.2375 0.1674 0.1662 0.3771 0.4838 0.4104 0.2741 0.1881 0.1530 0.2680 0.4520 0.4784 0.3484 0.2442
0.3514 0.4830 0.4456 0.2537 0.1529 0.1899 0.2757 0.4104 0.4842 0.3822 0.1689 0.1653 0.2328 0.3521 0.4832 0.4355 0.2161 0.1548 0.2083 0.3136 0.4613 0.4630 0.2856 0.1531 0.1897 0.2809 0.4241 0.4797 0.3509 0.1591 0.1743 0.2520 0.3828 0.4866 0.4037 0.1778 0.1619 0.2268 0.3439 0.4808 0.4411 0.2267 0.1540 0.2052 0.3084 0.4564 0.4661 0.2961 0.1535 0.1835 0.2238 0.1835 0.1535 0.2961 0.4661 0.4564 0.3084 0.2052 0.1540 0.2267 0.4411 0.4808 0.3439 0.2268 0.1619 0.1778 0.4037 0.4866 0.3828 0.2520 0.1743 0.1591 0.3509 0.4797 0.4241 0.2809 0.1897 0.1531 0.2856 0.4630 0.4613 0.3136 0.2083 0.1548 0.2161 0.4355 0.4832 0.3521 0.2328 0.1653 0.1689 0.3822 0.4842 0.4104 0.2757 0.1899 0.1529 0.2537 0.4456 0.4830 0.3514
0.4800 0.4381 0.2370 0.1529 0.1932 0.2803 0.4147 0.4838 0.3822 0.1699 0.1643 0.2297 0.3460 0.4809 0.4420 0.2303 0.1538 0.2036 0.3052 0.4530 0.4681 0.3033 0.1538 0.1854 0.2732 0.4135 0.4825 0.3657 0.1623 0.1708 0.2452 0.3725 0.4865 0.4148 0.1866 0.1592 0.2209 0.3345 0.4764 0.4486 0.2440 0.1532 0.2003 0.2998 0.4474 0.4710 0.3135 0.1545 0.1833 0.2654 0.3391 0.2654 0.1833 0.1545 0.3135 0.4710 0.4474 0.2998 0.2003 0.1532 0.2440 0.4486 0.4764 0.3345 0.2209 0.1592 0.1866 0.4148 0.4865 0.3725 0.2452 0.1708 0.1623 0.3657 0.4825 0.4135 0.2732 0.1854 0.1538 0.3033 0.4681 0.4530 0.3052 0.2036 0.1538 0.2303 0.4420 0.4809 0.3460 0.2297 0.1643 0.1699 0.3822 0.4838 0.4147 0.2803 0.1932 0.1529 0.2370 0.4381 0.4800
0.4379 0.2203 0.1535 0.1974 0.2869 0.4223 0.4826 0.3771 0.1689 0.1643 0.2286 0.3426 0.4789 0.4466 0.2426 0.1532 0.1994 0.2976 0.4443 0.4725 0.3201 0.1551 0.1814 0.2656 0.4029 0.4845 0.3796 0.1663 0.1676 0.2386 0.3624 0.4855 0.4248 0.1981 0.1570 0.2153 0.3253 0.4707 0.4553 0.2619 0.1528 0.1955 0.2915 0.4376 0.4751 0.3302 0.1561 0.1792 0.2617 0.3972 0.4748 0.3972 0.2617 0.1792 0.1561 0.3302 0.4751 0.4376 0.2915 0.1955 0.1528 0.2619 0.4553 0.4707 0.3253 0.2153 0.1570 0.1981 0.4248 0.4855 0.3624 0.2386 0.1676 0.1663 0.3796 0.4845 0.4029 0.2656 0.1814 0.1551 0.3201 0.4725 0.4443 0.2976 0.1994 0.1532 0.2426 0.4466 0.4789 0.3426 0.2286 0.1643 0.1689 0.3771 0.4826 0.4223 0.2869 0.1974 0.1535 0.2203 0.4379
0.2276 0.1546 0.2021 0.2947 0.4316 0.4804 0.3675 0.1662 0.1653 0.2297 0.3426 0.4781 0.4491 0.2511 0.1529 0.1961 0.2912 0.4360 0.4761 0.3351 0.1568 0.1777 0.2584 0.3923 0.4860 0.3927 0.1716 0.1645 0.2323 0.3526 0.4836 0.4338 0.2122 0.1552 0.2099 0.3163 0.4637 0.4613 0.2800 0.1529 0.1910 0.2834 0.4273 0.4787 0.3461 0.1583 0.1754 0.2542 0.3865 0.4844 0.4499 0.4844 0.3865 0.2542 0.1754 0.1583 0.3461 0.4787 0.4273 0.2834 0.1910 0.1529 0.2800 0.4613 0.4637 0.3163 0.2099 0.1552 0.2122 0.4338 0.4836 0.3526 0.2323 0.1645 0.1716 0.3927 0.4860 0.3923 0.2584 0.1777 0.1568 0.3351 0.4761 0.4360 0.2912 0.1961 0.1529 0.2511 0.4491 0.4781 0.3426 0.2297 0.1653 0.1662 0.3675 0.4804 0.4316 0.2947 0.2021 0.1546 0.2276
0.1802 0.2074 0.3030 0.4414 0.4774 0.3548 0.1630 0.1674 0.2328 0.3460 0.4789 0.4491 0.2543 0.1529 0.1940 0.2864 0.4289 0.4788 0.3480 0.1589 0.1744 0.2518 0.3822 0.4866 0.4048 0.1785 0.1616 0.2262 0.3430 0.4804 0.4419 0.2283 0.1539 0.2047 0.3075 0.4556 0.4666 0.2979 0.1535 0.1867 0.2755 0.4168 0.4817 0.3612 0.1612 0.1719 0.2473 0.3757 0.4865 0.4116 0.2823 0.4116 0.4865 0.3757 0.2473 0.1719 0.1612 0.3612 0.4817 0.4168 0.2755 0.1867 0.1535 0.2979 0.4666 0.4556 0.3075 0.2047 0.1539 0.2283 0.4419 0.4804 0.3430 0.2262 0.1616 0.1785 0.4048 0.4866 0.3822 0.2518 0.1744 0.1589 0.3480 0.4788 0.4289 0.2864 0.1940 0.1529 0.2543 0.4491 0.4789 0.3460 0.2328 0.1674 0.1630 0.3548 0.4774 0.4414 0.3030 0.2074 0.1802
0.2248 0.3123 0.4508 0.4736 0.3401 0.1599 0.1700 0.2375 0.3521 0.4809 0.4466 0.2511 0.1529 0.1933 0.2839 0.4242 0.4805 0.3581 0.1611 0.1716 0.2459 0.3729 0.4865 0.4153 0.1874 0.1590 0.2204 0.3336 0.4759 0.4492 0.2457 0.1532 0.1998 0.2990 0.4464 0.4714 0.3152 0.1546 0.1826 0.2679 0.4062 0.4840 0.3754 0.1650 0.1686 0.2406 0.3655 0.4860 0.4214 0.1974 0.1459 0.1974 0.4214 0.4860 0.3655 0.2406 0.1686 0.1650 0.3754 0.4840 0.4062 0.2679 0.1826 0.1546 0.3152 0.4714 0.4464 0.2990 0.1998 0.1532 0.2457 0.4492 0.4759 0.3336 0.2204 0.1590 0.1874 0.4153 0.4865 0.3729 0.2459 0.1716 0.1611 0.3581 0.4805 0.4242 0.2839 0.1933 0.1529 0.2511 0.4466 0.4809 0.3521 0.2375 0.1700 0.1599 0.3401 0.4736 0.4508 0.3123 0.2248
0.3187 0.4607 0.4692 0.3239 0.1574 0.1732 0.2433 0.3602 0.4832 0.4420 0.2426 0.1529 0.1940 0.2839 0.4225 0.4814 0.3647 0.1630 0.1694 0.2411 0.3648 0.4858 0.4242 0.1981 0.1569 0.2149 0.3245 0.4702 0.4559 0.2637 0.1528 0.1951 0.2907 0.4366 0.4755 0.3318 0.1563 0.1787 0.2606 0.3955 0.4856 0.3888 0.1698 0.1654 0.2342 0.3556 0.4843 0.4311 0.2072 0.1531 0.1751 0.1531 0.2072 0.4311 0.4843 0.3556 0.2342 0.1654 0.1698 0.3888 0.4856 0.3955 0.2606 0.1787 0.1563 0.3318 0.4755 0.4366 0.2907 0.1951 0.1528 0.2637 0.4559 0.4702 0.3245 0.2149 0.1569 0.1981 0.4242 0.4858 0.3648 0.2411 0.1694 0.1630 0.3647 0.4814 0.4225 0.2839 0.1940 0.1529 0.2426 0.4420 0.4832 0.3602 0.2433 0.1732 0.1574 0.3239 0.4692 0.4607 0.3187
0.4567 0.4645 0.3070 0.1554 0.1768 0.2499 0.3695 0.4851 0.4355 0.2303 0.1532 0.1961 0.2864 0.4242 0.4814 0.3669 0.1642 0.1680 0.2375 0.3583 0.4845 0.4315 0.2098 0.1553 0.2100 0.3160 0.4633 0.4617 0.2817 0.1530 0.1906 0.2826 0.4263 0.4790 0.3476 0.1585 0.1750 0.2535 0.3850 0.4865 0.4012 0.1762 0.1625 0.2280 0.3459 0.4815 0.4395 0.2231 0.1544 0.2025 0.2516 0.2025 0.1544 0.2231 0.4395 0.4815 0.3459 0.2280 0.1625 0.1762 0.4012 0.4865 0.3850 0.2535 0.1750 0.1585 0.3476 0.4790 0.4263 0.2826 0.1906 0.1530 0.2817 0.4617 0.4633 0.3160 0.2100 0.1553 0.2098 0.4315 0.4845 0.3583 0.2375 0.1680 0.1642 0.3669 0.4814 0.4242 0.2864 0.1961 0.1532 0.2303 0.4355 0.4851 0.3695 0.2499 0.1768 0.1554 0.3070 0.4645 0.4567
0.4647 0.2894 0.1540 0.1806 0.2568 0.3796 0.4863 0.4275 0.2161 0.1538 0.1994 0.2912 0.4289 0.4805 0.3647 0.1642 0.1675 0.2357 0.3542 0.4832 0.4369 0.2210 0.1543 0.2056 0.3083 0.4558 0.4667 0.2988 0.1536 0.1863 0.2748 0.4158 0.4819 0.3626 0.1615 0.1716 0.2466 0.3747 0.4866 0.4126 0.1846 0.1598 0.2221 0.3365 0.4775 0.4470 0.2403 0.1534 0.2016 0.2992 0.3832 0.2992 0.2016 0.1534 0.2403 0.4470 0.4775 0.3365 0.2221 0.1598 0.1846 0.4126 0.4866 0.3747 0.2466 0.1716 0.1615 0.3626 0.4819 0.4158 0.2748 0.1863 0.1536 0.2988 0.4667 0.4558 0.3083 0.2056 0.1543 0.2210 0.4369 0.4832 0.3542 0.2357 0.1675 0.1642 0.3647 0.4805 0.4289 0.2912 0.1994 0.1538 0.2161 0.4275 0.4863 0.3796 0.2568 0.1806 0.1540 0.2894 0.4647
0.2889 0.1533 0.1845 0.2641 0.3900 0.4867 0.4180 0.2021 0.1548 0.2036 0.2976 0.4360 0.4788 0.3581 0.1630 0.1680 0.2357 0.3528 0.4824 0.4403 0.2299 0.1536 0.2021 0.3016 0.4482 0.4709 0.3144 0.1546 0.1824 0.2674 0.4052 0.4842 0.3768 0.1654 0.1683 0.2400 0.3645 0.4858 0.4228 0.1955 0.1574 0.2165 0.3272 0.4721 0.4539 0.2581 0.1529 0.1966 0.2937 0.4400 0.4824 0.4400 0.2937 0.1966 0.1529 0.2581 0.4539 0.4721 0.3272 0.2165 0.1574 0.1955 0.4228 0.4858 0.3645 0.2400 0.1683 0.1654 0.3768 0.4842 0.4052 0.2674 0.1824 0.1546 0.3144 0.4709 0.4482 0.3016 0.2021 0.1536 0.2299 0.4403 0.4824 0.3528 0.2357 0.1680 0.1630 0.3581 0.4788 0.4360 0.2976 0.2036 0.1548 0.2021 0.4180 0.4867 0.3900 0.2641 0.1845 0.1533 0.2889
0.1785 0.1890 0.2715 0.4006 0.4862 0.4073 0.1899 0.1564 0.2083 0.3052 0.4443 0.4761 0.3480 0.1611 0.1694 0.2375 0.3542 0.4824 0.4413 0.2345 0.1533 0.1996 0.2964 0.4415 0.4742 0.3282 0.1560 0.1790 0.2606 0.3950 0.4857 0.3899 0.1703 0.1652 0.2336 0.3547 0.4841 0.4320 0.2090 0.1555 0.2110 0.3182 0.4653 0.4601 0.2762 0.1529 0.1919 0.2851 0.4300 0.4756 0.4182 0.4756 0.4300 0.2851 0.1919 0.1529 0.2762 0.4601 0.4653 0.3182 0.2110 0.1555 0.2090 0.4320 0.4841 0.3547 0.2336 0.1652 0.1703 0.3899 0.4857 0.3950 0.2606 0.1790 0.1560 0.3282 0.4742 0.4415 0.2964 0.1996 0.1533 0.2345 0.4413 0.4824 0.3542 0.2375 0.1694 0.1611 0.3480 0.4761 0.4443 0.3052 0.2083 0.1564 0.1899 0.4073 0.4862 0.4006 0.2715 0.1890 0.1785
0.2087 0.2798 0.4112 0.4849 0.3954 0.1803 0.1585 0.2136 0.3136 0.4530 0.4725 0.3351 0.1589 0.1716 0.2411 0.3583 0.4832 0.4403 0.2345 0.1532 0.1983 0.2932 0.4364 0.4766 0.3393 0.1576 0.1759 0.2545 0.3857 0.4865 0.4016 0.1766 0.1623 0.2275 0.3450 0.4812 0.4403 0.2248 0.1542 0.2058 0.3093 0.4574 0.4656 0.2941 0.1534 0.1876 0.2772 0.4191 0.4808 0.3619 0.2099 0.3619 0.4808 0.4191 0.2772 0.1876 0.1534 0.2941 0.4656 0.4574 0.3093 0.2058 0.1542 0.2248 0.4403 0.4812 0.3450 0.2275 0.1623 0.1766 0.4016 0.4865 0.3857 0.2545 0.1759 0.1576 0.3393 0.4766 0.4364 0.2932 0.1983 0.1532 0.2345 0.4403 0.4832 0.3583 0.2411 0.1716 0.1589 0.3351 0.4725 0.4530 0.3136 0.2136 0.1585 0.1803 0.3954 0.4849 0.4112 0.2798 0.2087
0.2894 0.4229 0.4829 0.3825 0.1729 0.1610 0.2191 0.3225 0.4613 0.4681 0.3201 0.1568 0.1744 0.2459 0.3648 0.4845 0.4369 0.2299 0.1533 0.1983 0.2921 0.4337 0.4779 0.3472 0.1592 0.1735 0.2493 0.3773 0.4866 0.4118 0.1844 0.1597 0.2218 0.3357 0.4770 0.4478 0.2420 0.1533 0.2008 0.3008 0.4484 0.4704 0.3116 0.1544 0.1835 0.2695 0.4084 0.4835 0.3721 0.1638 0.1482 0.1638 0.3721 0.4835 0.4084 0.2695 0.1835 0.1544 0.3116 0.4704 0.4484 0.3008 0.2008 0.1533 0.2420 0.4478 0.4770 0.3357 0.2218 0.1597 0.1844 0.4118 0.4866 0.3773 0.2493 0.1735 0.1592 0.3472 0.4779 0.4337 0.2921 0.1983 0.1533 0.2299 0.4369 0.4845 0.3648 0.2459 0.1744 0.1568 0.3201 0.4681 0.4613 0.3225 0.2191 0.1610 0.1729 0.3825 0.4829 0.4229 0.2894
0.4204 0.4809 0.3687 0.1673 0.1639 0.2249 0.3316 0.4687 0.4630 0.3033 0.1551 0.1777 0.2518 0.3729 0.4858 0.4315 0.2210 0.1536 0.1996 0.2932 0.4337 0.4784 0.3512 0.1603 0.1718 0.2452 0.3703 0.4863 0.4201 0.1935 0.1576 0.2166 0.3270 0.4717 0.4544 0.2598 0.1529 0.1961 0.2924 0.4387 0.4747 0.3284 0.1559 0.1795 0.2621 0.3978 0.4853 0.3860 0.1686 0.1630 0.1924 0.1630 0.1686 0.3860 0.4853 0.3978 0.2621 0.1795 0.1559 0.3284 0.4747 0.4387 0.2924 0.1961 0.1529 0.2598 0.4544 0.4717 0.3270 0.2166 0.1576 0.1935 0.4201 0.4863 0.3703 0.2452 0.1718 0.1603 0.3512 0.4784 0.4337 0.2932 0.1996 0.1536 0.2210 0.4315 0.4858 0.3729 0.2518 0.1777 0.1551 0.3033 0.4630 0.4687 0.3316 0.2249 0.1639 0.1673 0.3687 0.4809 0.4204
0.4807 0.3541 0.1630 0.1669 0.2310 0.3410 0.4748 0.4572 0.2856 0.1538 0.1814 0.2584 0.3822 0.4865 0.4242 0.2098 0.1543 0.2021 0.2964 0.4364 0.4779 0.3512 0.1607 0.1709 0.2428 0.3655 0.4856 0.4265 0.2029 0.1560 0.2120 0.3191 0.4656 0.4601 0.2771 0.1529 0.1915 0.2843 0.4285 0.4783 0.3444 0.1580 0.1758 0.2549 0.3872 0.4864 0.3986 0.1747 0.1633 0.2255 0.2844 0.2255 0.1633 0.1747 0.3986 0.4864 0.3872 0.2549 0.1758 0.1580 0.3444 0.4783 0.4285 0.2843 0.1915 0.1529 0.2771 0.4601 0.4656 0.3191 0.2120 0.1560 0.2029 0.4265 0.4856 0.3655 0.2428 0.1709 0.1607 0.3512 0.4779 0.4364 0.2964 0.2021 0.1543 0.2098 0.4242 0.4865 0.3822 0.2584 0.1814 0.1538 0.2856 0.4572 0.4748 0.3410 0.2310 0.1669 0.1630 0.3541 0.4807
0.3520 0.1598 0.1701 0.2372 0.3505 0.4796 0.4507 0.2676 0.1531 0.1854 0.2656 0.3923 0.4866 0.4153 0.1981 0.1553 0.2056 0.3016 0.4415 0.4766 0.3472 0.1603 0.1709 0.2419 0.3630 0.4850 0.4308 0.2110 0.1550 0.2082 0.3121 0.4590 0.4650 0.2933 0.1534 0.1874 0.2766 0.4181 0.4814 0.3595 0.1608 0.1723 0.2480 0.3768 0.4867 0.4102 0.1826 0.1604 0.2237 0.3375 0.4288 0.3375 0.2237 0.1604 0.1826 0.4102 0.4867 0.3768 0.2480 0.1723 0.1608 0.3595 0.4814 0.4181 0.2766 0.1874 0.1534 0.2933 0.4650 0.4590 0.3121 0.2082 0.1550 0.2110 0.4308 0.4850 0.3630 0.2419 0.1709 0.1603 0.3472 0.4766 0.4415 0.3016 0.2056 0.1553 0.1981 0.4153 0.4866 0.3923 0.2656 0.1854 0.1531 0.2676 0.4507 0.4796 0.3505 0.2372 0.1701 0.1598 0.3520
0.1830 0.1737 0.2437 0.3604 0.4830 0.4435 0.2495 0.1528 0.1897 0.2732 0.4029 0.4860 0.4048 0.1874 0.1569 0.2100 0.3083 0.4482 0.4742 0.3393 0.1592 0.1718 0.2428 0.3630 0.4848 0.4329 0.2166 0.1544 0.2053 0.3064 0.4528 0.4689 0.3079 0.1542 0.1837 0.2695 0.4079 0.4837 0.3738 0.1645 0.1689 0.2413 0.3667 0.4861 0.4207 0.1929 0.1579 0.2177 0.3296 0.4725 0.4759 0.4725 0.3296 0.2177 0.1579 0.1929 0.4207 0.4861 0.3667 0.2413 0.1689 0.1645 0.3738 0.4837 0.4079 0.2695 0.1837 0.1542 0.3079 0.4689 0.4528 0.3064 0.2053 0.1544 0.2166 0.4329 0.4848 0.3630 0.2428 0.1718 0.1592 0.3393 0.4742 0.4482 0.3083 0.2100 0.1569 0.1874 0.4048 0.4860 0.4029 0.2732 0.1897 0.1528 0.2495 0.4435 0.4830 0.3604 0.2437 0.1737 0.1830
0.1957 0.2510 0.3703 0.4852 0.4356 0.2319 0.1530 0.1941 0.2809 0.4135 0.4845 0.3927 0.1785 0.1590 0.2149 0.3160 0.4558 0.4709 0.3282 0.1576 0.1735 0.2452 0.3655 0.4850 0.4329 0.2186 0.1541 0.2035 0.3025 0.4476 0.4718 0.3200 0.1553 0.1804 0.2631 0.3983 0.4853 0.3866 0.1691 0.1658 0.2350 0.3567 0.4845 0.4301 0.2060 0.1559 0.2121 0.3201 0.4671 0.4567 0.3721 0.4567 0.4671 0.3201 0.2121 0.1559 0.2060 0.4301 0.4845 0.3567 0.2350 0.1658 0.1691 0.3866 0.4853 0.3983 0.2631 0.1804 0.1553 0.3200 0.4718 0.4476 0.3025 0.2035 0.1541 0.2186 0.4329 0.4850 0.3655 0.2452 0.1735 0.1576 0.3282 0.4709 0.4558 0.3160 0.2149 0.1590 0.1785 0.3927 0.4845 0.4135 0.2809 0.1941 0.1530 0.2319 0.4356 0.4852 0.3703 0.2510 0.1957
0.2635 0.3815 0.4864 0.4268 0.2155 0.1537 0.1988 0.2889 0.4241 0.4825 0.3796 0.1716 0.1616 0.2204 0.3245 0.4633 0.4667 0.3144 0.1560 0.1759 0.2493 0.3703 0.4856 0.4308 0.2166 0.1541 0.2029 0.3005 0.4443 0.4738 0.3290 0.1564 0.1778 0.2576 0.3897 0.4863 0.3978 0.1746 0.1630 0.2290 0.3472 0.4819 0.4386 0.2213 0.1544 0.2069 0.3112 0.4592 0.4640 0.2961 0.1634 0.2961 0.4640 0.4592 0.3112 0.2069 0.1544 0.2213 0.4386 0.4819 0.3472 0.2290 0.1630 0.1746 0.3978 0.4863 0.3897 0.2576 0.1778 0.1564 0.3290 0.4738 0.4443 0.3005 0.2029 0.1541 0.2166 0.4308 0.4856 0.3703 0.2493 0.1759 0.1560 0.3144 0.4667 0.4633 0.3245 0.2204 0.1616 0.1716 0.3796 0.4825 0.4241 0.2889 0.1988 0.1537 0.2155 0.4268 0.4864 0.3815 0.2635
0.3819 0.4874 0.4170 0.2009 0.1549 0.2037 0.2972 0.4345 0.4797 0.3657 0.1663 0.1645 0.2262 0.3336 0.4702 0.4617 0.2988 0.1546 0.1790 0.2545 0.3773 0.4863 0.4265 0.2110 0.1544 0.2035 0.3005 0.4432 0.4747 0.3345 0.1573 0.1758 0.2532 0.3825 0.4866 0.4074 0.1812 0.1606 0.2235 0.3383 0.4782 0.4461 0.2382 0.1534 0.2018 0.3025 0.4504 0.4695 0.3074 0.1526 0.1567 0.1526 0.3074 0.4695 0.4504 0.3025 0.2018 0.1534 0.2382 0.4461 0.4782 0.3383 0.2235 0.1606 0.1812 0.4074 0.4866 0.3825 0.2532 0.1758 0.1573 0.3345 0.4747 0.4432 0.3005 0.2035 0.1544 0.2110 0.4265 0.4863 0.3773 0.2545 0.1790 0.1546 0.2988 0.4617 0.4702 0.3336 0.2262 0.1645 0.1663 0.3657 0.4797 0.4345 0.2972 0.2037 0.1549 0.2009 0.4170 0.4874 0.3819
0.4859 0.4061 0.1888 0.1566 0.2088 0.3057 0.4444 0.4763 0.3509 0.1623 0.1676 0.2323 0.3430 0.4759 0.4559 0.2817 0.1536 0.1824 0.2606 0.3857 0.4866 0.4201 0.2029 0.1550 0.2053 0.3025 0.4443 0.4747 0.3364 0.1579 0.1746 0.2502 0.3770 0.4866 0.4149 0.1884 0.1585 0.2186 0.3300 0.4735 0.4526 0.2552 0.1529 0.1971 0.2941 0.4408 0.4739 0.3248 0.1556 0.1769 0.2138 0.1769 0.1556 0.3248 0.4739 0.4408 0.2941 0.1971 0.1529 0.2552 0.4526 0.4735 0.3300 0.2186 0.1585 0.1884 0.4149 0.4866 0.3770 0.2502 0.1746 0.1579 0.3364 0.4747 0.4443 0.3025 0.2053 0.1550 0.2029 0.4201 0.4866 0.3857 0.2606 0.1824 0.1536 0.2817 0.4559 0.4759 0.3430 0.2323 0.1676 0.1623 0.3509 0.4763 0.4444 0.3057 0.2088 0.1566 0.1888 0.4061 0.4859
0.4044 0.1795 0.1587 0.2141 0.3144 0.4537 0.4723 0.3352 0.1591 0.1708 0.2386 0.3526 0.4804 0.4492 0.2637 0.1530 0.1863 0.2674 0.3950 0.4865 0.4118 0.1935 0.1560 0.2082 0.3064 0.4476 0.4738 0.3345 0.1579 0.1742 0.2487 0.3737 0.4864 0.4203 0.1954 0.1570 0.2144 0.3226 0.4682 0.4582 0.2716 0.1528 0.1927 0.2861 0.4308 0.4776 0.3411 0.1575 0.1768 0.2529 0.3223 0.2529 0.1768 0.1575 0.3411 0.4776 0.4308 0.2861 0.1927 0.1528 0.2716 0.4582 0.4682 0.3226 0.2144 0.1570 0.1954 0.4203 0.4864 0.3737 0.2487 0.1742 0.1579 0.3345 0.4738 0.4476 0.3064 0.2082 0.1560 0.1935 0.4118 0.4865 0.3950 0.2674 0.1863 0.1530 0.2637 0.4492 0.4804 0.3526 0.2386 0.1708 0.1591 0.3352 0.4723 0.4537 0.3144 0.2141 0.1587 0.1795 0.4044
0.1972 0.1614 0.2197 0.3234 0.4621 0.4677 0.3187 0.1567 0.1743 0.2452 0.3624 0.4836 0.4419 0.2457 0.1528 0.1906 0.2748 0.4052 0.4857 0.4016 0.1844 0.1576 0.2120 0.3121 0.4528 0.4718 0.3290 0.1573 0.1746 0.2487 0.3726 0.4862 0.4234 0.2008 0.1560 0.2112 0.3165 0.4626 0.4628 0.2868 0.1531 0.1887 0.2787 0.4207 0.4807 0.3563 0.1602 0.1731 0.2499 0.3794 0.4657 0.3794 0.2499 0.1731 0.1602 0.3563 0.4807 0.4207 0.2787 0.1887 0.1531 0.2868 0.4628 0.4626 0.3165 0.2112 0.1560 0.2008 0.4234 0.4862 0.3726 0.2487 0.1746 0.1573 0.3290 0.4718 0.4528 0.3121 0.2120 0.1576 0.1844 0.4016 0.4857 0.4052 0.2748 0.1906 0.1528 0.2457 0.4419 0.4836 0.3624 0.2452 0.1743 0.1567 0.3187 0.4677 0.4621 0.3234 0.2197 0.1614 0.1972
0.1858 0.2259 0.3324 0.4694 0.4625 0.3016 0.1549 0.1779 0.2520 0.3725 0.4855 0.4338 0.2283 0.1532 0.1951 0.2826 0.4158 0.4842 0.3899 0.1766 0.1597 0.2166 0.3191 0.4590 0.4689 0.3200 0.1564 0.1758 0.2502 0.3737 0.4862 0.4245 0.2037 0.1555 0.2090 0.3120 0.4578 0.4664 0.2999 0.1538 0.1852 0.2720 0.4112 0.4831 0.3702 0.1635 0.1697 0.2428 0.3693 0.4844 0.4595 0.4844 0.3693 0.2428 0.1697 0.1635 0.3702 0.4831 0.4112 0.2720 0.1852 0.1538 0.2999 0.4664 0.4578 0.3120 0.2090 0.1555 0.2037 0.4245 0.4862 0.3737 0.2502 0.1758 0.1564 0.3200 0.4689 0.4590 0.3191 0.2166 0.1597 0.1766 0.3899 0.4842 0.4158 0.2826 0.1951 0.1532 0.2283 0.4338 0.4855 0.3725 0.2520 0.1779 0.1549 0.3016 0.4625 0.4694 0.3324 0.2259 0.1858
0.2410 0.3427 0.4753 0.4566 0.2838 0.1537 0.1818 0.2590 0.3828 0.4865 0.4248 0.2122 0.1539 0.1998 0.2907 0.4263 0.4819 0.3768 0.1703 0.1623 0.2218 0.3270 0.4656 0.4650 0.3079 0.1553 0.1778 0.2532 0.3770 0.4864 0.4234 0.2037 0.1553 0.2079 0.3093 0.4542 0.4689 0.3101 0.1545 0.1822 0.2661 0.4023 0.4848 0.3826 0.1676 0.1666 0.2364 0.3589 0.4849 0.4272 0.3110 0.4272 0.4849 0.3589 0.2364 0.1666 0.1676 0.3826 0.4848 0.4023 0.2661 0.1822 0.1545 0.3101 0.4689 0.4542 0.3093 0.2079 0.1553 0.2037 0.4234 0.4864 0.3770 0.2532 0.1778 0.1553 0.3079 0.4650 0.4656 0.3270 0.2218 0.1623 0.1703 0.3768 0.4819 0.4263 0.2907 0.1998 0.1539 0.2122 0.4248 0.4865 0.3828 0.2590 0.1818 0.1537 0.2838 0.4566 0.4753 0.3427 0.2410
0.3463 0.4809 0.4500 0.2658 0.1530 0.1858 0.2664 0.3933 0.4866 0.4148 0.1981 0.1552 0.2047 0.2990 0.4366 0.4790 0.3626 0.1654 0.1652 0.2275 0.3357 0.4717 0.4601 0.2933 0.1542 0.1804 0.2576 0.3825 0.4866 0.4203 0.2008 0.1555 0.2079 0.3083 0.4522 0.4704 0.3172 0.1552 0.1800 0.2613 0.3945 0.4859 0.3933 0.1725 0.1639 0.2306 0.3495 0.4826 0.4364 0.2225 0.1478 0.2225 0.4364 0.4826 0.3495 0.2306 0.1639 0.1725 0.3933 0.4859 0.3945 0.2613 0.1800 0.1552 0.3172 0.4704 0.4522 0.3083 0.2079 0.1555 0.2008 0.4203 0.4866 0.3825 0.2576 0.1804 0.1542 0.2933 0.4601 0.4717 0.3357 0.2275 0.1652 0.1654 0.3626 0.4790 0.4366 0.2990 0.2047 0.1552 0.1981 0.4148 0.4866 0.3933 0.2664 0.1858 0.1530 0.2658 0.4500 0.4809 0.3463
0.4777 0.4429 0.2478 0.1528 0.1901 0.2739 0.4039 0.4858 0.4037 0.1866 0.1570 0.2099 0.3075 0.4464 0.4755 0.3476 0.1615 0.1683 0.2336 0.3450 0.4770 0.4544 0.2771 0.1534 0.1837 0.2631 0.3897 0.4866 0.4149 0.1954 0.1560 0.2090 0.3093 0.4522 0.4709 0.3208 0.1558 0.1784 0.2577 0.3884 0.4864 0.4021 0.1779 0.1615 0.2254 0.3409 0.4793 0.4443 0.2335 0.1513 0.1691 0.1513 0.2335 0.4443 0.4793 0.3409 0.2254 0.1615 0.1779 0.4021 0.4864 0.3884 0.2577 0.1784 0.1558 0.3208 0.4709 0.4522 0.3093 0.2090 0.1560 0.1954 0.4149 0.4866 0.3897 0.2631 0.1837 0.1534 0.2771 0.4544 0.4770 0.3450 0.2336 0.1683 0.1615 0.3476 0.4755 0.4464 0.3075 0.2099 0.1570 0.1866 0.4037 0.4858 0.4039 0.2739 0.1901 0.1528 0.2478 0.4429 0.4777
0.4427 0.2303 0.1531 0.1946 0.2817 0.4146 0.4844 0.3915 0.1778 0.1592 0.2153 0.3163 0.4556 0.4714 0.3318 0.1585 0.1716 0.2400 0.3547 0.4812 0.4478 0.2598 0.1529 0.1874 0.2695 0.3983 0.4863 0.4074 0.1884 0.1570 0.2112 0.3120 0.4542 0.4704 0.3208 0.1560 0.1776 0.2555 0.3842 0.4866 0.4087 0.1833 0.1596 0.2209 0.3333 0.4753 0.4506 0.2502 0.1531 0.1945 0.2401 0.1945 0.1531 0.2502 0.4506 0.4753 0.3333 0.2209 0.1596 0.1833 0.4087 0.4866 0.3842 0.2555 0.1776 0.1560 0.3208 0.4704 0.4542 0.3120 0.2112 0.1570 0.1884 0.4074 0.4863 0.3983 0.2695 0.1874 0.1529 0.2598 0.4478 0.4812 0.3547 0.2400 0.1716 0.1585 0.3318 0.4714 0.4556 0.3163 0.2153 0.1592 0.1778 0.3915 0.4844 0.4146 0.2817 0.1946 0.1531 0.2303 0.4427
0.2356 0.1539 0.1992 0.2898 0.4251 0.4822 0.3783 0.1710 0.1619 0.2209 0.3253 0.4637 0.4666 0.3152 0.1563 0.1750 0.2466 0.3645 0.4841 0.4403 0.2420 0.1529 0.1915 0.2766 0.4079 0.4853 0.3978 0.1812 0.1585 0.2144 0.3165 0.4578 0.4689 0.3172 0.1558 0.1776 0.2548 0.3821 0.4867 0.4131 0.1881 0.1582 0.2173 0.3268 0.4708 0.4560 0.2657 0.1528 0.1943 0.2857 0.3658 0.2857 0.1943 0.1528 0.2657 0.4560 0.4708 0.3268 0.2173 0.1582 0.1881 0.4131 0.4867 0.3821 0.2548 0.1776 0.1558 0.3172 0.4689 0.4578 0.3165 0.2144 0.1585 0.1812 0.3978 0.4853 0.4079 0.2766 0.1915 0.1529 0.2420 0.4403 0.4841 0.3645 0.2466 0.1750 0.1563 0.3152 0.4666 0.4637 0.3253 0.2209 0.1619 0.1710 0.3783 0.4822 0.4251 0.2898 0.1992 0.1539 0.2356
0.1796 0.2044 0.2980 0.4355 0.4794 0.3643 0.1659 0.1648 0.2268 0.3345 0.4707 0.4613 0.2979 0.1546 0.1787 0.2535 0.3747 0.4858 0.4320 0.2248 0.1533 0.1961 0.2843 0.4181 0.4837 0.3866 0.1746 0.1606 0.2186 0.3226 0.4626 0.4664 0.3101 0.1552 0.1784 0.2555 0.3821 0.4867 0.4152 0.1914 0.1574 0.2147 0.3217 0.4665 0.4603 0.2796 0.1530 0.1902 0.2817 0.4246 0.4816 0.4246 0.2817 0.1902 0.1530 0.2796 0.4603 0.4665 0.3217 0.2147 0.1574 0.1914 0.4152 0.4867 0.3821 0.2555 0.1784 0.1552 0.3101 0.4664 0.4626 0.3226 0.2186 0.1606 0.1746 0.3866 0.4837 0.4181 0.2843 0.1961 0.1533 0.2248 0.4320 0.4858 0.3747 0.2535 0.1787 0.1546 0.2979 0.4613 0.4707 0.3345 0.2268 0.1648 0.1659 0.3643 0.4794 0.4355 0.2980 0.2044 0.1796
0.2221 0.3072 0.4453 0.4760 0.3494 0.1619 0.1679 0.2329 0.3439 0.4764 0.4553 0.2800 0.1535 0.1826 0.2606 0.3850 0.4866 0.4228 0.2090 0.1542 0.2008 0.2924 0.4285 0.4814 0.3738 0.1691 0.1630 0.2235 0.3300 0.4682 0.4628 0.2999 0.1545 0.1800 0.2577 0.3842 0.4867 0.4152 0.1926 0.1569 0.2130 0.3183 0.4630 0.4634 0.2910 0.1534 0.1869 0.2749 0.4154 0.4800 0.4310 0.4800 0.4154 0.2749 0.1869 0.1534 0.2910 0.4634 0.4630 0.3183 0.2130 0.1569 0.1926 0.4152 0.4867 0.3842 0.2577 0.1800 0.1545 0.2999 0.4628 0.4682 0.3300 0.2235 0.1630 0.1691 0.3738 0.4814 0.4285 0.2924 0.2008 0.1542 0.2090 0.4228 0.4866 0.3850 0.2606 0.1826 0.1535 0.2800 0.4553 0.4764 0.3439 0.2329 0.1679 0.1619 0.3494 0.4760 0.4453 0.3072 0.2221
0.3141 0.4557 0.4719 0.3336 0.1588 0.1712 0.2392 0.3536 0.4808 0.4486 0.2619 0.1529 0.1867 0.2679 0.3955 0.4865 0.4126 0.1955 0.1555 0.2058 0.3008 0.4387 0.4783 0.3595 0.1645 0.1658 0.2290 0.3383 0.4735 0.4582 0.2868 0.1538 0.1822 0.2613 0.3884 0.4866 0.4131 0.1914 0.1569 0.2125 0.3164 0.4607 0.4654 0.2992 0.1538 0.1843 0.2695 0.4067 0.4838 0.3801 0.2335 0.3801 0.4838 0.4067 0.2695 0.1843 0.1538 0.2992 0.4654 0.4607 0.3164 0.2125 0.1569 0.1914 0.4131 0.4866 0.3884 0.2613 0.1822 0.1538 0.2868 0.4582 0.4735 0.3383 0.2290 0.1658 0.1645 0.3595 0.4783 0.4387 0.3008 0.2058 0.1555 0.1955 0.4126 0.4865 0.3955 0.2679 0.1867 0.1529 0.2619 0.4486 0.4808 0.3536 0.2392 0.1712 0.1588 0.3336 0.4719 0.4557 0.3141
0.4518 0.4676 0.3171 0.1565 0.1746 0.2458 0.3634 0.4838 0.4411 0.2440 0.1528 0.1910 0.2755 0.4062 0.4856 0.4012 0.1846 0.1574 0.2110 0.3093 0.4484 0.4747 0.3444 0.1608 0.1689 0.2350 0.3472 0.4782 0.4526 0.2716 0.1531 0.1852 0.2661 0.3945 0.4864 0.4087 0.1881 0.1574 0.2130 0.3164 0.4598 0.4664 0.3043 0.1543 0.1824 0.2654 0.4000 0.4853 0.3873 0.1704 0.1469 0.1704 0.3873 0.4853 0.4000 0.2654 0.1824 0.1543 0.3043 0.4664 0.4598 0.3164 0.2130 0.1574 0.1881 0.4087 0.4864 0.3945 0.2661 0.1852 0.1531 0.2716 0.4526 0.4782 0.3472 0.2350 0.1689 0.1608 0.3444 0.4747 0.4484 0.3093 0.2110 0.1574 0.1846 0.4012 0.4856 0.4062 0.2755 0.1910 0.1528 0.2440 0.4411 0.4838 0.3634 0.2458 0.1746 0.1565 0.3171 0.4676 0.4518
0.4678 0.2998 0.1548 0.1783 0.2527 0.3735 0.4857 0.4329 0.2267 0.1532 0.1955 0.2834 0.4168 0.4840 0.3888 0.1762 0.1598 0.2165 0.3182 0.4574 0.4704 0.3284 0.1580 0.1723 0.2413 0.3567 0.4819 0.4461 0.2552 0.1528 0.1887 0.2720 0.4023 0.4859 0.4021 0.1833 0.1582 0.2147 0.3183 0.4607 0.4664 0.3060 0.1545 0.1813 0.2627 0.3952 0.4860 0.3956 0.1742 0.1600 0.1874 0.1600 0.1742 0.3956 0.4860 0.3952 0.2627 0.1813 0.1545 0.3060 0.4664 0.4607 0.3183 0.2147 0.1582 0.1833 0.4021 0.4859 0.4023 0.2720 0.1887 0.1528 0.2552 0.4461 0.4819 0.3567 0.2413 0.1723 0.1580 0.3284 0.4704 0.4574 0.3182 0.2165 0.1598 0.1762 0.3888 0.4840 0.4168 0.2834 0.1955 0.1532 0.2267 0.4329 0.4857 0.3735 0.2527 0.1783 0.1548 0.2998 0.4678
0.2989 0.1537 0.1821 0.2598 0.3838 0.4866 0.4239 0.2107 0.1540 0.2003 0.2915 0.4273 0.4817 0.3754 0.1698 0.1625 0.2221 0.3272 0.4653 0.4656 0.3116 0.1559 0.1758 0.2480 0.3667 0.4845 0.4386 0.2382 0.1529 0.1927 0.2787 0.4112 0.4848 0.3933 0.1779 0.1596 0.2173 0.3217 0.4630 0.4654 0.3043 0.1545 0.1809 0.2613 0.3922 0.4863 0.4012 0.1782 0.1613 0.2202 0.2764 0.2202 0.1613 0.1782 0.4012 0.4863 0.3922 0.2613 0.1809 0.1545 0.3043 0.4654 0.4630 0.3217 0.2173 0.1596 0.1779 0.3933 0.4848 0.4112 0.2787 0.1927 0.1529 0.2382 0.4386 0.4845 0.3667 0.2480 0.1758 0.1559 0.3116 0.4656 0.4653 0.3272 0.2221 0.1625 0.1698 0.3754 0.4817 0.4273 0.2915 0.2003 0.1540 0.2107 0.4239 0.4866 0.3838 0.2598 0.1821 0.1537 0.2989
0.1788 0.1864 0.2670 0.3943 0.4866 0.4138 0.1969 0.1554 0.2052 0.2998 0.4376 0.4787 0.3612 0.1650 0.1654 0.2280 0.3365 0.4721 0.4601 0.2941 0.1544 0.1795 0.2549 0.3768 0.4861 0.4301 0.2213 0.1534 0.1971 0.2861 0.4207 0.4831 0.3826 0.1725 0.1615 0.2209 0.3268 0.4665 0.4634 0.2992 0.1543 0.1813 0.2613 0.3911 0.4864 0.4046 0.1813 0.1599 0.2211 0.3310 0.4207 0.3310 0.2211 0.1599 0.1813 0.4046 0.4864 0.3911 0.2613 0.1813 0.1543 0.2992 0.4634 0.4665 0.3268 0.2209 0.1615 0.1725 0.3826 0.4831 0.4207 0.2861 0.1971 0.1534 0.2213 0.4301 0.4861 0.3768 0.2549 0.1795 0.1544 0.2941 0.4601 0.4721 0.3365 0.2280 0.1654 0.1650 0.3612 0.4787 0.4376 0.2998 0.2052 0.1554 0.1969 0.4138 0.4866 0.3943 0.2670 0.1864 0.1788
0.2065 0.2752 0.4049 0.4857 0.4025 0.1856 0.1572 0.2104 0.3084 0.4474 0.4751 0.3461 0.1612 0.1686 0.2342 0.3459 0.4775 0.4539 0.2762 0.1534 0.1835 0.2621 0.3872 0.4867 0.4207 0.2060 0.1544 0.2018 0.2941 0.4308 0.4807 0.3702 0.1676 0.1639 0.2254 0.3333 0.4708 0.4603 0.2910 0.1538 0.1824 0.2627 0.3922 0.4864 0.4057 0.1830 0.1591 0.2187 0.3283 0.4703 0.4775 0.4703 0.3283 0.2187 0.1591 0.1830 0.4057 0.4864 0.3922 0.2627 0.1824 0.1538 0.2910 0.4603 0.4708 0.3333 0.2254 0.1639 0.1676 0.3702 0.4807 0.4308 0.2941 0.2018 0.1544 0.2060 0.4207 0.4867 0.3872 0.2621 0.1835 0.1534 0.2762 0.4539 0.4775 0.3459 0.2342 0.1686 0.1612 0.3461 0.4751 0.4474 0.3084 0.2104 0.1572 0.1856 0.4025 0.4857 0.4049 0.2752 0.2065
0.2852 0.4167 0.4842 0.3902 0.1770 0.1595 0.2158 0.3171 0.4564 0.4710 0.3302 0.1583 0.1719 0.2406 0.3556 0.4815 0.4470 0.2581 0.1529 0.1876 0.2695 0.3978 0.4864 0.4102 0.1929 0.1559 0.2069 0.3025 0.4408 0.4776 0.3563 0.1635 0.1666 0.2306 0.3409 0.4753 0.4560 0.2796 0.1534 0.1843 0.2654 0.3952 0.4863 0.4046 0.1830 0.1589 0.2175 0.3251 0.4685 0.4573 0.3745 0.4573 0.4685 0.3251 0.2175 0.1589 0.1830 0.4046 0.4863 0.3952 0.2654 0.1843 0.1534 0.2796 0.4560 0.4753 0.3409 0.2306 0.1666 0.1635 0.3563 0.4776 0.4408 0.3025 0.2069 0.1559 0.1929 0.4102 0.4864 0.3978 0.2695 0.1876 0.1529 0.2581 0.4470 0.4815 0.3556 0.2406 0.1719 0.1583 0.3302 0.4710 0.4564 0.3171 0.2158 0.1595 0.1770 0.3902 0.4842 0.4167 0.2852
0.4145 0.4826 0.3770 0.1705 0.1622 0.2215 0.3262 0.4645 0.4661 0.3135 0.1561 0.1754 0.2473 0.3655 0.4843 0.4395 0.2403 0.1529 0.1919 0.2772 0.4084 0.4853 0.3986 0.1826 0.1579 0.2121 0.3112 0.4504 0.4739 0.3411 0.1602 0.1697 0.2364 0.3495 0.4793 0.4506 0.2657 0.1530 0.1869 0.2695 0.4000 0.4860 0.4012 0.1813 0.1591 0.2175 0.3242 0.4669 0.4608 0.2912 0.1627 0.2912 0.4608 0.4669 0.3242 0.2175 0.1591 0.1813 0.4012 0.4860 0.4000 0.2695 0.1869 0.1530 0.2657 0.4506 0.4793 0.3495 0.2364 0.1697 0.1602 0.3411 0.4739 0.4504 0.3112 0.2121 0.1579 0.1826 0.3986 0.4853 0.4084 0.2772 0.1919 0.1529 0.2403 0.4395 0.4843 0.3655 0.2473 0.1754 0.1561 0.3135 0.4661 0.4645 0.3262 0.2215 0.1622 0.1705 0.3770 0.4826 0.4145
0.4822 0.3627 0.1654 0.1652 0.2274 0.3354 0.4714 0.4607 0.2961 0.1545 0.1792 0.2542 0.3757 0.4860 0.4311 0.2231 0.1534 0.1966 0.2851 0.4191 0.4835 0.3860 0.1747 0.1604 0.2177 0.3201 0.4592 0.4695 0.3248 0.1575 0.1731 0.2428 0.3589 0.4826 0.4443 0.2502 0.1528 0.1902 0.2749 0.4067 0.4853 0.3956 0.1782 0.1599 0.2187 0.3251 0.4669 0.4618 0.2890 0.1520 0.1584 0.1520 0.2890 0.4618 0.4669 0.3251 0.2187 0.1599 0.1782 0.3956 0.4853 0.4067 0.2749 0.1902 0.1528 0.2502 0.4443 0.4826 0.3589 0.2428 0.1731 0.1575 0.3248 0.4695 0.4592 0.3201 0.2177 0.1604 0.1747 0.3860 0.4835 0.4191 0.2851 0.1966 0.1534 0.2231 0.4311 0.4860 0.3757 0.2542 0.1792 0.1545 0.2961 0.4607 0.4714 0.3354 0.2274 0.1652 0.1654 0.3627 0.4822
0.3604 0.1616 0.1684 0.2339 0.3453 0.4770 0.4542 0.2777 0.1535 0.1833 0.2617 0.3865 0.4865 0.4214 0.2072 0.1544 0.2016 0.2937 0.4300 0.4808 0.3721 0.1686 0.1633 0.2237 0.3296 0.4671 0.4640 0.3074 0.1556 0.1768 0.2499 0.3693 0.4849 0.4364 0.2335 0.1531 0.1943 0.2817 0.4154 0.4838 0.3873 0.1742 0.1613 0.2211 0.3283 0.4685 0.4608 0.2890 0.1538 0.1819 0.2204 0.1819 0.1538 0.2890 0.4608 0.4685 0.3283 0.2211 0.1613 0.1742 0.3873 0.4838 0.4154 0.2817 0.1943 0.1531 0.2335 0.4364 0.4849 0.3693 0.2499 0.1768 0.1556 0.3074 0.4640 0.4671 0.3296 0.2237 0.1633 0.1686 0.3721 0.4808 0.4300 0.2937 0.2016 0.1544 0.2072 0.4214 0.4865 0.3865 0.2617 0.1833 0.1535 0.2777 0.4542 0.4770 0.3453 0.2339 0.1684 0.1616 0.3604
0.1838 0.1684 0.2361 0.3542 0.4798 0.4460 0.2659 0.1510 0.1835 0.2654 0.3972 0.4844 0.4116 0.1974 0.1531 0.2025 0.2992 0.4400 0.4756 0.3619 0.1638 0.1630 0.2255 0.3375 0.4725 0.4567 0.2961 0.1526 0.1769 0.2529 0.3794 0.4844 0.4272 0.2225 0.1513 0.1945 0.2857 0.4246 0.4800 0.3801 0.1704 0.1600 0.2202 0.3310 0.4703 0.4573 0.2912 0.1520 0.1819 0.2625 0.3365 0.2625 0.1819 0.1520 0.2912 0.4573 0.4703 0.3310 0.2202 0.1600 0.1704 0.3801 0.4800 0.4246 0.2857 0.1945 0.1513 0.2225 0.4272 0.4844 0.3794 0.2529 0.1769 0.1526 0.2961 0.4567 0.4725 0.3375 0.2255 0.1630 0.1638 0.3619 0.4756 0.4400 0.2992 0.2025 0.1531 0.1974 0.4116 0.4844 0.3972 0.2654 0.1835 0.1510 0.2659 0.4460 0.4798 0.3542 0.2361 0.1684 0.1838
0.1763 0.2014 0.2994 0.4458 0.4704 0.3489 0.1547 0.1613 0.2238 0.3391 0.4748 0.4499 0.2823 0.1459 0.1751 0.2516 0.3832 0.4824 0.4182 0.2099 0.1482 0.1924 0.2844 0.4288 0.4759 0.3721 0.1634 0.1567 0.2138 0.3223 0.4657 0.4595 0.3110 0.1478 0.1691 0.2401 0.3658 0.4816 0.4310 0.2335 0.1469 0.1874 0.2764 0.4207 0.4775 0.3745 0.1627 0.1584 0.2204 0.3365 0.4263 0.3365 0.2204 0.1584 0.1627 0.3745 0.4775 0.4207 0.2764 0.1874 0.1469 0.2335 0.4310 0.4816 0.3658 0.2401 0.1691 0.1478 0.3110 0.4595 0.4657 0.3223 0.2138 0.1567 0.1634 0.3721 0.4759 0.4288 0.2844 0.1924 0.1482 0.2099 0.4182 0.4824 0.3832 0.2516 0.1751 0.1459 0.2823 0.4499 0.4748 0.3391 0.2238 0.1613 0.1547 0.3489 0.4704 0.4458 0.2994 0.2014 0.1763
0.1838 0.1684 0.2361 0.3542 0.4798 0.4460 0.2659 0.1510 0.1835 0.2654 0.3972 0.4844 0.4116 0.1974 0.1531 0.2025 0.2992 0.4400 0.4756 0.3619 0.1638 0.1630 0.2255 0.3375 0.4725 0.4567 0.2961 0.1526 0.1769 0.2529 0.3794 0.4844 0.4272 0.2225 0.1513 0.1945 0.2857 0.4246 0.4800 0.3801 0.1704 0.1600 0.2202 0.3310 0.4703 0.4573 0.2912 0.1520 0.1819 0.2625 0.3365 0.2625 0.1819 0.1520 0.2912 0.4573 0.4703 0.3310 0.2202 0.1600 0.1704 0.3801 0.4800 0.4246 0.2857 0.1945 0.1513 0.2225 0.4272 0.4844 0.3794 0.2529 0.1769 0.1526 0.2961 0.4567 0.4725 0.3375 0.2255 0.1630 0.1638 0.3619 0.4756 0.4400 0.2992 0.2025 0.1531 0.1974 0.4116 0.4844 0.3972 0.2654 0.1835 0.1510 0.2659 0.4460 0.4798 0.3542 0.2361 0.1684 0.1838
0.3604 0.1616 0.1684 0.2339 0.3453 0.4770 0.4542 0.2777 0.1535 0.1833 0.2617 0.3865 0.4865 0.4214 0.2072 0.1544 0.2016 0.2937 0.4300 0.4808 0.3721 0.1686 0.1633 0.2237 0.3296 0.4671 0.4640 0.3074 0.1556 0.1768 0.2499 0.3693 0.4849 0.4364 0.2335 0.1531 0.1943 0.2817 0.4154 0.4838 0.3873 0.1742 0.1613 0.2211 0.3283 0.4685 0.4608 0.2890 0.1538 0.1819 0.2204 0.1819 0.1538 0.2890 0.4608 0.4685 0.3283 0.2211 0.1613 0.1742 0.3873 0.4838 0.4154 0.2817 0.1943 0.1531 0.2335 0.4364 0.4849 0.3693 0.2499 0.1768 0.1556 0.3074 0.4640 0.4671 0.3296 0.2237 0.1633 0.1686 0.3721 0.4808 0.4300 0.2937 0.2016 0.1544 0.2072 0.4214 0.4865 0.3865 0.2617 0.1833 0.1535 0.2777 0.4542 0.4770 0.3453 0.2339 0.1684 0.1616 0.3604
0.4822 0.3627 0.1654 0.1652 0.2274 0.3354 0.4714 0.4607 0.2961 0.1545 0.1792 0.2542 0.3757 0.4860 0.4311 0.2231 0.1534 0.1966 0.2851 0.4191 0.4835 0.3860 0.1747 0.1604 0.2177 0.3201 0.4592 0.4695 0.3248 0.1575 0.1731 0.2428 0.3589 0.4826 0.4443 0.2502 0.1528 0.1902 0.2749 0.4067 0.4853 0.3956 0.1782 0.1599 0.2187 0.3251 0.4669 0.4618 0.2890 0.1520 0.1584 0.1520 0.2890 0.4618 0.4669 0.3251 0.2187 0.1599 0.1782 0.3956 0.4853 0.4067 0.2749 0.1902 0.1528 0.2502 0.4443 0.4826 0.3589 0.2428 0.1731 0.1575 0.3248 0.4695 0.4592 0.3201 0.2177 0.1604 0.1747 0.3860 0.4835 0.4191 0.2851 0.1966 0.1534 0.2231 0.4311 0.4860 0.3757 0.2542 0.1792 0.1545 0.2961 0.4607 0.4714 0.3354 0.2274 0.1652 0.1654 0.3627 0.4822
0.4145 0.4826 0.3770 0.1705 0.1622 0.2215 0.3262 0.4645 0.4661 0.3135 0.1561 0.1754 0.2473 0.3655 0.4843 0.4395 0.2403 0.1529 0.1919 0.2772 0.4084 0.4853 0.3986 0.1826 0.1579 0.2121 0.3112 0.4504 0.4739 0.3411 0.1602 0.1697 0.2364 0.3495 0.4793 0.4506 0.2657 0.1530 0.1869 0.2695 0.4000 0.4860 0.4012 0.1813 0.1591 0.2175 0.3242 0.4669 0.4608 0.2912 0.1627 0.2912 0.4608 0.4669 0.3242 0.2175 0.1591 0.1813 0.4012 0.4860 0.4000 0.2695 0.1869 0.1530 0.2657 0.4506 0.4793 0.3495 0.2364 0.1697 0.1602 0.3411 0.4739 0.4504 0.3112 0.2121 0.1579 0.1826 0.3986 0.4853 0.4084 0.2772 0.1919 0.1529 0.2403 0.4395 0.4843 0.3655 0.2473 0.1754 0.1561 0.3135 0.4661 0.4645 0.3262 0.2215 0.1622 0.1705 0.3770 0.4826 0.4145
0.2852 0.4167 0.4842 0.3902 0.1770 0.1595 0.2158 0.3171 0.4564 0.4710 0.3302 0.1583 0.1719 0.2406 0.3556 0.4815 0.4470 0.2581 0.1529 0.1876 0.2695 0.3978 0.4864 0.4102 0.1929 0.1559 0.2069 0.3025 0.4408 0.4776 0.3563 0.1635 0.1666 0.2306 0.3409 0.4753 0.4560 0.2796 0.1534 0.1843 0.2654 0.3952 0.4863 0.4046 0.1830 0.1589 0.2175 0.3251 0.4685 0.4573 0.3745 0.4573 0.4685 0.3251 0.2175 0.1589 0.1830 0.4046 0.4863 0.3952 0.2654 0.1843 0.1534 0.2796 0.4560 0.4753 0.3409 0.2306 0.1666 0.1635 0.3563 0.4776 0.4408 0.3025 0.2069 0.1559 0.1929 0.4102 0.4864 0.3978 0.2695 0.1876 0.1529 0.2581 0.4470 0.4815 0.3556 0.2406 0.1719 0.1583 0.3302 0.4710 0.4564 0.3171 0.2158 0.1595 0.1770 0.3902 0.4842 0.4167 0.2852
