0.0962 1.0000 1.0000 0.0002 0.0025 0.0353 0.4910 1.0000 0.0001 0.0009 0.0120 0.1673 1.0000 1.0000 0.0003 0.0041 0.0568 0.7914 1.0000 0.0001 0.0014 0.0193 0.2687 1.0000 1.0000 0.0005 0.0065 0.0912 1.0000 1.0000 0.0002 0.0022 0.0310 0.4323 1.0000 0.0001 0.0008 0.0105 0.1468 1.0000 1.0000 0.0003 0.0036 0.0498 0.6941 1.0000 0.0001 0.0012 0.0161 0.1912 1.0000 0.1912 0.0161 0.0012 0.0001 1.0000 0.6941 0.0498 0.0036 0.0003 1.0000 1.0000 0.1468 0.0105 0.0008 0.0001 1.0000 0.4323 0.0310 0.0022 0.0002 1.0000 1.0000 0.0912 0.0065 0.0005 1.0000 1.0000 0.2687 0.0193 0.0014 0.0001 1.0000 0.7914 0.0568 0.0041 0.0003 1.0000 1.0000 0.1673 0.0120 0.0009 0.0001 1.0000 0.4910 0.0353 0.0025 0.0002 1.0000 1.0000 0.0962
1.0000 1.0000 0.0002 0.0025 0.0350 0.4864 1.0000 0.0001 0.0009 0.0119 0.1651 1.0000 1.0000 0.0003 0.0040 0.0561 0.7810 1.0000 0.0001 0.0014 0.0191 0.2657 1.0000 1.0000 0.0005 0.0065 0.0902 1.0000 1.0000 0.0002 0.0022 0.0306 0.4266 1.0000 0.0001 0.0007 0.0104 0.1448 1.0000 1.0000 0.0003 0.0035 0.0493 0.6862 1.0000 0.0001 0.0012 0.0165 0.2217 1.0000 1.0000 1.0000 0.2217 0.0165 0.0012 0.0001 1.0000 0.6862 0.0493 0.0035 0.0003 1.0000 1.0000 0.1448 0.0104 0.0007 0.0001 1.0000 0.4266 0.0306 0.0022 0.0002 1.0000 1.0000 0.0902 0.0065 0.0005 1.0000 1.0000 0.2657 0.0191 0.0014 0.0001 1.0000 0.7810 0.0561 0.0040 0.0003 1.0000 1.0000 0.1651 0.0119 0.0009 0.0001 1.0000 0.4864 0.0350 0.0025 0.0002 1.0000 1.0000
1.0000 0.0002 0.0025 0.0337 0.4638 1.0000 0.0001 0.0008 0.0112 0.1551 1.0000 1.0000 0.0003 0.0038 0.0527 0.7335 1.0000 0.0001 0.0013 0.0179 0.2490 1.0000 1.0000 0.0004 0.0061 0.0845 1.0000 1.0000 0.0001 0.0021 0.0287 0.3998 1.0000 0.0001 0.0007 0.0098 0.1360 1.0000 1.0000 0.0002 0.0033 0.0462 0.6433 1.0000 0.0001 0.0011 0.0156 0.2155 1.0000 1.0000 0.0001 1.0000 1.0000 0.2155 0.0156 0.0011 0.0001 1.0000 0.6433 0.0462 0.0033 0.0002 1.0000 1.0000 0.1360 0.0098 0.0007 0.0001 1.0000 0.3998 0.0287 0.0021 0.0001 1.0000 1.0000 0.0845 0.0061 0.0004 1.0000 1.0000 0.2490 0.0179 0.0013 0.0001 1.0000 0.7335 0.0527 0.0038 0.0003 1.0000 1.0000 0.1551 0.0112 0.0008 0.0001 1.0000 0.4638 0.0337 0.0025 0.0002 1.0000
0.0002 0.0025 0.0337 0.4550 1.0000 0.0001 0.0008 0.0106 0.1465 1.0000 1.0000 0.0003 0.0035 0.0494 0.6875 1.0000 0.0001 0.0012 0.0168 0.2334 1.0000 1.0000 0.0004 0.0057 0.0793 1.0000 1.0000 0.0001 0.0019 0.0270 0.3755 1.0000 0.0000 0.0007 0.0092 0.1275 1.0000 1.0000 0.0002 0.0031 0.0433 0.6030 1.0000 0.0001 0.0011 0.0147 0.2039 1.0000 1.0000 0.0003 0.0015 0.0003 1.0000 1.0000 0.2039 0.0147 0.0011 0.0001 1.0000 0.6030 0.0433 0.0031 0.0002 1.0000 1.0000 0.1275 0.0092 0.0007 0.0000 1.0000 0.3755 0.0270 0.0019 0.0001 1.0000 1.0000 0.0793 0.0057 0.0004 1.0000 1.0000 0.2334 0.0168 0.0012 0.0001 1.0000 0.6875 0.0494 0.0035 0.0003 1.0000 1.0000 0.1465 0.0106 0.0008 0.0001 1.0000 0.4550 0.0337 0.0025 0.0002
0.0025 0.0350 0.4638 1.0000 0.0001 0.0007 0.0101 0.1397 1.0000 1.0000 0.0002 0.0033 0.0464 0.6457 1.0000 0.0001 0.0011 0.0157 0.2188 1.0000 1.0000 0.0004 0.0053 0.0744 1.0000 1.0000 0.0001 0.0018 0.0253 0.3520 1.0000 0.0000 0.0006 0.0086 0.1195 1.0000 1.0000 0.0002 0.0029 0.0406 0.5652 1.0000 0.0001 0.0010 0.0138 0.1919 1.0000 1.0000 0.0003 0.0038 0.0200 0.0038 0.0003 1.0000 1.0000 0.1919 0.0138 0.0010 0.0001 1.0000 0.5652 0.0406 0.0029 0.0002 1.0000 1.0000 0.1195 0.0086 0.0006 0.0000 1.0000 0.3520 0.0253 0.0018 0.0001 1.0000 1.0000 0.0744 0.0053 0.0004 1.0000 1.0000 0.2188 0.0157 0.0011 0.0001 1.0000 0.6457 0.0464 0.0033 0.0002 1.0000 1.0000 0.1397 0.0101 0.0007 0.0001 1.0000 0.4638 0.0350 0.0025
0.0353 0.4864 1.0000 0.0001 0.0007 0.0100 0.1363 1.0000 1.0000 0.0002 0.0032 0.0439 0.6087 1.0000 0.0001 0.0011 0.0148 0.2055 1.0000 1.0000 0.0004 0.0050 0.0698 0.9719 1.0000 0.0001 0.0017 0.0237 0.3300 1.0000 1.0000 0.0006 0.0080 0.1120 1.0000 1.0000 0.0002 0.0027 0.0381 0.5308 1.0000 0.0001 0.0009 0.0129 0.1802 1.0000 1.0000 0.0003 0.0042 0.0499 0.2611 0.0499 0.0042 0.0003 1.0000 1.0000 0.1802 0.0129 0.0009 0.0001 1.0000 0.5308 0.0381 0.0027 0.0002 1.0000 1.0000 0.1120 0.0080 0.0006 1.0000 1.0000 0.3300 0.0237 0.0017 0.0001 1.0000 0.9719 0.0698 0.0050 0.0004 1.0000 1.0000 0.2055 0.0148 0.0011 0.0001 1.0000 0.6087 0.0439 0.0032 0.0002 1.0000 1.0000 0.1363 0.0100 0.0007 0.0001 1.0000 0.4864 0.0353
0.4910 1.0000 0.0001 0.0008 0.0101 0.1363 1.0000 1.0000 0.0002 0.0030 0.0419 0.5794 1.0000 0.0001 0.0010 0.0139 0.1930 1.0000 1.0000 0.0003 0.0047 0.0654 0.9110 1.0000 0.0001 0.0016 0.0222 0.3093 1.0000 1.0000 0.0005 0.0076 0.1052 1.0000 1.0000 0.0002 0.0026 0.0357 0.4976 1.0000 0.0001 0.0009 0.0121 0.1689 1.0000 1.0000 0.0003 0.0041 0.0546 0.6531 1.0000 0.6531 0.0546 0.0041 0.0003 1.0000 1.0000 0.1689 0.0121 0.0009 0.0001 1.0000 0.4976 0.0357 0.0026 0.0002 1.0000 1.0000 0.1052 0.0076 0.0005 1.0000 1.0000 0.3093 0.0222 0.0016 0.0001 1.0000 0.9110 0.0654 0.0047 0.0003 1.0000 1.0000 0.1930 0.0139 0.0010 0.0001 1.0000 0.5794 0.0419 0.0030 0.0002 1.0000 1.0000 0.1363 0.0101 0.0008 0.0001 1.0000 0.4910
1.0000 0.0001 0.0008 0.0106 0.1397 1.0000 1.0000 0.0002 0.0030 0.0407 0.5567 1.0000 0.0001 0.0009 0.0131 0.1823 1.0000 1.0000 0.0003 0.0044 0.0614 0.8556 1.0000 0.0001 0.0015 0.0209 0.2905 1.0000 1.0000 0.0005 0.0071 0.0986 1.0000 1.0000 0.0002 0.0024 0.0335 0.4664 1.0000 0.0001 0.0008 0.0114 0.1584 1.0000 1.0000 0.0003 0.0039 0.0532 0.7128 1.0000 1.0000 1.0000 0.7128 0.0532 0.0039 0.0003 1.0000 1.0000 0.1584 0.0114 0.0008 0.0001 1.0000 0.4664 0.0335 0.0024 0.0002 1.0000 1.0000 0.0986 0.0071 0.0005 1.0000 1.0000 0.2905 0.0209 0.0015 0.0001 1.0000 0.8556 0.0614 0.0044 0.0003 1.0000 1.0000 0.1823 0.0131 0.0009 0.0001 1.0000 0.5567 0.0407 0.0030 0.0002 1.0000 1.0000 0.1397 0.0106 0.0008 0.0001 1.0000
0.0001 0.0009 0.0112 0.1465 1.0000 1.0000 0.0002 0.0030 0.0402 0.5462 1.0000 0.0001 0.0009 0.0125 0.1732 1.0000 1.0000 0.0003 0.0041 0.0577 0.8036 1.0000 0.0001 0.0014 0.0195 0.2723 1.0000 1.0000 0.0005 0.0066 0.0925 1.0000 1.0000 0.0002 0.0023 0.0314 0.4372 1.0000 0.0001 0.0008 0.0107 0.1487 1.0000 1.0000 0.0003 0.0036 0.0503 0.6941 1.0000 0.0001 0.0004 0.0001 1.0000 0.6941 0.0503 0.0036 0.0003 1.0000 1.0000 0.1487 0.0107 0.0008 0.0001 1.0000 0.4372 0.0314 0.0023 0.0002 1.0000 1.0000 0.0925 0.0066 0.0005 1.0000 1.0000 0.2723 0.0195 0.0014 0.0001 1.0000 0.8036 0.0577 0.0041 0.0003 1.0000 1.0000 0.1732 0.0125 0.0009 0.0001 1.0000 0.5462 0.0402 0.0030 0.0002 1.0000 1.0000 0.1465 0.0112 0.0009 0.0001
0.0009 0.0119 0.1551 1.0000 1.0000 0.0002 0.0030 0.0407 0.5462 1.0000 0.0001 0.0009 0.0121 0.1661 1.0000 1.0000 0.0003 0.0039 0.0545 0.7561 1.0000 0.0001 0.0013 0.0183 0.2553 1.0000 1.0000 0.0004 0.0062 0.0867 1.0000 1.0000 0.0002 0.0021 0.0295 0.4106 1.0000 0.0001 0.0007 0.0100 0.1394 1.0000 1.0000 0.0002 0.0034 0.0473 0.6569 1.0000 0.0001 0.0009 0.0049 0.0009 0.0001 1.0000 0.6569 0.0473 0.0034 0.0002 1.0000 1.0000 0.1394 0.0100 0.0007 0.0001 1.0000 0.4106 0.0295 0.0021 0.0002 1.0000 1.0000 0.0867 0.0062 0.0004 1.0000 1.0000 0.2553 0.0183 0.0013 0.0001 1.0000 0.7561 0.0545 0.0039 0.0003 1.0000 1.0000 0.1661 0.0121 0.0009 0.0001 1.0000 0.5462 0.0407 0.0030 0.0002 1.0000 1.0000 0.1551 0.0119 0.0009
0.0120 0.1651 1.0000 1.0000 0.0002 0.0032 0.0419 0.5567 1.0000 0.0001 0.0009 0.0119 0.1617 1.0000 1.0000 0.0003 0.0037 0.0517 0.7155 1.0000 0.0001 0.0012 0.0172 0.2397 1.0000 1.0000 0.0004 0.0058 0.0814 1.0000 1.0000 0.0001 0.0020 0.0276 0.3849 1.0000 0.0000 0.0007 0.0094 0.1307 1.0000 1.0000 0.0002 0.0032 0.0444 0.6181 1.0000 0.0001 0.0010 0.0123 0.0644 0.0123 0.0010 0.0001 1.0000 0.6181 0.0444 0.0032 0.0002 1.0000 1.0000 0.1307 0.0094 0.0007 0.0000 1.0000 0.3849 0.0276 0.0020 0.0001 1.0000 1.0000 0.0814 0.0058 0.0004 1.0000 1.0000 0.2397 0.0172 0.0012 0.0001 1.0000 0.7155 0.0517 0.0037 0.0003 1.0000 1.0000 0.1617 0.0119 0.0009 0.0001 1.0000 0.5567 0.0419 0.0032 0.0002 1.0000 1.0000 0.1651 0.0120
0.1673 1.0000 1.0000 0.0003 0.0033 0.0439 0.5794 1.0000 0.0001 0.0009 0.0119 0.1602 1.0000 1.0000 0.0003 0.0036 0.0495 0.6823 1.0000 0.0001 0.0012 0.0163 0.2260 1.0000 1.0000 0.0004 0.0055 0.0763 1.0000 1.0000 0.0001 0.0019 0.0259 0.3608 1.0000 0.0000 0.0006 0.0088 0.1225 1.0000 1.0000 0.0002 0.0030 0.0417 0.5794 1.0000 0.0001 0.0010 0.0134 0.1608 0.8411 0.1608 0.0134 0.0010 0.0001 1.0000 0.5794 0.0417 0.0030 0.0002 1.0000 1.0000 0.1225 0.0088 0.0006 0.0000 1.0000 0.3608 0.0259 0.0019 0.0001 1.0000 1.0000 0.0763 0.0055 0.0004 1.0000 1.0000 0.2260 0.0163 0.0012 0.0001 1.0000 0.6823 0.0495 0.0036 0.0003 1.0000 1.0000 0.1602 0.0119 0.0009 0.0001 1.0000 0.5794 0.0439 0.0033 0.0003 1.0000 1.0000 0.1673
1.0000 1.0000 0.0003 0.0035 0.0464 0.6087 1.0000 0.0001 0.0009 0.0121 0.1617 1.0000 1.0000 0.0003 0.0035 0.0480 0.6581 1.0000 0.0001 0.0011 0.0154 0.2139 1.0000 1.0000 0.0004 0.0052 0.0717 0.9981 1.0000 0.0001 0.0017 0.0243 0.3382 1.0000 0.0000 0.0006 0.0083 0.1151 1.0000 1.0000 0.0002 0.0028 0.0391 0.5441 1.0000 0.0001 0.0009 0.0131 0.1758 1.0000 1.0000 1.0000 0.1758 0.0131 0.0009 0.0001 1.0000 0.5441 0.0391 0.0028 0.0002 1.0000 1.0000 0.1151 0.0083 0.0006 0.0000 1.0000 0.3382 0.0243 0.0017 0.0001 1.0000 0.9981 0.0717 0.0052 0.0004 1.0000 1.0000 0.2139 0.0154 0.0011 0.0001 1.0000 0.6581 0.0480 0.0035 0.0003 1.0000 1.0000 0.1617 0.0121 0.0009 0.0001 1.0000 0.6087 0.0464 0.0035 0.0003 1.0000 1.0000
1.0000 0.0003 0.0038 0.0494 0.6457 1.0000 0.0001 0.0009 0.0125 0.1661 1.0000 1.0000 0.0003 0.0035 0.0472 0.6420 1.0000 0.0001 0.0011 0.0148 0.2036 1.0000 1.0000 0.0004 0.0049 0.0676 0.9392 1.0000 0.0001 0.0016 0.0228 0.3177 1.0000 1.0000 0.0006 0.0077 0.1078 1.0000 1.0000 0.0002 0.0026 0.0366 0.5101 1.0000 0.0001 0.0009 0.0124 0.1709 1.0000 1.0000 0.0001 1.0000 1.0000 0.1709 0.0124 0.0009 0.0001 1.0000 0.5101 0.0366 0.0026 0.0002 1.0000 1.0000 0.1078 0.0077 0.0006 1.0000 1.0000 0.3177 0.0228 0.0016 0.0001 1.0000 0.9392 0.0676 0.0049 0.0004 1.0000 1.0000 0.2036 0.0148 0.0011 0.0001 1.0000 0.6420 0.0472 0.0035 0.0003 1.0000 1.0000 0.1661 0.0125 0.0009 0.0001 1.0000 0.6457 0.0494 0.0038 0.0003 1.0000
0.0003 0.0040 0.0527 0.6875 1.0000 0.0001 0.0010 0.0131 0.1732 1.0000 1.0000 0.0003 0.0035 0.0472 0.6372 1.0000 0.0001 0.0010 0.0142 0.1956 1.0000 1.0000 0.0003 0.0046 0.0638 0.8854 1.0000 0.0001 0.0015 0.0214 0.2978 1.0000 1.0000 0.0005 0.0073 0.1011 1.0000 1.0000 0.0002 0.0025 0.0343 0.4781 1.0000 0.0001 0.0008 0.0117 0.1620 1.0000 1.0000 0.0002 0.0012 0.0002 1.0000 1.0000 0.1620 0.0117 0.0008 0.0001 1.0000 0.4781 0.0343 0.0025 0.0002 1.0000 1.0000 0.1011 0.0073 0.0005 1.0000 1.0000 0.2978 0.0214 0.0015 0.0001 1.0000 0.8854 0.0638 0.0046 0.0003 1.0000 1.0000 0.1956 0.0142 0.0010 0.0001 1.0000 0.6372 0.0472 0.0035 0.0003 1.0000 1.0000 0.1732 0.0131 0.0010 0.0001 1.0000 0.6875 0.0527 0.0040 0.0003
0.0041 0.0561 0.7335 1.0000 0.0001 0.0011 0.0139 0.1823 1.0000 1.0000 0.0003 0.0036 0.0480 0.6420 1.0000 0.0001 0.0010 0.0139 0.1901 1.0000 1.0000 0.0003 0.0044 0.0607 0.8395 1.0000 0.0001 0.0015 0.0202 0.2802 1.0000 1.0000 0.0005 0.0068 0.0948 1.0000 1.0000 0.0002 0.0023 0.0322 0.4490 1.0000 0.0001 0.0008 0.0109 0.1522 1.0000 1.0000 0.0003 0.0030 0.0159 0.0030 0.0003 1.0000 1.0000 0.1522 0.0109 0.0008 0.0001 1.0000 0.4490 0.0322 0.0023 0.0002 1.0000 1.0000 0.0948 0.0068 0.0005 1.0000 1.0000 0.2802 0.0202 0.0015 0.0001 1.0000 0.8395 0.0607 0.0044 0.0003 1.0000 1.0000 0.1901 0.0139 0.0010 0.0001 1.0000 0.6420 0.0480 0.0036 0.0003 1.0000 1.0000 0.1823 0.0139 0.0011 0.0001 1.0000 0.7335 0.0561 0.0041
0.0568 0.7810 1.0000 0.0001 0.0011 0.0148 0.1930 1.0000 1.0000 0.0003 0.0037 0.0495 0.6581 1.0000 0.0001 0.0010 0.0138 0.1872 1.0000 1.0000 0.0003 0.0042 0.0581 0.8020 1.0000 0.0001 0.0014 0.0190 0.2641 1.0000 1.0000 0.0005 0.0064 0.0890 1.0000 1.0000 0.0002 0.0022 0.0302 0.4209 1.0000 0.0001 0.0007 0.0103 0.1429 1.0000 1.0000 0.0002 0.0033 0.0397 0.2075 0.0397 0.0033 0.0002 1.0000 1.0000 0.1429 0.0103 0.0007 0.0001 1.0000 0.4209 0.0302 0.0022 0.0002 1.0000 1.0000 0.0890 0.0064 0.0005 1.0000 1.0000 0.2641 0.0190 0.0014 0.0001 1.0000 0.8020 0.0581 0.0042 0.0003 1.0000 1.0000 0.1872 0.0138 0.0010 0.0001 1.0000 0.6581 0.0495 0.0037 0.0003 1.0000 1.0000 0.1930 0.0148 0.0011 0.0001 1.0000 0.7810 0.0568
0.7914 1.0000 0.0001 0.0012 0.0157 0.2055 1.0000 1.0000 0.0003 0.0039 0.0517 0.6823 1.0000 0.0001 0.0010 0.0139 0.1872 1.0000 1.0000 0.0003 0.0041 0.0563 0.7721 1.0000 0.0001 0.0013 0.0181 0.2504 1.0000 1.0000 0.0004 0.0060 0.0837 1.0000 1.0000 0.0001 0.0020 0.0283 0.3946 1.0000 0.0000 0.0007 0.0096 0.1340 1.0000 1.0000 0.0002 0.0032 0.0433 0.5179 1.0000 0.5179 0.0433 0.0032 0.0002 1.0000 1.0000 0.1340 0.0096 0.0007 0.0000 1.0000 0.3946 0.0283 0.0020 0.0001 1.0000 1.0000 0.0837 0.0060 0.0004 1.0000 1.0000 0.2504 0.0181 0.0013 0.0001 1.0000 0.7721 0.0563 0.0041 0.0003 1.0000 1.0000 0.1872 0.0139 0.0010 0.0001 1.0000 0.6823 0.0517 0.0039 0.0003 1.0000 1.0000 0.2055 0.0157 0.0012 0.0001 1.0000 0.7914
1.0000 0.0001 0.0013 0.0168 0.2188 1.0000 1.0000 0.0003 0.0041 0.0545 0.7155 1.0000 0.0001 0.0011 0.0142 0.1901 1.0000 1.0000 0.0003 0.0040 0.0551 0.7504 1.0000 0.0001 0.0013 0.0173 0.2388 1.0000 1.0000 0.0004 0.0057 0.0790 1.0000 1.0000 0.0001 0.0019 0.0266 0.3706 1.0000 0.0000 0.0006 0.0090 0.1258 1.0000 1.0000 0.0002 0.0031 0.0422 0.5652 1.0000 1.0000 1.0000 0.5652 0.0422 0.0031 0.0002 1.0000 1.0000 0.1258 0.0090 0.0006 0.0000 1.0000 0.3706 0.0266 0.0019 0.0001 1.0000 1.0000 0.0790 0.0057 0.0004 1.0000 1.0000 0.2388 0.0173 0.0013 0.0001 1.0000 0.7504 0.0551 0.0040 0.0003 1.0000 1.0000 0.1901 0.0142 0.0011 0.0001 1.0000 0.7155 0.0545 0.0041 0.0003 1.0000 1.0000 0.2188 0.0168 0.0013 0.0001 1.0000
0.0001 0.0014 0.0179 0.2334 1.0000 1.0000 0.0003 0.0044 0.0577 0.7561 1.0000 0.0001 0.0011 0.0148 0.1956 1.0000 1.0000 0.0003 0.0040 0.0547 0.7405 1.0000 0.0001 0.0012 0.0167 0.2290 1.0000 1.0000 0.0004 0.0054 0.0747 1.0000 1.0000 0.0001 0.0018 0.0250 0.3480 1.0000 0.0000 0.0006 0.0085 0.1179 1.0000 1.0000 0.0002 0.0029 0.0399 0.5504 1.0000 0.0001 0.0003 0.0001 1.0000 0.5504 0.0399 0.0029 0.0002 1.0000 1.0000 0.1179 0.0085 0.0006 0.0000 1.0000 0.3480 0.0250 0.0018 0.0001 1.0000 1.0000 0.0747 0.0054 0.0004 1.0000 1.0000 0.2290 0.0167 0.0012 0.0001 1.0000 0.7405 0.0547 0.0040 0.0003 1.0000 1.0000 0.1956 0.0148 0.0011 0.0001 1.0000 0.7561 0.0577 0.0044 0.0003 1.0000 1.0000 0.2334 0.0179 0.0014 0.0001
0.0014 0.0191 0.2490 1.0000 1.0000 0.0004 0.0047 0.0614 0.8036 1.0000 0.0001 0.0012 0.0154 0.2036 1.0000 1.0000 0.0003 0.0041 0.0551 0.7405 1.0000 0.0001 0.0012 0.0162 0.2222 1.0000 1.0000 0.0004 0.0051 0.0711 0.9830 1.0000 0.0001 0.0017 0.0236 0.3275 1.0000 1.0000 0.0006 0.0079 0.1105 1.0000 1.0000 0.0002 0.0027 0.0375 0.5208 1.0000 0.0001 0.0007 0.0039 0.0007 0.0001 1.0000 0.5208 0.0375 0.0027 0.0002 1.0000 1.0000 0.1105 0.0079 0.0006 1.0000 1.0000 0.3275 0.0236 0.0017 0.0001 1.0000 0.9830 0.0711 0.0051 0.0004 1.0000 1.0000 0.2222 0.0162 0.0012 0.0001 1.0000 0.7405 0.0551 0.0041 0.0003 1.0000 1.0000 0.2036 0.0154 0.0012 0.0001 1.0000 0.8036 0.0614 0.0047 0.0004 1.0000 1.0000 0.2490 0.0191 0.0014
0.0193 0.2657 1.0000 1.0000 0.0004 0.0050 0.0654 0.8556 1.0000 0.0001 0.0012 0.0163 0.2139 1.0000 1.0000 0.0003 0.0042 0.0563 0.7504 1.0000 0.0001 0.0012 0.0160 0.2176 1.0000 1.0000 0.0004 0.0049 0.0681 0.9392 1.0000 0.0001 0.0016 0.0223 0.3093 1.0000 1.0000 0.0005 0.0075 0.1038 1.0000 1.0000 0.0002 0.0025 0.0352 0.4901 1.0000 0.0001 0.0008 0.0098 0.0511 0.0098 0.0008 0.0001 1.0000 0.4901 0.0352 0.0025 0.0002 1.0000 1.0000 0.1038 0.0075 0.0005 1.0000 1.0000 0.3093 0.0223 0.0016 0.0001 1.0000 0.9392 0.0681 0.0049 0.0004 1.0000 1.0000 0.2176 0.0160 0.0012 0.0001 1.0000 0.7504 0.0563 0.0042 0.0003 1.0000 1.0000 0.2139 0.0163 0.0012 0.0001 1.0000 0.8556 0.0654 0.0050 0.0004 1.0000 1.0000 0.2657 0.0193
0.2687 1.0000 1.0000 0.0004 0.0053 0.0698 0.9110 1.0000 0.0001 0.0013 0.0172 0.2260 1.0000 1.0000 0.0003 0.0044 0.0581 0.7721 1.0000 0.0001 0.0012 0.0160 0.2163 1.0000 1.0000 0.0004 0.0048 0.0658 0.9024 1.0000 0.0001 0.0015 0.0212 0.2927 1.0000 1.0000 0.0005 0.0070 0.0977 1.0000 1.0000 0.0002 0.0024 0.0330 0.4603 1.0000 0.0001 0.0008 0.0107 0.1275 0.6669 0.1275 0.0107 0.0008 0.0001 1.0000 0.4603 0.0330 0.0024 0.0002 1.0000 1.0000 0.0977 0.0070 0.0005 1.0000 1.0000 0.2927 0.0212 0.0015 0.0001 1.0000 0.9024 0.0658 0.0048 0.0004 1.0000 1.0000 0.2163 0.0160 0.0012 0.0001 1.0000 0.7721 0.0581 0.0044 0.0003 1.0000 1.0000 0.2260 0.0172 0.0013 0.0001 1.0000 0.9110 0.0698 0.0053 0.0004 1.0000 1.0000 0.2687
1.0000 1.0000 0.0004 0.0057 0.0744 0.9719 1.0000 0.0001 0.0014 0.0183 0.2397 1.0000 1.0000 0.0004 0.0046 0.0607 0.8020 1.0000 0.0001 0.0012 0.0162 0.2176 1.0000 1.0000 0.0003 0.0047 0.0642 0.8754 1.0000 0.0001 0.0015 0.0202 0.2791 1.0000 1.0000 0.0005 0.0066 0.0921 1.0000 1.0000 0.0002 0.0022 0.0310 0.4315 1.0000 0.0001 0.0008 0.0104 0.1394 1.0000 1.0000 1.0000 0.1394 0.0104 0.0008 0.0001 1.0000 0.4315 0.0310 0.0022 0.0002 1.0000 1.0000 0.0921 0.0066 0.0005 1.0000 1.0000 0.2791 0.0202 0.0015 0.0001 1.0000 0.8754 0.0642 0.0047 0.0003 1.0000 1.0000 0.2176 0.0162 0.0012 0.0001 1.0000 0.8020 0.0607 0.0046 0.0004 1.0000 1.0000 0.2397 0.0183 0.0014 0.0001 1.0000 0.9719 0.0744 0.0057 0.0004 1.0000 1.0000
1.0000 0.0005 0.0061 0.0793 1.0000 1.0000 0.0001 0.0015 0.0195 0.2553 1.0000 1.0000 0.0004 0.0049 0.0638 0.8395 1.0000 0.0001 0.0013 0.0167 0.2222 1.0000 1.0000 0.0003 0.0047 0.0633 0.8605 1.0000 0.0001 0.0014 0.0195 0.2677 1.0000 1.0000 0.0005 0.0063 0.0873 1.0000 1.0000 0.0002 0.0021 0.0291 0.4060 1.0000 0.0001 0.0007 0.0098 0.1358 1.0000 1.0000 0.0001 1.0000 1.0000 0.1358 0.0098 0.0007 0.0001 1.0000 0.4060 0.0291 0.0021 0.0002 1.0000 1.0000 0.0873 0.0063 0.0005 1.0000 1.0000 0.2677 0.0195 0.0014 0.0001 1.0000 0.8605 0.0633 0.0047 0.0003 1.0000 1.0000 0.2222 0.0167 0.0013 0.0001 1.0000 0.8395 0.0638 0.0049 0.0004 1.0000 1.0000 0.2553 0.0195 0.0015 0.0001 1.0000 1.0000 0.0793 0.0061 0.0005 1.0000
0.0005 0.0065 0.0845 1.0000 1.0000 0.0001 0.0016 0.0209 0.2723 1.0000 1.0000 0.0004 0.0052 0.0676 0.8854 1.0000 0.0001 0.0013 0.0173 0.2290 1.0000 1.0000 0.0004 0.0047 0.0633 0.8540 1.0000 0.0001 0.0014 0.0189 0.2592 1.0000 1.0000 0.0004 0.0060 0.0831 1.0000 1.0000 0.0001 0.0020 0.0275 0.3820 1.0000 0.0000 0.0007 0.0093 0.1285 1.0000 1.0000 0.0002 0.0010 0.0002 1.0000 1.0000 0.1285 0.0093 0.0007 0.0000 1.0000 0.3820 0.0275 0.0020 0.0001 1.0000 1.0000 0.0831 0.0060 0.0004 1.0000 1.0000 0.2592 0.0189 0.0014 0.0001 1.0000 0.8540 0.0633 0.0047 0.0004 1.0000 1.0000 0.2290 0.0173 0.0013 0.0001 1.0000 0.8854 0.0676 0.0052 0.0004 1.0000 1.0000 0.2723 0.0209 0.0016 0.0001 1.0000 1.0000 0.0845 0.0065 0.0005
0.0065 0.0902 1.0000 1.0000 0.0001 0.0017 0.0222 0.2905 1.0000 1.0000 0.0004 0.0055 0.0717 0.9392 1.0000 0.0001 0.0014 0.0181 0.2388 1.0000 1.0000 0.0004 0.0048 0.0642 0.8605 1.0000 0.0001 0.0014 0.0186 0.2528 1.0000 1.0000 0.0004 0.0058 0.0796 1.0000 1.0000 0.0001 0.0019 0.0260 0.3608 1.0000 0.0000 0.0006 0.0087 0.1211 1.0000 1.0000 0.0002 0.0024 0.0126 0.0024 0.0002 1.0000 1.0000 0.1211 0.0087 0.0006 0.0000 1.0000 0.3608 0.0260 0.0019 0.0001 1.0000 1.0000 0.0796 0.0058 0.0004 1.0000 1.0000 0.2528 0.0186 0.0014 0.0001 1.0000 0.8605 0.0642 0.0048 0.0004 1.0000 1.0000 0.2388 0.0181 0.0014 0.0001 1.0000 0.9392 0.0717 0.0055 0.0004 1.0000 1.0000 0.2905 0.0222 0.0017 0.0001 1.0000 1.0000 0.0902 0.0065
0.0912 1.0000 1.0000 0.0001 0.0018 0.0237 0.3093 1.0000 1.0000 0.0004 0.0058 0.0763 0.9981 1.0000 0.0001 0.0015 0.0190 0.2504 1.0000 1.0000 0.0004 0.0049 0.0658 0.8754 1.0000 0.0001 0.0014 0.0185 0.2500 1.0000 1.0000 0.0004 0.0056 0.0767 1.0000 1.0000 0.0001 0.0018 0.0247 0.3421 1.0000 0.0000 0.0006 0.0082 0.1140 1.0000 1.0000 0.0002 0.0026 0.0314 0.1645 0.0314 0.0026 0.0002 1.0000 1.0000 0.1140 0.0082 0.0006 0.0000 1.0000 0.3421 0.0247 0.0018 0.0001 1.0000 1.0000 0.0767 0.0056 0.0004 1.0000 1.0000 0.2500 0.0185 0.0014 0.0001 1.0000 0.8754 0.0658 0.0049 0.0004 1.0000 1.0000 0.2504 0.0190 0.0015 0.0001 1.0000 0.9981 0.0763 0.0058 0.0004 1.0000 1.0000 0.3093 0.0237 0.0018 0.0001 1.0000 1.0000 0.0912
1.0000 1.0000 0.0001 0.0019 0.0253 0.3300 1.0000 1.0000 0.0005 0.0062 0.0814 1.0000 1.0000 0.0001 0.0015 0.0202 0.2641 1.0000 1.0000 0.0004 0.0051 0.0681 0.9024 1.0000 0.0001 0.0014 0.0186 0.2500 1.0000 1.0000 0.0004 0.0055 0.0746 1.0000 1.0000 0.0001 0.0017 0.0236 0.3262 1.0000 1.0000 0.0006 0.0078 0.1076 1.0000 1.0000 0.0002 0.0026 0.0345 0.4114 1.0000 0.4114 0.0345 0.0026 0.0002 1.0000 1.0000 0.1076 0.0078 0.0006 1.0000 1.0000 0.3262 0.0236 0.0017 0.0001 1.0000 1.0000 0.0746 0.0055 0.0004 1.0000 1.0000 0.2500 0.0186 0.0014 0.0001 1.0000 0.9024 0.0681 0.0051 0.0004 1.0000 1.0000 0.2641 0.0202 0.0015 0.0001 1.0000 1.0000 0.0814 0.0062 0.0005 1.0000 1.0000 0.3300 0.0253 0.0019 0.0001 1.0000 1.0000
1.0000 0.0002 0.0021 0.0270 0.3520 1.0000 1.0000 0.0005 0.0066 0.0867 1.0000 1.0000 0.0001 0.0016 0.0214 0.2802 1.0000 1.0000 0.0004 0.0054 0.0711 0.9392 1.0000 0.0001 0.0014 0.0189 0.2528 1.0000 1.0000 0.0004 0.0054 0.0733 0.9981 1.0000 0.0001 0.0017 0.0227 0.3129 1.0000 1.0000 0.0005 0.0074 0.1019 1.0000 1.0000 0.0002 0.0024 0.0336 0.4507 1.0000 1.0000 1.0000 0.4507 0.0336 0.0024 0.0002 1.0000 1.0000 0.1019 0.0074 0.0005 1.0000 1.0000 0.3129 0.0227 0.0017 0.0001 1.0000 0.9981 0.0733 0.0054 0.0004 1.0000 1.0000 0.2528 0.0189 0.0014 0.0001 1.0000 0.9392 0.0711 0.0054 0.0004 1.0000 1.0000 0.2802 0.0214 0.0016 0.0001 1.0000 1.0000 0.0867 0.0066 0.0005 1.0000 1.0000 0.3520 0.0270 0.0021 0.0002 1.0000
0.0002 0.0022 0.0287 0.3755 1.0000 1.0000 0.0005 0.0071 0.0925 1.0000 1.0000 0.0001 0.0017 0.0228 0.2978 1.0000 1.0000 0.0004 0.0057 0.0747 0.9830 1.0000 0.0001 0.0015 0.0195 0.2592 1.0000 1.0000 0.0004 0.0054 0.0729 0.9868 1.0000 0.0001 0.0016 0.0220 0.3018 1.0000 1.0000 0.0005 0.0070 0.0970 1.0000 1.0000 0.0002 0.0023 0.0320 0.4406 1.0000 0.0000 0.0002 0.0000 1.0000 0.4406 0.0320 0.0023 0.0002 1.0000 1.0000 0.0970 0.0070 0.0005 1.0000 1.0000 0.3018 0.0220 0.0016 0.0001 1.0000 0.9868 0.0729 0.0054 0.0004 1.0000 1.0000 0.2592 0.0195 0.0015 0.0001 1.0000 0.9830 0.0747 0.0057 0.0004 1.0000 1.0000 0.2978 0.0228 0.0017 0.0001 1.0000 1.0000 0.0925 0.0071 0.0005 1.0000 1.0000 0.3755 0.0287 0.0022 0.0002
0.0022 0.0306 0.3998 1.0000 0.0000 0.0006 0.0076 0.0986 1.0000 1.0000 0.0001 0.0019 0.0243 0.3177 1.0000 1.0000 0.0005 0.0060 0.0790 1.0000 1.0000 0.0001 0.0015 0.0202 0.2677 1.0000 1.0000 0.0004 0.0055 0.0733 0.9868 1.0000 0.0001 0.0016 0.0215 0.2938 1.0000 1.0000 0.0005 0.0067 0.0928 1.0000 1.0000 0.0002 0.0022 0.0303 0.4201 1.0000 0.0001 0.0006 0.0031 0.0006 0.0001 1.0000 0.4201 0.0303 0.0022 0.0002 1.0000 1.0000 0.0928 0.0067 0.0005 1.0000 1.0000 0.2938 0.0215 0.0016 0.0001 1.0000 0.9868 0.0733 0.0055 0.0004 1.0000 1.0000 0.2677 0.0202 0.0015 0.0001 1.0000 1.0000 0.0790 0.0060 0.0005 1.0000 1.0000 0.3177 0.0243 0.0019 0.0001 1.0000 1.0000 0.0986 0.0076 0.0006 0.0000 1.0000 0.3998 0.0306 0.0022
0.0310 0.4266 1.0000 0.0000 0.0006 0.0080 0.1052 1.0000 1.0000 0.0002 0.0020 0.0259 0.3382 1.0000 1.0000 0.0005 0.0064 0.0837 1.0000 1.0000 0.0001 0.0016 0.0212 0.2791 1.0000 1.0000 0.0004 0.0056 0.0746 0.9981 1.0000 0.0001 0.0016 0.0213 0.2894 1.0000 1.0000 0.0005 0.0065 0.0893 1.0000 1.0000 0.0002 0.0021 0.0289 0.3991 1.0000 0.0000 0.0007 0.0078 0.0409 0.0078 0.0007 0.0000 1.0000 0.3991 0.0289 0.0021 0.0002 1.0000 1.0000 0.0893 0.0065 0.0005 1.0000 1.0000 0.2894 0.0213 0.0016 0.0001 1.0000 0.9981 0.0746 0.0056 0.0004 1.0000 1.0000 0.2791 0.0212 0.0016 0.0001 1.0000 1.0000 0.0837 0.0064 0.0005 1.0000 1.0000 0.3382 0.0259 0.0020 0.0002 1.0000 1.0000 0.1052 0.0080 0.0006 0.0000 1.0000 0.4266 0.0310
0.4323 1.0000 0.0001 0.0007 0.0086 0.1120 1.0000 1.0000 0.0002 0.0021 0.0276 0.3608 1.0000 1.0000 0.0005 0.0068 0.0890 1.0000 1.0000 0.0001 0.0017 0.0223 0.2927 1.0000 1.0000 0.0004 0.0058 0.0767 1.0000 1.0000 0.0001 0.0016 0.0213 0.2877 1.0000 1.0000 0.0005 0.0063 0.0867 1.0000 1.0000 0.0001 0.0020 0.0275 0.3806 1.0000 0.0000 0.0006 0.0086 0.1028 0.5369 0.1028 0.0086 0.0006 0.0000 1.0000 0.3806 0.0275 0.0020 0.0001 1.0000 1.0000 0.0867 0.0063 0.0005 1.0000 1.0000 0.2877 0.0213 0.0016 0.0001 1.0000 1.0000 0.0767 0.0058 0.0004 1.0000 1.0000 0.2927 0.0223 0.0017 0.0001 1.0000 1.0000 0.0890 0.0068 0.0005 1.0000 1.0000 0.3608 0.0276 0.0021 0.0002 1.0000 1.0000 0.1120 0.0086 0.0007 0.0001 1.0000 0.4323
1.0000 0.0001 0.0007 0.0092 0.1195 1.0000 1.0000 0.0002 0.0023 0.0295 0.3849 1.0000 0.0000 0.0006 0.0073 0.0948 1.0000 1.0000 0.0001 0.0018 0.0236 0.3093 1.0000 1.0000 0.0005 0.0060 0.0796 1.0000 1.0000 0.0001 0.0016 0.0215 0.2894 1.0000 1.0000 0.0005 0.0062 0.0850 1.0000 1.0000 0.0001 0.0019 0.0265 0.3643 1.0000 0.0000 0.0006 0.0085 0.1133 1.0000 1.0000 1.0000 0.1133 0.0085 0.0006 0.0000 1.0000 0.3643 0.0265 0.0019 0.0001 1.0000 1.0000 0.0850 0.0062 0.0005 1.0000 1.0000 0.2894 0.0215 0.0016 0.0001 1.0000 1.0000 0.0796 0.0060 0.0005 1.0000 1.0000 0.3093 0.0236 0.0018 0.0001 1.0000 1.0000 0.0948 0.0073 0.0006 0.0000 1.0000 0.3849 0.0295 0.0023 0.0002 1.0000 1.0000 0.1195 0.0092 0.0007 0.0001 1.0000
0.0001 0.0007 0.0098 0.1275 1.0000 1.0000 0.0002 0.0024 0.0314 0.4106 1.0000 0.0000 0.0006 0.0077 0.1011 1.0000 1.0000 0.0001 0.0019 0.0250 0.3275 1.0000 1.0000 0.0005 0.0063 0.0831 1.0000 1.0000 0.0001 0.0017 0.0220 0.2938 1.0000 1.0000 0.0005 0.0062 0.0841 1.0000 1.0000 0.0001 0.0019 0.0256 0.3513 1.0000 0.0000 0.0006 0.0082 0.1118 1.0000 1.0000 0.0001 1.0000 1.0000 0.1118 0.0082 0.0006 0.0000 1.0000 0.3513 0.0256 0.0019 0.0001 1.0000 1.0000 0.0841 0.0062 0.0005 1.0000 1.0000 0.2938 0.0220 0.0017 0.0001 1.0000 1.0000 0.0831 0.0063 0.0005 1.0000 1.0000 0.3275 0.0250 0.0019 0.0001 1.0000 1.0000 0.1011 0.0077 0.0006 0.0000 1.0000 0.4106 0.0314 0.0024 0.0002 1.0000 1.0000 0.1275 0.0098 0.0007 0.0001
0.0008 0.0104 0.1360 1.0000 1.0000 0.0002 0.0026 0.0335 0.4372 1.0000 0.0000 0.0006 0.0083 0.1078 1.0000 1.0000 0.0002 0.0020 0.0266 0.3480 1.0000 1.0000 0.0005 0.0066 0.0873 1.0000 1.0000 0.0001 0.0017 0.0227 0.3018 1.0000 1.0000 0.0005 0.0062 0.0841 1.0000 1.0000 0.0001 0.0018 0.0250 0.3415 1.0000 1.0000 0.0006 0.0078 0.1078 1.0000 1.0000 0.0002 0.0008 0.0002 1.0000 1.0000 0.1078 0.0078 0.0006 1.0000 1.0000 0.3415 0.0250 0.0018 0.0001 1.0000 1.0000 0.0841 0.0062 0.0005 1.0000 1.0000 0.3018 0.0227 0.0017 0.0001 1.0000 1.0000 0.0873 0.0066 0.0005 1.0000 1.0000 0.3480 0.0266 0.0020 0.0002 1.0000 1.0000 0.1078 0.0083 0.0006 0.0000 1.0000 0.4372 0.0335 0.0026 0.0002 1.0000 1.0000 0.1360 0.0104 0.0008
0.0105 0.1448 1.0000 1.0000 0.0002 0.0027 0.0357 0.4664 1.0000 0.0001 0.0007 0.0088 0.1151 1.0000 1.0000 0.0002 0.0022 0.0283 0.3706 1.0000 1.0000 0.0005 0.0070 0.0921 1.0000 1.0000 0.0001 0.0018 0.0236 0.3129 1.0000 1.0000 0.0005 0.0063 0.0850 1.0000 1.0000 0.0001 0.0018 0.0246 0.3350 1.0000 1.0000 0.0006 0.0076 0.1040 1.0000 1.0000 0.0002 0.0020 0.0104 0.0020 0.0002 1.0000 1.0000 0.1040 0.0076 0.0006 1.0000 1.0000 0.3350 0.0246 0.0018 0.0001 1.0000 1.0000 0.0850 0.0063 0.0005 1.0000 1.0000 0.3129 0.0236 0.0018 0.0001 1.0000 1.0000 0.0921 0.0070 0.0005 1.0000 1.0000 0.3706 0.0283 0.0022 0.0002 1.0000 1.0000 0.1151 0.0088 0.0007 0.0001 1.0000 0.4664 0.0357 0.0027 0.0002 1.0000 1.0000 0.1448 0.0105
0.1468 1.0000 1.0000 0.0002 0.0029 0.0381 0.4976 1.0000 0.0001 0.0007 0.0094 0.1225 1.0000 1.0000 0.0002 0.0023 0.0302 0.3946 1.0000 0.0000 0.0006 0.0075 0.0977 1.0000 1.0000 0.0001 0.0019 0.0247 0.3262 1.0000 1.0000 0.0005 0.0065 0.0867 1.0000 1.0000 0.0001 0.0018 0.0245 0.3312 1.0000 1.0000 0.0005 0.0074 0.1007 1.0000 1.0000 0.0002 0.0022 0.0263 0.1371 0.0263 0.0022 0.0002 1.0000 1.0000 0.1007 0.0074 0.0005 1.0000 1.0000 0.3312 0.0245 0.0018 0.0001 1.0000 1.0000 0.0867 0.0065 0.0005 1.0000 1.0000 0.3262 0.0247 0.0019 0.0001 1.0000 1.0000 0.0977 0.0075 0.0006 0.0000 1.0000 0.3946 0.0302 0.0023 0.0002 1.0000 1.0000 0.1225 0.0094 0.0007 0.0001 1.0000 0.4976 0.0381 0.0029 0.0002 1.0000 1.0000 0.1468
1.0000 1.0000 0.0002 0.0031 0.0406 0.5308 1.0000 0.0001 0.0008 0.0100 0.1307 1.0000 1.0000 0.0002 0.0025 0.0322 0.4209 1.0000 0.0000 0.0006 0.0079 0.1038 1.0000 1.0000 0.0002 0.0020 0.0260 0.3421 1.0000 1.0000 0.0005 0.0067 0.0893 1.0000 1.0000 0.0001 0.0018 0.0246 0.3312 1.0000 1.0000 0.0005 0.0072 0.0984 1.0000 1.0000 0.0002 0.0022 0.0294 0.3480 1.0000 0.3480 0.0294 0.0022 0.0002 1.0000 1.0000 0.0984 0.0072 0.0005 1.0000 1.0000 0.3312 0.0246 0.0018 0.0001 1.0000 1.0000 0.0893 0.0067 0.0005 1.0000 1.0000 0.3421 0.0260 0.0020 0.0002 1.0000 1.0000 0.1038 0.0079 0.0006 0.0000 1.0000 0.4209 0.0322 0.0025 0.0002 1.0000 1.0000 0.1307 0.0100 0.0008 0.0001 1.0000 0.5308 0.0406 0.0031 0.0002 1.0000 1.0000
1.0000 0.0003 0.0033 0.0433 0.5652 1.0000 0.0001 0.0008 0.0107 0.1394 1.0000 1.0000 0.0002 0.0026 0.0343 0.4490 1.0000 0.0000 0.0006 0.0085 0.1105 1.0000 1.0000 0.0002 0.0021 0.0275 0.3608 1.0000 1.0000 0.0005 0.0070 0.0928 1.0000 1.0000 0.0001 0.0019 0.0250 0.3350 1.0000 1.0000 0.0005 0.0071 0.0970 1.0000 1.0000 0.0002 0.0022 0.0294 0.3893 1.0000 1.0000 1.0000 0.3893 0.0294 0.0022 0.0002 1.0000 1.0000 0.0970 0.0071 0.0005 1.0000 1.0000 0.3350 0.0250 0.0019 0.0001 1.0000 1.0000 0.0928 0.0070 0.0005 1.0000 1.0000 0.3608 0.0275 0.0021 0.0002 1.0000 1.0000 0.1105 0.0085 0.0006 0.0000 1.0000 0.4490 0.0343 0.0026 0.0002 1.0000 1.0000 0.1394 0.0107 0.0008 0.0001 1.0000 0.5652 0.0433 0.0033 0.0003 1.0000
0.0003 0.0035 0.0462 0.6030 1.0000 0.0001 0.0009 0.0114 0.1487 1.0000 1.0000 0.0002 0.0028 0.0366 0.4781 1.0000 0.0001 0.0007 0.0090 0.1179 1.0000 1.0000 0.0002 0.0022 0.0291 0.3820 1.0000 0.0000 0.0006 0.0074 0.0970 1.0000 1.0000 0.0001 0.0019 0.0256 0.3415 1.0000 1.0000 0.0005 0.0071 0.0966 1.0000 1.0000 0.0002 0.0021 0.0289 0.3916 1.0000 1.0000 0.0002 1.0000 1.0000 0.3916 0.0289 0.0021 0.0002 1.0000 1.0000 0.0966 0.0071 0.0005 1.0000 1.0000 0.3415 0.0256 0.0019 0.0001 1.0000 1.0000 0.0970 0.0074 0.0006 0.0000 1.0000 0.3820 0.0291 0.0022 0.0002 1.0000 1.0000 0.1179 0.0090 0.0007 0.0001 1.0000 0.4781 0.0366 0.0028 0.0002 1.0000 1.0000 0.1487 0.0114 0.0009 0.0001 1.0000 0.6030 0.0462 0.0035 0.0003
0.0036 0.0493 0.6433 1.0000 0.0001 0.0009 0.0121 0.1584 1.0000 1.0000 0.0002 0.0030 0.0391 0.5101 1.0000 0.0001 0.0007 0.0096 0.1258 1.0000 1.0000 0.0002 0.0024 0.0310 0.4060 1.0000 0.0000 0.0006 0.0078 0.1019 1.0000 1.0000 0.0002 0.0020 0.0265 0.3513 1.0000 1.0000 0.0005 0.0072 0.0970 1.0000 1.0000 0.0002 0.0021 0.0284 0.3871 1.0000 0.0000 0.0005 0.0027 0.0005 0.0000 1.0000 0.3857 0.0284 0.0021 0.0002 1.0000 1.0000 0.0970 0.0072 0.0005 1.0000 1.0000 0.3513 0.0265 0.0020 0.0002 1.0000 1.0000 0.1019 0.0078 0.0006 0.0000 1.0000 0.4060 0.0310 0.0024 0.0002 1.0000 1.0000 0.1258 0.0096 0.0007 0.0001 1.0000 0.5101 0.0391 0.0030 0.0002 1.0000 1.0000 0.1584 0.0121 0.0009 0.0001 1.0000 0.6433 0.0493 0.0036
0.0498 0.6862 1.0000 0.0001 0.0010 0.0129 0.1689 1.0000 1.0000 0.0002 0.0032 0.0417 0.5441 1.0000 0.0001 0.0008 0.0103 0.1340 1.0000 1.0000 0.0002 0.0025 0.0330 0.4315 1.0000 0.0000 0.0006 0.0082 0.1076 1.0000 1.0000 0.0002 0.0021 0.0275 0.3643 1.0000 1.0000 0.0006 0.0074 0.0984 1.0000 1.0000 0.0002 0.0021 0.0282 0.3827 1.0000 0.0000 0.0006 0.0070 0.0366 0.0071 0.0006 0.0000 1.0000 0.3820 0.0278 0.0020 0.0002 1.0000 1.0000 0.0984 0.0074 0.0006 1.0000 1.0000 0.3643 0.0275 0.0021 0.0002 1.0000 1.0000 0.1076 0.0082 0.0006 0.0000 1.0000 0.4315 0.0330 0.0025 0.0002 1.0000 1.0000 0.1340 0.0103 0.0008 0.0001 1.0000 0.5441 0.0417 0.0032 0.0002 1.0000 1.0000 0.1689 0.0129 0.0010 0.0001 1.0000 0.6862 0.0498
0.6941 1.0000 0.0001 0.0011 0.0138 0.1802 1.0000 1.0000 0.0003 0.0034 0.0444 0.5794 1.0000 0.0001 0.0008 0.0109 0.1429 1.0000 1.0000 0.0002 0.0027 0.0352 0.4603 1.0000 0.0001 0.0007 0.0087 0.1140 1.0000 1.0000 0.0002 0.0022 0.0289 0.3806 1.0000 0.0000 0.0006 0.0076 0.1007 1.0000 1.0000 0.0002 0.0021 0.0285 0.3849 1.0000 0.0000 0.0006 0.0082 0.0935 0.4827 0.0948 0.0081 0.0006 0.0000 1.0000 0.3827 0.0284 0.0021 0.0002 1.0000 1.0000 0.1007 0.0076 0.0006 0.0000 1.0000 0.3806 0.0289 0.0022 0.0002 1.0000 1.0000 0.1140 0.0087 0.0007 0.0001 1.0000 0.4603 0.0352 0.0027 0.0002 1.0000 1.0000 0.1429 0.0109 0.0008 0.0001 1.0000 0.5794 0.0444 0.0034 0.0003 1.0000 1.0000 0.1802 0.0138 0.0011 0.0001 1.0000 0.6941
1.0000 0.0001 0.0011 0.0147 0.1919 1.0000 1.0000 0.0003 0.0036 0.0473 0.6181 1.0000 0.0001 0.0009 0.0117 0.1522 1.0000 1.0000 0.0002 0.0029 0.0375 0.4901 1.0000 0.0001 0.0007 0.0093 0.1211 1.0000 1.0000 0.0002 0.0023 0.0303 0.3991 1.0000 0.0000 0.0006 0.0078 0.1040 1.0000 1.0000 0.0002 0.0021 0.0284 0.3842 1.0000 0.0000 0.0006 0.0083 0.1114 1.0000 1.0000 1.0000 0.1068 0.0081 0.0006 0.0000 1.0000 0.3813 0.0285 0.0021 0.0002 1.0000 1.0000 0.1040 0.0078 0.0006 0.0000 1.0000 0.3991 0.0303 0.0023 0.0002 1.0000 1.0000 0.1211 0.0093 0.0007 0.0001 1.0000 0.4901 0.0375 0.0029 0.0002 1.0000 1.0000 0.1522 0.0117 0.0009 0.0001 1.0000 0.6181 0.0473 0.0036 0.0003 1.0000 1.0000 0.1919 0.0147 0.0011 0.0001 1.0000
0.0001 0.0012 0.0156 0.2039 1.0000 1.0000 0.0003 0.0039 0.0503 0.6569 1.0000 0.0001 0.0009 0.0124 0.1620 1.0000 1.0000 0.0002 0.0031 0.0399 0.5208 1.0000 0.0001 0.0008 0.0098 0.1285 1.0000 1.0000 0.0002 0.0024 0.0320 0.4201 1.0000 0.0000 0.0006 0.0082 0.1078 1.0000 1.0000 0.0002 0.0022 0.0289 0.3871 1.0000 0.0000 0.0006 0.0083 0.1118 1.0000 1.0000 0.0001 1.0000 1.0000 0.1114 0.0082 0.0006 0.0000 1.0000 0.3908 0.0289 0.0022 0.0002 1.0000 1.0000 0.1078 0.0082 0.0006 0.0000 1.0000 0.4201 0.0320 0.0024 0.0002 1.0000 1.0000 0.1285 0.0098 0.0008 0.0001 1.0000 0.5208 0.0399 0.0031 0.0002 1.0000 1.0000 0.1620 0.0124 0.0009 0.0001 1.0000 0.6569 0.0503 0.0039 0.0003 1.0000 1.0000 0.2039 0.0156 0.0012 0.0001
0.0012 0.0165 0.2155 1.0000 1.0000 0.0003 0.0041 0.0532 0.6941 1.0000 0.0001 0.0010 0.0131 0.1709 1.0000 1.0000 0.0002 0.0032 0.0422 0.5504 1.0000 0.0001 0.0008 0.0104 0.1358 1.0000 1.0000 0.0002 0.0026 0.0336 0.4406 1.0000 0.0000 0.0006 0.0085 0.1118 1.0000 1.0000 0.0002 0.0022 0.0294 0.3916 1.0000 0.0000 0.0006 0.0083 0.1118 1.0000 1.0000 0.0001 0.0007 0.0001 1.0000 1.0000 0.1093 0.0082 0.0006 0.0000 1.0000 0.3908 0.0294 0.0022 0.0002 1.0000 1.0000 0.1118 0.0085 0.0006 0.0000 1.0000 0.4406 0.0336 0.0026 0.0002 1.0000 1.0000 0.1358 0.0104 0.0008 0.0001 1.0000 0.5504 0.0422 0.0032 0.0002 1.0000 1.0000 0.1709 0.0131 0.0010 0.0001 1.0000 0.6941 0.0532 0.0041 0.0003 1.0000 1.0000 0.2155 0.0165 0.0012
0.0161 0.2217 1.0000 1.0000 0.0003 0.0042 0.0546 0.7128 1.0000 0.0001 0.0010 0.0134 0.1758 1.0000 1.0000 0.0003 0.0033 0.0433 0.5652 1.0000 0.0001 0.0008 0.0107 0.1394 1.0000 1.0000 0.0002 0.0026 0.0345 0.4507 1.0000 0.0001 0.0007 0.0086 0.1133 1.0000 1.0000 0.0002 0.0022 0.0294 0.3893 1.0000 0.0000 0.0006 0.0084 0.1091 1.0000 1.0000 0.0002 0.0019 0.0099 0.0019 0.0002 1.0000 1.0000 0.1074 0.0080 0.0006 0.0000 1.0000 0.3893 0.0294 0.0022 0.0002 1.0000 1.0000 0.1133 0.0086 0.0007 0.0001 1.0000 0.4507 0.0345 0.0026 0.0002 1.0000 1.0000 0.1394 0.0107 0.0008 0.0001 1.0000 0.5652 0.0433 0.0033 0.0003 1.0000 1.0000 0.1758 0.0134 0.0010 0.0001 1.0000 0.7128 0.0546 0.0042 0.0003 1.0000 1.0000 0.2217 0.0161
0.1912 1.0000 1.0000 0.0003 0.0038 0.0499 0.6531 1.0000 0.0001 0.0009 0.0123 0.1608 1.0000 1.0000 0.0002 0.0030 0.0397 0.5179 1.0000 0.0001 0.0007 0.0098 0.1275 1.0000 1.0000 0.0002 0.0024 0.0314 0.4114 1.0000 0.0000 0.0006 0.0078 0.1028 1.0000 1.0000 0.0002 0.0020 0.0263 0.3480 1.0000 1.0000 0.0005 0.0072 0.0979 1.0000 1.0000 0.0001 0.0019 0.0217 0.1146 0.0228 0.0019 0.0001 1.0000 1.0000 0.0968 0.0072 0.0005 1.0000 1.0000 0.3480 0.0263 0.0020 0.0002 1.0000 1.0000 0.1028 0.0078 0.0006 0.0000 1.0000 0.4114 0.0314 0.0024 0.0002 1.0000 1.0000 0.1275 0.0098 0.0007 0.0001 1.0000 0.5179 0.0397 0.0030 0.0002 1.0000 1.0000 0.1608 0.0123 0.0009 0.0001 1.0000 0.6531 0.0499 0.0038 0.0003 1.0000 1.0000 0.1912
1.0000 1.0000 0.0001 0.0015 0.0200 0.2611 1.0000 1.0000 0.0004 0.0049 0.0644 0.8411 1.0000 0.0001 0.0012 0.0159 0.2075 1.0000 1.0000 0.0003 0.0039 0.0511 0.6669 1.0000 0.0001 0.0010 0.0126 0.1645 1.0000 1.0000 0.0002 0.0031 0.0409 0.5369 1.0000 0.0001 0.0008 0.0104 0.1371 1.0000 1.0000 0.0002 0.0027 0.0365 0.4836 1.0000 0.0001 0.0008 0.0097 0.1125 0.5663 0.1175 0.0100 0.0008 0.0001 1.0000 0.4854 0.0372 0.0028 0.0002 1.0000 1.0000 0.1371 0.0104 0.0008 0.0001 1.0000 0.5369 0.0409 0.0031 0.0002 1.0000 1.0000 0.1645 0.0126 0.0010 0.0001 1.0000 0.6669 0.0511 0.0039 0.0003 1.0000 1.0000 0.2075 0.0159 0.0012 0.0001 1.0000 0.8411 0.0644 0.0049 0.0004 1.0000 1.0000 0.2611 0.0200 0.0015 0.0001 1.0000 1.0000
0.1912 1.0000 1.0000 0.0003 0.0038 0.0499 0.6531 1.0000 0.0001 0.0009 0.0123 0.1608 1.0000 1.0000 0.0002 0.0030 0.0397 0.5179 1.0000 0.0001 0.0007 0.0098 0.1275 1.0000 1.0000 0.0002 0.0024 0.0314 0.4114 1.0000 0.0000 0.0006 0.0078 0.1028 1.0000 1.0000 0.0002 0.0020 0.0263 0.3480 1.0000 1.0000 0.0005 0.0070 0.0942 1.0000 1.0000 0.0001 0.0018 0.0218 0.1157 0.0229 0.0019 0.0001 1.0000 1.0000 0.0935 0.0071 0.0005 1.0000 1.0000 0.3480 0.0263 0.0020 0.0002 1.0000 1.0000 0.1028 0.0078 0.0006 0.0000 1.0000 0.4114 0.0314 0.0024 0.0002 1.0000 1.0000 0.1275 0.0098 0.0007 0.0001 1.0000 0.5179 0.0397 0.0030 0.0002 1.0000 1.0000 0.1608 0.0123 0.0009 0.0001 1.0000 0.6531 0.0499 0.0038 0.0003 1.0000 1.0000 0.1912
0.0161 0.2217 1.0000 1.0000 0.0003 0.0042 0.0546 0.7128 1.0000 0.0001 0.0010 0.0134 0.1758 1.0000 1.0000 0.0003 0.0033 0.0433 0.5652 1.0000 0.0001 0.0008 0.0107 0.1394 1.0000 1.0000 0.0002 0.0026 0.0345 0.4507 1.0000 0.0001 0.0007 0.0086 0.1133 1.0000 1.0000 0.0002 0.0022 0.0294 0.3893 1.0000 0.0000 0.0006 0.0080 0.1054 1.0000 1.0000 0.0002 0.0018 0.0095 0.0019 0.0002 1.0000 1.0000 0.1064 0.0079 0.0006 0.0000 1.0000 0.3893 0.0294 0.0022 0.0002 1.0000 1.0000 0.1133 0.0086 0.0007 0.0001 1.0000 0.4507 0.0345 0.0026 0.0002 1.0000 1.0000 0.1394 0.0107 0.0008 0.0001 1.0000 0.5652 0.0433 0.0033 0.0003 1.0000 1.0000 0.1758 0.0134 0.0010 0.0001 1.0000 0.7128 0.0546 0.0042 0.0003 1.0000 1.0000 0.2217 0.0161
0.0012 0.0165 0.2155 1.0000 1.0000 0.0003 0.0041 0.0532 0.6941 1.0000 0.0001 0.0010 0.0131 0.1709 1.0000 1.0000 0.0002 0.0032 0.0422 0.5504 1.0000 0.0001 0.0008 0.0104 0.1358 1.0000 1.0000 0.0002 0.0026 0.0336 0.4406 1.0000 0.0000 0.0006 0.0085 0.1118 1.0000 1.0000 0.0002 0.0022 0.0294 0.3916 1.0000 0.0000 0.0006 0.0083 0.1114 1.0000 1.0000 0.0001 0.0007 0.0001 1.0000 1.0000 0.1081 0.0081 0.0006 0.0000 1.0000 0.3901 0.0294 0.0022 0.0002 1.0000 1.0000 0.1118 0.0085 0.0006 0.0000 1.0000 0.4406 0.0336 0.0026 0.0002 1.0000 1.0000 0.1358 0.0104 0.0008 0.0001 1.0000 0.5504 0.0422 0.0032 0.0002 1.0000 1.0000 0.1709 0.0131 0.0010 0.0001 1.0000 0.6941 0.0532 0.0041 0.0003 1.0000 1.0000 0.2155 0.0165 0.0012
0.0001 0.0012 0.0156 0.2039 1.0000 1.0000 0.0003 0.0039 0.0503 0.6569 1.0000 0.0001 0.0009 0.0124 0.1620 1.0000 1.0000 0.0002 0.0031 0.0399 0.5208 1.0000 0.0001 0.0008 0.0098 0.1285 1.0000 1.0000 0.0002 0.0024 0.0320 0.4201 1.0000 0.0000 0.0006 0.0082 0.1078 1.0000 1.0000 0.0002 0.0022 0.0289 0.3864 1.0000 0.0000 0.0006 0.0083 0.1129 1.0000 1.0000 0.0001 1.0000 1.0000 0.1110 0.0080 0.0006 0.0000 1.0000 0.3806 0.0288 0.0022 0.0002 1.0000 1.0000 0.1078 0.0082 0.0006 0.0000 1.0000 0.4201 0.0320 0.0024 0.0002 1.0000 1.0000 0.1285 0.0098 0.0008 0.0001 1.0000 0.5208 0.0399 0.0031 0.0002 1.0000 1.0000 0.1620 0.0124 0.0009 0.0001 1.0000 0.6569 0.0503 0.0039 0.0003 1.0000 1.0000 0.2039 0.0156 0.0012 0.0001
1.0000 0.0001 0.0011 0.0147 0.1919 1.0000 1.0000 0.0003 0.0036 0.0473 0.6181 1.0000 0.0001 0.0009 0.0117 0.1522 1.0000 1.0000 0.0002 0.0029 0.0375 0.4901 1.0000 0.0001 0.0007 0.0093 0.1211 1.0000 1.0000 0.0002 0.0023 0.0303 0.3991 1.0000 0.0000 0.0006 0.0078 0.1040 1.0000 1.0000 0.0002 0.0021 0.0283 0.3706 1.0000 0.0000 0.0006 0.0082 0.1078 1.0000 1.0000 1.0000 0.1048 0.0081 0.0006 0.0000 1.0000 0.3953 0.0285 0.0021 0.0002 1.0000 1.0000 0.1040 0.0078 0.0006 0.0000 1.0000 0.3991 0.0303 0.0023 0.0002 1.0000 1.0000 0.1211 0.0093 0.0007 0.0001 1.0000 0.4901 0.0375 0.0029 0.0002 1.0000 1.0000 0.1522 0.0117 0.0009 0.0001 1.0000 0.6181 0.0473 0.0036 0.0003 1.0000 1.0000 0.1919 0.0147 0.0011 0.0001 1.0000
