0.0001 0.0020 0.0275 0.3849 1.0000 0.0000 0.0007 0.0094 0.1312 1.0000 1.0000 0.0002 0.0032 0.0446 0.6216 1.0000 0.0001 0.0011 0.0152 0.2114 1.0000 1.0000 0.0004 0.0052 0.0718 1.0000 1.0000 0.0001 0.0017 0.0244 0.3395 1.0000 0.0000 0.0006 0.0083 0.1153 1.0000 1.0000 0.0002 0.0028 0.0392 0.5462 1.0000 0.0001 0.0010 0.0133 0.1847 1.0000 1.0000 0.0003 0.0014 0.0003 1.0000 1.0000 0.1847 0.0133 0.0010 0.0001 1.0000 0.5462 0.0392 0.0028 0.0002 1.0000 1.0000 0.1153 0.0083 0.0006 0.0000 1.0000 0.3395 0.0244 0.0017 0.0001 1.0000 1.0000 0.0718 0.0052 0.0004 1.0000 1.0000 0.2114 0.0152 0.0011 0.0001 1.0000 0.6216 0.0446 0.0032 0.0002 1.0000 1.0000 0.1312 0.0094 0.0007 0.0000 1.0000 0.3849 0.0275 0.0020 0.0001
0.0020 0.0281 0.3864 1.0000 0.0000 0.0007 0.0093 0.1297 1.0000 1.0000 0.0002 0.0032 0.0441 0.6146 1.0000 0.0001 0.0011 0.0150 0.2087 1.0000 1.0000 0.0004 0.0051 0.0708 0.9868 1.0000 0.0001 0.0017 0.0241 0.3357 1.0000 0.0000 0.0006 0.0082 0.1140 1.0000 1.0000 0.0002 0.0028 0.0387 0.5390 1.0000 0.0001 0.0009 0.0131 0.1830 1.0000 1.0000 0.0003 0.0036 0.0191 0.0036 0.0003 1.0000 1.0000 0.1830 0.0131 0.0009 0.0001 1.0000 0.5390 0.0387 0.0028 0.0002 1.0000 1.0000 0.1140 0.0082 0.0006 0.0000 1.0000 0.3357 0.0241 0.0017 0.0001 1.0000 0.9868 0.0708 0.0051 0.0004 1.0000 1.0000 0.2087 0.0150 0.0011 0.0001 1.0000 0.6146 0.0441 0.0032 0.0002 1.0000 1.0000 0.1297 0.0093 0.0007 0.0000 1.0000 0.3864 0.0281 0.0020
0.0275 0.3864 1.0000 0.0000 0.0006 0.0088 0.1225 1.0000 1.0000 0.0002 0.0030 0.0414 0.5761 1.0000 0.0001 0.0010 0.0140 0.1956 1.0000 1.0000 0.0003 0.0048 0.0665 0.9267 1.0000 0.0001 0.0016 0.0226 0.3146 1.0000 1.0000 0.0006 0.0077 0.1068 1.0000 1.0000 0.0002 0.0026 0.0363 0.5052 1.0000 0.0001 0.0009 0.0123 0.1715 1.0000 1.0000 0.0003 0.0040 0.0476 0.2495 0.0476 0.0040 0.0003 1.0000 1.0000 0.1715 0.0123 0.0009 0.0001 1.0000 0.5052 0.0363 0.0026 0.0002 1.0000 1.0000 0.1068 0.0077 0.0006 1.0000 1.0000 0.3146 0.0226 0.0016 0.0001 1.0000 0.9267 0.0665 0.0048 0.0003 1.0000 1.0000 0.1956 0.0140 0.0010 0.0001 1.0000 0.5761 0.0414 0.0030 0.0002 1.0000 1.0000 0.1225 0.0088 0.0006 0.0000 1.0000 0.3864 0.0275
0.3849 1.0000 0.0000 0.0006 0.0085 0.1175 1.0000 1.0000 0.0002 0.0028 0.0389 0.5421 1.0000 0.0001 0.0009 0.0132 0.1837 1.0000 1.0000 0.0003 0.0045 0.0624 0.8687 1.0000 0.0001 0.0015 0.0212 0.2949 1.0000 1.0000 0.0005 0.0072 0.1001 1.0000 1.0000 0.0002 0.0024 0.0341 0.4745 1.0000 0.0001 0.0008 0.0116 0.1611 1.0000 1.0000 0.0003 0.0039 0.0521 0.6216 1.0000 0.6216 0.0521 0.0039 0.0003 1.0000 1.0000 0.1611 0.0116 0.0008 0.0001 1.0000 0.4745 0.0341 0.0024 0.0002 1.0000 1.0000 0.1001 0.0072 0.0005 1.0000 1.0000 0.2949 0.0212 0.0015 0.0001 1.0000 0.8687 0.0624 0.0045 0.0003 1.0000 1.0000 0.1837 0.0132 0.0009 0.0001 1.0000 0.5421 0.0389 0.0028 0.0002 1.0000 1.0000 0.1175 0.0085 0.0006 0.0000 1.0000 0.3849
1.0000 0.0000 0.0006 0.0085 0.1155 1.0000 1.0000 0.0002 0.0027 0.0368 0.5110 1.0000 0.0001 0.0009 0.0124 0.1722 1.0000 1.0000 0.0003 0.0042 0.0585 0.8143 1.0000 0.0001 0.0014 0.0198 0.2765 1.0000 1.0000 0.0005 0.0068 0.0940 1.0000 1.0000 0.0002 0.0023 0.0319 0.4448 1.0000 0.0001 0.0008 0.0108 0.1510 1.0000 1.0000 0.0003 0.0037 0.0506 0.6797 1.0000 1.0000 1.0000 0.6797 0.0506 0.0037 0.0003 1.0000 1.0000 0.1510 0.0108 0.0008 0.0001 1.0000 0.4448 0.0319 0.0023 0.0002 1.0000 1.0000 0.0940 0.0068 0.0005 1.0000 1.0000 0.2765 0.0198 0.0014 0.0001 1.0000 0.8143 0.0585 0.0042 0.0003 1.0000 1.0000 0.1722 0.0124 0.0009 0.0001 1.0000 0.5110 0.0368 0.0027 0.0002 1.0000 1.0000 0.1155 0.0085 0.0006 0.0000 1.0000
0.0000 0.0007 0.0088 0.1175 1.0000 1.0000 0.0002 0.0026 0.0353 0.4864 1.0000 0.0001 0.0008 0.0117 0.1620 1.0000 1.0000 0.0003 0.0039 0.0548 0.7633 1.0000 0.0001 0.0013 0.0186 0.2597 1.0000 1.0000 0.0005 0.0063 0.0882 1.0000 1.0000 0.0002 0.0021 0.0299 0.4169 1.0000 0.0001 0.0007 0.0102 0.1416 1.0000 1.0000 0.0002 0.0035 0.0480 0.6619 1.0000 0.0001 0.0004 0.0001 1.0000 0.6619 0.0480 0.0035 0.0002 1.0000 1.0000 0.1416 0.0102 0.0007 0.0001 1.0000 0.4169 0.0299 0.0021 0.0002 1.0000 1.0000 0.0882 0.0063 0.0005 1.0000 1.0000 0.2597 0.0186 0.0013 0.0001 1.0000 0.7633 0.0548 0.0039 0.0003 1.0000 1.0000 0.1620 0.0117 0.0008 0.0001 1.0000 0.4864 0.0353 0.0026 0.0002 1.0000 1.0000 0.1175 0.0088 0.0007 0.0000
0.0007 0.0093 0.1225 1.0000 1.0000 0.0002 0.0025 0.0345 0.4709 1.0000 0.0001 0.0008 0.0110 0.1530 1.0000 1.0000 0.0003 0.0037 0.0515 0.7169 1.0000 0.0001 0.0013 0.0175 0.2434 1.0000 1.0000 0.0004 0.0059 0.0826 1.0000 1.0000 0.0001 0.0020 0.0281 0.3908 1.0000 0.0000 0.0007 0.0095 0.1329 1.0000 1.0000 0.0002 0.0032 0.0451 0.6264 1.0000 0.0001 0.0009 0.0047 0.0009 0.0001 1.0000 0.6264 0.0451 0.0032 0.0002 1.0000 1.0000 0.1329 0.0095 0.0007 0.0000 1.0000 0.3908 0.0281 0.0020 0.0001 1.0000 1.0000 0.0826 0.0059 0.0004 1.0000 1.0000 0.2434 0.0175 0.0013 0.0001 1.0000 0.7169 0.0515 0.0037 0.0003 1.0000 1.0000 0.1530 0.0110 0.0008 0.0001 1.0000 0.4709 0.0345 0.0025 0.0002 1.0000 1.0000 0.1225 0.0093 0.0007
0.0094 0.1297 1.0000 1.0000 0.0002 0.0026 0.0345 0.4647 1.0000 0.0001 0.0008 0.0106 0.1457 1.0000 1.0000 0.0003 0.0035 0.0484 0.6733 1.0000 0.0001 0.0012 0.0164 0.2282 1.0000 1.0000 0.0004 0.0056 0.0775 1.0000 1.0000 0.0001 0.0019 0.0264 0.3671 1.0000 0.0000 0.0006 0.0089 0.1246 1.0000 1.0000 0.0002 0.0030 0.0423 0.5894 1.0000 0.0001 0.0010 0.0117 0.0614 0.0117 0.0010 0.0001 1.0000 0.5894 0.0423 0.0030 0.0002 1.0000 1.0000 0.1246 0.0089 0.0006 0.0000 1.0000 0.3671 0.0264 0.0019 0.0001 1.0000 1.0000 0.0775 0.0056 0.0004 1.0000 1.0000 0.2282 0.0164 0.0012 0.0001 1.0000 0.6733 0.0484 0.0035 0.0003 1.0000 1.0000 0.1457 0.0106 0.0008 0.0001 1.0000 0.4647 0.0345 0.0026 0.0002 1.0000 1.0000 0.1297 0.0094
0.1312 1.0000 1.0000 0.0002 0.0027 0.0353 0.4709 1.0000 0.0001 0.0008 0.0102 0.1405 1.0000 1.0000 0.0002 0.0033 0.0457 0.6347 1.0000 0.0001 0.0011 0.0154 0.2143 1.0000 1.0000 0.0004 0.0052 0.0728 1.0000 1.0000 0.0001 0.0018 0.0247 0.3441 1.0000 0.0000 0.0006 0.0084 0.1168 1.0000 1.0000 0.0002 0.0028 0.0397 0.5525 1.0000 0.0001 0.0010 0.0128 0.1533 0.8020 0.1533 0.0128 0.0010 0.0001 1.0000 0.5525 0.0397 0.0028 0.0002 1.0000 1.0000 0.1168 0.0084 0.0006 0.0000 1.0000 0.3441 0.0247 0.0018 0.0001 1.0000 1.0000 0.0728 0.0052 0.0004 1.0000 1.0000 0.2143 0.0154 0.0011 0.0001 1.0000 0.6347 0.0457 0.0033 0.0002 1.0000 1.0000 0.1405 0.0102 0.0008 0.0001 1.0000 0.4709 0.0353 0.0027 0.0002 1.0000 1.0000 0.1312
1.0000 1.0000 0.0002 0.0028 0.0368 0.4864 1.0000 0.0001 0.0008 0.0101 0.1376 1.0000 1.0000 0.0002 0.0031 0.0435 0.6018 1.0000 0.0001 0.0010 0.0145 0.2012 1.0000 1.0000 0.0004 0.0049 0.0682 0.9499 1.0000 0.0001 0.0017 0.0232 0.3225 1.0000 1.0000 0.0006 0.0079 0.1095 1.0000 1.0000 0.0002 0.0027 0.0372 0.5189 1.0000 0.0001 0.0009 0.0125 0.1673 1.0000 1.0000 1.0000 0.1673 0.0125 0.0009 0.0001 1.0000 0.5189 0.0372 0.0027 0.0002 1.0000 1.0000 0.1095 0.0079 0.0006 1.0000 1.0000 0.3225 0.0232 0.0017 0.0001 1.0000 0.9499 0.0682 0.0049 0.0004 1.0000 1.0000 0.2012 0.0145 0.0010 0.0001 1.0000 0.6018 0.0435 0.0031 0.0002 1.0000 1.0000 0.1376 0.0101 0.0008 0.0001 1.0000 0.4864 0.0368 0.0028 0.0002 1.0000 1.0000
1.0000 0.0002 0.0030 0.0389 0.5110 1.0000 0.0001 0.0008 0.0102 0.1376 1.0000 1.0000 0.0002 0.0030 0.0418 0.5750 1.0000 0.0001 0.0010 0.0137 0.1897 1.0000 1.0000 0.0003 0.0046 0.0639 0.8905 1.0000 0.0001 0.0016 0.0217 0.3023 1.0000 1.0000 0.0005 0.0074 0.1028 1.0000 1.0000 0.0002 0.0025 0.0349 0.4864 1.0000 0.0001 0.0009 0.0118 0.1629 1.0000 1.0000 0.0001 1.0000 1.0000 0.1629 0.0118 0.0009 0.0001 1.0000 0.4864 0.0349 0.0025 0.0002 1.0000 1.0000 0.1028 0.0074 0.0005 1.0000 1.0000 0.3023 0.0217 0.0016 0.0001 1.0000 0.8905 0.0639 0.0046 0.0003 1.0000 1.0000 0.1897 0.0137 0.0010 0.0001 1.0000 0.5750 0.0418 0.0030 0.0002 1.0000 1.0000 0.1376 0.0102 0.0008 0.0001 1.0000 0.5110 0.0389 0.0030 0.0002 1.0000
0.0002 0.0032 0.0414 0.5421 1.0000 0.0001 0.0008 0.0106 0.1405 1.0000 1.0000 0.0002 0.0030 0.0407 0.5567 1.0000 0.0001 0.0009 0.0130 0.1799 1.0000 1.0000 0.0003 0.0043 0.0602 0.8363 1.0000 0.0001 0.0015 0.0204 0.2839 1.0000 1.0000 0.0005 0.0069 0.0964 1.0000 1.0000 0.0002 0.0023 0.0327 0.4559 1.0000 0.0001 0.0008 0.0111 0.1542 1.0000 1.0000 0.0002 0.0012 0.0002 1.0000 1.0000 0.1542 0.0111 0.0008 0.0001 1.0000 0.4559 0.0327 0.0023 0.0002 1.0000 1.0000 0.0964 0.0069 0.0005 1.0000 1.0000 0.2839 0.0204 0.0015 0.0001 1.0000 0.8363 0.0602 0.0043 0.0003 1.0000 1.0000 0.1799 0.0130 0.0009 0.0001 1.0000 0.5567 0.0407 0.0030 0.0002 1.0000 1.0000 0.1405 0.0106 0.0008 0.0001 1.0000 0.5421 0.0414 0.0032 0.0002
0.0032 0.0441 0.5761 1.0000 0.0001 0.0008 0.0110 0.1457 1.0000 1.0000 0.0002 0.0030 0.0403 0.5472 1.0000 0.0001 0.0009 0.0125 0.1715 1.0000 1.0000 0.0003 0.0041 0.0567 0.7869 1.0000 0.0001 0.0014 0.0191 0.2662 1.0000 1.0000 0.0005 0.0065 0.0904 1.0000 1.0000 0.0002 0.0022 0.0307 0.4274 1.0000 0.0001 0.0007 0.0104 0.1451 1.0000 1.0000 0.0002 0.0029 0.0151 0.0029 0.0002 1.0000 1.0000 0.1451 0.0104 0.0007 0.0001 1.0000 0.4274 0.0307 0.0022 0.0002 1.0000 1.0000 0.0904 0.0065 0.0005 1.0000 1.0000 0.2662 0.0191 0.0014 0.0001 1.0000 0.7869 0.0567 0.0041 0.0003 1.0000 1.0000 0.1715 0.0125 0.0009 0.0001 1.0000 0.5472 0.0403 0.0030 0.0002 1.0000 1.0000 0.1457 0.0110 0.0008 0.0001 1.0000 0.5761 0.0441 0.0032
0.0446 0.6146 1.0000 0.0001 0.0009 0.0117 0.1530 1.0000 1.0000 0.0002 0.0030 0.0407 0.5472 1.0000 0.0001 0.0009 0.0121 0.1654 1.0000 1.0000 0.0003 0.0039 0.0537 0.7433 1.0000 0.0001 0.0013 0.0179 0.2500 1.0000 1.0000 0.0004 0.0061 0.0847 1.0000 1.0000 0.0001 0.0021 0.0288 0.4014 1.0000 0.0001 0.0007 0.0098 0.1363 1.0000 1.0000 0.0002 0.0032 0.0377 0.1975 0.0377 0.0032 0.0002 1.0000 1.0000 0.1363 0.0098 0.0007 0.0001 1.0000 0.4014 0.0288 0.0021 0.0001 1.0000 1.0000 0.0847 0.0061 0.0004 1.0000 1.0000 0.2500 0.0179 0.0013 0.0001 1.0000 0.7433 0.0537 0.0039 0.0003 1.0000 1.0000 0.1654 0.0121 0.0009 0.0001 1.0000 0.5472 0.0407 0.0030 0.0002 1.0000 1.0000 0.1530 0.0117 0.0009 0.0001 1.0000 0.6146 0.0446
0.6216 1.0000 0.0001 0.0009 0.0124 0.1620 1.0000 1.0000 0.0002 0.0031 0.0418 0.5567 1.0000 0.0001 0.0009 0.0119 0.1617 1.0000 1.0000 0.0003 0.0037 0.0511 0.7061 1.0000 0.0001 0.0012 0.0169 0.2352 1.0000 1.0000 0.0004 0.0057 0.0796 1.0000 1.0000 0.0001 0.0019 0.0270 0.3762 1.0000 0.0000 0.0007 0.0092 0.1277 1.0000 1.0000 0.0002 0.0031 0.0413 0.4938 1.0000 0.4938 0.0413 0.0031 0.0002 1.0000 1.0000 0.1277 0.0092 0.0007 0.0000 1.0000 0.3762 0.0270 0.0019 0.0001 1.0000 1.0000 0.0796 0.0057 0.0004 1.0000 1.0000 0.2352 0.0169 0.0012 0.0001 1.0000 0.7061 0.0511 0.0037 0.0003 1.0000 1.0000 0.1617 0.0119 0.0009 0.0001 1.0000 0.5567 0.0418 0.0031 0.0002 1.0000 1.0000 0.1620 0.0124 0.0009 0.0001 1.0000 0.6216
1.0000 0.0001 0.0010 0.0132 0.1722 1.0000 1.0000 0.0003 0.0033 0.0435 0.5750 1.0000 0.0001 0.0009 0.0119 0.1605 1.0000 1.0000 0.0003 0.0036 0.0492 0.6759 1.0000 0.0001 0.0012 0.0160 0.2222 1.0000 1.0000 0.0004 0.0054 0.0747 1.0000 1.0000 0.0001 0.0018 0.0253 0.3527 1.0000 0.0000 0.0006 0.0086 0.1197 1.0000 1.0000 0.0002 0.0029 0.0402 0.5390 1.0000 1.0000 1.0000 0.5390 0.0402 0.0029 0.0002 1.0000 1.0000 0.1197 0.0086 0.0006 0.0000 1.0000 0.3527 0.0253 0.0018 0.0001 1.0000 1.0000 0.0747 0.0054 0.0004 1.0000 1.0000 0.2222 0.0160 0.0012 0.0001 1.0000 0.6759 0.0492 0.0036 0.0003 1.0000 1.0000 0.1605 0.0119 0.0009 0.0001 1.0000 0.5750 0.0435 0.0033 0.0003 1.0000 1.0000 0.1722 0.0132 0.0010 0.0001 1.0000
0.0001 0.0011 0.0140 0.1837 1.0000 1.0000 0.0003 0.0035 0.0457 0.6018 1.0000 0.0001 0.0009 0.0121 0.1617 1.0000 1.0000 0.0003 0.0035 0.0478 0.6544 1.0000 0.0001 0.0011 0.0152 0.2106 1.0000 1.0000 0.0004 0.0051 0.0703 0.9774 1.0000 0.0001 0.0017 0.0237 0.3306 1.0000 1.0000 0.0006 0.0081 0.1125 1.0000 1.0000 0.0002 0.0027 0.0380 0.5248 1.0000 0.0001 0.0003 0.0001 1.0000 0.5248 0.0380 0.0027 0.0002 1.0000 1.0000 0.1125 0.0081 0.0006 1.0000 1.0000 0.3306 0.0237 0.0017 0.0001 1.0000 0.9774 0.0703 0.0051 0.0004 1.0000 1.0000 0.2106 0.0152 0.0011 0.0001 1.0000 0.6544 0.0478 0.0035 0.0003 1.0000 1.0000 0.1617 0.0121 0.0009 0.0001 1.0000 0.6018 0.0457 0.0035 0.0003 1.0000 1.0000 0.1837 0.0140 0.0011 0.0001
0.0011 0.0150 0.1956 1.0000 1.0000 0.0003 0.0037 0.0484 0.6347 1.0000 0.0001 0.0009 0.0125 0.1654 1.0000 1.0000 0.0003 0.0035 0.0471 0.6396 1.0000 0.0001 0.0011 0.0146 0.2012 1.0000 1.0000 0.0003 0.0048 0.0663 0.9215 1.0000 0.0001 0.0016 0.0223 0.3105 1.0000 1.0000 0.0005 0.0076 0.1054 1.0000 1.0000 0.0002 0.0026 0.0358 0.4967 1.0000 0.0001 0.0007 0.0037 0.0007 0.0001 1.0000 0.4967 0.0358 0.0026 0.0002 1.0000 1.0000 0.1054 0.0076 0.0005 1.0000 1.0000 0.3105 0.0223 0.0016 0.0001 1.0000 0.9215 0.0663 0.0048 0.0003 1.0000 1.0000 0.2012 0.0146 0.0011 0.0001 1.0000 0.6396 0.0471 0.0035 0.0003 1.0000 1.0000 0.1654 0.0125 0.0009 0.0001 1.0000 0.6347 0.0484 0.0037 0.0003 1.0000 1.0000 0.1956 0.0150 0.0011
0.0152 0.2087 1.0000 1.0000 0.0003 0.0039 0.0515 0.6733 1.0000 0.0001 0.0010 0.0130 0.1715 1.0000 1.0000 0.0003 0.0035 0.0471 0.6360 1.0000 0.0001 0.0010 0.0141 0.1941 1.0000 1.0000 0.0003 0.0045 0.0628 0.8704 1.0000 0.0001 0.0015 0.0210 0.2916 1.0000 1.0000 0.0005 0.0071 0.0988 1.0000 1.0000 0.0002 0.0024 0.0335 0.4673 1.0000 0.0001 0.0008 0.0093 0.0487 0.0093 0.0008 0.0001 1.0000 0.4673 0.0335 0.0024 0.0002 1.0000 1.0000 0.0988 0.0071 0.0005 1.0000 1.0000 0.2916 0.0210 0.0015 0.0001 1.0000 0.8704 0.0628 0.0045 0.0003 1.0000 1.0000 0.1941 0.0141 0.0010 0.0001 1.0000 0.6360 0.0471 0.0035 0.0003 1.0000 1.0000 0.1715 0.0130 0.0010 0.0001 1.0000 0.6733 0.0515 0.0039 0.0003 1.0000 1.0000 0.2087 0.0152
0.2114 1.0000 1.0000 0.0003 0.0042 0.0548 0.7169 1.0000 0.0001 0.0010 0.0137 0.1799 1.0000 1.0000 0.0003 0.0036 0.0478 0.6396 1.0000 0.0001 0.0010 0.0139 0.1890 1.0000 1.0000 0.0003 0.0043 0.0599 0.8284 1.0000 0.0001 0.0014 0.0198 0.2749 1.0000 1.0000 0.0005 0.0067 0.0928 1.0000 1.0000 0.0002 0.0023 0.0315 0.4381 1.0000 0.0001 0.0008 0.0102 0.1216 0.6360 0.1216 0.0102 0.0008 0.0001 1.0000 0.4381 0.0315 0.0023 0.0002 1.0000 1.0000 0.0928 0.0067 0.0005 1.0000 1.0000 0.2749 0.0198 0.0014 0.0001 1.0000 0.8284 0.0599 0.0043 0.0003 1.0000 1.0000 0.1890 0.0139 0.0010 0.0001 1.0000 0.6396 0.0478 0.0036 0.0003 1.0000 1.0000 0.1799 0.0137 0.0010 0.0001 1.0000 0.7169 0.0548 0.0042 0.0003 1.0000 1.0000 0.2114
1.0000 1.0000 0.0003 0.0045 0.0585 0.7633 1.0000 0.0001 0.0011 0.0145 0.1897 1.0000 1.0000 0.0003 0.0037 0.0492 0.6544 1.0000 0.0001 0.0010 0.0138 0.1862 1.0000 1.0000 0.0003 0.0042 0.0576 0.7929 1.0000 0.0001 0.0014 0.0187 0.2597 1.0000 1.0000 0.0005 0.0063 0.0872 1.0000 1.0000 0.0002 0.0021 0.0295 0.4114 1.0000 0.0001 0.0007 0.0099 0.1329 1.0000 1.0000 1.0000 0.1329 0.0099 0.0007 0.0001 1.0000 0.4114 0.0295 0.0021 0.0002 1.0000 1.0000 0.0872 0.0063 0.0005 1.0000 1.0000 0.2597 0.0187 0.0014 0.0001 1.0000 0.7929 0.0576 0.0042 0.0003 1.0000 1.0000 0.1862 0.0138 0.0010 0.0001 1.0000 0.6544 0.0492 0.0037 0.0003 1.0000 1.0000 0.1897 0.0145 0.0011 0.0001 1.0000 0.7633 0.0585 0.0045 0.0003 1.0000 1.0000
1.0000 0.0004 0.0048 0.0624 0.8143 1.0000 0.0001 0.0012 0.0154 0.2012 1.0000 1.0000 0.0003 0.0039 0.0511 0.6759 1.0000 0.0001 0.0010 0.0139 0.1862 1.0000 1.0000 0.0003 0.0041 0.0559 0.7648 1.0000 0.0001 0.0013 0.0178 0.2467 1.0000 1.0000 0.0004 0.0059 0.0820 1.0000 1.0000 0.0001 0.0020 0.0277 0.3857 1.0000 0.0000 0.0007 0.0094 0.1292 1.0000 1.0000 0.0001 1.0000 1.0000 0.1292 0.0094 0.0007 0.0000 1.0000 0.3857 0.0277 0.0020 0.0001 1.0000 1.0000 0.0820 0.0059 0.0004 1.0000 1.0000 0.2467 0.0178 0.0013 0.0001 1.0000 0.7648 0.0559 0.0041 0.0003 1.0000 1.0000 0.1862 0.0139 0.0010 0.0001 1.0000 0.6759 0.0511 0.0039 0.0003 1.0000 1.0000 0.2012 0.0154 0.0012 0.0001 1.0000 0.8143 0.0624 0.0048 0.0004 1.0000
0.0004 0.0051 0.0665 0.8687 1.0000 0.0001 0.0013 0.0164 0.2143 1.0000 1.0000 0.0003 0.0041 0.0537 0.7061 1.0000 0.0001 0.0011 0.0141 0.1890 1.0000 1.0000 0.0003 0.0040 0.0547 0.7461 1.0000 0.0001 0.0012 0.0171 0.2357 1.0000 1.0000 0.0004 0.0056 0.0775 1.0000 1.0000 0.0001 0.0019 0.0260 0.3622 1.0000 0.0000 0.0006 0.0088 0.1225 1.0000 1.0000 0.0002 0.0009 0.0002 1.0000 1.0000 0.1225 0.0088 0.0006 0.0000 1.0000 0.3622 0.0260 0.0019 0.0001 1.0000 1.0000 0.0775 0.0056 0.0004 1.0000 1.0000 0.2357 0.0171 0.0012 0.0001 1.0000 0.7461 0.0547 0.0040 0.0003 1.0000 1.0000 0.1890 0.0141 0.0011 0.0001 1.0000 0.7061 0.0537 0.0041 0.0003 1.0000 1.0000 0.2143 0.0164 0.0013 0.0001 1.0000 0.8687 0.0665 0.0051 0.0004
0.0052 0.0708 0.9267 1.0000 0.0001 0.0013 0.0175 0.2282 1.0000 1.0000 0.0003 0.0043 0.0567 0.7433 1.0000 0.0001 0.0011 0.0146 0.1941 1.0000 1.0000 0.0003 0.0040 0.0544 0.7362 1.0000 0.0001 0.0012 0.0165 0.2269 1.0000 1.0000 0.0004 0.0053 0.0734 1.0000 1.0000 0.0001 0.0018 0.0245 0.3402 1.0000 0.0000 0.0006 0.0083 0.1151 1.0000 1.0000 0.0002 0.0023 0.0120 0.0023 0.0002 1.0000 1.0000 0.1151 0.0083 0.0006 0.0000 1.0000 0.3402 0.0245 0.0018 0.0001 1.0000 1.0000 0.0734 0.0053 0.0004 1.0000 1.0000 0.2269 0.0165 0.0012 0.0001 1.0000 0.7362 0.0544 0.0040 0.0003 1.0000 1.0000 0.1941 0.0146 0.0011 0.0001 1.0000 0.7433 0.0567 0.0043 0.0003 1.0000 1.0000 0.2282 0.0175 0.0013 0.0001 1.0000 0.9267 0.0708 0.0052
0.0718 0.9868 1.0000 0.0001 0.0014 0.0186 0.2434 1.0000 1.0000 0.0004 0.0046 0.0602 0.7869 1.0000 0.0001 0.0012 0.0152 0.2012 1.0000 1.0000 0.0003 0.0041 0.0547 0.7362 1.0000 0.0001 0.0012 0.0161 0.2201 1.0000 1.0000 0.0004 0.0051 0.0700 0.9682 1.0000 0.0001 0.0017 0.0231 0.3207 1.0000 1.0000 0.0006 0.0078 0.1081 1.0000 1.0000 0.0002 0.0025 0.0300 0.1569 0.0300 0.0025 0.0002 1.0000 1.0000 0.1081 0.0078 0.0006 1.0000 1.0000 0.3207 0.0231 0.0017 0.0001 1.0000 0.9682 0.0700 0.0051 0.0004 1.0000 1.0000 0.2201 0.0161 0.0012 0.0001 1.0000 0.7362 0.0547 0.0041 0.0003 1.0000 1.0000 0.2012 0.0152 0.0012 0.0001 1.0000 0.7869 0.0602 0.0046 0.0004 1.0000 1.0000 0.2434 0.0186 0.0014 0.0001 1.0000 0.9868 0.0718
1.0000 1.0000 0.0001 0.0015 0.0198 0.2597 1.0000 1.0000 0.0004 0.0049 0.0639 0.8363 1.0000 0.0001 0.0012 0.0160 0.2106 1.0000 1.0000 0.0003 0.0042 0.0559 0.7461 1.0000 0.0001 0.0012 0.0159 0.2163 1.0000 1.0000 0.0004 0.0049 0.0672 0.9250 1.0000 0.0001 0.0016 0.0219 0.3035 1.0000 1.0000 0.0005 0.0073 0.1017 1.0000 1.0000 0.0002 0.0024 0.0327 0.3916 1.0000 0.3916 0.0327 0.0024 0.0002 1.0000 1.0000 0.1017 0.0073 0.0005 1.0000 1.0000 0.3035 0.0219 0.0016 0.0001 1.0000 0.9250 0.0672 0.0049 0.0004 1.0000 1.0000 0.2163 0.0159 0.0012 0.0001 1.0000 0.7461 0.0559 0.0042 0.0003 1.0000 1.0000 0.2106 0.0160 0.0012 0.0001 1.0000 0.8363 0.0639 0.0049 0.0004 1.0000 1.0000 0.2597 0.0198 0.0015 0.0001 1.0000 1.0000
1.0000 0.0001 0.0016 0.0212 0.2765 1.0000 1.0000 0.0004 0.0052 0.0682 0.8905 1.0000 0.0001 0.0013 0.0169 0.2222 1.0000 1.0000 0.0003 0.0043 0.0576 0.7648 1.0000 0.0001 0.0012 0.0159 0.2147 1.0000 1.0000 0.0003 0.0048 0.0650 0.8922 1.0000 0.0001 0.0015 0.0209 0.2883 1.0000 1.0000 0.0005 0.0069 0.0957 1.0000 1.0000 0.0002 0.0023 0.0319 0.4282 1.0000 1.0000 1.0000 0.4282 0.0319 0.0023 0.0002 1.0000 1.0000 0.0957 0.0069 0.0005 1.0000 1.0000 0.2883 0.0209 0.0015 0.0001 1.0000 0.8922 0.0650 0.0048 0.0003 1.0000 1.0000 0.2147 0.0159 0.0012 0.0001 1.0000 0.7648 0.0576 0.0043 0.0003 1.0000 1.0000 0.2222 0.0169 0.0013 0.0001 1.0000 0.8905 0.0682 0.0052 0.0004 1.0000 1.0000 0.2765 0.0212 0.0016 0.0001 1.0000
0.0001 0.0017 0.0226 0.2949 1.0000 1.0000 0.0004 0.0056 0.0728 0.9499 1.0000 0.0001 0.0014 0.0179 0.2352 1.0000 1.0000 0.0003 0.0045 0.0599 0.7929 1.0000 0.0001 0.0012 0.0161 0.2163 1.0000 1.0000 0.0003 0.0047 0.0636 0.8687 1.0000 0.0001 0.0014 0.0200 0.2754 1.0000 1.0000 0.0005 0.0065 0.0904 1.0000 1.0000 0.0002 0.0022 0.0303 0.4169 1.0000 0.0000 0.0002 0.0000 1.0000 0.4169 0.0303 0.0022 0.0002 1.0000 1.0000 0.0904 0.0065 0.0005 1.0000 1.0000 0.2754 0.0200 0.0014 0.0001 1.0000 0.8687 0.0636 0.0047 0.0003 1.0000 1.0000 0.2163 0.0161 0.0012 0.0001 1.0000 0.7929 0.0599 0.0045 0.0003 1.0000 1.0000 0.2352 0.0179 0.0014 0.0001 1.0000 0.9499 0.0728 0.0056 0.0004 1.0000 1.0000 0.2949 0.0226 0.0017 0.0001
0.0017 0.0241 0.3146 1.0000 1.0000 0.0005 0.0059 0.0775 1.0000 1.0000 0.0001 0.0015 0.0191 0.2500 1.0000 1.0000 0.0004 0.0048 0.0628 0.8284 1.0000 0.0001 0.0012 0.0165 0.2201 1.0000 1.0000 0.0003 0.0046 0.0628 0.8524 1.0000 0.0001 0.0014 0.0193 0.2646 1.0000 1.0000 0.0004 0.0062 0.0858 1.0000 1.0000 0.0001 0.0021 0.0285 0.3961 1.0000 0.0000 0.0006 0.0030 0.0006 0.0000 1.0000 0.3961 0.0285 0.0021 0.0001 1.0000 1.0000 0.0858 0.0062 0.0004 1.0000 1.0000 0.2646 0.0193 0.0014 0.0001 1.0000 0.8524 0.0628 0.0046 0.0003 1.0000 1.0000 0.2201 0.0165 0.0012 0.0001 1.0000 0.8284 0.0628 0.0048 0.0004 1.0000 1.0000 0.2500 0.0191 0.0015 0.0001 1.0000 1.0000 0.0775 0.0059 0.0005 1.0000 1.0000 0.3146 0.0241 0.0017
0.0244 0.3357 1.0000 1.0000 0.0005 0.0063 0.0826 1.0000 1.0000 0.0001 0.0016 0.0204 0.2662 1.0000 1.0000 0.0004 0.0051 0.0663 0.8704 1.0000 0.0001 0.0013 0.0171 0.2269 1.0000 1.0000 0.0003 0.0047 0.0628 0.8475 1.0000 0.0001 0.0014 0.0187 0.2562 1.0000 1.0000 0.0004 0.0059 0.0819 1.0000 1.0000 0.0001 0.0019 0.0270 0.3741 1.0000 0.0000 0.0006 0.0074 0.0388 0.0074 0.0006 0.0000 1.0000 0.3741 0.0270 0.0019 0.0001 1.0000 1.0000 0.0819 0.0059 0.0004 1.0000 1.0000 0.2562 0.0187 0.0014 0.0001 1.0000 0.8475 0.0628 0.0047 0.0003 1.0000 1.0000 0.2269 0.0171 0.0013 0.0001 1.0000 0.8704 0.0663 0.0051 0.0004 1.0000 1.0000 0.2662 0.0204 0.0016 0.0001 1.0000 1.0000 0.0826 0.0063 0.0005 1.0000 1.0000 0.3357 0.0244
0.3395 1.0000 1.0000 0.0005 0.0068 0.0882 1.0000 1.0000 0.0001 0.0017 0.0217 0.2839 1.0000 1.0000 0.0004 0.0054 0.0703 0.9215 1.0000 0.0001 0.0014 0.0178 0.2357 1.0000 1.0000 0.0004 0.0048 0.0636 0.8524 1.0000 0.0001 0.0014 0.0184 0.2509 1.0000 1.0000 0.0004 0.0057 0.0785 1.0000 1.0000 0.0001 0.0018 0.0256 0.3540 1.0000 0.0000 0.0006 0.0081 0.0970 0.5072 0.0970 0.0081 0.0006 0.0000 1.0000 0.3540 0.0256 0.0018 0.0001 1.0000 1.0000 0.0785 0.0057 0.0004 1.0000 1.0000 0.2509 0.0184 0.0014 0.0001 1.0000 0.8524 0.0636 0.0048 0.0004 1.0000 1.0000 0.2357 0.0178 0.0014 0.0001 1.0000 0.9215 0.0703 0.0054 0.0004 1.0000 1.0000 0.2839 0.0217 0.0017 0.0001 1.0000 1.0000 0.0882 0.0068 0.0005 1.0000 1.0000 0.3395
1.0000 0.0000 0.0006 0.0072 0.0940 1.0000 1.0000 0.0001 0.0018 0.0232 0.3023 1.0000 1.0000 0.0004 0.0057 0.0747 0.9774 1.0000 0.0001 0.0014 0.0187 0.2467 1.0000 1.0000 0.0004 0.0049 0.0650 0.8687 1.0000 0.0001 0.0014 0.0183 0.2481 1.0000 1.0000 0.0004 0.0055 0.0757 1.0000 1.0000 0.0001 0.0018 0.0243 0.3363 1.0000 0.0000 0.0006 0.0080 0.1064 1.0000 1.0000 1.0000 0.1064 0.0080 0.0006 0.0000 1.0000 0.3363 0.0243 0.0018 0.0001 1.0000 1.0000 0.0757 0.0055 0.0004 1.0000 1.0000 0.2481 0.0183 0.0014 0.0001 1.0000 0.8687 0.0650 0.0049 0.0004 1.0000 1.0000 0.2467 0.0187 0.0014 0.0001 1.0000 0.9774 0.0747 0.0057 0.0004 1.0000 1.0000 0.3023 0.0232 0.0018 0.0001 1.0000 1.0000 0.0940 0.0072 0.0006 0.0000 1.0000
0.0000 0.0006 0.0077 0.1001 1.0000 1.0000 0.0001 0.0019 0.0247 0.3225 1.0000 1.0000 0.0005 0.0061 0.0796 1.0000 1.0000 0.0001 0.0015 0.0198 0.2597 1.0000 1.0000 0.0004 0.0051 0.0672 0.8922 1.0000 0.0001 0.0014 0.0184 0.2481 1.0000 1.0000 0.0004 0.0054 0.0739 1.0000 1.0000 0.0001 0.0017 0.0233 0.3207 1.0000 1.0000 0.0005 0.0076 0.1042 1.0000 1.0000 0.0001 1.0000 1.0000 0.1042 0.0076 0.0005 1.0000 1.0000 0.3207 0.0233 0.0017 0.0001 1.0000 1.0000 0.0739 0.0054 0.0004 1.0000 1.0000 0.2481 0.0184 0.0014 0.0001 1.0000 0.8922 0.0672 0.0051 0.0004 1.0000 1.0000 0.2597 0.0198 0.0015 0.0001 1.0000 1.0000 0.0796 0.0061 0.0005 1.0000 1.0000 0.3225 0.0247 0.0019 0.0001 1.0000 1.0000 0.1001 0.0077 0.0006 0.0000
0.0006 0.0082 0.1068 1.0000 1.0000 0.0002 0.0020 0.0264 0.3441 1.0000 1.0000 0.0005 0.0065 0.0847 1.0000 1.0000 0.0001 0.0016 0.0210 0.2749 1.0000 1.0000 0.0004 0.0053 0.0700 0.9250 1.0000 0.0001 0.0014 0.0187 0.2509 1.0000 1.0000 0.0004 0.0054 0.0728 0.9887 1.0000 0.0001 0.0016 0.0224 0.3081 1.0000 1.0000 0.0005 0.0072 0.0998 1.0000 1.0000 0.0001 0.0007 0.0001 1.0000 1.0000 0.0998 0.0072 0.0005 1.0000 1.0000 0.3081 0.0224 0.0016 0.0001 1.0000 0.9887 0.0728 0.0054 0.0004 1.0000 1.0000 0.2509 0.0187 0.0014 0.0001 1.0000 0.9250 0.0700 0.0053 0.0004 1.0000 1.0000 0.2749 0.0210 0.0016 0.0001 1.0000 1.0000 0.0847 0.0065 0.0005 1.0000 1.0000 0.3441 0.0264 0.0020 0.0002 1.0000 1.0000 0.1068 0.0082 0.0006
0.0083 0.1140 1.0000 1.0000 0.0002 0.0021 0.0281 0.3671 1.0000 1.0000 0.0005 0.0069 0.0904 1.0000 1.0000 0.0001 0.0017 0.0223 0.2916 1.0000 1.0000 0.0004 0.0056 0.0734 0.9682 1.0000 0.0001 0.0014 0.0193 0.2562 1.0000 1.0000 0.0004 0.0054 0.0723 0.9774 1.0000 0.0001 0.0016 0.0218 0.2983 1.0000 1.0000 0.0005 0.0069 0.0953 1.0000 1.0000 0.0002 0.0019 0.0097 0.0019 0.0002 1.0000 1.0000 0.0953 0.0069 0.0005 1.0000 1.0000 0.2983 0.0218 0.0016 0.0001 1.0000 0.9774 0.0723 0.0054 0.0004 1.0000 1.0000 0.2562 0.0193 0.0014 0.0001 1.0000 0.9682 0.0734 0.0056 0.0004 1.0000 1.0000 0.2916 0.0223 0.0017 0.0001 1.0000 1.0000 0.0904 0.0069 0.0005 1.0000 1.0000 0.3671 0.0281 0.0021 0.0002 1.0000 1.0000 0.1140 0.0083
0.1153 1.0000 1.0000 0.0002 0.0023 0.0299 0.3908 1.0000 0.0000 0.0006 0.0074 0.0964 1.0000 1.0000 0.0001 0.0018 0.0237 0.3105 1.0000 1.0000 0.0005 0.0059 0.0775 1.0000 1.0000 0.0001 0.0015 0.0200 0.2646 1.0000 1.0000 0.0004 0.0054 0.0728 0.9774 1.0000 0.0001 0.0016 0.0213 0.2910 1.0000 1.0000 0.0005 0.0066 0.0914 1.0000 1.0000 0.0002 0.0021 0.0244 0.1275 0.0244 0.0021 0.0002 1.0000 1.0000 0.0914 0.0066 0.0005 1.0000 1.0000 0.2910 0.0213 0.0016 0.0001 1.0000 0.9774 0.0728 0.0054 0.0004 1.0000 1.0000 0.2646 0.0200 0.0015 0.0001 1.0000 1.0000 0.0775 0.0059 0.0005 1.0000 1.0000 0.3105 0.0237 0.0018 0.0001 1.0000 1.0000 0.0964 0.0074 0.0006 0.0000 1.0000 0.3908 0.0299 0.0023 0.0002 1.0000 1.0000 0.1153
1.0000 1.0000 0.0002 0.0024 0.0319 0.4169 1.0000 0.0000 0.0006 0.0079 0.1028 1.0000 1.0000 0.0001 0.0019 0.0253 0.3306 1.0000 1.0000 0.0005 0.0063 0.0820 1.0000 1.0000 0.0001 0.0016 0.0209 0.2754 1.0000 1.0000 0.0004 0.0055 0.0739 0.9887 1.0000 0.0001 0.0016 0.0211 0.2867 1.0000 1.0000 0.0005 0.0064 0.0882 1.0000 1.0000 0.0001 0.0020 0.0270 0.3213 1.0000 0.3213 0.0270 0.0020 0.0001 1.0000 1.0000 0.0882 0.0064 0.0005 1.0000 1.0000 0.2867 0.0211 0.0016 0.0001 1.0000 0.9887 0.0739 0.0055 0.0004 1.0000 1.0000 0.2754 0.0209 0.0016 0.0001 1.0000 1.0000 0.0820 0.0063 0.0005 1.0000 1.0000 0.3306 0.0253 0.0019 0.0001 1.0000 1.0000 0.1028 0.0079 0.0006 0.0000 1.0000 0.4169 0.0319 0.0024 0.0002 1.0000 1.0000
1.0000 0.0002 0.0026 0.0341 0.4448 1.0000 0.0000 0.0006 0.0084 0.1095 1.0000 1.0000 0.0002 0.0021 0.0270 0.3527 1.0000 1.0000 0.0005 0.0067 0.0872 1.0000 1.0000 0.0001 0.0017 0.0219 0.2883 1.0000 1.0000 0.0004 0.0057 0.0757 1.0000 1.0000 0.0001 0.0016 0.0211 0.2850 1.0000 1.0000 0.0005 0.0063 0.0857 1.0000 1.0000 0.0001 0.0020 0.0268 0.3567 1.0000 1.0000 1.0000 0.3567 0.0268 0.0020 0.0001 1.0000 1.0000 0.0857 0.0063 0.0005 1.0000 1.0000 0.2850 0.0211 0.0016 0.0001 1.0000 1.0000 0.0757 0.0057 0.0004 1.0000 1.0000 0.2883 0.0219 0.0017 0.0001 1.0000 1.0000 0.0872 0.0067 0.0005 1.0000 1.0000 0.3527 0.0270 0.0021 0.0002 1.0000 1.0000 0.1095 0.0084 0.0006 0.0000 1.0000 0.4448 0.0341 0.0026 0.0002 1.0000
0.0002 0.0028 0.0363 0.4745 1.0000 0.0001 0.0007 0.0089 0.1168 1.0000 1.0000 0.0002 0.0022 0.0288 0.3762 1.0000 1.0000 0.0005 0.0071 0.0928 1.0000 1.0000 0.0001 0.0018 0.0231 0.3035 1.0000 1.0000 0.0004 0.0059 0.0785 1.0000 1.0000 0.0001 0.0016 0.0213 0.2867 1.0000 1.0000 0.0005 0.0062 0.0841 1.0000 1.0000 0.0001 0.0019 0.0260 0.3547 1.0000 1.0000 0.0002 1.0000 1.0000 0.3547 0.0260 0.0019 0.0001 1.0000 1.0000 0.0841 0.0062 0.0005 1.0000 1.0000 0.2867 0.0213 0.0016 0.0001 1.0000 1.0000 0.0785 0.0059 0.0004 1.0000 1.0000 0.3035 0.0231 0.0018 0.0001 1.0000 1.0000 0.0928 0.0071 0.0005 1.0000 1.0000 0.3762 0.0288 0.0022 0.0002 1.0000 1.0000 0.1168 0.0089 0.0007 0.0001 1.0000 0.4745 0.0363 0.0028 0.0002
0.0028 0.0387 0.5052 1.0000 0.0001 0.0007 0.0095 0.1246 1.0000 1.0000 0.0002 0.0023 0.0307 0.4014 1.0000 0.0000 0.0006 0.0076 0.0988 1.0000 1.0000 0.0001 0.0019 0.0245 0.3207 1.0000 1.0000 0.0005 0.0062 0.0819 1.0000 1.0000 0.0001 0.0016 0.0218 0.2910 1.0000 1.0000 0.0005 0.0062 0.0833 1.0000 1.0000 0.0001 0.0018 0.0253 0.3454 1.0000 1.0000 0.0005 0.0025 0.0005 1.0000 1.0000 0.3454 0.0253 0.0018 0.0001 1.0000 1.0000 0.0833 0.0062 0.0005 1.0000 1.0000 0.2910 0.0218 0.0016 0.0001 1.0000 1.0000 0.0819 0.0062 0.0005 1.0000 1.0000 0.3207 0.0245 0.0019 0.0001 1.0000 1.0000 0.0988 0.0076 0.0006 0.0000 1.0000 0.4014 0.0307 0.0023 0.0002 1.0000 1.0000 0.1246 0.0095 0.0007 0.0001 1.0000 0.5052 0.0387 0.0028
0.0392 0.5390 1.0000 0.0001 0.0008 0.0102 0.1329 1.0000 1.0000 0.0002 0.0025 0.0327 0.4274 1.0000 0.0000 0.0006 0.0081 0.1054 1.0000 1.0000 0.0002 0.0020 0.0260 0.3402 1.0000 1.0000 0.0005 0.0065 0.0858 1.0000 1.0000 0.0001 0.0017 0.0224 0.2983 1.0000 1.0000 0.0005 0.0062 0.0833 1.0000 1.0000 0.0001 0.0018 0.0247 0.3369 1.0000 1.0000 0.0005 0.0063 0.0330 0.0063 0.0005 1.0000 1.0000 0.3369 0.0247 0.0018 0.0001 1.0000 1.0000 0.0833 0.0062 0.0005 1.0000 1.0000 0.2983 0.0224 0.0017 0.0001 1.0000 1.0000 0.0858 0.0065 0.0005 1.0000 1.0000 0.3402 0.0260 0.0020 0.0002 1.0000 1.0000 0.1054 0.0081 0.0006 0.0000 1.0000 0.4274 0.0327 0.0025 0.0002 1.0000 1.0000 0.1329 0.0102 0.0008 0.0001 1.0000 0.5390 0.0392
0.5462 1.0000 0.0001 0.0008 0.0108 0.1416 1.0000 1.0000 0.0002 0.0027 0.0349 0.4559 1.0000 0.0001 0.0007 0.0086 0.1125 1.0000 1.0000 0.0002 0.0021 0.0277 0.3622 1.0000 1.0000 0.0005 0.0069 0.0904 1.0000 1.0000 0.0001 0.0018 0.0233 0.3081 1.0000 1.0000 0.0005 0.0063 0.0841 1.0000 1.0000 0.0001 0.0018 0.0244 0.3312 1.0000 1.0000 0.0005 0.0071 0.0842 0.4372 0.0842 0.0071 0.0005 1.0000 1.0000 0.3312 0.0244 0.0018 0.0001 1.0000 1.0000 0.0841 0.0063 0.0005 1.0000 1.0000 0.3081 0.0233 0.0018 0.0001 1.0000 1.0000 0.0904 0.0069 0.0005 1.0000 1.0000 0.3622 0.0277 0.0021 0.0002 1.0000 1.0000 0.1125 0.0086 0.0007 0.0001 1.0000 0.4559 0.0349 0.0027 0.0002 1.0000 1.0000 0.1416 0.0108 0.0008 0.0001 1.0000 0.5462
1.0000 0.0001 0.0009 0.0116 0.1510 1.0000 1.0000 0.0002 0.0028 0.0372 0.4864 1.0000 0.0001 0.0007 0.0092 0.1197 1.0000 1.0000 0.0002 0.0023 0.0295 0.3857 1.0000 0.0000 0.0006 0.0073 0.0957 1.0000 1.0000 0.0001 0.0018 0.0243 0.3207 1.0000 1.0000 0.0005 0.0064 0.0857 1.0000 1.0000 0.0001 0.0018 0.0242 0.3287 1.0000 1.0000 0.0005 0.0072 0.0951 1.0000 1.0000 1.0000 0.0951 0.0072 0.0005 1.0000 1.0000 0.3293 0.0243 0.0018 0.0001 1.0000 1.0000 0.0857 0.0064 0.0005 1.0000 1.0000 0.3207 0.0243 0.0018 0.0001 1.0000 1.0000 0.0957 0.0073 0.0006 0.0000 1.0000 0.3857 0.0295 0.0023 0.0002 1.0000 1.0000 0.1197 0.0092 0.0007 0.0001 1.0000 0.4864 0.0372 0.0028 0.0002 1.0000 1.0000 0.1510 0.0116 0.0009 0.0001 1.0000
0.0001 0.0009 0.0123 0.1611 1.0000 1.0000 0.0002 0.0030 0.0397 0.5189 1.0000 0.0001 0.0007 0.0098 0.1277 1.0000 1.0000 0.0002 0.0024 0.0315 0.4114 1.0000 0.0000 0.0006 0.0078 0.1017 1.0000 1.0000 0.0001 0.0019 0.0256 0.3363 1.0000 1.0000 0.0005 0.0066 0.0882 1.0000 1.0000 0.0001 0.0018 0.0244 0.3287 1.0000 1.0000 0.0005 0.0071 0.0949 1.0000 1.0000 0.0001 1.0000 1.0000 0.0981 0.0073 0.0005 1.0000 1.0000 0.3369 0.0245 0.0018 0.0001 1.0000 1.0000 0.0882 0.0066 0.0005 1.0000 1.0000 0.3363 0.0256 0.0019 0.0001 1.0000 1.0000 0.1017 0.0078 0.0006 0.0000 1.0000 0.4114 0.0315 0.0024 0.0002 1.0000 1.0000 0.1277 0.0098 0.0007 0.0001 1.0000 0.5189 0.0397 0.0030 0.0002 1.0000 1.0000 0.1611 0.0123 0.0009 0.0001
0.0010 0.0131 0.1715 1.0000 1.0000 0.0002 0.0032 0.0423 0.5525 1.0000 0.0001 0.0008 0.0104 0.1363 1.0000 1.0000 0.0002 0.0026 0.0335 0.4381 1.0000 0.0000 0.0006 0.0083 0.1081 1.0000 1.0000 0.0002 0.0021 0.0270 0.3540 1.0000 1.0000 0.0005 0.0069 0.0914 1.0000 1.0000 0.0001 0.0018 0.0247 0.3312 1.0000 1.0000 0.0005 0.0073 0.0949 1.0000 1.0000 0.0001 0.0007 0.0001 1.0000 1.0000 0.1015 0.0072 0.0005 1.0000 1.0000 0.3325 0.0247 0.0018 0.0001 1.0000 1.0000 0.0914 0.0069 0.0005 1.0000 1.0000 0.3540 0.0270 0.0021 0.0002 1.0000 1.0000 0.1081 0.0083 0.0006 0.0000 1.0000 0.4381 0.0335 0.0026 0.0002 1.0000 1.0000 0.1363 0.0104 0.0008 0.0001 1.0000 0.5525 0.0423 0.0032 0.0002 1.0000 1.0000 0.1715 0.0131 0.0010
0.0133 0.1830 1.0000 1.0000 0.0003 0.0035 0.0451 0.5894 1.0000 0.0001 0.0009 0.0111 0.1451 1.0000 1.0000 0.0002 0.0027 0.0358 0.4673 1.0000 0.0001 0.0007 0.0088 0.1151 1.0000 1.0000 0.0002 0.0022 0.0285 0.3741 1.0000 0.0000 0.0005 0.0072 0.0953 1.0000 1.0000 0.0001 0.0019 0.0253 0.3369 1.0000 1.0000 0.0005 0.0072 0.0964 1.0000 1.0000 0.0001 0.0017 0.0089 0.0017 0.0001 1.0000 1.0000 0.0944 0.0071 0.0005 1.0000 1.0000 0.3376 0.0253 0.0019 0.0001 1.0000 1.0000 0.0953 0.0072 0.0005 0.0000 1.0000 0.3741 0.0285 0.0022 0.0002 1.0000 1.0000 0.1151 0.0088 0.0007 0.0001 1.0000 0.4673 0.0358 0.0027 0.0002 1.0000 1.0000 0.1451 0.0111 0.0009 0.0001 1.0000 0.5894 0.0451 0.0035 0.0003 1.0000 1.0000 0.1830 0.0133
0.1847 1.0000 1.0000 0.0003 0.0037 0.0480 0.6264 1.0000 0.0001 0.0009 0.0118 0.1542 1.0000 1.0000 0.0002 0.0029 0.0380 0.4967 1.0000 0.0001 0.0007 0.0094 0.1225 1.0000 1.0000 0.0002 0.0023 0.0303 0.3961 1.0000 0.0000 0.0006 0.0076 0.0998 1.0000 1.0000 0.0001 0.0020 0.0260 0.3454 1.0000 1.0000 0.0005 0.0072 0.0953 1.0000 1.0000 0.0001 0.0020 0.0233 0.1191 0.0236 0.0020 0.0002 1.0000 1.0000 0.0977 0.0072 0.0005 1.0000 1.0000 0.3460 0.0260 0.0020 0.0001 1.0000 1.0000 0.0998 0.0076 0.0006 0.0000 1.0000 0.3961 0.0303 0.0023 0.0002 1.0000 1.0000 0.1225 0.0094 0.0007 0.0001 1.0000 0.4967 0.0380 0.0029 0.0002 1.0000 1.0000 0.1542 0.0118 0.0009 0.0001 1.0000 0.6264 0.0480 0.0037 0.0003 1.0000 1.0000 0.1847
1.0000 1.0000 0.0003 0.0039 0.0506 0.6619 1.0000 0.0001 0.0010 0.0125 0.1629 1.0000 1.0000 0.0002 0.0031 0.0402 0.5248 1.0000 0.0001 0.0008 0.0099 0.1292 1.0000 1.0000 0.0002 0.0024 0.0319 0.4169 1.0000 0.0000 0.0006 0.0080 0.1042 1.0000 1.0000 0.0002 0.0020 0.0268 0.3547 1.0000 1.0000 0.0005 0.0072 0.0942 1.0000 1.0000 0.0002 0.0020 0.0261 0.3046 1.0000 0.3164 0.0273 0.0021 0.0002 1.0000 1.0000 0.0955 0.0071 0.0005 1.0000 1.0000 0.3547 0.0268 0.0020 0.0002 1.0000 1.0000 0.1042 0.0080 0.0006 0.0000 1.0000 0.4169 0.0319 0.0024 0.0002 1.0000 1.0000 0.1292 0.0099 0.0008 0.0001 1.0000 0.5248 0.0402 0.0031 0.0002 1.0000 1.0000 0.1629 0.0125 0.0010 0.0001 1.0000 0.6619 0.0506 0.0039 0.0003 1.0000 1.0000
1.0000 0.0003 0.0040 0.0521 0.6797 1.0000 0.0001 0.0010 0.0128 0.1673 1.0000 1.0000 0.0002 0.0032 0.0413 0.5390 1.0000 0.0001 0.0008 0.0102 0.1329 1.0000 1.0000 0.0002 0.0025 0.0327 0.4282 1.0000 0.0000 0.0006 0.0081 0.1064 1.0000 1.0000 0.0002 0.0021 0.0270 0.3567 1.0000 1.0000 0.0005 0.0071 0.0948 1.0000 1.0000 0.0001 0.0020 0.0261 0.3428 1.0000 1.0000 1.0000 0.3527 0.0270 0.0020 0.0002 1.0000 1.0000 0.0966 0.0071 0.0005 1.0000 1.0000 0.3567 0.0270 0.0021 0.0002 1.0000 1.0000 0.1064 0.0081 0.0006 0.0000 1.0000 0.4282 0.0327 0.0025 0.0002 1.0000 1.0000 0.1329 0.0102 0.0008 0.0001 1.0000 0.5390 0.0413 0.0032 0.0002 1.0000 1.0000 0.1673 0.0128 0.0010 0.0001 1.0000 0.6797 0.0521 0.0040 0.0003 1.0000
0.0003 0.0036 0.0476 0.6216 1.0000 0.0001 0.0009 0.0117 0.1533 1.0000 1.0000 0.0002 0.0029 0.0377 0.4938 1.0000 0.0001 0.0007 0.0093 0.1216 1.0000 1.0000 0.0002 0.0023 0.0300 0.3916 1.0000 0.0000 0.0006 0.0074 0.0970 1.0000 1.0000 0.0001 0.0019 0.0244 0.3213 1.0000 1.0000 0.0005 0.0063 0.0842 1.0000 1.0000 0.0001 0.0018 0.0236 0.3058 1.0000 1.0000 0.0002 1.0000 1.0000 0.3087 0.0237 0.0018 0.0001 1.0000 1.0000 0.0842 0.0063 0.0005 1.0000 1.0000 0.3213 0.0244 0.0019 0.0001 1.0000 1.0000 0.0970 0.0074 0.0006 0.0000 1.0000 0.3916 0.0300 0.0023 0.0002 1.0000 1.0000 0.1216 0.0093 0.0007 0.0001 1.0000 0.4938 0.0377 0.0029 0.0002 1.0000 1.0000 0.1533 0.0117 0.0009 0.0001 1.0000 0.6216 0.0476 0.0036 0.0003
0.0014 0.0191 0.2495 1.0000 1.0000 0.0004 0.0047 0.0614 0.8020 1.0000 0.0001 0.0012 0.0151 0.1975 1.0000 1.0000 0.0003 0.0037 0.0487 0.6360 1.0000 0.0001 0.0009 0.0120 0.1569 1.0000 1.0000 0.0002 0.0030 0.0388 0.5072 1.0000 0.0001 0.0007 0.0097 0.1275 1.0000 1.0000 0.0002 0.0025 0.0330 0.4372 1.0000 0.0000 0.0006 0.0090 0.1204 1.0000 1.0000 0.0002 0.0008 0.0002 1.0000 1.0000 0.1202 0.0091 0.0007 0.0001 1.0000 0.4364 0.0330 0.0025 0.0002 1.0000 1.0000 0.1275 0.0097 0.0007 0.0001 1.0000 0.5072 0.0388 0.0030 0.0002 1.0000 1.0000 0.1569 0.0120 0.0009 0.0001 1.0000 0.6360 0.0487 0.0037 0.0003 1.0000 1.0000 0.1975 0.0151 0.0012 0.0001 1.0000 0.8020 0.0614 0.0047 0.0004 1.0000 1.0000 0.2495 0.0191 0.0014
0.0003 0.0036 0.0476 0.6216 1.0000 0.0001 0.0009 0.0117 0.1533 1.0000 1.0000 0.0002 0.0029 0.0377 0.4938 1.0000 0.0001 0.0007 0.0093 0.1216 1.0000 1.0000 0.0002 0.0023 0.0300 0.3916 1.0000 0.0000 0.0006 0.0074 0.0970 1.0000 1.0000 0.0001 0.0019 0.0244 0.3213 1.0000 1.0000 0.0005 0.0063 0.0842 1.0000 1.0000 0.0001 0.0017 0.0232 0.3164 1.0000 1.0000 0.0002 1.0000 1.0000 0.3087 0.0231 0.0017 0.0001 1.0000 1.0000 0.0839 0.0063 0.0005 1.0000 1.0000 0.3213 0.0244 0.0019 0.0001 1.0000 1.0000 0.0970 0.0074 0.0006 0.0000 1.0000 0.3916 0.0300 0.0023 0.0002 1.0000 1.0000 0.1216 0.0093 0.0007 0.0001 1.0000 0.4938 0.0377 0.0029 0.0002 1.0000 1.0000 0.1533 0.0117 0.0009 0.0001 1.0000 0.6216 0.0476 0.0036 0.0003
1.0000 0.0003 0.0040 0.0521 0.6797 1.0000 0.0001 0.0010 0.0128 0.1673 1.0000 1.0000 0.0002 0.0032 0.0413 0.5390 1.0000 0.0001 0.0008 0.0102 0.1329 1.0000 1.0000 0.0002 0.0025 0.0327 0.4282 1.0000 0.0000 0.0006 0.0081 0.1064 1.0000 1.0000 0.0002 0.0021 0.0270 0.3567 1.0000 1.0000 0.0005 0.0071 0.0948 1.0000 1.0000 0.0001 0.0020 0.0265 0.3421 1.0000 1.0000 1.0000 0.3428 0.0264 0.0020 0.0001 1.0000 1.0000 0.0937 0.0071 0.0005 1.0000 1.0000 0.3567 0.0270 0.0021 0.0002 1.0000 1.0000 0.1064 0.0081 0.0006 0.0000 1.0000 0.4282 0.0327 0.0025 0.0002 1.0000 1.0000 0.1329 0.0102 0.0008 0.0001 1.0000 0.5390 0.0413 0.0032 0.0002 1.0000 1.0000 0.1673 0.0128 0.0010 0.0001 1.0000 0.6797 0.0521 0.0040 0.0003 1.0000
1.0000 1.0000 0.0003 0.0039 0.0506 0.6619 1.0000 0.0001 0.0010 0.0125 0.1629 1.0000 1.0000 0.0002 0.0031 0.0402 0.5248 1.0000 0.0001 0.0008 0.0099 0.1292 1.0000 1.0000 0.0002 0.0024 0.0319 0.4169 1.0000 0.0000 0.0006 0.0080 0.1042 1.0000 1.0000 0.0002 0.0020 0.0268 0.3547 1.0000 1.0000 0.0005 0.0072 0.0959 1.0000 1.0000 0.0002 0.0020 0.0261 0.3035 1.0000 0.3099 0.0267 0.0020 0.0002 1.0000 1.0000 0.0946 0.0071 0.0005 1.0000 1.0000 0.3547 0.0268 0.0020 0.0002 1.0000 1.0000 0.1042 0.0080 0.0006 0.0000 1.0000 0.4169 0.0319 0.0024 0.0002 1.0000 1.0000 0.1292 0.0099 0.0008 0.0001 1.0000 0.5248 0.0402 0.0031 0.0002 1.0000 1.0000 0.1629 0.0125 0.0010 0.0001 1.0000 0.6619 0.0506 0.0039 0.0003 1.0000 1.0000
0.1847 1.0000 1.0000 0.0003 0.0037 0.0480 0.6264 1.0000 0.0001 0.0009 0.0118 0.1542 1.0000 1.0000 0.0002 0.0029 0.0380 0.4967 1.0000 0.0001 0.0007 0.0094 0.1225 1.0000 1.0000 0.0002 0.0023 0.0303 0.3961 1.0000 0.0000 0.0006 0.0076 0.0998 1.0000 1.0000 0.0001 0.0020 0.0260 0.3454 1.0000 1.0000 0.0005 0.0072 0.0932 1.0000 1.0000 0.0002 0.0020 0.0232 0.1211 0.0230 0.0020 0.0001 1.0000 1.0000 0.0979 0.0072 0.0005 1.0000 1.0000 0.3454 0.0260 0.0020 0.0001 1.0000 1.0000 0.0998 0.0076 0.0006 0.0000 1.0000 0.3961 0.0303 0.0023 0.0002 1.0000 1.0000 0.1225 0.0094 0.0007 0.0001 1.0000 0.4967 0.0380 0.0029 0.0002 1.0000 1.0000 0.1542 0.0118 0.0009 0.0001 1.0000 0.6264 0.0480 0.0037 0.0003 1.0000 1.0000 0.1847
0.0133 0.1830 1.0000 1.0000 0.0003 0.0035 0.0451 0.5894 1.0000 0.0001 0.0009 0.0111 0.1451 1.0000 1.0000 0.0002 0.0027 0.0358 0.4673 1.0000 0.0001 0.0007 0.0088 0.1151 1.0000 1.0000 0.0002 0.0022 0.0285 0.3741 1.0000 0.0000 0.0005 0.0072 0.0953 1.0000 1.0000 0.0001 0.0019 0.0253 0.3369 1.0000 1.0000 0.0005 0.0071 0.0962 1.0000 1.0000 0.0001 0.0017 0.0090 0.0017 0.0002 1.0000 1.0000 0.0962 0.0072 0.0005 1.0000 1.0000 0.3369 0.0253 0.0019 0.0001 1.0000 1.0000 0.0953 0.0072 0.0005 0.0000 1.0000 0.3741 0.0285 0.0022 0.0002 1.0000 1.0000 0.1151 0.0088 0.0007 0.0001 1.0000 0.4673 0.0358 0.0027 0.0002 1.0000 1.0000 0.1451 0.0111 0.0009 0.0001 1.0000 0.5894 0.0451 0.0035 0.0003 1.0000 1.0000 0.1830 0.0133
