-19.1213 -33.7772 -42.6783 -26.5697 20.9928 -5.2429 -29.4012 -39.6050 -43.6651 9.7929 32.1128 -23.3782 -35.6953 -43.6604 -9.3072 25.8289 -14.2846 -31.3939 -41.1106 -39.9193 14.6975 21.3378 -26.2396 -37.4807 -44.3072 1.9754 30.4572 -19.0740 -33.3184 -42.4017 -30.4156 19.7463 -0.9932 -28.8495 -39.1677 -44.0801 8.3597 32.6626 -22.5349 -35.1907 -43.4297 -13.8450 24.4904 -12.4684 -30.8528 -40.7149 -41.4123 13.2157 27.4617 -24.2804 -32.3323 -24.2804 27.4617 13.2157 -41.4123 -40.7149 -30.8528 -12.4684 24.4904 -13.8450 -43.4297 -35.1907 -22.5349 32.6626 8.3597 -44.0801 -39.1677 -28.8495 -0.9932 19.7463 -30.4156 -42.4017 -33.3184 -19.0740 30.4572 1.9754 -44.3072 -37.4807 -26.2396 21.3378 14.6975 -39.9193 -41.1106 -31.3939 -14.2846 25.8289 -9.3072 -43.6604 -35.6953 -23.3782 32.1128 9.7929 -43.6651 -39.6050 -29.4012 -5.2429 20.9928 -26.5697 -42.6783 -33.7772 -19.1213
-33.7772 -44.1339 -27.0398 20.8609 -3.5469 -31.0976 -41.1145 -44.7766 9.6790 32.9921 -24.0634 -37.2632 -44.9839 -9.9140 25.5215 -13.8605 -33.0298 -42.5796 -40.9690 14.5288 24.3233 -27.3864 -39.0237 -45.5192 1.7707 30.2529 -19.2205 -34.9195 -43.8179 -31.4357 19.5106 1.6128 -30.5510 -40.6819 -45.2153 8.2392 33.1749 -23.1033 -36.7663 -44.7785 -14.6051 24.2051 -11.8047 -32.5001 -42.1953 -42.4550 13.1802 28.6443 -26.1680 -37.9543 -44.1560 -37.9543 -26.1680 28.6443 13.1802 -42.4550 -42.1953 -32.5001 -11.8047 24.2051 -14.6051 -44.7785 -36.7663 -23.1033 33.1749 8.2392 -45.2153 -40.6819 -30.5510 1.6128 19.5106 -31.4357 -43.8179 -34.9195 -19.2205 30.2529 1.7707 -45.5192 -39.0237 -27.3864 24.3233 14.5288 -40.9690 -42.5796 -33.0298 -13.8605 25.5215 -9.9140 -44.9839 -37.2632 -24.0634 32.9921 9.6790 -44.7766 -41.1145 -31.0976 -3.5469 20.8609 -27.0398 -44.1339 -33.7772
-42.6783 -27.0398 20.6211 -2.1970 -30.8988 -40.9320 -44.9921 9.0222 33.1590 -23.6066 -37.0215 -44.8833 -12.1460 24.8572 -12.8978 -32.7695 -42.3909 -41.7416 13.8739 26.4763 -26.9425 -38.7889 -45.4632 0.6182 29.6351 -18.6148 -34.6656 -43.6644 -33.1806 18.7921 4.6044 -30.2073 -40.4652 -45.3598 7.4960 33.0511 -22.6202 -36.5184 -44.6646 -17.0583 23.5447 -10.6264 -32.2383 -41.9993 -43.0382 12.5531 29.8587 -25.9574 -38.1693 -45.7354 -38.7794 -45.7354 -38.1693 -25.9574 29.8587 12.5531 -43.0382 -41.9993 -32.2383 -10.6264 23.5447 -17.0583 -44.6646 -36.5184 -22.6202 33.0511 7.4960 -45.3598 -40.4652 -30.2073 4.6044 18.7921 -33.1806 -43.6644 -34.6656 -18.6148 29.6351 0.6182 -45.4632 -38.7889 -26.9425 26.4763 13.8739 -41.7416 -42.3909 -32.7695 -12.8978 24.8572 -12.1460 -44.8833 -37.0215 -23.6066 33.1590 9.0222 -44.9921 -40.9320 -30.8988 -2.1970 20.6211 -27.0398 -42.6783
-26.5697 20.8609 -2.1970 -30.8210 -40.8196 -45.1285 8.4706 33.1843 -23.1798 -36.7922 -44.7820 -14.4388 24.2219 -11.8507 -32.5100 -42.1995 -42.4233 13.2277 28.2792 -26.4981 -38.5543 -45.4044 -0.6366 29.0035 -17.9827 -34.4125 -43.5083 -34.7690 18.0960 7.8375 -29.7754 -40.2455 -45.4683 6.7268 32.8144 -22.1272 -36.2699 -44.5463 -19.5407 22.9040 -9.3102 -31.9766 -41.8011 -43.5487 11.9087 30.9626 -25.5684 -38.0352 -45.2841 -9.3730 15.0039 -9.3730 -45.2841 -38.0352 -25.5684 30.9626 11.9087 -43.5487 -41.8011 -31.9766 -9.3102 22.9040 -19.5407 -44.5463 -36.2699 -22.1272 32.8144 6.7268 -45.4683 -40.2455 -29.7754 7.8375 18.0960 -34.7690 -43.5083 -34.4125 -17.9827 29.0035 -0.6366 -45.4044 -38.5543 -26.4981 28.2792 13.2277 -42.4233 -42.1995 -32.5100 -11.8507 24.2219 -14.4388 -44.7820 -36.7922 -23.1798 33.1843 8.4706 -45.1285 -40.8196 -30.8210 -2.1970 20.8609 -26.5697
20.9928 -3.5469 -30.8988 -40.8196 -45.1746 8.1436 33.1407 -22.8310 -36.5945 -44.6866 -16.6401 23.6237 -10.7333 -32.2564 -42.0084 -43.0119 12.5866 29.7468 -26.0534 -38.3192 -45.3404 -2.0090 28.3652 -17.3209 -34.1577 -43.3452 -36.2106 17.4113 11.2167 -29.3289 -40.0223 -45.5412 5.9193 32.4809 -21.6207 -36.0214 -44.4240 -21.9875 22.2698 -7.8294 -31.7150 -41.6016 -43.9861 11.2566 31.8326 -25.1360 -37.8217 -45.1897 -6.6803 24.4965 24.4102 24.4965 -6.6803 -45.1897 -37.8217 -25.1360 31.8326 11.2566 -43.9861 -41.6016 -31.7150 -7.8294 22.2698 -21.9875 -44.4240 -36.0214 -21.6207 32.4809 5.9193 -45.5412 -40.0223 -29.3289 11.2167 17.4113 -36.2106 -43.3452 -34.1577 -17.3209 28.3652 -2.0090 -45.3404 -38.3192 -26.0534 29.7468 12.5866 -43.0119 -42.0084 -32.2564 -10.7333 23.6237 -16.6401 -44.6866 -36.5945 -22.8310 33.1407 8.1436 -45.1746 -40.8196 -30.8988 -3.5469 20.9928
-5.2429 -31.0976 -40.9320 -45.1285 8.1436 33.1132 -22.6318 -36.4557 -44.6059 -18.5283 23.0973 -9.6069 -32.0187 -41.8228 -43.5060 11.9567 30.8934 -25.6104 -38.0820 -45.2691 -3.5255 27.7189 -16.6198 -33.9009 -43.1763 -37.5134 16.7361 14.5979 -28.8826 -39.7983 -45.5812 5.0719 32.0684 -21.1022 -35.7731 -44.2968 -24.3489 21.6436 -6.1519 -31.4519 -41.3971 -44.3592 10.5938 32.4683 -24.6865 -37.5884 -45.1050 -7.5252 25.8827 -11.9175 -27.5193 -11.9175 25.8827 -7.5252 -45.1050 -37.5884 -24.6865 32.4683 10.5938 -44.3592 -41.3971 -31.4519 -6.1519 21.6436 -24.3489 -44.2968 -35.7731 -21.1022 32.0684 5.0719 -45.5812 -39.7983 -28.8826 14.5979 16.7361 -37.5134 -43.1763 -33.9009 -16.6198 27.7189 -3.5255 -45.2691 -38.0820 -25.6104 30.8934 11.9567 -43.5060 -41.8228 -32.0187 -9.6069 23.0973 -18.5283 -44.6059 -36.4557 -22.6318 33.1132 8.1436 -45.1285 -40.9320 -31.0976 -5.2429
-29.4012 -41.1145 -44.9921 8.4706 33.1407 -22.6318 -36.4047 -44.5591 -19.8207 22.6900 -8.5842 -31.8104 -41.6519 -43.9042 11.3543 31.7431 -25.1775 -37.8478 -45.1924 -5.1876 27.0683 -15.8721 -33.6443 -43.0049 -38.6779 16.0733 17.8161 -28.4391 -39.5733 -45.5915 4.1782 31.5923 -20.5708 -35.5227 -44.1619 -26.6042 21.0208 -4.2266 -31.1868 -41.1883 -44.6736 9.9163 32.8899 -24.2266 -37.3484 -45.0153 -9.2704 25.6021 -13.4747 -32.2778 -38.9680 -32.2778 -13.4747 25.6021 -9.2704 -45.0153 -37.3484 -24.2266 32.8899 9.9163 -44.6736 -41.1883 -31.1868 -4.2266 21.0208 -26.6042 -44.1619 -35.5227 -20.5708 31.5923 4.1782 -45.5915 -39.5733 -28.4391 17.8161 16.0733 -38.6779 -43.0049 -33.6443 -15.8721 27.0683 -5.1876 -45.1924 -37.8478 -25.1775 31.7431 11.3543 -43.9042 -41.6519 -31.8104 -8.5842 22.6900 -19.8207 -44.5591 -36.4047 -22.6318 33.1407 8.4706 -44.9921 -41.1145 -29.4012
-39.6050 -44.7766 9.0222 33.1843 -22.8310 -36.4557 -44.5591 -20.2807 22.4694 -7.8458 -31.6527 -41.5100 -44.2070 10.8092 32.3340 -24.7673 -37.6233 -45.1137 -6.9623 26.4297 -15.0832 -33.3885 -42.8289 -39.7129 15.4211 20.7625 -27.9986 -39.3447 -45.5748 3.2226 31.0616 -20.0207 -35.2704 -44.0204 -28.7309 20.3996 -2.0054 -30.9214 -40.9783 -44.9328 9.2260 33.1214 -23.7613 -37.1058 -44.9196 -11.3666 25.0489 -13.0508 -32.6644 -42.2710 -46.7576 -42.2710 -32.6644 -13.0508 25.0489 -11.3666 -44.9196 -37.1058 -23.7613 33.1214 9.2260 -44.9328 -40.9783 -30.9214 -2.0054 20.3996 -28.7309 -44.0204 -35.2704 -20.0207 31.0616 3.2226 -45.5748 -39.3447 -27.9986 20.7625 15.4211 -39.7129 -42.8289 -33.3885 -15.0832 26.4297 -6.9623 -45.1137 -37.6233 -24.7673 32.3340 10.8092 -44.2070 -41.5100 -31.6527 -7.8458 22.4694 -20.2807 -44.5591 -36.4557 -22.8310 33.1843 9.0222 -44.7766 -39.6050
-43.6651 9.6790 33.1590 -23.1798 -36.5945 -44.6059 -19.8207 22.4694 -7.5733 -31.5687 -41.4162 -44.4085 10.3640 32.7036 -24.3997 -37.4164 -45.0339 -8.7994 25.8183 -14.2627 -33.1380 -42.6507 -40.6275 14.7735 23.3922 -27.5576 -39.1129 -45.5357 2.1920 30.4856 -19.4484 -35.0182 -43.8756 -30.7011 19.7601 0.5321 -30.6560 -40.7666 -45.1419 8.5204 33.1884 -23.2910 -36.8612 -44.8171 -13.6693 24.4298 -12.1686 -32.5490 -42.2098 -43.8413 -2.3010 -43.8413 -42.2098 -32.5490 -12.1686 24.4298 -13.6693 -44.8171 -36.8612 -23.2910 33.1884 8.5204 -45.1419 -40.7666 -30.6560 0.5321 19.7601 -30.7011 -43.8756 -35.0182 -19.4484 30.4856 2.1920 -45.5357 -39.1129 -27.5576 23.3922 14.7735 -40.6275 -42.6507 -33.1380 -14.2627 25.8183 -8.7994 -45.0339 -37.4164 -24.3997 32.7036 10.3640 -44.4085 -41.4162 -31.5687 -7.5733 22.4694 -19.8207 -44.6059 -36.5945 -23.1798 33.1590 9.6790 -43.6651
9.7929 32.9921 -23.6066 -36.7922 -44.6866 -18.5283 22.6900 -7.8458 -31.5687 -41.3838 -44.5064 10.0713 32.9028 -24.1059 -37.2410 -44.9592 -10.6000 25.2508 -13.4280 -32.8976 -42.4762 -41.4189 14.1391 25.6558 -27.1164 -38.8811 -45.4849 1.0799 29.8788 -18.8543 -34.7662 -43.7266 -32.5072 19.0742 3.3871 -30.3507 -40.5504 -45.3064 7.7904 33.1145 -22.8115 -36.6141 -44.7075 -16.0987 23.7927 -11.0825 -32.3263 -42.0580 -43.2215 10.6012 26.6274 10.6012 -43.2215 -42.0580 -32.3263 -11.0825 23.7927 -16.0987 -44.7075 -36.6141 -22.8115 33.1145 7.7904 -45.3064 -40.5504 -30.3507 3.3871 19.0742 -32.5072 -43.7266 -34.7662 -18.8543 29.8788 1.0799 -45.4849 -38.8811 -27.1164 25.6558 14.1391 -41.4189 -42.4762 -32.8976 -13.4280 25.2508 -10.6000 -44.9592 -37.2410 -24.1059 32.9028 10.0713 -44.5064 -41.3838 -31.5687 -7.8458 22.6900 -18.5283 -44.6866 -36.7922 -23.6066 32.9921 9.7929
32.1128 -24.0634 -37.0215 -44.7820 -16.6401 23.0973 -8.5842 -31.6527 -41.4162 -44.5064 9.9691 32.9858 -23.9131 -37.1125 -44.8968 -12.1947 24.7548 -12.6152 -32.6753 -42.3081 -42.0825 13.5373 27.5180 -26.6855 -38.6512 -45.4288 -0.1246 29.2550 -18.2363 -34.5125 -43.5703 -34.1606 18.3686 6.5374 -29.9521 -40.3305 -45.4304 7.0302 32.9189 -22.3206 -36.3671 -44.5935 -18.5717 23.1530 -9.8403 -32.0768 -41.8744 -43.4527 11.6189 32.9361 -15.4142 32.9361 11.6189 -43.4527 -41.8744 -32.0768 -9.8403 23.1530 -18.5717 -44.5935 -36.3671 -22.3206 32.9189 7.0302 -45.4304 -40.3305 -29.9521 6.5374 18.3686 -34.1606 -43.5703 -34.5125 -18.2363 29.2550 -0.1246 -45.4288 -38.6512 -26.6855 27.5180 13.5373 -42.0825 -42.3081 -32.6753 -12.6152 24.7548 -12.1947 -44.8968 -37.1125 -23.9131 32.9858 9.9691 -44.5064 -41.4162 -31.6527 -8.5842 23.0973 -16.6401 -44.7820 -37.0215 -24.0634 32.1128
-23.3782 -37.2632 -44.8833 -14.4388 23.6237 -9.6069 -31.8104 -41.5100 -44.4085 10.0713 32.9858 -23.8444 -37.0444 -44.8542 -13.3799 24.3655 -11.8923 -32.4823 -42.1546 -42.6214 12.9762 28.9886 -26.2749 -38.4271 -45.3683 -1.4229 28.6270 -17.5884 -34.2571 -43.4080 -35.6662 17.6757 9.8926 -29.5025 -40.1099 -45.5168 6.2393 32.6215 -21.8200 -36.1202 -44.4744 -21.0266 22.5203 -8.4363 -31.8177 -41.6794 -43.8450 11.3701 32.1186 -23.9087 -33.1930 -23.9087 32.1186 11.3701 -43.8450 -41.6794 -31.8177 -8.4363 22.5203 -21.0266 -44.4744 -36.1202 -21.8200 32.6215 6.2393 -45.5168 -40.1099 -29.5025 9.8926 17.6757 -35.6662 -43.4080 -34.2571 -17.5884 28.6270 -1.4229 -45.3683 -38.4271 -26.2749 28.9886 12.9762 -42.6214 -42.1546 -32.4823 -11.8923 24.3655 -13.3799 -44.8542 -37.0444 -23.8444 32.9858 10.0713 -44.4085 -41.5100 -31.8104 -9.6069 23.6237 -14.4388 -44.8833 -37.2632 -23.3782
-35.6953 -44.9839 -12.1460 24.2219 -10.7333 -32.0187 -41.6519 -44.2070 10.3640 32.9028 -23.9131 -37.0444 -44.8390 -14.0206 24.1163 -11.3386 -32.3306 -42.0255 -43.0426 12.4715 30.1036 -25.8910 -38.2142 -45.3058 -2.7939 28.0078 -16.9200 -34.0056 -43.2439 -37.0128 16.9993 13.2884 -29.0565 -39.8880 -45.5692 5.4127 32.2402 -21.3090 -35.8711 -44.3474 -23.4287 21.8906 -6.8406 -31.5544 -41.4767 -44.2259 10.8149 32.3711 -24.5378 -37.0453 -43.3717 -37.0453 -24.5378 32.3711 10.8149 -44.2259 -41.4767 -31.5544 -6.8406 21.8906 -23.4287 -44.3474 -35.8711 -21.3090 32.2402 5.4127 -45.5692 -39.8880 -29.0565 13.2884 16.9993 -37.0128 -43.2439 -34.0056 -16.9200 28.0078 -2.7939 -45.3058 -38.2142 -25.8910 30.1036 12.4715 -43.0426 -42.0255 -32.3306 -11.3386 24.1163 -14.0206 -44.8390 -37.0444 -23.9131 32.9028 10.3640 -44.2070 -41.6519 -32.0187 -10.7333 24.2219 -12.1460 -44.9839 -35.6953
-43.6604 -9.9140 24.8572 -11.8507 -32.2564 -41.8228 -43.9042 10.8092 32.7036 -24.1059 -37.1125 -44.8542 -14.0206 24.0305 -11.0313 -32.2328 -41.9304 -43.3431 12.0508 30.9085 -25.5469 -38.0196 -45.2426 -4.1999 27.4155 -16.2444 -33.7625 -43.0797 -38.2063 16.3421 16.5629 -28.6145 -39.6622 -45.5908 4.5374 31.7872 -20.7825 -35.6200 -44.2138 -25.7403 21.2627 -5.0086 -31.2904 -41.2703 -44.5582 10.1745 32.7720 -24.3194 -37.2916 -45.3930 -42.3706 -45.3930 -37.2916 -24.3194 32.7720 10.1745 -44.5582 -41.2703 -31.2904 -5.0086 21.2627 -25.7403 -44.2138 -35.6200 -20.7825 31.7872 4.5374 -45.5908 -39.6622 -28.6145 16.5629 16.3421 -38.2063 -43.0797 -33.7625 -16.2444 27.4155 -4.1999 -45.2426 -38.0196 -25.5469 30.9085 12.0508 -43.3431 -41.9304 -32.2328 -11.0313 24.0305 -14.0206 -44.8542 -37.1125 -24.1059 32.7036 10.8092 -43.9042 -41.8228 -32.2564 -11.8507 24.8572 -9.9140 -43.6604
-9.3072 25.5215 -12.8978 -32.5100 -42.0084 -43.5060 11.3543 32.3340 -24.3997 -37.2410 -44.8968 -13.3799 24.1163 -11.0313 -32.1983 -41.8800 -43.5191 11.7481 31.4339 -25.2626 -37.8521 -45.1822 -5.5843 26.8668 -15.5744 -33.5306 -42.9180 -39.2398 15.7087 19.5622 -28.1794 -39.4356 -45.5844 3.6032 31.2741 -20.2373 -35.3691 -44.0766 -27.9177 20.6413 -2.9099 -31.0265 -41.0627 -44.8368 9.4992 33.0542 -23.9202 -37.1600 -44.9798 -17.8033 12.8552 -17.8033 -44.9798 -37.1600 -23.9202 33.0542 9.4992 -44.8368 -41.0627 -31.0265 -2.9099 20.6413 -27.9177 -44.0766 -35.3691 -20.2373 31.2741 3.6032 -45.5844 -39.4356 -28.1794 19.5622 15.7087 -39.2398 -42.9180 -33.5306 -15.5744 26.8668 -5.5843 -45.1822 -37.8521 -25.2626 31.4339 11.7481 -43.5191 -41.8800 -32.1983 -11.0313 24.1163 -13.3799 -44.8968 -37.2410 -24.3997 32.3340 11.3543 -43.5060 -42.0084 -32.5100 -12.8978 25.5215 -9.3072
25.8289 -13.8605 -32.7695 -42.1995 -43.0119 11.9567 31.7431 -24.7673 -37.4164 -44.9592 -12.1947 24.3655 -11.3386 -32.2328 -41.8800 -43.5771 11.5907 31.7236 -25.0577 -37.7225 -45.1297 -6.8525 26.3830 -14.9349 -33.3177 -42.7637 -40.1125 15.1137 22.1651 -27.7562 -39.2126 -45.5539 2.6162 30.7191 -19.6750 -35.1183 -43.9349 -29.9407 20.0258 -0.5111 -30.7609 -40.8503 -45.0650 8.8005 33.1803 -23.4704 -36.9454 -44.8600 -14.5605 22.1191 30.3892 22.1191 -14.5605 -44.8600 -36.9454 -23.4704 33.1803 8.8005 -45.0650 -40.8503 -30.7609 -0.5111 20.0258 -29.9407 -43.9349 -35.1183 -19.6750 30.7191 2.6162 -45.5539 -39.2126 -27.7562 22.1651 15.1137 -40.1125 -42.7637 -33.3177 -14.9349 26.3830 -6.8525 -45.1297 -37.7225 -25.0577 31.7236 11.5907 -43.5771 -41.8800 -32.2328 -11.3386 24.3655 -12.1947 -44.9592 -37.4164 -24.7673 31.7431 11.9567 -43.0119 -42.1995 -32.7695 -13.8605 25.8289
-14.2846 -33.0298 -42.3909 -42.4233 12.5866 30.8934 -25.1775 -37.6233 -45.0339 -10.6000 24.7548 -11.8923 -32.3306 -41.9304 -43.5191 11.5907 31.8164 -24.9509 -37.6407 -45.0908 -7.8818 25.9889 -14.3569 -33.1298 -42.6233 -40.8346 14.5638 24.3427 -27.3541 -38.9970 -45.5090 1.5821 30.1378 -19.1017 -34.8678 -43.7864 -31.8134 19.3559 2.2226 -30.4904 -40.6341 -45.2473 8.0776 33.1587 -22.9986 -36.7087 -44.7518 -15.6348 23.5460 -6.9795 -26.1682 -6.9795 23.5460 -15.6348 -44.7518 -36.7087 -22.9986 33.1587 8.0776 -45.2473 -40.6341 -30.4904 2.2226 19.3559 -31.8134 -43.7864 -34.8678 -19.1017 30.1378 1.5821 -45.5090 -38.9970 -27.3541 24.3427 14.5638 -40.8346 -42.6233 -33.1298 -14.3569 25.9889 -7.8818 -45.0908 -37.6407 -24.9509 31.8164 11.5907 -43.5191 -41.9304 -32.3306 -11.8923 24.7548 -10.6000 -45.0339 -37.6233 -25.1775 30.8934 12.5866 -42.4233 -42.3909 -33.0298 -14.2846
-31.3939 -42.5796 -41.7416 13.2277 29.7468 -25.6104 -37.8478 -45.1137 -8.7994 25.2508 -12.6152 -32.4823 -42.0255 -43.3431 11.7481 31.7236 -24.9509 -37.6127 -45.0702 -8.5530 25.7096 -13.8914 -32.9758 -42.5005 -41.4118 14.0691 26.1064 -26.9816 -38.7935 -45.4603 0.5117 29.5536 -18.5198 -34.6202 -43.6344 -33.5151 18.6446 5.2783 -30.1272 -40.4169 -45.3866 7.3307 33.0084 -22.5133 -36.4646 -44.6404 -17.7365 23.2748 -9.3336 -31.3091 -38.0358 -31.3091 -9.3336 23.2748 -17.7365 -44.6404 -36.4646 -22.5133 33.0084 7.3307 -45.3866 -40.4169 -30.1272 5.2783 18.6446 -33.5151 -43.6344 -34.6202 -18.5198 29.5536 0.5117 -45.4603 -38.7935 -26.9816 26.1064 14.0691 -41.4118 -42.5005 -32.9758 -13.8914 25.7096 -8.5530 -45.0702 -37.6127 -24.9509 31.7236 11.7481 -43.3431 -42.0255 -32.4823 -12.6152 25.2508 -8.7994 -45.1137 -37.8478 -25.6104 29.7468 13.2277 -41.7416 -42.5796 -31.3939
-41.1106 -40.9690 13.8739 28.2792 -26.0534 -38.0820 -45.1924 -6.9623 25.8183 -13.4280 -32.6753 -42.1546 -43.0426 12.0508 31.4339 -25.0577 -37.6407 -45.0702 -8.7860 25.5655 -13.5884 -32.8677 -42.4043 -41.8457 13.6524 27.4562 -26.6475 -38.6057 -45.4109 -0.5706 28.9913 -17.9367 -34.3811 -43.4818 -35.0322 17.9639 8.5275 -29.6809 -40.1975 -45.4869 6.5566 32.7502 -22.0194 -36.2174 -44.5227 -20.1019 22.7334 -8.7171 -31.7176 -41.4766 -46.4685 -41.4766 -31.7176 -8.7171 22.7334 -20.1019 -44.5227 -36.2174 -22.0194 32.7502 6.5566 -45.4869 -40.1975 -29.6809 8.5275 17.9639 -35.0322 -43.4818 -34.3811 -17.9367 28.9913 -0.5706 -45.4109 -38.6057 -26.6475 27.4562 13.6524 -41.8457 -42.4043 -32.8677 -13.5884 25.5655 -8.7860 -45.0702 -37.6407 -25.0577 31.4339 12.0508 -43.0426 -42.1546 -32.6753 -13.4280 25.8183 -6.9623 -45.1924 -38.0820 -26.0534 28.2792 13.8739 -40.9690 -41.1106
-39.9193 14.5288 26.4763 -26.4981 -38.3192 -45.2691 -5.1876 26.4297 -14.2627 -32.8976 -42.3081 -42.6214 12.4715 30.9085 -25.2626 -37.7225 -45.0908 -8.5530 25.5655 -13.4828 -32.8116 -42.3450 -42.1322 13.3318 28.4217 -26.3652 -38.4414 -45.3624 -1.6416 28.4639 -17.3686 -34.1555 -43.3329 -36.3596 17.3154 11.7944 -29.2446 -39.9783 -45.5520 5.7460 32.3999 -21.5123 -35.9679 -44.3976 -22.5069 22.1268 -7.4009 -31.6038 -41.4784 -45.0976 -8.6518 -45.0976 -41.4784 -31.6038 -7.4009 22.1268 -22.5069 -44.3976 -35.9679 -21.5123 32.3999 5.7460 -45.5520 -39.9783 -29.2446 11.7944 17.3154 -36.3596 -43.3329 -34.1555 -17.3686 28.4639 -1.6416 -45.3624 -38.4414 -26.3652 28.4217 13.3318 -42.1322 -42.3450 -32.8116 -13.4828 25.5655 -8.5530 -45.0908 -37.7225 -25.2626 30.9085 12.4715 -42.6214 -42.3081 -32.8976 -14.2627 26.4297 -5.1876 -45.2691 -38.3192 -26.4981 26.4763 14.5288 -39.9193
14.6975 24.3233 -26.9425 -38.5543 -45.3404 -3.5255 27.0683 -15.0832 -33.1380 -42.4762 -42.0825 12.9762 30.1036 -25.5469 -37.8521 -45.1297 -7.8818 25.7096 -13.5884 -32.8116 -42.3250 -42.2733 13.1304 29.0392 -26.1486 -38.3084 -45.3196 -2.6423 27.9905 -16.8278 -33.9481 -43.1921 -37.4891 16.7101 14.8917 -28.8250 -39.7626 -45.5852 4.9032 31.9769 -20.9916 -35.7186 -44.2669 -24.8522 21.5063 -5.7349 -31.3794 -41.3299 -44.6537 8.1547 24.2386 8.1547 -44.6537 -41.3299 -31.3794 -5.7349 21.5063 -24.8522 -44.2669 -35.7186 -20.9916 31.9769 4.9032 -45.5852 -39.7626 -28.8250 14.8917 16.7101 -37.4891 -43.1921 -33.9481 -16.8278 27.9905 -2.6423 -45.3196 -38.3084 -26.1486 29.0392 13.1304 -42.2733 -42.3250 -32.8116 -13.5884 25.7096 -7.8818 -45.1297 -37.8521 -25.5469 30.1036 12.9762 -42.0825 -42.4762 -33.1380 -15.0832 27.0683 -3.5255 -45.3404 -38.5543 -26.9425 24.3233 14.6975
21.3378 -27.3864 -38.7889 -45.4044 -2.0090 27.7189 -15.8721 -33.3885 -42.6507 -41.4189 13.5373 28.9886 -25.8910 -38.0196 -45.1822 -6.8525 25.9889 -13.8914 -32.8677 -42.3450 -42.2733 13.0625 29.3407 -26.0121 -38.2156 -45.2853 -3.4961 27.5926 -16.3394 -33.7636 -43.0603 -38.4379 16.1578 17.6823 -28.4298 -39.5544 -45.5908 4.0352 31.5027 -20.4669 -35.4713 -44.1319 -27.0727 20.8863 -3.7697 -31.1264 -41.1379 -44.7846 9.2044 33.0872 -11.7892 33.0872 9.2044 -44.7846 -41.1379 -31.1264 -3.7697 20.8863 -27.0727 -44.1319 -35.4713 -20.4669 31.5027 4.0352 -45.5908 -39.5544 -28.4298 17.6823 16.1578 -38.4379 -43.0603 -33.7636 -16.3394 27.5926 -3.4961 -45.2853 -38.2156 -26.0121 29.3407 13.0625 -42.2733 -42.3450 -32.8677 -13.8914 25.9889 -6.8525 -45.1822 -38.0196 -25.8910 28.9886 13.5373 -41.4189 -42.6507 -33.3885 -15.8721 27.7189 -2.0090 -45.4044 -38.7889 -27.3864 21.3378
-26.2396 -39.0237 -45.4632 -0.6366 28.3652 -16.6198 -33.6443 -42.8289 -40.6275 14.1391 27.5180 -26.2749 -38.2142 -45.2426 -5.5843 26.3830 -14.3569 -32.9758 -42.4043 -42.1322 13.1304 29.3407 -25.9658 -38.1665 -45.2629 -4.1265 27.2855 -15.9303 -33.6074 -42.9433 -39.2108 15.6580 20.0778 -28.0618 -39.3580 -45.5745 3.1511 30.9967 -19.9390 -35.2283 -43.9942 -29.1294 20.2741 -1.4999 -30.8641 -40.9316 -44.9927 8.9242 33.2029 -22.1506 -32.2148 -22.1506 33.2029 8.9242 -44.9927 -40.9316 -30.8641 -1.4999 20.2741 -29.1294 -43.9942 -35.2283 -19.9390 30.9967 3.1511 -45.5745 -39.3580 -28.0618 20.0778 15.6580 -39.2108 -42.9433 -33.6074 -15.9303 27.2855 -4.1265 -45.2629 -38.1665 -25.9658 29.3407 13.1304 -42.1322 -42.4043 -32.9758 -14.3569 26.3830 -5.5843 -45.2426 -38.2142 -26.2749 27.5180 14.1391 -40.6275 -42.8289 -33.6443 -16.6198 28.3652 -0.6366 -45.4632 -39.0237 -26.2396
-37.4807 -45.5192 0.6182 29.0035 -17.3209 -33.9009 -43.0049 -39.7129 14.7735 25.6558 -26.6855 -38.4271 -45.3058 -4.1999 26.8668 -14.9349 -33.1298 -42.5005 -41.8457 13.3318 29.0392 -26.0121 -38.1665 -45.2552 -4.4643 27.0922 -15.6319 -33.4878 -42.8488 -39.8117 15.2273 22.0377 -27.7286 -39.1747 -45.5428 2.2769 30.4883 -19.4154 -34.9927 -43.8561 -30.9956 19.6410 1.0590 -30.6006 -40.7215 -45.1829 8.3209 33.1766 -22.8371 -36.1181 -42.5602 -36.1181 -22.8371 33.1766 8.3209 -45.1829 -40.7215 -30.6006 1.0590 19.6410 -30.9956 -43.8561 -34.9927 -19.4154 30.4883 2.2769 -45.5428 -39.1747 -27.7286 22.0377 15.2273 -39.8117 -42.8488 -33.4878 -15.6319 27.0922 -4.4643 -45.2552 -38.1665 -26.0121 29.0392 13.3318 -41.8457 -42.5005 -33.1298 -14.9349 26.8668 -4.1999 -45.3058 -38.4271 -26.6855 25.6558 14.7735 -39.7129 -43.0049 -33.9009 -17.3209 29.0035 0.6182 -45.5192 -37.4807
-44.3072 1.7707 29.6351 -17.9827 -34.1577 -43.1763 -38.6779 15.4211 23.3922 -27.1164 -38.6512 -45.3683 -2.7939 27.4155 -15.5744 -33.3177 -42.6233 -41.4118 13.6524 28.4217 -26.1486 -38.2156 -45.2629 -4.4643 27.0284 -15.4748 -33.4121 -42.7811 -40.2421 14.8875 23.5389 -27.4419 -39.0122 -45.5059 1.4204 29.9964 -18.9143 -34.7710 -43.7185 -32.6545 18.9857 3.8547 -30.2875 -40.5092 -45.3353 7.6218 33.0731 -22.6126 -36.3983 -44.9355 -44.6479 -44.9355 -36.3983 -22.6126 33.0731 7.6218 -45.3353 -40.5092 -30.2875 3.8547 18.9857 -32.6545 -43.7185 -34.7710 -18.9143 29.9964 1.4204 -45.5059 -39.0122 -27.4419 23.5389 14.8875 -40.2421 -42.7811 -33.4121 -15.4748 27.0284 -4.4643 -45.2629 -38.2156 -26.1486 28.4217 13.6524 -41.4118 -42.6233 -33.3177 -15.5744 27.4155 -2.7939 -45.3683 -38.6512 -27.1164 23.3922 15.4211 -38.6779 -43.1763 -34.1577 -17.9827 29.6351 1.7707 -44.3072
1.9754 30.2529 -18.6148 -34.4125 -43.3452 -37.5134 16.0733 20.7625 -27.5576 -38.8811 -45.4288 -1.4229 28.0078 -16.2444 -33.5306 -42.7637 -40.8346 14.0691 27.4562 -26.3652 -38.3084 -45.2853 -4.1265 27.0922 -15.4748 -33.3859 -42.7446 -40.5016 14.6481 24.5876 -27.2140 -38.8781 -45.4718 0.6169 29.5396 -18.4415 -34.5665 -43.5864 -34.0917 18.3551 6.7741 -29.8987 -40.2989 -45.4478 6.8836 32.8636 -22.1935 -36.2720 -44.5837 -26.3617 10.6564 -26.3617 -44.5837 -36.2720 -22.1935 32.8636 6.8836 -45.4478 -40.2989 -29.8987 6.7741 18.3551 -34.0917 -43.5864 -34.5665 -18.4415 29.5396 0.6169 -45.4718 -38.8781 -27.2140 24.5876 14.6481 -40.5016 -42.7446 -33.3859 -15.4748 27.0922 -4.1265 -45.2853 -38.3084 -26.3652 27.4562 14.0691 -40.8346 -42.7637 -33.5306 -16.2444 28.0078 -1.4229 -45.4288 -38.8811 -27.5576 20.7625 16.0733 -37.5134 -43.3452 -34.4125 -18.6148 30.2529 1.9754
30.4572 -19.2205 -34.6656 -43.5083 -36.2106 16.7361 17.8161 -27.9986 -39.1129 -45.4849 -0.1246 28.6270 -16.9200 -33.7625 -42.9180 -40.1125 14.5638 26.1064 -26.6475 -38.4414 -45.3196 -3.4961 27.2855 -15.6319 -33.4121 -42.7446 -40.5894 14.5229 25.2166 -27.0531 -38.7756 -45.4422 -0.0799 29.1450 -18.0103 -34.3825 -43.4642 -35.3143 17.7778 9.6604 -29.5007 -40.0963 -45.5240 6.1283 32.5652 -21.7228 -36.0588 -44.4485 -23.3442 19.8517 32.6929 19.8517 -23.3442 -44.4485 -36.0588 -21.7228 32.5652 6.1283 -45.5240 -40.0963 -29.5007 9.6604 17.7778 -35.3143 -43.4642 -34.3825 -18.0103 29.1450 -0.0799 -45.4422 -38.7756 -27.0531 25.2166 14.5229 -40.5894 -42.7446 -33.4121 -15.6319 27.2855 -3.4961 -45.3196 -38.4414 -26.6475 26.1064 14.5638 -40.1125 -42.9180 -33.7625 -16.9200 28.6270 -0.1246 -45.4849 -39.1129 -27.9986 17.8161 16.7361 -36.2106 -43.5083 -34.6656 -19.2205 30.4572
-19.0740 -34.9195 -43.6644 -34.7690 17.4113 14.5979 -28.4391 -39.3447 -45.5357 1.0799 29.2550 -17.5884 -34.0056 -43.0797 -39.2398 15.1137 24.3427 -26.9816 -38.6057 -45.3624 -2.6423 27.5926 -15.9303 -33.4878 -42.7811 -40.5016 14.5229 25.4257 -26.9682 -38.7091 -45.4207 -0.6373 28.8250 -17.6418 -34.2247 -43.3551 -36.3221 17.2618 12.3746 -29.1315 -39.9050 -45.5689 5.3715 32.2006 -21.2400 -35.8281 -44.3229 -24.3316 21.2851 0.8572 -24.7857 0.8572 21.2851 -24.3316 -44.3229 -35.8281 -21.2400 32.2006 5.3715 -45.5689 -39.9050 -29.1315 12.3746 17.2618 -36.3221 -43.3551 -34.2247 -17.6418 28.8250 -0.6373 -45.4207 -38.7091 -26.9682 25.4257 14.5229 -40.5016 -42.7811 -33.4878 -15.9303 27.5926 -2.6423 -45.3624 -38.6057 -26.9816 24.3427 15.1137 -39.2398 -43.0797 -34.0056 -17.5884 29.2550 1.0799 -45.5357 -39.3447 -28.4391 14.5979 17.4113 -34.7690 -43.6644 -34.9195 -19.0740
-33.3184 -43.8179 -33.1806 18.0960 11.2167 -28.8826 -39.5733 -45.5748 2.1920 29.8788 -18.2363 -34.2571 -43.2439 -38.2063 15.7087 22.1651 -27.3541 -38.7935 -45.4109 -1.6416 27.9905 -16.3394 -33.6074 -42.8488 -40.2421 14.6481 25.2166 -26.9682 -38.6856 -45.4094 -1.0055 28.5966 -17.3535 -34.0974 -43.2629 -37.1250 16.8189 14.7569 -28.7966 -39.7270 -45.5891 4.6280 31.7999 -20.7645 -35.6000 -44.1978 -26.1750 21.0374 -3.0392 -30.3375 -37.0972 -30.3375 -3.0392 21.0374 -26.1750 -44.1978 -35.6000 -20.7645 31.7999 4.6280 -45.5891 -39.7270 -28.7966 14.7569 16.8189 -37.1250 -43.2629 -34.0974 -17.3535 28.5966 -1.0055 -45.4094 -38.6856 -26.9682 25.2166 14.6481 -40.2421 -42.8488 -33.6074 -16.3394 27.9905 -1.6416 -45.4109 -38.7935 -27.3541 22.1651 15.7087 -38.2063 -43.2439 -34.2571 -18.2363 29.8788 2.1920 -45.5748 -39.5733 -28.8826 11.2167 18.0960 -33.1806 -43.8179 -33.3184
-42.4017 -31.4357 18.7921 7.8375 -29.3289 -39.7983 -45.5915 3.2226 30.4856 -18.8543 -34.5125 -43.4080 -37.0128 16.3421 19.5622 -27.7562 -38.9970 -45.4603 -0.5706 28.4639 -16.8278 -33.7636 -42.9433 -39.8117 14.8875 24.5876 -27.0531 -38.7091 -45.4094 -1.1348 28.4801 -17.1691 -34.0078 -43.1911 -37.7369 16.4545 16.7102 -28.5062 -39.5671 -45.5907 3.9086 31.3893 -20.3065 -35.3826 -44.0748 -28.0708 20.5473 -2.1583 -30.7770 -40.6574 -46.0464 -40.6574 -30.7770 -2.1583 20.5473 -28.0708 -44.0748 -35.3826 -20.3065 31.3893 3.9086 -45.5907 -39.5671 -28.5062 16.7102 16.4545 -37.7369 -43.1911 -34.0078 -17.1691 28.4801 -1.1348 -45.4094 -38.7091 -27.0531 24.5876 14.8875 -39.8117 -42.9433 -33.7636 -16.8278 28.4639 -0.5706 -45.4603 -38.9970 -27.7562 19.5622 16.3421 -37.0128 -43.4080 -34.5125 -18.8543 30.4856 3.2226 -45.5915 -39.7983 -29.3289 7.8375 18.7921 -31.4357 -42.4017
-30.4156 19.5106 4.6044 -29.7754 -40.0223 -45.5812 4.1782 31.0616 -19.4484 -34.7662 -43.5703 -35.6662 16.9993 16.5629 -28.1794 -39.2126 -45.5090 0.5117 28.9913 -17.3686 -33.9481 -43.0603 -39.2108 15.2273 23.5389 -27.2140 -38.7756 -45.4207 -1.0055 28.4801 -17.1066 -33.9614 -43.1445 -38.1460 16.1768 18.2240 -28.2673 -39.4307 -45.5798 3.2311 30.9850 -19.8724 -35.1783 -43.9547 -29.8080 20.0230 -0.2532 -30.6840 -40.7300 -45.7505 -16.8920 -45.7505 -40.7300 -30.6840 -0.2532 20.0230 -29.8080 -43.9547 -35.1783 -19.8724 30.9850 3.2311 -45.5798 -39.4307 -28.2673 18.2240 16.1768 -38.1460 -43.1445 -33.9614 -17.1066 28.4801 -1.0055 -45.4207 -38.7756 -27.2140 23.5389 15.2273 -39.2108 -43.0603 -33.9481 -17.3686 28.9913 0.5117 -45.5090 -39.2126 -28.1794 16.5629 16.9993 -35.6662 -43.5703 -34.7662 -19.4484 31.0616 4.1782 -45.5812 -40.0223 -29.7754 4.6044 19.5106 -30.4156
19.7463 1.6128 -30.2073 -40.2455 -45.5412 5.0719 31.5923 -20.0207 -35.0182 -43.7266 -34.1606 17.6757 13.2884 -28.6145 -39.4356 -45.5539 1.5821 29.5536 -17.9367 -34.1555 -43.1921 -38.4379 15.6580 22.0377 -27.4419 -38.8781 -45.4422 -0.6373 28.5966 -17.1691 -33.9614 -43.1285 -38.3485 16.0055 19.2451 -28.0859 -39.3223 -45.5632 2.6305 30.6127 -19.4743 -34.9918 -43.8408 -31.3399 19.4740 2.0122 -30.4867 -40.6031 -45.3527 5.4813 21.9714 5.4813 -45.3527 -40.6031 -30.4867 2.0122 19.4740 -31.3399 -43.8408 -34.9918 -19.4743 30.6127 2.6305 -45.5632 -39.3223 -28.0859 19.2451 16.0055 -38.3485 -43.1285 -33.9614 -17.1691 28.5966 -0.6373 -45.4422 -38.8781 -27.4419 22.0377 15.6580 -38.4379 -43.1921 -34.1555 -17.9367 29.5536 1.5821 -45.5539 -39.4356 -28.6145 13.2884 17.6757 -34.1606 -43.7266 -35.0182 -20.0207 31.5923 5.0719 -45.5412 -40.2455 -30.2073 1.6128 19.7463
-0.9932 -30.5510 -40.4652 -45.4683 5.9193 32.0684 -20.5708 -35.2704 -43.8756 -32.5072 18.3686 9.8926 -29.0565 -39.6622 -45.5844 2.6162 30.1378 -18.5198 -34.3811 -43.3329 -37.4891 16.1578 20.0778 -27.7286 -39.0122 -45.4718 -0.0799 28.8250 -17.3535 -34.0078 -43.1445 -38.3485 15.9481 19.7452 -27.9746 -39.2452 -45.5464 2.1461 30.3021 -19.1302 -34.8295 -43.7357 -32.6458 18.9274 4.3812 -30.2050 -40.4332 -45.4017 6.7133 31.8578 -6.8434 31.8578 6.7133 -45.4017 -40.4332 -30.2050 4.3812 18.9274 -32.6458 -43.7357 -34.8295 -19.1302 30.3021 2.1461 -45.5464 -39.2452 -27.9746 19.7452 15.9481 -38.3485 -43.1445 -34.0078 -17.3535 28.8250 -0.0799 -45.4718 -39.0122 -27.7286 20.0778 16.1578 -37.4891 -43.3329 -34.3811 -18.5198 30.1378 2.6162 -45.5844 -39.6622 -29.0565 9.8926 18.3686 -32.5072 -43.8756 -35.2704 -20.5708 32.0684 5.9193 -45.4683 -40.4652 -30.5510 -0.9932
-28.8495 -40.6819 -45.3598 6.7268 32.4809 -21.1022 -35.5227 -44.0204 -30.7011 19.0742 6.5374 -29.5025 -39.8880 -45.5908 3.6032 30.7191 -19.1017 -34.6202 -43.4818 -36.3596 16.7101 17.6823 -28.0618 -39.1747 -45.5059 0.6169 29.1450 -17.6418 -34.0974 -43.1911 -38.1460 16.0055 19.7452 -27.9385 -39.2050 -45.5344 1.7960 30.0651 -18.8581 -34.6977 -43.6449 -33.6992 18.4478 6.6781 -29.8691 -40.2629 -45.4732 6.4958 32.5239 -20.3718 -31.2889 -20.3718 32.5239 6.4958 -45.4732 -40.2629 -29.8691 6.6781 18.4478 -33.6992 -43.6449 -34.6977 -18.8581 30.0651 1.7960 -45.5344 -39.2050 -27.9385 19.7452 16.0055 -38.1460 -43.1911 -34.0974 -17.6418 29.1450 0.6169 -45.5059 -39.1747 -28.0618 17.6823 16.7101 -36.3596 -43.4818 -34.6202 -19.1017 30.7191 3.6032 -45.5908 -39.8880 -29.5025 6.5374 19.0742 -30.7011 -44.0204 -35.5227 -21.1022 32.4809 6.7268 -45.3598 -40.6819 -28.8495
-39.1677 -45.2153 7.4960 32.8144 -21.6207 -35.7731 -44.1619 -28.7309 19.7601 3.3871 -29.9521 -40.1099 -45.5692 4.5374 31.2741 -19.6750 -34.8678 -43.6344 -35.0322 17.3154 14.8917 -28.4298 -39.3580 -45.5428 1.4204 29.5396 -18.0103 -34.2247 -43.2629 -37.7369 16.1768 19.2451 -27.9746 -39.2050 -45.5301 1.6056 29.9129 -18.6625 -34.6002 -43.5739 -34.5126 18.0502 8.7638 -29.5680 -40.1060 -45.5279 5.9760 32.4160 -21.2132 -35.2639 -41.7785 -35.2639 -21.2132 32.4160 5.9760 -45.5279 -40.1060 -29.5680 8.7638 18.0502 -34.5126 -43.5739 -34.6002 -18.6625 29.9129 1.6056 -45.5301 -39.2050 -27.9746 19.2451 16.1768 -37.7369 -43.2629 -34.2247 -18.0103 29.5396 1.4204 -45.5428 -39.3580 -28.4298 14.8917 17.3154 -35.0322 -43.6344 -34.8678 -19.6750 31.2741 4.5374 -45.5692 -40.1099 -29.9521 3.3871 19.7601 -28.7309 -44.1619 -35.7731 -21.6207 32.8144 7.4960 -45.2153 -39.1677
-44.0801 8.2392 33.0511 -22.1272 -36.0214 -44.2968 -26.6042 20.3996 0.5321 -30.3507 -40.3305 -45.5168 5.4127 31.7872 -20.2373 -35.1183 -43.7864 -33.5151 17.9639 11.7944 -28.8250 -39.5544 -45.5745 2.2769 29.9964 -18.4415 -34.3825 -43.3551 -37.1250 16.4545 18.2240 -28.0859 -39.2452 -45.5344 1.6056 29.8605 -18.5586 -34.5384 -43.5231 -35.0946 17.7407 10.5026 -29.3152 -39.9690 -45.5623 5.4172 32.1651 -21.0832 -35.6151 -44.4471 -45.8921 -44.4471 -35.6151 -21.0832 32.1651 5.4172 -45.5623 -39.9690 -29.3152 10.5026 17.7407 -35.0946 -43.5231 -34.5384 -18.5586 29.8605 1.6056 -45.5344 -39.2452 -28.0859 18.2240 16.4545 -37.1250 -43.3551 -34.3825 -18.4415 29.9964 2.2769 -45.5745 -39.5544 -28.8250 11.7944 17.9639 -33.5151 -43.7864 -35.1183 -20.2373 31.7872 5.4127 -45.5168 -40.3305 -30.3507 0.5321 20.3996 -26.6042 -44.2968 -36.0214 -22.1272 33.0511 8.2392 -44.0801
8.3597 33.1749 -22.6202 -36.2699 -44.4240 -24.3489 21.0208 -2.0054 -30.6560 -40.5504 -45.4304 6.2393 32.2402 -20.7825 -35.3691 -43.9349 -31.8134 18.6446 8.5275 -29.2446 -39.7626 -45.5908 3.1511 30.4883 -18.9143 -34.5665 -43.4642 -36.3221 16.8189 16.7102 -28.2673 -39.3223 -45.5464 1.7960 29.9129 -18.5586 -34.5171 -43.4974 -35.4423 17.5284 11.7908 -29.1158 -39.8555 -45.5811 4.8966 31.8824 -20.7828 -35.5526 -44.1868 -32.4310 8.6313 -32.4310 -44.1868 -35.5526 -20.7828 31.8824 4.8966 -45.5811 -39.8555 -29.1158 11.7908 17.5284 -35.4418 -43.4977 -34.5171 -18.5586 29.9129 1.7960 -45.5464 -39.3223 -28.2673 16.7102 16.8189 -36.3221 -43.4642 -34.5665 -18.9143 30.4883 3.1511 -45.5908 -39.7626 -29.2446 8.5275 18.6446 -31.8134 -43.9349 -35.3691 -20.7825 32.2402 6.2393 -45.4304 -40.5504 -30.6560 -2.0054 21.0208 -24.3489 -44.4240 -36.2699 -22.6202 33.1749 8.3597
32.6626 -23.1033 -36.5184 -44.5463 -21.9875 21.6436 -4.2266 -30.9214 -40.7666 -45.3064 7.0302 32.6215 -21.3090 -35.6200 -44.0766 -29.9407 19.3559 5.2783 -29.6809 -39.9783 -45.5852 4.0352 30.9967 -19.4154 -34.7710 -43.5864 -35.3143 17.2618 14.7569 -28.5062 -39.4307 -45.5632 2.1461 30.0651 -18.6625 -34.5384 -43.4974 -35.5587 17.4230 12.5824 -28.9793 -39.7699 -45.5895 4.4516 31.6173 -20.4740 -35.4202 -44.0837 -29.5602 17.9352 32.7610 17.9352 -29.5602 -44.0837 -35.4202 -20.4740 31.6173 4.4516 -45.5895 -39.7699 -28.9793 12.5811 17.4237 -35.5576 -43.4977 -34.5384 -18.6625 30.0651 2.1461 -45.5632 -39.4307 -28.5062 14.7569 17.2618 -35.3143 -43.5864 -34.7710 -19.4154 30.9967 4.0352 -45.5852 -39.9783 -29.6809 5.2783 19.3559 -29.9407 -44.0766 -35.6200 -21.3090 32.6215 7.0302 -45.3064 -40.7666 -30.9214 -4.2266 21.6436 -21.9875 -44.5463 -36.5184 -23.1033 32.6626
-22.5349 -36.7663 -44.6646 -19.5407 22.2698 -6.1519 -31.1868 -40.9783 -45.1419 7.7904 32.9189 -21.8200 -35.8711 -44.2138 -27.9177 20.0258 2.2226 -30.1272 -40.1975 -45.5520 4.9032 31.5027 -19.9390 -34.9927 -43.7185 -34.0917 17.7778 12.3746 -28.7966 -39.5671 -45.5798 2.6305 30.3021 -18.8581 -34.6002 -43.5231 -35.4423 17.4230 12.8547 -28.9119 -39.7183 -45.5919 4.1110 31.3949 -20.2086 -35.2921 -44.0002 -29.7669 19.4805 9.6380 -23.2834 9.6380 19.4805 -29.7669 -44.0002 -35.2921 -20.2086 31.3949 4.1110 -45.5919 -39.7185 -28.9120 12.8520 17.4237 -35.4418 -43.5231 -34.6002 -18.8581 30.3021 2.6305 -45.5798 -39.5671 -28.7966 12.3746 17.7778 -34.0917 -43.7185 -34.9927 -19.9390 31.5027 4.9032 -45.5520 -40.1975 -30.1272 2.2226 20.0258 -27.9177 -44.2138 -35.8711 -21.8200 32.9189 7.7904 -45.1419 -40.9783 -31.1868 -6.1519 22.2698 -19.5407 -44.6646 -36.7663 -22.5349
-35.1907 -44.7785 -17.0583 22.9040 -7.8294 -31.4519 -41.1883 -44.9328 8.5204 33.1145 -22.3206 -36.1202 -44.3474 -25.7403 20.6413 -0.5111 -30.4904 -40.4169 -45.4869 5.7460 31.9769 -20.4669 -35.2283 -43.8561 -32.6545 18.3551 9.6604 -29.1315 -39.7270 -45.5907 3.2311 30.6127 -19.1302 -34.6977 -43.5739 -35.0946 17.5284 12.5824 -28.9119 -39.7014 -45.5922 3.8990 31.2362 -20.0064 -35.1854 -43.9311 -30.5472 19.5583 3.5110 -29.3649 -36.3878 -29.3650 3.5098 19.5584 -30.5465 -43.9311 -35.1852 -20.0064 31.2362 3.8997 -45.5921 -39.7017 -28.9120 12.5811 17.5284 -35.0946 -43.5739 -34.6977 -19.1302 30.6127 3.2311 -45.5907 -39.7270 -29.1315 9.6604 18.3551 -32.6545 -43.8561 -35.2283 -20.4669 31.9769 5.7460 -45.4869 -40.4169 -30.4904 -0.5111 20.6413 -25.7403 -44.3474 -36.1202 -22.3206 33.1145 8.5204 -44.9328 -41.1883 -31.4519 -7.8294 22.9040 -17.0583 -44.7785 -35.1907
-43.4297 -14.6051 23.5447 -9.3102 -31.7150 -41.3971 -44.6736 9.2260 33.1884 -22.8115 -36.3671 -44.4744 -23.4287 21.2627 -2.9099 -30.7609 -40.6341 -45.3866 6.5566 32.3999 -20.9916 -35.4713 -43.9942 -30.9956 18.9857 6.7741 -29.5007 -39.9050 -45.5891 3.9086 30.9850 -19.4743 -34.8295 -43.6449 -34.5126 17.7407 11.7908 -28.9793 -39.7183 -45.5922 3.8283 31.1544 -19.8805 -35.1105 -43.8765 -31.2736 19.3324 3.4642 -30.0816 -40.0798 -45.6760 -40.0798 -30.0822 3.4554 19.3348 -31.2712 -43.8772 -35.1112 -19.8810 31.1546 3.8296 -45.5921 -39.7185 -28.9793 11.7908 17.7407 -34.5126 -43.6449 -34.8295 -19.4743 30.9850 3.9086 -45.5891 -39.9050 -29.5007 6.7741 18.9857 -30.9956 -43.9942 -35.4713 -20.9916 32.3999 6.5566 -45.3866 -40.6341 -30.7609 -2.9099 21.2627 -23.4287 -44.4744 -36.3671 -22.8115 33.1884 9.2260 -44.6736 -41.3971 -31.7150 -9.3102 23.5447 -14.6051 -43.4297
-13.8450 24.2051 -10.6264 -31.9766 -41.6016 -44.3592 9.9163 33.1214 -23.2910 -36.6141 -44.5935 -21.0266 21.8906 -5.0086 -31.0265 -40.8503 -45.2473 7.3307 32.7502 -21.5123 -35.7186 -44.1319 -29.1294 19.6410 3.8547 -29.8987 -40.0963 -45.5689 4.6280 31.3893 -19.8724 -34.9918 -43.7357 -33.6992 18.0502 10.5026 -29.1158 -39.7699 -45.5919 3.8990 31.1544 -19.8386 -35.0730 -43.8409 -31.7957 19.1061 4.3347 -30.0824 -40.2743 -45.9460 -22.5924 -45.9460 -40.2753 -30.0875 4.2910 19.1184 -31.7734 -43.8424 -35.0752 -19.8399 31.1546 3.8997 -45.5919 -39.7699 -29.1158 10.5026 18.0502 -33.6992 -43.7357 -34.9918 -19.8724 31.3893 4.6280 -45.5689 -40.0963 -29.8987 3.8547 19.6410 -29.1294 -44.1319 -35.7186 -21.5123 32.7502 7.3307 -45.2473 -40.8503 -31.0265 -5.0086 21.8906 -21.0266 -44.5935 -36.6141 -23.2910 33.1214 9.9163 -44.3592 -41.6016 -31.9766 -10.6264 24.2051 -13.8450
24.4904 -11.8047 -32.2383 -41.8011 -43.9861 10.5938 32.8899 -23.7613 -36.8612 -44.7075 -18.5717 22.5203 -6.8406 -31.2904 -41.0627 -45.0650 8.0776 33.0084 -22.0194 -35.9679 -44.2669 -27.0727 20.2741 1.0590 -30.2875 -40.2989 -45.5240 5.3715 31.7999 -20.3065 -35.1783 -43.8408 -32.6458 18.4478 8.7638 -29.3152 -39.8555 -45.5895 4.1110 31.2362 -19.8805 -35.0730 -43.8286 -32.0112 18.9609 5.0913 -29.9802 -40.2644 -45.5189 3.7721 20.6758 3.7542 -45.5185 -40.2567 -29.9954 5.0371 18.9736 -31.9540 -43.8230 -35.0756 -19.8818 31.2362 4.1110 -45.5895 -39.8555 -29.3152 8.7638 18.4478 -32.6458 -43.8408 -35.1783 -20.3065 31.7999 5.3715 -45.5240 -40.2989 -30.2875 1.0590 20.2741 -27.0727 -44.2669 -35.9679 -22.0194 33.0084 8.0776 -45.0650 -41.0627 -31.2904 -6.8406 22.5203 -18.5717 -44.7075 -36.8612 -23.7613 32.8899 10.5938 -43.9861 -41.8011 -32.2383 -11.8047 24.4904
-12.4684 -32.5001 -41.9993 -43.5487 11.2566 32.4683 -24.2266 -37.1058 -44.8171 -16.0987 23.1530 -8.4363 -31.5544 -41.2703 -44.8368 8.8005 33.1587 -22.5133 -36.2174 -44.3976 -24.8522 20.8863 -1.4999 -30.6006 -40.5092 -45.4478 6.1283 32.2006 -20.7645 -35.3826 -43.9547 -31.3399 18.9274 6.6781 -29.5680 -39.9690 -45.5811 4.4516 31.3949 -20.0064 -35.1105 -43.8409 -32.0135 19.0938 5.8673 -29.9596 -40.2180 -45.4017 5.6684 31.0104 -2.9546 30.8578 5.5029 -45.5369 -40.3128 -29.8471 5.4999 19.0747 -31.2939 -43.8336 -35.1117 -20.0068 31.3949 4.4516 -45.5811 -39.9690 -29.5680 6.6781 18.9274 -31.3399 -43.9547 -35.3826 -20.7645 32.2006 6.1283 -45.4478 -40.5092 -30.6006 -1.4999 20.8863 -24.8522 -44.3976 -36.2174 -22.5133 33.1587 8.8005 -44.8368 -41.2703 -31.5544 -8.4363 23.1530 -16.0987 -44.8171 -37.1058 -24.2266 32.4683 11.2566 -43.5487 -41.9993 -32.5001 -12.4684
-30.8528 -42.1953 -43.0382 11.9087 31.8326 -24.6865 -37.3484 -44.9196 -13.6693 23.7927 -9.8403 -31.8177 -41.4767 -44.5582 9.4992 33.1803 -22.9986 -36.4646 -44.5227 -22.5069 21.5063 -3.7697 -30.8641 -40.7215 -45.3353 6.8836 32.5652 -21.2400 -35.6000 -44.0748 -29.8080 19.4740 4.3812 -29.8691 -40.1060 -45.5623 4.8966 31.6173 -20.2086 -35.1854 -43.8765 -31.7977 18.9736 4.5182 -29.9919 -40.3240 -45.4475 5.7112 32.0162 -19.8595 -30.8832 -19.5333 32.2093 6.0668 -45.3044 -40.2361 -29.9179 5.0706 19.0948 -31.6865 -43.8743 -35.1852 -20.2086 31.6173 4.8966 -45.5623 -40.1060 -29.8691 4.3812 19.4740 -29.8080 -44.0748 -35.6000 -21.2400 32.5652 6.8836 -45.3353 -40.7215 -30.8641 -3.7697 21.5063 -22.5069 -44.5227 -36.4646 -22.9986 33.1803 9.4992 -44.5582 -41.4767 -31.8177 -9.8403 23.7927 -13.6693 -44.9196 -37.3484 -24.6865 31.8326 11.9087 -43.0382 -42.1953 -30.8528
-40.7149 -42.4550 12.5531 30.9626 -25.1360 -37.5884 -45.0153 -11.3666 24.4298 -11.0825 -32.0768 -41.6794 -44.2259 10.1745 33.0542 -23.4704 -36.7087 -44.6404 -20.1019 22.1268 -5.7349 -31.1264 -40.9316 -45.1829 7.6218 32.8636 -21.7228 -35.8281 -44.1978 -28.0708 20.0230 2.0122 -30.2050 -40.2629 -45.5279 5.4172 31.8824 -20.4740 -35.2921 -43.9311 -31.2732 19.1064 5.1129 -29.9284 -40.2814 -45.3923 5.4247 32.1110 -20.6549 -34.9818 -41.4644 -34.9761 -20.7590 32.2177 5.8797 -45.5507 -40.2114 -29.9430 4.3386 19.1652 -31.2563 -43.9285 -35.2921 -20.4740 31.8824 5.4172 -45.5279 -40.2629 -30.2050 2.0122 20.0230 -28.0708 -44.1978 -35.8281 -21.7228 32.8636 7.6218 -45.1829 -40.9316 -31.1264 -5.7349 22.1268 -20.1019 -44.6404 -36.7087 -23.4704 33.0542 10.1745 -44.2259 -41.6794 -32.0768 -11.0825 24.4298 -11.3666 -45.0153 -37.5884 -25.1360 30.9626 12.5531 -42.4550 -40.7149
