0.1538 0.1664 0.2693 0.4867 0.4440 0.1644 0.1495 0.2149 0.3897 0.5029 0.2644 0.1440 0.1782 0.3008 0.5099 0.4010 0.1527 0.1556 0.2365 0.4348 0.4832 0.2029 0.1449 0.1924 0.3368 0.5142 0.3470 0.1467 0.1640 0.2620 0.4773 0.4536 0.1693 0.1482 0.2096 0.3777 0.5066 0.2829 0.1442 0.1747 0.2918 0.5058 0.4139 0.1552 0.1537 0.2302 0.4220 0.4901 0.2242 0.1431 0.1572 0.1431 0.2242 0.4901 0.4220 0.2302 0.1537 0.1552 0.4139 0.5058 0.2918 0.1747 0.1442 0.2829 0.5066 0.3777 0.2096 0.1482 0.1693 0.4536 0.4773 0.2620 0.1640 0.1467 0.3470 0.5142 0.3368 0.1924 0.1449 0.2029 0.4832 0.4348 0.2365 0.1556 0.1527 0.4010 0.5099 0.3008 0.1782 0.1440 0.2644 0.5029 0.3897 0.2149 0.1495 0.1644 0.4440 0.4867 0.2693 0.1664 0.1538
0.1664 0.2673 0.4876 0.4463 0.1593 0.1428 0.2101 0.3875 0.5046 0.2685 0.1366 0.1726 0.2974 0.5107 0.4047 0.1463 0.1493 0.2321 0.4333 0.4854 0.2038 0.1376 0.1871 0.3339 0.5155 0.3514 0.1397 0.1580 0.2580 0.4767 0.4564 0.1651 0.1413 0.2047 0.3753 0.5083 0.2874 0.1368 0.1691 0.2882 0.5063 0.4174 0.1490 0.1473 0.2257 0.4206 0.4917 0.2217 0.1367 0.1751 0.2412 0.1751 0.1367 0.2217 0.4917 0.4206 0.2257 0.1473 0.1490 0.4174 0.5063 0.2882 0.1691 0.1368 0.2874 0.5083 0.3753 0.2047 0.1413 0.1651 0.4564 0.4767 0.2580 0.1580 0.1397 0.3514 0.5155 0.3339 0.1871 0.1376 0.2038 0.4854 0.4333 0.2321 0.1493 0.1463 0.4047 0.5107 0.2974 0.1726 0.1366 0.2685 0.5046 0.3875 0.2101 0.1428 0.1593 0.4463 0.4876 0.2673 0.1664
0.2693 0.4876 0.4481 0.1608 0.1423 0.2079 0.3821 0.5063 0.2775 0.1367 0.1709 0.2929 0.5087 0.4110 0.1476 0.1483 0.2289 0.4271 0.4885 0.2116 0.1373 0.1850 0.3286 0.5156 0.3593 0.1403 0.1567 0.2543 0.4713 0.4609 0.1685 0.1407 0.2021 0.3694 0.5098 0.2966 0.1370 0.1674 0.2839 0.5035 0.4232 0.1506 0.1464 0.2226 0.4144 0.4944 0.2292 0.1367 0.1790 0.3023 0.4491 0.3023 0.1790 0.1367 0.2292 0.4944 0.4144 0.2226 0.1464 0.1506 0.4232 0.5035 0.2839 0.1674 0.1370 0.2966 0.5098 0.3694 0.2021 0.1407 0.1685 0.4609 0.4713 0.2543 0.1567 0.1403 0.3593 0.5156 0.3286 0.1850 0.1373 0.2116 0.4885 0.4271 0.2289 0.1483 0.1476 0.4110 0.5087 0.2929 0.1709 0.1367 0.2775 0.5063 0.3821 0.2079 0.1423 0.1608 0.4481 0.4876 0.2693
0.4867 0.4463 0.1608 0.1421 0.2065 0.3781 0.5077 0.2854 0.1368 0.1693 0.2886 0.5065 0.4170 0.1490 0.1473 0.2258 0.4209 0.4914 0.2198 0.1370 0.1829 0.3235 0.5156 0.3670 0.1410 0.1554 0.2506 0.4657 0.4652 0.1723 0.1401 0.1996 0.3636 0.5112 0.3056 0.1373 0.1658 0.2796 0.5004 0.4289 0.1523 0.1455 0.2196 0.4082 0.4970 0.2378 0.1367 0.1784 0.3095 0.5099 0.4788 0.5099 0.3095 0.1784 0.1367 0.2378 0.4970 0.4082 0.2196 0.1455 0.1523 0.4289 0.5004 0.2796 0.1658 0.1373 0.3056 0.5112 0.3636 0.1996 0.1401 0.1723 0.4652 0.4657 0.2506 0.1554 0.1410 0.3670 0.5156 0.3235 0.1829 0.1370 0.2198 0.4914 0.4209 0.2258 0.1473 0.1490 0.4170 0.5065 0.2886 0.1693 0.1368 0.2854 0.5077 0.3781 0.2065 0.1421 0.1608 0.4463 0.4867
0.4440 0.1593 0.1423 0.2065 0.3766 0.5085 0.2909 0.1370 0.1680 0.2849 0.5040 0.4225 0.1504 0.1464 0.2228 0.4147 0.4942 0.2285 0.1368 0.1809 0.3184 0.5153 0.3745 0.1418 0.1542 0.2470 0.4600 0.4694 0.1767 0.1395 0.1972 0.3579 0.5124 0.3145 0.1376 0.1643 0.2754 0.4968 0.4345 0.1541 0.1446 0.2167 0.4020 0.4994 0.2468 0.1366 0.1768 0.3075 0.5127 0.4104 0.2015 0.4104 0.5127 0.3075 0.1768 0.1366 0.2468 0.4994 0.4020 0.2167 0.1446 0.1541 0.4345 0.4968 0.2754 0.1643 0.1376 0.3145 0.5124 0.3579 0.1972 0.1395 0.1767 0.4694 0.4600 0.2470 0.1542 0.1418 0.3745 0.5153 0.3184 0.1809 0.1368 0.2285 0.4942 0.4147 0.2228 0.1464 0.1504 0.4225 0.5040 0.2849 0.1680 0.1370 0.2909 0.5085 0.3766 0.2065 0.1423 0.1593 0.4440
0.1644 0.1428 0.2079 0.3781 0.5085 0.2929 0.1370 0.1671 0.2820 0.5017 0.4273 0.1519 0.1456 0.2200 0.4087 0.4968 0.2372 0.1367 0.1789 0.3135 0.5147 0.3817 0.1427 0.1530 0.2435 0.4541 0.4733 0.1817 0.1390 0.1948 0.3523 0.5134 0.3232 0.1380 0.1628 0.2713 0.4928 0.4398 0.1562 0.1438 0.2139 0.3958 0.5017 0.2560 0.1366 0.1750 0.3034 0.5124 0.4009 0.1481 0.1358 0.1481 0.4009 0.5124 0.3034 0.1750 0.1366 0.2560 0.5017 0.3958 0.2139 0.1438 0.1562 0.4398 0.4928 0.2713 0.1628 0.1380 0.3232 0.5134 0.3523 0.1948 0.1390 0.1817 0.4733 0.4541 0.2435 0.1530 0.1427 0.3817 0.5147 0.3135 0.1789 0.1367 0.2372 0.4968 0.4087 0.2200 0.1456 0.1519 0.4273 0.5017 0.2820 0.1671 0.1370 0.2929 0.5085 0.3781 0.2079 0.1428 0.1644
0.1495 0.2101 0.3821 0.5077 0.2909 0.1370 0.1668 0.2804 0.5000 0.4308 0.1532 0.1449 0.2175 0.4032 0.4991 0.2458 0.1366 0.1770 0.3087 0.5139 0.3887 0.1436 0.1519 0.2400 0.4480 0.4771 0.1875 0.1385 0.1925 0.3467 0.5142 0.3318 0.1384 0.1613 0.2673 0.4884 0.4449 0.1585 0.1430 0.2111 0.3897 0.5038 0.2652 0.1366 0.1732 0.2990 0.5111 0.4037 0.1466 0.1454 0.1810 0.1454 0.1466 0.4037 0.5111 0.2990 0.1732 0.1366 0.2652 0.5038 0.3897 0.2111 0.1430 0.1585 0.4449 0.4884 0.2673 0.1613 0.1384 0.3318 0.5142 0.3467 0.1925 0.1385 0.1875 0.4771 0.4480 0.2400 0.1519 0.1436 0.3887 0.5139 0.3087 0.1770 0.1366 0.2458 0.4991 0.4032 0.2175 0.1449 0.1532 0.4308 0.5000 0.2804 0.1668 0.1370 0.2909 0.5077 0.3821 0.2101 0.1495
0.2149 0.3875 0.5063 0.2854 0.1370 0.1671 0.2804 0.4993 0.4328 0.1541 0.1445 0.2155 0.3985 0.5010 0.2538 0.1366 0.1753 0.3042 0.5128 0.3954 0.1447 0.1508 0.2367 0.4419 0.4806 0.1939 0.1381 0.1902 0.3413 0.5149 0.3401 0.1389 0.1599 0.2634 0.4837 0.4498 0.1610 0.1423 0.2084 0.3836 0.5058 0.2746 0.1366 0.1715 0.2944 0.5094 0.4091 0.1473 0.1477 0.2189 0.3194 0.2189 0.1477 0.1473 0.4091 0.5094 0.2944 0.1715 0.1366 0.2746 0.5058 0.3836 0.2084 0.1423 0.1610 0.4498 0.4837 0.2634 0.1599 0.1389 0.3401 0.5149 0.3413 0.1902 0.1381 0.1939 0.4806 0.4419 0.2367 0.1508 0.1447 0.3954 0.5128 0.3042 0.1753 0.1366 0.2538 0.5010 0.3985 0.2155 0.1445 0.1541 0.4328 0.4993 0.2804 0.1671 0.1370 0.2854 0.5063 0.3875 0.2149
0.3897 0.5046 0.2775 0.1368 0.1680 0.2820 0.5000 0.4328 0.1545 0.1442 0.2142 0.3950 0.5025 0.2606 0.1366 0.1738 0.3000 0.5115 0.4016 0.1458 0.1497 0.2334 0.4358 0.4840 0.2008 0.1377 0.1880 0.3359 0.5154 0.3483 0.1394 0.1585 0.2595 0.4787 0.4546 0.1639 0.1416 0.2057 0.3776 0.5076 0.2838 0.1368 0.1698 0.2900 0.5072 0.4150 0.1485 0.1474 0.2243 0.4031 0.5136 0.4031 0.2243 0.1474 0.1485 0.4150 0.5072 0.2900 0.1698 0.1368 0.2838 0.5076 0.3776 0.2057 0.1416 0.1639 0.4546 0.4787 0.2595 0.1585 0.1394 0.3483 0.5154 0.3359 0.1880 0.1377 0.2008 0.4840 0.4358 0.2334 0.1497 0.1458 0.4016 0.5115 0.3000 0.1738 0.1366 0.2606 0.5025 0.3950 0.2142 0.1442 0.1545 0.4328 0.5000 0.2820 0.1680 0.1368 0.2775 0.5046 0.3897
0.5029 0.2685 0.1367 0.1693 0.2849 0.5017 0.4308 0.1541 0.1442 0.2138 0.3931 0.5034 0.2657 0.1366 0.1725 0.2964 0.5101 0.4072 0.1469 0.1488 0.2304 0.4298 0.4872 0.2083 0.1374 0.1858 0.3306 0.5156 0.3563 0.1401 0.1572 0.2557 0.4734 0.4592 0.1671 0.1409 0.2031 0.3718 0.5092 0.2930 0.1369 0.1681 0.2856 0.5046 0.4210 0.1500 0.1467 0.2231 0.4119 0.5001 0.3863 0.5001 0.4119 0.2231 0.1467 0.1500 0.4210 0.5046 0.2856 0.1681 0.1369 0.2930 0.5092 0.3718 0.2031 0.1409 0.1671 0.4592 0.4734 0.2557 0.1572 0.1401 0.3563 0.5156 0.3306 0.1858 0.1374 0.2083 0.4872 0.4298 0.2304 0.1488 0.1469 0.4072 0.5101 0.2964 0.1725 0.1366 0.2657 0.5034 0.3931 0.2138 0.1442 0.1541 0.4308 0.5017 0.2849 0.1693 0.1367 0.2685 0.5029
0.2644 0.1366 0.1709 0.2886 0.5040 0.4273 0.1532 0.1445 0.2142 0.3931 0.5037 0.2684 0.1366 0.1715 0.2936 0.5087 0.4120 0.1480 0.1479 0.2276 0.4241 0.4900 0.2161 0.1371 0.1838 0.3255 0.5156 0.3640 0.1407 0.1559 0.2520 0.4680 0.4636 0.1707 0.1403 0.2006 0.3659 0.5106 0.3021 0.1372 0.1665 0.2813 0.5016 0.4267 0.1516 0.1458 0.2206 0.4093 0.4977 0.2640 0.1418 0.2640 0.4977 0.4093 0.2206 0.1458 0.1516 0.4267 0.5016 0.2813 0.1665 0.1372 0.3021 0.5106 0.3659 0.2006 0.1403 0.1707 0.4636 0.4680 0.2520 0.1559 0.1407 0.3640 0.5156 0.3255 0.1838 0.1371 0.2161 0.4900 0.4241 0.2276 0.1479 0.1480 0.4120 0.5087 0.2936 0.1715 0.1366 0.2684 0.5037 0.3931 0.2142 0.1445 0.1532 0.4273 0.5040 0.2886 0.1709 0.1366 0.2644
0.1440 0.1726 0.2929 0.5065 0.4225 0.1519 0.1449 0.2155 0.3950 0.5034 0.2684 0.1366 0.1711 0.2918 0.5075 0.4157 0.1489 0.1472 0.2251 0.4189 0.4926 0.2238 0.1369 0.1818 0.3206 0.5154 0.3715 0.1415 0.1547 0.2484 0.4623 0.4678 0.1749 0.1397 0.1981 0.3601 0.5119 0.3110 0.1375 0.1649 0.2770 0.4982 0.4323 0.1534 0.1450 0.2178 0.4040 0.4989 0.2501 0.1357 0.1479 0.1357 0.2501 0.4989 0.4040 0.2178 0.1450 0.1534 0.4323 0.4982 0.2770 0.1649 0.1375 0.3110 0.5119 0.3601 0.1981 0.1397 0.1749 0.4678 0.4623 0.2484 0.1547 0.1415 0.3715 0.5154 0.3206 0.1818 0.1369 0.2238 0.4926 0.4189 0.2251 0.1472 0.1489 0.4157 0.5075 0.2918 0.1711 0.1366 0.2684 0.5034 0.3950 0.2155 0.1449 0.1519 0.4225 0.5065 0.2929 0.1726 0.1440
0.1782 0.2974 0.5087 0.4170 0.1504 0.1456 0.2175 0.3985 0.5025 0.2657 0.1366 0.1711 0.2912 0.5069 0.4180 0.1496 0.1467 0.2231 0.4143 0.4947 0.2310 0.1368 0.1800 0.3160 0.5150 0.3785 0.1423 0.1535 0.2449 0.4564 0.4718 0.1797 0.1392 0.1957 0.3545 0.5130 0.3198 0.1378 0.1634 0.2729 0.4944 0.4377 0.1553 0.1441 0.2150 0.3981 0.5009 0.2542 0.1364 0.1687 0.2287 0.1687 0.1364 0.2542 0.5009 0.3981 0.2150 0.1441 0.1553 0.4377 0.4944 0.2729 0.1634 0.1378 0.3198 0.5130 0.3545 0.1957 0.1392 0.1797 0.4718 0.4564 0.2449 0.1535 0.1423 0.3785 0.5150 0.3160 0.1800 0.1368 0.2310 0.4947 0.4143 0.2231 0.1467 0.1496 0.4180 0.5069 0.2912 0.1711 0.1366 0.2657 0.5025 0.3985 0.2175 0.1456 0.1504 0.4170 0.5087 0.2974 0.1782
0.3008 0.5107 0.4110 0.1490 0.1464 0.2200 0.4032 0.5010 0.2606 0.1366 0.1715 0.2918 0.5069 0.4188 0.1501 0.1464 0.2217 0.4108 0.4964 0.2373 0.1367 0.1784 0.3118 0.5144 0.3850 0.1432 0.1524 0.2415 0.4506 0.4756 0.1851 0.1387 0.1934 0.3489 0.5139 0.3284 0.1382 0.1619 0.2689 0.4902 0.4429 0.1575 0.1433 0.2122 0.3921 0.5030 0.2621 0.1365 0.1723 0.2858 0.4266 0.2858 0.1723 0.1365 0.2621 0.5030 0.3921 0.2122 0.1433 0.1575 0.4429 0.4902 0.2689 0.1619 0.1382 0.3284 0.5139 0.3489 0.1934 0.1387 0.1851 0.4756 0.4506 0.2415 0.1524 0.1432 0.3850 0.5144 0.3118 0.1784 0.1367 0.2373 0.4964 0.4108 0.2217 0.1464 0.1501 0.4188 0.5069 0.2918 0.1715 0.1366 0.2606 0.5010 0.4032 0.2200 0.1464 0.1490 0.4110 0.5107 0.3008
0.5099 0.4047 0.1476 0.1473 0.2228 0.4087 0.4991 0.2538 0.1366 0.1725 0.2936 0.5075 0.4180 0.1501 0.1462 0.2209 0.4085 0.4976 0.2423 0.1366 0.1771 0.3082 0.5137 0.3908 0.1440 0.1514 0.2384 0.4449 0.4791 0.1911 0.1382 0.1911 0.3434 0.5147 0.3369 0.1387 0.1604 0.2649 0.4856 0.4479 0.1600 0.1426 0.2094 0.3860 0.5050 0.2710 0.1366 0.1717 0.2926 0.5015 0.4900 0.5015 0.2926 0.1717 0.1366 0.2710 0.5050 0.3860 0.2094 0.1426 0.1600 0.4479 0.4856 0.2649 0.1604 0.1387 0.3369 0.5147 0.3434 0.1911 0.1382 0.1911 0.4791 0.4449 0.2384 0.1514 0.1440 0.3908 0.5137 0.3082 0.1771 0.1366 0.2423 0.4976 0.4085 0.2209 0.1462 0.1501 0.4180 0.5075 0.2936 0.1725 0.1366 0.2538 0.4991 0.4087 0.2228 0.1473 0.1476 0.4047 0.5099
0.4010 0.1463 0.1483 0.2258 0.4147 0.4968 0.2458 0.1366 0.1738 0.2964 0.5087 0.4157 0.1496 0.1464 0.2209 0.4078 0.4982 0.2455 0.1366 0.1761 0.3053 0.5129 0.3959 0.1449 0.1505 0.2355 0.4394 0.4823 0.1974 0.1379 0.1889 0.3381 0.5152 0.3451 0.1392 0.1591 0.2610 0.4807 0.4528 0.1627 0.1419 0.2068 0.3800 0.5069 0.2802 0.1367 0.1703 0.2908 0.5061 0.4313 0.2317 0.4313 0.5061 0.2908 0.1703 0.1367 0.2802 0.5069 0.3800 0.2068 0.1419 0.1627 0.4528 0.4807 0.2610 0.1591 0.1392 0.3451 0.5152 0.3381 0.1889 0.1379 0.1974 0.4823 0.4394 0.2355 0.1505 0.1449 0.3959 0.5129 0.3053 0.1761 0.1366 0.2455 0.4982 0.4078 0.2209 0.1464 0.1496 0.4157 0.5087 0.2964 0.1738 0.1366 0.2458 0.4968 0.4147 0.2258 0.1483 0.1463 0.4010
0.1527 0.1493 0.2289 0.4209 0.4942 0.2372 0.1366 0.1753 0.3000 0.5101 0.4120 0.1489 0.1467 0.2217 0.4085 0.4982 0.2466 0.1366 0.1755 0.3032 0.5122 0.3999 0.1456 0.1497 0.2330 0.4343 0.4851 0.2038 0.1376 0.1869 0.3331 0.5155 0.3530 0.1398 0.1577 0.2572 0.4756 0.4574 0.1658 0.1412 0.2042 0.3741 0.5086 0.2894 0.1369 0.1687 0.2871 0.5051 0.4231 0.1543 0.1350 0.1543 0.4231 0.5051 0.2871 0.1687 0.1369 0.2894 0.5086 0.3741 0.2042 0.1412 0.1658 0.4574 0.4756 0.2572 0.1577 0.1398 0.3530 0.5155 0.3331 0.1869 0.1376 0.2038 0.4851 0.4343 0.2330 0.1497 0.1456 0.3999 0.5122 0.3032 0.1755 0.1366 0.2466 0.4982 0.4085 0.2217 0.1467 0.1489 0.4120 0.5101 0.3000 0.1753 0.1366 0.2372 0.4942 0.4209 0.2289 0.1493 0.1527
0.1556 0.2321 0.4271 0.4914 0.2285 0.1367 0.1770 0.3042 0.5115 0.4072 0.1480 0.1472 0.2231 0.4108 0.4976 0.2455 0.1366 0.1753 0.3021 0.5117 0.4027 0.1463 0.1491 0.2309 0.4299 0.4875 0.2101 0.1373 0.1850 0.3284 0.5156 0.3603 0.1404 0.1565 0.2535 0.4702 0.4618 0.1692 0.1406 0.2016 0.3682 0.5101 0.2985 0.1371 0.1671 0.2829 0.5027 0.4257 0.1521 0.1425 0.1739 0.1425 0.1521 0.4257 0.5027 0.2829 0.1671 0.1371 0.2985 0.5101 0.3682 0.2016 0.1406 0.1692 0.4618 0.4702 0.2535 0.1565 0.1404 0.3603 0.5156 0.3284 0.1850 0.1373 0.2101 0.4875 0.4299 0.2309 0.1491 0.1463 0.4027 0.5117 0.3021 0.1753 0.1366 0.2455 0.4976 0.4108 0.2231 0.1472 0.1480 0.4072 0.5115 0.3042 0.1770 0.1367 0.2285 0.4914 0.4271 0.2321 0.1556
0.2365 0.4333 0.4885 0.2198 0.1368 0.1789 0.3087 0.5128 0.4016 0.1469 0.1479 0.2251 0.4143 0.4964 0.2423 0.1366 0.1755 0.3021 0.5115 0.4041 0.1467 0.1487 0.2292 0.4262 0.4895 0.2158 0.1371 0.1834 0.3241 0.5156 0.3672 0.1411 0.1553 0.2500 0.4648 0.4660 0.1732 0.1400 0.1991 0.3624 0.5114 0.3075 0.1374 0.1655 0.2787 0.4996 0.4305 0.1530 0.1444 0.2086 0.3015 0.2086 0.1444 0.1530 0.4305 0.4996 0.2787 0.1655 0.1374 0.3075 0.5114 0.3624 0.1991 0.1400 0.1732 0.4660 0.4648 0.2500 0.1553 0.1411 0.3672 0.5156 0.3241 0.1834 0.1371 0.2158 0.4895 0.4262 0.2292 0.1487 0.1467 0.4041 0.5115 0.3021 0.1755 0.1366 0.2423 0.4964 0.4143 0.2251 0.1479 0.1469 0.4016 0.5128 0.3087 0.1789 0.1368 0.2198 0.4885 0.4333 0.2365
0.4348 0.4854 0.2116 0.1370 0.1809 0.3135 0.5139 0.3954 0.1458 0.1488 0.2276 0.4189 0.4947 0.2373 0.1366 0.1761 0.3032 0.5117 0.4041 0.1468 0.1485 0.2282 0.4236 0.4910 0.2206 0.1370 0.1820 0.3203 0.5154 0.3733 0.1418 0.1542 0.2468 0.4593 0.4699 0.1775 0.1394 0.1967 0.3567 0.5126 0.3164 0.1377 0.1640 0.2745 0.4959 0.4357 0.1547 0.1442 0.2137 0.3811 0.5101 0.3811 0.2137 0.1442 0.1547 0.4357 0.4959 0.2745 0.1640 0.1377 0.3164 0.5126 0.3567 0.1967 0.1394 0.1775 0.4699 0.4593 0.2468 0.1542 0.1418 0.3733 0.5154 0.3203 0.1820 0.1370 0.2206 0.4910 0.4236 0.2282 0.1485 0.1468 0.4041 0.5117 0.3032 0.1761 0.1366 0.2373 0.4947 0.4189 0.2276 0.1488 0.1458 0.3954 0.5139 0.3135 0.1809 0.1370 0.2116 0.4854 0.4348
0.4832 0.2038 0.1373 0.1829 0.3184 0.5147 0.3887 0.1447 0.1497 0.2304 0.4241 0.4926 0.2310 0.1367 0.1771 0.3053 0.5122 0.4027 0.1467 0.1485 0.2279 0.4223 0.4919 0.2240 0.1369 0.1808 0.3172 0.5151 0.3787 0.1424 0.1532 0.2438 0.4542 0.4735 0.1823 0.1389 0.1944 0.3513 0.5136 0.3249 0.1381 0.1625 0.2704 0.4919 0.4409 0.1567 0.1436 0.2126 0.3897 0.5070 0.4098 0.5070 0.3897 0.2126 0.1436 0.1567 0.4409 0.4919 0.2704 0.1625 0.1381 0.3249 0.5136 0.3513 0.1944 0.1389 0.1823 0.4735 0.4542 0.2438 0.1532 0.1424 0.3787 0.5151 0.3172 0.1808 0.1369 0.2240 0.4919 0.4223 0.2279 0.1485 0.1467 0.4027 0.5122 0.3053 0.1771 0.1367 0.2310 0.4926 0.4241 0.2304 0.1497 0.1447 0.3887 0.5147 0.3184 0.1829 0.1373 0.2038 0.4832
0.2029 0.1376 0.1850 0.3235 0.5153 0.3817 0.1436 0.1508 0.2334 0.4298 0.4900 0.2238 0.1368 0.1784 0.3082 0.5129 0.3999 0.1463 0.1487 0.2282 0.4223 0.4922 0.2258 0.1368 0.1800 0.3148 0.5147 0.3831 0.1431 0.1524 0.2412 0.4493 0.4766 0.1872 0.1385 0.1923 0.3461 0.5144 0.3332 0.1385 0.1610 0.2665 0.4874 0.4460 0.1590 0.1429 0.2103 0.3871 0.5055 0.2974 0.1463 0.2974 0.5055 0.3871 0.2103 0.1429 0.1590 0.4460 0.4874 0.2665 0.1610 0.1385 0.3332 0.5144 0.3461 0.1923 0.1385 0.1872 0.4766 0.4493 0.2412 0.1524 0.1431 0.3831 0.5147 0.3148 0.1800 0.1368 0.2258 0.4922 0.4223 0.2282 0.1487 0.1463 0.3999 0.5129 0.3082 0.1784 0.1368 0.2238 0.4900 0.4298 0.2334 0.1508 0.1436 0.3817 0.5153 0.3235 0.1850 0.1376 0.2029
0.1449 0.1871 0.3286 0.5156 0.3745 0.1427 0.1519 0.2367 0.4358 0.4872 0.2161 0.1369 0.1800 0.3118 0.5137 0.3959 0.1456 0.1491 0.2292 0.4236 0.4919 0.2258 0.1368 0.1796 0.3134 0.5145 0.3864 0.1436 0.1517 0.2389 0.4450 0.4794 0.1923 0.1381 0.1903 0.3412 0.5149 0.3411 0.1390 0.1597 0.2626 0.4828 0.4508 0.1616 0.1422 0.2078 0.3820 0.5065 0.2836 0.1364 0.1445 0.1364 0.2836 0.5065 0.3820 0.2078 0.1422 0.1616 0.4508 0.4828 0.2626 0.1597 0.1390 0.3411 0.5149 0.3412 0.1903 0.1381 0.1923 0.4794 0.4450 0.2389 0.1517 0.1436 0.3864 0.5145 0.3134 0.1796 0.1368 0.2258 0.4919 0.4236 0.2292 0.1491 0.1456 0.3959 0.5137 0.3118 0.1800 0.1369 0.2161 0.4872 0.4358 0.2367 0.1519 0.1427 0.3745 0.5156 0.3286 0.1871 0.1449
0.1924 0.3339 0.5156 0.3670 0.1418 0.1530 0.2400 0.4419 0.4840 0.2083 0.1371 0.1818 0.3160 0.5144 0.3908 0.1449 0.1497 0.2309 0.4262 0.4910 0.2240 0.1368 0.1796 0.3129 0.5143 0.3885 0.1440 0.1512 0.2371 0.4413 0.4817 0.1971 0.1378 0.1886 0.3368 0.5153 0.3483 0.1395 0.1584 0.2590 0.4779 0.4554 0.1644 0.1415 0.2052 0.3763 0.5080 0.2877 0.1368 0.1629 0.2175 0.1629 0.1368 0.2877 0.5080 0.3763 0.2052 0.1415 0.1644 0.4554 0.4779 0.2590 0.1584 0.1395 0.3483 0.5153 0.3368 0.1886 0.1378 0.1971 0.4817 0.4413 0.2371 0.1512 0.1440 0.3885 0.5143 0.3129 0.1796 0.1368 0.2240 0.4910 0.4262 0.2309 0.1497 0.1449 0.3908 0.5144 0.3160 0.1818 0.1371 0.2083 0.4840 0.4419 0.2400 0.1530 0.1418 0.3670 0.5156 0.3339 0.1924
0.3368 0.5155 0.3593 0.1410 0.1542 0.2435 0.4480 0.4806 0.2008 0.1374 0.1838 0.3206 0.5150 0.3850 0.1440 0.1505 0.2330 0.4299 0.4895 0.2206 0.1369 0.1800 0.3134 0.5143 0.3892 0.1442 0.1509 0.2359 0.4385 0.4834 0.2013 0.1376 0.1871 0.3328 0.5156 0.3548 0.1400 0.1572 0.2556 0.4730 0.4597 0.1676 0.1408 0.2027 0.3705 0.5095 0.2955 0.1370 0.1662 0.2704 0.4039 0.2704 0.1662 0.1370 0.2955 0.5095 0.3705 0.2027 0.1408 0.1676 0.4597 0.4730 0.2556 0.1572 0.1400 0.3548 0.5156 0.3328 0.1871 0.1376 0.2013 0.4834 0.4385 0.2359 0.1509 0.1442 0.3892 0.5143 0.3134 0.1800 0.1369 0.2206 0.4895 0.4299 0.2330 0.1505 0.1440 0.3850 0.5150 0.3206 0.1838 0.1374 0.2008 0.4806 0.4480 0.2435 0.1542 0.1410 0.3593 0.5155 0.3368
0.5142 0.3514 0.1403 0.1554 0.2470 0.4541 0.4771 0.1939 0.1377 0.1858 0.3255 0.5154 0.3785 0.1432 0.1514 0.2355 0.4343 0.4875 0.2158 0.1370 0.1808 0.3148 0.5145 0.3885 0.1442 0.1508 0.2352 0.4367 0.4847 0.2046 0.1375 0.1858 0.3295 0.5156 0.3605 0.1405 0.1562 0.2525 0.4682 0.4636 0.1710 0.1403 0.2002 0.3649 0.5109 0.3040 0.1372 0.1657 0.2770 0.4878 0.4990 0.4878 0.2770 0.1657 0.1372 0.3040 0.5109 0.3649 0.2002 0.1403 0.1710 0.4636 0.4682 0.2525 0.1562 0.1405 0.3605 0.5156 0.3295 0.1858 0.1375 0.2046 0.4847 0.4367 0.2352 0.1508 0.1442 0.3885 0.5145 0.3148 0.1808 0.1370 0.2158 0.4875 0.4343 0.2355 0.1514 0.1432 0.3785 0.5154 0.3255 0.1858 0.1377 0.1939 0.4771 0.4541 0.2470 0.1554 0.1403 0.3514 0.5142
0.3470 0.1397 0.1567 0.2506 0.4600 0.4733 0.1875 0.1381 0.1880 0.3306 0.5156 0.3715 0.1423 0.1524 0.2384 0.4394 0.4851 0.2101 0.1371 0.1820 0.3172 0.5147 0.3864 0.1440 0.1509 0.2352 0.4361 0.4853 0.2068 0.1374 0.1849 0.3269 0.5156 0.3653 0.1410 0.1553 0.2497 0.4637 0.4672 0.1746 0.1397 0.1980 0.3595 0.5121 0.3125 0.1375 0.1645 0.2753 0.4943 0.4496 0.2648 0.4496 0.4943 0.2753 0.1645 0.1375 0.3125 0.5121 0.3595 0.1980 0.1397 0.1746 0.4672 0.4637 0.2497 0.1553 0.1410 0.3653 0.5156 0.3269 0.1849 0.1374 0.2068 0.4853 0.4361 0.2352 0.1509 0.1440 0.3864 0.5147 0.3172 0.1820 0.1371 0.2101 0.4851 0.4394 0.2384 0.1524 0.1423 0.3715 0.5156 0.3306 0.1880 0.1381 0.1875 0.4733 0.4600 0.2506 0.1567 0.1397 0.3470
0.1467 0.1580 0.2543 0.4657 0.4694 0.1817 0.1385 0.1902 0.3359 0.5156 0.3640 0.1415 0.1535 0.2415 0.4449 0.4823 0.2038 0.1373 0.1834 0.3203 0.5151 0.3831 0.1436 0.1512 0.2359 0.4367 0.4853 0.2076 0.1373 0.1843 0.3250 0.5156 0.3691 0.1414 0.1545 0.2473 0.4595 0.4703 0.1784 0.1393 0.1959 0.3545 0.5131 0.3206 0.1379 0.1631 0.2720 0.4928 0.4427 0.1634 0.1348 0.1634 0.4427 0.4928 0.2720 0.1631 0.1379 0.3206 0.5131 0.3545 0.1959 0.1393 0.1784 0.4703 0.4595 0.2473 0.1545 0.1414 0.3691 0.5156 0.3250 0.1843 0.1373 0.2076 0.4853 0.4367 0.2359 0.1512 0.1436 0.3831 0.5151 0.3203 0.1834 0.1373 0.2038 0.4823 0.4449 0.2415 0.1535 0.1415 0.3640 0.5156 0.3359 0.1902 0.1385 0.1817 0.4694 0.4657 0.2543 0.1580 0.1467
0.1640 0.2580 0.4713 0.4652 0.1767 0.1390 0.1925 0.3413 0.5154 0.3563 0.1407 0.1547 0.2449 0.4506 0.4791 0.1974 0.1376 0.1850 0.3241 0.5154 0.3787 0.1431 0.1517 0.2371 0.4385 0.4847 0.2068 0.1373 0.1841 0.3241 0.5155 0.3718 0.1418 0.1539 0.2453 0.4559 0.4729 0.1820 0.1389 0.1941 0.3500 0.5139 0.3282 0.1382 0.1618 0.2683 0.4893 0.4447 0.1596 0.1400 0.1675 0.1400 0.1596 0.4447 0.4893 0.2683 0.1618 0.1382 0.3282 0.5139 0.3500 0.1941 0.1389 0.1820 0.4729 0.4559 0.2453 0.1539 0.1418 0.3718 0.5155 0.3241 0.1841 0.1373 0.2068 0.4847 0.4385 0.2371 0.1517 0.1431 0.3787 0.5154 0.3241 0.1850 0.1376 0.1974 0.4791 0.4506 0.2449 0.1547 0.1407 0.3563 0.5154 0.3413 0.1925 0.1390 0.1767 0.4652 0.4713 0.2580 0.1640
0.2620 0.4767 0.4609 0.1723 0.1395 0.1948 0.3467 0.5149 0.3483 0.1401 0.1559 0.2484 0.4564 0.4756 0.1911 0.1379 0.1869 0.3284 0.5156 0.3733 0.1424 0.1524 0.2389 0.4413 0.4834 0.2046 0.1374 0.1843 0.3241 0.5155 0.3731 0.1420 0.1535 0.2438 0.4530 0.4750 0.1854 0.1386 0.1924 0.3459 0.5145 0.3351 0.1386 0.1605 0.2648 0.4853 0.4487 0.1608 0.1417 0.1993 0.2850 0.1993 0.1417 0.1608 0.4487 0.4853 0.2648 0.1605 0.1386 0.3351 0.5145 0.3459 0.1924 0.1386 0.1854 0.4750 0.4530 0.2438 0.1535 0.1420 0.3731 0.5155 0.3241 0.1843 0.1374 0.2046 0.4834 0.4413 0.2389 0.1524 0.1424 0.3733 0.5156 0.3284 0.1869 0.1379 0.1911 0.4756 0.4564 0.2484 0.1559 0.1401 0.3483 0.5149 0.3467 0.1948 0.1395 0.1723 0.4609 0.4767 0.2620
0.4773 0.4564 0.1685 0.1401 0.1972 0.3523 0.5142 0.3401 0.1394 0.1572 0.2520 0.4623 0.4718 0.1851 0.1382 0.1889 0.3331 0.5156 0.3672 0.1418 0.1532 0.2412 0.4450 0.4817 0.2013 0.1375 0.1849 0.3250 0.5155 0.3731 0.1421 0.1533 0.2429 0.4509 0.4765 0.1883 0.1383 0.1911 0.3423 0.5149 0.3412 0.1390 0.1594 0.2616 0.4811 0.4528 0.1630 0.1416 0.2042 0.3605 0.5023 0.3605 0.2042 0.1416 0.1630 0.4528 0.4811 0.2616 0.1594 0.1390 0.3412 0.5149 0.3423 0.1911 0.1383 0.1883 0.4765 0.4509 0.2429 0.1533 0.1421 0.3731 0.5155 0.3250 0.1849 0.1375 0.2013 0.4817 0.4450 0.2412 0.1532 0.1418 0.3672 0.5156 0.3331 0.1889 0.1382 0.1851 0.4718 0.4623 0.2520 0.1572 0.1394 0.3401 0.5142 0.3523 0.1972 0.1401 0.1685 0.4564 0.4773
0.4536 0.1651 0.1407 0.1996 0.3579 0.5134 0.3318 0.1389 0.1585 0.2557 0.4680 0.4678 0.1797 0.1387 0.1911 0.3381 0.5155 0.3603 0.1411 0.1542 0.2438 0.4493 0.4794 0.1971 0.1376 0.1858 0.3269 0.5156 0.3718 0.1420 0.1533 0.2426 0.4498 0.4775 0.1904 0.1382 0.1900 0.3394 0.5152 0.3466 0.1394 0.1584 0.2586 0.4769 0.4566 0.1655 0.1412 0.2035 0.3691 0.5117 0.4300 0.5117 0.3691 0.2035 0.1412 0.1655 0.4566 0.4769 0.2586 0.1584 0.1394 0.3466 0.5152 0.3394 0.1900 0.1382 0.1904 0.4775 0.4498 0.2426 0.1533 0.1420 0.3718 0.5156 0.3269 0.1858 0.1376 0.1971 0.4794 0.4493 0.2438 0.1542 0.1411 0.3603 0.5155 0.3381 0.1911 0.1387 0.1797 0.4678 0.4680 0.2557 0.1585 0.1389 0.3318 0.5134 0.3579 0.1996 0.1407 0.1651 0.4536
0.1693 0.1413 0.2021 0.3636 0.5124 0.3232 0.1384 0.1599 0.2595 0.4734 0.4636 0.1749 0.1392 0.1934 0.3434 0.5152 0.3530 0.1404 0.1553 0.2468 0.4542 0.4766 0.1923 0.1378 0.1871 0.3295 0.5156 0.3691 0.1418 0.1535 0.2429 0.4498 0.4778 0.1915 0.1381 0.1893 0.3372 0.5154 0.3508 0.1398 0.1575 0.2560 0.4730 0.4601 0.1682 0.1407 0.2017 0.3672 0.5109 0.3277 0.1524 0.3277 0.5109 0.3672 0.2017 0.1407 0.1682 0.4601 0.4730 0.2560 0.1575 0.1398 0.3508 0.5154 0.3372 0.1893 0.1381 0.1915 0.4778 0.4498 0.2429 0.1535 0.1418 0.3691 0.5156 0.3295 0.1871 0.1378 0.1923 0.4766 0.4542 0.2468 0.1553 0.1404 0.3530 0.5152 0.3434 0.1934 0.1392 0.1749 0.4636 0.4734 0.2595 0.1599 0.1384 0.3232 0.5124 0.3636 0.2021 0.1413 0.1693
0.1482 0.2047 0.3694 0.5112 0.3145 0.1380 0.1613 0.2634 0.4787 0.4592 0.1707 0.1397 0.1957 0.3489 0.5147 0.3451 0.1398 0.1565 0.2500 0.4593 0.4735 0.1872 0.1381 0.1886 0.3328 0.5156 0.3653 0.1414 0.1539 0.2438 0.4509 0.4775 0.1915 0.1380 0.1889 0.3359 0.5155 0.3539 0.1401 0.1569 0.2539 0.4696 0.4631 0.1709 0.1402 0.1998 0.3633 0.5115 0.3137 0.1377 0.1418 0.1377 0.3137 0.5115 0.3633 0.1998 0.1402 0.1709 0.4631 0.4696 0.2539 0.1569 0.1401 0.3539 0.5155 0.3359 0.1889 0.1380 0.1915 0.4775 0.4509 0.2438 0.1539 0.1414 0.3653 0.5156 0.3328 0.1886 0.1381 0.1872 0.4735 0.4593 0.2500 0.1565 0.1398 0.3451 0.5147 0.3489 0.1957 0.1397 0.1707 0.4592 0.4787 0.2634 0.1613 0.1380 0.3145 0.5112 0.3694 0.2047 0.1482
0.2096 0.3753 0.5098 0.3056 0.1376 0.1628 0.2673 0.4837 0.4546 0.1671 0.1403 0.1981 0.3545 0.5139 0.3369 0.1392 0.1577 0.2535 0.4648 0.4699 0.1823 0.1385 0.1903 0.3368 0.5156 0.3605 0.1410 0.1545 0.2453 0.4530 0.4765 0.1904 0.1381 0.1889 0.3355 0.5155 0.3559 0.1403 0.1564 0.2522 0.4667 0.4655 0.1735 0.1398 0.1981 0.3592 0.5123 0.3160 0.1377 0.1582 0.2080 0.1582 0.1377 0.3160 0.5123 0.3592 0.1981 0.1398 0.1735 0.4655 0.4667 0.2522 0.1564 0.1403 0.3559 0.5155 0.3355 0.1889 0.1381 0.1904 0.4765 0.4530 0.2453 0.1545 0.1410 0.3605 0.5156 0.3368 0.1903 0.1385 0.1823 0.4699 0.4648 0.2535 0.1577 0.1392 0.3369 0.5139 0.3545 0.1981 0.1403 0.1671 0.4546 0.4837 0.2673 0.1628 0.1376 0.3056 0.5098 0.3753 0.2096
0.3777 0.5083 0.2966 0.1373 0.1643 0.2713 0.4884 0.4498 0.1639 0.1409 0.2006 0.3601 0.5130 0.3284 0.1387 0.1591 0.2572 0.4702 0.4660 0.1775 0.1389 0.1923 0.3412 0.5153 0.3548 0.1405 0.1553 0.2473 0.4559 0.4750 0.1883 0.1382 0.1893 0.3359 0.5155 0.3565 0.1404 0.1560 0.2510 0.4645 0.4674 0.1757 0.1395 0.1966 0.3555 0.5130 0.3214 0.1379 0.1615 0.2577 0.3839 0.2577 0.1615 0.1379 0.3214 0.5130 0.3555 0.1966 0.1395 0.1757 0.4674 0.4645 0.2510 0.1561 0.1404 0.3565 0.5155 0.3359 0.1893 0.1382 0.1883 0.4750 0.4559 0.2473 0.1553 0.1405 0.3548 0.5153 0.3412 0.1923 0.1389 0.1775 0.4660 0.4702 0.2572 0.1591 0.1387 0.3284 0.5130 0.3601 0.2006 0.1409 0.1639 0.4498 0.4884 0.2713 0.1643 0.1373 0.2966 0.5083 0.3777
0.5066 0.2874 0.1370 0.1658 0.2754 0.4928 0.4449 0.1610 0.1416 0.2031 0.3659 0.5119 0.3198 0.1382 0.1604 0.2610 0.4756 0.4618 0.1732 0.1394 0.1944 0.3461 0.5149 0.3483 0.1400 0.1562 0.2497 0.4595 0.4729 0.1854 0.1383 0.1900 0.3372 0.5155 0.3559 0.1404 0.1559 0.2504 0.4631 0.4687 0.1775 0.1393 0.1954 0.3524 0.5136 0.3267 0.1382 0.1614 0.2648 0.4725 0.5053 0.4725 0.2648 0.1614 0.1382 0.3267 0.5136 0.3524 0.1954 0.1393 0.1775 0.4687 0.4631 0.2505 0.1559 0.1404 0.3559 0.5155 0.3372 0.1900 0.1383 0.1854 0.4729 0.4595 0.2497 0.1562 0.1400 0.3483 0.5149 0.3461 0.1944 0.1394 0.1732 0.4618 0.4756 0.2610 0.1604 0.1382 0.3198 0.5119 0.3659 0.2031 0.1416 0.1610 0.4449 0.4928 0.2754 0.1658 0.1370 0.2874 0.5066
0.2829 0.1368 0.1674 0.2796 0.4968 0.4398 0.1585 0.1423 0.2057 0.3718 0.5106 0.3110 0.1378 0.1619 0.2649 0.4807 0.4574 0.1692 0.1400 0.1967 0.3513 0.5144 0.3411 0.1395 0.1572 0.2525 0.4637 0.4703 0.1820 0.1386 0.1911 0.3394 0.5154 0.3539 0.1403 0.1560 0.2504 0.4627 0.4693 0.1787 0.1391 0.1945 0.3499 0.5140 0.3313 0.1385 0.1607 0.2644 0.4814 0.4628 0.2924 0.4628 0.4814 0.2644 0.1607 0.1385 0.3313 0.5140 0.3499 0.1945 0.1391 0.1787 0.4693 0.4627 0.2505 0.1561 0.1403 0.3539 0.5154 0.3394 0.1911 0.1386 0.1820 0.4703 0.4637 0.2525 0.1572 0.1395 0.3411 0.5144 0.3513 0.1967 0.1400 0.1692 0.4574 0.4807 0.2649 0.1619 0.1378 0.3110 0.5106 0.3718 0.2057 0.1423 0.1585 0.4398 0.4968 0.2796 0.1674 0.1368 0.2829
0.1442 0.1691 0.2839 0.5004 0.4345 0.1562 0.1430 0.2084 0.3776 0.5092 0.3021 0.1375 0.1634 0.2689 0.4856 0.4528 0.1658 0.1406 0.1991 0.3567 0.5136 0.3332 0.1390 0.1584 0.2556 0.4682 0.4672 0.1784 0.1389 0.1924 0.3423 0.5152 0.3508 0.1401 0.1564 0.2510 0.4631 0.4693 0.1791 0.1390 0.1940 0.3482 0.5143 0.3350 0.1387 0.1600 0.2627 0.4811 0.4557 0.1738 0.1351 0.1738 0.4557 0.4811 0.2627 0.1600 0.1387 0.3350 0.5143 0.3482 0.1940 0.1390 0.1791 0.4693 0.4631 0.2510 0.1564 0.1401 0.3508 0.5152 0.3423 0.1924 0.1389 0.1784 0.4672 0.4682 0.2556 0.1584 0.1390 0.3332 0.5136 0.3567 0.1991 0.1406 0.1658 0.4528 0.4856 0.2689 0.1634 0.1375 0.3021 0.5092 0.3776 0.2084 0.1430 0.1562 0.4345 0.5004 0.2839 0.1691 0.1442
0.1747 0.2882 0.5035 0.4289 0.1541 0.1438 0.2111 0.3836 0.5076 0.2930 0.1372 0.1649 0.2729 0.4902 0.4479 0.1627 0.1412 0.2016 0.3624 0.5126 0.3249 0.1385 0.1597 0.2590 0.4730 0.4636 0.1746 0.1393 0.1941 0.3459 0.5149 0.3466 0.1398 0.1569 0.2522 0.4645 0.4687 0.1787 0.1390 0.1938 0.3474 0.5145 0.3375 0.1389 0.1594 0.2609 0.4791 0.4559 0.1670 0.1385 0.1632 0.1385 0.1670 0.4559 0.4791 0.2609 0.1594 0.1389 0.3375 0.5145 0.3474 0.1938 0.1390 0.1787 0.4687 0.4645 0.2522 0.1569 0.1398 0.3466 0.5149 0.3459 0.1941 0.1393 0.1746 0.4636 0.4730 0.2590 0.1597 0.1385 0.3249 0.5126 0.3624 0.2016 0.1412 0.1627 0.4479 0.4902 0.2729 0.1649 0.1372 0.2930 0.5076 0.3836 0.2111 0.1438 0.1541 0.4289 0.5035 0.2882 0.1747
0.2918 0.5063 0.4232 0.1523 0.1446 0.2139 0.3897 0.5058 0.2838 0.1369 0.1665 0.2770 0.4944 0.4429 0.1600 0.1419 0.2042 0.3682 0.5114 0.3164 0.1381 0.1610 0.2626 0.4779 0.4597 0.1710 0.1397 0.1959 0.3500 0.5145 0.3412 0.1394 0.1575 0.2539 0.4667 0.4674 0.1775 0.1391 0.1940 0.3474 0.5145 0.3387 0.1390 0.1590 0.2596 0.4772 0.4575 0.1671 0.1403 0.1934 0.2741 0.1934 0.1403 0.1671 0.4575 0.4772 0.2596 0.1590 0.1390 0.3387 0.5145 0.3474 0.1940 0.1391 0.1775 0.4674 0.4667 0.2539 0.1575 0.1394 0.3412 0.5145 0.3500 0.1959 0.1397 0.1710 0.4597 0.4779 0.2626 0.1610 0.1381 0.3164 0.5114 0.3682 0.2042 0.1419 0.1600 0.4429 0.4944 0.2770 0.1665 0.1369 0.2838 0.5058 0.3897 0.2139 0.1446 0.1523 0.4232 0.5063 0.2918
0.5058 0.4174 0.1506 0.1455 0.2167 0.3958 0.5038 0.2746 0.1368 0.1681 0.2813 0.4982 0.4377 0.1575 0.1426 0.2068 0.3741 0.5101 0.3075 0.1377 0.1625 0.2665 0.4828 0.4554 0.1676 0.1403 0.1980 0.3545 0.5139 0.3351 0.1390 0.1584 0.2560 0.4696 0.4655 0.1757 0.1393 0.1945 0.3482 0.5145 0.3387 0.1391 0.1588 0.2587 0.4756 0.4589 0.1681 0.1404 0.1991 0.3480 0.4946 0.3480 0.1991 0.1405 0.1681 0.4590 0.4756 0.2587 0.1588 0.1391 0.3387 0.5145 0.3482 0.1945 0.1393 0.1757 0.4655 0.4696 0.2560 0.1584 0.1390 0.3351 0.5139 0.3545 0.1980 0.1403 0.1676 0.4554 0.4828 0.2665 0.1625 0.1377 0.3075 0.5101 0.3741 0.2068 0.1426 0.1575 0.4377 0.4982 0.2813 0.1681 0.1368 0.2746 0.5038 0.3958 0.2167 0.1455 0.1506 0.4174 0.5058
0.4139 0.1490 0.1464 0.2196 0.4020 0.5017 0.2652 0.1366 0.1698 0.2856 0.5016 0.4323 0.1553 0.1433 0.2094 0.3800 0.5086 0.2985 0.1374 0.1640 0.2704 0.4874 0.4508 0.1644 0.1408 0.2002 0.3595 0.5131 0.3282 0.1386 0.1594 0.2586 0.4730 0.4631 0.1735 0.1395 0.1954 0.3499 0.5143 0.3375 0.1390 0.1588 0.2584 0.4749 0.4600 0.1691 0.1404 0.1995 0.3588 0.5134 0.4407 0.5134 0.3587 0.1996 0.1403 0.1692 0.4600 0.4747 0.2584 0.1588 0.1390 0.3375 0.5143 0.3499 0.1954 0.1395 0.1735 0.4631 0.4730 0.2586 0.1594 0.1386 0.3282 0.5131 0.3595 0.2002 0.1408 0.1644 0.4508 0.4874 0.2704 0.1640 0.1374 0.2985 0.5086 0.3800 0.2094 0.1433 0.1553 0.4323 0.5016 0.2856 0.1698 0.1366 0.2652 0.5017 0.4020 0.2196 0.1464 0.1490 0.4139
0.1552 0.1473 0.2226 0.4082 0.4994 0.2560 0.1366 0.1715 0.2900 0.5046 0.4267 0.1534 0.1441 0.2122 0.3860 0.5069 0.2894 0.1371 0.1655 0.2745 0.4919 0.4460 0.1616 0.1415 0.2027 0.3649 0.5121 0.3206 0.1382 0.1605 0.2616 0.4769 0.4601 0.1709 0.1398 0.1966 0.3524 0.5140 0.3350 0.1389 0.1590 0.2587 0.4749 0.4616 0.1697 0.1403 0.1997 0.3585 0.5128 0.3415 0.1559 0.3409 0.5126 0.3601 0.1991 0.1401 0.1694 0.4616 0.4753 0.2587 0.1590 0.1389 0.3350 0.5140 0.3524 0.1966 0.1398 0.1709 0.4601 0.4769 0.2616 0.1605 0.1382 0.3206 0.5121 0.3649 0.2027 0.1415 0.1616 0.4460 0.4919 0.2745 0.1655 0.1371 0.2894 0.5069 0.3860 0.2122 0.1441 0.1534 0.4267 0.5046 0.2900 0.1715 0.1366 0.2560 0.4994 0.4082 0.2226 0.1473 0.1552
0.1537 0.2257 0.4144 0.4970 0.2468 0.1366 0.1732 0.2944 0.5072 0.4210 0.1516 0.1450 0.2150 0.3921 0.5050 0.2802 0.1369 0.1671 0.2787 0.4959 0.4409 0.1590 0.1422 0.2052 0.3705 0.5109 0.3125 0.1379 0.1618 0.2648 0.4811 0.4566 0.1682 0.1402 0.1981 0.3555 0.5136 0.3313 0.1387 0.1594 0.2596 0.4757 0.4599 0.1692 0.1401 0.1989 0.3588 0.5128 0.3267 0.1387 0.1408 0.1386 0.3276 0.5127 0.3598 0.1989 0.1402 0.1686 0.4597 0.4757 0.2596 0.1594 0.1387 0.3313 0.5136 0.3555 0.1981 0.1402 0.1682 0.4566 0.4811 0.2648 0.1618 0.1379 0.3125 0.5109 0.3705 0.2052 0.1422 0.1590 0.4409 0.4959 0.2787 0.1671 0.1369 0.2802 0.5050 0.3921 0.2150 0.1450 0.1516 0.4210 0.5072 0.2944 0.1732 0.1366 0.2468 0.4970 0.4144 0.2257 0.1537
0.2302 0.4206 0.4944 0.2378 0.1366 0.1750 0.2990 0.5094 0.4150 0.1500 0.1458 0.2178 0.3981 0.5030 0.2710 0.1367 0.1687 0.2829 0.4996 0.4357 0.1567 0.1429 0.2078 0.3763 0.5095 0.3040 0.1375 0.1631 0.2683 0.4853 0.4528 0.1655 0.1407 0.1998 0.3592 0.5130 0.3267 0.1385 0.1600 0.2609 0.4771 0.4589 0.1691 0.1403 0.1986 0.3566 0.5125 0.3225 0.1383 0.1566 0.2045 0.1562 0.1380 0.3211 0.5125 0.3577 0.1985 0.1403 0.1678 0.4588 0.4772 0.2609 0.1600 0.1385 0.3267 0.5130 0.3592 0.1998 0.1407 0.1655 0.4528 0.4853 0.2683 0.1631 0.1375 0.3040 0.5095 0.3763 0.2078 0.1429 0.1567 0.4357 0.4996 0.2829 0.1687 0.1367 0.2710 0.5030 0.3981 0.2178 0.1458 0.1500 0.4150 0.5094 0.2990 0.1750 0.1366 0.2378 0.4944 0.4206 0.2302
0.4220 0.4917 0.2292 0.1367 0.1768 0.3034 0.5111 0.4091 0.1485 0.1467 0.2206 0.4040 0.5009 0.2621 0.1366 0.1703 0.2871 0.5027 0.4305 0.1547 0.1436 0.2103 0.3820 0.5080 0.2955 0.1372 0.1645 0.2720 0.4893 0.4487 0.1630 0.1412 0.2017 0.3633 0.5123 0.3214 0.1382 0.1607 0.2627 0.4791 0.4575 0.1682 0.1403 0.1991 0.3579 0.5128 0.3211 0.1381 0.1603 0.2543 0.3771 0.2535 0.1603 0.1381 0.3212 0.5129 0.3563 0.1992 0.1404 0.1681 0.4575 0.4791 0.2627 0.1607 0.1382 0.3214 0.5123 0.3633 0.2017 0.1412 0.1630 0.4487 0.4893 0.2720 0.1645 0.1372 0.2955 0.5080 0.3820 0.2103 0.1436 0.1547 0.4305 0.5027 0.2871 0.1703 0.1366 0.2621 0.5009 0.4040 0.2206 0.1467 0.1485 0.4091 0.5111 0.3034 0.1768 0.1367 0.2292 0.4917 0.4220
0.4901 0.2217 0.1367 0.1784 0.3075 0.5124 0.4037 0.1473 0.1474 0.2231 0.4093 0.4989 0.2542 0.1365 0.1717 0.2908 0.5051 0.4257 0.1530 0.1442 0.2126 0.3871 0.5065 0.2877 0.1370 0.1657 0.2753 0.4928 0.4447 0.1608 0.1416 0.2035 0.3672 0.5115 0.3160 0.1379 0.1614 0.2644 0.4811 0.4559 0.1671 0.1404 0.1995 0.3592 0.5126 0.3234 0.1381 0.1612 0.2621 0.4683 0.5065 0.4687 0.2626 0.1613 0.1380 0.3223 0.5130 0.3589 0.1997 0.1405 0.1671 0.4559 0.4811 0.2644 0.1614 0.1379 0.3160 0.5115 0.3672 0.2035 0.1416 0.1608 0.4447 0.4928 0.2753 0.1657 0.1370 0.2877 0.5065 0.3871 0.2126 0.1442 0.1530 0.4257 0.5051 0.2908 0.1717 0.1365 0.2542 0.4989 0.4093 0.2231 0.1474 0.1473 0.4037 0.5124 0.3075 0.1784 0.1367 0.2217 0.4901
0.2242 0.1367 0.1790 0.3095 0.5127 0.4009 0.1466 0.1477 0.2243 0.4119 0.4977 0.2501 0.1364 0.1723 0.2926 0.5061 0.4231 0.1521 0.1444 0.2137 0.3897 0.5055 0.2836 0.1368 0.1662 0.2770 0.4943 0.4427 0.1596 0.1417 0.2042 0.3691 0.5109 0.3137 0.1377 0.1615 0.2648 0.4814 0.4557 0.1670 0.1403 0.1990 0.3586 0.5130 0.3254 0.1382 0.1605 0.2636 0.4776 0.4661 0.3022 0.4656 0.4790 0.2640 0.1610 0.1382 0.3292 0.5128 0.3599 0.1991 0.1403 0.1670 0.4557 0.4814 0.2648 0.1615 0.1377 0.3137 0.5109 0.3691 0.2042 0.1417 0.1596 0.4427 0.4943 0.2770 0.1662 0.1368 0.2836 0.5055 0.3897 0.2137 0.1444 0.1521 0.4231 0.5061 0.2926 0.1723 0.1364 0.2501 0.4977 0.4119 0.2243 0.1477 0.1466 0.4009 0.5127 0.3095 0.1790 0.1367 0.2242
0.1431 0.1751 0.3023 0.5099 0.4104 0.1481 0.1454 0.2189 0.4031 0.5001 0.2640 0.1357 0.1687 0.2858 0.5015 0.4313 0.1543 0.1425 0.2086 0.3811 0.5070 0.2974 0.1364 0.1629 0.2704 0.4878 0.4496 0.1634 0.1400 0.1993 0.3605 0.5117 0.3277 0.1377 0.1582 0.2577 0.4725 0.4628 0.1738 0.1385 0.1934 0.3480 0.5134 0.3447 0.1385 0.1562 0.2543 0.4674 0.4661 0.1915 0.1351 0.1870 0.4656 0.4692 0.2549 0.1568 0.1385 0.3404 0.5133 0.3480 0.1934 0.1385 0.1738 0.4628 0.4725 0.2577 0.1582 0.1377 0.3277 0.5117 0.3605 0.1993 0.1400 0.1634 0.4496 0.4878 0.2704 0.1629 0.1364 0.2974 0.5070 0.3811 0.2086 0.1425 0.1543 0.4313 0.5015 0.2858 0.1687 0.1357 0.2640 0.5001 0.4031 0.2189 0.1454 0.1481 0.4104 0.5099 0.3023 0.1751 0.1431
0.1572 0.2412 0.4491 0.4788 0.2015 0.1358 0.1810 0.3194 0.5136 0.3863 0.1418 0.1479 0.2287 0.4266 0.4900 0.2317 0.1350 0.1739 0.3015 0.5101 0.4098 0.1463 0.1445 0.2175 0.4039 0.4990 0.2648 0.1348 0.1675 0.2850 0.5023 0.4300 0.1524 0.1418 0.2080 0.3839 0.5053 0.2924 0.1351 0.1632 0.2741 0.4946 0.4407 0.1574 0.1407 0.2044 0.3787 0.5068 0.3005 0.1351 0.1400 0.1351 0.3019 0.5064 0.3785 0.2036 0.1404 0.1570 0.4399 0.4946 0.2741 0.1632 0.1351 0.2924 0.5053 0.3839 0.2080 0.1418 0.1524 0.4300 0.5023 0.2850 0.1675 0.1348 0.2648 0.4990 0.4039 0.2175 0.1445 0.1463 0.4098 0.5101 0.3015 0.1739 0.1350 0.2317 0.4900 0.4266 0.2287 0.1479 0.1418 0.3863 0.5136 0.3194 0.1810 0.1358 0.2015 0.4788 0.4491 0.2412 0.1572
0.1431 0.1751 0.3023 0.5099 0.4104 0.1481 0.1454 0.2189 0.4031 0.5001 0.2640 0.1357 0.1687 0.2858 0.5015 0.4313 0.1543 0.1425 0.2086 0.3811 0.5070 0.2974 0.1364 0.1629 0.2704 0.4878 0.4496 0.1634 0.1400 0.1993 0.3605 0.5117 0.3277 0.1377 0.1582 0.2577 0.4725 0.4628 0.1738 0.1385 0.1934 0.3480 0.5134 0.3389 0.1383 0.1564 0.2530 0.4668 0.4665 0.1886 0.1350 0.1870 0.4669 0.4703 0.2536 0.1564 0.1387 0.3451 0.5136 0.3477 0.1934 0.1385 0.1738 0.4628 0.4725 0.2577 0.1582 0.1377 0.3277 0.5117 0.3605 0.1993 0.1400 0.1634 0.4496 0.4878 0.2704 0.1629 0.1364 0.2974 0.5070 0.3811 0.2086 0.1425 0.1543 0.4313 0.5015 0.2858 0.1687 0.1357 0.2640 0.5001 0.4031 0.2189 0.1454 0.1481 0.4104 0.5099 0.3023 0.1751 0.1431
0.2242 0.1367 0.1790 0.3095 0.5127 0.4009 0.1466 0.1477 0.2243 0.4119 0.4977 0.2501 0.1364 0.1723 0.2926 0.5061 0.4231 0.1521 0.1444 0.2137 0.3897 0.5055 0.2836 0.1368 0.1662 0.2770 0.4943 0.4427 0.1596 0.1417 0.2042 0.3691 0.5109 0.3137 0.1377 0.1615 0.2648 0.4814 0.4557 0.1670 0.1403 0.1990 0.3586 0.5129 0.3248 0.1380 0.1602 0.2623 0.4792 0.4658 0.3017 0.4653 0.4769 0.2655 0.1613 0.1382 0.3246 0.5130 0.3552 0.1989 0.1403 0.1670 0.4557 0.4814 0.2648 0.1615 0.1377 0.3137 0.5109 0.3691 0.2042 0.1417 0.1596 0.4427 0.4943 0.2770 0.1662 0.1368 0.2836 0.5055 0.3897 0.2137 0.1444 0.1521 0.4231 0.5061 0.2926 0.1723 0.1364 0.2501 0.4977 0.4119 0.2243 0.1477 0.1466 0.4009 0.5127 0.3095 0.1790 0.1367 0.2242
0.4901 0.2217 0.1367 0.1784 0.3075 0.5124 0.4037 0.1473 0.1474 0.2231 0.4093 0.4989 0.2542 0.1365 0.1717 0.2908 0.5051 0.4257 0.1530 0.1442 0.2126 0.3871 0.5065 0.2877 0.1370 0.1657 0.2753 0.4928 0.4447 0.1608 0.1416 0.2035 0.3672 0.5115 0.3160 0.1379 0.1614 0.2644 0.4811 0.4559 0.1671 0.1405 0.1997 0.3625 0.5122 0.3179 0.1380 0.1610 0.2640 0.4690 0.5069 0.4681 0.2635 0.1614 0.1381 0.3220 0.5127 0.3597 0.2002 0.1405 0.1671 0.4559 0.4811 0.2644 0.1614 0.1379 0.3160 0.5115 0.3672 0.2035 0.1416 0.1608 0.4447 0.4928 0.2753 0.1657 0.1370 0.2877 0.5065 0.3871 0.2126 0.1442 0.1530 0.4257 0.5051 0.2908 0.1717 0.1365 0.2542 0.4989 0.4093 0.2231 0.1474 0.1473 0.4037 0.5124 0.3075 0.1784 0.1367 0.2217 0.4901
0.4220 0.4917 0.2292 0.1367 0.1768 0.3034 0.5111 0.4091 0.1485 0.1467 0.2206 0.4040 0.5009 0.2621 0.1366 0.1703 0.2871 0.5027 0.4305 0.1547 0.1436 0.2103 0.3820 0.5080 0.2955 0.1372 0.1645 0.2720 0.4893 0.4487 0.1630 0.1412 0.2017 0.3633 0.5123 0.3214 0.1382 0.1607 0.2627 0.4791 0.4575 0.1681 0.1404 0.2000 0.3605 0.5126 0.3209 0.1381 0.1607 0.2543 0.3782 0.2544 0.1610 0.1379 0.3203 0.5122 0.3616 0.1994 0.1403 0.1683 0.4575 0.4791 0.2627 0.1607 0.1382 0.3214 0.5123 0.3633 0.2017 0.1412 0.1630 0.4487 0.4893 0.2720 0.1645 0.1372 0.2955 0.5080 0.3820 0.2103 0.1436 0.1547 0.4305 0.5027 0.2871 0.1703 0.1366 0.2621 0.5009 0.4040 0.2206 0.1467 0.1485 0.4091 0.5111 0.3034 0.1768 0.1367 0.2292 0.4917 0.4220
0.2302 0.4206 0.4944 0.2378 0.1366 0.1750 0.2990 0.5094 0.4150 0.1500 0.1458 0.2178 0.3981 0.5030 0.2710 0.1367 0.1687 0.2829 0.4996 0.4357 0.1567 0.1429 0.2078 0.3763 0.5095 0.3040 0.1375 0.1631 0.2683 0.4853 0.4528 0.1655 0.1407 0.1998 0.3592 0.5130 0.3267 0.1385 0.1600 0.2609 0.4772 0.4589 0.1691 0.1403 0.1997 0.3611 0.5129 0.3235 0.1381 0.1563 0.2044 0.1569 0.1378 0.3160 0.5125 0.3610 0.1994 0.1403 0.1699 0.4590 0.4771 0.2609 0.1600 0.1385 0.3267 0.5130 0.3592 0.1998 0.1407 0.1655 0.4528 0.4853 0.2683 0.1631 0.1375 0.3040 0.5095 0.3763 0.2078 0.1429 0.1567 0.4357 0.4996 0.2829 0.1687 0.1367 0.2710 0.5030 0.3981 0.2178 0.1458 0.1500 0.4150 0.5094 0.2990 0.1750 0.1366 0.2378 0.4944 0.4206 0.2302
