-30.5928 -41.7987 -35.6764 17.4512 8.5731 -27.7590 -38.4376 -44.3900 5.8576 32.2915 -21.1140 -34.3801 -43.0167 -21.5893 22.3881 -8.7163 -29.9868 -40.0597 -42.9877 11.2371 30.6241 -24.2281 -36.2163 -43.8757 -5.2378 27.2204 -15.8900 -31.9525 -41.5060 -37.9294 16.1078 15.0834 -27.0260 -37.9777 -44.4056 4.0946 31.5322 -20.1551 -33.8628 -42.7275 -26.1958 21.0846 -5.4779 -29.4328 -39.6279 -43.6399 9.8254 32.1628 -23.1152 -35.0016 -41.5478 -35.0016 -23.1152 32.1628 9.8254 -43.6399 -39.6279 -29.4328 -5.4779 21.0846 -26.1958 -42.7275 -33.8628 -20.1551 31.5322 4.0946 -44.4056 -37.9777 -27.0260 15.0834 16.1078 -37.9294 -41.5060 -31.9525 -15.8900 27.2204 -5.2378 -43.8757 -36.2163 -24.2281 30.6241 11.2371 -42.9877 -40.0597 -29.9868 -8.7163 22.3881 -21.5893 -43.0167 -34.3801 -21.1140 32.2915 5.8576 -44.3900 -38.4376 -27.7590 8.5731 17.4512 -35.6764 -41.7987 -30.5928
-41.7987 -36.0615 17.3964 11.7307 -29.2395 -39.9724 -45.5564 5.7320 32.3927 -21.5031 -35.9667 -44.3974 -22.5287 22.1451 -7.4750 -31.6550 -41.5554 -44.0814 11.1112 31.9967 -25.0378 -37.7769 -45.1714 -5.6830 26.9057 -15.6653 -33.5766 -42.9599 -38.9707 15.9088 18.6253 -28.3224 -39.5143 -45.5923 3.9349 31.4580 -20.4286 -35.4561 -44.1264 -27.1913 20.8691 -3.6669 -31.1165 -41.1334 -44.7517 9.7335 32.9812 -24.0245 -37.1301 -45.3113 -42.8167 -45.3113 -37.1301 -24.0245 32.9812 9.7335 -44.7517 -41.1334 -31.1165 -3.6669 20.8691 -27.1913 -44.1264 -35.4561 -20.4286 31.4580 3.9349 -45.5923 -39.5143 -28.3224 18.6253 15.9088 -38.9707 -42.9599 -33.5766 -15.6653 26.9057 -5.6830 -45.1714 -37.7769 -25.0378 31.9967 11.1112 -44.0814 -41.5554 -31.6550 -7.4750 22.1451 -22.5287 -44.3974 -35.9667 -21.5031 32.3927 5.7320 -45.5564 -39.9724 -29.2395 11.7307 17.3964 -36.0615 -41.7987
-35.6764 17.3964 12.9626 -28.9716 -39.8009 -45.5837 4.9576 31.9917 -21.0021 -35.7210 -44.2668 -24.8565 21.5024 -5.7352 -31.3906 -41.3483 -44.4372 10.4375 32.5840 -24.5808 -37.5351 -45.0848 -7.5761 26.2383 -14.8507 -33.3193 -42.7824 -39.9697 15.2476 21.4978 -27.8809 -39.2834 -45.5660 2.9561 30.9124 -19.8707 -35.2032 -43.9822 -29.2711 20.2354 -1.3616 -30.8505 -40.9217 -44.9934 9.0380 33.1555 -23.6166 -37.0010 -44.9148 -19.4573 12.4681 -19.4573 -44.9148 -37.0010 -23.6166 33.1555 9.0380 -44.9934 -40.9217 -30.8505 -1.3616 20.2354 -29.2711 -43.9822 -35.2032 -19.8707 30.9124 2.9561 -45.5660 -39.2834 -27.8809 21.4978 15.2476 -39.9697 -42.7824 -33.3193 -14.8507 26.2383 -7.5761 -45.0848 -37.5351 -24.5808 32.5840 10.4375 -44.4372 -41.3483 -31.3906 -5.7352 21.5024 -24.8565 -44.2668 -35.7210 -21.0021 31.9917 4.9576 -45.5837 -39.8009 -28.9716 12.9626 17.3964 -35.6764
17.4512 11.7307 -28.9716 -39.7333 -45.5920 4.3646 31.6178 -20.5464 -35.4946 -44.1390 -26.9942 20.8966 -3.7755 -31.1284 -41.1414 -44.7376 9.7596 32.9590 -24.1200 -37.2937 -44.9947 -9.6353 25.5887 -13.9766 -33.0612 -42.6003 -40.8616 14.5998 24.0367 -27.4399 -39.0512 -45.5228 1.9044 30.3265 -19.2925 -34.9508 -43.8359 -31.1997 19.5819 1.2645 -30.5849 -40.7093 -45.1900 8.3275 33.1816 -23.1583 -36.7841 -44.7908 -16.1733 21.6941 31.0388 21.6941 -16.1733 -44.7908 -36.7841 -23.1583 33.1816 8.3275 -45.1900 -40.7093 -30.5849 1.2645 19.5819 -31.1997 -43.8359 -34.9508 -19.2925 30.3265 1.9044 -45.5228 -39.0512 -27.4399 24.0367 14.5998 -40.8616 -42.6003 -33.0612 -13.9766 25.5887 -9.6353 -44.9947 -37.2937 -24.1200 32.9590 9.7596 -44.7376 -41.1414 -31.1284 -3.7755 20.8966 -26.9942 -44.1390 -35.4946 -20.5464 31.6178 4.3646 -45.5920 -39.7333 -28.9716 11.7307 17.4512
8.5731 -29.2395 -39.8009 -45.5920 4.1354 31.3848 -20.2123 -35.3130 -44.0215 -28.8048 20.3400 -1.6644 -30.8749 -40.9361 -44.9808 9.0727 33.1499 -23.6553 -37.0499 -44.8967 -11.8590 24.9395 -13.0245 -32.8012 -42.4130 -41.6516 13.9525 26.2320 -26.9966 -38.8185 -45.4704 0.7674 29.7132 -18.6917 -34.6986 -43.6855 -32.9637 18.8844 4.2026 -30.2548 -40.4924 -45.3433 7.5913 33.0735 -22.6812 -36.5458 -44.6783 -17.2579 23.1256 -5.8155 -25.9189 -5.8155 23.1256 -17.2579 -44.6783 -36.5458 -22.6812 33.0735 7.5913 -45.3433 -40.4924 -30.2548 4.2026 18.8844 -32.9637 -43.6855 -34.6986 -18.6917 29.7132 0.7674 -45.4704 -38.8185 -26.9966 26.2320 13.9525 -41.6516 -42.4130 -32.8012 -13.0245 24.9395 -11.8590 -44.8967 -37.0499 -23.6553 33.1499 9.0727 -44.9808 -40.9361 -30.8749 -1.6644 20.3400 -28.8048 -44.0215 -35.3130 -20.2123 31.3848 4.1354 -45.5920 -39.8009 -29.2395 8.5731
-27.7590 -39.9724 -45.5837 4.3646 31.3848 -20.0887 -35.2092 -43.9368 -30.1461 19.8702 0.4411 -30.6428 -40.7408 -45.1697 8.3928 33.1843 -23.1898 -36.8065 -44.7927 -14.2203 24.2899 -11.9769 -32.5413 -42.2238 -42.3436 13.3085 28.0727 -26.5535 -38.5853 -45.4128 -0.4681 29.0858 -18.0660 -34.4446 -43.5279 -34.5756 18.1832 7.4158 -29.8324 -40.2719 -45.4569 6.8229 32.8489 -22.1882 -36.3011 -44.5623 -19.3680 22.8526 -8.3772 -31.1300 -37.8621 -31.1300 -8.3772 22.8526 -19.3680 -44.5623 -36.3011 -22.1882 32.8489 6.8229 -45.4569 -40.2719 -29.8324 7.4158 18.1832 -34.5756 -43.5279 -34.4446 -18.0660 29.0858 -0.4681 -45.4128 -38.5853 -26.5535 28.0727 13.3085 -42.3436 -42.2238 -32.5413 -11.9769 24.2899 -14.2203 -44.7927 -36.8065 -23.1898 33.1843 8.3928 -45.1697 -40.7408 -30.6428 0.4411 19.8702 -30.1461 -43.9368 -35.2092 -20.0887 31.3848 4.3646 -45.5837 -39.9724 -27.7590
-38.4376 -45.5564 4.9576 31.6178 -20.2123 -35.2092 -43.9064 -30.8672 19.5289 2.2237 -30.4467 -40.5679 -45.3071 7.7416 33.0976 -22.7348 -36.5700 -44.6859 -16.6247 23.6517 -10.8294 -32.2816 -42.0320 -42.9454 12.6662 29.5767 -26.1108 -38.3489 -45.3485 -1.8272 28.4470 -17.4070 -34.1888 -43.3644 -36.0412 17.4940 10.7992 -29.3835 -40.0506 -45.5339 6.0222 32.5272 -21.6845 -36.0537 -44.4406 -21.7069 22.3139 -7.7112 -31.5428 -41.3268 -46.4003 -41.3268 -31.5428 -7.7112 22.3139 -21.7069 -44.4406 -36.0537 -21.6845 32.5272 6.0222 -45.5339 -40.0506 -29.3835 10.7992 17.4940 -36.0412 -43.3644 -34.1888 -17.4070 28.4470 -1.8272 -45.3485 -38.3489 -26.1108 29.5767 12.6662 -42.9454 -42.0320 -32.2816 -10.8294 23.6517 -16.6247 -44.6859 -36.5700 -22.7348 33.0976 7.7416 -45.3071 -40.5679 -30.4467 2.2237 19.5289 -30.8672 -43.9064 -35.2092 -20.2123 31.6178 4.9576 -45.5564 -38.4376
-44.3900 5.7320 31.9917 -20.5464 -35.3130 -43.9368 -30.8672 19.3949 3.2484 -30.2818 -40.4351 -45.3970 7.1584 32.9338 -22.3077 -36.3455 -44.5772 -18.9732 23.0359 -9.5707 -32.0238 -41.8356 -43.4681 12.0184 30.7788 -25.6647 -38.1099 -45.2775 -3.3311 27.7982 -16.7081 -33.9331 -43.1981 -37.3584 16.8200 14.1818 -28.9381 -39.8280 -45.5778 5.1841 32.1256 -21.1700 -35.8046 -44.3125 -24.0594 21.7127 -6.2773 -31.4299 -41.3413 -45.2567 -10.0541 -45.2567 -41.3413 -31.4299 -6.2773 21.7127 -24.0594 -44.3125 -35.8046 -21.1700 32.1256 5.1841 -45.5778 -39.8280 -28.9381 14.1818 16.8200 -37.3584 -43.1981 -33.9331 -16.7081 27.7982 -3.3311 -45.2775 -38.1099 -25.6647 30.7788 12.0184 -43.4681 -41.8356 -32.0238 -9.5707 23.0359 -18.9732 -44.5772 -36.3455 -22.3077 32.9338 7.1584 -45.3970 -40.4351 -30.2818 3.2484 19.3949 -30.8672 -43.9368 -35.3130 -20.5464 31.9917 5.7320 -44.3900
5.8576 32.3927 -21.0021 -35.4946 -44.0215 -30.1461 19.5289 3.2484 -30.2047 -40.3656 -45.4461 6.7148 32.7492 -21.9391 -36.1456 -44.4723 -21.1535 22.4544 -8.2142 -31.7723 -41.6394 -43.9135 11.3696 31.7030 -25.2138 -37.8707 -45.2015 -4.9876 27.1469 -15.9676 -33.6777 -43.0284 -38.5351 16.1590 17.4139 -28.4963 -39.6017 -45.5917 4.2948 31.6560 -20.6393 -35.5532 -44.1776 -26.3345 21.0954 -4.4504 -31.2051 -41.1921 -44.8315 7.6787 23.8060 7.6787 -44.8315 -41.1921 -31.2051 -4.4504 21.0954 -26.3345 -44.1776 -35.5532 -20.6393 31.6560 4.2948 -45.5917 -39.6017 -28.4963 17.4139 16.1590 -38.5351 -43.0284 -33.6777 -15.9676 27.1469 -4.9876 -45.2015 -37.8707 -25.2138 31.7030 11.3696 -43.9135 -41.6394 -31.7723 -8.2142 22.4544 -21.1535 -44.4723 -36.1456 -21.9391 32.7492 6.7148 -45.4461 -40.3656 -30.2047 3.2484 19.5289 -30.1461 -44.0215 -35.4946 -21.0021 32.3927 5.8576
32.2915 -21.5031 -35.7210 -44.1390 -28.8048 19.8702 2.2237 -30.2818 -40.3656 -45.4614 6.4755 32.6062 -21.6627 -35.9865 -44.3803 -23.0396 21.9280 -6.8063 -31.5338 -41.4501 -44.2793 10.7318 32.3667 -24.7652 -37.6312 -45.1190 -6.8060 26.4969 -15.1795 -33.4206 -42.8521 -39.5880 15.5034 20.4048 -28.0547 -39.3722 -45.5781 3.3434 31.1293 -20.0893 -35.3020 -44.0389 -28.4736 20.4763 -2.2958 -30.9521 -40.9987 -44.9469 8.7433 32.9305 -10.9787 32.9305 8.7433 -44.9469 -40.9987 -30.9521 -2.2958 20.4763 -28.4736 -44.0389 -35.3020 -20.0893 31.1293 3.3434 -45.5781 -39.3722 -28.0547 20.4048 15.5034 -39.5880 -42.8521 -33.4206 -15.1795 26.4969 -6.8060 -45.1190 -37.6312 -24.7652 32.3667 10.7318 -44.2793 -41.4501 -31.5338 -6.8063 21.9280 -23.0396 -44.3803 -35.9865 -21.6627 32.6062 6.4755 -45.4614 -40.3656 -30.2818 2.2237 19.8702 -28.8048 -44.1390 -35.7210 -21.5031 32.2915
-21.1140 -35.9667 -44.2668 -26.9942 20.3400 0.4411 -30.4467 -40.4351 -45.4461 6.4755 32.5527 -21.5124 -35.8822 -44.3122 -24.5006 21.4885 -5.4336 -31.3188 -41.2726 -44.5730 10.1165 32.8032 -24.3262 -37.3961 -45.0311 -8.7867 25.8466 -14.3302 -33.1617 -42.6705 -40.5268 14.8512 23.0887 -27.6117 -39.1422 -45.5415 2.3249 30.5595 -19.5209 -35.0510 -43.8958 -30.4559 19.8463 0.1879 -30.6891 -40.7916 -45.1278 8.4567 33.1690 -21.8146 -32.0358 -21.8146 33.1690 8.4567 -45.1278 -40.7916 -30.6891 0.1879 19.8463 -30.4559 -43.8958 -35.0510 -19.5209 30.5595 2.3249 -45.5415 -39.1422 -27.6117 23.0887 14.8512 -40.5268 -42.6705 -33.1617 -14.3302 25.8466 -8.7867 -45.0311 -37.3961 -24.3262 32.8032 10.1165 -44.5730 -41.2726 -31.3188 -5.4336 21.4885 -24.5006 -44.3122 -35.8822 -21.5124 32.5527 6.4755 -45.4461 -40.4351 -30.4467 0.4411 20.3400 -26.9942 -44.2668 -35.9667 -21.1140
-34.3801 -44.3974 -24.8565 20.8966 -1.6644 -30.6428 -40.5679 -45.3970 6.7148 32.6062 -21.5124 -35.8456 -44.2743 -25.4139 21.1724 -4.2444 -31.1406 -41.1160 -44.7985 9.5426 33.0542 -23.9070 -37.1698 -44.9411 -10.8801 25.2064 -13.4179 -32.9046 -42.4871 -41.3550 14.2052 25.4168 -27.1697 -38.9114 -45.4921 1.2287 29.9584 -18.9324 -34.7982 -43.7453 -32.2864 19.1642 3.0068 -30.3943 -40.5768 -45.2902 7.8398 33.1063 -22.5159 -35.9481 -42.4086 -35.9481 -22.5159 33.1063 7.8398 -45.2902 -40.5768 -30.3943 3.0068 19.1642 -32.2864 -43.7453 -34.7982 -18.9324 29.9584 1.2287 -45.4921 -38.9114 -27.1697 25.4168 14.2052 -41.3550 -42.4871 -32.9046 -13.4179 25.2064 -10.8801 -44.9411 -37.1698 -23.9070 33.0542 9.5426 -44.7985 -41.1160 -31.1406 -4.2444 21.1724 -25.4139 -44.2743 -35.8456 -21.5124 32.6062 6.7148 -45.3970 -40.5679 -30.6428 -1.6644 20.8966 -24.8565 -44.3974 -34.3801
-43.0167 -22.5287 21.5024 -3.7755 -30.8749 -40.7408 -45.3071 7.1584 32.7492 -21.6627 -35.8822 -44.2743 -25.7226 21.0049 -3.4226 -31.0102 -40.9934 -44.9600 9.0340 33.1666 -23.5216 -36.9579 -44.8508 -12.9913 24.5954 -12.4556 -32.6522 -42.3022 -42.0777 13.5647 27.3852 -26.7290 -38.6774 -45.4360 0.0328 29.3350 -18.3165 -34.5434 -43.5886 -33.9657 18.4536 6.1377 -30.0072 -40.3583 -45.4173 7.1181 32.9370 -22.2866 -36.2340 -44.8409 -44.9583 -44.8409 -36.2340 -22.2866 32.9370 7.1181 -45.4173 -40.3583 -30.0072 6.1377 18.4536 -33.9657 -43.5886 -34.5434 -18.3165 29.3350 0.0328 -45.4360 -38.6774 -26.7290 27.3852 13.5647 -42.0777 -42.3022 -32.6522 -12.4556 24.5954 -12.9913 -44.8508 -36.9579 -23.5216 33.1666 9.0340 -44.9600 -40.9934 -31.0102 -3.4226 21.0049 -25.7226 -44.2743 -35.8822 -21.6627 32.7492 7.1584 -45.3071 -40.7408 -30.8749 -3.7755 21.5024 -22.5287 -43.0167
-21.5893 22.1451 -5.7352 -31.1284 -40.9361 -45.1697 7.7416 32.9338 -21.9391 -35.9865 -44.3122 -25.4139 21.0049 -3.1302 -30.9405 -40.9151 -45.0628 8.6305 33.1873 -23.1843 -36.7692 -44.7625 -15.0321 24.0270 -11.4567 -32.4097 -42.1184 -42.6955 12.9327 29.0009 -26.2873 -38.4409 -45.3737 -1.2822 28.6967 -17.6679 -34.2888 -43.4290 -35.4865 17.7617 9.4681 -29.5583 -40.1392 -45.5077 6.3413 32.6611 -21.8567 -36.1068 -44.5011 -27.7893 10.2417 -27.7893 -44.5011 -36.1068 -21.8567 32.6611 6.3413 -45.5077 -40.1392 -29.5583 9.4681 17.7617 -35.4865 -43.4290 -34.2888 -17.6679 28.6967 -1.2822 -45.3737 -38.4409 -26.2873 29.0009 12.9327 -42.6955 -42.1184 -32.4097 -11.4567 24.0270 -15.0321 -44.7625 -36.7692 -23.1843 33.1873 8.6305 -45.0628 -40.9151 -30.9405 -3.1302 21.0049 -25.4139 -44.3122 -35.9865 -21.9391 32.9338 7.7416 -45.1697 -40.9361 -31.1284 -5.7352 22.1451 -21.5893
22.3881 -7.4750 -31.3906 -41.1414 -44.9808 8.3928 33.0976 -22.3077 -36.1456 -44.3803 -24.5006 21.1724 -3.4226 -30.9405 -40.8873 -45.1128 8.3717 33.1661 -22.9173 -36.6150 -44.6835 -16.8896 23.5122 -10.4444 -32.1822 -41.9427 -43.2123 12.3228 30.2810 -25.8520 -38.2076 -45.3063 -2.7161 28.0526 -16.9859 -34.0345 -43.2657 -36.8545 17.0860 12.8531 -29.1140 -39.9160 -45.5643 5.5193 32.2921 -21.3667 -35.8898 -44.3629 -24.9072 19.4253 32.8267 19.4253 -24.9072 -44.3629 -35.8898 -21.3667 32.2921 5.5193 -45.5643 -39.9160 -29.1140 12.8531 17.0860 -36.8545 -43.2657 -34.0345 -16.9859 28.0526 -2.7161 -45.3063 -38.2076 -25.8520 30.2810 12.3228 -43.2123 -41.9427 -32.1822 -10.4444 23.5122 -16.8896 -44.6835 -36.6150 -22.9173 33.1661 8.3717 -45.1128 -40.8873 -30.9405 -3.4226 21.1724 -24.5006 -44.3803 -36.1456 -22.3077 33.0976 8.3928 -44.9808 -41.1414 -31.3906 -7.4750 22.3881
-8.7163 -31.6550 -41.3483 -44.7376 9.0727 33.1843 -22.7348 -36.3455 -44.4723 -23.0396 21.4885 -4.2444 -31.0102 -40.9151 -45.1128 8.2819 33.1435 -22.7468 -36.5046 -44.6216 -18.4201 23.0738 -9.4683 -31.9756 -41.7799 -43.6360 11.7442 31.2488 -25.4328 -37.9801 -45.2348 -4.2739 27.4115 -16.2677 -33.7787 -43.0957 -38.0864 16.4186 16.1628 -28.6706 -39.6894 -45.5896 4.6475 31.8461 -20.8471 -35.6493 -44.2309 -25.9125 20.8421 2.8136 -24.4822 2.8136 20.8421 -25.9125 -44.2309 -35.6493 -20.8471 31.8461 4.6475 -45.5896 -39.6894 -28.6706 16.1628 16.4186 -38.0864 -43.0957 -33.7787 -16.2677 27.4115 -4.2739 -45.2348 -37.9801 -25.4328 31.2488 11.7442 -43.6360 -41.7799 -31.9756 -9.4683 23.0738 -18.4201 -44.6216 -36.5046 -22.7468 33.1435 8.2819 -45.1128 -40.9151 -31.0102 -4.2444 21.4885 -23.0396 -44.4723 -36.3455 -22.7348 33.1843 9.0727 -44.7376 -41.3483 -31.6550 -8.7163
-29.9868 -41.5554 -44.4372 9.7596 33.1499 -23.1898 -36.5700 -44.5772 -21.1535 21.9280 -5.4336 -31.1406 -40.9934 -45.0628 8.3717 33.1435 -22.6882 -36.4461 -44.5821 -19.5059 22.7422 -8.6118 -31.7993 -41.6320 -43.9721 11.2085 31.9498 -25.0338 -37.7613 -45.1607 -5.9399 26.7837 -15.5166 -33.5248 -42.9217 -39.1880 15.7574 19.2742 -28.2267 -39.4622 -45.5865 3.7226 31.3408 -20.3060 -35.4011 -44.0954 -27.7683 20.5943 -1.3922 -30.1264 -36.9176 -30.1264 -1.3922 20.5943 -27.7683 -44.0954 -35.4011 -20.3060 31.3408 3.7226 -45.5865 -39.4622 -28.2267 19.2742 15.7574 -39.1880 -42.9217 -33.5248 -15.5166 26.7837 -5.9399 -45.1607 -37.7613 -25.0338 31.9498 11.2085 -43.9721 -41.6320 -31.7993 -8.6118 22.7422 -19.5059 -44.5821 -36.4461 -22.6882 33.1435 8.3717 -45.0628 -40.9934 -31.1406 -5.4336 21.9280 -21.1535 -44.5772 -36.5700 -23.1898 33.1499 9.7596 -44.4372 -41.5554 -29.9868
-40.0597 -44.0814 10.4375 32.9590 -23.6553 -36.8065 -44.6859 -18.9732 22.4544 -6.8063 -31.3188 -41.1160 -44.9600 8.6305 33.1661 -22.7468 -36.4461 -44.5687 -20.0577 22.5324 -7.9634 -31.6636 -41.5093 -44.2272 10.7363 32.4307 -24.6653 -37.5576 -45.0861 -7.6613 26.1809 -14.7426 -33.2776 -42.7483 -40.1503 15.1116 22.0640 -27.7847 -39.2341 -45.5581 2.7369 30.7895 -19.7482 -35.1498 -43.9535 -29.7236 20.0703 -0.3079 -30.5823 -40.4914 -45.9506 -40.4914 -30.5823 -0.3079 20.0703 -29.7236 -43.9535 -35.1498 -19.7482 30.7895 2.7369 -45.5581 -39.2341 -27.7847 22.0640 15.1116 -40.1503 -42.7483 -33.2776 -14.7426 26.1809 -7.6613 -45.0861 -37.5576 -24.6653 32.4307 10.7363 -44.2272 -41.5093 -31.6636 -7.9634 22.5324 -20.0577 -44.5687 -36.4461 -22.7468 33.1661 8.6305 -44.9600 -41.1160 -31.3188 -6.8063 22.4544 -18.9732 -44.6859 -36.8065 -23.6553 32.9590 10.4375 -44.0814 -40.0597
-42.9877 11.1112 32.5840 -24.1200 -37.0499 -44.7927 -16.6247 23.0359 -8.2142 -31.5338 -41.2726 -44.7985 9.0340 33.1873 -22.9173 -36.5046 -44.5821 -20.0577 22.4590 -7.6124 -31.5781 -41.4235 -44.4054 10.3463 32.7351 -24.3417 -37.3749 -45.0127 -9.3816 25.6175 -13.9556 -33.0405 -42.5770 -40.9855 14.4866 24.4803 -27.3484 -39.0036 -45.5122 1.6719 30.1988 -19.1676 -34.8965 -43.8046 -31.5952 19.4304 2.0230 -30.4706 -40.5624 -45.8307 -18.7295 -45.8307 -40.5624 -30.4706 2.0230 19.4304 -31.5952 -43.8046 -34.8965 -19.1676 30.1988 1.6719 -45.5122 -39.0036 -27.3484 24.4803 14.4866 -40.9855 -42.5770 -33.0405 -13.9556 25.6175 -9.3816 -45.0127 -37.3749 -24.3417 32.7351 10.3463 -44.4054 -41.4235 -31.5781 -7.6124 22.4590 -20.0577 -44.5821 -36.5046 -22.9173 33.1873 9.0340 -44.7985 -41.2726 -31.5338 -8.2142 23.0359 -16.6247 -44.7927 -37.0499 -24.1200 32.5840 11.1112 -42.9877
11.2371 31.9967 -24.5808 -37.2937 -44.8967 -14.2203 23.6517 -9.5707 -31.7723 -41.4501 -44.5730 9.5426 33.1666 -23.1843 -36.6150 -44.6216 -19.5059 22.5324 -7.6124 -31.5491 -41.3788 -44.5081 10.0674 32.9115 -24.0800 -37.2204 -44.9454 -11.0052 25.1063 -13.1773 -32.8194 -42.4119 -41.6965 13.8859 26.5096 -26.9229 -38.7750 -45.4590 0.5244 29.5820 -18.5598 -34.6431 -43.6506 -33.3291 18.7287 4.9167 -30.1592 -40.4174 -45.4423 4.8138 21.4789 4.8138 -45.4423 -40.4174 -30.1592 4.9167 18.7287 -33.3291 -43.6506 -34.6431 -18.5598 29.5820 0.5244 -45.4590 -38.7750 -26.9229 26.5096 13.8859 -41.6965 -42.4119 -32.8194 -13.1773 25.1063 -11.0052 -44.9454 -37.2204 -24.0800 32.9115 10.0674 -44.5081 -41.3788 -31.5491 -7.6124 22.5324 -19.5059 -44.6216 -36.6150 -23.1843 33.1666 9.5426 -44.5730 -41.4501 -31.7723 -9.5707 23.6517 -14.2203 -44.8967 -37.2937 -24.5808 31.9967 11.2371
30.6241 -25.0378 -37.5351 -44.9947 -11.8590 24.2899 -10.8294 -32.0238 -41.6394 -44.2793 10.1165 33.0542 -23.5216 -36.7692 -44.6835 -18.4201 22.7422 -7.9634 -31.5781 -41.3788 -44.5412 9.9213 32.9994 -23.8924 -37.1012 -44.8888 -12.4287 24.6637 -12.4365 -32.6184 -42.2581 -42.2809 13.3240 28.1438 -26.5139 -38.5545 -45.4022 -0.7047 28.9632 -17.9320 -34.3901 -43.4927 -34.9033 18.0342 8.1429 -29.7311 -40.2176 -45.4903 6.0140 31.4353 -5.3320 31.4353 6.0140 -45.4903 -40.2176 -29.7311 8.1429 18.0342 -34.9033 -43.4927 -34.3901 -17.9320 28.9632 -0.7047 -45.4022 -38.5545 -26.5139 28.1438 13.3240 -42.2809 -42.2581 -32.6184 -12.4365 24.6637 -12.4287 -44.8888 -37.1012 -23.8924 32.9994 9.9213 -44.5412 -41.3788 -31.5781 -7.9634 22.7422 -18.4201 -44.6835 -36.7692 -23.5216 33.0542 10.1165 -44.2793 -41.6394 -32.0238 -10.8294 24.2899 -11.8590 -44.9947 -37.5351 -25.0378 30.6241
-24.2281 -37.7769 -45.0848 -9.6353 24.9395 -11.9769 -32.2816 -41.8356 -43.9135 10.7318 32.8032 -23.9070 -36.9579 -44.7625 -16.8896 23.0738 -8.6118 -31.6636 -41.4235 -44.5081 9.9213 33.0253 -23.7927 -37.0255 -44.8471 -13.5554 24.3058 -11.7665 -32.4435 -42.1194 -42.7552 12.8074 29.4151 -26.1289 -38.3420 -45.3425 -2.0072 28.3505 -17.2879 -34.1407 -43.3313 -36.3272 17.3511 11.5230 -29.2887 -40.0011 -45.5480 5.6703 32.1425 -19.8661 -31.0481 -19.8661 32.1425 5.6703 -45.5480 -40.0011 -29.2887 11.5230 17.3511 -36.3272 -43.3313 -34.1407 -17.2879 28.3505 -2.0072 -45.3425 -38.3420 -26.1289 29.4151 12.8074 -42.7552 -42.1194 -32.4435 -11.7665 24.3058 -13.5554 -44.8471 -37.0255 -23.7927 33.0253 9.9213 -44.5081 -41.4235 -31.6636 -8.6118 23.0738 -16.8896 -44.7625 -36.9579 -23.9070 32.8032 10.7318 -43.9135 -41.8356 -32.2816 -11.9769 24.9395 -9.6353 -45.0848 -37.7769 -24.2281
-36.2163 -45.1714 -7.5761 25.5887 -13.0245 -32.5413 -42.0320 -43.4681 11.3696 32.3667 -24.3262 -37.1698 -44.8508 -15.0321 23.5122 -9.4683 -31.7993 -41.5093 -44.4054 10.0674 32.9994 -23.7927 -37.0001 -44.8259 -14.2791 24.0539 -11.2260 -32.3014 -41.9992 -43.1295 12.3444 30.3793 -25.7722 -38.1425 -45.2819 -3.3474 27.7566 -16.6299 -33.8964 -43.1685 -37.5871 16.6881 14.8562 -28.8448 -39.7789 -45.5832 4.9444 31.9376 -20.6612 -35.0099 -41.5537 -35.0099 -20.6612 31.9376 4.9444 -45.5832 -39.7789 -28.8448 14.8562 16.6881 -37.5871 -43.1685 -33.8964 -16.6299 27.7566 -3.3474 -45.2819 -38.1425 -25.7722 30.3793 12.3444 -43.1295 -41.9992 -32.3014 -11.2260 24.0539 -14.2791 -44.8259 -37.0001 -23.7927 32.9994 10.0674 -44.4054 -41.5093 -31.7993 -9.4683 23.5122 -15.0321 -44.8508 -37.1698 -24.3262 32.3667 11.3696 -43.4681 -42.0320 -32.5413 -13.0245 25.5887 -7.5761 -45.1714 -36.2163
-43.8757 -5.6830 26.2383 -13.9766 -32.8012 -42.2238 -42.9454 12.0184 31.7030 -24.7652 -37.3961 -44.9411 -12.9913 24.0270 -10.4444 -31.9756 -41.6320 -44.2272 10.3463 32.9115 -23.8924 -37.0255 -44.8259 -14.5296 23.9253 -10.8725 -32.2011 -41.9068 -43.4063 11.9536 31.0828 -25.4539 -37.9626 -45.2216 -4.7018 27.2000 -15.9726 -33.6628 -43.0084 -38.6848 16.0531 17.9766 -28.4111 -39.5546 -45.5910 4.0837 31.5176 -20.4155 -35.3252 -44.2739 -46.1650 -44.2739 -35.3252 -20.4155 31.5176 4.0837 -45.5910 -39.5546 -28.4111 17.9766 16.0531 -38.6848 -43.0084 -33.6628 -15.9726 27.2000 -4.7018 -45.2216 -37.9626 -25.4539 31.0828 11.9536 -43.4063 -41.9068 -32.2011 -10.8725 23.9253 -14.5296 -44.8259 -37.0255 -23.8924 32.9115 10.3463 -44.2272 -41.6320 -31.9756 -10.4444 24.0270 -12.9913 -44.9411 -37.3961 -24.7652 31.7030 12.0184 -42.9454 -42.2238 -32.8012 -13.9766 26.2383 -5.6830 -43.8757
-5.2378 26.9057 -14.8507 -33.0612 -42.4130 -42.3436 12.6662 30.7788 -25.2138 -37.6312 -45.0311 -10.8801 24.5954 -11.4567 -32.1822 -41.7799 -43.9721 10.7363 32.7351 -24.0800 -37.1012 -44.8471 -14.2791 23.9253 -10.7477 -32.1489 -41.8495 -43.5893 11.6552 31.5614 -25.1884 -37.8072 -45.1646 -6.0213 26.6892 -15.3339 -33.4449 -42.8538 -39.6255 15.4495 20.7594 -27.9887 -39.3327 -45.5728 3.1458 31.0053 -19.9403 -35.2017 -44.0051 -34.3803 7.8371 -34.3803 -44.0051 -35.2017 -19.9403 31.0053 3.1458 -45.5728 -39.3327 -27.9887 20.7594 15.4495 -39.6255 -42.8538 -33.4449 -15.3339 26.6892 -6.0213 -45.1646 -37.8072 -25.1884 31.5614 11.6552 -43.5893 -41.8495 -32.1489 -10.7477 23.9253 -14.2791 -44.8471 -37.1012 -24.0800 32.7351 10.7363 -43.9721 -41.7799 -32.1822 -11.4567 24.5954 -10.8801 -45.0311 -37.6312 -25.2138 30.7788 12.6662 -42.3436 -42.4130 -33.0612 -14.8507 26.9057 -5.2378
27.2204 -15.6653 -33.3193 -42.6003 -41.6516 13.3085 29.5767 -25.6647 -37.8707 -45.1190 -8.7867 25.2064 -12.4556 -32.4097 -41.9427 -43.6360 11.2085 32.4307 -24.3417 -37.2204 -44.8888 -13.5554 24.0539 -10.8725 -32.1489 -41.8299 -43.6797 11.4686 31.8543 -24.9874 -37.6830 -45.1148 -7.2243 26.2396 -14.7258 -33.2465 -42.7077 -40.4162 14.8847 23.1260 -27.5832 -39.1159 -45.5349 2.1482 30.4490 -19.3966 -34.9849 -43.8583 -32.2282 17.0770 32.4489 17.0770 -32.2282 -43.8583 -34.9849 -19.3966 30.4490 2.1482 -45.5349 -39.1159 -27.5832 23.1260 14.8847 -40.4162 -42.7077 -33.2465 -14.7258 26.2396 -7.2243 -45.1148 -37.6830 -24.9874 31.8543 11.4686 -43.6797 -41.8299 -32.1489 -10.8725 24.0539 -13.5554 -44.8888 -37.2204 -24.3417 32.4307 11.2085 -43.6360 -41.9427 -32.4097 -12.4556 25.2064 -8.7867 -45.1190 -37.8707 -25.6647 29.5767 13.3085 -41.6516 -42.6003 -33.3193 -15.6653 27.2204
-15.8900 -33.5766 -42.7824 -40.8616 13.9525 28.0727 -26.1108 -38.1099 -45.2015 -6.8060 25.8466 -13.4179 -32.6522 -42.1184 -43.2123 11.7442 31.9498 -24.6653 -37.3749 -44.9454 -12.4287 24.3058 -11.2260 -32.2011 -41.8495 -43.6797 11.4045 31.9951 -24.8587 -37.5961 -45.0765 -8.2393 25.8682 -14.1768 -33.0718 -42.5766 -41.0699 14.3647 25.0822 -27.2011 -38.9097 -45.4878 1.1042 29.8726 -18.8307 -34.7474 -43.7120 -32.9750 18.3517 14.6661 -22.4759 14.6661 18.3517 -32.9750 -43.7120 -34.7474 -18.8307 29.8726 1.1042 -45.4878 -38.9097 -27.2011 25.0822 14.3647 -41.0699 -42.5766 -33.0718 -14.1768 25.8682 -8.2393 -45.0765 -37.5961 -24.8587 31.9951 11.4045 -43.6797 -41.8495 -32.2011 -11.2260 24.3058 -12.4287 -44.9454 -37.3749 -24.6653 31.9498 11.7442 -43.2123 -42.1184 -32.6522 -13.4179 25.8466 -6.8060 -45.2015 -38.1099 -26.1108 28.0727 13.9525 -40.8616 -42.7824 -33.5766 -15.8900
-31.9525 -42.9599 -39.9697 14.5998 26.2320 -26.5535 -38.3489 -45.2775 -4.9876 26.4969 -14.3302 -32.9046 -42.3022 -42.6955 12.3228 31.2488 -25.0338 -37.5576 -45.0127 -11.0052 24.6637 -11.7665 -32.3014 -41.9068 -43.5893 11.4686 31.9951 -24.8125 -37.5500 -45.0515 -8.9872 25.5849 -13.7170 -32.9260 -42.4625 -41.5921 13.9031 26.6552 -26.8481 -38.7158 -45.4399 0.0440 29.3015 -18.2549 -34.5098 -43.5644 -34.3249 18.1592 9.3483 -28.6205 -35.9677 -28.6205 9.3483 18.1592 -34.3249 -43.5644 -34.5098 -18.2549 29.3015 0.0440 -45.4399 -38.7158 -26.8481 26.6552 13.9031 -41.5921 -42.4625 -32.9260 -13.7170 25.5849 -8.9872 -45.0515 -37.5500 -24.8125 31.9951 11.4686 -43.5893 -41.9068 -32.3014 -11.7665 24.6637 -11.0052 -45.0127 -37.5576 -25.0338 31.2488 12.3228 -42.6955 -42.3022 -32.9046 -14.3302 26.4969 -4.9876 -45.2775 -38.3489 -26.5535 26.2320 14.5998 -39.9697 -42.9599 -31.9525
-41.5060 -38.9707 15.2476 24.0367 -26.9966 -38.5853 -45.3485 -3.3311 27.1469 -15.1795 -33.1617 -42.4871 -42.0777 12.9327 30.2810 -25.4328 -37.7613 -45.0861 -9.3816 25.1063 -12.4365 -32.4435 -41.9992 -43.4063 11.6552 31.8543 -24.8587 -37.5500 -45.0421 -9.3789 25.4068 -13.3768 -32.8148 -42.3690 -41.9933 13.5093 27.8674 -26.5336 -38.5379 -45.3917 -1.0181 28.7636 -17.6883 -34.2812 -43.4162 -35.6676 17.6214 10.6916 -29.1794 -39.6366 -45.3984 -39.6366 -29.1794 10.6916 17.6214 -35.6676 -43.4162 -34.2812 -17.6883 28.7636 -1.0181 -45.3917 -38.5379 -26.5336 27.8674 13.5093 -41.9933 -42.3690 -32.8148 -13.3768 25.4068 -9.3789 -45.0421 -37.5500 -24.8587 31.8543 11.6552 -43.4063 -41.9992 -32.4435 -12.4365 25.1063 -9.3816 -45.0861 -37.7613 -25.4328 30.2810 12.9327 -42.0777 -42.4871 -33.1617 -15.1795 27.1469 -3.3311 -45.3485 -38.5853 -26.9966 24.0367 15.2476 -38.9707 -41.5060
-37.9294 15.9088 21.4978 -27.4399 -38.8185 -45.4128 -1.8272 27.7982 -15.9676 -33.4206 -42.6705 -41.3550 13.5647 29.0009 -25.8520 -37.9801 -45.1607 -7.6613 25.6175 -13.1773 -32.6184 -42.1194 -43.1295 11.9536 31.5614 -24.9874 -37.5961 -45.0515 -9.3789 25.3478 -13.1978 -32.7434 -42.3027 -42.2762 13.1946 28.7606 -26.2647 -38.3835 -45.3446 -2.0669 28.2617 -17.1394 -34.0659 -43.2717 -36.8728 17.0320 13.3747 -28.9763 -39.7679 -45.9975 -27.2774 -45.9975 -39.7679 -28.9763 13.3747 17.0320 -36.8728 -43.2717 -34.0659 -17.1394 28.2617 -2.0669 -45.3446 -38.3835 -26.2647 28.7606 13.1946 -42.2762 -42.3027 -32.7434 -13.1978 25.3478 -9.3789 -45.0515 -37.5961 -24.9874 31.5614 11.9536 -43.1295 -42.1194 -32.6184 -13.1773 25.6175 -7.6613 -45.1607 -37.9801 -25.8520 29.0009 13.5647 -41.3550 -42.6705 -33.4206 -15.9676 27.7982 -1.8272 -45.4128 -38.8185 -27.4399 21.4978 15.9088 -37.9294
16.1078 18.6253 -27.8809 -39.0512 -45.4704 -0.4681 28.4470 -16.7081 -33.6777 -42.8521 -40.5268 14.2052 27.3852 -26.2873 -38.2076 -45.2348 -5.9399 26.1809 -13.9556 -32.8194 -42.2581 -42.7552 12.3444 31.0828 -25.1884 -37.6830 -45.0765 -8.9872 25.4068 -13.1978 -32.7193 -42.2674 -42.4477 12.9735 29.3692 -26.0503 -38.2541 -45.3029 -3.0463 27.8049 -16.6121 -33.8671 -43.1359 -37.9170 16.4628 16.1986 -28.6291 -39.6401 -45.5783 1.3460 19.2474 1.3460 -45.5783 -39.6401 -28.6291 16.1986 16.4628 -37.9170 -43.1359 -33.8671 -16.6121 27.8049 -3.0463 -45.3029 -38.2541 -26.0503 29.3692 12.9735 -42.4477 -42.2674 -32.7193 -13.1978 25.4068 -8.9872 -45.0765 -37.6830 -25.1884 31.0828 12.3444 -42.7552 -42.2581 -32.8194 -13.9556 26.1809 -5.9399 -45.2348 -38.2076 -26.2873 27.3852 14.2052 -40.5268 -42.8521 -33.6777 -16.7081 28.4470 -0.4681 -45.4704 -39.0512 -27.8809 18.6253 16.1078
15.0834 -28.3224 -39.2834 -45.5228 0.7674 29.0858 -17.4070 -33.9331 -43.0284 -39.5880 14.8512 25.4168 -26.7290 -38.4409 -45.3063 -4.2739 26.7837 -14.7426 -33.0405 -42.4119 -42.2809 12.8074 30.3793 -25.4539 -37.8072 -45.1148 -8.2393 25.5849 -13.3768 -32.7434 -42.2674 -42.5070 12.8595 29.7182 -25.8989 -38.1565 -45.2687 -3.8969 27.4179 -16.1324 -33.6885 -43.0077 -38.7953 15.9335 18.7811 -28.2628 -39.4595 -45.5796 2.8930 29.3246 3.3852 29.3246 2.8930 -45.5796 -39.4595 -28.2628 18.7811 15.9335 -38.7953 -43.0077 -33.6885 -16.1324 27.4179 -3.8969 -45.2687 -38.1565 -25.8989 29.7182 12.8595 -42.5070 -42.2674 -32.7434 -13.3768 25.5849 -8.2393 -45.1148 -37.8072 -25.4539 30.3793 12.8074 -42.2809 -42.4119 -33.0405 -14.7426 26.7837 -4.2739 -45.3063 -38.4409 -26.7290 25.4168 14.8512 -39.5880 -43.0284 -33.9331 -17.4070 29.0858 0.7674 -45.5228 -39.2834 -28.3224 15.0834
-27.0260 -39.5143 -45.5660 1.9044 29.7132 -18.0660 -34.1888 -43.1981 -38.5351 15.5034 23.0887 -27.1697 -38.6774 -45.3737 -2.7161 27.4115 -15.5166 -33.2776 -42.5770 -41.6965 13.3240 29.4151 -25.7722 -37.9626 -45.1646 -7.2243 25.8682 -13.7170 -32.8148 -42.3027 -42.4477 12.8595 29.8344 -25.8208 -38.0964 -45.2430 -4.5598 27.1175 -15.7297 -33.5371 -42.8939 -39.5139 15.4548 20.9949 -27.9114 -39.2739 -45.5592 2.5717 30.3436 -17.7528 -30.0567 -17.7528 30.3436 2.5717 -45.5592 -39.2739 -27.9114 20.9949 15.4548 -39.5139 -42.8939 -33.5371 -15.7297 27.1175 -4.5598 -45.2430 -38.0964 -25.8208 29.8344 12.8595 -42.4477 -42.3027 -32.8148 -13.7170 25.8682 -7.2243 -45.1646 -37.9626 -25.7722 29.4151 13.3240 -41.6965 -42.5770 -33.2776 -15.5166 27.4115 -2.7161 -45.3737 -38.6774 -27.1697 23.0887 15.5034 -38.5351 -43.1981 -34.1888 -18.0660 29.7132 1.9044 -45.5660 -39.5143 -27.0260
-37.9777 -45.5923 2.9561 30.3265 -18.6917 -34.4446 -43.3644 -37.3584 16.1590 20.4048 -27.6117 -38.9114 -45.4360 -1.2822 28.0526 -16.2677 -33.5248 -42.7483 -40.9855 13.8859 28.1438 -26.1289 -38.1425 -45.2216 -6.0213 26.2396 -14.1768 -32.9260 -42.3690 -42.2762 12.9735 29.7182 -25.8208 -38.0752 -45.2293 -4.9866 26.9077 -15.4206 -33.4196 -42.8012 -40.0758 15.0424 22.8056 -27.5923 -39.0996 -45.5259 1.8415 30.1578 -18.7574 -34.1272 -40.7247 -34.1272 -18.7574 30.1578 1.8415 -45.5259 -39.0996 -27.5923 22.8056 15.0424 -40.0758 -42.8012 -33.4196 -15.4206 26.9077 -4.9866 -45.2293 -38.0752 -25.8208 29.7182 12.9735 -42.2762 -42.3690 -32.9260 -14.1768 26.2396 -6.0213 -45.2216 -38.1425 -26.1289 28.1438 13.8859 -40.9855 -42.7483 -33.5248 -16.2677 28.0526 -1.2822 -45.4360 -38.9114 -27.6117 20.4048 16.1590 -37.3584 -43.3644 -34.4446 -18.6917 30.3265 2.9561 -45.5923 -37.9777
-44.4056 3.9349 30.9124 -19.2925 -34.6986 -43.5279 -36.0412 16.8200 17.4139 -28.0547 -39.1422 -45.4921 0.0328 28.6967 -16.9859 -33.7787 -42.9217 -40.1503 14.4866 26.5096 -26.5139 -38.3420 -45.2819 -4.7018 26.6892 -14.7258 -33.0718 -42.4625 -41.9933 13.1946 29.3692 -25.8989 -38.0964 -45.2293 -5.1374 26.7966 -15.2224 -33.3385 -42.7306 -40.4873 14.7101 24.2004 -27.3172 -38.9438 -45.4899 1.0348 29.7556 -18.5881 -34.5035 -43.6883 -46.7164 -43.6883 -34.5035 -18.5881 29.7556 1.0348 -45.4899 -38.9438 -27.3172 24.2004 14.7101 -40.4873 -42.7306 -33.3385 -15.2224 26.7966 -5.1374 -45.2293 -38.0964 -25.8989 29.3692 13.1946 -41.9933 -42.4625 -33.0718 -14.7258 26.6892 -4.7018 -45.2819 -38.3420 -26.5139 26.5096 14.4866 -40.1503 -42.9217 -33.7787 -16.9859 28.6967 0.0328 -45.4921 -39.1422 -28.0547 17.4139 16.8200 -36.0412 -43.5279 -34.6986 -19.2925 30.9124 3.9349 -44.4056
4.0946 31.4580 -19.8707 -34.9508 -43.6855 -34.5756 17.4940 14.1818 -28.4963 -39.3722 -45.5415 1.2287 29.3350 -17.6679 -34.0345 -43.0957 -39.1880 15.1116 24.4803 -26.9229 -38.5545 -45.3425 -3.3474 27.2000 -15.3339 -33.2465 -42.5766 -41.5921 13.5093 28.7606 -26.0503 -38.1565 -45.2430 -4.9866 26.7966 -15.1544 -33.2962 -42.6871 -40.7587 14.4618 25.2096 -27.0910 -38.8122 -45.4558 0.2518 29.3354 -18.2053 -34.4355 -43.5149 -38.5828 5.3886 -38.5828 -43.5149 -34.4355 -18.2053 29.3354 0.2518 -45.4558 -38.8122 -27.0910 25.2096 14.4618 -40.7587 -42.6871 -33.2962 -15.1544 26.7966 -4.9866 -45.2430 -38.1565 -26.0503 28.7606 13.5093 -41.5921 -42.5766 -33.2465 -15.3339 27.2000 -3.3474 -45.3425 -38.5545 -26.9229 24.4803 15.1116 -39.1880 -43.0957 -34.0345 -17.6679 29.3350 1.2287 -45.5415 -39.3722 -28.4963 14.1818 17.4940 -34.5756 -43.6855 -34.9508 -19.8707 31.4580 4.0946
31.5322 -20.4286 -35.2032 -43.8359 -32.9637 18.1832 10.7992 -28.9381 -39.6017 -45.5781 2.3249 29.9584 -18.3165 -34.2888 -43.2657 -38.0864 15.7574 22.0640 -27.3484 -38.7750 -45.4022 -2.0072 27.7566 -15.9726 -33.4449 -42.7077 -41.0699 13.9031 27.8674 -26.2647 -38.2541 -45.2687 -4.5598 26.9077 -15.2224 -33.2962 -42.6736 -40.8948 14.3095 25.8715 -26.9218 -38.7078 -45.4253 -0.4516 28.9539 -17.8022 -34.2886 -43.4043 -36.7966 15.1533 31.1202 15.1533 -36.7966 -43.4043 -34.2886 -17.8022 28.9539 -0.4516 -45.4253 -38.7078 -26.9218 25.8715 14.3095 -40.8946 -42.6736 -33.2962 -15.2224 26.9077 -4.5598 -45.2687 -38.2541 -26.2647 27.8674 13.9031 -41.0699 -42.7077 -33.4449 -15.9726 27.7566 -2.0072 -45.4022 -38.7750 -27.3484 22.0640 15.7574 -38.0864 -43.2657 -34.2888 -18.3165 29.9584 2.3249 -45.5781 -39.6017 -28.9381 10.7992 18.1832 -32.9637 -43.8359 -35.2032 -20.4286 31.5322
-20.1551 -35.4561 -43.9822 -31.1997 18.8844 7.4158 -29.3835 -39.8280 -45.5917 3.3434 30.5595 -18.9324 -34.5434 -43.4290 -36.8545 16.4186 19.2742 -27.7847 -39.0036 -45.4590 -0.7047 28.3505 -16.6299 -33.6628 -42.8538 -40.4162 14.3647 26.6552 -26.5336 -38.3835 -45.3029 -3.8969 27.1175 -15.4206 -33.3385 -42.6871 -40.8948 14.2601 26.1985 -26.8200 -38.6354 -45.4020 -1.0372 28.6368 -17.4413 -34.1433 -43.3008 -37.0048 16.4494 23.3474 -20.6998 23.3474 16.4494 -37.0048 -43.3008 -34.1433 -17.4413 28.6368 -1.0372 -45.4020 -38.6354 -26.8200 26.1984 14.2602 -40.8946 -42.6871 -33.3385 -15.4206 27.1175 -3.8969 -45.3029 -38.3835 -26.5336 26.6552 14.3647 -40.4162 -42.8538 -33.6628 -16.6299 28.3505 -0.7047 -45.4590 -39.0036 -27.7847 19.2742 16.4186 -36.8545 -43.4290 -34.5434 -18.9324 30.5595 3.3434 -45.5917 -39.8280 -29.3835 7.4158 18.8844 -31.1997 -43.9822 -35.4561 -20.1551
-33.8628 -44.1264 -29.2711 19.5819 4.2026 -29.8324 -40.0506 -45.5778 4.2948 31.1293 -19.5209 -34.7982 -43.5886 -35.4865 17.0860 16.1628 -28.2267 -39.2341 -45.5122 0.5244 28.9632 -17.2879 -33.8964 -43.0084 -39.6255 14.8847 25.0822 -26.8481 -38.5379 -45.3446 -3.0463 27.4179 -15.7297 -33.4196 -42.7306 -40.7587 14.3095 26.1985 -26.7862 -38.5980 -45.3879 -1.4525 28.3983 -17.1442 -34.0205 -43.2102 -37.5811 16.4568 18.1928 -27.3616 -35.2076 -27.3616 18.1928 16.4568 -37.5811 -43.2102 -34.0205 -17.1442 28.3983 -1.4525 -45.3879 -38.5980 -26.7862 26.1984 14.3095 -40.7587 -42.7306 -33.4196 -15.7297 27.4179 -3.0463 -45.3446 -38.5379 -26.8481 25.0822 14.8847 -39.6255 -43.0084 -33.8964 -17.2879 28.9632 0.5244 -45.5122 -39.2341 -28.2267 16.1628 17.0860 -35.4865 -43.5886 -34.7982 -19.5209 31.1293 4.2948 -45.5778 -40.0506 -29.8324 4.2026 19.5819 -29.2711 -44.1264 -33.8628
-42.7275 -27.1913 20.2354 1.2645 -30.2548 -40.2719 -45.5339 5.1841 31.6560 -20.0893 -35.0510 -43.7453 -33.9657 17.7617 12.8531 -28.6706 -39.4622 -45.5581 1.6719 29.5820 -17.9320 -34.1407 -43.1685 -38.6848 15.4495 23.1260 -27.2011 -38.7158 -45.3917 -2.0669 27.8049 -16.1324 -33.5371 -42.8012 -40.4873 14.4618 25.8715 -26.8200 -38.5980 -45.3831 -1.6656 28.2509 -16.9359 -33.9269 -43.1370 -38.1170 16.2050 18.3084 -28.0704 -38.9918 -44.9194 -38.9921 -28.0707 18.3081 16.2053 -38.1170 -43.1370 -33.9269 -16.9359 28.2509 -1.6656 -45.3831 -38.5980 -26.8200 25.8715 14.4618 -40.4873 -42.8012 -33.5371 -16.1324 27.8049 -2.0669 -45.3917 -38.7158 -27.2011 23.1260 15.4495 -38.6848 -43.1685 -34.1407 -17.9320 29.5820 1.6719 -45.5581 -39.4622 -28.6706 12.8531 17.7617 -33.9657 -43.7453 -35.0510 -20.0893 31.6560 5.1841 -45.5339 -40.2719 -30.2548 1.2645 20.2354 -27.1913 -42.7275
-26.1958 20.8691 -1.3616 -30.5849 -40.4924 -45.4569 6.0222 32.1256 -20.6393 -35.3020 -43.8958 -32.2864 18.4536 9.4681 -29.1140 -39.6894 -45.5865 2.7369 30.1988 -18.5598 -34.3901 -43.3313 -37.5871 16.0531 20.7594 -27.5832 -38.9097 -45.4399 -1.0181 28.2617 -16.6121 -33.6885 -42.8939 -40.0758 14.7101 25.2096 -26.9218 -38.6354 -45.3879 -1.6656 28.2023 -16.8285 -33.8691 -43.0866 -38.5206 15.9532 19.3478 -28.0499 -39.2395 -45.9711 -32.3495 -45.9712 -39.2401 -28.0519 19.3453 15.9549 -38.5206 -43.0867 -33.8691 -16.8285 28.2023 -1.6656 -45.3879 -38.6354 -26.9218 25.2096 14.7101 -40.0758 -42.8939 -33.6885 -16.6121 28.2617 -1.0181 -45.4399 -38.9097 -27.5832 20.7594 16.0531 -37.5871 -43.3313 -34.3901 -18.5598 30.1988 2.7369 -45.5865 -39.6894 -29.1140 9.4681 18.4536 -32.2864 -43.8958 -35.3020 -20.6393 32.1256 6.0222 -45.4569 -40.4924 -30.5849 -1.3616 20.8691 -26.1958
21.0846 -3.6669 -30.8505 -40.7093 -45.3433 6.8229 32.5272 -21.1700 -35.5532 -44.0389 -30.4559 19.1642 6.1377 -29.5583 -39.9160 -45.5896 3.7226 30.7895 -19.1676 -34.6431 -43.4927 -36.3272 16.6881 17.9766 -27.9887 -39.1159 -45.4878 0.0440 28.7636 -17.1394 -33.8671 -43.0077 -39.5139 15.0424 24.2004 -27.0910 -38.7078 -45.4020 -1.4525 28.2509 -16.8285 -33.8501 -43.0611 -38.7648 15.7696 20.2736 -27.9180 -39.2162 -45.5329 -1.3977 17.7774 -1.3883 -45.5335 -39.2176 -27.9225 20.2662 15.7719 -38.7641 -43.0616 -33.8501 -16.8285 28.2509 -1.4525 -45.4020 -38.7078 -27.0910 24.2004 15.0424 -39.5139 -43.0077 -33.8671 -17.1394 28.7636 0.0440 -45.4878 -39.1159 -27.9887 17.9766 16.6881 -36.3272 -43.4927 -34.6431 -19.1676 30.7895 3.7226 -45.5896 -39.9160 -29.5583 6.1377 19.1642 -30.4559 -44.0389 -35.5532 -21.1700 32.5272 6.8229 -45.3433 -40.7093 -30.8505 -3.6669 21.0846
-5.4779 -31.1165 -40.9217 -45.1900 7.5913 32.8489 -21.6845 -35.8046 -44.1776 -28.4736 19.8463 3.0068 -30.0072 -40.1392 -45.5643 4.6475 31.3408 -19.7482 -34.8965 -43.6506 -34.9033 17.3511 14.8562 -28.4111 -39.3327 -45.5349 1.1042 29.3015 -17.6883 -34.0659 -43.1359 -38.7953 15.4548 22.8056 -27.3172 -38.8122 -45.4253 -1.0372 28.3983 -16.9359 -33.8691 -43.0611 -38.8452 15.6684 20.8802 -27.8016 -39.1586 -45.5201 0.9134 27.8785 10.0781 27.8938 0.9529 -45.5208 -39.1608 -27.8087 20.8832 15.6737 -38.8194 -43.0607 -33.8691 -16.9359 28.3983 -1.0372 -45.4253 -38.8122 -27.3172 22.8056 15.4548 -38.7953 -43.1359 -34.0659 -17.6883 29.3015 1.1042 -45.5349 -39.3327 -28.4111 14.8562 17.3511 -34.9033 -43.6506 -34.8965 -19.7482 31.3408 4.6475 -45.5643 -40.1392 -30.0072 3.0068 19.8463 -28.4736 -44.1776 -35.8046 -21.6845 32.8489 7.5913 -45.1900 -40.9217 -31.1165 -5.4779
-29.4328 -41.1334 -44.9934 8.3275 33.0735 -22.1882 -36.0537 -44.3125 -26.3345 20.4763 0.1879 -30.3943 -40.3583 -45.5077 5.5193 31.8461 -20.3060 -35.1498 -43.8046 -33.3291 18.0342 11.5230 -28.8448 -39.5546 -45.5728 2.1482 29.8726 -18.2549 -34.2812 -43.2717 -37.9170 15.9335 20.9949 -27.5923 -38.9438 -45.4558 -0.4516 28.6368 -17.1442 -33.9269 -43.0867 -38.7644 15.6710 21.5690 -27.7687 -39.0689 -45.4874 1.2802 29.4201 -16.6783 -29.4178 -16.4476 29.5136 1.0146 -45.4820 -39.1673 -27.7638 21.0146 15.6300 -38.7368 -43.0858 -33.9269 -17.1442 28.6368 -0.4516 -45.4558 -38.9438 -27.5923 20.9949 15.9335 -37.9170 -43.2717 -34.2812 -18.2549 29.8726 2.1482 -45.5728 -39.5546 -28.8448 11.5230 18.0342 -33.3291 -43.8046 -35.1498 -20.3060 31.8461 5.5193 -45.5077 -40.3583 -30.3943 0.1879 20.4763 -26.3345 -44.3125 -36.0537 -22.1882 33.0735 8.3275 -44.9934 -41.1334 -29.4328
-39.6279 -44.7517 9.0380 33.1816 -22.6812 -36.3011 -44.4406 -24.0594 21.0954 -2.2958 -30.6891 -40.5768 -45.4173 6.3413 32.2921 -20.8471 -35.4011 -43.9535 -31.5952 18.7287 8.1429 -29.2887 -39.7789 -45.5910 3.1458 30.4490 -18.8307 -34.5098 -43.4162 -36.8728 16.4628 18.7811 -27.9114 -39.0996 -45.4899 0.2518 28.9539 -17.4413 -34.0205 -43.1370 -38.5204 15.7735 20.8155 -27.7974 -39.1789 -45.4332 1.2653 29.4482 -17.8514 -33.7905 -40.3148 -33.7278 -17.9763 29.3917 0.5217 -45.4543 -39.0095 -27.7459 19.3368 15.8079 -38.5180 -43.1371 -34.0205 -17.4413 28.9539 0.2518 -45.4899 -39.0996 -27.9114 18.7811 16.4628 -36.8728 -43.4162 -34.5098 -18.8307 30.4490 3.1458 -45.5910 -39.7789 -29.2887 8.1429 18.7287 -31.5952 -43.9535 -35.4011 -20.8471 32.2921 6.3413 -45.4173 -40.5768 -30.6891 -2.2958 21.0954 -24.0594 -44.4406 -36.3011 -22.6812 33.1816 9.0380 -44.7517 -39.6279
-43.6399 9.7335 33.1555 -23.1583 -36.5458 -44.5623 -21.7069 21.7127 -4.4504 -30.9521 -40.7916 -45.2902 7.1181 32.6611 -21.3667 -35.6493 -44.0954 -29.7236 19.4304 4.9167 -29.7311 -40.0011 -45.5832 4.0837 31.0053 -19.3966 -34.7474 -43.5644 -35.6676 17.0320 16.1986 -28.2628 -39.2739 -45.5259 1.0348 29.3354 -17.8022 -34.1433 -43.2102 -38.1170 15.9550 20.2589 -27.8118 -39.0791 -45.5814 1.0903 29.4645 -17.9942 -34.2813 -43.3829 -46.8001 -43.4908 -34.2695 -18.1475 29.3576 0.9786 -45.5618 -39.0283 -27.8496 20.2640 15.9543 -38.1170 -43.2102 -34.1433 -17.8022 29.3354 1.0348 -45.5259 -39.2739 -28.2628 16.1986 17.0320 -35.6676 -43.5644 -34.7474 -19.3966 31.0053 4.0837 -45.5832 -40.0011 -29.7311 4.9167 19.4304 -29.7236 -44.0954 -35.6493 -21.3667 32.6611 7.1181 -45.2902 -40.7916 -30.9521 -4.4504 21.7127 -21.7069 -44.5623 -36.5458 -23.1583 33.1555 9.7335 -43.6399
