0.1624 0.2418 0.4451 0.4771 0.1919 0.1455 0.1963 0.3463 0.5133 0.3320 0.1458 0.1664 0.2690 0.4862 0.4448 0.1648 0.1494 0.2144 0.3885 0.5033 0.2662 0.1440 0.1778 0.2999 0.5096 0.4024 0.1529 0.1554 0.2359 0.4336 0.4838 0.2044 0.1448 0.1919 0.3357 0.5143 0.3487 0.1468 0.1637 0.2613 0.4762 0.4546 0.1699 0.1481 0.2091 0.3764 0.5070 0.2866 0.1442 0.1681 0.2218 0.1681 0.1442 0.2866 0.5070 0.3764 0.2091 0.1481 0.1699 0.4546 0.4762 0.2613 0.1637 0.1468 0.3487 0.5143 0.3357 0.1919 0.1448 0.2044 0.4838 0.4336 0.2359 0.1554 0.1529 0.4024 0.5096 0.2999 0.1778 0.1440 0.2662 0.5033 0.3885 0.2144 0.1494 0.1648 0.4448 0.4862 0.2690 0.1664 0.1458 0.3320 0.5133 0.3463 0.1963 0.1455 0.1919 0.4771 0.4451 0.2418 0.1624
0.2418 0.4469 0.4786 0.1905 0.1383 0.1912 0.3437 0.5147 0.3365 0.1387 0.1605 0.2651 0.4859 0.4477 0.1598 0.1426 0.2096 0.3863 0.5050 0.2705 0.1366 0.1722 0.2964 0.5103 0.4060 0.1466 0.1491 0.2314 0.4321 0.4860 0.2054 0.1375 0.1867 0.3328 0.5156 0.3531 0.1398 0.1577 0.2572 0.4756 0.4574 0.1657 0.1412 0.2042 0.3741 0.5086 0.2897 0.1369 0.1672 0.2729 0.4083 0.2729 0.1672 0.1369 0.2897 0.5086 0.3741 0.2042 0.1412 0.1657 0.4574 0.4756 0.2572 0.1577 0.1398 0.3531 0.5156 0.3328 0.1867 0.1375 0.2054 0.4860 0.4321 0.2314 0.1491 0.1466 0.4060 0.5103 0.2964 0.1722 0.1366 0.2705 0.5050 0.3863 0.2096 0.1426 0.1598 0.4477 0.4859 0.2651 0.1605 0.1387 0.3365 0.5147 0.3437 0.1912 0.1383 0.1905 0.4786 0.4469 0.2418
0.4451 0.4786 0.1928 0.1381 0.1896 0.3391 0.5152 0.3443 0.1392 0.1592 0.2612 0.4810 0.4525 0.1626 0.1419 0.2069 0.3803 0.5068 0.2798 0.1367 0.1705 0.2919 0.5082 0.4123 0.1479 0.1481 0.2283 0.4258 0.4891 0.2132 0.1372 0.1846 0.3275 0.5156 0.3609 0.1405 0.1564 0.2535 0.4702 0.4618 0.1692 0.1406 0.2016 0.3682 0.5101 0.2985 0.1371 0.1667 0.2796 0.4904 0.4976 0.4904 0.2796 0.1667 0.1371 0.2985 0.5101 0.3682 0.2016 0.1406 0.1692 0.4618 0.4702 0.2535 0.1564 0.1405 0.3609 0.5156 0.3275 0.1846 0.1372 0.2132 0.4891 0.4258 0.2283 0.1481 0.1479 0.4123 0.5082 0.2919 0.1705 0.1367 0.2798 0.5068 0.3803 0.2069 0.1419 0.1626 0.4525 0.4810 0.2612 0.1592 0.1392 0.3443 0.5152 0.3391 0.1896 0.1381 0.1928 0.4786 0.4451
0.4771 0.1905 0.1381 0.1889 0.3364 0.5154 0.3506 0.1397 0.1579 0.2577 0.4761 0.4570 0.1656 0.1412 0.2043 0.3743 0.5085 0.2890 0.1369 0.1688 0.2875 0.5058 0.4184 0.1493 0.1471 0.2252 0.4196 0.4920 0.2216 0.1370 0.1825 0.3224 0.5155 0.3686 0.1412 0.1552 0.2498 0.4645 0.4661 0.1732 0.1400 0.1991 0.3624 0.5114 0.3075 0.1373 0.1654 0.2779 0.4966 0.4467 0.2591 0.4467 0.4966 0.2779 0.1654 0.1373 0.3075 0.5114 0.3624 0.1991 0.1400 0.1732 0.4661 0.4645 0.2498 0.1552 0.1412 0.3686 0.5155 0.3224 0.1825 0.1370 0.2216 0.4920 0.4196 0.2252 0.1471 0.1493 0.4184 0.5058 0.2875 0.1688 0.1369 0.2890 0.5085 0.3743 0.2043 0.1412 0.1656 0.4570 0.4761 0.2577 0.1579 0.1397 0.3506 0.5154 0.3364 0.1889 0.1381 0.1905 0.4771
0.1919 0.1383 0.1896 0.3364 0.5155 0.3542 0.1401 0.1570 0.2547 0.4715 0.4611 0.1688 0.1406 0.2018 0.3686 0.5100 0.2981 0.1371 0.1672 0.2832 0.5030 0.4242 0.1509 0.1462 0.2221 0.4133 0.4948 0.2303 0.1368 0.1805 0.3174 0.5152 0.3760 0.1420 0.1539 0.2463 0.4588 0.4702 0.1777 0.1394 0.1967 0.3567 0.5126 0.3163 0.1377 0.1639 0.2743 0.4951 0.4396 0.1616 0.1348 0.1616 0.4396 0.4951 0.2743 0.1639 0.1377 0.3163 0.5126 0.3567 0.1967 0.1394 0.1777 0.4702 0.4588 0.2463 0.1539 0.1420 0.3760 0.5152 0.3174 0.1805 0.1368 0.2303 0.4948 0.4133 0.2221 0.1462 0.1509 0.4242 0.5030 0.2832 0.1672 0.1371 0.2981 0.5100 0.3686 0.2018 0.1406 0.1688 0.4611 0.4715 0.2547 0.1570 0.1401 0.3542 0.5155 0.3364 0.1896 0.1383 0.1919
0.1455 0.1912 0.3391 0.5154 0.3542 0.1402 0.1565 0.2526 0.4677 0.4644 0.1720 0.1401 0.1995 0.3631 0.5113 0.3068 0.1373 0.1656 0.2789 0.4998 0.4299 0.1526 0.1453 0.2191 0.4071 0.4974 0.2392 0.1367 0.1785 0.3125 0.5146 0.3832 0.1429 0.1528 0.2428 0.4528 0.4741 0.1829 0.1389 0.1943 0.3511 0.5136 0.3250 0.1381 0.1625 0.2704 0.4917 0.4419 0.1582 0.1404 0.1685 0.1404 0.1582 0.4419 0.4917 0.2704 0.1625 0.1381 0.3250 0.5136 0.3511 0.1943 0.1389 0.1829 0.4741 0.4528 0.2428 0.1528 0.1429 0.3832 0.5146 0.3125 0.1785 0.1367 0.2392 0.4974 0.4071 0.2191 0.1453 0.1526 0.4299 0.4998 0.2789 0.1656 0.1373 0.3068 0.5113 0.3631 0.1995 0.1401 0.1720 0.4644 0.4677 0.2526 0.1565 0.1402 0.3542 0.5154 0.3391 0.1912 0.1455
0.1963 0.3437 0.5152 0.3506 0.1401 0.1565 0.2519 0.4656 0.4666 0.1747 0.1397 0.1976 0.3583 0.5124 0.3150 0.1376 0.1641 0.2748 0.4962 0.4353 0.1545 0.1445 0.2162 0.4009 0.4998 0.2483 0.1366 0.1766 0.3076 0.5137 0.3902 0.1439 0.1516 0.2393 0.4468 0.4778 0.1887 0.1384 0.1920 0.3456 0.5144 0.3335 0.1385 0.1610 0.2665 0.4874 0.4462 0.1594 0.1421 0.2007 0.2875 0.2007 0.1421 0.1594 0.4462 0.4874 0.2665 0.1610 0.1385 0.3335 0.5144 0.3456 0.1920 0.1384 0.1887 0.4778 0.4468 0.2393 0.1516 0.1439 0.3902 0.5137 0.3076 0.1766 0.1366 0.2483 0.4998 0.4009 0.2162 0.1445 0.1545 0.4353 0.4962 0.2748 0.1641 0.1376 0.3150 0.5124 0.3583 0.1976 0.1397 0.1747 0.4666 0.4656 0.2519 0.1565 0.1401 0.3506 0.5152 0.3437 0.1963
0.3463 0.5147 0.3443 0.1397 0.1570 0.2526 0.4656 0.4674 0.1762 0.1394 0.1961 0.3543 0.5132 0.3222 0.1380 0.1627 0.2710 0.4924 0.4404 0.1565 0.1437 0.2134 0.3948 0.5021 0.2575 0.1366 0.1747 0.3029 0.5125 0.3970 0.1449 0.1505 0.2360 0.4406 0.4814 0.1953 0.1380 0.1897 0.3402 0.5150 0.3418 0.1390 0.1596 0.2626 0.4827 0.4509 0.1617 0.1420 0.2055 0.3635 0.5038 0.3635 0.2055 0.1420 0.1617 0.4509 0.4827 0.2626 0.1596 0.1390 0.3418 0.5150 0.3402 0.1897 0.1380 0.1953 0.4814 0.4406 0.2360 0.1505 0.1449 0.3970 0.5125 0.3029 0.1747 0.1366 0.2575 0.5021 0.3948 0.2134 0.1437 0.1565 0.4404 0.4924 0.2710 0.1627 0.1380 0.3222 0.5132 0.3543 0.1961 0.1394 0.1762 0.4674 0.4656 0.2526 0.1570 0.1397 0.3443 0.5147 0.3463
0.5133 0.3365 0.1392 0.1579 0.2547 0.4677 0.4666 0.1762 0.1393 0.1954 0.3518 0.5137 0.3279 0.1383 0.1616 0.2676 0.4885 0.4451 0.1587 0.1430 0.2107 0.3888 0.5042 0.2668 0.1366 0.1729 0.2982 0.5110 0.4035 0.1461 0.1495 0.2327 0.4345 0.4847 0.2024 0.1376 0.1875 0.3348 0.5154 0.3500 0.1396 0.1582 0.2587 0.4776 0.4556 0.1645 0.1414 0.2046 0.3718 0.5111 0.4272 0.5111 0.3718 0.2046 0.1414 0.1645 0.4556 0.4776 0.2587 0.1582 0.1396 0.3500 0.5154 0.3348 0.1875 0.1376 0.2024 0.4847 0.4345 0.2327 0.1495 0.1461 0.4035 0.5110 0.2982 0.1729 0.1366 0.2668 0.5042 0.3888 0.2107 0.1430 0.1587 0.4451 0.4885 0.2676 0.1616 0.1383 0.3279 0.5137 0.3518 0.1954 0.1393 0.1762 0.4666 0.4677 0.2547 0.1579 0.1392 0.3365 0.5133
0.3320 0.1387 0.1592 0.2577 0.4715 0.4644 0.1747 0.1394 0.1954 0.3509 0.5140 0.3317 0.1385 0.1607 0.2648 0.4848 0.4493 0.1609 0.1423 0.2082 0.3830 0.5060 0.2759 0.1367 0.1712 0.2937 0.5091 0.4099 0.1473 0.1485 0.2295 0.4283 0.4879 0.2101 0.1373 0.1854 0.3295 0.5156 0.3579 0.1402 0.1569 0.2549 0.4723 0.4601 0.1678 0.1408 0.2024 0.3693 0.5104 0.3240 0.1515 0.3240 0.5104 0.3693 0.2024 0.1408 0.1678 0.4601 0.4723 0.2549 0.1569 0.1402 0.3579 0.5156 0.3295 0.1854 0.1373 0.2101 0.4879 0.4283 0.2295 0.1485 0.1473 0.4099 0.5091 0.2937 0.1712 0.1367 0.2759 0.5060 0.3830 0.2082 0.1423 0.1609 0.4493 0.4848 0.2648 0.1607 0.1385 0.3317 0.5140 0.3509 0.1954 0.1394 0.1747 0.4644 0.4715 0.2577 0.1592 0.1387 0.3320
0.1458 0.1605 0.2612 0.4761 0.4611 0.1720 0.1397 0.1961 0.3518 0.5140 0.3329 0.1387 0.1601 0.2627 0.4818 0.4526 0.1630 0.1417 0.2059 0.3777 0.5076 0.2846 0.1368 0.1695 0.2893 0.5068 0.4160 0.1487 0.1475 0.2264 0.4220 0.4909 0.2183 0.1371 0.1833 0.3244 0.5156 0.3656 0.1409 0.1556 0.2513 0.4668 0.4644 0.1716 0.1402 0.2000 0.3644 0.5111 0.3108 0.1376 0.1421 0.1376 0.3108 0.5111 0.3644 0.2000 0.1402 0.1716 0.4644 0.4668 0.2513 0.1556 0.1409 0.3656 0.5156 0.3244 0.1833 0.1371 0.2183 0.4909 0.4220 0.2264 0.1475 0.1487 0.4160 0.5068 0.2893 0.1695 0.1368 0.2846 0.5076 0.3777 0.2059 0.1417 0.1630 0.4526 0.4818 0.2627 0.1601 0.1387 0.3329 0.5140 0.3518 0.1961 0.1397 0.1720 0.4611 0.4761 0.2612 0.1605 0.1458
0.1664 0.2651 0.4810 0.4570 0.1688 0.1401 0.1976 0.3543 0.5137 0.3317 0.1387 0.1599 0.2616 0.4798 0.4550 0.1649 0.1413 0.2040 0.3730 0.5090 0.2926 0.1370 0.1680 0.2851 0.5043 0.4218 0.1502 0.1466 0.2233 0.4158 0.4937 0.2268 0.1369 0.1813 0.3194 0.5154 0.3731 0.1417 0.1544 0.2477 0.4611 0.4686 0.1759 0.1396 0.1976 0.3589 0.5122 0.3146 0.1376 0.1586 0.2089 0.1586 0.1376 0.3146 0.5122 0.3589 0.1976 0.1396 0.1759 0.4686 0.4611 0.2477 0.1544 0.1417 0.3731 0.5154 0.3194 0.1813 0.1369 0.2268 0.4937 0.4158 0.2233 0.1466 0.1502 0.4218 0.5043 0.2851 0.1680 0.1370 0.2926 0.5090 0.3730 0.2040 0.1413 0.1649 0.4550 0.4798 0.2616 0.1599 0.1387 0.3317 0.5137 0.3543 0.1976 0.1401 0.1688 0.4570 0.4810 0.2651 0.1664
0.2690 0.4859 0.4525 0.1656 0.1406 0.1995 0.3583 0.5132 0.3279 0.1385 0.1601 0.2616 0.4791 0.4562 0.1661 0.1410 0.2025 0.3691 0.5101 0.2997 0.1371 0.1666 0.2813 0.5015 0.4273 0.1518 0.1457 0.2204 0.4096 0.4964 0.2357 0.1367 0.1793 0.3144 0.5148 0.3804 0.1425 0.1532 0.2441 0.4552 0.4726 0.1808 0.1391 0.1952 0.3533 0.5132 0.3221 0.1379 0.1617 0.2585 0.3853 0.2585 0.1617 0.1379 0.3221 0.5132 0.3533 0.1952 0.1391 0.1808 0.4726 0.4552 0.2441 0.1532 0.1425 0.3804 0.5148 0.3144 0.1793 0.1367 0.2357 0.4964 0.4096 0.2204 0.1457 0.1518 0.4273 0.5015 0.2813 0.1666 0.1371 0.2997 0.5101 0.3691 0.2025 0.1410 0.1661 0.4562 0.4791 0.2616 0.1601 0.1385 0.3279 0.5132 0.3583 0.1995 0.1406 0.1656 0.4525 0.4859 0.2690
0.4862 0.4477 0.1626 0.1412 0.2018 0.3631 0.5124 0.3222 0.1383 0.1607 0.2627 0.4798 0.4562 0.1666 0.1408 0.2016 0.3664 0.5109 0.3056 0.1373 0.1654 0.2778 0.4986 0.4322 0.1534 0.1449 0.2176 0.4036 0.4988 0.2446 0.1366 0.1773 0.3095 0.5141 0.3875 0.1435 0.1521 0.2407 0.4492 0.4764 0.1864 0.1386 0.1929 0.3477 0.5141 0.3303 0.1383 0.1612 0.2648 0.4730 0.5050 0.4730 0.2648 0.1612 0.1383 0.3303 0.5141 0.3477 0.1929 0.1386 0.1864 0.4764 0.4492 0.2407 0.1521 0.1435 0.3875 0.5141 0.3095 0.1773 0.1366 0.2446 0.4988 0.4036 0.2176 0.1449 0.1534 0.4322 0.4986 0.2778 0.1654 0.1373 0.3056 0.5109 0.3664 0.2016 0.1408 0.1666 0.4562 0.4798 0.2627 0.1607 0.1383 0.3222 0.5124 0.3631 0.2018 0.1412 0.1626 0.4477 0.4862
0.4448 0.1598 0.1419 0.2043 0.3686 0.5113 0.3150 0.1380 0.1616 0.2648 0.4818 0.4550 0.1661 0.1408 0.2013 0.3649 0.5114 0.3097 0.1375 0.1644 0.2749 0.4958 0.4365 0.1551 0.1442 0.2150 0.3979 0.5010 0.2534 0.1366 0.1755 0.3048 0.5130 0.3943 0.1445 0.1510 0.2373 0.4431 0.4800 0.1926 0.1382 0.1906 0.3423 0.5148 0.3386 0.1388 0.1601 0.2632 0.4806 0.4630 0.2925 0.4630 0.4806 0.2632 0.1601 0.1388 0.3386 0.5148 0.3423 0.1906 0.1382 0.1926 0.4800 0.4431 0.2373 0.1510 0.1445 0.3943 0.5130 0.3048 0.1755 0.1366 0.2534 0.5010 0.3979 0.2150 0.1442 0.1551 0.4365 0.4958 0.2749 0.1644 0.1375 0.3097 0.5114 0.3649 0.2013 0.1408 0.1661 0.4550 0.4818 0.2648 0.1616 0.1380 0.3150 0.5113 0.3686 0.2043 0.1419 0.1598 0.4448
0.1648 0.1426 0.2069 0.3743 0.5100 0.3068 0.1376 0.1627 0.2676 0.4848 0.4526 0.1649 0.1410 0.2016 0.3649 0.5115 0.3118 0.1376 0.1637 0.2727 0.4933 0.4401 0.1567 0.1436 0.2127 0.3926 0.5030 0.2619 0.1366 0.1738 0.3002 0.5116 0.4009 0.1456 0.1499 0.2340 0.4369 0.4834 0.1995 0.1378 0.1884 0.3369 0.5153 0.3468 0.1393 0.1588 0.2600 0.4786 0.4573 0.1747 0.1351 0.1747 0.4573 0.4786 0.2600 0.1588 0.1393 0.3468 0.5153 0.3369 0.1884 0.1378 0.1995 0.4834 0.4369 0.2340 0.1499 0.1456 0.4009 0.5116 0.3002 0.1738 0.1366 0.2619 0.5030 0.3926 0.2127 0.1436 0.1567 0.4401 0.4933 0.2727 0.1637 0.1376 0.3118 0.5115 0.3649 0.2016 0.1410 0.1649 0.4526 0.4848 0.2676 0.1627 0.1376 0.3068 0.5100 0.3743 0.2069 0.1426 0.1648
0.1494 0.2096 0.3803 0.5085 0.2981 0.1373 0.1641 0.2710 0.4885 0.4493 0.1630 0.1413 0.2025 0.3664 0.5114 0.3118 0.1377 0.1634 0.2713 0.4914 0.4428 0.1580 0.1430 0.2106 0.3879 0.5047 0.2699 0.1366 0.1721 0.2960 0.5100 0.4071 0.1468 0.1489 0.2308 0.4307 0.4867 0.2070 0.1374 0.1862 0.3316 0.5156 0.3548 0.1399 0.1574 0.2564 0.4741 0.4592 0.1690 0.1383 0.1627 0.1383 0.1690 0.4592 0.4741 0.2564 0.1574 0.1399 0.3548 0.5156 0.3316 0.1862 0.1374 0.2070 0.4867 0.4307 0.2308 0.1489 0.1468 0.4071 0.5100 0.2960 0.1721 0.1366 0.2699 0.5047 0.3879 0.2106 0.1430 0.1580 0.4428 0.4914 0.2713 0.1634 0.1377 0.3118 0.5114 0.3664 0.2025 0.1413 0.1630 0.4493 0.4885 0.2710 0.1641 0.1373 0.2981 0.5085 0.3803 0.2096 0.1494
0.2144 0.3863 0.5068 0.2890 0.1371 0.1656 0.2748 0.4924 0.4451 0.1609 0.1417 0.2040 0.3691 0.5109 0.3097 0.1376 0.1634 0.2709 0.4905 0.4445 0.1591 0.1427 0.2090 0.3839 0.5060 0.2770 0.1367 0.1707 0.2920 0.5081 0.4129 0.1480 0.1479 0.2277 0.4246 0.4897 0.2150 0.1372 0.1841 0.3264 0.5156 0.3626 0.1406 0.1561 0.2527 0.4689 0.4630 0.1708 0.1398 0.1920 0.2718 0.1920 0.1398 0.1708 0.4630 0.4689 0.2527 0.1561 0.1406 0.3626 0.5156 0.3264 0.1841 0.1372 0.2150 0.4897 0.4246 0.2277 0.1479 0.1480 0.4129 0.5081 0.2920 0.1707 0.1367 0.2770 0.5060 0.3839 0.2090 0.1427 0.1591 0.4445 0.4905 0.2709 0.1634 0.1376 0.3097 0.5109 0.3691 0.2040 0.1417 0.1609 0.4451 0.4924 0.2748 0.1656 0.1371 0.2890 0.5068 0.3863 0.2144
0.3885 0.5050 0.2798 0.1369 0.1672 0.2789 0.4962 0.4404 0.1587 0.1423 0.2059 0.3730 0.5101 0.3056 0.1375 0.1637 0.2713 0.4905 0.4451 0.1596 0.1424 0.2079 0.3809 0.5071 0.2830 0.1368 0.1694 0.2885 0.5061 0.4181 0.1493 0.1471 0.2248 0.4186 0.4925 0.2232 0.1369 0.1821 0.3213 0.5155 0.3702 0.1414 0.1549 0.2491 0.4633 0.4671 0.1743 0.1397 0.1965 0.3432 0.4915 0.3432 0.1965 0.1397 0.1743 0.4671 0.4633 0.2491 0.1549 0.1414 0.3702 0.5155 0.3213 0.1821 0.1369 0.2232 0.4925 0.4186 0.2248 0.1471 0.1493 0.4181 0.5061 0.2885 0.1694 0.1368 0.2830 0.5071 0.3809 0.2079 0.1424 0.1596 0.4451 0.4905 0.2713 0.1637 0.1375 0.3056 0.5101 0.3730 0.2059 0.1423 0.1587 0.4404 0.4962 0.2789 0.1672 0.1369 0.2798 0.5050 0.3885
0.5033 0.2705 0.1367 0.1688 0.2832 0.4998 0.4353 0.1565 0.1430 0.2082 0.3777 0.5090 0.2997 0.1373 0.1644 0.2727 0.4914 0.4445 0.1596 0.1423 0.2073 0.3790 0.5078 0.2875 0.1369 0.1683 0.2854 0.5041 0.4227 0.1506 0.1463 0.2221 0.4129 0.4951 0.2315 0.1368 0.1801 0.3164 0.5151 0.3775 0.1422 0.1537 0.2455 0.4575 0.4711 0.1788 0.1392 0.1956 0.3511 0.5140 0.4459 0.5140 0.3511 0.1956 0.1392 0.1788 0.4711 0.4575 0.2455 0.1537 0.1422 0.3775 0.5151 0.3164 0.1801 0.1368 0.2315 0.4951 0.4129 0.2221 0.1463 0.1506 0.4227 0.5041 0.2854 0.1683 0.1369 0.2875 0.5078 0.3790 0.2073 0.1423 0.1596 0.4445 0.4914 0.2727 0.1644 0.1373 0.2997 0.5090 0.3777 0.2082 0.1430 0.1565 0.4353 0.4998 0.2832 0.1688 0.1367 0.2705 0.5033
0.2662 0.1366 0.1705 0.2875 0.5030 0.4299 0.1545 0.1437 0.2107 0.3830 0.5076 0.2926 0.1371 0.1654 0.2749 0.4933 0.4428 0.1591 0.1424 0.2073 0.3783 0.5081 0.2904 0.1370 0.1675 0.2830 0.5023 0.4267 0.1518 0.1456 0.2197 0.4077 0.4973 0.2396 0.1367 0.1783 0.3117 0.5144 0.3845 0.1431 0.1525 0.2420 0.4515 0.4749 0.1841 0.1388 0.1937 0.3488 0.5141 0.3539 0.1603 0.3539 0.5141 0.3488 0.1937 0.1388 0.1841 0.4749 0.4515 0.2420 0.1525 0.1431 0.3845 0.5144 0.3117 0.1783 0.1367 0.2396 0.4973 0.4077 0.2197 0.1456 0.1518 0.4267 0.5023 0.2830 0.1675 0.1370 0.2904 0.5081 0.3783 0.2073 0.1424 0.1591 0.4428 0.4933 0.2749 0.1654 0.1371 0.2926 0.5076 0.3830 0.2107 0.1437 0.1545 0.4299 0.5030 0.2875 0.1705 0.1366 0.2662
0.1440 0.1722 0.2919 0.5058 0.4242 0.1526 0.1445 0.2134 0.3888 0.5060 0.2846 0.1370 0.1666 0.2778 0.4958 0.4401 0.1580 0.1427 0.2079 0.3790 0.5081 0.2914 0.1370 0.1670 0.2813 0.5007 0.4298 0.1529 0.1450 0.2176 0.4030 0.4993 0.2472 0.1366 0.1766 0.3073 0.5136 0.3912 0.1440 0.1514 0.2387 0.4455 0.4786 0.1901 0.1383 0.1915 0.3441 0.5146 0.3417 0.1397 0.1396 0.1397 0.3417 0.5146 0.3441 0.1915 0.1383 0.1901 0.4786 0.4455 0.2387 0.1514 0.1440 0.3912 0.5136 0.3073 0.1766 0.1366 0.2472 0.4993 0.4030 0.2176 0.1450 0.1529 0.4298 0.5007 0.2813 0.1670 0.1370 0.2914 0.5081 0.3790 0.2079 0.1427 0.1580 0.4401 0.4958 0.2778 0.1666 0.1370 0.2846 0.5060 0.3888 0.2134 0.1445 0.1526 0.4242 0.5058 0.2919 0.1722 0.1440
0.1778 0.2964 0.5082 0.4184 0.1509 0.1453 0.2162 0.3948 0.5042 0.2759 0.1368 0.1680 0.2813 0.4986 0.4365 0.1567 0.1430 0.2090 0.3809 0.5078 0.2904 0.1370 0.1669 0.2804 0.4997 0.4319 0.1538 0.1446 0.2158 0.3989 0.5010 0.2542 0.1366 0.1750 0.3032 0.5125 0.3974 0.1450 0.1504 0.2354 0.4395 0.4820 0.1967 0.1379 0.1892 0.3389 0.5151 0.3453 0.1394 0.1539 0.1993 0.1539 0.1394 0.3453 0.5151 0.3389 0.1892 0.1379 0.1967 0.4820 0.4395 0.2354 0.1504 0.1450 0.3974 0.5125 0.3032 0.1750 0.1366 0.2542 0.5010 0.3989 0.2158 0.1446 0.1538 0.4319 0.4997 0.2804 0.1669 0.1370 0.2904 0.5078 0.3809 0.2090 0.1430 0.1567 0.4365 0.4986 0.2813 0.1680 0.1368 0.2759 0.5042 0.3948 0.2162 0.1453 0.1509 0.4184 0.5082 0.2964 0.1778
0.2999 0.5103 0.4123 0.1493 0.1462 0.2191 0.4009 0.5021 0.2668 0.1367 0.1695 0.2851 0.5015 0.4322 0.1551 0.1436 0.2106 0.3839 0.5071 0.2875 0.1370 0.1670 0.2804 0.4993 0.4330 0.1544 0.1442 0.2145 0.3956 0.5023 0.2603 0.1366 0.1736 0.2995 0.5112 0.4030 0.1461 0.1494 0.2324 0.4336 0.4852 0.2037 0.1376 0.1871 0.3337 0.5155 0.3522 0.1398 0.1567 0.2451 0.3637 0.2451 0.1567 0.1398 0.3522 0.5155 0.3337 0.1871 0.1376 0.2037 0.4852 0.4336 0.2324 0.1494 0.1461 0.4030 0.5112 0.2995 0.1736 0.1366 0.2603 0.5023 0.3956 0.2145 0.1442 0.1544 0.4330 0.4993 0.2804 0.1670 0.1370 0.2875 0.5071 0.3839 0.2106 0.1436 0.1551 0.4322 0.5015 0.2851 0.1695 0.1367 0.2668 0.5021 0.4009 0.2191 0.1462 0.1493 0.4123 0.5103 0.2999
0.5096 0.4060 0.1479 0.1471 0.2221 0.4071 0.4998 0.2575 0.1366 0.1712 0.2893 0.5043 0.4273 0.1534 0.1442 0.2127 0.3879 0.5060 0.2830 0.1369 0.1675 0.2813 0.4997 0.4330 0.1546 0.1441 0.2137 0.3932 0.5033 0.2652 0.1366 0.1725 0.2963 0.5099 0.4080 0.1471 0.1486 0.2296 0.4280 0.4882 0.2111 0.1373 0.1850 0.3286 0.5156 0.3597 0.1404 0.1563 0.2511 0.4524 0.5103 0.4524 0.2511 0.1563 0.1404 0.3597 0.5156 0.3286 0.1850 0.1373 0.2111 0.4882 0.4280 0.2296 0.1486 0.1471 0.4080 0.5099 0.2963 0.1725 0.1366 0.2652 0.5033 0.3932 0.2137 0.1441 0.1546 0.4330 0.4997 0.2813 0.1675 0.1369 0.2830 0.5060 0.3879 0.2127 0.1442 0.1534 0.4273 0.5043 0.2893 0.1712 0.1366 0.2575 0.4998 0.4071 0.2221 0.1471 0.1479 0.4060 0.5096
0.4024 0.1466 0.1481 0.2252 0.4133 0.4974 0.2483 0.1366 0.1729 0.2937 0.5068 0.4218 0.1518 0.1449 0.2150 0.3926 0.5047 0.2770 0.1368 0.1683 0.2830 0.5007 0.4319 0.1544 0.1441 0.2134 0.3920 0.5039 0.2687 0.1366 0.1716 0.2937 0.5086 0.4123 0.1481 0.1478 0.2270 0.4228 0.4908 0.2184 0.1371 0.1831 0.3237 0.5156 0.3670 0.1411 0.1553 0.2497 0.4610 0.4770 0.3244 0.4770 0.4610 0.2497 0.1553 0.1411 0.3670 0.5156 0.3237 0.1831 0.1371 0.2184 0.4908 0.4228 0.2270 0.1478 0.1481 0.4123 0.5086 0.2937 0.1716 0.1366 0.2687 0.5039 0.3920 0.2134 0.1441 0.1544 0.4319 0.5007 0.2830 0.1683 0.1368 0.2770 0.5047 0.3926 0.2150 0.1449 0.1518 0.4218 0.5068 0.2937 0.1729 0.1366 0.2483 0.4974 0.4133 0.2252 0.1481 0.1466 0.4024
0.1529 0.1491 0.2283 0.4196 0.4948 0.2392 0.1366 0.1747 0.2982 0.5091 0.4160 0.1502 0.1457 0.2176 0.3979 0.5030 0.2699 0.1367 0.1694 0.2854 0.5023 0.4298 0.1538 0.1442 0.2137 0.3920 0.5041 0.2705 0.1366 0.1709 0.2917 0.5075 0.4158 0.1490 0.1472 0.2248 0.4180 0.4931 0.2255 0.1369 0.1813 0.3190 0.5153 0.3741 0.1418 0.1542 0.2468 0.4587 0.4724 0.1954 0.1361 0.1954 0.4724 0.4587 0.2468 0.1542 0.1418 0.3741 0.5153 0.3190 0.1813 0.1369 0.2255 0.4931 0.4180 0.2248 0.1472 0.1490 0.4158 0.5075 0.2917 0.1709 0.1366 0.2705 0.5041 0.3920 0.2137 0.1442 0.1538 0.4298 0.5023 0.2854 0.1694 0.1367 0.2699 0.5030 0.3979 0.2176 0.1457 0.1502 0.4160 0.5091 0.2982 0.1747 0.1366 0.2392 0.4948 0.4196 0.2283 0.1491 0.1529
0.1554 0.2314 0.4258 0.4920 0.2303 0.1367 0.1766 0.3029 0.5110 0.4099 0.1487 0.1466 0.2204 0.4036 0.5010 0.2619 0.1366 0.1707 0.2885 0.5041 0.4267 0.1529 0.1446 0.2145 0.3932 0.5039 0.2705 0.1367 0.1706 0.2904 0.5066 0.4184 0.1497 0.1467 0.2229 0.4138 0.4950 0.2322 0.1368 0.1796 0.3148 0.5149 0.3808 0.1426 0.1531 0.2435 0.4538 0.4741 0.1860 0.1367 0.1575 0.1367 0.1860 0.4741 0.4538 0.2435 0.1531 0.1426 0.3808 0.5149 0.3148 0.1796 0.1368 0.2322 0.4950 0.4138 0.2229 0.1467 0.1497 0.4184 0.5066 0.2904 0.1706 0.1367 0.2705 0.5039 0.3932 0.2145 0.1446 0.1529 0.4267 0.5041 0.2885 0.1707 0.1366 0.2619 0.5010 0.4036 0.2204 0.1466 0.1487 0.4099 0.5110 0.3029 0.1766 0.1367 0.2303 0.4920 0.4258 0.2314 0.1554
0.2359 0.4321 0.4891 0.2216 0.1368 0.1785 0.3076 0.5125 0.4035 0.1473 0.1475 0.2233 0.4096 0.4988 0.2534 0.1366 0.1721 0.2920 0.5061 0.4227 0.1518 0.1450 0.2158 0.3956 0.5033 0.2687 0.1366 0.1706 0.2900 0.5062 0.4200 0.1503 0.1463 0.2214 0.4104 0.4966 0.2381 0.1367 0.1781 0.3110 0.5142 0.3867 0.1434 0.1520 0.2404 0.4484 0.4771 0.1885 0.1380 0.1840 0.2573 0.1840 0.1380 0.1885 0.4771 0.4484 0.2404 0.1520 0.1434 0.3867 0.5142 0.3110 0.1781 0.1367 0.2381 0.4966 0.4104 0.2214 0.1463 0.1503 0.4200 0.5062 0.2900 0.1706 0.1366 0.2687 0.5033 0.3956 0.2158 0.1450 0.1518 0.4227 0.5061 0.2920 0.1721 0.1366 0.2534 0.4988 0.4096 0.2233 0.1475 0.1473 0.4035 0.5125 0.3076 0.1785 0.1368 0.2216 0.4891 0.4321 0.2359
0.4336 0.4860 0.2132 0.1370 0.1805 0.3125 0.5137 0.3970 0.1461 0.1485 0.2264 0.4158 0.4964 0.2446 0.1366 0.1738 0.2960 0.5081 0.4181 0.1506 0.1456 0.2176 0.3989 0.5023 0.2652 0.1366 0.1709 0.2904 0.5062 0.4206 0.1506 0.1460 0.2204 0.4077 0.4979 0.2431 0.1366 0.1769 0.3075 0.5135 0.3921 0.1443 0.1511 0.2375 0.4430 0.4803 0.1936 0.1380 0.1883 0.3243 0.4745 0.3243 0.1883 0.1380 0.1936 0.4803 0.4430 0.2375 0.1511 0.1443 0.3921 0.5135 0.3075 0.1769 0.1366 0.2431 0.4979 0.4077 0.2204 0.1460 0.1506 0.4206 0.5062 0.2904 0.1709 0.1366 0.2652 0.5023 0.3989 0.2176 0.1456 0.1506 0.4181 0.5081 0.2960 0.1738 0.1366 0.2446 0.4964 0.4158 0.2264 0.1485 0.1461 0.3970 0.5137 0.3125 0.1805 0.1370 0.2132 0.4860 0.4336
0.4838 0.2054 0.1372 0.1825 0.3174 0.5146 0.3902 0.1449 0.1495 0.2295 0.4220 0.4937 0.2357 0.1366 0.1755 0.3002 0.5100 0.4129 0.1493 0.1463 0.2197 0.4030 0.5010 0.2603 0.1366 0.1716 0.2917 0.5066 0.4200 0.1506 0.1459 0.2199 0.4061 0.4987 0.2469 0.1366 0.1759 0.3047 0.5127 0.3969 0.1451 0.1503 0.2348 0.4378 0.4832 0.1996 0.1377 0.1877 0.3322 0.5142 0.4618 0.5142 0.3322 0.1877 0.1377 0.1996 0.4832 0.4378 0.2348 0.1503 0.1451 0.3969 0.5127 0.3047 0.1759 0.1366 0.2469 0.4987 0.4061 0.2199 0.1459 0.1506 0.4200 0.5066 0.2917 0.1716 0.1366 0.2603 0.5010 0.4030 0.2197 0.1463 0.1493 0.4129 0.5100 0.3002 0.1755 0.1366 0.2357 0.4937 0.4220 0.2295 0.1495 0.1449 0.3902 0.5146 0.3174 0.1825 0.1372 0.2054 0.4838
0.2044 0.1375 0.1846 0.3224 0.5152 0.3832 0.1439 0.1505 0.2327 0.4283 0.4909 0.2268 0.1367 0.1773 0.3048 0.5116 0.4071 0.1480 0.1471 0.2221 0.4077 0.4993 0.2542 0.1366 0.1725 0.2937 0.5075 0.4184 0.1503 0.1460 0.2199 0.4055 0.4991 0.2493 0.1366 0.1751 0.3025 0.5120 0.4008 0.1458 0.1495 0.2324 0.4330 0.4858 0.2057 0.1375 0.1862 0.3304 0.5154 0.3802 0.1735 0.3802 0.5154 0.3304 0.1862 0.1375 0.2057 0.4858 0.4330 0.2324 0.1495 0.1458 0.4008 0.5120 0.3025 0.1751 0.1366 0.2493 0.4991 0.4055 0.2199 0.1460 0.1503 0.4184 0.5075 0.2937 0.1725 0.1366 0.2542 0.4993 0.4077 0.2221 0.1471 0.1480 0.4071 0.5116 0.3048 0.1773 0.1367 0.2268 0.4909 0.4283 0.2327 0.1505 0.1439 0.3832 0.5152 0.3224 0.1846 0.1375 0.2044
0.1448 0.1867 0.3275 0.5155 0.3760 0.1429 0.1516 0.2360 0.4345 0.4879 0.2183 0.1369 0.1793 0.3095 0.5130 0.4009 0.1468 0.1479 0.2248 0.4129 0.4973 0.2472 0.1366 0.1736 0.2963 0.5086 0.4158 0.1497 0.1463 0.2204 0.4061 0.4991 0.2501 0.1366 0.1747 0.3009 0.5114 0.4038 0.1465 0.1489 0.2303 0.4287 0.4881 0.2118 0.1372 0.1845 0.3267 0.5156 0.3684 0.1426 0.1376 0.1426 0.3684 0.5156 0.3267 0.1845 0.1372 0.2118 0.4881 0.4287 0.2303 0.1489 0.1465 0.4038 0.5114 0.3009 0.1747 0.1366 0.2501 0.4991 0.4061 0.2204 0.1463 0.1497 0.4158 0.5086 0.2963 0.1736 0.1366 0.2472 0.4973 0.4129 0.2248 0.1479 0.1468 0.4009 0.5130 0.3095 0.1793 0.1369 0.2183 0.4879 0.4345 0.2360 0.1516 0.1429 0.3760 0.5155 0.3275 0.1867 0.1448
0.1919 0.3328 0.5156 0.3686 0.1420 0.1528 0.2393 0.4406 0.4847 0.2101 0.1371 0.1813 0.3144 0.5141 0.3943 0.1456 0.1489 0.2277 0.4186 0.4951 0.2396 0.1366 0.1750 0.2995 0.5099 0.4123 0.1490 0.1467 0.2214 0.4077 0.4987 0.2493 0.1366 0.1745 0.3001 0.5110 0.4059 0.1469 0.1485 0.2287 0.4251 0.4901 0.2174 0.1371 0.1829 0.3228 0.5155 0.3707 0.1417 0.1500 0.1911 0.1500 0.1417 0.3707 0.5155 0.3228 0.1829 0.1371 0.2174 0.4901 0.4251 0.2287 0.1485 0.1469 0.4059 0.5110 0.3001 0.1745 0.1366 0.2493 0.4987 0.4077 0.2214 0.1467 0.1490 0.4123 0.5099 0.2995 0.1750 0.1366 0.2396 0.4951 0.4186 0.2277 0.1489 0.1456 0.3943 0.5141 0.3144 0.1813 0.1371 0.2101 0.4847 0.4406 0.2393 0.1528 0.1420 0.3686 0.5156 0.3328 0.1919
0.3357 0.5156 0.3609 0.1412 0.1539 0.2428 0.4468 0.4814 0.2024 0.1373 0.1833 0.3194 0.5148 0.3875 0.1445 0.1499 0.2308 0.4246 0.4925 0.2315 0.1367 0.1766 0.3032 0.5112 0.4080 0.1481 0.1472 0.2229 0.4104 0.4979 0.2469 0.1366 0.1747 0.3001 0.5108 0.4070 0.1473 0.1482 0.2275 0.4223 0.4916 0.2222 0.1369 0.1816 0.3193 0.5153 0.3755 0.1421 0.1527 0.2338 0.3446 0.2338 0.1527 0.1421 0.3755 0.5153 0.3193 0.1816 0.1369 0.2222 0.4916 0.4223 0.2275 0.1482 0.1473 0.4070 0.5108 0.3001 0.1747 0.1366 0.2469 0.4979 0.4104 0.2229 0.1472 0.1481 0.4080 0.5112 0.3032 0.1766 0.1367 0.2315 0.4925 0.4246 0.2308 0.1499 0.1445 0.3875 0.5148 0.3194 0.1833 0.1373 0.2024 0.4814 0.4468 0.2428 0.1539 0.1412 0.3609 0.5156 0.3357
0.5143 0.3531 0.1405 0.1552 0.2463 0.4528 0.4778 0.1953 0.1376 0.1854 0.3244 0.5154 0.3804 0.1435 0.1510 0.2340 0.4307 0.4897 0.2232 0.1368 0.1783 0.3073 0.5125 0.4030 0.1471 0.1478 0.2248 0.4138 0.4966 0.2431 0.1366 0.1751 0.3009 0.5110 0.4070 0.1474 0.1480 0.2267 0.4203 0.4926 0.2260 0.1368 0.1804 0.3162 0.5150 0.3804 0.1427 0.1527 0.2401 0.4330 0.5132 0.4330 0.2401 0.1527 0.1427 0.3804 0.5150 0.3162 0.1804 0.1368 0.2260 0.4926 0.4203 0.2267 0.1480 0.1474 0.4070 0.5110 0.3009 0.1751 0.1366 0.2431 0.4966 0.4138 0.2248 0.1478 0.1471 0.4030 0.5125 0.3073 0.1783 0.1368 0.2232 0.4897 0.4307 0.2340 0.1510 0.1435 0.3804 0.5154 0.3244 0.1854 0.1376 0.1953 0.4778 0.4528 0.2463 0.1552 0.1405 0.3531 0.5143
0.3487 0.1398 0.1564 0.2498 0.4588 0.4741 0.1887 0.1380 0.1875 0.3295 0.5156 0.3731 0.1425 0.1521 0.2373 0.4369 0.4867 0.2150 0.1369 0.1801 0.3117 0.5136 0.3974 0.1461 0.1486 0.2270 0.4180 0.4950 0.2381 0.1366 0.1759 0.3025 0.5114 0.4059 0.1473 0.1480 0.2265 0.4193 0.4933 0.2287 0.1368 0.1796 0.3137 0.5146 0.3846 0.1433 0.1521 0.2396 0.4431 0.4871 0.3501 0.4871 0.4431 0.2396 0.1521 0.1433 0.3846 0.5146 0.3137 0.1796 0.1368 0.2287 0.4933 0.4193 0.2265 0.1480 0.1473 0.4059 0.5114 0.3025 0.1759 0.1366 0.2381 0.4950 0.4180 0.2270 0.1486 0.1461 0.3974 0.5136 0.3117 0.1801 0.1369 0.2150 0.4867 0.4369 0.2373 0.1521 0.1425 0.3731 0.5156 0.3295 0.1875 0.1380 0.1887 0.4741 0.4588 0.2498 0.1564 0.1398 0.3487
0.1468 0.1577 0.2535 0.4645 0.4702 0.1829 0.1384 0.1897 0.3348 0.5156 0.3656 0.1417 0.1532 0.2407 0.4431 0.4834 0.2070 0.1372 0.1821 0.3164 0.5144 0.3912 0.1450 0.1494 0.2296 0.4228 0.4931 0.2322 0.1367 0.1769 0.3047 0.5120 0.4038 0.1469 0.1482 0.2267 0.4193 0.4935 0.2301 0.1367 0.1790 0.3119 0.5142 0.3881 0.1438 0.1514 0.2379 0.4423 0.4826 0.2183 0.1377 0.2183 0.4826 0.4423 0.2379 0.1514 0.1438 0.3881 0.5142 0.3119 0.1790 0.1367 0.2301 0.4935 0.4193 0.2267 0.1482 0.1469 0.4038 0.5120 0.3047 0.1769 0.1367 0.2322 0.4931 0.4228 0.2296 0.1494 0.1450 0.3912 0.5144 0.3164 0.1821 0.1372 0.2070 0.4834 0.4431 0.2407 0.1532 0.1417 0.3656 0.5156 0.3348 0.1897 0.1384 0.1829 0.4702 0.4645 0.2535 0.1577 0.1468
0.1637 0.2572 0.4702 0.4661 0.1777 0.1389 0.1920 0.3402 0.5154 0.3579 0.1409 0.1544 0.2441 0.4492 0.4800 0.1995 0.1374 0.1841 0.3213 0.5151 0.3845 0.1440 0.1504 0.2324 0.4280 0.4908 0.2255 0.1368 0.1781 0.3075 0.5127 0.4008 0.1465 0.1485 0.2275 0.4203 0.4933 0.2301 0.1367 0.1786 0.3107 0.5140 0.3907 0.1443 0.1509 0.2363 0.4395 0.4831 0.2041 0.1360 0.1538 0.1360 0.2041 0.4831 0.4395 0.2363 0.1509 0.1443 0.3907 0.5140 0.3107 0.1786 0.1367 0.2301 0.4933 0.4203 0.2275 0.1485 0.1465 0.4008 0.5127 0.3075 0.1781 0.1368 0.2255 0.4908 0.4280 0.2324 0.1504 0.1440 0.3845 0.5151 0.3213 0.1841 0.1374 0.1995 0.4800 0.4492 0.2441 0.1544 0.1409 0.3579 0.5154 0.3402 0.1920 0.1389 0.1777 0.4661 0.4702 0.2572 0.1637
0.2613 0.4756 0.4618 0.1732 0.1394 0.1943 0.3456 0.5150 0.3500 0.1402 0.1556 0.2477 0.4552 0.4764 0.1926 0.1378 0.1862 0.3264 0.5155 0.3775 0.1431 0.1514 0.2354 0.4336 0.4882 0.2184 0.1369 0.1796 0.3110 0.5135 0.3969 0.1458 0.1489 0.2287 0.4223 0.4926 0.2287 0.1367 0.1786 0.3104 0.5138 0.3922 0.1446 0.1505 0.2349 0.4368 0.4845 0.2045 0.1371 0.1787 0.2472 0.1787 0.1371 0.2045 0.4845 0.4368 0.2349 0.1505 0.1446 0.3922 0.5138 0.3104 0.1786 0.1367 0.2287 0.4926 0.4223 0.2287 0.1489 0.1458 0.3969 0.5135 0.3110 0.1796 0.1369 0.2184 0.4882 0.4336 0.2354 0.1514 0.1431 0.3775 0.5155 0.3264 0.1862 0.1378 0.1926 0.4764 0.4552 0.2477 0.1556 0.1402 0.3500 0.5150 0.3456 0.1943 0.1394 0.1732 0.4618 0.4756 0.2613
0.4762 0.4574 0.1692 0.1400 0.1967 0.3511 0.5144 0.3418 0.1396 0.1569 0.2513 0.4611 0.4726 0.1864 0.1382 0.1884 0.3316 0.5156 0.3702 0.1422 0.1525 0.2387 0.4395 0.4852 0.2111 0.1371 0.1813 0.3148 0.5142 0.3921 0.1451 0.1495 0.2303 0.4251 0.4916 0.2260 0.1368 0.1790 0.3107 0.5138 0.3927 0.1447 0.1503 0.2339 0.4346 0.4857 0.2072 0.1373 0.1835 0.3121 0.4606 0.3121 0.1835 0.1373 0.2072 0.4857 0.4346 0.2339 0.1503 0.1447 0.3927 0.5138 0.3107 0.1790 0.1368 0.2260 0.4916 0.4251 0.2303 0.1495 0.1451 0.3921 0.5142 0.3148 0.1813 0.1371 0.2111 0.4852 0.4395 0.2387 0.1525 0.1422 0.3702 0.5156 0.3316 0.1884 0.1382 0.1864 0.4726 0.4611 0.2513 0.1569 0.1396 0.3418 0.5144 0.3511 0.1967 0.1400 0.1692 0.4574 0.4762
0.4546 0.1657 0.1406 0.1991 0.3567 0.5136 0.3335 0.1390 0.1582 0.2549 0.4668 0.4686 0.1808 0.1386 0.1906 0.3369 0.5156 0.3626 0.1414 0.1537 0.2420 0.4455 0.4820 0.2037 0.1373 0.1831 0.3190 0.5149 0.3867 0.1443 0.1503 0.2324 0.4287 0.4901 0.2222 0.1368 0.1796 0.3119 0.5140 0.3922 0.1447 0.1502 0.2334 0.4332 0.4866 0.2097 0.1372 0.1838 0.3216 0.5129 0.4710 0.5129 0.3216 0.1838 0.1372 0.2097 0.4866 0.4332 0.2334 0.1502 0.1447 0.3922 0.5140 0.3119 0.1796 0.1368 0.2222 0.4901 0.4287 0.2324 0.1503 0.1443 0.3867 0.5149 0.3190 0.1831 0.1373 0.2037 0.4820 0.4455 0.2420 0.1537 0.1414 0.3626 0.5156 0.3369 0.1906 0.1386 0.1808 0.4686 0.4668 0.2549 0.1582 0.1390 0.3335 0.5136 0.3567 0.1991 0.1406 0.1657 0.4546
0.1699 0.1412 0.2016 0.3624 0.5126 0.3250 0.1385 0.1596 0.2587 0.4723 0.4644 0.1759 0.1391 0.1929 0.3423 0.5153 0.3548 0.1406 0.1549 0.2455 0.4515 0.4786 0.1967 0.1376 0.1850 0.3237 0.5153 0.3808 0.1434 0.1511 0.2348 0.4330 0.4881 0.2174 0.1369 0.1804 0.3137 0.5142 0.3907 0.1446 0.1503 0.2334 0.4327 0.4871 0.2114 0.1372 0.1834 0.3223 0.5150 0.3941 0.1846 0.3939 0.5150 0.3223 0.1833 0.1372 0.2114 0.4871 0.4329 0.2334 0.1503 0.1446 0.3907 0.5142 0.3137 0.1804 0.1369 0.2174 0.4881 0.4330 0.2348 0.1511 0.1434 0.3808 0.5153 0.3237 0.1850 0.1376 0.1967 0.4786 0.4515 0.2455 0.1549 0.1406 0.3548 0.5153 0.3423 0.1929 0.1391 0.1759 0.4644 0.4723 0.2587 0.1596 0.1385 0.3250 0.5126 0.3624 0.2016 0.1412 0.1699
0.1481 0.2042 0.3682 0.5114 0.3163 0.1381 0.1610 0.2626 0.4776 0.4601 0.1716 0.1396 0.1952 0.3477 0.5148 0.3468 0.1399 0.1561 0.2491 0.4575 0.4749 0.1901 0.1379 0.1871 0.3286 0.5156 0.3741 0.1426 0.1520 0.2375 0.4378 0.4858 0.2118 0.1371 0.1816 0.3162 0.5146 0.3881 0.1443 0.1505 0.2339 0.4332 0.4871 0.2135 0.1371 0.1828 0.3211 0.5153 0.3796 0.1442 0.1369 0.1445 0.3786 0.5153 0.3194 0.1829 0.1371 0.2120 0.4873 0.4334 0.2339 0.1505 0.1443 0.3881 0.5146 0.3162 0.1816 0.1371 0.2118 0.4858 0.4378 0.2375 0.1520 0.1426 0.3741 0.5156 0.3286 0.1871 0.1379 0.1901 0.4749 0.4575 0.2491 0.1561 0.1399 0.3468 0.5148 0.3477 0.1952 0.1396 0.1716 0.4601 0.4776 0.2626 0.1610 0.1381 0.3163 0.5114 0.3682 0.2042 0.1481
0.2091 0.3741 0.5101 0.3075 0.1377 0.1625 0.2665 0.4827 0.4556 0.1678 0.1402 0.1976 0.3533 0.5141 0.3386 0.1393 0.1574 0.2527 0.4633 0.4711 0.1841 0.1383 0.1892 0.3337 0.5156 0.3670 0.1418 0.1531 0.2404 0.4430 0.4832 0.2057 0.1372 0.1829 0.3193 0.5150 0.3846 0.1438 0.1509 0.2349 0.4346 0.4866 0.2113 0.1372 0.1833 0.3220 0.5153 0.3789 0.1430 0.1487 0.1877 0.1485 0.1429 0.3791 0.5152 0.3214 0.1824 0.1370 0.2072 0.4865 0.4346 0.2349 0.1509 0.1438 0.3846 0.5150 0.3193 0.1829 0.1372 0.2057 0.4832 0.4430 0.2404 0.1531 0.1418 0.3670 0.5156 0.3337 0.1892 0.1383 0.1841 0.4711 0.4633 0.2527 0.1574 0.1393 0.3386 0.5141 0.3533 0.1976 0.1402 0.1678 0.4556 0.4827 0.2665 0.1625 0.1377 0.3075 0.5101 0.3741 0.2091
0.3764 0.5086 0.2985 0.1373 0.1639 0.2704 0.4874 0.4509 0.1645 0.1408 0.2000 0.3589 0.5132 0.3303 0.1388 0.1588 0.2564 0.4689 0.4671 0.1788 0.1388 0.1915 0.3389 0.5155 0.3597 0.1411 0.1542 0.2435 0.4484 0.4803 0.1996 0.1375 0.1845 0.3228 0.5153 0.3804 0.1433 0.1514 0.2363 0.4368 0.4857 0.2097 0.1372 0.1829 0.3226 0.5153 0.3788 0.1429 0.1517 0.2297 0.3378 0.2300 0.1517 0.1428 0.3799 0.5153 0.3204 0.1824 0.1371 0.2097 0.4857 0.4368 0.2363 0.1514 0.1433 0.3804 0.5153 0.3228 0.1845 0.1375 0.1996 0.4803 0.4484 0.2435 0.1542 0.1411 0.3597 0.5155 0.3389 0.1915 0.1388 0.1788 0.4671 0.4689 0.2564 0.1588 0.1388 0.3303 0.5132 0.3589 0.2000 0.1408 0.1645 0.4509 0.4874 0.2704 0.1639 0.1373 0.2985 0.5086 0.3764
0.5070 0.2897 0.1371 0.1654 0.2743 0.4917 0.4462 0.1617 0.1414 0.2024 0.3644 0.5122 0.3221 0.1383 0.1601 0.2600 0.4741 0.4630 0.1743 0.1392 0.1937 0.3441 0.5151 0.3522 0.1404 0.1553 0.2468 0.4538 0.4771 0.1936 0.1377 0.1862 0.3267 0.5155 0.3755 0.1427 0.1521 0.2379 0.4395 0.4845 0.2072 0.1372 0.1834 0.3211 0.5151 0.3820 0.1427 0.1522 0.2379 0.4273 0.5139 0.4263 0.2373 0.1523 0.1426 0.3757 0.5153 0.3213 0.1836 0.1372 0.2072 0.4845 0.4395 0.2379 0.1521 0.1427 0.3755 0.5155 0.3267 0.1862 0.1377 0.1936 0.4771 0.4538 0.2468 0.1553 0.1404 0.3522 0.5151 0.3441 0.1937 0.1392 0.1743 0.4630 0.4741 0.2600 0.1601 0.1383 0.3221 0.5122 0.3644 0.2024 0.1414 0.1617 0.4462 0.4917 0.2743 0.1654 0.1371 0.2897 0.5070
0.2866 0.1369 0.1667 0.2779 0.4951 0.4419 0.1594 0.1420 0.2046 0.3693 0.5111 0.3146 0.1379 0.1612 0.2632 0.4786 0.4592 0.1708 0.1397 0.1956 0.3488 0.5146 0.3453 0.1398 0.1563 0.2497 0.4587 0.4741 0.1885 0.1380 0.1877 0.3304 0.5156 0.3707 0.1421 0.1527 0.2396 0.4423 0.4831 0.2045 0.1373 0.1838 0.3224 0.5151 0.3779 0.1430 0.1520 0.2385 0.4376 0.4903 0.3603 0.4898 0.4386 0.2387 0.1520 0.1423 0.3787 0.5153 0.3215 0.1838 0.1373 0.2045 0.4831 0.4423 0.2396 0.1527 0.1421 0.3707 0.5156 0.3304 0.1877 0.1380 0.1885 0.4741 0.4587 0.2497 0.1563 0.1398 0.3453 0.5146 0.3488 0.1956 0.1397 0.1708 0.4592 0.4786 0.2632 0.1612 0.1379 0.3146 0.5111 0.3693 0.2046 0.1420 0.1594 0.4419 0.4951 0.2779 0.1667 0.1369 0.2866
0.1442 0.1672 0.2796 0.4966 0.4396 0.1582 0.1421 0.2055 0.3718 0.5104 0.3108 0.1376 0.1617 0.2648 0.4806 0.4573 0.1690 0.1398 0.1965 0.3511 0.5141 0.3417 0.1394 0.1567 0.2511 0.4610 0.4724 0.1860 0.1380 0.1883 0.3322 0.5154 0.3684 0.1417 0.1527 0.2401 0.4431 0.4826 0.2041 0.1371 0.1835 0.3217 0.5150 0.3819 0.1430 0.1517 0.2371 0.4408 0.4847 0.2291 0.1386 0.2290 0.4861 0.4393 0.2380 0.1518 0.1431 0.3802 0.5147 0.3216 0.1835 0.1371 0.2041 0.4826 0.4431 0.2401 0.1527 0.1417 0.3684 0.5154 0.3322 0.1883 0.1380 0.1860 0.4724 0.4610 0.2511 0.1567 0.1394 0.3417 0.5141 0.3511 0.1965 0.1398 0.1690 0.4573 0.4806 0.2648 0.1617 0.1376 0.3108 0.5104 0.3718 0.2055 0.1421 0.1582 0.4396 0.4966 0.2796 0.1672 0.1442
0.1681 0.2729 0.4904 0.4467 0.1616 0.1404 0.2007 0.3635 0.5111 0.3240 0.1376 0.1586 0.2585 0.4730 0.4630 0.1747 0.1383 0.1920 0.3432 0.5140 0.3539 0.1397 0.1539 0.2451 0.4524 0.4770 0.1954 0.1367 0.1840 0.3243 0.5142 0.3802 0.1426 0.1500 0.2338 0.4330 0.4871 0.2183 0.1360 0.1787 0.3121 0.5129 0.3938 0.1445 0.1487 0.2299 0.4270 0.4884 0.2265 0.1348 0.1484 0.1348 0.2300 0.4897 0.4248 0.2303 0.1487 0.1445 0.3941 0.5129 0.3122 0.1787 0.1360 0.2183 0.4871 0.4330 0.2338 0.1500 0.1426 0.3802 0.5142 0.3243 0.1840 0.1367 0.1954 0.4770 0.4524 0.2451 0.1539 0.1397 0.3539 0.5140 0.3432 0.1920 0.1383 0.1747 0.4630 0.4730 0.2585 0.1586 0.1376 0.3240 0.5111 0.3635 0.2007 0.1404 0.1616 0.4467 0.4904 0.2729 0.1681
0.2218 0.4083 0.4976 0.2591 0.1348 0.1685 0.2875 0.5038 0.4272 0.1515 0.1421 0.2089 0.3853 0.5050 0.2925 0.1351 0.1627 0.2718 0.4915 0.4459 0.1603 0.1396 0.1993 0.3637 0.5103 0.3244 0.1361 0.1575 0.2573 0.4745 0.4618 0.1735 0.1376 0.1911 0.3446 0.5132 0.3501 0.1377 0.1538 0.2472 0.4606 0.4709 0.1846 0.1368 0.1870 0.3369 0.5138 0.3558 0.1383 0.1488 0.1889 0.1489 0.1383 0.3553 0.5137 0.3377 0.1876 0.1368 0.1853 0.4710 0.4606 0.2472 0.1538 0.1377 0.3501 0.5132 0.3446 0.1911 0.1376 0.1735 0.4618 0.4745 0.2573 0.1575 0.1361 0.3244 0.5103 0.3637 0.1993 0.1396 0.1603 0.4459 0.4915 0.2718 0.1627 0.1351 0.2925 0.5050 0.3853 0.2089 0.1421 0.1515 0.4272 0.5038 0.2875 0.1685 0.1348 0.2591 0.4976 0.4083 0.2218
0.1681 0.2729 0.4904 0.4467 0.1616 0.1404 0.2007 0.3635 0.5111 0.3240 0.1376 0.1586 0.2585 0.4730 0.4630 0.1747 0.1383 0.1920 0.3432 0.5140 0.3539 0.1397 0.1539 0.2451 0.4524 0.4770 0.1954 0.1367 0.1840 0.3243 0.5142 0.3802 0.1426 0.1500 0.2338 0.4330 0.4871 0.2183 0.1360 0.1787 0.3121 0.5129 0.3939 0.1447 0.1485 0.2294 0.4260 0.4885 0.2257 0.1349 0.1494 0.1349 0.2237 0.4881 0.4278 0.2307 0.1483 0.1447 0.3959 0.5128 0.3121 0.1787 0.1360 0.2183 0.4871 0.4330 0.2338 0.1500 0.1426 0.3802 0.5142 0.3243 0.1840 0.1367 0.1954 0.4770 0.4524 0.2451 0.1539 0.1397 0.3539 0.5140 0.3432 0.1920 0.1383 0.1747 0.4630 0.4730 0.2585 0.1586 0.1376 0.3240 0.5111 0.3635 0.2007 0.1404 0.1616 0.4467 0.4904 0.2729 0.1681
0.1442 0.1672 0.2796 0.4966 0.4396 0.1582 0.1421 0.2055 0.3718 0.5104 0.3108 0.1376 0.1617 0.2648 0.4806 0.4573 0.1690 0.1398 0.1965 0.3511 0.5141 0.3417 0.1394 0.1567 0.2511 0.4610 0.4724 0.1860 0.1380 0.1883 0.3322 0.5154 0.3684 0.1417 0.1527 0.2401 0.4431 0.4826 0.2041 0.1371 0.1835 0.3216 0.5150 0.3790 0.1428 0.1516 0.2388 0.4433 0.4839 0.2229 0.1379 0.2185 0.4841 0.4408 0.2378 0.1519 0.1430 0.3811 0.5148 0.3215 0.1835 0.1371 0.2041 0.4826 0.4431 0.2401 0.1527 0.1417 0.3684 0.5154 0.3322 0.1883 0.1380 0.1860 0.4724 0.4610 0.2511 0.1567 0.1394 0.3417 0.5141 0.3511 0.1965 0.1398 0.1690 0.4573 0.4806 0.2648 0.1617 0.1376 0.3108 0.5104 0.3718 0.2055 0.1421 0.1582 0.4396 0.4966 0.2796 0.1672 0.1442
0.2866 0.1369 0.1667 0.2779 0.4951 0.4419 0.1594 0.1420 0.2046 0.3693 0.5111 0.3146 0.1379 0.1612 0.2632 0.4786 0.4592 0.1708 0.1397 0.1956 0.3488 0.5146 0.3453 0.1398 0.1563 0.2497 0.4587 0.4741 0.1885 0.1380 0.1877 0.3304 0.5156 0.3707 0.1421 0.1527 0.2396 0.4423 0.4831 0.2045 0.1373 0.1838 0.3223 0.5154 0.3752 0.1427 0.1525 0.2410 0.4411 0.4895 0.3528 0.4888 0.4409 0.2398 0.1522 0.1427 0.3794 0.5151 0.3248 0.1839 0.1373 0.2045 0.4831 0.4423 0.2396 0.1527 0.1421 0.3707 0.5156 0.3304 0.1877 0.1380 0.1885 0.4741 0.4587 0.2497 0.1563 0.1398 0.3453 0.5146 0.3488 0.1956 0.1397 0.1708 0.4592 0.4786 0.2632 0.1612 0.1379 0.3146 0.5111 0.3693 0.2046 0.1420 0.1594 0.4419 0.4951 0.2779 0.1667 0.1369 0.2866
0.5070 0.2897 0.1371 0.1654 0.2743 0.4917 0.4462 0.1617 0.1414 0.2024 0.3644 0.5122 0.3221 0.1383 0.1601 0.2600 0.4741 0.4630 0.1743 0.1392 0.1937 0.3441 0.5151 0.3522 0.1404 0.1553 0.2468 0.4538 0.4771 0.1936 0.1377 0.1862 0.3267 0.5155 0.3755 0.1427 0.1521 0.2379 0.4395 0.4845 0.2072 0.1372 0.1833 0.3218 0.5155 0.3768 0.1426 0.1524 0.2381 0.4304 0.5134 0.4282 0.2373 0.1521 0.1427 0.3796 0.5153 0.3191 0.1832 0.1372 0.2071 0.4845 0.4395 0.2379 0.1521 0.1427 0.3755 0.5155 0.3267 0.1862 0.1377 0.1936 0.4771 0.4538 0.2468 0.1553 0.1404 0.3522 0.5151 0.3441 0.1937 0.1392 0.1743 0.4630 0.4741 0.2600 0.1601 0.1383 0.3221 0.5122 0.3644 0.2024 0.1414 0.1617 0.4462 0.4917 0.2743 0.1654 0.1371 0.2897 0.5070
0.3764 0.5086 0.2985 0.1373 0.1639 0.2704 0.4874 0.4509 0.1645 0.1408 0.2000 0.3589 0.5132 0.3303 0.1388 0.1588 0.2564 0.4689 0.4671 0.1788 0.1388 0.1915 0.3389 0.5155 0.3597 0.1411 0.1542 0.2435 0.4484 0.4803 0.1996 0.1375 0.1845 0.3228 0.5153 0.3804 0.1433 0.1514 0.2363 0.4368 0.4857 0.2098 0.1372 0.1826 0.3208 0.5153 0.3809 0.1428 0.1520 0.2313 0.3388 0.2296 0.1514 0.1424 0.3782 0.5151 0.3199 0.1823 0.1371 0.2098 0.4857 0.4368 0.2363 0.1514 0.1433 0.3804 0.5153 0.3228 0.1845 0.1375 0.1996 0.4803 0.4484 0.2435 0.1542 0.1411 0.3597 0.5155 0.3389 0.1915 0.1388 0.1788 0.4671 0.4689 0.2564 0.1588 0.1388 0.3303 0.5132 0.3589 0.2000 0.1408 0.1645 0.4509 0.4874 0.2704 0.1639 0.1373 0.2985 0.5086 0.3764
