0.1166 0.2558 0.2466 0.1354 0.5084 0.1146 0.2697 0.2162 0.1395 0.5062 0.1139 0.2855 0.1892 0.1440 0.5015 0.1135 0.3023 0.1694 0.1489 0.4947 0.1134 0.3203 0.1563 0.1543 0.4858 0.1135 0.3395 0.1473 0.1603 0.4748 0.1139 0.3598 0.1406 0.1668 0.4617 0.1147 0.3810 0.1353 0.1740 0.4463 0.1157 0.4029 0.1310 0.1818 0.4286 0.1171 0.4253 0.1271 0.1937 0.3646 0.1398 0.3646 0.1937 0.1271 0.4253 0.1171 0.4286 0.1818 0.1310 0.4029 0.1157 0.4463 0.1740 0.1353 0.3810 0.1147 0.4617 0.1668 0.1406 0.3598 0.1139 0.4748 0.1603 0.1473 0.3395 0.1135 0.4858 0.1543 0.1563 0.3203 0.1134 0.4947 0.1489 0.1694 0.3023 0.1135 0.5015 0.1440 0.1892 0.2855 0.1139 0.5062 0.1395 0.2162 0.2697 0.1146 0.5084 0.1354 0.2466 0.2558 0.1166
0.2558 0.2628 0.1400 0.5206 0.1139 0.2842 0.2231 0.1449 0.5177 0.1135 0.3014 0.1927 0.1499 0.5126 0.1135 0.3194 0.1694 0.1552 0.5056 0.1137 0.3385 0.1540 0.1610 0.4966 0.1143 0.3588 0.1440 0.1674 0.4855 0.1151 0.3801 0.1369 0.1744 0.4724 0.1162 0.4023 0.1316 0.1820 0.4571 0.1177 0.4249 0.1274 0.1904 0.4394 0.1194 0.4474 0.1239 0.2001 0.4118 0.1262 0.5179 0.1262 0.4118 0.2001 0.1239 0.4474 0.1194 0.4394 0.1904 0.1274 0.4249 0.1177 0.4571 0.1820 0.1316 0.4023 0.1162 0.4724 0.1744 0.1369 0.3801 0.1151 0.4855 0.1674 0.1440 0.3588 0.1143 0.4966 0.1610 0.1540 0.3385 0.1137 0.5056 0.1552 0.1694 0.3194 0.1135 0.5126 0.1499 0.1927 0.3014 0.1135 0.5177 0.1449 0.2231 0.2842 0.1139 0.5206 0.1400 0.2628 0.2558
0.2466 0.1400 0.5203 0.1137 0.2900 0.2107 0.1469 0.5157 0.1134 0.3095 0.1808 0.1523 0.5096 0.1134 0.3282 0.1613 0.1579 0.5016 0.1138 0.3479 0.1488 0.1639 0.4916 0.1145 0.3686 0.1404 0.1706 0.4796 0.1154 0.3904 0.1342 0.1779 0.4655 0.1167 0.4128 0.1294 0.1859 0.4491 0.1183 0.4355 0.1256 0.1946 0.4303 0.1202 0.4576 0.1225 0.2041 0.4078 0.1233 0.5064 0.1110 0.5064 0.1233 0.4078 0.2041 0.1225 0.4576 0.1202 0.4303 0.1946 0.1256 0.4355 0.1183 0.4491 0.1859 0.1294 0.4128 0.1167 0.4655 0.1779 0.1342 0.3904 0.1154 0.4796 0.1706 0.1404 0.3686 0.1145 0.4916 0.1639 0.1488 0.3479 0.1138 0.5016 0.1579 0.1613 0.3282 0.1134 0.5096 0.1523 0.1808 0.3095 0.1134 0.5157 0.1469 0.2107 0.2900 0.1137 0.5203 0.1400 0.2466
0.1354 0.5206 0.1137 0.2923 0.2034 0.1484 0.5138 0.1134 0.3172 0.1713 0.1547 0.5062 0.1136 0.3372 0.1548 0.1607 0.4972 0.1141 0.3575 0.1445 0.1670 0.4863 0.1149 0.3788 0.1373 0.1739 0.4732 0.1160 0.4009 0.1318 0.1815 0.4581 0.1174 0.4235 0.1275 0.1899 0.4406 0.1191 0.4460 0.1241 0.1989 0.4207 0.1212 0.4676 0.1213 0.2088 0.3980 0.1238 0.4928 0.1141 0.3161 0.1141 0.4928 0.1238 0.3980 0.2088 0.1213 0.4676 0.1212 0.4207 0.1989 0.1241 0.4460 0.1191 0.4406 0.1899 0.1275 0.4235 0.1174 0.4581 0.1815 0.1318 0.4009 0.1160 0.4732 0.1739 0.1373 0.3788 0.1149 0.4863 0.1670 0.1445 0.3575 0.1141 0.4972 0.1607 0.1548 0.3372 0.1136 0.5062 0.1547 0.1713 0.3172 0.1134 0.5138 0.1484 0.2034 0.2923 0.1137 0.5206 0.1354
0.5084 0.1139 0.2900 0.2034 0.1490 0.5126 0.1134 0.3234 0.1643 0.1570 0.5027 0.1138 0.3461 0.1496 0.1635 0.4923 0.1144 0.3673 0.1408 0.1702 0.4804 0.1153 0.3891 0.1345 0.1774 0.4664 0.1166 0.4115 0.1297 0.1854 0.4501 0.1182 0.4341 0.1258 0.1940 0.4315 0.1201 0.4563 0.1227 0.2035 0.4104 0.1223 0.4771 0.1202 0.2137 0.3867 0.1250 0.4959 0.1170 0.2470 0.1615 0.2470 0.1170 0.4959 0.1250 0.3867 0.2137 0.1202 0.4771 0.1223 0.4104 0.2035 0.1227 0.4563 0.1201 0.4315 0.1940 0.1258 0.4341 0.1182 0.4501 0.1854 0.1297 0.4115 0.1166 0.4664 0.1774 0.1345 0.3891 0.1153 0.4804 0.1702 0.1408 0.3673 0.1144 0.4923 0.1635 0.1496 0.3461 0.1138 0.5027 0.1570 0.1643 0.3234 0.1134 0.5126 0.1490 0.2034 0.2900 0.1139 0.5084
0.1146 0.2842 0.2107 0.1484 0.5126 0.1134 0.3269 0.1603 0.1589 0.4994 0.1140 0.3545 0.1455 0.1663 0.4873 0.1148 0.3772 0.1377 0.1735 0.4741 0.1159 0.3995 0.1321 0.1811 0.4590 0.1173 0.4221 0.1278 0.1893 0.4417 0.1190 0.4447 0.1243 0.1984 0.4219 0.1211 0.4664 0.1215 0.2082 0.3996 0.1235 0.4860 0.1192 0.2189 0.3746 0.1263 0.5020 0.1172 0.2347 0.2925 0.1601 0.2925 0.2347 0.1172 0.5020 0.1263 0.3746 0.2189 0.1192 0.4860 0.1235 0.3996 0.2082 0.1215 0.4664 0.1211 0.4219 0.1984 0.1243 0.4447 0.1190 0.4417 0.1893 0.1278 0.4221 0.1173 0.4590 0.1811 0.1321 0.3995 0.1159 0.4741 0.1735 0.1377 0.3772 0.1148 0.4873 0.1663 0.1455 0.3545 0.1140 0.4994 0.1589 0.1603 0.3269 0.1134 0.5126 0.1484 0.2107 0.2842 0.1146
0.2697 0.2231 0.1469 0.5138 0.1134 0.3269 0.1589 0.1599 0.4970 0.1142 0.3616 0.1424 0.1690 0.4822 0.1152 0.3870 0.1350 0.1768 0.4674 0.1165 0.4100 0.1299 0.1849 0.4512 0.1181 0.4328 0.1260 0.1935 0.4327 0.1200 0.4550 0.1229 0.2029 0.4118 0.1222 0.4759 0.1203 0.2131 0.3882 0.1248 0.4940 0.1183 0.2242 0.3619 0.1277 0.5077 0.1167 0.2370 0.3227 0.1377 0.4945 0.1377 0.3227 0.2370 0.1167 0.5077 0.1277 0.3619 0.2242 0.1183 0.4940 0.1248 0.3882 0.2131 0.1203 0.4759 0.1222 0.4118 0.2029 0.1229 0.4550 0.1200 0.4327 0.1935 0.1260 0.4328 0.1181 0.4512 0.1849 0.1299 0.4100 0.1165 0.4674 0.1768 0.1350 0.3870 0.1152 0.4822 0.1690 0.1424 0.3616 0.1142 0.4970 0.1599 0.1589 0.3269 0.1134 0.5138 0.1469 0.2231 0.2697
0.2162 0.1449 0.5157 0.1134 0.3234 0.1603 0.1599 0.4962 0.1143 0.3666 0.1403 0.1713 0.4774 0.1157 0.3961 0.1327 0.1802 0.4606 0.1172 0.4204 0.1280 0.1888 0.4429 0.1189 0.4433 0.1245 0.1978 0.4232 0.1210 0.4651 0.1216 0.2076 0.4010 0.1234 0.4849 0.1193 0.2182 0.3762 0.1261 0.5011 0.1175 0.2298 0.3486 0.1292 0.5123 0.1161 0.2424 0.3166 0.1340 0.5208 0.1135 0.5208 0.1340 0.3166 0.2424 0.1161 0.5123 0.1292 0.3486 0.2298 0.1175 0.5011 0.1261 0.3762 0.2182 0.1193 0.4849 0.1234 0.4010 0.2076 0.1216 0.4651 0.1210 0.4232 0.1978 0.1245 0.4433 0.1189 0.4429 0.1888 0.1280 0.4204 0.1172 0.4606 0.1802 0.1327 0.3961 0.1157 0.4774 0.1713 0.1403 0.3666 0.1143 0.4962 0.1599 0.1603 0.3234 0.1134 0.5157 0.1449 0.2162
0.1395 0.5177 0.1134 0.3172 0.1643 0.1589 0.4970 0.1143 0.3684 0.1392 0.1729 0.4736 0.1161 0.4040 0.1309 0.1834 0.4536 0.1179 0.4304 0.1264 0.1927 0.4342 0.1198 0.4536 0.1231 0.2023 0.4131 0.1221 0.4747 0.1205 0.2125 0.3897 0.1246 0.4930 0.1184 0.2235 0.3635 0.1275 0.5070 0.1168 0.2355 0.3347 0.1308 0.5158 0.1155 0.2485 0.3032 0.1347 0.5207 0.1118 0.3832 0.1118 0.5207 0.1347 0.3032 0.2485 0.1155 0.5158 0.1308 0.3347 0.2355 0.1168 0.5070 0.1275 0.3635 0.2235 0.1184 0.4930 0.1246 0.3897 0.2125 0.1205 0.4747 0.1221 0.4131 0.2023 0.1231 0.4536 0.1198 0.4342 0.1927 0.1264 0.4304 0.1179 0.4536 0.1834 0.1309 0.4040 0.1161 0.4736 0.1729 0.1392 0.3684 0.1143 0.4970 0.1589 0.1643 0.3172 0.1134 0.5177 0.1395
0.5062 0.1135 0.3095 0.1713 0.1570 0.4994 0.1142 0.3666 0.1392 0.1735 0.4715 0.1163 0.4099 0.1296 0.1862 0.4472 0.1186 0.4397 0.1249 0.1967 0.4253 0.1208 0.4634 0.1218 0.2069 0.4025 0.1232 0.4838 0.1195 0.2176 0.3777 0.1260 0.5002 0.1176 0.2291 0.3503 0.1290 0.5118 0.1162 0.2415 0.3203 0.1325 0.5183 0.1151 0.2550 0.2880 0.1364 0.5209 0.1135 0.2976 0.1298 0.2976 0.1135 0.5209 0.1364 0.2880 0.2550 0.1151 0.5183 0.1325 0.3203 0.2415 0.1162 0.5118 0.1290 0.3503 0.2291 0.1176 0.5002 0.1260 0.3777 0.2176 0.1195 0.4838 0.1232 0.4025 0.2069 0.1218 0.4634 0.1208 0.4253 0.1967 0.1249 0.4397 0.1186 0.4472 0.1862 0.1296 0.4099 0.1163 0.4715 0.1735 0.1392 0.3666 0.1142 0.4994 0.1570 0.1713 0.3095 0.1135 0.5062
0.1139 0.3014 0.1808 0.1547 0.5027 0.1140 0.3616 0.1403 0.1729 0.4715 0.1164 0.4132 0.1287 0.1884 0.4419 0.1192 0.4478 0.1237 0.2006 0.4164 0.1218 0.4725 0.1207 0.2116 0.3916 0.1244 0.4920 0.1185 0.2228 0.3652 0.1274 0.5063 0.1169 0.2348 0.3365 0.1306 0.5154 0.1156 0.2477 0.3054 0.1343 0.5200 0.1146 0.2617 0.2724 0.1382 0.5210 0.1138 0.2821 0.1849 0.1836 0.1849 0.2821 0.1138 0.5210 0.1382 0.2724 0.2617 0.1146 0.5200 0.1343 0.3054 0.2477 0.1156 0.5154 0.1306 0.3365 0.2348 0.1169 0.5063 0.1274 0.3652 0.2228 0.1185 0.4920 0.1244 0.3916 0.2116 0.1207 0.4725 0.1218 0.4164 0.2006 0.1237 0.4478 0.1192 0.4419 0.1884 0.1287 0.4132 0.1164 0.4715 0.1729 0.1403 0.3616 0.1140 0.5027 0.1547 0.1808 0.3014 0.1139
0.2855 0.1927 0.1523 0.5062 0.1138 0.3545 0.1424 0.1713 0.4736 0.1163 0.4132 0.1284 0.1896 0.4382 0.1197 0.4541 0.1228 0.2040 0.4079 0.1227 0.4807 0.1198 0.2163 0.3804 0.1257 0.4991 0.1177 0.2283 0.3522 0.1288 0.5112 0.1162 0.2407 0.3222 0.1323 0.5181 0.1151 0.2542 0.2900 0.1361 0.5208 0.1143 0.2687 0.2565 0.1402 0.5205 0.1137 0.2852 0.2126 0.1539 0.4476 0.1539 0.2126 0.2852 0.1137 0.5205 0.1402 0.2565 0.2687 0.1143 0.5208 0.1361 0.2900 0.2542 0.1151 0.5181 0.1323 0.3222 0.2407 0.1162 0.5112 0.1288 0.3522 0.2283 0.1177 0.4991 0.1257 0.3804 0.2163 0.1198 0.4807 0.1227 0.4079 0.2040 0.1228 0.4541 0.1197 0.4382 0.1896 0.1284 0.4132 0.1163 0.4736 0.1713 0.1424 0.3545 0.1138 0.5062 0.1523 0.1927 0.2855
0.1892 0.1499 0.5096 0.1136 0.3461 0.1455 0.1690 0.4774 0.1161 0.4099 0.1287 0.1896 0.4369 0.1199 0.4581 0.1221 0.2068 0.4006 0.1236 0.4876 0.1189 0.2208 0.3693 0.1270 0.5050 0.1170 0.2338 0.3388 0.1304 0.5150 0.1157 0.2469 0.3073 0.1340 0.5198 0.1147 0.2609 0.2744 0.1380 0.5210 0.1140 0.2759 0.2407 0.1423 0.5195 0.1135 0.2922 0.2068 0.1488 0.5041 0.1189 0.5041 0.1488 0.2068 0.2922 0.1135 0.5195 0.1423 0.2407 0.2759 0.1140 0.5210 0.1380 0.2744 0.2609 0.1147 0.5198 0.1340 0.3073 0.2469 0.1157 0.5150 0.1304 0.3388 0.2338 0.1170 0.5050 0.1270 0.3693 0.2208 0.1189 0.4876 0.1236 0.4006 0.2068 0.1221 0.4581 0.1199 0.4369 0.1896 0.1287 0.4099 0.1161 0.4774 0.1690 0.1455 0.3461 0.1136 0.5096 0.1499 0.1892
0.1440 0.5126 0.1134 0.3372 0.1496 0.1663 0.4822 0.1157 0.4040 0.1296 0.1884 0.4382 0.1199 0.4596 0.1218 0.2086 0.3953 0.1243 0.4928 0.1183 0.2250 0.3586 0.1282 0.5097 0.1164 0.2392 0.3254 0.1320 0.5177 0.1152 0.2533 0.2922 0.1358 0.5208 0.1143 0.2678 0.2586 0.1400 0.5206 0.1137 0.2833 0.2253 0.1445 0.5180 0.1134 0.3001 0.1946 0.1497 0.5111 0.1128 0.4582 0.1128 0.5111 0.1497 0.1946 0.3001 0.1134 0.5180 0.1445 0.2253 0.2833 0.1137 0.5206 0.1400 0.2586 0.2678 0.1143 0.5208 0.1358 0.2922 0.2533 0.1152 0.5177 0.1320 0.3254 0.2392 0.1164 0.5097 0.1282 0.3586 0.2250 0.1183 0.4928 0.1243 0.3953 0.2086 0.1218 0.4596 0.1199 0.4382 0.1884 0.1296 0.4040 0.1157 0.4822 0.1663 0.1496 0.3372 0.1134 0.5126 0.1440
0.5015 0.1135 0.3282 0.1548 0.1635 0.4873 0.1152 0.3961 0.1309 0.1862 0.4419 0.1197 0.4581 0.1218 0.2093 0.3923 0.1248 0.4963 0.1179 0.2285 0.3492 0.1294 0.5131 0.1159 0.2446 0.3120 0.1335 0.5195 0.1148 0.2597 0.2770 0.1377 0.5210 0.1140 0.2749 0.2427 0.1421 0.5196 0.1135 0.2910 0.2104 0.1468 0.5159 0.1133 0.3083 0.1825 0.1519 0.5097 0.1131 0.3614 0.1175 0.3614 0.1131 0.5097 0.1519 0.1825 0.3083 0.1133 0.5159 0.1468 0.2104 0.2910 0.1135 0.5196 0.1421 0.2427 0.2749 0.1140 0.5210 0.1377 0.2770 0.2597 0.1148 0.5195 0.1335 0.3120 0.2446 0.1159 0.5131 0.1294 0.3492 0.2285 0.1179 0.4963 0.1248 0.3923 0.2093 0.1218 0.4581 0.1197 0.4419 0.1862 0.1309 0.3961 0.1152 0.4873 0.1635 0.1548 0.3282 0.1135 0.5015
0.1135 0.3194 0.1613 0.1607 0.4923 0.1148 0.3870 0.1327 0.1834 0.4472 0.1192 0.4541 0.1221 0.2086 0.3923 0.1250 0.4981 0.1176 0.2311 0.3418 0.1304 0.5155 0.1155 0.2497 0.2993 0.1351 0.5205 0.1144 0.2660 0.2621 0.1396 0.5207 0.1138 0.2823 0.2273 0.1442 0.5182 0.1134 0.2990 0.1965 0.1491 0.5135 0.1133 0.3168 0.1720 0.1544 0.5066 0.1135 0.3423 0.1374 0.2146 0.1374 0.3423 0.1135 0.5066 0.1544 0.1720 0.3168 0.1133 0.5135 0.1491 0.1965 0.2990 0.1134 0.5182 0.1442 0.2273 0.2823 0.1138 0.5207 0.1396 0.2621 0.2660 0.1144 0.5205 0.1351 0.2993 0.2497 0.1155 0.5155 0.1304 0.3418 0.2311 0.1176 0.4981 0.1250 0.3923 0.2086 0.1221 0.4541 0.1192 0.4472 0.1834 0.1327 0.3870 0.1148 0.4923 0.1607 0.1613 0.3194 0.1135
0.3023 0.1694 0.1579 0.4972 0.1144 0.3772 0.1350 0.1802 0.4536 0.1186 0.4478 0.1228 0.2068 0.3953 0.1248 0.4981 0.1175 0.2325 0.3370 0.1311 0.5170 0.1152 0.2540 0.2879 0.1366 0.5210 0.1142 0.2723 0.2477 0.1415 0.5199 0.1136 0.2897 0.2128 0.1464 0.5162 0.1133 0.3072 0.1840 0.1516 0.5105 0.1134 0.3256 0.1634 0.1571 0.5028 0.1137 0.3462 0.1464 0.1753 0.3738 0.1753 0.1464 0.3462 0.1137 0.5028 0.1571 0.1634 0.3256 0.1134 0.5105 0.1516 0.1840 0.3072 0.1133 0.5162 0.1464 0.2128 0.2897 0.1136 0.5199 0.1415 0.2477 0.2723 0.1142 0.5210 0.1366 0.2879 0.2540 0.1152 0.5170 0.1311 0.3370 0.2325 0.1175 0.4981 0.1248 0.3953 0.2068 0.1228 0.4478 0.1186 0.4536 0.1802 0.1350 0.3772 0.1144 0.4972 0.1579 0.1694 0.3023
0.1694 0.1552 0.5016 0.1141 0.3673 0.1377 0.1768 0.4606 0.1179 0.4397 0.1237 0.2040 0.4006 0.1243 0.4963 0.1176 0.2325 0.3353 0.1315 0.5178 0.1150 0.2573 0.2788 0.1378 0.5210 0.1139 0.2783 0.2343 0.1434 0.5187 0.1135 0.2970 0.1995 0.1487 0.5139 0.1133 0.3156 0.1733 0.1541 0.5071 0.1135 0.3346 0.1565 0.1598 0.4985 0.1140 0.3548 0.1451 0.1684 0.4645 0.1277 0.4645 0.1684 0.1451 0.3548 0.1140 0.4985 0.1598 0.1565 0.3346 0.1135 0.5071 0.1541 0.1733 0.3156 0.1133 0.5139 0.1487 0.1995 0.2970 0.1135 0.5187 0.1434 0.2343 0.2783 0.1139 0.5210 0.1378 0.2788 0.2573 0.1150 0.5178 0.1315 0.3353 0.2325 0.1176 0.4963 0.1243 0.4006 0.2040 0.1237 0.4397 0.1179 0.4606 0.1768 0.1377 0.3673 0.1141 0.5016 0.1552 0.1694
0.1489 0.5056 0.1138 0.3575 0.1408 0.1735 0.4674 0.1172 0.4304 0.1249 0.2006 0.4079 0.1236 0.4928 0.1179 0.2311 0.3370 0.1315 0.5181 0.1149 0.2595 0.2724 0.1388 0.5208 0.1138 0.2836 0.2226 0.1452 0.5172 0.1134 0.3043 0.1877 0.1509 0.5113 0.1134 0.3240 0.1646 0.1567 0.5034 0.1137 0.3439 0.1509 0.1627 0.4938 0.1143 0.3645 0.1417 0.1696 0.4779 0.1170 0.5126 0.1170 0.4779 0.1696 0.1417 0.3645 0.1143 0.4938 0.1627 0.1509 0.3439 0.1137 0.5034 0.1567 0.1646 0.3240 0.1134 0.5113 0.1509 0.1877 0.3043 0.1134 0.5172 0.1452 0.2226 0.2836 0.1138 0.5208 0.1388 0.2724 0.2595 0.1149 0.5181 0.1315 0.3370 0.2311 0.1179 0.4928 0.1236 0.4079 0.2006 0.1249 0.4304 0.1172 0.4674 0.1735 0.1408 0.3575 0.1138 0.5056 0.1489
0.4947 0.1137 0.3479 0.1445 0.1702 0.4741 0.1165 0.4204 0.1264 0.1967 0.4164 0.1227 0.4876 0.1183 0.2285 0.3418 0.1311 0.5178 0.1149 0.2602 0.2690 0.1394 0.5206 0.1137 0.2879 0.2131 0.1467 0.5156 0.1133 0.3112 0.1779 0.1531 0.5083 0.1135 0.3324 0.1578 0.1593 0.4993 0.1139 0.3533 0.1462 0.1657 0.4886 0.1147 0.3745 0.1385 0.1726 0.4752 0.1159 0.4356 0.1121 0.4356 0.1159 0.4752 0.1726 0.1385 0.3745 0.1147 0.4886 0.1657 0.1462 0.3533 0.1139 0.4993 0.1593 0.1578 0.3324 0.1135 0.5083 0.1531 0.1779 0.3112 0.1133 0.5156 0.1467 0.2131 0.2879 0.1137 0.5206 0.1394 0.2690 0.2602 0.1149 0.5178 0.1311 0.3418 0.2285 0.1183 0.4876 0.1227 0.4164 0.1967 0.1264 0.4204 0.1165 0.4741 0.1702 0.1445 0.3479 0.1137 0.4947
0.1134 0.3385 0.1488 0.1670 0.4804 0.1159 0.4100 0.1280 0.1927 0.4253 0.1218 0.4807 0.1189 0.2250 0.3492 0.1304 0.5170 0.1150 0.2595 0.2690 0.1396 0.5204 0.1136 0.2910 0.2064 0.1480 0.5141 0.1134 0.3176 0.1701 0.1553 0.5052 0.1136 0.3406 0.1524 0.1620 0.4948 0.1142 0.3628 0.1424 0.1688 0.4829 0.1151 0.3847 0.1356 0.1759 0.4692 0.1164 0.4145 0.1218 0.2556 0.1218 0.4145 0.1164 0.4692 0.1759 0.1356 0.3847 0.1151 0.4829 0.1688 0.1424 0.3628 0.1142 0.4948 0.1620 0.1524 0.3406 0.1136 0.5052 0.1553 0.1701 0.3176 0.1134 0.5141 0.1480 0.2064 0.2910 0.1136 0.5204 0.1396 0.2690 0.2595 0.1150 0.5170 0.1304 0.3492 0.2250 0.1189 0.4807 0.1218 0.4253 0.1927 0.1280 0.4100 0.1159 0.4804 0.1670 0.1488 0.3385 0.1134
0.3203 0.1540 0.1639 0.4863 0.1153 0.3995 0.1299 0.1888 0.4342 0.1208 0.4725 0.1198 0.2208 0.3586 0.1294 0.5155 0.1152 0.2573 0.2724 0.1394 0.5204 0.1136 0.2926 0.2022 0.1489 0.5128 0.1134 0.3230 0.1643 0.1572 0.5021 0.1138 0.3487 0.1481 0.1646 0.4902 0.1146 0.3721 0.1391 0.1719 0.4769 0.1157 0.3951 0.1331 0.1795 0.4622 0.1170 0.4190 0.1266 0.2040 0.2708 0.2040 0.1266 0.4190 0.1170 0.4622 0.1795 0.1331 0.3951 0.1157 0.4769 0.1719 0.1391 0.3721 0.1146 0.4902 0.1646 0.1481 0.3487 0.1138 0.5021 0.1572 0.1643 0.3230 0.1134 0.5128 0.1489 0.2022 0.2926 0.1136 0.5204 0.1394 0.2724 0.2573 0.1152 0.5155 0.1294 0.3586 0.2208 0.1198 0.4725 0.1208 0.4342 0.1888 0.1299 0.3995 0.1153 0.4863 0.1639 0.1540 0.3203
0.1563 0.1610 0.4916 0.1149 0.3891 0.1321 0.1849 0.4429 0.1198 0.4634 0.1207 0.2163 0.3693 0.1282 0.5131 0.1155 0.2540 0.2788 0.1388 0.5206 0.1136 0.2926 0.2007 0.1494 0.5120 0.1134 0.3271 0.1602 0.1589 0.4992 0.1140 0.3561 0.1446 0.1672 0.4855 0.1150 0.3813 0.1364 0.1751 0.4707 0.1162 0.4053 0.1308 0.1832 0.4545 0.1177 0.4285 0.1264 0.1948 0.3994 0.1405 0.3994 0.1948 0.1264 0.4285 0.1177 0.4545 0.1832 0.1308 0.4053 0.1162 0.4707 0.1751 0.1364 0.3813 0.1150 0.4855 0.1672 0.1446 0.3561 0.1140 0.4992 0.1589 0.1602 0.3271 0.1134 0.5120 0.1494 0.2007 0.2926 0.1136 0.5206 0.1388 0.2788 0.2540 0.1155 0.5131 0.1282 0.3693 0.2163 0.1207 0.4634 0.1198 0.4429 0.1849 0.1321 0.3891 0.1149 0.4916 0.1610 0.1563
0.1543 0.4966 0.1145 0.3788 0.1345 0.1811 0.4512 0.1189 0.4536 0.1218 0.2116 0.3804 0.1270 0.5097 0.1159 0.2497 0.2879 0.1378 0.5208 0.1137 0.2910 0.2022 0.1494 0.5117 0.1134 0.3296 0.1577 0.1602 0.4967 0.1142 0.3626 0.1419 0.1696 0.4808 0.1154 0.3902 0.1341 0.1783 0.4643 0.1168 0.4153 0.1289 0.1870 0.4465 0.1186 0.4389 0.1250 0.1965 0.4204 0.1247 0.5195 0.1247 0.4204 0.1965 0.1250 0.4389 0.1186 0.4465 0.1870 0.1289 0.4153 0.1168 0.4643 0.1783 0.1341 0.3902 0.1154 0.4808 0.1696 0.1419 0.3626 0.1142 0.4967 0.1602 0.1577 0.3296 0.1134 0.5117 0.1494 0.2022 0.2910 0.1137 0.5208 0.1378 0.2879 0.2497 0.1159 0.5097 0.1270 0.3804 0.2116 0.1218 0.4536 0.1189 0.4512 0.1811 0.1345 0.3788 0.1145 0.4966 0.1543
0.4858 0.1143 0.3686 0.1373 0.1774 0.4590 0.1181 0.4433 0.1231 0.2069 0.3916 0.1257 0.5050 0.1164 0.2446 0.2993 0.1366 0.5210 0.1138 0.2879 0.2064 0.1489 0.5120 0.1134 0.3305 0.1566 0.1610 0.4950 0.1143 0.3678 0.1399 0.1717 0.4764 0.1158 0.3984 0.1321 0.1814 0.4578 0.1175 0.4250 0.1272 0.1907 0.4383 0.1194 0.4492 0.1236 0.2005 0.4162 0.1223 0.5012 0.1109 0.5012 0.1223 0.4162 0.2005 0.1236 0.4492 0.1194 0.4383 0.1907 0.1272 0.4250 0.1175 0.4578 0.1814 0.1321 0.3984 0.1158 0.4764 0.1717 0.1399 0.3678 0.1143 0.4950 0.1610 0.1566 0.3305 0.1134 0.5120 0.1489 0.2064 0.2879 0.1138 0.5210 0.1366 0.2993 0.2446 0.1164 0.5050 0.1257 0.3916 0.2069 0.1231 0.4433 0.1181 0.4590 0.1774 0.1373 0.3686 0.1143 0.4858
0.1135 0.3588 0.1404 0.1739 0.4664 0.1173 0.4328 0.1245 0.2023 0.4025 0.1244 0.4991 0.1170 0.2392 0.3120 0.1351 0.5210 0.1139 0.2836 0.2131 0.1480 0.5128 0.1134 0.3296 0.1566 0.1612 0.4941 0.1144 0.3715 0.1385 0.1735 0.4725 0.1162 0.4059 0.1305 0.1843 0.4514 0.1181 0.4343 0.1257 0.1945 0.4299 0.1203 0.4589 0.1223 0.2049 0.4069 0.1228 0.4862 0.1146 0.3088 0.1146 0.4862 0.1228 0.4069 0.2049 0.1223 0.4589 0.1203 0.4299 0.1945 0.1257 0.4343 0.1181 0.4514 0.1843 0.1305 0.4059 0.1162 0.4725 0.1735 0.1385 0.3715 0.1144 0.4941 0.1612 0.1566 0.3296 0.1134 0.5128 0.1480 0.2131 0.2836 0.1139 0.5210 0.1351 0.3120 0.2392 0.1170 0.4991 0.1244 0.4025 0.2023 0.1245 0.4328 0.1173 0.4664 0.1739 0.1404 0.3588 0.1135
0.3395 0.1440 0.1706 0.4732 0.1166 0.4221 0.1260 0.1978 0.4131 0.1232 0.4920 0.1177 0.2338 0.3254 0.1335 0.5205 0.1142 0.2783 0.2226 0.1467 0.5141 0.1134 0.3271 0.1577 0.1610 0.4941 0.1145 0.3733 0.1377 0.1747 0.4696 0.1165 0.4121 0.1292 0.1870 0.4453 0.1188 0.4428 0.1244 0.1983 0.4214 0.1212 0.4679 0.1212 0.2094 0.3964 0.1239 0.4896 0.1177 0.2419 0.1691 0.2419 0.1177 0.4896 0.1239 0.3964 0.2094 0.1212 0.4679 0.1212 0.4214 0.1983 0.1244 0.4428 0.1188 0.4453 0.1870 0.1292 0.4121 0.1165 0.4696 0.1747 0.1377 0.3733 0.1145 0.4941 0.1610 0.1577 0.3271 0.1134 0.5141 0.1467 0.2226 0.2783 0.1142 0.5205 0.1335 0.3254 0.2338 0.1177 0.4920 0.1232 0.4131 0.1978 0.1260 0.4221 0.1166 0.4732 0.1706 0.1440 0.3395
0.1473 0.1674 0.4796 0.1160 0.4115 0.1278 0.1935 0.4232 0.1221 0.4838 0.1185 0.2283 0.3388 0.1320 0.5195 0.1144 0.2723 0.2343 0.1452 0.5156 0.1134 0.3230 0.1602 0.1602 0.4950 0.1144 0.3733 0.1374 0.1753 0.4677 0.1167 0.4167 0.1282 0.1893 0.4399 0.1194 0.4504 0.1233 0.2019 0.4130 0.1222 0.4762 0.1202 0.2138 0.3858 0.1251 0.4962 0.1179 0.2299 0.3054 0.1577 0.3054 0.2299 0.1179 0.4962 0.1251 0.3858 0.2138 0.1202 0.4762 0.1222 0.4130 0.2019 0.1233 0.4504 0.1194 0.4399 0.1893 0.1282 0.4167 0.1167 0.4677 0.1753 0.1374 0.3733 0.1144 0.4950 0.1602 0.1602 0.3230 0.1134 0.5156 0.1452 0.2343 0.2723 0.1144 0.5195 0.1320 0.3388 0.2283 0.1185 0.4838 0.1221 0.4232 0.1935 0.1278 0.4115 0.1160 0.4796 0.1674 0.1473
0.1603 0.4855 0.1154 0.4009 0.1297 0.1893 0.4327 0.1210 0.4747 0.1195 0.2228 0.3522 0.1304 0.5177 0.1148 0.2660 0.2477 0.1434 0.5172 0.1133 0.3176 0.1643 0.1589 0.4967 0.1143 0.3715 0.1377 0.1753 0.4671 0.1168 0.4196 0.1276 0.1911 0.4354 0.1199 0.4568 0.1224 0.2053 0.4050 0.1231 0.4836 0.1194 0.2183 0.3752 0.1263 0.5023 0.1173 0.2320 0.3350 0.1361 0.4986 0.1361 0.3350 0.2320 0.1173 0.5023 0.1263 0.3752 0.2183 0.1194 0.4836 0.1231 0.4050 0.2053 0.1224 0.4568 0.1199 0.4354 0.1911 0.1276 0.4196 0.1168 0.4671 0.1753 0.1377 0.3715 0.1143 0.4967 0.1589 0.1643 0.3176 0.1133 0.5172 0.1434 0.2477 0.2660 0.1148 0.5177 0.1304 0.3522 0.2228 0.1195 0.4747 0.1210 0.4327 0.1893 0.1297 0.4009 0.1154 0.4855 0.1603
0.4748 0.1151 0.3904 0.1318 0.1854 0.4417 0.1200 0.4651 0.1205 0.2176 0.3652 0.1288 0.5150 0.1152 0.2597 0.2621 0.1415 0.5187 0.1134 0.3112 0.1701 0.1572 0.4992 0.1142 0.3678 0.1385 0.1747 0.4677 0.1168 0.4206 0.1272 0.1922 0.4321 0.1203 0.4618 0.1217 0.2082 0.3974 0.1240 0.4899 0.1187 0.2226 0.3645 0.1275 0.5074 0.1167 0.2367 0.3299 0.1324 0.5211 0.1130 0.5211 0.1324 0.3299 0.2367 0.1167 0.5074 0.1275 0.3645 0.2226 0.1187 0.4899 0.1240 0.3974 0.2082 0.1217 0.4618 0.1203 0.4321 0.1922 0.1272 0.4206 0.1168 0.4677 0.1747 0.1385 0.3678 0.1142 0.4992 0.1572 0.1701 0.3112 0.1134 0.5187 0.1415 0.2621 0.2597 0.1152 0.5150 0.1288 0.3652 0.2176 0.1205 0.4651 0.1200 0.4417 0.1854 0.1318 0.3904 0.1151 0.4748
0.1139 0.3801 0.1342 0.1815 0.4501 0.1190 0.4550 0.1216 0.2125 0.3777 0.1274 0.5112 0.1157 0.2533 0.2770 0.1396 0.5199 0.1135 0.3043 0.1779 0.1553 0.5021 0.1140 0.3626 0.1399 0.1735 0.4696 0.1167 0.4196 0.1272 0.1926 0.4304 0.1206 0.4652 0.1212 0.2106 0.3910 0.1247 0.4952 0.1181 0.2267 0.3543 0.1288 0.5114 0.1162 0.2418 0.3183 0.1330 0.5199 0.1120 0.3741 0.1120 0.5199 0.1330 0.3183 0.2418 0.1162 0.5114 0.1288 0.3543 0.2267 0.1181 0.4952 0.1247 0.3910 0.2106 0.1212 0.4652 0.1206 0.4304 0.1926 0.1272 0.4196 0.1167 0.4696 0.1735 0.1399 0.3626 0.1140 0.5021 0.1553 0.1779 0.3043 0.1135 0.5199 0.1396 0.2770 0.2533 0.1157 0.5112 0.1274 0.3777 0.2125 0.1216 0.4550 0.1190 0.4501 0.1815 0.1342 0.3801 0.1139
0.3598 0.1369 0.1779 0.4581 0.1182 0.4447 0.1229 0.2076 0.3897 0.1260 0.5063 0.1162 0.2469 0.2922 0.1377 0.5207 0.1136 0.2970 0.1877 0.1531 0.5052 0.1138 0.3561 0.1419 0.1717 0.4725 0.1165 0.4167 0.1276 0.1922 0.4304 0.1207 0.4670 0.1209 0.2123 0.3863 0.1254 0.4991 0.1176 0.2304 0.3448 0.1299 0.5144 0.1157 0.2470 0.3060 0.1343 0.5202 0.1138 0.2901 0.1322 0.2901 0.1138 0.5202 0.1343 0.3060 0.2470 0.1157 0.5144 0.1299 0.3448 0.2304 0.1176 0.4991 0.1254 0.3863 0.2123 0.1209 0.4670 0.1207 0.4304 0.1922 0.1276 0.4167 0.1165 0.4725 0.1717 0.1419 0.3561 0.1138 0.5052 0.1531 0.1877 0.2970 0.1136 0.5207 0.1377 0.2922 0.2469 0.1162 0.5063 0.1260 0.3897 0.2076 0.1229 0.4447 0.1182 0.4581 0.1779 0.1369 0.3598
0.1406 0.1744 0.4655 0.1174 0.4341 0.1243 0.2029 0.4010 0.1246 0.5002 0.1169 0.2407 0.3073 0.1358 0.5210 0.1138 0.2897 0.1995 0.1509 0.5083 0.1136 0.3487 0.1446 0.1696 0.4764 0.1162 0.4121 0.1282 0.1911 0.4321 0.1206 0.4670 0.1208 0.2131 0.3832 0.1258 0.5018 0.1172 0.2335 0.3365 0.1309 0.5165 0.1154 0.2518 0.2939 0.1358 0.5208 0.1141 0.2744 0.1979 0.1800 0.1979 0.2744 0.1141 0.5208 0.1358 0.2939 0.2518 0.1154 0.5165 0.1309 0.3365 0.2335 0.1172 0.5018 0.1258 0.3832 0.2131 0.1208 0.4670 0.1206 0.4321 0.1911 0.1282 0.4121 0.1162 0.4764 0.1696 0.1446 0.3487 0.1136 0.5083 0.1509 0.1994 0.2897 0.1138 0.5210 0.1358 0.3073 0.2407 0.1169 0.5002 0.1246 0.4010 0.2029 0.1243 0.4341 0.1174 0.4655 0.1744 0.1406
0.1668 0.4724 0.1167 0.4235 0.1258 0.1984 0.4118 0.1234 0.4930 0.1176 0.2348 0.3222 0.1340 0.5208 0.1140 0.2823 0.2128 0.1487 0.5113 0.1135 0.3406 0.1481 0.1672 0.4808 0.1158 0.4059 0.1292 0.1893 0.4354 0.1203 0.4652 0.1209 0.2131 0.3822 0.1261 0.5034 0.1170 0.2359 0.3298 0.1318 0.5180 0.1151 0.2563 0.2826 0.1372 0.5210 0.1140 0.2762 0.2297 0.1512 0.4560 0.1512 0.2296 0.2762 0.1140 0.5210 0.1372 0.2826 0.2563 0.1151 0.5180 0.1318 0.3298 0.2359 0.1170 0.5034 0.1261 0.3822 0.2131 0.1209 0.4652 0.1203 0.4354 0.1893 0.1292 0.4059 0.1158 0.4808 0.1672 0.1481 0.3407 0.1135 0.5112 0.1487 0.2126 0.2823 0.1140 0.5208 0.1340 0.3222 0.2348 0.1176 0.4930 0.1234 0.4118 0.1984 0.1258 0.4235 0.1167 0.4724 0.1668
0.4617 0.1162 0.4128 0.1275 0.1940 0.4219 0.1222 0.4849 0.1184 0.2291 0.3365 0.1323 0.5198 0.1143 0.2749 0.2273 0.1464 0.5139 0.1134 0.3324 0.1524 0.1646 0.4855 0.1154 0.3984 0.1305 0.1870 0.4399 0.1199 0.4618 0.1212 0.2123 0.3832 0.1261 0.5039 0.1169 0.2374 0.3251 0.1325 0.5189 0.1148 0.2603 0.2725 0.1386 0.5209 0.1138 0.2812 0.2263 0.1459 0.5084 0.1178 0.5084 0.1459 0.2262 0.2813 0.1138 0.5209 0.1386 0.2725 0.2603 0.1148 0.5189 0.1325 0.3251 0.2374 0.1169 0.5039 0.1261 0.3832 0.2123 0.1212 0.4618 0.1199 0.4399 0.1870 0.1305 0.3984 0.1154 0.4855 0.1646 0.1524 0.3325 0.1134 0.5139 0.1465 0.2272 0.2750 0.1143 0.5198 0.1323 0.3365 0.2291 0.1184 0.4849 0.1222 0.4219 0.1940 0.1275 0.4128 0.1162 0.4616
0.1147 0.4023 0.1294 0.1899 0.4315 0.1211 0.4759 0.1193 0.2235 0.3503 0.1306 0.5181 0.1147 0.2678 0.2427 0.1442 0.5162 0.1133 0.3240 0.1578 0.1620 0.4902 0.1150 0.3902 0.1321 0.1843 0.4453 0.1194 0.4568 0.1217 0.2106 0.3863 0.1258 0.5034 0.1169 0.2379 0.3226 0.1329 0.5194 0.1147 0.2634 0.2642 0.1397 0.5206 0.1137 0.2865 0.2166 0.1463 0.5148 0.1124 0.4458 0.1124 0.5147 0.1463 0.2165 0.2865 0.1137 0.5206 0.1397 0.2641 0.2634 0.1147 0.5194 0.1329 0.3225 0.2379 0.1169 0.5034 0.1258 0.3863 0.2106 0.1217 0.4568 0.1194 0.4453 0.1844 0.1321 0.3902 0.1150 0.4902 0.1620 0.1577 0.3242 0.1133 0.5162 0.1442 0.2426 0.2679 0.1147 0.5181 0.1306 0.3502 0.2236 0.1193 0.4760 0.1211 0.4314 0.1899 0.1294 0.4024 0.1147
0.3810 0.1316 0.1859 0.4406 0.1201 0.4664 0.1203 0.2182 0.3635 0.1290 0.5154 0.1151 0.2609 0.2586 0.1421 0.5182 0.1133 0.3156 0.1646 0.1593 0.4948 0.1146 0.3813 0.1341 0.1814 0.4514 0.1188 0.4504 0.1224 0.2082 0.3910 0.1254 0.5018 0.1170 0.2374 0.3226 0.1331 0.5197 0.1146 0.2656 0.2581 0.1407 0.5201 0.1136 0.2914 0.2071 0.1477 0.5144 0.1129 0.3482 0.1191 0.3486 0.1129 0.5142 0.1478 0.2066 0.2917 0.1135 0.5201 0.1407 0.2576 0.2658 0.1145 0.5197 0.1331 0.3222 0.2375 0.1169 0.5019 0.1254 0.3908 0.2084 0.1224 0.4507 0.1188 0.4511 0.1815 0.1340 0.3818 0.1146 0.4946 0.1595 0.1642 0.3160 0.1133 0.5181 0.1422 0.2578 0.2612 0.1151 0.5156 0.1291 0.3629 0.2185 0.1203 0.4668 0.1201 0.4402 0.1861 0.1314 0.3815
0.1353 0.1820 0.4491 0.1191 0.4563 0.1215 0.2131 0.3762 0.1275 0.5118 0.1156 0.2542 0.2744 0.1400 0.5196 0.1134 0.3072 0.1733 0.1567 0.4993 0.1142 0.3721 0.1364 0.1783 0.4578 0.1181 0.4428 0.1233 0.2053 0.3974 0.1247 0.4991 0.1172 0.2359 0.3251 0.1329 0.5197 0.1145 0.2668 0.2542 0.1413 0.5197 0.1135 0.2956 0.1990 0.1492 0.5128 0.1133 0.3276 0.1425 0.2086 0.1413 0.3306 0.1131 0.5120 0.1499 0.1955 0.2976 0.1133 0.5194 0.1418 0.2507 0.2683 0.1143 0.5200 0.1333 0.3223 0.2370 0.1169 0.5004 0.1250 0.3953 0.2062 0.1229 0.4449 0.1182 0.4563 0.1790 0.1357 0.3743 0.1142 0.4983 0.1573 0.1712 0.3090 0.1132 0.5194 0.1404 0.2710 0.2556 0.1153 0.5127 0.1279 0.3735 0.2142 0.1210 0.4585 0.1193 0.4472 0.1829 0.1346
0.1740 0.4571 0.1183 0.4460 0.1227 0.2082 0.3882 0.1261 0.5070 0.1162 0.2477 0.2900 0.1380 0.5206 0.1135 0.2990 0.1840 0.1541 0.5034 0.1139 0.3628 0.1391 0.1751 0.4643 0.1175 0.4343 0.1244 0.2019 0.4050 0.1240 0.4952 0.1176 0.2335 0.3298 0.1325 0.5194 0.1146 0.2668 0.2528 0.1417 0.5194 0.1135 0.2986 0.1931 0.1504 0.5112 0.1134 0.3282 0.1554 0.1709 0.3802 0.1765 0.1442 0.3452 0.1129 0.5056 0.1546 0.1746 0.3109 0.1125 0.5170 0.1447 0.2319 0.2762 0.1132 0.5208 0.1347 0.3122 0.2407 0.1158 0.5031 0.1254 0.3921 0.2075 0.1218 0.4462 0.1181 0.4559 0.1793 0.1349 0.3740 0.1138 0.4986 0.1572 0.1713 0.3084 0.1127 0.5195 0.1403 0.2720 0.2553 0.1146 0.5124 0.1277 0.3744 0.2140 0.1203 0.4580 0.1191 0.4473 0.1786
0.4463 0.1177 0.4355 0.1241 0.2035 0.3996 0.1248 0.5011 0.1168 0.2415 0.3054 0.1361 0.5210 0.1137 0.2910 0.1965 0.1516 0.5071 0.1137 0.3533 0.1424 0.1719 0.4707 0.1168 0.4250 0.1257 0.1983 0.4130 0.1231 0.4899 0.1181 0.2304 0.3365 0.1318 0.5189 0.1147 0.2656 0.2542 0.1417 0.5192 0.1135 0.3005 0.1893 0.1513 0.5098 0.1135 0.3323 0.1558 0.1631 0.4668 0.1332 0.3959 0.1952 0.1250 0.4098 0.1155 0.4744 0.1724 0.1381 0.3613 0.1128 0.5007 0.1572 0.1677 0.3131 0.1114 0.5178 0.1432 0.2471 0.2670 0.1121 0.5184 0.1311 0.3453 0.2264 0.1160 0.4810 0.1215 0.4255 0.1932 0.1252 0.4096 0.1151 0.4806 0.1675 0.1464 0.3383 0.1119 0.5124 0.1479 0.2182 0.2790 0.1118 0.5205 0.1332 0.3285 0.2327 0.1151 0.4902 0.1230 0.3919
0.1157 0.4249 0.1256 0.1989 0.4104 0.1235 0.4940 0.1175 0.2355 0.3203 0.1343 0.5208 0.1140 0.2833 0.2104 0.1491 0.5105 0.1135 0.3439 0.1462 0.1688 0.4769 0.1162 0.4153 0.1272 0.1945 0.4214 0.1222 0.4836 0.1187 0.2267 0.3448 0.1309 0.5180 0.1148 0.2634 0.2581 0.1413 0.5194 0.1135 0.3011 0.1875 0.1519 0.5089 0.1135 0.3361 0.1537 0.1624 0.4862 0.1195 0.5024 0.1670 0.1799 0.2827 0.1114 0.5207 0.1343 0.3156 0.2392 0.1137 0.5014 0.1250 0.3943 0.2072 0.1195 0.4456 0.1179 0.4555 0.1803 0.1320 0.3760 0.1132 0.4974 0.1585 0.1663 0.3115 0.1110 0.5190 0.1413 0.2646 0.2583 0.1120 0.5142 0.1284 0.3683 0.2168 0.1171 0.4626 0.1193 0.4440 0.1852 0.1289 0.3877 0.1137 0.4923 0.1614 0.1582 0.3200 0.1112 0.5171 0.1407
0.4029 0.1274 0.1946 0.4207 0.1223 0.4860 0.1183 0.2298 0.3347 0.1325 0.5200 0.1143 0.2759 0.2253 0.1468 0.5135 0.1134 0.3346 0.1509 0.1657 0.4829 0.1157 0.4053 0.1289 0.1907 0.4299 0.1212 0.4762 0.1194 0.2226 0.3543 0.1299 0.5165 0.1151 0.2603 0.2642 0.1407 0.5197 0.1135 0.3005 0.1875 0.1521 0.5084 0.1135 0.3388 0.1519 0.1631 0.4901 0.1151 0.5013 0.1233 0.1467 0.2862 0.1137 0.5062 0.1259 0.3880 0.2092 0.1209 0.4504 0.1184 0.4521 0.1813 0.1329 0.3801 0.1138 0.4955 0.1592 0.1645 0.3147 0.1122 0.5184 0.1420 0.2591 0.2608 0.1136 0.5154 0.1290 0.3637 0.2185 0.1186 0.4663 0.1198 0.4406 0.1862 0.1298 0.3917 0.1143 0.4904 0.1620 0.1573 0.3226 0.1122 0.5167 0.1439 0.2454 0.2667 0.1132 0.5178 0.1306 0.3260
0.1310 0.1904 0.4303 0.1212 0.4771 0.1192 0.2242 0.3486 0.1308 0.5183 0.1146 0.2687 0.2407 0.1445 0.5159 0.1133 0.3256 0.1565 0.1627 0.4886 0.1151 0.3951 0.1308 0.1870 0.4383 0.1203 0.4679 0.1202 0.2183 0.3645 0.1288 0.5144 0.1154 0.2563 0.2725 0.1397 0.5201 0.1135 0.2986 0.1893 0.1519 0.5084 0.1136 0.3401 0.1508 0.1639 0.4897 0.1147 0.3990 0.1222 0.2260 0.5092 0.1111 0.5098 0.1252 0.3958 0.2057 0.1229 0.4429 0.1180 0.4581 0.1782 0.1362 0.3719 0.1140 0.4994 0.1567 0.1731 0.3073 0.1131 0.5196 0.1400 0.2741 0.2544 0.1152 0.5119 0.1276 0.3758 0.2133 0.1210 0.4566 0.1191 0.4489 0.1822 0.1334 0.3817 0.1143 0.4952 0.1591 0.1655 0.3143 0.1130 0.5185 0.1417 0.2611 0.2598 0.1148 0.5149 0.1288 0.3653 0.2122
0.1818 0.4394 0.1202 0.4676 0.1202 0.2189 0.3619 0.1292 0.5158 0.1151 0.2617 0.2565 0.1423 0.5180 0.1133 0.3168 0.1634 0.1598 0.4938 0.1147 0.3847 0.1331 0.1832 0.4465 0.1194 0.4589 0.1212 0.2138 0.3752 0.1275 0.5114 0.1157 0.2518 0.2826 0.1386 0.5206 0.1136 0.2956 0.1931 0.1513 0.5089 0.1135 0.3401 0.1504 0.1643 0.4887 0.1148 0.3845 0.1313 0.1963 0.3860 0.1184 0.5209 0.1267 0.3897 0.2080 0.1225 0.4484 0.1185 0.4537 0.1802 0.1348 0.3780 0.1144 0.4965 0.1584 0.1674 0.3127 0.1133 0.5187 0.1414 0.2639 0.2586 0.1152 0.5143 0.1285 0.3678 0.2165 0.1206 0.4631 0.1197 0.4435 0.1846 0.1322 0.3882 0.1148 0.4920 0.1608 0.1608 0.3198 0.1133 0.5173 0.1431 0.2511 0.2641 0.1148 0.5168 0.1298 0.3574 0.2207 0.1216
0.4286 0.1194 0.4576 0.1213 0.2137 0.3746 0.1277 0.5123 0.1155 0.2550 0.2724 0.1402 0.5195 0.1134 0.3083 0.1720 0.1571 0.4985 0.1143 0.3745 0.1356 0.1795 0.4545 0.1186 0.4492 0.1223 0.2094 0.3858 0.1263 0.5074 0.1162 0.2470 0.2939 0.1372 0.5209 0.1137 0.2914 0.1990 0.1504 0.5098 0.1135 0.3388 0.1508 0.1643 0.4884 0.1149 0.3842 0.1340 0.1827 0.4288 0.1277 0.5162 0.1295 0.3799 0.2112 0.1217 0.4555 0.1192 0.4475 0.1832 0.1329 0.3864 0.1148 0.4922 0.1608 0.1605 0.3206 0.1133 0.5171 0.1433 0.2491 0.2650 0.1148 0.5171 0.1300 0.3557 0.2214 0.1197 0.4721 0.1207 0.4353 0.1882 0.1302 0.3980 0.1153 0.4871 0.1635 0.1548 0.3280 0.1133 0.5153 0.1451 0.2365 0.2706 0.1145 0.5189 0.1313 0.3449 0.2257 0.1190 0.4673
0.1171 0.4474 0.1225 0.2088 0.3867 0.1263 0.5077 0.1161 0.2485 0.2880 0.1382 0.5205 0.1135 0.3001 0.1825 0.1544 0.5028 0.1140 0.3645 0.1385 0.1759 0.4622 0.1177 0.4389 0.1236 0.2049 0.3964 0.1251 0.5023 0.1167 0.2418 0.3060 0.1358 0.5210 0.1138 0.2865 0.2071 0.1492 0.5112 0.1135 0.3361 0.1519 0.1639 0.4888 0.1149 0.3846 0.1343 0.1801 0.4476 0.1246 0.5078 0.1336 0.3651 0.2148 0.1210 0.4621 0.1199 0.4412 0.1861 0.1311 0.3949 0.1152 0.4877 0.1634 0.1546 0.3287 0.1134 0.5149 0.1455 0.2336 0.2719 0.1145 0.5192 0.1316 0.3423 0.2267 0.1188 0.4812 0.1217 0.4260 0.1923 0.1283 0.4084 0.1158 0.4814 0.1665 0.1496 0.3370 0.1134 0.5127 0.1474 0.2214 0.2778 0.1142 0.5203 0.1329 0.3311 0.2312 0.1181 0.4881 0.1208
0.4253 0.1239 0.2041 0.3980 0.1250 0.5020 0.1167 0.2424 0.3032 0.1364 0.5210 0.1137 0.2922 0.1946 0.1519 0.5066 0.1137 0.3548 0.1417 0.1726 0.4692 0.1170 0.4285 0.1250 0.2005 0.4069 0.1239 0.4962 0.1173 0.2367 0.3183 0.1343 0.5208 0.1140 0.2812 0.2166 0.1477 0.5128 0.1134 0.3323 0.1538 0.1631 0.4898 0.1148 0.3840 0.1344 0.1796 0.4545 0.1210 0.5177 0.1415 0.3252 0.2214 0.1201 0.4681 0.1205 0.4353 0.1889 0.1295 0.4031 0.1156 0.4829 0.1660 0.1500 0.3369 0.1134 0.5125 0.1477 0.2188 0.2792 0.1141 0.5205 0.1333 0.3282 0.2324 0.1179 0.4897 0.1229 0.4161 0.1965 0.1265 0.4190 0.1164 0.4752 0.1696 0.1451 0.3463 0.1136 0.5097 0.1497 0.2067 0.2853 0.1139 0.5209 0.1347 0.3165 0.2370 0.1173 0.4959 0.1240 0.3858
0.1271 0.2001 0.4078 0.1238 0.4959 0.1172 0.2370 0.3166 0.1347 0.5209 0.1138 0.2852 0.2068 0.1497 0.5097 0.1135 0.3462 0.1451 0.1696 0.4752 0.1164 0.4190 0.1264 0.1965 0.4162 0.1228 0.4896 0.1179 0.2320 0.3299 0.1330 0.5202 0.1141 0.2762 0.2263 0.1463 0.5144 0.1133 0.3281 0.1560 0.1621 0.4912 0.1147 0.3828 0.1344 0.1795 0.4572 0.1185 0.5086 0.1215 0.2059 0.2465 0.1181 0.4745 0.1210 0.4298 0.1915 0.1282 0.4107 0.1160 0.4782 0.1685 0.1461 0.3449 0.1135 0.5097 0.1499 0.2052 0.2864 0.1139 0.5210 0.1351 0.3136 0.2382 0.1172 0.4973 0.1241 0.4056 0.2010 0.1249 0.4297 0.1171 0.4684 0.1729 0.1414 0.3559 0.1138 0.5062 0.1522 0.1932 0.2930 0.1137 0.5210 0.1366 0.3015 0.2431 0.1166 0.5027 0.1251 0.3967 0.1995
0.1937 0.4118 0.1233 0.4928 0.1170 0.2347 0.3227 0.1340 0.5207 0.1135 0.2821 0.2126 0.1488 0.5111 0.1131 0.3423 0.1464 0.1684 0.4779 0.1159 0.4145 0.1266 0.1948 0.4204 0.1223 0.4862 0.1177 0.2299 0.3350 0.1324 0.5199 0.1138 0.2744 0.2297 0.1459 0.5148 0.1129 0.3275 0.1557 0.1623 0.4907 0.1145 0.3853 0.1331 0.1810 0.4547 0.1181 0.4515 0.1170 0.2579 0.3609 0.1129 0.4897 0.1217 0.4250 0.1938 0.1272 0.4175 0.1165 0.4736 0.1710 0.1430 0.3528 0.1137 0.5067 0.1521 0.1930 0.2937 0.1137 0.5209 0.1369 0.2986 0.2443 0.1165 0.5039 0.1254 0.3945 0.2056 0.1234 0.4403 0.1178 0.4612 0.1764 0.1381 0.3657 0.1140 0.5023 0.1548 0.1811 0.3011 0.1135 0.5204 0.1385 0.2861 0.2494 0.1160 0.5083 0.1265 0.3852 0.2094 0.1244
0.3646 0.1262 0.5064 0.1141 0.2470 0.2925 0.1377 0.5208 0.1118 0.2976 0.1849 0.1539 0.5041 0.1128 0.3614 0.1374 0.1753 0.4645 0.1170 0.4356 0.1218 0.2040 0.3994 0.1247 0.5012 0.1146 0.2419 0.3054 0.1361 0.5211 0.1120 0.2901 0.1979 0.1512 0.5084 0.1124 0.3482 0.1428 0.1698 0.4769 0.1155 0.4116 0.1260 0.1917 0.4314 0.1205 0.4700 0.1171 0.2319 0.2878 0.1236 0.5210 0.1236 0.4197 0.1957 0.1263 0.4234 0.1169 0.4692 0.1733 0.1404 0.3602 0.1139 0.5035 0.1543 0.1824 0.3008 0.1135 0.5203 0.1387 0.2837 0.2505 0.1159 0.5093 0.1268 0.3828 0.2104 0.1221 0.4507 0.1187 0.4535 0.1800 0.1353 0.3758 0.1143 0.4979 0.1574 0.1708 0.3094 0.1134 0.5193 0.1405 0.2704 0.2559 0.1155 0.5128 0.1279 0.3730 0.2144 0.1212 0.4468
0.1398 0.5179 0.1110 0.3161 0.1615 0.1601 0.4945 0.1135 0.3832 0.1298 0.1836 0.4476 0.1189 0.4582 0.1175 0.2146 0.3738 0.1277 0.5126 0.1121 0.2556 0.2708 0.1405 0.5195 0.1109 0.3088 0.1691 0.1577 0.4986 0.1130 0.3741 0.1322 0.1800 0.4561 0.1178 0.4457 0.1191 0.2077 0.3927 0.1252 0.5027 0.1132 0.2406 0.3122 0.1347 0.5208 0.1111 0.2793 0.2069 0.1548 0.4905 0.1297 0.4089 0.1975 0.1257 0.4279 0.1172 0.4653 0.1753 0.1384 0.3670 0.1141 0.5003 0.1564 0.1735 0.3079 0.1134 0.5194 0.1406 0.2691 0.2567 0.1154 0.5135 0.1282 0.3705 0.2154 0.1209 0.4609 0.1196 0.4453 0.1837 0.1328 0.3861 0.1147 0.4931 0.1602 0.1625 0.3179 0.1133 0.5177 0.1426 0.2545 0.2626 0.1150 0.5162 0.1294 0.3602 0.2196 0.1201 0.4689 0.1188
0.3646 0.1262 0.5064 0.1141 0.2470 0.2925 0.1377 0.5208 0.1118 0.2976 0.1849 0.1539 0.5041 0.1128 0.3614 0.1374 0.1753 0.4645 0.1170 0.4356 0.1218 0.2040 0.3994 0.1247 0.5012 0.1146 0.2419 0.3054 0.1361 0.5211 0.1120 0.2901 0.1979 0.1512 0.5084 0.1124 0.3482 0.1428 0.1698 0.4769 0.1155 0.4116 0.1260 0.1917 0.4314 0.1205 0.4691 0.1179 0.2197 0.3327 0.1494 0.3713 0.2012 0.1251 0.4309 0.1175 0.4622 0.1771 0.1367 0.3731 0.1143 0.4972 0.1584 0.1664 0.3147 0.1134 0.5180 0.1424 0.2548 0.2629 0.1150 0.5166 0.1297 0.3577 0.2206 0.1199 0.4708 0.1205 0.4365 0.1876 0.1305 0.3965 0.1152 0.4879 0.1631 0.1557 0.3267 0.1133 0.5156 0.1448 0.2387 0.2696 0.1146 0.5186 0.1310 0.3469 0.2249 0.1191 0.4783 0.1215 0.4085
0.1937 0.4118 0.1233 0.4928 0.1170 0.2347 0.3227 0.1340 0.5207 0.1135 0.2821 0.2126 0.1488 0.5111 0.1131 0.3423 0.1464 0.1684 0.4779 0.1159 0.4145 0.1266 0.1948 0.4204 0.1223 0.4862 0.1177 0.2299 0.3350 0.1324 0.5199 0.1138 0.2744 0.2297 0.1459 0.5148 0.1129 0.3275 0.1557 0.1623 0.4907 0.1145 0.3853 0.1331 0.1810 0.4548 0.1180 0.4409 0.1220 0.2185 0.2248 0.2159 0.1235 0.4335 0.1176 0.4602 0.1783 0.1356 0.3781 0.1145 0.4942 0.1602 0.1610 0.3212 0.1133 0.5164 0.1443 0.2411 0.2691 0.1146 0.5187 0.1312 0.3448 0.2259 0.1189 0.4801 0.1216 0.4272 0.1917 0.1285 0.4070 0.1157 0.4822 0.1661 0.1502 0.3358 0.1134 0.5131 0.1471 0.2233 0.2768 0.1142 0.5201 0.1327 0.3329 0.2305 0.1182 0.4870 0.1225 0.4194 0.1903
0.1271 0.2001 0.4078 0.1238 0.4959 0.1172 0.2370 0.3166 0.1347 0.5209 0.1138 0.2852 0.2068 0.1497 0.5097 0.1135 0.3462 0.1451 0.1696 0.4752 0.1164 0.4190 0.1264 0.1965 0.4162 0.1228 0.4896 0.1179 0.2320 0.3299 0.1330 0.5202 0.1141 0.2762 0.2263 0.1463 0.5144 0.1133 0.3281 0.1560 0.1621 0.4912 0.1147 0.3828 0.1344 0.1795 0.4582 0.1178 0.4408 0.1181 0.2769 0.1182 0.4397 0.1177 0.4591 0.1790 0.1348 0.3817 0.1147 0.4918 0.1618 0.1569 0.3271 0.1134 0.5147 0.1460 0.2284 0.2752 0.1143 0.5201 0.1327 0.3318 0.2312 0.1181 0.4885 0.1227 0.4174 0.1960 0.1267 0.4177 0.1163 0.4760 0.1692 0.1457 0.3451 0.1135 0.5101 0.1494 0.2085 0.2843 0.1139 0.5209 0.1345 0.3184 0.2363 0.1174 0.4950 0.1237 0.4091 0.1995 0.1274
0.4253 0.1239 0.2041 0.3980 0.1250 0.5020 0.1167 0.2424 0.3032 0.1364 0.5210 0.1137 0.2922 0.1946 0.1519 0.5066 0.1137 0.3548 0.1417 0.1726 0.4692 0.1170 0.4285 0.1250 0.2005 0.4069 0.1239 0.4962 0.1173 0.2367 0.3183 0.1343 0.5208 0.1140 0.2812 0.2166 0.1477 0.5128 0.1134 0.3323 0.1538 0.1631 0.4898 0.1148 0.3840 0.1344 0.1794 0.4582 0.1180 0.4689 0.1112 0.4688 0.1180 0.4584 0.1793 0.1345 0.3838 0.1148 0.4899 0.1630 0.1539 0.3321 0.1134 0.5129 0.1476 0.2171 0.2810 0.1140 0.5208 0.1343 0.3189 0.2365 0.1173 0.4959 0.1239 0.4072 0.2004 0.1251 0.4283 0.1170 0.4693 0.1725 0.1418 0.3547 0.1137 0.5067 0.1519 0.1948 0.2920 0.1137 0.5210 0.1363 0.3034 0.2423 0.1167 0.5019 0.1250 0.3982 0.2041 0.1240 0.4251
0.1171 0.4474 0.1225 0.2088 0.3867 0.1263 0.5077 0.1161 0.2485 0.2880 0.1382 0.5205 0.1135 0.3001 0.1825 0.1544 0.5028 0.1140 0.3645 0.1385 0.1759 0.4622 0.1177 0.4389 0.1236 0.2049 0.3964 0.1251 0.5023 0.1167 0.2418 0.3060 0.1358 0.5210 0.1138 0.2865 0.2071 0.1492 0.5112 0.1135 0.3361 0.1519 0.1639 0.4888 0.1149 0.3846 0.1344 0.1795 0.4548 0.1205 0.5208 0.1205 0.4548 0.1795 0.1344 0.3846 0.1149 0.4888 0.1639 0.1519 0.3361 0.1135 0.5112 0.1492 0.2072 0.2864 0.1138 0.5210 0.1358 0.3061 0.2418 0.1167 0.5022 0.1251 0.3967 0.2048 0.1236 0.4389 0.1177 0.4622 0.1759 0.1385 0.3645 0.1140 0.5028 0.1544 0.1825 0.3000 0.1135 0.5205 0.1382 0.2881 0.2485 0.1161 0.5077 0.1263 0.3867 0.2088 0.1225 0.4474 0.1171
