0.4081 0.1173 0.4249 0.1275 0.1900 0.4092 0.1187 0.4461 0.1245 0.1992 0.3866 0.1208 0.4665 0.1219 0.2093 0.3614 0.1232 0.4840 0.1198 0.2202 0.3336 0.1259 0.4971 0.1180 0.2320 0.3034 0.1290 0.5049 0.1165 0.2448 0.2716 0.1325 0.5082 0.1153 0.2586 0.2394 0.1363 0.5081 0.1144 0.2735 0.2090 0.1406 0.5052 0.1138 0.2895 0.1835 0.1452 0.4997 0.1129 0.3412 0.1203 0.3412 0.1129 0.4997 0.1452 0.1835 0.2895 0.1138 0.5052 0.1406 0.2090 0.2735 0.1144 0.5081 0.1363 0.2394 0.2586 0.1153 0.5082 0.1325 0.2716 0.2448 0.1165 0.5049 0.1290 0.3034 0.2320 0.1180 0.4971 0.1259 0.3336 0.2202 0.1198 0.4840 0.1232 0.3614 0.2093 0.1219 0.4665 0.1208 0.3866 0.1992 0.1245 0.4461 0.1187 0.4092 0.1900 0.1275 0.4249 0.1173 0.4081
0.1173 0.4421 0.1245 0.1986 0.4209 0.1214 0.4679 0.1213 0.2091 0.3976 0.1239 0.4875 0.1191 0.2199 0.3723 0.1267 0.5030 0.1174 0.2316 0.3443 0.1299 0.5135 0.1160 0.2442 0.3138 0.1334 0.5192 0.1150 0.2579 0.2812 0.1373 0.5210 0.1142 0.2727 0.2476 0.1415 0.5200 0.1137 0.2887 0.2149 0.1462 0.5166 0.1135 0.3057 0.1861 0.1512 0.5110 0.1134 0.3306 0.1416 0.2092 0.1416 0.3306 0.1134 0.5110 0.1512 0.1861 0.3057 0.1135 0.5166 0.1462 0.2149 0.2887 0.1137 0.5200 0.1415 0.2476 0.2727 0.1142 0.5210 0.1373 0.2812 0.2579 0.1150 0.5192 0.1334 0.3138 0.2442 0.1160 0.5135 0.1299 0.3443 0.2316 0.1174 0.5030 0.1267 0.3723 0.2199 0.1191 0.4875 0.1239 0.3976 0.2091 0.1213 0.4679 0.1214 0.4209 0.1986 0.1245 0.4421 0.1173
0.4249 0.1245 0.2002 0.4148 0.1221 0.4759 0.1203 0.2137 0.3865 0.1250 0.4953 0.1182 0.2252 0.3595 0.1280 0.5086 0.1166 0.2374 0.3303 0.1313 0.5167 0.1154 0.2505 0.2987 0.1350 0.5204 0.1145 0.2647 0.2655 0.1391 0.5209 0.1138 0.2800 0.2320 0.1435 0.5187 0.1135 0.2965 0.2006 0.1484 0.5143 0.1133 0.3142 0.1751 0.1536 0.5078 0.1135 0.3341 0.1527 0.1712 0.3882 0.1712 0.1527 0.3341 0.1135 0.5078 0.1536 0.1751 0.3142 0.1133 0.5143 0.1484 0.2006 0.2965 0.1135 0.5187 0.1435 0.2320 0.2800 0.1138 0.5209 0.1391 0.2655 0.2647 0.1145 0.5204 0.1350 0.2987 0.2505 0.1154 0.5167 0.1313 0.3303 0.2374 0.1166 0.5086 0.1280 0.3595 0.2252 0.1182 0.4953 0.1250 0.3865 0.2137 0.1203 0.4759 0.1221 0.4148 0.2002 0.1245 0.4249
0.1275 0.1986 0.4148 0.1224 0.4806 0.1196 0.2176 0.3762 0.1262 0.5017 0.1174 0.2306 0.3464 0.1295 0.5130 0.1160 0.2434 0.3157 0.1330 0.5189 0.1149 0.2571 0.2832 0.1369 0.5210 0.1141 0.2718 0.2496 0.1411 0.5201 0.1136 0.2876 0.2168 0.1458 0.5169 0.1134 0.3047 0.1877 0.1508 0.5115 0.1134 0.3228 0.1659 0.1563 0.5041 0.1137 0.3424 0.1511 0.1644 0.4733 0.1259 0.4733 0.1644 0.1511 0.3424 0.1137 0.5041 0.1563 0.1659 0.3228 0.1134 0.5115 0.1508 0.1877 0.3047 0.1134 0.5169 0.1458 0.2168 0.2876 0.1136 0.5201 0.1411 0.2496 0.2718 0.1141 0.5210 0.1369 0.2832 0.2571 0.1149 0.5189 0.1330 0.3157 0.2434 0.1160 0.5130 0.1295 0.3464 0.2306 0.1174 0.5017 0.1262 0.3762 0.2176 0.1196 0.4806 0.1224 0.4148 0.1986 0.1275
0.1900 0.4209 0.1221 0.4806 0.1194 0.2199 0.3688 0.1272 0.5065 0.1168 0.2359 0.3334 0.1310 0.5162 0.1155 0.2496 0.3008 0.1348 0.5203 0.1145 0.2638 0.2675 0.1388 0.5209 0.1139 0.2791 0.2339 0.1433 0.5189 0.1135 0.2955 0.2024 0.1481 0.5146 0.1133 0.3131 0.1764 0.1533 0.5082 0.1135 0.3318 0.1585 0.1590 0.4999 0.1139 0.3517 0.1469 0.1655 0.4857 0.1160 0.5065 0.1160 0.4857 0.1655 0.1469 0.3517 0.1139 0.4999 0.1590 0.1585 0.3318 0.1135 0.5082 0.1533 0.1764 0.3131 0.1133 0.5146 0.1481 0.2024 0.2955 0.1135 0.5189 0.1433 0.2339 0.2791 0.1139 0.5209 0.1388 0.2675 0.2638 0.1145 0.5203 0.1348 0.3008 0.2496 0.1155 0.5162 0.1310 0.3334 0.2359 0.1168 0.5065 0.1272 0.3688 0.2199 0.1194 0.4806 0.1221 0.4209 0.1900
0.4092 0.1214 0.4759 0.1196 0.2199 0.3661 0.1278 0.5093 0.1164 0.2404 0.3214 0.1325 0.5185 0.1150 0.2558 0.2858 0.1366 0.5210 0.1142 0.2709 0.2516 0.1409 0.5203 0.1136 0.2867 0.2187 0.1455 0.5171 0.1134 0.3036 0.1893 0.1505 0.5119 0.1134 0.3217 0.1670 0.1559 0.5046 0.1136 0.3410 0.1525 0.1618 0.4953 0.1142 0.3614 0.1429 0.1683 0.4833 0.1151 0.4218 0.1127 0.4218 0.1151 0.4833 0.1683 0.1429 0.3614 0.1142 0.4953 0.1618 0.1525 0.3410 0.1136 0.5046 0.1559 0.1670 0.3217 0.1134 0.5119 0.1505 0.1893 0.3036 0.1134 0.5171 0.1455 0.2187 0.2867 0.1136 0.5203 0.1409 0.2516 0.2709 0.1142 0.5210 0.1366 0.2858 0.2558 0.1150 0.5185 0.1325 0.3214 0.2404 0.1164 0.5093 0.1278 0.3661 0.2199 0.1196 0.4759 0.1214 0.4092
0.1187 0.4679 0.1203 0.2176 0.3688 0.1278 0.5102 0.1162 0.2436 0.3119 0.1338 0.5198 0.1147 0.2618 0.2713 0.1384 0.5210 0.1139 0.2780 0.2361 0.1430 0.5191 0.1135 0.2945 0.2042 0.1478 0.5149 0.1133 0.3120 0.1777 0.1530 0.5087 0.1135 0.3306 0.1593 0.1586 0.5004 0.1139 0.3505 0.1476 0.1648 0.4902 0.1146 0.3714 0.1395 0.1715 0.4778 0.1156 0.4006 0.1238 0.2473 0.1238 0.4006 0.1156 0.4778 0.1715 0.1395 0.3714 0.1146 0.4902 0.1648 0.1476 0.3505 0.1139 0.5004 0.1586 0.1593 0.3306 0.1135 0.5087 0.1530 0.1777 0.3120 0.1133 0.5149 0.1478 0.2042 0.2945 0.1135 0.5191 0.1430 0.2361 0.2780 0.1139 0.5210 0.1384 0.2713 0.2618 0.1147 0.5198 0.1338 0.3119 0.2436 0.1162 0.5102 0.1278 0.3688 0.2176 0.1203 0.4679 0.1187
0.4461 0.1213 0.2137 0.3762 0.1272 0.5093 0.1162 0.2447 0.3066 0.1347 0.5205 0.1144 0.2672 0.2581 0.1402 0.5205 0.1137 0.2851 0.2213 0.1451 0.5174 0.1134 0.3025 0.1909 0.1502 0.5122 0.1134 0.3206 0.1681 0.1556 0.5051 0.1136 0.3398 0.1532 0.1614 0.4959 0.1142 0.3602 0.1434 0.1678 0.4847 0.1150 0.3816 0.1365 0.1749 0.4714 0.1161 0.4050 0.1291 0.1981 0.2915 0.1981 0.1291 0.4050 0.1161 0.4714 0.1749 0.1365 0.3816 0.1150 0.4847 0.1678 0.1434 0.3602 0.1142 0.4959 0.1614 0.1532 0.3398 0.1136 0.5051 0.1556 0.1681 0.3206 0.1134 0.5122 0.1502 0.1909 0.3025 0.1134 0.5174 0.1451 0.2213 0.2851 0.1137 0.5205 0.1402 0.2581 0.2672 0.1144 0.5205 0.1347 0.3066 0.2447 0.1162 0.5093 0.1272 0.3762 0.2137 0.1213 0.4461
0.1245 0.2091 0.3865 0.1262 0.5065 0.1164 0.2436 0.3066 0.1350 0.5207 0.1143 0.2714 0.2474 0.1418 0.5197 0.1136 0.2921 0.2078 0.1473 0.5154 0.1133 0.3106 0.1793 0.1526 0.5091 0.1134 0.3295 0.1602 0.1583 0.5010 0.1138 0.3492 0.1481 0.1644 0.4909 0.1145 0.3701 0.1399 0.1711 0.4787 0.1155 0.3919 0.1338 0.1784 0.4644 0.1168 0.4146 0.1288 0.1894 0.4135 0.1379 0.4135 0.1894 0.1288 0.4146 0.1168 0.4644 0.1784 0.1338 0.3919 0.1155 0.4787 0.1711 0.1399 0.3701 0.1145 0.4909 0.1644 0.1481 0.3492 0.1138 0.5010 0.1583 0.1602 0.3295 0.1134 0.5091 0.1526 0.1793 0.3106 0.1133 0.5154 0.1473 0.2078 0.2921 0.1136 0.5197 0.1418 0.2474 0.2714 0.1143 0.5207 0.1350 0.3066 0.2436 0.1164 0.5065 0.1262 0.3865 0.2091 0.1245
0.1992 0.3976 0.1250 0.5017 0.1168 0.2404 0.3119 0.1347 0.5207 0.1142 0.2737 0.2403 0.1430 0.5188 0.1135 0.2983 0.1962 0.1493 0.5130 0.1134 0.3187 0.1698 0.1551 0.5056 0.1136 0.3385 0.1539 0.1611 0.4965 0.1141 0.3589 0.1439 0.1674 0.4854 0.1149 0.3803 0.1368 0.1744 0.4723 0.1161 0.4024 0.1315 0.1821 0.4569 0.1175 0.4251 0.1272 0.1910 0.4329 0.1230 0.5208 0.1230 0.4329 0.1910 0.1272 0.4251 0.1175 0.4569 0.1821 0.1315 0.4024 0.1161 0.4723 0.1744 0.1368 0.3803 0.1149 0.4854 0.1674 0.1439 0.3589 0.1141 0.4965 0.1611 0.1539 0.3385 0.1136 0.5056 0.1551 0.1698 0.3187 0.1134 0.5130 0.1493 0.1962 0.2983 0.1135 0.5188 0.1430 0.2403 0.2737 0.1142 0.5207 0.1347 0.3119 0.2404 0.1168 0.5017 0.1250 0.3976 0.1992
0.3866 0.1239 0.4953 0.1174 0.2359 0.3214 0.1338 0.5205 0.1143 0.2737 0.2378 0.1436 0.5181 0.1134 0.3034 0.1873 0.1512 0.5106 0.1134 0.3266 0.1622 0.1576 0.5019 0.1138 0.3477 0.1488 0.1640 0.4916 0.1145 0.3688 0.1403 0.1706 0.4795 0.1154 0.3906 0.1342 0.1779 0.4654 0.1167 0.4130 0.1294 0.1859 0.4490 0.1183 0.4357 0.1256 0.1947 0.4290 0.1208 0.4917 0.1109 0.4917 0.1208 0.4290 0.1947 0.1256 0.4357 0.1183 0.4490 0.1859 0.1294 0.4130 0.1167 0.4654 0.1779 0.1342 0.3906 0.1154 0.4795 0.1706 0.1403 0.3688 0.1145 0.4916 0.1640 0.1488 0.3477 0.1138 0.5019 0.1576 0.1622 0.3266 0.1134 0.5106 0.1512 0.1873 0.3034 0.1134 0.5181 0.1436 0.2378 0.2737 0.1143 0.5205 0.1338 0.3214 0.2359 0.1174 0.4953 0.1239 0.3866
0.1208 0.4875 0.1182 0.2306 0.3334 0.1325 0.5198 0.1144 0.2714 0.2403 0.1436 0.5178 0.1134 0.3069 0.1813 0.1528 0.5083 0.1135 0.3339 0.1564 0.1601 0.4979 0.1140 0.3568 0.1447 0.1669 0.4863 0.1149 0.3789 0.1372 0.1740 0.4731 0.1160 0.4011 0.1318 0.1816 0.4579 0.1174 0.4237 0.1275 0.1899 0.4404 0.1192 0.4462 0.1241 0.1990 0.4203 0.1214 0.4745 0.1155 0.2980 0.1155 0.4745 0.1214 0.4203 0.1990 0.1241 0.4462 0.1192 0.4404 0.1899 0.1275 0.4237 0.1174 0.4579 0.1816 0.1318 0.4011 0.1160 0.4731 0.1740 0.1372 0.3789 0.1149 0.4863 0.1669 0.1447 0.3568 0.1140 0.4979 0.1601 0.1564 0.3339 0.1135 0.5083 0.1528 0.1813 0.3069 0.1134 0.5178 0.1436 0.2403 0.2714 0.1144 0.5198 0.1325 0.3334 0.2306 0.1182 0.4875 0.1208
0.4665 0.1191 0.2252 0.3464 0.1310 0.5185 0.1147 0.2672 0.2474 0.1430 0.5181 0.1134 0.3081 0.1782 0.1538 0.5066 0.1136 0.3401 0.1521 0.1624 0.4938 0.1143 0.3656 0.1413 0.1699 0.4808 0.1153 0.3889 0.1345 0.1775 0.4663 0.1166 0.4117 0.1296 0.1854 0.4500 0.1182 0.4343 0.1258 0.1941 0.4314 0.1201 0.4565 0.1227 0.2036 0.4102 0.1224 0.4784 0.1188 0.2342 0.1834 0.2342 0.1188 0.4784 0.1224 0.4102 0.2036 0.1227 0.4565 0.1201 0.4314 0.1941 0.1258 0.4343 0.1182 0.4500 0.1854 0.1296 0.4117 0.1166 0.4663 0.1775 0.1345 0.3889 0.1153 0.4808 0.1699 0.1413 0.3656 0.1143 0.4938 0.1624 0.1521 0.3401 0.1136 0.5066 0.1538 0.1782 0.3081 0.1134 0.5181 0.1430 0.2474 0.2672 0.1147 0.5185 0.1310 0.3464 0.2252 0.1191 0.4665
0.1219 0.2199 0.3595 0.1295 0.5162 0.1150 0.2618 0.2581 0.1418 0.5188 0.1134 0.3069 0.1782 0.1541 0.5056 0.1137 0.3446 0.1493 0.1643 0.4902 0.1146 0.3739 0.1385 0.1728 0.4751 0.1158 0.3987 0.1322 0.1810 0.4591 0.1173 0.4222 0.1277 0.1894 0.4415 0.1191 0.4449 0.1242 0.1984 0.4218 0.1211 0.4665 0.1214 0.2083 0.3994 0.1236 0.4863 0.1190 0.2229 0.3244 0.1543 0.3244 0.2229 0.1190 0.4863 0.1236 0.3994 0.2083 0.1214 0.4665 0.1211 0.4218 0.1984 0.1242 0.4449 0.1191 0.4415 0.1894 0.1277 0.4222 0.1173 0.4591 0.1810 0.1322 0.3987 0.1158 0.4751 0.1728 0.1385 0.3739 0.1146 0.4902 0.1643 0.1493 0.3446 0.1137 0.5056 0.1541 0.1782 0.3069 0.1134 0.5188 0.1418 0.2581 0.2618 0.1150 0.5162 0.1295 0.3595 0.2199 0.1219
0.2093 0.3723 0.1280 0.5130 0.1155 0.2558 0.2713 0.1402 0.5197 0.1135 0.3034 0.1813 0.1538 0.5056 0.1137 0.3471 0.1476 0.1657 0.4872 0.1149 0.3811 0.1362 0.1756 0.4694 0.1164 0.4083 0.1302 0.1845 0.4517 0.1181 0.4326 0.1260 0.1935 0.4326 0.1200 0.4552 0.1229 0.2030 0.4116 0.1222 0.4761 0.1203 0.2132 0.3880 0.1248 0.4942 0.1183 0.2250 0.3523 0.1338 0.5039 0.1338 0.3523 0.2250 0.1183 0.4942 0.1248 0.3880 0.2132 0.1203 0.4761 0.1222 0.4116 0.2030 0.1229 0.4552 0.1200 0.4326 0.1935 0.1260 0.4326 0.1181 0.4517 0.1845 0.1302 0.4083 0.1164 0.4694 0.1756 0.1362 0.3811 0.1149 0.4872 0.1657 0.1476 0.3471 0.1137 0.5056 0.1538 0.1813 0.3034 0.1135 0.5197 0.1402 0.2713 0.2558 0.1155 0.5130 0.1280 0.3723 0.2093
0.3614 0.1267 0.5086 0.1160 0.2496 0.2858 0.1384 0.5205 0.1136 0.2983 0.1873 0.1528 0.5066 0.1137 0.3471 0.1470 0.1665 0.4851 0.1151 0.3867 0.1346 0.1780 0.4640 0.1169 0.4173 0.1285 0.1880 0.4441 0.1188 0.4426 0.1245 0.1977 0.4232 0.1210 0.4652 0.1216 0.2077 0.4008 0.1234 0.4850 0.1193 0.2183 0.3759 0.1262 0.5012 0.1175 0.2300 0.3467 0.1304 0.5207 0.1125 0.5207 0.1304 0.3467 0.2300 0.1175 0.5012 0.1262 0.3759 0.2183 0.1193 0.4850 0.1234 0.4008 0.2077 0.1216 0.4652 0.1210 0.4232 0.1977 0.1245 0.4426 0.1188 0.4441 0.1880 0.1285 0.4173 0.1169 0.4640 0.1780 0.1346 0.3867 0.1151 0.4851 0.1665 0.1470 0.3471 0.1137 0.5066 0.1528 0.1873 0.2983 0.1136 0.5205 0.1384 0.2858 0.2496 0.1160 0.5086 0.1267 0.3614
0.1232 0.5030 0.1166 0.2434 0.3008 0.1366 0.5210 0.1137 0.2921 0.1962 0.1512 0.5083 0.1136 0.3446 0.1476 0.1665 0.4844 0.1152 0.3902 0.1335 0.1799 0.4596 0.1174 0.4251 0.1270 0.1914 0.4365 0.1196 0.4520 0.1232 0.2019 0.4137 0.1220 0.4746 0.1205 0.2125 0.3895 0.1246 0.4932 0.1184 0.2236 0.3633 0.1276 0.5071 0.1168 0.2357 0.3342 0.1311 0.5177 0.1122 0.3619 0.1122 0.5177 0.1311 0.3342 0.2357 0.1168 0.5071 0.1276 0.3633 0.2236 0.1184 0.4932 0.1246 0.3895 0.2125 0.1205 0.4746 0.1220 0.4137 0.2019 0.1232 0.4520 0.1196 0.4365 0.1914 0.1270 0.4251 0.1174 0.4596 0.1799 0.1335 0.3902 0.1152 0.4844 0.1665 0.1476 0.3446 0.1136 0.5083 0.1512 0.1962 0.2921 0.1137 0.5210 0.1366 0.3008 0.2434 0.1166 0.5030 0.1232
0.4840 0.1174 0.2374 0.3157 0.1348 0.5210 0.1139 0.2851 0.2078 0.1493 0.5106 0.1135 0.3401 0.1493 0.1657 0.4851 0.1152 0.3915 0.1329 0.1811 0.4564 0.1178 0.4313 0.1259 0.1945 0.4293 0.1204 0.4607 0.1221 0.2061 0.4040 0.1231 0.4831 0.1195 0.2174 0.3777 0.1260 0.5003 0.1176 0.2292 0.3501 0.1291 0.5119 0.1161 0.2416 0.3200 0.1326 0.5186 0.1142 0.2812 0.1358 0.2812 0.1142 0.5186 0.1326 0.3200 0.2416 0.1161 0.5119 0.1291 0.3501 0.2292 0.1176 0.5003 0.1260 0.3777 0.2174 0.1195 0.4831 0.1231 0.4040 0.2061 0.1221 0.4607 0.1204 0.4293 0.1945 0.1259 0.4313 0.1178 0.4564 0.1811 0.1329 0.3915 0.1152 0.4851 0.1657 0.1493 0.3401 0.1135 0.5106 0.1493 0.2078 0.2851 0.1139 0.5210 0.1348 0.3157 0.2374 0.1174 0.4840
0.1198 0.2316 0.3303 0.1330 0.5203 0.1142 0.2780 0.2213 0.1473 0.5130 0.1134 0.3339 0.1521 0.1643 0.4872 0.1151 0.3902 0.1329 0.1816 0.4546 0.1180 0.4357 0.1252 0.1969 0.4231 0.1212 0.4683 0.1211 0.2102 0.3942 0.1242 0.4907 0.1186 0.2224 0.3659 0.1273 0.5063 0.1169 0.2348 0.3363 0.1307 0.5155 0.1156 0.2478 0.3051 0.1343 0.5200 0.1145 0.2668 0.2138 0.1760 0.2138 0.2668 0.1145 0.5200 0.1343 0.3051 0.2478 0.1156 0.5155 0.1307 0.3363 0.2348 0.1169 0.5063 0.1273 0.3659 0.2224 0.1186 0.4907 0.1242 0.3942 0.2102 0.1211 0.4683 0.1212 0.4231 0.1969 0.1252 0.4357 0.1180 0.4546 0.1816 0.1329 0.3902 0.1151 0.4872 0.1643 0.1521 0.3339 0.1134 0.5130 0.1473 0.2213 0.2780 0.1142 0.5203 0.1330 0.3303 0.2316 0.1198
0.2202 0.3443 0.1313 0.5189 0.1145 0.2709 0.2361 0.1451 0.5154 0.1134 0.3266 0.1564 0.1624 0.4902 0.1149 0.3867 0.1335 0.1811 0.4546 0.1181 0.4379 0.1247 0.1987 0.4183 0.1218 0.4743 0.1203 0.2139 0.3850 0.1253 0.4972 0.1179 0.2273 0.3539 0.1287 0.5110 0.1163 0.2406 0.3222 0.1323 0.5181 0.1151 0.2543 0.2898 0.1361 0.5208 0.1142 0.2697 0.2450 0.1486 0.4641 0.1486 0.2450 0.2697 0.1142 0.5208 0.1361 0.2898 0.2543 0.1151 0.5181 0.1323 0.3222 0.2406 0.1163 0.5110 0.1287 0.3539 0.2273 0.1179 0.4972 0.1253 0.3850 0.2139 0.1203 0.4743 0.1218 0.4183 0.1987 0.1247 0.4379 0.1181 0.4546 0.1811 0.1335 0.3867 0.1149 0.4902 0.1624 0.1564 0.3266 0.1134 0.5154 0.1451 0.2361 0.2709 0.1145 0.5189 0.1313 0.3443 0.2202
0.3336 0.1299 0.5167 0.1149 0.2638 0.2516 0.1430 0.5174 0.1133 0.3187 0.1622 0.1601 0.4938 0.1146 0.3811 0.1346 0.1799 0.4564 0.1180 0.4379 0.1245 0.1996 0.4152 0.1222 0.4787 0.1198 0.2171 0.3766 0.1263 0.5025 0.1173 0.2321 0.3419 0.1301 0.5145 0.1157 0.2465 0.3080 0.1340 0.5198 0.1147 0.2610 0.2741 0.1380 0.5210 0.1140 0.2761 0.2385 0.1439 0.5115 0.1170 0.5115 0.1439 0.2385 0.2761 0.1140 0.5210 0.1380 0.2741 0.2610 0.1147 0.5198 0.1340 0.3080 0.2465 0.1157 0.5145 0.1301 0.3419 0.2321 0.1173 0.5025 0.1263 0.3766 0.2171 0.1198 0.4787 0.1222 0.4152 0.1996 0.1245 0.4379 0.1180 0.4564 0.1799 0.1346 0.3811 0.1146 0.4938 0.1601 0.1622 0.3187 0.1133 0.5174 0.1430 0.2516 0.2638 0.1149 0.5167 0.1299 0.3336
0.1259 0.5135 0.1154 0.2571 0.2675 0.1409 0.5191 0.1134 0.3106 0.1698 0.1576 0.4979 0.1143 0.3739 0.1362 0.1780 0.4596 0.1178 0.4357 0.1247 0.1996 0.4141 0.1224 0.4814 0.1194 0.2195 0.3698 0.1272 0.5065 0.1168 0.2367 0.3304 0.1315 0.5171 0.1153 0.2523 0.2939 0.1357 0.5207 0.1143 0.2677 0.2584 0.1400 0.5206 0.1137 0.2835 0.2247 0.1448 0.5166 0.1122 0.4362 0.1122 0.5166 0.1448 0.2247 0.2835 0.1137 0.5206 0.1400 0.2584 0.2677 0.1143 0.5207 0.1357 0.2939 0.2523 0.1153 0.5171 0.1315 0.3304 0.2367 0.1168 0.5065 0.1272 0.3698 0.2195 0.1194 0.4814 0.1224 0.4141 0.1996 0.1247 0.4357 0.1178 0.4596 0.1780 0.1362 0.3739 0.1143 0.4979 0.1576 0.1698 0.3106 0.1134 0.5191 0.1409 0.2675 0.2571 0.1154 0.5135 0.1259
0.4971 0.1160 0.2505 0.2832 0.1388 0.5203 0.1135 0.3025 0.1793 0.1551 0.5019 0.1140 0.3656 0.1385 0.1756 0.4640 0.1174 0.4313 0.1252 0.1987 0.4152 0.1224 0.4823 0.1192 0.2210 0.3651 0.1278 0.5093 0.1164 0.2407 0.3199 0.1328 0.5189 0.1149 0.2579 0.2802 0.1374 0.5210 0.1140 0.2745 0.2432 0.1420 0.5197 0.1135 0.2912 0.2101 0.1469 0.5156 0.1129 0.3411 0.1202 0.3411 0.1129 0.5156 0.1469 0.2101 0.2912 0.1135 0.5197 0.1420 0.2432 0.2745 0.1140 0.5210 0.1374 0.2802 0.2579 0.1149 0.5189 0.1328 0.3199 0.2407 0.1164 0.5093 0.1278 0.3651 0.2210 0.1192 0.4823 0.1224 0.4152 0.1987 0.1252 0.4313 0.1174 0.4640 0.1756 0.1385 0.3656 0.1140 0.5019 0.1551 0.1793 0.3025 0.1135 0.5203 0.1388 0.2832 0.2505 0.1160 0.4971
0.1180 0.2442 0.2987 0.1369 0.5209 0.1136 0.2945 0.1909 0.1526 0.5056 0.1138 0.3568 0.1413 0.1728 0.4694 0.1169 0.4251 0.1259 0.1969 0.4183 0.1222 0.4814 0.1192 0.2216 0.3626 0.1282 0.5110 0.1161 0.2440 0.3110 0.1339 0.5200 0.1146 0.2634 0.2671 0.1391 0.5208 0.1138 0.2812 0.2288 0.1441 0.5183 0.1134 0.2990 0.1964 0.1492 0.5134 0.1133 0.3231 0.1455 0.2045 0.1455 0.3231 0.1133 0.5134 0.1492 0.1964 0.2990 0.1134 0.5183 0.1441 0.2288 0.2812 0.1138 0.5208 0.1391 0.2671 0.2634 0.1146 0.5200 0.1339 0.3110 0.2440 0.1161 0.5110 0.1282 0.3626 0.2216 0.1192 0.4814 0.1222 0.4183 0.1969 0.1259 0.4251 0.1169 0.4694 0.1728 0.1413 0.3568 0.1138 0.5056 0.1526 0.1909 0.2945 0.1136 0.5209 0.1369 0.2987 0.2442 0.1180
0.2320 0.3138 0.1350 0.5210 0.1139 0.2867 0.2042 0.1502 0.5091 0.1136 0.3477 0.1447 0.1699 0.4751 0.1164 0.4173 0.1270 0.1945 0.4231 0.1218 0.4787 0.1194 0.2210 0.3626 0.1284 0.5118 0.1159 0.2463 0.3041 0.1349 0.5206 0.1144 0.2684 0.2551 0.1407 0.5203 0.1136 0.2879 0.2153 0.1461 0.5165 0.1134 0.3068 0.1843 0.1516 0.5105 0.1134 0.3268 0.1578 0.1683 0.3987 0.1683 0.1578 0.3268 0.1134 0.5105 0.1516 0.1843 0.3068 0.1134 0.5165 0.1461 0.2153 0.2879 0.1136 0.5203 0.1407 0.2551 0.2684 0.1144 0.5206 0.1349 0.3041 0.2463 0.1159 0.5118 0.1284 0.3626 0.2210 0.1194 0.4787 0.1218 0.4231 0.1945 0.1270 0.4173 0.1164 0.4751 0.1699 0.1447 0.3477 0.1136 0.5091 0.1502 0.2042 0.2867 0.1139 0.5210 0.1350 0.3138 0.2320
0.3034 0.1334 0.5204 0.1141 0.2791 0.2187 0.1478 0.5122 0.1134 0.3385 0.1488 0.1669 0.4808 0.1158 0.4083 0.1285 0.1914 0.4293 0.1212 0.4743 0.1198 0.2195 0.3651 0.1282 0.5118 0.1159 0.2474 0.2999 0.1356 0.5209 0.1142 0.2726 0.2448 0.1421 0.5194 0.1135 0.2943 0.2032 0.1481 0.5144 0.1133 0.3145 0.1743 0.1540 0.5072 0.1135 0.3349 0.1555 0.1620 0.4787 0.1247 0.4787 0.1620 0.1555 0.3349 0.1135 0.5072 0.1540 0.1743 0.3145 0.1133 0.5144 0.1481 0.2032 0.2943 0.1135 0.5194 0.1421 0.2448 0.2726 0.1142 0.5209 0.1356 0.2999 0.2474 0.1159 0.5118 0.1282 0.3651 0.2195 0.1198 0.4743 0.1212 0.4293 0.1914 0.1285 0.4083 0.1158 0.4808 0.1669 0.1488 0.3385 0.1134 0.5122 0.1478 0.2187 0.2791 0.1141 0.5204 0.1334 0.3034
0.1290 0.5192 0.1145 0.2718 0.2339 0.1455 0.5149 0.1134 0.3295 0.1539 0.1640 0.4863 0.1153 0.3987 0.1302 0.1880 0.4365 0.1204 0.4683 0.1203 0.2171 0.3698 0.1278 0.5110 0.1159 0.2474 0.2985 0.1359 0.5210 0.1141 0.2757 0.2368 0.1434 0.5185 0.1134 0.3002 0.1929 0.1501 0.5121 0.1134 0.3222 0.1661 0.1563 0.5037 0.1137 0.3436 0.1508 0.1631 0.4901 0.1154 0.5015 0.1154 0.4901 0.1631 0.1508 0.3436 0.1137 0.5037 0.1563 0.1661 0.3222 0.1134 0.5121 0.1501 0.1929 0.3002 0.1134 0.5185 0.1434 0.2368 0.2757 0.1141 0.5210 0.1359 0.2985 0.2474 0.1159 0.5110 0.1278 0.3698 0.2171 0.1203 0.4683 0.1204 0.4365 0.1880 0.1302 0.3987 0.1153 0.4863 0.1640 0.1539 0.3295 0.1134 0.5149 0.1455 0.2339 0.2718 0.1145 0.5192 0.1290
0.5049 0.1150 0.2647 0.2496 0.1433 0.5171 0.1133 0.3206 0.1602 0.1611 0.4916 0.1149 0.3889 0.1322 0.1845 0.4441 0.1196 0.4607 0.1211 0.2139 0.3766 0.1272 0.5093 0.1161 0.2463 0.2999 0.1359 0.5210 0.1140 0.2777 0.2313 0.1443 0.5176 0.1134 0.3054 0.1845 0.1518 0.5098 0.1134 0.3295 0.1596 0.1587 0.5000 0.1139 0.3524 0.1465 0.1657 0.4880 0.1147 0.4128 0.1132 0.4128 0.1147 0.4880 0.1657 0.1465 0.3524 0.1139 0.5000 0.1587 0.1596 0.3295 0.1134 0.5098 0.1518 0.1845 0.3054 0.1134 0.5176 0.1443 0.2313 0.2777 0.1140 0.5210 0.1359 0.2999 0.2463 0.1161 0.5093 0.1272 0.3766 0.2139 0.1211 0.4607 0.1196 0.4441 0.1845 0.1322 0.3889 0.1149 0.4916 0.1611 0.1602 0.3206 0.1133 0.5171 0.1433 0.2496 0.2647 0.1150 0.5049
0.1165 0.2579 0.2655 0.1411 0.5189 0.1134 0.3120 0.1681 0.1583 0.4965 0.1145 0.3789 0.1345 0.1810 0.4517 0.1188 0.4520 0.1221 0.2102 0.3850 0.1263 0.5065 0.1164 0.2440 0.3041 0.1356 0.5210 0.1140 0.2784 0.2285 0.1449 0.5169 0.1134 0.3095 0.1782 0.1534 0.5074 0.1135 0.3365 0.1546 0.1610 0.4962 0.1142 0.3609 0.1429 0.1685 0.4832 0.1151 0.3916 0.1253 0.2420 0.1253 0.3916 0.1151 0.4832 0.1685 0.1429 0.3609 0.1142 0.4962 0.1610 0.1546 0.3365 0.1135 0.5074 0.1534 0.1782 0.3095 0.1134 0.5169 0.1449 0.2285 0.2784 0.1140 0.5210 0.1356 0.3041 0.2440 0.1164 0.5065 0.1263 0.3850 0.2102 0.1221 0.4520 0.1188 0.4517 0.1810 0.1345 0.3789 0.1145 0.4965 0.1583 0.1681 0.3120 0.1134 0.5189 0.1411 0.2655 0.2579 0.1165
0.2448 0.2812 0.1391 0.5201 0.1135 0.3036 0.1777 0.1556 0.5010 0.1141 0.3688 0.1372 0.1775 0.4591 0.1181 0.4426 0.1232 0.2061 0.3942 0.1253 0.5025 0.1168 0.2407 0.3110 0.1349 0.5209 0.1141 0.2777 0.2285 0.1451 0.5165 0.1134 0.3125 0.1738 0.1547 0.5054 0.1136 0.3428 0.1507 0.1632 0.4923 0.1144 0.3693 0.1399 0.1713 0.4779 0.1156 0.3954 0.1310 0.1943 0.3049 0.1943 0.1310 0.3954 0.1156 0.4779 0.1713 0.1399 0.3693 0.1144 0.4923 0.1632 0.1507 0.3428 0.1136 0.5054 0.1547 0.1738 0.3125 0.1134 0.5165 0.1451 0.2285 0.2777 0.1141 0.5209 0.1349 0.3110 0.2407 0.1168 0.5025 0.1253 0.3942 0.2061 0.1232 0.4426 0.1181 0.4591 0.1775 0.1372 0.3688 0.1141 0.5010 0.1556 0.1777 0.3036 0.1135 0.5201 0.1391 0.2812 0.2448
0.2716 0.1373 0.5209 0.1136 0.2955 0.1893 0.1530 0.5051 0.1138 0.3589 0.1403 0.1740 0.4663 0.1173 0.4326 0.1245 0.2019 0.4040 0.1242 0.4972 0.1173 0.2367 0.3199 0.1339 0.5206 0.1142 0.2757 0.2313 0.1449 0.5165 0.1133 0.3141 0.1712 0.1556 0.5037 0.1137 0.3481 0.1477 0.1652 0.4885 0.1147 0.3772 0.1374 0.1741 0.4724 0.1161 0.4038 0.1307 0.1857 0.4226 0.1361 0.4226 0.1857 0.1307 0.4038 0.1161 0.4724 0.1741 0.1374 0.3772 0.1147 0.4885 0.1652 0.1477 0.3481 0.1137 0.5037 0.1556 0.1712 0.3141 0.1133 0.5165 0.1449 0.2313 0.2757 0.1142 0.5206 0.1339 0.3199 0.2367 0.1173 0.4972 0.1242 0.4040 0.2019 0.1245 0.4326 0.1173 0.4663 0.1740 0.1403 0.3589 0.1138 0.5051 0.1530 0.1893 0.2955 0.1136 0.5209 0.1373 0.2716
0.1325 0.5210 0.1138 0.2876 0.2024 0.1505 0.5087 0.1136 0.3492 0.1439 0.1706 0.4731 0.1166 0.4222 0.1260 0.1977 0.4137 0.1231 0.4907 0.1179 0.2321 0.3304 0.1328 0.5200 0.1144 0.2726 0.2368 0.1443 0.5169 0.1134 0.3141 0.1704 0.1561 0.5027 0.1138 0.3520 0.1456 0.1669 0.4851 0.1150 0.3844 0.1353 0.1768 0.4669 0.1166 0.4126 0.1293 0.1868 0.4418 0.1219 0.5211 0.1219 0.4418 0.1868 0.1293 0.4126 0.1166 0.4669 0.1768 0.1353 0.3844 0.1150 0.4851 0.1669 0.1456 0.3520 0.1138 0.5027 0.1561 0.1704 0.3141 0.1134 0.5169 0.1443 0.2368 0.2726 0.1144 0.5200 0.1328 0.3304 0.2321 0.1179 0.4907 0.1231 0.4137 0.1977 0.1260 0.4222 0.1166 0.4731 0.1706 0.1439 0.3492 0.1136 0.5087 0.1505 0.2024 0.2876 0.1138 0.5210 0.1325
0.5082 0.1142 0.2800 0.2168 0.1481 0.5119 0.1135 0.3398 0.1481 0.1674 0.4795 0.1160 0.4117 0.1277 0.1935 0.4232 0.1220 0.4831 0.1186 0.2273 0.3419 0.1315 0.5189 0.1146 0.2684 0.2448 0.1434 0.5176 0.1134 0.3125 0.1712 0.1561 0.5023 0.1139 0.3545 0.1443 0.1682 0.4824 0.1153 0.3906 0.1337 0.1793 0.4616 0.1171 0.4210 0.1278 0.1898 0.4392 0.1198 0.4834 0.1109 0.4834 0.1198 0.4392 0.1898 0.1278 0.4210 0.1171 0.4616 0.1793 0.1337 0.3906 0.1153 0.4824 0.1682 0.1443 0.3545 0.1139 0.5023 0.1561 0.1712 0.3125 0.1134 0.5176 0.1434 0.2448 0.2684 0.1146 0.5189 0.1315 0.3419 0.2273 0.1186 0.4831 0.1220 0.4232 0.1935 0.1277 0.4117 0.1160 0.4795 0.1674 0.1481 0.3398 0.1135 0.5119 0.1481 0.2168 0.2800 0.1142 0.5082
0.1153 0.2727 0.2320 0.1458 0.5146 0.1134 0.3306 0.1532 0.1644 0.4854 0.1154 0.4011 0.1296 0.1894 0.4326 0.1210 0.4746 0.1195 0.2224 0.3539 0.1301 0.5171 0.1149 0.2634 0.2551 0.1421 0.5185 0.1134 0.3095 0.1738 0.1556 0.5027 0.1139 0.3553 0.1436 0.1690 0.4804 0.1155 0.3955 0.1324 0.1814 0.4567 0.1177 0.4287 0.1264 0.1929 0.4328 0.1201 0.4635 0.1164 0.2898 0.1163 0.4636 0.1201 0.4328 0.1929 0.1264 0.4287 0.1177 0.4567 0.1814 0.1324 0.3955 0.1155 0.4804 0.1690 0.1436 0.3553 0.1139 0.5027 0.1556 0.1738 0.3095 0.1134 0.5185 0.1421 0.2551 0.2634 0.1149 0.5171 0.1301 0.3538 0.2224 0.1195 0.4746 0.1210 0.4326 0.1894 0.1296 0.4011 0.1154 0.4854 0.1644 0.1532 0.3306 0.1134 0.5146 0.1458 0.2320 0.2727 0.1153
0.2586 0.2476 0.1435 0.5169 0.1133 0.3217 0.1593 0.1614 0.4909 0.1149 0.3906 0.1318 0.1854 0.4415 0.1200 0.4652 0.1205 0.2174 0.3659 0.1287 0.5145 0.1153 0.2579 0.2671 0.1407 0.5194 0.1134 0.3054 0.1782 0.1547 0.5037 0.1138 0.3545 0.1436 0.1693 0.4793 0.1157 0.3990 0.1315 0.1832 0.4526 0.1181 0.4356 0.1253 0.1960 0.4259 0.1208 0.4658 0.1201 0.2277 0.1980 0.2277 0.1201 0.4659 0.1208 0.4259 0.1960 0.1253 0.4356 0.1181 0.4526 0.1832 0.1315 0.3990 0.1157 0.4793 0.1693 0.1436 0.3545 0.1138 0.5037 0.1547 0.1782 0.3054 0.1134 0.5194 0.1407 0.2671 0.2579 0.1153 0.5145 0.1287 0.3657 0.2175 0.1205 0.4653 0.1200 0.4415 0.1854 0.1318 0.3906 0.1149 0.4909 0.1614 0.1593 0.3217 0.1133 0.5169 0.1435 0.2476 0.2586
0.2394 0.1415 0.5187 0.1134 0.3131 0.1670 0.1586 0.4959 0.1145 0.3803 0.1342 0.1816 0.4500 0.1191 0.4552 0.1216 0.2125 0.3777 0.1273 0.5110 0.1157 0.2523 0.2802 0.1391 0.5203 0.1135 0.3002 0.1845 0.1534 0.5054 0.1137 0.3520 0.1443 0.1690 0.4793 0.1157 0.4008 0.1309 0.1844 0.4494 0.1185 0.4412 0.1244 0.1988 0.4192 0.1216 0.4721 0.1204 0.2158 0.3422 0.1512 0.3420 0.2159 0.1204 0.4722 0.1216 0.4192 0.1988 0.1244 0.4412 0.1185 0.4494 0.1844 0.1309 0.4008 0.1157 0.4793 0.1690 0.1443 0.3520 0.1137 0.5054 0.1534 0.1845 0.3002 0.1135 0.5203 0.1391 0.2800 0.2523 0.1157 0.5110 0.1274 0.3775 0.2126 0.1216 0.4554 0.1191 0.4499 0.1816 0.1341 0.3804 0.1145 0.4958 0.1587 0.1669 0.3132 0.1134 0.5187 0.1416 0.2393
0.1363 0.5200 0.1135 0.3047 0.1764 0.1559 0.5004 0.1142 0.3701 0.1368 0.1779 0.4579 0.1182 0.4449 0.1229 0.2077 0.3895 0.1260 0.5063 0.1163 0.2465 0.2939 0.1374 0.5208 0.1136 0.2943 0.1929 0.1518 0.5074 0.1136 0.3481 0.1456 0.1682 0.4804 0.1157 0.4008 0.1307 0.1851 0.4473 0.1188 0.4452 0.1238 0.2012 0.4132 0.1223 0.4782 0.1199 0.2165 0.3714 0.1314 0.5087 0.1315 0.3707 0.2168 0.1198 0.4785 0.1223 0.4129 0.2013 0.1237 0.4455 0.1188 0.4471 0.1852 0.1307 0.4010 0.1157 0.4803 0.1683 0.1455 0.3483 0.1136 0.5073 0.1519 0.1925 0.2946 0.1136 0.5208 0.1375 0.2931 0.2468 0.1162 0.5065 0.1260 0.3889 0.2079 0.1228 0.4454 0.1182 0.4576 0.1781 0.1367 0.3706 0.1141 0.5002 0.1561 0.1759 0.3051 0.1134 0.5199 0.1364
0.5081 0.1137 0.2965 0.1877 0.1533 0.5046 0.1139 0.3602 0.1399 0.1744 0.4654 0.1174 0.4343 0.1242 0.2030 0.4008 0.1246 0.5003 0.1169 0.2406 0.3080 0.1357 0.5210 0.1138 0.2879 0.2032 0.1501 0.5098 0.1135 0.3428 0.1477 0.1669 0.4824 0.1155 0.3990 0.1309 0.1851 0.4465 0.1189 0.4477 0.1233 0.2029 0.4084 0.1229 0.4834 0.1193 0.2195 0.3699 0.1279 0.5189 0.1119 0.5193 0.1284 0.3657 0.2211 0.1187 0.4856 0.1231 0.4059 0.2040 0.1228 0.4500 0.1191 0.4448 0.1859 0.1303 0.4010 0.1155 0.4813 0.1675 0.1467 0.3446 0.1134 0.5091 0.1506 0.2004 0.2895 0.1136 0.5210 0.1361 0.3049 0.2419 0.1166 0.5017 0.1249 0.3984 0.2040 0.1237 0.4366 0.1175 0.4638 0.1752 0.1390 0.3623 0.1138 0.5037 0.1539 0.1850 0.2983 0.1135 0.5079
0.1144 0.2887 0.2006 0.1508 0.5082 0.1136 0.3505 0.1434 0.1711 0.4723 0.1167 0.4237 0.1258 0.1984 0.4116 0.1234 0.4932 0.1176 0.2348 0.3222 0.1340 0.5207 0.1140 0.2812 0.2153 0.1481 0.5121 0.1134 0.3365 0.1507 0.1652 0.4851 0.1153 0.3955 0.1315 0.1844 0.4473 0.1189 0.4486 0.1231 0.2040 0.4051 0.1233 0.4873 0.1188 0.2224 0.3633 0.1280 0.5122 0.1122 0.3568 0.1110 0.5182 0.1309 0.3398 0.2319 0.1162 0.4989 0.1252 0.3890 0.2109 0.1203 0.4620 0.1199 0.4363 0.1896 0.1279 0.4081 0.1156 0.4782 0.1690 0.1445 0.3472 0.1130 0.5085 0.1509 0.1989 0.2899 0.1130 0.5210 0.1360 0.3055 0.2417 0.1158 0.5013 0.1248 0.3993 0.2038 0.1231 0.4358 0.1172 0.4644 0.1751 0.1386 0.3615 0.1134 0.5040 0.1538 0.1850 0.2983 0.1132
0.2735 0.2149 0.1484 0.5115 0.1135 0.3410 0.1476 0.1678 0.4787 0.1161 0.4130 0.1275 0.1941 0.4218 0.1222 0.4850 0.1184 0.2292 0.3363 0.1323 0.5198 0.1143 0.2745 0.2288 0.1461 0.5144 0.1134 0.3295 0.1546 0.1632 0.4885 0.1150 0.3906 0.1324 0.1832 0.4494 0.1188 0.4477 0.1231 0.2044 0.4034 0.1236 0.4897 0.1185 0.2248 0.3569 0.1287 0.5122 0.1146 0.2789 0.1254 0.3440 0.1109 0.5180 0.1431 0.2437 0.2707 0.1117 0.5203 0.1337 0.3181 0.2391 0.1139 0.5027 0.1255 0.3897 0.2094 0.1193 0.4519 0.1185 0.4499 0.1828 0.1307 0.3839 0.1137 0.4935 0.1607 0.1600 0.3185 0.1115 0.5176 0.1430 0.2515 0.2639 0.1123 0.5167 0.1297 0.3579 0.2210 0.1170 0.4704 0.1202 0.4369 0.1881 0.1278 0.3963 0.1143 0.4878 0.1638 0.1525 0.3200
0.2090 0.1462 0.5143 0.1134 0.3318 0.1525 0.1648 0.4847 0.1155 0.4024 0.1294 0.1899 0.4314 0.1211 0.4761 0.1193 0.2236 0.3501 0.1307 0.5181 0.1147 0.2677 0.2432 0.1441 0.5165 0.1133 0.3222 0.1596 0.1610 0.4923 0.1147 0.3844 0.1337 0.1814 0.4526 0.1185 0.4452 0.1233 0.2040 0.4034 0.1237 0.4909 0.1183 0.2264 0.3520 0.1293 0.5137 0.1154 0.2575 0.1743 0.2370 0.1136 0.4945 0.1207 0.4356 0.1896 0.1261 0.4056 0.1150 0.4799 0.1687 0.1434 0.3454 0.1119 0.5089 0.1511 0.1978 0.2903 0.1110 0.5211 0.1365 0.3014 0.2436 0.1131 0.5034 0.1252 0.3948 0.2063 0.1198 0.4404 0.1173 0.4610 0.1774 0.1345 0.3662 0.1127 0.5022 0.1554 0.1784 0.3015 0.1110 0.5204 0.1387 0.2847 0.2500 0.1126 0.5088 0.1266 0.3829 0.2114 0.1199
0.1406 0.5166 0.1133 0.3228 0.1585 0.1618 0.4902 0.1150 0.3919 0.1315 0.1859 0.4404 0.1201 0.4665 0.1203 0.2183 0.3633 0.1291 0.5155 0.1151 0.2610 0.2584 0.1420 0.5183 0.1134 0.3145 0.1661 0.1587 0.4962 0.1144 0.3772 0.1353 0.1793 0.4567 0.1181 0.4412 0.1238 0.2029 0.4051 0.1236 0.4909 0.1182 0.2272 0.3491 0.1298 0.5149 0.1155 0.2525 0.2558 0.1687 0.1794 0.5204 0.1213 0.4668 0.1708 0.1427 0.3506 0.1129 0.5072 0.1520 0.1928 0.2937 0.1125 0.5209 0.1372 0.2957 0.2459 0.1148 0.5056 0.1258 0.3906 0.2076 0.1212 0.4443 0.1178 0.4582 0.1782 0.1353 0.3699 0.1133 0.5005 0.1561 0.1754 0.3047 0.1122 0.5200 0.1394 0.2790 0.2524 0.1141 0.5104 0.1271 0.3800 0.2119 0.1201 0.4532 0.1186 0.4514 0.1814 0.1328 0.3696
0.5052 0.1135 0.3142 0.1659 0.1590 0.4953 0.1146 0.3816 0.1338 0.1821 0.4490 0.1192 0.4565 0.1214 0.2132 0.3759 0.1276 0.5119 0.1156 0.2543 0.2741 0.1400 0.5197 0.1134 0.3068 0.1743 0.1563 0.5000 0.1142 0.3693 0.1374 0.1768 0.4616 0.1177 0.4356 0.1244 0.2012 0.4084 0.1233 0.4897 0.1183 0.2272 0.3481 0.1300 0.5156 0.1154 0.2529 0.2837 0.1408 0.5062 0.1218 0.1736 0.4009 0.1732 0.1455 0.3442 0.1133 0.5096 0.1501 0.2034 0.2877 0.1135 0.5210 0.1356 0.3084 0.2406 0.1165 0.5003 0.1246 0.4007 0.2031 0.1238 0.4345 0.1173 0.4652 0.1746 0.1394 0.3604 0.1136 0.5045 0.1534 0.1871 0.2968 0.1133 0.5208 0.1375 0.2943 0.2461 0.1159 0.5055 0.1257 0.3914 0.2069 0.1227 0.4431 0.1179 0.4592 0.1774 0.1369 0.3687 0.1134
0.1138 0.3057 0.1751 0.1563 0.4999 0.1142 0.3714 0.1365 0.1784 0.4569 0.1183 0.4462 0.1227 0.2083 0.3880 0.1262 0.5071 0.1161 0.2478 0.2898 0.1380 0.5206 0.1135 0.2990 0.1843 0.1540 0.5037 0.1139 0.3609 0.1399 0.1741 0.4669 0.1171 0.4287 0.1253 0.1988 0.4132 0.1229 0.4873 0.1185 0.2264 0.3491 0.1300 0.5158 0.1153 0.2541 0.2838 0.1380 0.5202 0.1130 0.3522 0.1912 0.1909 0.1407 0.3492 0.1136 0.5079 0.1514 0.1961 0.2921 0.1136 0.5210 0.1368 0.2991 0.2444 0.1164 0.5043 0.1255 0.3934 0.2061 0.1232 0.4414 0.1179 0.4605 0.1768 0.1377 0.3668 0.1140 0.5019 0.1551 0.1799 0.3019 0.1134 0.5203 0.1387 0.2845 0.2500 0.1159 0.5088 0.1266 0.3840 0.2099 0.1222 0.4497 0.1186 0.4543 0.1796 0.1355 0.3748 0.1144 0.4828
0.2895 0.1861 0.1536 0.5041 0.1139 0.3614 0.1395 0.1749 0.4644 0.1175 0.4357 0.1241 0.2036 0.3994 0.1248 0.5012 0.1168 0.2416 0.3051 0.1361 0.5210 0.1137 0.2912 0.1964 0.1516 0.5072 0.1137 0.3524 0.1429 0.1713 0.4724 0.1166 0.4210 0.1264 0.1960 0.4192 0.1223 0.4834 0.1188 0.2248 0.3520 0.1298 0.5156 0.1153 0.2545 0.2821 0.1379 0.5209 0.1130 0.3155 0.1353 0.2141 0.1336 0.3571 0.1137 0.5055 0.1531 0.1869 0.2981 0.1135 0.5205 0.1383 0.2861 0.2498 0.1159 0.5092 0.1268 0.3826 0.2106 0.1221 0.4511 0.1187 0.4533 0.1801 0.1352 0.3761 0.1143 0.4978 0.1575 0.1705 0.3097 0.1134 0.5193 0.1406 0.2698 0.2561 0.1154 0.5130 0.1280 0.3726 0.2146 0.1211 0.4593 0.1194 0.4467 0.1831 0.1332 0.3843 0.1147 0.4939 0.1558
0.1835 0.1512 0.5078 0.1137 0.3517 0.1429 0.1715 0.4714 0.1168 0.4251 0.1256 0.1990 0.4102 0.1236 0.4942 0.1175 0.2357 0.3200 0.1343 0.5208 0.1140 0.2835 0.2101 0.1492 0.5105 0.1135 0.3436 0.1465 0.1685 0.4779 0.1161 0.4126 0.1278 0.1929 0.4259 0.1216 0.4782 0.1193 0.2224 0.3569 0.1293 0.5149 0.1154 0.2541 0.2821 0.1380 0.5209 0.1134 0.2980 0.1432 0.2293 0.1271 0.3689 0.1138 0.5030 0.1548 0.1789 0.3040 0.1134 0.5198 0.1400 0.2728 0.2554 0.1155 0.5131 0.1281 0.3710 0.2154 0.1209 0.4611 0.1196 0.4451 0.1838 0.1327 0.3863 0.1147 0.4930 0.1603 0.1623 0.3181 0.1133 0.5177 0.1426 0.2542 0.2627 0.1150 0.5163 0.1295 0.3600 0.2197 0.1201 0.4690 0.1204 0.4382 0.1869 0.1309 0.3946 0.1151 0.4888 0.1626 0.1538
0.1452 0.5110 0.1135 0.3424 0.1469 0.1683 0.4778 0.1161 0.4146 0.1272 0.1947 0.4203 0.1224 0.4863 0.1183 0.2300 0.3342 0.1326 0.5200 0.1142 0.2761 0.2247 0.1469 0.5134 0.1134 0.3349 0.1508 0.1657 0.4832 0.1156 0.4038 0.1293 0.1898 0.4328 0.1208 0.4721 0.1199 0.2195 0.3633 0.1287 0.5136 0.1155 0.2527 0.2841 0.1379 0.5209 0.1136 0.2913 0.1623 0.2106 0.1223 0.3988 0.1141 0.5001 0.1564 0.1725 0.3096 0.1134 0.5188 0.1416 0.2600 0.2610 0.1151 0.5160 0.1295 0.3593 0.2202 0.1199 0.4707 0.1206 0.4364 0.1877 0.1305 0.3967 0.1152 0.4878 0.1631 0.1556 0.3269 0.1133 0.5156 0.1448 0.2385 0.2697 0.1146 0.5186 0.1311 0.3466 0.2250 0.1191 0.4784 0.1214 0.4290 0.1910 0.1289 0.4051 0.1156 0.4832 0.1655 0.1512 0.3250
0.4997 0.1134 0.3341 0.1511 0.1655 0.4833 0.1156 0.4050 0.1288 0.1910 0.4290 0.1214 0.4784 0.1190 0.2250 0.3467 0.1311 0.5186 0.1145 0.2697 0.2385 0.1448 0.5156 0.1133 0.3268 0.1555 0.1631 0.4880 0.1151 0.3954 0.1307 0.1868 0.4392 0.1201 0.4658 0.1204 0.2165 0.3699 0.1280 0.5121 0.1156 0.2511 0.2870 0.1377 0.5209 0.1136 0.2886 0.1914 0.1730 0.1953 0.4803 0.1163 0.4930 0.1583 0.1674 0.3146 0.1134 0.5176 0.1431 0.2482 0.2664 0.1147 0.5181 0.1308 0.3475 0.2250 0.1190 0.4794 0.1216 0.4273 0.1918 0.1285 0.4072 0.1157 0.4820 0.1661 0.1501 0.3359 0.1134 0.5131 0.1471 0.2230 0.2769 0.1142 0.5201 0.1328 0.3327 0.2306 0.1182 0.4872 0.1225 0.4192 0.1952 0.1270 0.4157 0.1162 0.4771 0.1686 0.1464 0.3434 0.1134
0.1129 0.3306 0.1527 0.1644 0.4857 0.1151 0.4006 0.1291 0.1894 0.4329 0.1208 0.4745 0.1188 0.2229 0.3523 0.1304 0.5177 0.1142 0.2668 0.2450 0.1439 0.5166 0.1129 0.3231 0.1578 0.1620 0.4901 0.1147 0.3916 0.1310 0.1857 0.4418 0.1198 0.4635 0.1201 0.2158 0.3715 0.1279 0.5120 0.1151 0.2518 0.2843 0.1382 0.5208 0.1131 0.2911 0.2000 0.1523 0.4896 0.1235 0.1361 0.4517 0.1633 0.1621 0.3190 0.1133 0.5164 0.1445 0.2375 0.2714 0.1144 0.5196 0.1322 0.3357 0.2299 0.1182 0.4873 0.1226 0.4180 0.1959 0.1267 0.4178 0.1163 0.4759 0.1693 0.1456 0.3453 0.1135 0.5101 0.1495 0.2083 0.2844 0.1139 0.5209 0.1345 0.3182 0.2364 0.1174 0.4951 0.1237 0.4089 0.1996 0.1254 0.4264 0.1169 0.4706 0.1719 0.1425 0.3529 0.1138 0.4927
0.3412 0.1416 0.1712 0.4733 0.1160 0.4218 0.1238 0.1981 0.4135 0.1230 0.4917 0.1155 0.2342 0.3244 0.1338 0.5207 0.1122 0.2812 0.2138 0.1486 0.5115 0.1122 0.3411 0.1455 0.1683 0.4787 0.1154 0.4128 0.1253 0.1943 0.4226 0.1219 0.4834 0.1164 0.2277 0.3423 0.1314 0.5188 0.1126 0.2680 0.2453 0.1434 0.5176 0.1118 0.3132 0.1684 0.1572 0.4980 0.1141 0.4252 0.1578 0.1913 0.1504 0.3237 0.1133 0.5153 0.1457 0.2281 0.2762 0.1142 0.5204 0.1335 0.3243 0.2347 0.1175 0.4943 0.1237 0.4086 0.1999 0.1252 0.4280 0.1170 0.4693 0.1726 0.1418 0.3548 0.1137 0.5066 0.1519 0.1946 0.2922 0.1137 0.5210 0.1364 0.3032 0.2424 0.1167 0.5020 0.1250 0.3980 0.2041 0.1239 0.4370 0.1176 0.4635 0.1753 0.1391 0.3627 0.1139 0.5035 0.1502
0.1203 0.2092 0.3882 0.1259 0.5065 0.1127 0.2473 0.2915 0.1379 0.5208 0.1109 0.2980 0.1834 0.1543 0.5039 0.1125 0.3619 0.1358 0.1760 0.4641 0.1170 0.4362 0.1202 0.2045 0.3987 0.1247 0.5015 0.1132 0.2420 0.3049 0.1361 0.5211 0.1109 0.2898 0.1981 0.1511 0.5088 0.1119 0.3466 0.1424 0.1694 0.4786 0.1151 0.4079 0.1253 0.1903 0.4356 0.1202 0.4773 0.1133 0.2526 0.1319 0.3331 0.1132 0.5144 0.1467 0.2207 0.2803 0.1140 0.5209 0.1347 0.3135 0.2392 0.1170 0.5002 0.1247 0.3990 0.2040 0.1238 0.4379 0.1177 0.4624 0.1759 0.1385 0.3647 0.1140 0.5027 0.1545 0.1823 0.3002 0.1135 0.5205 0.1383 0.2878 0.2487 0.1161 0.5078 0.1263 0.3865 0.2089 0.1225 0.4475 0.1184 0.4560 0.1789 0.1361 0.3727 0.1142 0.4993 0.1566 0.1656
0.3412 0.1416 0.1712 0.4733 0.1160 0.4218 0.1238 0.1981 0.4135 0.1230 0.4917 0.1155 0.2342 0.3244 0.1338 0.5207 0.1122 0.2812 0.2138 0.1486 0.5115 0.1122 0.3411 0.1455 0.1683 0.4787 0.1154 0.4128 0.1253 0.1943 0.4226 0.1219 0.4834 0.1164 0.2277 0.3423 0.1314 0.5188 0.1126 0.2680 0.2453 0.1434 0.5176 0.1118 0.3132 0.1685 0.1570 0.5005 0.1129 0.3932 0.1148 0.3639 0.1129 0.5136 0.1474 0.2155 0.2834 0.1139 0.5210 0.1359 0.3037 0.2434 0.1165 0.5051 0.1258 0.3895 0.2081 0.1226 0.4473 0.1184 0.4553 0.1793 0.1357 0.3746 0.1143 0.4984 0.1571 0.1719 0.3085 0.1134 0.5195 0.1403 0.2721 0.2551 0.1155 0.5124 0.1278 0.3744 0.2138 0.1213 0.4578 0.1193 0.4479 0.1826 0.1335 0.3829 0.1146 0.4947 0.1593 0.1649 0.3067
0.1129 0.3306 0.1527 0.1644 0.4857 0.1151 0.4006 0.1291 0.1894 0.4329 0.1208 0.4745 0.1188 0.2229 0.3523 0.1304 0.5177 0.1142 0.2668 0.2450 0.1439 0.5166 0.1129 0.3231 0.1578 0.1620 0.4901 0.1147 0.3916 0.1310 0.1857 0.4418 0.1198 0.4635 0.1201 0.2158 0.3715 0.1279 0.5120 0.1151 0.2518 0.2843 0.1382 0.5208 0.1131 0.2910 0.2021 0.1497 0.5096 0.1129 0.4660 0.1129 0.5117 0.1479 0.2123 0.2855 0.1138 0.5210 0.1368 0.2952 0.2472 0.1161 0.5088 0.1269 0.3802 0.2121 0.1216 0.4563 0.1192 0.4479 0.1828 0.1333 0.3844 0.1147 0.4937 0.1599 0.1633 0.3170 0.1133 0.5179 0.1424 0.2562 0.2618 0.1150 0.5159 0.1293 0.3617 0.2190 0.1202 0.4678 0.1202 0.4393 0.1864 0.1312 0.3932 0.1151 0.4895 0.1622 0.1576 0.3240 0.1134
0.4997 0.1134 0.3341 0.1511 0.1655 0.4833 0.1156 0.4050 0.1288 0.1910 0.4290 0.1214 0.4784 0.1190 0.2250 0.3467 0.1311 0.5186 0.1145 0.2697 0.2385 0.1448 0.5156 0.1133 0.3268 0.1555 0.1631 0.4880 0.1151 0.3954 0.1307 0.1868 0.4392 0.1201 0.4658 0.1204 0.2165 0.3699 0.1280 0.5121 0.1156 0.2511 0.2870 0.1377 0.5209 0.1136 0.2875 0.2083 0.1497 0.5008 0.1199 0.5012 0.1494 0.2099 0.2866 0.1138 0.5210 0.1374 0.2887 0.2503 0.1158 0.5116 0.1278 0.3715 0.2159 0.1207 0.4645 0.1200 0.4405 0.1862 0.1312 0.3941 0.1151 0.4887 0.1627 0.1564 0.3257 0.1133 0.5159 0.1445 0.2405 0.2688 0.1146 0.5184 0.1309 0.3483 0.2243 0.1192 0.4773 0.1213 0.4302 0.1904 0.1291 0.4038 0.1156 0.4840 0.1651 0.1518 0.3329 0.1135 0.5000
0.1452 0.5110 0.1135 0.3424 0.1469 0.1683 0.4778 0.1161 0.4146 0.1272 0.1947 0.4203 0.1224 0.4863 0.1183 0.2300 0.3342 0.1326 0.5200 0.1142 0.2761 0.2247 0.1469 0.5134 0.1134 0.3349 0.1508 0.1657 0.4832 0.1156 0.4038 0.1293 0.1898 0.4328 0.1208 0.4721 0.1199 0.2195 0.3633 0.1287 0.5136 0.1155 0.2527 0.2841 0.1379 0.5209 0.1137 0.2875 0.2021 0.1569 0.4360 0.1569 0.2023 0.2874 0.1137 0.5209 0.1378 0.2844 0.2526 0.1155 0.5136 0.1287 0.3635 0.2193 0.1199 0.4718 0.1208 0.4331 0.1896 0.1294 0.4034 0.1156 0.4835 0.1655 0.1510 0.3346 0.1134 0.5134 0.1468 0.2250 0.2760 0.1143 0.5200 0.1325 0.3345 0.2299 0.1183 0.4861 0.1224 0.4205 0.1946 0.1273 0.4144 0.1161 0.4779 0.1682 0.1470 0.3422 0.1135 0.5111 0.1452
0.1835 0.1512 0.5078 0.1137 0.3517 0.1429 0.1715 0.4714 0.1168 0.4251 0.1256 0.1990 0.4102 0.1236 0.4942 0.1175 0.2357 0.3200 0.1343 0.5208 0.1140 0.2835 0.2101 0.1492 0.5105 0.1135 0.3436 0.1465 0.1685 0.4779 0.1161 0.4126 0.1278 0.1929 0.4259 0.1216 0.4782 0.1193 0.2224 0.3569 0.1293 0.5149 0.1154 0.2541 0.2821 0.1380 0.5209 0.1136 0.2910 0.1685 0.1903 0.1685 0.2910 0.1136 0.5209 0.1380 0.2821 0.2541 0.1154 0.5149 0.1293 0.3569 0.2224 0.1193 0.4781 0.1216 0.4260 0.1929 0.1278 0.4125 0.1161 0.4781 0.1684 0.1466 0.3434 0.1135 0.5105 0.1492 0.2101 0.2835 0.1140 0.5208 0.1343 0.3200 0.2356 0.1175 0.4941 0.1235 0.4102 0.1990 0.1256 0.4250 0.1168 0.4714 0.1715 0.1430 0.3517 0.1137 0.5078 0.1512 0.1836
