0.2826 0.1834 0.1451 0.5002 0.1135 0.3060 0.1661 0.1500 0.4930 0.1134 0.3243 0.1541 0.1556 0.4836 0.1136 0.3437 0.1457 0.1616 0.4722 0.1141 0.3642 0.1394 0.1683 0.4586 0.1149 0.3856 0.1343 0.1756 0.4427 0.1160 0.4076 0.1302 0.1835 0.4245 0.1174 0.4298 0.1267 0.1922 0.4038 0.1192 0.4513 0.1238 0.2016 0.3806 0.1213 0.4712 0.1213 0.2126 0.3447 0.1293 0.4929 0.1293 0.3447 0.2126 0.1213 0.4712 0.1213 0.3806 0.2016 0.1238 0.4513 0.1192 0.4038 0.1922 0.1267 0.4298 0.1174 0.4245 0.1835 0.1302 0.4076 0.1160 0.4427 0.1756 0.1343 0.3856 0.1149 0.4586 0.1683 0.1394 0.3642 0.1141 0.4722 0.1616 0.1457 0.3437 0.1136 0.4836 0.1556 0.1541 0.3243 0.1134 0.4930 0.1500 0.1661 0.3060 0.1135 0.5002 0.1451 0.1834 0.2826
0.1834 0.1500 0.5120 0.1135 0.3227 0.1659 0.1564 0.5039 0.1138 0.3427 0.1516 0.1623 0.4944 0.1144 0.3632 0.1423 0.1688 0.4829 0.1153 0.3848 0.1357 0.1760 0.4693 0.1165 0.4071 0.1306 0.1837 0.4535 0.1180 0.4297 0.1266 0.1923 0.4354 0.1199 0.4521 0.1233 0.2016 0.4148 0.1220 0.4732 0.1207 0.2117 0.3915 0.1246 0.4918 0.1186 0.2228 0.3640 0.1286 0.5193 0.1122 0.5193 0.1286 0.3640 0.2228 0.1186 0.4918 0.1246 0.3915 0.2117 0.1207 0.4732 0.1220 0.4148 0.2016 0.1233 0.4521 0.1199 0.4354 0.1923 0.1266 0.4297 0.1180 0.4535 0.1837 0.1306 0.4071 0.1165 0.4693 0.1760 0.1357 0.3848 0.1153 0.4829 0.1688 0.1423 0.3632 0.1144 0.4944 0.1623 0.1516 0.3427 0.1138 0.5039 0.1564 0.1659 0.3227 0.1135 0.5120 0.1500 0.1834
0.1451 0.5120 0.1135 0.3280 0.1602 0.1586 0.5001 0.1139 0.3519 0.1469 0.1653 0.4893 0.1146 0.3732 0.1389 0.1721 0.4768 0.1157 0.3951 0.1331 0.1795 0.4622 0.1170 0.4177 0.1285 0.1876 0.4453 0.1187 0.4403 0.1249 0.1965 0.4260 0.1207 0.4622 0.1220 0.2062 0.4042 0.1230 0.4823 0.1196 0.2167 0.3797 0.1257 0.4991 0.1177 0.2281 0.3523 0.1290 0.5140 0.1125 0.3504 0.1125 0.5140 0.1290 0.3523 0.2281 0.1177 0.4991 0.1257 0.3797 0.2167 0.1196 0.4823 0.1230 0.4042 0.2062 0.1220 0.4622 0.1207 0.4260 0.1965 0.1249 0.4403 0.1187 0.4453 0.1876 0.1285 0.4177 0.1170 0.4622 0.1795 0.1331 0.3951 0.1157 0.4768 0.1721 0.1389 0.3732 0.1146 0.4893 0.1653 0.1469 0.3519 0.1139 0.5001 0.1586 0.1602 0.3280 0.1135 0.5120 0.1451
0.5002 0.1135 0.3280 0.1582 0.1600 0.4972 0.1141 0.3601 0.1432 0.1682 0.4840 0.1151 0.3832 0.1360 0.1755 0.4702 0.1162 0.4057 0.1308 0.1833 0.4545 0.1177 0.4283 0.1267 0.1917 0.4365 0.1196 0.4507 0.1234 0.2010 0.4161 0.1217 0.4720 0.1208 0.2110 0.3930 0.1243 0.4908 0.1187 0.2220 0.3673 0.1271 0.5054 0.1170 0.2338 0.3388 0.1304 0.5153 0.1147 0.2719 0.1403 0.2719 0.1147 0.5153 0.1304 0.3388 0.2338 0.1170 0.5054 0.1271 0.3673 0.2220 0.1187 0.4908 0.1243 0.3930 0.2110 0.1208 0.4720 0.1217 0.4161 0.2010 0.1234 0.4507 0.1196 0.4365 0.1917 0.1267 0.4283 0.1177 0.4545 0.1833 0.1308 0.4057 0.1162 0.4702 0.1755 0.1360 0.3832 0.1151 0.4840 0.1682 0.1432 0.3601 0.1141 0.4972 0.1600 0.1582 0.3280 0.1135 0.5002
0.1135 0.3227 0.1602 0.1600 0.4960 0.1143 0.3660 0.1407 0.1707 0.4787 0.1155 0.3929 0.1335 0.1789 0.4633 0.1169 0.4162 0.1288 0.1871 0.4464 0.1186 0.4389 0.1251 0.1960 0.4272 0.1205 0.4609 0.1221 0.2056 0.4056 0.1229 0.4812 0.1197 0.2161 0.3813 0.1256 0.4982 0.1178 0.2274 0.3542 0.1286 0.5105 0.1163 0.2398 0.3245 0.1320 0.5177 0.1150 0.2579 0.2336 0.1716 0.2336 0.2579 0.1150 0.5177 0.1320 0.3245 0.2398 0.1163 0.5105 0.1286 0.3542 0.2274 0.1178 0.4982 0.1256 0.3813 0.2161 0.1197 0.4812 0.1229 0.4056 0.2056 0.1221 0.4609 0.1205 0.4272 0.1960 0.1251 0.4389 0.1186 0.4464 0.1871 0.1288 0.4162 0.1169 0.4633 0.1789 0.1335 0.3929 0.1155 0.4787 0.1707 0.1407 0.3660 0.1143 0.4960 0.1600 0.1602 0.3227 0.1135
0.3060 0.1659 0.1586 0.4972 0.1143 0.3681 0.1394 0.1726 0.4745 0.1160 0.4016 0.1315 0.1823 0.4562 0.1176 0.4266 0.1270 0.1912 0.4378 0.1194 0.4494 0.1236 0.2004 0.4174 0.1216 0.4708 0.1209 0.2104 0.3945 0.1241 0.4897 0.1188 0.2213 0.3689 0.1269 0.5047 0.1171 0.2331 0.3406 0.1302 0.5145 0.1158 0.2459 0.3098 0.1337 0.5196 0.1147 0.2606 0.2657 0.1456 0.4731 0.1456 0.2657 0.2606 0.1147 0.5196 0.1337 0.3098 0.2459 0.1158 0.5145 0.1302 0.3406 0.2331 0.1171 0.5047 0.1269 0.3689 0.2213 0.1188 0.4897 0.1241 0.3945 0.2104 0.1209 0.4708 0.1216 0.4174 0.2004 0.1236 0.4494 0.1194 0.4378 0.1912 0.1270 0.4266 0.1176 0.4562 0.1823 0.1315 0.4016 0.1160 0.4745 0.1726 0.1394 0.3681 0.1143 0.4972 0.1586 0.1659 0.3060
0.1661 0.1564 0.5001 0.1141 0.3660 0.1394 0.1732 0.4721 0.1163 0.4084 0.1299 0.1853 0.4494 0.1183 0.4364 0.1254 0.1952 0.4288 0.1204 0.4596 0.1223 0.2050 0.4070 0.1227 0.4801 0.1199 0.2154 0.3828 0.1254 0.4973 0.1179 0.2267 0.3559 0.1284 0.5099 0.1164 0.2390 0.3264 0.1318 0.5174 0.1152 0.2523 0.2945 0.1355 0.5207 0.1144 0.2668 0.2592 0.1411 0.5151 0.1159 0.5151 0.1411 0.2592 0.2668 0.1144 0.5207 0.1355 0.2945 0.2523 0.1152 0.5174 0.1318 0.3264 0.2390 0.1164 0.5099 0.1284 0.3559 0.2267 0.1179 0.4973 0.1254 0.3828 0.2154 0.1199 0.4801 0.1227 0.4070 0.2050 0.1223 0.4596 0.1204 0.4288 0.1952 0.1254 0.4364 0.1183 0.4494 0.1853 0.1299 0.4084 0.1163 0.4721 0.1732 0.1394 0.3660 0.1141 0.5001 0.1564 0.1661
0.1500 0.5039 0.1139 0.3601 0.1407 0.1726 0.4721 0.1164 0.4121 0.1290 0.1878 0.4435 0.1190 0.4452 0.1241 0.1992 0.4197 0.1214 0.4691 0.1211 0.2097 0.3961 0.1239 0.4887 0.1189 0.2206 0.3705 0.1268 0.5039 0.1172 0.2324 0.3424 0.1300 0.5140 0.1158 0.2451 0.3117 0.1335 0.5194 0.1148 0.2589 0.2790 0.1374 0.5210 0.1141 0.2738 0.2450 0.1420 0.5189 0.1119 0.4223 0.1119 0.5189 0.1420 0.2450 0.2738 0.1141 0.5210 0.1374 0.2790 0.2589 0.1148 0.5194 0.1335 0.3117 0.2451 0.1158 0.5140 0.1300 0.3424 0.2324 0.1172 0.5039 0.1268 0.3705 0.2206 0.1189 0.4887 0.1239 0.3961 0.2097 0.1211 0.4691 0.1214 0.4197 0.1992 0.1241 0.4452 0.1190 0.4435 0.1878 0.1290 0.4121 0.1164 0.4721 0.1726 0.1407 0.3601 0.1139 0.5039 0.1500
0.4930 0.1138 0.3519 0.1432 0.1707 0.4745 0.1163 0.4121 0.1286 0.1891 0.4393 0.1195 0.4522 0.1231 0.2028 0.4109 0.1224 0.4777 0.1201 0.2144 0.3849 0.1252 0.4963 0.1180 0.2260 0.3576 0.1282 0.5093 0.1165 0.2382 0.3282 0.1316 0.5171 0.1153 0.2515 0.2965 0.1353 0.5206 0.1144 0.2657 0.2632 0.1394 0.5208 0.1138 0.2811 0.2297 0.1439 0.5182 0.1129 0.3291 0.1222 0.3291 0.1129 0.5182 0.1439 0.2297 0.2811 0.1138 0.5208 0.1394 0.2632 0.2657 0.1144 0.5206 0.1353 0.2965 0.2515 0.1153 0.5171 0.1316 0.3282 0.2382 0.1165 0.5093 0.1282 0.3576 0.2260 0.1180 0.4963 0.1252 0.3849 0.2144 0.1201 0.4777 0.1224 0.4109 0.2028 0.1231 0.4522 0.1195 0.4393 0.1891 0.1286 0.4121 0.1163 0.4745 0.1707 0.1432 0.3519 0.1138 0.4930
0.1134 0.3427 0.1469 0.1682 0.4787 0.1160 0.4084 0.1290 0.1891 0.4378 0.1198 0.4568 0.1223 0.2059 0.4031 0.1233 0.4852 0.1192 0.2191 0.3736 0.1265 0.5027 0.1173 0.2315 0.3443 0.1297 0.5136 0.1159 0.2443 0.3136 0.1333 0.5192 0.1149 0.2580 0.2810 0.1372 0.5210 0.1141 0.2728 0.2473 0.1414 0.5200 0.1136 0.2888 0.2146 0.1461 0.5165 0.1133 0.3118 0.1522 0.1987 0.1522 0.3118 0.1133 0.5165 0.1461 0.2146 0.2888 0.1136 0.5200 0.1414 0.2473 0.2728 0.1141 0.5210 0.1372 0.2810 0.2580 0.1149 0.5192 0.1333 0.3136 0.2443 0.1159 0.5136 0.1297 0.3443 0.2315 0.1173 0.5027 0.1265 0.3736 0.2191 0.1192 0.4852 0.1233 0.4031 0.2059 0.1223 0.4568 0.1198 0.4378 0.1891 0.1290 0.4084 0.1160 0.4787 0.1682 0.1469 0.3427 0.1134
0.3243 0.1516 0.1653 0.4840 0.1155 0.4016 0.1299 0.1878 0.4393 0.1198 0.4585 0.1220 0.2079 0.3972 0.1241 0.4910 0.1185 0.2235 0.3626 0.1277 0.5079 0.1166 0.2370 0.3308 0.1313 0.5167 0.1154 0.2506 0.2985 0.1351 0.5205 0.1145 0.2649 0.2652 0.1391 0.5209 0.1138 0.2802 0.2317 0.1436 0.5187 0.1135 0.2967 0.2004 0.1484 0.5142 0.1133 0.3154 0.1678 0.1643 0.4129 0.1643 0.1678 0.3154 0.1133 0.5142 0.1484 0.2004 0.2967 0.1135 0.5187 0.1436 0.2317 0.2802 0.1138 0.5209 0.1391 0.2652 0.2649 0.1145 0.5205 0.1351 0.2985 0.2506 0.1154 0.5167 0.1313 0.3308 0.2370 0.1166 0.5079 0.1277 0.3626 0.2235 0.1185 0.4910 0.1241 0.3972 0.2079 0.1220 0.4585 0.1198 0.4393 0.1878 0.1299 0.4016 0.1155 0.4840 0.1653 0.1516 0.3243
0.1541 0.1623 0.4893 0.1151 0.3929 0.1315 0.1853 0.4435 0.1195 0.4568 0.1220 0.2087 0.3939 0.1246 0.4950 0.1180 0.2273 0.3527 0.1290 0.5119 0.1161 0.2425 0.3173 0.1329 0.5188 0.1149 0.2570 0.2831 0.1369 0.5210 0.1141 0.2719 0.2493 0.1412 0.5201 0.1136 0.2878 0.2165 0.1458 0.5168 0.1134 0.3048 0.1875 0.1508 0.5114 0.1134 0.3232 0.1647 0.1583 0.4864 0.1230 0.4864 0.1583 0.1647 0.3232 0.1134 0.5114 0.1508 0.1875 0.3048 0.1134 0.5168 0.1458 0.2165 0.2878 0.1136 0.5201 0.1412 0.2493 0.2719 0.1141 0.5210 0.1369 0.2831 0.2570 0.1149 0.5188 0.1329 0.3173 0.2425 0.1161 0.5119 0.1290 0.3527 0.2273 0.1180 0.4950 0.1246 0.3939 0.2087 0.1220 0.4568 0.1195 0.4435 0.1853 0.1315 0.3929 0.1151 0.4893 0.1623 0.1541
0.1556 0.4944 0.1146 0.3832 0.1335 0.1823 0.4494 0.1190 0.4522 0.1223 0.2079 0.3939 0.1248 0.4970 0.1177 0.2301 0.3447 0.1300 0.5147 0.1157 0.2477 0.3042 0.1345 0.5202 0.1146 0.2634 0.2680 0.1388 0.5209 0.1139 0.2792 0.2336 0.1433 0.5189 0.1135 0.2956 0.2021 0.1481 0.5145 0.1133 0.3132 0.1762 0.1534 0.5082 0.1135 0.3320 0.1582 0.1594 0.4966 0.1146 0.4922 0.1146 0.4966 0.1594 0.1582 0.3320 0.1135 0.5082 0.1534 0.1762 0.3132 0.1133 0.5145 0.1481 0.2021 0.2956 0.1135 0.5189 0.1433 0.2336 0.2792 0.1139 0.5209 0.1388 0.2680 0.2634 0.1146 0.5202 0.1345 0.3042 0.2477 0.1157 0.5147 0.1300 0.3447 0.2301 0.1177 0.4970 0.1248 0.3939 0.2079 0.1223 0.4522 0.1190 0.4494 0.1823 0.1335 0.3832 0.1146 0.4944 0.1556
0.4836 0.1144 0.3732 0.1360 0.1789 0.4562 0.1183 0.4452 0.1231 0.2059 0.3972 0.1246 0.4970 0.1176 0.2316 0.3393 0.1308 0.5165 0.1153 0.2523 0.2923 0.1360 0.5209 0.1143 0.2698 0.2533 0.1407 0.5203 0.1137 0.2866 0.2186 0.1455 0.5171 0.1134 0.3038 0.1890 0.1505 0.5118 0.1134 0.3219 0.1668 0.1560 0.5045 0.1136 0.3412 0.1524 0.1619 0.4946 0.1141 0.3993 0.1140 0.3993 0.1141 0.4946 0.1619 0.1524 0.3412 0.1136 0.5045 0.1560 0.1668 0.3219 0.1134 0.5118 0.1505 0.1890 0.3038 0.1134 0.5171 0.1455 0.2186 0.2866 0.1137 0.5203 0.1407 0.2533 0.2698 0.1143 0.5209 0.1360 0.2923 0.2523 0.1153 0.5165 0.1308 0.3393 0.2316 0.1176 0.4970 0.1246 0.3972 0.2059 0.1231 0.4452 0.1183 0.4562 0.1789 0.1360 0.3732 0.1144 0.4836
0.1136 0.3632 0.1389 0.1755 0.4633 0.1176 0.4364 0.1241 0.2028 0.4031 0.1241 0.4950 0.1177 0.2316 0.3374 0.1312 0.5174 0.1151 0.2560 0.2824 0.1373 0.5210 0.1140 0.2760 0.2394 0.1426 0.5192 0.1135 0.2940 0.2046 0.1477 0.5149 0.1133 0.3121 0.1775 0.1530 0.5086 0.1135 0.3308 0.1592 0.1587 0.5004 0.1139 0.3506 0.1475 0.1648 0.4900 0.1145 0.3787 0.1277 0.2346 0.1277 0.3787 0.1145 0.4900 0.1648 0.1475 0.3506 0.1139 0.5004 0.1587 0.1592 0.3308 0.1135 0.5086 0.1530 0.1775 0.3121 0.1133 0.5149 0.1477 0.2046 0.2940 0.1135 0.5192 0.1426 0.2394 0.2760 0.1140 0.5210 0.1373 0.2824 0.2560 0.1151 0.5174 0.1312 0.3374 0.2316 0.1177 0.4950 0.1241 0.4031 0.2028 0.1241 0.4364 0.1176 0.4633 0.1755 0.1389 0.3632 0.1136
0.3437 0.1423 0.1721 0.4702 0.1169 0.4266 0.1254 0.1992 0.4109 0.1233 0.4910 0.1180 0.2301 0.3393 0.1312 0.5177 0.1150 0.2584 0.2753 0.1384 0.5209 0.1138 0.2815 0.2270 0.1445 0.5178 0.1134 0.3014 0.1922 0.1500 0.5124 0.1134 0.3206 0.1680 0.1556 0.5050 0.1136 0.3400 0.1531 0.1615 0.4958 0.1142 0.3603 0.1434 0.1679 0.4846 0.1150 0.3830 0.1339 0.1892 0.3234 0.1892 0.1339 0.3830 0.1150 0.4846 0.1679 0.1434 0.3603 0.1142 0.4958 0.1615 0.1531 0.3400 0.1136 0.5050 0.1556 0.1680 0.3206 0.1134 0.5124 0.1500 0.1922 0.3014 0.1134 0.5178 0.1445 0.2270 0.2815 0.1138 0.5209 0.1384 0.2753 0.2584 0.1150 0.5177 0.1312 0.3393 0.2301 0.1180 0.4910 0.1233 0.4109 0.1992 0.1254 0.4266 0.1169 0.4702 0.1721 0.1423 0.3437
0.1457 0.1688 0.4768 0.1162 0.4162 0.1270 0.1952 0.4197 0.1224 0.4852 0.1185 0.2273 0.3447 0.1308 0.5174 0.1150 0.2592 0.2715 0.1391 0.5207 0.1137 0.2861 0.2169 0.1461 0.5163 0.1134 0.3085 0.1815 0.1522 0.5095 0.1134 0.3290 0.1604 0.1582 0.5010 0.1138 0.3494 0.1480 0.1644 0.4908 0.1145 0.3703 0.1398 0.1711 0.4786 0.1155 0.3923 0.1334 0.1812 0.4341 0.1339 0.4341 0.1812 0.1334 0.3923 0.1155 0.4786 0.1711 0.1398 0.3703 0.1145 0.4908 0.1644 0.1480 0.3494 0.1138 0.5010 0.1582 0.1604 0.3290 0.1134 0.5095 0.1522 0.1815 0.3085 0.1134 0.5163 0.1461 0.2169 0.2861 0.1137 0.5207 0.1391 0.2715 0.2592 0.1150 0.5174 0.1308 0.3447 0.2273 0.1185 0.4852 0.1224 0.4197 0.1952 0.1270 0.4162 0.1162 0.4768 0.1688 0.1457
0.1616 0.4829 0.1157 0.4057 0.1288 0.1912 0.4288 0.1214 0.4777 0.1192 0.2235 0.3527 0.1300 0.5165 0.1151 0.2584 0.2715 0.1393 0.5205 0.1137 0.2893 0.2095 0.1475 0.5147 0.1133 0.3151 0.1730 0.1544 0.5064 0.1136 0.3373 0.1545 0.1609 0.4967 0.1141 0.3589 0.1439 0.1675 0.4853 0.1149 0.3804 0.1368 0.1745 0.4722 0.1161 0.4026 0.1314 0.1826 0.4512 0.1206 0.5208 0.1206 0.4512 0.1826 0.1314 0.4026 0.1161 0.4722 0.1745 0.1368 0.3804 0.1149 0.4853 0.1675 0.1439 0.3589 0.1141 0.4967 0.1609 0.1545 0.3373 0.1136 0.5064 0.1544 0.1730 0.3151 0.1133 0.5147 0.1475 0.2095 0.2893 0.1137 0.5205 0.1393 0.2715 0.2584 0.1151 0.5165 0.1300 0.3527 0.2235 0.1192 0.4777 0.1214 0.4288 0.1912 0.1288 0.4057 0.1157 0.4829 0.1616
0.4722 0.1153 0.3951 0.1308 0.1871 0.4378 0.1204 0.4691 0.1201 0.2191 0.3626 0.1290 0.5147 0.1153 0.2560 0.2753 0.1391 0.5205 0.1136 0.2911 0.2050 0.1484 0.5135 0.1134 0.3207 0.1665 0.1564 0.5033 0.1137 0.3455 0.1498 0.1635 0.4922 0.1144 0.3683 0.1404 0.1706 0.4795 0.1154 0.3908 0.1341 0.1780 0.4652 0.1167 0.4132 0.1293 0.1861 0.4478 0.1187 0.4733 0.1110 0.4733 0.1187 0.4478 0.1861 0.1293 0.4132 0.1167 0.4652 0.1780 0.1341 0.3908 0.1154 0.4795 0.1706 0.1404 0.3683 0.1144 0.4922 0.1635 0.1498 0.3455 0.1137 0.5033 0.1564 0.1665 0.3207 0.1134 0.5135 0.1484 0.2050 0.2911 0.1136 0.5205 0.1391 0.2753 0.2560 0.1153 0.5147 0.1290 0.3626 0.2191 0.1201 0.4691 0.1204 0.4378 0.1871 0.1308 0.3951 0.1153 0.4722
0.1141 0.3848 0.1331 0.1833 0.4464 0.1194 0.4596 0.1211 0.2144 0.3736 0.1277 0.5119 0.1157 0.2523 0.2824 0.1384 0.5207 0.1137 0.2911 0.2035 0.1489 0.5126 0.1134 0.3249 0.1621 0.1582 0.5004 0.1139 0.3531 0.1460 0.1661 0.4875 0.1148 0.3775 0.1375 0.1738 0.4733 0.1160 0.4011 0.1317 0.1817 0.4578 0.1174 0.4239 0.1275 0.1900 0.4401 0.1193 0.4537 0.1173 0.2817 0.1173 0.4537 0.1193 0.4401 0.1900 0.1275 0.4239 0.1174 0.4578 0.1817 0.1317 0.4011 0.1160 0.4733 0.1738 0.1375 0.3775 0.1148 0.4875 0.1661 0.1460 0.3531 0.1139 0.5004 0.1582 0.1621 0.3249 0.1134 0.5126 0.1489 0.2035 0.2911 0.1137 0.5207 0.1384 0.2824 0.2523 0.1157 0.5119 0.1277 0.3736 0.2144 0.1211 0.4596 0.1194 0.4464 0.1833 0.1331 0.3848 0.1141
0.3642 0.1357 0.1795 0.4545 0.1186 0.4494 0.1223 0.2097 0.3849 0.1265 0.5079 0.1161 0.2477 0.2923 0.1373 0.5209 0.1137 0.2893 0.2050 0.1489 0.5123 0.1134 0.3277 0.1593 0.1595 0.4979 0.1141 0.3598 0.1430 0.1686 0.4828 0.1152 0.3866 0.1350 0.1770 0.4670 0.1166 0.4112 0.1297 0.1854 0.4499 0.1182 0.4345 0.1258 0.1942 0.4312 0.1201 0.4579 0.1211 0.2225 0.2124 0.2225 0.1211 0.4579 0.1201 0.4312 0.1942 0.1258 0.4345 0.1182 0.4499 0.1854 0.1297 0.4112 0.1166 0.4670 0.1770 0.1350 0.3866 0.1152 0.4828 0.1686 0.1430 0.3598 0.1141 0.4979 0.1595 0.1593 0.3277 0.1134 0.5123 0.1489 0.2050 0.2893 0.1137 0.5209 0.1373 0.2923 0.2477 0.1161 0.5079 0.1265 0.3849 0.2097 0.1223 0.4494 0.1186 0.4545 0.1795 0.1357 0.3642
0.1394 0.1760 0.4622 0.1177 0.4389 0.1236 0.2050 0.3961 0.1252 0.5027 0.1166 0.2425 0.3042 0.1360 0.5210 0.1138 0.2861 0.2095 0.1484 0.5126 0.1134 0.3286 0.1579 0.1603 0.4962 0.1142 0.3652 0.1408 0.1708 0.4783 0.1156 0.3951 0.1329 0.1801 0.4605 0.1172 0.4210 0.1279 0.1892 0.4418 0.1190 0.4450 0.1242 0.1985 0.4216 0.1211 0.4669 0.1212 0.2119 0.3539 0.1489 0.3539 0.2119 0.1212 0.4669 0.1211 0.4216 0.1985 0.1242 0.4450 0.1190 0.4418 0.1892 0.1279 0.4210 0.1172 0.4605 0.1801 0.1329 0.3951 0.1156 0.4783 0.1708 0.1408 0.3652 0.1142 0.4962 0.1603 0.1579 0.3286 0.1134 0.5126 0.1484 0.2095 0.2861 0.1138 0.5210 0.1360 0.3042 0.2425 0.1166 0.5027 0.1252 0.3961 0.2050 0.1236 0.4389 0.1177 0.4622 0.1760 0.1394
0.1683 0.4693 0.1170 0.4283 0.1251 0.2004 0.4070 0.1239 0.4963 0.1173 0.2370 0.3173 0.1345 0.5209 0.1140 0.2815 0.2169 0.1475 0.5135 0.1134 0.3277 0.1579 0.1606 0.4952 0.1143 0.3689 0.1393 0.1726 0.4744 0.1160 0.4027 0.1311 0.1831 0.4541 0.1178 0.4304 0.1263 0.1930 0.4335 0.1199 0.4549 0.1229 0.2030 0.4115 0.1222 0.4763 0.1203 0.2139 0.3793 0.1302 0.5113 0.1302 0.3793 0.2139 0.1203 0.4763 0.1222 0.4115 0.2030 0.1229 0.4549 0.1199 0.4335 0.1930 0.1263 0.4304 0.1178 0.4541 0.1831 0.1311 0.4027 0.1160 0.4744 0.1726 0.1393 0.3689 0.1143 0.4952 0.1606 0.1579 0.3277 0.1134 0.5135 0.1475 0.2169 0.2815 0.1140 0.5209 0.1345 0.3173 0.2370 0.1173 0.4963 0.1239 0.4070 0.2004 0.1251 0.4283 0.1170 0.4693 0.1683
0.4586 0.1165 0.4177 0.1267 0.1960 0.4174 0.1227 0.4887 0.1180 0.2315 0.3308 0.1329 0.5202 0.1143 0.2760 0.2270 0.1461 0.5147 0.1134 0.3249 0.1593 0.1603 0.4952 0.1144 0.3708 0.1384 0.1738 0.4714 0.1163 0.4091 0.1297 0.1859 0.4479 0.1185 0.4392 0.1249 0.1967 0.4250 0.1208 0.4643 0.1217 0.2074 0.4011 0.1234 0.4851 0.1193 0.2185 0.3742 0.1271 0.5175 0.1117 0.5175 0.1271 0.3742 0.2185 0.1193 0.4851 0.1234 0.4011 0.2074 0.1217 0.4643 0.1208 0.4250 0.1967 0.1249 0.4392 0.1185 0.4479 0.1859 0.1297 0.4091 0.1163 0.4714 0.1738 0.1384 0.3708 0.1144 0.4952 0.1603 0.1593 0.3249 0.1134 0.5147 0.1461 0.2270 0.2760 0.1143 0.5202 0.1329 0.3308 0.2315 0.1180 0.4887 0.1227 0.4174 0.1960 0.1267 0.4177 0.1165 0.4586
0.1149 0.4071 0.1285 0.1917 0.4272 0.1216 0.4801 0.1189 0.2260 0.3443 0.1313 0.5188 0.1146 0.2698 0.2394 0.1445 0.5163 0.1133 0.3207 0.1621 0.1595 0.4962 0.1143 0.3708 0.1381 0.1745 0.4695 0.1165 0.4139 0.1287 0.1883 0.4423 0.1191 0.4472 0.1238 0.2004 0.4165 0.1218 0.4729 0.1206 0.2120 0.3905 0.1246 0.4930 0.1184 0.2237 0.3628 0.1278 0.5107 0.1127 0.3417 0.1127 0.5107 0.1278 0.3628 0.2237 0.1184 0.4930 0.1246 0.3905 0.2120 0.1206 0.4729 0.1218 0.4165 0.2004 0.1238 0.4472 0.1191 0.4423 0.1883 0.1287 0.4139 0.1165 0.4695 0.1745 0.1381 0.3708 0.1143 0.4962 0.1595 0.1621 0.3207 0.1133 0.5163 0.1445 0.2394 0.2698 0.1146 0.5188 0.1313 0.3443 0.2260 0.1189 0.4801 0.1216 0.4272 0.1917 0.1285 0.4071 0.1149
0.3856 0.1306 0.1876 0.4365 0.1205 0.4708 0.1199 0.2206 0.3576 0.1297 0.5167 0.1149 0.2634 0.2533 0.1426 0.5178 0.1134 0.3151 0.1665 0.1582 0.4979 0.1142 0.3689 0.1384 0.1745 0.4688 0.1167 0.4169 0.1280 0.1901 0.4377 0.1197 0.4539 0.1228 0.2038 0.4084 0.1227 0.4807 0.1197 0.2165 0.3798 0.1258 0.4997 0.1176 0.2290 0.3501 0.1291 0.5124 0.1151 0.2660 0.1439 0.2660 0.1151 0.5124 0.1291 0.3501 0.2290 0.1176 0.4997 0.1258 0.3798 0.2165 0.1197 0.4807 0.1227 0.4084 0.2038 0.1228 0.4539 0.1197 0.4377 0.1901 0.1280 0.4169 0.1167 0.4688 0.1745 0.1384 0.3689 0.1142 0.4979 0.1582 0.1665 0.3151 0.1134 0.5178 0.1426 0.2533 0.2634 0.1149 0.5167 0.1297 0.3576 0.2206 0.1199 0.4708 0.1205 0.4365 0.1876 0.1306 0.3856
0.1343 0.1837 0.4453 0.1196 0.4609 0.1209 0.2154 0.3705 0.1282 0.5136 0.1154 0.2570 0.2680 0.1407 0.5192 0.1134 0.3085 0.1730 0.1564 0.5004 0.1141 0.3652 0.1393 0.1738 0.4695 0.1167 0.4178 0.1277 0.1912 0.4345 0.1201 0.4591 0.1221 0.2068 0.4009 0.1236 0.4874 0.1190 0.2208 0.3691 0.1270 0.5053 0.1170 0.2343 0.3372 0.1306 0.5155 0.1154 0.2525 0.2467 0.1689 0.2467 0.2525 0.1154 0.5155 0.1306 0.3372 0.2343 0.1170 0.5053 0.1270 0.3691 0.2208 0.1190 0.4874 0.1236 0.4009 0.2068 0.1221 0.4591 0.1201 0.4345 0.1912 0.1277 0.4178 0.1167 0.4695 0.1738 0.1393 0.3652 0.1141 0.5004 0.1564 0.1730 0.3085 0.1134 0.5192 0.1407 0.2680 0.2570 0.1154 0.5136 0.1282 0.3705 0.2154 0.1209 0.4609 0.1196 0.4453 0.1837 0.1343
0.1756 0.4535 0.1187 0.4507 0.1221 0.2104 0.3828 0.1268 0.5093 0.1159 0.2506 0.2831 0.1388 0.5203 0.1135 0.3014 0.1815 0.1544 0.5033 0.1139 0.3598 0.1408 0.1726 0.4714 0.1165 0.4169 0.1277 0.1916 0.4328 0.1204 0.4627 0.1215 0.2092 0.3945 0.1244 0.4928 0.1183 0.2249 0.3588 0.1282 0.5097 0.1164 0.2396 0.3243 0.1321 0.5180 0.1151 0.2550 0.2788 0.1437 0.4785 0.1437 0.2788 0.2550 0.1151 0.5180 0.1321 0.3243 0.2396 0.1164 0.5097 0.1282 0.3588 0.2249 0.1183 0.4928 0.1244 0.3945 0.2092 0.1215 0.4627 0.1204 0.4328 0.1916 0.1277 0.4169 0.1165 0.4714 0.1726 0.1408 0.3598 0.1139 0.5033 0.1544 0.1815 0.3014 0.1135 0.5203 0.1388 0.2831 0.2506 0.1159 0.5093 0.1268 0.3828 0.2104 0.1221 0.4507 0.1187 0.4535 0.1756
0.4427 0.1180 0.4403 0.1234 0.2056 0.3945 0.1254 0.5039 0.1165 0.2443 0.2985 0.1369 0.5209 0.1137 0.2940 0.1922 0.1522 0.5064 0.1137 0.3531 0.1430 0.1708 0.4744 0.1163 0.4139 0.1280 0.1912 0.4328 0.1204 0.4645 0.1212 0.2110 0.3895 0.1250 0.4970 0.1178 0.2287 0.3491 0.1294 0.5131 0.1159 0.2447 0.3114 0.1337 0.5196 0.1147 0.2606 0.2729 0.1394 0.5170 0.1153 0.5170 0.1394 0.2729 0.2606 0.1147 0.5196 0.1337 0.3114 0.2447 0.1159 0.5131 0.1294 0.3491 0.2287 0.1178 0.4970 0.1250 0.3895 0.2110 0.1212 0.4645 0.1204 0.4328 0.1912 0.1280 0.4139 0.1163 0.4744 0.1708 0.1430 0.3531 0.1137 0.5064 0.1522 0.1922 0.2940 0.1137 0.5209 0.1369 0.2985 0.2443 0.1165 0.5039 0.1254 0.3945 0.2056 0.1234 0.4403 0.1180 0.4427
0.1160 0.4297 0.1249 0.2010 0.4056 0.1241 0.4973 0.1172 0.2382 0.3136 0.1351 0.5210 0.1139 0.2866 0.2046 0.1500 0.5095 0.1136 0.3455 0.1460 0.1686 0.4783 0.1160 0.4091 0.1287 0.1901 0.4345 0.1204 0.4645 0.1211 0.2119 0.3863 0.1255 0.5000 0.1174 0.2319 0.3405 0.1305 0.5156 0.1155 0.2497 0.2991 0.1352 0.5206 0.1144 0.2667 0.2600 0.1401 0.5201 0.1118 0.4131 0.1118 0.5201 0.1401 0.2600 0.2667 0.1144 0.5206 0.1352 0.2991 0.2497 0.1155 0.5156 0.1305 0.3405 0.2319 0.1174 0.5000 0.1255 0.3863 0.2119 0.1211 0.4645 0.1204 0.4345 0.1901 0.1287 0.4091 0.1160 0.4783 0.1686 0.1460 0.3455 0.1136 0.5095 0.1500 0.2046 0.2866 0.1139 0.5210 0.1351 0.3136 0.2382 0.1172 0.4973 0.1241 0.4056 0.2010 0.1249 0.4297 0.1160
0.4076 0.1266 0.1965 0.4161 0.1229 0.4897 0.1179 0.2324 0.3282 0.1333 0.5205 0.1141 0.2792 0.2186 0.1477 0.5124 0.1134 0.3373 0.1498 0.1661 0.4828 0.1156 0.4027 0.1297 0.1883 0.4377 0.1201 0.4627 0.1212 0.2119 0.3852 0.1257 0.5018 0.1172 0.2343 0.3336 0.1314 0.5173 0.1152 0.2543 0.2876 0.1366 0.5210 0.1141 0.2727 0.2465 0.1417 0.5197 0.1130 0.3211 0.1238 0.3211 0.1130 0.5197 0.1417 0.2465 0.2727 0.1141 0.5210 0.1366 0.2876 0.2543 0.1152 0.5173 0.1314 0.3336 0.2343 0.1172 0.5018 0.1257 0.3852 0.2119 0.1212 0.4627 0.1201 0.4377 0.1883 0.1297 0.4027 0.1156 0.4828 0.1661 0.1498 0.3373 0.1134 0.5124 0.1477 0.2186 0.2792 0.1141 0.5205 0.1333 0.3282 0.2324 0.1179 0.4897 0.1229 0.4161 0.1965 0.1266 0.4076
0.1302 0.1923 0.4260 0.1217 0.4812 0.1188 0.2267 0.3424 0.1316 0.5192 0.1145 0.2719 0.2336 0.1455 0.5149 0.1134 0.3290 0.1545 0.1635 0.4875 0.1152 0.3951 0.1311 0.1859 0.4423 0.1197 0.4591 0.1215 0.2110 0.3863 0.1257 0.5023 0.1171 0.2358 0.3288 0.1321 0.5184 0.1149 0.2584 0.2772 0.1380 0.5210 0.1139 0.2786 0.2336 0.1435 0.5186 0.1133 0.3036 0.1583 0.1947 0.1583 0.3036 0.1133 0.5186 0.1435 0.2336 0.2786 0.1139 0.5210 0.1380 0.2772 0.2584 0.1149 0.5184 0.1321 0.3288 0.2358 0.1171 0.5023 0.1257 0.3863 0.2110 0.1215 0.4591 0.1197 0.4423 0.1859 0.1311 0.3951 0.1152 0.4875 0.1635 0.1545 0.3290 0.1134 0.5149 0.1455 0.2336 0.2719 0.1145 0.5192 0.1316 0.3424 0.2267 0.1188 0.4812 0.1217 0.4260 0.1923 0.1302
0.1835 0.4354 0.1207 0.4720 0.1197 0.2213 0.3559 0.1300 0.5171 0.1149 0.2649 0.2493 0.1433 0.5171 0.1133 0.3206 0.1604 0.1609 0.4922 0.1148 0.3866 0.1329 0.1831 0.4479 0.1191 0.4539 0.1221 0.2092 0.3895 0.1255 0.5018 0.1171 0.2364 0.3263 0.1325 0.5190 0.1148 0.2616 0.2686 0.1391 0.5208 0.1138 0.2840 0.2219 0.1452 0.5171 0.1134 0.3060 0.1781 0.1613 0.4228 0.1613 0.1781 0.3060 0.1134 0.5171 0.1452 0.2219 0.2840 0.1138 0.5208 0.1391 0.2686 0.2616 0.1148 0.5190 0.1325 0.3263 0.2364 0.1171 0.5018 0.1255 0.3895 0.2092 0.1221 0.4539 0.1191 0.4479 0.1831 0.1329 0.3866 0.1148 0.4922 0.1609 0.1604 0.3206 0.1133 0.5171 0.1433 0.2493 0.2649 0.1149 0.5171 0.1300 0.3559 0.2213 0.1197 0.4720 0.1207 0.4354 0.1835
0.4245 0.1199 0.4622 0.1208 0.2161 0.3689 0.1284 0.5140 0.1153 0.2580 0.2652 0.1412 0.5189 0.1134 0.3121 0.1680 0.1582 0.4967 0.1144 0.3775 0.1350 0.1801 0.4541 0.1185 0.4472 0.1228 0.2068 0.3945 0.1250 0.5000 0.1172 0.2358 0.3263 0.1327 0.5193 0.1147 0.2638 0.2623 0.1401 0.5204 0.1136 0.2890 0.2117 0.1469 0.5155 0.1133 0.3119 0.1757 0.1552 0.4922 0.1218 0.4921 0.1553 0.1757 0.3120 0.1133 0.5155 0.1469 0.2117 0.2890 0.1136 0.5204 0.1401 0.2623 0.2638 0.1147 0.5193 0.1327 0.3263 0.2358 0.1172 0.5000 0.1250 0.3945 0.2068 0.1228 0.4472 0.1185 0.4541 0.1801 0.1350 0.3776 0.1144 0.4967 0.1582 0.1680 0.3121 0.1134 0.5189 0.1412 0.2652 0.2580 0.1153 0.5140 0.1284 0.3689 0.2161 0.1208 0.4622 0.1199 0.4245
0.1174 0.4521 0.1220 0.2110 0.3813 0.1269 0.5099 0.1158 0.2515 0.2810 0.1391 0.5201 0.1135 0.3038 0.1775 0.1556 0.5010 0.1141 0.3683 0.1375 0.1770 0.4605 0.1178 0.4392 0.1238 0.2038 0.4009 0.1244 0.4970 0.1174 0.2343 0.3288 0.1325 0.5193 0.1146 0.2650 0.2583 0.1408 0.5200 0.1136 0.2931 0.2033 0.1484 0.5138 0.1133 0.3182 0.1692 0.1558 0.5021 0.1139 0.4830 0.1139 0.5020 0.1558 0.1692 0.3182 0.1133 0.5138 0.1484 0.2033 0.2931 0.1136 0.5200 0.1408 0.2583 0.2650 0.1146 0.5193 0.1325 0.3288 0.2343 0.1174 0.4970 0.1244 0.4009 0.2038 0.1238 0.4392 0.1178 0.4605 0.1770 0.1375 0.3684 0.1141 0.5010 0.1556 0.1775 0.3038 0.1135 0.5201 0.1391 0.2809 0.2515 0.1158 0.5099 0.1269 0.3812 0.2110 0.1220 0.4521 0.1174
0.4298 0.1233 0.2062 0.3930 0.1256 0.5047 0.1164 0.2451 0.2965 0.1372 0.5209 0.1136 0.2956 0.1890 0.1530 0.5050 0.1138 0.3589 0.1404 0.1738 0.4670 0.1172 0.4304 0.1249 0.2004 0.4084 0.1236 0.4928 0.1178 0.2319 0.3336 0.1321 0.5190 0.1147 0.2650 0.2569 0.1411 0.5197 0.1135 0.2962 0.1971 0.1497 0.5121 0.1134 0.3242 0.1634 0.1575 0.5012 0.1136 0.3862 0.1150 0.3864 0.1136 0.5012 0.1575 0.1634 0.3242 0.1134 0.5121 0.1497 0.1971 0.2963 0.1135 0.5197 0.1411 0.2568 0.2650 0.1147 0.5190 0.1321 0.3336 0.2319 0.1178 0.4929 0.1236 0.4083 0.2004 0.1249 0.4305 0.1172 0.4669 0.1738 0.1403 0.3591 0.1138 0.5049 0.1531 0.1889 0.2957 0.1136 0.5208 0.1372 0.2963 0.2452 0.1164 0.5047 0.1256 0.3929 0.2063 0.1233 0.4299
0.1267 0.2016 0.4042 0.1243 0.4982 0.1171 0.2390 0.3117 0.1353 0.5210 0.1138 0.2878 0.2021 0.1505 0.5086 0.1136 0.3494 0.1439 0.1706 0.4733 0.1166 0.4210 0.1263 0.1967 0.4165 0.1227 0.4874 0.1183 0.2287 0.3405 0.1314 0.5184 0.1148 0.2638 0.2583 0.1411 0.5196 0.1135 0.2983 0.1929 0.1506 0.5108 0.1134 0.3294 0.1589 0.1593 0.4985 0.1140 0.3639 0.1307 0.2274 0.1306 0.3645 0.1140 0.4983 0.1594 0.1586 0.3297 0.1134 0.5107 0.1507 0.1926 0.2985 0.1135 0.5196 0.1412 0.2579 0.2640 0.1147 0.5185 0.1314 0.3401 0.2289 0.1183 0.4876 0.1227 0.4162 0.1969 0.1262 0.4215 0.1166 0.4731 0.1708 0.1437 0.3499 0.1136 0.5084 0.1507 0.2015 0.2882 0.1138 0.5210 0.1354 0.3109 0.2393 0.1170 0.4986 0.1243 0.4037 0.2018 0.1266
0.1922 0.4148 0.1230 0.4908 0.1178 0.2331 0.3264 0.1335 0.5206 0.1141 0.2802 0.2165 0.1481 0.5118 0.1135 0.3400 0.1480 0.1675 0.4795 0.1160 0.4112 0.1279 0.1930 0.4250 0.1218 0.4807 0.1190 0.2249 0.3491 0.1305 0.5173 0.1149 0.2616 0.2623 0.1408 0.5197 0.1135 0.2990 0.1907 0.1512 0.5098 0.1135 0.3335 0.1555 0.1609 0.4957 0.1142 0.3651 0.1385 0.1836 0.3414 0.1846 0.1372 0.3684 0.1142 0.4943 0.1617 0.1539 0.3357 0.1133 0.5090 0.1518 0.1880 0.3007 0.1133 0.5194 0.1412 0.2593 0.2629 0.1147 0.5178 0.1308 0.3464 0.2261 0.1186 0.4824 0.1220 0.4230 0.1939 0.1273 0.4133 0.1160 0.4783 0.1682 0.1469 0.3420 0.1134 0.5112 0.1487 0.2133 0.2818 0.1139 0.5207 0.1339 0.3233 0.2344 0.1175 0.4925 0.1233 0.4124 0.1932
0.4038 0.1220 0.4823 0.1187 0.2274 0.3406 0.1318 0.5194 0.1144 0.2728 0.2317 0.1458 0.5145 0.1134 0.3308 0.1531 0.1644 0.4853 0.1154 0.4011 0.1297 0.1892 0.4335 0.1208 0.4729 0.1197 0.2208 0.3588 0.1294 0.5156 0.1152 0.2584 0.2686 0.1401 0.5200 0.1135 0.2983 0.1907 0.1514 0.5093 0.1135 0.3364 0.1533 0.1622 0.4932 0.1144 0.3703 0.1388 0.1749 0.4458 0.1330 0.4318 0.1822 0.1323 0.3881 0.1146 0.4846 0.1671 0.1451 0.3498 0.1131 0.5044 0.1549 0.1753 0.3087 0.1126 0.5183 0.1426 0.2498 0.2665 0.1138 0.5185 0.1312 0.3432 0.2272 0.1177 0.4832 0.1219 0.4227 0.1940 0.1266 0.4128 0.1157 0.4786 0.1681 0.1466 0.3413 0.1129 0.5114 0.1485 0.2141 0.2813 0.1132 0.5207 0.1338 0.3243 0.2342 0.1167 0.4922 0.1234 0.3905
0.1192 0.4732 0.1196 0.2220 0.3542 0.1302 0.5174 0.1148 0.2657 0.2473 0.1436 0.5168 0.1133 0.3219 0.1592 0.1615 0.4908 0.1149 0.3908 0.1317 0.1854 0.4418 0.1199 0.4643 0.1206 0.2165 0.3691 0.1282 0.5131 0.1155 0.2543 0.2772 0.1391 0.5204 0.1136 0.2962 0.1929 0.1512 0.5093 0.1135 0.3378 0.1521 0.1631 0.4913 0.1146 0.3752 0.1375 0.1748 0.4647 0.1201 0.5197 0.1307 0.3806 0.2090 0.1190 0.4541 0.1191 0.4425 0.1876 0.1269 0.4038 0.1150 0.4793 0.1693 0.1424 0.3492 0.1122 0.5070 0.1526 0.1893 0.2959 0.1114 0.5208 0.1380 0.2892 0.2486 0.1133 0.5080 0.1264 0.3852 0.2100 0.1195 0.4490 0.1181 0.4547 0.1801 0.1329 0.3743 0.1131 0.4986 0.1575 0.1703 0.3082 0.1114 0.5196 0.1404 0.2715 0.2556 0.1128 0.5130 0.1258
0.4513 0.1207 0.2167 0.3673 0.1286 0.5145 0.1152 0.2589 0.2632 0.1414 0.5187 0.1134 0.3132 0.1668 0.1587 0.4958 0.1145 0.3804 0.1341 0.1817 0.4499 0.1190 0.4549 0.1217 0.2120 0.3798 0.1270 0.5097 0.1159 0.2497 0.2876 0.1380 0.5208 0.1136 0.2931 0.1971 0.1506 0.5098 0.1135 0.3378 0.1517 0.1636 0.4901 0.1147 0.3789 0.1363 0.1761 0.4660 0.1173 0.4977 0.1143 0.4551 0.1657 0.1652 0.3094 0.1113 0.5187 0.1422 0.2535 0.2646 0.1118 0.5181 0.1309 0.3452 0.2269 0.1153 0.4832 0.1219 0.4217 0.1953 0.1236 0.4155 0.1155 0.4767 0.1698 0.1426 0.3450 0.1118 0.5101 0.1499 0.2065 0.2848 0.1111 0.5210 0.1347 0.3171 0.2371 0.1138 0.4955 0.1236 0.4083 0.2006 0.1217 0.4269 0.1163 0.4701 0.1731 0.1387 0.3546 0.1123 0.4912
0.1238 0.2117 0.3797 0.1271 0.5105 0.1158 0.2523 0.2790 0.1394 0.5200 0.1135 0.3048 0.1762 0.1560 0.5004 0.1142 0.3703 0.1368 0.1780 0.4578 0.1182 0.4450 0.1229 0.2074 0.3905 0.1258 0.5053 0.1164 0.2447 0.2991 0.1366 0.5210 0.1138 0.2890 0.2033 0.1497 0.5108 0.1135 0.3364 0.1521 0.1636 0.4897 0.1148 0.3812 0.1355 0.1773 0.4642 0.1171 0.4463 0.1121 0.4993 0.1862 0.1623 0.2790 0.1132 0.5192 0.1318 0.3383 0.2294 0.1169 0.4869 0.1225 0.4176 0.1966 0.1249 0.4197 0.1160 0.4743 0.1705 0.1428 0.3484 0.1126 0.5089 0.1506 0.2020 0.2877 0.1124 0.5210 0.1353 0.3118 0.2392 0.1154 0.4982 0.1242 0.4042 0.2019 0.1230 0.4310 0.1167 0.4676 0.1737 0.1394 0.3571 0.1129 0.5058 0.1527 0.1905 0.2944 0.1123 0.5209 0.1343
0.2016 0.3915 0.1257 0.5054 0.1163 0.2459 0.2945 0.1374 0.5208 0.1136 0.2967 0.1875 0.1534 0.5045 0.1139 0.3603 0.1398 0.1745 0.4652 0.1174 0.4345 0.1242 0.2030 0.4011 0.1246 0.4997 0.1170 0.2396 0.3114 0.1352 0.5210 0.1139 0.2840 0.2117 0.1484 0.5121 0.1134 0.3335 0.1533 0.1631 0.4901 0.1148 0.3819 0.1352 0.1781 0.4623 0.1172 0.4280 0.1225 0.2307 0.2487 0.1216 0.3398 0.1126 0.5182 0.1307 0.3479 0.2252 0.1186 0.4805 0.1217 0.4253 0.1929 0.1276 0.4109 0.1158 0.4796 0.1675 0.1477 0.3401 0.1132 0.5118 0.1482 0.2160 0.2804 0.1137 0.5206 0.1336 0.3259 0.2334 0.1174 0.4910 0.1230 0.4145 0.1973 0.1258 0.4207 0.1163 0.4741 0.1702 0.1441 0.3478 0.1133 0.5092 0.1502 0.2043 0.2866 0.1135 0.5210 0.1352 0.2883
0.3806 0.1246 0.4991 0.1170 0.2398 0.3098 0.1355 0.5210 0.1138 0.2888 0.2004 0.1508 0.5082 0.1136 0.3506 0.1434 0.1711 0.4722 0.1167 0.4239 0.1258 0.1985 0.4115 0.1234 0.4930 0.1176 0.2343 0.3243 0.1337 0.5206 0.1141 0.2786 0.2219 0.1469 0.5138 0.1134 0.3294 0.1555 0.1622 0.4913 0.1147 0.3812 0.1352 0.1783 0.4612 0.1174 0.4280 0.1256 0.2008 0.3750 0.1323 0.4878 0.1106 0.5200 0.1316 0.3413 0.2279 0.1184 0.4853 0.1224 0.4196 0.1954 0.1268 0.4174 0.1163 0.4756 0.1695 0.1452 0.3462 0.1135 0.5097 0.1497 0.2068 0.2852 0.1138 0.5209 0.1347 0.3166 0.2370 0.1172 0.4959 0.1238 0.4078 0.2000 0.1251 0.4275 0.1169 0.4699 0.1723 0.1420 0.3539 0.1137 0.5070 0.1517 0.1958 0.2914 0.1137 0.5210 0.1362 0.3046 0.2356
0.1213 0.4918 0.1177 0.2338 0.3245 0.1337 0.5207 0.1141 0.2811 0.2146 0.1484 0.5114 0.1135 0.3412 0.1475 0.1679 0.4786 0.1161 0.4132 0.1275 0.1942 0.4216 0.1222 0.4851 0.1184 0.2290 0.3372 0.1321 0.5196 0.1144 0.2727 0.2336 0.1452 0.5155 0.1133 0.3242 0.1589 0.1609 0.4932 0.1146 0.3789 0.1355 0.1781 0.4612 0.1175 0.4291 0.1258 0.1965 0.4132 0.1259 0.5207 0.1113 0.5211 0.1330 0.3320 0.2317 0.1179 0.4913 0.1232 0.4117 0.1988 0.1255 0.4264 0.1169 0.4697 0.1725 0.1418 0.3550 0.1137 0.5065 0.1520 0.1941 0.2925 0.1137 0.5210 0.1364 0.3027 0.2426 0.1167 0.5022 0.1250 0.3976 0.2043 0.1238 0.4374 0.1176 0.4633 0.1754 0.1390 0.3630 0.1139 0.5034 0.1541 0.1842 0.2988 0.1135 0.5206 0.1379 0.2904 0.2476 0.1176
0.4712 0.1186 0.2281 0.3388 0.1320 0.5196 0.1144 0.2738 0.2297 0.1461 0.5142 0.1134 0.3320 0.1524 0.1648 0.4846 0.1155 0.4026 0.1293 0.1900 0.4312 0.1211 0.4763 0.1193 0.2237 0.3501 0.1306 0.5180 0.1147 0.2667 0.2465 0.1435 0.5171 0.1133 0.3182 0.1634 0.1593 0.4957 0.1144 0.3752 0.1363 0.1773 0.4623 0.1174 0.4291 0.1258 0.1962 0.4201 0.1231 0.5174 0.1130 0.5193 0.1351 0.3216 0.2354 0.1174 0.4965 0.1242 0.4034 0.2024 0.1243 0.4354 0.1175 0.4635 0.1755 0.1387 0.3643 0.1140 0.5027 0.1545 0.1821 0.3003 0.1135 0.5205 0.1383 0.2875 0.2488 0.1161 0.5079 0.1264 0.3862 0.2090 0.1225 0.4477 0.1184 0.4558 0.1789 0.1361 0.3729 0.1142 0.4992 0.1567 0.1736 0.3069 0.1134 0.5197 0.1399 0.2749 0.2539 0.1157 0.4995
0.1213 0.2228 0.3523 0.1304 0.5177 0.1147 0.2668 0.2450 0.1439 0.5165 0.1133 0.3232 0.1582 0.1619 0.4900 0.1150 0.3923 0.1314 0.1861 0.4401 0.1201 0.4669 0.1203 0.2185 0.3628 0.1291 0.5155 0.1151 0.2606 0.2600 0.1417 0.5186 0.1134 0.3119 0.1692 0.1575 0.4985 0.1142 0.3703 0.1375 0.1761 0.4643 0.1172 0.4277 0.1259 0.1962 0.4214 0.1221 0.5060 0.1110 0.5095 0.1408 0.3028 0.2395 0.1169 0.5009 0.1250 0.3956 0.2059 0.1232 0.4439 0.1182 0.4570 0.1786 0.1361 0.3734 0.1143 0.4986 0.1571 0.1718 0.3086 0.1134 0.5194 0.1403 0.2718 0.2553 0.1155 0.5125 0.1278 0.3741 0.2139 0.1213 0.4580 0.1193 0.4477 0.1826 0.1335 0.3831 0.1146 0.4946 0.1594 0.1647 0.3154 0.1134 0.5182 0.1420 0.2591 0.2606 0.1151 0.5153 0.1267
0.2126 0.3640 0.1290 0.5153 0.1150 0.2606 0.2592 0.1420 0.5182 0.1133 0.3154 0.1647 0.1594 0.4946 0.1145 0.3830 0.1334 0.1826 0.4478 0.1193 0.4579 0.1212 0.2139 0.3742 0.1278 0.5124 0.1154 0.2550 0.2729 0.1401 0.5197 0.1133 0.3060 0.1757 0.1558 0.5012 0.1140 0.3651 0.1388 0.1747 0.4667 0.1170 0.4258 0.1259 0.1960 0.4217 0.1218 0.4878 0.1113 0.4890 0.1589 0.2349 0.2489 0.1163 0.5044 0.1258 0.3883 0.2091 0.1222 0.4516 0.1189 0.4506 0.1817 0.1338 0.3824 0.1146 0.4943 0.1597 0.1635 0.3169 0.1133 0.5179 0.1424 0.2560 0.2620 0.1150 0.5159 0.1293 0.3614 0.2191 0.1202 0.4680 0.1203 0.4391 0.1865 0.1312 0.3934 0.1151 0.4894 0.1622 0.1575 0.3241 0.1133 0.5163 0.1441 0.2433 0.2675 0.1147 0.5180 0.1307 0.3263
0.3447 0.1286 0.5140 0.1147 0.2579 0.2657 0.1411 0.5189 0.1129 0.3118 0.1678 0.1583 0.4966 0.1141 0.3787 0.1339 0.1812 0.4512 0.1187 0.4537 0.1211 0.2119 0.3793 0.1271 0.5107 0.1151 0.2525 0.2788 0.1394 0.5201 0.1130 0.3036 0.1781 0.1552 0.5021 0.1136 0.3639 0.1386 0.1747 0.4664 0.1169 0.4275 0.1250 0.1974 0.4179 0.1221 0.4825 0.1168 0.2534 0.1780 0.1392 0.2940 0.1144 0.5079 0.1265 0.3818 0.2121 0.1214 0.4586 0.1195 0.4443 0.1847 0.1319 0.3912 0.1150 0.4897 0.1623 0.1570 0.3252 0.1133 0.5159 0.1446 0.2402 0.2689 0.1146 0.5184 0.1309 0.3481 0.2244 0.1192 0.4774 0.1213 0.4300 0.1905 0.1291 0.4040 0.1156 0.4839 0.1652 0.1517 0.3331 0.1134 0.5139 0.1464 0.2278 0.2747 0.1143 0.5198 0.1322 0.3370 0.2230
0.1293 0.5193 0.1125 0.2719 0.2336 0.1456 0.5151 0.1119 0.3291 0.1522 0.1643 0.4864 0.1146 0.3993 0.1277 0.1892 0.4341 0.1206 0.4733 0.1173 0.2225 0.3539 0.1302 0.5175 0.1127 0.2660 0.2467 0.1437 0.5170 0.1118 0.3211 0.1583 0.1613 0.4922 0.1139 0.3862 0.1308 0.1834 0.4485 0.1187 0.4532 0.1198 0.2097 0.3891 0.1255 0.5027 0.1145 0.2428 0.2742 0.1461 0.5123 0.1112 0.5149 0.1273 0.3764 0.2145 0.1208 0.4647 0.1201 0.4383 0.1876 0.1302 0.3996 0.1154 0.4850 0.1649 0.1519 0.3334 0.1134 0.5136 0.1467 0.2250 0.2761 0.1143 0.5200 0.1326 0.3342 0.2300 0.1183 0.4863 0.1224 0.4203 0.1947 0.1272 0.4146 0.1161 0.4778 0.1683 0.1469 0.3424 0.1135 0.5110 0.1487 0.2128 0.2821 0.1140 0.5207 0.1340 0.3227 0.2346 0.1193
0.4929 0.1122 0.3504 0.1403 0.1716 0.4731 0.1159 0.4223 0.1222 0.1987 0.4129 0.1230 0.4922 0.1140 0.2346 0.3234 0.1339 0.5208 0.1110 0.2817 0.2124 0.1489 0.5113 0.1117 0.3417 0.1439 0.1689 0.4785 0.1153 0.4131 0.1238 0.1947 0.4228 0.1218 0.4829 0.1150 0.2272 0.3438 0.1311 0.5184 0.1115 0.2661 0.2497 0.1428 0.5184 0.1110 0.3094 0.1693 0.1597 0.4854 0.1162 0.5211 0.1288 0.3713 0.2164 0.1204 0.4695 0.1207 0.4328 0.1902 0.1288 0.4073 0.1158 0.4802 0.1674 0.1477 0.3415 0.1135 0.5109 0.1489 0.2109 0.2833 0.1140 0.5208 0.1343 0.3198 0.2358 0.1175 0.4943 0.1236 0.4100 0.1991 0.1256 0.4252 0.1168 0.4713 0.1715 0.1429 0.3519 0.1137 0.5077 0.1512 0.1987 0.2898 0.1138 0.5210 0.1358 0.3079 0.2405 0.1170 0.4877
0.1293 0.5193 0.1125 0.2719 0.2336 0.1456 0.5151 0.1119 0.3291 0.1522 0.1643 0.4864 0.1146 0.3993 0.1277 0.1892 0.4341 0.1206 0.4733 0.1173 0.2225 0.3539 0.1302 0.5175 0.1127 0.2660 0.2467 0.1437 0.5170 0.1118 0.3211 0.1583 0.1613 0.4922 0.1139 0.3862 0.1308 0.1834 0.4485 0.1187 0.4532 0.1198 0.2097 0.3891 0.1255 0.5026 0.1147 0.2393 0.3087 0.1398 0.4963 0.1342 0.3613 0.2180 0.1200 0.4728 0.1211 0.4282 0.1925 0.1277 0.4142 0.1163 0.4756 0.1699 0.1443 0.3494 0.1136 0.5080 0.1511 0.1981 0.2905 0.1137 0.5210 0.1361 0.3049 0.2417 0.1168 0.5013 0.1248 0.3992 0.2036 0.1240 0.4359 0.1175 0.4643 0.1749 0.1394 0.3616 0.1139 0.5040 0.1537 0.1859 0.2977 0.1136 0.5207 0.1377 0.2926 0.2467 0.1163 0.5061 0.1238
0.3447 0.1286 0.5140 0.1147 0.2579 0.2657 0.1411 0.5189 0.1129 0.3118 0.1678 0.1583 0.4966 0.1141 0.3787 0.1339 0.1812 0.4512 0.1187 0.4537 0.1211 0.2119 0.3793 0.1271 0.5107 0.1151 0.2525 0.2788 0.1394 0.5201 0.1130 0.3036 0.1781 0.1552 0.5021 0.1136 0.3639 0.1386 0.1747 0.4664 0.1169 0.4275 0.1250 0.1974 0.4179 0.1221 0.4812 0.1183 0.2255 0.3122 0.1564 0.3194 0.2217 0.1197 0.4748 0.1214 0.4249 0.1943 0.1268 0.4201 0.1166 0.4713 0.1722 0.1415 0.3569 0.1138 0.5049 0.1533 0.1867 0.2977 0.1136 0.5207 0.1380 0.2898 0.2479 0.1161 0.5072 0.1262 0.3878 0.2084 0.1227 0.4464 0.1183 0.4568 0.1785 0.1364 0.3716 0.1142 0.4998 0.1563 0.1749 0.3059 0.1134 0.5198 0.1397 0.2770 0.2531 0.1157 0.5111 0.1275 0.3547
0.2126 0.3640 0.1290 0.5153 0.1150 0.2606 0.2592 0.1420 0.5182 0.1133 0.3154 0.1647 0.1594 0.4946 0.1145 0.3830 0.1334 0.1826 0.4478 0.1193 0.4579 0.1212 0.2139 0.3742 0.1278 0.5124 0.1154 0.2550 0.2729 0.1401 0.5197 0.1133 0.3060 0.1757 0.1558 0.5012 0.1140 0.3651 0.1388 0.1747 0.4667 0.1170 0.4258 0.1259 0.1960 0.4218 0.1217 0.4774 0.1184 0.2389 0.1726 0.2384 0.1186 0.4763 0.1216 0.4229 0.1955 0.1263 0.4246 0.1170 0.4675 0.1743 0.1393 0.3639 0.1140 0.5018 0.1554 0.1772 0.3048 0.1134 0.5198 0.1398 0.2750 0.2541 0.1156 0.5119 0.1276 0.3757 0.2133 0.1214 0.4567 0.1192 0.4488 0.1821 0.1338 0.3817 0.1146 0.4952 0.1590 0.1657 0.3143 0.1134 0.5184 0.1417 0.2611 0.2597 0.1152 0.5149 0.1288 0.3656 0.2119
0.1213 0.2228 0.3523 0.1304 0.5177 0.1147 0.2668 0.2450 0.1439 0.5165 0.1133 0.3232 0.1582 0.1619 0.4900 0.1150 0.3923 0.1314 0.1861 0.4401 0.1201 0.4669 0.1203 0.2185 0.3628 0.1291 0.5155 0.1151 0.2606 0.2600 0.1417 0.5186 0.1134 0.3119 0.1692 0.1575 0.4985 0.1142 0.3703 0.1375 0.1761 0.4643 0.1172 0.4277 0.1259 0.1961 0.4219 0.1217 0.4812 0.1147 0.3090 0.1147 0.4811 0.1217 0.4221 0.1961 0.1259 0.4276 0.1172 0.4644 0.1760 0.1376 0.3701 0.1142 0.4987 0.1574 0.1695 0.3116 0.1134 0.5186 0.1416 0.2606 0.2603 0.1151 0.5154 0.1291 0.3632 0.2184 0.1203 0.4667 0.1201 0.4403 0.1860 0.1314 0.3921 0.1150 0.4901 0.1619 0.1584 0.3230 0.1133 0.5166 0.1439 0.2453 0.2666 0.1148 0.5177 0.1304 0.3525 0.2227 0.1213
0.4712 0.1186 0.2281 0.3388 0.1320 0.5196 0.1144 0.2738 0.2297 0.1461 0.5142 0.1134 0.3320 0.1524 0.1648 0.4846 0.1155 0.4026 0.1293 0.1900 0.4312 0.1211 0.4763 0.1193 0.2237 0.3501 0.1306 0.5180 0.1147 0.2667 0.2465 0.1435 0.5171 0.1133 0.3182 0.1634 0.1593 0.4957 0.1144 0.3752 0.1363 0.1773 0.4623 0.1174 0.4291 0.1258 0.1961 0.4218 0.1221 0.5026 0.1110 0.5026 0.1221 0.4218 0.1961 0.1258 0.4291 0.1174 0.4623 0.1773 0.1363 0.3752 0.1144 0.4957 0.1593 0.1635 0.3181 0.1133 0.5172 0.1435 0.2467 0.2665 0.1147 0.5179 0.1306 0.3503 0.2237 0.1193 0.4763 0.1211 0.4312 0.1900 0.1293 0.4026 0.1155 0.4846 0.1648 0.1524 0.3320 0.1134 0.5142 0.1461 0.2297 0.2738 0.1144 0.5196 0.1320 0.3388 0.2281 0.1186 0.4711
