0.1131 0.3569 0.1417 0.1656 0.4643 0.1145 0.3769 0.1362 0.1726 0.4494 0.1155 0.3987 0.1318 0.1802 0.4321 0.1168 0.4209 0.1280 0.1886 0.4124 0.1184 0.4428 0.1249 0.1977 0.3902 0.1204 0.4635 0.1223 0.2077 0.3654 0.1228 0.4816 0.1201 0.2184 0.3380 0.1255 0.4954 0.1182 0.2301 0.3082 0.1285 0.5040 0.1167 0.2428 0.2766 0.1319 0.5080 0.1153 0.2617 0.1894 0.1736 0.1894 0.2617 0.1153 0.5080 0.1319 0.2766 0.2428 0.1167 0.5040 0.1285 0.3082 0.2301 0.1182 0.4954 0.1255 0.3380 0.2184 0.1201 0.4816 0.1228 0.3654 0.2077 0.1223 0.4635 0.1204 0.3902 0.1977 0.1249 0.4428 0.1184 0.4124 0.1886 0.1280 0.4209 0.1168 0.4321 0.1802 0.1318 0.3987 0.1155 0.4494 0.1726 0.1362 0.3769 0.1145 0.4643 0.1656 0.1417 0.3569 0.1131
0.3569 0.1396 0.1722 0.4758 0.1159 0.3975 0.1326 0.1805 0.4601 0.1174 0.4206 0.1281 0.1888 0.4429 0.1191 0.4432 0.1246 0.1977 0.4233 0.1211 0.4650 0.1217 0.2075 0.4012 0.1235 0.4847 0.1194 0.2181 0.3763 0.1263 0.5010 0.1176 0.2297 0.3488 0.1294 0.5123 0.1162 0.2422 0.3187 0.1328 0.5186 0.1151 0.2558 0.2863 0.1367 0.5209 0.1143 0.2713 0.2409 0.1496 0.4610 0.1496 0.2409 0.2713 0.1143 0.5209 0.1367 0.2863 0.2558 0.1151 0.5186 0.1328 0.3187 0.2422 0.1162 0.5123 0.1294 0.3488 0.2297 0.1176 0.5010 0.1263 0.3763 0.2181 0.1194 0.4847 0.1235 0.4012 0.2075 0.1217 0.4650 0.1211 0.4233 0.1977 0.1246 0.4432 0.1191 0.4429 0.1888 0.1281 0.4206 0.1174 0.4601 0.1805 0.1326 0.3975 0.1159 0.4758 0.1722 0.1396 0.3569
0.1417 0.1722 0.4734 0.1162 0.4054 0.1307 0.1839 0.4529 0.1179 0.4310 0.1263 0.1928 0.4341 0.1198 0.4536 0.1231 0.2022 0.4133 0.1220 0.4746 0.1205 0.2124 0.3899 0.1246 0.4929 0.1184 0.2234 0.3638 0.1275 0.5069 0.1168 0.2354 0.3350 0.1308 0.5158 0.1155 0.2484 0.3037 0.1344 0.5201 0.1146 0.2625 0.2706 0.1385 0.5210 0.1139 0.2778 0.2351 0.1445 0.5106 0.1173 0.5106 0.1445 0.2351 0.2778 0.1139 0.5210 0.1385 0.2706 0.2625 0.1146 0.5201 0.1344 0.3037 0.2484 0.1155 0.5158 0.1308 0.3350 0.2354 0.1168 0.5069 0.1275 0.3638 0.2234 0.1184 0.4929 0.1246 0.3899 0.2124 0.1205 0.4746 0.1220 0.4133 0.2022 0.1231 0.4536 0.1198 0.4341 0.1928 0.1263 0.4310 0.1179 0.4529 0.1839 0.1307 0.4054 0.1162 0.4734 0.1722 0.1417
0.1656 0.4758 0.1162 0.4085 0.1296 0.1864 0.4466 0.1186 0.4406 0.1248 0.1969 0.4250 0.1208 0.4636 0.1218 0.2069 0.4026 0.1232 0.4836 0.1195 0.2175 0.3779 0.1259 0.5001 0.1176 0.2290 0.3506 0.1290 0.5117 0.1162 0.2414 0.3206 0.1325 0.5183 0.1151 0.2549 0.2883 0.1363 0.5209 0.1142 0.2695 0.2548 0.1405 0.5204 0.1137 0.2851 0.2214 0.1453 0.5161 0.1122 0.4392 0.1122 0.5161 0.1453 0.2214 0.2851 0.1137 0.5204 0.1405 0.2548 0.2695 0.1142 0.5209 0.1363 0.2883 0.2549 0.1151 0.5183 0.1325 0.3206 0.2414 0.1162 0.5117 0.1290 0.3506 0.2290 0.1176 0.5001 0.1259 0.3779 0.2175 0.1195 0.4836 0.1232 0.4026 0.2069 0.1218 0.4636 0.1208 0.4250 0.1969 0.1248 0.4406 0.1186 0.4466 0.1864 0.1296 0.4085 0.1162 0.4758 0.1656
0.4643 0.1159 0.4054 0.1296 0.1874 0.4428 0.1192 0.4480 0.1237 0.2008 0.4159 0.1218 0.4728 0.1207 0.2116 0.3915 0.1244 0.4919 0.1185 0.2228 0.3654 0.1273 0.5062 0.1169 0.2347 0.3368 0.1306 0.5154 0.1156 0.2476 0.3057 0.1342 0.5199 0.1146 0.2616 0.2727 0.1382 0.5210 0.1140 0.2767 0.2390 0.1426 0.5193 0.1135 0.2929 0.2070 0.1474 0.5151 0.1129 0.3433 0.1199 0.3433 0.1129 0.5151 0.1474 0.2070 0.2929 0.1135 0.5193 0.1426 0.2390 0.2767 0.1140 0.5210 0.1382 0.2727 0.2616 0.1146 0.5199 0.1342 0.3057 0.2476 0.1156 0.5154 0.1306 0.3368 0.2347 0.1169 0.5062 0.1273 0.3654 0.2228 0.1185 0.4919 0.1244 0.3915 0.2116 0.1207 0.4728 0.1218 0.4159 0.2008 0.1237 0.4480 0.1192 0.4428 0.1874 0.1296 0.4054 0.1159 0.4643
0.1145 0.3975 0.1307 0.1864 0.4428 0.1194 0.4521 0.1229 0.2038 0.4079 0.1227 0.4809 0.1197 0.2164 0.3802 0.1257 0.4991 0.1177 0.2282 0.3523 0.1288 0.5112 0.1162 0.2406 0.3224 0.1323 0.5180 0.1151 0.2541 0.2903 0.1360 0.5208 0.1143 0.2685 0.2568 0.1402 0.5205 0.1137 0.2842 0.2236 0.1447 0.5178 0.1134 0.3009 0.1934 0.1497 0.5128 0.1133 0.3250 0.1444 0.2056 0.1444 0.3250 0.1133 0.5128 0.1497 0.1934 0.3009 0.1134 0.5178 0.1447 0.2236 0.2842 0.1137 0.5205 0.1402 0.2568 0.2685 0.1143 0.5208 0.1360 0.2903 0.2541 0.1151 0.5180 0.1323 0.3224 0.2406 0.1162 0.5112 0.1288 0.3523 0.2282 0.1177 0.4991 0.1257 0.3802 0.2164 0.1197 0.4809 0.1227 0.4079 0.2038 0.1229 0.4521 0.1194 0.4428 0.1864 0.1307 0.3975 0.1145
0.3769 0.1326 0.1839 0.4466 0.1192 0.4521 0.1227 0.2055 0.4023 0.1235 0.4872 0.1190 0.2208 0.3692 0.1270 0.5051 0.1170 0.2337 0.3389 0.1304 0.5149 0.1157 0.2468 0.3076 0.1340 0.5198 0.1147 0.2607 0.2747 0.1380 0.5210 0.1140 0.2757 0.2410 0.1423 0.5195 0.1135 0.2919 0.2088 0.1470 0.5157 0.1133 0.3092 0.1813 0.1522 0.5098 0.1134 0.3288 0.1563 0.1690 0.3962 0.1690 0.1563 0.3288 0.1134 0.5098 0.1522 0.1813 0.3092 0.1133 0.5157 0.1470 0.2088 0.2919 0.1135 0.5195 0.1423 0.2410 0.2757 0.1140 0.5210 0.1380 0.2747 0.2607 0.1147 0.5198 0.1340 0.3076 0.2468 0.1157 0.5149 0.1304 0.3389 0.2337 0.1170 0.5051 0.1270 0.3692 0.2208 0.1190 0.4872 0.1235 0.4023 0.2055 0.1227 0.4521 0.1192 0.4466 0.1839 0.1326 0.3769
0.1362 0.1805 0.4529 0.1186 0.4480 0.1229 0.2055 0.4003 0.1239 0.4913 0.1184 0.2246 0.3592 0.1282 0.5097 0.1164 0.2392 0.3254 0.1320 0.5177 0.1152 0.2532 0.2924 0.1358 0.5208 0.1143 0.2677 0.2588 0.1399 0.5206 0.1137 0.2832 0.2255 0.1445 0.5180 0.1134 0.2999 0.1950 0.1494 0.5132 0.1133 0.3178 0.1710 0.1547 0.5063 0.1136 0.3369 0.1542 0.1626 0.4773 0.1250 0.4773 0.1626 0.1542 0.3369 0.1136 0.5063 0.1547 0.1710 0.3178 0.1133 0.5132 0.1494 0.1950 0.2999 0.1134 0.5180 0.1445 0.2255 0.2832 0.1137 0.5206 0.1399 0.2588 0.2677 0.1143 0.5208 0.1358 0.2924 0.2532 0.1152 0.5177 0.1320 0.3254 0.2392 0.1164 0.5097 0.1282 0.3592 0.2246 0.1184 0.4913 0.1239 0.4003 0.2055 0.1229 0.4480 0.1186 0.4529 0.1805 0.1362
0.1726 0.4601 0.1179 0.4406 0.1237 0.2038 0.4023 0.1239 0.4927 0.1182 0.2272 0.3514 0.1292 0.5129 0.1159 0.2445 0.3122 0.1335 0.5195 0.1148 0.2595 0.2773 0.1377 0.5210 0.1140 0.2748 0.2430 0.1420 0.5197 0.1136 0.2909 0.2106 0.1467 0.5160 0.1133 0.3081 0.1827 0.1518 0.5102 0.1134 0.3266 0.1626 0.1574 0.5024 0.1138 0.3461 0.1496 0.1638 0.4889 0.1155 0.5029 0.1155 0.4889 0.1638 0.1496 0.3461 0.1138 0.5024 0.1574 0.1626 0.3266 0.1134 0.5102 0.1518 0.1827 0.3081 0.1133 0.5160 0.1467 0.2106 0.2909 0.1136 0.5197 0.1420 0.2430 0.2748 0.1140 0.5210 0.1377 0.2773 0.2595 0.1148 0.5195 0.1335 0.3122 0.2445 0.1159 0.5129 0.1292 0.3514 0.2272 0.1182 0.4927 0.1239 0.4023 0.2038 0.1237 0.4406 0.1179 0.4601 0.1726
0.4494 0.1174 0.4310 0.1248 0.2008 0.4079 0.1235 0.4913 0.1182 0.2282 0.3470 0.1299 0.5149 0.1156 0.2490 0.3003 0.1350 0.5205 0.1144 0.2659 0.2623 0.1396 0.5207 0.1138 0.2822 0.2276 0.1442 0.5182 0.1134 0.2989 0.1967 0.1491 0.5135 0.1133 0.3167 0.1722 0.1544 0.5068 0.1135 0.3356 0.1558 0.1601 0.4980 0.1140 0.3557 0.1452 0.1665 0.4866 0.1148 0.4155 0.1130 0.4155 0.1148 0.4866 0.1665 0.1452 0.3557 0.1140 0.4980 0.1601 0.1558 0.3356 0.1135 0.5068 0.1544 0.1722 0.3167 0.1133 0.5135 0.1491 0.1967 0.2989 0.1134 0.5182 0.1442 0.2276 0.2822 0.1138 0.5207 0.1396 0.2623 0.2659 0.1144 0.5205 0.1350 0.3003 0.2490 0.1156 0.5149 0.1299 0.3470 0.2282 0.1182 0.4913 0.1235 0.4079 0.2008 0.1248 0.4310 0.1174 0.4494
0.1155 0.4206 0.1263 0.1969 0.4159 0.1227 0.4872 0.1184 0.2272 0.3470 0.1302 0.5159 0.1154 0.2525 0.2906 0.1363 0.5210 0.1142 0.2721 0.2481 0.1414 0.5199 0.1136 0.2895 0.2130 0.1464 0.5163 0.1134 0.3071 0.1842 0.1515 0.5106 0.1134 0.3254 0.1636 0.1570 0.5029 0.1137 0.3449 0.1503 0.1630 0.4932 0.1143 0.3656 0.1414 0.1696 0.4814 0.1153 0.3945 0.1248 0.2437 0.1248 0.3945 0.1153 0.4814 0.1696 0.1414 0.3656 0.1143 0.4932 0.1630 0.1503 0.3449 0.1137 0.5029 0.1570 0.1636 0.3254 0.1134 0.5106 0.1515 0.1842 0.3071 0.1134 0.5163 0.1464 0.2130 0.2895 0.1136 0.5199 0.1414 0.2481 0.2721 0.1142 0.5210 0.1363 0.2906 0.2525 0.1154 0.5159 0.1302 0.3470 0.2272 0.1184 0.4872 0.1227 0.4159 0.1969 0.1263 0.4206 0.1155
0.3987 0.1281 0.1928 0.4250 0.1218 0.4809 0.1190 0.2246 0.3514 0.1299 0.5159 0.1153 0.2544 0.2842 0.1373 0.5210 0.1140 0.2775 0.2353 0.1433 0.5188 0.1135 0.2968 0.1997 0.1486 0.5140 0.1133 0.3155 0.1735 0.1541 0.5072 0.1135 0.3344 0.1566 0.1598 0.4986 0.1140 0.3545 0.1457 0.1660 0.4880 0.1147 0.3756 0.1382 0.1729 0.4753 0.1158 0.3989 0.1303 0.1956 0.3005 0.1956 0.1303 0.3989 0.1158 0.4753 0.1729 0.1382 0.3756 0.1147 0.4880 0.1660 0.1457 0.3545 0.1140 0.4986 0.1598 0.1566 0.3344 0.1135 0.5072 0.1541 0.1735 0.3155 0.1133 0.5140 0.1486 0.1997 0.2968 0.1135 0.5188 0.1433 0.2353 0.2775 0.1140 0.5210 0.1373 0.2842 0.2544 0.1153 0.5159 0.1299 0.3514 0.2246 0.1190 0.4809 0.1218 0.4250 0.1928 0.1281 0.3987
0.1318 0.1888 0.4341 0.1208 0.4728 0.1197 0.2208 0.3592 0.1292 0.5149 0.1154 0.2544 0.2819 0.1379 0.5210 0.1139 0.2819 0.2250 0.1449 0.5174 0.1134 0.3039 0.1881 0.1508 0.5113 0.1134 0.3239 0.1649 0.1566 0.5034 0.1137 0.3437 0.1509 0.1626 0.4938 0.1143 0.3643 0.1419 0.1692 0.4823 0.1152 0.3859 0.1353 0.1763 0.4686 0.1164 0.4084 0.1299 0.1870 0.4194 0.1367 0.4194 0.1870 0.1299 0.4084 0.1164 0.4686 0.1763 0.1353 0.3859 0.1152 0.4823 0.1692 0.1419 0.3643 0.1143 0.4938 0.1626 0.1509 0.3437 0.1137 0.5034 0.1566 0.1649 0.3239 0.1134 0.5113 0.1508 0.1881 0.3039 0.1134 0.5174 0.1449 0.2250 0.2819 0.1139 0.5210 0.1379 0.2819 0.2544 0.1154 0.5149 0.1292 0.3592 0.2208 0.1197 0.4728 0.1208 0.4341 0.1888 0.1318
0.1802 0.4429 0.1198 0.4636 0.1207 0.2164 0.3692 0.1282 0.5129 0.1156 0.2525 0.2842 0.1379 0.5209 0.1138 0.2849 0.2178 0.1462 0.5160 0.1134 0.3104 0.1786 0.1530 0.5084 0.1135 0.3322 0.1580 0.1593 0.4994 0.1139 0.3532 0.1463 0.1656 0.4887 0.1147 0.3743 0.1386 0.1724 0.4761 0.1157 0.3963 0.1328 0.1799 0.4614 0.1171 0.4188 0.1283 0.1886 0.4382 0.1223 0.5210 0.1223 0.4382 0.1886 0.1283 0.4188 0.1171 0.4614 0.1799 0.1328 0.3963 0.1157 0.4761 0.1724 0.1386 0.3743 0.1147 0.4887 0.1656 0.1463 0.3532 0.1139 0.4994 0.1593 0.1580 0.3322 0.1135 0.5084 0.1530 0.1786 0.3104 0.1134 0.5160 0.1462 0.2178 0.2849 0.1138 0.5209 0.1379 0.2842 0.2525 0.1156 0.5129 0.1282 0.3692 0.2164 0.1207 0.4636 0.1198 0.4429 0.1802
0.4321 0.1191 0.4536 0.1218 0.2116 0.3802 0.1270 0.5097 0.1159 0.2490 0.2906 0.1373 0.5210 0.1138 0.2859 0.2139 0.1470 0.5150 0.1134 0.3159 0.1714 0.1550 0.5055 0.1136 0.3403 0.1526 0.1619 0.4950 0.1142 0.3626 0.1425 0.1687 0.4831 0.1151 0.3846 0.1357 0.1759 0.4694 0.1163 0.4068 0.1306 0.1837 0.4537 0.1178 0.4295 0.1265 0.1923 0.4345 0.1202 0.4870 0.1109 0.4870 0.1202 0.4345 0.1923 0.1265 0.4295 0.1178 0.4537 0.1837 0.1306 0.4068 0.1163 0.4694 0.1759 0.1357 0.3846 0.1151 0.4831 0.1687 0.1425 0.3626 0.1142 0.4950 0.1619 0.1526 0.3403 0.1136 0.5055 0.1550 0.1714 0.3159 0.1134 0.5150 0.1470 0.2139 0.2859 0.1138 0.5210 0.1373 0.2906 0.2490 0.1159 0.5097 0.1270 0.3802 0.2116 0.1218 0.4536 0.1191 0.4321
0.1168 0.4432 0.1231 0.2069 0.3915 0.1257 0.5051 0.1164 0.2445 0.3003 0.1363 0.5210 0.1139 0.2849 0.2139 0.1473 0.5143 0.1134 0.3198 0.1666 0.1566 0.5028 0.1138 0.3478 0.1484 0.1644 0.4905 0.1146 0.3718 0.1393 0.1718 0.4772 0.1156 0.3948 0.1331 0.1794 0.4623 0.1170 0.4175 0.1286 0.1876 0.4455 0.1187 0.4401 0.1249 0.1965 0.4260 0.1207 0.4690 0.1159 0.2934 0.1159 0.4690 0.1207 0.4260 0.1965 0.1249 0.4401 0.1187 0.4455 0.1876 0.1286 0.4175 0.1170 0.4623 0.1794 0.1331 0.3948 0.1156 0.4772 0.1718 0.1393 0.3718 0.1146 0.4905 0.1644 0.1484 0.3478 0.1138 0.5028 0.1566 0.1666 0.3198 0.1134 0.5143 0.1473 0.2139 0.2849 0.1139 0.5210 0.1363 0.3003 0.2445 0.1164 0.5051 0.1257 0.3915 0.2069 0.1231 0.4432 0.1168
0.4209 0.1246 0.2022 0.4026 0.1244 0.4991 0.1170 0.2392 0.3122 0.1350 0.5210 0.1140 0.2819 0.2178 0.1470 0.5143 0.1134 0.3219 0.1638 0.1578 0.5006 0.1139 0.3542 0.1452 0.1668 0.4859 0.1149 0.3808 0.1365 0.1749 0.4711 0.1162 0.4050 0.1309 0.1831 0.4547 0.1177 0.4281 0.1268 0.1916 0.4367 0.1195 0.4506 0.1235 0.2009 0.4163 0.1217 0.4730 0.1194 0.2309 0.1908 0.2309 0.1194 0.4730 0.1217 0.4163 0.2009 0.1235 0.4506 0.1195 0.4367 0.1916 0.1268 0.4281 0.1177 0.4547 0.1831 0.1309 0.4050 0.1162 0.4711 0.1749 0.1365 0.3808 0.1149 0.4859 0.1668 0.1452 0.3542 0.1139 0.5006 0.1578 0.1638 0.3219 0.1134 0.5143 0.1470 0.2178 0.2819 0.1140 0.5210 0.1350 0.3122 0.2392 0.1170 0.4991 0.1244 0.4026 0.2022 0.1246 0.4209
0.1280 0.1977 0.4133 0.1232 0.4919 0.1177 0.2337 0.3254 0.1335 0.5205 0.1142 0.2775 0.2250 0.1462 0.5150 0.1134 0.3219 0.1629 0.1584 0.4991 0.1140 0.3592 0.1429 0.1689 0.4817 0.1153 0.3892 0.1343 0.1781 0.4647 0.1168 0.4148 0.1290 0.1868 0.4469 0.1185 0.4387 0.1251 0.1959 0.4274 0.1205 0.4608 0.1222 0.2055 0.4058 0.1229 0.4812 0.1195 0.2198 0.3328 0.1527 0.3328 0.2198 0.1195 0.4812 0.1229 0.4058 0.2055 0.1222 0.4608 0.1205 0.4274 0.1959 0.1251 0.4387 0.1185 0.4469 0.1868 0.1290 0.4148 0.1168 0.4647 0.1781 0.1343 0.3892 0.1153 0.4817 0.1689 0.1429 0.3592 0.1140 0.4991 0.1584 0.1629 0.3219 0.1134 0.5150 0.1462 0.2250 0.2775 0.1142 0.5205 0.1335 0.3254 0.2337 0.1177 0.4919 0.1232 0.4133 0.1977 0.1280
0.1886 0.4233 0.1220 0.4836 0.1185 0.2282 0.3389 0.1320 0.5195 0.1144 0.2721 0.2353 0.1449 0.5160 0.1134 0.3198 0.1638 0.1584 0.4986 0.1141 0.3623 0.1415 0.1705 0.4782 0.1157 0.3967 0.1324 0.1810 0.4585 0.1174 0.4243 0.1273 0.1905 0.4388 0.1194 0.4488 0.1237 0.2003 0.4177 0.1216 0.4706 0.1210 0.2103 0.3947 0.1241 0.4896 0.1188 0.2219 0.3600 0.1327 0.5062 0.1327 0.3600 0.2219 0.1188 0.4896 0.1241 0.3947 0.2103 0.1210 0.4706 0.1216 0.4177 0.2003 0.1237 0.4488 0.1194 0.4388 0.1905 0.1273 0.4243 0.1174 0.4585 0.1810 0.1324 0.3967 0.1157 0.4782 0.1705 0.1415 0.3623 0.1141 0.4986 0.1584 0.1638 0.3198 0.1134 0.5160 0.1449 0.2353 0.2721 0.1144 0.5195 0.1320 0.3389 0.2282 0.1185 0.4836 0.1220 0.4233 0.1886
0.4124 0.1211 0.4746 0.1195 0.2228 0.3523 0.1304 0.5177 0.1148 0.2659 0.2481 0.1433 0.5174 0.1134 0.3159 0.1666 0.1578 0.4991 0.1141 0.3634 0.1407 0.1715 0.4757 0.1159 0.4026 0.1310 0.1836 0.4526 0.1180 0.4332 0.1258 0.1942 0.4305 0.1202 0.4583 0.1224 0.2047 0.4075 0.1227 0.4798 0.1199 0.2153 0.3830 0.1254 0.4972 0.1179 0.2267 0.3546 0.1295 0.5202 0.1122 0.5202 0.1295 0.3546 0.2267 0.1179 0.4972 0.1254 0.3830 0.2153 0.1199 0.4798 0.1227 0.4075 0.2047 0.1224 0.4583 0.1202 0.4305 0.1942 0.1258 0.4332 0.1180 0.4526 0.1836 0.1310 0.4026 0.1159 0.4757 0.1715 0.1407 0.3634 0.1141 0.4991 0.1578 0.1666 0.3159 0.1134 0.5174 0.1433 0.2481 0.2659 0.1148 0.5177 0.1304 0.3523 0.2228 0.1195 0.4746 0.1211 0.4124
0.1184 0.4650 0.1205 0.2175 0.3654 0.1288 0.5149 0.1152 0.2595 0.2623 0.1414 0.5188 0.1134 0.3104 0.1714 0.1566 0.5006 0.1140 0.3623 0.1407 0.1719 0.4743 0.1161 0.4067 0.1300 0.1858 0.4474 0.1186 0.4411 0.1246 0.1978 0.4223 0.1211 0.4672 0.1213 0.2091 0.3972 0.1238 0.4882 0.1189 0.2205 0.3708 0.1267 0.5038 0.1172 0.2323 0.3424 0.1301 0.5162 0.1123 0.3562 0.1123 0.5162 0.1301 0.3424 0.2323 0.1172 0.5038 0.1267 0.3708 0.2205 0.1189 0.4882 0.1238 0.3972 0.2091 0.1213 0.4672 0.1211 0.4223 0.1978 0.1246 0.4411 0.1186 0.4474 0.1858 0.1300 0.4067 0.1161 0.4743 0.1719 0.1407 0.3623 0.1140 0.5006 0.1566 0.1714 0.3104 0.1134 0.5188 0.1414 0.2623 0.2595 0.1152 0.5149 0.1288 0.3654 0.2175 0.1205 0.4650 0.1184
0.4428 0.1217 0.2124 0.3779 0.1273 0.5112 0.1157 0.2532 0.2773 0.1396 0.5199 0.1135 0.3039 0.1786 0.1550 0.5028 0.1139 0.3592 0.1415 0.1715 0.4743 0.1162 0.4089 0.1294 0.1873 0.4435 0.1191 0.4475 0.1236 0.2011 0.4145 0.1220 0.4754 0.1203 0.2135 0.3867 0.1250 0.4955 0.1181 0.2257 0.3581 0.1282 0.5092 0.1165 0.2381 0.3285 0.1316 0.5173 0.1144 0.2769 0.1378 0.2769 0.1144 0.5173 0.1316 0.3285 0.2381 0.1165 0.5092 0.1282 0.3581 0.2257 0.1181 0.4955 0.1250 0.3867 0.2135 0.1203 0.4754 0.1220 0.4145 0.2011 0.1236 0.4475 0.1191 0.4435 0.1873 0.1294 0.4089 0.1162 0.4743 0.1715 0.1415 0.3592 0.1139 0.5028 0.1550 0.1786 0.3039 0.1135 0.5199 0.1396 0.2773 0.2532 0.1157 0.5112 0.1273 0.3779 0.2124 0.1217 0.4428
0.1249 0.2075 0.3899 0.1259 0.5062 0.1162 0.2468 0.2924 0.1377 0.5207 0.1136 0.2968 0.1881 0.1530 0.5055 0.1138 0.3542 0.1429 0.1705 0.4757 0.1161 0.4089 0.1292 0.1881 0.4410 0.1194 0.4523 0.1229 0.2039 0.4074 0.1229 0.4824 0.1195 0.2178 0.3763 0.1262 0.5018 0.1174 0.2309 0.3454 0.1297 0.5134 0.1159 0.2441 0.3139 0.1333 0.5192 0.1147 0.2628 0.2226 0.1740 0.2226 0.2628 0.1147 0.5192 0.1333 0.3139 0.2441 0.1159 0.5134 0.1297 0.3454 0.2309 0.1174 0.5018 0.1262 0.3763 0.2178 0.1195 0.4824 0.1229 0.4074 0.2039 0.1229 0.4523 0.1194 0.4410 0.1881 0.1292 0.4089 0.1161 0.4757 0.1705 0.1429 0.3542 0.1138 0.5055 0.1530 0.1881 0.2968 0.1136 0.5207 0.1377 0.2924 0.2468 0.1162 0.5062 0.1259 0.3899 0.2075 0.1249
0.1977 0.4012 0.1246 0.5001 0.1169 0.2406 0.3076 0.1358 0.5210 0.1138 0.2895 0.1997 0.1508 0.5084 0.1136 0.3478 0.1452 0.1689 0.4782 0.1159 0.4067 0.1294 0.1881 0.4401 0.1196 0.4552 0.1224 0.2061 0.4016 0.1236 0.4880 0.1188 0.2218 0.3663 0.1274 0.5068 0.1168 0.2361 0.3327 0.1311 0.5165 0.1154 0.2502 0.2990 0.1350 0.5204 0.1144 0.2656 0.2542 0.1472 0.4682 0.1472 0.2542 0.2656 0.1144 0.5204 0.1350 0.2990 0.2502 0.1154 0.5165 0.1311 0.3327 0.2361 0.1168 0.5068 0.1274 0.3663 0.2218 0.1188 0.4880 0.1236 0.4016 0.2061 0.1224 0.4552 0.1196 0.4401 0.1881 0.1294 0.4067 0.1159 0.4782 0.1689 0.1452 0.3478 0.1136 0.5084 0.1508 0.1997 0.2895 0.1138 0.5210 0.1358 0.3076 0.2406 0.1169 0.5001 0.1246 0.4012 0.1977
0.3902 0.1235 0.4929 0.1176 0.2347 0.3224 0.1340 0.5208 0.1140 0.2822 0.2130 0.1486 0.5113 0.1135 0.3403 0.1484 0.1668 0.4817 0.1157 0.4026 0.1300 0.1873 0.4410 0.1196 0.4562 0.1222 0.2074 0.3975 0.1241 0.4923 0.1183 0.2254 0.3570 0.1285 0.5107 0.1163 0.2412 0.3201 0.1326 0.5186 0.1150 0.2563 0.2844 0.1368 0.5210 0.1141 0.2719 0.2477 0.1427 0.5132 0.1165 0.5132 0.1427 0.2477 0.2719 0.1141 0.5210 0.1368 0.2844 0.2563 0.1150 0.5186 0.1326 0.3201 0.2412 0.1163 0.5107 0.1285 0.3570 0.2254 0.1183 0.4923 0.1241 0.3975 0.2074 0.1222 0.4562 0.1196 0.4410 0.1873 0.1300 0.4026 0.1157 0.4817 0.1668 0.1484 0.3403 0.1135 0.5113 0.1486 0.2130 0.2822 0.1140 0.5208 0.1340 0.3224 0.2347 0.1176 0.4929 0.1235 0.3902
0.1204 0.4847 0.1184 0.2290 0.3368 0.1323 0.5198 0.1143 0.2748 0.2276 0.1464 0.5140 0.1134 0.3322 0.1526 0.1644 0.4859 0.1153 0.3967 0.1310 0.1858 0.4435 0.1194 0.4552 0.1222 0.2078 0.3954 0.1245 0.4950 0.1179 0.2282 0.3491 0.1295 0.5136 0.1158 0.2460 0.3079 0.1341 0.5200 0.1146 0.2624 0.2700 0.1386 0.5209 0.1139 0.2790 0.2338 0.1435 0.5177 0.1121 0.4301 0.1121 0.5177 0.1435 0.2338 0.2790 0.1139 0.5209 0.1386 0.2700 0.2624 0.1146 0.5200 0.1341 0.3079 0.2460 0.1158 0.5136 0.1295 0.3491 0.2282 0.1179 0.4950 0.1245 0.3954 0.2078 0.1222 0.4552 0.1194 0.4435 0.1858 0.1310 0.3967 0.1153 0.4859 0.1644 0.1526 0.3322 0.1134 0.5140 0.1464 0.2276 0.2748 0.1143 0.5198 0.1323 0.3368 0.2290 0.1184 0.4847 0.1204
0.4635 0.1194 0.2234 0.3506 0.1306 0.5180 0.1147 0.2677 0.2430 0.1442 0.5163 0.1133 0.3239 0.1580 0.1619 0.4905 0.1149 0.3892 0.1324 0.1836 0.4474 0.1191 0.4523 0.1224 0.2074 0.3954 0.1246 0.4964 0.1177 0.2302 0.3431 0.1303 0.5156 0.1155 0.2503 0.2968 0.1355 0.5207 0.1143 0.2685 0.2560 0.1404 0.5204 0.1137 0.2860 0.2193 0.1455 0.5169 0.1129 0.3356 0.1211 0.3356 0.1129 0.5169 0.1455 0.2193 0.2860 0.1137 0.5204 0.1404 0.2560 0.2685 0.1143 0.5207 0.1355 0.2968 0.2503 0.1155 0.5156 0.1303 0.3431 0.2302 0.1177 0.4964 0.1246 0.3954 0.2074 0.1224 0.4523 0.1191 0.4474 0.1836 0.1324 0.3892 0.1149 0.4905 0.1619 0.1580 0.3239 0.1133 0.5163 0.1442 0.2430 0.2677 0.1147 0.5180 0.1306 0.3506 0.2234 0.1194 0.4635
0.1223 0.2181 0.3638 0.1290 0.5154 0.1151 0.2607 0.2588 0.1420 0.5182 0.1134 0.3155 0.1649 0.1593 0.4950 0.1146 0.3808 0.1343 0.1810 0.4526 0.1186 0.4475 0.1229 0.2061 0.3975 0.1245 0.4964 0.1177 0.2313 0.3394 0.1309 0.5168 0.1152 0.2541 0.2870 0.1368 0.5210 0.1141 0.2742 0.2430 0.1422 0.5195 0.1135 0.2930 0.2060 0.1476 0.5150 0.1132 0.3178 0.1484 0.2018 0.1484 0.3178 0.1132 0.5150 0.1476 0.2060 0.2930 0.1135 0.5195 0.1422 0.2430 0.2742 0.1141 0.5210 0.1368 0.2870 0.2541 0.1152 0.5168 0.1309 0.3394 0.2313 0.1177 0.4964 0.1245 0.3975 0.2061 0.1229 0.4475 0.1186 0.4526 0.1810 0.1343 0.3808 0.1146 0.4950 0.1593 0.1649 0.3155 0.1134 0.5182 0.1420 0.2588 0.2607 0.1151 0.5154 0.1290 0.3638 0.2181 0.1223
0.2077 0.3763 0.1275 0.5117 0.1156 0.2541 0.2747 0.1399 0.5197 0.1134 0.3071 0.1735 0.1566 0.4994 0.1142 0.3718 0.1365 0.1781 0.4585 0.1180 0.4411 0.1236 0.2039 0.4016 0.1241 0.4950 0.1177 0.2313 0.3381 0.1312 0.5175 0.1151 0.2569 0.2792 0.1379 0.5210 0.1139 0.2795 0.2311 0.1439 0.5182 0.1134 0.3000 0.1940 0.1497 0.5126 0.1133 0.3211 0.1623 0.1664 0.4057 0.1664 0.1623 0.3211 0.1133 0.5126 0.1497 0.1940 0.3000 0.1134 0.5182 0.1439 0.2311 0.2795 0.1139 0.5210 0.1379 0.2792 0.2569 0.1151 0.5175 0.1312 0.3381 0.2313 0.1177 0.4950 0.1241 0.4016 0.2039 0.1236 0.4411 0.1180 0.4585 0.1781 0.1365 0.3718 0.1142 0.4994 0.1566 0.1735 0.3071 0.1134 0.5197 0.1399 0.2747 0.2541 0.1156 0.5117 0.1275 0.3763 0.2077
0.3654 0.1263 0.5069 0.1162 0.2476 0.2903 0.1380 0.5206 0.1136 0.2989 0.1842 0.1541 0.5034 0.1139 0.3626 0.1393 0.1749 0.4647 0.1174 0.4332 0.1246 0.2011 0.4074 0.1236 0.4923 0.1179 0.2302 0.3394 0.1312 0.5177 0.1150 0.2587 0.2737 0.1387 0.5208 0.1138 0.2842 0.2207 0.1455 0.5168 0.1134 0.3068 0.1836 0.1518 0.5100 0.1134 0.3283 0.1601 0.1601 0.4827 0.1239 0.4827 0.1601 0.1601 0.3283 0.1134 0.5100 0.1518 0.1836 0.3068 0.1134 0.5168 0.1455 0.2207 0.2842 0.1138 0.5208 0.1387 0.2737 0.2587 0.1150 0.5177 0.1312 0.3394 0.2302 0.1179 0.4923 0.1236 0.4074 0.2011 0.1246 0.4332 0.1174 0.4647 0.1749 0.1393 0.3626 0.1139 0.5034 0.1541 0.1842 0.2989 0.1136 0.5206 0.1380 0.2903 0.2476 0.1162 0.5069 0.1263 0.3654
0.1228 0.5010 0.1168 0.2414 0.3057 0.1360 0.5210 0.1137 0.2909 0.1967 0.1515 0.5072 0.1137 0.3532 0.1425 0.1718 0.4711 0.1168 0.4243 0.1258 0.1978 0.4145 0.1229 0.4880 0.1183 0.2282 0.3431 0.1309 0.5175 0.1150 0.2594 0.2708 0.1392 0.5206 0.1137 0.2880 0.2124 0.1470 0.5153 0.1133 0.3130 0.1751 0.1539 0.5071 0.1135 0.3361 0.1550 0.1610 0.4937 0.1149 0.4969 0.1149 0.4937 0.1610 0.1550 0.3361 0.1135 0.5071 0.1539 0.1751 0.3130 0.1133 0.5153 0.1470 0.2124 0.2880 0.1137 0.5206 0.1392 0.2708 0.2594 0.1150 0.5175 0.1309 0.3431 0.2282 0.1183 0.4880 0.1229 0.4145 0.1978 0.1258 0.4243 0.1168 0.4711 0.1718 0.1425 0.3532 0.1137 0.5072 0.1515 0.1967 0.2909 0.1137 0.5210 0.1360 0.3057 0.2414 0.1168 0.5010 0.1228
0.4816 0.1176 0.2354 0.3206 0.1342 0.5208 0.1140 0.2832 0.2106 0.1491 0.5106 0.1135 0.3437 0.1463 0.1687 0.4772 0.1162 0.4148 0.1273 0.1942 0.4223 0.1220 0.4824 0.1188 0.2254 0.3491 0.1303 0.5168 0.1151 0.2587 0.2708 0.1394 0.5205 0.1136 0.2906 0.2065 0.1481 0.5139 0.1134 0.3187 0.1685 0.1558 0.5042 0.1137 0.3438 0.1505 0.1632 0.4921 0.1143 0.4054 0.1136 0.4054 0.1143 0.4921 0.1632 0.1505 0.3438 0.1137 0.5042 0.1558 0.1685 0.3187 0.1134 0.5139 0.1481 0.2065 0.2906 0.1136 0.5205 0.1394 0.2708 0.2587 0.1151 0.5168 0.1303 0.3491 0.2254 0.1188 0.4824 0.1220 0.4223 0.1942 0.1273 0.4148 0.1162 0.4772 0.1687 0.1463 0.3437 0.1135 0.5106 0.1491 0.2106 0.2832 0.1140 0.5208 0.1342 0.3206 0.2354 0.1176 0.4816
0.1201 0.2297 0.3350 0.1325 0.5199 0.1143 0.2757 0.2255 0.1467 0.5135 0.1134 0.3344 0.1509 0.1656 0.4831 0.1156 0.4050 0.1290 0.1905 0.4305 0.1211 0.4754 0.1195 0.2218 0.3570 0.1295 0.5156 0.1152 0.2569 0.2737 0.1392 0.5205 0.1136 0.2920 0.2029 0.1489 0.5129 0.1134 0.3235 0.1636 0.1576 0.5014 0.1139 0.3510 0.1468 0.1656 0.4882 0.1147 0.3836 0.1267 0.2378 0.1267 0.3836 0.1147 0.4882 0.1656 0.1468 0.3510 0.1139 0.5014 0.1576 0.1636 0.3235 0.1134 0.5129 0.1489 0.2029 0.2920 0.1136 0.5205 0.1392 0.2737 0.2569 0.1152 0.5156 0.1295 0.3570 0.2218 0.1195 0.4754 0.1211 0.4305 0.1906 0.1290 0.4050 0.1156 0.4831 0.1656 0.1509 0.3344 0.1134 0.5135 0.1467 0.2255 0.2757 0.1143 0.5199 0.1325 0.3350 0.2297 0.1201
0.2184 0.3488 0.1308 0.5183 0.1146 0.2685 0.2410 0.1445 0.5160 0.1133 0.3254 0.1566 0.1626 0.4887 0.1151 0.3948 0.1309 0.1868 0.4388 0.1202 0.4672 0.1203 0.2178 0.3663 0.1285 0.5136 0.1155 0.2541 0.2792 0.1387 0.5206 0.1136 0.2920 0.2017 0.1493 0.5121 0.1134 0.3270 0.1601 0.1590 0.4988 0.1140 0.3577 0.1438 0.1679 0.4839 0.1151 0.3863 0.1329 0.1911 0.3163 0.1911 0.1329 0.3863 0.1151 0.4839 0.1679 0.1438 0.3577 0.1140 0.4988 0.1590 0.1601 0.3270 0.1134 0.5121 0.1493 0.2017 0.2920 0.1136 0.5206 0.1387 0.2792 0.2541 0.1155 0.5136 0.1285 0.3663 0.2178 0.1203 0.4673 0.1202 0.4387 0.1868 0.1309 0.3949 0.1151 0.4887 0.1626 0.1566 0.3254 0.1133 0.5160 0.1445 0.2410 0.2685 0.1146 0.5183 0.1308 0.3488 0.2184
0.3380 0.1294 0.5158 0.1151 0.2616 0.2568 0.1423 0.5180 0.1133 0.3167 0.1636 0.1598 0.4938 0.1147 0.3846 0.1331 0.1831 0.4469 0.1194 0.4583 0.1213 0.2135 0.3763 0.1274 0.5107 0.1158 0.2503 0.2870 0.1379 0.5208 0.1137 0.2906 0.2029 0.1493 0.5119 0.1134 0.3293 0.1579 0.1601 0.4967 0.1142 0.3635 0.1415 0.1701 0.4796 0.1155 0.3934 0.1329 0.1822 0.4306 0.1346 0.4306 0.1823 0.1329 0.3934 0.1155 0.4796 0.1701 0.1415 0.3635 0.1142 0.4967 0.1601 0.1579 0.3293 0.1134 0.5119 0.1493 0.2029 0.2906 0.1137 0.5208 0.1379 0.2870 0.2503 0.1158 0.5107 0.1274 0.3763 0.2135 0.1213 0.4585 0.1194 0.4468 0.1831 0.1331 0.3846 0.1147 0.4938 0.1598 0.1636 0.3167 0.1133 0.5180 0.1423 0.2568 0.2616 0.1151 0.5158 0.1294 0.3380
0.1255 0.5123 0.1155 0.2549 0.2727 0.1402 0.5195 0.1134 0.3081 0.1722 0.1570 0.4986 0.1143 0.3743 0.1357 0.1794 0.4547 0.1185 0.4488 0.1224 0.2091 0.3867 0.1262 0.5068 0.1163 0.2460 0.2968 0.1368 0.5210 0.1138 0.2880 0.2065 0.1489 0.5121 0.1134 0.3301 0.1568 0.1609 0.4951 0.1143 0.3680 0.1397 0.1721 0.4756 0.1159 0.4007 0.1315 0.1829 0.4497 0.1209 0.5209 0.1209 0.4496 0.1830 0.1315 0.4007 0.1159 0.4755 0.1721 0.1397 0.3680 0.1143 0.4951 0.1609 0.1568 0.3301 0.1134 0.5121 0.1489 0.2065 0.2880 0.1138 0.5210 0.1368 0.2967 0.2460 0.1162 0.5068 0.1262 0.3866 0.2092 0.1224 0.4490 0.1185 0.4546 0.1795 0.1356 0.3744 0.1143 0.4985 0.1571 0.1721 0.3082 0.1134 0.5195 0.1402 0.2725 0.2550 0.1155 0.5123 0.1255
0.4954 0.1162 0.2484 0.2883 0.1382 0.5205 0.1135 0.2999 0.1827 0.1544 0.5029 0.1140 0.3643 0.1386 0.1759 0.4623 0.1177 0.4387 0.1237 0.2047 0.3972 0.1250 0.5018 0.1168 0.2412 0.3079 0.1355 0.5210 0.1139 0.2842 0.2124 0.1481 0.5129 0.1134 0.3293 0.1568 0.1611 0.4943 0.1144 0.3712 0.1385 0.1736 0.4721 0.1162 0.4074 0.1301 0.1853 0.4484 0.1188 0.4750 0.1110 0.4754 0.1188 0.4479 0.1854 0.1300 0.4077 0.1162 0.4719 0.1737 0.1384 0.3715 0.1144 0.4941 0.1612 0.1566 0.3295 0.1134 0.5128 0.1481 0.2120 0.2844 0.1139 0.5210 0.1356 0.3074 0.2414 0.1167 0.5020 0.1251 0.3966 0.2049 0.1236 0.4391 0.1177 0.4620 0.1761 0.1384 0.3648 0.1140 0.5027 0.1545 0.1822 0.3003 0.1135 0.5205 0.1383 0.2876 0.2487 0.1161 0.4957
0.1182 0.2422 0.3037 0.1363 0.5210 0.1137 0.2919 0.1950 0.1518 0.5068 0.1137 0.3545 0.1419 0.1724 0.4694 0.1170 0.4281 0.1251 0.2003 0.4075 0.1238 0.4955 0.1174 0.2361 0.3201 0.1341 0.5207 0.1141 0.2795 0.2207 0.1470 0.5139 0.1134 0.3270 0.1579 0.1609 0.4943 0.1145 0.3729 0.1378 0.1746 0.4695 0.1165 0.4129 0.1289 0.1877 0.4436 0.1190 0.4528 0.1172 0.2837 0.1167 0.4563 0.1193 0.4409 0.1888 0.1282 0.4156 0.1166 0.4679 0.1755 0.1369 0.3751 0.1144 0.4933 0.1615 0.1565 0.3287 0.1132 0.5134 0.1474 0.2177 0.2810 0.1139 0.5208 0.1345 0.3172 0.2373 0.1171 0.4970 0.1241 0.4054 0.2012 0.1246 0.4304 0.1171 0.4680 0.1732 0.1410 0.3566 0.1136 0.5060 0.1524 0.1922 0.2936 0.1135 0.5210 0.1367 0.3003 0.2436 0.1178
0.2301 0.3187 0.1344 0.5209 0.1140 0.2842 0.2088 0.1494 0.5102 0.1135 0.3449 0.1457 0.1692 0.4761 0.1163 0.4175 0.1268 0.1959 0.4177 0.1227 0.4882 0.1181 0.2309 0.3327 0.1326 0.5200 0.1143 0.2742 0.2311 0.1455 0.5153 0.1134 0.3235 0.1601 0.1601 0.4951 0.1144 0.3729 0.1375 0.1752 0.4679 0.1167 0.4170 0.1281 0.1897 0.4387 0.1195 0.4536 0.1213 0.2236 0.1976 0.2326 0.1177 0.4719 0.1211 0.4232 0.1967 0.1242 0.4327 0.1175 0.4577 0.1803 0.1329 0.3861 0.1145 0.4888 0.1638 0.1519 0.3340 0.1128 0.5123 0.1483 0.2133 0.2828 0.1132 0.5209 0.1346 0.3163 0.2376 0.1163 0.4968 0.1240 0.4059 0.2011 0.1239 0.4296 0.1168 0.4685 0.1731 0.1405 0.3558 0.1132 0.5063 0.1523 0.1928 0.2931 0.1129 0.5210 0.1367 0.3003 0.2376
0.3082 0.1328 0.5201 0.1142 0.2767 0.2236 0.1470 0.5132 0.1134 0.3356 0.1503 0.1660 0.4823 0.1157 0.4068 0.1286 0.1916 0.4274 0.1216 0.4798 0.1189 0.2257 0.3454 0.1311 0.5186 0.1146 0.2685 0.2430 0.1439 0.5168 0.1133 0.3187 0.1636 0.1590 0.4967 0.1143 0.3712 0.1378 0.1752 0.4673 0.1168 0.4194 0.1275 0.1913 0.4347 0.1200 0.4582 0.1219 0.2109 0.3373 0.1621 0.2170 0.2622 0.1121 0.5149 0.1295 0.3527 0.2257 0.1155 0.4870 0.1228 0.4109 0.2010 0.1215 0.4355 0.1172 0.4606 0.1782 0.1338 0.3729 0.1132 0.4979 0.1582 0.1669 0.3119 0.1114 0.5188 0.1416 0.2620 0.2595 0.1126 0.5148 0.1287 0.3656 0.2179 0.1176 0.4648 0.1196 0.4420 0.1858 0.1291 0.3900 0.1139 0.4912 0.1618 0.1573 0.3216 0.1115 0.5168 0.1441 0.2201
0.1285 0.5186 0.1146 0.2695 0.2390 0.1447 0.5157 0.1133 0.3266 0.1558 0.1630 0.4880 0.1152 0.3963 0.1306 0.1876 0.4367 0.1205 0.4706 0.1199 0.2205 0.3581 0.1297 0.5165 0.1150 0.2624 0.2560 0.1422 0.5182 0.1134 0.3130 0.1685 0.1576 0.4988 0.1142 0.3680 0.1385 0.1746 0.4679 0.1168 0.4202 0.1273 0.1922 0.4321 0.1204 0.4624 0.1216 0.2098 0.3777 0.1382 0.4152 0.2174 0.1228 0.3952 0.1139 0.4894 0.1637 0.1513 0.3316 0.1116 0.5131 0.1479 0.2153 0.2816 0.1112 0.5209 0.1347 0.3152 0.2384 0.1137 0.4983 0.1242 0.4028 0.2031 0.1208 0.4335 0.1168 0.4656 0.1752 0.1365 0.3602 0.1124 0.5045 0.1539 0.1853 0.2968 0.1110 0.5209 0.1376 0.2938 0.2463 0.1129 0.5055 0.1256 0.3913 0.2077 0.1194 0.4439 0.1177 0.4576 0.1751
0.5040 0.1151 0.2625 0.2548 0.1426 0.5178 0.1133 0.3178 0.1626 0.1601 0.4932 0.1147 0.3859 0.1328 0.1837 0.4455 0.1195 0.4608 0.1210 0.2153 0.3708 0.1282 0.5134 0.1154 0.2563 0.2700 0.1404 0.5195 0.1134 0.3068 0.1751 0.1558 0.5014 0.1140 0.3635 0.1397 0.1736 0.4695 0.1167 0.4194 0.1273 0.1925 0.4307 0.1206 0.4653 0.1212 0.2110 0.3864 0.1283 0.5132 0.1386 0.1250 0.4001 0.1125 0.5107 0.1492 0.2081 0.2855 0.1127 0.5210 0.1355 0.3091 0.2408 0.1154 0.5010 0.1248 0.3986 0.2044 0.1222 0.4374 0.1172 0.4630 0.1760 0.1372 0.3639 0.1131 0.5030 0.1546 0.1820 0.2998 0.1122 0.5206 0.1383 0.2882 0.2487 0.1144 0.5076 0.1262 0.3869 0.2091 0.1208 0.4471 0.1180 0.4563 0.1790 0.1346 0.3724 0.1134 0.4992 0.1571 0.1631
0.1167 0.2558 0.2706 0.1405 0.5193 0.1134 0.3092 0.1710 0.1574 0.4980 0.1143 0.3756 0.1353 0.1799 0.4537 0.1187 0.4506 0.1222 0.2103 0.3830 0.1267 0.5092 0.1159 0.2502 0.2844 0.1386 0.5204 0.1135 0.3000 0.1836 0.1539 0.5042 0.1139 0.3577 0.1415 0.1721 0.4721 0.1165 0.4170 0.1275 0.1922 0.4307 0.1207 0.4667 0.1210 0.2123 0.3855 0.1259 0.5110 0.1137 0.3124 0.5042 0.1164 0.5084 0.1479 0.2183 0.2802 0.1138 0.5207 0.1341 0.3205 0.2360 0.1171 0.4953 0.1238 0.4078 0.2002 0.1248 0.4281 0.1168 0.4694 0.1726 0.1415 0.3547 0.1135 0.5067 0.1520 0.1945 0.2922 0.1134 0.5210 0.1364 0.3032 0.2425 0.1163 0.5020 0.1249 0.3980 0.2042 0.1235 0.4370 0.1175 0.4636 0.1754 0.1387 0.3626 0.1137 0.5035 0.1540 0.1841 0.2908
0.2428 0.2863 0.1385 0.5204 0.1135 0.3009 0.1813 0.1547 0.5024 0.1140 0.3656 0.1382 0.1763 0.4614 0.1178 0.4401 0.1235 0.2055 0.3947 0.1254 0.5038 0.1165 0.2441 0.2990 0.1368 0.5209 0.1137 0.2930 0.1940 0.1518 0.5071 0.1137 0.3510 0.1438 0.1701 0.4756 0.1162 0.4129 0.1281 0.1913 0.4321 0.1206 0.4667 0.1209 0.2130 0.3834 0.1259 0.5037 0.1156 0.2652 0.2067 0.1357 0.4881 0.1506 0.2106 0.2838 0.1139 0.5210 0.1351 0.3122 0.2393 0.1169 0.4996 0.1246 0.4010 0.2031 0.1241 0.4350 0.1174 0.4648 0.1747 0.1396 0.3610 0.1138 0.5042 0.1535 0.1866 0.2972 0.1135 0.5208 0.1376 0.2935 0.2463 0.1162 0.5058 0.1258 0.3908 0.2071 0.1229 0.4437 0.1181 0.4588 0.1775 0.1371 0.3689 0.1141 0.5009 0.1556 0.1775 0.3038 0.1138
0.2766 0.1367 0.5210 0.1137 0.2929 0.1934 0.1522 0.5063 0.1138 0.3557 0.1414 0.1729 0.4686 0.1171 0.4295 0.1249 0.2009 0.4058 0.1241 0.4972 0.1172 0.2381 0.3139 0.1350 0.5210 0.1139 0.2860 0.2060 0.1497 0.5100 0.1135 0.3438 0.1468 0.1679 0.4796 0.1159 0.4074 0.1289 0.1897 0.4347 0.1204 0.4653 0.1210 0.2130 0.3826 0.1260 0.5035 0.1166 0.2432 0.2678 0.1527 0.4542 0.1554 0.1989 0.2889 0.1138 0.5210 0.1364 0.3008 0.2440 0.1164 0.5047 0.1257 0.3912 0.2072 0.1229 0.4446 0.1182 0.4578 0.1780 0.1368 0.3703 0.1141 0.5004 0.1560 0.1762 0.3048 0.1134 0.5200 0.1394 0.2790 0.2523 0.1157 0.5105 0.1271 0.3798 0.2116 0.1218 0.4533 0.1189 0.4515 0.1809 0.1346 0.3784 0.1144 0.4968 0.1581 0.1686 0.3115 0.1135 0.5058
0.1319 0.5209 0.1139 0.2851 0.2070 0.1497 0.5098 0.1136 0.3461 0.1452 0.1696 0.4753 0.1164 0.4188 0.1265 0.1965 0.4163 0.1229 0.4896 0.1179 0.2323 0.3285 0.1333 0.5204 0.1141 0.2790 0.2193 0.1476 0.5126 0.1134 0.3361 0.1505 0.1656 0.4839 0.1155 0.4007 0.1301 0.1877 0.4387 0.1200 0.4624 0.1212 0.2123 0.3834 0.1260 0.5037 0.1168 0.2391 0.3008 0.1474 0.4288 0.1625 0.1836 0.2945 0.1136 0.5208 0.1377 0.2895 0.2489 0.1160 0.5091 0.1269 0.3811 0.2115 0.1218 0.4542 0.1190 0.4502 0.1816 0.1341 0.3803 0.1145 0.4959 0.1586 0.1669 0.3131 0.1134 0.5187 0.1414 0.2634 0.2588 0.1153 0.5144 0.1286 0.3675 0.2166 0.1207 0.4633 0.1198 0.4433 0.1847 0.1322 0.3885 0.1148 0.4919 0.1609 0.1607 0.3200 0.1133 0.5173 0.1399
0.5080 0.1143 0.2778 0.2214 0.1474 0.5128 0.1134 0.3369 0.1496 0.1665 0.4814 0.1158 0.4084 0.1283 0.1923 0.4260 0.1217 0.4812 0.1188 0.2267 0.3424 0.1316 0.5192 0.1144 0.2719 0.2338 0.1455 0.5150 0.1133 0.3283 0.1550 0.1632 0.4882 0.1151 0.3934 0.1315 0.1853 0.4436 0.1195 0.4582 0.1216 0.2109 0.3858 0.1259 0.5034 0.1168 0.2382 0.3137 0.1409 0.4598 0.1752 0.1572 0.3047 0.1134 0.5204 0.1390 0.2791 0.2534 0.1156 0.5126 0.1280 0.3708 0.2158 0.1208 0.4632 0.1198 0.4424 0.1852 0.1318 0.3905 0.1149 0.4909 0.1614 0.1593 0.3217 0.1133 0.5169 0.1435 0.2476 0.2656 0.1148 0.5174 0.1301 0.3545 0.2219 0.1196 0.4730 0.1208 0.4344 0.1886 0.1300 0.3990 0.1153 0.4866 0.1638 0.1543 0.3288 0.1134 0.5151 0.1454 0.2134
0.1153 0.2713 0.2351 0.1453 0.5151 0.1133 0.3288 0.1542 0.1638 0.4866 0.1153 0.3989 0.1299 0.1886 0.4345 0.1207 0.4730 0.1195 0.2219 0.3546 0.1301 0.5173 0.1147 0.2656 0.2477 0.1435 0.5169 0.1132 0.3211 0.1601 0.1610 0.4921 0.1147 0.3863 0.1329 0.1829 0.4484 0.1190 0.4535 0.1220 0.2093 0.3889 0.1256 0.5027 0.1168 0.2381 0.3189 0.1356 0.5093 0.1358 0.1347 0.3428 0.1128 0.5197 0.1401 0.2697 0.2576 0.1152 0.5151 0.1292 0.3607 0.2200 0.1199 0.4716 0.1207 0.4344 0.1888 0.1298 0.4006 0.1154 0.4855 0.1644 0.1532 0.3306 0.1134 0.5146 0.1458 0.2320 0.2727 0.1144 0.5194 0.1318 0.3408 0.2273 0.1187 0.4822 0.1219 0.4250 0.1927 0.1281 0.4095 0.1159 0.4807 0.1668 0.1491 0.3380 0.1134 0.5124 0.1476 0.2197 0.2712
0.2617 0.2409 0.1445 0.5161 0.1129 0.3250 0.1563 0.1626 0.4889 0.1148 0.3945 0.1303 0.1870 0.4382 0.1202 0.4690 0.1194 0.2198 0.3600 0.1295 0.5162 0.1144 0.2628 0.2542 0.1427 0.5177 0.1129 0.3178 0.1623 0.1601 0.4937 0.1143 0.3836 0.1329 0.1822 0.4497 0.1188 0.4527 0.1215 0.2096 0.3877 0.1258 0.5041 0.1161 0.2404 0.3140 0.1345 0.5211 0.1124 0.3593 0.4809 0.1135 0.5169 0.1414 0.2617 0.2613 0.1150 0.5170 0.1302 0.3512 0.2241 0.1191 0.4793 0.1216 0.4262 0.1925 0.1281 0.4104 0.1159 0.4798 0.1674 0.1482 0.3398 0.1135 0.5119 0.1481 0.2168 0.2800 0.1141 0.5205 0.1335 0.3267 0.2330 0.1178 0.4906 0.1230 0.4150 0.1970 0.1263 0.4202 0.1165 0.4744 0.1700 0.1447 0.3473 0.1136 0.5093 0.1500 0.2052 0.2861 0.1146
0.1894 0.1496 0.5106 0.1122 0.3433 0.1444 0.1690 0.4773 0.1155 0.4155 0.1248 0.1956 0.4194 0.1223 0.4870 0.1159 0.2309 0.3328 0.1327 0.5202 0.1123 0.2769 0.2226 0.1472 0.5132 0.1121 0.3356 0.1484 0.1664 0.4827 0.1149 0.4054 0.1267 0.1911 0.4307 0.1209 0.4749 0.1173 0.2218 0.3579 0.1294 0.5154 0.1132 0.2574 0.2720 0.1396 0.5203 0.1115 0.3202 0.1452 0.1430 0.4874 0.1451 0.2531 0.2643 0.1148 0.5183 0.1312 0.3423 0.2278 0.1185 0.4860 0.1225 0.4180 0.1962 0.1265 0.4199 0.1165 0.4739 0.1704 0.1441 0.3490 0.1136 0.5087 0.1505 0.2024 0.2876 0.1138 0.5210 0.1353 0.3119 0.2389 0.1171 0.4981 0.1242 0.4044 0.2015 0.1247 0.4308 0.1172 0.4677 0.1733 0.1410 0.3570 0.1138 0.5058 0.1525 0.1918 0.2939 0.1138 0.5083
0.1736 0.4610 0.1173 0.4392 0.1199 0.2056 0.3962 0.1250 0.5029 0.1130 0.2437 0.3005 0.1367 0.5210 0.1109 0.2934 0.1908 0.1527 0.5062 0.1122 0.3562 0.1378 0.1740 0.4682 0.1165 0.4301 0.1211 0.2018 0.4057 0.1239 0.4969 0.1136 0.2378 0.3163 0.1346 0.5209 0.1110 0.2824 0.2132 0.1484 0.5125 0.1115 0.3337 0.1497 0.1644 0.4887 0.1140 0.3904 0.1262 0.1969 0.3870 0.1561 0.2365 0.2672 0.1146 0.5191 0.1320 0.3346 0.2313 0.1179 0.4916 0.1234 0.4100 0.1997 0.1252 0.4290 0.1171 0.4679 0.1734 0.1407 0.3582 0.1138 0.5051 0.1530 0.1893 0.2955 0.1136 0.5209 0.1371 0.2968 0.2450 0.1164 0.5046 0.1255 0.3932 0.2061 0.1233 0.4414 0.1179 0.4604 0.1768 0.1378 0.3668 0.1141 0.5018 0.1551 0.1799 0.3020 0.1135 0.5203 0.1357
0.1894 0.1496 0.5106 0.1122 0.3433 0.1444 0.1690 0.4773 0.1155 0.4155 0.1248 0.1956 0.4194 0.1223 0.4870 0.1159 0.2309 0.3328 0.1327 0.5202 0.1123 0.2769 0.2226 0.1472 0.5132 0.1121 0.3356 0.1484 0.1664 0.4827 0.1149 0.4054 0.1267 0.1911 0.4307 0.1209 0.4749 0.1173 0.2218 0.3579 0.1294 0.5154 0.1132 0.2574 0.2720 0.1396 0.5203 0.1117 0.3014 0.1587 0.1884 0.1887 0.2729 0.1144 0.5195 0.1326 0.3286 0.2341 0.1175 0.4962 0.1242 0.4026 0.2031 0.1240 0.4376 0.1177 0.4617 0.1765 0.1379 0.3673 0.1141 0.5013 0.1555 0.1778 0.3036 0.1135 0.5201 0.1391 0.2812 0.2513 0.1158 0.5098 0.1269 0.3815 0.2109 0.1220 0.4519 0.1188 0.4527 0.1804 0.1350 0.3769 0.1144 0.4974 0.1577 0.1698 0.3103 0.1134 0.5192 0.1409 0.2443
0.2617 0.2409 0.1445 0.5161 0.1129 0.3250 0.1563 0.1626 0.4889 0.1148 0.3945 0.1303 0.1870 0.4382 0.1202 0.4690 0.1194 0.2198 0.3600 0.1295 0.5162 0.1144 0.2628 0.2542 0.1427 0.5177 0.1129 0.3178 0.1623 0.1601 0.4937 0.1143 0.3836 0.1329 0.1822 0.4497 0.1188 0.4527 0.1215 0.2096 0.3877 0.1258 0.5041 0.1161 0.2404 0.3143 0.1342 0.5206 0.1130 0.2996 0.1292 0.2956 0.1137 0.5199 0.1330 0.3247 0.2361 0.1172 0.4997 0.1249 0.3958 0.2061 0.1230 0.4454 0.1184 0.4554 0.1795 0.1354 0.3762 0.1144 0.4971 0.1580 0.1685 0.3118 0.1134 0.5189 0.1411 0.2655 0.2579 0.1153 0.5140 0.1284 0.3691 0.2160 0.1208 0.4620 0.1197 0.4444 0.1842 0.1325 0.3872 0.1148 0.4926 0.1605 0.1616 0.3189 0.1133 0.5175 0.1428 0.2527 0.2564
0.1153 0.2713 0.2351 0.1453 0.5151 0.1133 0.3288 0.1542 0.1638 0.4866 0.1153 0.3989 0.1299 0.1886 0.4345 0.1207 0.4730 0.1195 0.2219 0.3546 0.1301 0.5173 0.1147 0.2656 0.2477 0.1435 0.5169 0.1132 0.3211 0.1601 0.1610 0.4921 0.1147 0.3863 0.1329 0.1829 0.4484 0.1190 0.4535 0.1220 0.2093 0.3889 0.1256 0.5027 0.1168 0.2380 0.3209 0.1335 0.5206 0.1118 0.3871 0.1119 0.5205 0.1333 0.3225 0.2373 0.1170 0.5020 0.1254 0.3902 0.2088 0.1222 0.4523 0.1190 0.4494 0.1824 0.1333 0.3849 0.1147 0.4928 0.1605 0.1611 0.3199 0.1133 0.5172 0.1432 0.2496 0.2647 0.1149 0.5170 0.1299 0.3562 0.2212 0.1198 0.4718 0.1207 0.4356 0.1881 0.1303 0.3976 0.1153 0.4873 0.1634 0.1551 0.3277 0.1133 0.5154 0.1450 0.2370 0.2704 0.1155
0.5080 0.1143 0.2778 0.2214 0.1474 0.5128 0.1134 0.3369 0.1496 0.1665 0.4814 0.1158 0.4084 0.1283 0.1923 0.4260 0.1217 0.4812 0.1188 0.2267 0.3424 0.1316 0.5192 0.1144 0.2719 0.2338 0.1455 0.5150 0.1133 0.3283 0.1550 0.1632 0.4882 0.1151 0.3934 0.1315 0.1853 0.4436 0.1195 0.4582 0.1216 0.2109 0.3858 0.1259 0.5034 0.1169 0.2379 0.3209 0.1342 0.5204 0.1139 0.5204 0.1342 0.3211 0.2378 0.1169 0.5033 0.1258 0.3860 0.2109 0.1216 0.4580 0.1195 0.4438 0.1851 0.1316 0.3930 0.1151 0.4884 0.1631 0.1552 0.3280 0.1134 0.5151 0.1454 0.2342 0.2717 0.1145 0.5192 0.1316 0.3426 0.2266 0.1188 0.4811 0.1217 0.4262 0.1922 0.1283 0.4082 0.1158 0.4815 0.1664 0.1497 0.3368 0.1134 0.5128 0.1473 0.2217 0.2776 0.1143 0.5080
0.1319 0.5209 0.1139 0.2851 0.2070 0.1497 0.5098 0.1136 0.3461 0.1452 0.1696 0.4753 0.1164 0.4188 0.1265 0.1965 0.4163 0.1229 0.4896 0.1179 0.2323 0.3285 0.1333 0.5204 0.1141 0.2790 0.2193 0.1476 0.5126 0.1134 0.3361 0.1505 0.1656 0.4839 0.1155 0.4007 0.1301 0.1877 0.4387 0.1200 0.4624 0.1212 0.2123 0.3834 0.1260 0.5037 0.1169 0.2380 0.3143 0.1396 0.4887 0.1396 0.3143 0.2380 0.1169 0.5037 0.1260 0.3835 0.2123 0.1212 0.4624 0.1200 0.4387 0.1876 0.1301 0.4005 0.1155 0.4839 0.1655 0.1506 0.3360 0.1134 0.5127 0.1475 0.2196 0.2788 0.1141 0.5204 0.1333 0.3285 0.2323 0.1179 0.4896 0.1229 0.4163 0.1964 0.1265 0.4188 0.1164 0.4753 0.1696 0.1452 0.3461 0.1136 0.5098 0.1497 0.2070 0.2851 0.1139 0.5209 0.1319
