0.1275 0.1980 0.3901 0.1204 0.4632 0.1223 0.2075 0.3659 0.1227 0.4813 0.1201 0.2182 0.3385 0.1254 0.4952 0.1183 0.2299 0.3087 0.1285 0.5039 0.1167 0.2425 0.2771 0.1319 0.5079 0.1155 0.2562 0.2449 0.1357 0.5083 0.1146 0.2709 0.2139 0.1398 0.5059 0.1139 0.2867 0.1874 0.1444 0.5011 0.1135 0.3037 0.1682 0.1493 0.4941 0.1134 0.3219 0.1547 0.1570 0.4629 0.1226 0.4629 0.1570 0.1547 0.3219 0.1134 0.4941 0.1493 0.1682 0.3037 0.1135 0.5011 0.1444 0.1874 0.2867 0.1139 0.5059 0.1398 0.2139 0.2709 0.1146 0.5083 0.1357 0.2449 0.2562 0.1155 0.5079 0.1319 0.2771 0.2425 0.1167 0.5039 0.1285 0.3087 0.2299 0.1183 0.4952 0.1254 0.3385 0.2182 0.1201 0.4813 0.1227 0.3659 0.2075 0.1223 0.4632 0.1204 0.3901 0.1980 0.1275
0.1980 0.4063 0.1232 0.4833 0.1196 0.2177 0.3771 0.1262 0.5007 0.1176 0.2295 0.3493 0.1293 0.5121 0.1162 0.2420 0.3192 0.1328 0.5185 0.1151 0.2555 0.2869 0.1366 0.5209 0.1143 0.2701 0.2533 0.1408 0.5204 0.1138 0.2859 0.2203 0.1453 0.5173 0.1135 0.3027 0.1906 0.1503 0.5122 0.1135 0.3208 0.1679 0.1557 0.5050 0.1138 0.3400 0.1530 0.1619 0.4921 0.1154 0.5000 0.1154 0.4921 0.1619 0.1530 0.3400 0.1138 0.5050 0.1557 0.1679 0.3208 0.1135 0.5122 0.1503 0.1906 0.3027 0.1135 0.5173 0.1453 0.2203 0.2859 0.1138 0.5204 0.1408 0.2533 0.2701 0.1143 0.5209 0.1366 0.2869 0.2555 0.1151 0.5185 0.1328 0.3192 0.2420 0.1162 0.5121 0.1293 0.3493 0.2295 0.1176 0.5007 0.1262 0.3771 0.2177 0.1196 0.4833 0.1232 0.4063 0.1980
0.3901 0.1232 0.4865 0.1190 0.2216 0.3666 0.1273 0.5064 0.1169 0.2351 0.3357 0.1307 0.5156 0.1156 0.2482 0.3043 0.1344 0.5201 0.1146 0.2622 0.2712 0.1384 0.5210 0.1139 0.2774 0.2376 0.1428 0.5192 0.1135 0.2936 0.2057 0.1475 0.5152 0.1133 0.3111 0.1789 0.1527 0.5090 0.1134 0.3297 0.1601 0.1583 0.5009 0.1138 0.3494 0.1480 0.1645 0.4901 0.1145 0.4093 0.1134 0.4093 0.1145 0.4901 0.1645 0.1480 0.3494 0.1138 0.5009 0.1583 0.1601 0.3297 0.1134 0.5090 0.1527 0.1789 0.3111 0.1133 0.5152 0.1475 0.2057 0.2936 0.1135 0.5192 0.1428 0.2376 0.2774 0.1139 0.5210 0.1384 0.2712 0.2622 0.1146 0.5201 0.1344 0.3043 0.2482 0.1156 0.5156 0.1307 0.3357 0.2351 0.1169 0.5064 0.1273 0.3666 0.2216 0.1190 0.4865 0.1232 0.3901
0.1204 0.4833 0.1190 0.2232 0.3600 0.1283 0.5102 0.1163 0.2405 0.3223 0.1323 0.5181 0.1151 0.2546 0.2890 0.1362 0.5209 0.1143 0.2692 0.2554 0.1404 0.5205 0.1137 0.2849 0.2222 0.1449 0.5176 0.1134 0.3017 0.1922 0.1499 0.5125 0.1134 0.3197 0.1690 0.1553 0.5055 0.1136 0.3388 0.1538 0.1611 0.4964 0.1141 0.3591 0.1438 0.1675 0.4852 0.1149 0.3878 0.1259 0.2401 0.1259 0.3878 0.1149 0.4852 0.1675 0.1438 0.3591 0.1141 0.4964 0.1611 0.1538 0.3388 0.1136 0.5055 0.1553 0.1690 0.3197 0.1134 0.5125 0.1499 0.1922 0.3017 0.1134 0.5176 0.1449 0.2222 0.2849 0.1137 0.5205 0.1404 0.2554 0.2692 0.1143 0.5209 0.1362 0.2890 0.2546 0.1151 0.5181 0.1323 0.3223 0.2405 0.1163 0.5102 0.1283 0.3600 0.2232 0.1190 0.4833 0.1204
0.4632 0.1196 0.2216 0.3600 0.1287 0.5122 0.1160 0.2448 0.3104 0.1338 0.5197 0.1147 0.2609 0.2739 0.1381 0.5210 0.1140 0.2764 0.2396 0.1425 0.5194 0.1135 0.2926 0.2075 0.1472 0.5155 0.1133 0.3100 0.1803 0.1524 0.5095 0.1134 0.3285 0.1610 0.1580 0.5015 0.1138 0.3482 0.1486 0.1640 0.4915 0.1145 0.3690 0.1403 0.1707 0.4794 0.1154 0.3920 0.1318 0.1929 0.3100 0.1929 0.1318 0.3920 0.1154 0.4794 0.1707 0.1403 0.3690 0.1145 0.4915 0.1640 0.1486 0.3482 0.1138 0.5015 0.1580 0.1610 0.3285 0.1134 0.5095 0.1524 0.1803 0.3100 0.1133 0.5155 0.1472 0.2075 0.2926 0.1135 0.5194 0.1425 0.2396 0.2764 0.1140 0.5210 0.1381 0.2739 0.2609 0.1147 0.5197 0.1338 0.3104 0.2448 0.1160 0.5122 0.1287 0.3600 0.2216 0.1196 0.4632
0.1223 0.2177 0.3666 0.1283 0.5122 0.1159 0.2473 0.3021 0.1350 0.5206 0.1144 0.2670 0.2594 0.1400 0.5206 0.1137 0.2837 0.2243 0.1446 0.5178 0.1134 0.3006 0.1939 0.1496 0.5129 0.1133 0.3185 0.1702 0.1550 0.5059 0.1136 0.3376 0.1545 0.1608 0.4970 0.1141 0.3578 0.1443 0.1671 0.4860 0.1149 0.3791 0.1372 0.1741 0.4730 0.1160 0.4015 0.1313 0.1845 0.4258 0.1355 0.4258 0.1845 0.1313 0.4015 0.1160 0.4730 0.1741 0.1372 0.3791 0.1149 0.4860 0.1671 0.1443 0.3578 0.1141 0.4970 0.1608 0.1545 0.3376 0.1136 0.5059 0.1550 0.1702 0.3185 0.1133 0.5129 0.1496 0.1939 0.3006 0.1134 0.5178 0.1446 0.2243 0.2837 0.1137 0.5206 0.1400 0.2594 0.2670 0.1144 0.5206 0.1350 0.3021 0.2473 0.1159 0.5122 0.1283 0.3666 0.2177 0.1223
0.2075 0.3771 0.1273 0.5102 0.1160 0.2473 0.2992 0.1357 0.5209 0.1142 0.2722 0.2468 0.1417 0.5198 0.1136 0.2910 0.2100 0.1468 0.5158 0.1133 0.3088 0.1817 0.1521 0.5099 0.1134 0.3274 0.1619 0.1576 0.5020 0.1138 0.3470 0.1492 0.1637 0.4921 0.1144 0.3677 0.1407 0.1703 0.4802 0.1154 0.3895 0.1344 0.1775 0.4661 0.1166 0.4119 0.1295 0.1860 0.4440 0.1215 0.5211 0.1215 0.4440 0.1860 0.1295 0.4119 0.1166 0.4661 0.1775 0.1344 0.3895 0.1154 0.4802 0.1703 0.1407 0.3677 0.1144 0.4921 0.1637 0.1492 0.3470 0.1138 0.5020 0.1576 0.1619 0.3274 0.1134 0.5099 0.1521 0.1817 0.3088 0.1133 0.5158 0.1468 0.2100 0.2910 0.1136 0.5198 0.1417 0.2468 0.2722 0.1142 0.5209 0.1357 0.2992 0.2473 0.1160 0.5102 0.1273 0.3771 0.2075
0.3659 0.1262 0.5064 0.1163 0.2448 0.3021 0.1357 0.5210 0.1141 0.2758 0.2371 0.1432 0.5187 0.1135 0.2980 0.1974 0.1490 0.5135 0.1133 0.3171 0.1716 0.1546 0.5065 0.1135 0.3364 0.1553 0.1604 0.4976 0.1140 0.3566 0.1449 0.1667 0.4868 0.1148 0.3778 0.1375 0.1736 0.4738 0.1159 0.3999 0.1320 0.1812 0.4588 0.1173 0.4225 0.1277 0.1896 0.4403 0.1196 0.4813 0.1109 0.4813 0.1196 0.4403 0.1896 0.1277 0.4225 0.1173 0.4588 0.1812 0.1320 0.3999 0.1159 0.4738 0.1736 0.1375 0.3778 0.1148 0.4868 0.1667 0.1449 0.3566 0.1140 0.4976 0.1604 0.1553 0.3364 0.1135 0.5065 0.1546 0.1716 0.3171 0.1133 0.5135 0.1490 0.1974 0.2980 0.1135 0.5187 0.1432 0.2371 0.2758 0.1141 0.5210 0.1357 0.3021 0.2448 0.1163 0.5064 0.1262 0.3659
0.1227 0.5007 0.1169 0.2405 0.3104 0.1350 0.5209 0.1141 0.2771 0.2318 0.1443 0.5177 0.1134 0.3041 0.1871 0.1511 0.5109 0.1134 0.3254 0.1634 0.1572 0.5027 0.1137 0.3457 0.1499 0.1633 0.4928 0.1144 0.3665 0.1411 0.1699 0.4810 0.1153 0.3881 0.1348 0.1771 0.4670 0.1165 0.4105 0.1299 0.1850 0.4509 0.1181 0.4332 0.1260 0.1936 0.4322 0.1201 0.4625 0.1165 0.2883 0.1165 0.4625 0.1201 0.4322 0.1936 0.1260 0.4332 0.1181 0.4509 0.1850 0.1299 0.4105 0.1165 0.4670 0.1771 0.1348 0.3881 0.1153 0.4810 0.1699 0.1411 0.3665 0.1144 0.4928 0.1633 0.1499 0.3457 0.1137 0.5027 0.1572 0.1634 0.3254 0.1134 0.5109 0.1511 0.1871 0.3041 0.1134 0.5177 0.1443 0.2318 0.2771 0.1141 0.5209 0.1350 0.3104 0.2405 0.1169 0.5007 0.1227
0.4813 0.1176 0.2351 0.3223 0.1338 0.5206 0.1142 0.2758 0.2318 0.1446 0.5171 0.1134 0.3088 0.1796 0.1530 0.5083 0.1135 0.3333 0.1570 0.1597 0.4986 0.1140 0.3549 0.1455 0.1663 0.4875 0.1148 0.3765 0.1379 0.1732 0.4747 0.1158 0.3986 0.1323 0.1807 0.4597 0.1172 0.4212 0.1279 0.1890 0.4425 0.1190 0.4437 0.1244 0.1980 0.4228 0.1210 0.4667 0.1201 0.2272 0.1997 0.2272 0.1201 0.4667 0.1210 0.4228 0.1980 0.1244 0.4437 0.1190 0.4425 0.1890 0.1279 0.4212 0.1172 0.4597 0.1807 0.1323 0.3986 0.1158 0.4747 0.1732 0.1379 0.3765 0.1148 0.4875 0.1663 0.1455 0.3549 0.1140 0.4986 0.1597 0.1570 0.3333 0.1135 0.5083 0.1530 0.1796 0.3088 0.1134 0.5171 0.1446 0.2318 0.2758 0.1142 0.5206 0.1338 0.3223 0.2351 0.1176 0.4813
0.1201 0.2295 0.3357 0.1323 0.5197 0.1144 0.2722 0.2371 0.1443 0.5171 0.1134 0.3114 0.1751 0.1543 0.5060 0.1136 0.3404 0.1522 0.1622 0.4944 0.1143 0.3641 0.1418 0.1693 0.4819 0.1152 0.3867 0.1351 0.1766 0.4679 0.1165 0.4092 0.1301 0.1845 0.4519 0.1180 0.4318 0.1262 0.1931 0.4336 0.1199 0.4541 0.1230 0.2025 0.4127 0.1221 0.4752 0.1202 0.2163 0.3420 0.1511 0.3420 0.2163 0.1202 0.4752 0.1221 0.4127 0.2025 0.1230 0.4541 0.1199 0.4336 0.1931 0.1262 0.4318 0.1180 0.4519 0.1845 0.1301 0.4092 0.1165 0.4679 0.1766 0.1351 0.3867 0.1152 0.4819 0.1693 0.1418 0.3641 0.1143 0.4944 0.1622 0.1522 0.3404 0.1136 0.5060 0.1543 0.1751 0.3114 0.1134 0.5171 0.1443 0.2371 0.2722 0.1144 0.5197 0.1323 0.3357 0.2295 0.1201
0.2182 0.3493 0.1307 0.5181 0.1147 0.2670 0.2468 0.1432 0.5177 0.1134 0.3114 0.1736 0.1551 0.5044 0.1137 0.3461 0.1488 0.1644 0.4902 0.1146 0.3730 0.1388 0.1723 0.4761 0.1157 0.3968 0.1327 0.1802 0.4608 0.1171 0.4198 0.1282 0.1885 0.4436 0.1188 0.4424 0.1246 0.1974 0.4241 0.1209 0.4642 0.1217 0.2071 0.4020 0.1233 0.4841 0.1194 0.2184 0.3685 0.1316 0.5085 0.1316 0.3685 0.2184 0.1194 0.4841 0.1233 0.4020 0.2071 0.1217 0.4642 0.1209 0.4241 0.1974 0.1246 0.4424 0.1188 0.4436 0.1885 0.1282 0.4198 0.1171 0.4608 0.1802 0.1327 0.3968 0.1157 0.4761 0.1723 0.1388 0.3730 0.1146 0.4902 0.1644 0.1488 0.3461 0.1137 0.5044 0.1551 0.1736 0.3114 0.1134 0.5177 0.1432 0.2468 0.2670 0.1147 0.5181 0.1307 0.3493 0.2182
0.3385 0.1293 0.5156 0.1151 0.2609 0.2594 0.1417 0.5187 0.1134 0.3088 0.1751 0.1551 0.5039 0.1138 0.3499 0.1466 0.1662 0.4866 0.1149 0.3811 0.1363 0.1753 0.4702 0.1163 0.4066 0.1305 0.1838 0.4532 0.1179 0.4304 0.1264 0.1926 0.4347 0.1198 0.4528 0.1232 0.2019 0.4140 0.1220 0.4739 0.1206 0.2120 0.3907 0.1245 0.4923 0.1185 0.2231 0.3631 0.1284 0.5192 0.1120 0.5192 0.1284 0.3631 0.2231 0.1185 0.4923 0.1245 0.3907 0.2120 0.1206 0.4739 0.1220 0.4140 0.2019 0.1232 0.4528 0.1198 0.4347 0.1926 0.1264 0.4304 0.1179 0.4532 0.1838 0.1305 0.4066 0.1163 0.4702 0.1753 0.1363 0.3811 0.1149 0.4866 0.1662 0.1466 0.3499 0.1138 0.5039 0.1551 0.1751 0.3088 0.1134 0.5187 0.1417 0.2594 0.2609 0.1151 0.5156 0.1293 0.3385
0.1254 0.5121 0.1156 0.2546 0.2739 0.1400 0.5198 0.1135 0.3041 0.1796 0.1543 0.5044 0.1138 0.3513 0.1454 0.1674 0.4838 0.1152 0.3878 0.1344 0.1781 0.4643 0.1169 0.4161 0.1287 0.1875 0.4455 0.1187 0.4406 0.1248 0.1968 0.4254 0.1207 0.4629 0.1219 0.2065 0.4034 0.1231 0.4830 0.1195 0.2171 0.3788 0.1258 0.4996 0.1177 0.2286 0.3513 0.1291 0.5142 0.1125 0.3499 0.1125 0.5142 0.1291 0.3513 0.2286 0.1177 0.4996 0.1258 0.3788 0.2171 0.1195 0.4830 0.1231 0.4034 0.2065 0.1219 0.4629 0.1207 0.4254 0.1968 0.1248 0.4406 0.1187 0.4455 0.1875 0.1287 0.4161 0.1169 0.4643 0.1781 0.1344 0.3878 0.1152 0.4838 0.1674 0.1454 0.3513 0.1138 0.5044 0.1543 0.1796 0.3041 0.1135 0.5198 0.1400 0.2739 0.2546 0.1156 0.5121 0.1254
0.4952 0.1162 0.2482 0.2890 0.1381 0.5206 0.1136 0.2980 0.1871 0.1530 0.5060 0.1137 0.3499 0.1454 0.1678 0.4823 0.1154 0.3926 0.1331 0.1804 0.4591 0.1174 0.4248 0.1272 0.1910 0.4376 0.1195 0.4503 0.1235 0.2011 0.4157 0.1218 0.4726 0.1207 0.2114 0.3922 0.1243 0.4913 0.1186 0.2224 0.3663 0.1272 0.5058 0.1169 0.2343 0.3378 0.1305 0.5155 0.1147 0.2722 0.1402 0.2722 0.1147 0.5155 0.1305 0.3378 0.2343 0.1169 0.5058 0.1272 0.3663 0.2224 0.1186 0.4913 0.1243 0.3922 0.2114 0.1207 0.4726 0.1218 0.4157 0.2011 0.1235 0.4503 0.1195 0.4376 0.1910 0.1272 0.4248 0.1174 0.4591 0.1804 0.1331 0.3926 0.1154 0.4823 0.1678 0.1454 0.3499 0.1137 0.5060 0.1530 0.1871 0.2980 0.1136 0.5206 0.1381 0.2890 0.2482 0.1162 0.4952
0.1183 0.2420 0.3043 0.1362 0.5210 0.1137 0.2910 0.1974 0.1511 0.5083 0.1136 0.3461 0.1466 0.1674 0.4823 0.1154 0.3953 0.1322 0.1821 0.4549 0.1179 0.4321 0.1259 0.1944 0.4298 0.1203 0.4595 0.1223 0.2054 0.4058 0.1229 0.4815 0.1197 0.2164 0.3805 0.1257 0.4987 0.1178 0.2278 0.3533 0.1287 0.5108 0.1163 0.2402 0.3235 0.1321 0.5179 0.1150 0.2584 0.2328 0.1718 0.2328 0.2584 0.1150 0.5179 0.1321 0.3235 0.2402 0.1163 0.5108 0.1287 0.3533 0.2278 0.1178 0.4987 0.1257 0.3805 0.2164 0.1197 0.4815 0.1229 0.4058 0.2054 0.1223 0.4595 0.1203 0.4298 0.1944 0.1259 0.4321 0.1179 0.4549 0.1821 0.1322 0.3953 0.1154 0.4823 0.1674 0.1466 0.3461 0.1136 0.5083 0.1511 0.1974 0.2910 0.1137 0.5210 0.1362 0.3043 0.2420 0.1183
0.2299 0.3192 0.1344 0.5209 0.1140 0.2837 0.2100 0.1490 0.5109 0.1135 0.3404 0.1488 0.1662 0.4838 0.1154 0.3953 0.1319 0.1830 0.4522 0.1182 0.4376 0.1249 0.1973 0.4227 0.1212 0.4678 0.1212 0.2096 0.3958 0.1240 0.4894 0.1188 0.2214 0.3684 0.1270 0.5050 0.1170 0.2335 0.3396 0.1303 0.5147 0.1157 0.2464 0.3087 0.1339 0.5197 0.1147 0.2611 0.2646 0.1457 0.4727 0.1457 0.2646 0.2611 0.1147 0.5197 0.1339 0.3087 0.2464 0.1157 0.5147 0.1303 0.3396 0.2335 0.1170 0.5050 0.1270 0.3684 0.2214 0.1188 0.4894 0.1240 0.3958 0.2096 0.1212 0.4678 0.1212 0.4227 0.1973 0.1249 0.4376 0.1182 0.4522 0.1830 0.1319 0.3953 0.1154 0.4838 0.1662 0.1488 0.3404 0.1135 0.5109 0.1490 0.2100 0.2837 0.1140 0.5209 0.1344 0.3192 0.2299
0.3087 0.1328 0.5201 0.1143 0.2764 0.2243 0.1468 0.5135 0.1134 0.3333 0.1522 0.1644 0.4866 0.1152 0.3926 0.1322 0.1830 0.4512 0.1184 0.4411 0.1243 0.1995 0.4169 0.1219 0.4747 0.1204 0.2136 0.3859 0.1251 0.4964 0.1180 0.2265 0.3562 0.1284 0.5101 0.1164 0.2394 0.3254 0.1319 0.5176 0.1152 0.2528 0.2934 0.1357 0.5207 0.1144 0.2673 0.2581 0.1413 0.5149 0.1160 0.5149 0.1413 0.2581 0.2673 0.1144 0.5207 0.1357 0.2934 0.2528 0.1152 0.5176 0.1319 0.3254 0.2394 0.1164 0.5101 0.1284 0.3562 0.2265 0.1180 0.4964 0.1251 0.3859 0.2136 0.1204 0.4747 0.1219 0.4169 0.1995 0.1243 0.4411 0.1184 0.4512 0.1830 0.1322 0.3926 0.1152 0.4866 0.1644 0.1522 0.3333 0.1134 0.5135 0.1468 0.2243 0.2764 0.1143 0.5201 0.1328 0.3087
0.1285 0.5185 0.1146 0.2692 0.2396 0.1446 0.5158 0.1133 0.3254 0.1570 0.1622 0.4902 0.1149 0.3878 0.1331 0.1821 0.4522 0.1184 0.4423 0.1240 0.2009 0.4127 0.1224 0.4800 0.1197 0.2173 0.3767 0.1262 0.5021 0.1173 0.2315 0.3439 0.1299 0.5139 0.1158 0.2453 0.3109 0.1336 0.5195 0.1148 0.2594 0.2778 0.1376 0.5210 0.1140 0.2743 0.2439 0.1421 0.5188 0.1119 0.4231 0.1119 0.5188 0.1421 0.2439 0.2743 0.1140 0.5210 0.1376 0.2778 0.2594 0.1148 0.5195 0.1336 0.3109 0.2453 0.1158 0.5139 0.1299 0.3439 0.2315 0.1173 0.5021 0.1262 0.3767 0.2173 0.1197 0.4800 0.1224 0.4127 0.2009 0.1240 0.4423 0.1184 0.4522 0.1821 0.1331 0.3878 0.1149 0.4902 0.1622 0.1570 0.3254 0.1133 0.5158 0.1446 0.2396 0.2692 0.1146 0.5185 0.1285
0.5039 0.1151 0.2622 0.2554 0.1425 0.5178 0.1133 0.3171 0.1634 0.1597 0.4944 0.1146 0.3811 0.1344 0.1804 0.4549 0.1182 0.4411 0.1240 0.2014 0.4105 0.1228 0.4835 0.1192 0.2202 0.3688 0.1272 0.5066 0.1168 0.2363 0.3318 0.1313 0.5167 0.1153 0.2512 0.2966 0.1354 0.5206 0.1144 0.2662 0.2620 0.1395 0.5208 0.1138 0.2817 0.2286 0.1441 0.5181 0.1129 0.3298 0.1221 0.3298 0.1129 0.5181 0.1441 0.2286 0.2817 0.1138 0.5208 0.1395 0.2620 0.2662 0.1144 0.5206 0.1354 0.2966 0.2512 0.1153 0.5167 0.1313 0.3318 0.2363 0.1168 0.5066 0.1272 0.3688 0.2202 0.1192 0.4835 0.1228 0.4105 0.2014 0.1240 0.4411 0.1182 0.4549 0.1804 0.1344 0.3811 0.1146 0.4944 0.1597 0.1634 0.3171 0.1133 0.5178 0.1425 0.2554 0.2622 0.1151 0.5039
0.1167 0.2555 0.2712 0.1404 0.5194 0.1134 0.3088 0.1716 0.1572 0.4986 0.1143 0.3730 0.1363 0.1781 0.4591 0.1179 0.4376 0.1243 0.2009 0.4105 0.1229 0.4853 0.1189 0.2223 0.3627 0.1280 0.5098 0.1163 0.2408 0.3204 0.1327 0.5187 0.1149 0.2570 0.2824 0.1371 0.5210 0.1141 0.2730 0.2465 0.1416 0.5199 0.1136 0.2893 0.2135 0.1463 0.5164 0.1133 0.3124 0.1518 0.1990 0.1518 0.3124 0.1133 0.5164 0.1463 0.2135 0.2893 0.1136 0.5199 0.1416 0.2465 0.2730 0.1141 0.5210 0.1371 0.2824 0.2570 0.1149 0.5187 0.1327 0.3204 0.2408 0.1163 0.5098 0.1280 0.3627 0.2223 0.1189 0.4853 0.1229 0.4105 0.2009 0.1243 0.4376 0.1179 0.4591 0.1781 0.1363 0.3730 0.1143 0.4986 0.1572 0.1716 0.3088 0.1134 0.5194 0.1404 0.2712 0.2555 0.1167
0.2425 0.2869 0.1384 0.5205 0.1135 0.3006 0.1817 0.1546 0.5027 0.1140 0.3641 0.1388 0.1753 0.4643 0.1174 0.4321 0.1249 0.1995 0.4127 0.1228 0.4853 0.1188 0.2234 0.3588 0.1286 0.5118 0.1160 0.2445 0.3103 0.1339 0.5199 0.1146 0.2628 0.2687 0.1388 0.5209 0.1139 0.2799 0.2317 0.1436 0.5186 0.1134 0.2972 0.1994 0.1486 0.5140 0.1133 0.3160 0.1672 0.1645 0.4121 0.1645 0.1672 0.3160 0.1133 0.5140 0.1486 0.1994 0.2972 0.1134 0.5186 0.1436 0.2317 0.2799 0.1139 0.5209 0.1388 0.2687 0.2628 0.1146 0.5199 0.1339 0.3103 0.2445 0.1160 0.5118 0.1286 0.3588 0.2234 0.1188 0.4853 0.1228 0.4127 0.1995 0.1249 0.4321 0.1174 0.4643 0.1753 0.1388 0.3641 0.1140 0.5027 0.1546 0.1817 0.3006 0.1135 0.5205 0.1384 0.2869 0.2425
0.2771 0.1366 0.5210 0.1137 0.2926 0.1939 0.1521 0.5065 0.1137 0.3549 0.1418 0.1723 0.4702 0.1169 0.4248 0.1259 0.1973 0.4169 0.1224 0.4835 0.1189 0.2234 0.3574 0.1289 0.5130 0.1158 0.2474 0.3021 0.1350 0.5206 0.1144 0.2682 0.2559 0.1405 0.5204 0.1137 0.2868 0.2177 0.1457 0.5168 0.1134 0.3051 0.1868 0.1510 0.5112 0.1134 0.3238 0.1641 0.1585 0.4860 0.1231 0.4860 0.1585 0.1641 0.3238 0.1134 0.5112 0.1510 0.1868 0.3051 0.1134 0.5168 0.1457 0.2177 0.2868 0.1137 0.5204 0.1405 0.2559 0.2682 0.1144 0.5206 0.1350 0.3021 0.2474 0.1158 0.5130 0.1289 0.3574 0.2234 0.1189 0.4835 0.1224 0.4169 0.1973 0.1259 0.4248 0.1169 0.4702 0.1723 0.1418 0.3549 0.1137 0.5065 0.1521 0.1939 0.2926 0.1137 0.5210 0.1366 0.2771
0.1319 0.5209 0.1139 0.2849 0.2075 0.1496 0.5099 0.1135 0.3457 0.1455 0.1693 0.4761 0.1163 0.4161 0.1272 0.1944 0.4227 0.1219 0.4800 0.1192 0.2223 0.3588 0.1289 0.5134 0.1157 0.2492 0.2964 0.1359 0.5209 0.1142 0.2729 0.2446 0.1421 0.5195 0.1135 0.2935 0.2050 0.1478 0.5148 0.1133 0.3130 0.1761 0.1534 0.5080 0.1135 0.3326 0.1577 0.1596 0.4963 0.1146 0.4928 0.1146 0.4963 0.1596 0.1577 0.3326 0.1135 0.5080 0.1534 0.1761 0.3130 0.1133 0.5148 0.1478 0.2050 0.2935 0.1135 0.5195 0.1421 0.2446 0.2729 0.1142 0.5209 0.1359 0.2964 0.2492 0.1157 0.5134 0.1289 0.3588 0.2223 0.1192 0.4800 0.1219 0.4227 0.1944 0.1272 0.4161 0.1163 0.4761 0.1693 0.1455 0.3457 0.1135 0.5099 0.1496 0.2075 0.2849 0.1139 0.5209 0.1319
0.5079 0.1143 0.2774 0.2222 0.1472 0.5129 0.1134 0.3364 0.1499 0.1663 0.4819 0.1157 0.4066 0.1287 0.1910 0.4298 0.1212 0.4747 0.1197 0.2202 0.3627 0.1286 0.5130 0.1157 0.2498 0.2936 0.1364 0.5210 0.1140 0.2767 0.2352 0.1435 0.5184 0.1134 0.2998 0.1939 0.1498 0.5124 0.1134 0.3209 0.1674 0.1559 0.5045 0.1136 0.3417 0.1520 0.1621 0.4942 0.1141 0.4001 0.1140 0.4001 0.1141 0.4942 0.1621 0.1520 0.3417 0.1136 0.5045 0.1559 0.1674 0.3209 0.1134 0.5124 0.1498 0.1939 0.2998 0.1134 0.5184 0.1435 0.2352 0.2767 0.1140 0.5210 0.1364 0.2936 0.2498 0.1157 0.5130 0.1286 0.3627 0.2202 0.1197 0.4747 0.1212 0.4298 0.1910 0.1287 0.4066 0.1157 0.4819 0.1663 0.1499 0.3364 0.1134 0.5129 0.1472 0.2222 0.2774 0.1143 0.5079
0.1155 0.2701 0.2376 0.1449 0.5155 0.1133 0.3274 0.1553 0.1633 0.4875 0.1152 0.3968 0.1305 0.1875 0.4376 0.1203 0.4678 0.1204 0.2173 0.3688 0.1280 0.5118 0.1158 0.2492 0.2936 0.1366 0.5210 0.1140 0.2794 0.2283 0.1447 0.5174 0.1134 0.3056 0.1847 0.1517 0.5100 0.1134 0.3286 0.1604 0.1583 0.5007 0.1139 0.3506 0.1474 0.1650 0.4897 0.1146 0.3794 0.1276 0.2350 0.1276 0.3794 0.1146 0.4897 0.1650 0.1474 0.3506 0.1139 0.5007 0.1583 0.1604 0.3286 0.1134 0.5100 0.1517 0.1847 0.3056 0.1134 0.5174 0.1447 0.2283 0.2794 0.1140 0.5210 0.1366 0.2936 0.2492 0.1158 0.5118 0.1280 0.3688 0.2173 0.1204 0.4678 0.1203 0.4376 0.1875 0.1305 0.3968 0.1152 0.4875 0.1633 0.1553 0.3274 0.1133 0.5155 0.1449 0.2376 0.2701 0.1155
0.2562 0.2533 0.1428 0.5176 0.1133 0.3185 0.1619 0.1604 0.4928 0.1148 0.3867 0.1327 0.1838 0.4455 0.1195 0.4595 0.1212 0.2136 0.3767 0.1272 0.5098 0.1160 0.2474 0.2964 0.1364 0.5210 0.1139 0.2808 0.2242 0.1455 0.5165 0.1134 0.3104 0.1775 0.1535 0.5075 0.1135 0.3360 0.1550 0.1607 0.4968 0.1141 0.3594 0.1435 0.1679 0.4844 0.1150 0.3836 0.1338 0.1894 0.3226 0.1894 0.1338 0.3836 0.1150 0.4844 0.1679 0.1435 0.3594 0.1141 0.4968 0.1607 0.1550 0.3360 0.1135 0.5075 0.1535 0.1775 0.3104 0.1134 0.5165 0.1455 0.2242 0.2808 0.1139 0.5210 0.1364 0.2964 0.2474 0.1160 0.5098 0.1272 0.3767 0.2136 0.1212 0.4595 0.1195 0.4455 0.1838 0.1327 0.3867 0.1148 0.4928 0.1604 0.1619 0.3185 0.1133 0.5176 0.1428 0.2533 0.2562
0.2449 0.1408 0.5192 0.1134 0.3100 0.1702 0.1576 0.4976 0.1144 0.3765 0.1351 0.1802 0.4532 0.1187 0.4503 0.1223 0.2096 0.3859 0.1262 0.5066 0.1163 0.2445 0.3021 0.1359 0.5210 0.1140 0.2808 0.2228 0.1459 0.5159 0.1134 0.3141 0.1724 0.1550 0.5052 0.1136 0.3427 0.1508 0.1630 0.4927 0.1144 0.3681 0.1404 0.1708 0.4790 0.1155 0.3925 0.1333 0.1813 0.4337 0.1340 0.4337 0.1813 0.1333 0.3925 0.1155 0.4790 0.1708 0.1404 0.3681 0.1144 0.4927 0.1630 0.1508 0.3427 0.1136 0.5052 0.1550 0.1724 0.3141 0.1134 0.5159 0.1459 0.2228 0.2808 0.1140 0.5210 0.1359 0.3021 0.2445 0.1163 0.5066 0.1262 0.3859 0.2096 0.1223 0.4503 0.1187 0.4532 0.1802 0.1351 0.3765 0.1144 0.4976 0.1576 0.1702 0.3100 0.1134 0.5192 0.1408 0.2449
0.1357 0.5204 0.1135 0.3017 0.1803 0.1550 0.5020 0.1140 0.3665 0.1379 0.1766 0.4608 0.1179 0.4406 0.1235 0.2054 0.3958 0.1251 0.5021 0.1168 0.2408 0.3103 0.1350 0.5209 0.1140 0.2794 0.2242 0.1459 0.5157 0.1133 0.3165 0.1691 0.1561 0.5032 0.1138 0.3486 0.1476 0.1652 0.4887 0.1147 0.3763 0.1377 0.1737 0.4733 0.1160 0.4020 0.1314 0.1826 0.4511 0.1206 0.5208 0.1206 0.4511 0.1826 0.1314 0.4020 0.1160 0.4733 0.1737 0.1377 0.3763 0.1147 0.4887 0.1652 0.1476 0.3486 0.1138 0.5032 0.1561 0.1691 0.3165 0.1133 0.5157 0.1459 0.2242 0.2794 0.1140 0.5209 0.1350 0.3103 0.2408 0.1168 0.5021 0.1251 0.3958 0.2054 0.1235 0.4406 0.1179 0.4608 0.1766 0.1379 0.3665 0.1140 0.5020 0.1550 0.1803 0.3017 0.1135 0.5204 0.1357
0.5083 0.1138 0.2936 0.1922 0.1524 0.5059 0.1138 0.3566 0.1411 0.1732 0.4679 0.1171 0.4304 0.1248 0.2011 0.4058 0.1240 0.4964 0.1173 0.2363 0.3204 0.1339 0.5206 0.1142 0.2767 0.2283 0.1455 0.5159 0.1133 0.3173 0.1675 0.1568 0.5017 0.1139 0.3534 0.1452 0.1671 0.4850 0.1150 0.3840 0.1355 0.1765 0.4676 0.1165 0.4112 0.1296 0.1858 0.4481 0.1187 0.4733 0.1110 0.4733 0.1187 0.4481 0.1858 0.1296 0.4112 0.1165 0.4676 0.1765 0.1355 0.3840 0.1150 0.4850 0.1671 0.1452 0.3534 0.1139 0.5017 0.1568 0.1675 0.3173 0.1133 0.5159 0.1455 0.2283 0.2767 0.1142 0.5206 0.1339 0.3204 0.2363 0.1173 0.4964 0.1240 0.4058 0.2011 0.1248 0.4304 0.1171 0.4679 0.1732 0.1411 0.3566 0.1138 0.5059 0.1524 0.1922 0.2936 0.1138 0.5083
0.1146 0.2859 0.2057 0.1499 0.5095 0.1136 0.3470 0.1449 0.1699 0.4747 0.1165 0.4198 0.1264 0.1968 0.4157 0.1229 0.4894 0.1180 0.2315 0.3318 0.1327 0.5199 0.1144 0.2729 0.2352 0.1447 0.5165 0.1134 0.3165 0.1675 0.1571 0.5010 0.1139 0.3567 0.1435 0.1687 0.4817 0.1154 0.3911 0.1337 0.1792 0.4619 0.1171 0.4201 0.1280 0.1892 0.4413 0.1192 0.4531 0.1173 0.2815 0.1173 0.4531 0.1192 0.4413 0.1892 0.1280 0.4201 0.1171 0.4619 0.1792 0.1337 0.3911 0.1154 0.4817 0.1687 0.1435 0.3567 0.1139 0.5010 0.1571 0.1675 0.3165 0.1134 0.5165 0.1447 0.2352 0.2729 0.1144 0.5199 0.1327 0.3318 0.2315 0.1180 0.4894 0.1229 0.4157 0.1968 0.1264 0.4198 0.1165 0.4747 0.1699 0.1449 0.3470 0.1136 0.5095 0.1499 0.2057 0.2859 0.1146
0.2709 0.2203 0.1475 0.5125 0.1134 0.3376 0.1492 0.1667 0.4810 0.1158 0.4092 0.1282 0.1926 0.4254 0.1218 0.4815 0.1188 0.2265 0.3439 0.1313 0.5187 0.1146 0.2682 0.2446 0.1435 0.5174 0.1134 0.3141 0.1691 0.1568 0.5010 0.1140 0.3585 0.1426 0.1697 0.4792 0.1156 0.3969 0.1322 0.1816 0.4566 0.1176 0.4284 0.1265 0.1926 0.4339 0.1199 0.4563 0.1213 0.2221 0.2132 0.2221 0.1213 0.4563 0.1199 0.4339 0.1926 0.1265 0.4284 0.1176 0.4566 0.1816 0.1322 0.3969 0.1156 0.4792 0.1697 0.1426 0.3585 0.1140 0.5010 0.1568 0.1691 0.3141 0.1134 0.5174 0.1435 0.2446 0.2682 0.1146 0.5187 0.1313 0.3439 0.2265 0.1188 0.4815 0.1218 0.4254 0.1926 0.1282 0.4092 0.1158 0.4810 0.1667 0.1492 0.3376 0.1134 0.5125 0.1475 0.2203 0.2709
0.2139 0.1453 0.5152 0.1134 0.3285 0.1545 0.1637 0.4868 0.1153 0.3986 0.1301 0.1885 0.4347 0.1207 0.4726 0.1197 0.2214 0.3562 0.1299 0.5167 0.1149 0.2628 0.2559 0.1421 0.5184 0.1134 0.3104 0.1724 0.1561 0.5017 0.1139 0.3585 0.1422 0.1703 0.4776 0.1158 0.4011 0.1311 0.1837 0.4519 0.1182 0.4357 0.1254 0.1958 0.4265 0.1207 0.4638 0.1214 0.2111 0.3556 0.1487 0.3556 0.2111 0.1214 0.4638 0.1207 0.4265 0.1958 0.1254 0.4357 0.1182 0.4519 0.1837 0.1311 0.4011 0.1158 0.4776 0.1703 0.1422 0.3585 0.1139 0.5017 0.1561 0.1724 0.3104 0.1134 0.5184 0.1421 0.2559 0.2628 0.1149 0.5168 0.1299 0.3562 0.2214 0.1197 0.4726 0.1207 0.4347 0.1885 0.1301 0.3986 0.1153 0.4868 0.1637 0.1545 0.3285 0.1134 0.5152 0.1453 0.2139
0.1398 0.5173 0.1133 0.3197 0.1610 0.1608 0.4921 0.1148 0.3881 0.1323 0.1845 0.4436 0.1198 0.4629 0.1207 0.2164 0.3684 0.1284 0.5139 0.1153 0.2570 0.2687 0.1405 0.5195 0.1134 0.3056 0.1775 0.1550 0.5032 0.1139 0.3567 0.1426 0.1703 0.4770 0.1159 0.4037 0.1304 0.1852 0.4480 0.1186 0.4419 0.1244 0.1988 0.4194 0.1215 0.4713 0.1207 0.2123 0.3825 0.1299 0.5118 0.1299 0.3824 0.2123 0.1207 0.4713 0.1215 0.4194 0.1988 0.1244 0.4419 0.1186 0.4480 0.1852 0.1304 0.4037 0.1159 0.4770 0.1703 0.1426 0.3567 0.1139 0.5032 0.1550 0.1775 0.3056 0.1134 0.5195 0.1405 0.2687 0.2571 0.1153 0.5139 0.1284 0.3683 0.2164 0.1207 0.4629 0.1198 0.4436 0.1845 0.1323 0.3881 0.1148 0.4921 0.1608 0.1610 0.3197 0.1133 0.5173 0.1398
0.5059 0.1135 0.3111 0.1690 0.1580 0.4970 0.1144 0.3778 0.1348 0.1807 0.4519 0.1188 0.4528 0.1219 0.2114 0.3805 0.1270 0.5101 0.1158 0.2512 0.2824 0.1388 0.5204 0.1135 0.2998 0.1847 0.1535 0.5052 0.1138 0.3534 0.1435 0.1697 0.4776 0.1159 0.4047 0.1301 0.1862 0.4453 0.1190 0.4468 0.1236 0.2015 0.4128 0.1223 0.4780 0.1200 0.2157 0.3797 0.1266 0.5168 0.1116 0.5168 0.1267 0.3796 0.2157 0.1200 0.4780 0.1223 0.4128 0.2015 0.1236 0.4468 0.1190 0.4453 0.1862 0.1301 0.4047 0.1159 0.4776 0.1697 0.1435 0.3534 0.1138 0.5052 0.1535 0.1847 0.2998 0.1135 0.5204 0.1388 0.2824 0.2513 0.1158 0.5101 0.1270 0.3804 0.2114 0.1219 0.4528 0.1188 0.4519 0.1807 0.1348 0.3778 0.1144 0.4970 0.1580 0.1690 0.3111 0.1135 0.5059
0.1139 0.3027 0.1789 0.1553 0.5015 0.1141 0.3677 0.1375 0.1771 0.4597 0.1180 0.4424 0.1232 0.2065 0.3922 0.1257 0.5050 0.1164 0.2453 0.2966 0.1371 0.5209 0.1137 0.2935 0.1939 0.1517 0.5075 0.1136 0.3486 0.1452 0.1687 0.4792 0.1158 0.4037 0.1301 0.1866 0.4438 0.1192 0.4502 0.1231 0.2036 0.4072 0.1230 0.4837 0.1193 0.2193 0.3717 0.1269 0.5084 0.1129 0.3386 0.1129 0.5085 0.1270 0.3717 0.2193 0.1193 0.4837 0.1230 0.4072 0.2036 0.1231 0.4502 0.1192 0.4438 0.1866 0.1301 0.4038 0.1158 0.4792 0.1687 0.1452 0.3487 0.1136 0.5075 0.1517 0.1939 0.2935 0.1137 0.5209 0.1371 0.2964 0.2454 0.1164 0.5051 0.1257 0.3921 0.2066 0.1231 0.4425 0.1180 0.4596 0.1771 0.1375 0.3679 0.1141 0.5014 0.1553 0.1787 0.3028 0.1139
0.2867 0.1906 0.1527 0.5055 0.1138 0.3578 0.1407 0.1736 0.4670 0.1172 0.4318 0.1246 0.2019 0.4034 0.1243 0.4987 0.1170 0.2394 0.3109 0.1354 0.5210 0.1139 0.2868 0.2050 0.1498 0.5100 0.1135 0.3427 0.1476 0.1671 0.4817 0.1156 0.4011 0.1304 0.1862 0.4438 0.1193 0.4520 0.1228 0.2051 0.4031 0.1235 0.4882 0.1188 0.2226 0.3634 0.1278 0.5092 0.1155 0.2627 0.1458 0.2630 0.1154 0.5095 0.1279 0.3629 0.2228 0.1187 0.4884 0.1235 0.4027 0.2052 0.1227 0.4522 0.1193 0.4436 0.1863 0.1304 0.4013 0.1156 0.4815 0.1672 0.1474 0.3430 0.1135 0.5099 0.1499 0.2045 0.2871 0.1138 0.5210 0.1354 0.3103 0.2397 0.1170 0.4991 0.1244 0.4029 0.2021 0.1245 0.4323 0.1173 0.4667 0.1738 0.1405 0.3583 0.1138 0.5053 0.1528 0.1899 0.2871
0.1874 0.1503 0.5090 0.1136 0.3482 0.1443 0.1703 0.4738 0.1165 0.4212 0.1262 0.1974 0.4140 0.1231 0.4913 0.1178 0.2335 0.3254 0.1336 0.5206 0.1141 0.2799 0.2177 0.1478 0.5124 0.1134 0.3360 0.1508 0.1652 0.4850 0.1154 0.3969 0.1311 0.1852 0.4453 0.1192 0.4520 0.1226 0.2059 0.4004 0.1239 0.4913 0.1184 0.2255 0.3558 0.1287 0.5118 0.1159 0.2479 0.2555 0.1677 0.2514 0.2501 0.1154 0.5130 0.1292 0.3523 0.2269 0.1179 0.4931 0.1242 0.3980 0.2069 0.1221 0.4540 0.1193 0.4437 0.1860 0.1305 0.3988 0.1154 0.4838 0.1658 0.1497 0.3378 0.1133 0.5119 0.1483 0.2146 0.2815 0.1139 0.5207 0.1340 0.3224 0.2348 0.1174 0.4930 0.1233 0.4118 0.1984 0.1256 0.4234 0.1166 0.4724 0.1710 0.1433 0.3502 0.1135 0.5083 0.1509 0.1848
0.1444 0.5122 0.1134 0.3388 0.1486 0.1671 0.4802 0.1159 0.4105 0.1279 0.1931 0.4241 0.1220 0.4830 0.1186 0.2278 0.3396 0.1319 0.5195 0.1144 0.2730 0.2317 0.1457 0.5148 0.1134 0.3286 0.1550 0.1630 0.4887 0.1150 0.3911 0.1322 0.1837 0.4480 0.1190 0.4502 0.1228 0.2059 0.3994 0.1241 0.4931 0.1181 0.2276 0.3497 0.1295 0.5140 0.1157 0.2482 0.2920 0.1428 0.4761 0.1464 0.2610 0.2605 0.1136 0.5185 0.1321 0.3283 0.2363 0.1159 0.5028 0.1258 0.3843 0.2124 0.1201 0.4628 0.1199 0.4377 0.1885 0.1287 0.4032 0.1152 0.4822 0.1667 0.1482 0.3390 0.1128 0.5117 0.1484 0.2144 0.2814 0.1132 0.5207 0.1339 0.3233 0.2345 0.1167 0.4924 0.1232 0.4126 0.1982 0.1250 0.4226 0.1163 0.4729 0.1709 0.1429 0.3497 0.1130 0.5083 0.1474
0.5011 0.1135 0.3297 0.1538 0.1640 0.4860 0.1154 0.3999 0.1299 0.1890 0.4336 0.1209 0.4739 0.1195 0.2224 0.3533 0.1303 0.5176 0.1148 0.2662 0.2465 0.1436 0.5168 0.1133 0.3209 0.1604 0.1607 0.4927 0.1147 0.3840 0.1337 0.1816 0.4519 0.1186 0.4468 0.1231 0.2051 0.4004 0.1241 0.4937 0.1180 0.2288 0.3456 0.1301 0.5154 0.1155 0.2511 0.2921 0.1378 0.5157 0.1186 0.4843 0.1588 0.1719 0.3086 0.1113 0.5180 0.1437 0.2397 0.2721 0.1117 0.5204 0.1337 0.3197 0.2380 0.1142 0.5004 0.1248 0.3958 0.2065 0.1202 0.4440 0.1178 0.4570 0.1793 0.1333 0.3733 0.1131 0.4987 0.1575 0.1701 0.3085 0.1114 0.5195 0.1405 0.2710 0.2556 0.1128 0.5126 0.1278 0.3738 0.2146 0.1184 0.4582 0.1190 0.4475 0.1835 0.1305 0.3844 0.1138 0.4771
0.1135 0.3208 0.1601 0.1611 0.4915 0.1149 0.3895 0.1320 0.1850 0.4425 0.1199 0.4642 0.1206 0.2171 0.3663 0.1287 0.5147 0.1152 0.2594 0.2620 0.1416 0.5186 0.1134 0.3130 0.1674 0.1583 0.4968 0.1144 0.3763 0.1355 0.1792 0.4566 0.1182 0.4419 0.1236 0.2036 0.4031 0.1239 0.4931 0.1180 0.2293 0.3436 0.1305 0.5163 0.1153 0.2538 0.2862 0.1374 0.5205 0.1118 0.5199 0.1403 0.3369 0.2172 0.1178 0.4616 0.1196 0.4399 0.1880 0.1270 0.4004 0.1146 0.4834 0.1667 0.1465 0.3384 0.1117 0.5116 0.1489 0.2111 0.2829 0.1111 0.5209 0.1345 0.3180 0.2369 0.1139 0.4956 0.1236 0.4080 0.2008 0.1216 0.4277 0.1163 0.4698 0.1732 0.1387 0.3541 0.1121 0.5070 0.1522 0.1938 0.2917 0.1110 0.5211 0.1363 0.3032 0.2428 0.1132 0.5029 0.1232
0.3037 0.1679 0.1583 0.4964 0.1145 0.3791 0.1344 0.1812 0.4509 0.1190 0.4541 0.1217 0.2120 0.3788 0.1272 0.5108 0.1157 0.2528 0.2778 0.1395 0.5199 0.1134 0.3051 0.1761 0.1559 0.5007 0.1141 0.3681 0.1377 0.1765 0.4619 0.1176 0.4357 0.1244 0.2015 0.4072 0.1235 0.4913 0.1181 0.2288 0.3436 0.1306 0.5167 0.1152 0.2557 0.2809 0.1378 0.5209 0.1118 0.4002 0.1196 0.2310 0.2195 0.1244 0.4089 0.1154 0.4801 0.1678 0.1460 0.3427 0.1127 0.5103 0.1497 0.2060 0.2859 0.1126 0.5210 0.1351 0.3127 0.2390 0.1155 0.4982 0.1242 0.4040 0.2020 0.1229 0.4315 0.1168 0.4672 0.1739 0.1391 0.3578 0.1129 0.5055 0.1529 0.1898 0.2947 0.1123 0.5209 0.1370 0.2983 0.2446 0.1148 0.5039 0.1253 0.3944 0.2060 0.1216 0.4410 0.1177 0.4413
0.1682 0.1557 0.5009 0.1141 0.3690 0.1372 0.1775 0.4588 0.1181 0.4437 0.1230 0.2071 0.3907 0.1258 0.5058 0.1163 0.2464 0.2934 0.1376 0.5208 0.1136 0.2972 0.1868 0.1534 0.5045 0.1139 0.3594 0.1404 0.1737 0.4676 0.1171 0.4284 0.1254 0.1988 0.4128 0.1230 0.4882 0.1184 0.2276 0.3456 0.1305 0.5167 0.1152 0.2567 0.2775 0.1384 0.5209 0.1134 0.3003 0.1465 0.1789 0.4191 0.1141 0.4163 0.1153 0.4841 0.1655 0.1504 0.3360 0.1132 0.5125 0.1477 0.2180 0.2798 0.1138 0.5206 0.1336 0.3255 0.2336 0.1174 0.4914 0.1231 0.4139 0.1976 0.1257 0.4215 0.1164 0.4737 0.1705 0.1439 0.3485 0.1133 0.5089 0.1503 0.2033 0.2871 0.1135 0.5210 0.1351 0.3131 0.2385 0.1167 0.4976 0.1241 0.4052 0.2012 0.1244 0.4301 0.1170 0.4680 0.1690
0.1493 0.5050 0.1138 0.3591 0.1403 0.1741 0.4661 0.1173 0.4332 0.1244 0.2025 0.4020 0.1245 0.4996 0.1169 0.2402 0.3087 0.1357 0.5210 0.1138 0.2893 0.1994 0.1510 0.5080 0.1136 0.3506 0.1435 0.1708 0.4733 0.1165 0.4201 0.1265 0.1958 0.4194 0.1223 0.4837 0.1188 0.2255 0.3497 0.1301 0.5163 0.1152 0.2567 0.2764 0.1386 0.5208 0.1137 0.2892 0.1927 0.1594 0.4790 0.1116 0.4642 0.1157 0.4810 0.1670 0.1482 0.3409 0.1135 0.5109 0.1491 0.2095 0.2843 0.1139 0.5209 0.1347 0.3161 0.2373 0.1172 0.4964 0.1239 0.4070 0.2004 0.1250 0.4283 0.1170 0.4694 0.1725 0.1418 0.3546 0.1137 0.5067 0.1519 0.1949 0.2920 0.1136 0.5210 0.1363 0.3035 0.2423 0.1166 0.5018 0.1249 0.3983 0.2040 0.1238 0.4368 0.1176 0.4637 0.1752 0.1398
0.4941 0.1138 0.3494 0.1438 0.1707 0.4730 0.1166 0.4225 0.1260 0.1980 0.4127 0.1233 0.4923 0.1177 0.2343 0.3235 0.1339 0.5207 0.1140 0.2817 0.2135 0.1486 0.5112 0.1135 0.3417 0.1474 0.1679 0.4790 0.1160 0.4112 0.1280 0.1926 0.4265 0.1215 0.4780 0.1193 0.2226 0.3558 0.1295 0.5154 0.1153 0.2557 0.2775 0.1386 0.5207 0.1137 0.2889 0.2057 0.1507 0.5003 0.1155 0.5056 0.1168 0.4759 0.1690 0.1453 0.3474 0.1136 0.5084 0.1510 0.1984 0.2906 0.1137 0.5210 0.1363 0.3026 0.2428 0.1166 0.5026 0.1251 0.3968 0.2046 0.1237 0.4381 0.1177 0.4627 0.1757 0.1387 0.3637 0.1139 0.5031 0.1542 0.1834 0.2994 0.1135 0.5206 0.1381 0.2892 0.2481 0.1161 0.5073 0.1262 0.3876 0.2084 0.1226 0.4466 0.1183 0.4567 0.1785 0.1364 0.3615
0.1134 0.3400 0.1480 0.1675 0.4794 0.1160 0.4119 0.1277 0.1936 0.4228 0.1221 0.4841 0.1185 0.2286 0.3378 0.1321 0.5197 0.1144 0.2743 0.2286 0.1463 0.5140 0.1134 0.3326 0.1520 0.1650 0.4844 0.1155 0.4020 0.1296 0.1892 0.4339 0.1207 0.4713 0.1200 0.2193 0.3634 0.1287 0.5140 0.1155 0.2538 0.2809 0.1383 0.5208 0.1137 0.2892 0.2066 0.1490 0.5085 0.1138 0.5173 0.1190 0.4679 0.1714 0.1428 0.3537 0.1137 0.5058 0.1529 0.1882 0.2971 0.1136 0.5207 0.1380 0.2887 0.2486 0.1160 0.5081 0.1264 0.3854 0.2093 0.1224 0.4485 0.1185 0.4552 0.1792 0.1359 0.3736 0.1143 0.4989 0.1569 0.1729 0.3075 0.1134 0.5196 0.1401 0.2738 0.2544 0.1156 0.5119 0.1276 0.3757 0.2133 0.1214 0.4567 0.1192 0.4488 0.1822 0.1338 0.3818 0.1140
0.3219 0.1530 0.1645 0.4852 0.1154 0.4015 0.1295 0.1896 0.4322 0.1210 0.4752 0.1194 0.2231 0.3513 0.1305 0.5179 0.1147 0.2673 0.2439 0.1441 0.5164 0.1133 0.3238 0.1577 0.1621 0.4897 0.1150 0.3925 0.1314 0.1858 0.4413 0.1199 0.4638 0.1207 0.2157 0.3717 0.1278 0.5118 0.1157 0.2511 0.2864 0.1378 0.5209 0.1137 0.2888 0.2069 0.1487 0.5112 0.1125 0.5011 0.1240 0.4454 0.1757 0.1403 0.3596 0.1139 0.5031 0.1547 0.1795 0.3034 0.1135 0.5199 0.1397 0.2750 0.2544 0.1156 0.5123 0.1278 0.3736 0.2143 0.1212 0.4587 0.1194 0.4471 0.1829 0.1333 0.3838 0.1146 0.4942 0.1596 0.1641 0.3160 0.1133 0.5181 0.1421 0.2580 0.2611 0.1151 0.5156 0.1291 0.3631 0.2184 0.1203 0.4667 0.1201 0.4403 0.1860 0.1314 0.3921 0.1152 0.4739
0.1547 0.1619 0.4901 0.1149 0.3920 0.1313 0.1860 0.4403 0.1201 0.4667 0.1202 0.2184 0.3631 0.1291 0.5155 0.1150 0.2611 0.2581 0.1421 0.5181 0.1133 0.3160 0.1641 0.1596 0.4942 0.1146 0.3836 0.1333 0.1826 0.4481 0.1192 0.4563 0.1214 0.2123 0.3797 0.1269 0.5092 0.1159 0.2482 0.2925 0.1372 0.5210 0.1137 0.2879 0.2075 0.1486 0.5122 0.1125 0.4136 0.1171 0.3602 0.1924 0.1352 0.3663 0.1140 0.5007 0.1564 0.1726 0.3093 0.1134 0.5189 0.1414 0.2618 0.2601 0.1151 0.5155 0.1292 0.3617 0.2192 0.1201 0.4686 0.1203 0.4385 0.1868 0.1310 0.3942 0.1151 0.4891 0.1624 0.1571 0.3248 0.1133 0.5161 0.1443 0.2422 0.2680 0.1147 0.5182 0.1307 0.3498 0.2237 0.1193 0.4763 0.1211 0.4312 0.1900 0.1293 0.4026 0.1155 0.4846 0.1608
0.1570 0.4921 0.1145 0.3878 0.1318 0.1845 0.4440 0.1196 0.4625 0.1201 0.2163 0.3685 0.1284 0.5142 0.1147 0.2584 0.2646 0.1413 0.5188 0.1129 0.3124 0.1672 0.1585 0.4963 0.1141 0.3794 0.1338 0.1813 0.4511 0.1187 0.4531 0.1213 0.2111 0.3825 0.1266 0.5084 0.1155 0.2478 0.2928 0.1373 0.5209 0.1132 0.2898 0.2029 0.1495 0.5113 0.1129 0.3437 0.1330 0.2004 0.2721 0.1214 0.3838 0.1141 0.4984 0.1579 0.1672 0.3148 0.1134 0.5177 0.1430 0.2493 0.2658 0.1148 0.5179 0.1306 0.3496 0.2242 0.1192 0.4777 0.1213 0.4294 0.1908 0.1289 0.4047 0.1156 0.4834 0.1654 0.1513 0.3338 0.1134 0.5137 0.1466 0.2266 0.2752 0.1143 0.5199 0.1323 0.3360 0.2293 0.1184 0.4852 0.1222 0.4216 0.1942 0.1275 0.4132 0.1161 0.4786 0.1679 0.1467
0.4629 0.1154 0.4093 0.1259 0.1929 0.4258 0.1215 0.4813 0.1165 0.2272 0.3420 0.1316 0.5192 0.1125 0.2722 0.2328 0.1457 0.5149 0.1119 0.3298 0.1518 0.1645 0.4860 0.1146 0.4001 0.1276 0.1894 0.4337 0.1206 0.4733 0.1173 0.2221 0.3556 0.1299 0.5167 0.1129 0.2627 0.2564 0.1421 0.5186 0.1118 0.3101 0.1710 0.1565 0.5014 0.1129 0.3615 0.1364 0.1828 0.4227 0.1157 0.4655 0.1143 0.4959 0.1591 0.1632 0.3196 0.1133 0.5164 0.1445 0.2379 0.2712 0.1145 0.5194 0.1320 0.3376 0.2291 0.1184 0.4859 0.1224 0.4200 0.1949 0.1271 0.4153 0.1162 0.4774 0.1685 0.1466 0.3430 0.1135 0.5108 0.1489 0.2117 0.2826 0.1140 0.5208 0.1341 0.3216 0.2350 0.1176 0.4933 0.1234 0.4114 0.1985 0.1258 0.4239 0.1167 0.4722 0.1711 0.1434 0.3410
0.1226 0.5000 0.1134 0.2401 0.3100 0.1355 0.5211 0.1109 0.2883 0.1997 0.1511 0.5085 0.1120 0.3499 0.1402 0.1718 0.4727 0.1160 0.4231 0.1221 0.1990 0.4121 0.1231 0.4928 0.1140 0.2350 0.3226 0.1340 0.5208 0.1110 0.2815 0.2132 0.1487 0.5118 0.1116 0.3385 0.1460 0.1671 0.4826 0.1147 0.4025 0.1261 0.1891 0.4379 0.1197 0.4630 0.1174 0.2149 0.3646 0.1320 0.5210 0.1168 0.4907 0.1602 0.1605 0.3233 0.1133 0.5151 0.1459 0.2277 0.2762 0.1142 0.5204 0.1334 0.3257 0.2340 0.1177 0.4931 0.1235 0.4105 0.1991 0.1255 0.4258 0.1168 0.4708 0.1718 0.1426 0.3526 0.1137 0.5075 0.1513 0.1977 0.2903 0.1138 0.5210 0.1359 0.3068 0.2410 0.1169 0.5005 0.1247 0.4006 0.2030 0.1242 0.4345 0.1174 0.4652 0.1745 0.1398 0.3604 0.1135
0.4629 0.1154 0.4093 0.1259 0.1929 0.4258 0.1215 0.4813 0.1165 0.2272 0.3420 0.1316 0.5192 0.1125 0.2722 0.2328 0.1457 0.5149 0.1119 0.3298 0.1518 0.1645 0.4860 0.1146 0.4001 0.1276 0.1894 0.4337 0.1206 0.4733 0.1173 0.2221 0.3556 0.1299 0.5167 0.1129 0.2627 0.2564 0.1421 0.5186 0.1118 0.3101 0.1710 0.1565 0.5014 0.1129 0.3606 0.1385 0.1748 0.4500 0.1285 0.4713 0.1626 0.1583 0.3258 0.1134 0.5141 0.1470 0.2193 0.2807 0.1140 0.5209 0.1347 0.3142 0.2388 0.1170 0.4994 0.1246 0.4008 0.2032 0.1241 0.4359 0.1175 0.4639 0.1752 0.1392 0.3623 0.1139 0.5037 0.1539 0.1851 0.2983 0.1136 0.5207 0.1378 0.2914 0.2472 0.1162 0.5065 0.1260 0.3892 0.2078 0.1228 0.4451 0.1182 0.4578 0.1780 0.1368 0.3703 0.1143 0.4850
0.1570 0.4921 0.1145 0.3878 0.1318 0.1845 0.4440 0.1196 0.4625 0.1201 0.2163 0.3685 0.1284 0.5142 0.1147 0.2584 0.2646 0.1413 0.5188 0.1129 0.3124 0.1672 0.1585 0.4963 0.1141 0.3794 0.1338 0.1813 0.4511 0.1187 0.4531 0.1213 0.2111 0.3825 0.1266 0.5084 0.1155 0.2478 0.2928 0.1373 0.5209 0.1132 0.2898 0.2029 0.1495 0.5113 0.1130 0.3343 0.1495 0.1740 0.3794 0.1723 0.1537 0.3279 0.1134 0.5133 0.1478 0.2131 0.2844 0.1139 0.5210 0.1359 0.3037 0.2433 0.1165 0.5045 0.1257 0.3910 0.2074 0.1228 0.4457 0.1183 0.4566 0.1786 0.1363 0.3723 0.1142 0.4995 0.1565 0.1742 0.3065 0.1134 0.5198 0.1398 0.2758 0.2536 0.1156 0.5114 0.1274 0.3773 0.2127 0.1216 0.4554 0.1191 0.4498 0.1817 0.1341 0.3804 0.1145 0.4958 0.1548
0.1547 0.1619 0.4901 0.1149 0.3920 0.1313 0.1860 0.4403 0.1201 0.4667 0.1202 0.2184 0.3631 0.1291 0.5155 0.1150 0.2611 0.2581 0.1421 0.5181 0.1133 0.3160 0.1641 0.1596 0.4942 0.1146 0.3836 0.1333 0.1826 0.4481 0.1192 0.4563 0.1214 0.2123 0.3797 0.1269 0.5092 0.1159 0.2482 0.2925 0.1372 0.5210 0.1137 0.2879 0.2075 0.1486 0.5126 0.1132 0.3342 0.1388 0.2133 0.1392 0.3333 0.1133 0.5129 0.1483 0.2092 0.2870 0.1138 0.5210 0.1370 0.2944 0.2474 0.1161 0.5086 0.1268 0.3813 0.2116 0.1217 0.4549 0.1191 0.4492 0.1821 0.1337 0.3823 0.1146 0.4948 0.1592 0.1652 0.3149 0.1134 0.5183 0.1419 0.2600 0.2602 0.1152 0.5152 0.1289 0.3647 0.2177 0.1204 0.4655 0.1200 0.4414 0.1855 0.1317 0.3908 0.1149 0.4908 0.1615 0.1555
0.3219 0.1530 0.1645 0.4852 0.1154 0.4015 0.1295 0.1896 0.4322 0.1210 0.4752 0.1194 0.2231 0.3513 0.1305 0.5179 0.1147 0.2673 0.2439 0.1441 0.5164 0.1133 0.3238 0.1577 0.1621 0.4897 0.1150 0.3925 0.1314 0.1858 0.4413 0.1199 0.4638 0.1207 0.2157 0.3717 0.1278 0.5118 0.1157 0.2511 0.2864 0.1378 0.5209 0.1137 0.2888 0.2070 0.1485 0.5126 0.1130 0.3604 0.1175 0.3603 0.1130 0.5127 0.1485 0.2072 0.2886 0.1137 0.5209 0.1378 0.2866 0.2510 0.1157 0.5117 0.1278 0.3721 0.2155 0.1208 0.4635 0.1199 0.4417 0.1856 0.1315 0.3921 0.1150 0.4898 0.1620 0.1579 0.3236 0.1133 0.5164 0.1440 0.2442 0.2671 0.1147 0.5179 0.1305 0.3515 0.2230 0.1194 0.4751 0.1210 0.4324 0.1895 0.1296 0.4013 0.1154 0.4853 0.1644 0.1531 0.3218
0.1134 0.3400 0.1480 0.1675 0.4794 0.1160 0.4119 0.1277 0.1936 0.4228 0.1221 0.4841 0.1185 0.2286 0.3378 0.1321 0.5197 0.1144 0.2743 0.2286 0.1463 0.5140 0.1134 0.3326 0.1520 0.1650 0.4844 0.1155 0.4020 0.1296 0.1892 0.4339 0.1207 0.4713 0.1200 0.2193 0.3634 0.1287 0.5140 0.1155 0.2538 0.2809 0.1383 0.5208 0.1137 0.2892 0.2070 0.1486 0.5113 0.1129 0.4629 0.1129 0.5113 0.1486 0.2070 0.2892 0.1137 0.5208 0.1383 0.2810 0.2538 0.1155 0.5139 0.1287 0.3635 0.2192 0.1200 0.4712 0.1207 0.4340 0.1891 0.1296 0.4017 0.1155 0.4846 0.1649 0.1520 0.3326 0.1134 0.5140 0.1463 0.2286 0.2743 0.1144 0.5197 0.1321 0.3378 0.2285 0.1185 0.4841 0.1221 0.4228 0.1936 0.1277 0.4119 0.1160 0.4794 0.1675 0.1480 0.3400 0.1134
