-0.1657 -0.3707 0.2325 -0.2858 -0.2591 -0.1813 -0.3768 0.2510 -0.2922 -0.1903 -0.1906 -0.3831 0.2666 -0.2982 -0.1140 -0.1992 -0.3890 0.2752 -0.3037 -0.0484 -0.2069 -0.3945 0.2712 -0.3085 -0.0012 -0.2140 -0.3993 0.2467 -0.3131 0.0327 -0.2206 -0.4032 0.1929 -0.3178 0.0590 -0.2273 -0.4058 0.1078 -0.3223 0.0812 -0.2340 -0.4067 0.0169 -0.3268 0.1014 -0.2407 -0.4065 -0.0502 -0.3351 0.1553 -0.2954 0.1553 -0.3351 -0.0502 -0.4065 -0.2407 0.1014 -0.3268 0.0169 -0.4067 -0.2340 0.0812 -0.3223 0.1078 -0.4058 -0.2273 0.0590 -0.3178 0.1929 -0.4032 -0.2206 0.0327 -0.3131 0.2467 -0.3993 -0.2140 -0.0012 -0.3085 0.2712 -0.3945 -0.2069 -0.0484 -0.3037 0.2752 -0.3890 -0.1992 -0.1140 -0.2982 0.2666 -0.3831 -0.1906 -0.1903 -0.2922 0.2510 -0.3768 -0.1813 -0.2591 -0.2858 0.2325 -0.3707 -0.1657
-0.3707 0.2354 -0.2917 -0.2229 -0.1904 -0.3793 0.2597 -0.2983 -0.1444 -0.2009 -0.3859 0.2779 -0.3038 -0.0732 -0.2098 -0.3919 0.2901 -0.3085 -0.0195 -0.2176 -0.3973 0.2915 -0.3126 0.0184 -0.2242 -0.4019 0.2744 -0.3166 0.0468 -0.2305 -0.4053 0.2294 -0.3204 0.0699 -0.2368 -0.4072 0.1493 -0.3240 0.0902 -0.2431 -0.4069 0.0480 -0.3273 0.1091 -0.2495 -0.4053 -0.0329 -0.3332 0.1338 -0.2735 -0.1483 -0.2735 0.1338 -0.3332 -0.0329 -0.4053 -0.2495 0.1091 -0.3273 0.0480 -0.4069 -0.2431 0.0902 -0.3240 0.1493 -0.4072 -0.2368 0.0699 -0.3204 0.2294 -0.4053 -0.2305 0.0468 -0.3166 0.2744 -0.4019 -0.2242 0.0184 -0.3126 0.2915 -0.3973 -0.2176 -0.0195 -0.3085 0.2901 -0.3919 -0.2098 -0.0732 -0.3038 0.2779 -0.3859 -0.2009 -0.1444 -0.2983 0.2597 -0.3793 -0.1904 -0.2229 -0.2917 0.2354 -0.3707
0.2325 -0.2917 -0.2108 -0.1933 -0.3816 0.2673 -0.3011 -0.1115 -0.2050 -0.3887 0.2845 -0.3066 -0.0459 -0.2136 -0.3945 0.2925 -0.3111 -0.0001 -0.2207 -0.3996 0.2864 -0.3152 0.0326 -0.2271 -0.4037 0.2575 -0.3193 0.0581 -0.2334 -0.4065 0.1963 -0.3232 0.0797 -0.2397 -0.4074 0.1021 -0.3269 0.0992 -0.2461 -0.4063 0.0060 -0.3302 0.1177 -0.2526 -0.4038 -0.0586 -0.3361 0.1371 -0.2630 -0.3717 -0.2105 -0.3717 -0.2630 0.1371 -0.3361 -0.0586 -0.4038 -0.2526 0.1177 -0.3302 0.0060 -0.4063 -0.2461 0.0992 -0.3269 0.1021 -0.4074 -0.2397 0.0797 -0.3232 0.1963 -0.4065 -0.2334 0.0581 -0.3193 0.2575 -0.4037 -0.2271 0.0326 -0.3152 0.2864 -0.3996 -0.2207 -0.0001 -0.3111 0.2925 -0.3945 -0.2136 -0.0459 -0.3066 0.2845 -0.3887 -0.2050 -0.1115 -0.3011 0.2673 -0.3816 -0.1933 -0.2108 -0.2917 0.2325
-0.2858 -0.2229 -0.1933 -0.3825 0.2716 -0.3027 -0.0864 -0.2085 -0.3912 0.2893 -0.3087 -0.0231 -0.2170 -0.3970 0.2919 -0.3130 0.0164 -0.2238 -0.4016 0.2762 -0.3172 0.0452 -0.2300 -0.4052 0.2332 -0.3212 0.0686 -0.2364 -0.4072 0.1553 -0.3250 0.0890 -0.2427 -0.4070 0.0541 -0.3285 0.1080 -0.2492 -0.4055 -0.0284 -0.3325 0.1263 -0.2556 -0.4014 -0.0795 -0.3394 0.1448 -0.2629 -0.3884 -0.1513 -0.3872 -0.1513 -0.3884 -0.2629 0.1448 -0.3394 -0.0795 -0.4014 -0.2556 0.1263 -0.3325 -0.0284 -0.4055 -0.2492 0.1080 -0.3285 0.0541 -0.4070 -0.2427 0.0890 -0.3250 0.1553 -0.4072 -0.2364 0.0686 -0.3212 0.2332 -0.4052 -0.2300 0.0452 -0.3172 0.2762 -0.4016 -0.2238 0.0164 -0.3130 0.2919 -0.3970 -0.2170 -0.0231 -0.3087 0.2893 -0.3912 -0.2085 -0.0864 -0.3027 0.2716 -0.3825 -0.1933 -0.2229 -0.2858
-0.2591 -0.1904 -0.3816 0.2716 -0.3033 -0.0727 -0.2108 -0.3931 0.2919 -0.3105 -0.0048 -0.2201 -0.3992 0.2875 -0.3150 0.0307 -0.2267 -0.4035 0.2600 -0.3191 0.0567 -0.2330 -0.4063 0.2010 -0.3230 0.0784 -0.2393 -0.4074 0.1083 -0.3267 0.0981 -0.2457 -0.4064 0.0109 -0.3300 0.1166 -0.2522 -0.4040 -0.0555 -0.3357 0.1349 -0.2587 -0.3979 -0.0966 -0.3427 0.1533 -0.2653 -0.3857 -0.1320 -0.3611 0.2943 -0.3611 -0.1320 -0.3857 -0.2653 0.1533 -0.3427 -0.0966 -0.3979 -0.2587 0.1349 -0.3357 -0.0555 -0.4040 -0.2522 0.1166 -0.3300 0.0109 -0.4064 -0.2457 0.0981 -0.3267 0.1083 -0.4074 -0.2393 0.0784 -0.3230 0.2010 -0.4063 -0.2330 0.0567 -0.3191 0.2600 -0.4035 -0.2267 0.0307 -0.3150 0.2875 -0.3992 -0.2201 -0.0048 -0.3105 0.2919 -0.3931 -0.2108 -0.0727 -0.3033 0.2716 -0.3816 -0.1904 -0.2591
-0.1813 -0.3793 0.2673 -0.3027 -0.0727 -0.2116 -0.3942 0.2926 -0.3118 0.0087 -0.2226 -0.4010 0.2793 -0.3168 0.0430 -0.2295 -0.4050 0.2370 -0.3209 0.0672 -0.2360 -0.4071 0.1609 -0.3248 0.0878 -0.2423 -0.4071 0.0600 -0.3283 0.1069 -0.2488 -0.4056 -0.0244 -0.3322 0.1252 -0.2552 -0.4017 -0.0771 -0.3390 0.1435 -0.2618 -0.3933 -0.1108 -0.3460 0.1621 -0.2683 -0.3786 -0.1359 -0.3553 0.2169 -0.3143 0.2169 -0.3553 -0.1359 -0.3786 -0.2683 0.1621 -0.3460 -0.1108 -0.3933 -0.2618 0.1435 -0.3390 -0.0771 -0.4017 -0.2552 0.1252 -0.3322 -0.0244 -0.4056 -0.2488 0.1069 -0.3283 0.0600 -0.4071 -0.2423 0.0878 -0.3248 0.1609 -0.4071 -0.2360 0.0672 -0.3209 0.2370 -0.4050 -0.2295 0.0430 -0.3168 0.2793 -0.4010 -0.2226 0.0087 -0.3118 0.2926 -0.3942 -0.2116 -0.0727 -0.3027 0.2673 -0.3793 -0.1813
-0.3768 0.2597 -0.3011 -0.0864 -0.2108 -0.3942 0.2927 -0.3125 0.0168 -0.2244 -0.4025 0.2682 -0.3184 0.0534 -0.2323 -0.4061 0.2073 -0.3227 0.0770 -0.2389 -0.4074 0.1146 -0.3265 0.0969 -0.2454 -0.4065 0.0160 -0.3299 0.1155 -0.2518 -0.4043 -0.0524 -0.3352 0.1338 -0.2583 -0.3984 -0.0946 -0.3423 0.1522 -0.2648 -0.3874 -0.1229 -0.3493 0.1711 -0.2714 -0.3692 -0.1441 -0.3567 0.1974 -0.2922 0.0248 -0.2922 0.1974 -0.3567 -0.1441 -0.3692 -0.2714 0.1711 -0.3493 -0.1229 -0.3874 -0.2648 0.1522 -0.3423 -0.0946 -0.3984 -0.2583 0.1338 -0.3352 -0.0524 -0.4043 -0.2518 0.1155 -0.3299 0.0160 -0.4065 -0.2454 0.0969 -0.3265 0.1146 -0.4074 -0.2389 0.0770 -0.3227 0.2073 -0.4061 -0.2323 0.0534 -0.3184 0.2682 -0.4025 -0.2244 0.0168 -0.3125 0.2927 -0.3942 -0.2108 -0.0864 -0.3011 0.2597 -0.3768
0.2510 -0.2983 -0.1115 -0.2085 -0.3931 0.2926 -0.3125 0.0196 -0.2254 -0.4034 0.2568 -0.3197 0.0619 -0.2347 -0.4069 0.1724 -0.3244 0.0860 -0.2418 -0.4072 0.0671 -0.3281 0.1057 -0.2484 -0.4057 -0.0204 -0.3319 0.1241 -0.2549 -0.4021 -0.0746 -0.3385 0.1424 -0.2614 -0.3940 -0.1091 -0.3456 0.1610 -0.2679 -0.3798 -0.1334 -0.3526 0.1802 -0.2744 -0.3574 -0.1522 -0.3597 0.2013 -0.2846 -0.2304 -0.2393 -0.2304 -0.2846 0.2013 -0.3597 -0.1522 -0.3574 -0.2744 0.1802 -0.3526 -0.1334 -0.3798 -0.2679 0.1610 -0.3456 -0.1091 -0.3940 -0.2614 0.1424 -0.3385 -0.0746 -0.4021 -0.2549 0.1241 -0.3319 -0.0204 -0.4057 -0.2484 0.1057 -0.3281 0.0671 -0.4072 -0.2418 0.0860 -0.3244 0.1724 -0.4069 -0.2347 0.0619 -0.3197 0.2568 -0.4034 -0.2254 0.0196 -0.3125 0.2926 -0.3931 -0.2085 -0.1115 -0.2983 0.2510
-0.2922 -0.1444 -0.2050 -0.3912 0.2919 -0.3118 0.0168 -0.2254 -0.4037 0.2493 -0.3206 0.0680 -0.2367 -0.4073 0.1365 -0.3258 0.0942 -0.2445 -0.4066 0.0241 -0.3296 0.1141 -0.2514 -0.4045 -0.0492 -0.3348 0.1327 -0.2579 -0.3989 -0.0925 -0.3418 0.1511 -0.2644 -0.3882 -0.1214 -0.3489 0.1699 -0.2710 -0.3705 -0.1428 -0.3559 0.1895 -0.2775 -0.3432 -0.1597 -0.3629 0.2100 -0.2846 -0.2867 -0.1969 -0.4038 -0.1969 -0.2867 -0.2846 0.2100 -0.3629 -0.1597 -0.3432 -0.2775 0.1895 -0.3559 -0.1428 -0.3705 -0.2710 0.1699 -0.3489 -0.1214 -0.3882 -0.2644 0.1511 -0.3418 -0.0925 -0.3989 -0.2579 0.1327 -0.3348 -0.0492 -0.4045 -0.2514 0.1141 -0.3296 0.0241 -0.4066 -0.2445 0.0942 -0.3258 0.1365 -0.4073 -0.2367 0.0680 -0.3206 0.2493 -0.4037 -0.2254 0.0168 -0.3118 0.2919 -0.3912 -0.2050 -0.1444 -0.2922
-0.1903 -0.2009 -0.3887 0.2893 -0.3105 0.0087 -0.2244 -0.4034 0.2493 -0.3209 0.0712 -0.2380 -0.4075 0.1054 -0.3271 0.1012 -0.2471 -0.4060 -0.0107 -0.3313 0.1222 -0.2543 -0.4025 -0.0716 -0.3381 0.1412 -0.2610 -0.3946 -0.1074 -0.3451 0.1599 -0.2675 -0.3809 -0.1322 -0.3522 0.1790 -0.2740 -0.3590 -0.1512 -0.3592 0.1989 -0.2805 -0.3262 -0.1667 -0.3662 0.2196 -0.2870 -0.2760 -0.1844 -0.3825 0.1911 -0.3825 -0.1844 -0.2760 -0.2870 0.2196 -0.3662 -0.1667 -0.3262 -0.2805 0.1989 -0.3592 -0.1512 -0.3590 -0.2740 0.1790 -0.3522 -0.1322 -0.3809 -0.2675 0.1599 -0.3451 -0.1074 -0.3946 -0.2610 0.1412 -0.3381 -0.0716 -0.4025 -0.2543 0.1222 -0.3313 -0.0107 -0.4060 -0.2471 0.1012 -0.3271 0.1054 -0.4075 -0.2380 0.0712 -0.3209 0.2493 -0.4034 -0.2244 0.0087 -0.3105 0.2893 -0.3887 -0.2009 -0.1903
-0.1906 -0.3859 0.2845 -0.3087 -0.0048 -0.2226 -0.4025 0.2568 -0.3206 0.0712 -0.2385 -0.4075 0.0842 -0.3279 0.1067 -0.2492 -0.4053 -0.0367 -0.3336 0.1300 -0.2571 -0.3997 -0.0891 -0.3413 0.1497 -0.2640 -0.3891 -0.1199 -0.3485 0.1688 -0.2706 -0.3718 -0.1417 -0.3555 0.1883 -0.2771 -0.3452 -0.1588 -0.3625 0.2086 -0.2835 -0.3060 -0.1731 -0.3695 0.2294 -0.2899 -0.2509 -0.1861 -0.3782 0.2826 -0.3289 0.2826 -0.3782 -0.1861 -0.2509 -0.2899 0.2294 -0.3695 -0.1731 -0.3060 -0.2835 0.2086 -0.3625 -0.1588 -0.3452 -0.2771 0.1883 -0.3555 -0.1417 -0.3718 -0.2706 0.1688 -0.3485 -0.1199 -0.3891 -0.2640 0.1497 -0.3413 -0.0891 -0.3997 -0.2571 0.1300 -0.3336 -0.0367 -0.4053 -0.2492 0.1067 -0.3279 0.0842 -0.4075 -0.2385 0.0712 -0.3206 0.2568 -0.4025 -0.2226 -0.0048 -0.3087 0.2845 -0.3859 -0.1906
-0.3831 0.2779 -0.3066 -0.0231 -0.2201 -0.4010 0.2682 -0.3197 0.0680 -0.2380 -0.4075 0.0768 -0.3284 0.1103 -0.2507 -0.4044 -0.0548 -0.3360 0.1369 -0.2597 -0.3962 -0.1033 -0.3443 0.1579 -0.2669 -0.3823 -0.1307 -0.3517 0.1778 -0.2737 -0.3606 -0.1502 -0.3588 0.1977 -0.2801 -0.3285 -0.1658 -0.3658 0.2183 -0.2865 -0.2824 -0.1791 -0.3727 0.2392 -0.2927 -0.2201 -0.1907 -0.3797 0.2661 -0.3089 0.1008 -0.3089 0.2661 -0.3797 -0.1907 -0.2201 -0.2927 0.2392 -0.3727 -0.1791 -0.2824 -0.2865 0.2183 -0.3658 -0.1658 -0.3285 -0.2801 0.1977 -0.3588 -0.1502 -0.3606 -0.2737 0.1778 -0.3517 -0.1307 -0.3823 -0.2669 0.1579 -0.3443 -0.1033 -0.3962 -0.2597 0.1369 -0.3360 -0.0548 -0.4044 -0.2507 0.1103 -0.3284 0.0768 -0.4075 -0.2380 0.0680 -0.3197 0.2682 -0.4010 -0.2201 -0.0231 -0.3066 0.2779 -0.3831
0.2666 -0.3038 -0.0459 -0.2170 -0.3992 0.2793 -0.3184 0.0619 -0.2367 -0.4075 0.0842 -0.3284 0.1116 -0.2516 -0.4037 -0.0662 -0.3380 0.1427 -0.2619 -0.3923 -0.1145 -0.3472 0.1659 -0.2697 -0.3741 -0.1398 -0.3549 0.1868 -0.2767 -0.3472 -0.1579 -0.3621 0.2073 -0.2832 -0.3088 -0.1723 -0.3690 0.2281 -0.2895 -0.2551 -0.1847 -0.3758 0.2490 -0.2956 -0.1860 -0.1955 -0.3825 0.2696 -0.3038 -0.0115 -0.2610 -0.0115 -0.3038 0.2696 -0.3825 -0.1955 -0.1860 -0.2956 0.2490 -0.3758 -0.1847 -0.2551 -0.2895 0.2281 -0.3690 -0.1723 -0.3088 -0.2832 0.2073 -0.3621 -0.1579 -0.3472 -0.2767 0.1868 -0.3549 -0.1398 -0.3741 -0.2697 0.1659 -0.3472 -0.1145 -0.3923 -0.2619 0.1427 -0.3380 -0.0662 -0.4037 -0.2516 0.1116 -0.3284 0.0842 -0.4075 -0.2367 0.0619 -0.3184 0.2793 -0.3992 -0.2170 -0.0459 -0.3038 0.2666
-0.2982 -0.0732 -0.2136 -0.3970 0.2875 -0.3168 0.0534 -0.2347 -0.4073 0.1054 -0.3279 0.1103 -0.2516 -0.4034 -0.0719 -0.3393 0.1469 -0.2636 -0.3884 -0.1230 -0.3498 0.1733 -0.2724 -0.3648 -0.1477 -0.3580 0.1956 -0.2796 -0.3316 -0.1648 -0.3653 0.2170 -0.2862 -0.2856 -0.1783 -0.3723 0.2380 -0.2924 -0.2243 -0.1899 -0.3790 0.2584 -0.2983 -0.1502 -0.2001 -0.3854 0.2768 -0.3043 -0.0579 -0.2274 -0.4037 -0.2274 -0.0579 -0.3043 0.2768 -0.3854 -0.2001 -0.1502 -0.2983 0.2584 -0.3790 -0.1899 -0.2243 -0.2924 0.2380 -0.3723 -0.1783 -0.2856 -0.2862 0.2170 -0.3653 -0.1648 -0.3316 -0.2796 0.1956 -0.3580 -0.1477 -0.3648 -0.2724 0.1733 -0.3498 -0.1230 -0.3884 -0.2636 0.1469 -0.3393 -0.0719 -0.4034 -0.2516 0.1103 -0.3279 0.1054 -0.4073 -0.2347 0.0534 -0.3168 0.2875 -0.3970 -0.2136 -0.0732 -0.2982
-0.1140 -0.2098 -0.3945 0.2919 -0.3150 0.0430 -0.2323 -0.4069 0.1365 -0.3271 0.1067 -0.2507 -0.4037 -0.0719 -0.3397 0.1491 -0.2648 -0.3852 -0.1290 -0.3519 0.1798 -0.2747 -0.3546 -0.1546 -0.3609 0.2043 -0.2823 -0.3138 -0.1710 -0.3685 0.2265 -0.2891 -0.2590 -0.1840 -0.3754 0.2478 -0.2952 -0.1904 -0.1949 -0.3820 0.2674 -0.3010 -0.1149 -0.2045 -0.3883 0.2836 -0.3063 -0.0468 -0.2167 -0.3999 -0.0800 -0.3999 -0.2167 -0.0468 -0.3063 0.2836 -0.3883 -0.2045 -0.1149 -0.3010 0.2674 -0.3820 -0.1949 -0.1904 -0.2952 0.2478 -0.3754 -0.1840 -0.2590 -0.2891 0.2265 -0.3685 -0.1710 -0.3138 -0.2823 0.2043 -0.3609 -0.1546 -0.3546 -0.2747 0.1798 -0.3519 -0.1290 -0.3852 -0.2648 0.1491 -0.3397 -0.0719 -0.4037 -0.2507 0.1067 -0.3271 0.1365 -0.4069 -0.2323 0.0430 -0.3150 0.2919 -0.3945 -0.2098 -0.1140
-0.1992 -0.3919 0.2925 -0.3130 0.0307 -0.2295 -0.4061 0.1724 -0.3258 0.1012 -0.2492 -0.4044 -0.0662 -0.3393 0.1491 -0.2652 -0.3834 -0.1327 -0.3534 0.1848 -0.2766 -0.3448 -0.1601 -0.3635 0.2125 -0.2849 -0.2939 -0.1766 -0.3715 0.2358 -0.2918 -0.2298 -0.1892 -0.3785 0.2572 -0.2980 -0.1548 -0.1996 -0.3850 0.2757 -0.3035 -0.0822 -0.2086 -0.3911 0.2889 -0.3084 -0.0254 -0.2172 -0.3977 0.2549 -0.3440 0.2549 -0.3977 -0.2172 -0.0254 -0.3084 0.2889 -0.3911 -0.2086 -0.0822 -0.3035 0.2757 -0.3850 -0.1996 -0.1548 -0.2980 0.2572 -0.3785 -0.1892 -0.2298 -0.2918 0.2358 -0.3715 -0.1766 -0.2939 -0.2849 0.2125 -0.3635 -0.1601 -0.3448 -0.2766 0.1848 -0.3534 -0.1327 -0.3834 -0.2652 0.1491 -0.3393 -0.0662 -0.4044 -0.2492 0.1012 -0.3258 0.1724 -0.4061 -0.2295 0.0307 -0.3130 0.2925 -0.3919 -0.1992
-0.3890 0.2901 -0.3111 0.0164 -0.2267 -0.4050 0.2073 -0.3244 0.0942 -0.2471 -0.4053 -0.0548 -0.3380 0.1469 -0.2648 -0.3834 -0.1339 -0.3542 0.1880 -0.2779 -0.3365 -0.1643 -0.3657 0.2196 -0.2873 -0.2729 -0.1816 -0.3743 0.2447 -0.2944 -0.1987 -0.1939 -0.3815 0.2660 -0.3006 -0.1197 -0.2040 -0.3879 0.2828 -0.3059 -0.0533 -0.2125 -0.3938 0.2921 -0.3105 -0.0054 -0.2199 -0.3991 0.2835 -0.3233 0.1628 -0.3233 0.2835 -0.3991 -0.2199 -0.0054 -0.3105 0.2921 -0.3938 -0.2125 -0.0533 -0.3059 0.2828 -0.3879 -0.2040 -0.1197 -0.3006 0.2660 -0.3815 -0.1939 -0.1987 -0.2944 0.2447 -0.3743 -0.1816 -0.2729 -0.2873 0.2196 -0.3657 -0.1643 -0.3365 -0.2779 0.1880 -0.3542 -0.1339 -0.3834 -0.2648 0.1469 -0.3380 -0.0548 -0.4053 -0.2471 0.0942 -0.3244 0.2073 -0.4050 -0.2267 0.0164 -0.3111 0.2901 -0.3890
0.2752 -0.3085 -0.0001 -0.2238 -0.4035 0.2370 -0.3227 0.0860 -0.2445 -0.4060 -0.0367 -0.3360 0.1427 -0.2636 -0.3852 -0.1327 -0.3542 0.1891 -0.2786 -0.3307 -0.1671 -0.3674 0.2254 -0.2892 -0.2525 -0.1858 -0.3769 0.2529 -0.2969 -0.1667 -0.1982 -0.3843 0.2739 -0.3030 -0.0876 -0.2080 -0.3907 0.2884 -0.3082 -0.0286 -0.2161 -0.3963 0.2924 -0.3125 0.0119 -0.2229 -0.4011 0.2785 -0.3183 0.0810 -0.2783 0.0810 -0.3183 0.2785 -0.4011 -0.2229 0.0119 -0.3125 0.2924 -0.3963 -0.2161 -0.0286 -0.3082 0.2884 -0.3907 -0.2080 -0.0876 -0.3030 0.2739 -0.3843 -0.1982 -0.1667 -0.2969 0.2529 -0.3769 -0.1858 -0.2525 -0.2892 0.2254 -0.3674 -0.1671 -0.3307 -0.2786 0.1891 -0.3542 -0.1327 -0.3852 -0.2636 0.1427 -0.3360 -0.0367 -0.4060 -0.2445 0.0860 -0.3227 0.2370 -0.4035 -0.2238 -0.0001 -0.3085 0.2752
-0.3037 -0.0195 -0.2207 -0.4016 0.2600 -0.3209 0.0770 -0.2418 -0.4066 -0.0107 -0.3336 0.1369 -0.2619 -0.3884 -0.1290 -0.3534 0.1880 -0.2786 -0.3286 -0.1686 -0.3684 0.2294 -0.2906 -0.2351 -0.1892 -0.3791 0.2601 -0.2991 -0.1365 -0.2022 -0.3869 0.2807 -0.3053 -0.0598 -0.2117 -0.3933 0.2918 -0.3102 -0.0080 -0.2194 -0.3986 0.2891 -0.3144 0.0269 -0.2258 -0.4030 0.2651 -0.3188 0.0611 -0.2495 -0.3568 -0.2495 0.0611 -0.3188 0.2651 -0.4030 -0.2258 0.0269 -0.3144 0.2891 -0.3986 -0.2194 -0.0080 -0.3102 0.2918 -0.3933 -0.2117 -0.0598 -0.3053 0.2807 -0.3869 -0.2022 -0.1365 -0.2991 0.2601 -0.3791 -0.1892 -0.2351 -0.2906 0.2294 -0.3684 -0.1686 -0.3286 -0.2786 0.1880 -0.3534 -0.1290 -0.3884 -0.2619 0.1369 -0.3336 -0.0107 -0.4066 -0.2418 0.0770 -0.3209 0.2600 -0.4016 -0.2207 -0.0195 -0.3037
-0.0484 -0.2176 -0.3996 0.2762 -0.3191 0.0672 -0.2389 -0.4072 0.0241 -0.3313 0.1300 -0.2597 -0.3923 -0.1230 -0.3519 0.1848 -0.2779 -0.3307 -0.1686 -0.3687 0.2315 -0.2915 -0.2223 -0.1917 -0.3808 0.2658 -0.3009 -0.1103 -0.2056 -0.3893 0.2861 -0.3073 -0.0363 -0.2151 -0.3957 0.2926 -0.3121 0.0092 -0.2225 -0.4008 0.2811 -0.3164 0.0401 -0.2288 -0.4046 0.2443 -0.3204 0.0655 -0.2388 -0.4062 -0.1627 -0.4062 -0.2388 0.0655 -0.3204 0.2443 -0.4046 -0.2288 0.0401 -0.3164 0.2811 -0.4008 -0.2225 0.0092 -0.3121 0.2926 -0.3957 -0.2151 -0.0363 -0.3073 0.2861 -0.3893 -0.2056 -0.1103 -0.3009 0.2658 -0.3808 -0.1917 -0.2223 -0.2915 0.2315 -0.3687 -0.1686 -0.3307 -0.2779 0.1848 -0.3519 -0.1230 -0.3923 -0.2597 0.1300 -0.3313 0.0241 -0.4072 -0.2389 0.0672 -0.3191 0.2762 -0.3996 -0.2176 -0.0484
-0.2069 -0.3973 0.2864 -0.3172 0.0567 -0.2360 -0.4074 0.0671 -0.3296 0.1222 -0.2571 -0.3962 -0.1145 -0.3498 0.1798 -0.2766 -0.3365 -0.1671 -0.3684 0.2315 -0.2918 -0.2154 -0.1932 -0.3820 0.2698 -0.3024 -0.0896 -0.2084 -0.3913 0.2898 -0.3091 -0.0173 -0.2181 -0.3978 0.2905 -0.3139 0.0237 -0.2253 -0.4026 0.2679 -0.3183 0.0520 -0.2318 -0.4059 0.2155 -0.3222 0.0745 -0.2387 -0.4065 -0.0272 -0.3611 -0.0272 -0.4065 -0.2387 0.0745 -0.3222 0.2155 -0.4059 -0.2318 0.0520 -0.3183 0.2679 -0.4026 -0.2253 0.0237 -0.3139 0.2905 -0.3978 -0.2181 -0.0173 -0.3091 0.2898 -0.3913 -0.2084 -0.0896 -0.3024 0.2698 -0.3820 -0.1932 -0.2154 -0.2918 0.2315 -0.3684 -0.1671 -0.3365 -0.2766 0.1798 -0.3498 -0.1145 -0.3962 -0.2571 0.1222 -0.3296 0.0671 -0.4074 -0.2360 0.0567 -0.3172 0.2864 -0.3973 -0.2069
-0.3945 0.2915 -0.3152 0.0452 -0.2330 -0.4071 0.1146 -0.3281 0.1141 -0.2543 -0.3997 -0.1033 -0.3472 0.1733 -0.2747 -0.3448 -0.1643 -0.3674 0.2294 -0.2915 -0.2154 -0.1937 -0.3826 0.2723 -0.3033 -0.0752 -0.2105 -0.3930 0.2919 -0.3106 -0.0022 -0.2207 -0.3998 0.2851 -0.3157 0.0361 -0.2280 -0.4042 0.2491 -0.3201 0.0627 -0.2347 -0.4068 0.1786 -0.3240 0.0840 -0.2412 -0.4070 0.0478 -0.3364 0.2305 -0.3364 0.0478 -0.4070 -0.2412 0.0840 -0.3240 0.1786 -0.4068 -0.2347 0.0627 -0.3201 0.2491 -0.4042 -0.2280 0.0361 -0.3157 0.2851 -0.3998 -0.2207 -0.0022 -0.3106 0.2919 -0.3930 -0.2105 -0.0752 -0.3033 0.2723 -0.3826 -0.1937 -0.2154 -0.2915 0.2294 -0.3674 -0.1643 -0.3448 -0.2747 0.1733 -0.3472 -0.1033 -0.3997 -0.2543 0.1141 -0.3281 0.1146 -0.4071 -0.2330 0.0452 -0.3152 0.2915 -0.3945
0.2712 -0.3126 0.0326 -0.2300 -0.4063 0.1609 -0.3265 0.1057 -0.2514 -0.4025 -0.0891 -0.3443 0.1659 -0.2724 -0.3546 -0.1601 -0.3657 0.2254 -0.2906 -0.2223 -0.1932 -0.3826 0.2732 -0.3038 -0.0667 -0.2120 -0.3942 0.2926 -0.3118 0.0094 -0.2229 -0.4014 0.2766 -0.3173 0.0468 -0.2306 -0.4055 0.2245 -0.3218 0.0724 -0.2375 -0.4073 0.1353 -0.3257 0.0932 -0.2441 -0.4067 0.0286 -0.3309 0.1437 -0.2961 0.1437 -0.3309 0.0286 -0.4067 -0.2441 0.0932 -0.3257 0.1353 -0.4073 -0.2375 0.0724 -0.3218 0.2245 -0.4055 -0.2306 0.0468 -0.3173 0.2766 -0.4014 -0.2229 0.0094 -0.3118 0.2926 -0.3942 -0.2120 -0.0667 -0.3038 0.2732 -0.3826 -0.1932 -0.2223 -0.2906 0.2254 -0.3657 -0.1601 -0.3546 -0.2724 0.1659 -0.3443 -0.0891 -0.4025 -0.2514 0.1057 -0.3265 0.1609 -0.4063 -0.2300 0.0326 -0.3126 0.2712
-0.3085 0.0184 -0.2271 -0.4052 0.2010 -0.3248 0.0969 -0.2484 -0.4045 -0.0716 -0.3413 0.1579 -0.2697 -0.3648 -0.1546 -0.3635 0.2196 -0.2892 -0.2351 -0.1917 -0.3820 0.2723 -0.3038 -0.0639 -0.2127 -0.3949 0.2926 -0.3127 0.0178 -0.2247 -0.4026 0.2658 -0.3187 0.0559 -0.2330 -0.4064 0.1944 -0.3234 0.0812 -0.2403 -0.4074 0.0893 -0.3274 0.1019 -0.2471 -0.4061 -0.0067 -0.3312 0.1266 -0.2709 -0.1842 -0.2709 0.1266 -0.3312 -0.0067 -0.4061 -0.2471 0.1019 -0.3274 0.0893 -0.4074 -0.2403 0.0812 -0.3234 0.1944 -0.4064 -0.2330 0.0559 -0.3187 0.2658 -0.4026 -0.2247 0.0178 -0.3127 0.2926 -0.3949 -0.2127 -0.0639 -0.3038 0.2723 -0.3820 -0.1917 -0.2351 -0.2892 0.2196 -0.3635 -0.1546 -0.3648 -0.2697 0.1579 -0.3413 -0.0716 -0.4045 -0.2484 0.0969 -0.3248 0.2010 -0.4052 -0.2271 0.0184 -0.3085
-0.0012 -0.2242 -0.4037 0.2332 -0.3230 0.0878 -0.2454 -0.4057 -0.0492 -0.3381 0.1497 -0.2669 -0.3741 -0.1477 -0.3609 0.2125 -0.2873 -0.2525 -0.1892 -0.3808 0.2698 -0.3033 -0.0667 -0.2127 -0.3952 0.2924 -0.3133 0.0233 -0.2260 -0.4036 0.2542 -0.3200 0.0636 -0.2353 -0.4071 0.1610 -0.3249 0.0893 -0.2430 -0.4069 0.0454 -0.3289 0.1102 -0.2500 -0.4051 -0.0378 -0.3335 0.1302 -0.2605 -0.3798 -0.2061 -0.3798 -0.2605 0.1302 -0.3335 -0.0378 -0.4051 -0.2500 0.1102 -0.3289 0.0454 -0.4069 -0.2430 0.0893 -0.3249 0.1610 -0.4071 -0.2353 0.0636 -0.3200 0.2542 -0.4036 -0.2260 0.0233 -0.3133 0.2924 -0.3952 -0.2127 -0.0667 -0.3033 0.2698 -0.3808 -0.1892 -0.2525 -0.2873 0.2125 -0.3609 -0.1477 -0.3741 -0.2669 0.1497 -0.3381 -0.0492 -0.4057 -0.2454 0.0878 -0.3230 0.2332 -0.4037 -0.2242 -0.0012
-0.2140 -0.4019 0.2575 -0.3212 0.0784 -0.2423 -0.4065 -0.0204 -0.3348 0.1412 -0.2640 -0.3823 -0.1398 -0.3580 0.2043 -0.2849 -0.2729 -0.1858 -0.3791 0.2658 -0.3024 -0.0752 -0.2120 -0.3949 0.2924 -0.3134 0.0259 -0.2268 -0.4042 0.2439 -0.3209 0.0697 -0.2372 -0.4074 0.1269 -0.3263 0.0967 -0.2455 -0.4064 0.0079 -0.3302 0.1181 -0.2528 -0.4035 -0.0621 -0.3367 0.1378 -0.2604 -0.3932 -0.1440 -0.3846 -0.1440 -0.3932 -0.2604 0.1378 -0.3367 -0.0621 -0.4035 -0.2528 0.1181 -0.3302 0.0079 -0.4064 -0.2455 0.0967 -0.3263 0.1269 -0.4074 -0.2372 0.0697 -0.3209 0.2439 -0.4042 -0.2268 0.0259 -0.3134 0.2924 -0.3949 -0.2120 -0.0752 -0.3024 0.2658 -0.3791 -0.1858 -0.2729 -0.2849 0.2043 -0.3580 -0.1398 -0.3823 -0.2640 0.1412 -0.3348 -0.0204 -0.4065 -0.2423 0.0784 -0.3212 0.2575 -0.4019 -0.2140
-0.3993 0.2744 -0.3193 0.0686 -0.2393 -0.4071 0.0160 -0.3319 0.1327 -0.2610 -0.3891 -0.1307 -0.3549 0.1956 -0.2823 -0.2939 -0.1816 -0.3769 0.2601 -0.3009 -0.0896 -0.2105 -0.3942 0.2926 -0.3133 0.0259 -0.2271 -0.4044 0.2368 -0.3216 0.0740 -0.2387 -0.4075 0.0958 -0.3274 0.1032 -0.2479 -0.4058 -0.0216 -0.3321 0.1257 -0.2556 -0.4013 -0.0810 -0.3398 0.1460 -0.2628 -0.3909 -0.1233 -0.3585 0.2913 -0.3585 -0.1233 -0.3909 -0.2628 0.1460 -0.3398 -0.0810 -0.4013 -0.2556 0.1257 -0.3321 -0.0216 -0.4058 -0.2479 0.1032 -0.3274 0.0958 -0.4075 -0.2387 0.0740 -0.3216 0.2368 -0.4044 -0.2271 0.0259 -0.3133 0.2926 -0.3942 -0.2105 -0.0896 -0.3009 0.2601 -0.3769 -0.1816 -0.2939 -0.2823 0.1956 -0.3549 -0.1307 -0.3891 -0.2610 0.1327 -0.3319 0.0160 -0.4071 -0.2393 0.0686 -0.3193 0.2744 -0.3993
0.2467 -0.3166 0.0581 -0.2364 -0.4074 0.0600 -0.3299 0.1241 -0.2579 -0.3946 -0.1199 -0.3517 0.1868 -0.2796 -0.3138 -0.1766 -0.3743 0.2529 -0.2991 -0.1103 -0.2084 -0.3930 0.2926 -0.3127 0.0233 -0.2268 -0.4044 0.2343 -0.3219 0.0767 -0.2398 -0.4074 0.0712 -0.3283 0.1087 -0.2499 -0.4050 -0.0441 -0.3345 0.1328 -0.2582 -0.3983 -0.0961 -0.3427 0.1539 -0.2656 -0.3853 -0.1274 -0.3526 0.2086 -0.3125 0.2086 -0.3526 -0.1274 -0.3853 -0.2656 0.1539 -0.3427 -0.0961 -0.3983 -0.2582 0.1328 -0.3345 -0.0441 -0.4050 -0.2499 0.1087 -0.3283 0.0712 -0.4074 -0.2398 0.0767 -0.3219 0.2343 -0.4044 -0.2268 0.0233 -0.3127 0.2926 -0.3930 -0.2084 -0.1103 -0.2991 0.2529 -0.3743 -0.1766 -0.3138 -0.2796 0.1868 -0.3517 -0.1199 -0.3946 -0.2579 0.1241 -0.3299 0.0600 -0.4074 -0.2364 0.0581 -0.3166 0.2467
-0.3131 0.0468 -0.2334 -0.4072 0.1083 -0.3283 0.1155 -0.2549 -0.3989 -0.1074 -0.3485 0.1778 -0.2767 -0.3316 -0.1710 -0.3715 0.2447 -0.2969 -0.1365 -0.2056 -0.3913 0.2919 -0.3118 0.0178 -0.2260 -0.4042 0.2368 -0.3219 0.0775 -0.2404 -0.4073 0.0545 -0.3290 0.1130 -0.2516 -0.4039 -0.0609 -0.3369 0.1393 -0.2606 -0.3947 -0.1083 -0.3456 0.1617 -0.2683 -0.3782 -0.1359 -0.3539 0.1893 -0.2901 0.0119 -0.2901 0.1893 -0.3539 -0.1359 -0.3782 -0.2683 0.1617 -0.3456 -0.1083 -0.3947 -0.2606 0.1393 -0.3369 -0.0609 -0.4039 -0.2516 0.1130 -0.3290 0.0545 -0.4073 -0.2404 0.0775 -0.3219 0.2368 -0.4042 -0.2260 0.0178 -0.3118 0.2919 -0.3913 -0.2056 -0.1365 -0.2969 0.2447 -0.3715 -0.1710 -0.3316 -0.2767 0.1778 -0.3485 -0.1074 -0.3989 -0.2549 0.1155 -0.3283 0.1083 -0.4072 -0.2334 0.0468 -0.3131
0.0327 -0.2305 -0.4065 0.1553 -0.3267 0.1069 -0.2518 -0.4021 -0.0925 -0.3451 0.1688 -0.2737 -0.3472 -0.1648 -0.3685 0.2358 -0.2944 -0.1667 -0.2022 -0.3893 0.2898 -0.3106 0.0094 -0.2247 -0.4036 0.2439 -0.3216 0.0767 -0.2404 -0.4073 0.0461 -0.3294 0.1161 -0.2529 -0.4029 -0.0730 -0.3390 0.1452 -0.2628 -0.3907 -0.1182 -0.3483 0.1693 -0.2710 -0.3698 -0.1440 -0.3566 0.1927 -0.2820 -0.2570 -0.2362 -0.2570 -0.2820 0.1927 -0.3566 -0.1440 -0.3698 -0.2710 0.1693 -0.3483 -0.1182 -0.3907 -0.2628 0.1452 -0.3390 -0.0730 -0.4029 -0.2529 0.1161 -0.3294 0.0461 -0.4073 -0.2404 0.0767 -0.3216 0.2439 -0.4036 -0.2247 0.0094 -0.3106 0.2898 -0.3893 -0.2022 -0.1667 -0.2944 0.2358 -0.3685 -0.1648 -0.3472 -0.2737 0.1688 -0.3451 -0.0925 -0.4021 -0.2518 0.1069 -0.3267 0.1553 -0.4065 -0.2305 0.0327
-0.2206 -0.4053 0.1963 -0.3250 0.0981 -0.2488 -0.4043 -0.0746 -0.3418 0.1599 -0.2706 -0.3606 -0.1579 -0.3653 0.2265 -0.2918 -0.1987 -0.1982 -0.3869 0.2861 -0.3091 -0.0022 -0.2229 -0.4026 0.2542 -0.3209 0.0740 -0.2398 -0.4073 0.0461 -0.3296 0.1177 -0.2537 -0.4020 -0.0810 -0.3406 0.1501 -0.2647 -0.3863 -0.1263 -0.3508 0.1763 -0.2735 -0.3602 -0.1511 -0.3594 0.2002 -0.2817 -0.3082 -0.1922 -0.4024 -0.1922 -0.3082 -0.2817 0.2002 -0.3594 -0.1511 -0.3602 -0.2735 0.1763 -0.3508 -0.1263 -0.3863 -0.2647 0.1501 -0.3406 -0.0810 -0.4020 -0.2537 0.1177 -0.3296 0.0461 -0.4073 -0.2398 0.0740 -0.3209 0.2542 -0.4026 -0.2229 -0.0022 -0.3091 0.2861 -0.3869 -0.1982 -0.1987 -0.2918 0.2265 -0.3653 -0.1579 -0.3606 -0.2706 0.1599 -0.3418 -0.0746 -0.4043 -0.2488 0.0981 -0.3250 0.1963 -0.4053 -0.2206
-0.4032 0.2294 -0.3232 0.0890 -0.2457 -0.4056 -0.0524 -0.3385 0.1511 -0.2675 -0.3718 -0.1502 -0.3621 0.2170 -0.2891 -0.2298 -0.1939 -0.3843 0.2807 -0.3073 -0.0173 -0.2207 -0.4014 0.2658 -0.3200 0.0697 -0.2387 -0.4074 0.0545 -0.3294 0.1177 -0.2540 -0.4015 -0.0857 -0.3417 0.1536 -0.2662 -0.3822 -0.1327 -0.3530 0.1827 -0.2757 -0.3500 -0.1572 -0.3621 0.2082 -0.2837 -0.3012 -0.1787 -0.3799 0.2240 -0.3799 -0.1787 -0.3012 -0.2837 0.2082 -0.3621 -0.1572 -0.3500 -0.2757 0.1827 -0.3530 -0.1327 -0.3822 -0.2662 0.1536 -0.3417 -0.0857 -0.4015 -0.2540 0.1177 -0.3294 0.0545 -0.4074 -0.2387 0.0697 -0.3200 0.2658 -0.4014 -0.2207 -0.0173 -0.3073 0.2807 -0.3843 -0.1939 -0.2298 -0.2891 0.2170 -0.3621 -0.1502 -0.3718 -0.2675 0.1511 -0.3385 -0.0524 -0.4056 -0.2457 0.0890 -0.3232 0.2294 -0.4032
0.1929 -0.3204 0.0797 -0.2427 -0.4064 -0.0244 -0.3352 0.1424 -0.2644 -0.3809 -0.1417 -0.3588 0.2073 -0.2862 -0.2590 -0.1892 -0.3815 0.2739 -0.3053 -0.0363 -0.2181 -0.3998 0.2766 -0.3187 0.0636 -0.2372 -0.4075 0.0712 -0.3290 0.1161 -0.2537 -0.4015 -0.0873 -0.3423 0.1559 -0.2672 -0.3789 -0.1373 -0.3548 0.1883 -0.2777 -0.3394 -0.1625 -0.3646 0.2159 -0.2861 -0.2834 -0.1799 -0.3750 0.2751 -0.3270 0.2751 -0.3750 -0.1800 -0.2834 -0.2861 0.2159 -0.3646 -0.1625 -0.3394 -0.2777 0.1883 -0.3548 -0.1373 -0.3789 -0.2672 0.1559 -0.3423 -0.0873 -0.4015 -0.2537 0.1161 -0.3290 0.0712 -0.4075 -0.2372 0.0636 -0.3187 0.2766 -0.3998 -0.2181 -0.0363 -0.3053 0.2739 -0.3815 -0.1892 -0.2590 -0.2862 0.2073 -0.3588 -0.1417 -0.3809 -0.2644 0.1424 -0.3352 -0.0244 -0.4064 -0.2427 0.0797 -0.3204 0.1929
-0.3178 0.0699 -0.2397 -0.4070 0.0109 -0.3322 0.1338 -0.2614 -0.3882 -0.1322 -0.3555 0.1977 -0.2832 -0.2856 -0.1840 -0.3785 0.2660 -0.3030 -0.0598 -0.2151 -0.3978 0.2851 -0.3173 0.0559 -0.2353 -0.4074 0.0958 -0.3283 0.1130 -0.2529 -0.4020 -0.0857 -0.3423 0.1567 -0.2677 -0.3767 -0.1403 -0.3561 0.1927 -0.2793 -0.3293 -0.1669 -0.3669 0.2230 -0.2883 -0.2630 -0.1839 -0.3759 0.2557 -0.3065 0.0915 -0.3065 0.2558 -0.3760 -0.1839 -0.2630 -0.2883 0.2230 -0.3669 -0.1669 -0.3293 -0.2793 0.1927 -0.3561 -0.1403 -0.3767 -0.2677 0.1567 -0.3423 -0.0857 -0.4020 -0.2529 0.1130 -0.3283 0.0958 -0.4074 -0.2353 0.0559 -0.3173 0.2851 -0.3979 -0.2151 -0.0595 -0.3031 0.2661 -0.3785 -0.1840 -0.2856 -0.2832 0.1977 -0.3555 -0.1322 -0.3882 -0.2614 0.1338 -0.3322 0.0109 -0.4070 -0.2397 0.0699 -0.3178
0.0590 -0.2368 -0.4074 0.0541 -0.3300 0.1252 -0.2583 -0.3940 -0.1214 -0.3522 0.1883 -0.2801 -0.3088 -0.1783 -0.3754 0.2572 -0.3006 -0.0876 -0.2117 -0.3957 0.2905 -0.3157 0.0468 -0.2330 -0.4071 0.1269 -0.3274 0.1087 -0.2516 -0.4029 -0.0810 -0.3417 0.1559 -0.2677 -0.3759 -0.1419 -0.3569 0.1958 -0.2805 -0.3207 -0.1703 -0.3688 0.2293 -0.2903 -0.2419 -0.1878 -0.3781 0.2578 -0.3009 -0.0366 -0.2581 -0.0364 -0.3009 0.2579 -0.3781 -0.1878 -0.2419 -0.2903 0.2293 -0.3688 -0.1703 -0.3207 -0.2805 0.1958 -0.3569 -0.1419 -0.3759 -0.2677 0.1559 -0.3417 -0.0810 -0.4029 -0.2516 0.1087 -0.3274 0.1269 -0.4071 -0.2330 0.0468 -0.3157 0.2905 -0.3957 -0.2118 -0.0870 -0.3006 0.2573 -0.3754 -0.1783 -0.3088 -0.2802 0.1883 -0.3522 -0.1215 -0.3940 -0.2583 0.1252 -0.3300 0.0540 -0.4074 -0.2368 0.0590
-0.2273 -0.4072 0.1021 -0.3285 0.1166 -0.2552 -0.3984 -0.1091 -0.3489 0.1790 -0.2771 -0.3285 -0.1723 -0.3723 0.2478 -0.2980 -0.1197 -0.2080 -0.3933 0.2926 -0.3139 0.0361 -0.2306 -0.4064 0.1610 -0.3263 0.1032 -0.2499 -0.4039 -0.0730 -0.3406 0.1536 -0.2672 -0.3767 -0.1419 -0.3572 0.1975 -0.2813 -0.3141 -0.1727 -0.3703 0.2345 -0.2920 -0.2215 -0.1912 -0.3803 0.2637 -0.3007 -0.0986 -0.2229 -0.4055 -0.2230 -0.0980 -0.3007 0.2637 -0.3803 -0.1912 -0.2215 -0.2920 0.2345 -0.3703 -0.1728 -0.3141 -0.2813 0.1975 -0.3573 -0.1419 -0.3767 -0.2672 0.1536 -0.3406 -0.0730 -0.4039 -0.2500 0.1033 -0.3263 0.1609 -0.4064 -0.2306 0.0363 -0.3140 0.2926 -0.3934 -0.2081 -0.1190 -0.2980 0.2479 -0.3723 -0.1724 -0.3283 -0.2772 0.1791 -0.3489 -0.1092 -0.3984 -0.2553 0.1167 -0.3285 0.1015 -0.4072 -0.2274
-0.4058 0.1493 -0.3269 0.1080 -0.2522 -0.4017 -0.0946 -0.3456 0.1699 -0.2740 -0.3452 -0.1658 -0.3690 0.2380 -0.2952 -0.1548 -0.2040 -0.3907 0.2918 -0.3121 0.0237 -0.2280 -0.4055 0.1944 -0.3249 0.0967 -0.2479 -0.4050 -0.0609 -0.3390 0.1501 -0.2662 -0.3789 -0.1403 -0.3569 0.1975 -0.2815 -0.3105 -0.1743 -0.3713 0.2383 -0.2933 -0.2039 -0.1941 -0.3822 0.2694 -0.3021 -0.0931 -0.2111 -0.3968 -0.0514 -0.3969 -0.2114 -0.0915 -0.3023 0.2697 -0.3823 -0.1943 -0.2030 -0.2935 0.2386 -0.3714 -0.1745 -0.3100 -0.2817 0.1977 -0.3570 -0.1406 -0.3787 -0.2663 0.1503 -0.3391 -0.0616 -0.4049 -0.2480 0.0970 -0.3250 0.1933 -0.4055 -0.2282 0.0244 -0.3122 0.2919 -0.3908 -0.2042 -0.1531 -0.2954 0.2385 -0.3692 -0.1662 -0.3444 -0.2743 0.1704 -0.3457 -0.0953 -0.4016 -0.2524 0.1084 -0.3270 0.1471 -0.4058
0.1078 -0.3240 0.0992 -0.2492 -0.4040 -0.0771 -0.3423 0.1610 -0.2710 -0.3590 -0.1588 -0.3658 0.2281 -0.2924 -0.1904 -0.1996 -0.3879 0.2884 -0.3102 0.0092 -0.2253 -0.4042 0.2245 -0.3234 0.0893 -0.2455 -0.4058 -0.0441 -0.3369 0.1452 -0.2647 -0.3822 -0.1373 -0.3561 0.1958 -0.2813 -0.3105 -0.1748 -0.3718 0.2407 -0.2942 -0.1907 -0.1963 -0.3838 0.2742 -0.3036 -0.0754 -0.2107 -0.3938 0.2795 -0.3409 0.2763 -0.3944 -0.2125 -0.0665 -0.3046 0.2763 -0.3844 -0.1978 -0.1826 -0.2953 0.2429 -0.3724 -0.1763 -0.3062 -0.2824 0.1977 -0.3567 -0.1391 -0.3807 -0.2658 0.1469 -0.3376 -0.0492 -0.4056 -0.2466 0.0911 -0.3239 0.2184 -0.4043 -0.2263 0.0125 -0.3107 0.2894 -0.3884 -0.2008 -0.1829 -0.2934 0.2303 -0.3665 -0.1605 -0.3563 -0.2722 0.1629 -0.3430 -0.0811 -0.4036 -0.2503 0.1012 -0.3245 0.0976
-0.3223 0.0902 -0.2461 -0.4055 -0.0555 -0.3390 0.1522 -0.2679 -0.3705 -0.1512 -0.3625 0.2183 -0.2895 -0.2243 -0.1949 -0.3850 0.2828 -0.3082 -0.0080 -0.2225 -0.4026 0.2491 -0.3218 0.0812 -0.2430 -0.4064 -0.0216 -0.3345 0.1393 -0.2628 -0.3863 -0.1327 -0.3548 0.1927 -0.2805 -0.3141 -0.1743 -0.3718 0.2415 -0.2947 -0.1825 -0.1978 -0.3849 0.2777 -0.3048 -0.0594 -0.2125 -0.3944 0.2929 -0.3209 0.1582 -0.3246 0.2830 -0.3970 -0.2215 -0.0192 -0.3090 0.2880 -0.3883 -0.2059 -0.1328 -0.2997 0.2545 -0.3755 -0.1827 -0.2860 -0.2866 0.2042 -0.3585 -0.1440 -0.3771 -0.2690 0.1493 -0.3383 -0.0531 -0.4055 -0.2489 0.0916 -0.3245 0.2197 -0.4031 -0.2280 0.0116 -0.3109 0.2895 -0.3877 -0.2015 -0.1856 -0.2946 0.2297 -0.3660 -0.1604 -0.3573 -0.2739 0.1623 -0.3427 -0.0798 -0.4037 -0.2522 0.1011 -0.3258
0.0812 -0.2431 -0.4063 -0.0284 -0.3357 0.1435 -0.2648 -0.3798 -0.1428 -0.3592 0.2086 -0.2865 -0.2551 -0.1899 -0.3820 0.2757 -0.3059 -0.0286 -0.2194 -0.4008 0.2679 -0.3201 0.0724 -0.2403 -0.4069 0.0079 -0.3321 0.1328 -0.2606 -0.3907 -0.1263 -0.3530 0.1883 -0.2793 -0.3207 -0.1727 -0.3713 0.2407 -0.2947 -0.1796 -0.1985 -0.3856 0.2798 -0.3057 -0.0476 -0.2143 -0.3957 0.2924 -0.3151 0.0779 -0.2903 0.1465 -0.3345 0.0862 -0.4065 -0.2472 0.0669 -0.3221 0.2654 -0.4000 -0.2310 0.0038 -0.3118 0.2917 -0.3862 -0.2086 -0.1464 -0.2988 0.2452 -0.3696 -0.1749 -0.3257 -0.2832 0.1825 -0.3494 -0.1161 -0.3961 -0.2649 0.1222 -0.3325 0.0739 -0.4063 -0.2441 0.0564 -0.3189 0.2893 -0.3942 -0.2197 -0.0702 -0.3038 0.2630 -0.3746 -0.1843 -0.2971 -0.2864 0.1937 -0.3530 -0.1289 -0.3905 -0.2680 0.1345
-0.2340 -0.4069 0.0060 -0.3325 0.1349 -0.2618 -0.3874 -0.1334 -0.3559 0.1989 -0.2835 -0.2824 -0.1847 -0.3790 0.2674 -0.3035 -0.0533 -0.2161 -0.3986 0.2811 -0.3183 0.0627 -0.2375 -0.4074 0.0454 -0.3302 0.1257 -0.2582 -0.3947 -0.1182 -0.3508 0.1827 -0.2777 -0.3293 -0.1703 -0.3703 0.2383 -0.2942 -0.1825 -0.1985 -0.3858 0.2809 -0.3062 -0.0402 -0.2156 -0.3967 0.2914 -0.3144 0.0454 -0.2651 -0.0036 -0.3175 0.2856 -0.3751 -0.1855 -0.2890 -0.2879 0.2021 -0.3557 -0.1426 -0.3795 -0.2734 0.1477 -0.3398 -0.0494 -0.4056 -0.2570 0.0921 -0.3270 0.2190 -0.4027 -0.2364 0.0160 -0.3130 0.2925 -0.3856 -0.2076 -0.1710 -0.2970 0.2344 -0.3636 -0.1657 -0.3510 -0.2793 0.1667 -0.3448 -0.0880 -0.4027 -0.2616 0.1047 -0.3296 0.1731 -0.4044 -0.2403 0.0309 -0.3151 0.2951 -0.3886 -0.2124 -0.1326 -0.2964
-0.4067 0.0480 -0.3302 0.1263 -0.2587 -0.3933 -0.1229 -0.3526 0.1895 -0.2805 -0.3060 -0.1791 -0.3758 0.2584 -0.3010 -0.0822 -0.2125 -0.3963 0.2891 -0.3164 0.0520 -0.2347 -0.4073 0.0893 -0.3289 0.1181 -0.2556 -0.3983 -0.1083 -0.3483 0.1763 -0.2757 -0.3394 -0.1669 -0.3688 0.2345 -0.2933 -0.1907 -0.1978 -0.3856 0.2809 -0.3064 -0.0367 -0.2163 -0.3974 0.2900 -0.3147 0.0364 -0.2413 -0.3797 -0.2362 0.2283 -0.3783 -0.1587 -0.3720 -0.2710 0.1524 -0.3394 -0.0620 -0.4050 -0.2516 0.0960 -0.3258 0.2014 -0.4033 -0.2315 0.0218 -0.3126 0.2925 -0.3890 -0.2061 -0.1580 -0.2972 0.2377 -0.3683 -0.1669 -0.3456 -0.2782 0.1698 -0.3453 -0.0943 -0.4018 -0.2568 0.1080 -0.3283 0.1529 -0.4049 -0.2352 0.0358 -0.3147 0.2940 -0.3912 -0.2101 -0.1266 -0.2993 0.2462 -0.3710 -0.1727 -0.3310 -0.2808 0.1821
0.0169 -0.3273 0.1177 -0.2556 -0.3979 -0.1108 -0.3493 0.1802 -0.2775 -0.3262 -0.1731 -0.3727 0.2490 -0.2983 -0.1149 -0.2086 -0.3938 0.2924 -0.3144 0.0401 -0.2318 -0.4068 0.1353 -0.3274 0.1102 -0.2528 -0.4013 -0.0961 -0.3456 0.1693 -0.2735 -0.3500 -0.1625 -0.3669 0.2293 -0.2920 -0.2039 -0.1963 -0.3849 0.2798 -0.3062 -0.0367 -0.2166 -0.3977 0.2889 -0.3152 0.0374 -0.2307 -0.4059 -0.0680 -0.3476 -0.3619 -0.2057 -0.3646 -0.2675 0.1465 -0.3372 -0.0450 -0.4058 -0.2463 0.0890 -0.3236 0.2259 -0.4038 -0.2260 0.0088 -0.3103 0.2885 -0.3877 -0.2001 -0.1900 -0.2933 0.2284 -0.3658 -0.1593 -0.3587 -0.2722 0.1613 -0.3423 -0.0776 -0.4040 -0.2503 0.0995 -0.3255 0.1911 -0.4050 -0.2289 0.0226 -0.3121 0.2917 -0.3900 -0.2038 -0.1609 -0.2956 0.2364 -0.3684 -0.1650 -0.3476 -0.2747 0.1687 -0.3473
-0.3268 0.1091 -0.2526 -0.4014 -0.0966 -0.3460 0.1711 -0.2744 -0.3432 -0.1667 -0.3695 0.2392 -0.2956 -0.1502 -0.2045 -0.3911 0.2921 -0.3125 0.0269 -0.2288 -0.4059 0.1786 -0.3257 0.1019 -0.2500 -0.4035 -0.0810 -0.3427 0.1617 -0.2710 -0.3602 -0.1572 -0.3646 0.2230 -0.2903 -0.2215 -0.1941 -0.3838 0.2777 -0.3057 -0.0402 -0.2163 -0.3977 0.2885 -0.3155 0.0397 -0.2300 -0.4056 0.1592 -0.3331 0.1538 -0.2586 -0.2827 -0.2726 0.1511 -0.3388 -0.0577 -0.4052 -0.2473 0.0942 -0.3244 0.2063 -0.4050 -0.2271 0.0187 -0.3115 0.2909 -0.3897 -0.2026 -0.1669 -0.2944 0.2347 -0.3679 -0.1636 -0.3501 -0.2732 0.1669 -0.3445 -0.0891 -0.4026 -0.2514 0.1051 -0.3264 0.1645 -0.4062 -0.2300 0.0315 -0.3132 0.2926 -0.3920 -0.2061 -0.1381 -0.2967 0.2426 -0.3705 -0.1689 -0.3378 -0.2757 0.1742 -0.3471 -0.1151
0.1014 -0.2495 -0.4038 -0.0795 -0.3427 0.1621 -0.2714 -0.3574 -0.1597 -0.3662 0.2294 -0.2927 -0.1860 -0.2001 -0.3883 0.2889 -0.3105 0.0119 -0.2258 -0.4046 0.2155 -0.3240 0.0932 -0.2471 -0.4051 -0.0621 -0.3398 0.1539 -0.2683 -0.3698 -0.1511 -0.3621 0.2159 -0.2883 -0.2419 -0.1912 -0.3822 0.2742 -0.3048 -0.0476 -0.2156 -0.3974 0.2889 -0.3155 0.0405 -0.2302 -0.4058 0.1969 -0.3259 0.1191 -0.2824 -0.1170 -0.2812 0.1583 -0.3410 -0.0722 -0.4042 -0.2494 0.1009 -0.3257 0.1756 -0.4061 -0.2295 0.0310 -0.3132 0.2926 -0.3922 -0.2064 -0.1336 -0.2969 0.2438 -0.3710 -0.1697 -0.3356 -0.2759 0.1754 -0.3475 -0.1035 -0.3999 -0.2541 0.1132 -0.3279 0.1216 -0.4070 -0.2326 0.0434 -0.3150 0.2919 -0.3944 -0.2097 -0.1058 -0.2991 0.2516 -0.3735 -0.1747 -0.3211 -0.2784 0.1827 -0.3502 -0.1143 -0.3983
-0.2407 -0.4053 -0.0586 -0.3394 0.1533 -0.2683 -0.3692 -0.1522 -0.3629 0.2196 -0.2899 -0.2201 -0.1955 -0.3854 0.2836 -0.3084 -0.0054 -0.2229 -0.4030 0.2443 -0.3222 0.0840 -0.2441 -0.4061 -0.0378 -0.3367 0.1460 -0.2656 -0.3782 -0.1440 -0.3594 0.2082 -0.2861 -0.2630 -0.1878 -0.3803 0.2694 -0.3036 -0.0594 -0.2143 -0.3967 0.2900 -0.3152 0.0396 -0.2302 -0.4059 0.1989 -0.3245 0.1008 -0.2782 -0.0320 -0.2892 0.1689 -0.3433 -0.0843 -0.4028 -0.2515 0.1073 -0.3270 0.1405 -0.4068 -0.2320 0.0421 -0.3149 0.2918 -0.3947 -0.2102 -0.1006 -0.2995 0.2533 -0.3741 -0.1759 -0.3174 -0.2789 0.1844 -0.3508 -0.1165 -0.3960 -0.2570 0.1217 -0.3294 0.0738 -0.4074 -0.2355 0.0549 -0.3169 0.2875 -0.3969 -0.2134 -0.0744 -0.3016 0.2608 -0.3766 -0.1805 -0.3003 -0.2813 0.1919 -0.3535 -0.1257 -0.3919 -0.2542
-0.4065 -0.0329 -0.3361 0.1448 -0.2653 -0.3786 -0.1441 -0.3597 0.2100 -0.2870 -0.2509 -0.1907 -0.3825 0.2768 -0.3063 -0.0254 -0.2199 -0.4011 0.2651 -0.3204 0.0745 -0.2412 -0.4067 -0.0067 -0.3335 0.1378 -0.2628 -0.3853 -0.1359 -0.3566 0.2002 -0.2837 -0.2834 -0.1839 -0.3781 0.2637 -0.3021 -0.0754 -0.2125 -0.3956 0.2914 -0.3147 0.0371 -0.2299 -0.4058 0.1995 -0.3241 0.0932 -0.2668 -0.1428 -0.2963 0.1957 -0.3475 -0.0959 -0.4012 -0.2534 0.1131 -0.3282 0.1049 -0.4073 -0.2344 0.0520 -0.3166 0.2880 -0.3969 -0.2136 -0.0714 -0.3020 0.2623 -0.3772 -0.1816 -0.2957 -0.2819 0.1938 -0.3541 -0.1279 -0.3908 -0.2601 0.1302 -0.3312 0.0281 -0.4073 -0.2385 0.0656 -0.3188 0.2782 -0.3992 -0.2170 -0.0466 -0.3041 0.2696 -0.3798 -0.1860 -0.2758 -0.2843 0.2014 -0.3568 -0.1359 -0.3856 -0.2625 0.1393
-0.0502 -0.3332 0.1371 -0.2629 -0.3857 -0.1359 -0.3567 0.2013 -0.2846 -0.2760 -0.1861 -0.3797 0.2696 -0.3043 -0.0468 -0.2172 -0.3991 0.2785 -0.3188 0.0655 -0.2387 -0.4070 0.0286 -0.3312 0.1302 -0.2604 -0.3909 -0.1274 -0.3539 0.1927 -0.2817 -0.3012 -0.1799 -0.3759 0.2578 -0.3007 -0.0931 -0.2107 -0.3944 0.2924 -0.3141 0.0337 -0.2296 -0.4055 0.2013 -0.3241 0.0900 -0.2526 -0.3675 -0.2409 0.2695 -0.3614 -0.1166 -0.3990 -0.2552 0.1182 -0.3292 0.0723 -0.4074 -0.2366 0.0606 -0.3181 0.2810 -0.3989 -0.2167 -0.0467 -0.3043 0.2705 -0.3802 -0.1870 -0.2707 -0.2849 0.2033 -0.3574 -0.1378 -0.3842 -0.2632 0.1388 -0.3339 -0.0106 -0.4067 -0.2415 0.0756 -0.3206 0.2631 -0.4013 -0.2202 -0.0230 -0.3065 0.2776 -0.3828 -0.1912 -0.2476 -0.2873 0.2110 -0.3601 -0.1450 -0.3776 -0.2656 0.1457 -0.3393
-0.3351 0.1338 -0.2630 -0.3884 -0.1320 -0.3553 0.1974 -0.2846 -0.2867 -0.1844 -0.3782 0.2661 -0.3038 -0.0579 -0.2167 -0.3977 0.2835 -0.3183 0.0611 -0.2388 -0.4065 0.0478 -0.3309 0.1266 -0.2605 -0.3932 -0.1233 -0.3526 0.1893 -0.2820 -0.3082 -0.1787 -0.3750 0.2557 -0.3009 -0.0986 -0.2111 -0.3938 0.2929 -0.3144 0.0350 -0.2313 -0.4050 0.1906 -0.3251 0.0930 -0.2483 -0.4048 -0.1244 -0.3627 -0.3993 -0.1725 -0.3908 -0.2577 0.1226 -0.3300 0.0444 -0.4073 -0.2386 0.0681 -0.3195 0.2707 -0.4007 -0.2195 -0.0259 -0.3064 0.2777 -0.3830 -0.1918 -0.2429 -0.2878 0.2129 -0.3607 -0.1467 -0.3758 -0.2662 0.1475 -0.3372 -0.0415 -0.4060 -0.2445 0.0852 -0.3225 0.2411 -0.4032 -0.2233 -0.0031 -0.3087 0.2844 -0.3858 -0.1961 -0.2159 -0.2902 0.2208 -0.3634 -0.1532 -0.3678 -0.2687 0.1544 -0.3398 -0.0873
0.1553 -0.2735 -0.3717 -0.1513 -0.3611 0.2169 -0.2922 -0.2304 -0.1969 -0.3825 0.2826 -0.3089 -0.0115 -0.2274 -0.3999 0.2549 -0.3233 0.0810 -0.2495 -0.4062 -0.0272 -0.3364 0.1437 -0.2709 -0.3798 -0.1440 -0.3585 0.2086 -0.2901 -0.2570 -0.1922 -0.3799 0.2751 -0.3065 -0.0367 -0.2229 -0.3968 0.2800 -0.3200 0.0628 -0.2433 -0.4065 0.0753 -0.3312 0.1168 -0.2604 -0.4006 -0.1032 -0.3530 0.2198 -0.2591 -0.2793 -0.2666 0.1272 -0.3307 0.0230 -0.4071 -0.2404 0.0746 -0.3208 0.2578 -0.4022 -0.2220 -0.0087 -0.3083 0.2837 -0.3857 -0.1962 -0.2132 -0.2906 0.2223 -0.3639 -0.1547 -0.3656 -0.2693 0.1562 -0.3405 -0.0659 -0.4049 -0.2475 0.0943 -0.3243 0.2112 -0.4048 -0.2262 0.0139 -0.3108 0.2895 -0.3887 -0.2007 -0.1815 -0.2931 0.2307 -0.3666 -0.1606 -0.3558 -0.2718 0.1633 -0.3431 -0.0820 -0.4043
-0.2954 -0.1483 -0.2105 -0.3872 0.2943 -0.3143 0.0248 -0.2393 -0.4038 0.1911 -0.3289 0.1008 -0.2610 -0.4037 -0.0800 -0.3440 0.1628 -0.2783 -0.3568 -0.1627 -0.3611 0.2305 -0.2961 -0.1842 -0.2061 -0.3846 0.2913 -0.3125 0.0119 -0.2362 -0.4024 0.2240 -0.3270 0.0915 -0.2581 -0.4056 -0.0506 -0.3405 0.1489 -0.2738 -0.3778 -0.1448 -0.3552 0.2043 -0.2885 -0.2857 -0.1860 -0.3726 0.2699 -0.3104 0.0357 -0.2828 0.1362 -0.3315 0.0084 -0.4067 -0.2419 0.0799 -0.3219 0.2429 -0.4034 -0.2242 0.0053 -0.3100 0.2883 -0.3882 -0.2003 -0.1824 -0.2932 0.2315 -0.3670 -0.1617 -0.3533 -0.2723 0.1651 -0.3438 -0.0855 -0.4031 -0.2505 0.1032 -0.3260 0.1733 -0.4060 -0.2292 0.0286 -0.3127 0.2923 -0.3914 -0.2051 -0.1457 -0.2959 0.2405 -0.3699 -0.1675 -0.3412 -0.2748 0.1722 -0.3464 -0.0985 -0.4010 -0.2474
