0.4895 0.1175 0.2376 0.2897 0.1305 0.5068 0.1160 0.2506 0.2578 0.1341 0.5085 0.1149 0.2649 0.2260 0.1381 0.5072 0.1141 0.2802 0.1973 0.1425 0.5033 0.1136 0.2967 0.1750 0.1473 0.4972 0.1134 0.3143 0.1600 0.1525 0.4889 0.1134 0.3331 0.1499 0.1583 0.4786 0.1137 0.3531 0.1426 0.1646 0.4662 0.1144 0.3740 0.1369 0.1716 0.4515 0.1153 0.3971 0.1301 0.1954 0.2564 0.1954 0.1301 0.3971 0.1153 0.4515 0.1716 0.1369 0.3740 0.1144 0.4662 0.1646 0.1426 0.3531 0.1137 0.4786 0.1583 0.1499 0.3331 0.1134 0.4889 0.1525 0.1600 0.3143 0.1134 0.4972 0.1473 0.1750 0.2967 0.1136 0.5033 0.1425 0.1973 0.2802 0.1141 0.5072 0.1381 0.2260 0.2649 0.1149 0.5085 0.1341 0.2578 0.2506 0.1160 0.5068 0.1305 0.2897 0.2376 0.1175 0.4895
0.1175 0.2472 0.3036 0.1348 0.5203 0.1146 0.2639 0.2671 0.1390 0.5209 0.1140 0.2794 0.2333 0.1435 0.5188 0.1136 0.2958 0.2019 0.1483 0.5145 0.1135 0.3134 0.1760 0.1535 0.5081 0.1136 0.3321 0.1583 0.1591 0.4997 0.1141 0.3521 0.1469 0.1653 0.4893 0.1148 0.3731 0.1390 0.1720 0.4769 0.1158 0.3950 0.1332 0.1795 0.4623 0.1171 0.4177 0.1283 0.1907 0.4090 0.1390 0.4090 0.1907 0.1283 0.4177 0.1171 0.4623 0.1795 0.1332 0.3950 0.1158 0.4769 0.1720 0.1390 0.3731 0.1148 0.4893 0.1653 0.1469 0.3521 0.1141 0.4997 0.1591 0.1583 0.3321 0.1136 0.5081 0.1535 0.1760 0.3134 0.1135 0.5145 0.1483 0.2019 0.2958 0.1136 0.5188 0.1435 0.2333 0.2794 0.1140 0.5209 0.1390 0.2671 0.2639 0.1146 0.5203 0.1348 0.3036 0.2472 0.1175
0.2376 0.3036 0.1353 0.5208 0.1143 0.2698 0.2528 0.1408 0.5203 0.1137 0.2868 0.2183 0.1455 0.5171 0.1134 0.3039 0.1888 0.1506 0.5117 0.1134 0.3220 0.1667 0.1560 0.5044 0.1136 0.3413 0.1523 0.1619 0.4951 0.1142 0.3618 0.1428 0.1684 0.4838 0.1151 0.3832 0.1360 0.1754 0.4703 0.1162 0.4055 0.1308 0.1832 0.4547 0.1177 0.4281 0.1267 0.1922 0.4300 0.1235 0.5205 0.1235 0.4300 0.1922 0.1267 0.4281 0.1177 0.4547 0.1832 0.1308 0.4055 0.1162 0.4703 0.1754 0.1360 0.3832 0.1151 0.4838 0.1684 0.1428 0.3618 0.1142 0.4951 0.1619 0.1523 0.3413 0.1136 0.5044 0.1560 0.1667 0.3220 0.1134 0.5117 0.1506 0.1888 0.3039 0.1134 0.5171 0.1455 0.2183 0.2868 0.1137 0.5203 0.1408 0.2528 0.2698 0.1143 0.5208 0.1353 0.3036 0.2376
0.2897 0.1348 0.5208 0.1142 0.2735 0.2424 0.1424 0.5193 0.1135 0.2941 0.2044 0.1478 0.5149 0.1133 0.3122 0.1774 0.1531 0.5086 0.1135 0.3310 0.1591 0.1587 0.5003 0.1139 0.3508 0.1474 0.1649 0.4900 0.1146 0.3717 0.1394 0.1716 0.4777 0.1156 0.3936 0.1334 0.1790 0.4632 0.1169 0.4161 0.1288 0.1871 0.4465 0.1185 0.4388 0.1251 0.1960 0.4263 0.1212 0.4943 0.1109 0.4943 0.1212 0.4263 0.1960 0.1251 0.4388 0.1185 0.4465 0.1871 0.1288 0.4161 0.1169 0.4632 0.1790 0.1334 0.3936 0.1156 0.4777 0.1716 0.1394 0.3717 0.1146 0.4900 0.1649 0.1474 0.3508 0.1139 0.5003 0.1587 0.1591 0.3310 0.1135 0.5086 0.1531 0.1774 0.3122 0.1133 0.5149 0.1478 0.2044 0.2941 0.1135 0.5193 0.1424 0.2424 0.2735 0.1142 0.5208 0.1348 0.2897
0.1305 0.5203 0.1143 0.2735 0.2385 0.1434 0.5184 0.1134 0.3006 0.1927 0.1500 0.5124 0.1134 0.3206 0.1679 0.1557 0.5049 0.1136 0.3401 0.1530 0.1615 0.4957 0.1142 0.3605 0.1433 0.1680 0.4845 0.1150 0.3819 0.1364 0.1750 0.4712 0.1162 0.4041 0.1311 0.1827 0.4557 0.1176 0.4268 0.1270 0.1911 0.4379 0.1194 0.4492 0.1236 0.2003 0.4174 0.1217 0.4772 0.1152 0.3006 0.1152 0.4772 0.1217 0.4174 0.2003 0.1236 0.4492 0.1194 0.4379 0.1911 0.1270 0.4268 0.1176 0.4557 0.1827 0.1311 0.4041 0.1162 0.4712 0.1750 0.1364 0.3819 0.1150 0.4845 0.1680 0.1433 0.3605 0.1142 0.4957 0.1615 0.1530 0.3401 0.1136 0.5049 0.1557 0.1679 0.3206 0.1134 0.5124 0.1500 0.1927 0.3006 0.1134 0.5184 0.1434 0.2385 0.2735 0.1143 0.5203 0.1305
0.5068 0.1146 0.2698 0.2424 0.1434 0.5180 0.1134 0.3051 0.1845 0.1518 0.5098 0.1134 0.3287 0.1606 0.1582 0.5010 0.1138 0.3495 0.1480 0.1645 0.4907 0.1145 0.3705 0.1398 0.1712 0.4785 0.1155 0.3923 0.1337 0.1785 0.4642 0.1168 0.4148 0.1291 0.1866 0.4476 0.1184 0.4374 0.1253 0.1953 0.4286 0.1204 0.4595 0.1223 0.2049 0.4071 0.1227 0.4810 0.1185 0.2360 0.1798 0.2360 0.1185 0.4810 0.1227 0.4071 0.2049 0.1223 0.4595 0.1204 0.4286 0.1953 0.1253 0.4374 0.1184 0.4476 0.1866 0.1291 0.4148 0.1168 0.4642 0.1785 0.1337 0.3923 0.1155 0.4785 0.1712 0.1398 0.3705 0.1145 0.4907 0.1645 0.1480 0.3495 0.1138 0.5010 0.1582 0.1606 0.3287 0.1134 0.5098 0.1518 0.1845 0.3051 0.1134 0.5180 0.1434 0.2424 0.2698 0.1146 0.5068
0.1160 0.2639 0.2528 0.1424 0.5184 0.1134 0.3067 0.1804 0.1531 0.5077 0.1135 0.3359 0.1551 0.1607 0.4969 0.1141 0.3588 0.1439 0.1675 0.4853 0.1149 0.3806 0.1367 0.1746 0.4720 0.1161 0.4028 0.1314 0.1822 0.4567 0.1175 0.4254 0.1272 0.1906 0.4390 0.1193 0.4479 0.1238 0.1997 0.4189 0.1214 0.4694 0.1211 0.2097 0.3961 0.1239 0.4887 0.1187 0.2244 0.3202 0.1551 0.3202 0.2244 0.1187 0.4887 0.1239 0.3961 0.2097 0.1211 0.4694 0.1214 0.4189 0.1997 0.1238 0.4479 0.1193 0.4390 0.1906 0.1272 0.4254 0.1175 0.4567 0.1822 0.1314 0.4028 0.1161 0.4720 0.1746 0.1367 0.3806 0.1149 0.4853 0.1675 0.1439 0.3588 0.1141 0.4969 0.1607 0.1551 0.3359 0.1135 0.5077 0.1531 0.1804 0.3067 0.1134 0.5184 0.1424 0.2528 0.2639 0.1160
0.2506 0.2671 0.1408 0.5193 0.1134 0.3051 0.1804 0.1536 0.5064 0.1136 0.3416 0.1512 0.1629 0.4928 0.1144 0.3678 0.1406 0.1705 0.4796 0.1154 0.3907 0.1341 0.1780 0.4651 0.1167 0.4134 0.1293 0.1861 0.4487 0.1183 0.4361 0.1255 0.1948 0.4298 0.1203 0.4582 0.1225 0.2043 0.4085 0.1226 0.4788 0.1200 0.2147 0.3845 0.1252 0.4963 0.1180 0.2266 0.3484 0.1343 0.5027 0.1343 0.3484 0.2266 0.1180 0.4963 0.1252 0.3845 0.2147 0.1200 0.4788 0.1226 0.4085 0.2043 0.1225 0.4582 0.1203 0.4298 0.1948 0.1255 0.4361 0.1183 0.4487 0.1861 0.1293 0.4134 0.1167 0.4651 0.1780 0.1341 0.3907 0.1154 0.4796 0.1705 0.1406 0.3678 0.1144 0.4928 0.1629 0.1512 0.3416 0.1136 0.5064 0.1536 0.1804 0.3051 0.1134 0.5193 0.1408 0.2671 0.2506
0.2578 0.1390 0.5203 0.1135 0.3006 0.1845 0.1531 0.5064 0.1137 0.3448 0.1488 0.1647 0.4893 0.1147 0.3759 0.1378 0.1735 0.4738 0.1160 0.4007 0.1318 0.1816 0.4578 0.1174 0.4240 0.1274 0.1901 0.4401 0.1192 0.4466 0.1240 0.1992 0.4201 0.1213 0.4681 0.1213 0.2091 0.3976 0.1238 0.4875 0.1190 0.2198 0.3723 0.1266 0.5030 0.1173 0.2316 0.3427 0.1309 0.5209 0.1126 0.5209 0.1309 0.3427 0.2316 0.1173 0.5030 0.1266 0.3723 0.2198 0.1190 0.4875 0.1238 0.3976 0.2091 0.1213 0.4681 0.1213 0.4201 0.1992 0.1240 0.4466 0.1192 0.4401 0.1901 0.1274 0.4240 0.1174 0.4578 0.1816 0.1318 0.4007 0.1160 0.4738 0.1735 0.1378 0.3759 0.1147 0.4893 0.1647 0.1488 0.3448 0.1137 0.5064 0.1531 0.1845 0.3006 0.1135 0.5203 0.1390 0.2578
0.1341 0.5209 0.1137 0.2941 0.1927 0.1518 0.5077 0.1136 0.3448 0.1480 0.1657 0.4868 0.1150 0.3825 0.1358 0.1762 0.4680 0.1165 0.4104 0.1298 0.1852 0.4502 0.1182 0.4345 0.1257 0.1942 0.4310 0.1201 0.4569 0.1226 0.2037 0.4099 0.1224 0.4776 0.1202 0.2140 0.3860 0.1250 0.4954 0.1182 0.2252 0.3595 0.1280 0.5086 0.1166 0.2374 0.3301 0.1315 0.5184 0.1121 0.3648 0.1121 0.5184 0.1315 0.3301 0.2374 0.1166 0.5086 0.1280 0.3595 0.2252 0.1182 0.4954 0.1250 0.3860 0.2140 0.1202 0.4776 0.1224 0.4099 0.2037 0.1226 0.4569 0.1201 0.4310 0.1942 0.1257 0.4345 0.1182 0.4502 0.1852 0.1298 0.4104 0.1165 0.4680 0.1762 0.1358 0.3825 0.1150 0.4868 0.1657 0.1480 0.3448 0.1136 0.5077 0.1518 0.1927 0.2941 0.1137 0.5209 0.1341
0.5085 0.1140 0.2868 0.2044 0.1500 0.5098 0.1135 0.3416 0.1488 0.1657 0.4859 0.1151 0.3870 0.1344 0.1784 0.4630 0.1170 0.4191 0.1281 0.1888 0.4425 0.1190 0.4445 0.1243 0.1984 0.4216 0.1212 0.4669 0.1214 0.2085 0.3990 0.1236 0.4864 0.1192 0.2192 0.3739 0.1264 0.5022 0.1174 0.2308 0.3461 0.1295 0.5130 0.1160 0.2434 0.3157 0.1331 0.5191 0.1140 0.2834 0.1349 0.2834 0.1140 0.5191 0.1331 0.3157 0.2434 0.1160 0.5130 0.1295 0.3461 0.2308 0.1174 0.5022 0.1264 0.3739 0.2192 0.1192 0.4864 0.1236 0.3990 0.2085 0.1214 0.4669 0.1212 0.4216 0.1984 0.1243 0.4445 0.1190 0.4425 0.1888 0.1281 0.4191 0.1170 0.4630 0.1784 0.1344 0.3870 0.1151 0.4859 0.1657 0.1488 0.3416 0.1135 0.5098 0.1500 0.2044 0.2868 0.1140 0.5085
0.1149 0.2794 0.2183 0.1478 0.5124 0.1134 0.3359 0.1512 0.1647 0.4868 0.1151 0.3886 0.1336 0.1800 0.4591 0.1175 0.4265 0.1268 0.1921 0.4349 0.1198 0.4539 0.1230 0.2027 0.4119 0.1222 0.4762 0.1203 0.2133 0.3876 0.1249 0.4944 0.1183 0.2245 0.3612 0.1278 0.5080 0.1167 0.2366 0.3321 0.1311 0.5164 0.1154 0.2497 0.3007 0.1348 0.5203 0.1144 0.2689 0.2095 0.1770 0.2095 0.2689 0.1144 0.5203 0.1348 0.3007 0.2497 0.1154 0.5164 0.1311 0.3321 0.2366 0.1167 0.5080 0.1278 0.3612 0.2245 0.1183 0.4944 0.1249 0.3876 0.2133 0.1203 0.4762 0.1222 0.4119 0.2027 0.1230 0.4539 0.1198 0.4349 0.1921 0.1268 0.4265 0.1175 0.4591 0.1800 0.1336 0.3886 0.1151 0.4868 0.1647 0.1512 0.3359 0.1134 0.5124 0.1478 0.2183 0.2794 0.1149
0.2649 0.2333 0.1455 0.5149 0.1134 0.3287 0.1551 0.1629 0.4893 0.1150 0.3870 0.1336 0.1805 0.4570 0.1178 0.4318 0.1258 0.1949 0.4280 0.1206 0.4624 0.1219 0.2069 0.4020 0.1233 0.4847 0.1193 0.2183 0.3757 0.1262 0.5014 0.1175 0.2301 0.3479 0.1293 0.5125 0.1160 0.2426 0.3176 0.1328 0.5187 0.1150 0.2562 0.2852 0.1367 0.5210 0.1142 0.2718 0.2404 0.1493 0.4620 0.1493 0.2404 0.2718 0.1142 0.5210 0.1367 0.2852 0.2562 0.1150 0.5187 0.1328 0.3176 0.2426 0.1160 0.5125 0.1293 0.3479 0.2301 0.1175 0.5014 0.1262 0.3757 0.2183 0.1193 0.4847 0.1233 0.4020 0.2069 0.1219 0.4624 0.1206 0.4280 0.1949 0.1258 0.4318 0.1178 0.4570 0.1805 0.1336 0.3870 0.1150 0.4893 0.1629 0.1551 0.3287 0.1134 0.5149 0.1455 0.2333 0.2649
0.2260 0.1435 0.5171 0.1133 0.3206 0.1606 0.1607 0.4928 0.1147 0.3825 0.1344 0.1800 0.4570 0.1179 0.4346 0.1252 0.1970 0.4225 0.1213 0.4695 0.1210 0.2109 0.3924 0.1244 0.4922 0.1185 0.2233 0.3637 0.1276 0.5072 0.1168 0.2358 0.3340 0.1309 0.5160 0.1155 0.2489 0.3026 0.1346 0.5202 0.1146 0.2630 0.2695 0.1386 0.5210 0.1139 0.2783 0.2340 0.1446 0.5106 0.1172 0.5106 0.1446 0.2340 0.2783 0.1139 0.5210 0.1386 0.2695 0.2630 0.1146 0.5202 0.1346 0.3026 0.2489 0.1155 0.5160 0.1309 0.3340 0.2358 0.1168 0.5072 0.1276 0.3637 0.2233 0.1185 0.4922 0.1244 0.3924 0.2109 0.1210 0.4695 0.1213 0.4225 0.1970 0.1252 0.4346 0.1179 0.4570 0.1800 0.1344 0.3825 0.1147 0.4928 0.1607 0.1606 0.3206 0.1133 0.5171 0.1435 0.2260
0.1381 0.5188 0.1134 0.3122 0.1679 0.1582 0.4969 0.1144 0.3759 0.1358 0.1784 0.4591 0.1178 0.4346 0.1250 0.1982 0.4188 0.1218 0.4747 0.1203 0.2144 0.3833 0.1255 0.4985 0.1178 0.2283 0.3515 0.1290 0.5117 0.1162 0.2416 0.3198 0.1326 0.5184 0.1150 0.2554 0.2872 0.1364 0.5209 0.1142 0.2700 0.2537 0.1406 0.5204 0.1137 0.2857 0.2203 0.1455 0.5159 0.1122 0.4393 0.1122 0.5159 0.1455 0.2203 0.2857 0.1137 0.5204 0.1406 0.2537 0.2700 0.1142 0.5209 0.1364 0.2872 0.2554 0.1150 0.5184 0.1326 0.3198 0.2416 0.1162 0.5117 0.1290 0.3515 0.2283 0.1178 0.4985 0.1255 0.3833 0.2144 0.1203 0.4747 0.1218 0.4188 0.1982 0.1250 0.4346 0.1178 0.4591 0.1784 0.1358 0.3759 0.1144 0.4969 0.1582 0.1679 0.3122 0.1134 0.5188 0.1381
0.5072 0.1136 0.3039 0.1774 0.1557 0.5010 0.1141 0.3678 0.1378 0.1762 0.4630 0.1175 0.4318 0.1252 0.1982 0.4175 0.1221 0.4781 0.1198 0.2172 0.3759 0.1264 0.5034 0.1172 0.2331 0.3395 0.1304 0.5151 0.1156 0.2475 0.3055 0.1343 0.5200 0.1146 0.2620 0.2715 0.1383 0.5210 0.1139 0.2772 0.2379 0.1427 0.5192 0.1135 0.2935 0.2059 0.1475 0.5149 0.1129 0.3438 0.1198 0.3438 0.1129 0.5149 0.1475 0.2059 0.2935 0.1135 0.5192 0.1427 0.2379 0.2772 0.1139 0.5210 0.1383 0.2715 0.2620 0.1146 0.5200 0.1343 0.3055 0.2475 0.1156 0.5151 0.1304 0.3395 0.2331 0.1172 0.5034 0.1264 0.3759 0.2172 0.1198 0.4781 0.1221 0.4175 0.1982 0.1252 0.4318 0.1175 0.4630 0.1762 0.1378 0.3678 0.1141 0.5010 0.1557 0.1774 0.3039 0.1136 0.5072
0.1141 0.2958 0.1888 0.1531 0.5049 0.1138 0.3588 0.1406 0.1735 0.4680 0.1170 0.4265 0.1258 0.1970 0.4188 0.1221 0.4792 0.1196 0.2190 0.3704 0.1272 0.5068 0.1167 0.2374 0.3283 0.1317 0.5175 0.1152 0.2533 0.2914 0.1360 0.5208 0.1143 0.2688 0.2560 0.1403 0.5205 0.1137 0.2847 0.2225 0.1449 0.5176 0.1134 0.3015 0.1925 0.1499 0.5125 0.1133 0.3257 0.1442 0.2059 0.1442 0.3257 0.1133 0.5125 0.1499 0.1925 0.3015 0.1134 0.5176 0.1449 0.2225 0.2847 0.1137 0.5205 0.1403 0.2560 0.2688 0.1143 0.5208 0.1360 0.2914 0.2533 0.1152 0.5175 0.1317 0.3283 0.2374 0.1167 0.5068 0.1272 0.3704 0.2190 0.1196 0.4792 0.1221 0.4188 0.1970 0.1258 0.4265 0.1170 0.4680 0.1735 0.1406 0.3588 0.1138 0.5049 0.1531 0.1888 0.2958 0.1141
0.2802 0.2019 0.1506 0.5086 0.1136 0.3495 0.1439 0.1705 0.4738 0.1165 0.4191 0.1268 0.1949 0.4225 0.1218 0.4781 0.1196 0.2196 0.3675 0.1276 0.5090 0.1164 0.2409 0.3187 0.1330 0.5191 0.1148 0.2590 0.2776 0.1377 0.5210 0.1140 0.2756 0.2409 0.1423 0.5194 0.1135 0.2925 0.2078 0.1472 0.5155 0.1133 0.3098 0.1805 0.1523 0.5095 0.1134 0.3294 0.1559 0.1692 0.3955 0.1692 0.1559 0.3294 0.1134 0.5095 0.1523 0.1805 0.3098 0.1133 0.5155 0.1472 0.2078 0.2925 0.1135 0.5194 0.1423 0.2409 0.2756 0.1140 0.5210 0.1377 0.2776 0.2590 0.1148 0.5191 0.1330 0.3187 0.2409 0.1164 0.5090 0.1276 0.3675 0.2196 0.1196 0.4781 0.1218 0.4225 0.1949 0.1268 0.4191 0.1165 0.4738 0.1705 0.1439 0.3495 0.1136 0.5086 0.1506 0.2019 0.2802
0.1973 0.1483 0.5117 0.1135 0.3401 0.1480 0.1675 0.4796 0.1160 0.4104 0.1281 0.1921 0.4280 0.1213 0.4747 0.1198 0.2190 0.3675 0.1278 0.5100 0.1162 0.2434 0.3115 0.1340 0.5200 0.1146 0.2642 0.2649 0.1394 0.5208 0.1138 0.2823 0.2265 0.1444 0.5180 0.1134 0.3003 0.1942 0.1495 0.5130 0.1133 0.3184 0.1703 0.1549 0.5060 0.1136 0.3376 0.1538 0.1628 0.4769 0.1251 0.4769 0.1628 0.1538 0.3376 0.1136 0.5060 0.1549 0.1703 0.3184 0.1133 0.5130 0.1495 0.1942 0.3003 0.1134 0.5180 0.1444 0.2265 0.2823 0.1138 0.5208 0.1394 0.2649 0.2642 0.1146 0.5200 0.1340 0.3115 0.2434 0.1162 0.5100 0.1278 0.3675 0.2190 0.1198 0.4747 0.1213 0.4280 0.1921 0.1281 0.4104 0.1160 0.4796 0.1675 0.1480 0.3401 0.1135 0.5117 0.1483 0.1973
0.1425 0.5145 0.1134 0.3310 0.1530 0.1645 0.4853 0.1154 0.4007 0.1298 0.1888 0.4349 0.1206 0.4695 0.1203 0.2172 0.3704 0.1276 0.5100 0.1161 0.2447 0.3068 0.1347 0.5205 0.1144 0.2686 0.2538 0.1409 0.5201 0.1136 0.2889 0.2133 0.1464 0.5162 0.1133 0.3081 0.1825 0.1519 0.5100 0.1134 0.3272 0.1621 0.1576 0.5021 0.1138 0.3468 0.1492 0.1640 0.4885 0.1156 0.5034 0.1156 0.4885 0.1640 0.1492 0.3468 0.1138 0.5021 0.1576 0.1621 0.3272 0.1134 0.5100 0.1519 0.1825 0.3081 0.1133 0.5162 0.1464 0.2133 0.2889 0.1136 0.5201 0.1409 0.2538 0.2686 0.1144 0.5205 0.1347 0.3068 0.2447 0.1161 0.5100 0.1276 0.3704 0.2172 0.1203 0.4695 0.1206 0.4349 0.1888 0.1298 0.4007 0.1154 0.4853 0.1645 0.1530 0.3310 0.1134 0.5145 0.1425
0.5033 0.1135 0.3220 0.1591 0.1615 0.4907 0.1149 0.3907 0.1318 0.1852 0.4425 0.1198 0.4624 0.1210 0.2144 0.3759 0.1272 0.5090 0.1162 0.2447 0.3052 0.1351 0.5207 0.1142 0.2720 0.2451 0.1422 0.5193 0.1135 0.2952 0.2016 0.1484 0.5140 0.1133 0.3158 0.1727 0.1543 0.5067 0.1135 0.3361 0.1554 0.1603 0.4977 0.1140 0.3564 0.1449 0.1667 0.4862 0.1148 0.4163 0.1130 0.4163 0.1148 0.4862 0.1667 0.1449 0.3564 0.1140 0.4977 0.1603 0.1554 0.3361 0.1135 0.5067 0.1543 0.1727 0.3158 0.1133 0.5140 0.1484 0.2016 0.2952 0.1135 0.5193 0.1422 0.2451 0.2720 0.1142 0.5207 0.1351 0.3052 0.2447 0.1162 0.5090 0.1272 0.3759 0.2144 0.1210 0.4624 0.1198 0.4425 0.1852 0.1318 0.3907 0.1149 0.4907 0.1615 0.1591 0.3220 0.1135 0.5033
0.1136 0.3134 0.1667 0.1587 0.4957 0.1145 0.3806 0.1341 0.1816 0.4502 0.1190 0.4539 0.1219 0.2109 0.3833 0.1264 0.5068 0.1164 0.2434 0.3068 0.1351 0.5208 0.1142 0.2741 0.2391 0.1432 0.5185 0.1134 0.3006 0.1919 0.1503 0.5118 0.1134 0.3234 0.1648 0.1567 0.5032 0.1137 0.3449 0.1502 0.1632 0.4929 0.1144 0.3663 0.1412 0.1698 0.4810 0.1153 0.3953 0.1247 0.2441 0.1247 0.3953 0.1153 0.4810 0.1698 0.1412 0.3663 0.1144 0.4929 0.1632 0.1502 0.3449 0.1137 0.5032 0.1567 0.1648 0.3234 0.1134 0.5118 0.1503 0.1919 0.3006 0.1134 0.5185 0.1432 0.2391 0.2741 0.1142 0.5208 0.1351 0.3068 0.2434 0.1164 0.5068 0.1264 0.3833 0.2109 0.1219 0.4539 0.1190 0.4502 0.1816 0.1341 0.3806 0.1145 0.4957 0.1587 0.1667 0.3134 0.1136
0.2967 0.1760 0.1560 0.5003 0.1142 0.3705 0.1367 0.1780 0.4578 0.1182 0.4445 0.1230 0.2069 0.3924 0.1255 0.5034 0.1167 0.2409 0.3115 0.1347 0.5207 0.1142 0.2749 0.2360 0.1438 0.5179 0.1134 0.3051 0.1844 0.1520 0.5095 0.1135 0.3307 0.1587 0.1591 0.4994 0.1139 0.3537 0.1459 0.1660 0.4878 0.1147 0.3762 0.1380 0.1731 0.4748 0.1158 0.3997 0.1301 0.1959 0.2994 0.1959 0.1301 0.3997 0.1158 0.4748 0.1731 0.1380 0.3762 0.1147 0.4878 0.1660 0.1459 0.3537 0.1139 0.4994 0.1591 0.1587 0.3307 0.1135 0.5095 0.1520 0.1844 0.3051 0.1134 0.5179 0.1438 0.2360 0.2749 0.1142 0.5207 0.1347 0.3115 0.2409 0.1167 0.5034 0.1255 0.3924 0.2069 0.1230 0.4445 0.1182 0.4578 0.1780 0.1367 0.3705 0.1142 0.5003 0.1560 0.1760 0.2967
0.1750 0.1535 0.5044 0.1139 0.3605 0.1398 0.1746 0.4651 0.1174 0.4345 0.1243 0.2027 0.4020 0.1244 0.4985 0.1172 0.2374 0.3187 0.1340 0.5205 0.1142 0.2741 0.2360 0.1441 0.5175 0.1134 0.3082 0.1792 0.1533 0.5074 0.1135 0.3372 0.1540 0.1613 0.4956 0.1142 0.3623 0.1424 0.1689 0.4825 0.1152 0.3859 0.1353 0.1765 0.4681 0.1164 0.4092 0.1298 0.1873 0.4187 0.1369 0.4187 0.1873 0.1298 0.4092 0.1164 0.4681 0.1765 0.1353 0.3859 0.1152 0.4825 0.1689 0.1424 0.3623 0.1142 0.4956 0.1613 0.1540 0.3372 0.1135 0.5074 0.1533 0.1792 0.3082 0.1134 0.5175 0.1441 0.2360 0.2741 0.1142 0.5205 0.1340 0.3187 0.2374 0.1172 0.4985 0.1244 0.4020 0.2027 0.1243 0.4345 0.1174 0.4651 0.1746 0.1398 0.3605 0.1139 0.5044 0.1535 0.1750
0.1473 0.5081 0.1136 0.3508 0.1433 0.1712 0.4720 0.1167 0.4240 0.1257 0.1984 0.4119 0.1233 0.4922 0.1178 0.2331 0.3283 0.1330 0.5200 0.1144 0.2720 0.2391 0.1438 0.5175 0.1134 0.3097 0.1762 0.1543 0.5058 0.1136 0.3428 0.1505 0.1634 0.4918 0.1145 0.3704 0.1395 0.1717 0.4771 0.1157 0.3956 0.1329 0.1799 0.4612 0.1171 0.4195 0.1281 0.1889 0.4376 0.1224 0.5210 0.1224 0.4376 0.1889 0.1281 0.4195 0.1171 0.4612 0.1799 0.1329 0.3956 0.1157 0.4771 0.1717 0.1395 0.3704 0.1145 0.4918 0.1634 0.1505 0.3428 0.1136 0.5058 0.1543 0.1762 0.3097 0.1134 0.5175 0.1438 0.2391 0.2720 0.1144 0.5200 0.1330 0.3283 0.2331 0.1178 0.4922 0.1233 0.4119 0.1984 0.1257 0.4240 0.1167 0.4720 0.1712 0.1433 0.3508 0.1136 0.5081 0.1473
0.4972 0.1136 0.3413 0.1474 0.1680 0.4785 0.1161 0.4134 0.1274 0.1942 0.4216 0.1222 0.4847 0.1185 0.2283 0.3395 0.1317 0.5191 0.1146 0.2686 0.2451 0.1432 0.5179 0.1134 0.3097 0.1753 0.1547 0.5047 0.1137 0.3470 0.1480 0.1652 0.4884 0.1148 0.3780 0.1371 0.1745 0.4716 0.1162 0.4050 0.1309 0.1833 0.4540 0.1178 0.4298 0.1264 0.1925 0.4338 0.1203 0.4876 0.1109 0.4876 0.1203 0.4338 0.1925 0.1264 0.4298 0.1178 0.4540 0.1833 0.1309 0.4050 0.1162 0.4716 0.1745 0.1371 0.3780 0.1148 0.4884 0.1652 0.1480 0.3470 0.1137 0.5047 0.1547 0.1753 0.3097 0.1134 0.5179 0.1432 0.2451 0.2686 0.1146 0.5191 0.1317 0.3395 0.2283 0.1185 0.4847 0.1222 0.4216 0.1942 0.1274 0.4134 0.1161 0.4785 0.1680 0.1474 0.3413 0.1136 0.4972
0.1134 0.3321 0.1523 0.1649 0.4845 0.1155 0.4028 0.1293 0.1901 0.4310 0.1212 0.4762 0.1193 0.2233 0.3515 0.1304 0.5175 0.1148 0.2642 0.2538 0.1422 0.5185 0.1134 0.3082 0.1762 0.1547 0.5044 0.1138 0.3496 0.1464 0.1665 0.4855 0.1150 0.3846 0.1352 0.1770 0.4662 0.1167 0.4138 0.1291 0.1868 0.4467 0.1186 0.4396 0.1249 0.1966 0.4255 0.1208 0.4696 0.1159 0.2939 0.1159 0.4696 0.1208 0.4255 0.1966 0.1249 0.4396 0.1186 0.4467 0.1868 0.1291 0.4138 0.1167 0.4662 0.1770 0.1352 0.3846 0.1150 0.4855 0.1665 0.1464 0.3496 0.1138 0.5044 0.1547 0.1762 0.3082 0.1134 0.5185 0.1422 0.2538 0.2642 0.1148 0.5175 0.1304 0.3515 0.2233 0.1193 0.4762 0.1212 0.4310 0.1901 0.1293 0.4028 0.1155 0.4845 0.1649 0.1523 0.3321 0.1134
0.3143 0.1583 0.1619 0.4900 0.1150 0.3923 0.1314 0.1861 0.4401 0.1201 0.4669 0.1203 0.2183 0.3637 0.1290 0.5151 0.1152 0.2590 0.2649 0.1409 0.5193 0.1134 0.3051 0.1792 0.1543 0.5047 0.1138 0.3504 0.1456 0.1674 0.4835 0.1153 0.3898 0.1338 0.1793 0.4613 0.1172 0.4220 0.1276 0.1901 0.4393 0.1193 0.4489 0.1236 0.2006 0.4164 0.1218 0.4733 0.1194 0.2311 0.1902 0.2311 0.1194 0.4733 0.1218 0.4164 0.2006 0.1236 0.4489 0.1193 0.4393 0.1901 0.1276 0.4220 0.1172 0.4613 0.1793 0.1338 0.3898 0.1153 0.4835 0.1674 0.1456 0.3504 0.1138 0.5047 0.1543 0.1792 0.3051 0.1134 0.5193 0.1409 0.2649 0.2590 0.1152 0.5151 0.1290 0.3637 0.2183 0.1203 0.4669 0.1201 0.4401 0.1861 0.1314 0.3923 0.1150 0.4900 0.1619 0.1583 0.3143
0.1600 0.1591 0.4951 0.1146 0.3819 0.1337 0.1822 0.4487 0.1192 0.4569 0.1214 0.2133 0.3757 0.1276 0.5117 0.1156 0.2533 0.2776 0.1394 0.5201 0.1135 0.3006 0.1844 0.1533 0.5058 0.1137 0.3496 0.1456 0.1677 0.4824 0.1154 0.3935 0.1327 0.1811 0.4570 0.1177 0.4292 0.1263 0.1933 0.4322 0.1201 0.4576 0.1225 0.2047 0.4071 0.1228 0.4810 0.1195 0.2198 0.3325 0.1528 0.3325 0.2198 0.1195 0.4810 0.1228 0.4071 0.2047 0.1225 0.4576 0.1201 0.4322 0.1933 0.1263 0.4292 0.1177 0.4570 0.1811 0.1327 0.3935 0.1154 0.4824 0.1677 0.1456 0.3496 0.1137 0.5058 0.1533 0.1844 0.3006 0.1135 0.5201 0.1394 0.2776 0.2533 0.1156 0.5117 0.1276 0.3757 0.2133 0.1214 0.4569 0.1192 0.4487 0.1822 0.1337 0.3819 0.1146 0.4951 0.1591 0.1600
0.1525 0.4997 0.1142 0.3717 0.1364 0.1785 0.4567 0.1183 0.4466 0.1226 0.2085 0.3876 0.1262 0.5072 0.1162 0.2475 0.2914 0.1377 0.5208 0.1136 0.2952 0.1919 0.1520 0.5074 0.1136 0.3470 0.1464 0.1674 0.4824 0.1154 0.3954 0.1321 0.1825 0.4537 0.1181 0.4352 0.1253 0.1962 0.4253 0.1209 0.4654 0.1215 0.2087 0.3976 0.1238 0.4886 0.1188 0.2217 0.3602 0.1327 0.5061 0.1327 0.3602 0.2217 0.1188 0.4886 0.1238 0.3976 0.2087 0.1215 0.4654 0.1209 0.4253 0.1962 0.1253 0.4352 0.1181 0.4537 0.1825 0.1321 0.3954 0.1154 0.4824 0.1674 0.1464 0.3470 0.1136 0.5074 0.1520 0.1919 0.2952 0.1136 0.5208 0.1377 0.2914 0.2475 0.1162 0.5072 0.1262 0.3876 0.2085 0.1226 0.4466 0.1183 0.4567 0.1785 0.1364 0.3717 0.1142 0.4997 0.1525
0.4889 0.1141 0.3618 0.1394 0.1750 0.4642 0.1175 0.4361 0.1240 0.2037 0.3990 0.1249 0.5014 0.1168 0.2416 0.3055 0.1360 0.5210 0.1138 0.2889 0.2016 0.1503 0.5095 0.1135 0.3428 0.1480 0.1665 0.4835 0.1154 0.3954 0.1319 0.1831 0.4515 0.1183 0.4396 0.1246 0.1986 0.4191 0.1216 0.4724 0.1206 0.2125 0.3882 0.1249 0.4953 0.1181 0.2260 0.3558 0.1294 0.5201 0.1122 0.5201 0.1294 0.3558 0.2260 0.1181 0.4953 0.1249 0.3882 0.2125 0.1206 0.4724 0.1216 0.4191 0.1986 0.1246 0.4396 0.1183 0.4515 0.1831 0.1319 0.3954 0.1154 0.4835 0.1665 0.1480 0.3428 0.1135 0.5095 0.1503 0.2016 0.2889 0.1138 0.5210 0.1360 0.3055 0.2416 0.1168 0.5014 0.1249 0.3990 0.2037 0.1240 0.4361 0.1175 0.4642 0.1750 0.1394 0.3618 0.1141 0.4889
0.1134 0.3521 0.1428 0.1716 0.4712 0.1168 0.4254 0.1255 0.1992 0.4099 0.1236 0.4944 0.1175 0.2358 0.3198 0.1343 0.5208 0.1140 0.2823 0.2133 0.1484 0.5118 0.1135 0.3372 0.1505 0.1652 0.4855 0.1153 0.3935 0.1321 0.1831 0.4508 0.1185 0.4424 0.1241 0.2005 0.4142 0.1222 0.4781 0.1199 0.2161 0.3795 0.1259 0.5008 0.1175 0.2306 0.3454 0.1299 0.5159 0.1123 0.3557 0.1123 0.5159 0.1299 0.3454 0.2306 0.1175 0.5008 0.1259 0.3795 0.2161 0.1199 0.4781 0.1222 0.4142 0.2005 0.1241 0.4424 0.1185 0.4508 0.1831 0.1321 0.3935 0.1153 0.4855 0.1652 0.1505 0.3372 0.1135 0.5118 0.1484 0.2133 0.2823 0.1140 0.5208 0.1343 0.3198 0.2358 0.1175 0.4944 0.1236 0.4099 0.1992 0.1255 0.4254 0.1168 0.4712 0.1716 0.1428 0.3521 0.1134
0.3331 0.1469 0.1684 0.4777 0.1162 0.4148 0.1272 0.1948 0.4201 0.1224 0.4864 0.1183 0.2301 0.3340 0.1326 0.5200 0.1143 0.2756 0.2265 0.1464 0.5140 0.1134 0.3307 0.1540 0.1634 0.4884 0.1150 0.3898 0.1327 0.1825 0.4515 0.1185 0.4433 0.1238 0.2016 0.4108 0.1227 0.4823 0.1194 0.2192 0.3715 0.1269 0.5053 0.1169 0.2351 0.3342 0.1311 0.5167 0.1145 0.2760 0.1382 0.2760 0.1145 0.5167 0.1311 0.3342 0.2351 0.1169 0.5053 0.1269 0.3715 0.2192 0.1194 0.4823 0.1227 0.4108 0.2016 0.1238 0.4433 0.1185 0.4515 0.1825 0.1327 0.3898 0.1150 0.4884 0.1634 0.1540 0.3307 0.1134 0.5140 0.1464 0.2265 0.2756 0.1143 0.5200 0.1326 0.3340 0.2301 0.1183 0.4864 0.1224 0.4201 0.1948 0.1272 0.4148 0.1162 0.4777 0.1684 0.1469 0.3331
0.1499 0.1653 0.4838 0.1156 0.4041 0.1291 0.1906 0.4298 0.1213 0.4776 0.1192 0.2245 0.3479 0.1309 0.5184 0.1146 0.2688 0.2409 0.1444 0.5162 0.1133 0.3234 0.1587 0.1613 0.4918 0.1148 0.3846 0.1338 0.1811 0.4537 0.1183 0.4424 0.1238 0.2020 0.4090 0.1230 0.4852 0.1190 0.2217 0.3647 0.1277 0.5088 0.1165 0.2394 0.3234 0.1323 0.5184 0.1148 0.2610 0.2257 0.1734 0.2256 0.2610 0.1148 0.5184 0.1323 0.3234 0.2394 0.1165 0.5088 0.1277 0.3647 0.2217 0.1190 0.4852 0.1230 0.4090 0.2020 0.1238 0.4424 0.1183 0.4537 0.1811 0.1338 0.3846 0.1148 0.4918 0.1613 0.1587 0.3234 0.1133 0.5161 0.1444 0.2408 0.2689 0.1146 0.5184 0.1309 0.3479 0.2245 0.1192 0.4776 0.1213 0.4298 0.1906 0.1291 0.4041 0.1156 0.4838 0.1653 0.1499
0.1583 0.4893 0.1151 0.3936 0.1311 0.1866 0.4390 0.1203 0.4681 0.1202 0.2192 0.3612 0.1293 0.5160 0.1150 0.2620 0.2560 0.1423 0.5180 0.1133 0.3158 0.1648 0.1591 0.4956 0.1145 0.3780 0.1352 0.1793 0.4570 0.1181 0.4396 0.1241 0.2016 0.4090 0.1231 0.4866 0.1188 0.2234 0.3595 0.1284 0.5112 0.1161 0.2434 0.3133 0.1336 0.5197 0.1147 0.2625 0.2599 0.1466 0.4699 0.1466 0.2597 0.2626 0.1147 0.5197 0.1336 0.3133 0.2434 0.1161 0.5112 0.1284 0.3595 0.2234 0.1188 0.4866 0.1231 0.4090 0.2016 0.1241 0.4396 0.1181 0.4570 0.1793 0.1352 0.3780 0.1145 0.4956 0.1591 0.1648 0.3159 0.1133 0.5180 0.1424 0.2558 0.2621 0.1150 0.5160 0.1293 0.3612 0.2192 0.1201 0.4682 0.1203 0.4390 0.1866 0.1311 0.3936 0.1151 0.4893 0.1583
0.4786 0.1148 0.3832 0.1334 0.1827 0.4476 0.1193 0.4582 0.1213 0.2140 0.3739 0.1278 0.5125 0.1155 0.2554 0.2715 0.1403 0.5194 0.1134 0.3081 0.1727 0.1567 0.4994 0.1142 0.3704 0.1371 0.1770 0.4613 0.1177 0.4352 0.1246 0.2005 0.4108 0.1230 0.4866 0.1187 0.2244 0.3562 0.1289 0.5128 0.1158 0.2466 0.3044 0.1347 0.5204 0.1144 0.2670 0.2568 0.1417 0.5142 0.1162 0.5141 0.1417 0.2566 0.2670 0.1144 0.5204 0.1347 0.3044 0.2467 0.1158 0.5128 0.1289 0.3562 0.2244 0.1187 0.4867 0.1230 0.4108 0.2005 0.1246 0.4352 0.1177 0.4613 0.1770 0.1371 0.3705 0.1142 0.4994 0.1568 0.1726 0.3082 0.1134 0.5194 0.1404 0.2713 0.2555 0.1155 0.5126 0.1278 0.3738 0.2141 0.1212 0.4583 0.1193 0.4475 0.1827 0.1334 0.3834 0.1148 0.4786
0.1137 0.3731 0.1360 0.1790 0.4557 0.1184 0.4479 0.1225 0.2091 0.3860 0.1264 0.5080 0.1160 0.2489 0.2872 0.1383 0.5205 0.1135 0.3003 0.1825 0.1543 0.5032 0.1139 0.3623 0.1395 0.1745 0.4662 0.1172 0.4292 0.1253 0.1986 0.4142 0.1227 0.4852 0.1188 0.2244 0.3550 0.1292 0.5138 0.1157 0.2491 0.2975 0.1357 0.5209 0.1142 0.2716 0.2471 0.1420 0.5187 0.1120 0.4257 0.1120 0.5186 0.1421 0.2465 0.2719 0.1142 0.5209 0.1357 0.2971 0.2493 0.1156 0.5139 0.1292 0.3547 0.2245 0.1187 0.4854 0.1227 0.4140 0.1987 0.1252 0.4296 0.1172 0.4660 0.1746 0.1394 0.3626 0.1139 0.5030 0.1545 0.1820 0.3006 0.1135 0.5204 0.1384 0.2864 0.2492 0.1160 0.5082 0.1264 0.3855 0.2093 0.1224 0.4484 0.1185 0.4553 0.1792 0.1359 0.3736 0.1137
0.3531 0.1390 0.1754 0.4632 0.1176 0.4374 0.1238 0.2043 0.3976 0.1250 0.5022 0.1167 0.2426 0.3026 0.1364 0.5210 0.1137 0.2925 0.1942 0.1519 0.5067 0.1137 0.3537 0.1424 0.1717 0.4716 0.1167 0.4220 0.1263 0.1962 0.4191 0.1222 0.4823 0.1190 0.2234 0.3562 0.1292 0.5141 0.1156 0.2506 0.2927 0.1364 0.5210 0.1141 0.2758 0.2376 0.1432 0.5185 0.1129 0.3306 0.1216 0.3329 0.1126 0.5180 0.1439 0.2331 0.2778 0.1138 0.5210 0.1369 0.2892 0.2521 0.1153 0.5148 0.1295 0.3535 0.2245 0.1186 0.4840 0.1224 0.4173 0.1971 0.1258 0.4241 0.1168 0.4703 0.1724 0.1415 0.3557 0.1136 0.5060 0.1525 0.1916 0.2941 0.1135 0.5209 0.1368 0.2993 0.2440 0.1163 0.5036 0.1253 0.3952 0.2054 0.1233 0.4397 0.1177 0.4617 0.1763 0.1381 0.3553
0.1426 0.1720 0.4703 0.1169 0.4268 0.1253 0.1997 0.4085 0.1238 0.4954 0.1174 0.2366 0.3176 0.1346 0.5209 0.1139 0.2847 0.2078 0.1495 0.5100 0.1135 0.3449 0.1459 0.1689 0.4771 0.1162 0.4138 0.1276 0.1933 0.4253 0.1216 0.4781 0.1194 0.2217 0.3595 0.1289 0.5138 0.1156 0.2512 0.2902 0.1368 0.5210 0.1140 0.2792 0.2296 0.1444 0.5176 0.1133 0.3106 0.1503 0.2037 0.1420 0.3275 0.1123 0.5137 0.1483 0.2055 0.2909 0.1127 0.5205 0.1396 0.2687 0.2600 0.1140 0.5176 0.1309 0.3430 0.2284 0.1173 0.4882 0.1228 0.4137 0.1984 0.1247 0.4259 0.1166 0.4697 0.1727 0.1407 0.3556 0.1132 0.5062 0.1524 0.1920 0.2936 0.1129 0.5210 0.1367 0.3004 0.2437 0.1156 0.5031 0.1252 0.3960 0.2052 0.1227 0.4390 0.1175 0.4619 0.1764 0.1380
0.1646 0.4769 0.1162 0.4161 0.1270 0.1953 0.4189 0.1226 0.4875 0.1182 0.2308 0.3321 0.1328 0.5202 0.1142 0.2772 0.2225 0.1472 0.5130 0.1134 0.3361 0.1502 0.1660 0.4825 0.1157 0.4050 0.1291 0.1901 0.4322 0.1209 0.4724 0.1199 0.2192 0.3647 0.1284 0.5128 0.1157 0.2506 0.2902 0.1370 0.5210 0.1139 0.2814 0.2239 0.1454 0.5166 0.1133 0.3106 0.1689 0.1685 0.3550 0.1978 0.1270 0.3879 0.1139 0.4883 0.1650 0.1479 0.3395 0.1120 0.5092 0.1515 0.1923 0.2954 0.1114 0.5206 0.1389 0.2794 0.2535 0.1129 0.5126 0.1280 0.3704 0.2164 0.1178 0.4633 0.1195 0.4425 0.1858 0.1290 0.3902 0.1140 0.4909 0.1620 0.1569 0.3219 0.1115 0.5169 0.1438 0.2466 0.2659 0.1122 0.5174 0.1301 0.3540 0.2226 0.1167 0.4738 0.1207 0.4326 0.1858
0.4662 0.1158 0.4055 0.1288 0.1911 0.4286 0.1214 0.4788 0.1190 0.2252 0.3461 0.1311 0.5187 0.1146 0.2700 0.2379 0.1449 0.5155 0.1133 0.3272 0.1554 0.1632 0.4878 0.1152 0.3956 0.1309 0.1868 0.4393 0.1201 0.4654 0.1206 0.2161 0.3715 0.1277 0.5112 0.1158 0.2491 0.2927 0.1368 0.5210 0.1139 0.2825 0.2206 0.1461 0.5159 0.1133 0.3138 0.1712 0.1591 0.4564 0.1504 0.1584 0.2862 0.1115 0.5178 0.1307 0.3457 0.2273 0.1153 0.4859 0.1224 0.4161 0.1981 0.1224 0.4248 0.1162 0.4697 0.1736 0.1380 0.3571 0.1123 0.5053 0.1535 0.1866 0.2963 0.1110 0.5209 0.1376 0.2934 0.2465 0.1129 0.5058 0.1257 0.3905 0.2079 0.1193 0.4439 0.1176 0.4587 0.1785 0.1337 0.3691 0.1128 0.5009 0.1562 0.1749 0.3043 0.1110 0.5200 0.1399 0.2497
0.1144 0.3950 0.1308 0.1871 0.4379 0.1204 0.4694 0.1200 0.2198 0.3595 0.1295 0.5164 0.1150 0.2630 0.2537 0.1427 0.5176 0.1133 0.3184 0.1621 0.1603 0.4929 0.1147 0.3859 0.1329 0.1833 0.4467 0.1193 0.4576 0.1215 0.2125 0.3795 0.1269 0.5088 0.1161 0.2466 0.2975 0.1364 0.5210 0.1139 0.2825 0.2195 0.1464 0.5153 0.1133 0.3167 0.1690 0.1569 0.4923 0.1225 0.4484 0.3391 0.1124 0.5010 0.1235 0.4099 0.2001 0.1237 0.4300 0.1168 0.4666 0.1745 0.1384 0.3611 0.1131 0.5037 0.1542 0.1831 0.2993 0.1123 0.5206 0.1382 0.2881 0.2488 0.1144 0.5078 0.1263 0.3863 0.2093 0.1208 0.4478 0.1181 0.4558 0.1793 0.1344 0.3730 0.1134 0.4992 0.1569 0.1724 0.3071 0.1122 0.5197 0.1400 0.2744 0.2543 0.1140 0.5119 0.1276 0.3750 0.2089
0.3740 0.1332 0.1832 0.4465 0.1194 0.4595 0.1211 0.2147 0.3723 0.1280 0.5130 0.1154 0.2562 0.2695 0.1406 0.5192 0.1134 0.3098 0.1703 0.1576 0.4977 0.1144 0.3762 0.1353 0.1799 0.4540 0.1186 0.4489 0.1225 0.2087 0.3882 0.1259 0.5053 0.1165 0.2434 0.3044 0.1357 0.5210 0.1140 0.2814 0.2206 0.1464 0.5152 0.1134 0.3185 0.1668 0.1570 0.5004 0.1140 0.4327 0.1311 0.1264 0.5211 0.1243 0.4153 0.1969 0.1259 0.4224 0.1166 0.4717 0.1717 0.1422 0.3534 0.1135 0.5068 0.1519 0.1943 0.2924 0.1134 0.5210 0.1365 0.3024 0.2428 0.1163 0.5024 0.1250 0.3972 0.2045 0.1234 0.4377 0.1175 0.4630 0.1756 0.1385 0.3633 0.1137 0.5033 0.1542 0.1836 0.2992 0.1132 0.5206 0.1380 0.2898 0.2479 0.1157 0.5071 0.1261 0.3879 0.2085 0.1241
0.1369 0.1795 0.4547 0.1185 0.4492 0.1223 0.2097 0.3845 0.1266 0.5086 0.1160 0.2497 0.2852 0.1386 0.5204 0.1135 0.3015 0.1805 0.1549 0.5021 0.1140 0.3663 0.1380 0.1765 0.4612 0.1178 0.4396 0.1236 0.2047 0.3976 0.1249 0.5008 0.1169 0.2394 0.3133 0.1347 0.5209 0.1141 0.2792 0.2239 0.1461 0.5153 0.1134 0.3192 0.1656 0.1575 0.5004 0.1139 0.3711 0.1297 0.2004 0.4658 0.1311 0.4038 0.1992 0.1253 0.4277 0.1170 0.4680 0.1735 0.1405 0.3591 0.1138 0.5045 0.1535 0.1865 0.2975 0.1135 0.5207 0.1377 0.2924 0.2468 0.1162 0.5062 0.1259 0.3900 0.2075 0.1228 0.4444 0.1181 0.4583 0.1778 0.1369 0.3697 0.1141 0.5006 0.1558 0.1768 0.3043 0.1134 0.5200 0.1393 0.2799 0.2519 0.1157 0.5102 0.1270 0.3805 0.2114 0.1219 0.4407
0.1716 0.4623 0.1177 0.4388 0.1236 0.2049 0.3961 0.1252 0.5030 0.1166 0.2434 0.3007 0.1367 0.5210 0.1137 0.2935 0.1925 0.1523 0.5060 0.1138 0.3564 0.1412 0.1731 0.4681 0.1171 0.4298 0.1249 0.2006 0.4071 0.1238 0.4953 0.1175 0.2351 0.3234 0.1336 0.5204 0.1142 0.2758 0.2296 0.1454 0.5159 0.1133 0.3185 0.1656 0.1577 0.5000 0.1140 0.3617 0.1379 0.1842 0.3963 0.1409 0.3828 0.2030 0.1243 0.4348 0.1176 0.4628 0.1761 0.1380 0.3670 0.1141 0.5011 0.1557 0.1766 0.3048 0.1134 0.5199 0.1395 0.2779 0.2527 0.1157 0.5108 0.1272 0.3789 0.2120 0.1217 0.4541 0.1189 0.4509 0.1812 0.1344 0.3791 0.1145 0.4964 0.1583 0.1679 0.3121 0.1134 0.5189 0.1412 0.2652 0.2580 0.1153 0.5140 0.1284 0.3689 0.2160 0.1208 0.4622 0.1182
0.4515 0.1171 0.4281 0.1251 0.2003 0.4071 0.1239 0.4963 0.1173 0.2374 0.3157 0.1348 0.5210 0.1139 0.2857 0.2059 0.1499 0.5095 0.1136 0.3468 0.1449 0.1698 0.4748 0.1164 0.4195 0.1264 0.1966 0.4164 0.1228 0.4886 0.1181 0.2306 0.3342 0.1323 0.5197 0.1144 0.2716 0.2376 0.1444 0.5166 0.1133 0.3167 0.1668 0.1575 0.5000 0.1140 0.3611 0.1404 0.1764 0.4193 0.1475 0.3511 0.2087 0.1232 0.4415 0.1181 0.4575 0.1787 0.1358 0.3750 0.1144 0.4973 0.1580 0.1682 0.3124 0.1134 0.5187 0.1415 0.2624 0.2593 0.1152 0.5147 0.1287 0.3666 0.2170 0.1206 0.4640 0.1199 0.4426 0.1849 0.1320 0.3893 0.1149 0.4915 0.1611 0.1602 0.3206 0.1133 0.5171 0.1433 0.2496 0.2647 0.1149 0.5170 0.1299 0.3561 0.2212 0.1198 0.4718 0.1208 0.4153
0.1153 0.4177 0.1267 0.1960 0.4174 0.1227 0.4887 0.1180 0.2316 0.3301 0.1331 0.5203 0.1142 0.2783 0.2203 0.1475 0.5125 0.1134 0.3376 0.1492 0.1667 0.4810 0.1158 0.4092 0.1281 0.1925 0.4255 0.1218 0.4810 0.1188 0.2260 0.3454 0.1311 0.5184 0.1147 0.2670 0.2471 0.1432 0.5176 0.1133 0.3137 0.1692 0.1569 0.5005 0.1140 0.3609 0.1410 0.1733 0.4458 0.1393 0.2912 0.2236 0.1212 0.4488 0.1186 0.4526 0.1812 0.1340 0.3826 0.1147 0.4934 0.1603 0.1613 0.3199 0.1133 0.5170 0.1435 0.2473 0.2659 0.1148 0.5175 0.1302 0.3535 0.2223 0.1196 0.4737 0.1209 0.4337 0.1889 0.1299 0.3997 0.1154 0.4861 0.1640 0.1539 0.3295 0.1134 0.5149 0.1455 0.2339 0.2718 0.1145 0.5192 0.1316 0.3426 0.2266 0.1188 0.4811 0.1217 0.4262 0.1874
0.3971 0.1283 0.1922 0.4263 0.1217 0.4810 0.1187 0.2266 0.3427 0.1315 0.5191 0.1144 0.2718 0.2340 0.1455 0.5149 0.1133 0.3294 0.1538 0.1640 0.4862 0.1153 0.3997 0.1298 0.1889 0.4338 0.1208 0.4733 0.1195 0.2217 0.3558 0.1299 0.5167 0.1148 0.2625 0.2568 0.1420 0.5185 0.1133 0.3103 0.1722 0.1563 0.5013 0.1139 0.3605 0.1411 0.1720 0.4659 0.1240 0.4640 0.2716 0.1166 0.4640 0.1191 0.4480 0.1834 0.1325 0.3896 0.1150 0.4896 0.1626 0.1559 0.3273 0.1134 0.5151 0.1455 0.2330 0.2726 0.1144 0.5194 0.1319 0.3398 0.2277 0.1186 0.4828 0.1219 0.4243 0.1930 0.1280 0.4103 0.1159 0.4803 0.1670 0.1487 0.3386 0.1134 0.5122 0.1478 0.2187 0.2791 0.1141 0.5204 0.1333 0.3285 0.2323 0.1179 0.4896 0.1229 0.4163 0.1965 0.1285
0.1301 0.1907 0.4300 0.1212 0.4772 0.1185 0.2244 0.3484 0.1309 0.5184 0.1140 0.2689 0.2404 0.1446 0.5159 0.1129 0.3257 0.1559 0.1628 0.4885 0.1148 0.3953 0.1301 0.1873 0.4376 0.1203 0.4696 0.1194 0.2198 0.3602 0.1294 0.5159 0.1145 0.2610 0.2599 0.1417 0.5187 0.1129 0.3102 0.1715 0.1566 0.5006 0.1137 0.3636 0.1394 0.1732 0.4702 0.1168 0.4706 0.1236 0.1196 0.5117 0.1207 0.4427 0.1854 0.1312 0.3958 0.1153 0.4858 0.1647 0.1517 0.3345 0.1134 0.5128 0.1475 0.2194 0.2792 0.1141 0.5205 0.1335 0.3259 0.2334 0.1178 0.4912 0.1231 0.4142 0.1973 0.1262 0.4210 0.1165 0.4740 0.1702 0.1444 0.3480 0.1136 0.5091 0.1502 0.2042 0.2867 0.1139 0.5210 0.1350 0.3138 0.2381 0.1172 0.4972 0.1241 0.4058 0.2009 0.1250 0.4179
0.1954 0.4090 0.1235 0.4943 0.1152 0.2360 0.3202 0.1343 0.5209 0.1121 0.2834 0.2095 0.1493 0.5106 0.1122 0.3438 0.1442 0.1692 0.4769 0.1156 0.4163 0.1247 0.1959 0.4187 0.1224 0.4876 0.1159 0.2311 0.3325 0.1327 0.5201 0.1123 0.2760 0.2257 0.1466 0.5142 0.1120 0.3301 0.1525 0.1636 0.4888 0.1142 0.3897 0.1304 0.1832 0.4504 0.1184 0.4537 0.1172 0.2373 0.4338 0.1313 0.4275 0.1875 0.1302 0.4010 0.1156 0.4823 0.1667 0.1483 0.3412 0.1135 0.5105 0.1495 0.2069 0.2858 0.1139 0.5210 0.1352 0.3120 0.2390 0.1171 0.4986 0.1243 0.4036 0.2018 0.1246 0.4316 0.1172 0.4672 0.1736 0.1408 0.3577 0.1138 0.5055 0.1527 0.1908 0.2945 0.1136 0.5209 0.1369 0.2987 0.2442 0.1165 0.5038 0.1254 0.3947 0.2055 0.1235 0.4401 0.1166
0.2564 0.1390 0.5205 0.1109 0.3006 0.1798 0.1551 0.5027 0.1126 0.3648 0.1349 0.1770 0.4620 0.1172 0.4393 0.1198 0.2059 0.3955 0.1251 0.5034 0.1130 0.2441 0.2994 0.1369 0.5210 0.1109 0.2939 0.1902 0.1528 0.5061 0.1122 0.3557 0.1382 0.1734 0.4700 0.1162 0.4254 0.1220 0.1988 0.4144 0.1226 0.4878 0.1147 0.2286 0.3429 0.1309 0.5178 0.1114 0.2711 0.2058 0.1575 0.3806 0.1920 0.1292 0.4048 0.1158 0.4793 0.1684 0.1456 0.3473 0.1136 0.5080 0.1513 0.1958 0.2923 0.1137 0.5209 0.1369 0.2982 0.2447 0.1164 0.5047 0.1256 0.3925 0.2065 0.1232 0.4422 0.1180 0.4599 0.1770 0.1376 0.3676 0.1141 0.5015 0.1553 0.1791 0.3026 0.1135 0.5203 0.1388 0.2832 0.2505 0.1159 0.5092 0.1267 0.3830 0.2103 0.1222 0.4506 0.1188 0.4346
0.1954 0.4090 0.1235 0.4943 0.1152 0.2360 0.3202 0.1343 0.5209 0.1121 0.2834 0.2095 0.1493 0.5106 0.1122 0.3438 0.1442 0.1692 0.4769 0.1156 0.4163 0.1247 0.1959 0.4187 0.1224 0.4876 0.1159 0.2311 0.3325 0.1327 0.5201 0.1123 0.2760 0.2257 0.1466 0.5142 0.1120 0.3301 0.1525 0.1636 0.4888 0.1142 0.3897 0.1304 0.1832 0.4505 0.1183 0.4478 0.1193 0.2213 0.2380 0.2067 0.1272 0.4082 0.1160 0.4772 0.1698 0.1437 0.3526 0.1137 0.5057 0.1531 0.1866 0.2985 0.1135 0.5205 0.1385 0.2845 0.2504 0.1159 0.5097 0.1269 0.3811 0.2112 0.1219 0.4526 0.1188 0.4521 0.1807 0.1348 0.3777 0.1144 0.4971 0.1579 0.1692 0.3109 0.1134 0.5191 0.1409 0.2675 0.2571 0.1154 0.5135 0.1282 0.3707 0.2153 0.1210 0.4608 0.1195 0.4454 0.1791
0.1301 0.1907 0.4300 0.1212 0.4772 0.1185 0.2244 0.3484 0.1309 0.5184 0.1140 0.2689 0.2404 0.1446 0.5159 0.1129 0.3257 0.1559 0.1628 0.4885 0.1148 0.3953 0.1301 0.1873 0.4376 0.1203 0.4696 0.1194 0.2198 0.3602 0.1294 0.5159 0.1145 0.2610 0.2599 0.1417 0.5187 0.1129 0.3102 0.1715 0.1566 0.5006 0.1137 0.3636 0.1394 0.1731 0.4712 0.1163 0.4225 0.1198 0.2628 0.1208 0.4153 0.1161 0.4758 0.1707 0.1424 0.3567 0.1139 0.5035 0.1547 0.1791 0.3042 0.1134 0.5197 0.1402 0.2713 0.2561 0.1154 0.5135 0.1283 0.3694 0.2161 0.1208 0.4627 0.1197 0.4437 0.1844 0.1323 0.3879 0.1148 0.4922 0.1607 0.1611 0.3195 0.1133 0.5174 0.1430 0.2516 0.2638 0.1149 0.5167 0.1297 0.3578 0.2205 0.1199 0.4706 0.1205 0.4367 0.1876 0.1323
0.3971 0.1283 0.1922 0.4263 0.1217 0.4810 0.1187 0.2266 0.3427 0.1315 0.5191 0.1144 0.2718 0.2340 0.1455 0.5149 0.1133 0.3294 0.1538 0.1640 0.4862 0.1153 0.3997 0.1298 0.1889 0.4338 0.1208 0.4733 0.1195 0.2217 0.3558 0.1299 0.5167 0.1148 0.2625 0.2568 0.1420 0.5185 0.1133 0.3103 0.1722 0.1563 0.5013 0.1139 0.3605 0.1412 0.1716 0.4740 0.1163 0.4470 0.1117 0.4462 0.1163 0.4747 0.1712 0.1417 0.3594 0.1140 0.5018 0.1559 0.1733 0.3093 0.1134 0.5187 0.1417 0.2589 0.2616 0.1150 0.5163 0.1297 0.3576 0.2209 0.1198 0.4721 0.1207 0.4350 0.1884 0.1302 0.3984 0.1153 0.4869 0.1636 0.1546 0.3283 0.1134 0.5152 0.1452 0.2359 0.2709 0.1145 0.5189 0.1313 0.3444 0.2259 0.1189 0.4799 0.1216 0.4274 0.1916 0.1286 0.3957
0.1153 0.4177 0.1267 0.1960 0.4174 0.1227 0.4887 0.1180 0.2316 0.3301 0.1331 0.5203 0.1142 0.2783 0.2203 0.1475 0.5125 0.1134 0.3376 0.1492 0.1667 0.4810 0.1158 0.4092 0.1281 0.1925 0.4255 0.1218 0.4810 0.1188 0.2260 0.3454 0.1311 0.5184 0.1147 0.2670 0.2471 0.1432 0.5176 0.1133 0.3137 0.1692 0.1569 0.5005 0.1140 0.3609 0.1413 0.1716 0.4712 0.1183 0.5177 0.1183 0.4713 0.1715 0.1414 0.3607 0.1140 0.5006 0.1569 0.1693 0.3135 0.1134 0.5177 0.1431 0.2477 0.2667 0.1147 0.5183 0.1310 0.3459 0.2258 0.1189 0.4806 0.1217 0.4259 0.1924 0.1282 0.4090 0.1158 0.4811 0.1666 0.1493 0.3374 0.1134 0.5126 0.1475 0.2206 0.2782 0.1142 0.5203 0.1330 0.3303 0.2315 0.1181 0.4885 0.1227 0.4176 0.1959 0.1268 0.4175 0.1153
0.4515 0.1171 0.4281 0.1251 0.2003 0.4071 0.1239 0.4963 0.1173 0.2374 0.3157 0.1348 0.5210 0.1139 0.2857 0.2059 0.1499 0.5095 0.1136 0.3468 0.1449 0.1698 0.4748 0.1164 0.4195 0.1264 0.1966 0.4164 0.1228 0.4886 0.1181 0.2306 0.3342 0.1323 0.5197 0.1144 0.2716 0.2376 0.1444 0.5166 0.1133 0.3167 0.1668 0.1575 0.5000 0.1140 0.3609 0.1412 0.1731 0.4505 0.1309 0.4505 0.1731 0.1412 0.3609 0.1140 0.5000 0.1575 0.1668 0.3167 0.1134 0.5166 0.1444 0.2377 0.2715 0.1144 0.5196 0.1323 0.3344 0.2305 0.1181 0.4884 0.1228 0.4167 0.1965 0.1265 0.4195 0.1164 0.4748 0.1698 0.1449 0.3468 0.1136 0.5095 0.1499 0.2060 0.2857 0.1139 0.5210 0.1348 0.3157 0.2374 0.1173 0.4963 0.1239 0.4071 0.2003 0.1251 0.4281 0.1172 0.4515
