-0.3711 -0.1495 -0.3589 0.1967 -0.2741 -0.3422 -0.1620 -0.3653 0.2167 -0.2808 -0.3013 -0.1734 -0.3719 0.2366 -0.2873 -0.2446 -0.1835 -0.3783 0.2550 -0.2936 -0.1727 -0.1927 -0.3845 0.2693 -0.2995 -0.0974 -0.2010 -0.3903 0.2756 -0.3049 -0.0359 -0.2086 -0.3957 0.2677 -0.3096 0.0076 -0.2155 -0.4003 0.2372 -0.3142 0.0393 -0.2222 -0.4039 0.1757 -0.3188 0.0644 -0.2290 -0.4060 0.0530 -0.3341 0.2176 -0.3341 0.0530 -0.4060 -0.2290 0.0644 -0.3188 0.1757 -0.4039 -0.2222 0.0393 -0.3142 0.2372 -0.4003 -0.2155 0.0076 -0.3096 0.2677 -0.3957 -0.2086 -0.0359 -0.3049 0.2756 -0.3903 -0.2010 -0.0974 -0.2995 0.2693 -0.3845 -0.1927 -0.1727 -0.2936 0.2550 -0.3783 -0.1835 -0.2446 -0.2873 0.2366 -0.3719 -0.1734 -0.3013 -0.2808 0.2167 -0.3653 -0.1620 -0.3422 -0.2741 0.1967 -0.3589 -0.1495 -0.3711
-0.1495 -0.3591 0.2006 -0.2810 -0.3200 -0.1690 -0.3674 0.2234 -0.2878 -0.2684 -0.1821 -0.3744 0.2444 -0.2939 -0.2023 -0.1932 -0.3810 0.2644 -0.2997 -0.1268 -0.2031 -0.3873 0.2814 -0.3049 -0.0591 -0.2117 -0.3932 0.2916 -0.3095 -0.0096 -0.2192 -0.3984 0.2895 -0.3136 0.0256 -0.2257 -0.4028 0.2669 -0.3175 0.0524 -0.2319 -0.4059 0.2141 -0.3213 0.0748 -0.2383 -0.4073 0.1207 -0.3265 0.1280 -0.2914 0.1280 -0.3265 0.1207 -0.4073 -0.2383 0.0748 -0.3213 0.2141 -0.4059 -0.2319 0.0524 -0.3175 0.2669 -0.4028 -0.2257 0.0256 -0.3136 0.2895 -0.3984 -0.2192 -0.0096 -0.3095 0.2916 -0.3932 -0.2117 -0.0591 -0.3049 0.2814 -0.3873 -0.2031 -0.1268 -0.2997 0.2644 -0.3810 -0.1932 -0.2023 -0.2939 0.2444 -0.3744 -0.1821 -0.2684 -0.2878 0.2234 -0.3674 -0.1690 -0.3200 -0.2810 0.2006 -0.3591 -0.1495
-0.3589 0.2006 -0.2822 -0.3077 -0.1737 -0.3702 0.2322 -0.2908 -0.2404 -0.1873 -0.3775 0.2539 -0.2970 -0.1673 -0.1980 -0.3840 0.2729 -0.3026 -0.0931 -0.2072 -0.3901 0.2873 -0.3077 -0.0337 -0.2153 -0.3957 0.2926 -0.3120 0.0083 -0.2222 -0.4006 0.2821 -0.3162 0.0389 -0.2285 -0.4044 0.2465 -0.3202 0.0633 -0.2348 -0.4069 0.1771 -0.3241 0.0843 -0.2412 -0.4073 0.0774 -0.3280 0.1099 -0.2653 -0.2453 -0.2653 0.1099 -0.3280 0.0774 -0.4073 -0.2412 0.0843 -0.3241 0.1771 -0.4069 -0.2348 0.0633 -0.3202 0.2465 -0.4044 -0.2285 0.0389 -0.3162 0.2821 -0.4006 -0.2222 0.0083 -0.3120 0.2926 -0.3957 -0.2153 -0.0337 -0.3077 0.2873 -0.3901 -0.2072 -0.0931 -0.3026 0.2729 -0.3840 -0.1980 -0.1673 -0.2970 0.2539 -0.3775 -0.1873 -0.2404 -0.2908 0.2322 -0.3702 -0.1737 -0.3077 -0.2822 0.2006 -0.3589
0.1967 -0.2810 -0.3077 -0.1755 -0.3718 0.2387 -0.2929 -0.2131 -0.1920 -0.3804 0.2628 -0.2996 -0.1322 -0.2024 -0.3869 0.2805 -0.3051 -0.0628 -0.2112 -0.3928 0.2913 -0.3098 -0.0121 -0.2187 -0.3981 0.2901 -0.3140 0.0237 -0.2252 -0.4026 0.2691 -0.3181 0.0510 -0.2315 -0.4058 0.2184 -0.3221 0.0735 -0.2378 -0.4074 0.1327 -0.3258 0.0935 -0.2442 -0.4067 0.0320 -0.3293 0.1133 -0.2545 -0.3929 -0.1961 -0.3929 -0.2545 0.1133 -0.3293 0.0320 -0.4067 -0.2442 0.0935 -0.3258 0.1327 -0.4074 -0.2378 0.0735 -0.3221 0.2184 -0.4058 -0.2315 0.0510 -0.3181 0.2691 -0.4026 -0.2252 0.0237 -0.3140 0.2901 -0.3981 -0.2187 -0.0121 -0.3098 0.2913 -0.3928 -0.2112 -0.0628 -0.3051 0.2805 -0.3869 -0.2024 -0.1322 -0.2996 0.2628 -0.3804 -0.1920 -0.2131 -0.2929 0.2387 -0.3718 -0.1755 -0.3077 -0.2810 0.1967
-0.2741 -0.3200 -0.1737 -0.3718 0.2412 -0.2942 -0.1928 -0.1954 -0.3828 0.2703 -0.3020 -0.1001 -0.2065 -0.3897 0.2865 -0.3074 -0.0369 -0.2149 -0.3954 0.2927 -0.3118 0.0062 -0.2219 -0.4003 0.2833 -0.3160 0.0373 -0.2281 -0.4043 0.2495 -0.3200 0.0620 -0.2345 -0.4068 0.1823 -0.3239 0.0831 -0.2408 -0.4073 0.0844 -0.3275 0.1024 -0.2472 -0.4060 -0.0074 -0.3310 0.1210 -0.2544 -0.4012 -0.1243 -0.3786 -0.1243 -0.4012 -0.2544 0.1210 -0.3310 -0.0074 -0.4060 -0.2472 0.1024 -0.3275 0.0844 -0.4073 -0.2408 0.0831 -0.3239 0.1823 -0.4068 -0.2345 0.0620 -0.3200 0.2495 -0.4043 -0.2281 0.0373 -0.3160 0.2833 -0.4003 -0.2219 0.0062 -0.3118 0.2927 -0.3954 -0.2149 -0.0369 -0.3074 0.2865 -0.3897 -0.2065 -0.1001 -0.3020 0.2703 -0.3828 -0.1954 -0.1928 -0.2942 0.2412 -0.3718 -0.1737 -0.3200 -0.2741
-0.3422 -0.1690 -0.3702 0.2387 -0.2942 -0.1852 -0.1973 -0.3844 0.2757 -0.3039 -0.0739 -0.2100 -0.3922 0.2906 -0.3094 -0.0154 -0.2182 -0.3978 0.2907 -0.3138 0.0219 -0.2248 -0.4023 0.2711 -0.3179 0.0495 -0.2311 -0.4056 0.2225 -0.3218 0.0722 -0.2374 -0.4073 0.1387 -0.3256 0.0923 -0.2438 -0.4068 0.0376 -0.3291 0.1111 -0.2503 -0.4050 -0.0390 -0.3336 0.1295 -0.2569 -0.3998 -0.0976 -0.3523 0.2790 -0.3523 -0.0976 -0.3998 -0.2569 0.1295 -0.3336 -0.0390 -0.4050 -0.2503 0.1111 -0.3291 0.0376 -0.4068 -0.2438 0.0923 -0.3256 0.1387 -0.4073 -0.2374 0.0722 -0.3218 0.2225 -0.4056 -0.2311 0.0495 -0.3179 0.2711 -0.4023 -0.2248 0.0219 -0.3138 0.2907 -0.3978 -0.2182 -0.0154 -0.3094 0.2906 -0.3922 -0.2100 -0.0739 -0.3039 0.2757 -0.3844 -0.1973 -0.1852 -0.2942 0.2387 -0.3702 -0.1690 -0.3422
-0.1620 -0.3674 0.2322 -0.2929 -0.1928 -0.1973 -0.3850 0.2785 -0.3051 -0.0557 -0.2127 -0.3943 0.2925 -0.3112 0.0020 -0.2212 -0.4000 0.2848 -0.3157 0.0355 -0.2277 -0.4041 0.2524 -0.3198 0.0606 -0.2341 -0.4067 0.1873 -0.3236 0.0819 -0.2404 -0.4074 0.0906 -0.3273 0.1013 -0.2468 -0.4061 -0.0028 -0.3307 0.1198 -0.2533 -0.4033 -0.0639 -0.3369 0.1380 -0.2598 -0.3963 -0.1037 -0.3462 0.1901 -0.3083 0.1901 -0.3462 -0.1037 -0.3963 -0.2598 0.1380 -0.3369 -0.0639 -0.4033 -0.2533 0.1198 -0.3307 -0.0028 -0.4061 -0.2468 0.1013 -0.3273 0.0906 -0.4074 -0.2404 0.0819 -0.3236 0.1873 -0.4067 -0.2341 0.0606 -0.3198 0.2524 -0.4041 -0.2277 0.0355 -0.3157 0.2848 -0.4000 -0.2212 0.0020 -0.3112 0.2925 -0.3943 -0.2127 -0.0557 -0.3051 0.2785 -0.3850 -0.1973 -0.1928 -0.2929 0.2322 -0.3674 -0.1620
-0.3653 0.2234 -0.2908 -0.2131 -0.1954 -0.3844 0.2785 -0.3056 -0.0464 -0.2145 -0.3958 0.2924 -0.3127 0.0157 -0.2238 -0.4018 0.2744 -0.3175 0.0474 -0.2306 -0.4055 0.2267 -0.3216 0.0709 -0.2371 -0.4073 0.1446 -0.3254 0.0912 -0.2434 -0.4068 0.0433 -0.3289 0.1100 -0.2499 -0.4052 -0.0354 -0.3332 0.1284 -0.2564 -0.4006 -0.0838 -0.3402 0.1467 -0.2629 -0.3913 -0.1156 -0.3476 0.1717 -0.2853 -0.0239 -0.2853 0.1717 -0.3476 -0.1156 -0.3913 -0.2629 0.1467 -0.3402 -0.0838 -0.4006 -0.2564 0.1284 -0.3332 -0.0354 -0.4052 -0.2499 0.1100 -0.3289 0.0433 -0.4068 -0.2434 0.0912 -0.3254 0.1446 -0.4073 -0.2371 0.0709 -0.3216 0.2267 -0.4055 -0.2306 0.0474 -0.3175 0.2744 -0.4018 -0.2238 0.0157 -0.3127 0.2924 -0.3958 -0.2145 -0.0464 -0.3056 0.2785 -0.3844 -0.1954 -0.2131 -0.2908 0.2234 -0.3653
0.2167 -0.2878 -0.2404 -0.1920 -0.3828 0.2757 -0.3051 -0.0464 -0.2152 -0.3967 0.2913 -0.3139 0.0258 -0.2260 -0.4033 0.2601 -0.3192 0.0578 -0.2334 -0.4065 0.1941 -0.3233 0.0805 -0.2400 -0.4074 0.0968 -0.3271 0.1002 -0.2465 -0.4062 0.0019 -0.3304 0.1187 -0.2529 -0.4036 -0.0611 -0.3364 0.1369 -0.2594 -0.3969 -0.1001 -0.3435 0.1554 -0.2660 -0.3848 -0.1269 -0.3506 0.1755 -0.2763 -0.3050 -0.2291 -0.3050 -0.2763 0.1755 -0.3506 -0.1269 -0.3848 -0.2660 0.1554 -0.3435 -0.1001 -0.3969 -0.2594 0.1369 -0.3364 -0.0611 -0.4036 -0.2529 0.1187 -0.3304 0.0019 -0.4062 -0.2465 0.1002 -0.3271 0.0968 -0.4074 -0.2400 0.0805 -0.3233 0.1941 -0.4065 -0.2334 0.0578 -0.3192 0.2601 -0.4033 -0.2260 0.0258 -0.3139 0.2913 -0.3967 -0.2152 -0.0464 -0.3051 0.2757 -0.3828 -0.1920 -0.2404 -0.2878 0.2167
-0.2808 -0.2684 -0.1873 -0.3804 0.2703 -0.3039 -0.0557 -0.2145 -0.3967 0.2907 -0.3145 0.0320 -0.2276 -0.4044 0.2441 -0.3207 0.0667 -0.2360 -0.4072 0.1558 -0.3250 0.0894 -0.2429 -0.4070 0.0495 -0.3287 0.1089 -0.2495 -0.4054 -0.0317 -0.3328 0.1273 -0.2560 -0.4010 -0.0815 -0.3397 0.1456 -0.2625 -0.3920 -0.1138 -0.3468 0.1642 -0.2690 -0.3767 -0.1370 -0.3538 0.1837 -0.2763 -0.3422 -0.1816 -0.3986 -0.1816 -0.3422 -0.2763 0.1837 -0.3538 -0.1370 -0.3767 -0.2690 0.1642 -0.3468 -0.1138 -0.3920 -0.2625 0.1456 -0.3397 -0.0815 -0.4010 -0.2560 0.1273 -0.3328 -0.0317 -0.4054 -0.2495 0.1089 -0.3287 0.0495 -0.4070 -0.2429 0.0894 -0.3250 0.1558 -0.4072 -0.2360 0.0667 -0.3207 0.2441 -0.4044 -0.2276 0.0320 -0.3145 0.2907 -0.3967 -0.2145 -0.0557 -0.3039 0.2703 -0.3804 -0.1873 -0.2684 -0.2808
-0.3013 -0.1821 -0.3775 0.2628 -0.3020 -0.0739 -0.2127 -0.3958 0.2913 -0.3145 0.0341 -0.2285 -0.4050 0.2297 -0.3218 0.0738 -0.2383 -0.4074 0.1153 -0.3265 0.0977 -0.2457 -0.4064 0.0086 -0.3301 0.1174 -0.2525 -0.4038 -0.0581 -0.3360 0.1358 -0.2590 -0.3975 -0.0982 -0.3430 0.1543 -0.2656 -0.3857 -0.1255 -0.3501 0.1732 -0.2721 -0.3666 -0.1459 -0.3571 0.1929 -0.2787 -0.3354 -0.1676 -0.3746 0.2687 -0.3746 -0.1676 -0.3354 -0.2787 0.1929 -0.3571 -0.1459 -0.3666 -0.2721 0.1732 -0.3501 -0.1255 -0.3857 -0.2656 0.1543 -0.3430 -0.0982 -0.3975 -0.2590 0.1358 -0.3360 -0.0581 -0.4038 -0.2525 0.1174 -0.3301 0.0086 -0.4064 -0.2457 0.0977 -0.3265 0.1153 -0.4074 -0.2383 0.0738 -0.3218 0.2297 -0.4050 -0.2285 0.0341 -0.3145 0.2913 -0.3958 -0.2127 -0.0739 -0.3020 0.2628 -0.3775 -0.1821 -0.3013
-0.1734 -0.3744 0.2539 -0.2996 -0.1001 -0.2100 -0.3943 0.2924 -0.3139 0.0320 -0.2285 -0.4052 0.2207 -0.3226 0.0788 -0.2401 -0.4074 0.0787 -0.3279 0.1052 -0.2484 -0.4057 -0.0240 -0.3322 0.1256 -0.2554 -0.4015 -0.0790 -0.3393 0.1445 -0.2621 -0.3927 -0.1122 -0.3463 0.1631 -0.2686 -0.3778 -0.1358 -0.3534 0.1824 -0.2752 -0.3543 -0.1540 -0.3604 0.2024 -0.2816 -0.3189 -0.1699 -0.3695 0.2595 -0.3233 0.2595 -0.3695 -0.1699 -0.3189 -0.2816 0.2024 -0.3604 -0.1540 -0.3543 -0.2752 0.1824 -0.3534 -0.1358 -0.3778 -0.2686 0.1631 -0.3463 -0.1122 -0.3927 -0.2621 0.1445 -0.3393 -0.0790 -0.4015 -0.2554 0.1256 -0.3322 -0.0240 -0.4057 -0.2484 0.1052 -0.3279 0.0787 -0.4074 -0.2401 0.0788 -0.3226 0.2207 -0.4052 -0.2285 0.0320 -0.3139 0.2924 -0.3943 -0.2100 -0.1001 -0.2996 0.2539 -0.3744 -0.1734
-0.3719 0.2444 -0.2970 -0.1322 -0.2065 -0.3922 0.2925 -0.3127 0.0258 -0.2276 -0.4050 0.2207 -0.3228 0.0815 -0.2413 -0.4072 0.0508 -0.3289 0.1117 -0.2508 -0.4046 -0.0488 -0.3350 0.1335 -0.2583 -0.3983 -0.0955 -0.3425 0.1530 -0.2651 -0.3866 -0.1241 -0.3497 0.1721 -0.2717 -0.3680 -0.1449 -0.3567 0.1917 -0.2782 -0.3395 -0.1614 -0.3637 0.2121 -0.2846 -0.2978 -0.1754 -0.3710 0.2400 -0.3027 0.0753 -0.3027 0.2400 -0.3710 -0.1754 -0.2978 -0.2846 0.2121 -0.3637 -0.1614 -0.3395 -0.2782 0.1917 -0.3567 -0.1449 -0.3680 -0.2717 0.1721 -0.3497 -0.1241 -0.3866 -0.2651 0.1530 -0.3425 -0.0955 -0.3983 -0.2583 0.1335 -0.3350 -0.0488 -0.4046 -0.2508 0.1117 -0.3289 0.0508 -0.4072 -0.2413 0.0815 -0.3228 0.2207 -0.4050 -0.2276 0.0258 -0.3127 0.2925 -0.3922 -0.2065 -0.1322 -0.2970 0.2444 -0.3719
0.2366 -0.2939 -0.1673 -0.2024 -0.3897 0.2906 -0.3112 0.0157 -0.2260 -0.4044 0.2297 -0.3226 0.0815 -0.2417 -0.4070 0.0335 -0.3297 0.1166 -0.2528 -0.4033 -0.0671 -0.3377 0.1409 -0.2610 -0.3943 -0.1089 -0.3456 0.1614 -0.2681 -0.3791 -0.1344 -0.3529 0.1812 -0.2748 -0.3560 -0.1530 -0.3600 0.2012 -0.2812 -0.3217 -0.1682 -0.3670 0.2219 -0.2876 -0.2729 -0.1811 -0.3739 0.2440 -0.2970 -0.0807 -0.2535 -0.0807 -0.2970 0.2440 -0.3739 -0.1811 -0.2729 -0.2876 0.2219 -0.3670 -0.1682 -0.3217 -0.2812 0.2012 -0.3600 -0.1530 -0.3560 -0.2748 0.1812 -0.3529 -0.1344 -0.3791 -0.2681 0.1614 -0.3456 -0.1089 -0.3943 -0.2610 0.1409 -0.3377 -0.0671 -0.4033 -0.2528 0.1166 -0.3297 0.0335 -0.4070 -0.2417 0.0815 -0.3226 0.2297 -0.4044 -0.2260 0.0157 -0.3112 0.2906 -0.3897 -0.2024 -0.1673 -0.2939 0.2366
-0.2873 -0.2023 -0.1980 -0.3869 0.2865 -0.3094 0.0020 -0.2238 -0.4033 0.2441 -0.3218 0.0788 -0.2413 -0.4070 0.0276 -0.3301 0.1198 -0.2542 -0.4019 -0.0798 -0.3400 0.1475 -0.2635 -0.3895 -0.1199 -0.3486 0.1697 -0.2710 -0.3702 -0.1433 -0.3562 0.1903 -0.2778 -0.3415 -0.1605 -0.3633 0.2109 -0.2843 -0.3008 -0.1745 -0.3702 0.2317 -0.2905 -0.2443 -0.1866 -0.3770 0.2526 -0.2972 -0.1479 -0.2170 -0.4064 -0.2170 -0.1479 -0.2972 0.2526 -0.3770 -0.1866 -0.2443 -0.2905 0.2317 -0.3702 -0.1745 -0.3008 -0.2843 0.2109 -0.3633 -0.1605 -0.3415 -0.2778 0.1903 -0.3562 -0.1433 -0.3702 -0.2710 0.1697 -0.3486 -0.1199 -0.3895 -0.2635 0.1475 -0.3400 -0.0798 -0.4019 -0.2542 0.1198 -0.3301 0.0276 -0.4070 -0.2413 0.0788 -0.3218 0.2441 -0.4033 -0.2238 0.0020 -0.3094 0.2865 -0.3869 -0.1980 -0.2023 -0.2873
-0.2446 -0.1932 -0.3840 0.2805 -0.3074 -0.0154 -0.2212 -0.4018 0.2601 -0.3207 0.0738 -0.2401 -0.4072 0.0335 -0.3301 0.1210 -0.2549 -0.4009 -0.0879 -0.3418 0.1529 -0.2656 -0.3844 -0.1287 -0.3514 0.1776 -0.2737 -0.3598 -0.1511 -0.3593 0.1994 -0.2807 -0.3246 -0.1673 -0.3665 0.2206 -0.2872 -0.2763 -0.1804 -0.3734 0.2416 -0.2934 -0.2123 -0.1918 -0.3801 0.2618 -0.2994 -0.1330 -0.2058 -0.3932 -0.0059 -0.3932 -0.2058 -0.1330 -0.2994 0.2618 -0.3801 -0.1918 -0.2123 -0.2934 0.2416 -0.3734 -0.1804 -0.2763 -0.2872 0.2206 -0.3665 -0.1673 -0.3246 -0.2807 0.1994 -0.3593 -0.1511 -0.3598 -0.2737 0.1776 -0.3514 -0.1287 -0.3844 -0.2656 0.1529 -0.3418 -0.0879 -0.4009 -0.2549 0.1210 -0.3301 0.0335 -0.4072 -0.2401 0.0738 -0.3207 0.2601 -0.4018 -0.2212 -0.0154 -0.3074 0.2805 -0.3840 -0.1932 -0.2446
-0.1835 -0.3810 0.2729 -0.3051 -0.0369 -0.2182 -0.4000 0.2744 -0.3192 0.0667 -0.2383 -0.4074 0.0508 -0.3297 0.1198 -0.2549 -0.4005 -0.0920 -0.3429 0.1567 -0.2672 -0.3797 -0.1355 -0.3539 0.1848 -0.2762 -0.3481 -0.1579 -0.3623 0.2083 -0.2835 -0.3053 -0.1735 -0.3697 0.2303 -0.2901 -0.2482 -0.1859 -0.3766 0.2512 -0.2962 -0.1776 -0.1966 -0.3831 0.2705 -0.3019 -0.1020 -0.2067 -0.3909 0.2909 -0.3370 0.2909 -0.3909 -0.2067 -0.1020 -0.3019 0.2705 -0.3831 -0.1966 -0.1776 -0.2962 0.2512 -0.3766 -0.1859 -0.2482 -0.2901 0.2303 -0.3697 -0.1735 -0.3053 -0.2835 0.2083 -0.3623 -0.1579 -0.3481 -0.2762 0.1848 -0.3539 -0.1355 -0.3797 -0.2672 0.1567 -0.3429 -0.0920 -0.4005 -0.2549 0.1198 -0.3297 0.0508 -0.4074 -0.2383 0.0667 -0.3192 0.2744 -0.4000 -0.2182 -0.0369 -0.3051 0.2729 -0.3810 -0.1835
-0.3783 0.2644 -0.3026 -0.0628 -0.2149 -0.3978 0.2848 -0.3175 0.0578 -0.2360 -0.4074 0.0787 -0.3289 0.1166 -0.2542 -0.4009 -0.0920 -0.3433 0.1588 -0.2682 -0.3760 -0.1402 -0.3558 0.1910 -0.2784 -0.3358 -0.1637 -0.3651 0.2168 -0.2862 -0.2837 -0.1790 -0.3727 0.2397 -0.2929 -0.2172 -0.1911 -0.3797 0.2606 -0.2989 -0.1418 -0.2012 -0.3861 0.2784 -0.3044 -0.0711 -0.2102 -0.3923 0.2927 -0.3178 0.1386 -0.3178 0.2927 -0.3923 -0.2102 -0.0711 -0.3044 0.2784 -0.3861 -0.2012 -0.1418 -0.2989 0.2606 -0.3797 -0.1911 -0.2172 -0.2929 0.2397 -0.3727 -0.1790 -0.2837 -0.2862 0.2168 -0.3651 -0.1637 -0.3358 -0.2784 0.1910 -0.3558 -0.1402 -0.3760 -0.2682 0.1588 -0.3433 -0.0920 -0.4009 -0.2542 0.1166 -0.3289 0.0787 -0.4074 -0.2360 0.0578 -0.3175 0.2848 -0.3978 -0.2149 -0.0628 -0.3026 0.2644 -0.3783
0.2550 -0.2997 -0.0931 -0.2112 -0.3954 0.2907 -0.3157 0.0474 -0.2334 -0.4072 0.1153 -0.3279 0.1117 -0.2528 -0.4019 -0.0879 -0.3429 0.1588 -0.2685 -0.3739 -0.1431 -0.3571 0.1956 -0.2802 -0.3243 -0.1685 -0.3676 0.2248 -0.2887 -0.2602 -0.1840 -0.3756 0.2487 -0.2956 -0.1847 -0.1958 -0.3827 0.2694 -0.3016 -0.1069 -0.2055 -0.3890 0.2850 -0.3068 -0.0438 -0.2138 -0.3947 0.2927 -0.3129 0.0526 -0.2715 0.0526 -0.3129 0.2927 -0.3947 -0.2138 -0.0438 -0.3068 0.2850 -0.3890 -0.2055 -0.1069 -0.3016 0.2694 -0.3827 -0.1958 -0.1847 -0.2956 0.2487 -0.3756 -0.1840 -0.2602 -0.2887 0.2248 -0.3676 -0.1685 -0.3243 -0.2802 0.1956 -0.3571 -0.1431 -0.3739 -0.2685 0.1588 -0.3429 -0.0879 -0.4019 -0.2528 0.1117 -0.3279 0.1153 -0.4072 -0.2334 0.0474 -0.3157 0.2907 -0.3954 -0.2112 -0.0931 -0.2997 0.2550
-0.2936 -0.1268 -0.2072 -0.3928 0.2927 -0.3138 0.0355 -0.2306 -0.4065 0.1558 -0.3265 0.1052 -0.2508 -0.4033 -0.0798 -0.3418 0.1567 -0.2682 -0.3739 -0.1440 -0.3578 0.1986 -0.2814 -0.3149 -0.1720 -0.3696 0.2316 -0.2909 -0.2364 -0.1884 -0.3783 0.2571 -0.2980 -0.1519 -0.2001 -0.3855 0.2771 -0.3040 -0.0755 -0.2095 -0.3917 0.2899 -0.3089 -0.0207 -0.2173 -0.3972 0.2916 -0.3135 0.0278 -0.2411 -0.3845 -0.2411 0.0278 -0.3135 0.2916 -0.3972 -0.2173 -0.0207 -0.3089 0.2899 -0.3917 -0.2095 -0.0755 -0.3040 0.2771 -0.3855 -0.2001 -0.1519 -0.2980 0.2571 -0.3783 -0.1884 -0.2364 -0.2909 0.2316 -0.3696 -0.1720 -0.3149 -0.2814 0.1986 -0.3578 -0.1440 -0.3739 -0.2682 0.1567 -0.3418 -0.0798 -0.4033 -0.2508 0.1052 -0.3265 0.1558 -0.4065 -0.2306 0.0355 -0.3138 0.2927 -0.3928 -0.2072 -0.1268 -0.2936
-0.1727 -0.2031 -0.3901 0.2913 -0.3118 0.0219 -0.2277 -0.4055 0.1941 -0.3250 0.0977 -0.2484 -0.4046 -0.0671 -0.3400 0.1529 -0.2672 -0.3760 -0.1431 -0.3578 0.1996 -0.2820 -0.3085 -0.1745 -0.3711 0.2371 -0.2927 -0.2141 -0.1922 -0.3807 0.2646 -0.3003 -0.1207 -0.2040 -0.3881 0.2835 -0.3062 -0.0488 -0.2132 -0.3943 0.2925 -0.3110 -0.0011 -0.2206 -0.3994 0.2867 -0.3152 0.0334 -0.2305 -0.4061 -0.1391 -0.4061 -0.2305 0.0334 -0.3152 0.2867 -0.3994 -0.2206 -0.0011 -0.3110 0.2925 -0.3943 -0.2132 -0.0488 -0.3062 0.2835 -0.3881 -0.2040 -0.1207 -0.3003 0.2646 -0.3807 -0.1922 -0.2141 -0.2927 0.2371 -0.3711 -0.1745 -0.3085 -0.2820 0.1996 -0.3578 -0.1431 -0.3760 -0.2672 0.1529 -0.3400 -0.0671 -0.4046 -0.2484 0.0977 -0.3250 0.1941 -0.4055 -0.2277 0.0219 -0.3118 0.2913 -0.3901 -0.2031 -0.1727
-0.1927 -0.3873 0.2873 -0.3098 0.0062 -0.2248 -0.4041 0.2267 -0.3233 0.0894 -0.2457 -0.4057 -0.0488 -0.3377 0.1475 -0.2656 -0.3797 -0.1402 -0.3571 0.1986 -0.2820 -0.3061 -0.1757 -0.3721 0.2408 -0.2940 -0.1955 -0.1952 -0.3828 0.2709 -0.3024 -0.0933 -0.2076 -0.3906 0.2884 -0.3083 -0.0265 -0.2165 -0.3967 0.2921 -0.3129 0.0154 -0.2236 -0.4015 0.2769 -0.3171 0.0448 -0.2305 -0.4050 0.0877 -0.3542 0.0877 -0.4050 -0.2305 0.0448 -0.3171 0.2769 -0.4015 -0.2236 0.0154 -0.3129 0.2921 -0.3967 -0.2165 -0.0265 -0.3083 0.2884 -0.3906 -0.2076 -0.0933 -0.3024 0.2709 -0.3828 -0.1952 -0.1955 -0.2940 0.2408 -0.3721 -0.1757 -0.3061 -0.2820 0.1986 -0.3571 -0.1402 -0.3797 -0.2656 0.1475 -0.3377 -0.0488 -0.4057 -0.2457 0.0894 -0.3233 0.2267 -0.4041 -0.2248 0.0062 -0.3098 0.2873 -0.3873 -0.1927
-0.3845 0.2814 -0.3077 -0.0121 -0.2219 -0.4023 0.2524 -0.3216 0.0805 -0.2429 -0.4064 -0.0240 -0.3350 0.1409 -0.2635 -0.3844 -0.1355 -0.3558 0.1956 -0.2814 -0.3085 -0.1757 -0.3724 0.2428 -0.2948 -0.1825 -0.1974 -0.3844 0.2758 -0.3040 -0.0709 -0.2106 -0.3928 0.2915 -0.3101 -0.0083 -0.2195 -0.3988 0.2884 -0.3148 0.0295 -0.2264 -0.4033 0.2612 -0.3190 0.0561 -0.2329 -0.4062 0.1770 -0.3313 0.2033 -0.3313 0.1770 -0.4062 -0.2329 0.0561 -0.3190 0.2612 -0.4033 -0.2264 0.0295 -0.3148 0.2884 -0.3988 -0.2195 -0.0083 -0.3101 0.2915 -0.3928 -0.2106 -0.0709 -0.3040 0.2758 -0.3844 -0.1974 -0.1825 -0.2948 0.2428 -0.3724 -0.1757 -0.3085 -0.2814 0.1956 -0.3558 -0.1355 -0.3844 -0.2635 0.1409 -0.3350 -0.0240 -0.4064 -0.2429 0.0805 -0.3216 0.2524 -0.4023 -0.2219 -0.0121 -0.3077 0.2814 -0.3845
0.2693 -0.3049 -0.0337 -0.2187 -0.4003 0.2711 -0.3198 0.0709 -0.2400 -0.4070 0.0086 -0.3322 0.1335 -0.2610 -0.3895 -0.1287 -0.3539 0.1910 -0.2802 -0.3149 -0.1745 -0.3721 0.2428 -0.2951 -0.1757 -0.1987 -0.3855 0.2793 -0.3053 -0.0540 -0.2131 -0.3946 0.2926 -0.3117 0.0066 -0.2222 -0.4007 0.2809 -0.3165 0.0415 -0.2292 -0.4048 0.2394 -0.3208 0.0666 -0.2358 -0.4070 0.1582 -0.3263 0.1199 -0.2892 0.1199 -0.3263 0.1582 -0.4070 -0.2358 0.0666 -0.3208 0.2394 -0.4048 -0.2292 0.0415 -0.3165 0.2809 -0.4007 -0.2222 0.0066 -0.3117 0.2926 -0.3946 -0.2131 -0.0540 -0.3053 0.2793 -0.3855 -0.1987 -0.1757 -0.2951 0.2428 -0.3721 -0.1745 -0.3149 -0.2802 0.1910 -0.3539 -0.1287 -0.3895 -0.2610 0.1335 -0.3322 0.0086 -0.4070 -0.2400 0.0709 -0.3198 0.2711 -0.4003 -0.2187 -0.0337 -0.3049 0.2693
-0.2995 -0.0591 -0.2153 -0.3981 0.2833 -0.3179 0.0606 -0.2371 -0.4074 0.0495 -0.3301 0.1256 -0.2583 -0.3943 -0.1199 -0.3514 0.1848 -0.2784 -0.3243 -0.1720 -0.3711 0.2408 -0.2948 -0.1757 -0.1991 -0.3861 0.2812 -0.3062 -0.0422 -0.2150 -0.3961 0.2922 -0.3131 0.0187 -0.2245 -0.4023 0.2697 -0.3182 0.0521 -0.2319 -0.4060 0.2113 -0.3225 0.0762 -0.2387 -0.4074 0.1163 -0.3267 0.1027 -0.2626 -0.2716 -0.2626 0.1027 -0.3267 0.1163 -0.4074 -0.2387 0.0762 -0.3225 0.2113 -0.4060 -0.2319 0.0521 -0.3182 0.2697 -0.4023 -0.2245 0.0187 -0.3131 0.2922 -0.3961 -0.2150 -0.0422 -0.3062 0.2812 -0.3861 -0.1991 -0.1757 -0.2948 0.2408 -0.3711 -0.1720 -0.3243 -0.2784 0.1848 -0.3514 -0.1199 -0.3943 -0.2583 0.1256 -0.3301 0.0495 -0.4074 -0.2371 0.0606 -0.3179 0.2833 -0.3981 -0.2153 -0.0591 -0.2995
-0.0974 -0.2117 -0.3957 0.2901 -0.3160 0.0495 -0.2341 -0.4073 0.0968 -0.3287 0.1174 -0.2554 -0.3983 -0.1089 -0.3486 0.1776 -0.2762 -0.3358 -0.1685 -0.3696 0.2371 -0.2940 -0.1825 -0.1987 -0.3861 0.2818 -0.3066 -0.0354 -0.2163 -0.3972 0.2907 -0.3142 0.0281 -0.2266 -0.4037 0.2553 -0.3197 0.0613 -0.2345 -0.4068 0.1772 -0.3242 0.0851 -0.2416 -0.4072 0.0695 -0.3280 0.1063 -0.2520 -0.3969 -0.1913 -0.3969 -0.2520 0.1063 -0.3280 0.0695 -0.4072 -0.2416 0.0851 -0.3242 0.1772 -0.4068 -0.2345 0.0613 -0.3197 0.2553 -0.4037 -0.2266 0.0281 -0.3142 0.2907 -0.3972 -0.2163 -0.0354 -0.3066 0.2818 -0.3861 -0.1987 -0.1825 -0.2940 0.2371 -0.3696 -0.1685 -0.3358 -0.2762 0.1776 -0.3486 -0.1089 -0.3983 -0.2554 0.1174 -0.3287 0.0968 -0.4073 -0.2341 0.0495 -0.3160 0.2901 -0.3957 -0.2117 -0.0974
-0.2010 -0.3932 0.2926 -0.3140 0.0373 -0.2311 -0.4067 0.1446 -0.3271 0.1089 -0.2525 -0.4015 -0.0955 -0.3456 0.1697 -0.2737 -0.3481 -0.1637 -0.3676 0.2316 -0.2927 -0.1955 -0.1974 -0.3855 0.2812 -0.3066 -0.0333 -0.2169 -0.3979 0.2890 -0.3151 0.0350 -0.2283 -0.4047 0.2389 -0.3211 0.0693 -0.2369 -0.4073 0.1393 -0.3257 0.0933 -0.2443 -0.4067 0.0270 -0.3295 0.1139 -0.2519 -0.4033 -0.1142 -0.3758 -0.1142 -0.4033 -0.2519 0.1139 -0.3295 0.0270 -0.4067 -0.2443 0.0933 -0.3257 0.1393 -0.4073 -0.2369 0.0693 -0.3211 0.2389 -0.4047 -0.2283 0.0350 -0.3151 0.2890 -0.3979 -0.2169 -0.0333 -0.3066 0.2812 -0.3855 -0.1974 -0.1955 -0.2927 0.2316 -0.3676 -0.1637 -0.3481 -0.2737 0.1697 -0.3456 -0.0955 -0.4015 -0.2525 0.1089 -0.3271 0.1446 -0.4067 -0.2311 0.0373 -0.3140 0.2926 -0.3932 -0.2010
-0.3903 0.2916 -0.3120 0.0237 -0.2281 -0.4056 0.1873 -0.3254 0.1002 -0.2495 -0.4038 -0.0790 -0.3425 0.1614 -0.2710 -0.3598 -0.1579 -0.3651 0.2248 -0.2909 -0.2141 -0.1952 -0.3844 0.2793 -0.3062 -0.0354 -0.2169 -0.3981 0.2879 -0.3156 0.0395 -0.2295 -0.4054 0.2224 -0.3222 0.0761 -0.2390 -0.4074 0.1011 -0.3271 0.1009 -0.2469 -0.4061 -0.0080 -0.3311 0.1219 -0.2542 -0.4023 -0.0838 -0.3495 0.2721 -0.3495 -0.0838 -0.4023 -0.2542 0.1219 -0.3311 -0.0080 -0.4061 -0.2469 0.1009 -0.3271 0.1011 -0.4074 -0.2390 0.0761 -0.3222 0.2224 -0.4054 -0.2295 0.0395 -0.3156 0.2879 -0.3981 -0.2169 -0.0354 -0.3062 0.2793 -0.3844 -0.1952 -0.2141 -0.2909 0.2248 -0.3651 -0.1579 -0.3598 -0.2710 0.1614 -0.3425 -0.0790 -0.4038 -0.2495 0.1002 -0.3254 0.1873 -0.4056 -0.2281 0.0237 -0.3120 0.2916 -0.3903
0.2756 -0.3095 0.0083 -0.2252 -0.4043 0.2225 -0.3236 0.0912 -0.2465 -0.4054 -0.0581 -0.3393 0.1530 -0.2681 -0.3702 -0.1511 -0.3623 0.2168 -0.2887 -0.2364 -0.1922 -0.3828 0.2758 -0.3053 -0.0422 -0.2163 -0.3979 0.2879 -0.3158 0.0418 -0.2303 -0.4058 0.2081 -0.3231 0.0815 -0.2409 -0.4073 0.0659 -0.3283 0.1079 -0.2494 -0.4053 -0.0358 -0.3334 0.1295 -0.2570 -0.3998 -0.0904 -0.3434 0.1822 -0.3064 0.1822 -0.3434 -0.0904 -0.3998 -0.2570 0.1295 -0.3334 -0.0358 -0.4053 -0.2494 0.1079 -0.3283 0.0659 -0.4073 -0.2409 0.0815 -0.3231 0.2081 -0.4058 -0.2303 0.0418 -0.3158 0.2879 -0.3979 -0.2163 -0.0422 -0.3053 0.2758 -0.3828 -0.1922 -0.2364 -0.2887 0.2168 -0.3623 -0.1511 -0.3702 -0.2681 0.1530 -0.3393 -0.0581 -0.4054 -0.2465 0.0912 -0.3236 0.2225 -0.4043 -0.2252 0.0083 -0.3095 0.2756
-0.3049 -0.0096 -0.2222 -0.4026 0.2495 -0.3218 0.0819 -0.2434 -0.4062 -0.0317 -0.3360 0.1445 -0.2651 -0.3791 -0.1433 -0.3593 0.2083 -0.2862 -0.2602 -0.1884 -0.3807 0.2709 -0.3040 -0.0540 -0.2150 -0.3972 0.2890 -0.3156 0.0418 -0.2306 -0.4060 0.1984 -0.3238 0.0855 -0.2424 -0.4070 0.0371 -0.3294 0.1142 -0.2517 -0.4041 -0.0572 -0.3362 0.1369 -0.2596 -0.3964 -0.1030 -0.3446 0.1638 -0.2830 -0.0443 -0.2830 0.1638 -0.3446 -0.1030 -0.3964 -0.2596 0.1369 -0.3362 -0.0572 -0.4041 -0.2517 0.1142 -0.3294 0.0371 -0.4070 -0.2424 0.0855 -0.3238 0.1984 -0.4060 -0.2306 0.0418 -0.3156 0.2890 -0.3972 -0.2150 -0.0540 -0.3040 0.2709 -0.3807 -0.1884 -0.2602 -0.2862 0.2083 -0.3593 -0.1433 -0.3791 -0.2651 0.1445 -0.3360 -0.0317 -0.4062 -0.2434 0.0819 -0.3218 0.2495 -0.4026 -0.2222 -0.0096 -0.3049
-0.0359 -0.2192 -0.4006 0.2691 -0.3200 0.0722 -0.2404 -0.4068 0.0019 -0.3328 0.1358 -0.2621 -0.3866 -0.1344 -0.3562 0.1994 -0.2835 -0.2837 -0.1840 -0.3783 0.2646 -0.3024 -0.0709 -0.2131 -0.3961 0.2907 -0.3151 0.0395 -0.2303 -0.4060 0.1950 -0.3241 0.0880 -0.2434 -0.4066 0.0164 -0.3302 0.1195 -0.2537 -0.4026 -0.0734 -0.3388 0.1439 -0.2622 -0.3921 -0.1145 -0.3472 0.1668 -0.2735 -0.3235 -0.2255 -0.3235 -0.2735 0.1668 -0.3472 -0.1145 -0.3921 -0.2622 0.1439 -0.3388 -0.0734 -0.4026 -0.2537 0.1195 -0.3302 0.0164 -0.4066 -0.2434 0.0880 -0.3241 0.1950 -0.4060 -0.2303 0.0395 -0.3151 0.2907 -0.3961 -0.2131 -0.0709 -0.3024 0.2646 -0.3783 -0.1840 -0.2837 -0.2835 0.1994 -0.3562 -0.1344 -0.3866 -0.2621 0.1358 -0.3328 0.0019 -0.4068 -0.2404 0.0722 -0.3200 0.2691 -0.4006 -0.2192 -0.0359
-0.2086 -0.3984 0.2821 -0.3181 0.0620 -0.2374 -0.4074 0.0433 -0.3304 0.1273 -0.2590 -0.3927 -0.1241 -0.3529 0.1903 -0.2807 -0.3053 -0.1790 -0.3756 0.2571 -0.3003 -0.0933 -0.2106 -0.3946 0.2922 -0.3142 0.0350 -0.2295 -0.4058 0.1984 -0.3241 0.0888 -0.2440 -0.4063 0.0033 -0.3308 0.1237 -0.2554 -0.4009 -0.0858 -0.3411 0.1503 -0.2645 -0.3872 -0.1242 -0.3500 0.1737 -0.2731 -0.3563 -0.1757 -0.3964 -0.1757 -0.3563 -0.2731 0.1737 -0.3500 -0.1242 -0.3872 -0.2645 0.1503 -0.3411 -0.0858 -0.4009 -0.2554 0.1237 -0.3308 0.0033 -0.4063 -0.2440 0.0888 -0.3241 0.1984 -0.4058 -0.2295 0.0350 -0.3142 0.2922 -0.3946 -0.2106 -0.0933 -0.3003 0.2571 -0.3756 -0.1790 -0.3053 -0.2807 0.1903 -0.3529 -0.1241 -0.3927 -0.2590 0.1273 -0.3304 0.0433 -0.4074 -0.2374 0.0620 -0.3181 0.2821 -0.3984 -0.2086
-0.3957 0.2895 -0.3162 0.0510 -0.2345 -0.4073 0.0906 -0.3289 0.1187 -0.2560 -0.3975 -0.1122 -0.3497 0.1812 -0.2778 -0.3246 -0.1735 -0.3727 0.2487 -0.2980 -0.1207 -0.2076 -0.3928 0.2926 -0.3131 0.0281 -0.2283 -0.4054 0.2081 -0.3238 0.0880 -0.2440 -0.4063 -0.0032 -0.3313 0.1265 -0.2566 -0.3993 -0.0948 -0.3430 0.1560 -0.2667 -0.3819 -0.1322 -0.3526 0.1810 -0.2751 -0.3524 -0.1603 -0.3716 0.2826 -0.3716 -0.1603 -0.3524 -0.2751 0.1810 -0.3526 -0.1322 -0.3819 -0.2667 0.1560 -0.3430 -0.0948 -0.3993 -0.2566 0.1265 -0.3313 -0.0032 -0.4063 -0.2440 0.0880 -0.3238 0.2081 -0.4054 -0.2283 0.0281 -0.3131 0.2926 -0.3928 -0.2076 -0.1207 -0.2981 0.2487 -0.3727 -0.1735 -0.3246 -0.2778 0.1812 -0.3497 -0.1122 -0.3975 -0.2560 0.1187 -0.3289 0.0906 -0.4073 -0.2345 0.0510 -0.3162 0.2895 -0.3957
0.2677 -0.3136 0.0389 -0.2315 -0.4068 0.1387 -0.3273 0.1100 -0.2529 -0.4010 -0.0982 -0.3463 0.1721 -0.2748 -0.3415 -0.1673 -0.3697 0.2397 -0.2956 -0.1519 -0.2040 -0.3906 0.2915 -0.3117 0.0187 -0.2266 -0.4047 0.2224 -0.3231 0.0855 -0.2434 -0.4063 -0.0032 -0.3315 0.1280 -0.2574 -0.3981 -0.1009 -0.3446 0.1607 -0.2685 -0.3764 -0.1389 -0.3550 0.1880 -0.2774 -0.3419 -0.1618 -0.3659 0.2493 -0.3212 0.2494 -0.3659 -0.1618 -0.3418 -0.2774 0.1880 -0.3550 -0.1389 -0.3764 -0.2685 0.1607 -0.3446 -0.1009 -0.3981 -0.2574 0.1280 -0.3315 -0.0032 -0.4063 -0.2434 0.0855 -0.3231 0.2224 -0.4047 -0.2266 0.0187 -0.3117 0.2915 -0.3906 -0.2041 -0.1517 -0.2956 0.2398 -0.3697 -0.1673 -0.3415 -0.2748 0.1721 -0.3463 -0.0982 -0.4010 -0.2529 0.1100 -0.3273 0.1387 -0.4068 -0.2315 0.0389 -0.3136 0.2677
-0.3096 0.0256 -0.2285 -0.4058 0.1823 -0.3256 0.1013 -0.2499 -0.4036 -0.0815 -0.3430 0.1631 -0.2717 -0.3560 -0.1605 -0.3665 0.2303 -0.2929 -0.1847 -0.2001 -0.3881 0.2884 -0.3101 0.0066 -0.2245 -0.4037 0.2389 -0.3222 0.0815 -0.2424 -0.4066 0.0033 -0.3313 0.1280 -0.2577 -0.3974 -0.1046 -0.3457 0.1642 -0.2699 -0.3713 -0.1442 -0.3571 0.1945 -0.2795 -0.3296 -0.1664 -0.3667 0.2278 -0.3000 0.0640 -0.3000 0.2280 -0.3668 -0.1664 -0.3296 -0.2795 0.1945 -0.3571 -0.1442 -0.3713 -0.2699 0.1642 -0.3457 -0.1046 -0.3974 -0.2577 0.1280 -0.3313 0.0033 -0.4066 -0.2424 0.0815 -0.3222 0.2389 -0.4037 -0.2245 0.0066 -0.3101 0.2884 -0.3881 -0.2002 -0.1841 -0.2930 0.2304 -0.3666 -0.1605 -0.3560 -0.2717 0.1631 -0.3430 -0.0815 -0.4036 -0.2499 0.1013 -0.3256 0.1822 -0.4058 -0.2285 0.0256 -0.3096
0.0076 -0.2257 -0.4044 0.2184 -0.3239 0.0923 -0.2468 -0.4052 -0.0611 -0.3397 0.1543 -0.2686 -0.3680 -0.1530 -0.3633 0.2206 -0.2901 -0.2172 -0.1958 -0.3855 0.2835 -0.3083 -0.0083 -0.2222 -0.4023 0.2553 -0.3211 0.0761 -0.2409 -0.4070 0.0164 -0.3308 0.1265 -0.2574 -0.3974 -0.1058 -0.3463 0.1665 -0.2709 -0.3672 -0.1480 -0.3588 0.2001 -0.2815 -0.3166 -0.1709 -0.3688 0.2298 -0.2933 -0.1220 -0.2497 -0.1214 -0.2934 0.2299 -0.3689 -0.1709 -0.3166 -0.2815 0.2001 -0.3589 -0.1480 -0.3672 -0.2709 0.1665 -0.3463 -0.1059 -0.3974 -0.2574 0.1265 -0.3308 0.0164 -0.4070 -0.2409 0.0761 -0.3211 0.2552 -0.4023 -0.2222 -0.0081 -0.3083 0.2836 -0.3855 -0.1959 -0.2165 -0.2902 0.2207 -0.3633 -0.1531 -0.3679 -0.2687 0.1544 -0.3398 -0.0613 -0.4052 -0.2469 0.0924 -0.3239 0.2181 -0.4045 -0.2257 0.0077
-0.2155 -0.4028 0.2465 -0.3221 0.0831 -0.2438 -0.4061 -0.0354 -0.3364 0.1456 -0.2656 -0.3778 -0.1449 -0.3600 0.2109 -0.2872 -0.2482 -0.1911 -0.3827 0.2771 -0.3062 -0.0265 -0.2195 -0.4007 0.2697 -0.3197 0.0693 -0.2390 -0.4073 0.0371 -0.3302 0.1237 -0.2566 -0.3981 -0.1046 -0.3463 0.1673 -0.2714 -0.3643 -0.1506 -0.3601 0.2044 -0.2831 -0.3042 -0.1748 -0.3710 0.2358 -0.2927 -0.2001 -0.2113 -0.4065 -0.2115 -0.1980 -0.2930 0.2362 -0.3711 -0.1750 -0.3036 -0.2833 0.2047 -0.3602 -0.1508 -0.3640 -0.2716 0.1675 -0.3463 -0.1049 -0.3980 -0.2568 0.1239 -0.3303 0.0362 -0.4072 -0.2392 0.0697 -0.3198 0.2692 -0.4008 -0.2197 -0.0254 -0.3064 0.2774 -0.3828 -0.1913 -0.2467 -0.2875 0.2113 -0.3602 -0.1453 -0.3774 -0.2658 0.1460 -0.3366 -0.0368 -0.4061 -0.2441 0.0836 -0.3222 0.2454 -0.4029 -0.2158
-0.4003 0.2669 -0.3202 0.0735 -0.2408 -0.4068 -0.0028 -0.3332 0.1369 -0.2625 -0.3857 -0.1358 -0.3567 0.2012 -0.2843 -0.2763 -0.1859 -0.3797 0.2694 -0.3040 -0.0488 -0.2165 -0.3988 0.2809 -0.3182 0.0613 -0.2369 -0.4074 0.0659 -0.3294 0.1195 -0.2554 -0.3993 -0.1009 -0.3457 0.1665 -0.2714 -0.3633 -0.1520 -0.3609 0.2074 -0.2842 -0.2938 -0.1780 -0.3728 0.2418 -0.2941 -0.1958 -0.1985 -0.3898 0.0464 -0.3904 -0.2005 -0.1843 -0.2955 0.2445 -0.3736 -0.1796 -0.2881 -0.2855 0.2096 -0.3616 -0.1537 -0.3608 -0.2726 0.1683 -0.3463 -0.1037 -0.3986 -0.2565 0.1211 -0.3298 0.0572 -0.4070 -0.2379 0.0634 -0.3187 0.2789 -0.3991 -0.2176 -0.0436 -0.3048 0.2711 -0.3803 -0.1873 -0.2706 -0.2854 0.2033 -0.3574 -0.1379 -0.3842 -0.2637 0.1388 -0.3339 -0.0103 -0.4064 -0.2419 0.0756 -0.3208 0.2631 -0.4005
0.2372 -0.3175 0.0633 -0.2378 -0.4073 0.0376 -0.3307 0.1284 -0.2594 -0.3920 -0.1255 -0.3534 0.1917 -0.2812 -0.3008 -0.1804 -0.3766 0.2606 -0.3016 -0.0755 -0.2132 -0.3967 0.2884 -0.3165 0.0521 -0.2345 -0.4073 0.1011 -0.3283 0.1142 -0.2537 -0.4009 -0.0948 -0.3446 0.1642 -0.2709 -0.3643 -0.1520 -0.3612 0.2090 -0.2849 -0.2863 -0.1801 -0.3743 0.2468 -0.2956 -0.1776 -0.1982 -0.3860 0.2946 -0.3366 0.2906 -0.3899 -0.2085 -0.1158 -0.3012 0.2621 -0.3784 -0.1895 -0.2470 -0.2913 0.2224 -0.3652 -0.1623 -0.3478 -0.2774 0.1753 -0.3485 -0.1118 -0.3966 -0.2599 0.1241 -0.3310 0.0478 -0.4065 -0.2403 0.0643 -0.3192 0.2794 -0.3983 -0.2191 -0.0447 -0.3051 0.2709 -0.3797 -0.1877 -0.2726 -0.2869 0.2026 -0.3570 -0.1374 -0.3848 -0.2655 0.1382 -0.3336 -0.0070 -0.4064 -0.2437 0.0753 -0.3203 0.2071
-0.3142 0.0524 -0.2348 -0.4074 0.0844 -0.3291 0.1198 -0.2564 -0.3969 -0.1138 -0.3501 0.1824 -0.2782 -0.3217 -0.1745 -0.3734 0.2512 -0.2989 -0.1069 -0.2095 -0.3943 0.2921 -0.3148 0.0415 -0.2319 -0.4068 0.1393 -0.3271 0.1079 -0.2517 -0.4026 -0.0858 -0.3430 0.1607 -0.2699 -0.3672 -0.1506 -0.3609 0.2090 -0.2851 -0.2824 -0.1814 -0.3752 0.2504 -0.2968 -0.1600 -0.2001 -0.3863 0.2860 -0.3180 0.1674 -0.3348 0.1876 -0.4029 -0.2369 0.0283 -0.3154 0.2948 -0.3921 -0.2187 -0.0680 -0.3048 0.2707 -0.3774 -0.1931 -0.2490 -0.2915 0.2158 -0.3606 -0.1536 -0.3678 -0.2759 0.1568 -0.3412 -0.0699 -0.4045 -0.2567 0.0978 -0.3274 0.2004 -0.4034 -0.2355 0.0213 -0.3132 0.2931 -0.3864 -0.2075 -0.1634 -0.2972 0.2362 -0.3665 -0.1664 -0.3487 -0.2795 0.1680 -0.3441 -0.0912 -0.4022 -0.2599 0.1076 -0.3297
0.0393 -0.2319 -0.4069 0.1327 -0.3275 0.1111 -0.2533 -0.4006 -0.1001 -0.3468 0.1732 -0.2752 -0.3395 -0.1682 -0.3702 0.2416 -0.2962 -0.1418 -0.2055 -0.3917 0.2925 -0.3129 0.0295 -0.2292 -0.4060 0.1772 -0.3257 0.1009 -0.2494 -0.4041 -0.0734 -0.3411 0.1560 -0.2685 -0.3713 -0.1480 -0.3601 0.2074 -0.2849 -0.2824 -0.1818 -0.3757 0.2525 -0.2976 -0.1470 -0.2019 -0.3874 0.2845 -0.3106 0.0823 -0.3038 0.2920 -0.3743 -0.1703 -0.3467 -0.2803 0.1736 -0.3470 -0.1085 -0.3978 -0.2657 0.1221 -0.3334 0.0586 -0.4066 -0.2486 0.0643 -0.3211 0.2811 -0.3968 -0.2258 -0.0386 -0.3069 0.2744 -0.3768 -0.1929 -0.2618 -0.2901 0.2071 -0.3556 -0.1429 -0.3813 -0.2725 0.1423 -0.3379 -0.0210 -0.4063 -0.2540 0.0795 -0.3241 0.2602 -0.3995 -0.2304 -0.0148 -0.3092 0.2822 -0.3800 -0.1983 -0.2315 -0.2925 0.2218
-0.2222 -0.4059 0.1771 -0.3258 0.1024 -0.2503 -0.4033 -0.0838 -0.3435 0.1642 -0.2721 -0.3543 -0.1614 -0.3670 0.2317 -0.2934 -0.1776 -0.2012 -0.3890 0.2899 -0.3110 0.0154 -0.2264 -0.4048 0.2113 -0.3242 0.0933 -0.2469 -0.4053 -0.0572 -0.3388 0.1503 -0.2667 -0.3764 -0.1442 -0.3588 0.2044 -0.2842 -0.2863 -0.1814 -0.3757 0.2531 -0.2980 -0.1392 -0.2032 -0.3884 0.2859 -0.3086 0.0174 -0.2639 0.0898 -0.3966 -0.1721 -0.3871 -0.2629 0.1272 -0.3319 0.0324 -0.4066 -0.2427 0.0688 -0.3204 0.2732 -0.3984 -0.2225 -0.0294 -0.3068 0.2767 -0.3813 -0.1925 -0.2513 -0.2902 0.2104 -0.3594 -0.1453 -0.3781 -0.2700 0.1454 -0.3363 -0.0338 -0.4061 -0.2484 0.0830 -0.3232 0.2491 -0.4003 -0.2267 -0.0073 -0.3090 0.2838 -0.3839 -0.1973 -0.2233 -0.2925 0.2188 -0.3622 -0.1526 -0.3698 -0.2727 0.1535 -0.3420
-0.4039 0.2141 -0.3241 0.0935 -0.2472 -0.4050 -0.0639 -0.3402 0.1554 -0.2690 -0.3666 -0.1540 -0.3637 0.2219 -0.2905 -0.2123 -0.1966 -0.3861 0.2850 -0.3089 -0.0011 -0.2236 -0.4033 0.2394 -0.3225 0.0851 -0.2443 -0.4061 -0.0358 -0.3362 0.1439 -0.2645 -0.3819 -0.1389 -0.3571 0.2001 -0.2831 -0.2938 -0.1801 -0.3752 0.2525 -0.2980 -0.1366 -0.2038 -0.3890 0.2872 -0.3085 -0.0127 -0.2274 -0.4078 -0.1068 -0.2439 -0.2768 -0.2663 0.1228 -0.3299 0.0624 -0.4068 -0.2377 0.0611 -0.3183 0.2816 -0.3985 -0.2171 -0.0495 -0.3044 0.2693 -0.3795 -0.1863 -0.2760 -0.2853 0.2014 -0.3567 -0.1361 -0.3856 -0.2637 0.1372 -0.3333 -0.0035 -0.4064 -0.2419 0.0738 -0.3205 0.2670 -0.4005 -0.2205 -0.0272 -0.3065 0.2763 -0.3821 -0.1907 -0.2532 -0.2878 0.2093 -0.3594 -0.1436 -0.3793 -0.2662 0.1442 -0.3360 -0.0679
0.1757 -0.3213 0.0843 -0.2442 -0.4060 -0.0390 -0.3369 0.1467 -0.2660 -0.3767 -0.1459 -0.3604 0.2121 -0.2876 -0.2443 -0.1918 -0.3831 0.2784 -0.3068 -0.0207 -0.2206 -0.4015 0.2612 -0.3208 0.0762 -0.2416 -0.4067 -0.0080 -0.3334 0.1369 -0.2622 -0.3872 -0.1322 -0.3550 0.1945 -0.2815 -0.3042 -0.1780 -0.3743 0.2504 -0.2976 -0.1392 -0.2038 -0.3892 0.2879 -0.3089 -0.0128 -0.2210 -0.4016 0.1614 -0.3332 0.0699 -0.2829 0.1321 -0.3306 0.0398 -0.4072 -0.2386 0.0668 -0.3192 0.2744 -0.4000 -0.2186 -0.0342 -0.3055 0.2744 -0.3816 -0.1894 -0.2581 -0.2864 0.2076 -0.3589 -0.1419 -0.3807 -0.2647 0.1427 -0.3353 -0.0253 -0.4063 -0.2430 0.0799 -0.3215 0.2543 -0.4021 -0.2218 -0.0137 -0.3076 0.2808 -0.3841 -0.1935 -0.2338 -0.2888 0.2154 -0.3615 -0.1488 -0.3735 -0.2672 0.1496 -0.3380 -0.0482 -0.4062
-0.3188 0.0748 -0.2412 -0.4067 -0.0074 -0.3336 0.1380 -0.2629 -0.3848 -0.1370 -0.3571 0.2024 -0.2846 -0.2729 -0.1866 -0.3801 0.2705 -0.3044 -0.0438 -0.2173 -0.3994 0.2769 -0.3190 0.0666 -0.2387 -0.4072 0.0270 -0.3311 0.1295 -0.2596 -0.3921 -0.1242 -0.3526 0.1880 -0.2795 -0.3166 -0.1748 -0.3728 0.2468 -0.2968 -0.1470 -0.2032 -0.3890 0.2879 -0.3090 -0.0106 -0.2205 -0.4004 0.2652 -0.3255 0.1380 -0.2966 0.1480 -0.3324 0.0121 -0.4069 -0.2406 0.0741 -0.3206 0.2616 -0.4017 -0.2211 -0.0157 -0.3074 0.2809 -0.3843 -0.1939 -0.2301 -0.2890 0.2167 -0.3620 -0.1499 -0.3722 -0.2674 0.1508 -0.3384 -0.0514 -0.4057 -0.2457 0.0887 -0.3232 0.2307 -0.4038 -0.2244 0.0036 -0.3095 0.2866 -0.3869 -0.1979 -0.2031 -0.2914 0.2245 -0.3646 -0.1561 -0.3635 -0.2699 0.1578 -0.3410 -0.0697 -0.4047 -0.2423
0.0644 -0.2383 -0.4073 0.0320 -0.3310 0.1295 -0.2598 -0.3913 -0.1269 -0.3538 0.1929 -0.2816 -0.2978 -0.1811 -0.3770 0.2618 -0.3019 -0.0711 -0.2138 -0.3972 0.2867 -0.3171 0.0561 -0.2358 -0.4074 0.0695 -0.3295 0.1219 -0.2570 -0.3964 -0.1145 -0.3500 0.1810 -0.2774 -0.3296 -0.1709 -0.3710 0.2418 -0.2956 -0.1600 -0.2019 -0.3884 0.2872 -0.3089 -0.0107 -0.2205 -0.4004 0.2754 -0.3216 0.1195 -0.3027 0.1700 -0.3360 -0.0141 -0.4065 -0.2425 0.0808 -0.3219 0.2448 -0.4032 -0.2235 0.0003 -0.3093 0.2864 -0.3870 -0.1983 -0.1987 -0.2918 0.2263 -0.3652 -0.1575 -0.3613 -0.2704 0.1594 -0.3417 -0.0735 -0.4044 -0.2486 0.0976 -0.3249 0.1983 -0.4053 -0.2273 0.0195 -0.3115 0.2908 -0.3897 -0.2023 -0.1685 -0.2941 0.2343 -0.3678 -0.1632 -0.3508 -0.2729 0.1665 -0.3443 -0.0883 -0.4027 -0.2510 0.1059
-0.2290 -0.4073 0.0774 -0.3293 0.1210 -0.2569 -0.3963 -0.1156 -0.3506 0.1837 -0.2787 -0.3189 -0.1754 -0.3739 0.2526 -0.2994 -0.1020 -0.2102 -0.3947 0.2916 -0.3152 0.0448 -0.2329 -0.4070 0.1163 -0.3280 0.1139 -0.2542 -0.3998 -0.1030 -0.3472 0.1737 -0.2751 -0.3419 -0.1664 -0.3688 0.2358 -0.2941 -0.1776 -0.2001 -0.3874 0.2858 -0.3085 -0.0132 -0.2204 -0.4004 0.2769 -0.3195 0.0944 -0.2947 0.2084 -0.3456 -0.0509 -0.4061 -0.2444 0.0867 -0.3232 0.2254 -0.4044 -0.2258 0.0138 -0.3110 0.2903 -0.3895 -0.2023 -0.1666 -0.2944 0.2357 -0.3684 -0.1645 -0.3479 -0.2735 0.1683 -0.3450 -0.0916 -0.4022 -0.2516 0.1064 -0.3266 0.1577 -0.4064 -0.2302 0.0335 -0.3134 0.2927 -0.3924 -0.2066 -0.1327 -0.2969 0.2440 -0.3710 -0.1699 -0.3352 -0.2759 0.1755 -0.3476 -0.1038 -0.3998 -0.2541 0.1134 -0.3278
-0.4060 0.1207 -0.3280 0.1133 -0.2544 -0.3998 -0.1037 -0.3476 0.1755 -0.2763 -0.3354 -0.1699 -0.3710 0.2440 -0.2972 -0.1330 -0.2067 -0.3923 0.2927 -0.3135 0.0334 -0.2305 -0.4062 0.1582 -0.3267 0.1063 -0.2519 -0.4023 -0.0904 -0.3446 0.1668 -0.2731 -0.3524 -0.1618 -0.3667 0.2298 -0.2927 -0.1958 -0.1981 -0.3862 0.2839 -0.3080 -0.0170 -0.2202 -0.4002 0.2772 -0.3185 0.0698 -0.2679 0.0716 -0.3716 -0.1231 -0.4044 -0.2469 0.0919 -0.3242 0.2045 -0.4053 -0.2279 0.0250 -0.3125 0.2923 -0.3918 -0.2060 -0.1350 -0.2969 0.2446 -0.3714 -0.1708 -0.3322 -0.2765 0.1774 -0.3483 -0.1066 -0.3991 -0.2547 0.1151 -0.3282 0.1109 -0.4071 -0.2332 0.0461 -0.3154 0.2913 -0.3950 -0.2106 -0.0984 -0.2996 0.2537 -0.3742 -0.1761 -0.3167 -0.2790 0.1847 -0.3509 -0.1169 -0.3958 -0.2571 0.1220 -0.3280 -0.0007
0.0530 -0.3265 0.1099 -0.2545 -0.4012 -0.0976 -0.3462 0.1717 -0.2763 -0.3422 -0.1676 -0.3695 0.2400 -0.2970 -0.1479 -0.2058 -0.3909 0.2927 -0.3129 0.0278 -0.2305 -0.4050 0.1770 -0.3263 0.1027 -0.2520 -0.4033 -0.0838 -0.3434 0.1638 -0.2735 -0.3563 -0.1603 -0.3659 0.2278 -0.2933 -0.2001 -0.1984 -0.3859 0.2843 -0.3084 -0.0136 -0.2221 -0.4003 0.2726 -0.3193 0.0635 -0.2431 -0.4030 -0.1527 -0.1974 -0.3702 -0.2549 0.0976 -0.3251 0.1840 -0.4061 -0.2298 0.0343 -0.3139 0.2925 -0.3939 -0.2093 -0.1056 -0.2993 0.2532 -0.3743 -0.1765 -0.3142 -0.2795 0.1864 -0.3516 -0.1193 -0.3949 -0.2577 0.1237 -0.3298 0.0626 -0.4074 -0.2362 0.0575 -0.3173 0.2858 -0.3975 -0.2143 -0.0674 -0.3022 0.2629 -0.3774 -0.1819 -0.2949 -0.2820 0.1941 -0.3542 -0.1282 -0.3906 -0.2602 0.1305 -0.3313 0.0263 -0.4065
-0.3341 0.1280 -0.2653 -0.3929 -0.1243 -0.3523 0.1901 -0.2853 -0.3050 -0.1816 -0.3746 0.2595 -0.3027 -0.0807 -0.2170 -0.3932 0.2909 -0.3178 0.0526 -0.2411 -0.4061 0.0877 -0.3313 0.1199 -0.2626 -0.3969 -0.1142 -0.3495 0.1822 -0.2830 -0.3235 -0.1757 -0.3716 0.2493 -0.3000 -0.1221 -0.2112 -0.3898 0.2942 -0.3141 0.0271 -0.2342 -0.4034 0.2109 -0.3256 0.0893 -0.2514 -0.4057 -0.0884 -0.3535 0.1061 -0.2804 0.1122 -0.3262 0.1657 -0.4065 -0.2314 0.0420 -0.3152 0.2909 -0.3957 -0.2122 -0.0798 -0.3015 0.2612 -0.3770 -0.1817 -0.2941 -0.2823 0.1953 -0.3548 -0.1301 -0.3894 -0.2608 0.1323 -0.3318 0.0182 -0.4071 -0.2392 0.0680 -0.3192 0.2752 -0.3997 -0.2178 -0.0407 -0.3047 0.2716 -0.3805 -0.1873 -0.2695 -0.2850 0.2036 -0.3576 -0.1382 -0.3839 -0.2633 0.1391 -0.3340 -0.0119 -0.4067 -0.2355
0.2176 -0.2914 -0.2453 -0.1961 -0.3786 0.2790 -0.3083 -0.0239 -0.2291 -0.3986 0.2687 -0.3233 0.0753 -0.2535 -0.4064 -0.0059 -0.3370 0.1386 -0.2715 -0.3845 -0.1391 -0.3542 0.2033 -0.2892 -0.2716 -0.1913 -0.3758 0.2721 -0.3064 -0.0443 -0.2255 -0.3964 0.2826 -0.3212 0.0640 -0.2497 -0.4066 0.0543 -0.3340 0.1236 -0.2667 -0.3969 -0.1117 -0.3483 0.1754 -0.2807 -0.3466 -0.1674 -0.3655 0.2620 -0.3107 0.1496 -0.3286 0.1480 -0.4068 -0.2327 0.0479 -0.3163 0.2879 -0.3973 -0.2148 -0.0586 -0.3034 0.2683 -0.3796 -0.1864 -0.2720 -0.2849 0.2040 -0.3578 -0.1393 -0.3827 -0.2638 0.1408 -0.3346 -0.0186 -0.4065 -0.2422 0.0779 -0.3211 0.2586 -0.4018 -0.2210 -0.0180 -0.3070 0.2793 -0.3835 -0.1924 -0.2404 -0.2880 0.2133 -0.3608 -0.1470 -0.3755 -0.2663 0.1478 -0.3373 -0.0425 -0.4059 -0.2446 0.0860
