0.1677 0.4513 0.1153 0.3952 0.1325 0.1789 0.4353 0.1165 0.4171 0.1286 0.1871 0.4160 0.1181 0.4391 0.1254 0.1961 0.3942 0.1201 0.4601 0.1227 0.2059 0.3698 0.1223 0.4787 0.1204 0.2165 0.3429 0.1250 0.4934 0.1185 0.2281 0.3135 0.1280 0.5029 0.1170 0.2405 0.2821 0.1313 0.5076 0.1157 0.2540 0.2498 0.1350 0.5085 0.1147 0.2686 0.2182 0.1394 0.5051 0.1119 0.4175 0.1119 0.5051 0.1394 0.2182 0.2686 0.1147 0.5085 0.1350 0.2498 0.2540 0.1157 0.5076 0.1313 0.2821 0.2405 0.1170 0.5029 0.1280 0.3135 0.2281 0.1185 0.4934 0.1250 0.3429 0.2165 0.1204 0.4787 0.1223 0.3698 0.2059 0.1227 0.4601 0.1201 0.3942 0.1961 0.1254 0.4391 0.1181 0.4160 0.1871 0.1286 0.4171 0.1165 0.4353 0.1789 0.1325 0.3952 0.1153 0.4513 0.1677
0.4513 0.1170 0.4143 0.1291 0.1870 0.4464 0.1187 0.4392 0.1251 0.1961 0.4269 0.1207 0.4613 0.1222 0.2058 0.4052 0.1231 0.4816 0.1198 0.2163 0.3808 0.1258 0.4985 0.1179 0.2276 0.3537 0.1288 0.5107 0.1164 0.2400 0.3240 0.1322 0.5178 0.1153 0.2534 0.2920 0.1360 0.5208 0.1144 0.2678 0.2585 0.1401 0.5206 0.1139 0.2834 0.2252 0.1447 0.5177 0.1130 0.3330 0.1215 0.3330 0.1130 0.5177 0.1447 0.2252 0.2834 0.1139 0.5206 0.1401 0.2585 0.2678 0.1144 0.5208 0.1360 0.2920 0.2534 0.1153 0.5178 0.1322 0.3240 0.2400 0.1164 0.5107 0.1288 0.3537 0.2276 0.1179 0.4985 0.1258 0.3808 0.2163 0.1198 0.4816 0.1231 0.4052 0.2058 0.1222 0.4613 0.1207 0.4269 0.1961 0.1251 0.4392 0.1187 0.4464 0.1870 0.1291 0.4143 0.1170 0.4513
0.1153 0.4143 0.1283 0.1894 0.4400 0.1193 0.4486 0.1237 0.2004 0.4172 0.1216 0.4710 0.1209 0.2106 0.3941 0.1241 0.4900 0.1188 0.2215 0.3684 0.1270 0.5049 0.1171 0.2333 0.3401 0.1302 0.5146 0.1157 0.2461 0.3092 0.1338 0.5196 0.1147 0.2600 0.2764 0.1377 0.5210 0.1140 0.2749 0.2427 0.1421 0.5196 0.1135 0.2910 0.2104 0.1468 0.5159 0.1132 0.3145 0.1501 0.2005 0.1501 0.3145 0.1132 0.5159 0.1468 0.2104 0.2910 0.1135 0.5196 0.1421 0.2427 0.2749 0.1140 0.5210 0.1377 0.2764 0.2600 0.1147 0.5196 0.1338 0.3092 0.2461 0.1157 0.5146 0.1302 0.3401 0.2333 0.1171 0.5049 0.1270 0.3684 0.2215 0.1188 0.4900 0.1241 0.3941 0.2106 0.1209 0.4710 0.1216 0.4172 0.2004 0.1237 0.4486 0.1193 0.4400 0.1894 0.1283 0.4143 0.1153
0.3952 0.1291 0.1894 0.4374 0.1198 0.4555 0.1227 0.2043 0.4078 0.1227 0.4799 0.1199 0.2155 0.3825 0.1254 0.4976 0.1179 0.2269 0.3554 0.1285 0.5101 0.1164 0.2392 0.3259 0.1319 0.5175 0.1152 0.2525 0.2940 0.1356 0.5207 0.1144 0.2669 0.2606 0.1397 0.5207 0.1138 0.2824 0.2272 0.1442 0.5182 0.1134 0.2990 0.1965 0.1491 0.5134 0.1133 0.3179 0.1652 0.1653 0.4092 0.1653 0.1652 0.3179 0.1133 0.5134 0.1491 0.1965 0.2990 0.1134 0.5182 0.1442 0.2272 0.2824 0.1138 0.5207 0.1397 0.2606 0.2669 0.1144 0.5207 0.1356 0.2940 0.2525 0.1152 0.5175 0.1319 0.3259 0.2392 0.1164 0.5101 0.1285 0.3554 0.2269 0.1179 0.4976 0.1254 0.3825 0.2155 0.1199 0.4799 0.1227 0.4078 0.2043 0.1227 0.4555 0.1198 0.4374 0.1894 0.1291 0.3952
0.1325 0.1870 0.4400 0.1198 0.4580 0.1221 0.2071 0.4001 0.1236 0.4875 0.1190 0.2203 0.3708 0.1268 0.5040 0.1172 0.2325 0.3419 0.1300 0.5142 0.1158 0.2453 0.3111 0.1336 0.5194 0.1148 0.2591 0.2784 0.1375 0.5210 0.1141 0.2740 0.2447 0.1418 0.5198 0.1136 0.2900 0.2122 0.1465 0.5162 0.1133 0.3072 0.1840 0.1516 0.5105 0.1134 0.3257 0.1624 0.1591 0.4847 0.1234 0.4847 0.1591 0.1624 0.3257 0.1134 0.5105 0.1516 0.1840 0.3072 0.1133 0.5162 0.1465 0.2122 0.2900 0.1136 0.5198 0.1418 0.2447 0.2740 0.1141 0.5210 0.1375 0.2784 0.2591 0.1148 0.5194 0.1336 0.3111 0.2453 0.1158 0.5142 0.1300 0.3419 0.2325 0.1172 0.5040 0.1268 0.3708 0.2203 0.1190 0.4875 0.1236 0.4001 0.2071 0.1221 0.4580 0.1198 0.4400 0.1870 0.1325
0.1789 0.4464 0.1193 0.4555 0.1221 0.2081 0.3957 0.1243 0.4928 0.1183 0.2248 0.3595 0.1281 0.5091 0.1165 0.2382 0.3280 0.1316 0.5172 0.1153 0.2517 0.2959 0.1354 0.5206 0.1144 0.2660 0.2626 0.1395 0.5208 0.1138 0.2814 0.2291 0.1439 0.5184 0.1134 0.2980 0.1982 0.1488 0.5138 0.1133 0.3157 0.1733 0.1541 0.5071 0.1135 0.3346 0.1564 0.1602 0.4952 0.1147 0.4945 0.1147 0.4952 0.1602 0.1564 0.3346 0.1135 0.5071 0.1541 0.1733 0.3157 0.1133 0.5138 0.1488 0.1982 0.2980 0.1134 0.5184 0.1439 0.2291 0.2814 0.1138 0.5208 0.1395 0.2626 0.2660 0.1144 0.5206 0.1354 0.2959 0.2517 0.1153 0.5172 0.1316 0.3280 0.2382 0.1165 0.5091 0.1281 0.3595 0.2248 0.1183 0.4928 0.1243 0.3957 0.2081 0.1221 0.4555 0.1193 0.4464 0.1789
0.4353 0.1187 0.4486 0.1227 0.2071 0.3957 0.1246 0.4956 0.1179 0.2283 0.3498 0.1293 0.5128 0.1160 0.2438 0.3142 0.1333 0.5192 0.1149 0.2582 0.2805 0.1372 0.5210 0.1141 0.2731 0.2468 0.1415 0.5199 0.1136 0.2891 0.2141 0.1462 0.5165 0.1134 0.3062 0.1855 0.1513 0.5109 0.1134 0.3245 0.1644 0.1567 0.5033 0.1137 0.3439 0.1508 0.1628 0.4932 0.1142 0.4024 0.1138 0.4024 0.1142 0.4932 0.1628 0.1508 0.3439 0.1137 0.5033 0.1567 0.1644 0.3245 0.1134 0.5109 0.1513 0.1855 0.3062 0.1134 0.5165 0.1462 0.2141 0.2891 0.1136 0.5199 0.1415 0.2468 0.2731 0.1141 0.5210 0.1372 0.2805 0.2582 0.1149 0.5192 0.1333 0.3142 0.2438 0.1160 0.5128 0.1293 0.3498 0.2283 0.1179 0.4956 0.1246 0.3957 0.2071 0.1227 0.4486 0.1187 0.4353
0.1165 0.4392 0.1237 0.2043 0.4001 0.1243 0.4956 0.1178 0.2303 0.3430 0.1303 0.5153 0.1156 0.2491 0.3009 0.1349 0.5204 0.1145 0.2648 0.2652 0.1392 0.5208 0.1138 0.2805 0.2311 0.1437 0.5186 0.1134 0.2970 0.1999 0.1485 0.5141 0.1133 0.3146 0.1745 0.1538 0.5076 0.1135 0.3334 0.1573 0.1595 0.4991 0.1139 0.3534 0.1462 0.1657 0.4885 0.1147 0.3817 0.1271 0.2363 0.1271 0.3817 0.1147 0.4885 0.1657 0.1462 0.3534 0.1139 0.4991 0.1595 0.1573 0.3334 0.1135 0.5076 0.1538 0.1745 0.3146 0.1133 0.5141 0.1485 0.1999 0.2970 0.1134 0.5186 0.1437 0.2311 0.2805 0.1138 0.5208 0.1392 0.2652 0.2648 0.1145 0.5204 0.1349 0.3009 0.2491 0.1156 0.5153 0.1303 0.3430 0.2303 0.1178 0.4956 0.1243 0.4001 0.2043 0.1237 0.4392 0.1165
0.4171 0.1251 0.2004 0.4078 0.1236 0.4928 0.1179 0.2303 0.3405 0.1308 0.5167 0.1153 0.2534 0.2894 0.1364 0.5209 0.1142 0.2712 0.2503 0.1411 0.5201 0.1136 0.2879 0.2161 0.1459 0.5168 0.1134 0.3051 0.1870 0.1509 0.5113 0.1134 0.3233 0.1654 0.1564 0.5038 0.1137 0.3427 0.1515 0.1623 0.4944 0.1143 0.3632 0.1423 0.1688 0.4829 0.1151 0.3860 0.1332 0.1904 0.3192 0.1904 0.1332 0.3860 0.1151 0.4829 0.1688 0.1423 0.3632 0.1143 0.4944 0.1623 0.1515 0.3427 0.1137 0.5038 0.1564 0.1654 0.3233 0.1134 0.5113 0.1509 0.1870 0.3051 0.1134 0.5168 0.1459 0.2161 0.2879 0.1136 0.5201 0.1411 0.2503 0.2712 0.1142 0.5209 0.1364 0.2894 0.2534 0.1153 0.5167 0.1308 0.3405 0.2303 0.1179 0.4928 0.1236 0.4078 0.2004 0.1251 0.4171
0.1286 0.1961 0.4172 0.1227 0.4875 0.1183 0.2283 0.3430 0.1308 0.5172 0.1151 0.2564 0.2807 0.1376 0.5210 0.1140 0.2774 0.2364 0.1430 0.5190 0.1135 0.2954 0.2023 0.1482 0.5145 0.1133 0.3135 0.1758 0.1535 0.5080 0.1135 0.3323 0.1581 0.1591 0.4996 0.1139 0.3522 0.1468 0.1653 0.4892 0.1146 0.3732 0.1389 0.1721 0.4768 0.1157 0.3953 0.1327 0.1822 0.4314 0.1344 0.4314 0.1822 0.1327 0.3953 0.1157 0.4768 0.1721 0.1389 0.3732 0.1146 0.4892 0.1653 0.1468 0.3522 0.1139 0.4996 0.1591 0.1581 0.3323 0.1135 0.5080 0.1535 0.1758 0.3135 0.1133 0.5145 0.1482 0.2023 0.2954 0.1135 0.5190 0.1430 0.2364 0.2774 0.1140 0.5210 0.1376 0.2807 0.2564 0.1151 0.5172 0.1308 0.3430 0.2283 0.1183 0.4875 0.1227 0.4172 0.1961 0.1286
0.1871 0.4269 0.1216 0.4799 0.1190 0.2248 0.3498 0.1303 0.5167 0.1151 0.2575 0.2758 0.1385 0.5209 0.1138 0.2826 0.2246 0.1448 0.5175 0.1134 0.3028 0.1900 0.1504 0.5118 0.1134 0.3220 0.1666 0.1561 0.5043 0.1136 0.3415 0.1522 0.1620 0.4950 0.1142 0.3620 0.1427 0.1684 0.4836 0.1151 0.3834 0.1360 0.1755 0.4702 0.1162 0.4057 0.1307 0.1837 0.4489 0.1209 0.5209 0.1209 0.4489 0.1837 0.1307 0.4057 0.1162 0.4702 0.1755 0.1360 0.3834 0.1151 0.4836 0.1684 0.1427 0.3620 0.1142 0.4950 0.1620 0.1522 0.3415 0.1136 0.5043 0.1561 0.1666 0.3220 0.1134 0.5118 0.1504 0.1900 0.3028 0.1134 0.5175 0.1448 0.2246 0.2826 0.1138 0.5209 0.1385 0.2758 0.2575 0.1151 0.5167 0.1303 0.3498 0.2248 0.1190 0.4799 0.1216 0.4269 0.1871
0.4160 0.1207 0.4710 0.1199 0.2203 0.3595 0.1293 0.5153 0.1153 0.2564 0.2758 0.1388 0.5207 0.1137 0.2866 0.2155 0.1464 0.5160 0.1134 0.3099 0.1795 0.1527 0.5089 0.1135 0.3305 0.1593 0.1587 0.5003 0.1139 0.3510 0.1473 0.1649 0.4899 0.1146 0.3719 0.1393 0.1717 0.4776 0.1156 0.3938 0.1334 0.1791 0.4631 0.1169 0.4163 0.1288 0.1872 0.4454 0.1190 0.4761 0.1110 0.4761 0.1190 0.4454 0.1872 0.1288 0.4163 0.1169 0.4631 0.1791 0.1334 0.3938 0.1156 0.4776 0.1717 0.1393 0.3719 0.1146 0.4899 0.1649 0.1473 0.3510 0.1139 0.5003 0.1587 0.1593 0.3305 0.1135 0.5089 0.1527 0.1795 0.3099 0.1134 0.5160 0.1464 0.2155 0.2866 0.1137 0.5207 0.1388 0.2758 0.2564 0.1153 0.5153 0.1293 0.3595 0.2203 0.1199 0.4710 0.1207 0.4160
0.1181 0.4613 0.1209 0.2155 0.3708 0.1281 0.5128 0.1156 0.2534 0.2807 0.1385 0.5207 0.1137 0.2887 0.2097 0.1476 0.5146 0.1134 0.3163 0.1714 0.1549 0.5058 0.1136 0.3389 0.1535 0.1614 0.4959 0.1142 0.3605 0.1433 0.1680 0.4844 0.1150 0.3821 0.1363 0.1751 0.4711 0.1162 0.4043 0.1311 0.1828 0.4555 0.1176 0.4270 0.1269 0.1912 0.4375 0.1195 0.4567 0.1170 0.2838 0.1170 0.4567 0.1195 0.4375 0.1912 0.1269 0.4270 0.1176 0.4555 0.1828 0.1311 0.4043 0.1162 0.4711 0.1751 0.1363 0.3821 0.1150 0.4844 0.1680 0.1433 0.3605 0.1142 0.4959 0.1614 0.1535 0.3389 0.1136 0.5058 0.1549 0.1714 0.3163 0.1134 0.5146 0.1476 0.2097 0.2887 0.1137 0.5207 0.1385 0.2807 0.2534 0.1156 0.5128 0.1281 0.3708 0.2155 0.1209 0.4613 0.1181
0.4391 0.1222 0.2106 0.3825 0.1268 0.5091 0.1160 0.2491 0.2894 0.1376 0.5209 0.1137 0.2887 0.2076 0.1482 0.5135 0.1134 0.3212 0.1657 0.1568 0.5027 0.1138 0.3470 0.1489 0.1640 0.4912 0.1145 0.3700 0.1399 0.1712 0.4785 0.1155 0.3925 0.1337 0.1786 0.4640 0.1168 0.4150 0.1290 0.1866 0.4474 0.1184 0.4376 0.1253 0.1954 0.4284 0.1204 0.4609 0.1208 0.2240 0.2081 0.2240 0.1208 0.4609 0.1204 0.4284 0.1954 0.1253 0.4376 0.1184 0.4474 0.1866 0.1290 0.4150 0.1168 0.4640 0.1786 0.1337 0.3925 0.1155 0.4785 0.1712 0.1399 0.3700 0.1145 0.4912 0.1640 0.1489 0.3470 0.1138 0.5027 0.1568 0.1657 0.3212 0.1134 0.5135 0.1482 0.2076 0.2887 0.1137 0.5209 0.1376 0.2894 0.2491 0.1160 0.5091 0.1268 0.3825 0.2106 0.1222 0.4391
0.1254 0.2058 0.3941 0.1254 0.5040 0.1165 0.2438 0.3009 0.1364 0.5210 0.1138 0.2866 0.2097 0.1482 0.5132 0.1134 0.3245 0.1621 0.1583 0.5001 0.1139 0.3544 0.1453 0.1666 0.4865 0.1149 0.3794 0.1370 0.1743 0.4722 0.1161 0.4028 0.1314 0.1823 0.4565 0.1175 0.4256 0.1272 0.1907 0.4388 0.1193 0.4481 0.1238 0.1998 0.4187 0.1215 0.4697 0.1208 0.2134 0.3500 0.1496 0.3500 0.2134 0.1208 0.4697 0.1215 0.4187 0.1998 0.1238 0.4481 0.1193 0.4388 0.1907 0.1272 0.4256 0.1175 0.4565 0.1823 0.1314 0.4028 0.1161 0.4722 0.1743 0.1370 0.3794 0.1149 0.4865 0.1666 0.1453 0.3544 0.1139 0.5001 0.1583 0.1621 0.3245 0.1134 0.5132 0.1482 0.2097 0.2866 0.1138 0.5210 0.1364 0.3009 0.2438 0.1165 0.5040 0.1254 0.3941 0.2058 0.1254
0.1961 0.4052 0.1241 0.4976 0.1172 0.2382 0.3142 0.1349 0.5209 0.1140 0.2826 0.2155 0.1476 0.5135 0.1134 0.3257 0.1603 0.1593 0.4980 0.1141 0.3604 0.1427 0.1690 0.4819 0.1153 0.3883 0.1346 0.1775 0.4658 0.1167 0.4129 0.1294 0.1860 0.4486 0.1183 0.4362 0.1255 0.1949 0.4297 0.1203 0.4584 0.1225 0.2044 0.4083 0.1226 0.4789 0.1200 0.2154 0.3758 0.1306 0.5104 0.1306 0.3758 0.2154 0.1200 0.4789 0.1226 0.4083 0.2044 0.1225 0.4584 0.1203 0.4297 0.1949 0.1255 0.4362 0.1183 0.4486 0.1860 0.1294 0.4129 0.1167 0.4658 0.1775 0.1346 0.3883 0.1153 0.4819 0.1690 0.1427 0.3604 0.1141 0.4980 0.1593 0.1603 0.3257 0.1134 0.5135 0.1476 0.2155 0.2826 0.1140 0.5209 0.1349 0.3142 0.2382 0.1172 0.4976 0.1241 0.4052 0.1961
0.3942 0.1231 0.4900 0.1179 0.2325 0.3280 0.1333 0.5204 0.1142 0.2774 0.2246 0.1464 0.5146 0.1134 0.3245 0.1603 0.1596 0.4969 0.1142 0.3647 0.1408 0.1709 0.4778 0.1157 0.3966 0.1325 0.1807 0.4593 0.1173 0.4228 0.1276 0.1898 0.4404 0.1192 0.4466 0.1240 0.1992 0.4199 0.1213 0.4683 0.1212 0.2092 0.3974 0.1238 0.4876 0.1190 0.2200 0.3706 0.1276 0.5181 0.1118 0.5181 0.1276 0.3706 0.2200 0.1190 0.4876 0.1238 0.3974 0.2092 0.1212 0.4683 0.1213 0.4199 0.1992 0.1240 0.4466 0.1192 0.4404 0.1898 0.1276 0.4228 0.1173 0.4593 0.1807 0.1325 0.3966 0.1157 0.4778 0.1709 0.1408 0.3647 0.1142 0.4969 0.1596 0.1603 0.3245 0.1134 0.5146 0.1464 0.2246 0.2774 0.1142 0.5204 0.1333 0.3280 0.2325 0.1179 0.4900 0.1231 0.3942
0.1201 0.4816 0.1188 0.2269 0.3419 0.1316 0.5192 0.1145 0.2712 0.2364 0.1448 0.5160 0.1134 0.3212 0.1621 0.1593 0.4969 0.1143 0.3670 0.1397 0.1723 0.4745 0.1160 0.4035 0.1309 0.1836 0.4530 0.1180 0.4322 0.1260 0.1937 0.4320 0.1201 0.4564 0.1227 0.2037 0.4098 0.1224 0.4778 0.1201 0.2141 0.3858 0.1250 0.4955 0.1181 0.2253 0.3590 0.1282 0.5119 0.1126 0.3444 0.1126 0.5119 0.1282 0.3590 0.2253 0.1181 0.4955 0.1250 0.3858 0.2141 0.1201 0.4778 0.1224 0.4098 0.2037 0.1227 0.4564 0.1201 0.4320 0.1937 0.1260 0.4322 0.1180 0.4530 0.1836 0.1309 0.4035 0.1160 0.4745 0.1723 0.1397 0.3670 0.1143 0.4969 0.1593 0.1621 0.3212 0.1134 0.5160 0.1448 0.2364 0.2712 0.1145 0.5192 0.1316 0.3419 0.2269 0.1188 0.4816 0.1201
0.4601 0.1198 0.2215 0.3554 0.1300 0.5172 0.1149 0.2648 0.2503 0.1430 0.5175 0.1134 0.3163 0.1657 0.1583 0.4980 0.1142 0.3670 0.1394 0.1731 0.4724 0.1163 0.4087 0.1297 0.1861 0.4471 0.1186 0.4407 0.1247 0.1974 0.4235 0.1210 0.4657 0.1215 0.2082 0.3993 0.1236 0.4865 0.1191 0.2193 0.3737 0.1264 0.5023 0.1174 0.2309 0.3458 0.1296 0.5136 0.1150 0.2681 0.1426 0.2681 0.1150 0.5136 0.1296 0.3458 0.2309 0.1174 0.5023 0.1264 0.3737 0.2193 0.1191 0.4865 0.1236 0.3993 0.2082 0.1215 0.4657 0.1210 0.4235 0.1974 0.1247 0.4407 0.1186 0.4471 0.1861 0.1297 0.4087 0.1163 0.4724 0.1731 0.1394 0.3670 0.1142 0.4980 0.1583 0.1657 0.3163 0.1134 0.5175 0.1430 0.2503 0.2648 0.1149 0.5172 0.1300 0.3554 0.2215 0.1198 0.4601
0.1227 0.2163 0.3684 0.1285 0.5142 0.1153 0.2582 0.2652 0.1411 0.5190 0.1134 0.3099 0.1714 0.1568 0.5001 0.1141 0.3647 0.1397 0.1731 0.4717 0.1164 0.4120 0.1289 0.1880 0.4423 0.1192 0.4480 0.1236 0.2010 0.4151 0.1219 0.4742 0.1205 0.2127 0.3887 0.1248 0.4942 0.1183 0.2245 0.3611 0.1278 0.5081 0.1167 0.2367 0.3319 0.1312 0.5165 0.1153 0.2545 0.2419 0.1698 0.2419 0.2545 0.1153 0.5165 0.1312 0.3319 0.2367 0.1167 0.5081 0.1278 0.3611 0.2245 0.1183 0.4942 0.1248 0.3887 0.2127 0.1205 0.4742 0.1219 0.4151 0.2010 0.1236 0.4480 0.1192 0.4423 0.1880 0.1289 0.4120 0.1164 0.4717 0.1731 0.1397 0.3647 0.1141 0.5001 0.1568 0.1714 0.3099 0.1134 0.5190 0.1411 0.2652 0.2582 0.1153 0.5142 0.1285 0.3684 0.2163 0.1227
0.2059 0.3808 0.1270 0.5101 0.1158 0.2517 0.2805 0.1392 0.5201 0.1135 0.3028 0.1795 0.1549 0.5027 0.1139 0.3604 0.1408 0.1723 0.4724 0.1164 0.4132 0.1285 0.1892 0.4389 0.1196 0.4537 0.1228 0.2041 0.4073 0.1228 0.4817 0.1196 0.2172 0.3780 0.1260 0.5007 0.1175 0.2298 0.3482 0.1293 0.5126 0.1160 0.2427 0.3174 0.1328 0.5187 0.1149 0.2572 0.2738 0.1444 0.4765 0.1444 0.2738 0.2572 0.1149 0.5187 0.1328 0.3174 0.2427 0.1160 0.5126 0.1293 0.3482 0.2298 0.1175 0.5007 0.1260 0.3780 0.2172 0.1196 0.4817 0.1228 0.4073 0.2041 0.1228 0.4537 0.1196 0.4389 0.1892 0.1285 0.4132 0.1164 0.4724 0.1723 0.1408 0.3604 0.1139 0.5027 0.1549 0.1795 0.3028 0.1135 0.5201 0.1392 0.2805 0.2517 0.1158 0.5101 0.1270 0.3808 0.2059
0.3698 0.1258 0.5049 0.1164 0.2453 0.2959 0.1372 0.5208 0.1136 0.2954 0.1900 0.1527 0.5058 0.1138 0.3544 0.1427 0.1709 0.4745 0.1163 0.4120 0.1285 0.1897 0.4371 0.1199 0.4576 0.1222 0.2067 0.4006 0.1236 0.4880 0.1189 0.2215 0.3673 0.1272 0.5061 0.1169 0.2351 0.3353 0.1308 0.5159 0.1155 0.2489 0.3025 0.1346 0.5202 0.1146 0.2632 0.2673 0.1401 0.5162 0.1155 0.5162 0.1401 0.2673 0.2632 0.1146 0.5202 0.1346 0.3025 0.2489 0.1155 0.5159 0.1308 0.3353 0.2351 0.1169 0.5061 0.1272 0.3673 0.2215 0.1189 0.4880 0.1236 0.4006 0.2067 0.1222 0.4576 0.1199 0.4371 0.1897 0.1285 0.4120 0.1163 0.4745 0.1709 0.1427 0.3544 0.1138 0.5058 0.1527 0.1900 0.2954 0.1136 0.5208 0.1372 0.2959 0.2453 0.1164 0.5049 0.1258 0.3698
0.1223 0.4985 0.1171 0.2392 0.3111 0.1354 0.5210 0.1138 0.2879 0.2023 0.1504 0.5089 0.1136 0.3470 0.1453 0.1690 0.4778 0.1160 0.4087 0.1289 0.1892 0.4371 0.1200 0.4596 0.1218 0.2085 0.3954 0.1243 0.4929 0.1183 0.2254 0.3573 0.1284 0.5104 0.1163 0.2404 0.3222 0.1324 0.5182 0.1151 0.2552 0.2875 0.1364 0.5209 0.1142 0.2701 0.2531 0.1409 0.5196 0.1119 0.4169 0.1119 0.5196 0.1409 0.2531 0.2701 0.1142 0.5209 0.1364 0.2875 0.2552 0.1151 0.5182 0.1324 0.3222 0.2404 0.1163 0.5104 0.1284 0.3573 0.2254 0.1183 0.4929 0.1243 0.3954 0.2085 0.1218 0.4596 0.1200 0.4371 0.1892 0.1289 0.4087 0.1160 0.4778 0.1690 0.1453 0.3470 0.1136 0.5089 0.1504 0.2023 0.2879 0.1138 0.5210 0.1354 0.3111 0.2392 0.1171 0.4985 0.1223
0.4787 0.1179 0.2333 0.3259 0.1336 0.5206 0.1141 0.2805 0.2161 0.1482 0.5118 0.1135 0.3389 0.1489 0.1666 0.4819 0.1157 0.4035 0.1297 0.1880 0.4389 0.1199 0.4596 0.1217 0.2094 0.3922 0.1248 0.4964 0.1178 0.2287 0.3485 0.1295 0.5135 0.1159 0.2455 0.3095 0.1339 0.5198 0.1147 0.2614 0.2727 0.1383 0.5210 0.1139 0.2773 0.2376 0.1428 0.5191 0.1129 0.3246 0.1231 0.3246 0.1129 0.5191 0.1428 0.2376 0.2773 0.1139 0.5210 0.1383 0.2727 0.2614 0.1147 0.5198 0.1339 0.3095 0.2455 0.1159 0.5135 0.1295 0.3485 0.2287 0.1178 0.4964 0.1248 0.3922 0.2094 0.1217 0.4596 0.1199 0.4389 0.1880 0.1297 0.4035 0.1157 0.4819 0.1666 0.1489 0.3389 0.1135 0.5118 0.1482 0.2161 0.2805 0.1141 0.5206 0.1336 0.3259 0.2333 0.1179 0.4787
0.1204 0.2276 0.3401 0.1319 0.5194 0.1144 0.2731 0.2311 0.1459 0.5145 0.1134 0.3305 0.1535 0.1640 0.4865 0.1153 0.3966 0.1309 0.1861 0.4423 0.1196 0.4576 0.1218 0.2094 0.3912 0.1250 0.4984 0.1176 0.2313 0.3412 0.1305 0.5157 0.1155 0.2503 0.2976 0.1354 0.5207 0.1144 0.2676 0.2583 0.1401 0.5205 0.1137 0.2845 0.2225 0.1449 0.5176 0.1133 0.3075 0.1554 0.1965 0.1554 0.3075 0.1133 0.5176 0.1449 0.2225 0.2845 0.1137 0.5205 0.1401 0.2583 0.2676 0.1144 0.5207 0.1354 0.2976 0.2503 0.1155 0.5157 0.1305 0.3412 0.2313 0.1176 0.4984 0.1250 0.3912 0.2094 0.1218 0.4576 0.1196 0.4423 0.1861 0.1309 0.3966 0.1153 0.4865 0.1640 0.1535 0.3305 0.1134 0.5145 0.1459 0.2311 0.2731 0.1144 0.5194 0.1319 0.3401 0.2276 0.1204
0.2165 0.3537 0.1302 0.5175 0.1148 0.2660 0.2468 0.1437 0.5168 0.1133 0.3220 0.1593 0.1614 0.4912 0.1149 0.3883 0.1325 0.1836 0.4471 0.1192 0.4537 0.1222 0.2085 0.3922 0.1250 0.4990 0.1174 0.2329 0.3362 0.1312 0.5172 0.1152 0.2545 0.2866 0.1368 0.5210 0.1141 0.2736 0.2445 0.1420 0.5197 0.1135 0.2917 0.2086 0.1471 0.5155 0.1133 0.3110 0.1726 0.1628 0.4181 0.1628 0.1726 0.3110 0.1133 0.5155 0.1471 0.2086 0.2917 0.1135 0.5197 0.1420 0.2445 0.2736 0.1141 0.5210 0.1368 0.2866 0.2545 0.1152 0.5172 0.1312 0.3362 0.2329 0.1174 0.4990 0.1250 0.3922 0.2085 0.1222 0.4537 0.1192 0.4471 0.1836 0.1325 0.3883 0.1149 0.4912 0.1614 0.1593 0.3220 0.1133 0.5168 0.1437 0.2468 0.2660 0.1148 0.5175 0.1302 0.3537 0.2165
0.3429 0.1288 0.5146 0.1152 0.2591 0.2626 0.1415 0.5186 0.1134 0.3135 0.1666 0.1587 0.4959 0.1145 0.3794 0.1346 0.1807 0.4530 0.1186 0.4480 0.1228 0.2067 0.3954 0.1248 0.4984 0.1174 0.2334 0.3336 0.1316 0.5180 0.1150 0.2579 0.2775 0.1380 0.5210 0.1139 0.2793 0.2319 0.1437 0.5184 0.1134 0.2988 0.1961 0.1493 0.5131 0.1133 0.3185 0.1691 0.1569 0.4893 0.1224 0.4893 0.1569 0.1691 0.3185 0.1133 0.5131 0.1493 0.1961 0.2988 0.1134 0.5184 0.1437 0.2319 0.2793 0.1139 0.5210 0.1380 0.2775 0.2579 0.1150 0.5180 0.1316 0.3336 0.2334 0.1174 0.4984 0.1248 0.3954 0.2067 0.1228 0.4480 0.1186 0.4530 0.1807 0.1346 0.3794 0.1145 0.4959 0.1587 0.1666 0.3135 0.1134 0.5186 0.1415 0.2626 0.2591 0.1152 0.5146 0.1288 0.3429
0.1250 0.5107 0.1157 0.2525 0.2784 0.1395 0.5199 0.1134 0.3051 0.1758 0.1561 0.5003 0.1142 0.3700 0.1370 0.1775 0.4593 0.1180 0.4407 0.1236 0.2041 0.4006 0.1243 0.4964 0.1176 0.2329 0.3336 0.1318 0.5184 0.1149 0.2603 0.2707 0.1390 0.5208 0.1138 0.2844 0.2208 0.1454 0.5169 0.1134 0.3058 0.1851 0.1515 0.5105 0.1134 0.3266 0.1621 0.1579 0.4991 0.1142 0.4879 0.1142 0.4991 0.1579 0.1621 0.3266 0.1134 0.5105 0.1515 0.1851 0.3058 0.1134 0.5169 0.1454 0.2208 0.2844 0.1138 0.5208 0.1390 0.2707 0.2603 0.1149 0.5184 0.1318 0.3336 0.2329 0.1176 0.4964 0.1243 0.4006 0.2041 0.1236 0.4407 0.1180 0.4593 0.1775 0.1370 0.3700 0.1142 0.5003 0.1561 0.1758 0.3051 0.1134 0.5199 0.1395 0.2784 0.2525 0.1157 0.5107 0.1250
0.4934 0.1164 0.2461 0.2940 0.1375 0.5208 0.1136 0.2970 0.1870 0.1535 0.5043 0.1139 0.3605 0.1399 0.1743 0.4658 0.1173 0.4322 0.1247 0.2010 0.4073 0.1236 0.4929 0.1178 0.2313 0.3362 0.1316 0.5184 0.1148 0.2615 0.2664 0.1397 0.5205 0.1137 0.2887 0.2116 0.1470 0.5153 0.1133 0.3125 0.1760 0.1536 0.5075 0.1135 0.3347 0.1561 0.1602 0.4973 0.1139 0.3934 0.1144 0.3934 0.1139 0.4973 0.1602 0.1561 0.3347 0.1135 0.5075 0.1536 0.1760 0.3125 0.1133 0.5153 0.1470 0.2116 0.2887 0.1137 0.5205 0.1397 0.2664 0.2615 0.1148 0.5184 0.1316 0.3362 0.2313 0.1178 0.4929 0.1236 0.4073 0.2010 0.1247 0.4322 0.1173 0.4658 0.1743 0.1399 0.3605 0.1139 0.5043 0.1535 0.1870 0.2970 0.1136 0.5208 0.1375 0.2940 0.2461 0.1164 0.4934
0.1185 0.2400 0.3092 0.1356 0.5210 0.1138 0.2891 0.1999 0.1509 0.5080 0.1136 0.3510 0.1433 0.1712 0.4722 0.1167 0.4228 0.1260 0.1974 0.4151 0.1228 0.4880 0.1183 0.2287 0.3412 0.1312 0.5180 0.1149 0.2615 0.2649 0.1401 0.5202 0.1136 0.2920 0.2045 0.1483 0.5138 0.1134 0.3187 0.1688 0.1557 0.5045 0.1137 0.3427 0.1512 0.1627 0.4934 0.1143 0.3727 0.1290 0.2313 0.1290 0.3727 0.1143 0.4934 0.1627 0.1512 0.3427 0.1137 0.5045 0.1557 0.1688 0.3187 0.1134 0.5138 0.1483 0.2045 0.2920 0.1136 0.5202 0.1401 0.2649 0.2615 0.1149 0.5180 0.1312 0.3412 0.2287 0.1183 0.4880 0.1228 0.4151 0.1974 0.1260 0.4228 0.1167 0.4722 0.1712 0.1433 0.3510 0.1136 0.5080 0.1509 0.1999 0.2891 0.1138 0.5210 0.1356 0.3092 0.2400 0.1185
0.2281 0.3240 0.1338 0.5207 0.1141 0.2814 0.2141 0.1485 0.5113 0.1135 0.3415 0.1473 0.1680 0.4785 0.1161 0.4129 0.1276 0.1937 0.4235 0.1219 0.4817 0.1189 0.2254 0.3485 0.1305 0.5172 0.1150 0.2603 0.2664 0.1401 0.5202 0.1136 0.2942 0.1998 0.1493 0.5124 0.1134 0.3242 0.1632 0.1576 0.5015 0.1138 0.3504 0.1472 0.1653 0.4890 0.1147 0.3761 0.1356 0.1868 0.3322 0.1868 0.1356 0.3761 0.1147 0.4890 0.1653 0.1472 0.3504 0.1138 0.5015 0.1576 0.1632 0.3242 0.1134 0.5124 0.1493 0.1998 0.2942 0.1136 0.5202 0.1401 0.2664 0.2603 0.1150 0.5172 0.1305 0.3485 0.2254 0.1189 0.4817 0.1219 0.4235 0.1937 0.1276 0.4129 0.1161 0.4785 0.1680 0.1473 0.3415 0.1135 0.5113 0.1485 0.2141 0.2814 0.1141 0.5207 0.1338 0.3240 0.2281
0.3135 0.1322 0.5196 0.1144 0.2740 0.2291 0.1462 0.5141 0.1134 0.3323 0.1522 0.1649 0.4844 0.1155 0.4028 0.1294 0.1898 0.4320 0.1210 0.4742 0.1196 0.2215 0.3573 0.1295 0.5157 0.1152 0.2579 0.2707 0.1397 0.5202 0.1136 0.2949 0.1973 0.1500 0.5114 0.1134 0.3285 0.1592 0.1593 0.4986 0.1140 0.3575 0.1440 0.1677 0.4844 0.1151 0.3840 0.1353 0.1786 0.4400 0.1327 0.4400 0.1786 0.1353 0.3840 0.1151 0.4844 0.1677 0.1440 0.3575 0.1140 0.4986 0.1593 0.1592 0.3285 0.1134 0.5114 0.1500 0.1973 0.2949 0.1136 0.5202 0.1397 0.2707 0.2579 0.1152 0.5157 0.1295 0.3573 0.2215 0.1196 0.4742 0.1210 0.4320 0.1898 0.1294 0.4028 0.1155 0.4844 0.1649 0.1522 0.3323 0.1134 0.5141 0.1462 0.2291 0.2740 0.1144 0.5196 0.1322 0.3135
0.1280 0.5178 0.1147 0.2669 0.2447 0.1439 0.5165 0.1133 0.3233 0.1581 0.1620 0.4899 0.1150 0.3925 0.1314 0.1860 0.4404 0.1201 0.4657 0.1205 0.2172 0.3673 0.1284 0.5135 0.1155 0.2545 0.2775 0.1390 0.5205 0.1136 0.2942 0.1973 0.1502 0.5109 0.1134 0.3315 0.1566 0.1606 0.4961 0.1142 0.3639 0.1414 0.1701 0.4798 0.1155 0.3923 0.1335 0.1796 0.4572 0.1198 0.5201 0.1198 0.4572 0.1796 0.1335 0.3923 0.1155 0.4798 0.1701 0.1414 0.3639 0.1142 0.4961 0.1606 0.1566 0.3315 0.1134 0.5109 0.1502 0.1973 0.2942 0.1136 0.5205 0.1390 0.2775 0.2545 0.1155 0.5135 0.1284 0.3673 0.2172 0.1205 0.4657 0.1201 0.4404 0.1861 0.1314 0.3925 0.1150 0.4899 0.1620 0.1581 0.3233 0.1133 0.5165 0.1439 0.2447 0.2669 0.1147 0.5178 0.1280
0.5029 0.1153 0.2600 0.2606 0.1418 0.5184 0.1134 0.3146 0.1654 0.1591 0.4950 0.1146 0.3821 0.1337 0.1823 0.4486 0.1192 0.4564 0.1215 0.2127 0.3780 0.1272 0.5104 0.1159 0.2503 0.2866 0.1380 0.5208 0.1137 0.2920 0.1998 0.1500 0.5109 0.1134 0.3330 0.1551 0.1615 0.4941 0.1144 0.3692 0.1395 0.1722 0.4755 0.1159 0.4002 0.1317 0.1822 0.4552 0.1180 0.4658 0.1112 0.4659 0.1180 0.4552 0.1822 0.1317 0.4002 0.1159 0.4755 0.1722 0.1395 0.3692 0.1144 0.4941 0.1615 0.1551 0.3330 0.1134 0.5109 0.1500 0.1998 0.2920 0.1137 0.5208 0.1380 0.2866 0.2503 0.1159 0.5104 0.1272 0.3779 0.2127 0.1215 0.4565 0.1192 0.4486 0.1823 0.1337 0.3821 0.1146 0.4950 0.1591 0.1654 0.3146 0.1134 0.5184 0.1418 0.2606 0.2600 0.1153 0.5029
0.1170 0.2534 0.2764 0.1397 0.5198 0.1134 0.3062 0.1745 0.1564 0.4996 0.1142 0.3719 0.1363 0.1786 0.4565 0.1183 0.4466 0.1227 0.2082 0.3887 0.1260 0.5061 0.1163 0.2455 0.2976 0.1368 0.5210 0.1138 0.2887 0.2045 0.1493 0.5114 0.1134 0.3330 0.1545 0.1620 0.4929 0.1145 0.3732 0.1380 0.1740 0.4716 0.1162 0.4074 0.1302 0.1850 0.4497 0.1184 0.4439 0.1182 0.2756 0.1182 0.4440 0.1184 0.4497 0.1850 0.1302 0.4074 0.1162 0.4716 0.1740 0.1380 0.3732 0.1145 0.4929 0.1620 0.1545 0.3330 0.1134 0.5114 0.1493 0.2045 0.2887 0.1138 0.5210 0.1368 0.2976 0.2455 0.1163 0.5061 0.1260 0.3885 0.2083 0.1227 0.4467 0.1183 0.4565 0.1786 0.1363 0.3719 0.1142 0.4996 0.1564 0.1745 0.3062 0.1134 0.5198 0.1397 0.2764 0.2534 0.1170
0.2405 0.2920 0.1377 0.5207 0.1136 0.2980 0.1855 0.1538 0.5038 0.1139 0.3620 0.1393 0.1751 0.4640 0.1175 0.4362 0.1240 0.2037 0.3993 0.1248 0.5007 0.1169 0.2404 0.3095 0.1354 0.5210 0.1139 0.2844 0.2116 0.1483 0.5124 0.1134 0.3315 0.1551 0.1620 0.4924 0.1146 0.3758 0.1371 0.1753 0.4685 0.1166 0.4137 0.1289 0.1877 0.4439 0.1189 0.4460 0.1225 0.2174 0.2263 0.2175 0.1224 0.4461 0.1189 0.4439 0.1877 0.1289 0.4137 0.1166 0.4685 0.1753 0.1371 0.3758 0.1146 0.4924 0.1620 0.1551 0.3315 0.1134 0.5124 0.1483 0.2115 0.2844 0.1139 0.5210 0.1354 0.3095 0.2405 0.1169 0.5008 0.1248 0.3991 0.2038 0.1240 0.4364 0.1175 0.4640 0.1751 0.1393 0.3621 0.1139 0.5038 0.1538 0.1854 0.2981 0.1136 0.5207 0.1378 0.2918 0.2406
0.2821 0.1360 0.5210 0.1138 0.2900 0.1982 0.1513 0.5076 0.1137 0.3522 0.1427 0.1717 0.4711 0.1168 0.4256 0.1255 0.1992 0.4098 0.1236 0.4942 0.1175 0.2351 0.3222 0.1339 0.5207 0.1141 0.2793 0.2208 0.1470 0.5138 0.1134 0.3285 0.1566 0.1615 0.4929 0.1146 0.3767 0.1366 0.1762 0.4663 0.1168 0.4185 0.1279 0.1900 0.4384 0.1195 0.4524 0.1228 0.2062 0.3678 0.1465 0.3673 0.2065 0.1227 0.4528 0.1196 0.4381 0.1902 0.1278 0.4188 0.1169 0.4661 0.1763 0.1365 0.3769 0.1146 0.4927 0.1616 0.1564 0.3287 0.1134 0.5137 0.1471 0.2203 0.2795 0.1141 0.5207 0.1339 0.3216 0.2354 0.1175 0.4945 0.1236 0.4093 0.1995 0.1254 0.4261 0.1168 0.4707 0.1718 0.1425 0.3527 0.1137 0.5074 0.1514 0.1975 0.2904 0.1137 0.5210 0.1361 0.2813
0.1313 0.5208 0.1140 0.2824 0.2122 0.1488 0.5109 0.1135 0.3427 0.1468 0.1684 0.4776 0.1162 0.4150 0.1272 0.1949 0.4199 0.1224 0.4865 0.1183 0.2298 0.3353 0.1324 0.5198 0.1144 0.2736 0.2319 0.1454 0.5153 0.1134 0.3242 0.1592 0.1606 0.4941 0.1145 0.3758 0.1366 0.1765 0.4650 0.1170 0.4219 0.1272 0.1919 0.4336 0.1201 0.4586 0.1222 0.2067 0.3949 0.1284 0.5141 0.1288 0.3910 0.2083 0.1215 0.4614 0.1203 0.4313 0.1930 0.1265 0.4243 0.1171 0.4635 0.1773 0.1358 0.3778 0.1145 0.4932 0.1612 0.1578 0.3258 0.1132 0.5149 0.1459 0.2288 0.2751 0.1141 0.5200 0.1327 0.3322 0.2310 0.1179 0.4881 0.1226 0.4178 0.1958 0.1266 0.4172 0.1162 0.4762 0.1691 0.1457 0.3447 0.1134 0.5103 0.1493 0.2091 0.2840 0.1138 0.5209 0.1317
0.5076 0.1144 0.2749 0.2272 0.1465 0.5138 0.1134 0.3334 0.1515 0.1653 0.4836 0.1156 0.4043 0.1290 0.1907 0.4297 0.1213 0.4778 0.1191 0.2245 0.3482 0.1308 0.5182 0.1147 0.2676 0.2445 0.1437 0.5169 0.1133 0.3187 0.1632 0.1593 0.4961 0.1144 0.3732 0.1371 0.1762 0.4650 0.1171 0.4236 0.1268 0.1932 0.4301 0.1205 0.4638 0.1215 0.2092 0.3940 0.1251 0.5145 0.1111 0.5187 0.1279 0.3719 0.2182 0.1184 0.4789 0.1221 0.4156 0.1997 0.1234 0.4380 0.1178 0.4554 0.1809 0.1327 0.3857 0.1144 0.4902 0.1628 0.1545 0.3289 0.1127 0.5143 0.1464 0.2266 0.2758 0.1134 0.5201 0.1327 0.3326 0.2309 0.1172 0.4877 0.1225 0.4186 0.1957 0.1260 0.4164 0.1159 0.4767 0.1690 0.1453 0.3440 0.1129 0.5105 0.1493 0.2095 0.2839 0.1132 0.5085
0.1157 0.2678 0.2427 0.1442 0.5162 0.1133 0.3245 0.1573 0.1623 0.4892 0.1151 0.3938 0.1311 0.1866 0.4388 0.1203 0.4683 0.1201 0.2193 0.3611 0.1293 0.5159 0.1151 0.2614 0.2583 0.1420 0.5184 0.1134 0.3125 0.1688 0.1576 0.4986 0.1142 0.3692 0.1380 0.1753 0.4663 0.1170 0.4236 0.1266 0.1939 0.4280 0.1209 0.4674 0.1210 0.2116 0.3888 0.1251 0.5029 0.1116 0.3765 0.1106 0.5198 0.1387 0.2804 0.2549 0.1124 0.5157 0.1299 0.3500 0.2264 0.1155 0.4868 0.1227 0.4129 0.1998 0.1221 0.4306 0.1168 0.4651 0.1758 0.1361 0.3646 0.1128 0.5021 0.1555 0.1774 0.3029 0.1114 0.5202 0.1392 0.2807 0.2517 0.1131 0.5101 0.1269 0.3810 0.2117 0.1190 0.4523 0.1184 0.4524 0.1812 0.1321 0.3774 0.1133 0.4971 0.1585 0.1665 0.3122 0.1115
0.2540 0.2585 0.1421 0.5182 0.1133 0.3157 0.1644 0.1595 0.4944 0.1146 0.3834 0.1334 0.1828 0.4474 0.1193 0.4584 0.1212 0.2141 0.3737 0.1278 0.5126 0.1155 0.2552 0.2727 0.1401 0.5197 0.1134 0.3058 0.1760 0.1557 0.5015 0.1140 0.3639 0.1395 0.1740 0.4685 0.1168 0.4219 0.1268 0.1939 0.4272 0.1210 0.4695 0.1207 0.2134 0.3839 0.1257 0.5017 0.1147 0.2895 0.1155 0.5098 0.1212 0.4483 0.1818 0.1309 0.3836 0.1137 0.4916 0.1624 0.1543 0.3268 0.1114 0.5148 0.1463 0.2266 0.2758 0.1113 0.5202 0.1330 0.3295 0.2326 0.1144 0.4902 0.1228 0.4148 0.1980 0.1226 0.4210 0.1158 0.4739 0.1712 0.1410 0.3485 0.1119 0.5090 0.1507 0.2019 0.2871 0.1110 0.5211 0.1352 0.3127 0.2388 0.1136 0.4977 0.1240 0.4043 0.2025 0.1210 0.4221
0.2498 0.1401 0.5196 0.1134 0.3072 0.1733 0.1567 0.4991 0.1143 0.3732 0.1360 0.1791 0.4555 0.1184 0.4481 0.1225 0.2092 0.3858 0.1264 0.5081 0.1160 0.2489 0.2875 0.1383 0.5205 0.1135 0.2988 0.1851 0.1536 0.5045 0.1138 0.3575 0.1414 0.1722 0.4716 0.1166 0.4185 0.1272 0.1932 0.4280 0.1210 0.4702 0.1205 0.2145 0.3804 0.1261 0.5032 0.1164 0.2500 0.1544 0.2894 0.1311 0.4444 0.1682 0.1511 0.3322 0.1125 0.5134 0.1473 0.2203 0.2790 0.1129 0.5206 0.1337 0.3239 0.2347 0.1160 0.4932 0.1233 0.4109 0.1991 0.1239 0.4249 0.1163 0.4714 0.1719 0.1413 0.3520 0.1127 0.5077 0.1514 0.1975 0.2901 0.1124 0.5211 0.1359 0.3072 0.2410 0.1152 0.5002 0.1245 0.4010 0.2032 0.1225 0.4341 0.1170 0.4654 0.1748 0.1381 0.3610 0.1126
0.1350 0.5206 0.1135 0.2990 0.1840 0.1541 0.5033 0.1139 0.3632 0.1389 0.1755 0.4631 0.1176 0.4376 0.1238 0.2044 0.3974 0.1250 0.5023 0.1167 0.2427 0.3025 0.1364 0.5210 0.1137 0.2917 0.1961 0.1515 0.5075 0.1137 0.3504 0.1440 0.1701 0.4755 0.1162 0.4137 0.1279 0.1919 0.4301 0.1209 0.4695 0.1205 0.2148 0.3786 0.1264 0.5048 0.1168 0.2391 0.2966 0.1477 0.4860 0.1596 0.1956 0.1471 0.3276 0.1131 0.5151 0.1456 0.2317 0.2735 0.1141 0.5197 0.1323 0.3356 0.2297 0.1179 0.4863 0.1224 0.4199 0.1950 0.1267 0.4151 0.1160 0.4774 0.1686 0.1463 0.3430 0.1132 0.5108 0.1489 0.2116 0.2827 0.1136 0.5208 0.1341 0.3217 0.2351 0.1172 0.4933 0.1234 0.4114 0.1986 0.1253 0.4238 0.1165 0.4722 0.1712 0.1430 0.3507 0.1135 0.4935
0.5085 0.1139 0.2910 0.1965 0.1516 0.5071 0.1137 0.3534 0.1423 0.1721 0.4702 0.1169 0.4270 0.1253 0.1998 0.4083 0.1238 0.4955 0.1174 0.2367 0.3174 0.1346 0.5209 0.1139 0.2845 0.2086 0.1493 0.5105 0.1135 0.3427 0.1472 0.1677 0.4798 0.1159 0.4074 0.1289 0.1900 0.4336 0.1205 0.4674 0.1207 0.2145 0.3786 0.1265 0.5056 0.1167 0.2390 0.3177 0.1355 0.5191 0.1144 0.2799 0.1291 0.3374 0.1132 0.5139 0.1467 0.2237 0.2774 0.1141 0.5204 0.1333 0.3270 0.2332 0.1177 0.4915 0.1232 0.4134 0.1978 0.1260 0.4220 0.1166 0.4733 0.1706 0.1439 0.3490 0.1136 0.5088 0.1504 0.2027 0.2875 0.1138 0.5210 0.1352 0.3123 0.2388 0.1170 0.4979 0.1242 0.4047 0.2014 0.1247 0.4306 0.1171 0.4678 0.1732 0.1410 0.3567 0.1137 0.5059 0.1488
0.1147 0.2834 0.2104 0.1491 0.5105 0.1135 0.3439 0.1462 0.1688 0.4768 0.1162 0.4163 0.1269 0.1954 0.4187 0.1226 0.4876 0.1181 0.2309 0.3319 0.1328 0.5202 0.1142 0.2773 0.2225 0.1471 0.5131 0.1134 0.3347 0.1512 0.1653 0.4844 0.1155 0.4002 0.1302 0.1877 0.4384 0.1201 0.4638 0.1210 0.2134 0.3804 0.1264 0.5056 0.1167 0.2397 0.3182 0.1338 0.5209 0.1121 0.3437 0.1177 0.3548 0.1131 0.5121 0.1482 0.2134 0.2828 0.1140 0.5209 0.1347 0.3150 0.2381 0.1171 0.4981 0.1243 0.4037 0.2019 0.1246 0.4320 0.1172 0.4669 0.1737 0.1406 0.3580 0.1138 0.5054 0.1528 0.1904 0.2948 0.1136 0.5209 0.1370 0.2982 0.2444 0.1165 0.5040 0.1254 0.3943 0.2057 0.1234 0.4404 0.1178 0.4611 0.1764 0.1381 0.3659 0.1140 0.5022 0.1549 0.1705
0.2686 0.2252 0.1468 0.5134 0.1134 0.3346 0.1508 0.1657 0.4829 0.1157 0.4057 0.1288 0.1912 0.4284 0.1215 0.4789 0.1190 0.2253 0.3458 0.1312 0.5187 0.1146 0.2701 0.2376 0.1449 0.5155 0.1133 0.3266 0.1561 0.1627 0.4890 0.1151 0.3923 0.1317 0.1850 0.4439 0.1195 0.4586 0.1215 0.2116 0.3839 0.1261 0.5048 0.1167 0.2397 0.3176 0.1337 0.5204 0.1125 0.3240 0.1141 0.3795 0.1131 0.5099 0.1498 0.2040 0.2882 0.1138 0.5210 0.1362 0.3026 0.2432 0.1166 0.5038 0.1255 0.3933 0.2063 0.1232 0.4423 0.1180 0.4597 0.1771 0.1375 0.3677 0.1141 0.5015 0.1553 0.1789 0.3027 0.1135 0.5202 0.1389 0.2829 0.2506 0.1159 0.5093 0.1268 0.3828 0.2104 0.1221 0.4508 0.1187 0.4535 0.1800 0.1353 0.3758 0.1143 0.4979 0.1574 0.1708 0.3010
0.2182 0.1447 0.5159 0.1133 0.3257 0.1564 0.1628 0.4885 0.1151 0.3953 0.1307 0.1872 0.4375 0.1204 0.4697 0.1200 0.2200 0.3590 0.1296 0.5165 0.1149 0.2632 0.2531 0.1428 0.5176 0.1133 0.3185 0.1621 0.1602 0.4934 0.1147 0.3840 0.1335 0.1822 0.4497 0.1189 0.4524 0.1222 0.2092 0.3888 0.1257 0.5031 0.1168 0.2389 0.3184 0.1337 0.5202 0.1134 0.2998 0.1195 0.4228 0.1140 0.5055 0.1515 0.1958 0.2931 0.1136 0.5208 0.1376 0.2907 0.2483 0.1160 0.5085 0.1267 0.3829 0.2107 0.1220 0.4522 0.1188 0.4520 0.1807 0.1348 0.3778 0.1144 0.4970 0.1580 0.1690 0.3111 0.1134 0.5190 0.1409 0.2672 0.2572 0.1154 0.5136 0.1282 0.3705 0.2154 0.1209 0.4609 0.1196 0.4453 0.1837 0.1328 0.3861 0.1147 0.4931 0.1602 0.1625 0.3179 0.1135
0.1394 0.5177 0.1132 0.3179 0.1624 0.1602 0.4932 0.1147 0.3860 0.1327 0.1837 0.4454 0.1195 0.4609 0.1208 0.2154 0.3706 0.1282 0.5136 0.1153 0.2572 0.2673 0.1409 0.5191 0.1133 0.3110 0.1691 0.1579 0.4973 0.1143 0.3761 0.1353 0.1796 0.4552 0.1184 0.4460 0.1228 0.2067 0.3941 0.1251 0.5010 0.1169 0.2378 0.3201 0.1336 0.5202 0.1140 0.2797 0.1467 0.2796 0.1218 0.4850 0.1554 0.1872 0.2976 0.1135 0.5204 0.1389 0.2796 0.2531 0.1156 0.5122 0.1279 0.3723 0.2151 0.1209 0.4616 0.1197 0.4440 0.1844 0.1323 0.3881 0.1148 0.4921 0.1608 0.1610 0.3197 0.1133 0.5173 0.1430 0.2513 0.2640 0.1149 0.5168 0.1298 0.3576 0.2206 0.1199 0.4708 0.1205 0.4365 0.1876 0.1305 0.3965 0.1152 0.4879 0.1631 0.1557 0.3267 0.1135 0.5020
0.5051 0.1130 0.3145 0.1652 0.1591 0.4952 0.1142 0.3817 0.1332 0.1822 0.4489 0.1190 0.4567 0.1208 0.2134 0.3758 0.1276 0.5119 0.1150 0.2545 0.2738 0.1401 0.5196 0.1129 0.3075 0.1726 0.1569 0.4991 0.1139 0.3727 0.1356 0.1786 0.4572 0.1180 0.4439 0.1225 0.2062 0.3950 0.1251 0.5013 0.1163 0.2389 0.3165 0.1341 0.5206 0.1136 0.2752 0.2187 0.1573 0.4443 0.3281 0.1749 0.1682 0.3027 0.1134 0.5199 0.1402 0.2694 0.2576 0.1153 0.5150 0.1291 0.3618 0.2195 0.1200 0.4703 0.1206 0.4358 0.1881 0.1302 0.3984 0.1153 0.4868 0.1637 0.1545 0.3285 0.1134 0.5152 0.1452 0.2356 0.2710 0.1145 0.5190 0.1314 0.3441 0.2260 0.1189 0.4801 0.1216 0.4272 0.1917 0.1285 0.4070 0.1157 0.4822 0.1661 0.1502 0.3358 0.1134 0.5131 0.1436
0.1119 0.3330 0.1501 0.1653 0.4847 0.1147 0.4024 0.1271 0.1904 0.4314 0.1209 0.4761 0.1170 0.2240 0.3500 0.1306 0.5181 0.1126 0.2681 0.2419 0.1444 0.5162 0.1119 0.3246 0.1554 0.1628 0.4893 0.1142 0.3934 0.1290 0.1868 0.4400 0.1198 0.4658 0.1182 0.2174 0.3679 0.1283 0.5133 0.1134 0.2543 0.2778 0.1391 0.5205 0.1119 0.2953 0.1921 0.1530 0.4979 0.1163 0.3104 0.1293 0.3168 0.1132 0.5193 0.1412 0.2607 0.2617 0.1150 0.5170 0.1302 0.3517 0.2237 0.1192 0.4783 0.1215 0.4275 0.1919 0.1284 0.4084 0.1158 0.4811 0.1667 0.1492 0.3376 0.1134 0.5125 0.1475 0.2203 0.2783 0.1142 0.5203 0.1331 0.3301 0.2316 0.1180 0.4887 0.1227 0.4174 0.1960 0.1267 0.4177 0.1163 0.4760 0.1692 0.1457 0.3451 0.1135 0.5101 0.1495 0.1911
0.4175 0.1215 0.2005 0.4092 0.1234 0.4945 0.1138 0.2363 0.3192 0.1344 0.5209 0.1110 0.2838 0.2081 0.1496 0.5104 0.1118 0.3444 0.1426 0.1698 0.4765 0.1155 0.4169 0.1231 0.1965 0.4181 0.1224 0.4879 0.1144 0.2313 0.3322 0.1327 0.5201 0.1112 0.2755 0.2264 0.1465 0.5145 0.1113 0.3283 0.1528 0.1631 0.4904 0.1138 0.3856 0.1302 0.1820 0.4521 0.1190 0.4779 0.1119 0.3565 0.1125 0.5187 0.1419 0.2541 0.2650 0.1147 0.5184 0.1313 0.3423 0.2277 0.1185 0.4854 0.1224 0.4192 0.1956 0.1268 0.4180 0.1164 0.4752 0.1697 0.1449 0.3469 0.1136 0.5095 0.1499 0.2057 0.2858 0.1139 0.5210 0.1348 0.3155 0.2375 0.1173 0.4964 0.1239 0.4069 0.2004 0.1251 0.4283 0.1170 0.4693 0.1725 0.1418 0.3547 0.1137 0.5067 0.1519 0.1948 0.2842
0.1119 0.3330 0.1501 0.1653 0.4847 0.1147 0.4024 0.1271 0.1904 0.4314 0.1209 0.4761 0.1170 0.2240 0.3500 0.1306 0.5181 0.1126 0.2681 0.2419 0.1444 0.5162 0.1119 0.3246 0.1554 0.1628 0.4893 0.1142 0.3934 0.1290 0.1868 0.4400 0.1198 0.4658 0.1182 0.2174 0.3679 0.1283 0.5133 0.1134 0.2543 0.2778 0.1391 0.5205 0.1119 0.2952 0.1934 0.1515 0.5070 0.1125 0.4575 0.1121 0.5173 0.1426 0.2495 0.2675 0.1146 0.5193 0.1322 0.3338 0.2314 0.1179 0.4915 0.1233 0.4108 0.1992 0.1254 0.4274 0.1170 0.4690 0.1728 0.1414 0.3562 0.1138 0.5060 0.1524 0.1922 0.2936 0.1137 0.5210 0.1367 0.3004 0.2435 0.1166 0.5031 0.1252 0.3959 0.2050 0.1236 0.4389 0.1177 0.4622 0.1759 0.1385 0.3645 0.1140 0.5028 0.1544 0.1825 0.3001 0.1140
0.5051 0.1130 0.3145 0.1652 0.1591 0.4952 0.1142 0.3817 0.1332 0.1822 0.4489 0.1190 0.4567 0.1208 0.2134 0.3758 0.1276 0.5119 0.1150 0.2545 0.2738 0.1401 0.5196 0.1129 0.3075 0.1726 0.1569 0.4991 0.1139 0.3727 0.1356 0.1786 0.4572 0.1180 0.4439 0.1225 0.2062 0.3950 0.1251 0.5013 0.1163 0.2389 0.3165 0.1341 0.5206 0.1137 0.2741 0.2345 0.1457 0.5078 0.1179 0.5095 0.1441 0.2457 0.2690 0.1145 0.5198 0.1329 0.3268 0.2346 0.1174 0.4964 0.1242 0.4029 0.2028 0.1241 0.4364 0.1176 0.4627 0.1759 0.1383 0.3655 0.1140 0.5021 0.1549 0.1803 0.3017 0.1135 0.5204 0.1386 0.2849 0.2498 0.1160 0.5087 0.1266 0.3843 0.2098 0.1223 0.4494 0.1186 0.4545 0.1795 0.1356 0.3745 0.1143 0.4985 0.1571 0.1720 0.3083 0.1135 0.5064
0.1394 0.5177 0.1132 0.3179 0.1624 0.1602 0.4932 0.1147 0.3860 0.1327 0.1837 0.4454 0.1195 0.4609 0.1208 0.2154 0.3706 0.1282 0.5136 0.1153 0.2572 0.2673 0.1409 0.5191 0.1133 0.3110 0.1691 0.1579 0.4973 0.1143 0.3761 0.1353 0.1796 0.4552 0.1184 0.4460 0.1228 0.2067 0.3941 0.1251 0.5010 0.1169 0.2378 0.3201 0.1336 0.5202 0.1143 0.2710 0.2346 0.1513 0.4546 0.1511 0.2363 0.2702 0.1144 0.5201 0.1334 0.3217 0.2371 0.1171 0.5003 0.1250 0.3955 0.2061 0.1231 0.4446 0.1183 0.4563 0.1790 0.1358 0.3747 0.1143 0.4980 0.1575 0.1704 0.3099 0.1134 0.5192 0.1407 0.2692 0.2563 0.1154 0.5131 0.1280 0.3721 0.2148 0.1211 0.4597 0.1194 0.4464 0.1833 0.1331 0.3847 0.1147 0.4938 0.1598 0.1634 0.3168 0.1133 0.5179 0.1391
0.2182 0.1447 0.5159 0.1133 0.3257 0.1564 0.1628 0.4885 0.1151 0.3953 0.1307 0.1872 0.4375 0.1204 0.4697 0.1200 0.2200 0.3590 0.1296 0.5165 0.1149 0.2632 0.2531 0.1428 0.5176 0.1133 0.3185 0.1621 0.1602 0.4934 0.1147 0.3840 0.1335 0.1822 0.4497 0.1189 0.4524 0.1222 0.2092 0.3888 0.1257 0.5031 0.1168 0.2389 0.3184 0.1336 0.5202 0.1143 0.2741 0.1936 0.1818 0.1937 0.2740 0.1143 0.5201 0.1336 0.3187 0.2388 0.1168 0.5030 0.1256 0.3890 0.2091 0.1222 0.4520 0.1189 0.4500 0.1821 0.1336 0.3836 0.1147 0.4936 0.1601 0.1625 0.3182 0.1133 0.5176 0.1428 0.2534 0.2631 0.1150 0.5164 0.1296 0.3593 0.2199 0.1200 0.4695 0.1204 0.4377 0.1871 0.1308 0.3951 0.1151 0.4886 0.1627 0.1565 0.3256 0.1133 0.5159 0.1446 0.2185
0.2686 0.2252 0.1468 0.5134 0.1134 0.3346 0.1508 0.1657 0.4829 0.1157 0.4057 0.1288 0.1912 0.4284 0.1215 0.4789 0.1190 0.2253 0.3458 0.1312 0.5187 0.1146 0.2701 0.2376 0.1449 0.5155 0.1133 0.3266 0.1561 0.1627 0.4890 0.1151 0.3923 0.1317 0.1850 0.4439 0.1195 0.4586 0.1215 0.2116 0.3839 0.1261 0.5048 0.1167 0.2397 0.3176 0.1336 0.5202 0.1137 0.2952 0.1302 0.2952 0.1137 0.5202 0.1336 0.3176 0.2396 0.1167 0.5048 0.1261 0.3839 0.2116 0.1215 0.4585 0.1195 0.4440 0.1849 0.1317 0.3922 0.1151 0.4890 0.1626 0.1562 0.3264 0.1133 0.5156 0.1449 0.2376 0.2701 0.1146 0.5187 0.1312 0.3459 0.2253 0.1190 0.4789 0.1215 0.4285 0.1912 0.1288 0.4057 0.1157 0.4829 0.1657 0.1509 0.3346 0.1134 0.5135 0.1468 0.2252 0.2686
