0.1133 0.3662 0.1391 0.1686 0.4579 0.1149 0.3865 0.1341 0.1759 0.4420 0.1160 0.4086 0.1300 0.1839 0.4237 0.1175 0.4307 0.1266 0.1926 0.4029 0.1193 0.4522 0.1237 0.2020 0.3795 0.1214 0.4719 0.1213 0.2123 0.3536 0.1239 0.4883 0.1192 0.2235 0.3250 0.1268 0.4999 0.1175 0.2356 0.2943 0.1300 0.5063 0.1161 0.2487 0.2622 0.1336 0.5085 0.1149 0.2683 0.1792 0.1769 0.1792 0.2683 0.1149 0.5085 0.1336 0.2622 0.2487 0.1161 0.5063 0.1300 0.2943 0.2356 0.1175 0.4999 0.1268 0.3250 0.2235 0.1192 0.4883 0.1239 0.3536 0.2123 0.1213 0.4719 0.1214 0.3795 0.2020 0.1237 0.4522 0.1193 0.4029 0.1926 0.1266 0.4307 0.1175 0.4237 0.1839 0.1300 0.4086 0.1160 0.4420 0.1759 0.1341 0.3865 0.1149 0.4579 0.1686 0.1391 0.3662 0.1133
0.3662 0.1368 0.1755 0.4695 0.1165 0.4075 0.1305 0.1840 0.4528 0.1181 0.4307 0.1264 0.1926 0.4345 0.1199 0.4530 0.1232 0.2020 0.4138 0.1221 0.4741 0.1206 0.2121 0.3905 0.1247 0.4925 0.1186 0.2232 0.3644 0.1276 0.5066 0.1169 0.2351 0.3357 0.1309 0.5156 0.1157 0.2481 0.3045 0.1345 0.5200 0.1147 0.2621 0.2715 0.1385 0.5210 0.1140 0.2782 0.2262 0.1519 0.4537 0.1519 0.2262 0.2782 0.1140 0.5210 0.1385 0.2715 0.2621 0.1147 0.5200 0.1345 0.3045 0.2481 0.1157 0.5156 0.1309 0.3357 0.2351 0.1169 0.5066 0.1276 0.3644 0.2232 0.1186 0.4925 0.1247 0.3905 0.2121 0.1206 0.4741 0.1221 0.4138 0.2020 0.1232 0.4530 0.1199 0.4345 0.1926 0.1264 0.4307 0.1181 0.4528 0.1840 0.1305 0.4075 0.1165 0.4695 0.1755 0.1368 0.3662
0.1391 0.1755 0.4670 0.1168 0.4155 0.1287 0.1876 0.4451 0.1187 0.4410 0.1248 0.1969 0.4252 0.1208 0.4631 0.1219 0.2066 0.4032 0.1231 0.4831 0.1195 0.2172 0.3786 0.1259 0.4997 0.1177 0.2286 0.3513 0.1289 0.5115 0.1162 0.2411 0.3214 0.1324 0.5182 0.1151 0.2545 0.2892 0.1362 0.5209 0.1143 0.2691 0.2557 0.1404 0.5205 0.1137 0.2849 0.2206 0.1466 0.5074 0.1181 0.5074 0.1466 0.2206 0.2849 0.1137 0.5205 0.1404 0.2557 0.2691 0.1143 0.5209 0.1362 0.2892 0.2545 0.1151 0.5182 0.1324 0.3214 0.2411 0.1162 0.5115 0.1289 0.3513 0.2286 0.1177 0.4997 0.1259 0.3786 0.2172 0.1195 0.4831 0.1231 0.4032 0.2066 0.1219 0.4631 0.1208 0.4252 0.1969 0.1248 0.4410 0.1187 0.4451 0.1876 0.1287 0.4155 0.1168 0.4670 0.1755 0.1391
0.1686 0.4695 0.1168 0.4186 0.1278 0.1902 0.4384 0.1195 0.4504 0.1234 0.2011 0.4156 0.1218 0.4728 0.1207 0.2115 0.3920 0.1244 0.4915 0.1186 0.2225 0.3661 0.1273 0.5059 0.1169 0.2344 0.3375 0.1305 0.5152 0.1156 0.2473 0.3065 0.1341 0.5199 0.1147 0.2612 0.2735 0.1381 0.5210 0.1140 0.2763 0.2399 0.1424 0.5194 0.1135 0.2925 0.2075 0.1475 0.5137 0.1125 0.4491 0.1125 0.5137 0.1475 0.2075 0.2925 0.1135 0.5194 0.1424 0.2399 0.2763 0.1140 0.5210 0.1381 0.2735 0.2612 0.1147 0.5199 0.1341 0.3065 0.2473 0.1156 0.5152 0.1305 0.3375 0.2344 0.1169 0.5059 0.1273 0.3661 0.2225 0.1186 0.4915 0.1244 0.3920 0.2115 0.1207 0.4728 0.1218 0.4156 0.2011 0.1234 0.4504 0.1195 0.4384 0.1902 0.1278 0.4186 0.1168 0.4695 0.1686
0.4579 0.1165 0.4155 0.1278 0.1913 0.4344 0.1200 0.4577 0.1224 0.2051 0.4060 0.1229 0.4815 0.1197 0.2164 0.3803 0.1257 0.4989 0.1178 0.2279 0.3530 0.1287 0.5109 0.1163 0.2403 0.3232 0.1322 0.5179 0.1151 0.2537 0.2912 0.1359 0.5208 0.1143 0.2682 0.2577 0.1401 0.5206 0.1137 0.2837 0.2244 0.1446 0.5179 0.1134 0.3005 0.1941 0.1496 0.5126 0.1130 0.3523 0.1186 0.3523 0.1130 0.5126 0.1496 0.1941 0.3005 0.1134 0.5179 0.1446 0.2244 0.2837 0.1137 0.5206 0.1401 0.2577 0.2682 0.1143 0.5208 0.1359 0.2912 0.2537 0.1151 0.5179 0.1322 0.3232 0.2403 0.1163 0.5109 0.1287 0.3530 0.2279 0.1178 0.4989 0.1257 0.3803 0.2164 0.1197 0.4815 0.1229 0.4060 0.2051 0.1224 0.4577 0.1200 0.4344 0.1913 0.1278 0.4155 0.1165 0.4579
0.1149 0.4075 0.1287 0.1902 0.4344 0.1203 0.4617 0.1217 0.2083 0.3975 0.1239 0.4890 0.1188 0.2213 0.3685 0.1270 0.5051 0.1170 0.2336 0.3394 0.1303 0.5148 0.1157 0.2465 0.3084 0.1339 0.5197 0.1147 0.2604 0.2755 0.1378 0.5210 0.1140 0.2753 0.2419 0.1422 0.5196 0.1135 0.2915 0.2096 0.1469 0.5158 0.1133 0.3088 0.1819 0.1520 0.5099 0.1133 0.3336 0.1406 0.2101 0.1406 0.3336 0.1133 0.5099 0.1520 0.1819 0.3088 0.1133 0.5158 0.1469 0.2096 0.2915 0.1135 0.5196 0.1422 0.2419 0.2753 0.1140 0.5210 0.1378 0.2755 0.2604 0.1147 0.5197 0.1339 0.3084 0.2465 0.1157 0.5148 0.1303 0.3394 0.2336 0.1170 0.5051 0.1270 0.3685 0.2213 0.1188 0.4890 0.1239 0.3975 0.2083 0.1217 0.4617 0.1203 0.4344 0.1902 0.1287 0.4075 0.1149
0.3865 0.1305 0.1876 0.4384 0.1200 0.4617 0.1215 0.2101 0.3917 0.1247 0.4947 0.1181 0.2259 0.3569 0.1284 0.5100 0.1164 0.2393 0.3254 0.1319 0.5176 0.1152 0.2529 0.2931 0.1357 0.5207 0.1143 0.2673 0.2597 0.1398 0.5207 0.1138 0.2828 0.2264 0.1443 0.5181 0.1134 0.2995 0.1958 0.1493 0.5133 0.1133 0.3173 0.1715 0.1546 0.5065 0.1135 0.3374 0.1509 0.1721 0.3852 0.1721 0.1509 0.3374 0.1135 0.5065 0.1546 0.1715 0.3173 0.1133 0.5133 0.1493 0.1958 0.2995 0.1134 0.5181 0.1443 0.2264 0.2828 0.1138 0.5207 0.1398 0.2597 0.2673 0.1143 0.5207 0.1357 0.2931 0.2529 0.1152 0.5176 0.1319 0.3254 0.2393 0.1164 0.5100 0.1284 0.3569 0.2259 0.1181 0.4947 0.1247 0.3917 0.2101 0.1215 0.4617 0.1200 0.4384 0.1876 0.1305 0.3865
0.1341 0.1840 0.4451 0.1195 0.4577 0.1217 0.2101 0.3896 0.1252 0.4983 0.1177 0.2299 0.3465 0.1297 0.5137 0.1159 0.2450 0.3114 0.1336 0.5195 0.1148 0.2594 0.2777 0.1376 0.5210 0.1140 0.2744 0.2439 0.1419 0.5197 0.1136 0.2905 0.2114 0.1466 0.5161 0.1133 0.3077 0.1834 0.1517 0.5103 0.1134 0.3261 0.1630 0.1572 0.5026 0.1137 0.3458 0.1493 0.1654 0.4711 0.1264 0.4711 0.1654 0.1493 0.3458 0.1137 0.5026 0.1572 0.1630 0.3261 0.1134 0.5103 0.1517 0.1834 0.3077 0.1133 0.5161 0.1466 0.2114 0.2905 0.1136 0.5197 0.1419 0.2439 0.2744 0.1140 0.5210 0.1376 0.2777 0.2594 0.1148 0.5195 0.1336 0.3114 0.2450 0.1159 0.5137 0.1297 0.3465 0.2299 0.1177 0.4983 0.1252 0.3896 0.2101 0.1217 0.4577 0.1195 0.4451 0.1840 0.1341
0.1759 0.4528 0.1187 0.4504 0.1224 0.2083 0.3917 0.1252 0.4995 0.1174 0.2326 0.3384 0.1307 0.5161 0.1154 0.2505 0.2979 0.1352 0.5206 0.1144 0.2660 0.2623 0.1395 0.5207 0.1138 0.2818 0.2283 0.1441 0.5183 0.1134 0.2984 0.1975 0.1489 0.5136 0.1133 0.3162 0.1727 0.1543 0.5070 0.1135 0.3351 0.1561 0.1600 0.4983 0.1140 0.3552 0.1454 0.1666 0.4836 0.1162 0.5083 0.1162 0.4836 0.1666 0.1454 0.3552 0.1140 0.4983 0.1600 0.1561 0.3351 0.1135 0.5070 0.1543 0.1727 0.3162 0.1133 0.5136 0.1489 0.1975 0.2984 0.1134 0.5183 0.1441 0.2283 0.2818 0.1138 0.5207 0.1395 0.2623 0.2660 0.1144 0.5206 0.1352 0.2979 0.2505 0.1154 0.5161 0.1307 0.3384 0.2326 0.1174 0.4995 0.1252 0.3917 0.2083 0.1224 0.4504 0.1187 0.4528 0.1759
0.4420 0.1181 0.4410 0.1234 0.2051 0.3975 0.1247 0.4983 0.1174 0.2336 0.3338 0.1315 0.5176 0.1151 0.2552 0.2857 0.1368 0.5210 0.1141 0.2726 0.2474 0.1415 0.5199 0.1136 0.2894 0.2134 0.1463 0.5164 0.1134 0.3066 0.1849 0.1514 0.5107 0.1134 0.3249 0.1640 0.1569 0.5031 0.1137 0.3444 0.1506 0.1629 0.4935 0.1143 0.3650 0.1416 0.1695 0.4811 0.1153 0.4256 0.1125 0.4256 0.1153 0.4811 0.1695 0.1416 0.3650 0.1143 0.4935 0.1629 0.1506 0.3444 0.1137 0.5031 0.1569 0.1640 0.3249 0.1134 0.5107 0.1514 0.1849 0.3066 0.1134 0.5164 0.1463 0.2134 0.2894 0.1136 0.5199 0.1415 0.2474 0.2726 0.1141 0.5210 0.1368 0.2857 0.2552 0.1151 0.5176 0.1315 0.3338 0.2336 0.1174 0.4983 0.1247 0.3975 0.2051 0.1234 0.4410 0.1181 0.4420
0.1160 0.4307 0.1248 0.2011 0.4060 0.1239 0.4947 0.1177 0.2326 0.3338 0.1317 0.5183 0.1150 0.2587 0.2759 0.1382 0.5210 0.1139 0.2790 0.2333 0.1435 0.5187 0.1135 0.2970 0.1997 0.1486 0.5140 0.1133 0.3151 0.1740 0.1539 0.5074 0.1135 0.3339 0.1569 0.1596 0.4988 0.1140 0.3540 0.1460 0.1659 0.4883 0.1147 0.3751 0.1383 0.1727 0.4755 0.1158 0.4045 0.1232 0.2495 0.1232 0.4045 0.1158 0.4755 0.1727 0.1383 0.3751 0.1147 0.4883 0.1659 0.1460 0.3540 0.1140 0.4988 0.1596 0.1569 0.3339 0.1135 0.5074 0.1539 0.1740 0.3151 0.1133 0.5140 0.1486 0.1997 0.2970 0.1135 0.5187 0.1435 0.2333 0.2790 0.1139 0.5210 0.1382 0.2759 0.2587 0.1150 0.5183 0.1317 0.3338 0.2326 0.1177 0.4947 0.1239 0.4060 0.2011 0.1248 0.4307 0.1160
0.4086 0.1264 0.1969 0.4156 0.1229 0.4890 0.1181 0.2299 0.3384 0.1315 0.5183 0.1149 0.2607 0.2693 0.1392 0.5207 0.1137 0.2846 0.2208 0.1453 0.5171 0.1134 0.3046 0.1875 0.1509 0.5113 0.1134 0.3237 0.1651 0.1566 0.5036 0.1137 0.3432 0.1512 0.1625 0.4941 0.1143 0.3638 0.1421 0.1690 0.4826 0.1152 0.3853 0.1355 0.1761 0.4689 0.1164 0.4089 0.1284 0.1997 0.2858 0.1997 0.1284 0.4089 0.1164 0.4689 0.1761 0.1355 0.3853 0.1152 0.4826 0.1690 0.1421 0.3638 0.1143 0.4941 0.1625 0.1512 0.3432 0.1137 0.5036 0.1566 0.1651 0.3237 0.1134 0.5113 0.1509 0.1875 0.3046 0.1134 0.5171 0.1453 0.2208 0.2846 0.1137 0.5207 0.1392 0.2693 0.2607 0.1149 0.5183 0.1315 0.3384 0.2299 0.1181 0.4890 0.1229 0.4156 0.1969 0.1264 0.4086
0.1300 0.1926 0.4252 0.1218 0.4815 0.1188 0.2259 0.3465 0.1307 0.5176 0.1150 0.2607 0.2670 0.1397 0.5204 0.1137 0.2892 0.2109 0.1470 0.5154 0.1133 0.3119 0.1773 0.1532 0.5082 0.1135 0.3323 0.1580 0.1592 0.4994 0.1139 0.3527 0.1465 0.1655 0.4890 0.1147 0.3738 0.1387 0.1723 0.4764 0.1157 0.3957 0.1329 0.1797 0.4618 0.1170 0.4184 0.1281 0.1908 0.4097 0.1386 0.4097 0.1908 0.1281 0.4184 0.1170 0.4618 0.1797 0.1329 0.3957 0.1157 0.4764 0.1723 0.1387 0.3738 0.1147 0.4890 0.1655 0.1465 0.3527 0.1139 0.4994 0.1592 0.1580 0.3323 0.1135 0.5082 0.1532 0.1773 0.3119 0.1133 0.5154 0.1470 0.2109 0.2892 0.1137 0.5204 0.1397 0.2670 0.2607 0.1150 0.5176 0.1307 0.3465 0.2259 0.1188 0.4815 0.1218 0.4252 0.1926 0.1300
0.1839 0.4345 0.1208 0.4728 0.1197 0.2213 0.3569 0.1297 0.5161 0.1151 0.2587 0.2693 0.1397 0.5203 0.1136 0.2922 0.2041 0.1484 0.5137 0.1134 0.3186 0.1692 0.1554 0.5050 0.1136 0.3409 0.1524 0.1619 0.4950 0.1142 0.3624 0.1426 0.1686 0.4833 0.1151 0.3840 0.1358 0.1757 0.4698 0.1163 0.4063 0.1307 0.1835 0.4541 0.1178 0.4289 0.1266 0.1925 0.4296 0.1235 0.5205 0.1235 0.4296 0.1925 0.1266 0.4289 0.1178 0.4541 0.1835 0.1307 0.4063 0.1163 0.4698 0.1757 0.1358 0.3840 0.1151 0.4833 0.1686 0.1426 0.3624 0.1142 0.4950 0.1619 0.1524 0.3409 0.1136 0.5050 0.1554 0.1692 0.3186 0.1134 0.5137 0.1484 0.2041 0.2922 0.1136 0.5203 0.1397 0.2693 0.2587 0.1151 0.5161 0.1297 0.3569 0.2213 0.1197 0.4728 0.1208 0.4345 0.1839
0.4237 0.1199 0.4631 0.1207 0.2164 0.3685 0.1284 0.5137 0.1154 0.2552 0.2759 0.1392 0.5204 0.1136 0.2933 0.2005 0.1493 0.5124 0.1134 0.3241 0.1634 0.1575 0.5017 0.1138 0.3492 0.1479 0.1647 0.4902 0.1146 0.3720 0.1393 0.1718 0.4773 0.1156 0.3944 0.1333 0.1793 0.4627 0.1169 0.4169 0.1287 0.1874 0.4459 0.1186 0.4395 0.1250 0.1963 0.4256 0.1212 0.4945 0.1109 0.4945 0.1212 0.4256 0.1963 0.1250 0.4395 0.1186 0.4459 0.1874 0.1287 0.4169 0.1169 0.4627 0.1793 0.1333 0.3944 0.1156 0.4773 0.1718 0.1393 0.3720 0.1146 0.4902 0.1647 0.1479 0.3492 0.1138 0.5017 0.1575 0.1634 0.3241 0.1134 0.5124 0.1493 0.2005 0.2933 0.1136 0.5204 0.1392 0.2759 0.2552 0.1154 0.5137 0.1284 0.3685 0.2164 0.1207 0.4631 0.1199 0.4237
0.1175 0.4530 0.1219 0.2115 0.3803 0.1270 0.5100 0.1159 0.2505 0.2857 0.1382 0.5207 0.1137 0.2922 0.2005 0.1496 0.5117 0.1134 0.3281 0.1594 0.1592 0.4987 0.1140 0.3569 0.1443 0.1673 0.4853 0.1150 0.3814 0.1364 0.1750 0.4710 0.1162 0.4048 0.1310 0.1830 0.4551 0.1177 0.4276 0.1268 0.1914 0.4372 0.1195 0.4500 0.1235 0.2006 0.4166 0.1218 0.4779 0.1152 0.3010 0.1152 0.4779 0.1218 0.4166 0.2006 0.1235 0.4500 0.1195 0.4372 0.1914 0.1268 0.4276 0.1177 0.4551 0.1830 0.1310 0.4048 0.1162 0.4710 0.1750 0.1364 0.3814 0.1150 0.4853 0.1673 0.1443 0.3569 0.1140 0.4987 0.1592 0.1594 0.3281 0.1134 0.5117 0.1496 0.2005 0.2922 0.1137 0.5207 0.1382 0.2857 0.2505 0.1159 0.5100 0.1270 0.3803 0.2115 0.1219 0.4530 0.1175
0.4307 0.1232 0.2066 0.3920 0.1257 0.5051 0.1164 0.2450 0.2979 0.1368 0.5210 0.1137 0.2892 0.2041 0.1493 0.5117 0.1134 0.3303 0.1572 0.1604 0.4963 0.1142 0.3635 0.1416 0.1698 0.4804 0.1154 0.3906 0.1340 0.1783 0.4644 0.1168 0.4150 0.1290 0.1868 0.4471 0.1185 0.4382 0.1252 0.1957 0.4279 0.1205 0.4602 0.1222 0.2053 0.4064 0.1228 0.4816 0.1185 0.2363 0.1791 0.2363 0.1185 0.4816 0.1228 0.4064 0.2053 0.1222 0.4602 0.1205 0.4279 0.1957 0.1252 0.4382 0.1185 0.4471 0.1868 0.1290 0.4150 0.1168 0.4644 0.1783 0.1340 0.3906 0.1154 0.4804 0.1698 0.1416 0.3635 0.1142 0.4963 0.1604 0.1572 0.3303 0.1134 0.5117 0.1493 0.2041 0.2892 0.1137 0.5210 0.1368 0.2979 0.2450 0.1164 0.5051 0.1257 0.3920 0.2066 0.1232 0.4307
0.1266 0.2020 0.4032 0.1244 0.4989 0.1170 0.2393 0.3114 0.1352 0.5210 0.1139 0.2846 0.2109 0.1484 0.5124 0.1134 0.3303 0.1564 0.1611 0.4947 0.1144 0.3685 0.1397 0.1720 0.4759 0.1158 0.3991 0.1320 0.1815 0.4577 0.1175 0.4249 0.1272 0.1906 0.4387 0.1194 0.4486 0.1237 0.2001 0.4181 0.1215 0.4701 0.1210 0.2100 0.3953 0.1240 0.4893 0.1186 0.2248 0.3191 0.1552 0.3191 0.2248 0.1186 0.4893 0.1240 0.3953 0.2100 0.1210 0.4701 0.1215 0.4181 0.2001 0.1237 0.4486 0.1194 0.4387 0.1906 0.1272 0.4249 0.1175 0.4577 0.1815 0.1320 0.3991 0.1158 0.4759 0.1720 0.1397 0.3685 0.1144 0.4947 0.1611 0.1564 0.3303 0.1134 0.5124 0.1484 0.2109 0.2846 0.1139 0.5210 0.1352 0.3114 0.2393 0.1170 0.4989 0.1244 0.4032 0.2020 0.1266
0.1926 0.4138 0.1231 0.4915 0.1178 0.2336 0.3254 0.1336 0.5206 0.1141 0.2790 0.2208 0.1470 0.5137 0.1134 0.3281 0.1572 0.1611 0.4941 0.1144 0.3717 0.1384 0.1737 0.4721 0.1162 0.4067 0.1303 0.1846 0.4510 0.1182 0.4344 0.1257 0.1945 0.4302 0.1203 0.4585 0.1224 0.2046 0.4078 0.1226 0.4794 0.1199 0.2150 0.3837 0.1253 0.4968 0.1180 0.2270 0.3474 0.1344 0.5024 0.1344 0.3474 0.2270 0.1180 0.4968 0.1253 0.3837 0.2150 0.1199 0.4794 0.1226 0.4078 0.2046 0.1224 0.4585 0.1203 0.4302 0.1945 0.1257 0.4344 0.1182 0.4510 0.1846 0.1303 0.4067 0.1162 0.4721 0.1737 0.1384 0.3717 0.1144 0.4941 0.1611 0.1572 0.3281 0.1134 0.5137 0.1470 0.2208 0.2790 0.1141 0.5206 0.1336 0.3254 0.2336 0.1178 0.4915 0.1231 0.4138 0.1926
0.4029 0.1221 0.4831 0.1186 0.2279 0.3394 0.1319 0.5195 0.1144 0.2726 0.2333 0.1453 0.5154 0.1134 0.3241 0.1594 0.1604 0.4947 0.1144 0.3728 0.1377 0.1747 0.4694 0.1165 0.4126 0.1290 0.1873 0.4448 0.1188 0.4432 0.1244 0.1983 0.4214 0.1212 0.4677 0.1213 0.2092 0.3972 0.1238 0.4880 0.1190 0.2202 0.3714 0.1267 0.5035 0.1172 0.2321 0.3417 0.1310 0.5209 0.1126 0.5209 0.1310 0.3417 0.2321 0.1172 0.5035 0.1267 0.3714 0.2202 0.1190 0.4880 0.1238 0.3972 0.2092 0.1213 0.4677 0.1212 0.4214 0.1983 0.1244 0.4432 0.1188 0.4448 0.1873 0.1290 0.4126 0.1165 0.4694 0.1747 0.1377 0.3728 0.1144 0.4947 0.1604 0.1594 0.3241 0.1134 0.5154 0.1453 0.2333 0.2726 0.1144 0.5195 0.1319 0.3394 0.2279 0.1186 0.4831 0.1221 0.4029
0.1193 0.4741 0.1195 0.2225 0.3530 0.1303 0.5176 0.1148 0.2660 0.2474 0.1435 0.5171 0.1133 0.3186 0.1634 0.1592 0.4963 0.1144 0.3717 0.1377 0.1751 0.4680 0.1167 0.4168 0.1282 0.1895 0.4393 0.1194 0.4509 0.1233 0.2021 0.4127 0.1222 0.4762 0.1203 0.2138 0.3863 0.1250 0.4956 0.1181 0.2256 0.3586 0.1281 0.5090 0.1165 0.2378 0.3290 0.1317 0.5185 0.1121 0.3655 0.1121 0.5185 0.1317 0.3290 0.2378 0.1165 0.5090 0.1281 0.3586 0.2256 0.1181 0.4956 0.1250 0.3863 0.2138 0.1203 0.4762 0.1222 0.4127 0.2021 0.1233 0.4509 0.1194 0.4393 0.1895 0.1282 0.4168 0.1167 0.4680 0.1751 0.1377 0.3717 0.1144 0.4963 0.1592 0.1634 0.3186 0.1133 0.5171 0.1435 0.2474 0.2660 0.1148 0.5176 0.1303 0.3530 0.2225 0.1195 0.4741 0.1193
0.4522 0.1206 0.2172 0.3661 0.1287 0.5148 0.1152 0.2594 0.2623 0.1415 0.5187 0.1134 0.3119 0.1692 0.1575 0.4987 0.1142 0.3685 0.1384 0.1747 0.4680 0.1168 0.4190 0.1276 0.1911 0.4351 0.1200 0.4573 0.1224 0.2055 0.4045 0.1231 0.4839 0.1194 0.2183 0.3753 0.1263 0.5020 0.1174 0.2310 0.3454 0.1296 0.5133 0.1159 0.2439 0.3146 0.1332 0.5193 0.1140 0.2840 0.1346 0.2840 0.1140 0.5193 0.1332 0.3146 0.2439 0.1159 0.5133 0.1296 0.3454 0.2310 0.1174 0.5020 0.1263 0.3753 0.2183 0.1194 0.4839 0.1231 0.4045 0.2055 0.1224 0.4573 0.1200 0.4351 0.1911 0.1276 0.4190 0.1168 0.4680 0.1747 0.1384 0.3685 0.1142 0.4987 0.1575 0.1692 0.3119 0.1134 0.5187 0.1415 0.2623 0.2594 0.1152 0.5148 0.1287 0.3661 0.2172 0.1206 0.4522
0.1237 0.2121 0.3786 0.1273 0.5109 0.1157 0.2529 0.2777 0.1395 0.5199 0.1135 0.3046 0.1773 0.1554 0.5017 0.1140 0.3635 0.1397 0.1737 0.4694 0.1167 0.4190 0.1274 0.1919 0.4325 0.1203 0.4619 0.1217 0.2084 0.3970 0.1240 0.4903 0.1186 0.2228 0.3644 0.1275 0.5073 0.1167 0.2363 0.3322 0.1312 0.5165 0.1154 0.2501 0.2996 0.1349 0.5204 0.1143 0.2694 0.2085 0.1773 0.2085 0.2694 0.1143 0.5204 0.1349 0.2996 0.2501 0.1154 0.5165 0.1312 0.3322 0.2363 0.1167 0.5073 0.1275 0.3644 0.2228 0.1186 0.4903 0.1240 0.3970 0.2084 0.1217 0.4619 0.1203 0.4325 0.1919 0.1274 0.4190 0.1167 0.4694 0.1737 0.1397 0.3635 0.1140 0.5017 0.1554 0.1773 0.3046 0.1135 0.5199 0.1395 0.2777 0.2529 0.1157 0.5109 0.1273 0.3786 0.2121 0.1237
0.2020 0.3905 0.1259 0.5059 0.1163 0.2465 0.2931 0.1376 0.5207 0.1136 0.2970 0.1875 0.1532 0.5050 0.1138 0.3569 0.1416 0.1720 0.4721 0.1165 0.4168 0.1276 0.1919 0.4316 0.1205 0.4647 0.1213 0.2106 0.3909 0.1248 0.4954 0.1180 0.2269 0.3539 0.1288 0.5114 0.1162 0.2417 0.3190 0.1327 0.5187 0.1150 0.2564 0.2844 0.1368 0.5210 0.1141 0.2723 0.2392 0.1495 0.4614 0.1495 0.2392 0.2723 0.1141 0.5210 0.1368 0.2844 0.2564 0.1150 0.5187 0.1327 0.3190 0.2417 0.1162 0.5114 0.1288 0.3539 0.2269 0.1180 0.4954 0.1248 0.3909 0.2106 0.1213 0.4647 0.1205 0.4316 0.1919 0.1276 0.4168 0.1165 0.4721 0.1720 0.1416 0.3569 0.1138 0.5050 0.1532 0.1875 0.2970 0.1136 0.5207 0.1376 0.2931 0.2465 0.1163 0.5059 0.1259 0.3905 0.2020
0.3795 0.1247 0.4997 0.1169 0.2403 0.3084 0.1357 0.5210 0.1138 0.2894 0.1997 0.1509 0.5082 0.1136 0.3492 0.1443 0.1698 0.4759 0.1162 0.4126 0.1282 0.1911 0.4325 0.1205 0.4656 0.1211 0.2120 0.3866 0.1254 0.4992 0.1176 0.2306 0.3442 0.1300 0.5144 0.1157 0.2470 0.3060 0.1343 0.5201 0.1146 0.2627 0.2695 0.1387 0.5209 0.1139 0.2788 0.2329 0.1447 0.5104 0.1173 0.5104 0.1447 0.2329 0.2788 0.1139 0.5209 0.1387 0.2695 0.2627 0.1146 0.5201 0.1343 0.3060 0.2470 0.1157 0.5144 0.1300 0.3442 0.2306 0.1176 0.4992 0.1254 0.3866 0.2120 0.1211 0.4656 0.1205 0.4325 0.1911 0.1282 0.4126 0.1162 0.4759 0.1698 0.1443 0.3492 0.1136 0.5082 0.1509 0.1997 0.2894 0.1138 0.5210 0.1357 0.3084 0.2403 0.1169 0.4997 0.1247 0.3795
0.1214 0.4925 0.1177 0.2344 0.3232 0.1339 0.5207 0.1140 0.2818 0.2134 0.1486 0.5113 0.1135 0.3409 0.1479 0.1673 0.4804 0.1158 0.4067 0.1290 0.1895 0.4351 0.1203 0.4647 0.1211 0.2125 0.3844 0.1257 0.5016 0.1172 0.2336 0.3360 0.1310 0.5166 0.1153 0.2520 0.2935 0.1358 0.5208 0.1143 0.2690 0.2550 0.1405 0.5204 0.1137 0.2861 0.2193 0.1456 0.5158 0.1123 0.4401 0.1123 0.5158 0.1456 0.2193 0.2861 0.1137 0.5204 0.1405 0.2550 0.2690 0.1143 0.5208 0.1358 0.2935 0.2520 0.1153 0.5166 0.1310 0.3360 0.2336 0.1172 0.5016 0.1257 0.3844 0.2125 0.1211 0.4647 0.1203 0.4351 0.1895 0.1290 0.4067 0.1158 0.4804 0.1673 0.1479 0.3409 0.1135 0.5113 0.1486 0.2134 0.2818 0.1140 0.5207 0.1339 0.3232 0.2344 0.1177 0.4925 0.1214
0.4719 0.1186 0.2286 0.3375 0.1322 0.5197 0.1143 0.2744 0.2283 0.1463 0.5140 0.1134 0.3323 0.1524 0.1647 0.4853 0.1154 0.3991 0.1303 0.1873 0.4393 0.1200 0.4619 0.1213 0.2120 0.3844 0.1259 0.5027 0.1170 0.2357 0.3298 0.1319 0.5180 0.1150 0.2565 0.2821 0.1373 0.5210 0.1140 0.2752 0.2411 0.1424 0.5194 0.1135 0.2934 0.2056 0.1476 0.5148 0.1129 0.3444 0.1197 0.3444 0.1129 0.5148 0.1476 0.2056 0.2934 0.1135 0.5194 0.1424 0.2411 0.2752 0.1140 0.5210 0.1373 0.2821 0.2565 0.1150 0.5180 0.1319 0.3298 0.2357 0.1170 0.5027 0.1259 0.3844 0.2120 0.1213 0.4619 0.1200 0.4393 0.1873 0.1303 0.3991 0.1154 0.4853 0.1647 0.1524 0.3323 0.1134 0.5140 0.1463 0.2283 0.2744 0.1143 0.5197 0.1322 0.3375 0.2286 0.1186 0.4719
0.1213 0.2232 0.3513 0.1305 0.5179 0.1147 0.2673 0.2439 0.1441 0.5164 0.1133 0.3237 0.1580 0.1619 0.4902 0.1150 0.3906 0.1320 0.1846 0.4448 0.1194 0.4573 0.1217 0.2106 0.3866 0.1257 0.5027 0.1170 0.2368 0.3259 0.1325 0.5189 0.1148 0.2604 0.2722 0.1386 0.5209 0.1138 0.2812 0.2282 0.1443 0.5180 0.1134 0.3006 0.1932 0.1498 0.5125 0.1133 0.3261 0.1440 0.2061 0.1440 0.3261 0.1133 0.5125 0.1498 0.1932 0.3006 0.1134 0.5180 0.1443 0.2282 0.2812 0.1138 0.5209 0.1386 0.2722 0.2604 0.1148 0.5189 0.1325 0.3259 0.2368 0.1170 0.5027 0.1257 0.3866 0.2106 0.1217 0.4573 0.1194 0.4448 0.1846 0.1320 0.3906 0.1150 0.4902 0.1619 0.1580 0.3237 0.1133 0.5164 0.1441 0.2439 0.2673 0.1147 0.5179 0.1305 0.3513 0.2232 0.1213
0.2123 0.3644 0.1289 0.5152 0.1151 0.2604 0.2597 0.1419 0.5183 0.1134 0.3151 0.1651 0.1592 0.4950 0.1146 0.3814 0.1340 0.1815 0.4510 0.1188 0.4509 0.1224 0.2084 0.3909 0.1254 0.5016 0.1170 0.2368 0.3246 0.1328 0.5194 0.1147 0.2633 0.2643 0.1397 0.5205 0.1137 0.2867 0.2167 0.1460 0.5164 0.1134 0.3078 0.1825 0.1520 0.5097 0.1134 0.3295 0.1558 0.1693 0.3952 0.1693 0.1558 0.3295 0.1134 0.5097 0.1520 0.1825 0.3078 0.1134 0.5164 0.1460 0.2167 0.2867 0.1137 0.5205 0.1397 0.2643 0.2633 0.1147 0.5194 0.1328 0.3246 0.2368 0.1170 0.5016 0.1254 0.3909 0.2084 0.1224 0.4509 0.1188 0.4510 0.1815 0.1340 0.3814 0.1146 0.4950 0.1592 0.1651 0.3151 0.1134 0.5183 0.1419 0.2597 0.2604 0.1151 0.5152 0.1289 0.3644 0.2123
0.3536 0.1276 0.5115 0.1156 0.2537 0.2755 0.1398 0.5197 0.1134 0.3066 0.1740 0.1566 0.4994 0.1142 0.3720 0.1364 0.1783 0.4577 0.1182 0.4432 0.1233 0.2055 0.3970 0.1248 0.4992 0.1172 0.2357 0.3259 0.1328 0.5195 0.1146 0.2652 0.2587 0.1406 0.5201 0.1136 0.2915 0.2068 0.1477 0.5147 0.1133 0.3148 0.1735 0.1542 0.5067 0.1135 0.3369 0.1540 0.1628 0.4769 0.1251 0.4769 0.1628 0.1540 0.3369 0.1135 0.5067 0.1542 0.1735 0.3148 0.1133 0.5147 0.1477 0.2068 0.2915 0.1136 0.5201 0.1406 0.2587 0.2652 0.1146 0.5195 0.1328 0.3259 0.2357 0.1172 0.4992 0.1248 0.3970 0.2055 0.1233 0.4432 0.1182 0.4577 0.1783 0.1364 0.3720 0.1142 0.4994 0.1566 0.1740 0.3066 0.1134 0.5197 0.1398 0.2755 0.2537 0.1156 0.5115 0.1276 0.3536
0.1239 0.5066 0.1162 0.2473 0.2912 0.1378 0.5207 0.1136 0.2984 0.1849 0.1539 0.5036 0.1139 0.3624 0.1393 0.1750 0.4644 0.1175 0.4344 0.1244 0.2021 0.4045 0.1240 0.4954 0.1176 0.2336 0.3298 0.1325 0.5194 0.1146 0.2658 0.2558 0.1412 0.5197 0.1135 0.2954 0.1991 0.1492 0.5129 0.1134 0.3212 0.1664 0.1564 0.5035 0.1137 0.3449 0.1499 0.1637 0.4888 0.1156 0.5033 0.1156 0.4888 0.1637 0.1499 0.3449 0.1137 0.5035 0.1564 0.1664 0.3212 0.1134 0.5129 0.1492 0.1991 0.2954 0.1135 0.5197 0.1412 0.2558 0.2658 0.1146 0.5194 0.1325 0.3298 0.2336 0.1176 0.4954 0.1240 0.4045 0.2021 0.1244 0.4344 0.1175 0.4644 0.1750 0.1393 0.3624 0.1139 0.5036 0.1539 0.1849 0.2984 0.1136 0.5207 0.1378 0.2912 0.2473 0.1162 0.5066 0.1239
0.4883 0.1169 0.2411 0.3065 0.1359 0.5210 0.1138 0.2905 0.1975 0.1514 0.5074 0.1137 0.3527 0.1426 0.1718 0.4710 0.1168 0.4249 0.1257 0.1983 0.4127 0.1231 0.4903 0.1180 0.2306 0.3360 0.1319 0.5189 0.1147 0.2652 0.2558 0.1414 0.5195 0.1135 0.2981 0.1936 0.1504 0.5113 0.1134 0.3271 0.1610 0.1584 0.5003 0.1139 0.3528 0.1461 0.1660 0.4871 0.1148 0.4155 0.1130 0.4155 0.1148 0.4871 0.1660 0.1461 0.3528 0.1139 0.5003 0.1584 0.1610 0.3271 0.1134 0.5113 0.1504 0.1936 0.2981 0.1135 0.5195 0.1414 0.2558 0.2652 0.1147 0.5189 0.1319 0.3360 0.2306 0.1180 0.4903 0.1231 0.4127 0.1983 0.1257 0.4249 0.1168 0.4710 0.1718 0.1426 0.3527 0.1137 0.5074 0.1514 0.1975 0.2905 0.1138 0.5210 0.1359 0.3065 0.2411 0.1169 0.4883
0.1192 0.2351 0.3214 0.1341 0.5208 0.1140 0.2828 0.2114 0.1489 0.5107 0.1135 0.3432 0.1465 0.1686 0.4773 0.1162 0.4150 0.1272 0.1945 0.4214 0.1222 0.4839 0.1186 0.2269 0.3442 0.1310 0.5180 0.1148 0.2633 0.2587 0.1412 0.5195 0.1135 0.2995 0.1904 0.1512 0.5100 0.1135 0.3320 0.1569 0.1602 0.4972 0.1141 0.3602 0.1430 0.1685 0.4828 0.1152 0.3934 0.1249 0.2435 0.1249 0.3934 0.1152 0.4828 0.1685 0.1430 0.3602 0.1141 0.4972 0.1602 0.1569 0.3320 0.1135 0.5100 0.1512 0.1904 0.2995 0.1135 0.5195 0.1412 0.2587 0.2633 0.1148 0.5180 0.1310 0.3442 0.2269 0.1186 0.4839 0.1222 0.4214 0.1945 0.1272 0.4150 0.1162 0.4773 0.1686 0.1465 0.3432 0.1135 0.5107 0.1489 0.2114 0.2828 0.1140 0.5208 0.1341 0.3214 0.2351 0.1192
0.2235 0.3357 0.1324 0.5199 0.1143 0.2753 0.2264 0.1466 0.5136 0.1134 0.3339 0.1512 0.1655 0.4833 0.1156 0.4048 0.1290 0.1906 0.4302 0.1212 0.4762 0.1194 0.2228 0.3539 0.1300 0.5166 0.1150 0.2604 0.2643 0.1406 0.5197 0.1135 0.2995 0.1893 0.1516 0.5092 0.1135 0.3356 0.1541 0.1617 0.4943 0.1143 0.3670 0.1404 0.1710 0.4782 0.1156 0.3962 0.1307 0.1950 0.3020 0.1951 0.1307 0.3962 0.1156 0.4782 0.1710 0.1404 0.3670 0.1143 0.4943 0.1617 0.1541 0.3356 0.1135 0.5092 0.1516 0.1893 0.2995 0.1135 0.5197 0.1406 0.2643 0.2604 0.1150 0.5166 0.1300 0.3539 0.2228 0.1194 0.4763 0.1212 0.4301 0.1907 0.1290 0.4048 0.1156 0.4833 0.1655 0.1512 0.3339 0.1134 0.5136 0.1466 0.2264 0.2753 0.1143 0.5199 0.1324 0.3357 0.2235
0.3250 0.1309 0.5182 0.1147 0.2682 0.2419 0.1443 0.5161 0.1133 0.3249 0.1569 0.1625 0.4890 0.1151 0.3944 0.1310 0.1868 0.4387 0.1203 0.4677 0.1203 0.2183 0.3644 0.1288 0.5144 0.1153 0.2565 0.2722 0.1397 0.5201 0.1135 0.2981 0.1904 0.1516 0.5089 0.1135 0.3379 0.1523 0.1629 0.4920 0.1145 0.3730 0.1384 0.1733 0.4736 0.1160 0.4033 0.1307 0.1859 0.4215 0.1364 0.4214 0.1859 0.1307 0.4033 0.1160 0.4736 0.1733 0.1384 0.3730 0.1145 0.4920 0.1629 0.1523 0.3379 0.1135 0.5089 0.1516 0.1904 0.2981 0.1135 0.5201 0.1397 0.2722 0.2565 0.1153 0.5144 0.1288 0.3644 0.2183 0.1203 0.4679 0.1203 0.4386 0.1868 0.1310 0.3944 0.1151 0.4889 0.1625 0.1569 0.3249 0.1133 0.5161 0.1443 0.2419 0.2682 0.1147 0.5182 0.1309 0.3250
0.1268 0.5156 0.1151 0.2612 0.2577 0.1422 0.5181 0.1133 0.3162 0.1640 0.1596 0.4941 0.1147 0.3840 0.1333 0.1830 0.4471 0.1194 0.4585 0.1213 0.2138 0.3753 0.1275 0.5114 0.1157 0.2520 0.2821 0.1386 0.5205 0.1136 0.2954 0.1936 0.1512 0.5092 0.1135 0.3388 0.1514 0.1636 0.4903 0.1147 0.3776 0.1368 0.1753 0.4692 0.1164 0.4107 0.1295 0.1866 0.4418 0.1220 0.5211 0.1220 0.4416 0.1866 0.1295 0.4107 0.1164 0.4692 0.1753 0.1368 0.3776 0.1147 0.4903 0.1636 0.1514 0.3388 0.1135 0.5092 0.1512 0.1936 0.2954 0.1136 0.5205 0.1386 0.2820 0.2520 0.1157 0.5114 0.1276 0.3752 0.2138 0.1212 0.4587 0.1194 0.4469 0.1830 0.1332 0.3841 0.1147 0.4941 0.1597 0.1639 0.3163 0.1133 0.5181 0.1422 0.2575 0.2613 0.1151 0.5157 0.1268
0.4999 0.1157 0.2545 0.2735 0.1401 0.5196 0.1134 0.3077 0.1727 0.1569 0.4988 0.1143 0.3738 0.1358 0.1793 0.4551 0.1185 0.4486 0.1224 0.2092 0.3863 0.1263 0.5073 0.1162 0.2470 0.2935 0.1373 0.5209 0.1137 0.2915 0.1991 0.1504 0.5100 0.1135 0.3379 0.1514 0.1639 0.4894 0.1148 0.3808 0.1358 0.1769 0.4655 0.1168 0.4174 0.1282 0.1890 0.4403 0.1197 0.4835 0.1109 0.4839 0.1197 0.4398 0.1892 0.1281 0.4177 0.1168 0.4653 0.1770 0.1356 0.3811 0.1148 0.4893 0.1639 0.1512 0.3382 0.1135 0.5099 0.1504 0.1987 0.2917 0.1137 0.5209 0.1374 0.2930 0.2472 0.1161 0.5075 0.1263 0.3857 0.2094 0.1223 0.4491 0.1185 0.4547 0.1794 0.1357 0.3743 0.1143 0.4986 0.1570 0.1722 0.3081 0.1134 0.5195 0.1402 0.2727 0.2549 0.1156 0.5001
0.1175 0.2481 0.2892 0.1381 0.5206 0.1135 0.2995 0.1834 0.1543 0.5031 0.1140 0.3638 0.1387 0.1757 0.4627 0.1177 0.4382 0.1237 0.2046 0.3972 0.1250 0.5020 0.1167 0.2417 0.3060 0.1358 0.5210 0.1138 0.2867 0.2068 0.1492 0.5113 0.1135 0.3356 0.1523 0.1636 0.4894 0.1148 0.3826 0.1351 0.1780 0.4628 0.1172 0.4230 0.1272 0.1915 0.4352 0.1199 0.4624 0.1163 0.2910 0.1159 0.4658 0.1202 0.4324 0.1927 0.1265 0.4257 0.1173 0.4611 0.1788 0.1343 0.3847 0.1148 0.4883 0.1642 0.1511 0.3374 0.1133 0.5107 0.1497 0.2040 0.2882 0.1136 0.5210 0.1362 0.3030 0.2430 0.1164 0.5033 0.1253 0.3949 0.2056 0.1232 0.4404 0.1178 0.4611 0.1765 0.1379 0.3659 0.1139 0.5022 0.1548 0.1808 0.3012 0.1133 0.5204 0.1385 0.2857 0.2496 0.1171
0.2356 0.3045 0.1362 0.5210 0.1137 0.2915 0.1958 0.1517 0.5070 0.1137 0.3540 0.1421 0.1723 0.4698 0.1169 0.4276 0.1252 0.2001 0.4078 0.1238 0.4956 0.1174 0.2363 0.3190 0.1343 0.5208 0.1140 0.2812 0.2167 0.1477 0.5129 0.1134 0.3320 0.1541 0.1629 0.4903 0.1148 0.3826 0.1349 0.1786 0.4610 0.1174 0.4271 0.1264 0.1937 0.4301 0.1205 0.4632 0.1202 0.2288 0.1850 0.2381 0.1168 0.4807 0.1222 0.4137 0.2009 0.1228 0.4427 0.1183 0.4502 0.1838 0.1306 0.3959 0.1150 0.4834 0.1667 0.1471 0.3428 0.1129 0.5093 0.1506 0.1998 0.2900 0.1130 0.5210 0.1364 0.3020 0.2433 0.1157 0.5032 0.1252 0.3955 0.2055 0.1226 0.4396 0.1175 0.4617 0.1763 0.1374 0.3651 0.1135 0.5026 0.1547 0.1812 0.3006 0.1128 0.5205 0.1385 0.2857 0.2433
0.2943 0.1345 0.5209 0.1140 0.2837 0.2096 0.1493 0.5103 0.1135 0.3444 0.1460 0.1690 0.4764 0.1163 0.4169 0.1268 0.1957 0.4181 0.1226 0.4880 0.1181 0.2310 0.3322 0.1327 0.5201 0.1143 0.2752 0.2282 0.1460 0.5147 0.1134 0.3271 0.1569 0.1617 0.4920 0.1147 0.3808 0.1351 0.1786 0.4604 0.1175 0.4295 0.1259 0.1953 0.4259 0.1210 0.4676 0.1208 0.2157 0.3237 0.1650 0.2029 0.2688 0.1117 0.5176 0.1310 0.3397 0.2310 0.1147 0.4945 0.1240 0.4007 0.2054 0.1202 0.4454 0.1180 0.4533 0.1816 0.1312 0.3825 0.1136 0.4934 0.1609 0.1591 0.3200 0.1115 0.5171 0.1436 0.2469 0.2660 0.1122 0.5175 0.1302 0.3532 0.2229 0.1167 0.4739 0.1206 0.4336 0.1896 0.1270 0.3999 0.1145 0.4861 0.1646 0.1513 0.3300 0.1117 0.5146 0.1462 0.2068
0.1300 0.5200 0.1143 0.2763 0.2244 0.1469 0.5133 0.1134 0.3351 0.1506 0.1659 0.4826 0.1157 0.4063 0.1287 0.1914 0.4279 0.1215 0.4794 0.1190 0.2256 0.3454 0.1312 0.5187 0.1146 0.2690 0.2411 0.1443 0.5164 0.1133 0.3212 0.1610 0.1602 0.4943 0.1145 0.3776 0.1358 0.1780 0.4610 0.1175 0.4303 0.1257 0.1962 0.4230 0.1214 0.4717 0.1205 0.2145 0.3658 0.1402 0.4052 0.2223 0.1213 0.4052 0.1145 0.4842 0.1666 0.1463 0.3403 0.1118 0.5103 0.1502 0.2014 0.2888 0.1111 0.5211 0.1364 0.3009 0.2441 0.1131 0.5044 0.1255 0.3922 0.2074 0.1194 0.4435 0.1176 0.4586 0.1786 0.1336 0.3696 0.1128 0.5006 0.1564 0.1743 0.3045 0.1110 0.5201 0.1395 0.2790 0.2523 0.1124 0.5104 0.1270 0.3800 0.2122 0.1182 0.4538 0.1185 0.4501 0.1785
0.5063 0.1147 0.2691 0.2399 0.1446 0.5158 0.1133 0.3261 0.1561 0.1629 0.4883 0.1152 0.3957 0.1307 0.1874 0.4372 0.1205 0.4701 0.1199 0.2202 0.3586 0.1296 0.5165 0.1150 0.2627 0.2550 0.1424 0.5180 0.1134 0.3148 0.1664 0.1584 0.4972 0.1143 0.3730 0.1368 0.1769 0.4628 0.1174 0.4295 0.1257 0.1965 0.4216 0.1216 0.4744 0.1202 0.2158 0.3750 0.1298 0.5103 0.1403 0.1241 0.4101 0.1127 0.5075 0.1515 0.1950 0.2928 0.1126 0.5209 0.1372 0.2946 0.2466 0.1148 0.5066 0.1261 0.3878 0.2089 0.1209 0.4474 0.1181 0.4558 0.1793 0.1344 0.3733 0.1135 0.4990 0.1571 0.1718 0.3076 0.1122 0.5196 0.1402 0.2733 0.2548 0.1139 0.5120 0.1276 0.3755 0.2137 0.1197 0.4569 0.1189 0.4487 0.1825 0.1321 0.3821 0.1138 0.4948 0.1597 0.1573
0.1161 0.2621 0.2557 0.1424 0.5179 0.1133 0.3173 0.1630 0.1600 0.4935 0.1147 0.3853 0.1329 0.1835 0.4459 0.1195 0.4602 0.1210 0.2150 0.3714 0.1281 0.5133 0.1154 0.2564 0.2695 0.1405 0.5194 0.1134 0.3078 0.1735 0.1564 0.5003 0.1141 0.3670 0.1384 0.1753 0.4655 0.1172 0.4271 0.1259 0.1962 0.4216 0.1217 0.4758 0.1199 0.2171 0.3741 0.1272 0.5146 0.1135 0.3207 0.5006 0.1172 0.5050 0.1502 0.2046 0.2874 0.1136 0.5210 0.1358 0.3064 0.2416 0.1164 0.5018 0.1250 0.3974 0.2046 0.1234 0.4382 0.1176 0.4626 0.1758 0.1383 0.3640 0.1137 0.5030 0.1544 0.1828 0.2997 0.1132 0.5206 0.1382 0.2887 0.2484 0.1157 0.5075 0.1262 0.3872 0.2087 0.1222 0.4469 0.1182 0.4564 0.1787 0.1359 0.3721 0.1140 0.4996 0.1565 0.1739 0.2983
0.2487 0.2715 0.1404 0.5194 0.1134 0.3088 0.1715 0.1572 0.4983 0.1143 0.3751 0.1355 0.1797 0.4541 0.1186 0.4500 0.1222 0.2100 0.3837 0.1267 0.5090 0.1159 0.2501 0.2844 0.1387 0.5204 0.1135 0.3006 0.1825 0.1542 0.5035 0.1139 0.3602 0.1404 0.1733 0.4692 0.1168 0.4230 0.1264 0.1953 0.4230 0.1216 0.4758 0.1199 0.2178 0.3718 0.1272 0.5089 0.1150 0.2719 0.1940 0.1374 0.4827 0.1529 0.1974 0.2911 0.1137 0.5210 0.1368 0.2979 0.2451 0.1163 0.5055 0.1258 0.3902 0.2075 0.1228 0.4450 0.1182 0.4577 0.1781 0.1367 0.3704 0.1141 0.5003 0.1560 0.1760 0.3049 0.1134 0.5200 0.1394 0.2788 0.2524 0.1157 0.5106 0.1271 0.3796 0.2117 0.1217 0.4535 0.1189 0.4514 0.1810 0.1345 0.3785 0.1144 0.4967 0.1582 0.1684 0.3117 0.1136
0.2622 0.1385 0.5205 0.1135 0.3005 0.1819 0.1546 0.5026 0.1140 0.3650 0.1383 0.1761 0.4618 0.1178 0.4395 0.1235 0.2053 0.3953 0.1253 0.5035 0.1165 0.2439 0.2996 0.1368 0.5209 0.1137 0.2934 0.1932 0.1520 0.5067 0.1137 0.3528 0.1430 0.1710 0.4736 0.1164 0.4174 0.1272 0.1937 0.4259 0.1214 0.4744 0.1199 0.2178 0.3710 0.1274 0.5087 0.1160 0.2492 0.2527 0.1552 0.4464 0.1580 0.1868 0.2963 0.1136 0.5206 0.1382 0.2862 0.2500 0.1159 0.5097 0.1270 0.3800 0.2118 0.1217 0.4544 0.1190 0.4503 0.1815 0.1342 0.3799 0.1145 0.4961 0.1585 0.1673 0.3127 0.1134 0.5187 0.1413 0.2641 0.2585 0.1153 0.5143 0.1285 0.3680 0.2164 0.1207 0.4629 0.1197 0.4436 0.1845 0.1323 0.3881 0.1148 0.4921 0.1608 0.1610 0.3196 0.1135 0.5039
0.1336 0.5210 0.1137 0.2925 0.1941 0.1520 0.5065 0.1137 0.3552 0.1416 0.1727 0.4689 0.1170 0.4289 0.1250 0.2006 0.4064 0.1240 0.4968 0.1172 0.2378 0.3146 0.1349 0.5210 0.1139 0.2861 0.2056 0.1498 0.5097 0.1135 0.3449 0.1461 0.1685 0.4782 0.1160 0.4107 0.1282 0.1915 0.4301 0.1210 0.4717 0.1202 0.2171 0.3719 0.1274 0.5089 0.1162 0.2448 0.2862 0.1497 0.4195 0.1653 0.1733 0.3021 0.1135 0.5201 0.1396 0.2747 0.2550 0.1155 0.5132 0.1282 0.3694 0.2163 0.1207 0.4638 0.1199 0.4423 0.1852 0.1319 0.3900 0.1149 0.4912 0.1613 0.1597 0.3213 0.1133 0.5170 0.1434 0.2485 0.2652 0.1148 0.5172 0.1300 0.3552 0.2216 0.1197 0.4725 0.1207 0.4349 0.1884 0.1301 0.3984 0.1153 0.4869 0.1636 0.1546 0.3284 0.1134 0.5152 0.1419
0.5085 0.1140 0.2849 0.2075 0.1496 0.5099 0.1135 0.3458 0.1454 0.1695 0.4755 0.1164 0.4184 0.1266 0.1963 0.4166 0.1228 0.4893 0.1180 0.2321 0.3290 0.1332 0.5204 0.1141 0.2788 0.2193 0.1476 0.5125 0.1134 0.3369 0.1499 0.1660 0.4828 0.1156 0.4033 0.1295 0.1890 0.4352 0.1205 0.4676 0.1205 0.2157 0.3744 0.1272 0.5086 0.1162 0.2440 0.2994 0.1429 0.4524 0.1785 0.1515 0.3126 0.1133 0.5194 0.1409 0.2641 0.2597 0.1151 0.5159 0.1295 0.3586 0.2207 0.1198 0.4724 0.1208 0.4340 0.1890 0.1298 0.4004 0.1154 0.4857 0.1642 0.1535 0.3301 0.1134 0.5147 0.1456 0.2328 0.2723 0.1144 0.5193 0.1317 0.3416 0.2270 0.1187 0.4817 0.1218 0.4255 0.1925 0.1282 0.4090 0.1158 0.4811 0.1666 0.1493 0.3374 0.1134 0.5126 0.1476 0.2009
0.1149 0.2782 0.2206 0.1475 0.5126 0.1133 0.3374 0.1493 0.1666 0.4811 0.1158 0.4089 0.1281 0.1925 0.4256 0.1218 0.4816 0.1186 0.2270 0.3417 0.1317 0.5193 0.1143 0.2723 0.2329 0.1456 0.5148 0.1133 0.3295 0.1540 0.1637 0.4871 0.1152 0.3962 0.1307 0.1866 0.4403 0.1199 0.4631 0.1208 0.2140 0.3775 0.1269 0.5080 0.1162 0.2438 0.3048 0.1374 0.5060 0.1374 0.1329 0.3518 0.1128 0.5183 0.1421 0.2548 0.2641 0.1148 0.5177 0.1307 0.3481 0.2251 0.1190 0.4804 0.1217 0.4255 0.1927 0.1280 0.4106 0.1159 0.4799 0.1673 0.1484 0.3393 0.1135 0.5120 0.1480 0.2176 0.2796 0.1141 0.5205 0.1334 0.3274 0.2327 0.1179 0.4902 0.1229 0.4155 0.1968 0.1264 0.4196 0.1164 0.4748 0.1698 0.1449 0.3468 0.1136 0.5095 0.1499 0.2059 0.2781
0.2683 0.2262 0.1466 0.5137 0.1130 0.3336 0.1509 0.1654 0.4836 0.1153 0.4045 0.1284 0.1908 0.4296 0.1212 0.4779 0.1185 0.2248 0.3474 0.1310 0.5185 0.1140 0.2694 0.2392 0.1447 0.5158 0.1129 0.3261 0.1558 0.1628 0.4888 0.1148 0.3934 0.1307 0.1859 0.4418 0.1197 0.4623 0.1203 0.2143 0.3763 0.1271 0.5092 0.1155 0.2463 0.2997 0.1362 0.5209 0.1125 0.3686 0.4875 0.1139 0.5148 0.1434 0.2467 0.2679 0.1146 0.5190 0.1318 0.3382 0.2293 0.1183 0.4875 0.1227 0.4169 0.1965 0.1264 0.4205 0.1165 0.4738 0.1704 0.1442 0.3487 0.1136 0.5089 0.1504 0.2032 0.2872 0.1138 0.5210 0.1352 0.3128 0.2386 0.1171 0.4977 0.1242 0.4050 0.2012 0.1248 0.4303 0.1171 0.4681 0.1731 0.1412 0.3564 0.1138 0.5060 0.1523 0.1925 0.2935 0.1142
0.1792 0.1519 0.5074 0.1125 0.3523 0.1406 0.1721 0.4711 0.1162 0.4256 0.1232 0.1997 0.4097 0.1235 0.4945 0.1152 0.2363 0.3191 0.1344 0.5209 0.1121 0.2840 0.2085 0.1495 0.5104 0.1123 0.3444 0.1440 0.1693 0.4769 0.1156 0.4155 0.1249 0.1950 0.4215 0.1220 0.4834 0.1164 0.2270 0.3452 0.1309 0.5180 0.1128 0.2638 0.2570 0.1416 0.5191 0.1115 0.3285 0.1417 0.1451 0.4819 0.1473 0.2382 0.2710 0.1144 0.5199 0.1328 0.3290 0.2332 0.1177 0.4936 0.1236 0.4082 0.2003 0.1250 0.4299 0.1172 0.4675 0.1735 0.1407 0.3582 0.1138 0.5053 0.1529 0.1899 0.2951 0.1136 0.5209 0.1370 0.2976 0.2447 0.1165 0.5042 0.1255 0.3939 0.2059 0.1234 0.4409 0.1179 0.4608 0.1766 0.1380 0.3663 0.1140 0.5021 0.1549 0.1805 0.3015 0.1136 0.5075
0.1769 0.4537 0.1181 0.4491 0.1186 0.2101 0.3852 0.1264 0.5083 0.1125 0.2495 0.2858 0.1386 0.5205 0.1109 0.3010 0.1791 0.1552 0.5024 0.1126 0.3655 0.1346 0.1773 0.4614 0.1173 0.4401 0.1197 0.2061 0.3952 0.1251 0.5033 0.1130 0.2435 0.3020 0.1364 0.5211 0.1109 0.2896 0.1994 0.1507 0.5096 0.1118 0.3425 0.1448 0.1673 0.4834 0.1145 0.4003 0.1243 0.2010 0.3755 0.1587 0.2218 0.2740 0.1143 0.5203 0.1337 0.3210 0.2368 0.1172 0.4986 0.1246 0.3998 0.2040 0.1238 0.4390 0.1178 0.4610 0.1767 0.1377 0.3675 0.1141 0.5013 0.1554 0.1783 0.3032 0.1135 0.5202 0.1390 0.2821 0.2510 0.1159 0.5096 0.1268 0.3821 0.2107 0.1221 0.4513 0.1187 0.4531 0.1802 0.1351 0.3764 0.1144 0.4977 0.1576 0.1703 0.3098 0.1134 0.5192 0.1375
0.1792 0.1519 0.5074 0.1125 0.3523 0.1406 0.1721 0.4711 0.1162 0.4256 0.1232 0.1997 0.4097 0.1235 0.4945 0.1152 0.2363 0.3191 0.1344 0.5209 0.1121 0.2840 0.2085 0.1495 0.5104 0.1123 0.3444 0.1440 0.1693 0.4769 0.1156 0.4155 0.1249 0.1950 0.4215 0.1220 0.4834 0.1164 0.2270 0.3452 0.1309 0.5180 0.1128 0.2638 0.2570 0.1415 0.5193 0.1117 0.3092 0.1521 0.1922 0.1774 0.2798 0.1141 0.5206 0.1343 0.3148 0.2397 0.1168 0.5026 0.1254 0.3920 0.2075 0.1227 0.4475 0.1185 0.4544 0.1799 0.1352 0.3768 0.1144 0.4971 0.1580 0.1686 0.3115 0.1134 0.5190 0.1410 0.2663 0.2575 0.1153 0.5138 0.1283 0.3698 0.2157 0.1209 0.4615 0.1196 0.4448 0.1839 0.1326 0.3866 0.1148 0.4928 0.1604 0.1621 0.3184 0.1133 0.5176 0.1428 0.2303
0.2683 0.2262 0.1466 0.5137 0.1130 0.3336 0.1509 0.1654 0.4836 0.1153 0.4045 0.1284 0.1908 0.4296 0.1212 0.4779 0.1185 0.2248 0.3474 0.1310 0.5185 0.1140 0.2694 0.2392 0.1447 0.5158 0.1129 0.3261 0.1558 0.1628 0.4888 0.1148 0.3934 0.1307 0.1859 0.4418 0.1197 0.4623 0.1203 0.2143 0.3763 0.1271 0.5092 0.1155 0.2463 0.3000 0.1360 0.5210 0.1128 0.3073 0.1270 0.3033 0.1134 0.5208 0.1347 0.3107 0.2418 0.1165 0.5056 0.1262 0.3848 0.2107 0.1218 0.4552 0.1192 0.4478 0.1830 0.1330 0.3859 0.1148 0.4925 0.1607 0.1609 0.3199 0.1133 0.5172 0.1431 0.2505 0.2643 0.1149 0.5169 0.1298 0.3569 0.2209 0.1198 0.4713 0.1206 0.4361 0.1879 0.1304 0.3971 0.1152 0.4876 0.1632 0.1554 0.3272 0.1133 0.5155 0.1449 0.2379 0.2628
0.1149 0.2782 0.2206 0.1475 0.5126 0.1133 0.3374 0.1493 0.1666 0.4811 0.1158 0.4089 0.1281 0.1925 0.4256 0.1218 0.4816 0.1186 0.2270 0.3417 0.1317 0.5193 0.1143 0.2723 0.2329 0.1456 0.5148 0.1133 0.3295 0.1540 0.1637 0.4871 0.1152 0.3962 0.1307 0.1866 0.4403 0.1199 0.4631 0.1208 0.2140 0.3775 0.1269 0.5080 0.1162 0.2438 0.3068 0.1352 0.5210 0.1118 0.3970 0.1118 0.5210 0.1350 0.3085 0.2430 0.1164 0.5075 0.1268 0.3789 0.2134 0.1211 0.4619 0.1198 0.4414 0.1861 0.1311 0.3947 0.1152 0.4878 0.1633 0.1549 0.3283 0.1134 0.5151 0.1453 0.2348 0.2714 0.1145 0.5191 0.1315 0.3434 0.2263 0.1189 0.4806 0.1217 0.4267 0.1920 0.1284 0.4076 0.1158 0.4818 0.1663 0.1499 0.3363 0.1134 0.5130 0.1472 0.2225 0.2772 0.1151
0.5085 0.1140 0.2849 0.2075 0.1496 0.5099 0.1135 0.3458 0.1454 0.1695 0.4755 0.1164 0.4184 0.1266 0.1963 0.4166 0.1228 0.4893 0.1180 0.2321 0.3290 0.1332 0.5204 0.1141 0.2788 0.2193 0.1476 0.5125 0.1134 0.3369 0.1499 0.1660 0.4828 0.1156 0.4033 0.1295 0.1890 0.4352 0.1205 0.4676 0.1205 0.2157 0.3744 0.1272 0.5086 0.1162 0.2436 0.3068 0.1360 0.5193 0.1145 0.5193 0.1359 0.3070 0.2435 0.1163 0.5085 0.1272 0.3746 0.2156 0.1206 0.4674 0.1204 0.4354 0.1889 0.1296 0.4030 0.1156 0.4830 0.1659 0.1501 0.3366 0.1134 0.5126 0.1475 0.2198 0.2786 0.1142 0.5204 0.1332 0.3293 0.2320 0.1180 0.4891 0.1228 0.4168 0.1962 0.1266 0.4183 0.1164 0.4756 0.1694 0.1454 0.3456 0.1135 0.5099 0.1496 0.2078 0.2847 0.1140 0.5085
0.1336 0.5210 0.1137 0.2925 0.1941 0.1520 0.5065 0.1137 0.3552 0.1416 0.1727 0.4689 0.1170 0.4289 0.1250 0.2006 0.4064 0.1240 0.4968 0.1172 0.2378 0.3146 0.1349 0.5210 0.1139 0.2861 0.2056 0.1498 0.5097 0.1135 0.3449 0.1461 0.1685 0.4782 0.1160 0.4107 0.1282 0.1915 0.4301 0.1210 0.4717 0.1202 0.2171 0.3719 0.1274 0.5089 0.1162 0.2438 0.3000 0.1415 0.4834 0.1415 0.3000 0.2438 0.1162 0.5089 0.1274 0.3719 0.2171 0.1202 0.4716 0.1210 0.4301 0.1915 0.1283 0.4106 0.1160 0.4782 0.1685 0.1462 0.3448 0.1135 0.5098 0.1498 0.2059 0.2860 0.1139 0.5210 0.1349 0.3147 0.2378 0.1172 0.4968 0.1240 0.4064 0.2006 0.1250 0.4289 0.1170 0.4689 0.1727 0.1416 0.3552 0.1137 0.5065 0.1520 0.1941 0.2925 0.1137 0.5210 0.1336
