0.1135 0.3756 0.1367 0.1718 0.4511 0.1154 0.3963 0.1322 0.1793 0.4341 0.1166 0.4185 0.1284 0.1876 0.4148 0.1182 0.4404 0.1252 0.1967 0.3928 0.1202 0.4613 0.1226 0.2065 0.3683 0.1225 0.4797 0.1203 0.2172 0.3412 0.1252 0.4941 0.1184 0.2288 0.3116 0.1282 0.5033 0.1169 0.2413 0.2802 0.1315 0.5077 0.1156 0.2549 0.2479 0.1353 0.5084 0.1145 0.2751 0.1705 0.1804 0.1705 0.2751 0.1145 0.5084 0.1353 0.2479 0.2549 0.1156 0.5077 0.1315 0.2802 0.2413 0.1169 0.5033 0.1282 0.3116 0.2288 0.1184 0.4941 0.1252 0.3412 0.2172 0.1203 0.4797 0.1225 0.3683 0.2065 0.1226 0.4613 0.1202 0.3928 0.1967 0.1252 0.4404 0.1182 0.4148 0.1876 0.1284 0.4185 0.1166 0.4341 0.1793 0.1322 0.3963 0.1154 0.4511 0.1718 0.1367 0.3756 0.1135
0.3756 0.1343 0.1788 0.4628 0.1171 0.4176 0.1286 0.1878 0.4450 0.1189 0.4407 0.1249 0.1967 0.4256 0.1209 0.4626 0.1220 0.2064 0.4038 0.1232 0.4827 0.1197 0.2169 0.3792 0.1259 0.4994 0.1178 0.2284 0.3520 0.1290 0.5113 0.1163 0.2408 0.3221 0.1324 0.5181 0.1152 0.2542 0.2900 0.1362 0.5208 0.1144 0.2687 0.2565 0.1404 0.5205 0.1138 0.2853 0.2120 0.1543 0.4459 0.1543 0.2120 0.2853 0.1138 0.5205 0.1404 0.2565 0.2687 0.1144 0.5208 0.1362 0.2900 0.2542 0.1152 0.5181 0.1324 0.3221 0.2408 0.1163 0.5113 0.1290 0.3520 0.2284 0.1178 0.4994 0.1259 0.3792 0.2169 0.1197 0.4827 0.1232 0.4038 0.2064 0.1220 0.4626 0.1209 0.4256 0.1967 0.1249 0.4407 0.1189 0.4450 0.1878 0.1286 0.4176 0.1171 0.4628 0.1788 0.1343 0.3756
0.1367 0.1788 0.4601 0.1174 0.4256 0.1270 0.1914 0.4368 0.1196 0.4509 0.1234 0.2011 0.4158 0.1218 0.4723 0.1208 0.2112 0.3926 0.1243 0.4910 0.1186 0.2222 0.3668 0.1272 0.5056 0.1170 0.2341 0.3383 0.1304 0.5150 0.1157 0.2469 0.3073 0.1340 0.5198 0.1147 0.2609 0.2744 0.1380 0.5210 0.1140 0.2759 0.2407 0.1423 0.5195 0.1135 0.2922 0.2067 0.1488 0.5038 0.1190 0.5038 0.1488 0.2067 0.2922 0.1135 0.5195 0.1423 0.2407 0.2759 0.1140 0.5210 0.1380 0.2744 0.2609 0.1147 0.5198 0.1340 0.3073 0.2469 0.1157 0.5150 0.1304 0.3383 0.2341 0.1170 0.5056 0.1272 0.3668 0.2222 0.1186 0.4910 0.1243 0.3926 0.2112 0.1208 0.4723 0.1218 0.4158 0.2011 0.1234 0.4509 0.1196 0.4368 0.1914 0.1270 0.4256 0.1174 0.4601 0.1788 0.1367
0.1718 0.4628 0.1174 0.4287 0.1262 0.1942 0.4297 0.1204 0.4601 0.1222 0.2055 0.4056 0.1229 0.4814 0.1197 0.2162 0.3808 0.1256 0.4985 0.1178 0.2276 0.3537 0.1287 0.5107 0.1163 0.2400 0.3240 0.1321 0.5178 0.1152 0.2533 0.2920 0.1358 0.5208 0.1143 0.2678 0.2586 0.1400 0.5206 0.1137 0.2833 0.2253 0.1445 0.5180 0.1134 0.3001 0.1946 0.1497 0.5110 0.1128 0.4588 0.1128 0.5110 0.1497 0.1946 0.3001 0.1134 0.5180 0.1445 0.2253 0.2833 0.1137 0.5206 0.1400 0.2586 0.2678 0.1143 0.5208 0.1358 0.2920 0.2533 0.1152 0.5178 0.1321 0.3240 0.2400 0.1163 0.5107 0.1287 0.3537 0.2276 0.1178 0.4985 0.1256 0.3808 0.2162 0.1197 0.4814 0.1229 0.4056 0.2055 0.1222 0.4601 0.1204 0.4297 0.1942 0.1262 0.4287 0.1174 0.4628 0.1718
0.4511 0.1171 0.4256 0.1262 0.1952 0.4255 0.1210 0.4672 0.1212 0.2097 0.3955 0.1240 0.4895 0.1188 0.2214 0.3686 0.1270 0.5049 0.1171 0.2333 0.3401 0.1302 0.5146 0.1157 0.2461 0.3092 0.1338 0.5196 0.1147 0.2600 0.2764 0.1377 0.5210 0.1140 0.2749 0.2427 0.1421 0.5196 0.1135 0.2910 0.2104 0.1468 0.5159 0.1133 0.3083 0.1825 0.1519 0.5097 0.1131 0.3616 0.1175 0.3616 0.1131 0.5097 0.1519 0.1825 0.3083 0.1133 0.5159 0.1468 0.2104 0.2910 0.1135 0.5196 0.1421 0.2427 0.2749 0.1140 0.5210 0.1377 0.2764 0.2600 0.1147 0.5196 0.1338 0.3092 0.2461 0.1157 0.5146 0.1302 0.3401 0.2333 0.1171 0.5049 0.1270 0.3686 0.2214 0.1188 0.4895 0.1240 0.3955 0.2097 0.1212 0.4672 0.1210 0.4255 0.1952 0.1262 0.4256 0.1171 0.4511
0.1154 0.4176 0.1270 0.1942 0.4255 0.1212 0.4710 0.1206 0.2130 0.3866 0.1251 0.4963 0.1180 0.2264 0.3562 0.1284 0.5100 0.1164 0.2392 0.3259 0.1319 0.5175 0.1152 0.2525 0.2940 0.1356 0.5207 0.1144 0.2669 0.2606 0.1397 0.5207 0.1138 0.2824 0.2272 0.1442 0.5182 0.1134 0.2990 0.1965 0.1491 0.5135 0.1133 0.3168 0.1720 0.1544 0.5066 0.1135 0.3423 0.1373 0.2147 0.1373 0.3423 0.1135 0.5066 0.1544 0.1720 0.3168 0.1133 0.5135 0.1491 0.1965 0.2990 0.1134 0.5182 0.1442 0.2272 0.2824 0.1138 0.5207 0.1397 0.2606 0.2669 0.1144 0.5207 0.1356 0.2940 0.2525 0.1152 0.5175 0.1319 0.3259 0.2392 0.1164 0.5100 0.1284 0.3562 0.2264 0.1180 0.4963 0.1251 0.3866 0.2130 0.1206 0.4710 0.1212 0.4255 0.1942 0.1270 0.4176 0.1154
0.3963 0.1286 0.1914 0.4297 0.1210 0.4710 0.1204 0.2148 0.3805 0.1260 0.5013 0.1174 0.2312 0.3442 0.1298 0.5139 0.1158 0.2451 0.3115 0.1336 0.5194 0.1148 0.2591 0.2784 0.1375 0.5210 0.1141 0.2740 0.2447 0.1418 0.5198 0.1136 0.2900 0.2122 0.1465 0.5162 0.1133 0.3072 0.1840 0.1516 0.5105 0.1134 0.3256 0.1634 0.1571 0.5028 0.1137 0.3462 0.1464 0.1753 0.3737 0.1753 0.1464 0.3462 0.1137 0.5028 0.1571 0.1634 0.3256 0.1134 0.5105 0.1516 0.1840 0.3072 0.1133 0.5162 0.1465 0.2122 0.2900 0.1136 0.5198 0.1418 0.2447 0.2740 0.1141 0.5210 0.1375 0.2784 0.2591 0.1148 0.5194 0.1336 0.3115 0.2451 0.1158 0.5139 0.1298 0.3442 0.2312 0.1174 0.5013 0.1260 0.3805 0.2148 0.1204 0.4710 0.1210 0.4297 0.1914 0.1286 0.3963
0.1322 0.1878 0.4368 0.1204 0.4672 0.1206 0.2148 0.3783 0.1264 0.5044 0.1170 0.2353 0.3333 0.1312 0.5167 0.1154 0.2510 0.2971 0.1353 0.5206 0.1144 0.2659 0.2627 0.1395 0.5208 0.1138 0.2814 0.2291 0.1439 0.5184 0.1134 0.2980 0.1982 0.1488 0.5138 0.1133 0.3157 0.1733 0.1541 0.5071 0.1135 0.3346 0.1565 0.1598 0.4985 0.1140 0.3548 0.1451 0.1684 0.4645 0.1277 0.4645 0.1684 0.1451 0.3548 0.1140 0.4985 0.1598 0.1565 0.3346 0.1135 0.5071 0.1541 0.1733 0.3157 0.1133 0.5138 0.1488 0.1982 0.2980 0.1134 0.5184 0.1439 0.2291 0.2814 0.1138 0.5208 0.1395 0.2627 0.2659 0.1144 0.5206 0.1353 0.2971 0.2510 0.1154 0.5167 0.1312 0.3333 0.2353 0.1170 0.5044 0.1264 0.3783 0.2148 0.1206 0.4672 0.1204 0.4368 0.1878 0.1322
0.1793 0.4450 0.1196 0.4601 0.1212 0.2130 0.3805 0.1264 0.5054 0.1167 0.2381 0.3249 0.1323 0.5184 0.1150 0.2566 0.2832 0.1370 0.5210 0.1141 0.2728 0.2473 0.1415 0.5200 0.1136 0.2891 0.2141 0.1462 0.5165 0.1134 0.3062 0.1855 0.1513 0.5109 0.1134 0.3245 0.1644 0.1567 0.5033 0.1137 0.3439 0.1509 0.1627 0.4938 0.1143 0.3645 0.1417 0.1696 0.4779 0.1170 0.5126 0.1170 0.4779 0.1696 0.1417 0.3645 0.1143 0.4938 0.1627 0.1509 0.3439 0.1137 0.5033 0.1567 0.1644 0.3245 0.1134 0.5109 0.1513 0.1855 0.3062 0.1134 0.5165 0.1462 0.2141 0.2891 0.1136 0.5200 0.1415 0.2473 0.2728 0.1141 0.5210 0.1370 0.2832 0.2566 0.1150 0.5184 0.1323 0.3249 0.2381 0.1167 0.5054 0.1264 0.3805 0.2130 0.1212 0.4601 0.1196 0.4450 0.1793
0.4341 0.1189 0.4509 0.1222 0.2097 0.3866 0.1260 0.5044 0.1167 0.2391 0.3202 0.1331 0.5194 0.1147 0.2615 0.2708 0.1386 0.5209 0.1139 0.2795 0.2326 0.1435 0.5187 0.1135 0.2969 0.2000 0.1485 0.5141 0.1133 0.3146 0.1745 0.1538 0.5076 0.1135 0.3334 0.1573 0.1595 0.4991 0.1139 0.3534 0.1462 0.1657 0.4886 0.1147 0.3745 0.1385 0.1726 0.4752 0.1159 0.4356 0.1121 0.4356 0.1159 0.4752 0.1726 0.1385 0.3745 0.1147 0.4886 0.1657 0.1462 0.3534 0.1139 0.4991 0.1595 0.1573 0.3334 0.1135 0.5076 0.1538 0.1745 0.3146 0.1133 0.5141 0.1485 0.2000 0.2969 0.1135 0.5187 0.1435 0.2326 0.2795 0.1139 0.5209 0.1386 0.2708 0.2615 0.1147 0.5194 0.1331 0.3202 0.2391 0.1167 0.5044 0.1260 0.3866 0.2097 0.1222 0.4509 0.1189 0.4341
0.1166 0.4407 0.1234 0.2055 0.3955 0.1251 0.5013 0.1170 0.2381 0.3202 0.1334 0.5199 0.1146 0.2652 0.2609 0.1400 0.5205 0.1137 0.2861 0.2189 0.1456 0.5170 0.1134 0.3047 0.1875 0.1509 0.5113 0.1134 0.3233 0.1654 0.1564 0.5038 0.1137 0.3427 0.1515 0.1623 0.4944 0.1143 0.3632 0.1423 0.1688 0.4829 0.1151 0.3847 0.1356 0.1759 0.4692 0.1164 0.4145 0.1218 0.2556 0.1218 0.4145 0.1164 0.4692 0.1759 0.1356 0.3847 0.1151 0.4829 0.1688 0.1423 0.3632 0.1143 0.4944 0.1623 0.1515 0.3427 0.1137 0.5038 0.1564 0.1654 0.3233 0.1134 0.5113 0.1509 0.1875 0.3047 0.1134 0.5170 0.1456 0.2189 0.2861 0.1137 0.5205 0.1400 0.2609 0.2652 0.1146 0.5199 0.1334 0.3202 0.2381 0.1170 0.5013 0.1251 0.3955 0.2055 0.1234 0.4407 0.1166
0.4185 0.1249 0.2011 0.4056 0.1240 0.4963 0.1174 0.2353 0.3249 0.1331 0.5199 0.1145 0.2673 0.2543 0.1411 0.5199 0.1136 0.2920 0.2070 0.1475 0.5150 0.1133 0.3125 0.1768 0.1533 0.5082 0.1135 0.3322 0.1582 0.1591 0.4996 0.1139 0.3522 0.1468 0.1653 0.4892 0.1146 0.3732 0.1389 0.1721 0.4768 0.1157 0.3951 0.1331 0.1795 0.4622 0.1170 0.4190 0.1266 0.2040 0.2708 0.2040 0.1266 0.4190 0.1170 0.4622 0.1795 0.1331 0.3951 0.1157 0.4768 0.1721 0.1389 0.3732 0.1146 0.4892 0.1653 0.1468 0.3522 0.1139 0.4996 0.1591 0.1582 0.3322 0.1135 0.5082 0.1533 0.1768 0.3125 0.1133 0.5150 0.1475 0.2070 0.2920 0.1136 0.5199 0.1411 0.2543 0.2673 0.1145 0.5199 0.1331 0.3249 0.2353 0.1174 0.4963 0.1240 0.4056 0.2011 0.1249 0.4185
0.1284 0.1967 0.4158 0.1229 0.4895 0.1180 0.2312 0.3333 0.1323 0.5194 0.1146 0.2673 0.2520 0.1417 0.5194 0.1135 0.2966 0.1977 0.1493 0.5129 0.1134 0.3200 0.1682 0.1557 0.5048 0.1136 0.3411 0.1524 0.1619 0.4951 0.1142 0.3620 0.1427 0.1684 0.4836 0.1151 0.3834 0.1360 0.1755 0.4702 0.1162 0.4057 0.1308 0.1833 0.4545 0.1177 0.4285 0.1264 0.1948 0.3994 0.1405 0.3994 0.1948 0.1264 0.4285 0.1177 0.4545 0.1833 0.1308 0.4057 0.1162 0.4702 0.1755 0.1360 0.3834 0.1151 0.4836 0.1684 0.1427 0.3620 0.1142 0.4951 0.1619 0.1524 0.3411 0.1136 0.5048 0.1557 0.1682 0.3200 0.1134 0.5129 0.1493 0.1977 0.2966 0.1135 0.5194 0.1417 0.2520 0.2673 0.1146 0.5194 0.1323 0.3333 0.2312 0.1180 0.4895 0.1229 0.4158 0.1967 0.1284
0.1876 0.4256 0.1218 0.4814 0.1188 0.2264 0.3442 0.1312 0.5184 0.1147 0.2652 0.2543 0.1417 0.5192 0.1135 0.2998 0.1915 0.1507 0.5110 0.1134 0.3269 0.1616 0.1580 0.5012 0.1138 0.3498 0.1477 0.1647 0.4902 0.1146 0.3718 0.1393 0.1717 0.4776 0.1156 0.3938 0.1334 0.1791 0.4631 0.1169 0.4163 0.1288 0.1871 0.4464 0.1186 0.4390 0.1250 0.1965 0.4204 0.1247 0.5195 0.1247 0.4204 0.1965 0.1250 0.4390 0.1186 0.4464 0.1871 0.1288 0.4163 0.1169 0.4631 0.1791 0.1334 0.3938 0.1156 0.4776 0.1717 0.1393 0.3718 0.1146 0.4902 0.1647 0.1477 0.3498 0.1138 0.5012 0.1580 0.1616 0.3269 0.1134 0.5110 0.1507 0.1915 0.2998 0.1135 0.5192 0.1417 0.2543 0.2652 0.1147 0.5184 0.1312 0.3442 0.2264 0.1188 0.4814 0.1218 0.4256 0.1876
0.4148 0.1209 0.4723 0.1197 0.2214 0.3562 0.1298 0.5167 0.1150 0.2615 0.2609 0.1411 0.5194 0.1135 0.3009 0.1882 0.1516 0.5095 0.1135 0.3326 0.1568 0.1601 0.4975 0.1141 0.3583 0.1439 0.1676 0.4850 0.1150 0.3816 0.1364 0.1750 0.4711 0.1162 0.4043 0.1311 0.1828 0.4555 0.1176 0.4270 0.1269 0.1912 0.4377 0.1194 0.4494 0.1236 0.2005 0.4162 0.1223 0.5012 0.1109 0.5012 0.1223 0.4162 0.2005 0.1236 0.4494 0.1194 0.4377 0.1912 0.1269 0.4270 0.1176 0.4555 0.1828 0.1311 0.4043 0.1162 0.4711 0.1750 0.1364 0.3816 0.1150 0.4850 0.1676 0.1439 0.3583 0.1141 0.4975 0.1601 0.1568 0.3326 0.1135 0.5095 0.1516 0.1882 0.3009 0.1135 0.5194 0.1411 0.2609 0.2615 0.1150 0.5167 0.1298 0.3562 0.2214 0.1197 0.4723 0.1209 0.4148
0.1182 0.4626 0.1208 0.2162 0.3686 0.1284 0.5139 0.1154 0.2566 0.2708 0.1400 0.5199 0.1135 0.2998 0.1882 0.1519 0.5087 0.1135 0.3367 0.1536 0.1619 0.4943 0.1143 0.3662 0.1409 0.1704 0.4797 0.1154 0.3912 0.1339 0.1784 0.4644 0.1168 0.4148 0.1290 0.1866 0.4474 0.1184 0.4376 0.1253 0.1954 0.4285 0.1204 0.4597 0.1223 0.2050 0.4068 0.1228 0.4862 0.1146 0.3088 0.1146 0.4862 0.1228 0.4068 0.2050 0.1223 0.4597 0.1204 0.4285 0.1954 0.1253 0.4376 0.1184 0.4474 0.1866 0.1290 0.4148 0.1168 0.4644 0.1784 0.1339 0.3912 0.1154 0.4797 0.1704 0.1409 0.3662 0.1143 0.4943 0.1619 0.1536 0.3367 0.1135 0.5087 0.1519 0.1882 0.2998 0.1135 0.5199 0.1400 0.2708 0.2566 0.1154 0.5139 0.1284 0.3686 0.2162 0.1208 0.4626 0.1182
0.4404 0.1220 0.2112 0.3808 0.1270 0.5100 0.1158 0.2510 0.2832 0.1386 0.5205 0.1136 0.2966 0.1915 0.1516 0.5087 0.1135 0.3390 0.1517 0.1631 0.4916 0.1146 0.3730 0.1385 0.1730 0.4744 0.1159 0.4005 0.1318 0.1818 0.4574 0.1175 0.4251 0.1272 0.1906 0.4389 0.1193 0.4481 0.1238 0.1998 0.4187 0.1215 0.4695 0.1211 0.2098 0.3959 0.1240 0.4897 0.1176 0.2420 0.1690 0.2420 0.1176 0.4897 0.1240 0.3959 0.2098 0.1211 0.4695 0.1215 0.4187 0.1998 0.1238 0.4481 0.1193 0.4389 0.1906 0.1272 0.4251 0.1175 0.4574 0.1818 0.1318 0.4005 0.1159 0.4744 0.1730 0.1385 0.3730 0.1146 0.4916 0.1631 0.1517 0.3390 0.1135 0.5087 0.1516 0.1915 0.2966 0.1136 0.5205 0.1386 0.2832 0.2510 0.1158 0.5100 0.1270 0.3808 0.2112 0.1220 0.4404
0.1252 0.2064 0.3926 0.1256 0.5049 0.1164 0.2451 0.2971 0.1370 0.5209 0.1137 0.2920 0.1977 0.1507 0.5095 0.1135 0.3390 0.1511 0.1638 0.4899 0.1147 0.3781 0.1368 0.1752 0.4696 0.1164 0.4091 0.1299 0.1851 0.4502 0.1182 0.4350 0.1256 0.1946 0.4301 0.1203 0.4583 0.1225 0.2044 0.4083 0.1226 0.4789 0.1200 0.2148 0.3843 0.1252 0.4966 0.1178 0.2301 0.3049 0.1578 0.3049 0.2301 0.1178 0.4966 0.1252 0.3843 0.2148 0.1200 0.4789 0.1226 0.4083 0.2044 0.1225 0.4583 0.1203 0.4301 0.1946 0.1256 0.4350 0.1182 0.4502 0.1851 0.1299 0.4091 0.1164 0.4696 0.1752 0.1368 0.3781 0.1147 0.4899 0.1638 0.1511 0.3390 0.1135 0.5095 0.1507 0.1977 0.2920 0.1137 0.5209 0.1370 0.2971 0.2451 0.1164 0.5049 0.1256 0.3926 0.2064 0.1252
0.1967 0.4038 0.1243 0.4985 0.1171 0.2392 0.3115 0.1353 0.5210 0.1139 0.2861 0.2070 0.1493 0.5110 0.1135 0.3367 0.1517 0.1638 0.4893 0.1148 0.3813 0.1356 0.1769 0.4656 0.1168 0.4167 0.1284 0.1883 0.4431 0.1190 0.4443 0.1243 0.1986 0.4211 0.1212 0.4679 0.1213 0.2091 0.3975 0.1238 0.4876 0.1190 0.2199 0.3721 0.1266 0.5031 0.1172 0.2324 0.3342 0.1362 0.4983 0.1362 0.3342 0.2324 0.1172 0.5031 0.1266 0.3721 0.2199 0.1190 0.4876 0.1238 0.3975 0.2091 0.1213 0.4679 0.1212 0.4211 0.1986 0.1243 0.4443 0.1190 0.4431 0.1883 0.1284 0.4167 0.1168 0.4656 0.1769 0.1356 0.3813 0.1148 0.4893 0.1638 0.1517 0.3367 0.1135 0.5110 0.1493 0.2070 0.2861 0.1139 0.5210 0.1353 0.3115 0.2392 0.1171 0.4985 0.1243 0.4038 0.1967
0.3928 0.1232 0.4910 0.1178 0.2333 0.3259 0.1336 0.5206 0.1141 0.2795 0.2189 0.1475 0.5129 0.1134 0.3326 0.1536 0.1631 0.4899 0.1148 0.3825 0.1351 0.1781 0.4627 0.1172 0.4227 0.1273 0.1912 0.4365 0.1197 0.4530 0.1231 0.2026 0.4118 0.1222 0.4767 0.1202 0.2139 0.3863 0.1250 0.4954 0.1181 0.2253 0.3593 0.1280 0.5087 0.1166 0.2376 0.3283 0.1326 0.5211 0.1131 0.5211 0.1326 0.3283 0.2376 0.1166 0.5087 0.1280 0.3593 0.2253 0.1181 0.4954 0.1250 0.3863 0.2139 0.1202 0.4767 0.1222 0.4118 0.2026 0.1231 0.4530 0.1197 0.4365 0.1912 0.1273 0.4227 0.1172 0.4627 0.1781 0.1351 0.3825 0.1148 0.4899 0.1631 0.1536 0.3326 0.1134 0.5129 0.1475 0.2189 0.2795 0.1141 0.5206 0.1336 0.3259 0.2333 0.1178 0.4910 0.1232 0.3928
0.1202 0.4827 0.1186 0.2276 0.3401 0.1319 0.5194 0.1144 0.2728 0.2326 0.1456 0.5150 0.1134 0.3269 0.1568 0.1619 0.4916 0.1147 0.3813 0.1351 0.1784 0.4611 0.1174 0.4269 0.1265 0.1935 0.4307 0.1204 0.4606 0.1220 0.2065 0.4026 0.1233 0.4847 0.1193 0.2186 0.3748 0.1263 0.5021 0.1174 0.2309 0.3459 0.1296 0.5131 0.1160 0.2435 0.3152 0.1333 0.5200 0.1119 0.3750 0.1119 0.5200 0.1333 0.3152 0.2435 0.1160 0.5131 0.1296 0.3459 0.2309 0.1174 0.5021 0.1263 0.3748 0.2186 0.1193 0.4847 0.1233 0.4026 0.2065 0.1220 0.4606 0.1204 0.4307 0.1935 0.1265 0.4269 0.1174 0.4611 0.1784 0.1351 0.3813 0.1147 0.4916 0.1619 0.1568 0.3269 0.1134 0.5150 0.1456 0.2326 0.2728 0.1144 0.5194 0.1319 0.3401 0.2276 0.1186 0.4827 0.1202
0.4613 0.1197 0.2222 0.3537 0.1302 0.5175 0.1148 0.2659 0.2473 0.1435 0.5170 0.1133 0.3200 0.1616 0.1601 0.4943 0.1146 0.3781 0.1356 0.1781 0.4611 0.1175 0.4291 0.1260 0.1951 0.4263 0.1209 0.4667 0.1212 0.2100 0.3939 0.1243 0.4917 0.1185 0.2234 0.3633 0.1276 0.5075 0.1167 0.2364 0.3322 0.1311 0.5164 0.1154 0.2498 0.3004 0.1349 0.5204 0.1137 0.2912 0.1319 0.2912 0.1137 0.5204 0.1349 0.3004 0.2498 0.1154 0.5164 0.1311 0.3322 0.2364 0.1167 0.5075 0.1276 0.3633 0.2234 0.1185 0.4917 0.1243 0.3939 0.2100 0.1212 0.4667 0.1209 0.4263 0.1951 0.1260 0.4291 0.1175 0.4611 0.1781 0.1356 0.3781 0.1146 0.4943 0.1601 0.1616 0.3200 0.1133 0.5170 0.1435 0.2473 0.2659 0.1148 0.5175 0.1302 0.3537 0.2222 0.1197 0.4613
0.1226 0.2169 0.3668 0.1287 0.5146 0.1152 0.2591 0.2627 0.1415 0.5187 0.1134 0.3125 0.1682 0.1580 0.4975 0.1143 0.3730 0.1368 0.1769 0.4627 0.1174 0.4291 0.1258 0.1960 0.4235 0.1213 0.4712 0.1206 0.2130 0.3861 0.1252 0.4975 0.1178 0.2279 0.3520 0.1290 0.5118 0.1161 0.2420 0.3185 0.1328 0.5187 0.1150 0.2563 0.2850 0.1367 0.5210 0.1140 0.2762 0.1952 0.1807 0.1952 0.2762 0.1140 0.5210 0.1367 0.2850 0.2563 0.1150 0.5187 0.1328 0.3185 0.2420 0.1161 0.5118 0.1290 0.3520 0.2279 0.1178 0.4975 0.1252 0.3861 0.2130 0.1206 0.4712 0.1213 0.4235 0.1960 0.1258 0.4291 0.1174 0.4627 0.1769 0.1368 0.3730 0.1143 0.4975 0.1580 0.1682 0.3125 0.1134 0.5187 0.1415 0.2627 0.2591 0.1152 0.5146 0.1287 0.3668 0.2169 0.1226
0.2065 0.3792 0.1272 0.5107 0.1157 0.2525 0.2784 0.1395 0.5200 0.1135 0.3047 0.1768 0.1557 0.5012 0.1141 0.3662 0.1385 0.1752 0.4656 0.1172 0.4269 0.1260 0.1960 0.4225 0.1215 0.4739 0.1202 0.2154 0.3797 0.1260 0.5020 0.1173 0.2323 0.3411 0.1303 0.5150 0.1156 0.2476 0.3049 0.1344 0.5201 0.1146 0.2628 0.2695 0.1386 0.5210 0.1139 0.2792 0.2246 0.1519 0.4541 0.1519 0.2246 0.2792 0.1139 0.5210 0.1386 0.2695 0.2628 0.1146 0.5201 0.1344 0.3049 0.2476 0.1156 0.5150 0.1303 0.3411 0.2323 0.1173 0.5020 0.1260 0.3797 0.2154 0.1202 0.4739 0.1215 0.4225 0.1960 0.1260 0.4269 0.1172 0.4656 0.1752 0.1385 0.3662 0.1141 0.5012 0.1557 0.1768 0.3047 0.1135 0.5200 0.1395 0.2784 0.2525 0.1157 0.5107 0.1272 0.3792 0.2065
0.3683 0.1259 0.5056 0.1163 0.2461 0.2940 0.1375 0.5208 0.1136 0.2969 0.1875 0.1533 0.5048 0.1138 0.3583 0.1409 0.1730 0.4696 0.1168 0.4227 0.1265 0.1951 0.4235 0.1215 0.4747 0.1200 0.2168 0.3752 0.1267 0.5051 0.1169 0.2361 0.3310 0.1315 0.5172 0.1152 0.2531 0.2915 0.1360 0.5208 0.1143 0.2693 0.2545 0.1406 0.5204 0.1137 0.2860 0.2184 0.1469 0.5071 0.1181 0.5071 0.1469 0.2184 0.2860 0.1137 0.5204 0.1406 0.2545 0.2693 0.1143 0.5208 0.1360 0.2915 0.2531 0.1152 0.5172 0.1315 0.3310 0.2361 0.1169 0.5051 0.1267 0.3752 0.2168 0.1200 0.4747 0.1215 0.4235 0.1951 0.1265 0.4227 0.1168 0.4696 0.1730 0.1409 0.3583 0.1138 0.5048 0.1533 0.1875 0.2969 0.1136 0.5208 0.1375 0.2940 0.2461 0.1163 0.5056 0.1259 0.3683
0.1225 0.4994 0.1170 0.2400 0.3092 0.1356 0.5210 0.1138 0.2891 0.2000 0.1509 0.5082 0.1136 0.3498 0.1439 0.1704 0.4744 0.1164 0.4167 0.1273 0.1935 0.4263 0.1213 0.4739 0.1200 0.2173 0.3729 0.1271 0.5071 0.1166 0.2392 0.3224 0.1326 0.5188 0.1149 0.2582 0.2788 0.1376 0.5210 0.1140 0.2759 0.2401 0.1425 0.5193 0.1135 0.2935 0.2056 0.1478 0.5134 0.1125 0.4500 0.1125 0.5134 0.1478 0.2056 0.2935 0.1135 0.5193 0.1425 0.2401 0.2759 0.1140 0.5210 0.1376 0.2788 0.2582 0.1149 0.5188 0.1326 0.3224 0.2392 0.1166 0.5071 0.1271 0.3729 0.2173 0.1200 0.4739 0.1213 0.4263 0.1935 0.1273 0.4167 0.1164 0.4744 0.1704 0.1439 0.3498 0.1136 0.5082 0.1509 0.2000 0.2891 0.1138 0.5210 0.1356 0.3092 0.2400 0.1170 0.4994 0.1225
0.4797 0.1178 0.2341 0.3240 0.1338 0.5207 0.1141 0.2814 0.2141 0.1485 0.5113 0.1135 0.3411 0.1477 0.1676 0.4797 0.1159 0.4091 0.1284 0.1912 0.4307 0.1209 0.4712 0.1202 0.2168 0.3729 0.1272 0.5081 0.1164 0.2414 0.3160 0.1335 0.5197 0.1147 0.2629 0.2672 0.1391 0.5208 0.1138 0.2823 0.2264 0.1445 0.5179 0.1134 0.3010 0.1928 0.1499 0.5122 0.1130 0.3534 0.1185 0.3534 0.1130 0.5122 0.1499 0.1928 0.3010 0.1134 0.5179 0.1445 0.2264 0.2823 0.1138 0.5208 0.1391 0.2672 0.2629 0.1147 0.5197 0.1335 0.3160 0.2414 0.1164 0.5081 0.1272 0.3729 0.2168 0.1202 0.4712 0.1209 0.4307 0.1912 0.1284 0.4091 0.1159 0.4797 0.1676 0.1477 0.3411 0.1135 0.5113 0.1485 0.2141 0.2814 0.1141 0.5207 0.1338 0.3240 0.2341 0.1178 0.4797
0.1203 0.2284 0.3383 0.1321 0.5196 0.1144 0.2740 0.2291 0.1462 0.5141 0.1134 0.3322 0.1524 0.1647 0.4850 0.1154 0.4005 0.1299 0.1883 0.4365 0.1204 0.4667 0.1206 0.2154 0.3752 0.1271 0.5081 0.1163 0.2425 0.3120 0.1341 0.5202 0.1145 0.2669 0.2572 0.1405 0.5203 0.1136 0.2884 0.2140 0.1464 0.5161 0.1134 0.3084 0.1817 0.1522 0.5096 0.1134 0.3346 0.1402 0.2106 0.1402 0.3346 0.1134 0.5096 0.1522 0.1817 0.3084 0.1134 0.5161 0.1464 0.2140 0.2884 0.1136 0.5203 0.1405 0.2572 0.2669 0.1145 0.5202 0.1341 0.3120 0.2425 0.1163 0.5081 0.1271 0.3752 0.2154 0.1206 0.4667 0.1204 0.4365 0.1883 0.1299 0.4005 0.1154 0.4850 0.1647 0.1524 0.3322 0.1134 0.5141 0.1462 0.2291 0.2740 0.1144 0.5196 0.1321 0.3383 0.2284 0.1203
0.2172 0.3520 0.1304 0.5178 0.1147 0.2669 0.2447 0.1439 0.5165 0.1133 0.3233 0.1582 0.1619 0.4902 0.1150 0.3912 0.1318 0.1851 0.4431 0.1197 0.4606 0.1212 0.2130 0.3797 0.1267 0.5071 0.1164 0.2425 0.3106 0.1344 0.5205 0.1143 0.2700 0.2493 0.1417 0.5196 0.1135 0.2941 0.2031 0.1482 0.5142 0.1133 0.3158 0.1725 0.1545 0.5064 0.1135 0.3381 0.1504 0.1724 0.3842 0.1724 0.1504 0.3381 0.1135 0.5064 0.1545 0.1725 0.3158 0.1133 0.5142 0.1482 0.2031 0.2941 0.1135 0.5196 0.1417 0.2493 0.2700 0.1143 0.5205 0.1344 0.3106 0.2425 0.1164 0.5071 0.1267 0.3797 0.2130 0.1212 0.4606 0.1197 0.4431 0.1851 0.1318 0.3912 0.1150 0.4902 0.1619 0.1582 0.3233 0.1133 0.5165 0.1439 0.2447 0.2669 0.1147 0.5178 0.1304 0.3520 0.2172
0.3412 0.1290 0.5150 0.1152 0.2600 0.2606 0.1418 0.5184 0.1134 0.3146 0.1654 0.1591 0.4951 0.1146 0.3816 0.1339 0.1818 0.4502 0.1190 0.4530 0.1220 0.2100 0.3861 0.1260 0.5051 0.1166 0.2414 0.3120 0.1344 0.5206 0.1143 0.2719 0.2438 0.1426 0.5189 0.1134 0.2991 0.1940 0.1500 0.5121 0.1134 0.3230 0.1650 0.1567 0.5031 0.1137 0.3457 0.1491 0.1656 0.4706 0.1265 0.4706 0.1656 0.1491 0.3457 0.1137 0.5031 0.1567 0.1650 0.3230 0.1134 0.5121 0.1500 0.1940 0.2991 0.1134 0.5189 0.1426 0.2438 0.2719 0.1143 0.5206 0.1344 0.3120 0.2414 0.1166 0.5051 0.1260 0.3861 0.2100 0.1220 0.4530 0.1190 0.4502 0.1818 0.1339 0.3816 0.1146 0.4951 0.1591 0.1654 0.3146 0.1134 0.5184 0.1418 0.2606 0.2600 0.1152 0.5150 0.1290 0.3412
0.1252 0.5113 0.1157 0.2533 0.2764 0.1397 0.5198 0.1134 0.3062 0.1745 0.1564 0.4996 0.1142 0.3718 0.1364 0.1784 0.4574 0.1182 0.4443 0.1231 0.2065 0.3939 0.1252 0.5020 0.1169 0.2392 0.3160 0.1341 0.5205 0.1143 0.2726 0.2409 0.1432 0.5184 0.1134 0.3031 0.1869 0.1515 0.5100 0.1134 0.3296 0.1592 0.1590 0.4995 0.1139 0.3539 0.1456 0.1666 0.4835 0.1163 0.5085 0.1163 0.4835 0.1666 0.1456 0.3539 0.1139 0.4995 0.1590 0.1592 0.3296 0.1134 0.5100 0.1515 0.1869 0.3031 0.1134 0.5184 0.1432 0.2409 0.2726 0.1143 0.5205 0.1341 0.3160 0.2392 0.1169 0.5020 0.1252 0.3939 0.2065 0.1231 0.4443 0.1182 0.4574 0.1784 0.1364 0.3718 0.1142 0.4996 0.1564 0.1745 0.3062 0.1134 0.5198 0.1397 0.2764 0.2533 0.1157 0.5113 0.1252
0.4941 0.1163 0.2469 0.2920 0.1377 0.5207 0.1136 0.2980 0.1855 0.1538 0.5038 0.1139 0.3620 0.1393 0.1750 0.4644 0.1175 0.4350 0.1243 0.2026 0.4026 0.1243 0.4975 0.1173 0.2361 0.3224 0.1335 0.5202 0.1143 0.2719 0.2409 0.1434 0.5181 0.1134 0.3059 0.1821 0.1527 0.5082 0.1135 0.3356 0.1548 0.1610 0.4960 0.1142 0.3620 0.1424 0.1690 0.4816 0.1153 0.4256 0.1125 0.4256 0.1153 0.4816 0.1690 0.1424 0.3620 0.1142 0.4960 0.1610 0.1548 0.3356 0.1135 0.5082 0.1527 0.1821 0.3059 0.1134 0.5181 0.1434 0.2409 0.2719 0.1143 0.5202 0.1335 0.3224 0.2361 0.1173 0.4975 0.1243 0.4026 0.2026 0.1243 0.4350 0.1175 0.4644 0.1750 0.1393 0.3620 0.1139 0.5038 0.1538 0.1855 0.2980 0.1136 0.5207 0.1377 0.2920 0.2469 0.1163 0.4941
0.1184 0.2408 0.3073 0.1358 0.5210 0.1138 0.2900 0.1982 0.1513 0.5076 0.1137 0.3522 0.1427 0.1717 0.4711 0.1168 0.4251 0.1256 0.1986 0.4118 0.1233 0.4917 0.1178 0.2323 0.3310 0.1326 0.5197 0.1145 0.2700 0.2438 0.1432 0.5181 0.1134 0.3073 0.1793 0.1535 0.5068 0.1136 0.3407 0.1515 0.1629 0.4926 0.1144 0.3696 0.1397 0.1716 0.4770 0.1157 0.4034 0.1233 0.2493 0.1233 0.4034 0.1157 0.4770 0.1716 0.1397 0.3696 0.1144 0.4926 0.1629 0.1515 0.3407 0.1136 0.5068 0.1535 0.1793 0.3073 0.1134 0.5181 0.1432 0.2438 0.2700 0.1145 0.5197 0.1326 0.3310 0.2323 0.1178 0.4917 0.1233 0.4118 0.1986 0.1256 0.4251 0.1168 0.4711 0.1717 0.1427 0.3522 0.1137 0.5076 0.1513 0.1982 0.2900 0.1138 0.5210 0.1358 0.3073 0.2408 0.1184
0.2288 0.3221 0.1340 0.5208 0.1140 0.2824 0.2122 0.1488 0.5109 0.1135 0.3427 0.1468 0.1684 0.4776 0.1162 0.4148 0.1272 0.1946 0.4211 0.1222 0.4847 0.1185 0.2279 0.3411 0.1315 0.5188 0.1147 0.2669 0.2493 0.1426 0.5184 0.1134 0.3073 0.1783 0.1540 0.5058 0.1137 0.3444 0.1492 0.1645 0.4895 0.1147 0.3766 0.1375 0.1741 0.4721 0.1161 0.4061 0.1287 0.1991 0.2873 0.1992 0.1287 0.4062 0.1161 0.4721 0.1741 0.1375 0.3766 0.1147 0.4895 0.1645 0.1492 0.3444 0.1137 0.5058 0.1540 0.1783 0.3073 0.1134 0.5184 0.1426 0.2493 0.2669 0.1147 0.5188 0.1315 0.3411 0.2279 0.1185 0.4848 0.1223 0.4209 0.1946 0.1272 0.4149 0.1162 0.4776 0.1684 0.1468 0.3427 0.1135 0.5109 0.1488 0.2122 0.2824 0.1140 0.5208 0.1340 0.3221 0.2288
0.3116 0.1324 0.5198 0.1143 0.2749 0.2272 0.1465 0.5138 0.1134 0.3334 0.1515 0.1653 0.4836 0.1156 0.4043 0.1290 0.1906 0.4301 0.1212 0.4767 0.1193 0.2234 0.3520 0.1303 0.5172 0.1149 0.2629 0.2572 0.1417 0.5189 0.1134 0.3059 0.1793 0.1540 0.5055 0.1137 0.3468 0.1477 0.1657 0.4870 0.1149 0.3826 0.1357 0.1765 0.4671 0.1166 0.4133 0.1288 0.1897 0.4119 0.1382 0.4118 0.1897 0.1288 0.4134 0.1166 0.4671 0.1765 0.1357 0.3826 0.1149 0.4870 0.1657 0.1477 0.3468 0.1137 0.5055 0.1540 0.1793 0.3059 0.1134 0.5189 0.1417 0.2572 0.2629 0.1149 0.5172 0.1303 0.3520 0.2234 0.1193 0.4768 0.1213 0.4299 0.1906 0.1290 0.4044 0.1156 0.4836 0.1653 0.1515 0.3335 0.1134 0.5138 0.1465 0.2272 0.2750 0.1143 0.5198 0.1324 0.3116
0.1282 0.5181 0.1147 0.2678 0.2427 0.1442 0.5162 0.1133 0.3245 0.1573 0.1623 0.4892 0.1151 0.3938 0.1311 0.1866 0.4389 0.1203 0.4679 0.1202 0.2186 0.3633 0.1290 0.5150 0.1152 0.2582 0.2672 0.1405 0.5196 0.1134 0.3031 0.1821 0.1535 0.5058 0.1137 0.3477 0.1469 0.1665 0.4851 0.1151 0.3873 0.1343 0.1786 0.4625 0.1171 0.4207 0.1277 0.1904 0.4333 0.1231 0.5207 0.1231 0.4331 0.1904 0.1277 0.4208 0.1171 0.4625 0.1786 0.1343 0.3873 0.1151 0.4851 0.1665 0.1469 0.3477 0.1137 0.5058 0.1536 0.1821 0.3031 0.1134 0.5196 0.1405 0.2671 0.2583 0.1152 0.5150 0.1290 0.3632 0.2187 0.1202 0.4681 0.1203 0.4387 0.1867 0.1310 0.3939 0.1151 0.4892 0.1624 0.1572 0.3246 0.1133 0.5162 0.1442 0.2426 0.2679 0.1147 0.5181 0.1282
0.5033 0.1152 0.2609 0.2586 0.1421 0.5182 0.1133 0.3157 0.1644 0.1595 0.4944 0.1146 0.3834 0.1334 0.1828 0.4474 0.1193 0.4583 0.1213 0.2139 0.3748 0.1276 0.5118 0.1156 0.2531 0.2788 0.1391 0.5203 0.1135 0.2991 0.1869 0.1527 0.5068 0.1137 0.3468 0.1469 0.1667 0.4841 0.1152 0.3906 0.1333 0.1803 0.4586 0.1175 0.4275 0.1265 0.1929 0.4317 0.1207 0.4914 0.1109 0.4917 0.1207 0.4312 0.1931 0.1264 0.4278 0.1175 0.4583 0.1804 0.1332 0.3909 0.1152 0.4840 0.1668 0.1468 0.3470 0.1136 0.5067 0.1528 0.1866 0.2993 0.1135 0.5202 0.1392 0.2782 0.2533 0.1156 0.5119 0.1277 0.3742 0.2141 0.1212 0.4588 0.1194 0.4470 0.1830 0.1332 0.3839 0.1146 0.4941 0.1596 0.1640 0.3161 0.1133 0.5181 0.1422 0.2578 0.2612 0.1151 0.5035
0.1169 0.2542 0.2744 0.1400 0.5196 0.1134 0.3072 0.1733 0.1567 0.4991 0.1143 0.3732 0.1360 0.1791 0.4555 0.1184 0.4481 0.1225 0.2091 0.3863 0.1263 0.5075 0.1161 0.2476 0.2915 0.1376 0.5208 0.1136 0.2941 0.1940 0.1515 0.5082 0.1136 0.3444 0.1477 0.1665 0.4841 0.1153 0.3924 0.1327 0.1814 0.4556 0.1179 0.4331 0.1256 0.1955 0.4264 0.1209 0.4717 0.1155 0.2985 0.1151 0.4748 0.1212 0.4234 0.1968 0.1249 0.4357 0.1180 0.4538 0.1823 0.1320 0.3946 0.1153 0.4829 0.1671 0.1466 0.3462 0.1135 0.5075 0.1520 0.1914 0.2956 0.1134 0.5207 0.1380 0.2884 0.2489 0.1158 0.5086 0.1266 0.3838 0.2101 0.1220 0.4503 0.1186 0.4539 0.1799 0.1352 0.3754 0.1142 0.4981 0.1574 0.1711 0.3090 0.1132 0.5194 0.1404 0.2708 0.2557 0.1165
0.2413 0.2900 0.1380 0.5206 0.1135 0.2990 0.1840 0.1541 0.5033 0.1139 0.3632 0.1389 0.1755 0.4631 0.1176 0.4376 0.1238 0.2044 0.3975 0.1250 0.5021 0.1167 0.2420 0.3049 0.1360 0.5210 0.1138 0.2884 0.2031 0.1500 0.5100 0.1135 0.3407 0.1492 0.1657 0.4851 0.1152 0.3924 0.1325 0.1820 0.4537 0.1181 0.4371 0.1249 0.1978 0.4209 0.1215 0.4724 0.1192 0.2342 0.1739 0.2438 0.1160 0.4888 0.1234 0.4036 0.2052 0.1215 0.4526 0.1191 0.4422 0.1875 0.1286 0.4059 0.1155 0.4777 0.1697 0.1431 0.3518 0.1131 0.5060 0.1530 0.1875 0.2975 0.1128 0.5206 0.1382 0.2874 0.2493 0.1151 0.5084 0.1265 0.3845 0.2100 0.1213 0.4495 0.1183 0.4545 0.1797 0.1347 0.3746 0.1138 0.4985 0.1573 0.1713 0.3084 0.1127 0.5195 0.1404 0.2708 0.2493
0.2802 0.1362 0.5210 0.1137 0.2910 0.1965 0.1516 0.5071 0.1137 0.3534 0.1423 0.1721 0.4702 0.1169 0.4270 0.1253 0.1998 0.4083 0.1238 0.4954 0.1174 0.2364 0.3185 0.1344 0.5208 0.1140 0.2823 0.2140 0.1482 0.5121 0.1134 0.3356 0.1515 0.1645 0.4870 0.1151 0.3906 0.1327 0.1820 0.4531 0.1183 0.4395 0.1244 0.1994 0.4165 0.1220 0.4766 0.1197 0.2206 0.3096 0.1679 0.1899 0.2755 0.1115 0.5194 0.1326 0.3262 0.2364 0.1141 0.5011 0.1253 0.3899 0.2099 0.1190 0.4552 0.1189 0.4455 0.1852 0.1289 0.3923 0.1142 0.4885 0.1637 0.1527 0.3284 0.1117 0.5150 0.1458 0.2319 0.2727 0.1120 0.5194 0.1318 0.3402 0.2280 0.1158 0.4825 0.1217 0.4246 0.1935 0.1251 0.4099 0.1151 0.4806 0.1675 0.1463 0.3386 0.1119 0.5121 0.1485 0.1945
0.1315 0.5208 0.1140 0.2833 0.2104 0.1491 0.5105 0.1135 0.3439 0.1462 0.1688 0.4768 0.1162 0.4163 0.1269 0.1954 0.4187 0.1226 0.4876 0.1181 0.2309 0.3322 0.1328 0.5201 0.1143 0.2759 0.2264 0.1464 0.5142 0.1134 0.3296 0.1548 0.1629 0.4895 0.1149 0.3873 0.1333 0.1814 0.4537 0.1183 0.4403 0.1242 0.2004 0.4135 0.1224 0.4804 0.1195 0.2194 0.3534 0.1422 0.3947 0.2275 0.1199 0.4152 0.1152 0.4785 0.1696 0.1420 0.3492 0.1121 0.5070 0.1526 0.1887 0.2962 0.1111 0.5207 0.1383 0.2862 0.2500 0.1126 0.5095 0.1268 0.3810 0.2120 0.1182 0.4533 0.1185 0.4512 0.1820 0.1310 0.3792 0.1133 0.4963 0.1590 0.1650 0.3124 0.1110 0.5189 0.1414 0.2639 0.2585 0.1120 0.5142 0.1284 0.3683 0.2169 0.1171 0.4633 0.1195 0.4421 0.1820
0.5077 0.1144 0.2759 0.2253 0.1468 0.5135 0.1134 0.3346 0.1509 0.1657 0.4829 0.1157 0.4057 0.1288 0.1912 0.4285 0.1215 0.4789 0.1190 0.2253 0.3459 0.1311 0.5187 0.1146 0.2693 0.2401 0.1445 0.5161 0.1133 0.3230 0.1592 0.1610 0.4926 0.1147 0.3826 0.1343 0.1803 0.4556 0.1181 0.4395 0.1242 0.2007 0.4120 0.1227 0.4830 0.1192 0.2207 0.3630 0.1314 0.5071 0.1421 0.1233 0.4201 0.1131 0.5040 0.1539 0.1831 0.3003 0.1124 0.5203 0.1391 0.2799 0.2526 0.1142 0.5113 0.1274 0.3764 0.2135 0.1198 0.4571 0.1189 0.4482 0.1828 0.1319 0.3830 0.1139 0.4946 0.1597 0.1633 0.3156 0.1122 0.5182 0.1421 0.2583 0.2611 0.1135 0.5154 0.1290 0.3635 0.2185 0.1186 0.4663 0.1198 0.4406 0.1862 0.1298 0.3919 0.1143 0.4900 0.1624 0.1525
0.1156 0.2687 0.2407 0.1445 0.5159 0.1133 0.3256 0.1565 0.1627 0.4886 0.1151 0.3951 0.1308 0.1871 0.4377 0.1204 0.4695 0.1200 0.2199 0.3593 0.1296 0.5164 0.1150 0.2628 0.2545 0.1425 0.5179 0.1134 0.3158 0.1650 0.1590 0.4960 0.1144 0.3766 0.1357 0.1786 0.4586 0.1179 0.4371 0.1244 0.2004 0.4120 0.1227 0.4842 0.1190 0.2221 0.3621 0.1286 0.5174 0.1133 0.3291 0.4966 0.1180 0.5011 0.1525 0.1919 0.2948 0.1134 0.5208 0.1376 0.2919 0.2475 0.1158 0.5074 0.1263 0.3866 0.2091 0.1221 0.4481 0.1183 0.4554 0.1792 0.1355 0.3735 0.1140 0.4990 0.1569 0.1727 0.3075 0.1131 0.5196 0.1401 0.2738 0.2545 0.1152 0.5119 0.1276 0.3758 0.2134 0.1210 0.4567 0.1191 0.4489 0.1822 0.1334 0.3817 0.1143 0.4952 0.1591 0.1653 0.3061
0.2549 0.2565 0.1423 0.5180 0.1133 0.3168 0.1634 0.1598 0.4938 0.1147 0.3847 0.1331 0.1833 0.4464 0.1194 0.4597 0.1211 0.2148 0.3721 0.1280 0.5131 0.1154 0.2563 0.2695 0.1406 0.5193 0.1134 0.3084 0.1725 0.1567 0.4995 0.1142 0.3696 0.1375 0.1765 0.4625 0.1175 0.4331 0.1249 0.1994 0.4135 0.1227 0.4842 0.1190 0.2228 0.3597 0.1286 0.5130 0.1146 0.2788 0.1826 0.1393 0.4769 0.1554 0.1854 0.2986 0.1135 0.5204 0.1387 0.2832 0.2511 0.1158 0.5103 0.1271 0.3790 0.2121 0.1216 0.4548 0.1190 0.4502 0.1815 0.1341 0.3800 0.1145 0.4960 0.1586 0.1671 0.3129 0.1133 0.5187 0.1414 0.2638 0.2586 0.1152 0.5143 0.1285 0.3678 0.2165 0.1206 0.4631 0.1197 0.4435 0.1846 0.1322 0.3882 0.1148 0.4920 0.1608 0.1608 0.3198 0.1134
0.2479 0.1404 0.5195 0.1134 0.3083 0.1720 0.1571 0.4985 0.1143 0.3745 0.1356 0.1795 0.4545 0.1186 0.4494 0.1223 0.2098 0.3843 0.1266 0.5087 0.1160 0.2498 0.2850 0.1386 0.5204 0.1135 0.3010 0.1817 0.1545 0.5031 0.1139 0.3620 0.1397 0.1741 0.4671 0.1171 0.4275 0.1256 0.1978 0.4165 0.1224 0.4830 0.1190 0.2228 0.3588 0.1288 0.5129 0.1155 0.2553 0.2377 0.1577 0.4382 0.1607 0.1761 0.3040 0.1134 0.5197 0.1401 0.2714 0.2562 0.1154 0.5137 0.1284 0.3683 0.2166 0.1206 0.4640 0.1199 0.4424 0.1851 0.1320 0.3896 0.1149 0.4914 0.1612 0.1600 0.3209 0.1133 0.5171 0.1433 0.2491 0.2650 0.1148 0.5171 0.1300 0.3557 0.2214 0.1197 0.4721 0.1207 0.4353 0.1882 0.1302 0.3980 0.1153 0.4871 0.1635 0.1548 0.3280 0.1135 0.5016
0.1353 0.5205 0.1135 0.3001 0.1825 0.1544 0.5028 0.1140 0.3645 0.1385 0.1759 0.4622 0.1177 0.4390 0.1236 0.2050 0.3959 0.1252 0.5031 0.1166 0.2435 0.3004 0.1367 0.5210 0.1137 0.2935 0.1928 0.1522 0.5064 0.1137 0.3539 0.1424 0.1716 0.4721 0.1166 0.4207 0.1265 0.1955 0.4209 0.1220 0.4804 0.1192 0.2221 0.3597 0.1288 0.5130 0.1157 0.2508 0.2713 0.1521 0.4097 0.1682 0.1647 0.3100 0.1134 0.5189 0.1416 0.2597 0.2613 0.1150 0.5164 0.1297 0.3571 0.2212 0.1197 0.4729 0.1208 0.4338 0.1889 0.1299 0.3999 0.1154 0.4860 0.1640 0.1538 0.3297 0.1134 0.5149 0.1455 0.2336 0.2719 0.1145 0.5192 0.1316 0.3423 0.2267 0.1188 0.4812 0.1217 0.4260 0.1923 0.1283 0.4084 0.1158 0.4814 0.1665 0.1496 0.3370 0.1134 0.5127 0.1439
0.5084 0.1138 0.2922 0.1946 0.1519 0.5066 0.1137 0.3548 0.1417 0.1726 0.4692 0.1170 0.4285 0.1250 0.2005 0.4068 0.1240 0.4966 0.1172 0.2376 0.3152 0.1349 0.5210 0.1139 0.2860 0.2056 0.1499 0.5096 0.1135 0.3457 0.1456 0.1690 0.4770 0.1161 0.4133 0.1277 0.1929 0.4264 0.1215 0.4766 0.1195 0.2206 0.3624 0.1286 0.5128 0.1157 0.2499 0.2848 0.1450 0.4446 0.1820 0.1468 0.3208 0.1132 0.5179 0.1429 0.2491 0.2662 0.1147 0.5183 0.1310 0.3459 0.2259 0.1189 0.4811 0.1218 0.4251 0.1929 0.1280 0.4104 0.1159 0.4802 0.1671 0.1486 0.3388 0.1134 0.5122 0.1478 0.2184 0.2792 0.1141 0.5205 0.1333 0.3282 0.2324 0.1179 0.4897 0.1229 0.4161 0.1965 0.1265 0.4190 0.1164 0.4752 0.1696 0.1451 0.3463 0.1136 0.5097 0.1498 0.1896
0.1145 0.2853 0.2067 0.1497 0.5097 0.1135 0.3462 0.1451 0.1696 0.4752 0.1164 0.4190 0.1264 0.1965 0.4162 0.1228 0.4897 0.1178 0.2324 0.3283 0.1333 0.5204 0.1140 0.2792 0.2184 0.1478 0.5122 0.1134 0.3381 0.1491 0.1666 0.4816 0.1157 0.4061 0.1288 0.1904 0.4317 0.1209 0.4723 0.1198 0.2189 0.3657 0.1283 0.5124 0.1156 0.2498 0.2902 0.1393 0.5022 0.1391 0.1313 0.3610 0.1129 0.5165 0.1441 0.2398 0.2707 0.1145 0.5195 0.1322 0.3350 0.2304 0.1181 0.4885 0.1228 0.4161 0.1968 0.1263 0.4207 0.1165 0.4739 0.1703 0.1443 0.3482 0.1136 0.5090 0.1502 0.2039 0.2868 0.1139 0.5210 0.1351 0.3136 0.2382 0.1172 0.4973 0.1241 0.4056 0.2010 0.1249 0.4297 0.1171 0.4684 0.1729 0.1414 0.3559 0.1138 0.5062 0.1522 0.1931 0.2852
0.2751 0.2120 0.1488 0.5110 0.1131 0.3423 0.1464 0.1684 0.4779 0.1159 0.4145 0.1266 0.1948 0.4204 0.1223 0.4862 0.1176 0.2301 0.3342 0.1326 0.5200 0.1137 0.2762 0.2246 0.1469 0.5134 0.1130 0.3346 0.1504 0.1656 0.4835 0.1153 0.4034 0.1287 0.1897 0.4333 0.1207 0.4716 0.1193 0.2192 0.3644 0.1285 0.5133 0.1150 0.2523 0.2851 0.1381 0.5202 0.1126 0.3781 0.4932 0.1144 0.5122 0.1455 0.2319 0.2746 0.1143 0.5203 0.1334 0.3248 0.2347 0.1175 0.4950 0.1238 0.4070 0.2007 0.1249 0.4305 0.1172 0.4674 0.1735 0.1407 0.3578 0.1138 0.5055 0.1527 0.1906 0.2946 0.1136 0.5209 0.1369 0.2985 0.2443 0.1165 0.5039 0.1254 0.3945 0.2056 0.1234 0.4403 0.1178 0.4612 0.1764 0.1381 0.3657 0.1140 0.5023 0.1548 0.1811 0.3011 0.1139
0.1705 0.1543 0.5038 0.1128 0.3616 0.1373 0.1753 0.4645 0.1170 0.4356 0.1218 0.2040 0.3994 0.1247 0.5012 0.1146 0.2420 0.3049 0.1362 0.5211 0.1119 0.2912 0.1952 0.1519 0.5071 0.1125 0.3534 0.1402 0.1724 0.4706 0.1163 0.4256 0.1233 0.1991 0.4119 0.1231 0.4913 0.1156 0.2323 0.3319 0.1325 0.5197 0.1125 0.2703 0.2419 0.1436 0.5175 0.1116 0.3371 0.1385 0.1472 0.4761 0.1496 0.2236 0.2779 0.1141 0.5208 0.1345 0.3152 0.2388 0.1170 0.5004 0.1248 0.3978 0.2047 0.1236 0.4400 0.1179 0.4606 0.1768 0.1377 0.3675 0.1141 0.5015 0.1553 0.1789 0.3027 0.1135 0.5202 0.1389 0.2830 0.2506 0.1159 0.5093 0.1268 0.3828 0.2104 0.1221 0.4507 0.1187 0.4535 0.1800 0.1353 0.3758 0.1143 0.4979 0.1574 0.1708 0.3094 0.1135 0.5062
0.1804 0.4459 0.1190 0.4588 0.1175 0.2147 0.3737 0.1277 0.5126 0.1121 0.2556 0.2708 0.1405 0.5195 0.1109 0.3088 0.1690 0.1578 0.4983 0.1131 0.3750 0.1319 0.1807 0.4541 0.1181 0.4500 0.1185 0.2106 0.3842 0.1265 0.5085 0.1125 0.2493 0.2873 0.1382 0.5207 0.1109 0.2970 0.1868 0.1531 0.5063 0.1121 0.3514 0.1408 0.1703 0.4777 0.1152 0.4104 0.1226 0.2053 0.3635 0.1614 0.2078 0.2809 0.1140 0.5210 0.1354 0.3069 0.2425 0.1165 0.5047 0.1258 0.3890 0.2085 0.1225 0.4489 0.1186 0.4537 0.1801 0.1351 0.3771 0.1144 0.4971 0.1580 0.1690 0.3111 0.1134 0.5190 0.1409 0.2672 0.2572 0.1154 0.5136 0.1282 0.3705 0.2154 0.1209 0.4609 0.1196 0.4453 0.1837 0.1328 0.3861 0.1147 0.4931 0.1602 0.1625 0.3179 0.1133 0.5177 0.1394
0.1705 0.1543 0.5038 0.1128 0.3616 0.1373 0.1753 0.4645 0.1170 0.4356 0.1218 0.2040 0.3994 0.1247 0.5012 0.1146 0.2420 0.3049 0.1362 0.5211 0.1119 0.2912 0.1952 0.1519 0.5071 0.1125 0.3534 0.1402 0.1724 0.4706 0.1163 0.4256 0.1233 0.1991 0.4119 0.1231 0.4913 0.1156 0.2323 0.3319 0.1325 0.5197 0.1125 0.2703 0.2419 0.1436 0.5177 0.1117 0.3172 0.1468 0.1961 0.1677 0.2869 0.1138 0.5210 0.1360 0.3005 0.2455 0.1162 0.5080 0.1267 0.3808 0.2121 0.1215 0.4572 0.1193 0.4467 0.1834 0.1328 0.3865 0.1148 0.4924 0.1607 0.1611 0.3196 0.1133 0.5173 0.1430 0.2513 0.2640 0.1149 0.5168 0.1298 0.3576 0.2206 0.1199 0.4708 0.1205 0.4365 0.1876 0.1305 0.3965 0.1152 0.4879 0.1631 0.1557 0.3267 0.1133 0.5156 0.1449 0.2167
0.2751 0.2120 0.1488 0.5110 0.1131 0.3423 0.1464 0.1684 0.4779 0.1159 0.4145 0.1266 0.1948 0.4204 0.1223 0.4862 0.1176 0.2301 0.3342 0.1326 0.5200 0.1137 0.2762 0.2246 0.1469 0.5134 0.1130 0.3346 0.1504 0.1656 0.4835 0.1153 0.4034 0.1287 0.1897 0.4333 0.1207 0.4716 0.1193 0.2192 0.3644 0.1285 0.5133 0.1150 0.2523 0.2854 0.1378 0.5209 0.1126 0.3153 0.1250 0.3111 0.1132 0.5210 0.1364 0.2963 0.2477 0.1160 0.5104 0.1275 0.3733 0.2154 0.1207 0.4647 0.1201 0.4397 0.1867 0.1309 0.3958 0.1152 0.4875 0.1634 0.1548 0.3283 0.1134 0.5152 0.1452 0.2356 0.2710 0.1145 0.5190 0.1314 0.3441 0.2260 0.1189 0.4801 0.1216 0.4272 0.1917 0.1285 0.4070 0.1157 0.4822 0.1661 0.1502 0.3358 0.1134 0.5131 0.1471 0.2233 0.2695
0.1145 0.2853 0.2067 0.1497 0.5097 0.1135 0.3462 0.1451 0.1696 0.4752 0.1164 0.4190 0.1264 0.1965 0.4162 0.1228 0.4897 0.1178 0.2324 0.3283 0.1333 0.5204 0.1140 0.2792 0.2184 0.1478 0.5122 0.1134 0.3381 0.1491 0.1666 0.4816 0.1157 0.4061 0.1288 0.1904 0.4317 0.1209 0.4723 0.1198 0.2189 0.3657 0.1283 0.5124 0.1156 0.2497 0.2923 0.1369 0.5209 0.1118 0.4070 0.1118 0.5209 0.1367 0.2941 0.2490 0.1158 0.5119 0.1281 0.3671 0.2183 0.1201 0.4711 0.1208 0.4329 0.1898 0.1292 0.4047 0.1157 0.4824 0.1661 0.1498 0.3369 0.1134 0.5126 0.1475 0.2203 0.2783 0.1142 0.5203 0.1331 0.3301 0.2316 0.1180 0.4887 0.1227 0.4174 0.1960 0.1267 0.4177 0.1163 0.4760 0.1692 0.1457 0.3451 0.1135 0.5101 0.1494 0.2085 0.2843 0.1147
0.5084 0.1138 0.2922 0.1946 0.1519 0.5066 0.1137 0.3548 0.1417 0.1726 0.4692 0.1170 0.4285 0.1250 0.2005 0.4068 0.1240 0.4966 0.1172 0.2376 0.3152 0.1349 0.5210 0.1139 0.2860 0.2056 0.1499 0.5096 0.1135 0.3457 0.1456 0.1690 0.4770 0.1161 0.4133 0.1277 0.1929 0.4264 0.1215 0.4766 0.1195 0.2206 0.3624 0.1286 0.5128 0.1157 0.2496 0.2923 0.1378 0.5177 0.1152 0.5178 0.1377 0.2926 0.2495 0.1157 0.5128 0.1285 0.3626 0.2205 0.1196 0.4764 0.1214 0.4266 0.1928 0.1278 0.4130 0.1161 0.4773 0.1689 0.1458 0.3454 0.1136 0.5097 0.1498 0.2060 0.2858 0.1139 0.5210 0.1348 0.3155 0.2375 0.1173 0.4964 0.1239 0.4069 0.2004 0.1251 0.4283 0.1170 0.4693 0.1725 0.1418 0.3547 0.1137 0.5067 0.1519 0.1948 0.2920 0.1138 0.5084
0.1353 0.5205 0.1135 0.3001 0.1825 0.1544 0.5028 0.1140 0.3645 0.1385 0.1759 0.4622 0.1177 0.4390 0.1236 0.2050 0.3959 0.1252 0.5031 0.1166 0.2435 0.3004 0.1367 0.5210 0.1137 0.2935 0.1928 0.1522 0.5064 0.1137 0.3539 0.1424 0.1716 0.4721 0.1166 0.4207 0.1265 0.1955 0.4209 0.1220 0.4804 0.1192 0.2221 0.3597 0.1288 0.5130 0.1157 0.2497 0.2854 0.1436 0.4777 0.1436 0.2854 0.2497 0.1157 0.5130 0.1288 0.3598 0.2221 0.1192 0.4804 0.1220 0.4209 0.1955 0.1266 0.4206 0.1166 0.4721 0.1716 0.1425 0.3538 0.1137 0.5065 0.1521 0.1931 0.2933 0.1137 0.5210 0.1367 0.3004 0.2435 0.1166 0.5031 0.1252 0.3959 0.2050 0.1236 0.4389 0.1177 0.4622 0.1759 0.1385 0.3645 0.1140 0.5028 0.1544 0.1825 0.3000 0.1135 0.5205 0.1353
