0.1150 0.2756 0.2059 0.1410 0.5049 0.1138 0.2909 0.1818 0.1456 0.4995 0.1134 0.3082 0.1644 0.1507 0.4920 0.1134 0.3266 0.1530 0.1563 0.4824 0.1136 0.3461 0.1449 0.1624 0.4707 0.1141 0.3667 0.1387 0.1691 0.4568 0.1150 0.3882 0.1338 0.1765 0.4407 0.1161 0.4103 0.1297 0.1845 0.4222 0.1176 0.4324 0.1263 0.1933 0.4012 0.1194 0.4540 0.1232 0.2066 0.3273 0.1461 0.3273 0.2066 0.1232 0.4540 0.1194 0.4012 0.1933 0.1263 0.4324 0.1176 0.4222 0.1845 0.1297 0.4103 0.1161 0.4407 0.1765 0.1338 0.3882 0.1150 0.4568 0.1691 0.1387 0.3667 0.1141 0.4707 0.1624 0.1449 0.3461 0.1136 0.4824 0.1563 0.1530 0.3266 0.1134 0.4920 0.1507 0.1644 0.3082 0.1134 0.4995 0.1456 0.1818 0.2909 0.1138 0.5049 0.1410 0.2059 0.2756 0.1150
0.2756 0.2186 0.1460 0.5165 0.1135 0.3069 0.1843 0.1516 0.5105 0.1135 0.3256 0.1635 0.1571 0.5028 0.1139 0.3451 0.1502 0.1631 0.4931 0.1145 0.3658 0.1414 0.1696 0.4814 0.1154 0.3874 0.1350 0.1768 0.4675 0.1167 0.4098 0.1301 0.1847 0.4515 0.1182 0.4324 0.1261 0.1933 0.4330 0.1201 0.4547 0.1230 0.2027 0.4121 0.1223 0.4756 0.1204 0.2136 0.3797 0.1304 0.5109 0.1304 0.3797 0.2136 0.1204 0.4756 0.1223 0.4121 0.2027 0.1230 0.4547 0.1201 0.4330 0.1933 0.1261 0.4324 0.1182 0.4515 0.1847 0.1301 0.4098 0.1167 0.4675 0.1768 0.1350 0.3874 0.1154 0.4814 0.1696 0.1414 0.3658 0.1145 0.4931 0.1631 0.1502 0.3451 0.1139 0.5028 0.1571 0.1635 0.3256 0.1135 0.5105 0.1516 0.1843 0.3069 0.1135 0.5165 0.1460 0.2186 0.2756
0.2059 0.1460 0.5157 0.1134 0.3132 0.1751 0.1538 0.5074 0.1135 0.3344 0.1566 0.1598 0.4986 0.1140 0.3547 0.1457 0.1661 0.4879 0.1147 0.3758 0.1381 0.1729 0.4752 0.1158 0.3978 0.1325 0.1805 0.4603 0.1172 0.4204 0.1281 0.1887 0.4431 0.1189 0.4430 0.1245 0.1976 0.4235 0.1209 0.4648 0.1217 0.2074 0.4014 0.1233 0.4846 0.1194 0.2181 0.3751 0.1271 0.5175 0.1117 0.5175 0.1271 0.3751 0.2181 0.1194 0.4846 0.1233 0.4014 0.2074 0.1217 0.4648 0.1209 0.4235 0.1976 0.1245 0.4430 0.1189 0.4431 0.1887 0.1281 0.4204 0.1172 0.4603 0.1805 0.1325 0.3978 0.1158 0.4752 0.1729 0.1381 0.3758 0.1147 0.4879 0.1661 0.1457 0.3547 0.1140 0.4986 0.1598 0.1566 0.3344 0.1135 0.5074 0.1538 0.1751 0.3132 0.1134 0.5157 0.1460 0.2059
0.1410 0.5165 0.1134 0.3157 0.1702 0.1555 0.5045 0.1137 0.3428 0.1513 0.1625 0.4940 0.1143 0.3644 0.1419 0.1692 0.4822 0.1152 0.3861 0.1353 0.1764 0.4684 0.1164 0.4084 0.1303 0.1842 0.4525 0.1179 0.4310 0.1263 0.1928 0.4342 0.1198 0.4534 0.1231 0.2021 0.4135 0.1220 0.4744 0.1205 0.2123 0.3901 0.1246 0.4928 0.1185 0.2233 0.3638 0.1277 0.5104 0.1128 0.3416 0.1128 0.5104 0.1277 0.3638 0.2233 0.1185 0.4928 0.1246 0.3901 0.2123 0.1205 0.4744 0.1220 0.4135 0.2021 0.1231 0.4534 0.1198 0.4342 0.1928 0.1263 0.4310 0.1179 0.4525 0.1842 0.1303 0.4084 0.1164 0.4684 0.1764 0.1353 0.3861 0.1152 0.4822 0.1692 0.1419 0.3644 0.1143 0.4940 0.1625 0.1513 0.3428 0.1137 0.5045 0.1555 0.1702 0.3157 0.1134 0.5165 0.1410
0.5049 0.1135 0.3132 0.1702 0.1562 0.5027 0.1138 0.3495 0.1474 0.1651 0.4892 0.1147 0.3739 0.1386 0.1724 0.4760 0.1157 0.3965 0.1328 0.1800 0.4612 0.1171 0.4190 0.1283 0.1882 0.4442 0.1188 0.4416 0.1247 0.1971 0.4248 0.1208 0.4635 0.1218 0.2068 0.4028 0.1232 0.4835 0.1195 0.2174 0.3782 0.1259 0.5000 0.1176 0.2289 0.3508 0.1290 0.5121 0.1152 0.2657 0.1441 0.2657 0.1152 0.5121 0.1290 0.3508 0.2289 0.1176 0.5000 0.1259 0.3782 0.2174 0.1195 0.4835 0.1232 0.4028 0.2068 0.1218 0.4635 0.1208 0.4248 0.1971 0.1247 0.4416 0.1188 0.4442 0.1882 0.1283 0.4190 0.1171 0.4612 0.1800 0.1328 0.3965 0.1157 0.4760 0.1724 0.1386 0.3739 0.1147 0.4892 0.1651 0.1474 0.3495 0.1138 0.5027 0.1562 0.1702 0.3132 0.1135 0.5049
0.1138 0.3069 0.1751 0.1555 0.5027 0.1139 0.3533 0.1451 0.1672 0.4850 0.1150 0.3829 0.1360 0.1756 0.4697 0.1163 0.4068 0.1306 0.1837 0.4535 0.1178 0.4297 0.1265 0.1923 0.4354 0.1197 0.4521 0.1233 0.2015 0.4148 0.1219 0.4732 0.1207 0.2117 0.3916 0.1244 0.4918 0.1186 0.2227 0.3656 0.1273 0.5061 0.1169 0.2346 0.3370 0.1306 0.5154 0.1154 0.2521 0.2475 0.1687 0.2475 0.2521 0.1154 0.5154 0.1306 0.3370 0.2346 0.1169 0.5061 0.1273 0.3656 0.2227 0.1186 0.4918 0.1244 0.3916 0.2117 0.1207 0.4732 0.1219 0.4148 0.2015 0.1233 0.4521 0.1197 0.4354 0.1923 0.1265 0.4297 0.1178 0.4535 0.1837 0.1306 0.4068 0.1163 0.4697 0.1756 0.1360 0.3829 0.1150 0.4850 0.1672 0.1451 0.3533 0.1139 0.5027 0.1555 0.1751 0.3069 0.1138
0.2909 0.1843 0.1538 0.5045 0.1138 0.3533 0.1444 0.1683 0.4820 0.1153 0.3905 0.1339 0.1787 0.4634 0.1169 0.4169 0.1286 0.1875 0.4455 0.1187 0.4402 0.1249 0.1965 0.4260 0.1207 0.4622 0.1220 0.2062 0.4042 0.1230 0.4823 0.1196 0.2167 0.3797 0.1257 0.4991 0.1177 0.2281 0.3525 0.1288 0.5111 0.1163 0.2405 0.3227 0.1322 0.5180 0.1151 0.2548 0.2795 0.1436 0.4788 0.1436 0.2795 0.2548 0.1151 0.5180 0.1322 0.3227 0.2405 0.1163 0.5111 0.1288 0.3525 0.2281 0.1177 0.4991 0.1257 0.3797 0.2167 0.1196 0.4823 0.1230 0.4042 0.2062 0.1220 0.4622 0.1207 0.4260 0.1965 0.1249 0.4402 0.1187 0.4455 0.1875 0.1286 0.4169 0.1169 0.4634 0.1787 0.1339 0.3905 0.1153 0.4820 0.1683 0.1444 0.3533 0.1138 0.5045 0.1538 0.1843 0.2909
0.1818 0.1516 0.5074 0.1137 0.3495 0.1451 0.1683 0.4809 0.1155 0.3956 0.1324 0.1812 0.4576 0.1175 0.4262 0.1270 0.1913 0.4372 0.1195 0.4503 0.1235 0.2009 0.4162 0.1217 0.4720 0.1208 0.2110 0.3930 0.1243 0.4908 0.1187 0.2220 0.3673 0.1271 0.5054 0.1170 0.2338 0.3388 0.1304 0.5149 0.1157 0.2467 0.3079 0.1340 0.5198 0.1147 0.2607 0.2730 0.1393 0.5170 0.1153 0.5170 0.1393 0.2730 0.2607 0.1147 0.5198 0.1340 0.3079 0.2467 0.1157 0.5149 0.1304 0.3388 0.2338 0.1170 0.5054 0.1271 0.3673 0.2220 0.1187 0.4908 0.1243 0.3930 0.2110 0.1208 0.4720 0.1217 0.4162 0.2009 0.1235 0.4503 0.1195 0.4372 0.1913 0.1270 0.4262 0.1175 0.4576 0.1812 0.1324 0.3956 0.1155 0.4809 0.1683 0.1451 0.3495 0.1137 0.5074 0.1516 0.1818
0.1456 0.5105 0.1135 0.3428 0.1474 0.1672 0.4820 0.1155 0.3975 0.1317 0.1830 0.4530 0.1181 0.4342 0.1256 0.1949 0.4290 0.1204 0.4600 0.1222 0.2054 0.4060 0.1228 0.4811 0.1197 0.2161 0.3813 0.1256 0.4982 0.1178 0.2274 0.3542 0.1286 0.5105 0.1163 0.2398 0.3245 0.1320 0.5177 0.1152 0.2531 0.2926 0.1358 0.5207 0.1143 0.2675 0.2588 0.1402 0.5200 0.1118 0.4130 0.1118 0.5200 0.1402 0.2588 0.2675 0.1143 0.5207 0.1358 0.2926 0.2531 0.1152 0.5177 0.1320 0.3245 0.2398 0.1163 0.5105 0.1286 0.3542 0.2274 0.1178 0.4982 0.1256 0.3813 0.2161 0.1197 0.4811 0.1228 0.4060 0.2054 0.1222 0.4600 0.1204 0.4290 0.1949 0.1256 0.4342 0.1181 0.4530 0.1830 0.1317 0.3975 0.1155 0.4820 0.1672 0.1474 0.3428 0.1135 0.5105 0.1456
0.4995 0.1135 0.3344 0.1513 0.1651 0.4850 0.1153 0.3956 0.1317 0.1837 0.4504 0.1184 0.4401 0.1246 0.1981 0.4213 0.1213 0.4687 0.1211 0.2098 0.3956 0.1240 0.4894 0.1188 0.2212 0.3690 0.1269 0.5047 0.1171 0.2331 0.3406 0.1302 0.5145 0.1158 0.2459 0.3098 0.1337 0.5196 0.1148 0.2597 0.2770 0.1377 0.5210 0.1140 0.2747 0.2433 0.1420 0.5195 0.1130 0.3214 0.1237 0.3214 0.1130 0.5195 0.1420 0.2433 0.2747 0.1140 0.5210 0.1377 0.2770 0.2597 0.1148 0.5196 0.1337 0.3098 0.2459 0.1158 0.5145 0.1302 0.3406 0.2331 0.1171 0.5047 0.1269 0.3690 0.2212 0.1188 0.4894 0.1240 0.3956 0.2098 0.1211 0.4687 0.1213 0.4213 0.1981 0.1246 0.4401 0.1184 0.4504 0.1837 0.1317 0.3956 0.1153 0.4850 0.1651 0.1513 0.3344 0.1135 0.4995
0.1134 0.3256 0.1566 0.1625 0.4892 0.1150 0.3905 0.1324 0.1830 0.4504 0.1186 0.4433 0.1240 0.2004 0.4150 0.1221 0.4760 0.1202 0.2141 0.3851 0.1252 0.4966 0.1180 0.2265 0.3564 0.1284 0.5099 0.1164 0.2390 0.3264 0.1318 0.5174 0.1152 0.2523 0.2945 0.1355 0.5207 0.1144 0.2666 0.2611 0.1397 0.5207 0.1138 0.2821 0.2278 0.1441 0.5182 0.1133 0.3045 0.1578 0.1950 0.1578 0.3045 0.1133 0.5182 0.1441 0.2278 0.2821 0.1138 0.5207 0.1397 0.2611 0.2666 0.1144 0.5207 0.1355 0.2945 0.2523 0.1152 0.5174 0.1318 0.3264 0.2390 0.1164 0.5099 0.1284 0.3564 0.2265 0.1180 0.4966 0.1252 0.3851 0.2141 0.1202 0.4760 0.1221 0.4150 0.2004 0.1240 0.4433 0.1186 0.4504 0.1830 0.1324 0.3905 0.1150 0.4892 0.1625 0.1566 0.3256 0.1134
0.3082 0.1635 0.1598 0.4940 0.1147 0.3829 0.1339 0.1812 0.4530 0.1184 0.4433 0.1238 0.2018 0.4107 0.1226 0.4815 0.1195 0.2180 0.3753 0.1263 0.5025 0.1173 0.2317 0.3437 0.1299 0.5139 0.1158 0.2450 0.3118 0.1335 0.5194 0.1148 0.2589 0.2790 0.1374 0.5210 0.1141 0.2738 0.2453 0.1417 0.5198 0.1136 0.2898 0.2128 0.1464 0.5163 0.1133 0.3080 0.1762 0.1617 0.4218 0.1617 0.1762 0.3080 0.1133 0.5163 0.1464 0.2128 0.2898 0.1136 0.5198 0.1417 0.2453 0.2738 0.1141 0.5210 0.1374 0.2790 0.2589 0.1148 0.5194 0.1335 0.3118 0.2450 0.1158 0.5139 0.1299 0.3437 0.2317 0.1173 0.5025 0.1263 0.3753 0.2180 0.1195 0.4815 0.1226 0.4107 0.2018 0.1238 0.4433 0.1184 0.4530 0.1812 0.1339 0.3829 0.1147 0.4940 0.1598 0.1635 0.3082
0.1644 0.1571 0.4986 0.1143 0.3739 0.1360 0.1787 0.4576 0.1181 0.4401 0.1240 0.2018 0.4091 0.1230 0.4850 0.1191 0.2211 0.3668 0.1274 0.5072 0.1167 0.2367 0.3310 0.1313 0.5168 0.1153 0.2511 0.2971 0.1353 0.5206 0.1144 0.2657 0.2632 0.1394 0.5208 0.1138 0.2811 0.2297 0.1439 0.5184 0.1134 0.2977 0.1987 0.1487 0.5139 0.1133 0.3156 0.1724 0.1559 0.4911 0.1220 0.4911 0.1559 0.1724 0.3156 0.1133 0.5139 0.1487 0.1987 0.2977 0.1134 0.5184 0.1439 0.2297 0.2811 0.1138 0.5208 0.1394 0.2632 0.2657 0.1144 0.5206 0.1353 0.2971 0.2511 0.1153 0.5168 0.1313 0.3310 0.2367 0.1167 0.5072 0.1274 0.3668 0.2211 0.1191 0.4850 0.1230 0.4091 0.2018 0.1240 0.4401 0.1181 0.4576 0.1787 0.1360 0.3739 0.1143 0.4986 0.1571 0.1644
0.1507 0.5028 0.1140 0.3644 0.1386 0.1756 0.4634 0.1175 0.4342 0.1246 0.2004 0.4107 0.1230 0.4862 0.1188 0.2231 0.3606 0.1282 0.5104 0.1163 0.2414 0.3191 0.1328 0.5188 0.1149 0.2572 0.2824 0.1371 0.5210 0.1141 0.2728 0.2475 0.1414 0.5200 0.1136 0.2888 0.2146 0.1461 0.5166 0.1134 0.3059 0.1859 0.1512 0.5110 0.1134 0.3241 0.1646 0.1570 0.5006 0.1141 0.4850 0.1141 0.5006 0.1570 0.1646 0.3241 0.1134 0.5110 0.1512 0.1859 0.3059 0.1134 0.5166 0.1461 0.2146 0.2888 0.1136 0.5200 0.1414 0.2475 0.2728 0.1141 0.5210 0.1371 0.2824 0.2572 0.1149 0.5188 0.1328 0.3191 0.2414 0.1163 0.5104 0.1282 0.3606 0.2231 0.1188 0.4862 0.1230 0.4107 0.2004 0.1246 0.4342 0.1175 0.4634 0.1756 0.1386 0.3644 0.1140 0.5028 0.1507
0.4920 0.1139 0.3547 0.1419 0.1724 0.4697 0.1169 0.4262 0.1256 0.1981 0.4150 0.1226 0.4850 0.1188 0.2239 0.3572 0.1288 0.5124 0.1159 0.2453 0.3085 0.1341 0.5200 0.1146 0.2632 0.2681 0.1389 0.5209 0.1139 0.2798 0.2323 0.1435 0.5187 0.1135 0.2967 0.2004 0.1484 0.5142 0.1133 0.3143 0.1749 0.1537 0.5077 0.1135 0.3331 0.1575 0.1594 0.4987 0.1138 0.3901 0.1147 0.3901 0.1138 0.4987 0.1594 0.1575 0.3331 0.1135 0.5077 0.1537 0.1749 0.3143 0.1133 0.5142 0.1484 0.2004 0.2967 0.1135 0.5187 0.1435 0.2323 0.2798 0.1139 0.5209 0.1389 0.2681 0.2632 0.1146 0.5200 0.1341 0.3085 0.2453 0.1159 0.5124 0.1288 0.3572 0.2239 0.1188 0.4850 0.1226 0.4150 0.1981 0.1256 0.4262 0.1169 0.4697 0.1724 0.1419 0.3547 0.1139 0.4920
0.1134 0.3451 0.1457 0.1692 0.4760 0.1163 0.4169 0.1270 0.1949 0.4213 0.1221 0.4815 0.1191 0.2231 0.3572 0.1290 0.5134 0.1158 0.2482 0.3003 0.1353 0.5207 0.1143 0.2688 0.2548 0.1406 0.5203 0.1137 0.2869 0.2179 0.1457 0.5169 0.1134 0.3047 0.1876 0.1508 0.5114 0.1134 0.3230 0.1657 0.1563 0.5040 0.1137 0.3424 0.1517 0.1622 0.4945 0.1142 0.3699 0.1296 0.2296 0.1296 0.3699 0.1142 0.4945 0.1622 0.1517 0.3424 0.1137 0.5040 0.1563 0.1657 0.3230 0.1134 0.5114 0.1508 0.1876 0.3047 0.1134 0.5169 0.1457 0.2179 0.2869 0.1137 0.5203 0.1406 0.2548 0.2688 0.1143 0.5207 0.1353 0.3003 0.2482 0.1158 0.5134 0.1290 0.3572 0.2231 0.1191 0.4815 0.1221 0.4213 0.1949 0.1270 0.4169 0.1163 0.4760 0.1692 0.1457 0.3451 0.1134
0.3266 0.1502 0.1661 0.4822 0.1157 0.4068 0.1286 0.1913 0.4290 0.1213 0.4760 0.1195 0.2211 0.3606 0.1288 0.5134 0.1157 0.2497 0.2950 0.1361 0.5209 0.1141 0.2736 0.2432 0.1423 0.5194 0.1135 0.2937 0.2047 0.1478 0.5148 0.1133 0.3128 0.1766 0.1533 0.5082 0.1135 0.3320 0.1584 0.1590 0.4998 0.1139 0.3519 0.1469 0.1652 0.4894 0.1146 0.3741 0.1363 0.1857 0.3360 0.1857 0.1363 0.3741 0.1146 0.4894 0.1652 0.1469 0.3519 0.1139 0.4998 0.1590 0.1584 0.3320 0.1135 0.5082 0.1533 0.1766 0.3128 0.1133 0.5148 0.1478 0.2047 0.2937 0.1135 0.5194 0.1423 0.2432 0.2736 0.1141 0.5209 0.1361 0.2950 0.2497 0.1157 0.5134 0.1288 0.3606 0.2211 0.1195 0.4760 0.1213 0.4290 0.1913 0.1286 0.4068 0.1157 0.4822 0.1661 0.1502 0.3266
0.1530 0.1631 0.4879 0.1152 0.3965 0.1306 0.1875 0.4372 0.1204 0.4687 0.1202 0.2180 0.3668 0.1282 0.5124 0.1158 0.2497 0.2932 0.1365 0.5210 0.1140 0.2773 0.2341 0.1437 0.5183 0.1134 0.3003 0.1932 0.1499 0.5124 0.1134 0.3208 0.1676 0.1558 0.5047 0.1136 0.3411 0.1524 0.1619 0.4952 0.1142 0.3616 0.1429 0.1683 0.4839 0.1151 0.3832 0.1356 0.1780 0.4419 0.1323 0.4419 0.1780 0.1356 0.3832 0.1151 0.4839 0.1683 0.1429 0.3616 0.1142 0.4952 0.1619 0.1524 0.3411 0.1136 0.5047 0.1558 0.1676 0.3208 0.1134 0.5124 0.1499 0.1932 0.3003 0.1134 0.5183 0.1437 0.2341 0.2773 0.1140 0.5210 0.1365 0.2932 0.2497 0.1158 0.5124 0.1282 0.3668 0.2180 0.1202 0.4687 0.1204 0.4372 0.1875 0.1306 0.3965 0.1152 0.4879 0.1631 0.1530
0.1563 0.4931 0.1147 0.3861 0.1328 0.1837 0.4455 0.1195 0.4600 0.1211 0.2141 0.3753 0.1274 0.5104 0.1159 0.2482 0.2950 0.1365 0.5210 0.1140 0.2796 0.2278 0.1448 0.5173 0.1134 0.3062 0.1839 0.1519 0.5098 0.1134 0.3287 0.1605 0.1583 0.5008 0.1138 0.3502 0.1476 0.1648 0.4902 0.1146 0.3716 0.1394 0.1715 0.4778 0.1156 0.3934 0.1334 0.1794 0.4581 0.1196 0.5199 0.1196 0.4581 0.1794 0.1334 0.3934 0.1156 0.4778 0.1715 0.1394 0.3716 0.1146 0.4902 0.1648 0.1476 0.3502 0.1138 0.5008 0.1583 0.1605 0.3287 0.1134 0.5098 0.1519 0.1839 0.3062 0.1134 0.5173 0.1448 0.2278 0.2796 0.1140 0.5210 0.1365 0.2950 0.2482 0.1159 0.5104 0.1274 0.3753 0.2141 0.1211 0.4600 0.1195 0.4455 0.1837 0.1328 0.3861 0.1147 0.4931 0.1563
0.4824 0.1145 0.3758 0.1353 0.1800 0.4535 0.1187 0.4503 0.1222 0.2098 0.3851 0.1263 0.5072 0.1163 0.2453 0.3003 0.1361 0.5210 0.1140 0.2804 0.2245 0.1455 0.5164 0.1134 0.3109 0.1769 0.1537 0.5072 0.1135 0.3363 0.1549 0.1608 0.4968 0.1141 0.3592 0.1437 0.1677 0.4848 0.1150 0.3817 0.1364 0.1749 0.4713 0.1161 0.4040 0.1312 0.1827 0.4549 0.1180 0.4649 0.1112 0.4649 0.1180 0.4549 0.1827 0.1312 0.4040 0.1161 0.4713 0.1749 0.1364 0.3817 0.1150 0.4848 0.1677 0.1437 0.3592 0.1141 0.4968 0.1608 0.1549 0.3363 0.1135 0.5072 0.1537 0.1769 0.3109 0.1134 0.5164 0.1455 0.2245 0.2804 0.1140 0.5210 0.1361 0.3003 0.2453 0.1163 0.5072 0.1263 0.3851 0.2098 0.1222 0.4503 0.1187 0.4535 0.1800 0.1353 0.3758 0.1145 0.4824
0.1136 0.3658 0.1381 0.1764 0.4612 0.1178 0.4402 0.1235 0.2054 0.3956 0.1252 0.5025 0.1167 0.2414 0.3085 0.1353 0.5209 0.1140 0.2796 0.2245 0.1457 0.5160 0.1134 0.3142 0.1721 0.1551 0.5049 0.1137 0.3432 0.1506 0.1631 0.4926 0.1144 0.3681 0.1404 0.1707 0.4792 0.1155 0.3916 0.1338 0.1784 0.4643 0.1168 0.4146 0.1291 0.1865 0.4476 0.1185 0.4446 0.1182 0.2752 0.1182 0.4446 0.1185 0.4476 0.1865 0.1291 0.4146 0.1168 0.4643 0.1784 0.1338 0.3916 0.1155 0.4792 0.1707 0.1404 0.3681 0.1144 0.4926 0.1631 0.1506 0.3432 0.1137 0.5049 0.1551 0.1721 0.3142 0.1134 0.5160 0.1457 0.2245 0.2796 0.1140 0.5209 0.1353 0.3085 0.2414 0.1167 0.5025 0.1252 0.3956 0.2054 0.1235 0.4402 0.1178 0.4612 0.1764 0.1381 0.3658 0.1136
0.3461 0.1414 0.1729 0.4684 0.1171 0.4297 0.1249 0.2009 0.4060 0.1240 0.4966 0.1173 0.2367 0.3191 0.1341 0.5207 0.1141 0.2773 0.2278 0.1455 0.5160 0.1134 0.3160 0.1694 0.1561 0.5031 0.1138 0.3491 0.1474 0.1653 0.4885 0.1147 0.3767 0.1377 0.1737 0.4734 0.1160 0.4014 0.1316 0.1820 0.4570 0.1175 0.4251 0.1272 0.1905 0.4391 0.1193 0.4490 0.1222 0.2179 0.2257 0.2179 0.1222 0.4490 0.1193 0.4391 0.1905 0.1272 0.4251 0.1175 0.4570 0.1820 0.1316 0.4014 0.1160 0.4734 0.1737 0.1377 0.3767 0.1147 0.4885 0.1653 0.1474 0.3491 0.1138 0.5031 0.1561 0.1694 0.3160 0.1134 0.5160 0.1455 0.2278 0.2773 0.1141 0.5207 0.1341 0.3191 0.2367 0.1173 0.4966 0.1240 0.4060 0.2009 0.1249 0.4297 0.1171 0.4684 0.1729 0.1414 0.3461
0.1449 0.1696 0.4752 0.1164 0.4190 0.1265 0.1965 0.4162 0.1228 0.4894 0.1180 0.2317 0.3310 0.1328 0.5200 0.1143 0.2736 0.2341 0.1448 0.5164 0.1134 0.3160 0.1684 0.1566 0.5019 0.1139 0.3535 0.1451 0.1672 0.4847 0.1151 0.3846 0.1354 0.1766 0.4675 0.1165 0.4111 0.1297 0.1855 0.4494 0.1183 0.4355 0.1256 0.1947 0.4300 0.1203 0.4582 0.1222 0.2077 0.3654 0.1468 0.3654 0.2077 0.1222 0.4582 0.1203 0.4300 0.1947 0.1256 0.4355 0.1183 0.4494 0.1855 0.1297 0.4111 0.1165 0.4675 0.1766 0.1354 0.3846 0.1151 0.4847 0.1672 0.1451 0.3535 0.1139 0.5019 0.1566 0.1684 0.3160 0.1134 0.5164 0.1448 0.2341 0.2736 0.1143 0.5200 0.1328 0.3310 0.2317 0.1180 0.4894 0.1228 0.4162 0.1965 0.1265 0.4190 0.1164 0.4752 0.1696 0.1449
0.1624 0.4814 0.1158 0.4084 0.1283 0.1923 0.4260 0.1217 0.4811 0.1188 0.2265 0.3437 0.1313 0.5188 0.1146 0.2688 0.2432 0.1437 0.5173 0.1134 0.3142 0.1694 0.1566 0.5015 0.1139 0.3562 0.1436 0.1687 0.4816 0.1154 0.3914 0.1335 0.1793 0.4617 0.1171 0.4202 0.1280 0.1891 0.4417 0.1191 0.4454 0.1241 0.1989 0.4205 0.1213 0.4680 0.1212 0.2096 0.3897 0.1288 0.5138 0.1288 0.3897 0.2096 0.1212 0.4680 0.1213 0.4205 0.1989 0.1241 0.4454 0.1191 0.4417 0.1891 0.1280 0.4202 0.1171 0.4617 0.1793 0.1335 0.3914 0.1154 0.4816 0.1687 0.1436 0.3562 0.1139 0.5015 0.1566 0.1694 0.3142 0.1134 0.5173 0.1437 0.2432 0.2688 0.1146 0.5188 0.1313 0.3437 0.2265 0.1188 0.4811 0.1217 0.4260 0.1923 0.1283 0.4084 0.1158 0.4814 0.1624
0.4707 0.1154 0.3978 0.1303 0.1882 0.4354 0.1207 0.4720 0.1197 0.2212 0.3564 0.1299 0.5168 0.1149 0.2632 0.2548 0.1423 0.5183 0.1134 0.3109 0.1721 0.1561 0.5019 0.1139 0.3571 0.1429 0.1696 0.4794 0.1156 0.3970 0.1321 0.1818 0.4563 0.1177 0.4286 0.1265 0.1926 0.4339 0.1199 0.4548 0.1229 0.2031 0.4108 0.1223 0.4773 0.1202 0.2140 0.3848 0.1259 0.5150 0.1114 0.5150 0.1259 0.3848 0.2140 0.1202 0.4773 0.1223 0.4108 0.2031 0.1229 0.4548 0.1199 0.4339 0.1926 0.1265 0.4286 0.1177 0.4563 0.1818 0.1321 0.3970 0.1156 0.4794 0.1696 0.1429 0.3571 0.1139 0.5019 0.1561 0.1721 0.3109 0.1134 0.5183 0.1423 0.2548 0.2632 0.1149 0.5168 0.1299 0.3564 0.2212 0.1197 0.4720 0.1207 0.4354 0.1882 0.1303 0.3978 0.1154 0.4707
0.1141 0.3874 0.1325 0.1842 0.4442 0.1197 0.4622 0.1208 0.2161 0.3690 0.1284 0.5139 0.1153 0.2572 0.2681 0.1406 0.5194 0.1134 0.3062 0.1769 0.1551 0.5031 0.1139 0.3562 0.1429 0.1699 0.4782 0.1158 0.4008 0.1311 0.1837 0.4516 0.1182 0.4361 0.1253 0.1959 0.4262 0.1207 0.4636 0.1217 0.2074 0.4009 0.1234 0.4856 0.1192 0.2190 0.3740 0.1265 0.5063 0.1131 0.3336 0.1131 0.5063 0.1265 0.3740 0.2190 0.1192 0.4856 0.1234 0.4009 0.2074 0.1217 0.4636 0.1207 0.4262 0.1959 0.1253 0.4361 0.1182 0.4516 0.1837 0.1311 0.4008 0.1158 0.4782 0.1699 0.1429 0.3562 0.1139 0.5031 0.1551 0.1769 0.3062 0.1134 0.5194 0.1406 0.2681 0.2572 0.1153 0.5139 0.1284 0.3690 0.2161 0.1208 0.4622 0.1197 0.4442 0.1842 0.1325 0.3874 0.1141
0.3667 0.1350 0.1805 0.4525 0.1188 0.4521 0.1220 0.2110 0.3813 0.1269 0.5099 0.1158 0.2511 0.2824 0.1389 0.5203 0.1135 0.3003 0.1839 0.1537 0.5049 0.1138 0.3535 0.1436 0.1696 0.4782 0.1158 0.4027 0.1306 0.1851 0.4481 0.1186 0.4422 0.1243 0.1990 0.4190 0.1216 0.4715 0.1208 0.2116 0.3910 0.1246 0.4930 0.1184 0.2240 0.3620 0.1278 0.5084 0.1156 0.2600 0.1483 0.2600 0.1156 0.5084 0.1278 0.3620 0.2240 0.1184 0.4930 0.1246 0.3910 0.2116 0.1208 0.4715 0.1216 0.4190 0.1990 0.1243 0.4422 0.1186 0.4481 0.1851 0.1306 0.4027 0.1158 0.4782 0.1696 0.1436 0.3535 0.1138 0.5049 0.1537 0.1839 0.3003 0.1135 0.5203 0.1389 0.2824 0.2511 0.1158 0.5099 0.1269 0.3813 0.2110 0.1220 0.4521 0.1188 0.4525 0.1805 0.1350 0.3667
0.1387 0.1768 0.4603 0.1179 0.4416 0.1233 0.2062 0.3930 0.1256 0.5047 0.1164 0.2450 0.2971 0.1371 0.5209 0.1137 0.2937 0.1932 0.1519 0.5072 0.1137 0.3491 0.1451 0.1687 0.4794 0.1158 0.4027 0.1304 0.1858 0.4458 0.1189 0.4468 0.1236 0.2015 0.4126 0.1223 0.4783 0.1200 0.2156 0.3812 0.1257 0.4993 0.1177 0.2289 0.3498 0.1292 0.5123 0.1159 0.2468 0.2609 0.1661 0.2609 0.2468 0.1159 0.5123 0.1292 0.3498 0.2289 0.1177 0.4993 0.1257 0.3812 0.2156 0.1200 0.4783 0.1223 0.4126 0.2015 0.1236 0.4468 0.1189 0.4458 0.1858 0.1304 0.4027 0.1158 0.4794 0.1687 0.1451 0.3491 0.1137 0.5072 0.1519 0.1932 0.2937 0.1137 0.5209 0.1371 0.2971 0.2450 0.1164 0.5047 0.1256 0.3930 0.2062 0.1233 0.4416 0.1179 0.4603 0.1768 0.1387
0.1691 0.4675 0.1172 0.4310 0.1247 0.2015 0.4042 0.1243 0.4982 0.1171 0.2390 0.3118 0.1353 0.5210 0.1139 0.2869 0.2047 0.1499 0.5098 0.1135 0.3432 0.1474 0.1672 0.4816 0.1156 0.4008 0.1306 0.1858 0.4450 0.1191 0.4496 0.1231 0.2035 0.4073 0.1230 0.4839 0.1193 0.2194 0.3718 0.1268 0.5045 0.1170 0.2339 0.3377 0.1306 0.5155 0.1155 0.2491 0.2929 0.1418 0.4839 0.1418 0.2929 0.2491 0.1155 0.5155 0.1306 0.3377 0.2339 0.1170 0.5045 0.1268 0.3718 0.2194 0.1193 0.4839 0.1230 0.4073 0.2035 0.1231 0.4496 0.1191 0.4450 0.1858 0.1306 0.4008 0.1156 0.4816 0.1672 0.1474 0.3432 0.1135 0.5098 0.1499 0.2047 0.2869 0.1139 0.5210 0.1353 0.3118 0.2390 0.1171 0.4982 0.1243 0.4042 0.2015 0.1247 0.4310 0.1172 0.4675 0.1691
0.4568 0.1167 0.4204 0.1263 0.1971 0.4148 0.1230 0.4908 0.1178 0.2331 0.3264 0.1335 0.5206 0.1141 0.2798 0.2179 0.1478 0.5124 0.1134 0.3363 0.1506 0.1653 0.4847 0.1154 0.3970 0.1311 0.1851 0.4458 0.1191 0.4505 0.1229 0.2048 0.4035 0.1235 0.4880 0.1188 0.2227 0.3632 0.1278 0.5086 0.1165 0.2388 0.3257 0.1320 0.5179 0.1151 0.2544 0.2873 0.1376 0.5186 0.1147 0.5186 0.1376 0.2873 0.2544 0.1151 0.5179 0.1320 0.3257 0.2388 0.1165 0.5086 0.1278 0.3632 0.2227 0.1188 0.4880 0.1235 0.4035 0.2048 0.1229 0.4505 0.1191 0.4458 0.1851 0.1311 0.3970 0.1154 0.4847 0.1653 0.1506 0.3363 0.1134 0.5124 0.1478 0.2179 0.2798 0.1141 0.5206 0.1335 0.3264 0.2331 0.1178 0.4908 0.1230 0.4148 0.1971 0.1263 0.4204 0.1167 0.4568
0.1150 0.4098 0.1281 0.1928 0.4248 0.1219 0.4823 0.1187 0.2274 0.3406 0.1318 0.5194 0.1144 0.2728 0.2323 0.1457 0.5148 0.1134 0.3287 0.1549 0.1631 0.4885 0.1151 0.3914 0.1321 0.1837 0.4481 0.1189 0.4496 0.1229 0.2052 0.4015 0.1238 0.4908 0.1184 0.2254 0.3558 0.1288 0.5118 0.1161 0.2433 0.3142 0.1334 0.5194 0.1148 0.2601 0.2749 0.1382 0.5208 0.1118 0.4035 0.1118 0.5208 0.1382 0.2749 0.2601 0.1148 0.5194 0.1334 0.3142 0.2433 0.1161 0.5118 0.1288 0.3558 0.2254 0.1184 0.4908 0.1238 0.4015 0.2052 0.1229 0.4496 0.1189 0.4481 0.1837 0.1321 0.3914 0.1151 0.4885 0.1631 0.1549 0.3287 0.1134 0.5148 0.1457 0.2323 0.2728 0.1144 0.5194 0.1318 0.3406 0.2274 0.1187 0.4823 0.1219 0.4248 0.1928 0.1281 0.4098 0.1150
0.3882 0.1301 0.1887 0.4342 0.1208 0.4732 0.1196 0.2220 0.3542 0.1302 0.5174 0.1148 0.2657 0.2475 0.1435 0.5169 0.1133 0.3208 0.1605 0.1608 0.4926 0.1147 0.3846 0.1335 0.1818 0.4516 0.1186 0.4468 0.1231 0.2048 0.4015 0.1239 0.4923 0.1182 0.2272 0.3503 0.1295 0.5139 0.1157 0.2474 0.3037 0.1347 0.5204 0.1145 0.2658 0.2618 0.1398 0.5206 0.1131 0.3132 0.1255 0.3132 0.1131 0.5206 0.1398 0.2618 0.2658 0.1145 0.5204 0.1347 0.3037 0.2474 0.1157 0.5139 0.1295 0.3503 0.2272 0.1182 0.4923 0.1239 0.4015 0.2048 0.1231 0.4468 0.1186 0.4516 0.1818 0.1335 0.3846 0.1147 0.4926 0.1608 0.1605 0.3208 0.1133 0.5169 0.1435 0.2475 0.2657 0.1148 0.5174 0.1302 0.3542 0.2220 0.1196 0.4732 0.1208 0.4342 0.1887 0.1301 0.3882
0.1338 0.1847 0.4431 0.1198 0.4635 0.1207 0.2167 0.3673 0.1286 0.5145 0.1152 0.2589 0.2632 0.1414 0.5187 0.1134 0.3128 0.1676 0.1583 0.4968 0.1144 0.3767 0.1354 0.1793 0.4563 0.1182 0.4422 0.1236 0.2035 0.4035 0.1238 0.4923 0.1181 0.2282 0.3469 0.1300 0.5153 0.1155 0.2509 0.2945 0.1359 0.5209 0.1142 0.2712 0.2493 0.1414 0.5199 0.1135 0.2960 0.1657 0.1909 0.1657 0.2960 0.1135 0.5199 0.1414 0.2493 0.2712 0.1142 0.5209 0.1359 0.2945 0.2509 0.1155 0.5153 0.1300 0.3469 0.2282 0.1181 0.4923 0.1238 0.4035 0.2035 0.1236 0.4422 0.1182 0.4563 0.1793 0.1354 0.3767 0.1144 0.4968 0.1583 0.1676 0.3128 0.1134 0.5187 0.1414 0.2632 0.2589 0.1152 0.5145 0.1286 0.3673 0.2167 0.1207 0.4635 0.1198 0.4431 0.1847 0.1338
0.1765 0.4515 0.1189 0.4534 0.1218 0.2117 0.3797 0.1271 0.5105 0.1158 0.2523 0.2790 0.1394 0.5200 0.1135 0.3047 0.1766 0.1558 0.5008 0.1141 0.3681 0.1377 0.1766 0.4617 0.1177 0.4361 0.1243 0.2015 0.4073 0.1235 0.4908 0.1182 0.2282 0.3456 0.1303 0.5160 0.1153 0.2535 0.2872 0.1369 0.5210 0.1140 0.2762 0.2379 0.1430 0.5189 0.1134 0.2980 0.1893 0.1587 0.4318 0.1587 0.1892 0.2981 0.1134 0.5189 0.1430 0.2379 0.2762 0.1140 0.5210 0.1369 0.2872 0.2535 0.1153 0.5160 0.1303 0.3456 0.2282 0.1182 0.4908 0.1235 0.4073 0.2015 0.1243 0.4361 0.1177 0.4617 0.1766 0.1377 0.3682 0.1141 0.5008 0.1558 0.1765 0.3047 0.1135 0.5200 0.1394 0.2790 0.2523 0.1158 0.5105 0.1271 0.3797 0.2117 0.1218 0.4534 0.1189 0.4515 0.1765
0.4407 0.1182 0.4430 0.1231 0.2068 0.3916 0.1257 0.5054 0.1163 0.2459 0.2945 0.1374 0.5208 0.1136 0.2967 0.1876 0.1533 0.5047 0.1138 0.3592 0.1404 0.1737 0.4675 0.1171 0.4286 0.1253 0.1990 0.4126 0.1230 0.4880 0.1184 0.2272 0.3469 0.1303 0.5163 0.1152 0.2551 0.2821 0.1377 0.5210 0.1139 0.2805 0.2279 0.1445 0.5177 0.1134 0.3036 0.1868 0.1527 0.4968 0.1207 0.4968 0.1528 0.1866 0.3036 0.1134 0.5177 0.1445 0.2279 0.2805 0.1139 0.5210 0.1377 0.2821 0.2551 0.1152 0.5163 0.1303 0.3469 0.2272 0.1184 0.4880 0.1230 0.4126 0.1990 0.1253 0.4286 0.1171 0.4675 0.1737 0.1404 0.3593 0.1139 0.5046 0.1533 0.1875 0.2967 0.1136 0.5208 0.1374 0.2945 0.2459 0.1163 0.5054 0.1257 0.3916 0.2068 0.1231 0.4430 0.1182 0.4406
0.1161 0.4324 0.1245 0.2021 0.4028 0.1244 0.4991 0.1170 0.2398 0.3098 0.1355 0.5210 0.1138 0.2888 0.2004 0.1508 0.5082 0.1136 0.3502 0.1437 0.1707 0.4734 0.1165 0.4202 0.1265 0.1959 0.4190 0.1223 0.4839 0.1188 0.2254 0.3503 0.1300 0.5160 0.1152 0.2557 0.2794 0.1382 0.5209 0.1138 0.2840 0.2199 0.1458 0.5164 0.1134 0.3093 0.1793 0.1532 0.5060 0.1134 0.4742 0.1134 0.5059 0.1532 0.1793 0.3094 0.1133 0.5164 0.1458 0.2199 0.2840 0.1138 0.5209 0.1382 0.2794 0.2557 0.1152 0.5160 0.1300 0.3503 0.2254 0.1188 0.4839 0.1223 0.4190 0.1960 0.1265 0.4202 0.1165 0.4733 0.1708 0.1436 0.3504 0.1136 0.5081 0.1509 0.2002 0.2889 0.1138 0.5210 0.1356 0.3096 0.2398 0.1170 0.4992 0.1244 0.4027 0.2022 0.1245 0.4326 0.1161
0.4103 0.1261 0.1976 0.4135 0.1232 0.4918 0.1177 0.2338 0.3245 0.1337 0.5207 0.1141 0.2811 0.2146 0.1484 0.5114 0.1135 0.3411 0.1476 0.1677 0.4792 0.1160 0.4111 0.1280 0.1926 0.4262 0.1216 0.4783 0.1193 0.2227 0.3558 0.1295 0.5153 0.1153 0.2551 0.2794 0.1383 0.5208 0.1137 0.2864 0.2142 0.1469 0.5152 0.1133 0.3147 0.1726 0.1548 0.5053 0.1134 0.3762 0.1159 0.3766 0.1133 0.5051 0.1549 0.1723 0.3150 0.1133 0.5151 0.1469 0.2137 0.2866 0.1137 0.5208 0.1384 0.2790 0.2553 0.1153 0.5153 0.1295 0.3555 0.2228 0.1192 0.4786 0.1216 0.4259 0.1928 0.1279 0.4115 0.1160 0.4789 0.1679 0.1474 0.3415 0.1135 0.5113 0.1485 0.2139 0.2815 0.1140 0.5207 0.1338 0.3238 0.2341 0.1177 0.4921 0.1232 0.4130 0.1979 0.1260 0.4108
0.1297 0.1933 0.4235 0.1220 0.4835 0.1186 0.2281 0.3388 0.1320 0.5196 0.1144 0.2738 0.2297 0.1461 0.5142 0.1134 0.3320 0.1524 0.1648 0.4848 0.1155 0.4014 0.1297 0.1891 0.4339 0.1207 0.4715 0.1200 0.2194 0.3632 0.1288 0.5139 0.1155 0.2535 0.2821 0.1382 0.5208 0.1137 0.2877 0.2106 0.1476 0.5142 0.1133 0.3193 0.1673 0.1564 0.5031 0.1137 0.3540 0.1331 0.2228 0.1323 0.3572 0.1136 0.5019 0.1572 0.1650 0.3214 0.1132 0.5136 0.1481 0.2074 0.2894 0.1135 0.5207 0.1386 0.2791 0.2547 0.1152 0.5146 0.1290 0.3607 0.2204 0.1195 0.4734 0.1209 0.4321 0.1900 0.1291 0.4037 0.1155 0.4836 0.1654 0.1511 0.3339 0.1133 0.5137 0.1466 0.2264 0.2753 0.1141 0.5199 0.1324 0.3358 0.2294 0.1182 0.4853 0.1222 0.4213 0.1943 0.1291
0.1845 0.4330 0.1209 0.4744 0.1195 0.2227 0.3525 0.1304 0.5177 0.1148 0.2666 0.2453 0.1439 0.5166 0.1133 0.3230 0.1584 0.1619 0.4902 0.1150 0.3916 0.1316 0.1855 0.4417 0.1199 0.4636 0.1208 0.2156 0.3718 0.1278 0.5118 0.1157 0.2509 0.2872 0.1377 0.5209 0.1137 0.2877 0.2094 0.1480 0.5136 0.1134 0.3226 0.1637 0.1578 0.5008 0.1139 0.3547 0.1419 0.1808 0.3433 0.1870 0.1343 0.3730 0.1138 0.4931 0.1624 0.1525 0.3359 0.1128 0.5095 0.1514 0.1910 0.2979 0.1127 0.5200 0.1401 0.2682 0.2588 0.1142 0.5159 0.1296 0.3570 0.2218 0.1186 0.4746 0.1209 0.4316 0.1902 0.1283 0.4034 0.1152 0.4840 0.1654 0.1508 0.3332 0.1127 0.5139 0.1465 0.2273 0.2749 0.1135 0.5198 0.1323 0.3368 0.2291 0.1175 0.4849 0.1221 0.4214 0.1898
0.4222 0.1201 0.4648 0.1205 0.2174 0.3656 0.1288 0.5149 0.1152 0.2597 0.2611 0.1417 0.5184 0.1134 0.3143 0.1657 0.1590 0.4952 0.1146 0.3817 0.1338 0.1820 0.4494 0.1191 0.4548 0.1217 0.2116 0.3812 0.1268 0.5086 0.1161 0.2474 0.2945 0.1369 0.5210 0.1138 0.2864 0.2106 0.1480 0.5134 0.1134 0.3246 0.1614 0.1588 0.4988 0.1140 0.3591 0.1424 0.1720 0.4447 0.1386 0.3613 0.2079 0.1203 0.4399 0.1177 0.4539 0.1824 0.1299 0.3901 0.1142 0.4867 0.1655 0.1479 0.3383 0.1119 0.5107 0.1498 0.2036 0.2878 0.1115 0.5211 0.1361 0.3040 0.2428 0.1139 0.5028 0.1251 0.3957 0.2058 0.1206 0.4398 0.1173 0.4615 0.1769 0.1355 0.3656 0.1128 0.5024 0.1551 0.1796 0.3010 0.1114 0.5205 0.1386 0.2856 0.2498 0.1133 0.5088 0.1268 0.3584
0.1176 0.4547 0.1217 0.2123 0.3782 0.1273 0.5111 0.1157 0.2531 0.2770 0.1397 0.5198 0.1134 0.3059 0.1749 0.1563 0.4998 0.1142 0.3716 0.1364 0.1784 0.4570 0.1183 0.4454 0.1229 0.2074 0.3910 0.1257 0.5045 0.1165 0.2433 0.3037 0.1359 0.5210 0.1139 0.2840 0.2142 0.1476 0.5136 0.1134 0.3253 0.1604 0.1594 0.4975 0.1142 0.3632 0.1412 0.1712 0.4683 0.1228 0.4889 0.1765 0.1543 0.3051 0.1112 0.5202 0.1398 0.2717 0.2570 0.1122 0.5151 0.1292 0.3594 0.2213 0.1162 0.4741 0.1207 0.4311 0.1913 0.1254 0.4055 0.1148 0.4824 0.1669 0.1468 0.3366 0.1116 0.5128 0.1477 0.2197 0.2782 0.1112 0.5204 0.1331 0.3298 0.2321 0.1145 0.4887 0.1225 0.4174 0.1968 0.1231 0.4176 0.1156 0.4760 0.1701 0.1423 0.3458 0.1119 0.5095 0.1472
0.4324 0.1230 0.2074 0.3901 0.1259 0.5061 0.1163 0.2467 0.2926 0.1377 0.5207 0.1136 0.2977 0.1859 0.1537 0.5040 0.1139 0.3616 0.1394 0.1749 0.4643 0.1175 0.4355 0.1241 0.2031 0.4009 0.1246 0.4993 0.1170 0.2388 0.3142 0.1347 0.5209 0.1140 0.2805 0.2199 0.1469 0.5142 0.1134 0.3246 0.1604 0.1596 0.4968 0.1142 0.3661 0.1401 0.1720 0.4732 0.1172 0.5151 0.1257 0.1394 0.3089 0.1126 0.5174 0.1302 0.3523 0.2238 0.1178 0.4783 0.1213 0.4271 0.1925 0.1266 0.4097 0.1154 0.4800 0.1676 0.1467 0.3400 0.1125 0.5117 0.1484 0.2148 0.2809 0.1126 0.5207 0.1337 0.3247 0.2341 0.1160 0.4917 0.1230 0.4135 0.1980 0.1244 0.4217 0.1161 0.4735 0.1708 0.1426 0.3487 0.1126 0.5089 0.1505 0.2023 0.2874 0.1124 0.5211 0.1356 0.2846
0.1263 0.2027 0.4014 0.1246 0.5000 0.1169 0.2405 0.3079 0.1358 0.5210 0.1138 0.2898 0.1987 0.1512 0.5077 0.1137 0.3519 0.1429 0.1715 0.4713 0.1168 0.4251 0.1256 0.1989 0.4108 0.1234 0.4930 0.1177 0.2339 0.3257 0.1334 0.5204 0.1142 0.2762 0.2279 0.1458 0.5152 0.1133 0.3226 0.1614 0.1594 0.4968 0.1143 0.3675 0.1394 0.1729 0.4727 0.1163 0.4291 0.1191 0.2426 0.5169 0.1116 0.5189 0.1293 0.3612 0.2199 0.1196 0.4716 0.1207 0.4342 0.1891 0.1294 0.4012 0.1153 0.4850 0.1648 0.1521 0.3320 0.1131 0.5142 0.1462 0.2293 0.2740 0.1140 0.5196 0.1321 0.3384 0.2284 0.1181 0.4837 0.1220 0.4232 0.1935 0.1273 0.4114 0.1158 0.4797 0.1674 0.1479 0.3396 0.1132 0.5119 0.1481 0.2170 0.2799 0.1137 0.5205 0.1335 0.3265 0.2272
0.1933 0.4121 0.1233 0.4928 0.1176 0.2346 0.3227 0.1340 0.5207 0.1140 0.2821 0.2128 0.1487 0.5110 0.1135 0.3424 0.1469 0.1683 0.4778 0.1161 0.4146 0.1272 0.1947 0.4205 0.1223 0.4856 0.1184 0.2289 0.3377 0.1320 0.5194 0.1145 0.2712 0.2379 0.1445 0.5164 0.1133 0.3193 0.1637 0.1588 0.4975 0.1142 0.3675 0.1392 0.1734 0.4715 0.1164 0.4143 0.1257 0.2094 0.3501 0.1215 0.5199 0.1311 0.3542 0.2224 0.1193 0.4765 0.1213 0.4290 0.1913 0.1285 0.4076 0.1158 0.4813 0.1667 0.1491 0.3379 0.1134 0.5124 0.1476 0.2196 0.2786 0.1141 0.5204 0.1332 0.3294 0.2319 0.1179 0.4891 0.1228 0.4169 0.1962 0.1266 0.4182 0.1163 0.4757 0.1694 0.1454 0.3455 0.1135 0.5100 0.1496 0.2078 0.2847 0.1139 0.5209 0.1346 0.3177 0.2366 0.1189
0.4012 0.1223 0.4846 0.1185 0.2289 0.3370 0.1322 0.5198 0.1143 0.2747 0.2278 0.1464 0.5139 0.1134 0.3331 0.1517 0.1652 0.4839 0.1156 0.4040 0.1291 0.1905 0.4300 0.1213 0.4773 0.1192 0.2240 0.3498 0.1306 0.5179 0.1148 0.2658 0.2493 0.1430 0.5177 0.1134 0.3147 0.1673 0.1578 0.4988 0.1142 0.3661 0.1394 0.1734 0.4711 0.1165 0.4140 0.1279 0.1941 0.3996 0.1323 0.5080 0.1343 0.3431 0.2260 0.1188 0.4827 0.1221 0.4217 0.1946 0.1271 0.4162 0.1163 0.4759 0.1694 0.1452 0.3464 0.1136 0.5095 0.1499 0.2060 0.2857 0.1139 0.5210 0.1348 0.3158 0.2374 0.1173 0.4963 0.1239 0.4072 0.2003 0.1251 0.4281 0.1170 0.4695 0.1724 0.1419 0.3545 0.1137 0.5068 0.1518 0.1951 0.2919 0.1137 0.5210 0.1363 0.3038 0.2422 0.1168 0.4895
0.1194 0.4756 0.1194 0.2233 0.3508 0.1306 0.5180 0.1147 0.2675 0.2433 0.1441 0.5163 0.1133 0.3241 0.1575 0.1622 0.4894 0.1151 0.3934 0.1312 0.1865 0.4391 0.1203 0.4680 0.1202 0.2190 0.3620 0.1292 0.5155 0.1151 0.2601 0.2618 0.1414 0.5189 0.1134 0.3093 0.1726 0.1564 0.5008 0.1140 0.3632 0.1401 0.1729 0.4715 0.1165 0.4144 0.1281 0.1912 0.4218 0.1287 0.4960 0.1390 0.3262 0.2300 0.1182 0.4883 0.1229 0.4142 0.1979 0.1258 0.4250 0.1169 0.4702 0.1724 0.1418 0.3553 0.1137 0.5062 0.1523 0.1927 0.2933 0.1137 0.5210 0.1366 0.3009 0.2433 0.1166 0.5029 0.1252 0.3963 0.2048 0.1237 0.4386 0.1177 0.4624 0.1758 0.1386 0.3641 0.1140 0.5030 0.1544 0.1829 0.2998 0.1135 0.5205 0.1382 0.2886 0.2483 0.1161 0.5075 0.1241
0.4540 0.1204 0.2181 0.3638 0.1290 0.5154 0.1151 0.2607 0.2588 0.1420 0.5182 0.1133 0.3156 0.1646 0.1594 0.4945 0.1146 0.3832 0.1334 0.1827 0.4476 0.1193 0.4582 0.1212 0.2140 0.3740 0.1278 0.5123 0.1155 0.2544 0.2749 0.1398 0.5199 0.1134 0.3036 0.1793 0.1548 0.5031 0.1139 0.3591 0.1412 0.1720 0.4729 0.1164 0.4138 0.1282 0.1906 0.4300 0.1245 0.5105 0.1478 0.2822 0.2374 0.1175 0.4931 0.1236 0.4072 0.2011 0.1246 0.4333 0.1174 0.4643 0.1753 0.1389 0.3640 0.1140 0.5026 0.1547 0.1810 0.3013 0.1135 0.5204 0.1386 0.2855 0.2496 0.1160 0.5085 0.1265 0.3847 0.2096 0.1223 0.4490 0.1185 0.4548 0.1794 0.1357 0.3741 0.1143 0.4987 0.1570 0.1724 0.3080 0.1134 0.5195 0.1402 0.2729 0.2548 0.1156 0.5122 0.1278 0.3514
0.1232 0.2136 0.3751 0.1277 0.5121 0.1154 0.2548 0.2730 0.1402 0.5195 0.1133 0.3080 0.1724 0.1570 0.4987 0.1142 0.3741 0.1356 0.1794 0.4549 0.1185 0.4490 0.1222 0.2096 0.3848 0.1265 0.5084 0.1159 0.2491 0.2873 0.1382 0.5206 0.1135 0.2980 0.1868 0.1532 0.5053 0.1137 0.3546 0.1426 0.1709 0.4746 0.1162 0.4126 0.1282 0.1905 0.4332 0.1214 0.5184 0.1238 0.1739 0.2652 0.1159 0.4981 0.1243 0.4008 0.2040 0.1236 0.4408 0.1180 0.4585 0.1781 0.1364 0.3726 0.1143 0.4987 0.1572 0.1714 0.3093 0.1134 0.5193 0.1406 0.2698 0.2561 0.1154 0.5130 0.1280 0.3726 0.2146 0.1211 0.4593 0.1194 0.4467 0.1831 0.1332 0.3844 0.1147 0.4939 0.1597 0.1637 0.3165 0.1133 0.5180 0.1423 0.2571 0.2615 0.1151 0.5157 0.1292 0.3623 0.2132
0.2066 0.3797 0.1271 0.5104 0.1152 0.2521 0.2795 0.1393 0.5200 0.1130 0.3045 0.1762 0.1559 0.5006 0.1138 0.3699 0.1363 0.1780 0.4581 0.1180 0.4446 0.1222 0.2077 0.3897 0.1259 0.5063 0.1156 0.2468 0.2929 0.1376 0.5208 0.1131 0.2960 0.1893 0.1527 0.5060 0.1134 0.3539 0.1422 0.1711 0.4740 0.1161 0.4151 0.1271 0.1922 0.4302 0.1208 0.4793 0.1150 0.2777 0.3892 0.1122 0.5085 0.1251 0.3951 0.2066 0.1228 0.4476 0.1186 0.4529 0.1809 0.1343 0.3810 0.1146 0.4946 0.1596 0.1636 0.3172 0.1133 0.5177 0.1426 0.2541 0.2628 0.1150 0.5163 0.1295 0.3598 0.2197 0.1200 0.4692 0.1204 0.4380 0.1870 0.1309 0.3948 0.1151 0.4888 0.1626 0.1567 0.3253 0.1133 0.5160 0.1444 0.2413 0.2684 0.1147 0.5183 0.1308 0.3491 0.2240 0.1211
0.3273 0.1304 0.5175 0.1128 0.2657 0.2475 0.1436 0.5170 0.1118 0.3214 0.1578 0.1617 0.4911 0.1141 0.3901 0.1296 0.1857 0.4419 0.1196 0.4649 0.1182 0.2179 0.3654 0.1288 0.5150 0.1131 0.2600 0.2609 0.1418 0.5186 0.1118 0.3132 0.1657 0.1587 0.4969 0.1134 0.3761 0.1334 0.1795 0.4569 0.1177 0.4417 0.1213 0.2042 0.4026 0.1239 0.4946 0.1147 0.2489 0.2430 0.1270 0.5198 0.1275 0.3889 0.2087 0.1222 0.4533 0.1191 0.4476 0.1835 0.1325 0.3889 0.1149 0.4903 0.1620 0.1574 0.3250 0.1133 0.5158 0.1447 0.2389 0.2697 0.1146 0.5187 0.1311 0.3464 0.2251 0.1191 0.4786 0.1214 0.4288 0.1910 0.1288 0.4053 0.1156 0.4831 0.1656 0.1510 0.3343 0.1134 0.5136 0.1467 0.2258 0.2756 0.1143 0.5199 0.1324 0.3352 0.2296 0.1184 0.4733
0.1461 0.5109 0.1117 0.3416 0.1441 0.1687 0.4788 0.1153 0.4130 0.1237 0.1950 0.4218 0.1220 0.4850 0.1147 0.2296 0.3360 0.1323 0.5199 0.1112 0.2752 0.2257 0.1468 0.5138 0.1114 0.3336 0.1483 0.1661 0.4839 0.1147 0.4035 0.1255 0.1909 0.4318 0.1207 0.4741 0.1159 0.2219 0.3577 0.1294 0.5157 0.1118 0.2586 0.2680 0.1402 0.5201 0.1109 0.3013 0.1709 0.1628 0.4737 0.1346 0.3764 0.2107 0.1217 0.4576 0.1196 0.4429 0.1858 0.1310 0.3961 0.1153 0.4861 0.1644 0.1525 0.3327 0.1134 0.5136 0.1468 0.2246 0.2765 0.1142 0.5201 0.1328 0.3324 0.2307 0.1182 0.4873 0.1225 0.4190 0.1953 0.1270 0.4159 0.1162 0.4770 0.1687 0.1464 0.3435 0.1135 0.5106 0.1490 0.2109 0.2831 0.1140 0.5208 0.1342 0.3208 0.2353 0.1175 0.4938 0.1216
0.3273 0.1304 0.5175 0.1128 0.2657 0.2475 0.1436 0.5170 0.1118 0.3214 0.1578 0.1617 0.4911 0.1141 0.3901 0.1296 0.1857 0.4419 0.1196 0.4649 0.1182 0.2179 0.3654 0.1288 0.5150 0.1131 0.2600 0.2609 0.1418 0.5186 0.1118 0.3132 0.1657 0.1587 0.4969 0.1134 0.3761 0.1334 0.1795 0.4569 0.1177 0.4417 0.1213 0.2042 0.4026 0.1239 0.4939 0.1154 0.2354 0.2902 0.1568 0.3332 0.2148 0.1212 0.4605 0.1199 0.4392 0.1878 0.1299 0.4025 0.1156 0.4821 0.1666 0.1486 0.3401 0.1135 0.5111 0.1488 0.2112 0.2834 0.1140 0.5209 0.1345 0.3180 0.2365 0.1174 0.4952 0.1237 0.4087 0.1997 0.1254 0.4266 0.1169 0.4704 0.1720 0.1424 0.3531 0.1137 0.5073 0.1515 0.1970 0.2908 0.1137 0.5210 0.1360 0.3059 0.2413 0.1168 0.5008 0.1249 0.3776
0.2066 0.3797 0.1271 0.5104 0.1152 0.2521 0.2795 0.1393 0.5200 0.1130 0.3045 0.1762 0.1559 0.5006 0.1138 0.3699 0.1363 0.1780 0.4581 0.1180 0.4446 0.1222 0.2077 0.3897 0.1259 0.5063 0.1156 0.2468 0.2929 0.1376 0.5208 0.1131 0.2960 0.1893 0.1527 0.5060 0.1134 0.3539 0.1422 0.1711 0.4740 0.1161 0.4151 0.1271 0.1922 0.4303 0.1207 0.4698 0.1186 0.2340 0.1845 0.2312 0.1199 0.4629 0.1201 0.4368 0.1891 0.1290 0.4077 0.1159 0.4784 0.1687 0.1455 0.3471 0.1136 0.5085 0.1509 0.1990 0.2902 0.1138 0.5210 0.1362 0.3036 0.2424 0.1167 0.5021 0.1250 0.3978 0.2042 0.1239 0.4372 0.1176 0.4634 0.1754 0.1390 0.3629 0.1139 0.5035 0.1540 0.1844 0.2987 0.1136 0.5206 0.1379 0.2906 0.2475 0.1162 0.5068 0.1261 0.3886 0.2028
0.1232 0.2136 0.3751 0.1277 0.5121 0.1154 0.2548 0.2730 0.1402 0.5195 0.1133 0.3080 0.1724 0.1570 0.4987 0.1142 0.3741 0.1356 0.1794 0.4549 0.1185 0.4490 0.1222 0.2096 0.3848 0.1265 0.5084 0.1159 0.2491 0.2873 0.1382 0.5206 0.1135 0.2980 0.1868 0.1532 0.5053 0.1137 0.3546 0.1426 0.1709 0.4746 0.1162 0.4126 0.1282 0.1905 0.4344 0.1203 0.4697 0.1155 0.2987 0.1156 0.4686 0.1202 0.4355 0.1900 0.1285 0.4114 0.1162 0.4753 0.1705 0.1431 0.3534 0.1137 0.5058 0.1528 0.1884 0.2969 0.1136 0.5207 0.1379 0.2894 0.2483 0.1161 0.5078 0.1263 0.3863 0.2090 0.1225 0.4477 0.1184 0.4558 0.1789 0.1361 0.3729 0.1142 0.4992 0.1567 0.1736 0.3069 0.1134 0.5197 0.1399 0.2750 0.2539 0.1156 0.5116 0.1275 0.3766 0.2129 0.1235
0.4540 0.1204 0.2181 0.3638 0.1290 0.5154 0.1151 0.2607 0.2588 0.1420 0.5182 0.1133 0.3156 0.1646 0.1594 0.4945 0.1146 0.3832 0.1334 0.1827 0.4476 0.1193 0.4582 0.1212 0.2140 0.3740 0.1278 0.5123 0.1155 0.2544 0.2749 0.1398 0.5199 0.1134 0.3036 0.1793 0.1548 0.5031 0.1139 0.3591 0.1412 0.1720 0.4729 0.1164 0.4138 0.1282 0.1904 0.4344 0.1207 0.4938 0.1110 0.4937 0.1207 0.4346 0.1903 0.1283 0.4136 0.1164 0.4730 0.1719 0.1413 0.3589 0.1139 0.5032 0.1547 0.1797 0.3033 0.1135 0.5199 0.1397 0.2754 0.2542 0.1156 0.5122 0.1277 0.3744 0.2139 0.1213 0.4580 0.1193 0.4477 0.1826 0.1335 0.3831 0.1146 0.4946 0.1594 0.1647 0.3154 0.1134 0.5182 0.1420 0.2591 0.2606 0.1151 0.5153 0.1290 0.3640 0.2180 0.1205 0.4538
0.1194 0.4756 0.1194 0.2233 0.3508 0.1306 0.5180 0.1147 0.2675 0.2433 0.1441 0.5163 0.1133 0.3241 0.1575 0.1622 0.4894 0.1151 0.3934 0.1312 0.1865 0.4391 0.1203 0.4680 0.1202 0.2190 0.3620 0.1292 0.5155 0.1151 0.2601 0.2618 0.1414 0.5189 0.1134 0.3093 0.1726 0.1564 0.5008 0.1140 0.3632 0.1401 0.1729 0.4715 0.1165 0.4144 0.1282 0.1905 0.4303 0.1239 0.5201 0.1239 0.4303 0.1905 0.1282 0.4144 0.1165 0.4716 0.1729 0.1401 0.3632 0.1140 0.5008 0.1563 0.1727 0.3093 0.1134 0.5189 0.1414 0.2619 0.2600 0.1151 0.5155 0.1291 0.3623 0.2189 0.1202 0.4679 0.1203 0.4391 0.1865 0.1312 0.3934 0.1151 0.4894 0.1622 0.1575 0.3241 0.1133 0.5163 0.1441 0.2433 0.2675 0.1147 0.5180 0.1306 0.3508 0.2233 0.1194 0.4756 0.1194
