0.1465 0.1626 0.4706 0.1141 0.3664 0.1388 0.1690 0.4571 0.1150 0.3879 0.1339 0.1763 0.4410 0.1161 0.4099 0.1298 0.1844 0.4225 0.1176 0.4320 0.1264 0.1931 0.4016 0.1194 0.4535 0.1235 0.2026 0.3780 0.1216 0.4730 0.1211 0.2130 0.3519 0.1241 0.4892 0.1191 0.2242 0.3233 0.1270 0.5004 0.1174 0.2364 0.2924 0.1302 0.5065 0.1161 0.2496 0.2583 0.1352 0.5045 0.1141 0.5045 0.1352 0.2583 0.2496 0.1161 0.5065 0.1302 0.2924 0.2364 0.1174 0.5004 0.1270 0.3233 0.2242 0.1191 0.4892 0.1241 0.3519 0.2130 0.1211 0.4730 0.1216 0.3780 0.2026 0.1235 0.4535 0.1194 0.4016 0.1931 0.1264 0.4320 0.1176 0.4225 0.1844 0.1298 0.4099 0.1161 0.4410 0.1763 0.1339 0.3879 0.1150 0.4571 0.1690 0.1388 0.3664 0.1141 0.4706 0.1626 0.1465
0.1626 0.4841 0.1153 0.3857 0.1353 0.1765 0.4680 0.1166 0.4093 0.1301 0.1846 0.4518 0.1182 0.4320 0.1262 0.1932 0.4334 0.1201 0.4543 0.1230 0.2026 0.4125 0.1223 0.4753 0.1205 0.2128 0.3890 0.1249 0.4935 0.1184 0.2238 0.3628 0.1278 0.5073 0.1168 0.2359 0.3339 0.1311 0.5160 0.1156 0.2489 0.3026 0.1347 0.5202 0.1147 0.2630 0.2692 0.1390 0.5206 0.1119 0.4082 0.1119 0.5206 0.1390 0.2692 0.2630 0.1147 0.5202 0.1347 0.3026 0.2489 0.1156 0.5160 0.1311 0.3339 0.2359 0.1168 0.5073 0.1278 0.3628 0.2238 0.1184 0.4935 0.1249 0.3890 0.2128 0.1205 0.4753 0.1223 0.4125 0.2026 0.1230 0.4543 0.1201 0.4334 0.1932 0.1262 0.4320 0.1182 0.4518 0.1846 0.1301 0.4093 0.1166 0.4680 0.1765 0.1353 0.3857 0.1153 0.4841 0.1626
0.4706 0.1153 0.3895 0.1338 0.1792 0.4619 0.1171 0.4193 0.1282 0.1884 0.4435 0.1188 0.4425 0.1246 0.1975 0.4239 0.1209 0.4644 0.1217 0.2072 0.4018 0.1233 0.4842 0.1194 0.2178 0.3771 0.1260 0.5006 0.1176 0.2294 0.3496 0.1291 0.5120 0.1161 0.2419 0.3195 0.1326 0.5185 0.1150 0.2554 0.2872 0.1364 0.5209 0.1142 0.2700 0.2536 0.1407 0.5203 0.1130 0.3163 0.1248 0.3163 0.1130 0.5203 0.1407 0.2536 0.2700 0.1142 0.5209 0.1364 0.2872 0.2554 0.1150 0.5185 0.1326 0.3195 0.2419 0.1161 0.5120 0.1291 0.3496 0.2294 0.1176 0.5006 0.1260 0.3771 0.2178 0.1194 0.4842 0.1233 0.4018 0.2072 0.1217 0.4644 0.1209 0.4239 0.1975 0.1246 0.4425 0.1188 0.4435 0.1884 0.1282 0.4193 0.1171 0.4619 0.1792 0.1338 0.3895 0.1153 0.4706
0.1141 0.3857 0.1338 0.1803 0.4581 0.1176 0.4275 0.1267 0.1921 0.4353 0.1197 0.4526 0.1232 0.2019 0.4139 0.1220 0.4741 0.1206 0.2121 0.3905 0.1245 0.4925 0.1185 0.2231 0.3645 0.1274 0.5066 0.1168 0.2351 0.3357 0.1307 0.5156 0.1156 0.2481 0.3046 0.1344 0.5200 0.1146 0.2621 0.2715 0.1383 0.5210 0.1139 0.2772 0.2379 0.1427 0.5192 0.1134 0.2993 0.1625 0.1925 0.1625 0.2993 0.1134 0.5192 0.1427 0.2379 0.2772 0.1139 0.5210 0.1383 0.2715 0.2621 0.1146 0.5200 0.1344 0.3046 0.2481 0.1156 0.5156 0.1307 0.3357 0.2351 0.1168 0.5066 0.1274 0.3645 0.2231 0.1185 0.4925 0.1245 0.3905 0.2121 0.1206 0.4741 0.1220 0.4139 0.2019 0.1232 0.4526 0.1197 0.4353 0.1921 0.1267 0.4275 0.1176 0.4581 0.1803 0.1338 0.3857 0.1141
0.3664 0.1353 0.1792 0.4581 0.1178 0.4322 0.1257 0.1951 0.4278 0.1206 0.4619 0.1220 0.2063 0.4036 0.1231 0.4830 0.1195 0.2172 0.3786 0.1259 0.4997 0.1177 0.2286 0.3513 0.1289 0.5115 0.1162 0.2411 0.3214 0.1324 0.5182 0.1151 0.2545 0.2892 0.1362 0.5209 0.1143 0.2691 0.2557 0.1404 0.5205 0.1137 0.2847 0.2225 0.1449 0.5176 0.1134 0.3025 0.1835 0.1599 0.4278 0.1599 0.1835 0.3025 0.1134 0.5176 0.1449 0.2225 0.2847 0.1137 0.5205 0.1404 0.2557 0.2691 0.1143 0.5209 0.1362 0.2892 0.2545 0.1151 0.5182 0.1324 0.3214 0.2411 0.1162 0.5115 0.1289 0.3513 0.2286 0.1177 0.4997 0.1259 0.3786 0.2172 0.1195 0.4830 0.1231 0.4036 0.2063 0.1220 0.4619 0.1206 0.4278 0.1951 0.1257 0.4322 0.1178 0.4581 0.1792 0.1353 0.3664
0.1388 0.1765 0.4619 0.1176 0.4322 0.1254 0.1969 0.4225 0.1213 0.4694 0.1210 0.2106 0.3934 0.1243 0.4910 0.1186 0.2223 0.3662 0.1272 0.5059 0.1169 0.2344 0.3375 0.1305 0.5152 0.1156 0.2473 0.3065 0.1341 0.5199 0.1147 0.2612 0.2735 0.1381 0.5210 0.1140 0.2763 0.2399 0.1424 0.5194 0.1135 0.2925 0.2078 0.1472 0.5155 0.1133 0.3100 0.1791 0.1542 0.4944 0.1212 0.4944 0.1542 0.1791 0.3100 0.1133 0.5155 0.1472 0.2078 0.2925 0.1135 0.5194 0.1424 0.2399 0.2763 0.1140 0.5210 0.1381 0.2735 0.2612 0.1147 0.5199 0.1341 0.3065 0.2473 0.1156 0.5152 0.1305 0.3375 0.2344 0.1169 0.5059 0.1272 0.3662 0.2223 0.1186 0.4910 0.1243 0.3934 0.2106 0.1210 0.4694 0.1213 0.4225 0.1969 0.1254 0.4322 0.1176 0.4619 0.1765 0.1388
0.1690 0.4680 0.1171 0.4275 0.1257 0.1969 0.4206 0.1217 0.4743 0.1203 0.2142 0.3841 0.1254 0.4977 0.1179 0.2275 0.3537 0.1287 0.5108 0.1163 0.2403 0.3233 0.1322 0.5179 0.1151 0.2537 0.2912 0.1359 0.5208 0.1143 0.2682 0.2577 0.1401 0.5206 0.1137 0.2837 0.2244 0.1446 0.5179 0.1134 0.3005 0.1941 0.1496 0.5130 0.1133 0.3184 0.1702 0.1552 0.5033 0.1137 0.4793 0.1137 0.5033 0.1552 0.1702 0.3184 0.1133 0.5130 0.1496 0.1941 0.3005 0.1134 0.5179 0.1446 0.2244 0.2837 0.1137 0.5206 0.1401 0.2577 0.2682 0.1143 0.5208 0.1359 0.2912 0.2537 0.1151 0.5179 0.1322 0.3233 0.2403 0.1163 0.5108 0.1287 0.3537 0.2275 0.1179 0.4977 0.1254 0.3841 0.2142 0.1203 0.4743 0.1217 0.4206 0.1969 0.1257 0.4275 0.1171 0.4680 0.1690
0.4571 0.1166 0.4193 0.1267 0.1951 0.4225 0.1217 0.4760 0.1199 0.2168 0.3767 0.1263 0.5029 0.1172 0.2325 0.3413 0.1301 0.5145 0.1157 0.2462 0.3087 0.1339 0.5197 0.1147 0.2604 0.2755 0.1378 0.5210 0.1140 0.2753 0.2419 0.1422 0.5196 0.1135 0.2915 0.2096 0.1469 0.5158 0.1133 0.3088 0.1819 0.1520 0.5099 0.1134 0.3272 0.1620 0.1576 0.5016 0.1136 0.3834 0.1153 0.3834 0.1136 0.5016 0.1576 0.1620 0.3272 0.1134 0.5099 0.1520 0.1819 0.3088 0.1133 0.5158 0.1469 0.2096 0.2915 0.1135 0.5196 0.1422 0.2419 0.2753 0.1140 0.5210 0.1378 0.2755 0.2604 0.1147 0.5197 0.1339 0.3087 0.2462 0.1157 0.5145 0.1301 0.3413 0.2325 0.1172 0.5029 0.1263 0.3767 0.2168 0.1199 0.4760 0.1217 0.4225 0.1951 0.1267 0.4193 0.1166 0.4571
0.1150 0.4093 0.1282 0.1921 0.4278 0.1213 0.4743 0.1199 0.2177 0.3725 0.1270 0.5063 0.1168 0.2369 0.3299 0.1315 0.5172 0.1153 0.2522 0.2942 0.1356 0.5207 0.1144 0.2672 0.2597 0.1398 0.5207 0.1138 0.2828 0.2264 0.1443 0.5181 0.1134 0.2995 0.1958 0.1493 0.5133 0.1133 0.3173 0.1715 0.1546 0.5065 0.1135 0.3363 0.1554 0.1604 0.4976 0.1140 0.3633 0.1312 0.2260 0.1312 0.3633 0.1140 0.4976 0.1604 0.1554 0.3363 0.1135 0.5065 0.1546 0.1715 0.3173 0.1133 0.5133 0.1493 0.1958 0.2995 0.1134 0.5181 0.1443 0.2264 0.2828 0.1138 0.5207 0.1398 0.2597 0.2672 0.1144 0.5207 0.1356 0.2942 0.2522 0.1153 0.5172 0.1315 0.3299 0.2369 0.1168 0.5063 0.1270 0.3725 0.2177 0.1199 0.4743 0.1213 0.4278 0.1921 0.1282 0.4093 0.1150
0.3879 0.1301 0.1884 0.4353 0.1206 0.4694 0.1203 0.2168 0.3725 0.1272 0.5080 0.1165 0.2402 0.3205 0.1328 0.5189 0.1149 0.2581 0.2800 0.1374 0.5210 0.1141 0.2741 0.2442 0.1419 0.5197 0.1136 0.2905 0.2114 0.1466 0.5161 0.1133 0.3077 0.1834 0.1517 0.5103 0.1134 0.3261 0.1630 0.1572 0.5026 0.1137 0.3456 0.1499 0.1632 0.4928 0.1144 0.3675 0.1383 0.1832 0.3451 0.1832 0.1383 0.3675 0.1144 0.4928 0.1632 0.1499 0.3456 0.1137 0.5026 0.1572 0.1630 0.3261 0.1134 0.5103 0.1517 0.1834 0.3077 0.1133 0.5161 0.1466 0.2114 0.2905 0.1136 0.5197 0.1419 0.2442 0.2741 0.1141 0.5210 0.1374 0.2800 0.2581 0.1149 0.5189 0.1328 0.3205 0.2402 0.1165 0.5080 0.1272 0.3725 0.2168 0.1203 0.4694 0.1206 0.4353 0.1884 0.1301 0.3879
0.1339 0.1846 0.4435 0.1197 0.4619 0.1210 0.2142 0.3767 0.1270 0.5080 0.1164 0.2421 0.3141 0.1337 0.5199 0.1146 0.2633 0.2670 0.1391 0.5208 0.1138 0.2810 0.2295 0.1440 0.5184 0.1134 0.2983 0.1975 0.1489 0.5136 0.1133 0.3162 0.1727 0.1543 0.5070 0.1135 0.3351 0.1561 0.1600 0.4983 0.1140 0.3552 0.1454 0.1663 0.4876 0.1148 0.3765 0.1375 0.1757 0.4475 0.1312 0.4475 0.1757 0.1375 0.3765 0.1148 0.4876 0.1663 0.1454 0.3552 0.1140 0.4983 0.1600 0.1561 0.3351 0.1135 0.5070 0.1543 0.1727 0.3162 0.1133 0.5136 0.1489 0.1975 0.2983 0.1134 0.5184 0.1440 0.2295 0.2810 0.1138 0.5208 0.1391 0.2670 0.2633 0.1146 0.5199 0.1337 0.3141 0.2421 0.1164 0.5080 0.1270 0.3767 0.2142 0.1210 0.4619 0.1197 0.4435 0.1846 0.1339
0.1763 0.4518 0.1188 0.4526 0.1220 0.2106 0.3841 0.1263 0.5063 0.1165 0.2421 0.3118 0.1342 0.5203 0.1144 0.2675 0.2561 0.1406 0.5203 0.1136 0.2878 0.2158 0.1460 0.5166 0.1134 0.3062 0.1851 0.1514 0.5108 0.1134 0.3249 0.1640 0.1569 0.5031 0.1137 0.3444 0.1506 0.1629 0.4935 0.1143 0.3650 0.1416 0.1694 0.4818 0.1152 0.3866 0.1351 0.1770 0.4630 0.1190 0.5189 0.1190 0.4630 0.1770 0.1351 0.3866 0.1152 0.4818 0.1694 0.1416 0.3650 0.1143 0.4935 0.1629 0.1506 0.3444 0.1137 0.5031 0.1569 0.1640 0.3249 0.1134 0.5108 0.1514 0.1851 0.3062 0.1134 0.5166 0.1460 0.2158 0.2878 0.1136 0.5203 0.1406 0.2561 0.2675 0.1144 0.5203 0.1342 0.3118 0.2421 0.1165 0.5063 0.1263 0.3841 0.2106 0.1220 0.4526 0.1188 0.4518 0.1763
0.4410 0.1182 0.4425 0.1232 0.2063 0.3934 0.1254 0.5029 0.1168 0.2402 0.3141 0.1342 0.5205 0.1143 0.2703 0.2483 0.1418 0.5195 0.1135 0.2940 0.2037 0.1480 0.5145 0.1133 0.3141 0.1748 0.1538 0.5075 0.1135 0.3339 0.1570 0.1596 0.4988 0.1140 0.3540 0.1460 0.1659 0.4883 0.1147 0.3751 0.1383 0.1727 0.4756 0.1158 0.3971 0.1326 0.1803 0.4599 0.1175 0.4583 0.1113 0.4583 0.1175 0.4599 0.1803 0.1326 0.3971 0.1158 0.4756 0.1727 0.1383 0.3751 0.1147 0.4883 0.1659 0.1460 0.3540 0.1140 0.4988 0.1596 0.1570 0.3339 0.1135 0.5075 0.1538 0.1748 0.3141 0.1133 0.5145 0.1480 0.2037 0.2940 0.1135 0.5195 0.1418 0.2483 0.2703 0.1143 0.5205 0.1342 0.3141 0.2402 0.1168 0.5029 0.1254 0.3934 0.2063 0.1232 0.4425 0.1182 0.4410
0.1161 0.4320 0.1246 0.2019 0.4036 0.1243 0.4977 0.1172 0.2369 0.3205 0.1337 0.5203 0.1143 0.2713 0.2440 0.1426 0.5189 0.1135 0.2992 0.1940 0.1499 0.5122 0.1134 0.3219 0.1664 0.1562 0.5040 0.1137 0.3428 0.1513 0.1625 0.4942 0.1143 0.3638 0.1421 0.1690 0.4826 0.1152 0.3853 0.1355 0.1761 0.4689 0.1164 0.4076 0.1304 0.1840 0.4529 0.1179 0.4377 0.1189 0.2705 0.1189 0.4377 0.1179 0.4529 0.1840 0.1304 0.4076 0.1164 0.4689 0.1761 0.1355 0.3853 0.1152 0.4826 0.1690 0.1421 0.3638 0.1143 0.4942 0.1625 0.1513 0.3428 0.1137 0.5040 0.1562 0.1664 0.3219 0.1134 0.5122 0.1499 0.1940 0.2992 0.1135 0.5189 0.1426 0.2440 0.2713 0.1143 0.5203 0.1337 0.3205 0.2369 0.1172 0.4977 0.1243 0.4036 0.2019 0.1246 0.4320 0.1161
0.4099 0.1262 0.1975 0.4139 0.1231 0.4910 0.1179 0.2325 0.3299 0.1328 0.5199 0.1144 0.2703 0.2440 0.1429 0.5185 0.1134 0.3030 0.1871 0.1515 0.5101 0.1134 0.3291 0.1599 0.1586 0.5002 0.1139 0.3517 0.1469 0.1653 0.4892 0.1146 0.3737 0.1388 0.1723 0.4764 0.1157 0.3957 0.1329 0.1797 0.4618 0.1170 0.4183 0.1284 0.1879 0.4448 0.1187 0.4421 0.1231 0.2146 0.2360 0.2146 0.1231 0.4421 0.1187 0.4448 0.1879 0.1284 0.4183 0.1170 0.4618 0.1797 0.1329 0.3957 0.1157 0.4764 0.1723 0.1388 0.3737 0.1146 0.4892 0.1653 0.1469 0.3517 0.1139 0.5002 0.1586 0.1599 0.3291 0.1134 0.5101 0.1515 0.1871 0.3030 0.1134 0.5185 0.1429 0.2440 0.2703 0.1144 0.5199 0.1328 0.3299 0.2325 0.1179 0.4910 0.1231 0.4139 0.1975 0.1262 0.4099
0.1298 0.1932 0.4239 0.1220 0.4830 0.1186 0.2275 0.3413 0.1315 0.5189 0.1146 0.2675 0.2483 0.1426 0.5185 0.1134 0.3051 0.1828 0.1526 0.5083 0.1135 0.3354 0.1551 0.1608 0.4964 0.1141 0.3604 0.1432 0.1682 0.4839 0.1151 0.3835 0.1359 0.1756 0.4699 0.1163 0.4063 0.1307 0.1835 0.4541 0.1178 0.4289 0.1266 0.1920 0.4361 0.1196 0.4515 0.1231 0.2046 0.3737 0.1453 0.3737 0.2046 0.1231 0.4515 0.1196 0.4361 0.1920 0.1266 0.4289 0.1178 0.4541 0.1835 0.1307 0.4063 0.1163 0.4699 0.1756 0.1359 0.3835 0.1151 0.4839 0.1682 0.1432 0.3604 0.1141 0.4964 0.1608 0.1551 0.3354 0.1135 0.5083 0.1526 0.1828 0.3051 0.1134 0.5185 0.1426 0.2483 0.2675 0.1146 0.5189 0.1315 0.3413 0.2275 0.1186 0.4830 0.1220 0.4239 0.1932 0.1298
0.1844 0.4334 0.1209 0.4741 0.1195 0.2223 0.3537 0.1301 0.5172 0.1149 0.2633 0.2561 0.1418 0.5189 0.1134 0.3051 0.1814 0.1532 0.5071 0.1136 0.3401 0.1517 0.1628 0.4928 0.1144 0.3687 0.1401 0.1710 0.4784 0.1155 0.3932 0.1334 0.1791 0.4630 0.1169 0.4168 0.1287 0.1874 0.4459 0.1186 0.4395 0.1250 0.1962 0.4267 0.1206 0.4615 0.1220 0.2064 0.3972 0.1278 0.5155 0.1278 0.3972 0.2064 0.1220 0.4615 0.1206 0.4267 0.1962 0.1250 0.4395 0.1186 0.4459 0.1874 0.1287 0.4168 0.1169 0.4630 0.1791 0.1334 0.3932 0.1155 0.4784 0.1710 0.1401 0.3687 0.1144 0.4928 0.1628 0.1517 0.3401 0.1136 0.5071 0.1532 0.1814 0.3051 0.1134 0.5189 0.1418 0.2561 0.2633 0.1149 0.5172 0.1301 0.3537 0.2223 0.1195 0.4741 0.1209 0.4334 0.1844
0.4225 0.1201 0.4644 0.1206 0.2172 0.3662 0.1287 0.5145 0.1153 0.2581 0.2670 0.1406 0.5195 0.1135 0.3030 0.1828 0.1532 0.5066 0.1136 0.3433 0.1496 0.1643 0.4898 0.1147 0.3760 0.1377 0.1738 0.4729 0.1160 0.4028 0.1313 0.1825 0.4558 0.1176 0.4271 0.1269 0.1914 0.4372 0.1195 0.4500 0.1235 0.2006 0.4168 0.1217 0.4713 0.1209 0.2108 0.3925 0.1250 0.5126 0.1113 0.5126 0.1250 0.3925 0.2108 0.1209 0.4713 0.1217 0.4168 0.2006 0.1235 0.4500 0.1195 0.4372 0.1914 0.1269 0.4271 0.1176 0.4558 0.1825 0.1313 0.4028 0.1160 0.4729 0.1738 0.1377 0.3760 0.1147 0.4898 0.1643 0.1496 0.3433 0.1136 0.5066 0.1532 0.1828 0.3030 0.1135 0.5195 0.1406 0.2670 0.2581 0.1153 0.5145 0.1287 0.3662 0.2172 0.1206 0.4644 0.1201 0.4225
0.1176 0.4543 0.1217 0.2121 0.3786 0.1272 0.5108 0.1157 0.2522 0.2800 0.1391 0.5203 0.1135 0.2992 0.1871 0.1526 0.5071 0.1136 0.3444 0.1486 0.1652 0.4876 0.1149 0.3818 0.1359 0.1763 0.4677 0.1166 0.4117 0.1295 0.1859 0.4485 0.1184 0.4370 0.1253 0.1955 0.4282 0.1205 0.4601 0.1222 0.2053 0.4064 0.1228 0.4806 0.1198 0.2157 0.3819 0.1256 0.5024 0.1134 0.3277 0.1134 0.5024 0.1256 0.3819 0.2157 0.1198 0.4806 0.1228 0.4064 0.2053 0.1222 0.4601 0.1205 0.4282 0.1955 0.1253 0.4370 0.1184 0.4485 0.1859 0.1295 0.4117 0.1166 0.4677 0.1763 0.1359 0.3818 0.1149 0.4876 0.1652 0.1486 0.3444 0.1136 0.5071 0.1526 0.1871 0.2992 0.1135 0.5203 0.1391 0.2800 0.2522 0.1157 0.5108 0.1272 0.3786 0.2121 0.1217 0.4543 0.1176
0.4320 0.1230 0.2072 0.3905 0.1259 0.5059 0.1163 0.2462 0.2942 0.1374 0.5208 0.1136 0.2940 0.1940 0.1515 0.5083 0.1136 0.3433 0.1486 0.1656 0.4864 0.1150 0.3859 0.1346 0.1783 0.4632 0.1170 0.4197 0.1280 0.1893 0.4412 0.1191 0.4466 0.1239 0.1995 0.4189 0.1215 0.4697 0.1210 0.2100 0.3953 0.1240 0.4891 0.1189 0.2209 0.3698 0.1269 0.5049 0.1160 0.2557 0.1520 0.2557 0.1160 0.5049 0.1269 0.3698 0.2209 0.1189 0.4891 0.1240 0.3953 0.2100 0.1210 0.4697 0.1215 0.4189 0.1995 0.1239 0.4466 0.1191 0.4412 0.1893 0.1280 0.4197 0.1170 0.4632 0.1783 0.1346 0.3859 0.1150 0.4864 0.1656 0.1486 0.3433 0.1136 0.5083 0.1515 0.1940 0.2940 0.1136 0.5208 0.1374 0.2942 0.2462 0.1163 0.5059 0.1259 0.3905 0.2072 0.1230 0.4320
0.1264 0.2026 0.4018 0.1245 0.4997 0.1169 0.2403 0.3087 0.1356 0.5210 0.1138 0.2878 0.2037 0.1499 0.5101 0.1135 0.3401 0.1496 0.1652 0.4864 0.1151 0.3881 0.1338 0.1797 0.4597 0.1174 0.4264 0.1267 0.1923 0.4341 0.1199 0.4554 0.1227 0.2036 0.4095 0.1225 0.4786 0.1200 0.2148 0.3839 0.1253 0.4968 0.1180 0.2263 0.3569 0.1283 0.5097 0.1163 0.2429 0.2709 0.1641 0.2709 0.2429 0.1163 0.5097 0.1283 0.3569 0.2263 0.1180 0.4968 0.1253 0.3839 0.2148 0.1200 0.4786 0.1225 0.4095 0.2036 0.1227 0.4554 0.1199 0.4341 0.1923 0.1267 0.4264 0.1174 0.4597 0.1797 0.1338 0.3881 0.1151 0.4864 0.1652 0.1496 0.3401 0.1135 0.5101 0.1499 0.2037 0.2878 0.1138 0.5210 0.1356 0.3087 0.2403 0.1169 0.4997 0.1245 0.4018 0.2026 0.1264
0.1931 0.4125 0.1233 0.4925 0.1177 0.2344 0.3233 0.1339 0.5207 0.1141 0.2810 0.2158 0.1480 0.5122 0.1134 0.3354 0.1517 0.1643 0.4876 0.1150 0.3881 0.1335 0.1804 0.4574 0.1177 0.4313 0.1258 0.1949 0.4278 0.1206 0.4633 0.1217 0.2076 0.4001 0.1236 0.4865 0.1191 0.2196 0.3723 0.1266 0.5033 0.1172 0.2319 0.3434 0.1298 0.5138 0.1158 0.2454 0.3021 0.1405 0.4873 0.1405 0.3021 0.2454 0.1158 0.5138 0.1298 0.3434 0.2319 0.1172 0.5033 0.1266 0.3723 0.2196 0.1191 0.4865 0.1236 0.4001 0.2076 0.1217 0.4633 0.1206 0.4278 0.1949 0.1258 0.4313 0.1177 0.4574 0.1804 0.1335 0.3881 0.1150 0.4876 0.1643 0.1517 0.3354 0.1134 0.5122 0.1480 0.2158 0.2810 0.1141 0.5207 0.1339 0.3233 0.2344 0.1177 0.4925 0.1233 0.4125 0.1931
0.4016 0.1223 0.4842 0.1185 0.2286 0.3375 0.1322 0.5197 0.1144 0.2741 0.2295 0.1460 0.5145 0.1134 0.3291 0.1551 0.1628 0.4898 0.1149 0.3859 0.1338 0.1804 0.4566 0.1179 0.4344 0.1252 0.1970 0.4225 0.1213 0.4698 0.1209 0.2114 0.3909 0.1246 0.4935 0.1183 0.2245 0.3606 0.1279 0.5086 0.1166 0.2376 0.3296 0.1314 0.5169 0.1153 0.2511 0.2957 0.1365 0.5194 0.1143 0.5194 0.1365 0.2957 0.2511 0.1153 0.5169 0.1314 0.3296 0.2376 0.1166 0.5086 0.1279 0.3606 0.2245 0.1183 0.4935 0.1246 0.3909 0.2114 0.1209 0.4698 0.1213 0.4225 0.1970 0.1252 0.4344 0.1179 0.4566 0.1804 0.1338 0.3859 0.1149 0.4898 0.1628 0.1551 0.3291 0.1134 0.5145 0.1460 0.2295 0.2741 0.1144 0.5197 0.1322 0.3375 0.2286 0.1185 0.4842 0.1223 0.4016
0.1194 0.4753 0.1194 0.2231 0.3513 0.1305 0.5179 0.1147 0.2672 0.2442 0.1440 0.5166 0.1133 0.3219 0.1599 0.1608 0.4928 0.1147 0.3818 0.1346 0.1797 0.4574 0.1179 0.4354 0.1249 0.1982 0.4188 0.1218 0.4749 0.1202 0.2147 0.3824 0.1256 0.4993 0.1177 0.2292 0.3489 0.1293 0.5127 0.1160 0.2433 0.3156 0.1331 0.5190 0.1149 0.2575 0.2818 0.1373 0.5210 0.1118 0.3976 0.1118 0.5210 0.1373 0.2818 0.2575 0.1149 0.5190 0.1331 0.3156 0.2433 0.1160 0.5127 0.1293 0.3489 0.2292 0.1177 0.4993 0.1256 0.3824 0.2147 0.1202 0.4749 0.1218 0.4188 0.1982 0.1249 0.4354 0.1179 0.4574 0.1797 0.1346 0.3818 0.1147 0.4928 0.1608 0.1599 0.3219 0.1133 0.5166 0.1440 0.2442 0.2672 0.1147 0.5179 0.1305 0.3513 0.2231 0.1194 0.4753 0.1194
0.4535 0.1205 0.2178 0.3645 0.1289 0.5152 0.1151 0.2604 0.2597 0.1419 0.5184 0.1134 0.3141 0.1664 0.1586 0.4964 0.1144 0.3760 0.1359 0.1783 0.4597 0.1177 0.4344 0.1249 0.1986 0.4169 0.1221 0.4783 0.1198 0.2174 0.3752 0.1265 0.5039 0.1171 0.2338 0.3376 0.1307 0.5157 0.1155 0.2490 0.3017 0.1347 0.5203 0.1145 0.2642 0.2665 0.1390 0.5208 0.1132 0.3089 0.1266 0.3089 0.1132 0.5208 0.1390 0.2665 0.2642 0.1145 0.5203 0.1347 0.3017 0.2490 0.1155 0.5157 0.1307 0.3376 0.2338 0.1171 0.5039 0.1265 0.3752 0.2174 0.1198 0.4783 0.1221 0.4169 0.1986 0.1249 0.4344 0.1177 0.4597 0.1783 0.1359 0.3760 0.1144 0.4964 0.1586 0.1664 0.3141 0.1134 0.5184 0.1419 0.2597 0.2604 0.1151 0.5152 0.1289 0.3645 0.2178 0.1205 0.4535
0.1235 0.2128 0.3771 0.1274 0.5115 0.1156 0.2537 0.2755 0.1398 0.5197 0.1134 0.3062 0.1748 0.1562 0.5002 0.1141 0.3687 0.1377 0.1763 0.4632 0.1174 0.4313 0.1252 0.1982 0.4169 0.1222 0.4800 0.1195 0.2193 0.3696 0.1273 0.5072 0.1167 0.2379 0.3270 0.1319 0.5179 0.1151 0.2546 0.2880 0.1364 0.5209 0.1142 0.2709 0.2512 0.1410 0.5202 0.1135 0.2928 0.1699 0.1890 0.1699 0.2928 0.1135 0.5202 0.1410 0.2512 0.2709 0.1142 0.5209 0.1364 0.2880 0.2546 0.1151 0.5179 0.1319 0.3270 0.2379 0.1167 0.5072 0.1273 0.3696 0.2193 0.1195 0.4800 0.1222 0.4169 0.1982 0.1252 0.4313 0.1174 0.4632 0.1763 0.1377 0.3687 0.1141 0.5002 0.1562 0.1748 0.3062 0.1134 0.5197 0.1398 0.2755 0.2537 0.1156 0.5115 0.1274 0.3771 0.2128 0.1235
0.2026 0.3890 0.1260 0.5066 0.1162 0.2473 0.2912 0.1378 0.5207 0.1136 0.2983 0.1851 0.1538 0.5040 0.1139 0.3604 0.1401 0.1738 0.4677 0.1170 0.4264 0.1258 0.1970 0.4188 0.1221 0.4800 0.1194 0.2203 0.3661 0.1278 0.5094 0.1163 0.2414 0.3176 0.1331 0.5193 0.1148 0.2600 0.2749 0.1381 0.5210 0.1139 0.2775 0.2366 0.1430 0.5190 0.1135 0.2959 0.1935 0.1576 0.4357 0.1576 0.1935 0.2959 0.1135 0.5190 0.1430 0.2366 0.2775 0.1139 0.5210 0.1381 0.2749 0.2600 0.1148 0.5193 0.1331 0.3176 0.2414 0.1163 0.5094 0.1278 0.3661 0.2203 0.1194 0.4800 0.1221 0.4188 0.1970 0.1258 0.4264 0.1170 0.4677 0.1738 0.1401 0.3604 0.1139 0.5040 0.1538 0.1851 0.2983 0.1136 0.5207 0.1378 0.2912 0.2473 0.1162 0.5066 0.1260 0.3890 0.2026
0.3780 0.1249 0.5006 0.1168 0.2411 0.3065 0.1359 0.5210 0.1138 0.2905 0.1975 0.1514 0.5075 0.1137 0.3517 0.1432 0.1710 0.4729 0.1166 0.4197 0.1267 0.1949 0.4225 0.1218 0.4783 0.1195 0.2203 0.3650 0.1280 0.5107 0.1161 0.2441 0.3100 0.1341 0.5201 0.1145 0.2650 0.2628 0.1397 0.5207 0.1137 0.2840 0.2230 0.1449 0.5175 0.1134 0.3029 0.1888 0.1521 0.4984 0.1203 0.4984 0.1521 0.1888 0.3029 0.1134 0.5175 0.1449 0.2230 0.2840 0.1137 0.5207 0.1397 0.2628 0.2650 0.1145 0.5201 0.1341 0.3100 0.2441 0.1161 0.5107 0.1280 0.3650 0.2203 0.1195 0.4783 0.1218 0.4225 0.1949 0.1267 0.4197 0.1166 0.4729 0.1710 0.1432 0.3517 0.1137 0.5075 0.1514 0.1975 0.2905 0.1138 0.5210 0.1359 0.3065 0.2411 0.1168 0.5006 0.1249 0.3780
0.1216 0.4935 0.1176 0.2351 0.3214 0.1341 0.5208 0.1140 0.2828 0.2114 0.1489 0.5108 0.1135 0.3428 0.1469 0.1682 0.4784 0.1160 0.4117 0.1280 0.1923 0.4278 0.1213 0.4749 0.1198 0.2193 0.3661 0.1280 0.5111 0.1160 0.2458 0.3047 0.1349 0.5206 0.1143 0.2694 0.2520 0.1411 0.5200 0.1136 0.2903 0.2104 0.1469 0.5156 0.1133 0.3104 0.1791 0.1530 0.5066 0.1133 0.4714 0.1133 0.5066 0.1530 0.1791 0.3104 0.1133 0.5156 0.1469 0.2104 0.2903 0.1136 0.5200 0.1411 0.2520 0.2694 0.1143 0.5206 0.1349 0.3047 0.2458 0.1160 0.5111 0.1280 0.3661 0.2193 0.1198 0.4749 0.1213 0.4278 0.1923 0.1280 0.4117 0.1160 0.4784 0.1682 0.1469 0.3428 0.1135 0.5108 0.1489 0.2114 0.2828 0.1140 0.5208 0.1341 0.3214 0.2351 0.1176 0.4935 0.1216
0.4730 0.1184 0.2294 0.3357 0.1324 0.5199 0.1143 0.2753 0.2264 0.1466 0.5136 0.1134 0.3339 0.1513 0.1653 0.4839 0.1155 0.4028 0.1295 0.1893 0.4341 0.1206 0.4698 0.1202 0.2174 0.3696 0.1278 0.5107 0.1160 0.2463 0.3019 0.1354 0.5208 0.1142 0.2729 0.2432 0.1425 0.5192 0.1135 0.2963 0.1995 0.1489 0.5135 0.1133 0.3179 0.1703 0.1551 0.5052 0.1133 0.3744 0.1161 0.3744 0.1133 0.5052 0.1551 0.1703 0.3179 0.1133 0.5135 0.1489 0.1995 0.2963 0.1135 0.5192 0.1425 0.2432 0.2729 0.1142 0.5208 0.1354 0.3019 0.2463 0.1160 0.5107 0.1278 0.3696 0.2174 0.1202 0.4698 0.1206 0.4341 0.1893 0.1295 0.4028 0.1155 0.4839 0.1653 0.1513 0.3339 0.1134 0.5136 0.1466 0.2264 0.2753 0.1143 0.5199 0.1324 0.3357 0.2294 0.1184 0.4730
0.1211 0.2238 0.3496 0.1307 0.5182 0.1147 0.2682 0.2419 0.1443 0.5161 0.1133 0.3249 0.1570 0.1625 0.4892 0.1151 0.3932 0.1313 0.1859 0.4412 0.1199 0.4633 0.1209 0.2147 0.3752 0.1273 0.5094 0.1161 0.2458 0.3019 0.1356 0.5209 0.1141 0.2754 0.2366 0.1435 0.5183 0.1134 0.3018 0.1901 0.1507 0.5113 0.1134 0.3252 0.1631 0.1574 0.5020 0.1137 0.3542 0.1335 0.2212 0.1335 0.3542 0.1137 0.5020 0.1574 0.1631 0.3252 0.1134 0.5113 0.1507 0.1901 0.3018 0.1134 0.5183 0.1435 0.2366 0.2754 0.1141 0.5209 0.1356 0.3019 0.2458 0.1161 0.5094 0.1273 0.3752 0.2147 0.1209 0.4633 0.1199 0.4412 0.1859 0.1313 0.3932 0.1151 0.4892 0.1625 0.1570 0.3249 0.1133 0.5161 0.1443 0.2419 0.2682 0.1147 0.5182 0.1307 0.3496 0.2238 0.1211
0.2130 0.3628 0.1291 0.5156 0.1151 0.2612 0.2577 0.1422 0.5181 0.1133 0.3162 0.1640 0.1596 0.4942 0.1146 0.3835 0.1334 0.1825 0.4485 0.1191 0.4554 0.1217 0.2114 0.3824 0.1265 0.5072 0.1163 0.2441 0.3047 0.1354 0.5209 0.1141 0.2767 0.2326 0.1443 0.5176 0.1134 0.3063 0.1828 0.1523 0.5090 0.1135 0.3321 0.1575 0.1596 0.4984 0.1140 0.3573 0.1416 0.1797 0.3577 0.1797 0.1416 0.3573 0.1140 0.4984 0.1596 0.1575 0.3321 0.1135 0.5090 0.1523 0.1828 0.3063 0.1134 0.5176 0.1443 0.2326 0.2767 0.1141 0.5209 0.1354 0.3047 0.2441 0.1163 0.5072 0.1265 0.3824 0.2114 0.1217 0.4554 0.1191 0.4485 0.1825 0.1334 0.3835 0.1146 0.4942 0.1596 0.1640 0.3162 0.1133 0.5181 0.1422 0.2577 0.2612 0.1151 0.5156 0.1291 0.3628 0.2130
0.3519 0.1278 0.5120 0.1156 0.2545 0.2735 0.1401 0.5196 0.1134 0.3077 0.1727 0.1569 0.4988 0.1143 0.3737 0.1359 0.1791 0.4558 0.1184 0.4466 0.1227 0.2076 0.3909 0.1256 0.5039 0.1167 0.2414 0.3100 0.1349 0.5208 0.1141 0.2767 0.2312 0.1446 0.5171 0.1134 0.3097 0.1775 0.1537 0.5069 0.1136 0.3385 0.1532 0.1618 0.4947 0.1143 0.3646 0.1411 0.1721 0.4556 0.1296 0.4556 0.1721 0.1410 0.3646 0.1143 0.4947 0.1618 0.1532 0.3385 0.1136 0.5069 0.1537 0.1775 0.3097 0.1134 0.5171 0.1446 0.2312 0.2767 0.1141 0.5208 0.1349 0.3100 0.2414 0.1167 0.5039 0.1256 0.3909 0.2076 0.1227 0.4466 0.1184 0.4558 0.1791 0.1359 0.3737 0.1143 0.4988 0.1569 0.1727 0.3077 0.1134 0.5196 0.1401 0.2735 0.2545 0.1156 0.5120 0.1278 0.3519
0.1241 0.5073 0.1161 0.2481 0.2892 0.1381 0.5206 0.1135 0.2995 0.1834 0.1543 0.5031 0.1140 0.3638 0.1388 0.1756 0.4630 0.1176 0.4370 0.1239 0.2036 0.4001 0.1246 0.4993 0.1171 0.2379 0.3176 0.1341 0.5206 0.1142 0.2754 0.2326 0.1446 0.5169 0.1134 0.3118 0.1742 0.1547 0.5052 0.1137 0.3440 0.1498 0.1638 0.4911 0.1146 0.3723 0.1388 0.1729 0.4710 0.1180 0.5164 0.1180 0.4710 0.1729 0.1388 0.3723 0.1146 0.4911 0.1638 0.1498 0.3440 0.1137 0.5052 0.1547 0.1742 0.3118 0.1134 0.5169 0.1446 0.2326 0.2754 0.1142 0.5206 0.1341 0.3176 0.2379 0.1171 0.4993 0.1246 0.4001 0.2037 0.1239 0.4371 0.1176 0.4629 0.1757 0.1387 0.3638 0.1140 0.5031 0.1543 0.1834 0.2995 0.1135 0.5206 0.1381 0.2892 0.2481 0.1161 0.5073 0.1241
0.4892 0.1168 0.2419 0.3046 0.1362 0.5210 0.1137 0.2915 0.1958 0.1517 0.5070 0.1137 0.3540 0.1421 0.1723 0.4699 0.1169 0.4271 0.1253 0.1995 0.4095 0.1236 0.4935 0.1177 0.2338 0.3270 0.1331 0.5201 0.1143 0.2729 0.2366 0.1443 0.5171 0.1134 0.3126 0.1725 0.1554 0.5039 0.1138 0.3484 0.1474 0.1656 0.4876 0.1148 0.3796 0.1366 0.1752 0.4695 0.1165 0.4465 0.1117 0.4465 0.1165 0.4694 0.1752 0.1366 0.3796 0.1148 0.4876 0.1656 0.1474 0.3484 0.1138 0.5039 0.1554 0.1725 0.3126 0.1134 0.5171 0.1443 0.2366 0.2729 0.1143 0.5201 0.1331 0.3270 0.2338 0.1177 0.4935 0.1236 0.4095 0.1996 0.1253 0.4273 0.1169 0.4698 0.1723 0.1421 0.3540 0.1137 0.5069 0.1517 0.1957 0.2915 0.1137 0.5210 0.1362 0.3045 0.2419 0.1168 0.4892
0.1191 0.2359 0.3195 0.1344 0.5209 0.1140 0.2837 0.2096 0.1493 0.5103 0.1135 0.3444 0.1460 0.1690 0.4764 0.1163 0.4168 0.1269 0.1955 0.4189 0.1225 0.4865 0.1183 0.2292 0.3376 0.1319 0.5193 0.1145 0.2694 0.2432 0.1435 0.5176 0.1134 0.3118 0.1725 0.1556 0.5032 0.1138 0.3515 0.1457 0.1670 0.4846 0.1151 0.3862 0.1348 0.1776 0.4649 0.1169 0.4234 0.1205 0.2622 0.1205 0.4236 0.1169 0.4648 0.1776 0.1348 0.3862 0.1151 0.4846 0.1670 0.1457 0.3515 0.1138 0.5032 0.1556 0.1725 0.3118 0.1134 0.5176 0.1435 0.2431 0.2694 0.1145 0.5193 0.1319 0.3376 0.2293 0.1183 0.4866 0.1225 0.4188 0.1955 0.1268 0.4170 0.1163 0.4764 0.1690 0.1459 0.3445 0.1135 0.5103 0.1493 0.2094 0.2838 0.1140 0.5209 0.1344 0.3193 0.2359 0.1191
0.2242 0.3339 0.1326 0.5200 0.1143 0.2763 0.2244 0.1469 0.5133 0.1134 0.3351 0.1506 0.1659 0.4826 0.1157 0.4063 0.1287 0.1914 0.4282 0.1215 0.4786 0.1191 0.2245 0.3489 0.1307 0.5179 0.1148 0.2650 0.2520 0.1425 0.5183 0.1134 0.3097 0.1742 0.1554 0.5032 0.1138 0.3532 0.1446 0.1680 0.4824 0.1153 0.3916 0.1333 0.1799 0.4600 0.1173 0.4252 0.1254 0.2079 0.2564 0.2081 0.1252 0.4258 0.1173 0.4598 0.1800 0.1332 0.3919 0.1153 0.4822 0.1681 0.1445 0.3534 0.1138 0.5031 0.1555 0.1739 0.3099 0.1134 0.5182 0.1425 0.2515 0.2652 0.1147 0.5179 0.1307 0.3484 0.2247 0.1190 0.4790 0.1215 0.4278 0.1916 0.1285 0.4068 0.1157 0.4823 0.1660 0.1503 0.3356 0.1134 0.5132 0.1470 0.2237 0.2766 0.1142 0.5201 0.1327 0.3332 0.2245
0.3233 0.1311 0.5185 0.1146 0.2691 0.2399 0.1446 0.5158 0.1133 0.3261 0.1561 0.1629 0.4883 0.1152 0.3957 0.1307 0.1874 0.4372 0.1205 0.4697 0.1200 0.2196 0.3606 0.1293 0.5157 0.1151 0.2600 0.2628 0.1411 0.5192 0.1134 0.3063 0.1775 0.1547 0.5039 0.1138 0.3532 0.1443 0.1686 0.4810 0.1155 0.3956 0.1322 0.1818 0.4556 0.1178 0.4313 0.1257 0.1973 0.3910 0.1425 0.3879 0.1989 0.1249 0.4345 0.1179 0.4536 0.1828 0.1315 0.3980 0.1155 0.4796 0.1693 0.1433 0.3551 0.1137 0.5032 0.1552 0.1755 0.3079 0.1132 0.5189 0.1416 0.2596 0.2614 0.1148 0.5163 0.1296 0.3579 0.2208 0.1196 0.4717 0.1206 0.4354 0.1882 0.1300 0.3980 0.1152 0.4871 0.1635 0.1547 0.3280 0.1132 0.5153 0.1451 0.2365 0.2706 0.1144 0.5189 0.1315 0.3199
0.1270 0.5160 0.1150 0.2621 0.2557 0.1424 0.5179 0.1133 0.3173 0.1630 0.1600 0.4935 0.1147 0.3853 0.1329 0.1835 0.4459 0.1195 0.4601 0.1210 0.2148 0.3723 0.1279 0.5127 0.1155 0.2546 0.2749 0.1397 0.5200 0.1135 0.3018 0.1828 0.1537 0.5052 0.1138 0.3515 0.1446 0.1686 0.4804 0.1156 0.3981 0.1316 0.1833 0.4520 0.1182 0.4371 0.1250 0.1975 0.4159 0.1259 0.5166 0.1282 0.3949 0.2062 0.1212 0.4545 0.1194 0.4391 0.1893 0.1274 0.4128 0.1160 0.4721 0.1730 0.1391 0.3636 0.1135 0.5003 0.1569 0.1700 0.3114 0.1126 0.5185 0.1421 0.2567 0.2624 0.1141 0.5165 0.1297 0.3579 0.2208 0.1189 0.4711 0.1204 0.4360 0.1881 0.1295 0.3972 0.1148 0.4875 0.1634 0.1545 0.3273 0.1127 0.5155 0.1450 0.2373 0.2704 0.1137 0.5189 0.1288
0.5004 0.1156 0.2554 0.2715 0.1404 0.5194 0.1134 0.3088 0.1715 0.1572 0.4983 0.1143 0.3751 0.1355 0.1797 0.4541 0.1186 0.4500 0.1222 0.2100 0.3839 0.1266 0.5086 0.1160 0.2490 0.2880 0.1381 0.5207 0.1136 0.2963 0.1901 0.1523 0.5069 0.1137 0.3484 0.1457 0.1680 0.4810 0.1156 0.3989 0.1312 0.1841 0.4496 0.1185 0.4418 0.1243 0.1995 0.4160 0.1228 0.5113 0.1114 0.5191 0.1364 0.3125 0.2405 0.1135 0.5057 0.1264 0.3793 0.2147 0.1177 0.4666 0.1202 0.4339 0.1908 0.1258 0.4088 0.1152 0.4785 0.1692 0.1433 0.3459 0.1121 0.5092 0.1506 0.2011 0.2881 0.1116 0.5211 0.1356 0.3091 0.2404 0.1142 0.4996 0.1244 0.4020 0.2031 0.1215 0.4332 0.1168 0.4662 0.1747 0.1376 0.3591 0.1125 0.5050 0.1535 0.1867 0.2966 0.1116 0.5080
0.1174 0.2489 0.2872 0.1383 0.5205 0.1135 0.3005 0.1819 0.1546 0.5026 0.1140 0.3650 0.1383 0.1761 0.4618 0.1178 0.4395 0.1235 0.2053 0.3953 0.1253 0.5033 0.1166 0.2433 0.3017 0.1364 0.5210 0.1137 0.2903 0.1995 0.1507 0.5090 0.1136 0.3440 0.1474 0.1670 0.4824 0.1155 0.3981 0.1312 0.1844 0.4484 0.1187 0.4449 0.1238 0.2014 0.4121 0.1226 0.4926 0.1103 0.4625 0.1245 0.4445 0.1766 0.1367 0.3624 0.1127 0.5014 0.1565 0.1711 0.3092 0.1112 0.5188 0.1419 0.2578 0.2621 0.1119 0.5166 0.1298 0.3558 0.2222 0.1160 0.4738 0.1206 0.4329 0.1902 0.1260 0.4015 0.1145 0.4851 0.1653 0.1496 0.3315 0.1114 0.5144 0.1463 0.2292 0.2736 0.1113 0.5196 0.1320 0.3391 0.2284 0.1150 0.4832 0.1217 0.4235 0.1943 0.1241 0.4129 0.1143
0.2364 0.3026 0.1364 0.5210 0.1137 0.2925 0.1941 0.1520 0.5065 0.1137 0.3552 0.1416 0.1727 0.4689 0.1170 0.4289 0.1250 0.2006 0.4064 0.1240 0.4968 0.1172 0.2376 0.3156 0.1347 0.5209 0.1139 0.2840 0.2104 0.1489 0.5113 0.1135 0.3385 0.1498 0.1656 0.4846 0.1153 0.3956 0.1316 0.1841 0.4484 0.1188 0.4464 0.1235 0.2027 0.4085 0.1229 0.4868 0.1149 0.3088 0.1214 0.3692 0.1779 0.1557 0.3160 0.1124 0.5179 0.1429 0.2506 0.2652 0.1135 0.5177 0.1305 0.3504 0.2241 0.1176 0.4774 0.1211 0.4294 0.1912 0.1272 0.4053 0.1150 0.4829 0.1660 0.1493 0.3349 0.1123 0.5134 0.1470 0.2240 0.2764 0.1128 0.5201 0.1326 0.3339 0.2304 0.1165 0.4864 0.1223 0.4202 0.1951 0.1255 0.4147 0.1156 0.4777 0.1687 0.1451 0.3431 0.1126 0.4962
0.2924 0.1347 0.5209 0.1139 0.2847 0.2078 0.1496 0.5099 0.1135 0.3456 0.1454 0.1694 0.4756 0.1164 0.4183 0.1266 0.1962 0.4168 0.1228 0.4891 0.1180 0.2319 0.3296 0.1331 0.5203 0.1142 0.2775 0.2230 0.1469 0.5135 0.1134 0.3321 0.1532 0.1638 0.4876 0.1151 0.3916 0.1322 0.1833 0.4496 0.1187 0.4464 0.1234 0.2034 0.4062 0.1233 0.4874 0.1182 0.2343 0.2470 0.1510 0.3239 0.1269 0.3220 0.1129 0.5189 0.1413 0.2621 0.2601 0.1148 0.5156 0.1293 0.3609 0.2196 0.1197 0.4695 0.1204 0.4373 0.1874 0.1303 0.3958 0.1150 0.4882 0.1630 0.1557 0.3263 0.1130 0.5157 0.1447 0.2393 0.2693 0.1142 0.5185 0.1310 0.3474 0.2248 0.1187 0.4779 0.1213 0.4295 0.1908 0.1286 0.4045 0.1154 0.4836 0.1654 0.1511 0.3337 0.1131 0.5137 0.1432
0.1302 0.5202 0.1142 0.2772 0.2225 0.1472 0.5130 0.1134 0.3363 0.1499 0.1663 0.4818 0.1158 0.4076 0.1284 0.1920 0.4267 0.1217 0.4806 0.1189 0.2263 0.3434 0.1314 0.5190 0.1145 0.2709 0.2366 0.1449 0.5156 0.1133 0.3252 0.1575 0.1618 0.4911 0.1148 0.3862 0.1333 0.1818 0.4520 0.1185 0.4449 0.1235 0.2034 0.4054 0.1234 0.4889 0.1185 0.2262 0.3366 0.1372 0.5175 0.1120 0.3650 0.1124 0.5181 0.1423 0.2542 0.2637 0.1148 0.5172 0.1302 0.3532 0.2227 0.1194 0.4755 0.1211 0.4314 0.1900 0.1293 0.4027 0.1155 0.4845 0.1649 0.1523 0.3321 0.1133 0.5142 0.1461 0.2295 0.2739 0.1143 0.5196 0.1320 0.3386 0.2282 0.1185 0.4836 0.1220 0.4234 0.1934 0.1277 0.4112 0.1159 0.4798 0.1673 0.1483 0.3394 0.1134 0.5120 0.1481 0.1982
0.5065 0.1147 0.2700 0.2379 0.1449 0.5155 0.1133 0.3272 0.1554 0.1632 0.4876 0.1152 0.3971 0.1304 0.1879 0.4361 0.1206 0.4713 0.1198 0.2209 0.3569 0.1298 0.5169 0.1149 0.2642 0.2512 0.1430 0.5175 0.1133 0.3179 0.1631 0.1596 0.4947 0.1146 0.3796 0.1348 0.1799 0.4556 0.1182 0.4418 0.1238 0.2027 0.4062 0.1234 0.4894 0.1184 0.2260 0.3497 0.1312 0.5210 0.1105 0.4177 0.1119 0.5165 0.1438 0.2437 0.2685 0.1146 0.5188 0.1314 0.3423 0.2272 0.1186 0.4832 0.1220 0.4228 0.1938 0.1276 0.4126 0.1160 0.4790 0.1677 0.1477 0.3406 0.1135 0.5116 0.1483 0.2155 0.2807 0.1141 0.5206 0.1336 0.3254 0.2335 0.1178 0.4913 0.1231 0.4141 0.1974 0.1262 0.4211 0.1165 0.4739 0.1703 0.1443 0.3482 0.1136 0.5091 0.1502 0.2039 0.2791
0.1161 0.2630 0.2536 0.1427 0.5176 0.1133 0.3184 0.1620 0.1604 0.4928 0.1148 0.3866 0.1326 0.1840 0.4448 0.1196 0.4615 0.1209 0.2157 0.3698 0.1283 0.5138 0.1153 0.2575 0.2665 0.1410 0.5190 0.1134 0.3104 0.1703 0.1574 0.4984 0.1143 0.3723 0.1366 0.1776 0.4600 0.1178 0.4371 0.1243 0.2014 0.4085 0.1233 0.4888 0.1184 0.2262 0.3505 0.1301 0.5188 0.1098 0.4486 0.1123 0.5136 0.1454 0.2338 0.2732 0.1143 0.5199 0.1327 0.3311 0.2318 0.1179 0.4904 0.1231 0.4137 0.1978 0.1260 0.4228 0.1167 0.4726 0.1709 0.1436 0.3499 0.1136 0.5084 0.1507 0.2014 0.2882 0.1138 0.5210 0.1354 0.3108 0.2393 0.1170 0.4986 0.1243 0.4036 0.2018 0.1246 0.4316 0.1172 0.4672 0.1736 0.1407 0.3577 0.1138 0.5055 0.1527 0.1908 0.2945 0.1142
0.2496 0.2692 0.1407 0.5192 0.1134 0.3100 0.1702 0.1576 0.4976 0.1144 0.3765 0.1351 0.1803 0.4529 0.1187 0.4515 0.1220 0.2108 0.3819 0.1269 0.5097 0.1158 0.2511 0.2818 0.1390 0.5202 0.1135 0.3029 0.1791 0.1551 0.5020 0.1140 0.3646 0.1388 0.1752 0.4649 0.1173 0.4313 0.1250 0.1995 0.4121 0.1229 0.4872 0.1185 0.2259 0.3507 0.1299 0.5169 0.1107 0.4099 0.1151 0.5040 0.1483 0.2231 0.2776 0.1141 0.5206 0.1340 0.3203 0.2364 0.1173 0.4968 0.1241 0.4044 0.2018 0.1245 0.4327 0.1173 0.4659 0.1742 0.1401 0.3596 0.1138 0.5048 0.1532 0.1884 0.2961 0.1136 0.5208 0.1373 0.2957 0.2454 0.1164 0.5050 0.1256 0.3924 0.2065 0.1232 0.4422 0.1180 0.4599 0.1770 0.1376 0.3676 0.1141 0.5015 0.1553 0.1791 0.3026 0.1136 0.5074
0.2583 0.1390 0.5203 0.1134 0.3025 0.1791 0.1552 0.5016 0.1140 0.3675 0.1375 0.1770 0.4599 0.1179 0.4421 0.1231 0.2064 0.3925 0.1256 0.5049 0.1163 0.2454 0.2957 0.1373 0.5208 0.1135 0.2959 0.1888 0.1530 0.5052 0.1137 0.3573 0.1411 0.1729 0.4695 0.1169 0.4252 0.1257 0.1975 0.4162 0.1225 0.4850 0.1186 0.2253 0.3513 0.1298 0.5159 0.1132 0.3197 0.1192 0.4580 0.1595 0.2011 0.2827 0.1140 0.5209 0.1351 0.3104 0.2406 0.1168 0.5021 0.1252 0.3951 0.2058 0.1233 0.4422 0.1180 0.4591 0.1776 0.1371 0.3695 0.1141 0.5007 0.1558 0.1770 0.3042 0.1135 0.5201 0.1392 0.2801 0.2518 0.1158 0.5102 0.1270 0.3806 0.2113 0.1219 0.4526 0.1188 0.4521 0.1807 0.1348 0.3777 0.1144 0.4971 0.1579 0.1692 0.3109 0.1134 0.5191 0.1378
0.1352 0.5206 0.1130 0.2993 0.1835 0.1542 0.5033 0.1136 0.3633 0.1383 0.1757 0.4630 0.1175 0.4377 0.1231 0.2046 0.3972 0.1250 0.5024 0.1160 0.2429 0.3021 0.1365 0.5210 0.1132 0.2928 0.1935 0.1521 0.5066 0.1133 0.3542 0.1416 0.1721 0.4710 0.1165 0.4234 0.1254 0.1973 0.4164 0.1225 0.4858 0.1179 0.2267 0.3471 0.1304 0.5169 0.1142 0.2660 0.1920 0.1657 0.2147 0.1451 0.2961 0.1136 0.5210 0.1361 0.3013 0.2446 0.1163 0.5063 0.1262 0.3860 0.2097 0.1222 0.4513 0.1188 0.4519 0.1809 0.1345 0.3792 0.1145 0.4962 0.1585 0.1674 0.3126 0.1134 0.5188 0.1413 0.2643 0.2584 0.1153 0.5142 0.1285 0.3682 0.2163 0.1207 0.4628 0.1197 0.4437 0.1844 0.1323 0.3879 0.1148 0.4922 0.1607 0.1611 0.3195 0.1133 0.5174 0.1431 0.2284
0.5045 0.1119 0.3163 0.1625 0.1599 0.4944 0.1137 0.3834 0.1312 0.1832 0.4475 0.1190 0.4583 0.1189 0.2146 0.3737 0.1278 0.5126 0.1134 0.2557 0.2709 0.1405 0.5194 0.1118 0.3089 0.1699 0.1576 0.4984 0.1133 0.3744 0.1335 0.1797 0.4556 0.1180 0.4464 0.1205 0.2079 0.3916 0.1254 0.5034 0.1145 0.2415 0.3099 0.1350 0.5209 0.1122 0.2792 0.2150 0.1530 0.4928 0.1145 0.3663 0.1122 0.5210 0.1369 0.2938 0.2480 0.1160 0.5097 0.1272 0.3772 0.2135 0.1212 0.4598 0.1196 0.4447 0.1843 0.1323 0.3888 0.1149 0.4914 0.1612 0.1598 0.3212 0.1133 0.5170 0.1434 0.2485 0.2652 0.1148 0.5172 0.1300 0.3552 0.2216 0.1197 0.4725 0.1207 0.4349 0.1884 0.1302 0.3984 0.1153 0.4869 0.1636 0.1546 0.3283 0.1134 0.5152 0.1452 0.2359 0.2637
0.1141 0.4082 0.1248 0.1925 0.4278 0.1212 0.4793 0.1153 0.2260 0.3451 0.1312 0.5189 0.1113 0.2705 0.2360 0.1453 0.5155 0.1113 0.3277 0.1520 0.1641 0.4873 0.1143 0.3976 0.1266 0.1890 0.4357 0.1203 0.4714 0.1161 0.2212 0.3577 0.1296 0.5164 0.1117 0.2621 0.2570 0.1421 0.5186 0.1110 0.3108 0.1687 0.1572 0.5005 0.1127 0.3637 0.1363 0.1751 0.4609 0.1190 0.4863 0.1114 0.5204 0.1377 0.2882 0.2507 0.1157 0.5121 0.1280 0.3691 0.2170 0.1204 0.4675 0.1203 0.4374 0.1877 0.1304 0.3981 0.1153 0.4864 0.1640 0.1537 0.3300 0.1134 0.5147 0.1456 0.2328 0.2723 0.1144 0.5193 0.1317 0.3416 0.2270 0.1187 0.4817 0.1218 0.4255 0.1925 0.1282 0.4090 0.1158 0.4811 0.1666 0.1493 0.3374 0.1134 0.5126 0.1475 0.2206 0.2782 0.1150
0.5045 0.1119 0.3163 0.1625 0.1599 0.4944 0.1137 0.3834 0.1312 0.1832 0.4475 0.1190 0.4583 0.1189 0.2146 0.3737 0.1278 0.5126 0.1134 0.2557 0.2709 0.1405 0.5194 0.1118 0.3089 0.1699 0.1576 0.4984 0.1133 0.3744 0.1335 0.1797 0.4556 0.1180 0.4464 0.1205 0.2079 0.3916 0.1254 0.5034 0.1145 0.2415 0.3099 0.1350 0.5209 0.1122 0.2785 0.2238 0.1476 0.5061 0.1169 0.5150 0.1393 0.2833 0.2526 0.1155 0.5138 0.1288 0.3620 0.2202 0.1197 0.4741 0.1211 0.4302 0.1910 0.1287 0.4072 0.1158 0.4812 0.1668 0.1489 0.3387 0.1134 0.5120 0.1479 0.2176 0.2796 0.1141 0.5205 0.1334 0.3274 0.2327 0.1179 0.4902 0.1229 0.4155 0.1968 0.1264 0.4196 0.1164 0.4748 0.1698 0.1449 0.3468 0.1136 0.5095 0.1499 0.2060 0.2857 0.1140 0.5085
0.1352 0.5206 0.1130 0.2993 0.1835 0.1542 0.5033 0.1136 0.3633 0.1383 0.1757 0.4630 0.1175 0.4377 0.1231 0.2046 0.3972 0.1250 0.5024 0.1160 0.2429 0.3021 0.1365 0.5210 0.1132 0.2928 0.1935 0.1521 0.5066 0.1133 0.3542 0.1416 0.1721 0.4710 0.1165 0.4234 0.1254 0.1973 0.4164 0.1225 0.4858 0.1179 0.2267 0.3471 0.1304 0.5168 0.1145 0.2589 0.2617 0.1470 0.4694 0.1458 0.2727 0.2541 0.1154 0.5147 0.1293 0.3565 0.2228 0.1192 0.4797 0.1218 0.4235 0.1941 0.1272 0.4159 0.1163 0.4758 0.1696 0.1449 0.3474 0.1136 0.5090 0.1503 0.2033 0.2872 0.1138 0.5210 0.1352 0.3128 0.2386 0.1171 0.4977 0.1242 0.4050 0.2012 0.1248 0.4303 0.1171 0.4681 0.1731 0.1412 0.3564 0.1138 0.5060 0.1523 0.1925 0.2935 0.1137 0.5210 0.1338
0.2583 0.1390 0.5203 0.1134 0.3025 0.1791 0.1552 0.5016 0.1140 0.3675 0.1375 0.1770 0.4599 0.1179 0.4421 0.1231 0.2064 0.3925 0.1256 0.5049 0.1163 0.2454 0.2957 0.1373 0.5208 0.1135 0.2959 0.1888 0.1530 0.5052 0.1137 0.3573 0.1411 0.1729 0.4695 0.1169 0.4252 0.1257 0.1975 0.4162 0.1225 0.4850 0.1186 0.2253 0.3513 0.1298 0.5155 0.1151 0.2589 0.2249 0.1740 0.2261 0.2581 0.1152 0.5152 0.1296 0.3529 0.2247 0.1188 0.4840 0.1224 0.4174 0.1969 0.1260 0.4238 0.1168 0.4703 0.1724 0.1416 0.3560 0.1138 0.5057 0.1527 0.1905 0.2949 0.1136 0.5209 0.1370 0.2976 0.2447 0.1165 0.5042 0.1255 0.3939 0.2059 0.1234 0.4409 0.1179 0.4608 0.1766 0.1380 0.3663 0.1140 0.5021 0.1549 0.1805 0.3015 0.1135 0.5204 0.1387 0.2603
0.2496 0.2692 0.1407 0.5192 0.1134 0.3100 0.1702 0.1576 0.4976 0.1144 0.3765 0.1351 0.1803 0.4529 0.1187 0.4515 0.1220 0.2108 0.3819 0.1269 0.5097 0.1158 0.2511 0.2818 0.1390 0.5202 0.1135 0.3029 0.1791 0.1551 0.5020 0.1140 0.3646 0.1388 0.1752 0.4649 0.1173 0.4313 0.1250 0.1995 0.4121 0.1229 0.4872 0.1185 0.2259 0.3508 0.1298 0.5155 0.1145 0.2784 0.1366 0.2783 0.1145 0.5155 0.1298 0.3510 0.2258 0.1186 0.4870 0.1229 0.4123 0.1994 0.1251 0.4310 0.1173 0.4651 0.1750 0.1389 0.3643 0.1140 0.5022 0.1550 0.1796 0.3026 0.1135 0.5202 0.1390 0.2821 0.2510 0.1159 0.5096 0.1268 0.3821 0.2107 0.1221 0.4513 0.1187 0.4531 0.1802 0.1351 0.3764 0.1144 0.4977 0.1576 0.1703 0.3098 0.1134 0.5192 0.1406 0.2695 0.2495
0.1161 0.2630 0.2536 0.1427 0.5176 0.1133 0.3184 0.1620 0.1604 0.4928 0.1148 0.3866 0.1326 0.1840 0.4448 0.1196 0.4615 0.1209 0.2157 0.3698 0.1283 0.5138 0.1153 0.2575 0.2665 0.1410 0.5190 0.1134 0.3104 0.1703 0.1574 0.4984 0.1143 0.3723 0.1366 0.1776 0.4600 0.1178 0.4371 0.1243 0.2014 0.4085 0.1233 0.4888 0.1184 0.2262 0.3508 0.1298 0.5168 0.1122 0.3637 0.1122 0.5168 0.1298 0.3508 0.2262 0.1184 0.4888 0.1233 0.4085 0.2014 0.1243 0.4371 0.1178 0.4601 0.1776 0.1367 0.3722 0.1143 0.4985 0.1573 0.1705 0.3102 0.1134 0.5191 0.1409 0.2665 0.2575 0.1153 0.5138 0.1283 0.3698 0.2157 0.1209 0.4615 0.1196 0.4448 0.1839 0.1326 0.3866 0.1148 0.4928 0.1604 0.1621 0.3184 0.1133 0.5176 0.1427 0.2537 0.2630 0.1161
