0.4135 0.1278 0.1897 0.4101 0.1186 0.4450 0.1246 0.1987 0.3878 0.1207 0.4655 0.1220 0.2087 0.3627 0.1230 0.4832 0.1199 0.2196 0.3351 0.1258 0.4965 0.1181 0.2314 0.3050 0.1289 0.5046 0.1166 0.2441 0.2733 0.1323 0.5082 0.1154 0.2579 0.2410 0.1361 0.5082 0.1145 0.2727 0.2105 0.1403 0.5054 0.1138 0.2887 0.1847 0.1449 0.5004 0.1134 0.3068 0.1608 0.1610 0.3874 0.1610 0.1608 0.3068 0.1134 0.5004 0.1449 0.1847 0.2887 0.1138 0.5054 0.1403 0.2105 0.2727 0.1145 0.5082 0.1361 0.2410 0.2579 0.1154 0.5082 0.1323 0.2733 0.2441 0.1166 0.5046 0.1289 0.3050 0.2314 0.1181 0.4965 0.1258 0.3351 0.2196 0.1199 0.4832 0.1230 0.3627 0.2087 0.1220 0.4655 0.1207 0.3878 0.1987 0.1246 0.4450 0.1186 0.4101 0.1897 0.1278 0.4135
0.1278 0.1968 0.4234 0.1212 0.4663 0.1215 0.2084 0.3989 0.1238 0.4866 0.1192 0.2193 0.3737 0.1266 0.5024 0.1174 0.2309 0.3458 0.1297 0.5131 0.1161 0.2435 0.3154 0.1332 0.5190 0.1150 0.2572 0.2829 0.1371 0.5210 0.1142 0.2719 0.2493 0.1413 0.5201 0.1137 0.2878 0.2165 0.1459 0.5168 0.1135 0.3048 0.1875 0.1509 0.5114 0.1135 0.3232 0.1647 0.1584 0.4856 0.1235 0.4856 0.1584 0.1647 0.3232 0.1135 0.5114 0.1509 0.1875 0.3048 0.1135 0.5168 0.1459 0.2165 0.2878 0.1137 0.5201 0.1413 0.2493 0.2719 0.1142 0.5210 0.1371 0.2829 0.2572 0.1150 0.5190 0.1332 0.3154 0.2435 0.1161 0.5131 0.1297 0.3458 0.2309 0.1174 0.5024 0.1266 0.3737 0.2193 0.1192 0.4866 0.1238 0.3989 0.2084 0.1215 0.4663 0.1212 0.4234 0.1968 0.1278
0.1897 0.4234 0.1215 0.4721 0.1206 0.2126 0.3886 0.1248 0.4943 0.1183 0.2245 0.3611 0.1278 0.5080 0.1167 0.2367 0.3319 0.1312 0.5164 0.1154 0.2498 0.3004 0.1348 0.5203 0.1145 0.2640 0.2672 0.1389 0.5209 0.1139 0.2792 0.2336 0.1433 0.5189 0.1135 0.2956 0.2021 0.1481 0.5145 0.1133 0.3132 0.1762 0.1534 0.5082 0.1135 0.3320 0.1582 0.1594 0.4965 0.1146 0.4931 0.1146 0.4965 0.1594 0.1582 0.3320 0.1135 0.5082 0.1534 0.1762 0.3132 0.1133 0.5145 0.1481 0.2021 0.2956 0.1135 0.5189 0.1433 0.2336 0.2792 0.1139 0.5209 0.1389 0.2672 0.2640 0.1145 0.5203 0.1348 0.3004 0.2498 0.1154 0.5164 0.1312 0.3319 0.2367 0.1167 0.5080 0.1278 0.3611 0.2245 0.1183 0.4943 0.1248 0.3886 0.2126 0.1206 0.4721 0.1215 0.4234 0.1897
0.4101 0.1212 0.4721 0.1203 0.2151 0.3808 0.1258 0.5003 0.1176 0.2297 0.3483 0.1293 0.5125 0.1160 0.2427 0.3174 0.1328 0.5187 0.1150 0.2563 0.2849 0.1367 0.5210 0.1142 0.2710 0.2513 0.1409 0.5202 0.1136 0.2868 0.2184 0.1455 0.5171 0.1134 0.3038 0.1890 0.1505 0.5118 0.1134 0.3219 0.1668 0.1560 0.5045 0.1136 0.3412 0.1524 0.1619 0.4946 0.1141 0.3997 0.1140 0.3997 0.1141 0.4946 0.1619 0.1524 0.3412 0.1136 0.5045 0.1560 0.1668 0.3219 0.1134 0.5118 0.1505 0.1890 0.3038 0.1134 0.5171 0.1455 0.2184 0.2868 0.1136 0.5202 0.1409 0.2513 0.2710 0.1142 0.5210 0.1367 0.2849 0.2563 0.1150 0.5187 0.1328 0.3174 0.2427 0.1160 0.5125 0.1293 0.3483 0.2297 0.1176 0.5003 0.1258 0.3808 0.2151 0.1203 0.4721 0.1212 0.4101
0.1186 0.4663 0.1206 0.2151 0.3777 0.1264 0.5041 0.1171 0.2343 0.3363 0.1307 0.5158 0.1155 0.2488 0.3027 0.1346 0.5202 0.1146 0.2631 0.2692 0.1386 0.5210 0.1139 0.2783 0.2356 0.1430 0.5190 0.1135 0.2946 0.2039 0.1478 0.5149 0.1133 0.3121 0.1775 0.1530 0.5086 0.1135 0.3308 0.1592 0.1587 0.5004 0.1139 0.3506 0.1475 0.1648 0.4900 0.1145 0.3787 0.1277 0.2348 0.1277 0.3787 0.1145 0.4900 0.1648 0.1475 0.3506 0.1139 0.5004 0.1587 0.1592 0.3308 0.1135 0.5086 0.1530 0.1775 0.3121 0.1133 0.5149 0.1478 0.2039 0.2946 0.1135 0.5190 0.1430 0.2356 0.2783 0.1139 0.5210 0.1386 0.2692 0.2631 0.1146 0.5202 0.1346 0.3027 0.2488 0.1155 0.5158 0.1307 0.3363 0.2343 0.1171 0.5041 0.1264 0.3777 0.2151 0.1206 0.4663 0.1186
0.4450 0.1215 0.2126 0.3808 0.1264 0.5053 0.1168 0.2376 0.3268 0.1320 0.5179 0.1151 0.2547 0.2883 0.1363 0.5209 0.1142 0.2700 0.2535 0.1406 0.5204 0.1137 0.2858 0.2203 0.1452 0.5173 0.1134 0.3027 0.1906 0.1502 0.5122 0.1134 0.3208 0.1679 0.1556 0.5050 0.1136 0.3400 0.1531 0.1615 0.4958 0.1142 0.3603 0.1434 0.1679 0.4846 0.1150 0.3830 0.1339 0.1892 0.3232 0.1892 0.1339 0.3830 0.1150 0.4846 0.1679 0.1434 0.3603 0.1142 0.4958 0.1615 0.1531 0.3400 0.1136 0.5050 0.1556 0.1679 0.3208 0.1134 0.5122 0.1502 0.1906 0.3027 0.1134 0.5173 0.1452 0.2203 0.2858 0.1137 0.5204 0.1406 0.2535 0.2700 0.1142 0.5209 0.1363 0.2883 0.2547 0.1151 0.5179 0.1320 0.3268 0.2376 0.1168 0.5053 0.1264 0.3808 0.2126 0.1215 0.4450
0.1246 0.2084 0.3886 0.1258 0.5041 0.1168 0.2387 0.3215 0.1329 0.5192 0.1148 0.2600 0.2749 0.1381 0.5210 0.1140 0.2770 0.2382 0.1427 0.5192 0.1135 0.2936 0.2057 0.1475 0.5152 0.1133 0.3111 0.1789 0.1527 0.5090 0.1134 0.3297 0.1601 0.1583 0.5009 0.1138 0.3494 0.1480 0.1644 0.4908 0.1145 0.3703 0.1398 0.1711 0.4786 0.1155 0.3923 0.1334 0.1812 0.4341 0.1339 0.4341 0.1812 0.1334 0.3923 0.1155 0.4786 0.1711 0.1398 0.3703 0.1145 0.4908 0.1644 0.1480 0.3494 0.1138 0.5009 0.1583 0.1601 0.3297 0.1134 0.5090 0.1527 0.1789 0.3111 0.1133 0.5152 0.1475 0.2057 0.2936 0.1135 0.5192 0.1427 0.2382 0.2770 0.1140 0.5210 0.1381 0.2749 0.2600 0.1148 0.5192 0.1329 0.3215 0.2387 0.1168 0.5041 0.1258 0.3886 0.2084 0.1246
0.1987 0.3989 0.1248 0.5003 0.1171 0.2376 0.3215 0.1332 0.5197 0.1146 0.2642 0.2638 0.1396 0.5207 0.1137 0.2838 0.2238 0.1448 0.5177 0.1134 0.3015 0.1924 0.1499 0.5125 0.1134 0.3197 0.1690 0.1553 0.5055 0.1136 0.3388 0.1538 0.1611 0.4964 0.1141 0.3591 0.1438 0.1675 0.4853 0.1149 0.3804 0.1368 0.1745 0.4722 0.1161 0.4026 0.1314 0.1826 0.4512 0.1206 0.5208 0.1206 0.4512 0.1826 0.1314 0.4026 0.1161 0.4722 0.1745 0.1368 0.3804 0.1149 0.4853 0.1675 0.1438 0.3591 0.1141 0.4964 0.1611 0.1538 0.3388 0.1136 0.5055 0.1553 0.1690 0.3197 0.1134 0.5125 0.1499 0.1924 0.3015 0.1134 0.5177 0.1448 0.2238 0.2838 0.1137 0.5207 0.1396 0.2638 0.2642 0.1146 0.5197 0.1332 0.3215 0.2376 0.1171 0.5003 0.1248 0.3989 0.1987
0.3878 0.1238 0.4943 0.1176 0.2343 0.3268 0.1329 0.5197 0.1146 0.2666 0.2562 0.1408 0.5201 0.1136 0.2900 0.2110 0.1468 0.5158 0.1133 0.3094 0.1808 0.1523 0.5095 0.1134 0.3285 0.1610 0.1580 0.5015 0.1138 0.3482 0.1486 0.1640 0.4915 0.1145 0.3690 0.1403 0.1707 0.4794 0.1154 0.3908 0.1341 0.1780 0.4652 0.1167 0.4132 0.1293 0.1861 0.4478 0.1187 0.4733 0.1110 0.4733 0.1187 0.4478 0.1861 0.1293 0.4132 0.1167 0.4652 0.1780 0.1341 0.3908 0.1154 0.4794 0.1707 0.1403 0.3690 0.1145 0.4915 0.1640 0.1486 0.3482 0.1138 0.5015 0.1580 0.1610 0.3285 0.1134 0.5095 0.1523 0.1808 0.3094 0.1133 0.5158 0.1468 0.2110 0.2900 0.1136 0.5201 0.1408 0.2562 0.2666 0.1146 0.5197 0.1329 0.3268 0.2343 0.1176 0.4943 0.1238 0.3878
0.1207 0.4866 0.1183 0.2297 0.3363 0.1320 0.5192 0.1146 0.2666 0.2535 0.1415 0.5196 0.1135 0.2951 0.2008 0.1487 0.5137 0.1134 0.3172 0.1713 0.1547 0.5062 0.1136 0.3374 0.1546 0.1607 0.4970 0.1141 0.3578 0.1443 0.1671 0.4860 0.1149 0.3791 0.1372 0.1741 0.4730 0.1160 0.4013 0.1317 0.1817 0.4578 0.1174 0.4239 0.1275 0.1900 0.4401 0.1193 0.4537 0.1173 0.2817 0.1173 0.4537 0.1193 0.4401 0.1900 0.1275 0.4239 0.1174 0.4578 0.1817 0.1317 0.4013 0.1160 0.4730 0.1741 0.1372 0.3791 0.1149 0.4860 0.1671 0.1443 0.3578 0.1141 0.4970 0.1607 0.1546 0.3374 0.1136 0.5062 0.1547 0.1713 0.3172 0.1134 0.5137 0.1487 0.2008 0.2951 0.1135 0.5196 0.1415 0.2535 0.2666 0.1146 0.5192 0.1320 0.3363 0.2297 0.1183 0.4866 0.1207
0.4655 0.1192 0.2245 0.3483 0.1307 0.5179 0.1148 0.2642 0.2562 0.1415 0.5194 0.1135 0.2986 0.1937 0.1502 0.5117 0.1134 0.3244 0.1639 0.1571 0.5026 0.1137 0.3463 0.1495 0.1636 0.4922 0.1144 0.3677 0.1407 0.1703 0.4802 0.1154 0.3895 0.1344 0.1775 0.4661 0.1166 0.4119 0.1296 0.1855 0.4498 0.1182 0.4345 0.1258 0.1942 0.4312 0.1201 0.4579 0.1211 0.2225 0.2124 0.2225 0.1211 0.4579 0.1201 0.4312 0.1942 0.1258 0.4345 0.1182 0.4498 0.1855 0.1296 0.4119 0.1166 0.4661 0.1775 0.1344 0.3895 0.1154 0.4802 0.1703 0.1407 0.3677 0.1144 0.4922 0.1636 0.1495 0.3463 0.1137 0.5026 0.1571 0.1639 0.3244 0.1134 0.5117 0.1502 0.1937 0.2986 0.1135 0.5194 0.1415 0.2562 0.2642 0.1148 0.5179 0.1307 0.3483 0.2245 0.1192 0.4655
0.1220 0.2193 0.3611 0.1293 0.5158 0.1151 0.2600 0.2638 0.1408 0.5196 0.1135 0.2998 0.1899 0.1512 0.5101 0.1135 0.3305 0.1584 0.1593 0.4989 0.1140 0.3550 0.1454 0.1664 0.4871 0.1148 0.3776 0.1376 0.1736 0.4739 0.1159 0.3999 0.1320 0.1812 0.4588 0.1173 0.4225 0.1277 0.1895 0.4414 0.1191 0.4451 0.1242 0.1985 0.4216 0.1211 0.4669 0.1212 0.2119 0.3539 0.1489 0.3539 0.2119 0.1212 0.4669 0.1211 0.4216 0.1985 0.1242 0.4451 0.1191 0.4414 0.1895 0.1277 0.4225 0.1173 0.4588 0.1812 0.1320 0.3999 0.1159 0.4739 0.1736 0.1376 0.3776 0.1148 0.4871 0.1664 0.1454 0.3550 0.1140 0.4989 0.1593 0.1584 0.3305 0.1135 0.5101 0.1512 0.1899 0.2998 0.1135 0.5196 0.1408 0.2638 0.2600 0.1151 0.5158 0.1293 0.3611 0.2193 0.1220
0.2087 0.3737 0.1278 0.5125 0.1155 0.2547 0.2749 0.1396 0.5201 0.1135 0.2986 0.1899 0.1516 0.5092 0.1135 0.3351 0.1548 0.1612 0.4955 0.1142 0.3632 0.1420 0.1692 0.4818 0.1152 0.3873 0.1349 0.1770 0.4672 0.1165 0.4105 0.1299 0.1850 0.4509 0.1181 0.4332 0.1260 0.1936 0.4324 0.1200 0.4554 0.1228 0.2030 0.4114 0.1222 0.4763 0.1203 0.2139 0.3793 0.1302 0.5113 0.1302 0.3793 0.2139 0.1203 0.4763 0.1222 0.4114 0.2030 0.1228 0.4554 0.1200 0.4324 0.1936 0.1260 0.4332 0.1181 0.4509 0.1850 0.1299 0.4105 0.1165 0.4672 0.1770 0.1349 0.3873 0.1152 0.4818 0.1692 0.1420 0.3632 0.1142 0.4955 0.1612 0.1548 0.3351 0.1135 0.5092 0.1516 0.1899 0.2986 0.1135 0.5201 0.1396 0.2749 0.2547 0.1155 0.5125 0.1278 0.3737 0.2087
0.3627 0.1266 0.5080 0.1160 0.2488 0.2883 0.1381 0.5207 0.1136 0.2951 0.1937 0.1512 0.5092 0.1135 0.3376 0.1526 0.1626 0.4927 0.1145 0.3704 0.1394 0.1719 0.4765 0.1157 0.3968 0.1326 0.1804 0.4602 0.1172 0.4209 0.1279 0.1889 0.4425 0.1190 0.4437 0.1244 0.1980 0.4228 0.1210 0.4655 0.1216 0.2078 0.4006 0.1234 0.4852 0.1193 0.2185 0.3742 0.1271 0.5175 0.1117 0.5175 0.1271 0.3742 0.2185 0.1193 0.4852 0.1234 0.4006 0.2078 0.1216 0.4655 0.1210 0.4228 0.1980 0.1244 0.4437 0.1190 0.4425 0.1889 0.1279 0.4209 0.1172 0.4602 0.1804 0.1326 0.3968 0.1157 0.4765 0.1719 0.1394 0.3704 0.1145 0.4927 0.1626 0.1526 0.3376 0.1135 0.5092 0.1512 0.1937 0.2951 0.1136 0.5207 0.1381 0.2883 0.2488 0.1160 0.5080 0.1266 0.3627
0.1230 0.5024 0.1167 0.2427 0.3027 0.1363 0.5210 0.1137 0.2900 0.2008 0.1502 0.5101 0.1135 0.3376 0.1519 0.1634 0.4908 0.1147 0.3760 0.1374 0.1743 0.4715 0.1162 0.4058 0.1306 0.1838 0.4531 0.1179 0.4310 0.1263 0.1929 0.4337 0.1199 0.4541 0.1230 0.2025 0.4127 0.1221 0.4751 0.1204 0.2127 0.3892 0.1247 0.4933 0.1184 0.2237 0.3628 0.1278 0.5107 0.1127 0.3417 0.1127 0.5107 0.1278 0.3628 0.2237 0.1184 0.4933 0.1247 0.3892 0.2127 0.1204 0.4751 0.1221 0.4127 0.2025 0.1230 0.4541 0.1199 0.4337 0.1929 0.1263 0.4310 0.1179 0.4531 0.1838 0.1306 0.4058 0.1162 0.4715 0.1743 0.1374 0.3760 0.1147 0.4908 0.1634 0.1519 0.3376 0.1135 0.5101 0.1502 0.2008 0.2900 0.1137 0.5210 0.1363 0.3027 0.2427 0.1167 0.5024 0.1230
0.4832 0.1174 0.2367 0.3174 0.1346 0.5209 0.1140 0.2838 0.2110 0.1487 0.5117 0.1135 0.3351 0.1526 0.1634 0.4901 0.1148 0.3796 0.1362 0.1762 0.4672 0.1166 0.4138 0.1290 0.1871 0.4459 0.1187 0.4406 0.1248 0.1970 0.4247 0.1208 0.4640 0.1217 0.2071 0.4020 0.1233 0.4841 0.1194 0.2177 0.3773 0.1260 0.5005 0.1176 0.2293 0.3498 0.1291 0.5124 0.1151 0.2660 0.1439 0.2660 0.1151 0.5124 0.1291 0.3498 0.2293 0.1176 0.5005 0.1260 0.3773 0.2177 0.1194 0.4841 0.1233 0.4020 0.2071 0.1217 0.4640 0.1208 0.4247 0.1970 0.1248 0.4406 0.1187 0.4459 0.1871 0.1290 0.4138 0.1166 0.4672 0.1762 0.1362 0.3796 0.1148 0.4901 0.1634 0.1526 0.3351 0.1135 0.5117 0.1487 0.2110 0.2838 0.1140 0.5209 0.1346 0.3174 0.2367 0.1174 0.4832
0.1199 0.2309 0.3319 0.1328 0.5202 0.1142 0.2770 0.2238 0.1468 0.5137 0.1134 0.3305 0.1548 0.1626 0.4908 0.1148 0.3809 0.1355 0.1774 0.4641 0.1170 0.4202 0.1277 0.1900 0.4391 0.1194 0.4497 0.1235 0.2010 0.4155 0.1218 0.4732 0.1206 0.2118 0.3909 0.1245 0.4923 0.1185 0.2230 0.3647 0.1274 0.5065 0.1169 0.2350 0.3360 0.1307 0.5156 0.1154 0.2526 0.2465 0.1689 0.2465 0.2526 0.1154 0.5156 0.1307 0.3360 0.2350 0.1169 0.5065 0.1274 0.3647 0.2230 0.1185 0.4923 0.1245 0.3909 0.2118 0.1206 0.4732 0.1218 0.4155 0.2010 0.1235 0.4497 0.1194 0.4391 0.1900 0.1277 0.4202 0.1170 0.4641 0.1774 0.1355 0.3809 0.1148 0.4908 0.1626 0.1548 0.3305 0.1134 0.5137 0.1468 0.2238 0.2770 0.1142 0.5202 0.1328 0.3319 0.2309 0.1199
0.2196 0.3458 0.1312 0.5187 0.1146 0.2700 0.2382 0.1448 0.5158 0.1134 0.3244 0.1584 0.1612 0.4927 0.1147 0.3796 0.1355 0.1778 0.4624 0.1172 0.4246 0.1269 0.1924 0.4331 0.1201 0.4577 0.1224 0.2050 0.4062 0.1229 0.4816 0.1197 0.2166 0.3796 0.1258 0.4995 0.1177 0.2285 0.3515 0.1289 0.5114 0.1162 0.2410 0.3216 0.1323 0.5182 0.1151 0.2552 0.2784 0.1438 0.4783 0.1438 0.2784 0.2552 0.1151 0.5182 0.1323 0.3216 0.2410 0.1162 0.5114 0.1289 0.3515 0.2285 0.1177 0.4995 0.1258 0.3796 0.2166 0.1197 0.4816 0.1229 0.4062 0.2050 0.1224 0.4577 0.1201 0.4331 0.1924 0.1269 0.4246 0.1172 0.4624 0.1778 0.1355 0.3796 0.1147 0.4927 0.1612 0.1584 0.3244 0.1134 0.5158 0.1448 0.2382 0.2700 0.1146 0.5187 0.1312 0.3458 0.2196
0.3351 0.1297 0.5164 0.1150 0.2631 0.2535 0.1427 0.5177 0.1133 0.3172 0.1639 0.1593 0.4955 0.1145 0.3760 0.1362 0.1774 0.4624 0.1173 0.4270 0.1263 0.1942 0.4285 0.1207 0.4641 0.1215 0.2086 0.3973 0.1239 0.4890 0.1188 0.2214 0.3681 0.1271 0.5054 0.1170 0.2341 0.3379 0.1305 0.5151 0.1156 0.2472 0.3068 0.1341 0.5199 0.1147 0.2612 0.2719 0.1395 0.5169 0.1153 0.5169 0.1395 0.2719 0.2612 0.1147 0.5199 0.1341 0.3068 0.2472 0.1156 0.5151 0.1305 0.3379 0.2341 0.1170 0.5054 0.1271 0.3681 0.2214 0.1188 0.4890 0.1239 0.3973 0.2086 0.1215 0.4641 0.1207 0.4285 0.1942 0.1263 0.4270 0.1173 0.4624 0.1774 0.1362 0.3760 0.1145 0.4955 0.1593 0.1639 0.3172 0.1133 0.5177 0.1427 0.2535 0.2631 0.1150 0.5164 0.1297 0.3351
0.1258 0.5131 0.1154 0.2563 0.2692 0.1406 0.5192 0.1134 0.3094 0.1713 0.1571 0.4989 0.1142 0.3704 0.1374 0.1762 0.4641 0.1172 0.4270 0.1261 0.1951 0.4255 0.1211 0.4688 0.1209 0.2117 0.3894 0.1248 0.4952 0.1181 0.2260 0.3567 0.1284 0.5101 0.1164 0.2397 0.3242 0.1321 0.5178 0.1152 0.2536 0.2914 0.1359 0.5208 0.1143 0.2680 0.2577 0.1403 0.5200 0.1118 0.4138 0.1118 0.5200 0.1403 0.2577 0.2680 0.1143 0.5208 0.1359 0.2914 0.2536 0.1152 0.5178 0.1321 0.3242 0.2397 0.1164 0.5101 0.1284 0.3567 0.2260 0.1181 0.4952 0.1248 0.3894 0.2117 0.1209 0.4688 0.1211 0.4255 0.1951 0.1261 0.4270 0.1172 0.4641 0.1762 0.1374 0.3704 0.1142 0.4989 0.1571 0.1713 0.3094 0.1134 0.5192 0.1406 0.2692 0.2563 0.1154 0.5131 0.1258
0.4965 0.1161 0.2498 0.2849 0.1386 0.5204 0.1135 0.3015 0.1808 0.1547 0.5026 0.1140 0.3632 0.1394 0.1743 0.4672 0.1170 0.4246 0.1263 0.1951 0.4245 0.1213 0.4718 0.1205 0.2141 0.3828 0.1257 0.5001 0.1175 0.2305 0.3456 0.1297 0.5138 0.1158 0.2453 0.3105 0.1337 0.5196 0.1147 0.2601 0.2760 0.1378 0.5210 0.1140 0.2752 0.2421 0.1422 0.5195 0.1129 0.3220 0.1236 0.3220 0.1129 0.5195 0.1422 0.2421 0.2752 0.1140 0.5210 0.1378 0.2760 0.2601 0.1147 0.5196 0.1337 0.3105 0.2453 0.1158 0.5138 0.1297 0.3456 0.2305 0.1175 0.5001 0.1257 0.3828 0.2141 0.1205 0.4718 0.1213 0.4245 0.1951 0.1263 0.4246 0.1170 0.4672 0.1743 0.1394 0.3632 0.1140 0.5026 0.1547 0.1808 0.3015 0.1135 0.5204 0.1386 0.2849 0.2498 0.1161 0.4965
0.1181 0.2435 0.3004 0.1367 0.5210 0.1137 0.2936 0.1924 0.1523 0.5062 0.1137 0.3550 0.1420 0.1719 0.4715 0.1166 0.4202 0.1269 0.1942 0.4255 0.1213 0.4728 0.1203 0.2156 0.3782 0.1263 0.5036 0.1171 0.2344 0.3353 0.1310 0.5164 0.1154 0.2508 0.2970 0.1353 0.5206 0.1144 0.2666 0.2607 0.1397 0.5207 0.1138 0.2826 0.2266 0.1443 0.5181 0.1133 0.3051 0.1573 0.1953 0.1573 0.3051 0.1133 0.5181 0.1443 0.2266 0.2826 0.1138 0.5207 0.1397 0.2607 0.2666 0.1144 0.5206 0.1353 0.2970 0.2508 0.1154 0.5164 0.1310 0.3353 0.2344 0.1171 0.5036 0.1263 0.3782 0.2156 0.1203 0.4728 0.1213 0.4255 0.1942 0.1269 0.4202 0.1166 0.4715 0.1719 0.1420 0.3550 0.1137 0.5062 0.1523 0.1924 0.2936 0.1137 0.5210 0.1367 0.3004 0.2435 0.1181
0.2314 0.3154 0.1348 0.5210 0.1139 0.2858 0.2057 0.1499 0.5095 0.1136 0.3463 0.1454 0.1692 0.4765 0.1162 0.4138 0.1277 0.1924 0.4285 0.1211 0.4718 0.1203 0.2161 0.3758 0.1267 0.5058 0.1168 0.2376 0.3266 0.1321 0.5182 0.1150 0.2561 0.2841 0.1369 0.5210 0.1141 0.2732 0.2460 0.1417 0.5198 0.1136 0.2902 0.2118 0.1466 0.5161 0.1133 0.3086 0.1755 0.1619 0.4210 0.1619 0.1755 0.3086 0.1133 0.5161 0.1466 0.2118 0.2902 0.1136 0.5198 0.1417 0.2460 0.2732 0.1141 0.5210 0.1369 0.2841 0.2561 0.1150 0.5182 0.1321 0.3266 0.2376 0.1168 0.5058 0.1267 0.3758 0.2161 0.1203 0.4718 0.1211 0.4285 0.1924 0.1277 0.4138 0.1162 0.4765 0.1692 0.1454 0.3463 0.1136 0.5095 0.1499 0.2057 0.2858 0.1139 0.5210 0.1348 0.3154 0.2314
0.3050 0.1332 0.5203 0.1142 0.2783 0.2203 0.1475 0.5125 0.1134 0.3374 0.1495 0.1664 0.4818 0.1157 0.4058 0.1290 0.1900 0.4331 0.1207 0.4688 0.1205 0.2156 0.3758 0.1269 0.5068 0.1166 0.2398 0.3199 0.1330 0.5193 0.1148 0.2609 0.2721 0.1385 0.5209 0.1139 0.2796 0.2320 0.1437 0.5185 0.1134 0.2977 0.1983 0.1489 0.5137 0.1133 0.3162 0.1717 0.1561 0.4908 0.1221 0.4908 0.1561 0.1717 0.3162 0.1133 0.5137 0.1489 0.1983 0.2977 0.1134 0.5185 0.1437 0.2320 0.2796 0.1139 0.5209 0.1385 0.2721 0.2609 0.1148 0.5193 0.1330 0.3199 0.2398 0.1166 0.5068 0.1269 0.3758 0.2156 0.1205 0.4688 0.1207 0.4331 0.1900 0.1290 0.4058 0.1157 0.4818 0.1664 0.1495 0.3374 0.1134 0.5125 0.1475 0.2203 0.2783 0.1142 0.5203 0.1332 0.3050
0.1289 0.5190 0.1145 0.2710 0.2356 0.1452 0.5152 0.1134 0.3285 0.1546 0.1636 0.4871 0.1152 0.3968 0.1306 0.1871 0.4391 0.1201 0.4641 0.1209 0.2141 0.3782 0.1267 0.5068 0.1165 0.2409 0.3158 0.1337 0.5199 0.1146 0.2650 0.2616 0.1399 0.5205 0.1137 0.2858 0.2190 0.1456 0.5169 0.1134 0.3053 0.1864 0.1512 0.5109 0.1134 0.3247 0.1640 0.1572 0.5002 0.1141 0.4857 0.1141 0.5002 0.1572 0.1640 0.3247 0.1134 0.5109 0.1512 0.1864 0.3053 0.1134 0.5169 0.1456 0.2190 0.2858 0.1137 0.5205 0.1399 0.2616 0.2650 0.1146 0.5199 0.1337 0.3158 0.2409 0.1165 0.5068 0.1267 0.3782 0.2141 0.1209 0.4641 0.1201 0.4391 0.1871 0.1306 0.3968 0.1152 0.4871 0.1636 0.1546 0.3285 0.1134 0.5152 0.1452 0.2356 0.2710 0.1145 0.5190 0.1289
0.5046 0.1150 0.2640 0.2513 0.1430 0.5173 0.1133 0.3197 0.1610 0.1607 0.4922 0.1148 0.3873 0.1326 0.1838 0.4459 0.1194 0.4577 0.1215 0.2117 0.3828 0.1263 0.5058 0.1166 0.2409 0.3144 0.1340 0.5203 0.1144 0.2681 0.2534 0.1411 0.5199 0.1136 0.2916 0.2076 0.1475 0.5150 0.1133 0.3128 0.1762 0.1535 0.5079 0.1135 0.3334 0.1572 0.1596 0.4984 0.1138 0.3909 0.1146 0.3909 0.1138 0.4984 0.1596 0.1572 0.3334 0.1135 0.5079 0.1535 0.1762 0.3128 0.1133 0.5150 0.1475 0.2076 0.2916 0.1136 0.5199 0.1411 0.2534 0.2681 0.1144 0.5203 0.1340 0.3144 0.2409 0.1166 0.5058 0.1263 0.3828 0.2117 0.1215 0.4577 0.1194 0.4459 0.1838 0.1326 0.3873 0.1148 0.4922 0.1607 0.1610 0.3197 0.1133 0.5173 0.1430 0.2513 0.2640 0.1150 0.5046
0.1166 0.2572 0.2672 0.1409 0.5190 0.1134 0.3111 0.1690 0.1580 0.4970 0.1144 0.3776 0.1349 0.1804 0.4531 0.1187 0.4497 0.1224 0.2086 0.3894 0.1257 0.5036 0.1168 0.2398 0.3158 0.1340 0.5203 0.1144 0.2701 0.2478 0.1421 0.5193 0.1135 0.2967 0.1980 0.1492 0.5130 0.1134 0.3200 0.1680 0.1558 0.5046 0.1136 0.3419 0.1518 0.1623 0.4942 0.1142 0.3705 0.1295 0.2300 0.1295 0.3705 0.1142 0.4942 0.1623 0.1518 0.3419 0.1136 0.5046 0.1558 0.1680 0.3200 0.1134 0.5130 0.1492 0.1980 0.2967 0.1135 0.5193 0.1421 0.2478 0.2701 0.1144 0.5203 0.1340 0.3158 0.2398 0.1168 0.5036 0.1257 0.3894 0.2086 0.1224 0.4497 0.1187 0.4531 0.1804 0.1349 0.3776 0.1144 0.4970 0.1580 0.1690 0.3111 0.1134 0.5190 0.1409 0.2672 0.2572 0.1166
0.2441 0.2829 0.1389 0.5202 0.1135 0.3027 0.1789 0.1553 0.5015 0.1141 0.3677 0.1376 0.1770 0.4602 0.1179 0.4406 0.1235 0.2050 0.3973 0.1248 0.5001 0.1171 0.2376 0.3199 0.1337 0.5203 0.1144 0.2707 0.2449 0.1426 0.5188 0.1134 0.3008 0.1906 0.1507 0.5110 0.1134 0.3267 0.1616 0.1580 0.5011 0.1138 0.3503 0.1474 0.1650 0.4895 0.1146 0.3744 0.1362 0.1859 0.3354 0.1859 0.1362 0.3744 0.1146 0.4895 0.1650 0.1474 0.3503 0.1138 0.5011 0.1580 0.1616 0.3267 0.1134 0.5110 0.1507 0.1906 0.3008 0.1134 0.5188 0.1426 0.2449 0.2707 0.1144 0.5203 0.1337 0.3199 0.2376 0.1171 0.5001 0.1248 0.3973 0.2050 0.1235 0.4406 0.1179 0.4602 0.1770 0.1376 0.3677 0.1141 0.5015 0.1553 0.1789 0.3027 0.1135 0.5202 0.1389 0.2829 0.2441
0.2733 0.1371 0.5209 0.1136 0.2946 0.1906 0.1527 0.5055 0.1138 0.3578 0.1407 0.1736 0.4672 0.1172 0.4310 0.1248 0.2010 0.4062 0.1239 0.4952 0.1175 0.2344 0.3266 0.1330 0.5199 0.1144 0.2701 0.2449 0.1428 0.5185 0.1134 0.3037 0.1853 0.1520 0.5092 0.1135 0.3329 0.1567 0.1601 0.4976 0.1141 0.3585 0.1438 0.1677 0.4845 0.1150 0.3830 0.1356 0.1780 0.4417 0.1324 0.4417 0.1780 0.1356 0.3830 0.1150 0.4845 0.1677 0.1438 0.3585 0.1141 0.4976 0.1601 0.1567 0.3329 0.1135 0.5092 0.1520 0.1853 0.3037 0.1134 0.5185 0.1428 0.2449 0.2701 0.1144 0.5199 0.1330 0.3266 0.2344 0.1175 0.4952 0.1239 0.4062 0.2010 0.1248 0.4310 0.1172 0.4672 0.1736 0.1407 0.3578 0.1138 0.5055 0.1527 0.1906 0.2946 0.1136 0.5209 0.1371 0.2733
0.1323 0.5210 0.1139 0.2868 0.2039 0.1502 0.5090 0.1136 0.3482 0.1443 0.1703 0.4739 0.1165 0.4209 0.1263 0.1970 0.4155 0.1229 0.4890 0.1181 0.2305 0.3353 0.1321 0.5193 0.1146 0.2681 0.2478 0.1426 0.5185 0.1134 0.3052 0.1821 0.1529 0.5077 0.1135 0.3380 0.1530 0.1620 0.4941 0.1143 0.3662 0.1408 0.1705 0.4794 0.1155 0.3922 0.1336 0.1792 0.4582 0.1196 0.5199 0.1196 0.4582 0.1792 0.1336 0.3922 0.1155 0.4794 0.1705 0.1408 0.3662 0.1143 0.4941 0.1620 0.1530 0.3380 0.1135 0.5077 0.1529 0.1821 0.3052 0.1134 0.5185 0.1426 0.2478 0.2681 0.1146 0.5193 0.1321 0.3353 0.2305 0.1181 0.4890 0.1229 0.4155 0.1970 0.1263 0.4209 0.1165 0.4739 0.1703 0.1443 0.3482 0.1136 0.5090 0.1502 0.2039 0.2868 0.1139 0.5210 0.1323
0.5082 0.1142 0.2792 0.2184 0.1478 0.5122 0.1134 0.3388 0.1486 0.1671 0.4802 0.1159 0.4105 0.1279 0.1929 0.4247 0.1218 0.4816 0.1188 0.2260 0.3456 0.1310 0.5182 0.1148 0.2650 0.2534 0.1421 0.5188 0.1134 0.3052 0.1811 0.1533 0.5068 0.1136 0.3419 0.1505 0.1637 0.4909 0.1146 0.3734 0.1384 0.1730 0.4742 0.1159 0.4011 0.1316 0.1822 0.4556 0.1179 0.4646 0.1112 0.4646 0.1179 0.4556 0.1822 0.1316 0.4011 0.1159 0.4742 0.1730 0.1384 0.3734 0.1146 0.4909 0.1637 0.1505 0.3419 0.1136 0.5068 0.1533 0.1811 0.3052 0.1134 0.5188 0.1421 0.2534 0.2650 0.1148 0.5182 0.1310 0.3456 0.2260 0.1188 0.4816 0.1218 0.4247 0.1929 0.1279 0.4105 0.1159 0.4802 0.1671 0.1486 0.3388 0.1134 0.5122 0.1478 0.2184 0.2792 0.1142 0.5082
0.1154 0.2719 0.2336 0.1455 0.5149 0.1134 0.3297 0.1538 0.1640 0.4860 0.1154 0.3999 0.1299 0.1889 0.4337 0.1208 0.4732 0.1197 0.2214 0.3567 0.1297 0.5164 0.1150 0.2609 0.2616 0.1411 0.5193 0.1134 0.3037 0.1821 0.1533 0.5064 0.1136 0.3444 0.1488 0.1649 0.4884 0.1148 0.3797 0.1365 0.1754 0.4693 0.1164 0.4096 0.1299 0.1853 0.4494 0.1183 0.4435 0.1183 0.2748 0.1183 0.4435 0.1183 0.4494 0.1853 0.1299 0.4096 0.1164 0.4693 0.1754 0.1365 0.3797 0.1148 0.4884 0.1649 0.1488 0.3444 0.1136 0.5064 0.1533 0.1821 0.3037 0.1134 0.5193 0.1411 0.2616 0.2609 0.1150 0.5164 0.1297 0.3567 0.2214 0.1197 0.4732 0.1208 0.4337 0.1889 0.1299 0.3999 0.1154 0.4860 0.1640 0.1538 0.3297 0.1134 0.5149 0.1455 0.2336 0.2719 0.1154
0.2579 0.2493 0.1433 0.5171 0.1133 0.3208 0.1601 0.1611 0.4915 0.1149 0.3895 0.1320 0.1850 0.4425 0.1199 0.4640 0.1206 0.2166 0.3681 0.1284 0.5138 0.1154 0.2561 0.2721 0.1399 0.5199 0.1135 0.3008 0.1853 0.1529 0.5068 0.1136 0.3452 0.1480 0.1657 0.4866 0.1150 0.3846 0.1350 0.1775 0.4647 0.1169 0.4173 0.1284 0.1885 0.4427 0.1190 0.4465 0.1225 0.2172 0.2273 0.2172 0.1225 0.4465 0.1190 0.4427 0.1885 0.1284 0.4173 0.1169 0.4647 0.1775 0.1350 0.3846 0.1150 0.4866 0.1657 0.1480 0.3452 0.1136 0.5068 0.1529 0.1853 0.3008 0.1135 0.5199 0.1399 0.2721 0.2561 0.1154 0.5138 0.1284 0.3681 0.2166 0.1206 0.4640 0.1199 0.4425 0.1850 0.1320 0.3895 0.1149 0.4915 0.1611 0.1601 0.3208 0.1133 0.5171 0.1433 0.2493 0.2579
0.2410 0.1413 0.5189 0.1134 0.3121 0.1679 0.1583 0.4964 0.1145 0.3791 0.1344 0.1812 0.4509 0.1190 0.4541 0.1217 0.2118 0.3796 0.1271 0.5101 0.1158 0.2508 0.2841 0.1385 0.5205 0.1136 0.2967 0.1906 0.1520 0.5077 0.1136 0.3444 0.1480 0.1660 0.4856 0.1151 0.3879 0.1340 0.1792 0.4608 0.1173 0.4242 0.1271 0.1914 0.4360 0.1197 0.4539 0.1227 0.2064 0.3679 0.1464 0.3678 0.2065 0.1227 0.4539 0.1197 0.4360 0.1914 0.1271 0.4242 0.1173 0.4608 0.1792 0.1340 0.3879 0.1151 0.4856 0.1660 0.1480 0.3444 0.1136 0.5077 0.1520 0.1906 0.2967 0.1136 0.5205 0.1385 0.2841 0.2508 0.1158 0.5102 0.1271 0.3795 0.2119 0.1217 0.4541 0.1190 0.4509 0.1812 0.1344 0.3791 0.1145 0.4964 0.1583 0.1679 0.3121 0.1134 0.5189 0.1413 0.2410
0.1361 0.5201 0.1135 0.3038 0.1775 0.1556 0.5009 0.1141 0.3690 0.1372 0.1775 0.4588 0.1181 0.4437 0.1230 0.2071 0.3909 0.1258 0.5054 0.1164 0.2453 0.2970 0.1369 0.5209 0.1137 0.2916 0.1980 0.1507 0.5092 0.1135 0.3419 0.1488 0.1657 0.4856 0.1152 0.3897 0.1334 0.1804 0.4578 0.1176 0.4298 0.1261 0.1941 0.4296 0.1204 0.4613 0.1219 0.2074 0.3939 0.1284 0.5145 0.1284 0.3937 0.2075 0.1219 0.4613 0.1204 0.4296 0.1941 0.1261 0.4298 0.1176 0.4578 0.1804 0.1334 0.3897 0.1152 0.4856 0.1657 0.1488 0.3419 0.1135 0.5092 0.1507 0.1980 0.2916 0.1137 0.5209 0.1369 0.2970 0.2453 0.1164 0.5055 0.1258 0.3908 0.2071 0.1230 0.4437 0.1181 0.4588 0.1776 0.1372 0.3690 0.1141 0.5009 0.1556 0.1775 0.3038 0.1135 0.5201 0.1361
0.5082 0.1137 0.2956 0.1890 0.1530 0.5050 0.1138 0.3591 0.1403 0.1741 0.4661 0.1173 0.4332 0.1244 0.2025 0.4020 0.1245 0.4995 0.1170 0.2397 0.3105 0.1353 0.5210 0.1139 0.2858 0.2076 0.1492 0.5110 0.1135 0.3380 0.1505 0.1649 0.4866 0.1151 0.3897 0.1331 0.1811 0.4558 0.1179 0.4339 0.1254 0.1964 0.4240 0.1211 0.4680 0.1211 0.2106 0.3916 0.1253 0.5137 0.1114 0.5137 0.1253 0.3914 0.2106 0.1211 0.4680 0.1211 0.4240 0.1964 0.1254 0.4340 0.1179 0.4558 0.1811 0.1331 0.3897 0.1151 0.4866 0.1649 0.1504 0.3381 0.1135 0.5110 0.1492 0.2075 0.2858 0.1139 0.5210 0.1354 0.3103 0.2398 0.1170 0.4996 0.1245 0.4019 0.2025 0.1244 0.4333 0.1173 0.4660 0.1741 0.1402 0.3592 0.1138 0.5049 0.1531 0.1889 0.2957 0.1137 0.5082
0.1145 0.2878 0.2021 0.1505 0.5086 0.1136 0.3494 0.1438 0.1707 0.4730 0.1166 0.4225 0.1260 0.1980 0.4127 0.1233 0.4923 0.1177 0.2341 0.3242 0.1337 0.5206 0.1141 0.2796 0.2190 0.1475 0.5130 0.1134 0.3329 0.1530 0.1637 0.4884 0.1150 0.3879 0.1334 0.1811 0.4551 0.1180 0.4366 0.1249 0.1981 0.4195 0.1217 0.4736 0.1204 0.2138 0.3844 0.1255 0.5028 0.1133 0.3299 0.1132 0.5031 0.1256 0.3839 0.2140 0.1203 0.4739 0.1217 0.4192 0.1982 0.1248 0.4369 0.1180 0.4549 0.1812 0.1333 0.3882 0.1150 0.4882 0.1638 0.1529 0.3332 0.1134 0.5129 0.1476 0.2185 0.2799 0.1141 0.5206 0.1338 0.3236 0.2344 0.1176 0.4927 0.1233 0.4122 0.1982 0.1258 0.4230 0.1166 0.4727 0.1709 0.1436 0.3499 0.1136 0.5084 0.1507 0.2015 0.2882 0.1144
0.2727 0.2165 0.1481 0.5118 0.1135 0.3400 0.1480 0.1675 0.4794 0.1160 0.4119 0.1277 0.1936 0.4228 0.1221 0.4841 0.1185 0.2285 0.3379 0.1321 0.5196 0.1144 0.2732 0.2320 0.1456 0.5150 0.1134 0.3267 0.1567 0.1620 0.4909 0.1148 0.3846 0.1340 0.1804 0.4558 0.1180 0.4376 0.1246 0.1992 0.4164 0.1221 0.4779 0.1198 0.2168 0.3770 0.1263 0.5035 0.1161 0.2563 0.1503 0.2581 0.1155 0.5055 0.1267 0.3736 0.2182 0.1193 0.4800 0.1223 0.4140 0.2002 0.1241 0.4397 0.1181 0.4543 0.1812 0.1333 0.3865 0.1148 0.4900 0.1626 0.1554 0.3285 0.1132 0.5145 0.1461 0.2288 0.2747 0.1141 0.5199 0.1324 0.3352 0.2297 0.1181 0.4859 0.1223 0.4207 0.1946 0.1271 0.4141 0.1160 0.4781 0.1682 0.1469 0.3420 0.1134 0.5112 0.1487 0.2130 0.2745
0.2105 0.1459 0.5145 0.1134 0.3308 0.1531 0.1644 0.4853 0.1154 0.4013 0.1296 0.1895 0.4324 0.1210 0.4751 0.1194 0.2230 0.3515 0.1305 0.5178 0.1147 0.2666 0.2460 0.1437 0.5169 0.1133 0.3200 0.1616 0.1601 0.4941 0.1146 0.3797 0.1350 0.1792 0.4578 0.1179 0.4366 0.1246 0.1996 0.4147 0.1224 0.4806 0.1195 0.2191 0.3706 0.1271 0.5065 0.1165 0.2417 0.2676 0.1674 0.2422 0.2542 0.1141 0.5143 0.1296 0.3498 0.2276 0.1169 0.4926 0.1239 0.4002 0.2058 0.1217 0.4499 0.1187 0.4480 0.1839 0.1311 0.3917 0.1147 0.4881 0.1636 0.1534 0.3301 0.1127 0.5143 0.1462 0.2281 0.2748 0.1135 0.5198 0.1323 0.3359 0.2295 0.1174 0.4853 0.1221 0.4215 0.1944 0.1265 0.4133 0.1157 0.4786 0.1681 0.1466 0.3414 0.1129 0.5113 0.1488 0.1939
0.1403 0.5168 0.1133 0.3219 0.1592 0.1615 0.4908 0.1149 0.3908 0.1317 0.1855 0.4414 0.1200 0.4655 0.1204 0.2177 0.3647 0.1289 0.5151 0.1152 0.2601 0.2607 0.1417 0.5185 0.1134 0.3128 0.1680 0.1580 0.4976 0.1143 0.3734 0.1365 0.1775 0.4608 0.1176 0.4339 0.1249 0.1992 0.4147 0.1224 0.4820 0.1193 0.2207 0.3659 0.1277 0.5091 0.1164 0.2415 0.3054 0.1431 0.4553 0.1634 0.1744 0.2993 0.1112 0.5200 0.1407 0.2613 0.2629 0.1121 0.5184 0.1315 0.3373 0.2311 0.1150 0.4922 0.1234 0.4078 0.2016 0.1217 0.4334 0.1169 0.4642 0.1759 0.1361 0.3641 0.1127 0.5026 0.1551 0.1795 0.3012 0.1114 0.5204 0.1387 0.2848 0.2500 0.1133 0.5086 0.1265 0.3845 0.2103 0.1194 0.4492 0.1181 0.4546 0.1801 0.1328 0.3750 0.1132 0.4978 0.1545
0.5054 0.1135 0.3132 0.1668 0.1587 0.4958 0.1145 0.3804 0.1341 0.1817 0.4498 0.1191 0.4554 0.1216 0.2127 0.3773 0.1274 0.5114 0.1156 0.2536 0.2760 0.1397 0.5198 0.1134 0.3053 0.1762 0.1558 0.5011 0.1141 0.3662 0.1384 0.1754 0.4647 0.1173 0.4298 0.1254 0.1981 0.4164 0.1224 0.4820 0.1192 0.2215 0.3631 0.1282 0.5108 0.1161 0.2438 0.3084 0.1368 0.5090 0.1309 0.2858 0.2247 0.1181 0.4507 0.1184 0.4497 0.1836 0.1295 0.3888 0.1140 0.4894 0.1635 0.1522 0.3291 0.1114 0.5144 0.1466 0.2257 0.2759 0.1113 0.5202 0.1328 0.3313 0.2317 0.1145 0.4886 0.1225 0.4171 0.1969 0.1230 0.4182 0.1156 0.4756 0.1703 0.1421 0.3457 0.1118 0.5100 0.1500 0.2060 0.2849 0.1111 0.5210 0.1347 0.3168 0.2374 0.1138 0.4964 0.1240 0.3824
0.1138 0.3048 0.1762 0.1560 0.5004 0.1142 0.3703 0.1368 0.1780 0.4578 0.1182 0.4451 0.1228 0.2078 0.3892 0.1260 0.5065 0.1162 0.2472 0.2914 0.1378 0.5207 0.1136 0.2977 0.1864 0.1535 0.5046 0.1138 0.3585 0.1408 0.1730 0.4693 0.1169 0.4242 0.1261 0.1964 0.4195 0.1221 0.4806 0.1193 0.2215 0.3621 0.1284 0.5117 0.1160 0.2459 0.3046 0.1354 0.5206 0.1144 0.5043 0.2618 0.1189 0.4098 0.1148 0.4861 0.1647 0.1511 0.3335 0.1125 0.5132 0.1474 0.2200 0.2789 0.1128 0.5205 0.1335 0.3260 0.2337 0.1161 0.4915 0.1230 0.4134 0.1981 0.1243 0.4222 0.1161 0.4732 0.1710 0.1424 0.3493 0.1126 0.5087 0.1507 0.2014 0.2878 0.1124 0.5211 0.1353 0.3116 0.2393 0.1154 0.4982 0.1242 0.4042 0.2019 0.1229 0.4314 0.1168 0.4668 0.1700
0.2887 0.1875 0.1534 0.5045 0.1139 0.3603 0.1398 0.1745 0.4652 0.1174 0.4345 0.1242 0.2030 0.4006 0.1247 0.5005 0.1169 0.2410 0.3068 0.1359 0.5210 0.1138 0.2902 0.1983 0.1512 0.5079 0.1136 0.3503 0.1438 0.1705 0.4742 0.1164 0.4173 0.1271 0.1941 0.4240 0.1217 0.4779 0.1195 0.2207 0.3631 0.1284 0.5120 0.1159 0.2473 0.3006 0.1355 0.5210 0.1128 0.3359 0.1460 0.1195 0.4840 0.1151 0.4889 0.1625 0.1559 0.3271 0.1131 0.5151 0.1456 0.2323 0.2730 0.1141 0.5196 0.1320 0.3382 0.2286 0.1181 0.4842 0.1220 0.4227 0.1938 0.1272 0.4121 0.1158 0.4792 0.1677 0.1476 0.3402 0.1132 0.5117 0.1482 0.2159 0.2805 0.1137 0.5206 0.1336 0.3259 0.2334 0.1174 0.4910 0.1230 0.4145 0.1973 0.1258 0.4207 0.1164 0.4740 0.1703 0.1438
0.1847 0.1509 0.5082 0.1136 0.3506 0.1434 0.1711 0.4722 0.1167 0.4239 0.1258 0.1985 0.4114 0.1234 0.4933 0.1176 0.2350 0.3216 0.1341 0.5208 0.1140 0.2826 0.2118 0.1489 0.5109 0.1135 0.3419 0.1474 0.1677 0.4794 0.1159 0.4096 0.1284 0.1914 0.4296 0.1211 0.4736 0.1198 0.2191 0.3659 0.1282 0.5117 0.1159 0.2477 0.2985 0.1358 0.5210 0.1138 0.2864 0.1722 0.1648 0.5128 0.1185 0.4828 0.1641 0.1533 0.3316 0.1133 0.5137 0.1468 0.2237 0.2772 0.1141 0.5203 0.1331 0.3292 0.2321 0.1179 0.4896 0.1228 0.4162 0.1965 0.1264 0.4189 0.1164 0.4752 0.1696 0.1451 0.3462 0.1135 0.5097 0.1497 0.2068 0.2852 0.1138 0.5209 0.1347 0.3166 0.2370 0.1172 0.4959 0.1238 0.4078 0.2000 0.1251 0.4275 0.1169 0.4699 0.1723 0.1421 0.3442
0.1449 0.5114 0.1135 0.3412 0.1475 0.1679 0.4786 0.1161 0.4132 0.1275 0.1942 0.4216 0.1222 0.4852 0.1184 0.2293 0.3360 0.1323 0.5199 0.1143 0.2752 0.2266 0.1466 0.5137 0.1134 0.3334 0.1518 0.1650 0.4845 0.1155 0.4011 0.1299 0.1885 0.4360 0.1204 0.4680 0.1204 0.2168 0.3706 0.1277 0.5108 0.1160 0.2473 0.2985 0.1360 0.5210 0.1140 0.2792 0.2140 0.1540 0.4788 0.1244 0.4713 0.1666 0.1498 0.3377 0.1134 0.5116 0.1486 0.2121 0.2832 0.1140 0.5209 0.1346 0.3164 0.2374 0.1172 0.4967 0.1240 0.4064 0.2006 0.1250 0.4289 0.1170 0.4690 0.1727 0.1416 0.3552 0.1137 0.5065 0.1520 0.1941 0.2925 0.1137 0.5210 0.1364 0.3027 0.2426 0.1167 0.5022 0.1250 0.3976 0.2043 0.1238 0.4374 0.1176 0.4633 0.1754 0.1390 0.3630 0.1135
0.5004 0.1135 0.3320 0.1524 0.1648 0.4846 0.1155 0.4026 0.1293 0.1900 0.4312 0.1211 0.4763 0.1193 0.2237 0.3498 0.1307 0.5182 0.1147 0.2680 0.2421 0.1443 0.5161 0.1133 0.3247 0.1572 0.1623 0.4895 0.1150 0.3922 0.1316 0.1853 0.4427 0.1197 0.4613 0.1211 0.2138 0.3770 0.1271 0.5091 0.1161 0.2459 0.3007 0.1358 0.5210 0.1140 0.2787 0.2243 0.1487 0.4911 0.1287 0.4529 0.1705 0.1464 0.3437 0.1135 0.5094 0.1504 0.2012 0.2893 0.1138 0.5210 0.1362 0.3031 0.2428 0.1166 0.5030 0.1252 0.3956 0.2052 0.1236 0.4393 0.1178 0.4619 0.1761 0.1384 0.3648 0.1140 0.5027 0.1545 0.1821 0.3003 0.1135 0.5205 0.1383 0.2875 0.2488 0.1161 0.5079 0.1264 0.3862 0.2090 0.1225 0.4477 0.1184 0.4558 0.1789 0.1361 0.3729 0.1144 0.4838
0.1134 0.3232 0.1582 0.1619 0.4900 0.1150 0.3923 0.1314 0.1861 0.4401 0.1201 0.4669 0.1203 0.2185 0.3628 0.1291 0.5156 0.1151 0.2612 0.2577 0.1422 0.5181 0.1133 0.3162 0.1640 0.1596 0.4942 0.1146 0.3830 0.1336 0.1822 0.4494 0.1190 0.4539 0.1219 0.2106 0.3844 0.1263 0.5065 0.1164 0.2438 0.3048 0.1355 0.5210 0.1140 0.2786 0.2264 0.1466 0.5042 0.1235 0.4154 0.1806 0.1412 0.3502 0.1136 0.5073 0.1520 0.1918 0.2952 0.1136 0.5207 0.1378 0.2899 0.2483 0.1161 0.5081 0.1265 0.3845 0.2098 0.1223 0.4498 0.1186 0.4542 0.1797 0.1355 0.3749 0.1143 0.4983 0.1572 0.1717 0.3086 0.1134 0.5194 0.1403 0.2718 0.2553 0.1155 0.5125 0.1278 0.3741 0.2139 0.1213 0.4580 0.1193 0.4477 0.1826 0.1335 0.3831 0.1146 0.4946 0.1555
0.3068 0.1647 0.1594 0.4946 0.1145 0.3830 0.1334 0.1826 0.4478 0.1193 0.4579 0.1212 0.2139 0.3742 0.1278 0.5124 0.1154 0.2552 0.2719 0.1403 0.5195 0.1133 0.3086 0.1717 0.1572 0.4984 0.1142 0.3744 0.1356 0.1792 0.4556 0.1183 0.4465 0.1227 0.2074 0.3916 0.1255 0.5035 0.1166 0.2414 0.3098 0.1350 0.5209 0.1140 0.2783 0.2267 0.1458 0.5129 0.1149 0.5117 0.2136 0.1292 0.3648 0.1137 0.5052 0.1535 0.1841 0.3006 0.1135 0.5202 0.1394 0.2773 0.2537 0.1156 0.5122 0.1278 0.3734 0.2145 0.1211 0.4598 0.1195 0.4461 0.1834 0.1330 0.3851 0.1147 0.4936 0.1599 0.1631 0.3171 0.1133 0.5179 0.1424 0.2560 0.2620 0.1150 0.5159 0.1293 0.3614 0.2191 0.1202 0.4680 0.1203 0.4391 0.1865 0.1312 0.3934 0.1151 0.4894 0.1622 0.1543
0.1608 0.1584 0.4965 0.1141 0.3787 0.1339 0.1812 0.4512 0.1187 0.4537 0.1211 0.2119 0.3793 0.1271 0.5107 0.1151 0.2526 0.2784 0.1395 0.5200 0.1129 0.3051 0.1755 0.1561 0.5002 0.1138 0.3705 0.1362 0.1780 0.4582 0.1179 0.4435 0.1225 0.2064 0.3939 0.1253 0.5028 0.1161 0.2413 0.3092 0.1352 0.5210 0.1134 0.2807 0.2209 0.1466 0.5145 0.1125 0.3715 0.1329 0.1219 0.4310 0.1137 0.5027 0.1548 0.1780 0.3055 0.1134 0.5194 0.1408 0.2654 0.2589 0.1152 0.5153 0.1291 0.3620 0.2192 0.1201 0.4692 0.1204 0.4375 0.1873 0.1307 0.3955 0.1152 0.4884 0.1628 0.1563 0.3259 0.1133 0.5159 0.1446 0.2402 0.2689 0.1146 0.5184 0.1309 0.3481 0.2244 0.1192 0.4774 0.1213 0.4300 0.1905 0.1291 0.4040 0.1156 0.4839 0.1652 0.1517 0.3240
0.1610 0.4856 0.1146 0.3997 0.1277 0.1892 0.4341 0.1206 0.4733 0.1173 0.2225 0.3539 0.1302 0.5175 0.1127 0.2660 0.2465 0.1438 0.5169 0.1118 0.3220 0.1573 0.1619 0.4908 0.1141 0.3909 0.1295 0.1859 0.4417 0.1196 0.4646 0.1183 0.2172 0.3679 0.1284 0.5137 0.1133 0.2560 0.2728 0.1399 0.5200 0.1118 0.3008 0.1837 0.1533 0.5063 0.1125 0.3548 0.1336 0.1900 0.4983 0.1188 0.4952 0.1563 0.1734 0.3096 0.1134 0.5185 0.1422 0.2545 0.2639 0.1149 0.5175 0.1304 0.3507 0.2238 0.1192 0.4777 0.1214 0.4288 0.1912 0.1287 0.4060 0.1157 0.4827 0.1658 0.1507 0.3349 0.1134 0.5134 0.1469 0.2247 0.2761 0.1143 0.5200 0.1326 0.3342 0.2300 0.1183 0.4863 0.1224 0.4203 0.1947 0.1272 0.4146 0.1161 0.4778 0.1683 0.1469 0.3424 0.1134
0.3874 0.1235 0.4931 0.1140 0.2348 0.3232 0.1339 0.5208 0.1110 0.2817 0.2124 0.1489 0.5113 0.1117 0.3417 0.1439 0.1689 0.4783 0.1153 0.4138 0.1236 0.1953 0.4210 0.1221 0.4857 0.1146 0.2300 0.3354 0.1324 0.5199 0.1112 0.2748 0.2273 0.1464 0.5145 0.1114 0.3296 0.1514 0.1640 0.4886 0.1141 0.3911 0.1286 0.1846 0.4481 0.1185 0.4507 0.1184 0.2140 0.3512 0.1354 0.4701 0.1593 0.1695 0.3127 0.1134 0.5176 0.1434 0.2449 0.2684 0.1146 0.5190 0.1317 0.3397 0.2284 0.1184 0.4855 0.1224 0.4200 0.1951 0.1270 0.4162 0.1163 0.4766 0.1689 0.1461 0.3442 0.1135 0.5104 0.1492 0.2098 0.2836 0.1140 0.5209 0.1343 0.3198 0.2358 0.1175 0.4943 0.1236 0.4100 0.1991 0.1256 0.4252 0.1168 0.4713 0.1715 0.1429 0.3519 0.1138 0.4931
0.1610 0.4856 0.1146 0.3997 0.1277 0.1892 0.4341 0.1206 0.4733 0.1173 0.2225 0.3539 0.1302 0.5175 0.1127 0.2660 0.2465 0.1438 0.5169 0.1118 0.3220 0.1573 0.1619 0.4908 0.1141 0.3909 0.1295 0.1859 0.4417 0.1196 0.4646 0.1183 0.2172 0.3679 0.1284 0.5137 0.1133 0.2560 0.2728 0.1399 0.5200 0.1118 0.3008 0.1837 0.1533 0.5063 0.1125 0.3493 0.1405 0.1793 0.3782 0.1693 0.1625 0.3154 0.1133 0.5169 0.1443 0.2372 0.2724 0.1144 0.5200 0.1329 0.3292 0.2329 0.1178 0.4923 0.1234 0.4109 0.1990 0.1255 0.4262 0.1169 0.4702 0.1722 0.1422 0.3538 0.1137 0.5070 0.1517 0.1960 0.2913 0.1137 0.5210 0.1361 0.3048 0.2417 0.1168 0.5013 0.1248 0.3992 0.2036 0.1240 0.4359 0.1175 0.4643 0.1749 0.1394 0.3616 0.1139 0.5040 0.1500
0.1608 0.1584 0.4965 0.1141 0.3787 0.1339 0.1812 0.4512 0.1187 0.4537 0.1211 0.2119 0.3793 0.1271 0.5107 0.1151 0.2526 0.2784 0.1395 0.5200 0.1129 0.3051 0.1755 0.1561 0.5002 0.1138 0.3705 0.1362 0.1780 0.4582 0.1179 0.4435 0.1225 0.2064 0.3939 0.1253 0.5028 0.1161 0.2413 0.3092 0.1352 0.5210 0.1134 0.2807 0.2209 0.1465 0.5149 0.1128 0.3272 0.1416 0.2082 0.1439 0.3212 0.1132 0.5165 0.1449 0.2318 0.2754 0.1142 0.5205 0.1339 0.3197 0.2369 0.1172 0.4981 0.1244 0.4018 0.2029 0.1241 0.4358 0.1176 0.4635 0.1755 0.1389 0.3635 0.1140 0.5032 0.1542 0.1836 0.2993 0.1135 0.5206 0.1381 0.2895 0.2480 0.1161 0.5072 0.1262 0.3878 0.2084 0.1227 0.4464 0.1183 0.4568 0.1785 0.1364 0.3716 0.1142 0.4998 0.1563 0.1664
0.3068 0.1647 0.1594 0.4946 0.1145 0.3830 0.1334 0.1826 0.4478 0.1193 0.4579 0.1212 0.2139 0.3742 0.1278 0.5124 0.1154 0.2552 0.2719 0.1403 0.5195 0.1133 0.3086 0.1717 0.1572 0.4984 0.1142 0.3744 0.1356 0.1792 0.4556 0.1183 0.4465 0.1227 0.2074 0.3916 0.1255 0.5035 0.1166 0.2414 0.3098 0.1350 0.5209 0.1140 0.2783 0.2269 0.1455 0.5159 0.1128 0.3486 0.1190 0.3479 0.1129 0.5161 0.1452 0.2287 0.2774 0.1141 0.5208 0.1348 0.3115 0.2406 0.1168 0.5028 0.1254 0.3931 0.2068 0.1230 0.4450 0.1183 0.4567 0.1787 0.1361 0.3731 0.1143 0.4990 0.1568 0.1729 0.3075 0.1134 0.5196 0.1401 0.2738 0.2544 0.1156 0.5119 0.1276 0.3757 0.2133 0.1214 0.4567 0.1192 0.4488 0.1821 0.1338 0.3817 0.1146 0.4952 0.1590 0.1658 0.3058
0.1134 0.3232 0.1582 0.1619 0.4900 0.1150 0.3923 0.1314 0.1861 0.4401 0.1201 0.4669 0.1203 0.2185 0.3628 0.1291 0.5156 0.1151 0.2612 0.2577 0.1422 0.5181 0.1133 0.3162 0.1640 0.1596 0.4942 0.1146 0.3830 0.1336 0.1822 0.4494 0.1190 0.4539 0.1219 0.2106 0.3844 0.1263 0.5065 0.1164 0.2438 0.3048 0.1355 0.5210 0.1140 0.2786 0.2272 0.1455 0.5149 0.1125 0.4502 0.1125 0.5149 0.1454 0.2275 0.2784 0.1140 0.5209 0.1354 0.3051 0.2436 0.1164 0.5064 0.1263 0.3848 0.2104 0.1220 0.4535 0.1190 0.4497 0.1820 0.1337 0.3826 0.1146 0.4944 0.1595 0.1642 0.3160 0.1133 0.5181 0.1421 0.2580 0.2611 0.1151 0.5156 0.1291 0.3631 0.2184 0.1203 0.4667 0.1201 0.4403 0.1860 0.1314 0.3921 0.1150 0.4901 0.1619 0.1584 0.3230 0.1135
0.5004 0.1135 0.3320 0.1524 0.1648 0.4846 0.1155 0.4026 0.1293 0.1900 0.4312 0.1211 0.4763 0.1193 0.2237 0.3498 0.1307 0.5182 0.1147 0.2680 0.2421 0.1443 0.5161 0.1133 0.3247 0.1572 0.1623 0.4895 0.1150 0.3922 0.1316 0.1853 0.4427 0.1197 0.4613 0.1211 0.2138 0.3770 0.1271 0.5091 0.1161 0.2459 0.3007 0.1358 0.5210 0.1140 0.2786 0.2269 0.1465 0.5063 0.1185 0.5063 0.1465 0.2269 0.2786 0.1140 0.5210 0.1358 0.3007 0.2459 0.1161 0.5091 0.1271 0.3771 0.2138 0.1211 0.4612 0.1197 0.4428 0.1853 0.1316 0.3919 0.1150 0.4896 0.1622 0.1573 0.3247 0.1133 0.5161 0.1443 0.2422 0.2680 0.1147 0.5182 0.1307 0.3498 0.2237 0.1193 0.4763 0.1211 0.4312 0.1900 0.1293 0.4026 0.1155 0.4846 0.1648 0.1524 0.3320 0.1135 0.5004
