0.1145 0.2827 0.1941 0.1430 0.5028 0.1136 0.2985 0.1731 0.1478 0.4964 0.1134 0.3162 0.1588 0.1531 0.4880 0.1134 0.3351 0.1491 0.1589 0.4774 0.1138 0.3552 0.1420 0.1653 0.4648 0.1145 0.3762 0.1364 0.1723 0.4499 0.1154 0.3980 0.1319 0.1800 0.4327 0.1167 0.4202 0.1282 0.1883 0.4132 0.1184 0.4421 0.1250 0.1974 0.3910 0.1204 0.4630 0.1221 0.2112 0.3140 0.1484 0.3140 0.2112 0.1221 0.4630 0.1204 0.3910 0.1974 0.1250 0.4421 0.1184 0.4132 0.1883 0.1282 0.4202 0.1167 0.4327 0.1800 0.1319 0.3980 0.1154 0.4499 0.1723 0.1364 0.3762 0.1145 0.4648 0.1653 0.1420 0.3552 0.1138 0.4774 0.1589 0.1491 0.3351 0.1134 0.4880 0.1531 0.1588 0.3162 0.1134 0.4964 0.1478 0.1731 0.2985 0.1136 0.5028 0.1430 0.1941 0.2827 0.1145
0.2827 0.2049 0.1482 0.5143 0.1135 0.3149 0.1741 0.1540 0.5073 0.1137 0.3341 0.1569 0.1597 0.4987 0.1141 0.3542 0.1459 0.1659 0.4881 0.1149 0.3753 0.1383 0.1728 0.4755 0.1159 0.3973 0.1327 0.1803 0.4607 0.1173 0.4198 0.1282 0.1885 0.4436 0.1190 0.4424 0.1247 0.1974 0.4241 0.1210 0.4642 0.1218 0.2072 0.4020 0.1234 0.4841 0.1195 0.2184 0.3680 0.1320 0.5078 0.1320 0.3680 0.2184 0.1195 0.4841 0.1234 0.4020 0.2072 0.1218 0.4642 0.1210 0.4241 0.1974 0.1247 0.4424 0.1190 0.4436 0.1885 0.1282 0.4198 0.1173 0.4607 0.1803 0.1327 0.3973 0.1159 0.4755 0.1728 0.1383 0.3753 0.1149 0.4881 0.1659 0.1459 0.3542 0.1141 0.4987 0.1597 0.1569 0.3341 0.1137 0.5073 0.1540 0.1741 0.3149 0.1135 0.5143 0.1482 0.2049 0.2827
0.1941 0.1482 0.5133 0.1134 0.3214 0.1664 0.1563 0.5038 0.1137 0.3432 0.1512 0.1625 0.4941 0.1143 0.3639 0.1420 0.1691 0.4825 0.1152 0.3855 0.1354 0.1762 0.4688 0.1164 0.4078 0.1304 0.1840 0.4529 0.1179 0.4305 0.1264 0.1926 0.4347 0.1198 0.4528 0.1232 0.2019 0.4140 0.1220 0.4739 0.1206 0.2120 0.3907 0.1245 0.4923 0.1185 0.2231 0.3631 0.1285 0.5194 0.1120 0.5194 0.1285 0.3631 0.2231 0.1185 0.4923 0.1245 0.3907 0.2120 0.1206 0.4739 0.1220 0.4140 0.2019 0.1232 0.4528 0.1198 0.4347 0.1926 0.1264 0.4305 0.1179 0.4529 0.1840 0.1304 0.4078 0.1164 0.4688 0.1762 0.1354 0.3855 0.1152 0.4825 0.1691 0.1420 0.3639 0.1143 0.4941 0.1625 0.1512 0.3432 0.1137 0.5038 0.1563 0.1664 0.3214 0.1134 0.5133 0.1482 0.1941
0.1430 0.5143 0.1134 0.3239 0.1624 0.1581 0.5006 0.1139 0.3517 0.1468 0.1654 0.4891 0.1147 0.3738 0.1387 0.1723 0.4763 0.1157 0.3959 0.1329 0.1798 0.4616 0.1171 0.4184 0.1284 0.1879 0.4447 0.1187 0.4411 0.1248 0.1968 0.4253 0.1207 0.4629 0.1219 0.2065 0.4034 0.1231 0.4830 0.1195 0.2171 0.3788 0.1258 0.4996 0.1177 0.2286 0.3513 0.1291 0.5142 0.1125 0.3505 0.1125 0.5142 0.1291 0.3513 0.2286 0.1177 0.4996 0.1258 0.3788 0.2171 0.1195 0.4830 0.1231 0.4034 0.2065 0.1219 0.4629 0.1207 0.4253 0.1968 0.1248 0.4411 0.1187 0.4447 0.1879 0.1284 0.4184 0.1171 0.4616 0.1798 0.1329 0.3959 0.1157 0.4763 0.1723 0.1387 0.3738 0.1147 0.4891 0.1654 0.1468 0.3517 0.1139 0.5006 0.1581 0.1624 0.3239 0.1134 0.5143 0.1430
0.5028 0.1135 0.3214 0.1624 0.1588 0.4987 0.1141 0.3587 0.1435 0.1681 0.4840 0.1151 0.3836 0.1359 0.1757 0.4698 0.1163 0.4064 0.1307 0.1835 0.4540 0.1178 0.4291 0.1266 0.1920 0.4359 0.1196 0.4515 0.1233 0.2013 0.4153 0.1218 0.4727 0.1207 0.2114 0.3922 0.1243 0.4913 0.1186 0.2224 0.3663 0.1272 0.5058 0.1169 0.2343 0.3378 0.1305 0.5155 0.1147 0.2723 0.1401 0.2723 0.1147 0.5155 0.1305 0.3378 0.2343 0.1169 0.5058 0.1272 0.3663 0.2224 0.1186 0.4913 0.1243 0.3922 0.2114 0.1207 0.4727 0.1218 0.4153 0.2013 0.1233 0.4515 0.1196 0.4359 0.1920 0.1266 0.4291 0.1178 0.4540 0.1835 0.1307 0.4064 0.1163 0.4698 0.1757 0.1359 0.3836 0.1151 0.4840 0.1681 0.1435 0.3587 0.1141 0.4987 0.1588 0.1624 0.3214 0.1135 0.5028
0.1136 0.3149 0.1664 0.1581 0.4987 0.1141 0.3625 0.1415 0.1702 0.4794 0.1155 0.3927 0.1335 0.1790 0.4630 0.1169 0.4169 0.1287 0.1874 0.4458 0.1186 0.4397 0.1250 0.1963 0.4265 0.1206 0.4617 0.1220 0.2059 0.4048 0.1230 0.4819 0.1197 0.2164 0.3804 0.1257 0.4987 0.1178 0.2278 0.3533 0.1287 0.5108 0.1163 0.2402 0.3235 0.1321 0.5179 0.1150 0.2584 0.2326 0.1718 0.2326 0.2584 0.1150 0.5179 0.1321 0.3235 0.2402 0.1163 0.5108 0.1287 0.3533 0.2278 0.1178 0.4987 0.1257 0.3804 0.2164 0.1197 0.4819 0.1230 0.4048 0.2059 0.1220 0.4617 0.1206 0.4265 0.1963 0.1250 0.4397 0.1186 0.4458 0.1874 0.1287 0.4169 0.1169 0.4630 0.1790 0.1335 0.3927 0.1155 0.4794 0.1702 0.1415 0.3625 0.1141 0.4987 0.1581 0.1664 0.3149 0.1136
0.2985 0.1741 0.1563 0.5006 0.1141 0.3625 0.1409 0.1714 0.4762 0.1159 0.4004 0.1317 0.1822 0.4563 0.1176 0.4269 0.1269 0.1913 0.4372 0.1195 0.4501 0.1235 0.2007 0.4166 0.1217 0.4715 0.1209 0.2108 0.3937 0.1242 0.4903 0.1187 0.2217 0.3680 0.1270 0.5051 0.1170 0.2335 0.3396 0.1303 0.5147 0.1157 0.2464 0.3087 0.1339 0.5197 0.1147 0.2611 0.2646 0.1457 0.4727 0.1457 0.2646 0.2611 0.1147 0.5197 0.1339 0.3087 0.2464 0.1157 0.5147 0.1303 0.3396 0.2335 0.1170 0.5051 0.1270 0.3680 0.2217 0.1187 0.4903 0.1242 0.3937 0.2108 0.1209 0.4715 0.1217 0.4166 0.2007 0.1235 0.4501 0.1195 0.4372 0.1913 0.1269 0.4269 0.1176 0.4563 0.1822 0.1317 0.4004 0.1159 0.4762 0.1714 0.1409 0.3625 0.1141 0.5006 0.1563 0.1741 0.2985
0.1731 0.1540 0.5038 0.1139 0.3587 0.1415 0.1714 0.4750 0.1161 0.4056 0.1303 0.1848 0.4501 0.1183 0.4363 0.1254 0.1953 0.4285 0.1204 0.4600 0.1222 0.2053 0.4063 0.1228 0.4807 0.1198 0.2158 0.3819 0.1255 0.4979 0.1179 0.2271 0.3550 0.1285 0.5103 0.1164 0.2394 0.3253 0.1319 0.5176 0.1152 0.2528 0.2934 0.1357 0.5207 0.1144 0.2673 0.2581 0.1413 0.5149 0.1160 0.5149 0.1413 0.2581 0.2673 0.1144 0.5207 0.1357 0.2934 0.2528 0.1152 0.5176 0.1319 0.3253 0.2394 0.1164 0.5103 0.1285 0.3550 0.2271 0.1179 0.4979 0.1255 0.3819 0.2158 0.1198 0.4807 0.1228 0.4063 0.2053 0.1222 0.4600 0.1204 0.4285 0.1953 0.1254 0.4363 0.1183 0.4501 0.1848 0.1303 0.4056 0.1161 0.4750 0.1714 0.1415 0.3587 0.1139 0.5038 0.1540 0.1731
0.1478 0.5073 0.1137 0.3517 0.1435 0.1702 0.4762 0.1161 0.4075 0.1296 0.1867 0.4452 0.1189 0.4442 0.1242 0.1990 0.4197 0.1214 0.4693 0.1211 0.2099 0.3955 0.1240 0.4892 0.1188 0.2210 0.3696 0.1269 0.5043 0.1171 0.2328 0.3413 0.1301 0.5143 0.1158 0.2456 0.3106 0.1336 0.5195 0.1148 0.2594 0.2778 0.1376 0.5210 0.1140 0.2743 0.2439 0.1421 0.5188 0.1119 0.4231 0.1119 0.5188 0.1421 0.2439 0.2743 0.1140 0.5210 0.1376 0.2778 0.2594 0.1148 0.5195 0.1336 0.3106 0.2456 0.1158 0.5143 0.1301 0.3413 0.2328 0.1171 0.5043 0.1269 0.3696 0.2210 0.1188 0.4892 0.1240 0.3955 0.2099 0.1211 0.4693 0.1214 0.4197 0.1990 0.1242 0.4442 0.1189 0.4452 0.1867 0.1296 0.4075 0.1161 0.4762 0.1702 0.1435 0.3517 0.1137 0.5073 0.1478
0.4964 0.1137 0.3432 0.1468 0.1681 0.4794 0.1159 0.4056 0.1296 0.1874 0.4424 0.1193 0.4500 0.1233 0.2023 0.4117 0.1223 0.4776 0.1201 0.2145 0.3846 0.1252 0.4966 0.1180 0.2264 0.3568 0.1283 0.5097 0.1164 0.2387 0.3272 0.1317 0.5173 0.1153 0.2519 0.2954 0.1354 0.5206 0.1144 0.2662 0.2620 0.1395 0.5208 0.1138 0.2817 0.2286 0.1441 0.5181 0.1129 0.3298 0.1221 0.3298 0.1129 0.5181 0.1441 0.2286 0.2817 0.1138 0.5208 0.1395 0.2620 0.2662 0.1144 0.5206 0.1354 0.2954 0.2519 0.1153 0.5173 0.1317 0.3272 0.2387 0.1164 0.5097 0.1283 0.3568 0.2264 0.1180 0.4966 0.1252 0.3846 0.2145 0.1201 0.4776 0.1223 0.4117 0.2023 0.1233 0.4500 0.1193 0.4424 0.1874 0.1296 0.4056 0.1159 0.4794 0.1681 0.1468 0.3432 0.1137 0.4964
0.1134 0.3341 0.1512 0.1654 0.4840 0.1155 0.4004 0.1303 0.1867 0.4424 0.1194 0.4532 0.1227 0.2048 0.4050 0.1232 0.4845 0.1193 0.2190 0.3736 0.1265 0.5029 0.1173 0.2318 0.3436 0.1298 0.5138 0.1159 0.2448 0.3125 0.1334 0.5193 0.1148 0.2585 0.2798 0.1373 0.5210 0.1141 0.2734 0.2462 0.1416 0.5199 0.1136 0.2893 0.2135 0.1463 0.5164 0.1133 0.3124 0.1518 0.1990 0.1518 0.3124 0.1133 0.5164 0.1463 0.2135 0.2893 0.1136 0.5199 0.1416 0.2462 0.2734 0.1141 0.5210 0.1373 0.2798 0.2585 0.1148 0.5193 0.1334 0.3125 0.2448 0.1159 0.5138 0.1298 0.3436 0.2318 0.1173 0.5029 0.1265 0.3736 0.2190 0.1193 0.4845 0.1232 0.4050 0.2048 0.1227 0.4532 0.1194 0.4424 0.1867 0.1303 0.4004 0.1155 0.4840 0.1654 0.1512 0.3341 0.1134
0.3162 0.1569 0.1625 0.4891 0.1151 0.3927 0.1317 0.1848 0.4452 0.1193 0.4532 0.1225 0.2062 0.4005 0.1238 0.4896 0.1187 0.2230 0.3633 0.1277 0.5079 0.1166 0.2372 0.3304 0.1314 0.5168 0.1153 0.2510 0.2975 0.1352 0.5205 0.1144 0.2654 0.2640 0.1393 0.5208 0.1138 0.2807 0.2306 0.1437 0.5185 0.1134 0.2973 0.1994 0.1486 0.5140 0.1133 0.3160 0.1672 0.1645 0.4121 0.1645 0.1672 0.3160 0.1133 0.5140 0.1486 0.1994 0.2973 0.1134 0.5185 0.1437 0.2306 0.2807 0.1138 0.5208 0.1393 0.2640 0.2654 0.1144 0.5205 0.1352 0.2975 0.2510 0.1153 0.5168 0.1314 0.3304 0.2372 0.1166 0.5079 0.1277 0.3633 0.2230 0.1187 0.4896 0.1238 0.4005 0.2062 0.1225 0.4532 0.1193 0.4452 0.1848 0.1317 0.3927 0.1151 0.4891 0.1625 0.1569 0.3162
0.1588 0.1597 0.4941 0.1147 0.3836 0.1335 0.1822 0.4501 0.1189 0.4500 0.1227 0.2062 0.3989 0.1241 0.4927 0.1182 0.2262 0.3545 0.1288 0.5117 0.1161 0.2424 0.3173 0.1329 0.5189 0.1149 0.2573 0.2824 0.1370 0.5210 0.1141 0.2724 0.2482 0.1413 0.5200 0.1136 0.2884 0.2154 0.1460 0.5167 0.1134 0.3054 0.1866 0.1510 0.5112 0.1134 0.3238 0.1641 0.1585 0.4860 0.1231 0.4860 0.1585 0.1641 0.3238 0.1134 0.5112 0.1510 0.1866 0.3054 0.1134 0.5167 0.1460 0.2154 0.2884 0.1136 0.5200 0.1413 0.2482 0.2724 0.1141 0.5210 0.1370 0.2824 0.2573 0.1149 0.5189 0.1329 0.3173 0.2424 0.1161 0.5117 0.1288 0.3545 0.2262 0.1182 0.4927 0.1241 0.3989 0.2062 0.1227 0.4500 0.1189 0.4501 0.1822 0.1335 0.3836 0.1147 0.4941 0.1597 0.1588
0.1531 0.4987 0.1143 0.3738 0.1359 0.1790 0.4563 0.1183 0.4442 0.1233 0.2048 0.4005 0.1241 0.4938 0.1180 0.2284 0.3480 0.1297 0.5142 0.1157 0.2473 0.3049 0.1345 0.5202 0.1146 0.2636 0.2675 0.1389 0.5209 0.1139 0.2797 0.2327 0.1435 0.5187 0.1135 0.2962 0.2011 0.1483 0.5144 0.1133 0.3138 0.1755 0.1535 0.5079 0.1135 0.3326 0.1577 0.1596 0.4963 0.1146 0.4928 0.1146 0.4963 0.1596 0.1577 0.3326 0.1135 0.5079 0.1535 0.1755 0.3138 0.1133 0.5144 0.1483 0.2011 0.2962 0.1135 0.5187 0.1435 0.2327 0.2797 0.1139 0.5209 0.1389 0.2675 0.2636 0.1146 0.5202 0.1345 0.3049 0.2473 0.1157 0.5142 0.1297 0.3480 0.2284 0.1180 0.4938 0.1241 0.4005 0.2048 0.1233 0.4442 0.1183 0.4563 0.1790 0.1359 0.3738 0.1143 0.4987 0.1531
0.4880 0.1141 0.3639 0.1387 0.1757 0.4630 0.1176 0.4363 0.1242 0.2023 0.4050 0.1238 0.4927 0.1180 0.2291 0.3445 0.1303 0.5157 0.1154 0.2513 0.2941 0.1359 0.5208 0.1143 0.2698 0.2532 0.1408 0.5203 0.1136 0.2870 0.2179 0.1456 0.5170 0.1134 0.3044 0.1881 0.1507 0.5116 0.1134 0.3225 0.1662 0.1562 0.5042 0.1137 0.3418 0.1520 0.1621 0.4942 0.1141 0.4001 0.1140 0.4001 0.1141 0.4942 0.1621 0.1520 0.3418 0.1137 0.5042 0.1562 0.1662 0.3225 0.1134 0.5116 0.1507 0.1881 0.3044 0.1134 0.5170 0.1456 0.2179 0.2870 0.1136 0.5203 0.1408 0.2532 0.2698 0.1143 0.5208 0.1359 0.2941 0.2513 0.1154 0.5157 0.1303 0.3445 0.2291 0.1180 0.4927 0.1238 0.4050 0.2023 0.1242 0.4363 0.1176 0.4630 0.1757 0.1387 0.3639 0.1141 0.4880
0.1134 0.3542 0.1420 0.1723 0.4698 0.1169 0.4269 0.1254 0.1990 0.4117 0.1232 0.4896 0.1182 0.2284 0.3445 0.1305 0.5164 0.1153 0.2543 0.2857 0.1370 0.5210 0.1140 0.2756 0.2399 0.1426 0.5192 0.1135 0.2942 0.2042 0.1478 0.5148 0.1133 0.3127 0.1769 0.1532 0.5084 0.1135 0.3315 0.1587 0.1589 0.5000 0.1139 0.3513 0.1472 0.1650 0.4896 0.1146 0.3794 0.1276 0.2350 0.1276 0.3794 0.1146 0.4896 0.1650 0.1472 0.3513 0.1139 0.5000 0.1589 0.1587 0.3315 0.1135 0.5084 0.1532 0.1769 0.3127 0.1133 0.5148 0.1478 0.2042 0.2942 0.1135 0.5192 0.1426 0.2399 0.2756 0.1140 0.5210 0.1370 0.2857 0.2543 0.1153 0.5164 0.1305 0.3445 0.2284 0.1182 0.4896 0.1232 0.4117 0.1990 0.1254 0.4269 0.1169 0.4698 0.1723 0.1420 0.3542 0.1134
0.3351 0.1459 0.1691 0.4763 0.1163 0.4169 0.1269 0.1953 0.4197 0.1223 0.4845 0.1187 0.2262 0.3480 0.1303 0.5164 0.1152 0.2559 0.2803 0.1379 0.5210 0.1139 0.2805 0.2285 0.1443 0.5179 0.1134 0.3014 0.1920 0.1501 0.5123 0.1134 0.3210 0.1676 0.1558 0.5047 0.1136 0.3407 0.1527 0.1617 0.4955 0.1142 0.3611 0.1431 0.1681 0.4842 0.1150 0.3837 0.1337 0.1895 0.3224 0.1895 0.1337 0.3837 0.1150 0.4842 0.1681 0.1431 0.3611 0.1142 0.4955 0.1617 0.1527 0.3407 0.1136 0.5047 0.1558 0.1676 0.3210 0.1134 0.5123 0.1501 0.1920 0.3014 0.1134 0.5179 0.1443 0.2285 0.2805 0.1139 0.5210 0.1379 0.2803 0.2559 0.1152 0.5164 0.1303 0.3480 0.2262 0.1187 0.4845 0.1223 0.4197 0.1953 0.1269 0.4169 0.1163 0.4763 0.1691 0.1459 0.3351
0.1491 0.1659 0.4825 0.1157 0.4064 0.1287 0.1913 0.4285 0.1214 0.4776 0.1193 0.2230 0.3545 0.1297 0.5157 0.1153 0.2559 0.2785 0.1383 0.5209 0.1138 0.2844 0.2196 0.1458 0.5165 0.1134 0.3081 0.1818 0.1522 0.5095 0.1134 0.3292 0.1602 0.1583 0.5008 0.1138 0.3500 0.1477 0.1646 0.4904 0.1145 0.3710 0.1396 0.1714 0.4782 0.1155 0.3930 0.1332 0.1814 0.4335 0.1340 0.4335 0.1814 0.1332 0.3930 0.1155 0.4782 0.1714 0.1396 0.3710 0.1145 0.4904 0.1646 0.1477 0.3500 0.1138 0.5008 0.1583 0.1602 0.3292 0.1134 0.5095 0.1522 0.1818 0.3081 0.1134 0.5165 0.1458 0.2196 0.2844 0.1138 0.5209 0.1383 0.2785 0.2559 0.1153 0.5157 0.1297 0.3545 0.2230 0.1193 0.4776 0.1214 0.4285 0.1913 0.1287 0.4064 0.1157 0.4825 0.1659 0.1491
0.1589 0.4881 0.1152 0.3959 0.1307 0.1874 0.4372 0.1204 0.4693 0.1201 0.2190 0.3633 0.1288 0.5142 0.1154 0.2543 0.2803 0.1383 0.5208 0.1137 0.2868 0.2136 0.1469 0.5152 0.1133 0.3142 0.1737 0.1543 0.5065 0.1136 0.3373 0.1544 0.1609 0.4966 0.1141 0.3594 0.1437 0.1677 0.4850 0.1150 0.3812 0.1366 0.1747 0.4717 0.1161 0.4034 0.1312 0.1829 0.4506 0.1206 0.5208 0.1206 0.4506 0.1829 0.1312 0.4034 0.1161 0.4717 0.1747 0.1366 0.3812 0.1150 0.4850 0.1677 0.1437 0.3594 0.1141 0.4966 0.1609 0.1544 0.3373 0.1136 0.5065 0.1543 0.1737 0.3142 0.1133 0.5152 0.1469 0.2136 0.2868 0.1137 0.5208 0.1383 0.2803 0.2543 0.1154 0.5142 0.1288 0.3633 0.2190 0.1201 0.4693 0.1204 0.4372 0.1874 0.1307 0.3959 0.1152 0.4881 0.1589
0.4774 0.1149 0.3855 0.1329 0.1835 0.4458 0.1195 0.4600 0.1211 0.2145 0.3736 0.1277 0.5117 0.1157 0.2513 0.2857 0.1379 0.5209 0.1137 0.2876 0.2104 0.1476 0.5142 0.1134 0.3190 0.1678 0.1561 0.5037 0.1137 0.3451 0.1498 0.1635 0.4921 0.1144 0.3685 0.1403 0.1708 0.4792 0.1155 0.3914 0.1339 0.1783 0.4647 0.1168 0.4140 0.1292 0.1864 0.4472 0.1188 0.4740 0.1110 0.4740 0.1188 0.4472 0.1864 0.1292 0.4140 0.1168 0.4647 0.1783 0.1339 0.3914 0.1155 0.4792 0.1708 0.1403 0.3685 0.1144 0.4921 0.1635 0.1498 0.3451 0.1137 0.5037 0.1561 0.1678 0.3190 0.1134 0.5142 0.1476 0.2104 0.2876 0.1137 0.5209 0.1379 0.2857 0.2513 0.1157 0.5117 0.1277 0.3736 0.2145 0.1211 0.4600 0.1195 0.4458 0.1835 0.1329 0.3855 0.1149 0.4774
0.1138 0.3753 0.1354 0.1798 0.4540 0.1186 0.4501 0.1222 0.2099 0.3846 0.1265 0.5079 0.1161 0.2473 0.2941 0.1370 0.5210 0.1138 0.2868 0.2104 0.1479 0.5137 0.1134 0.3224 0.1639 0.1576 0.5011 0.1139 0.3522 0.1462 0.1660 0.4876 0.1148 0.3776 0.1374 0.1739 0.4731 0.1160 0.4016 0.1316 0.1819 0.4572 0.1175 0.4246 0.1273 0.1903 0.4395 0.1193 0.4544 0.1172 0.2822 0.1172 0.4544 0.1193 0.4395 0.1903 0.1273 0.4246 0.1175 0.4572 0.1819 0.1316 0.4016 0.1160 0.4731 0.1739 0.1374 0.3776 0.1148 0.4876 0.1660 0.1462 0.3522 0.1139 0.5011 0.1576 0.1639 0.3224 0.1134 0.5137 0.1479 0.2104 0.2868 0.1138 0.5210 0.1370 0.2941 0.2473 0.1161 0.5079 0.1265 0.3846 0.2099 0.1222 0.4501 0.1186 0.4540 0.1798 0.1354 0.3753 0.1138
0.3552 0.1383 0.1762 0.4616 0.1178 0.4397 0.1235 0.2053 0.3955 0.1252 0.5029 0.1166 0.2424 0.3049 0.1359 0.5210 0.1139 0.2844 0.2136 0.1476 0.5137 0.1134 0.3243 0.1617 0.1587 0.4990 0.1140 0.3582 0.1435 0.1683 0.4832 0.1152 0.3864 0.1350 0.1770 0.4669 0.1166 0.4115 0.1296 0.1856 0.4494 0.1183 0.4352 0.1256 0.1945 0.4305 0.1202 0.4587 0.1210 0.2229 0.2113 0.2229 0.1210 0.4587 0.1202 0.4305 0.1945 0.1256 0.4352 0.1183 0.4494 0.1856 0.1296 0.4115 0.1166 0.4669 0.1770 0.1350 0.3864 0.1152 0.4832 0.1683 0.1435 0.3582 0.1140 0.4990 0.1587 0.1617 0.3243 0.1134 0.5137 0.1476 0.2136 0.2844 0.1139 0.5210 0.1359 0.3049 0.2424 0.1166 0.5029 0.1252 0.3955 0.2053 0.1235 0.4397 0.1178 0.4616 0.1762 0.1383 0.3552
0.1420 0.1728 0.4688 0.1171 0.4291 0.1250 0.2007 0.4063 0.1240 0.4966 0.1173 0.2372 0.3173 0.1345 0.5208 0.1140 0.2805 0.2196 0.1469 0.5142 0.1134 0.3243 0.1609 0.1592 0.4977 0.1141 0.3628 0.1415 0.1702 0.4791 0.1155 0.3944 0.1330 0.1800 0.4607 0.1172 0.4211 0.1278 0.1893 0.4414 0.1191 0.4454 0.1241 0.1988 0.4209 0.1212 0.4676 0.1211 0.2123 0.3530 0.1491 0.3530 0.2123 0.1211 0.4676 0.1212 0.4209 0.1988 0.1241 0.4454 0.1191 0.4414 0.1893 0.1278 0.4211 0.1172 0.4607 0.1800 0.1330 0.3944 0.1155 0.4791 0.1702 0.1415 0.3628 0.1141 0.4977 0.1592 0.1609 0.3243 0.1134 0.5142 0.1469 0.2196 0.2805 0.1140 0.5208 0.1345 0.3173 0.2372 0.1173 0.4966 0.1240 0.4063 0.2007 0.1250 0.4291 0.1171 0.4688 0.1728 0.1420
0.1653 0.4755 0.1164 0.4184 0.1266 0.1963 0.4166 0.1228 0.4892 0.1180 0.2318 0.3304 0.1329 0.5202 0.1143 0.2756 0.2285 0.1458 0.5152 0.1134 0.3224 0.1617 0.1592 0.4973 0.1142 0.3655 0.1403 0.1717 0.4757 0.1159 0.4014 0.1313 0.1828 0.4545 0.1178 0.4302 0.1263 0.1930 0.4333 0.1200 0.4552 0.1228 0.2032 0.4108 0.1223 0.4769 0.1202 0.2143 0.3784 0.1303 0.5111 0.1303 0.3784 0.2143 0.1202 0.4769 0.1223 0.4108 0.2032 0.1228 0.4552 0.1200 0.4333 0.1930 0.1263 0.4302 0.1178 0.4545 0.1828 0.1313 0.4014 0.1159 0.4757 0.1717 0.1403 0.3655 0.1142 0.4973 0.1592 0.1617 0.3224 0.1134 0.5152 0.1458 0.2285 0.2756 0.1143 0.5202 0.1329 0.3304 0.2318 0.1180 0.4892 0.1228 0.4166 0.1963 0.1266 0.4184 0.1164 0.4755 0.1653
0.4648 0.1159 0.4078 0.1284 0.1920 0.4265 0.1217 0.4807 0.1188 0.2264 0.3436 0.1314 0.5189 0.1146 0.2698 0.2399 0.1443 0.5165 0.1133 0.3190 0.1639 0.1587 0.4977 0.1142 0.3665 0.1397 0.1727 0.4733 0.1162 0.4069 0.1301 0.1854 0.4487 0.1184 0.4386 0.1250 0.1967 0.4250 0.1208 0.4644 0.1217 0.2076 0.4006 0.1234 0.4856 0.1192 0.2189 0.3733 0.1273 0.5176 0.1117 0.5176 0.1273 0.3733 0.2189 0.1192 0.4856 0.1234 0.4006 0.2076 0.1217 0.4644 0.1208 0.4250 0.1967 0.1250 0.4386 0.1184 0.4487 0.1854 0.1301 0.4069 0.1162 0.4733 0.1727 0.1397 0.3665 0.1142 0.4977 0.1587 0.1639 0.3190 0.1133 0.5165 0.1443 0.2399 0.2698 0.1146 0.5189 0.1314 0.3436 0.2264 0.1188 0.4807 0.1217 0.4265 0.1920 0.1284 0.4078 0.1159 0.4648
0.1145 0.3973 0.1304 0.1879 0.4359 0.1206 0.4715 0.1198 0.2210 0.3568 0.1298 0.5168 0.1149 0.2636 0.2532 0.1426 0.5179 0.1134 0.3142 0.1678 0.1576 0.4990 0.1141 0.3655 0.1397 0.1730 0.4721 0.1163 0.4108 0.1292 0.1874 0.4438 0.1190 0.4460 0.1239 0.2001 0.4169 0.1217 0.4728 0.1206 0.2120 0.3902 0.1246 0.4933 0.1184 0.2240 0.3620 0.1279 0.5110 0.1127 0.3423 0.1127 0.5110 0.1279 0.3620 0.2240 0.1184 0.4933 0.1246 0.3902 0.2120 0.1206 0.4728 0.1217 0.4169 0.2001 0.1239 0.4460 0.1190 0.4438 0.1874 0.1292 0.4108 0.1163 0.4721 0.1730 0.1397 0.3655 0.1141 0.4990 0.1576 0.1678 0.3142 0.1134 0.5179 0.1426 0.2532 0.2636 0.1149 0.5168 0.1298 0.3568 0.2210 0.1198 0.4715 0.1206 0.4359 0.1879 0.1304 0.3973 0.1145
0.3762 0.1327 0.1840 0.4447 0.1196 0.4617 0.1209 0.2158 0.3696 0.1283 0.5138 0.1153 0.2573 0.2675 0.1408 0.5192 0.1134 0.3081 0.1737 0.1561 0.5011 0.1140 0.3628 0.1403 0.1727 0.4721 0.1164 0.4127 0.1287 0.1888 0.4400 0.1195 0.4521 0.1230 0.2033 0.4093 0.1226 0.4803 0.1198 0.2164 0.3798 0.1258 0.4998 0.1176 0.2292 0.3495 0.1292 0.5127 0.1151 0.2665 0.1436 0.2665 0.1151 0.5127 0.1292 0.3495 0.2292 0.1176 0.4998 0.1258 0.3798 0.2164 0.1198 0.4803 0.1226 0.4093 0.2033 0.1230 0.4521 0.1195 0.4400 0.1888 0.1287 0.4127 0.1164 0.4721 0.1727 0.1403 0.3628 0.1140 0.5011 0.1561 0.1737 0.3081 0.1134 0.5192 0.1408 0.2675 0.2573 0.1153 0.5138 0.1283 0.3696 0.2158 0.1209 0.4617 0.1196 0.4447 0.1840 0.1327 0.3762
0.1364 0.1803 0.4529 0.1187 0.4515 0.1220 0.2108 0.3819 0.1269 0.5097 0.1159 0.2510 0.2824 0.1389 0.5203 0.1135 0.3014 0.1818 0.1543 0.5037 0.1139 0.3582 0.1415 0.1717 0.4733 0.1163 0.4127 0.1285 0.1896 0.4375 0.1198 0.4565 0.1224 0.2059 0.4025 0.1234 0.4866 0.1190 0.2205 0.3695 0.1270 0.5053 0.1170 0.2344 0.3368 0.1307 0.5157 0.1154 0.2529 0.2459 0.1690 0.2459 0.2529 0.1154 0.5157 0.1307 0.3368 0.2344 0.1170 0.5053 0.1270 0.3695 0.2205 0.1190 0.4866 0.1234 0.4025 0.2059 0.1224 0.4565 0.1198 0.4375 0.1896 0.1285 0.4127 0.1163 0.4733 0.1717 0.1415 0.3582 0.1139 0.5037 0.1543 0.1818 0.3014 0.1135 0.5203 0.1389 0.2824 0.2510 0.1159 0.5097 0.1269 0.3819 0.2108 0.1220 0.4515 0.1187 0.4529 0.1803 0.1364
0.1723 0.4607 0.1179 0.4411 0.1233 0.2059 0.3937 0.1255 0.5043 0.1164 0.2448 0.2975 0.1370 0.5209 0.1136 0.2942 0.1920 0.1522 0.5065 0.1137 0.3522 0.1435 0.1702 0.4757 0.1162 0.4108 0.1287 0.1896 0.4367 0.1200 0.4593 0.1219 0.2080 0.3969 0.1241 0.4917 0.1184 0.2244 0.3597 0.1281 0.5096 0.1164 0.2395 0.3242 0.1321 0.5180 0.1151 0.2553 0.2781 0.1438 0.4782 0.1438 0.2781 0.2553 0.1151 0.5180 0.1321 0.3242 0.2395 0.1164 0.5096 0.1281 0.3597 0.2244 0.1184 0.4917 0.1241 0.3969 0.2080 0.1219 0.4593 0.1200 0.4367 0.1896 0.1287 0.4108 0.1162 0.4757 0.1702 0.1435 0.3522 0.1137 0.5065 0.1522 0.1920 0.2942 0.1136 0.5209 0.1370 0.2975 0.2448 0.1164 0.5043 0.1255 0.3937 0.2059 0.1233 0.4411 0.1179 0.4607 0.1723
0.4499 0.1173 0.4305 0.1248 0.2013 0.4048 0.1242 0.4979 0.1171 0.2387 0.3125 0.1352 0.5210 0.1139 0.2870 0.2042 0.1501 0.5095 0.1136 0.3451 0.1462 0.1683 0.4791 0.1159 0.4069 0.1292 0.1888 0.4375 0.1200 0.4602 0.1217 0.2093 0.3929 0.1247 0.4954 0.1179 0.2279 0.3507 0.1292 0.5128 0.1159 0.2445 0.3117 0.1336 0.5196 0.1147 0.2607 0.2725 0.1395 0.5169 0.1153 0.5169 0.1395 0.2725 0.2607 0.1147 0.5196 0.1336 0.3117 0.2445 0.1159 0.5128 0.1292 0.3507 0.2279 0.1179 0.4954 0.1247 0.3929 0.2093 0.1217 0.4602 0.1200 0.4375 0.1888 0.1292 0.4069 0.1159 0.4791 0.1683 0.1462 0.3451 0.1136 0.5095 0.1501 0.2042 0.2870 0.1139 0.5210 0.1352 0.3125 0.2387 0.1171 0.4979 0.1242 0.4048 0.2013 0.1248 0.4305 0.1173 0.4499
0.1154 0.4198 0.1264 0.1968 0.4153 0.1230 0.4903 0.1179 0.2328 0.3272 0.1334 0.5205 0.1141 0.2797 0.2179 0.1478 0.5123 0.1134 0.3373 0.1498 0.1660 0.4832 0.1155 0.4014 0.1301 0.1874 0.4400 0.1198 0.4593 0.1217 0.2098 0.3908 0.1250 0.4979 0.1176 0.2306 0.3430 0.1302 0.5152 0.1156 0.2492 0.2999 0.1351 0.5205 0.1144 0.2666 0.2599 0.1401 0.5200 0.1119 0.4135 0.1119 0.5200 0.1401 0.2599 0.2666 0.1144 0.5205 0.1351 0.2999 0.2492 0.1156 0.5152 0.1302 0.3430 0.2306 0.1176 0.4979 0.1250 0.3908 0.2098 0.1217 0.4593 0.1198 0.4400 0.1874 0.1301 0.4014 0.1155 0.4832 0.1660 0.1498 0.3373 0.1134 0.5123 0.1478 0.2179 0.2797 0.1141 0.5205 0.1334 0.3272 0.2328 0.1179 0.4903 0.1230 0.4153 0.1968 0.1264 0.4198 0.1154
0.3980 0.1282 0.1926 0.4253 0.1218 0.4819 0.1187 0.2271 0.3413 0.1317 0.5193 0.1144 0.2724 0.2327 0.1456 0.5148 0.1134 0.3292 0.1544 0.1635 0.4876 0.1152 0.3944 0.1313 0.1854 0.4438 0.1195 0.4565 0.1219 0.2093 0.3908 0.1251 0.4992 0.1174 0.2326 0.3373 0.1310 0.5169 0.1153 0.2535 0.2891 0.1365 0.5210 0.1142 0.2725 0.2468 0.1417 0.5197 0.1130 0.3214 0.1237 0.3214 0.1130 0.5197 0.1417 0.2468 0.2725 0.1142 0.5210 0.1365 0.2891 0.2535 0.1153 0.5169 0.1310 0.3373 0.2326 0.1174 0.4992 0.1251 0.3908 0.2093 0.1219 0.4565 0.1195 0.4438 0.1854 0.1313 0.3944 0.1152 0.4876 0.1635 0.1544 0.3292 0.1134 0.5148 0.1456 0.2327 0.2724 0.1144 0.5193 0.1317 0.3413 0.2271 0.1187 0.4819 0.1218 0.4253 0.1926 0.1282 0.3980
0.1319 0.1885 0.4347 0.1207 0.4727 0.1197 0.2217 0.3550 0.1301 0.5173 0.1148 0.2654 0.2482 0.1435 0.5170 0.1133 0.3210 0.1602 0.1609 0.4921 0.1148 0.3864 0.1330 0.1828 0.4487 0.1190 0.4521 0.1224 0.2080 0.3929 0.1250 0.4992 0.1174 0.2336 0.3337 0.1316 0.5178 0.1150 0.2571 0.2798 0.1377 0.5210 0.1139 0.2780 0.2344 0.1434 0.5186 0.1133 0.3037 0.1582 0.1948 0.1582 0.3037 0.1133 0.5186 0.1434 0.2344 0.2780 0.1139 0.5210 0.1377 0.2798 0.2571 0.1150 0.5178 0.1316 0.3337 0.2336 0.1174 0.4992 0.1250 0.3929 0.2080 0.1224 0.4521 0.1190 0.4487 0.1828 0.1330 0.3864 0.1148 0.4921 0.1609 0.1602 0.3210 0.1133 0.5170 0.1435 0.2482 0.2654 0.1148 0.5173 0.1301 0.3550 0.2217 0.1197 0.4727 0.1207 0.4347 0.1885 0.1319
0.1800 0.4436 0.1198 0.4629 0.1207 0.2164 0.3680 0.1285 0.5143 0.1153 0.2585 0.2640 0.1413 0.5187 0.1134 0.3127 0.1676 0.1583 0.4966 0.1144 0.3776 0.1350 0.1800 0.4545 0.1184 0.4460 0.1230 0.2059 0.3969 0.1247 0.4979 0.1174 0.2336 0.3324 0.1318 0.5184 0.1149 0.2597 0.2724 0.1387 0.5208 0.1138 0.2832 0.2233 0.1451 0.5172 0.1134 0.3058 0.1783 0.1614 0.4227 0.1614 0.1782 0.3058 0.1134 0.5172 0.1451 0.2233 0.2832 0.1138 0.5208 0.1387 0.2724 0.2597 0.1149 0.5184 0.1318 0.3324 0.2336 0.1174 0.4979 0.1247 0.3969 0.2059 0.1230 0.4460 0.1184 0.4545 0.1800 0.1350 0.3777 0.1144 0.4965 0.1584 0.1675 0.3127 0.1134 0.5187 0.1413 0.2640 0.2585 0.1153 0.5143 0.1285 0.3680 0.2164 0.1207 0.4629 0.1198 0.4436 0.1800
0.4327 0.1190 0.4528 0.1219 0.2114 0.3804 0.1270 0.5103 0.1158 0.2519 0.2798 0.1393 0.5200 0.1135 0.3044 0.1769 0.1558 0.5008 0.1141 0.3685 0.1374 0.1770 0.4607 0.1178 0.4386 0.1239 0.2033 0.4025 0.1241 0.4954 0.1176 0.2326 0.3337 0.1318 0.5186 0.1148 0.2615 0.2672 0.1395 0.5206 0.1137 0.2877 0.2137 0.1466 0.5157 0.1133 0.3115 0.1761 0.1552 0.4922 0.1218 0.4922 0.1552 0.1760 0.3115 0.1133 0.5157 0.1466 0.2137 0.2877 0.1137 0.5206 0.1395 0.2672 0.2615 0.1148 0.5186 0.1318 0.3337 0.2326 0.1176 0.4954 0.1241 0.4025 0.2033 0.1239 0.4386 0.1178 0.4607 0.1770 0.1374 0.3687 0.1141 0.5007 0.1558 0.1768 0.3044 0.1135 0.5200 0.1393 0.2798 0.2519 0.1158 0.5103 0.1270 0.3804 0.2114 0.1219 0.4528 0.1190 0.4327
0.1167 0.4424 0.1232 0.2065 0.3922 0.1257 0.5051 0.1164 0.2456 0.2954 0.1373 0.5208 0.1136 0.2962 0.1881 0.1532 0.5047 0.1138 0.3594 0.1403 0.1739 0.4669 0.1172 0.4302 0.1250 0.2001 0.4093 0.1234 0.4917 0.1179 0.2306 0.3373 0.1316 0.5184 0.1148 0.2621 0.2645 0.1401 0.5203 0.1136 0.2913 0.2061 0.1480 0.5141 0.1133 0.3174 0.1699 0.1556 0.5023 0.1139 0.4828 0.1139 0.5022 0.1557 0.1698 0.3174 0.1133 0.5141 0.1480 0.2061 0.2913 0.1136 0.5203 0.1401 0.2644 0.2621 0.1148 0.5184 0.1316 0.3373 0.2307 0.1179 0.4917 0.1234 0.4092 0.2001 0.1250 0.4303 0.1172 0.4668 0.1739 0.1402 0.3595 0.1138 0.5047 0.1533 0.1880 0.2963 0.1136 0.5208 0.1373 0.2952 0.2456 0.1163 0.5052 0.1257 0.3921 0.2066 0.1231 0.4425 0.1168
0.4202 0.1247 0.2019 0.4034 0.1243 0.4987 0.1170 0.2394 0.3106 0.1354 0.5210 0.1138 0.2884 0.2011 0.1507 0.5084 0.1136 0.3500 0.1437 0.1708 0.4731 0.1166 0.4211 0.1263 0.1967 0.4169 0.1226 0.4866 0.1184 0.2279 0.3430 0.1310 0.5178 0.1149 0.2615 0.2645 0.1402 0.5201 0.1136 0.2938 0.2008 0.1491 0.5127 0.1134 0.3230 0.1643 0.1573 0.5015 0.1136 0.3859 0.1150 0.3864 0.1136 0.5013 0.1574 0.1640 0.3232 0.1133 0.5126 0.1492 0.2003 0.2940 0.1135 0.5201 0.1403 0.2641 0.2616 0.1149 0.5179 0.1310 0.3427 0.2280 0.1184 0.4869 0.1227 0.4166 0.1968 0.1262 0.4216 0.1166 0.4728 0.1709 0.1435 0.3505 0.1136 0.5082 0.1508 0.2005 0.2887 0.1138 0.5210 0.1355 0.3099 0.2397 0.1170 0.4991 0.1244 0.4029 0.2021 0.1245 0.4207
0.1282 0.1974 0.4140 0.1231 0.4913 0.1178 0.2335 0.3253 0.1336 0.5206 0.1141 0.2807 0.2154 0.1483 0.5116 0.1135 0.3407 0.1477 0.1677 0.4792 0.1160 0.4115 0.1278 0.1930 0.4250 0.1217 0.4803 0.1190 0.2244 0.3507 0.1302 0.5169 0.1150 0.2597 0.2672 0.1401 0.5201 0.1136 0.2951 0.1975 0.1498 0.5116 0.1134 0.3276 0.1600 0.1589 0.4991 0.1140 0.3632 0.1307 0.2279 0.1299 0.3666 0.1139 0.4977 0.1598 0.1580 0.3299 0.1132 0.5109 0.1504 0.1944 0.2968 0.1133 0.5199 0.1405 0.2641 0.2611 0.1148 0.5173 0.1305 0.3480 0.2255 0.1186 0.4820 0.1219 0.4231 0.1939 0.1273 0.4137 0.1160 0.4779 0.1683 0.1467 0.3426 0.1134 0.5109 0.1488 0.2122 0.2824 0.1138 0.5208 0.1340 0.3222 0.2348 0.1174 0.4930 0.1233 0.4117 0.1985 0.1275
0.1883 0.4241 0.1220 0.4830 0.1186 0.2278 0.3396 0.1319 0.5195 0.1144 0.2734 0.2306 0.1460 0.5144 0.1134 0.3315 0.1527 0.1646 0.4850 0.1155 0.4016 0.1296 0.1893 0.4333 0.1208 0.4728 0.1198 0.2205 0.3597 0.1292 0.5152 0.1153 0.2571 0.2724 0.1395 0.5203 0.1136 0.2951 0.1963 0.1502 0.5109 0.1134 0.3310 0.1570 0.1604 0.4965 0.1142 0.3640 0.1386 0.1844 0.3299 0.1908 0.1318 0.3826 0.1143 0.4881 0.1652 0.1476 0.3447 0.1130 0.5062 0.1538 0.1796 0.3056 0.1126 0.5188 0.1421 0.2532 0.2652 0.1138 0.5183 0.1311 0.3442 0.2269 0.1177 0.4831 0.1219 0.4225 0.1942 0.1265 0.4134 0.1157 0.4783 0.1683 0.1463 0.3419 0.1129 0.5112 0.1487 0.2130 0.2819 0.1132 0.5207 0.1339 0.3232 0.2345 0.1167 0.4926 0.1232 0.4118 0.1938
0.4132 0.1210 0.4739 0.1195 0.2224 0.3533 0.1303 0.5176 0.1148 0.2662 0.2462 0.1437 0.5167 0.1133 0.3225 0.1587 0.1617 0.4904 0.1150 0.3914 0.1316 0.1856 0.4414 0.1200 0.4644 0.1206 0.2164 0.3695 0.1281 0.5128 0.1156 0.2535 0.2798 0.1387 0.5206 0.1136 0.2938 0.1975 0.1502 0.5106 0.1135 0.3331 0.1552 0.1614 0.4944 0.1144 0.3685 0.1392 0.1752 0.4364 0.1405 0.3487 0.2124 0.1190 0.4498 0.1186 0.4461 0.1860 0.1277 0.4000 0.1148 0.4812 0.1684 0.1434 0.3471 0.1122 0.5076 0.1522 0.1907 0.2952 0.1114 0.5208 0.1379 0.2894 0.2487 0.1133 0.5082 0.1264 0.3847 0.2103 0.1194 0.4497 0.1182 0.4542 0.1803 0.1327 0.3751 0.1132 0.4983 0.1577 0.1696 0.3088 0.1114 0.5195 0.1405 0.2707 0.2559 0.1128 0.5130 0.1282 0.3462
0.1184 0.4642 0.1206 0.2171 0.3663 0.1287 0.5147 0.1152 0.2594 0.2620 0.1416 0.5185 0.1134 0.3138 0.1662 0.1589 0.4955 0.1145 0.3812 0.1339 0.1819 0.4494 0.1191 0.4552 0.1217 0.2120 0.3798 0.1270 0.5096 0.1159 0.2492 0.2891 0.1377 0.5208 0.1137 0.2913 0.2008 0.1498 0.5109 0.1135 0.3338 0.1543 0.1621 0.4929 0.1145 0.3727 0.1381 0.1744 0.4615 0.1240 0.4836 0.1799 0.1486 0.3130 0.1112 0.5190 0.1418 0.2566 0.2634 0.1119 0.5177 0.1307 0.3467 0.2264 0.1153 0.4827 0.1218 0.4220 0.1952 0.1237 0.4156 0.1155 0.4765 0.1699 0.1424 0.3454 0.1118 0.5099 0.1500 0.2056 0.2853 0.1111 0.5210 0.1348 0.3160 0.2375 0.1138 0.4960 0.1237 0.4075 0.2009 0.1215 0.4277 0.1163 0.4697 0.1732 0.1385 0.3549 0.1122 0.5062 0.1495
0.4421 0.1218 0.2120 0.3788 0.1272 0.5108 0.1157 0.2528 0.2778 0.1395 0.5199 0.1134 0.3054 0.1755 0.1562 0.5000 0.1142 0.3710 0.1366 0.1783 0.4572 0.1183 0.4454 0.1228 0.2076 0.3902 0.1258 0.5053 0.1164 0.2445 0.2999 0.1365 0.5210 0.1138 0.2877 0.2061 0.1491 0.5116 0.1134 0.3331 0.1543 0.1623 0.4922 0.1146 0.3756 0.1372 0.1752 0.4668 0.1180 0.5177 0.1266 0.1374 0.3169 0.1123 0.5193 0.1317 0.3393 0.2290 0.1170 0.4866 0.1224 0.4178 0.1965 0.1250 0.4198 0.1160 0.4740 0.1706 0.1427 0.3489 0.1127 0.5087 0.1507 0.2012 0.2881 0.1124 0.5211 0.1354 0.3107 0.2396 0.1154 0.4987 0.1242 0.4034 0.2022 0.1229 0.4318 0.1168 0.4671 0.1739 0.1391 0.3578 0.1129 0.5055 0.1529 0.1897 0.2948 0.1123 0.5209 0.1373 0.2702
0.1250 0.2072 0.3907 0.1258 0.5058 0.1163 0.2464 0.2934 0.1376 0.5208 0.1136 0.2973 0.1866 0.1535 0.5042 0.1139 0.3611 0.1396 0.1747 0.4647 0.1175 0.4352 0.1241 0.2032 0.4006 0.1246 0.4998 0.1170 0.2395 0.3117 0.1351 0.5210 0.1139 0.2832 0.2137 0.1480 0.5127 0.1134 0.3310 0.1552 0.1621 0.4922 0.1146 0.3771 0.1365 0.1761 0.4662 0.1169 0.4392 0.1182 0.2485 0.5179 0.1119 0.5202 0.1309 0.3486 0.2250 0.1187 0.4803 0.1217 0.4253 0.1930 0.1275 0.4112 0.1158 0.4793 0.1677 0.1474 0.3407 0.1132 0.5116 0.1484 0.2150 0.2810 0.1137 0.5206 0.1337 0.3249 0.2338 0.1173 0.4916 0.1231 0.4137 0.1976 0.1257 0.4215 0.1164 0.4737 0.1705 0.1438 0.3485 0.1133 0.5089 0.1503 0.2033 0.2871 0.1135 0.5210 0.1352 0.3126 0.2326
0.1974 0.4020 0.1245 0.4996 0.1169 0.2402 0.3087 0.1357 0.5210 0.1138 0.2893 0.1994 0.1510 0.5079 0.1137 0.3513 0.1431 0.1714 0.4717 0.1168 0.4246 0.1256 0.1988 0.4108 0.1234 0.4933 0.1176 0.2344 0.3242 0.1336 0.5205 0.1142 0.2780 0.2233 0.1466 0.5141 0.1134 0.3276 0.1570 0.1614 0.4929 0.1146 0.3771 0.1363 0.1766 0.4649 0.1170 0.4244 0.1242 0.2141 0.3371 0.1226 0.5186 0.1327 0.3413 0.2276 0.1185 0.4849 0.1223 0.4198 0.1953 0.1268 0.4176 0.1163 0.4754 0.1697 0.1450 0.3467 0.1135 0.5095 0.1499 0.2058 0.2858 0.1138 0.5210 0.1348 0.3156 0.2374 0.1172 0.4964 0.1239 0.4070 0.2004 0.1250 0.4283 0.1170 0.4694 0.1725 0.1418 0.3546 0.1137 0.5067 0.1519 0.1949 0.2920 0.1136 0.5210 0.1363 0.3035 0.2423 0.1181
0.3910 0.1234 0.4923 0.1177 0.2343 0.3235 0.1339 0.5207 0.1140 0.2817 0.2135 0.1486 0.5112 0.1135 0.3418 0.1472 0.1681 0.4782 0.1161 0.4140 0.1273 0.1945 0.4209 0.1223 0.4856 0.1184 0.2292 0.3368 0.1321 0.5196 0.1144 0.2725 0.2344 0.1451 0.5157 0.1133 0.3230 0.1600 0.1604 0.4944 0.1145 0.3756 0.1365 0.1766 0.4644 0.1171 0.4241 0.1262 0.1982 0.3888 0.1339 0.5045 0.1360 0.3298 0.2313 0.1180 0.4907 0.1232 0.4120 0.1987 0.1255 0.4263 0.1169 0.4696 0.1725 0.1416 0.3555 0.1137 0.5062 0.1522 0.1932 0.2930 0.1137 0.5210 0.1366 0.3016 0.2431 0.1166 0.5027 0.1251 0.3968 0.2046 0.1237 0.4381 0.1177 0.4627 0.1757 0.1387 0.3637 0.1139 0.5031 0.1542 0.1834 0.2994 0.1135 0.5206 0.1381 0.2892 0.2481 0.1162 0.4951
0.1204 0.4841 0.1185 0.2286 0.3378 0.1321 0.5197 0.1144 0.2743 0.2286 0.1463 0.5140 0.1134 0.3326 0.1520 0.1650 0.4842 0.1155 0.4034 0.1292 0.1903 0.4305 0.1212 0.4769 0.1192 0.2240 0.3495 0.1307 0.5180 0.1147 0.2666 0.2468 0.1434 0.5172 0.1133 0.3174 0.1643 0.1589 0.4965 0.1144 0.3727 0.1372 0.1761 0.4650 0.1171 0.4245 0.1264 0.1952 0.4122 0.1302 0.4913 0.1410 0.3123 0.2355 0.1174 0.4957 0.1240 0.4042 0.2022 0.1243 0.4351 0.1175 0.4635 0.1756 0.1386 0.3646 0.1140 0.5025 0.1547 0.1813 0.3009 0.1135 0.5204 0.1385 0.2863 0.2492 0.1160 0.5083 0.1265 0.3854 0.2093 0.1224 0.4485 0.1185 0.4552 0.1792 0.1359 0.3736 0.1143 0.4989 0.1569 0.1729 0.3075 0.1134 0.5196 0.1401 0.2738 0.2544 0.1156 0.5120 0.1254
0.4630 0.1195 0.2231 0.3513 0.1305 0.5179 0.1147 0.2673 0.2439 0.1441 0.5164 0.1133 0.3238 0.1577 0.1621 0.4896 0.1150 0.3930 0.1312 0.1864 0.4395 0.1202 0.4676 0.1202 0.2189 0.3620 0.1292 0.5157 0.1151 0.2607 0.2599 0.1417 0.5186 0.1134 0.3115 0.1699 0.1573 0.4991 0.1142 0.3685 0.1382 0.1752 0.4664 0.1170 0.4239 0.1265 0.1946 0.4208 0.1259 0.5073 0.1501 0.2673 0.2431 0.1168 0.4999 0.1248 0.3968 0.2055 0.1233 0.4433 0.1182 0.4573 0.1786 0.1361 0.3735 0.1143 0.4985 0.1572 0.1713 0.3091 0.1134 0.5193 0.1405 0.2706 0.2557 0.1155 0.5127 0.1279 0.3732 0.2143 0.1212 0.4587 0.1194 0.4471 0.1829 0.1333 0.3838 0.1146 0.4942 0.1596 0.1641 0.3160 0.1133 0.5181 0.1421 0.2580 0.2611 0.1151 0.5156 0.1293 0.3390
0.1221 0.2184 0.3631 0.1291 0.5155 0.1150 0.2611 0.2581 0.1421 0.5181 0.1133 0.3160 0.1641 0.1596 0.4942 0.1146 0.3837 0.1332 0.1829 0.4472 0.1193 0.4587 0.1211 0.2143 0.3733 0.1279 0.5127 0.1154 0.2553 0.2725 0.1401 0.5197 0.1133 0.3058 0.1761 0.1556 0.5015 0.1140 0.3639 0.1393 0.1741 0.4682 0.1168 0.4227 0.1265 0.1945 0.4242 0.1225 0.5200 0.1247 0.1664 0.2718 0.1153 0.5042 0.1256 0.3901 0.2085 0.1224 0.4507 0.1188 0.4511 0.1816 0.1339 0.3823 0.1146 0.4942 0.1598 0.1633 0.3173 0.1133 0.5178 0.1426 0.2548 0.2625 0.1150 0.5162 0.1294 0.3605 0.2195 0.1201 0.4687 0.1203 0.4385 0.1868 0.1310 0.3942 0.1151 0.4891 0.1624 0.1571 0.3248 0.1133 0.5161 0.1443 0.2422 0.2680 0.1147 0.5182 0.1307 0.3498 0.2180
0.2112 0.3680 0.1285 0.5142 0.1147 0.2584 0.2646 0.1413 0.5188 0.1129 0.3124 0.1672 0.1585 0.4963 0.1141 0.3794 0.1337 0.1814 0.4506 0.1188 0.4544 0.1210 0.2123 0.3784 0.1273 0.5110 0.1151 0.2529 0.2781 0.1395 0.5200 0.1130 0.3037 0.1783 0.1552 0.5023 0.1136 0.3631 0.1389 0.1743 0.4675 0.1168 0.4252 0.1254 0.1962 0.4210 0.1219 0.4875 0.1144 0.2848 0.3989 0.1121 0.5127 0.1264 0.3841 0.2112 0.1216 0.4573 0.1194 0.4451 0.1845 0.1320 0.3908 0.1150 0.4897 0.1623 0.1570 0.3255 0.1133 0.5158 0.1447 0.2392 0.2694 0.1146 0.5186 0.1310 0.3471 0.2248 0.1191 0.4781 0.1214 0.4293 0.1908 0.1289 0.4047 0.1156 0.4834 0.1654 0.1513 0.3338 0.1134 0.5137 0.1466 0.2266 0.2752 0.1143 0.5199 0.1323 0.3360 0.2293 0.1201
0.3140 0.1320 0.5194 0.1125 0.2723 0.2326 0.1457 0.5149 0.1119 0.3298 0.1518 0.1645 0.4860 0.1146 0.4001 0.1276 0.1895 0.4335 0.1206 0.4740 0.1172 0.2229 0.3530 0.1303 0.5176 0.1127 0.2665 0.2459 0.1438 0.5169 0.1119 0.3214 0.1582 0.1614 0.4922 0.1139 0.3858 0.1309 0.1830 0.4494 0.1186 0.4516 0.1201 0.2086 0.3920 0.1251 0.5012 0.1141 0.2549 0.2283 0.1283 0.5184 0.1289 0.3776 0.2134 0.1211 0.4629 0.1200 0.4395 0.1872 0.1304 0.3988 0.1154 0.4851 0.1648 0.1519 0.3335 0.1134 0.5135 0.1468 0.2243 0.2765 0.1142 0.5201 0.1327 0.3332 0.2304 0.1182 0.4869 0.1225 0.4196 0.1950 0.1271 0.4153 0.1162 0.4774 0.1685 0.1466 0.3430 0.1135 0.5108 0.1489 0.2117 0.2826 0.1140 0.5208 0.1341 0.3216 0.2350 0.1177 0.4810
0.1484 0.5078 0.1120 0.3505 0.1401 0.1718 0.4727 0.1160 0.4231 0.1221 0.1990 0.4121 0.1231 0.4928 0.1140 0.2350 0.3224 0.1340 0.5208 0.1110 0.2822 0.2113 0.1491 0.5111 0.1117 0.3423 0.1436 0.1690 0.4782 0.1153 0.4135 0.1237 0.1948 0.4227 0.1218 0.4827 0.1150 0.2269 0.3449 0.1310 0.5182 0.1115 0.2650 0.2529 0.1422 0.5188 0.1110 0.3091 0.1621 0.1656 0.4672 0.1364 0.3645 0.2155 0.1206 0.4670 0.1205 0.4345 0.1896 0.1291 0.4061 0.1158 0.4806 0.1673 0.1478 0.3414 0.1135 0.5109 0.1490 0.2105 0.2836 0.1140 0.5209 0.1344 0.3187 0.2362 0.1174 0.4948 0.1237 0.4093 0.1994 0.1254 0.4260 0.1168 0.4708 0.1718 0.1426 0.3526 0.1137 0.5075 0.1513 0.1977 0.2903 0.1138 0.5210 0.1359 0.3068 0.2410 0.1169 0.5005 0.1227
0.3140 0.1320 0.5194 0.1125 0.2723 0.2326 0.1457 0.5149 0.1119 0.3298 0.1518 0.1645 0.4860 0.1146 0.4001 0.1276 0.1895 0.4335 0.1206 0.4740 0.1172 0.2229 0.3530 0.1303 0.5176 0.1127 0.2665 0.2459 0.1438 0.5169 0.1119 0.3214 0.1582 0.1614 0.4922 0.1139 0.3858 0.1309 0.1830 0.4494 0.1186 0.4516 0.1201 0.2086 0.3920 0.1251 0.5006 0.1147 0.2410 0.2752 0.1594 0.3195 0.2196 0.1202 0.4698 0.1208 0.4306 0.1916 0.1280 0.4126 0.1162 0.4763 0.1696 0.1445 0.3490 0.1136 0.5081 0.1511 0.1980 0.2907 0.1137 0.5210 0.1362 0.3039 0.2422 0.1167 0.5018 0.1249 0.3984 0.2040 0.1239 0.4366 0.1176 0.4638 0.1752 0.1392 0.3623 0.1139 0.5037 0.1539 0.1851 0.2983 0.1136 0.5207 0.1378 0.2914 0.2472 0.1162 0.5065 0.1262 0.3663
0.2112 0.3680 0.1285 0.5142 0.1147 0.2584 0.2646 0.1413 0.5188 0.1129 0.3124 0.1672 0.1585 0.4963 0.1141 0.3794 0.1337 0.1814 0.4506 0.1188 0.4544 0.1210 0.2123 0.3784 0.1273 0.5110 0.1151 0.2529 0.2781 0.1395 0.5200 0.1130 0.3037 0.1783 0.1552 0.5023 0.1136 0.3631 0.1389 0.1743 0.4675 0.1168 0.4252 0.1254 0.1962 0.4212 0.1217 0.4786 0.1177 0.2396 0.1736 0.2366 0.1189 0.4721 0.1211 0.4280 0.1931 0.1273 0.4178 0.1165 0.4723 0.1718 0.1419 0.3562 0.1138 0.5051 0.1533 0.1868 0.2977 0.1136 0.5206 0.1380 0.2891 0.2483 0.1161 0.5076 0.1263 0.3869 0.2087 0.1226 0.4472 0.1184 0.4562 0.1787 0.1362 0.3723 0.1142 0.4995 0.1565 0.1742 0.3065 0.1134 0.5198 0.1398 0.2758 0.2536 0.1156 0.5114 0.1274 0.3772 0.2073
0.1221 0.2184 0.3631 0.1291 0.5155 0.1150 0.2611 0.2581 0.1421 0.5181 0.1133 0.3160 0.1641 0.1596 0.4942 0.1146 0.3837 0.1332 0.1829 0.4472 0.1193 0.4587 0.1211 0.2143 0.3733 0.1279 0.5127 0.1154 0.2553 0.2725 0.1401 0.5197 0.1133 0.3058 0.1761 0.1556 0.5015 0.1140 0.3639 0.1393 0.1741 0.4682 0.1168 0.4227 0.1265 0.1944 0.4255 0.1213 0.4786 0.1148 0.3064 0.1149 0.4776 0.1212 0.4266 0.1939 0.1268 0.4215 0.1168 0.4690 0.1736 0.1398 0.3627 0.1140 0.5021 0.1553 0.1776 0.3046 0.1134 0.5198 0.1398 0.2746 0.2544 0.1156 0.5122 0.1277 0.3748 0.2137 0.1213 0.4575 0.1192 0.4482 0.1824 0.1336 0.3825 0.1146 0.4948 0.1592 0.1652 0.3149 0.1134 0.5183 0.1419 0.2600 0.2602 0.1152 0.5152 0.1289 0.3647 0.2178 0.1224
0.4630 0.1195 0.2231 0.3513 0.1305 0.5179 0.1147 0.2673 0.2439 0.1441 0.5164 0.1133 0.3238 0.1577 0.1621 0.4896 0.1150 0.3930 0.1312 0.1864 0.4395 0.1202 0.4676 0.1202 0.2189 0.3620 0.1292 0.5157 0.1151 0.2607 0.2599 0.1417 0.5186 0.1134 0.3115 0.1699 0.1573 0.4991 0.1142 0.3685 0.1382 0.1752 0.4664 0.1170 0.4239 0.1265 0.1943 0.4255 0.1217 0.5006 0.1110 0.5005 0.1217 0.4257 0.1943 0.1266 0.4237 0.1170 0.4665 0.1751 0.1382 0.3683 0.1142 0.4992 0.1572 0.1702 0.3112 0.1134 0.5187 0.1416 0.2605 0.2605 0.1151 0.5155 0.1291 0.3624 0.2187 0.1202 0.4674 0.1202 0.4396 0.1863 0.1313 0.3929 0.1150 0.4897 0.1621 0.1579 0.3236 0.1133 0.5164 0.1440 0.2442 0.2671 0.1147 0.5179 0.1305 0.3515 0.2230 0.1195 0.4628
0.1204 0.4841 0.1185 0.2286 0.3378 0.1321 0.5197 0.1144 0.2743 0.2286 0.1463 0.5140 0.1134 0.3326 0.1520 0.1650 0.4842 0.1155 0.4034 0.1292 0.1903 0.4305 0.1212 0.4769 0.1192 0.2240 0.3495 0.1307 0.5180 0.1147 0.2666 0.2468 0.1434 0.5172 0.1133 0.3174 0.1643 0.1589 0.4965 0.1144 0.3727 0.1372 0.1761 0.4650 0.1171 0.4245 0.1265 0.1944 0.4212 0.1251 0.5188 0.1251 0.4212 0.1944 0.1265 0.4245 0.1171 0.4650 0.1761 0.1372 0.3727 0.1144 0.4965 0.1589 0.1644 0.3173 0.1133 0.5173 0.1434 0.2470 0.2665 0.1147 0.5180 0.1306 0.3497 0.2239 0.1192 0.4769 0.1212 0.4305 0.1903 0.1292 0.4034 0.1155 0.4842 0.1650 0.1520 0.3326 0.1134 0.5140 0.1463 0.2286 0.2743 0.1144 0.5197 0.1321 0.3378 0.2285 0.1185 0.4841 0.1204
