-0.1774 -0.3793 0.2571 -0.2942 -0.1648 -0.1935 -0.3851 0.2704 -0.3001 -0.0902 -0.2018 -0.3909 0.2756 -0.3054 -0.0307 -0.2094 -0.3962 0.2658 -0.3101 0.0113 -0.2162 -0.4007 0.2324 -0.3147 0.0421 -0.2229 -0.4043 0.1675 -0.3193 0.0667 -0.2295 -0.4063 0.0760 -0.3238 0.0881 -0.2362 -0.4066 -0.0080 -0.3285 0.1078 -0.2429 -0.4061 -0.0627 -0.3349 0.1268 -0.2497 -0.4028 -0.0990 -0.3438 0.1812 -0.3025 0.1812 -0.3438 -0.0990 -0.4028 -0.2497 0.1268 -0.3349 -0.0627 -0.4061 -0.2429 0.1078 -0.3285 -0.0080 -0.4066 -0.2362 0.0881 -0.3238 0.0760 -0.4063 -0.2295 0.0667 -0.3193 0.1675 -0.4043 -0.2229 0.0421 -0.3147 0.2324 -0.4007 -0.2162 0.0113 -0.3101 0.2658 -0.3962 -0.2094 -0.0307 -0.3054 0.2756 -0.3909 -0.2018 -0.0902 -0.3001 0.2704 -0.3851 -0.1935 -0.1648 -0.2942 0.2571 -0.3793 -0.1774
-0.3793 0.2625 -0.2995 -0.1236 -0.2036 -0.3878 0.2826 -0.3054 -0.0533 -0.2125 -0.3938 0.2921 -0.3099 -0.0054 -0.2199 -0.3989 0.2883 -0.3140 0.0287 -0.2263 -0.4032 0.2630 -0.3179 0.0549 -0.2326 -0.4062 0.2066 -0.3217 0.0769 -0.2389 -0.4074 0.1160 -0.3252 0.0966 -0.2453 -0.4065 0.0173 -0.3286 0.1153 -0.2517 -0.4043 -0.0516 -0.3351 0.1335 -0.2582 -0.3985 -0.0943 -0.3426 0.1584 -0.2814 -0.0562 -0.2814 0.1584 -0.3426 -0.0943 -0.3985 -0.2582 0.1335 -0.3351 -0.0516 -0.4043 -0.2517 0.1153 -0.3286 0.0173 -0.4065 -0.2453 0.0966 -0.3252 0.1160 -0.4074 -0.2389 0.0769 -0.3217 0.2066 -0.4062 -0.2326 0.0549 -0.3179 0.2630 -0.4032 -0.2263 0.0287 -0.3140 0.2883 -0.3989 -0.2199 -0.0054 -0.3099 0.2921 -0.3938 -0.2125 -0.0533 -0.3054 0.2826 -0.3878 -0.2036 -0.1236 -0.2995 0.2625 -0.3793
0.2571 -0.2995 -0.1110 -0.2061 -0.3899 0.2875 -0.3079 -0.0301 -0.2159 -0.3962 0.2924 -0.3125 0.0117 -0.2229 -0.4011 0.2797 -0.3166 0.0417 -0.2292 -0.4048 0.2411 -0.3206 0.0656 -0.2355 -0.4070 0.1680 -0.3245 0.0863 -0.2419 -0.4072 0.0678 -0.3280 0.1054 -0.2483 -0.4058 -0.0192 -0.3318 0.1238 -0.2547 -0.4022 -0.0739 -0.3384 0.1421 -0.2613 -0.3942 -0.1086 -0.3455 0.1618 -0.2718 -0.3334 -0.2233 -0.3334 -0.2718 0.1618 -0.3455 -0.1086 -0.3942 -0.2613 0.1421 -0.3384 -0.0739 -0.4022 -0.2547 0.1238 -0.3318 -0.0192 -0.4058 -0.2483 0.1054 -0.3280 0.0678 -0.4072 -0.2419 0.0863 -0.3245 0.1680 -0.4070 -0.2355 0.0656 -0.3206 0.2411 -0.4048 -0.2292 0.0417 -0.3166 0.2797 -0.4011 -0.2229 0.0117 -0.3125 0.2924 -0.3962 -0.2159 -0.0301 -0.3079 0.2875 -0.3899 -0.2061 -0.1110 -0.2995 0.2571
-0.2942 -0.1236 -0.2061 -0.3908 0.2897 -0.3093 -0.0137 -0.2188 -0.3984 0.2895 -0.3143 0.0263 -0.2258 -0.4029 0.2656 -0.3185 0.0534 -0.2321 -0.4060 0.2112 -0.3225 0.0756 -0.2385 -0.4074 0.1223 -0.3262 0.0955 -0.2449 -0.4066 0.0227 -0.3296 0.1141 -0.2513 -0.4045 -0.0483 -0.3347 0.1324 -0.2578 -0.3990 -0.0919 -0.3417 0.1508 -0.2643 -0.3884 -0.1210 -0.3488 0.1698 -0.2716 -0.3630 -0.1722 -0.3951 -0.1722 -0.3630 -0.2716 0.1698 -0.3488 -0.1210 -0.3884 -0.2643 0.1508 -0.3417 -0.0919 -0.3990 -0.2578 0.1324 -0.3347 -0.0483 -0.4045 -0.2513 0.1141 -0.3296 0.0227 -0.4066 -0.2449 0.0955 -0.3262 0.1223 -0.4074 -0.2385 0.0756 -0.3225 0.2112 -0.4060 -0.2321 0.0534 -0.3185 0.2656 -0.4029 -0.2258 0.0263 -0.3143 0.2895 -0.3984 -0.2188 -0.0137 -0.3093 0.2897 -0.3908 -0.2061 -0.1236 -0.2942
-0.1648 -0.2036 -0.3899 0.2897 -0.3098 -0.0051 -0.2206 -0.4000 0.2838 -0.3160 0.0385 -0.2285 -0.4045 0.2453 -0.3204 0.0641 -0.2351 -0.4069 0.1733 -0.3243 0.0852 -0.2415 -0.4073 0.0739 -0.3278 0.1043 -0.2479 -0.4059 -0.0150 -0.3315 0.1227 -0.2544 -0.4025 -0.0713 -0.3380 0.1410 -0.2609 -0.3948 -0.1069 -0.3450 0.1596 -0.2674 -0.3812 -0.1318 -0.3521 0.1787 -0.2741 -0.3580 -0.1567 -0.3700 0.2877 -0.3700 -0.1567 -0.3580 -0.2741 0.1787 -0.3521 -0.1318 -0.3812 -0.2674 0.1596 -0.3450 -0.1069 -0.3948 -0.2609 0.1410 -0.3380 -0.0713 -0.4025 -0.2544 0.1227 -0.3315 -0.0150 -0.4059 -0.2479 0.1043 -0.3278 0.0739 -0.4073 -0.2415 0.0852 -0.3243 0.1733 -0.4069 -0.2351 0.0641 -0.3204 0.2453 -0.4045 -0.2285 0.0385 -0.3160 0.2838 -0.4000 -0.2206 -0.0051 -0.3098 0.2897 -0.3899 -0.2036 -0.1648
-0.1935 -0.3878 0.2875 -0.3093 -0.0051 -0.2213 -0.4008 0.2780 -0.3173 0.0478 -0.2309 -0.4057 0.2195 -0.3221 0.0738 -0.2380 -0.4074 0.1289 -0.3260 0.0943 -0.2445 -0.4067 0.0281 -0.3294 0.1130 -0.2509 -0.4047 -0.0450 -0.3343 0.1313 -0.2574 -0.3995 -0.0898 -0.3413 0.1497 -0.2639 -0.3893 -0.1195 -0.3483 0.1685 -0.2705 -0.3722 -0.1413 -0.3554 0.1880 -0.2770 -0.3455 -0.1595 -0.3646 0.2449 -0.3202 0.2449 -0.3646 -0.1595 -0.3455 -0.2770 0.1880 -0.3554 -0.1413 -0.3722 -0.2705 0.1685 -0.3483 -0.1195 -0.3893 -0.2639 0.1497 -0.3413 -0.0898 -0.3995 -0.2574 0.1313 -0.3343 -0.0450 -0.4047 -0.2509 0.1130 -0.3294 0.0281 -0.4067 -0.2445 0.0943 -0.3260 0.1289 -0.4074 -0.2380 0.0738 -0.3221 0.2195 -0.4057 -0.2309 0.0478 -0.3173 0.2780 -0.4008 -0.2213 -0.0051 -0.3093 0.2875 -0.3878 -0.1935
-0.3851 0.2826 -0.3079 -0.0137 -0.2206 -0.4008 0.2756 -0.3180 0.0537 -0.2328 -0.4065 0.1915 -0.3236 0.0824 -0.2407 -0.4074 0.0824 -0.3276 0.1030 -0.2475 -0.4060 -0.0105 -0.3312 0.1216 -0.2540 -0.4028 -0.0686 -0.3376 0.1399 -0.2605 -0.3954 -0.1051 -0.3446 0.1584 -0.2670 -0.3822 -0.1305 -0.3517 0.1775 -0.2735 -0.3611 -0.1499 -0.3587 0.1974 -0.2800 -0.3292 -0.1657 -0.3661 0.2250 -0.2991 0.0597 -0.2991 0.2250 -0.3661 -0.1657 -0.3292 -0.2800 0.1974 -0.3587 -0.1499 -0.3611 -0.2735 0.1775 -0.3517 -0.1305 -0.3822 -0.2670 0.1584 -0.3446 -0.1051 -0.3954 -0.2605 0.1399 -0.3376 -0.0686 -0.4028 -0.2540 0.1216 -0.3312 -0.0105 -0.4060 -0.2475 0.1030 -0.3276 0.0824 -0.4074 -0.2407 0.0824 -0.3236 0.1915 -0.4065 -0.2328 0.0537 -0.3180 0.2756 -0.4008 -0.2206 -0.0137 -0.3079 0.2826 -0.3851
0.2704 -0.3054 -0.0301 -0.2188 -0.4000 0.2780 -0.3180 0.0558 -0.2338 -0.4069 0.1666 -0.3249 0.0896 -0.2432 -0.4069 0.0399 -0.3291 0.1113 -0.2504 -0.4050 -0.0409 -0.3338 0.1301 -0.2570 -0.3999 -0.0877 -0.3409 0.1486 -0.2635 -0.3900 -0.1180 -0.3479 0.1673 -0.2701 -0.3734 -0.1402 -0.3550 0.1868 -0.2766 -0.3476 -0.1576 -0.3620 0.2070 -0.2831 -0.3096 -0.1721 -0.3690 0.2290 -0.2928 -0.1317 -0.2488 -0.1317 -0.2928 0.2290 -0.3690 -0.1721 -0.3096 -0.2831 0.2070 -0.3620 -0.1576 -0.3476 -0.2766 0.1868 -0.3550 -0.1402 -0.3734 -0.2701 0.1673 -0.3479 -0.1180 -0.3900 -0.2635 0.1486 -0.3409 -0.0877 -0.3999 -0.2570 0.1301 -0.3338 -0.0409 -0.4050 -0.2504 0.1113 -0.3291 0.0399 -0.4069 -0.2432 0.0896 -0.3249 0.1666 -0.4069 -0.2338 0.0558 -0.3180 0.2780 -0.4000 -0.2188 -0.0301 -0.3054 0.2704
-0.3001 -0.0533 -0.2159 -0.3984 0.2838 -0.3173 0.0537 -0.2338 -0.4071 0.1516 -0.3257 0.0949 -0.2452 -0.4063 0.0063 -0.3304 0.1190 -0.2532 -0.4033 -0.0644 -0.3370 0.1385 -0.2600 -0.3960 -0.1033 -0.3442 0.1573 -0.2666 -0.3832 -0.1292 -0.3512 0.1764 -0.2732 -0.3626 -0.1488 -0.3583 0.1962 -0.2797 -0.3315 -0.1647 -0.3653 0.2167 -0.2860 -0.2865 -0.1781 -0.3721 0.2378 -0.2929 -0.2020 -0.2105 -0.4065 -0.2105 -0.2020 -0.2929 0.2378 -0.3721 -0.1781 -0.2865 -0.2860 0.2167 -0.3653 -0.1647 -0.3315 -0.2797 0.1962 -0.3583 -0.1488 -0.3626 -0.2732 0.1764 -0.3512 -0.1292 -0.3832 -0.2666 0.1573 -0.3442 -0.1033 -0.3960 -0.2600 0.1385 -0.3370 -0.0644 -0.4033 -0.2532 0.1190 -0.3304 0.0063 -0.4063 -0.2452 0.0949 -0.3257 0.1516 -0.4071 -0.2338 0.0537 -0.3173 0.2838 -0.3984 -0.2159 -0.0533 -0.3001
-0.0902 -0.2125 -0.3962 0.2895 -0.3160 0.0478 -0.2328 -0.4069 0.1516 -0.3260 0.0978 -0.2466 -0.4060 -0.0170 -0.3319 0.1258 -0.2557 -0.4010 -0.0826 -0.3401 0.1466 -0.2629 -0.3911 -0.1162 -0.3475 0.1661 -0.2697 -0.3746 -0.1390 -0.3545 0.1856 -0.2762 -0.3495 -0.1567 -0.3616 0.2057 -0.2827 -0.3122 -0.1713 -0.3685 0.2265 -0.2890 -0.2598 -0.1838 -0.3753 0.2474 -0.2952 -0.1875 -0.1989 -0.3897 0.0589 -0.3897 -0.1989 -0.1875 -0.2952 0.2474 -0.3753 -0.1838 -0.2598 -0.2890 0.2265 -0.3685 -0.1713 -0.3122 -0.2827 0.2057 -0.3616 -0.1567 -0.3495 -0.2762 0.1856 -0.3545 -0.1390 -0.3746 -0.2697 0.1661 -0.3475 -0.1162 -0.3911 -0.2629 0.1466 -0.3401 -0.0826 -0.4010 -0.2557 0.1258 -0.3319 -0.0170 -0.4060 -0.2466 0.0978 -0.3260 0.1516 -0.4069 -0.2328 0.0478 -0.3160 0.2895 -0.3962 -0.2125 -0.0902
-0.2018 -0.3938 0.2924 -0.3143 0.0385 -0.2309 -0.4065 0.1666 -0.3257 0.0978 -0.2470 -0.4057 -0.0307 -0.3335 0.1311 -0.2578 -0.3984 -0.0964 -0.3429 0.1545 -0.2658 -0.3850 -0.1270 -0.3506 0.1749 -0.2727 -0.3642 -0.1478 -0.3579 0.1950 -0.2793 -0.3337 -0.1638 -0.3648 0.2155 -0.2857 -0.2896 -0.1774 -0.3717 0.2364 -0.2919 -0.2295 -0.1891 -0.3785 0.2569 -0.2979 -0.1555 -0.2001 -0.3866 0.2943 -0.3342 0.2943 -0.3866 -0.2001 -0.1555 -0.2979 0.2569 -0.3785 -0.1891 -0.2295 -0.2919 0.2364 -0.3717 -0.1774 -0.2896 -0.2857 0.2155 -0.3648 -0.1638 -0.3337 -0.2793 0.1950 -0.3579 -0.1478 -0.3642 -0.2727 0.1749 -0.3506 -0.1270 -0.3850 -0.2658 0.1545 -0.3429 -0.0964 -0.3984 -0.2578 0.1311 -0.3335 -0.0307 -0.4057 -0.2470 0.0978 -0.3257 0.1666 -0.4065 -0.2309 0.0385 -0.3143 0.2924 -0.3938 -0.2018
-0.3909 0.2921 -0.3125 0.0263 -0.2285 -0.4057 0.1915 -0.3249 0.0949 -0.2466 -0.4057 -0.0352 -0.3345 0.1347 -0.2594 -0.3958 -0.1065 -0.3454 0.1617 -0.2684 -0.3778 -0.1362 -0.3537 0.1835 -0.2756 -0.3519 -0.1555 -0.3611 0.2044 -0.2823 -0.3149 -0.1705 -0.3681 0.2253 -0.2886 -0.2634 -0.1831 -0.3749 0.2462 -0.2948 -0.1961 -0.1941 -0.3815 0.2660 -0.3005 -0.1206 -0.2039 -0.3881 0.2870 -0.3147 0.1255 -0.3147 0.2870 -0.3881 -0.2039 -0.1206 -0.3005 0.2660 -0.3815 -0.1941 -0.1961 -0.2948 0.2462 -0.3749 -0.1831 -0.2634 -0.2886 0.2253 -0.3681 -0.1705 -0.3149 -0.2823 0.2044 -0.3611 -0.1555 -0.3519 -0.2756 0.1835 -0.3537 -0.1362 -0.3778 -0.2684 0.1617 -0.3454 -0.1065 -0.3958 -0.2594 0.1347 -0.3345 -0.0352 -0.4057 -0.2466 0.0949 -0.3249 0.1915 -0.4057 -0.2285 0.0263 -0.3125 0.2921 -0.3909
0.2756 -0.3099 0.0117 -0.2258 -0.4045 0.2195 -0.3236 0.0896 -0.2452 -0.4060 -0.0307 -0.3345 0.1359 -0.2603 -0.3939 -0.1131 -0.3474 0.1676 -0.2706 -0.3702 -0.1439 -0.3566 0.1919 -0.2784 -0.3377 -0.1624 -0.3643 0.2138 -0.2852 -0.2929 -0.1766 -0.3713 0.2351 -0.2915 -0.2336 -0.1884 -0.3781 0.2557 -0.2975 -0.1607 -0.1988 -0.3845 0.2744 -0.3031 -0.0873 -0.2080 -0.3907 0.2888 -0.3099 0.0339 -0.2678 0.0339 -0.3099 0.2888 -0.3907 -0.2080 -0.0873 -0.3031 0.2744 -0.3845 -0.1988 -0.1607 -0.2975 0.2557 -0.3781 -0.1884 -0.2336 -0.2915 0.2351 -0.3713 -0.1766 -0.2929 -0.2852 0.2138 -0.3643 -0.1624 -0.3377 -0.2784 0.1919 -0.3566 -0.1439 -0.3702 -0.2706 0.1676 -0.3474 -0.1131 -0.3939 -0.2603 0.1359 -0.3345 -0.0307 -0.4060 -0.2452 0.0896 -0.3236 0.2195 -0.4045 -0.2258 0.0117 -0.3099 0.2756
-0.3054 -0.0054 -0.2229 -0.4029 0.2453 -0.3221 0.0824 -0.2432 -0.4063 -0.0170 -0.3335 0.1347 -0.2603 -0.3932 -0.1164 -0.3487 0.1720 -0.2724 -0.3630 -0.1499 -0.3592 0.1998 -0.2810 -0.3218 -0.1686 -0.3673 0.2231 -0.2881 -0.2682 -0.1822 -0.3745 0.2448 -0.2944 -0.2005 -0.1935 -0.3811 0.2649 -0.3002 -0.1250 -0.2033 -0.3875 0.2817 -0.3055 -0.0577 -0.2119 -0.3933 0.2918 -0.3105 0.0042 -0.2365 -0.3939 -0.2365 0.0042 -0.3105 0.2918 -0.3933 -0.2119 -0.0577 -0.3055 0.2817 -0.3875 -0.2033 -0.1250 -0.3002 0.2649 -0.3811 -0.1935 -0.2005 -0.2944 0.2448 -0.3745 -0.1822 -0.2682 -0.2881 0.2231 -0.3673 -0.1686 -0.3218 -0.2810 0.1998 -0.3592 -0.1499 -0.3630 -0.2724 0.1720 -0.3487 -0.1164 -0.3932 -0.2603 0.1347 -0.3335 -0.0170 -0.4063 -0.2432 0.0824 -0.3221 0.2453 -0.4029 -0.2229 -0.0054 -0.3054
-0.0307 -0.2199 -0.4011 0.2656 -0.3204 0.0738 -0.2407 -0.4069 0.0063 -0.3319 0.1311 -0.2594 -0.3939 -0.1164 -0.3491 0.1743 -0.2735 -0.3572 -0.1543 -0.3613 0.2065 -0.2833 -0.3050 -0.1739 -0.3701 0.2320 -0.2907 -0.2410 -0.1874 -0.3775 0.2542 -0.2971 -0.1656 -0.1982 -0.3842 0.2734 -0.3028 -0.0913 -0.2075 -0.3903 0.2876 -0.3078 -0.0324 -0.2155 -0.3959 0.2926 -0.3122 0.0112 -0.2259 -0.4047 -0.1226 -0.4047 -0.2259 0.0112 -0.3122 0.2926 -0.3959 -0.2155 -0.0324 -0.3078 0.2876 -0.3903 -0.2075 -0.0913 -0.3028 0.2734 -0.3842 -0.1982 -0.1656 -0.2971 0.2542 -0.3775 -0.1874 -0.2410 -0.2907 0.2320 -0.3701 -0.1739 -0.3050 -0.2833 0.2065 -0.3613 -0.1543 -0.3572 -0.2735 0.1743 -0.3491 -0.1164 -0.3939 -0.2594 0.1311 -0.3319 0.0063 -0.4069 -0.2407 0.0738 -0.3204 0.2656 -0.4011 -0.2199 -0.0307
-0.2094 -0.3989 0.2797 -0.3185 0.0641 -0.2380 -0.4074 0.0399 -0.3304 0.1258 -0.2578 -0.3958 -0.1131 -0.3487 0.1743 -0.2739 -0.3539 -0.1570 -0.3628 0.2118 -0.2852 -0.2890 -0.1784 -0.3727 0.2403 -0.2932 -0.2121 -0.1920 -0.3804 0.2629 -0.2997 -0.1311 -0.2026 -0.3871 0.2808 -0.3052 -0.0612 -0.2114 -0.3930 0.2915 -0.3099 -0.0110 -0.2189 -0.3983 0.2899 -0.3141 0.0248 -0.2260 -0.4031 0.1605 -0.3508 0.1605 -0.4031 -0.2260 0.0248 -0.3141 0.2899 -0.3983 -0.2189 -0.0110 -0.3099 0.2915 -0.3930 -0.2114 -0.0612 -0.3052 0.2808 -0.3871 -0.2026 -0.1311 -0.2997 0.2629 -0.3804 -0.1920 -0.2121 -0.2932 0.2403 -0.3727 -0.1784 -0.2890 -0.2852 0.2118 -0.3628 -0.1570 -0.3539 -0.2739 0.1743 -0.3487 -0.1131 -0.3958 -0.2578 0.1258 -0.3304 0.0399 -0.4074 -0.2380 0.0641 -0.3185 0.2797 -0.3989 -0.2094
-0.3962 0.2883 -0.3166 0.0534 -0.2351 -0.4074 0.0824 -0.3291 0.1190 -0.2557 -0.3984 -0.1065 -0.3474 0.1720 -0.2735 -0.3539 -0.1580 -0.3636 0.2151 -0.2864 -0.2758 -0.1818 -0.3748 0.2475 -0.2955 -0.1833 -0.1962 -0.3831 0.2708 -0.3021 -0.0991 -0.2066 -0.3898 0.2867 -0.3075 -0.0356 -0.2151 -0.3956 0.2927 -0.3119 0.0071 -0.2220 -0.4005 0.2828 -0.3161 0.0380 -0.2284 -0.4044 0.2308 -0.3286 0.1888 -0.3286 0.2308 -0.4044 -0.2284 0.0380 -0.3161 0.2828 -0.4005 -0.2220 0.0071 -0.3119 0.2927 -0.3956 -0.2151 -0.0356 -0.3075 0.2867 -0.3898 -0.2066 -0.0991 -0.3021 0.2708 -0.3831 -0.1962 -0.1833 -0.2955 0.2475 -0.3748 -0.1818 -0.2758 -0.2864 0.2151 -0.3636 -0.1580 -0.3539 -0.2735 0.1720 -0.3474 -0.1065 -0.3984 -0.2557 0.1190 -0.3291 0.0824 -0.4074 -0.2351 0.0534 -0.3166 0.2883 -0.3962
0.2658 -0.3140 0.0417 -0.2321 -0.4069 0.1289 -0.3276 0.1113 -0.2532 -0.4010 -0.0964 -0.3454 0.1676 -0.2724 -0.3572 -0.1570 -0.3636 0.2163 -0.2871 -0.2668 -0.1841 -0.3764 0.2531 -0.2973 -0.1574 -0.1998 -0.3855 0.2776 -0.3043 -0.0708 -0.2103 -0.3923 0.2908 -0.3095 -0.0145 -0.2184 -0.3979 0.2905 -0.3139 0.0227 -0.2250 -0.4024 0.2702 -0.3180 0.0501 -0.2313 -0.4057 0.2171 -0.3236 0.1067 -0.2854 0.1067 -0.3236 0.2171 -0.4057 -0.2313 0.0501 -0.3180 0.2702 -0.4024 -0.2250 0.0227 -0.3139 0.2905 -0.3979 -0.2184 -0.0145 -0.3095 0.2908 -0.3923 -0.2103 -0.0708 -0.3043 0.2776 -0.3855 -0.1998 -0.1574 -0.2973 0.2531 -0.3764 -0.1841 -0.2668 -0.2871 0.2163 -0.3636 -0.1570 -0.3572 -0.2724 0.1676 -0.3454 -0.0964 -0.4010 -0.2532 0.1113 -0.3276 0.1289 -0.4069 -0.2321 0.0417 -0.3140 0.2658
-0.3101 0.0287 -0.2292 -0.4060 0.1733 -0.3260 0.1030 -0.2504 -0.4033 -0.0826 -0.3429 0.1617 -0.2706 -0.3630 -0.1543 -0.3628 0.2151 -0.2871 -0.2636 -0.1854 -0.3774 0.2569 -0.2986 -0.1370 -0.2027 -0.3876 0.2829 -0.3062 -0.0475 -0.2136 -0.3947 0.2926 -0.3114 0.0030 -0.2214 -0.4001 0.2842 -0.3158 0.0363 -0.2279 -0.4041 0.2512 -0.3199 0.0612 -0.2342 -0.4067 0.1845 -0.3240 0.0890 -0.2580 -0.3085 -0.2580 0.0890 -0.3240 0.1845 -0.4067 -0.2342 0.0612 -0.3199 0.2512 -0.4041 -0.2279 0.0363 -0.3158 0.2842 -0.4001 -0.2214 0.0030 -0.3114 0.2926 -0.3947 -0.2136 -0.0475 -0.3062 0.2829 -0.3876 -0.2027 -0.1370 -0.2986 0.2569 -0.3774 -0.1854 -0.2636 -0.2871 0.2151 -0.3628 -0.1543 -0.3630 -0.2706 0.1617 -0.3429 -0.0826 -0.4033 -0.2504 0.1030 -0.3260 0.1733 -0.4060 -0.2292 0.0287 -0.3101
0.0113 -0.2263 -0.4048 0.2112 -0.3243 0.0943 -0.2475 -0.4050 -0.0644 -0.3401 0.1545 -0.2684 -0.3702 -0.1499 -0.3613 0.2118 -0.2864 -0.2668 -0.1854 -0.3778 0.2589 -0.2994 -0.1229 -0.2047 -0.3892 0.2866 -0.3078 -0.0292 -0.2164 -0.3967 0.2919 -0.3131 0.0178 -0.2241 -0.4020 0.2733 -0.3176 0.0482 -0.2308 -0.4055 0.2247 -0.3217 0.0715 -0.2372 -0.4073 0.1420 -0.3255 0.0928 -0.2474 -0.4021 -0.1821 -0.4021 -0.2474 0.0928 -0.3255 0.1420 -0.4073 -0.2372 0.0715 -0.3217 0.2247 -0.4055 -0.2308 0.0482 -0.3176 0.2733 -0.4020 -0.2241 0.0178 -0.3131 0.2919 -0.3967 -0.2164 -0.0292 -0.3078 0.2866 -0.3892 -0.2047 -0.1229 -0.2994 0.2589 -0.3778 -0.1854 -0.2668 -0.2864 0.2118 -0.3613 -0.1499 -0.3702 -0.2684 0.1545 -0.3401 -0.0644 -0.4050 -0.2475 0.0943 -0.3243 0.2112 -0.4048 -0.2263 0.0113
-0.2162 -0.4032 0.2411 -0.3225 0.0852 -0.2445 -0.4060 -0.0409 -0.3370 0.1466 -0.2658 -0.3778 -0.1439 -0.3592 0.2065 -0.2852 -0.2758 -0.1841 -0.3774 0.2589 -0.2997 -0.1157 -0.2060 -0.3903 0.2889 -0.3090 -0.0158 -0.2187 -0.3985 0.2888 -0.3147 0.0301 -0.2267 -0.4036 0.2575 -0.3194 0.0588 -0.2337 -0.4066 0.1909 -0.3235 0.0812 -0.2402 -0.4074 0.0941 -0.3272 0.1008 -0.2473 -0.4056 -0.0920 -0.3708 -0.0920 -0.4056 -0.2473 0.1008 -0.3272 0.0941 -0.4074 -0.2402 0.0812 -0.3235 0.1909 -0.4066 -0.2337 0.0588 -0.3194 0.2575 -0.4036 -0.2267 0.0301 -0.3147 0.2888 -0.3985 -0.2187 -0.0158 -0.3090 0.2889 -0.3903 -0.2060 -0.1157 -0.2997 0.2589 -0.3774 -0.1841 -0.2758 -0.2852 0.2065 -0.3592 -0.1439 -0.3778 -0.2658 0.1466 -0.3370 -0.0409 -0.4060 -0.2445 0.0852 -0.3225 0.2411 -0.4032 -0.2162
-0.4007 0.2630 -0.3206 0.0756 -0.2415 -0.4067 -0.0105 -0.3338 0.1385 -0.2629 -0.3850 -0.1362 -0.3566 0.1998 -0.2833 -0.2890 -0.1818 -0.3764 0.2569 -0.2994 -0.1157 -0.2065 -0.3908 0.2901 -0.3098 -0.0067 -0.2204 -0.3999 0.2838 -0.3162 0.0402 -0.2291 -0.4049 0.2369 -0.3211 0.0683 -0.2364 -0.4072 0.1512 -0.3252 0.0903 -0.2432 -0.4069 0.0466 -0.3288 0.1094 -0.2498 -0.4052 -0.0520 -0.3447 0.2584 -0.3447 -0.0520 -0.4052 -0.2498 0.1094 -0.3288 0.0466 -0.4069 -0.2432 0.0903 -0.3252 0.1512 -0.4072 -0.2364 0.0683 -0.3211 0.2369 -0.4049 -0.2291 0.0402 -0.3162 0.2838 -0.3999 -0.2204 -0.0067 -0.3098 0.2901 -0.3908 -0.2065 -0.1157 -0.2994 0.2569 -0.3764 -0.1818 -0.2890 -0.2833 0.1998 -0.3566 -0.1362 -0.3850 -0.2629 0.1385 -0.3338 -0.0105 -0.4067 -0.2415 0.0756 -0.3206 0.2630 -0.4007
0.2324 -0.3179 0.0656 -0.2385 -0.4073 0.0281 -0.3312 0.1301 -0.2600 -0.3911 -0.1270 -0.3537 0.1919 -0.2810 -0.3050 -0.1784 -0.3748 0.2531 -0.2986 -0.1229 -0.2060 -0.3908 0.2905 -0.3102 -0.0013 -0.2216 -0.4008 0.2780 -0.3173 0.0483 -0.2313 -0.4059 0.2124 -0.3226 0.0769 -0.2390 -0.4074 0.1079 -0.3268 0.0988 -0.2461 -0.4063 0.0053 -0.3303 0.1180 -0.2527 -0.4037 -0.0621 -0.3385 0.1687 -0.3030 0.1687 -0.3385 -0.0621 -0.4037 -0.2527 0.1180 -0.3303 0.0053 -0.4063 -0.2461 0.0988 -0.3268 0.1079 -0.4074 -0.2390 0.0769 -0.3226 0.2124 -0.4059 -0.2313 0.0483 -0.3173 0.2780 -0.4008 -0.2216 -0.0013 -0.3102 0.2905 -0.3908 -0.2060 -0.1229 -0.2986 0.2531 -0.3748 -0.1784 -0.3050 -0.2810 0.1919 -0.3537 -0.1270 -0.3911 -0.2600 0.1301 -0.3312 0.0281 -0.4073 -0.2385 0.0656 -0.3179 0.2324
-0.3147 0.0549 -0.2355 -0.4074 0.0739 -0.3294 0.1216 -0.2570 -0.3960 -0.1162 -0.3506 0.1835 -0.2784 -0.3218 -0.1739 -0.3727 0.2475 -0.2973 -0.1370 -0.2047 -0.3903 0.2901 -0.3102 0.0005 -0.2221 -0.4014 0.2731 -0.3182 0.0545 -0.2330 -0.4066 0.1861 -0.3239 0.0845 -0.2415 -0.4072 0.0653 -0.3282 0.1068 -0.2489 -0.4056 -0.0275 -0.3324 0.1265 -0.2557 -0.4012 -0.0805 -0.3399 0.1511 -0.2790 -0.0857 -0.2790 0.1511 -0.3399 -0.0805 -0.4012 -0.2557 0.1265 -0.3324 -0.0275 -0.4056 -0.2489 0.1068 -0.3282 0.0653 -0.4072 -0.2415 0.0845 -0.3239 0.1861 -0.4066 -0.2330 0.0545 -0.3182 0.2731 -0.4014 -0.2221 0.0005 -0.3102 0.2901 -0.3903 -0.2047 -0.1370 -0.2973 0.2475 -0.3727 -0.1739 -0.3218 -0.2784 0.1835 -0.3506 -0.1162 -0.3960 -0.2570 0.1216 -0.3294 0.0739 -0.4074 -0.2355 0.0549 -0.3147
0.0421 -0.2326 -0.4070 0.1223 -0.3278 0.1130 -0.2540 -0.3999 -0.1033 -0.3475 0.1749 -0.2756 -0.3377 -0.1686 -0.3701 0.2403 -0.2955 -0.1574 -0.2027 -0.3892 0.2889 -0.3098 -0.0013 -0.2221 -0.4016 0.2704 -0.3187 0.0585 -0.2344 -0.4070 0.1613 -0.3251 0.0911 -0.2438 -0.4067 0.0283 -0.3295 0.1144 -0.2516 -0.4043 -0.0530 -0.3354 0.1346 -0.2587 -0.3979 -0.0970 -0.3429 0.1547 -0.2692 -0.3475 -0.2194 -0.3475 -0.2692 0.1547 -0.3429 -0.0970 -0.3979 -0.2587 0.1346 -0.3354 -0.0530 -0.4043 -0.2516 0.1144 -0.3295 0.0283 -0.4067 -0.2438 0.0911 -0.3251 0.1613 -0.4070 -0.2344 0.0585 -0.3187 0.2704 -0.4016 -0.2221 -0.0013 -0.3098 0.2889 -0.3892 -0.2027 -0.1574 -0.2955 0.2403 -0.3701 -0.1686 -0.3377 -0.2756 0.1749 -0.3475 -0.1033 -0.3999 -0.2540 0.1130 -0.3278 0.1223 -0.4070 -0.2326 0.0421
-0.2229 -0.4062 0.1680 -0.3262 0.1043 -0.2509 -0.4028 -0.0877 -0.3442 0.1661 -0.2727 -0.3519 -0.1624 -0.3673 0.2320 -0.2932 -0.1833 -0.1998 -0.3876 0.2866 -0.3090 -0.0067 -0.2216 -0.4014 0.2704 -0.3189 0.0605 -0.2352 -0.4072 0.1413 -0.3260 0.0964 -0.2457 -0.4062 -0.0013 -0.3308 0.1214 -0.2541 -0.4024 -0.0728 -0.3384 0.1425 -0.2615 -0.3935 -0.1106 -0.3460 0.1625 -0.2691 -0.3719 -0.1665 -0.3928 -0.1665 -0.3719 -0.2691 0.1625 -0.3460 -0.1106 -0.3935 -0.2615 0.1425 -0.3384 -0.0728 -0.4024 -0.2541 0.1214 -0.3308 -0.0013 -0.4062 -0.2457 0.0964 -0.3260 0.1413 -0.4072 -0.2352 0.0605 -0.3189 0.2704 -0.4014 -0.2216 -0.0067 -0.3090 0.2866 -0.3876 -0.1998 -0.1833 -0.2932 0.2320 -0.3673 -0.1624 -0.3519 -0.2727 0.1661 -0.3442 -0.0877 -0.4028 -0.2509 0.1043 -0.3262 0.1680 -0.4062 -0.2229
-0.4043 0.2066 -0.3245 0.0955 -0.2479 -0.4047 -0.0686 -0.3409 0.1573 -0.2697 -0.3642 -0.1555 -0.3643 0.2231 -0.2907 -0.2121 -0.1962 -0.3855 0.2829 -0.3078 -0.0158 -0.2204 -0.4008 0.2731 -0.3187 0.0605 -0.2355 -0.4073 0.1285 -0.3266 0.1003 -0.2473 -0.4058 -0.0233 -0.3324 0.1277 -0.2565 -0.4001 -0.0883 -0.3413 0.1501 -0.2643 -0.3882 -0.1219 -0.3491 0.1710 -0.2715 -0.3676 -0.1504 -0.3674 0.2931 -0.3674 -0.1504 -0.3676 -0.2715 0.1710 -0.3491 -0.1219 -0.3882 -0.2643 0.1501 -0.3413 -0.0883 -0.4001 -0.2565 0.1277 -0.3324 -0.0233 -0.4058 -0.2473 0.1003 -0.3266 0.1285 -0.4073 -0.2355 0.0605 -0.3187 0.2731 -0.4008 -0.2204 -0.0158 -0.3078 0.2829 -0.3855 -0.1962 -0.2121 -0.2907 0.2231 -0.3643 -0.1555 -0.3642 -0.2697 0.1573 -0.3409 -0.0686 -0.4047 -0.2479 0.0955 -0.3245 0.2066 -0.4043
0.1675 -0.3217 0.0863 -0.2449 -0.4059 -0.0450 -0.3376 0.1486 -0.2666 -0.3746 -0.1478 -0.3611 0.2138 -0.2881 -0.2410 -0.1920 -0.3831 0.2776 -0.3062 -0.0292 -0.2187 -0.3999 0.2780 -0.3182 0.0585 -0.2352 -0.4073 0.1242 -0.3269 0.1027 -0.2484 -0.4054 -0.0385 -0.3343 0.1331 -0.2586 -0.3974 -0.1005 -0.3439 0.1574 -0.2669 -0.3819 -0.1315 -0.3521 0.1794 -0.2743 -0.3574 -0.1532 -0.3619 0.2366 -0.3184 0.2366 -0.3619 -0.1532 -0.3574 -0.2743 0.1794 -0.3521 -0.1315 -0.3819 -0.2669 0.1574 -0.3439 -0.1005 -0.3974 -0.2586 0.1331 -0.3343 -0.0385 -0.4054 -0.2484 0.1027 -0.3269 0.1242 -0.4073 -0.2352 0.0585 -0.3182 0.2780 -0.3999 -0.2187 -0.0292 -0.3062 0.2776 -0.3831 -0.1920 -0.2410 -0.2881 0.2138 -0.3611 -0.1478 -0.3746 -0.2666 0.1486 -0.3376 -0.0450 -0.4059 -0.2449 0.0863 -0.3217 0.1675
-0.3193 0.0769 -0.2419 -0.4066 -0.0150 -0.3343 0.1399 -0.2635 -0.3832 -0.1390 -0.3579 0.2044 -0.2852 -0.2682 -0.1874 -0.3804 0.2708 -0.3043 -0.0475 -0.2164 -0.3985 0.2838 -0.3173 0.0545 -0.2344 -0.4072 0.1285 -0.3269 0.1035 -0.2489 -0.4051 -0.0480 -0.3357 0.1374 -0.2603 -0.3946 -0.1100 -0.3463 0.1641 -0.2693 -0.3748 -0.1397 -0.3550 0.1875 -0.2770 -0.3447 -0.1595 -0.3632 0.2165 -0.2971 0.0502 -0.2971 0.2165 -0.3632 -0.1595 -0.3447 -0.2770 0.1875 -0.3550 -0.1397 -0.3748 -0.2693 0.1641 -0.3463 -0.1100 -0.3946 -0.2603 0.1374 -0.3357 -0.0480 -0.4051 -0.2489 0.1035 -0.3269 0.1285 -0.4072 -0.2344 0.0545 -0.3173 0.2838 -0.3985 -0.2164 -0.0475 -0.3043 0.2708 -0.3804 -0.1874 -0.2682 -0.2852 0.2044 -0.3579 -0.1390 -0.3832 -0.2635 0.1399 -0.3343 -0.0150 -0.4066 -0.2419 0.0769 -0.3193
0.0667 -0.2389 -0.4072 0.0227 -0.3315 0.1313 -0.2605 -0.3900 -0.1292 -0.3545 0.1950 -0.2823 -0.2929 -0.1822 -0.3775 0.2629 -0.3021 -0.0708 -0.2136 -0.3967 0.2888 -0.3162 0.0483 -0.2330 -0.4070 0.1413 -0.3266 0.1027 -0.2489 -0.4050 -0.0526 -0.3366 0.1405 -0.2616 -0.3920 -0.1171 -0.3484 0.1702 -0.2715 -0.3672 -0.1465 -0.3577 0.1955 -0.2796 -0.3302 -0.1656 -0.3659 0.2200 -0.2903 -0.1630 -0.2459 -0.1630 -0.2903 0.2200 -0.3659 -0.1656 -0.3302 -0.2796 0.1955 -0.3577 -0.1465 -0.3672 -0.2715 0.1702 -0.3484 -0.1171 -0.3920 -0.2616 0.1405 -0.3366 -0.0526 -0.4050 -0.2489 0.1027 -0.3266 0.1413 -0.4070 -0.2330 0.0483 -0.3162 0.2888 -0.3967 -0.2136 -0.0708 -0.3021 0.2629 -0.3775 -0.1822 -0.2929 -0.2823 0.1950 -0.3545 -0.1292 -0.3900 -0.2605 0.1313 -0.3315 0.0227 -0.4072 -0.2389 0.0667
-0.2295 -0.4074 0.0678 -0.3296 0.1227 -0.2574 -0.3954 -0.1180 -0.3512 0.1856 -0.2793 -0.3149 -0.1766 -0.3745 0.2542 -0.2997 -0.0991 -0.2103 -0.3947 0.2919 -0.3147 0.0402 -0.2313 -0.4066 0.1613 -0.3260 0.1003 -0.2484 -0.4051 -0.0526 -0.3369 0.1420 -0.2624 -0.3900 -0.1220 -0.3500 0.1753 -0.2734 -0.3592 -0.1523 -0.3602 0.2029 -0.2821 -0.3142 -0.1712 -0.3687 0.2278 -0.2901 -0.2327 -0.2064 -0.4060 -0.2064 -0.2327 -0.2901 0.2278 -0.3687 -0.1712 -0.3142 -0.2821 0.2029 -0.3602 -0.1523 -0.3592 -0.2734 0.1753 -0.3500 -0.1220 -0.3900 -0.2624 0.1420 -0.3369 -0.0526 -0.4051 -0.2484 0.1003 -0.3260 0.1613 -0.4066 -0.2313 0.0402 -0.3147 0.2919 -0.3947 -0.2103 -0.0991 -0.2997 0.2542 -0.3745 -0.1766 -0.3149 -0.2793 0.1856 -0.3512 -0.1180 -0.3954 -0.2574 0.1227 -0.3296 0.0678 -0.4074 -0.2295
-0.4063 0.1160 -0.3280 0.1141 -0.2544 -0.3995 -0.1051 -0.3479 0.1764 -0.2762 -0.3337 -0.1705 -0.3713 0.2448 -0.2971 -0.1311 -0.2066 -0.3923 0.2926 -0.3131 0.0301 -0.2291 -0.4059 0.1861 -0.3251 0.0964 -0.2473 -0.4054 -0.0480 -0.3366 0.1420 -0.2627 -0.3889 -0.1249 -0.3511 0.1790 -0.2749 -0.3518 -0.1571 -0.3624 0.2096 -0.2843 -0.2974 -0.1761 -0.3713 0.2360 -0.2921 -0.2225 -0.1941 -0.3875 0.1043 -0.3875 -0.1941 -0.2225 -0.2921 0.2360 -0.3713 -0.1761 -0.2974 -0.2843 0.2096 -0.3624 -0.1571 -0.3518 -0.2749 0.1790 -0.3511 -0.1249 -0.3889 -0.2627 0.1420 -0.3366 -0.0480 -0.4054 -0.2473 0.0964 -0.3251 0.1861 -0.4059 -0.2291 0.0301 -0.3131 0.2926 -0.3923 -0.2066 -0.1311 -0.2971 0.2448 -0.3713 -0.1705 -0.3337 -0.2762 0.1764 -0.3479 -0.1051 -0.3995 -0.2544 0.1141 -0.3280 0.1160 -0.4063
0.0760 -0.3252 0.1054 -0.2513 -0.4025 -0.0898 -0.3446 0.1673 -0.2732 -0.3495 -0.1638 -0.3681 0.2351 -0.2944 -0.1656 -0.2026 -0.3898 0.2908 -0.3114 0.0178 -0.2267 -0.4049 0.2124 -0.3239 0.0911 -0.2457 -0.4058 -0.0385 -0.3357 0.1405 -0.2624 -0.3889 -0.1259 -0.3517 0.1814 -0.2759 -0.3460 -0.1605 -0.3641 0.2155 -0.2862 -0.2805 -0.1803 -0.3738 0.2437 -0.2943 -0.1975 -0.1949 -0.3836 0.2923 -0.3324 0.2923 -0.3836 -0.1949 -0.1975 -0.2943 0.2437 -0.3738 -0.1803 -0.2805 -0.2862 0.2155 -0.3641 -0.1605 -0.3460 -0.2759 0.1814 -0.3517 -0.1259 -0.3889 -0.2624 0.1405 -0.3357 -0.0385 -0.4058 -0.2457 0.0911 -0.3239 0.2124 -0.4049 -0.2267 0.0178 -0.3114 0.2908 -0.3898 -0.2026 -0.1656 -0.2944 0.2351 -0.3681 -0.1638 -0.3495 -0.2732 0.1673 -0.3446 -0.0898 -0.4025 -0.2513 0.1054 -0.3252 0.0760
-0.3238 0.0966 -0.2483 -0.4045 -0.0713 -0.3413 0.1584 -0.2701 -0.3626 -0.1567 -0.3648 0.2253 -0.2915 -0.2005 -0.1982 -0.3871 0.2867 -0.3095 0.0030 -0.2241 -0.4036 0.2369 -0.3226 0.0845 -0.2438 -0.4062 -0.0233 -0.3343 0.1374 -0.2616 -0.3900 -0.1249 -0.3517 0.1822 -0.2764 -0.3421 -0.1628 -0.3654 0.2201 -0.2878 -0.2647 -0.1839 -0.3760 0.2508 -0.2964 -0.1705 -0.1981 -0.3846 0.2799 -0.3125 0.1165 -0.3125 0.2799 -0.3846 -0.1982 -0.1705 -0.2964 0.2508 -0.3760 -0.1839 -0.2647 -0.2878 0.2201 -0.3654 -0.1628 -0.3421 -0.2764 0.1822 -0.3517 -0.1249 -0.3900 -0.2616 0.1374 -0.3343 -0.0233 -0.4062 -0.2438 0.0845 -0.3226 0.2369 -0.4036 -0.2242 0.0032 -0.3095 0.2868 -0.3871 -0.1982 -0.2005 -0.2915 0.2253 -0.3648 -0.1567 -0.3626 -0.2701 0.1584 -0.3413 -0.0713 -0.4045 -0.2483 0.0966 -0.3238
0.0881 -0.2453 -0.4058 -0.0483 -0.3380 0.1497 -0.2670 -0.3734 -0.1488 -0.3616 0.2155 -0.2886 -0.2336 -0.1935 -0.3842 0.2808 -0.3075 -0.0145 -0.2214 -0.4020 0.2575 -0.3211 0.0769 -0.2415 -0.4067 -0.0013 -0.3324 0.1331 -0.2603 -0.3920 -0.1220 -0.3511 0.1814 -0.2764 -0.3407 -0.1640 -0.3663 0.2233 -0.2890 -0.2514 -0.1868 -0.3778 0.2569 -0.2983 -0.1449 -0.2014 -0.3867 0.2813 -0.3073 0.0176 -0.2651 0.0177 -0.3074 0.2813 -0.3867 -0.2014 -0.1449 -0.2983 0.2569 -0.3778 -0.1868 -0.2514 -0.2890 0.2233 -0.3663 -0.1640 -0.3407 -0.2764 0.1814 -0.3511 -0.1220 -0.3920 -0.2603 0.1331 -0.3324 -0.0013 -0.4067 -0.2415 0.0769 -0.3211 0.2575 -0.4020 -0.2214 -0.0141 -0.3075 0.2809 -0.3842 -0.1935 -0.2336 -0.2886 0.2155 -0.3616 -0.1488 -0.3734 -0.2670 0.1497 -0.3380 -0.0483 -0.4058 -0.2453 0.0881
-0.2362 -0.4065 -0.0192 -0.3347 0.1410 -0.2639 -0.3822 -0.1402 -0.3583 0.2057 -0.2857 -0.2634 -0.1884 -0.3811 0.2734 -0.3052 -0.0356 -0.2184 -0.4001 0.2733 -0.3194 0.0683 -0.2390 -0.4072 0.0283 -0.3308 0.1277 -0.2586 -0.3946 -0.1171 -0.3500 0.1790 -0.2759 -0.3421 -0.1640 -0.3666 0.2250 -0.2897 -0.2415 -0.1888 -0.3792 0.2617 -0.2999 -0.1221 -0.2044 -0.3887 0.2853 -0.3075 -0.0216 -0.2326 -0.3991 -0.2327 -0.0212 -0.3075 0.2854 -0.3887 -0.2044 -0.1221 -0.2999 0.2617 -0.3792 -0.1888 -0.2415 -0.2897 0.2250 -0.3666 -0.1640 -0.3421 -0.2759 0.1790 -0.3500 -0.1171 -0.3946 -0.2586 0.1278 -0.3308 0.0282 -0.4072 -0.2391 0.0685 -0.3194 0.2731 -0.4001 -0.2185 -0.0352 -0.3053 0.2735 -0.3812 -0.1885 -0.2631 -0.2857 0.2059 -0.3583 -0.1403 -0.3821 -0.2640 0.1411 -0.3347 -0.0196 -0.4065 -0.2363
-0.4066 0.0173 -0.3318 0.1324 -0.2609 -0.3893 -0.1305 -0.3550 0.1962 -0.2827 -0.2896 -0.1831 -0.3781 0.2649 -0.3028 -0.0612 -0.2151 -0.3979 0.2842 -0.3176 0.0588 -0.2364 -0.4074 0.0653 -0.3295 0.1214 -0.2565 -0.3974 -0.1100 -0.3484 0.1753 -0.2749 -0.3460 -0.1628 -0.3663 0.2250 -0.2900 -0.2362 -0.1901 -0.3802 0.2651 -0.3011 -0.1041 -0.2068 -0.3904 0.2887 -0.3087 -0.0180 -0.2214 -0.4027 -0.1058 -0.4027 -0.2217 -0.0170 -0.3088 0.2889 -0.3905 -0.2070 -0.1032 -0.3012 0.2654 -0.3803 -0.1903 -0.2354 -0.2901 0.2252 -0.3663 -0.1630 -0.3457 -0.2750 0.1755 -0.3484 -0.1104 -0.3973 -0.2567 0.1217 -0.3296 0.0638 -0.4074 -0.2366 0.0594 -0.3177 0.2838 -0.3980 -0.2153 -0.0599 -0.3030 0.2653 -0.3782 -0.1834 -0.2885 -0.2829 0.1966 -0.3551 -0.1310 -0.3889 -0.2611 0.1328 -0.3319 0.0153 -0.4065
-0.0080 -0.3286 0.1238 -0.2578 -0.3948 -0.1195 -0.3517 0.1868 -0.2797 -0.3122 -0.1774 -0.3749 0.2557 -0.3002 -0.0913 -0.2114 -0.3956 0.2905 -0.3158 0.0482 -0.2337 -0.4072 0.1079 -0.3282 0.1144 -0.2541 -0.4001 -0.1005 -0.3463 0.1702 -0.2734 -0.3518 -0.1605 -0.3654 0.2233 -0.2897 -0.2362 -0.1906 -0.3807 0.2673 -0.3019 -0.0916 -0.2087 -0.3919 0.2909 -0.3100 -0.0068 -0.2207 -0.4002 0.2166 -0.3479 0.2081 -0.4005 -0.2224 -0.0012 -0.3106 0.2918 -0.3924 -0.2100 -0.0843 -0.3028 0.2692 -0.3813 -0.1918 -0.2298 -0.2908 0.2252 -0.3660 -0.1620 -0.3492 -0.2745 0.1720 -0.3469 -0.1034 -0.3994 -0.2553 0.1161 -0.3287 0.0983 -0.4070 -0.2347 0.0506 -0.3163 0.2897 -0.3959 -0.2125 -0.0846 -0.3011 0.2578 -0.3755 -0.1788 -0.3077 -0.2808 0.1888 -0.3523 -0.1221 -0.3937 -0.2590 0.1258 -0.3293 -0.0152
-0.3285 0.1153 -0.2547 -0.3990 -0.1069 -0.3483 0.1775 -0.2766 -0.3315 -0.1713 -0.3717 0.2462 -0.2975 -0.1250 -0.2075 -0.3930 0.2927 -0.3139 0.0363 -0.2308 -0.4066 0.1512 -0.3268 0.1068 -0.2516 -0.4024 -0.0883 -0.3439 0.1641 -0.2715 -0.3592 -0.1571 -0.3641 0.2201 -0.2890 -0.2415 -0.1901 -0.3807 0.2680 -0.3023 -0.0842 -0.2099 -0.3929 0.2920 -0.3110 0.0033 -0.2220 -0.4010 0.2697 -0.3264 0.1839 -0.3301 0.2270 -0.4022 -0.2306 0.0289 -0.3147 0.2923 -0.3954 -0.2175 -0.0448 -0.3062 0.2790 -0.3840 -0.1977 -0.2011 -0.2944 0.2320 -0.3677 -0.1660 -0.3429 -0.2776 0.1745 -0.3476 -0.1058 -0.3990 -0.2576 0.1166 -0.3294 0.0997 -0.4060 -0.2365 0.0499 -0.3165 0.2907 -0.3951 -0.2136 -0.0870 -0.3017 0.2573 -0.3750 -0.1790 -0.3093 -0.2825 0.1881 -0.3520 -0.1215 -0.3940 -0.2609 0.1257 -0.3322
0.1078 -0.2517 -0.4022 -0.0919 -0.3450 0.1685 -0.2735 -0.3476 -0.1647 -0.3685 0.2364 -0.2948 -0.1607 -0.2033 -0.3903 0.2915 -0.3119 0.0227 -0.2279 -0.4055 0.1909 -0.3252 0.0988 -0.2489 -0.4043 -0.0728 -0.3413 0.1574 -0.2693 -0.3672 -0.1523 -0.3624 0.2155 -0.2878 -0.2514 -0.1888 -0.3802 0.2673 -0.3023 -0.0817 -0.2105 -0.3935 0.2925 -0.3117 0.0107 -0.2234 -0.4020 0.2691 -0.3206 0.1039 -0.2960 0.1716 -0.3402 -0.0308 -0.4060 -0.2555 0.0940 -0.3277 0.1816 -0.4049 -0.2406 0.0444 -0.3176 0.2914 -0.3942 -0.2211 -0.0548 -0.3055 0.2717 -0.3776 -0.1919 -0.2591 -0.2903 0.2095 -0.3584 -0.1461 -0.3776 -0.2729 0.1466 -0.3382 -0.0380 -0.4060 -0.2526 0.0849 -0.3246 0.2458 -0.4007 -0.2305 -0.0035 -0.3101 0.2857 -0.3823 -0.1999 -0.2166 -0.2934 0.2212 -0.3619 -0.1553 -0.3668 -0.2758 0.1598
-0.2429 -0.4043 -0.0739 -0.3417 0.1596 -0.2705 -0.3611 -0.1576 -0.3653 0.2265 -0.2919 -0.1961 -0.1988 -0.3875 0.2876 -0.3099 0.0071 -0.2250 -0.4041 0.2247 -0.3235 0.0903 -0.2461 -0.4056 -0.0530 -0.3384 0.1501 -0.2669 -0.3748 -0.1465 -0.3602 0.2096 -0.2862 -0.2647 -0.1868 -0.3792 0.2651 -0.3019 -0.0842 -0.2105 -0.3937 0.2926 -0.3122 0.0153 -0.2245 -0.4028 0.2623 -0.3198 0.0758 -0.2720 0.0393 -0.3229 0.2954 -0.3830 -0.2012 -0.2053 -0.2950 0.2300 -0.3642 -0.1659 -0.3470 -0.2804 0.1729 -0.3468 -0.1046 -0.3992 -0.2647 0.1171 -0.3324 0.0969 -0.4062 -0.2460 0.0532 -0.3189 0.2914 -0.3937 -0.2206 -0.0743 -0.3038 0.2621 -0.3722 -0.1846 -0.2990 -0.2864 0.1928 -0.3515 -0.1276 -0.3916 -0.2688 0.1292 -0.3348 0.0386 -0.4065 -0.2495 0.0643 -0.3210 0.2833 -0.3962 -0.2249 -0.0446 -0.3035
-0.4061 -0.0516 -0.3384 0.1508 -0.2674 -0.3722 -0.1499 -0.3620 0.2167 -0.2890 -0.2295 -0.1941 -0.3845 0.2817 -0.3078 -0.0110 -0.2220 -0.4024 0.2512 -0.3217 0.0812 -0.2432 -0.4063 -0.0275 -0.3354 0.1425 -0.2643 -0.3819 -0.1397 -0.3577 0.2029 -0.2843 -0.2805 -0.1839 -0.3778 0.2617 -0.3011 -0.0916 -0.2099 -0.3935 0.2926 -0.3123 0.0175 -0.2251 -0.4033 0.2555 -0.3202 0.0686 -0.2499 -0.3473 -0.2425 0.1235 -0.3859 -0.1781 -0.3341 -0.2795 0.1777 -0.3487 -0.1111 -0.3974 -0.2603 0.1207 -0.3308 0.0734 -0.4063 -0.2401 0.0574 -0.3183 0.2869 -0.3957 -0.2179 -0.0637 -0.3038 0.2649 -0.3770 -0.1846 -0.2904 -0.2863 0.1961 -0.3546 -0.1310 -0.3893 -0.2655 0.1324 -0.3330 0.0198 -0.4065 -0.2438 0.0681 -0.3203 0.2771 -0.3974 -0.2214 -0.0404 -0.3058 0.2724 -0.3796 -0.1895 -0.2672 -0.2887 0.2089
-0.0627 -0.3351 0.1421 -0.2643 -0.3812 -0.1413 -0.3587 0.2070 -0.2860 -0.2598 -0.1891 -0.3815 0.2744 -0.3055 -0.0324 -0.2189 -0.4005 0.2702 -0.3199 0.0715 -0.2402 -0.4069 0.0053 -0.3324 0.1346 -0.2615 -0.3882 -0.1315 -0.3550 0.1955 -0.2821 -0.2974 -0.1803 -0.3760 0.2569 -0.2999 -0.1041 -0.2087 -0.3929 0.2925 -0.3122 0.0175 -0.2254 -0.4035 0.2508 -0.3206 0.0694 -0.2392 -0.4067 -0.1138 -0.3580 -0.3139 -0.2194 -0.3215 -0.2761 0.1716 -0.3466 -0.1011 -0.4001 -0.2550 0.1142 -0.3284 0.1099 -0.4066 -0.2344 0.0479 -0.3159 0.2908 -0.3953 -0.2121 -0.0909 -0.3009 0.2560 -0.3749 -0.1779 -0.3117 -0.2808 0.1871 -0.3517 -0.1200 -0.3946 -0.2590 0.1241 -0.3302 0.0609 -0.4066 -0.2373 0.0580 -0.3176 0.2858 -0.3972 -0.2152 -0.0660 -0.3030 0.2635 -0.3774 -0.1825 -0.2935 -0.2833 0.1949 -0.3561
-0.3349 0.1335 -0.2613 -0.3884 -0.1318 -0.3554 0.1974 -0.2831 -0.2865 -0.1838 -0.3785 0.2660 -0.3031 -0.0577 -0.2155 -0.3983 0.2828 -0.3180 0.0612 -0.2372 -0.4074 0.0466 -0.3303 0.1265 -0.2587 -0.3935 -0.1219 -0.3521 0.1875 -0.2796 -0.3142 -0.1761 -0.3738 0.2508 -0.2983 -0.1221 -0.2068 -0.3919 0.2920 -0.3117 0.0153 -0.2251 -0.4035 0.2491 -0.3209 0.0712 -0.2384 -0.4069 0.0261 -0.3402 0.1792 -0.2678 -0.1965 -0.2811 0.1764 -0.3482 -0.1081 -0.3982 -0.2559 0.1190 -0.3291 0.0809 -0.4073 -0.2356 0.0551 -0.3170 0.2870 -0.3971 -0.2140 -0.0709 -0.3021 0.2619 -0.3770 -0.1813 -0.2976 -0.2819 0.1930 -0.3539 -0.1270 -0.3913 -0.2601 0.1295 -0.3310 0.0316 -0.4071 -0.2384 0.0648 -0.3187 0.2793 -0.3990 -0.2168 -0.0487 -0.3041 0.2690 -0.3795 -0.1857 -0.2779 -0.2843 0.2006 -0.3565 -0.1402
0.1268 -0.2582 -0.3942 -0.1210 -0.3521 0.1880 -0.2800 -0.3096 -0.1781 -0.3753 0.2569 -0.3005 -0.0873 -0.2119 -0.3959 0.2899 -0.3161 0.0501 -0.2342 -0.4073 0.0941 -0.3288 0.1180 -0.2557 -0.3979 -0.1106 -0.3491 0.1794 -0.2770 -0.3302 -0.1712 -0.3713 0.2437 -0.2964 -0.1449 -0.2044 -0.3904 0.2909 -0.3110 0.0107 -0.2245 -0.4033 0.2508 -0.3209 0.0719 -0.2387 -0.4074 0.0684 -0.3306 0.1435 -0.2888 -0.0338 -0.2889 0.1839 -0.3504 -0.1166 -0.3952 -0.2580 0.1255 -0.3303 0.0432 -0.4073 -0.2379 0.0644 -0.3187 0.2785 -0.3992 -0.2171 -0.0454 -0.3043 0.2701 -0.3799 -0.1863 -0.2744 -0.2845 0.2019 -0.3569 -0.1364 -0.3852 -0.2627 0.1375 -0.3334 -0.0054 -0.4067 -0.2411 0.0742 -0.3204 0.2658 -0.4010 -0.2198 -0.0263 -0.3062 0.2765 -0.3823 -0.1905 -0.2520 -0.2869 0.2096 -0.3596 -0.1438 -0.3818
-0.2497 -0.3985 -0.1086 -0.3488 0.1787 -0.2770 -0.3292 -0.1721 -0.3721 0.2474 -0.2979 -0.1206 -0.2080 -0.3933 0.2926 -0.3141 0.0380 -0.2313 -0.4067 0.1420 -0.3272 0.1094 -0.2527 -0.4012 -0.0970 -0.3460 0.1710 -0.2743 -0.3447 -0.1656 -0.3687 0.2360 -0.2943 -0.1705 -0.2014 -0.3887 0.2887 -0.3100 0.0033 -0.2234 -0.4028 0.2555 -0.3206 0.0711 -0.2386 -0.4074 0.0710 -0.3293 0.1254 -0.2847 0.0206 -0.2957 0.1951 -0.3527 -0.1240 -0.3918 -0.2601 0.1318 -0.3319 0.0096 -0.4069 -0.2404 0.0731 -0.3203 0.2651 -0.4012 -0.2202 -0.0228 -0.3066 0.2779 -0.3829 -0.1914 -0.2465 -0.2874 0.2114 -0.3602 -0.1453 -0.3773 -0.2657 0.1460 -0.3366 -0.0370 -0.4061 -0.2440 0.0836 -0.3222 0.2452 -0.4029 -0.2228 -0.0061 -0.3084 0.2834 -0.3853 -0.1953 -0.2213 -0.2898 0.2192 -0.3628 -0.1519 -0.3695 -0.2632
-0.4028 -0.0943 -0.3455 0.1698 -0.2741 -0.3455 -0.1657 -0.3690 0.2378 -0.2952 -0.1555 -0.2039 -0.3907 0.2918 -0.3122 0.0248 -0.2284 -0.4057 0.1845 -0.3255 0.1008 -0.2498 -0.4037 -0.0805 -0.3429 0.1625 -0.2715 -0.3574 -0.1595 -0.3659 0.2278 -0.2921 -0.1975 -0.1981 -0.3867 0.2853 -0.3087 -0.0068 -0.2220 -0.4019 0.2625 -0.3201 0.0691 -0.2383 -0.4074 0.0719 -0.3289 0.1181 -0.2746 -0.0521 -0.3028 0.2233 -0.3568 -0.1314 -0.3881 -0.2621 0.1375 -0.3340 -0.0173 -0.4064 -0.2429 0.0812 -0.3219 0.2470 -0.4029 -0.2229 -0.0043 -0.3087 0.2844 -0.3859 -0.1963 -0.2147 -0.2903 0.2212 -0.3635 -0.1535 -0.3674 -0.2688 0.1548 -0.3399 -0.0623 -0.4051 -0.2470 0.0928 -0.3240 0.2167 -0.4045 -0.2257 0.0113 -0.3104 0.2888 -0.3882 -0.2000 -0.1872 -0.2926 0.2290 -0.3661 -0.1595 -0.3579 -0.2711 0.1646
-0.0990 -0.3426 0.1618 -0.2716 -0.3580 -0.1595 -0.3661 0.2290 -0.2929 -0.1875 -0.2001 -0.3881 0.2888 -0.3105 0.0112 -0.2260 -0.4044 0.2171 -0.3240 0.0928 -0.2473 -0.4052 -0.0621 -0.3399 0.1547 -0.2691 -0.3676 -0.1532 -0.3632 0.2200 -0.2901 -0.2225 -0.1949 -0.3846 0.2813 -0.3075 -0.0180 -0.2207 -0.4009 0.2694 -0.3195 0.0665 -0.2380 -0.4072 0.0742 -0.3289 0.1151 -0.2613 -0.3264 -0.2492 0.2864 -0.3705 -0.1457 -0.3834 -0.2639 0.1426 -0.3361 -0.0379 -0.4059 -0.2451 0.0885 -0.3233 0.2242 -0.4043 -0.2255 0.0112 -0.3106 0.2892 -0.3886 -0.2008 -0.1805 -0.2932 0.2310 -0.3667 -0.1609 -0.3553 -0.2719 0.1636 -0.3432 -0.0825 -0.4034 -0.2500 0.1018 -0.3257 0.1801 -0.4058 -0.2287 0.0263 -0.3124 0.2920 -0.3910 -0.2044 -0.1515 -0.2955 0.2389 -0.3693 -0.1664 -0.3438 -0.2743 0.1708 -0.3480
-0.3438 0.1584 -0.2718 -0.3630 -0.1567 -0.3646 0.2250 -0.2928 -0.2020 -0.1989 -0.3866 0.2870 -0.3099 0.0042 -0.2259 -0.4031 0.2308 -0.3236 0.0890 -0.2474 -0.4056 -0.0520 -0.3385 0.1511 -0.2692 -0.3719 -0.1504 -0.3619 0.2165 -0.2903 -0.2327 -0.1941 -0.3836 0.2799 -0.3073 -0.0216 -0.2214 -0.4002 0.2704 -0.3199 0.0675 -0.2398 -0.4066 0.0602 -0.3299 0.1179 -0.2570 -0.3970 -0.1513 -0.3724 -0.4039 -0.1894 -0.3675 -0.2665 0.1470 -0.3379 -0.0536 -0.4053 -0.2472 0.0950 -0.3247 0.1975 -0.4055 -0.2280 0.0245 -0.3123 0.2921 -0.3912 -0.2049 -0.1460 -0.2960 0.2408 -0.3700 -0.1677 -0.3406 -0.2749 0.1726 -0.3465 -0.0990 -0.4009 -0.2531 0.1105 -0.3274 0.1361 -0.4068 -0.2316 0.0396 -0.3144 0.2925 -0.3937 -0.2085 -0.1162 -0.2982 0.2486 -0.3726 -0.1729 -0.3269 -0.2774 0.1799 -0.3492 -0.1213
0.1812 -0.2814 -0.3334 -0.1722 -0.3700 0.2449 -0.2991 -0.1317 -0.2105 -0.3897 0.2943 -0.3147 0.0339 -0.2365 -0.4047 0.1605 -0.3286 0.1067 -0.2580 -0.4021 -0.0920 -0.3447 0.1687 -0.2790 -0.3475 -0.1665 -0.3674 0.2366 -0.2971 -0.1630 -0.2064 -0.3875 0.2923 -0.3125 0.0176 -0.2326 -0.4027 0.2182 -0.3255 0.0904 -0.2518 -0.4059 -0.0369 -0.3368 0.1412 -0.2689 -0.3869 -0.1371 -0.3621 0.2476 -0.2669 -0.1919 -0.2751 0.1517 -0.3393 -0.0650 -0.4045 -0.2490 0.1008 -0.3259 0.1686 -0.4063 -0.2304 0.0358 -0.3140 0.2926 -0.3936 -0.2086 -0.1134 -0.2986 0.2501 -0.3731 -0.1740 -0.3231 -0.2780 0.1817 -0.3498 -0.1129 -0.3973 -0.2561 0.1191 -0.3290 0.0879 -0.4073 -0.2346 0.0516 -0.3163 0.2893 -0.3962 -0.2124 -0.0833 -0.3009 0.2581 -0.3757 -0.1789 -0.3068 -0.2804 0.1891 -0.3525 -0.1225 -0.3953
-0.3025 -0.0562 -0.2233 -0.3951 0.2877 -0.3202 0.0597 -0.2488 -0.4065 0.0589 -0.3342 0.1255 -0.2678 -0.3939 -0.1226 -0.3508 0.1888 -0.2854 -0.3085 -0.1821 -0.3708 0.2584 -0.3030 -0.0857 -0.2194 -0.3928 0.2931 -0.3184 0.0502 -0.2459 -0.4060 0.1043 -0.3324 0.1165 -0.2651 -0.3992 -0.1054 -0.3475 0.1741 -0.2809 -0.3440 -0.1677 -0.3627 0.2323 -0.2956 -0.2007 -0.2018 -0.3818 0.2905 -0.3165 0.0680 -0.2898 0.1609 -0.3406 -0.0726 -0.4038 -0.2505 0.1057 -0.3269 0.1394 -0.4069 -0.2325 0.0455 -0.3156 0.2905 -0.3958 -0.2120 -0.0842 -0.3010 0.2589 -0.3761 -0.1797 -0.3028 -0.2810 0.1910 -0.3532 -0.1247 -0.3924 -0.2592 0.1277 -0.3305 0.0408 -0.4074 -0.2376 0.0625 -0.3182 0.2815 -0.3986 -0.2160 -0.0543 -0.3034 0.2671 -0.3789 -0.1845 -0.2833 -0.2834 0.1986 -0.3558 -0.1331 -0.3876 -0.2564
