0.2137 0.1372 0.5078 0.1144 0.2758 0.2050 0.1412 0.5046 0.1137 0.2920 0.1805 0.1459 0.4991 0.1134 0.3093 0.1636 0.1510 0.4915 0.1134 0.3277 0.1524 0.1566 0.4817 0.1136 0.3473 0.1445 0.1628 0.4699 0.1142 0.3680 0.1384 0.1695 0.4559 0.1150 0.3895 0.1335 0.1769 0.4396 0.1162 0.4116 0.1295 0.1850 0.4210 0.1177 0.4337 0.1262 0.1939 0.3985 0.1202 0.4880 0.1110 0.4880 0.1202 0.3985 0.1939 0.1262 0.4337 0.1177 0.4210 0.1850 0.1295 0.4116 0.1162 0.4396 0.1769 0.1335 0.3895 0.1150 0.4559 0.1695 0.1384 0.3680 0.1142 0.4699 0.1628 0.1445 0.3473 0.1136 0.4817 0.1566 0.1524 0.3277 0.1134 0.4915 0.1510 0.1636 0.3093 0.1134 0.4991 0.1459 0.1805 0.2920 0.1137 0.5046 0.1412 0.2050 0.2758 0.1144 0.5078 0.1372 0.2137
0.1372 0.5201 0.1138 0.2901 0.2115 0.1468 0.5160 0.1135 0.3083 0.1825 0.1519 0.5101 0.1135 0.3267 0.1625 0.1575 0.5023 0.1139 0.3463 0.1496 0.1635 0.4925 0.1145 0.3670 0.1410 0.1701 0.4806 0.1155 0.3887 0.1347 0.1773 0.4666 0.1167 0.4111 0.1298 0.1852 0.4504 0.1183 0.4338 0.1259 0.1939 0.4319 0.1202 0.4560 0.1228 0.2033 0.4106 0.1226 0.4834 0.1148 0.3074 0.1148 0.4834 0.1226 0.4106 0.2033 0.1228 0.4560 0.1202 0.4319 0.1939 0.1259 0.4338 0.1183 0.4504 0.1852 0.1298 0.4111 0.1167 0.4666 0.1773 0.1347 0.3887 0.1155 0.4806 0.1701 0.1410 0.3670 0.1145 0.4925 0.1635 0.1496 0.3463 0.1139 0.5023 0.1575 0.1625 0.3267 0.1135 0.5101 0.1519 0.1825 0.3083 0.1135 0.5160 0.1468 0.2115 0.2901 0.1138 0.5201 0.1372
0.5078 0.1138 0.2929 0.2030 0.1484 0.5139 0.1134 0.3163 0.1724 0.1544 0.5067 0.1135 0.3357 0.1557 0.1602 0.4979 0.1140 0.3559 0.1451 0.1665 0.4872 0.1148 0.3771 0.1377 0.1734 0.4743 0.1159 0.3992 0.1322 0.1809 0.4593 0.1173 0.4217 0.1278 0.1892 0.4420 0.1190 0.4443 0.1243 0.1982 0.4223 0.1211 0.4660 0.1215 0.2080 0.4000 0.1235 0.4867 0.1179 0.2402 0.1715 0.2402 0.1179 0.4867 0.1235 0.4000 0.2080 0.1215 0.4660 0.1211 0.4223 0.1982 0.1243 0.4443 0.1190 0.4420 0.1892 0.1278 0.4217 0.1173 0.4593 0.1809 0.1322 0.3992 0.1159 0.4743 0.1734 0.1377 0.3771 0.1148 0.4872 0.1665 0.1451 0.3559 0.1140 0.4979 0.1602 0.1557 0.3357 0.1135 0.5067 0.1544 0.1724 0.3163 0.1134 0.5139 0.1484 0.2030 0.2929 0.1138 0.5078
0.1144 0.2901 0.2030 0.1491 0.5125 0.1134 0.3229 0.1649 0.1568 0.5031 0.1137 0.3447 0.1503 0.1630 0.4932 0.1143 0.3657 0.1414 0.1696 0.4814 0.1153 0.3874 0.1349 0.1768 0.4675 0.1165 0.4097 0.1300 0.1847 0.4515 0.1180 0.4324 0.1261 0.1933 0.4331 0.1199 0.4547 0.1229 0.2027 0.4121 0.1222 0.4756 0.1204 0.2129 0.3886 0.1247 0.4939 0.1181 0.2281 0.3098 0.1570 0.3098 0.2281 0.1181 0.4939 0.1247 0.3886 0.2129 0.1204 0.4756 0.1222 0.4121 0.2027 0.1229 0.4547 0.1199 0.4331 0.1933 0.1261 0.4324 0.1180 0.4515 0.1847 0.1300 0.4097 0.1165 0.4675 0.1768 0.1349 0.3874 0.1153 0.4814 0.1696 0.1414 0.3657 0.1143 0.4932 0.1630 0.1503 0.3447 0.1137 0.5031 0.1568 0.1649 0.3229 0.1134 0.5125 0.1491 0.2030 0.2901 0.1144
0.2758 0.2115 0.1484 0.5125 0.1134 0.3269 0.1605 0.1587 0.4997 0.1139 0.3534 0.1460 0.1659 0.4881 0.1147 0.3757 0.1382 0.1729 0.4752 0.1158 0.3978 0.1325 0.1805 0.4603 0.1172 0.4204 0.1281 0.1887 0.4431 0.1189 0.4430 0.1245 0.1976 0.4235 0.1209 0.4648 0.1217 0.2074 0.4014 0.1233 0.4846 0.1194 0.2180 0.3766 0.1261 0.5008 0.1175 0.2303 0.3393 0.1355 0.4998 0.1355 0.3393 0.2303 0.1175 0.5008 0.1261 0.3766 0.2180 0.1194 0.4846 0.1233 0.4014 0.2074 0.1217 0.4648 0.1209 0.4235 0.1976 0.1245 0.4430 0.1189 0.4431 0.1887 0.1281 0.4204 0.1172 0.4603 0.1805 0.1325 0.3978 0.1158 0.4752 0.1729 0.1382 0.3757 0.1147 0.4881 0.1659 0.1460 0.3534 0.1139 0.4997 0.1587 0.1605 0.3269 0.1134 0.5125 0.1484 0.2115 0.2758
0.2050 0.1468 0.5139 0.1134 0.3269 0.1590 0.1598 0.4973 0.1141 0.3609 0.1428 0.1686 0.4829 0.1152 0.3855 0.1354 0.1763 0.4685 0.1164 0.4084 0.1303 0.1842 0.4525 0.1179 0.4310 0.1263 0.1928 0.4342 0.1198 0.4534 0.1231 0.2021 0.4135 0.1220 0.4744 0.1205 0.2123 0.3901 0.1246 0.4928 0.1185 0.2233 0.3640 0.1275 0.5068 0.1168 0.2354 0.3335 0.1320 0.5211 0.1129 0.5211 0.1320 0.3335 0.2354 0.1168 0.5068 0.1275 0.3640 0.2233 0.1185 0.4928 0.1246 0.3901 0.2123 0.1205 0.4744 0.1220 0.4135 0.2021 0.1231 0.4534 0.1198 0.4342 0.1928 0.1263 0.4310 0.1179 0.4525 0.1842 0.1303 0.4084 0.1164 0.4685 0.1763 0.1354 0.3855 0.1152 0.4829 0.1686 0.1428 0.3609 0.1141 0.4973 0.1598 0.1590 0.3269 0.1134 0.5139 0.1468 0.2050
0.1412 0.5160 0.1134 0.3229 0.1605 0.1598 0.4964 0.1143 0.3660 0.1405 0.1710 0.4781 0.1156 0.3947 0.1331 0.1797 0.4616 0.1171 0.4188 0.1283 0.1881 0.4442 0.1188 0.4416 0.1247 0.1971 0.4248 0.1208 0.4635 0.1218 0.2068 0.4028 0.1232 0.4835 0.1195 0.2174 0.3782 0.1259 0.5000 0.1176 0.2289 0.3508 0.1290 0.5116 0.1162 0.2413 0.3206 0.1327 0.5195 0.1120 0.3714 0.1120 0.5195 0.1327 0.3206 0.2413 0.1162 0.5116 0.1290 0.3508 0.2289 0.1176 0.5000 0.1259 0.3782 0.2174 0.1195 0.4835 0.1232 0.4028 0.2068 0.1218 0.4635 0.1208 0.4248 0.1971 0.1247 0.4416 0.1188 0.4442 0.1881 0.1283 0.4188 0.1171 0.4616 0.1797 0.1331 0.3947 0.1156 0.4781 0.1710 0.1405 0.3660 0.1143 0.4964 0.1598 0.1605 0.3229 0.1134 0.5160 0.1412
0.5046 0.1135 0.3163 0.1649 0.1587 0.4973 0.1143 0.3678 0.1394 0.1727 0.4741 0.1160 0.4029 0.1312 0.1830 0.4546 0.1178 0.4289 0.1266 0.1921 0.4356 0.1197 0.4520 0.1233 0.2015 0.4148 0.1219 0.4732 0.1207 0.2117 0.3916 0.1244 0.4918 0.1186 0.2227 0.3656 0.1273 0.5061 0.1169 0.2346 0.3370 0.1306 0.5153 0.1156 0.2475 0.3059 0.1342 0.5201 0.1138 0.2884 0.1329 0.2884 0.1138 0.5201 0.1342 0.3059 0.2475 0.1156 0.5153 0.1306 0.3370 0.2346 0.1169 0.5061 0.1273 0.3656 0.2227 0.1186 0.4918 0.1244 0.3916 0.2117 0.1207 0.4732 0.1219 0.4148 0.2015 0.1233 0.4520 0.1197 0.4356 0.1921 0.1266 0.4289 0.1178 0.4546 0.1830 0.1312 0.4029 0.1160 0.4741 0.1727 0.1394 0.3678 0.1143 0.4973 0.1587 0.1649 0.3163 0.1135 0.5046
0.1137 0.3083 0.1724 0.1568 0.4997 0.1141 0.3660 0.1394 0.1733 0.4719 0.1163 0.4091 0.1297 0.1859 0.4481 0.1185 0.4384 0.1251 0.1961 0.4267 0.1206 0.4618 0.1220 0.2062 0.4042 0.1230 0.4823 0.1196 0.2167 0.3797 0.1257 0.4991 0.1177 0.2281 0.3525 0.1288 0.5111 0.1163 0.2405 0.3227 0.1322 0.5180 0.1151 0.2539 0.2906 0.1360 0.5208 0.1141 0.2735 0.2002 0.1793 0.2002 0.2735 0.1141 0.5208 0.1360 0.2906 0.2539 0.1151 0.5180 0.1322 0.3227 0.2405 0.1163 0.5111 0.1288 0.3525 0.2281 0.1177 0.4991 0.1257 0.3797 0.2167 0.1196 0.4823 0.1230 0.4042 0.2062 0.1220 0.4618 0.1206 0.4267 0.1961 0.1251 0.4384 0.1185 0.4481 0.1859 0.1297 0.4091 0.1163 0.4719 0.1733 0.1394 0.3660 0.1141 0.4997 0.1568 0.1724 0.3083 0.1137
0.2920 0.1825 0.1544 0.5031 0.1139 0.3609 0.1405 0.1727 0.4719 0.1164 0.4126 0.1289 0.1881 0.4426 0.1191 0.4467 0.1239 0.2000 0.4177 0.1216 0.4711 0.1209 0.2108 0.3933 0.1242 0.4907 0.1187 0.2220 0.3673 0.1271 0.5054 0.1170 0.2338 0.3388 0.1304 0.5149 0.1157 0.2467 0.3079 0.1340 0.5198 0.1147 0.2606 0.2750 0.1379 0.5210 0.1140 0.2765 0.2302 0.1509 0.4570 0.1509 0.2302 0.2765 0.1140 0.5210 0.1379 0.2750 0.2606 0.1147 0.5198 0.1340 0.3079 0.2467 0.1157 0.5149 0.1304 0.3388 0.2338 0.1170 0.5054 0.1271 0.3673 0.2220 0.1187 0.4907 0.1242 0.3933 0.2108 0.1209 0.4711 0.1216 0.4177 0.2000 0.1239 0.4467 0.1191 0.4426 0.1881 0.1289 0.4126 0.1164 0.4719 0.1727 0.1405 0.3609 0.1139 0.5031 0.1544 0.1825 0.2920
0.1805 0.1519 0.5067 0.1137 0.3534 0.1428 0.1710 0.4741 0.1163 0.4126 0.1285 0.1893 0.4388 0.1196 0.4532 0.1229 0.2035 0.4092 0.1226 0.4795 0.1199 0.2155 0.3822 0.1255 0.4980 0.1178 0.2274 0.3543 0.1286 0.5105 0.1163 0.2398 0.3245 0.1320 0.5177 0.1152 0.2531 0.2926 0.1358 0.5207 0.1143 0.2675 0.2591 0.1399 0.5206 0.1137 0.2832 0.2239 0.1461 0.5084 0.1178 0.5084 0.1461 0.2239 0.2832 0.1137 0.5206 0.1399 0.2591 0.2675 0.1143 0.5207 0.1358 0.2926 0.2531 0.1152 0.5177 0.1320 0.3245 0.2398 0.1163 0.5105 0.1286 0.3543 0.2274 0.1178 0.4980 0.1255 0.3822 0.2155 0.1199 0.4795 0.1226 0.4092 0.2035 0.1229 0.4532 0.1196 0.4388 0.1893 0.1285 0.4126 0.1163 0.4741 0.1710 0.1428 0.3534 0.1137 0.5067 0.1519 0.1805
0.1459 0.5101 0.1135 0.3447 0.1460 0.1686 0.4781 0.1160 0.4091 0.1289 0.1893 0.4374 0.1199 0.4574 0.1222 0.2063 0.4017 0.1235 0.4866 0.1191 0.2201 0.3710 0.1268 0.5041 0.1171 0.2328 0.3409 0.1301 0.5145 0.1158 0.2459 0.3098 0.1337 0.5196 0.1148 0.2597 0.2770 0.1377 0.5210 0.1140 0.2747 0.2433 0.1420 0.5197 0.1136 0.2908 0.2106 0.1470 0.5143 0.1124 0.4462 0.1124 0.5143 0.1470 0.2106 0.2908 0.1136 0.5197 0.1420 0.2433 0.2747 0.1140 0.5210 0.1377 0.2770 0.2597 0.1148 0.5196 0.1337 0.3098 0.2459 0.1158 0.5145 0.1301 0.3409 0.2328 0.1171 0.5041 0.1268 0.3710 0.2201 0.1191 0.4866 0.1235 0.4017 0.2063 0.1222 0.4574 0.1199 0.4374 0.1893 0.1289 0.4091 0.1160 0.4781 0.1686 0.1460 0.3447 0.1135 0.5101 0.1459
0.4991 0.1135 0.3357 0.1503 0.1659 0.4829 0.1156 0.4029 0.1297 0.1881 0.4388 0.1199 0.4589 0.1219 0.2082 0.3962 0.1242 0.4920 0.1184 0.2244 0.3602 0.1280 0.5090 0.1165 0.2383 0.3275 0.1317 0.5173 0.1153 0.2522 0.2946 0.1355 0.5207 0.1144 0.2666 0.2611 0.1397 0.5207 0.1138 0.2821 0.2278 0.1441 0.5182 0.1134 0.2987 0.1970 0.1491 0.5132 0.1129 0.3501 0.1189 0.3501 0.1129 0.5132 0.1491 0.1970 0.2987 0.1134 0.5182 0.1441 0.2278 0.2821 0.1138 0.5207 0.1397 0.2611 0.2666 0.1144 0.5207 0.1355 0.2946 0.2522 0.1153 0.5173 0.1317 0.3275 0.2383 0.1165 0.5090 0.1280 0.3602 0.2244 0.1184 0.4920 0.1242 0.3962 0.2082 0.1219 0.4589 0.1199 0.4388 0.1881 0.1297 0.4029 0.1156 0.4829 0.1659 0.1503 0.3357 0.1135 0.4991
0.1134 0.3267 0.1557 0.1630 0.4881 0.1152 0.3947 0.1312 0.1859 0.4426 0.1196 0.4574 0.1219 0.2089 0.3931 0.1247 0.4957 0.1179 0.2280 0.3507 0.1292 0.5127 0.1160 0.2437 0.3142 0.1333 0.5192 0.1148 0.2586 0.2793 0.1374 0.5210 0.1141 0.2738 0.2453 0.1417 0.5198 0.1136 0.2898 0.2128 0.1464 0.5163 0.1134 0.3069 0.1844 0.1515 0.5106 0.1133 0.3316 0.1415 0.2090 0.1415 0.3316 0.1133 0.5106 0.1515 0.1844 0.3069 0.1134 0.5163 0.1464 0.2128 0.2898 0.1136 0.5198 0.1417 0.2453 0.2738 0.1141 0.5210 0.1374 0.2793 0.2586 0.1148 0.5192 0.1333 0.3142 0.2437 0.1160 0.5127 0.1292 0.3507 0.2280 0.1179 0.4957 0.1247 0.3931 0.2089 0.1219 0.4574 0.1196 0.4426 0.1859 0.1312 0.3947 0.1152 0.4881 0.1630 0.1557 0.3267 0.1134
0.3093 0.1625 0.1602 0.4932 0.1147 0.3855 0.1331 0.1830 0.4481 0.1191 0.4532 0.1222 0.2082 0.3931 0.1249 0.4976 0.1177 0.2306 0.3431 0.1302 0.5152 0.1156 0.2488 0.3013 0.1349 0.5204 0.1145 0.2650 0.2644 0.1393 0.5208 0.1138 0.2811 0.2297 0.1439 0.5184 0.1134 0.2977 0.1987 0.1487 0.5139 0.1133 0.3154 0.1736 0.1540 0.5073 0.1135 0.3354 0.1521 0.1714 0.3879 0.1714 0.1521 0.3354 0.1135 0.5073 0.1540 0.1736 0.3154 0.1133 0.5139 0.1487 0.1987 0.2977 0.1134 0.5184 0.1439 0.2297 0.2811 0.1138 0.5208 0.1393 0.2644 0.2650 0.1145 0.5204 0.1349 0.3013 0.2488 0.1156 0.5152 0.1302 0.3431 0.2306 0.1177 0.4976 0.1249 0.3931 0.2082 0.1222 0.4532 0.1191 0.4481 0.1830 0.1331 0.3855 0.1147 0.4932 0.1602 0.1625 0.3093
0.1636 0.1575 0.4979 0.1143 0.3757 0.1354 0.1797 0.4546 0.1185 0.4467 0.1229 0.2063 0.3962 0.1247 0.4976 0.1176 0.2320 0.3381 0.1309 0.5168 0.1153 0.2533 0.2898 0.1363 0.5209 0.1142 0.2713 0.2500 0.1412 0.5201 0.1136 0.2884 0.2150 0.1461 0.5166 0.1134 0.3059 0.1859 0.1512 0.5110 0.1134 0.3241 0.1647 0.1567 0.5035 0.1137 0.3437 0.1503 0.1648 0.4726 0.1260 0.4726 0.1648 0.1503 0.3437 0.1137 0.5035 0.1567 0.1647 0.3241 0.1134 0.5110 0.1512 0.1859 0.3059 0.1134 0.5166 0.1461 0.2150 0.2884 0.1136 0.5201 0.1412 0.2500 0.2713 0.1142 0.5209 0.1363 0.2898 0.2533 0.1153 0.5168 0.1309 0.3381 0.2320 0.1176 0.4976 0.1247 0.3962 0.2063 0.1229 0.4467 0.1185 0.4546 0.1797 0.1354 0.3757 0.1143 0.4979 0.1575 0.1636
0.1510 0.5023 0.1140 0.3657 0.1382 0.1763 0.4616 0.1178 0.4384 0.1239 0.2035 0.4017 0.1242 0.4957 0.1177 0.2320 0.3363 0.1313 0.5176 0.1151 0.2567 0.2804 0.1376 0.5210 0.1140 0.2774 0.2364 0.1431 0.5189 0.1135 0.2958 0.2014 0.1483 0.5143 0.1133 0.3142 0.1749 0.1537 0.5077 0.1135 0.3331 0.1575 0.1594 0.4992 0.1139 0.3531 0.1463 0.1660 0.4849 0.1161 0.5071 0.1161 0.4849 0.1660 0.1463 0.3531 0.1139 0.4992 0.1594 0.1575 0.3331 0.1135 0.5077 0.1537 0.1749 0.3142 0.1133 0.5143 0.1483 0.2014 0.2958 0.1135 0.5189 0.1431 0.2364 0.2774 0.1140 0.5210 0.1376 0.2804 0.2567 0.1151 0.5176 0.1313 0.3363 0.2320 0.1177 0.4957 0.1242 0.4017 0.2035 0.1239 0.4384 0.1178 0.4616 0.1763 0.1382 0.3657 0.1140 0.5023 0.1510
0.4915 0.1139 0.3559 0.1414 0.1729 0.4685 0.1171 0.4289 0.1251 0.2000 0.4092 0.1235 0.4920 0.1179 0.2306 0.3381 0.1313 0.5179 0.1150 0.2589 0.2739 0.1386 0.5209 0.1138 0.2828 0.2244 0.1449 0.5175 0.1134 0.3031 0.1894 0.1505 0.5117 0.1134 0.3226 0.1659 0.1563 0.5040 0.1137 0.3424 0.1517 0.1622 0.4946 0.1142 0.3629 0.1424 0.1688 0.4824 0.1152 0.4232 0.1126 0.4232 0.1152 0.4824 0.1688 0.1424 0.3629 0.1142 0.4946 0.1622 0.1517 0.3424 0.1137 0.5040 0.1563 0.1659 0.3226 0.1134 0.5117 0.1505 0.1894 0.3031 0.1134 0.5175 0.1449 0.2244 0.2828 0.1138 0.5209 0.1386 0.2739 0.2589 0.1150 0.5179 0.1313 0.3381 0.2306 0.1179 0.4920 0.1235 0.4092 0.2000 0.1251 0.4289 0.1171 0.4685 0.1729 0.1414 0.3559 0.1139 0.4915
0.1134 0.3463 0.1451 0.1696 0.4752 0.1164 0.4188 0.1266 0.1961 0.4177 0.1226 0.4866 0.1184 0.2280 0.3431 0.1309 0.5176 0.1150 0.2597 0.2703 0.1392 0.5206 0.1137 0.2871 0.2148 0.1465 0.5159 0.1133 0.3102 0.1793 0.1528 0.5088 0.1135 0.3310 0.1588 0.1589 0.4999 0.1139 0.3518 0.1469 0.1652 0.4894 0.1146 0.3729 0.1390 0.1720 0.4769 0.1156 0.4022 0.1235 0.2482 0.1235 0.4022 0.1156 0.4769 0.1720 0.1390 0.3729 0.1146 0.4894 0.1652 0.1469 0.3518 0.1139 0.4999 0.1589 0.1588 0.3310 0.1135 0.5088 0.1528 0.1793 0.3102 0.1133 0.5159 0.1465 0.2148 0.2871 0.1137 0.5206 0.1392 0.2703 0.2597 0.1150 0.5176 0.1309 0.3431 0.2280 0.1184 0.4866 0.1226 0.4177 0.1961 0.1266 0.4188 0.1164 0.4752 0.1696 0.1451 0.3463 0.1134
0.3277 0.1496 0.1665 0.4814 0.1158 0.4084 0.1283 0.1921 0.4267 0.1216 0.4795 0.1191 0.2244 0.3507 0.1302 0.5168 0.1151 0.2589 0.2703 0.1395 0.5205 0.1136 0.2902 0.2078 0.1478 0.5144 0.1133 0.3166 0.1712 0.1549 0.5057 0.1136 0.3393 0.1532 0.1615 0.4956 0.1142 0.3612 0.1430 0.1683 0.4839 0.1151 0.3831 0.1361 0.1754 0.4704 0.1162 0.4066 0.1288 0.1987 0.2892 0.1987 0.1288 0.4066 0.1162 0.4704 0.1754 0.1361 0.3831 0.1151 0.4839 0.1683 0.1430 0.3612 0.1142 0.4956 0.1615 0.1532 0.3393 0.1136 0.5057 0.1549 0.1712 0.3166 0.1133 0.5144 0.1478 0.2078 0.2902 0.1136 0.5205 0.1395 0.2703 0.2589 0.1151 0.5168 0.1302 0.3507 0.2244 0.1191 0.4795 0.1216 0.4267 0.1921 0.1283 0.4084 0.1158 0.4814 0.1665 0.1496 0.3277
0.1524 0.1635 0.4872 0.1153 0.3978 0.1303 0.1881 0.4356 0.1206 0.4711 0.1199 0.2201 0.3602 0.1292 0.5152 0.1153 0.2567 0.2739 0.1392 0.5205 0.1136 0.2919 0.2035 0.1487 0.5131 0.1134 0.3220 0.1652 0.1569 0.5026 0.1138 0.3473 0.1487 0.1641 0.4910 0.1145 0.3706 0.1396 0.1714 0.4779 0.1156 0.3934 0.1335 0.1789 0.4634 0.1169 0.4161 0.1285 0.1900 0.4120 0.1381 0.4120 0.1900 0.1285 0.4161 0.1169 0.4634 0.1789 0.1335 0.3934 0.1156 0.4779 0.1714 0.1396 0.3706 0.1145 0.4910 0.1641 0.1487 0.3473 0.1138 0.5026 0.1569 0.1652 0.3220 0.1134 0.5131 0.1487 0.2035 0.2919 0.1136 0.5205 0.1392 0.2739 0.2567 0.1153 0.5152 0.1292 0.3602 0.2201 0.1199 0.4711 0.1206 0.4356 0.1881 0.1303 0.3978 0.1153 0.4872 0.1635 0.1524
0.1566 0.4925 0.1148 0.3874 0.1325 0.1842 0.4442 0.1197 0.4618 0.1209 0.2155 0.3710 0.1280 0.5127 0.1156 0.2533 0.2804 0.1386 0.5206 0.1136 0.2919 0.2019 0.1492 0.5123 0.1134 0.3261 0.1610 0.1586 0.4997 0.1140 0.3548 0.1452 0.1667 0.4863 0.1149 0.3798 0.1368 0.1745 0.4718 0.1161 0.4037 0.1312 0.1826 0.4558 0.1176 0.4266 0.1270 0.1916 0.4316 0.1232 0.5207 0.1232 0.4316 0.1916 0.1270 0.4266 0.1176 0.4558 0.1826 0.1312 0.4037 0.1161 0.4718 0.1745 0.1368 0.3798 0.1149 0.4863 0.1667 0.1452 0.3548 0.1140 0.4997 0.1586 0.1610 0.3261 0.1134 0.5123 0.1492 0.2019 0.2919 0.1136 0.5206 0.1386 0.2804 0.2533 0.1156 0.5127 0.1280 0.3710 0.2155 0.1209 0.4618 0.1197 0.4442 0.1842 0.1325 0.3874 0.1148 0.4925 0.1566
0.4817 0.1145 0.3771 0.1349 0.1805 0.4525 0.1188 0.4520 0.1220 0.2108 0.3822 0.1268 0.5090 0.1160 0.2488 0.2898 0.1376 0.5209 0.1137 0.2902 0.2035 0.1492 0.5120 0.1134 0.3287 0.1584 0.1599 0.4973 0.1141 0.3613 0.1424 0.1692 0.4816 0.1153 0.3887 0.1344 0.1777 0.4654 0.1167 0.4138 0.1292 0.1863 0.4479 0.1184 0.4372 0.1253 0.1953 0.4277 0.1210 0.4929 0.1109 0.4929 0.1210 0.4277 0.1953 0.1253 0.4372 0.1184 0.4479 0.1863 0.1292 0.4138 0.1167 0.4654 0.1777 0.1344 0.3887 0.1153 0.4816 0.1692 0.1424 0.3613 0.1141 0.4973 0.1599 0.1584 0.3287 0.1134 0.5120 0.1492 0.2035 0.2902 0.1137 0.5209 0.1376 0.2898 0.2488 0.1160 0.5090 0.1268 0.3822 0.2108 0.1220 0.4520 0.1188 0.4525 0.1805 0.1349 0.3771 0.1145 0.4817
0.1136 0.3670 0.1377 0.1768 0.4603 0.1179 0.4416 0.1233 0.2062 0.3933 0.1255 0.5041 0.1165 0.2437 0.3013 0.1363 0.5210 0.1138 0.2871 0.2078 0.1487 0.5123 0.1134 0.3296 0.1572 0.1607 0.4955 0.1143 0.3666 0.1403 0.1713 0.4772 0.1157 0.3971 0.1324 0.1808 0.4589 0.1174 0.4234 0.1275 0.1901 0.4397 0.1193 0.4475 0.1239 0.1997 0.4189 0.1215 0.4759 0.1154 0.2992 0.1154 0.4759 0.1215 0.4189 0.1997 0.1239 0.4475 0.1193 0.4397 0.1901 0.1275 0.4234 0.1174 0.4589 0.1808 0.1324 0.3971 0.1157 0.4772 0.1713 0.1403 0.3666 0.1143 0.4955 0.1607 0.1572 0.3296 0.1134 0.5123 0.1487 0.2078 0.2871 0.1138 0.5210 0.1363 0.3013 0.2437 0.1165 0.5041 0.1255 0.3933 0.2062 0.1233 0.4416 0.1179 0.4603 0.1768 0.1377 0.3670 0.1136
0.3473 0.1410 0.1734 0.4675 0.1172 0.4310 0.1247 0.2015 0.4042 0.1242 0.4980 0.1171 0.2383 0.3142 0.1349 0.5209 0.1140 0.2828 0.2148 0.1478 0.5131 0.1134 0.3287 0.1572 0.1609 0.4946 0.1144 0.3704 0.1388 0.1731 0.4733 0.1161 0.4046 0.1307 0.1838 0.4525 0.1180 0.4327 0.1259 0.1939 0.4313 0.1201 0.4573 0.1226 0.2041 0.4088 0.1225 0.4797 0.1187 0.2351 0.1816 0.2351 0.1187 0.4797 0.1225 0.4088 0.2041 0.1226 0.4573 0.1201 0.4313 0.1939 0.1259 0.4327 0.1180 0.4525 0.1838 0.1307 0.4046 0.1161 0.4733 0.1731 0.1388 0.3704 0.1144 0.4946 0.1609 0.1572 0.3287 0.1134 0.5131 0.1478 0.2148 0.2828 0.1140 0.5209 0.1349 0.3142 0.2383 0.1171 0.4980 0.1242 0.4042 0.2015 0.1247 0.4310 0.1172 0.4675 0.1734 0.1410 0.3473
0.1445 0.1701 0.4743 0.1165 0.4204 0.1263 0.1971 0.4148 0.1230 0.4907 0.1178 0.2328 0.3275 0.1333 0.5204 0.1142 0.2774 0.2244 0.1465 0.5144 0.1134 0.3261 0.1584 0.1607 0.4946 0.1144 0.3722 0.1380 0.1743 0.4703 0.1164 0.4109 0.1294 0.1866 0.4464 0.1187 0.4414 0.1246 0.1977 0.4228 0.1211 0.4664 0.1214 0.2086 0.3983 0.1237 0.4874 0.1188 0.2236 0.3223 0.1547 0.3223 0.2236 0.1188 0.4874 0.1237 0.3983 0.2086 0.1214 0.4664 0.1211 0.4228 0.1977 0.1246 0.4414 0.1187 0.4464 0.1866 0.1294 0.4109 0.1164 0.4703 0.1743 0.1380 0.3722 0.1144 0.4946 0.1607 0.1584 0.3261 0.1134 0.5144 0.1465 0.2244 0.2774 0.1142 0.5204 0.1333 0.3275 0.2328 0.1178 0.4907 0.1230 0.4148 0.1971 0.1263 0.4204 0.1165 0.4743 0.1701 0.1445
0.1628 0.4806 0.1159 0.4097 0.1281 0.1928 0.4248 0.1219 0.4823 0.1187 0.2274 0.3409 0.1317 0.5192 0.1145 0.2713 0.2364 0.1449 0.5159 0.1133 0.3220 0.1610 0.1599 0.4955 0.1144 0.3722 0.1377 0.1750 0.4685 0.1166 0.4155 0.1284 0.1889 0.4409 0.1193 0.4491 0.1235 0.2013 0.4144 0.1220 0.4749 0.1204 0.2131 0.3877 0.1249 0.4949 0.1182 0.2257 0.3505 0.1340 0.5034 0.1340 0.3505 0.2257 0.1182 0.4949 0.1249 0.3877 0.2131 0.1204 0.4749 0.1220 0.4144 0.2013 0.1235 0.4491 0.1193 0.4409 0.1889 0.1284 0.4155 0.1166 0.4685 0.1750 0.1377 0.3722 0.1144 0.4955 0.1599 0.1610 0.3220 0.1133 0.5159 0.1449 0.2364 0.2713 0.1145 0.5192 0.1317 0.3409 0.2274 0.1187 0.4823 0.1219 0.4248 0.1928 0.1281 0.4097 0.1159 0.4806 0.1628
0.4699 0.1155 0.3992 0.1300 0.1887 0.4342 0.1208 0.4732 0.1196 0.2220 0.3543 0.1301 0.5173 0.1148 0.2650 0.2500 0.1431 0.5175 0.1133 0.3166 0.1652 0.1586 0.4973 0.1143 0.3704 0.1380 0.1750 0.4678 0.1168 0.4184 0.1278 0.1907 0.4364 0.1198 0.4555 0.1226 0.2047 0.4063 0.1229 0.4824 0.1195 0.2175 0.3770 0.1261 0.5013 0.1174 0.2305 0.3452 0.1306 0.5208 0.1125 0.5208 0.1306 0.3452 0.2305 0.1174 0.5013 0.1261 0.3770 0.2175 0.1195 0.4824 0.1229 0.4063 0.2047 0.1226 0.4555 0.1198 0.4364 0.1907 0.1278 0.4184 0.1168 0.4678 0.1750 0.1380 0.3704 0.1143 0.4973 0.1586 0.1652 0.3166 0.1133 0.5175 0.1431 0.2500 0.2650 0.1148 0.5173 0.1301 0.3543 0.2220 0.1196 0.4732 0.1208 0.4342 0.1887 0.1300 0.3992 0.1155 0.4699
0.1142 0.3887 0.1322 0.1847 0.4431 0.1198 0.4635 0.1207 0.2167 0.3673 0.1286 0.5145 0.1153 0.2586 0.2644 0.1412 0.5189 0.1134 0.3102 0.1712 0.1569 0.4997 0.1141 0.3666 0.1388 0.1743 0.4685 0.1168 0.4194 0.1274 0.1918 0.4331 0.1202 0.4606 0.1219 0.2076 0.3989 0.1238 0.4889 0.1188 0.2219 0.3664 0.1273 0.5066 0.1168 0.2357 0.3335 0.1312 0.5179 0.1121 0.3629 0.1121 0.5179 0.1312 0.3335 0.2357 0.1168 0.5066 0.1273 0.3664 0.2219 0.1188 0.4889 0.1238 0.3989 0.2076 0.1219 0.4606 0.1202 0.4331 0.1918 0.1274 0.4194 0.1168 0.4685 0.1743 0.1388 0.3666 0.1141 0.4997 0.1569 0.1712 0.3102 0.1134 0.5189 0.1412 0.2644 0.2586 0.1153 0.5145 0.1286 0.3673 0.2167 0.1207 0.4635 0.1198 0.4431 0.1847 0.1322 0.3887 0.1142
0.3680 0.1347 0.1809 0.4515 0.1189 0.4534 0.1218 0.2117 0.3797 0.1271 0.5105 0.1158 0.2522 0.2793 0.1393 0.5201 0.1135 0.3031 0.1793 0.1549 0.5026 0.1140 0.3613 0.1403 0.1731 0.4703 0.1166 0.4184 0.1274 0.1922 0.4315 0.1205 0.4641 0.1214 0.2100 0.3925 0.1246 0.4942 0.1182 0.2259 0.3562 0.1285 0.5107 0.1163 0.2409 0.3207 0.1326 0.5187 0.1141 0.2818 0.1355 0.2818 0.1141 0.5187 0.1326 0.3207 0.2409 0.1163 0.5107 0.1285 0.3562 0.2259 0.1182 0.4942 0.1246 0.3925 0.2100 0.1214 0.4641 0.1205 0.4315 0.1922 0.1274 0.4184 0.1166 0.4703 0.1731 0.1403 0.3613 0.1140 0.5026 0.1549 0.1793 0.3031 0.1135 0.5201 0.1393 0.2793 0.2522 0.1158 0.5105 0.1271 0.3797 0.2117 0.1218 0.4534 0.1189 0.4515 0.1809 0.1347 0.3680
0.1384 0.1773 0.4593 0.1180 0.4430 0.1231 0.2068 0.3916 0.1257 0.5054 0.1163 0.2459 0.2946 0.1374 0.5208 0.1136 0.2958 0.1894 0.1528 0.5057 0.1138 0.3548 0.1424 0.1713 0.4733 0.1164 0.4155 0.1278 0.1918 0.4315 0.1206 0.4659 0.1211 0.2117 0.3877 0.1252 0.4983 0.1177 0.2297 0.3466 0.1297 0.5139 0.1158 0.2461 0.3081 0.1341 0.5199 0.1145 0.2669 0.2132 0.1762 0.2132 0.2669 0.1145 0.5199 0.1341 0.3081 0.2461 0.1158 0.5139 0.1297 0.3466 0.2297 0.1177 0.4983 0.1252 0.3877 0.2117 0.1211 0.4659 0.1206 0.4315 0.1918 0.1278 0.4155 0.1164 0.4733 0.1713 0.1424 0.3548 0.1138 0.5057 0.1528 0.1894 0.2958 0.1136 0.5208 0.1374 0.2946 0.2459 0.1163 0.5054 0.1257 0.3916 0.2068 0.1231 0.4430 0.1180 0.4593 0.1773 0.1384
0.1695 0.4666 0.1173 0.4324 0.1245 0.2021 0.4028 0.1244 0.4991 0.1170 0.2398 0.3098 0.1355 0.5210 0.1138 0.2884 0.2014 0.1505 0.5088 0.1136 0.3473 0.1452 0.1692 0.4772 0.1161 0.4109 0.1284 0.1907 0.4331 0.1205 0.4659 0.1210 0.2126 0.3846 0.1257 0.5011 0.1173 0.2329 0.3381 0.1307 0.5162 0.1154 0.2510 0.2959 0.1355 0.5207 0.1143 0.2691 0.2456 0.1486 0.4640 0.1486 0.2456 0.2691 0.1143 0.5207 0.1355 0.2959 0.2510 0.1154 0.5162 0.1307 0.3381 0.2329 0.1173 0.5011 0.1257 0.3846 0.2126 0.1210 0.4659 0.1205 0.4331 0.1907 0.1284 0.4109 0.1161 0.4772 0.1692 0.1452 0.3473 0.1136 0.5088 0.1505 0.2014 0.2884 0.1138 0.5210 0.1355 0.3098 0.2398 0.1170 0.4991 0.1244 0.4028 0.2021 0.1245 0.4324 0.1173 0.4666 0.1695
0.4559 0.1167 0.4217 0.1261 0.1976 0.4135 0.1232 0.4918 0.1177 0.2338 0.3245 0.1337 0.5207 0.1141 0.2811 0.2150 0.1483 0.5117 0.1135 0.3393 0.1487 0.1667 0.4816 0.1157 0.4046 0.1294 0.1889 0.4364 0.1202 0.4641 0.1211 0.2126 0.3835 0.1259 0.5027 0.1171 0.2352 0.3314 0.1316 0.5177 0.1151 0.2555 0.2846 0.1370 0.5210 0.1141 0.2744 0.2411 0.1437 0.5116 0.1169 0.5116 0.1437 0.2411 0.2744 0.1141 0.5210 0.1370 0.2846 0.2555 0.1151 0.5177 0.1316 0.3314 0.2352 0.1171 0.5027 0.1259 0.3835 0.2126 0.1211 0.4641 0.1202 0.4364 0.1889 0.1294 0.4046 0.1157 0.4816 0.1667 0.1487 0.3393 0.1135 0.5117 0.1483 0.2149 0.2811 0.1141 0.5207 0.1337 0.3245 0.2338 0.1177 0.4918 0.1232 0.4135 0.1976 0.1261 0.4217 0.1167 0.4559
0.1150 0.4111 0.1278 0.1933 0.4235 0.1220 0.4835 0.1186 0.2281 0.3388 0.1320 0.5196 0.1144 0.2738 0.2297 0.1461 0.5143 0.1134 0.3310 0.1532 0.1641 0.4863 0.1153 0.3971 0.1307 0.1866 0.4409 0.1198 0.4606 0.1214 0.2117 0.3846 0.1259 0.5032 0.1170 0.2367 0.3267 0.1323 0.5187 0.1149 0.2594 0.2745 0.1383 0.5210 0.1139 0.2800 0.2301 0.1442 0.5170 0.1122 0.4352 0.1122 0.5169 0.1442 0.2300 0.2800 0.1139 0.5210 0.1383 0.2745 0.2594 0.1149 0.5187 0.1323 0.3267 0.2367 0.1170 0.5032 0.1259 0.3846 0.2117 0.1214 0.4606 0.1198 0.4409 0.1866 0.1307 0.3971 0.1153 0.4863 0.1642 0.1532 0.3310 0.1134 0.5143 0.1461 0.2297 0.2738 0.1144 0.5196 0.1320 0.3388 0.2281 0.1186 0.4835 0.1220 0.4235 0.1933 0.1278 0.4111 0.1150
0.3895 0.1298 0.1892 0.4331 0.1209 0.4744 0.1195 0.2227 0.3525 0.1304 0.5177 0.1148 0.2666 0.2453 0.1439 0.5166 0.1133 0.3226 0.1588 0.1615 0.4910 0.1149 0.3887 0.1324 0.1838 0.4464 0.1193 0.4555 0.1219 0.2100 0.3877 0.1257 0.5027 0.1170 0.2372 0.3242 0.1327 0.5193 0.1147 0.2626 0.2662 0.1395 0.5206 0.1137 0.2854 0.2190 0.1458 0.5165 0.1129 0.3392 0.1205 0.3393 0.1129 0.5164 0.1458 0.2190 0.2854 0.1137 0.5206 0.1395 0.2662 0.2626 0.1147 0.5193 0.1327 0.3242 0.2372 0.1170 0.5027 0.1257 0.3877 0.2100 0.1219 0.4555 0.1193 0.4464 0.1838 0.1324 0.3887 0.1149 0.4910 0.1616 0.1587 0.3228 0.1133 0.5166 0.1439 0.2453 0.2666 0.1147 0.5177 0.1304 0.3525 0.2227 0.1195 0.4744 0.1209 0.4330 0.1892 0.1298 0.3896
0.1335 0.1852 0.4420 0.1199 0.4648 0.1205 0.2174 0.3656 0.1288 0.5149 0.1152 0.2597 0.2611 0.1417 0.5184 0.1134 0.3142 0.1659 0.1589 0.4956 0.1145 0.3798 0.1344 0.1808 0.4525 0.1187 0.4491 0.1226 0.2076 0.3925 0.1252 0.5011 0.1171 0.2367 0.3242 0.1329 0.5195 0.1146 0.2648 0.2600 0.1404 0.5202 0.1136 0.2904 0.2090 0.1474 0.5150 0.1132 0.3196 0.1469 0.2034 0.1468 0.3198 0.1132 0.5150 0.1474 0.2090 0.2904 0.1136 0.5202 0.1404 0.2599 0.2649 0.1146 0.5195 0.1329 0.3241 0.2367 0.1171 0.5011 0.1252 0.3925 0.2076 0.1226 0.4491 0.1187 0.4525 0.1809 0.1344 0.3800 0.1145 0.4955 0.1590 0.1657 0.3144 0.1133 0.5184 0.1417 0.2610 0.2598 0.1152 0.5150 0.1288 0.3655 0.2174 0.1205 0.4649 0.1199 0.4419 0.1853 0.1335
0.1769 0.4504 0.1190 0.4547 0.1217 0.2123 0.3782 0.1273 0.5111 0.1157 0.2531 0.2770 0.1397 0.5198 0.1134 0.3059 0.1749 0.1563 0.4999 0.1142 0.3706 0.1368 0.1777 0.4589 0.1180 0.4414 0.1235 0.2047 0.3989 0.1246 0.4983 0.1173 0.2352 0.3267 0.1327 0.5195 0.1146 0.2661 0.2560 0.1411 0.5198 0.1135 0.2946 0.2008 0.1488 0.5133 0.1133 0.3211 0.1615 0.1670 0.4025 0.1672 0.1610 0.3215 0.1133 0.5132 0.1489 0.2004 0.2948 0.1135 0.5198 0.1411 0.2556 0.2662 0.1145 0.5196 0.1328 0.3263 0.2354 0.1173 0.4985 0.1246 0.3985 0.2048 0.1234 0.4417 0.1180 0.4587 0.1779 0.1367 0.3711 0.1142 0.4997 0.1564 0.1744 0.3063 0.1134 0.5198 0.1397 0.2762 0.2534 0.1156 0.5113 0.1274 0.3776 0.2125 0.1216 0.4552 0.1190 0.4500 0.1771
0.4396 0.1183 0.4443 0.1229 0.2074 0.3901 0.1259 0.5061 0.1163 0.2467 0.2926 0.1377 0.5207 0.1136 0.2977 0.1859 0.1537 0.5040 0.1139 0.3612 0.1396 0.1745 0.4654 0.1174 0.4327 0.1246 0.2013 0.4063 0.1238 0.4942 0.1177 0.2329 0.3314 0.1323 0.5193 0.1146 0.2661 0.2546 0.1414 0.5195 0.1135 0.2976 0.1947 0.1501 0.5116 0.1134 0.3261 0.1610 0.1601 0.4817 0.1243 0.4801 0.1611 0.1584 0.3288 0.1132 0.5108 0.1508 0.1915 0.2995 0.1133 0.5192 0.1419 0.2512 0.2675 0.1143 0.5196 0.1326 0.3287 0.2340 0.1173 0.4957 0.1240 0.4042 0.2023 0.1241 0.4348 0.1174 0.4640 0.1753 0.1388 0.3632 0.1138 0.5032 0.1543 0.1833 0.2994 0.1134 0.5206 0.1381 0.2892 0.2481 0.1159 0.5073 0.1262 0.3876 0.2085 0.1224 0.4466 0.1184 0.4377
0.1162 0.4338 0.1243 0.2027 0.4014 0.1246 0.5000 0.1169 0.2405 0.3079 0.1358 0.5210 0.1138 0.2898 0.1987 0.1512 0.5077 0.1137 0.3518 0.1430 0.1714 0.4718 0.1167 0.4234 0.1259 0.1977 0.4144 0.1229 0.4889 0.1182 0.2297 0.3381 0.1316 0.5187 0.1147 0.2648 0.2560 0.1414 0.5194 0.1135 0.2995 0.1907 0.1510 0.5102 0.1134 0.3311 0.1575 0.1602 0.4941 0.1150 0.5042 0.1159 0.4837 0.1659 0.1469 0.3465 0.1130 0.5048 0.1550 0.1738 0.3111 0.1125 0.5173 0.1443 0.2358 0.2738 0.1134 0.5204 0.1337 0.3213 0.2366 0.1163 0.4977 0.1243 0.4023 0.2030 0.1232 0.4354 0.1172 0.4640 0.1754 0.1382 0.3627 0.1134 0.5035 0.1542 0.1838 0.2989 0.1128 0.5206 0.1380 0.2903 0.2478 0.1152 0.5069 0.1261 0.3883 0.2084 0.1217 0.4465 0.1168
0.4116 0.1259 0.1982 0.4121 0.1233 0.4928 0.1176 0.2346 0.3227 0.1340 0.5207 0.1140 0.2821 0.2128 0.1487 0.5110 0.1135 0.3424 0.1469 0.1683 0.4779 0.1161 0.4138 0.1275 0.1939 0.4228 0.1220 0.4824 0.1188 0.2259 0.3466 0.1307 0.5177 0.1149 0.2626 0.2600 0.1411 0.5195 0.1135 0.3002 0.1888 0.1516 0.5092 0.1135 0.3351 0.1545 0.1615 0.4942 0.1142 0.4198 0.1098 0.4952 0.1206 0.4381 0.1888 0.1262 0.4080 0.1153 0.4756 0.1716 0.1392 0.3581 0.1126 0.5026 0.1559 0.1732 0.3079 0.1114 0.5190 0.1416 0.2602 0.2610 0.1124 0.5161 0.1295 0.3589 0.2208 0.1170 0.4710 0.1203 0.4360 0.1886 0.1275 0.3976 0.1144 0.4873 0.1639 0.1527 0.3277 0.1116 0.5154 0.1452 0.2362 0.2705 0.1120 0.5189 0.1313 0.3443 0.2266 0.1160 0.4696
0.1295 0.1939 0.4223 0.1222 0.4846 0.1185 0.2289 0.3370 0.1322 0.5198 0.1143 0.2747 0.2278 0.1464 0.5139 0.1134 0.3331 0.1517 0.1652 0.4839 0.1156 0.4037 0.1292 0.1901 0.4313 0.1211 0.4749 0.1195 0.2219 0.3562 0.1297 0.5162 0.1151 0.2594 0.2662 0.1404 0.5198 0.1135 0.2995 0.1888 0.1518 0.5087 0.1135 0.3378 0.1525 0.1627 0.4923 0.1144 0.3876 0.1169 0.3541 0.1149 0.5072 0.1464 0.2339 0.2729 0.1116 0.5202 0.1332 0.3251 0.2353 0.1141 0.4963 0.1240 0.4034 0.2033 0.1207 0.4360 0.1170 0.4629 0.1767 0.1350 0.3655 0.1127 0.5021 0.1555 0.1776 0.3022 0.1110 0.5204 0.1390 0.2827 0.2509 0.1125 0.5094 0.1267 0.3827 0.2111 0.1185 0.4507 0.1182 0.4536 0.1809 0.1318 0.3758 0.1131 0.4978 0.1582 0.1672 0.3111 0.1111
0.1850 0.4319 0.1211 0.4756 0.1194 0.2233 0.3508 0.1306 0.5180 0.1147 0.2675 0.2433 0.1441 0.5163 0.1133 0.3241 0.1575 0.1622 0.4894 0.1151 0.3934 0.1312 0.1863 0.4397 0.1201 0.4664 0.1204 0.2175 0.3664 0.1285 0.5139 0.1154 0.2555 0.2745 0.1395 0.5202 0.1135 0.2976 0.1907 0.1516 0.5087 0.1135 0.3391 0.1513 0.1636 0.4905 0.1147 0.3801 0.1286 0.2349 0.1306 0.4695 0.1474 0.2953 0.2399 0.1157 0.5001 0.1247 0.3981 0.2050 0.1221 0.4405 0.1176 0.4598 0.1776 0.1357 0.3693 0.1133 0.5005 0.1562 0.1749 0.3052 0.1122 0.5199 0.1396 0.2771 0.2532 0.1141 0.5110 0.1273 0.3783 0.2126 0.1199 0.4546 0.1187 0.4505 0.1817 0.1326 0.3796 0.1137 0.4962 0.1587 0.1662 0.3126 0.1121 0.5188 0.1414 0.2634 0.2591 0.1137 0.5028
0.4210 0.1202 0.4660 0.1204 0.2180 0.3640 0.1290 0.5153 0.1151 0.2606 0.2591 0.1420 0.5182 0.1134 0.3154 0.1647 0.1594 0.4946 0.1146 0.3831 0.1335 0.1826 0.4479 0.1193 0.4573 0.1214 0.2131 0.3770 0.1273 0.5107 0.1158 0.2510 0.2846 0.1383 0.5206 0.1136 0.2946 0.1947 0.1510 0.5092 0.1135 0.3391 0.1510 0.1640 0.4893 0.1148 0.3809 0.1347 0.1843 0.3952 0.1320 0.2452 0.1840 0.2442 0.1168 0.4953 0.1239 0.4059 0.2014 0.1243 0.4324 0.1172 0.4656 0.1745 0.1394 0.3610 0.1137 0.5040 0.1537 0.1856 0.2978 0.1132 0.5207 0.1377 0.2921 0.2470 0.1158 0.5063 0.1259 0.3897 0.2076 0.1225 0.4446 0.1180 0.4581 0.1779 0.1365 0.3699 0.1139 0.5006 0.1559 0.1764 0.3045 0.1131 0.5200 0.1393 0.2795 0.2522 0.1154 0.5105 0.1249
0.1177 0.4560 0.1215 0.2129 0.3766 0.1275 0.5116 0.1156 0.2539 0.2750 0.1399 0.5197 0.1134 0.3069 0.1736 0.1567 0.4992 0.1142 0.3729 0.1361 0.1789 0.4558 0.1184 0.4475 0.1226 0.2086 0.3877 0.1261 0.5066 0.1163 0.2461 0.2959 0.1370 0.5210 0.1137 0.2904 0.2008 0.1501 0.5102 0.1135 0.3378 0.1513 0.1640 0.4890 0.1149 0.3827 0.1350 0.1789 0.4520 0.1214 0.5012 0.1210 0.2749 0.1154 0.4991 0.1245 0.4004 0.2038 0.1238 0.4384 0.1177 0.4614 0.1766 0.1378 0.3672 0.1140 0.5014 0.1554 0.1784 0.3031 0.1134 0.5202 0.1390 0.2822 0.2510 0.1158 0.5096 0.1268 0.3822 0.2107 0.1220 0.4512 0.1187 0.4531 0.1802 0.1351 0.3763 0.1143 0.4977 0.1576 0.1703 0.3098 0.1133 0.5193 0.1406 0.2696 0.2562 0.1154 0.5130 0.1282 0.3487
0.4337 0.1228 0.2080 0.3886 0.1261 0.5068 0.1162 0.2475 0.2906 0.1379 0.5206 0.1136 0.2987 0.1844 0.1540 0.5035 0.1139 0.3629 0.1390 0.1754 0.4634 0.1176 0.4372 0.1239 0.2041 0.3983 0.1249 0.5013 0.1168 0.2409 0.3081 0.1355 0.5210 0.1139 0.2854 0.2090 0.1488 0.5116 0.1134 0.3351 0.1525 0.1636 0.4893 0.1149 0.3834 0.1348 0.1787 0.4594 0.1181 0.4676 0.1118 0.3150 0.1131 0.5043 0.1254 0.3929 0.2070 0.1228 0.4463 0.1184 0.4552 0.1795 0.1354 0.3759 0.1144 0.4974 0.1578 0.1693 0.3109 0.1134 0.5191 0.1409 0.2675 0.2570 0.1154 0.5135 0.1282 0.3708 0.2153 0.1209 0.4607 0.1195 0.4455 0.1837 0.1328 0.3858 0.1147 0.4932 0.1601 0.1626 0.3177 0.1133 0.5178 0.1426 0.2548 0.2625 0.1150 0.5161 0.1294 0.3605 0.2139
0.1262 0.2033 0.4000 0.1247 0.5008 0.1168 0.2413 0.3059 0.1360 0.5210 0.1137 0.2908 0.1970 0.1515 0.5073 0.1137 0.3531 0.1424 0.1720 0.4704 0.1169 0.4266 0.1253 0.1997 0.4088 0.1237 0.4949 0.1174 0.2357 0.3207 0.1341 0.5207 0.1141 0.2800 0.2190 0.1474 0.5133 0.1134 0.3311 0.1545 0.1627 0.4905 0.1148 0.3827 0.1348 0.1789 0.4598 0.1176 0.4462 0.1125 0.3410 0.1117 0.5106 0.1263 0.3855 0.2102 0.1220 0.4539 0.1191 0.4488 0.1826 0.1333 0.3847 0.1147 0.4930 0.1604 0.1617 0.3191 0.1133 0.5174 0.1430 0.2519 0.2637 0.1149 0.5167 0.1297 0.3581 0.2204 0.1199 0.4704 0.1205 0.4369 0.1875 0.1306 0.3961 0.1152 0.4881 0.1630 0.1559 0.3264 0.1133 0.5157 0.1447 0.2393 0.2693 0.1146 0.5185 0.1310 0.3473 0.2247 0.1209
0.1939 0.4106 0.1235 0.4939 0.1175 0.2354 0.3206 0.1342 0.5208 0.1140 0.2832 0.2106 0.1491 0.5106 0.1135 0.3437 0.1463 0.1688 0.4769 0.1162 0.4161 0.1270 0.1953 0.4189 0.1225 0.4874 0.1182 0.2305 0.3335 0.1326 0.5199 0.1143 0.2744 0.2301 0.1458 0.5150 0.1133 0.3261 0.1575 0.1615 0.4923 0.1147 0.3806 0.1351 0.1787 0.4600 0.1176 0.4372 0.1163 0.3088 0.1126 0.5193 0.1282 0.3771 0.2132 0.1212 0.4607 0.1197 0.4425 0.1856 0.1314 0.3934 0.1151 0.4885 0.1629 0.1556 0.3273 0.1133 0.5153 0.1451 0.2362 0.2707 0.1145 0.5189 0.1313 0.3446 0.2258 0.1189 0.4798 0.1216 0.4276 0.1916 0.1286 0.4066 0.1157 0.4824 0.1660 0.1504 0.3354 0.1134 0.5132 0.1470 0.2239 0.2765 0.1143 0.5201 0.1327 0.3334 0.2303 0.1183 0.4744
0.3985 0.1226 0.4867 0.1181 0.2303 0.3335 0.1327 0.5201 0.1141 0.2765 0.2239 0.1470 0.5132 0.1133 0.3354 0.1503 0.1660 0.4824 0.1156 0.4066 0.1285 0.1916 0.4277 0.1215 0.4797 0.1188 0.2257 0.3452 0.1312 0.5187 0.1145 0.2691 0.2411 0.1442 0.5165 0.1132 0.3211 0.1610 0.1602 0.4943 0.1145 0.3780 0.1355 0.1783 0.4603 0.1176 0.4336 0.1217 0.2425 0.1298 0.5124 0.1354 0.3580 0.2166 0.1205 0.4666 0.1203 0.4366 0.1884 0.1298 0.4016 0.1155 0.4838 0.1655 0.1507 0.3354 0.1134 0.5129 0.1473 0.2212 0.2780 0.1142 0.5203 0.1330 0.3306 0.2314 0.1181 0.4884 0.1227 0.4178 0.1958 0.1268 0.4173 0.1163 0.4762 0.1691 0.1458 0.3447 0.1135 0.5102 0.1493 0.2091 0.2840 0.1140 0.5209 0.1344 0.3190 0.2361 0.1174 0.4947 0.1218
0.1202 0.4834 0.1179 0.2281 0.3393 0.1320 0.5195 0.1138 0.2735 0.2302 0.1461 0.5143 0.1129 0.3316 0.1521 0.1648 0.4849 0.1152 0.4022 0.1288 0.1900 0.4316 0.1210 0.4759 0.1187 0.2236 0.3505 0.1306 0.5179 0.1141 0.2669 0.2456 0.1437 0.5170 0.1129 0.3196 0.1615 0.1601 0.4944 0.1142 0.3790 0.1345 0.1792 0.4579 0.1177 0.4370 0.1235 0.2055 0.3491 0.1409 0.1719 0.2640 0.2260 0.1196 0.4715 0.1209 0.4311 0.1910 0.1285 0.4092 0.1159 0.4790 0.1681 0.1467 0.3435 0.1135 0.5102 0.1495 0.2073 0.2852 0.1139 0.5210 0.1348 0.3160 0.2373 0.1173 0.4962 0.1239 0.4073 0.2002 0.1252 0.4279 0.1170 0.4696 0.1724 0.1420 0.3543 0.1137 0.5068 0.1518 0.1953 0.2918 0.1137 0.5210 0.1363 0.3040 0.2421 0.1167 0.5017 0.1251 0.3761
0.4880 0.1148 0.2402 0.3098 0.1355 0.5211 0.1120 0.2884 0.2002 0.1509 0.5084 0.1124 0.3501 0.1415 0.1714 0.4726 0.1161 0.4232 0.1235 0.1987 0.4120 0.1232 0.4929 0.1154 0.2351 0.3223 0.1340 0.5208 0.1121 0.2818 0.2132 0.1486 0.5116 0.1122 0.3392 0.1469 0.1670 0.4820 0.1149 0.4038 0.1273 0.1892 0.4365 0.1200 0.4649 0.1186 0.2146 0.3711 0.1310 0.5210 0.1208 0.2756 0.1167 0.4765 0.1213 0.4264 0.1933 0.1274 0.4161 0.1164 0.4744 0.1705 0.1435 0.3515 0.1137 0.5072 0.1517 0.1949 0.2924 0.1137 0.5210 0.1366 0.3011 0.2433 0.1166 0.5029 0.1252 0.3963 0.2048 0.1237 0.4386 0.1177 0.4624 0.1758 0.1386 0.3641 0.1140 0.5030 0.1543 0.1829 0.2997 0.1135 0.5205 0.1382 0.2886 0.2483 0.1161 0.5075 0.1263 0.3871 0.2034
0.1110 0.3074 0.1715 0.1570 0.4998 0.1129 0.3714 0.1329 0.1793 0.4570 0.1178 0.4462 0.1189 0.2090 0.3879 0.1260 0.5071 0.1126 0.2482 0.2892 0.1381 0.5207 0.1109 0.2992 0.1816 0.1547 0.5034 0.1125 0.3629 0.1355 0.1762 0.4640 0.1169 0.4352 0.1205 0.2033 0.4028 0.1241 0.4973 0.1137 0.2364 0.3219 0.1336 0.5204 0.1112 0.2739 0.2337 0.1454 0.5136 0.1117 0.3795 0.1119 0.4858 0.1218 0.4229 0.1951 0.1265 0.4220 0.1168 0.4701 0.1728 0.1409 0.3589 0.1139 0.5041 0.1539 0.1840 0.2995 0.1135 0.5205 0.1384 0.2862 0.2495 0.1160 0.5085 0.1265 0.3847 0.2096 0.1223 0.4490 0.1185 0.4548 0.1794 0.1357 0.3741 0.1143 0.4987 0.1570 0.1724 0.3080 0.1134 0.5195 0.1402 0.2729 0.2548 0.1156 0.5122 0.1277 0.3750 0.2136 0.1233
0.4880 0.1148 0.2402 0.3098 0.1355 0.5211 0.1120 0.2884 0.2002 0.1509 0.5084 0.1124 0.3501 0.1415 0.1714 0.4726 0.1161 0.4232 0.1235 0.1987 0.4120 0.1232 0.4929 0.1154 0.2351 0.3223 0.1340 0.5208 0.1121 0.2818 0.2132 0.1486 0.5116 0.1122 0.3392 0.1469 0.1670 0.4820 0.1149 0.4038 0.1273 0.1892 0.4365 0.1200 0.4649 0.1186 0.2141 0.3783 0.1275 0.5183 0.1108 0.5082 0.1226 0.4198 0.1963 0.1259 0.4265 0.1171 0.4662 0.1749 0.1387 0.3658 0.1141 0.5009 0.1560 0.1749 0.3066 0.1134 0.5196 0.1403 0.2715 0.2557 0.1155 0.5129 0.1280 0.3726 0.2146 0.1211 0.4593 0.1194 0.4467 0.1831 0.1332 0.3844 0.1147 0.4939 0.1597 0.1637 0.3165 0.1133 0.5180 0.1423 0.2571 0.2615 0.1151 0.5157 0.1292 0.3624 0.2187 0.1203 0.4551
0.1202 0.4834 0.1179 0.2281 0.3393 0.1320 0.5195 0.1138 0.2735 0.2302 0.1461 0.5143 0.1129 0.3316 0.1521 0.1648 0.4849 0.1152 0.4022 0.1288 0.1900 0.4316 0.1210 0.4759 0.1187 0.2236 0.3505 0.1306 0.5179 0.1141 0.2669 0.2456 0.1437 0.5170 0.1129 0.3196 0.1615 0.1601 0.4944 0.1142 0.3790 0.1345 0.1792 0.4579 0.1177 0.4368 0.1238 0.2006 0.4058 0.1272 0.5165 0.1265 0.4130 0.1974 0.1256 0.4294 0.1174 0.4632 0.1766 0.1371 0.3719 0.1143 0.4978 0.1580 0.1676 0.3135 0.1134 0.5183 0.1421 0.2572 0.2619 0.1150 0.5162 0.1295 0.3599 0.2197 0.1200 0.4692 0.1204 0.4380 0.1870 0.1309 0.3948 0.1151 0.4888 0.1626 0.1567 0.3253 0.1133 0.5160 0.1444 0.2413 0.2684 0.1147 0.5183 0.1308 0.3491 0.2240 0.1192 0.4768 0.1196
0.3985 0.1226 0.4867 0.1181 0.2303 0.3335 0.1327 0.5201 0.1141 0.2765 0.2239 0.1470 0.5132 0.1133 0.3354 0.1503 0.1660 0.4824 0.1156 0.4066 0.1285 0.1916 0.4277 0.1215 0.4797 0.1188 0.2257 0.3452 0.1312 0.5187 0.1145 0.2691 0.2411 0.1442 0.5165 0.1132 0.3211 0.1610 0.1602 0.4943 0.1145 0.3780 0.1355 0.1783 0.4603 0.1176 0.4322 0.1249 0.2006 0.3791 0.1447 0.3801 0.2001 0.1252 0.4310 0.1175 0.4612 0.1778 0.1359 0.3768 0.1145 0.4949 0.1598 0.1620 0.3199 0.1133 0.5167 0.1439 0.2434 0.2681 0.1147 0.5184 0.1310 0.3470 0.2250 0.1191 0.4786 0.1214 0.4288 0.1910 0.1288 0.4053 0.1156 0.4831 0.1656 0.1510 0.3343 0.1134 0.5136 0.1467 0.2258 0.2756 0.1143 0.5199 0.1324 0.3352 0.2296 0.1183 0.4857 0.1225 0.3999
0.1939 0.4106 0.1235 0.4939 0.1175 0.2354 0.3206 0.1342 0.5208 0.1140 0.2832 0.2106 0.1491 0.5106 0.1135 0.3437 0.1463 0.1688 0.4769 0.1162 0.4161 0.1270 0.1953 0.4189 0.1225 0.4874 0.1182 0.2305 0.3335 0.1326 0.5199 0.1143 0.2744 0.2301 0.1458 0.5150 0.1133 0.3261 0.1575 0.1615 0.4923 0.1147 0.3806 0.1351 0.1787 0.4600 0.1176 0.4322 0.1238 0.2141 0.2345 0.2140 0.1239 0.4320 0.1176 0.4601 0.1786 0.1352 0.3804 0.1147 0.4924 0.1614 0.1576 0.3259 0.1134 0.5150 0.1457 0.2306 0.2741 0.1143 0.5199 0.1325 0.3341 0.2303 0.1182 0.4872 0.1225 0.4190 0.1953 0.1270 0.4159 0.1162 0.4770 0.1687 0.1464 0.3435 0.1135 0.5106 0.1490 0.2109 0.2831 0.1140 0.5208 0.1342 0.3208 0.2353 0.1175 0.4937 0.1235 0.4108 0.1938
0.1262 0.2033 0.4000 0.1247 0.5008 0.1168 0.2413 0.3059 0.1360 0.5210 0.1137 0.2908 0.1970 0.1515 0.5073 0.1137 0.3531 0.1424 0.1720 0.4704 0.1169 0.4266 0.1253 0.1997 0.4088 0.1237 0.4949 0.1174 0.2357 0.3207 0.1341 0.5207 0.1141 0.2800 0.2190 0.1474 0.5133 0.1134 0.3311 0.1545 0.1627 0.4905 0.1148 0.3827 0.1348 0.1789 0.4600 0.1176 0.4368 0.1186 0.2739 0.1186 0.4368 0.1176 0.4600 0.1789 0.1348 0.3827 0.1148 0.4905 0.1627 0.1545 0.3310 0.1134 0.5133 0.1473 0.2191 0.2799 0.1141 0.5207 0.1340 0.3211 0.2356 0.1175 0.4947 0.1237 0.4088 0.1996 0.1254 0.4266 0.1169 0.4704 0.1720 0.1424 0.3531 0.1137 0.5073 0.1515 0.1970 0.2908 0.1137 0.5210 0.1360 0.3059 0.2413 0.1168 0.5008 0.1247 0.4000 0.2033 0.1262
