0.4651 0.1139 0.3475 0.1446 0.1627 0.4701 0.1142 0.3676 0.1385 0.1694 0.4561 0.1150 0.3892 0.1336 0.1768 0.4399 0.1162 0.4112 0.1296 0.1849 0.4213 0.1177 0.4334 0.1262 0.1937 0.4002 0.1195 0.4547 0.1234 0.2032 0.3766 0.1217 0.4741 0.1210 0.2136 0.3503 0.1243 0.4900 0.1190 0.2249 0.3215 0.1272 0.5009 0.1173 0.2371 0.2905 0.1304 0.5070 0.1149 0.2775 0.1344 0.2775 0.1149 0.5070 0.1304 0.2905 0.2371 0.1173 0.5009 0.1272 0.3215 0.2249 0.1190 0.4900 0.1243 0.3503 0.2136 0.1210 0.4741 0.1217 0.3766 0.2032 0.1234 0.4547 0.1195 0.4002 0.1937 0.1262 0.4334 0.1177 0.4213 0.1849 0.1296 0.4112 0.1162 0.4399 0.1768 0.1336 0.3892 0.1150 0.4561 0.1694 0.1385 0.3676 0.1142 0.4701 0.1627 0.1446 0.3475 0.1139 0.4651
0.1139 0.3624 0.1420 0.1695 0.4813 0.1155 0.3881 0.1348 0.1772 0.4669 0.1167 0.4107 0.1299 0.1851 0.4507 0.1183 0.4334 0.1260 0.1937 0.4322 0.1202 0.4556 0.1229 0.2031 0.4112 0.1224 0.4765 0.1204 0.2134 0.3875 0.1250 0.4944 0.1183 0.2245 0.3611 0.1280 0.5080 0.1168 0.2366 0.3321 0.1313 0.5164 0.1155 0.2497 0.3006 0.1350 0.5203 0.1145 0.2692 0.2075 0.1777 0.2075 0.2692 0.1145 0.5203 0.1350 0.3006 0.2497 0.1155 0.5164 0.1313 0.3321 0.2366 0.1168 0.5080 0.1280 0.3611 0.2245 0.1183 0.4944 0.1250 0.3875 0.2134 0.1204 0.4765 0.1224 0.4112 0.2031 0.1229 0.4556 0.1202 0.4322 0.1937 0.1260 0.4334 0.1183 0.4507 0.1851 0.1299 0.4107 0.1167 0.4669 0.1772 0.1348 0.3881 0.1155 0.4813 0.1695 0.1420 0.3624 0.1139
0.3475 0.1420 0.1707 0.4776 0.1157 0.3969 0.1325 0.1805 0.4599 0.1172 0.4212 0.1279 0.1890 0.4424 0.1190 0.4439 0.1244 0.1980 0.4227 0.1210 0.4656 0.1216 0.2078 0.4004 0.1234 0.4853 0.1193 0.2185 0.3755 0.1262 0.5014 0.1175 0.2301 0.3479 0.1293 0.5125 0.1160 0.2426 0.3176 0.1328 0.5187 0.1150 0.2562 0.2852 0.1367 0.5210 0.1142 0.2718 0.2400 0.1495 0.4611 0.1495 0.2400 0.2718 0.1142 0.5210 0.1367 0.2852 0.2562 0.1150 0.5187 0.1328 0.3176 0.2426 0.1160 0.5125 0.1293 0.3479 0.2301 0.1175 0.5014 0.1262 0.3755 0.2185 0.1193 0.4853 0.1234 0.4004 0.2078 0.1216 0.4656 0.1210 0.4227 0.1980 0.1244 0.4439 0.1190 0.4424 0.1890 0.1279 0.4212 0.1172 0.4599 0.1805 0.1325 0.3969 0.1157 0.4776 0.1707 0.1420 0.3475
0.1446 0.1695 0.4776 0.1159 0.4022 0.1311 0.1834 0.4533 0.1179 0.4312 0.1262 0.1930 0.4336 0.1199 0.4542 0.1230 0.2025 0.4125 0.1221 0.4752 0.1204 0.2127 0.3890 0.1247 0.4935 0.1184 0.2238 0.3628 0.1276 0.5073 0.1168 0.2359 0.3339 0.1309 0.5160 0.1155 0.2489 0.3026 0.1346 0.5202 0.1146 0.2630 0.2695 0.1386 0.5210 0.1139 0.2783 0.2340 0.1446 0.5105 0.1173 0.5105 0.1446 0.2340 0.2783 0.1139 0.5210 0.1386 0.2695 0.2630 0.1146 0.5202 0.1346 0.3026 0.2489 0.1155 0.5160 0.1309 0.3339 0.2359 0.1168 0.5073 0.1276 0.3628 0.2238 0.1184 0.4935 0.1247 0.3890 0.2127 0.1204 0.4752 0.1221 0.4125 0.2025 0.1230 0.4542 0.1199 0.4336 0.1930 0.1262 0.4312 0.1179 0.4533 0.1834 0.1311 0.4022 0.1159 0.4776 0.1695 0.1446
0.1627 0.4813 0.1157 0.4022 0.1306 0.1851 0.4485 0.1185 0.4397 0.1249 0.1969 0.4248 0.1208 0.4640 0.1217 0.2072 0.4019 0.1233 0.4842 0.1194 0.2178 0.3771 0.1260 0.5006 0.1176 0.2294 0.3496 0.1291 0.5120 0.1161 0.2419 0.3195 0.1326 0.5185 0.1150 0.2554 0.2872 0.1364 0.5209 0.1142 0.2700 0.2537 0.1406 0.5204 0.1137 0.2857 0.2203 0.1455 0.5159 0.1122 0.4397 0.1122 0.5159 0.1455 0.2203 0.2857 0.1137 0.5204 0.1406 0.2537 0.2700 0.1142 0.5209 0.1364 0.2872 0.2554 0.1150 0.5185 0.1326 0.3195 0.2419 0.1161 0.5120 0.1291 0.3496 0.2294 0.1176 0.5006 0.1260 0.3771 0.2178 0.1194 0.4842 0.1233 0.4019 0.2072 0.1217 0.4640 0.1208 0.4248 0.1969 0.1249 0.4397 0.1185 0.4485 0.1851 0.1306 0.4022 0.1157 0.4813 0.1627
0.4701 0.1155 0.3969 0.1311 0.1851 0.4467 0.1189 0.4454 0.1239 0.2003 0.4165 0.1218 0.4729 0.1207 0.2118 0.3910 0.1245 0.4924 0.1185 0.2231 0.3645 0.1274 0.5066 0.1168 0.2351 0.3357 0.1307 0.5156 0.1156 0.2481 0.3046 0.1344 0.5200 0.1146 0.2621 0.2715 0.1383 0.5210 0.1139 0.2772 0.2379 0.1427 0.5192 0.1135 0.2935 0.2059 0.1475 0.5149 0.1129 0.3439 0.1198 0.3439 0.1129 0.5149 0.1475 0.2059 0.2935 0.1135 0.5192 0.1427 0.2379 0.2772 0.1139 0.5210 0.1383 0.2715 0.2621 0.1146 0.5200 0.1344 0.3046 0.2481 0.1156 0.5156 0.1307 0.3357 0.2351 0.1168 0.5066 0.1274 0.3645 0.2231 0.1185 0.4924 0.1245 0.3910 0.2118 0.1207 0.4729 0.1218 0.4165 0.2003 0.1239 0.4454 0.1189 0.4467 0.1851 0.1311 0.3969 0.1155 0.4701
0.1142 0.3881 0.1325 0.1834 0.4485 0.1189 0.4474 0.1234 0.2027 0.4098 0.1226 0.4802 0.1198 0.2163 0.3800 0.1257 0.4994 0.1177 0.2285 0.3514 0.1289 0.5115 0.1162 0.2411 0.3214 0.1324 0.5182 0.1151 0.2545 0.2892 0.1362 0.5209 0.1143 0.2691 0.2557 0.1404 0.5205 0.1137 0.2847 0.2225 0.1449 0.5176 0.1134 0.3015 0.1925 0.1499 0.5125 0.1133 0.3257 0.1442 0.2059 0.1442 0.3257 0.1133 0.5125 0.1499 0.1925 0.3015 0.1134 0.5176 0.1449 0.2225 0.2847 0.1137 0.5205 0.1404 0.2557 0.2691 0.1143 0.5209 0.1362 0.2892 0.2545 0.1151 0.5182 0.1324 0.3214 0.2411 0.1162 0.5115 0.1289 0.3514 0.2285 0.1177 0.4994 0.1257 0.3800 0.2163 0.1198 0.4802 0.1226 0.4098 0.2027 0.1234 0.4474 0.1189 0.4485 0.1834 0.1325 0.3881 0.1142
0.3676 0.1348 0.1805 0.4533 0.1185 0.4454 0.1234 0.2035 0.4061 0.1232 0.4856 0.1191 0.2204 0.3697 0.1270 0.5051 0.1170 0.2339 0.3382 0.1304 0.5151 0.1156 0.2472 0.3065 0.1341 0.5199 0.1147 0.2612 0.2735 0.1381 0.5210 0.1140 0.2763 0.2399 0.1424 0.5194 0.1135 0.2925 0.2078 0.1472 0.5155 0.1133 0.3098 0.1805 0.1523 0.5095 0.1134 0.3294 0.1559 0.1692 0.3955 0.1692 0.1559 0.3294 0.1134 0.5095 0.1523 0.1805 0.3098 0.1133 0.5155 0.1472 0.2078 0.2925 0.1135 0.5194 0.1424 0.2399 0.2763 0.1140 0.5210 0.1381 0.2735 0.2612 0.1147 0.5199 0.1341 0.3065 0.2472 0.1156 0.5151 0.1304 0.3382 0.2339 0.1170 0.5051 0.1270 0.3697 0.2204 0.1191 0.4856 0.1232 0.4061 0.2035 0.1234 0.4454 0.1185 0.4533 0.1805 0.1348 0.3676
0.1385 0.1772 0.4599 0.1179 0.4397 0.1239 0.2027 0.4061 0.1234 0.4885 0.1187 0.2235 0.3610 0.1281 0.5094 0.1164 0.2392 0.3251 0.1320 0.5178 0.1152 0.2535 0.2915 0.1359 0.5208 0.1143 0.2682 0.2577 0.1401 0.5206 0.1137 0.2837 0.2244 0.1446 0.5179 0.1134 0.3005 0.1941 0.1496 0.5130 0.1133 0.3184 0.1703 0.1549 0.5060 0.1136 0.3376 0.1538 0.1628 0.4769 0.1251 0.4769 0.1628 0.1538 0.3376 0.1136 0.5060 0.1549 0.1703 0.3184 0.1133 0.5130 0.1496 0.1941 0.3005 0.1134 0.5179 0.1446 0.2244 0.2837 0.1137 0.5206 0.1401 0.2577 0.2682 0.1143 0.5208 0.1359 0.2915 0.2535 0.1152 0.5178 0.1320 0.3251 0.2392 0.1164 0.5094 0.1281 0.3610 0.2235 0.1187 0.4885 0.1234 0.4061 0.2027 0.1239 0.4397 0.1179 0.4599 0.1772 0.1385
0.1694 0.4669 0.1172 0.4312 0.1249 0.2003 0.4098 0.1232 0.4885 0.1185 0.2253 0.3551 0.1289 0.5123 0.1160 0.2440 0.3127 0.1335 0.5195 0.1148 0.2597 0.2766 0.1378 0.5210 0.1140 0.2753 0.2419 0.1422 0.5196 0.1135 0.2915 0.2096 0.1469 0.5158 0.1133 0.3088 0.1819 0.1520 0.5099 0.1134 0.3272 0.1621 0.1576 0.5021 0.1138 0.3468 0.1492 0.1640 0.4885 0.1156 0.5034 0.1156 0.4885 0.1640 0.1492 0.3468 0.1138 0.5021 0.1576 0.1621 0.3272 0.1134 0.5099 0.1520 0.1819 0.3088 0.1133 0.5158 0.1469 0.2096 0.2915 0.1135 0.5196 0.1422 0.2419 0.2753 0.1140 0.5210 0.1378 0.2766 0.2597 0.1148 0.5195 0.1335 0.3127 0.2440 0.1160 0.5123 0.1289 0.3551 0.2253 0.1185 0.4885 0.1232 0.4098 0.2003 0.1249 0.4312 0.1172 0.4669 0.1694
0.4561 0.1167 0.4212 0.1262 0.1969 0.4165 0.1226 0.4856 0.1187 0.2253 0.3529 0.1294 0.5139 0.1157 0.2479 0.3021 0.1349 0.5205 0.1144 0.2659 0.2621 0.1396 0.5207 0.1138 0.2825 0.2267 0.1443 0.5181 0.1134 0.2995 0.1958 0.1493 0.5133 0.1133 0.3173 0.1715 0.1546 0.5065 0.1135 0.3363 0.1554 0.1604 0.4977 0.1140 0.3564 0.1449 0.1667 0.4862 0.1148 0.4163 0.1130 0.4163 0.1148 0.4862 0.1667 0.1449 0.3564 0.1140 0.4977 0.1604 0.1554 0.3363 0.1135 0.5065 0.1546 0.1715 0.3173 0.1133 0.5133 0.1493 0.1958 0.2995 0.1134 0.5181 0.1443 0.2267 0.2825 0.1138 0.5207 0.1396 0.2621 0.2659 0.1144 0.5205 0.1349 0.3021 0.2479 0.1157 0.5139 0.1294 0.3529 0.2253 0.1187 0.4856 0.1226 0.4165 0.1969 0.1262 0.4212 0.1167 0.4561
0.1150 0.4107 0.1279 0.1930 0.4248 0.1218 0.4802 0.1191 0.2235 0.3551 0.1294 0.5145 0.1156 0.2506 0.2942 0.1360 0.5209 0.1142 0.2717 0.2485 0.1414 0.5199 0.1136 0.2897 0.2124 0.1465 0.5161 0.1134 0.3076 0.1834 0.1517 0.5103 0.1134 0.3261 0.1630 0.1572 0.5026 0.1137 0.3456 0.1499 0.1632 0.4928 0.1144 0.3663 0.1412 0.1698 0.4810 0.1153 0.3953 0.1247 0.2441 0.1247 0.3953 0.1153 0.4810 0.1698 0.1412 0.3663 0.1144 0.4928 0.1632 0.1499 0.3456 0.1137 0.5026 0.1572 0.1630 0.3261 0.1134 0.5103 0.1517 0.1834 0.3076 0.1134 0.5161 0.1465 0.2124 0.2897 0.1136 0.5199 0.1414 0.2485 0.2717 0.1142 0.5209 0.1360 0.2942 0.2506 0.1156 0.5145 0.1294 0.3551 0.2235 0.1191 0.4802 0.1218 0.4248 0.1930 0.1279 0.4107 0.1150
0.3892 0.1299 0.1890 0.4336 0.1208 0.4729 0.1198 0.2204 0.3610 0.1289 0.5139 0.1156 0.2515 0.2899 0.1368 0.5210 0.1140 0.2765 0.2369 0.1431 0.5188 0.1135 0.2968 0.1995 0.1487 0.5139 0.1133 0.3159 0.1729 0.1542 0.5070 0.1135 0.3351 0.1561 0.1600 0.4983 0.1140 0.3552 0.1454 0.1663 0.4876 0.1148 0.3764 0.1380 0.1731 0.4748 0.1158 0.3997 0.1301 0.1959 0.2994 0.1959 0.1301 0.3997 0.1158 0.4748 0.1731 0.1380 0.3764 0.1148 0.4876 0.1663 0.1454 0.3552 0.1140 0.4983 0.1600 0.1561 0.3351 0.1135 0.5070 0.1542 0.1729 0.3159 0.1133 0.5139 0.1487 0.1995 0.2968 0.1135 0.5188 0.1431 0.2369 0.2765 0.1140 0.5210 0.1368 0.2899 0.2515 0.1156 0.5139 0.1289 0.3610 0.2204 0.1198 0.4729 0.1208 0.4336 0.1890 0.1299 0.3892
0.1336 0.1851 0.4424 0.1199 0.4640 0.1207 0.2163 0.3697 0.1281 0.5123 0.1157 0.2506 0.2899 0.1370 0.5210 0.1139 0.2801 0.2281 0.1446 0.5176 0.1134 0.3036 0.1883 0.1508 0.5113 0.1134 0.3241 0.1645 0.1568 0.5032 0.1137 0.3443 0.1506 0.1629 0.4935 0.1143 0.3650 0.1416 0.1694 0.4818 0.1152 0.3866 0.1351 0.1766 0.4681 0.1164 0.4092 0.1298 0.1873 0.4187 0.1369 0.4187 0.1873 0.1298 0.4092 0.1164 0.4681 0.1766 0.1351 0.3866 0.1152 0.4818 0.1694 0.1416 0.3650 0.1143 0.4935 0.1629 0.1506 0.3443 0.1137 0.5032 0.1568 0.1645 0.3241 0.1134 0.5113 0.1508 0.1883 0.3036 0.1134 0.5176 0.1446 0.2281 0.2801 0.1139 0.5210 0.1370 0.2899 0.2506 0.1157 0.5123 0.1281 0.3697 0.2163 0.1207 0.4640 0.1199 0.4424 0.1851 0.1336
0.1768 0.4507 0.1190 0.4542 0.1217 0.2118 0.3800 0.1270 0.5094 0.1160 0.2479 0.2942 0.1368 0.5210 0.1139 0.2820 0.2224 0.1456 0.5165 0.1134 0.3094 0.1794 0.1529 0.5085 0.1135 0.3322 0.1579 0.1593 0.4992 0.1140 0.3536 0.1461 0.1658 0.4883 0.1147 0.3751 0.1383 0.1727 0.4756 0.1158 0.3971 0.1326 0.1802 0.4608 0.1171 0.4196 0.1281 0.1889 0.4376 0.1224 0.5210 0.1224 0.4376 0.1889 0.1281 0.4196 0.1171 0.4608 0.1802 0.1326 0.3971 0.1158 0.4756 0.1727 0.1383 0.3751 0.1147 0.4883 0.1658 0.1461 0.3536 0.1140 0.4992 0.1593 0.1579 0.3322 0.1135 0.5085 0.1529 0.1794 0.3094 0.1134 0.5165 0.1456 0.2224 0.2820 0.1139 0.5210 0.1368 0.2942 0.2479 0.1160 0.5094 0.1270 0.3800 0.2118 0.1217 0.4542 0.1190 0.4507 0.1768
0.4399 0.1183 0.4439 0.1230 0.2072 0.3910 0.1257 0.5051 0.1164 0.2440 0.3021 0.1360 0.5210 0.1139 0.2820 0.2204 0.1462 0.5157 0.1134 0.3140 0.1730 0.1547 0.5058 0.1136 0.3400 0.1527 0.1619 0.4949 0.1142 0.3628 0.1423 0.1688 0.4827 0.1152 0.3852 0.1355 0.1761 0.4689 0.1164 0.4076 0.1304 0.1839 0.4531 0.1179 0.4303 0.1264 0.1926 0.4338 0.1203 0.4876 0.1109 0.4876 0.1203 0.4338 0.1926 0.1264 0.4303 0.1179 0.4531 0.1839 0.1304 0.4076 0.1164 0.4689 0.1761 0.1355 0.3852 0.1152 0.4827 0.1688 0.1423 0.3628 0.1142 0.4949 0.1619 0.1527 0.3400 0.1136 0.5058 0.1547 0.1730 0.3140 0.1134 0.5157 0.1462 0.2204 0.2820 0.1139 0.5210 0.1360 0.3021 0.2440 0.1164 0.5051 0.1257 0.3910 0.2072 0.1230 0.4439 0.1183 0.4399
0.1162 0.4334 0.1244 0.2025 0.4019 0.1245 0.4994 0.1170 0.2392 0.3127 0.1349 0.5209 0.1140 0.2801 0.2224 0.1462 0.5154 0.1134 0.3170 0.1690 0.1560 0.5035 0.1137 0.3469 0.1487 0.1643 0.4906 0.1146 0.3719 0.1392 0.1719 0.4769 0.1157 0.3953 0.1330 0.1797 0.4618 0.1170 0.4183 0.1284 0.1879 0.4448 0.1187 0.4409 0.1248 0.1968 0.4253 0.1208 0.4697 0.1159 0.2940 0.1159 0.4697 0.1208 0.4253 0.1968 0.1248 0.4409 0.1187 0.4448 0.1879 0.1284 0.4183 0.1170 0.4618 0.1797 0.1330 0.3953 0.1157 0.4769 0.1719 0.1392 0.3719 0.1146 0.4906 0.1643 0.1487 0.3469 0.1137 0.5035 0.1560 0.1690 0.3170 0.1134 0.5154 0.1462 0.2224 0.2801 0.1140 0.5209 0.1349 0.3127 0.2392 0.1170 0.4994 0.1245 0.4019 0.2025 0.1244 0.4334 0.1162
0.4112 0.1260 0.1980 0.4125 0.1233 0.4924 0.1177 0.2339 0.3251 0.1335 0.5205 0.1142 0.2765 0.2281 0.1456 0.5157 0.1134 0.3180 0.1670 0.1569 0.5018 0.1139 0.3525 0.1458 0.1665 0.4863 0.1149 0.3806 0.1366 0.1750 0.4709 0.1162 0.4053 0.1308 0.1833 0.4543 0.1178 0.4289 0.1266 0.1920 0.4361 0.1196 0.4513 0.1234 0.2012 0.4155 0.1218 0.4737 0.1193 0.2313 0.1898 0.2313 0.1193 0.4737 0.1218 0.4155 0.2012 0.1234 0.4513 0.1196 0.4361 0.1920 0.1266 0.4289 0.1178 0.4543 0.1833 0.1308 0.4053 0.1162 0.4709 0.1750 0.1366 0.3806 0.1149 0.4863 0.1665 0.1458 0.3525 0.1139 0.5018 0.1569 0.1670 0.3180 0.1134 0.5157 0.1456 0.2281 0.2765 0.1142 0.5205 0.1335 0.3251 0.2339 0.1177 0.4924 0.1233 0.4125 0.1980 0.1260 0.4112
0.1296 0.1937 0.4227 0.1221 0.4842 0.1185 0.2285 0.3382 0.1320 0.5195 0.1144 0.2717 0.2369 0.1446 0.5165 0.1134 0.3170 0.1670 0.1572 0.5008 0.1140 0.3564 0.1438 0.1683 0.4826 0.1152 0.3884 0.1344 0.1779 0.4648 0.1168 0.4149 0.1289 0.1869 0.4465 0.1186 0.4393 0.1250 0.1962 0.4267 0.1206 0.4615 0.1221 0.2059 0.4050 0.1229 0.4819 0.1194 0.2201 0.3318 0.1529 0.3318 0.2201 0.1194 0.4819 0.1229 0.4050 0.2059 0.1221 0.4615 0.1206 0.4267 0.1962 0.1250 0.4393 0.1186 0.4465 0.1869 0.1289 0.4149 0.1168 0.4648 0.1779 0.1344 0.3884 0.1152 0.4826 0.1683 0.1438 0.3564 0.1140 0.5008 0.1572 0.1670 0.3170 0.1134 0.5165 0.1446 0.2369 0.2717 0.1144 0.5195 0.1320 0.3382 0.2285 0.1185 0.4842 0.1221 0.4227 0.1937 0.1296
0.1849 0.4322 0.1210 0.4752 0.1194 0.2231 0.3514 0.1304 0.5178 0.1148 0.2659 0.2485 0.1431 0.5176 0.1134 0.3140 0.1690 0.1569 0.5008 0.1140 0.3585 0.1426 0.1696 0.4797 0.1155 0.3951 0.1327 0.1807 0.4589 0.1174 0.4241 0.1273 0.1906 0.4386 0.1194 0.4492 0.1236 0.2005 0.4170 0.1216 0.4713 0.1209 0.2107 0.3939 0.1242 0.4902 0.1187 0.2223 0.3591 0.1329 0.5059 0.1329 0.3591 0.2223 0.1187 0.4902 0.1242 0.3939 0.2107 0.1209 0.4713 0.1216 0.4170 0.2005 0.1236 0.4492 0.1194 0.4386 0.1906 0.1273 0.4241 0.1174 0.4589 0.1807 0.1327 0.3951 0.1155 0.4797 0.1696 0.1426 0.3585 0.1140 0.5008 0.1569 0.1690 0.3140 0.1134 0.5176 0.1431 0.2485 0.2659 0.1148 0.5178 0.1304 0.3514 0.2231 0.1194 0.4752 0.1210 0.4322 0.1849
0.4213 0.1202 0.4656 0.1204 0.2178 0.3645 0.1289 0.5151 0.1152 0.2597 0.2621 0.1414 0.5188 0.1134 0.3094 0.1730 0.1560 0.5018 0.1140 0.3585 0.1422 0.1703 0.4778 0.1158 0.4000 0.1314 0.1830 0.4535 0.1180 0.4325 0.1259 0.1942 0.4305 0.1202 0.4585 0.1224 0.2048 0.4071 0.1227 0.4804 0.1198 0.2157 0.3821 0.1255 0.4977 0.1179 0.2271 0.3536 0.1296 0.5202 0.1122 0.5202 0.1296 0.3536 0.2271 0.1179 0.4977 0.1255 0.3821 0.2157 0.1198 0.4804 0.1227 0.4071 0.2048 0.1224 0.4585 0.1202 0.4305 0.1942 0.1259 0.4325 0.1180 0.4535 0.1830 0.1314 0.4000 0.1158 0.4778 0.1703 0.1422 0.3585 0.1140 0.5018 0.1560 0.1730 0.3094 0.1134 0.5188 0.1414 0.2621 0.2597 0.1152 0.5151 0.1289 0.3645 0.2178 0.1204 0.4656 0.1202 0.4213
0.1177 0.4556 0.1216 0.2127 0.3771 0.1274 0.5115 0.1156 0.2535 0.2766 0.1396 0.5199 0.1135 0.3036 0.1794 0.1547 0.5035 0.1139 0.3564 0.1426 0.1703 0.4772 0.1159 0.4032 0.1306 0.1848 0.4491 0.1185 0.4397 0.1248 0.1975 0.4227 0.1211 0.4672 0.1213 0.2091 0.3969 0.1239 0.4885 0.1189 0.2208 0.3699 0.1268 0.5042 0.1171 0.2327 0.3414 0.1302 0.5164 0.1123 0.3569 0.1123 0.5164 0.1302 0.3414 0.2327 0.1171 0.5042 0.1268 0.3699 0.2208 0.1189 0.4885 0.1239 0.3969 0.2091 0.1213 0.4672 0.1211 0.4227 0.1975 0.1248 0.4397 0.1185 0.4491 0.1848 0.1306 0.4032 0.1159 0.4772 0.1703 0.1426 0.3564 0.1139 0.5035 0.1547 0.1794 0.3036 0.1135 0.5199 0.1396 0.2766 0.2535 0.1156 0.5115 0.1274 0.3771 0.2127 0.1216 0.4556 0.1177
0.4334 0.1229 0.2078 0.3890 0.1260 0.5066 0.1162 0.2472 0.2915 0.1378 0.5207 0.1136 0.2968 0.1883 0.1529 0.5058 0.1137 0.3525 0.1438 0.1696 0.4778 0.1159 0.4043 0.1302 0.1859 0.4460 0.1189 0.4454 0.1239 0.2005 0.4154 0.1220 0.4749 0.1204 0.2134 0.3867 0.1250 0.4957 0.1181 0.2259 0.3575 0.1282 0.5095 0.1165 0.2386 0.3274 0.1317 0.5175 0.1144 0.2775 0.1375 0.2775 0.1144 0.5175 0.1317 0.3274 0.2386 0.1165 0.5095 0.1282 0.3575 0.2259 0.1181 0.4957 0.1250 0.3867 0.2134 0.1204 0.4749 0.1220 0.4154 0.2005 0.1239 0.4454 0.1189 0.4460 0.1859 0.1302 0.4043 0.1159 0.4778 0.1696 0.1438 0.3525 0.1137 0.5058 0.1529 0.1883 0.2968 0.1136 0.5207 0.1378 0.2915 0.2472 0.1162 0.5066 0.1260 0.3890 0.2078 0.1229 0.4334
0.1262 0.2031 0.4004 0.1247 0.5006 0.1168 0.2411 0.3065 0.1359 0.5210 0.1138 0.2897 0.1995 0.1508 0.5085 0.1136 0.3469 0.1458 0.1683 0.4797 0.1158 0.4032 0.1302 0.1863 0.4444 0.1191 0.4493 0.1232 0.2030 0.4092 0.1227 0.4815 0.1196 0.2175 0.3768 0.1262 0.5018 0.1174 0.2310 0.3450 0.1297 0.5135 0.1159 0.2445 0.3129 0.1334 0.5193 0.1147 0.2633 0.2215 0.1742 0.2215 0.2633 0.1147 0.5193 0.1334 0.3129 0.2445 0.1159 0.5135 0.1297 0.3450 0.2310 0.1174 0.5018 0.1262 0.3768 0.2175 0.1196 0.4815 0.1227 0.4092 0.2030 0.1232 0.4493 0.1191 0.4444 0.1863 0.1302 0.4032 0.1158 0.4797 0.1683 0.1458 0.3469 0.1136 0.5085 0.1508 0.1995 0.2897 0.1138 0.5210 0.1359 0.3065 0.2411 0.1168 0.5006 0.1247 0.4004 0.2031 0.1262
0.1937 0.4112 0.1234 0.4935 0.1176 0.2351 0.3214 0.1341 0.5208 0.1140 0.2825 0.2124 0.1487 0.5113 0.1135 0.3400 0.1487 0.1665 0.4826 0.1155 0.4000 0.1306 0.1859 0.4444 0.1192 0.4512 0.1228 0.2047 0.4043 0.1233 0.4866 0.1190 0.2212 0.3673 0.1273 0.5066 0.1168 0.2361 0.3326 0.1312 0.5165 0.1154 0.2505 0.2983 0.1351 0.5205 0.1144 0.2661 0.2530 0.1474 0.4677 0.1474 0.2530 0.2661 0.1144 0.5205 0.1351 0.2983 0.2505 0.1154 0.5165 0.1312 0.3326 0.2361 0.1168 0.5066 0.1273 0.3673 0.2212 0.1190 0.4866 0.1233 0.4043 0.2047 0.1228 0.4512 0.1192 0.4444 0.1859 0.1306 0.4000 0.1155 0.4826 0.1665 0.1487 0.3400 0.1135 0.5113 0.1487 0.2124 0.2825 0.1140 0.5208 0.1341 0.3214 0.2351 0.1176 0.4935 0.1234 0.4112 0.1937
0.4002 0.1224 0.4853 0.1184 0.2294 0.3357 0.1324 0.5199 0.1143 0.2753 0.2267 0.1465 0.5139 0.1134 0.3322 0.1527 0.1643 0.4863 0.1152 0.3951 0.1314 0.1848 0.4460 0.1191 0.4512 0.1227 0.2055 0.4012 0.1238 0.4903 0.1185 0.2244 0.3588 0.1283 0.5103 0.1163 0.2409 0.3204 0.1326 0.5186 0.1150 0.2565 0.2840 0.1369 0.5210 0.1141 0.2724 0.2466 0.1428 0.5130 0.1165 0.5130 0.1428 0.2466 0.2724 0.1141 0.5210 0.1369 0.2840 0.2565 0.1150 0.5186 0.1326 0.3204 0.2409 0.1163 0.5103 0.1283 0.3588 0.2244 0.1185 0.4903 0.1238 0.4012 0.2055 0.1227 0.4512 0.1191 0.4460 0.1848 0.1314 0.3951 0.1152 0.4863 0.1643 0.1527 0.3322 0.1134 0.5139 0.1465 0.2267 0.2753 0.1143 0.5199 0.1324 0.3357 0.2294 0.1184 0.4853 0.1224 0.4002
0.1195 0.4765 0.1193 0.2238 0.3496 0.1307 0.5182 0.1147 0.2682 0.2419 0.1443 0.5161 0.1133 0.3241 0.1579 0.1619 0.4906 0.1149 0.3884 0.1327 0.1830 0.4491 0.1189 0.4493 0.1228 0.2055 0.4002 0.1240 0.4925 0.1182 0.2268 0.3520 0.1292 0.5130 0.1159 0.2455 0.3089 0.1340 0.5199 0.1146 0.2624 0.2698 0.1387 0.5209 0.1139 0.2793 0.2329 0.1437 0.5176 0.1121 0.4307 0.1121 0.5176 0.1437 0.2329 0.2793 0.1139 0.5209 0.1387 0.2698 0.2624 0.1146 0.5199 0.1340 0.3089 0.2455 0.1159 0.5130 0.1292 0.3520 0.2268 0.1182 0.4925 0.1240 0.4002 0.2055 0.1228 0.4493 0.1189 0.4491 0.1830 0.1327 0.3884 0.1149 0.4906 0.1619 0.1579 0.3241 0.1133 0.5161 0.1443 0.2419 0.2682 0.1147 0.5182 0.1307 0.3496 0.2238 0.1193 0.4765 0.1195
0.4547 0.1204 0.2185 0.3628 0.1291 0.5156 0.1151 0.2612 0.2577 0.1422 0.5181 0.1134 0.3159 0.1645 0.1593 0.4949 0.1146 0.3806 0.1344 0.1807 0.4535 0.1185 0.4454 0.1232 0.2047 0.4012 0.1240 0.4932 0.1180 0.2283 0.3472 0.1299 0.5149 0.1156 0.2494 0.2986 0.1353 0.5207 0.1143 0.2682 0.2563 0.1404 0.5204 0.1137 0.2862 0.2188 0.1456 0.5168 0.1129 0.3361 0.1210 0.3361 0.1129 0.5168 0.1456 0.2188 0.2862 0.1137 0.5204 0.1404 0.2563 0.2682 0.1143 0.5207 0.1353 0.2986 0.2494 0.1156 0.5149 0.1299 0.3472 0.2283 0.1180 0.4932 0.1240 0.4012 0.2047 0.1232 0.4454 0.1185 0.4535 0.1807 0.1344 0.3806 0.1146 0.4949 0.1593 0.1645 0.3159 0.1134 0.5181 0.1422 0.2577 0.2612 0.1151 0.5156 0.1291 0.3628 0.2185 0.1204 0.4547
0.1234 0.2134 0.3755 0.1276 0.5120 0.1156 0.2545 0.2735 0.1401 0.5196 0.1134 0.3076 0.1729 0.1568 0.4992 0.1142 0.3719 0.1366 0.1779 0.4589 0.1180 0.4397 0.1239 0.2030 0.4043 0.1238 0.4925 0.1180 0.2288 0.3447 0.1303 0.5160 0.1154 0.2526 0.2899 0.1365 0.5210 0.1141 0.2736 0.2438 0.1421 0.5195 0.1135 0.2931 0.2058 0.1476 0.5149 0.1132 0.3182 0.1481 0.2020 0.1481 0.3182 0.1132 0.5149 0.1476 0.2058 0.2931 0.1135 0.5195 0.1421 0.2438 0.2736 0.1141 0.5210 0.1365 0.2899 0.2526 0.1154 0.5160 0.1303 0.3447 0.2288 0.1180 0.4925 0.1238 0.4043 0.2030 0.1239 0.4397 0.1180 0.4589 0.1779 0.1366 0.3719 0.1142 0.4992 0.1568 0.1729 0.3076 0.1134 0.5196 0.1401 0.2735 0.2545 0.1156 0.5120 0.1276 0.3755 0.2134 0.1234
0.2032 0.3875 0.1262 0.5073 0.1161 0.2481 0.2892 0.1381 0.5206 0.1135 0.2995 0.1834 0.1542 0.5032 0.1140 0.3628 0.1392 0.1750 0.4648 0.1174 0.4325 0.1248 0.2005 0.4092 0.1233 0.4903 0.1182 0.2283 0.3447 0.1305 0.5165 0.1152 0.2549 0.2832 0.1374 0.5210 0.1139 0.2786 0.2325 0.1438 0.5183 0.1134 0.2999 0.1941 0.1497 0.5126 0.1133 0.3213 0.1620 0.1665 0.4051 0.1665 0.1620 0.3213 0.1133 0.5126 0.1497 0.1941 0.2999 0.1134 0.5183 0.1438 0.2325 0.2786 0.1139 0.5210 0.1374 0.2832 0.2549 0.1152 0.5165 0.1305 0.3447 0.2283 0.1182 0.4903 0.1233 0.4092 0.2005 0.1248 0.4325 0.1174 0.4648 0.1750 0.1392 0.3628 0.1140 0.5032 0.1542 0.1834 0.2995 0.1135 0.5206 0.1381 0.2892 0.2481 0.1161 0.5073 0.1262 0.3875 0.2032
0.3766 0.1250 0.5014 0.1168 0.2419 0.3046 0.1362 0.5210 0.1137 0.2915 0.1958 0.1517 0.5070 0.1137 0.3536 0.1423 0.1719 0.4709 0.1168 0.4241 0.1259 0.1975 0.4154 0.1227 0.4866 0.1185 0.2268 0.3472 0.1303 0.5165 0.1152 0.2561 0.2790 0.1381 0.5209 0.1138 0.2828 0.2229 0.1453 0.5170 0.1134 0.3063 0.1841 0.1518 0.5100 0.1134 0.3284 0.1599 0.1602 0.4824 0.1239 0.4824 0.1602 0.1599 0.3284 0.1134 0.5100 0.1518 0.1841 0.3063 0.1134 0.5170 0.1453 0.2229 0.2828 0.1138 0.5209 0.1381 0.2790 0.2561 0.1152 0.5165 0.1303 0.3472 0.2268 0.1185 0.4866 0.1227 0.4154 0.1975 0.1259 0.4241 0.1168 0.4709 0.1719 0.1423 0.3536 0.1137 0.5070 0.1517 0.1958 0.2915 0.1137 0.5210 0.1362 0.3046 0.2419 0.1168 0.5014 0.1250 0.3766
0.1217 0.4944 0.1175 0.2359 0.3195 0.1344 0.5209 0.1140 0.2837 0.2096 0.1493 0.5103 0.1135 0.3443 0.1461 0.1688 0.4769 0.1162 0.4149 0.1273 0.1942 0.4227 0.1220 0.4815 0.1190 0.2244 0.3520 0.1299 0.5160 0.1152 0.2561 0.2776 0.1385 0.5208 0.1137 0.2860 0.2157 0.1465 0.5157 0.1133 0.3122 0.1760 0.1537 0.5073 0.1135 0.3359 0.1551 0.1610 0.4936 0.1150 0.4972 0.1150 0.4936 0.1610 0.1551 0.3359 0.1135 0.5073 0.1537 0.1760 0.3122 0.1133 0.5157 0.1465 0.2157 0.2860 0.1137 0.5208 0.1385 0.2776 0.2561 0.1152 0.5160 0.1299 0.3520 0.2244 0.1190 0.4815 0.1220 0.4227 0.1942 0.1273 0.4149 0.1162 0.4769 0.1688 0.1461 0.3443 0.1135 0.5103 0.1493 0.2096 0.2837 0.1140 0.5209 0.1344 0.3195 0.2359 0.1175 0.4944 0.1217
0.4741 0.1183 0.2301 0.3339 0.1326 0.5200 0.1143 0.2763 0.2244 0.1469 0.5133 0.1134 0.3351 0.1506 0.1658 0.4827 0.1157 0.4053 0.1289 0.1906 0.4305 0.1211 0.4749 0.1196 0.2212 0.3588 0.1292 0.5149 0.1154 0.2549 0.2790 0.1385 0.5208 0.1137 0.2879 0.2109 0.1474 0.5145 0.1134 0.3173 0.1697 0.1555 0.5045 0.1137 0.3432 0.1507 0.1631 0.4922 0.1144 0.4056 0.1136 0.4056 0.1144 0.4922 0.1631 0.1507 0.3432 0.1137 0.5045 0.1555 0.1697 0.3173 0.1134 0.5145 0.1474 0.2109 0.2879 0.1137 0.5208 0.1385 0.2790 0.2549 0.1154 0.5149 0.1292 0.3588 0.2212 0.1196 0.4749 0.1211 0.4305 0.1906 0.1289 0.4053 0.1157 0.4827 0.1658 0.1506 0.3351 0.1134 0.5133 0.1469 0.2244 0.2763 0.1143 0.5200 0.1326 0.3339 0.2301 0.1183 0.4741
0.1210 0.2245 0.3479 0.1309 0.5185 0.1146 0.2691 0.2399 0.1446 0.5158 0.1133 0.3261 0.1561 0.1629 0.4883 0.1152 0.3953 0.1308 0.1869 0.4386 0.1202 0.4672 0.1204 0.2175 0.3673 0.1283 0.5130 0.1156 0.2526 0.2832 0.1381 0.5208 0.1137 0.2886 0.2084 0.1480 0.5137 0.1134 0.3214 0.1652 0.1571 0.5019 0.1138 0.3501 0.1471 0.1654 0.4884 0.1147 0.3835 0.1267 0.2378 0.1266 0.3835 0.1147 0.4884 0.1654 0.1471 0.3501 0.1138 0.5019 0.1571 0.1652 0.3214 0.1134 0.5137 0.1480 0.2084 0.2886 0.1137 0.5208 0.1381 0.2832 0.2526 0.1156 0.5130 0.1283 0.3673 0.2175 0.1204 0.4672 0.1203 0.4385 0.1870 0.1308 0.3954 0.1152 0.4883 0.1629 0.1561 0.3261 0.1133 0.5158 0.1446 0.2399 0.2691 0.1146 0.5185 0.1309 0.3479 0.2245 0.1210
0.2136 0.3611 0.1293 0.5160 0.1150 0.2621 0.2557 0.1424 0.5179 0.1133 0.3173 0.1630 0.1600 0.4935 0.1147 0.3852 0.1330 0.1833 0.4465 0.1194 0.4585 0.1213 0.2134 0.3768 0.1273 0.5103 0.1159 0.2494 0.2899 0.1374 0.5209 0.1137 0.2879 0.2084 0.1482 0.5132 0.1134 0.3243 0.1621 0.1584 0.4997 0.1140 0.3564 0.1443 0.1676 0.4843 0.1151 0.3859 0.1330 0.1910 0.3163 0.1911 0.1330 0.3860 0.1151 0.4843 0.1676 0.1443 0.3564 0.1140 0.4997 0.1584 0.1621 0.3243 0.1134 0.5132 0.1482 0.2084 0.2879 0.1137 0.5209 0.1374 0.2899 0.2494 0.1159 0.5103 0.1273 0.3768 0.2134 0.1213 0.4585 0.1194 0.4464 0.1834 0.1330 0.3853 0.1147 0.4935 0.1600 0.1630 0.3173 0.1133 0.5179 0.1424 0.2556 0.2621 0.1150 0.5160 0.1293 0.3611 0.2136
0.3503 0.1280 0.5125 0.1155 0.2554 0.2715 0.1404 0.5194 0.1134 0.3088 0.1715 0.1572 0.4983 0.1143 0.3751 0.1355 0.1797 0.4543 0.1186 0.4492 0.1224 0.2091 0.3867 0.1262 0.5066 0.1163 0.2455 0.2986 0.1365 0.5210 0.1138 0.2860 0.2109 0.1480 0.5132 0.1134 0.3258 0.1602 0.1593 0.4979 0.1141 0.3615 0.1421 0.1697 0.4803 0.1154 0.3926 0.1330 0.1821 0.4309 0.1346 0.4307 0.1822 0.1330 0.3927 0.1154 0.4803 0.1697 0.1420 0.3615 0.1141 0.4979 0.1593 0.1602 0.3258 0.1134 0.5132 0.1480 0.2109 0.2860 0.1138 0.5210 0.1365 0.2985 0.2455 0.1163 0.5066 0.1262 0.3866 0.2092 0.1224 0.4493 0.1186 0.4541 0.1798 0.1354 0.3752 0.1143 0.4982 0.1573 0.1714 0.3089 0.1134 0.5194 0.1404 0.2713 0.2555 0.1155 0.5126 0.1280 0.3501
0.1243 0.5080 0.1160 0.2489 0.2872 0.1383 0.5205 0.1135 0.3005 0.1819 0.1546 0.5026 0.1140 0.3650 0.1383 0.1761 0.4618 0.1178 0.4393 0.1236 0.2048 0.3969 0.1250 0.5018 0.1168 0.2409 0.3089 0.1353 0.5210 0.1139 0.2828 0.2157 0.1474 0.5137 0.1134 0.3258 0.1596 0.1598 0.4968 0.1142 0.3653 0.1405 0.1714 0.4766 0.1158 0.3995 0.1317 0.1826 0.4502 0.1208 0.5209 0.1209 0.4497 0.1829 0.1315 0.3998 0.1158 0.4764 0.1715 0.1404 0.3656 0.1142 0.4966 0.1598 0.1594 0.3260 0.1133 0.5136 0.1475 0.2154 0.2830 0.1139 0.5210 0.1354 0.3084 0.2411 0.1167 0.5020 0.1251 0.3964 0.2050 0.1235 0.4397 0.1178 0.4614 0.1763 0.1382 0.3655 0.1140 0.5024 0.1547 0.1813 0.3009 0.1135 0.5204 0.1384 0.2864 0.2492 0.1160 0.5082 0.1243
0.4900 0.1168 0.2426 0.3026 0.1364 0.5210 0.1137 0.2925 0.1941 0.1520 0.5065 0.1137 0.3552 0.1416 0.1727 0.4689 0.1170 0.4289 0.1250 0.2005 0.4071 0.1239 0.4957 0.1174 0.2361 0.3204 0.1340 0.5207 0.1141 0.2786 0.2229 0.1465 0.5145 0.1134 0.3243 0.1602 0.1598 0.4963 0.1143 0.3677 0.1395 0.1727 0.4737 0.1161 0.4056 0.1304 0.1848 0.4492 0.1187 0.4748 0.1109 0.4773 0.1190 0.4464 0.1860 0.1295 0.4083 0.1161 0.4721 0.1735 0.1385 0.3699 0.1142 0.4953 0.1604 0.1587 0.3260 0.1132 0.5141 0.1470 0.2201 0.2801 0.1139 0.5208 0.1344 0.3175 0.2373 0.1170 0.4972 0.1241 0.4049 0.2014 0.1245 0.4311 0.1171 0.4675 0.1734 0.1407 0.3573 0.1137 0.5057 0.1526 0.1913 0.2942 0.1135 0.5209 0.1368 0.2993 0.2441 0.1164 0.4915
0.1190 0.2366 0.3176 0.1346 0.5209 0.1139 0.2847 0.2078 0.1496 0.5099 0.1135 0.3456 0.1454 0.1694 0.4756 0.1164 0.4183 0.1266 0.1962 0.4170 0.1227 0.4885 0.1181 0.2310 0.3326 0.1326 0.5199 0.1143 0.2736 0.2325 0.1453 0.5157 0.1134 0.3214 0.1621 0.1593 0.4968 0.1143 0.3686 0.1389 0.1735 0.4716 0.1163 0.4104 0.1293 0.1870 0.4448 0.1189 0.4522 0.1167 0.2899 0.1144 0.4717 0.1205 0.4292 0.1940 0.1252 0.4267 0.1170 0.4615 0.1785 0.1340 0.3819 0.1143 0.4905 0.1630 0.1532 0.3321 0.1127 0.5127 0.1480 0.2146 0.2823 0.1132 0.5209 0.1346 0.3161 0.2377 0.1163 0.4972 0.1240 0.4054 0.2013 0.1239 0.4304 0.1168 0.4680 0.1733 0.1403 0.3565 0.1132 0.5060 0.1525 0.1918 0.2936 0.1129 0.5210 0.1368 0.2997 0.2441 0.1169
0.2249 0.3321 0.1328 0.5202 0.1142 0.2772 0.2225 0.1472 0.5130 0.1134 0.3363 0.1499 0.1663 0.4818 0.1158 0.4076 0.1284 0.1920 0.4267 0.1216 0.4804 0.1189 0.2259 0.3450 0.1312 0.5186 0.1146 0.2682 0.2438 0.1438 0.5170 0.1133 0.3173 0.1652 0.1584 0.4979 0.1142 0.3677 0.1389 0.1737 0.4706 0.1165 0.4136 0.1286 0.1887 0.4406 0.1194 0.4522 0.1209 0.2297 0.1555 0.2798 0.1113 0.5143 0.1288 0.3585 0.2234 0.1158 0.4837 0.1224 0.4144 0.1997 0.1219 0.4328 0.1170 0.4620 0.1776 0.1342 0.3718 0.1131 0.4982 0.1581 0.1670 0.3118 0.1114 0.5187 0.1417 0.2613 0.2599 0.1126 0.5150 0.1288 0.3648 0.2183 0.1175 0.4655 0.1197 0.4414 0.1861 0.1289 0.3908 0.1140 0.4908 0.1620 0.1569 0.3220 0.1115 0.5168 0.1440 0.2437 0.2609
0.3215 0.1313 0.5187 0.1146 0.2700 0.2379 0.1449 0.5155 0.1133 0.3272 0.1554 0.1632 0.4876 0.1152 0.3971 0.1304 0.1879 0.4361 0.1206 0.4713 0.1198 0.2208 0.3575 0.1297 0.5165 0.1150 0.2624 0.2563 0.1421 0.5183 0.1134 0.3122 0.1697 0.1571 0.4997 0.1141 0.3653 0.1395 0.1735 0.4706 0.1165 0.4151 0.1282 0.1899 0.4374 0.1198 0.4561 0.1219 0.2132 0.2879 0.1982 0.1191 0.4201 0.1140 0.4901 0.1631 0.1526 0.3299 0.1116 0.5135 0.1476 0.2172 0.2808 0.1112 0.5209 0.1346 0.3159 0.2383 0.1137 0.4983 0.1242 0.4026 0.2032 0.1207 0.4340 0.1168 0.4652 0.1754 0.1363 0.3608 0.1124 0.5043 0.1540 0.1844 0.2974 0.1110 0.5208 0.1377 0.2927 0.2468 0.1128 0.5059 0.1257 0.3905 0.2079 0.1193 0.4443 0.1177 0.4577 0.1792 0.1334
0.1272 0.5164 0.1150 0.2630 0.2537 0.1427 0.5176 0.1133 0.3184 0.1621 0.1604 0.4928 0.1148 0.3866 0.1326 0.1839 0.4448 0.1196 0.4615 0.1209 0.2157 0.3699 0.1282 0.5135 0.1154 0.2565 0.2698 0.1404 0.5195 0.1134 0.3063 0.1760 0.1555 0.5019 0.1140 0.3615 0.1405 0.1727 0.4716 0.1165 0.4151 0.1281 0.1905 0.4354 0.1201 0.4595 0.1218 0.2094 0.3682 0.1475 0.2789 0.4851 0.1146 0.5072 0.1493 0.2091 0.2849 0.1128 0.5210 0.1354 0.3095 0.2407 0.1154 0.5010 0.1248 0.3983 0.2045 0.1222 0.4379 0.1173 0.4626 0.1762 0.1370 0.3645 0.1131 0.5028 0.1547 0.1812 0.3004 0.1122 0.5205 0.1384 0.2871 0.2491 0.1144 0.5080 0.1263 0.3861 0.2094 0.1207 0.4479 0.1181 0.4557 0.1793 0.1344 0.3731 0.1134 0.4990 0.1571 0.1713 0.3002
0.5009 0.1155 0.2562 0.2695 0.1406 0.5192 0.1134 0.3098 0.1703 0.1576 0.4977 0.1144 0.3764 0.1351 0.1802 0.4531 0.1187 0.4513 0.1221 0.2107 0.3821 0.1268 0.5095 0.1159 0.2505 0.2840 0.1387 0.5204 0.1135 0.2999 0.1841 0.1537 0.5045 0.1138 0.3564 0.1421 0.1714 0.4737 0.1163 0.4136 0.1282 0.1905 0.4347 0.1202 0.4617 0.1216 0.2096 0.3894 0.1274 0.5210 0.1224 0.1512 0.4691 0.1511 0.2170 0.2798 0.1138 0.5207 0.1341 0.3207 0.2359 0.1171 0.4955 0.1238 0.4074 0.2004 0.1247 0.4288 0.1169 0.4689 0.1728 0.1412 0.3553 0.1135 0.5064 0.1521 0.1935 0.2928 0.1133 0.5210 0.1365 0.3021 0.2429 0.1162 0.5024 0.1250 0.3972 0.2045 0.1234 0.4377 0.1175 0.4630 0.1756 0.1385 0.3633 0.1137 0.5033 0.1542 0.1834 0.2994 0.1136
0.1173 0.2497 0.2852 0.1386 0.5204 0.1135 0.3015 0.1805 0.1549 0.5021 0.1140 0.3663 0.1380 0.1766 0.4608 0.1179 0.4409 0.1234 0.2059 0.3939 0.1255 0.5042 0.1165 0.2445 0.2983 0.1369 0.5209 0.1137 0.2931 0.1941 0.1518 0.5073 0.1137 0.3501 0.1443 0.1697 0.4766 0.1161 0.4104 0.1286 0.1899 0.4354 0.1202 0.4624 0.1214 0.2105 0.3894 0.1254 0.5070 0.1144 0.2859 0.3079 0.1642 0.2011 0.2838 0.1139 0.5210 0.1350 0.3126 0.2392 0.1169 0.4996 0.1246 0.4007 0.2032 0.1240 0.4356 0.1175 0.4643 0.1750 0.1393 0.3617 0.1139 0.5039 0.1537 0.1858 0.2978 0.1135 0.5207 0.1377 0.2924 0.2468 0.1162 0.5062 0.1259 0.3900 0.2075 0.1228 0.4444 0.1181 0.4583 0.1778 0.1369 0.3697 0.1141 0.5006 0.1558 0.1768 0.3043 0.1135 0.5071
0.2371 0.3006 0.1367 0.5210 0.1137 0.2935 0.1925 0.1523 0.5060 0.1138 0.3564 0.1412 0.1731 0.4681 0.1171 0.4303 0.1248 0.2012 0.4050 0.1242 0.4977 0.1171 0.2386 0.3129 0.1351 0.5210 0.1139 0.2862 0.2058 0.1497 0.5100 0.1135 0.3432 0.1471 0.1676 0.4803 0.1158 0.4056 0.1293 0.1887 0.4374 0.1201 0.4617 0.1214 0.2108 0.3882 0.1254 0.5014 0.1159 0.2576 0.1904 0.1817 0.1774 0.2901 0.1137 0.5210 0.1363 0.3017 0.2438 0.1165 0.5047 0.1257 0.3911 0.2073 0.1229 0.4451 0.1182 0.4574 0.1782 0.1366 0.3710 0.1142 0.5001 0.1562 0.1755 0.3054 0.1134 0.5199 0.1395 0.2779 0.2527 0.1157 0.5108 0.1272 0.3789 0.2120 0.1217 0.4541 0.1189 0.4509 0.1812 0.1344 0.3791 0.1145 0.4964 0.1583 0.1679 0.3121 0.1134 0.5189 0.1380
0.2905 0.1350 0.5210 0.1139 0.2857 0.2059 0.1499 0.5095 0.1136 0.3468 0.1449 0.1698 0.4748 0.1164 0.4196 0.1264 0.1968 0.4155 0.1229 0.4902 0.1179 0.2327 0.3274 0.1334 0.5205 0.1141 0.2793 0.2188 0.1476 0.5126 0.1134 0.3359 0.1507 0.1654 0.4843 0.1154 0.3995 0.1304 0.1870 0.4406 0.1198 0.4595 0.1216 0.2105 0.3882 0.1254 0.5010 0.1167 0.2441 0.2214 0.1930 0.1552 0.2996 0.1135 0.5209 0.1375 0.2909 0.2484 0.1160 0.5090 0.1268 0.3812 0.2115 0.1218 0.4545 0.1190 0.4499 0.1818 0.1340 0.3810 0.1145 0.4955 0.1588 0.1663 0.3137 0.1134 0.5186 0.1416 0.2623 0.2593 0.1152 0.5147 0.1287 0.3666 0.2170 0.1206 0.4640 0.1199 0.4426 0.1849 0.1320 0.3893 0.1149 0.4915 0.1611 0.1602 0.3206 0.1133 0.5171 0.1434 0.2265
0.1304 0.5203 0.1142 0.2783 0.2203 0.1475 0.5125 0.1134 0.3376 0.1492 0.1667 0.4810 0.1158 0.4092 0.1281 0.1926 0.4253 0.1218 0.4819 0.1187 0.2271 0.3414 0.1317 0.5193 0.1144 0.2724 0.2329 0.1456 0.5149 0.1133 0.3284 0.1551 0.1631 0.4884 0.1151 0.3926 0.1317 0.1848 0.4448 0.1194 0.4560 0.1219 0.2095 0.3897 0.1254 0.5009 0.1170 0.2387 0.2673 0.1787 0.1384 0.3242 0.1130 0.5204 0.1387 0.2812 0.2527 0.1156 0.5123 0.1279 0.3712 0.2157 0.1208 0.4633 0.1199 0.4422 0.1853 0.1317 0.3910 0.1150 0.4905 0.1616 0.1588 0.3224 0.1133 0.5167 0.1437 0.2465 0.2661 0.1148 0.5175 0.1302 0.3535 0.2223 0.1196 0.4737 0.1209 0.4337 0.1889 0.1299 0.3997 0.1154 0.4861 0.1640 0.1539 0.3295 0.1134 0.5149 0.1455 0.2339 0.2646
0.5070 0.1145 0.2718 0.2340 0.1455 0.5149 0.1133 0.3294 0.1538 0.1640 0.4862 0.1153 0.3997 0.1298 0.1889 0.4338 0.1208 0.4737 0.1194 0.2223 0.3536 0.1302 0.5175 0.1147 0.2661 0.2466 0.1437 0.5168 0.1132 0.3213 0.1599 0.1610 0.4922 0.1147 0.3859 0.1330 0.1826 0.4492 0.1189 0.4519 0.1222 0.2083 0.3918 0.1252 0.5006 0.1170 0.2366 0.3080 0.1507 0.3068 0.4009 0.1129 0.5186 0.1401 0.2723 0.2566 0.1153 0.5148 0.1290 0.3617 0.2197 0.1199 0.4714 0.1207 0.4343 0.1889 0.1298 0.4009 0.1154 0.4851 0.1646 0.1528 0.3313 0.1134 0.5144 0.1459 0.2308 0.2732 0.1144 0.5195 0.1319 0.3398 0.2277 0.1186 0.4828 0.1219 0.4243 0.1930 0.1280 0.4103 0.1159 0.4803 0.1670 0.1487 0.3386 0.1134 0.5122 0.1478 0.2187 0.2791 0.1149
0.1149 0.2692 0.2400 0.1446 0.5159 0.1129 0.3257 0.1559 0.1628 0.4885 0.1148 0.3953 0.1301 0.1873 0.4376 0.1203 0.4697 0.1193 0.2201 0.3591 0.1296 0.5164 0.1144 0.2633 0.2530 0.1428 0.5176 0.1129 0.3182 0.1620 0.1602 0.4936 0.1144 0.3835 0.1330 0.1821 0.4502 0.1187 0.4517 0.1216 0.2089 0.3899 0.1255 0.5026 0.1162 0.2386 0.3173 0.1356 0.5174 0.1208 0.1267 0.4992 0.1438 0.2622 0.2600 0.1151 0.5166 0.1300 0.3527 0.2236 0.1192 0.4788 0.1216 0.4263 0.1925 0.1280 0.4105 0.1160 0.4795 0.1675 0.1479 0.3404 0.1135 0.5116 0.1483 0.2157 0.2806 0.1141 0.5206 0.1336 0.3256 0.2334 0.1178 0.4912 0.1231 0.4142 0.1973 0.1262 0.4210 0.1165 0.4740 0.1702 0.1444 0.3480 0.1136 0.5091 0.1502 0.2042 0.2867 0.1140 0.5085
0.2775 0.2075 0.1495 0.5105 0.1122 0.3439 0.1442 0.1692 0.4769 0.1156 0.4163 0.1247 0.1959 0.4187 0.1224 0.4876 0.1159 0.2313 0.3318 0.1329 0.5202 0.1123 0.2775 0.2215 0.1474 0.5130 0.1121 0.3361 0.1481 0.1665 0.4824 0.1150 0.4056 0.1267 0.1910 0.4309 0.1208 0.4744 0.1174 0.2213 0.3597 0.1291 0.5149 0.1133 0.2557 0.2764 0.1392 0.5200 0.1116 0.3468 0.2476 0.1645 0.2355 0.2637 0.1148 0.5178 0.1309 0.3445 0.2271 0.1186 0.4852 0.1224 0.4185 0.1960 0.1265 0.4198 0.1165 0.4738 0.1705 0.1439 0.3495 0.1136 0.5085 0.1507 0.2014 0.2882 0.1138 0.5210 0.1354 0.3109 0.2393 0.1170 0.4986 0.1243 0.4036 0.2018 0.1246 0.4316 0.1172 0.4672 0.1736 0.1408 0.3577 0.1138 0.5055 0.1527 0.1908 0.2945 0.1136 0.5209 0.1340
0.1344 0.1777 0.4611 0.1173 0.4397 0.1198 0.2059 0.3955 0.1251 0.5034 0.1130 0.2441 0.2994 0.1369 0.5210 0.1109 0.2940 0.1898 0.1529 0.5059 0.1122 0.3569 0.1375 0.1742 0.4677 0.1165 0.4307 0.1210 0.2020 0.4051 0.1239 0.4972 0.1136 0.2378 0.3163 0.1346 0.5209 0.1110 0.2818 0.2146 0.1481 0.5129 0.1115 0.3319 0.1511 0.1636 0.4901 0.1139 0.3984 0.1222 0.2101 0.1747 0.2712 0.1145 0.5186 0.1316 0.3377 0.2302 0.1180 0.4906 0.1232 0.4110 0.1994 0.1252 0.4287 0.1171 0.4678 0.1735 0.1406 0.3585 0.1138 0.5049 0.1531 0.1885 0.2961 0.1136 0.5208 0.1373 0.2957 0.2454 0.1164 0.5050 0.1256 0.3924 0.2065 0.1232 0.4422 0.1180 0.4599 0.1770 0.1376 0.3676 0.1141 0.5015 0.1553 0.1791 0.3026 0.1135 0.5203 0.1390 0.2584
0.2775 0.2075 0.1495 0.5105 0.1122 0.3439 0.1442 0.1692 0.4769 0.1156 0.4163 0.1247 0.1959 0.4187 0.1224 0.4876 0.1159 0.2313 0.3318 0.1329 0.5202 0.1123 0.2775 0.2215 0.1474 0.5130 0.1121 0.3361 0.1481 0.1665 0.4824 0.1150 0.4056 0.1267 0.1910 0.4309 0.1208 0.4744 0.1174 0.2213 0.3597 0.1291 0.5149 0.1133 0.2557 0.2766 0.1390 0.5205 0.1114 0.3194 0.1261 0.2956 0.1137 0.5192 0.1321 0.3328 0.2326 0.1176 0.4949 0.1240 0.4040 0.2026 0.1241 0.4370 0.1177 0.4618 0.1764 0.1378 0.3674 0.1141 0.5012 0.1556 0.1774 0.3041 0.1135 0.5201 0.1392 0.2801 0.2518 0.1158 0.5102 0.1270 0.3806 0.2113 0.1219 0.4526 0.1188 0.4521 0.1807 0.1348 0.3777 0.1144 0.4971 0.1579 0.1692 0.3109 0.1134 0.5191 0.1409 0.2674 0.2503
0.1149 0.2692 0.2400 0.1446 0.5159 0.1129 0.3257 0.1559 0.1628 0.4885 0.1148 0.3953 0.1301 0.1873 0.4376 0.1203 0.4697 0.1193 0.2201 0.3591 0.1296 0.5164 0.1144 0.2633 0.2530 0.1428 0.5176 0.1129 0.3182 0.1620 0.1602 0.4936 0.1144 0.3835 0.1330 0.1821 0.4502 0.1187 0.4517 0.1216 0.2089 0.3899 0.1255 0.5026 0.1163 0.2385 0.3194 0.1337 0.5207 0.1115 0.3860 0.1118 0.5201 0.1325 0.3297 0.2342 0.1174 0.4979 0.1246 0.3979 0.2054 0.1232 0.4443 0.1183 0.4558 0.1794 0.1354 0.3761 0.1144 0.4971 0.1581 0.1682 0.3122 0.1134 0.5188 0.1413 0.2643 0.2584 0.1153 0.5142 0.1285 0.3682 0.2163 0.1207 0.4628 0.1197 0.4437 0.1844 0.1323 0.3879 0.1148 0.4922 0.1607 0.1611 0.3195 0.1133 0.5174 0.1430 0.2516 0.2639 0.1160
0.5070 0.1145 0.2718 0.2340 0.1455 0.5149 0.1133 0.3294 0.1538 0.1640 0.4862 0.1153 0.3997 0.1298 0.1889 0.4338 0.1208 0.4737 0.1194 0.2223 0.3536 0.1302 0.5175 0.1147 0.2661 0.2466 0.1437 0.5168 0.1132 0.3213 0.1599 0.1610 0.4922 0.1147 0.3859 0.1330 0.1826 0.4492 0.1189 0.4519 0.1222 0.2083 0.3918 0.1252 0.5006 0.1170 0.2358 0.3257 0.1337 0.5206 0.1138 0.5206 0.1335 0.3273 0.2351 0.1172 0.4998 0.1251 0.3931 0.2077 0.1225 0.4507 0.1189 0.4502 0.1821 0.1334 0.3845 0.1147 0.4929 0.1606 0.1610 0.3202 0.1133 0.5171 0.1434 0.2486 0.2652 0.1148 0.5172 0.1300 0.3552 0.2216 0.1197 0.4725 0.1207 0.4349 0.1884 0.1302 0.3984 0.1153 0.4869 0.1636 0.1546 0.3283 0.1134 0.5152 0.1452 0.2359 0.2709 0.1146 0.5068
0.1304 0.5203 0.1142 0.2783 0.2203 0.1475 0.5125 0.1134 0.3376 0.1492 0.1667 0.4810 0.1158 0.4092 0.1281 0.1926 0.4253 0.1218 0.4819 0.1187 0.2271 0.3414 0.1317 0.5193 0.1144 0.2724 0.2329 0.1456 0.5149 0.1133 0.3284 0.1551 0.1631 0.4884 0.1151 0.3926 0.1317 0.1848 0.4448 0.1194 0.4560 0.1219 0.2095 0.3897 0.1254 0.5008 0.1171 0.2358 0.3194 0.1389 0.4904 0.1389 0.3197 0.2357 0.1172 0.5007 0.1253 0.3899 0.2094 0.1219 0.4558 0.1194 0.4450 0.1847 0.1318 0.3923 0.1151 0.4886 0.1630 0.1553 0.3281 0.1134 0.5150 0.1455 0.2335 0.2722 0.1145 0.5193 0.1317 0.3416 0.2270 0.1187 0.4817 0.1218 0.4255 0.1925 0.1282 0.4090 0.1158 0.4811 0.1666 0.1493 0.3374 0.1134 0.5126 0.1475 0.2206 0.2782 0.1142 0.5203 0.1304
0.2905 0.1350 0.5210 0.1139 0.2857 0.2059 0.1499 0.5095 0.1136 0.3468 0.1449 0.1698 0.4748 0.1164 0.4196 0.1264 0.1968 0.4155 0.1229 0.4902 0.1179 0.2327 0.3274 0.1334 0.5205 0.1141 0.2793 0.2188 0.1476 0.5126 0.1134 0.3359 0.1507 0.1654 0.4843 0.1154 0.3995 0.1304 0.1870 0.4406 0.1198 0.4595 0.1216 0.2105 0.3882 0.1254 0.5008 0.1170 0.2385 0.2766 0.1636 0.2766 0.2385 0.1170 0.5008 0.1254 0.3882 0.2105 0.1216 0.4595 0.1198 0.4406 0.1870 0.1304 0.3994 0.1154 0.4844 0.1654 0.1507 0.3358 0.1134 0.5127 0.1476 0.2192 0.2792 0.1141 0.5205 0.1334 0.3274 0.2327 0.1179 0.4902 0.1229 0.4155 0.1968 0.1264 0.4196 0.1164 0.4748 0.1698 0.1449 0.3468 0.1136 0.5095 0.1499 0.2060 0.2857 0.1139 0.5210 0.1350 0.2905
