0.4231 0.1264 0.1937 0.4004 0.1195 0.4543 0.1234 0.2031 0.3770 0.1217 0.4738 0.1210 0.2134 0.3507 0.1242 0.4898 0.1190 0.2247 0.3220 0.1271 0.5008 0.1174 0.2369 0.2911 0.1304 0.5067 0.1160 0.2501 0.2589 0.1340 0.5085 0.1150 0.2644 0.2271 0.1379 0.5073 0.1142 0.2797 0.1982 0.1423 0.5035 0.1136 0.2961 0.1756 0.1471 0.4974 0.1134 0.3148 0.1556 0.1638 0.3765 0.1638 0.1556 0.3148 0.1134 0.4974 0.1471 0.1756 0.2961 0.1136 0.5035 0.1423 0.1982 0.2797 0.1142 0.5073 0.1379 0.2271 0.2644 0.1150 0.5085 0.1340 0.2589 0.2501 0.1160 0.5067 0.1304 0.2911 0.2369 0.1174 0.5008 0.1271 0.3220 0.2247 0.1190 0.4898 0.1242 0.3507 0.2134 0.1210 0.4738 0.1217 0.3770 0.2031 0.1234 0.4543 0.1195 0.4004 0.1937 0.1264 0.4231
0.1264 0.2010 0.4139 0.1223 0.4754 0.1205 0.2131 0.3881 0.1250 0.4942 0.1184 0.2243 0.3616 0.1279 0.5078 0.1168 0.2364 0.3326 0.1312 0.5163 0.1156 0.2495 0.3012 0.1349 0.5203 0.1146 0.2636 0.2680 0.1389 0.5209 0.1140 0.2789 0.2345 0.1433 0.5189 0.1136 0.2952 0.2029 0.1481 0.5147 0.1135 0.3128 0.1768 0.1533 0.5084 0.1136 0.3316 0.1578 0.1611 0.4801 0.1247 0.4801 0.1611 0.1578 0.3316 0.1136 0.5084 0.1533 0.1768 0.3128 0.1135 0.5147 0.1481 0.2029 0.2952 0.1136 0.5189 0.1433 0.2345 0.2789 0.1140 0.5209 0.1389 0.2680 0.2636 0.1146 0.5203 0.1349 0.3012 0.2495 0.1156 0.5163 0.1312 0.3326 0.2364 0.1168 0.5078 0.1279 0.3616 0.2243 0.1184 0.4942 0.1250 0.3881 0.2131 0.1205 0.4754 0.1223 0.4139 0.2010 0.1264
0.1937 0.4139 0.1225 0.4809 0.1197 0.2174 0.3773 0.1261 0.5010 0.1175 0.2298 0.3485 0.1293 0.5124 0.1161 0.2424 0.3182 0.1328 0.5186 0.1150 0.2560 0.2858 0.1366 0.5210 0.1142 0.2706 0.2522 0.1408 0.5203 0.1137 0.2864 0.2192 0.1454 0.5172 0.1134 0.3033 0.1897 0.1504 0.5120 0.1134 0.3214 0.1673 0.1558 0.5047 0.1136 0.3407 0.1526 0.1621 0.4918 0.1152 0.5000 0.1152 0.4918 0.1621 0.1526 0.3407 0.1136 0.5047 0.1558 0.1673 0.3214 0.1134 0.5120 0.1504 0.1897 0.3033 0.1134 0.5172 0.1454 0.2192 0.2864 0.1137 0.5203 0.1408 0.2522 0.2706 0.1142 0.5210 0.1366 0.2858 0.2560 0.1150 0.5186 0.1328 0.3182 0.2424 0.1161 0.5124 0.1293 0.3485 0.2298 0.1175 0.5010 0.1261 0.3773 0.2174 0.1197 0.4809 0.1225 0.4139 0.1937
0.4004 0.1223 0.4809 0.1194 0.2200 0.3691 0.1271 0.5061 0.1169 0.2352 0.3352 0.1308 0.5158 0.1155 0.2486 0.3032 0.1345 0.5201 0.1146 0.2627 0.2701 0.1385 0.5210 0.1139 0.2779 0.2365 0.1429 0.5191 0.1135 0.2942 0.2047 0.1477 0.5150 0.1133 0.3117 0.1781 0.1529 0.5088 0.1135 0.3303 0.1596 0.1585 0.5006 0.1139 0.3501 0.1477 0.1647 0.4898 0.1145 0.4097 0.1133 0.4097 0.1145 0.4898 0.1647 0.1477 0.3501 0.1139 0.5006 0.1585 0.1596 0.3303 0.1135 0.5088 0.1529 0.1781 0.3117 0.1133 0.5150 0.1477 0.2047 0.2942 0.1135 0.5191 0.1429 0.2365 0.2779 0.1139 0.5210 0.1385 0.2701 0.2627 0.1146 0.5201 0.1345 0.3032 0.2486 0.1155 0.5158 0.1308 0.3352 0.2352 0.1169 0.5061 0.1271 0.3691 0.2200 0.1194 0.4809 0.1223 0.4004
0.1195 0.4754 0.1197 0.2200 0.3659 0.1278 0.5092 0.1164 0.2399 0.3227 0.1323 0.5182 0.1151 0.2549 0.2881 0.1363 0.5209 0.1142 0.2697 0.2542 0.1405 0.5204 0.1137 0.2854 0.2211 0.1451 0.5174 0.1134 0.3023 0.1913 0.1501 0.5123 0.1134 0.3203 0.1684 0.1555 0.5052 0.1136 0.3395 0.1534 0.1613 0.4961 0.1141 0.3598 0.1436 0.1677 0.4848 0.1150 0.3885 0.1258 0.2403 0.1258 0.3885 0.1150 0.4848 0.1677 0.1436 0.3598 0.1141 0.4961 0.1613 0.1534 0.3395 0.1136 0.5052 0.1555 0.1684 0.3203 0.1134 0.5123 0.1501 0.1913 0.3023 0.1134 0.5174 0.1451 0.2211 0.2854 0.1137 0.5204 0.1405 0.2542 0.2697 0.1142 0.5209 0.1363 0.2881 0.2549 0.1151 0.5182 0.1323 0.3227 0.2399 0.1164 0.5092 0.1278 0.3659 0.2200 0.1197 0.4754 0.1195
0.4543 0.1205 0.2174 0.3691 0.1278 0.5102 0.1162 0.2433 0.3129 0.1336 0.5197 0.1147 0.2610 0.2734 0.1382 0.5210 0.1140 0.2769 0.2386 0.1426 0.5193 0.1135 0.2932 0.2065 0.1474 0.5153 0.1133 0.3106 0.1795 0.1526 0.5092 0.1134 0.3292 0.1605 0.1582 0.5011 0.1138 0.3489 0.1483 0.1643 0.4911 0.1145 0.3697 0.1400 0.1709 0.4789 0.1155 0.3928 0.1316 0.1931 0.3092 0.1931 0.1316 0.3928 0.1155 0.4789 0.1709 0.1400 0.3697 0.1145 0.4911 0.1643 0.1483 0.3489 0.1138 0.5011 0.1582 0.1605 0.3292 0.1134 0.5092 0.1526 0.1795 0.3106 0.1133 0.5153 0.1474 0.2065 0.2932 0.1135 0.5193 0.1426 0.2386 0.2769 0.1140 0.5210 0.1382 0.2734 0.2610 0.1147 0.5197 0.1336 0.3129 0.2433 0.1162 0.5102 0.1278 0.3691 0.2174 0.1205 0.4543
0.1234 0.2131 0.3773 0.1271 0.5092 0.1162 0.2445 0.3074 0.1346 0.5204 0.1145 0.2665 0.2600 0.1399 0.5206 0.1137 0.2841 0.2236 0.1448 0.5177 0.1134 0.3012 0.1929 0.1498 0.5127 0.1134 0.3192 0.1695 0.1552 0.5057 0.1136 0.3383 0.1541 0.1610 0.4967 0.1141 0.3586 0.1441 0.1673 0.4856 0.1149 0.3799 0.1369 0.1743 0.4725 0.1160 0.4022 0.1312 0.1847 0.4252 0.1356 0.4252 0.1847 0.1312 0.4022 0.1160 0.4725 0.1743 0.1369 0.3799 0.1149 0.4856 0.1673 0.1441 0.3586 0.1141 0.4967 0.1610 0.1541 0.3383 0.1136 0.5057 0.1552 0.1695 0.3192 0.1134 0.5127 0.1498 0.1929 0.3012 0.1134 0.5177 0.1448 0.2236 0.2841 0.1137 0.5206 0.1399 0.2600 0.2665 0.1145 0.5204 0.1346 0.3074 0.2445 0.1162 0.5092 0.1271 0.3773 0.2131 0.1234
0.2031 0.3881 0.1261 0.5061 0.1164 0.2433 0.3074 0.1349 0.5207 0.1143 0.2708 0.2488 0.1415 0.5198 0.1136 0.2911 0.2098 0.1469 0.5157 0.1133 0.3093 0.1810 0.1522 0.5096 0.1134 0.3280 0.1614 0.1578 0.5017 0.1138 0.3477 0.1489 0.1639 0.4917 0.1144 0.3685 0.1404 0.1705 0.4797 0.1154 0.3902 0.1342 0.1778 0.4656 0.1167 0.4126 0.1294 0.1863 0.4433 0.1216 0.5211 0.1216 0.4433 0.1863 0.1294 0.4126 0.1167 0.4656 0.1778 0.1342 0.3902 0.1154 0.4797 0.1705 0.1404 0.3685 0.1144 0.4917 0.1639 0.1489 0.3477 0.1138 0.5017 0.1578 0.1614 0.3280 0.1134 0.5096 0.1522 0.1810 0.3093 0.1133 0.5157 0.1469 0.2098 0.2911 0.1136 0.5198 0.1415 0.2488 0.2708 0.1143 0.5207 0.1349 0.3074 0.2433 0.1164 0.5061 0.1261 0.3881 0.2031
0.3770 0.1250 0.5010 0.1169 0.2399 0.3129 0.1346 0.5207 0.1142 0.2733 0.2413 0.1428 0.5189 0.1135 0.2975 0.1978 0.1490 0.5134 0.1134 0.3175 0.1711 0.1547 0.5062 0.1136 0.3371 0.1548 0.1606 0.4973 0.1141 0.3573 0.1446 0.1669 0.4864 0.1149 0.3786 0.1373 0.1739 0.4734 0.1160 0.4007 0.1318 0.1815 0.4582 0.1174 0.4233 0.1275 0.1899 0.4397 0.1196 0.4820 0.1109 0.4820 0.1196 0.4397 0.1899 0.1275 0.4233 0.1174 0.4582 0.1815 0.1318 0.4007 0.1160 0.4734 0.1739 0.1373 0.3786 0.1149 0.4864 0.1669 0.1446 0.3573 0.1141 0.4973 0.1606 0.1548 0.3371 0.1136 0.5062 0.1547 0.1711 0.3175 0.1134 0.5134 0.1490 0.1978 0.2975 0.1135 0.5189 0.1428 0.2413 0.2733 0.1142 0.5207 0.1346 0.3129 0.2399 0.1169 0.5010 0.1250 0.3770
0.1217 0.4942 0.1175 0.2352 0.3227 0.1336 0.5204 0.1143 0.2733 0.2386 0.1435 0.5182 0.1134 0.3028 0.1885 0.1510 0.5110 0.1134 0.3255 0.1633 0.1572 0.5025 0.1137 0.3463 0.1496 0.1635 0.4924 0.1144 0.3672 0.1409 0.1701 0.4805 0.1153 0.3889 0.1346 0.1774 0.4665 0.1166 0.4113 0.1297 0.1853 0.4503 0.1182 0.4339 0.1258 0.1939 0.4315 0.1202 0.4632 0.1164 0.2889 0.1164 0.4632 0.1202 0.4315 0.1939 0.1258 0.4339 0.1182 0.4503 0.1853 0.1297 0.4113 0.1166 0.4665 0.1774 0.1346 0.3889 0.1153 0.4805 0.1701 0.1409 0.3672 0.1144 0.4924 0.1635 0.1496 0.3463 0.1137 0.5025 0.1572 0.1633 0.3255 0.1134 0.5110 0.1510 0.1885 0.3028 0.1134 0.5182 0.1435 0.2386 0.2733 0.1143 0.5204 0.1336 0.3227 0.2352 0.1175 0.4942 0.1217
0.4738 0.1184 0.2298 0.3352 0.1323 0.5197 0.1145 0.2708 0.2413 0.1435 0.5179 0.1134 0.3063 0.1822 0.1525 0.5087 0.1135 0.3329 0.1572 0.1597 0.4985 0.1140 0.3553 0.1453 0.1664 0.4872 0.1148 0.3773 0.1377 0.1734 0.4742 0.1159 0.3993 0.1321 0.1810 0.4592 0.1173 0.4219 0.1278 0.1893 0.4419 0.1190 0.4445 0.1243 0.1983 0.4221 0.1211 0.4674 0.1200 0.2276 0.1987 0.2276 0.1200 0.4674 0.1211 0.4221 0.1983 0.1243 0.4445 0.1190 0.4419 0.1893 0.1278 0.4219 0.1173 0.4592 0.1810 0.1321 0.3993 0.1159 0.4742 0.1734 0.1377 0.3773 0.1148 0.4872 0.1664 0.1453 0.3553 0.1140 0.4985 0.1597 0.1572 0.3329 0.1135 0.5087 0.1525 0.1822 0.3063 0.1134 0.5179 0.1435 0.2413 0.2708 0.1145 0.5197 0.1323 0.3352 0.2298 0.1184 0.4738
0.1210 0.2243 0.3485 0.1308 0.5182 0.1147 0.2665 0.2488 0.1428 0.5182 0.1134 0.3076 0.1789 0.1536 0.5069 0.1136 0.3392 0.1527 0.1620 0.4945 0.1143 0.3642 0.1418 0.1694 0.4817 0.1152 0.3873 0.1349 0.1769 0.4674 0.1165 0.4099 0.1300 0.1848 0.4513 0.1181 0.4326 0.1261 0.1934 0.4329 0.1199 0.4549 0.1229 0.2028 0.4120 0.1222 0.4759 0.1201 0.2167 0.3410 0.1513 0.3410 0.2167 0.1201 0.4759 0.1222 0.4120 0.2028 0.1229 0.4549 0.1199 0.4329 0.1934 0.1261 0.4326 0.1181 0.4513 0.1848 0.1300 0.4099 0.1165 0.4674 0.1769 0.1349 0.3873 0.1152 0.4817 0.1694 0.1418 0.3642 0.1143 0.4945 0.1620 0.1527 0.3392 0.1136 0.5069 0.1536 0.1789 0.3076 0.1134 0.5182 0.1428 0.2488 0.2665 0.1147 0.5182 0.1308 0.3485 0.2243 0.1210
0.2134 0.3616 0.1293 0.5158 0.1151 0.2610 0.2600 0.1415 0.5189 0.1134 0.3063 0.1789 0.1540 0.5058 0.1137 0.3439 0.1497 0.1640 0.4907 0.1146 0.3727 0.1389 0.1723 0.4760 0.1158 0.3972 0.1326 0.1804 0.4603 0.1172 0.4206 0.1280 0.1887 0.4430 0.1189 0.4432 0.1245 0.1977 0.4234 0.1210 0.4649 0.1216 0.2075 0.4012 0.1234 0.4847 0.1193 0.2188 0.3676 0.1317 0.5083 0.1317 0.3676 0.2188 0.1193 0.4847 0.1234 0.4012 0.2075 0.1216 0.4649 0.1210 0.4234 0.1977 0.1245 0.4432 0.1189 0.4430 0.1887 0.1280 0.4206 0.1172 0.4603 0.1804 0.1326 0.3972 0.1158 0.4760 0.1723 0.1389 0.3727 0.1146 0.4907 0.1640 0.1497 0.3439 0.1137 0.5058 0.1540 0.1789 0.3063 0.1134 0.5189 0.1415 0.2600 0.2610 0.1151 0.5158 0.1293 0.3616 0.2134
0.3507 0.1279 0.5124 0.1155 0.2549 0.2734 0.1399 0.5198 0.1135 0.3028 0.1822 0.1536 0.5058 0.1137 0.3464 0.1479 0.1654 0.4877 0.1149 0.3800 0.1365 0.1752 0.4703 0.1163 0.4068 0.1305 0.1839 0.4529 0.1179 0.4310 0.1263 0.1928 0.4341 0.1198 0.4536 0.1231 0.2022 0.4133 0.1220 0.4746 0.1205 0.2124 0.3899 0.1246 0.4929 0.1184 0.2235 0.3622 0.1286 0.5194 0.1120 0.5194 0.1286 0.3622 0.2235 0.1184 0.4929 0.1246 0.3899 0.2124 0.1205 0.4746 0.1220 0.4133 0.2022 0.1231 0.4536 0.1198 0.4341 0.1928 0.1263 0.4310 0.1179 0.4529 0.1839 0.1305 0.4068 0.1163 0.4703 0.1752 0.1365 0.3800 0.1149 0.4877 0.1654 0.1479 0.3464 0.1137 0.5058 0.1536 0.1822 0.3028 0.1135 0.5198 0.1399 0.2734 0.2549 0.1155 0.5124 0.1279 0.3507
0.1242 0.5078 0.1161 0.2486 0.2881 0.1382 0.5206 0.1136 0.2975 0.1885 0.1525 0.5069 0.1137 0.3464 0.1473 0.1662 0.4856 0.1151 0.3857 0.1348 0.1776 0.4649 0.1168 0.4159 0.1287 0.1875 0.4453 0.1187 0.4410 0.1248 0.1970 0.4248 0.1208 0.4636 0.1218 0.2069 0.4026 0.1232 0.4836 0.1195 0.2175 0.3779 0.1259 0.5001 0.1176 0.2290 0.3503 0.1292 0.5144 0.1124 0.3506 0.1124 0.5144 0.1292 0.3503 0.2290 0.1176 0.5001 0.1259 0.3779 0.2175 0.1195 0.4836 0.1232 0.4026 0.2069 0.1218 0.4636 0.1208 0.4248 0.1970 0.1248 0.4410 0.1187 0.4453 0.1875 0.1287 0.4159 0.1168 0.4649 0.1776 0.1348 0.3857 0.1151 0.4856 0.1662 0.1473 0.3464 0.1137 0.5069 0.1525 0.1885 0.2975 0.1136 0.5206 0.1382 0.2881 0.2486 0.1161 0.5078 0.1242
0.4898 0.1168 0.2424 0.3032 0.1363 0.5210 0.1137 0.2911 0.1978 0.1510 0.5087 0.1136 0.3439 0.1479 0.1662 0.4848 0.1152 0.3894 0.1337 0.1796 0.4604 0.1173 0.4239 0.1273 0.1909 0.4377 0.1195 0.4505 0.1234 0.2012 0.4153 0.1218 0.4732 0.1207 0.2117 0.3914 0.1244 0.4919 0.1185 0.2228 0.3654 0.1273 0.5062 0.1169 0.2347 0.3368 0.1306 0.5158 0.1146 0.2727 0.1399 0.2727 0.1146 0.5158 0.1306 0.3368 0.2347 0.1169 0.5062 0.1273 0.3654 0.2228 0.1185 0.4919 0.1244 0.3914 0.2117 0.1207 0.4732 0.1218 0.4153 0.2012 0.1234 0.4505 0.1195 0.4377 0.1909 0.1273 0.4239 0.1173 0.4604 0.1796 0.1337 0.3894 0.1152 0.4848 0.1662 0.1479 0.3439 0.1136 0.5087 0.1510 0.1978 0.2911 0.1137 0.5210 0.1363 0.3032 0.2424 0.1168 0.4898
0.1190 0.2364 0.3182 0.1345 0.5209 0.1140 0.2841 0.2098 0.1490 0.5110 0.1135 0.3392 0.1497 0.1654 0.4856 0.1152 0.3907 0.1331 0.1809 0.4571 0.1177 0.4302 0.1261 0.1940 0.4304 0.1203 0.4593 0.1223 0.2054 0.4055 0.1229 0.4818 0.1196 0.2166 0.3797 0.1257 0.4992 0.1177 0.2282 0.3523 0.1288 0.5112 0.1162 0.2406 0.3224 0.1323 0.5181 0.1149 0.2588 0.2316 0.1720 0.2316 0.2588 0.1149 0.5181 0.1323 0.3224 0.2406 0.1162 0.5112 0.1288 0.3523 0.2282 0.1177 0.4992 0.1257 0.3797 0.2166 0.1196 0.4818 0.1229 0.4055 0.2054 0.1223 0.4593 0.1203 0.4304 0.1940 0.1261 0.4302 0.1177 0.4571 0.1809 0.1331 0.3907 0.1152 0.4856 0.1654 0.1497 0.3392 0.1135 0.5110 0.1490 0.2098 0.2841 0.1140 0.5209 0.1345 0.3182 0.2364 0.1190
0.2247 0.3326 0.1328 0.5201 0.1142 0.2769 0.2236 0.1469 0.5134 0.1134 0.3329 0.1527 0.1640 0.4877 0.1151 0.3894 0.1331 0.1813 0.4552 0.1180 0.4347 0.1253 0.1965 0.4241 0.1210 0.4671 0.1213 0.2095 0.3958 0.1240 0.4896 0.1188 0.2216 0.3679 0.1271 0.5054 0.1170 0.2339 0.3386 0.1304 0.5150 0.1157 0.2468 0.3076 0.1340 0.5198 0.1147 0.2616 0.2634 0.1459 0.4722 0.1459 0.2634 0.2616 0.1147 0.5198 0.1340 0.3076 0.2468 0.1157 0.5150 0.1304 0.3386 0.2339 0.1170 0.5054 0.1271 0.3679 0.2216 0.1188 0.4896 0.1240 0.3958 0.2095 0.1213 0.4671 0.1210 0.4241 0.1965 0.1253 0.4347 0.1180 0.4552 0.1813 0.1331 0.3894 0.1151 0.4877 0.1640 0.1527 0.3329 0.1134 0.5134 0.1469 0.2236 0.2769 0.1142 0.5201 0.1328 0.3326 0.2247
0.3220 0.1312 0.5186 0.1146 0.2697 0.2386 0.1448 0.5157 0.1134 0.3255 0.1572 0.1620 0.4907 0.1149 0.3857 0.1337 0.1809 0.4552 0.1181 0.4371 0.1248 0.1983 0.4193 0.1217 0.4733 0.1205 0.2133 0.3864 0.1251 0.4963 0.1180 0.2265 0.3558 0.1285 0.5103 0.1163 0.2397 0.3244 0.1320 0.5177 0.1152 0.2532 0.2923 0.1358 0.5208 0.1143 0.2678 0.2569 0.1414 0.5147 0.1160 0.5147 0.1414 0.2569 0.2678 0.1143 0.5208 0.1358 0.2923 0.2532 0.1152 0.5177 0.1320 0.3244 0.2397 0.1163 0.5103 0.1285 0.3558 0.2265 0.1180 0.4963 0.1251 0.3864 0.2133 0.1205 0.4733 0.1217 0.4193 0.1983 0.1248 0.4371 0.1181 0.4552 0.1809 0.1337 0.3857 0.1149 0.4907 0.1620 0.1572 0.3255 0.1134 0.5157 0.1448 0.2386 0.2697 0.1146 0.5186 0.1312 0.3220
0.1271 0.5163 0.1150 0.2627 0.2542 0.1426 0.5177 0.1133 0.3175 0.1633 0.1597 0.4945 0.1146 0.3800 0.1348 0.1796 0.4571 0.1180 0.4371 0.1246 0.1992 0.4161 0.1221 0.4778 0.1199 0.2165 0.3781 0.1261 0.5018 0.1174 0.2314 0.3439 0.1299 0.5140 0.1158 0.2455 0.3102 0.1337 0.5196 0.1147 0.2599 0.2767 0.1377 0.5210 0.1140 0.2748 0.2427 0.1423 0.5187 0.1120 0.4239 0.1120 0.5187 0.1423 0.2427 0.2748 0.1140 0.5210 0.1377 0.2767 0.2599 0.1147 0.5196 0.1337 0.3102 0.2455 0.1158 0.5140 0.1299 0.3439 0.2314 0.1174 0.5018 0.1261 0.3781 0.2165 0.1199 0.4778 0.1221 0.4161 0.1992 0.1246 0.4371 0.1180 0.4571 0.1796 0.1348 0.3800 0.1146 0.4945 0.1597 0.1633 0.3175 0.1133 0.5177 0.1426 0.2542 0.2627 0.1150 0.5163 0.1271
0.5008 0.1156 0.2560 0.2701 0.1405 0.5193 0.1134 0.3093 0.1711 0.1572 0.4985 0.1143 0.3727 0.1365 0.1776 0.4604 0.1177 0.4347 0.1248 0.1992 0.4150 0.1223 0.4805 0.1195 0.2189 0.3712 0.1270 0.5059 0.1168 0.2359 0.3323 0.1312 0.5167 0.1153 0.2513 0.2961 0.1354 0.5206 0.1144 0.2666 0.2610 0.1397 0.5207 0.1138 0.2822 0.2275 0.1442 0.5180 0.1129 0.3304 0.1220 0.3304 0.1129 0.5180 0.1442 0.2275 0.2822 0.1138 0.5207 0.1397 0.2610 0.2666 0.1144 0.5206 0.1354 0.2961 0.2513 0.1153 0.5167 0.1312 0.3323 0.2359 0.1168 0.5059 0.1270 0.3712 0.2189 0.1195 0.4805 0.1223 0.4150 0.1992 0.1248 0.4347 0.1177 0.4604 0.1776 0.1365 0.3727 0.1143 0.4985 0.1572 0.1711 0.3093 0.1134 0.5193 0.1405 0.2701 0.2560 0.1156 0.5008
0.1174 0.2495 0.2858 0.1385 0.5204 0.1135 0.3012 0.1810 0.1547 0.5025 0.1140 0.3642 0.1389 0.1752 0.4649 0.1173 0.4302 0.1253 0.1983 0.4161 0.1223 0.4815 0.1193 0.2205 0.3664 0.1277 0.5088 0.1164 0.2400 0.3217 0.1326 0.5186 0.1150 0.2570 0.2823 0.1371 0.5210 0.1141 0.2734 0.2457 0.1417 0.5198 0.1136 0.2899 0.2125 0.1464 0.5162 0.1133 0.3130 0.1514 0.1993 0.1514 0.3130 0.1133 0.5162 0.1464 0.2125 0.2899 0.1136 0.5198 0.1417 0.2457 0.2734 0.1141 0.5210 0.1371 0.2823 0.2570 0.1150 0.5186 0.1326 0.3217 0.2400 0.1164 0.5088 0.1277 0.3664 0.2205 0.1193 0.4815 0.1223 0.4161 0.1983 0.1253 0.4302 0.1173 0.4649 0.1752 0.1389 0.3642 0.1140 0.5025 0.1547 0.1810 0.3012 0.1135 0.5204 0.1385 0.2858 0.2495 0.1174
0.2369 0.3012 0.1366 0.5210 0.1137 0.2932 0.1929 0.1522 0.5062 0.1137 0.3553 0.1418 0.1723 0.4703 0.1168 0.4239 0.1261 0.1965 0.4193 0.1221 0.4805 0.1193 0.2211 0.3638 0.1281 0.5106 0.1162 0.2433 0.3127 0.1337 0.5198 0.1146 0.2625 0.2692 0.1388 0.5209 0.1139 0.2801 0.2313 0.1437 0.5185 0.1134 0.2977 0.1986 0.1488 0.5138 0.1133 0.3166 0.1666 0.1647 0.4114 0.1647 0.1666 0.3166 0.1133 0.5138 0.1488 0.1986 0.2977 0.1134 0.5185 0.1437 0.2313 0.2801 0.1139 0.5209 0.1388 0.2692 0.2625 0.1146 0.5198 0.1337 0.3127 0.2433 0.1162 0.5106 0.1281 0.3638 0.2211 0.1193 0.4805 0.1221 0.4193 0.1965 0.1261 0.4239 0.1168 0.4703 0.1723 0.1418 0.3553 0.1137 0.5062 0.1522 0.1929 0.2932 0.1137 0.5210 0.1366 0.3012 0.2369
0.2911 0.1349 0.5210 0.1139 0.2854 0.2065 0.1498 0.5096 0.1136 0.3463 0.1453 0.1694 0.4760 0.1163 0.4159 0.1273 0.1940 0.4241 0.1217 0.4778 0.1195 0.2205 0.3638 0.1282 0.5114 0.1160 0.2456 0.3058 0.1347 0.5205 0.1144 0.2675 0.2571 0.1404 0.5204 0.1137 0.2868 0.2176 0.1458 0.5168 0.1134 0.3055 0.1863 0.1512 0.5110 0.1134 0.3244 0.1635 0.1587 0.4856 0.1232 0.4856 0.1587 0.1635 0.3244 0.1134 0.5110 0.1512 0.1863 0.3055 0.1134 0.5168 0.1458 0.2176 0.2868 0.1137 0.5204 0.1404 0.2571 0.2675 0.1144 0.5205 0.1347 0.3058 0.2456 0.1160 0.5114 0.1282 0.3638 0.2205 0.1195 0.4778 0.1217 0.4241 0.1940 0.1273 0.4159 0.1163 0.4760 0.1694 0.1453 0.3463 0.1136 0.5096 0.1498 0.2065 0.2854 0.1139 0.5210 0.1349 0.2911
0.1304 0.5203 0.1142 0.2779 0.2211 0.1474 0.5127 0.1134 0.3371 0.1496 0.1664 0.4817 0.1158 0.4068 0.1287 0.1909 0.4304 0.1210 0.4733 0.1199 0.2189 0.3664 0.1281 0.5114 0.1159 0.2468 0.3015 0.1354 0.5208 0.1142 0.2717 0.2466 0.1419 0.5196 0.1135 0.2932 0.2052 0.1478 0.5148 0.1133 0.3133 0.1758 0.1535 0.5078 0.1135 0.3332 0.1573 0.1598 0.4959 0.1146 0.4933 0.1146 0.4959 0.1598 0.1573 0.3332 0.1135 0.5078 0.1535 0.1758 0.3133 0.1133 0.5148 0.1478 0.2052 0.2932 0.1135 0.5196 0.1419 0.2466 0.2717 0.1142 0.5208 0.1354 0.3015 0.2468 0.1159 0.5114 0.1281 0.3664 0.2189 0.1199 0.4733 0.1210 0.4304 0.1909 0.1287 0.4068 0.1158 0.4817 0.1664 0.1496 0.3371 0.1134 0.5127 0.1474 0.2211 0.2779 0.1142 0.5203 0.1304
0.5067 0.1146 0.2706 0.2365 0.1451 0.5153 0.1134 0.3280 0.1548 0.1635 0.4872 0.1152 0.3972 0.1305 0.1875 0.4377 0.1203 0.4671 0.1205 0.2165 0.3712 0.1277 0.5106 0.1160 0.2468 0.3002 0.1357 0.5209 0.1141 0.2749 0.2385 0.1431 0.5187 0.1134 0.2991 0.1947 0.1497 0.5125 0.1134 0.3210 0.1673 0.1559 0.5044 0.1137 0.3421 0.1517 0.1623 0.4939 0.1142 0.4008 0.1139 0.4008 0.1142 0.4939 0.1623 0.1517 0.3421 0.1137 0.5044 0.1559 0.1673 0.3210 0.1134 0.5125 0.1497 0.1947 0.2991 0.1134 0.5187 0.1431 0.2385 0.2749 0.1141 0.5209 0.1357 0.3002 0.2468 0.1160 0.5106 0.1277 0.3712 0.2165 0.1205 0.4671 0.1203 0.4377 0.1875 0.1305 0.3972 0.1152 0.4872 0.1635 0.1548 0.3280 0.1134 0.5153 0.1451 0.2365 0.2706 0.1146 0.5067
0.1160 0.2636 0.2522 0.1429 0.5174 0.1133 0.3192 0.1614 0.1606 0.4924 0.1148 0.3873 0.1326 0.1839 0.4453 0.1195 0.4593 0.1213 0.2133 0.3781 0.1270 0.5088 0.1162 0.2456 0.3015 0.1357 0.5210 0.1141 0.2769 0.2330 0.1441 0.5178 0.1134 0.3044 0.1860 0.1515 0.5102 0.1134 0.3284 0.1606 0.1583 0.5007 0.1139 0.3509 0.1472 0.1651 0.4894 0.1146 0.3801 0.1274 0.2354 0.1274 0.3801 0.1146 0.4894 0.1651 0.1472 0.3509 0.1139 0.5007 0.1583 0.1606 0.3284 0.1134 0.5102 0.1515 0.1860 0.3044 0.1134 0.5178 0.1441 0.2330 0.2769 0.1141 0.5210 0.1357 0.3015 0.2456 0.1162 0.5088 0.1270 0.3781 0.2133 0.1213 0.4593 0.1195 0.4453 0.1839 0.1326 0.3873 0.1148 0.4924 0.1606 0.1614 0.3192 0.1133 0.5174 0.1429 0.2522 0.2636 0.1160
0.2501 0.2680 0.1408 0.5191 0.1134 0.3106 0.1695 0.1578 0.4973 0.1144 0.3773 0.1349 0.1804 0.4529 0.1187 0.4505 0.1223 0.2095 0.3864 0.1261 0.5059 0.1164 0.2433 0.3058 0.1354 0.5209 0.1141 0.2776 0.2301 0.1447 0.5171 0.1134 0.3086 0.1795 0.1531 0.5079 0.1135 0.3353 0.1554 0.1606 0.4968 0.1141 0.3595 0.1435 0.1679 0.4842 0.1150 0.3841 0.1336 0.1897 0.3217 0.1897 0.1336 0.3841 0.1150 0.4842 0.1679 0.1435 0.3595 0.1141 0.4968 0.1606 0.1554 0.3353 0.1135 0.5079 0.1531 0.1795 0.3086 0.1134 0.5171 0.1447 0.2301 0.2776 0.1141 0.5209 0.1354 0.3058 0.2433 0.1164 0.5059 0.1261 0.3864 0.2095 0.1223 0.4505 0.1187 0.4529 0.1804 0.1349 0.3773 0.1144 0.4973 0.1578 0.1695 0.3106 0.1134 0.5191 0.1408 0.2680 0.2501
0.2589 0.1389 0.5203 0.1135 0.3023 0.1795 0.1552 0.5017 0.1141 0.3672 0.1377 0.1769 0.4603 0.1179 0.4410 0.1234 0.2054 0.3958 0.1251 0.5018 0.1168 0.2400 0.3127 0.1347 0.5208 0.1141 0.2769 0.2301 0.1449 0.5167 0.1134 0.3116 0.1749 0.1544 0.5058 0.1136 0.3416 0.1513 0.1628 0.4930 0.1144 0.3679 0.1404 0.1708 0.4789 0.1155 0.3928 0.1332 0.1815 0.4332 0.1340 0.4332 0.1815 0.1332 0.3928 0.1155 0.4789 0.1708 0.1404 0.3679 0.1144 0.4930 0.1628 0.1513 0.3416 0.1136 0.5058 0.1544 0.1749 0.3116 0.1134 0.5167 0.1449 0.2301 0.2769 0.1141 0.5208 0.1347 0.3127 0.2400 0.1168 0.5018 0.1251 0.3958 0.2054 0.1234 0.4410 0.1179 0.4603 0.1769 0.1377 0.3672 0.1141 0.5017 0.1552 0.1795 0.3023 0.1135 0.5203 0.1389 0.2589
0.1340 0.5209 0.1137 0.2942 0.1913 0.1526 0.5057 0.1138 0.3573 0.1409 0.1734 0.4674 0.1172 0.4310 0.1248 0.2012 0.4055 0.1240 0.4963 0.1174 0.2359 0.3217 0.1337 0.5205 0.1142 0.2749 0.2330 0.1447 0.5167 0.1134 0.3131 0.1722 0.1553 0.5042 0.1137 0.3469 0.1483 0.1648 0.4892 0.1147 0.3758 0.1378 0.1736 0.4734 0.1160 0.4021 0.1314 0.1828 0.4507 0.1206 0.5208 0.1206 0.4507 0.1828 0.1314 0.4021 0.1160 0.4734 0.1736 0.1378 0.3758 0.1147 0.4892 0.1648 0.1483 0.3469 0.1137 0.5042 0.1553 0.1722 0.3131 0.1134 0.5167 0.1447 0.2330 0.2749 0.1142 0.5205 0.1337 0.3217 0.2359 0.1174 0.4963 0.1240 0.4055 0.2012 0.1248 0.4310 0.1172 0.4674 0.1734 0.1409 0.3573 0.1138 0.5057 0.1526 0.1913 0.2942 0.1137 0.5209 0.1340
0.5085 0.1140 0.2864 0.2047 0.1501 0.5092 0.1136 0.3477 0.1446 0.1701 0.4742 0.1165 0.4206 0.1263 0.1970 0.4153 0.1229 0.4896 0.1180 0.2314 0.3323 0.1326 0.5198 0.1144 0.2717 0.2385 0.1441 0.5171 0.1134 0.3131 0.1714 0.1558 0.5031 0.1138 0.3509 0.1461 0.1666 0.4858 0.1150 0.3831 0.1357 0.1763 0.4678 0.1165 0.4111 0.1296 0.1858 0.4480 0.1188 0.4737 0.1110 0.4737 0.1188 0.4480 0.1858 0.1296 0.4111 0.1165 0.4678 0.1763 0.1357 0.3831 0.1150 0.4858 0.1666 0.1461 0.3509 0.1138 0.5031 0.1558 0.1714 0.3131 0.1134 0.5171 0.1441 0.2385 0.2717 0.1144 0.5198 0.1326 0.3323 0.2314 0.1180 0.4896 0.1229 0.4153 0.1970 0.1263 0.4206 0.1165 0.4742 0.1701 0.1446 0.3477 0.1136 0.5092 0.1501 0.2047 0.2864 0.1140 0.5085
0.1150 0.2789 0.2192 0.1477 0.5123 0.1134 0.3383 0.1489 0.1669 0.4805 0.1159 0.4099 0.1280 0.1928 0.4248 0.1218 0.4818 0.1188 0.2265 0.3439 0.1312 0.5186 0.1146 0.2675 0.2466 0.1431 0.5178 0.1134 0.3116 0.1722 0.1558 0.5028 0.1138 0.3534 0.1447 0.1678 0.4830 0.1153 0.3894 0.1340 0.1788 0.4626 0.1171 0.4196 0.1280 0.1891 0.4414 0.1192 0.4533 0.1173 0.2818 0.1173 0.4533 0.1192 0.4414 0.1891 0.1280 0.4196 0.1171 0.4626 0.1788 0.1340 0.3894 0.1153 0.4830 0.1678 0.1447 0.3534 0.1138 0.5028 0.1558 0.1722 0.3116 0.1134 0.5178 0.1431 0.2466 0.2675 0.1146 0.5186 0.1312 0.3439 0.2265 0.1188 0.4818 0.1218 0.4248 0.1928 0.1280 0.4099 0.1159 0.4805 0.1669 0.1489 0.3383 0.1134 0.5123 0.1477 0.2192 0.2789 0.1150
0.2644 0.2345 0.1454 0.5150 0.1134 0.3292 0.1541 0.1639 0.4864 0.1153 0.3993 0.1300 0.1887 0.4341 0.1208 0.4732 0.1196 0.2216 0.3558 0.1299 0.5167 0.1150 0.2625 0.2571 0.1419 0.5187 0.1134 0.3086 0.1749 0.1553 0.5031 0.1138 0.3543 0.1440 0.1686 0.4811 0.1155 0.3944 0.1327 0.1810 0.4577 0.1176 0.4274 0.1267 0.1923 0.4342 0.1199 0.4562 0.1213 0.2222 0.2128 0.2222 0.1213 0.4563 0.1199 0.4342 0.1923 0.1267 0.4274 0.1176 0.4577 0.1810 0.1327 0.3944 0.1155 0.4811 0.1686 0.1440 0.3543 0.1138 0.5031 0.1553 0.1749 0.3086 0.1134 0.5187 0.1419 0.2571 0.2625 0.1150 0.5167 0.1299 0.3558 0.2216 0.1196 0.4732 0.1208 0.4341 0.1887 0.1300 0.3993 0.1153 0.4864 0.1639 0.1541 0.3292 0.1134 0.5150 0.1454 0.2345 0.2644
0.2271 0.1433 0.5172 0.1133 0.3203 0.1605 0.1610 0.4917 0.1149 0.3889 0.1321 0.1848 0.4430 0.1198 0.4636 0.1207 0.2166 0.3679 0.1285 0.5140 0.1153 0.2570 0.2692 0.1404 0.5196 0.1134 0.3044 0.1795 0.1544 0.5042 0.1138 0.3534 0.1440 0.1689 0.4800 0.1156 0.3978 0.1317 0.1828 0.4535 0.1180 0.4342 0.1255 0.1954 0.4272 0.1207 0.4634 0.1215 0.2110 0.3556 0.1487 0.3555 0.2110 0.1215 0.4635 0.1207 0.4272 0.1954 0.1255 0.4342 0.1180 0.4535 0.1828 0.1317 0.3978 0.1156 0.4800 0.1689 0.1440 0.3534 0.1138 0.5042 0.1544 0.1795 0.3044 0.1134 0.5196 0.1404 0.2692 0.2570 0.1153 0.5140 0.1285 0.3678 0.2167 0.1206 0.4637 0.1198 0.4430 0.1848 0.1321 0.3889 0.1149 0.4917 0.1610 0.1605 0.3203 0.1133 0.5172 0.1433 0.2271
0.1379 0.5189 0.1134 0.3117 0.1684 0.1582 0.4967 0.1144 0.3786 0.1346 0.1810 0.4513 0.1189 0.4536 0.1218 0.2117 0.3797 0.1271 0.5103 0.1158 0.2513 0.2823 0.1388 0.5204 0.1135 0.2991 0.1860 0.1531 0.5058 0.1137 0.3509 0.1447 0.1686 0.4800 0.1156 0.3996 0.1312 0.1840 0.4503 0.1184 0.4398 0.1246 0.1982 0.4205 0.1214 0.4706 0.1208 0.2120 0.3828 0.1298 0.5118 0.1299 0.3826 0.2121 0.1208 0.4706 0.1214 0.4205 0.1982 0.1246 0.4398 0.1184 0.4503 0.1840 0.1312 0.3996 0.1156 0.4800 0.1686 0.1447 0.3509 0.1137 0.5058 0.1531 0.1860 0.2991 0.1135 0.5204 0.1388 0.2823 0.2513 0.1158 0.5103 0.1271 0.3796 0.2118 0.1218 0.4536 0.1189 0.4513 0.1810 0.1346 0.3786 0.1144 0.4967 0.1582 0.1684 0.3117 0.1134 0.5189 0.1380
0.5073 0.1136 0.3033 0.1781 0.1555 0.5011 0.1141 0.3685 0.1373 0.1774 0.4592 0.1181 0.4432 0.1231 0.2069 0.3914 0.1257 0.5054 0.1163 0.2455 0.2961 0.1371 0.5209 0.1137 0.2932 0.1947 0.1515 0.5079 0.1136 0.3469 0.1461 0.1678 0.4811 0.1156 0.3996 0.1310 0.1847 0.4482 0.1187 0.4439 0.1240 0.2006 0.4145 0.1221 0.4770 0.1201 0.2153 0.3804 0.1266 0.5167 0.1116 0.5167 0.1266 0.3802 0.2153 0.1200 0.4770 0.1221 0.4145 0.2006 0.1239 0.4440 0.1187 0.4482 0.1847 0.1310 0.3996 0.1156 0.4811 0.1678 0.1461 0.3469 0.1136 0.5079 0.1515 0.1946 0.2932 0.1137 0.5209 0.1371 0.2959 0.2456 0.1163 0.5055 0.1258 0.3912 0.2069 0.1230 0.4433 0.1181 0.4591 0.1774 0.1373 0.3686 0.1141 0.5011 0.1555 0.1780 0.3034 0.1136 0.5073
0.1142 0.2952 0.1897 0.1529 0.5052 0.1138 0.3586 0.1404 0.1739 0.4665 0.1173 0.4326 0.1245 0.2022 0.4026 0.1244 0.4992 0.1170 0.2397 0.3102 0.1354 0.5210 0.1139 0.2868 0.2052 0.1497 0.5102 0.1135 0.3416 0.1483 0.1666 0.4830 0.1155 0.3978 0.1312 0.1847 0.4475 0.1188 0.4466 0.1235 0.2023 0.4098 0.1227 0.4823 0.1194 0.2187 0.3729 0.1268 0.5081 0.1129 0.3385 0.1129 0.5084 0.1269 0.3723 0.2189 0.1194 0.4825 0.1228 0.4095 0.2025 0.1234 0.4468 0.1188 0.4473 0.1848 0.1311 0.3980 0.1155 0.4829 0.1666 0.1481 0.3419 0.1135 0.5101 0.1498 0.2048 0.2870 0.1138 0.5210 0.1355 0.3096 0.2400 0.1169 0.4996 0.1245 0.4021 0.2024 0.1244 0.4331 0.1173 0.4662 0.1740 0.1402 0.3590 0.1138 0.5050 0.1530 0.1891 0.2956 0.1141
0.2797 0.2029 0.1504 0.5088 0.1136 0.3489 0.1441 0.1705 0.4734 0.1166 0.4219 0.1261 0.1977 0.4133 0.1232 0.4919 0.1177 0.2339 0.3244 0.1337 0.5206 0.1141 0.2801 0.2176 0.1478 0.5125 0.1134 0.3353 0.1513 0.1648 0.4858 0.1153 0.3944 0.1317 0.1840 0.4482 0.1188 0.4475 0.1233 0.2035 0.4064 0.1232 0.4862 0.1189 0.2217 0.3651 0.1277 0.5087 0.1155 0.2626 0.1453 0.2645 0.1150 0.5103 0.1281 0.3615 0.2232 0.1184 0.4882 0.1234 0.4040 0.2045 0.1228 0.4496 0.1190 0.4465 0.1848 0.1311 0.3963 0.1153 0.4847 0.1655 0.1502 0.3371 0.1133 0.5119 0.1483 0.2145 0.2817 0.1139 0.5208 0.1341 0.3216 0.2352 0.1174 0.4936 0.1234 0.4111 0.1987 0.1255 0.4242 0.1167 0.4720 0.1713 0.1431 0.3509 0.1135 0.5081 0.1510 0.1997 0.2815
0.1982 0.1481 0.5120 0.1135 0.3395 0.1483 0.1673 0.4797 0.1160 0.4113 0.1278 0.1934 0.4234 0.1220 0.4836 0.1185 0.2282 0.3386 0.1320 0.5196 0.1144 0.2734 0.2313 0.1458 0.5148 0.1134 0.3284 0.1554 0.1628 0.4892 0.1150 0.3894 0.1327 0.1828 0.4503 0.1187 0.4466 0.1233 0.2039 0.4047 0.1235 0.4888 0.1186 0.2242 0.3584 0.1285 0.5112 0.1159 0.2475 0.2525 0.1704 0.2273 0.2604 0.1137 0.5171 0.1311 0.3367 0.2330 0.1162 0.4995 0.1252 0.3894 0.2104 0.1205 0.4596 0.1196 0.4399 0.1876 0.1291 0.4016 0.1152 0.4827 0.1664 0.1484 0.3387 0.1128 0.5117 0.1485 0.2138 0.2817 0.1132 0.5207 0.1340 0.3223 0.2349 0.1167 0.4930 0.1233 0.4118 0.1985 0.1249 0.4234 0.1164 0.4725 0.1711 0.1426 0.3503 0.1131 0.5082 0.1511 0.1833
0.1423 0.5147 0.1134 0.3303 0.1534 0.1643 0.4856 0.1154 0.4007 0.1297 0.1893 0.4329 0.1210 0.4746 0.1195 0.2228 0.3523 0.1304 0.5177 0.1147 0.2666 0.2457 0.1437 0.5168 0.1133 0.3210 0.1606 0.1606 0.4930 0.1147 0.3831 0.1340 0.1810 0.4535 0.1184 0.4439 0.1235 0.2035 0.4047 0.1236 0.4900 0.1184 0.2258 0.3535 0.1292 0.5132 0.1158 0.2474 0.2909 0.1453 0.4477 0.1663 0.1650 0.3071 0.1112 0.5187 0.1427 0.2462 0.2694 0.1118 0.5200 0.1332 0.3237 0.2365 0.1143 0.4991 0.1246 0.3974 0.2060 0.1203 0.4434 0.1177 0.4572 0.1793 0.1333 0.3736 0.1131 0.4985 0.1576 0.1695 0.3090 0.1114 0.5194 0.1406 0.2698 0.2561 0.1128 0.5129 0.1279 0.3729 0.2150 0.1183 0.4589 0.1190 0.4469 0.1837 0.1304 0.3847 0.1137 0.4933 0.1571
0.5035 0.1135 0.3214 0.1596 0.1613 0.4911 0.1149 0.3902 0.1318 0.1853 0.4419 0.1199 0.4649 0.1205 0.2175 0.3654 0.1288 0.5150 0.1152 0.2599 0.2610 0.1417 0.5185 0.1134 0.3133 0.1673 0.1583 0.4968 0.1144 0.3758 0.1357 0.1788 0.4577 0.1180 0.4398 0.1240 0.2023 0.4064 0.1235 0.4900 0.1183 0.2266 0.3506 0.1296 0.5145 0.1156 0.2498 0.2939 0.1386 0.5056 0.1325 0.2709 0.2299 0.1171 0.4604 0.1193 0.4417 0.1872 0.1274 0.3987 0.1145 0.4842 0.1664 0.1470 0.3378 0.1117 0.5118 0.1488 0.2113 0.2829 0.1111 0.5209 0.1345 0.3175 0.2372 0.1138 0.4960 0.1237 0.4073 0.2011 0.1215 0.4283 0.1164 0.4693 0.1734 0.1384 0.3548 0.1122 0.5067 0.1523 0.1928 0.2922 0.1110 0.5211 0.1364 0.3025 0.2430 0.1132 0.5028 0.1253 0.3713
0.1136 0.3128 0.1673 0.1585 0.4961 0.1145 0.3799 0.1342 0.1815 0.4503 0.1190 0.4549 0.1216 0.2124 0.3779 0.1273 0.5112 0.1157 0.2532 0.2767 0.1397 0.5198 0.1134 0.3055 0.1758 0.1559 0.5007 0.1141 0.3679 0.1378 0.1763 0.4626 0.1176 0.4342 0.1246 0.2006 0.4098 0.1232 0.4888 0.1184 0.2266 0.3496 0.1298 0.5152 0.1155 0.2519 0.2901 0.1372 0.5197 0.1150 0.5006 0.2684 0.1179 0.4198 0.1153 0.4806 0.1676 0.1464 0.3423 0.1127 0.5104 0.1497 0.2061 0.2860 0.1126 0.5210 0.1352 0.3121 0.2392 0.1154 0.4985 0.1242 0.4034 0.2023 0.1228 0.4323 0.1168 0.4667 0.1741 0.1389 0.3584 0.1129 0.5053 0.1531 0.1889 0.2952 0.1123 0.5209 0.1371 0.2972 0.2450 0.1148 0.5043 0.1254 0.3937 0.2063 0.1216 0.4414 0.1176 0.4599 0.1733
0.2961 0.1768 0.1558 0.5006 0.1141 0.3697 0.1369 0.1778 0.4582 0.1182 0.4445 0.1229 0.2075 0.3899 0.1259 0.5062 0.1162 0.2468 0.2923 0.1377 0.5207 0.1136 0.2977 0.1863 0.1535 0.5044 0.1139 0.3595 0.1404 0.1736 0.4678 0.1171 0.4274 0.1255 0.1982 0.4145 0.1227 0.4862 0.1186 0.2258 0.3506 0.1298 0.5154 0.1154 0.2533 0.2860 0.1373 0.5210 0.1126 0.3447 0.1439 0.1199 0.4918 0.1157 0.4836 0.1653 0.1506 0.3357 0.1132 0.5126 0.1477 0.2179 0.2800 0.1138 0.5206 0.1337 0.3247 0.2340 0.1173 0.4920 0.1232 0.4131 0.1979 0.1256 0.4222 0.1164 0.4732 0.1707 0.1436 0.3492 0.1133 0.5087 0.1505 0.2023 0.2877 0.1135 0.5210 0.1353 0.3120 0.2389 0.1167 0.4981 0.1242 0.4045 0.2015 0.1243 0.4308 0.1170 0.4676 0.1735 0.1409
0.1756 0.1533 0.5047 0.1139 0.3598 0.1400 0.1743 0.4656 0.1174 0.4339 0.1243 0.2028 0.4012 0.1246 0.5001 0.1169 0.2406 0.3076 0.1358 0.5210 0.1138 0.2899 0.1986 0.1512 0.5078 0.1137 0.3509 0.1435 0.1708 0.4734 0.1165 0.4196 0.1267 0.1954 0.4205 0.1221 0.4823 0.1189 0.2242 0.3535 0.1296 0.5152 0.1154 0.2538 0.2838 0.1376 0.5210 0.1136 0.2938 0.1639 0.1677 0.5100 0.1195 0.4771 0.1670 0.1485 0.3403 0.1134 0.5109 0.1490 0.2097 0.2843 0.1139 0.5209 0.1348 0.3154 0.2377 0.1172 0.4969 0.1240 0.4063 0.2007 0.1249 0.4290 0.1170 0.4689 0.1727 0.1415 0.3553 0.1137 0.5064 0.1521 0.1939 0.2926 0.1136 0.5210 0.1364 0.3024 0.2427 0.1166 0.5023 0.1250 0.3974 0.2044 0.1237 0.4375 0.1176 0.4632 0.1755 0.1389 0.3532
0.1471 0.5084 0.1136 0.3501 0.1436 0.1709 0.4725 0.1167 0.4233 0.1258 0.1983 0.4120 0.1234 0.4929 0.1176 0.2347 0.3224 0.1340 0.5208 0.1140 0.2822 0.2125 0.1488 0.5110 0.1135 0.3421 0.1472 0.1679 0.4789 0.1160 0.4111 0.1280 0.1923 0.4272 0.1214 0.4770 0.1194 0.2217 0.3584 0.1292 0.5145 0.1155 0.2533 0.2838 0.1378 0.5209 0.1138 0.2864 0.2005 0.1565 0.4727 0.1257 0.4646 0.1696 0.1456 0.3466 0.1136 0.5086 0.1509 0.1988 0.2905 0.1137 0.5210 0.1364 0.3022 0.2431 0.1166 0.5030 0.1252 0.3960 0.2050 0.1236 0.4389 0.1177 0.4622 0.1759 0.1385 0.3644 0.1140 0.5028 0.1544 0.1826 0.3000 0.1135 0.5205 0.1382 0.2881 0.2485 0.1161 0.5077 0.1263 0.3867 0.2088 0.1225 0.4473 0.1184 0.4561 0.1788 0.1362 0.3725 0.1137
0.4974 0.1136 0.3407 0.1477 0.1677 0.4789 0.1160 0.4126 0.1275 0.1939 0.4221 0.1222 0.4847 0.1184 0.2290 0.3368 0.1323 0.5198 0.1143 0.2748 0.2275 0.1464 0.5138 0.1134 0.3332 0.1517 0.1651 0.4842 0.1155 0.4021 0.1296 0.1891 0.4342 0.1207 0.4706 0.1201 0.2187 0.3651 0.1285 0.5132 0.1156 0.2519 0.2861 0.1376 0.5209 0.1138 0.2859 0.2102 0.1510 0.4860 0.1302 0.4451 0.1736 0.1426 0.3527 0.1137 0.5061 0.1527 0.1888 0.2968 0.1136 0.5207 0.1380 0.2885 0.2487 0.1160 0.5083 0.1265 0.3846 0.2097 0.1223 0.4492 0.1185 0.4547 0.1795 0.1357 0.3743 0.1143 0.4986 0.1570 0.1722 0.3082 0.1134 0.5195 0.1402 0.2726 0.2549 0.1155 0.5122 0.1277 0.3748 0.2137 0.1213 0.4575 0.1192 0.4482 0.1824 0.1336 0.3825 0.1147 0.4790
0.1134 0.3316 0.1526 0.1647 0.4848 0.1155 0.4022 0.1294 0.1899 0.4315 0.1211 0.4759 0.1193 0.2235 0.3503 0.1306 0.5181 0.1147 0.2678 0.2427 0.1442 0.5162 0.1133 0.3244 0.1573 0.1623 0.4894 0.1150 0.3928 0.1314 0.1858 0.4414 0.1199 0.4634 0.1208 0.2153 0.3729 0.1277 0.5112 0.1158 0.2497 0.2903 0.1373 0.5210 0.1138 0.2857 0.2122 0.1489 0.5003 0.1248 0.4054 0.1842 0.1381 0.3594 0.1138 0.5037 0.1544 0.1805 0.3028 0.1135 0.5199 0.1397 0.2751 0.2544 0.1155 0.5125 0.1279 0.3730 0.2145 0.1211 0.4595 0.1194 0.4465 0.1832 0.1331 0.3846 0.1147 0.4938 0.1598 0.1636 0.3167 0.1133 0.5180 0.1423 0.2568 0.2616 0.1151 0.5158 0.1292 0.3621 0.2188 0.1202 0.4674 0.1202 0.4396 0.1863 0.1313 0.3929 0.1150 0.4897 0.1581
0.3148 0.1578 0.1621 0.4898 0.1150 0.3928 0.1312 0.1863 0.4397 0.1202 0.4674 0.1201 0.2188 0.3622 0.1292 0.5158 0.1149 0.2616 0.2569 0.1423 0.5180 0.1133 0.3166 0.1635 0.1598 0.4939 0.1146 0.3841 0.1332 0.1828 0.4480 0.1192 0.4562 0.1215 0.2120 0.3804 0.1268 0.5087 0.1160 0.2472 0.2954 0.1368 0.5210 0.1137 0.2854 0.2126 0.1480 0.5101 0.1156 0.5087 0.2184 0.1273 0.3743 0.1139 0.5014 0.1560 0.1739 0.3084 0.1134 0.5190 0.1413 0.2624 0.2600 0.1151 0.5156 0.1292 0.3613 0.2194 0.1201 0.4692 0.1204 0.4379 0.1871 0.1308 0.3950 0.1151 0.4887 0.1626 0.1566 0.3254 0.1133 0.5160 0.1445 0.2410 0.2685 0.1146 0.5183 0.1308 0.3488 0.2241 0.1192 0.4769 0.1212 0.4305 0.1903 0.1292 0.4034 0.1155 0.4842 0.1650 0.1502
0.1556 0.1611 0.4918 0.1145 0.3885 0.1316 0.1847 0.4433 0.1196 0.4632 0.1200 0.2167 0.3676 0.1286 0.5144 0.1146 0.2588 0.2634 0.1414 0.5187 0.1129 0.3130 0.1666 0.1587 0.4959 0.1142 0.3801 0.1336 0.1815 0.4507 0.1188 0.4533 0.1213 0.2110 0.3828 0.1266 0.5081 0.1155 0.2472 0.2948 0.1370 0.5210 0.1132 0.2878 0.2070 0.1488 0.5119 0.1126 0.3811 0.1316 0.1214 0.4410 0.1141 0.4986 0.1573 0.1688 0.3135 0.1134 0.5179 0.1428 0.2504 0.2654 0.1148 0.5178 0.1306 0.3495 0.2242 0.1192 0.4781 0.1214 0.4288 0.1911 0.1288 0.4055 0.1156 0.4830 0.1656 0.1509 0.3344 0.1134 0.5135 0.1467 0.2255 0.2757 0.1143 0.5199 0.1325 0.3350 0.2297 0.1183 0.4858 0.1223 0.4209 0.1945 0.1273 0.4140 0.1161 0.4782 0.1681 0.1472 0.3325
0.1638 0.4801 0.1152 0.4097 0.1258 0.1931 0.4252 0.1216 0.4820 0.1164 0.2276 0.3410 0.1317 0.5194 0.1124 0.2727 0.2316 0.1459 0.5147 0.1120 0.3304 0.1514 0.1647 0.4856 0.1146 0.4008 0.1274 0.1897 0.4332 0.1206 0.4737 0.1173 0.2222 0.3556 0.1298 0.5167 0.1129 0.2623 0.2577 0.1418 0.5188 0.1118 0.3086 0.1731 0.1558 0.5026 0.1128 0.3641 0.1311 0.1939 0.4938 0.1198 0.4905 0.1589 0.1650 0.3177 0.1133 0.5167 0.1442 0.2396 0.2705 0.1145 0.5194 0.1320 0.3377 0.2290 0.1184 0.4861 0.1224 0.4196 0.1951 0.1270 0.4160 0.1162 0.4769 0.1688 0.1463 0.3437 0.1135 0.5106 0.1491 0.2106 0.2832 0.1140 0.5208 0.1342 0.3206 0.2354 0.1175 0.4939 0.1235 0.4106 0.1988 0.1256 0.4246 0.1168 0.4717 0.1714 0.1431 0.3514 0.1134
0.3765 0.1247 0.5000 0.1133 0.2403 0.3092 0.1356 0.5211 0.1109 0.2889 0.1987 0.1513 0.5083 0.1120 0.3506 0.1399 0.1720 0.4722 0.1160 0.4239 0.1220 0.1993 0.4114 0.1232 0.4933 0.1139 0.2354 0.3217 0.1340 0.5208 0.1110 0.2818 0.2128 0.1487 0.5119 0.1116 0.3382 0.1462 0.1669 0.4832 0.1146 0.4010 0.1265 0.1883 0.4400 0.1195 0.4604 0.1173 0.2188 0.3381 0.1372 0.4634 0.1619 0.1617 0.3209 0.1133 0.5156 0.1455 0.2301 0.2752 0.1143 0.5203 0.1333 0.3262 0.2338 0.1177 0.4931 0.1235 0.4103 0.1992 0.1254 0.4263 0.1169 0.4704 0.1720 0.1423 0.3533 0.1137 0.5072 0.1515 0.1967 0.2909 0.1137 0.5210 0.1360 0.3057 0.2414 0.1168 0.5009 0.1248 0.3998 0.2034 0.1241 0.4353 0.1175 0.4647 0.1747 0.1396 0.3611 0.1140 0.4892
0.1638 0.4801 0.1152 0.4097 0.1258 0.1931 0.4252 0.1216 0.4820 0.1164 0.2276 0.3410 0.1317 0.5194 0.1124 0.2727 0.2316 0.1459 0.5147 0.1120 0.3304 0.1514 0.1647 0.4856 0.1146 0.4008 0.1274 0.1897 0.4332 0.1206 0.4737 0.1173 0.2222 0.3556 0.1298 0.5167 0.1129 0.2623 0.2577 0.1418 0.5188 0.1118 0.3086 0.1731 0.1558 0.5027 0.1128 0.3584 0.1372 0.1828 0.3664 0.1724 0.1559 0.3236 0.1133 0.5148 0.1464 0.2226 0.2793 0.1141 0.5208 0.1345 0.3154 0.2384 0.1171 0.4992 0.1246 0.4007 0.2033 0.1241 0.4362 0.1176 0.4635 0.1754 0.1390 0.3630 0.1139 0.5034 0.1541 0.1842 0.2989 0.1136 0.5206 0.1380 0.2903 0.2476 0.1162 0.5069 0.1261 0.3884 0.2081 0.1227 0.4458 0.1183 0.4572 0.1783 0.1366 0.3710 0.1142 0.5000 0.1523
0.1556 0.1611 0.4918 0.1145 0.3885 0.1316 0.1847 0.4433 0.1196 0.4632 0.1200 0.2167 0.3676 0.1286 0.5144 0.1146 0.2588 0.2634 0.1414 0.5187 0.1129 0.3130 0.1666 0.1587 0.4959 0.1142 0.3801 0.1336 0.1815 0.4507 0.1188 0.4533 0.1213 0.2110 0.3828 0.1266 0.5081 0.1155 0.2472 0.2948 0.1370 0.5210 0.1132 0.2878 0.2070 0.1488 0.5123 0.1129 0.3358 0.1381 0.2128 0.1402 0.3296 0.1133 0.5142 0.1470 0.2174 0.2824 0.1139 0.5210 0.1356 0.3056 0.2426 0.1166 0.5042 0.1256 0.3912 0.2074 0.1228 0.4458 0.1183 0.4564 0.1788 0.1361 0.3729 0.1142 0.4992 0.1567 0.1734 0.3071 0.1134 0.5197 0.1399 0.2747 0.2541 0.1156 0.5117 0.1275 0.3764 0.2130 0.1215 0.4562 0.1191 0.4493 0.1819 0.1339 0.3812 0.1145 0.4955 0.1589 0.1604
0.3148 0.1578 0.1621 0.4898 0.1150 0.3928 0.1312 0.1863 0.4397 0.1202 0.4674 0.1201 0.2188 0.3622 0.1292 0.5158 0.1149 0.2616 0.2569 0.1423 0.5180 0.1133 0.3166 0.1635 0.1598 0.4939 0.1146 0.3841 0.1332 0.1828 0.4480 0.1192 0.4562 0.1215 0.2120 0.3804 0.1268 0.5087 0.1160 0.2472 0.2954 0.1368 0.5210 0.1137 0.2854 0.2127 0.1477 0.5135 0.1129 0.3577 0.1178 0.3570 0.1130 0.5138 0.1474 0.2144 0.2845 0.1138 0.5210 0.1365 0.2972 0.2464 0.1162 0.5081 0.1267 0.3820 0.2114 0.1218 0.4548 0.1191 0.4491 0.1822 0.1336 0.3828 0.1146 0.4945 0.1594 0.1646 0.3156 0.1134 0.5182 0.1420 0.2588 0.2607 0.1151 0.5154 0.1290 0.3638 0.2181 0.1204 0.4662 0.1201 0.4407 0.1858 0.1316 0.3915 0.1150 0.4904 0.1617 0.1587 0.3137
0.1134 0.3316 0.1526 0.1647 0.4848 0.1155 0.4022 0.1294 0.1899 0.4315 0.1211 0.4759 0.1193 0.2235 0.3503 0.1306 0.5181 0.1147 0.2678 0.2427 0.1442 0.5162 0.1133 0.3244 0.1573 0.1623 0.4894 0.1150 0.3928 0.1314 0.1858 0.4414 0.1199 0.4634 0.1208 0.2153 0.3729 0.1277 0.5112 0.1158 0.2497 0.2903 0.1373 0.5210 0.1138 0.2857 0.2130 0.1477 0.5123 0.1128 0.4599 0.1128 0.5124 0.1476 0.2133 0.2856 0.1138 0.5210 0.1372 0.2906 0.2496 0.1158 0.5111 0.1276 0.3733 0.2151 0.1208 0.4631 0.1199 0.4417 0.1857 0.1315 0.3924 0.1150 0.4896 0.1622 0.1575 0.3243 0.1133 0.5163 0.1442 0.2430 0.2677 0.1147 0.5180 0.1306 0.3506 0.2234 0.1193 0.4758 0.1211 0.4317 0.1898 0.1295 0.4020 0.1155 0.4849 0.1646 0.1527 0.3315 0.1134
0.4974 0.1136 0.3407 0.1477 0.1677 0.4789 0.1160 0.4126 0.1275 0.1939 0.4221 0.1222 0.4847 0.1184 0.2290 0.3368 0.1323 0.5198 0.1143 0.2748 0.2275 0.1464 0.5138 0.1134 0.3332 0.1517 0.1651 0.4842 0.1155 0.4021 0.1296 0.1891 0.4342 0.1207 0.4706 0.1201 0.2187 0.3651 0.1285 0.5132 0.1156 0.2519 0.2861 0.1376 0.5209 0.1138 0.2857 0.2127 0.1488 0.5027 0.1195 0.5027 0.1487 0.2128 0.2857 0.1138 0.5209 0.1376 0.2861 0.2519 0.1156 0.5132 0.1285 0.3653 0.2186 0.1201 0.4705 0.1207 0.4344 0.1891 0.1296 0.4018 0.1155 0.4844 0.1650 0.1518 0.3332 0.1134 0.5138 0.1464 0.2275 0.2748 0.1143 0.5198 0.1323 0.3368 0.2290 0.1184 0.4847 0.1222 0.4221 0.1939 0.1276 0.4126 0.1160 0.4790 0.1677 0.1477 0.3407 0.1136 0.4974
