0.4599 0.4661 0.1992 0.1526 0.2000 0.3274 0.5070 0.4013 0.1617 0.1612 0.2310 0.3931 0.5015 0.3070 0.1520 0.1761 0.2715 0.4642 0.4685 0.2039 0.1523 0.1981 0.3233 0.5060 0.4070 0.1630 0.1604 0.2284 0.3879 0.5029 0.3150 0.1523 0.1748 0.2682 0.4593 0.4719 0.2099 0.1520 0.1962 0.3190 0.5047 0.4126 0.1644 0.1596 0.2258 0.3826 0.5042 0.3234 0.1526 0.1687 0.2093 0.1687 0.1526 0.3234 0.5042 0.3826 0.2258 0.1596 0.1644 0.4126 0.5047 0.3190 0.1962 0.1520 0.2099 0.4719 0.4593 0.2682 0.1748 0.1523 0.3150 0.5029 0.3879 0.2284 0.1604 0.1630 0.4070 0.5060 0.3233 0.1981 0.1523 0.2039 0.4685 0.4642 0.2715 0.1761 0.1520 0.3070 0.5015 0.3931 0.2310 0.1612 0.1617 0.4013 0.5070 0.3274 0.2000 0.1526 0.1992 0.4661 0.4599
0.4661 0.1935 0.1413 0.1923 0.3238 0.5083 0.4057 0.1521 0.1509 0.2240 0.3907 0.5033 0.3128 0.1406 0.1669 0.2658 0.4636 0.4713 0.2037 0.1407 0.1900 0.3191 0.5072 0.4115 0.1537 0.1499 0.2213 0.3853 0.5047 0.3207 0.1410 0.1655 0.2623 0.4586 0.4745 0.2107 0.1404 0.1880 0.3146 0.5058 0.4169 0.1554 0.1490 0.2187 0.3799 0.5059 0.3286 0.1414 0.1633 0.2494 0.3516 0.2494 0.1633 0.1414 0.3286 0.5059 0.3799 0.2187 0.1490 0.1554 0.4169 0.5058 0.3146 0.1880 0.1404 0.2107 0.4745 0.4586 0.2623 0.1655 0.1410 0.3207 0.5047 0.3853 0.2213 0.1499 0.1537 0.4115 0.5072 0.3191 0.1900 0.1407 0.2037 0.4713 0.4636 0.2658 0.1669 0.1406 0.3128 0.5033 0.3907 0.2240 0.1509 0.1521 0.4057 0.5083 0.3238 0.1923 0.1413 0.1935 0.4661
0.1992 0.1413 0.1912 0.3194 0.5069 0.4132 0.1544 0.1495 0.2199 0.3824 0.5052 0.3250 0.1412 0.1647 0.2604 0.4556 0.4762 0.2148 0.1402 0.1869 0.3122 0.5048 0.4198 0.1564 0.1485 0.2172 0.3769 0.5064 0.3328 0.1417 0.1634 0.2570 0.4504 0.4792 0.2224 0.1399 0.1850 0.3079 0.5031 0.4251 0.1584 0.1477 0.2146 0.3717 0.5074 0.3403 0.1422 0.1619 0.2521 0.4321 0.5074 0.4321 0.2521 0.1619 0.1422 0.3403 0.5074 0.3717 0.2146 0.1477 0.1584 0.4251 0.5031 0.3079 0.1850 0.1399 0.2224 0.4792 0.4504 0.2570 0.1634 0.1417 0.3328 0.5064 0.3769 0.2172 0.1485 0.1564 0.4198 0.5048 0.3122 0.1869 0.1402 0.2148 0.4762 0.4556 0.2604 0.1647 0.1412 0.3250 0.5052 0.3824 0.2199 0.1495 0.1544 0.4132 0.5069 0.3194 0.1912 0.1413 0.1992
0.1526 0.1923 0.3194 0.5063 0.4176 0.1563 0.1484 0.2165 0.3748 0.5069 0.3365 0.1420 0.1627 0.2552 0.4474 0.4809 0.2268 0.1398 0.1839 0.3056 0.5019 0.4279 0.1596 0.1472 0.2132 0.3688 0.5079 0.3445 0.1426 0.1613 0.2519 0.4420 0.4837 0.2349 0.1396 0.1821 0.3014 0.4997 0.4329 0.1620 0.1464 0.2108 0.3636 0.5086 0.3518 0.1432 0.1600 0.2483 0.4341 0.4905 0.3880 0.4905 0.4341 0.2483 0.1600 0.1432 0.3518 0.5086 0.3636 0.2108 0.1464 0.1620 0.4329 0.4997 0.3014 0.1821 0.1396 0.2349 0.4837 0.4420 0.2519 0.1613 0.1426 0.3445 0.5079 0.3688 0.2132 0.1472 0.1596 0.4279 0.5019 0.3056 0.1839 0.1398 0.2268 0.4809 0.4474 0.2552 0.1627 0.1420 0.3365 0.5069 0.3748 0.2165 0.1484 0.1563 0.4176 0.5063 0.3194 0.1923 0.1526
0.2000 0.3238 0.5069 0.4176 0.1571 0.1478 0.2140 0.3689 0.5080 0.3466 0.1428 0.1608 0.2503 0.4392 0.4851 0.2393 0.1396 0.1811 0.2991 0.4982 0.4355 0.1634 0.1460 0.2094 0.3608 0.5090 0.3558 0.1436 0.1594 0.2469 0.4335 0.4878 0.2478 0.1395 0.1793 0.2951 0.4955 0.4402 0.1662 0.1452 0.2070 0.3558 0.5095 0.3628 0.1444 0.1582 0.2437 0.4275 0.4909 0.2778 0.1463 0.2778 0.4909 0.4275 0.2437 0.1582 0.1444 0.3628 0.5095 0.3558 0.2070 0.1452 0.1662 0.4402 0.4955 0.2951 0.1793 0.1395 0.2478 0.4878 0.4335 0.2469 0.1594 0.1436 0.3558 0.5090 0.3608 0.2094 0.1460 0.1634 0.4355 0.4982 0.2991 0.1811 0.1396 0.2393 0.4851 0.4392 0.2503 0.1608 0.1428 0.3466 0.5080 0.3689 0.2140 0.1478 0.1571 0.4176 0.5069 0.3238 0.2000
0.3274 0.5083 0.4132 0.1563 0.1478 0.2131 0.3655 0.5087 0.3544 0.1437 0.1592 0.2459 0.4314 0.4889 0.2517 0.1394 0.1784 0.2929 0.4938 0.4427 0.1679 0.1448 0.2057 0.3530 0.5097 0.3667 0.1449 0.1575 0.2420 0.4249 0.4915 0.2609 0.1394 0.1767 0.2889 0.4904 0.4472 0.1713 0.1441 0.2034 0.3480 0.5100 0.3734 0.1458 0.1563 0.2390 0.4193 0.4939 0.2730 0.1385 0.1475 0.1385 0.2730 0.4939 0.4193 0.2390 0.1563 0.1458 0.3734 0.5100 0.3480 0.2034 0.1441 0.1713 0.4472 0.4904 0.2889 0.1767 0.1394 0.2609 0.4915 0.4249 0.2420 0.1575 0.1449 0.3667 0.5097 0.3530 0.2057 0.1448 0.1679 0.4427 0.4938 0.2929 0.1784 0.1394 0.2517 0.4889 0.4314 0.2459 0.1592 0.1437 0.3544 0.5087 0.3655 0.2131 0.1478 0.1563 0.4132 0.5083 0.3274
0.5070 0.4057 0.1544 0.1484 0.2140 0.3655 0.5089 0.3588 0.1443 0.1579 0.2423 0.4244 0.4921 0.2636 0.1394 0.1759 0.2870 0.4887 0.4495 0.1732 0.1437 0.2021 0.3453 0.5100 0.3771 0.1463 0.1557 0.2373 0.4163 0.4949 0.2740 0.1395 0.1741 0.2829 0.4847 0.4538 0.1774 0.1431 0.1998 0.3405 0.5100 0.3835 0.1474 0.1546 0.2344 0.4107 0.4970 0.2831 0.1395 0.1669 0.2147 0.1669 0.1395 0.2831 0.4970 0.4107 0.2344 0.1546 0.1474 0.3835 0.5100 0.3405 0.1998 0.1431 0.1774 0.4538 0.4847 0.2829 0.1741 0.1395 0.2740 0.4949 0.4163 0.2373 0.1557 0.1463 0.3771 0.5100 0.3453 0.2021 0.1437 0.1732 0.4495 0.4887 0.2870 0.1759 0.1394 0.2636 0.4921 0.4244 0.2423 0.1579 0.1443 0.3588 0.5089 0.3655 0.2140 0.1484 0.1544 0.4057 0.5070
0.4013 0.1521 0.1495 0.2165 0.3689 0.5087 0.3588 0.1446 0.1573 0.2399 0.4190 0.4945 0.2739 0.1395 0.1737 0.2816 0.4830 0.4557 0.1795 0.1428 0.1987 0.3380 0.5099 0.3870 0.1480 0.1540 0.2327 0.4077 0.4980 0.2871 0.1397 0.1716 0.2770 0.4782 0.4600 0.1848 0.1422 0.1964 0.3332 0.5096 0.3932 0.1492 0.1530 0.2299 0.4022 0.4998 0.2955 0.1399 0.1691 0.2636 0.3726 0.2636 0.1691 0.1399 0.2955 0.4998 0.4022 0.2299 0.1530 0.1492 0.3932 0.5096 0.3332 0.1964 0.1422 0.1848 0.4600 0.4782 0.2770 0.1716 0.1397 0.2871 0.4980 0.4077 0.2327 0.1540 0.1480 0.3870 0.5099 0.3380 0.1987 0.1428 0.1795 0.4557 0.4830 0.2816 0.1737 0.1395 0.2739 0.4945 0.4190 0.2399 0.1573 0.1446 0.3588 0.5087 0.3689 0.2165 0.1495 0.1521 0.4013
0.1617 0.1509 0.2199 0.3748 0.5080 0.3544 0.1443 0.1573 0.2391 0.4161 0.4960 0.2817 0.1397 0.1718 0.2768 0.4773 0.4612 0.1867 0.1419 0.1955 0.3309 0.5093 0.3964 0.1498 0.1524 0.2283 0.3991 0.5007 0.3000 0.1401 0.1692 0.2713 0.4711 0.4658 0.1935 0.1414 0.1932 0.3260 0.5086 0.4025 0.1512 0.1514 0.2255 0.3937 0.5023 0.3082 0.1404 0.1676 0.2661 0.4542 0.5055 0.4542 0.2661 0.1676 0.1404 0.3082 0.5023 0.3937 0.2255 0.1514 0.1512 0.4025 0.5086 0.3260 0.1932 0.1414 0.1935 0.4658 0.4711 0.2713 0.1692 0.1401 0.3000 0.5007 0.3991 0.2283 0.1524 0.1498 0.3964 0.5093 0.3309 0.1955 0.1419 0.1867 0.4612 0.4773 0.2768 0.1718 0.1397 0.2817 0.4960 0.4161 0.2391 0.1573 0.1443 0.3544 0.5080 0.3748 0.2199 0.1509 0.1617
0.1612 0.2240 0.3824 0.5069 0.3466 0.1437 0.1579 0.2399 0.4161 0.4966 0.2860 0.1398 0.1704 0.2730 0.4721 0.4658 0.1944 0.1413 0.1925 0.3243 0.5082 0.4052 0.1519 0.1509 0.2241 0.3908 0.5031 0.3125 0.1406 0.1669 0.2658 0.4636 0.4712 0.2036 0.1407 0.1900 0.3190 0.5070 0.4114 0.1536 0.1499 0.2213 0.3853 0.5045 0.3206 0.1410 0.1655 0.2620 0.4562 0.4801 0.3614 0.4801 0.4562 0.2620 0.1655 0.1410 0.3206 0.5045 0.3853 0.2213 0.1499 0.1536 0.4114 0.5070 0.3190 0.1900 0.1407 0.2036 0.4712 0.4636 0.2658 0.1669 0.1406 0.3125 0.5031 0.3908 0.2241 0.1509 0.1519 0.4052 0.5082 0.3243 0.1925 0.1413 0.1944 0.4658 0.4721 0.2730 0.1704 0.1398 0.2860 0.4966 0.4161 0.2399 0.1579 0.1437 0.3466 0.5069 0.3824 0.2240 0.1612
0.2310 0.3907 0.5052 0.3365 0.1428 0.1592 0.2423 0.4190 0.4960 0.2860 0.1399 0.1697 0.2706 0.4681 0.4693 0.2015 0.1408 0.1899 0.3182 0.5067 0.4133 0.1543 0.1495 0.2201 0.3827 0.5051 0.3246 0.1412 0.1648 0.2605 0.4557 0.4762 0.2147 0.1402 0.1869 0.3122 0.5049 0.4198 0.1564 0.1485 0.2172 0.3770 0.5064 0.3327 0.1417 0.1634 0.2570 0.4499 0.4803 0.2429 0.1416 0.2429 0.4803 0.4499 0.2570 0.1634 0.1417 0.3327 0.5064 0.3770 0.2172 0.1485 0.1564 0.4198 0.5049 0.3122 0.1869 0.1402 0.2147 0.4762 0.4557 0.2605 0.1648 0.1412 0.3246 0.5051 0.3827 0.2201 0.1495 0.1543 0.4133 0.5067 0.3182 0.1899 0.1408 0.2015 0.4693 0.4681 0.2706 0.1697 0.1399 0.2860 0.4960 0.4190 0.2423 0.1592 0.1428 0.3365 0.5052 0.3907 0.2310
0.3931 0.5033 0.3250 0.1420 0.1608 0.2459 0.4244 0.4945 0.2817 0.1398 0.1697 0.2697 0.4658 0.4715 0.2072 0.1404 0.1877 0.3130 0.5049 0.4205 0.1568 0.1483 0.2163 0.3748 0.5068 0.3362 0.1419 0.1627 0.2554 0.4476 0.4808 0.2266 0.1398 0.1840 0.3056 0.5020 0.4278 0.1596 0.1472 0.2133 0.3688 0.5079 0.3444 0.1426 0.1613 0.2519 0.4420 0.4839 0.2383 0.1381 0.1514 0.1381 0.2383 0.4839 0.4420 0.2519 0.1613 0.1426 0.3444 0.5079 0.3688 0.2133 0.1472 0.1596 0.4278 0.5020 0.3056 0.1840 0.1398 0.2266 0.4808 0.4476 0.2554 0.1627 0.1419 0.3362 0.5068 0.3748 0.2163 0.1483 0.1568 0.4205 0.5049 0.3130 0.1877 0.1404 0.2072 0.4715 0.4658 0.2697 0.1697 0.1398 0.2817 0.4945 0.4244 0.2459 0.1608 0.1420 0.3250 0.5033 0.3931
0.5015 0.3128 0.1412 0.1627 0.2503 0.4314 0.4921 0.2739 0.1397 0.1704 0.2706 0.4658 0.4722 0.2104 0.1402 0.1862 0.3090 0.5030 0.4265 0.1595 0.1472 0.2128 0.3674 0.5081 0.3472 0.1428 0.1608 0.2504 0.4395 0.4850 0.2389 0.1396 0.1812 0.2993 0.4983 0.4355 0.1634 0.1460 0.2094 0.3608 0.5090 0.3557 0.1436 0.1594 0.2469 0.4336 0.4878 0.2484 0.1392 0.1733 0.2261 0.1733 0.1392 0.2484 0.4878 0.4336 0.2469 0.1594 0.1436 0.3557 0.5090 0.3608 0.2094 0.1460 0.1634 0.4355 0.4983 0.2993 0.1812 0.1396 0.2389 0.4850 0.4395 0.2504 0.1608 0.1428 0.3472 0.5081 0.3674 0.2128 0.1472 0.1595 0.4265 0.5030 0.3090 0.1862 0.1402 0.2104 0.4722 0.4658 0.2706 0.1704 0.1397 0.2739 0.4921 0.4314 0.2503 0.1627 0.1412 0.3128 0.5015
0.3070 0.1406 0.1647 0.2552 0.4392 0.4889 0.2636 0.1395 0.1718 0.2730 0.4681 0.4715 0.2104 0.1402 0.1854 0.3064 0.5014 0.4311 0.1619 0.1463 0.2097 0.3607 0.5091 0.3574 0.1439 0.1589 0.2457 0.4312 0.4888 0.2515 0.1394 0.1785 0.2931 0.4939 0.4426 0.1678 0.1448 0.2057 0.3530 0.5097 0.3666 0.1449 0.1575 0.2420 0.4250 0.4915 0.2609 0.1394 0.1757 0.2788 0.3953 0.2788 0.1757 0.1394 0.2609 0.4915 0.4250 0.2420 0.1575 0.1449 0.3666 0.5097 0.3530 0.2057 0.1448 0.1678 0.4426 0.4939 0.2931 0.1785 0.1394 0.2515 0.4888 0.4312 0.2457 0.1589 0.1439 0.3574 0.5091 0.3607 0.2097 0.1463 0.1619 0.4311 0.5014 0.3064 0.1854 0.1402 0.2104 0.4715 0.4681 0.2730 0.1718 0.1395 0.2636 0.4889 0.4392 0.2552 0.1647 0.1406 0.3070
0.1520 0.1669 0.2604 0.4474 0.4851 0.2517 0.1394 0.1737 0.2768 0.4721 0.4693 0.2072 0.1402 0.1854 0.3055 0.5004 0.4340 0.1638 0.1456 0.2073 0.3550 0.5096 0.3663 0.1450 0.1573 0.2412 0.4231 0.4923 0.2641 0.1394 0.1759 0.2872 0.4888 0.4493 0.1730 0.1438 0.2022 0.3455 0.5100 0.3769 0.1463 0.1557 0.2373 0.4163 0.4949 0.2739 0.1395 0.1739 0.2812 0.4743 0.5010 0.4743 0.2812 0.1739 0.1395 0.2739 0.4949 0.4163 0.2373 0.1557 0.1463 0.3769 0.5100 0.3455 0.2022 0.1438 0.1730 0.4493 0.4888 0.2872 0.1759 0.1394 0.2641 0.4923 0.4231 0.2412 0.1573 0.1450 0.3663 0.5096 0.3550 0.2073 0.1456 0.1638 0.4340 0.5004 0.3055 0.1854 0.1402 0.2072 0.4693 0.4721 0.2768 0.1737 0.1394 0.2517 0.4851 0.4474 0.2604 0.1669 0.1520
0.1761 0.2658 0.4556 0.4809 0.2393 0.1394 0.1759 0.2816 0.4773 0.4658 0.2015 0.1404 0.1862 0.3064 0.5004 0.4350 0.1649 0.1452 0.2056 0.3507 0.5099 0.3737 0.1461 0.1558 0.2372 0.4155 0.4954 0.2764 0.1395 0.1735 0.2814 0.4830 0.4555 0.1793 0.1428 0.1988 0.3383 0.5099 0.3867 0.1479 0.1541 0.2328 0.4078 0.4980 0.2870 0.1397 0.1716 0.2767 0.4762 0.4674 0.3316 0.4674 0.4762 0.2767 0.1716 0.1397 0.2870 0.4980 0.4078 0.2328 0.1541 0.1479 0.3867 0.5099 0.3383 0.1988 0.1428 0.1793 0.4555 0.4830 0.2814 0.1735 0.1395 0.2764 0.4954 0.4155 0.2372 0.1558 0.1461 0.3737 0.5099 0.3507 0.2056 0.1452 0.1649 0.4350 0.5004 0.3064 0.1862 0.1404 0.2015 0.4658 0.4773 0.2816 0.1759 0.1394 0.2393 0.4809 0.4556 0.2658 0.1761
0.2715 0.4636 0.4762 0.2268 0.1396 0.1784 0.2870 0.4830 0.4612 0.1944 0.1408 0.1877 0.3090 0.5014 0.4340 0.1649 0.1450 0.2047 0.3480 0.5100 0.3793 0.1470 0.1547 0.2338 0.4085 0.4980 0.2880 0.1398 0.1712 0.2759 0.4767 0.4614 0.1868 0.1420 0.1956 0.3312 0.5093 0.3960 0.1497 0.1525 0.2285 0.3994 0.5007 0.2998 0.1401 0.1692 0.2713 0.4707 0.4671 0.2101 0.1386 0.2101 0.4671 0.4707 0.2713 0.1692 0.1401 0.2998 0.5007 0.3994 0.2285 0.1525 0.1497 0.3960 0.5093 0.3312 0.1956 0.1420 0.1868 0.4614 0.4767 0.2759 0.1712 0.1398 0.2880 0.4980 0.4085 0.2338 0.1547 0.1470 0.3793 0.5100 0.3480 0.2047 0.1450 0.1649 0.4340 0.5014 0.3090 0.1877 0.1408 0.1944 0.4612 0.4830 0.2870 0.1784 0.1396 0.2268 0.4762 0.4636 0.2715
0.4642 0.4713 0.2148 0.1398 0.1811 0.2929 0.4887 0.4557 0.1867 0.1413 0.1899 0.3130 0.5030 0.4311 0.1638 0.1452 0.2047 0.3471 0.5101 0.3828 0.1478 0.1538 0.2310 0.4027 0.5001 0.2982 0.1401 0.1691 0.2708 0.4701 0.4668 0.1955 0.1412 0.1924 0.3243 0.5083 0.4049 0.1518 0.1510 0.2243 0.3911 0.5030 0.3121 0.1405 0.1670 0.2659 0.4636 0.4714 0.2064 0.1386 0.1560 0.1386 0.2064 0.4714 0.4636 0.2659 0.1670 0.1405 0.3121 0.5030 0.3911 0.2243 0.1510 0.1518 0.4049 0.5083 0.3243 0.1924 0.1412 0.1955 0.4668 0.4701 0.2708 0.1691 0.1401 0.2982 0.5001 0.4027 0.2310 0.1538 0.1478 0.3828 0.5101 0.3471 0.2047 0.1452 0.1638 0.4311 0.5030 0.3130 0.1899 0.1413 0.1867 0.4557 0.4887 0.2929 0.1811 0.1398 0.2148 0.4713 0.4642
0.4685 0.2037 0.1402 0.1839 0.2991 0.4938 0.4495 0.1795 0.1419 0.1925 0.3182 0.5049 0.4265 0.1619 0.1456 0.2056 0.3480 0.5101 0.3841 0.1482 0.1532 0.2291 0.3982 0.5016 0.3068 0.1404 0.1673 0.2662 0.4635 0.4716 0.2049 0.1406 0.1894 0.3176 0.5066 0.4134 0.1542 0.1496 0.2202 0.3830 0.5051 0.3241 0.1412 0.1649 0.2607 0.4559 0.4761 0.2151 0.1399 0.1805 0.2386 0.1805 0.1399 0.2151 0.4761 0.4559 0.2607 0.1649 0.1412 0.3241 0.5051 0.3830 0.2202 0.1496 0.1542 0.4134 0.5066 0.3176 0.1894 0.1406 0.2049 0.4716 0.4635 0.2662 0.1673 0.1404 0.3068 0.5016 0.3982 0.2291 0.1532 0.1482 0.3841 0.5101 0.3480 0.2056 0.1456 0.1619 0.4265 0.5049 0.3182 0.1925 0.1419 0.1795 0.4495 0.4938 0.2991 0.1839 0.1402 0.2037 0.4685
0.2039 0.1407 0.1869 0.3056 0.4982 0.4427 0.1732 0.1428 0.1955 0.3243 0.5067 0.4205 0.1595 0.1463 0.2073 0.3507 0.5100 0.3828 0.1482 0.1530 0.2281 0.3954 0.5026 0.3133 0.1407 0.1659 0.2623 0.4574 0.4757 0.2146 0.1402 0.1866 0.3112 0.5044 0.4214 0.1570 0.1483 0.2163 0.3750 0.5068 0.3357 0.1419 0.1628 0.2556 0.4480 0.4806 0.2263 0.1398 0.1830 0.2953 0.4186 0.2953 0.1830 0.1398 0.2263 0.4806 0.4480 0.2556 0.1628 0.1419 0.3357 0.5068 0.3750 0.2163 0.1483 0.1570 0.4214 0.5044 0.3112 0.1866 0.1402 0.2146 0.4757 0.4574 0.2623 0.1659 0.1407 0.3133 0.5026 0.3954 0.2281 0.1530 0.1482 0.3828 0.5100 0.3507 0.2073 0.1463 0.1595 0.4205 0.5067 0.3243 0.1955 0.1428 0.1732 0.4427 0.4982 0.3056 0.1869 0.1407 0.2039
0.1523 0.1900 0.3122 0.5019 0.4355 0.1679 0.1437 0.1987 0.3309 0.5082 0.4133 0.1568 0.1472 0.2097 0.3550 0.5099 0.3793 0.1478 0.1532 0.2281 0.3944 0.5032 0.3173 0.1410 0.1648 0.2592 0.4521 0.4791 0.2237 0.1399 0.1841 0.3054 0.5017 0.4289 0.1602 0.1470 0.2125 0.3671 0.5081 0.3470 0.1428 0.1608 0.2506 0.4398 0.4848 0.2384 0.1396 0.1811 0.2976 0.4907 0.4941 0.4907 0.2976 0.1811 0.1396 0.2384 0.4848 0.4398 0.2506 0.1608 0.1428 0.3470 0.5081 0.3671 0.2125 0.1470 0.1602 0.4289 0.5017 0.3054 0.1841 0.1399 0.2237 0.4791 0.4521 0.2592 0.1648 0.1410 0.3173 0.5032 0.3944 0.2281 0.1532 0.1478 0.3793 0.5099 0.3550 0.2097 0.1472 0.1568 0.4133 0.5082 0.3309 0.1987 0.1437 0.1679 0.4355 0.5019 0.3122 0.1900 0.1523
0.1981 0.3191 0.5048 0.4279 0.1634 0.1448 0.2021 0.3380 0.5093 0.4052 0.1543 0.1483 0.2128 0.3607 0.5096 0.3737 0.1470 0.1538 0.2291 0.3954 0.5032 0.3186 0.1412 0.1641 0.2570 0.4480 0.4817 0.2316 0.1397 0.1820 0.3002 0.4986 0.4355 0.1637 0.1459 0.2089 0.3595 0.5091 0.3579 0.1439 0.1590 0.2458 0.4316 0.4887 0.2510 0.1394 0.1786 0.2930 0.4925 0.4518 0.2985 0.4518 0.4925 0.2930 0.1786 0.1394 0.2510 0.4887 0.4316 0.2458 0.1590 0.1439 0.3579 0.5091 0.3595 0.2089 0.1459 0.1637 0.4355 0.4986 0.3002 0.1820 0.1397 0.2316 0.4817 0.4480 0.2570 0.1641 0.1412 0.3186 0.5032 0.3954 0.2291 0.1538 0.1470 0.3737 0.5096 0.3607 0.2128 0.1483 0.1543 0.4052 0.5093 0.3380 0.2021 0.1448 0.1634 0.4279 0.5048 0.3191 0.1981
0.3233 0.5072 0.4198 0.1596 0.1460 0.2057 0.3453 0.5099 0.3964 0.1519 0.1495 0.2163 0.3674 0.5091 0.3663 0.1461 0.1547 0.2310 0.3982 0.5026 0.3173 0.1412 0.1639 0.2559 0.4453 0.4834 0.2378 0.1395 0.1802 0.2959 0.4953 0.4413 0.1674 0.1449 0.2056 0.3523 0.5098 0.3682 0.1451 0.1572 0.2411 0.4232 0.4923 0.2637 0.1394 0.1760 0.2873 0.4887 0.4508 0.1834 0.1369 0.1834 0.4508 0.4887 0.2873 0.1760 0.1394 0.2637 0.4923 0.4232 0.2411 0.1572 0.1451 0.3682 0.5098 0.3523 0.2056 0.1449 0.1674 0.4413 0.4953 0.2959 0.1802 0.1395 0.2378 0.4834 0.4453 0.2559 0.1639 0.1412 0.3173 0.5026 0.3982 0.2310 0.1547 0.1461 0.3663 0.5091 0.3674 0.2163 0.1495 0.1519 0.3964 0.5099 0.3453 0.2057 0.1460 0.1596 0.4198 0.5072 0.3233
0.5060 0.4115 0.1564 0.1472 0.2094 0.3530 0.5100 0.3870 0.1498 0.1509 0.2201 0.3748 0.5081 0.3574 0.1450 0.1558 0.2338 0.4027 0.5016 0.3133 0.1410 0.1641 0.2559 0.4445 0.4843 0.2418 0.1395 0.1789 0.2924 0.4923 0.4461 0.1712 0.1440 0.2026 0.3457 0.5100 0.3778 0.1465 0.1555 0.2366 0.4148 0.4955 0.2765 0.1395 0.1736 0.2816 0.4832 0.4557 0.1810 0.1401 0.1614 0.1401 0.1810 0.4557 0.4832 0.2816 0.1736 0.1395 0.2765 0.4955 0.4148 0.2366 0.1555 0.1465 0.3778 0.5100 0.3457 0.2026 0.1440 0.1712 0.4461 0.4923 0.2924 0.1789 0.1395 0.2418 0.4843 0.4445 0.2559 0.1641 0.1410 0.3133 0.5016 0.4027 0.2338 0.1558 0.1450 0.3574 0.5081 0.3748 0.2201 0.1509 0.1498 0.3870 0.5100 0.3530 0.2094 0.1472 0.1564 0.4115 0.5060
0.4070 0.1537 0.1485 0.2132 0.3608 0.5097 0.3771 0.1480 0.1524 0.2241 0.3827 0.5068 0.3472 0.1439 0.1573 0.2372 0.4085 0.5001 0.3068 0.1407 0.1648 0.2570 0.4453 0.4843 0.2432 0.1395 0.1780 0.2900 0.4898 0.4498 0.1748 0.1433 0.2000 0.3399 0.5100 0.3863 0.1480 0.1539 0.2323 0.4066 0.4984 0.2891 0.1398 0.1712 0.2760 0.4768 0.4613 0.1870 0.1415 0.1887 0.2526 0.1887 0.1415 0.1870 0.4613 0.4768 0.2760 0.1712 0.1398 0.2891 0.4984 0.4066 0.2323 0.1539 0.1480 0.3863 0.5100 0.3399 0.2000 0.1433 0.1748 0.4498 0.4898 0.2900 0.1780 0.1395 0.2432 0.4843 0.4453 0.2570 0.1648 0.1407 0.3068 0.5001 0.4085 0.2372 0.1573 0.1439 0.3472 0.5068 0.3827 0.2241 0.1524 0.1480 0.3771 0.5097 0.3608 0.2132 0.1485 0.1537 0.4070
0.1630 0.1499 0.2172 0.3688 0.5090 0.3667 0.1463 0.1540 0.2283 0.3908 0.5051 0.3362 0.1428 0.1589 0.2412 0.4155 0.4980 0.2982 0.1404 0.1659 0.2592 0.4480 0.4834 0.2418 0.1395 0.1778 0.2887 0.4881 0.4524 0.1779 0.1428 0.1979 0.3349 0.5096 0.3938 0.1495 0.1526 0.2284 0.3989 0.5009 0.3014 0.1401 0.1689 0.2705 0.4699 0.4668 0.1954 0.1412 0.1914 0.3137 0.4425 0.3137 0.1914 0.1412 0.1954 0.4668 0.4699 0.2705 0.1689 0.1401 0.3014 0.5009 0.3989 0.2284 0.1526 0.1495 0.3938 0.5096 0.3349 0.1979 0.1428 0.1779 0.4524 0.4881 0.2887 0.1778 0.1395 0.2418 0.4834 0.4480 0.2592 0.1659 0.1404 0.2982 0.4980 0.4155 0.2412 0.1589 0.1428 0.3362 0.5051 0.3908 0.2283 0.1540 0.1463 0.3667 0.5090 0.3688 0.2172 0.1499 0.1630
0.1604 0.2213 0.3769 0.5079 0.3558 0.1449 0.1557 0.2327 0.3991 0.5031 0.3246 0.1419 0.1608 0.2457 0.4231 0.4954 0.2880 0.1401 0.1673 0.2623 0.4521 0.4817 0.2378 0.1395 0.1780 0.2887 0.4875 0.4536 0.1799 0.1424 0.1964 0.3311 0.5091 0.4000 0.1510 0.1514 0.2249 0.3917 0.5030 0.3127 0.1406 0.1667 0.2652 0.4626 0.4719 0.2052 0.1406 0.1892 0.3159 0.5018 0.4847 0.5018 0.3159 0.1892 0.1406 0.2052 0.4719 0.4626 0.2652 0.1667 0.1406 0.3127 0.5030 0.3917 0.2249 0.1514 0.1510 0.4000 0.5091 0.3311 0.1964 0.1424 0.1799 0.4536 0.4875 0.2887 0.1780 0.1395 0.2378 0.4817 0.4521 0.2623 0.1673 0.1401 0.2880 0.4954 0.4231 0.2457 0.1608 0.1419 0.3246 0.5031 0.3991 0.2327 0.1557 0.1449 0.3558 0.5079 0.3769 0.2213 0.1604
0.2284 0.3853 0.5064 0.3445 0.1436 0.1575 0.2373 0.4077 0.5007 0.3125 0.1412 0.1627 0.2504 0.4312 0.4923 0.2764 0.1398 0.1691 0.2662 0.4574 0.4791 0.2316 0.1395 0.1789 0.2900 0.4881 0.4536 0.1806 0.1422 0.1954 0.3284 0.5086 0.4047 0.1523 0.1504 0.2220 0.3854 0.5047 0.3231 0.1412 0.1648 0.2602 0.4551 0.4767 0.2161 0.1402 0.1864 0.3108 0.5034 0.4330 0.2625 0.4330 0.5034 0.3108 0.1864 0.1402 0.2161 0.4767 0.4551 0.2602 0.1648 0.1412 0.3231 0.5047 0.3854 0.2220 0.1504 0.1523 0.4047 0.5086 0.3284 0.1954 0.1422 0.1806 0.4536 0.4881 0.2900 0.1789 0.1395 0.2316 0.4791 0.4574 0.2662 0.1691 0.1398 0.2764 0.4923 0.4312 0.2504 0.1627 0.1412 0.3125 0.5007 0.4077 0.2373 0.1575 0.1436 0.3445 0.5064 0.3853 0.2284
0.3879 0.5047 0.3328 0.1426 0.1594 0.2420 0.4163 0.4980 0.3000 0.1406 0.1648 0.2554 0.4395 0.4888 0.2641 0.1395 0.1712 0.2708 0.4635 0.4757 0.2237 0.1397 0.1802 0.2924 0.4898 0.4524 0.1799 0.1422 0.1951 0.3270 0.5083 0.4080 0.1535 0.1497 0.2195 0.3800 0.5060 0.3321 0.1418 0.1630 0.2557 0.4477 0.4809 0.2275 0.1398 0.1836 0.3047 0.5013 0.4311 0.1659 0.1364 0.1659 0.4311 0.5013 0.3047 0.1836 0.1398 0.2275 0.4809 0.4477 0.2557 0.1630 0.1418 0.3321 0.5060 0.3800 0.2195 0.1497 0.1535 0.4080 0.5083 0.3270 0.1951 0.1422 0.1799 0.4524 0.4898 0.2924 0.1802 0.1397 0.2237 0.4757 0.4635 0.2708 0.1712 0.1395 0.2641 0.4888 0.4395 0.2554 0.1648 0.1406 0.3000 0.4980 0.4163 0.2420 0.1594 0.1426 0.3328 0.5047 0.3879
0.5029 0.3207 0.1417 0.1613 0.2469 0.4249 0.4949 0.2871 0.1401 0.1669 0.2605 0.4476 0.4850 0.2515 0.1394 0.1735 0.2759 0.4701 0.4716 0.2146 0.1399 0.1820 0.2959 0.4923 0.4498 0.1779 0.1424 0.1954 0.3270 0.5081 0.4097 0.1542 0.1492 0.2177 0.3757 0.5070 0.3397 0.1424 0.1615 0.2517 0.4408 0.4847 0.2387 0.1396 0.1810 0.2987 0.4978 0.4367 0.1649 0.1426 0.1676 0.1426 0.1649 0.4367 0.4978 0.2987 0.1810 0.1396 0.2387 0.4847 0.4408 0.2517 0.1615 0.1424 0.3397 0.5070 0.3757 0.2177 0.1492 0.1542 0.4097 0.5081 0.3270 0.1954 0.1424 0.1779 0.4498 0.4923 0.2959 0.1820 0.1399 0.2146 0.4716 0.4701 0.2759 0.1735 0.1394 0.2515 0.4850 0.4476 0.2605 0.1669 0.1401 0.2871 0.4949 0.4249 0.2469 0.1613 0.1417 0.3207 0.5029
0.3150 0.1410 0.1634 0.2519 0.4335 0.4915 0.2740 0.1397 0.1692 0.2658 0.4557 0.4808 0.2389 0.1394 0.1759 0.2814 0.4767 0.4668 0.2049 0.1402 0.1841 0.3002 0.4953 0.4461 0.1748 0.1428 0.1964 0.3284 0.5083 0.4097 0.1544 0.1489 0.2166 0.3728 0.5076 0.3456 0.1429 0.1602 0.2482 0.4345 0.4878 0.2493 0.1394 0.1786 0.2930 0.4936 0.4432 0.1685 0.1442 0.1979 0.2680 0.1979 0.1442 0.1685 0.4432 0.4936 0.2930 0.1786 0.1394 0.2493 0.4878 0.4345 0.2482 0.1602 0.1429 0.3456 0.5076 0.3728 0.2166 0.1489 0.1544 0.4097 0.5083 0.3284 0.1964 0.1428 0.1748 0.4461 0.4953 0.3002 0.1841 0.1402 0.2049 0.4668 0.4767 0.2814 0.1759 0.1394 0.2389 0.4808 0.4557 0.2658 0.1692 0.1397 0.2740 0.4915 0.4335 0.2519 0.1634 0.1410 0.3150
0.1523 0.1655 0.2570 0.4420 0.4878 0.2609 0.1395 0.1716 0.2713 0.4636 0.4762 0.2266 0.1396 0.1785 0.2872 0.4830 0.4614 0.1955 0.1406 0.1866 0.3054 0.4986 0.4413 0.1712 0.1433 0.1979 0.3311 0.5086 0.4080 0.1542 0.1489 0.2162 0.3713 0.5080 0.3497 0.1434 0.1593 0.2454 0.4291 0.4904 0.2589 0.1394 0.1764 0.2878 0.4890 0.4494 0.1734 0.1436 0.2007 0.3334 0.4649 0.3334 0.2007 0.1436 0.1734 0.4494 0.4890 0.2878 0.1764 0.1394 0.2589 0.4904 0.4291 0.2454 0.1593 0.1434 0.3497 0.5080 0.3713 0.2162 0.1489 0.1542 0.4080 0.5086 0.3311 0.1979 0.1433 0.1712 0.4413 0.4986 0.3054 0.1866 0.1406 0.1955 0.4614 0.4830 0.2872 0.1785 0.1396 0.2266 0.4762 0.4636 0.2713 0.1716 0.1395 0.2609 0.4878 0.4420 0.2570 0.1655 0.1523
0.1748 0.2623 0.4504 0.4837 0.2478 0.1394 0.1741 0.2770 0.4711 0.4712 0.2147 0.1398 0.1812 0.2931 0.4888 0.4555 0.1868 0.1412 0.1894 0.3112 0.5017 0.4355 0.1674 0.1440 0.2000 0.3349 0.5091 0.4047 0.1535 0.1492 0.2166 0.3713 0.5081 0.3517 0.1437 0.1586 0.2434 0.4248 0.4924 0.2672 0.1395 0.1745 0.2832 0.4843 0.4548 0.1790 0.1428 0.1984 0.3357 0.5073 0.4728 0.5073 0.3357 0.1984 0.1428 0.1790 0.4548 0.4843 0.2832 0.1745 0.1395 0.2672 0.4924 0.4248 0.2434 0.1586 0.1437 0.3517 0.5081 0.3713 0.2166 0.1492 0.1535 0.4047 0.5091 0.3349 0.2000 0.1440 0.1674 0.4355 0.5017 0.3112 0.1894 0.1412 0.1868 0.4555 0.4888 0.2931 0.1812 0.1398 0.2147 0.4712 0.4711 0.2770 0.1741 0.1394 0.2478 0.4837 0.4504 0.2623 0.1748
0.2682 0.4586 0.4792 0.2349 0.1395 0.1767 0.2829 0.4782 0.4658 0.2036 0.1402 0.1840 0.2993 0.4939 0.4493 0.1793 0.1420 0.1924 0.3176 0.5044 0.4289 0.1637 0.1449 0.2026 0.3399 0.5096 0.4000 0.1523 0.1497 0.2177 0.3728 0.5080 0.3517 0.1438 0.1583 0.2421 0.4219 0.4939 0.2736 0.1395 0.1730 0.2792 0.4796 0.4595 0.1850 0.1420 0.1957 0.3308 0.5088 0.4108 0.2261 0.4108 0.5088 0.3308 0.1957 0.1420 0.1850 0.4595 0.4796 0.2792 0.1730 0.1395 0.2736 0.4939 0.4219 0.2421 0.1583 0.1438 0.3517 0.5080 0.3728 0.2177 0.1497 0.1523 0.4000 0.5096 0.3399 0.2026 0.1449 0.1637 0.4289 0.5044 0.3176 0.1924 0.1420 0.1793 0.4493 0.4939 0.2993 0.1840 0.1402 0.2036 0.4658 0.4782 0.2829 0.1767 0.1395 0.2349 0.4792 0.4586 0.2682
0.4593 0.4745 0.2224 0.1396 0.1793 0.2889 0.4847 0.4600 0.1935 0.1407 0.1869 0.3056 0.4983 0.4426 0.1730 0.1428 0.1956 0.3243 0.5066 0.4214 0.1602 0.1459 0.2056 0.3457 0.5100 0.3938 0.1510 0.1504 0.2195 0.3757 0.5076 0.3497 0.1437 0.1583 0.2417 0.4203 0.4947 0.2781 0.1396 0.1718 0.2760 0.4754 0.4635 0.1912 0.1415 0.1931 0.3252 0.5082 0.4072 0.1551 0.1369 0.1551 0.4072 0.5082 0.3252 0.1931 0.1415 0.1912 0.4635 0.4754 0.2760 0.1718 0.1396 0.2781 0.4947 0.4203 0.2417 0.1583 0.1437 0.3497 0.5076 0.3757 0.2195 0.1504 0.1510 0.3938 0.5100 0.3457 0.2056 0.1459 0.1602 0.4214 0.5066 0.3243 0.1956 0.1428 0.1730 0.4426 0.4983 0.3056 0.1869 0.1407 0.1935 0.4600 0.4847 0.2889 0.1793 0.1396 0.2224 0.4745 0.4593
0.4719 0.2107 0.1399 0.1821 0.2951 0.4904 0.4538 0.1848 0.1414 0.1900 0.3122 0.5020 0.4355 0.1678 0.1438 0.1988 0.3312 0.5083 0.4134 0.1570 0.1470 0.2089 0.3523 0.5100 0.3863 0.1495 0.1514 0.2220 0.3800 0.5070 0.3456 0.1434 0.1586 0.2421 0.4203 0.4950 0.2804 0.1397 0.1710 0.2736 0.4719 0.4666 0.1971 0.1410 0.1909 0.3200 0.5071 0.4126 0.1546 0.1460 0.1749 0.1460 0.1546 0.4126 0.5071 0.3200 0.1909 0.1410 0.1971 0.4666 0.4719 0.2736 0.1710 0.1397 0.2804 0.4950 0.4203 0.2421 0.1586 0.1434 0.3456 0.5070 0.3800 0.2220 0.1514 0.1495 0.3863 0.5100 0.3523 0.2089 0.1470 0.1570 0.4134 0.5083 0.3312 0.1988 0.1438 0.1678 0.4355 0.5020 0.3122 0.1900 0.1414 0.1848 0.4538 0.4904 0.2951 0.1821 0.1399 0.2107 0.4719
0.2099 0.1404 0.1850 0.3014 0.4955 0.4472 0.1774 0.1422 0.1932 0.3190 0.5049 0.4278 0.1634 0.1448 0.2022 0.3383 0.5093 0.4049 0.1542 0.1483 0.2125 0.3595 0.5098 0.3778 0.1480 0.1526 0.2249 0.3854 0.5060 0.3397 0.1429 0.1593 0.2434 0.4219 0.4947 0.2804 0.1397 0.1706 0.2722 0.4695 0.4688 0.2020 0.1407 0.1890 0.3154 0.5056 0.4185 0.1564 0.1479 0.2088 0.2857 0.2088 0.1479 0.1564 0.4185 0.5056 0.3154 0.1890 0.1407 0.2020 0.4688 0.4695 0.2722 0.1706 0.1397 0.2804 0.4947 0.4219 0.2434 0.1593 0.1429 0.3397 0.5060 0.3854 0.2249 0.1526 0.1480 0.3778 0.5098 0.3595 0.2125 0.1483 0.1542 0.4049 0.5093 0.3383 0.2022 0.1448 0.1634 0.4278 0.5049 0.3190 0.1932 0.1422 0.1774 0.4472 0.4955 0.3014 0.1850 0.1404 0.2099
0.1520 0.1880 0.3079 0.4997 0.4402 0.1713 0.1431 0.1964 0.3260 0.5070 0.4198 0.1596 0.1460 0.2057 0.3455 0.5099 0.3960 0.1518 0.1496 0.2163 0.3671 0.5091 0.3682 0.1465 0.1539 0.2284 0.3917 0.5047 0.3321 0.1424 0.1602 0.2454 0.4248 0.4939 0.2781 0.1397 0.1706 0.2717 0.4682 0.4702 0.2055 0.1404 0.1875 0.3118 0.5041 0.4238 0.1585 0.1474 0.2123 0.3568 0.4855 0.3568 0.2123 0.1474 0.1585 0.4238 0.5041 0.3118 0.1875 0.1404 0.2055 0.4702 0.4682 0.2717 0.1706 0.1397 0.2781 0.4939 0.4248 0.2454 0.1602 0.1424 0.3321 0.5047 0.3917 0.2284 0.1539 0.1465 0.3682 0.5091 0.3671 0.2163 0.1496 0.1518 0.3960 0.5099 0.3455 0.2057 0.1460 0.1596 0.4198 0.5070 0.3260 0.1964 0.1431 0.1713 0.4402 0.4997 0.3079 0.1880 0.1520
0.1962 0.3146 0.5031 0.4329 0.1662 0.1441 0.1998 0.3332 0.5086 0.4114 0.1564 0.1472 0.2094 0.3530 0.5100 0.3867 0.1497 0.1510 0.2202 0.3750 0.5081 0.3579 0.1451 0.1555 0.2323 0.3989 0.5030 0.3231 0.1418 0.1615 0.2482 0.4291 0.4924 0.2736 0.1396 0.1710 0.2722 0.4682 0.4706 0.2074 0.1403 0.1865 0.3091 0.5027 0.4281 0.1605 0.1466 0.2106 0.3604 0.5084 0.4561 0.5084 0.3604 0.2106 0.1466 0.1605 0.4281 0.5027 0.3091 0.1865 0.1403 0.2074 0.4706 0.4682 0.2722 0.1710 0.1396 0.2736 0.4924 0.4291 0.2482 0.1615 0.1418 0.3231 0.5030 0.3989 0.2323 0.1555 0.1451 0.3579 0.5081 0.3750 0.2202 0.1510 0.1497 0.3867 0.5100 0.3530 0.2094 0.1472 0.1564 0.4114 0.5086 0.3332 0.1998 0.1441 0.1662 0.4329 0.5031 0.3146 0.1962
0.3190 0.5058 0.4251 0.1620 0.1452 0.2034 0.3405 0.5096 0.4025 0.1536 0.1485 0.2133 0.3608 0.5097 0.3769 0.1479 0.1525 0.2243 0.3830 0.5068 0.3470 0.1439 0.1572 0.2366 0.4066 0.5009 0.3127 0.1412 0.1630 0.2517 0.4345 0.4904 0.2672 0.1395 0.1718 0.2736 0.4695 0.4702 0.2074 0.1403 0.1860 0.3074 0.5016 0.4312 0.1623 0.1460 0.2085 0.3571 0.5093 0.3805 0.1894 0.3805 0.5093 0.3571 0.2085 0.1460 0.1623 0.4312 0.5016 0.3074 0.1860 0.1403 0.2074 0.4702 0.4695 0.2736 0.1718 0.1395 0.2672 0.4904 0.4345 0.2517 0.1630 0.1412 0.3127 0.5009 0.4066 0.2366 0.1572 0.1439 0.3470 0.5068 0.3830 0.2243 0.1525 0.1479 0.3769 0.5097 0.3608 0.2133 0.1485 0.1536 0.4025 0.5096 0.3405 0.2034 0.1452 0.1620 0.4251 0.5058 0.3190
0.5047 0.4169 0.1584 0.1464 0.2070 0.3480 0.5100 0.3932 0.1512 0.1499 0.2172 0.3688 0.5090 0.3666 0.1463 0.1541 0.2285 0.3911 0.5051 0.3357 0.1428 0.1590 0.2411 0.4148 0.4984 0.3014 0.1406 0.1648 0.2557 0.4408 0.4878 0.2589 0.1395 0.1730 0.2760 0.4719 0.4688 0.2055 0.1403 0.1860 0.3069 0.5010 0.4331 0.1636 0.1455 0.2068 0.3533 0.5098 0.3734 0.1471 0.1385 0.1471 0.3734 0.5098 0.3533 0.2068 0.1455 0.1636 0.4331 0.5010 0.3069 0.1860 0.1403 0.2055 0.4688 0.4719 0.2760 0.1730 0.1395 0.2589 0.4878 0.4408 0.2557 0.1648 0.1406 0.3014 0.4984 0.4148 0.2411 0.1590 0.1428 0.3357 0.5051 0.3911 0.2285 0.1541 0.1463 0.3666 0.5090 0.3688 0.2172 0.1499 0.1512 0.3932 0.5100 0.3480 0.2070 0.1464 0.1584 0.4169 0.5047
0.4126 0.1554 0.1477 0.2108 0.3558 0.5100 0.3835 0.1492 0.1514 0.2213 0.3770 0.5079 0.3557 0.1449 0.1557 0.2328 0.3994 0.5030 0.3241 0.1419 0.1608 0.2458 0.4232 0.4955 0.2891 0.1401 0.1667 0.2602 0.4477 0.4847 0.2493 0.1394 0.1745 0.2792 0.4754 0.4666 0.2020 0.1404 0.1865 0.3074 0.5010 0.4338 0.1643 0.1452 0.2056 0.3502 0.5100 0.3767 0.1468 0.1510 0.1849 0.1510 0.1468 0.3767 0.5100 0.3502 0.2056 0.1452 0.1643 0.4338 0.5010 0.3074 0.1865 0.1404 0.2020 0.4666 0.4754 0.2792 0.1745 0.1394 0.2493 0.4847 0.4477 0.2602 0.1667 0.1401 0.2891 0.4955 0.4232 0.2458 0.1608 0.1419 0.3241 0.5030 0.3994 0.2328 0.1557 0.1449 0.3557 0.5079 0.3770 0.2213 0.1514 0.1492 0.3835 0.5100 0.3558 0.2108 0.1477 0.1554 0.4126
0.1644 0.1490 0.2146 0.3636 0.5095 0.3734 0.1474 0.1530 0.2255 0.3853 0.5064 0.3444 0.1436 0.1575 0.2373 0.4078 0.5007 0.3121 0.1412 0.1628 0.2506 0.4316 0.4923 0.2765 0.1398 0.1689 0.2652 0.4551 0.4809 0.2387 0.1394 0.1764 0.2832 0.4796 0.4635 0.1971 0.1407 0.1875 0.3091 0.5016 0.4331 0.1643 0.1451 0.2050 0.3483 0.5100 0.3803 0.1474 0.1536 0.2240 0.3100 0.2240 0.1536 0.1474 0.3803 0.5100 0.3483 0.2050 0.1451 0.1643 0.4331 0.5016 0.3091 0.1875 0.1407 0.1971 0.4635 0.4796 0.2832 0.1764 0.1394 0.2387 0.4809 0.4551 0.2652 0.1689 0.1398 0.2765 0.4923 0.4316 0.2506 0.1628 0.1412 0.3121 0.5007 0.4078 0.2373 0.1575 0.1436 0.3444 0.5064 0.3853 0.2255 0.1530 0.1474 0.3734 0.5095 0.3636 0.2146 0.1490 0.1644
0.1596 0.2187 0.3717 0.5086 0.3628 0.1458 0.1546 0.2299 0.3937 0.5045 0.3327 0.1426 0.1594 0.2420 0.4163 0.4980 0.2998 0.1405 0.1649 0.2556 0.4398 0.4887 0.2637 0.1395 0.1712 0.2705 0.4626 0.4767 0.2275 0.1396 0.1786 0.2878 0.4843 0.4595 0.1912 0.1410 0.1890 0.3118 0.5027 0.4312 0.1636 0.1452 0.2050 0.3477 0.5100 0.3827 0.1479 0.1535 0.2289 0.3885 0.5017 0.3885 0.2289 0.1535 0.1479 0.3827 0.5100 0.3477 0.2050 0.1452 0.1636 0.4312 0.5027 0.3118 0.1890 0.1410 0.1912 0.4595 0.4843 0.2878 0.1786 0.1396 0.2275 0.4767 0.4626 0.2705 0.1712 0.1395 0.2637 0.4887 0.4398 0.2556 0.1649 0.1405 0.2998 0.4980 0.4163 0.2420 0.1594 0.1426 0.3327 0.5045 0.3937 0.2299 0.1546 0.1458 0.3628 0.5086 0.3717 0.2187 0.1596
0.2258 0.3799 0.5074 0.3518 0.1444 0.1563 0.2344 0.4022 0.5023 0.3206 0.1417 0.1613 0.2469 0.4250 0.4949 0.2870 0.1401 0.1670 0.2607 0.4480 0.4848 0.2510 0.1394 0.1736 0.2760 0.4699 0.4719 0.2161 0.1398 0.1810 0.2930 0.4890 0.4548 0.1850 0.1415 0.1909 0.3154 0.5041 0.4281 0.1623 0.1455 0.2056 0.3483 0.5100 0.3835 0.1482 0.1532 0.2285 0.3950 0.5036 0.4296 0.5036 0.3950 0.2285 0.1532 0.1482 0.3835 0.5100 0.3483 0.2056 0.1455 0.1623 0.4281 0.5041 0.3154 0.1909 0.1415 0.1850 0.4548 0.4890 0.2930 0.1810 0.1398 0.2161 0.4719 0.4699 0.2760 0.1736 0.1394 0.2510 0.4848 0.4480 0.2607 0.1670 0.1401 0.2870 0.4949 0.4250 0.2469 0.1613 0.1417 0.3206 0.5023 0.4022 0.2344 0.1563 0.1444 0.3518 0.5074 0.3799 0.2258
0.3826 0.5059 0.3403 0.1432 0.1582 0.2390 0.4107 0.4998 0.3082 0.1410 0.1634 0.2519 0.4336 0.4915 0.2739 0.1397 0.1692 0.2659 0.4559 0.4806 0.2384 0.1394 0.1760 0.2816 0.4768 0.4668 0.2052 0.1402 0.1836 0.2987 0.4936 0.4494 0.1790 0.1420 0.1931 0.3200 0.5056 0.4238 0.1605 0.1460 0.2068 0.3502 0.5100 0.3827 0.1482 0.1531 0.2280 0.3946 0.5031 0.3341 0.1610 0.3341 0.5031 0.3946 0.2280 0.1531 0.1482 0.3827 0.5100 0.3502 0.2068 0.1460 0.1605 0.4238 0.5056 0.3200 0.1931 0.1420 0.1790 0.4494 0.4936 0.2987 0.1836 0.1402 0.2052 0.4668 0.4768 0.2816 0.1760 0.1394 0.2384 0.4806 0.4559 0.2659 0.1692 0.1397 0.2739 0.4915 0.4336 0.2519 0.1634 0.1410 0.3082 0.4998 0.4107 0.2390 0.1582 0.1432 0.3403 0.5059 0.3826
0.5042 0.3286 0.1422 0.1600 0.2437 0.4193 0.4970 0.2955 0.1404 0.1655 0.2570 0.4420 0.4878 0.2609 0.1395 0.1716 0.2713 0.4636 0.4761 0.2263 0.1396 0.1786 0.2873 0.4832 0.4613 0.1954 0.1406 0.1864 0.3047 0.4978 0.4432 0.1734 0.1428 0.1957 0.3252 0.5071 0.4185 0.1585 0.1466 0.2085 0.3533 0.5100 0.3803 0.1479 0.1532 0.2280 0.3942 0.5033 0.3211 0.1411 0.1424 0.1411 0.3211 0.5033 0.3942 0.2280 0.1532 0.1479 0.3803 0.5100 0.3533 0.2085 0.1466 0.1585 0.4185 0.5071 0.3252 0.1957 0.1428 0.1734 0.4432 0.4978 0.3047 0.1864 0.1406 0.1954 0.4613 0.4832 0.2873 0.1786 0.1396 0.2263 0.4761 0.4636 0.2713 0.1716 0.1395 0.2609 0.4878 0.4420 0.2570 0.1655 0.1404 0.2955 0.4970 0.4193 0.2437 0.1600 0.1422 0.3286 0.5042
0.3234 0.1414 0.1619 0.2483 0.4275 0.4939 0.2831 0.1399 0.1676 0.2620 0.4499 0.4839 0.2484 0.1394 0.1739 0.2767 0.4707 0.4714 0.2151 0.1398 0.1811 0.2930 0.4887 0.4557 0.1870 0.1412 0.1892 0.3108 0.5013 0.4367 0.1685 0.1436 0.1984 0.3308 0.5082 0.4126 0.1564 0.1474 0.2106 0.3571 0.5098 0.3767 0.1474 0.1535 0.2285 0.3946 0.5033 0.3201 0.1412 0.1591 0.2000 0.1591 0.1412 0.3201 0.5033 0.3946 0.2285 0.1535 0.1474 0.3767 0.5098 0.3571 0.2106 0.1474 0.1564 0.4126 0.5082 0.3308 0.1984 0.1436 0.1685 0.4367 0.5013 0.3108 0.1892 0.1412 0.1870 0.4557 0.4887 0.2930 0.1811 0.1398 0.2151 0.4714 0.4707 0.2767 0.1739 0.1394 0.2484 0.4839 0.4499 0.2620 0.1676 0.1399 0.2831 0.4939 0.4275 0.2483 0.1619 0.1414 0.3234
0.1526 0.1633 0.2521 0.4341 0.4909 0.2730 0.1395 0.1691 0.2661 0.4562 0.4803 0.2383 0.1392 0.1757 0.2812 0.4762 0.4671 0.2064 0.1399 0.1830 0.2976 0.4925 0.4508 0.1810 0.1415 0.1914 0.3159 0.5034 0.4311 0.1649 0.1442 0.2007 0.3357 0.5088 0.4072 0.1546 0.1479 0.2123 0.3604 0.5093 0.3734 0.1468 0.1536 0.2289 0.3950 0.5031 0.3211 0.1412 0.1623 0.2456 0.3437 0.2456 0.1623 0.1412 0.3211 0.5031 0.3950 0.2289 0.1536 0.1468 0.3734 0.5093 0.3604 0.2123 0.1479 0.1546 0.4072 0.5088 0.3357 0.2007 0.1442 0.1649 0.4311 0.5034 0.3159 0.1914 0.1415 0.1810 0.4508 0.4925 0.2976 0.1830 0.1399 0.2064 0.4671 0.4762 0.2812 0.1757 0.1392 0.2383 0.4803 0.4562 0.2661 0.1691 0.1395 0.2730 0.4909 0.4341 0.2521 0.1633 0.1526
0.1687 0.2494 0.4321 0.4905 0.2778 0.1385 0.1669 0.2636 0.4542 0.4801 0.2429 0.1381 0.1733 0.2788 0.4743 0.4674 0.2101 0.1386 0.1805 0.2953 0.4907 0.4518 0.1834 0.1401 0.1887 0.3137 0.5018 0.4330 0.1659 0.1426 0.1979 0.3334 0.5073 0.4108 0.1551 0.1460 0.2088 0.3568 0.5084 0.3805 0.1471 0.1510 0.2240 0.3885 0.5036 0.3341 0.1411 0.1591 0.2456 0.4206 0.5061 0.4206 0.2456 0.1591 0.1411 0.3341 0.5036 0.3885 0.2240 0.1510 0.1471 0.3805 0.5084 0.3568 0.2088 0.1460 0.1551 0.4108 0.5073 0.3334 0.1979 0.1426 0.1659 0.4330 0.5018 0.3137 0.1887 0.1401 0.1834 0.4518 0.4907 0.2953 0.1805 0.1386 0.2101 0.4674 0.4743 0.2788 0.1733 0.1381 0.2429 0.4801 0.4542 0.2636 0.1669 0.1385 0.2778 0.4905 0.4321 0.2494 0.1687
0.2093 0.3516 0.5074 0.3880 0.1463 0.1475 0.2147 0.3726 0.5055 0.3614 0.1416 0.1514 0.2261 0.3953 0.5010 0.3316 0.1386 0.1560 0.2386 0.4186 0.4941 0.2985 0.1369 0.1614 0.2526 0.4425 0.4847 0.2625 0.1364 0.1676 0.2680 0.4649 0.4728 0.2261 0.1369 0.1749 0.2857 0.4855 0.4561 0.1894 0.1385 0.1849 0.3100 0.5017 0.4296 0.1610 0.1424 0.2000 0.3437 0.5061 0.4690 0.5061 0.3437 0.2000 0.1424 0.1610 0.4296 0.5017 0.3100 0.1849 0.1385 0.1894 0.4561 0.4855 0.2857 0.1749 0.1369 0.2261 0.4728 0.4649 0.2680 0.1676 0.1364 0.2625 0.4847 0.4425 0.2526 0.1614 0.1369 0.2985 0.4941 0.4186 0.2386 0.1560 0.1386 0.3316 0.5010 0.3953 0.2261 0.1514 0.1416 0.3614 0.5055 0.3726 0.2147 0.1475 0.1463 0.3880 0.5074 0.3516 0.2093
0.1687 0.2494 0.4321 0.4905 0.2778 0.1385 0.1669 0.2636 0.4542 0.4801 0.2429 0.1381 0.1733 0.2788 0.4743 0.4674 0.2101 0.1386 0.1805 0.2953 0.4907 0.4518 0.1834 0.1401 0.1887 0.3137 0.5018 0.4330 0.1659 0.1426 0.1979 0.3334 0.5073 0.4108 0.1551 0.1460 0.2088 0.3568 0.5084 0.3805 0.1471 0.1510 0.2240 0.3885 0.5036 0.3341 0.1411 0.1591 0.2456 0.4206 0.5061 0.4206 0.2456 0.1591 0.1411 0.3341 0.5036 0.3885 0.2240 0.1510 0.1471 0.3805 0.5084 0.3568 0.2088 0.1460 0.1551 0.4108 0.5073 0.3334 0.1979 0.1426 0.1659 0.4330 0.5018 0.3137 0.1887 0.1401 0.1834 0.4518 0.4907 0.2953 0.1805 0.1386 0.2101 0.4674 0.4743 0.2788 0.1733 0.1381 0.2429 0.4801 0.4542 0.2636 0.1669 0.1385 0.2778 0.4905 0.4321 0.2494 0.1687
0.1526 0.1633 0.2521 0.4341 0.4909 0.2730 0.1395 0.1691 0.2661 0.4562 0.4803 0.2383 0.1392 0.1757 0.2812 0.4762 0.4671 0.2064 0.1399 0.1830 0.2976 0.4925 0.4508 0.1810 0.1415 0.1914 0.3159 0.5034 0.4311 0.1649 0.1442 0.2007 0.3357 0.5088 0.4072 0.1546 0.1479 0.2123 0.3604 0.5093 0.3734 0.1468 0.1536 0.2289 0.3950 0.5031 0.3211 0.1412 0.1623 0.2456 0.3437 0.2456 0.1623 0.1412 0.3211 0.5031 0.3950 0.2289 0.1536 0.1468 0.3734 0.5093 0.3604 0.2123 0.1479 0.1546 0.4072 0.5088 0.3357 0.2007 0.1442 0.1649 0.4311 0.5034 0.3159 0.1914 0.1415 0.1810 0.4508 0.4925 0.2976 0.1830 0.1399 0.2064 0.4671 0.4762 0.2812 0.1757 0.1392 0.2383 0.4803 0.4562 0.2661 0.1691 0.1395 0.2730 0.4909 0.4341 0.2521 0.1633 0.1526
0.3234 0.1414 0.1619 0.2483 0.4275 0.4939 0.2831 0.1399 0.1676 0.2620 0.4499 0.4839 0.2484 0.1394 0.1739 0.2767 0.4707 0.4714 0.2151 0.1398 0.1811 0.2930 0.4887 0.4557 0.1870 0.1412 0.1892 0.3108 0.5013 0.4367 0.1685 0.1436 0.1984 0.3308 0.5082 0.4126 0.1564 0.1474 0.2106 0.3571 0.5098 0.3767 0.1474 0.1535 0.2285 0.3946 0.5033 0.3201 0.1412 0.1591 0.2000 0.1591 0.1412 0.3201 0.5033 0.3946 0.2285 0.1535 0.1474 0.3767 0.5098 0.3571 0.2106 0.1474 0.1564 0.4126 0.5082 0.3308 0.1984 0.1436 0.1685 0.4367 0.5013 0.3108 0.1892 0.1412 0.1870 0.4557 0.4887 0.2930 0.1811 0.1398 0.2151 0.4714 0.4707 0.2767 0.1739 0.1394 0.2484 0.4839 0.4499 0.2620 0.1676 0.1399 0.2831 0.4939 0.4275 0.2483 0.1619 0.1414 0.3234
0.5042 0.3286 0.1422 0.1600 0.2437 0.4193 0.4970 0.2955 0.1404 0.1655 0.2570 0.4420 0.4878 0.2609 0.1395 0.1716 0.2713 0.4636 0.4761 0.2263 0.1396 0.1786 0.2873 0.4832 0.4613 0.1954 0.1406 0.1864 0.3047 0.4978 0.4432 0.1734 0.1428 0.1957 0.3252 0.5071 0.4185 0.1585 0.1466 0.2085 0.3533 0.5100 0.3803 0.1479 0.1532 0.2280 0.3942 0.5033 0.3211 0.1411 0.1424 0.1411 0.3211 0.5033 0.3942 0.2280 0.1532 0.1479 0.3803 0.5100 0.3533 0.2085 0.1466 0.1585 0.4185 0.5071 0.3252 0.1957 0.1428 0.1734 0.4432 0.4978 0.3047 0.1864 0.1406 0.1954 0.4613 0.4832 0.2873 0.1786 0.1396 0.2263 0.4761 0.4636 0.2713 0.1716 0.1395 0.2609 0.4878 0.4420 0.2570 0.1655 0.1404 0.2955 0.4970 0.4193 0.2437 0.1600 0.1422 0.3286 0.5042
0.3826 0.5059 0.3403 0.1432 0.1582 0.2390 0.4107 0.4998 0.3082 0.1410 0.1634 0.2519 0.4336 0.4915 0.2739 0.1397 0.1692 0.2659 0.4559 0.4806 0.2384 0.1394 0.1760 0.2816 0.4768 0.4668 0.2052 0.1402 0.1836 0.2987 0.4936 0.4494 0.1790 0.1420 0.1931 0.3200 0.5056 0.4238 0.1605 0.1460 0.2068 0.3502 0.5100 0.3827 0.1482 0.1531 0.2280 0.3946 0.5031 0.3341 0.1610 0.3341 0.5031 0.3946 0.2280 0.1531 0.1482 0.3827 0.5100 0.3502 0.2068 0.1460 0.1605 0.4238 0.5056 0.3200 0.1931 0.1420 0.1790 0.4494 0.4936 0.2987 0.1836 0.1402 0.2052 0.4668 0.4768 0.2816 0.1760 0.1394 0.2384 0.4806 0.4559 0.2659 0.1692 0.1397 0.2739 0.4915 0.4336 0.2519 0.1634 0.1410 0.3082 0.4998 0.4107 0.2390 0.1582 0.1432 0.3403 0.5059 0.3826
