1.0000 1.0000 0.0004 0.0044 0.0507 0.5871 1.0000 0.0001 0.0008 0.0097 0.1127 1.0000 1.0000 0.0002 0.0019 0.0216 0.2500 1.0000 1.0000 0.0004 0.0041 0.0480 0.5546 1.0000 0.0001 0.0008 0.0092 0.1062 1.0000 1.0000 0.0002 0.0018 0.0204 0.2357 1.0000 1.0000 0.0003 0.0039 0.0452 0.5228 1.0000 0.0001 0.0007 0.0087 0.1001 1.0000 1.0000 0.0001 0.0016 0.0167 0.0770 0.0167 0.0016 0.0001 1.0000 1.0000 0.1001 0.0087 0.0007 0.0001 1.0000 0.5228 0.0452 0.0039 0.0003 1.0000 1.0000 0.2357 0.0204 0.0018 0.0002 1.0000 1.0000 0.1062 0.0092 0.0008 0.0001 1.0000 0.5546 0.0480 0.0041 0.0004 1.0000 1.0000 0.2500 0.0216 0.0019 0.0002 1.0000 1.0000 0.1127 0.0097 0.0008 0.0001 1.0000 0.5871 0.0507 0.0044 0.0004 1.0000 1.0000
1.0000 0.0004 0.0044 0.0508 0.5849 1.0000 0.0001 0.0008 0.0097 0.1118 1.0000 1.0000 0.0002 0.0019 0.0214 0.2481 1.0000 1.0000 0.0004 0.0041 0.0475 0.5493 1.0000 0.0001 0.0008 0.0091 0.1054 1.0000 1.0000 0.0002 0.0017 0.0202 0.2339 1.0000 1.0000 0.0003 0.0039 0.0448 0.5179 1.0000 1.0000 0.0007 0.0086 0.0994 1.0000 1.0000 0.0001 0.0016 0.0185 0.1923 0.8671 0.1923 0.0185 0.0016 0.0001 1.0000 1.0000 0.0994 0.0086 0.0007 1.0000 1.0000 0.5179 0.0448 0.0039 0.0003 1.0000 1.0000 0.2339 0.0202 0.0017 0.0002 1.0000 1.0000 0.1054 0.0091 0.0008 0.0001 1.0000 0.5493 0.0475 0.0041 0.0004 1.0000 1.0000 0.2481 0.0214 0.0019 0.0002 1.0000 1.0000 0.1118 0.0097 0.0008 0.0001 1.0000 0.5849 0.0508 0.0044 0.0004 1.0000
0.0004 0.0044 0.0491 0.5535 1.0000 1.0000 0.0008 0.0088 0.1023 1.0000 1.0000 0.0001 0.0017 0.0195 0.2260 1.0000 1.0000 0.0003 0.0037 0.0433 0.5014 1.0000 1.0000 0.0007 0.0083 0.0960 1.0000 1.0000 0.0001 0.0016 0.0184 0.2131 1.0000 1.0000 0.0003 0.0035 0.0408 0.4727 1.0000 1.0000 0.0007 0.0078 0.0905 1.0000 1.0000 0.0001 0.0015 0.0173 0.1956 1.0000 1.0000 1.0000 0.1956 0.0173 0.0015 0.0001 1.0000 1.0000 0.0905 0.0078 0.0007 1.0000 1.0000 0.4727 0.0408 0.0035 0.0003 1.0000 1.0000 0.2131 0.0184 0.0016 0.0001 1.0000 1.0000 0.0960 0.0083 0.0007 1.0000 1.0000 0.5014 0.0433 0.0037 0.0003 1.0000 1.0000 0.2260 0.0195 0.0017 0.0001 1.0000 1.0000 0.1023 0.0088 0.0008 1.0000 1.0000 0.5535 0.0491 0.0044 0.0004
0.0044 0.0508 0.5535 1.0000 1.0000 0.0007 0.0082 0.0944 1.0000 1.0000 0.0001 0.0015 0.0178 0.2063 1.0000 1.0000 0.0003 0.0034 0.0395 0.4568 1.0000 1.0000 0.0007 0.0076 0.0877 1.0000 1.0000 0.0001 0.0015 0.0168 0.1945 1.0000 1.0000 0.0003 0.0032 0.0372 0.4306 1.0000 1.0000 0.0006 0.0071 0.0826 0.9554 1.0000 0.0001 0.0014 0.0158 0.1823 1.0000 1.0000 0.0001 1.0000 1.0000 0.1823 0.0158 0.0014 0.0001 1.0000 0.9554 0.0826 0.0071 0.0006 1.0000 1.0000 0.4306 0.0372 0.0032 0.0003 1.0000 1.0000 0.1945 0.0168 0.0015 0.0001 1.0000 1.0000 0.0877 0.0076 0.0007 1.0000 1.0000 0.4568 0.0395 0.0034 0.0003 1.0000 1.0000 0.2063 0.0178 0.0015 0.0001 1.0000 1.0000 0.0944 0.0082 0.0007 1.0000 1.0000 0.5535 0.0508 0.0044
0.0507 0.5849 1.0000 1.0000 0.0007 0.0079 0.0892 1.0000 1.0000 0.0001 0.0014 0.0163 0.1890 1.0000 1.0000 0.0003 0.0031 0.0361 0.4169 1.0000 1.0000 0.0006 0.0069 0.0799 0.9250 1.0000 0.0001 0.0013 0.0153 0.1772 1.0000 1.0000 0.0003 0.0029 0.0339 0.3931 1.0000 1.0000 0.0006 0.0065 0.0753 0.8720 1.0000 0.0001 0.0012 0.0144 0.1667 1.0000 1.0000 0.0002 0.0009 0.0002 1.0000 1.0000 0.1667 0.0144 0.0012 0.0001 1.0000 0.8720 0.0753 0.0065 0.0006 1.0000 1.0000 0.3931 0.0339 0.0029 0.0003 1.0000 1.0000 0.1772 0.0153 0.0013 0.0001 1.0000 0.9250 0.0799 0.0069 0.0006 1.0000 1.0000 0.4169 0.0361 0.0031 0.0003 1.0000 1.0000 0.1890 0.0163 0.0014 0.0001 1.0000 1.0000 0.0892 0.0079 0.0007 1.0000 1.0000 0.5849 0.0507
0.5871 1.0000 1.0000 0.0007 0.0079 0.0873 0.9774 1.0000 0.0001 0.0013 0.0152 0.1738 1.0000 1.0000 0.0002 0.0028 0.0329 0.3806 1.0000 1.0000 0.0005 0.0063 0.0729 0.8427 1.0000 0.0001 0.0012 0.0140 0.1617 1.0000 1.0000 0.0002 0.0027 0.0310 0.3581 1.0000 1.0000 0.0005 0.0059 0.0687 0.7944 1.0000 0.0001 0.0011 0.0132 0.1525 1.0000 1.0000 0.0002 0.0022 0.0099 0.0022 0.0002 1.0000 1.0000 0.1525 0.0132 0.0011 0.0001 1.0000 0.7944 0.0687 0.0059 0.0005 1.0000 1.0000 0.3581 0.0310 0.0027 0.0002 1.0000 1.0000 0.1617 0.0140 0.0012 0.0001 1.0000 0.8427 0.0729 0.0063 0.0005 1.0000 1.0000 0.3806 0.0329 0.0028 0.0002 1.0000 1.0000 0.1738 0.0152 0.0013 0.0001 1.0000 0.9774 0.0873 0.0079 0.0007 1.0000 1.0000 0.5871
1.0000 0.0001 0.0008 0.0082 0.0892 0.9774 1.0000 0.0001 0.0013 0.0143 0.1626 1.0000 1.0000 0.0002 0.0026 0.0302 0.3487 1.0000 1.0000 0.0005 0.0058 0.0665 0.7692 1.0000 0.0001 0.0011 0.0127 0.1473 1.0000 1.0000 0.0002 0.0024 0.0283 0.3268 1.0000 1.0000 0.0005 0.0054 0.0626 0.7251 1.0000 0.0001 0.0010 0.0120 0.1389 1.0000 1.0000 0.0002 0.0022 0.0233 0.1042 0.0233 0.0022 0.0002 1.0000 1.0000 0.1389 0.0120 0.0010 0.0001 1.0000 0.7251 0.0626 0.0054 0.0005 1.0000 1.0000 0.3268 0.0283 0.0024 0.0002 1.0000 1.0000 0.1473 0.0127 0.0011 0.0001 1.0000 0.7692 0.0665 0.0058 0.0005 1.0000 1.0000 0.3487 0.0302 0.0026 0.0002 1.0000 1.0000 0.1626 0.0143 0.0013 0.0001 1.0000 0.9774 0.0892 0.0082 0.0008 0.0001 1.0000
0.0001 0.0008 0.0088 0.0944 1.0000 1.0000 0.0001 0.0012 0.0138 0.1551 1.0000 1.0000 0.0002 0.0024 0.0278 0.3201 1.0000 1.0000 0.0005 0.0053 0.0607 0.7021 1.0000 0.0001 0.0010 0.0116 0.1345 1.0000 1.0000 0.0002 0.0022 0.0258 0.2983 1.0000 1.0000 0.0004 0.0049 0.0571 0.6606 1.0000 0.0001 0.0009 0.0109 0.1268 1.0000 1.0000 0.0002 0.0021 0.0237 0.2462 1.0000 0.2462 0.0237 0.0021 0.0002 1.0000 1.0000 0.1268 0.0109 0.0009 0.0001 1.0000 0.6606 0.0571 0.0049 0.0004 1.0000 1.0000 0.2983 0.0258 0.0022 0.0002 1.0000 1.0000 0.1345 0.0116 0.0010 0.0001 1.0000 0.7021 0.0607 0.0053 0.0005 1.0000 1.0000 0.3201 0.0278 0.0024 0.0002 1.0000 1.0000 0.1551 0.0138 0.0012 0.0001 1.0000 1.0000 0.0944 0.0088 0.0008 0.0001
0.0008 0.0097 0.1023 1.0000 1.0000 0.0001 0.0013 0.0138 0.1525 1.0000 1.0000 0.0002 0.0023 0.0259 0.2966 1.0000 1.0000 0.0004 0.0048 0.0556 0.6420 1.0000 0.0001 0.0009 0.0106 0.1227 1.0000 1.0000 0.0002 0.0020 0.0235 0.2718 1.0000 1.0000 0.0004 0.0045 0.0522 0.6030 1.0000 0.0001 0.0009 0.0100 0.1155 1.0000 1.0000 0.0002 0.0019 0.0220 0.2500 1.0000 1.0000 1.0000 0.2500 0.0220 0.0019 0.0002 1.0000 1.0000 0.1155 0.0100 0.0009 0.0001 1.0000 0.6030 0.0522 0.0045 0.0004 1.0000 1.0000 0.2718 0.0235 0.0020 0.0002 1.0000 1.0000 0.1227 0.0106 0.0009 0.0001 1.0000 0.6420 0.0556 0.0048 0.0004 1.0000 1.0000 0.2966 0.0259 0.0023 0.0002 1.0000 1.0000 0.1525 0.0138 0.0013 0.0001 1.0000 1.0000 0.1023 0.0097 0.0008
0.0097 0.1118 1.0000 1.0000 0.0001 0.0013 0.0143 0.1551 1.0000 1.0000 0.0002 0.0022 0.0246 0.2791 1.0000 1.0000 0.0004 0.0044 0.0511 0.5894 1.0000 0.0001 0.0008 0.0097 0.1120 1.0000 1.0000 0.0002 0.0019 0.0214 0.2481 1.0000 1.0000 0.0004 0.0041 0.0475 0.5504 1.0000 0.0001 0.0008 0.0091 0.1054 1.0000 1.0000 0.0002 0.0017 0.0202 0.2325 1.0000 1.0000 0.0001 1.0000 1.0000 0.2325 0.0202 0.0017 0.0002 1.0000 1.0000 0.1054 0.0091 0.0008 0.0001 1.0000 0.5504 0.0475 0.0041 0.0004 1.0000 1.0000 0.2481 0.0214 0.0019 0.0002 1.0000 1.0000 0.1120 0.0097 0.0008 0.0001 1.0000 0.5894 0.0511 0.0044 0.0004 1.0000 1.0000 0.2791 0.0246 0.0022 0.0002 1.0000 1.0000 0.1551 0.0143 0.0013 0.0001 1.0000 1.0000 0.1118 0.0097
0.1127 1.0000 1.0000 0.0001 0.0014 0.0152 0.1626 1.0000 1.0000 0.0002 0.0021 0.0239 0.2682 1.0000 1.0000 0.0004 0.0041 0.0473 0.5441 1.0000 1.0000 0.0008 0.0089 0.1025 1.0000 1.0000 0.0001 0.0017 0.0196 0.2264 1.0000 1.0000 0.0003 0.0037 0.0434 0.5014 1.0000 1.0000 0.0007 0.0083 0.0960 1.0000 1.0000 0.0001 0.0016 0.0184 0.2131 1.0000 1.0000 0.0003 0.0012 0.0003 1.0000 1.0000 0.2131 0.0184 0.0016 0.0001 1.0000 1.0000 0.0960 0.0083 0.0007 1.0000 1.0000 0.5014 0.0434 0.0037 0.0003 1.0000 1.0000 0.2264 0.0196 0.0017 0.0001 1.0000 1.0000 0.1025 0.0089 0.0008 1.0000 1.0000 0.5441 0.0473 0.0041 0.0004 1.0000 1.0000 0.2682 0.0239 0.0021 0.0002 1.0000 1.0000 0.1626 0.0152 0.0014 0.0001 1.0000 1.0000 0.1127
1.0000 1.0000 0.0001 0.0015 0.0163 0.1738 1.0000 1.0000 0.0002 0.0022 0.0239 0.2646 1.0000 1.0000 0.0003 0.0039 0.0444 0.5072 1.0000 1.0000 0.0007 0.0082 0.0940 1.0000 1.0000 0.0001 0.0015 0.0179 0.2071 1.0000 1.0000 0.0003 0.0034 0.0395 0.4577 1.0000 1.0000 0.0007 0.0076 0.0877 1.0000 1.0000 0.0001 0.0015 0.0168 0.1945 1.0000 1.0000 0.0003 0.0028 0.0126 0.0028 0.0003 1.0000 1.0000 0.1945 0.0168 0.0015 0.0001 1.0000 1.0000 0.0877 0.0076 0.0007 1.0000 1.0000 0.4577 0.0395 0.0034 0.0003 1.0000 1.0000 0.2071 0.0179 0.0015 0.0001 1.0000 1.0000 0.0940 0.0082 0.0007 1.0000 1.0000 0.5072 0.0444 0.0039 0.0003 1.0000 1.0000 0.2646 0.0239 0.0022 0.0002 1.0000 1.0000 0.1738 0.0163 0.0015 0.0001 1.0000 1.0000
1.0000 0.0002 0.0017 0.0178 0.1890 1.0000 1.0000 0.0002 0.0023 0.0246 0.2682 1.0000 1.0000 0.0003 0.0038 0.0423 0.4790 1.0000 1.0000 0.0007 0.0075 0.0867 0.9981 1.0000 0.0001 0.0014 0.0164 0.1894 1.0000 1.0000 0.0003 0.0031 0.0361 0.4177 1.0000 1.0000 0.0006 0.0069 0.0800 0.9250 1.0000 0.0001 0.0013 0.0153 0.1772 1.0000 1.0000 0.0003 0.0029 0.0298 0.1329 0.0298 0.0029 0.0003 1.0000 1.0000 0.1772 0.0153 0.0013 0.0001 1.0000 0.9250 0.0800 0.0069 0.0006 1.0000 1.0000 0.4177 0.0361 0.0031 0.0003 1.0000 1.0000 0.1894 0.0164 0.0014 0.0001 1.0000 0.9981 0.0867 0.0075 0.0007 1.0000 1.0000 0.4790 0.0423 0.0038 0.0003 1.0000 1.0000 0.2682 0.0246 0.0023 0.0002 1.0000 1.0000 0.1890 0.0178 0.0017 0.0002 1.0000
0.0002 0.0019 0.0195 0.2063 1.0000 1.0000 0.0002 0.0024 0.0259 0.2791 1.0000 1.0000 0.0003 0.0037 0.0413 0.4620 1.0000 1.0000 0.0006 0.0071 0.0806 0.9232 1.0000 0.0001 0.0013 0.0150 0.1732 1.0000 1.0000 0.0002 0.0029 0.0330 0.3820 1.0000 1.0000 0.0005 0.0063 0.0729 0.8443 1.0000 0.0001 0.0012 0.0140 0.1617 1.0000 1.0000 0.0002 0.0027 0.0302 0.3141 1.0000 0.3141 0.0302 0.0027 0.0002 1.0000 1.0000 0.1617 0.0140 0.0012 0.0001 1.0000 0.8443 0.0729 0.0063 0.0005 1.0000 1.0000 0.3820 0.0330 0.0029 0.0002 1.0000 1.0000 0.1732 0.0150 0.0013 0.0001 1.0000 0.9232 0.0806 0.0071 0.0006 1.0000 1.0000 0.4620 0.0413 0.0037 0.0003 1.0000 1.0000 0.2791 0.0259 0.0024 0.0002 1.0000 1.0000 0.2063 0.0195 0.0019 0.0002
0.0019 0.0214 0.2260 1.0000 1.0000 0.0002 0.0026 0.0278 0.2966 1.0000 1.0000 0.0003 0.0038 0.0413 0.4568 1.0000 1.0000 0.0006 0.0067 0.0759 0.8638 1.0000 0.0001 0.0012 0.0138 0.1590 1.0000 1.0000 0.0002 0.0026 0.0302 0.3493 1.0000 1.0000 0.0005 0.0058 0.0667 0.7706 1.0000 0.0001 0.0011 0.0127 0.1476 1.0000 1.0000 0.0002 0.0024 0.0281 0.3189 1.0000 1.0000 1.0000 0.3189 0.0281 0.0024 0.0002 1.0000 1.0000 0.1476 0.0127 0.0011 0.0001 1.0000 0.7706 0.0667 0.0058 0.0005 1.0000 1.0000 0.3493 0.0302 0.0026 0.0002 1.0000 1.0000 0.1590 0.0138 0.0012 0.0001 1.0000 0.8638 0.0759 0.0067 0.0006 1.0000 1.0000 0.4568 0.0413 0.0038 0.0003 1.0000 1.0000 0.2966 0.0278 0.0026 0.0002 1.0000 1.0000 0.2260 0.0214 0.0019
0.0216 0.2481 1.0000 1.0000 0.0003 0.0028 0.0302 0.3201 1.0000 1.0000 0.0004 0.0039 0.0423 0.4620 1.0000 1.0000 0.0006 0.0065 0.0726 0.8205 1.0000 0.0001 0.0011 0.0128 0.1470 1.0000 1.0000 0.0002 0.0024 0.0276 0.3195 1.0000 1.0000 0.0005 0.0053 0.0610 0.7047 1.0000 0.0001 0.0010 0.0116 0.1347 1.0000 1.0000 0.0002 0.0022 0.0258 0.2966 1.0000 1.0000 0.0001 1.0000 1.0000 0.2966 0.0258 0.0022 0.0002 1.0000 1.0000 0.1347 0.0116 0.0010 0.0001 1.0000 0.7047 0.0610 0.0053 0.0005 1.0000 1.0000 0.3195 0.0276 0.0024 0.0002 1.0000 1.0000 0.1470 0.0128 0.0011 0.0001 1.0000 0.8205 0.0726 0.0065 0.0006 1.0000 1.0000 0.4620 0.0423 0.0039 0.0004 1.0000 1.0000 0.3201 0.0302 0.0028 0.0003 1.0000 1.0000 0.2481 0.0216
0.2500 1.0000 1.0000 0.0003 0.0031 0.0329 0.3487 1.0000 1.0000 0.0004 0.0041 0.0444 0.4790 1.0000 1.0000 0.0006 0.0064 0.0711 0.7944 1.0000 0.0001 0.0011 0.0120 0.1373 1.0000 1.0000 0.0002 0.0022 0.0254 0.2927 1.0000 1.0000 0.0004 0.0048 0.0557 0.6445 1.0000 0.0001 0.0009 0.0106 0.1230 1.0000 1.0000 0.0002 0.0020 0.0235 0.2718 1.0000 1.0000 0.0003 0.0015 0.0003 1.0000 1.0000 0.2718 0.0235 0.0020 0.0002 1.0000 1.0000 0.1230 0.0106 0.0009 0.0001 1.0000 0.6445 0.0557 0.0048 0.0004 1.0000 1.0000 0.2927 0.0254 0.0022 0.0002 1.0000 1.0000 0.1373 0.0120 0.0011 0.0001 1.0000 0.7944 0.0711 0.0064 0.0006 1.0000 1.0000 0.4790 0.0444 0.0041 0.0004 1.0000 1.0000 0.3487 0.0329 0.0031 0.0003 1.0000 1.0000 0.2500
1.0000 1.0000 0.0003 0.0034 0.0361 0.3806 1.0000 1.0000 0.0004 0.0044 0.0473 0.5072 1.0000 1.0000 0.0006 0.0065 0.0711 0.7854 1.0000 0.0001 0.0010 0.0114 0.1297 1.0000 1.0000 0.0002 0.0020 0.0234 0.2697 1.0000 1.0000 0.0004 0.0044 0.0510 0.5894 1.0000 0.0001 0.0008 0.0097 0.1125 1.0000 1.0000 0.0002 0.0019 0.0215 0.2485 1.0000 1.0000 0.0003 0.0036 0.0161 0.0036 0.0003 1.0000 1.0000 0.2485 0.0215 0.0019 0.0002 1.0000 1.0000 0.1125 0.0097 0.0008 0.0001 1.0000 0.5894 0.0510 0.0044 0.0004 1.0000 1.0000 0.2697 0.0234 0.0020 0.0002 1.0000 1.0000 0.1297 0.0114 0.0010 0.0001 1.0000 0.7854 0.0711 0.0065 0.0006 1.0000 1.0000 0.5072 0.0473 0.0044 0.0004 1.0000 1.0000 0.3806 0.0361 0.0034 0.0003 1.0000 1.0000
1.0000 0.0004 0.0037 0.0395 0.4169 1.0000 1.0000 0.0005 0.0048 0.0511 0.5441 1.0000 1.0000 0.0006 0.0067 0.0726 0.7944 1.0000 0.0001 0.0010 0.0111 0.1246 1.0000 1.0000 0.0002 0.0019 0.0218 0.2495 1.0000 1.0000 0.0004 0.0040 0.0467 0.5390 1.0000 1.0000 0.0008 0.0089 0.1028 1.0000 1.0000 0.0001 0.0017 0.0196 0.2269 1.0000 1.0000 0.0003 0.0037 0.0380 0.1699 0.0380 0.0037 0.0003 1.0000 1.0000 0.2269 0.0196 0.0017 0.0001 1.0000 1.0000 0.1028 0.0089 0.0008 1.0000 1.0000 0.5390 0.0467 0.0040 0.0004 1.0000 1.0000 0.2495 0.0218 0.0019 0.0002 1.0000 1.0000 0.1246 0.0111 0.0010 0.0001 1.0000 0.7944 0.0726 0.0067 0.0006 1.0000 1.0000 0.5441 0.0511 0.0048 0.0005 1.0000 1.0000 0.4169 0.0395 0.0037 0.0004 1.0000
0.0004 0.0041 0.0433 0.4568 1.0000 1.0000 0.0005 0.0053 0.0556 0.5894 1.0000 1.0000 0.0007 0.0071 0.0759 0.8205 1.0000 0.0001 0.0010 0.0110 0.1220 1.0000 1.0000 0.0002 0.0018 0.0205 0.2339 1.0000 1.0000 0.0003 0.0037 0.0429 0.4948 1.0000 1.0000 0.0007 0.0081 0.0940 1.0000 1.0000 0.0001 0.0016 0.0179 0.2075 1.0000 1.0000 0.0003 0.0034 0.0387 0.4021 1.0000 0.4021 0.0387 0.0034 0.0003 1.0000 1.0000 0.2075 0.0179 0.0016 0.0001 1.0000 1.0000 0.0940 0.0081 0.0007 1.0000 1.0000 0.4948 0.0429 0.0037 0.0003 1.0000 1.0000 0.2339 0.0205 0.0018 0.0002 1.0000 1.0000 0.1220 0.0110 0.0010 0.0001 1.0000 0.8205 0.0759 0.0071 0.0007 1.0000 1.0000 0.5894 0.0556 0.0053 0.0005 1.0000 1.0000 0.4568 0.0433 0.0041 0.0004
0.0041 0.0475 0.5014 1.0000 1.0000 0.0005 0.0058 0.0607 0.6420 1.0000 1.0000 0.0007 0.0075 0.0806 0.8638 1.0000 0.0001 0.0010 0.0111 0.1220 1.0000 1.0000 0.0002 0.0017 0.0195 0.2213 1.0000 1.0000 0.0003 0.0035 0.0397 0.4559 1.0000 1.0000 0.0006 0.0075 0.0860 0.9943 1.0000 0.0001 0.0014 0.0164 0.1897 1.0000 1.0000 0.0003 0.0031 0.0361 0.4091 1.0000 1.0000 1.0000 0.4091 0.0361 0.0031 0.0003 1.0000 1.0000 0.1897 0.0164 0.0014 0.0001 1.0000 0.9943 0.0860 0.0075 0.0006 1.0000 1.0000 0.4559 0.0397 0.0035 0.0003 1.0000 1.0000 0.2213 0.0195 0.0017 0.0002 1.0000 1.0000 0.1220 0.0111 0.0010 0.0001 1.0000 0.8638 0.0806 0.0075 0.0007 1.0000 1.0000 0.6420 0.0607 0.0058 0.0005 1.0000 1.0000 0.5014 0.0475 0.0041
0.0480 0.5493 1.0000 1.0000 0.0006 0.0063 0.0665 0.7021 1.0000 0.0001 0.0008 0.0082 0.0867 0.9232 1.0000 0.0001 0.0011 0.0114 0.1246 1.0000 1.0000 0.0002 0.0017 0.0190 0.2131 1.0000 1.0000 0.0003 0.0032 0.0370 0.4233 1.0000 1.0000 0.0006 0.0068 0.0788 0.9110 1.0000 0.0001 0.0013 0.0150 0.1735 1.0000 1.0000 0.0002 0.0029 0.0331 0.3813 1.0000 1.0000 0.0002 1.0000 1.0000 0.3813 0.0331 0.0029 0.0002 1.0000 1.0000 0.1735 0.0150 0.0013 0.0001 1.0000 0.9110 0.0788 0.0068 0.0006 1.0000 1.0000 0.4233 0.0370 0.0032 0.0003 1.0000 1.0000 0.2131 0.0190 0.0017 0.0002 1.0000 1.0000 0.1246 0.0114 0.0011 0.0001 1.0000 0.9232 0.0867 0.0082 0.0008 0.0001 1.0000 0.7021 0.0665 0.0063 0.0006 1.0000 1.0000 0.5493 0.0480
0.5546 1.0000 1.0000 0.0007 0.0069 0.0729 0.7692 1.0000 0.0001 0.0008 0.0089 0.0940 0.9981 1.0000 0.0001 0.0011 0.0120 0.1297 1.0000 1.0000 0.0002 0.0017 0.0188 0.2090 1.0000 1.0000 0.0003 0.0031 0.0349 0.3976 1.0000 1.0000 0.0005 0.0063 0.0726 0.8363 1.0000 0.0001 0.0012 0.0137 0.1587 1.0000 1.0000 0.0002 0.0026 0.0303 0.3500 1.0000 1.0000 0.0004 0.0020 0.0004 1.0000 1.0000 0.3500 0.0303 0.0026 0.0002 1.0000 1.0000 0.1587 0.0137 0.0012 0.0001 1.0000 0.8363 0.0726 0.0063 0.0005 1.0000 1.0000 0.3976 0.0349 0.0031 0.0003 1.0000 1.0000 0.2090 0.0188 0.0017 0.0002 1.0000 1.0000 0.1297 0.0120 0.0011 0.0001 1.0000 0.9981 0.0940 0.0089 0.0008 0.0001 1.0000 0.7692 0.0729 0.0069 0.0007 1.0000 1.0000 0.5546
1.0000 0.0001 0.0007 0.0076 0.0799 0.8427 1.0000 0.0001 0.0009 0.0097 0.1025 1.0000 1.0000 0.0001 0.0012 0.0128 0.1373 1.0000 1.0000 0.0002 0.0017 0.0190 0.2090 1.0000 1.0000 0.0003 0.0030 0.0334 0.3777 1.0000 1.0000 0.0005 0.0059 0.0673 0.7721 1.0000 0.0001 0.0011 0.0126 0.1454 1.0000 1.0000 0.0002 0.0024 0.0277 0.3201 1.0000 1.0000 0.0004 0.0046 0.0207 0.0046 0.0004 1.0000 1.0000 0.3201 0.0277 0.0024 0.0002 1.0000 1.0000 0.1454 0.0126 0.0011 0.0001 1.0000 0.7721 0.0673 0.0059 0.0005 1.0000 1.0000 0.3777 0.0334 0.0030 0.0003 1.0000 1.0000 0.2090 0.0190 0.0017 0.0002 1.0000 1.0000 0.1373 0.0128 0.0012 0.0001 1.0000 1.0000 0.1025 0.0097 0.0009 0.0001 1.0000 0.8427 0.0799 0.0076 0.0007 0.0001 1.0000
0.0001 0.0008 0.0083 0.0877 0.9250 1.0000 0.0001 0.0010 0.0106 0.1120 1.0000 1.0000 0.0001 0.0013 0.0138 0.1470 1.0000 1.0000 0.0002 0.0018 0.0195 0.2131 1.0000 1.0000 0.0003 0.0029 0.0325 0.3643 1.0000 1.0000 0.0005 0.0055 0.0628 0.7196 1.0000 0.0001 0.0010 0.0116 0.1335 1.0000 1.0000 0.0002 0.0022 0.0254 0.2933 1.0000 1.0000 0.0004 0.0047 0.0491 0.2188 0.0491 0.0047 0.0004 1.0000 1.0000 0.2933 0.0254 0.0022 0.0002 1.0000 1.0000 0.1335 0.0116 0.0010 0.0001 1.0000 0.7196 0.0628 0.0055 0.0005 1.0000 1.0000 0.3643 0.0325 0.0029 0.0003 1.0000 1.0000 0.2131 0.0195 0.0018 0.0002 1.0000 1.0000 0.1470 0.0138 0.0013 0.0001 1.0000 1.0000 0.1120 0.0106 0.0010 0.0001 1.0000 0.9250 0.0877 0.0083 0.0008 0.0001
0.0008 0.0091 0.0960 1.0000 1.0000 0.0001 0.0011 0.0116 0.1227 1.0000 1.0000 0.0001 0.0014 0.0150 0.1590 1.0000 1.0000 0.0002 0.0019 0.0205 0.2213 1.0000 1.0000 0.0003 0.0029 0.0322 0.3574 1.0000 1.0000 0.0005 0.0053 0.0595 0.6759 1.0000 0.0001 0.0009 0.0107 0.1230 1.0000 1.0000 0.0002 0.0020 0.0232 0.2682 1.0000 1.0000 0.0004 0.0044 0.0499 0.5189 1.0000 0.5189 0.0499 0.0044 0.0004 1.0000 1.0000 0.2682 0.0232 0.0020 0.0002 1.0000 1.0000 0.1230 0.0107 0.0009 0.0001 1.0000 0.6759 0.0595 0.0053 0.0005 1.0000 1.0000 0.3574 0.0322 0.0029 0.0003 1.0000 1.0000 0.2213 0.0205 0.0019 0.0002 1.0000 1.0000 0.1590 0.0150 0.0014 0.0001 1.0000 1.0000 0.1227 0.0116 0.0011 0.0001 1.0000 1.0000 0.0960 0.0091 0.0008
0.0092 0.1054 1.0000 1.0000 0.0001 0.0012 0.0127 0.1345 1.0000 1.0000 0.0001 0.0015 0.0164 0.1732 1.0000 1.0000 0.0002 0.0020 0.0218 0.2339 1.0000 1.0000 0.0003 0.0030 0.0325 0.3574 1.0000 1.0000 0.0005 0.0051 0.0570 0.6433 1.0000 0.0001 0.0009 0.0100 0.1142 1.0000 1.0000 0.0002 0.0018 0.0213 0.2453 1.0000 1.0000 0.0004 0.0040 0.0465 0.5278 1.0000 1.0000 1.0000 0.5278 0.0465 0.0040 0.0004 1.0000 1.0000 0.2453 0.0213 0.0018 0.0002 1.0000 1.0000 0.1142 0.0100 0.0009 0.0001 1.0000 0.6433 0.0570 0.0051 0.0005 1.0000 1.0000 0.3574 0.0325 0.0030 0.0003 1.0000 1.0000 0.2339 0.0218 0.0020 0.0002 1.0000 1.0000 0.1732 0.0164 0.0015 0.0001 1.0000 1.0000 0.1345 0.0127 0.0012 0.0001 1.0000 1.0000 0.1054 0.0092
0.1062 1.0000 1.0000 0.0001 0.0013 0.0140 0.1473 1.0000 1.0000 0.0002 0.0017 0.0179 0.1894 1.0000 1.0000 0.0002 0.0022 0.0234 0.2495 1.0000 1.0000 0.0003 0.0031 0.0334 0.3643 1.0000 1.0000 0.0004 0.0050 0.0555 0.6216 1.0000 0.0001 0.0008 0.0094 0.1070 1.0000 1.0000 0.0001 0.0017 0.0196 0.2256 1.0000 1.0000 0.0003 0.0037 0.0427 0.4920 1.0000 1.0000 0.0002 1.0000 1.0000 0.4920 0.0427 0.0037 0.0003 1.0000 1.0000 0.2256 0.0196 0.0017 0.0001 1.0000 1.0000 0.1070 0.0094 0.0008 0.0001 1.0000 0.6216 0.0555 0.0050 0.0004 1.0000 1.0000 0.3643 0.0334 0.0031 0.0003 1.0000 1.0000 0.2495 0.0234 0.0022 0.0002 1.0000 1.0000 0.1894 0.0179 0.0017 0.0002 1.0000 1.0000 0.1473 0.0140 0.0013 0.0001 1.0000 1.0000 0.1062
1.0000 1.0000 0.0001 0.0015 0.0153 0.1617 1.0000 1.0000 0.0002 0.0019 0.0196 0.2071 1.0000 1.0000 0.0002 0.0024 0.0254 0.2697 1.0000 1.0000 0.0003 0.0032 0.0349 0.3777 1.0000 1.0000 0.0005 0.0050 0.0550 0.6111 1.0000 0.0001 0.0008 0.0089 0.1013 1.0000 1.0000 0.0001 0.0016 0.0181 0.2083 1.0000 1.0000 0.0003 0.0034 0.0391 0.4516 1.0000 1.0000 0.0006 0.0025 0.0006 1.0000 1.0000 0.4516 0.0391 0.0034 0.0003 1.0000 1.0000 0.2083 0.0181 0.0016 0.0001 1.0000 1.0000 0.1013 0.0089 0.0008 0.0001 1.0000 0.6111 0.0550 0.0050 0.0005 1.0000 1.0000 0.3777 0.0349 0.0032 0.0003 1.0000 1.0000 0.2697 0.0254 0.0024 0.0002 1.0000 1.0000 0.2071 0.0196 0.0019 0.0002 1.0000 1.0000 0.1617 0.0153 0.0015 0.0001 1.0000 1.0000
1.0000 0.0002 0.0016 0.0168 0.1772 1.0000 1.0000 0.0002 0.0020 0.0214 0.2264 1.0000 1.0000 0.0002 0.0026 0.0276 0.2927 1.0000 1.0000 0.0003 0.0035 0.0370 0.3976 1.0000 1.0000 0.0005 0.0051 0.0555 0.6111 1.0000 0.0001 0.0008 0.0086 0.0971 1.0000 1.0000 0.0001 0.0015 0.0169 0.1934 1.0000 1.0000 0.0003 0.0031 0.0359 0.4138 1.0000 1.0000 0.0006 0.0060 0.0268 0.0060 0.0006 1.0000 1.0000 0.4138 0.0359 0.0031 0.0003 1.0000 1.0000 0.1934 0.0169 0.0015 0.0001 1.0000 1.0000 0.0971 0.0086 0.0008 0.0001 1.0000 0.6111 0.0555 0.0051 0.0005 1.0000 1.0000 0.3976 0.0370 0.0035 0.0003 1.0000 1.0000 0.2927 0.0276 0.0026 0.0002 1.0000 1.0000 0.2264 0.0214 0.0020 0.0002 1.0000 1.0000 0.1772 0.0168 0.0016 0.0002 1.0000
0.0002 0.0017 0.0184 0.1945 1.0000 1.0000 0.0002 0.0022 0.0235 0.2481 1.0000 1.0000 0.0003 0.0029 0.0302 0.3195 1.0000 1.0000 0.0004 0.0037 0.0397 0.4233 1.0000 1.0000 0.0005 0.0053 0.0570 0.6216 1.0000 0.0001 0.0008 0.0085 0.0948 1.0000 1.0000 0.0001 0.0014 0.0159 0.1816 1.0000 1.0000 0.0003 0.0029 0.0331 0.3813 1.0000 1.0000 0.0005 0.0061 0.0633 0.2829 0.0633 0.0061 0.0005 1.0000 1.0000 0.3813 0.0331 0.0029 0.0003 1.0000 1.0000 0.1816 0.0159 0.0014 0.0001 1.0000 1.0000 0.0948 0.0085 0.0008 0.0001 1.0000 0.6216 0.0570 0.0053 0.0005 1.0000 1.0000 0.4233 0.0397 0.0037 0.0004 1.0000 1.0000 0.3195 0.0302 0.0029 0.0003 1.0000 1.0000 0.2481 0.0235 0.0022 0.0002 1.0000 1.0000 0.1945 0.0184 0.0017 0.0002
0.0018 0.0202 0.2131 1.0000 1.0000 0.0002 0.0024 0.0258 0.2718 1.0000 1.0000 0.0003 0.0031 0.0330 0.3493 1.0000 1.0000 0.0004 0.0040 0.0429 0.4559 1.0000 1.0000 0.0005 0.0055 0.0595 0.6433 1.0000 0.0001 0.0008 0.0085 0.0939 1.0000 1.0000 0.0001 0.0014 0.0152 0.1725 1.0000 1.0000 0.0002 0.0027 0.0307 0.3527 1.0000 1.0000 0.0005 0.0057 0.0644 0.6695 1.0000 0.6695 0.0644 0.0057 0.0005 1.0000 1.0000 0.3527 0.0307 0.0027 0.0002 1.0000 1.0000 0.1725 0.0152 0.0014 0.0001 1.0000 1.0000 0.0939 0.0085 0.0008 0.0001 1.0000 0.6433 0.0595 0.0055 0.0005 1.0000 1.0000 0.4559 0.0429 0.0040 0.0004 1.0000 1.0000 0.3493 0.0330 0.0031 0.0003 1.0000 1.0000 0.2718 0.0258 0.0024 0.0002 1.0000 1.0000 0.2131 0.0202 0.0018
0.0204 0.2339 1.0000 1.0000 0.0003 0.0027 0.0283 0.2983 1.0000 1.0000 0.0003 0.0034 0.0361 0.3820 1.0000 1.0000 0.0004 0.0044 0.0467 0.4948 1.0000 1.0000 0.0005 0.0059 0.0628 0.6759 1.0000 0.0001 0.0008 0.0086 0.0948 1.0000 1.0000 0.0001 0.0013 0.0148 0.1658 1.0000 1.0000 0.0002 0.0025 0.0287 0.3281 1.0000 1.0000 0.0005 0.0053 0.0604 0.6823 1.0000 1.0000 1.0000 0.6823 0.0604 0.0053 0.0005 1.0000 1.0000 0.3281 0.0287 0.0025 0.0002 1.0000 1.0000 0.1658 0.0148 0.0013 0.0001 1.0000 1.0000 0.0948 0.0086 0.0008 0.0001 1.0000 0.6759 0.0628 0.0059 0.0005 1.0000 1.0000 0.4948 0.0467 0.0044 0.0004 1.0000 1.0000 0.3820 0.0361 0.0034 0.0003 1.0000 1.0000 0.2983 0.0283 0.0027 0.0003 1.0000 1.0000 0.2339 0.0204
0.2357 1.0000 1.0000 0.0003 0.0029 0.0310 0.3268 1.0000 1.0000 0.0004 0.0037 0.0395 0.4177 1.0000 1.0000 0.0005 0.0048 0.0510 0.5390 1.0000 1.0000 0.0006 0.0063 0.0673 0.7196 1.0000 0.0001 0.0008 0.0089 0.0971 1.0000 1.0000 0.0001 0.0013 0.0145 0.1617 1.0000 1.0000 0.0002 0.0024 0.0271 0.3087 1.0000 1.0000 0.0004 0.0049 0.0560 0.6420 1.0000 0.0001 0.0003 0.0001 1.0000 0.6420 0.0560 0.0049 0.0004 1.0000 1.0000 0.3087 0.0271 0.0024 0.0002 1.0000 1.0000 0.1617 0.0145 0.0013 0.0001 1.0000 1.0000 0.0971 0.0089 0.0008 0.0001 1.0000 0.7196 0.0673 0.0063 0.0006 1.0000 1.0000 0.5390 0.0510 0.0048 0.0005 1.0000 1.0000 0.4177 0.0395 0.0037 0.0004 1.0000 1.0000 0.3268 0.0310 0.0029 0.0003 1.0000 1.0000 0.2357
1.0000 1.0000 0.0003 0.0032 0.0339 0.3581 1.0000 1.0000 0.0004 0.0041 0.0434 0.4577 1.0000 1.0000 0.0005 0.0053 0.0557 0.5894 1.0000 1.0000 0.0006 0.0068 0.0726 0.7721 1.0000 0.0001 0.0009 0.0094 0.1013 1.0000 1.0000 0.0001 0.0013 0.0145 0.1605 1.0000 1.0000 0.0002 0.0023 0.0260 0.2933 1.0000 1.0000 0.0004 0.0045 0.0521 0.5961 1.0000 0.0001 0.0007 0.0033 0.0007 0.0001 1.0000 0.5961 0.0521 0.0045 0.0004 1.0000 1.0000 0.2933 0.0260 0.0023 0.0002 1.0000 1.0000 0.1605 0.0145 0.0013 0.0001 1.0000 1.0000 0.1013 0.0094 0.0009 0.0001 1.0000 0.7721 0.0726 0.0068 0.0006 1.0000 1.0000 0.5894 0.0557 0.0053 0.0005 1.0000 1.0000 0.4577 0.0434 0.0041 0.0004 1.0000 1.0000 0.3581 0.0339 0.0032 0.0003 1.0000 1.0000
1.0000 0.0003 0.0035 0.0372 0.3931 1.0000 1.0000 0.0004 0.0045 0.0475 0.5014 1.0000 1.0000 0.0005 0.0058 0.0610 0.6445 1.0000 1.0000 0.0007 0.0075 0.0788 0.8363 1.0000 0.0001 0.0009 0.0100 0.1070 1.0000 1.0000 0.0001 0.0014 0.0148 0.1617 1.0000 1.0000 0.0002 0.0022 0.0251 0.2823 1.0000 1.0000 0.0004 0.0043 0.0488 0.5567 1.0000 1.0000 0.0008 0.0078 0.0349 0.0078 0.0008 1.0000 1.0000 0.5567 0.0488 0.0043 0.0004 1.0000 1.0000 0.2823 0.0251 0.0022 0.0002 1.0000 1.0000 0.1617 0.0148 0.0014 0.0001 1.0000 1.0000 0.1070 0.0100 0.0009 0.0001 1.0000 0.8363 0.0788 0.0075 0.0007 1.0000 1.0000 0.6445 0.0610 0.0058 0.0005 1.0000 1.0000 0.5014 0.0475 0.0045 0.0004 1.0000 1.0000 0.3931 0.0372 0.0035 0.0003 1.0000
0.0003 0.0039 0.0408 0.4306 1.0000 1.0000 0.0005 0.0049 0.0522 0.5504 1.0000 1.0000 0.0006 0.0063 0.0667 0.7047 1.0000 0.0001 0.0008 0.0081 0.0860 0.9110 1.0000 0.0001 0.0010 0.0107 0.1142 1.0000 1.0000 0.0001 0.0014 0.0152 0.1658 1.0000 1.0000 0.0002 0.0022 0.0247 0.2754 1.0000 1.0000 0.0004 0.0041 0.0461 0.5238 1.0000 1.0000 0.0007 0.0081 0.0833 0.3706 0.0833 0.0081 0.0007 1.0000 1.0000 0.5238 0.0461 0.0041 0.0004 1.0000 1.0000 0.2754 0.0247 0.0022 0.0002 1.0000 1.0000 0.1658 0.0152 0.0014 0.0001 1.0000 1.0000 0.1142 0.0107 0.0010 0.0001 1.0000 0.9110 0.0860 0.0081 0.0008 0.0001 1.0000 0.7047 0.0667 0.0063 0.0006 1.0000 1.0000 0.5504 0.0522 0.0049 0.0005 1.0000 1.0000 0.4306 0.0408 0.0039 0.0003
0.0039 0.0448 0.4727 1.0000 1.0000 0.0005 0.0054 0.0571 0.6030 1.0000 1.0000 0.0007 0.0069 0.0729 0.7706 1.0000 0.0001 0.0008 0.0089 0.0940 0.9943 1.0000 0.0001 0.0011 0.0116 0.1230 1.0000 1.0000 0.0001 0.0015 0.0159 0.1725 1.0000 1.0000 0.0002 0.0022 0.0247 0.2733 1.0000 1.0000 0.0003 0.0039 0.0441 0.4985 1.0000 1.0000 0.0007 0.0077 0.0862 0.8888 1.0000 0.8888 0.0862 0.0077 0.0007 1.0000 1.0000 0.4985 0.0441 0.0039 0.0003 1.0000 1.0000 0.2733 0.0247 0.0022 0.0002 1.0000 1.0000 0.1725 0.0159 0.0015 0.0001 1.0000 1.0000 0.1230 0.0116 0.0011 0.0001 1.0000 0.9943 0.0940 0.0089 0.0008 0.0001 1.0000 0.7706 0.0729 0.0069 0.0007 1.0000 1.0000 0.6030 0.0571 0.0054 0.0005 1.0000 1.0000 0.4727 0.0448 0.0039
0.0452 0.5179 1.0000 1.0000 0.0006 0.0059 0.0626 0.6606 1.0000 0.0001 0.0007 0.0076 0.0800 0.8443 1.0000 0.0001 0.0009 0.0097 0.1028 1.0000 1.0000 0.0001 0.0012 0.0126 0.1335 1.0000 1.0000 0.0001 0.0016 0.0169 0.1816 1.0000 1.0000 0.0002 0.0023 0.0251 0.2754 1.0000 1.0000 0.0003 0.0038 0.0428 0.4799 1.0000 1.0000 0.0006 0.0073 0.0823 0.9215 1.0000 1.0000 1.0000 0.9215 0.0823 0.0073 0.0006 1.0000 1.0000 0.4799 0.0428 0.0038 0.0003 1.0000 1.0000 0.2754 0.0251 0.0023 0.0002 1.0000 1.0000 0.1816 0.0169 0.0016 0.0001 1.0000 1.0000 0.1335 0.0126 0.0012 0.0001 1.0000 1.0000 0.1028 0.0097 0.0009 0.0001 1.0000 0.8443 0.0800 0.0076 0.0007 0.0001 1.0000 0.6606 0.0626 0.0059 0.0006 1.0000 1.0000 0.5179 0.0452
0.5228 1.0000 1.0000 0.0006 0.0065 0.0687 0.7251 1.0000 0.0001 0.0008 0.0083 0.0877 0.9250 1.0000 0.0001 0.0010 0.0106 0.1125 1.0000 1.0000 0.0001 0.0013 0.0137 0.1454 1.0000 1.0000 0.0002 0.0017 0.0181 0.1934 1.0000 1.0000 0.0002 0.0024 0.0260 0.2823 1.0000 1.0000 0.0003 0.0038 0.0422 0.4691 1.0000 1.0000 0.0006 0.0069 0.0782 0.8854 1.0000 0.0001 0.0004 0.0001 1.0000 0.8854 0.0782 0.0069 0.0006 1.0000 1.0000 0.4691 0.0422 0.0038 0.0003 1.0000 1.0000 0.2823 0.0260 0.0024 0.0002 1.0000 1.0000 0.1934 0.0181 0.0017 0.0002 1.0000 1.0000 0.1454 0.0137 0.0013 0.0001 1.0000 1.0000 0.1125 0.0106 0.0010 0.0001 1.0000 0.9250 0.0877 0.0083 0.0008 0.0001 1.0000 0.7251 0.0687 0.0065 0.0006 1.0000 1.0000 0.5228
1.0000 1.0000 0.0007 0.0071 0.0753 0.7944 1.0000 0.0001 0.0009 0.0091 0.0960 1.0000 1.0000 0.0001 0.0011 0.0116 0.1230 1.0000 1.0000 0.0001 0.0014 0.0150 0.1587 1.0000 1.0000 0.0002 0.0018 0.0196 0.2083 1.0000 1.0000 0.0002 0.0025 0.0271 0.2933 1.0000 1.0000 0.0003 0.0038 0.0422 0.4656 1.0000 1.0000 0.0006 0.0067 0.0750 0.8459 1.0000 0.0001 0.0010 0.0045 0.0010 0.0001 1.0000 0.8459 0.0750 0.0067 0.0006 1.0000 1.0000 0.4656 0.0422 0.0038 0.0003 1.0000 1.0000 0.2933 0.0271 0.0025 0.0002 1.0000 1.0000 0.2083 0.0196 0.0018 0.0002 1.0000 1.0000 0.1587 0.0150 0.0014 0.0001 1.0000 1.0000 0.1230 0.0116 0.0011 0.0001 1.0000 1.0000 0.0960 0.0091 0.0009 0.0001 1.0000 0.7944 0.0753 0.0071 0.0007 1.0000 1.0000
0.0001 0.0007 0.0078 0.0826 0.8720 1.0000 0.0001 0.0009 0.0100 0.1054 1.0000 1.0000 0.0001 0.0012 0.0127 0.1347 1.0000 1.0000 0.0001 0.0016 0.0164 0.1735 1.0000 1.0000 0.0002 0.0020 0.0213 0.2256 1.0000 1.0000 0.0003 0.0027 0.0287 0.3087 1.0000 1.0000 0.0004 0.0039 0.0428 0.4691 1.0000 1.0000 0.0006 0.0065 0.0728 0.8159 1.0000 0.0001 0.0011 0.0109 0.0482 0.0109 0.0011 0.0001 1.0000 0.8159 0.0728 0.0065 0.0006 1.0000 1.0000 0.4691 0.0428 0.0039 0.0004 1.0000 1.0000 0.3087 0.0287 0.0027 0.0003 1.0000 1.0000 0.2256 0.0213 0.0020 0.0002 1.0000 1.0000 0.1735 0.0164 0.0016 0.0001 1.0000 1.0000 0.1347 0.0127 0.0012 0.0001 1.0000 1.0000 0.1054 0.0100 0.0009 0.0001 1.0000 0.8720 0.0826 0.0078 0.0007 0.0001
0.0007 0.0086 0.0905 0.9554 1.0000 0.0001 0.0010 0.0109 0.1155 1.0000 1.0000 0.0001 0.0013 0.0140 0.1476 1.0000 1.0000 0.0002 0.0017 0.0179 0.1897 1.0000 1.0000 0.0002 0.0022 0.0232 0.2453 1.0000 1.0000 0.0003 0.0029 0.0307 0.3281 1.0000 1.0000 0.0004 0.0041 0.0441 0.4799 1.0000 1.0000 0.0006 0.0065 0.0717 0.7975 1.0000 0.0001 0.0010 0.0115 0.1173 0.5189 0.1173 0.0115 0.0010 0.0001 1.0000 0.7975 0.0717 0.0065 0.0006 1.0000 1.0000 0.4799 0.0441 0.0041 0.0004 1.0000 1.0000 0.3281 0.0307 0.0029 0.0003 1.0000 1.0000 0.2453 0.0232 0.0022 0.0002 1.0000 1.0000 0.1897 0.0179 0.0017 0.0002 1.0000 1.0000 0.1476 0.0140 0.0013 0.0001 1.0000 1.0000 0.1155 0.0109 0.0010 0.0001 1.0000 0.9554 0.0905 0.0086 0.0007
0.0087 0.0994 1.0000 1.0000 0.0001 0.0011 0.0120 0.1268 1.0000 1.0000 0.0001 0.0015 0.0153 0.1617 1.0000 1.0000 0.0002 0.0019 0.0196 0.2075 1.0000 1.0000 0.0002 0.0024 0.0254 0.2682 1.0000 1.0000 0.0003 0.0031 0.0331 0.3527 1.0000 1.0000 0.0004 0.0043 0.0461 0.4985 1.0000 1.0000 0.0006 0.0065 0.0717 0.7914 1.0000 0.0001 0.0010 0.0113 0.1246 1.0000 1.0000 1.0000 0.1246 0.0113 0.0010 0.0001 1.0000 0.7914 0.0717 0.0065 0.0006 1.0000 1.0000 0.4985 0.0461 0.0043 0.0004 1.0000 1.0000 0.3527 0.0331 0.0031 0.0003 1.0000 1.0000 0.2682 0.0254 0.0024 0.0002 1.0000 1.0000 0.2075 0.0196 0.0019 0.0002 1.0000 1.0000 0.1617 0.0153 0.0015 0.0001 1.0000 1.0000 0.1268 0.0120 0.0011 0.0001 1.0000 1.0000 0.0994 0.0087
0.1001 1.0000 1.0000 0.0001 0.0012 0.0132 0.1389 1.0000 1.0000 0.0002 0.0016 0.0168 0.1772 1.0000 1.0000 0.0002 0.0020 0.0215 0.2269 1.0000 1.0000 0.0002 0.0026 0.0277 0.2933 1.0000 1.0000 0.0003 0.0034 0.0359 0.3813 1.0000 1.0000 0.0004 0.0045 0.0488 0.5238 1.0000 1.0000 0.0006 0.0067 0.0728 0.7975 1.0000 0.0001 0.0010 0.0111 0.1232 1.0000 1.0000 1.0000 1.0000 1.0000 0.1232 0.0111 0.0010 0.0001 1.0000 0.7975 0.0728 0.0067 0.0006 1.0000 1.0000 0.5238 0.0488 0.0045 0.0004 1.0000 1.0000 0.3813 0.0359 0.0034 0.0003 1.0000 1.0000 0.2933 0.0277 0.0026 0.0002 1.0000 1.0000 0.2269 0.0215 0.0020 0.0002 1.0000 1.0000 0.1772 0.0168 0.0016 0.0002 1.0000 1.0000 0.1389 0.0132 0.0012 0.0001 1.0000 1.0000 0.1001
1.0000 1.0000 0.0001 0.0014 0.0144 0.1525 1.0000 1.0000 0.0002 0.0017 0.0184 0.1945 1.0000 1.0000 0.0002 0.0022 0.0235 0.2485 1.0000 1.0000 0.0003 0.0029 0.0303 0.3201 1.0000 1.0000 0.0004 0.0037 0.0391 0.4138 1.0000 1.0000 0.0005 0.0049 0.0521 0.5567 1.0000 1.0000 0.0006 0.0069 0.0750 0.8159 1.0000 0.0001 0.0010 0.0110 0.1218 1.0000 1.0000 0.0001 0.0006 0.0001 1.0000 1.0000 0.1218 0.0110 0.0010 0.0001 1.0000 0.8159 0.0750 0.0069 0.0006 1.0000 1.0000 0.5567 0.0521 0.0049 0.0005 1.0000 1.0000 0.4138 0.0391 0.0037 0.0004 1.0000 1.0000 0.3201 0.0303 0.0029 0.0003 1.0000 1.0000 0.2485 0.0235 0.0022 0.0002 1.0000 1.0000 0.1945 0.0184 0.0017 0.0002 1.0000 1.0000 0.1525 0.0144 0.0014 0.0001 1.0000 1.0000
1.0000 0.0001 0.0015 0.0158 0.1667 1.0000 1.0000 0.0002 0.0019 0.0202 0.2131 1.0000 1.0000 0.0002 0.0024 0.0258 0.2718 1.0000 1.0000 0.0003 0.0031 0.0331 0.3500 1.0000 1.0000 0.0004 0.0040 0.0427 0.4516 1.0000 1.0000 0.0005 0.0053 0.0560 0.5961 1.0000 1.0000 0.0007 0.0073 0.0782 0.8459 1.0000 0.0001 0.0010 0.0111 0.1218 1.0000 1.0000 0.0002 0.0015 0.0067 0.0015 0.0002 1.0000 1.0000 0.1218 0.0111 0.0010 0.0001 1.0000 0.8459 0.0782 0.0073 0.0007 1.0000 1.0000 0.5961 0.0560 0.0053 0.0005 1.0000 1.0000 0.4516 0.0427 0.0040 0.0004 1.0000 1.0000 0.3500 0.0331 0.0031 0.0003 1.0000 1.0000 0.2718 0.0258 0.0024 0.0002 1.0000 1.0000 0.2131 0.0202 0.0019 0.0002 1.0000 1.0000 0.1667 0.0158 0.0015 0.0001 1.0000
0.0001 0.0016 0.0173 0.1823 1.0000 1.0000 0.0002 0.0021 0.0220 0.2325 1.0000 1.0000 0.0003 0.0027 0.0281 0.2966 1.0000 1.0000 0.0003 0.0034 0.0361 0.3813 1.0000 1.0000 0.0004 0.0044 0.0465 0.4920 1.0000 1.0000 0.0005 0.0057 0.0604 0.6420 1.0000 1.0000 0.0007 0.0077 0.0823 0.8854 1.0000 0.0001 0.0010 0.0113 0.1232 1.0000 1.0000 0.0002 0.0016 0.0166 0.0730 0.0166 0.0016 0.0002 1.0000 1.0000 0.1232 0.0113 0.0010 0.0001 1.0000 0.8854 0.0823 0.0077 0.0007 1.0000 1.0000 0.6420 0.0604 0.0057 0.0005 1.0000 1.0000 0.4920 0.0465 0.0044 0.0004 1.0000 1.0000 0.3813 0.0361 0.0034 0.0003 1.0000 1.0000 0.2966 0.0281 0.0027 0.0003 1.0000 1.0000 0.2325 0.0220 0.0021 0.0002 1.0000 1.0000 0.1823 0.0173 0.0016 0.0001
0.0016 0.0185 0.1956 1.0000 1.0000 0.0002 0.0022 0.0237 0.2500 1.0000 1.0000 0.0003 0.0029 0.0302 0.3189 1.0000 1.0000 0.0003 0.0037 0.0387 0.4091 1.0000 1.0000 0.0004 0.0047 0.0499 0.5278 1.0000 1.0000 0.0006 0.0061 0.0644 0.6823 1.0000 0.0001 0.0008 0.0081 0.0862 0.9215 1.0000 0.0001 0.0011 0.0115 0.1246 1.0000 1.0000 0.0002 0.0016 0.0179 0.1802 0.7914 0.1802 0.0179 0.0016 0.0002 1.0000 1.0000 0.1246 0.0115 0.0011 0.0001 1.0000 0.9215 0.0862 0.0081 0.0008 0.0001 1.0000 0.6823 0.0644 0.0061 0.0006 1.0000 1.0000 0.5278 0.0499 0.0047 0.0004 1.0000 1.0000 0.4091 0.0387 0.0037 0.0003 1.0000 1.0000 0.3189 0.0302 0.0029 0.0003 1.0000 1.0000 0.2500 0.0237 0.0022 0.0002 1.0000 1.0000 0.1956 0.0185 0.0016
0.0167 0.1923 1.0000 1.0000 0.0002 0.0022 0.0233 0.2462 1.0000 1.0000 0.0003 0.0028 0.0298 0.3141 1.0000 1.0000 0.0003 0.0036 0.0380 0.4021 1.0000 1.0000 0.0004 0.0046 0.0491 0.5189 1.0000 1.0000 0.0006 0.0060 0.0633 0.6695 1.0000 0.0001 0.0007 0.0078 0.0833 0.8888 1.0000 0.0001 0.0010 0.0109 0.1173 1.0000 1.0000 0.0001 0.0015 0.0166 0.1802 1.0000 1.0000 1.0000 0.1802 0.0166 0.0015 0.0001 1.0000 1.0000 0.1173 0.0109 0.0010 0.0001 1.0000 0.8888 0.0833 0.0078 0.0007 0.0001 1.0000 0.6695 0.0633 0.0060 0.0006 1.0000 1.0000 0.5189 0.0491 0.0046 0.0004 1.0000 1.0000 0.4021 0.0380 0.0036 0.0003 1.0000 1.0000 0.3141 0.0298 0.0028 0.0003 1.0000 1.0000 0.2462 0.0233 0.0022 0.0002 1.0000 1.0000 0.1923 0.0167
0.0770 0.8671 1.0000 0.0001 0.0009 0.0099 0.1042 1.0000 1.0000 0.0001 0.0012 0.0126 0.1329 1.0000 1.0000 0.0001 0.0015 0.0161 0.1699 1.0000 1.0000 0.0002 0.0020 0.0207 0.2188 1.0000 1.0000 0.0002 0.0025 0.0268 0.2829 1.0000 1.0000 0.0003 0.0033 0.0349 0.3706 1.0000 1.0000 0.0004 0.0045 0.0482 0.5189 1.0000 1.0000 0.0006 0.0067 0.0730 0.7914 1.0000 1.0000 1.0000 0.7914 0.0730 0.0067 0.0006 1.0000 1.0000 0.5189 0.0482 0.0045 0.0004 1.0000 1.0000 0.3706 0.0349 0.0033 0.0003 1.0000 1.0000 0.2829 0.0268 0.0025 0.0002 1.0000 1.0000 0.2188 0.0207 0.0020 0.0002 1.0000 1.0000 0.1699 0.0161 0.0015 0.0001 1.0000 1.0000 0.1329 0.0126 0.0012 0.0001 1.0000 1.0000 0.1042 0.0099 0.0009 0.0001 1.0000 0.8671 0.0770
0.0167 0.1923 1.0000 1.0000 0.0002 0.0022 0.0233 0.2462 1.0000 1.0000 0.0003 0.0028 0.0298 0.3141 1.0000 1.0000 0.0003 0.0036 0.0380 0.4021 1.0000 1.0000 0.0004 0.0046 0.0491 0.5189 1.0000 1.0000 0.0006 0.0060 0.0633 0.6695 1.0000 0.0001 0.0007 0.0078 0.0833 0.8888 1.0000 0.0001 0.0010 0.0109 0.1173 1.0000 1.0000 0.0001 0.0015 0.0166 0.1802 1.0000 1.0000 1.0000 0.1802 0.0166 0.0015 0.0001 1.0000 1.0000 0.1173 0.0109 0.0010 0.0001 1.0000 0.8888 0.0833 0.0078 0.0007 0.0001 1.0000 0.6695 0.0633 0.0060 0.0006 1.0000 1.0000 0.5189 0.0491 0.0046 0.0004 1.0000 1.0000 0.4021 0.0380 0.0036 0.0003 1.0000 1.0000 0.3141 0.0298 0.0028 0.0003 1.0000 1.0000 0.2462 0.0233 0.0022 0.0002 1.0000 1.0000 0.1923 0.0167
0.0016 0.0185 0.1956 1.0000 1.0000 0.0002 0.0022 0.0237 0.2500 1.0000 1.0000 0.0003 0.0029 0.0302 0.3189 1.0000 1.0000 0.0003 0.0037 0.0387 0.4091 1.0000 1.0000 0.0004 0.0047 0.0499 0.5278 1.0000 1.0000 0.0006 0.0061 0.0644 0.6823 1.0000 0.0001 0.0008 0.0081 0.0862 0.9215 1.0000 0.0001 0.0011 0.0115 0.1246 1.0000 1.0000 0.0002 0.0016 0.0179 0.1802 0.7914 0.1802 0.0179 0.0016 0.0002 1.0000 1.0000 0.1246 0.0115 0.0011 0.0001 1.0000 0.9215 0.0862 0.0081 0.0008 0.0001 1.0000 0.6823 0.0644 0.0061 0.0006 1.0000 1.0000 0.5278 0.0499 0.0047 0.0004 1.0000 1.0000 0.4091 0.0387 0.0037 0.0003 1.0000 1.0000 0.3189 0.0302 0.0029 0.0003 1.0000 1.0000 0.2500 0.0237 0.0022 0.0002 1.0000 1.0000 0.1956 0.0185 0.0016
0.0001 0.0016 0.0173 0.1823 1.0000 1.0000 0.0002 0.0021 0.0220 0.2325 1.0000 1.0000 0.0003 0.0027 0.0281 0.2966 1.0000 1.0000 0.0003 0.0034 0.0361 0.3813 1.0000 1.0000 0.0004 0.0044 0.0465 0.4920 1.0000 1.0000 0.0005 0.0057 0.0604 0.6420 1.0000 1.0000 0.0007 0.0077 0.0823 0.8854 1.0000 0.0001 0.0010 0.0113 0.1232 1.0000 1.0000 0.0002 0.0016 0.0166 0.0730 0.0166 0.0016 0.0002 1.0000 1.0000 0.1232 0.0113 0.0010 0.0001 1.0000 0.8854 0.0823 0.0077 0.0007 1.0000 1.0000 0.6420 0.0604 0.0057 0.0005 1.0000 1.0000 0.4920 0.0465 0.0044 0.0004 1.0000 1.0000 0.3813 0.0361 0.0034 0.0003 1.0000 1.0000 0.2966 0.0281 0.0027 0.0003 1.0000 1.0000 0.2325 0.0220 0.0021 0.0002 1.0000 1.0000 0.1823 0.0173 0.0016 0.0001
1.0000 0.0001 0.0015 0.0158 0.1667 1.0000 1.0000 0.0002 0.0019 0.0202 0.2131 1.0000 1.0000 0.0002 0.0024 0.0258 0.2718 1.0000 1.0000 0.0003 0.0031 0.0331 0.3500 1.0000 1.0000 0.0004 0.0040 0.0427 0.4516 1.0000 1.0000 0.0005 0.0053 0.0560 0.5961 1.0000 1.0000 0.0007 0.0073 0.0782 0.8459 1.0000 0.0001 0.0010 0.0111 0.1218 1.0000 1.0000 0.0002 0.0015 0.0067 0.0015 0.0002 1.0000 1.0000 0.1218 0.0111 0.0010 0.0001 1.0000 0.8459 0.0782 0.0073 0.0007 1.0000 1.0000 0.5961 0.0560 0.0053 0.0005 1.0000 1.0000 0.4516 0.0427 0.0040 0.0004 1.0000 1.0000 0.3500 0.0331 0.0031 0.0003 1.0000 1.0000 0.2718 0.0258 0.0024 0.0002 1.0000 1.0000 0.2131 0.0202 0.0019 0.0002 1.0000 1.0000 0.1667 0.0158 0.0015 0.0001 1.0000
1.0000 1.0000 0.0001 0.0014 0.0144 0.1525 1.0000 1.0000 0.0002 0.0017 0.0184 0.1945 1.0000 1.0000 0.0002 0.0022 0.0235 0.2485 1.0000 1.0000 0.0003 0.0029 0.0303 0.3201 1.0000 1.0000 0.0004 0.0037 0.0391 0.4138 1.0000 1.0000 0.0005 0.0049 0.0521 0.5567 1.0000 1.0000 0.0006 0.0069 0.0750 0.8159 1.0000 0.0001 0.0010 0.0110 0.1218 1.0000 1.0000 0.0001 0.0006 0.0001 1.0000 1.0000 0.1218 0.0110 0.0010 0.0001 1.0000 0.8159 0.0750 0.0069 0.0006 1.0000 1.0000 0.5567 0.0521 0.0049 0.0005 1.0000 1.0000 0.4138 0.0391 0.0037 0.0004 1.0000 1.0000 0.3201 0.0303 0.0029 0.0003 1.0000 1.0000 0.2485 0.0235 0.0022 0.0002 1.0000 1.0000 0.1945 0.0184 0.0017 0.0002 1.0000 1.0000 0.1525 0.0144 0.0014 0.0001 1.0000 1.0000
