0.1047 0.2278 -0.2016 -0.2942 -0.3433 -0.1186 0.1840 -0.0422 -0.2421 -0.3157 -0.3477 0.0348 0.2476 -0.1475 -0.2684 -0.3324 -0.3077 0.1079 0.2356 -0.1989 -0.2927 -0.3428 -0.1350 0.1794 -0.0276 -0.2401 -0.3143 -0.3480 0.0279 0.2435 -0.1427 -0.2665 -0.3314 -0.3141 0.1030 0.2444 -0.1956 -0.2910 -0.3423 -0.1523 0.1740 -0.0106 -0.2380 -0.3128 -0.3481 0.0206 0.2390 -0.1372 -0.2638 -0.3328 -0.3628 -0.3328 -0.2638 -0.1372 0.2390 0.0206 -0.3481 -0.3128 -0.2380 -0.0106 0.1740 -0.1523 -0.3423 -0.2910 -0.1956 0.2444 0.1030 -0.3141 -0.3314 -0.2665 -0.1427 0.2435 0.0279 -0.3480 -0.3143 -0.2401 -0.0276 0.1794 -0.1350 -0.3428 -0.2927 -0.1989 0.2356 0.1079 -0.3077 -0.3324 -0.2684 -0.1475 0.2476 0.0348 -0.3477 -0.3157 -0.2421 -0.0422 0.1840 -0.1186 -0.3433 -0.2942 -0.2016 0.2278 0.1047
0.2278 -0.2154 -0.3159 -0.3605 -0.1229 0.1808 -0.0198 -0.2650 -0.3361 -0.3622 0.0340 0.2458 -0.1478 -0.2903 -0.3517 -0.3196 0.1063 0.2555 -0.2091 -0.3140 -0.3604 -0.1419 0.1752 -0.0007 -0.2631 -0.3347 -0.3627 0.0270 0.2411 -0.1421 -0.2885 -0.3507 -0.3261 0.1016 0.2613 -0.2050 -0.3123 -0.3600 -0.1598 0.1694 0.0205 -0.2600 -0.3333 -0.3629 0.0196 0.2363 -0.1361 -0.2865 -0.3502 -0.3422 -0.0240 -0.3422 -0.3502 -0.2865 -0.1361 0.2363 0.0196 -0.3629 -0.3333 -0.2600 0.0205 0.1694 -0.1598 -0.3600 -0.3123 -0.2050 0.2613 0.1016 -0.3261 -0.3507 -0.2885 -0.1421 0.2411 0.0270 -0.3627 -0.3347 -0.2631 -0.0007 0.1752 -0.1419 -0.3604 -0.3140 -0.2091 0.2555 0.1063 -0.3196 -0.3517 -0.2903 -0.1478 0.2458 0.0340 -0.3622 -0.3361 -0.2650 -0.0198 0.1808 -0.1229 -0.3605 -0.3159 -0.2154 0.2278
-0.2016 -0.3159 -0.3601 -0.1399 0.1743 0.0058 -0.2620 -0.3339 -0.3628 0.0230 0.2386 -0.1389 -0.2875 -0.3501 -0.3294 0.0987 0.2639 -0.2027 -0.3113 -0.3597 -0.1698 0.1659 0.0332 -0.2582 -0.3325 -0.3629 0.0151 0.2336 -0.1328 -0.2856 -0.3491 -0.3349 0.0939 0.2672 -0.1986 -0.3096 -0.3592 -0.1873 0.1603 0.0574 -0.2541 -0.3310 -0.3628 0.0069 0.2286 -0.1263 -0.2837 -0.3482 -0.3414 0.0765 0.1936 0.0765 -0.3414 -0.3482 -0.2837 -0.1263 0.2286 0.0069 -0.3628 -0.3310 -0.2541 0.0574 0.1603 -0.1873 -0.3592 -0.3096 -0.1986 0.2672 0.0939 -0.3349 -0.3491 -0.2856 -0.1328 0.2336 0.0151 -0.3629 -0.3325 -0.2582 0.0332 0.1659 -0.1698 -0.3597 -0.3113 -0.2027 0.2639 0.0987 -0.3294 -0.3501 -0.2875 -0.1389 0.2386 0.0230 -0.3628 -0.3339 -0.2620 0.0058 0.1743 -0.1399 -0.3601 -0.3159 -0.2016
-0.2942 -0.3605 -0.1399 0.1716 0.0234 -0.2586 -0.3322 -0.3629 0.0120 0.2314 -0.1297 -0.2847 -0.3486 -0.3376 0.0913 0.2685 -0.1962 -0.3087 -0.3590 -0.1968 0.1572 0.0715 -0.2517 -0.3302 -0.3627 0.0019 0.2258 -0.1225 -0.2827 -0.3475 -0.3421 0.0864 0.2699 -0.1920 -0.3069 -0.3584 -0.2134 0.1519 0.0971 -0.2474 -0.3287 -0.3626 -0.0074 0.2208 -0.1154 -0.2809 -0.3465 -0.3463 0.0790 0.2673 -0.0565 0.2673 0.0790 -0.3463 -0.3465 -0.2809 -0.1154 0.2208 -0.0074 -0.3626 -0.3287 -0.2474 0.0971 0.1519 -0.2134 -0.3584 -0.3069 -0.1920 0.2699 0.0864 -0.3421 -0.3475 -0.2827 -0.1225 0.2258 0.0019 -0.3627 -0.3302 -0.2517 0.0715 0.1572 -0.1968 -0.3590 -0.3087 -0.1962 0.2685 0.0913 -0.3376 -0.3486 -0.2847 -0.1297 0.2314 0.0120 -0.3629 -0.3322 -0.2586 0.0234 0.1716 -0.1399 -0.3605 -0.2942
-0.3433 -0.1229 0.1743 0.0234 -0.2569 -0.3311 -0.3628 0.0022 0.2250 -0.1205 -0.2820 -0.3470 -0.3441 0.0839 0.2701 -0.1897 -0.3060 -0.3581 -0.2221 0.1490 0.1114 -0.2451 -0.3279 -0.3625 -0.0130 0.2179 -0.1111 -0.2798 -0.3458 -0.3480 0.0786 0.2699 -0.1854 -0.3042 -0.3576 -0.2372 0.1438 0.1361 -0.2409 -0.3264 -0.3623 -0.0237 0.2129 -0.1031 -0.2780 -0.3447 -0.3512 0.0730 0.2680 -0.1698 -0.2661 -0.1698 0.2680 0.0730 -0.3512 -0.3447 -0.2780 -0.1031 0.2129 -0.0237 -0.3623 -0.3264 -0.2409 0.1361 0.1438 -0.2372 -0.3576 -0.3042 -0.1854 0.2699 0.0786 -0.3480 -0.3458 -0.2798 -0.1111 0.2179 -0.0130 -0.3625 -0.3279 -0.2451 0.1114 0.1490 -0.2221 -0.3581 -0.3060 -0.1897 0.2701 0.0839 -0.3441 -0.3470 -0.2820 -0.1205 0.2250 0.0022 -0.3628 -0.3311 -0.2569 0.0234 0.1743 -0.1229 -0.3433
-0.1186 0.1808 0.0058 -0.2586 -0.3311 -0.3627 -0.0038 0.2205 -0.1126 -0.2798 -0.3455 -0.3490 0.0767 0.2694 -0.1833 -0.3034 -0.3572 -0.2449 0.1411 0.1491 -0.2386 -0.3255 -0.3622 -0.0301 0.2102 -0.0982 -0.2769 -0.3440 -0.3527 0.0706 0.2677 -0.1785 -0.3015 -0.3566 -0.2585 0.1360 0.1713 -0.2345 -0.3240 -0.3620 -0.0423 0.2053 -0.0890 -0.2750 -0.3428 -0.3551 0.0652 0.2652 -0.1720 -0.2965 -0.3425 -0.2965 -0.1720 0.2652 0.0652 -0.3551 -0.3428 -0.2750 -0.0890 0.2053 -0.0423 -0.3620 -0.3240 -0.2345 0.1713 0.1360 -0.2585 -0.3566 -0.3015 -0.1785 0.2677 0.0706 -0.3527 -0.3440 -0.2769 -0.0982 0.2102 -0.0301 -0.3622 -0.3255 -0.2386 0.1491 0.1411 -0.2449 -0.3572 -0.3034 -0.1833 0.2694 0.0767 -0.3490 -0.3455 -0.2798 -0.1126 0.2205 -0.0038 -0.3627 -0.3311 -0.2586 0.0058 0.1808 -0.1186
0.1840 -0.0198 -0.2620 -0.3322 -0.3628 -0.0038 0.2188 -0.1078 -0.2782 -0.3443 -0.3525 0.0701 0.2672 -0.1770 -0.3008 -0.3562 -0.2646 0.1336 0.1818 -0.2323 -0.3231 -0.3619 -0.0496 0.2026 -0.0834 -0.2740 -0.3421 -0.3563 0.0623 0.2639 -0.1714 -0.2988 -0.3555 -0.2773 0.1284 0.2010 -0.2281 -0.3215 -0.3617 -0.0637 0.1978 -0.0725 -0.2721 -0.3409 -0.3582 0.0567 0.2606 -0.1662 -0.2964 -0.3600 -0.3785 -0.3600 -0.2964 -0.1662 0.2606 0.0567 -0.3582 -0.3409 -0.2721 -0.0725 0.1978 -0.0637 -0.3617 -0.3215 -0.2281 0.2010 0.1284 -0.2773 -0.3555 -0.2988 -0.1714 0.2639 0.0623 -0.3563 -0.3421 -0.2740 -0.0834 0.2026 -0.0496 -0.3619 -0.3231 -0.2323 0.1818 0.1336 -0.2646 -0.3562 -0.3008 -0.1770 0.2672 0.0701 -0.3525 -0.3443 -0.2782 -0.1078 0.2188 -0.0038 -0.3628 -0.3322 -0.2620 -0.0198 0.1840
-0.0422 -0.2650 -0.3339 -0.3629 0.0022 0.2205 -0.1078 -0.2776 -0.3436 -0.3545 0.0650 0.2645 -0.1714 -0.2985 -0.3552 -0.2812 0.1265 0.2083 -0.2262 -0.3207 -0.3616 -0.0716 0.1952 -0.0661 -0.2710 -0.3402 -0.3590 0.0535 0.2587 -0.1639 -0.2960 -0.3543 -0.2937 0.1209 0.2246 -0.2218 -0.3190 -0.3613 -0.0876 0.1904 -0.0530 -0.2691 -0.3389 -0.3603 0.0475 0.2549 -0.1589 -0.2941 -0.3541 -0.3190 0.0133 -0.3190 -0.3541 -0.2941 -0.1589 0.2549 0.0475 -0.3603 -0.3389 -0.2691 -0.0530 0.1904 -0.0876 -0.3613 -0.3190 -0.2218 0.2246 0.1209 -0.2937 -0.3543 -0.2960 -0.1639 0.2587 0.0535 -0.3590 -0.3402 -0.2710 -0.0661 0.1952 -0.0716 -0.3616 -0.3207 -0.2262 0.2083 0.1265 -0.2812 -0.3552 -0.2985 -0.1714 0.2645 0.0650 -0.3545 -0.3436 -0.2776 -0.1078 0.2205 0.0022 -0.3629 -0.3339 -0.2650 -0.0422
-0.2421 -0.3361 -0.3628 0.0120 0.2250 -0.1126 -0.2782 -0.3436 -0.3551 0.0621 0.2622 -0.1670 -0.2966 -0.3543 -0.2944 0.1200 0.2285 -0.2203 -0.3183 -0.3612 -0.0956 0.1881 -0.0457 -0.2681 -0.3382 -0.3609 0.0441 0.2527 -0.1561 -0.2932 -0.3530 -0.3076 0.1135 0.2425 -0.2155 -0.3165 -0.3608 -0.1139 0.1832 -0.0294 -0.2661 -0.3368 -0.3618 0.0377 0.2483 -0.1509 -0.2913 -0.3522 -0.3183 0.0961 0.2141 0.0961 -0.3183 -0.3522 -0.2913 -0.1509 0.2483 0.0377 -0.3618 -0.3368 -0.2661 -0.0294 0.1832 -0.1139 -0.3608 -0.3165 -0.2155 0.2425 0.1135 -0.3076 -0.3530 -0.2932 -0.1561 0.2527 0.0441 -0.3609 -0.3382 -0.2681 -0.0457 0.1881 -0.0956 -0.3612 -0.3183 -0.2203 0.2285 0.1200 -0.2944 -0.3543 -0.2966 -0.1670 0.2622 0.0621 -0.3551 -0.3436 -0.2782 -0.1126 0.2250 0.0120 -0.3628 -0.3361 -0.2421
-0.3157 -0.3622 0.0230 0.2314 -0.1205 -0.2798 -0.3443 -0.3545 0.0621 0.2614 -0.1646 -0.2953 -0.3536 -0.3038 0.1145 0.2424 -0.2149 -0.3161 -0.3607 -0.1207 0.1811 -0.0217 -0.2652 -0.3362 -0.3621 0.0342 0.2460 -0.1479 -0.2904 -0.3516 -0.3194 0.1062 0.2554 -0.2092 -0.3139 -0.3603 -0.1416 0.1750 -0.0010 -0.2631 -0.3347 -0.3626 0.0270 0.2412 -0.1422 -0.2885 -0.3507 -0.3265 0.0990 0.2702 -0.1031 0.2702 0.0990 -0.3265 -0.3507 -0.2885 -0.1422 0.2412 0.0270 -0.3626 -0.3347 -0.2631 -0.0010 0.1750 -0.1416 -0.3603 -0.3139 -0.2092 0.2554 0.1062 -0.3194 -0.3516 -0.2904 -0.1479 0.2460 0.0342 -0.3621 -0.3362 -0.2652 -0.0217 0.1811 -0.1207 -0.3607 -0.3161 -0.2149 0.2424 0.1145 -0.3038 -0.3536 -0.2953 -0.1646 0.2614 0.0621 -0.3545 -0.3443 -0.2798 -0.1205 0.2314 0.0230 -0.3622 -0.3157
-0.3477 0.0340 0.2386 -0.1297 -0.2820 -0.3455 -0.3525 0.0650 0.2622 -0.1646 -0.2948 -0.3531 -0.3094 0.1105 0.2512 -0.2104 -0.3141 -0.3602 -0.1450 0.1734 0.0062 -0.2620 -0.3341 -0.3628 0.0235 0.2389 -0.1393 -0.2876 -0.3502 -0.3293 0.0988 0.2638 -0.2028 -0.3113 -0.3597 -0.1696 0.1659 0.0329 -0.2583 -0.3325 -0.3629 0.0152 0.2336 -0.1329 -0.2857 -0.3492 -0.3349 0.0935 0.2684 -0.1886 -0.2745 -0.1886 0.2684 0.0935 -0.3349 -0.3492 -0.2857 -0.1329 0.2336 0.0152 -0.3629 -0.3325 -0.2583 0.0329 0.1659 -0.1696 -0.3597 -0.3113 -0.2028 0.2638 0.0988 -0.3293 -0.3502 -0.2876 -0.1393 0.2389 0.0235 -0.3628 -0.3341 -0.2620 0.0062 0.1734 -0.1450 -0.3602 -0.3141 -0.2104 0.2512 0.1105 -0.3094 -0.3531 -0.2948 -0.1646 0.2622 0.0650 -0.3525 -0.3455 -0.2820 -0.1297 0.2386 0.0340 -0.3477
0.0348 0.2458 -0.1389 -0.2847 -0.3470 -0.3490 0.0701 0.2645 -0.1670 -0.2953 -0.3531 -0.3113 0.1084 0.2559 -0.2070 -0.3124 -0.3597 -0.1665 0.1660 0.0361 -0.2573 -0.3320 -0.3629 0.0119 0.2315 -0.1299 -0.2848 -0.3487 -0.3373 0.0915 0.2684 -0.1964 -0.3087 -0.3590 -0.1967 0.1573 0.0712 -0.2517 -0.3302 -0.3628 0.0020 0.2259 -0.1226 -0.2828 -0.3475 -0.3421 0.0863 0.2700 -0.1904 -0.3043 -0.3493 -0.3043 -0.1904 0.2700 0.0863 -0.3421 -0.3475 -0.2828 -0.1226 0.2259 0.0020 -0.3628 -0.3302 -0.2517 0.0712 0.1573 -0.1967 -0.3590 -0.3087 -0.1964 0.2684 0.0915 -0.3373 -0.3487 -0.2848 -0.1299 0.2315 0.0119 -0.3629 -0.3320 -0.2573 0.0361 0.1660 -0.1665 -0.3597 -0.3124 -0.2070 0.2559 0.1084 -0.3113 -0.3531 -0.2953 -0.1670 0.2645 0.0701 -0.3490 -0.3470 -0.2847 -0.1389 0.2458 0.0348
0.2476 -0.1478 -0.2875 -0.3486 -0.3441 0.0767 0.2672 -0.1714 -0.2966 -0.3536 -0.3094 0.1084 0.2574 -0.2052 -0.3114 -0.3594 -0.1832 0.1600 0.0649 -0.2520 -0.3301 -0.3627 -0.0005 0.2242 -0.1199 -0.2820 -0.3471 -0.3439 0.0842 0.2701 -0.1900 -0.3061 -0.3582 -0.2216 0.1491 0.1108 -0.2451 -0.3279 -0.3625 -0.0129 0.2180 -0.1112 -0.2799 -0.3458 -0.3480 0.0787 0.2699 -0.1850 -0.3038 -0.3639 -0.3734 -0.3639 -0.3038 -0.1850 0.2699 0.0787 -0.3480 -0.3458 -0.2799 -0.1112 0.2180 -0.0129 -0.3625 -0.3279 -0.2451 0.1108 0.1491 -0.2216 -0.3582 -0.3061 -0.1900 0.2701 0.0842 -0.3439 -0.3471 -0.2820 -0.1199 0.2242 -0.0005 -0.3627 -0.3301 -0.2520 0.0649 0.1600 -0.1832 -0.3594 -0.3114 -0.2052 0.2574 0.1084 -0.3094 -0.3536 -0.2966 -0.1714 0.2672 0.0767 -0.3441 -0.3486 -0.2875 -0.1478 0.2476
-0.1475 -0.2903 -0.3501 -0.3376 0.0839 0.2694 -0.1770 -0.2985 -0.3543 -0.3038 0.1105 0.2559 -0.2052 -0.3110 -0.3592 -0.1937 0.1559 0.0883 -0.2476 -0.3284 -0.3625 -0.0132 0.2172 -0.1094 -0.2793 -0.3454 -0.3492 0.0766 0.2695 -0.1835 -0.3035 -0.3573 -0.2441 0.1413 0.1481 -0.2388 -0.3256 -0.3622 -0.0300 0.2102 -0.0983 -0.2769 -0.3440 -0.3527 0.0707 0.2677 -0.1784 -0.3014 -0.3573 -0.2831 0.0415 -0.2831 -0.3573 -0.3014 -0.1784 0.2677 0.0707 -0.3527 -0.3440 -0.2769 -0.0983 0.2102 -0.0300 -0.3622 -0.3256 -0.2388 0.1481 0.1413 -0.2441 -0.3573 -0.3035 -0.1835 0.2695 0.0766 -0.3492 -0.3454 -0.2793 -0.1094 0.2172 -0.0132 -0.3625 -0.3284 -0.2476 0.0883 0.1559 -0.1937 -0.3592 -0.3110 -0.2052 0.2559 0.1105 -0.3038 -0.3543 -0.2985 -0.1770 0.2694 0.0839 -0.3376 -0.3501 -0.2903 -0.1475
-0.2684 -0.3517 -0.3294 0.0913 0.2701 -0.1833 -0.3008 -0.3552 -0.2944 0.1145 0.2512 -0.2070 -0.3114 -0.3592 -0.1972 0.1537 0.1033 -0.2444 -0.3270 -0.3623 -0.0253 0.2112 -0.0987 -0.2767 -0.3438 -0.3534 0.0689 0.2670 -0.1767 -0.3008 -0.3563 -0.2641 0.1338 0.1806 -0.2326 -0.3232 -0.3619 -0.0491 0.2027 -0.0836 -0.2740 -0.3421 -0.3563 0.0623 0.2639 -0.1714 -0.2988 -0.3556 -0.2816 0.1147 0.2344 0.1147 -0.2816 -0.3556 -0.2988 -0.1714 0.2639 0.0623 -0.3563 -0.3421 -0.2740 -0.0836 0.2027 -0.0491 -0.3619 -0.3232 -0.2326 0.1806 0.1338 -0.2641 -0.3563 -0.3008 -0.1767 0.2670 0.0689 -0.3534 -0.3438 -0.2767 -0.0987 0.2112 -0.0253 -0.3623 -0.3270 -0.2444 0.1033 0.1537 -0.1972 -0.3592 -0.3114 -0.2070 0.2512 0.1145 -0.2944 -0.3552 -0.3008 -0.1833 0.2701 0.0913 -0.3294 -0.3517 -0.2684
-0.3324 -0.3196 0.0987 0.2685 -0.1897 -0.3034 -0.3562 -0.2812 0.1200 0.2424 -0.2104 -0.3124 -0.3594 -0.1937 0.1537 0.1085 -0.2428 -0.3261 -0.3621 -0.0355 0.2063 -0.0884 -0.2745 -0.3422 -0.3564 0.0615 0.2632 -0.1700 -0.2982 -0.3552 -0.2816 0.1265 0.2078 -0.2264 -0.3208 -0.3616 -0.0707 0.1955 -0.0666 -0.2711 -0.3402 -0.3590 0.0536 0.2588 -0.1640 -0.2960 -0.3544 -0.2943 0.1183 0.2529 -0.1359 0.2529 0.1183 -0.2943 -0.3544 -0.2960 -0.1640 0.2588 0.0536 -0.3590 -0.3402 -0.2711 -0.0666 0.1955 -0.0707 -0.3616 -0.3208 -0.2264 0.2078 0.1265 -0.2816 -0.3552 -0.2982 -0.1700 0.2632 0.0615 -0.3564 -0.3422 -0.2745 -0.0884 0.2063 -0.0355 -0.3621 -0.3261 -0.2428 0.1085 0.1537 -0.1937 -0.3594 -0.3124 -0.2104 0.2424 0.1200 -0.2812 -0.3562 -0.3034 -0.1897 0.2685 0.0987 -0.3196 -0.3324
-0.3077 0.1063 0.2639 -0.1962 -0.3060 -0.3572 -0.2646 0.1265 0.2285 -0.2149 -0.3141 -0.3597 -0.1832 0.1559 0.1033 -0.2428 -0.3258 -0.3620 -0.0425 0.2028 -0.0797 -0.2726 -0.3409 -0.3585 0.0544 0.2588 -0.1635 -0.2956 -0.3541 -0.2966 0.1193 0.2293 -0.2203 -0.3184 -0.3612 -0.0947 0.1884 -0.0466 -0.2682 -0.3383 -0.3609 0.0444 0.2528 -0.1563 -0.2932 -0.3530 -0.3076 0.1131 0.2468 -0.2062 -0.2828 -0.2062 0.2468 0.1131 -0.3076 -0.3530 -0.2932 -0.1563 0.2528 0.0444 -0.3609 -0.3383 -0.2682 -0.0466 0.1884 -0.0947 -0.3612 -0.3184 -0.2203 0.2293 0.1193 -0.2966 -0.3541 -0.2956 -0.1635 0.2588 0.0544 -0.3585 -0.3409 -0.2726 -0.0797 0.2028 -0.0425 -0.3620 -0.3258 -0.2428 0.1033 0.1559 -0.1832 -0.3597 -0.3141 -0.2149 0.2285 0.1265 -0.2646 -0.3572 -0.3060 -0.1962 0.2639 0.1063 -0.3077
0.1079 0.2555 -0.2027 -0.3087 -0.3581 -0.2449 0.1336 0.2083 -0.2203 -0.3161 -0.3602 -0.1665 0.1600 0.0883 -0.2444 -0.3261 -0.3620 -0.0450 0.2011 -0.0738 -0.2713 -0.3398 -0.3599 0.0481 0.2543 -0.1573 -0.2933 -0.3529 -0.3088 0.1125 0.2453 -0.2142 -0.3159 -0.3607 -0.1207 0.1812 -0.0225 -0.2653 -0.3362 -0.3621 0.0346 0.2462 -0.1482 -0.2904 -0.3517 -0.3192 0.1062 0.2559 -0.2076 -0.3119 -0.3557 -0.3119 -0.2076 0.2559 0.1062 -0.3192 -0.3517 -0.2904 -0.1482 0.2462 0.0346 -0.3621 -0.3362 -0.2653 -0.0225 0.1812 -0.1207 -0.3607 -0.3159 -0.2142 0.2453 0.1125 -0.3088 -0.3529 -0.2933 -0.1573 0.2543 0.0481 -0.3599 -0.3398 -0.2713 -0.0738 0.2011 -0.0450 -0.3620 -0.3261 -0.2444 0.0883 0.1600 -0.1665 -0.3602 -0.3161 -0.2203 0.2083 0.1336 -0.2449 -0.3581 -0.3087 -0.2027 0.2555 0.1079
0.2356 -0.2091 -0.3113 -0.3590 -0.2221 0.1411 0.1818 -0.2262 -0.3183 -0.3607 -0.1450 0.1660 0.0649 -0.2476 -0.3270 -0.3621 -0.0425 0.2011 -0.0716 -0.2706 -0.3391 -0.3607 0.0430 0.2504 -0.1518 -0.2912 -0.3518 -0.3186 0.1061 0.2562 -0.2083 -0.3135 -0.3602 -0.1476 0.1730 0.0065 -0.2620 -0.3341 -0.3627 0.0239 0.2391 -0.1396 -0.2877 -0.3503 -0.3290 0.0990 0.2637 -0.2026 -0.3110 -0.3669 -0.3624 -0.3669 -0.3110 -0.2026 0.2637 0.0990 -0.3290 -0.3503 -0.2877 -0.1396 0.2391 0.0239 -0.3627 -0.3341 -0.2620 0.0065 0.1730 -0.1476 -0.3602 -0.3135 -0.2083 0.2562 0.1061 -0.3186 -0.3518 -0.2912 -0.1518 0.2504 0.0430 -0.3607 -0.3391 -0.2706 -0.0716 0.2011 -0.0425 -0.3621 -0.3270 -0.2476 0.0649 0.1660 -0.1450 -0.3607 -0.3183 -0.2262 0.1818 0.1411 -0.2221 -0.3590 -0.3113 -0.2091 0.2356
-0.1989 -0.3140 -0.3597 -0.1968 0.1490 0.1491 -0.2323 -0.3207 -0.3612 -0.1207 0.1734 0.0361 -0.2520 -0.3284 -0.3623 -0.0355 0.2028 -0.0738 -0.2706 -0.3388 -0.3610 0.0397 0.2474 -0.1474 -0.2895 -0.3509 -0.3261 0.1004 0.2631 -0.2028 -0.3112 -0.3596 -0.1738 0.1644 0.0402 -0.2570 -0.3320 -0.3629 0.0122 0.2317 -0.1303 -0.2849 -0.3487 -0.3371 0.0918 0.2683 -0.1965 -0.3087 -0.3598 -0.2298 0.0644 -0.2298 -0.3598 -0.3087 -0.1965 0.2683 0.0918 -0.3371 -0.3487 -0.2849 -0.1303 0.2317 0.0122 -0.3629 -0.3320 -0.2570 0.0402 0.1644 -0.1738 -0.3596 -0.3112 -0.2028 0.2631 0.1004 -0.3261 -0.3509 -0.2895 -0.1474 0.2474 0.0397 -0.3610 -0.3388 -0.2706 -0.0738 0.2028 -0.0355 -0.3623 -0.3284 -0.2520 0.0361 0.1734 -0.1207 -0.3612 -0.3207 -0.2323 0.1491 0.1490 -0.1968 -0.3597 -0.3140 -0.1989
-0.2927 -0.3604 -0.1698 0.1572 0.1114 -0.2386 -0.3231 -0.3616 -0.0956 0.1811 0.0062 -0.2573 -0.3301 -0.3625 -0.0253 0.2063 -0.0797 -0.2713 -0.3391 -0.3610 0.0386 0.2459 -0.1446 -0.2883 -0.3501 -0.3314 0.0955 0.2670 -0.1979 -0.3090 -0.3589 -0.1976 0.1566 0.0764 -0.2506 -0.3298 -0.3627 -0.0010 0.2241 -0.1201 -0.2821 -0.3471 -0.3437 0.0844 0.2701 -0.1902 -0.3061 -0.3583 -0.2269 0.1336 0.2526 0.1336 -0.2269 -0.3583 -0.3061 -0.1902 0.2701 0.0844 -0.3437 -0.3471 -0.2821 -0.1201 0.2241 -0.0010 -0.3627 -0.3298 -0.2506 0.0764 0.1566 -0.1976 -0.3589 -0.3090 -0.1979 0.2670 0.0955 -0.3314 -0.3501 -0.2883 -0.1446 0.2459 0.0386 -0.3610 -0.3391 -0.2713 -0.0797 0.2063 -0.0253 -0.3625 -0.3301 -0.2573 0.0062 0.1811 -0.0956 -0.3616 -0.3231 -0.2386 0.1114 0.1572 -0.1698 -0.3604 -0.2927
-0.3428 -0.1419 0.1659 0.0715 -0.2451 -0.3255 -0.3619 -0.0716 0.1881 -0.0217 -0.2620 -0.3320 -0.3627 -0.0132 0.2112 -0.0884 -0.2726 -0.3398 -0.3607 0.0397 0.2459 -0.1436 -0.2877 -0.3496 -0.3349 0.0918 0.2690 -0.1937 -0.3071 -0.3583 -0.2180 0.1496 0.1113 -0.2447 -0.3276 -0.3624 -0.0157 0.2165 -0.1088 -0.2792 -0.3455 -0.3491 0.0768 0.2695 -0.1837 -0.3036 -0.3573 -0.2445 0.1385 0.2014 -0.1627 0.2014 0.1385 -0.2445 -0.3573 -0.3036 -0.1837 0.2695 0.0768 -0.3491 -0.3455 -0.2792 -0.1088 0.2165 -0.0157 -0.3624 -0.3276 -0.2447 0.1113 0.1496 -0.2180 -0.3583 -0.3071 -0.1937 0.2690 0.0918 -0.3349 -0.3496 -0.2877 -0.1436 0.2459 0.0397 -0.3607 -0.3398 -0.2726 -0.0884 0.2112 -0.0132 -0.3627 -0.3320 -0.2620 -0.0217 0.1881 -0.0716 -0.3619 -0.3255 -0.2451 0.0715 0.1659 -0.1419 -0.3428
-0.1350 0.1752 0.0332 -0.2517 -0.3279 -0.3622 -0.0496 0.1952 -0.0457 -0.2652 -0.3341 -0.3629 -0.0005 0.2172 -0.0987 -0.2745 -0.3409 -0.3599 0.0430 0.2474 -0.1446 -0.2877 -0.3494 -0.3366 0.0894 0.2698 -0.1905 -0.3056 -0.3578 -0.2345 0.1436 0.1416 -0.2393 -0.3256 -0.3622 -0.0317 0.2092 -0.0961 -0.2764 -0.3437 -0.3535 0.0690 0.2670 -0.1770 -0.3009 -0.3563 -0.2638 0.1335 0.1884 -0.2238 -0.2912 -0.2238 0.1884 0.1335 -0.2638 -0.3563 -0.3009 -0.1770 0.2670 0.0690 -0.3535 -0.3437 -0.2764 -0.0961 0.2092 -0.0317 -0.3622 -0.3256 -0.2393 0.1416 0.1436 -0.2345 -0.3578 -0.3056 -0.1905 0.2698 0.0894 -0.3366 -0.3494 -0.2877 -0.1446 0.2474 0.0430 -0.3599 -0.3409 -0.2745 -0.0987 0.2172 -0.0005 -0.3629 -0.3341 -0.2652 -0.0457 0.1952 -0.0496 -0.3622 -0.3279 -0.2517 0.0332 0.1752 -0.1350
0.1794 -0.0007 -0.2582 -0.3302 -0.3625 -0.0301 0.2026 -0.0661 -0.2681 -0.3362 -0.3628 0.0119 0.2242 -0.1094 -0.2767 -0.3422 -0.3585 0.0481 0.2504 -0.1474 -0.2883 -0.3496 -0.3366 0.0886 0.2700 -0.1884 -0.3045 -0.3573 -0.2468 0.1388 0.1658 -0.2346 -0.3237 -0.3619 -0.0485 0.2024 -0.0822 -0.2736 -0.3419 -0.3568 0.0608 0.2630 -0.1700 -0.2982 -0.3553 -0.2811 0.1266 0.2086 -0.2251 -0.3196 -0.3619 -0.3196 -0.2251 0.2086 0.1266 -0.2811 -0.3553 -0.2982 -0.1700 0.2630 0.0608 -0.3568 -0.3419 -0.2736 -0.0822 0.2024 -0.0485 -0.3619 -0.3237 -0.2346 0.1658 0.1388 -0.2468 -0.3573 -0.3045 -0.1884 0.2700 0.0886 -0.3366 -0.3496 -0.2883 -0.1474 0.2504 0.0481 -0.3585 -0.3422 -0.2767 -0.1094 0.2242 0.0119 -0.3628 -0.3362 -0.2681 -0.0661 0.2026 -0.0301 -0.3625 -0.3302 -0.2582 -0.0007 0.1794
-0.0276 -0.2631 -0.3325 -0.3627 -0.0130 0.2102 -0.0834 -0.2710 -0.3382 -0.3621 0.0235 0.2315 -0.1199 -0.2793 -0.3438 -0.3564 0.0544 0.2543 -0.1518 -0.2895 -0.3501 -0.3349 0.0894 0.2700 -0.1877 -0.3040 -0.3570 -0.2551 0.1351 0.1832 -0.2306 -0.3220 -0.3616 -0.0655 0.1963 -0.0673 -0.2710 -0.3401 -0.3592 0.0524 0.2579 -0.1627 -0.2955 -0.3541 -0.2963 0.1195 0.2291 -0.2201 -0.3182 -0.3689 -0.3422 -0.3689 -0.3182 -0.2201 0.2291 0.1195 -0.2963 -0.3541 -0.2955 -0.1627 0.2579 0.0524 -0.3592 -0.3401 -0.2710 -0.0673 0.1963 -0.0655 -0.3616 -0.3220 -0.2306 0.1832 0.1351 -0.2551 -0.3570 -0.3040 -0.1877 0.2700 0.0894 -0.3349 -0.3501 -0.2895 -0.1518 0.2543 0.0544 -0.3564 -0.3438 -0.2793 -0.1199 0.2315 0.0235 -0.3621 -0.3382 -0.2710 -0.0834 0.2102 -0.0130 -0.3627 -0.3325 -0.2631 -0.0276
-0.2401 -0.3347 -0.3629 0.0019 0.2179 -0.0982 -0.2740 -0.3402 -0.3609 0.0342 0.2389 -0.1299 -0.2820 -0.3454 -0.3534 0.0615 0.2588 -0.1573 -0.2912 -0.3509 -0.3314 0.0918 0.2698 -0.1884 -0.3040 -0.3569 -0.2591 0.1329 0.1945 -0.2277 -0.3207 -0.3614 -0.0815 0.1910 -0.0518 -0.2686 -0.3383 -0.3609 0.0439 0.2522 -0.1553 -0.2928 -0.3528 -0.3095 0.1124 0.2452 -0.2142 -0.3159 -0.3615 -0.1579 0.0847 -0.1579 -0.3615 -0.3159 -0.2142 0.2452 0.1124 -0.3095 -0.3528 -0.2928 -0.1553 0.2522 0.0439 -0.3609 -0.3383 -0.2686 -0.0518 0.1910 -0.0815 -0.3614 -0.3207 -0.2277 0.1945 0.1329 -0.2591 -0.3569 -0.3040 -0.1884 0.2698 0.0918 -0.3314 -0.3509 -0.2912 -0.1573 0.2588 0.0615 -0.3534 -0.3454 -0.2820 -0.1299 0.2389 0.0342 -0.3609 -0.3402 -0.2740 -0.0982 0.2179 0.0019 -0.3629 -0.3347 -0.2401
-0.3143 -0.3627 0.0151 0.2258 -0.1111 -0.2769 -0.3421 -0.3590 0.0441 0.2460 -0.1393 -0.2848 -0.3471 -0.3492 0.0689 0.2632 -0.1635 -0.2933 -0.3518 -0.3261 0.0955 0.2690 -0.1905 -0.3045 -0.3570 -0.2591 0.1321 0.2001 -0.2258 -0.3197 -0.3612 -0.0950 0.1867 -0.0366 -0.2665 -0.3368 -0.3619 0.0354 0.2462 -0.1478 -0.2902 -0.3515 -0.3206 0.1052 0.2568 -0.2082 -0.3135 -0.3603 -0.1539 0.1538 0.2647 0.1538 -0.1539 -0.3603 -0.3135 -0.2082 0.2568 0.1052 -0.3206 -0.3515 -0.2902 -0.1478 0.2462 0.0354 -0.3619 -0.3368 -0.2665 -0.0366 0.1867 -0.0950 -0.3612 -0.3197 -0.2258 0.2001 0.1321 -0.2591 -0.3570 -0.3045 -0.1905 0.2690 0.0955 -0.3261 -0.3518 -0.2933 -0.1635 0.2632 0.0689 -0.3492 -0.3471 -0.2848 -0.1393 0.2460 0.0441 -0.3590 -0.3421 -0.2769 -0.1111 0.2258 0.0151 -0.3627 -0.3143
-0.3480 0.0270 0.2336 -0.1225 -0.2798 -0.3440 -0.3563 0.0535 0.2527 -0.1479 -0.2876 -0.3487 -0.3439 0.0766 0.2670 -0.1700 -0.2956 -0.3529 -0.3186 0.1004 0.2670 -0.1937 -0.3056 -0.3573 -0.2551 0.1329 0.2001 -0.2252 -0.3192 -0.3611 -0.1047 0.1834 -0.0229 -0.2647 -0.3353 -0.3625 0.0272 0.2405 -0.1404 -0.2877 -0.3501 -0.3297 0.0982 0.2644 -0.2020 -0.3110 -0.3596 -0.1753 0.1607 0.1063 -0.1869 0.1063 0.1607 -0.1753 -0.3596 -0.3110 -0.2020 0.2644 0.0982 -0.3297 -0.3501 -0.2877 -0.1404 0.2405 0.0272 -0.3625 -0.3353 -0.2647 -0.0229 0.1834 -0.1047 -0.3611 -0.3192 -0.2252 0.2001 0.1329 -0.2551 -0.3573 -0.3056 -0.1937 0.2670 0.1004 -0.3186 -0.3529 -0.2956 -0.1700 0.2670 0.0766 -0.3439 -0.3487 -0.2876 -0.1479 0.2527 0.0535 -0.3563 -0.3440 -0.2798 -0.1225 0.2336 0.0270 -0.3480
0.0279 0.2411 -0.1328 -0.2827 -0.3458 -0.3527 0.0623 0.2587 -0.1561 -0.2904 -0.3502 -0.3373 0.0842 0.2695 -0.1767 -0.2982 -0.3541 -0.3088 0.1061 0.2631 -0.1979 -0.3071 -0.3578 -0.2468 0.1351 0.1945 -0.2258 -0.3192 -0.3610 -0.1100 0.1814 -0.0127 -0.2633 -0.3342 -0.3628 0.0196 0.2351 -0.1333 -0.2854 -0.3489 -0.3369 0.0915 0.2686 -0.1959 -0.3084 -0.3589 -0.2003 0.1555 0.0882 -0.2419 -0.2998 -0.2419 0.0882 0.1555 -0.2003 -0.3589 -0.3084 -0.1959 0.2686 0.0915 -0.3369 -0.3489 -0.2854 -0.1333 0.2351 0.0196 -0.3628 -0.3342 -0.2633 -0.0127 0.1814 -0.1100 -0.3610 -0.3192 -0.2258 0.1945 0.1351 -0.2468 -0.3578 -0.3071 -0.1979 0.2631 0.1061 -0.3088 -0.3541 -0.2982 -0.1767 0.2695 0.0842 -0.3373 -0.3502 -0.2904 -0.1561 0.2587 0.0623 -0.3527 -0.3458 -0.2827 -0.1328 0.2411 0.0279
0.2435 -0.1421 -0.2856 -0.3475 -0.3480 0.0706 0.2639 -0.1639 -0.2932 -0.3516 -0.3293 0.0915 0.2701 -0.1835 -0.3008 -0.3552 -0.2966 0.1125 0.2562 -0.2028 -0.3090 -0.3583 -0.2345 0.1388 0.1832 -0.2277 -0.3197 -0.3611 -0.1100 0.1807 -0.0071 -0.2625 -0.3334 -0.3629 0.0132 0.2306 -0.1268 -0.2834 -0.3476 -0.3424 0.0852 0.2701 -0.1900 -0.3060 -0.3581 -0.2239 0.1481 0.1176 -0.2429 -0.3271 -0.3674 -0.3271 -0.2429 0.1176 0.1481 -0.2239 -0.3581 -0.3060 -0.1900 0.2701 0.0852 -0.3424 -0.3476 -0.2834 -0.1268 0.2306 0.0132 -0.3629 -0.3334 -0.2625 -0.0071 0.1807 -0.1100 -0.3611 -0.3197 -0.2277 0.1832 0.1388 -0.2345 -0.3583 -0.3090 -0.2028 0.2562 0.1125 -0.2966 -0.3552 -0.3008 -0.1835 0.2701 0.0915 -0.3293 -0.3516 -0.2932 -0.1639 0.2639 0.0706 -0.3480 -0.3475 -0.2856 -0.1421 0.2435
-0.1427 -0.2885 -0.3491 -0.3421 0.0786 0.2677 -0.1714 -0.2960 -0.3530 -0.3194 0.0988 0.2684 -0.1900 -0.3035 -0.3563 -0.2816 0.1193 0.2453 -0.2083 -0.3112 -0.3589 -0.2180 0.1436 0.1658 -0.2306 -0.3207 -0.3612 -0.1047 0.1814 -0.0071 -0.2622 -0.3330 -0.3629 0.0086 0.2272 -0.1214 -0.2817 -0.3465 -0.3466 0.0795 0.2698 -0.1845 -0.3037 -0.3573 -0.2446 0.1409 0.1515 -0.2379 -0.3251 -0.3697 -0.3089 -0.3697 -0.3251 -0.2379 0.1515 0.1409 -0.2446 -0.3573 -0.3037 -0.1845 0.2698 0.0795 -0.3466 -0.3465 -0.2817 -0.1214 0.2272 0.0086 -0.3629 -0.3330 -0.2622 -0.0071 0.1814 -0.1047 -0.3612 -0.3207 -0.2306 0.1658 0.1436 -0.2180 -0.3589 -0.3112 -0.2083 0.2453 0.1193 -0.2816 -0.3563 -0.3035 -0.1900 0.2684 0.0988 -0.3194 -0.3530 -0.2960 -0.1714 0.2677 0.0786 -0.3421 -0.3491 -0.2885 -0.1427
-0.2665 -0.3507 -0.3349 0.0864 0.2699 -0.1785 -0.2988 -0.3543 -0.3076 0.1062 0.2638 -0.1964 -0.3061 -0.3573 -0.2641 0.1265 0.2293 -0.2142 -0.3135 -0.3596 -0.1976 0.1496 0.1416 -0.2346 -0.3220 -0.3614 -0.0950 0.1834 -0.0127 -0.2625 -0.3330 -0.3629 0.0062 0.2251 -0.1175 -0.2805 -0.3457 -0.3495 0.0746 0.2685 -0.1795 -0.3015 -0.3564 -0.2622 0.1341 0.1812 -0.2322 -0.3230 -0.3624 -0.0831 0.1038 -0.0831 -0.3624 -0.3230 -0.2322 0.1812 0.1341 -0.2622 -0.3564 -0.3015 -0.1795 0.2685 0.0746 -0.3495 -0.3457 -0.2805 -0.1175 0.2251 0.0062 -0.3629 -0.3330 -0.2625 -0.0127 0.1834 -0.0950 -0.3614 -0.3220 -0.2346 0.1416 0.1496 -0.1976 -0.3596 -0.3135 -0.2142 0.2293 0.1265 -0.2641 -0.3573 -0.3061 -0.1964 0.2638 0.1062 -0.3076 -0.3543 -0.2988 -0.1785 0.2699 0.0864 -0.3349 -0.3507 -0.2665
-0.3314 -0.3261 0.0939 0.2699 -0.1854 -0.3015 -0.3555 -0.2937 0.1135 0.2554 -0.2028 -0.3087 -0.3582 -0.2441 0.1338 0.2078 -0.2203 -0.3159 -0.3602 -0.1738 0.1566 0.1113 -0.2393 -0.3237 -0.3616 -0.0815 0.1867 -0.0229 -0.2633 -0.3334 -0.3629 0.0062 0.2244 -0.1154 -0.2797 -0.3450 -0.3515 0.0705 0.2668 -0.1751 -0.2997 -0.3556 -0.2766 0.1279 0.2051 -0.2267 -0.3208 -0.3616 -0.0786 0.1761 0.2623 0.1761 -0.0786 -0.3616 -0.3208 -0.2267 0.2051 0.1279 -0.2766 -0.3556 -0.2997 -0.1751 0.2668 0.0705 -0.3515 -0.3450 -0.2797 -0.1154 0.2244 0.0062 -0.3629 -0.3334 -0.2633 -0.0229 0.1867 -0.0815 -0.3616 -0.3237 -0.2393 0.1113 0.1566 -0.1738 -0.3602 -0.3159 -0.2203 0.2078 0.1338 -0.2441 -0.3582 -0.3087 -0.2028 0.2554 0.1135 -0.2937 -0.3555 -0.3015 -0.1854 0.2699 0.0939 -0.3261 -0.3314
-0.3141 0.1016 0.2672 -0.1920 -0.3042 -0.3566 -0.2773 0.1209 0.2425 -0.2092 -0.3113 -0.3590 -0.2216 0.1413 0.1806 -0.2264 -0.3184 -0.3607 -0.1476 0.1644 0.0764 -0.2447 -0.3256 -0.3619 -0.0655 0.1910 -0.0366 -0.2647 -0.3342 -0.3629 0.0086 0.2251 -0.1154 -0.2794 -0.3447 -0.3527 0.0677 0.2653 -0.1716 -0.2981 -0.3549 -0.2879 0.1225 0.2230 -0.2216 -0.3187 -0.3612 -0.0960 0.1860 0.0007 -0.2099 0.0007 0.1860 -0.0960 -0.3612 -0.3187 -0.2216 0.2230 0.1225 -0.2879 -0.3549 -0.2981 -0.1716 0.2653 0.0677 -0.3527 -0.3447 -0.2794 -0.1154 0.2251 0.0086 -0.3629 -0.3342 -0.2647 -0.0366 0.1910 -0.0655 -0.3619 -0.3256 -0.2447 0.0764 0.1644 -0.1476 -0.3607 -0.3184 -0.2264 0.1806 0.1413 -0.2216 -0.3590 -0.3113 -0.2092 0.2425 0.1209 -0.2773 -0.3566 -0.3042 -0.1920 0.2672 0.1016 -0.3141
0.1030 0.2613 -0.1986 -0.3069 -0.3576 -0.2585 0.1284 0.2246 -0.2155 -0.3139 -0.3597 -0.1967 0.1491 0.1481 -0.2326 -0.3208 -0.3612 -0.1207 0.1730 0.0402 -0.2506 -0.3276 -0.3622 -0.0485 0.1963 -0.0518 -0.2665 -0.3353 -0.3628 0.0132 0.2272 -0.1175 -0.2797 -0.3447 -0.3530 0.0662 0.2641 -0.1691 -0.2970 -0.3543 -0.2964 0.1179 0.2359 -0.2170 -0.3168 -0.3608 -0.1171 0.1814 -0.0149 -0.2601 -0.3083 -0.2601 -0.0149 0.1814 -0.1171 -0.3608 -0.3168 -0.2170 0.2359 0.1179 -0.2964 -0.3543 -0.2970 -0.1691 0.2641 0.0662 -0.3530 -0.3447 -0.2797 -0.1175 0.2272 0.0132 -0.3628 -0.3353 -0.2665 -0.0518 0.1963 -0.0485 -0.3622 -0.3276 -0.2506 0.0402 0.1730 -0.1207 -0.3612 -0.3208 -0.2326 0.1481 0.1491 -0.1967 -0.3597 -0.3139 -0.2155 0.2246 0.1284 -0.2585 -0.3576 -0.3069 -0.1986 0.2613 0.1030
0.2444 -0.2050 -0.3096 -0.3584 -0.2372 0.1360 0.2010 -0.2218 -0.3165 -0.3603 -0.1696 0.1573 0.1108 -0.2388 -0.3232 -0.3616 -0.0947 0.1812 0.0065 -0.2570 -0.3298 -0.3624 -0.0317 0.2024 -0.0673 -0.2686 -0.3368 -0.3625 0.0196 0.2306 -0.1214 -0.2805 -0.3450 -0.3527 0.0662 0.2637 -0.1678 -0.2963 -0.3539 -0.3023 0.1144 0.2447 -0.2132 -0.3151 -0.3604 -0.1379 0.1751 0.0035 -0.2616 -0.3346 -0.3722 -0.3346 -0.2616 0.0035 0.1751 -0.1379 -0.3604 -0.3151 -0.2132 0.2447 0.1144 -0.3023 -0.3539 -0.2963 -0.1678 0.2637 0.0662 -0.3527 -0.3450 -0.2805 -0.1214 0.2306 0.0196 -0.3625 -0.3368 -0.2686 -0.0673 0.2024 -0.0317 -0.3624 -0.3298 -0.2570 0.0065 0.1812 -0.0947 -0.3616 -0.3232 -0.2388 0.1108 0.1573 -0.1696 -0.3603 -0.3165 -0.2218 0.2010 0.1360 -0.2372 -0.3584 -0.3096 -0.2050 0.2444
-0.1956 -0.3123 -0.3592 -0.2134 0.1438 0.1713 -0.2281 -0.3190 -0.3608 -0.1416 0.1659 0.0712 -0.2451 -0.3256 -0.3619 -0.0707 0.1884 -0.0225 -0.2620 -0.3320 -0.3627 -0.0157 0.2092 -0.0822 -0.2710 -0.3383 -0.3619 0.0272 0.2351 -0.1268 -0.2817 -0.3457 -0.3515 0.0677 0.2641 -0.1678 -0.2960 -0.3537 -0.3057 0.1119 0.2502 -0.2101 -0.3136 -0.3600 -0.1564 0.1687 0.0275 -0.2584 -0.3323 -0.3690 -0.2548 -0.3690 -0.3323 -0.2584 0.0275 0.1687 -0.1564 -0.3600 -0.3136 -0.2101 0.2502 0.1119 -0.3057 -0.3537 -0.2960 -0.1678 0.2641 0.0677 -0.3515 -0.3457 -0.2817 -0.1268 0.2351 0.0272 -0.3619 -0.3383 -0.2710 -0.0822 0.2092 -0.0157 -0.3627 -0.3320 -0.2620 -0.0225 0.1884 -0.0707 -0.3619 -0.3256 -0.2451 0.0712 0.1659 -0.1416 -0.3608 -0.3190 -0.2281 0.1713 0.1438 -0.2134 -0.3592 -0.3123 -0.1956
-0.2910 -0.3600 -0.1873 0.1519 0.1361 -0.2345 -0.3215 -0.3613 -0.1139 0.1750 0.0329 -0.2517 -0.3279 -0.3622 -0.0491 0.1955 -0.0466 -0.2653 -0.3341 -0.3629 -0.0010 0.2165 -0.0961 -0.2736 -0.3401 -0.3609 0.0354 0.2405 -0.1333 -0.2834 -0.3465 -0.3495 0.0705 0.2653 -0.1691 -0.2963 -0.3537 -0.3069 0.1107 0.2533 -0.2080 -0.3126 -0.3597 -0.1716 0.1634 0.0515 -0.2539 -0.3306 -0.3627 -0.0199 0.1245 -0.0199 -0.3627 -0.3306 -0.2539 0.0515 0.1634 -0.1716 -0.3597 -0.3126 -0.2080 0.2533 0.1107 -0.3069 -0.3537 -0.2963 -0.1691 0.2653 0.0705 -0.3495 -0.3465 -0.2834 -0.1333 0.2405 0.0354 -0.3609 -0.3401 -0.2736 -0.0961 0.2165 -0.0010 -0.3629 -0.3341 -0.2653 -0.0466 0.1955 -0.0491 -0.3622 -0.3279 -0.2517 0.0329 0.1750 -0.1139 -0.3613 -0.3215 -0.2345 0.1361 0.1519 -0.1873 -0.3600 -0.2910
-0.3423 -0.1598 0.1603 0.0971 -0.2409 -0.3240 -0.3617 -0.0876 0.1832 -0.0010 -0.2583 -0.3302 -0.3625 -0.0300 0.2027 -0.0666 -0.2682 -0.3362 -0.3627 0.0122 0.2241 -0.1088 -0.2764 -0.3419 -0.3592 0.0439 0.2462 -0.1404 -0.2854 -0.3476 -0.3466 0.0746 0.2668 -0.1716 -0.2970 -0.3539 -0.3057 0.1107 0.2543 -0.2069 -0.3119 -0.3595 -0.1828 0.1593 0.0725 -0.2500 -0.3292 -0.3625 -0.0134 0.2001 0.2267 0.2001 -0.0134 -0.3625 -0.3292 -0.2500 0.0725 0.1593 -0.1828 -0.3595 -0.3119 -0.2069 0.2543 0.1107 -0.3057 -0.3539 -0.2970 -0.1716 0.2668 0.0746 -0.3466 -0.3476 -0.2854 -0.1404 0.2462 0.0439 -0.3592 -0.3419 -0.2764 -0.1088 0.2241 0.0122 -0.3627 -0.3362 -0.2682 -0.0666 0.2027 -0.0300 -0.3625 -0.3302 -0.2583 -0.0010 0.1832 -0.0876 -0.3617 -0.3240 -0.2409 0.0971 0.1603 -0.1598 -0.3423
-0.1523 0.1694 0.0574 -0.2474 -0.3264 -0.3620 -0.0637 0.1904 -0.0294 -0.2631 -0.3325 -0.3628 -0.0129 0.2102 -0.0836 -0.2711 -0.3383 -0.3621 0.0239 0.2317 -0.1201 -0.2792 -0.3437 -0.3568 0.0524 0.2522 -0.1478 -0.2877 -0.3489 -0.3424 0.0795 0.2685 -0.1751 -0.2981 -0.3543 -0.3023 0.1119 0.2533 -0.2069 -0.3117 -0.3594 -0.1895 0.1565 0.0886 -0.2469 -0.3279 -0.3624 -0.0207 0.2112 -0.0771 -0.2260 -0.0771 0.2112 -0.0207 -0.3624 -0.3279 -0.2469 0.0886 0.1565 -0.1895 -0.3594 -0.3117 -0.2069 0.2533 0.1119 -0.3023 -0.3543 -0.2981 -0.1751 0.2685 0.0795 -0.3424 -0.3489 -0.2877 -0.1478 0.2522 0.0524 -0.3568 -0.3437 -0.2792 -0.1201 0.2317 0.0239 -0.3621 -0.3383 -0.2711 -0.0836 0.2102 -0.0129 -0.3628 -0.3325 -0.2631 -0.0294 0.1904 -0.0637 -0.3620 -0.3264 -0.2474 0.0574 0.1694 -0.1523
0.1740 0.0205 -0.2541 -0.3287 -0.3623 -0.0423 0.1978 -0.0530 -0.2661 -0.3347 -0.3629 0.0020 0.2180 -0.0983 -0.2740 -0.3402 -0.3609 0.0346 0.2391 -0.1303 -0.2821 -0.3455 -0.3535 0.0608 0.2579 -0.1553 -0.2902 -0.3501 -0.3369 0.0852 0.2698 -0.1795 -0.2997 -0.3549 -0.2964 0.1144 0.2502 -0.2080 -0.3119 -0.3594 -0.1918 0.1550 0.0985 -0.2447 -0.3269 -0.3622 -0.0294 0.2084 -0.0888 -0.2707 -0.3183 -0.2707 -0.0888 0.2084 -0.0294 -0.3622 -0.3269 -0.2447 0.0985 0.1550 -0.1918 -0.3594 -0.3119 -0.2080 0.2502 0.1144 -0.2964 -0.3549 -0.2997 -0.1795 0.2698 0.0852 -0.3369 -0.3501 -0.2902 -0.1553 0.2579 0.0608 -0.3535 -0.3455 -0.2821 -0.1303 0.2391 0.0346 -0.3609 -0.3402 -0.2740 -0.0983 0.2180 0.0020 -0.3629 -0.3347 -0.2661 -0.0530 0.1978 -0.0423 -0.3623 -0.3287 -0.2541 0.0205 0.1740
-0.0106 -0.2600 -0.3310 -0.3626 -0.0237 0.2053 -0.0725 -0.2691 -0.3368 -0.3626 0.0152 0.2259 -0.1112 -0.2769 -0.3421 -0.3590 0.0444 0.2462 -0.1396 -0.2849 -0.3471 -0.3491 0.0690 0.2630 -0.1627 -0.2928 -0.3515 -0.3297 0.0915 0.2701 -0.1845 -0.3015 -0.3556 -0.2879 0.1179 0.2447 -0.2101 -0.3126 -0.3595 -0.1895 0.1550 0.1018 -0.2437 -0.3264 -0.3621 -0.0367 0.2051 -0.0839 -0.2728 -0.3432 -0.3766 -0.3432 -0.2728 -0.0839 0.2051 -0.0367 -0.3621 -0.3264 -0.2437 0.1018 0.1550 -0.1895 -0.3595 -0.3126 -0.2101 0.2447 0.1179 -0.2879 -0.3556 -0.3015 -0.1845 0.2701 0.0915 -0.3297 -0.3515 -0.2928 -0.1627 0.2630 0.0690 -0.3491 -0.3471 -0.2849 -0.1396 0.2462 0.0444 -0.3590 -0.3421 -0.2769 -0.1112 0.2259 0.0152 -0.3626 -0.3368 -0.2691 -0.0725 0.2053 -0.0237 -0.3626 -0.3310 -0.2600 -0.0106
-0.2380 -0.3333 -0.3628 -0.0074 0.2129 -0.0890 -0.2721 -0.3389 -0.3618 0.0270 0.2336 -0.1226 -0.2799 -0.3440 -0.3563 0.0536 0.2528 -0.1482 -0.2877 -0.3487 -0.3437 0.0768 0.2670 -0.1700 -0.2955 -0.3528 -0.3206 0.0982 0.2686 -0.1900 -0.3037 -0.3564 -0.2766 0.1225 0.2359 -0.2132 -0.3136 -0.3597 -0.1828 0.1565 0.0985 -0.2437 -0.3262 -0.3621 -0.0414 0.2027 -0.0780 -0.2720 -0.3406 -0.3647 -0.1596 -0.3647 -0.3406 -0.2720 -0.0780 0.2027 -0.0414 -0.3621 -0.3262 -0.2437 0.0985 0.1565 -0.1828 -0.3597 -0.3136 -0.2132 0.2359 0.1225 -0.2766 -0.3564 -0.3037 -0.1900 0.2686 0.0982 -0.3206 -0.3528 -0.2955 -0.1700 0.2670 0.0768 -0.3437 -0.3487 -0.2877 -0.1482 0.2528 0.0536 -0.3563 -0.3440 -0.2799 -0.1226 0.2336 0.0270 -0.3618 -0.3389 -0.2721 -0.0890 0.2129 -0.0074 -0.3628 -0.3333 -0.2380
-0.3128 -0.3629 0.0069 0.2208 -0.1031 -0.2750 -0.3409 -0.3603 0.0377 0.2412 -0.1329 -0.2828 -0.3458 -0.3527 0.0623 0.2588 -0.1563 -0.2904 -0.3503 -0.3371 0.0844 0.2695 -0.1770 -0.2982 -0.3541 -0.3095 0.1052 0.2644 -0.1959 -0.3060 -0.3573 -0.2622 0.1279 0.2230 -0.2170 -0.3151 -0.3600 -0.1716 0.1593 0.0886 -0.2447 -0.3264 -0.3621 -0.0431 0.2015 -0.0740 -0.2712 -0.3396 -0.3605 0.0313 0.1528 0.0313 -0.3605 -0.3396 -0.2712 -0.0740 0.2015 -0.0431 -0.3621 -0.3264 -0.2447 0.0886 0.1593 -0.1716 -0.3600 -0.3151 -0.2170 0.2230 0.1279 -0.2622 -0.3573 -0.3060 -0.1959 0.2644 0.1052 -0.3095 -0.3541 -0.2982 -0.1770 0.2695 0.0844 -0.3371 -0.3503 -0.2904 -0.1563 0.2588 0.0623 -0.3527 -0.3458 -0.2828 -0.1329 0.2412 0.0377 -0.3603 -0.3409 -0.2750 -0.1031 0.2208 0.0069 -0.3629 -0.3128
-0.3481 0.0196 0.2286 -0.1154 -0.2780 -0.3428 -0.3582 0.0475 0.2483 -0.1422 -0.2857 -0.3475 -0.3480 0.0707 0.2639 -0.1640 -0.2932 -0.3517 -0.3290 0.0918 0.2701 -0.1837 -0.3009 -0.3553 -0.2963 0.1124 0.2568 -0.2020 -0.3084 -0.3581 -0.2446 0.1341 0.2051 -0.2216 -0.3168 -0.3604 -0.1564 0.1634 0.0725 -0.2469 -0.3269 -0.3621 -0.0414 0.2015 -0.0725 -0.2707 -0.3391 -0.3608 0.0393 0.2342 0.1051 0.2342 0.0393 -0.3608 -0.3391 -0.2707 -0.0725 0.2015 -0.0414 -0.3621 -0.3269 -0.2469 0.0725 0.1634 -0.1564 -0.3604 -0.3168 -0.2216 0.2051 0.1341 -0.2446 -0.3581 -0.3084 -0.2020 0.2568 0.1124 -0.2963 -0.3553 -0.3009 -0.1837 0.2701 0.0918 -0.3290 -0.3517 -0.2932 -0.1640 0.2639 0.0707 -0.3480 -0.3475 -0.2857 -0.1422 0.2483 0.0475 -0.3582 -0.3428 -0.2780 -0.1154 0.2286 0.0196 -0.3481
0.0206 0.2363 -0.1263 -0.2809 -0.3447 -0.3551 0.0567 0.2549 -0.1509 -0.2885 -0.3492 -0.3421 0.0787 0.2677 -0.1714 -0.2960 -0.3530 -0.3192 0.0990 0.2683 -0.1902 -0.3036 -0.3563 -0.2811 0.1195 0.2452 -0.2082 -0.3110 -0.3589 -0.2239 0.1409 0.1812 -0.2267 -0.3187 -0.3608 -0.1379 0.1687 0.0515 -0.2500 -0.3279 -0.3622 -0.0367 0.2027 -0.0740 -0.2707 -0.3389 -0.3611 0.0389 0.2452 -0.1318 -0.2464 -0.1318 0.2452 0.0389 -0.3611 -0.3389 -0.2707 -0.0740 0.2027 -0.0367 -0.3622 -0.3279 -0.2500 0.0515 0.1687 -0.1379 -0.3608 -0.3187 -0.2267 0.1812 0.1409 -0.2239 -0.3589 -0.3110 -0.2082 0.2452 0.1195 -0.2811 -0.3563 -0.3036 -0.1902 0.2683 0.0990 -0.3192 -0.3530 -0.2960 -0.1714 0.2677 0.0787 -0.3421 -0.3492 -0.2885 -0.1509 0.2549 0.0567 -0.3551 -0.3447 -0.2809 -0.1263 0.2363 0.0206
0.2390 -0.1361 -0.2837 -0.3465 -0.3512 0.0652 0.2606 -0.1589 -0.2913 -0.3507 -0.3349 0.0863 0.2699 -0.1784 -0.2988 -0.3544 -0.3076 0.1062 0.2637 -0.1965 -0.3061 -0.3573 -0.2638 0.1266 0.2291 -0.2142 -0.3135 -0.3596 -0.2003 0.1481 0.1515 -0.2322 -0.3208 -0.3612 -0.1171 0.1751 0.0275 -0.2539 -0.3292 -0.3624 -0.0294 0.2051 -0.0780 -0.2712 -0.3391 -0.3611 0.0384 0.2454 -0.1418 -0.2843 -0.3307 -0.2843 -0.1418 0.2454 0.0384 -0.3611 -0.3391 -0.2712 -0.0780 0.2051 -0.0294 -0.3624 -0.3292 -0.2539 0.0275 0.1751 -0.1171 -0.3612 -0.3208 -0.2322 0.1515 0.1481 -0.2003 -0.3596 -0.3135 -0.2142 0.2291 0.1266 -0.2638 -0.3573 -0.3061 -0.1965 0.2637 0.1062 -0.3076 -0.3544 -0.2988 -0.1784 0.2699 0.0863 -0.3349 -0.3507 -0.2913 -0.1589 0.2606 0.0652 -0.3512 -0.3465 -0.2837 -0.1361 0.2390
-0.1372 -0.2865 -0.3482 -0.3463 0.0730 0.2652 -0.1662 -0.2941 -0.3522 -0.3265 0.0935 0.2700 -0.1850 -0.3014 -0.3556 -0.2943 0.1131 0.2559 -0.2026 -0.3087 -0.3583 -0.2445 0.1335 0.2086 -0.2201 -0.3159 -0.3603 -0.1753 0.1555 0.1176 -0.2379 -0.3230 -0.3616 -0.0960 0.1814 0.0035 -0.2584 -0.3306 -0.3625 -0.0207 0.2084 -0.0839 -0.2720 -0.3396 -0.3608 0.0389 0.2454 -0.1425 -0.2869 -0.3531 -0.3795 -0.3531 -0.2869 -0.1425 0.2454 0.0389 -0.3608 -0.3396 -0.2720 -0.0839 0.2084 -0.0207 -0.3625 -0.3306 -0.2584 0.0035 0.1814 -0.0960 -0.3616 -0.3230 -0.2379 0.1176 0.1555 -0.1753 -0.3603 -0.3159 -0.2201 0.2086 0.1335 -0.2445 -0.3583 -0.3087 -0.2026 0.2559 0.1131 -0.2943 -0.3556 -0.3014 -0.1850 0.2700 0.0935 -0.3265 -0.3522 -0.2941 -0.1662 0.2652 0.0730 -0.3463 -0.3482 -0.2865 -0.1372
-0.2638 -0.3502 -0.3414 0.0790 0.2680 -0.1720 -0.2964 -0.3541 -0.3183 0.0990 0.2684 -0.1904 -0.3038 -0.3573 -0.2816 0.1183 0.2468 -0.2076 -0.3110 -0.3598 -0.2269 0.1385 0.1884 -0.2251 -0.3182 -0.3615 -0.1539 0.1607 0.0882 -0.2429 -0.3251 -0.3624 -0.0786 0.1860 -0.0149 -0.2616 -0.3323 -0.3627 -0.0134 0.2112 -0.0888 -0.2728 -0.3406 -0.3605 0.0393 0.2452 -0.1418 -0.2869 -0.3502 -0.3466 -0.0426 -0.3466 -0.3502 -0.2869 -0.1418 0.2452 0.0393 -0.3605 -0.3406 -0.2728 -0.0888 0.2112 -0.0134 -0.3627 -0.3323 -0.2616 -0.0149 0.1860 -0.0786 -0.3624 -0.3251 -0.2429 0.0882 0.1607 -0.1539 -0.3615 -0.3182 -0.2251 0.1884 0.1385 -0.2269 -0.3598 -0.3110 -0.2076 0.2468 0.1183 -0.2816 -0.3573 -0.3038 -0.1904 0.2684 0.0990 -0.3183 -0.3541 -0.2964 -0.1720 0.2680 0.0790 -0.3414 -0.3502 -0.2638
-0.3328 -0.3422 0.0765 0.2673 -0.1698 -0.2965 -0.3600 -0.3190 0.0961 0.2702 -0.1886 -0.3043 -0.3639 -0.2831 0.1147 0.2529 -0.2062 -0.3119 -0.3669 -0.2298 0.1336 0.2014 -0.2238 -0.3196 -0.3689 -0.1579 0.1538 0.1063 -0.2419 -0.3271 -0.3697 -0.0831 0.1761 0.0007 -0.2601 -0.3346 -0.3690 -0.0199 0.2001 -0.0771 -0.2707 -0.3432 -0.3647 0.0313 0.2342 -0.1318 -0.2843 -0.3531 -0.3466 0.0654 0.1740 0.0654 -0.3466 -0.3531 -0.2843 -0.1318 0.2342 0.0313 -0.3647 -0.3432 -0.2707 -0.0771 0.2001 -0.0199 -0.3690 -0.3346 -0.2601 0.0007 0.1761 -0.0831 -0.3697 -0.3271 -0.2419 0.1063 0.1538 -0.1579 -0.3689 -0.3196 -0.2238 0.2014 0.1336 -0.2298 -0.3669 -0.3119 -0.2062 0.2529 0.1147 -0.2831 -0.3639 -0.3043 -0.1886 0.2702 0.0961 -0.3190 -0.3600 -0.2965 -0.1698 0.2673 0.0765 -0.3422 -0.3328
-0.3628 -0.0240 0.1936 -0.0565 -0.2661 -0.3425 -0.3785 0.0133 0.2141 -0.1031 -0.2745 -0.3493 -0.3734 0.0415 0.2344 -0.1359 -0.2828 -0.3557 -0.3624 0.0644 0.2526 -0.1627 -0.2912 -0.3619 -0.3422 0.0847 0.2647 -0.1869 -0.2998 -0.3674 -0.3089 0.1038 0.2623 -0.2099 -0.3083 -0.3722 -0.2548 0.1245 0.2267 -0.2260 -0.3183 -0.3766 -0.1596 0.1528 0.1051 -0.2464 -0.3307 -0.3795 -0.0426 0.1740 0.2595 0.1740 -0.0426 -0.3795 -0.3307 -0.2464 0.1051 0.1528 -0.1596 -0.3766 -0.3183 -0.2260 0.2267 0.1245 -0.2548 -0.3722 -0.3083 -0.2099 0.2623 0.1038 -0.3089 -0.3674 -0.2998 -0.1869 0.2647 0.0847 -0.3422 -0.3619 -0.2912 -0.1627 0.2526 0.0644 -0.3624 -0.3557 -0.2828 -0.1359 0.2344 0.0415 -0.3734 -0.3493 -0.2745 -0.1031 0.2141 0.0133 -0.3785 -0.3425 -0.2661 -0.0565 0.1936 -0.0240 -0.3628
