-12.0507 -23.9014 -47.1486 33.2126 -36.9237 -0.0957 -25.5744 -48.1749 28.9001 -38.0199 6.5430 -27.0895 -48.7806 13.1208 -39.1088 11.2897 -28.5902 -48.7526 -4.4662 -40.3410 15.4472 -30.0944 -47.7635 -12.6754 -41.8048 19.5614 -31.6008 -44.6384 -17.0308 -43.2781 23.8551 -33.1063 -37.7111 -19.9956 -44.7306 28.2389 -34.5739 -24.9167 -22.3146 -46.1320 32.1501 -36.3357 2.0054 -31.0083 0.6161 -36.0198 31.2289 -45.7268 -21.6672 -29.4421 -34.1391 26.9437 -44.3021 -19.1994 -40.3124 -32.6569 22.5422 -42.8349 -15.9310 -45.8763 -31.1523 18.3207 -41.3651 -10.8232 -48.2323 -29.6407 14.2247 -39.9098 -0.3770 -48.7891 -28.1415 9.9633 -38.7839 19.0780 -48.6634 -26.6426 4.8689 -37.6939 31.1937 -47.8950 -25.0892 -2.9092 -36.5734 33.0710 -46.7601 -23.2992 -16.8196 -35.2660 30.2514 -45.4258 -21.1904 -32.2455 -33.8319 26.0130 -43.9942 -18.5980 -41.8300 -32.3439 21.7046 -42.5738 -15.6075
-23.9014 -47.3354 34.9749 -37.3986 1.9339 -26.7021 -48.4330 32.0532 -38.3965 7.7884 -28.1505 -48.8971 17.5239 -39.3094 12.1852 -29.5869 -48.5861 -2.6589 -40.3938 16.1828 -31.0299 -47.0540 -12.5235 -41.9528 20.2432 -32.4789 -42.9647 -17.5196 -43.5029 24.5564 -33.9222 -34.4230 -20.8469 -45.0147 29.0820 -35.3092 -19.9525 -23.3828 -46.4418 33.2560 -36.6534 -2.6759 -27.6822 -47.5513 -27.4316 -5.6118 -36.3104 32.1442 -46.0276 -22.6789 -24.8309 -34.9028 27.7319 -44.5717 -19.9576 -37.5872 -33.4919 23.2257 -43.0395 -16.2770 -44.5432 -32.0484 19.0070 -41.4846 -10.3428 -47.7217 -30.5945 15.0002 -39.9396 2.3761 -48.7313 -29.1549 10.9340 -39.0439 23.3060 -48.8353 -27.7292 6.3025 -38.1141 33.8518 -48.1800 -26.2599 -0.2482 -37.1278 34.6106 -47.0796 -24.4351 -11.9951 -35.9521 31.2366 -45.7289 -22.1583 -28.0538 -34.6034 26.7363 -44.2372 -19.2300 -39.7023 -33.0936 21.9001 -42.5738
-47.1486 34.9749 -37.5441 2.8876 -26.9383 -48.5770 30.2154 -38.6876 8.8249 -28.4637 -48.8898 12.5352 -39.6297 13.1163 -29.9188 -48.3914 -5.7434 -40.7514 17.1022 -31.3714 -46.3916 -13.9206 -42.3124 21.2140 -32.8280 -41.4766 -18.3851 -43.8566 25.5906 -34.2718 -31.5943 -21.4871 -45.3550 30.1133 -35.6502 -16.1302 -23.8896 -46.7478 33.9720 -36.9078 -2.2115 -26.3412 -48.5346 -12.5384 -48.4094 -25.8893 -5.3242 -36.5602 32.9887 -46.3452 -23.2220 -21.0777 -35.2496 28.7817 -44.9162 -20.6481 -35.2123 -33.8416 24.2466 -43.3982 -17.2539 -43.3488 -32.3948 19.9555 -41.8436 -12.0485 -47.2269 -30.9364 15.9179 -40.2962 -1.6206 -48.6293 -29.4854 11.8944 -39.3632 18.9279 -48.8893 -28.0522 7.4704 -38.4179 32.5457 -48.3803 -26.6145 1.5693 -37.4216 34.9656 -47.3607 -24.8893 -8.6535 -36.2792 32.1695 -46.0450 -22.6989 -24.7902 -34.9139 27.6218 -44.4991 -19.6747 -38.9945 -33.0936 21.7046
33.2126 -37.3986 2.8876 -27.0318 -48.6563 28.4947 -38.8565 9.6947 -28.7550 -48.8337 7.6504 -39.8210 14.0196 -30.2449 -48.1144 -8.2219 -41.1101 18.0298 -31.7079 -45.5764 -15.1470 -42.6715 22.2008 -33.1659 -39.7143 -19.1845 -44.2084 26.6370 -34.5979 -28.4193 -22.0924 -45.6906 31.1212 -35.9531 -12.4348 -24.3744 -47.0437 34.5533 -37.1533 -0.4319 -26.3089 -48.2620 24.0751 -42.2357 26.9554 -48.0205 -25.8228 -3.2337 -36.8186 33.7603 -46.6550 -23.7414 -17.2330 -35.5620 29.8204 -45.2567 -21.2984 -32.4925 -34.1713 25.2854 -43.7543 -18.1442 -41.9281 -32.7309 20.9196 -42.2030 -13.5198 -46.6010 -31.2744 16.8381 -40.6489 -4.8933 -48.4584 -29.8186 12.8409 -39.5719 13.9560 -48.8952 -28.3824 8.5684 -38.6425 30.6256 -48.5544 -26.9523 3.1639 -37.6522 35.0564 -47.6247 -25.3154 -5.7860 -36.5486 32.9783 -46.3296 -23.1550 -21.9280 -35.1204 28.1581 -44.6000 -19.6747 -39.7023 -32.3439
-36.9237 1.9339 -26.9383 -48.6563 27.7555 -38.9557 10.2962 -28.9864 -48.7622 3.5349 -39.9924 14.8726 -30.5614 -47.7547 -10.2187 -41.4651 18.9642 -32.0429 -44.5895 -16.2362 -43.0295 23.2023 -33.5018 -37.6521 -19.9302 -44.5572 27.6890 -34.9202 -24.9307 -22.6651 -46.0185 32.0816 -36.2472 -9.0345 -24.8358 -47.3271 34.9354 -37.3934 1.3689 -26.5906 -48.3755 31.1439 -39.5381 22.1126 -39.3752 33.1753 -48.1194 -26.1202 -1.0876 -37.0764 34.3942 -46.9561 -24.2356 -13.4719 -35.8672 30.8336 -45.5918 -21.9122 -29.4243 -34.4994 26.3331 -44.1077 -18.9622 -40.2537 -33.0664 21.8991 -42.5620 -14.8026 -45.8293 -31.6114 17.7637 -41.0076 -7.5428 -48.2053 -30.1526 13.7756 -39.7734 8.7731 -48.8462 -28.7131 9.6115 -38.8640 28.0133 -48.6978 -27.2785 4.5658 -37.8778 34.8346 -47.8628 -25.6981 -3.4684 -36.7813 33.5999 -46.5509 -23.4680 -20.2153 -35.1974 28.1581 -44.4991 -19.2300 -41.8300
-0.0957 -26.7021 -48.5770 28.4947 -38.9557 10.5152 -29.1174 -48.7130 0.6541 -40.1608 15.6226 -30.8512 -47.3227 -11.8445 -41.8086 19.8826 -32.3711 -43.4193 -17.2056 -43.3826 24.2165 -33.8329 -35.2786 -20.6283 -44.9023 28.7395 -35.2377 -21.2048 -23.2088 -46.3383 32.9654 -36.5330 -6.0239 -25.2746 -47.5961 35.0612 -37.6265 2.9871 -26.9175 -48.5382 30.5116 -38.8657 12.7223 -34.0321 11.9744 -38.6061 32.8840 -48.3050 -26.4713 0.8300 -37.3210 34.8445 -47.2455 -24.7054 -9.9706 -36.1644 31.8038 -45.9206 -22.4935 -26.0085 -34.8256 27.3867 -44.4577 -19.7200 -38.2957 -33.4007 22.8949 -42.9221 -15.9331 -44.8906 -31.9482 18.6981 -41.3668 -9.7118 -47.8583 -30.4885 14.6991 -39.9672 3.8661 -48.7654 -29.0441 10.6107 -39.0785 24.6886 -48.8053 -27.5958 5.8048 -38.0926 34.2884 -48.0655 -26.0195 -1.7527 -36.9553 33.9870 -46.6751 -23.5809 -20.2153 -35.1204 27.6218 -44.2372 -18.5980
-25.5744 -48.4330 30.2154 -38.8565 10.2962 -29.1174 -48.6957 -0.8097 -40.3158 16.1896 -31.0865 -46.8627 -13.1146 -42.1263 20.7630 -32.6853 -42.0771 -18.0716 -43.7297 25.2268 -34.1583 -32.5892 -21.2769 -45.2429 29.7786 -35.5497 -17.3745 -23.7261 -46.6486 33.7447 -36.8088 -3.4054 -25.6907 -47.8484 34.8655 -37.8580 4.4346 -27.2456 -48.6841 28.2552 -38.8858 10.4097 -30.7608 -35.6995 -30.5473 9.2266 -38.6054 31.4213 -48.4865 -26.8144 2.5132 -37.5549 35.0538 -47.5197 -25.1512 -6.8427 -36.4522 32.7089 -46.2420 -23.0475 -22.3155 -35.1465 28.4395 -44.8040 -20.4270 -36.0255 -33.7334 23.9123 -43.2818 -16.9453 -43.7624 -32.2849 19.6439 -41.7262 -11.5202 -47.4014 -30.8251 15.6160 -40.2064 -0.3753 -48.6703 -29.3712 11.5597 -39.2849 20.7593 -48.8735 -27.8952 6.8737 -38.2831 33.5043 -48.2224 -26.2549 -0.7005 -37.0503 34.1163 -46.6751 -23.4680 -21.9280 -34.9139 26.7363 -43.9942
-48.1749 32.0532 -38.6876 9.6947 -28.9864 -48.7130 -0.8097 -40.3809 16.5004 -31.2447 -46.4639 -14.0326 -42.3965 21.5563 -32.9733 -40.6129 -18.8364 -44.0637 26.2269 -34.4754 -29.6010 -21.8812 -45.5777 30.7927 -35.8550 -13.6160 -24.2187 -46.9484 34.3826 -37.0702 -1.1521 -26.0847 -48.0818 34.2743 -38.0881 5.7471 -27.5748 -48.7971 25.0294 -39.0650 10.6696 -29.4891 -47.9191 -21.5385 -48.1902 -29.1202 9.3987 -38.7839 29.1608 -48.6434 -27.1457 4.0084 -37.7875 34.9590 -47.7778 -25.5740 -4.1233 -36.7291 33.5209 -46.5550 -23.5756 -18.4844 -35.4608 29.4834 -45.1460 -21.0903 -33.4190 -34.0638 24.9470 -43.6386 -17.8623 -42.4183 -32.6212 20.6031 -42.0857 -13.0578 -46.8240 -31.1598 16.5243 -40.5256 -3.8151 -48.5306 -29.6894 12.4502 -39.4789 16.5168 -48.9017 -28.1617 7.7374 -38.4372 32.6850 -48.3196 -26.3776 -0.3429 -37.0503 33.9870 -46.5509 -23.1550 -24.7902 -34.6034 26.0130
28.9001 -38.3965 8.8249 -28.7550 -48.7622 0.6541 -40.3158 16.5004 -31.3016 -46.2219 -14.6057 -42.6005 22.2002 -33.2163 -39.1336 -19.4860 -44.3725 27.1876 -34.7771 -26.3900 -22.4433 -45.8981 31.7489 -36.1485 -10.1147 -24.6862 -47.2356 34.8357 -37.3152 0.7845 -26.4563 -48.2932 33.2048 -38.3162 6.9553 -27.9042 -48.8706 20.9771 -39.2713 11.5011 -29.4313 -48.5609 -11.2610 -45.0431 -9.7918 -48.7065 -29.0174 10.2441 -38.9944 26.1128 -48.7670 -27.4744 5.3649 -38.0201 34.4892 -48.0170 -25.9740 -1.7846 -36.9933 34.2052 -46.8596 -24.0778 -14.6769 -35.7684 30.5065 -45.4830 -21.7155 -30.4640 -34.3929 25.9913 -43.9929 -18.7022 -40.8303 -32.9569 21.5774 -42.4446 -14.3870 -46.1192 -31.4898 17.4197 -40.8696 -6.5399 -48.3259 -29.9911 13.2754 -39.6504 12.4692 -48.8967 -28.3758 8.3598 -38.5391 32.1518 -48.3514 -26.3776 -0.7005 -36.9553 33.5999 -46.3296 -22.6989 -28.0538 -33.8319
-38.0199 7.7884 -28.4637 -48.8337 3.5349 -40.1608 16.1896 -31.2447 -46.2219 -14.8023 -42.7130 22.6416 -33.3974 -37.8060 -20.0036 -44.6410 28.0529 -35.0524 -23.1410 -22.9557 -46.1992 32.6127 -36.4239 -7.0658 -25.1223 -47.5066 35.0512 -37.5473 2.4699 -26.8023 -48.4797 31.5685 -38.5420 8.0831 -28.2341 -48.8990 16.2369 -39.4799 12.4267 -29.6848 -48.5147 -6.1274 -41.9780 31.7246 -41.6931 -2.5985 -48.6909 -29.2614 11.1930 -39.2087 22.2859 -48.8529 -27.8036 6.6102 -38.2500 33.5649 -48.2352 -26.3509 0.2311 -37.2427 34.7218 -47.1531 -24.5551 -11.0761 -36.0684 31.4930 -45.8140 -22.3070 -27.1516 -34.7195 27.0412 -44.3431 -19.4770 -38.9725 -33.2893 22.5570 -42.7982 -15.5341 -45.2763 -31.8107 18.2926 -41.1997 -8.6636 -48.0680 -30.2644 13.9897 -39.7913 9.1609 -48.8741 -28.5209 8.6906 -38.5740 32.1518 -48.3196 -26.2549 -1.7527 -36.7813 32.9783 -46.0450 -22.1583 -32.2455
6.5430 -28.1505 -48.8898 7.6504 -39.9924 15.6226 -31.0865 -46.4639 -14.6057 -42.7130 22.8017 -33.4958 -36.8677 -20.3716 -44.8524 28.7764 -35.2885 -20.0992 -23.4051 -46.4767 33.3652 -36.6827 -4.4698 -25.5254 -47.7550 34.9794 -37.7745 3.9555 -27.1320 -48.6376 29.2766 -38.7650 9.1491 -28.5645 -48.8755 11.0941 -39.6843 13.3603 -30.0039 -48.3239 -6.8297 -41.1656 21.4317 -36.6161 20.6664 -40.7496 -3.2102 -48.5861 -29.5764 12.1458 -39.4192 17.7387 -48.8955 -28.1344 7.7637 -38.4773 32.0995 -48.4292 -26.7038 1.9866 -37.4790 35.0161 -47.4321 -25.0083 -7.8191 -36.3594 32.4221 -46.1380 -22.8683 -23.5633 -35.0387 28.0846 -44.6872 -20.1913 -36.8466 -33.6132 23.5289 -43.1402 -16.5295 -44.3011 -32.1150 19.1234 -41.5052 -10.2807 -47.7839 -30.4936 14.5511 -39.8934 7.0054 -48.8538 -28.5733 8.6906 -38.5391 32.6850 -48.2224 -26.0195 -3.4684 -36.5486 32.1695 -45.7289 -21.1904
-27.0895 -48.8971 12.5352 -39.8210 14.8726 -30.8512 -46.8627 -14.0326 -42.6005 22.6416 -33.4958 -36.5312 -20.5650 -44.9916 29.3060 -35.4737 -17.5375 -23.7773 -46.7185 33.9704 -36.9175 -2.2911 -25.8987 -47.9817 34.5765 -37.9957 5.2610 -27.4525 -48.7619 26.2680 -38.9838 10.1674 -28.8956 -48.8009 6.0057 -39.8814 14.2867 -30.3381 -48.0260 -8.8370 -41.2632 19.1222 -33.7681 -4.6816 -33.5508 18.0323 -40.8134 -5.7451 -48.3991 -29.9071 13.0831 -39.6241 12.6824 -48.8889 -28.4673 8.8484 -38.7014 30.0034 -48.5956 -27.0384 3.5381 -37.7119 35.0275 -47.6956 -25.4385 -4.9671 -36.6400 33.2680 -46.4538 -23.4019 -19.8020 -35.3513 29.1112 -45.0204 -20.8448 -34.4786 -33.9264 24.4859 -43.4674 -17.3885 -43.2377 -32.3932 19.8720 -41.7680 -11.4638 -47.5142 -30.6617 14.9217 -39.9462 6.2564 -48.8538 -28.5209 8.3598 -38.4372 33.5043 -48.0655 -25.6981 -5.7860 -36.2792 31.2366 -45.4258
-48.7806 17.5239 -39.6297 14.0196 -30.5614 -47.3227 -13.1146 -42.3965 22.2002 -33.3974 -36.8677 -20.5650 -45.0403 29.5900 -35.5936 -15.6713 -24.0624 -46.9131 34.4052 -37.1152 -0.5541 -26.2296 -48.1817 33.8095 -38.2084 6.4323 -27.7637 -48.8477 22.6103 -39.1944 11.1386 -29.2240 -48.7121 1.4341 -40.0840 15.2044 -30.6745 -47.6198 -10.7492 -41.5729 19.3711 -32.6247 -37.1943 -26.6916 -38.8934 -32.2547 18.1918 -41.1144 -8.1654 -48.1229 -30.2413 14.0085 -39.8227 7.4978 -48.8238 -28.8001 9.8803 -38.9221 27.1947 -48.7305 -27.3670 4.9382 -37.9451 34.6885 -47.9410 -25.8458 -2.5103 -36.9083 33.9969 -46.7595 -23.9035 -16.0607 -35.6509 30.0992 -45.3418 -21.4457 -31.8732 -34.2264 25.4038 -43.7715 -18.1114 -42.1561 -32.6318 20.4969 -41.9741 -12.2460 -47.3175 -30.7526 15.0512 -39.9462 7.0054 -48.8741 -28.3758 7.7374 -38.2831 34.2884 -47.8628 -25.3154 -8.6535 -35.9521 30.2514
13.1208 -39.3094 13.1163 -30.2449 -47.7547 -11.8445 -42.1263 21.5563 -33.2163 -37.8060 -20.3716 -44.9916 29.5900 -35.6352 -14.6820 -24.2448 -47.0525 34.6788 -37.2698 0.7708 -26.5033 -48.3456 32.6999 -38.4095 7.4894 -28.0697 -48.8933 18.3933 -39.3948 12.0555 -29.5461 -48.6011 -2.3687 -40.3667 16.1133 -31.0090 -47.0995 -12.3963 -41.9248 20.1927 -32.5650 -41.7420 -20.9725 -47.9048 -20.4313 -43.4092 -32.1459 18.9785 -41.4628 -10.2222 -47.7489 -30.5762 14.9273 -40.0121 2.6950 -48.7385 -29.1323 10.8727 -39.1388 23.6197 -48.8293 -27.6961 6.2149 -38.1744 33.9244 -48.1660 -26.2282 -0.4162 -37.1598 34.5615 -47.0458 -24.3671 -12.5566 -35.9357 31.0423 -45.6518 -21.9970 -29.1257 -34.5040 26.2495 -44.0402 -18.6938 -41.1448 -32.8191 20.9541 -42.1093 -12.6452 -47.2457 -30.7526 14.9217 -39.8934 9.1609 -48.8967 -28.1617 6.8737 -38.0926 34.8346 -47.6247 -24.8893 -11.9951 -35.2660
-39.1088 12.1852 -29.9188 -48.1144 -10.2187 -41.8086 20.7630 -32.9733 -39.1336 -20.0036 -44.8524 29.3060 -35.5936 -14.6820 -24.3076 -47.1257 34.8213 -37.3784 1.7083 -26.7170 -48.4717 31.3803 -38.5898 8.4180 -28.3577 -48.8977 13.7638 -39.5874 12.9374 -29.8609 -48.4255 -5.4037 -40.7166 17.0173 -31.3435 -46.4512 -13.8136 -42.2836 21.1396 -32.8215 -41.3141 -19.1014 -45.1686 32.9400 -44.8918 -18.1481 -43.1837 -32.3929 19.8989 -41.8214 -11.9514 -47.2638 -30.9118 15.8443 -40.2744 -1.3834 -48.6375 -29.4649 11.8361 -39.3510 19.2938 -48.8867 -28.0255 7.3840 -38.4003 32.6625 -48.3662 -26.5823 1.3678 -37.3906 34.9260 -47.3126 -24.8012 -9.3482 -36.2091 31.9134 -45.9392 -22.4849 -26.4153 -34.7455 26.9736 -44.2576 -19.1238 -40.3420 -32.9408 21.2009 -42.1564 -12.6452 -47.3175 -30.6617 14.5511 -39.7913 12.4692 -48.9017 -27.8952 5.8048 -37.8778 35.0564 -47.3607 -24.4351 -16.8196
11.2897 -29.5869 -48.3914 -8.2219 -41.4651 19.8826 -32.6853 -40.6129 -19.4860 -44.6410 28.7764 -35.4737 -15.6713 -24.2448 -47.1257 34.8649 -37.4349 2.2784 -26.8659 -48.5608 30.0531 -38.7394 9.1982 -28.6145 -48.8629 9.2765 -39.7666 13.7872 -30.1701 -48.1783 -7.8182 -41.0591 17.9139 -31.6715 -45.6599 -15.0465 -42.6418 22.1212 -33.1429 -39.7972 -19.2708 -44.4816 31.0739 -38.9352 30.2765 -44.0743 -18.2595 -41.9778 -32.7126 20.8597 -42.1809 -13.4289 -46.6518 -31.2478 16.7682 -40.6243 -4.7081 -48.4712 -29.7981 12.7786 -39.5578 14.3682 -48.8967 -28.3554 8.4803 -38.6209 30.8335 -48.5377 -26.9080 2.9099 -37.6095 35.0615 -47.5637 -25.2052 -6.5956 -36.4574 32.6581 -46.1930 -22.8940 -23.9965 -34.9373 27.5227 -44.4109 -19.3927 -39.8955 -32.9821 21.2009 -42.1093 -12.2460 -47.5142 -30.4936 13.9897 -39.6504 16.5168 -48.8735 -27.5958 4.5658 -37.6522 34.9656 -47.0796 -23.2992
-28.5902 -48.5861 -5.7434 -41.1101 18.9642 -32.3711 -42.0771 -18.8364 -44.3725 28.0529 -35.2885 -17.5375 -24.0624 -47.0525 34.8213 -37.4349 2.4738 -26.9431 -48.6144 28.9274 -38.8517 9.7946 -28.8311 -48.7997 5.4419 -39.9252 14.5744 -30.4656 -47.8598 -9.7867 -41.3936 18.7970 -31.9899 -44.7334 -16.1144 -42.9923 23.1084 -33.4719 -37.8115 -19.9011 -44.5885 28.5760 -36.3856 9.6487 -36.1807 27.3487 -44.1472 -18.9383 -40.3632 -33.0456 21.8385 -42.5400 -14.7143 -45.8948 -31.5842 17.6998 -40.9836 -7.3896 -48.2240 -30.1316 13.7065 -39.7583 9.1988 -48.8533 -28.6812 9.5047 -38.8355 28.4118 -48.6785 -27.2172 4.2774 -37.8242 34.9295 -47.7905 -25.5653 -4.3746 -36.6702 33.2588 -46.4021 -23.2090 -22.0998 -35.0737 27.8774 -44.4926 -19.4845 -39.8955 -32.9408 20.9541 -41.9741 -11.4638 -47.7839 -30.2644 13.2754 -39.4789 20.7593 -48.8053 -27.2785 3.1639 -37.4216 34.6106 -46.7601
-48.7526 -2.6589 -40.7514 18.0298 -32.0429 -43.4193 -18.0716 -44.0637 27.1876 -35.0524 -20.0992 -23.7773 -46.9131 34.6788 -37.3784 2.2784 -26.9431 -48.6324 28.2638 -38.9250 10.2158 -28.9967 -48.7452 2.4731 -40.0579 15.2746 -30.7362 -47.4840 -11.3771 -41.7172 19.6653 -32.3020 -43.6544 -17.0518 -43.3315 24.0896 -33.7952 -35.5224 -20.5738 -44.8879 28.8449 -35.6308 -6.3729 -30.2970 -8.7672 -35.2924 27.5157 -44.4440 -19.6757 -38.4265 -33.3801 22.8334 -42.8983 -15.8502 -44.9724 -31.9208 18.6284 -41.3401 -9.5766 -47.8852 -30.4641 14.6176 -39.9496 4.3477 -48.7752 -28.9989 10.4584 -39.0432 25.3739 -48.7863 -27.5198 5.4842 -38.0263 34.5254 -47.9862 -25.8738 -2.6545 -36.8452 33.6990 -46.5576 -23.4274 -20.8285 -35.1473 28.0062 -44.4926 -19.3927 -40.3420 -32.8191 20.4969 -41.7680 -10.2807 -48.0680 -29.9911 12.4502 -39.2849 24.6886 -48.6978 -26.9523 1.5693 -37.1278 33.0710
-4.4662 -40.3938 17.1022 -31.7079 -44.5895 -17.2056 -43.7297 26.2269 -34.7771 -23.1410 -23.4051 -46.7185 34.4052 -37.2698 1.7083 -26.8659 -48.6144 28.2638 -38.9518 10.4468 -29.1047 -48.7139 0.3801 -40.1961 15.8530 -30.9707 -47.0778 -12.6333 -42.0174 20.4977 -32.6017 -42.4185 -17.8934 -43.6629 25.0558 -34.1107 -32.9627 -21.2078 -45.2153 29.7276 -35.6085 -14.2671 -26.0922 -48.6693 -25.7669 -18.6954 -35.2232 28.4006 -44.7824 -20.3842 -36.1752 -33.7130 23.8444 -43.2555 -16.8681 -43.8615 -32.2575 19.5662 -41.6969 -11.3928 -47.4430 -30.7930 15.5149 -40.1713 0.1789 -48.6873 -29.3106 11.3732 -39.2421 21.7489 -48.8596 -27.8058 6.5154 -38.2088 33.8879 -48.1443 -26.1182 -1.4067 -36.9757 33.9819 -46.6575 -23.5452 -20.3652 -35.1473 27.8774 -44.4109 -19.1238 -41.1448 -32.6318 19.8720 -41.5052 -8.6636 -48.3259 -29.6894 11.5597 -39.0785 28.0133 -48.5544 -26.6145 -0.2482 -36.5734
-40.3410 16.1828 -31.3714 -45.5764 -16.2362 -43.3826 25.2268 -34.4754 -26.3900 -22.9557 -46.4767 33.9704 -37.1152 0.7708 -26.7170 -48.5608 28.9274 -38.9250 10.4468 -29.1437 -48.6948 -0.8755 -40.3330 16.2898 -31.1537 -46.6867 -13.6069 -42.2810 21.2591 -32.8780 -41.0746 -18.6377 -43.9823 26.0077 -34.4123 -30.1511 -21.7944 -45.5359 30.6904 -35.8403 -13.3237 -24.7075 -47.7529 -3.7246 -47.5507 -24.1618 -18.0152 -35.4559 29.4186 -45.1239 -21.0499 -33.5912 -34.0437 24.8704 -43.6110 -17.7910 -42.5367 -32.5938 20.5236 -42.0553 -12.9234 -46.8938 -31.1158 16.3936 -40.4674 -3.2284 -48.5646 -29.6176 12.2378 -39.4280 17.8213 -48.8962 -28.0632 7.3787 -38.3655 33.1496 -48.2605 -26.2952 -0.5882 -37.0571 34.1257 -46.6926 -23.5452 -20.8285 -35.0737 27.5227 -44.2576 -18.6938 -42.1561 -32.3932 19.1234 -41.1997 -6.5399 -48.5306 -29.3712 10.6107 -38.8640 30.6256 -48.3803 -26.2599 -2.9092
15.4472 -31.0299 -46.3916 -15.1470 -43.0295 24.2165 -34.1583 -29.6010 -22.4433 -46.1992 33.3652 -36.9175 -0.5541 -26.5033 -48.4717 30.0531 -38.8517 10.2158 -29.1047 -48.6948 -1.2874 -40.4093 16.5697 -31.2816 -46.3584 -14.3078 -42.4991 21.9109 -33.1199 -39.6908 -19.2785 -44.2801 26.9250 -34.7004 -27.1472 -22.3338 -45.8420 31.6066 -36.1133 -10.4175 -24.7360 -47.4001 33.6510 -41.1503 34.4584 -47.0843 -24.1612 -14.8212 -35.7475 30.4379 -45.4603 -21.6755 -30.6663 -34.3702 25.9074 -43.9637 -18.6344 -40.9780 -32.9257 21.4766 -42.4035 -14.2202 -46.2331 -31.4335 17.2497 -40.7966 -5.9641 -48.3826 -29.9100 13.0302 -39.5953 13.9401 -48.9006 -28.2836 8.0592 -38.4863 32.4654 -48.3379 -26.4082 -0.1680 -37.0856 34.1257 -46.6575 -23.4274 -22.0998 -34.9373 26.9736 -44.0402 -18.1114 -43.2377 -32.1150 18.2926 -40.8696 -3.8151 -48.6703 -29.0441 9.6115 -38.6425 32.5457 -48.1800 -25.0892
-30.0944 -47.0540 -13.9206 -42.6715 23.2023 -33.8329 -32.5892 -21.8812 -45.8981 32.6127 -36.6827 -2.2911 -26.2296 -48.3456 31.3803 -38.7394 9.7946 -28.9967 -48.7139 -0.8755 -40.4093 16.6652 -31.3510 -46.1330 -14.7677 -42.6631 22.4333 -33.3163 -38.3750 -19.8096 -44.5467 27.7714 -34.9706 -24.0493 -22.8322 -46.1339 32.4461 -36.3789 -7.5047 -25.0824 -47.5081 35.0728 -38.6584 18.4172 -38.4926 35.0606 -47.1790 -24.5415 -11.3271 -36.0446 31.4194 -45.7890 -22.2638 -27.4255 -34.6918 26.9458 -44.3112 -19.4038 -39.1848 -33.2487 22.4223 -42.7409 -15.3425 -45.4495 -31.7426 18.0931 -41.1162 -8.1339 -48.1516 -30.1782 13.7386 -39.7390 10.5098 -48.8837 -28.4572 8.5452 -38.5706 31.9481 -48.3784 -26.4481 -0.1680 -37.0571 33.9819 -46.5576 -23.2090 -23.9965 -34.7455 26.2495 -43.7715 -17.3885 -44.3011 -31.8107 17.4197 -40.5256 -0.3753 -48.7654 -28.7131 8.5684 -38.4179 33.8518 -47.8950
-47.7635 -12.5235 -42.3124 22.2008 -33.5018 -35.2786 -21.2769 -45.5777 31.7489 -36.4239 -4.4698 -25.8987 -48.1817 32.6999 -38.5898 9.1982 -28.8311 -48.7452 0.3801 -40.3330 16.5697 -31.3510 -46.0492 -15.0073 -42.7659 22.8073 -33.4642 -37.2570 -20.2223 -44.7727 28.5196 -35.2091 -21.0708 -23.2807 -46.4081 33.1981 -36.6300 -4.9452 -25.4636 -47.7254 34.9806 -37.9885 8.9600 -32.9662 8.1679 -37.7404 35.0464 -47.4187 -24.9763 -8.0694 -36.3360 32.3490 -46.1118 -22.8235 -23.8859 -35.0097 27.9770 -44.6485 -20.1028 -37.1635 -33.5635 23.3631 -43.0726 -16.3269 -44.5378 -32.0399 18.9042 -41.4162 -9.8099 -47.8862 -30.4144 14.3384 -39.8530 7.8512 -48.8588 -28.5774 8.8470 -38.6158 31.7483 -48.3784 -26.4082 -0.5882 -36.9757 33.6990 -46.4021 -22.8940 -26.4153 -34.5040 25.4038 -43.4674 -16.5295 -45.2763 -31.4898 16.5243 -40.2064 3.8661 -48.8462 -28.3824 7.4704 -38.1141 31.1937
-12.6754 -41.9528 21.2140 -33.1659 -37.6521 -20.6283 -45.2429 30.7927 -36.1485 -7.0658 -25.5254 -47.9817 33.8095 -38.4095 8.4180 -28.6145 -48.7997 2.4731 -40.1961 16.2898 -31.2816 -46.1330 -15.0073 -42.8021 23.0030 -33.5581 -36.4253 -20.5212 -44.9475 29.1200 -35.4098 -18.3996 -23.6646 -46.6505 33.8195 -36.8603 -2.7797 -25.8229 -47.9412 34.6507 -38.0108 6.2224 -29.4829 -42.9098 -29.2910 4.8796 -37.7515 35.0366 -47.6755 -25.4043 -5.1845 -36.6175 33.2027 -46.4276 -23.3539 -20.1933 -35.3162 28.9828 -44.9745 -20.7473 -34.9075 -33.8684 24.2893 -43.3924 -17.1832 -43.5280 -32.3166 19.6466 -41.6833 -11.0845 -47.6134 -30.6045 14.8032 -39.9360 6.0773 -48.8373 -28.6403 8.9526 -38.6158 31.9481 -48.3379 -26.2952 -1.4067 -36.8452 33.2588 -46.1930 -22.4849 -29.1257 -34.2264 24.4859 -43.1402 -15.5341 -46.1192 -31.1598 15.6160 -39.9672 8.7731 -48.8952 -28.0522 6.3025 -37.6939
-41.8048 20.2432 -32.8280 -39.7143 -19.9302 -44.9023 29.7786 -35.8550 -10.1147 -25.1223 -47.7550 34.5765 -38.2084 7.4894 -28.3577 -48.8629 5.4419 -40.0579 15.8530 -31.1537 -46.3584 -14.7677 -42.7659 23.0030 -33.5894 -35.9625 -20.7049 -45.0655 29.5540 -35.5642 -16.2336 -23.9775 -46.8566 34.2912 -37.0617 -1.0038 -26.1467 -48.1357 33.9937 -38.1797 6.4544 -28.1900 -48.7303 -18.6429 -48.7612 -27.8719 5.1143 -37.9387 34.7293 -47.9220 -25.8135 -2.7013 -36.8845 33.9347 -46.7283 -23.8476 -16.5292 -35.6088 29.9545 -45.2901 -21.3406 -32.4143 -34.1620 25.1837 -43.6925 -17.9184 -42.4732 -32.5637 20.3007 -41.9099 -12.0145 -47.3731 -30.7433 15.1198 -39.9874 5.1806 -48.8287 -28.6403 8.8470 -38.5706 32.4654 -48.2605 -26.1182 -2.6545 -36.6702 32.6581 -45.9392 -21.9970 -31.8732 -33.9264 23.5289 -42.7982 -14.3870 -46.8240 -30.8251 14.6991 -39.7734 13.9560 -48.8893 -27.7292 4.8689
19.5614 -32.4789 -41.4766 -19.1845 -44.5572 28.7395 -35.5497 -13.6160 -24.6862 -47.5066 34.9794 -37.9957 6.4323 -28.0697 -48.8977 9.2765 -39.9252 15.2746 -30.9707 -46.6867 -14.3078 -42.6631 22.8073 -33.5581 -35.9625 -20.7659 -45.1278 29.8257 -35.6673 -14.6878 -24.2126 -47.0187 34.6164 -37.2309 0.4210 -26.4315 -48.3036 33.0128 -38.3672 7.3184 -28.1064 -48.7920 -1.2504 -43.6534 1.4592 -48.7423 -27.7807 6.1713 -38.1591 34.0020 -48.1469 -26.1957 -0.6015 -37.1328 34.5056 -47.0105 -24.3087 -13.0386 -35.8905 30.8806 -45.5942 -21.8851 -29.7653 -34.4360 26.0214 -43.9660 -18.5368 -41.4253 -32.7727 20.8405 -42.0852 -12.6402 -47.1918 -30.8309 15.2881 -40.0047 5.1806 -48.8373 -28.5774 8.5452 -38.4863 33.1496 -48.1443 -25.8738 -4.3746 -36.4574 31.9134 -45.6518 -21.4457 -34.4786 -33.6132 22.5570 -42.4446 -13.0578 -47.4014 -30.4885 13.7756 -39.5719 18.9279 -48.8353 -26.6426
-31.6008 -42.9647 -18.3851 -44.2084 27.6890 -35.2377 -17.3745 -24.2187 -47.2356 35.0512 -37.7745 5.2610 -27.7637 -48.8933 13.7638 -39.7666 14.5744 -30.7362 -47.0778 -13.6069 -42.4991 22.4333 -33.4642 -36.4253 -20.7049 -45.1278 29.9199 -35.7221 -13.7421 -24.3700 -47.1351 34.8096 -37.3619 1.5076 -26.6684 -48.4407 31.7549 -38.5457 8.2139 -28.3144 -48.8695 10.0543 -40.7191 27.7313 -40.5576 14.7263 -48.8630 -28.0252 7.3111 -38.3833 32.7911 -48.3473 -26.5467 1.1826 -37.3620 34.8912 -47.2756 -24.7362 -9.8793 -36.1592 31.7421 -45.8796 -22.3747 -27.1134 -34.6832 26.7792 -44.2028 -19.0324 -40.4929 -32.9318 21.2358 -42.2026 -13.0100 -47.0874 -30.8617 15.2881 -39.9874 6.0773 -48.8588 -28.4572 8.0592 -38.3655 33.8879 -47.9862 -25.5653 -6.5956 -36.2091 31.0423 -45.3418 -20.8448 -36.8466 -33.2893 21.5774 -42.0857 -11.5202 -47.8583 -30.1526 12.8409 -39.3632 23.3060 -48.6634
-44.6384 -17.5196 -43.8566 26.6370 -34.9202 -21.2048 -23.7261 -46.9484 34.8357 -37.5473 3.9555 -27.4525 -48.8477 18.3933 -39.5874 13.7872 -30.4656 -47.4840 -12.6333 -42.2810 21.9109 -33.3163 -37.2570 -20.5212 -45.0655 29.8257 -35.7221 -13.4118 -24.4522 -47.2070 34.9132 -37.4529 2.2735 -26.8509 -48.5453 30.3410 -38.7046 9.0144 -28.5607 -48.8665 9.3636 -39.9728 17.6257 -35.5524 17.0827 -39.8120 13.7095 -48.8919 -28.3343 8.3926 -38.6015 31.0600 -48.5197 -26.8681 2.7266 -37.5783 35.0574 -47.5231 -25.1338 -7.1023 -36.4085 32.5067 -46.1365 -22.7972 -24.5805 -34.8987 27.4230 -44.3918 -19.3921 -39.7685 -33.0396 21.4757 -42.2645 -13.1383 -47.0874 -30.8309 15.1198 -39.9360 7.8512 -48.8837 -28.2836 7.3787 -38.2088 34.5254 -47.7905 -25.2052 -9.3482 -35.9357 30.0992 -45.0204 -20.1913 -38.9725 -32.9569 20.6031 -41.7262 -9.7118 -48.2053 -29.8186 11.8944 -39.0439 19.0780
-17.0308 -43.5029 25.5906 -34.5979 -24.9307 -23.2088 -46.6486 34.3826 -37.3152 2.4699 -27.1320 -48.7619 22.6103 -39.3948 12.9374 -30.1700 -47.8598 -11.3771 -42.0174 21.2591 -33.1199 -38.3750 -20.2223 -44.9475 29.5540 -35.6673 -13.7421 -24.4522 -47.2308 34.9578 -37.5073 2.7705 -26.9786 -48.6178 28.9756 -38.8381 9.6863 -28.7904 -48.8132 6.0972 -39.9356 15.2526 -32.4887 -17.7757 -32.3456 14.5637 -39.7921 9.4080 -48.8575 -28.6517 9.3993 -38.8122 28.7563 -48.6608 -27.1710 4.0747 -37.7885 34.9748 -47.7494 -25.4966 -4.8031 -36.6281 33.1380 -46.3595 -23.1537 -22.3225 -35.0713 27.9168 -44.5284 -19.6268 -39.2998 -33.0946 21.5561 -42.2645 -13.0100 -47.1918 -30.7433 14.8032 -39.8530 10.5098 -48.9006 -28.0632 6.5154 -38.0263 34.9295 -47.5637 -24.8012 -12.5566 -35.6509 29.1112 -44.6872 -19.4770 -40.8303 -32.6212 19.6439 -41.3668 -7.5428 -48.4584 -29.4854 10.9340 -38.7839
-43.2781 24.5564 -34.2718 -28.4193 -22.6651 -46.3383 33.7447 -37.0702 0.7845 -26.8023 -48.6376 26.2680 -39.1944 12.0555 -29.8599 -48.1786 -9.7848 -41.7172 20.4977 -32.8780 -39.6908 -19.8096 -44.7727 29.1200 -35.5642 -14.6878 -24.3700 -47.2070 34.9578 -37.5257 3.0180 -27.0543 -48.6615 27.8616 -38.9396 10.2211 -28.9868 -48.7541 2.9439 -40.0363 15.2771 -31.1775 -44.1497 -24.7274 -44.6859 -30.9759 14.7150 -39.9400 4.7458 -48.7826 -28.9640 10.3459 -39.0147 25.8798 -48.7708 -27.4674 5.2725 -37.9885 34.6276 -47.9474 -25.8124 -2.9802 -36.8163 33.6361 -46.5439 -23.4360 -20.5481 -35.1941 28.2441 -44.6112 -19.7459 -39.1375 -33.0946 21.4757 -42.2026 -12.6402 -47.3731 -30.6045 14.3384 -39.7390 13.9401 -48.8962 -27.8058 5.4842 -37.8242 35.0615 -47.3126 -24.3671 -16.0607 -35.3513 28.0846 -44.3431 -18.7022 -42.4183 -32.2849 18.6981 -41.0076 -4.8933 -48.6293 -29.1549 9.9633
23.8551 -33.9222 -31.5943 -22.0924 -46.0185 32.9654 -36.8088 -1.1521 -26.4563 -48.4797 29.2766 -38.9838 11.1386 -29.5449 -48.4260 -7.7998 -41.3911 19.6589 -32.6015 -41.0746 -19.2785 -44.5467 28.5196 -35.4098 -16.2336 -24.2126 -47.1351 34.9132 -37.5073 3.0180 -27.0798 -48.6825 27.1639 -39.0064 10.6050 -29.1397 -48.7110 0.4284 -40.1848 15.7792 -31.0183 -46.5937 -17.5962 -46.8014 -17.2233 -46.9422 -30.8661 15.4583 -40.1452 0.5984 -48.6979 -29.2689 11.2358 -39.2093 22.4500 -48.8484 -27.7522 6.3193 -38.1719 34.0396 -48.1139 -26.0801 -1.5453 -36.9720 34.0061 -46.6846 -23.6348 -19.3761 -35.2647 28.4085 -44.6389 -19.7459 -39.2998 -33.0396 21.2358 -42.0852 -12.0145 -47.6134 -30.4144 13.7386 -39.5953 17.8213 -48.8596 -27.5199 4.2783 -37.6096 34.9264 -47.0458 -23.9035 -19.8020 -35.0387 27.0412 -43.9929 -17.8623 -43.7624 -31.9482 17.7637 -40.6489 -1.6206 -48.7313 -28.1415
-33.1063 -34.4230 -21.4871 -45.6906 32.0816 -36.5330 -3.4054 -26.0847 -48.2932 31.5685 -38.7650 10.1674 -29.2240 -48.6013 -5.3827 -41.0540 18.7825 -32.2996 -42.4307 -18.6350 -44.2802 27.7714 -35.2091 -18.3996 -23.9775 -47.0187 34.8096 -37.4529 2.7705 -27.0543 -48.6825 26.9334 -39.0385 10.8251 -29.2412 -48.6748 -1.3544 -40.3560 16.2977 -31.1537 -46.6357 -14.6428 -43.7016 35.2757 -43.5874 -14.1486 -46.8389 -31.1028 16.3026 -40.4285 -2.8181 -48.5868 -29.5683 12.0843 -39.3945 18.5854 -48.8907 -28.0147 7.2157 -38.3357 33.2699 -48.2490 -26.2995 -0.4586 -37.0898 34.2489 -46.7772 -23.7485 -18.8235 -35.2868 28.4085 -44.6112 -19.6268 -39.7685 -32.9318 20.8405 -41.9099 -11.0845 -47.8862 -30.1782 13.0302 -39.4280 21.7457 -48.7865 -27.2178 2.9192 -37.3908 34.5622 -46.7595 -23.4019 -23.5633 -34.7195 25.9913 -43.6386 -16.9453 -44.8906 -31.6114 16.8381 -40.2962 2.3761 -48.7891
-37.7111 -20.8469 -45.3550 31.1212 -36.2472 -6.0239 -25.6907 -48.0818 33.2048 -38.5420 9.1491 -28.8956 -48.7121 -2.3674 -40.7141 17.9053 -31.9857 -43.6664 -17.8894 -43.9805 26.9195 -34.9709 -21.0708 -23.6646 -46.8566 34.6164 -37.3619 2.2735 -26.9786 -48.6615 27.1639 -39.0385 10.8948 -29.2887 -48.6491 -2.4443 -40.4927 16.7184 -31.3183 -46.3124 -14.4874 -42.7987 26.3521 -37.9094 26.1192 -42.7132 -14.3327 -46.2833 -31.4014 17.1457 -40.7525 -5.5753 -48.4190 -29.8598 12.8895 -39.5639 14.6344 -48.9001 -28.2508 7.9817 -38.4798 32.4080 -48.3535 -26.4658 0.2833 -37.1662 34.3778 -46.8217 -23.7844 -18.8235 -35.2647 28.2441 -44.5284 -19.3921 -40.4929 -32.7727 20.3007 -41.6833 -9.8099 -48.1516 -29.9100 12.2378 -39.2421 25.3711 -48.6787 -26.9085 1.3771 -37.1598 33.9969 -46.4538 -22.8683 -27.1516 -34.3929 24.9470 -43.2818 -15.9331 -45.8293 -31.2744 15.9179 -39.9396 -0.3770
-19.9956 -45.0147 30.1133 -35.9531 -9.0345 -25.2746 -47.8484 34.2743 -38.3162 8.0831 -28.5645 -48.8009 1.4341 -40.3667 17.0168 -31.6684 -44.7379 -17.0491 -43.6605 26.0022 -34.7010 -24.0493 -23.2807 -46.6505 34.2912 -37.2309 1.5076 -26.8509 -48.6178 27.8616 -39.0064 10.8251 -29.2887 -48.6401 -2.9319 -40.5730 17.0003 -31.4457 -45.9700 -14.9481 -42.7439 23.3863 -35.1055 4.6946 -35.0812 23.3180 -42.7733 -15.2672 -45.5472 -31.7028 17.9694 -41.0675 -7.7953 -48.1947 -30.1343 13.6267 -39.7140 10.9316 -48.8843 -28.4584 8.6115 -38.5991 31.5860 -48.4260 -26.5737 0.6949 -37.2020 34.4170 -46.8217 -23.7485 -19.3761 -35.1941 27.9168 -44.3918 -19.0324 -41.4253 -32.5637 19.6466 -41.4162 -8.1339 -48.3826 -29.6176 11.3733 -39.0432 28.4117 -48.5378 -26.5823 -0.4162 -36.9083 33.2680 -46.1380 -22.3070 -30.4640 -34.0638 23.9123 -42.9221 -14.8026 -46.6010 -30.9364 15.0002 -39.9098
-44.7306 29.0820 -35.6502 -12.4348 -24.8358 -47.5961 34.8655 -38.0881 6.9553 -28.2341 -48.8755 6.0057 -40.0840 16.1133 -31.3424 -45.6628 -16.1070 -43.3306 25.0465 -34.4093 -27.1472 -22.8322 -46.4081 33.8194 -37.0617 0.4210 -26.6684 -48.5453 28.9756 -38.9396 10.6050 -29.2412 -48.6491 -2.9319 -40.5986 17.1322 -31.5199 -45.7142 -15.3574 -42.8545 23.1272 -33.9940 -23.6604 -28.7105 -23.5917 -34.0420 23.4514 -43.0484 -16.2168 -44.6770 -31.9968 18.7714 -41.3685 -9.5560 -47.9285 -30.3820 14.2789 -39.8457 7.7359 -48.8506 -28.6291 9.0848 -38.6847 30.9630 -48.4661 -26.6250 0.8237 -37.2020 34.3778 -46.7772 -23.6348 -20.5481 -35.0713 27.4230 -44.2028 -18.5368 -42.4732 -32.3166 18.9042 -41.1162 -5.9641 -48.5645 -29.3107 10.4586 -38.8355 30.8335 -48.3662 -26.2282 -2.5103 -36.6400 32.4221 -45.8140 -21.7155 -33.4190 -33.7334 22.8949 -42.5620 -13.5198 -47.2269 -30.5945 14.2247
28.2389 -35.3092 -16.1302 -24.3744 -47.3271 35.0612 -37.8580 5.7471 -27.9042 -48.8990 11.0941 -39.8814 15.2044 -31.0090 -46.4513 -15.0402 -42.9916 24.0792 -34.1059 -30.1830 -22.3290 -46.1339 33.1981 -36.8602 -1.0038 -26.4315 -48.4407 30.3411 -38.8380 10.2211 -29.1397 -48.6748 -2.4443 -40.5730 17.1322 -31.5440 -45.5877 -15.5980 -42.9546 23.3627 -33.7425 -33.5121 -23.5880 -48.7210 -23.6770 -32.5307 -33.9373 24.2182 -43.3539 -17.0710 -43.6907 -32.2750 19.5317 -41.6466 -10.9326 -47.6396 -30.6007 14.8410 -39.9560 5.2163 -48.8091 -28.7540 9.3941 -38.7344 30.6467 -48.4786 -26.6250 0.6949 -37.1662 34.2489 -46.6846 -23.4360 -22.3225 -34.8987 26.7792 -43.9660 -17.9184 -43.5280 -32.0399 18.0931 -40.7975 -3.2309 -48.6872 -28.9990 9.5047 -38.6209 32.6625 -48.1660 -25.8458 -4.9671 -36.3594 31.4930 -45.4830 -21.0903 -36.0255 -33.4007 21.8991 -42.2030 -12.0485 -47.7217 -29.6407
-34.5739 -19.9525 -23.8896 -47.0437 34.9354 -37.6265 4.4346 -27.5748 -48.8706 16.2369 -39.6843 14.2867 -30.6745 -47.0995 -13.8136 -42.6414 23.1066 -33.7939 -32.9933 -21.7860 -45.8388 32.4449 -36.6292 -2.7797 -26.1466 -48.3036 31.7550 -38.7044 9.6859 -28.9854 -48.7110 -1.3544 -40.4927 17.0003 -31.5199 -45.5877 -15.6769 -43.0051 23.5679 -33.7626 -34.5944 -21.5743 -46.3644 17.9873 -46.4643 -21.9404 -32.2019 -34.1461 25.0789 -43.6536 -17.8233 -42.6300 -32.5309 20.2321 -41.8961 -12.0206 -47.3391 -30.7889 15.3037 -40.0385 3.4477 -48.7733 -28.8282 9.5482 -38.7503 30.6467 -48.4661 -26.5737 0.2833 -37.0898 34.0061 -46.5439 -23.1537 -24.5805 -34.6832 26.0214 -43.6925 -17.1832 -44.5378 -31.7426 17.2498 -40.4685 0.1758 -48.7752 -28.6812 8.4803 -38.4003 33.9244 -47.9410 -25.4385 -7.8191 -36.0684 30.5065 -45.1460 -20.4270 -38.2957 -33.0664 20.9196 -41.8436 -10.3428 -48.2323
-24.9173 -23.3827 -46.7477 34.5532 -37.3932 2.9865 -27.2454 -48.7969 20.9808 -39.4799 13.3603 -30.3381 -47.6198 -12.3963 -42.2836 22.1204 -33.4719 -35.5354 -21.2027 -45.5310 31.5957 -36.3750 -4.9498 -25.8195 -48.1356 33.0131 -38.5454 9.0124 -28.7883 -48.7543 0.4504 -40.3560 16.7183 -31.4454 -45.7142 -15.5980 -43.0051 23.6382 -33.7965 -34.3853 -21.2158 -45.5571 34.2744 -39.9746 34.5696 -45.8403 -21.9442 -30.0179 -34.4068 25.9267 -43.9345 -18.4660 -41.5353 -32.7625 20.8627 -42.1160 -12.8705 -47.0542 -30.9393 15.6497 -40.0925 2.4433 -48.7543 -28.8519 9.5482 -38.7344 30.9630 -48.4260 -26.4658 -0.4586 -36.9720 33.6361 -46.3595 -22.7972 -27.1134 -34.4360 25.1837 -43.3924 -16.3269 -45.4486 -31.4346 16.3937 -40.1714 4.3477 -48.8533 -28.3554 7.3840 -38.1744 34.6885 -47.6956 -25.0083 -11.0761 -35.7684 29.4834 -44.8040 -19.7200 -40.2537 -32.7309 19.9555 -41.4846 -10.8232
-22.3124 -46.4411 33.9702 -37.1518 1.3616 -26.9143 -48.6840 25.0500 -39.2686 12.4202 -30.0025 -48.0265 -10.7465 -41.9243 21.1381 -33.1413 -37.8266 -20.5689 -45.2101 30.6685 -36.1054 -7.5504 -25.4533 -47.9387 34.0048 -38.3660 8.2093 -28.5572 -48.8143 2.9880 -40.1823 16.2962 -31.3165 -45.9722 -15.3532 -42.9540 23.5641 -33.7935 -34.2624 -21.2027 -45.3907 31.4440 -37.2672 13.7605 -37.4305 32.5344 -45.8947 -22.3373 -27.3951 -34.6609 26.7179 -44.1857 -19.0134 -40.4322 -32.9662 21.4080 -42.2955 -13.4953 -46.8219 -31.0417 15.8554 -40.1212 2.1308 -48.7543 -28.8282 9.3941 -38.6847 31.5860 -48.3535 -26.2995 -1.5453 -36.8163 33.1380 -46.1365 -22.3747 -29.7653 -34.1620 24.2893 -43.0748 -15.3485 -46.2315 -31.1170 15.5149 -39.9496 9.1988 -48.8967 -28.0255 6.2149 -37.9451 35.0275 -47.4321 -24.5551 -14.6769 -35.4608 28.4395 -44.4577 -18.9622 -41.9281 -32.3948 19.0070 -41.3651
-46.1230 33.2324 -36.8953 -0.4911 -26.5717 -48.5357 28.3565 -39.0541 11.4655 -29.6689 -48.3298 -8.7890 -41.5648 20.1707 -32.8063 -39.8415 -19.8799 -44.8761 29.6838 -35.8218 -10.5645 -25.0565 -47.7140 34.6775 -38.1687 7.2794 -28.2962 -48.8732 6.2612 -40.0259 15.7532 -31.1386 -46.3306 -14.9177 -42.8445 23.3368 -33.7446 -34.4781 -21.1825 -45.3682 30.7777 -36.3128 0.7509 -31.5236 2.2786 -36.7064 32.5759 -46.1157 -22.7632 -24.7368 -34.8911 27.4265 -44.4099 -19.4724 -39.4057 -33.1333 21.8387 -42.4275 -13.8976 -46.6740 -31.0899 15.9209 -40.1212 2.4433 -48.7733 -28.7540 9.0848 -38.5991 32.4080 -48.2490 -26.0801 -2.9802 -36.6281 32.5067 -45.8796 -21.8851 -32.4143 -33.8690 23.3642 -42.7451 -14.2283 -46.8931 -30.7930 14.6176 -39.7583 14.3682 -48.8867 -27.6961 4.9382 -37.7119 35.0161 -47.1531 -24.0778 -18.4844 -35.1465 27.3867 -44.1077 -18.1442 -43.3488 -32.0484 18.3207
32.0142 -36.5783 -2.6360 -26.2080 -48.3570 30.8963 -38.8371 10.4921 -29.3360 -48.5447 -6.4209 -41.2055 19.2177 -32.4703 -41.5753 -19.1365 -44.5336 28.6596 -35.5232 -13.9617 -24.6312 -47.4688 35.0105 -37.9602 6.2332 -28.0117 -48.9002 10.2420 -39.8883 15.1171 -30.9227 -46.7459 -14.2774 -42.6835 22.9560 -33.6432 -35.0626 -21.0847 -45.3375 30.6264 -36.0286 -7.6270 -27.2669 -47.6340 -27.6375 -2.7759 -36.6719 33.1086 -46.3460 -23.1478 -22.2436 -35.0919 28.0474 -44.6009 -19.8360 -38.5344 -33.2563 22.1312 -42.5080 -14.0861 -46.6253 -31.0899 15.8554 -40.0925 3.4477 -48.8091 -28.6291 8.6115 -38.4798 33.2699 -48.1139 -25.8124 -4.8031 -36.4085 31.7421 -45.5942 -21.3407 -34.9071 -33.5642 22.4287 -42.4054 -12.9250 -47.4430 -30.4641 13.7065 -39.5578 19.2938 -48.8293 -27.3670 3.5381 -37.4790 34.7218 -46.8596 -23.5756 -22.3155 -34.8256 26.3331 -43.7543 -17.2539 -44.5432 -31.1523
-35.9522 -5.1247 -25.8217 -48.1534 32.7372 -38.6152 9.4863 -29.0039 -48.6821 -3.5096 -40.8465 18.2774 -32.1338 -43.0501 -18.3338 -44.1861 27.6171 -35.2117 -17.6873 -24.1745 -47.2068 35.0390 -37.7449 5.0731 -27.7132 -48.8883 14.6721 -39.7307 14.4069 -30.6775 -47.1708 -13.4342 -42.4750 22.4360 -33.4931 -36.0067 -20.8859 -45.2613 30.4578 -35.9372 -10.2773 -25.3971 -48.2887 -11.9782 -48.5153 -26.2760 -2.7351 -36.8154 33.6340 -46.5519 -23.4738 -20.0422 -35.2600 28.5593 -44.7486 -20.0969 -37.9120 -33.3287 22.2729 -42.5330 -14.0861 -46.6740 -31.0417 15.6497 -40.0385 5.2163 -48.8506 -28.4584 7.9817 -38.3357 34.0396 -47.9474 -25.4966 -7.1023 -36.1592 30.8806 -45.2905 -20.7486 -37.1629 -33.2491 21.4819 -42.0553 -11.3928 -47.8852 -30.1316 12.7786 -39.3510 23.6197 -48.7305 -27.0384 1.9866 -37.2427 34.2052 -46.5550 -23.0475 -26.0085 -34.4994 25.2854 -43.3982 -16.2770 -45.8763
-8.8779 -25.4173 -47.9268 33.9819 -38.3902 8.4372 -28.6726 -48.7764 0.0859 -40.4881 17.3474 -31.7971 -44.2937 -17.4614 -43.8345 26.5693 -34.8953 -21.5147 -23.6849 -46.9240 34.8018 -37.5233 3.7725 -27.4078 -48.8367 19.1190 -39.5544 13.6277 -30.4082 -47.5686 -12.3851 -42.2286 21.8080 -33.3018 -37.2186 -20.5875 -45.1335 30.1459 -35.8571 -11.3240 -24.8825 -47.6351 30.0961 -42.0911 25.1745 -48.2142 -26.1716 -1.5077 -36.9784 34.0487 -46.7237 -23.7352 -18.2488 -35.3891 28.9310 -44.8462 -20.2431 -37.6371 -33.3590 22.2723 -42.5069 -13.8976 -46.8219 -30.9393 15.3037 -39.9560 7.7359 -48.8843 -28.2508 7.2157 -38.1719 34.6276 -47.7494 -25.1338 -9.8793 -35.8926 29.9630 -44.9755 -20.1058 -39.1842 -32.9260 20.5237 -41.6969 -9.5766 -48.2240 -29.7981 11.8361 -39.1388 27.1947 -48.5956 -26.7038 0.2311 -36.9933 33.5209 -46.2420 -22.4935 -29.4243 -34.1713 24.2466 -43.0395 -15.9310
-24.2454 -47.6809 34.7198 -38.1628 7.3314 -28.3419 -48.8554 4.4361 -40.1742 16.4248 -31.4603 -45.3332 -16.5048 -43.4793 25.5229 -34.5742 -25.2056 -23.1656 -46.6238 34.3359 -37.2937 2.3025 -27.0971 -48.7482 23.1773 -39.3641 12.7956 -30.1178 -47.9251 -11.0856 -41.9542 21.0996 -33.0768 -38.5638 -20.2026 -44.9596 29.6863 -35.7420 -12.4759 -24.6838 -47.4326 34.9736 -39.0321 21.2488 -39.3529 31.8409 -48.3090 -26.3002 -0.1632 -37.1338 34.3704 -46.8768 -23.9222 -17.1013 -35.4220 29.3488 -44.8952 -20.1573 -37.2245 -33.3332 22.1295 -42.4269 -13.4953 -47.0542 -30.7889 14.8410 -39.8457 10.9316 -48.9001 -28.0147 6.3193 -37.9886 34.9748 -47.5231 -24.7365 -13.0310 -35.6131 28.9930 -44.6491 -19.4070 -40.9776 -32.5938 19.5662 -41.3401 -7.3896 -48.4712 -29.4649 10.8727 -38.9221 30.0034 -48.4292 -26.3509 -1.7846 -36.7291 32.7089 -45.9206 -21.9122 -32.4925 -33.8416 23.2257 -42.8349
-47.3715 35.0326 -37.9333 6.1517 -28.0119 -48.8973 9.4024 -39.9441 15.5061 -31.1234 -46.1940 -15.4436 -43.1217 24.4840 -34.2461 -28.6713 -22.6199 -46.3131 33.6869 -37.0499 0.6243 -26.7733 -48.6246 26.6397 -39.1662 11.9313 -29.8151 -48.2224 -9.4676 -41.6535 20.3240 -32.8238 -39.9614 -19.7304 -44.7492 29.1045 -35.5862 -14.0962 -24.4970 -47.3166 35.0714 -37.9711 10.0602 -33.7232 11.9638 -38.7597 31.4638 -48.3726 -26.4717 0.2666 -37.1745 34.6195 -46.9111 -24.0264 -16.2561 -35.4751 29.1842 -44.8695 -20.2824 -37.9298 -33.2518 21.8376 -42.2955 -12.8705 -47.3391 -30.6007 14.2789 -39.7140 14.6344 -48.8900 -27.7524 5.2745 -37.7891 35.0574 -47.2775 -24.3102 -16.4882 -35.3197 27.9885 -44.3119 -18.6362 -42.5366 -32.2575 18.6284 -40.9836 -4.7081 -48.6375 -29.1323 9.8803 -38.7014 32.0995 -48.2352 -25.9740 -4.1233 -36.4522 31.8038 -45.5918 -21.2984 -35.2123 -33.4919 22.5422
