-27.5982 -22.0188 -45.9296 31.5392 -35.7424 -11.1976 -23.9534 -47.1848 33.1951 -36.9788 0.3207 -25.6516 -48.2164 28.4240 -38.0754 6.8168 -27.1665 -48.7934 12.0807 -39.1583 11.4958 -28.6642 -48.7373 -5.0729 -40.4152 15.6528 -30.1673 -47.6732 -12.9389 -41.8773 19.7713 -31.6785 -44.3946 -17.2038 -43.3499 24.0635 -33.1781 -37.2322 -20.1274 -44.8130 28.6501 -35.1293 -7.4242 -29.6990 -9.9341 -34.7751 27.3869 -44.3828 -19.3376 -39.9156 -32.7331 22.7653 -42.9109 -16.1219 -45.6951 -31.2241 18.5229 -41.4380 -11.1645 -48.1642 -29.7186 14.4267 -39.9798 -1.1037 -48.7869 -28.2159 10.1929 -38.8395 18.1376 -48.6870 -26.7149 5.1491 -37.7468 30.8778 -47.9450 -25.1744 -2.4005 -36.6330 33.1247 -46.8196 -23.3938 -15.9810 -35.3368 30.4494 -45.4954 -21.3034 -31.6211 -33.9028 26.2354 -44.0686 -18.7442 -41.5037 -32.4147 21.8479 -42.6000 -15.2799 -46.4182 -30.9098 17.7157 -41.1738 -11.6565
-22.0188 -46.0910 32.4544 -36.3452 -7.2658 -25.0971 -47.4930 35.0435 -37.4760 2.3953 -26.7937 -48.4728 31.6379 -38.4467 8.0399 -28.2256 -48.8988 16.4313 -39.3488 12.3787 -29.6554 -48.5515 -3.3884 -40.4739 16.3878 -31.1023 -46.9265 -12.8273 -42.0275 20.4470 -32.5540 -42.6522 -17.7196 -43.5799 24.7725 -33.9892 -33.8646 -20.9862 -45.0914 29.3463 -35.4686 -15.3972 -26.0181 -48.6803 -25.6872 -19.8559 -35.0808 27.9885 -44.6437 -20.1107 -37.0905 -33.5658 23.4519 -43.1176 -16.4882 -44.3147 -32.1169 19.2119 -41.5640 -10.7510 -47.6218 -30.6683 15.1907 -40.0074 1.4711 -48.7124 -29.2283 11.1516 -39.0911 22.4397 -48.8504 -27.7966 6.5547 -38.1616 33.6064 -48.2270 -26.3422 0.1569 -37.1777 34.7016 -47.1400 -24.5377 -11.2152 -36.0179 31.4545 -45.8011 -22.2852 -27.3042 -34.6786 26.9971 -44.3288 -19.4408 -39.0749 -33.2525 22.4997 -42.7760 -15.4498 -45.3783 -31.7150 17.9550 -41.1738
-45.9296 32.4544 -36.4885 -5.5600 -25.4099 -47.7136 35.0029 -37.7526 3.8360 -27.1079 -48.6305 29.4151 -38.7542 9.1043 -28.5495 -48.8775 11.3180 -39.6749 13.3161 -29.9889 -48.3402 -6.3136 -40.8318 17.3093 -31.4460 -46.2283 -14.1911 -42.3862 21.4174 -32.9022 -41.1075 -18.5696 -43.9345 25.8168 -34.3382 -30.9702 -21.6158 -45.4283 30.3432 -35.7324 -14.6300 -24.5644 -47.6942 -3.0873 -47.4861 -23.9990 -19.4515 -35.3351 28.9989 -44.9882 -20.7945 -34.6357 -33.9158 24.4710 -43.4734 -17.4433 -43.0774 -32.4646 20.1670 -41.9238 -12.3960 -47.1027 -31.0077 16.1065 -40.3641 -2.3915 -48.5981 -29.5598 12.1071 -39.4107 17.9364 -48.8947 -28.1198 7.7141 -38.4674 32.1716 -48.4218 -26.6899 1.9193 -37.4702 35.0083 -47.4202 -24.9897 -7.9457 -36.3476 32.3856 -46.1247 -22.8446 -23.7394 -35.0229 28.0269 -44.6646 -20.1315 -37.0859 -33.5641 23.3466 -43.0424 -16.0921 -45.0267 -31.7150 17.7157
31.5392 -36.3452 -5.5600 -25.5287 -47.8425 34.7889 -37.9278 4.9896 -27.3973 -48.7509 26.5868 -38.9662 10.1024 -28.8754 -48.8037 6.2625 -39.8696 14.2389 -30.3233 -48.0408 -8.7012 -41.1908 18.2391 -31.7831 -45.3739 -15.3934 -42.7449 22.4052 -33.2371 -39.2921 -19.3556 -44.2865 26.8688 -34.6649 -27.7296 -22.2126 -45.7604 31.3352 -36.0211 -11.5618 -24.5826 -47.3158 33.9630 -41.0794 34.6774 -46.9844 -23.9768 -16.3026 -35.6276 30.0352 -45.3298 -21.4382 -31.8355 -34.2452 25.5057 -43.8278 -18.3170 -41.5992 -32.8034 21.1367 -42.2834 -13.8136 -46.4512 -31.3439 17.0269 -40.7240 -5.5265 -48.4094 -29.8934 13.0451 -39.6159 12.8941 -48.8900 -28.4511 8.8028 -38.6921 30.1027 -48.5894 -27.0250 3.4781 -37.7016 35.0336 -47.6844 -25.4197 -5.0818 -36.6269 33.2267 -46.4373 -23.3694 -20.0748 -35.3212 28.9949 -44.9715 -20.7098 -35.2153 -33.7791 23.8643 -43.1459 -16.0921 -45.3783 -30.9098
-35.7424 -7.2658 -25.4099 -47.8425 34.6625 -38.0303 5.7568 -27.6255 -48.8301 23.4661 -39.1595 11.0149 -29.1888 -48.7187 1.7473 -40.0626 15.1501 -30.6569 -47.6410 -10.6732 -41.5501 19.1790 -32.1200 -44.3409 -16.4612 -43.1045 23.4093 -33.5707 -37.1782 -20.0865 -44.6348 27.9238 -34.9890 -24.1659 -22.7786 -46.0856 32.2754 -36.3125 -8.3187 -24.9507 -47.4231 35.1080 -38.5914 18.1447 -38.4163 34.9765 -47.0688 -24.3579 -12.7161 -35.9283 31.0480 -45.6648 -22.0450 -28.6896 -34.5715 26.5513 -44.1798 -19.1252 -39.8542 -33.1406 22.1207 -42.6424 -15.0525 -45.6491 -31.6804 17.9587 -41.0854 -8.0634 -48.1362 -30.2276 13.9709 -39.8147 7.7313 -48.8287 -28.7847 9.8381 -38.9131 27.3242 -48.7257 -27.3536 4.8769 -37.9326 34.7157 -47.9288 -25.8230 -2.6461 -36.8896 33.9407 -46.7284 -23.8407 -16.6534 -35.5833 29.8201 -45.2152 -21.1028 -34.0333 -33.8594 23.8643 -43.0424 -15.4498 -46.4182
-11.1976 -25.0971 -47.7136 34.7889 -38.0303 6.0316 -27.7555 -48.8720 20.6751 -39.3183 11.8030 -29.4731 -48.6238 -1.9232 -40.3293 16.0376 -30.9842 -47.1334 -12.3186 -41.9086 20.1296 -32.4564 -43.1065 -17.4229 -43.4634 24.4346 -33.9024 -34.7388 -20.7705 -44.9791 28.9736 -35.3073 -20.3775 -23.3185 -46.4028 33.1368 -36.5950 -5.4049 -25.3711 -47.6581 35.0393 -37.9234 8.6550 -32.8816 7.7941 -37.6534 34.9763 -47.3124 -24.8015 -9.2982 -36.2246 32.0099 -45.9929 -22.6197 -25.2252 -34.8940 27.6031 -44.5289 -19.8765 -37.8226 -33.4752 23.1205 -43.0005 -16.1520 -44.6753 -32.0169 18.9021 -41.4461 -10.1445 -47.7663 -30.5625 14.8899 -40.0063 2.9103 -48.7442 -29.1182 10.8325 -39.1300 23.7810 -48.8261 -27.6825 6.1498 -38.1619 33.9933 -48.1489 -26.1942 -0.6173 -37.1281 34.4813 -46.9854 -24.2382 -13.8410 -35.7842 30.3826 -45.3513 -21.2431 -34.0333 -33.7791 23.3466 -42.7760 -15.2799
-23.9534 -47.4930 35.0029 -37.9278 5.7568 -27.7555 -48.8842 18.9706 -39.4237 12.3951 -29.7092 -48.4943 -4.6518 -40.6458 16.8790 -31.2982 -46.5207 -13.7031 -42.2600 21.0837 -32.7886 -41.6577 -18.2965 -43.8179 25.4742 -34.2316 -31.9550 -21.4137 -45.3186 30.0088 -35.6185 -16.5324 -23.8335 -46.7109 33.8884 -36.8656 -2.8858 -25.7809 -47.9025 34.7618 -37.9540 5.8984 -29.3884 -43.3284 -29.1781 4.3731 -37.6620 35.0644 -47.5751 -25.2396 -6.2391 -36.5127 32.8992 -46.3129 -23.1656 -21.5148 -35.2120 28.6541 -44.8761 -20.5764 -35.4739 -33.8077 24.1361 -43.3573 -17.1407 -43.5059 -32.3547 19.8543 -41.8064 -11.8860 -47.2860 -30.8981 15.8068 -40.2632 -1.2186 -48.6432 -29.4507 11.7964 -39.3418 19.4934 -48.8849 -28.0071 7.3043 -38.3819 32.8210 -48.3415 -26.5260 1.0325 -37.3305 34.8234 -47.1933 -24.5332 -11.9951 -35.8936 30.5827 -45.3513 -21.1028 -35.2153 -33.5641 22.4997 -42.6000
-47.1848 35.0435 -37.7526 4.9896 -27.6255 -48.8720 18.9706 -39.4608 12.7096 -29.8661 -48.3636 -6.5548 -40.9153 17.6315 -31.5869 -45.8233 -14.8662 -42.5973 22.0254 -33.1122 -39.9768 -19.0910 -44.1669 26.5140 -34.5580 -28.8239 -22.0213 -45.6527 31.0156 -35.9224 -12.8058 -24.3233 -47.0099 34.4920 -37.1225 -0.7199 -26.1692 -48.1311 34.0782 -38.1459 6.2239 -28.1162 -48.7453 -18.3770 -48.7749 -27.7496 4.5992 -37.8492 34.8948 -47.8285 -25.6584 -3.5855 -36.7885 33.6866 -46.6238 -23.6849 -17.6869 -35.5245 29.6999 -45.2196 -21.2327 -32.7876 -34.1379 25.1665 -43.7123 -18.0399 -42.1067 -32.6937 20.8191 -42.1661 -13.3727 -46.6795 -31.2341 16.7258 -40.6051 -4.5677 -48.4808 -29.7807 12.7300 -39.5462 14.6999 -48.8987 -28.3222 8.3455 -38.5885 31.2331 -48.4997 -26.8054 2.3136 -37.4916 34.9892 -47.3298 -24.6900 -11.3588 -35.8936 30.3826 -45.2152 -20.7098 -37.0859 -33.2525 21.8479
33.1951 -37.4760 3.8360 -27.3973 -48.8301 20.6751 -39.4237 12.7096 -29.9197 -48.2793 -7.6840 -41.1192 18.2378 -31.8311 -45.0955 -15.8183 -42.9140 22.9303 -33.4232 -38.0697 -19.8107 -44.5063 27.5467 -34.8775 -25.3787 -22.5965 -45.9801 31.9756 -36.2180 -9.3668 -24.7889 -47.2968 34.9025 -37.3647 1.1555 -26.5340 -48.3374 32.8906 -38.3673 7.2400 -28.0665 -48.7838 -0.3911 -43.5584 2.9707 -48.7217 -27.6541 5.6901 -38.0704 34.3393 -48.0635 -26.0555 -1.3143 -37.0502 34.3371 -46.9244 -24.1794 -13.9155 -35.8300 30.7239 -45.5565 -21.8507 -29.7537 -34.4653 26.2089 -44.0652 -18.8695 -40.4506 -33.0312 21.7979 -42.5253 -14.6649 -45.9288 -31.5705 17.6502 -40.9636 -7.2563 -48.2403 -30.1067 13.6300 -39.7393 9.7937 -48.8651 -28.6209 9.2793 -38.7760 29.3822 -48.6185 -27.0219 3.2033 -37.5994 35.0393 -47.3770 -24.6900 -11.9951 -35.7842 29.8201 -44.9715 -20.1315 -39.0749 -32.4147
-36.9788 2.3953 -27.1079 -48.7509 23.4661 -39.3183 12.3951 -29.8661 -48.2793 -8.0501 -41.2321 18.6539 -32.0136 -44.4256 -16.5544 -43.1901 23.7623 -33.7101 -36.0199 -20.4571 -44.8305 28.5514 -35.1844 -21.7674 -23.1355 -46.2963 32.8615 -36.5026 -6.3193 -25.2290 -47.5680 35.0611 -37.5975 2.8006 -26.8761 -48.5178 31.1145 -38.5920 8.3275 -28.3217 -48.8680 10.6078 -40.6637 27.4514 -40.4801 16.6089 -48.8485 -27.8975 6.8637 -38.2977 33.3122 -48.2782 -26.4296 0.6431 -37.2965 34.8071 -47.2131 -24.6503 -10.3787 -36.1291 31.7036 -45.8869 -22.4354 -26.3880 -34.7892 27.2594 -44.4153 -19.6388 -38.5173 -33.3662 22.7921 -42.8836 -15.8061 -45.0154 -31.9055 18.5740 -41.3183 -9.4197 -47.9198 -30.4261 14.4932 -39.9177 5.2925 -48.7925 -28.8916 10.0660 -38.9321 27.5602 -48.6956 -27.1648 3.6538 -37.6366 35.0393 -47.3298 -24.5332 -13.8410 -35.5833 28.9949 -44.6646 -19.4408 -41.5037
0.3207 -26.7937 -48.6305 26.5868 -39.1595 11.8030 -29.7092 -48.3636 -7.6840 -41.2321 18.8055 -32.1135 -43.9356 -17.0667 -43.4077 24.4681 -33.9573 -33.9549 -21.0211 -45.1328 29.4967 -35.4753 -18.1563 -23.6335 -46.5964 33.6333 -36.7707 -3.7009 -25.6436 -47.8206 34.9064 -37.8291 4.2661 -27.2060 -48.6687 28.6639 -38.8144 9.3803 -28.6393 -48.8550 9.1489 -39.9617 17.5111 -35.4904 16.7857 -39.7396 15.6615 -48.8925 -28.2098 7.9936 -38.5237 31.7147 -48.4678 -26.7791 2.3500 -37.5318 35.0448 -47.4882 -25.0982 -7.1872 -36.4206 32.6190 -46.2094 -22.9904 -22.7467 -35.1087 28.3115 -44.7638 -20.3523 -36.2817 -33.6976 23.7997 -43.2372 -16.8166 -43.9280 -32.2336 19.4870 -41.6625 -11.1839 -47.5188 -30.7304 15.3056 -40.0883 1.6340 -48.7242 -29.1188 10.6715 -39.0465 26.1711 -48.7327 -27.2152 3.6538 -37.5994 34.9892 -47.1933 -24.2382 -16.6534 -35.3212 28.0269 -44.3288 -18.7442
-25.6516 -48.4728 29.4151 -38.9662 11.0149 -29.4731 -48.4943 -6.5548 -41.1192 18.6539 -32.1135 -43.7529 -17.3325 -43.5515 24.9908 -34.1518 -32.0603 -21.4839 -45.3976 30.3492 -35.7411 -14.7476 -24.0905 -46.8795 34.2637 -37.0196 -1.5073 -26.0281 -48.0519 34.3719 -38.0598 5.5928 -27.5348 -48.7858 25.4679 -39.0332 10.3906 -28.9694 -48.7839 4.8353 -39.9628 15.3012 -32.4699 -18.5235 -32.2554 14.2427 -39.7217 11.3346 -48.8780 -28.5375 9.0640 -38.7458 29.4561 -48.6281 -27.1118 3.8629 -37.7638 34.9887 -47.7476 -25.5245 -4.4020 -36.7003 33.4428 -46.5234 -23.5181 -18.9397 -35.4231 29.3567 -45.1063 -21.0156 -33.7367 -34.0239 24.8039 -43.5845 -17.7149 -42.6747 -32.5526 20.3828 -41.9922 -12.6286 -47.0477 -31.0093 16.0317 -40.2906 -1.0492 -48.6708 -29.2852 11.0711 -39.1090 25.6403 -48.7327 -27.1648 3.2033 -37.4916 34.8234 -46.9854 -23.8407 -20.0748 -35.0229 26.9971 -44.0686
-48.2164 31.6379 -38.7542 10.1024 -29.1888 -48.6238 -4.6518 -40.9153 18.2378 -32.0136 -43.9356 -17.3325 -43.6017 25.2745 -34.2779 -30.5804 -21.8340 -45.6150 31.0617 -35.9729 -11.7795 -24.4990 -47.1394 34.7233 -37.2504 0.3580 -26.3819 -48.2583 33.4072 -38.2830 6.7980 -27.8619 -48.8646 21.5041 -39.2474 11.3665 -29.3014 -48.6925 0.5079 -40.1496 15.5481 -31.2380 -44.1137 -24.6546 -44.9769 -30.8687 14.3987 -39.8759 6.3910 -48.8060 -28.8686 10.0861 -38.9662 26.4720 -48.7558 -27.4407 5.2259 -37.9944 34.5685 -47.9890 -25.9291 -2.0158 -36.9665 34.1422 -46.8275 -24.0205 -15.1295 -35.7313 30.3827 -45.4415 -21.6332 -30.8968 -34.3414 25.7990 -43.9227 -18.5229 -41.2518 -32.8576 21.2474 -42.3016 -13.7813 -46.5470 -31.2481 16.6288 -40.4945 -2.7833 -48.6235 -29.3753 11.2131 -39.1090 26.1711 -48.6956 -27.0219 2.3136 -37.3305 34.4813 -46.7284 -23.3694 -23.7394 -34.6786 26.2354
28.4240 -38.4467 9.1043 -28.8754 -48.7187 -1.9232 -40.6458 17.6315 -31.8311 -44.4256 -17.0667 -43.5515 25.2745 -34.3215 -29.7474 -22.0574 -45.7727 31.6056 -36.1608 -9.4004 -24.8472 -47.3656 34.9880 -37.4610 1.9470 -26.7085 -48.4386 31.9769 -38.4974 7.8898 -28.1814 -48.8986 16.9003 -39.4550 12.3140 -29.6322 -48.5632 -3.1514 -40.4468 16.3386 -31.1773 -46.3640 -17.7269 -46.7763 -16.9803 -47.1261 -30.7622 15.1659 -40.0640 1.7715 -48.7182 -29.2004 11.0767 -39.1843 22.7171 -48.8459 -27.7699 6.4732 -38.2234 33.7047 -48.2111 -26.3099 0.0323 -37.2172 34.6761 -47.1200 -24.4985 -11.5089 -36.0290 31.3545 -45.7630 -22.2065 -27.8090 -34.6489 26.7869 -44.2479 -19.2416 -39.6953 -33.1402 22.0464 -42.5754 -14.6598 -46.0733 -31.4343 17.0604 -40.6286 -3.6511 -48.6047 -29.3753 11.0711 -39.0465 27.5602 -48.6185 -26.8054 1.0325 -37.1281 33.9407 -46.4373 -22.8446 -27.3042 -33.9028
-38.0754 8.0399 -28.5495 -48.8037 1.7473 -40.3293 16.8790 -31.5869 -45.0955 -16.5544 -43.4077 24.9908 -34.2779 -29.7474 -22.1340 -45.8560 31.9495 -36.2938 -7.6862 -25.1202 -47.5518 35.0605 -37.6479 3.2706 -27.0006 -48.5901 30.0147 -38.7068 8.9010 -28.4932 -48.8848 11.9592 -39.6543 13.2305 -29.9628 -48.3593 -6.1111 -40.8026 17.2357 -31.4345 -46.1609 -15.2116 -43.7971 35.2766 -43.5115 -13.7754 -47.0221 -31.0082 16.0530 -40.3421 -2.1318 -48.6095 -29.5329 12.0420 -39.3966 18.2338 -48.8933 -28.0994 7.6313 -38.4502 32.3106 -48.4081 -26.6641 1.8062 -37.4538 34.9948 -47.3969 -24.9474 -8.2775 -36.3106 32.2471 -46.0684 -22.7410 -24.5210 -34.9453 27.7384 -44.5533 -19.8627 -38.0916 -33.3897 22.7294 -42.7957 -15.2950 -45.6893 -31.5546 17.2945 -40.6755 -3.6511 -48.6235 -29.2852 10.6715 -38.9321 29.3822 -48.4997 -26.5260 -0.6173 -36.8896 33.2267 -46.1247 -22.2852 -31.6211
6.8168 -28.2256 -48.8775 6.2625 -40.0626 16.0376 -31.2982 -45.8233 -15.8183 -43.1901 24.4681 -34.1518 -30.5804 -22.0574 -45.8560 32.0640 -36.3639 -6.6456 -25.3089 -47.6893 34.9906 -37.8034 4.3351 -27.2561 -48.7058 27.6305 -38.9045 9.8445 -28.7991 -48.8211 7.0983 -39.8432 14.1195 -30.2875 -48.0729 -8.5188 -41.1614 18.1631 -31.7574 -45.4252 -15.4959 -43.0340 26.7734 -37.9324 25.9415 -42.6189 -13.9950 -46.4704 -31.3261 16.9703 -40.7002 -5.3066 -48.4275 -29.8675 12.9846 -39.6030 13.2122 -48.8918 -28.4296 8.7205 -38.6743 30.2967 -48.5769 -26.9982 3.3652 -37.6834 35.0457 -47.6540 -25.3624 -5.5040 -36.5757 33.0599 -46.3635 -23.2362 -21.1719 -35.2195 28.6071 -44.8252 -20.3777 -36.5731 -33.5900 23.2596 -42.9549 -15.6892 -45.4698 -31.5958 17.2945 -40.6286 -2.7833 -48.6708 -29.1188 10.0660 -38.7760 31.2331 -48.3415 -26.1942 -2.6461 -36.6269 32.3856 -45.8011 -21.3034
-27.1665 -48.8988 11.3180 -39.8696 15.1501 -30.9842 -46.5207 -14.8662 -42.9140 23.7623 -33.9573 -32.0603 -21.8340 -45.7727 31.9495 -36.3639 -6.2945 -25.4083 -47.7746 34.8613 -37.9207 5.1184 -27.4725 -48.7871 25.0482 -39.0821 10.6962 -29.0908 -48.7432 2.7361 -40.0204 14.9892 -30.6040 -47.7012 -10.4650 -41.5133 19.0920 -32.0908 -44.4290 -16.4068 -43.1367 24.2657 -35.2676 4.9326 -35.0531 23.0851 -42.6885 -15.0224 -45.7006 -31.6598 17.8968 -41.0589 -7.8789 -48.1601 -30.2044 13.9128 -39.8023 8.0434 -48.8342 -28.7603 9.7568 -38.8953 27.5798 -48.7161 -27.3232 4.7398 -37.9062 34.7853 -47.8901 -25.7492 -3.1368 -36.8265 33.7575 -46.6384 -23.6785 -18.0459 -35.4601 29.3542 -45.0490 -20.7739 -35.3171 -33.7309 23.6047 -43.0411 -15.8213 -45.4698 -31.5546 17.0604 -40.4945 -1.0492 -48.7242 -28.8916 9.2793 -38.5885 32.8210 -48.1489 -25.8230 -5.0818 -36.3476 31.4545 -45.4954
-48.7934 16.4313 -39.6749 14.2389 -30.6569 -47.1334 -13.7031 -42.5973 22.9303 -33.7101 -33.9549 -21.4839 -45.6150 31.6056 -36.2938 -6.6456 -25.4083 -47.8050 34.7606 -37.9977 5.6549 -27.6368 -48.8387 22.5043 -39.2317 11.4386 -29.3602 -48.6640 -0.8505 -40.2510 15.8310 -30.9155 -47.2373 -12.0632 -41.8565 20.0120 -32.4189 -43.2315 -17.3418 -43.4448 24.5332 -34.3489 -20.8552 -28.8310 -23.8354 -33.9892 23.2551 -42.9899 -16.0911 -44.7405 -31.9964 18.8325 -41.4181 -10.0000 -47.7959 -30.5392 14.8304 -39.9935 3.2211 -48.7515 -29.0904 10.7502 -39.1103 24.1503 -48.8182 -27.6387 5.9624 -38.1221 34.1644 -48.1043 -26.1084 -1.1437 -37.0550 34.3044 -46.8839 -24.0575 -15.3570 -35.6587 29.9449 -45.2185 -21.0461 -34.4641 -33.8062 23.7259 -43.0411 -15.6892 -45.6893 -31.4343 16.6288 -40.2906 1.6340 -48.7925 -28.6209 8.3455 -38.3819 33.9933 -47.9288 -25.4197 -7.9457 -36.0179 30.4494
12.0807 -39.3488 13.3161 -30.3233 -47.6410 -12.3186 -42.2600 22.0254 -33.4232 -36.0199 -21.0211 -45.3976 31.0617 -36.1608 -7.6862 -25.3089 -47.7746 34.7606 -38.0258 5.9454 -27.7429 -48.8674 20.3456 -39.3501 12.0402 -29.5929 -48.5569 -3.6414 -40.5373 16.6265 -31.2156 -46.6766 -13.4251 -42.1931 20.9226 -32.7381 -41.8535 -18.1966 -43.7849 25.4127 -34.3009 -29.3829 -24.0978 -48.7490 -23.6936 -32.9336 -33.8927 24.1069 -43.3361 -17.0828 -43.5837 -32.3330 19.7801 -41.7776 -11.7634 -47.3268 -30.8719 15.7387 -40.2419 -0.8976 -48.6541 -29.4177 11.6956 -39.3161 20.1146 -48.8798 -27.9476 7.0827 -38.3337 33.1423 -48.2934 -26.4289 0.4862 -37.2535 34.6895 -47.0895 -24.3622 -13.2550 -35.8074 30.3591 -45.3284 -21.1905 -34.1563 -33.8062 23.6047 -42.9549 -15.2950 -46.0733 -31.2481 16.0317 -40.0883 5.2925 -48.8651 -28.3222 7.3043 -38.1619 34.7157 -47.6844 -24.9897 -11.2152 -35.3368
-39.1583 12.3787 -29.9889 -48.0408 -10.6732 -41.9086 21.0837 -33.1122 -38.0697 -20.4571 -45.1328 30.3492 -35.9729 -9.4004 -25.1202 -47.6893 34.8613 -37.9977 5.9454 -27.7816 -48.8801 18.8816 -39.4354 12.4892 -29.7738 -48.4370 -5.6973 -40.8026 17.3500 -31.4921 -46.0436 -14.5709 -42.5164 21.8206 -33.0492 -40.2790 -18.9697 -44.1218 26.4027 -34.5445 -28.5410 -22.5716 -46.7153 15.1433 -46.4664 -21.8961 -32.4312 -34.1358 25.1051 -43.6904 -17.9870 -42.2070 -32.6692 20.7414 -42.1370 -13.2594 -46.7341 -31.2066 16.6505 -40.5752 -4.2507 -48.5036 -29.7384 12.5940 -39.5129 15.5974 -48.9003 -28.2523 8.1014 -38.5336 31.7567 -48.4498 -26.7030 1.7854 -37.4173 34.9120 -47.2456 -24.5843 -11.8359 -35.9020 30.5838 -45.3663 -21.1905 -34.4641 -33.7309 23.2596 -42.7957 -14.6598 -46.5470 -31.0093 15.3056 -39.9177 9.7937 -48.8987 -28.0071 6.1498 -37.9326 35.0336 -47.4202 -24.5377 -15.9810
11.4958 -29.6554 -48.3402 -8.7012 -41.5501 20.1296 -32.7886 -39.9768 -19.8107 -44.8305 29.4967 -35.7411 -11.7795 -24.8472 -47.5518 34.9906 -37.9207 5.6549 -27.7429 -48.8801 18.3500 -39.4800 12.7812 -29.9015 -48.3279 -7.0937 -41.0213 17.9724 -31.7356 -45.3697 -15.5191 -42.8195 22.6851 -33.3489 -38.5095 -19.6717 -44.4478 27.3926 -34.8393 -25.6733 -22.6491 -46.2029 35.0029 -40.1489 34.6707 -45.8346 -21.9407 -29.8571 -34.4472 26.1434 -44.0428 -18.8162 -40.5831 -33.0046 21.7177 -42.4960 -14.5653 -45.9977 -31.5396 17.5628 -40.9256 -6.9358 -48.2840 -30.0520 13.4665 -39.7003 10.8672 -48.8773 -28.5411 9.0049 -38.7155 30.0942 -48.5714 -26.9271 2.7676 -37.5404 35.0148 -47.3532 -24.7249 -11.0901 -35.9358 30.5838 -45.3284 -21.0461 -35.3171 -33.5900 22.7294 -42.5754 -13.7813 -47.0477 -30.7304 14.4932 -39.7393 14.6999 -48.8849 -27.6825 4.8769 -37.7016 35.0083 -47.1400 -23.3938
-28.6642 -48.5515 -6.3136 -41.1908 19.1790 -32.4564 -41.6577 -19.0910 -44.5063 28.5514 -35.4753 -14.7476 -24.4990 -47.3656 35.0605 -37.8034 5.1184 -27.6368 -48.8674 18.8816 -39.4800 12.8835 -29.9697 -48.2482 -7.9900 -41.1829 18.4656 -31.9356 -44.7095 -16.2861 -43.0927 23.4950 -33.6265 -36.5906 -20.3066 -44.7592 28.3519 -35.1307 -22.3098 -23.0834 -46.3052 33.5219 -37.6822 14.6080 -37.5079 32.5970 -45.9199 -22.4197 -26.6108 -34.7655 27.1885 -44.3915 -19.5818 -38.6854 -33.3374 22.7076 -42.8507 -15.7044 -45.1190 -31.8643 18.4551 -41.2660 -9.0813 -47.9889 -30.3601 14.3089 -39.8756 6.4318 -48.8130 -28.8065 9.7983 -38.8749 28.3391 -48.6604 -27.1000 3.4473 -37.6275 35.0509 -47.4118 -24.7758 -11.0901 -35.9020 30.3591 -45.2185 -20.7739 -36.5731 -33.3897 22.0464 -42.3016 -12.6286 -47.5188 -30.4261 13.6300 -39.5462 19.4934 -48.8261 -27.3536 3.4781 -37.4702 34.7016 -46.8196
-48.7373 -3.3884 -40.8318 18.2391 -32.1200 -43.1065 -18.2965 -44.1669 27.5467 -35.1844 -18.1563 -24.0905 -47.1394 34.9880 -37.6479 4.3351 -27.4725 -48.8387 20.3456 -39.4354 12.7812 -29.9697 -48.2186 -8.4460 -41.2852 18.8099 -32.0841 -44.1358 -16.8686 -43.3251 24.2194 -33.8745 -34.6135 -20.8635 -45.0543 29.2716 -35.4108 -18.8869 -23.5514 -46.5603 33.6664 -37.0204 4.0193 -31.8402 2.9181 -36.7531 32.7292 -46.1962 -22.9538 -23.0269 -35.0825 28.2313 -44.7357 -20.2913 -36.4980 -33.6669 23.6962 -43.1972 -16.6969 -44.0967 -32.1823 19.3303 -41.5962 -10.8405 -47.6175 -30.6572 15.1015 -40.0338 2.6910 -48.7457 -29.0403 10.4500 -39.0031 26.7373 -48.7194 -27.2193 3.8676 -37.6758 35.0575 -47.4118 -24.7249 -11.8359 -35.8074 29.9449 -45.0490 -20.3777 -38.0916 -33.1402 21.2474 -41.9922 -11.1839 -47.9198 -30.1067 12.7300 -39.3418 23.7810 -48.7257 -27.0250 1.9193 -37.1777 33.1247
-5.0729 -40.4739 17.3093 -31.7831 -44.3409 -17.4229 -43.8179 26.5140 -34.8775 -21.7674 -23.6335 -46.8795 34.7233 -37.4610 3.2706 -27.2561 -48.7871 22.5043 -39.3501 12.4892 -29.9015 -48.2482 -8.4460 -41.3213 18.9917 -32.1764 -43.7081 -17.2759 -43.5055 24.8062 -34.0854 -32.7106 -21.3380 -45.3201 30.1162 -35.6738 -15.5717 -23.9931 -46.8275 34.1879 -37.0447 0.0450 -28.1007 -46.9052 -27.8904 -2.1374 -36.7551 33.4152 -46.5014 -23.4771 -19.2530 -35.3977 29.2719 -45.0765 -20.9544 -34.0120 -33.9882 24.6787 -43.5351 -17.5801 -42.9151 -32.4913 20.1966 -41.9157 -12.2949 -47.1797 -30.9330 15.8230 -40.2208 -0.2039 -48.6921 -29.2287 10.9411 -39.0955 25.5166 -48.7522 -27.2816 4.0173 -37.6758 35.0509 -47.3532 -24.5843 -13.2550 -35.6587 29.3542 -44.8252 -19.8627 -39.6953 -32.8576 20.3828 -41.6625 -9.4197 -48.2403 -29.7807 11.7964 -39.1300 27.3242 -48.5894 -26.6899 0.1569 -36.6330
-40.4152 16.3878 -31.4460 -45.3739 -16.4612 -43.4634 25.4742 -34.5580 -25.3787 -23.1355 -46.5964 34.2637 -37.2504 1.9470 -27.0006 -48.7058 25.0482 -39.2317 12.0402 -29.7738 -48.3279 -7.9900 -41.2852 18.9917 -32.2074 -43.4726 -17.5219 -43.6281 25.2376 -34.2468 -31.0380 -21.7271 -45.5491 30.8565 -35.9093 -12.5699 -24.3949 -47.0787 34.6446 -37.2238 0.4052 -26.8127 -48.6875 -14.3102 -48.6075 -26.4536 -1.7489 -36.9601 34.0985 -46.8032 -23.9805 -15.4362 -35.7049 30.2895 -45.4076 -21.5682 -31.2620 -34.2991 25.6503 -43.8634 -18.3733 -41.5645 -32.7896 21.0350 -42.2194 -13.4753 -46.6978 -31.1787 16.4497 -40.4327 -2.2766 -48.6368 -29.3673 11.2757 -39.1527 24.8472 -48.7625 -27.2816 3.8676 -37.6275 35.0148 -47.2456 -24.3622 -15.3570 -35.4601 28.6071 -44.5533 -19.2416 -41.2518 -32.5526 19.4870 -41.3183 -7.2563 -48.4808 -29.4507 10.8325 -38.9131 30.1027 -48.4218 -26.3422 -2.4005
15.6528 -31.1023 -46.2283 -15.3934 -43.1045 24.4346 -34.2316 -28.8239 -22.5965 -46.2963 33.6333 -37.0196 0.3580 -26.7085 -48.5901 27.6305 -39.0821 11.4386 -29.5929 -48.4370 -7.0937 -41.1829 18.8099 -32.1764 -43.4726 -17.6047 -43.6932 25.5115 -34.3558 -29.7579 -22.0189 -45.7341 31.4655 -36.1118 -10.0335 -24.7528 -47.3067 34.9395 -37.4189 1.7081 -26.7444 -48.4705 18.5775 -42.5767 21.6952 -48.3032 -26.3912 -0.0381 -37.2005 34.6408 -47.0966 -24.4561 -11.8308 -35.9990 31.2525 -45.7232 -22.1338 -28.2929 -34.5985 26.6010 -44.1823 -19.0868 -40.0742 -33.0702 21.8231 -42.4973 -14.4243 -46.2086 -31.3856 16.9570 -40.6048 -3.6569 -48.5894 -29.4539 11.4514 -39.1723 24.8472 -48.7522 -27.2193 3.4473 -37.5404 34.9120 -47.0895 -24.0575 -18.0459 -35.2195 27.7384 -44.2479 -18.5229 -42.6747 -32.2336 18.5740 -40.9636 -4.5677 -48.6432 -29.1182 9.8381 -38.6921 32.1716 -48.2270 -25.1744
-30.1673 -46.9265 -14.1911 -42.7449 23.4093 -33.9024 -31.9550 -22.0213 -45.9801 32.8615 -36.7707 -1.5073 -26.3819 -48.4386 30.0147 -38.9045 10.6962 -29.3602 -48.5569 -5.6973 -41.0213 18.4656 -32.0841 -43.7081 -17.5219 -43.6932 25.6070 -34.4144 -28.9344 -22.2105 -45.8672 31.9174 -36.2719 -8.0444 -25.0538 -47.5038 35.0581 -37.6021 2.9852 -26.9571 -48.5701 28.1220 -39.8098 23.4284 -39.6862 30.4986 -48.4140 -26.6610 1.6951 -37.4354 34.9772 -47.3717 -24.8996 -8.6265 -36.2776 32.1407 -46.0259 -22.6572 -25.1275 -34.8881 27.5347 -44.4852 -19.7170 -38.5176 -33.3246 22.5474 -42.7414 -15.1592 -45.7632 -31.5454 17.3275 -40.7219 -4.4466 -48.5611 -29.4834 11.4514 -39.1527 25.5166 -48.7194 -27.1000 2.7676 -37.4173 34.6895 -46.8839 -23.6785 -21.1719 -34.9453 26.7869 -43.9227 -17.7149 -43.9280 -31.9055 17.6502 -40.6051 -1.2186 -48.7442 -28.7847 8.8028 -38.4674 33.6064 -47.9450
-47.6732 -12.8273 -42.3862 22.4052 -33.5707 -34.7388 -21.4137 -45.6527 31.9756 -36.5026 -3.7009 -26.0281 -48.2583 31.9769 -38.7068 9.8445 -29.0908 -48.6640 -3.6414 -40.8026 17.9724 -31.9356 -44.1358 -17.2759 -43.6281 25.5115 -34.4144 -28.6366 -22.3097 -45.9473 32.2160 -36.3852 -6.6440 -25.2880 -47.6641 35.0161 -37.7671 4.0866 -27.2028 -48.6825 27.6864 -39.1133 13.8346 -34.3963 13.2974 -38.9360 29.9902 -48.5690 -26.9772 3.2433 -37.6616 35.0545 -47.6249 -25.3122 -5.8629 -36.5391 32.9400 -46.3155 -23.1454 -21.8452 -35.1631 28.4125 -44.7603 -20.2537 -36.9580 -33.5478 23.1615 -42.9376 -15.6832 -45.4084 -31.6538 17.5548 -40.7835 -4.7012 -48.5611 -29.4539 11.2757 -39.0955 26.7373 -48.6604 -26.9271 1.7854 -37.2535 34.3044 -46.6384 -23.2362 -24.5210 -34.6489 25.7990 -43.5845 -16.8166 -45.0154 -31.5705 16.7258 -40.2632 2.9103 -48.8287 -28.4511 7.7141 -38.1616 30.8778
-12.9389 -42.0275 21.4174 -33.2371 -37.1782 -20.7705 -45.3186 31.0156 -36.2180 -6.3193 -25.6436 -48.0519 33.4072 -38.4974 8.9000 -28.7980 -48.7432 -0.8505 -40.5373 17.3500 -31.7356 -44.7095 -16.8686 -43.5055 25.2376 -34.3558 -28.9344 -22.3097 -45.9741 32.3647 -36.4543 -5.7596 -25.4527 -47.7827 34.8680 -37.9074 4.9848 -27.4314 -48.7714 25.5259 -39.0908 11.4168 -31.1407 -32.2446 -31.0025 10.6988 -38.9325 27.7022 -48.7056 -27.2932 4.6093 -37.8811 34.8353 -47.8581 -25.6925 -3.5012 -36.7855 33.6394 -46.5883 -23.5915 -18.6942 -35.4088 29.1896 -45.0014 -20.7024 -35.4911 -33.7276 23.6288 -43.0764 -16.0219 -45.1767 -31.7087 17.6310 -40.7835 -4.4466 -48.5894 -29.3673 10.9411 -39.0031 28.3391 -48.5714 -26.7030 0.4862 -37.0550 33.7575 -46.3635 -22.7410 -27.8090 -34.3414 24.8039 -43.2372 -15.8061 -45.9288 -31.2341 15.8068 -40.0063 7.7313 -48.8900 -28.1198 6.5547 -37.7468
-41.8773 20.4470 -32.9022 -39.2921 -20.0865 -44.9791 30.0088 -35.9224 -9.3668 -25.2290 -47.8206 34.3719 -38.2830 7.8886 -28.4908 -48.8220 2.7674 -40.2510 16.6265 -31.4921 -45.3697 -16.2861 -43.3251 24.8062 -34.2468 -29.7579 -22.2105 -45.9473 32.3647 -36.4780 -5.3181 -25.5500 -47.8579 34.6918 -38.0148 5.6765 -27.6260 -48.8313 22.9477 -39.2109 11.4474 -29.7965 -47.4519 -22.3451 -47.6747 -29.5980 10.8558 -39.1016 24.4854 -48.8090 -27.6051 5.8231 -38.0935 34.2850 -48.0702 -26.0466 -1.4864 -37.0133 34.2075 -46.8352 -23.9806 -15.8888 -35.6238 29.8550 -45.2047 -21.0557 -34.2781 -33.8561 23.9485 -43.1604 -16.1923 -45.0965 -31.7087 17.5548 -40.7219 -3.6569 -48.6368 -29.2287 10.4500 -38.8749 30.0942 -48.4498 -26.4289 -1.1437 -36.8266 33.0599 -46.0684 -22.2065 -30.8968 -34.0239 23.7997 -42.8836 -14.6649 -46.6795 -30.8981 14.8899 -39.8147 12.8941 -48.8947 -27.7966 5.1491
19.7713 -32.5540 -41.1075 -19.3556 -44.6348 28.9736 -35.6185 -12.8058 -24.7889 -47.5680 34.9064 -38.0598 6.7980 -28.1800 -48.8861 7.1784 -40.0190 15.8231 -31.2156 -46.0436 -15.5191 -43.0927 24.2194 -34.0854 -31.0380 -22.0189 -45.8672 32.2160 -36.4543 -5.3181 -25.5823 -47.8948 34.5608 -38.0851 6.1553 -27.7771 -48.8677 20.4104 -39.3408 11.9745 -29.6433 -48.4055 -12.8035 -45.4563 -12.1979 -48.5151 -29.4927 11.6433 -39.2980 20.5690 -48.8748 -27.9087 6.9189 -38.2993 33.3567 -48.2601 -26.3710 0.1851 -37.2145 34.6221 -47.0512 -24.3158 -13.4962 -35.8046 30.3960 -45.3616 -21.3029 -33.4450 -33.9320 24.1128 -43.1894 -16.1923 -45.1767 -31.6538 17.3275 -40.6048 -2.2766 -48.6921 -29.0403 9.7983 -38.7155 31.7567 -48.2934 -26.1088 -3.1366 -36.5758 32.2472 -45.7630 -21.6332 -33.7367 -33.6976 22.7921 -42.5253 -13.3727 -47.2860 -30.5625 13.9709 -39.6159 17.9364 -48.8504 -26.7149
-31.6785 -42.6522 -18.5696 -44.2865 27.9238 -35.3073 -16.5324 -24.3233 -47.2968 35.0611 -37.8291 5.5928 -27.8619 -48.8993 12.0055 -39.8404 14.9782 -30.9148 -46.6788 -14.5704 -42.8194 23.4946 -33.8745 -32.7106 -21.7271 -45.7341 31.9174 -36.3852 -5.7596 -25.5500 -47.8948 34.5144 -38.1180 6.4275 -27.8778 -48.8865 18.2782 -39.4502 12.5086 -29.7779 -48.4191 -7.7203 -42.2729 32.7673 -42.1621 -6.7710 -48.4831 -29.7276 12.5121 -39.4911 16.1967 -48.9001 -28.2035 7.9296 -38.4982 32.0363 -48.4217 -26.6530 1.5496 -37.3891 34.8873 -47.2340 -24.5919 -11.6039 -35.9431 30.7848 -45.4642 -21.4436 -33.0226 -33.9573 24.1128 -43.1604 -16.0219 -45.4084 -31.5454 16.9570 -40.4327 -0.2039 -48.7457 -28.8065 9.0049 -38.5336 33.1421 -48.1043 -25.7497 -5.5016 -36.3106 31.3547 -45.4415 -21.0156 -36.2817 -33.3662 21.7979 -42.1661 -11.8860 -47.7663 -30.2276 13.0451 -39.4107 22.4397 -48.6870
-44.3946 -17.7196 -43.9345 26.8688 -34.9890 -20.3775 -23.8335 -47.0099 34.9025 -37.5975 4.2661 -27.5348 -48.8646 16.9006 -39.6529 14.1165 -30.6030 -47.2397 -13.4229 -42.5159 22.6830 -33.6250 -34.6188 -21.3380 -45.5491 31.4655 -36.2719 -6.6440 -25.4527 -47.8579 34.5608 -38.1180 6.5134 -27.9249 -48.8942 16.7919 -39.5288 12.9287 -29.9386 -48.3112 -7.4578 -41.3274 22.1377 -36.8927 21.9534 -41.2514 -7.1881 -48.2967 -30.0243 13.3628 -39.6750 11.6353 -48.8845 -28.4907 8.8573 -38.6846 30.4049 -48.5515 -26.8957 2.6611 -37.5361 35.0215 -47.3787 -24.8004 -10.2801 -36.0345 31.0074 -45.5129 -21.4880 -33.0226 -33.9320 23.9485 -43.0764 -15.6832 -45.7632 -31.3856 16.4497 -40.2208 2.6910 -48.8130 -28.5411 8.1014 -38.3337 34.1643 -47.8901 -25.3625 -8.2752 -36.0290 30.3827 -45.1063 -20.3523 -38.5173 -33.0312 20.8191 -41.8064 -10.1445 -48.1362 -29.8934 12.1071 -39.0911 18.1376
-17.2038 -43.5799 25.8168 -34.6649 -24.1659 -23.3185 -46.7109 34.4920 -37.3647 2.8006 -27.2060 -48.7858 21.5041 -39.4550 13.2304 -30.2859 -47.7020 -12.0588 -42.1901 21.8121 -33.3455 -36.6080 -20.8605 -45.3201 30.8565 -36.1118 -8.0444 -25.2880 -47.7827 34.6918 -38.0851 6.4275 -27.9249 -48.8961 16.0759 -39.5741 13.2084 -30.0641 -48.1893 -8.3391 -41.2656 19.3581 -33.9526 -2.1975 -33.9749 19.3944 -41.3179 -8.9901 -48.0213 -30.3231 14.1808 -39.8476 7.1921 -48.8271 -28.7637 9.6801 -38.8522 28.5666 -48.6528 -27.1025 3.5390 -37.6568 35.0609 -47.4819 -24.9372 -9.5360 -36.0770 31.0778 -45.5129 -21.4436 -33.4450 -33.8561 23.6288 -42.9376 -15.1592 -46.2086 -31.1787 15.8230 -40.0338 6.4318 -48.8773 -28.2526 7.0830 -38.1225 34.7853 -47.6540 -24.9474 -11.5089 -35.7313 29.3567 -44.7638 -19.6388 -40.4506 -32.6937 19.8543 -41.4461 -8.0634 -48.4094 -29.5598 11.1516 -38.8395
-43.3499 24.7725 -34.3382 -27.7296 -22.7786 -46.4028 33.8884 -37.1225 1.1555 -26.8761 -48.6687 25.4679 -39.2474 12.3140 -29.9614 -48.0730 -10.4468 -41.8534 20.9072 -33.0451 -38.5379 -20.2977 -45.0543 30.1162 -35.9093 -10.0335 -25.0538 -47.6641 34.8680 -38.0148 6.1553 -27.8778 -48.8942 16.0759 -39.5887 13.3459 -30.1390 -48.0932 -9.1109 -41.3757 19.1123 -32.6488 -36.0177 -27.2272 -35.0004 -32.9379 19.6344 -41.6043 -10.7004 -47.6718 -30.6122 14.9613 -40.0050 3.2630 -48.7572 -29.0114 10.3890 -38.9974 26.6568 -48.7272 -27.2705 4.1917 -37.7468 35.0515 -47.5417 -25.0012 -9.3032 -36.0770 31.0074 -45.4642 -21.3029 -34.2781 -33.7276 23.1615 -42.7414 -14.4243 -46.6978 -30.9330 15.1015 -39.8756 10.8568 -48.9004 -27.9491 5.9628 -37.9065 35.0457 -47.3969 -24.4985 -15.1295 -35.4231 28.3115 -44.4153 -18.8695 -42.1067 -32.3547 18.9021 -41.0854 -5.5265 -48.5981 -29.2283 10.1929
24.0635 -33.9892 -30.9702 -22.2126 -46.0856 33.1368 -36.8656 -0.7199 -26.5340 -48.5178 28.6639 -39.0332 11.3665 -29.6322 -48.3593 -8.5009 -41.5122 20.0019 -32.7339 -40.3028 -19.6623 -44.7574 29.2661 -35.6738 -12.5699 -24.7528 -47.5038 35.0161 -37.9073 5.6765 -27.7771 -48.8865 16.7919 -39.5741 13.3459 -30.1629 -48.0444 -9.5634 -41.4746 19.3302 -32.3729 -42.0426 -21.3310 -48.2553 -22.3578 -37.8273 -33.1364 20.4427 -41.9136 -12.1310 -47.2526 -30.8880 15.6987 -40.1894 0.1109 -48.6966 -29.2284 10.9891 -39.1188 24.8695 -48.7773 -27.3945 4.6115 -37.7987 35.0366 -47.5606 -25.0012 -9.5360 -36.0345 30.7848 -45.3616 -21.0557 -35.4911 -33.5478 22.5474 -42.4973 -13.4753 -47.1797 -30.6572 14.3089 -39.7003 15.5868 -48.8800 -27.6399 4.7398 -37.6834 34.9948 -47.1200 -24.0205 -18.9397 -35.1087 27.2594 -44.0652 -18.0399 -43.5059 -32.0169 17.9587 -40.7240 -2.3915 -48.7124 -28.2159
-33.1781 -33.8646 -21.6158 -45.7604 32.2754 -36.5950 -2.8858 -26.1692 -48.3374 31.1145 -38.8144 10.3906 -29.3014 -48.5632 -6.1111 -41.1608 19.0903 -32.4152 -41.8727 -18.9643 -44.4425 28.3396 -35.4099 -15.5718 -24.3949 -47.3067 35.0581 -37.7671 4.9847 -27.6259 -48.8677 18.2818 -39.5288 13.2084 -30.1390 -48.0444 -9.7053 -41.5273 19.5212 -32.3845 -42.7245 -18.7306 -45.2755 25.8845 -46.7786 -24.4732 -32.7542 -33.5290 21.2385 -42.2058 -13.3234 -46.7767 -31.1436 16.3715 -40.4162 -2.3062 -48.6283 -29.4125 11.4736 -39.2143 23.4179 -48.8071 -27.4681 4.8053 -37.8152 35.0366 -47.5417 -24.9372 -10.2801 -35.9431 30.3960 -45.2047 -20.7024 -36.9580 -33.3246 21.8231 -42.2194 -12.2949 -47.6175 -30.3601 13.4666 -39.5130 20.1142 -48.8182 -27.3232 3.3652 -37.4538 34.6761 -46.8275 -23.5181 -22.7467 -34.7892 26.2089 -43.7123 -17.1407 -44.6753 -31.6804 17.0269 -40.3641 1.4711 -48.7869
-37.2324 -20.9862 -45.4283 31.3352 -36.3125 -5.4051 -25.7809 -48.1311 32.8908 -38.5919 9.3800 -28.9692 -48.6926 -3.1514 -40.8026 18.1630 -32.0890 -43.2439 -18.1931 -44.1176 27.3736 -35.1256 -18.9143 -23.9881 -47.0786 34.9395 -37.6021 4.0862 -27.4312 -48.8312 20.4230 -39.4498 12.9242 -30.0641 -48.0932 -9.5634 -41.5272 19.5875 -32.4174 -42.6372 -18.1963 -44.1407 30.6776 -38.7920 32.0100 -47.7347 -27.4152 -29.4348 -33.6762 21.9286 -42.4763 -14.3109 -46.2661 -31.3754 16.9728 -40.6353 -4.1336 -48.5514 -29.5605 11.8290 -39.2789 22.5022 -48.8197 -27.4916 4.8053 -37.7987 35.0515 -47.4819 -24.8004 -11.6039 -35.8046 29.8550 -45.0014 -20.2537 -38.5176 -33.0702 21.0350 -41.9157 -10.8405 -47.9887 -30.0521 12.5941 -39.3161 24.1503 -48.7161 -26.9982 1.8062 -37.2172 34.1422 -46.5234 -22.9904 -26.3880 -34.4653 25.1665 -43.3573 -16.1520 -45.6491 -31.3439 16.1065 -40.0074 -1.1037
-20.1244 -45.0910 30.3414 -36.0199 -8.3247 -25.3696 -47.9022 34.0802 -38.3659 8.3231 -28.6361 -48.7859 0.5255 -40.4444 17.2343 -31.7560 -44.4333 -17.3378 -43.7802 26.3780 -34.8292 -22.4112 -23.5377 -46.8238 34.6383 -37.4169 2.9822 -27.2013 -48.7714 22.9636 -39.3385 12.4948 -29.9348 -48.1899 -9.1071 -41.4740 19.5194 -32.4144 -42.5661 -18.1864 -43.9565 26.8703 -35.5200 -1.3117 -22.5982 -29.6957 -41.3222 -27.0147 -31.4042 -33.6507 22.5626 -42.7256 -15.1307 -45.7361 -31.5810 17.4913 -40.8164 -5.4525 -48.4815 -29.6623 12.0416 -39.3095 22.2027 -48.8197 -27.4681 4.6115 -37.7468 35.0609 -47.3787 -24.5919 -13.4962 -35.6238 29.1896 -44.7603 -19.7170 -40.0742 -32.7896 20.1966 -41.5964 -9.0829 -48.2838 -29.7385 11.6956 -39.1103 27.5798 -48.5769 -26.6641 0.0323 -36.9665 33.4428 -46.2094 -22.4354 -29.7537 -34.1379 24.1361 -43.0005 -15.0525 -46.4512 -31.0077 15.1907 -39.9798
-44.8042 29.3150 -35.7185 -11.6461 -24.9354 -47.6532 34.7715 -38.1370 7.2060 -28.3028 -48.8638 4.9898 -40.1410 16.3127 -31.4194 -45.4464 -16.3818 -43.4328 25.3732 -34.5235 -25.8549 -23.0508 -46.5469 34.1581 -37.2097 1.6402 -26.9411 -48.6827 25.6085 -39.2025 11.9437 -29.7581 -48.3187 -8.2756 -41.3659 19.3064 -32.3649 -42.6719 -18.1634 -43.9419 26.4088 -34.8176 -20.8165 -24.5240 -47.4417 13.7155 -28.5654 -48.5619 -24.2886 -34.0983 -33.6723 23.1917 -42.9528 -15.8055 -45.2250 -31.7492 17.8986 -40.9482 -6.2823 -48.4345 -29.7100 12.1092 -39.3095 22.5022 -48.8071 -27.3945 4.1917 -37.6568 35.0215 -47.2340 -24.3158 -15.8888 -35.4088 28.4125 -44.4852 -19.0868 -41.5645 -32.4913 19.3303 -41.2662 -6.9377 -48.5036 -29.4177 10.7502 -38.8953 30.2967 -48.4081 -26.3099 -2.0158 -36.7003 32.6190 -45.8869 -21.8507 -32.7876 -33.8077 23.1205 -42.6424 -13.8136 -47.1027 -30.6683 14.4267
28.4572 -35.3777 -15.2967 -24.4773 -47.3868 35.0477 -37.9052 6.0081 -27.9717 -48.8986 10.0322 -39.9212 15.3951 -31.0832 -46.2849 -15.3102 -43.0798 24.3591 -34.2046 -29.1316 -22.5318 -46.2535 33.5244 -36.9815 0.0506 -26.6491 -48.5610 28.1562 -39.0449 11.2880 -29.5463 -48.4567 -7.0285 -41.2046 18.9497 -32.2633 -42.9842 -18.0328 -43.9117 26.3205 -34.6814 -25.2144 -23.2289 -46.8207 34.4036 -34.2275 -43.1949 -17.9632 -47.5706 -22.2298 -34.3979 -33.8024 23.7779 -43.1485 -16.3264 -44.7859 -31.8717 18.1743 -41.0267 -6.6552 -48.4187 -29.7100 12.0416 -39.2789 23.4179 -48.7773 -27.2705 3.5390 -37.5361 34.8873 -47.0512 -23.9806 -18.6942 -35.1631 27.5347 -44.1823 -18.3733 -42.9134 -32.1834 18.4551 -40.9256 -4.2507 -48.6541 -29.0904 9.7568 -38.6743 32.3106 -48.2111 -25.9291 -4.4020 -36.4206 31.7036 -45.5565 -21.2327 -35.4739 -33.4752 22.1207 -42.2834 -12.3960 -47.6218 -29.7186
-34.6449 -19.1203 -23.9953 -47.1044 34.9847 -37.6732 4.7129 -27.6423 -48.8804 15.2012 -39.7263 14.4778 -30.7474 -46.9685 -14.1057 -42.7228 23.3448 -33.8768 -32.1954 -21.9707 -45.9465 32.7581 -36.7357 -1.8145 -26.3262 -48.4089 30.4258 -38.8657 10.5305 -29.3044 -48.5827 -5.3363 -40.9944 18.4619 -32.1132 -43.4831 -17.7722 -43.8325 26.1567 -34.6322 -26.0826 -22.8370 -46.3722 33.8819 -36.8348 -11.6691 -22.4449 -45.9272 27.3818 -46.2024 -21.7291 -33.2476 -33.9768 24.2772 -43.3021 -16.6905 -44.4677 -31.9458 18.3077 -41.0524 -6.6552 -48.4345 -29.6623 11.8290 -39.2143 24.8695 -48.7272 -27.1025 2.6611 -37.3891 34.6221 -46.8352 -23.5915 -21.8452 -34.8881 26.6010 -43.8659 -17.5847 -44.0951 -31.8654 17.5628 -40.5752 -0.8976 -48.7515 -28.7603 8.7205 -38.4502 33.7047 -47.9890 -25.5245 -7.1872 -36.1291 30.7239 -45.2196 -20.5764 -37.8226 -33.1406 21.1367 -41.9238 -10.7510 -48.1642
-24.1375 -23.4908 -46.8092 34.6494 -37.4416 3.2967 -27.3134 -48.8159 20.0473 -39.5245 13.5564 -30.4121 -47.5162 -12.7324 -42.3642 22.3438 -33.5483 -34.9316 -21.3626 -45.6250 31.8881 -36.4709 -4.0252 -25.9765 -48.2289 32.2446 -38.6710 9.6755 -29.0358 -48.6820 -3.1124 -40.7495 17.8723 -31.9207 -44.1107 -17.3725 -43.6990 25.8371 -34.5567 -26.7254 -22.7077 -46.2368 33.2882 -36.8517 -1.6976 -25.5251 -47.3272 35.1975 -40.9901 35.3903 -46.1274 -22.1219 -31.4894 -34.1518 24.6808 -43.4112 -16.9129 -44.3144 -31.9687 18.3065 -41.0267 -6.2823 -48.4815 -29.5605 11.4736 -39.1188 26.6568 -48.6528 -26.8957 1.5496 -37.2145 34.2075 -46.5884 -23.1454 -25.1275 -34.5985 25.6507 -43.5376 -16.7019 -45.1189 -31.5396 16.6505 -40.2419 3.2211 -48.8342 -28.4296 7.6313 -38.2234 34.5685 -47.7476 -25.0982 -10.3787 -35.8300 29.6999 -44.8761 -19.8765 -39.8542 -32.8034 20.1670 -41.5640 -11.1645
-22.4116 -46.5050 34.1039 -37.2031 1.7153 -26.9846 -48.7108 24.2564 -39.3167 12.6259 -30.0775 -47.9451 -11.1402 -42.0048 21.3569 -33.2162 -37.3256 -20.7208 -45.2911 30.9347 -36.1908 -6.6131 -25.5990 -48.0237 33.5701 -38.4672 8.7478 -28.7472 -48.7598 -0.2178 -40.4781 17.2081 -31.6938 -44.7995 -16.8360 -43.5181 25.3702 -34.4352 -27.7735 -22.5691 -46.1648 33.0196 -36.7399 -2.3656 -26.1413 -48.1565 31.8401 -40.6172 26.8409 -40.6842 34.8539 -46.6683 -22.9731 -29.5622 -34.2333 25.0786 -43.5263 -16.8126 -44.3391 -31.9445 18.1725 -40.9482 -5.4525 -48.5514 -29.4125 10.9891 -38.9974 28.5666 -48.5515 -26.6530 0.1851 -37.0133 33.6395 -46.3155 -22.6572 -28.2879 -34.3004 24.6792 -43.1972 -15.7047 -45.9977 -31.2067 15.7387 -39.9935 8.0434 -48.8918 -28.0994 6.4732 -37.9944 34.9887 -47.4882 -24.6503 -13.9155 -35.5245 28.6541 -44.5289 -19.1252 -41.5992 -32.4646 19.2119 -41.4380
-46.1877 33.3960 -36.9511 -0.0786 -26.6479 -48.5705 27.7048 -39.1037 11.6803 -29.7436 -48.2700 -9.2589 -41.6450 20.3851 -32.8807 -39.4188 -20.0386 -44.9531 29.9254 -35.8980 -9.6418 -25.1898 -47.7954 34.4497 -38.2541 7.7514 -28.4469 -48.8354 3.4621 -40.2055 16.4728 -31.4380 -45.5012 -16.1670 -43.3003 24.7891 -34.2698 -29.2510 -22.3604 -46.0667 32.7910 -36.6615 -3.0744 -26.2011 -48.2215 24.0895 -41.7169 31.4846 -41.0858 34.2486 -42.7874 18.4732 -47.4047 -23.8841 -27.8684 -34.3856 25.0374 -43.4513 -17.0707 -44.4811 -31.8712 17.8981 -40.8164 -4.1336 -48.6283 -29.2284 10.3890 -38.8522 30.4049 -48.4218 -26.3710 -1.4820 -36.7864 32.9414 -46.0287 -22.1378 -31.2536 -33.9899 23.6988 -42.8508 -14.5656 -46.7341 -30.8719 14.8304 -39.8023 13.2122 -48.8933 -27.7699 5.2259 -37.7638 35.0448 -47.2131 -24.1794 -17.6869 -35.2120 27.6031 -44.1798 -18.3170 -43.0774 -32.1169 18.5229
