-48.3217 -11.1393 -39.8506 12.6213 -28.1164 -48.8059 13.4218 -37.7435 3.6893 -25.6840 -47.4355 32.6252 -35.9092 -16.4866 -22.9291 -45.1768 28.7197 -33.5026 -40.0960 -19.0808 -42.6749 21.0293 -30.9671 -47.8571 -12.5101 -40.1835 13.6604 -28.4684 -48.8475 8.1805 -37.9596 5.2862 -26.0377 -47.7184 31.9583 -36.2320 -12.2080 -23.3947 -45.5359 29.7733 -33.8739 -37.7905 -19.7561 -43.0791 23.3722 -34.8258 12.9510 -38.4094 2.3896 -48.8196 -28.8732 14.8562 -40.5835 -13.9736 -47.2587 -31.3816 22.2784 -43.0882 -19.8194 -37.5183 -33.9136 29.8820 -45.5741 -23.4433 -11.7691 -36.2657 31.8533 -47.7476 -26.0759 5.4501 -37.9829 7.6105 -48.8487 -28.5075 13.7776 -40.2224 -12.6645 -47.8065 -31.0071 21.1592 -42.7181 -19.1593 -39.8558 -33.5434 28.8470 -45.2193 -22.9837 -15.9915 -35.9461 32.5772 -47.4698 -25.7225 3.8733 -37.7675 12.8437 -48.8144 -28.1573 12.7457 -39.8910 -11.3254 -48.2873
-11.1393 -39.6172 13.2840 -29.2138 -48.9637 19.5318 -37.8194 5.4328 -26.9910 -47.7807 35.0678 -36.4614 -11.1081 -24.2882 -45.4872 29.6955 -34.3256 -36.9176 -19.9717 -42.8457 21.7441 -31.9563 -47.0811 -12.1356 -40.1583 14.5142 -29.5960 -48.9387 13.9166 -37.9658 6.8221 -27.3195 -48.0543 34.8345 -36.7273 -7.4159 -24.7811 -45.8600 30.8544 -34.6661 -34.0590 -20.7426 -43.2455 22.9757 -33.1198 -32.7841 -30.5774 8.9421 -38.1162 7.3955 -48.8290 -29.9770 15.6662 -40.5935 -13.9299 -46.2281 -32.3475 23.0020 -43.2871 -20.8218 -33.7260 -34.7023 30.9758 -45.8995 -24.8319 -7.0514 -36.7546 34.7804 -48.0821 -27.3549 6.9651 -37.9803 13.2848 -48.9325 -29.6329 14.6320 -40.2026 -12.3280 -47.0069 -31.9953 21.8790 -42.8936 -20.0612 -36.6211 -34.3634 29.8311 -45.5306 -24.3444 -10.6791 -36.4915 35.0642 -47.8131 -27.0263 5.5889 -37.8353 18.9599 -48.9658 -29.2518 13.4059 -39.6610 -11.3254
-39.8506 13.2840 -29.3321 -48.9723 15.5406 -38.1338 6.6422 -27.2731 -48.0325 34.8763 -36.8193 -7.6725 -24.7415 -45.8341 30.7752 -34.7025 -34.2859 -20.6869 -43.2166 22.7989 -32.3136 -46.3830 -13.6561 -40.5243 15.4833 -29.9253 -48.8537 8.4405 -38.3038 8.0213 -27.6197 -48.2856 34.1564 -37.0775 -4.4687 -25.2022 -46.1991 31.8830 -35.0437 -31.0081 -21.4071 -43.6143 23.9585 -32.7617 -44.3331 -22.1399 -48.8229 -28.4295 9.4121 -38.4522 2.4133 -48.7165 -30.3100 16.6412 -40.9628 -15.2129 -45.3227 -32.7094 24.0788 -43.6567 -21.4813 -30.6298 -35.0799 31.9972 -46.2376 -25.2496 -4.1566 -37.1037 34.0439 -48.3106 -27.6555 8.1552 -38.3190 7.8182 -48.8392 -29.9626 15.6016 -40.5691 -13.8287 -46.2855 -32.3544 22.9319 -43.2629 -20.7727 -33.9307 -34.7423 30.9012 -45.8750 -24.7939 -7.2997 -36.8486 34.8262 -48.0609 -27.3089 6.7868 -38.1503 14.9193 -48.9697 -29.3691 13.4059 -39.8910
12.6213 -29.2138 -48.9723 13.8747 -38.2107 7.4982 -27.5182 -48.2416 34.2968 -37.0462 -4.7640 -25.1617 -46.1695 31.7974 -35.0160 -31.2863 -21.3515 -43.5830 23.8625 -32.6440 -45.5184 -14.9701 -40.8916 16.4531 -30.2471 -48.7435 3.3321 -38.4272 9.1432 -27.9283 -48.4886 32.9331 -37.2919 -1.9691 -25.5959 -46.5263 32.8262 -35.3511 -27.5973 -22.0272 -43.9784 25.0355 -33.0095 -44.2572 -17.3205 -43.5090 9.3430 -48.5907 -28.3456 10.4283 -38.6827 -1.7913 -48.5928 -30.6348 17.6134 -41.3298 -16.3411 -44.2235 -33.0380 25.1614 -44.0207 -22.0970 -27.1769 -35.3866 32.9297 -46.5638 -25.6399 -1.7029 -37.3156 32.7507 -48.5104 -27.9643 9.2702 -38.4411 2.7812 -48.7277 -30.2845 16.5664 -40.9345 -15.1197 -45.3993 -32.6836 23.9962 -43.6286 -21.4321 -30.8819 -35.0558 31.9206 -46.2097 -25.2119 -4.4360 -37.0757 34.1924 -48.2676 -27.5541 7.6358 -38.2266 13.2427 -48.9697 -29.2518 12.7457
-28.1164 -48.9637 15.5406 -38.2107 7.8134 -27.6606 -48.3817 33.4888 -37.2315 -2.4566 -25.5343 -46.4853 32.7292 -35.3206 -27.9120 -21.9752 -43.9478 24.9430 -32.9743 -44.4550 -16.1310 -41.2581 17.4229 -30.5701 -48.6226 -1.0307 -38.6335 10.2125 -28.2384 -48.6617 31.0649 -37.4842 0.1674 -25.9600 -46.8433 33.6615 -35.6522 -23.8553 -22.6107 -44.3401 26.1292 -33.3295 -43.0457 -17.3392 -42.0079 26.4809 -38.8411 25.9737 -48.8119 -28.6199 11.4494 -39.0323 -5.1943 -48.3892 -30.9611 18.5950 -41.6977 -17.3520 -42.8957 -33.3663 26.2570 -44.3821 -22.6766 -23.4014 -35.6868 33.7500 -46.8795 -26.0004 0.3961 -37.5050 30.8005 -48.6797 -28.2746 10.3343 -38.6610 -1.4840 -48.6053 -30.6078 17.5363 -41.3008 -16.2576 -44.3170 -33.0123 25.0768 -43.9925 -22.0498 -27.4836 -35.3587 32.8419 -46.5261 -25.5815 -2.1593 -37.2606 33.3328 -48.4056 -27.6964 7.9488 -38.2266 14.9193 -48.9658 -28.1573
-48.8059 19.5318 -38.1338 7.4982 -27.6606 -48.4309 32.8724 -37.3534 -0.8437 -25.8330 -46.7641 33.5121 -35.6041 -24.3124 -22.5522 -44.3081 26.0346 -33.3027 -43.1745 -17.1624 -41.6252 18.4007 -30.8948 -48.4376 -4.5674 -38.9594 11.2429 -28.5504 -48.8004 28.4498 -37.6561 2.0143 -26.2927 -47.1486 34.3483 -35.9451 -19.8877 -23.1608 -44.6989 27.2325 -33.6567 -41.4962 -18.1776 -42.0562 20.4810 -34.5677 10.1416 -37.9963 23.9832 -48.9118 -28.9295 12.4467 -39.3909 -7.9051 -48.0919 -31.2875 19.5931 -42.0676 -18.2686 -41.3070 -33.6946 27.3620 -44.7407 -23.2231 -19.4166 -35.9787 34.4165 -47.1834 -26.3296 2.2138 -37.6751 28.0925 -48.8140 -28.5868 11.3609 -39.0011 -4.9304 -48.4103 -30.9327 18.5154 -41.6680 -17.2756 -43.0096 -33.3405 26.1634 -44.3504 -22.6210 -23.8568 -35.6421 33.6084 -46.8037 -25.8769 -0.5789 -37.3788 32.6865 -48.4539 -27.6964 7.6358 -38.1503 18.9599 -48.8144
13.4218 -37.8194 6.6422 -27.5182 -48.3817 32.8724 -37.3960 -0.0061 -26.0265 -46.9778 34.0826 -35.8511 -20.7968 -23.0682 -44.6521 27.1115 -33.6236 -41.6554 -18.0936 -41.9928 19.3903 -31.2207 -48.1608 -7.3991 -39.3176 12.2450 -28.8641 -48.8992 25.0075 -37.8170 3.6367 -26.6023 -47.4404 34.8362 -36.2281 -15.8685 -23.6799 -45.0537 28.3380 -33.9833 -39.6509 -19.0173 -42.3950 20.5714 -32.3552 -39.2165 -29.7761 6.1414 -38.0169 19.6927 -48.9559 -29.2455 13.4264 -39.7513 -10.1053 -47.6860 -31.6146 20.6009 -42.4357 -19.1101 -39.4156 -34.0211 28.4690 -45.0957 -23.7397 -15.4010 -36.2608 34.8775 -47.4736 -26.6376 3.8138 -37.8354 24.5507 -48.9079 -28.9008 12.3604 -39.3595 -7.6909 -48.1220 -31.2587 19.5065 -42.0357 -18.1967 -41.4591 -33.6616 27.2403 -44.6937 -23.1330 -20.3009 -35.8882 34.1632 -47.0138 -26.0684 0.2309 -37.4189 32.6865 -48.4056 -27.5541 6.7868 -37.8353 12.8437
-37.7435 5.4328 -27.2731 -48.2416 33.4888 -37.3534 -0.0061 -26.0932 -47.0930 34.4106 -36.0381 -17.7962 -23.4992 -44.9632 28.1257 -33.9274 -39.9155 -18.9284 -42.3570 20.3872 -31.5478 -47.7784 -9.6910 -39.6777 13.2277 -29.1798 -48.9522 20.7184 -37.9714 5.0872 -26.9051 -47.7165 35.0643 -36.4995 -12.0084 -24.1693 -45.4040 29.4361 -34.3059 -37.4802 -19.7958 -42.7608 21.5156 -31.9913 -46.5781 -20.3570 -48.6699 -27.6862 6.7459 -38.1505 14.5585 -48.9437 -29.5634 14.3952 -40.1135 -11.9298 -47.1552 -31.9428 21.6248 -42.8034 -19.8827 -37.2049 -34.3436 29.5709 -45.4473 -24.2268 -11.5669 -36.5319 35.0711 -47.7480 -26.9408 5.2475 -37.9891 20.1663 -48.9550 -29.2167 13.3413 -39.7197 -9.9297 -47.7262 -31.5860 20.5052 -42.3998 -19.0232 -39.6841 -33.9652 28.2544 -45.0044 -23.5610 -17.3019 -36.0711 34.4771 -47.1287 -26.1345 0.2309 -37.3788 33.3328 -48.2676 -27.3089 5.5889 -37.7675
3.6893 -26.9910 -48.0325 34.2968 -37.2315 -0.8437 -26.0265 -47.0930 34.5138 -36.1369 -15.7948 -23.8107 -45.2158 29.0002 -34.2009 -38.0352 -19.6564 -42.7089 21.3834 -31.8700 -47.2790 -11.5821 -40.0395 14.1981 -29.4973 -48.9519 15.6955 -38.1185 6.4064 -27.2095 -47.9742 34.9607 -36.7571 -8.4908 -24.6307 -45.7487 30.5133 -34.6254 -34.9551 -20.5189 -43.1280 22.5455 -32.2432 -46.4978 -14.6833 -42.7549 21.9134 -48.2425 -27.6234 7.8857 -38.2855 9.1208 -48.8683 -29.8831 15.3594 -40.4771 -13.4751 -46.4805 -32.2715 22.6664 -43.1705 -20.5999 -34.6366 -34.6620 30.6433 -45.7914 -24.6856 -8.0797 -36.7894 34.9228 -48.0038 -27.2465 6.5548 -38.1356 15.0733 -48.9481 -29.5344 14.3108 -40.0818 -11.7817 -47.2117 -31.9082 21.5033 -42.7517 -19.7447 -37.7686 -34.2384 29.1279 -45.2567 -23.8683 -15.3332 -36.1688 34.5747 -47.1287 -26.0684 -0.5789 -37.2606 34.1924 -48.0609 -27.0263 3.8733
-25.6840 -47.7807 34.8763 -37.0462 -2.4566 -25.8330 -46.9778 34.4106 -36.1369 -15.1066 -23.9733 -45.3811 29.6450 -34.4219 -36.1811 -20.2704 -43.0328 22.3351 -32.1778 -46.6599 -13.1491 -40.3991 15.1556 -29.8166 -48.8903 10.2749 -38.2569 7.6257 -27.5156 -48.2108 34.4424 -36.9987 -5.4109 -25.0629 -46.0866 31.5541 -34.9408 -32.0509 -21.1940 -43.4941 23.6026 -32.5656 -45.7298 -14.7884 -41.1530 23.8764 -38.4705 32.3066 -48.4615 -27.8949 9.0051 -38.4120 3.9442 -48.7600 -30.2046 16.3231 -40.8422 -14.8099 -45.6404 -32.6005 23.7260 -43.5364 -21.2698 -31.6874 -34.9766 31.6719 -46.1284 -25.1145 -5.0556 -37.0288 34.3436 -48.2388 -27.5540 7.7660 -38.2735 9.6345 -48.8787 -29.8539 15.2680 -40.4416 -13.3199 -46.5757 -32.2161 22.4570 -43.0755 -20.3534 -35.8827 -34.4593 29.7712 -45.4216 -24.0298 -14.6490 -36.1688 34.4771 -47.0138 -25.8769 -2.1593 -37.0757 34.8262 -47.8131 -25.7225
-47.4355 35.0678 -36.8193 -4.7640 -25.5343 -46.7641 34.0826 -36.0381 -15.7948 -23.9733 -45.4384 29.9833 -34.5648 -34.6545 -20.7414 -43.3074 23.1918 -32.4606 -45.9483 -14.4380 -40.7484 16.0967 -30.1318 -48.7844 4.9994 -38.3859 8.7688 -27.8233 -48.4229 33.4151 -37.2215 -2.7706 -25.4669 -46.4171 32.5244 -35.2501 -28.7630 -21.8269 -43.8587 24.6780 -32.8944 -44.7299 -15.8716 -41.2009 18.1478 -33.9503 7.5335 -37.6160 31.2259 -48.6408 -28.2003 10.0802 -38.6049 -0.5266 -48.6401 -30.5279 17.2915 -41.2085 -15.9828 -44.6103 -32.9294 24.8026 -43.9008 -21.8980 -28.3559 -35.2858 32.6327 -46.4572 -25.5143 -2.4699 -37.2477 33.2449 -48.4477 -27.8622 8.9078 -38.4034 4.4117 -48.7717 -30.1694 16.2091 -40.7910 -14.5878 -45.8460 -32.4989 23.3154 -43.3503 -20.8209 -34.3296 -34.6020 30.1086 -45.4789 -24.0298 -15.3332 -36.0711 34.1632 -46.8037 -25.5815 -4.4360 -36.8486 35.0642 -47.4698
32.6252 -36.4614 -7.6725 -25.1617 -46.4853 33.5121 -35.8511 -17.7962 -23.8107 -45.3811 29.9833 -34.6136 -33.7922 -21.0345 -43.5095 23.8854 -32.7007 -45.1976 -15.4833 -41.0748 16.9934 -30.4360 -48.6711 0.4415 -38.5506 9.8468 -28.1329 -48.6068 31.7764 -37.4227 -0.5160 -25.8421 -46.7396 33.3994 -35.5537 -25.1219 -22.4227 -44.2213 25.7695 -33.2229 -43.5071 -16.9227 -41.5383 18.2475 -31.5832 -43.2384 -29.0252 2.7873 -37.6507 28.7876 -48.7849 -28.5120 11.1153 -38.9144 -4.1634 -48.4659 -30.8536 18.2681 -41.5755 -17.0286 -43.3626 -33.2578 25.8938 -44.2630 -22.4890 -24.6781 -35.5886 33.4940 -46.7765 -25.8848 -0.2622 -37.4452 31.5233 -48.6274 -28.1720 9.9848 -38.5815 -0.0527 -48.6572 -30.4739 17.1064 -41.1175 -15.6179 -45.0772 -32.7391 24.0112 -43.5525 -21.1123 -33.4518 -34.6507 30.1086 -45.4216 -23.8683 -17.3019 -35.8882 33.6084 -46.5261 -25.2119 -7.2997 -36.4915 32.5772
-35.9092 -11.1081 -24.7415 -46.1695 32.7292 -35.6041 -20.7968 -23.4992 -45.2158 29.6450 -34.5648 -33.7922 -21.1327 -43.6159 24.3349 -32.8759 -44.5062 -16.2827 -41.3625 17.8049 -30.7206 -48.5344 -3.1597 -38.8204 10.8660 -28.4397 -48.7567 29.4253 -37.6024 1.4312 -26.1862 -47.0492 34.1409 -35.8494 -21.2121 -22.9835 -44.5811 26.8765 -33.5505 -42.0391 -17.8762 -41.9039 19.1597 -31.2265 -47.8900 -18.3538 -48.2902 -26.9623 3.5464 -37.8005 25.4544 -48.8898 -28.8258 12.1204 -39.2724 -7.0748 -48.2013 -31.1795 19.2565 -41.9431 -17.9729 -41.8664 -33.5850 26.9955 -44.6223 -23.0460 -20.7463 -35.8833 34.2164 -47.0845 -26.2243 1.6407 -37.6207 29.0764 -48.7739 -28.4788 10.9954 -38.8652 -3.5649 -48.5118 -30.7585 17.9191 -41.4054 -16.4069 -44.3699 -32.9147 24.4635 -43.6611 -21.2100 -33.4518 -34.6020 29.7712 -45.2567 -23.5610 -20.3009 -35.6421 32.8419 -46.2097 -24.7939 -10.6791 -35.9461
-16.4866 -24.2882 -45.8341 31.7974 -35.3206 -24.3124 -23.0682 -44.9632 29.0002 -34.4219 -34.6545 -21.0345 -43.6159 24.4913 -32.9671 -44.0186 -16.8244 -41.5877 18.4893 -30.9684 -48.3497 -5.9082 -39.1429 11.8086 -28.7365 -48.8672 26.3190 -37.7643 3.1180 -26.5019 -47.3457 34.7006 -36.1359 -17.1874 -23.5127 -44.9379 27.9821 -33.8759 -40.2929 -18.7457 -42.2717 20.1512 -31.4785 -47.8420 -11.1227 -41.9955 30.2734 -47.7329 -26.9103 4.9379 -37.9540 21.2597 -48.9485 -29.1416 13.1052 -39.6324 -9.4263 -47.8330 -31.5065 20.2600 -42.3111 -18.8349 -40.0884 -33.9106 28.1011 -44.9781 -23.5715 -16.7209 -36.1686 34.7515 -47.3794 -26.5375 3.3017 -37.7816 25.8856 -48.8800 -28.7767 11.9348 -39.1879 -6.2401 -48.3183 -31.0065 18.6045 -41.6309 -16.9423 -43.8623 -33.0075 24.6213 -43.6611 -21.1123 -34.3296 -34.4593 29.1279 -45.0044 -23.1330 -23.8568 -35.3587 31.9206 -45.8750 -24.3444 -15.9915
-22.9291 -45.4872 30.7752 -35.0160 -27.9120 -22.5522 -44.6521 28.1257 -34.2009 -36.1811 -20.7414 -43.5095 24.3349 -32.9671 -43.8448 -17.0951 -41.7315 18.9886 -31.1633 -48.1459 -7.9010 -39.4341 12.6554 -29.0153 -48.9353 22.5747 -37.9135 4.5826 -26.8006 -47.6267 35.0219 -36.4113 -13.2522 -24.0117 -45.2897 29.0836 -34.1995 -38.2342 -19.5452 -42.6395 21.1669 -31.7995 -47.3983 -11.3247 -40.3082 21.4162 -38.0677 34.8711 -47.9489 -27.1795 6.2594 -38.1018 16.3099 -48.9549 -29.4600 14.0770 -39.9940 -11.3625 -47.3453 -31.8346 21.2839 -42.6790 -19.6276 -37.9940 -34.2339 29.2013 -45.3294 -24.0671 -12.8094 -36.4426 35.0408 -47.6584 -26.8359 4.7483 -37.9321 22.0251 -48.9418 -29.0567 12.7791 -39.4771 -8.1813 -48.1065 -31.2014 19.1051 -41.7768 -17.2121 -43.6751 -33.0075 24.4635 -43.5525 -20.8209 -35.8827 -34.2384 28.2544 -44.6937 -22.6210 -27.4836 -35.0558 30.9012 -45.5306 -22.9837
-45.1768 29.6955 -34.7025 -31.2863 -21.9752 -44.3081 27.1115 -33.9274 -38.0352 -20.2704 -43.3074 23.8854 -32.8759 -44.0186 -17.0951 -41.7816 19.2498 -31.2880 -47.9695 -9.2492 -39.6758 13.3825 -29.2657 -48.9619 18.4506 -38.0508 5.8588 -27.0899 -47.8837 35.0393 -36.6731 -9.6073 -24.4811 -45.6357 30.1680 -34.5200 -35.8297 -20.2858 -43.0067 22.2001 -32.1279 -46.7941 -12.8388 -40.3502 15.8850 -33.3447 4.5107 -37.1922 34.4944 -48.1861 -27.4811 7.4886 -38.2413 10.9104 -48.9010 -29.7791 15.0423 -40.3572 -12.9915 -46.7203 -32.1629 22.3196 -43.0469 -20.3627 -35.5493 -34.5541 30.2829 -45.6753 -24.5339 -9.2083 -36.7027 35.0183 -47.9133 -27.1254 6.0111 -38.0666 17.7942 -48.9618 -29.3064 13.4985 -39.7181 -9.4979 -47.9238 -31.3261 19.3672 -41.8287 -17.2121 -43.8623 -32.9147 24.0112 -43.3503 -20.3534 -37.7686 -33.9652 27.2403 -44.3504 -22.0498 -30.8819 -34.7423 29.8311 -45.2193
28.7197 -34.3256 -34.2859 -21.3515 -43.9478 26.0346 -33.6236 -39.9155 -19.6564 -43.0328 23.1918 -32.7007 -44.5062 -16.8244 -41.7315 19.2498 -31.3305 -47.8683 -10.0284 -39.8485 13.9395 -29.4739 -48.9526 14.3484 -38.1722 6.9625 -27.3645 -48.1108 34.7046 -36.9120 -6.4392 -24.9176 -45.9749 31.2116 -34.8367 -33.0523 -20.9761 -43.3732 23.2513 -32.4556 -46.0292 -14.2501 -40.6849 15.9847 -30.8154 -45.8586 -28.2541 -1.6694 -37.2256 33.5488 -48.4013 -27.7889 8.6397 -38.3716 5.5863 -48.7958 -30.1000 16.0071 -40.7219 -14.3902 -45.9374 -32.4919 23.3735 -43.4154 -21.0480 -32.7305 -34.8703 31.3286 -46.0138 -24.9680 -6.0896 -36.9400 34.6358 -48.1381 -27.4002 7.1049 -38.1853 13.6761 -48.9475 -29.5125 14.0525 -39.8907 -10.2597 -47.8191 -31.3686 19.3672 -41.7768 -16.9423 -44.3699 -32.7391 23.3154 -43.0755 -19.7447 -39.6841 -33.6616 26.1634 -43.9925 -21.4321 -33.9307 -34.3634 28.8470
-33.5026 -36.9176 -20.6869 -43.5830 24.9430 -33.3027 -41.6554 -18.9284 -42.7089 22.3351 -32.4606 -45.1976 -16.2827 -41.5877 18.9886 -31.2880 -47.8683 -10.2780 -39.9386 14.2883 -29.6224 -48.9236 10.8206 -38.2693 7.8832 -27.6159 -48.3056 34.0050 -37.1229 -3.8035 -25.3155 -46.2988 32.1887 -35.1462 -29.9111 -21.6222 -43.7383 24.3200 -32.7842 -45.0861 -15.4879 -41.0485 16.8792 -30.4675 -48.5579 -15.9029 -47.7456 -26.2025 -0.6252 -37.4040 31.9852 -48.5882 -28.0994 9.7312 -38.5268 0.8557 -48.6797 -30.4226 16.9789 -41.0878 -15.6120 -44.9729 -32.8209 24.4454 -43.7804 -21.6903 -29.5283 -35.1797 32.3055 -46.3392 -25.3632 -3.5007 -37.1490 33.8822 -48.3304 -27.6518 8.0212 -38.2845 10.1745 -48.9147 -29.6597 14.4008 -39.9808 -10.5041 -47.8191 -31.3261 19.1051 -41.6309 -16.4069 -45.0772 -32.4989 22.4570 -42.7517 -19.0232 -41.4591 -33.3405 25.0768 -43.6286 -20.7727 -36.6211 -33.5434
-40.0960 -19.9717 -43.2166 23.8625 -32.9743 -43.1745 -18.0936 -42.3570 21.3834 -32.1778 -45.9483 -15.4833 -41.3625 18.4893 -31.1633 -47.9695 -10.0284 -39.9386 14.4092 -29.6986 -48.8955 8.3475 -38.3397 8.6023 -27.8312 -48.4618 32.9807 -37.3048 -1.6598 -25.6697 -46.6040 33.0648 -35.4415 -26.4541 -22.2234 -44.0993 25.4049 -33.1126 -43.9446 -16.5855 -41.4149 17.8424 -30.7187 -48.5367 -5.7365 -41.2176 34.3685 -47.1085 -26.1881 1.2380 -37.5816 29.7160 -48.7430 -28.4106 10.7779 -38.7967 -3.0508 -48.5326 -30.7464 17.9524 -41.4546 -16.6959 -43.8003 -33.1495 25.5322 -44.1412 -22.2889 -26.0240 -35.4767 33.1726 -46.6436 -25.7136 -1.3975 -37.3285 32.8006 -48.4841 -27.8686 8.7418 -38.3576 7.7233 -48.8837 -29.7358 14.5216 -39.9808 -10.2597 -47.9238 -31.2014 18.6045 -41.4054 -15.6179 -45.8460 -32.2161 21.5033 -42.3998 -18.1967 -43.0096 -33.0123 23.9962 -43.2629 -20.0612 -39.8558
-19.0808 -42.8457 22.7989 -32.6440 -44.4550 -17.1624 -41.9928 20.3872 -31.8700 -46.6599 -14.4380 -41.0748 17.8049 -30.9684 -48.1459 -9.2492 -39.8485 14.2883 -29.6986 -48.8838 7.1080 -38.3837 9.0982 -27.9970 -48.5767 31.7719 -37.4517 0.0476 -25.9737 -46.8813 33.7978 -35.7186 -22.8210 -22.7754 -44.4530 26.4909 -33.4378 -42.5658 -17.5708 -41.7822 18.8223 -31.0359 -48.3261 -6.1160 -39.4699 19.0546 -37.6341 34.9477 -47.3224 -26.4718 2.9383 -37.7460 26.6504 -48.8603 -28.7224 11.7914 -39.1539 -6.1837 -48.2993 -31.0718 18.9307 -41.8218 -17.6711 -42.3898 -33.4758 26.6194 -44.4948 -22.8403 -22.3366 -35.7553 33.8870 -46.9179 -26.0141 0.2787 -37.4732 31.5364 -48.5969 -28.0355 9.2332 -38.4004 6.4975 -48.8710 -29.7358 14.4008 -39.8907 -9.4979 -48.1065 -31.0065 17.9191 -41.1175 -14.5878 -46.5757 -31.9082 20.5052 -42.0357 -17.2756 -44.3170 -32.6836 22.9319 -42.8936 -19.1593
-42.6749 21.7441 -32.3136 -45.5184 -16.1310 -41.6252 19.3903 -31.5478 -47.2790 -13.1491 -40.7484 16.9934 -30.7206 -48.3497 -7.9010 -39.6758 13.9395 -29.6224 -48.8955 7.1080 -38.3978 9.3481 -28.1012 -48.6512 30.6278 -37.5609 1.3408 -26.2213 -47.1216 34.3565 -35.9705 -19.2261 -23.2761 -44.7920 27.5523 -33.7563 -40.9388 -18.4581 -42.1491 19.8173 -31.3604 -48.0085 -8.4712 -39.5069 13.6351 -32.7456 0.6702 -36.6973 35.0196 -47.5997 -26.7712 4.4585 -37.9033 22.7356 -48.9345 -29.0369 12.7814 -39.5131 -8.7023 -47.9669 -31.3986 19.9260 -42.1895 -18.5555 -40.7284 -33.7943 27.6811 -44.8334 -23.3398 -18.7205 -36.0073 34.4256 -47.1569 -26.2588 1.5505 -37.5807 30.3308 -48.6704 -28.1397 9.4772 -38.4128 6.4975 -48.8837 -29.6597 14.0525 -39.7181 -8.1813 -48.3183 -30.7585 17.1064 -40.7910 -13.3199 -47.2117 -31.5860 19.5065 -41.6680 -16.2576 -45.3993 -32.3544 21.8790 -42.7181
21.0293 -31.9563 -46.3830 -14.9701 -41.2581 18.4007 -31.2207 -47.7784 -11.5821 -40.3991 16.0967 -30.4360 -48.5344 -5.9082 -39.4341 13.3825 -29.4739 -48.9236 8.3475 -38.3837 9.3481 -28.1360 -48.6865 29.7988 -37.6349 2.2549 -26.4104 -47.3200 34.7316 -36.1913 -15.9175 -23.7188 -45.1077 28.5682 -34.0607 -39.0882 -19.2569 -42.5098 20.8181 -31.6864 -47.5789 -10.5487 -39.8379 13.7364 -30.0517 -47.4762 -27.4062 -8.0306 -36.6841 35.0524 -47.8634 -27.0735 5.8312 -38.0538 18.0138 -48.9585 -29.3534 13.7564 -39.8742 -10.7619 -47.5206 -31.7244 20.9342 -42.5525 -19.3486 -38.8423 -34.0984 28.6964 -45.1490 -23.7803 -15.4425 -36.2255 34.7805 -47.3538 -26.4461 2.4508 -37.6526 29.4675 -48.7049 -28.1748 9.4772 -38.4004 7.7233 -48.9147 -29.5125 13.4985 -39.4771 -6.2401 -48.5118 -30.4739 16.2091 -40.4416 -11.7817 -47.7262 -31.2587 18.5154 -41.3008 -15.1197 -46.2855 -31.9953 21.1592
-30.9671 -47.0811 -13.6561 -40.8916 17.4229 -30.8948 -48.1608 -9.6910 -40.0395 15.1556 -30.1318 -48.6711 -3.1597 -39.1429 12.6554 -29.2657 -48.9526 10.8206 -38.3397 9.0982 -28.1012 -48.6865 29.4905 -37.6715 2.8017 -26.5393 -47.4679 34.9433 -36.3733 -13.1093 -24.0984 -45.3930 29.5028 -34.3440 -37.0377 -19.9699 -42.8604 21.8126 -32.0084 -47.0239 -12.2859 -40.1958 14.6294 -29.7144 -48.7766 -12.6738 -47.0797 -25.2868 -6.5247 -36.8989 34.7296 -48.1081 -27.3787 7.0918 -38.1962 12.7174 -48.9257 -29.6708 14.7228 -40.2369 -12.4712 -46.9499 -32.0461 21.9331 -42.9031 -20.0554 -36.7545 -34.3814 29.6294 -45.4337 -24.1552 -12.6648 -36.4048 34.9739 -47.5007 -26.5744 2.9898 -37.6891 29.1633 -48.7049 -28.1397 9.2332 -38.3576 10.1745 -48.9475 -29.3064 12.7791 -39.1879 -3.5649 -48.6572 -30.1694 15.2680 -40.0818 -9.9297 -48.1220 -30.9327 17.5363 -40.9345 -13.8287 -47.0069 -31.0071
-47.8571 -12.1356 -40.5243 16.4531 -30.5701 -48.4376 -7.3991 -39.6777 14.1981 -29.8166 -48.7844 0.4415 -38.8204 11.8086 -29.0153 -48.9619 14.3484 -38.2693 8.6023 -27.9970 -48.6512 29.7988 -37.6715 2.9786 -26.6042 -47.5586 35.0346 -36.5083 -10.9508 -24.4046 -45.6404 30.3270 -34.6002 -34.8757 -20.5942 -43.1925 22.7850 -32.3206 -46.3415 -13.7526 -40.5547 15.5738 -29.9618 -48.7797 3.1750 -40.4502 35.4036 -46.4045 -25.3343 -3.8490 -37.1262 33.9431 -48.3314 -27.6856 8.2663 -38.3296 7.3348 -48.8276 -29.9909 15.6785 -40.5949 -13.9106 -46.2497 -32.3588 22.9076 -43.2352 -20.6750 -34.5548 -34.6372 30.4509 -45.6804 -24.4581 -10.5333 -36.5391 35.0508 -47.5910 -26.6396 3.1643 -37.6891 29.4675 -48.6704 -28.0355 8.7418 -38.2845 13.6761 -48.9618 -29.0567 11.9348 -38.8652 -0.0527 -48.7717 -29.8539 14.3108 -39.7197 -7.6909 -48.4103 -30.6078 16.5664 -40.5691 -12.3280 -47.8065
-12.5101 -40.1583 15.4833 -30.2471 -48.6226 -4.5674 -39.3176 13.2277 -29.4973 -48.8903 4.9994 -38.5506 10.8660 -28.7365 -48.9353 18.4506 -38.1722 7.8832 -27.8312 -48.5767 30.6278 -37.6349 2.8017 -26.6042 -47.5890 35.0605 -36.5918 -9.5141 -24.6287 -45.8361 31.0003 -34.8202 -32.7318 -21.1305 -43.4972 23.7032 -32.6148 -45.5440 -14.9882 -40.9057 16.5094 -30.2708 -48.7259 2.5247 -38.6729 16.7625 -37.1412 33.5563 -46.6141 -25.6859 -1.4616 -37.3357 32.5915 -48.5283 -27.9944 9.3755 -38.4549 2.3709 -48.7164 -30.3081 16.6212 -40.9457 -15.1276 -45.4319 -32.6533 23.8281 -43.5404 -21.2073 -32.3772 -34.8568 31.1209 -45.8756 -24.6808 -9.0949 -36.6239 35.0688 -47.6214 -26.6396 2.9898 -37.6526 30.3308 -48.5969 -27.8686 8.0212 -38.1853 17.7942 -48.9418 -28.7767 10.9954 -38.5815 4.4117 -48.8787 -29.5344 13.3413 -39.3595 -4.9304 -48.6053 -30.2845 15.6016 -40.2026 -12.6645
-40.1835 14.5142 -29.9253 -48.7435 -1.0307 -38.9594 12.2450 -29.1798 -48.9519 10.2749 -38.3859 9.8468 -28.4397 -48.8672 22.5747 -38.0508 6.9625 -27.6159 -48.4618 31.7719 -37.5609 2.2549 -26.5393 -47.5586 35.0605 -36.6196 -8.7915 -24.7656 -45.9708 31.4975 -34.9955 -30.7581 -21.5735 -43.7686 24.5473 -32.8850 -44.6561 -16.0204 -41.2408 17.4213 -30.5793 -48.6152 -1.3456 -38.6756 11.3149 -32.1060 -4.6723 -36.1129 33.8809 -46.9178 -26.0384 0.5909 -37.5227 30.5721 -48.6944 -28.3048 10.4325 -38.6824 -1.7673 -48.5976 -30.6170 17.5347 -41.2833 -16.1480 -44.5226 -32.9235 24.6739 -43.8117 -21.6465 -30.3764 -35.0319 31.6148 -46.0101 -24.8169 -8.3797 -36.6533 35.0688 -47.5910 -26.5744 2.4508 -37.5807 31.5364 -48.4841 -27.6518 7.1049 -38.0666 22.0251 -48.8800 -28.4788 9.9848 -38.4034 9.6345 -48.9481 -29.2167 12.3604 -39.0011 -1.4840 -48.7277 -29.9626 14.6320 -40.2224
13.6604 -29.5960 -48.8537 3.3321 -38.6335 11.2429 -28.8641 -48.9522 15.6955 -38.2569 8.7688 -28.1329 -48.7567 26.3190 -37.9135 5.8588 -27.3645 -48.3056 32.9807 -37.4517 1.3408 -26.4104 -47.4679 35.0346 -36.5918 -8.7915 -24.8116 -46.0405 31.8018 -35.1194 -29.1400 -21.9154 -43.9940 25.2917 -33.1259 -43.7116 -16.8803 -41.5542 18.2862 -30.8757 -48.4401 -4.6487 -38.9810 11.4005 -29.2892 -48.3698 -26.4307 -16.6246 -36.0567 34.4855 -47.2172 -26.3633 2.3801 -37.6911 27.7860 -48.8252 -28.6126 11.4297 -39.0186 -5.0081 -48.4129 -30.9136 18.4008 -41.5972 -16.9972 -43.5572 -33.1642 25.4192 -44.0363 -21.9860 -28.7374 -35.1555 31.9172 -46.0817 -24.8626 -8.3797 -36.6239 35.0508 -47.5007 -26.4461 1.5505 -37.4732 32.8006 -48.3304 -27.4002 6.0111 -37.9321 25.8856 -48.7739 -28.1720 8.9078 -38.2735 15.0733 -48.9550 -28.9008 11.3609 -38.6610 2.7812 -48.8392 -29.6329 13.7776
-28.4684 -48.9387 8.4405 -38.4272 10.2125 -28.5504 -48.8992 20.7184 -38.1185 7.6257 -27.8233 -48.6068 29.4253 -37.7643 4.5826 -27.0899 -48.1108 34.0050 -37.3048 0.0476 -26.2213 -47.3200 34.9433 -36.5083 -9.5141 -24.7656 -46.0405 31.9011 -35.1853 -28.0672 -22.1539 -44.1661 25.8865 -33.3270 -42.7710 -17.5886 -41.8385 19.0879 -31.1502 -48.2019 -7.2220 -39.3101 12.2687 -28.9529 -48.7731 -7.9595 -46.3272 -24.2173 -14.7210 -36.2968 34.9137 -47.5036 -26.6695 3.9600 -37.8513 24.2288 -48.9134 -28.9143 12.3728 -39.3524 -7.5195 -48.1644 -31.1896 19.2044 -41.8819 -17.6972 -42.5972 -33.3652 26.0145 -44.2083 -22.2228 -27.6519 -35.2213 32.0162 -46.0817 -24.8169 -9.0949 -36.5391 34.9739 -47.3538 -26.2588 0.2787 -37.3285 33.8822 -48.1381 -27.1254 4.7483 -37.7816 29.0764 -48.6274 -27.8622 7.7660 -38.1356 20.1663 -48.9079 -28.5868 10.3343 -38.4411 7.8182 -48.9325 -28.5075
-48.8475 13.9166 -38.3038 9.1432 -28.2384 -48.8004 25.0075 -37.9714 6.4064 -27.5156 -48.4229 31.7764 -37.6024 3.1180 -26.8006 -47.8837 34.7046 -37.1229 -1.6598 -25.9737 -47.1216 34.7316 -36.3733 -10.9508 -24.6287 -45.9708 31.8018 -35.1853 -27.6951 -22.2773 -44.2757 26.3128 -33.4782 -41.9334 -18.1441 -42.0868 19.8103 -31.3980 -47.9168 -9.2012 -39.6245 13.1447 -29.1757 -48.9185 15.8924 -39.8870 34.5286 -45.6391 -24.3199 -11.1213 -36.5603 35.0729 -47.7740 -26.9695 5.3560 -37.9999 19.9833 -48.9562 -29.2061 13.2586 -39.6672 -9.4638 -47.8665 -31.4376 19.9282 -42.1302 -18.2468 -41.7425 -33.5164 26.4411 -44.3178 -22.3454 -27.2757 -35.2213 31.9172 -46.0101 -24.6808 -10.5333 -36.4048 34.7805 -47.1569 -26.0141 -1.3975 -37.1490 34.6358 -47.9133 -26.8359 3.3017 -37.6207 31.5233 -48.4477 -27.5540 6.5548 -37.9891 24.5507 -48.8140 -28.2746 9.2702 -38.3190 13.2848 -48.8487
8.1805 -37.9658 8.0213 -27.9283 -48.6617 28.4498 -37.8170 5.0872 -27.2095 -48.2108 33.4151 -37.4227 1.4312 -26.5019 -47.6267 35.0393 -36.9120 -3.8035 -25.6697 -46.8813 34.3565 -36.1913 -13.1093 -24.4046 -45.8361 31.4975 -35.1194 -28.0672 -22.2773 -44.3119 26.5392 -33.5747 -41.2998 -18.5396 -42.2830 20.4158 -31.6127 -47.6024 -10.7268 -39.9130 13.9555 -29.4449 -48.9530 15.4886 -38.3640 14.4559 -36.5898 31.3816 -45.8419 -24.7379 -7.7414 -36.8115 34.8889 -48.0222 -27.2637 6.5928 -38.1352 15.2894 -48.9530 -29.4809 14.0685 -39.9553 -10.9565 -47.5412 -31.6514 20.5344 -42.3261 -18.6382 -41.0961 -33.6128 26.6678 -44.3540 -22.3454 -27.6519 -35.1555 31.6148 -45.8756 -24.4581 -12.6648 -36.2255 34.4256 -46.9179 -25.7136 -3.5007 -36.9400 35.0183 -47.6584 -26.5375 1.6407 -37.4452 33.2449 -48.2388 -27.2465 5.2475 -37.8354 28.0925 -48.6797 -27.9643 8.1552 -37.9803 7.6105
-37.9596 6.8221 -27.6197 -48.4886 31.0649 -37.6561 3.6367 -26.9051 -47.9742 34.4424 -37.2215 -0.5160 -26.1862 -47.3457 35.0219 -36.6731 -6.4392 -25.3155 -46.6040 33.7978 -35.9705 -15.9175 -24.0984 -45.6404 31.0003 -34.9955 -29.1400 -22.1539 -44.2757 26.5392 -33.6089 -40.9461 -18.7818 -42.4188 20.8696 -31.7833 -47.2914 -11.8802 -40.1687 14.6831 -29.6957 -48.9155 11.1876 -38.2661 8.6973 -31.4051 -12.3484 -35.4491 31.8383 -46.1641 -25.1551 -4.8207 -37.0434 34.3047 -48.2435 -27.5492 7.6969 -38.2583 10.6013 -48.9061 -29.7331 14.7976 -40.2120 -12.0779 -47.2234 -31.8220 20.9891 -42.4619 -18.8782 -40.7352 -33.6471 26.6678 -44.3178 -22.2228 -28.7374 -35.0319 31.1209 -45.6804 -24.1552 -15.4425 -36.0073 33.8870 -46.6436 -25.3632 -6.0893 -36.7028 35.0408 -47.3794 -26.2243 -0.2622 -37.2477 34.3436 -48.0038 -26.9408 3.8138 -37.6751 30.8005 -48.5104 -27.6555 6.9651 -37.9829
5.2862 -27.3195 -48.2856 32.9331 -37.4842 2.0143 -26.6023 -47.7165 34.9607 -36.9987 -2.7706 -25.8421 -47.0492 34.7006 -36.4113 -9.6073 -24.9176 -46.2988 33.0648 -35.7186 -19.2261 -23.7188 -45.3930 30.3270 -34.8202 -30.7581 -21.9154 -44.1661 26.3128 -33.5747 -40.9461 -18.8671 -42.4911 21.1605 -31.9044 -47.0248 -12.7091 -40.3793 15.3059 -29.9180 -48.8398 7.0073 -38.3528 8.6471 -28.4791 -48.7400 -25.2937 -25.8827 -35.3655 32.7286 -46.4846 -25.5404 -2.3633 -37.2509 33.2759 -48.4348 -27.8212 8.6807 -38.3655 6.3949 -48.8240 -29.9582 15.4228 -40.4238 -12.8905 -46.9491 -31.9431 21.2810 -42.5343 -18.9628 -40.7352 -33.6128 26.4411 -44.2083 -21.9860 -30.3764 -34.8568 30.4509 -45.4337 -23.7804 -18.7200 -35.7563 33.1733 -46.3398 -24.9691 -9.2064 -36.4428 34.7516 -47.0845 -25.8848 -2.4699 -37.0288 34.9228 -47.7480 -26.6376 2.2138 -37.5050 32.7507 -48.3106 -27.3549 5.4501
-26.0377 -48.0543 34.1564 -37.2919 0.1674 -26.2927 -47.4404 35.0643 -36.7571 -5.4109 -25.4669 -46.7396 34.1409 -36.1359 -13.2522 -24.4811 -45.9749 32.1887 -35.4415 -22.8210 -23.2761 -45.1077 29.5028 -34.6002 -32.7318 -21.5735 -43.9940 25.8865 -33.4782 -41.2998 -18.7818 -42.4911 21.2632 -31.9708 -46.8370 -13.2625 -40.5383 15.7919 -30.1023 -48.7595 3.5236 -38.4418 9.4180 -28.1093 -48.4525 0.3075 -45.4944 -22.9803 -24.1139 -35.6172 33.5456 -46.7887 -25.8877 -0.3231 -37.4312 31.8050 -48.5921 -28.0740 9.5399 -38.4562 2.9310 -48.7448 -30.1450 15.9097 -40.5830 -13.4342 -46.7551 -32.0099 21.3844 -42.5343 -18.8782 -41.0961 -33.5164 26.0145 -44.0363 -21.6465 -32.3772 -34.6374 29.6313 -45.1498 -23.3425 -22.3107 -35.4794 32.3129 -46.0154 -24.5364 -12.8040 -36.1697 34.2165 -46.7765 -25.5143 -5.0556 -36.7894 35.0711 -47.4736 -26.3296 0.3961 -37.3156 34.0439 -48.0821 -26.0759
-47.7184 34.8345 -37.0775 -1.9691 -25.9600 -47.1486 34.8362 -36.4995 -8.4908 -25.0629 -46.4171 33.3994 -35.8494 -17.1874 -24.0117 -45.6357 31.2116 -35.1462 -26.4541 -22.7754 -44.7920 28.5682 -34.3440 -34.8757 -21.1305 -43.7686 25.2917 -33.3270 -41.9334 -18.5396 -42.4188 21.1605 -31.9708 -46.7663 -13.5511 -40.6419 16.1377 -30.2399 -48.7056 0.9035 -38.5502 10.1461 -28.2717 -48.6825 27.6337 -39.2546 32.5268 -44.8262 -23.1281 -20.4786 -35.8936 34.2168 -47.0729 -26.1949 1.3644 -37.5823 29.9573 -48.7156 -28.3020 10.2721 -38.5792 0.3433 -48.6934 -30.2826 16.2561 -40.6879 -13.7202 -46.6815 -32.0099 21.2810 -42.4619 -18.6382 -41.7425 -33.3652 25.4192 -43.8117 -21.2073 -34.5529 -34.3833 28.7007 -44.8343 -22.8462 -25.9751 -35.1830 31.3385 -45.6786 -24.0714 -16.7149 -35.8844 33.4940 -46.4572 -25.1145 -8.0797 -36.5319 34.8775 -47.1834 -26.0004 -1.7029 -37.1037 34.7804 -47.7476
31.9583 -36.7273 -4.4687 -25.5959 -46.8433 34.3483 -36.2281 -12.0084 -24.6307 -46.0866 32.5244 -35.5537 -21.2121 -23.5127 -45.2897 30.1680 -34.8367 -29.9111 -22.2234 -44.4530 27.5523 -34.0607 -37.0377 -20.5942 -43.4972 24.5473 -33.1259 -42.7710 -18.1441 -42.2830 20.8696 -31.9044 -46.8370 -13.5511 -40.6784 16.3266 -30.3289 -48.6702 -0.8697 -38.6941 10.7404 -28.4614 -48.7898 28.0024 -37.9432 11.9023 -35.9798 28.8170 -45.0137 -23.5900 -16.7255 -36.1551 34.7065 -47.3315 -26.4600 2.7476 -37.7090 27.8653 -48.8070 -28.4990 10.8645 -38.7370 -1.3833 -48.6546 -30.3696 16.4489 -40.7258 -13.7202 -46.7551 -31.9431 20.9891 -42.3261 -18.2468 -42.5972 -33.1642 24.6739 -43.5404 -20.6754 -36.7389 -34.1002 27.6844 -44.4971 -22.2951 -29.4966 -34.8733 30.2932 -45.3328 -23.5760 -20.7426 -35.5887 32.6327 -46.1284 -24.6856 -11.5669 -36.2608 34.4165 -46.8795 -25.6399 -4.1566 -36.7546 31.8533
-36.2320 -7.4159 -25.2022 -46.5263 33.6615 -35.9451 -15.8685 -24.1693 -45.7487 31.5541 -35.2501 -25.1219 -22.9835 -44.9379 29.0836 -34.5200 -33.0523 -21.6222 -44.0993 26.4909 -33.7563 -39.0882 -19.9699 -43.1925 23.7032 -32.8850 -43.7116 -17.5886 -42.0868 20.4158 -31.7833 -47.0248 -13.2625 -40.6419 16.3266 -30.3614 -48.6470 -1.9088 -38.8162 11.1706 -28.6154 -48.8555 26.1315 -37.8215 5.1660 -30.6034 -22.1908 -34.7093 29.2817 -45.3285 -24.0409 -13.2231 -36.3934 34.9906 -47.5578 -26.6897 3.8730 -37.8170 25.7188 -48.8680 -28.6534 11.2967 -38.8604 -2.3772 -48.6301 -30.4004 16.4489 -40.6879 -13.4342 -46.9491 -31.8220 20.5344 -42.1302 -17.6972 -43.5572 -32.9235 23.8281 -43.2352 -20.0564 -38.8297 -33.7947 26.6205 -44.1438 -21.6949 -32.7036 -34.5571 29.2119 -44.9815 -23.0485 -24.6752 -35.2859 31.6719 -45.7914 -24.2268 -15.4010 -35.9787 33.7500 -46.5638 -25.2496 -7.0514 -36.2657
-12.2080 -24.7811 -46.1991 32.8262 -35.6522 -19.8877 -23.6799 -45.4040 30.5133 -34.9408 -28.7630 -22.4227 -44.5811 27.9821 -34.1995 -35.8297 -20.9761 -43.7383 25.4049 -33.4378 -40.9388 -19.2569 -42.8604 22.7850 -32.6148 -44.6561 -16.8803 -41.8385 19.8103 -31.6127 -47.2914 -12.7091 -40.5383 16.1377 -30.3289 -48.6470 -2.2604 -38.8793 11.4297 -28.7208 -48.8943 24.2855 -37.8880 4.7324 -27.5406 -48.8070 -23.9199 -33.9996 -34.5952 30.2209 -45.6341 -24.4449 -10.1883 -36.6029 35.0719 -47.7526 -26.8922 4.7713 -37.9038 23.8084 -48.9037 -28.7575 11.5587 -38.9252 -2.7027 -48.6301 -30.3696 16.2561 -40.5830 -12.8905 -47.2234 -31.6514 19.9282 -41.8819 -16.9972 -44.5226 -32.6533 22.9096 -42.9041 -19.3510 -40.7240 -33.4778 25.5337 -43.7811 -21.0537 -35.5255 -34.2370 28.1118 -44.6255 -22.4904 -28.3537 -34.9766 30.6433 -45.4473 -23.7397 -19.4166 -35.6868 32.9297 -46.2376 -24.8319 -11.7691
-23.3947 -45.8600 31.8830 -35.3511 -23.8553 -23.1608 -45.0537 29.4361 -34.6254 -32.0509 -21.8269 -44.2213 26.8765 -33.8759 -38.2342 -20.2858 -43.3732 24.3200 -33.1126 -42.5658 -18.4581 -42.5098 21.8126 -32.3206 -45.5440 -16.0204 -41.5542 19.0879 -31.3980 -47.6024 -11.8802 -40.3793 15.7919 -30.2399 -48.6702 -1.9088 -38.8793 11.5180 -28.7755 -48.9138 22.9085 -37.9486 5.2852 -27.0919 -47.9097 15.1551 -44.7288 -21.4709 -32.8221 -34.8297 31.1144 -45.9132 -24.7960 -7.6775 -36.7824 34.9779 -47.9111 -27.0575 5.4345 -37.9660 22.4015 -48.9218 -28.8121 11.6465 -38.9252 -2.3772 -48.6546 -30.2826 15.9097 -40.4238 -12.0779 -47.5412 -31.4376 19.2044 -41.5972 -16.1480 -45.4318 -32.3591 21.9371 -42.5545 -18.5598 -42.3759 -33.1530 24.4490 -43.4163 -20.3695 -37.9720 -33.9137 27.0062 -44.2662 -21.8989 -31.6852 -34.6620 29.5709 -45.0956 -23.2237 -23.4014 -35.3866 31.9972 -45.8995 -23.4433
-45.5359 30.8544 -35.0437 -27.5973 -22.6107 -44.6989 28.3380 -34.3059 -34.9551 -21.1940 -43.8587 25.7695 -33.5505 -40.2929 -19.5452 -43.0067 23.2513 -32.7842 -43.9446 -17.5708 -42.1491 20.8181 -32.0084 -46.3415 -14.9882 -41.2408 18.2862 -31.1502 -47.9168 -10.7268 -40.1687 15.3059 -30.1023 -48.7056 -0.8697 -38.8162 11.4297 -28.7755 -48.9199 22.1479 -37.9866 5.7194 -27.1494 -48.0019 34.2645 -38.7629 29.7554 -43.9222 -21.6333 -30.2718 -35.0819 31.9009 -46.1637 -25.0953 -5.6723 -36.9300 34.7690 -48.0278 -27.1784 5.8719 -38.0041 21.6244 -48.9273 -28.8121 11.5587 -38.8604 -1.3833 -48.6934 -30.1450 15.4228 -40.2120 -10.9565 -47.8665 -31.1896 18.4008 -41.2836 -15.1298 -46.2491 -32.0470 20.9388 -42.1929 -17.6800 -43.7879 -32.8241 23.3838 -43.0505 -19.6354 -40.0686 -33.5882 25.9045 -43.9040 -21.2706 -34.6360 -34.3431 28.4751 -44.7406 -22.6773 -27.1769 -35.0799 30.9758 -45.5741
29.7733 -34.6661 -31.0081 -22.0272 -44.3401 27.2325 -33.9833 -37.4802 -20.5189 -43.4941 24.6780 -33.2229 -42.0391 -18.7457 -42.6395 22.2001 -32.4556 -45.0861 -16.5855 -41.7822 19.8173 -31.6864 -47.0239 -13.7526 -40.9057 17.4213 -30.8757 -48.2019 -9.2012 -39.9130 14.6831 -29.9180 -48.7595 0.9035 -38.6941 11.1706 -28.7208 -48.9138 22.1479 -37.9998 5.9474 -27.2198 -48.0785 34.5731 -37.3484 8.6842 -35.2739 25.9443 -44.0704 -22.0990 -27.5988 -35.3083 32.5674 -46.3802 -25.3403 -4.1859 -37.0397 34.5357 -48.1053 -27.2544 6.0984 -38.0171 21.6244 -48.9218 -28.7575 11.2967 -38.7370 0.3433 -48.7448 -29.9582 14.7976 -39.9553 -9.4638 -48.1644 -30.9137 17.5351 -40.9485 -13.9134 -46.9493 -31.7248 19.9343 -41.8250 -16.7056 -44.9626 -32.4951 22.3307 -42.6853 -18.8431 -41.8495 -33.2609 24.8123 -43.5375 -20.6006 -37.2048 -34.0207 27.3701 -44.3823 -22.0971 -30.6298 -34.7023 29.8820
-33.8739 -34.0590 -21.4071 -43.9784 26.1292 -33.6567 -39.6509 -19.7958 -43.1280 23.6026 -32.8944 -43.5071 -17.8762 -42.2717 21.1669 -32.1279 -46.0292 -15.4879 -41.4149 18.8223 -31.3604 -47.5789 -12.2859 -40.5547 16.5094 -30.5793 -48.4401 -7.2220 -39.6245 13.9555 -29.6957 -48.8398 3.5236 -38.5502 10.7404 -28.6154 -48.8943 22.9085 -37.9866 5.9474 -27.2455 -48.1193 34.4365 -37.1345 -0.9437 -29.6271 -32.1496 -33.8439 26.2883 -44.3357 -22.5227 -25.0495 -35.5045 33.1015 -46.5532 -25.5229 -3.1832 -37.1115 34.3513 -48.1464 -27.2811 6.0984 -38.0041 22.4015 -48.9037 -28.6534 10.8645 -38.5792 2.9308 -48.8240 -29.7331 14.0685 -39.6672 -7.5215 -48.4114 -30.6186 16.6235 -40.5978 -12.4734 -47.5203 -31.3986 18.9376 -41.4577 -15.6226 -45.9286 -32.1662 21.2949 -42.3175 -17.9824 -43.3490 -32.9326 23.7354 -43.1710 -19.8835 -39.4141 -33.6963 26.2600 -44.0209 -21.4814 -33.7260 -33.9136
-37.7905 -20.7426 -43.6143 25.0355 -33.3295 -41.4962 -19.0173 -42.7608 22.5455 -32.5656 -44.7299 -16.9227 -41.9039 20.1512 -31.7995 -46.7941 -14.2501 -41.0485 17.8424 -31.0359 -48.0085 -10.5487 -40.1958 15.5738 -30.2708 -48.6152 -4.6487 -39.3101 13.1447 -29.4449 -48.9155 7.0073 -38.4418 10.1461 -28.4614 -48.8555 24.2855 -37.9486 5.7194 -27.2198 -48.1193 34.3747 -37.1287 -2.6431 -26.3281 -48.4009 -22.1342 -40.4403 -33.6869 27.0407 -44.5797 -22.8822 -22.7566 -35.6655 33.4882 -46.6773 -25.6415 -2.5948 -37.1495 34.2781 -48.1465 -27.2553 5.8726 -37.9662 23.8075 -48.8680 -28.4992 10.2724 -38.4564 6.3939 -48.9061 -29.4819 13.2589 -39.3526 -5.0146 -48.5954 -30.3122 15.6895 -40.2387 -10.7707 -47.9640 -31.0739 17.9570 -41.0935 -14.4032 -46.7130 -31.8377 20.2763 -41.9476 -17.0391 -44.5990 -32.6039 22.6761 -42.8038 -19.1114 -41.2952 -33.3695 25.1635 -43.6569 -20.8219 -37.5182
-19.7561 -43.2455 23.9585 -33.0083 -43.0457 -18.1776 -42.3950 21.5156 -32.2432 -45.7298 -15.8716 -41.5383 19.1597 -31.4785 -47.3983 -12.8388 -40.6849 16.8792 -30.7187 -48.3261 -8.4712 -39.8379 14.6294 -29.9618 -48.7259 -1.3456 -38.9810 12.2687 -29.1757 -48.9530 11.1876 -38.3528 9.4180 -28.2717 -48.7905 26.1315 -37.8880 5.2852 -27.1494 -48.0789 34.4366 -37.1287 -2.6419 -25.7455 -46.9027 29.7742 -43.8038 -19.4248 -39.9361 -33.8755 27.7553 -44.7917 -23.1849 -20.7969 -35.7906 33.7345 -46.7505 -25.7103 -2.3996 -37.1535 34.3445 -48.1065 -27.1849 5.4429 -37.9060 25.6991 -48.8049 -28.3080 9.5460 -38.3677 10.5505 -48.9498 -29.2127 12.3843 -39.0227 -1.8158 -48.7106 -30.0032 14.7460 -39.8807 -8.7383 -48.2938 -30.7566 16.9945 -40.7301 -13.0155 -47.3344 -31.5169 19.2790 -41.5816 -16.0011 -45.6220 -32.2821 21.6380 -42.4380 -18.2804 -42.8695 -33.0483 24.0843 -43.2882 -19.8254
-43.0789 22.9754 -32.7603 -44.2580 -17.3333 -42.0562 20.5707 -31.9911 -46.4979 -14.7883 -41.2009 18.2474 -31.2265 -47.8420 -11.3247 -40.3502 15.9846 -30.4675 -48.5367 -6.1160 -39.5069 13.7363 -29.7144 -48.7809 2.5252 -38.6756 11.4004 -28.9529 -48.9184 15.4896 -38.2659 8.6464 -28.1082 -48.6830 28.0032 -37.8230 4.7324 -27.0909 -48.0022 34.5733 -37.1351 -2.6475 -25.7464 -46.8052 34.7075 -38.0697 26.6112 -42.6777 -19.7901 -38.4253 -34.1010 28.6886 -45.0712 -23.8943 -18.9137 -36.2110 33.9391 -46.8606 -25.6978 -2.3911 -37.1598 34.4914 -48.0301 -27.1266 4.8958 -37.8399 27.6286 -48.7002 -28.1469 8.7800 -38.2827 14.8624 -48.9212 -28.9889 11.5179 -38.7077 1.9354 -48.7664 -29.7537 13.8516 -39.5492 -6.4386 -48.5145 -30.5053 16.0989 -40.3928 -11.5287 -47.7923 -31.2650 18.3634 -41.2436 -14.9324 -46.4081 -32.0302 20.6894 -42.0990 -17.4506 -44.1094 -32.8000 23.0981 -43.1189
23.3611 -33.1157 -44.3414 -17.3088 -42.0043 20.4698 -32.3509 -46.5862 -14.6762 -41.1518 18.1441 -31.5797 -47.8917 -11.1165 -40.3070 15.8815 -30.8118 -48.5586 -5.7269 -39.4687 13.6317 -30.0481 -48.7779 3.1916 -38.6739 11.3102 -29.2843 -48.7724 15.9109 -38.3621 8.6902 -28.4721 -48.4502 27.6679 -37.9426 5.1579 -27.5362 -47.9115 34.2748 -37.3457 -0.9722 -26.3243 -46.9069 34.7354 -36.7343 5.6099 -34.8090 23.8729 -43.4676 -20.5449 -34.7733 -35.2553 29.9934 -45.4594 -24.3047 -13.5601 -36.5321 34.4922 -46.9590 -26.3568 -0.7369 -37.3668 34.1644 -47.9350 -27.5692 5.3120 -37.9591 27.2673 -48.4725 -28.5108 8.8212 -38.3801 15.3351 -48.7806 -29.3188 11.4233 -38.6879 2.6571 -48.7693 -30.0816 13.7342 -39.5062 -6.0285 -48.5389 -30.8448 15.9833 -40.3450 -11.3058 -47.8461 -31.6135 18.2491 -41.1923 -14.8198 -46.5007 -32.3861 20.5845 -42.0456 -17.4241 -44.2121 -33.1488 23.4774
