-25.2817 -47.9763 30.8380 -36.4947 -8.8173 -23.7725 -45.8361 30.5926 -34.1778 -35.5667 -20.2688 -43.3552 23.0935 -31.6500 -46.7657 -14.8056 -40.8442 15.6264 -29.1341 -48.8029 -0.4601 -38.4268 7.8529 -26.6869 -48.1760 29.1257 -36.7756 -5.5584 -24.1864 -46.1716 31.4419 -34.5363 -32.5119 -20.8607 -43.7265 24.2377 -32.0218 -45.9206 -15.8455 -41.2121 16.7068 -29.5015 -48.7737 -4.3319 -39.1485 17.3831 -36.9500 32.5955 -46.5555 -24.6395 -2.3417 -37.0774 26.1195 -48.4109 -27.0840 9.2620 -38.8140 -4.3966 -48.7685 -29.5423 16.8237 -41.2519 -15.9586 -45.8086 -32.0670 24.3679 -43.7686 -20.9278 -32.1160 -34.5793 31.5311 -46.2104 -24.2325 -5.2117 -36.8067 28.8784 -48.2006 -26.7255 7.9942 -38.4643 -0.8869 -48.7978 -29.1736 15.7423 -40.8836 -14.9241 -46.6837 -31.6904 23.2164 -43.3952 -20.3346 -35.2526 -34.2196 30.6939 -45.8742 -23.8203 -8.4215 -36.5273 30.6684 -48.0035 -25.3247
-47.9763 34.5509 -36.8701 -5.0010 -25.1423 -46.1591 31.7649 -34.9400 -31.3669 -21.3346 -43.5711 23.8277 -32.6003 -45.5466 -14.9358 -40.8769 16.4144 -30.2244 -48.7484 3.4864 -38.2703 9.0985 -27.9225 -48.4815 32.9769 -37.1504 -2.0639 -25.5889 -46.5145 32.7922 -35.2655 -27.7441 -22.0045 -43.9653 24.9956 -32.9492 -44.4105 -16.1744 -41.2744 17.4662 -30.5706 -48.6160 -1.2339 -38.6535 11.3591 -32.1396 -4.2653 -36.0282 33.8250 -46.8953 -26.0269 0.4862 -37.3666 30.6670 -48.6871 -28.2936 10.3829 -38.6612 -1.6936 -48.5975 -30.6104 17.5818 -41.3179 -16.3140 -44.2559 -32.9917 25.1275 -44.0093 -22.0796 -27.2931 -35.3027 32.8987 -46.5530 -25.6337 -1.7943 -37.1731 32.7967 -48.5034 -27.9584 9.2258 -38.2973 2.9326 -48.7330 -30.2616 16.5270 -40.9195 -15.0781 -45.4346 -32.6382 23.9525 -43.6136 -21.4094 -30.9887 -34.9766 31.8862 -46.1979 -25.1914 -4.6760 -36.8963 34.4697 -48.0035
30.8380 -36.8701 -3.9793 -25.3863 -46.4185 32.6073 -35.2924 -28.1032 -21.9525 -43.9362 24.9101 -32.9635 -44.4882 -16.0997 -41.2471 17.3939 -30.5608 -48.6267 -0.9146 -38.6276 10.1812 -28.2292 -48.6571 31.1299 -37.4787 0.1081 -25.9494 -46.8341 33.6388 -35.6434 -23.9708 -22.5938 -44.3295 26.0963 -33.3181 -43.1066 -17.2095 -41.6436 18.4499 -30.9123 -48.4257 -4.7297 -38.9816 11.3844 -29.3012 -48.3445 -26.4567 -16.7767 -36.0397 34.4513 -47.2007 -26.3477 2.3111 -37.6844 27.9103 -48.8206 -28.6050 11.4190 -39.0216 -5.1077 -48.3963 -30.9517 18.5720 -41.6891 -17.3316 -42.9262 -33.3599 26.2344 -44.3747 -22.6626 -23.5033 -35.6800 33.7293 -46.8709 -25.9903 0.3388 -37.4998 30.8678 -48.6752 -28.2655 10.3032 -38.6551 -1.3709 -48.6098 -30.5985 17.5072 -41.2899 -16.2260 -44.3519 -33.0018 25.0367 -43.9785 -22.0230 -27.6794 -35.3282 32.7209 -46.4573 -25.4327 -3.6708 -36.8963 30.6684
-36.4947 -5.0010 -25.3863 -46.5210 33.0911 -35.4971 -25.1238 -22.4728 -44.2756 25.9657 -33.2835 -43.2300 -17.1269 -41.6144 18.3721 -30.8852 -48.4442 -4.4752 -38.9490 11.2133 -28.5412 -48.7968 28.5373 -37.6513 1.9640 -26.2836 -47.1399 34.3309 -35.9367 -20.0046 -23.1454 -44.6884 27.1999 -33.6456 -41.5583 -18.1389 -42.0119 19.4419 -31.2397 -48.1418 -7.5441 -39.3386 12.3081 -28.9596 -48.7732 -8.0825 -46.3342 -24.1995 -14.9632 -36.2816 34.8971 -47.4900 -26.6551 3.9013 -37.8445 24.3181 -48.9119 -28.9192 12.4179 -39.3804 -7.8341 -48.1020 -31.2778 19.5647 -42.0571 -18.2485 -41.3459 -33.6863 27.3389 -44.7333 -23.2122 -19.4993 -35.9737 34.4018 -47.1757 -26.3219 2.1666 -37.6709 28.1816 -48.8107 -28.5778 11.3316 -38.9907 -4.8407 -48.4173 -30.9232 18.4867 -41.6572 -17.2406 -43.0662 -33.3217 26.0937 -44.3177 -22.5426 -24.6639 -35.5349 33.1952 -46.5602 -25.4327 -4.6760 -36.5273
-8.8173 -25.1423 -46.4185 33.0911 -35.5730 -23.2894 -22.8320 -44.5499 26.8993 -33.5747 -41.8075 -18.0316 -41.9744 19.3508 -31.2092 -48.1703 -7.3250 -39.3071 12.2162 -28.8550 -48.8970 25.1199 -37.8124 3.5922 -26.5935 -47.4322 34.8254 -36.2202 -15.9826 -23.6654 -45.0438 28.3064 -33.9724 -39.7208 -18.9882 -42.3819 20.4526 -31.5671 -47.7525 -9.8110 -39.6987 13.2850 -29.2048 -48.9167 15.6902 -39.8959 34.5275 -45.6257 -24.2957 -11.3159 -36.5480 35.0726 -47.7632 -26.9582 5.3262 -37.9977 19.8873 -48.9562 -29.2352 13.3980 -39.7408 -10.0471 -47.6995 -31.6051 20.5714 -42.4250 -19.0873 -39.4734 -34.0113 28.4440 -45.0877 -23.7287 -15.4834 -36.2559 34.8706 -47.4678 -26.6313 3.7744 -37.8317 24.6613 -48.9060 -28.8920 12.3320 -39.3491 -7.6189 -48.1318 -31.2474 19.4672 -42.0175 -18.1353 -41.6143 -33.6127 27.0280 -44.5916 -22.8993 -22.7978 -35.6116 33.1952 -46.4573 -25.1914 -8.4215
-23.7725 -46.1591 32.6073 -35.4971 -23.2894 -22.9629 -44.7059 27.5536 -33.8032 -40.3915 -18.7814 -42.3120 20.3007 -31.5238 -47.7999 -9.6095 -39.6668 13.1993 -29.1706 -48.9513 20.8545 -37.9671 5.0471 -26.8963 -47.7088 35.0620 -36.4922 -12.1116 -24.1567 -45.3947 29.4062 -34.2967 -37.5499 -19.7734 -42.7499 21.4746 -31.8949 -47.2410 -11.6834 -40.0606 14.2544 -29.5171 -48.9462 14.9526 -38.3716 14.4949 -36.5887 31.3354 -45.8270 -24.7163 -7.8897 -36.8038 34.9026 -48.0174 -27.2629 6.6259 -38.1433 14.7635 -48.9458 -29.5529 14.3669 -40.1029 -11.8810 -47.1726 -31.9332 21.5947 -42.7927 -19.8610 -37.2742 -34.3337 29.5400 -45.4375 -24.2151 -11.6497 -36.5252 35.0700 -47.7424 -26.9345 5.2195 -37.9876 20.2917 -48.9547 -29.2091 13.3137 -39.7093 -9.8545 -47.7470 -31.5635 20.4189 -42.3550 -18.8776 -40.1702 -33.8412 27.6825 -44.7475 -23.0269 -22.7978 -35.5349 32.7209 -46.1979 -23.8203
-45.8361 31.7649 -35.2924 -25.1238 -22.8320 -44.7059 27.7915 -33.9316 -39.2944 -19.3272 -42.5968 21.1576 -31.8143 -47.3416 -11.4403 -40.0186 14.1543 -29.4863 -48.9528 15.8494 -38.1144 6.3700 -27.2009 -47.9674 34.9692 -36.7513 -8.5772 -24.6193 -45.7415 30.4887 -34.6163 -35.0340 -20.4986 -43.1171 22.5136 -32.2236 -46.5885 -13.2645 -40.4241 15.2187 -29.8364 -48.8835 9.8875 -38.2896 8.8309 -31.4194 -12.3927 -35.4392 31.7870 -46.1504 -25.1388 -4.8934 -37.0419 34.3017 -48.2499 -27.5693 7.8303 -38.2802 9.3257 -48.8725 -29.8725 15.3307 -40.4665 -13.4334 -46.5024 -32.2620 22.6358 -43.1598 -20.5797 -34.7167 -34.6528 30.6126 -45.7815 -24.6731 -8.1723 -36.7813 34.9300 -47.9982 -27.2391 6.5287 -38.1341 15.1832 -48.9493 -29.5252 14.2730 -40.0635 -11.6498 -47.2737 -31.8541 21.2773 -42.6398 -19.4184 -39.0518 -33.9694 27.9203 -44.7475 -22.8993 -24.6639 -35.3282 31.8862 -45.8742
30.5926 -34.9400 -28.1032 -22.4728 -44.5499 27.5536 -33.9316 -38.8749 -19.6180 -42.7888 21.8250 -32.0557 -46.8419 -12.8670 -40.3500 15.0624 -29.7934 -48.8960 10.4886 -38.2523 7.5917 -27.5081 -48.2051 34.4625 -36.9950 -5.4695 -25.0536 -46.0798 31.5256 -34.9311 -32.1409 -21.1749 -43.4832 23.5706 -32.5526 -45.7739 -14.6266 -40.7889 16.1827 -30.1575 -48.7765 4.6611 -38.3978 8.9396 -28.5342 -48.7346 -25.2973 -26.0419 -35.3542 32.6916 -46.4764 -25.5367 -2.3317 -37.2610 33.1728 -48.4573 -27.8783 8.9622 -38.4074 4.1301 -48.7646 -30.1938 16.2944 -40.8315 -14.7735 -45.6674 -32.5909 23.6949 -43.5258 -21.2508 -31.7787 -34.9675 31.6427 -46.1187 -25.1024 -5.1372 -37.0210 34.3667 -48.2325 -27.5453 7.7396 -38.2696 9.8053 -48.8849 -29.8311 15.1855 -40.3968 -13.0468 -46.7612 -32.0943 21.9462 -42.8326 -19.7073 -38.6243 -33.9694 27.6825 -44.5916 -22.5426 -27.6794 -34.9766 30.6939
-34.1778 -31.3669 -21.9525 -44.2756 26.8993 -33.8032 -39.2944 -19.6180 -42.8564 22.1899 -32.2160 -46.3962 -13.9007 -40.6396 15.8838 -30.0791 -48.7936 5.4092 -38.3783 8.7183 -27.8140 -48.4177 33.4421 -37.2181 -2.8213 -25.4580 -46.4099 32.4981 -35.2412 -28.8641 -21.8089 -43.8479 24.6448 -32.8816 -44.7732 -15.8206 -41.1550 17.1500 -30.4804 -48.6587 0.0748 -38.5693 9.9327 -28.2254 -48.4935 -0.2590 -45.4991 -22.9671 -24.2164 -35.6146 33.5413 -46.7950 -25.9055 -0.1437 -37.4572 31.4038 -48.6351 -28.1883 10.0395 -38.5958 -0.3693 -48.6451 -30.5167 17.2625 -41.1976 -15.9506 -44.6432 -32.9199 24.7710 -43.8902 -21.8802 -28.4582 -35.2769 32.6059 -46.4478 -25.5032 -2.5396 -37.2416 33.2851 -48.4424 -27.8505 8.8618 -38.3962 4.8026 -48.7818 -30.1165 16.0069 -40.6844 -14.0623 -46.3033 -32.2557 22.3184 -42.9009 -19.7073 -39.0518 -33.8412 27.0280 -44.3177 -22.0230 -30.9887 -34.2196
-35.5667 -21.3346 -43.9362 25.9657 -33.5747 -40.3915 -19.3272 -42.7888 22.1899 -32.2723 -46.1260 -14.5297 -40.8576 16.5550 -30.3264 -48.6967 1.2095 -38.5141 9.7498 -28.1106 -48.5995 31.8381 -37.4172 -0.5630 -25.8326 -46.7307 33.3762 -35.5449 -25.2324 -22.4051 -44.2104 25.7341 -33.2100 -43.5590 -16.8831 -41.5220 18.1251 -30.8050 -48.4966 -3.6826 -38.8624 10.9667 -28.4726 -48.7486 26.3665 -39.2974 32.5735 -44.8205 -23.1258 -20.4553 -35.9046 34.2544 -47.1023 -26.2432 1.7437 -37.6304 28.9115 -48.7800 -28.5003 11.0765 -38.9010 -4.0380 -48.4740 -30.8411 18.2387 -41.5646 -16.9997 -43.4022 -33.2482 25.8619 -44.2525 -22.4722 -24.7894 -35.5798 33.4707 -46.7673 -25.8743 -0.3218 -37.4391 31.6038 -48.6205 -28.1485 9.8813 -38.5443 0.6949 -48.6851 -30.3640 16.6738 -40.9005 -14.6814 -46.0261 -32.3129 22.3184 -42.8326 -19.4184 -40.1702 -33.6127 26.0937 -43.9785 -21.4094 -35.2526
-20.2688 -43.5711 24.9101 -33.2835 -41.8075 -18.7814 -42.5968 21.8250 -32.2160 -46.1260 -14.7413 -40.9744 17.0003 -30.5101 -48.6150 -1.8699 -38.7250 10.6609 -28.3907 -48.7436 29.6368 -37.5926 1.3561 -26.1743 -47.0405 34.1216 -35.8409 -21.3293 -22.9669 -44.5702 26.8346 -33.5374 -42.1010 -17.8408 -41.8895 19.1113 -31.1319 -48.2461 -6.6895 -39.2201 11.9755 -28.7809 -48.8744 25.7172 -38.0214 12.1880 -36.0066 28.8335 -45.0198 -23.6113 -16.4471 -36.1883 34.7774 -47.3964 -26.5562 3.3972 -37.7925 25.6013 -48.8866 -28.8151 12.0843 -39.2595 -6.9767 -48.2129 -31.1671 19.2265 -41.9323 -17.9466 -41.9137 -33.5755 26.9634 -44.6119 -23.0303 -20.8631 -35.8749 34.1978 -47.0758 -26.2124 1.5656 -37.6123 29.3151 -48.7606 -28.4283 10.7821 -38.7664 -2.3022 -48.5973 -30.5478 17.1140 -41.0171 -14.8882 -46.0261 -32.2557 21.9462 -42.6398 -18.8776 -41.6143 -33.3217 25.0367 -43.6136 -20.3346
-43.3552 23.8277 -32.9635 -43.2300 -18.0316 -42.3120 21.1576 -32.0557 -46.3962 -14.5297 -40.9744 17.1571 -30.6075 -48.5430 -3.8226 -38.9571 11.4126 -28.6398 -48.8473 26.9196 -37.7459 2.9751 -26.4803 -47.3318 34.6828 -36.1266 -17.3051 -23.4969 -44.9265 27.9402 -33.8633 -40.3663 -18.7134 -42.2574 20.1116 -31.4588 -47.8936 -9.1127 -39.5797 12.9627 -29.0952 -48.9422 21.8806 -37.9535 6.0443 -30.7107 -21.6706 -34.7297 29.3368 -45.3561 -24.1000 -12.5530 -36.4617 35.0498 -47.6748 -26.8589 4.8716 -37.9479 21.4379 -48.9472 -29.1307 13.0753 -39.6214 -9.3502 -47.8481 -31.4956 20.2290 -42.3005 -18.8105 -40.1438 -33.9012 28.0691 -44.9678 -23.5566 -16.8374 -36.1594 34.7348 -47.3655 -26.5160 3.1608 -37.7646 26.5099 -48.8601 -28.6764 11.5301 -38.9987 -4.2048 -48.5210 -30.6452 17.2702 -41.0171 -14.6814 -46.3033 -32.0943 21.2773 -42.3550 -18.1353 -43.0662 -33.0018 23.9525 -43.3952
23.0935 -32.6003 -44.4882 -17.1269 -41.9744 20.3007 -31.8143 -46.8419 -13.9007 -40.8576 17.0003 -30.6075 -48.5148 -4.7578 -39.1067 11.9498 -28.8380 -48.9123 23.9674 -37.8765 4.3223 -26.7560 -47.5964 35.0065 -36.3955 -13.4140 -23.9942 -45.2784 29.0418 -34.1870 -38.3203 -19.5161 -42.6253 21.1288 -31.7866 -47.4244 -11.1018 -39.9412 13.9359 -29.4125 -48.9575 17.0678 -38.0824 6.1825 -27.7941 -48.8178 -24.0438 -33.7688 -34.6302 30.3624 -45.6990 -24.5646 -8.9772 -36.7205 34.9998 -47.9360 -27.1631 6.2096 -38.0962 16.5134 -48.9557 -29.4478 14.0479 -39.9832 -11.3096 -47.3618 -31.8249 21.2483 -42.6690 -19.6061 -38.0571 -34.2249 29.1699 -45.3194 -24.0506 -12.9693 -36.4269 35.0282 -47.6283 -26.7913 4.4908 -37.8946 23.4817 -48.9203 -28.8746 12.0659 -39.1484 -5.1159 -48.4914 -30.6452 17.1140 -40.9005 -14.0623 -46.7612 -31.8541 20.4189 -42.0175 -17.2406 -44.3519 -32.6382 23.2164
-31.6500 -45.5466 -16.0997 -41.6144 19.3508 -31.5238 -47.3416 -12.8670 -40.6396 16.5550 -30.5101 -48.5430 -4.7578 -39.1586 12.2289 -28.9649 -48.9448 21.2809 -37.9818 5.3952 -27.0044 -47.8301 35.0591 -36.6407 -9.9236 -24.4510 -45.6186 30.1164 -34.5064 -35.9297 -20.2588 -42.9929 22.1676 -32.1153 -46.8207 -12.7699 -40.3042 14.9015 -29.7325 -48.9129 11.7060 -38.2217 7.3217 -27.5035 -48.1307 11.5160 -44.7799 -21.5649 -32.3361 -34.9021 31.4014 -46.0379 -25.0017 -5.8321 -36.9645 34.5478 -48.1775 -27.4691 7.4425 -38.2361 11.1225 -48.9043 -29.7668 15.0128 -40.3463 -12.9473 -46.7407 -32.1536 22.2894 -43.0384 -20.3439 -35.6194 -34.5455 30.2423 -45.6590 -24.5041 -9.5198 -36.6705 35.0452 -47.8602 -27.0398 5.5517 -37.9993 20.7398 -48.9499 -29.0016 12.3442 -39.2003 -5.1159 -48.5210 -30.5478 16.6738 -40.6844 -13.0468 -47.2737 -31.5635 19.4672 -41.6572 -16.2260 -45.4346 -31.6904
-46.7657 -14.9358 -41.2471 18.3721 -31.2092 -47.7999 -11.4403 -40.3500 15.8838 -30.3264 -48.6150 -3.8226 -39.1067 12.2289 -29.0081 -48.9565 19.4105 -38.0566 6.1770 -27.2115 -48.0214 34.8519 -36.8544 -6.9852 -24.8601 -45.9401 31.1303 -34.8154 -33.2039 -20.9480 -43.3593 23.2187 -32.4440 -46.0621 -14.1977 -40.6684 15.8647 -30.0531 -48.8086 6.3349 -38.3530 8.4762 -27.7495 -48.3663 32.5031 -38.8939 30.1527 -43.9928 -21.7825 -29.2471 -35.2072 32.3881 -46.3690 -25.4093 -3.1320 -37.1900 33.6007 -48.3934 -27.7769 8.5962 -38.3668 5.7846 -48.7995 -30.0875 15.9760 -40.7109 -14.3513 -45.9627 -32.4823 23.3433 -43.4051 -21.0289 -32.8434 -34.8544 31.2516 -45.9797 -24.9102 -6.6280 -36.8827 34.7994 -48.0497 -27.2474 6.3266 -38.0737 18.8361 -48.9600 -29.0448 12.3442 -39.1484 -4.2048 -48.5973 -30.3640 16.0069 -40.3968 -11.6498 -47.7470 -31.2474 18.4867 -41.2899 -15.0781 -46.6837
-14.8056 -40.8769 17.3939 -30.8852 -48.1703 -9.6095 -40.0186 15.0624 -30.0791 -48.6967 -1.8699 -38.9571 11.9498 -28.9649 -48.9565 18.7415 -38.0947 6.6546 -27.3587 -48.1602 34.4643 -37.0311 -4.6691 -25.2137 -46.2352 32.0456 -35.1078 -30.2141 -21.5776 -43.7195 24.2763 -32.7711 -45.1257 -15.4425 -41.0340 16.8300 -30.3741 -48.6947 1.4950 -38.4907 9.5745 -28.0537 -48.5614 32.1234 -37.6372 9.8052 -35.4087 26.2556 -44.1876 -22.3432 -25.6699 -35.5099 33.2792 -46.6916 -25.7880 -0.8277 -37.3940 32.0590 -48.5815 -28.0873 9.6897 -38.5175 1.0242 -48.6839 -30.4099 16.9422 -41.0766 -15.5777 -45.0039 -32.8101 24.4054 -43.7640 -21.6539 -29.7952 -35.1449 32.1590 -46.2737 -25.2609 -4.3532 -37.0579 34.3740 -48.1873 -27.3950 6.8003 -38.1116 18.1569 -48.9600 -29.0016 12.0659 -38.9987 -2.3022 -48.6851 -30.1165 15.1855 -40.0635 -9.8545 -48.1318 -30.9232 17.5072 -40.9195 -14.9241
-40.8442 16.4144 -30.5608 -48.4442 -7.3250 -39.6668 14.1543 -29.7934 -48.7936 1.2095 -38.7250 11.4126 -28.8380 -48.9448 19.4105 -38.0947 6.8188 -27.4357 -48.2440 34.0537 -37.1597 -2.9584 -25.5020 -46.4922 32.8255 -35.3750 -27.0660 -22.1465 -44.0651 25.3258 -33.0919 -44.0054 -16.5372 -41.4006 17.8016 -30.6975 -48.5593 -2.5331 -38.7448 10.6267 -28.3633 -48.7207 30.0710 -37.5801 2.6646 -29.9900 -30.2562 -33.9909 26.7684 -44.5319 -22.9040 -21.7936 -35.8069 34.0426 -47.0046 -26.1362 1.1507 -37.5747 29.8184 -48.7377 -28.3985 10.7384 -38.7831 -2.9151 -48.5399 -30.7338 17.9153 -41.4433 -16.6586 -43.8509 -33.1321 25.4561 -44.1083 -22.2171 -26.6166 -35.4109 32.9291 -46.5299 -25.5467 -2.6733 -37.1860 33.9327 -48.2698 -27.4721 6.9627 -38.1116 18.8361 -48.9499 -28.8746 11.5301 -38.7664 0.6949 -48.7818 -29.8311 14.2730 -39.7093 -7.6189 -48.4173 -30.5985 16.5270 -40.8836
15.6264 -30.2244 -48.6267 -4.4752 -39.3071 13.1993 -29.4863 -48.8960 5.4092 -38.5141 10.6609 -28.6398 -48.9123 21.2809 -38.0566 6.6546 -27.4357 -48.2721 33.7891 -37.2372 -1.8543 -25.7142 -46.6996 33.4375 -35.6066 -23.9756 -22.6453 -44.3882 26.3369 -33.4009 -42.6948 -17.5060 -41.7618 18.7758 -31.0224 -48.3409 -5.7697 -39.1018 11.6447 -28.6750 -48.8442 27.1565 -37.7243 2.8406 -27.0644 -48.6323 -22.6426 -39.4461 -33.8825 27.8253 -44.8858 -23.4374 -17.7736 -36.0948 34.6325 -47.3032 -26.4555 2.8748 -37.7397 26.7852 -48.8565 -28.7114 11.7548 -39.1403 -6.0751 -48.3102 -31.0592 18.8910 -41.8046 -17.6160 -42.5099 -33.4405 26.4658 -44.4302 -22.7109 -23.5221 -35.6415 33.5308 -46.7370 -25.7572 -1.5836 -37.2620 33.6499 -48.2972 -27.4721 6.8003 -38.0737 20.7398 -48.9203 -28.6764 10.7821 -38.5443 4.8026 -48.8849 -29.5252 13.3137 -39.3491 -4.8407 -48.6098 -30.2616 15.7423
-29.1341 -48.7484 -0.9146 -38.9490 12.2162 -29.1706 -48.9528 10.4886 -38.3783 9.7498 -28.3907 -48.8473 23.9674 -37.9818 6.1770 -27.3587 -48.2440 33.7891 -37.2646 -1.3247 -25.8419 -46.8431 33.8609 -35.7932 -21.1985 -23.0627 -44.6778 27.2721 -33.6896 -41.2148 -18.3545 -42.1141 19.7412 -31.3418 -48.0282 -8.3607 -39.4607 12.6381 -28.9896 -48.9262 23.3958 -37.8809 4.2558 -26.7909 -47.6394 23.4160 -44.0547 -19.9443 -38.4375 -34.1595 28.9240 -45.2382 -23.9402 -13.8118 -36.3720 34.9924 -47.5871 -26.7594 4.4027 -37.8973 22.9034 -48.9326 -29.0264 12.7462 -39.4993 -8.6129 -47.9849 -31.3799 19.8581 -42.1569 -18.4565 -41.0051 -33.7282 27.4022 -44.7198 -23.1261 -20.7309 -35.8274 33.9445 -46.8802 -25.8850 -1.0504 -37.2879 33.6499 -48.2698 -27.3950 6.3266 -37.9993 23.4817 -48.8601 -28.4283 9.8813 -38.3962 9.8053 -48.9493 -29.2091 12.3320 -38.9907 -1.3709 -48.7330 -29.1736
-48.8029 3.4864 -38.6276 11.2133 -28.8550 -48.9513 15.8494 -38.2523 8.7183 -28.1106 -48.7436 26.9196 -37.8765 5.3952 -27.2115 -48.1602 34.0537 -37.2372 -1.3247 -25.8838 -46.9159 34.1025 -35.9241 -19.0112 -23.3932 -44.9232 28.0997 -33.9488 -39.6408 -19.0841 -42.4485 20.6816 -31.6521 -47.6166 -10.4296 -39.8170 13.6121 -29.3059 -48.9588 18.7911 -38.0322 5.6402 -27.0369 -47.8309 34.9535 -38.5078 27.5663 -43.1503 -20.2306 -36.1892 -34.4748 30.0056 -45.5856 -24.4143 -10.1133 -36.6364 35.0564 -47.8539 -27.0627 5.7805 -38.0481 18.2102 -48.9591 -29.3417 13.7131 -39.8566 -10.6517 -47.5594 -31.6903 20.8002 -42.4916 -19.1806 -39.3949 -33.9878 28.2304 -44.9650 -23.4542 -18.5410 -35.9578 34.1793 -46.9523 -25.9278 -1.0504 -37.2620 33.9327 -48.1873 -27.2474 5.5517 -37.8946 26.5099 -48.7606 -28.1485 8.8618 -38.2696 15.1832 -48.9547 -28.8920 11.3316 -38.6551 2.9326 -48.7978
-0.4601 -38.2703 10.1812 -28.5412 -48.8970 20.8545 -38.1144 7.5917 -27.8140 -48.5995 29.6368 -37.7459 4.3223 -27.0044 -48.0214 34.4643 -37.1597 -1.8543 -25.8419 -46.9159 34.1792 -35.9896 -17.6427 -23.6220 -45.1117 28.7729 -34.1672 -38.0754 -19.6968 -42.7525 21.5728 -31.9464 -47.1133 -12.1098 -40.1650 14.5537 -29.6194 -48.9362 13.5575 -38.1751 6.9135 -27.3373 -48.0753 34.7750 -37.2052 7.1741 -34.8019 23.7218 -43.3402 -20.8855 -33.4788 -34.7915 31.0607 -45.9267 -24.8600 -6.8202 -36.8859 34.7464 -48.0993 -27.3678 7.0447 -38.1908 12.9290 -48.9292 -29.6553 14.6597 -40.2073 -12.2993 -47.0413 -31.9846 21.6939 -42.7982 -19.7889 -37.7967 -34.2063 28.9028 -45.1530 -23.6810 -17.1742 -36.0230 34.2534 -46.9523 -25.8850 -1.5836 -37.1860 34.3740 -48.0497 -27.0398 4.4908 -37.7646 29.3151 -48.6205 -27.8505 7.7396 -38.1341 20.2917 -48.9060 -28.5778 10.3032 -38.2973 -0.8869
-38.4268 9.0985 -28.2292 -48.7968 25.1199 -37.9671 6.3700 -27.5081 -48.4177 31.8381 -37.5926 2.9751 -26.7560 -47.8301 34.8519 -37.0311 -2.9584 -25.7142 -46.8431 34.1025 -35.9896 -17.1826 -23.7348 -45.2300 29.2488 -34.3331 -36.6584 -20.1896 -43.0174 22.3783 -32.2156 -46.5329 -13.4763 -40.5002 15.4603 -29.9242 -48.8526 8.2143 -38.3106 8.0909 -27.6417 -48.3005 34.0732 -37.1408 -1.8408 -29.2332 -36.9321 -33.2325 24.2300 -43.6894 -21.5321 -30.3737 -35.1038 32.0652 -46.2604 -25.2771 -3.9766 -37.1178 33.9748 -48.3231 -27.6737 8.2217 -38.3255 7.6018 -48.8380 -29.9616 15.5725 -40.5427 -13.6424 -46.4447 -32.2544 22.5084 -43.0651 -20.2784 -36.3549 -34.3717 29.3772 -45.2709 -23.7939 -16.7153 -36.0230 34.1793 -46.8802 -25.7572 -2.6733 -37.0579 34.7994 -47.8602 -26.7913 3.1608 -37.6123 31.6038 -48.4424 -27.5453 6.5287 -37.9876 24.6613 -48.8107 -28.2655 9.2258 -38.4643
7.8529 -27.9225 -48.6571 28.5373 -37.8124 5.0471 -27.2009 -48.2051 33.4421 -37.4172 1.3561 -26.4803 -47.5964 35.0591 -36.8544 -4.6691 -25.5020 -46.6996 33.8609 -35.9241 -17.6427 -23.7348 -45.2697 29.4927 -34.4390 -35.5717 -20.5534 -43.2344 23.0650 -32.4520 -45.9089 -14.5743 -40.8097 16.3118 -30.2166 -48.7474 3.3674 -38.4338 9.1863 -27.9447 -48.4997 32.8165 -37.3113 -1.5961 -26.2846 -48.2275 -21.0566 -43.3701 -33.1201 25.2660 -44.0498 -22.1438 -26.8943 -35.4092 32.9902 -46.5856 -25.6654 -1.5499 -37.3292 32.6527 -48.5206 -27.9793 9.3129 -38.4477 2.8193 -48.7320 -30.2542 16.4297 -40.8543 -14.7264 -45.8029 -32.4911 23.2025 -43.2819 -20.6390 -35.2521 -34.4770 29.6257 -45.3107 -23.7939 -17.1742 -35.9578 33.9445 -46.7370 -25.5467 -4.3532 -36.8827 35.0452 -47.6283 -26.5160 1.5656 -37.4391 33.2851 -48.2325 -27.2391 5.2195 -37.8317 28.1816 -48.6752 -27.9584 7.9942
-26.6869 -48.4815 31.1299 -37.6513 3.5922 -26.8963 -47.9674 34.4625 -37.2181 -0.5630 -26.1743 -47.3318 35.0065 -36.6407 -6.9852 -25.2137 -46.4922 33.4375 -35.7932 -19.0112 -23.6220 -45.2300 29.4927 -34.4756 -34.9774 -20.7801 -43.3901 23.6009 -32.6425 -45.3005 -15.4461 -41.0875 17.0854 -30.4880 -48.6451 -0.6143 -38.6182 10.1995 -28.2417 -48.6681 30.9405 -37.4965 0.3259 -26.0505 -47.0282 31.1467 -43.2911 -18.0204 -42.6906 -33.4012 26.3502 -44.4100 -22.7201 -23.1007 -35.7083 33.8009 -46.9005 -26.0236 0.5166 -37.5156 30.6884 -48.6856 -28.2779 10.3214 -38.6456 -1.0779 -48.6294 -30.5257 17.2093 -41.1345 -15.5874 -45.1779 -32.6813 23.7390 -43.4355 -20.8615 -34.6537 -34.5137 29.6257 -45.2709 -23.6810 -18.5410 -35.8274 33.5308 -46.5299 -25.2609 -6.6280 -36.6705 35.0282 -47.3655 -26.2124 -0.3218 -37.2416 34.3667 -47.9982 -26.9345 3.7744 -37.6709 30.8678 -48.5034 -26.7255
-48.1760 32.9769 -37.4787 1.9640 -26.5935 -47.7088 34.9692 -36.9950 -2.8213 -25.8326 -47.0405 34.6828 -36.3955 -9.9236 -24.8601 -46.2352 32.8255 -35.6066 -21.1985 -23.3932 -45.1117 29.2488 -34.4390 -34.9774 -20.8585 -43.4708 23.9492 -32.7755 -44.7815 -16.0917 -41.3222 17.7648 -30.7303 -48.5159 -3.6891 -38.8941 11.1300 -28.5296 -48.7993 28.4217 -37.6616 2.1097 -26.3187 -47.1827 34.9507 -38.0843 24.9778 -42.3000 -18.3971 -41.1513 -33.7218 27.4466 -44.7679 -23.2640 -19.1312 -35.9993 34.4550 -47.2038 -26.3485 2.2870 -37.6801 28.0648 -48.8131 -28.5661 11.2483 -38.9357 -4.0748 -48.4925 -30.7681 17.8895 -41.3693 -16.2239 -44.6468 -32.8143 24.0813 -43.5137 -20.9372 -34.6537 -34.4770 29.3772 -45.1530 -23.4542 -20.7309 -35.6415 32.9291 -46.2737 -24.9102 -9.5198 -36.4269 34.7348 -47.0758 -25.8743 -2.5396 -37.0210 34.9300 -47.7424 -26.6313 2.1666 -37.4998 32.7967 -48.2006
29.1257 -37.1504 0.1081 -26.2836 -47.4322 35.0620 -36.7513 -5.4695 -25.4580 -46.7307 34.1216 -36.1266 -13.4140 -24.4510 -45.9401 32.0456 -35.3750 -23.9756 -23.0627 -44.9232 28.7729 -34.3331 -35.5717 -20.7801 -43.4708 24.0705 -32.8455 -44.4293 -16.5170 -41.5003 18.3154 -30.9339 -48.3597 -5.9924 -39.1772 11.9632 -28.8005 -48.8907 25.2978 -37.8139 3.6466 -26.6113 -47.4564 34.8995 -36.7014 4.0466 -34.1912 21.2765 -42.4850 -19.1802 -39.2669 -34.0440 28.5510 -45.1219 -23.7769 -15.1329 -36.2800 34.8969 -47.4877 -26.6456 3.8139 -37.8323 24.8486 -48.9000 -28.8371 12.0792 -39.2190 -6.3190 -48.3289 -30.9718 18.4409 -41.5475 -16.6442 -44.2868 -32.8844 24.1960 -43.5137 -20.8615 -35.2521 -34.3717 28.9028 -44.9650 -23.1261 -23.5221 -35.4109 32.1590 -45.9797 -24.5041 -12.9693 -36.1594 34.1978 -46.7673 -25.5032 -5.1372 -36.7813 35.0700 -47.4678 -26.3219 0.3388 -37.1731 28.8784
-36.7756 -2.0639 -25.9494 -47.1399 34.8254 -36.4922 -8.5772 -25.0536 -46.4099 33.3762 -35.8409 -17.3051 -23.9942 -45.6186 31.1303 -35.1078 -27.0660 -22.6453 -44.6778 28.0997 -34.1672 -36.6584 -20.5534 -43.3901 23.9492 -32.8455 -44.3035 -16.7370 -41.6138 18.7072 -31.0907 -48.2015 -7.6413 -39.4234 12.6924 -29.0456 -48.9432 21.7088 -37.9515 4.9739 -26.8925 -47.7168 35.0683 -36.5755 -8.3651 -28.3949 -41.6843 -32.4629 21.7617 -42.8352 -19.9385 -37.0409 -34.3648 29.6454 -45.4709 -24.2563 -11.3646 -36.5440 35.0718 -47.7463 -26.9278 5.1349 -37.9692 21.1763 -48.9479 -29.0824 12.8068 -39.4653 -7.9272 -48.1642 -31.1285 18.8333 -41.6592 -16.8585 -44.1584 -32.8844 24.0813 -43.4355 -20.6390 -36.3549 -34.2063 28.2304 -44.7198 -22.7109 -26.6166 -35.1449 31.2516 -45.6590 -24.0506 -16.8374 -35.8749 33.4707 -46.4478 -25.1024 -8.1723 -36.5252 34.8706 -47.1757 -25.9903 -1.7943 -36.8067
-5.5584 -25.5889 -46.8341 34.3309 -36.2202 -12.1116 -24.6193 -46.0798 32.4981 -35.5449 -21.3293 -23.4969 -45.2784 30.1164 -34.8154 -30.2141 -22.1465 -44.3882 27.2721 -33.9488 -38.0754 -20.1896 -43.2344 23.6009 -32.7755 -44.4293 -16.7370 -41.6528 18.9164 -31.1914 -48.0685 -8.7649 -39.6192 13.2969 -29.2592 -48.9623 17.9752 -38.0712 6.1143 -27.1601 -47.9512 34.9745 -36.7618 -8.1230 -25.3286 -47.6603 -19.2160 -45.9484 -32.3508 22.7541 -43.1982 -20.6471 -34.4483 -34.6835 30.7067 -45.8084 -24.7010 -8.0408 -36.7849 34.9396 -47.9801 -27.1956 6.2637 -38.0881 17.3801 -48.9625 -29.2962 13.4103 -39.6613 -9.0244 -48.0263 -31.2291 19.0374 -41.6961 -16.8585 -44.2868 -32.8143 23.7390 -43.2819 -20.2784 -37.7967 -33.9878 27.4022 -44.4302 -22.2171 -29.7952 -34.8544 30.2423 -45.3194 -23.5566 -20.8631 -35.5798 32.6059 -46.1187 -24.6731 -11.6497 -36.2559 34.4018 -46.8709 -25.6337 -5.2117
-24.1864 -46.5145 33.6388 -35.9367 -15.9826 -24.1567 -45.7415 31.5256 -35.2412 -25.2324 -22.9669 -44.9265 29.0418 -34.5064 -33.2039 -21.5776 -44.0651 26.3369 -33.6896 -39.6408 -19.6968 -43.0174 23.0650 -32.6425 -44.7815 -16.5170 -41.6138 18.9164 -31.2258 -47.9912 -9.4357 -39.7592 13.7491 -29.4303 -48.9554 14.4566 -38.1766 7.0725 -27.4053 -48.1544 34.5663 -36.9749 -5.5268 -25.1227 -46.3125 34.7619 -42.5015 -15.6348 -45.5085 -32.6338 23.8038 -43.5615 -21.3130 -31.4981 -34.9925 31.7028 -46.1314 -25.1059 -5.2241 -37.0017 34.4849 -48.1813 -27.4410 7.2135 -38.1928 13.8275 -48.9514 -29.4674 13.8620 -39.8013 -9.6800 -47.9462 -31.2635 19.0374 -41.6592 -16.6442 -44.6468 -32.6813 23.2025 -43.0651 -19.7889 -39.3949 -33.7282 26.4658 -44.1083 -21.6539 -32.8434 -34.5455 29.1699 -44.9678 -23.0303 -24.7894 -35.2769 31.6427 -45.7815 -24.2151 -15.4834 -35.9737 33.7293 -46.5530 -24.2325
-46.1716 32.7922 -35.6434 -20.0046 -23.6654 -45.3947 30.4887 -34.9311 -28.8641 -22.4051 -44.5702 27.9402 -34.1870 -35.9297 -20.9480 -43.7195 25.3258 -33.4009 -41.2148 -19.0841 -42.7525 22.3783 -32.4520 -45.3005 -16.0917 -41.5003 18.7072 -31.1914 -47.9912 -9.6551 -39.8335 14.0337 -29.5497 -48.9349 11.5573 -38.2590 7.8561 -27.6228 -48.3229 33.8688 -37.1637 -3.2313 -25.4256 -46.4145 33.4266 -37.6238 22.4615 -41.4478 -16.1451 -44.5060 -32.9554 24.8702 -43.9221 -21.9272 -28.2511 -35.2856 32.6050 -46.4351 -25.4666 -2.9272 -37.1892 33.7374 -48.3475 -27.6586 7.9912 -38.2745 10.9208 -48.9274 -29.5869 14.1464 -39.8756 -9.8946 -47.9462 -31.2291 18.8333 -41.5475 -16.2239 -45.1779 -32.4911 22.5084 -42.7982 -19.1806 -41.0051 -33.4405 25.4561 -43.7640 -21.0289 -35.6194 -34.2249 28.0691 -44.6119 -22.4722 -28.4582 -34.9675 30.6126 -45.4375 -23.7287 -19.4993 -35.6800 32.8987 -46.2104
31.4419 -35.2655 -23.9708 -23.1454 -45.0438 29.4062 -34.6163 -32.1409 -21.8089 -44.2104 26.8346 -33.8633 -38.3203 -20.2588 -43.3593 24.2763 -33.0919 -42.6948 -18.3545 -42.4485 21.5728 -32.2156 -45.9089 -15.4461 -41.3222 18.3154 -31.0907 -48.0685 -9.4357 -39.8335 14.1308 -29.6141 -48.9156 9.5428 -38.3161 8.4557 -27.8039 -48.4557 32.9478 -37.3232 -1.3737 -25.7358 -46.6758 33.3659 -36.1163 -0.0954 -33.5710 18.9258 -41.6284 -17.1167 -43.2642 -33.2774 25.9393 -44.2723 -22.4856 -24.8243 -35.5622 33.3826 -46.7122 -25.7791 -1.1049 -37.3465 32.7660 -48.4782 -27.8398 8.5867 -38.3312 8.9128 -48.9059 -29.6513 14.2434 -39.8756 -9.6800 -48.0263 -31.1285 18.4409 -41.3693 -15.5874 -45.8029 -32.2544 21.6939 -42.4916 -18.4565 -42.5099 -33.1321 24.4054 -43.4051 -20.3439 -38.0571 -33.9012 26.9634 -44.2525 -21.8802 -31.7787 -34.6528 29.5400 -45.0877 -23.2122 -23.5033 -35.3027 31.5311
-34.5363 -27.7441 -22.5938 -44.6884 28.3064 -34.2967 -35.0340 -21.1749 -43.8479 25.7341 -33.5374 -40.3663 -19.5161 -42.9929 23.2187 -32.7711 -44.0054 -17.5060 -42.1141 20.6816 -31.9464 -46.5329 -14.5743 -41.0875 17.7648 -30.9339 -48.2015 -8.7649 -39.7592 14.0337 -29.6141 -48.9078 8.4610 -38.3535 8.8677 -27.9407 -48.5519 31.9499 -37.4499 0.1035 -26.0009 -46.9213 33.9336 -35.8596 -17.8352 -27.4431 -44.8904 -31.6877 19.3925 -41.9743 -18.0270 -41.8014 -33.5916 26.9852 -44.6070 -22.9949 -21.3632 -35.8164 34.0081 -46.9571 -26.0408 0.3333 -37.4714 31.7220 -48.5726 -27.9767 8.9963 -38.3682 7.8385 -48.8972 -29.6513 14.1464 -39.8013 -9.0244 -48.1642 -30.9718 17.8895 -41.1345 -14.7264 -46.4447 -31.9846 20.8002 -42.1569 -17.6160 -43.8509 -32.8101 23.3433 -43.0384 -19.6062 -40.1431 -33.5755 25.8619 -43.8902 -21.2508 -34.7167 -34.3337 28.4440 -44.7333 -22.6626 -27.2931 -34.5793
-32.5119 -22.0045 -44.3295 27.1999 -33.9724 -37.5499 -20.4986 -43.4832 24.6448 -33.2100 -42.1010 -18.7134 -42.6253 22.1676 -32.4440 -45.1257 -16.5372 -41.7618 19.7412 -31.6521 -47.1133 -13.4763 -40.8097 17.0854 -30.7303 -48.3597 -7.6413 -39.6192 13.7491 -29.5497 -48.9156 8.4610 -38.3669 9.0840 -28.0301 -48.6157 31.0444 -37.5397 1.2085 -26.2148 -47.1319 34.4038 -36.0149 -18.1828 -24.1030 -46.9321 -16.9492 -47.5348 -31.5775 20.3269 -42.3275 -18.8487 -40.1140 -33.8921 27.9901 -44.9216 -23.4476 -18.0567 -36.0418 34.4697 -47.1667 -26.2524 1.4203 -37.5597 30.7792 -48.6350 -28.0662 9.2113 -38.3815 7.8385 -48.9059 -29.5869 13.8620 -39.6613 -7.9272 -48.3289 -30.7681 17.2094 -40.8543 -13.6424 -47.0413 -31.6903 19.8581 -41.8046 -16.6587 -45.0039 -32.4823 22.2902 -42.6710 -18.8111 -41.9126 -33.2482 24.7710 -43.5258 -20.5797 -37.2742 -34.0113 27.3389 -44.3747 -22.0796 -32.1160
-20.8607 -43.9653 26.0963 -33.6456 -39.7208 -19.7734 -43.1171 23.5706 -32.8816 -43.5590 -17.8408 -42.2574 21.1288 -32.1153 -46.0621 -15.4425 -41.4006 18.7758 -31.3418 -47.6166 -12.1098 -40.5002 16.3118 -30.4880 -48.5159 -5.9924 -39.4234 13.2969 -29.4303 -48.9349 9.5428 -38.3535 9.0840 -28.0624 -48.6490 30.3705 -37.5992 1.9693 -26.3748 -47.3017 34.7262 -36.2044 -15.5680 -23.8491 -45.4376 35.3887 -41.6726 -12.4221 -47.2893 -31.8493 21.2877 -42.6713 -19.5815 -38.2429 -34.1749 28.9224 -45.2067 -23.8382 -15.1238 -36.2366 34.7755 -47.3356 -26.4106 2.1694 -37.6185 30.0795 -48.6675 -28.0985 9.2113 -38.3682 8.9128 -48.9274 -29.4674 13.4103 -39.4653 -6.3190 -48.4925 -30.5257 16.4297 -40.5427 -12.2994 -47.5593 -31.3799 18.8920 -41.4435 -15.5779 -45.9626 -32.1534 21.2550 -42.3032 -17.9474 -43.4020 -32.9199 23.6949 -43.1598 -19.8610 -39.4734 -33.6863 26.2344 -44.0093 -20.9278
-43.7265 24.9956 -33.3181 -41.5583 -18.9882 -42.7499 22.5136 -32.5526 -44.7732 -16.8831 -41.8895 20.1116 -31.7866 -46.8207 -14.1977 -41.0340 17.8016 -31.0224 -48.0282 -10.4296 -40.1650 15.4603 -30.2166 -48.6451 -3.6891 -39.1772 12.6924 -29.2592 -48.9554 11.5573 -38.3161 8.8677 -28.0301 -48.6490 30.1116 -37.6319 2.4359 -26.4816 -47.4249 34.9143 -36.3623 -13.1271 -24.1200 -45.4439 30.7496 -37.0462 19.9408 -40.5764 -13.1073 -46.7177 -32.1515 22.2384 -43.0002 -20.2245 -36.2558 -34.4326 29.7524 -45.4585 -24.1698 -12.6869 -36.3939 34.9482 -47.4580 -26.5167 2.6292 -37.6510 29.8111 -48.6675 -28.0662 8.9963 -38.3312 10.9208 -48.9514 -29.2962 12.8068 -39.2190 -4.0749 -48.6294 -30.2542 15.5726 -40.2074 -10.6526 -47.9823 -31.0609 17.9184 -41.0772 -14.3522 -46.7406 -31.8248 20.2366 -41.9333 -17.0004 -44.6432 -32.5909 22.6358 -42.7927 -19.0873 -41.3459 -33.3599 25.1275 -43.7686
24.2377 -32.9492 -43.1066 -18.1389 -42.3819 21.4746 -32.2236 -45.7739 -15.8206 -41.5220 19.1113 -31.4588 -47.4244 -12.7699 -40.6684 16.8300 -30.6975 -48.3409 -8.3607 -39.8170 14.5537 -29.9242 -48.7474 -0.6143 -38.8941 11.9632 -29.0456 -48.9623 14.4566 -38.2590 8.4557 -27.9407 -48.6157 30.3705 -37.6319 2.6011 -26.5384 -47.5013 35.0032 -36.4741 -11.2748 -24.3807 -45.6378 30.4545 -35.3318 -6.8195 -32.8539 16.5571 -40.7364 -14.3384 -46.0136 -32.4424 23.1458 -43.3054 -20.7806 -34.2296 -34.6619 30.4770 -45.6750 -24.4342 -10.8529 -36.5051 35.0254 -47.5339 -26.5736 2.7921 -37.6510 30.0795 -48.6350 -27.9767 8.5867 -38.2745 13.8275 -48.9625 -29.0824 12.0792 -38.9358 -1.0784 -48.7320 -29.9616 14.6661 -39.8592 -8.6296 -48.3075 -30.7370 16.9509 -40.7120 -12.9485 -47.3613 -31.4969 19.2348 -41.5651 -15.9514 -45.6674 -32.2620 21.5947 -42.4250 -18.2485 -42.9262 -32.9917 24.3679
-32.0218 -44.4105 -17.2095 -42.0119 20.4526 -31.8949 -46.5885 -14.6266 -41.1550 18.1251 -31.1319 -47.8936 -11.1018 -40.3042 15.8647 -30.3741 -48.5593 -5.7697 -39.4607 13.6121 -29.6194 -48.8526 3.3674 -38.6182 11.1300 -28.8005 -48.9432 17.9752 -38.1766 7.8561 -27.8039 -48.5519 31.0444 -37.5992 2.4359 -26.5384 -47.5280 35.0357 -36.5410 -10.0850 -24.5684 -45.8031 30.9482 -34.9073 -29.2986 -26.2008 -47.0227 -30.8707 16.9629 -41.0519 -15.4266 -45.2159 -32.7127 23.9849 -43.5813 -21.2573 -32.2618 -34.8552 31.0621 -45.8429 -24.6208 -9.6786 -36.5717 35.0513 -47.5605 -26.5736 2.6292 -37.6185 30.7792 -48.5726 -27.8398 7.9912 -38.1928 17.3799 -48.9479 -28.8371 11.2486 -38.6458 2.8154 -48.8379 -29.6566 13.7252 -39.5027 -6.1020 -48.5381 -30.4130 15.9847 -40.3474 -11.3119 -47.8453 -31.1700 18.2472 -41.1979 -14.7738 -46.5023 -31.9332 20.5714 -42.0571 -17.3316 -44.2559 -32.0670
-45.9206 -16.1744 -41.6436 19.4419 -31.5671 -47.2410 -13.2645 -40.7889 17.1500 -30.8050 -48.2461 -9.1127 -39.9412 14.9015 -30.0531 -48.6947 -2.5331 -39.1018 12.6381 -29.3059 -48.9362 8.2143 -38.4338 10.1995 -28.5296 -48.8907 21.7088 -38.0712 7.0725 -27.6228 -48.4557 31.9499 -37.5397 1.9693 -26.4816 -47.5013 35.0357 -36.5641 -9.4813 -24.6814 -45.9151 31.3605 -34.9754 -30.6088 -22.3706 -45.9851 -13.7532 -48.4335 -30.7518 17.7772 -41.3643 -16.3406 -44.3502 -32.9585 24.7553 -43.8250 -21.6462 -30.5336 -35.0034 31.4788 -45.9547 -24.7329 -9.0836 -36.5946 35.0513 -47.5339 -26.5167 2.1694 -37.5597 31.7220 -48.4782 -27.6586 7.2138 -38.0888 21.1731 -48.9002 -28.5663 10.3218 -38.4477 7.5938 -48.9295 -29.3430 12.7527 -39.1435 -2.9486 -48.6828 -30.0907 15.0213 -39.9837 -9.3656 -48.2104 -30.8444 17.2655 -40.8318 -13.4334 -47.1726 -31.6051 19.5647 -41.6891 -16.3140 -45.8086
-15.8455 -41.2744 18.4499 -31.2397 -47.7525 -11.6834 -40.4241 16.1827 -30.4804 -48.4966 -6.6895 -39.5797 13.9359 -29.7325 -48.8086 1.4950 -38.7448 11.6447 -28.9896 -48.9588 13.5575 -38.3106 9.1863 -28.2417 -48.7993 25.2978 -37.9515 6.1143 -27.4053 -48.3229 32.9478 -37.4499 1.2085 -26.3748 -47.4249 35.0032 -36.5410 -9.4813 -24.7201 -45.9740 31.6151 -35.0694 -29.5652 -21.9385 -44.3037 33.6883 -40.7574 -7.2364 -48.3394 -30.9870 18.5810 -41.6530 -17.1066 -43.4561 -33.1756 25.4187 -44.0222 -21.9342 -29.1956 -35.1049 31.7321 -46.0134 -24.7713 -9.0836 -36.5717 35.0254 -47.4580 -26.4106 1.4203 -37.4714 32.7660 -48.3475 -27.4412 6.2667 -37.9706 24.8430 -48.8134 -28.2782 9.3133 -38.3265 12.9137 -48.9584 -29.0275 11.7617 -38.7863 0.9821 -48.7980 -29.7699 14.0564 -39.6220 -6.9992 -48.4721 -30.5198 16.2959 -40.4667 -11.8810 -47.6995 -31.2778 18.5720 -41.3179 -15.9586
-41.2121 17.4662 -30.9123 -48.1418 -9.8110 -40.0606 15.2187 -30.1575 -48.6587 -3.6826 -39.2201 12.9627 -29.4125 -48.9129 6.3349 -38.4907 10.6267 -28.6750 -48.9262 18.7911 -38.1751 8.0909 -27.9447 -48.6681 28.4217 -37.8139 4.9739 -27.1601 -48.1544 33.8688 -37.3232 0.1035 -26.2148 -47.3017 34.9143 -36.4741 -10.0850 -24.6814 -45.9740 31.7025 -35.1223 -28.7342 -22.0631 -44.1489 26.9856 -36.2938 17.2591 -39.6353 -8.1504 -48.1029 -31.2367 19.3173 -41.9098 -17.7329 -42.5987 -33.3525 25.9291 -44.1639 -22.1272 -28.3208 -35.1588 31.8187 -46.0134 -24.7329 -9.6786 -36.5051 34.9482 -47.3356 -26.2524 0.3333 -37.3465 33.7369 -48.1815 -27.1972 5.1417 -37.8352 28.0606 -48.6862 -27.9809 8.2252 -38.1922 18.1651 -48.9322 -28.7129 10.7476 -38.5186 5.7350 -48.9034 -29.4510 13.0790 -39.2621 -4.0686 -48.6438 -30.1968 15.3316 -40.1031 -10.0471 -48.1020 -30.9517 17.5818 -41.2519
16.7068 -30.5706 -48.4257 -7.5441 -39.6987 14.2544 -29.8364 -48.7765 0.0748 -38.8624 11.9755 -29.0952 -48.9575 11.7060 -38.3530 9.5745 -28.3633 -48.8442 23.3958 -38.0322 6.9135 -27.6417 -48.4997 30.9405 -37.6616 3.6466 -26.8925 -47.9512 34.5663 -37.1637 -1.3737 -26.0009 -47.1319 34.7262 -36.3623 -11.2748 -24.5684 -45.9151 31.6151 -35.1223 -28.4301 -22.1595 -44.2105 26.2436 -34.2541 -18.5526 -31.9769 13.9809 -39.7488 -9.7718 -47.8213 -31.4614 19.9669 -42.1299 -18.2135 -41.8691 -33.4798 26.2737 -44.2525 -22.2295 -28.0121 -35.1588 31.7321 -45.9547 -24.6208 -10.8529 -36.3939 34.7756 -47.1667 -26.0408 -1.1049 -37.1892 34.4839 -47.9820 -26.9302 3.8277 -37.6826 30.6708 -48.5212 -27.6776 7.0567 -38.0497 22.8603 -48.8574 -28.4003 9.7002 -38.3679 11.0691 -48.9556 -29.1336 12.0923 -38.9042 -0.4085 -48.7629 -29.8755 14.3676 -39.7409 -7.8341 -48.3963 -30.6104 16.8237
-29.5015 -48.6160 -4.7297 -39.3386 13.2850 -29.5171 -48.8835 4.6611 -38.5693 10.9667 -28.7809 -48.9422 17.0678 -38.2217 8.4762 -28.0537 -48.7207 27.1565 -37.8809 5.6402 -27.3373 -48.3005 32.8165 -37.4965 2.1097 -26.6113 -47.7168 34.9745 -36.9749 -3.2313 -25.7358 -46.9213 34.4038 -36.2044 -13.1271 -24.3807 -45.8031 31.3605 -35.0694 -28.7342 -22.1595 -44.2400 26.3310 -33.6175 -39.5074 -24.4627 -48.3013 -29.9610 14.2627 -39.9983 -11.0865 -47.5212 -31.6539 20.5052 -42.3010 -18.5497 -41.3461 -33.5576 26.4582 -44.2840 -22.2301 -28.3190 -35.1062 31.4795 -45.8430 -24.4344 -12.6813 -36.2368 34.4698 -46.9571 -25.7798 -2.9261 -37.0023 34.9368 -47.7495 -26.6475 2.3078 -37.5172 32.6284 -48.3253 -27.3731 5.8024 -37.8994 26.7495 -48.7385 -28.0914 8.6081 -38.2378 16.4612 -48.9468 -28.8191 11.0860 -38.5971 4.0817 -48.8704 -29.5557 13.3987 -39.3805 -5.1081 -48.5975 -29.5423
-48.7737 -1.2339 -38.9816 12.3080 -29.2047 -48.9462 9.8875 -38.3978 9.9327 -28.4726 -48.8744 21.8806 -38.0824 7.3217 -27.7495 -48.5614 30.0710 -37.7243 4.2558 -27.0369 -48.0753 34.0732 -37.3113 0.3259 -26.3187 -47.4564 35.0683 -36.7618 -5.5268 -25.4256 -46.6758 33.9336 -36.0149 -15.5680 -24.1199 -45.6377 30.9476 -34.9743 -29.5652 -22.0631 -44.2105 26.3310 -33.5604 -41.1099 -19.6562 -44.7321 -8.2142 -48.7939 -29.8506 14.8807 -40.2241 -12.0919 -47.2416 -31.7793 20.8930 -42.4253 -18.7666 -41.0655 -33.6403 26.4704 -44.2559 -22.1352 -29.1572 -35.0126 31.0696 -45.6786 -24.1759 -15.1023 -36.0482 34.0153 -46.7146 -25.4725 -5.1940 -36.7907 35.0732 -47.4894 -26.3555 0.5520 -37.3347 33.9550 -48.1031 -27.0737 4.4353 -37.7433 29.7689 -48.5820 -27.7878 7.4622 -38.0994 21.3507 -48.8848 -28.5105 10.0561 -38.4099 9.2221 -48.9410 -29.2430 12.4235 -39.0233 -1.7037 -48.7682
-4.3285 -38.6534 11.3841 -28.9585 -48.9166 14.9564 -38.2894 8.9396 -28.2254 -48.7486 25.7172 -37.9535 6.1825 -27.5035 -48.3663 32.1234 -37.5801 2.8406 -26.7908 -47.8309 34.7750 -37.1408 -1.5961 -26.0505 -47.1830 34.8994 -36.5753 -8.1251 -25.1220 -46.4146 33.3657 -35.8595 -18.1855 -23.8482 -45.4438 30.4513 -34.9034 -30.6317 -21.9352 -44.1487 26.2426 -33.6160 -41.1115 -18.4470 -42.6512 30.0493 -39.6254 4.6370 -48.7608 -30.2191 15.4040 -40.4985 -12.3968 -47.2510 -31.7098 22.2453 -42.5898 -18.5551 -39.5607 -33.7042 26.3788 -44.1930 -22.0097 -30.2213 -34.9430 30.5772 -45.4856 -23.9064 -17.7147 -35.8932 33.4607 -46.4542 -25.1704 -7.7428 -36.6059 34.9366 -47.2174 -26.0905 -1.3384 -37.1651 34.7122 -47.8622 -26.8277 3.0288 -37.5993 31.9033 -48.3912 -27.5405 6.3314 -37.9711 25.2725 -48.7633 -28.2620 9.0679 -38.3027 14.2876 -48.9192 -28.9954 11.5013 -38.6946 -4.6592
-39.1452 11.3480 -29.2948 -48.7725 15.7439 -38.3695 8.8192 -28.5292 -48.4927 26.3801 -38.0200 6.0398 -27.7908 -48.1319 32.5094 -37.6361 2.6590 -27.0612 -47.6399 34.9547 -37.2041 -1.8486 -26.2815 -47.0286 34.9488 -36.7009 -8.3879 -25.3222 -46.3107 33.4175 -36.1145 -17.8639 -24.0968 -45.4350 30.7360 -35.3261 -29.3546 -22.3613 -44.2998 26.9786 -34.2481 -39.5359 -19.6624 -42.9198 23.1532 -36.2622 15.6214 -39.3579 -3.4219 -48.5921 -30.9138 16.7454 -40.6013 -14.5570 -46.0459 -32.8758 22.4345 -42.8125 -20.0093 -39.2541 -34.2828 27.0969 -44.3401 -22.4307 -28.9485 -35.3588 30.8569 -45.4739 -24.1529 -17.4088 -36.1425 33.5096 -46.3464 -25.3719 -8.0037 -36.7267 34.9884 -47.0595 -26.3177 -1.6124 -37.2229 34.9023 -47.6681 -27.0918 2.8293 -37.6518 32.3113 -48.1539 -27.8239 6.1829 -38.0374 25.9587 -48.5114 -28.5633 8.9443 -38.3864 15.1321 -48.7799 -29.3277 11.4601 -39.1805
