30.2826 -34.5189 -31.5185 -21.0116 -43.8227 24.5189 -32.1094 -45.6969 -16.0625 -41.2908 16.9330 -29.5767 -48.7629 -4.6917 -38.8493 9.3856 -27.1176 -48.4299 25.8089 -37.1046 -2.0791 -24.6745 -46.5779 32.2659 -34.9711 -28.1552 -21.5381 -44.1738 25.6273 -32.4774 -44.6024 -16.9629 -41.6555 18.0072 -29.9461 -48.6594 -7.4004 -39.1997 10.5730 -27.4775 -48.6028 22.0519 -37.3531 0.5050 -25.8336 -48.5131 -21.7238 -42.0450 -32.9538 26.9047 -44.5831 -22.1240 -23.6282 -35.3595 32.7195 -46.9377 -25.0976 0.5389 -37.3750 21.5922 -48.6193 -27.5162 10.7084 -39.2408 -7.6704 -48.6422 -29.9870 18.1356 -41.6992 -17.0611 -44.4607 -32.5192 25.7540 -44.2145 -21.5969 -27.7330 -35.0094 32.3245 -46.6135 -24.7167 -1.8035 -37.1321 25.4501 -48.4502 -27.1561 9.5166 -38.8871 -5.0143 -48.7557 -29.6163 17.0491 -41.3308 -16.1693 -45.5858 -32.1498 24.6441 -43.8627 -21.0729 -31.1431 -34.5559 30.3080
-34.5189 -28.3768 -22.0261 -44.0218 25.2117 -33.0146 -44.1327 -16.4287 -41.3594 17.6905 -30.6435 -48.5811 -2.0756 -38.7009 10.4990 -28.3256 -48.7026 30.4241 -37.3874 0.7004 -26.0632 -46.9268 33.8612 -35.6528 -22.7822 -22.7664 -44.4371 26.4254 -33.3754 -42.6653 -17.5020 -41.7529 18.7433 -30.9921 -48.3513 -5.6470 -39.0839 11.5947 -28.6617 -48.8400 27.3089 -37.5545 2.6203 -26.4865 -47.3934 26.6125 -43.7810 -19.1548 -40.5853 -33.7672 27.7553 -44.8672 -23.4149 -17.9585 -35.9928 34.6047 -47.2886 -26.4540 2.8151 -37.5737 26.9099 -48.8524 -28.6994 11.7255 -39.1306 -5.9951 -48.3189 -31.0315 18.8673 -41.7990 -17.6140 -42.4857 -33.4137 26.5547 -44.4792 -22.8313 -22.3215 -35.6864 33.9448 -46.9627 -26.1028 0.9204 -37.4064 30.1353 -48.7195 -28.3617 10.6196 -38.7424 -2.5026 -48.5613 -30.6809 17.8042 -41.4028 -16.5535 -43.9804 -33.0524 25.3400 -44.0645 -22.0959 -27.9644 -34.5559
-31.5185 -22.0261 -44.1591 25.8981 -33.3013 -42.9640 -17.3646 -41.7158 18.6633 -30.9820 -48.3715 -5.4249 -39.0600 11.5273 -28.6383 -48.8323 27.5694 -37.7034 2.4909 -26.3814 -47.2320 34.5079 -36.0266 -18.7534 -23.3099 -44.7987 27.5421 -33.7468 -41.0239 -18.4084 -42.1247 19.7485 -31.3382 -48.0364 -8.2762 -39.4466 12.5996 -28.9776 -48.9241 23.5571 -37.8742 4.1799 -26.7186 -47.5516 35.1891 -38.3418 26.5237 -42.7750 -19.4407 -38.6555 -34.1385 28.8706 -45.2239 -23.9209 -13.9628 -36.3623 34.9834 -47.5763 -26.7489 4.3592 -37.8944 23.0319 -48.9309 -29.0170 12.7238 -39.4921 -8.5677 -47.9896 -31.3794 19.8692 -42.1690 -18.5099 -40.8121 -33.7852 27.6715 -44.8403 -23.3710 -18.2829 -36.0598 34.5692 -47.2663 -26.4177 2.6835 -37.7223 27.1845 -48.8446 -28.6749 11.6444 -39.1017 -5.7659 -48.3412 -31.0200 18.7785 -41.7596 -17.4780 -42.7829 -33.3403 26.0273 -44.2020 -22.0959 -31.1431
-21.0116 -44.0218 25.8981 -33.3986 -42.1423 -18.0138 -42.0143 19.5397 -31.2833 -48.0791 -8.0420 -39.4150 12.5162 -28.9518 -48.9191 23.8840 -37.8612 4.0605 -26.6874 -47.5199 34.9296 -36.3058 -14.7565 -23.8205 -45.1526 28.6472 -34.0710 -39.0932 -19.2346 -42.4929 20.7590 -31.6656 -47.6120 -10.4113 -39.8080 13.5787 -29.2953 -48.9589 18.9720 -38.0282 5.5864 -27.0180 -47.8137 35.0784 -36.9935 5.9608 -34.5433 22.6251 -42.9544 -20.1536 -36.3231 -34.4581 29.9602 -45.5718 -24.3963 -10.2500 -36.6264 35.0603 -47.8441 -27.0527 5.7418 -38.0438 18.3570 -48.9592 -29.3337 13.6999 -39.8531 -10.6522 -47.5500 -31.7071 20.8868 -42.5390 -19.3294 -38.8408 -34.1106 28.7770 -45.1940 -23.8784 -14.2996 -36.3378 34.9619 -47.5524 -26.7227 4.2322 -37.8793 23.3993 -48.9262 -28.9885 12.6310 -39.4569 -8.3184 -48.0372 -31.3214 19.6626 -42.0587 -18.1213 -41.9476 -33.4379 26.0273 -44.0645 -21.0729
-43.8227 25.2117 -33.3013 -42.1423 -18.2506 -42.1895 20.1808 -31.5270 -47.7391 -10.0194 -39.7537 13.4621 -29.2604 -48.9585 19.4037 -38.0136 5.4703 -26.9906 -47.7910 35.0720 -36.5735 -10.9775 -24.3018 -45.5014 29.7401 -34.3929 -36.8299 -19.9976 -42.8606 21.7858 -31.9941 -47.0594 -12.1884 -40.1710 14.5479 -29.6148 -48.9368 13.7202 -38.1725 6.8664 -27.3222 -48.0639 34.8193 -36.9045 -4.3920 -28.8814 -39.2070 -32.8922 23.1101 -43.3069 -20.8476 -33.6194 -34.7757 31.0189 -45.9133 -24.8432 -6.9397 -36.8765 34.7665 -48.0919 -27.3578 7.0091 -38.1869 13.0834 -48.9302 -29.6520 14.6666 -40.2157 -12.3897 -46.9806 -32.0353 21.9162 -42.9068 -20.0893 -36.5210 -34.4336 29.8696 -45.5428 -24.3573 -10.5547 -36.6042 35.0672 -47.8216 -27.0261 5.6262 -38.0310 18.8285 -48.9597 -29.2974 13.5754 -39.7959 -10.2510 -47.6857 -31.5649 20.3055 -42.2356 -18.3560 -41.9476 -33.3403 25.3400 -43.8627
24.5189 -33.0146 -42.9640 -18.0138 -42.1895 20.4231 -31.6661 -47.4500 -11.3666 -40.0451 14.3063 -29.5502 -48.9467 14.3993 -38.1555 6.7461 -27.2944 -48.0431 34.8606 -36.8268 -7.5781 -24.7544 -45.8443 30.8066 -34.7112 -34.2026 -20.7072 -43.2279 22.8313 -32.3245 -46.3590 -13.6994 -40.5370 15.5170 -29.9348 -48.8502 8.2802 -38.3056 8.0551 -27.6289 -48.2921 34.1278 -37.0878 -4.1533 -25.8885 -47.9997 -20.2850 -44.6688 -32.7752 24.1308 -43.6709 -21.5025 -30.5307 -35.0896 32.0264 -46.2475 -25.2614 -4.0789 -37.1091 34.0137 -48.3170 -27.6647 8.1888 -38.3208 7.6592 -48.8354 -29.9722 15.6299 -40.5798 -13.8698 -46.2617 -32.3642 22.9629 -43.2736 -20.7930 -33.8453 -34.7516 30.9375 -45.8868 -24.8077 -7.2012 -36.8567 34.8089 -48.0714 -27.3303 6.8926 -38.1729 13.7589 -48.9414 -29.5874 14.4188 -40.0874 -11.5704 -47.3877 -31.7041 20.5426 -42.2356 -18.1213 -42.7829 -33.0524 24.6441
-32.1094 -44.1327 -17.3646 -42.0143 20.1808 -31.6661 -47.3335 -12.0584 -40.2474 14.9591 -29.7941 -48.8908 9.5108 -38.2821 7.8929 -27.5921 -48.2698 34.2164 -37.0628 -4.6262 -25.1786 -46.1802 31.8267 -35.0254 -31.1901 -21.3713 -43.5943 23.8956 -32.6550 -45.4848 -15.0127 -40.9025 16.4819 -30.2563 -48.7402 3.1933 -38.4307 9.1750 -27.9372 -48.4941 32.8878 -37.2988 -1.8710 -25.6748 -46.7296 33.1578 -42.9450 -17.0198 -44.1111 -33.0573 25.2039 -44.0347 -22.1196 -27.0659 -35.3967 32.9556 -46.5731 -25.6509 -1.6372 -37.3214 32.7036 -48.5158 -27.9733 9.3018 -38.4446 2.6450 -48.7242 -30.2939 16.5945 -40.9451 -15.1548 -45.3707 -32.6931 24.0274 -43.6392 -21.4506 -30.7873 -35.0642 31.9505 -46.2219 -25.2297 -4.2872 -37.0909 34.1060 -48.2967 -27.6295 8.0325 -38.2989 8.8707 -48.8788 -29.8315 15.0715 -40.2898 -12.2489 -47.2678 -31.7041 20.3055 -42.0587 -17.4780 -43.9804 -32.1498
-45.6969 -16.4287 -41.7158 19.5397 -31.5270 -47.4500 -12.0584 -40.3203 15.3216 -29.9581 -48.8148 5.5784 -38.3872 8.8822 -27.8713 -48.4641 33.0808 -37.2755 -2.1278 -25.5719 -46.5076 32.7753 -35.3352 -27.7946 -21.9947 -43.9605 24.9810 -32.9840 -44.4202 -16.1633 -41.2688 17.4513 -30.5796 -48.6184 -1.1450 -38.6416 10.2430 -28.2475 -48.6664 30.9986 -37.4904 0.2427 -25.9793 -46.8714 34.4417 -37.8911 23.8550 -41.9177 -17.4483 -42.8331 -33.3800 26.2994 -44.3959 -22.6978 -23.2761 -35.6966 33.7725 -46.8886 -26.0103 0.4528 -37.5102 30.7328 -48.6842 -28.2837 10.3647 -38.6690 -1.5955 -48.6009 -30.6173 17.5647 -41.3115 -16.2888 -44.2823 -33.0220 25.1085 -44.0030 -22.0680 -27.3527 -35.3718 32.8868 -46.5481 -25.6201 -1.8377 -37.3008 32.9022 -48.4891 -27.9107 9.0135 -38.4021 4.9876 -48.7971 -29.9961 15.4345 -40.3628 -12.2489 -47.3877 -31.5649 19.6626 -41.7596 -16.5535 -45.5858
-16.0625 -41.3594 18.6633 -31.2833 -47.7391 -11.3666 -40.2474 15.3216 -30.0160 -48.7600 3.1456 -38.4611 9.6609 -28.1144 -48.6192 31.5049 -37.4576 -0.0541 -25.9283 -46.8202 33.6115 -35.6366 -24.0459 -22.5828 -44.3225 26.0751 -33.3118 -43.1336 -17.1908 -41.6359 18.4294 -30.9042 -48.4309 -4.6591 -38.9698 11.2724 -28.5595 -48.8039 28.3593 -37.6637 2.0800 -26.3058 -47.1609 34.4312 -36.4673 2.4278 -33.9216 20.2186 -42.1010 -18.3104 -41.2433 -33.7067 27.4034 -44.7540 -23.2431 -19.2655 -35.9884 34.4337 -47.1922 -26.3390 2.2634 -37.6800 28.0012 -48.8173 -28.5959 11.3904 -39.0115 -5.0197 -48.4033 -30.9421 18.5440 -41.6787 -17.3037 -42.9679 -33.3500 26.2032 -44.3645 -22.6491 -23.5911 -35.6722 33.7104 -46.8605 -25.9725 0.1866 -37.4795 31.2435 -48.6403 -28.1537 9.7878 -38.4755 2.5853 -48.7437 -30.0545 15.4345 -40.2898 -11.5704 -47.6857 -31.3214 18.7785 -41.4028 -16.1693
-41.2908 17.6905 -30.9820 -48.0791 -10.0194 -40.0451 14.9591 -29.9581 -48.7600 2.3309 -38.4997 10.1636 -28.2982 -48.7286 29.6863 -37.6061 1.6170 -26.2385 -47.1108 34.2886 -35.9234 -20.1263 -23.1331 -44.6813 27.1779 -33.6389 -41.5933 -18.1202 -42.0036 19.4194 -31.2302 -48.1512 -7.4727 -39.3281 12.2739 -28.8735 -48.9016 24.8895 -37.8244 3.6959 -26.6140 -47.4514 34.8552 -36.3089 -11.9416 -28.0069 -43.2578 -32.1189 20.6995 -42.4516 -19.1416 -39.3516 -34.0315 28.5085 -45.1082 -23.7578 -15.2566 -36.2702 34.8879 -47.4821 -26.6466 3.8582 -37.8400 24.4344 -48.9100 -28.9101 12.3892 -39.3699 -7.7627 -48.1120 -31.2683 19.5356 -42.0464 -18.2230 -41.3959 -33.6769 27.3067 -44.7229 -23.1953 -19.6543 -35.9580 34.3643 -47.1481 -26.2774 1.8257 -37.6240 29.3381 -48.7456 -28.3355 10.2883 -38.5231 1.7774 -48.7437 -29.9961 15.0715 -40.0874 -10.2510 -48.0372 -31.0200 17.8042 -41.3308
16.9330 -30.6435 -48.3715 -8.0420 -39.7537 14.3063 -29.7941 -48.8148 3.1456 -38.4997 10.3380 -28.3966 -48.7914 28.0082 -37.7181 2.8959 -26.4943 -47.3674 34.7610 -36.1867 -16.2908 -23.6402 -45.0317 28.2793 -33.9639 -39.7656 -18.9694 -42.3714 20.4238 -31.5573 -47.7655 -9.7512 -39.6882 13.2561 -29.1902 -48.9530 20.5680 -37.9788 5.1406 -26.9169 -47.7271 35.0676 -36.5174 -11.5203 -24.8779 -47.3728 -18.2893 -46.7575 -32.0077 21.6740 -42.8178 -19.9109 -37.1280 -34.3538 29.6041 -45.4577 -24.2426 -11.4386 -36.5413 35.0722 -47.7562 -26.9508 5.2885 -37.9938 20.0254 -48.9556 -29.2260 13.3697 -39.7303 -9.9886 -47.7129 -31.5955 20.5418 -42.4143 -19.0638 -39.5324 -34.0017 28.4078 -45.0728 -23.6990 -15.8214 -36.2209 34.8089 -47.4013 -26.5297 3.0827 -37.7354 27.6178 -48.8059 -28.4331 10.4607 -38.5231 2.5853 -48.7971 -29.8315 14.4188 -39.7959 -8.3184 -48.3412 -30.6809 17.0491
-29.5767 -48.5811 -5.4249 -39.4150 13.4621 -29.5502 -48.8908 5.5784 -38.4611 10.1636 -28.3966 -48.8117 26.9993 -37.7868 3.7588 -26.6893 -47.5763 35.0103 -36.4193 -12.8103 -24.0953 -45.3650 29.3444 -34.2789 -37.6393 -19.7497 -42.7392 21.4446 -31.8854 -47.2578 -11.6334 -40.0500 14.2264 -29.5077 -48.9502 15.4948 -38.1258 6.4554 -27.2214 -47.9840 34.9490 -36.7702 -8.2992 -24.7172 -46.0037 35.3295 -42.1452 -14.3399 -46.4099 -32.2910 22.7075 -43.1847 -20.6263 -34.5319 -34.6728 30.6747 -45.8014 -24.6989 -7.9831 -36.7967 34.9100 -48.0123 -27.2567 6.5934 -38.1402 14.9130 -48.9471 -29.5440 14.3392 -40.0925 -11.8321 -47.1898 -31.9237 21.5647 -42.7820 -19.8370 -37.3668 -34.3163 29.4714 -45.4055 -24.1509 -12.3664 -36.4521 35.0312 -47.6085 -26.7246 3.9342 -37.8053 26.5974 -48.8253 -28.4331 10.2883 -38.4755 4.9876 -48.8788 -29.5874 13.5754 -39.4569 -5.7659 -48.5613 -29.6163
-48.7629 -2.0756 -39.0600 12.5162 -29.2604 -48.9467 9.5108 -38.3872 9.6609 -28.2982 -48.7914 26.9993 -37.8094 4.1922 -26.8149 -47.7229 35.0713 -36.6093 -9.9478 -24.4854 -45.6703 30.3287 -34.5771 -35.2457 -20.4575 -43.1016 22.4792 -32.2138 -46.6097 -13.2219 -40.4135 15.1911 -29.8271 -48.8865 10.0687 -38.2621 7.6713 -27.5276 -48.2197 34.4120 -37.0106 -5.2735 -25.0881 -46.1236 32.5965 -37.4155 21.3909 -41.0665 -14.9353 -45.5983 -32.6148 23.7677 -43.5506 -21.2949 -31.5679 -34.9876 31.7019 -46.1383 -25.1265 -4.9742 -37.0344 34.3188 -48.2454 -27.5631 7.8068 -38.2795 9.4674 -48.8756 -29.8649 15.3040 -40.4564 -13.3920 -46.5238 -32.2523 22.6015 -43.1443 -20.5390 -34.9320 -34.6141 30.4526 -45.7102 -24.5383 -9.5414 -36.6394 35.0678 -47.7539 -26.8502 4.3623 -37.8278 26.5974 -48.8059 -28.3355 9.7878 -38.4021 8.8707 -48.9414 -29.2974 12.6310 -39.1017 -2.5026 -48.7557
-4.6917 -38.7009 11.5273 -28.9518 -48.9585 14.3993 -38.2821 8.8822 -28.1144 -48.7286 28.0082 -37.7868 4.1922 -26.8588 -47.7976 35.0376 -36.7425 -7.8751 -24.7959 -45.9314 31.1919 -34.8511 -32.6799 -21.0910 -43.4499 23.5037 -32.5350 -45.8091 -14.5858 -40.7783 16.1545 -30.1483 -48.7800 4.8063 -38.3907 8.8118 -27.8354 -48.4307 33.3607 -37.2325 -2.6563 -25.4850 -46.4332 32.6470 -35.8868 -2.1793 -33.2913 17.9049 -41.2456 -16.0410 -44.5624 -32.9436 24.8455 -43.9149 -21.9216 -28.2216 -35.2982 32.6603 -46.4669 -25.5256 -2.4007 -37.2538 33.2040 -48.4533 -27.8712 8.9407 -38.4071 4.2292 -48.7669 -30.1875 16.2693 -40.8220 -14.7364 -45.7025 -32.5748 23.6279 -43.4925 -21.1676 -32.3257 -34.8876 31.3113 -45.9707 -24.8465 -7.5028 -36.7717 35.0165 -47.8281 -26.8941 4.3623 -37.8053 27.6178 -48.7456 -28.1537 9.0135 -38.2989 13.7589 -48.9597 -28.9885 11.6444 -38.7424 -5.0143
-38.8493 10.4990 -28.6383 -48.9191 19.4037 -38.1555 7.8929 -27.8713 -48.6192 29.6863 -37.7181 3.7588 -26.8149 -47.7976 35.0109 -36.8098 -6.6418 -25.0111 -46.1311 31.8782 -35.0857 -30.1176 -21.6390 -43.7756 24.4919 -32.8439 -44.8572 -15.7549 -41.1397 17.1182 -30.4698 -48.6622 0.1937 -38.5635 9.8954 -28.1449 -48.6132 31.6957 -37.4320 -0.4218 -25.8571 -46.7521 33.4410 -35.6451 -21.1306 -27.0522 -45.8710 -31.3492 18.3719 -41.5950 -17.0765 -43.2973 -33.2721 25.9372 -44.2771 -22.5112 -24.5294 -35.6006 33.5186 -46.7859 -25.8951 -0.2028 -37.4506 31.4628 -48.6322 -28.1811 10.0186 -38.5911 -0.2894 -48.6476 -30.5105 17.2354 -41.1841 -15.8949 -44.7277 -32.8836 24.6179 -43.8180 -21.7116 -29.7274 -35.1219 31.9930 -46.1701 -25.0600 -6.2903 -36.8386 34.9833 -47.8281 -26.8502 3.9342 -37.7354 29.3381 -48.6403 -27.9107 8.0325 -38.1729 18.8285 -48.9262 -28.6749 10.6196 -38.8871
9.3856 -28.3256 -48.8323 23.8840 -38.0136 6.7461 -27.5921 -48.4641 31.5049 -37.6061 2.8959 -26.6893 -47.7229 35.0376 -36.8098 -6.2336 -25.1199 -46.2567 32.3462 -35.2646 -27.8109 -22.0905 -44.0646 25.4085 -33.1331 -43.7747 -16.7582 -41.4896 18.0644 -30.7888 -48.5046 -3.5611 -38.8520 10.9362 -28.4562 -48.7627 29.3176 -37.6092 1.5022 -26.1991 -47.0611 34.1677 -35.8700 -20.6755 -23.7228 -46.6561 -15.8521 -47.9874 -31.2433 19.3121 -41.9609 -18.0163 -41.7884 -33.5997 27.0393 -44.6365 -23.0670 -20.5905 -35.8952 34.2372 -47.0936 -26.2348 1.6924 -37.6256 28.9925 -48.7776 -28.4926 11.0552 -38.8936 -3.9713 -48.4800 -30.8289 18.1830 -41.5357 -16.8830 -43.6219 -33.1714 25.5358 -44.1068 -22.1599 -27.3901 -35.3006 32.4566 -46.2954 -25.1680 -5.8893 -36.8386 35.0165 -47.7539 -26.7246 3.0827 -37.6240 31.2435 -48.4891 -27.6295 6.8926 -38.0310 23.3993 -48.8446 -28.3617 9.5166
-27.1176 -48.7026 27.5694 -37.8612 5.4703 -27.2944 -48.2698 33.0808 -37.4576 1.6170 -26.4943 -47.5763 35.0713 -36.7425 -6.6418 -25.1199 -46.3005 32.5817 -35.3761 -26.0798 -22.4261 -44.3028 26.2057 -33.3895 -42.6122 -17.6094 -41.8220 18.9815 -31.0982 -48.2673 -6.5342 -39.2038 11.9381 -28.7695 -48.8740 26.1306 -37.7721 3.1840 -26.5138 -47.3570 34.7184 -36.1487 -16.9534 -23.6039 -45.2296 35.1222 -41.3388 -10.6545 -47.7926 -31.5259 20.3068 -42.3286 -18.8741 -39.9958 -33.9266 28.1451 -44.9920 -23.5914 -16.5654 -36.1803 34.7674 -47.3879 -26.5473 3.3521 -37.7878 25.7070 -48.8843 -28.8061 12.0549 -39.2477 -6.8688 -48.2318 -31.1369 19.0995 -41.8672 -17.7183 -42.4354 -33.4276 26.3339 -44.3450 -22.4937 -25.6376 -35.4122 32.6894 -46.3390 -25.1680 -6.2903 -36.7717 35.0678 -47.6085 -26.5297 1.8257 -37.4795 32.9022 -48.2967 -27.3303 5.6262 -37.8793 27.1845 -48.7195 -27.1561
-48.4299 30.4241 -37.7034 4.0605 -26.9906 -48.0431 34.2164 -37.2755 -0.0541 -26.2385 -47.3674 35.0103 -36.6093 -7.8751 -25.0111 -46.2567 32.5817 -35.4143 -25.1459 -22.6307 -44.4704 26.8252 -33.6000 -41.4655 -18.3075 -42.1244 19.8412 -31.3890 -47.9536 -8.8702 -39.5489 12.9036 -29.0800 -48.9413 22.0936 -37.9268 4.6798 -26.8168 -47.6379 35.0287 -36.4220 -13.0755 -24.0401 -45.3303 30.2247 -36.8823 19.0319 -40.2220 -11.5386 -47.3168 -31.8488 21.3255 -42.6964 -19.6639 -37.8842 -34.2498 29.2454 -45.3432 -24.0858 -12.6626 -36.4530 35.0461 -47.6675 -26.8501 4.8308 -37.9435 21.5706 -48.9460 -29.1168 13.0183 -39.5933 -9.1312 -47.9072 -31.4272 19.9585 -42.1673 -18.4085 -41.2654 -33.6384 26.9541 -44.5133 -22.6978 -24.6893 -35.4505 32.6894 -46.2954 -25.0600 -7.5028 -36.6394 35.0312 -47.4013 -26.2774 0.1866 -37.3008 34.1060 -48.0714 -27.0261 4.2322 -37.7223 30.1353 -48.4502
25.8089 -37.3874 2.4909 -26.6874 -47.7910 34.8606 -37.0628 -2.1278 -25.9283 -47.1108 34.7610 -36.4193 -9.9478 -24.7959 -46.1311 32.3462 -35.3761 -25.1459 -22.7007 -44.5551 27.2113 -33.7487 -40.4844 -18.8460 -42.3837 20.6047 -31.6520 -47.5800 -10.6849 -39.8805 13.8184 -29.3827 -48.9587 17.3363 -38.0746 6.0300 -27.1206 -47.9012 35.0298 -36.6837 -9.4692 -24.5023 -45.6536 30.3068 -35.2317 -8.7590 -32.6137 15.6469 -40.3946 -13.0708 -46.6867 -32.1773 22.3614 -43.0636 -20.3962 -35.4232 -34.5699 30.3259 -45.6888 -24.5514 -9.0756 -36.7132 35.0065 -47.9287 -27.1541 6.1707 -38.0912 16.7332 -48.9573 -29.4198 13.9330 -39.9236 -10.9040 -47.5211 -31.6904 20.7243 -42.4266 -18.9416 -40.2649 -33.7872 27.3432 -44.6001 -22.7676 -24.6893 -35.4122 32.4566 -46.1701 -24.8465 -9.5414 -36.4521 34.8089 -47.1481 -25.9725 -1.8377 -37.0909 34.8089 -47.8216 -26.7227 2.6835 -37.4064 25.4501
-37.1046 0.7004 -26.3814 -47.5199 35.0720 -36.8268 -4.6262 -25.5719 -46.8202 34.2886 -36.1867 -12.8103 -24.4854 -45.9314 31.8782 -35.2646 -26.0798 -22.6307 -44.5551 27.3403 -33.8237 -39.8202 -19.2119 -42.5838 21.2405 -31.8769 -47.1733 -12.0891 -40.1855 14.6633 -29.6705 -48.9248 12.2573 -38.2113 7.2444 -27.4217 -48.1439 34.6416 -36.9301 -6.2599 -24.9404 -45.9921 31.2726 -34.9344 -29.8196 -25.9633 -47.4820 -30.5836 16.1068 -40.7412 -14.4529 -45.9007 -32.5061 23.4156 -43.4300 -21.0792 -32.5863 -34.8859 31.3693 -46.0278 -24.9885 -5.9174 -36.9576 34.5686 -48.1673 -27.4559 7.3835 -38.2272 11.6208 -48.9165 -29.7079 14.7790 -40.2297 -12.2814 -47.1019 -31.9155 21.3612 -42.6267 -19.3040 -39.5880 -33.8619 27.4748 -44.6001 -22.6978 -25.6376 -35.3006 31.9930 -45.9707 -24.5383 -12.3664 -36.2209 34.3643 -46.8605 -25.6201 -4.2872 -36.8567 35.0672 -47.5524 -26.4177 0.9204 -37.1321
-2.0791 -26.0632 -47.2320 34.9296 -36.5735 -7.5781 -25.1786 -46.5076 33.6115 -35.9234 -16.2908 -24.0953 -45.6703 31.1919 -35.0857 -27.8109 -22.4261 -44.4704 27.2113 -33.8237 -39.5884 -19.3899 -42.7086 21.6994 -32.0510 -46.7825 -13.1474 -40.4534 15.4198 -29.9338 -48.8419 7.4098 -38.3341 8.3457 -27.7167 -48.3582 33.7921 -37.1584 -3.4990 -25.3521 -46.3241 32.2542 -35.1706 -29.4367 -22.4066 -45.8666 -12.6452 -48.5988 -30.4847 17.0266 -41.1053 -15.6659 -44.9300 -32.8338 24.4874 -43.7949 -21.7190 -29.3645 -35.1954 32.3532 -46.3592 -25.3971 -3.2069 -37.1820 33.6605 -48.3805 -27.7525 8.4774 -38.3490 6.7972 -48.8251 -29.9739 15.5368 -40.4981 -13.3209 -46.7002 -32.0895 21.8200 -42.7515 -19.4804 -39.3518 -33.8619 27.3432 -44.5133 -22.4937 -27.3901 -35.1219 31.3113 -45.7102 -24.1509 -15.8214 -35.9580 33.7104 -46.5481 -25.2297 -7.2012 -36.6042 34.9619 -47.2663 -26.1028 -1.8035
-24.6745 -46.9268 34.5079 -36.3058 -10.9775 -24.7544 -46.1802 32.7753 -35.6366 -20.1263 -23.6402 -45.3650 30.3287 -34.8511 -30.1176 -22.0905 -44.3028 26.8252 -33.7487 -39.8202 -19.3899 -42.7507 21.9306 -32.1607 -46.4695 -13.8899 -40.6726 16.0630 -30.1651 -48.7500 3.2815 -38.4422 9.3342 -28.0002 -48.5409 32.4275 -37.3603 -1.1793 -25.7322 -46.6452 33.1576 -35.4682 -26.1423 -22.3274 -44.4216 33.5508 -40.5254 -5.0105 -48.5134 -30.7661 17.9925 -41.4719 -16.7390 -43.7489 -33.1623 25.5747 -44.1578 -22.3205 -25.7836 -35.4997 33.2475 -46.6814 -25.7741 -0.9303 -37.3814 32.2226 -48.5617 -28.0373 9.4608 -38.4539 2.7015 -48.7333 -30.2076 16.1813 -40.7172 -14.0503 -46.3794 -32.2003 22.0527 -42.7935 -19.4804 -39.5880 -33.7872 26.9541 -44.3450 -22.1599 -29.7274 -34.8876 30.4526 -45.4055 -23.6990 -19.6543 -35.6722 32.8868 -46.2219 -24.8077 -10.5547 -36.3378 34.5692 -46.9627 -24.7167
-46.5779 33.8612 -36.0266 -14.7565 -24.3018 -45.8443 31.8267 -35.3352 -24.0459 -23.1331 -45.0317 29.3444 -34.5771 -32.6799 -21.6390 -44.0646 26.2057 -33.6000 -40.4844 -19.2119 -42.7086 21.9306 -32.1972 -46.2962 -14.3322 -40.8287 16.5591 -30.3546 -48.6788 0.0730 -38.5900 10.2001 -28.2631 -48.6883 30.5506 -37.5324 0.7549 -26.0744 -46.9516 33.9326 -35.7630 -22.3433 -22.8338 -44.5069 27.6625 -36.3100 16.7472 -39.3828 -6.4591 -48.2832 -31.0864 18.9761 -41.8393 -17.7086 -42.3287 -33.4898 26.6739 -44.5180 -22.8871 -21.9395 -35.7949 34.0096 -46.9873 -26.1136 0.9726 -37.5527 30.2517 -48.7068 -28.3014 10.3254 -38.6161 -0.4624 -48.6640 -30.3973 16.6775 -40.8728 -14.4920 -46.1977 -32.2380 22.0527 -42.7515 -19.3040 -40.2649 -33.6384 26.3339 -44.1068 -21.7116 -32.3257 -34.6141 29.4714 -45.0728 -23.1953 -23.5911 -35.3718 31.9505 -45.8868 -24.3573 -14.2996 -36.0598 33.9448 -46.6135
32.2659 -35.6528 -18.7534 -23.8205 -45.5014 30.8066 -35.0254 -27.7946 -22.5828 -44.6813 28.2793 -34.2789 -35.2457 -21.0910 -43.7756 25.4085 -33.3895 -41.4655 -18.8460 -42.5838 21.6994 -32.1607 -46.2962 -14.4755 -40.9102 16.8779 -30.4910 -48.6142 -2.2072 -38.7906 10.9396 -28.4985 -48.7978 28.2470 -37.6804 2.3653 -26.3746 -47.2375 34.5319 -36.0449 -18.4115 -23.3614 -44.8376 27.7579 -34.5243 -17.5225 -31.9023 13.3952 -39.5507 -8.8232 -47.9489 -31.4113 19.9733 -42.2069 -18.5920 -40.6371 -33.8160 27.7792 -44.8729 -23.4167 -17.9722 -36.0766 34.5920 -47.2717 -26.4109 2.5596 -37.6994 27.8646 -48.8138 -28.5384 11.0638 -38.8338 -2.6824 -48.5944 -30.5315 16.9938 -40.9536 -14.6400 -46.1977 -32.2003 21.8200 -42.6267 -18.9416 -41.2654 -33.4276 25.5358 -43.8180 -21.1676 -34.9320 -34.3163 28.4078 -44.7229 -22.6491 -27.3527 -35.0642 30.9375 -45.5428 -23.8784 -18.2829 -35.6864 32.3245
-34.9711 -22.7822 -23.3099 -45.1526 29.7401 -34.7112 -31.1901 -21.9947 -44.3225 27.1779 -33.9639 -37.6393 -20.4575 -43.4499 24.4919 -33.1331 -42.6122 -18.3075 -42.3837 21.2405 -32.0510 -46.4695 -14.3322 -40.9102 16.9901 -30.5615 -48.5617 -3.6649 -38.9670 11.5201 -28.6970 -48.8735 25.7125 -37.8084 3.6987 -26.6397 -47.4975 34.9200 -36.3077 -14.6058 -23.8524 -45.1823 28.7640 -34.1879 -36.6399 -24.7383 -48.3702 -29.8234 13.8595 -39.8937 -10.8415 -47.5006 -31.7388 20.9866 -42.5726 -19.4032 -38.6389 -34.1404 28.8720 -45.2190 -23.9062 -14.1541 -36.3395 34.9533 -47.5301 -26.6749 3.8749 -37.8268 25.2522 -48.8858 -28.7379 11.6424 -39.0103 -4.0755 -48.5396 -30.6005 17.1035 -40.9536 -14.4920 -46.3794 -32.0895 21.3612 -42.4266 -18.4085 -42.4354 -33.1714 24.6179 -43.4925 -20.5390 -37.3668 -34.0017 27.3067 -44.3645 -22.0680 -30.7873 -34.7516 29.8696 -45.1940 -23.3710 -22.3215 -35.0094
-28.1552 -22.7664 -44.7987 28.6472 -34.3929 -34.2026 -21.3713 -43.9605 26.0751 -33.6389 -39.7656 -19.7497 -43.1016 23.5037 -32.8439 -43.7747 -17.6094 -42.1244 20.6047 -31.8769 -46.7825 -13.8899 -40.8287 16.8779 -30.5615 -48.5414 -4.3676 -39.0780 11.9193 -28.8493 -48.9193 23.2290 -37.9161 4.7895 -26.8787 -47.7246 35.0703 -36.5468 -11.1456 -24.3016 -45.5137 29.8095 -34.4250 -36.3962 -20.8831 -45.0203 -7.9695 -48.7909 -29.7339 14.7781 -40.2524 -12.5442 -46.9177 -32.0672 22.0163 -42.9394 -20.1527 -36.3238 -34.4557 29.9225 -45.5520 -24.3552 -10.7257 -36.5773 35.0723 -47.7556 -26.9141 4.9526 -37.9339 22.6786 -48.9284 -28.8904 12.0410 -39.1212 -4.7558 -48.5193 -30.6005 16.9938 -40.8728 -14.0503 -46.7002 -31.9155 20.7243 -42.1673 -17.7183 -43.6219 -32.8836 23.6279 -43.1443 -19.8370 -39.5324 -33.6769 26.2032 -44.0030 -21.4506 -33.8453 -34.4336 28.7770 -44.8403 -22.8313 -27.7330
-21.5381 -44.4371 27.5421 -34.0710 -36.8299 -20.7072 -43.5943 24.9810 -33.3118 -41.5933 -18.9694 -42.7392 22.4792 -32.5350 -44.8572 -16.7582 -41.8220 19.8412 -31.6520 -47.1733 -13.1474 -40.6726 16.5591 -30.4910 -48.5617 -4.3676 -39.1162 12.1312 -28.9466 -48.9423 21.0815 -38.0002 5.6380 -27.0864 -47.9166 34.9882 -36.7577 -8.1770 -24.7047 -45.8265 30.8016 -34.7201 -34.0232 -20.8299 -43.5822 31.2634 -39.7576 4.2979 -48.7867 -30.0126 15.7305 -40.6154 -14.0023 -46.1831 -32.3959 23.0548 -43.3021 -20.8386 -33.7253 -34.7564 30.9174 -45.8662 -24.7560 -7.7999 -36.7868 34.9558 -47.9459 -27.1219 5.7920 -38.0176 20.4783 -48.9489 -28.9859 12.2498 -39.1592 -4.7558 -48.5396 -30.5315 16.6775 -40.7172 -13.3209 -47.1019 -31.6904 19.9585 -41.8672 -16.8830 -44.7277 -32.5748 22.6015 -42.7820 -19.0638 -41.3959 -33.3500 25.1085 -43.6392 -20.7930 -36.5210 -34.1106 27.6715 -44.4792 -21.5969
-44.1738 26.4254 -33.7468 -39.0932 -19.9976 -43.2279 23.8956 -32.9840 -43.1336 -18.1202 -42.3714 21.4446 -32.2138 -45.8091 -15.7549 -41.4896 18.9815 -31.3890 -47.5800 -12.0891 -40.4534 16.0630 -30.3546 -48.6142 -3.6649 -39.0780 12.1312 -28.9801 -48.9520 19.6156 -38.0592 6.2563 -27.2522 -48.0690 34.7175 -36.9364 -5.7823 -25.0551 -46.1142 31.7050 -35.0028 -31.2481 -21.3921 -43.6424 25.0444 -35.7095 14.4917 -38.6037 1.8998 -48.7075 -30.3290 16.6887 -40.9807 -15.2709 -45.2820 -32.7202 24.0970 -43.6540 -21.4604 -30.8773 -35.0408 31.8206 -46.1530 -25.1037 -5.4463 -36.9640 34.6503 -48.0968 -27.2878 6.4043 -38.0762 19.0087 -48.9566 -29.0172 12.2498 -39.1212 -4.0755 -48.5944 -30.3973 16.1813 -40.4981 -12.2814 -47.5211 -31.4272 19.0995 -41.5357 -15.8949 -45.7025 -32.2523 21.5647 -42.4143 -18.2230 -42.9679 -33.0220 24.0274 -43.2736 -20.0893 -38.8408 -33.7852 26.5547 -44.2145
25.6273 -33.3754 -41.0239 -19.2346 -42.8606 22.8313 -32.6550 -44.4202 -17.1908 -42.0036 20.4238 -31.8854 -46.6097 -14.5858 -41.1397 18.0644 -31.0982 -47.9536 -10.6849 -40.1855 15.4198 -30.1651 -48.6788 -2.2072 -38.9670 11.9193 -28.9466 -48.9520 19.0962 -38.0911 6.6432 -27.3699 -48.1785 34.3477 -37.0783 -3.9294 -25.3505 -46.3676 32.4831 -35.2622 -28.3183 -21.9458 -43.9532 25.0867 -33.7673 -26.7919 -31.1691 11.0804 -38.7160 -2.0350 -48.5847 -30.6500 17.6588 -41.3442 -16.3780 -44.2101 -33.0343 25.1181 -43.9919 -22.0184 -27.9039 -35.3001 32.5911 -46.4056 -25.3967 -3.6272 -37.1046 34.2489 -48.2050 -27.4056 6.7878 -38.1079 18.5097 -48.9566 -28.9859 12.0410 -39.0103 -2.6824 -48.6640 -30.2076 15.5368 -40.2297 -10.9040 -47.9072 -31.1369 18.1830 -41.1841 -14.7364 -46.5238 -31.9237 20.5418 -42.0464 -17.3037 -44.2823 -32.6931 22.9629 -42.9068 -19.3294 -40.8121 -33.4137 25.7540
-32.4774 -42.6653 -18.4084 -42.4929 21.7858 -32.3245 -45.4848 -16.1633 -41.6359 19.4194 -31.5573 -47.2578 -13.2219 -40.7783 17.1182 -30.7888 -48.2673 -8.8702 -39.8805 14.6633 -29.9338 -48.7500 0.0730 -38.7906 11.5201 -28.8493 -48.9423 19.6156 -38.0911 6.7729 -27.4317 -48.2449 34.0003 -37.1797 -2.5917 -25.5842 -46.5814 33.1184 -35.4927 -25.4109 -22.4361 -44.2629 25.9785 -33.3839 -41.6245 -23.3556 -48.7336 -29.0728 11.5661 -39.0546 -5.3369 -48.3808 -30.9705 18.6203 -41.7004 -17.3370 -42.9692 -33.3357 26.0981 -44.3071 -22.5082 -24.9674 -35.5289 33.2175 -46.6187 -25.6282 -2.3141 -37.2049 33.8775 -48.2706 -27.4674 6.9164 -38.1079 19.0087 -48.9489 -28.8904 11.6424 -38.8338 -0.4624 -48.7333 -29.9739 14.7790 -39.9236 -9.1312 -48.2318 -30.8289 17.2354 -40.8220 -13.3920 -47.1898 -31.5955 19.5356 -41.6787 -16.2888 -45.3707 -32.3642 21.9162 -42.5390 -18.5099 -42.4857 -32.5192
-44.6024 -17.5020 -42.1247 20.7590 -31.9941 -46.3590 -15.0127 -41.2688 18.4294 -31.2302 -47.7655 -11.6334 -40.4135 16.1545 -30.4698 -48.5046 -6.5342 -39.5489 13.8184 -29.6705 -48.8419 3.2815 -38.5900 10.9396 -28.6970 -48.9193 21.0815 -38.0592 6.6432 -27.4317 -48.2668 33.7893 -37.2417 -1.7286 -25.7515 -46.7481 33.6029 -35.6873 -22.6786 -22.8617 -44.5466 26.8840 -33.5861 -41.6303 -19.0118 -44.1176 -0.3673 -48.7562 -28.9926 12.5056 -39.4061 -7.9741 -48.0876 -31.2854 19.5580 -42.0431 -18.1763 -41.5798 -33.6170 27.0148 -44.5906 -22.9282 -22.2180 -35.7218 33.6927 -46.7848 -25.7940 -1.4668 -37.2662 33.6534 -48.2921 -27.4674 6.7878 -38.0762 20.4783 -48.9284 -28.7379 11.0638 -38.6161 2.7015 -48.8251 -29.7079 13.9330 -39.5933 -6.8688 -48.4800 -30.5105 16.2693 -40.4564 -11.8321 -47.7129 -31.2683 18.5440 -41.3115 -15.1548 -46.2617 -32.0353 20.8868 -42.1690 -17.6140 -44.4607
-16.9629 -41.7529 19.7485 -31.6656 -47.0594 -13.6994 -40.9025 17.4513 -30.9042 -48.1512 -9.7512 -40.0500 15.1911 -30.1483 -48.6622 -3.5611 -39.2038 12.9036 -29.3827 -48.9248 7.4098 -38.4422 10.2001 -28.4985 -48.8735 23.2290 -38.0002 6.2563 -27.3699 -48.2449 33.7893 -37.2634 -1.2812 -25.8550 -46.8637 33.9353 -35.8380 -20.3596 -23.2125 -44.7983 27.7087 -33.8351 -40.2969 -18.8912 -42.6671 28.5916 -39.1813 16.7510 -48.9368 -29.2645 13.4564 -39.7551 -10.0839 -47.7038 -31.5904 20.4746 -42.3684 -18.9044 -40.0923 -33.8718 27.8375 -44.8397 -23.2742 -19.8908 -35.8720 34.0170 -46.8998 -25.8965 -1.0274 -37.2876 33.6534 -48.2706 -27.4056 6.4043 -38.0176 22.6786 -48.8858 -28.5384 10.3254 -38.4539 6.7972 -48.9165 -29.4198 13.0183 -39.2477 -3.9713 -48.6476 -30.1875 15.3041 -40.0926 -9.9886 -48.1120 -30.9421 17.5647 -40.9451 -13.8698 -46.9806 -31.7071 19.8692 -41.7990 -17.0611
-41.6555 18.7433 -31.3382 -47.6120 -12.1884 -40.5370 16.4819 -30.5796 -48.4309 -7.4727 -39.6882 14.2264 -29.8271 -48.7800 0.1937 -38.8520 11.9381 -29.0800 -48.9587 12.2573 -38.3341 9.3342 -28.2631 -48.7978 25.7125 -37.9161 5.6380 -27.2522 -48.1785 34.0003 -37.2417 -1.2812 -25.8910 -46.9246 34.1309 -35.9442 -18.5993 -23.4774 -45.0037 28.4155 -34.0579 -38.8316 -19.4416 -42.6580 22.2687 -35.0543 12.1616 -38.2988 14.0964 -48.9413 -29.5666 14.3841 -40.0981 -11.7927 -47.2316 -31.8791 21.3454 -42.6707 -19.5233 -38.5809 -34.0956 28.5439 -45.0449 -23.5373 -18.1295 -35.9778 34.2067 -46.9605 -25.9321 -1.0274 -37.2662 33.8775 -48.2050 -27.2878 5.7920 -37.9339 25.2522 -48.8138 -28.3014 9.4608 -38.3490 11.6208 -48.9573 -29.1168 12.0549 -38.8936 -0.2894 -48.7669 -29.8662 14.3397 -39.7305 -7.7627 -48.4033 -30.6173 16.5945 -40.5798 -12.3897 -47.5500 -31.3794 18.8673 -41.6992
18.0072 -30.9921 -48.0364 -10.4113 -40.1710 15.5170 -30.2563 -48.6184 -4.6591 -39.3281 13.2561 -29.5077 -48.8865 4.8063 -38.5635 10.9362 -28.7695 -48.9413 17.3363 -38.2113 8.3457 -28.0002 -48.6883 28.2470 -37.8084 4.7895 -27.0864 -48.0690 34.3477 -37.1797 -1.7286 -25.8550 -46.9246 34.1965 -36.0029 -17.4413 -23.6604 -45.1543 28.9704 -34.2428 -37.4134 -19.9546 -42.8990 22.1178 -32.8987 -34.9243 -30.3885 8.5622 -38.3009 9.0978 -48.8717 -29.8650 15.2735 -40.4262 -13.1765 -46.6876 -32.1443 22.1459 -42.9405 -20.0401 -37.1369 -34.2803 29.0981 -45.1953 -23.7191 -16.9733 -36.0362 34.2701 -46.9605 -25.8965 -1.4668 -37.2049 34.2489 -48.0968 -27.1219 4.9526 -37.8269 27.8645 -48.7068 -28.0373 8.4774 -38.2272 16.7331 -48.9454 -28.8072 11.0554 -38.5911 4.2255 -48.8746 -29.5466 13.3704 -39.3700 -5.0197 -48.6009 -30.2939 15.6299 -40.2157 -10.6522 -47.9896 -31.0315 18.1356
-29.9461 -48.3513 -8.2762 -39.8080 14.5479 -29.9348 -48.7402 -1.1450 -38.9698 12.2739 -29.1902 -48.9502 10.0687 -38.3907 9.8954 -28.4562 -48.8740 22.0936 -38.0746 7.2444 -27.7167 -48.5409 30.5506 -37.6804 3.6987 -26.8787 -47.9166 34.7175 -37.0783 -2.5917 -25.7515 -46.8637 34.1309 -36.0029 -17.0248 -23.7596 -45.2506 29.3527 -34.3799 -36.1833 -20.3675 -43.1293 22.7481 -32.4332 -45.2815 -21.6384 -48.8167 -28.3070 9.0577 -38.4102 4.2660 -48.7696 -30.1522 16.1085 -40.7316 -14.2972 -46.1016 -32.3811 22.8641 -43.1719 -20.4497 -35.8852 -34.4173 29.4797 -45.2914 -23.8176 -16.5580 -36.0362 34.2067 -46.8998 -25.7940 -2.3141 -37.1046 34.6503 -47.9459 -26.9141 3.8750 -37.6994 30.2517 -48.5617 -27.7526 7.3841 -38.0917 21.5393 -48.8840 -28.4940 10.0193 -38.4050 9.4308 -48.9465 -29.2276 12.3898 -39.0115 -1.5955 -48.7242 -29.9722 14.6666 -39.8531 -8.5677 -48.3189 -29.9870
-48.6594 -5.6470 -39.4466 13.5787 -29.6148 -48.8502 3.1933 -38.6416 11.2724 -28.8735 -48.9530 15.4948 -38.2621 8.8118 -28.1449 -48.7627 26.1306 -37.9268 6.0300 -27.4217 -48.3582 32.4275 -37.5324 2.3653 -26.6397 -47.7246 34.9882 -36.9364 -3.9294 -25.5842 -46.7481 33.9353 -35.9442 -17.4413 -23.7596 -45.2855 29.5556 -34.4650 -35.2825 -20.6630 -43.3115 23.3390 -32.5552 -45.5203 -16.2818 -43.2470 12.1754 -48.5559 -28.2263 10.0081 -38.5701 0.1986 -48.6702 -30.4198 16.8773 -41.0093 -15.1990 -45.4953 -32.5853 23.4627 -43.3542 -20.7428 -34.9693 -34.5022 29.6820 -45.3262 -23.8176 -16.9733 -35.9778 34.0170 -46.7848 -25.6282 -3.6272 -36.9640 34.9558 -47.7556 -26.6750 2.5598 -37.5528 32.2208 -48.3822 -27.4575 6.1802 -37.9449 25.6708 -48.7787 -28.1827 8.9415 -38.2777 14.8676 -48.9557 -28.9113 11.3911 -38.6690 2.6450 -48.8354 -29.6520 13.6999 -39.4921 -5.9951 -48.6422
-7.4004 -39.0839 12.5996 -29.2953 -48.9368 8.2802 -38.4307 10.2430 -28.5595 -48.9016 20.5680 -38.1258 7.6713 -27.8354 -48.6132 29.3176 -37.7721 4.6798 -27.1206 -48.1439 33.7921 -37.3603 0.7549 -26.3746 -47.4975 35.0703 -36.7577 -5.7823 -25.3505 -46.5814 33.6029 -35.8380 -18.5993 -23.6604 -45.2506 29.5556 -34.4942 -34.7923 -20.8396 -43.4333 23.7761 -32.7077 -45.0452 -15.8830 -41.5765 25.5124 -38.7511 27.4209 -48.7651 -28.4723 10.9223 -38.8206 -2.9772 -48.5559 -30.6633 17.5740 -41.2545 -15.9051 -44.9281 -32.7460 23.9010 -43.4759 -20.9181 -34.4710 -34.5314 29.6820 -45.2914 -23.7191 -18.1295 -35.8720 33.6927 -46.6187 -25.3967 -5.4462 -36.7868 35.0723 -47.5302 -26.4110 0.9741 -37.3831 33.6563 -48.1708 -27.1562 4.8442 -37.7894 28.9647 -48.6336 -27.8728 7.8084 -38.1406 19.9808 -48.9105 -28.5971 10.3649 -38.4446 7.6592 -48.9302 -29.3337 12.7238 -39.1306 -7.6704
-39.1997 11.5947 -28.9776 -48.9589 13.7202 -38.3056 9.1750 -28.2475 -48.8039 24.8895 -37.9788 6.4554 -27.5276 -48.4307 31.6957 -37.6092 3.1840 -26.8168 -47.9012 34.6416 -37.1584 -1.1793 -26.0744 -47.2375 34.9200 -36.5468 -8.1770 -25.0551 -46.3676 33.1184 -35.6873 -20.3596 -23.4774 -45.1543 29.3527 -34.4650 -34.7923 -20.8985 -43.4969 24.0465 -32.8161 -44.6075 -16.3098 -41.4456 19.0855 -34.2958 9.4961 -37.9232 25.8633 -48.8717 -28.7364 11.7516 -39.1022 -5.3981 -48.4068 -30.8805 18.1706 -41.4542 -16.4260 -44.4738 -32.8546 24.1718 -43.5396 -20.9765 -34.4710 -34.5022 29.4797 -45.1953 -23.5373 -19.8908 -35.7218 33.2175 -46.4055 -25.1041 -7.7976 -36.5775 34.9534 -47.2719 -26.1137 -0.9272 -37.1843 34.5669 -47.9307 -26.8521 3.3669 -37.6272 31.4425 -48.4550 -27.5644 6.6025 -37.9948 24.3990 -48.8172 -28.2848 9.3019 -38.3208 13.0834 -48.9592 -29.0170 11.7255 -39.2408
10.5730 -28.6617 -48.9241 18.9720 -38.1725 8.0551 -27.9372 -48.6664 28.3593 -37.8244 5.1406 -27.2214 -48.2197 33.3607 -37.4320 1.5022 -26.5138 -47.6379 35.0298 -36.9301 -3.4990 -25.7322 -46.9516 34.5319 -36.3077 -11.1456 -24.7047 -46.1142 32.4831 -35.4927 -22.6786 -23.2125 -45.0037 28.9704 -34.3799 -35.2825 -20.8396 -43.4969 24.1403 -32.8739 -44.3148 -16.6480 -41.5608 18.6088 -31.8327 -41.4177 -29.5087 5.4449 -37.9337 22.5984 -48.9334 -28.9838 12.4956 -39.3556 -7.2388 -48.2421 -31.0574 18.6302 -41.6007 -16.7674 -44.1739 -32.9123 24.2658 -43.5396 -20.9181 -34.9693 -34.4173 29.0981 -45.0449 -23.2742 -22.2180 -35.5282 32.5913 -46.1536 -24.7568 -10.7204 -36.3399 34.5923 -46.9874 -25.7762 -3.1999 -36.9586 35.0064 -47.6696 -26.5493 1.7094 -37.4524 33.1903 -48.2473 -27.2580 5.3001 -37.8415 27.9739 -48.6838 -27.9743 8.1888 -38.1869 18.3570 -48.9309 -28.6994 10.7084
-27.4775 -48.8400 23.5571 -38.0282 6.8664 -27.6289 -48.4941 30.9986 -37.6637 3.6959 -26.9169 -47.9840 34.4120 -37.2325 -0.4218 -26.1991 -47.3570 35.0287 -36.6837 -6.2599 -25.3521 -46.6452 33.9326 -36.0449 -14.6058 -24.3016 -45.8265 31.7050 -35.2622 -25.4109 -22.8617 -44.7983 28.4155 -34.2428 -36.1833 -20.6630 -43.4333 24.0465 -32.8739 -44.2100 -16.8255 -41.6498 18.8404 -31.2342 -47.7148 -19.2398 -48.5677 -27.4813 5.9158 -38.0455 18.9482 -48.9600 -29.2044 13.1411 -39.5721 -8.5545 -48.0908 -31.1845 18.9476 -41.6932 -16.9433 -44.0667 -32.9123 24.1718 -43.4759 -20.7428 -35.8852 -34.2803 28.5439 -44.8397 -22.9282 -24.9656 -35.2996 31.8231 -45.8678 -24.3576 -14.1480 -36.0783 34.0144 -46.6824 -25.4008 -5.8911 -36.7149 35.0466 -47.3907 -26.2369 -0.1831 -37.2558 34.3114 -48.0129 -26.9532 3.8722 -37.6814 30.7124 -48.5160 -27.6648 7.0091 -38.0438 23.0319 -48.8524 -27.5162
-48.6028 27.3089 -37.8742 5.5864 -27.3222 -48.2921 32.8878 -37.4904 2.0800 -26.6140 -47.7271 34.9490 -37.0106 -2.6563 -25.8571 -47.0611 34.7184 -36.4220 -9.4692 -24.9404 -46.3241 33.1576 -35.7630 -18.4115 -23.8524 -45.5137 30.8016 -35.0028 -28.3183 -22.4361 -44.5466 27.7087 -34.0579 -37.4134 -20.3675 -43.3115 23.7761 -32.8161 -44.3148 -16.8255 -41.6818 19.0023 -31.2299 -47.9875 -11.2631 -42.2050 25.7121 -48.1131 -27.3843 6.8422 -38.1492 15.3650 -48.9589 -29.3935 13.6607 -39.7402 -9.4125 -47.9759 -31.2630 19.1193 -41.7254 -16.9433 -44.1739 -32.8546 23.9010 -43.3542 -20.4497 -37.1366 -34.0956 27.8375 -44.5906 -22.5082 -27.8998 -35.0418 30.9262 -45.5550 -23.9111 -17.9412 -35.7972 33.2561 -46.3625 -24.9928 -9.0413 -36.4563 34.7686 -47.0965 -25.8987 -2.3775 -37.0366 34.9066 -47.7579 -26.6502 2.2796 -37.5132 32.6994 -48.3172 -27.3578 5.7418 -37.8944 26.9099 -48.6193
22.0519 -37.5545 4.1799 -27.0180 -48.0639 34.1278 -37.2988 0.2427 -26.3058 -47.4514 35.0676 -36.7702 -5.2735 -25.4850 -46.7521 34.1677 -36.1487 -13.0755 -24.5023 -45.9921 32.2542 -35.4682 -22.3433 -23.3614 -45.1823 29.8095 -34.7201 -31.2481 -21.9458 -44.2629 26.8840 -33.8351 -38.8316 -19.9546 -43.1293 23.3390 -32.7077 -44.6075 -16.6480 -41.6498 19.0023 -31.2511 -47.9559 -9.8415 -40.2064 21.9362 -38.2689 33.5686 -48.2826 -27.5745 7.6610 -38.2382 12.1625 -48.9385 -29.5418 14.0365 -39.8528 -9.9025 -47.9103 -31.2915 19.1198 -41.6934 -16.7681 -44.4731 -32.7462 23.4630 -43.1724 -20.0403 -38.5806 -33.8730 27.0154 -44.3073 -22.0190 -30.8526 -34.7594 29.9361 -45.2232 -23.4221 -21.8813 -35.5033 32.3655 -46.0334 -24.5567 -12.6230 -36.1833 34.2439 -46.7890 -25.5302 -4.9465 -36.7983 35.0724 -47.4845 -26.3427 0.4720 -37.3247 34.0126 -48.0917 -27.0535 4.3594 -37.5737 21.5922
-37.3531 2.6203 -26.7186 -47.8137 34.8193 -37.0878 -1.8710 -25.9793 -47.1609 34.8552 -36.5174 -8.2992 -25.0881 -46.4332 33.4410 -35.8700 -16.9534 -24.0401 -45.6536 31.2726 -35.1706 -26.1423 -22.8338 -44.8376 28.7640 -34.4250 -34.0232 -21.3921 -43.9532 25.9785 -33.5861 -40.2969 -19.4416 -42.8990 22.7479 -32.5550 -45.0458 -16.3091 -41.5608 18.8404 -31.2299 -47.9559 -9.8462 -39.9114 15.2578 -33.3646 6.0137 -37.4512 33.1089 -48.4125 -27.7554 8.3357 -38.3130 9.5842 -48.8767 -29.6499 14.2705 -39.9095 -10.0792 -47.9062 -31.2712 18.9588 -41.6048 -16.4344 -44.9210 -32.5940 22.8714 -42.9423 -19.5317 -40.0738 -33.6255 26.1092 -43.9956 -21.4695 -33.6730 -34.4646 28.8921 -44.8790 -22.8981 -25.7073 -35.2067 31.3940 -45.6961 -24.0963 -16.4866 -35.9042 33.5372 -46.4714 -25.1365 -7.9195 -36.5488 34.8957 -47.1957 -26.0198 -1.5929 -37.1155 34.7627 -47.8439 -26.7540 2.8201 -37.3781
0.5025 -26.4856 -47.5518 35.0781 -36.9037 -4.1555 -25.6746 -46.8717 34.4311 -36.3089 -11.5203 -24.7172 -46.1236 32.6469 -35.6451 -20.6755 -23.6039 -45.3303 30.3067 -34.9344 -29.4367 -22.3274 -44.5069 27.7579 -34.1878 -36.3966 -20.8297 -43.6422 25.0861 -33.3826 -41.6306 -18.8910 -42.6577 22.1169 -32.4318 -45.5229 -15.8793 -41.4431 18.6025 -31.2341 -47.9878 -9.8396 -39.9111 14.1701 -30.6866 -46.2226 -28.4180 2.1620 -37.7647 31.2528 -48.3743 -28.0365 8.8149 -38.3866 4.7662 -48.8350 -29.5849 14.3345 -39.9582 -10.0836 -47.9401 -31.2724 18.7248 -41.4888 -16.0122 -45.4083 -32.4712 22.2391 -42.7006 -18.9864 -41.4339 -33.4221 25.2129 -43.6853 -20.9155 -36.1002 -34.2266 27.8867 -44.5483 -22.3946 -29.0403 -34.9711 30.4330 -45.3710 -23.6625 -20.2103 -35.6804 32.7547 -46.1623 -24.7681 -11.0897 -36.3414 34.4967 -46.9076 -25.7195 -3.8289 -36.9323 35.0662 -47.5836 -26.5220 0.7316
-25.8277 -47.3918 35.1888 -36.9921 -4.4200 -25.8830 -46.7274 34.4376 -36.4670 -11.9569 -24.8748 -46.0033 32.5929 -35.8849 -21.1471 -23.7199 -45.2290 30.2207 -35.2291 -29.8333 -22.4036 -44.4209 27.6585 -34.5213 -36.6491 -20.8792 -43.5800 25.0357 -33.7601 -41.6421 -19.0018 -42.6649 22.2610 -32.8911 -45.2942 -16.2665 -41.5706 19.0695 -31.8272 -47.7176 -11.2519 -40.2015 15.2316 -30.3491 -48.6677 -16.7014 -47.9377 -27.1260 3.4226 -37.7811 26.4918 -48.5456 -28.8739 10.6794 -38.9310 5.9252 -48.7892 -30.4290 14.9677 -40.2434 -11.4439 -47.6681 -31.8609 19.1869 -41.6139 -16.3909 -45.1782 -32.9263 22.3792 -42.7062 -19.0949 -41.4534 -33.7943 25.1618 -43.6227 -20.9618 -36.3696 -34.5525 27.7732 -44.4578 -22.4652 -29.4651 -35.2588 30.3323 -45.2649 -23.7736 -20.7081 -35.9131 32.6924 -46.0398 -24.9251 -11.5303 -36.4934 34.5049 -46.7619 -25.9269 -4.1149 -37.0142 35.1815 -47.4216 -25.8638
