0.3183 0.2547 0.2893 0.3386 0.3900 0.4205 0.4305 0.4200 0.3798 0.2879 0.2438 0.2627 0.3018 0.3538 0.4012 0.4251 0.4299 0.4125 0.3593 0.2655 0.2453 0.2720 0.3154 0.3686 0.4102 0.4283 0.4275 0.4025 0.3324 0.2518 0.2508 0.2826 0.3299 0.3826 0.4172 0.4301 0.4233 0.3893 0.3036 0.2451 0.2580 0.2945 0.3450 0.3950 0.4226 0.4304 0.4171 0.3720 0.2768 0.2444 0.2529 0.2444 0.2768 0.3720 0.4171 0.4304 0.4226 0.3950 0.3450 0.2945 0.2580 0.2451 0.3036 0.3893 0.4233 0.4301 0.4172 0.3826 0.3299 0.2826 0.2508 0.2518 0.3324 0.4025 0.4275 0.4283 0.4102 0.3686 0.3154 0.2720 0.2453 0.2655 0.3593 0.4125 0.4299 0.4251 0.4012 0.3538 0.3018 0.2627 0.2438 0.2879 0.3798 0.4200 0.4305 0.4205 0.3900 0.3386 0.2893 0.2547 0.3183
0.2547 0.2535 0.3220 0.3926 0.4271 0.4279 0.4048 0.3509 0.2363 0.1808 0.2140 0.2711 0.3430 0.4070 0.4301 0.4237 0.3938 0.3256 0.2070 0.1844 0.2281 0.2900 0.3635 0.4175 0.4308 0.4179 0.3801 0.2926 0.1896 0.1944 0.2436 0.3101 0.3827 0.4244 0.4295 0.4102 0.3629 0.2566 0.1819 0.2064 0.2606 0.3309 0.3992 0.4286 0.4264 0.4005 0.3411 0.2227 0.1828 0.2216 0.2492 0.2216 0.1828 0.2227 0.3411 0.4005 0.4264 0.4286 0.3992 0.3309 0.2606 0.2064 0.1819 0.2566 0.3629 0.4102 0.4295 0.4244 0.3827 0.3101 0.2436 0.1944 0.1896 0.2926 0.3801 0.4179 0.4308 0.4175 0.3635 0.2900 0.2281 0.1844 0.2070 0.3256 0.3938 0.4237 0.4301 0.4070 0.3430 0.2711 0.2140 0.1808 0.2363 0.3509 0.4048 0.4279 0.4271 0.3926 0.3220 0.2535 0.2547
0.2893 0.3220 0.3919 0.4252 0.4260 0.4044 0.3505 0.2356 0.1807 0.2141 0.2712 0.3431 0.4061 0.4279 0.4221 0.3935 0.3250 0.2064 0.1844 0.2282 0.2902 0.3634 0.4161 0.4286 0.4167 0.3798 0.2919 0.1892 0.1945 0.2438 0.3103 0.3823 0.4226 0.4274 0.4095 0.3625 0.2559 0.1817 0.2065 0.2608 0.3310 0.3985 0.4266 0.4246 0.4001 0.3406 0.2220 0.1813 0.2219 0.2819 0.3186 0.2819 0.2219 0.1813 0.2220 0.3406 0.4001 0.4246 0.4266 0.3985 0.3310 0.2608 0.2065 0.1817 0.2559 0.3625 0.4095 0.4274 0.4226 0.3823 0.3103 0.2438 0.1945 0.1892 0.2919 0.3798 0.4167 0.4286 0.4161 0.3634 0.2902 0.2282 0.1844 0.2064 0.3250 0.3935 0.4221 0.4279 0.4061 0.3431 0.2712 0.2141 0.1807 0.2356 0.3505 0.4044 0.4260 0.4252 0.3919 0.3220 0.2893
0.3386 0.3926 0.4252 0.4261 0.4042 0.3501 0.2350 0.1807 0.2143 0.2716 0.3435 0.4065 0.4281 0.4222 0.3933 0.3245 0.2060 0.1845 0.2285 0.2906 0.3638 0.4164 0.4288 0.4166 0.3795 0.2913 0.1891 0.1947 0.2441 0.3107 0.3827 0.4229 0.4276 0.4094 0.3621 0.2552 0.1816 0.2068 0.2611 0.3314 0.3989 0.4268 0.4246 0.3999 0.3401 0.2215 0.1814 0.2201 0.2819 0.3560 0.3921 0.3560 0.2819 0.2201 0.1814 0.2215 0.3401 0.3999 0.4246 0.4268 0.3989 0.3314 0.2611 0.2068 0.1816 0.2552 0.3621 0.4094 0.4276 0.4229 0.3827 0.3107 0.2441 0.1947 0.1891 0.2913 0.3795 0.4166 0.4288 0.4164 0.3638 0.2906 0.2285 0.1845 0.2060 0.3245 0.3933 0.4222 0.4281 0.4065 0.3435 0.2716 0.2143 0.1807 0.2350 0.3501 0.4042 0.4261 0.4252 0.3926 0.3386
0.3900 0.4271 0.4260 0.4042 0.3499 0.2345 0.1807 0.2146 0.2719 0.3438 0.4067 0.4281 0.4221 0.3931 0.3240 0.2056 0.1846 0.2287 0.2909 0.3641 0.4165 0.4287 0.4165 0.3792 0.2907 0.1888 0.1949 0.2444 0.3110 0.3830 0.4230 0.4275 0.4092 0.3618 0.2546 0.1816 0.2070 0.2614 0.3318 0.3991 0.4268 0.4245 0.3997 0.3397 0.2210 0.1815 0.2204 0.2797 0.3547 0.4144 0.4264 0.4144 0.3547 0.2797 0.2204 0.1815 0.2210 0.3397 0.3997 0.4245 0.4268 0.3991 0.3318 0.2614 0.2070 0.1816 0.2546 0.3618 0.4092 0.4275 0.4230 0.3830 0.3110 0.2444 0.1949 0.1888 0.2907 0.3792 0.4165 0.4287 0.4165 0.3641 0.2909 0.2287 0.1846 0.2056 0.3240 0.3931 0.4221 0.4281 0.4067 0.3438 0.2719 0.2146 0.1807 0.2345 0.3499 0.4042 0.4260 0.4271 0.3900
0.4205 0.4279 0.4044 0.3501 0.2345 0.1807 0.2148 0.2722 0.3442 0.4069 0.4281 0.4220 0.3929 0.3234 0.2052 0.1848 0.2290 0.2912 0.3645 0.4167 0.4287 0.4164 0.3790 0.2900 0.1886 0.1951 0.2447 0.3114 0.3833 0.4231 0.4275 0.4091 0.3614 0.2540 0.1815 0.2072 0.2617 0.3321 0.3994 0.4269 0.4245 0.3996 0.3393 0.2205 0.1816 0.2206 0.2801 0.3528 0.4119 0.4287 0.4220 0.4287 0.4119 0.3528 0.2801 0.2206 0.1816 0.2205 0.3393 0.3996 0.4245 0.4269 0.3994 0.3321 0.2617 0.2072 0.1815 0.2540 0.3614 0.4091 0.4275 0.4231 0.3833 0.3114 0.2447 0.1951 0.1886 0.2900 0.3790 0.4164 0.4287 0.4167 0.3645 0.2912 0.2290 0.1848 0.2052 0.3234 0.3929 0.4220 0.4281 0.4069 0.3442 0.2722 0.2148 0.1807 0.2345 0.3501 0.4044 0.4279 0.4205
0.4305 0.4048 0.3505 0.2350 0.1807 0.2148 0.2723 0.3445 0.4071 0.4282 0.4219 0.3926 0.3229 0.2048 0.1849 0.2292 0.2916 0.3648 0.4168 0.4287 0.4163 0.3787 0.2894 0.1885 0.1953 0.2449 0.3117 0.3836 0.4231 0.4274 0.4089 0.3611 0.2534 0.1815 0.2074 0.2621 0.3325 0.3996 0.4269 0.4244 0.3994 0.3388 0.2200 0.1816 0.2209 0.2805 0.3532 0.4116 0.4287 0.4171 0.3948 0.4171 0.4287 0.4116 0.3532 0.2805 0.2209 0.1816 0.2200 0.3388 0.3994 0.4244 0.4269 0.3996 0.3325 0.2621 0.2074 0.1815 0.2534 0.3611 0.4089 0.4274 0.4231 0.3836 0.3117 0.2449 0.1953 0.1885 0.2894 0.3787 0.4163 0.4287 0.4168 0.3648 0.2916 0.2292 0.1849 0.2048 0.3229 0.3926 0.4219 0.4282 0.4071 0.3445 0.2723 0.2148 0.1807 0.2350 0.3505 0.4048 0.4305
0.4200 0.3509 0.2356 0.1807 0.2146 0.2722 0.3445 0.4072 0.4282 0.4218 0.3924 0.3224 0.2044 0.1850 0.2295 0.2919 0.3652 0.4170 0.4287 0.4162 0.3784 0.2888 0.1883 0.1955 0.2452 0.3121 0.3840 0.4232 0.4274 0.4088 0.3608 0.2527 0.1814 0.2076 0.2624 0.3329 0.3998 0.4270 0.4243 0.3992 0.3384 0.2195 0.1817 0.2211 0.2808 0.3536 0.4119 0.4286 0.4196 0.3815 0.3336 0.3815 0.4196 0.4286 0.4119 0.3536 0.2808 0.2211 0.1817 0.2195 0.3384 0.3992 0.4243 0.4270 0.3998 0.3329 0.2624 0.2076 0.1814 0.2527 0.3608 0.4088 0.4274 0.4232 0.3840 0.3121 0.2452 0.1955 0.1883 0.2888 0.3784 0.4162 0.4287 0.4170 0.3652 0.2919 0.2295 0.1850 0.2044 0.3224 0.3924 0.4218 0.4282 0.4072 0.3445 0.2722 0.2146 0.1807 0.2356 0.3509 0.4200
0.3798 0.2363 0.1807 0.2143 0.2719 0.3442 0.4071 0.4282 0.4218 0.3922 0.3219 0.2041 0.1852 0.2298 0.2923 0.3655 0.4171 0.4287 0.4161 0.3781 0.2882 0.1881 0.1957 0.2455 0.3124 0.3843 0.4233 0.4273 0.4086 0.3604 0.2521 0.1813 0.2079 0.2627 0.3332 0.4001 0.4270 0.4243 0.3990 0.3379 0.2189 0.1818 0.2214 0.2812 0.3540 0.4120 0.4287 0.4196 0.3865 0.3034 0.2218 0.3034 0.3865 0.4196 0.4287 0.4120 0.3540 0.2812 0.2214 0.1818 0.2189 0.3379 0.3990 0.4243 0.4270 0.4001 0.3332 0.2627 0.2079 0.1813 0.2521 0.3604 0.4086 0.4273 0.4233 0.3843 0.3124 0.2455 0.1957 0.1881 0.2882 0.3781 0.4161 0.4287 0.4171 0.3655 0.2923 0.2298 0.1852 0.2041 0.3219 0.3922 0.4218 0.4282 0.4071 0.3442 0.2719 0.2143 0.1807 0.2363 0.3798
0.2879 0.1808 0.2141 0.2716 0.3438 0.4069 0.4282 0.4218 0.3922 0.3216 0.2037 0.1853 0.2300 0.2926 0.3659 0.4172 0.4287 0.4160 0.3779 0.2876 0.1879 0.1959 0.2458 0.3128 0.3846 0.4234 0.4273 0.4085 0.3601 0.2515 0.1813 0.2081 0.2630 0.3336 0.4003 0.4271 0.4242 0.3988 0.3375 0.2184 0.1818 0.2216 0.2815 0.3543 0.4122 0.4287 0.4194 0.3865 0.3067 0.1946 0.1751 0.1946 0.3067 0.3865 0.4194 0.4287 0.4122 0.3543 0.2815 0.2216 0.1818 0.2184 0.3375 0.3988 0.4242 0.4271 0.4003 0.3336 0.2630 0.2081 0.1813 0.2515 0.3601 0.4085 0.4273 0.4234 0.3846 0.3128 0.2458 0.1959 0.1879 0.2876 0.3779 0.4160 0.4287 0.4172 0.3659 0.2926 0.2300 0.1853 0.2037 0.3216 0.3922 0.4218 0.4282 0.4069 0.3438 0.2716 0.2141 0.1808 0.2879
0.2438 0.2140 0.2712 0.3435 0.4067 0.4281 0.4219 0.3924 0.3219 0.2037 0.1854 0.2302 0.2929 0.3662 0.4174 0.4287 0.4159 0.3776 0.2870 0.1877 0.1961 0.2461 0.3132 0.3849 0.4235 0.4273 0.4083 0.3597 0.2509 0.1812 0.2083 0.2633 0.3340 0.4006 0.4271 0.4241 0.3986 0.3370 0.2179 0.1819 0.2219 0.2818 0.3547 0.4124 0.4287 0.4193 0.3861 0.3070 0.1957 0.1909 0.2120 0.1909 0.1957 0.3070 0.3861 0.4193 0.4287 0.4124 0.3547 0.2818 0.2219 0.1819 0.2179 0.3370 0.3986 0.4241 0.4271 0.4006 0.3340 0.2633 0.2083 0.1812 0.2509 0.3597 0.4083 0.4273 0.4235 0.3849 0.3132 0.2461 0.1961 0.1877 0.2870 0.3776 0.4159 0.4287 0.4174 0.3662 0.2929 0.2302 0.1854 0.2037 0.3219 0.3924 0.4219 0.4281 0.4067 0.3435 0.2712 0.2140 0.2438
0.2627 0.2711 0.3431 0.4065 0.4281 0.4220 0.3926 0.3224 0.2041 0.1853 0.2302 0.2931 0.3665 0.4175 0.4287 0.4157 0.3773 0.2863 0.1875 0.1963 0.2464 0.3135 0.3852 0.4236 0.4272 0.4082 0.3594 0.2503 0.1812 0.2085 0.2636 0.3343 0.4008 0.4272 0.4241 0.3984 0.3366 0.2174 0.1820 0.2221 0.2821 0.3551 0.4126 0.4287 0.4192 0.3859 0.3064 0.1950 0.1916 0.2391 0.2697 0.2391 0.1916 0.1950 0.3064 0.3859 0.4192 0.4287 0.4126 0.3551 0.2821 0.2221 0.1820 0.2174 0.3366 0.3984 0.4241 0.4272 0.4008 0.3343 0.2636 0.2085 0.1812 0.2503 0.3594 0.4082 0.4272 0.4236 0.3852 0.3135 0.2464 0.1963 0.1875 0.2863 0.3773 0.4157 0.4287 0.4175 0.3665 0.2931 0.2302 0.1853 0.2041 0.3224 0.3926 0.4220 0.4281 0.4065 0.3431 0.2711 0.2627
0.3018 0.3430 0.4061 0.4281 0.4221 0.3929 0.3229 0.2044 0.1852 0.2300 0.2929 0.3665 0.4176 0.4287 0.4156 0.3770 0.2857 0.1873 0.1965 0.2467 0.3139 0.3855 0.4236 0.4272 0.4080 0.3590 0.2497 0.1812 0.2088 0.2639 0.3347 0.4010 0.4272 0.4240 0.3982 0.3361 0.2169 0.1821 0.2224 0.2825 0.3554 0.4127 0.4287 0.4191 0.3857 0.3058 0.1947 0.1901 0.2396 0.3053 0.3436 0.3053 0.2396 0.1901 0.1947 0.3058 0.3857 0.4191 0.4287 0.4127 0.3554 0.2825 0.2224 0.1821 0.2169 0.3361 0.3982 0.4240 0.4272 0.4010 0.3347 0.2639 0.2088 0.1812 0.2497 0.3590 0.4080 0.4272 0.4236 0.3855 0.3139 0.2467 0.1965 0.1873 0.2857 0.3770 0.4156 0.4287 0.4176 0.3665 0.2929 0.2300 0.1852 0.2044 0.3229 0.3929 0.4221 0.4281 0.4061 0.3430 0.3018
0.3538 0.4070 0.4279 0.4222 0.3931 0.3234 0.2048 0.1850 0.2298 0.2926 0.3662 0.4175 0.4287 0.4156 0.3768 0.2851 0.1872 0.1967 0.2469 0.3142 0.3858 0.4237 0.4271 0.4079 0.3587 0.2490 0.1811 0.2090 0.2642 0.3350 0.4013 0.4272 0.4239 0.3980 0.3357 0.2165 0.1821 0.2226 0.2828 0.3558 0.4129 0.4287 0.4190 0.3854 0.3052 0.1945 0.1903 0.2376 0.3050 0.3793 0.4094 0.3793 0.3050 0.2376 0.1903 0.1945 0.3052 0.3854 0.4190 0.4287 0.4129 0.3558 0.2828 0.2226 0.1821 0.2165 0.3357 0.3980 0.4239 0.4272 0.4013 0.3350 0.2642 0.2090 0.1811 0.2490 0.3587 0.4079 0.4271 0.4237 0.3858 0.3142 0.2469 0.1967 0.1872 0.2851 0.3768 0.4156 0.4287 0.4175 0.3662 0.2926 0.2298 0.1850 0.2048 0.3234 0.3931 0.4222 0.4279 0.4070 0.3538
0.4012 0.4301 0.4221 0.3933 0.3240 0.2052 0.1849 0.2295 0.2923 0.3659 0.4174 0.4287 0.4156 0.3768 0.2848 0.1870 0.1969 0.2472 0.3146 0.3861 0.4238 0.4271 0.4077 0.3583 0.2484 0.1811 0.2092 0.2645 0.3354 0.4015 0.4273 0.4238 0.3978 0.3352 0.2160 0.1822 0.2229 0.2831 0.3561 0.4131 0.4287 0.4189 0.3852 0.3046 0.1942 0.1905 0.2379 0.3028 0.3774 0.4229 0.4279 0.4229 0.3774 0.3028 0.2379 0.1905 0.1942 0.3046 0.3852 0.4189 0.4287 0.4131 0.3561 0.2831 0.2229 0.1822 0.2160 0.3352 0.3978 0.4238 0.4273 0.4015 0.3354 0.2645 0.2092 0.1811 0.2484 0.3583 0.4077 0.4271 0.4238 0.3861 0.3146 0.2472 0.1969 0.1870 0.2848 0.3768 0.4156 0.4287 0.4174 0.3659 0.2923 0.2295 0.1849 0.2052 0.3240 0.3933 0.4221 0.4301 0.4012
0.4251 0.4237 0.3935 0.3245 0.2056 0.1848 0.2292 0.2919 0.3655 0.4172 0.4287 0.4157 0.3770 0.2851 0.1870 0.1970 0.2475 0.3149 0.3864 0.4239 0.4271 0.4076 0.3580 0.2478 0.1810 0.2094 0.2648 0.3358 0.4018 0.4273 0.4238 0.3976 0.3348 0.2155 0.1823 0.2231 0.2835 0.3565 0.4132 0.4287 0.4188 0.3849 0.3040 0.1940 0.1907 0.2382 0.3032 0.3759 0.4210 0.4273 0.4158 0.4273 0.4210 0.3759 0.3032 0.2382 0.1907 0.1940 0.3040 0.3849 0.4188 0.4287 0.4132 0.3565 0.2835 0.2231 0.1823 0.2155 0.3348 0.3976 0.4238 0.4273 0.4018 0.3358 0.2648 0.2094 0.1810 0.2478 0.3580 0.4076 0.4271 0.4239 0.3864 0.3149 0.2475 0.1970 0.1870 0.2851 0.3770 0.4157 0.4287 0.4172 0.3655 0.2919 0.2292 0.1848 0.2056 0.3245 0.3935 0.4237 0.4251
0.4299 0.3938 0.3250 0.2060 0.1846 0.2290 0.2916 0.3652 0.4171 0.4287 0.4159 0.3773 0.2857 0.1872 0.1969 0.2475 0.3151 0.3866 0.4240 0.4270 0.4074 0.3576 0.2472 0.1810 0.2097 0.2652 0.3361 0.4020 0.4274 0.4237 0.3975 0.3343 0.2150 0.1824 0.2234 0.2838 0.3568 0.4134 0.4287 0.4187 0.3847 0.3034 0.1937 0.1909 0.2385 0.3036 0.3763 0.4209 0.4282 0.4087 0.3794 0.4087 0.4282 0.4209 0.3763 0.3036 0.2385 0.1909 0.1937 0.3034 0.3847 0.4187 0.4287 0.4134 0.3568 0.2838 0.2234 0.1824 0.2150 0.3343 0.3975 0.4237 0.4274 0.4020 0.3361 0.2652 0.2097 0.1810 0.2472 0.3576 0.4074 0.4270 0.4240 0.3866 0.3151 0.2475 0.1969 0.1872 0.2857 0.3773 0.4159 0.4287 0.4171 0.3652 0.2916 0.2290 0.1846 0.2060 0.3250 0.3938 0.4299
0.4125 0.3256 0.2064 0.1845 0.2287 0.2912 0.3648 0.4170 0.4287 0.4160 0.3776 0.2863 0.1873 0.1967 0.2472 0.3149 0.3866 0.4240 0.4270 0.4073 0.3573 0.2466 0.1810 0.2099 0.2655 0.3365 0.4022 0.4274 0.4236 0.3973 0.3339 0.2145 0.1825 0.2236 0.2841 0.3572 0.4135 0.4287 0.4186 0.3844 0.3028 0.1934 0.1911 0.2388 0.3039 0.3767 0.4211 0.4282 0.4119 0.3621 0.3021 0.3621 0.4119 0.4282 0.4211 0.3767 0.3039 0.2388 0.1911 0.1934 0.3028 0.3844 0.4186 0.4287 0.4135 0.3572 0.2841 0.2236 0.1825 0.2145 0.3339 0.3973 0.4236 0.4274 0.4022 0.3365 0.2655 0.2099 0.1810 0.2466 0.3573 0.4073 0.4270 0.4240 0.3866 0.3149 0.2472 0.1967 0.1873 0.2863 0.3776 0.4160 0.4287 0.4170 0.3648 0.2912 0.2287 0.1845 0.2064 0.3256 0.4125
0.3593 0.2070 0.1844 0.2285 0.2909 0.3645 0.4168 0.4287 0.4161 0.3779 0.2870 0.1875 0.1965 0.2469 0.3146 0.3864 0.4240 0.4270 0.4072 0.3570 0.2460 0.1809 0.2101 0.2658 0.3369 0.4025 0.4275 0.4236 0.3971 0.3334 0.2141 0.1826 0.2239 0.2845 0.3575 0.4137 0.4287 0.4185 0.3842 0.3022 0.1932 0.1913 0.2391 0.3043 0.3771 0.4212 0.4281 0.4120 0.3678 0.2639 0.1903 0.2639 0.3678 0.4120 0.4281 0.4212 0.3771 0.3043 0.2391 0.1913 0.1932 0.3022 0.3842 0.4185 0.4287 0.4137 0.3575 0.2845 0.2239 0.1826 0.2141 0.3334 0.3971 0.4236 0.4275 0.4025 0.3369 0.2658 0.2101 0.1809 0.2460 0.3570 0.4072 0.4270 0.4240 0.3864 0.3146 0.2469 0.1965 0.1875 0.2870 0.3779 0.4161 0.4287 0.4168 0.3645 0.2909 0.2285 0.1844 0.2070 0.3593
0.2655 0.1844 0.2282 0.2906 0.3641 0.4167 0.4287 0.4162 0.3781 0.2876 0.1877 0.1963 0.2467 0.3142 0.3861 0.4239 0.4270 0.4073 0.3570 0.2457 0.1809 0.2103 0.2661 0.3372 0.4027 0.4275 0.4235 0.3969 0.3329 0.2136 0.1826 0.2241 0.2848 0.3579 0.4139 0.4287 0.4184 0.3839 0.3016 0.1929 0.1914 0.2393 0.3046 0.3774 0.4213 0.4281 0.4117 0.3678 0.2651 0.1828 0.1836 0.1828 0.2651 0.3678 0.4117 0.4281 0.4213 0.3774 0.3046 0.2393 0.1914 0.1929 0.3016 0.3839 0.4184 0.4287 0.4139 0.3579 0.2848 0.2241 0.1826 0.2136 0.3329 0.3969 0.4235 0.4275 0.4027 0.3372 0.2661 0.2103 0.1809 0.2457 0.3570 0.4073 0.4270 0.4239 0.3861 0.3142 0.2467 0.1963 0.1877 0.2876 0.3781 0.4162 0.4287 0.4167 0.3641 0.2906 0.2282 0.1844 0.2655
0.2453 0.2281 0.2902 0.3638 0.4165 0.4287 0.4163 0.3784 0.2882 0.1879 0.1961 0.2464 0.3139 0.3858 0.4238 0.4271 0.4074 0.3573 0.2460 0.1809 0.2104 0.2664 0.3375 0.4029 0.4275 0.4234 0.3967 0.3325 0.2131 0.1827 0.2244 0.2852 0.3582 0.4140 0.4288 0.4183 0.3837 0.3010 0.1927 0.1916 0.2396 0.3050 0.3777 0.4214 0.4281 0.4116 0.3674 0.2653 0.1838 0.2046 0.2287 0.2046 0.1838 0.2653 0.3674 0.4116 0.4281 0.4214 0.3777 0.3050 0.2396 0.1916 0.1927 0.3010 0.3837 0.4183 0.4288 0.4140 0.3582 0.2852 0.2244 0.1827 0.2131 0.3325 0.3967 0.4234 0.4275 0.4029 0.3375 0.2664 0.2104 0.1809 0.2460 0.3573 0.4074 0.4271 0.4238 0.3858 0.3139 0.2464 0.1961 0.1879 0.2882 0.3784 0.4163 0.4287 0.4165 0.3638 0.2902 0.2281 0.2453
0.2720 0.2900 0.3634 0.4164 0.4287 0.4164 0.3787 0.2888 0.1881 0.1959 0.2461 0.3135 0.3855 0.4237 0.4271 0.4076 0.3576 0.2466 0.1809 0.2103 0.2664 0.3377 0.4031 0.4276 0.4233 0.3965 0.3320 0.2127 0.1828 0.2246 0.2855 0.3586 0.4142 0.4288 0.4182 0.3834 0.3004 0.1924 0.1918 0.2399 0.3054 0.3780 0.4215 0.4280 0.4114 0.3670 0.2646 0.1827 0.2052 0.2587 0.2924 0.2587 0.2052 0.1827 0.2646 0.3670 0.4114 0.4280 0.4215 0.3780 0.3054 0.2399 0.1918 0.1924 0.3004 0.3834 0.4182 0.4288 0.4142 0.3586 0.2855 0.2246 0.1828 0.2127 0.3320 0.3965 0.4233 0.4276 0.4031 0.3377 0.2664 0.2103 0.1809 0.2466 0.3576 0.4076 0.4271 0.4237 0.3855 0.3135 0.2461 0.1959 0.1881 0.2888 0.3787 0.4164 0.4287 0.4164 0.3634 0.2900 0.2720
0.3154 0.3635 0.4161 0.4288 0.4165 0.3790 0.2894 0.1883 0.1957 0.2458 0.3132 0.3852 0.4236 0.4271 0.4077 0.3580 0.2472 0.1810 0.2101 0.2661 0.3375 0.4031 0.4276 0.4233 0.3963 0.3315 0.2122 0.1829 0.2249 0.2858 0.3589 0.4143 0.4288 0.4181 0.3832 0.2998 0.1922 0.1920 0.2402 0.3057 0.3783 0.4216 0.4280 0.4113 0.3667 0.2640 0.1826 0.2036 0.2591 0.3297 0.3683 0.3297 0.2591 0.2036 0.1826 0.2640 0.3667 0.4113 0.4280 0.4216 0.3783 0.3057 0.2402 0.1920 0.1922 0.2998 0.3832 0.4181 0.4288 0.4143 0.3589 0.2858 0.2249 0.1829 0.2122 0.3315 0.3963 0.4233 0.4276 0.4031 0.3375 0.2661 0.2101 0.1810 0.2472 0.3580 0.4077 0.4271 0.4236 0.3852 0.3132 0.2458 0.1957 0.1883 0.2894 0.3790 0.4165 0.4288 0.4161 0.3635 0.3154
0.3686 0.4175 0.4286 0.4166 0.3792 0.2900 0.1885 0.1955 0.2455 0.3128 0.3849 0.4236 0.4272 0.4079 0.3583 0.2478 0.1810 0.2099 0.2658 0.3372 0.4029 0.4276 0.4233 0.3962 0.3311 0.2117 0.1830 0.2251 0.2862 0.3593 0.4145 0.4288 0.4180 0.3829 0.2992 0.1919 0.1922 0.2404 0.3061 0.3787 0.4217 0.4280 0.4112 0.3664 0.2634 0.1826 0.2038 0.2570 0.3290 0.3991 0.4205 0.3991 0.3290 0.2570 0.2038 0.1826 0.2634 0.3664 0.4112 0.4280 0.4217 0.3787 0.3061 0.2404 0.1922 0.1919 0.2992 0.3829 0.4180 0.4288 0.4145 0.3593 0.2862 0.2251 0.1830 0.2117 0.3311 0.3962 0.4233 0.4276 0.4029 0.3372 0.2658 0.2099 0.1810 0.2478 0.3583 0.4079 0.4272 0.4236 0.3849 0.3128 0.2455 0.1955 0.1885 0.2900 0.3792 0.4166 0.4286 0.4175 0.3686
0.4102 0.4308 0.4167 0.3795 0.2907 0.1886 0.1953 0.2452 0.3124 0.3846 0.4235 0.4272 0.4080 0.3587 0.2484 0.1810 0.2097 0.2655 0.3369 0.4027 0.4275 0.4233 0.3963 0.3311 0.2115 0.1831 0.2254 0.2865 0.3596 0.4146 0.4288 0.4179 0.3827 0.2986 0.1917 0.1924 0.2407 0.3064 0.3790 0.4218 0.4279 0.4110 0.3661 0.2628 0.1825 0.2041 0.2573 0.3268 0.3968 0.4274 0.4263 0.4274 0.3968 0.3268 0.2573 0.2041 0.1825 0.2628 0.3661 0.4110 0.4279 0.4218 0.3790 0.3064 0.2407 0.1924 0.1917 0.2986 0.3827 0.4179 0.4288 0.4146 0.3596 0.2865 0.2254 0.1831 0.2115 0.3311 0.3963 0.4233 0.4275 0.4027 0.3369 0.2655 0.2097 0.1810 0.2484 0.3587 0.4080 0.4272 0.4235 0.3846 0.3124 0.2452 0.1953 0.1886 0.2907 0.3795 0.4167 0.4308 0.4102
0.4283 0.4179 0.3798 0.2913 0.1888 0.1951 0.2449 0.3121 0.3843 0.4234 0.4273 0.4082 0.3590 0.2490 0.1811 0.2094 0.2652 0.3365 0.4025 0.4275 0.4234 0.3965 0.3315 0.2117 0.1831 0.2255 0.2868 0.3600 0.4148 0.4288 0.4178 0.3824 0.2980 0.1914 0.1926 0.2410 0.3068 0.3793 0.4219 0.4279 0.4109 0.3658 0.2621 0.1824 0.2043 0.2577 0.3273 0.3958 0.4262 0.4236 0.4073 0.4236 0.4262 0.3958 0.3273 0.2577 0.2043 0.1824 0.2621 0.3658 0.4109 0.4279 0.4219 0.3793 0.3068 0.2410 0.1926 0.1914 0.2980 0.3824 0.4178 0.4288 0.4148 0.3600 0.2868 0.2255 0.1831 0.2117 0.3315 0.3965 0.4234 0.4275 0.4025 0.3365 0.2652 0.2094 0.1811 0.2490 0.3590 0.4082 0.4273 0.4234 0.3843 0.3121 0.2449 0.1951 0.1888 0.2913 0.3798 0.4179 0.4283
0.4275 0.3801 0.2919 0.1891 0.1949 0.2447 0.3117 0.3840 0.4233 0.4273 0.4083 0.3594 0.2497 0.1811 0.2092 0.2648 0.3361 0.4022 0.4275 0.4235 0.3967 0.3320 0.2122 0.1830 0.2254 0.2868 0.3601 0.4149 0.4288 0.4177 0.3821 0.2974 0.1912 0.1928 0.2413 0.3071 0.3796 0.4220 0.4279 0.4108 0.3654 0.2615 0.1823 0.2045 0.2580 0.3277 0.3962 0.4262 0.4253 0.3974 0.3599 0.3974 0.4253 0.4262 0.3962 0.3277 0.2580 0.2045 0.1823 0.2615 0.3654 0.4108 0.4279 0.4220 0.3796 0.3071 0.2413 0.1928 0.1912 0.2974 0.3821 0.4177 0.4288 0.4149 0.3601 0.2868 0.2254 0.1830 0.2122 0.3320 0.3967 0.4235 0.4275 0.4022 0.3361 0.2648 0.2092 0.1811 0.2497 0.3594 0.4083 0.4273 0.4233 0.3840 0.3117 0.2447 0.1949 0.1891 0.2919 0.3801 0.4275
0.4025 0.2926 0.1892 0.1947 0.2444 0.3114 0.3836 0.4232 0.4273 0.4085 0.3597 0.2503 0.1812 0.2090 0.2645 0.3358 0.4020 0.4274 0.4236 0.3969 0.3325 0.2127 0.1829 0.2251 0.2865 0.3600 0.4149 0.4288 0.4176 0.3819 0.2968 0.1910 0.1930 0.2416 0.3075 0.3799 0.4221 0.4278 0.4106 0.3651 0.2609 0.1822 0.2047 0.2583 0.3280 0.3965 0.4263 0.4252 0.4016 0.3376 0.2641 0.3376 0.4016 0.4252 0.4263 0.3965 0.3280 0.2583 0.2047 0.1822 0.2609 0.3651 0.4106 0.4278 0.4221 0.3799 0.3075 0.2416 0.1930 0.1910 0.2968 0.3819 0.4176 0.4288 0.4149 0.3600 0.2865 0.2251 0.1829 0.2127 0.3325 0.3969 0.4236 0.4274 0.4020 0.3358 0.2645 0.2090 0.1812 0.2503 0.3597 0.4085 0.4273 0.4232 0.3836 0.3114 0.2444 0.1947 0.1892 0.2926 0.4025
0.3324 0.1896 0.1945 0.2441 0.3110 0.3833 0.4231 0.4274 0.4086 0.3601 0.2509 0.1812 0.2088 0.2642 0.3354 0.4018 0.4274 0.4236 0.3971 0.3329 0.2131 0.1828 0.2249 0.2862 0.3596 0.4148 0.4288 0.4176 0.3818 0.2963 0.1907 0.1932 0.2418 0.3078 0.3802 0.4222 0.4278 0.4105 0.3648 0.2602 0.1822 0.2049 0.2586 0.3284 0.3968 0.4264 0.4251 0.4016 0.3433 0.2238 0.1752 0.2238 0.3433 0.4016 0.4251 0.4264 0.3968 0.3284 0.2586 0.2049 0.1822 0.2602 0.3648 0.4105 0.4278 0.4222 0.3802 0.3078 0.2418 0.1932 0.1907 0.2963 0.3818 0.4176 0.4288 0.4148 0.3596 0.2862 0.2249 0.1828 0.2131 0.3329 0.3971 0.4236 0.4274 0.4018 0.3354 0.2642 0.2088 0.1812 0.2509 0.3601 0.4086 0.4274 0.4231 0.3833 0.3110 0.2441 0.1945 0.1896 0.3324
0.2518 0.1944 0.2438 0.3107 0.3830 0.4231 0.4274 0.4088 0.3604 0.2515 0.1812 0.2085 0.2639 0.3350 0.4015 0.4273 0.4237 0.3973 0.3334 0.2136 0.1827 0.2246 0.2858 0.3593 0.4146 0.4288 0.4177 0.3819 0.2963 0.1906 0.1933 0.2421 0.3082 0.3805 0.4222 0.4278 0.4104 0.3645 0.2596 0.1821 0.2052 0.2589 0.3288 0.3970 0.4264 0.4251 0.4013 0.3434 0.2250 0.1816 0.1963 0.1816 0.2250 0.3434 0.4013 0.4251 0.4264 0.3970 0.3288 0.2589 0.2052 0.1821 0.2596 0.3645 0.4104 0.4278 0.4222 0.3805 0.3082 0.2421 0.1933 0.1906 0.2963 0.3819 0.4177 0.4288 0.4146 0.3593 0.2858 0.2246 0.1827 0.2136 0.3334 0.3973 0.4237 0.4273 0.4015 0.3350 0.2639 0.2085 0.1812 0.2515 0.3604 0.4088 0.4274 0.4231 0.3830 0.3107 0.2438 0.1944 0.2518
0.2508 0.2436 0.3103 0.3827 0.4230 0.4275 0.4089 0.3608 0.2521 0.1813 0.2083 0.2636 0.3347 0.4013 0.4273 0.4238 0.3975 0.3339 0.2141 0.1826 0.2244 0.2855 0.3589 0.4145 0.4288 0.4178 0.3821 0.2968 0.1907 0.1933 0.2422 0.3085 0.3808 0.4223 0.4277 0.4102 0.3641 0.2590 0.1820 0.2054 0.2592 0.3291 0.3973 0.4265 0.4250 0.4011 0.3428 0.2249 0.1824 0.2202 0.2475 0.2202 0.1824 0.2249 0.3428 0.4011 0.4250 0.4265 0.3973 0.3291 0.2592 0.2054 0.1820 0.2590 0.3641 0.4102 0.4277 0.4223 0.3808 0.3085 0.2422 0.1933 0.1907 0.2968 0.3821 0.4178 0.4288 0.4145 0.3589 0.2855 0.2244 0.1826 0.2141 0.3339 0.3975 0.4238 0.4273 0.4013 0.3347 0.2636 0.2083 0.1813 0.2521 0.3608 0.4089 0.4275 0.4230 0.3827 0.3103 0.2436 0.2508
0.2826 0.3101 0.3823 0.4229 0.4275 0.4091 0.3611 0.2527 0.1813 0.2081 0.2633 0.3343 0.4010 0.4272 0.4238 0.3976 0.3343 0.2145 0.1826 0.2241 0.2852 0.3586 0.4143 0.4288 0.4179 0.3824 0.2974 0.1910 0.1932 0.2421 0.3085 0.3810 0.4224 0.4277 0.4101 0.3638 0.2584 0.1819 0.2056 0.2595 0.3295 0.3975 0.4265 0.4249 0.4009 0.3424 0.2243 0.1811 0.2209 0.2804 0.3168 0.2804 0.2209 0.1811 0.2243 0.3424 0.4009 0.4249 0.4265 0.3975 0.3295 0.2595 0.2056 0.1819 0.2584 0.3638 0.4101 0.4277 0.4224 0.3810 0.3085 0.2421 0.1932 0.1910 0.2974 0.3824 0.4179 0.4288 0.4143 0.3586 0.2852 0.2241 0.1826 0.2145 0.3343 0.3976 0.4238 0.4272 0.4010 0.3343 0.2633 0.2081 0.1813 0.2527 0.3611 0.4091 0.4275 0.4229 0.3823 0.3101 0.2826
0.3299 0.3827 0.4226 0.4276 0.4092 0.3614 0.2534 0.1814 0.2079 0.2630 0.3340 0.4008 0.4272 0.4239 0.3978 0.3348 0.2150 0.1825 0.2239 0.2848 0.3582 0.4142 0.4288 0.4180 0.3827 0.2980 0.1912 0.1930 0.2418 0.3082 0.3808 0.4224 0.4277 0.4100 0.3635 0.2577 0.1819 0.2058 0.2598 0.3298 0.3978 0.4266 0.4249 0.4007 0.3420 0.2238 0.1812 0.2190 0.2805 0.3544 0.3907 0.3544 0.2805 0.2190 0.1812 0.2238 0.3420 0.4007 0.4249 0.4266 0.3978 0.3298 0.2598 0.2058 0.1819 0.2577 0.3635 0.4100 0.4277 0.4224 0.3808 0.3082 0.2418 0.1930 0.1912 0.2980 0.3827 0.4180 0.4288 0.4142 0.3582 0.2848 0.2239 0.1825 0.2150 0.3348 0.3978 0.4239 0.4272 0.4008 0.3340 0.2630 0.2079 0.1814 0.2534 0.3614 0.4092 0.4276 0.4226 0.3827 0.3299
0.3826 0.4244 0.4274 0.4094 0.3618 0.2540 0.1815 0.2076 0.2627 0.3336 0.4006 0.4272 0.4240 0.3980 0.3352 0.2155 0.1824 0.2236 0.2845 0.3579 0.4140 0.4288 0.4181 0.3829 0.2986 0.1914 0.1928 0.2416 0.3078 0.3805 0.4223 0.4277 0.4100 0.3633 0.2572 0.1818 0.2060 0.2601 0.3302 0.3980 0.4266 0.4248 0.4005 0.3416 0.2233 0.1813 0.2193 0.2783 0.3532 0.4136 0.4262 0.4136 0.3532 0.2783 0.2193 0.1813 0.2233 0.3416 0.4005 0.4248 0.4266 0.3980 0.3302 0.2601 0.2060 0.1818 0.2572 0.3633 0.4100 0.4277 0.4223 0.3805 0.3078 0.2416 0.1928 0.1914 0.2986 0.3829 0.4181 0.4288 0.4140 0.3579 0.2845 0.2236 0.1824 0.2155 0.3352 0.3980 0.4240 0.4272 0.4006 0.3336 0.2627 0.2076 0.1815 0.2540 0.3618 0.4094 0.4274 0.4244 0.3826
0.4172 0.4295 0.4095 0.3621 0.2546 0.1815 0.2074 0.2624 0.3332 0.4003 0.4271 0.4241 0.3982 0.3357 0.2160 0.1823 0.2234 0.2841 0.3575 0.4139 0.4288 0.4182 0.3832 0.2992 0.1917 0.1926 0.2413 0.3075 0.3802 0.4222 0.4277 0.4101 0.3635 0.2572 0.1817 0.2062 0.2604 0.3306 0.3983 0.4267 0.4247 0.4004 0.3411 0.2227 0.1813 0.2196 0.2787 0.3512 0.4112 0.4288 0.4223 0.4288 0.4112 0.3512 0.2787 0.2196 0.1813 0.2227 0.3411 0.4004 0.4247 0.4267 0.3983 0.3306 0.2604 0.2062 0.1817 0.2572 0.3635 0.4101 0.4277 0.4222 0.3802 0.3075 0.2413 0.1926 0.1917 0.2992 0.3832 0.4182 0.4288 0.4139 0.3575 0.2841 0.2234 0.1823 0.2160 0.3357 0.3982 0.4241 0.4271 0.4003 0.3332 0.2624 0.2074 0.1815 0.2546 0.3621 0.4095 0.4295 0.4172
0.4301 0.4102 0.3625 0.2552 0.1816 0.2072 0.2621 0.3329 0.4001 0.4271 0.4241 0.3984 0.3361 0.2165 0.1822 0.2231 0.2838 0.3572 0.4137 0.4287 0.4183 0.3834 0.2998 0.1919 0.1924 0.2410 0.3071 0.3799 0.4222 0.4278 0.4102 0.3638 0.2577 0.1818 0.2062 0.2605 0.3309 0.3985 0.4267 0.4247 0.4002 0.3407 0.2222 0.1814 0.2198 0.2791 0.3517 0.4108 0.4286 0.4176 0.3957 0.4176 0.4286 0.4108 0.3517 0.2791 0.2198 0.1814 0.2222 0.3407 0.4002 0.4247 0.4267 0.3985 0.3309 0.2605 0.2062 0.1818 0.2577 0.3638 0.4102 0.4278 0.4222 0.3799 0.3071 0.2410 0.1924 0.1919 0.2998 0.3834 0.4183 0.4287 0.4137 0.3572 0.2838 0.2231 0.1822 0.2165 0.3361 0.3984 0.4241 0.4271 0.4001 0.3329 0.2621 0.2072 0.1816 0.2552 0.3625 0.4102 0.4301
0.4233 0.3629 0.2559 0.1816 0.2070 0.2617 0.3325 0.3998 0.4270 0.4242 0.3986 0.3366 0.2169 0.1821 0.2229 0.2835 0.3568 0.4135 0.4287 0.4184 0.3837 0.3004 0.1922 0.1922 0.2407 0.3068 0.3796 0.4221 0.4278 0.4104 0.3641 0.2584 0.1819 0.2060 0.2604 0.3309 0.3986 0.4268 0.4246 0.4000 0.3403 0.2217 0.1814 0.2201 0.2794 0.3521 0.4111 0.4286 0.4200 0.3826 0.3353 0.3826 0.4200 0.4286 0.4111 0.3521 0.2794 0.2201 0.1814 0.2217 0.3403 0.4000 0.4246 0.4268 0.3986 0.3309 0.2604 0.2060 0.1819 0.2584 0.3641 0.4104 0.4278 0.4221 0.3796 0.3068 0.2407 0.1922 0.1922 0.3004 0.3837 0.4184 0.4287 0.4135 0.3568 0.2835 0.2229 0.1821 0.2169 0.3366 0.3986 0.4242 0.4270 0.3998 0.3325 0.2617 0.2070 0.1816 0.2559 0.3629 0.4233
0.3893 0.2566 0.1817 0.2068 0.2614 0.3321 0.3996 0.4270 0.4243 0.3988 0.3370 0.2174 0.1821 0.2226 0.2831 0.3565 0.4134 0.4287 0.4185 0.3839 0.3010 0.1924 0.1920 0.2404 0.3064 0.3793 0.4220 0.4278 0.4105 0.3645 0.2590 0.1819 0.2058 0.2601 0.3306 0.3985 0.4268 0.4246 0.3998 0.3398 0.2212 0.1815 0.2203 0.2797 0.3524 0.4113 0.4286 0.4200 0.3875 0.3057 0.2242 0.3057 0.3875 0.4200 0.4286 0.4113 0.3524 0.2797 0.2203 0.1815 0.2212 0.3398 0.3998 0.4246 0.4268 0.3985 0.3306 0.2601 0.2058 0.1819 0.2590 0.3645 0.4105 0.4278 0.4220 0.3793 0.3064 0.2404 0.1920 0.1924 0.3010 0.3839 0.4185 0.4287 0.4134 0.3565 0.2831 0.2226 0.1821 0.2174 0.3370 0.3988 0.4243 0.4270 0.3996 0.3321 0.2614 0.2068 0.1817 0.2566 0.3893
0.3036 0.1819 0.2065 0.2611 0.3318 0.3994 0.4269 0.4243 0.3990 0.3375 0.2179 0.1820 0.2224 0.2828 0.3561 0.4132 0.4287 0.4186 0.3842 0.3016 0.1927 0.1918 0.2402 0.3061 0.3790 0.4219 0.4279 0.4106 0.3648 0.2596 0.1820 0.2056 0.2598 0.3302 0.3983 0.4267 0.4246 0.3998 0.3396 0.2207 0.1815 0.2206 0.2801 0.3528 0.4115 0.4286 0.4198 0.3876 0.3093 0.1958 0.1747 0.1958 0.3093 0.3876 0.4198 0.4286 0.4115 0.3528 0.2801 0.2206 0.1815 0.2207 0.3396 0.3998 0.4246 0.4267 0.3983 0.3302 0.2598 0.2056 0.1820 0.2596 0.3648 0.4106 0.4279 0.4219 0.3790 0.3061 0.2402 0.1918 0.1927 0.3016 0.3842 0.4186 0.4287 0.4132 0.3561 0.2828 0.2224 0.1820 0.2179 0.3375 0.3990 0.4243 0.4269 0.3994 0.3318 0.2611 0.2065 0.1819 0.3036
0.2451 0.2064 0.2608 0.3314 0.3991 0.4269 0.4244 0.3992 0.3379 0.2184 0.1819 0.2221 0.2825 0.3558 0.4131 0.4287 0.4187 0.3844 0.3022 0.1929 0.1916 0.2399 0.3057 0.3787 0.4218 0.4279 0.4108 0.3651 0.2602 0.1821 0.2054 0.2595 0.3298 0.3980 0.4267 0.4247 0.4000 0.3398 0.2207 0.1815 0.2208 0.2803 0.3532 0.4116 0.4286 0.4198 0.3872 0.3095 0.1970 0.1900 0.2110 0.1900 0.1970 0.3095 0.3872 0.4198 0.4286 0.4116 0.3532 0.2803 0.2208 0.1815 0.2207 0.3398 0.4000 0.4247 0.4267 0.3980 0.3298 0.2595 0.2054 0.1821 0.2602 0.3651 0.4108 0.4279 0.4218 0.3787 0.3057 0.2399 0.1916 0.1929 0.3022 0.3844 0.4187 0.4287 0.4131 0.3558 0.2825 0.2221 0.1819 0.2184 0.3379 0.3992 0.4244 0.4269 0.3991 0.3314 0.2608 0.2064 0.2451
0.2580 0.2606 0.3310 0.3989 0.4268 0.4245 0.3994 0.3384 0.2189 0.1818 0.2219 0.2821 0.3554 0.4129 0.4287 0.4188 0.3847 0.3028 0.1932 0.1914 0.2396 0.3054 0.3783 0.4217 0.4279 0.4109 0.3654 0.2609 0.1822 0.2052 0.2592 0.3295 0.3978 0.4266 0.4247 0.4002 0.3403 0.2212 0.1815 0.2208 0.2805 0.3535 0.4118 0.4286 0.4197 0.3869 0.3089 0.1963 0.1907 0.2379 0.2683 0.2379 0.1907 0.1963 0.3089 0.3869 0.4197 0.4286 0.4118 0.3535 0.2805 0.2208 0.1815 0.2212 0.3403 0.4002 0.4247 0.4266 0.3978 0.3295 0.2592 0.2052 0.1822 0.2609 0.3654 0.4109 0.4279 0.4217 0.3783 0.3054 0.2396 0.1914 0.1932 0.3028 0.3847 0.4188 0.4287 0.4129 0.3554 0.2821 0.2219 0.1818 0.2189 0.3384 0.3994 0.4245 0.4268 0.3989 0.3310 0.2606 0.2580
0.2945 0.3309 0.3985 0.4268 0.4245 0.3996 0.3388 0.2195 0.1818 0.2216 0.2818 0.3551 0.4127 0.4287 0.4189 0.3849 0.3034 0.1934 0.1913 0.2393 0.3050 0.3780 0.4216 0.4280 0.4110 0.3658 0.2615 0.1822 0.2049 0.2589 0.3291 0.3975 0.4266 0.4248 0.4004 0.3407 0.2217 0.1815 0.2206 0.2803 0.3535 0.4119 0.4287 0.4196 0.3867 0.3083 0.1960 0.1893 0.2384 0.3037 0.3420 0.3037 0.2384 0.1893 0.1960 0.3083 0.3867 0.4196 0.4287 0.4119 0.3535 0.2803 0.2206 0.1815 0.2217 0.3407 0.4004 0.4248 0.4266 0.3975 0.3291 0.2589 0.2049 0.1822 0.2615 0.3658 0.4110 0.4280 0.4216 0.3780 0.3050 0.2393 0.1913 0.1934 0.3034 0.3849 0.4189 0.4287 0.4127 0.3551 0.2818 0.2216 0.1818 0.2195 0.3388 0.3996 0.4245 0.4268 0.3985 0.3309 0.2945
0.3450 0.3992 0.4266 0.4246 0.3997 0.3393 0.2200 0.1817 0.2214 0.2815 0.3547 0.4126 0.4287 0.4190 0.3852 0.3040 0.1937 0.1911 0.2391 0.3046 0.3777 0.4215 0.4280 0.4112 0.3661 0.2621 0.1823 0.2047 0.2586 0.3288 0.3973 0.4265 0.4249 0.4005 0.3411 0.2222 0.1814 0.2203 0.2801 0.3532 0.4118 0.4287 0.4195 0.3865 0.3077 0.1957 0.1895 0.2364 0.3035 0.3779 0.4084 0.3779 0.3035 0.2364 0.1895 0.1957 0.3077 0.3865 0.4195 0.4287 0.4118 0.3532 0.2801 0.2203 0.1814 0.2222 0.3411 0.4005 0.4249 0.4265 0.3973 0.3288 0.2586 0.2047 0.1823 0.2621 0.3661 0.4112 0.4280 0.4215 0.3777 0.3046 0.2391 0.1911 0.1937 0.3040 0.3852 0.4190 0.4287 0.4126 0.3547 0.2815 0.2214 0.1817 0.2200 0.3393 0.3997 0.4246 0.4266 0.3992 0.3450
0.3950 0.4286 0.4246 0.3999 0.3397 0.2205 0.1816 0.2211 0.2812 0.3543 0.4124 0.4287 0.4191 0.3854 0.3046 0.1940 0.1909 0.2388 0.3043 0.3774 0.4214 0.4280 0.4113 0.3664 0.2628 0.1824 0.2045 0.2583 0.3284 0.3970 0.4265 0.4249 0.4007 0.3416 0.2227 0.1814 0.2201 0.2797 0.3528 0.4116 0.4286 0.4196 0.3865 0.3074 0.1955 0.1897 0.2367 0.3013 0.3761 0.4225 0.4279 0.4225 0.3761 0.3013 0.2367 0.1897 0.1955 0.3074 0.3865 0.4196 0.4286 0.4116 0.3528 0.2797 0.2201 0.1814 0.2227 0.3416 0.4007 0.4249 0.4265 0.3970 0.3284 0.2583 0.2045 0.1824 0.2628 0.3664 0.4113 0.4280 0.4214 0.3774 0.3043 0.2388 0.1909 0.1940 0.3046 0.3854 0.4191 0.4287 0.4124 0.3543 0.2812 0.2211 0.1816 0.2205 0.3397 0.3999 0.4246 0.4286 0.3950
0.4226 0.4264 0.4001 0.3401 0.2210 0.1816 0.2209 0.2808 0.3540 0.4122 0.4287 0.4192 0.3857 0.3052 0.1942 0.1907 0.2385 0.3039 0.3771 0.4213 0.4281 0.4114 0.3667 0.2634 0.1825 0.2043 0.2580 0.3280 0.3968 0.4264 0.4250 0.4009 0.3420 0.2233 0.1813 0.2198 0.2794 0.3524 0.4115 0.4286 0.4197 0.3867 0.3077 0.1955 0.1897 0.2370 0.3016 0.3745 0.4205 0.4275 0.4163 0.4275 0.4205 0.3745 0.3016 0.2370 0.1897 0.1955 0.3077 0.3867 0.4197 0.4286 0.4115 0.3524 0.2794 0.2198 0.1813 0.2233 0.3420 0.4009 0.4250 0.4264 0.3968 0.3280 0.2580 0.2043 0.1825 0.2634 0.3667 0.4114 0.4281 0.4213 0.3771 0.3039 0.2385 0.1907 0.1942 0.3052 0.3857 0.4192 0.4287 0.4122 0.3540 0.2808 0.2209 0.1816 0.2210 0.3401 0.4001 0.4264 0.4226
0.4304 0.4005 0.3406 0.2215 0.1815 0.2206 0.2805 0.3536 0.4120 0.4287 0.4193 0.3859 0.3058 0.1945 0.1905 0.2382 0.3036 0.3767 0.4212 0.4281 0.4116 0.3670 0.2640 0.1826 0.2041 0.2577 0.3277 0.3965 0.4264 0.4251 0.4011 0.3424 0.2238 0.1813 0.2196 0.2791 0.3521 0.4113 0.4286 0.4198 0.3869 0.3083 0.1957 0.1897 0.2370 0.3018 0.3749 0.4204 0.4283 0.4093 0.3805 0.4093 0.4283 0.4204 0.3749 0.3018 0.2370 0.1897 0.1957 0.3083 0.3869 0.4198 0.4286 0.4113 0.3521 0.2791 0.2196 0.1813 0.2238 0.3424 0.4011 0.4251 0.4264 0.3965 0.3277 0.2577 0.2041 0.1826 0.2640 0.3670 0.4116 0.4281 0.4212 0.3767 0.3036 0.2382 0.1905 0.1945 0.3058 0.3859 0.4193 0.4287 0.4120 0.3536 0.2805 0.2206 0.1815 0.2215 0.3406 0.4005 0.4304
0.4171 0.3411 0.2220 0.1815 0.2204 0.2802 0.3533 0.4119 0.4287 0.4194 0.3861 0.3064 0.1948 0.1903 0.2380 0.3032 0.3764 0.4211 0.4281 0.4117 0.3674 0.2646 0.1827 0.2039 0.2574 0.3273 0.3962 0.4263 0.4251 0.4013 0.3428 0.2243 0.1812 0.2193 0.2787 0.3517 0.4111 0.4286 0.4198 0.3872 0.3089 0.1960 0.1895 0.2368 0.3017 0.3750 0.4206 0.4283 0.4125 0.3635 0.3043 0.3635 0.4125 0.4283 0.4206 0.3749 0.3016 0.2367 0.1895 0.1960 0.3089 0.3872 0.4198 0.4286 0.4111 0.3517 0.2787 0.2193 0.1812 0.2243 0.3428 0.4013 0.4251 0.4263 0.3962 0.3273 0.2573 0.2038 0.1826 0.2646 0.3674 0.4117 0.4281 0.4211 0.3763 0.3032 0.2379 0.1903 0.1947 0.3064 0.3861 0.4194 0.4287 0.4119 0.3532 0.2801 0.2204 0.1814 0.2220 0.3411 0.4171
0.3719 0.2227 0.1814 0.2202 0.2798 0.3529 0.4117 0.4286 0.4195 0.3864 0.3069 0.1950 0.1901 0.2377 0.3029 0.3761 0.4210 0.4281 0.4118 0.3677 0.2653 0.1828 0.2036 0.2571 0.3270 0.3960 0.4262 0.4252 0.4015 0.3432 0.2249 0.1812 0.2191 0.2784 0.3514 0.4109 0.4286 0.4199 0.3874 0.3095 0.1963 0.1893 0.2365 0.3014 0.3747 0.4205 0.4282 0.4126 0.3691 0.2667 0.1919 0.2667 0.3693 0.4127 0.4283 0.4204 0.3745 0.3013 0.2364 0.1893 0.1963 0.3095 0.3876 0.4200 0.4286 0.4108 0.3512 0.2783 0.2190 0.1811 0.2249 0.3434 0.4016 0.4252 0.4262 0.3958 0.3268 0.2570 0.2036 0.1827 0.2653 0.3678 0.4120 0.4282 0.4209 0.3759 0.3028 0.2376 0.1901 0.1950 0.3070 0.3865 0.4196 0.4286 0.4116 0.3528 0.2797 0.2201 0.1813 0.2227 0.3720
0.2775 0.1815 0.2199 0.2795 0.3526 0.4115 0.4286 0.4196 0.3866 0.3075 0.1953 0.1899 0.2374 0.3025 0.3758 0.4209 0.4282 0.4120 0.3680 0.2659 0.1829 0.2034 0.2568 0.3266 0.3957 0.4262 0.4252 0.4016 0.3437 0.2254 0.1811 0.2189 0.2781 0.3510 0.4107 0.4286 0.4200 0.3877 0.3101 0.1966 0.1891 0.2362 0.3010 0.3744 0.4204 0.4283 0.4125 0.3695 0.2683 0.1833 0.1836 0.1847 0.2676 0.3693 0.4125 0.4283 0.4205 0.3761 0.3035 0.2384 0.1907 0.1970 0.3093 0.3875 0.4200 0.4286 0.4112 0.3532 0.2805 0.2209 0.1824 0.2250 0.3433 0.4016 0.4253 0.4262 0.3968 0.3290 0.2591 0.2052 0.1838 0.2651 0.3678 0.4119 0.4282 0.4210 0.3774 0.3050 0.2396 0.1916 0.1957 0.3067 0.3865 0.4196 0.4287 0.4119 0.3547 0.2819 0.2219 0.1828 0.2768
0.2439 0.2198 0.2791 0.3522 0.4113 0.4286 0.4197 0.3869 0.3081 0.1956 0.1898 0.2371 0.3022 0.3754 0.4208 0.4282 0.4121 0.3683 0.2665 0.1830 0.2032 0.2565 0.3262 0.3954 0.4261 0.4253 0.4018 0.3441 0.2260 0.1811 0.2186 0.2778 0.3507 0.4106 0.4286 0.4201 0.3879 0.3107 0.1969 0.1889 0.2360 0.3007 0.3740 0.4203 0.4283 0.4127 0.3696 0.2693 0.1842 0.2054 0.2287 0.2005 0.1847 0.2668 0.3635 0.4093 0.4275 0.4225 0.3779 0.3037 0.2379 0.1900 0.1958 0.3057 0.3826 0.4176 0.4288 0.4136 0.3544 0.2804 0.2202 0.1816 0.2238 0.3376 0.3974 0.4236 0.4274 0.3991 0.3297 0.2587 0.2046 0.1828 0.2639 0.3621 0.4087 0.4273 0.4229 0.3793 0.3053 0.2391 0.1909 0.1946 0.3034 0.3815 0.4171 0.4287 0.4144 0.3560 0.2819 0.2216 0.2444
0.2665 0.2790 0.3518 0.4112 0.4286 0.4198 0.3871 0.3087 0.1959 0.1896 0.2369 0.3018 0.3751 0.4207 0.4282 0.4122 0.3686 0.2672 0.1831 0.2030 0.2562 0.3259 0.3952 0.4261 0.4254 0.4020 0.3445 0.2265 0.1811 0.2184 0.2774 0.3503 0.4104 0.4285 0.4202 0.3881 0.3112 0.1972 0.1888 0.2357 0.3003 0.3737 0.4202 0.4283 0.4128 0.3699 0.2699 0.1834 0.2057 0.2595 0.2645 0.2185 0.1804 0.1916 0.3043 0.3805 0.4163 0.4279 0.4084 0.3420 0.2683 0.2110 0.1747 0.2242 0.3353 0.3957 0.4223 0.4262 0.3907 0.3168 0.2475 0.1963 0.1752 0.2641 0.3599 0.4073 0.4263 0.4205 0.3683 0.2924 0.2287 0.1836 0.1903 0.3021 0.3794 0.4158 0.4279 0.4094 0.3436 0.2697 0.2120 0.1751 0.2218 0.3336 0.3948 0.4220 0.4264 0.3921 0.3186 0.2492 0.2529
0.3074 0.3516 0.4108 0.4286 0.4199 0.3873 0.3093 0.1962 0.1893 0.2365 0.3014 0.3747 0.4205 0.4282 0.4124 0.3689 0.2678 0.1831 0.2027 0.2558 0.3254 0.3949 0.4260 0.4254 0.4022 0.3449 0.2270 0.1810 0.2181 0.2770 0.3498 0.4102 0.4285 0.4203 0.3884 0.3118 0.1975 0.1885 0.2353 0.2999 0.3733 0.4201 0.4283 0.4129 0.3702 0.2705 0.1836 0.2023 0.2595 0.3121 0.2956 0.2223 0.1816 0.2650 0.3635 0.4093 0.4275 0.4225 0.3779 0.3037 0.2379 0.1900 0.1958 0.3057 0.3826 0.4176 0.4288 0.4136 0.3544 0.2804 0.2202 0.1816 0.2238 0.3376 0.3974 0.4236 0.4274 0.3991 0.3297 0.2587 0.2046 0.1828 0.2639 0.3621 0.4087 0.4273 0.4229 0.3793 0.3053 0.2391 0.1909 0.1946 0.3034 0.3815 0.4171 0.4287 0.4144 0.3560 0.2819 0.2216 0.2444
0.3602 0.4118 0.4284 0.4201 0.3878 0.3099 0.1965 0.1892 0.2362 0.3010 0.3743 0.4204 0.4283 0.4126 0.3694 0.2684 0.1833 0.2026 0.2555 0.3250 0.3945 0.4259 0.4256 0.4025 0.3454 0.2275 0.1809 0.2179 0.2767 0.3495 0.4099 0.4285 0.4205 0.3888 0.3123 0.1977 0.1884 0.2351 0.2995 0.3729 0.4199 0.4284 0.4132 0.3708 0.2712 0.1838 0.2016 0.2547 0.3261 0.3892 0.4112 0.3929 0.2828 0.3653 0.4127 0.4283 0.4205 0.3761 0.3035 0.2384 0.1907 0.1970 0.3093 0.3875 0.4200 0.4286 0.4112 0.3532 0.2805 0.2209 0.1824 0.2250 0.3433 0.4016 0.4253 0.4262 0.3968 0.3290 0.2591 0.2052 0.1838 0.2651 0.3678 0.4119 0.4282 0.4210 0.3774 0.3050 0.2396 0.1916 0.1957 0.3067 0.3865 0.4196 0.4287 0.4119 0.3547 0.2819 0.2219 0.1828 0.2768
0.4068 0.4307 0.4200 0.3876 0.3094 0.1973 0.1911 0.2388 0.3040 0.3764 0.4205 0.4283 0.4125 0.3692 0.2681 0.1846 0.2047 0.2583 0.3280 0.3959 0.4260 0.4255 0.4023 0.3450 0.2275 0.1825 0.2203 0.2797 0.3521 0.4106 0.4286 0.4204 0.3885 0.3118 0.1984 0.1902 0.2376 0.3025 0.3750 0.4201 0.4284 0.4131 0.3705 0.2708 0.1850 0.2038 0.2570 0.3268 0.3957 0.4255 0.4333 0.3590 0.3554 0.4127 0.4283 0.4204 0.3745 0.3013 0.2364 0.1893 0.1963 0.3095 0.3876 0.4200 0.4286 0.4108 0.3512 0.2783 0.2190 0.1811 0.2249 0.3434 0.4016 0.4252 0.4262 0.3958 0.3268 0.2570 0.2036 0.1827 0.2653 0.3678 0.4120 0.4282 0.4209 0.3759 0.3028 0.2376 0.1901 0.1950 0.3070 0.3865 0.4196 0.4286 0.4116 0.3528 0.2797 0.2201 0.1813 0.2227 0.3720
0.4277 0.4180 0.3815 0.3045 0.1956 0.1892 0.2368 0.3025 0.3772 0.4227 0.4273 0.4086 0.3623 0.2663 0.1828 0.2028 0.2563 0.3270 0.3977 0.4274 0.4235 0.3973 0.3379 0.2261 0.1807 0.2182 0.2778 0.3520 0.4129 0.4288 0.4175 0.3825 0.3067 0.1968 0.1884 0.2356 0.3009 0.3757 0.4223 0.4275 0.4092 0.3636 0.2689 0.1833 0.2018 0.2550 0.3254 0.3965 0.4272 0.4238 0.3968 0.3598 0.4106 0.4284 0.4205 0.3749 0.3017 0.2367 0.1895 0.1960 0.3089 0.3872 0.4198 0.4286 0.4111 0.3517 0.2787 0.2193 0.1812 0.2243 0.3428 0.4013 0.4251 0.4263 0.3962 0.3273 0.2573 0.2038 0.1826 0.2646 0.3674 0.4117 0.4281 0.4211 0.3763 0.3032 0.2379 0.1903 0.1947 0.3064 0.3861 0.4194 0.4287 0.4119 0.3532 0.2801 0.2204 0.1814 0.2220 0.3411 0.4171
0.4288 0.4009 0.3467 0.2418 0.1740 0.2044 0.2590 0.3310 0.4015 0.4277 0.4193 0.3878 0.3192 0.2049 0.1786 0.2202 0.2810 0.3562 0.4158 0.4275 0.4120 0.3704 0.2839 0.1815 0.1898 0.2379 0.3046 0.3801 0.4240 0.4247 0.4020 0.3485 0.2444 0.1740 0.2035 0.2577 0.3294 0.4004 0.4276 0.4197 0.3888 0.3212 0.2071 0.1781 0.2190 0.2793 0.3542 0.4148 0.4277 0.4111 0.3783 0.4068 0.4284 0.4203 0.3749 0.3019 0.2370 0.1897 0.1957 0.3083 0.3869 0.4198 0.4286 0.4113 0.3521 0.2791 0.2196 0.1813 0.2238 0.3424 0.4011 0.4251 0.4264 0.3965 0.3277 0.2577 0.2041 0.1826 0.2640 0.3670 0.4116 0.4281 0.4212 0.3767 0.3036 0.2382 0.1905 0.1945 0.3058 0.3859 0.4193 0.4287 0.4120 0.3536 0.2805 0.2206 0.1815 0.2215 0.3406 0.4005 0.4304
