0.4159 0.3122 0.2464 0.2557 0.2907 0.3404 0.3915 0.4212 0.4305 0.4192 0.3776 0.2848 0.2438 0.2638 0.3035 0.3556 0.4025 0.4255 0.4297 0.4114 0.3563 0.2634 0.2458 0.2733 0.3172 0.3705 0.4112 0.4286 0.4271 0.4010 0.3287 0.2506 0.2516 0.2840 0.3318 0.3843 0.4180 0.4303 0.4226 0.3873 0.3001 0.2447 0.2590 0.2961 0.3469 0.3965 0.4232 0.4304 0.4160 0.3637 0.2999 0.3637 0.4160 0.4304 0.4232 0.3965 0.3469 0.2961 0.2590 0.2447 0.3001 0.3873 0.4226 0.4303 0.4180 0.3843 0.3318 0.2840 0.2516 0.2506 0.3287 0.4010 0.4271 0.4286 0.4112 0.3705 0.3172 0.2733 0.2458 0.2634 0.3563 0.4114 0.4297 0.4255 0.4025 0.3556 0.3035 0.2638 0.2438 0.2848 0.3776 0.4192 0.4305 0.4212 0.3915 0.3404 0.2907 0.2557 0.2464 0.3122 0.4159
0.3122 0.1835 0.2027 0.2553 0.3246 0.3946 0.4276 0.4275 0.4036 0.3482 0.2323 0.1809 0.2156 0.2733 0.3456 0.4085 0.4303 0.4231 0.3923 0.3220 0.2042 0.1854 0.2300 0.2925 0.3660 0.4185 0.4307 0.4170 0.3781 0.2881 0.1881 0.1959 0.2457 0.3127 0.3849 0.4251 0.4292 0.4091 0.3604 0.2521 0.1814 0.2080 0.2629 0.3335 0.4010 0.4290 0.4258 0.3992 0.3373 0.2166 0.1733 0.2166 0.3373 0.3992 0.4258 0.4290 0.4010 0.3335 0.2629 0.2080 0.1814 0.2521 0.3604 0.4091 0.4292 0.4251 0.3849 0.3127 0.2457 0.1959 0.1881 0.2881 0.3781 0.4170 0.4307 0.4185 0.3660 0.2925 0.2300 0.1854 0.2042 0.3220 0.3923 0.4231 0.4303 0.4085 0.3456 0.2733 0.2156 0.1809 0.2323 0.3482 0.4036 0.4275 0.4276 0.3946 0.3246 0.2553 0.2027 0.1835 0.3122
0.2464 0.2027 0.2553 0.3247 0.3940 0.4256 0.4256 0.4032 0.3477 0.2315 0.1808 0.2157 0.2735 0.3456 0.4076 0.4281 0.4216 0.3920 0.3213 0.2037 0.1854 0.2301 0.2927 0.3659 0.4171 0.4285 0.4159 0.3778 0.2874 0.1878 0.1960 0.2459 0.3129 0.3846 0.4232 0.4272 0.4084 0.3600 0.2513 0.1813 0.2081 0.2631 0.3337 0.4003 0.4269 0.4241 0.3987 0.3375 0.2179 0.1824 0.1992 0.1824 0.2179 0.3375 0.3987 0.4241 0.4269 0.4003 0.3337 0.2631 0.2081 0.1813 0.2513 0.3600 0.4084 0.4272 0.4232 0.3846 0.3129 0.2459 0.1960 0.1878 0.2874 0.3778 0.4159 0.4285 0.4171 0.3659 0.2927 0.2301 0.1854 0.2037 0.3213 0.3920 0.4216 0.4281 0.4076 0.3456 0.2735 0.2157 0.1808 0.2315 0.3477 0.4032 0.4256 0.4256 0.3940 0.3247 0.2553 0.2027 0.2464
0.2557 0.2553 0.3247 0.3943 0.4259 0.4257 0.4030 0.3473 0.2310 0.1808 0.2160 0.2739 0.3460 0.4079 0.4283 0.4216 0.3918 0.3208 0.2033 0.1855 0.2304 0.2931 0.3663 0.4174 0.4287 0.4158 0.3775 0.2868 0.1876 0.1962 0.2462 0.3133 0.3850 0.4235 0.4273 0.4083 0.3596 0.2507 0.1812 0.2084 0.2634 0.3341 0.4007 0.4272 0.4241 0.3986 0.3369 0.2178 0.1832 0.2236 0.2515 0.2236 0.1832 0.2178 0.3369 0.3986 0.4241 0.4272 0.4007 0.3341 0.2634 0.2084 0.1812 0.2507 0.3596 0.4083 0.4273 0.4235 0.3850 0.3133 0.2462 0.1962 0.1876 0.2868 0.3775 0.4158 0.4287 0.4174 0.3663 0.2931 0.2304 0.1855 0.2033 0.3208 0.3918 0.4216 0.4283 0.4079 0.3460 0.2739 0.2160 0.1808 0.2310 0.3473 0.4030 0.4257 0.4259 0.3943 0.3247 0.2553 0.2557
0.2907 0.3246 0.3940 0.4259 0.4256 0.4029 0.3469 0.2304 0.1808 0.2162 0.2742 0.3464 0.4081 0.4283 0.4215 0.3915 0.3203 0.2030 0.1857 0.2306 0.2934 0.3667 0.4175 0.4287 0.4157 0.3772 0.2861 0.1875 0.1964 0.2465 0.3136 0.3853 0.4236 0.4272 0.4081 0.3593 0.2501 0.1812 0.2086 0.2637 0.3344 0.4009 0.4272 0.4240 0.3984 0.3365 0.2173 0.1819 0.2242 0.2849 0.3217 0.2849 0.2242 0.1819 0.2173 0.3365 0.3984 0.4240 0.4272 0.4009 0.3344 0.2637 0.2086 0.1812 0.2501 0.3593 0.4081 0.4272 0.4236 0.3853 0.3136 0.2465 0.1964 0.1875 0.2861 0.3772 0.4157 0.4287 0.4175 0.3667 0.2934 0.2306 0.1857 0.2030 0.3203 0.3915 0.4215 0.4283 0.4081 0.3464 0.2742 0.2162 0.1808 0.2304 0.3469 0.4029 0.4256 0.4259 0.3940 0.3246 0.2907
0.3404 0.3946 0.4256 0.4257 0.4029 0.3467 0.2299 0.1808 0.2165 0.2745 0.3467 0.4083 0.4283 0.4214 0.3913 0.3197 0.2026 0.1858 0.2309 0.2938 0.3670 0.4177 0.4287 0.4156 0.3769 0.2855 0.1873 0.1966 0.2468 0.3140 0.3856 0.4237 0.4272 0.4080 0.3589 0.2494 0.1811 0.2088 0.2640 0.3348 0.4011 0.4272 0.4240 0.3982 0.3360 0.2168 0.1820 0.2223 0.2849 0.3592 0.3947 0.3592 0.2849 0.2223 0.1820 0.2168 0.3360 0.3982 0.4240 0.4272 0.4011 0.3348 0.2640 0.2088 0.1811 0.2494 0.3589 0.4080 0.4272 0.4237 0.3856 0.3140 0.2468 0.1966 0.1873 0.2855 0.3769 0.4156 0.4287 0.4177 0.3670 0.2938 0.2309 0.1858 0.2026 0.3197 0.3913 0.4214 0.4283 0.4083 0.3467 0.2745 0.2165 0.1808 0.2299 0.3467 0.4029 0.4257 0.4256 0.3946 0.3404
0.3915 0.4276 0.4256 0.4030 0.3469 0.2299 0.1808 0.2167 0.2748 0.3471 0.4085 0.4283 0.4213 0.3911 0.3192 0.2022 0.1860 0.2312 0.2941 0.3673 0.4178 0.4287 0.4155 0.3767 0.2849 0.1871 0.1968 0.2470 0.3144 0.3859 0.4237 0.4271 0.4079 0.3586 0.2488 0.1811 0.2091 0.2643 0.3352 0.4014 0.4273 0.4239 0.3980 0.3356 0.2163 0.1821 0.2226 0.2827 0.3578 0.4158 0.4268 0.4158 0.3578 0.2827 0.2226 0.1821 0.2163 0.3356 0.3980 0.4239 0.4273 0.4014 0.3352 0.2643 0.2091 0.1811 0.2488 0.3586 0.4079 0.4271 0.4237 0.3859 0.3144 0.2470 0.1968 0.1871 0.2849 0.3767 0.4155 0.4287 0.4178 0.3673 0.2941 0.2312 0.1860 0.2022 0.3192 0.3911 0.4213 0.4283 0.4085 0.3471 0.2748 0.2167 0.1808 0.2299 0.3469 0.4030 0.4256 0.4276 0.3915
0.4212 0.4275 0.4032 0.3473 0.2304 0.1808 0.2167 0.2749 0.3474 0.4087 0.4284 0.4212 0.3909 0.3186 0.2019 0.1861 0.2314 0.2944 0.3677 0.4179 0.4286 0.4154 0.3764 0.2843 0.1869 0.1970 0.2473 0.3147 0.3862 0.4238 0.4271 0.4077 0.3582 0.2482 0.1811 0.2093 0.2646 0.3355 0.4016 0.4273 0.4238 0.3978 0.3351 0.2158 0.1822 0.2229 0.2831 0.3560 0.4134 0.4287 0.4213 0.4287 0.4134 0.3560 0.2831 0.2229 0.1822 0.2158 0.3351 0.3978 0.4238 0.4273 0.4016 0.3355 0.2646 0.2093 0.1811 0.2482 0.3582 0.4077 0.4271 0.4238 0.3862 0.3147 0.2473 0.1970 0.1869 0.2843 0.3764 0.4154 0.4286 0.4179 0.3677 0.2944 0.2314 0.1861 0.2019 0.3186 0.3909 0.4212 0.4284 0.4087 0.3474 0.2749 0.2167 0.1808 0.2304 0.3473 0.4032 0.4275 0.4212
0.4305 0.4036 0.3477 0.2310 0.1808 0.2165 0.2748 0.3474 0.4088 0.4284 0.4211 0.3907 0.3181 0.2015 0.1863 0.2317 0.2948 0.3680 0.4181 0.4286 0.4152 0.3761 0.2837 0.1868 0.1972 0.2476 0.3151 0.3865 0.4239 0.4270 0.4075 0.3579 0.2476 0.1810 0.2095 0.2649 0.3359 0.4018 0.4273 0.4238 0.3976 0.3346 0.2153 0.1823 0.2231 0.2835 0.3564 0.4131 0.4288 0.4161 0.3930 0.4161 0.4288 0.4131 0.3564 0.2835 0.2231 0.1823 0.2153 0.3346 0.3976 0.4238 0.4273 0.4018 0.3359 0.2649 0.2095 0.1810 0.2476 0.3579 0.4075 0.4270 0.4239 0.3865 0.3151 0.2476 0.1972 0.1868 0.2837 0.3761 0.4152 0.4286 0.4181 0.3680 0.2948 0.2317 0.1863 0.2015 0.3181 0.3907 0.4211 0.4284 0.4088 0.3474 0.2748 0.2165 0.1808 0.2310 0.3477 0.4036 0.4305
0.4192 0.3482 0.2315 0.1808 0.2162 0.2745 0.3471 0.4087 0.4284 0.4211 0.3905 0.3175 0.2011 0.1865 0.2319 0.2951 0.3684 0.4182 0.4286 0.4151 0.3758 0.2830 0.1866 0.1974 0.2479 0.3154 0.3868 0.4240 0.4270 0.4074 0.3575 0.2470 0.1810 0.2097 0.2653 0.3362 0.4021 0.4274 0.4237 0.3974 0.3342 0.2148 0.1823 0.2234 0.2838 0.3568 0.4134 0.4287 0.4187 0.3792 0.3298 0.3792 0.4187 0.4287 0.4134 0.3568 0.2838 0.2234 0.1823 0.2148 0.3342 0.3974 0.4237 0.4274 0.4021 0.3362 0.2653 0.2097 0.1810 0.2470 0.3575 0.4074 0.4270 0.4240 0.3868 0.3154 0.2479 0.1974 0.1866 0.2830 0.3758 0.4151 0.4286 0.4182 0.3684 0.2951 0.2319 0.1865 0.2011 0.3175 0.3905 0.4211 0.4284 0.4087 0.3471 0.2745 0.2162 0.1808 0.2315 0.3482 0.4192
0.3776 0.2323 0.1808 0.2160 0.2742 0.3467 0.4085 0.4284 0.4211 0.3905 0.3173 0.2009 0.1866 0.2322 0.2955 0.3687 0.4183 0.4286 0.4150 0.3755 0.2824 0.1864 0.1976 0.2482 0.3158 0.3871 0.4241 0.4270 0.4072 0.3571 0.2464 0.1809 0.2100 0.2656 0.3366 0.4023 0.4274 0.4236 0.3972 0.3337 0.2144 0.1824 0.2236 0.2841 0.3572 0.4135 0.4287 0.4187 0.3843 0.2985 0.2169 0.2985 0.3843 0.4187 0.4287 0.4135 0.3572 0.2841 0.2236 0.1824 0.2144 0.3337 0.3972 0.4236 0.4274 0.4023 0.3366 0.2656 0.2100 0.1809 0.2464 0.3571 0.4072 0.4270 0.4241 0.3871 0.3158 0.2482 0.1976 0.1864 0.2824 0.3755 0.4150 0.4286 0.4183 0.3687 0.2955 0.2322 0.1866 0.2009 0.3173 0.3905 0.4211 0.4284 0.4085 0.3467 0.2742 0.2160 0.1808 0.2323 0.3776
0.2848 0.1809 0.2157 0.2739 0.3464 0.4083 0.4283 0.4212 0.3907 0.3175 0.2009 0.1867 0.2324 0.2958 0.3690 0.4184 0.4286 0.4149 0.3753 0.2818 0.1863 0.1978 0.2485 0.3161 0.3873 0.4241 0.4269 0.4071 0.3568 0.2458 0.1809 0.2102 0.2659 0.3370 0.4025 0.4275 0.4235 0.3970 0.3333 0.2139 0.1825 0.2239 0.2845 0.3575 0.4137 0.4287 0.4185 0.3843 0.3014 0.1923 0.1759 0.1923 0.3014 0.3843 0.4185 0.4287 0.4137 0.3575 0.2845 0.2239 0.1825 0.2139 0.3333 0.3970 0.4235 0.4275 0.4025 0.3370 0.2659 0.2102 0.1809 0.2458 0.3568 0.4071 0.4269 0.4241 0.3873 0.3161 0.2485 0.1978 0.1863 0.2818 0.3753 0.4149 0.4286 0.4184 0.3690 0.2958 0.2324 0.1867 0.2009 0.3175 0.3907 0.4212 0.4283 0.4083 0.3464 0.2739 0.2157 0.1809 0.2848
0.2438 0.2156 0.2735 0.3460 0.4081 0.4283 0.4213 0.3909 0.3181 0.2011 0.1866 0.2324 0.2959 0.3693 0.4186 0.4286 0.4148 0.3750 0.2812 0.1861 0.1980 0.2488 0.3165 0.3876 0.4242 0.4269 0.4069 0.3564 0.2452 0.1809 0.2104 0.2662 0.3373 0.4028 0.4275 0.4235 0.3968 0.3328 0.2134 0.1826 0.2241 0.2848 0.3579 0.4139 0.4287 0.4184 0.3839 0.3016 0.1934 0.1926 0.2141 0.1926 0.1934 0.3016 0.3839 0.4184 0.4287 0.4139 0.3579 0.2848 0.2241 0.1826 0.2134 0.3328 0.3968 0.4235 0.4275 0.4028 0.3373 0.2662 0.2104 0.1809 0.2452 0.3564 0.4069 0.4269 0.4242 0.3876 0.3165 0.2488 0.1980 0.1861 0.2812 0.3750 0.4148 0.4286 0.4186 0.3693 0.2959 0.2324 0.1866 0.2011 0.3181 0.3909 0.4213 0.4283 0.4081 0.3460 0.2735 0.2156 0.2438
0.2638 0.2733 0.3456 0.4079 0.4283 0.4214 0.3911 0.3186 0.2015 0.1865 0.2322 0.2958 0.3693 0.4186 0.4286 0.4146 0.3747 0.2805 0.1860 0.1982 0.2491 0.3169 0.3879 0.4243 0.4268 0.4068 0.3561 0.2445 0.1809 0.2106 0.2665 0.3377 0.4030 0.4275 0.4234 0.3966 0.3323 0.2130 0.1827 0.2244 0.2852 0.3582 0.4140 0.4288 0.4183 0.3837 0.3010 0.1926 0.1933 0.2416 0.2726 0.2416 0.1933 0.1926 0.3010 0.3837 0.4183 0.4288 0.4140 0.3582 0.2852 0.2244 0.1827 0.2130 0.3323 0.3966 0.4234 0.4275 0.4030 0.3377 0.2665 0.2106 0.1809 0.2445 0.3561 0.4068 0.4268 0.4243 0.3879 0.3169 0.2491 0.1982 0.1860 0.2805 0.3747 0.4146 0.4286 0.4186 0.3693 0.2958 0.2322 0.1865 0.2015 0.3186 0.3911 0.4214 0.4283 0.4079 0.3456 0.2733 0.2638
0.3035 0.3456 0.4076 0.4283 0.4215 0.3913 0.3192 0.2019 0.1863 0.2319 0.2955 0.3690 0.4186 0.4286 0.4146 0.3744 0.2799 0.1858 0.1984 0.2494 0.3172 0.3882 0.4244 0.4268 0.4066 0.3557 0.2439 0.1808 0.2109 0.2668 0.3381 0.4032 0.4276 0.4233 0.3964 0.3318 0.2125 0.1828 0.2246 0.2855 0.3586 0.4142 0.4288 0.4182 0.3834 0.3004 0.1924 0.1918 0.2421 0.3085 0.3469 0.3085 0.2421 0.1918 0.1924 0.3004 0.3834 0.4182 0.4288 0.4142 0.3586 0.2855 0.2246 0.1828 0.2125 0.3318 0.3964 0.4233 0.4276 0.4032 0.3381 0.2668 0.2109 0.1808 0.2439 0.3557 0.4066 0.4268 0.4244 0.3882 0.3172 0.2494 0.1984 0.1858 0.2799 0.3744 0.4146 0.4286 0.4186 0.3690 0.2955 0.2319 0.1863 0.2019 0.3192 0.3913 0.4215 0.4283 0.4076 0.3456 0.3035
0.3556 0.4085 0.4281 0.4216 0.3915 0.3197 0.2022 0.1861 0.2317 0.2951 0.3687 0.4184 0.4286 0.4146 0.3744 0.2796 0.1857 0.1986 0.2496 0.3176 0.3885 0.4244 0.4267 0.4065 0.3553 0.2433 0.1808 0.2111 0.2671 0.3384 0.4034 0.4276 0.4232 0.3962 0.3314 0.2120 0.1829 0.2249 0.2858 0.3589 0.4143 0.4288 0.4181 0.3832 0.2998 0.1922 0.1920 0.2401 0.3082 0.3822 0.4112 0.3822 0.3082 0.2401 0.1920 0.1922 0.2998 0.3832 0.4181 0.4288 0.4143 0.3589 0.2858 0.2249 0.1829 0.2120 0.3314 0.3962 0.4232 0.4276 0.4034 0.3384 0.2671 0.2111 0.1808 0.2433 0.3553 0.4065 0.4267 0.4244 0.3885 0.3176 0.2496 0.1986 0.1857 0.2796 0.3744 0.4146 0.4286 0.4184 0.3687 0.2951 0.2317 0.1861 0.2022 0.3197 0.3915 0.4216 0.4281 0.4085 0.3556
0.4025 0.4303 0.4216 0.3918 0.3203 0.2026 0.1860 0.2314 0.2948 0.3684 0.4183 0.4286 0.4148 0.3747 0.2799 0.1857 0.1987 0.2499 0.3179 0.3888 0.4245 0.4267 0.4063 0.3550 0.2427 0.1808 0.2113 0.2675 0.3388 0.4037 0.4277 0.4232 0.3960 0.3309 0.2116 0.1830 0.2251 0.2862 0.3593 0.4145 0.4288 0.4180 0.3829 0.2992 0.1919 0.1922 0.2404 0.3059 0.3803 0.4237 0.4278 0.4237 0.3803 0.3059 0.2404 0.1922 0.1919 0.2992 0.3829 0.4180 0.4288 0.4145 0.3593 0.2862 0.2251 0.1830 0.2116 0.3309 0.3960 0.4232 0.4277 0.4037 0.3388 0.2675 0.2113 0.1808 0.2427 0.3550 0.4063 0.4267 0.4245 0.3888 0.3179 0.2499 0.1987 0.1857 0.2799 0.3747 0.4148 0.4286 0.4183 0.3684 0.2948 0.2314 0.1860 0.2026 0.3203 0.3918 0.4216 0.4303 0.4025
0.4255 0.4231 0.3920 0.3208 0.2030 0.1858 0.2312 0.2944 0.3680 0.4182 0.4286 0.4149 0.3750 0.2805 0.1858 0.1986 0.2499 0.3180 0.3890 0.4246 0.4266 0.4062 0.3546 0.2421 0.1808 0.2116 0.2678 0.3391 0.4039 0.4277 0.4231 0.3958 0.3304 0.2111 0.1831 0.2254 0.2865 0.3596 0.4146 0.4288 0.4179 0.3827 0.2986 0.1917 0.1924 0.2407 0.3064 0.3788 0.4219 0.4270 0.4148 0.4270 0.4219 0.3788 0.3064 0.2407 0.1924 0.1917 0.2986 0.3827 0.4179 0.4288 0.4146 0.3596 0.2865 0.2254 0.1831 0.2111 0.3304 0.3958 0.4231 0.4277 0.4039 0.3391 0.2678 0.2116 0.1808 0.2421 0.3546 0.4062 0.4266 0.4246 0.3890 0.3180 0.2499 0.1986 0.1858 0.2805 0.3750 0.4149 0.4286 0.4182 0.3680 0.2944 0.2312 0.1858 0.2030 0.3208 0.3920 0.4231 0.4255
0.4297 0.3923 0.3213 0.2033 0.1857 0.2309 0.2941 0.3677 0.4181 0.4286 0.4150 0.3753 0.2812 0.1860 0.1984 0.2496 0.3179 0.3890 0.4246 0.4266 0.4060 0.3542 0.2415 0.1808 0.2118 0.2681 0.3395 0.4041 0.4277 0.4230 0.3956 0.3299 0.2107 0.1832 0.2256 0.2868 0.3600 0.4148 0.4288 0.4178 0.3824 0.2980 0.1914 0.1926 0.2410 0.3068 0.3793 0.4218 0.4279 0.4073 0.3770 0.4073 0.4279 0.4218 0.3793 0.3068 0.2410 0.1926 0.1914 0.2980 0.3824 0.4178 0.4288 0.4148 0.3600 0.2868 0.2256 0.1832 0.2107 0.3299 0.3956 0.4230 0.4277 0.4041 0.3395 0.2681 0.2118 0.1808 0.2415 0.3542 0.4060 0.4266 0.4246 0.3890 0.3179 0.2496 0.1984 0.1860 0.2812 0.3753 0.4150 0.4286 0.4181 0.3677 0.2941 0.2309 0.1857 0.2033 0.3213 0.3923 0.4297
0.4114 0.3220 0.2037 0.1855 0.2306 0.2938 0.3673 0.4179 0.4286 0.4151 0.3755 0.2818 0.1861 0.1982 0.2494 0.3176 0.3888 0.4246 0.4266 0.4059 0.3539 0.2409 0.1807 0.2120 0.2684 0.3399 0.4043 0.4278 0.4229 0.3954 0.3295 0.2102 0.1833 0.2259 0.2872 0.3603 0.4149 0.4288 0.4177 0.3821 0.2974 0.1912 0.1928 0.2413 0.3071 0.3796 0.4220 0.4279 0.4107 0.3592 0.2972 0.3592 0.4107 0.4279 0.4220 0.3796 0.3071 0.2413 0.1928 0.1912 0.2974 0.3821 0.4177 0.4288 0.4149 0.3603 0.2872 0.2259 0.1833 0.2102 0.3295 0.3954 0.4229 0.4278 0.4043 0.3399 0.2684 0.2120 0.1807 0.2409 0.3539 0.4059 0.4266 0.4246 0.3888 0.3176 0.2494 0.1982 0.1861 0.2818 0.3755 0.4151 0.4286 0.4179 0.3673 0.2938 0.2306 0.1855 0.2037 0.3220 0.4114
0.3563 0.2042 0.1854 0.2304 0.2934 0.3670 0.4178 0.4286 0.4152 0.3758 0.2824 0.1863 0.1980 0.2491 0.3172 0.3885 0.4245 0.4266 0.4060 0.3539 0.2406 0.1807 0.2122 0.2687 0.3402 0.4045 0.4278 0.4229 0.3952 0.3290 0.2098 0.1834 0.2261 0.2875 0.3607 0.4151 0.4288 0.4176 0.3819 0.2968 0.1910 0.1930 0.2416 0.3075 0.3799 0.4221 0.4278 0.4107 0.3649 0.2583 0.1873 0.2583 0.3649 0.4107 0.4278 0.4221 0.3799 0.3075 0.2416 0.1930 0.1910 0.2968 0.3819 0.4176 0.4288 0.4151 0.3607 0.2875 0.2261 0.1834 0.2098 0.3290 0.3952 0.4229 0.4278 0.4045 0.3402 0.2687 0.2122 0.1807 0.2406 0.3539 0.4060 0.4266 0.4245 0.3885 0.3172 0.2491 0.1980 0.1863 0.2824 0.3758 0.4152 0.4286 0.4178 0.3670 0.2934 0.2304 0.1854 0.2042 0.3563
0.2634 0.1854 0.2301 0.2931 0.3667 0.4177 0.4287 0.4154 0.3761 0.2830 0.1864 0.1978 0.2488 0.3169 0.3882 0.4244 0.4267 0.4062 0.3542 0.2409 0.1807 0.2123 0.2690 0.3406 0.4048 0.4278 0.4228 0.3950 0.3285 0.2094 0.1835 0.2264 0.2878 0.3610 0.4152 0.4288 0.4175 0.3816 0.2962 0.1908 0.1932 0.2418 0.3078 0.3802 0.4222 0.4278 0.4105 0.3649 0.2595 0.1821 0.1852 0.1821 0.2595 0.3649 0.4105 0.4278 0.4222 0.3802 0.3078 0.2418 0.1932 0.1908 0.2962 0.3816 0.4175 0.4288 0.4152 0.3610 0.2878 0.2264 0.1835 0.2094 0.3285 0.3950 0.4228 0.4278 0.4048 0.3406 0.2690 0.2123 0.1807 0.2409 0.3542 0.4062 0.4267 0.4244 0.3882 0.3169 0.2488 0.1978 0.1864 0.2830 0.3761 0.4154 0.4287 0.4177 0.3667 0.2931 0.2301 0.1854 0.2634
0.2458 0.2300 0.2927 0.3663 0.4175 0.4287 0.4155 0.3764 0.2837 0.1866 0.1976 0.2485 0.3165 0.3879 0.4244 0.4267 0.4063 0.3546 0.2415 0.1807 0.2122 0.2690 0.3407 0.4049 0.4279 0.4227 0.3948 0.3280 0.2089 0.1836 0.2267 0.2882 0.3614 0.4154 0.4288 0.4174 0.3814 0.2955 0.1905 0.1934 0.2421 0.3082 0.3806 0.4222 0.4278 0.4103 0.3644 0.2596 0.1831 0.2066 0.2311 0.2066 0.1831 0.2596 0.3644 0.4103 0.4278 0.4222 0.3806 0.3082 0.2421 0.1934 0.1905 0.2955 0.3814 0.4174 0.4288 0.4154 0.3614 0.2882 0.2267 0.1836 0.2089 0.3280 0.3948 0.4227 0.4279 0.4049 0.3407 0.2690 0.2122 0.1807 0.2415 0.3546 0.4063 0.4267 0.4244 0.3879 0.3165 0.2485 0.1976 0.1866 0.2837 0.3764 0.4155 0.4287 0.4175 0.3663 0.2927 0.2300 0.2458
0.2733 0.2925 0.3659 0.4174 0.4287 0.4156 0.3767 0.2843 0.1868 0.1974 0.2482 0.3161 0.3876 0.4243 0.4268 0.4065 0.3550 0.2421 0.1808 0.2120 0.2687 0.3406 0.4049 0.4279 0.4226 0.3946 0.3275 0.2085 0.1838 0.2269 0.2885 0.3617 0.4155 0.4288 0.4173 0.3811 0.2949 0.1903 0.1936 0.2424 0.3085 0.3809 0.4223 0.4277 0.4102 0.3641 0.2590 0.1820 0.2073 0.2616 0.2957 0.2616 0.2073 0.1820 0.2590 0.3641 0.4102 0.4277 0.4223 0.3809 0.3085 0.2424 0.1936 0.1903 0.2949 0.3811 0.4173 0.4288 0.4155 0.3617 0.2885 0.2269 0.1838 0.2085 0.3275 0.3946 0.4226 0.4279 0.4049 0.3406 0.2687 0.2120 0.1808 0.2421 0.3550 0.4065 0.4268 0.4243 0.3876 0.3161 0.2482 0.1974 0.1868 0.2843 0.3767 0.4156 0.4287 0.4174 0.3659 0.2925 0.2733
0.3172 0.3660 0.4171 0.4287 0.4157 0.3769 0.2849 0.1869 0.1972 0.2479 0.3158 0.3873 0.4242 0.4268 0.4066 0.3553 0.2427 0.1808 0.2118 0.2684 0.3402 0.4048 0.4279 0.4226 0.3945 0.3271 0.2081 0.1839 0.2272 0.2889 0.3621 0.4157 0.4288 0.4172 0.3808 0.2943 0.1901 0.1938 0.2427 0.3089 0.3812 0.4224 0.4277 0.4101 0.3638 0.2584 0.1819 0.2056 0.2619 0.3331 0.3716 0.3331 0.2619 0.2056 0.1819 0.2584 0.3638 0.4101 0.4277 0.4224 0.3812 0.3089 0.2427 0.1938 0.1901 0.2943 0.3808 0.4172 0.4288 0.4157 0.3621 0.2889 0.2272 0.1839 0.2081 0.3271 0.3945 0.4226 0.4279 0.4048 0.3402 0.2684 0.2118 0.1808 0.2427 0.3553 0.4066 0.4268 0.4242 0.3873 0.3158 0.2479 0.1972 0.1869 0.2849 0.3769 0.4157 0.4287 0.4171 0.3660 0.3172
0.3705 0.4185 0.4285 0.4158 0.3772 0.2855 0.1871 0.1970 0.2476 0.3154 0.3871 0.4241 0.4269 0.4068 0.3557 0.2433 0.1808 0.2116 0.2681 0.3399 0.4045 0.4278 0.4227 0.3946 0.3271 0.2079 0.1840 0.2274 0.2892 0.3624 0.4158 0.4288 0.4171 0.3806 0.2937 0.1899 0.1940 0.2430 0.3092 0.3815 0.4225 0.4277 0.4099 0.3635 0.2577 0.1819 0.2058 0.2598 0.3323 0.4015 0.4215 0.4015 0.3323 0.2598 0.2058 0.1819 0.2577 0.3635 0.4099 0.4277 0.4225 0.3815 0.3092 0.2430 0.1940 0.1899 0.2937 0.3806 0.4171 0.4288 0.4158 0.3624 0.2892 0.2274 0.1840 0.2079 0.3271 0.3946 0.4227 0.4278 0.4045 0.3399 0.2681 0.2116 0.1808 0.2433 0.3557 0.4068 0.4269 0.4241 0.3871 0.3154 0.2476 0.1970 0.1871 0.2855 0.3772 0.4158 0.4285 0.4185 0.3705
0.4112 0.4307 0.4159 0.3775 0.2861 0.1873 0.1968 0.2473 0.3151 0.3868 0.4241 0.4269 0.4069 0.3561 0.2439 0.1808 0.2113 0.2678 0.3395 0.4043 0.4278 0.4228 0.3948 0.3275 0.2081 0.1840 0.2275 0.2895 0.3627 0.4160 0.4288 0.4170 0.3803 0.2931 0.1897 0.1941 0.2432 0.3096 0.3818 0.4226 0.4276 0.4098 0.3631 0.2571 0.1818 0.2061 0.2601 0.3302 0.3991 0.4277 0.4259 0.4277 0.3991 0.3302 0.2601 0.2061 0.1818 0.2571 0.3631 0.4098 0.4276 0.4226 0.3818 0.3096 0.2432 0.1941 0.1897 0.2931 0.3803 0.4170 0.4288 0.4160 0.3627 0.2895 0.2275 0.1840 0.2081 0.3275 0.3948 0.4228 0.4278 0.4043 0.3395 0.2678 0.2113 0.1808 0.2439 0.3561 0.4069 0.4269 0.4241 0.3868 0.3151 0.2473 0.1968 0.1873 0.2861 0.3775 0.4159 0.4307 0.4112
0.4286 0.4170 0.3778 0.2868 0.1875 0.1966 0.2470 0.3147 0.3865 0.4240 0.4270 0.4071 0.3564 0.2445 0.1808 0.2111 0.2675 0.3391 0.4041 0.4278 0.4229 0.3950 0.3280 0.2085 0.1839 0.2274 0.2895 0.3629 0.4161 0.4288 0.4169 0.3800 0.2925 0.1895 0.1943 0.2435 0.3100 0.3821 0.4227 0.4276 0.4096 0.3628 0.2565 0.1818 0.2063 0.2605 0.3306 0.3982 0.4267 0.4229 0.4059 0.4229 0.4267 0.3982 0.3306 0.2605 0.2063 0.1818 0.2565 0.3628 0.4096 0.4276 0.4227 0.3821 0.3100 0.2435 0.1943 0.1895 0.2925 0.3800 0.4169 0.4288 0.4161 0.3629 0.2895 0.2274 0.1839 0.2085 0.3280 0.3950 0.4229 0.4278 0.4041 0.3391 0.2675 0.2111 0.1808 0.2445 0.3564 0.4071 0.4270 0.4240 0.3865 0.3147 0.2470 0.1966 0.1875 0.2868 0.3778 0.4170 0.4286
0.4271 0.3781 0.2874 0.1876 0.1964 0.2468 0.3144 0.3862 0.4239 0.4270 0.4072 0.3568 0.2452 0.1809 0.2109 0.2671 0.3388 0.4039 0.4277 0.4229 0.3952 0.3285 0.2089 0.1838 0.2272 0.2892 0.3627 0.4161 0.4288 0.4168 0.3798 0.2919 0.1892 0.1945 0.2438 0.3103 0.3824 0.4228 0.4276 0.4095 0.3625 0.2559 0.1817 0.2065 0.2608 0.3311 0.3986 0.4267 0.4247 0.3956 0.3568 0.3956 0.4247 0.4267 0.3986 0.3311 0.2608 0.2065 0.1817 0.2559 0.3625 0.4095 0.4276 0.4228 0.3824 0.3103 0.2438 0.1945 0.1892 0.2919 0.3798 0.4168 0.4288 0.4161 0.3627 0.2892 0.2272 0.1838 0.2089 0.3285 0.3952 0.4229 0.4277 0.4039 0.3388 0.2671 0.2109 0.1809 0.2452 0.3568 0.4072 0.4270 0.4239 0.3862 0.3144 0.2468 0.1964 0.1876 0.2874 0.3781 0.4271
0.4010 0.2881 0.1878 0.1962 0.2465 0.3140 0.3859 0.4238 0.4270 0.4074 0.3571 0.2458 0.1809 0.2106 0.2668 0.3384 0.4037 0.4277 0.4230 0.3954 0.3290 0.2094 0.1836 0.2269 0.2889 0.3624 0.4160 0.4288 0.4168 0.3796 0.2914 0.1890 0.1947 0.2441 0.3107 0.3827 0.4229 0.4275 0.4094 0.3621 0.2552 0.1816 0.2068 0.2611 0.3314 0.3989 0.4268 0.4247 0.3999 0.3337 0.2586 0.3337 0.3999 0.4247 0.4268 0.3989 0.3314 0.2611 0.2068 0.1816 0.2552 0.3621 0.4094 0.4275 0.4229 0.3827 0.3107 0.2441 0.1947 0.1890 0.2914 0.3796 0.4168 0.4288 0.4160 0.3624 0.2889 0.2269 0.1836 0.2094 0.3290 0.3954 0.4230 0.4277 0.4037 0.3384 0.2668 0.2106 0.1809 0.2458 0.3571 0.4074 0.4270 0.4238 0.3859 0.3140 0.2465 0.1962 0.1878 0.2881 0.4010
0.3287 0.1881 0.1960 0.2462 0.3136 0.3856 0.4237 0.4271 0.4075 0.3575 0.2464 0.1809 0.2104 0.2665 0.3381 0.4034 0.4277 0.4231 0.3956 0.3295 0.2098 0.1835 0.2267 0.2885 0.3621 0.4158 0.4288 0.4169 0.3798 0.2914 0.1889 0.1949 0.2443 0.3110 0.3830 0.4230 0.4275 0.4092 0.3618 0.2546 0.1816 0.2070 0.2614 0.3318 0.3991 0.4268 0.4245 0.3999 0.3392 0.2190 0.1743 0.2190 0.3392 0.3999 0.4245 0.4268 0.3991 0.3318 0.2614 0.2070 0.1816 0.2546 0.3618 0.4092 0.4275 0.4230 0.3830 0.3110 0.2443 0.1949 0.1889 0.2914 0.3798 0.4169 0.4288 0.4158 0.3621 0.2885 0.2267 0.1835 0.2098 0.3295 0.3956 0.4231 0.4277 0.4034 0.3381 0.2665 0.2104 0.1809 0.2464 0.3575 0.4075 0.4271 0.4237 0.3856 0.3136 0.2462 0.1960 0.1881 0.3287
0.2506 0.1959 0.2459 0.3133 0.3853 0.4237 0.4271 0.4077 0.3579 0.2470 0.1809 0.2102 0.2662 0.3377 0.4032 0.4276 0.4232 0.3958 0.3299 0.2102 0.1834 0.2264 0.2882 0.3617 0.4157 0.4288 0.4170 0.3800 0.2919 0.1890 0.1949 0.2445 0.3113 0.3833 0.4231 0.4275 0.4091 0.3614 0.2540 0.1815 0.2072 0.2617 0.3321 0.3994 0.4269 0.4245 0.3996 0.3394 0.2202 0.1821 0.1982 0.1821 0.2202 0.3394 0.3996 0.4245 0.4269 0.3994 0.3321 0.2617 0.2072 0.1815 0.2540 0.3614 0.4091 0.4275 0.4231 0.3833 0.3113 0.2445 0.1949 0.1890 0.2919 0.3800 0.4170 0.4288 0.4157 0.3617 0.2882 0.2264 0.1834 0.2102 0.3299 0.3958 0.4232 0.4276 0.4032 0.3377 0.2662 0.2102 0.1809 0.2470 0.3579 0.4077 0.4271 0.4237 0.3853 0.3133 0.2459 0.1959 0.2506
0.2516 0.2457 0.3129 0.3850 0.4236 0.4272 0.4079 0.3582 0.2476 0.1810 0.2100 0.2659 0.3373 0.4030 0.4276 0.4232 0.3960 0.3304 0.2107 0.1833 0.2261 0.2878 0.3614 0.4155 0.4288 0.4171 0.3803 0.2925 0.1892 0.1947 0.2443 0.3113 0.3835 0.4231 0.4274 0.4089 0.3611 0.2534 0.1815 0.2074 0.2621 0.3325 0.3996 0.4269 0.4244 0.3994 0.3388 0.2200 0.1829 0.2226 0.2502 0.2226 0.1829 0.2200 0.3388 0.3994 0.4244 0.4269 0.3996 0.3325 0.2621 0.2074 0.1815 0.2534 0.3611 0.4089 0.4274 0.4231 0.3835 0.3113 0.2443 0.1947 0.1892 0.2925 0.3803 0.4171 0.4288 0.4155 0.3614 0.2878 0.2261 0.1833 0.2107 0.3304 0.3960 0.4232 0.4276 0.4030 0.3373 0.2659 0.2100 0.1810 0.2476 0.3582 0.4079 0.4272 0.4236 0.3850 0.3129 0.2457 0.2516
0.2840 0.3127 0.3846 0.4235 0.4272 0.4080 0.3586 0.2482 0.1810 0.2097 0.2656 0.3370 0.4028 0.4275 0.4233 0.3962 0.3309 0.2111 0.1832 0.2259 0.2875 0.3610 0.4154 0.4288 0.4172 0.3806 0.2931 0.1895 0.1945 0.2441 0.3110 0.3833 0.4231 0.4274 0.4088 0.3608 0.2527 0.1814 0.2076 0.2624 0.3329 0.3998 0.4270 0.4243 0.3992 0.3384 0.2194 0.1817 0.2232 0.2835 0.3202 0.2835 0.2232 0.1817 0.2194 0.3384 0.3992 0.4243 0.4270 0.3998 0.3329 0.2624 0.2076 0.1814 0.2527 0.3608 0.4088 0.4274 0.4231 0.3833 0.3110 0.2441 0.1945 0.1895 0.2931 0.3806 0.4172 0.4288 0.4154 0.3610 0.2875 0.2259 0.1832 0.2111 0.3309 0.3962 0.4233 0.4275 0.4028 0.3370 0.2656 0.2097 0.1810 0.2482 0.3586 0.4080 0.4272 0.4235 0.3846 0.3127 0.2840
0.3318 0.3849 0.4232 0.4273 0.4081 0.3589 0.2488 0.1811 0.2095 0.2653 0.3366 0.4025 0.4275 0.4234 0.3964 0.3314 0.2116 0.1831 0.2256 0.2872 0.3607 0.4152 0.4288 0.4173 0.3808 0.2937 0.1897 0.1943 0.2438 0.3107 0.3830 0.4231 0.4274 0.4088 0.3606 0.2522 0.1813 0.2079 0.2627 0.3332 0.4001 0.4270 0.4243 0.3990 0.3379 0.2189 0.1817 0.2213 0.2836 0.3578 0.3935 0.3578 0.2836 0.2213 0.1817 0.2189 0.3379 0.3990 0.4243 0.4270 0.4001 0.3332 0.2627 0.2079 0.1813 0.2522 0.3606 0.4088 0.4274 0.4231 0.3830 0.3107 0.2438 0.1943 0.1897 0.2937 0.3808 0.4173 0.4288 0.4152 0.3607 0.2872 0.2256 0.1831 0.2116 0.3314 0.3964 0.4234 0.4275 0.4025 0.3366 0.2653 0.2095 0.1811 0.2488 0.3589 0.4081 0.4273 0.4232 0.3849 0.3318
0.3843 0.4251 0.4272 0.4083 0.3593 0.2494 0.1811 0.2093 0.2649 0.3362 0.4023 0.4275 0.4235 0.3966 0.3318 0.2120 0.1830 0.2254 0.2868 0.3603 0.4151 0.4288 0.4174 0.3811 0.2943 0.1899 0.1941 0.2435 0.3103 0.3827 0.4230 0.4275 0.4089 0.3608 0.2522 0.1813 0.2081 0.2629 0.3336 0.4003 0.4271 0.4242 0.3988 0.3375 0.2184 0.1818 0.2216 0.2814 0.3564 0.4152 0.4267 0.4152 0.3564 0.2814 0.2216 0.1818 0.2184 0.3375 0.3988 0.4242 0.4271 0.4003 0.3336 0.2629 0.2081 0.1813 0.2522 0.3608 0.4089 0.4275 0.4230 0.3827 0.3103 0.2435 0.1941 0.1899 0.2943 0.3811 0.4174 0.4288 0.4151 0.3603 0.2868 0.2254 0.1830 0.2120 0.3318 0.3966 0.4235 0.4275 0.4023 0.3362 0.2649 0.2093 0.1811 0.2494 0.3593 0.4083 0.4272 0.4251 0.3843
0.4180 0.4292 0.4084 0.3596 0.2501 0.1811 0.2091 0.2646 0.3359 0.4021 0.4274 0.4235 0.3968 0.3323 0.2125 0.1829 0.2251 0.2865 0.3600 0.4149 0.4288 0.4175 0.3814 0.2949 0.1901 0.1940 0.2432 0.3100 0.3824 0.4229 0.4275 0.4091 0.3611 0.2527 0.1813 0.2081 0.2631 0.3339 0.4006 0.4271 0.4241 0.3986 0.3370 0.2179 0.1819 0.2219 0.2818 0.3545 0.4128 0.4287 0.4216 0.4287 0.4128 0.3545 0.2818 0.2219 0.1819 0.2179 0.3370 0.3986 0.4241 0.4271 0.4006 0.3339 0.2631 0.2081 0.1813 0.2527 0.3611 0.4091 0.4275 0.4229 0.3824 0.3100 0.2432 0.1940 0.1901 0.2949 0.3814 0.4175 0.4288 0.4149 0.3600 0.2865 0.2251 0.1829 0.2125 0.3323 0.3968 0.4235 0.4274 0.4021 0.3359 0.2646 0.2091 0.1811 0.2501 0.3596 0.4084 0.4292 0.4180
0.4303 0.4091 0.3600 0.2507 0.1812 0.2088 0.2643 0.3355 0.4018 0.4274 0.4236 0.3970 0.3328 0.2130 0.1828 0.2249 0.2862 0.3596 0.4148 0.4288 0.4176 0.3816 0.2955 0.1903 0.1938 0.2430 0.3096 0.3821 0.4228 0.4275 0.4092 0.3614 0.2534 0.1814 0.2079 0.2629 0.3339 0.4007 0.4272 0.4241 0.3984 0.3366 0.2174 0.1820 0.2221 0.2821 0.3550 0.4124 0.4287 0.4166 0.3938 0.4166 0.4287 0.4124 0.3550 0.2821 0.2221 0.1820 0.2174 0.3366 0.3984 0.4241 0.4272 0.4007 0.3339 0.2629 0.2079 0.1814 0.2534 0.3614 0.4092 0.4275 0.4228 0.3821 0.3096 0.2430 0.1938 0.1903 0.2955 0.3816 0.4176 0.4288 0.4148 0.3596 0.2862 0.2249 0.1828 0.2130 0.3328 0.3970 0.4236 0.4274 0.4018 0.3355 0.2643 0.2088 0.1812 0.2507 0.3600 0.4091 0.4303
0.4226 0.3604 0.2513 0.1812 0.2086 0.2640 0.3352 0.4016 0.4273 0.4237 0.3972 0.3333 0.2134 0.1827 0.2246 0.2858 0.3593 0.4146 0.4288 0.4177 0.3819 0.2962 0.1905 0.1936 0.2427 0.3092 0.3818 0.4227 0.4276 0.4094 0.3618 0.2540 0.1815 0.2076 0.2627 0.3336 0.4006 0.4272 0.4240 0.3983 0.3362 0.2169 0.1821 0.2224 0.2825 0.3554 0.4127 0.4287 0.4191 0.3802 0.3315 0.3802 0.4191 0.4287 0.4127 0.3554 0.2825 0.2224 0.1821 0.2169 0.3362 0.3983 0.4240 0.4272 0.4006 0.3336 0.2627 0.2076 0.1815 0.2540 0.3618 0.4094 0.4276 0.4227 0.3818 0.3092 0.2427 0.1936 0.1905 0.2962 0.3819 0.4177 0.4288 0.4146 0.3593 0.2858 0.2246 0.1827 0.2134 0.3333 0.3972 0.4237 0.4273 0.4016 0.3352 0.2640 0.2086 0.1812 0.2513 0.3604 0.4226
0.3873 0.2521 0.1813 0.2084 0.2637 0.3348 0.4014 0.4273 0.4238 0.3974 0.3337 0.2139 0.1826 0.2244 0.2855 0.3589 0.4145 0.4288 0.4178 0.3821 0.2968 0.1908 0.1934 0.2424 0.3089 0.3815 0.4226 0.4276 0.4095 0.3621 0.2546 0.1815 0.2074 0.2624 0.3332 0.4003 0.4271 0.4241 0.3983 0.3359 0.2165 0.1821 0.2226 0.2828 0.3558 0.4129 0.4287 0.4191 0.3853 0.3007 0.2190 0.3007 0.3853 0.4191 0.4287 0.4129 0.3558 0.2828 0.2226 0.1821 0.2165 0.3359 0.3983 0.4241 0.4271 0.4003 0.3332 0.2624 0.2074 0.1815 0.2546 0.3621 0.4095 0.4276 0.4226 0.3815 0.3089 0.2424 0.1934 0.1908 0.2968 0.3821 0.4178 0.4288 0.4145 0.3589 0.2855 0.2244 0.1826 0.2139 0.3337 0.3974 0.4238 0.4273 0.4014 0.3348 0.2637 0.2084 0.1813 0.2521 0.3873
0.3001 0.1814 0.2081 0.2634 0.3344 0.4011 0.4273 0.4238 0.3976 0.3342 0.2144 0.1825 0.2241 0.2852 0.3586 0.4143 0.4288 0.4179 0.3824 0.2974 0.1910 0.1932 0.2421 0.3085 0.3812 0.4225 0.4276 0.4096 0.3625 0.2552 0.1816 0.2072 0.2621 0.3329 0.4001 0.4271 0.4241 0.3984 0.3362 0.2165 0.1821 0.2228 0.2831 0.3561 0.4131 0.4287 0.4189 0.3853 0.3038 0.1933 0.1755 0.1933 0.3038 0.3853 0.4189 0.4287 0.4131 0.3561 0.2831 0.2228 0.1821 0.2165 0.3362 0.3984 0.4241 0.4271 0.4001 0.3329 0.2621 0.2072 0.1816 0.2552 0.3625 0.4096 0.4276 0.4225 0.3812 0.3085 0.2421 0.1932 0.1910 0.2974 0.3824 0.4179 0.4288 0.4143 0.3586 0.2852 0.2241 0.1825 0.2144 0.3342 0.3976 0.4238 0.4273 0.4011 0.3344 0.2634 0.2081 0.1814 0.3001
0.2447 0.2080 0.2631 0.3341 0.4009 0.4272 0.4239 0.3978 0.3346 0.2148 0.1824 0.2239 0.2848 0.3582 0.4142 0.4288 0.4180 0.3827 0.2980 0.1912 0.1930 0.2418 0.3082 0.3809 0.4224 0.4277 0.4098 0.3628 0.2559 0.1816 0.2070 0.2617 0.3325 0.3998 0.4270 0.4242 0.3986 0.3366 0.2169 0.1821 0.2228 0.2832 0.3564 0.4132 0.4287 0.4188 0.3849 0.3040 0.1944 0.1918 0.2132 0.1918 0.1944 0.3040 0.3849 0.4188 0.4287 0.4132 0.3564 0.2832 0.2228 0.1821 0.2169 0.3366 0.3986 0.4242 0.4270 0.3998 0.3325 0.2617 0.2070 0.1816 0.2559 0.3628 0.4098 0.4277 0.4224 0.3809 0.3082 0.2418 0.1930 0.1912 0.2980 0.3827 0.4180 0.4288 0.4142 0.3582 0.2848 0.2239 0.1824 0.2148 0.3346 0.3978 0.4239 0.4272 0.4009 0.3341 0.2631 0.2080 0.2447
0.2590 0.2629 0.3337 0.4007 0.4272 0.4240 0.3980 0.3351 0.2153 0.1823 0.2236 0.2845 0.3579 0.4140 0.4288 0.4181 0.3829 0.2986 0.1914 0.1928 0.2416 0.3078 0.3806 0.4223 0.4277 0.4099 0.3631 0.2565 0.1817 0.2068 0.2614 0.3321 0.3996 0.4270 0.4243 0.3988 0.3370 0.2174 0.1821 0.2226 0.2831 0.3564 0.4133 0.4287 0.4187 0.3847 0.3034 0.1937 0.1925 0.2405 0.2713 0.2405 0.1925 0.1937 0.3034 0.3847 0.4187 0.4287 0.4133 0.3564 0.2831 0.2226 0.1821 0.2174 0.3370 0.3988 0.4243 0.4270 0.3996 0.3321 0.2614 0.2068 0.1817 0.2565 0.3631 0.4099 0.4277 0.4223 0.3806 0.3078 0.2416 0.1928 0.1914 0.2986 0.3829 0.4181 0.4288 0.4140 0.3579 0.2845 0.2236 0.1823 0.2153 0.3351 0.3980 0.4240 0.4272 0.4007 0.3337 0.2629 0.2590
0.2961 0.3335 0.4003 0.4272 0.4240 0.3982 0.3356 0.2158 0.1823 0.2234 0.2841 0.3575 0.4139 0.4288 0.4182 0.3832 0.2992 0.1917 0.1926 0.2413 0.3075 0.3802 0.4222 0.4277 0.4101 0.3635 0.2571 0.1818 0.2065 0.2611 0.3318 0.3994 0.4269 0.4243 0.3990 0.3375 0.2179 0.1820 0.2224 0.2828 0.3561 0.4132 0.4287 0.4187 0.3845 0.3028 0.1934 0.1910 0.2410 0.3070 0.3455 0.3070 0.2410 0.1910 0.1934 0.3028 0.3845 0.4187 0.4287 0.4132 0.3561 0.2828 0.2224 0.1820 0.2179 0.3375 0.3990 0.4243 0.4269 0.3994 0.3318 0.2611 0.2065 0.1818 0.2571 0.3635 0.4101 0.4277 0.4222 0.3802 0.3075 0.2413 0.1926 0.1917 0.2992 0.3832 0.4182 0.4288 0.4139 0.3575 0.2841 0.2234 0.1823 0.2158 0.3356 0.3982 0.4240 0.4272 0.4003 0.3335 0.2961
0.3469 0.4010 0.4269 0.4241 0.3984 0.3360 0.2163 0.1822 0.2231 0.2838 0.3572 0.4137 0.4287 0.4183 0.3834 0.2998 0.1919 0.1924 0.2410 0.3071 0.3799 0.4222 0.4278 0.4102 0.3638 0.2577 0.1818 0.2063 0.2608 0.3314 0.3991 0.4269 0.4244 0.3992 0.3379 0.2184 0.1819 0.2221 0.2825 0.3558 0.4131 0.4287 0.4187 0.3845 0.3025 0.1932 0.1912 0.2390 0.3067 0.3810 0.4104 0.3810 0.3067 0.2390 0.1912 0.1932 0.3025 0.3845 0.4187 0.4287 0.4131 0.3558 0.2825 0.2221 0.1819 0.2184 0.3379 0.3992 0.4244 0.4269 0.3991 0.3314 0.2608 0.2063 0.1818 0.2577 0.3638 0.4102 0.4278 0.4222 0.3799 0.3071 0.2410 0.1924 0.1919 0.2998 0.3834 0.4183 0.4287 0.4137 0.3572 0.2838 0.2231 0.1822 0.2163 0.3360 0.3984 0.4241 0.4269 0.4010 0.3469
0.3965 0.4290 0.4241 0.3986 0.3365 0.2168 0.1821 0.2229 0.2835 0.3568 0.4135 0.4287 0.4184 0.3837 0.3004 0.1922 0.1922 0.2407 0.3068 0.3796 0.4221 0.4278 0.4103 0.3641 0.2584 0.1819 0.2061 0.2605 0.3311 0.3989 0.4268 0.4245 0.3994 0.3384 0.2189 0.1818 0.2219 0.2821 0.3554 0.4129 0.4287 0.4188 0.3847 0.3028 0.1932 0.1913 0.2392 0.3045 0.3790 0.4234 0.4278 0.4234 0.3790 0.3045 0.2392 0.1913 0.1932 0.3028 0.3847 0.4188 0.4287 0.4129 0.3554 0.2821 0.2219 0.1818 0.2189 0.3384 0.3994 0.4245 0.4268 0.3989 0.3311 0.2605 0.2061 0.1819 0.2584 0.3641 0.4103 0.4278 0.4221 0.3796 0.3068 0.2407 0.1922 0.1922 0.3004 0.3837 0.4184 0.4287 0.4135 0.3568 0.2835 0.2229 0.1821 0.2168 0.3365 0.3986 0.4241 0.4290 0.3965
0.4232 0.4258 0.3987 0.3369 0.2173 0.1820 0.2226 0.2831 0.3565 0.4134 0.4287 0.4185 0.3839 0.3010 0.1924 0.1920 0.2404 0.3064 0.3793 0.4220 0.4278 0.4105 0.3644 0.2590 0.1820 0.2059 0.2602 0.3307 0.3986 0.4268 0.4245 0.3996 0.3388 0.2195 0.1818 0.2216 0.2818 0.3551 0.4127 0.4287 0.4189 0.3849 0.3034 0.1934 0.1912 0.2393 0.3047 0.3775 0.4215 0.4271 0.4153 0.4271 0.4215 0.3774 0.3047 0.2392 0.1912 0.1934 0.3034 0.3849 0.4189 0.4287 0.4127 0.3550 0.2818 0.2216 0.1817 0.2194 0.3388 0.3996 0.4245 0.4268 0.3986 0.3306 0.2601 0.2058 0.1819 0.2590 0.3644 0.4105 0.4278 0.4220 0.3793 0.3064 0.2404 0.1920 0.1924 0.3010 0.3839 0.4185 0.4287 0.4134 0.3564 0.2831 0.2226 0.1820 0.2173 0.3369 0.3987 0.4258 0.4232
0.4304 0.3991 0.3374 0.2178 0.1820 0.2224 0.2828 0.3561 0.4132 0.4287 0.4186 0.3842 0.3016 0.1927 0.1918 0.2402 0.3061 0.3790 0.4219 0.4279 0.4106 0.3648 0.2596 0.1820 0.2057 0.2599 0.3303 0.3984 0.4267 0.4246 0.3997 0.3393 0.2200 0.1817 0.2214 0.2815 0.3547 0.4126 0.4287 0.4190 0.3852 0.3040 0.1937 0.1911 0.2391 0.3046 0.3776 0.4214 0.4281 0.4079 0.3782 0.4081 0.4281 0.4213 0.3774 0.3045 0.2390 0.1910 0.1937 0.3040 0.3853 0.4191 0.4287 0.4124 0.3545 0.2814 0.2213 0.1817 0.2200 0.3394 0.3999 0.4247 0.4267 0.3982 0.3302 0.2598 0.2056 0.1820 0.2596 0.3649 0.4107 0.4279 0.4218 0.3788 0.3059 0.2401 0.1918 0.1926 0.3016 0.3843 0.4187 0.4287 0.4131 0.3560 0.2827 0.2223 0.1819 0.2178 0.3375 0.3992 0.4304
0.4162 0.3379 0.2183 0.1819 0.2221 0.2825 0.3558 0.4131 0.4287 0.4187 0.3844 0.3022 0.1929 0.1916 0.2399 0.3057 0.3787 0.4218 0.4279 0.4108 0.3651 0.2602 0.1821 0.2054 0.2596 0.3300 0.3981 0.4267 0.4247 0.3999 0.3397 0.2205 0.1816 0.2211 0.2812 0.3543 0.4124 0.4287 0.4191 0.3854 0.3046 0.1940 0.1909 0.2388 0.3043 0.3774 0.4214 0.4281 0.4113 0.3608 0.2994 0.3603 0.4114 0.4281 0.4215 0.3790 0.3067 0.2410 0.1925 0.1944 0.3038 0.3853 0.4191 0.4287 0.4128 0.3564 0.2836 0.2232 0.1829 0.2202 0.3392 0.3999 0.4247 0.4267 0.3991 0.3323 0.2619 0.2073 0.1831 0.2595 0.3649 0.4107 0.4279 0.4219 0.3803 0.3082 0.2421 0.1933 0.1934 0.3014 0.3843 0.4187 0.4288 0.4134 0.3578 0.2849 0.2242 0.1832 0.2179 0.3373 0.4160
0.3693 0.2189 0.1818 0.2219 0.2822 0.3554 0.4129 0.4287 0.4188 0.3847 0.3028 0.1932 0.1914 0.2396 0.3054 0.3783 0.4217 0.4279 0.4109 0.3654 0.2609 0.1822 0.2052 0.2593 0.3296 0.3979 0.4266 0.4247 0.4001 0.3401 0.2210 0.1816 0.2209 0.2808 0.3540 0.4122 0.4287 0.4192 0.3857 0.3052 0.1942 0.1907 0.2385 0.3039 0.3771 0.4213 0.4281 0.4115 0.3668 0.2617 0.1887 0.2575 0.3597 0.4082 0.4271 0.4234 0.3810 0.3070 0.2405 0.1918 0.1933 0.3007 0.3802 0.4166 0.4287 0.4152 0.3578 0.2835 0.2226 0.1821 0.2190 0.3337 0.3956 0.4229 0.4277 0.4015 0.3331 0.2616 0.2066 0.1821 0.2583 0.3592 0.4073 0.4270 0.4237 0.3822 0.3085 0.2416 0.1926 0.1923 0.2985 0.3792 0.4161 0.4287 0.4158 0.3592 0.2849 0.2236 0.1824 0.2166 0.3637
0.2746 0.1818 0.2216 0.2818 0.3551 0.4127 0.4287 0.4189 0.3849 0.3034 0.1934 0.1913 0.2393 0.3050 0.3780 0.4216 0.4280 0.4110 0.3657 0.2615 0.1823 0.2050 0.2590 0.3292 0.3976 0.4266 0.4248 0.4003 0.3406 0.2215 0.1815 0.2206 0.2805 0.3536 0.4120 0.4287 0.4193 0.3859 0.3058 0.1945 0.1905 0.2382 0.3036 0.3767 0.4212 0.4281 0.4116 0.3673 0.2636 0.1833 0.1703 0.2129 0.3023 0.3775 0.4153 0.4278 0.4104 0.3454 0.2713 0.2132 0.1755 0.2190 0.3315 0.3938 0.4216 0.4267 0.3935 0.3202 0.2502 0.1982 0.1743 0.2586 0.3568 0.4059 0.4259 0.4215 0.3716 0.2957 0.2311 0.1852 0.1873 0.2972 0.3770 0.4148 0.4278 0.4112 0.3469 0.2726 0.2141 0.1759 0.2169 0.3298 0.3930 0.4213 0.4268 0.3947 0.3217 0.2515 0.1992 0.1733 0.2999
0.2440 0.2214 0.2813 0.3546 0.4125 0.4287 0.4191 0.3852 0.3040 0.1936 0.1910 0.2390 0.3045 0.3776 0.4215 0.4280 0.4112 0.3661 0.2621 0.1823 0.2047 0.2586 0.3288 0.3973 0.4265 0.4249 0.4005 0.3410 0.2220 0.1814 0.2203 0.2801 0.3532 0.4118 0.4287 0.4194 0.3861 0.3064 0.1947 0.1903 0.2379 0.3031 0.3763 0.4211 0.4281 0.4117 0.3674 0.2647 0.1847 0.1948 0.2175 0.3620 0.3621 0.4065 0.4272 0.4234 0.3809 0.3071 0.2405 0.1918 0.1933 0.3007 0.3802 0.4166 0.4287 0.4152 0.3578 0.2835 0.2226 0.1821 0.2190 0.3337 0.3956 0.4229 0.4277 0.4015 0.3331 0.2616 0.2066 0.1821 0.2583 0.3592 0.4073 0.4270 0.4237 0.3822 0.3085 0.2416 0.1926 0.1923 0.2985 0.3792 0.4161 0.4287 0.4158 0.3592 0.2849 0.2236 0.1824 0.2166 0.3637
0.2678 0.2813 0.3542 0.4123 0.4287 0.4192 0.3856 0.3045 0.1939 0.1909 0.2387 0.3042 0.3772 0.4213 0.4281 0.4114 0.3666 0.2627 0.1824 0.2045 0.2583 0.3284 0.3969 0.4264 0.4250 0.4008 0.3416 0.2226 0.1814 0.2201 0.2797 0.3528 0.4116 0.4286 0.4196 0.3866 0.3070 0.1950 0.1901 0.2376 0.3028 0.3759 0.4209 0.4282 0.4120 0.3679 0.2653 0.1830 0.2052 0.2492 0.3069 0.4465 0.4114 0.4277 0.4214 0.3789 0.3068 0.2410 0.1925 0.1944 0.3038 0.3853 0.4191 0.4287 0.4128 0.3564 0.2836 0.2232 0.1829 0.2202 0.3392 0.3999 0.4247 0.4267 0.3991 0.3323 0.2619 0.2073 0.1831 0.2595 0.3649 0.4107 0.4279 0.4219 0.3803 0.3082 0.2421 0.1933 0.1934 0.3014 0.3843 0.4187 0.4288 0.4134 0.3578 0.2849 0.2242 0.1832 0.2179 0.3373 0.4160
0.3123 0.3573 0.4127 0.4288 0.4191 0.3853 0.3039 0.1947 0.1928 0.2414 0.3072 0.3793 0.4215 0.4281 0.4113 0.3662 0.2622 0.1837 0.2067 0.2611 0.3312 0.3982 0.4265 0.4250 0.4007 0.3412 0.2227 0.1830 0.2225 0.2826 0.3553 0.4121 0.4287 0.4196 0.3864 0.3065 0.1959 0.1920 0.2402 0.3057 0.3779 0.4210 0.4282 0.4119 0.3676 0.2649 0.1841 0.2061 0.2605 0.3222 0.3822 0.4314 0.4264 0.4214 0.3771 0.3043 0.2390 0.1910 0.1937 0.3040 0.3853 0.4191 0.4287 0.4124 0.3545 0.2814 0.2213 0.1817 0.2200 0.3394 0.3999 0.4247 0.4267 0.3982 0.3302 0.2598 0.2056 0.1820 0.2596 0.3649 0.4107 0.4279 0.4218 0.3788 0.3059 0.2401 0.1918 0.1926 0.3016 0.3843 0.4187 0.4287 0.4131 0.3560 0.2827 0.2223 0.1819 0.2178 0.3375 0.3992 0.4304
0.3634 0.4170 0.4285 0.4160 0.3791 0.2995 0.1931 0.1910 0.2393 0.3058 0.3803 0.4236 0.4270 0.4072 0.3592 0.2607 0.1819 0.2047 0.2591 0.3304 0.4001 0.4277 0.4229 0.3956 0.3342 0.2213 0.1812 0.2204 0.2808 0.3552 0.4145 0.4288 0.4165 0.3802 0.3019 0.1942 0.1901 0.2381 0.3043 0.3788 0.4232 0.4271 0.4079 0.3606 0.2633 0.1823 0.2038 0.2579 0.3291 0.4003 0.4301 0.4261 0.4231 0.3779 0.3041 0.2392 0.1912 0.1934 0.3034 0.3849 0.4189 0.4287 0.4127 0.3550 0.2818 0.2216 0.1817 0.2194 0.3388 0.3996 0.4245 0.4268 0.3986 0.3306 0.2601 0.2058 0.1819 0.2590 0.3644 0.4105 0.4278 0.4220 0.3793 0.3064 0.2404 0.1920 0.1924 0.3010 0.3839 0.4185 0.4287 0.4134 0.3564 0.2831 0.2226 0.1820 0.2173 0.3369 0.3987 0.4258 0.4232
0.3820 0.4272 0.4237 0.3996 0.3436 0.2365 0.1741 0.2064 0.2619 0.3345 0.4038 0.4279 0.4185 0.3857 0.3148 0.2007 0.1798 0.2224 0.2840 0.3595 0.4172 0.4273 0.4108 0.3678 0.2788 0.1797 0.1915 0.2405 0.3079 0.3831 0.4248 0.4242 0.4004 0.3452 0.2390 0.1741 0.2055 0.2606 0.3329 0.4028 0.4278 0.4189 0.3867 0.3169 0.2029 0.1792 0.2211 0.2821 0.3585 0.4181 0.4278 0.4253 0.3807 0.3037 0.2391 0.1913 0.1932 0.3028 0.3847 0.4188 0.4287 0.4129 0.3554 0.2821 0.2219 0.1818 0.2189 0.3384 0.3994 0.4245 0.4268 0.3989 0.3311 0.2605 0.2061 0.1819 0.2584 0.3641 0.4103 0.4278 0.4221 0.3796 0.3068 0.2407 0.1922 0.1922 0.3004 0.3837 0.4184 0.4287 0.4135 0.3568 0.2835 0.2229 0.1821 0.2168 0.3365 0.3986 0.4241 0.4290 0.3965
