-30.6528 -48.1897 -12.1956 -38.3565 5.9965 -25.3763 -46.1960 31.1539 -32.7299 -45.1608 -16.8234 -39.8107 11.5600 -26.7143 -47.5443 31.6221 -34.1989 -37.3574 -19.8046 -41.3228 16.3777 -28.0972 -48.5340 21.2824 -35.5521 -21.8109 -22.0368 -42.8799 21.1725 -29.5309 -48.8111 -0.0010 -36.6983 -4.4504 -23.8015 -44.4469 26.1432 -31.0054 -48.3964 -11.2074 -38.1429 4.9889 -25.1786 -45.9740 30.6357 -32.5035 -45.8515 -16.2668 -39.5867 10.7952 -26.5091 -47.3568 32.0429 -34.8491 -3.9660 -34.0010 30.6542 -45.9740 -25.1786 4.9889 -38.1429 -11.2074 -48.3964 -31.0054 26.1432 -44.4469 -23.8015 -4.4504 -36.6983 -0.0010 -48.8111 -29.5309 21.1725 -42.8799 -22.0368 -21.8109 -35.5521 21.2824 -48.5340 -28.0972 16.3777 -41.3228 -19.8046 -37.3574 -34.1989 31.6221 -47.5443 -26.7143 11.5600 -39.8107 -16.8234 -45.1608 -32.7299 31.1539 -46.1960 -25.3763 5.9965 -38.3565 -12.1956 -48.1897 -30.6528
-48.1897 -10.3758 -37.8718 7.0774 -26.7900 -46.4491 32.4419 -33.3846 -43.6227 -17.1511 -39.5526 12.2772 -28.0006 -47.8425 34.9654 -34.6093 -34.0354 -20.8618 -41.2200 16.8762 -29.2514 -48.7919 28.8557 -35.6176 -16.8457 -23.4940 -42.9190 21.5981 -30.5487 -48.8569 7.1624 -36.2603 -1.6156 -25.3876 -44.6067 26.6785 -31.8732 -47.9651 -9.6102 -37.6871 6.2900 -26.6281 -46.2221 31.7654 -33.1906 -44.5083 -16.4387 -39.3037 11.5606 -27.8160 -47.6531 34.9302 -34.4717 -34.5617 -26.9509 -42.8773 -33.2828 31.7654 -46.2221 -26.6281 6.2900 -37.6871 -9.6102 -47.9651 -31.8732 26.6785 -44.6067 -25.3876 -1.6156 -36.2603 7.1624 -48.8569 -30.5487 21.5981 -42.9190 -23.4940 -16.8457 -35.6176 28.8557 -48.7919 -29.2514 16.8762 -41.2200 -20.8618 -34.0354 -34.6093 34.9654 -47.8425 -28.0006 12.2772 -39.5526 -17.1511 -43.6227 -33.3846 32.4419 -46.4491 -26.7900 7.0774 -37.8718 -10.3758 -48.1897
-12.1956 -37.8718 7.3974 -26.8887 -46.6267 33.0005 -33.6950 -42.6572 -17.7944 -39.7933 12.9645 -28.1944 -48.0201 34.8294 -34.9684 -31.9250 -21.3055 -41.4724 17.5561 -29.4765 -48.8735 26.6471 -35.9972 -14.0736 -23.8183 -43.1703 22.3327 -30.8027 -48.7746 3.6285 -36.5558 -0.1038 -25.5937 -44.8544 27.4587 -32.1621 -47.6617 -10.9592 -37.9245 7.1608 -26.7924 -46.4487 32.4447 -33.5118 -43.6341 -17.1413 -39.5467 12.2672 -28.0066 -47.8399 34.9770 -34.7885 -34.0748 -21.3441 -43.9718 -18.3797 -43.6442 -33.5104 32.4447 -46.4487 -26.7924 7.1608 -37.9245 -10.9592 -47.6617 -32.1621 27.4587 -44.8544 -25.5937 -0.1038 -36.5558 3.6285 -48.7746 -30.8027 22.3327 -43.1703 -23.8183 -14.0736 -35.9972 26.6471 -48.8735 -29.4765 17.5561 -41.4724 -21.3055 -31.9250 -34.9684 34.8294 -48.0201 -28.1944 12.9645 -39.7933 -17.7944 -42.6572 -33.6950 33.0005 -46.6267 -26.8887 7.3974 -37.8718 -12.1956
-38.3565 7.0774 -26.8887 -46.6979 33.3249 -33.8294 -41.7389 -18.3472 -40.0240 13.6200 -28.3750 -48.1830 34.4764 -35.1387 -29.6268 -21.7311 -41.7247 18.2480 -29.6704 -48.9333 23.9868 -36.1206 -11.4062 -24.1267 -43.4235 23.0690 -31.0033 -48.7104 0.4330 -36.6365 1.2544 -25.7929 -45.0975 28.2383 -32.3638 -47.2954 -12.1686 -38.1628 7.9968 -26.9695 -46.6731 33.0671 -33.7100 -42.6405 -17.7953 -39.7927 12.9565 -28.1920 -48.0153 34.8329 -34.9637 -31.9588 -21.3031 -41.5974 27.9122 -40.1457 -17.7907 -42.6403 -33.7100 33.0671 -46.6731 -26.9695 7.9968 -38.1628 -12.1686 -47.2954 -32.3638 28.2383 -45.0975 -25.7929 1.2544 -36.6365 0.4330 -48.7104 -31.0033 23.0690 -43.4235 -24.1267 -11.4062 -36.1206 23.9868 -48.9333 -29.6704 18.2480 -41.7247 -21.7311 -29.6268 -35.1387 34.4764 -48.1830 -28.3750 13.6200 -40.0240 -18.3472 -41.7389 -33.8294 33.3249 -46.6979 -26.8887 7.0774 -38.3565
5.9965 -26.7900 -46.6267 33.3249 -33.8802 -41.1398 -18.7332 -40.2181 14.2123 -28.5448 -48.3288 33.9112 -35.3002 -27.2099 -22.1316 -41.9744 18.9445 -29.8655 -48.9691 20.9006 -36.2288 -8.9169 -24.4206 -43.6760 23.8211 -31.2051 -48.6330 -2.3174 -36.8204 2.4868 -25.9751 -45.3408 29.0065 -32.5654 -46.8636 -13.2492 -38.3999 8.7973 -27.1479 -46.8924 33.6363 -33.9036 -41.5117 -18.4065 -40.0404 13.6451 -28.3795 -48.1822 34.4815 -35.1350 -29.6882 -21.7251 -41.7195 18.6701 -33.9722 14.7087 -40.0368 -18.4064 -41.5117 -33.9036 33.6363 -46.8924 -27.1479 8.7973 -38.3999 -13.2492 -46.8636 -32.5654 29.0065 -45.3408 -25.9751 2.4868 -36.8204 -2.3174 -48.6330 -31.2051 23.8211 -43.6760 -24.4206 -8.9169 -36.2288 20.9006 -48.9691 -29.8655 18.9445 -41.9744 -22.1316 -27.2099 -35.3002 33.9112 -48.3288 -28.5448 14.2123 -40.2181 -18.7332 -41.1398 -33.8802 33.3249 -46.6267 -26.7900 5.9965
-25.3763 -46.4491 33.0005 -33.8294 -41.1398 -18.8750 -40.3335 14.6405 -28.6830 -48.4490 33.1520 -35.4457 -24.7128 -22.5044 -42.2209 19.6295 -30.0592 -48.9811 17.4885 -36.3222 -6.6715 -24.6997 -43.9251 24.5809 -31.4072 -48.5161 -4.7021 -37.0500 3.6175 -26.1466 -45.5824 29.7731 -32.7685 -46.3512 -14.2120 -38.6410 9.5612 -27.3279 -47.1062 34.1296 -34.0950 -40.2534 -18.9819 -40.2865 14.3307 -28.5666 -48.3374 33.8822 -35.3020 -27.2074 -22.1275 -41.9740 18.9307 -30.6614 -46.7152 -29.8421 14.3174 -40.2865 -18.9819 -40.2534 -34.0950 34.1296 -47.1062 -27.3279 9.5612 -38.6410 -14.2120 -46.3512 -32.7685 29.7731 -45.5824 -26.1466 3.6175 -37.0500 -4.7021 -48.5161 -31.4072 24.5809 -43.9251 -24.6997 -6.6715 -36.3222 17.4885 -48.9811 -30.0592 19.6295 -42.2209 -22.5044 -24.7128 -35.4457 33.1520 -48.4490 -28.6830 14.6405 -40.3335 -18.8750 -41.1398 -33.8294 33.0005 -46.4491 -25.3763
-46.1960 32.4419 -33.6950 -41.7389 -18.7332 -40.3335 14.7979 -28.7616 -48.5303 32.3687 -35.5658 -22.3299 -22.8417 -42.4573 20.3020 -30.2495 -48.9661 13.8673 -36.4034 -4.6796 -24.9576 -44.1731 25.3390 -31.6093 -48.3557 -6.7360 -37.2830 4.6502 -26.3182 -45.8186 30.5276 -32.9684 -45.7544 -15.0941 -38.8831 10.3107 -27.5079 -47.3140 34.5292 -34.2870 -38.8279 -19.5190 -40.5359 15.0068 -28.7557 -48.4785 33.0036 -35.4628 -24.5654 -22.5157 -42.2246 19.6382 -30.0824 -48.8146 -14.6655 -48.3232 -28.8090 15.0067 -40.5359 -19.5190 -38.8279 -34.2870 34.5292 -47.3140 -27.5079 10.3107 -38.8831 -15.0941 -45.7544 -32.9684 30.5276 -45.8186 -26.3182 4.6502 -37.2830 -6.7360 -48.3557 -31.6093 25.3390 -44.1731 -24.9576 -4.6796 -36.4034 13.8673 -48.9661 -30.2495 20.3020 -42.4573 -22.8417 -22.3299 -35.5658 32.3687 -48.5303 -28.7616 14.7979 -40.3335 -18.7332 -41.7389 -33.6950 32.4419 -46.1960
31.1539 -33.3846 -42.6572 -18.3472 -40.2181 14.6405 -28.7616 -48.5597 31.8569 -35.6505 -20.4260 -23.1167 -42.6695 20.9421 -30.4324 -48.9220 10.1788 -36.4704 -2.9168 -25.1953 -44.4162 26.0923 -31.8073 -48.1499 -8.4625 -37.5180 5.6213 -26.4916 -46.0539 31.2541 -33.1680 -45.0721 -15.9004 -39.1262 11.0406 -27.6895 -47.5122 34.8161 -34.4730 -37.2292 -20.0309 -40.7859 15.6883 -28.9467 -48.6070 31.8229 -35.6190 -21.7985 -22.8867 -42.4777 20.3418 -30.2566 -48.9429 12.0225 -38.5790 29.8944 -48.5728 -28.9467 15.6883 -40.7859 -20.0309 -37.2292 -34.4730 34.8161 -47.5122 -27.6895 11.0406 -39.1262 -15.9004 -45.0721 -33.1680 31.2541 -46.0539 -26.4916 5.6213 -37.5180 -8.4625 -48.1499 -31.8073 26.0923 -44.4162 -25.1953 -2.9168 -36.4704 10.1788 -48.9220 -30.4324 20.9421 -42.6695 -23.1167 -20.4260 -35.6505 31.8569 -48.5597 -28.7616 14.6405 -40.2181 -18.3472 -42.6572 -33.3846 31.1539
-32.7299 -43.6227 -17.7944 -40.0240 14.2123 -28.6830 -48.5303 31.8569 -35.6818 -19.3311 -23.3019 -42.8365 21.4891 -30.5944 -48.8548 6.7108 -36.5212 -1.3344 -25.4176 -44.6550 26.8391 -32.0023 -47.8996 -9.9406 -37.7484 6.5239 -26.6641 -46.2856 31.9580 -33.3677 -44.2792 -16.6357 -39.3711 11.7550 -27.8735 -47.7051 34.9665 -34.6560 -35.4691 -20.5179 -41.0340 16.3702 -29.1388 -48.7195 30.2758 -35.7636 -18.9530 -23.2401 -42.7315 21.0597 -30.4562 -48.9151 10.0358 -36.6271 11.2493 -36.3217 30.3265 -48.7202 -29.1388 16.3702 -41.0340 -20.5179 -35.4691 -34.6560 34.9665 -47.7051 -27.8735 11.7550 -39.3711 -16.6357 -44.2792 -33.3677 31.9580 -46.2856 -26.6641 6.5239 -37.7484 -9.9406 -47.8996 -32.0023 26.8391 -44.6550 -25.4176 -1.3344 -36.5212 6.7108 -48.8548 -30.5944 21.4891 -42.8365 -23.3019 -19.3311 -35.6818 31.8569 -48.5303 -28.6830 14.2123 -40.0240 -17.7944 -43.6227 -32.7299
-45.1608 -17.1511 -39.7933 13.6200 -28.5448 -48.4490 32.3687 -35.6505 -19.3311 -23.3674 -42.9306 21.8612 -30.7179 -48.7834 3.8773 -36.5539 0.0151 -25.6188 -44.8894 27.5880 -32.1973 -47.5961 -11.2206 -37.9763 7.3577 -26.8349 -46.5075 32.6132 -33.5631 -43.3763 -17.3234 -39.6141 12.4590 -28.0576 -47.8894 34.9571 -34.8377 -33.5044 -20.9771 -41.2856 17.0471 -29.3326 -48.8152 28.3441 -35.9004 -16.1374 -23.5783 -42.9827 21.7882 -30.6545 -48.8315 6.2413 -36.5365 -0.3268 -30.5140 -12.0178 -35.9609 28.3440 -48.8152 -29.3326 17.0471 -41.2856 -20.9771 -33.5044 -34.8377 34.9571 -47.8894 -28.0576 12.4590 -39.6141 -17.3234 -43.3763 -33.5631 32.6132 -46.5075 -26.8349 7.3577 -37.9763 -11.2206 -47.5961 -32.1973 27.5880 -44.8894 -25.6188 0.0151 -36.5539 3.8773 -48.7834 -30.7179 21.8612 -42.9306 -23.3674 -19.3311 -35.6505 32.3687 -48.4490 -28.5448 13.6200 -39.7933 -17.1511 -45.1608
-16.8234 -39.5526 12.9645 -28.3750 -48.3288 33.1520 -35.5658 -20.4260 -23.3019 -42.9306 21.9933 -30.7854 -48.7436 1.8809 -36.5793 1.0799 -25.7879 -45.1087 28.3146 -32.3894 -47.2333 -12.3575 -38.2055 8.1522 -27.0052 -46.7218 33.2042 -33.7538 -42.3777 -17.9549 -39.8542 13.1368 -28.2407 -48.0623 34.7577 -35.0115 -31.3480 -21.4180 -41.5377 17.7355 -29.5257 -48.8910 25.9994 -36.0316 -13.3694 -23.8982 -43.2361 22.5180 -30.8542 -48.7546 2.7620 -36.5624 0.2523 -26.1655 -47.4725 -24.8595 -13.3986 -36.0317 25.9994 -48.8910 -29.5257 17.7355 -41.5377 -21.4180 -31.3480 -35.0115 34.7577 -48.0623 -28.2407 13.1368 -39.8542 -17.9549 -42.3777 -33.7538 33.2042 -46.7218 -27.0052 8.1522 -38.2055 -12.3575 -47.2333 -32.3894 28.3146 -45.1087 -25.7879 1.0799 -36.5793 1.8809 -48.7436 -30.7854 21.9933 -42.9306 -23.3019 -20.4260 -35.5658 33.1520 -48.3288 -28.3750 12.9645 -39.5526 -16.8234
-39.8107 12.2772 -28.1944 -48.1830 33.9112 -35.4457 -22.3299 -23.1167 -42.8365 21.8612 -30.7854 -48.7376 0.8548 -36.6310 1.8284 -25.9141 -45.2962 28.9638 -32.5684 -46.8250 -13.3633 -38.4358 8.9157 -27.1768 -46.9314 33.7364 -33.9409 -41.2655 -18.5334 -40.0919 13.7974 -28.4223 -48.2226 34.3511 -35.1792 -29.0296 -21.8381 -41.7900 18.4280 -29.7201 -48.9440 23.2220 -36.1483 -10.7382 -24.2036 -43.4890 23.2636 -31.0556 -48.6939 -0.2968 -36.6703 1.5846 -25.8513 -45.1587 35.4407 -43.6769 -24.2238 -10.7377 -36.1483 23.2220 -48.9440 -29.7201 18.4280 -41.7900 -21.8381 -29.0296 -35.1792 34.3511 -48.2226 -28.4223 13.7974 -40.0919 -18.5334 -41.2655 -33.9409 33.7364 -46.9314 -27.1768 8.9157 -38.4358 -13.3633 -46.8250 -32.5684 28.9638 -45.2962 -25.9141 1.8284 -36.6310 0.8548 -48.7376 -30.7854 21.8612 -42.8365 -23.1167 -22.3299 -35.4457 33.9112 -48.1830 -28.1944 12.2772 -39.8107
11.5600 -28.0006 -48.0201 34.4764 -35.3002 -24.7128 -22.8417 -42.6695 21.4891 -30.7179 -48.7436 0.8548 -36.6688 2.2130 -25.9929 -45.4357 29.4726 -32.7197 -46.4055 -14.2086 -38.6544 9.6343 -27.3471 -47.1358 34.1960 -34.1259 -40.0175 -19.0787 -40.3305 14.4541 -28.6036 -48.3691 33.7151 -35.3405 -26.5717 -22.2293 -42.0397 19.1178 -29.9157 -48.9753 20.0712 -36.2546 -8.3274 -24.4945 -43.7387 24.0173 -31.2574 -48.6066 -2.9745 -36.8781 2.7905 -26.0188 -45.3976 29.6904 -36.1409 25.1896 -43.7300 -24.4941 -8.3274 -36.2546 20.0712 -48.9753 -29.9157 19.1178 -42.0397 -22.2293 -26.5717 -35.3405 33.7151 -48.3691 -28.6036 14.4541 -40.3305 -19.0787 -40.0175 -34.1259 34.1960 -47.1358 -27.3471 9.6343 -38.6544 -14.2086 -46.4055 -32.7197 29.4726 -45.4357 -25.9929 2.2130 -36.6688 0.8548 -48.7436 -30.7179 21.4891 -42.6695 -22.8417 -24.7128 -35.3002 34.4764 -48.0201 -28.0006 11.5600
-26.7143 -47.8425 34.8294 -35.1387 -27.2099 -22.5044 -42.4573 20.9421 -30.5944 -48.7834 1.8809 -36.6310 2.2130 -26.0205 -45.5115 29.8080 -32.8296 -46.0286 -14.8671 -38.8470 10.2724 -27.5090 -47.3264 34.5625 -34.3084 -38.6229 -19.5943 -40.5699 15.1086 -28.7860 -48.5035 32.8137 -35.4939 -24.0036 -22.5980 -42.2834 19.8043 -30.1080 -48.9805 16.5880 -36.3469 -6.1437 -24.7675 -43.9906 24.7711 -31.4606 -48.4789 -5.2603 -37.1101 3.8848 -26.1906 -45.6424 29.9608 -33.6767 -25.8217 -32.8644 24.7561 -43.9907 -24.7675 -6.1437 -36.3469 16.5880 -48.9805 -30.1080 19.8043 -42.2834 -22.5980 -24.0036 -35.4939 32.8137 -48.5035 -28.7860 15.1086 -40.5699 -19.5943 -38.6229 -34.3084 34.5625 -47.3264 -27.5090 10.2724 -38.8470 -14.8671 -46.0286 -32.8296 29.8080 -45.5115 -26.0205 2.2130 -36.6310 1.8809 -48.7834 -30.5944 20.9421 -42.4573 -22.5044 -27.2099 -35.1387 34.8294 -47.8425 -26.7143
-47.5443 34.9654 -34.9684 -29.6268 -22.1316 -42.2209 20.3020 -30.4324 -48.8548 3.8773 -36.5793 1.8284 -25.9929 -45.5115 29.9317 -32.8891 -45.7628 -15.3210 -39.0032 10.8043 -27.6531 -47.4949 34.8128 -34.4807 -37.0944 -20.0833 -40.8100 15.7625 -28.9695 -48.6246 31.6143 -35.6409 -21.3275 -22.9509 -42.5268 20.4884 -30.2985 -48.9574 12.9224 -36.4220 -4.2079 -25.0202 -44.2380 25.5305 -31.6611 -48.3061 -7.2129 -37.3441 4.9074 -26.3630 -45.8800 30.7136 -33.0490 -45.1913 -23.7265 -47.9583 -31.7302 25.5307 -44.2380 -25.0202 -4.2079 -36.4220 12.9224 -48.9574 -30.2985 20.4884 -42.5268 -22.9509 -21.3275 -35.6409 31.6143 -48.6246 -28.9695 15.7625 -40.8100 -20.0833 -37.0944 -34.4807 34.8128 -47.4949 -27.6531 10.8043 -39.0032 -15.3210 -45.7628 -32.8891 29.9317 -45.5115 -25.9929 1.8284 -36.5793 3.8773 -48.8548 -30.4324 20.3020 -42.2209 -22.1316 -29.6268 -34.9684 34.9654 -47.5443
31.6221 -34.6093 -31.9250 -21.7311 -41.9744 19.6295 -30.2495 -48.9220 6.7108 -36.5539 1.0799 -25.9141 -45.4357 29.8080 -32.8891 -45.6648 -15.5571 -39.1068 11.1907 -27.7676 -47.6343 34.9441 -34.6302 -35.5322 -20.5289 -41.0474 16.4174 -29.1541 -48.7310 30.0846 -35.7808 -18.5943 -23.2885 -42.7702 21.1800 -30.4898 -48.9045 9.2344 -36.4852 -2.4937 -25.2540 -44.4778 26.2840 -31.8575 -48.0900 -8.8745 -37.5768 5.8647 -26.5355 -46.1143 31.4402 -33.2198 -44.8808 -16.5980 -41.6628 -10.9574 -48.0955 -31.8574 26.2840 -44.4778 -25.2540 -2.4937 -36.4852 9.2344 -48.9045 -30.4898 21.1800 -42.7702 -23.2885 -18.5943 -35.7808 30.0846 -48.7310 -29.1541 16.4174 -41.0474 -20.5289 -35.5322 -34.6302 34.9441 -47.6343 -27.7676 11.1907 -39.1068 -15.5571 -45.6648 -32.8891 29.8080 -45.4357 -25.9141 1.0799 -36.5539 6.7108 -48.9220 -30.2495 19.6295 -41.9744 -21.7311 -31.9250 -34.6093 31.6221
-34.1989 -34.0354 -21.3055 -41.7247 18.9445 -30.0592 -48.9661 10.1788 -36.5212 0.0151 -25.7879 -45.2962 29.4726 -32.8296 -45.7628 -15.5571 -39.1435 11.3971 -27.8423 -47.7336 34.9816 -34.7529 -34.0685 -20.9062 -41.2682 17.0464 -29.3361 -48.8211 28.1950 -35.9129 -15.8672 -23.6112 -43.0135 21.8796 -30.6819 -48.8185 5.6642 -36.5325 -0.9545 -25.4722 -44.7162 27.0316 -32.0525 -47.8269 -10.2850 -37.8069 6.7438 -26.7077 -46.3423 32.1341 -33.4191 -44.0557 -16.8182 -39.5744 21.5056 -38.1708 -10.2658 -47.8269 -32.0525 27.0316 -44.7162 -25.4722 -0.9545 -36.5325 5.6642 -48.8185 -30.6819 21.8796 -43.0135 -23.6112 -15.8672 -35.9129 28.1950 -48.8211 -29.3361 17.0464 -41.2682 -20.9062 -34.0685 -34.7529 34.9816 -47.7336 -27.8423 11.3971 -39.1435 -15.5571 -45.7628 -32.8296 29.4726 -45.2962 -25.7879 0.0151 -36.5212 10.1788 -48.9661 -30.0592 18.9445 -41.7247 -21.3055 -34.0354 -34.1989
-37.3574 -20.8618 -41.4724 18.2480 -29.8655 -48.9811 13.8673 -36.4704 -1.3344 -25.6188 -45.1087 28.9638 -32.7197 -46.0286 -15.3210 -39.1068 11.3971 -27.8692 -47.7873 34.9720 -34.8426 -32.8422 -21.2087 -41.4584 17.6039 -29.5041 -48.8899 25.9873 -36.0325 -13.2145 -23.9192 -43.2566 22.5874 -30.8746 -48.7446 2.3703 -36.5624 0.4328 -25.6742 -44.9531 27.7806 -32.2474 -47.5087 -11.5255 -38.0351 7.5653 -26.8785 -46.5630 32.7701 -33.6137 -43.1337 -17.4937 -39.6744 13.0390 -32.7328 8.8026 -38.0356 -11.5255 -47.5087 -32.2474 27.7806 -44.9531 -25.6742 0.4328 -36.5624 2.3703 -48.7446 -30.8746 22.5874 -43.2566 -23.9192 -13.2145 -36.0325 25.9873 -48.8899 -29.5041 17.6039 -41.4584 -21.2087 -32.8422 -34.8426 34.9720 -47.7873 -27.8692 11.3971 -39.1068 -15.3210 -46.0286 -32.7197 28.9638 -45.1087 -25.6188 -1.3344 -36.4704 13.8673 -48.9811 -29.8655 18.2480 -41.4724 -20.8618 -37.3574
-19.8046 -41.2200 17.5561 -29.6704 -48.9691 17.4885 -36.4034 -2.9168 -25.4176 -44.8894 28.3146 -32.5684 -46.4055 -14.8671 -39.0032 11.1907 -27.8423 -47.7873 34.9623 -34.8931 -31.9873 -21.4240 -41.6072 18.0682 -29.6486 -48.9359 23.6188 -36.1361 -10.7984 -24.2088 -43.4994 23.3034 -31.0679 -48.6885 -0.5560 -36.6747 1.6909 -25.8594 -45.1882 28.5282 -32.4423 -47.1297 -12.6300 -38.2646 8.3513 -27.0492 -46.7762 33.3472 -33.8021 -42.1041 -18.1071 -39.9153 13.3041 -28.9878 -48.7263 -28.1769 8.3444 -38.2646 -12.6300 -47.1297 -32.4423 28.5282 -45.1882 -25.8594 1.6909 -36.6747 -0.5560 -48.6885 -31.0679 23.3034 -43.4994 -24.2088 -10.7984 -36.1361 23.6188 -48.9359 -29.6486 18.0682 -41.6072 -21.4240 -31.9873 -34.8931 34.9623 -47.7873 -27.8423 11.1907 -39.0032 -14.8671 -46.4055 -32.5684 28.3146 -44.8894 -25.4176 -2.9168 -36.4034 17.4885 -48.9691 -29.6704 17.5561 -41.2200 -19.8046
-41.3228 16.8762 -29.4765 -48.9333 20.9006 -36.3222 -4.6796 -25.1953 -44.6550 27.5880 -32.3894 -46.8250 -14.2086 -38.8470 10.8043 -27.7676 -47.7336 34.9720 -34.8931 -31.6615 -21.5393 -41.7013 18.4015 -29.7603 -48.9638 21.3430 -36.2225 -8.7414 -24.4654 -43.7313 24.0170 -31.2618 -48.6027 -3.0964 -36.8875 2.8405 -26.0298 -45.4213 29.2709 -32.6368 -46.6841 -13.6226 -38.4952 9.1078 -27.2211 -46.9845 33.8621 -33.9887 -40.9580 -18.6767 -40.1532 13.9666 -28.4887 -47.9420 -0.9113 -46.7664 -27.2638 9.1078 -38.4952 -13.6226 -46.6841 -32.6368 29.2709 -45.4213 -26.0298 2.8405 -36.8875 -3.0964 -48.6027 -31.2618 24.0170 -43.7313 -24.4654 -8.7414 -36.2225 21.3430 -48.9638 -29.7603 18.4015 -41.7013 -21.5393 -31.6615 -34.8931 34.9720 -47.7336 -27.7676 10.8043 -38.8470 -14.2086 -46.8250 -32.3894 27.5880 -44.6550 -25.1953 -4.6796 -36.3222 20.9006 -48.9333 -29.4765 16.8762 -41.3228
16.3777 -29.2514 -48.8735 23.9868 -36.2288 -6.6715 -24.9576 -44.4162 26.8391 -32.1973 -47.2333 -13.3633 -38.6544 10.2724 -27.6531 -47.6343 34.9816 -34.8426 -31.9873 -21.5393 -41.7330 18.5732 -29.8303 -48.9784 19.4624 -36.2900 -7.0858 -24.6830 -43.9387 24.6854 -31.4477 -48.4813 -5.2808 -37.1106 3.8994 -26.1944 -45.6521 30.0042 -32.8308 -46.1650 -14.5223 -38.7269 9.8399 -27.3942 -47.1874 34.3006 -34.1731 -39.6733 -19.2140 -40.3920 14.6225 -28.6504 -48.3934 33.2227 -37.5386 35.0226 -47.1687 -27.3942 9.8399 -38.7269 -14.5223 -46.1650 -32.8308 30.0042 -45.6521 -26.1944 3.8994 -37.1106 -5.2808 -48.4813 -31.4477 24.6854 -43.9387 -24.6830 -7.0858 -36.2900 19.4624 -48.9784 -29.8303 18.5732 -41.7330 -21.5393 -31.9873 -34.8426 34.9816 -47.6343 -27.6531 10.2724 -38.6544 -13.3633 -47.2333 -32.1973 26.8391 -44.4162 -24.9576 -6.6715 -36.2288 23.9868 -48.8735 -29.2514 16.3777
-28.0972 -48.7919 26.6471 -36.1206 -8.9169 -24.6997 -44.1731 26.0923 -32.0023 -47.5961 -12.3575 -38.4358 9.6343 -27.5090 -47.4949 34.9441 -34.7529 -32.8422 -21.4240 -41.7013 18.5732 -29.8546 -48.9827 18.2158 -36.3356 -5.8879 -24.8551 -44.1180 25.2754 -31.6132 -48.3331 -7.0844 -37.3317 4.8829 -26.3599 -45.8802 30.7227 -33.0242 -45.5652 -15.3441 -38.9598 10.5522 -27.5685 -47.3843 34.6460 -34.3549 -38.2393 -19.7225 -40.6316 15.2767 -28.8331 -48.5360 32.5514 -35.9950 4.3536 -35.3483 34.6549 -47.3843 -27.5685 10.5522 -38.9598 -15.3441 -45.5652 -33.0242 30.7227 -45.8802 -26.3599 4.8829 -37.3317 -7.0844 -48.3331 -31.6132 25.2754 -44.1180 -24.8551 -5.8879 -36.3356 18.2158 -48.9827 -29.8546 18.5732 -41.7013 -21.4240 -32.8422 -34.7529 34.9441 -47.4949 -27.5090 9.6343 -38.4358 -12.3575 -47.5961 -32.0023 26.0923 -44.1731 -24.6997 -8.9169 -36.1206 26.6471 -48.7919 -28.0972
-48.5340 28.8557 -35.9972 -11.4062 -24.4206 -43.9251 25.3390 -31.8073 -47.8996 -11.2206 -38.2055 8.9157 -27.3471 -47.3264 34.8128 -34.6302 -34.0685 -21.2087 -41.6072 18.4015 -29.8303 -48.9827 17.7749 -36.3576 -5.1641 -24.9722 -44.2560 25.7630 -31.7542 -48.1753 -8.4816 -37.5378 5.7648 -26.5234 -46.1049 31.4200 -33.2167 -44.8769 -16.1001 -39.1937 11.2482 -27.7441 -47.5745 34.8799 -34.5339 -36.6455 -20.2051 -40.8719 15.9308 -29.0169 -48.6534 31.2537 -35.7036 -18.9414 -28.6384 -33.8002 -34.6075 34.8797 -47.5745 -27.7441 11.2482 -39.1937 -16.1001 -44.8769 -33.2167 31.4200 -46.1049 -26.5234 5.7648 -37.5378 -8.4816 -48.1753 -31.7542 25.7630 -44.2560 -24.9722 -5.1641 -36.3576 17.7749 -48.9827 -29.8303 18.4015 -41.6072 -21.2087 -34.0685 -34.6302 34.8128 -47.3264 -27.3471 8.9157 -38.2055 -11.2206 -47.8996 -31.8073 25.3390 -43.9251 -24.4206 -11.4062 -35.9972 28.8557 -48.5340
21.2824 -35.6176 -14.0736 -24.1267 -43.6760 24.5809 -31.6093 -48.1499 -9.9406 -37.9763 8.1522 -27.1768 -47.1358 34.5625 -34.4807 -35.5322 -20.9062 -41.4584 18.0682 -29.7603 -48.9784 18.2158 -36.3576 -4.9209 -25.0337 -44.3418 26.1045 -31.8632 -48.0237 -9.5447 -37.7158 6.5012 -26.6735 -46.3138 32.0680 -33.4054 -44.0913 -16.7998 -39.4287 11.9312 -27.9209 -47.7572 34.9812 -34.7097 -34.8827 -20.6642 -41.1129 16.5861 -29.2018 -48.7558 29.6341 -35.8155 -17.9029 -23.8423 -45.5666 -21.6579 -34.9206 -34.7083 34.9812 -47.7572 -27.9209 11.9312 -39.4287 -16.7998 -44.0913 -33.4054 32.0680 -46.3138 -26.6735 6.5012 -37.7158 -9.5447 -48.0237 -31.8632 26.1045 -44.3418 -25.0337 -4.9209 -36.3576 18.2158 -48.9784 -29.7603 18.0682 -41.4584 -20.9062 -35.5322 -34.4807 34.5625 -47.1358 -27.1768 8.1522 -37.9763 -9.9406 -48.1499 -31.6093 24.5809 -43.6760 -24.1267 -14.0736 -35.6176 21.2824
-35.5521 -16.8457 -23.8183 -43.4235 23.8211 -31.4072 -48.3557 -8.4625 -37.7484 7.3577 -27.0052 -46.9314 34.1960 -34.3084 -37.0944 -20.5289 -41.2682 17.6039 -29.6486 -48.9638 19.4624 -36.3356 -5.1641 -25.0337 -44.3723 26.2857 -31.9297 -47.9035 -10.3043 -37.8620 7.1003 -26.8038 -46.4949 32.6282 -33.5786 -43.2398 -17.4422 -39.6647 12.6041 -28.0989 -47.9318 34.9265 -34.8817 -32.9444 -21.1018 -41.3545 17.2439 -29.3877 -48.8414 27.6479 -35.9455 -15.1753 -23.6993 -43.1617 32.6696 -41.6563 -21.1098 -32.9444 -34.8817 34.9265 -47.9318 -28.0989 12.6041 -39.6647 -17.4422 -43.2398 -33.5786 32.6282 -46.4949 -26.8038 7.1003 -37.8620 -10.3043 -47.9035 -31.9297 26.2857 -44.3723 -25.0337 -5.1641 -36.3356 19.4624 -48.9638 -29.6486 17.6039 -41.2682 -20.5289 -37.0944 -34.3084 34.1960 -46.9314 -27.0052 7.3577 -37.7484 -8.4625 -48.3557 -31.4072 23.8211 -43.4235 -23.8183 -16.8457 -35.5521
-21.8109 -23.4940 -43.1703 23.0690 -31.2051 -48.5161 -6.7360 -37.5180 6.5239 -26.8349 -46.7218 33.7364 -34.1259 -38.6229 -20.0833 -41.0474 17.0464 -29.5041 -48.9359 21.3430 -36.2900 -5.8879 -24.9722 -44.3418 26.2857 -31.9517 -47.8392 -10.7459 -37.9664 7.5534 -26.9129 -46.6486 33.0876 -33.7303 -42.3857 -18.0014 -39.8915 13.2598 -28.2780 -48.0972 34.6902 -35.0496 -30.8275 -21.5196 -41.5967 17.9054 -29.5747 -48.9085 25.2744 -36.0665 -12.5522 -23.9961 -43.3172 23.2281 -34.9237 18.9852 -41.5945 -21.5196 -30.8275 -35.0496 34.6902 -48.0972 -28.2780 13.2598 -39.8915 -18.0014 -42.3857 -33.7303 33.0876 -46.6486 -26.9129 7.5534 -37.9664 -10.7459 -47.8392 -31.9517 26.2857 -44.3418 -24.9722 -5.8879 -36.2900 21.3430 -48.9359 -29.5041 17.0464 -41.0474 -20.0833 -38.6229 -34.1259 33.7364 -46.7218 -26.8349 6.5239 -37.5180 -6.7360 -48.5161 -31.2051 23.0690 -43.1703 -23.4940 -21.8109
-22.0368 -42.9190 22.3327 -31.0033 -48.6330 -4.7021 -37.2830 5.6213 -26.6641 -46.5075 33.2042 -33.9409 -40.0175 -19.5943 -40.8100 16.4174 -29.3361 -48.8899 23.6188 -36.2225 -7.0858 -24.8551 -44.2560 26.1045 -31.9297 -47.8392 -10.8890 -38.0186 7.8267 -26.9908 -46.7670 33.4451 -33.8627 -41.5544 -18.4659 -40.0953 13.8631 -28.4506 -48.2505 34.2440 -35.2128 -28.5358 -21.9189 -41.8393 18.5716 -29.7626 -48.9553 22.5082 -36.1776 -10.0789 -24.2860 -43.5618 23.4861 -31.9626 -41.7166 -31.1284 18.5665 -41.8393 -21.9189 -28.5358 -35.2128 34.2440 -48.2505 -28.4506 13.8631 -40.0953 -18.4659 -41.5544 -33.8627 33.4451 -46.7670 -26.9908 7.8267 -38.0186 -10.8890 -47.8392 -31.9297 26.1045 -44.2560 -24.8551 -7.0858 -36.2225 23.6188 -48.8899 -29.3361 16.4174 -40.8100 -19.5943 -40.0175 -33.9409 33.2042 -46.5075 -26.6641 5.6213 -37.2830 -4.7021 -48.6330 -31.0033 22.3327 -42.9190 -22.0368
-42.8799 21.5981 -30.8027 -48.7104 -2.3174 -37.0500 4.6502 -26.4916 -46.2856 32.6132 -33.7538 -41.2655 -19.0787 -40.5699 15.7625 -29.1541 -48.8211 25.9873 -36.1361 -8.7414 -24.6830 -44.1180 25.7630 -31.8632 -47.9035 -10.7459 -38.0186 7.9169 -27.0299 -46.8391 33.6835 -33.9662 -40.7921 -18.8535 -40.2725 14.3884 -28.6060 -48.3830 33.5926 -35.3686 -26.0814 -22.3008 -42.0822 19.2435 -29.9515 -48.9795 19.3700 -36.2778 -7.7953 -24.5614 -43.8039 24.2148 -31.3378 -48.4993 -19.4095 -48.8243 -30.0145 19.2435 -42.0822 -22.3008 -26.0814 -35.3686 33.5926 -48.3830 -28.6060 14.3884 -40.2725 -18.8535 -40.7921 -33.9662 33.6835 -46.8391 -27.0299 7.9169 -38.0186 -10.7459 -47.9035 -31.8632 25.7630 -44.1180 -24.6830 -8.7414 -36.1361 25.9873 -48.8211 -29.1541 15.7625 -40.5699 -19.0787 -41.2655 -33.7538 32.6132 -46.2856 -26.4916 4.6502 -37.0500 -2.3174 -48.7104 -30.8027 21.5981 -42.8799
21.1725 -30.5487 -48.7746 0.4330 -36.8204 3.6175 -26.3182 -46.0539 31.9580 -33.5631 -42.3777 -18.5334 -40.3305 15.1086 -28.9695 -48.7310 28.1950 -36.0325 -10.7984 -24.4654 -43.9387 25.2754 -31.7542 -48.0237 -10.3043 -37.9664 7.8267 -27.0299 -46.8630 33.7972 -34.0299 -40.2159 -19.1505 -40.4228 14.8376 -28.7404 -48.4913 32.7992 -35.5070 -23.6024 -22.6613 -42.3254 19.9217 -30.1413 -48.9789 15.9204 -36.3660 -5.7196 -24.8222 -44.0453 24.9481 -31.5061 -48.4418 -6.8056 -39.5395 10.7507 -48.9209 -30.1413 19.9217 -42.3254 -22.6613 -23.6024 -35.5070 32.7992 -48.4913 -28.7404 14.8376 -40.4228 -19.1505 -40.2159 -34.0299 33.7972 -46.8630 -27.0299 7.8267 -37.9664 -10.3043 -48.0237 -31.7542 25.2754 -43.9387 -24.4654 -10.7984 -36.0325 28.1950 -48.7310 -28.9695 15.1086 -40.3305 -18.5334 -42.3777 -33.5631 31.9580 -46.0539 -26.3182 3.6175 -36.8204 0.4330 -48.7746 -30.5487 21.1725
-29.5309 -48.8569 3.6285 -36.6365 2.4868 -26.1466 -45.8186 31.2541 -33.3677 -43.3763 -17.9549 -40.0919 14.4541 -28.7860 -48.6246 30.0846 -35.9129 -13.2145 -24.2088 -43.7313 24.6854 -31.6132 -48.1753 -9.5447 -37.8620 7.5534 -26.9908 -46.8391 33.7972 -34.0510 -39.9156 -19.3292 -40.5323 15.1929 -28.8519 -48.5760 31.9524 -35.6221 -21.3339 -22.9786 -42.5583 20.5970 -30.3304 -48.9508 12.2733 -36.4410 -3.8503 -25.0681 -44.2859 25.6877 -31.7008 -48.2652 -7.5875 -37.5494 15.5497 -36.7416 12.3507 -48.9508 -30.3304 20.5970 -42.5583 -22.9786 -21.3339 -35.6221 31.9524 -48.5760 -28.8519 15.1929 -40.5323 -19.3292 -39.9156 -34.0510 33.7972 -46.8391 -26.9908 7.5534 -37.8620 -9.5447 -48.1753 -31.6132 24.6854 -43.7313 -24.2088 -13.2145 -35.9129 30.0846 -48.6246 -28.7860 14.4541 -40.0919 -17.9549 -43.3763 -33.3677 31.2541 -45.8186 -26.1466 2.4868 -36.6365 3.6285 -48.8569 -29.5309
-48.8111 7.1624 -36.5558 1.2544 -25.9751 -45.5824 30.5276 -33.1680 -44.2792 -17.3234 -39.8542 13.7974 -28.6036 -48.5035 31.6143 -35.7808 -15.8672 -23.9192 -43.4994 24.0170 -31.4477 -48.3331 -8.4816 -37.7158 7.1003 -26.9129 -46.7670 33.6835 -34.0299 -39.9156 -19.3880 -40.5871 15.4171 -28.9332 -48.6377 31.1274 -35.7162 -19.3766 -23.2410 -42.7634 21.2200 -30.5093 -48.8958 8.6445 -36.5013 -2.1729 -25.2988 -44.5253 26.4325 -31.8957 -48.0428 -9.1673 -37.6188 6.5670 -31.5242 0.1556 -36.5237 8.6445 -48.8958 -30.5093 21.2200 -42.7634 -23.2410 -19.3766 -35.7162 31.1274 -48.6377 -28.9332 15.4171 -40.5871 -19.3880 -39.9156 -34.0299 33.6835 -46.7670 -26.9129 7.1003 -37.7158 -8.4816 -48.3331 -31.4477 24.0170 -43.4994 -23.9192 -15.8672 -35.7808 31.6143 -48.5035 -28.6036 13.7974 -39.8542 -17.3234 -44.2792 -33.1680 30.5276 -45.5824 -25.9751 1.2544 -36.5558 7.1624 -48.8111
-0.0010 -36.2603 -0.1038 -25.7929 -45.3408 29.7731 -32.9684 -45.0721 -16.6357 -39.6141 13.1368 -28.4223 -48.3691 32.8137 -35.6409 -18.5943 -23.6112 -43.2566 23.3034 -31.2618 -48.4813 -7.0844 -37.5378 6.5012 -26.8038 -46.6486 33.4451 -33.9662 -40.2159 -19.3292 -40.5871 15.4918 -28.9753 -48.6755 30.4406 -35.7893 -17.7325 -23.4563 -42.9372 21.7593 -30.6685 -48.8186 5.3616 -36.5444 -0.6864 -25.5138 -44.7634 27.1806 -32.0907 -47.7694 -10.5388 -37.8460 6.8837 -27.3297 -48.4841 -26.5064 -0.6993 -36.5444 5.3616 -48.8186 -30.6685 21.7593 -42.9372 -23.4563 -17.7325 -35.7893 30.4406 -48.6755 -28.9753 15.4918 -40.5871 -19.3292 -40.2159 -33.9662 33.4451 -46.6486 -26.8038 6.5012 -37.5378 -7.0844 -48.4813 -31.2618 23.3034 -43.2566 -23.6112 -18.5943 -35.6409 32.8137 -48.3691 -28.4223 13.1368 -39.6141 -16.6357 -45.0721 -32.9684 29.7731 -45.3408 -25.7929 -0.1038 -36.2603 -0.0010
-36.6983 -1.6156 -25.5937 -45.0975 29.0065 -32.7685 -45.7544 -15.9004 -39.3711 12.4590 -28.2407 -48.2226 33.7151 -35.4939 -21.3275 -23.2885 -43.0135 22.5874 -31.0679 -48.6027 -5.2808 -37.3317 5.7648 -26.6735 -46.4949 33.0876 -33.8627 -40.7921 -19.1505 -40.5323 15.4171 -28.9753 -48.6877 30.0591 -35.8356 -16.5245 -23.6248 -43.0832 22.2226 -30.8060 -48.7555 2.6382 -36.5666 0.5638 -25.7046 -44.9966 27.9296 -32.2856 -47.4398 -11.7505 -38.0744 7.7025 -26.9230 -46.4966 28.2109 -45.0560 -25.7328 0.5640 -36.5666 2.6382 -48.7555 -30.8060 22.2226 -43.0832 -23.6248 -16.5245 -35.8356 30.0591 -48.6877 -28.9753 15.4171 -40.5323 -19.1505 -40.7921 -33.8627 33.0876 -46.4949 -26.6735 5.7648 -37.3317 -5.2808 -48.6027 -31.0679 22.5874 -43.0135 -23.2885 -21.3275 -35.4939 33.7151 -48.2226 -28.2407 12.4590 -39.3711 -15.9004 -45.7544 -32.7685 29.0065 -45.0975 -25.5937 -1.6156 -36.6983
-4.4504 -25.3876 -44.8544 28.2383 -32.5654 -46.3512 -15.0941 -39.1262 11.7550 -28.0576 -48.0623 34.3511 -35.3405 -24.0036 -22.9509 -42.7702 21.8796 -30.8746 -48.6885 -3.0964 -37.1106 4.8829 -26.5234 -46.3138 32.6282 -33.7303 -41.5544 -18.8535 -40.4228 15.1929 -28.9332 -48.6755 30.0591 -35.8508 -15.9051 -23.7321 -43.1909 22.5978 -30.9218 -48.7206 0.4837 -36.6330 1.5702 -25.8625 -45.2114 28.6446 -32.4776 -47.0483 -12.8313 -38.3041 8.4830 -27.0787 -46.8065 33.8626 -36.8744 29.8843 -45.1993 -25.8620 1.5702 -36.6330 0.4837 -48.7206 -30.9218 22.5978 -43.1909 -23.7321 -15.9051 -35.8508 30.0591 -48.6755 -28.9332 15.1929 -40.4228 -18.8535 -41.5544 -33.7303 32.6282 -46.3138 -26.5234 4.8829 -37.1106 -3.0964 -48.6885 -30.8746 21.8796 -42.7702 -22.9509 -24.0036 -35.3405 34.3511 -48.0623 -28.0576 11.7550 -39.1262 -15.0941 -46.3512 -32.5654 28.2383 -44.8544 -25.3876 -4.4504
-23.8015 -44.6067 27.4587 -32.3638 -46.8636 -14.2120 -38.8831 11.0406 -27.8735 -47.8894 34.7577 -35.1792 -26.5717 -22.5980 -42.5268 21.1800 -30.6819 -48.7446 -0.5560 -36.8875 3.8994 -26.3599 -46.1049 32.0680 -33.5786 -42.3857 -18.4659 -40.2725 14.8376 -28.8519 -48.6377 30.4406 -35.8356 -15.9051 -23.7674 -43.2464 22.8424 -31.0074 -48.6895 -1.1718 -36.7606 2.3926 -25.9897 -45.3979 29.2807 -32.6555 -46.6101 -13.7911 -38.5349 9.2350 -27.2508 -47.0199 33.9454 -34.8068 -9.2857 -34.0070 29.2686 -45.3981 -25.9897 2.3926 -36.7606 -1.1718 -48.6895 -31.0074 22.8424 -43.2464 -23.7674 -15.9051 -35.8356 30.4406 -48.6377 -28.8519 14.8376 -40.2725 -18.4659 -42.3857 -33.5786 32.0680 -46.1049 -26.3599 3.8994 -36.8875 -0.5560 -48.7446 -30.6819 21.1800 -42.5268 -22.5980 -26.5717 -35.1792 34.7577 -47.8894 -27.8735 11.0406 -38.8831 -14.2120 -46.8636 -32.3638 27.4587 -44.6067 -23.8015
-44.4469 26.6785 -32.1621 -47.2954 -13.2492 -38.6410 10.3107 -27.6895 -47.7051 34.9571 -35.0115 -29.0296 -22.2293 -42.2834 20.4884 -30.4898 -48.8185 2.3703 -36.6747 2.8405 -26.1944 -45.8802 31.4200 -33.4054 -43.2398 -18.0014 -40.0953 14.3884 -28.7404 -48.5760 31.1274 -35.7893 -16.5245 -23.7321 -43.2464 22.9241 -31.0516 -48.6642 -2.3045 -36.8780 3.0594 -26.0949 -45.5568 29.8265 -32.8107 -46.1599 -14.6030 -38.7568 9.9532 -27.4241 -47.2218 34.3673 -34.2361 -38.5542 -26.0657 -45.1724 -32.8854 29.8266 -45.5568 -26.0949 3.0594 -36.8780 -2.3045 -48.6642 -31.0516 22.9241 -43.2464 -23.7321 -16.5245 -35.7893 31.1274 -48.5760 -28.7404 14.3884 -40.0953 -18.0014 -43.2398 -33.4054 31.4200 -45.8802 -26.1944 2.8405 -36.6747 2.3703 -48.8185 -30.4898 20.4884 -42.2834 -22.2293 -29.0296 -35.0115 34.9571 -47.7051 -27.6895 10.3107 -38.6410 -13.2492 -47.2954 -32.1621 26.6785 -44.4469
26.1432 -31.8732 -47.6617 -12.1686 -38.3999 9.5612 -27.5079 -47.5122 34.9665 -34.8377 -31.3480 -21.8381 -42.0397 19.8043 -30.2985 -48.9045 5.6642 -36.5624 1.6909 -26.0298 -45.6521 30.7227 -33.2167 -44.0913 -17.4422 -39.8915 13.8631 -28.6060 -48.4913 31.9524 -35.7162 -17.7325 -23.6248 -43.1909 22.8424 -31.0516 -48.6549 -2.8605 -36.9543 3.5310 -26.1812 -45.6917 30.2831 -32.9435 -45.7220 -15.2606 -38.9565 10.6025 -27.5911 -47.4149 34.6950 -34.3867 -37.9772 -20.2622 -43.2889 -16.5728 -45.7359 -32.9421 30.2831 -45.6917 -26.1812 3.5310 -36.9543 -2.8605 -48.6549 -31.0516 22.8424 -43.1909 -23.6248 -17.7325 -35.7162 31.9524 -48.4913 -28.6060 13.8631 -39.8915 -17.4422 -44.0913 -33.2167 30.7227 -45.6521 -26.0298 1.6909 -36.5624 5.6642 -48.9045 -30.2985 19.8043 -42.0397 -21.8381 -31.3480 -34.8377 34.9665 -47.5122 -27.5079 9.5612 -38.3999 -12.1686 -47.6617 -31.8732 26.1432
-31.0054 -47.9651 -10.9592 -38.1628 8.7973 -27.3279 -47.3140 34.8161 -34.6560 -33.5044 -21.4180 -41.7900 19.1178 -30.1080 -48.9574 9.2344 -36.5325 0.4328 -25.8594 -45.4213 30.0042 -33.0242 -44.8769 -16.7998 -39.6647 13.2598 -28.4506 -48.3830 32.7992 -35.6221 -19.3766 -23.4563 -43.0832 22.5978 -31.0074 -48.6642 -2.8605 -36.9797 3.7681 -26.2377 -45.7931 30.6518 -33.0529 -45.3142 -15.7899 -39.1302 11.1596 -27.7417 -47.5881 34.9009 -34.5614 -36.3462 -20.2922 -41.0472 25.9496 -39.4842 -15.7787 -45.3141 -33.0529 30.6518 -45.7931 -26.2377 3.7681 -36.9797 -2.8605 -48.6642 -31.0074 22.5978 -43.0832 -23.4563 -19.3766 -35.6221 32.7992 -48.3830 -28.4506 13.2598 -39.6647 -16.7998 -44.8769 -33.0242 30.0042 -45.4213 -25.8594 0.4328 -36.5325 9.2344 -48.9574 -30.1080 19.1178 -41.7900 -21.4180 -33.5044 -34.6560 34.8161 -47.3140 -27.3279 8.7973 -38.1628 -10.9592 -47.9651 -31.0054
-48.3964 -9.6102 -37.9245 7.9968 -27.1479 -47.1062 34.5292 -34.4730 -35.4691 -20.9771 -41.5377 18.4280 -29.9157 -48.9805 12.9224 -36.4852 -0.9545 -25.6742 -45.1882 29.2709 -32.8308 -45.5652 -16.1001 -39.4287 12.6041 -28.2780 -48.2505 33.5926 -35.5070 -21.3339 -23.2410 -42.9372 22.2226 -30.9218 -48.6895 -2.3045 -36.9543 3.7681 -26.2566 -45.8451 30.8944 -33.1345 -44.9622 -16.2013 -39.2775 11.6300 -27.8716 -47.7345 34.9801 -34.7183 -34.6569 -20.7325 -41.1572 17.1204 -33.5829 12.7278 -39.2741 -16.2013 -44.9622 -33.1345 30.8944 -45.8451 -26.2566 3.7681 -36.9543 -2.3045 -48.6895 -30.9218 22.2226 -42.9372 -23.2410 -21.3339 -35.5070 33.5926 -48.2505 -28.2780 12.6041 -39.4287 -16.1001 -45.5652 -32.8308 29.2709 -45.1882 -25.6742 -0.9545 -36.4852 12.9224 -48.9805 -29.9157 18.4280 -41.5377 -20.9771 -35.4691 -34.4730 34.5292 -47.1062 -27.1479 7.9968 -37.9245 -9.6102 -48.3964
-11.2074 -37.6871 7.1608 -26.9695 -46.8924 34.1296 -34.2870 -37.2292 -20.5179 -41.2856 17.7355 -29.7201 -48.9753 16.5880 -36.4220 -2.4937 -25.4722 -44.9531 28.5282 -32.6368 -46.1650 -15.3441 -39.1937 11.9312 -28.0989 -48.0972 34.2440 -35.3686 -23.6024 -22.9786 -42.7634 21.7593 -30.8060 -48.7206 -1.1718 -36.8780 3.5310 -26.2377 -45.8451 30.9747 -33.1785 -44.7170 -16.4965 -39.3949 12.0082 -27.9794 -47.8534 34.9587 -34.8515 -33.0220 -21.1230 -41.3855 17.3527 -30.1696 -47.7608 -29.2398 11.9940 -39.3948 -16.4965 -44.7170 -33.1785 30.9747 -45.8451 -26.2377 3.5310 -36.8780 -1.1718 -48.7206 -30.8060 21.7593 -42.7634 -22.9786 -23.6024 -35.3686 34.2440 -48.0972 -28.0989 11.9312 -39.1937 -15.3441 -46.1650 -32.6368 28.5282 -44.9531 -25.4722 -2.4937 -36.4220 16.5880 -48.9753 -29.7201 17.7355 -41.2856 -20.5179 -37.2292 -34.2870 34.1296 -46.8924 -26.9695 7.1608 -37.6871 -11.2074
-38.1429 6.2900 -26.7924 -46.6731 33.6363 -34.0950 -38.8279 -20.0309 -41.0340 17.0471 -29.5257 -48.9440 20.0712 -36.3469 -4.2079 -25.2540 -44.7162 27.7806 -32.4423 -46.6841 -14.5223 -38.9598 11.2482 -27.9209 -47.9318 34.6902 -35.2128 -26.0814 -22.6613 -42.5583 21.2200 -30.6685 -48.7555 0.4837 -36.7606 3.0594 -26.1812 -45.7931 30.8944 -33.1785 -44.6299 -16.6544 -39.4723 12.2876 -28.0659 -47.9467 34.8727 -34.9629 -31.5324 -21.4512 -41.5887 17.9416 -29.6156 -48.7021 -11.6684 -47.7953 -28.1181 12.2876 -39.4723 -16.6544 -44.6299 -33.1785 30.8944 -45.7931 -26.1812 3.0594 -36.7606 0.4837 -48.7555 -30.6685 21.2200 -42.5583 -22.6613 -26.0814 -35.2128 34.6902 -47.9318 -27.9209 11.2482 -38.9598 -14.5223 -46.6841 -32.4423 27.7806 -44.7162 -25.2540 -4.2079 -36.3469 20.0712 -48.9440 -29.5257 17.0471 -41.0340 -20.0309 -38.8279 -34.0950 33.6363 -46.6731 -26.7924 6.2900 -38.1429
4.9889 -26.6281 -46.4487 33.0671 -33.9036 -40.2534 -19.5190 -40.7859 16.3702 -29.3326 -48.8910 23.2220 -36.2546 -6.1437 -25.0202 -44.4778 27.0316 -32.2474 -47.1297 -13.6226 -38.7269 10.5522 -27.7441 -47.7572 34.9265 -35.0496 -28.5358 -22.3008 -42.3254 20.5970 -30.5093 -48.8186 2.6382 -36.6330 2.3926 -26.0949 -45.6917 30.6518 -33.1345 -44.7170 -16.6544 -39.4992 12.4411 -28.1245 -48.0162 34.7533 -35.0535 -30.2118 -21.7189 -41.7624 18.4567 -29.7493 -48.9422 20.8984 -38.2528 34.3311 -47.9890 -28.1236 12.4411 -39.4992 -16.6544 -44.7170 -33.1345 30.6518 -45.6917 -26.0949 2.3926 -36.6330 2.6382 -48.8186 -30.5093 20.5970 -42.3254 -22.3008 -28.5358 -35.0496 34.9265 -47.7572 -27.7441 10.5522 -38.7269 -13.6226 -47.1297 -32.2474 27.0316 -44.4778 -25.0202 -6.1437 -36.2546 23.2220 -48.8910 -29.3326 16.3702 -40.7859 -19.5190 -40.2534 -33.9036 33.0671 -46.4487 -26.6281 4.9889
-25.1786 -46.2221 32.4447 -33.7100 -41.5117 -18.9819 -40.5359 15.6883 -29.1388 -48.8152 25.9994 -36.1483 -8.3274 -24.7675 -44.2380 26.2840 -32.0525 -47.5087 -12.6300 -38.4952 9.8399 -27.5685 -47.5745 34.9812 -34.8817 -30.8275 -21.9189 -42.0822 19.9217 -30.3304 -48.8958 5.3616 -36.5666 1.5702 -25.9897 -45.5568 30.2831 -33.0529 -44.9622 -16.4965 -39.4723 12.4411 -28.1449 -48.0569 34.6411 -35.0957 -29.1000 -21.9302 -41.9082 18.8968 -29.8972 -48.9831 19.6730 -36.4926 8.9866 -35.9116 34.6772 -48.0477 -28.1449 12.4411 -39.4723 -16.4965 -44.9622 -33.0529 30.2831 -45.5568 -25.9897 1.5702 -36.5666 5.3616 -48.8958 -30.3304 19.9217 -42.0822 -21.9189 -30.8275 -34.8817 34.9812 -47.5745 -27.5685 9.8399 -38.4952 -12.6300 -47.5087 -32.0525 26.2840 -44.2380 -24.7675 -8.3274 -36.1483 25.9994 -48.8152 -29.1388 15.6883 -40.5359 -18.9819 -41.5117 -33.7100 32.4447 -46.2221 -25.1786
-45.9740 31.7654 -33.5118 -42.6405 -18.4065 -40.2865 15.0068 -28.9467 -48.7195 28.3441 -36.0316 -10.7382 -24.4945 -43.9906 25.5305 -31.8575 -47.8269 -11.5255 -38.2646 9.1078 -27.3942 -47.3843 34.8799 -34.7097 -32.9444 -21.5196 -41.8393 19.2435 -30.1413 -48.9508 8.6445 -36.5444 0.5638 -25.8625 -45.3979 29.8265 -32.9435 -45.3142 -16.2013 -39.3949 12.2876 -28.1245 -48.0569 34.6678 -35.1150 -29.5222 -21.9246 -41.9559 18.9781 -30.1428 -49.0160 17.6392 -36.3300 -4.5895 -29.7162 -23.4300 -35.3149 34.4670 -48.0649 -28.1235 12.2876 -39.3948 -16.2013 -45.3141 -32.9421 29.8266 -45.3981 -25.8620 0.5640 -36.5444 8.6445 -48.9508 -30.1413 19.2435 -41.8393 -21.5196 -32.9444 -34.7083 34.8797 -47.3843 -27.3942 9.1078 -38.2646 -11.5255 -47.8269 -31.8574 25.5307 -43.9907 -24.4941 -10.7377 -36.0317 28.3440 -48.7202 -28.9467 15.0067 -40.2865 -18.4064 -42.6403 -33.5104 31.7654 -45.9740
30.6357 -33.1906 -43.6341 -17.7953 -40.0404 14.3307 -28.7557 -48.6070 30.2758 -35.9004 -13.3694 -24.2036 -43.7387 24.7711 -31.6611 -48.0900 -10.2850 -38.0351 8.3513 -27.2211 -47.1874 34.6460 -34.5339 -34.8827 -21.1018 -41.5967 18.5716 -29.9515 -48.9789 12.2733 -36.5013 -0.6864 -25.7046 -45.2114 29.2807 -32.8107 -45.7220 -15.7899 -39.2775 12.0082 -28.0659 -48.0162 34.6436 -35.1470 -28.5722 -22.0331 -41.9742 19.3879 -30.1991 -48.9892 15.7393 -36.2751 -4.4352 -25.5719 -46.7249 -23.2689 -27.9759 -35.3003 34.7879 -47.9951 -28.1181 11.9940 -39.2741 -15.7787 -45.7359 -32.8854 29.2686 -45.1993 -25.7328 -0.6993 -36.5237 12.3507 -48.9209 -30.0145 18.5665 -41.5945 -21.1098 -34.9206 -34.6075 34.6549 -47.1687 -27.2638 8.3444 -38.0356 -10.2658 -48.0955 -31.7302 24.7561 -43.7300 -24.2238 -13.3986 -35.9609 30.3265 -48.5728 -28.8090 14.3174 -40.0368 -17.7907 -43.6442 -33.2828 30.6542
