0.1252 0.5035 0.1173 0.1957 0.3895 0.1118 0.3535 0.1452 0.1379 0.5025 0.1143 0.2173 0.3355 0.1141 0.3981 0.1347 0.1480 0.4904 0.1122 0.2428 0.2719 0.1176 0.4437 0.1273 0.1603 0.4689 0.1110 0.2728 0.2082 0.1225 0.4826 0.1219 0.1750 0.4380 0.1108 0.3075 0.1664 0.1287 0.5023 0.1178 0.1927 0.3967 0.1116 0.3471 0.1472 0.1366 0.5035 0.1147 0.2138 0.3444 0.1136 0.3912 0.1359 0.1483 0.4367 0.1400 0.1469 0.3471 0.1116 0.3967 0.1927 0.1178 0.5023 0.1287 0.1664 0.3075 0.1108 0.4380 0.1750 0.1219 0.4826 0.1225 0.2082 0.2728 0.1110 0.4689 0.1603 0.1273 0.4437 0.1176 0.2719 0.2428 0.1122 0.4904 0.1480 0.1347 0.3981 0.1141 0.3355 0.2173 0.1143 0.5025 0.1379 0.1452 0.3535 0.1118 0.3895 0.1957 0.1173 0.5035 0.1252
0.5035 0.1157 0.2052 0.4098 0.1147 0.3744 0.1413 0.1442 0.5184 0.1133 0.2291 0.3561 0.1178 0.4212 0.1301 0.1549 0.5065 0.1122 0.2565 0.2919 0.1221 0.4673 0.1231 0.1680 0.4858 0.1119 0.2886 0.2225 0.1277 0.5037 0.1185 0.1838 0.4560 0.1126 0.3257 0.1682 0.1345 0.5196 0.1155 0.2028 0.4160 0.1144 0.3678 0.1436 0.1428 0.5194 0.1135 0.2253 0.3648 0.1173 0.4140 0.1314 0.1532 0.5071 0.1101 0.5175 0.1428 0.1436 0.3678 0.1144 0.4160 0.2028 0.1155 0.5196 0.1345 0.1682 0.3257 0.1126 0.4560 0.1838 0.1185 0.5037 0.1277 0.2225 0.2886 0.1119 0.4858 0.1680 0.1231 0.4673 0.1221 0.2919 0.2565 0.1122 0.5065 0.1549 0.1301 0.4212 0.1178 0.3561 0.2291 0.1133 0.5184 0.1442 0.1413 0.3744 0.1147 0.4098 0.2052 0.1157 0.5035
0.1173 0.2052 0.4071 0.1146 0.3796 0.1393 0.1456 0.5172 0.1127 0.2329 0.3472 0.1180 0.4282 0.1286 0.1567 0.5039 0.1117 0.2610 0.2815 0.1226 0.4737 0.1221 0.1702 0.4819 0.1116 0.2938 0.2127 0.1285 0.5074 0.1177 0.1864 0.4507 0.1124 0.3317 0.1629 0.1356 0.5204 0.1149 0.2059 0.4091 0.1143 0.3745 0.1411 0.1442 0.5184 0.1130 0.2291 0.3562 0.1175 0.4210 0.1299 0.1549 0.5065 0.1099 0.3288 0.1096 0.5184 0.1442 0.1411 0.3745 0.1143 0.4091 0.2059 0.1149 0.5204 0.1356 0.1629 0.3317 0.1124 0.4507 0.1864 0.1177 0.5074 0.1285 0.2127 0.2938 0.1116 0.4819 0.1702 0.1221 0.4737 0.1226 0.2815 0.2610 0.1117 0.5039 0.1567 0.1286 0.4282 0.1180 0.3472 0.2329 0.1127 0.5172 0.1456 0.1393 0.3796 0.1146 0.4071 0.2052 0.1173
0.1957 0.4098 0.1146 0.3818 0.1382 0.1467 0.5161 0.1126 0.2365 0.3384 0.1186 0.4350 0.1275 0.1585 0.5012 0.1116 0.2655 0.2712 0.1234 0.4798 0.1213 0.1724 0.4779 0.1116 0.2991 0.2033 0.1295 0.5106 0.1172 0.1891 0.4452 0.1126 0.3377 0.1584 0.1368 0.5208 0.1146 0.2091 0.4020 0.1147 0.3812 0.1391 0.1457 0.5172 0.1127 0.2329 0.3473 0.1180 0.4281 0.1287 0.1567 0.5040 0.1116 0.2640 0.1553 0.2395 0.1125 0.5172 0.1457 0.1391 0.3812 0.1147 0.4020 0.2091 0.1146 0.5208 0.1368 0.1584 0.3377 0.1126 0.4452 0.1891 0.1172 0.5106 0.1295 0.2033 0.2991 0.1116 0.4779 0.1724 0.1213 0.4798 0.1234 0.2712 0.2655 0.1116 0.5012 0.1585 0.1275 0.4350 0.1186 0.3384 0.2365 0.1126 0.5161 0.1467 0.1382 0.3818 0.1146 0.4098 0.1957
0.3895 0.1147 0.3796 0.1382 0.1471 0.5153 0.1124 0.2396 0.3303 0.1192 0.4416 0.1265 0.1604 0.4984 0.1116 0.2702 0.2608 0.1242 0.4856 0.1206 0.1747 0.4736 0.1117 0.3045 0.1945 0.1305 0.5134 0.1168 0.1918 0.4395 0.1129 0.3439 0.1544 0.1380 0.5210 0.1142 0.2124 0.3946 0.1151 0.3880 0.1371 0.1472 0.5158 0.1125 0.2367 0.3381 0.1186 0.4351 0.1275 0.1585 0.5013 0.1116 0.2654 0.2646 0.1388 0.3233 0.2367 0.1125 0.5158 0.1472 0.1371 0.3880 0.1151 0.3946 0.2124 0.1142 0.5210 0.1380 0.1544 0.3439 0.1129 0.4395 0.1918 0.1168 0.5134 0.1305 0.1945 0.3045 0.1117 0.4736 0.1747 0.1206 0.4856 0.1242 0.2608 0.2702 0.1116 0.4984 0.1604 0.1265 0.4416 0.1192 0.3303 0.2396 0.1124 0.5153 0.1471 0.1382 0.3796 0.1147 0.3895
0.1118 0.3744 0.1393 0.1467 0.5153 0.1124 0.2415 0.3244 0.1197 0.4473 0.1255 0.1622 0.4955 0.1115 0.2748 0.2506 0.1251 0.4910 0.1199 0.1770 0.4692 0.1118 0.3101 0.1864 0.1316 0.5156 0.1163 0.1947 0.4335 0.1131 0.3501 0.1510 0.1392 0.5209 0.1139 0.2157 0.3870 0.1156 0.3949 0.1354 0.1487 0.5142 0.1123 0.2407 0.3288 0.1193 0.4421 0.1264 0.1604 0.4984 0.1116 0.2701 0.2610 0.1248 0.5211 0.1201 0.3290 0.2407 0.1123 0.5142 0.1487 0.1354 0.3949 0.1156 0.3870 0.2157 0.1139 0.5209 0.1392 0.1510 0.3501 0.1131 0.4335 0.1947 0.1163 0.5156 0.1316 0.1864 0.3101 0.1118 0.4692 0.1770 0.1199 0.4910 0.1251 0.2506 0.2748 0.1115 0.4955 0.1622 0.1255 0.4473 0.1197 0.3244 0.2415 0.1124 0.5153 0.1467 0.1393 0.3744 0.1118
0.3535 0.1413 0.1456 0.5161 0.1124 0.2415 0.3222 0.1200 0.4514 0.1248 0.1637 0.4926 0.1115 0.2794 0.2408 0.1259 0.4958 0.1193 0.1794 0.4646 0.1119 0.3157 0.1790 0.1326 0.5174 0.1159 0.1976 0.4273 0.1134 0.3565 0.1479 0.1405 0.5205 0.1137 0.2192 0.3790 0.1161 0.4019 0.1338 0.1503 0.5124 0.1122 0.2448 0.3192 0.1199 0.4490 0.1254 0.1623 0.4953 0.1115 0.2749 0.2505 0.1251 0.4940 0.1072 0.4593 0.1198 0.3192 0.2448 0.1122 0.5124 0.1503 0.1338 0.4019 0.1161 0.3790 0.2192 0.1137 0.5205 0.1405 0.1479 0.3565 0.1134 0.4273 0.1976 0.1159 0.5174 0.1326 0.1790 0.3157 0.1119 0.4646 0.1794 0.1193 0.4958 0.1259 0.2408 0.2794 0.1115 0.4926 0.1637 0.1248 0.4514 0.1200 0.3222 0.2415 0.1124 0.5161 0.1456 0.1413 0.3535
0.1452 0.1442 0.5172 0.1126 0.2396 0.3244 0.1200 0.4528 0.1245 0.1649 0.4903 0.1115 0.2836 0.2316 0.1268 0.5002 0.1187 0.1818 0.4599 0.1121 0.3213 0.1725 0.1337 0.5188 0.1155 0.2005 0.4208 0.1137 0.3631 0.1452 0.1418 0.5199 0.1134 0.2227 0.3709 0.1165 0.4089 0.1323 0.1519 0.5104 0.1120 0.2490 0.3093 0.1206 0.4558 0.1244 0.1644 0.4920 0.1115 0.2799 0.2401 0.1260 0.4959 0.1167 0.2209 0.1197 0.4557 0.1206 0.3093 0.2490 0.1120 0.5104 0.1519 0.1323 0.4089 0.1165 0.3709 0.2227 0.1134 0.5199 0.1418 0.1452 0.3631 0.1137 0.4208 0.2005 0.1155 0.5188 0.1337 0.1725 0.3213 0.1121 0.4599 0.1818 0.1187 0.5002 0.1268 0.2316 0.2836 0.1115 0.4903 0.1649 0.1245 0.4528 0.1200 0.3244 0.2396 0.1126 0.5172 0.1442 0.1452
0.1379 0.5184 0.1127 0.2365 0.3303 0.1197 0.4514 0.1245 0.1653 0.4890 0.1115 0.2869 0.2240 0.1275 0.5039 0.1182 0.1842 0.4550 0.1123 0.3270 0.1669 0.1348 0.5198 0.1152 0.2035 0.4143 0.1141 0.3696 0.1428 0.1432 0.5191 0.1131 0.2264 0.3625 0.1171 0.4159 0.1309 0.1536 0.5082 0.1119 0.2533 0.2994 0.1213 0.4624 0.1235 0.1664 0.4885 0.1115 0.2848 0.2298 0.1269 0.5006 0.1186 0.1839 0.3683 0.1704 0.1233 0.4624 0.1213 0.2994 0.2533 0.1119 0.5082 0.1536 0.1309 0.4159 0.1171 0.3625 0.2264 0.1131 0.5191 0.1432 0.1428 0.3696 0.1141 0.4143 0.2035 0.1152 0.5198 0.1348 0.1669 0.3270 0.1123 0.4550 0.1842 0.1182 0.5039 0.1275 0.2240 0.2869 0.1115 0.4890 0.1653 0.1245 0.4514 0.1197 0.3303 0.2365 0.1127 0.5184 0.1379
0.5025 0.1133 0.2329 0.3384 0.1192 0.4473 0.1248 0.1649 0.4890 0.1115 0.2888 0.2190 0.1281 0.5067 0.1178 0.1865 0.4501 0.1124 0.3326 0.1620 0.1358 0.5205 0.1148 0.2065 0.4076 0.1144 0.3761 0.1406 0.1446 0.5181 0.1129 0.2301 0.3538 0.1176 0.4229 0.1295 0.1554 0.5058 0.1118 0.2577 0.2892 0.1221 0.4690 0.1227 0.1686 0.4848 0.1115 0.2899 0.2199 0.1278 0.5047 0.1181 0.1844 0.4515 0.1167 0.4789 0.1686 0.1227 0.4690 0.1221 0.2892 0.2577 0.1118 0.5058 0.1554 0.1295 0.4229 0.1176 0.3538 0.2301 0.1129 0.5181 0.1446 0.1406 0.3761 0.1144 0.4076 0.2065 0.1148 0.5205 0.1358 0.1620 0.3326 0.1124 0.4501 0.1865 0.1178 0.5067 0.1281 0.2190 0.2888 0.1115 0.4890 0.1649 0.1248 0.4473 0.1192 0.3384 0.2329 0.1133 0.5025
0.1143 0.2291 0.3472 0.1186 0.4416 0.1255 0.1637 0.4903 0.1115 0.2888 0.2172 0.1285 0.5083 0.1175 0.1884 0.4458 0.1126 0.3381 0.1579 0.1369 0.5209 0.1145 0.2096 0.4007 0.1148 0.3826 0.1386 0.1460 0.5169 0.1127 0.2339 0.3449 0.1182 0.4299 0.1283 0.1572 0.5033 0.1117 0.2621 0.2789 0.1228 0.4753 0.1219 0.1707 0.4809 0.1116 0.2952 0.2102 0.1288 0.5083 0.1176 0.1871 0.4493 0.1114 0.4249 0.1096 0.4810 0.1707 0.1219 0.4753 0.1228 0.2789 0.2621 0.1117 0.5033 0.1572 0.1283 0.4299 0.1182 0.3449 0.2339 0.1127 0.5169 0.1460 0.1386 0.3826 0.1148 0.4007 0.2096 0.1145 0.5209 0.1369 0.1579 0.3381 0.1126 0.4458 0.1884 0.1175 0.5083 0.1285 0.2172 0.2888 0.1115 0.4903 0.1637 0.1255 0.4416 0.1186 0.3472 0.2291 0.1143
0.2173 0.3561 0.1180 0.4350 0.1265 0.1622 0.4926 0.1115 0.2869 0.2190 0.1285 0.5089 0.1173 0.1896 0.4425 0.1128 0.3428 0.1547 0.1380 0.5210 0.1142 0.2128 0.3935 0.1152 0.3892 0.1368 0.1475 0.5155 0.1125 0.2376 0.3360 0.1188 0.4368 0.1272 0.1590 0.5005 0.1116 0.2667 0.2686 0.1236 0.4813 0.1211 0.1730 0.4768 0.1116 0.3005 0.2010 0.1298 0.5114 0.1171 0.1898 0.4437 0.1126 0.3429 0.1205 0.3088 0.1115 0.4768 0.1730 0.1211 0.4813 0.1236 0.2686 0.2667 0.1116 0.5005 0.1590 0.1272 0.4368 0.1188 0.3360 0.2376 0.1125 0.5155 0.1475 0.1368 0.3892 0.1152 0.3935 0.2128 0.1142 0.5210 0.1380 0.1547 0.3428 0.1128 0.4425 0.1896 0.1173 0.5089 0.1285 0.2190 0.2869 0.1115 0.4926 0.1622 0.1265 0.4350 0.1180 0.3561 0.2173
0.3355 0.1178 0.4282 0.1275 0.1604 0.4955 0.1115 0.2836 0.2240 0.1281 0.5083 0.1173 0.1901 0.4407 0.1129 0.3464 0.1523 0.1390 0.5209 0.1139 0.2159 0.3862 0.1156 0.3959 0.1352 0.1490 0.5139 0.1123 0.2415 0.3269 0.1194 0.4435 0.1262 0.1608 0.4976 0.1116 0.2714 0.2582 0.1245 0.4870 0.1204 0.1753 0.4725 0.1117 0.3060 0.1924 0.1308 0.5140 0.1166 0.1926 0.4379 0.1129 0.3454 0.1497 0.1615 0.1787 0.3059 0.1117 0.4725 0.1753 0.1204 0.4870 0.1245 0.2582 0.2714 0.1116 0.4976 0.1608 0.1262 0.4435 0.1194 0.3269 0.2415 0.1123 0.5139 0.1490 0.1352 0.3959 0.1156 0.3862 0.2159 0.1139 0.5209 0.1390 0.1523 0.3464 0.1129 0.4407 0.1901 0.1173 0.5083 0.1281 0.2240 0.2836 0.1115 0.4955 0.1604 0.1275 0.4282 0.1178 0.3355
0.1141 0.4212 0.1286 0.1585 0.4984 0.1115 0.2794 0.2316 0.1275 0.5067 0.1175 0.1896 0.4407 0.1130 0.3484 0.1508 0.1396 0.5207 0.1137 0.2187 0.3794 0.1161 0.4023 0.1336 0.1505 0.5121 0.1122 0.2454 0.3176 0.1200 0.4501 0.1252 0.1627 0.4946 0.1115 0.2760 0.2481 0.1253 0.4923 0.1197 0.1776 0.4680 0.1118 0.3115 0.1844 0.1318 0.5161 0.1162 0.1954 0.4319 0.1132 0.3518 0.1501 0.1407 0.4968 0.1339 0.1843 0.3115 0.1118 0.4680 0.1776 0.1197 0.4923 0.1253 0.2481 0.2760 0.1115 0.4946 0.1627 0.1252 0.4501 0.1200 0.3176 0.2454 0.1122 0.5121 0.1505 0.1336 0.4023 0.1161 0.3794 0.2187 0.1137 0.5207 0.1396 0.1508 0.3484 0.1130 0.4407 0.1896 0.1175 0.5067 0.1275 0.2316 0.2794 0.1115 0.4984 0.1585 0.1286 0.4212 0.1141
0.3981 0.1301 0.1567 0.5012 0.1116 0.2748 0.2408 0.1268 0.5039 0.1178 0.1884 0.4425 0.1129 0.3484 0.1503 0.1400 0.5205 0.1136 0.2209 0.3736 0.1165 0.4083 0.1323 0.1520 0.5102 0.1120 0.2495 0.3081 0.1207 0.4567 0.1243 0.1647 0.4914 0.1115 0.2808 0.2381 0.1261 0.4970 0.1191 0.1800 0.4634 0.1120 0.3171 0.1772 0.1329 0.5178 0.1158 0.1983 0.4256 0.1135 0.3582 0.1472 0.1409 0.5201 0.1076 0.5196 0.1329 0.1772 0.3171 0.1120 0.4634 0.1800 0.1191 0.4970 0.1261 0.2381 0.2808 0.1115 0.4914 0.1647 0.1243 0.4567 0.1207 0.3081 0.2495 0.1120 0.5102 0.1520 0.1323 0.4083 0.1165 0.3736 0.2209 0.1136 0.5205 0.1400 0.1503 0.3484 0.1129 0.4425 0.1884 0.1178 0.5039 0.1268 0.2408 0.2748 0.1116 0.5012 0.1567 0.1301 0.3981
0.1347 0.1549 0.5039 0.1116 0.2702 0.2506 0.1259 0.5002 0.1182 0.1865 0.4458 0.1128 0.3464 0.1508 0.1400 0.5205 0.1135 0.2224 0.3692 0.1168 0.4133 0.1312 0.1534 0.5083 0.1119 0.2535 0.2985 0.1214 0.4631 0.1234 0.1667 0.4880 0.1115 0.2856 0.2283 0.1270 0.5014 0.1186 0.1824 0.4586 0.1121 0.3228 0.1710 0.1340 0.5191 0.1154 0.2013 0.4192 0.1138 0.3647 0.1446 0.1422 0.5198 0.1111 0.2826 0.1116 0.5191 0.1340 0.1710 0.3228 0.1121 0.4586 0.1824 0.1186 0.5014 0.1270 0.2283 0.2856 0.1115 0.4880 0.1667 0.1234 0.4631 0.1214 0.2985 0.2535 0.1119 0.5083 0.1534 0.1312 0.4133 0.1168 0.3692 0.2224 0.1135 0.5205 0.1400 0.1508 0.3464 0.1128 0.4458 0.1865 0.1182 0.5002 0.1259 0.2506 0.2702 0.1116 0.5039 0.1549 0.1347
0.1480 0.5065 0.1117 0.2655 0.2608 0.1251 0.4958 0.1187 0.1842 0.4501 0.1126 0.3428 0.1523 0.1396 0.5205 0.1135 0.2229 0.3668 0.1170 0.4169 0.1304 0.1546 0.5065 0.1118 0.2574 0.2891 0.1221 0.4693 0.1226 0.1687 0.4845 0.1115 0.2905 0.2187 0.1279 0.5052 0.1180 0.1849 0.4537 0.1123 0.3284 0.1656 0.1350 0.5200 0.1151 0.2043 0.4126 0.1142 0.3712 0.1422 0.1436 0.5189 0.1130 0.2299 0.2220 0.2098 0.1148 0.5200 0.1350 0.1656 0.3284 0.1123 0.4537 0.1849 0.1180 0.5052 0.1279 0.2187 0.2905 0.1115 0.4845 0.1687 0.1226 0.4693 0.1221 0.2891 0.2574 0.1118 0.5065 0.1546 0.1304 0.4169 0.1170 0.3668 0.2229 0.1135 0.5205 0.1396 0.1523 0.3428 0.1126 0.4501 0.1842 0.1187 0.4958 0.1251 0.2608 0.2655 0.1117 0.5065 0.1480
0.4904 0.1122 0.2610 0.2712 0.1242 0.4910 0.1193 0.1818 0.4550 0.1124 0.3381 0.1547 0.1390 0.5207 0.1136 0.2224 0.3668 0.1171 0.4189 0.1298 0.1555 0.5050 0.1117 0.2608 0.2808 0.1228 0.4750 0.1219 0.1708 0.4807 0.1116 0.2956 0.2094 0.1289 0.5086 0.1175 0.1874 0.4485 0.1125 0.3342 0.1609 0.1361 0.5206 0.1147 0.2073 0.4058 0.1145 0.3778 0.1401 0.1450 0.5178 0.1128 0.2310 0.3462 0.1292 0.3945 0.2074 0.1147 0.5206 0.1361 0.1609 0.3342 0.1125 0.4485 0.1874 0.1175 0.5086 0.1289 0.2094 0.2956 0.1116 0.4807 0.1708 0.1219 0.4750 0.1228 0.2808 0.2608 0.1117 0.5050 0.1555 0.1298 0.4189 0.1171 0.3668 0.2224 0.1136 0.5207 0.1390 0.1547 0.3381 0.1124 0.4550 0.1818 0.1193 0.4910 0.1242 0.2712 0.2610 0.1122 0.4904
0.1122 0.2565 0.2815 0.1234 0.4856 0.1199 0.1794 0.4599 0.1123 0.3326 0.1579 0.1380 0.5209 0.1137 0.2209 0.3692 0.1170 0.4189 0.1297 0.1560 0.5040 0.1117 0.2635 0.2738 0.1233 0.4799 0.1212 0.1728 0.4769 0.1116 0.3007 0.2006 0.1298 0.5116 0.1171 0.1900 0.4431 0.1127 0.3401 0.1568 0.1373 0.5209 0.1144 0.2104 0.3988 0.1149 0.3843 0.1381 0.1464 0.5165 0.1126 0.2348 0.3427 0.1183 0.5100 0.1148 0.3989 0.2104 0.1144 0.5209 0.1373 0.1568 0.3401 0.1127 0.4431 0.1900 0.1171 0.5116 0.1298 0.2006 0.3007 0.1116 0.4769 0.1728 0.1212 0.4799 0.1233 0.2738 0.2635 0.1117 0.5040 0.1560 0.1297 0.4189 0.1170 0.3692 0.2209 0.1137 0.5209 0.1380 0.1579 0.3326 0.1123 0.4599 0.1794 0.1199 0.4856 0.1234 0.2815 0.2565 0.1122
0.2428 0.2919 0.1226 0.4798 0.1206 0.1770 0.4646 0.1121 0.3270 0.1620 0.1369 0.5210 0.1139 0.2187 0.3736 0.1168 0.4169 0.1298 0.1560 0.5036 0.1117 0.2652 0.2688 0.1238 0.4837 0.1207 0.1747 0.4732 0.1117 0.3057 0.1924 0.1308 0.5141 0.1166 0.1927 0.4375 0.1130 0.3460 0.1532 0.1384 0.5210 0.1141 0.2136 0.3916 0.1153 0.3909 0.1364 0.1478 0.5151 0.1124 0.2386 0.3337 0.1189 0.4426 0.1095 0.4016 0.1152 0.3916 0.2136 0.1141 0.5210 0.1384 0.1532 0.3460 0.1130 0.4375 0.1927 0.1166 0.5141 0.1308 0.1924 0.3057 0.1117 0.4732 0.1747 0.1207 0.4837 0.1238 0.2688 0.2652 0.1117 0.5036 0.1560 0.1298 0.4169 0.1168 0.3736 0.2187 0.1139 0.5210 0.1369 0.1620 0.3270 0.1121 0.4646 0.1770 0.1206 0.4798 0.1226 0.2919 0.2428
0.2719 0.1221 0.4737 0.1213 0.1747 0.4692 0.1119 0.3213 0.1669 0.1358 0.5209 0.1142 0.2159 0.3794 0.1165 0.4133 0.1304 0.1555 0.5040 0.1117 0.2657 0.2662 0.1241 0.4865 0.1203 0.1762 0.4700 0.1118 0.3103 0.1853 0.1318 0.5161 0.1162 0.1955 0.4317 0.1132 0.3521 0.1500 0.1396 0.5208 0.1138 0.2169 0.3842 0.1158 0.3976 0.1347 0.1494 0.5135 0.1123 0.2425 0.3245 0.1195 0.4452 0.1231 0.1950 0.1291 0.3975 0.1158 0.3842 0.2169 0.1138 0.5208 0.1396 0.1500 0.3521 0.1132 0.4317 0.1955 0.1162 0.5161 0.1318 0.1853 0.3103 0.1118 0.4700 0.1762 0.1203 0.4865 0.1241 0.2662 0.2657 0.1117 0.5040 0.1555 0.1304 0.4133 0.1165 0.3794 0.2159 0.1142 0.5209 0.1358 0.1669 0.3213 0.1119 0.4692 0.1747 0.1213 0.4737 0.1221 0.2719
0.1176 0.4673 0.1221 0.1724 0.4736 0.1118 0.3157 0.1725 0.1348 0.5205 0.1145 0.2128 0.3862 0.1161 0.4083 0.1312 0.1546 0.5050 0.1117 0.2652 0.2662 0.1242 0.4878 0.1201 0.1773 0.4674 0.1119 0.3143 0.1796 0.1326 0.5176 0.1158 0.1982 0.4257 0.1135 0.3583 0.1472 0.1409 0.5204 0.1136 0.2203 0.3765 0.1162 0.4043 0.1332 0.1509 0.5117 0.1121 0.2464 0.3152 0.1202 0.4518 0.1249 0.1649 0.4291 0.1541 0.1330 0.4043 0.1162 0.3765 0.2203 0.1136 0.5204 0.1409 0.1472 0.3583 0.1135 0.4257 0.1982 0.1158 0.5176 0.1326 0.1796 0.3143 0.1119 0.4674 0.1773 0.1201 0.4878 0.1242 0.2662 0.2652 0.1117 0.5050 0.1546 0.1312 0.4083 0.1161 0.3862 0.2128 0.1145 0.5205 0.1348 0.1725 0.3157 0.1118 0.4736 0.1724 0.1221 0.4673 0.1176
0.4437 0.1231 0.1702 0.4779 0.1117 0.3101 0.1790 0.1337 0.5198 0.1148 0.2096 0.3935 0.1156 0.4023 0.1323 0.1534 0.5065 0.1117 0.2635 0.2688 0.1241 0.4878 0.1200 0.1779 0.4658 0.1120 0.3175 0.1753 0.1334 0.5187 0.1155 0.2008 0.4198 0.1138 0.3645 0.1446 0.1422 0.5198 0.1133 0.2237 0.3685 0.1167 0.4110 0.1318 0.1525 0.5097 0.1120 0.2505 0.3057 0.1209 0.4583 0.1241 0.1652 0.4885 0.1121 0.5062 0.1525 0.1318 0.4110 0.1167 0.3685 0.2237 0.1133 0.5198 0.1422 0.1446 0.3645 0.1138 0.4198 0.2008 0.1155 0.5187 0.1334 0.1753 0.3175 0.1120 0.4658 0.1779 0.1200 0.4878 0.1241 0.2688 0.2635 0.1117 0.5065 0.1534 0.1323 0.4023 0.1156 0.3935 0.2096 0.1148 0.5198 0.1337 0.1790 0.3101 0.1117 0.4779 0.1702 0.1231 0.4437
0.1273 0.1680 0.4819 0.1116 0.3045 0.1864 0.1326 0.5188 0.1152 0.2065 0.4007 0.1152 0.3959 0.1336 0.1520 0.5083 0.1118 0.2608 0.2738 0.1238 0.4865 0.1201 0.1779 0.4653 0.1120 0.3196 0.1724 0.1340 0.5194 0.1153 0.2031 0.4144 0.1141 0.3704 0.1424 0.1435 0.5189 0.1131 0.2272 0.3603 0.1172 0.4178 0.1305 0.1541 0.5075 0.1119 0.2547 0.2960 0.1216 0.4647 0.1232 0.1672 0.4872 0.1099 0.3673 0.1091 0.5075 0.1541 0.1305 0.4178 0.1172 0.3603 0.2272 0.1131 0.5189 0.1435 0.1424 0.3704 0.1141 0.4144 0.2031 0.1153 0.5194 0.1340 0.1724 0.3196 0.1120 0.4653 0.1779 0.1201 0.4865 0.1238 0.2738 0.2608 0.1118 0.5083 0.1520 0.1336 0.3959 0.1152 0.4007 0.2065 0.1152 0.5188 0.1326 0.1864 0.3045 0.1116 0.4819 0.1680 0.1273
0.1603 0.4858 0.1116 0.2991 0.1945 0.1316 0.5174 0.1155 0.2035 0.4076 0.1148 0.3892 0.1352 0.1505 0.5102 0.1119 0.2574 0.2808 0.1233 0.4837 0.1203 0.1773 0.4658 0.1120 0.3203 0.1709 0.1344 0.5198 0.1151 0.2050 0.4097 0.1144 0.3757 0.1405 0.1447 0.5179 0.1129 0.2308 0.3519 0.1177 0.4246 0.1292 0.1558 0.5052 0.1117 0.2589 0.2862 0.1223 0.4709 0.1224 0.1692 0.4835 0.1115 0.2950 0.1344 0.2661 0.1116 0.5052 0.1558 0.1292 0.4246 0.1177 0.3519 0.2308 0.1129 0.5179 0.1447 0.1405 0.3757 0.1144 0.4097 0.2050 0.1151 0.5198 0.1344 0.1709 0.3203 0.1120 0.4658 0.1773 0.1203 0.4837 0.1233 0.2808 0.2574 0.1119 0.5102 0.1505 0.1352 0.3892 0.1148 0.4076 0.2035 0.1155 0.5174 0.1316 0.1945 0.2991 0.1116 0.4858 0.1603
0.4689 0.1119 0.2938 0.2033 0.1305 0.5156 0.1159 0.2005 0.4143 0.1144 0.3826 0.1368 0.1490 0.5121 0.1120 0.2535 0.2891 0.1228 0.4799 0.1207 0.1762 0.4674 0.1120 0.3196 0.1709 0.1345 0.5200 0.1150 0.2064 0.4059 0.1146 0.3804 0.1390 0.1459 0.5169 0.1127 0.2343 0.3434 0.1183 0.4314 0.1281 0.1576 0.5026 0.1117 0.2633 0.2762 0.1230 0.4769 0.1216 0.1714 0.4797 0.1116 0.2969 0.2007 0.1475 0.2597 0.2632 0.1117 0.5026 0.1576 0.1281 0.4314 0.1183 0.3434 0.2343 0.1127 0.5169 0.1459 0.1390 0.3804 0.1146 0.4059 0.2064 0.1150 0.5200 0.1345 0.1709 0.3196 0.1120 0.4674 0.1762 0.1207 0.4799 0.1228 0.2891 0.2535 0.1120 0.5121 0.1490 0.1368 0.3826 0.1144 0.4143 0.2005 0.1159 0.5156 0.1305 0.2033 0.2938 0.1119 0.4689
0.1110 0.2886 0.2127 0.1295 0.5134 0.1163 0.1976 0.4208 0.1141 0.3761 0.1386 0.1475 0.5139 0.1122 0.2495 0.2985 0.1221 0.4750 0.1212 0.1747 0.4700 0.1119 0.3175 0.1724 0.1344 0.5200 0.1149 0.2071 0.4036 0.1148 0.3840 0.1378 0.1469 0.5158 0.1125 0.2376 0.3353 0.1189 0.4380 0.1270 0.1594 0.4999 0.1116 0.2677 0.2662 0.1238 0.4826 0.1209 0.1735 0.4757 0.1117 0.3021 0.1984 0.1309 0.5161 0.1253 0.2663 0.2677 0.1116 0.4999 0.1594 0.1270 0.4380 0.1189 0.3353 0.2376 0.1125 0.5158 0.1469 0.1378 0.3840 0.1148 0.4036 0.2071 0.1149 0.5200 0.1344 0.1724 0.3175 0.1119 0.4700 0.1747 0.1212 0.4750 0.1221 0.2985 0.2495 0.1122 0.5139 0.1475 0.1386 0.3761 0.1141 0.4208 0.1976 0.1163 0.5134 0.1295 0.2127 0.2886 0.1110
0.2728 0.2225 0.1285 0.5106 0.1168 0.1947 0.4273 0.1137 0.3696 0.1406 0.1460 0.5155 0.1123 0.2454 0.3081 0.1214 0.4693 0.1219 0.1728 0.4732 0.1118 0.3143 0.1753 0.1340 0.5198 0.1150 0.2071 0.4028 0.1149 0.3863 0.1370 0.1477 0.5148 0.1124 0.2405 0.3280 0.1194 0.4441 0.1260 0.1612 0.4971 0.1115 0.2723 0.2561 0.1246 0.4880 0.1203 0.1758 0.4715 0.1118 0.3073 0.1902 0.1311 0.5159 0.1068 0.4960 0.1246 0.2561 0.2723 0.1115 0.4971 0.1612 0.1260 0.4441 0.1194 0.3280 0.2405 0.1124 0.5148 0.1477 0.1370 0.3863 0.1149 0.4028 0.2071 0.1150 0.5198 0.1340 0.1753 0.3143 0.1118 0.4732 0.1728 0.1219 0.4693 0.1214 0.3081 0.2454 0.1123 0.5155 0.1460 0.1406 0.3696 0.1137 0.4273 0.1947 0.1168 0.5106 0.1285 0.2225 0.2728
0.2082 0.1277 0.5074 0.1172 0.1918 0.4335 0.1134 0.3631 0.1428 0.1446 0.5169 0.1125 0.2415 0.3176 0.1207 0.4631 0.1226 0.1708 0.4769 0.1117 0.3103 0.1796 0.1334 0.5194 0.1151 0.2064 0.4036 0.1149 0.3870 0.1366 0.1483 0.5141 0.1123 0.2430 0.3216 0.1199 0.4495 0.1252 0.1629 0.4941 0.1115 0.2769 0.2461 0.1254 0.4931 0.1196 0.1781 0.4671 0.1119 0.3127 0.1827 0.1321 0.5166 0.1137 0.2444 0.1153 0.4931 0.1254 0.2461 0.2769 0.1115 0.4941 0.1629 0.1252 0.4495 0.1199 0.3216 0.2430 0.1123 0.5141 0.1483 0.1366 0.3870 0.1149 0.4036 0.2064 0.1151 0.5194 0.1334 0.1796 0.3103 0.1117 0.4769 0.1708 0.1226 0.4631 0.1207 0.3176 0.2415 0.1125 0.5169 0.1446 0.1428 0.3631 0.1134 0.4335 0.1918 0.1172 0.5074 0.1277 0.2082
0.1225 0.5037 0.1177 0.1891 0.4395 0.1131 0.3565 0.1452 0.1432 0.5181 0.1127 0.2376 0.3269 0.1200 0.4567 0.1234 0.1687 0.4807 0.1116 0.3057 0.1853 0.1326 0.5187 0.1153 0.2050 0.4059 0.1148 0.3863 0.1366 0.1484 0.5137 0.1122 0.2448 0.3164 0.1203 0.4539 0.1245 0.1644 0.4914 0.1115 0.2814 0.2364 0.1263 0.4978 0.1190 0.1804 0.4626 0.1120 0.3182 0.1760 0.1331 0.5181 0.1156 0.2013 0.3109 0.1851 0.1188 0.4978 0.1263 0.2364 0.2814 0.1115 0.4914 0.1644 0.1245 0.4539 0.1203 0.3164 0.2448 0.1122 0.5137 0.1484 0.1366 0.3863 0.1148 0.4059 0.2050 0.1153 0.5187 0.1326 0.1853 0.3057 0.1116 0.4807 0.1687 0.1234 0.4567 0.1200 0.3269 0.2376 0.1127 0.5181 0.1432 0.1452 0.3565 0.1131 0.4395 0.1891 0.1177 0.5037 0.1225
0.4826 0.1185 0.1864 0.4452 0.1129 0.3501 0.1479 0.1418 0.5191 0.1129 0.2339 0.3360 0.1194 0.4501 0.1243 0.1667 0.4845 0.1116 0.3007 0.1924 0.1318 0.5176 0.1155 0.2031 0.4097 0.1146 0.3840 0.1370 0.1483 0.5137 0.1122 0.2457 0.3132 0.1206 0.4573 0.1240 0.1657 0.4890 0.1115 0.2854 0.2277 0.1271 0.5019 0.1185 0.1828 0.4578 0.1122 0.3238 0.1699 0.1342 0.5193 0.1153 0.2019 0.4138 0.1212 0.4497 0.1829 0.1185 0.5019 0.1271 0.2277 0.2854 0.1115 0.4890 0.1657 0.1240 0.4573 0.1206 0.3132 0.2457 0.1122 0.5137 0.1483 0.1370 0.3840 0.1146 0.4097 0.2031 0.1155 0.5176 0.1318 0.1924 0.3007 0.1116 0.4845 0.1667 0.1243 0.4501 0.1194 0.3360 0.2339 0.1129 0.5191 0.1418 0.1479 0.3501 0.1129 0.4452 0.1864 0.1185 0.4826
0.1219 0.1838 0.4507 0.1126 0.3439 0.1510 0.1405 0.5199 0.1131 0.2301 0.3449 0.1188 0.4435 0.1252 0.1647 0.4880 0.1115 0.2956 0.2006 0.1308 0.5161 0.1158 0.2008 0.4144 0.1144 0.3804 0.1378 0.1477 0.5141 0.1122 0.2457 0.3121 0.1207 0.4595 0.1236 0.1668 0.4869 0.1115 0.2890 0.2203 0.1279 0.5053 0.1180 0.1852 0.4529 0.1123 0.3294 0.1647 0.1352 0.5201 0.1150 0.2049 0.4113 0.1136 0.4671 0.1111 0.4529 0.1852 0.1180 0.5053 0.1279 0.2203 0.2890 0.1115 0.4869 0.1668 0.1236 0.4595 0.1207 0.3121 0.2457 0.1122 0.5141 0.1477 0.1378 0.3804 0.1144 0.4144 0.2008 0.1158 0.5161 0.1308 0.2006 0.2956 0.1115 0.4880 0.1647 0.1252 0.4435 0.1188 0.3449 0.2301 0.1131 0.5199 0.1405 0.1510 0.3439 0.1126 0.4507 0.1838 0.1219
0.1750 0.4560 0.1124 0.3377 0.1544 0.1392 0.5205 0.1134 0.2264 0.3538 0.1182 0.4368 0.1262 0.1627 0.4914 0.1115 0.2905 0.2094 0.1298 0.5141 0.1162 0.1982 0.4198 0.1141 0.3757 0.1390 0.1469 0.5148 0.1123 0.2448 0.3132 0.1207 0.4602 0.1234 0.1675 0.4853 0.1115 0.2920 0.2142 0.1285 0.5080 0.1176 0.1874 0.4481 0.1125 0.3351 0.1601 0.1364 0.5207 0.1147 0.2079 0.4045 0.1146 0.3830 0.1145 0.3446 0.1124 0.4481 0.1874 0.1176 0.5080 0.1285 0.2142 0.2920 0.1115 0.4853 0.1675 0.1234 0.4602 0.1207 0.3132 0.2448 0.1123 0.5148 0.1469 0.1390 0.3757 0.1141 0.4198 0.1982 0.1162 0.5141 0.1298 0.2094 0.2905 0.1115 0.4914 0.1627 0.1262 0.4368 0.1182 0.3538 0.2264 0.1134 0.5205 0.1392 0.1544 0.3377 0.1124 0.4560 0.1750
0.4380 0.1126 0.3317 0.1584 0.1380 0.5209 0.1137 0.2227 0.3625 0.1176 0.4299 0.1272 0.1608 0.4946 0.1115 0.2856 0.2187 0.1289 0.5116 0.1166 0.1955 0.4257 0.1138 0.3704 0.1405 0.1459 0.5158 0.1124 0.2430 0.3164 0.1206 0.4595 0.1234 0.1677 0.4845 0.1116 0.2942 0.2093 0.1291 0.5100 0.1172 0.1894 0.4438 0.1127 0.3405 0.1562 0.1375 0.5210 0.1144 0.2111 0.3974 0.1150 0.3856 0.1347 0.1737 0.1480 0.3405 0.1127 0.4438 0.1894 0.1172 0.5100 0.1291 0.2093 0.2942 0.1116 0.4845 0.1677 0.1234 0.4595 0.1206 0.3164 0.2430 0.1124 0.5158 0.1459 0.1405 0.3704 0.1138 0.4257 0.1955 0.1166 0.5116 0.1289 0.2187 0.2856 0.1115 0.4946 0.1608 0.1272 0.4299 0.1176 0.3625 0.2227 0.1137 0.5209 0.1380 0.1584 0.3317 0.1126 0.4380
0.1108 0.3257 0.1629 0.1368 0.5210 0.1139 0.2192 0.3709 0.1171 0.4229 0.1283 0.1590 0.4976 0.1115 0.2808 0.2283 0.1279 0.5086 0.1171 0.1927 0.4317 0.1135 0.3645 0.1424 0.1447 0.5169 0.1125 0.2405 0.3216 0.1203 0.4573 0.1236 0.1675 0.4845 0.1116 0.2953 0.2062 0.1295 0.5115 0.1170 0.1912 0.4398 0.1129 0.3453 0.1532 0.1385 0.5210 0.1141 0.2143 0.3902 0.1154 0.3922 0.1360 0.1494 0.4744 0.1410 0.1531 0.3453 0.1129 0.4398 0.1912 0.1170 0.5115 0.1295 0.2062 0.2953 0.1116 0.4845 0.1675 0.1236 0.4573 0.1203 0.3216 0.2405 0.1125 0.5169 0.1447 0.1424 0.3645 0.1135 0.4317 0.1927 0.1171 0.5086 0.1279 0.2283 0.2808 0.1115 0.4976 0.1590 0.1283 0.4229 0.1171 0.3709 0.2192 0.1139 0.5210 0.1368 0.1629 0.3257 0.1108
0.3075 0.1682 0.1356 0.5208 0.1142 0.2157 0.3790 0.1165 0.4159 0.1295 0.1572 0.5005 0.1116 0.2760 0.2381 0.1270 0.5052 0.1175 0.1900 0.4375 0.1132 0.3583 0.1446 0.1435 0.5179 0.1127 0.2376 0.3280 0.1199 0.4539 0.1240 0.1668 0.4853 0.1116 0.2953 0.2052 0.1298 0.5124 0.1168 0.1926 0.4364 0.1131 0.3495 0.1508 0.1395 0.5208 0.1138 0.2174 0.3828 0.1158 0.3989 0.1345 0.1496 0.5121 0.1090 0.5201 0.1395 0.1508 0.3495 0.1131 0.4364 0.1926 0.1168 0.5124 0.1298 0.2052 0.2953 0.1116 0.4853 0.1668 0.1240 0.4539 0.1199 0.3280 0.2376 0.1127 0.5179 0.1435 0.1446 0.3583 0.1132 0.4375 0.1900 0.1175 0.5052 0.1270 0.2381 0.2760 0.1116 0.5005 0.1572 0.1295 0.4159 0.1165 0.3790 0.2157 0.1142 0.5208 0.1356 0.1682 0.3075
0.1664 0.1345 0.5204 0.1146 0.2124 0.3870 0.1161 0.4089 0.1309 0.1554 0.5033 0.1116 0.2714 0.2481 0.1261 0.5014 0.1180 0.1874 0.4431 0.1130 0.3521 0.1472 0.1422 0.5189 0.1129 0.2343 0.3353 0.1194 0.4495 0.1245 0.1657 0.4869 0.1115 0.2942 0.2062 0.1298 0.5127 0.1167 0.1935 0.4339 0.1132 0.3530 0.1489 0.1404 0.5205 0.1136 0.2203 0.3757 0.1163 0.4055 0.1330 0.1512 0.5113 0.1101 0.3142 0.1101 0.5205 0.1404 0.1489 0.3530 0.1132 0.4339 0.1935 0.1167 0.5127 0.1298 0.2062 0.2942 0.1115 0.4869 0.1657 0.1245 0.4495 0.1194 0.3353 0.2343 0.1129 0.5189 0.1422 0.1472 0.3521 0.1130 0.4431 0.1874 0.1180 0.5014 0.1261 0.2481 0.2714 0.1116 0.5033 0.1554 0.1309 0.4089 0.1161 0.3870 0.2124 0.1146 0.5204 0.1345 0.1664
0.1287 0.5196 0.1149 0.2091 0.3946 0.1156 0.4019 0.1323 0.1536 0.5058 0.1117 0.2667 0.2582 0.1253 0.4970 0.1186 0.1849 0.4485 0.1127 0.3460 0.1500 0.1409 0.5198 0.1131 0.2308 0.3434 0.1189 0.4441 0.1252 0.1644 0.4890 0.1115 0.2920 0.2093 0.1295 0.5124 0.1167 0.1938 0.4325 0.1133 0.3558 0.1475 0.1411 0.5202 0.1134 0.2228 0.3693 0.1167 0.4117 0.1316 0.1528 0.5093 0.1119 0.2541 0.1698 0.2291 0.1132 0.5202 0.1411 0.1475 0.3558 0.1133 0.4325 0.1938 0.1167 0.5124 0.1295 0.2093 0.2920 0.1115 0.4890 0.1644 0.1252 0.4441 0.1189 0.3434 0.2308 0.1131 0.5198 0.1409 0.1500 0.3460 0.1127 0.4485 0.1849 0.1186 0.4970 0.1253 0.2582 0.2667 0.1117 0.5058 0.1536 0.1323 0.4019 0.1156 0.3946 0.2091 0.1149 0.5196 0.1287
0.5023 0.1155 0.2059 0.4020 0.1151 0.3949 0.1338 0.1519 0.5082 0.1118 0.2621 0.2686 0.1245 0.4923 0.1191 0.1824 0.4537 0.1125 0.3401 0.1532 0.1396 0.5204 0.1133 0.2272 0.3519 0.1183 0.4380 0.1260 0.1629 0.4914 0.1115 0.2890 0.2142 0.1291 0.5115 0.1168 0.1935 0.4325 0.1133 0.3572 0.1466 0.1416 0.5198 0.1133 0.2250 0.3639 0.1171 0.4170 0.1305 0.1543 0.5072 0.1118 0.2554 0.2880 0.1357 0.3500 0.2250 0.1133 0.5198 0.1416 0.1466 0.3572 0.1133 0.4325 0.1935 0.1168 0.5115 0.1291 0.2142 0.2890 0.1115 0.4914 0.1629 0.1260 0.4380 0.1183 0.3519 0.2272 0.1133 0.5204 0.1396 0.1532 0.3401 0.1125 0.4537 0.1824 0.1191 0.4923 0.1245 0.2686 0.2621 0.1118 0.5082 0.1519 0.1338 0.3949 0.1151 0.4020 0.2059 0.1155 0.5023
0.1178 0.2028 0.4091 0.1147 0.3880 0.1354 0.1503 0.5104 0.1119 0.2577 0.2789 0.1236 0.4870 0.1197 0.1800 0.4586 0.1123 0.3342 0.1568 0.1384 0.5208 0.1136 0.2237 0.3603 0.1177 0.4314 0.1270 0.1612 0.4941 0.1115 0.2854 0.2203 0.1285 0.5100 0.1170 0.1926 0.4339 0.1133 0.3572 0.1463 0.1419 0.5196 0.1132 0.2267 0.3594 0.1174 0.4215 0.1296 0.1556 0.5052 0.1118 0.2594 0.2847 0.1228 0.5203 0.1179 0.3595 0.2267 0.1132 0.5196 0.1419 0.1463 0.3572 0.1133 0.4339 0.1926 0.1170 0.5100 0.1285 0.2203 0.2854 0.1115 0.4941 0.1612 0.1270 0.4314 0.1177 0.3603 0.2237 0.1136 0.5208 0.1384 0.1568 0.3342 0.1123 0.4586 0.1800 0.1197 0.4870 0.1236 0.2789 0.2577 0.1119 0.5104 0.1503 0.1354 0.3880 0.1147 0.4091 0.2028 0.1178
0.1927 0.4160 0.1143 0.3812 0.1371 0.1487 0.5124 0.1120 0.2533 0.2892 0.1228 0.4813 0.1204 0.1776 0.4634 0.1121 0.3284 0.1609 0.1373 0.5210 0.1138 0.2203 0.3685 0.1172 0.4246 0.1281 0.1594 0.4971 0.1115 0.2814 0.2277 0.1279 0.5080 0.1172 0.1912 0.4364 0.1132 0.3558 0.1466 0.1419 0.5195 0.1131 0.2279 0.3559 0.1177 0.4252 0.1289 0.1567 0.5034 0.1117 0.2630 0.2759 0.1231 0.4811 0.1078 0.4366 0.1176 0.3559 0.2279 0.1131 0.5195 0.1419 0.1466 0.3558 0.1132 0.4364 0.1912 0.1172 0.5080 0.1279 0.2277 0.2814 0.1115 0.4971 0.1594 0.1281 0.4246 0.1172 0.3685 0.2203 0.1138 0.5210 0.1373 0.1609 0.3284 0.1121 0.4634 0.1776 0.1204 0.4813 0.1228 0.2892 0.2533 0.1120 0.5124 0.1487 0.1371 0.3812 0.1143 0.4160 0.1927
0.3967 0.1144 0.3745 0.1391 0.1472 0.5142 0.1122 0.2490 0.2994 0.1221 0.4753 0.1211 0.1753 0.4680 0.1120 0.3228 0.1656 0.1361 0.5209 0.1141 0.2169 0.3765 0.1167 0.4178 0.1292 0.1576 0.4999 0.1115 0.2769 0.2364 0.1271 0.5053 0.1176 0.1894 0.4398 0.1131 0.3530 0.1475 0.1416 0.5196 0.1131 0.2283 0.3540 0.1178 0.4280 0.1283 0.1577 0.5019 0.1116 0.2662 0.2681 0.1238 0.4827 0.1183 0.2113 0.1230 0.4279 0.1178 0.3540 0.2283 0.1131 0.5196 0.1416 0.1475 0.3530 0.1131 0.4398 0.1894 0.1176 0.5053 0.1271 0.2364 0.2769 0.1115 0.4999 0.1576 0.1292 0.4178 0.1167 0.3765 0.2169 0.1141 0.5209 0.1361 0.1656 0.3228 0.1120 0.4680 0.1753 0.1211 0.4753 0.1221 0.2994 0.2490 0.1122 0.5142 0.1472 0.1391 0.3745 0.1144 0.3967
0.1116 0.3678 0.1411 0.1457 0.5158 0.1123 0.2448 0.3093 0.1213 0.4690 0.1219 0.1730 0.4725 0.1118 0.3171 0.1710 0.1350 0.5206 0.1144 0.2136 0.3842 0.1162 0.4110 0.1305 0.1558 0.5026 0.1116 0.2723 0.2461 0.1263 0.5019 0.1180 0.1874 0.4438 0.1129 0.3495 0.1489 0.1411 0.5198 0.1132 0.2279 0.3540 0.1179 0.4295 0.1279 0.1584 0.5006 0.1116 0.2689 0.2615 0.1243 0.4870 0.1203 0.1776 0.3926 0.1623 0.1278 0.4295 0.1179 0.3540 0.2279 0.1132 0.5198 0.1411 0.1489 0.3495 0.1129 0.4438 0.1874 0.1180 0.5019 0.1263 0.2461 0.2723 0.1116 0.5026 0.1558 0.1305 0.4110 0.1162 0.3842 0.2136 0.1144 0.5206 0.1350 0.1710 0.3171 0.1118 0.4725 0.1730 0.1219 0.4690 0.1213 0.3093 0.2448 0.1123 0.5158 0.1457 0.1411 0.3678 0.1116
0.3471 0.1436 0.1442 0.5172 0.1125 0.2407 0.3192 0.1206 0.4624 0.1227 0.1707 0.4768 0.1117 0.3115 0.1772 0.1340 0.5200 0.1147 0.2104 0.3916 0.1158 0.4043 0.1318 0.1541 0.5052 0.1117 0.2677 0.2561 0.1254 0.4978 0.1185 0.1852 0.4481 0.1127 0.3453 0.1508 0.1404 0.5202 0.1133 0.2267 0.3559 0.1178 0.4295 0.1280 0.1590 0.4994 0.1115 0.2728 0.2590 0.1248 0.4883 0.1199 0.1771 0.4658 0.1146 0.4953 0.1583 0.1282 0.4285 0.1178 0.3559 0.2267 0.1133 0.5202 0.1404 0.1508 0.3453 0.1127 0.4481 0.1852 0.1185 0.4978 0.1254 0.2561 0.2677 0.1117 0.5052 0.1541 0.1318 0.4043 0.1158 0.3916 0.2104 0.1147 0.5200 0.1340 0.1772 0.3115 0.1117 0.4768 0.1707 0.1227 0.4624 0.1206 0.3192 0.2407 0.1125 0.5172 0.1442 0.1436 0.3471
0.1472 0.1428 0.5184 0.1127 0.2367 0.3288 0.1199 0.4558 0.1235 0.1686 0.4809 0.1116 0.3060 0.1844 0.1329 0.5191 0.1151 0.2073 0.3988 0.1153 0.3976 0.1332 0.1525 0.5075 0.1117 0.2633 0.2662 0.1246 0.4931 0.1190 0.1828 0.4529 0.1125 0.3405 0.1532 0.1395 0.5205 0.1134 0.2250 0.3594 0.1177 0.4280 0.1280 0.1588 0.4993 0.1116 0.2724 0.2484 0.1254 0.4935 0.1198 0.1790 0.4650 0.1108 0.3999 0.1087 0.5005 0.1591 0.1277 0.4279 0.1176 0.3595 0.2250 0.1132 0.5205 0.1395 0.1531 0.3405 0.1124 0.4529 0.1829 0.1188 0.4931 0.1246 0.2663 0.2632 0.1116 0.5075 0.1525 0.1330 0.3975 0.1152 0.3989 0.2074 0.1148 0.5191 0.1329 0.1843 0.3059 0.1115 0.4810 0.1686 0.1233 0.4557 0.1198 0.3290 0.2367 0.1125 0.5184 0.1428 0.1469
0.1366 0.5194 0.1130 0.2329 0.3381 0.1193 0.4490 0.1244 0.1664 0.4848 0.1116 0.3005 0.1924 0.1318 0.5178 0.1154 0.2043 0.4058 0.1149 0.3909 0.1347 0.1509 0.5097 0.1119 0.2589 0.2762 0.1238 0.4880 0.1196 0.1804 0.4578 0.1123 0.3351 0.1562 0.1385 0.5208 0.1136 0.2228 0.3639 0.1174 0.4252 0.1283 0.1584 0.4996 0.1117 0.2730 0.2513 0.1253 0.4954 0.1192 0.1809 0.4619 0.1119 0.3262 0.1238 0.2908 0.1090 0.4942 0.1626 0.1230 0.4366 0.1179 0.3500 0.2291 0.1101 0.5201 0.1410 0.1480 0.3446 0.1111 0.4497 0.1851 0.1153 0.4960 0.1253 0.2597 0.2661 0.1091 0.5062 0.1541 0.1291 0.4016 0.1148 0.3945 0.2098 0.1116 0.5196 0.1339 0.1787 0.3088 0.1096 0.4789 0.1704 0.1197 0.4593 0.1201 0.3233 0.2395 0.1096 0.5175 0.1400
0.5035 0.1135 0.2291 0.3473 0.1186 0.4421 0.1254 0.1644 0.4885 0.1115 0.2952 0.2010 0.1308 0.5161 0.1158 0.2013 0.4126 0.1145 0.3843 0.1364 0.1494 0.5117 0.1120 0.2547 0.2862 0.1230 0.4826 0.1203 0.1781 0.4626 0.1122 0.3294 0.1601 0.1375 0.5210 0.1138 0.2203 0.3693 0.1171 0.4215 0.1289 0.1577 0.5006 0.1117 0.2705 0.2508 0.1255 0.4960 0.1193 0.1809 0.4601 0.1122 0.3237 0.1571 0.1725 0.1194 0.4031 0.1150 0.3914 0.2113 0.1078 0.5203 0.1357 0.1698 0.3142 0.1090 0.4744 0.1737 0.1145 0.4671 0.1212 0.3109 0.2444 0.1068 0.5161 0.1475 0.1344 0.3673 0.1121 0.4291 0.1950 0.1095 0.5100 0.1292 0.2220 0.2826 0.1076 0.4968 0.1615 0.1205 0.4249 0.1167 0.3683 0.2209 0.1072 0.5211 0.1388 0.1553 0.3288 0.1101 0.4367
0.1147 0.2253 0.3562 0.1180 0.4351 0.1264 0.1623 0.4920 0.1115 0.2899 0.2102 0.1298 0.5140 0.1162 0.1983 0.4192 0.1142 0.3778 0.1381 0.1478 0.5135 0.1121 0.2505 0.2960 0.1223 0.4769 0.1209 0.1758 0.4671 0.1120 0.3238 0.1647 0.1364 0.5210 0.1141 0.2174 0.3757 0.1167 0.4170 0.1296 0.1567 0.5019 0.1116 0.2715 0.2534 0.1254 0.4955 0.1191 0.1811 0.4569 0.1122 0.3259 0.1646 0.1441 0.3301 0.3892 0.1104 0.4640 0.1780 0.1183 0.4811 0.1228 0.2880 0.2541 0.1101 0.5121 0.1494 0.1347 0.3830 0.1136 0.4138 0.2013 0.1137 0.5159 0.1309 0.2007 0.2950 0.1099 0.4885 0.1649 0.1231 0.4426 0.1183 0.3462 0.2299 0.1111 0.5201 0.1407 0.1497 0.3429 0.1114 0.4515 0.1839 0.1167 0.4940 0.1248 0.2646 0.2640 0.1099 0.5071 0.1483
0.2138 0.3648 0.1175 0.4281 0.1275 0.1604 0.4953 0.1115 0.2848 0.2199 0.1288 0.5114 0.1166 0.1954 0.4256 0.1138 0.3712 0.1401 0.1464 0.5151 0.1123 0.2464 0.3057 0.1216 0.4709 0.1216 0.1735 0.4715 0.1119 0.3182 0.1699 0.1352 0.5207 0.1144 0.2143 0.3828 0.1163 0.4117 0.1305 0.1556 0.5034 0.1116 0.2689 0.2560 0.1252 0.4951 0.1193 0.1799 0.4592 0.1123 0.3263 0.1617 0.1419 0.5196 0.1196 0.1231 0.4575 0.1784 0.1202 0.4827 0.1231 0.2847 0.2554 0.1119 0.5113 0.1496 0.1360 0.3856 0.1146 0.4113 0.2019 0.1156 0.5166 0.1311 0.1984 0.2969 0.1115 0.4872 0.1652 0.1249 0.4452 0.1189 0.3427 0.2310 0.1130 0.5198 0.1409 0.1501 0.3454 0.1126 0.4493 0.1844 0.1186 0.4959 0.1251 0.2610 0.2654 0.1116 0.5065 0.1532 0.1359
0.3444 0.1173 0.4210 0.1287 0.1585 0.4984 0.1115 0.2799 0.2298 0.1278 0.5083 0.1171 0.1926 0.4319 0.1135 0.3647 0.1422 0.1450 0.5165 0.1124 0.2425 0.3152 0.1209 0.4647 0.1224 0.1714 0.4757 0.1118 0.3127 0.1760 0.1342 0.5201 0.1147 0.2111 0.3902 0.1158 0.4055 0.1316 0.1543 0.5052 0.1117 0.2662 0.2615 0.1249 0.4933 0.1195 0.1793 0.4606 0.1121 0.3302 0.1548 0.1597 0.3817 0.1188 0.2846 0.2974 0.1824 0.1197 0.4855 0.1238 0.2759 0.2594 0.1118 0.5093 0.1512 0.1345 0.3922 0.1150 0.4045 0.2049 0.1153 0.5181 0.1321 0.1902 0.3021 0.1116 0.4835 0.1672 0.1241 0.4518 0.1195 0.3337 0.2348 0.1128 0.5189 0.1422 0.1472 0.3518 0.1129 0.4437 0.1871 0.1181 0.5006 0.1260 0.2505 0.2701 0.1116 0.5040 0.1549 0.1314 0.3912
0.1136 0.4140 0.1299 0.1567 0.5013 0.1116 0.2749 0.2401 0.1269 0.5047 0.1176 0.1898 0.4379 0.1132 0.3582 0.1446 0.1436 0.5178 0.1126 0.2386 0.3245 0.1202 0.4583 0.1232 0.1692 0.4797 0.1117 0.3073 0.1827 0.1331 0.5193 0.1150 0.2079 0.3974 0.1154 0.3989 0.1330 0.1528 0.5072 0.1118 0.2630 0.2681 0.1243 0.4893 0.1192 0.1799 0.4622 0.1123 0.3282 0.1538 0.1733 0.1355 0.4129 0.1271 0.2916 0.1859 0.1192 0.4899 0.1243 0.2681 0.2630 0.1118 0.5072 0.1528 0.1330 0.3989 0.1154 0.3974 0.2079 0.1150 0.5193 0.1331 0.1827 0.3073 0.1117 0.4797 0.1692 0.1232 0.4583 0.1202 0.3245 0.2386 0.1126 0.5178 0.1436 0.1446 0.3582 0.1132 0.4379 0.1898 0.1176 0.5047 0.1269 0.2401 0.2749 0.1116 0.5013 0.1567 0.1299 0.4140 0.1136
0.3912 0.1314 0.1549 0.5040 0.1116 0.2701 0.2505 0.1260 0.5006 0.1181 0.1871 0.4437 0.1129 0.3518 0.1472 0.1422 0.5189 0.1128 0.2348 0.3337 0.1195 0.4518 0.1241 0.1672 0.4835 0.1116 0.3021 0.1902 0.1321 0.5181 0.1153 0.2049 0.4045 0.1150 0.3922 0.1345 0.1512 0.5093 0.1118 0.2594 0.2759 0.1238 0.4870 0.1199 0.1797 0.4625 0.1121 0.3273 0.1591 0.1592 0.1339 0.3459 0.1113 0.4441 0.1857 0.1191 0.4935 0.1250 0.2600 0.2662 0.1117 0.5052 0.1543 0.1316 0.4055 0.1158 0.3902 0.2111 0.1147 0.5201 0.1342 0.1760 0.3127 0.1118 0.4757 0.1714 0.1224 0.4647 0.1209 0.3152 0.2425 0.1124 0.5165 0.1450 0.1422 0.3647 0.1135 0.4319 0.1926 0.1171 0.5083 0.1278 0.2298 0.2799 0.1115 0.4984 0.1585 0.1287 0.4210 0.1173 0.3444
0.1359 0.1532 0.5065 0.1116 0.2654 0.2610 0.1251 0.4959 0.1186 0.1844 0.4493 0.1126 0.3454 0.1501 0.1409 0.5198 0.1130 0.2310 0.3427 0.1189 0.4452 0.1249 0.1652 0.4872 0.1115 0.2969 0.1984 0.1311 0.5166 0.1156 0.2019 0.4113 0.1146 0.3856 0.1360 0.1496 0.5113 0.1119 0.2554 0.2847 0.1231 0.4827 0.1203 0.1775 0.4632 0.1120 0.3230 0.1656 0.1396 0.4346 0.4282 0.1123 0.4548 0.1834 0.1184 0.4945 0.1253 0.2563 0.2696 0.1116 0.5034 0.1556 0.1305 0.4117 0.1163 0.3828 0.2143 0.1144 0.5207 0.1352 0.1699 0.3182 0.1119 0.4715 0.1735 0.1216 0.4709 0.1216 0.3057 0.2464 0.1123 0.5151 0.1464 0.1401 0.3712 0.1138 0.4256 0.1954 0.1166 0.5114 0.1288 0.2199 0.2848 0.1115 0.4953 0.1604 0.1275 0.4281 0.1175 0.3648 0.2138
0.1483 0.5071 0.1099 0.2640 0.2646 0.1248 0.4940 0.1167 0.1839 0.4515 0.1114 0.3429 0.1497 0.1407 0.5201 0.1111 0.2299 0.3462 0.1183 0.4426 0.1231 0.1649 0.4885 0.1099 0.2950 0.2007 0.1309 0.5159 0.1137 0.2013 0.4138 0.1136 0.3830 0.1347 0.1494 0.5121 0.1101 0.2541 0.2880 0.1228 0.4811 0.1183 0.1775 0.4645 0.1109 0.3229 0.1654 0.1359 0.5210 0.1158 0.1499 0.4222 0.1821 0.1187 0.4955 0.1255 0.2497 0.2718 0.1115 0.5019 0.1567 0.1296 0.4170 0.1167 0.3757 0.2174 0.1141 0.5210 0.1364 0.1647 0.3238 0.1120 0.4671 0.1758 0.1209 0.4769 0.1223 0.2960 0.2505 0.1121 0.5135 0.1478 0.1381 0.3778 0.1142 0.4192 0.1983 0.1162 0.5140 0.1298 0.2102 0.2899 0.1115 0.4920 0.1623 0.1264 0.4351 0.1180 0.3562 0.2253 0.1147
0.4367 0.1101 0.3288 0.1553 0.1388 0.5211 0.1072 0.2209 0.3683 0.1167 0.4249 0.1205 0.1615 0.4968 0.1076 0.2826 0.2220 0.1292 0.5100 0.1095 0.1950 0.4291 0.1121 0.3673 0.1344 0.1475 0.5161 0.1068 0.2444 0.3109 0.1212 0.4671 0.1145 0.1737 0.4744 0.1090 0.3142 0.1698 0.1357 0.5203 0.1078 0.2113 0.3927 0.1148 0.4012 0.1262 0.1540 0.5089 0.1067 0.2850 0.2291 0.1876 0.1190 0.4956 0.1254 0.2478 0.2724 0.1115 0.5002 0.1577 0.1289 0.4215 0.1171 0.3693 0.2203 0.1138 0.5210 0.1375 0.1601 0.3294 0.1122 0.4626 0.1781 0.1203 0.4826 0.1230 0.2862 0.2547 0.1120 0.5117 0.1494 0.1364 0.3843 0.1145 0.4126 0.2013 0.1158 0.5161 0.1308 0.2010 0.2952 0.1115 0.4885 0.1644 0.1254 0.4421 0.1186 0.3473 0.2291 0.1135 0.5035
0.1400 0.5175 0.1096 0.2395 0.3233 0.1201 0.4593 0.1197 0.1704 0.4789 0.1096 0.3088 0.1787 0.1339 0.5196 0.1116 0.2098 0.3945 0.1148 0.4016 0.1291 0.1541 0.5062 0.1091 0.2661 0.2597 0.1253 0.4960 0.1153 0.1851 0.4497 0.1111 0.3446 0.1480 0.1410 0.5201 0.1101 0.2291 0.3500 0.1179 0.4366 0.1230 0.1623 0.4944 0.1091 0.2811 0.2273 0.1276 0.5038 0.1104 0.2373 0.1159 0.4952 0.1255 0.2525 0.2703 0.1118 0.5002 0.1581 0.1283 0.4252 0.1174 0.3639 0.2228 0.1136 0.5208 0.1385 0.1562 0.3351 0.1123 0.4578 0.1804 0.1196 0.4880 0.1238 0.2762 0.2589 0.1119 0.5097 0.1509 0.1347 0.3909 0.1149 0.4058 0.2043 0.1154 0.5178 0.1318 0.1924 0.3005 0.1116 0.4848 0.1664 0.1244 0.4490 0.1193 0.3381 0.2329 0.1130 0.5194 0.1366
