0.0001 0.0001 0.0001 0.0002 0.0003 0.0005 0.0009 0.0013 0.0021 0.0032 0.0050 0.0079 0.0123 0.0192 0.0300 0.0468 0.0730 0.1140 0.1778 0.2775 0.4331 0.6759 1.0000 1.0000 1.0000 1.0000 1.0000 1.0000 1.0000 1.0000 1.0000 1.0000 0.0000 0.0000 0.0001 0.0001 0.0002 0.0003 0.0004 0.0006 0.0010 0.0015 0.0024 0.0037 0.0058 0.0090 0.0140 0.0214 0.0318 0.0434 0.0493 0.0434 0.0318 0.0214 0.0140 0.0090 0.0058 0.0037 0.0024 0.0015 0.0010 0.0006 0.0004 0.0003 0.0002 0.0001 0.0001 0.0000 0.0000 1.0000 1.0000 1.0000 1.0000 1.0000 1.0000 1.0000 1.0000 1.0000 1.0000 0.6759 0.4331 0.2775 0.1778 0.1140 0.0730 0.0468 0.0300 0.0192 0.0123 0.0079 0.0050 0.0032 0.0021 0.0013 0.0009 0.0005 0.0003 0.0002 0.0001 0.0001 0.0001
0.0001 0.0001 0.0002 0.0004 0.0005 0.0009 0.0013 0.0021 0.0032 0.0051 0.0079 0.0123 0.0193 0.0301 0.0470 0.0733 0.1144 0.1785 0.2786 0.4347 0.6784 1.0000 1.0000 1.0000 1.0000 1.0000 1.0000 1.0000 1.0000 1.0000 1.0000 0.0000 0.0000 0.0001 0.0001 0.0002 0.0003 0.0004 0.0006 0.0010 0.0015 0.0024 0.0037 0.0058 0.0090 0.0141 0.0219 0.0336 0.0500 0.0687 0.0784 0.0687 0.0500 0.0336 0.0219 0.0141 0.0090 0.0058 0.0037 0.0024 0.0015 0.0010 0.0006 0.0004 0.0003 0.0002 0.0001 0.0001 0.0000 0.0000 1.0000 1.0000 1.0000 1.0000 1.0000 1.0000 1.0000 1.0000 1.0000 1.0000 0.6784 0.4347 0.2786 0.1785 0.1144 0.0733 0.0470 0.0301 0.0193 0.0123 0.0079 0.0051 0.0032 0.0021 0.0013 0.0009 0.0005 0.0004 0.0002 0.0001 0.0001
0.0001 0.0002 0.0004 0.0006 0.0009 0.0014 0.0021 0.0033 0.0052 0.0080 0.0126 0.0196 0.0306 0.0477 0.0744 0.1162 0.1813 0.2829 0.4414 0.6888 1.0000 1.0000 1.0000 1.0000 1.0000 1.0000 1.0000 1.0000 1.0000 1.0000 0.0000 0.0000 0.0001 0.0001 0.0002 0.0003 0.0004 0.0006 0.0010 0.0015 0.0024 0.0038 0.0059 0.0092 0.0143 0.0223 0.0347 0.0534 0.0797 0.1097 0.1256 0.1097 0.0797 0.0534 0.0347 0.0223 0.0143 0.0092 0.0059 0.0038 0.0024 0.0015 0.0010 0.0006 0.0004 0.0003 0.0002 0.0001 0.0001 0.0000 0.0000 1.0000 1.0000 1.0000 1.0000 1.0000 1.0000 1.0000 1.0000 1.0000 1.0000 0.6888 0.4414 0.2829 0.1813 0.1162 0.0744 0.0477 0.0306 0.0196 0.0126 0.0080 0.0052 0.0033 0.0021 0.0014 0.0009 0.0006 0.0004 0.0002 0.0001
0.0002 0.0004 0.0006 0.0009 0.0014 0.0021 0.0033 0.0052 0.0082 0.0127 0.0199 0.0311 0.0485 0.0757 0.1182 0.1844 0.2877 0.4490 0.7007 1.0000 1.0000 1.0000 1.0000 1.0000 1.0000 1.0000 1.0000 1.0000 1.0000 0.0000 0.0000 0.0001 0.0001 0.0002 0.0003 0.0004 0.0006 0.0010 0.0016 0.0025 0.0038 0.0060 0.0093 0.0146 0.0228 0.0355 0.0551 0.0847 0.1268 0.1752 0.2009 0.1752 0.1268 0.0847 0.0551 0.0355 0.0228 0.0146 0.0093 0.0060 0.0038 0.0025 0.0016 0.0010 0.0006 0.0004 0.0003 0.0002 0.0001 0.0001 0.0000 0.0000 1.0000 1.0000 1.0000 1.0000 1.0000 1.0000 1.0000 1.0000 1.0000 1.0000 0.7007 0.4490 0.2877 0.1844 0.1182 0.0757 0.0485 0.0311 0.0199 0.0127 0.0082 0.0052 0.0033 0.0021 0.0014 0.0009 0.0006 0.0004 0.0002
0.0003 0.0005 0.0009 0.0014 0.0021 0.0034 0.0053 0.0082 0.0129 0.0202 0.0315 0.0493 0.0769 0.1202 0.1876 0.2927 0.4568 0.7128 1.0000 1.0000 1.0000 1.0000 1.0000 1.0000 1.0000 1.0000 1.0000 1.0000 0.0000 0.0000 0.0001 0.0001 0.0002 0.0003 0.0004 0.0007 0.0010 0.0016 0.0025 0.0039 0.0061 0.0095 0.0148 0.0231 0.0361 0.0563 0.0875 0.1347 0.2016 0.2791 0.3207 0.2791 0.2016 0.1347 0.0875 0.0563 0.0361 0.0231 0.0148 0.0095 0.0061 0.0039 0.0025 0.0016 0.0010 0.0007 0.0004 0.0003 0.0002 0.0001 0.0001 0.0000 0.0000 1.0000 1.0000 1.0000 1.0000 1.0000 1.0000 1.0000 1.0000 1.0000 1.0000 0.7128 0.4568 0.2927 0.1876 0.1202 0.0769 0.0493 0.0315 0.0202 0.0129 0.0082 0.0053 0.0034 0.0021 0.0014 0.0009 0.0005 0.0003
0.0005 0.0009 0.0014 0.0021 0.0034 0.0053 0.0083 0.0130 0.0204 0.0319 0.0499 0.0781 0.1218 0.1904 0.2972 0.4647 0.7251 1.0000 1.0000 1.0000 1.0000 1.0000 1.0000 1.0000 1.0000 1.0000 1.0000 0.0000 0.0000 0.0001 0.0001 0.0002 0.0003 0.0004 0.0007 0.0010 0.0016 0.0025 0.0040 0.0062 0.0097 0.0151 0.0235 0.0367 0.0573 0.0893 0.1386 0.2139 0.3207 0.4448 0.5110 0.4448 0.3207 0.2139 0.1386 0.0893 0.0573 0.0367 0.0235 0.0151 0.0097 0.0062 0.0040 0.0025 0.0016 0.0010 0.0007 0.0004 0.0003 0.0002 0.0001 0.0001 0.0000 0.0000 1.0000 1.0000 1.0000 1.0000 1.0000 1.0000 1.0000 1.0000 1.0000 1.0000 0.7251 0.4647 0.2972 0.1904 0.1218 0.0781 0.0499 0.0319 0.0204 0.0130 0.0083 0.0053 0.0034 0.0021 0.0014 0.0009 0.0005
0.0009 0.0013 0.0021 0.0033 0.0053 0.0083 0.0131 0.0205 0.0322 0.0504 0.0790 0.1234 0.1930 0.3018 0.4709 0.7362 1.0000 1.0000 1.0000 1.0000 1.0000 1.0000 1.0000 1.0000 1.0000 1.0000 0.0000 0.0000 0.0001 0.0001 0.0002 0.0003 0.0004 0.0007 0.0011 0.0017 0.0026 0.0040 0.0063 0.0098 0.0153 0.0239 0.0373 0.0582 0.0909 0.1416 0.2205 0.3395 0.5091 0.7061 0.8128 0.7061 0.5091 0.3395 0.2205 0.1416 0.0909 0.0582 0.0373 0.0239 0.0153 0.0098 0.0063 0.0040 0.0026 0.0017 0.0011 0.0007 0.0004 0.0003 0.0002 0.0001 0.0001 0.0000 0.0000 1.0000 1.0000 1.0000 1.0000 1.0000 1.0000 1.0000 1.0000 1.0000 1.0000 0.7362 0.4709 0.3018 0.1930 0.1234 0.0790 0.0504 0.0322 0.0205 0.0131 0.0083 0.0053 0.0033 0.0021 0.0013 0.0009
0.0013 0.0021 0.0033 0.0052 0.0082 0.0130 0.0205 0.0322 0.0507 0.0796 0.1246 0.1952 0.3052 0.4772 0.7461 1.0000 1.0000 1.0000 1.0000 1.0000 1.0000 1.0000 1.0000 1.0000 1.0000 0.0000 0.0000 0.0001 0.0001 0.0002 0.0003 0.0004 0.0007 0.0011 0.0017 0.0026 0.0041 0.0064 0.0100 0.0156 0.0243 0.0380 0.0592 0.0925 0.1443 0.2247 0.3500 0.5390 0.8082 1.0000 1.0000 1.0000 0.8082 0.5390 0.3500 0.2247 0.1443 0.0925 0.0592 0.0380 0.0243 0.0156 0.0100 0.0064 0.0041 0.0026 0.0017 0.0011 0.0007 0.0004 0.0003 0.0002 0.0001 0.0001 0.0000 0.0000 1.0000 1.0000 1.0000 1.0000 1.0000 1.0000 1.0000 1.0000 1.0000 1.0000 0.7461 0.4772 0.3052 0.1952 0.1246 0.0796 0.0507 0.0322 0.0205 0.0130 0.0082 0.0052 0.0033 0.0021 0.0013
0.0021 0.0032 0.0052 0.0082 0.0129 0.0204 0.0322 0.0507 0.0797 0.1253 0.1963 0.3081 0.4827 0.7561 1.0000 1.0000 1.0000 1.0000 1.0000 1.0000 1.0000 1.0000 1.0000 1.0000 0.0000 0.0000 0.0001 0.0001 0.0002 0.0003 0.0005 0.0007 0.0011 0.0017 0.0027 0.0042 0.0065 0.0101 0.0158 0.0247 0.0385 0.0602 0.0940 0.1468 0.2290 0.3567 0.5546 0.8556 1.0000 1.0000 1.0000 1.0000 1.0000 0.8556 0.5546 0.3567 0.2290 0.1468 0.0940 0.0602 0.0385 0.0247 0.0158 0.0101 0.0065 0.0042 0.0027 0.0017 0.0011 0.0007 0.0005 0.0003 0.0002 0.0001 0.0001 0.0000 0.0000 1.0000 1.0000 1.0000 1.0000 1.0000 1.0000 1.0000 1.0000 1.0000 1.0000 0.7561 0.4827 0.3081 0.1963 0.1253 0.0797 0.0507 0.0322 0.0204 0.0129 0.0082 0.0052 0.0032 0.0021
0.0032 0.0051 0.0080 0.0127 0.0202 0.0319 0.0504 0.0796 0.1253 0.1971 0.3093 0.4854 0.7619 1.0000 1.0000 1.0000 1.0000 1.0000 1.0000 1.0000 1.0000 1.0000 1.0000 0.0000 0.0000 0.0001 0.0001 0.0002 0.0003 0.0005 0.0007 0.0011 0.0017 0.0027 0.0042 0.0066 0.0103 0.0161 0.0251 0.0392 0.0612 0.0955 0.1490 0.2325 0.3629 0.5663 0.8804 1.0000 1.0000 1.0000 1.0000 1.0000 1.0000 1.0000 0.8804 0.5663 0.3629 0.2325 0.1490 0.0955 0.0612 0.0392 0.0251 0.0161 0.0103 0.0066 0.0042 0.0027 0.0017 0.0011 0.0007 0.0005 0.0003 0.0002 0.0001 0.0001 0.0000 0.0000 1.0000 1.0000 1.0000 1.0000 1.0000 1.0000 1.0000 1.0000 1.0000 1.0000 0.7619 0.4854 0.3093 0.1971 0.1253 0.0796 0.0504 0.0319 0.0202 0.0127 0.0080 0.0051 0.0032
0.0050 0.0079 0.0126 0.0199 0.0315 0.0499 0.0790 0.1246 0.1963 0.3093 0.4873 0.7648 1.0000 1.0000 1.0000 1.0000 1.0000 1.0000 1.0000 1.0000 1.0000 1.0000 0.0000 0.0001 0.0001 0.0001 0.0002 0.0003 0.0005 0.0007 0.0011 0.0018 0.0028 0.0043 0.0067 0.0105 0.0164 0.0256 0.0399 0.0622 0.0971 0.1516 0.2366 0.3692 0.5761 0.8990 1.0000 1.0000 1.0000 1.0000 1.0000 1.0000 1.0000 1.0000 1.0000 0.8990 0.5761 0.3692 0.2366 0.1516 0.0971 0.0622 0.0399 0.0256 0.0164 0.0105 0.0067 0.0043 0.0028 0.0018 0.0011 0.0007 0.0005 0.0003 0.0002 0.0001 0.0001 0.0001 0.0000 1.0000 1.0000 1.0000 1.0000 1.0000 1.0000 1.0000 1.0000 1.0000 1.0000 0.7648 0.4873 0.3093 0.1963 0.1246 0.0790 0.0499 0.0315 0.0199 0.0126 0.0079 0.0050
0.0079 0.0123 0.0196 0.0311 0.0493 0.0781 0.1234 0.1952 0.3081 0.4854 0.7648 1.0000 1.0000 1.0000 1.0000 1.0000 1.0000 1.0000 1.0000 1.0000 0.0000 0.0000 0.0001 0.0001 0.0001 0.0002 0.0003 0.0005 0.0007 0.0012 0.0018 0.0028 0.0044 0.0068 0.0107 0.0167 0.0260 0.0406 0.0633 0.0988 0.1542 0.2406 0.3755 0.5860 0.9145 1.0000 1.0000 1.0000 1.0000 1.0000 1.0000 1.0000 1.0000 1.0000 1.0000 1.0000 0.9145 0.5860 0.3755 0.2406 0.1542 0.0988 0.0633 0.0406 0.0260 0.0167 0.0107 0.0068 0.0044 0.0028 0.0018 0.0012 0.0007 0.0005 0.0003 0.0002 0.0001 0.0001 0.0001 0.0000 0.0000 1.0000 1.0000 1.0000 1.0000 1.0000 1.0000 1.0000 1.0000 1.0000 0.7648 0.4854 0.3081 0.1952 0.1234 0.0781 0.0493 0.0311 0.0196 0.0123 0.0079
0.0123 0.0193 0.0306 0.0485 0.0769 0.1218 0.1930 0.3052 0.4827 0.7619 1.0000 1.0000 1.0000 1.0000 1.0000 1.0000 1.0000 1.0000 1.0000 0.0000 0.0000 0.0001 0.0001 0.0001 0.0002 0.0003 0.0005 0.0008 0.0012 0.0018 0.0029 0.0045 0.0069 0.0108 0.0169 0.0264 0.0412 0.0643 0.1003 0.1566 0.2448 0.3820 0.5961 0.9303 1.0000 1.0000 1.0000 1.0000 1.0000 1.0000 1.0000 1.0000 1.0000 1.0000 1.0000 1.0000 1.0000 0.9303 0.5961 0.3820 0.2448 0.1566 0.1003 0.0643 0.0412 0.0264 0.0169 0.0108 0.0069 0.0045 0.0029 0.0018 0.0012 0.0008 0.0005 0.0003 0.0002 0.0001 0.0001 0.0001 0.0000 0.0000 1.0000 1.0000 1.0000 1.0000 1.0000 1.0000 1.0000 1.0000 1.0000 0.7619 0.4827 0.3052 0.1930 0.1218 0.0769 0.0485 0.0306 0.0193 0.0123
0.0192 0.0301 0.0477 0.0757 0.1202 0.1904 0.3018 0.4772 0.7561 1.0000 1.0000 1.0000 1.0000 1.0000 1.0000 1.0000 1.0000 1.0000 0.0000 0.0000 0.0001 0.0001 0.0001 0.0002 0.0003 0.0005 0.0008 0.0012 0.0019 0.0029 0.0045 0.0071 0.0110 0.0172 0.0269 0.0419 0.0654 0.1021 0.1593 0.2485 0.3879 0.6053 0.9445 1.0000 1.0000 1.0000 1.0000 1.0000 1.0000 1.0000 1.0000 1.0000 1.0000 1.0000 1.0000 1.0000 1.0000 1.0000 0.9445 0.6053 0.3879 0.2485 0.1593 0.1021 0.0654 0.0419 0.0269 0.0172 0.0110 0.0071 0.0045 0.0029 0.0019 0.0012 0.0008 0.0005 0.0003 0.0002 0.0001 0.0001 0.0001 0.0000 0.0000 1.0000 1.0000 1.0000 1.0000 1.0000 1.0000 1.0000 1.0000 1.0000 0.7561 0.4772 0.3018 0.1904 0.1202 0.0757 0.0477 0.0301 0.0192
0.0300 0.0470 0.0744 0.1182 0.1876 0.2972 0.4709 0.7461 1.0000 1.0000 1.0000 1.0000 1.0000 1.0000 1.0000 1.0000 1.0000 0.0000 0.0000 0.0001 0.0001 0.0001 0.0002 0.0003 0.0005 0.0008 0.0012 0.0019 0.0030 0.0046 0.0072 0.0112 0.0175 0.0273 0.0426 0.0665 0.1038 0.1620 0.2528 0.3946 0.6157 0.9608 1.0000 1.0000 1.0000 1.0000 1.0000 1.0000 1.0000 1.0000 1.0000 1.0000 1.0000 1.0000 1.0000 1.0000 1.0000 1.0000 1.0000 0.9608 0.6157 0.3946 0.2528 0.1620 0.1038 0.0665 0.0426 0.0273 0.0175 0.0112 0.0072 0.0046 0.0030 0.0019 0.0012 0.0008 0.0005 0.0003 0.0002 0.0001 0.0001 0.0001 0.0000 0.0000 1.0000 1.0000 1.0000 1.0000 1.0000 1.0000 1.0000 1.0000 1.0000 0.7461 0.4709 0.2972 0.1876 0.1182 0.0744 0.0470 0.0300
0.0468 0.0733 0.1162 0.1844 0.2927 0.4647 0.7362 1.0000 1.0000 1.0000 1.0000 1.0000 1.0000 1.0000 1.0000 1.0000 0.0000 0.0000 0.0001 0.0001 0.0001 0.0002 0.0003 0.0005 0.0008 0.0012 0.0019 0.0030 0.0047 0.0073 0.0114 0.0178 0.0278 0.0434 0.0677 0.1056 0.1648 0.2572 0.4014 0.6264 0.9774 1.0000 1.0000 1.0000 1.0000 1.0000 1.0000 1.0000 1.0000 1.0000 1.0000 1.0000 1.0000 1.0000 1.0000 1.0000 1.0000 1.0000 1.0000 1.0000 0.9774 0.6264 0.4014 0.2572 0.1648 0.1056 0.0677 0.0434 0.0278 0.0178 0.0114 0.0073 0.0047 0.0030 0.0019 0.0012 0.0008 0.0005 0.0003 0.0002 0.0001 0.0001 0.0001 0.0000 0.0000 1.0000 1.0000 1.0000 1.0000 1.0000 1.0000 1.0000 1.0000 1.0000 0.7362 0.4647 0.2927 0.1844 0.1162 0.0733 0.0468
0.0730 0.1144 0.1813 0.2877 0.4568 0.7251 1.0000 1.0000 1.0000 1.0000 1.0000 1.0000 1.0000 1.0000 1.0000 0.0000 0.0000 0.0001 0.0001 0.0001 0.0002 0.0003 0.0005 0.0008 0.0012 0.0019 0.0030 0.0047 0.0074 0.0116 0.0181 0.0282 0.0440 0.0687 0.1072 0.1673 0.2611 0.4075 0.6372 0.9943 1.0000 1.0000 1.0000 1.0000 1.0000 1.0000 1.0000 1.0000 1.0000 0.0000 0.0000 0.0000 1.0000 1.0000 1.0000 1.0000 1.0000 1.0000 1.0000 1.0000 1.0000 0.9943 0.6372 0.4075 0.2611 0.1673 0.1072 0.0687 0.0440 0.0282 0.0181 0.0116 0.0074 0.0047 0.0030 0.0019 0.0012 0.0008 0.0005 0.0003 0.0002 0.0001 0.0001 0.0001 0.0000 0.0000 1.0000 1.0000 1.0000 1.0000 1.0000 1.0000 1.0000 1.0000 1.0000 0.7251 0.4568 0.2877 0.1813 0.1144 0.0730
0.1140 0.1785 0.2829 0.4490 0.7128 1.0000 1.0000 1.0000 1.0000 1.0000 1.0000 1.0000 1.0000 1.0000 0.0000 0.0000 0.0001 0.0001 0.0001 0.0002 0.0003 0.0005 0.0008 0.0013 0.0020 0.0031 0.0048 0.0075 0.0117 0.0184 0.0287 0.0448 0.0699 0.1091 0.1702 0.2657 0.4146 0.6469 1.0000 1.0000 1.0000 1.0000 1.0000 1.0000 1.0000 1.0000 1.0000 1.0000 0.0000 0.0000 0.0000 0.0000 0.0000 1.0000 1.0000 1.0000 1.0000 1.0000 1.0000 1.0000 1.0000 1.0000 1.0000 0.6469 0.4146 0.2657 0.1702 0.1091 0.0699 0.0448 0.0287 0.0184 0.0117 0.0075 0.0048 0.0031 0.0020 0.0013 0.0008 0.0005 0.0003 0.0002 0.0001 0.0001 0.0001 0.0000 0.0000 1.0000 1.0000 1.0000 1.0000 1.0000 1.0000 1.0000 1.0000 1.0000 0.7128 0.4490 0.2829 0.1785 0.1140
0.1778 0.2786 0.4414 0.7007 1.0000 1.0000 1.0000 1.0000 1.0000 1.0000 1.0000 1.0000 1.0000 0.0000 0.0000 0.0001 0.0001 0.0001 0.0002 0.0003 0.0005 0.0008 0.0013 0.0020 0.0031 0.0049 0.0076 0.0119 0.0186 0.0291 0.0455 0.0710 0.1110 0.1732 0.2702 0.4217 0.6581 1.0000 1.0000 1.0000 1.0000 1.0000 1.0000 1.0000 1.0000 1.0000 1.0000 0.0000 0.0000 0.0001 0.0001 0.0001 0.0000 0.0000 1.0000 1.0000 1.0000 1.0000 1.0000 1.0000 1.0000 1.0000 1.0000 1.0000 0.6581 0.4217 0.2702 0.1732 0.1110 0.0710 0.0455 0.0291 0.0186 0.0119 0.0076 0.0049 0.0031 0.0020 0.0013 0.0008 0.0005 0.0003 0.0002 0.0001 0.0001 0.0001 0.0000 0.0000 1.0000 1.0000 1.0000 1.0000 1.0000 1.0000 1.0000 1.0000 1.0000 0.7007 0.4414 0.2786 0.1778
0.2775 0.4347 0.6888 1.0000 1.0000 1.0000 1.0000 1.0000 1.0000 1.0000 1.0000 1.0000 0.0000 0.0000 0.0001 0.0001 0.0001 0.0002 0.0003 0.0005 0.0008 0.0013 0.0020 0.0031 0.0049 0.0077 0.0120 0.0188 0.0295 0.0461 0.0719 0.1125 0.1758 0.2744 0.4290 0.6695 1.0000 1.0000 1.0000 1.0000 1.0000 1.0000 1.0000 1.0000 1.0000 1.0000 0.0000 0.0000 0.0001 0.0001 0.0001 0.0001 0.0001 0.0000 0.0000 1.0000 1.0000 1.0000 1.0000 1.0000 1.0000 1.0000 1.0000 1.0000 1.0000 0.6695 0.4290 0.2744 0.1758 0.1125 0.0719 0.0461 0.0295 0.0188 0.0120 0.0077 0.0049 0.0031 0.0020 0.0013 0.0008 0.0005 0.0003 0.0002 0.0001 0.0001 0.0001 0.0000 0.0000 1.0000 1.0000 1.0000 1.0000 1.0000 1.0000 1.0000 1.0000 1.0000 0.6888 0.4347 0.2775
0.4331 0.6784 1.0000 1.0000 1.0000 1.0000 1.0000 1.0000 1.0000 1.0000 1.0000 0.0000 0.0000 0.0001 0.0001 0.0001 0.0002 0.0003 0.0005 0.0008 0.0013 0.0020 0.0031 0.0049 0.0077 0.0121 0.0190 0.0298 0.0466 0.0729 0.1140 0.1782 0.2786 0.4356 0.6797 1.0000 1.0000 1.0000 1.0000 1.0000 1.0000 1.0000 1.0000 1.0000 1.0000 0.0000 0.0000 0.0001 0.0001 0.0001 0.0002 0.0001 0.0001 0.0001 0.0000 0.0000 1.0000 1.0000 1.0000 1.0000 1.0000 1.0000 1.0000 1.0000 1.0000 1.0000 0.6797 0.4356 0.2786 0.1782 0.1140 0.0729 0.0466 0.0298 0.0190 0.0121 0.0077 0.0049 0.0031 0.0020 0.0013 0.0008 0.0005 0.0003 0.0002 0.0001 0.0001 0.0001 0.0000 0.0000 1.0000 1.0000 1.0000 1.0000 1.0000 1.0000 1.0000 1.0000 1.0000 0.6784 0.4331
0.6759 1.0000 1.0000 1.0000 1.0000 1.0000 1.0000 1.0000 1.0000 1.0000 1.0000 0.0000 0.0001 0.0001 0.0001 0.0002 0.0003 0.0005 0.0008 0.0013 0.0020 0.0031 0.0050 0.0078 0.0122 0.0191 0.0300 0.0471 0.0736 0.1153 0.1806 0.2823 0.4414 0.6888 1.0000 1.0000 1.0000 1.0000 1.0000 1.0000 1.0000 1.0000 1.0000 1.0000 0.0000 0.0000 0.0001 0.0001 0.0002 0.0002 0.0003 0.0002 0.0002 0.0001 0.0001 0.0000 0.0000 1.0000 1.0000 1.0000 1.0000 1.0000 1.0000 1.0000 1.0000 1.0000 1.0000 0.6888 0.4414 0.2823 0.1806 0.1153 0.0736 0.0471 0.0300 0.0191 0.0122 0.0078 0.0050 0.0031 0.0020 0.0013 0.0008 0.0005 0.0003 0.0002 0.0001 0.0001 0.0001 0.0000 1.0000 1.0000 1.0000 1.0000 1.0000 1.0000 1.0000 1.0000 1.0000 1.0000 0.6759
1.0000 1.0000 1.0000 1.0000 1.0000 1.0000 1.0000 1.0000 1.0000 1.0000 0.0000 0.0001 0.0001 0.0001 0.0002 0.0003 0.0005 0.0008 0.0013 0.0020 0.0031 0.0050 0.0078 0.0122 0.0193 0.0302 0.0473 0.0743 0.1164 0.1823 0.2856 0.4465 0.6981 1.0000 1.0000 1.0000 1.0000 1.0000 1.0000 1.0000 1.0000 1.0000 1.0000 0.0000 0.0000 0.0001 0.0001 0.0002 0.0003 0.0004 0.0004 0.0004 0.0003 0.0002 0.0001 0.0001 0.0000 0.0000 1.0000 1.0000 1.0000 1.0000 1.0000 1.0000 1.0000 1.0000 1.0000 1.0000 0.6981 0.4465 0.2856 0.1823 0.1164 0.0743 0.0473 0.0302 0.0193 0.0122 0.0078 0.0050 0.0031 0.0020 0.0013 0.0008 0.0005 0.0003 0.0002 0.0001 0.0001 0.0001 0.0000 1.0000 1.0000 1.0000 1.0000 1.0000 1.0000 1.0000 1.0000 1.0000 1.0000
1.0000 1.0000 1.0000 1.0000 1.0000 1.0000 1.0000 1.0000 1.0000 0.0000 0.0001 0.0001 0.0001 0.0002 0.0003 0.0005 0.0008 0.0013 0.0020 0.0031 0.0049 0.0078 0.0122 0.0193 0.0303 0.0476 0.0747 0.1173 0.1837 0.2883 0.4507 0.7061 1.0000 1.0000 1.0000 1.0000 1.0000 1.0000 1.0000 1.0000 1.0000 1.0000 0.0000 0.0000 0.0001 0.0001 0.0002 0.0003 0.0004 0.0006 0.0006 0.0006 0.0004 0.0003 0.0002 0.0001 0.0001 0.0000 0.0000 1.0000 1.0000 1.0000 1.0000 1.0000 1.0000 1.0000 1.0000 1.0000 1.0000 0.7061 0.4507 0.2883 0.1837 0.1173 0.0747 0.0476 0.0303 0.0193 0.0122 0.0078 0.0049 0.0031 0.0020 0.0013 0.0008 0.0005 0.0003 0.0002 0.0001 0.0001 0.0001 0.0000 1.0000 1.0000 1.0000 1.0000 1.0000 1.0000 1.0000 1.0000 1.0000
1.0000 1.0000 1.0000 1.0000 1.0000 1.0000 1.0000 1.0000 0.0000 0.0000 0.0001 0.0001 0.0002 0.0003 0.0005 0.0008 0.0012 0.0020 0.0031 0.0049 0.0077 0.0122 0.0193 0.0303 0.0477 0.0750 0.1177 0.1847 0.2899 0.4550 0.7128 1.0000 1.0000 1.0000 1.0000 1.0000 1.0000 1.0000 1.0000 1.0000 1.0000 0.0000 0.0000 0.0001 0.0001 0.0002 0.0003 0.0004 0.0006 0.0009 0.0010 0.0009 0.0006 0.0004 0.0003 0.0002 0.0001 0.0001 0.0000 0.0000 1.0000 1.0000 1.0000 1.0000 1.0000 1.0000 1.0000 1.0000 1.0000 1.0000 0.7128 0.4550 0.2899 0.1847 0.1177 0.0750 0.0477 0.0303 0.0193 0.0122 0.0077 0.0049 0.0031 0.0020 0.0012 0.0008 0.0005 0.0003 0.0002 0.0001 0.0001 0.0000 0.0000 1.0000 1.0000 1.0000 1.0000 1.0000 1.0000 1.0000 1.0000
1.0000 1.0000 1.0000 1.0000 1.0000 1.0000 1.0000 0.0000 0.0000 0.0001 0.0001 0.0002 0.0003 0.0005 0.0008 0.0012 0.0019 0.0031 0.0049 0.0077 0.0121 0.0191 0.0302 0.0476 0.0750 0.1179 0.1854 0.2910 0.4577 0.7169 1.0000 1.0000 1.0000 1.0000 1.0000 1.0000 1.0000 1.0000 1.0000 1.0000 0.0000 0.0000 0.0001 0.0001 0.0002 0.0003 0.0004 0.0007 0.0010 0.0014 0.0016 0.0014 0.0010 0.0007 0.0004 0.0003 0.0002 0.0001 0.0001 0.0000 0.0000 1.0000 1.0000 1.0000 1.0000 1.0000 1.0000 1.0000 1.0000 1.0000 1.0000 0.7169 0.4577 0.2910 0.1854 0.1179 0.0750 0.0476 0.0302 0.0191 0.0121 0.0077 0.0049 0.0031 0.0019 0.0012 0.0008 0.0005 0.0003 0.0002 0.0001 0.0001 0.0000 0.0000 1.0000 1.0000 1.0000 1.0000 1.0000 1.0000 1.0000
1.0000 1.0000 1.0000 1.0000 1.0000 1.0000 0.0000 0.0000 0.0001 0.0001 0.0002 0.0003 0.0005 0.0008 0.0012 0.0019 0.0030 0.0048 0.0076 0.0120 0.0190 0.0300 0.0473 0.0747 0.1177 0.1854 0.2916 0.4585 0.7210 1.0000 1.0000 1.0000 1.0000 1.0000 1.0000 1.0000 1.0000 1.0000 1.0000 0.0000 0.0000 0.0001 0.0001 0.0002 0.0003 0.0004 0.0007 0.0011 0.0016 0.0022 0.0026 0.0022 0.0016 0.0011 0.0007 0.0004 0.0003 0.0002 0.0001 0.0001 0.0000 0.0000 1.0000 1.0000 1.0000 1.0000 1.0000 1.0000 1.0000 1.0000 1.0000 1.0000 0.7210 0.4585 0.2916 0.1854 0.1177 0.0747 0.0473 0.0300 0.0190 0.0120 0.0076 0.0048 0.0030 0.0019 0.0012 0.0008 0.0005 0.0003 0.0002 0.0001 0.0001 0.0000 0.0000 1.0000 1.0000 1.0000 1.0000 1.0000 1.0000
1.0000 1.0000 1.0000 1.0000 1.0000 0.0000 0.0000 0.0001 0.0001 0.0002 0.0003 0.0005 0.0008 0.0012 0.0019 0.0030 0.0047 0.0075 0.0119 0.0188 0.0298 0.0471 0.0743 0.1173 0.1847 0.2910 0.4585 0.7224 1.0000 1.0000 1.0000 1.0000 1.0000 1.0000 1.0000 1.0000 1.0000 1.0000 0.0000 0.0000 0.0001 0.0001 0.0002 0.0003 0.0005 0.0007 0.0011 0.0017 0.0025 0.0035 0.0041 0.0035 0.0025 0.0017 0.0011 0.0007 0.0005 0.0003 0.0002 0.0001 0.0001 0.0000 0.0000 1.0000 1.0000 1.0000 1.0000 1.0000 1.0000 1.0000 1.0000 1.0000 1.0000 0.7224 0.4585 0.2910 0.1847 0.1173 0.0743 0.0471 0.0298 0.0188 0.0119 0.0075 0.0047 0.0030 0.0019 0.0012 0.0008 0.0005 0.0003 0.0002 0.0001 0.0001 0.0000 0.0000 1.0000 1.0000 1.0000 1.0000 1.0000
1.0000 1.0000 1.0000 1.0000 0.0000 0.0000 0.0001 0.0001 0.0002 0.0003 0.0005 0.0007 0.0012 0.0019 0.0030 0.0047 0.0074 0.0117 0.0186 0.0295 0.0466 0.0736 0.1164 0.1837 0.2899 0.4577 0.7210 1.0000 1.0000 1.0000 1.0000 1.0000 1.0000 1.0000 1.0000 1.0000 1.0000 0.0000 0.0000 0.0001 0.0001 0.0002 0.0003 0.0005 0.0007 0.0011 0.0017 0.0027 0.0040 0.0056 0.0065 0.0056 0.0040 0.0027 0.0017 0.0011 0.0007 0.0005 0.0003 0.0002 0.0001 0.0001 0.0000 0.0000 1.0000 1.0000 1.0000 1.0000 1.0000 1.0000 1.0000 1.0000 1.0000 1.0000 0.7210 0.4577 0.2899 0.1837 0.1164 0.0736 0.0466 0.0295 0.0186 0.0117 0.0074 0.0047 0.0030 0.0019 0.0012 0.0007 0.0005 0.0003 0.0002 0.0001 0.0001 0.0000 0.0000 1.0000 1.0000 1.0000 1.0000
1.0000 1.0000 1.0000 0.0000 0.0000 0.0001 0.0001 0.0002 0.0003 0.0005 0.0007 0.0012 0.0018 0.0029 0.0046 0.0073 0.0116 0.0184 0.0291 0.0461 0.0729 0.1153 0.1823 0.2883 0.4550 0.7169 1.0000 1.0000 1.0000 1.0000 1.0000 1.0000 1.0000 1.0000 1.0000 1.0000 0.0000 0.0000 0.0001 0.0001 0.0002 0.0003 0.0005 0.0007 0.0011 0.0018 0.0028 0.0043 0.0064 0.0089 0.0103 0.0089 0.0064 0.0043 0.0028 0.0018 0.0011 0.0007 0.0005 0.0003 0.0002 0.0001 0.0001 0.0000 0.0000 1.0000 1.0000 1.0000 1.0000 1.0000 1.0000 1.0000 1.0000 1.0000 1.0000 0.7169 0.4550 0.2883 0.1823 0.1153 0.0729 0.0461 0.0291 0.0184 0.0116 0.0073 0.0046 0.0029 0.0018 0.0012 0.0007 0.0005 0.0003 0.0002 0.0001 0.0001 0.0000 0.0000 1.0000 1.0000 1.0000
1.0000 1.0000 0.0000 0.0000 0.0001 0.0001 0.0002 0.0003 0.0005 0.0007 0.0011 0.0018 0.0029 0.0045 0.0072 0.0114 0.0181 0.0287 0.0455 0.0719 0.1140 0.1806 0.2856 0.4507 0.7128 1.0000 1.0000 1.0000 1.0000 1.0000 1.0000 1.0000 1.0000 1.0000 1.0000 0.0000 0.0001 0.0001 0.0001 0.0002 0.0003 0.0005 0.0007 0.0012 0.0018 0.0028 0.0044 0.0068 0.0102 0.0141 0.0163 0.0141 0.0102 0.0068 0.0044 0.0028 0.0018 0.0012 0.0007 0.0005 0.0003 0.0002 0.0001 0.0001 0.0001 0.0000 1.0000 1.0000 1.0000 1.0000 1.0000 1.0000 1.0000 1.0000 1.0000 1.0000 0.7128 0.4507 0.2856 0.1806 0.1140 0.0719 0.0455 0.0287 0.0181 0.0114 0.0072 0.0045 0.0029 0.0018 0.0011 0.0007 0.0005 0.0003 0.0002 0.0001 0.0001 0.0000 0.0000 1.0000 1.0000
1.0000 0.0000 0.0000 0.0001 0.0001 0.0002 0.0003 0.0004 0.0007 0.0011 0.0018 0.0028 0.0045 0.0071 0.0112 0.0178 0.0282 0.0448 0.0710 0.1125 0.1782 0.2823 0.4465 0.7061 1.0000 1.0000 1.0000 1.0000 1.0000 1.0000 1.0000 1.0000 1.0000 1.0000 0.0000 0.0001 0.0001 0.0001 0.0002 0.0003 0.0005 0.0007 0.0012 0.0018 0.0028 0.0045 0.0069 0.0107 0.0161 0.0224 0.0259 0.0224 0.0161 0.0107 0.0069 0.0045 0.0028 0.0018 0.0012 0.0007 0.0005 0.0003 0.0002 0.0001 0.0001 0.0001 0.0000 1.0000 1.0000 1.0000 1.0000 1.0000 1.0000 1.0000 1.0000 1.0000 1.0000 0.7061 0.4465 0.2823 0.1782 0.1125 0.0710 0.0448 0.0282 0.0178 0.0112 0.0071 0.0045 0.0028 0.0018 0.0011 0.0007 0.0004 0.0003 0.0002 0.0001 0.0001 0.0000 0.0000 1.0000
0.0000 0.0000 0.0001 0.0001 0.0002 0.0003 0.0004 0.0007 0.0011 0.0017 0.0028 0.0044 0.0069 0.0110 0.0175 0.0278 0.0440 0.0699 0.1110 0.1758 0.2786 0.4414 0.6981 1.0000 1.0000 1.0000 1.0000 1.0000 1.0000 1.0000 1.0000 1.0000 1.0000 0.0000 0.0001 0.0001 0.0001 0.0002 0.0003 0.0005 0.0008 0.0012 0.0018 0.0029 0.0045 0.0070 0.0110 0.0170 0.0255 0.0356 0.0410 0.0356 0.0255 0.0170 0.0110 0.0070 0.0045 0.0029 0.0018 0.0012 0.0008 0.0005 0.0003 0.0002 0.0001 0.0001 0.0001 0.0000 1.0000 1.0000 1.0000 1.0000 1.0000 1.0000 1.0000 1.0000 1.0000 1.0000 0.6981 0.4414 0.2786 0.1758 0.1110 0.0699 0.0440 0.0278 0.0175 0.0110 0.0069 0.0044 0.0028 0.0017 0.0011 0.0007 0.0004 0.0003 0.0002 0.0001 0.0001 0.0000 0.0000
0.0000 0.0001 0.0001 0.0002 0.0003 0.0004 0.0007 0.0011 0.0017 0.0027 0.0043 0.0068 0.0108 0.0172 0.0273 0.0434 0.0687 0.1091 0.1732 0.2744 0.4356 0.6888 1.0000 1.0000 1.0000 1.0000 1.0000 1.0000 1.0000 1.0000 1.0000 1.0000 0.0000 0.0001 0.0001 0.0001 0.0002 0.0003 0.0005 0.0008 0.0012 0.0019 0.0029 0.0046 0.0071 0.0112 0.0174 0.0269 0.0404 0.0564 0.0650 0.0564 0.0404 0.0269 0.0174 0.0112 0.0071 0.0046 0.0029 0.0019 0.0012 0.0008 0.0005 0.0003 0.0002 0.0001 0.0001 0.0001 0.0000 1.0000 1.0000 1.0000 1.0000 1.0000 1.0000 1.0000 1.0000 1.0000 1.0000 0.6888 0.4356 0.2744 0.1732 0.1091 0.0687 0.0434 0.0273 0.0172 0.0108 0.0068 0.0043 0.0027 0.0017 0.0011 0.0007 0.0004 0.0003 0.0002 0.0001 0.0001 0.0000
0.0001 0.0001 0.0002 0.0003 0.0004 0.0007 0.0011 0.0017 0.0027 0.0042 0.0067 0.0107 0.0169 0.0269 0.0426 0.0677 0.1072 0.1702 0.2702 0.4290 0.6797 1.0000 1.0000 1.0000 1.0000 1.0000 1.0000 1.0000 1.0000 1.0000 1.0000 0.0000 0.0001 0.0001 0.0001 0.0002 0.0003 0.0005 0.0008 0.0012 0.0019 0.0029 0.0046 0.0072 0.0113 0.0177 0.0275 0.0426 0.0640 0.0893 0.1030 0.0893 0.0640 0.0426 0.0275 0.0177 0.0113 0.0072 0.0046 0.0029 0.0019 0.0012 0.0008 0.0005 0.0003 0.0002 0.0001 0.0001 0.0001 0.0000 1.0000 1.0000 1.0000 1.0000 1.0000 1.0000 1.0000 1.0000 1.0000 1.0000 0.6797 0.4290 0.2702 0.1702 0.1072 0.0677 0.0426 0.0269 0.0169 0.0107 0.0067 0.0042 0.0027 0.0017 0.0011 0.0007 0.0004 0.0003 0.0002 0.0001 0.0001
0.0001 0.0002 0.0003 0.0004 0.0007 0.0010 0.0017 0.0026 0.0042 0.0066 0.0105 0.0167 0.0264 0.0419 0.0665 0.1056 0.1673 0.2657 0.4217 0.6695 1.0000 1.0000 1.0000 1.0000 1.0000 1.0000 1.0000 1.0000 1.0000 1.0000 0.0000 0.0001 0.0001 0.0001 0.0002 0.0003 0.0005 0.0008 0.0012 0.0019 0.0030 0.0047 0.0073 0.0114 0.0179 0.0280 0.0436 0.0674 0.1015 0.1416 0.1633 0.1416 0.1015 0.0674 0.0436 0.0280 0.0179 0.0114 0.0073 0.0047 0.0030 0.0019 0.0012 0.0008 0.0005 0.0003 0.0002 0.0001 0.0001 0.0001 0.0000 1.0000 1.0000 1.0000 1.0000 1.0000 1.0000 1.0000 1.0000 1.0000 1.0000 0.6695 0.4217 0.2657 0.1673 0.1056 0.0665 0.0419 0.0264 0.0167 0.0105 0.0066 0.0042 0.0026 0.0017 0.0010 0.0007 0.0004 0.0003 0.0002 0.0001
0.0002 0.0003 0.0004 0.0006 0.0010 0.0016 0.0026 0.0041 0.0065 0.0103 0.0164 0.0260 0.0412 0.0654 0.1038 0.1648 0.2611 0.4146 0.6581 1.0000 1.0000 1.0000 1.0000 1.0000 1.0000 1.0000 1.0000 1.0000 1.0000 0.0000 0.0001 0.0001 0.0001 0.0002 0.0003 0.0005 0.0008 0.0012 0.0019 0.0030 0.0047 0.0074 0.0115 0.0180 0.0283 0.0442 0.0690 0.1066 0.1608 0.2243 0.2587 0.2243 0.1608 0.1066 0.0690 0.0442 0.0283 0.0180 0.0115 0.0074 0.0047 0.0030 0.0019 0.0012 0.0008 0.0005 0.0003 0.0002 0.0001 0.0001 0.0001 0.0000 1.0000 1.0000 1.0000 1.0000 1.0000 1.0000 1.0000 1.0000 1.0000 1.0000 0.6581 0.4146 0.2611 0.1648 0.1038 0.0654 0.0412 0.0260 0.0164 0.0103 0.0065 0.0041 0.0026 0.0016 0.0010 0.0006 0.0004 0.0003 0.0002
0.0003 0.0004 0.0006 0.0010 0.0016 0.0025 0.0040 0.0064 0.0101 0.0161 0.0256 0.0406 0.0643 0.1021 0.1620 0.2572 0.4075 0.6469 1.0000 1.0000 1.0000 1.0000 1.0000 1.0000 1.0000 1.0000 1.0000 1.0000 0.0000 0.0000 0.0001 0.0001 0.0002 0.0003 0.0005 0.0008 0.0012 0.0019 0.0030 0.0047 0.0074 0.0116 0.0182 0.0285 0.0447 0.0699 0.1091 0.1689 0.2543 0.3547 0.4099 0.3547 0.2543 0.1689 0.1091 0.0699 0.0447 0.0285 0.0182 0.0116 0.0074 0.0047 0.0030 0.0019 0.0012 0.0008 0.0005 0.0003 0.0002 0.0001 0.0001 0.0000 0.0000 1.0000 1.0000 1.0000 1.0000 1.0000 1.0000 1.0000 1.0000 1.0000 1.0000 0.6469 0.4075 0.2572 0.1620 0.1021 0.0643 0.0406 0.0256 0.0161 0.0101 0.0064 0.0040 0.0025 0.0016 0.0010 0.0006 0.0004 0.0003
0.0004 0.0006 0.0010 0.0016 0.0025 0.0040 0.0063 0.0100 0.0158 0.0251 0.0399 0.0633 0.1003 0.1593 0.2528 0.4014 0.6372 1.0000 1.0000 1.0000 1.0000 1.0000 1.0000 1.0000 1.0000 1.0000 1.0000 0.0000 0.0000 0.0001 0.0001 0.0002 0.0003 0.0005 0.0008 0.0012 0.0019 0.0030 0.0047 0.0074 0.0116 0.0183 0.0287 0.0451 0.0706 0.1105 0.1725 0.2667 0.4021 0.5620 0.6494 0.5620 0.4021 0.2667 0.1725 0.1105 0.0706 0.0451 0.0287 0.0183 0.0116 0.0074 0.0047 0.0030 0.0019 0.0012 0.0008 0.0005 0.0003 0.0002 0.0001 0.0001 0.0000 0.0000 1.0000 1.0000 1.0000 1.0000 1.0000 1.0000 1.0000 1.0000 1.0000 1.0000 0.6372 0.4014 0.2528 0.1593 0.1003 0.0633 0.0399 0.0251 0.0158 0.0100 0.0063 0.0040 0.0025 0.0016 0.0010 0.0006 0.0004
0.0006 0.0010 0.0015 0.0025 0.0039 0.0062 0.0098 0.0156 0.0247 0.0392 0.0622 0.0988 0.1566 0.2485 0.3946 0.6264 0.9943 1.0000 1.0000 1.0000 1.0000 1.0000 1.0000 1.0000 1.0000 1.0000 0.0000 0.0000 0.0001 0.0001 0.0002 0.0003 0.0005 0.0008 0.0012 0.0019 0.0030 0.0047 0.0074 0.0117 0.0183 0.0288 0.0452 0.0710 0.1114 0.1745 0.2723 0.4217 0.6372 0.8888 1.0000 0.8888 0.6372 0.4217 0.2723 0.1745 0.1114 0.0710 0.0452 0.0288 0.0183 0.0117 0.0074 0.0047 0.0030 0.0019 0.0012 0.0008 0.0005 0.0003 0.0002 0.0001 0.0001 0.0000 0.0000 1.0000 1.0000 1.0000 1.0000 1.0000 1.0000 1.0000 1.0000 1.0000 0.9943 0.6264 0.3946 0.2485 0.1566 0.0988 0.0622 0.0392 0.0247 0.0156 0.0098 0.0062 0.0039 0.0025 0.0015 0.0010 0.0006
0.0010 0.0015 0.0024 0.0038 0.0061 0.0097 0.0153 0.0243 0.0385 0.0612 0.0971 0.1542 0.2448 0.3879 0.6157 0.9774 1.0000 1.0000 1.0000 1.0000 1.0000 1.0000 1.0000 1.0000 1.0000 0.0000 0.0000 0.0001 0.0001 0.0002 0.0003 0.0005 0.0008 0.0012 0.0019 0.0030 0.0047 0.0074 0.0116 0.0183 0.0289 0.0454 0.0712 0.1120 0.1758 0.2754 0.4306 0.6669 1.0000 1.0000 1.0000 1.0000 1.0000 0.6669 0.4306 0.2754 0.1758 0.1120 0.0712 0.0454 0.0289 0.0183 0.0116 0.0074 0.0047 0.0030 0.0019 0.0012 0.0008 0.0005 0.0003 0.0002 0.0001 0.0001 0.0000 0.0000 1.0000 1.0000 1.0000 1.0000 1.0000 1.0000 1.0000 1.0000 1.0000 0.9774 0.6157 0.3879 0.2448 0.1542 0.0971 0.0612 0.0385 0.0243 0.0153 0.0097 0.0061 0.0038 0.0024 0.0015 0.0010
0.0015 0.0024 0.0038 0.0060 0.0095 0.0151 0.0239 0.0380 0.0602 0.0955 0.1516 0.2406 0.3820 0.6053 0.9608 1.0000 1.0000 1.0000 1.0000 1.0000 1.0000 1.0000 1.0000 1.0000 0.0000 0.0000 0.0001 0.0001 0.0002 0.0003 0.0005 0.0007 0.0012 0.0019 0.0029 0.0047 0.0074 0.0116 0.0183 0.0288 0.0454 0.0714 0.1122 0.1765 0.2770 0.4339 0.6797 1.0000 1.0000 1.0000 1.0000 1.0000 1.0000 1.0000 0.6797 0.4339 0.2770 0.1765 0.1122 0.0714 0.0454 0.0288 0.0183 0.0116 0.0074 0.0047 0.0029 0.0019 0.0012 0.0007 0.0005 0.0003 0.0002 0.0001 0.0001 0.0000 0.0000 1.0000 1.0000 1.0000 1.0000 1.0000 1.0000 1.0000 1.0000 1.0000 0.9608 0.6053 0.3820 0.2406 0.1516 0.0955 0.0602 0.0380 0.0239 0.0151 0.0095 0.0060 0.0038 0.0024 0.0015
0.0024 0.0037 0.0059 0.0093 0.0148 0.0235 0.0373 0.0592 0.0940 0.1490 0.2366 0.3755 0.5961 0.9445 1.0000 1.0000 1.0000 1.0000 1.0000 1.0000 1.0000 1.0000 1.0000 0.0000 0.0000 0.0001 0.0001 0.0002 0.0003 0.0005 0.0007 0.0012 0.0018 0.0029 0.0046 0.0073 0.0115 0.0182 0.0287 0.0452 0.0712 0.1122 0.1768 0.2775 0.4364 0.6849 1.0000 1.0000 1.0000 1.0000 1.0000 1.0000 1.0000 1.0000 1.0000 0.6849 0.4364 0.2775 0.1768 0.1122 0.0712 0.0452 0.0287 0.0182 0.0115 0.0073 0.0046 0.0029 0.0018 0.0012 0.0007 0.0005 0.0003 0.0002 0.0001 0.0001 0.0000 0.0000 1.0000 1.0000 1.0000 1.0000 1.0000 1.0000 1.0000 1.0000 1.0000 0.9445 0.5961 0.3755 0.2366 0.1490 0.0940 0.0592 0.0373 0.0235 0.0148 0.0093 0.0059 0.0037 0.0024
0.0037 0.0058 0.0092 0.0146 0.0231 0.0367 0.0582 0.0925 0.1468 0.2325 0.3692 0.5860 0.9303 1.0000 1.0000 1.0000 1.0000 1.0000 1.0000 1.0000 1.0000 1.0000 0.0000 0.0000 0.0001 0.0001 0.0002 0.0003 0.0005 0.0007 0.0012 0.0018 0.0029 0.0046 0.0072 0.0114 0.0180 0.0285 0.0451 0.0710 0.1120 0.1765 0.2775 0.4372 0.6875 1.0000 1.0000 1.0000 1.0000 1.0000 1.0000 1.0000 1.0000 1.0000 1.0000 1.0000 0.6875 0.4372 0.2775 0.1765 0.1120 0.0710 0.0451 0.0285 0.0180 0.0114 0.0072 0.0046 0.0029 0.0018 0.0012 0.0007 0.0005 0.0003 0.0002 0.0001 0.0001 0.0000 0.0000 1.0000 1.0000 1.0000 1.0000 1.0000 1.0000 1.0000 1.0000 1.0000 0.9303 0.5860 0.3692 0.2325 0.1468 0.0925 0.0582 0.0367 0.0231 0.0146 0.0092 0.0058 0.0037
0.0058 0.0090 0.0143 0.0228 0.0361 0.0573 0.0909 0.1443 0.2290 0.3629 0.5761 0.9145 1.0000 1.0000 1.0000 1.0000 1.0000 1.0000 1.0000 1.0000 1.0000 0.0000 0.0000 0.0001 0.0001 0.0002 0.0003 0.0005 0.0007 0.0011 0.0018 0.0028 0.0045 0.0071 0.0113 0.0179 0.0283 0.0447 0.0706 0.1114 0.1758 0.2770 0.4364 0.6875 1.0000 1.0000 1.0000 1.0000 1.0000 1.0000 1.0000 1.0000 1.0000 1.0000 1.0000 1.0000 1.0000 0.6875 0.4364 0.2770 0.1758 0.1114 0.0706 0.0447 0.0283 0.0179 0.0113 0.0071 0.0045 0.0028 0.0018 0.0011 0.0007 0.0005 0.0003 0.0002 0.0001 0.0001 0.0000 0.0000 1.0000 1.0000 1.0000 1.0000 1.0000 1.0000 1.0000 1.0000 1.0000 0.9145 0.5761 0.3629 0.2290 0.1443 0.0909 0.0573 0.0361 0.0228 0.0143 0.0090 0.0058
0.0090 0.0141 0.0223 0.0355 0.0563 0.0893 0.1416 0.2247 0.3567 0.5663 0.8990 1.0000 1.0000 1.0000 1.0000 1.0000 1.0000 1.0000 1.0000 1.0000 0.0000 0.0000 0.0001 0.0001 0.0002 0.0003 0.0004 0.0007 0.0011 0.0018 0.0028 0.0045 0.0070 0.0112 0.0177 0.0280 0.0442 0.0699 0.1105 0.1745 0.2754 0.4347 0.6849 1.0000 1.0000 1.0000 1.0000 1.0000 1.0000 1.0000 1.0000 1.0000 1.0000 1.0000 1.0000 1.0000 1.0000 1.0000 0.6849 0.4339 0.2754 0.1745 0.1105 0.0699 0.0442 0.0280 0.0177 0.0112 0.0070 0.0045 0.0028 0.0018 0.0011 0.0007 0.0004 0.0003 0.0002 0.0001 0.0001 0.0000 0.0000 1.0000 1.0000 1.0000 1.0000 1.0000 1.0000 1.0000 1.0000 1.0000 0.8990 0.5663 0.3567 0.2247 0.1416 0.0893 0.0563 0.0355 0.0223 0.0141 0.0090
0.0140 0.0219 0.0347 0.0551 0.0875 0.1386 0.2205 0.3500 0.5546 0.8804 1.0000 1.0000 1.0000 1.0000 1.0000 1.0000 1.0000 1.0000 1.0000 0.0000 0.0000 0.0001 0.0001 0.0002 0.0003 0.0004 0.0007 0.0011 0.0017 0.0028 0.0044 0.0069 0.0110 0.0174 0.0275 0.0436 0.0690 0.1091 0.1725 0.2723 0.4306 0.6797 1.0000 1.0000 1.0000 1.0000 1.0000 1.0000 1.0000 1.0000 1.0000 1.0000 1.0000 1.0000 1.0000 1.0000 1.0000 1.0000 1.0000 0.6797 0.4306 0.2723 0.1725 0.1091 0.0690 0.0436 0.0275 0.0174 0.0110 0.0069 0.0044 0.0028 0.0017 0.0011 0.0007 0.0004 0.0003 0.0002 0.0001 0.0001 0.0000 0.0000 1.0000 1.0000 1.0000 1.0000 1.0000 1.0000 1.0000 1.0000 1.0000 0.8804 0.5546 0.3500 0.2205 0.1386 0.0875 0.0551 0.0347 0.0219 0.0140
0.0214 0.0336 0.0534 0.0847 0.1347 0.2139 0.3395 0.5390 0.8556 1.0000 1.0000 1.0000 1.0000 1.0000 1.0000 1.0000 1.0000 1.0000 0.0000 0.0000 0.0001 0.0001 0.0002 0.0003 0.0004 0.0007 0.0011 0.0017 0.0027 0.0043 0.0068 0.0107 0.0170 0.0269 0.0426 0.0674 0.1066 0.1689 0.2672 0.4217 0.6669 1.0000 1.0000 1.0000 1.0000 1.0000 1.0000 1.0000 1.0000 1.0000 1.0000 1.0000 1.0000 1.0000 1.0000 1.0000 1.0000 1.0000 1.0000 1.0000 0.6669 0.4217 0.2667 0.1689 0.1066 0.0674 0.0426 0.0269 0.0170 0.0107 0.0068 0.0043 0.0027 0.0017 0.0011 0.0007 0.0004 0.0003 0.0002 0.0001 0.0001 0.0000 0.0000 1.0000 1.0000 1.0000 1.0000 1.0000 1.0000 1.0000 1.0000 1.0000 0.8556 0.5390 0.3395 0.2139 0.1347 0.0847 0.0534 0.0336 0.0214
0.0318 0.0500 0.0797 0.1268 0.2016 0.3207 0.5091 0.8082 1.0000 1.0000 1.0000 1.0000 1.0000 1.0000 1.0000 1.0000 1.0000 0.0000 0.0000 0.0001 0.0001 0.0002 0.0003 0.0004 0.0006 0.0010 0.0016 0.0025 0.0040 0.0064 0.0102 0.0161 0.0255 0.0404 0.0640 0.1015 0.1608 0.2543 0.4021 0.6372 1.0000 1.0000 1.0000 1.0000 1.0000 1.0000 1.0000 1.0000 1.0000 1.0000 1.0000 1.0000 1.0000 1.0000 1.0000 1.0000 1.0000 1.0000 1.0000 1.0000 1.0000 0.6372 0.4021 0.2543 0.1608 0.1015 0.0640 0.0404 0.0255 0.0161 0.0102 0.0064 0.0040 0.0025 0.0016 0.0010 0.0006 0.0004 0.0003 0.0002 0.0001 0.0001 0.0000 0.0000 1.0000 1.0000 1.0000 1.0000 1.0000 1.0000 1.0000 1.0000 1.0000 0.8082 0.5091 0.3207 0.2016 0.1268 0.0797 0.0500 0.0318
0.0434 0.0687 0.1097 0.1752 0.2791 0.4448 0.7061 1.0000 1.0000 1.0000 1.0000 1.0000 1.0000 1.0000 1.0000 1.0000 0.0000 0.0000 0.0001 0.0001 0.0001 0.0002 0.0004 0.0006 0.0009 0.0014 0.0022 0.0035 0.0056 0.0089 0.0141 0.0224 0.0356 0.0564 0.0893 0.1416 0.2243 0.3547 0.5620 0.8888 1.0000 1.0000 1.0000 1.0000 1.0000 1.0000 1.0000 1.0000 1.0000 0.0000 0.0000 0.0000 1.0000 1.0000 1.0000 1.0000 1.0000 1.0000 1.0000 1.0000 1.0000 0.8888 0.5620 0.3547 0.2243 0.1416 0.0893 0.0564 0.0356 0.0224 0.0141 0.0089 0.0056 0.0035 0.0022 0.0014 0.0009 0.0006 0.0004 0.0002 0.0001 0.0001 0.0001 0.0000 0.0000 1.0000 1.0000 1.0000 1.0000 1.0000 1.0000 1.0000 1.0000 1.0000 0.7061 0.4448 0.2791 0.1752 0.1097 0.0687 0.0434
0.0493 0.0784 0.1256 0.2009 0.3207 0.5110 0.8128 1.0000 1.0000 1.0000 1.0000 1.0000 1.0000 1.0000 1.0000 1.0000 0.0000 0.0000 0.0001 0.0001 0.0002 0.0003 0.0004 0.0006 0.0010 0.0016 0.0026 0.0041 0.0065 0.0103 0.0163 0.0259 0.0410 0.0650 0.1030 0.1633 0.2587 0.4099 0.6494 1.0000 1.0000 1.0000 1.0000 1.0000 1.0000 1.0000 1.0000 1.0000 1.0000 0.0000 0.0000 0.0000 1.0000 1.0000 1.0000 1.0000 1.0000 1.0000 1.0000 1.0000 1.0000 1.0000 0.6494 0.4099 0.2587 0.1633 0.1030 0.0650 0.0410 0.0259 0.0163 0.0103 0.0065 0.0041 0.0026 0.0016 0.0010 0.0006 0.0004 0.0003 0.0002 0.0001 0.0001 0.0000 0.0000 1.0000 1.0000 1.0000 1.0000 1.0000 1.0000 1.0000 1.0000 1.0000 0.8128 0.5110 0.3207 0.2009 0.1256 0.0784 0.0493
0.0434 0.0687 0.1097 0.1752 0.2791 0.4448 0.7061 1.0000 1.0000 1.0000 1.0000 1.0000 1.0000 1.0000 1.0000 1.0000 0.0000 0.0000 0.0001 0.0001 0.0001 0.0002 0.0004 0.0006 0.0009 0.0014 0.0022 0.0035 0.0056 0.0089 0.0141 0.0224 0.0356 0.0564 0.0893 0.1416 0.2243 0.3547 0.5620 0.8888 1.0000 1.0000 1.0000 1.0000 1.0000 1.0000 1.0000 1.0000 1.0000 0.0000 0.0000 0.0000 1.0000 1.0000 1.0000 1.0000 1.0000 1.0000 1.0000 1.0000 1.0000 0.8888 0.5620 0.3547 0.2243 0.1416 0.0893 0.0564 0.0356 0.0224 0.0141 0.0089 0.0056 0.0035 0.0022 0.0014 0.0009 0.0006 0.0004 0.0002 0.0001 0.0001 0.0001 0.0000 0.0000 1.0000 1.0000 1.0000 1.0000 1.0000 1.0000 1.0000 1.0000 1.0000 0.7061 0.4448 0.2791 0.1752 0.1097 0.0687 0.0434
0.0318 0.0500 0.0797 0.1268 0.2016 0.3207 0.5091 0.8082 1.0000 1.0000 1.0000 1.0000 1.0000 1.0000 1.0000 1.0000 1.0000 0.0000 0.0000 0.0001 0.0001 0.0002 0.0003 0.0004 0.0006 0.0010 0.0016 0.0025 0.0040 0.0064 0.0102 0.0161 0.0255 0.0404 0.0640 0.1015 0.1608 0.2543 0.4021 0.6372 1.0000 1.0000 1.0000 1.0000 1.0000 1.0000 1.0000 1.0000 1.0000 1.0000 1.0000 1.0000 1.0000 1.0000 1.0000 1.0000 1.0000 1.0000 1.0000 1.0000 1.0000 0.6372 0.4021 0.2543 0.1608 0.1015 0.0640 0.0404 0.0255 0.0161 0.0102 0.0064 0.0040 0.0025 0.0016 0.0010 0.0006 0.0004 0.0003 0.0002 0.0001 0.0001 0.0000 0.0000 1.0000 1.0000 1.0000 1.0000 1.0000 1.0000 1.0000 1.0000 1.0000 0.8082 0.5091 0.3207 0.2016 0.1268 0.0797 0.0500 0.0318
0.0214 0.0336 0.0534 0.0847 0.1347 0.2139 0.3395 0.5390 0.8556 1.0000 1.0000 1.0000 1.0000 1.0000 1.0000 1.0000 1.0000 1.0000 0.0000 0.0000 0.0001 0.0001 0.0002 0.0003 0.0004 0.0007 0.0011 0.0017 0.0027 0.0043 0.0068 0.0107 0.0170 0.0269 0.0426 0.0674 0.1066 0.1689 0.2667 0.4217 0.6669 1.0000 1.0000 1.0000 1.0000 1.0000 1.0000 1.0000 1.0000 1.0000 1.0000 1.0000 1.0000 1.0000 1.0000 1.0000 1.0000 1.0000 1.0000 1.0000 0.6669 0.4217 0.2667 0.1689 0.1066 0.0674 0.0426 0.0269 0.0170 0.0107 0.0068 0.0043 0.0027 0.0017 0.0011 0.0007 0.0004 0.0003 0.0002 0.0001 0.0001 0.0000 0.0000 1.0000 1.0000 1.0000 1.0000 1.0000 1.0000 1.0000 1.0000 1.0000 0.8556 0.5390 0.3395 0.2139 0.1347 0.0847 0.0534 0.0336 0.0214
0.0140 0.0219 0.0347 0.0551 0.0875 0.1386 0.2205 0.3500 0.5546 0.8804 1.0000 1.0000 1.0000 1.0000 1.0000 1.0000 1.0000 1.0000 1.0000 0.0000 0.0000 0.0001 0.0001 0.0002 0.0003 0.0004 0.0007 0.0011 0.0017 0.0028 0.0044 0.0069 0.0110 0.0174 0.0275 0.0436 0.0690 0.1091 0.1725 0.2723 0.4306 0.6797 1.0000 1.0000 1.0000 1.0000 1.0000 1.0000 1.0000 1.0000 1.0000 1.0000 1.0000 1.0000 1.0000 1.0000 1.0000 1.0000 1.0000 0.6797 0.4306 0.2723 0.1725 0.1091 0.0690 0.0436 0.0275 0.0174 0.0110 0.0069 0.0044 0.0028 0.0017 0.0011 0.0007 0.0004 0.0003 0.0002 0.0001 0.0001 0.0000 0.0000 1.0000 1.0000 1.0000 1.0000 1.0000 1.0000 1.0000 1.0000 1.0000 0.8804 0.5546 0.3500 0.2205 0.1386 0.0875 0.0551 0.0347 0.0219 0.0140
0.0090 0.0141 0.0223 0.0355 0.0563 0.0893 0.1416 0.2247 0.3567 0.5663 0.8990 1.0000 1.0000 1.0000 1.0000 1.0000 1.0000 1.0000 1.0000 1.0000 0.0000 0.0000 0.0001 0.0001 0.0002 0.0003 0.0004 0.0007 0.0011 0.0018 0.0028 0.0045 0.0070 0.0112 0.0177 0.0280 0.0442 0.0699 0.1105 0.1745 0.2754 0.4339 0.6849 1.0000 1.0000 1.0000 1.0000 1.0000 1.0000 1.0000 1.0000 1.0000 1.0000 1.0000 1.0000 1.0000 1.0000 1.0000 0.6849 0.4339 0.2754 0.1745 0.1105 0.0699 0.0442 0.0280 0.0177 0.0112 0.0070 0.0045 0.0028 0.0018 0.0011 0.0007 0.0004 0.0003 0.0002 0.0001 0.0001 0.0000 0.0000 1.0000 1.0000 1.0000 1.0000 1.0000 1.0000 1.0000 1.0000 1.0000 0.8990 0.5663 0.3567 0.2247 0.1416 0.0893 0.0563 0.0355 0.0223 0.0141 0.0090
