0.2685 0.2984 0.3313 0.3674 0.4051 0.4412 0.4694 0.4839 0.4863 0.4798 0.4660 0.4449 0.4160 0.3787 0.3322 0.2768 0.2176 0.1738 0.1545 0.1449 0.1392 0.1360 0.1347 0.1352 0.1373 0.1411 0.1467 0.1542 0.1638 0.1756 0.1898 0.2068 0.2269 0.2502 0.2771 0.3077 0.3417 0.3786 0.4163 0.4508 0.4752 0.4857 0.4852 0.4765 0.4605 0.4372 0.4064 0.3682 0.3252 0.2866 0.2698 0.2866 0.3252 0.3682 0.4064 0.4372 0.4605 0.4765 0.4852 0.4857 0.4752 0.4508 0.4163 0.3786 0.3417 0.3077 0.2771 0.2502 0.2269 0.2068 0.1898 0.1756 0.1638 0.1542 0.1467 0.1411 0.1373 0.1352 0.1347 0.1360 0.1392 0.1449 0.1545 0.1738 0.2176 0.2768 0.3322 0.3787 0.4160 0.4449 0.4660 0.4798 0.4863 0.4839 0.4694 0.4412 0.4051 0.3674 0.3313 0.2984 0.2685
0.2984 0.3324 0.3678 0.4042 0.4380 0.4629 0.4750 0.4762 0.4696 0.4559 0.4352 0.4070 0.3706 0.3253 0.2715 0.2139 0.1716 0.1531 0.1442 0.1389 0.1360 0.1350 0.1356 0.1380 0.1420 0.1478 0.1555 0.1652 0.1772 0.1917 0.2089 0.2291 0.2525 0.2793 0.3097 0.3432 0.3790 0.4150 0.4467 0.4679 0.4763 0.4750 0.4662 0.4505 0.4276 0.3971 0.3587 0.3126 0.2633 0.2226 0.2067 0.2226 0.2633 0.3126 0.3587 0.3971 0.4276 0.4505 0.4662 0.4750 0.4763 0.4679 0.4467 0.4150 0.3790 0.3432 0.3097 0.2793 0.2525 0.2291 0.2089 0.1917 0.1772 0.1652 0.1555 0.1478 0.1420 0.1380 0.1356 0.1350 0.1360 0.1389 0.1442 0.1531 0.1716 0.2139 0.2715 0.3253 0.3706 0.4070 0.4352 0.4559 0.4696 0.4762 0.4750 0.4629 0.4380 0.4042 0.3678 0.3324 0.2984
0.3313 0.3678 0.4047 0.4386 0.4634 0.4751 0.4762 0.4692 0.4553 0.4343 0.4058 0.3691 0.3234 0.2693 0.2119 0.1706 0.1527 0.1440 0.1388 0.1359 0.1350 0.1357 0.1381 0.1422 0.1480 0.1558 0.1656 0.1777 0.1923 0.2096 0.2298 0.2534 0.2804 0.3108 0.3445 0.3803 0.4162 0.4477 0.4684 0.4764 0.4748 0.4658 0.4497 0.4266 0.3958 0.3566 0.3088 0.2548 0.2043 0.1751 0.1672 0.1751 0.2043 0.2548 0.3088 0.3566 0.3958 0.4266 0.4497 0.4658 0.4748 0.4764 0.4684 0.4477 0.4162 0.3803 0.3445 0.3108 0.2804 0.2534 0.2298 0.2096 0.1923 0.1777 0.1656 0.1558 0.1480 0.1422 0.1381 0.1357 0.1350 0.1359 0.1388 0.1440 0.1527 0.1706 0.2119 0.2693 0.3234 0.3691 0.4058 0.4343 0.4553 0.4692 0.4762 0.4751 0.4634 0.4386 0.4047 0.3678 0.3313
0.3674 0.4042 0.4386 0.4636 0.4752 0.4761 0.4690 0.4548 0.4335 0.4047 0.3677 0.3216 0.2672 0.2099 0.1696 0.1523 0.1437 0.1386 0.1359 0.1349 0.1357 0.1382 0.1424 0.1483 0.1561 0.1660 0.1782 0.1929 0.2103 0.2307 0.2544 0.2815 0.3121 0.3458 0.3817 0.4175 0.4487 0.4689 0.4765 0.4746 0.4653 0.4490 0.4256 0.3945 0.3548 0.3063 0.2507 0.1972 0.1661 0.1542 0.1510 0.1542 0.1661 0.1972 0.2507 0.3063 0.3548 0.3945 0.4256 0.4490 0.4653 0.4746 0.4765 0.4689 0.4487 0.4175 0.3817 0.3458 0.3121 0.2815 0.2544 0.2307 0.2103 0.1929 0.1782 0.1660 0.1561 0.1483 0.1424 0.1382 0.1357 0.1349 0.1359 0.1386 0.1437 0.1523 0.1696 0.2099 0.2672 0.3216 0.3677 0.4047 0.4335 0.4548 0.4690 0.4761 0.4752 0.4636 0.4386 0.4042 0.3674
0.4051 0.4380 0.4634 0.4752 0.4760 0.4688 0.4544 0.4329 0.4038 0.3664 0.3200 0.2653 0.2080 0.1687 0.1519 0.1435 0.1385 0.1358 0.1349 0.1358 0.1383 0.1425 0.1485 0.1565 0.1664 0.1787 0.1935 0.2110 0.2315 0.2553 0.2826 0.3133 0.3471 0.3831 0.4188 0.4497 0.4694 0.4766 0.4744 0.4648 0.4483 0.4246 0.3931 0.3531 0.3042 0.2479 0.1938 0.1630 0.1504 0.1445 0.1426 0.1445 0.1504 0.1630 0.1938 0.2479 0.3042 0.3531 0.3931 0.4246 0.4483 0.4648 0.4744 0.4766 0.4694 0.4497 0.4188 0.3831 0.3471 0.3133 0.2826 0.2553 0.2315 0.2110 0.1935 0.1787 0.1664 0.1565 0.1485 0.1425 0.1383 0.1358 0.1349 0.1358 0.1385 0.1435 0.1519 0.1687 0.2080 0.2653 0.3200 0.3664 0.4038 0.4329 0.4544 0.4688 0.4760 0.4752 0.4634 0.4380 0.4051
0.4412 0.4629 0.4751 0.4761 0.4688 0.4543 0.4325 0.4031 0.3654 0.3186 0.2636 0.2064 0.1679 0.1515 0.1433 0.1384 0.1357 0.1350 0.1359 0.1385 0.1427 0.1488 0.1568 0.1668 0.1792 0.1940 0.2117 0.2323 0.2563 0.2836 0.3145 0.3484 0.3844 0.4201 0.4507 0.4699 0.4766 0.4742 0.4643 0.4475 0.4235 0.3918 0.3515 0.3022 0.2455 0.1916 0.1616 0.1490 0.1424 0.1389 0.1377 0.1389 0.1424 0.1490 0.1616 0.1916 0.2455 0.3022 0.3515 0.3918 0.4235 0.4475 0.4643 0.4742 0.4766 0.4699 0.4507 0.4201 0.3844 0.3484 0.3145 0.2836 0.2563 0.2323 0.2117 0.1940 0.1792 0.1668 0.1568 0.1488 0.1427 0.1385 0.1359 0.1350 0.1357 0.1384 0.1433 0.1515 0.1679 0.2064 0.2636 0.3186 0.3654 0.4031 0.4325 0.4543 0.4688 0.4761 0.4751 0.4629 0.4412
0.4694 0.4750 0.4762 0.4690 0.4544 0.4325 0.4029 0.3648 0.3177 0.2623 0.2050 0.1672 0.1512 0.1431 0.1382 0.1357 0.1350 0.1359 0.1386 0.1429 0.1491 0.1571 0.1673 0.1797 0.1947 0.2124 0.2332 0.2572 0.2847 0.3157 0.3497 0.3858 0.4213 0.4516 0.4704 0.4767 0.4739 0.4638 0.4467 0.4225 0.3905 0.3498 0.3002 0.2433 0.1899 0.1607 0.1484 0.1416 0.1377 0.1358 0.1353 0.1358 0.1377 0.1416 0.1484 0.1607 0.1899 0.2433 0.3002 0.3498 0.3905 0.4225 0.4467 0.4638 0.4739 0.4767 0.4704 0.4516 0.4213 0.3858 0.3497 0.3157 0.2847 0.2572 0.2332 0.2124 0.1947 0.1797 0.1673 0.1571 0.1491 0.1429 0.1386 0.1359 0.1350 0.1357 0.1382 0.1431 0.1512 0.1672 0.2050 0.2623 0.3177 0.3648 0.4029 0.4325 0.4544 0.4690 0.4762 0.4750 0.4694
0.4839 0.4762 0.4692 0.4548 0.4329 0.4031 0.3648 0.3174 0.2616 0.2042 0.1667 0.1510 0.1429 0.1381 0.1356 0.1350 0.1360 0.1387 0.1431 0.1493 0.1575 0.1677 0.1802 0.1953 0.2131 0.2340 0.2582 0.2858 0.3169 0.3511 0.3871 0.4226 0.4526 0.4708 0.4767 0.4737 0.4633 0.4460 0.4215 0.3891 0.3481 0.2982 0.2412 0.1883 0.1600 0.1479 0.1412 0.1373 0.1354 0.1348 0.1349 0.1348 0.1354 0.1373 0.1412 0.1479 0.1600 0.1883 0.2412 0.2982 0.3481 0.3891 0.4215 0.4460 0.4633 0.4737 0.4767 0.4708 0.4526 0.4226 0.3871 0.3511 0.3169 0.2858 0.2582 0.2340 0.2131 0.1953 0.1802 0.1677 0.1575 0.1493 0.1431 0.1387 0.1360 0.1350 0.1356 0.1381 0.1429 0.1510 0.1667 0.2042 0.2616 0.3174 0.3648 0.4031 0.4329 0.4548 0.4692 0.4762 0.4839
0.4863 0.4696 0.4553 0.4335 0.4038 0.3654 0.3177 0.2616 0.2039 0.1664 0.1508 0.1428 0.1381 0.1356 0.1350 0.1361 0.1388 0.1433 0.1496 0.1578 0.1681 0.1807 0.1959 0.2138 0.2348 0.2592 0.2869 0.3182 0.3524 0.3885 0.4239 0.4535 0.4712 0.4768 0.4734 0.4628 0.4452 0.4204 0.3877 0.3464 0.2961 0.2390 0.1867 0.1594 0.1476 0.1409 0.1371 0.1352 0.1350 0.1357 0.1363 0.1357 0.1350 0.1352 0.1371 0.1409 0.1476 0.1594 0.1867 0.2390 0.2961 0.3464 0.3877 0.4204 0.4452 0.4628 0.4734 0.4768 0.4712 0.4535 0.4239 0.3885 0.3524 0.3182 0.2869 0.2592 0.2348 0.2138 0.1959 0.1807 0.1681 0.1578 0.1496 0.1433 0.1388 0.1361 0.1350 0.1356 0.1381 0.1428 0.1508 0.1664 0.2039 0.2616 0.3177 0.3654 0.4038 0.4335 0.4553 0.4696 0.4863
0.4798 0.4559 0.4343 0.4047 0.3664 0.3186 0.2623 0.2042 0.1664 0.1507 0.1427 0.1380 0.1356 0.1350 0.1361 0.1389 0.1435 0.1498 0.1581 0.1685 0.1812 0.1965 0.2145 0.2357 0.2601 0.2880 0.3194 0.3537 0.3898 0.4251 0.4544 0.4716 0.4768 0.4731 0.4622 0.4444 0.4193 0.3863 0.3447 0.2941 0.2368 0.1852 0.1587 0.1473 0.1407 0.1369 0.1352 0.1351 0.1364 0.1384 0.1395 0.1384 0.1364 0.1351 0.1352 0.1369 0.1407 0.1473 0.1587 0.1852 0.2368 0.2941 0.3447 0.3863 0.4193 0.4444 0.4622 0.4731 0.4768 0.4716 0.4544 0.4251 0.3898 0.3537 0.3194 0.2880 0.2601 0.2357 0.2145 0.1965 0.1812 0.1685 0.1581 0.1498 0.1435 0.1389 0.1361 0.1350 0.1356 0.1380 0.1427 0.1507 0.1664 0.2042 0.2623 0.3186 0.3664 0.4047 0.4343 0.4559 0.4798
0.4660 0.4352 0.4058 0.3677 0.3200 0.2636 0.2050 0.1667 0.1508 0.1427 0.1380 0.1355 0.1350 0.1361 0.1390 0.1436 0.1500 0.1584 0.1689 0.1817 0.1971 0.2152 0.2365 0.2611 0.2891 0.3206 0.3550 0.3912 0.4264 0.4553 0.4720 0.4768 0.4729 0.4617 0.4436 0.4182 0.3850 0.3430 0.2921 0.2347 0.1838 0.1581 0.1470 0.1406 0.1368 0.1351 0.1352 0.1368 0.1397 0.1429 0.1445 0.1429 0.1397 0.1368 0.1352 0.1351 0.1368 0.1406 0.1470 0.1581 0.1838 0.2347 0.2921 0.3430 0.3850 0.4182 0.4436 0.4617 0.4729 0.4768 0.4720 0.4553 0.4264 0.3912 0.3550 0.3206 0.2891 0.2611 0.2365 0.2152 0.1971 0.1817 0.1689 0.1584 0.1500 0.1436 0.1390 0.1361 0.1350 0.1355 0.1380 0.1427 0.1508 0.1667 0.2050 0.2636 0.3200 0.3677 0.4058 0.4352 0.4660
0.4449 0.4070 0.3691 0.3216 0.2653 0.2064 0.1672 0.1510 0.1428 0.1380 0.1355 0.1350 0.1362 0.1391 0.1437 0.1502 0.1586 0.1692 0.1821 0.1976 0.2159 0.2373 0.2620 0.2902 0.3218 0.3564 0.3926 0.4276 0.4561 0.4724 0.4768 0.4726 0.4612 0.4428 0.4171 0.3835 0.3412 0.2900 0.2326 0.1824 0.1576 0.1467 0.1404 0.1367 0.1351 0.1352 0.1370 0.1403 0.1448 0.1494 0.1515 0.1494 0.1448 0.1403 0.1370 0.1352 0.1351 0.1367 0.1404 0.1467 0.1576 0.1824 0.2326 0.2900 0.3412 0.3835 0.4171 0.4428 0.4612 0.4726 0.4768 0.4724 0.4561 0.4276 0.3926 0.3564 0.3218 0.2902 0.2620 0.2373 0.2159 0.1976 0.1821 0.1692 0.1586 0.1502 0.1437 0.1391 0.1362 0.1350 0.1355 0.1380 0.1428 0.1510 0.1672 0.2064 0.2653 0.3216 0.3691 0.4070 0.4449
0.4160 0.3706 0.3234 0.2672 0.2080 0.1679 0.1512 0.1429 0.1381 0.1356 0.1350 0.1362 0.1391 0.1437 0.1503 0.1588 0.1694 0.1824 0.1980 0.2164 0.2380 0.2628 0.2912 0.3230 0.3577 0.3939 0.4288 0.4570 0.4727 0.4768 0.4723 0.4606 0.4419 0.4160 0.3821 0.3395 0.2879 0.2304 0.1810 0.1570 0.1464 0.1402 0.1366 0.1351 0.1353 0.1371 0.1406 0.1456 0.1519 0.1579 0.1607 0.1579 0.1519 0.1456 0.1406 0.1371 0.1353 0.1351 0.1366 0.1402 0.1464 0.1570 0.1810 0.2304 0.2879 0.3395 0.3821 0.4160 0.4419 0.4606 0.4723 0.4768 0.4727 0.4570 0.4288 0.3939 0.3577 0.3230 0.2912 0.2628 0.2380 0.2164 0.1980 0.1824 0.1694 0.1588 0.1503 0.1437 0.1391 0.1362 0.1350 0.1356 0.1381 0.1429 0.1512 0.1679 0.2080 0.2672 0.3234 0.3706 0.4160
0.3787 0.3253 0.2693 0.2099 0.1687 0.1515 0.1431 0.1381 0.1356 0.1350 0.1361 0.1391 0.1437 0.1503 0.1589 0.1696 0.1827 0.1983 0.2169 0.2386 0.2636 0.2921 0.3240 0.3588 0.3951 0.4300 0.4578 0.4731 0.4767 0.4720 0.4600 0.4411 0.4149 0.3807 0.3377 0.2858 0.2282 0.1796 0.1565 0.1461 0.1400 0.1366 0.1351 0.1353 0.1372 0.1408 0.1461 0.1530 0.1611 0.1687 0.1722 0.1687 0.1611 0.1530 0.1461 0.1408 0.1372 0.1353 0.1351 0.1366 0.1400 0.1461 0.1565 0.1796 0.2282 0.2858 0.3377 0.3807 0.4149 0.4411 0.4600 0.4720 0.4767 0.4731 0.4578 0.4300 0.3951 0.3588 0.3240 0.2921 0.2636 0.2386 0.2169 0.1983 0.1827 0.1696 0.1589 0.1503 0.1437 0.1391 0.1361 0.1350 0.1356 0.1381 0.1431 0.1515 0.1687 0.2099 0.2693 0.3253 0.3787
0.3322 0.2715 0.2119 0.1696 0.1519 0.1433 0.1382 0.1356 0.1350 0.1361 0.1390 0.1437 0.1503 0.1589 0.1696 0.1828 0.1986 0.2172 0.2390 0.2642 0.2928 0.3249 0.3598 0.3962 0.4310 0.4585 0.4734 0.4767 0.4717 0.4595 0.4403 0.4138 0.3792 0.3359 0.2838 0.2261 0.1784 0.1559 0.1458 0.1399 0.1365 0.1350 0.1353 0.1373 0.1410 0.1463 0.1535 0.1625 0.1726 0.1820 0.1863 0.1820 0.1726 0.1625 0.1535 0.1463 0.1410 0.1373 0.1353 0.1350 0.1365 0.1399 0.1458 0.1559 0.1784 0.2261 0.2838 0.3359 0.3792 0.4138 0.4403 0.4595 0.4717 0.4767 0.4734 0.4585 0.4310 0.3962 0.3598 0.3249 0.2928 0.2642 0.2390 0.2172 0.1986 0.1828 0.1696 0.1589 0.1503 0.1437 0.1390 0.1361 0.1350 0.1356 0.1382 0.1433 0.1519 0.1696 0.2119 0.2715 0.3322
0.2768 0.2139 0.1706 0.1523 0.1435 0.1384 0.1357 0.1350 0.1361 0.1389 0.1436 0.1502 0.1588 0.1696 0.1828 0.1986 0.2174 0.2393 0.2646 0.2934 0.3256 0.3607 0.3972 0.4319 0.4592 0.4736 0.4767 0.4713 0.4589 0.4394 0.4126 0.3778 0.3341 0.2817 0.2240 0.1771 0.1554 0.1455 0.1397 0.1364 0.1350 0.1354 0.1374 0.1411 0.1466 0.1539 0.1632 0.1743 0.1868 0.1981 0.2033 0.1981 0.1868 0.1743 0.1632 0.1539 0.1466 0.1411 0.1374 0.1354 0.1350 0.1364 0.1397 0.1455 0.1554 0.1771 0.2240 0.2817 0.3341 0.3778 0.4126 0.4394 0.4589 0.4713 0.4767 0.4736 0.4592 0.4319 0.3972 0.3607 0.3256 0.2934 0.2646 0.2393 0.2174 0.1986 0.1828 0.1696 0.1588 0.1502 0.1436 0.1389 0.1361 0.1350 0.1357 0.1384 0.1435 0.1523 0.1706 0.2139 0.2768
0.2176 0.1716 0.1527 0.1437 0.1385 0.1357 0.1350 0.1360 0.1388 0.1435 0.1500 0.1586 0.1694 0.1827 0.1986 0.2174 0.2394 0.2648 0.2937 0.3261 0.3613 0.3979 0.4327 0.4597 0.4739 0.4766 0.4711 0.4584 0.4386 0.4115 0.3764 0.3323 0.2795 0.2218 0.1759 0.1549 0.1452 0.1395 0.1363 0.1350 0.1354 0.1375 0.1413 0.1468 0.1543 0.1637 0.1752 0.1888 0.2037 0.2173 0.2234 0.2173 0.2037 0.1888 0.1752 0.1637 0.1543 0.1468 0.1413 0.1375 0.1354 0.1350 0.1363 0.1395 0.1452 0.1549 0.1759 0.2218 0.2795 0.3323 0.3764 0.4115 0.4386 0.4584 0.4711 0.4766 0.4739 0.4597 0.4327 0.3979 0.3613 0.3261 0.2937 0.2648 0.2394 0.2174 0.1986 0.1827 0.1694 0.1586 0.1500 0.1435 0.1388 0.1360 0.1350 0.1357 0.1385 0.1437 0.1527 0.1716 0.2176
0.1738 0.1531 0.1440 0.1386 0.1358 0.1350 0.1359 0.1387 0.1433 0.1498 0.1584 0.1692 0.1824 0.1983 0.2172 0.2393 0.2648 0.2939 0.3264 0.3618 0.3985 0.4332 0.4602 0.4740 0.4766 0.4708 0.4579 0.4379 0.4105 0.3750 0.3306 0.2775 0.2198 0.1747 0.1544 0.1450 0.1394 0.1362 0.1350 0.1355 0.1376 0.1415 0.1471 0.1546 0.1641 0.1758 0.1899 0.2062 0.2239 0.2398 0.2470 0.2398 0.2239 0.2062 0.1899 0.1758 0.1641 0.1546 0.1471 0.1415 0.1376 0.1355 0.1350 0.1362 0.1394 0.1450 0.1544 0.1747 0.2198 0.2775 0.3306 0.3750 0.4105 0.4379 0.4579 0.4708 0.4766 0.4740 0.4602 0.4332 0.3985 0.3618 0.3264 0.2939 0.2648 0.2393 0.2172 0.1983 0.1824 0.1692 0.1584 0.1498 0.1433 0.1387 0.1359 0.1350 0.1358 0.1386 0.1440 0.1531 0.1738
0.1545 0.1442 0.1388 0.1359 0.1349 0.1359 0.1386 0.1431 0.1496 0.1581 0.1689 0.1821 0.1980 0.2169 0.2390 0.2646 0.2937 0.3264 0.3619 0.3988 0.4336 0.4604 0.4742 0.4765 0.4706 0.4575 0.4373 0.4096 0.3738 0.3291 0.2756 0.2178 0.1736 0.1540 0.1447 0.1392 0.1361 0.1350 0.1355 0.1378 0.1417 0.1473 0.1549 0.1645 0.1763 0.1906 0.2074 0.2267 0.2474 0.2659 0.2743 0.2659 0.2474 0.2267 0.2074 0.1906 0.1763 0.1645 0.1549 0.1473 0.1417 0.1378 0.1355 0.1350 0.1361 0.1392 0.1447 0.1540 0.1736 0.2178 0.2756 0.3291 0.3738 0.4096 0.4373 0.4575 0.4706 0.4765 0.4742 0.4604 0.4336 0.3988 0.3619 0.3264 0.2937 0.2646 0.2390 0.2169 0.1980 0.1821 0.1689 0.1581 0.1496 0.1431 0.1386 0.1359 0.1349 0.1359 0.1388 0.1442 0.1545
0.1449 0.1389 0.1359 0.1349 0.1358 0.1385 0.1429 0.1493 0.1578 0.1685 0.1817 0.1976 0.2164 0.2386 0.2642 0.2934 0.3261 0.3618 0.3988 0.4337 0.4606 0.4742 0.4765 0.4704 0.4572 0.4368 0.4089 0.3727 0.3277 0.2739 0.2161 0.1727 0.1536 0.1445 0.1391 0.1361 0.1350 0.1356 0.1379 0.1418 0.1476 0.1552 0.1649 0.1768 0.1912 0.2083 0.2282 0.2507 0.2747 0.2959 0.3054 0.2959 0.2747 0.2507 0.2282 0.2083 0.1912 0.1768 0.1649 0.1552 0.1476 0.1418 0.1379 0.1356 0.1350 0.1361 0.1391 0.1445 0.1536 0.1727 0.2161 0.2739 0.3277 0.3727 0.4089 0.4368 0.4572 0.4704 0.4765 0.4742 0.4606 0.4337 0.3988 0.3618 0.3261 0.2934 0.2642 0.2386 0.2164 0.1976 0.1817 0.1685 0.1578 0.1493 0.1429 0.1385 0.1358 0.1349 0.1359 0.1389 0.1449
0.1392 0.1360 0.1350 0.1357 0.1383 0.1427 0.1491 0.1575 0.1681 0.1812 0.1971 0.2159 0.2380 0.2636 0.2928 0.3256 0.3613 0.3985 0.4336 0.4606 0.4743 0.4765 0.4703 0.4569 0.4364 0.4083 0.3719 0.3265 0.2724 0.2145 0.1718 0.1532 0.1442 0.1389 0.1360 0.1350 0.1356 0.1380 0.1420 0.1478 0.1555 0.1653 0.1773 0.1918 0.2090 0.2291 0.2524 0.2784 0.3057 0.3295 0.3401 0.3295 0.3057 0.2784 0.2524 0.2291 0.2090 0.1918 0.1773 0.1653 0.1555 0.1478 0.1420 0.1380 0.1356 0.1350 0.1360 0.1389 0.1442 0.1532 0.1718 0.2145 0.2724 0.3265 0.3719 0.4083 0.4364 0.4569 0.4703 0.4765 0.4743 0.4606 0.4336 0.3985 0.3613 0.3256 0.2928 0.2636 0.2380 0.2159 0.1971 0.1812 0.1681 0.1575 0.1491 0.1427 0.1383 0.1357 0.1350 0.1360 0.1392
0.1360 0.1350 0.1357 0.1382 0.1425 0.1488 0.1571 0.1677 0.1807 0.1965 0.2152 0.2373 0.2628 0.2921 0.3249 0.3607 0.3979 0.4332 0.4604 0.4742 0.4765 0.4703 0.4568 0.4361 0.4078 0.3712 0.3255 0.2712 0.2132 0.1711 0.1529 0.1440 0.1388 0.1359 0.1350 0.1357 0.1381 0.1422 0.1481 0.1559 0.1657 0.1778 0.1924 0.2097 0.2300 0.2535 0.2803 0.3099 0.3402 0.3661 0.3774 0.3661 0.3402 0.3099 0.2803 0.2535 0.2300 0.2097 0.1924 0.1778 0.1657 0.1559 0.1481 0.1422 0.1381 0.1357 0.1350 0.1359 0.1388 0.1440 0.1529 0.1711 0.2132 0.2712 0.3255 0.3712 0.4078 0.4361 0.4568 0.4703 0.4765 0.4742 0.4604 0.4332 0.3979 0.3607 0.3249 0.2921 0.2628 0.2373 0.2152 0.1965 0.1807 0.1677 0.1571 0.1488 0.1425 0.1382 0.1357 0.1350 0.1360
0.1347 0.1356 0.1381 0.1424 0.1485 0.1568 0.1673 0.1802 0.1959 0.2145 0.2365 0.2620 0.2912 0.3240 0.3598 0.3972 0.4327 0.4602 0.4742 0.4765 0.4703 0.4568 0.4360 0.4076 0.3708 0.3249 0.2703 0.2122 0.1705 0.1526 0.1439 0.1387 0.1359 0.1349 0.1357 0.1382 0.1424 0.1483 0.1562 0.1661 0.1783 0.1930 0.2104 0.2308 0.2545 0.2816 0.3120 0.3447 0.3774 0.4040 0.4151 0.4040 0.3774 0.3447 0.3120 0.2816 0.2545 0.2308 0.2104 0.1930 0.1783 0.1661 0.1562 0.1483 0.1424 0.1382 0.1357 0.1349 0.1359 0.1387 0.1439 0.1526 0.1705 0.2122 0.2703 0.3249 0.3708 0.4076 0.4360 0.4568 0.4703 0.4765 0.4742 0.4602 0.4327 0.3972 0.3598 0.3240 0.2912 0.2620 0.2365 0.2145 0.1959 0.1802 0.1673 0.1568 0.1485 0.1424 0.1381 0.1356 0.1347
0.1352 0.1380 0.1422 0.1483 0.1565 0.1668 0.1797 0.1953 0.2138 0.2357 0.2611 0.2902 0.3230 0.3588 0.3962 0.4319 0.4597 0.4740 0.4765 0.4704 0.4569 0.4361 0.4076 0.3706 0.3245 0.2697 0.2115 0.1701 0.1524 0.1437 0.1386 0.1358 0.1349 0.1358 0.1383 0.1425 0.1486 0.1565 0.1665 0.1788 0.1936 0.2111 0.2317 0.2555 0.2828 0.3134 0.3470 0.3820 0.4148 0.4390 0.4481 0.4390 0.4148 0.3820 0.3470 0.3134 0.2828 0.2555 0.2317 0.2111 0.1936 0.1788 0.1665 0.1565 0.1486 0.1425 0.1383 0.1358 0.1349 0.1358 0.1386 0.1437 0.1524 0.1701 0.2115 0.2697 0.3245 0.3706 0.4076 0.4361 0.4569 0.4704 0.4765 0.4740 0.4597 0.4319 0.3962 0.3588 0.3230 0.2902 0.2611 0.2357 0.2138 0.1953 0.1797 0.1668 0.1565 0.1483 0.1422 0.1380 0.1352
0.1373 0.1420 0.1480 0.1561 0.1664 0.1792 0.1947 0.2131 0.2348 0.2601 0.2891 0.3218 0.3577 0.3951 0.4310 0.4592 0.4739 0.4766 0.4706 0.4572 0.4364 0.4078 0.3708 0.3245 0.2695 0.2111 0.1699 0.1523 0.1436 0.1385 0.1358 0.1349 0.1358 0.1384 0.1427 0.1488 0.1568 0.1669 0.1792 0.1941 0.2118 0.2325 0.2564 0.2838 0.3147 0.3486 0.3843 0.4191 0.4477 0.4644 0.4693 0.4644 0.4477 0.4191 0.3843 0.3486 0.3147 0.2838 0.2564 0.2325 0.2118 0.1941 0.1792 0.1669 0.1568 0.1488 0.1427 0.1384 0.1358 0.1349 0.1358 0.1385 0.1436 0.1523 0.1699 0.2111 0.2695 0.3245 0.3708 0.4078 0.4364 0.4572 0.4706 0.4766 0.4739 0.4592 0.4310 0.3951 0.3577 0.3218 0.2891 0.2601 0.2348 0.2131 0.1947 0.1792 0.1664 0.1561 0.1480 0.1420 0.1373
0.1411 0.1478 0.1558 0.1660 0.1787 0.1940 0.2124 0.2340 0.2592 0.2880 0.3206 0.3564 0.3939 0.4300 0.4585 0.4736 0.4766 0.4708 0.4575 0.4368 0.4083 0.3712 0.3249 0.2697 0.2111 0.1698 0.1522 0.1436 0.1385 0.1358 0.1349 0.1359 0.1385 0.1428 0.1490 0.1570 0.1672 0.1797 0.1947 0.2125 0.2333 0.2574 0.2849 0.3159 0.3500 0.3860 0.4213 0.4510 0.4689 0.4756 0.4766 0.4756 0.4689 0.4510 0.4213 0.3860 0.3500 0.3159 0.2849 0.2574 0.2333 0.2125 0.1947 0.1797 0.1672 0.1570 0.1490 0.1428 0.1385 0.1359 0.1349 0.1358 0.1385 0.1436 0.1522 0.1698 0.2111 0.2697 0.3249 0.3712 0.4083 0.4368 0.4575 0.4708 0.4766 0.4736 0.4585 0.4300 0.3939 0.3564 0.3206 0.2880 0.2592 0.2340 0.2124 0.1940 0.1787 0.1660 0.1558 0.1478 0.1411
0.1467 0.1555 0.1656 0.1782 0.1935 0.2117 0.2332 0.2582 0.2869 0.3194 0.3550 0.3926 0.4288 0.4578 0.4734 0.4767 0.4711 0.4579 0.4373 0.4089 0.3719 0.3255 0.2703 0.2115 0.1699 0.1522 0.1436 0.1385 0.1357 0.1350 0.1359 0.1385 0.1429 0.1491 0.1572 0.1675 0.1801 0.1951 0.2130 0.2340 0.2582 0.2860 0.3171 0.3513 0.3874 0.4228 0.4525 0.4705 0.4766 0.4757 0.4739 0.4757 0.4766 0.4705 0.4525 0.4228 0.3874 0.3513 0.3171 0.2860 0.2582 0.2340 0.2130 0.1951 0.1801 0.1675 0.1572 0.1491 0.1429 0.1385 0.1359 0.1350 0.1357 0.1385 0.1436 0.1522 0.1699 0.2115 0.2703 0.3255 0.3719 0.4089 0.4373 0.4579 0.4711 0.4767 0.4734 0.4578 0.4288 0.3926 0.3550 0.3194 0.2869 0.2582 0.2332 0.2117 0.1935 0.1782 0.1656 0.1555 0.1467
0.1542 0.1652 0.1777 0.1929 0.2110 0.2323 0.2572 0.2858 0.3182 0.3537 0.3912 0.4276 0.4570 0.4731 0.4767 0.4713 0.4584 0.4379 0.4096 0.3727 0.3265 0.2712 0.2122 0.1701 0.1523 0.1436 0.1385 0.1357 0.1350 0.1359 0.1386 0.1430 0.1492 0.1574 0.1678 0.1804 0.1956 0.2136 0.2347 0.2591 0.2869 0.3182 0.3525 0.3887 0.4241 0.4536 0.4712 0.4768 0.4741 0.4674 0.4633 0.4674 0.4741 0.4768 0.4712 0.4536 0.4241 0.3887 0.3525 0.3182 0.2869 0.2591 0.2347 0.2136 0.1956 0.1804 0.1678 0.1574 0.1492 0.1430 0.1386 0.1359 0.1350 0.1357 0.1385 0.1436 0.1523 0.1701 0.2122 0.2712 0.3265 0.3727 0.4096 0.4379 0.4584 0.4713 0.4767 0.4731 0.4570 0.4276 0.3912 0.3537 0.3182 0.2858 0.2572 0.2323 0.2110 0.1929 0.1777 0.1652 0.1542
0.1638 0.1772 0.1923 0.2103 0.2315 0.2563 0.2847 0.3169 0.3524 0.3898 0.4264 0.4561 0.4727 0.4767 0.4717 0.4589 0.4386 0.4105 0.3738 0.3277 0.2724 0.2132 0.1705 0.1524 0.1436 0.1385 0.1357 0.1350 0.1359 0.1386 0.1430 0.1493 0.1576 0.1679 0.1807 0.1959 0.2140 0.2352 0.2598 0.2878 0.3192 0.3537 0.3899 0.4253 0.4545 0.4717 0.4768 0.4733 0.4638 0.4517 0.4452 0.4517 0.4638 0.4733 0.4768 0.4717 0.4545 0.4253 0.3899 0.3537 0.3192 0.2878 0.2598 0.2352 0.2140 0.1959 0.1807 0.1679 0.1576 0.1493 0.1430 0.1386 0.1359 0.1350 0.1357 0.1385 0.1436 0.1524 0.1705 0.2132 0.2724 0.3277 0.3738 0.4105 0.4386 0.4589 0.4717 0.4767 0.4727 0.4561 0.4264 0.3898 0.3524 0.3169 0.2847 0.2563 0.2315 0.2103 0.1923 0.1772 0.1638
0.1756 0.1917 0.2096 0.2307 0.2553 0.2836 0.3157 0.3511 0.3885 0.4251 0.4553 0.4724 0.4768 0.4720 0.4595 0.4394 0.4115 0.3750 0.3291 0.2739 0.2145 0.1711 0.1526 0.1437 0.1385 0.1358 0.1350 0.1359 0.1386 0.1431 0.1494 0.1576 0.1681 0.1809 0.1962 0.2144 0.2357 0.2604 0.2885 0.3201 0.3547 0.3910 0.4263 0.4553 0.4720 0.4768 0.4729 0.4621 0.4459 0.4283 0.4193 0.4283 0.4459 0.4621 0.4729 0.4768 0.4720 0.4553 0.4263 0.3910 0.3547 0.3201 0.2885 0.2604 0.2357 0.2144 0.1962 0.1809 0.1681 0.1576 0.1494 0.1431 0.1386 0.1359 0.1350 0.1358 0.1385 0.1437 0.1526 0.1711 0.2145 0.2739 0.3291 0.3750 0.4115 0.4394 0.4595 0.4720 0.4768 0.4724 0.4553 0.4251 0.3885 0.3511 0.3157 0.2836 0.2553 0.2307 0.2096 0.1917 0.1756
0.1898 0.2089 0.2298 0.2544 0.2826 0.3145 0.3497 0.3871 0.4239 0.4544 0.4720 0.4768 0.4723 0.4600 0.4403 0.4126 0.3764 0.3306 0.2756 0.2161 0.1718 0.1529 0.1439 0.1386 0.1358 0.1349 0.1359 0.1386 0.1430 0.1494 0.1577 0.1681 0.1810 0.1964 0.2147 0.2361 0.2609 0.2892 0.3209 0.3556 0.3920 0.4273 0.4560 0.4724 0.4768 0.4726 0.4612 0.4434 0.4203 0.3967 0.3850 0.3967 0.4203 0.4434 0.4612 0.4726 0.4768 0.4724 0.4560 0.4273 0.3920 0.3556 0.3209 0.2892 0.2609 0.2361 0.2147 0.1964 0.1810 0.1681 0.1577 0.1494 0.1430 0.1386 0.1359 0.1349 0.1358 0.1386 0.1439 0.1529 0.1718 0.2161 0.2756 0.3306 0.3764 0.4126 0.4403 0.4600 0.4723 0.4768 0.4720 0.4544 0.4239 0.3871 0.3497 0.3145 0.2826 0.2544 0.2298 0.2089 0.1898
0.2068 0.2291 0.2534 0.2815 0.3133 0.3484 0.3858 0.4226 0.4535 0.4716 0.4768 0.4726 0.4606 0.4411 0.4138 0.3778 0.3323 0.2775 0.2178 0.1727 0.1532 0.1440 0.1387 0.1358 0.1349 0.1359 0.1385 0.1430 0.1493 0.1576 0.1681 0.1810 0.1965 0.2149 0.2364 0.2613 0.2897 0.3215 0.3564 0.3929 0.4281 0.4566 0.4726 0.4768 0.4723 0.4606 0.4421 0.4169 0.3863 0.3561 0.3414 0.3561 0.3863 0.4169 0.4421 0.4606 0.4723 0.4768 0.4726 0.4566 0.4281 0.3929 0.3564 0.3215 0.2897 0.2613 0.2364 0.2149 0.1965 0.1810 0.1681 0.1576 0.1493 0.1430 0.1385 0.1359 0.1349 0.1358 0.1387 0.1440 0.1532 0.1727 0.2178 0.2775 0.3323 0.3778 0.4138 0.4411 0.4606 0.4726 0.4768 0.4716 0.4535 0.4226 0.3858 0.3484 0.3133 0.2815 0.2534 0.2291 0.2068
0.2269 0.2525 0.2804 0.3121 0.3471 0.3844 0.4213 0.4526 0.4712 0.4768 0.4729 0.4612 0.4419 0.4149 0.3792 0.3341 0.2795 0.2198 0.1736 0.1536 0.1442 0.1388 0.1359 0.1349 0.1358 0.1385 0.1429 0.1492 0.1576 0.1681 0.1810 0.1965 0.2149 0.2365 0.2615 0.2900 0.3220 0.3570 0.3936 0.4288 0.4572 0.4729 0.4768 0.4721 0.4601 0.4413 0.4152 0.3820 0.3431 0.3059 0.2884 0.3059 0.3431 0.3820 0.4152 0.4413 0.4601 0.4721 0.4768 0.4729 0.4572 0.4288 0.3936 0.3570 0.3220 0.2900 0.2615 0.2365 0.2149 0.1965 0.1810 0.1681 0.1576 0.1492 0.1429 0.1385 0.1358 0.1349 0.1359 0.1388 0.1442 0.1536 0.1736 0.2198 0.2795 0.3341 0.3792 0.4149 0.4419 0.4612 0.4729 0.4768 0.4712 0.4526 0.4213 0.3844 0.3471 0.3121 0.2804 0.2525 0.2269
0.2502 0.2793 0.3108 0.3458 0.3831 0.4201 0.4516 0.4708 0.4768 0.4731 0.4617 0.4428 0.4160 0.3807 0.3359 0.2817 0.2218 0.1747 0.1540 0.1445 0.1389 0.1359 0.1349 0.1358 0.1384 0.1428 0.1491 0.1574 0.1679 0.1809 0.1964 0.2149 0.2365 0.2616 0.2902 0.3223 0.3574 0.3941 0.4294 0.4576 0.4731 0.4767 0.4719 0.4597 0.4406 0.4141 0.3798 0.3377 0.2904 0.2480 0.2295 0.2480 0.2904 0.3377 0.3798 0.4141 0.4406 0.4597 0.4719 0.4767 0.4731 0.4576 0.4294 0.3941 0.3574 0.3223 0.2902 0.2616 0.2365 0.2149 0.1964 0.1809 0.1679 0.1574 0.1491 0.1428 0.1384 0.1358 0.1349 0.1359 0.1389 0.1445 0.1540 0.1747 0.2218 0.2817 0.3359 0.3807 0.4160 0.4428 0.4617 0.4731 0.4768 0.4708 0.4516 0.4201 0.3831 0.3458 0.3108 0.2793 0.2502
0.2771 0.3097 0.3445 0.3817 0.4188 0.4507 0.4704 0.4767 0.4734 0.4622 0.4436 0.4171 0.3821 0.3377 0.2838 0.2240 0.1759 0.1544 0.1447 0.1391 0.1360 0.1350 0.1357 0.1383 0.1427 0.1490 0.1572 0.1678 0.1807 0.1962 0.2147 0.2364 0.2615 0.2902 0.3224 0.3576 0.3944 0.4298 0.4579 0.4732 0.4767 0.4717 0.4594 0.4400 0.4132 0.3784 0.3350 0.2840 0.2313 0.1925 0.1800 0.1925 0.2313 0.2840 0.3350 0.3784 0.4132 0.4400 0.4594 0.4717 0.4767 0.4732 0.4579 0.4298 0.3944 0.3576 0.3224 0.2902 0.2615 0.2364 0.2147 0.1962 0.1807 0.1678 0.1572 0.1490 0.1427 0.1383 0.1357 0.1350 0.1360 0.1391 0.1447 0.1544 0.1759 0.2240 0.2838 0.3377 0.3821 0.4171 0.4436 0.4622 0.4734 0.4767 0.4704 0.4507 0.4188 0.3817 0.3445 0.3097 0.2771
0.3077 0.3432 0.3803 0.4175 0.4497 0.4699 0.4767 0.4737 0.4628 0.4444 0.4182 0.3835 0.3395 0.2858 0.2261 0.1771 0.1549 0.1450 0.1392 0.1361 0.1350 0.1357 0.1382 0.1425 0.1488 0.1570 0.1675 0.1804 0.1959 0.2144 0.2361 0.2613 0.2900 0.3223 0.3576 0.3945 0.4299 0.4581 0.4733 0.4767 0.4715 0.4591 0.4395 0.4125 0.3774 0.3334 0.2810 0.2246 0.1805 0.1615 0.1566 0.1615 0.1805 0.2246 0.2810 0.3334 0.3774 0.4125 0.4395 0.4591 0.4715 0.4767 0.4733 0.4581 0.4299 0.3945 0.3576 0.3223 0.2900 0.2613 0.2361 0.2144 0.1959 0.1804 0.1675 0.1570 0.1488 0.1425 0.1382 0.1357 0.1350 0.1361 0.1392 0.1450 0.1549 0.1771 0.2261 0.2858 0.3395 0.3835 0.4182 0.4444 0.4628 0.4737 0.4767 0.4699 0.4497 0.4175 0.3803 0.3432 0.3077
0.3417 0.3790 0.4162 0.4487 0.4694 0.4766 0.4739 0.4633 0.4452 0.4193 0.3850 0.3412 0.2879 0.2282 0.1784 0.1554 0.1452 0.1394 0.1361 0.1350 0.1356 0.1381 0.1424 0.1486 0.1568 0.1672 0.1801 0.1956 0.2140 0.2357 0.2609 0.2897 0.3220 0.3574 0.3944 0.4299 0.4582 0.4734 0.4767 0.4714 0.4588 0.4391 0.4119 0.3765 0.3322 0.2791 0.2215 0.1765 0.1564 0.1484 0.1459 0.1484 0.1564 0.1765 0.2215 0.2791 0.3322 0.3765 0.4119 0.4391 0.4588 0.4714 0.4767 0.4734 0.4582 0.4299 0.3944 0.3574 0.3220 0.2897 0.2609 0.2357 0.2140 0.1956 0.1801 0.1672 0.1568 0.1486 0.1424 0.1381 0.1356 0.1350 0.1361 0.1394 0.1452 0.1554 0.1784 0.2282 0.2879 0.3412 0.3850 0.4193 0.4452 0.4633 0.4739 0.4766 0.4694 0.4487 0.4162 0.3790 0.3417
0.3786 0.4150 0.4477 0.4689 0.4766 0.4742 0.4638 0.4460 0.4204 0.3863 0.3430 0.2900 0.2304 0.1796 0.1559 0.1455 0.1395 0.1362 0.1350 0.1356 0.1380 0.1422 0.1483 0.1565 0.1669 0.1797 0.1951 0.2136 0.2352 0.2604 0.2892 0.3215 0.3570 0.3941 0.4298 0.4581 0.4734 0.4767 0.4714 0.4587 0.4389 0.4115 0.3758 0.3312 0.2778 0.2198 0.1748 0.1548 0.1458 0.1412 0.1397 0.1412 0.1458 0.1548 0.1748 0.2198 0.2778 0.3312 0.3758 0.4115 0.4389 0.4587 0.4714 0.4767 0.4734 0.4581 0.4298 0.3941 0.3570 0.3215 0.2892 0.2604 0.2352 0.2136 0.1951 0.1797 0.1669 0.1565 0.1483 0.1422 0.1380 0.1356 0.1350 0.1362 0.1395 0.1455 0.1559 0.1796 0.2304 0.2900 0.3430 0.3863 0.4204 0.4460 0.4638 0.4742 0.4766 0.4689 0.4477 0.4150 0.3786
0.4163 0.4467 0.4684 0.4765 0.4744 0.4643 0.4467 0.4215 0.3877 0.3447 0.2921 0.2326 0.1810 0.1565 0.1458 0.1397 0.1363 0.1350 0.1355 0.1379 0.1420 0.1481 0.1562 0.1665 0.1792 0.1947 0.2130 0.2347 0.2598 0.2885 0.3209 0.3564 0.3936 0.4294 0.4579 0.4733 0.4767 0.4714 0.4586 0.4387 0.4112 0.3754 0.3306 0.2768 0.2186 0.1739 0.1541 0.1449 0.1397 0.1370 0.1362 0.1370 0.1397 0.1449 0.1541 0.1739 0.2186 0.2768 0.3306 0.3754 0.4112 0.4387 0.4586 0.4714 0.4767 0.4733 0.4579 0.4294 0.3936 0.3564 0.3209 0.2885 0.2598 0.2347 0.2130 0.1947 0.1792 0.1665 0.1562 0.1481 0.1420 0.1379 0.1355 0.1350 0.1363 0.1397 0.1458 0.1565 0.1810 0.2326 0.2921 0.3447 0.3877 0.4215 0.4467 0.4643 0.4744 0.4765 0.4684 0.4467 0.4163
0.4508 0.4679 0.4764 0.4746 0.4648 0.4475 0.4225 0.3891 0.3464 0.2941 0.2347 0.1824 0.1570 0.1461 0.1399 0.1364 0.1350 0.1355 0.1378 0.1418 0.1478 0.1559 0.1661 0.1788 0.1941 0.2125 0.2340 0.2591 0.2878 0.3201 0.3556 0.3929 0.4288 0.4576 0.4732 0.4767 0.4714 0.4587 0.4387 0.4111 0.3752 0.3301 0.2762 0.2178 0.1733 0.1538 0.1446 0.1392 0.1363 0.1351 0.1349 0.1351 0.1363 0.1392 0.1446 0.1538 0.1733 0.2178 0.2762 0.3301 0.3752 0.4111 0.4387 0.4587 0.4714 0.4767 0.4732 0.4576 0.4288 0.3929 0.3556 0.3201 0.2878 0.2591 0.2340 0.2125 0.1941 0.1788 0.1661 0.1559 0.1478 0.1418 0.1378 0.1355 0.1350 0.1364 0.1399 0.1461 0.1570 0.1824 0.2347 0.2941 0.3464 0.3891 0.4225 0.4475 0.4648 0.4746 0.4764 0.4679 0.4508
0.4752 0.4763 0.4748 0.4653 0.4483 0.4235 0.3905 0.3481 0.2961 0.2368 0.1838 0.1576 0.1464 0.1400 0.1365 0.1350 0.1354 0.1376 0.1417 0.1476 0.1555 0.1657 0.1783 0.1936 0.2118 0.2333 0.2582 0.2869 0.3192 0.3547 0.3920 0.4281 0.4572 0.4731 0.4767 0.4715 0.4588 0.4389 0.4112 0.3752 0.3300 0.2759 0.2173 0.1730 0.1536 0.1444 0.1390 0.1361 0.1350 0.1350 0.1353 0.1350 0.1350 0.1361 0.1390 0.1444 0.1536 0.1730 0.2173 0.2759 0.3300 0.3752 0.4112 0.4389 0.4588 0.4715 0.4767 0.4731 0.4572 0.4281 0.3920 0.3547 0.3192 0.2869 0.2582 0.2333 0.2118 0.1936 0.1783 0.1657 0.1555 0.1476 0.1417 0.1376 0.1354 0.1350 0.1365 0.1400 0.1464 0.1576 0.1838 0.2368 0.2961 0.3481 0.3905 0.4235 0.4483 0.4653 0.4748 0.4763 0.4752
0.4857 0.4750 0.4658 0.4490 0.4246 0.3918 0.3498 0.2982 0.2390 0.1852 0.1581 0.1467 0.1402 0.1366 0.1350 0.1354 0.1375 0.1415 0.1473 0.1552 0.1653 0.1778 0.1930 0.2111 0.2325 0.2574 0.2860 0.3182 0.3537 0.3910 0.4273 0.4566 0.4729 0.4767 0.4717 0.4591 0.4391 0.4115 0.3754 0.3301 0.2759 0.2171 0.1728 0.1535 0.1443 0.1389 0.1360 0.1349 0.1354 0.1368 0.1376 0.1368 0.1354 0.1349 0.1360 0.1389 0.1443 0.1535 0.1728 0.2171 0.2759 0.3301 0.3754 0.4115 0.4391 0.4591 0.4717 0.4767 0.4729 0.4566 0.4273 0.3910 0.3537 0.3182 0.2860 0.2574 0.2325 0.2111 0.1930 0.1778 0.1653 0.1552 0.1473 0.1415 0.1375 0.1354 0.1350 0.1366 0.1402 0.1467 0.1581 0.1852 0.2390 0.2982 0.3498 0.3918 0.4246 0.4490 0.4658 0.4750 0.4857
0.4852 0.4662 0.4497 0.4256 0.3931 0.3515 0.3002 0.2412 0.1867 0.1587 0.1470 0.1404 0.1366 0.1351 0.1353 0.1374 0.1413 0.1471 0.1549 0.1649 0.1773 0.1924 0.2104 0.2317 0.2564 0.2849 0.3171 0.3525 0.3899 0.4263 0.4560 0.4726 0.4768 0.4719 0.4594 0.4395 0.4119 0.3758 0.3306 0.2762 0.2173 0.1728 0.1534 0.1443 0.1389 0.1360 0.1349 0.1356 0.1377 0.1403 0.1416 0.1403 0.1377 0.1356 0.1349 0.1360 0.1389 0.1443 0.1534 0.1728 0.2173 0.2762 0.3306 0.3758 0.4119 0.4395 0.4594 0.4719 0.4768 0.4726 0.4560 0.4263 0.3899 0.3525 0.3171 0.2849 0.2564 0.2317 0.2104 0.1924 0.1773 0.1649 0.1549 0.1471 0.1413 0.1374 0.1353 0.1351 0.1366 0.1404 0.1470 0.1587 0.1867 0.2412 0.3002 0.3515 0.3931 0.4256 0.4497 0.4662 0.4852
0.4765 0.4505 0.4266 0.3945 0.3531 0.3022 0.2433 0.1883 0.1594 0.1473 0.1406 0.1367 0.1351 0.1353 0.1373 0.1411 0.1468 0.1546 0.1645 0.1768 0.1918 0.2097 0.2308 0.2555 0.2838 0.3159 0.3513 0.3887 0.4253 0.4553 0.4724 0.4768 0.4721 0.4597 0.4400 0.4125 0.3765 0.3312 0.2768 0.2178 0.1730 0.1535 0.1443 0.1389 0.1359 0.1349 0.1357 0.1380 0.1417 0.1456 0.1475 0.1456 0.1417 0.1380 0.1357 0.1349 0.1359 0.1389 0.1443 0.1535 0.1730 0.2178 0.2768 0.3312 0.3765 0.4125 0.4400 0.4597 0.4721 0.4768 0.4724 0.4553 0.4253 0.3887 0.3513 0.3159 0.2838 0.2555 0.2308 0.2097 0.1918 0.1768 0.1645 0.1546 0.1468 0.1411 0.1373 0.1353 0.1351 0.1367 0.1406 0.1473 0.1594 0.1883 0.2433 0.3022 0.3531 0.3945 0.4266 0.4505 0.4765
0.4605 0.4276 0.3958 0.3548 0.3042 0.2455 0.1899 0.1600 0.1476 0.1407 0.1368 0.1351 0.1353 0.1372 0.1410 0.1466 0.1543 0.1641 0.1763 0.1912 0.2090 0.2300 0.2545 0.2828 0.3147 0.3500 0.3874 0.4241 0.4545 0.4720 0.4768 0.4723 0.4601 0.4406 0.4132 0.3774 0.3322 0.2778 0.2186 0.1733 0.1536 0.1443 0.1389 0.1359 0.1349 0.1357 0.1382 0.1422 0.1475 0.1528 0.1553 0.1528 0.1475 0.1422 0.1382 0.1357 0.1349 0.1359 0.1389 0.1443 0.1536 0.1733 0.2186 0.2778 0.3322 0.3774 0.4132 0.4406 0.4601 0.4723 0.4768 0.4720 0.4545 0.4241 0.3874 0.3500 0.3147 0.2828 0.2545 0.2300 0.2090 0.1912 0.1763 0.1641 0.1543 0.1466 0.1410 0.1372 0.1353 0.1351 0.1368 0.1407 0.1476 0.1600 0.1899 0.2455 0.3042 0.3548 0.3958 0.4276 0.4605
0.4372 0.3971 0.3566 0.3063 0.2479 0.1916 0.1607 0.1479 0.1409 0.1369 0.1351 0.1352 0.1371 0.1408 0.1463 0.1539 0.1637 0.1758 0.1906 0.2083 0.2291 0.2535 0.2816 0.3134 0.3486 0.3860 0.4228 0.4536 0.4717 0.4768 0.4726 0.4606 0.4413 0.4141 0.3784 0.3334 0.2791 0.2198 0.1739 0.1538 0.1444 0.1389 0.1360 0.1349 0.1357 0.1382 0.1424 0.1483 0.1553 0.1622 0.1653 0.1622 0.1553 0.1483 0.1424 0.1382 0.1357 0.1349 0.1360 0.1389 0.1444 0.1538 0.1739 0.2198 0.2791 0.3334 0.3784 0.4141 0.4413 0.4606 0.4726 0.4768 0.4717 0.4536 0.4228 0.3860 0.3486 0.3134 0.2816 0.2535 0.2291 0.2083 0.1906 0.1758 0.1637 0.1539 0.1463 0.1408 0.1371 0.1352 0.1351 0.1369 0.1409 0.1479 0.1607 0.1916 0.2479 0.3063 0.3566 0.3971 0.4372
0.4064 0.3587 0.3088 0.2507 0.1938 0.1616 0.1484 0.1412 0.1371 0.1352 0.1352 0.1370 0.1406 0.1461 0.1535 0.1632 0.1752 0.1899 0.2074 0.2282 0.2524 0.2803 0.3120 0.3470 0.3843 0.4213 0.4525 0.4712 0.4768 0.4729 0.4612 0.4421 0.4152 0.3798 0.3350 0.2809 0.2215 0.1748 0.1541 0.1446 0.1390 0.1360 0.1349 0.1357 0.1382 0.1424 0.1484 0.1562 0.1652 0.1737 0.1776 0.1737 0.1652 0.1562 0.1484 0.1424 0.1382 0.1357 0.1349 0.1360 0.1390 0.1446 0.1541 0.1748 0.2215 0.2810 0.3350 0.3798 0.4152 0.4421 0.4612 0.4729 0.4768 0.4712 0.4525 0.4213 0.3843 0.3470 0.3120 0.2803 0.2524 0.2282 0.2074 0.1899 0.1752 0.1632 0.1535 0.1461 0.1406 0.1370 0.1352 0.1352 0.1371 0.1412 0.1484 0.1616 0.1938 0.2507 0.3088 0.3587 0.4064
0.3682 0.3126 0.2548 0.1972 0.1630 0.1490 0.1416 0.1373 0.1352 0.1351 0.1368 0.1403 0.1456 0.1530 0.1625 0.1743 0.1888 0.2062 0.2267 0.2507 0.2784 0.3099 0.3447 0.3820 0.4191 0.4510 0.4705 0.4768 0.4733 0.4621 0.4434 0.4169 0.3820 0.3377 0.2840 0.2246 0.1765 0.1548 0.1449 0.1392 0.1361 0.1349 0.1356 0.1380 0.1422 0.1483 0.1562 0.1660 0.1770 0.1873 0.1920 0.1873 0.1770 0.1660 0.1562 0.1483 0.1422 0.1380 0.1356 0.1349 0.1361 0.1392 0.1449 0.1548 0.1765 0.2246 0.2840 0.3377 0.3820 0.4169 0.4434 0.4621 0.4733 0.4768 0.4705 0.4510 0.4191 0.3820 0.3447 0.3099 0.2784 0.2507 0.2267 0.2062 0.1888 0.1743 0.1625 0.1530 0.1456 0.1403 0.1368 0.1351 0.1352 0.1373 0.1416 0.1490 0.1630 0.1972 0.2548 0.3126 0.3682
0.3252 0.2633 0.2043 0.1661 0.1504 0.1424 0.1377 0.1354 0.1350 0.1364 0.1397 0.1448 0.1519 0.1611 0.1726 0.1867 0.2037 0.2239 0.2474 0.2747 0.3057 0.3402 0.3774 0.4148 0.4477 0.4690 0.4766 0.4741 0.4638 0.4459 0.4203 0.3863 0.3431 0.2904 0.2313 0.1805 0.1564 0.1458 0.1397 0.1363 0.1350 0.1354 0.1377 0.1417 0.1475 0.1553 0.1652 0.1770 0.1902 0.2022 0.2076 0.2022 0.1902 0.1770 0.1652 0.1553 0.1475 0.1417 0.1377 0.1354 0.1350 0.1363 0.1397 0.1458 0.1564 0.1805 0.2313 0.2904 0.3431 0.3863 0.4203 0.4459 0.4638 0.4741 0.4766 0.4689 0.4477 0.4148 0.3774 0.3402 0.3057 0.2747 0.2474 0.2239 0.2037 0.1868 0.1726 0.1611 0.1519 0.1448 0.1397 0.1364 0.1350 0.1354 0.1377 0.1424 0.1504 0.1661 0.2043 0.2633 0.3252
0.2866 0.2226 0.1751 0.1542 0.1445 0.1389 0.1358 0.1348 0.1357 0.1384 0.1429 0.1494 0.1579 0.1687 0.1820 0.1981 0.2173 0.2398 0.2659 0.2959 0.3295 0.3662 0.4040 0.4390 0.4644 0.4756 0.4757 0.4674 0.4517 0.4283 0.3967 0.3561 0.3059 0.2480 0.1925 0.1615 0.1484 0.1412 0.1370 0.1351 0.1350 0.1368 0.1403 0.1456 0.1528 0.1622 0.1737 0.1873 0.2022 0.2156 0.2216 0.2156 0.2022 0.1873 0.1737 0.1622 0.1528 0.1456 0.1403 0.1368 0.1350 0.1351 0.1370 0.1412 0.1484 0.1615 0.1925 0.2480 0.3059 0.3561 0.3967 0.4283 0.4517 0.4674 0.4757 0.4756 0.4644 0.4390 0.4040 0.3661 0.3295 0.2959 0.2659 0.2398 0.2173 0.1981 0.1820 0.1687 0.1579 0.1494 0.1429 0.1384 0.1357 0.1348 0.1358 0.1389 0.1445 0.1542 0.1751 0.2226 0.2866
0.2698 0.2067 0.1672 0.1510 0.1426 0.1377 0.1353 0.1349 0.1363 0.1395 0.1445 0.1515 0.1607 0.1722 0.1863 0.2033 0.2234 0.2470 0.2743 0.3054 0.3401 0.3774 0.4151 0.4481 0.4693 0.4766 0.4739 0.4633 0.4452 0.4193 0.3850 0.3414 0.2884 0.2295 0.1800 0.1566 0.1459 0.1397 0.1362 0.1349 0.1353 0.1376 0.1416 0.1475 0.1553 0.1653 0.1776 0.1920 0.2076 0.2216 0.2277 0.2216 0.2076 0.1920 0.1776 0.1653 0.1553 0.1475 0.1416 0.1376 0.1353 0.1349 0.1362 0.1397 0.1459 0.1566 0.1800 0.2295 0.2884 0.3414 0.3850 0.4193 0.4452 0.4633 0.4739 0.4766 0.4693 0.4481 0.4151 0.3774 0.3401 0.3054 0.2743 0.2470 0.2234 0.2033 0.1863 0.1722 0.1607 0.1515 0.1445 0.1395 0.1363 0.1349 0.1353 0.1377 0.1426 0.1510 0.1672 0.2067 0.2698
0.2866 0.2226 0.1751 0.1542 0.1445 0.1389 0.1358 0.1348 0.1357 0.1384 0.1429 0.1494 0.1579 0.1687 0.1820 0.1981 0.2173 0.2398 0.2659 0.2959 0.3295 0.3662 0.4040 0.4390 0.4644 0.4756 0.4757 0.4674 0.4517 0.4283 0.3967 0.3561 0.3059 0.2480 0.1925 0.1615 0.1484 0.1412 0.1370 0.1351 0.1350 0.1368 0.1403 0.1456 0.1528 0.1622 0.1737 0.1873 0.2022 0.2156 0.2216 0.2156 0.2022 0.1873 0.1737 0.1622 0.1528 0.1456 0.1403 0.1368 0.1350 0.1351 0.1370 0.1412 0.1484 0.1615 0.1925 0.2480 0.3059 0.3561 0.3967 0.4283 0.4517 0.4674 0.4757 0.4756 0.4644 0.4390 0.4040 0.3661 0.3295 0.2959 0.2659 0.2398 0.2173 0.1981 0.1820 0.1687 0.1579 0.1494 0.1429 0.1384 0.1357 0.1348 0.1358 0.1389 0.1445 0.1542 0.1751 0.2226 0.2866
0.3252 0.2633 0.2043 0.1661 0.1504 0.1424 0.1377 0.1354 0.1350 0.1364 0.1397 0.1448 0.1519 0.1611 0.1726 0.1867 0.2037 0.2239 0.2474 0.2747 0.3057 0.3402 0.3774 0.4148 0.4477 0.4690 0.4766 0.4741 0.4638 0.4459 0.4203 0.3863 0.3431 0.2904 0.2313 0.1805 0.1564 0.1458 0.1397 0.1363 0.1350 0.1354 0.1377 0.1417 0.1475 0.1553 0.1652 0.1770 0.1902 0.2022 0.2076 0.2022 0.1902 0.1770 0.1652 0.1553 0.1475 0.1417 0.1377 0.1354 0.1350 0.1363 0.1397 0.1458 0.1564 0.1805 0.2313 0.2904 0.3431 0.3863 0.4203 0.4459 0.4638 0.4741 0.4766 0.4689 0.4477 0.4148 0.3774 0.3402 0.3057 0.2747 0.2474 0.2239 0.2037 0.1868 0.1726 0.1611 0.1519 0.1448 0.1397 0.1364 0.1350 0.1354 0.1377 0.1424 0.1504 0.1661 0.2043 0.2633 0.3252
0.3682 0.3126 0.2548 0.1972 0.1630 0.1490 0.1416 0.1373 0.1352 0.1351 0.1368 0.1403 0.1456 0.1530 0.1625 0.1743 0.1888 0.2062 0.2267 0.2507 0.2784 0.3099 0.3447 0.3820 0.4191 0.4510 0.4705 0.4768 0.4733 0.4621 0.4434 0.4169 0.3820 0.3377 0.2840 0.2246 0.1765 0.1548 0.1449 0.1392 0.1361 0.1349 0.1356 0.1380 0.1422 0.1483 0.1562 0.1660 0.1770 0.1873 0.1920 0.1873 0.1770 0.1660 0.1562 0.1483 0.1422 0.1380 0.1356 0.1349 0.1361 0.1392 0.1449 0.1548 0.1765 0.2246 0.2840 0.3377 0.3820 0.4169 0.4434 0.4621 0.4733 0.4768 0.4705 0.4510 0.4191 0.3820 0.3447 0.3099 0.2784 0.2507 0.2267 0.2062 0.1888 0.1743 0.1625 0.1530 0.1456 0.1403 0.1368 0.1351 0.1352 0.1373 0.1416 0.1490 0.1630 0.1972 0.2548 0.3126 0.3682
0.4064 0.3587 0.3088 0.2507 0.1938 0.1616 0.1484 0.1412 0.1371 0.1352 0.1352 0.1370 0.1406 0.1461 0.1535 0.1632 0.1752 0.1899 0.2074 0.2282 0.2524 0.2803 0.3120 0.3470 0.3843 0.4213 0.4525 0.4712 0.4768 0.4729 0.4612 0.4421 0.4152 0.3798 0.3350 0.2809 0.2215 0.1748 0.1541 0.1446 0.1390 0.1360 0.1349 0.1357 0.1382 0.1424 0.1484 0.1562 0.1652 0.1737 0.1776 0.1737 0.1652 0.1562 0.1484 0.1424 0.1382 0.1357 0.1349 0.1360 0.1390 0.1446 0.1541 0.1748 0.2215 0.2810 0.3350 0.3798 0.4152 0.4421 0.4612 0.4729 0.4768 0.4712 0.4525 0.4213 0.3843 0.3470 0.3120 0.2803 0.2524 0.2282 0.2074 0.1899 0.1752 0.1632 0.1535 0.1461 0.1406 0.1370 0.1352 0.1352 0.1371 0.1412 0.1484 0.1616 0.1938 0.2507 0.3088 0.3587 0.4064
0.4372 0.3971 0.3566 0.3063 0.2479 0.1916 0.1607 0.1479 0.1409 0.1369 0.1351 0.1352 0.1371 0.1408 0.1463 0.1539 0.1637 0.1758 0.1906 0.2083 0.2291 0.2535 0.2816 0.3134 0.3486 0.3860 0.4228 0.4536 0.4717 0.4768 0.4726 0.4606 0.4413 0.4141 0.3784 0.3334 0.2791 0.2198 0.1739 0.1538 0.1444 0.1389 0.1360 0.1349 0.1357 0.1382 0.1424 0.1483 0.1553 0.1622 0.1653 0.1622 0.1553 0.1483 0.1424 0.1382 0.1357 0.1349 0.1360 0.1389 0.1444 0.1538 0.1739 0.2198 0.2791 0.3334 0.3784 0.4141 0.4413 0.4606 0.4726 0.4768 0.4717 0.4536 0.4228 0.3860 0.3486 0.3134 0.2816 0.2535 0.2291 0.2083 0.1906 0.1758 0.1637 0.1539 0.1463 0.1408 0.1371 0.1352 0.1351 0.1369 0.1409 0.1479 0.1607 0.1916 0.2479 0.3063 0.3566 0.3971 0.4372
