0.8737 1.0000 1.0000 1.0000 1.0000 1.0000 1.0000 1.0000 1.0000 1.0000 0.0000 0.0000 0.0001 0.0001 0.0001 0.0002 0.0003 0.0005 0.0008 0.0012 0.0019 0.0030 0.0047 0.0073 0.0113 0.0177 0.0276 0.0431 0.0673 0.1050 0.1639 0.2557 0.3991 0.6228 0.9737 1.0000 1.0000 1.0000 1.0000 1.0000 1.0000 1.0000 1.0000 1.0000 0.0000 0.0000 0.0001 0.0001 0.0001 0.0002 0.0002 0.0002 0.0001 0.0001 0.0001 0.0000 0.0000 1.0000 1.0000 1.0000 1.0000 1.0000 1.0000 1.0000 1.0000 1.0000 0.9737 0.6228 0.3991 0.2557 0.1639 0.1050 0.0673 0.0431 0.0276 0.0177 0.0113 0.0073 0.0047 0.0030 0.0019 0.0012 0.0008 0.0005 0.0003 0.0002 0.0001 0.0001 0.0001 0.0000 0.0000 1.0000 1.0000 1.0000 1.0000 1.0000 1.0000 1.0000 1.0000 1.0000 0.8737
1.0000 1.0000 1.0000 1.0000 1.0000 1.0000 1.0000 1.0000 1.0000 0.0000 0.0000 0.0001 0.0001 0.0001 0.0002 0.0003 0.0005 0.0008 0.0012 0.0019 0.0030 0.0047 0.0073 0.0114 0.0178 0.0277 0.0433 0.0676 0.1054 0.1645 0.2567 0.4006 0.6252 0.9774 1.0000 1.0000 1.0000 1.0000 1.0000 1.0000 1.0000 1.0000 1.0000 0.0000 0.0000 0.0001 0.0001 0.0001 0.0002 0.0003 0.0003 0.0003 0.0002 0.0001 0.0001 0.0001 0.0000 0.0000 1.0000 1.0000 1.0000 1.0000 1.0000 1.0000 1.0000 1.0000 1.0000 0.9774 0.6252 0.4006 0.2567 0.1645 0.1054 0.0676 0.0433 0.0277 0.0178 0.0114 0.0073 0.0047 0.0030 0.0019 0.0012 0.0008 0.0005 0.0003 0.0002 0.0001 0.0001 0.0001 0.0000 0.0000 1.0000 1.0000 1.0000 1.0000 1.0000 1.0000 1.0000 1.0000 1.0000
1.0000 1.0000 1.0000 1.0000 1.0000 1.0000 1.0000 1.0000 0.0000 0.0000 0.0001 0.0001 0.0001 0.0002 0.0003 0.0005 0.0008 0.0013 0.0020 0.0030 0.0048 0.0074 0.0116 0.0181 0.0282 0.0440 0.0687 0.1072 0.1673 0.2611 0.4075 0.6360 0.9924 1.0000 1.0000 1.0000 1.0000 1.0000 1.0000 1.0000 1.0000 1.0000 0.0000 0.0000 0.0001 0.0001 0.0002 0.0002 0.0004 0.0005 0.0006 0.0005 0.0004 0.0002 0.0002 0.0001 0.0001 0.0000 0.0000 1.0000 1.0000 1.0000 1.0000 1.0000 1.0000 1.0000 1.0000 1.0000 0.9924 0.6360 0.4075 0.2611 0.1673 0.1072 0.0687 0.0440 0.0282 0.0181 0.0116 0.0074 0.0048 0.0030 0.0020 0.0013 0.0008 0.0005 0.0003 0.0002 0.0001 0.0001 0.0001 0.0000 0.0000 1.0000 1.0000 1.0000 1.0000 1.0000 1.0000 1.0000 1.0000
1.0000 1.0000 1.0000 1.0000 1.0000 1.0000 1.0000 0.0000 0.0000 0.0001 0.0001 0.0001 0.0002 0.0003 0.0005 0.0008 0.0013 0.0020 0.0031 0.0048 0.0076 0.0118 0.0184 0.0287 0.0448 0.0699 0.1091 0.1702 0.2657 0.4146 0.6469 1.0000 1.0000 1.0000 1.0000 1.0000 1.0000 1.0000 1.0000 1.0000 1.0000 0.0000 0.0000 0.0001 0.0001 0.0002 0.0002 0.0004 0.0006 0.0008 0.0009 0.0008 0.0006 0.0004 0.0002 0.0002 0.0001 0.0001 0.0000 0.0000 1.0000 1.0000 1.0000 1.0000 1.0000 1.0000 1.0000 1.0000 1.0000 1.0000 0.6469 0.4146 0.2657 0.1702 0.1091 0.0699 0.0448 0.0287 0.0184 0.0118 0.0076 0.0048 0.0031 0.0020 0.0013 0.0008 0.0005 0.0003 0.0002 0.0001 0.0001 0.0001 0.0000 0.0000 1.0000 1.0000 1.0000 1.0000 1.0000 1.0000 1.0000
1.0000 1.0000 1.0000 1.0000 1.0000 1.0000 0.0000 0.0000 0.0001 0.0001 0.0001 0.0002 0.0003 0.0005 0.0008 0.0013 0.0020 0.0031 0.0049 0.0077 0.0120 0.0187 0.0292 0.0456 0.0711 0.1110 0.1732 0.2702 0.4217 0.6581 1.0000 1.0000 1.0000 1.0000 1.0000 1.0000 1.0000 1.0000 1.0000 1.0000 0.0000 0.0000 0.0001 0.0001 0.0002 0.0002 0.0004 0.0006 0.0009 0.0012 0.0014 0.0012 0.0009 0.0006 0.0004 0.0002 0.0002 0.0001 0.0001 0.0000 0.0000 1.0000 1.0000 1.0000 1.0000 1.0000 1.0000 1.0000 1.0000 1.0000 1.0000 0.6581 0.4217 0.2702 0.1732 0.1110 0.0711 0.0456 0.0292 0.0187 0.0120 0.0077 0.0049 0.0031 0.0020 0.0013 0.0008 0.0005 0.0003 0.0002 0.0001 0.0001 0.0001 0.0000 0.0000 1.0000 1.0000 1.0000 1.0000 1.0000 1.0000
1.0000 1.0000 1.0000 1.0000 1.0000 0.0000 0.0000 0.0001 0.0001 0.0001 0.0002 0.0003 0.0005 0.0008 0.0013 0.0021 0.0032 0.0050 0.0078 0.0122 0.0190 0.0296 0.0463 0.0722 0.1127 0.1758 0.2744 0.4282 0.6682 1.0000 1.0000 1.0000 1.0000 1.0000 1.0000 1.0000 1.0000 1.0000 1.0000 0.0000 0.0000 0.0001 0.0001 0.0002 0.0003 0.0004 0.0006 0.0009 0.0014 0.0020 0.0023 0.0020 0.0014 0.0009 0.0006 0.0004 0.0003 0.0002 0.0001 0.0001 0.0000 0.0000 1.0000 1.0000 1.0000 1.0000 1.0000 1.0000 1.0000 1.0000 1.0000 1.0000 0.6682 0.4282 0.2744 0.1758 0.1127 0.0722 0.0463 0.0296 0.0190 0.0122 0.0078 0.0050 0.0032 0.0021 0.0013 0.0008 0.0005 0.0003 0.0002 0.0001 0.0001 0.0001 0.0000 0.0000 1.0000 1.0000 1.0000 1.0000 1.0000
1.0000 1.0000 1.0000 1.0000 0.0000 0.0000 0.0001 0.0001 0.0001 0.0002 0.0003 0.0005 0.0009 0.0013 0.0021 0.0033 0.0051 0.0079 0.0124 0.0193 0.0302 0.0471 0.0734 0.1146 0.1789 0.2791 0.4356 0.6797 1.0000 1.0000 1.0000 1.0000 1.0000 1.0000 1.0000 1.0000 1.0000 1.0000 0.0000 0.0000 0.0001 0.0001 0.0002 0.0003 0.0004 0.0006 0.0010 0.0015 0.0022 0.0031 0.0036 0.0031 0.0022 0.0015 0.0010 0.0006 0.0004 0.0003 0.0002 0.0001 0.0001 0.0000 0.0000 1.0000 1.0000 1.0000 1.0000 1.0000 1.0000 1.0000 1.0000 1.0000 1.0000 0.6797 0.4356 0.2791 0.1789 0.1146 0.0734 0.0471 0.0302 0.0193 0.0124 0.0079 0.0051 0.0033 0.0021 0.0013 0.0009 0.0005 0.0003 0.0002 0.0001 0.0001 0.0001 0.0000 0.0000 1.0000 1.0000 1.0000 1.0000
1.0000 1.0000 1.0000 0.0000 0.0000 0.0001 0.0001 0.0001 0.0002 0.0004 0.0006 0.0009 0.0014 0.0021 0.0033 0.0052 0.0081 0.0126 0.0197 0.0307 0.0479 0.0747 0.1166 0.1820 0.2839 0.4431 0.6915 1.0000 1.0000 1.0000 1.0000 1.0000 1.0000 1.0000 1.0000 1.0000 1.0000 0.0000 0.0000 0.0001 0.0001 0.0002 0.0003 0.0004 0.0006 0.0010 0.0015 0.0024 0.0036 0.0050 0.0057 0.0050 0.0036 0.0024 0.0015 0.0010 0.0006 0.0004 0.0003 0.0002 0.0001 0.0001 0.0000 0.0000 1.0000 1.0000 1.0000 1.0000 1.0000 1.0000 1.0000 1.0000 1.0000 1.0000 0.6915 0.4431 0.2839 0.1820 0.1166 0.0747 0.0479 0.0307 0.0197 0.0126 0.0081 0.0052 0.0033 0.0021 0.0014 0.0009 0.0006 0.0004 0.0002 0.0001 0.0001 0.0001 0.0000 0.0000 1.0000 1.0000 1.0000
1.0000 1.0000 0.0000 0.0000 0.0001 0.0001 0.0001 0.0002 0.0004 0.0006 0.0009 0.0014 0.0021 0.0033 0.0052 0.0082 0.0128 0.0200 0.0312 0.0486 0.0760 0.1186 0.1851 0.2888 0.4507 0.7034 1.0000 1.0000 1.0000 1.0000 1.0000 1.0000 1.0000 1.0000 1.0000 1.0000 0.0000 0.0000 0.0001 0.0001 0.0002 0.0003 0.0004 0.0006 0.0010 0.0016 0.0025 0.0038 0.0057 0.0079 0.0091 0.0079 0.0057 0.0038 0.0025 0.0016 0.0010 0.0006 0.0004 0.0003 0.0002 0.0001 0.0001 0.0000 0.0000 1.0000 1.0000 1.0000 1.0000 1.0000 1.0000 1.0000 1.0000 1.0000 1.0000 0.7034 0.4507 0.2888 0.1851 0.1186 0.0760 0.0486 0.0312 0.0200 0.0128 0.0082 0.0052 0.0033 0.0021 0.0014 0.0009 0.0006 0.0004 0.0002 0.0001 0.0001 0.0001 0.0000 0.0000 1.0000 1.0000
1.0000 0.0000 0.0000 0.0001 0.0001 0.0001 0.0002 0.0004 0.0006 0.0009 0.0014 0.0021 0.0034 0.0053 0.0083 0.0129 0.0202 0.0316 0.0494 0.0772 0.1204 0.1879 0.2933 0.4577 0.7142 1.0000 1.0000 1.0000 1.0000 1.0000 1.0000 1.0000 1.0000 1.0000 1.0000 0.0000 0.0000 0.0001 0.0001 0.0002 0.0003 0.0004 0.0007 0.0010 0.0016 0.0025 0.0039 0.0060 0.0090 0.0125 0.0144 0.0125 0.0090 0.0060 0.0039 0.0025 0.0016 0.0010 0.0007 0.0004 0.0003 0.0002 0.0001 0.0001 0.0000 0.0000 1.0000 1.0000 1.0000 1.0000 1.0000 1.0000 1.0000 1.0000 1.0000 1.0000 0.7142 0.4577 0.2933 0.1879 0.1204 0.0772 0.0494 0.0316 0.0202 0.0129 0.0083 0.0053 0.0034 0.0021 0.0014 0.0009 0.0006 0.0004 0.0002 0.0001 0.0001 0.0001 0.0000 0.0000 1.0000
0.0000 0.0000 0.0001 0.0001 0.0001 0.0002 0.0003 0.0006 0.0009 0.0014 0.0022 0.0034 0.0053 0.0083 0.0131 0.0204 0.0320 0.0500 0.0782 0.1220 0.1908 0.2983 0.4656 0.7265 1.0000 1.0000 1.0000 1.0000 1.0000 1.0000 1.0000 1.0000 1.0000 1.0000 0.0000 0.0000 0.0001 0.0001 0.0002 0.0003 0.0004 0.0007 0.0010 0.0016 0.0025 0.0040 0.0062 0.0095 0.0143 0.0199 0.0229 0.0199 0.0143 0.0095 0.0062 0.0040 0.0025 0.0016 0.0010 0.0007 0.0004 0.0003 0.0002 0.0001 0.0001 0.0000 0.0000 1.0000 1.0000 1.0000 1.0000 1.0000 1.0000 1.0000 1.0000 1.0000 1.0000 0.7265 0.4656 0.2983 0.1908 0.1220 0.0782 0.0500 0.0320 0.0204 0.0131 0.0083 0.0053 0.0034 0.0022 0.0014 0.0009 0.0006 0.0003 0.0002 0.0001 0.0001 0.0001 0.0000 0.0000
0.0000 0.0001 0.0001 0.0001 0.0002 0.0003 0.0005 0.0009 0.0014 0.0021 0.0034 0.0053 0.0084 0.0131 0.0206 0.0323 0.0505 0.0791 0.1237 0.1934 0.3023 0.4727 0.7376 1.0000 1.0000 1.0000 1.0000 1.0000 1.0000 1.0000 1.0000 1.0000 1.0000 0.0000 0.0000 0.0001 0.0001 0.0002 0.0003 0.0004 0.0007 0.0011 0.0017 0.0026 0.0040 0.0063 0.0098 0.0151 0.0227 0.0316 0.0364 0.0316 0.0227 0.0151 0.0098 0.0063 0.0040 0.0026 0.0017 0.0011 0.0007 0.0004 0.0003 0.0002 0.0001 0.0001 0.0000 0.0000 1.0000 1.0000 1.0000 1.0000 1.0000 1.0000 1.0000 1.0000 1.0000 1.0000 0.7376 0.4727 0.3023 0.1934 0.1237 0.0791 0.0505 0.0323 0.0206 0.0131 0.0084 0.0053 0.0034 0.0021 0.0014 0.0009 0.0005 0.0003 0.0002 0.0001 0.0001 0.0001 0.0000
0.0001 0.0001 0.0001 0.0002 0.0003 0.0005 0.0009 0.0014 0.0021 0.0034 0.0053 0.0084 0.0132 0.0207 0.0325 0.0510 0.0799 0.1251 0.1960 0.3064 0.4790 0.7490 1.0000 1.0000 1.0000 1.0000 1.0000 1.0000 1.0000 1.0000 1.0000 1.0000 0.0000 0.0000 0.0001 0.0001 0.0002 0.0003 0.0004 0.0007 0.0011 0.0017 0.0026 0.0041 0.0064 0.0100 0.0156 0.0240 0.0361 0.0502 0.0578 0.0502 0.0361 0.0240 0.0156 0.0100 0.0064 0.0041 0.0026 0.0017 0.0011 0.0007 0.0004 0.0003 0.0002 0.0001 0.0001 0.0000 0.0000 1.0000 1.0000 1.0000 1.0000 1.0000 1.0000 1.0000 1.0000 1.0000 1.0000 0.7490 0.4790 0.3064 0.1960 0.1251 0.0799 0.0510 0.0325 0.0207 0.0132 0.0084 0.0053 0.0034 0.0021 0.0014 0.0009 0.0005 0.0003 0.0002 0.0001 0.0001 0.0001
0.0001 0.0001 0.0002 0.0003 0.0005 0.0008 0.0013 0.0021 0.0033 0.0053 0.0083 0.0131 0.0207 0.0325 0.0512 0.0803 0.1261 0.1975 0.3093 0.4845 0.7576 1.0000 1.0000 1.0000 1.0000 1.0000 1.0000 1.0000 1.0000 1.0000 1.0000 0.0000 0.0000 0.0001 0.0001 0.0002 0.0003 0.0005 0.0007 0.0011 0.0017 0.0027 0.0042 0.0065 0.0102 0.0159 0.0247 0.0381 0.0573 0.0797 0.0918 0.0797 0.0573 0.0381 0.0247 0.0159 0.0102 0.0065 0.0042 0.0027 0.0017 0.0011 0.0007 0.0005 0.0003 0.0002 0.0001 0.0001 0.0000 0.0000 1.0000 1.0000 1.0000 1.0000 1.0000 1.0000 1.0000 1.0000 1.0000 1.0000 0.7576 0.4845 0.3093 0.1975 0.1261 0.0803 0.0512 0.0325 0.0207 0.0131 0.0083 0.0053 0.0033 0.0021 0.0013 0.0008 0.0005 0.0003 0.0002 0.0001 0.0001
0.0001 0.0002 0.0003 0.0005 0.0008 0.0013 0.0021 0.0033 0.0052 0.0083 0.0131 0.0206 0.0325 0.0512 0.0805 0.1265 0.1986 0.3117 0.4882 0.7648 1.0000 1.0000 1.0000 1.0000 1.0000 1.0000 1.0000 1.0000 1.0000 1.0000 0.0000 0.0000 0.0001 0.0001 0.0002 0.0003 0.0005 0.0007 0.0011 0.0017 0.0027 0.0042 0.0066 0.0104 0.0162 0.0252 0.0391 0.0604 0.0909 0.1265 0.1457 0.1265 0.0909 0.0604 0.0391 0.0252 0.0162 0.0104 0.0066 0.0042 0.0027 0.0017 0.0011 0.0007 0.0005 0.0003 0.0002 0.0001 0.0001 0.0000 0.0000 1.0000 1.0000 1.0000 1.0000 1.0000 1.0000 1.0000 1.0000 1.0000 1.0000 0.7648 0.4882 0.3117 0.1986 0.1265 0.0805 0.0512 0.0325 0.0206 0.0131 0.0083 0.0052 0.0033 0.0021 0.0013 0.0008 0.0005 0.0003 0.0002 0.0001
0.0002 0.0003 0.0005 0.0008 0.0013 0.0021 0.0033 0.0052 0.0082 0.0129 0.0204 0.0323 0.0510 0.0803 0.1265 0.1990 0.3129 0.4910 0.7706 1.0000 1.0000 1.0000 1.0000 1.0000 1.0000 1.0000 1.0000 1.0000 1.0000 0.0000 0.0001 0.0001 0.0001 0.0002 0.0003 0.0005 0.0007 0.0011 0.0018 0.0028 0.0043 0.0067 0.0105 0.0164 0.0256 0.0400 0.0621 0.0959 0.1443 0.2005 0.2312 0.2005 0.1443 0.0959 0.0621 0.0400 0.0256 0.0164 0.0105 0.0067 0.0043 0.0028 0.0018 0.0011 0.0007 0.0005 0.0003 0.0002 0.0001 0.0001 0.0001 0.0000 1.0000 1.0000 1.0000 1.0000 1.0000 1.0000 1.0000 1.0000 1.0000 1.0000 0.7706 0.4910 0.3129 0.1990 0.1265 0.0803 0.0510 0.0323 0.0204 0.0129 0.0082 0.0052 0.0033 0.0021 0.0013 0.0008 0.0005 0.0003 0.0002
0.0003 0.0005 0.0008 0.0013 0.0020 0.0032 0.0051 0.0081 0.0128 0.0202 0.0320 0.0505 0.0799 0.1261 0.1986 0.3129 0.4920 0.7736 1.0000 1.0000 1.0000 1.0000 1.0000 1.0000 1.0000 1.0000 1.0000 0.0000 0.0000 0.0001 0.0001 0.0001 0.0002 0.0003 0.0005 0.0007 0.0012 0.0018 0.0028 0.0044 0.0069 0.0107 0.0167 0.0261 0.0407 0.0634 0.0986 0.1522 0.2286 0.3183 0.3671 0.3183 0.2286 0.1522 0.0986 0.0634 0.0407 0.0261 0.0167 0.0107 0.0069 0.0044 0.0028 0.0018 0.0012 0.0007 0.0005 0.0003 0.0002 0.0001 0.0001 0.0001 0.0000 0.0000 1.0000 1.0000 1.0000 1.0000 1.0000 1.0000 1.0000 1.0000 1.0000 0.7736 0.4920 0.3129 0.1986 0.1261 0.0799 0.0505 0.0320 0.0202 0.0128 0.0081 0.0051 0.0032 0.0020 0.0013 0.0008 0.0005 0.0003
0.0005 0.0008 0.0013 0.0020 0.0031 0.0050 0.0079 0.0126 0.0200 0.0316 0.0500 0.0791 0.1251 0.1975 0.3117 0.4910 0.7736 1.0000 1.0000 1.0000 1.0000 1.0000 1.0000 1.0000 1.0000 1.0000 0.0000 0.0000 0.0001 0.0001 0.0001 0.0002 0.0003 0.0005 0.0008 0.0012 0.0018 0.0029 0.0045 0.0070 0.0109 0.0170 0.0265 0.0414 0.0645 0.1005 0.1566 0.2416 0.3629 0.5052 0.5827 0.5052 0.3629 0.2416 0.1566 0.1005 0.0645 0.0414 0.0265 0.0170 0.0109 0.0070 0.0045 0.0029 0.0018 0.0012 0.0008 0.0005 0.0003 0.0002 0.0001 0.0001 0.0001 0.0000 0.0000 1.0000 1.0000 1.0000 1.0000 1.0000 1.0000 1.0000 1.0000 1.0000 0.7736 0.4910 0.3117 0.1975 0.1251 0.0791 0.0500 0.0316 0.0200 0.0126 0.0079 0.0050 0.0031 0.0020 0.0013 0.0008 0.0005
0.0008 0.0012 0.0020 0.0031 0.0049 0.0078 0.0124 0.0197 0.0312 0.0494 0.0782 0.1237 0.1960 0.3093 0.4882 0.7706 1.0000 1.0000 1.0000 1.0000 1.0000 1.0000 1.0000 1.0000 1.0000 0.0000 0.0000 0.0001 0.0001 0.0001 0.0002 0.0003 0.0005 0.0008 0.0012 0.0019 0.0029 0.0045 0.0071 0.0110 0.0173 0.0270 0.0421 0.0657 0.1025 0.1596 0.2485 0.3835 0.5761 0.8020 0.9250 0.8020 0.5761 0.3835 0.2485 0.1596 0.1025 0.0657 0.0421 0.0270 0.0173 0.0110 0.0071 0.0045 0.0029 0.0019 0.0012 0.0008 0.0005 0.0003 0.0002 0.0001 0.0001 0.0001 0.0000 0.0000 1.0000 1.0000 1.0000 1.0000 1.0000 1.0000 1.0000 1.0000 1.0000 0.7706 0.4882 0.3093 0.1960 0.1237 0.0782 0.0494 0.0312 0.0197 0.0124 0.0078 0.0049 0.0031 0.0020 0.0012 0.0008
0.0012 0.0019 0.0030 0.0048 0.0077 0.0122 0.0193 0.0307 0.0486 0.0772 0.1220 0.1934 0.3064 0.4845 0.7648 1.0000 1.0000 1.0000 1.0000 1.0000 1.0000 1.0000 1.0000 1.0000 0.0000 0.0000 0.0001 0.0001 0.0001 0.0002 0.0003 0.0005 0.0008 0.0012 0.0019 0.0030 0.0046 0.0072 0.0112 0.0175 0.0274 0.0427 0.0667 0.1040 0.1623 0.2533 0.3938 0.6087 0.9145 1.0000 1.0000 1.0000 0.9145 0.6087 0.3938 0.2533 0.1623 0.1040 0.0667 0.0427 0.0274 0.0175 0.0112 0.0072 0.0046 0.0030 0.0019 0.0012 0.0008 0.0005 0.0003 0.0002 0.0001 0.0001 0.0001 0.0000 0.0000 1.0000 1.0000 1.0000 1.0000 1.0000 1.0000 1.0000 1.0000 1.0000 0.7648 0.4845 0.3064 0.1934 0.1220 0.0772 0.0486 0.0307 0.0193 0.0122 0.0077 0.0048 0.0030 0.0019 0.0012
0.0019 0.0030 0.0048 0.0076 0.0120 0.0190 0.0302 0.0479 0.0760 0.1204 0.1908 0.3023 0.4790 0.7576 1.0000 1.0000 1.0000 1.0000 1.0000 1.0000 1.0000 1.0000 1.0000 0.0000 0.0000 0.0001 0.0001 0.0001 0.0002 0.0003 0.0005 0.0008 0.0012 0.0019 0.0030 0.0047 0.0073 0.0114 0.0178 0.0278 0.0435 0.0678 0.1058 0.1651 0.2577 0.4021 0.6252 0.9663 1.0000 1.0000 1.0000 1.0000 1.0000 0.9663 0.6252 0.4021 0.2577 0.1651 0.1058 0.0678 0.0435 0.0278 0.0178 0.0114 0.0073 0.0047 0.0030 0.0019 0.0012 0.0008 0.0005 0.0003 0.0002 0.0001 0.0001 0.0001 0.0000 0.0000 1.0000 1.0000 1.0000 1.0000 1.0000 1.0000 1.0000 1.0000 1.0000 0.7576 0.4790 0.3023 0.1908 0.1204 0.0760 0.0479 0.0302 0.0190 0.0120 0.0076 0.0048 0.0030 0.0019
0.0030 0.0047 0.0074 0.0118 0.0187 0.0296 0.0471 0.0747 0.1186 0.1879 0.2983 0.4727 0.7490 1.0000 1.0000 1.0000 1.0000 1.0000 1.0000 1.0000 1.0000 1.0000 0.0000 0.0000 0.0001 0.0001 0.0001 0.0002 0.0003 0.0005 0.0008 0.0012 0.0020 0.0030 0.0048 0.0074 0.0116 0.0182 0.0283 0.0442 0.0690 0.1076 0.1680 0.2621 0.4091 0.6372 0.9924 1.0000 1.0000 1.0000 1.0000 1.0000 1.0000 1.0000 0.9924 0.6372 0.4091 0.2621 0.1680 0.1076 0.0690 0.0442 0.0283 0.0182 0.0116 0.0074 0.0048 0.0030 0.0020 0.0012 0.0008 0.0005 0.0003 0.0002 0.0001 0.0001 0.0001 0.0000 0.0000 1.0000 1.0000 1.0000 1.0000 1.0000 1.0000 1.0000 1.0000 1.0000 0.7490 0.4727 0.2983 0.1879 0.1186 0.0747 0.0471 0.0296 0.0187 0.0118 0.0074 0.0047 0.0030
0.0047 0.0073 0.0116 0.0184 0.0292 0.0463 0.0734 0.1166 0.1851 0.2933 0.4656 0.7376 1.0000 1.0000 1.0000 1.0000 1.0000 1.0000 1.0000 1.0000 1.0000 0.0000 0.0000 0.0001 0.0001 0.0001 0.0002 0.0003 0.0005 0.0008 0.0013 0.0020 0.0031 0.0048 0.0075 0.0118 0.0184 0.0288 0.0450 0.0702 0.1095 0.1709 0.2667 0.4161 0.6494 1.0000 1.0000 1.0000 1.0000 1.0000 1.0000 1.0000 1.0000 1.0000 1.0000 1.0000 0.6494 0.4161 0.2667 0.1709 0.1095 0.0702 0.0450 0.0288 0.0184 0.0118 0.0075 0.0048 0.0031 0.0020 0.0013 0.0008 0.0005 0.0003 0.0002 0.0001 0.0001 0.0001 0.0000 0.0000 1.0000 1.0000 1.0000 1.0000 1.0000 1.0000 1.0000 1.0000 1.0000 0.7376 0.4656 0.2933 0.1851 0.1166 0.0734 0.0463 0.0292 0.0184 0.0116 0.0073 0.0047
0.0073 0.0114 0.0181 0.0287 0.0456 0.0722 0.1146 0.1820 0.2888 0.4577 0.7265 1.0000 1.0000 1.0000 1.0000 1.0000 1.0000 1.0000 1.0000 1.0000 0.0000 0.0000 0.0001 0.0001 0.0001 0.0002 0.0003 0.0005 0.0008 0.0013 0.0020 0.0031 0.0049 0.0076 0.0119 0.0187 0.0292 0.0457 0.0712 0.1112 0.1735 0.2708 0.4225 0.6594 1.0000 1.0000 1.0000 1.0000 1.0000 1.0000 1.0000 1.0000 1.0000 1.0000 1.0000 1.0000 1.0000 0.6594 0.4225 0.2708 0.1735 0.1112 0.0712 0.0457 0.0292 0.0187 0.0119 0.0076 0.0049 0.0031 0.0020 0.0013 0.0008 0.0005 0.0003 0.0002 0.0001 0.0001 0.0001 0.0000 0.0000 1.0000 1.0000 1.0000 1.0000 1.0000 1.0000 1.0000 1.0000 1.0000 0.7265 0.4577 0.2888 0.1820 0.1146 0.0722 0.0456 0.0287 0.0181 0.0114 0.0073
0.0113 0.0178 0.0282 0.0448 0.0711 0.1127 0.1789 0.2839 0.4507 0.7142 1.0000 1.0000 1.0000 1.0000 1.0000 1.0000 1.0000 1.0000 1.0000 0.0000 0.0000 0.0001 0.0001 0.0001 0.0002 0.0003 0.0005 0.0008 0.0013 0.0020 0.0031 0.0049 0.0077 0.0121 0.0189 0.0296 0.0463 0.0723 0.1129 0.1765 0.2754 0.4298 0.6707 1.0000 1.0000 1.0000 1.0000 1.0000 1.0000 1.0000 1.0000 1.0000 1.0000 1.0000 1.0000 1.0000 1.0000 1.0000 0.6707 0.4298 0.2754 0.1765 0.1129 0.0723 0.0463 0.0296 0.0189 0.0121 0.0077 0.0049 0.0031 0.0020 0.0013 0.0008 0.0005 0.0003 0.0002 0.0001 0.0001 0.0001 0.0000 0.0000 1.0000 1.0000 1.0000 1.0000 1.0000 1.0000 1.0000 1.0000 1.0000 0.7142 0.4507 0.2839 0.1789 0.1127 0.0711 0.0448 0.0282 0.0178 0.0113
0.0177 0.0277 0.0440 0.0699 0.1110 0.1758 0.2791 0.4431 0.7034 1.0000 1.0000 1.0000 1.0000 1.0000 1.0000 1.0000 1.0000 1.0000 0.0000 0.0000 0.0001 0.0001 0.0001 0.0002 0.0003 0.0005 0.0008 0.0013 0.0020 0.0032 0.0050 0.0078 0.0122 0.0191 0.0299 0.0469 0.0733 0.1144 0.1789 0.2797 0.4364 0.6823 1.0000 1.0000 1.0000 1.0000 1.0000 1.0000 1.0000 1.0000 1.0000 1.0000 1.0000 1.0000 1.0000 1.0000 1.0000 1.0000 1.0000 0.6823 0.4364 0.2797 0.1789 0.1144 0.0733 0.0469 0.0299 0.0191 0.0122 0.0078 0.0050 0.0032 0.0020 0.0013 0.0008 0.0005 0.0003 0.0002 0.0001 0.0001 0.0001 0.0000 0.0000 1.0000 1.0000 1.0000 1.0000 1.0000 1.0000 1.0000 1.0000 1.0000 0.7034 0.4431 0.2791 0.1758 0.1110 0.0699 0.0440 0.0277 0.0177
0.0276 0.0433 0.0687 0.1091 0.1732 0.2744 0.4356 0.6915 1.0000 1.0000 1.0000 1.0000 1.0000 1.0000 1.0000 1.0000 1.0000 0.0000 0.0000 0.0001 0.0001 0.0001 0.0002 0.0003 0.0005 0.0008 0.0013 0.0020 0.0032 0.0050 0.0078 0.0123 0.0193 0.0302 0.0473 0.0741 0.1159 0.1813 0.2834 0.4431 0.6928 1.0000 1.0000 1.0000 1.0000 1.0000 1.0000 1.0000 1.0000 1.0000 1.0000 1.0000 1.0000 1.0000 1.0000 1.0000 1.0000 1.0000 1.0000 1.0000 0.6928 0.4431 0.2834 0.1813 0.1159 0.0741 0.0473 0.0302 0.0193 0.0123 0.0078 0.0050 0.0032 0.0020 0.0013 0.0008 0.0005 0.0003 0.0002 0.0001 0.0001 0.0001 0.0000 0.0000 1.0000 1.0000 1.0000 1.0000 1.0000 1.0000 1.0000 1.0000 1.0000 0.6915 0.4356 0.2744 0.1732 0.1091 0.0687 0.0433 0.0276
0.0431 0.0676 0.1072 0.1702 0.2702 0.4282 0.6797 1.0000 1.0000 1.0000 1.0000 1.0000 1.0000 1.0000 1.0000 1.0000 0.0000 0.0000 0.0001 0.0001 0.0001 0.0002 0.0003 0.0005 0.0008 0.0013 0.0020 0.0032 0.0050 0.0079 0.0124 0.0194 0.0304 0.0478 0.0749 0.1173 0.1833 0.2872 0.4490 0.7021 1.0000 1.0000 1.0000 1.0000 1.0000 1.0000 1.0000 1.0000 1.0000 1.0000 1.0000 1.0000 1.0000 1.0000 1.0000 1.0000 1.0000 1.0000 1.0000 1.0000 1.0000 0.7021 0.4490 0.2872 0.1833 0.1173 0.0749 0.0478 0.0304 0.0194 0.0124 0.0079 0.0050 0.0032 0.0020 0.0013 0.0008 0.0005 0.0003 0.0002 0.0001 0.0001 0.0001 0.0000 0.0000 1.0000 1.0000 1.0000 1.0000 1.0000 1.0000 1.0000 1.0000 1.0000 0.6797 0.4282 0.2702 0.1702 0.1072 0.0676 0.0431
0.0673 0.1054 0.1673 0.2657 0.4217 0.6682 1.0000 1.0000 1.0000 1.0000 1.0000 1.0000 1.0000 1.0000 1.0000 1.0000 0.0000 0.0001 0.0001 0.0001 0.0002 0.0003 0.0005 0.0008 0.0013 0.0020 0.0032 0.0050 0.0079 0.0124 0.0195 0.0306 0.0481 0.0754 0.1184 0.1854 0.2899 0.4542 0.7101 1.0000 1.0000 1.0000 1.0000 1.0000 1.0000 1.0000 1.0000 1.0000 1.0000 0.0000 0.0000 0.0000 1.0000 1.0000 1.0000 1.0000 1.0000 1.0000 1.0000 1.0000 1.0000 1.0000 0.7101 0.4542 0.2899 0.1854 0.1184 0.0754 0.0481 0.0306 0.0195 0.0124 0.0079 0.0050 0.0032 0.0020 0.0013 0.0008 0.0005 0.0003 0.0002 0.0001 0.0001 0.0001 0.0000 1.0000 1.0000 1.0000 1.0000 1.0000 1.0000 1.0000 1.0000 1.0000 1.0000 0.6682 0.4217 0.2657 0.1673 0.1054 0.0673
0.1050 0.1645 0.2611 0.4146 0.6581 1.0000 1.0000 1.0000 1.0000 1.0000 1.0000 1.0000 1.0000 1.0000 1.0000 0.0000 0.0001 0.0001 0.0001 0.0002 0.0003 0.0005 0.0008 0.0013 0.0020 0.0032 0.0050 0.0079 0.0124 0.0195 0.0307 0.0482 0.0759 0.1191 0.1869 0.2927 0.4585 0.7183 1.0000 1.0000 1.0000 1.0000 1.0000 1.0000 1.0000 1.0000 1.0000 1.0000 0.0000 0.0000 0.0000 0.0000 0.0000 1.0000 1.0000 1.0000 1.0000 1.0000 1.0000 1.0000 1.0000 1.0000 1.0000 0.7183 0.4585 0.2927 0.1869 0.1191 0.0759 0.0482 0.0307 0.0195 0.0124 0.0079 0.0050 0.0032 0.0020 0.0013 0.0008 0.0005 0.0003 0.0002 0.0001 0.0001 0.0001 0.0000 1.0000 1.0000 1.0000 1.0000 1.0000 1.0000 1.0000 1.0000 1.0000 1.0000 0.6581 0.4146 0.2611 0.1645 0.1050
0.1639 0.2567 0.4075 0.6469 1.0000 1.0000 1.0000 1.0000 1.0000 1.0000 1.0000 1.0000 1.0000 1.0000 0.0000 0.0001 0.0001 0.0001 0.0002 0.0003 0.0005 0.0008 0.0013 0.0020 0.0031 0.0050 0.0078 0.0124 0.0195 0.0307 0.0483 0.0760 0.1195 0.1876 0.2944 0.4620 0.7251 1.0000 1.0000 1.0000 1.0000 1.0000 1.0000 1.0000 1.0000 1.0000 1.0000 0.0000 0.0000 0.0001 0.0001 0.0001 0.0000 0.0000 1.0000 1.0000 1.0000 1.0000 1.0000 1.0000 1.0000 1.0000 1.0000 1.0000 0.7251 0.4620 0.2944 0.1876 0.1195 0.0760 0.0483 0.0307 0.0195 0.0124 0.0078 0.0050 0.0031 0.0020 0.0013 0.0008 0.0005 0.0003 0.0002 0.0001 0.0001 0.0001 0.0000 1.0000 1.0000 1.0000 1.0000 1.0000 1.0000 1.0000 1.0000 1.0000 1.0000 0.6469 0.4075 0.2567 0.1639
0.2557 0.4006 0.6360 1.0000 1.0000 1.0000 1.0000 1.0000 1.0000 1.0000 1.0000 1.0000 1.0000 0.0000 0.0000 0.0001 0.0001 0.0002 0.0003 0.0005 0.0008 0.0012 0.0020 0.0031 0.0049 0.0078 0.0123 0.0194 0.0306 0.0482 0.0760 0.1197 0.1883 0.2955 0.4647 0.7293 1.0000 1.0000 1.0000 1.0000 1.0000 1.0000 1.0000 1.0000 1.0000 1.0000 0.0000 0.0000 0.0001 0.0001 0.0001 0.0001 0.0001 0.0000 0.0000 1.0000 1.0000 1.0000 1.0000 1.0000 1.0000 1.0000 1.0000 1.0000 1.0000 0.7293 0.4647 0.2955 0.1883 0.1197 0.0760 0.0482 0.0306 0.0194 0.0123 0.0078 0.0049 0.0031 0.0020 0.0012 0.0008 0.0005 0.0003 0.0002 0.0001 0.0001 0.0000 0.0000 1.0000 1.0000 1.0000 1.0000 1.0000 1.0000 1.0000 1.0000 1.0000 1.0000 0.6360 0.4006 0.2557
0.3991 0.6252 0.9924 1.0000 1.0000 1.0000 1.0000 1.0000 1.0000 1.0000 1.0000 1.0000 0.0000 0.0000 0.0001 0.0001 0.0002 0.0003 0.0005 0.0008 0.0012 0.0020 0.0031 0.0049 0.0077 0.0122 0.0193 0.0304 0.0481 0.0759 0.1195 0.1883 0.2961 0.4656 0.7321 1.0000 1.0000 1.0000 1.0000 1.0000 1.0000 1.0000 1.0000 1.0000 1.0000 0.0000 0.0000 0.0001 0.0001 0.0002 0.0002 0.0002 0.0001 0.0001 0.0000 0.0000 1.0000 1.0000 1.0000 1.0000 1.0000 1.0000 1.0000 1.0000 1.0000 1.0000 0.7321 0.4656 0.2961 0.1883 0.1195 0.0759 0.0481 0.0304 0.0193 0.0122 0.0077 0.0049 0.0031 0.0020 0.0012 0.0008 0.0005 0.0003 0.0002 0.0001 0.0001 0.0000 0.0000 1.0000 1.0000 1.0000 1.0000 1.0000 1.0000 1.0000 1.0000 1.0000 0.9924 0.6252 0.3991
0.6228 0.9774 1.0000 1.0000 1.0000 1.0000 1.0000 1.0000 1.0000 1.0000 1.0000 0.0000 0.0000 0.0001 0.0001 0.0002 0.0003 0.0005 0.0008 0.0012 0.0019 0.0030 0.0048 0.0076 0.0121 0.0191 0.0302 0.0478 0.0754 0.1191 0.1876 0.2955 0.4656 0.7335 1.0000 1.0000 1.0000 1.0000 1.0000 1.0000 1.0000 1.0000 1.0000 1.0000 0.0000 0.0000 0.0001 0.0001 0.0002 0.0002 0.0003 0.0002 0.0002 0.0001 0.0001 0.0000 0.0000 1.0000 1.0000 1.0000 1.0000 1.0000 1.0000 1.0000 1.0000 1.0000 1.0000 0.7335 0.4656 0.2955 0.1876 0.1191 0.0754 0.0478 0.0302 0.0191 0.0121 0.0076 0.0048 0.0030 0.0019 0.0012 0.0008 0.0005 0.0003 0.0002 0.0001 0.0001 0.0000 0.0000 1.0000 1.0000 1.0000 1.0000 1.0000 1.0000 1.0000 1.0000 1.0000 0.9774 0.6228
0.9737 1.0000 1.0000 1.0000 1.0000 1.0000 1.0000 1.0000 1.0000 1.0000 0.0000 0.0000 0.0001 0.0001 0.0002 0.0003 0.0005 0.0008 0.0012 0.0019 0.0030 0.0048 0.0075 0.0119 0.0189 0.0299 0.0473 0.0749 0.1184 0.1869 0.2944 0.4647 0.7321 1.0000 1.0000 1.0000 1.0000 1.0000 1.0000 1.0000 1.0000 1.0000 1.0000 0.0000 0.0001 0.0001 0.0001 0.0002 0.0003 0.0004 0.0005 0.0004 0.0003 0.0002 0.0001 0.0001 0.0001 0.0000 1.0000 1.0000 1.0000 1.0000 1.0000 1.0000 1.0000 1.0000 1.0000 1.0000 0.7321 0.4647 0.2944 0.1869 0.1184 0.0749 0.0473 0.0299 0.0189 0.0119 0.0075 0.0048 0.0030 0.0019 0.0012 0.0008 0.0005 0.0003 0.0002 0.0001 0.0001 0.0000 0.0000 1.0000 1.0000 1.0000 1.0000 1.0000 1.0000 1.0000 1.0000 1.0000 0.9737
1.0000 1.0000 1.0000 1.0000 1.0000 1.0000 1.0000 1.0000 1.0000 0.0000 0.0000 0.0001 0.0001 0.0002 0.0003 0.0005 0.0007 0.0012 0.0019 0.0030 0.0047 0.0074 0.0118 0.0187 0.0296 0.0469 0.0741 0.1173 0.1854 0.2927 0.4620 0.7293 1.0000 1.0000 1.0000 1.0000 1.0000 1.0000 1.0000 1.0000 1.0000 1.0000 0.0000 0.0001 0.0001 0.0001 0.0002 0.0003 0.0004 0.0006 0.0007 0.0006 0.0004 0.0003 0.0002 0.0001 0.0001 0.0001 0.0000 1.0000 1.0000 1.0000 1.0000 1.0000 1.0000 1.0000 1.0000 1.0000 1.0000 0.7293 0.4620 0.2927 0.1854 0.1173 0.0741 0.0469 0.0296 0.0187 0.0118 0.0074 0.0047 0.0030 0.0019 0.0012 0.0007 0.0005 0.0003 0.0002 0.0001 0.0001 0.0000 0.0000 1.0000 1.0000 1.0000 1.0000 1.0000 1.0000 1.0000 1.0000 1.0000
1.0000 1.0000 1.0000 1.0000 1.0000 1.0000 1.0000 1.0000 0.0000 0.0000 0.0001 0.0001 0.0002 0.0003 0.0005 0.0007 0.0012 0.0018 0.0029 0.0046 0.0073 0.0116 0.0184 0.0292 0.0463 0.0733 0.1159 0.1833 0.2899 0.4585 0.7251 1.0000 1.0000 1.0000 1.0000 1.0000 1.0000 1.0000 1.0000 1.0000 1.0000 0.0000 0.0001 0.0001 0.0001 0.0002 0.0003 0.0005 0.0007 0.0010 0.0011 0.0010 0.0007 0.0005 0.0003 0.0002 0.0001 0.0001 0.0001 0.0000 1.0000 1.0000 1.0000 1.0000 1.0000 1.0000 1.0000 1.0000 1.0000 1.0000 0.7251 0.4585 0.2899 0.1833 0.1159 0.0733 0.0463 0.0292 0.0184 0.0116 0.0073 0.0046 0.0029 0.0018 0.0012 0.0007 0.0005 0.0003 0.0002 0.0001 0.0001 0.0000 0.0000 1.0000 1.0000 1.0000 1.0000 1.0000 1.0000 1.0000 1.0000
1.0000 1.0000 1.0000 1.0000 1.0000 1.0000 1.0000 0.0000 0.0000 0.0001 0.0001 0.0002 0.0003 0.0005 0.0007 0.0011 0.0018 0.0029 0.0045 0.0072 0.0114 0.0182 0.0288 0.0457 0.0723 0.1144 0.1813 0.2872 0.4542 0.7183 1.0000 1.0000 1.0000 1.0000 1.0000 1.0000 1.0000 1.0000 1.0000 1.0000 0.0000 0.0001 0.0001 0.0001 0.0002 0.0003 0.0005 0.0007 0.0011 0.0016 0.0018 0.0016 0.0011 0.0007 0.0005 0.0003 0.0002 0.0001 0.0001 0.0001 0.0000 1.0000 1.0000 1.0000 1.0000 1.0000 1.0000 1.0000 1.0000 1.0000 1.0000 0.7183 0.4542 0.2872 0.1813 0.1144 0.0723 0.0457 0.0288 0.0182 0.0114 0.0072 0.0045 0.0029 0.0018 0.0011 0.0007 0.0005 0.0003 0.0002 0.0001 0.0001 0.0000 0.0000 1.0000 1.0000 1.0000 1.0000 1.0000 1.0000 1.0000
1.0000 1.0000 1.0000 1.0000 1.0000 1.0000 0.0000 0.0000 0.0001 0.0001 0.0002 0.0003 0.0004 0.0007 0.0011 0.0018 0.0028 0.0045 0.0071 0.0112 0.0178 0.0283 0.0450 0.0712 0.1129 0.1789 0.2834 0.4490 0.7101 1.0000 1.0000 1.0000 1.0000 1.0000 1.0000 1.0000 1.0000 1.0000 1.0000 0.0000 0.0001 0.0001 0.0001 0.0002 0.0003 0.0005 0.0008 0.0012 0.0018 0.0025 0.0029 0.0025 0.0018 0.0012 0.0008 0.0005 0.0003 0.0002 0.0001 0.0001 0.0001 0.0000 1.0000 1.0000 1.0000 1.0000 1.0000 1.0000 1.0000 1.0000 1.0000 1.0000 0.7101 0.4490 0.2834 0.1789 0.1129 0.0712 0.0450 0.0283 0.0178 0.0112 0.0071 0.0045 0.0028 0.0018 0.0011 0.0007 0.0004 0.0003 0.0002 0.0001 0.0001 0.0000 0.0000 1.0000 1.0000 1.0000 1.0000 1.0000 1.0000
1.0000 1.0000 1.0000 1.0000 1.0000 0.0000 0.0000 0.0001 0.0001 0.0002 0.0003 0.0004 0.0007 0.0011 0.0017 0.0028 0.0044 0.0070 0.0110 0.0175 0.0278 0.0442 0.0702 0.1112 0.1765 0.2797 0.4431 0.7021 1.0000 1.0000 1.0000 1.0000 1.0000 1.0000 1.0000 1.0000 1.0000 1.0000 0.0000 0.0001 0.0001 0.0001 0.0002 0.0003 0.0005 0.0008 0.0012 0.0019 0.0028 0.0039 0.0045 0.0039 0.0028 0.0019 0.0012 0.0008 0.0005 0.0003 0.0002 0.0001 0.0001 0.0001 0.0000 1.0000 1.0000 1.0000 1.0000 1.0000 1.0000 1.0000 1.0000 1.0000 1.0000 0.7021 0.4431 0.2797 0.1765 0.1112 0.0702 0.0442 0.0278 0.0175 0.0110 0.0070 0.0044 0.0028 0.0017 0.0011 0.0007 0.0004 0.0003 0.0002 0.0001 0.0001 0.0000 0.0000 1.0000 1.0000 1.0000 1.0000 1.0000
1.0000 1.0000 1.0000 1.0000 0.0000 0.0000 0.0001 0.0001 0.0002 0.0003 0.0004 0.0007 0.0011 0.0017 0.0027 0.0043 0.0069 0.0109 0.0173 0.0274 0.0435 0.0690 0.1095 0.1735 0.2754 0.4364 0.6928 1.0000 1.0000 1.0000 1.0000 1.0000 1.0000 1.0000 1.0000 1.0000 1.0000 0.0000 0.0001 0.0001 0.0001 0.0002 0.0003 0.0005 0.0008 0.0012 0.0019 0.0029 0.0045 0.0062 0.0072 0.0062 0.0045 0.0029 0.0019 0.0012 0.0008 0.0005 0.0003 0.0002 0.0001 0.0001 0.0001 0.0000 1.0000 1.0000 1.0000 1.0000 1.0000 1.0000 1.0000 1.0000 1.0000 1.0000 0.6928 0.4364 0.2754 0.1735 0.1095 0.0690 0.0435 0.0274 0.0173 0.0109 0.0069 0.0043 0.0027 0.0017 0.0011 0.0007 0.0004 0.0003 0.0002 0.0001 0.0001 0.0000 0.0000 1.0000 1.0000 1.0000 1.0000
1.0000 1.0000 1.0000 0.0000 0.0000 0.0001 0.0001 0.0002 0.0003 0.0004 0.0007 0.0011 0.0017 0.0027 0.0042 0.0067 0.0107 0.0170 0.0270 0.0427 0.0678 0.1076 0.1709 0.2708 0.4298 0.6823 1.0000 1.0000 1.0000 1.0000 1.0000 1.0000 1.0000 1.0000 1.0000 1.0000 0.0000 0.0001 0.0001 0.0001 0.0002 0.0003 0.0005 0.0008 0.0012 0.0019 0.0030 0.0047 0.0070 0.0098 0.0114 0.0098 0.0070 0.0047 0.0030 0.0019 0.0012 0.0008 0.0005 0.0003 0.0002 0.0001 0.0001 0.0001 0.0000 1.0000 1.0000 1.0000 1.0000 1.0000 1.0000 1.0000 1.0000 1.0000 1.0000 0.6823 0.4298 0.2708 0.1709 0.1076 0.0678 0.0427 0.0270 0.0170 0.0107 0.0067 0.0042 0.0027 0.0017 0.0011 0.0007 0.0004 0.0003 0.0002 0.0001 0.0001 0.0000 0.0000 1.0000 1.0000 1.0000
1.0000 1.0000 0.0000 0.0000 0.0001 0.0001 0.0002 0.0003 0.0004 0.0007 0.0010 0.0017 0.0026 0.0042 0.0066 0.0105 0.0167 0.0265 0.0421 0.0667 0.1058 0.1680 0.2667 0.4225 0.6707 1.0000 1.0000 1.0000 1.0000 1.0000 1.0000 1.0000 1.0000 1.0000 1.0000 0.0000 0.0001 0.0001 0.0001 0.0002 0.0003 0.0005 0.0008 0.0012 0.0019 0.0030 0.0047 0.0073 0.0111 0.0155 0.0179 0.0155 0.0111 0.0073 0.0047 0.0030 0.0019 0.0012 0.0008 0.0005 0.0003 0.0002 0.0001 0.0001 0.0001 0.0000 1.0000 1.0000 1.0000 1.0000 1.0000 1.0000 1.0000 1.0000 1.0000 1.0000 0.6707 0.4225 0.2667 0.1680 0.1058 0.0667 0.0421 0.0265 0.0167 0.0105 0.0066 0.0042 0.0026 0.0017 0.0010 0.0007 0.0004 0.0003 0.0002 0.0001 0.0001 0.0000 0.0000 1.0000 1.0000
1.0000 0.0000 0.0000 0.0001 0.0001 0.0002 0.0003 0.0004 0.0006 0.0010 0.0016 0.0026 0.0041 0.0065 0.0104 0.0164 0.0261 0.0414 0.0657 0.1040 0.1651 0.2621 0.4161 0.6594 1.0000 1.0000 1.0000 1.0000 1.0000 1.0000 1.0000 1.0000 1.0000 1.0000 0.0000 0.0001 0.0001 0.0001 0.0002 0.0003 0.0005 0.0008 0.0012 0.0019 0.0030 0.0048 0.0075 0.0116 0.0175 0.0245 0.0284 0.0245 0.0175 0.0116 0.0075 0.0048 0.0030 0.0019 0.0012 0.0008 0.0005 0.0003 0.0002 0.0001 0.0001 0.0001 0.0000 1.0000 1.0000 1.0000 1.0000 1.0000 1.0000 1.0000 1.0000 1.0000 1.0000 0.6594 0.4161 0.2621 0.1651 0.1040 0.0657 0.0414 0.0261 0.0164 0.0104 0.0065 0.0041 0.0026 0.0016 0.0010 0.0006 0.0004 0.0003 0.0002 0.0001 0.0001 0.0000 0.0000 1.0000
0.0000 0.0000 0.0001 0.0001 0.0002 0.0003 0.0004 0.0006 0.0010 0.0016 0.0025 0.0040 0.0064 0.0102 0.0162 0.0256 0.0407 0.0645 0.1025 0.1623 0.2577 0.4091 0.6494 1.0000 1.0000 1.0000 1.0000 1.0000 1.0000 1.0000 1.0000 1.0000 1.0000 0.0000 0.0001 0.0001 0.0001 0.0002 0.0003 0.0005 0.0008 0.0012 0.0019 0.0030 0.0048 0.0075 0.0118 0.0183 0.0276 0.0387 0.0448 0.0387 0.0276 0.0183 0.0118 0.0075 0.0048 0.0030 0.0019 0.0012 0.0008 0.0005 0.0003 0.0002 0.0001 0.0001 0.0001 0.0000 1.0000 1.0000 1.0000 1.0000 1.0000 1.0000 1.0000 1.0000 1.0000 1.0000 0.6494 0.4091 0.2577 0.1623 0.1025 0.0645 0.0407 0.0256 0.0162 0.0102 0.0064 0.0040 0.0025 0.0016 0.0010 0.0006 0.0004 0.0003 0.0002 0.0001 0.0001 0.0000 0.0000
0.0000 0.0001 0.0001 0.0002 0.0002 0.0004 0.0006 0.0010 0.0016 0.0025 0.0040 0.0063 0.0100 0.0159 0.0252 0.0400 0.0634 0.1005 0.1596 0.2533 0.4021 0.6372 1.0000 1.0000 1.0000 1.0000 1.0000 1.0000 1.0000 1.0000 1.0000 1.0000 0.0000 0.0000 0.0001 0.0001 0.0002 0.0003 0.0005 0.0008 0.0012 0.0019 0.0030 0.0048 0.0075 0.0118 0.0185 0.0288 0.0435 0.0610 0.0706 0.0610 0.0435 0.0288 0.0185 0.0118 0.0075 0.0048 0.0030 0.0019 0.0012 0.0008 0.0005 0.0003 0.0002 0.0001 0.0001 0.0000 0.0000 1.0000 1.0000 1.0000 1.0000 1.0000 1.0000 1.0000 1.0000 1.0000 1.0000 0.6372 0.4021 0.2533 0.1596 0.1005 0.0634 0.0400 0.0252 0.0159 0.0100 0.0063 0.0040 0.0025 0.0016 0.0010 0.0006 0.0004 0.0002 0.0002 0.0001 0.0001 0.0000
0.0001 0.0001 0.0002 0.0002 0.0004 0.0006 0.0010 0.0015 0.0025 0.0039 0.0062 0.0098 0.0156 0.0247 0.0391 0.0621 0.0986 0.1566 0.2485 0.3938 0.6252 0.9924 1.0000 1.0000 1.0000 1.0000 1.0000 1.0000 1.0000 1.0000 1.0000 0.0000 0.0000 0.0001 0.0001 0.0002 0.0003 0.0005 0.0008 0.0012 0.0019 0.0030 0.0047 0.0075 0.0118 0.0185 0.0290 0.0451 0.0683 0.0959 0.1110 0.0959 0.0683 0.0451 0.0290 0.0185 0.0118 0.0075 0.0047 0.0030 0.0019 0.0012 0.0008 0.0005 0.0003 0.0002 0.0001 0.0001 0.0000 0.0000 1.0000 1.0000 1.0000 1.0000 1.0000 1.0000 1.0000 1.0000 1.0000 0.9924 0.6252 0.3938 0.2485 0.1566 0.0986 0.0621 0.0391 0.0247 0.0156 0.0098 0.0062 0.0039 0.0025 0.0015 0.0010 0.0006 0.0004 0.0002 0.0002 0.0001 0.0001
0.0001 0.0001 0.0002 0.0004 0.0006 0.0009 0.0015 0.0024 0.0038 0.0060 0.0095 0.0151 0.0240 0.0381 0.0605 0.0959 0.1522 0.2416 0.3835 0.6087 0.9645 1.0000 1.0000 1.0000 1.0000 1.0000 1.0000 1.0000 1.0000 1.0000 0.0000 0.0000 0.0001 0.0001 0.0002 0.0003 0.0005 0.0007 0.0012 0.0019 0.0029 0.0047 0.0073 0.0116 0.0183 0.0288 0.0451 0.0703 0.1064 0.1490 0.1722 0.1490 0.1064 0.0703 0.0451 0.0288 0.0183 0.0116 0.0073 0.0047 0.0029 0.0019 0.0012 0.0007 0.0005 0.0003 0.0002 0.0001 0.0001 0.0000 0.0000 1.0000 1.0000 1.0000 1.0000 1.0000 1.0000 1.0000 1.0000 1.0000 0.9663 0.6087 0.3835 0.2416 0.1522 0.0959 0.0604 0.0381 0.0240 0.0151 0.0095 0.0060 0.0038 0.0024 0.0015 0.0009 0.0006 0.0004 0.0002 0.0001 0.0001
0.0001 0.0002 0.0004 0.0006 0.0009 0.0014 0.0022 0.0036 0.0057 0.0090 0.0143 0.0227 0.0361 0.0573 0.0909 0.1443 0.2290 0.3629 0.5761 0.9145 1.0000 1.0000 1.0000 1.0000 1.0000 1.0000 1.0000 1.0000 1.0000 0.0000 0.0000 0.0001 0.0001 0.0002 0.0003 0.0004 0.0007 0.0011 0.0018 0.0028 0.0045 0.0070 0.0111 0.0175 0.0276 0.0435 0.0683 0.1064 0.1611 0.2251 0.2602 0.2251 0.1611 0.1064 0.0683 0.0435 0.0276 0.0175 0.0111 0.0070 0.0045 0.0028 0.0018 0.0011 0.0007 0.0004 0.0003 0.0002 0.0001 0.0001 0.0000 0.0000 1.0000 1.0000 1.0000 1.0000 1.0000 1.0000 1.0000 1.0000 1.0000 0.9145 0.5761 0.3629 0.2286 0.1443 0.0909 0.0573 0.0361 0.0227 0.0143 0.0090 0.0057 0.0036 0.0022 0.0014 0.0009 0.0006 0.0004 0.0002 0.0001
0.0002 0.0003 0.0005 0.0008 0.0012 0.0020 0.0031 0.0050 0.0079 0.0125 0.0199 0.0316 0.0502 0.0797 0.1265 0.2005 0.3183 0.5052 0.8020 1.0000 1.0000 1.0000 1.0000 1.0000 1.0000 1.0000 1.0000 1.0000 0.0000 0.0000 0.0001 0.0001 0.0002 0.0002 0.0004 0.0006 0.0010 0.0016 0.0025 0.0039 0.0062 0.0098 0.0155 0.0245 0.0387 0.0611 0.0959 0.1490 0.2251 0.3135 0.3608 0.3135 0.2251 0.1490 0.0959 0.0610 0.0387 0.0245 0.0155 0.0098 0.0062 0.0039 0.0025 0.0016 0.0010 0.0006 0.0004 0.0002 0.0002 0.0001 0.0001 0.0000 0.0000 1.0000 1.0000 1.0000 1.0000 1.0000 1.0000 1.0000 1.0000 1.0000 0.8020 0.5052 0.3183 0.2005 0.1265 0.0797 0.0502 0.0316 0.0199 0.0125 0.0079 0.0050 0.0031 0.0020 0.0012 0.0008 0.0005 0.0003 0.0002
0.0002 0.0003 0.0006 0.0009 0.0014 0.0023 0.0036 0.0057 0.0091 0.0144 0.0229 0.0364 0.0579 0.0918 0.1457 0.2312 0.3671 0.5827 0.9250 1.0000 1.0000 1.0000 1.0000 1.0000 1.0000 1.0000 1.0000 1.0000 0.0000 0.0000 0.0001 0.0001 0.0002 0.0003 0.0005 0.0007 0.0011 0.0018 0.0029 0.0045 0.0072 0.0114 0.0180 0.0284 0.0448 0.0706 0.1110 0.1722 0.2602 0.3608 0.4138 0.3608 0.2602 0.1722 0.1110 0.0706 0.0448 0.0284 0.0179 0.0114 0.0072 0.0045 0.0029 0.0018 0.0011 0.0007 0.0005 0.0003 0.0002 0.0001 0.0001 0.0000 0.0000 1.0000 1.0000 1.0000 1.0000 1.0000 1.0000 1.0000 1.0000 1.0000 0.9250 0.5827 0.3671 0.2312 0.1457 0.0918 0.0578 0.0364 0.0229 0.0144 0.0091 0.0057 0.0036 0.0023 0.0014 0.0009 0.0006 0.0003 0.0002
0.0002 0.0003 0.0005 0.0008 0.0012 0.0020 0.0031 0.0050 0.0079 0.0125 0.0199 0.0316 0.0502 0.0797 0.1265 0.2005 0.3183 0.5052 0.8020 1.0000 1.0000 1.0000 1.0000 1.0000 1.0000 1.0000 1.0000 1.0000 0.0000 0.0000 0.0001 0.0001 0.0002 0.0002 0.0004 0.0006 0.0010 0.0016 0.0025 0.0039 0.0062 0.0098 0.0155 0.0245 0.0387 0.0610 0.0959 0.1490 0.2251 0.3135 0.3608 0.3135 0.2251 0.1490 0.0959 0.0610 0.0387 0.0245 0.0155 0.0098 0.0062 0.0039 0.0025 0.0016 0.0010 0.0006 0.0004 0.0002 0.0002 0.0001 0.0001 0.0000 0.0000 1.0000 1.0000 1.0000 1.0000 1.0000 1.0000 1.0000 1.0000 1.0000 0.8020 0.5052 0.3183 0.2005 0.1265 0.0797 0.0502 0.0316 0.0199 0.0125 0.0079 0.0050 0.0031 0.0020 0.0012 0.0008 0.0005 0.0003 0.0002
0.0001 0.0002 0.0004 0.0006 0.0009 0.0014 0.0022 0.0036 0.0057 0.0090 0.0143 0.0227 0.0361 0.0573 0.0909 0.1443 0.2290 0.3629 0.5761 0.9145 1.0000 1.0000 1.0000 1.0000 1.0000 1.0000 1.0000 1.0000 1.0000 0.0000 0.0000 0.0001 0.0001 0.0002 0.0003 0.0004 0.0007 0.0011 0.0018 0.0028 0.0045 0.0070 0.0111 0.0175 0.0276 0.0435 0.0683 0.1064 0.1611 0.2251 0.2602 0.2251 0.1611 0.1064 0.0683 0.0435 0.0276 0.0175 0.0111 0.0070 0.0045 0.0028 0.0018 0.0011 0.0007 0.0004 0.0003 0.0002 0.0001 0.0001 0.0000 0.0000 1.0000 1.0000 1.0000 1.0000 1.0000 1.0000 1.0000 1.0000 1.0000 0.9145 0.5761 0.3629 0.2286 0.1443 0.0909 0.0573 0.0361 0.0227 0.0143 0.0090 0.0057 0.0036 0.0022 0.0014 0.0009 0.0006 0.0004 0.0002 0.0001
0.0001 0.0001 0.0002 0.0004 0.0006 0.0009 0.0015 0.0024 0.0038 0.0060 0.0095 0.0151 0.0240 0.0381 0.0605 0.0959 0.1522 0.2416 0.3835 0.6087 0.9645 1.0000 1.0000 1.0000 1.0000 1.0000 1.0000 1.0000 1.0000 1.0000 0.0000 0.0000 0.0001 0.0001 0.0002 0.0003 0.0005 0.0007 0.0012 0.0019 0.0029 0.0047 0.0073 0.0116 0.0183 0.0288 0.0451 0.0703 0.1064 0.1490 0.1722 0.1490 0.1064 0.0703 0.0451 0.0288 0.0183 0.0116 0.0073 0.0047 0.0029 0.0019 0.0012 0.0007 0.0005 0.0003 0.0002 0.0001 0.0001 0.0000 0.0000 1.0000 1.0000 1.0000 1.0000 1.0000 1.0000 1.0000 1.0000 1.0000 0.9663 0.6087 0.3835 0.2416 0.1522 0.0959 0.0604 0.0381 0.0240 0.0151 0.0095 0.0060 0.0038 0.0024 0.0015 0.0009 0.0006 0.0004 0.0002 0.0001 0.0001
0.0001 0.0001 0.0002 0.0002 0.0004 0.0006 0.0010 0.0015 0.0025 0.0039 0.0062 0.0098 0.0156 0.0247 0.0391 0.0621 0.0986 0.1566 0.2485 0.3938 0.6252 0.9924 1.0000 1.0000 1.0000 1.0000 1.0000 1.0000 1.0000 1.0000 1.0000 0.0000 0.0000 0.0001 0.0001 0.0002 0.0003 0.0005 0.0008 0.0012 0.0019 0.0030 0.0047 0.0075 0.0118 0.0185 0.0290 0.0451 0.0683 0.0959 0.1110 0.0959 0.0683 0.0451 0.0290 0.0185 0.0118 0.0075 0.0047 0.0030 0.0019 0.0012 0.0008 0.0005 0.0003 0.0002 0.0001 0.0001 0.0000 0.0000 1.0000 1.0000 1.0000 1.0000 1.0000 1.0000 1.0000 1.0000 1.0000 0.9924 0.6252 0.3938 0.2485 0.1566 0.0986 0.0621 0.0391 0.0247 0.0156 0.0098 0.0062 0.0039 0.0025 0.0015 0.0010 0.0006 0.0004 0.0002 0.0002 0.0001 0.0001
0.0000 0.0001 0.0001 0.0002 0.0002 0.0004 0.0006 0.0010 0.0016 0.0025 0.0040 0.0063 0.0100 0.0159 0.0252 0.0400 0.0634 0.1005 0.1596 0.2533 0.4021 0.6372 1.0000 1.0000 1.0000 1.0000 1.0000 1.0000 1.0000 1.0000 1.0000 1.0000 0.0000 0.0000 0.0001 0.0001 0.0002 0.0003 0.0005 0.0008 0.0012 0.0019 0.0030 0.0048 0.0075 0.0118 0.0185 0.0288 0.0435 0.0610 0.0706 0.0610 0.0435 0.0288 0.0185 0.0118 0.0075 0.0048 0.0030 0.0019 0.0012 0.0008 0.0005 0.0003 0.0002 0.0001 0.0001 0.0000 0.0000 1.0000 1.0000 1.0000 1.0000 1.0000 1.0000 1.0000 1.0000 1.0000 1.0000 0.6372 0.4021 0.2533 0.1596 0.1005 0.0634 0.0400 0.0252 0.0159 0.0100 0.0063 0.0040 0.0025 0.0016 0.0010 0.0006 0.0004 0.0002 0.0002 0.0001 0.0001 0.0000
