0.2456 0.2267 0.1273 -0.0391 -0.1164 -0.1534 -0.1790 -0.1997 -0.2179 -0.2347 -0.2507 -0.2663 -0.2815 -0.2963 -0.3109 -0.3249 -0.3381 -0.3500 -0.3600 -0.3672 -0.3699 -0.3659 -0.3512 -0.3192 -0.2590 -0.1625 -0.0607 0.0058 0.0487 0.0829 0.1141 0.1455 0.1782 0.2108 0.2334 0.2130 0.0714 -0.0696 -0.1293 -0.1618 -0.1856 -0.2053 -0.2230 -0.2396 -0.2554 -0.2708 -0.2857 -0.2999 -0.3127 -0.3224 -0.3263 -0.3224 -0.3127 -0.2999 -0.2857 -0.2708 -0.2554 -0.2396 -0.2230 -0.2053 -0.1856 -0.1618 -0.1293 -0.0696 0.0714 0.2130 0.2334 0.2108 0.1782 0.1455 0.1141 0.0829 0.0487 0.0058 -0.0607 -0.1625 -0.2590 -0.3192 -0.3512 -0.3659 -0.3699 -0.3672 -0.3600 -0.3500 -0.3381 -0.3249 -0.3109 -0.2963 -0.2815 -0.2663 -0.2507 -0.2347 -0.2179 -0.1997 -0.1790 -0.1534 -0.1164 -0.0391 0.1273 0.2267 0.2456
0.2267 0.1197 -0.0436 -0.1221 -0.1569 -0.1817 -0.2019 -0.2198 -0.2364 -0.2522 -0.2675 -0.2825 -0.2971 -0.3113 -0.3248 -0.3374 -0.3486 -0.3576 -0.3633 -0.3642 -0.3577 -0.3397 -0.3033 -0.2385 -0.1427 -0.0522 0.0055 0.0444 0.0766 0.1062 0.1359 0.1668 0.1974 0.2191 0.2004 0.0627 -0.0756 -0.1344 -0.1651 -0.1881 -0.2075 -0.2249 -0.2412 -0.2568 -0.2720 -0.2868 -0.3012 -0.3147 -0.3267 -0.3358 -0.3394 -0.3358 -0.3267 -0.3147 -0.3012 -0.2868 -0.2720 -0.2568 -0.2412 -0.2249 -0.2075 -0.1881 -0.1651 -0.1344 -0.0756 0.0627 0.2004 0.2191 0.1974 0.1668 0.1359 0.1062 0.0766 0.0444 0.0055 -0.0522 -0.1427 -0.2385 -0.3033 -0.3397 -0.3577 -0.3642 -0.3633 -0.3576 -0.3486 -0.3374 -0.3248 -0.3113 -0.2971 -0.2825 -0.2675 -0.2522 -0.2364 -0.2198 -0.2019 -0.1817 -0.1569 -0.1221 -0.0436 0.1197 0.2267
0.1273 -0.0436 -0.1226 -0.1575 -0.1822 -0.2025 -0.2203 -0.2369 -0.2527 -0.2681 -0.2830 -0.2976 -0.3118 -0.3253 -0.3379 -0.3490 -0.3579 -0.3635 -0.3641 -0.3573 -0.3387 -0.3015 -0.2355 -0.1389 -0.0495 0.0072 0.0457 0.0777 0.1073 0.1371 0.1679 0.1985 0.2194 0.1981 0.0558 -0.0790 -0.1357 -0.1660 -0.1889 -0.2081 -0.2255 -0.2418 -0.2574 -0.2726 -0.2874 -0.3019 -0.3157 -0.3286 -0.3398 -0.3480 -0.3513 -0.3480 -0.3398 -0.3286 -0.3157 -0.3019 -0.2874 -0.2726 -0.2574 -0.2418 -0.2255 -0.2081 -0.1889 -0.1660 -0.1357 -0.0790 0.0558 0.1981 0.2194 0.1985 0.1679 0.1371 0.1073 0.0777 0.0457 0.0072 -0.0495 -0.1389 -0.2355 -0.3015 -0.3387 -0.3573 -0.3641 -0.3635 -0.3579 -0.3490 -0.3379 -0.3253 -0.3118 -0.2976 -0.2830 -0.2681 -0.2527 -0.2369 -0.2203 -0.2025 -0.1822 -0.1575 -0.1226 -0.0436 0.1273
-0.0391 -0.1221 -0.1575 -0.1824 -0.2028 -0.2207 -0.2374 -0.2532 -0.2685 -0.2835 -0.2981 -0.3123 -0.3258 -0.3383 -0.3494 -0.3581 -0.3636 -0.3640 -0.3569 -0.3377 -0.2996 -0.2324 -0.1351 -0.0469 0.0088 0.0469 0.0788 0.1084 0.1382 0.1691 0.1996 0.2197 0.1956 0.0491 -0.0824 -0.1371 -0.1670 -0.1896 -0.2088 -0.2261 -0.2423 -0.2580 -0.2731 -0.2880 -0.3024 -0.3164 -0.3295 -0.3413 -0.3511 -0.3580 -0.3606 -0.3580 -0.3511 -0.3413 -0.3295 -0.3164 -0.3024 -0.2880 -0.2731 -0.2580 -0.2423 -0.2261 -0.2088 -0.1896 -0.1670 -0.1371 -0.0824 0.0491 0.1956 0.2197 0.1996 0.1691 0.1382 0.1084 0.0788 0.0469 0.0088 -0.0469 -0.1351 -0.2324 -0.2996 -0.3377 -0.3569 -0.3640 -0.3636 -0.3581 -0.3494 -0.3383 -0.3258 -0.3123 -0.2981 -0.2835 -0.2685 -0.2532 -0.2374 -0.2207 -0.2028 -0.1824 -0.1575 -0.1221 -0.0391
-0.1164 -0.1569 -0.1822 -0.2028 -0.2209 -0.2376 -0.2535 -0.2689 -0.2839 -0.2986 -0.3127 -0.3262 -0.3387 -0.3497 -0.3584 -0.3637 -0.3639 -0.3564 -0.3367 -0.2977 -0.2292 -0.1313 -0.0442 0.0104 0.0482 0.0799 0.1095 0.1393 0.1703 0.2006 0.2199 0.1930 0.0426 -0.0856 -0.1384 -0.1679 -0.1904 -0.2095 -0.2267 -0.2429 -0.2585 -0.2737 -0.2885 -0.3030 -0.3169 -0.3301 -0.3421 -0.3523 -0.3599 -0.3645 -0.3660 -0.3645 -0.3599 -0.3523 -0.3421 -0.3301 -0.3169 -0.3030 -0.2885 -0.2737 -0.2585 -0.2429 -0.2267 -0.2095 -0.1904 -0.1679 -0.1384 -0.0856 0.0426 0.1930 0.2199 0.2006 0.1703 0.1393 0.1095 0.0799 0.0482 0.0104 -0.0442 -0.1313 -0.2292 -0.2977 -0.3367 -0.3564 -0.3639 -0.3637 -0.3584 -0.3497 -0.3387 -0.3262 -0.3127 -0.2986 -0.2839 -0.2689 -0.2535 -0.2376 -0.2209 -0.2028 -0.1822 -0.1569 -0.1164
-0.1534 -0.1817 -0.2025 -0.2207 -0.2376 -0.2536 -0.2691 -0.2842 -0.2989 -0.3131 -0.3266 -0.3391 -0.3501 -0.3587 -0.3638 -0.3638 -0.3559 -0.3357 -0.2957 -0.2259 -0.1275 -0.0416 0.0121 0.0495 0.0810 0.1106 0.1405 0.1714 0.2016 0.2201 0.1902 0.0360 -0.0887 -0.1397 -0.1688 -0.1911 -0.2101 -0.2273 -0.2435 -0.2591 -0.2742 -0.2891 -0.3035 -0.3174 -0.3306 -0.3426 -0.3529 -0.3606 -0.3648 -0.3658 -0.3655 -0.3658 -0.3648 -0.3606 -0.3529 -0.3426 -0.3306 -0.3174 -0.3035 -0.2891 -0.2742 -0.2591 -0.2435 -0.2273 -0.2101 -0.1911 -0.1688 -0.1397 -0.0887 0.0360 0.1902 0.2201 0.2016 0.1714 0.1405 0.1106 0.0810 0.0495 0.0121 -0.0416 -0.1275 -0.2259 -0.2957 -0.3357 -0.3559 -0.3638 -0.3638 -0.3587 -0.3501 -0.3391 -0.3266 -0.3131 -0.2989 -0.2842 -0.2691 -0.2536 -0.2376 -0.2207 -0.2025 -0.1817 -0.1534
-0.1790 -0.2019 -0.2203 -0.2374 -0.2535 -0.2691 -0.2843 -0.2991 -0.3134 -0.3269 -0.3394 -0.3503 -0.3589 -0.3639 -0.3637 -0.3554 -0.3346 -0.2938 -0.2226 -0.1237 -0.0391 0.0136 0.0507 0.0822 0.1117 0.1416 0.1726 0.2027 0.2202 0.1872 0.0295 -0.0918 -0.1410 -0.1698 -0.1919 -0.2108 -0.2280 -0.2441 -0.2597 -0.2748 -0.2896 -0.3040 -0.3179 -0.3311 -0.3431 -0.3533 -0.3609 -0.3647 -0.3637 -0.3589 -0.3555 -0.3589 -0.3637 -0.3647 -0.3609 -0.3533 -0.3431 -0.3311 -0.3179 -0.3040 -0.2896 -0.2748 -0.2597 -0.2441 -0.2280 -0.2108 -0.1919 -0.1698 -0.1410 -0.0918 0.0295 0.1872 0.2202 0.2027 0.1726 0.1416 0.1117 0.0822 0.0507 0.0136 -0.0391 -0.1237 -0.2226 -0.2938 -0.3346 -0.3554 -0.3637 -0.3639 -0.3589 -0.3503 -0.3394 -0.3269 -0.3134 -0.2991 -0.2843 -0.2691 -0.2535 -0.2374 -0.2203 -0.2019 -0.1790
-0.1997 -0.2198 -0.2369 -0.2532 -0.2689 -0.2842 -0.2991 -0.3135 -0.3271 -0.3396 -0.3505 -0.3591 -0.3640 -0.3636 -0.3550 -0.3337 -0.2919 -0.2195 -0.1200 -0.0367 0.0152 0.0520 0.0833 0.1128 0.1427 0.1738 0.2037 0.2202 0.1841 0.0231 -0.0949 -0.1423 -0.1707 -0.1927 -0.2115 -0.2286 -0.2447 -0.2602 -0.2754 -0.2902 -0.3046 -0.3185 -0.3316 -0.3435 -0.3536 -0.3611 -0.3646 -0.3625 -0.3534 -0.3390 -0.3305 -0.3390 -0.3534 -0.3625 -0.3646 -0.3611 -0.3536 -0.3435 -0.3316 -0.3185 -0.3046 -0.2902 -0.2754 -0.2602 -0.2447 -0.2286 -0.2115 -0.1927 -0.1707 -0.1423 -0.0949 0.0231 0.1841 0.2202 0.2037 0.1738 0.1427 0.1128 0.0833 0.0520 0.0152 -0.0367 -0.1200 -0.2195 -0.2919 -0.3337 -0.3550 -0.3636 -0.3640 -0.3591 -0.3505 -0.3396 -0.3271 -0.3135 -0.2991 -0.2842 -0.2689 -0.2532 -0.2369 -0.2198 -0.1997
-0.2179 -0.2364 -0.2527 -0.2685 -0.2839 -0.2989 -0.3134 -0.3271 -0.3397 -0.3507 -0.3592 -0.3641 -0.3635 -0.3547 -0.3328 -0.2902 -0.2166 -0.1167 -0.0344 0.0167 0.0532 0.0844 0.1139 0.1438 0.1749 0.2047 0.2202 0.1808 0.0170 -0.0978 -0.1435 -0.1716 -0.1934 -0.2121 -0.2292 -0.2453 -0.2608 -0.2759 -0.2907 -0.3051 -0.3190 -0.3320 -0.3439 -0.3540 -0.3613 -0.3646 -0.3619 -0.3505 -0.3280 -0.2977 -0.2804 -0.2977 -0.3280 -0.3505 -0.3619 -0.3646 -0.3613 -0.3540 -0.3439 -0.3320 -0.3190 -0.3051 -0.2907 -0.2759 -0.2608 -0.2453 -0.2292 -0.2121 -0.1934 -0.1716 -0.1435 -0.0978 0.0170 0.1808 0.2202 0.2047 0.1749 0.1438 0.1139 0.0844 0.0532 0.0167 -0.0344 -0.1167 -0.2166 -0.2902 -0.3328 -0.3547 -0.3635 -0.3641 -0.3592 -0.3507 -0.3397 -0.3271 -0.3134 -0.2989 -0.2839 -0.2685 -0.2527 -0.2364 -0.2179
-0.2347 -0.2522 -0.2681 -0.2835 -0.2986 -0.3131 -0.3269 -0.3396 -0.3507 -0.3592 -0.3641 -0.3634 -0.3544 -0.3321 -0.2888 -0.2141 -0.1138 -0.0324 0.0181 0.0544 0.0855 0.1150 0.1450 0.1761 0.2056 0.2201 0.1773 0.0110 -0.1007 -0.1447 -0.1725 -0.1941 -0.2128 -0.2298 -0.2459 -0.2614 -0.2765 -0.2912 -0.3056 -0.3195 -0.3325 -0.3443 -0.3543 -0.3615 -0.3646 -0.3615 -0.3491 -0.3227 -0.2782 -0.2232 -0.1941 -0.2232 -0.2782 -0.3227 -0.3491 -0.3615 -0.3646 -0.3615 -0.3543 -0.3443 -0.3325 -0.3195 -0.3056 -0.2912 -0.2765 -0.2614 -0.2459 -0.2298 -0.2128 -0.1941 -0.1725 -0.1447 -0.1007 0.0110 0.1773 0.2201 0.2056 0.1761 0.1450 0.1150 0.0855 0.0544 0.0181 -0.0324 -0.1138 -0.2141 -0.2888 -0.3321 -0.3544 -0.3634 -0.3641 -0.3592 -0.3507 -0.3396 -0.3269 -0.3131 -0.2986 -0.2835 -0.2681 -0.2522 -0.2347
-0.2507 -0.2675 -0.2830 -0.2981 -0.3127 -0.3266 -0.3394 -0.3505 -0.3592 -0.3641 -0.3634 -0.3542 -0.3317 -0.2877 -0.2121 -0.1113 -0.0307 0.0192 0.0554 0.0864 0.1160 0.1461 0.1773 0.2066 0.2200 0.1734 0.0050 -0.1035 -0.1460 -0.1734 -0.1949 -0.2135 -0.2304 -0.2465 -0.2620 -0.2770 -0.2918 -0.3061 -0.3200 -0.3330 -0.3447 -0.3546 -0.3617 -0.3646 -0.3612 -0.3481 -0.3199 -0.2692 -0.1933 -0.1184 -0.0881 -0.1184 -0.1933 -0.2692 -0.3199 -0.3481 -0.3612 -0.3646 -0.3617 -0.3546 -0.3447 -0.3330 -0.3200 -0.3061 -0.2918 -0.2770 -0.2620 -0.2465 -0.2304 -0.2135 -0.1949 -0.1734 -0.1460 -0.1035 0.0050 0.1734 0.2200 0.2066 0.1773 0.1461 0.1160 0.0864 0.0554 0.0192 -0.0307 -0.1113 -0.2121 -0.2877 -0.3317 -0.3542 -0.3634 -0.3641 -0.3592 -0.3505 -0.3394 -0.3266 -0.3127 -0.2981 -0.2830 -0.2675 -0.2507
-0.2663 -0.2825 -0.2976 -0.3123 -0.3262 -0.3391 -0.3503 -0.3591 -0.3641 -0.3634 -0.3542 -0.3315 -0.2871 -0.2108 -0.1096 -0.0294 0.0202 0.0562 0.0873 0.1169 0.1471 0.1783 0.2075 0.2197 0.1689 -0.0008 -0.1062 -0.1471 -0.1743 -0.1956 -0.2141 -0.2311 -0.2471 -0.2625 -0.2776 -0.2923 -0.3067 -0.3205 -0.3334 -0.3451 -0.3549 -0.3619 -0.3646 -0.3609 -0.3473 -0.3180 -0.2645 -0.1803 -0.0891 -0.0323 -0.0137 -0.0323 -0.0891 -0.1803 -0.2645 -0.3180 -0.3473 -0.3609 -0.3646 -0.3619 -0.3549 -0.3451 -0.3334 -0.3205 -0.3067 -0.2923 -0.2776 -0.2625 -0.2471 -0.2311 -0.2141 -0.1956 -0.1743 -0.1471 -0.1062 -0.0008 0.1689 0.2197 0.2075 0.1783 0.1471 0.1169 0.0873 0.0562 0.0202 -0.0294 -0.1096 -0.2108 -0.2871 -0.3315 -0.3542 -0.3634 -0.3641 -0.3591 -0.3503 -0.3391 -0.3262 -0.3123 -0.2976 -0.2825 -0.2663
-0.2815 -0.2971 -0.3118 -0.3258 -0.3387 -0.3501 -0.3589 -0.3640 -0.3635 -0.3544 -0.3317 -0.2871 -0.2104 -0.1087 -0.0285 0.0209 0.0569 0.0880 0.1177 0.1479 0.1792 0.2082 0.2194 0.1641 -0.0061 -0.1084 -0.1483 -0.1751 -0.1963 -0.2148 -0.2317 -0.2476 -0.2631 -0.2782 -0.2929 -0.3072 -0.3210 -0.3339 -0.3455 -0.3553 -0.3621 -0.3646 -0.3606 -0.3465 -0.3164 -0.2612 -0.1738 -0.0781 -0.0149 0.0196 0.0320 0.0196 -0.0149 -0.0781 -0.1738 -0.2612 -0.3164 -0.3465 -0.3606 -0.3646 -0.3621 -0.3553 -0.3455 -0.3339 -0.3210 -0.3072 -0.2929 -0.2782 -0.2631 -0.2476 -0.2317 -0.2148 -0.1963 -0.1751 -0.1483 -0.1084 -0.0061 0.1641 0.2194 0.2082 0.1792 0.1479 0.1177 0.0880 0.0569 0.0209 -0.0285 -0.1087 -0.2104 -0.2871 -0.3317 -0.3544 -0.3635 -0.3640 -0.3589 -0.3501 -0.3387 -0.3258 -0.3118 -0.2971 -0.2815
-0.2963 -0.3113 -0.3253 -0.3383 -0.3497 -0.3587 -0.3639 -0.3636 -0.3547 -0.3321 -0.2877 -0.2108 -0.1087 -0.0283 0.0212 0.0573 0.0885 0.1182 0.1486 0.1800 0.2089 0.2191 0.1596 -0.0108 -0.1101 -0.1494 -0.1760 -0.1971 -0.2154 -0.2323 -0.2482 -0.2637 -0.2787 -0.2934 -0.3077 -0.3215 -0.3343 -0.3459 -0.3556 -0.3623 -0.3646 -0.3603 -0.3457 -0.3149 -0.2583 -0.1691 -0.0728 -0.0084 0.0310 0.0568 0.0671 0.0568 0.0310 -0.0084 -0.0728 -0.1691 -0.2583 -0.3149 -0.3457 -0.3603 -0.3646 -0.3623 -0.3556 -0.3459 -0.3343 -0.3215 -0.3077 -0.2934 -0.2787 -0.2637 -0.2482 -0.2323 -0.2154 -0.1971 -0.1760 -0.1494 -0.1101 -0.0108 0.1596 0.2191 0.2089 0.1800 0.1486 0.1182 0.0885 0.0573 0.0212 -0.0283 -0.1087 -0.2108 -0.2877 -0.3321 -0.3547 -0.3636 -0.3639 -0.3587 -0.3497 -0.3383 -0.3253 -0.3113 -0.2963
-0.3109 -0.3248 -0.3379 -0.3494 -0.3584 -0.3638 -0.3637 -0.3550 -0.3328 -0.2888 -0.2121 -0.1096 -0.0285 0.0212 0.0575 0.0887 0.1186 0.1491 0.1806 0.2094 0.2188 0.1556 -0.0149 -0.1117 -0.1504 -0.1767 -0.1977 -0.2160 -0.2329 -0.2488 -0.2642 -0.2793 -0.2940 -0.3083 -0.3220 -0.3348 -0.3463 -0.3559 -0.3624 -0.3646 -0.3600 -0.3449 -0.3133 -0.2556 -0.1651 -0.0691 -0.0052 0.0354 0.0662 0.0888 0.0983 0.0888 0.0662 0.0354 -0.0052 -0.0691 -0.1651 -0.2556 -0.3133 -0.3449 -0.3600 -0.3646 -0.3624 -0.3559 -0.3463 -0.3348 -0.3220 -0.3083 -0.2940 -0.2793 -0.2642 -0.2488 -0.2329 -0.2160 -0.1977 -0.1767 -0.1504 -0.1117 -0.0149 0.1556 0.2188 0.2094 0.1806 0.1491 0.1186 0.0887 0.0575 0.0212 -0.0285 -0.1096 -0.2121 -0.2888 -0.3328 -0.3550 -0.3637 -0.3638 -0.3584 -0.3494 -0.3379 -0.3248 -0.3109
-0.3249 -0.3374 -0.3490 -0.3581 -0.3637 -0.3638 -0.3554 -0.3337 -0.2902 -0.2141 -0.1113 -0.0294 0.0209 0.0573 0.0887 0.1187 0.1494 0.1810 0.2098 0.2186 0.1523 -0.0183 -0.1130 -0.1513 -0.1774 -0.1983 -0.2166 -0.2334 -0.2494 -0.2648 -0.2798 -0.2945 -0.3088 -0.3225 -0.3353 -0.3467 -0.3562 -0.3626 -0.3645 -0.3596 -0.3441 -0.3117 -0.2527 -0.1612 -0.0659 -0.0030 0.0377 0.0700 0.0975 0.1194 0.1289 0.1194 0.0975 0.0700 0.0377 -0.0030 -0.0659 -0.1612 -0.2527 -0.3117 -0.3441 -0.3596 -0.3645 -0.3626 -0.3562 -0.3467 -0.3353 -0.3225 -0.3088 -0.2945 -0.2798 -0.2648 -0.2494 -0.2334 -0.2166 -0.1983 -0.1774 -0.1513 -0.1130 -0.0183 0.1523 0.2186 0.2098 0.1810 0.1494 0.1187 0.0887 0.0573 0.0209 -0.0294 -0.1113 -0.2141 -0.2902 -0.3337 -0.3554 -0.3638 -0.3637 -0.3581 -0.3490 -0.3374 -0.3249
-0.3381 -0.3486 -0.3579 -0.3636 -0.3639 -0.3559 -0.3346 -0.2919 -0.2166 -0.1138 -0.0307 0.0202 0.0569 0.0885 0.1186 0.1494 0.1811 0.2100 0.2184 0.1500 -0.0208 -0.1140 -0.1520 -0.1780 -0.1989 -0.2171 -0.2339 -0.2499 -0.2653 -0.2803 -0.2950 -0.3093 -0.3230 -0.3357 -0.3471 -0.3565 -0.3628 -0.3645 -0.3592 -0.3432 -0.3100 -0.2499 -0.1573 -0.0629 -0.0011 0.0393 0.0719 0.1010 0.1281 0.1506 0.1606 0.1506 0.1281 0.1010 0.0719 0.0393 -0.0011 -0.0629 -0.1573 -0.2499 -0.3100 -0.3432 -0.3592 -0.3645 -0.3628 -0.3565 -0.3471 -0.3357 -0.3230 -0.3093 -0.2950 -0.2803 -0.2653 -0.2499 -0.2339 -0.2171 -0.1989 -0.1780 -0.1520 -0.1140 -0.0208 0.1500 0.2184 0.2100 0.1811 0.1494 0.1186 0.0885 0.0569 0.0202 -0.0307 -0.1138 -0.2166 -0.2919 -0.3346 -0.3559 -0.3639 -0.3636 -0.3579 -0.3486 -0.3381
-0.3500 -0.3576 -0.3635 -0.3640 -0.3564 -0.3357 -0.2938 -0.2195 -0.1167 -0.0324 0.0192 0.0562 0.0880 0.1182 0.1491 0.1810 0.2100 0.2184 0.1487 -0.0224 -0.1147 -0.1525 -0.1785 -0.1993 -0.2176 -0.2344 -0.2503 -0.2658 -0.2808 -0.2955 -0.3098 -0.3234 -0.3362 -0.3475 -0.3568 -0.3629 -0.3644 -0.3589 -0.3423 -0.3083 -0.2470 -0.1536 -0.0601 0.0006 0.0407 0.0733 0.1029 0.1317 0.1597 0.1828 0.1924 0.1828 0.1597 0.1317 0.1029 0.0733 0.0407 0.0006 -0.0601 -0.1536 -0.2470 -0.3083 -0.3423 -0.3589 -0.3644 -0.3629 -0.3568 -0.3475 -0.3362 -0.3234 -0.3098 -0.2955 -0.2808 -0.2658 -0.2503 -0.2344 -0.2176 -0.1993 -0.1785 -0.1525 -0.1147 -0.0224 0.1487 0.2184 0.2100 0.1810 0.1491 0.1182 0.0880 0.0562 0.0192 -0.0324 -0.1167 -0.2195 -0.2938 -0.3357 -0.3564 -0.3640 -0.3635 -0.3576 -0.3500
-0.3600 -0.3633 -0.3641 -0.3569 -0.3367 -0.2957 -0.2226 -0.1200 -0.0344 0.0181 0.0554 0.0873 0.1177 0.1486 0.1806 0.2098 0.2184 0.1487 -0.0229 -0.1151 -0.1528 -0.1788 -0.1997 -0.2179 -0.2347 -0.2507 -0.2662 -0.2812 -0.2959 -0.3102 -0.3239 -0.3366 -0.3479 -0.3571 -0.3631 -0.3644 -0.3585 -0.3414 -0.3066 -0.2441 -0.1497 -0.0572 0.0024 0.0420 0.0745 0.1042 0.1336 0.1636 0.1918 0.2110 0.2162 0.2110 0.1918 0.1636 0.1336 0.1042 0.0745 0.0420 0.0024 -0.0572 -0.1497 -0.2441 -0.3066 -0.3414 -0.3585 -0.3644 -0.3631 -0.3571 -0.3479 -0.3366 -0.3239 -0.3102 -0.2959 -0.2812 -0.2662 -0.2507 -0.2347 -0.2179 -0.1997 -0.1788 -0.1528 -0.1151 -0.0229 0.1487 0.2184 0.2098 0.1806 0.1486 0.1177 0.0873 0.0554 0.0181 -0.0344 -0.1200 -0.2226 -0.2957 -0.3367 -0.3569 -0.3641 -0.3633 -0.3600
-0.3672 -0.3642 -0.3573 -0.3377 -0.2977 -0.2259 -0.1237 -0.0367 0.0167 0.0544 0.0864 0.1169 0.1479 0.1800 0.2094 0.2186 0.1500 -0.0224 -0.1151 -0.1530 -0.1790 -0.1999 -0.2182 -0.2350 -0.2510 -0.2665 -0.2816 -0.2963 -0.3106 -0.3243 -0.3370 -0.3482 -0.3573 -0.3632 -0.3643 -0.3581 -0.3405 -0.3048 -0.2410 -0.1458 -0.0544 0.0041 0.0433 0.0756 0.1053 0.1350 0.1655 0.1955 0.2166 0.2138 0.2007 0.2138 0.2166 0.1955 0.1655 0.1350 0.1053 0.0756 0.0433 0.0041 -0.0544 -0.1458 -0.2410 -0.3048 -0.3405 -0.3581 -0.3643 -0.3632 -0.3573 -0.3482 -0.3370 -0.3243 -0.3106 -0.2963 -0.2816 -0.2665 -0.2510 -0.2350 -0.2182 -0.1999 -0.1790 -0.1530 -0.1151 -0.0224 0.1500 0.2186 0.2094 0.1800 0.1479 0.1169 0.0864 0.0544 0.0167 -0.0367 -0.1237 -0.2259 -0.2977 -0.3377 -0.3573 -0.3642 -0.3672
-0.3699 -0.3577 -0.3387 -0.2996 -0.2292 -0.1275 -0.0391 0.0152 0.0532 0.0855 0.1160 0.1471 0.1792 0.2089 0.2188 0.1523 -0.0208 -0.1147 -0.1528 -0.1790 -0.1999 -0.2183 -0.2352 -0.2512 -0.2668 -0.2819 -0.2967 -0.3110 -0.3246 -0.3373 -0.3485 -0.3576 -0.3634 -0.3642 -0.3577 -0.3396 -0.3030 -0.2379 -0.1420 -0.0516 0.0058 0.0446 0.0768 0.1065 0.1362 0.1669 0.1974 0.2185 0.2045 0.1273 0.0715 0.1273 0.2045 0.2185 0.1974 0.1669 0.1362 0.1065 0.0768 0.0446 0.0058 -0.0516 -0.1420 -0.2379 -0.3030 -0.3396 -0.3577 -0.3642 -0.3634 -0.3576 -0.3485 -0.3373 -0.3246 -0.3110 -0.2967 -0.2819 -0.2668 -0.2512 -0.2352 -0.2183 -0.1999 -0.1790 -0.1528 -0.1147 -0.0208 0.1523 0.2188 0.2089 0.1792 0.1471 0.1160 0.0855 0.0532 0.0152 -0.0391 -0.1275 -0.2292 -0.2996 -0.3387 -0.3577 -0.3699
-0.3659 -0.3397 -0.3015 -0.2324 -0.1313 -0.0416 0.0136 0.0520 0.0844 0.1150 0.1461 0.1783 0.2082 0.2191 0.1556 -0.0183 -0.1140 -0.1525 -0.1788 -0.1999 -0.2183 -0.2352 -0.2514 -0.2669 -0.2821 -0.2969 -0.3112 -0.3249 -0.3376 -0.3488 -0.3578 -0.3635 -0.3642 -0.3573 -0.3387 -0.3013 -0.2350 -0.1382 -0.0490 0.0075 0.0459 0.0779 0.1075 0.1373 0.1682 0.1986 0.2193 0.1990 0.0773 -0.0393 -0.0726 -0.0393 0.0773 0.1990 0.2193 0.1986 0.1682 0.1373 0.1075 0.0779 0.0459 0.0075 -0.0490 -0.1382 -0.2350 -0.3013 -0.3387 -0.3573 -0.3642 -0.3635 -0.3578 -0.3488 -0.3376 -0.3249 -0.3112 -0.2969 -0.2821 -0.2669 -0.2514 -0.2352 -0.2183 -0.1999 -0.1788 -0.1525 -0.1140 -0.0183 0.1556 0.2191 0.2082 0.1783 0.1461 0.1150 0.0844 0.0520 0.0136 -0.0416 -0.1313 -0.2324 -0.3015 -0.3397 -0.3659
-0.3512 -0.3033 -0.2355 -0.1351 -0.0442 0.0121 0.0507 0.0833 0.1139 0.1450 0.1773 0.2075 0.2194 0.1596 -0.0149 -0.1130 -0.1520 -0.1785 -0.1997 -0.2182 -0.2352 -0.2514 -0.2670 -0.2822 -0.2970 -0.3114 -0.3251 -0.3378 -0.3490 -0.3580 -0.3635 -0.3641 -0.3570 -0.3379 -0.2997 -0.2322 -0.1347 -0.0465 0.0091 0.0472 0.0790 0.1086 0.1384 0.1693 0.1998 0.2197 0.1954 0.0544 -0.0716 -0.1201 -0.1324 -0.1201 -0.0716 0.0544 0.1954 0.2197 0.1998 0.1693 0.1384 0.1086 0.0790 0.0472 0.0091 -0.0465 -0.1347 -0.2322 -0.2997 -0.3379 -0.3570 -0.3641 -0.3635 -0.3580 -0.3490 -0.3378 -0.3251 -0.3114 -0.2970 -0.2822 -0.2670 -0.2514 -0.2352 -0.2182 -0.1997 -0.1785 -0.1520 -0.1130 -0.0149 0.1596 0.2194 0.2075 0.1773 0.1450 0.1139 0.0833 0.0507 0.0121 -0.0442 -0.1351 -0.2355 -0.3033 -0.3512
-0.3192 -0.2385 -0.1389 -0.0469 0.0104 0.0495 0.0822 0.1128 0.1438 0.1761 0.2066 0.2197 0.1641 -0.0108 -0.1117 -0.1513 -0.1780 -0.1993 -0.2179 -0.2350 -0.2512 -0.2669 -0.2822 -0.2971 -0.3115 -0.3252 -0.3380 -0.3492 -0.3581 -0.3636 -0.3640 -0.3567 -0.3371 -0.2982 -0.2296 -0.1315 -0.0442 0.0106 0.0484 0.0801 0.1097 0.1395 0.1705 0.2008 0.2200 0.1925 0.0429 -0.0831 -0.1335 -0.1567 -0.1648 -0.1567 -0.1335 -0.0831 0.0429 0.1925 0.2200 0.2008 0.1705 0.1395 0.1097 0.0801 0.0484 0.0106 -0.0442 -0.1315 -0.2296 -0.2982 -0.3371 -0.3567 -0.3640 -0.3636 -0.3581 -0.3492 -0.3380 -0.3252 -0.3115 -0.2971 -0.2822 -0.2669 -0.2512 -0.2350 -0.2179 -0.1993 -0.1780 -0.1513 -0.1117 -0.0108 0.1641 0.2197 0.2066 0.1761 0.1438 0.1128 0.0822 0.0495 0.0104 -0.0469 -0.1389 -0.2385 -0.3192
-0.2590 -0.1427 -0.0495 0.0088 0.0482 0.0810 0.1117 0.1427 0.1749 0.2056 0.2200 0.1689 -0.0061 -0.1101 -0.1504 -0.1774 -0.1989 -0.2176 -0.2347 -0.2510 -0.2668 -0.2821 -0.2970 -0.3115 -0.3253 -0.3381 -0.3493 -0.3582 -0.3637 -0.3640 -0.3564 -0.3365 -0.2969 -0.2272 -0.1286 -0.0421 0.0119 0.0495 0.0811 0.1108 0.1407 0.1717 0.2019 0.2201 0.1896 0.0350 -0.0885 -0.1385 -0.1655 -0.1824 -0.1887 -0.1824 -0.1655 -0.1385 -0.0885 0.0350 0.1896 0.2201 0.2019 0.1717 0.1407 0.1108 0.0811 0.0495 0.0119 -0.0421 -0.1286 -0.2272 -0.2969 -0.3365 -0.3564 -0.3640 -0.3637 -0.3582 -0.3493 -0.3381 -0.3253 -0.3115 -0.2970 -0.2821 -0.2668 -0.2510 -0.2347 -0.2176 -0.1989 -0.1774 -0.1504 -0.1101 -0.0061 0.1689 0.2200 0.2056 0.1749 0.1427 0.1117 0.0810 0.0482 0.0088 -0.0495 -0.1427 -0.2590
-0.1625 -0.0522 0.0072 0.0469 0.0799 0.1106 0.1416 0.1738 0.2047 0.2201 0.1734 -0.0008 -0.1084 -0.1494 -0.1767 -0.1983 -0.2171 -0.2344 -0.2507 -0.2665 -0.2819 -0.2969 -0.3114 -0.3252 -0.3381 -0.3493 -0.3582 -0.3637 -0.3639 -0.3562 -0.3360 -0.2958 -0.2253 -0.1260 -0.0403 0.0132 0.0505 0.0821 0.1117 0.1417 0.1728 0.2029 0.2202 0.1866 0.0283 -0.0922 -0.1409 -0.1689 -0.1892 -0.2032 -0.2087 -0.2032 -0.1892 -0.1689 -0.1409 -0.0922 0.0283 0.1866 0.2202 0.2029 0.1728 0.1417 0.1117 0.0821 0.0505 0.0132 -0.0403 -0.1260 -0.2253 -0.2958 -0.3360 -0.3562 -0.3639 -0.3637 -0.3582 -0.3493 -0.3381 -0.3252 -0.3114 -0.2969 -0.2819 -0.2665 -0.2507 -0.2344 -0.2171 -0.1983 -0.1767 -0.1494 -0.1084 -0.0008 0.1734 0.2201 0.2047 0.1738 0.1416 0.1106 0.0799 0.0469 0.0072 -0.0522 -0.1625
-0.0607 0.0055 0.0457 0.0788 0.1095 0.1405 0.1726 0.2037 0.2202 0.1773 0.0050 -0.1062 -0.1483 -0.1760 -0.1977 -0.2166 -0.2339 -0.2503 -0.2662 -0.2816 -0.2967 -0.3112 -0.3251 -0.3380 -0.3493 -0.3582 -0.3637 -0.3639 -0.3561 -0.3357 -0.2951 -0.2238 -0.1240 -0.0387 0.0142 0.0514 0.0829 0.1126 0.1426 0.1738 0.2037 0.2202 0.1835 0.0220 -0.0954 -0.1424 -0.1706 -0.1920 -0.2091 -0.2217 -0.2267 -0.2217 -0.2091 -0.1920 -0.1706 -0.1424 -0.0954 0.0220 0.1835 0.2202 0.2037 0.1738 0.1426 0.1126 0.0829 0.0514 0.0142 -0.0387 -0.1240 -0.2238 -0.2951 -0.3357 -0.3561 -0.3639 -0.3637 -0.3582 -0.3493 -0.3380 -0.3251 -0.3112 -0.2967 -0.2816 -0.2662 -0.2503 -0.2339 -0.2166 -0.1977 -0.1760 -0.1483 -0.1062 0.0050 0.1773 0.2202 0.2037 0.1726 0.1405 0.1095 0.0788 0.0457 0.0055 -0.0607
0.0058 0.0444 0.0777 0.1084 0.1393 0.1714 0.2027 0.2202 0.1808 0.0110 -0.1035 -0.1471 -0.1751 -0.1971 -0.2160 -0.2334 -0.2499 -0.2658 -0.2812 -0.2963 -0.3110 -0.3249 -0.3378 -0.3492 -0.3582 -0.3637 -0.3639 -0.3560 -0.3355 -0.2945 -0.2227 -0.1226 -0.0376 0.0150 0.0522 0.0837 0.1134 0.1435 0.1747 0.2046 0.2202 0.1806 0.0162 -0.0982 -0.1437 -0.1717 -0.1933 -0.2116 -0.2271 -0.2388 -0.2436 -0.2388 -0.2271 -0.2116 -0.1933 -0.1717 -0.1437 -0.0982 0.0162 0.1806 0.2202 0.2046 0.1747 0.1435 0.1134 0.0837 0.0522 0.0150 -0.0376 -0.1226 -0.2227 -0.2945 -0.3355 -0.3560 -0.3639 -0.3637 -0.3582 -0.3492 -0.3378 -0.3249 -0.3110 -0.2963 -0.2812 -0.2658 -0.2499 -0.2334 -0.2160 -0.1971 -0.1751 -0.1471 -0.1035 0.0110 0.1808 0.2202 0.2027 0.1714 0.1393 0.1084 0.0777 0.0444 0.0058
0.0487 0.0766 0.1073 0.1382 0.1703 0.2016 0.2202 0.1841 0.0170 -0.1007 -0.1460 -0.1743 -0.1963 -0.2154 -0.2329 -0.2494 -0.2653 -0.2808 -0.2959 -0.3106 -0.3246 -0.3376 -0.3490 -0.3581 -0.3637 -0.3639 -0.3561 -0.3355 -0.2944 -0.2222 -0.1217 -0.0369 0.0156 0.0527 0.0842 0.1140 0.1442 0.1755 0.2053 0.2202 0.1777 0.0110 -0.1008 -0.1449 -0.1726 -0.1942 -0.2127 -0.2293 -0.2439 -0.2552 -0.2598 -0.2552 -0.2439 -0.2293 -0.2127 -0.1942 -0.1726 -0.1449 -0.1008 0.0110 0.1777 0.2202 0.2053 0.1755 0.1442 0.1140 0.0842 0.0527 0.0156 -0.0369 -0.1217 -0.2222 -0.2944 -0.3355 -0.3561 -0.3639 -0.3637 -0.3581 -0.3490 -0.3376 -0.3246 -0.3106 -0.2959 -0.2808 -0.2653 -0.2494 -0.2329 -0.2154 -0.1963 -0.1743 -0.1460 -0.1007 0.0170 0.1841 0.2202 0.2016 0.1703 0.1382 0.1073 0.0766 0.0487
0.0829 0.1062 0.1371 0.1691 0.2006 0.2201 0.1872 0.0231 -0.0978 -0.1447 -0.1734 -0.1956 -0.2148 -0.2323 -0.2488 -0.2648 -0.2803 -0.2955 -0.3102 -0.3243 -0.3373 -0.3488 -0.3580 -0.3636 -0.3640 -0.3562 -0.3357 -0.2945 -0.2222 -0.1213 -0.0365 0.0160 0.0531 0.0847 0.1145 0.1448 0.1762 0.2059 0.2201 0.1750 0.0064 -0.1031 -0.1459 -0.1734 -0.1949 -0.2135 -0.2303 -0.2459 -0.2600 -0.2710 -0.2756 -0.2710 -0.2600 -0.2459 -0.2303 -0.2135 -0.1949 -0.1734 -0.1459 -0.1031 0.0064 0.1750 0.2201 0.2059 0.1762 0.1448 0.1145 0.0847 0.0531 0.0160 -0.0365 -0.1213 -0.2222 -0.2945 -0.3357 -0.3562 -0.3640 -0.3636 -0.3580 -0.3488 -0.3373 -0.3243 -0.3102 -0.2955 -0.2803 -0.2648 -0.2488 -0.2323 -0.2148 -0.1956 -0.1734 -0.1447 -0.0978 0.0231 0.1872 0.2201 0.2006 0.1691 0.1371 0.1062 0.0829
0.1141 0.1359 0.1679 0.1996 0.2199 0.1902 0.0295 -0.0949 -0.1435 -0.1725 -0.1949 -0.2141 -0.2317 -0.2482 -0.2642 -0.2798 -0.2950 -0.3098 -0.3239 -0.3370 -0.3485 -0.3578 -0.3635 -0.3640 -0.3564 -0.3360 -0.2951 -0.2227 -0.1217 -0.0365 0.0161 0.0533 0.0849 0.1148 0.1453 0.1767 0.2064 0.2199 0.1725 0.0024 -0.1052 -0.1468 -0.1741 -0.1956 -0.2141 -0.2310 -0.2469 -0.2620 -0.2757 -0.2865 -0.2911 -0.2865 -0.2757 -0.2620 -0.2469 -0.2310 -0.2141 -0.1956 -0.1741 -0.1468 -0.1052 0.0024 0.1725 0.2199 0.2064 0.1767 0.1453 0.1148 0.0849 0.0533 0.0161 -0.0365 -0.1217 -0.2227 -0.2951 -0.3360 -0.3564 -0.3640 -0.3635 -0.3578 -0.3485 -0.3370 -0.3239 -0.3098 -0.2950 -0.2798 -0.2642 -0.2482 -0.2317 -0.2141 -0.1949 -0.1725 -0.1435 -0.0949 0.0295 0.1902 0.2199 0.1996 0.1679 0.1359 0.1141
0.1455 0.1668 0.1985 0.2197 0.1930 0.0360 -0.0918 -0.1423 -0.1716 -0.1941 -0.2135 -0.2311 -0.2476 -0.2637 -0.2793 -0.2945 -0.3093 -0.3234 -0.3366 -0.3482 -0.3576 -0.3635 -0.3641 -0.3567 -0.3365 -0.2958 -0.2238 -0.1226 -0.0369 0.0160 0.0533 0.0850 0.1150 0.1455 0.1771 0.2068 0.2198 0.1700 -0.0009 -0.1068 -0.1476 -0.1748 -0.1961 -0.2146 -0.2316 -0.2476 -0.2629 -0.2776 -0.2911 -0.3016 -0.3061 -0.3016 -0.2911 -0.2776 -0.2629 -0.2476 -0.2316 -0.2146 -0.1961 -0.1748 -0.1476 -0.1068 -0.0009 0.1700 0.2198 0.2068 0.1771 0.1455 0.1150 0.0850 0.0533 0.0160 -0.0369 -0.1226 -0.2238 -0.2958 -0.3365 -0.3567 -0.3641 -0.3635 -0.3576 -0.3482 -0.3366 -0.3234 -0.3093 -0.2945 -0.2793 -0.2637 -0.2476 -0.2311 -0.2135 -0.1941 -0.1716 -0.1423 -0.0918 0.0360 0.1930 0.2197 0.1985 0.1668 0.1455
0.1782 0.1974 0.2194 0.1956 0.0426 -0.0887 -0.1410 -0.1707 -0.1934 -0.2128 -0.2304 -0.2471 -0.2631 -0.2787 -0.2940 -0.3088 -0.3230 -0.3362 -0.3479 -0.3573 -0.3634 -0.3642 -0.3570 -0.3371 -0.2969 -0.2253 -0.1240 -0.0376 0.0156 0.0531 0.0849 0.1150 0.1456 0.1773 0.2070 0.2198 0.1680 -0.0035 -0.1079 -0.1483 -0.1753 -0.1966 -0.2151 -0.2321 -0.2481 -0.2636 -0.2785 -0.2929 -0.3060 -0.3163 -0.3206 -0.3163 -0.3060 -0.2929 -0.2785 -0.2636 -0.2481 -0.2321 -0.2151 -0.1966 -0.1753 -0.1483 -0.1079 -0.0035 0.1680 0.2198 0.2070 0.1773 0.1456 0.1150 0.0849 0.0531 0.0156 -0.0376 -0.1240 -0.2253 -0.2969 -0.3371 -0.3570 -0.3642 -0.3634 -0.3573 -0.3479 -0.3362 -0.3230 -0.3088 -0.2940 -0.2787 -0.2631 -0.2471 -0.2304 -0.2128 -0.1934 -0.1707 -0.1410 -0.0887 0.0426 0.1956 0.2194 0.1974 0.1782
0.2108 0.2191 0.1981 0.0491 -0.0856 -0.1397 -0.1698 -0.1927 -0.2121 -0.2298 -0.2465 -0.2625 -0.2782 -0.2934 -0.3083 -0.3225 -0.3357 -0.3475 -0.3571 -0.3632 -0.3642 -0.3573 -0.3379 -0.2982 -0.2272 -0.1260 -0.0387 0.0150 0.0527 0.0847 0.1148 0.1455 0.1773 0.2070 0.2197 0.1668 -0.0051 -0.1087 -0.1489 -0.1758 -0.1970 -0.2155 -0.2325 -0.2485 -0.2640 -0.2791 -0.2937 -0.3077 -0.3203 -0.3301 -0.3342 -0.3301 -0.3203 -0.3077 -0.2937 -0.2791 -0.2640 -0.2485 -0.2325 -0.2155 -0.1970 -0.1758 -0.1489 -0.1087 -0.0051 0.1668 0.2197 0.2070 0.1773 0.1455 0.1148 0.0847 0.0527 0.0150 -0.0387 -0.1260 -0.2272 -0.2982 -0.3379 -0.3573 -0.3642 -0.3632 -0.3571 -0.3475 -0.3357 -0.3225 -0.3083 -0.2934 -0.2782 -0.2625 -0.2465 -0.2298 -0.2121 -0.1927 -0.1698 -0.1397 -0.0856 0.0491 0.1981 0.2191 0.2108
0.2334 0.2004 0.0558 -0.0824 -0.1384 -0.1688 -0.1919 -0.2115 -0.2292 -0.2459 -0.2620 -0.2776 -0.2929 -0.3077 -0.3220 -0.3353 -0.3471 -0.3568 -0.3631 -0.3643 -0.3577 -0.3387 -0.2997 -0.2296 -0.1286 -0.0403 0.0142 0.0522 0.0842 0.1145 0.1453 0.1771 0.2070 0.2197 0.1664 -0.0060 -0.1091 -0.1492 -0.1761 -0.1974 -0.2159 -0.2328 -0.2489 -0.2644 -0.2795 -0.2943 -0.3085 -0.3219 -0.3338 -0.3428 -0.3466 -0.3428 -0.3338 -0.3219 -0.3085 -0.2943 -0.2795 -0.2644 -0.2489 -0.2328 -0.2159 -0.1974 -0.1761 -0.1492 -0.1091 -0.0060 0.1664 0.2197 0.2070 0.1771 0.1453 0.1145 0.0842 0.0522 0.0142 -0.0403 -0.1286 -0.2296 -0.2997 -0.3387 -0.3577 -0.3643 -0.3631 -0.3568 -0.3471 -0.3353 -0.3220 -0.3077 -0.2929 -0.2776 -0.2620 -0.2459 -0.2292 -0.2115 -0.1919 -0.1688 -0.1384 -0.0824 0.0558 0.2004 0.2334
0.2130 0.0627 -0.0790 -0.1371 -0.1679 -0.1911 -0.2108 -0.2286 -0.2453 -0.2614 -0.2770 -0.2923 -0.3072 -0.3215 -0.3348 -0.3467 -0.3565 -0.3629 -0.3644 -0.3581 -0.3396 -0.3013 -0.2322 -0.1315 -0.0421 0.0132 0.0514 0.0837 0.1140 0.1448 0.1767 0.2068 0.2198 0.1668 -0.0060 -0.1092 -0.1494 -0.1763 -0.1976 -0.2161 -0.2331 -0.2492 -0.2647 -0.2799 -0.2947 -0.3090 -0.3226 -0.3352 -0.3459 -0.3538 -0.3569 -0.3538 -0.3459 -0.3352 -0.3226 -0.3090 -0.2947 -0.2799 -0.2647 -0.2492 -0.2331 -0.2161 -0.1976 -0.1763 -0.1494 -0.1092 -0.0060 0.1668 0.2198 0.2068 0.1767 0.1448 0.1140 0.0837 0.0514 0.0132 -0.0421 -0.1315 -0.2322 -0.3013 -0.3396 -0.3581 -0.3644 -0.3629 -0.3565 -0.3467 -0.3348 -0.3215 -0.3072 -0.2923 -0.2770 -0.2614 -0.2453 -0.2286 -0.2108 -0.1911 -0.1679 -0.1371 -0.0790 0.0627 0.2130
0.0714 -0.0756 -0.1357 -0.1670 -0.1904 -0.2101 -0.2280 -0.2447 -0.2608 -0.2765 -0.2918 -0.3067 -0.3210 -0.3343 -0.3463 -0.3562 -0.3628 -0.3644 -0.3585 -0.3405 -0.3030 -0.2350 -0.1347 -0.0442 0.0119 0.0505 0.0829 0.1134 0.1442 0.1762 0.2064 0.2198 0.1680 -0.0051 -0.1091 -0.1494 -0.1764 -0.1977 -0.2163 -0.2333 -0.2494 -0.2650 -0.2802 -0.2950 -0.3093 -0.3231 -0.3358 -0.3470 -0.3560 -0.3620 -0.3642 -0.3620 -0.3560 -0.3470 -0.3358 -0.3231 -0.3093 -0.2950 -0.2802 -0.2650 -0.2494 -0.2333 -0.2163 -0.1977 -0.1764 -0.1494 -0.1091 -0.0051 0.1680 0.2198 0.2064 0.1762 0.1442 0.1134 0.0829 0.0505 0.0119 -0.0442 -0.1347 -0.2350 -0.3030 -0.3405 -0.3585 -0.3644 -0.3628 -0.3562 -0.3463 -0.3343 -0.3210 -0.3067 -0.2918 -0.2765 -0.2608 -0.2447 -0.2280 -0.2101 -0.1904 -0.1670 -0.1357 -0.0756 0.0714
-0.0696 -0.1344 -0.1660 -0.1896 -0.2095 -0.2273 -0.2441 -0.2602 -0.2759 -0.2912 -0.3061 -0.3205 -0.3339 -0.3459 -0.3559 -0.3626 -0.3645 -0.3589 -0.3414 -0.3048 -0.2379 -0.1382 -0.0465 0.0106 0.0495 0.0821 0.1126 0.1435 0.1755 0.2059 0.2199 0.1700 -0.0035 -0.1087 -0.1492 -0.1763 -0.1977 -0.2163 -0.2334 -0.2496 -0.2652 -0.2804 -0.2952 -0.3096 -0.3234 -0.3362 -0.3475 -0.3567 -0.3630 -0.3660 -0.3667 -0.3660 -0.3630 -0.3567 -0.3475 -0.3362 -0.3234 -0.3096 -0.2952 -0.2804 -0.2652 -0.2496 -0.2334 -0.2163 -0.1977 -0.1763 -0.1492 -0.1087 -0.0035 0.1700 0.2199 0.2059 0.1755 0.1435 0.1126 0.0821 0.0495 0.0106 -0.0465 -0.1382 -0.2379 -0.3048 -0.3414 -0.3589 -0.3645 -0.3626 -0.3559 -0.3459 -0.3339 -0.3205 -0.3061 -0.2912 -0.2759 -0.2602 -0.2441 -0.2273 -0.2095 -0.1896 -0.1660 -0.1344 -0.0696
-0.1293 -0.1651 -0.1889 -0.2088 -0.2267 -0.2435 -0.2597 -0.2754 -0.2907 -0.3056 -0.3200 -0.3334 -0.3455 -0.3556 -0.3624 -0.3645 -0.3592 -0.3423 -0.3066 -0.2410 -0.1420 -0.0490 0.0091 0.0484 0.0811 0.1117 0.1426 0.1747 0.2053 0.2201 0.1725 -0.0009 -0.1079 -0.1489 -0.1761 -0.1976 -0.2163 -0.2334 -0.2496 -0.2653 -0.2805 -0.2954 -0.3098 -0.3236 -0.3364 -0.3478 -0.3570 -0.3631 -0.3652 -0.3636 -0.3619 -0.3636 -0.3652 -0.3631 -0.3570 -0.3478 -0.3364 -0.3236 -0.3098 -0.2954 -0.2805 -0.2653 -0.2496 -0.2334 -0.2163 -0.1976 -0.1761 -0.1489 -0.1079 -0.0009 0.1725 0.2201 0.2053 0.1747 0.1426 0.1117 0.0811 0.0484 0.0091 -0.0490 -0.1420 -0.2410 -0.3066 -0.3423 -0.3592 -0.3645 -0.3624 -0.3556 -0.3455 -0.3334 -0.3200 -0.3056 -0.2907 -0.2754 -0.2597 -0.2435 -0.2267 -0.2088 -0.1889 -0.1651 -0.1293
-0.1618 -0.1881 -0.2081 -0.2261 -0.2429 -0.2591 -0.2748 -0.2902 -0.3051 -0.3195 -0.3330 -0.3451 -0.3553 -0.3623 -0.3646 -0.3596 -0.3432 -0.3083 -0.2441 -0.1458 -0.0516 0.0075 0.0472 0.0801 0.1108 0.1417 0.1738 0.2046 0.2202 0.1750 0.0024 -0.1068 -0.1483 -0.1758 -0.1974 -0.2161 -0.2333 -0.2496 -0.2653 -0.2805 -0.2955 -0.3099 -0.3238 -0.3366 -0.3480 -0.3572 -0.3632 -0.3646 -0.3602 -0.3511 -0.3454 -0.3511 -0.3602 -0.3646 -0.3632 -0.3572 -0.3480 -0.3366 -0.3238 -0.3099 -0.2955 -0.2805 -0.2653 -0.2496 -0.2333 -0.2161 -0.1974 -0.1758 -0.1483 -0.1068 0.0024 0.1750 0.2202 0.2046 0.1738 0.1417 0.1108 0.0801 0.0472 0.0075 -0.0516 -0.1458 -0.2441 -0.3083 -0.3432 -0.3596 -0.3646 -0.3623 -0.3553 -0.3451 -0.3330 -0.3195 -0.3051 -0.2902 -0.2748 -0.2591 -0.2429 -0.2261 -0.2081 -0.1881 -0.1618
-0.1856 -0.2075 -0.2255 -0.2423 -0.2585 -0.2742 -0.2896 -0.3046 -0.3190 -0.3325 -0.3447 -0.3549 -0.3621 -0.3646 -0.3600 -0.3441 -0.3100 -0.2470 -0.1497 -0.0544 0.0058 0.0459 0.0790 0.1097 0.1407 0.1728 0.2037 0.2202 0.1777 0.0064 -0.1052 -0.1476 -0.1753 -0.1970 -0.2159 -0.2331 -0.2494 -0.2652 -0.2805 -0.2955 -0.3100 -0.3238 -0.3367 -0.3481 -0.3573 -0.3633 -0.3644 -0.3585 -0.3437 -0.3224 -0.3099 -0.3224 -0.3437 -0.3585 -0.3644 -0.3633 -0.3573 -0.3481 -0.3367 -0.3238 -0.3100 -0.2955 -0.2805 -0.2652 -0.2494 -0.2331 -0.2159 -0.1970 -0.1753 -0.1476 -0.1052 0.0064 0.1777 0.2202 0.2037 0.1728 0.1407 0.1097 0.0790 0.0459 0.0058 -0.0544 -0.1497 -0.2470 -0.3100 -0.3441 -0.3600 -0.3646 -0.3621 -0.3549 -0.3447 -0.3325 -0.3190 -0.3046 -0.2896 -0.2742 -0.2585 -0.2423 -0.2255 -0.2075 -0.1856
-0.2053 -0.2249 -0.2418 -0.2580 -0.2737 -0.2891 -0.3040 -0.3185 -0.3320 -0.3443 -0.3546 -0.3619 -0.3646 -0.3603 -0.3449 -0.3117 -0.2499 -0.1536 -0.0572 0.0041 0.0446 0.0779 0.1086 0.1395 0.1717 0.2029 0.2202 0.1806 0.0110 -0.1031 -0.1468 -0.1748 -0.1966 -0.2155 -0.2328 -0.2492 -0.2650 -0.2804 -0.2954 -0.3099 -0.3238 -0.3367 -0.3482 -0.3574 -0.3633 -0.3643 -0.3578 -0.3405 -0.3088 -0.2672 -0.2439 -0.2672 -0.3088 -0.3405 -0.3578 -0.3643 -0.3633 -0.3574 -0.3482 -0.3367 -0.3238 -0.3099 -0.2954 -0.2804 -0.2650 -0.2492 -0.2328 -0.2155 -0.1966 -0.1748 -0.1468 -0.1031 0.0110 0.1806 0.2202 0.2029 0.1717 0.1395 0.1086 0.0779 0.0446 0.0041 -0.0572 -0.1536 -0.2499 -0.3117 -0.3449 -0.3603 -0.3646 -0.3619 -0.3546 -0.3443 -0.3320 -0.3185 -0.3040 -0.2891 -0.2737 -0.2580 -0.2418 -0.2249 -0.2053
-0.2230 -0.2412 -0.2574 -0.2731 -0.2885 -0.3035 -0.3179 -0.3316 -0.3439 -0.3543 -0.3617 -0.3646 -0.3606 -0.3457 -0.3133 -0.2527 -0.1573 -0.0601 0.0024 0.0433 0.0768 0.1075 0.1384 0.1705 0.2019 0.2202 0.1835 0.0162 -0.1008 -0.1459 -0.1741 -0.1961 -0.2151 -0.2325 -0.2489 -0.2647 -0.2802 -0.2952 -0.3098 -0.3237 -0.3367 -0.3482 -0.3574 -0.3633 -0.3642 -0.3575 -0.3392 -0.3031 -0.2446 -0.1763 -0.1433 -0.1763 -0.2446 -0.3031 -0.3392 -0.3575 -0.3642 -0.3633 -0.3574 -0.3482 -0.3367 -0.3238 -0.3098 -0.2952 -0.2802 -0.2647 -0.2489 -0.2325 -0.2151 -0.1961 -0.1741 -0.1459 -0.1008 0.0162 0.1835 0.2202 0.2019 0.1705 0.1384 0.1075 0.0768 0.0433 0.0024 -0.0601 -0.1573 -0.2527 -0.3133 -0.3457 -0.3606 -0.3646 -0.3617 -0.3543 -0.3439 -0.3316 -0.3179 -0.3035 -0.2885 -0.2731 -0.2574 -0.2412 -0.2230
-0.2396 -0.2568 -0.2726 -0.2880 -0.3030 -0.3174 -0.3311 -0.3435 -0.3540 -0.3615 -0.3646 -0.3609 -0.3465 -0.3149 -0.2556 -0.1612 -0.0629 0.0006 0.0420 0.0756 0.1065 0.1373 0.1693 0.2008 0.2201 0.1866 0.0220 -0.0982 -0.1449 -0.1734 -0.1956 -0.2146 -0.2321 -0.2485 -0.2644 -0.2799 -0.2950 -0.3096 -0.3236 -0.3366 -0.3481 -0.3574 -0.3633 -0.3642 -0.3574 -0.3386 -0.3010 -0.2359 -0.1468 -0.0743 -0.0489 -0.0743 -0.1468 -0.2359 -0.3010 -0.3386 -0.3574 -0.3642 -0.3633 -0.3574 -0.3481 -0.3366 -0.3236 -0.3096 -0.2950 -0.2799 -0.2644 -0.2485 -0.2321 -0.2146 -0.1956 -0.1734 -0.1449 -0.0982 0.0220 0.1866 0.2201 0.2008 0.1693 0.1373 0.1065 0.0756 0.0420 0.0006 -0.0629 -0.1612 -0.2556 -0.3149 -0.3465 -0.3609 -0.3646 -0.3615 -0.3540 -0.3435 -0.3311 -0.3174 -0.3030 -0.2880 -0.2726 -0.2568 -0.2396
-0.2554 -0.2720 -0.2874 -0.3024 -0.3169 -0.3306 -0.3431 -0.3536 -0.3613 -0.3646 -0.3612 -0.3473 -0.3164 -0.2583 -0.1651 -0.0659 -0.0011 0.0407 0.0745 0.1053 0.1362 0.1682 0.1998 0.2200 0.1896 0.0283 -0.0954 -0.1437 -0.1726 -0.1949 -0.2141 -0.2316 -0.2481 -0.2640 -0.2795 -0.2947 -0.3093 -0.3234 -0.3364 -0.3480 -0.3573 -0.3633 -0.3642 -0.3574 -0.3385 -0.3003 -0.2328 -0.1368 -0.0529 -0.0066 0.0088 -0.0066 -0.0528 -0.1368 -0.2328 -0.3003 -0.3385 -0.3574 -0.3642 -0.3633 -0.3573 -0.3480 -0.3364 -0.3234 -0.3093 -0.2947 -0.2795 -0.2640 -0.2481 -0.2316 -0.2141 -0.1949 -0.1726 -0.1437 -0.0954 0.0283 0.1896 0.2200 0.1998 0.1682 0.1362 0.1053 0.0745 0.0407 -0.0011 -0.0659 -0.1651 -0.2583 -0.3164 -0.3473 -0.3612 -0.3646 -0.3613 -0.3536 -0.3431 -0.3306 -0.3169 -0.3024 -0.2874 -0.2720 -0.2554
-0.2708 -0.2868 -0.3019 -0.3164 -0.3301 -0.3426 -0.3533 -0.3611 -0.3646 -0.3615 -0.3481 -0.3180 -0.2612 -0.1691 -0.0691 -0.0030 0.0393 0.0733 0.1042 0.1350 0.1669 0.1986 0.2197 0.1925 0.0350 -0.0922 -0.1424 -0.1717 -0.1942 -0.2135 -0.2310 -0.2476 -0.2636 -0.2791 -0.2943 -0.3090 -0.3231 -0.3362 -0.3478 -0.3572 -0.3633 -0.3643 -0.3575 -0.3386 -0.3003 -0.2321 -0.1337 -0.0465 0.0060 0.0363 0.0479 0.0363 0.0060 -0.0465 -0.1337 -0.2321 -0.3003 -0.3386 -0.3575 -0.3643 -0.3633 -0.3572 -0.3478 -0.3362 -0.3231 -0.3090 -0.2943 -0.2791 -0.2636 -0.2476 -0.2310 -0.2135 -0.1942 -0.1717 -0.1424 -0.0922 0.0350 0.1925 0.2197 0.1986 0.1669 0.1350 0.1042 0.0733 0.0393 -0.0030 -0.0691 -0.1691 -0.2612 -0.3180 -0.3481 -0.3615 -0.3646 -0.3611 -0.3533 -0.3426 -0.3301 -0.3164 -0.3019 -0.2868 -0.2708
-0.2857 -0.3012 -0.3157 -0.3295 -0.3421 -0.3529 -0.3609 -0.3646 -0.3619 -0.3491 -0.3199 -0.2645 -0.1738 -0.0728 -0.0052 0.0377 0.0719 0.1029 0.1336 0.1655 0.1974 0.2193 0.1954 0.0429 -0.0885 -0.1409 -0.1706 -0.1933 -0.2127 -0.2303 -0.2470 -0.2629 -0.2785 -0.2937 -0.3085 -0.3226 -0.3358 -0.3475 -0.3571 -0.3632 -0.3644 -0.3578 -0.3392 -0.3010 -0.2328 -0.1337 -0.0451 0.0096 0.0453 0.0700 0.0801 0.0700 0.0453 0.0096 -0.0450 -0.1337 -0.2328 -0.3010 -0.3392 -0.3578 -0.3644 -0.3632 -0.3570 -0.3475 -0.3358 -0.3226 -0.3085 -0.2937 -0.2785 -0.2629 -0.2469 -0.2303 -0.2127 -0.1933 -0.1706 -0.1409 -0.0885 0.0429 0.1954 0.2193 0.1974 0.1655 0.1336 0.1029 0.0719 0.0377 -0.0052 -0.0728 -0.1738 -0.2645 -0.3199 -0.3491 -0.3619 -0.3646 -0.3609 -0.3529 -0.3421 -0.3295 -0.3157 -0.3012 -0.2857
-0.2999 -0.3147 -0.3286 -0.3413 -0.3523 -0.3606 -0.3647 -0.3625 -0.3505 -0.3227 -0.2692 -0.1804 -0.0781 -0.0084 0.0354 0.0700 0.1010 0.1317 0.1636 0.1955 0.2185 0.1990 0.0544 -0.0831 -0.1385 -0.1689 -0.1920 -0.2116 -0.2293 -0.2459 -0.2620 -0.2776 -0.2929 -0.3077 -0.3219 -0.3352 -0.3470 -0.3567 -0.3631 -0.3646 -0.3585 -0.3405 -0.3031 -0.2359 -0.1368 -0.0465 0.0096 0.0474 0.0771 0.0997 0.1094 0.0997 0.0772 0.0474 0.0096 -0.0465 -0.1368 -0.2359 -0.3031 -0.3405 -0.3585 -0.3646 -0.3631 -0.3567 -0.3470 -0.3352 -0.3219 -0.3077 -0.2929 -0.2776 -0.2620 -0.2459 -0.2293 -0.2116 -0.1920 -0.1689 -0.1385 -0.0831 0.0544 0.1990 0.2185 0.1955 0.1636 0.1317 0.1010 0.0700 0.0354 -0.0084 -0.0781 -0.1803 -0.2692 -0.3227 -0.3505 -0.3625 -0.3647 -0.3606 -0.3523 -0.3413 -0.3286 -0.3147 -0.2999
-0.3127 -0.3267 -0.3398 -0.3511 -0.3599 -0.3648 -0.3637 -0.3534 -0.3280 -0.2782 -0.1933 -0.0891 -0.0149 0.0310 0.0662 0.0975 0.1281 0.1598 0.1918 0.2166 0.2044 0.0772 -0.0716 -0.1335 -0.1655 -0.1892 -0.2091 -0.2271 -0.2439 -0.2600 -0.2757 -0.2911 -0.3060 -0.3203 -0.3338 -0.3459 -0.3560 -0.3630 -0.3652 -0.3602 -0.3437 -0.3088 -0.2446 -0.1468 -0.0528 0.0060 0.0453 0.0771 0.1048 0.1271 0.1368 0.1271 0.1048 0.0772 0.0453 0.0060 -0.0528 -0.1468 -0.2446 -0.3088 -0.3437 -0.3602 -0.3652 -0.3630 -0.3560 -0.3459 -0.3338 -0.3203 -0.3060 -0.2911 -0.2757 -0.2600 -0.2439 -0.2271 -0.2091 -0.1892 -0.1655 -0.1335 -0.0716 0.0773 0.2045 0.2166 0.1918 0.1597 0.1281 0.0975 0.0662 0.0310 -0.0149 -0.0891 -0.1933 -0.2782 -0.3280 -0.3534 -0.3637 -0.3648 -0.3599 -0.3511 -0.3398 -0.3267 -0.3127
-0.3224 -0.3358 -0.3480 -0.3580 -0.3645 -0.3658 -0.3589 -0.3390 -0.2977 -0.2232 -0.1184 -0.0323 0.0196 0.0568 0.0888 0.1194 0.1506 0.1828 0.2110 0.2138 0.1273 -0.0393 -0.1201 -0.1567 -0.1824 -0.2032 -0.2217 -0.2388 -0.2552 -0.2710 -0.2865 -0.3016 -0.3163 -0.3301 -0.3428 -0.3538 -0.3620 -0.3660 -0.3636 -0.3511 -0.3223 -0.2672 -0.1763 -0.0743 -0.0066 0.0363 0.0700 0.0997 0.1271 0.1495 0.1593 0.1495 0.1271 0.0997 0.0700 0.0363 -0.0066 -0.0744 -0.1763 -0.2672 -0.3224 -0.3511 -0.3636 -0.3660 -0.3620 -0.3538 -0.3428 -0.3301 -0.3163 -0.3016 -0.2865 -0.2710 -0.2552 -0.2388 -0.2217 -0.2032 -0.1824 -0.1567 -0.1201 -0.0393 0.1273 0.2138 0.2110 0.1828 0.1506 0.1194 0.0888 0.0568 0.0196 -0.0323 -0.1184 -0.2232 -0.2977 -0.3390 -0.3589 -0.3658 -0.3645 -0.3580 -0.3480 -0.3358 -0.3224
-0.3263 -0.3394 -0.3513 -0.3606 -0.3660 -0.3655 -0.3555 -0.3305 -0.2804 -0.1941 -0.0881 -0.0137 0.0320 0.0671 0.0983 0.1289 0.1606 0.1924 0.2162 0.2007 0.0715 -0.0726 -0.1324 -0.1648 -0.1887 -0.2087 -0.2267 -0.2436 -0.2598 -0.2756 -0.2911 -0.3061 -0.3206 -0.3342 -0.3466 -0.3569 -0.3642 -0.3667 -0.3619 -0.3454 -0.3099 -0.2439 -0.1433 -0.0489 0.0088 0.0479 0.0801 0.1094 0.1368 0.1593 0.1688 0.1593 0.1368 0.1094 0.0801 0.0479 0.0088 -0.0489 -0.1433 -0.2439 -0.3098 -0.3454 -0.3619 -0.3667 -0.3642 -0.3569 -0.3466 -0.3342 -0.3206 -0.3061 -0.2911 -0.2756 -0.2598 -0.2436 -0.2267 -0.2087 -0.1887 -0.1648 -0.1324 -0.0726 0.0715 0.2007 0.2162 0.1924 0.1606 0.1289 0.0983 0.0671 0.0320 -0.0137 -0.0881 -0.1941 -0.2804 -0.3305 -0.3555 -0.3655 -0.3660 -0.3606 -0.3513 -0.3394 -0.3263
