0.3176 0.2557 0.1991 0.1652 0.1505 0.1426 0.1379 0.1353 0.1347 0.1357 0.1385 0.1429 0.1491 0.1573 0.1676 0.1802 0.1954 0.2134 0.2346 0.2592 0.2873 0.3192 0.3543 0.3917 0.4289 0.4608 0.4804 0.4866 0.4830 0.4717 0.4532 0.4272 0.3930 0.3497 0.2973 0.2383 0.1859 0.1596 0.1477 0.1409 0.1369 0.1350 0.1348 0.1364 0.1396 0.1445 0.1512 0.1595 0.1688 0.1772 0.1809 0.1772 0.1688 0.1595 0.1512 0.1445 0.1396 0.1364 0.1348 0.1350 0.1369 0.1409 0.1477 0.1596 0.1859 0.2383 0.2973 0.3497 0.3930 0.4272 0.4532 0.4717 0.4830 0.4866 0.4804 0.4608 0.4289 0.3917 0.3543 0.3192 0.2873 0.2592 0.2346 0.2134 0.1954 0.1802 0.1676 0.1573 0.1491 0.1429 0.1385 0.1357 0.1347 0.1353 0.1379 0.1426 0.1505 0.1652 0.1991 0.2557 0.3176
0.2557 0.1968 0.1635 0.1495 0.1421 0.1377 0.1354 0.1350 0.1363 0.1392 0.1438 0.1502 0.1586 0.1691 0.1820 0.1973 0.2155 0.2368 0.2614 0.2895 0.3210 0.3555 0.3917 0.4268 0.4556 0.4721 0.4768 0.4728 0.4615 0.4433 0.4179 0.3845 0.3424 0.2914 0.2340 0.1833 0.1580 0.1469 0.1405 0.1368 0.1351 0.1352 0.1369 0.1404 0.1455 0.1525 0.1614 0.1720 0.1837 0.1941 0.1987 0.1941 0.1837 0.1720 0.1614 0.1525 0.1455 0.1404 0.1369 0.1352 0.1351 0.1368 0.1405 0.1469 0.1580 0.1833 0.2340 0.2914 0.3424 0.3845 0.4179 0.4433 0.4615 0.4728 0.4768 0.4721 0.4556 0.4268 0.3917 0.3555 0.3210 0.2895 0.2614 0.2368 0.2155 0.1973 0.1820 0.1691 0.1586 0.1502 0.1438 0.1392 0.1363 0.1350 0.1354 0.1377 0.1421 0.1495 0.1635 0.1968 0.2557
0.1991 0.1635 0.1494 0.1420 0.1376 0.1354 0.1350 0.1363 0.1393 0.1440 0.1505 0.1590 0.1696 0.1825 0.1979 0.2163 0.2376 0.2624 0.2906 0.3222 0.3568 0.3930 0.4280 0.4564 0.4725 0.4768 0.4725 0.4610 0.4425 0.4168 0.3831 0.3407 0.2893 0.2319 0.1819 0.1574 0.1466 0.1403 0.1367 0.1351 0.1352 0.1370 0.1405 0.1457 0.1528 0.1618 0.1729 0.1860 0.2002 0.2128 0.2185 0.2128 0.2002 0.1860 0.1729 0.1618 0.1528 0.1457 0.1405 0.1370 0.1352 0.1351 0.1367 0.1403 0.1466 0.1574 0.1819 0.2319 0.2893 0.3407 0.3831 0.4168 0.4425 0.4610 0.4725 0.4768 0.4725 0.4564 0.4280 0.3930 0.3568 0.3222 0.2906 0.2624 0.2376 0.2163 0.1979 0.1825 0.1696 0.1590 0.1505 0.1440 0.1393 0.1363 0.1350 0.1354 0.1376 0.1420 0.1494 0.1635 0.1991
0.1652 0.1495 0.1420 0.1376 0.1354 0.1350 0.1364 0.1394 0.1442 0.1508 0.1593 0.1700 0.1830 0.1986 0.2170 0.2385 0.2634 0.2917 0.3235 0.3581 0.3943 0.4292 0.4573 0.4728 0.4768 0.4722 0.4604 0.4417 0.4157 0.3817 0.3389 0.2873 0.2297 0.1805 0.1568 0.1463 0.1401 0.1366 0.1351 0.1353 0.1371 0.1407 0.1460 0.1531 0.1623 0.1736 0.1871 0.2028 0.2198 0.2349 0.2416 0.2349 0.2198 0.2028 0.1871 0.1736 0.1623 0.1531 0.1460 0.1407 0.1371 0.1353 0.1351 0.1366 0.1401 0.1463 0.1568 0.1805 0.2297 0.2873 0.3389 0.3817 0.4157 0.4417 0.4604 0.4722 0.4768 0.4728 0.4573 0.4292 0.3943 0.3581 0.3235 0.2917 0.2634 0.2385 0.2170 0.1986 0.1830 0.1700 0.1593 0.1508 0.1442 0.1394 0.1364 0.1350 0.1354 0.1376 0.1420 0.1495 0.1652
0.1505 0.1421 0.1376 0.1354 0.1350 0.1364 0.1395 0.1443 0.1510 0.1596 0.1704 0.1835 0.1992 0.2177 0.2394 0.2644 0.2928 0.3247 0.3595 0.3957 0.4304 0.4581 0.4732 0.4767 0.4719 0.4599 0.4409 0.4145 0.3802 0.3372 0.2852 0.2276 0.1792 0.1563 0.1460 0.1400 0.1365 0.1350 0.1353 0.1372 0.1409 0.1462 0.1534 0.1627 0.1741 0.1879 0.2042 0.2228 0.2428 0.2605 0.2684 0.2605 0.2428 0.2228 0.2042 0.1879 0.1741 0.1627 0.1534 0.1462 0.1409 0.1372 0.1353 0.1350 0.1365 0.1400 0.1460 0.1563 0.1792 0.2276 0.2852 0.3372 0.3802 0.4145 0.4409 0.4599 0.4719 0.4767 0.4732 0.4581 0.4304 0.3957 0.3595 0.3247 0.2928 0.2644 0.2394 0.2177 0.1992 0.1835 0.1704 0.1596 0.1510 0.1443 0.1395 0.1364 0.1350 0.1354 0.1376 0.1421 0.1505
0.1426 0.1377 0.1354 0.1350 0.1364 0.1395 0.1444 0.1511 0.1598 0.1707 0.1839 0.1997 0.2184 0.2402 0.2653 0.2939 0.3260 0.3608 0.3971 0.4316 0.4589 0.4735 0.4767 0.4715 0.4593 0.4400 0.4134 0.3788 0.3354 0.2831 0.2255 0.1780 0.1558 0.1457 0.1398 0.1364 0.1350 0.1354 0.1373 0.1410 0.1464 0.1537 0.1630 0.1746 0.1885 0.2050 0.2244 0.2463 0.2694 0.2899 0.2990 0.2899 0.2694 0.2463 0.2244 0.2050 0.1885 0.1746 0.1630 0.1537 0.1464 0.1410 0.1373 0.1354 0.1350 0.1364 0.1398 0.1457 0.1558 0.1780 0.2255 0.2831 0.3354 0.3788 0.4134 0.4400 0.4593 0.4715 0.4767 0.4735 0.4589 0.4316 0.3971 0.3608 0.3260 0.2939 0.2653 0.2402 0.2184 0.1997 0.1839 0.1707 0.1598 0.1511 0.1444 0.1395 0.1364 0.1350 0.1354 0.1377 0.1426
0.1379 0.1354 0.1350 0.1364 0.1395 0.1444 0.1512 0.1599 0.1709 0.1842 0.2001 0.2189 0.2409 0.2662 0.2950 0.3271 0.3621 0.3984 0.4328 0.4597 0.4738 0.4766 0.4712 0.4587 0.4391 0.4123 0.3773 0.3335 0.2810 0.2233 0.1767 0.1553 0.1454 0.1396 0.1363 0.1350 0.1354 0.1375 0.1412 0.1467 0.1540 0.1634 0.1750 0.1891 0.2058 0.2254 0.2480 0.2733 0.2999 0.3230 0.3333 0.3230 0.2999 0.2733 0.2480 0.2254 0.2058 0.1891 0.1750 0.1634 0.1540 0.1467 0.1412 0.1375 0.1354 0.1350 0.1363 0.1396 0.1454 0.1553 0.1767 0.2233 0.2810 0.3335 0.3773 0.4123 0.4391 0.4587 0.4712 0.4766 0.4738 0.4597 0.4328 0.3984 0.3621 0.3271 0.2950 0.2662 0.2409 0.2189 0.2001 0.1842 0.1709 0.1599 0.1512 0.1444 0.1395 0.1364 0.1350 0.1354 0.1379
0.1353 0.1350 0.1363 0.1394 0.1443 0.1511 0.1599 0.1710 0.1844 0.2004 0.2194 0.2415 0.2669 0.2959 0.3282 0.3633 0.3996 0.4339 0.4604 0.4741 0.4766 0.4709 0.4581 0.4383 0.4111 0.3758 0.3317 0.2789 0.2212 0.1755 0.1548 0.1452 0.1395 0.1363 0.1350 0.1354 0.1376 0.1414 0.1469 0.1544 0.1638 0.1755 0.1896 0.2065 0.2262 0.2491 0.2753 0.3041 0.3339 0.3593 0.3704 0.3593 0.3339 0.3041 0.2753 0.2491 0.2262 0.2065 0.1896 0.1755 0.1638 0.1544 0.1469 0.1414 0.1376 0.1354 0.1350 0.1363 0.1395 0.1452 0.1548 0.1755 0.2212 0.2789 0.3317 0.3758 0.4111 0.4383 0.4581 0.4709 0.4766 0.4741 0.4604 0.4339 0.3996 0.3633 0.3282 0.2959 0.2669 0.2415 0.2194 0.2004 0.1844 0.1710 0.1599 0.1511 0.1443 0.1394 0.1363 0.1350 0.1353
0.1347 0.1363 0.1393 0.1442 0.1510 0.1598 0.1709 0.1844 0.2006 0.2196 0.2419 0.2675 0.2966 0.3291 0.3643 0.4007 0.4350 0.4611 0.4743 0.4765 0.4705 0.4575 0.4374 0.4100 0.3744 0.3299 0.2768 0.2191 0.1744 0.1543 0.1449 0.1393 0.1362 0.1350 0.1355 0.1377 0.1415 0.1472 0.1547 0.1642 0.1760 0.1902 0.2071 0.2270 0.2501 0.2766 0.3063 0.3385 0.3707 0.3972 0.4084 0.3972 0.3707 0.3385 0.3063 0.2766 0.2501 0.2270 0.2071 0.1902 0.1760 0.1642 0.1547 0.1472 0.1415 0.1377 0.1355 0.1350 0.1362 0.1393 0.1449 0.1543 0.1744 0.2191 0.2768 0.3299 0.3744 0.4100 0.4374 0.4575 0.4705 0.4765 0.4743 0.4611 0.4350 0.4007 0.3643 0.3291 0.2966 0.2675 0.2419 0.2196 0.2006 0.1844 0.1709 0.1598 0.1510 0.1442 0.1393 0.1363 0.1347
0.1357 0.1392 0.1440 0.1508 0.1596 0.1707 0.1842 0.2004 0.2196 0.2420 0.2678 0.2971 0.3297 0.3651 0.4016 0.4358 0.4617 0.4746 0.4764 0.4702 0.4569 0.4365 0.4088 0.3729 0.3281 0.2747 0.2170 0.1732 0.1538 0.1446 0.1392 0.1361 0.1350 0.1355 0.1378 0.1417 0.1474 0.1550 0.1646 0.1765 0.1908 0.2078 0.2278 0.2511 0.2777 0.3078 0.3409 0.3755 0.4084 0.4333 0.4429 0.4333 0.4084 0.3755 0.3409 0.3078 0.2777 0.2511 0.2278 0.2078 0.1908 0.1765 0.1646 0.1550 0.1474 0.1417 0.1378 0.1355 0.1350 0.1361 0.1392 0.1446 0.1538 0.1732 0.2170 0.2747 0.3281 0.3729 0.4088 0.4365 0.4569 0.4702 0.4764 0.4746 0.4617 0.4358 0.4016 0.3651 0.3297 0.2971 0.2678 0.2420 0.2196 0.2004 0.1842 0.1707 0.1596 0.1508 0.1440 0.1392 0.1357
0.1385 0.1438 0.1505 0.1593 0.1704 0.1839 0.2001 0.2194 0.2419 0.2678 0.2972 0.3301 0.3657 0.4023 0.4365 0.4622 0.4747 0.4763 0.4699 0.4563 0.4357 0.4076 0.3714 0.3262 0.2725 0.2149 0.1721 0.1534 0.1444 0.1390 0.1360 0.1350 0.1356 0.1379 0.1419 0.1477 0.1553 0.1650 0.1770 0.1914 0.2085 0.2286 0.2520 0.2788 0.3091 0.3425 0.3779 0.4130 0.4426 0.4609 0.4666 0.4609 0.4426 0.4130 0.3779 0.3425 0.3091 0.2788 0.2520 0.2286 0.2085 0.1914 0.1770 0.1650 0.1553 0.1477 0.1419 0.1379 0.1356 0.1350 0.1360 0.1390 0.1444 0.1534 0.1721 0.2149 0.2725 0.3262 0.3714 0.4076 0.4357 0.4563 0.4699 0.4763 0.4747 0.4622 0.4365 0.4023 0.3657 0.3301 0.2972 0.2678 0.2419 0.2194 0.2001 0.1839 0.1704 0.1593 0.1505 0.1438 0.1385
0.1429 0.1502 0.1590 0.1700 0.1835 0.1997 0.2189 0.2415 0.2675 0.2971 0.3301 0.3659 0.4027 0.4369 0.4625 0.4749 0.4763 0.4696 0.4558 0.4350 0.4066 0.3700 0.3245 0.2704 0.2129 0.1711 0.1529 0.1441 0.1389 0.1360 0.1350 0.1357 0.1380 0.1421 0.1479 0.1556 0.1654 0.1775 0.1920 0.2092 0.2295 0.2529 0.2799 0.3103 0.3438 0.3796 0.4152 0.4462 0.4663 0.4745 0.4761 0.4745 0.4663 0.4462 0.4152 0.3796 0.3438 0.3103 0.2799 0.2529 0.2295 0.2092 0.1920 0.1775 0.1654 0.1556 0.1479 0.1421 0.1380 0.1357 0.1350 0.1360 0.1389 0.1441 0.1529 0.1711 0.2129 0.2704 0.3245 0.3700 0.4066 0.4350 0.4558 0.4696 0.4763 0.4749 0.4625 0.4369 0.4027 0.3659 0.3301 0.2971 0.2675 0.2415 0.2189 0.1997 0.1835 0.1700 0.1590 0.1502 0.1429
0.1491 0.1586 0.1696 0.1830 0.1992 0.2184 0.2409 0.2669 0.2966 0.3297 0.3657 0.4027 0.4371 0.4627 0.4750 0.4762 0.4694 0.4554 0.4343 0.4057 0.3688 0.3230 0.2686 0.2110 0.1701 0.1525 0.1439 0.1387 0.1359 0.1350 0.1357 0.1381 0.1423 0.1482 0.1560 0.1658 0.1779 0.1926 0.2099 0.2303 0.2539 0.2810 0.3115 0.3452 0.3810 0.4168 0.4479 0.4682 0.4761 0.4763 0.4750 0.4763 0.4761 0.4682 0.4479 0.4168 0.3810 0.3452 0.3115 0.2810 0.2539 0.2303 0.2099 0.1926 0.1779 0.1658 0.1560 0.1482 0.1423 0.1381 0.1357 0.1350 0.1359 0.1387 0.1439 0.1525 0.1701 0.2110 0.2686 0.3230 0.3688 0.4057 0.4343 0.4554 0.4694 0.4762 0.4750 0.4627 0.4371 0.4027 0.3657 0.3297 0.2966 0.2669 0.2409 0.2184 0.1992 0.1830 0.1696 0.1586 0.1491
0.1573 0.1691 0.1825 0.1986 0.2177 0.2402 0.2662 0.2959 0.3291 0.3651 0.4023 0.4369 0.4627 0.4750 0.4762 0.4693 0.4551 0.4339 0.4050 0.3678 0.3216 0.2669 0.2094 0.1693 0.1521 0.1436 0.1386 0.1358 0.1349 0.1358 0.1383 0.1425 0.1484 0.1563 0.1662 0.1784 0.1931 0.2106 0.2311 0.2548 0.2820 0.3127 0.3465 0.3824 0.4182 0.4492 0.4691 0.4765 0.4752 0.4694 0.4657 0.4694 0.4752 0.4765 0.4691 0.4492 0.4182 0.3824 0.3465 0.3127 0.2820 0.2548 0.2311 0.2106 0.1931 0.1784 0.1662 0.1563 0.1484 0.1425 0.1383 0.1358 0.1349 0.1358 0.1386 0.1436 0.1521 0.1693 0.2094 0.2669 0.3216 0.3678 0.4050 0.4339 0.4551 0.4693 0.4762 0.4750 0.4627 0.4369 0.4023 0.3651 0.3291 0.2959 0.2662 0.2402 0.2177 0.1986 0.1825 0.1691 0.1573
0.1676 0.1820 0.1979 0.2170 0.2394 0.2653 0.2950 0.3282 0.3643 0.4016 0.4365 0.4625 0.4750 0.4762 0.4692 0.4550 0.4336 0.4045 0.3670 0.3205 0.2655 0.2079 0.1686 0.1518 0.1434 0.1384 0.1358 0.1349 0.1358 0.1384 0.1426 0.1487 0.1566 0.1667 0.1789 0.1938 0.2113 0.2319 0.2558 0.2831 0.3139 0.3478 0.3837 0.4194 0.4502 0.4696 0.4766 0.4745 0.4661 0.4549 0.4489 0.4549 0.4661 0.4745 0.4766 0.4696 0.4502 0.4194 0.3837 0.3478 0.3139 0.2831 0.2558 0.2319 0.2113 0.1938 0.1789 0.1667 0.1566 0.1487 0.1426 0.1384 0.1358 0.1349 0.1358 0.1384 0.1434 0.1518 0.1686 0.2079 0.2655 0.3205 0.3670 0.4045 0.4336 0.4550 0.4692 0.4762 0.4750 0.4625 0.4365 0.4016 0.3643 0.3282 0.2950 0.2653 0.2394 0.2170 0.1979 0.1820 0.1676
0.1802 0.1973 0.2163 0.2385 0.2644 0.2939 0.3271 0.3633 0.4007 0.4358 0.4622 0.4749 0.4762 0.4693 0.4550 0.4334 0.4042 0.3665 0.3197 0.2644 0.2068 0.1680 0.1515 0.1433 0.1383 0.1357 0.1350 0.1359 0.1385 0.1428 0.1489 0.1570 0.1671 0.1795 0.1944 0.2120 0.2328 0.2568 0.2842 0.3151 0.3491 0.3851 0.4207 0.4512 0.4701 0.4767 0.4741 0.4645 0.4495 0.4329 0.4244 0.4329 0.4495 0.4645 0.4741 0.4767 0.4701 0.4512 0.4207 0.3851 0.3491 0.3151 0.2842 0.2568 0.2328 0.2120 0.1944 0.1795 0.1671 0.1570 0.1489 0.1428 0.1385 0.1359 0.1350 0.1357 0.1383 0.1433 0.1515 0.1680 0.2068 0.2644 0.3197 0.3665 0.4042 0.4334 0.4550 0.4693 0.4762 0.4749 0.4622 0.4358 0.4007 0.3633 0.3271 0.2939 0.2644 0.2385 0.2163 0.1973 0.1802
0.1954 0.2155 0.2376 0.2634 0.2928 0.3260 0.3621 0.3996 0.4350 0.4617 0.4747 0.4763 0.4694 0.4551 0.4336 0.4042 0.3663 0.3193 0.2637 0.2060 0.1675 0.1513 0.1431 0.1382 0.1357 0.1350 0.1360 0.1386 0.1430 0.1492 0.1573 0.1675 0.1800 0.1950 0.2127 0.2336 0.2577 0.2853 0.3163 0.3504 0.3865 0.4220 0.4521 0.4706 0.4767 0.4738 0.4637 0.4471 0.4252 0.4027 0.3916 0.4027 0.4252 0.4471 0.4637 0.4738 0.4767 0.4706 0.4521 0.4220 0.3865 0.3504 0.3163 0.2853 0.2577 0.2336 0.2127 0.1950 0.1800 0.1675 0.1573 0.1492 0.1430 0.1386 0.1360 0.1350 0.1357 0.1382 0.1431 0.1513 0.1675 0.2060 0.2637 0.3193 0.3663 0.4042 0.4336 0.4551 0.4694 0.4763 0.4747 0.4617 0.4350 0.3996 0.3621 0.3260 0.2928 0.2634 0.2376 0.2155 0.1954
0.2134 0.2368 0.2624 0.2917 0.3247 0.3608 0.3984 0.4339 0.4611 0.4746 0.4763 0.4696 0.4554 0.4339 0.4045 0.3665 0.3193 0.2635 0.2056 0.1672 0.1511 0.1430 0.1382 0.1356 0.1350 0.1360 0.1387 0.1432 0.1494 0.1576 0.1679 0.1805 0.1956 0.2135 0.2344 0.2587 0.2864 0.3175 0.3517 0.3878 0.4233 0.4530 0.4710 0.4768 0.4736 0.4631 0.4458 0.4219 0.3926 0.3636 0.3495 0.3636 0.3926 0.4219 0.4458 0.4631 0.4736 0.4768 0.4710 0.4530 0.4233 0.3878 0.3517 0.3175 0.2864 0.2587 0.2344 0.2135 0.1956 0.1805 0.1679 0.1576 0.1494 0.1432 0.1387 0.1360 0.1350 0.1356 0.1382 0.1430 0.1511 0.1672 0.2056 0.2635 0.3193 0.3665 0.4045 0.4339 0.4554 0.4696 0.4763 0.4746 0.4611 0.4339 0.3984 0.3608 0.3247 0.2917 0.2624 0.2368 0.2134
0.2346 0.2614 0.2906 0.3235 0.3595 0.3971 0.4328 0.4604 0.4743 0.4764 0.4699 0.4558 0.4343 0.4050 0.3670 0.3197 0.2637 0.2056 0.1671 0.1511 0.1429 0.1381 0.1356 0.1350 0.1360 0.1388 0.1433 0.1496 0.1579 0.1682 0.1809 0.1962 0.2142 0.2353 0.2596 0.2875 0.3188 0.3531 0.3892 0.4245 0.4539 0.4714 0.4768 0.4733 0.4625 0.4448 0.4201 0.3883 0.3509 0.3150 0.2980 0.3150 0.3509 0.3883 0.4201 0.4448 0.4625 0.4733 0.4768 0.4714 0.4539 0.4245 0.3892 0.3531 0.3188 0.2875 0.2596 0.2353 0.2142 0.1962 0.1809 0.1682 0.1579 0.1496 0.1433 0.1388 0.1360 0.1350 0.1356 0.1381 0.1429 0.1511 0.1671 0.2056 0.2637 0.3197 0.3670 0.4050 0.4343 0.4558 0.4699 0.4764 0.4743 0.4604 0.4328 0.3971 0.3595 0.3235 0.2906 0.2614 0.2346
0.2592 0.2895 0.3222 0.3581 0.3957 0.4316 0.4597 0.4741 0.4765 0.4702 0.4563 0.4350 0.4057 0.3678 0.3205 0.2644 0.2060 0.1672 0.1511 0.1429 0.1381 0.1356 0.1350 0.1361 0.1389 0.1434 0.1498 0.1581 0.1686 0.1813 0.1967 0.2148 0.2360 0.2606 0.2886 0.3200 0.3544 0.3906 0.4258 0.4549 0.4718 0.4768 0.4730 0.4620 0.4440 0.4188 0.3859 0.3454 0.2995 0.2578 0.2393 0.2578 0.2995 0.3454 0.3859 0.4188 0.4440 0.4620 0.4730 0.4768 0.4718 0.4549 0.4258 0.3906 0.3544 0.3200 0.2886 0.2606 0.2360 0.2148 0.1967 0.1813 0.1686 0.1581 0.1498 0.1434 0.1389 0.1361 0.1350 0.1356 0.1381 0.1429 0.1511 0.1672 0.2060 0.2644 0.3205 0.3678 0.4057 0.4350 0.4563 0.4702 0.4765 0.4741 0.4597 0.4316 0.3957 0.3581 0.3222 0.2895 0.2592
0.2873 0.3210 0.3568 0.3943 0.4304 0.4589 0.4738 0.4766 0.4705 0.4569 0.4357 0.4066 0.3688 0.3216 0.2655 0.2068 0.1675 0.1511 0.1429 0.1381 0.1356 0.1350 0.1361 0.1389 0.1435 0.1499 0.1583 0.1688 0.1817 0.1971 0.2154 0.2367 0.2614 0.2896 0.3212 0.3557 0.3919 0.4270 0.4557 0.4722 0.4768 0.4727 0.4614 0.4432 0.4177 0.3843 0.3425 0.2929 0.2407 0.2003 0.1863 0.2003 0.2407 0.2929 0.3425 0.3843 0.4177 0.4432 0.4614 0.4727 0.4768 0.4722 0.4557 0.4270 0.3919 0.3557 0.3212 0.2896 0.2614 0.2367 0.2154 0.1971 0.1817 0.1688 0.1583 0.1499 0.1435 0.1389 0.1361 0.1350 0.1356 0.1381 0.1429 0.1511 0.1675 0.2068 0.2655 0.3216 0.3688 0.4066 0.4357 0.4569 0.4705 0.4766 0.4738 0.4589 0.4304 0.3943 0.3568 0.3210 0.2873
0.3192 0.3555 0.3930 0.4292 0.4581 0.4735 0.4766 0.4709 0.4575 0.4365 0.4076 0.3700 0.3230 0.2669 0.2079 0.1680 0.1513 0.1430 0.1381 0.1356 0.1350 0.1361 0.1390 0.1436 0.1500 0.1585 0.1691 0.1820 0.1975 0.2159 0.2374 0.2622 0.2905 0.3222 0.3569 0.3932 0.4282 0.4566 0.4726 0.4768 0.4724 0.4609 0.4424 0.4165 0.3828 0.3404 0.2894 0.2335 0.1866 0.1647 0.1591 0.1647 0.1866 0.2335 0.2894 0.3404 0.3828 0.4165 0.4424 0.4609 0.4724 0.4768 0.4726 0.4566 0.4282 0.3932 0.3569 0.3222 0.2905 0.2622 0.2374 0.2159 0.1975 0.1820 0.1691 0.1585 0.1500 0.1436 0.1390 0.1361 0.1350 0.1356 0.1381 0.1430 0.1513 0.1680 0.2079 0.2669 0.3230 0.3700 0.4076 0.4365 0.4575 0.4709 0.4766 0.4735 0.4581 0.4292 0.3930 0.3555 0.3192
0.3543 0.3917 0.4280 0.4573 0.4732 0.4767 0.4712 0.4581 0.4374 0.4088 0.3714 0.3245 0.2686 0.2094 0.1686 0.1515 0.1431 0.1382 0.1356 0.1350 0.1361 0.1390 0.1436 0.1501 0.1586 0.1692 0.1822 0.1978 0.2163 0.2379 0.2629 0.2913 0.3232 0.3580 0.3943 0.4293 0.4573 0.4729 0.4768 0.4721 0.4603 0.4415 0.4154 0.3814 0.3386 0.2870 0.2299 0.1817 0.1588 0.1499 0.1472 0.1499 0.1588 0.1817 0.2299 0.2870 0.3386 0.3814 0.4154 0.4415 0.4603 0.4721 0.4768 0.4729 0.4573 0.4293 0.3943 0.3580 0.3232 0.2913 0.2629 0.2379 0.2163 0.1978 0.1822 0.1692 0.1586 0.1501 0.1436 0.1390 0.1361 0.1350 0.1356 0.1382 0.1431 0.1515 0.1686 0.2094 0.2686 0.3245 0.3714 0.4088 0.4374 0.4581 0.4712 0.4767 0.4732 0.4573 0.4280 0.3917 0.3543
0.3917 0.4268 0.4564 0.4728 0.4767 0.4715 0.4587 0.4383 0.4100 0.3729 0.3262 0.2704 0.2110 0.1693 0.1518 0.1433 0.1382 0.1356 0.1350 0.1361 0.1389 0.1436 0.1501 0.1586 0.1693 0.1824 0.1981 0.2166 0.2383 0.2634 0.2920 0.3240 0.3589 0.3954 0.4303 0.4580 0.4732 0.4767 0.4718 0.4597 0.4407 0.4143 0.3799 0.3368 0.2848 0.2273 0.1793 0.1568 0.1470 0.1420 0.1404 0.1420 0.1470 0.1568 0.1793 0.2273 0.2848 0.3368 0.3799 0.4143 0.4407 0.4597 0.4718 0.4767 0.4732 0.4580 0.4303 0.3954 0.3589 0.3240 0.2920 0.2634 0.2383 0.2166 0.1981 0.1824 0.1693 0.1586 0.1501 0.1436 0.1389 0.1361 0.1350 0.1356 0.1382 0.1433 0.1518 0.1693 0.2110 0.2704 0.3262 0.3729 0.4100 0.4383 0.4587 0.4715 0.4767 0.4728 0.4564 0.4268 0.3917
0.4289 0.4556 0.4725 0.4768 0.4719 0.4593 0.4391 0.4111 0.3744 0.3281 0.2725 0.2129 0.1701 0.1521 0.1434 0.1383 0.1357 0.1350 0.1360 0.1389 0.1435 0.1500 0.1586 0.1693 0.1824 0.1982 0.2168 0.2386 0.2638 0.2925 0.3247 0.3598 0.3963 0.4312 0.4587 0.4734 0.4767 0.4715 0.4592 0.4399 0.4132 0.3785 0.3350 0.2827 0.2250 0.1778 0.1558 0.1460 0.1404 0.1375 0.1366 0.1375 0.1404 0.1460 0.1558 0.1778 0.2250 0.2827 0.3350 0.3785 0.4132 0.4399 0.4592 0.4715 0.4767 0.4734 0.4587 0.4312 0.3963 0.3598 0.3247 0.2925 0.2638 0.2386 0.2168 0.1982 0.1824 0.1693 0.1586 0.1500 0.1435 0.1389 0.1360 0.1350 0.1357 0.1383 0.1434 0.1521 0.1701 0.2129 0.2725 0.3281 0.3744 0.4111 0.4391 0.4593 0.4719 0.4768 0.4725 0.4556 0.4289
0.4608 0.4721 0.4768 0.4722 0.4599 0.4400 0.4123 0.3758 0.3299 0.2747 0.2149 0.1711 0.1525 0.1436 0.1384 0.1357 0.1350 0.1360 0.1388 0.1434 0.1499 0.1585 0.1692 0.1824 0.1982 0.2169 0.2388 0.2641 0.2929 0.3252 0.3604 0.3970 0.4319 0.4592 0.4737 0.4767 0.4713 0.4587 0.4391 0.4122 0.3771 0.3332 0.2806 0.2229 0.1765 0.1552 0.1455 0.1398 0.1366 0.1353 0.1349 0.1353 0.1366 0.1398 0.1455 0.1552 0.1765 0.2229 0.2806 0.3332 0.3771 0.4122 0.4391 0.4587 0.4713 0.4767 0.4737 0.4592 0.4319 0.3970 0.3604 0.3252 0.2929 0.2641 0.2388 0.2169 0.1982 0.1824 0.1692 0.1585 0.1499 0.1434 0.1388 0.1360 0.1350 0.1357 0.1384 0.1436 0.1525 0.1711 0.2149 0.2747 0.3299 0.3758 0.4123 0.4400 0.4599 0.4722 0.4768 0.4721 0.4608
0.4804 0.4768 0.4725 0.4604 0.4409 0.4134 0.3773 0.3317 0.2768 0.2170 0.1721 0.1529 0.1439 0.1386 0.1358 0.1350 0.1360 0.1387 0.1433 0.1498 0.1583 0.1691 0.1822 0.1981 0.2168 0.2388 0.2642 0.2931 0.3255 0.3608 0.3975 0.4324 0.4596 0.4738 0.4766 0.4710 0.4583 0.4384 0.4112 0.3758 0.3316 0.2786 0.2208 0.1753 0.1547 0.1451 0.1395 0.1363 0.1350 0.1350 0.1352 0.1350 0.1350 0.1363 0.1395 0.1451 0.1547 0.1753 0.2208 0.2786 0.3316 0.3758 0.4112 0.4384 0.4583 0.4710 0.4766 0.4738 0.4596 0.4324 0.3975 0.3608 0.3255 0.2931 0.2642 0.2388 0.2168 0.1981 0.1822 0.1691 0.1583 0.1498 0.1433 0.1387 0.1360 0.1350 0.1358 0.1386 0.1439 0.1529 0.1721 0.2170 0.2768 0.3317 0.3773 0.4134 0.4409 0.4604 0.4725 0.4768 0.4804
0.4866 0.4728 0.4610 0.4417 0.4145 0.3788 0.3335 0.2789 0.2191 0.1732 0.1534 0.1441 0.1387 0.1358 0.1349 0.1359 0.1386 0.1432 0.1496 0.1581 0.1688 0.1820 0.1978 0.2166 0.2386 0.2641 0.2931 0.3256 0.3611 0.3979 0.4328 0.4599 0.4740 0.4766 0.4708 0.4579 0.4378 0.4103 0.3747 0.3301 0.2768 0.2190 0.1742 0.1542 0.1448 0.1393 0.1362 0.1350 0.1353 0.1365 0.1372 0.1365 0.1353 0.1350 0.1362 0.1393 0.1448 0.1542 0.1742 0.2190 0.2768 0.3301 0.3747 0.4103 0.4378 0.4579 0.4708 0.4766 0.4740 0.4599 0.4328 0.3979 0.3611 0.3256 0.2931 0.2641 0.2386 0.2166 0.1978 0.1820 0.1688 0.1581 0.1496 0.1432 0.1386 0.1359 0.1349 0.1358 0.1387 0.1441 0.1534 0.1732 0.2191 0.2789 0.3335 0.3788 0.4145 0.4417 0.4610 0.4728 0.4866
0.4830 0.4615 0.4425 0.4157 0.3802 0.3354 0.2810 0.2212 0.1744 0.1538 0.1444 0.1389 0.1359 0.1349 0.1358 0.1385 0.1430 0.1494 0.1579 0.1686 0.1817 0.1975 0.2163 0.2383 0.2638 0.2929 0.3255 0.3611 0.3980 0.4330 0.4601 0.4741 0.4765 0.4707 0.4575 0.4373 0.4096 0.3737 0.3288 0.2752 0.2172 0.1733 0.1538 0.1446 0.1391 0.1361 0.1350 0.1355 0.1374 0.1398 0.1410 0.1398 0.1374 0.1355 0.1350 0.1361 0.1391 0.1446 0.1538 0.1733 0.2172 0.2752 0.3288 0.3737 0.4096 0.4373 0.4575 0.4707 0.4765 0.4741 0.4601 0.4330 0.3980 0.3611 0.3255 0.2929 0.2638 0.2383 0.2163 0.1975 0.1817 0.1686 0.1579 0.1494 0.1430 0.1385 0.1358 0.1349 0.1359 0.1389 0.1444 0.1538 0.1744 0.2212 0.2810 0.3354 0.3802 0.4157 0.4425 0.4615 0.4830
0.4717 0.4433 0.4168 0.3817 0.3372 0.2831 0.2233 0.1755 0.1543 0.1446 0.1390 0.1360 0.1350 0.1358 0.1384 0.1428 0.1492 0.1576 0.1682 0.1813 0.1971 0.2159 0.2379 0.2634 0.2925 0.3252 0.3608 0.3979 0.4330 0.4602 0.4741 0.4765 0.4706 0.4573 0.4369 0.4090 0.3728 0.3276 0.2737 0.2157 0.1724 0.1534 0.1444 0.1390 0.1360 0.1350 0.1356 0.1378 0.1412 0.1449 0.1467 0.1449 0.1412 0.1378 0.1356 0.1350 0.1360 0.1390 0.1444 0.1534 0.1724 0.2157 0.2737 0.3276 0.3728 0.4090 0.4369 0.4573 0.4706 0.4765 0.4741 0.4602 0.4330 0.3979 0.3608 0.3252 0.2925 0.2634 0.2379 0.2159 0.1971 0.1813 0.1682 0.1576 0.1492 0.1428 0.1384 0.1358 0.1350 0.1360 0.1390 0.1446 0.1543 0.1755 0.2233 0.2831 0.3372 0.3817 0.4168 0.4433 0.4717
0.4532 0.4179 0.3831 0.3389 0.2852 0.2255 0.1767 0.1548 0.1449 0.1392 0.1360 0.1350 0.1357 0.1383 0.1426 0.1489 0.1573 0.1679 0.1809 0.1967 0.2154 0.2374 0.2629 0.2920 0.3247 0.3604 0.3975 0.4328 0.4601 0.4741 0.4765 0.4705 0.4572 0.4367 0.4085 0.3721 0.3266 0.2725 0.2144 0.1717 0.1531 0.1442 0.1389 0.1360 0.1350 0.1357 0.1380 0.1419 0.1470 0.1521 0.1545 0.1521 0.1470 0.1419 0.1380 0.1357 0.1350 0.1360 0.1389 0.1442 0.1531 0.1717 0.2144 0.2725 0.3266 0.3721 0.4085 0.4367 0.4572 0.4705 0.4765 0.4741 0.4601 0.4328 0.3975 0.3604 0.3247 0.2920 0.2629 0.2374 0.2154 0.1967 0.1809 0.1679 0.1573 0.1489 0.1426 0.1383 0.1357 0.1350 0.1360 0.1392 0.1449 0.1548 0.1767 0.2255 0.2852 0.3389 0.3831 0.4179 0.4532
0.4272 0.3845 0.3407 0.2873 0.2276 0.1780 0.1553 0.1452 0.1393 0.1361 0.1350 0.1357 0.1381 0.1425 0.1487 0.1570 0.1675 0.1805 0.1962 0.2148 0.2367 0.2622 0.2913 0.3240 0.3598 0.3970 0.4324 0.4599 0.4741 0.4765 0.4705 0.4571 0.4365 0.4082 0.3716 0.3259 0.2715 0.2133 0.1711 0.1528 0.1440 0.1388 0.1359 0.1350 0.1357 0.1381 0.1422 0.1479 0.1548 0.1614 0.1644 0.1614 0.1548 0.1479 0.1422 0.1381 0.1357 0.1350 0.1359 0.1388 0.1440 0.1528 0.1711 0.2133 0.2715 0.3259 0.3716 0.4082 0.4365 0.4571 0.4705 0.4765 0.4741 0.4599 0.4324 0.3970 0.3598 0.3240 0.2913 0.2622 0.2367 0.2148 0.1962 0.1805 0.1675 0.1570 0.1487 0.1425 0.1381 0.1357 0.1350 0.1361 0.1393 0.1452 0.1553 0.1780 0.2276 0.2873 0.3407 0.3845 0.4272
0.3930 0.3424 0.2893 0.2297 0.1792 0.1558 0.1454 0.1395 0.1362 0.1350 0.1356 0.1380 0.1423 0.1484 0.1566 0.1671 0.1800 0.1956 0.2142 0.2360 0.2614 0.2905 0.3232 0.3589 0.3963 0.4319 0.4596 0.4740 0.4765 0.4706 0.4572 0.4365 0.4082 0.3714 0.3255 0.2709 0.2125 0.1706 0.1526 0.1439 0.1387 0.1359 0.1349 0.1358 0.1382 0.1424 0.1483 0.1559 0.1647 0.1730 0.1768 0.1730 0.1647 0.1559 0.1483 0.1424 0.1382 0.1358 0.1349 0.1359 0.1387 0.1439 0.1526 0.1706 0.2125 0.2709 0.3255 0.3714 0.4082 0.4365 0.4572 0.4706 0.4765 0.4740 0.4596 0.4319 0.3963 0.3589 0.3232 0.2905 0.2614 0.2360 0.2142 0.1956 0.1800 0.1671 0.1566 0.1484 0.1423 0.1380 0.1356 0.1350 0.1362 0.1395 0.1454 0.1558 0.1792 0.2297 0.2893 0.3424 0.3930
0.3497 0.2914 0.2319 0.1805 0.1563 0.1457 0.1396 0.1363 0.1350 0.1355 0.1379 0.1421 0.1482 0.1563 0.1667 0.1795 0.1950 0.2135 0.2353 0.2606 0.2896 0.3222 0.3580 0.3954 0.4312 0.4592 0.4738 0.4766 0.4707 0.4573 0.4367 0.4082 0.3714 0.3253 0.2705 0.2121 0.1703 0.1525 0.1438 0.1386 0.1358 0.1349 0.1358 0.1383 0.1426 0.1486 0.1565 0.1661 0.1771 0.1872 0.1918 0.1872 0.1771 0.1661 0.1565 0.1486 0.1426 0.1383 0.1358 0.1349 0.1358 0.1386 0.1438 0.1525 0.1703 0.2121 0.2705 0.3253 0.3714 0.4082 0.4367 0.4573 0.4707 0.4766 0.4738 0.4592 0.4312 0.3954 0.3580 0.3222 0.2896 0.2606 0.2353 0.2135 0.1950 0.1795 0.1667 0.1563 0.1482 0.1421 0.1379 0.1355 0.1350 0.1363 0.1396 0.1457 0.1563 0.1805 0.2319 0.2914 0.3497
0.2973 0.2340 0.1819 0.1568 0.1460 0.1398 0.1363 0.1350 0.1355 0.1378 0.1419 0.1479 0.1560 0.1662 0.1789 0.1944 0.2127 0.2344 0.2596 0.2886 0.3212 0.3569 0.3943 0.4303 0.4587 0.4737 0.4766 0.4708 0.4575 0.4369 0.4085 0.3716 0.3255 0.2705 0.2119 0.1702 0.1524 0.1437 0.1386 0.1358 0.1349 0.1358 0.1384 0.1427 0.1488 0.1568 0.1668 0.1788 0.1920 0.2042 0.2097 0.2042 0.1920 0.1788 0.1668 0.1568 0.1488 0.1427 0.1384 0.1358 0.1349 0.1358 0.1386 0.1437 0.1524 0.1702 0.2119 0.2705 0.3255 0.3716 0.4085 0.4369 0.4575 0.4708 0.4766 0.4737 0.4587 0.4303 0.3943 0.3569 0.3212 0.2886 0.2596 0.2344 0.2127 0.1944 0.1789 0.1662 0.1560 0.1479 0.1419 0.1378 0.1355 0.1350 0.1363 0.1398 0.1460 0.1568 0.1819 0.2340 0.2973
0.2383 0.1833 0.1574 0.1463 0.1400 0.1364 0.1350 0.1354 0.1377 0.1417 0.1477 0.1556 0.1658 0.1784 0.1938 0.2120 0.2336 0.2587 0.2875 0.3200 0.3557 0.3932 0.4293 0.4580 0.4734 0.4767 0.4710 0.4579 0.4373 0.4090 0.3721 0.3259 0.2709 0.2121 0.1702 0.1523 0.1436 0.1385 0.1358 0.1349 0.1359 0.1385 0.1428 0.1490 0.1571 0.1672 0.1796 0.1941 0.2100 0.2244 0.2309 0.2244 0.2100 0.1941 0.1796 0.1672 0.1571 0.1490 0.1428 0.1385 0.1359 0.1349 0.1358 0.1385 0.1436 0.1523 0.1702 0.2121 0.2709 0.3259 0.3721 0.4090 0.4373 0.4579 0.4710 0.4767 0.4734 0.4580 0.4293 0.3932 0.3557 0.3200 0.2875 0.2587 0.2336 0.2120 0.1938 0.1784 0.1658 0.1556 0.1477 0.1417 0.1377 0.1354 0.1350 0.1364 0.1400 0.1463 0.1574 0.1833 0.2383
0.1859 0.1580 0.1466 0.1401 0.1365 0.1350 0.1354 0.1376 0.1415 0.1474 0.1553 0.1654 0.1779 0.1931 0.2113 0.2328 0.2577 0.2864 0.3188 0.3544 0.3919 0.4282 0.4573 0.4732 0.4767 0.4713 0.4583 0.4378 0.4096 0.3728 0.3266 0.2715 0.2125 0.1703 0.1524 0.1436 0.1385 0.1358 0.1349 0.1359 0.1385 0.1429 0.1491 0.1573 0.1675 0.1801 0.1950 0.2124 0.2311 0.2480 0.2556 0.2480 0.2311 0.2124 0.1950 0.1801 0.1675 0.1573 0.1491 0.1429 0.1385 0.1359 0.1349 0.1358 0.1385 0.1436 0.1524 0.1703 0.2125 0.2715 0.3266 0.3728 0.4096 0.4378 0.4583 0.4713 0.4767 0.4732 0.4573 0.4282 0.3919 0.3544 0.3188 0.2864 0.2577 0.2328 0.2113 0.1931 0.1779 0.1654 0.1553 0.1474 0.1415 0.1376 0.1354 0.1350 0.1365 0.1401 0.1466 0.1580 0.1859
0.1596 0.1469 0.1403 0.1366 0.1350 0.1354 0.1375 0.1414 0.1472 0.1550 0.1650 0.1775 0.1926 0.2106 0.2319 0.2568 0.2853 0.3175 0.3531 0.3906 0.4270 0.4566 0.4729 0.4767 0.4715 0.4587 0.4384 0.4103 0.3737 0.3276 0.2725 0.2133 0.1706 0.1525 0.1437 0.1385 0.1358 0.1349 0.1359 0.1386 0.1430 0.1492 0.1574 0.1677 0.1804 0.1956 0.2134 0.2338 0.2557 0.2752 0.2840 0.2752 0.2557 0.2338 0.2134 0.1956 0.1804 0.1677 0.1574 0.1492 0.1430 0.1386 0.1359 0.1349 0.1358 0.1385 0.1437 0.1525 0.1706 0.2133 0.2725 0.3276 0.3737 0.4103 0.4384 0.4587 0.4715 0.4767 0.4729 0.4566 0.4270 0.3906 0.3531 0.3175 0.2853 0.2568 0.2319 0.2106 0.1926 0.1775 0.1650 0.1550 0.1472 0.1414 0.1375 0.1354 0.1350 0.1366 0.1403 0.1469 0.1596
0.1477 0.1405 0.1367 0.1351 0.1353 0.1373 0.1412 0.1469 0.1547 0.1646 0.1770 0.1920 0.2099 0.2311 0.2558 0.2842 0.3163 0.3517 0.3892 0.4258 0.4557 0.4726 0.4768 0.4718 0.4592 0.4391 0.4112 0.3747 0.3288 0.2737 0.2144 0.1711 0.1526 0.1438 0.1386 0.1358 0.1349 0.1359 0.1386 0.1430 0.1493 0.1575 0.1679 0.1806 0.1959 0.2140 0.2350 0.2588 0.2840 0.3062 0.3162 0.3062 0.2840 0.2588 0.2350 0.2140 0.1959 0.1806 0.1679 0.1575 0.1493 0.1430 0.1386 0.1359 0.1349 0.1358 0.1386 0.1438 0.1526 0.1711 0.2144 0.2737 0.3288 0.3747 0.4112 0.4391 0.4592 0.4718 0.4768 0.4726 0.4557 0.4258 0.3892 0.3517 0.3163 0.2842 0.2558 0.2311 0.2099 0.1920 0.1770 0.1646 0.1547 0.1469 0.1412 0.1373 0.1353 0.1351 0.1367 0.1405 0.1477
0.1409 0.1368 0.1351 0.1353 0.1372 0.1410 0.1467 0.1544 0.1642 0.1765 0.1914 0.2092 0.2303 0.2548 0.2831 0.3151 0.3504 0.3878 0.4245 0.4549 0.4722 0.4768 0.4721 0.4597 0.4399 0.4122 0.3758 0.3301 0.2752 0.2157 0.1717 0.1528 0.1439 0.1386 0.1358 0.1349 0.1359 0.1386 0.1430 0.1493 0.1576 0.1680 0.1808 0.1962 0.2144 0.2356 0.2601 0.2874 0.3159 0.3407 0.3516 0.3407 0.3159 0.2874 0.2601 0.2356 0.2144 0.1962 0.1808 0.1680 0.1576 0.1493 0.1430 0.1386 0.1359 0.1349 0.1358 0.1386 0.1439 0.1528 0.1717 0.2157 0.2752 0.3301 0.3758 0.4122 0.4399 0.4597 0.4721 0.4768 0.4722 0.4549 0.4245 0.3878 0.3504 0.3151 0.2831 0.2548 0.2303 0.2092 0.1914 0.1765 0.1642 0.1544 0.1467 0.1410 0.1372 0.1353 0.1351 0.1368 0.1409
0.1369 0.1351 0.1352 0.1371 0.1409 0.1464 0.1540 0.1638 0.1760 0.1908 0.2085 0.2295 0.2539 0.2820 0.3139 0.3491 0.3865 0.4233 0.4539 0.4718 0.4768 0.4724 0.4603 0.4407 0.4132 0.3771 0.3316 0.2768 0.2172 0.1724 0.1531 0.1440 0.1387 0.1358 0.1349 0.1359 0.1385 0.1430 0.1493 0.1576 0.1680 0.1809 0.1963 0.2146 0.2360 0.2607 0.2888 0.3196 0.3511 0.3777 0.3891 0.3777 0.3511 0.3196 0.2888 0.2607 0.2360 0.2146 0.1963 0.1809 0.1680 0.1576 0.1493 0.1430 0.1385 0.1359 0.1349 0.1358 0.1387 0.1440 0.1531 0.1724 0.2172 0.2768 0.3316 0.3771 0.4132 0.4407 0.4603 0.4724 0.4768 0.4718 0.4539 0.4233 0.3865 0.3491 0.3139 0.2820 0.2539 0.2295 0.2085 0.1908 0.1760 0.1638 0.1540 0.1464 0.1409 0.1371 0.1352 0.1351 0.1369
0.1350 0.1352 0.1370 0.1407 0.1462 0.1537 0.1634 0.1755 0.1902 0.2078 0.2286 0.2529 0.2810 0.3127 0.3478 0.3851 0.4220 0.4530 0.4714 0.4768 0.4727 0.4609 0.4415 0.4143 0.3785 0.3332 0.2786 0.2190 0.1733 0.1534 0.1442 0.1388 0.1359 0.1349 0.1358 0.1385 0.1429 0.1492 0.1575 0.1680 0.1809 0.1963 0.2147 0.2362 0.2611 0.2894 0.3210 0.3549 0.3882 0.4149 0.4258 0.4149 0.3882 0.3549 0.3210 0.2894 0.2611 0.2362 0.2147 0.1963 0.1809 0.1680 0.1575 0.1492 0.1429 0.1385 0.1358 0.1349 0.1359 0.1388 0.1442 0.1534 0.1733 0.2190 0.2786 0.3332 0.3785 0.4143 0.4415 0.4609 0.4727 0.4768 0.4714 0.4530 0.4220 0.3851 0.3478 0.3127 0.2810 0.2529 0.2286 0.2078 0.1902 0.1755 0.1634 0.1537 0.1462 0.1407 0.1370 0.1352 0.1350
0.1348 0.1369 0.1405 0.1460 0.1534 0.1630 0.1750 0.1896 0.2071 0.2278 0.2520 0.2799 0.3115 0.3465 0.3837 0.4207 0.4521 0.4710 0.4768 0.4730 0.4614 0.4424 0.4154 0.3799 0.3350 0.2806 0.2208 0.1742 0.1538 0.1444 0.1389 0.1359 0.1349 0.1358 0.1384 0.1428 0.1491 0.1574 0.1679 0.1808 0.1963 0.2147 0.2363 0.2613 0.2898 0.3217 0.3564 0.3921 0.4246 0.4476 0.4558 0.4476 0.4246 0.3921 0.3564 0.3217 0.2898 0.2613 0.2363 0.2147 0.1963 0.1808 0.1679 0.1574 0.1491 0.1428 0.1384 0.1358 0.1349 0.1359 0.1389 0.1444 0.1538 0.1742 0.2208 0.2806 0.3350 0.3799 0.4154 0.4424 0.4614 0.4730 0.4768 0.4710 0.4521 0.4207 0.3837 0.3465 0.3115 0.2799 0.2520 0.2278 0.2071 0.1896 0.1750 0.1630 0.1534 0.1460 0.1405 0.1369 0.1348
0.1364 0.1404 0.1457 0.1531 0.1627 0.1746 0.1891 0.2065 0.2270 0.2511 0.2788 0.3103 0.3452 0.3824 0.4194 0.4512 0.4706 0.4768 0.4733 0.4620 0.4432 0.4165 0.3814 0.3368 0.2827 0.2229 0.1753 0.1542 0.1446 0.1390 0.1360 0.1350 0.1358 0.1383 0.1427 0.1490 0.1573 0.1677 0.1806 0.1962 0.2146 0.2362 0.2613 0.2899 0.3220 0.3570 0.3934 0.4280 0.4547 0.4688 0.4726 0.4688 0.4547 0.4280 0.3934 0.3570 0.3220 0.2899 0.2613 0.2362 0.2146 0.1962 0.1806 0.1677 0.1573 0.1490 0.1427 0.1383 0.1358 0.1350 0.1360 0.1390 0.1446 0.1542 0.1753 0.2229 0.2827 0.3368 0.3814 0.4165 0.4432 0.4620 0.4733 0.4768 0.4706 0.4512 0.4194 0.3824 0.3452 0.3103 0.2788 0.2511 0.2270 0.2065 0.1891 0.1746 0.1627 0.1531 0.1457 0.1404 0.1364
0.1396 0.1455 0.1528 0.1623 0.1741 0.1885 0.2058 0.2262 0.2501 0.2777 0.3091 0.3438 0.3810 0.4182 0.4502 0.4701 0.4767 0.4736 0.4625 0.4440 0.4177 0.3828 0.3386 0.2848 0.2250 0.1765 0.1547 0.1448 0.1391 0.1360 0.1350 0.1357 0.1382 0.1426 0.1488 0.1571 0.1675 0.1804 0.1959 0.2144 0.2360 0.2611 0.2898 0.3220 0.3571 0.3939 0.4291 0.4569 0.4720 0.4765 0.4767 0.4765 0.4720 0.4569 0.4291 0.3939 0.3571 0.3220 0.2898 0.2611 0.2360 0.2144 0.1959 0.1804 0.1675 0.1571 0.1488 0.1426 0.1382 0.1357 0.1350 0.1360 0.1391 0.1448 0.1547 0.1765 0.2250 0.2848 0.3386 0.3828 0.4177 0.4440 0.4625 0.4736 0.4767 0.4701 0.4502 0.4182 0.3810 0.3438 0.3091 0.2777 0.2501 0.2262 0.2058 0.1885 0.1741 0.1623 0.1528 0.1455 0.1396
0.1445 0.1525 0.1618 0.1736 0.1879 0.2050 0.2254 0.2491 0.2766 0.3078 0.3425 0.3796 0.4168 0.4492 0.4696 0.4767 0.4738 0.4631 0.4448 0.4188 0.3843 0.3404 0.2870 0.2273 0.1778 0.1552 0.1451 0.1393 0.1361 0.1350 0.1357 0.1381 0.1424 0.1486 0.1568 0.1672 0.1801 0.1956 0.2140 0.2357 0.2607 0.2894 0.3217 0.3570 0.3939 0.4293 0.4576 0.4729 0.4768 0.4743 0.4719 0.4743 0.4768 0.4729 0.4576 0.4293 0.3939 0.3570 0.3217 0.2894 0.2607 0.2356 0.2140 0.1956 0.1801 0.1672 0.1568 0.1486 0.1424 0.1381 0.1357 0.1350 0.1361 0.1393 0.1451 0.1552 0.1778 0.2273 0.2870 0.3404 0.3843 0.4188 0.4448 0.4631 0.4738 0.4767 0.4696 0.4492 0.4168 0.3796 0.3425 0.3078 0.2766 0.2491 0.2254 0.2050 0.1879 0.1736 0.1618 0.1525 0.1445
0.1512 0.1614 0.1729 0.1871 0.2042 0.2244 0.2480 0.2753 0.3063 0.3409 0.3779 0.4152 0.4479 0.4690 0.4766 0.4741 0.4637 0.4458 0.4201 0.3859 0.3425 0.2894 0.2299 0.1793 0.1558 0.1455 0.1395 0.1362 0.1350 0.1356 0.1380 0.1422 0.1483 0.1565 0.1668 0.1796 0.1950 0.2134 0.2350 0.2601 0.2888 0.3211 0.3564 0.3934 0.4291 0.4576 0.4731 0.4767 0.4726 0.4645 0.4597 0.4645 0.4726 0.4767 0.4731 0.4576 0.4291 0.3934 0.3564 0.3210 0.2888 0.2601 0.2350 0.2134 0.1950 0.1796 0.1668 0.1565 0.1483 0.1422 0.1380 0.1356 0.1350 0.1362 0.1395 0.1455 0.1558 0.1793 0.2299 0.2894 0.3425 0.3859 0.4201 0.4458 0.4637 0.4741 0.4766 0.4691 0.4479 0.4152 0.3779 0.3409 0.3063 0.2753 0.2480 0.2244 0.2042 0.1871 0.1729 0.1614 0.1512
0.1595 0.1720 0.1860 0.2028 0.2228 0.2463 0.2733 0.3041 0.3385 0.3755 0.4130 0.4462 0.4682 0.4765 0.4745 0.4645 0.4470 0.4219 0.3883 0.3454 0.2929 0.2335 0.1817 0.1568 0.1460 0.1398 0.1363 0.1350 0.1355 0.1378 0.1419 0.1479 0.1559 0.1661 0.1788 0.1941 0.2124 0.2338 0.2588 0.2874 0.3196 0.3549 0.3921 0.4280 0.4569 0.4729 0.4767 0.4721 0.4612 0.4479 0.4409 0.4479 0.4612 0.4721 0.4767 0.4729 0.4569 0.4280 0.3921 0.3549 0.3196 0.2874 0.2588 0.2338 0.2124 0.1941 0.1788 0.1661 0.1559 0.1479 0.1419 0.1378 0.1355 0.1350 0.1363 0.1398 0.1460 0.1568 0.1817 0.2335 0.2929 0.3454 0.3883 0.4219 0.4471 0.4645 0.4745 0.4765 0.4682 0.4462 0.4130 0.3755 0.3385 0.3041 0.2733 0.2463 0.2228 0.2028 0.1860 0.1720 0.1595
0.1688 0.1837 0.2002 0.2198 0.2428 0.2694 0.2999 0.3339 0.3707 0.4084 0.4426 0.4663 0.4761 0.4752 0.4661 0.4495 0.4252 0.3926 0.3509 0.2995 0.2407 0.1866 0.1588 0.1470 0.1404 0.1366 0.1350 0.1353 0.1374 0.1412 0.1470 0.1548 0.1647 0.1771 0.1920 0.2100 0.2311 0.2557 0.2840 0.3159 0.3510 0.3882 0.4246 0.4547 0.4720 0.4768 0.4726 0.4612 0.4443 0.4261 0.4169 0.4261 0.4443 0.4612 0.4726 0.4768 0.4720 0.4547 0.4246 0.3882 0.3511 0.3159 0.2840 0.2557 0.2311 0.2100 0.1920 0.1771 0.1647 0.1548 0.1470 0.1412 0.1374 0.1353 0.1350 0.1366 0.1404 0.1470 0.1588 0.1866 0.2407 0.2995 0.3509 0.3926 0.4252 0.4495 0.4661 0.4752 0.4761 0.4663 0.4426 0.4084 0.3707 0.3339 0.2999 0.2694 0.2428 0.2198 0.2002 0.1837 0.1688
0.1772 0.1941 0.2128 0.2349 0.2605 0.2899 0.3230 0.3593 0.3972 0.4333 0.4609 0.4745 0.4763 0.4694 0.4549 0.4329 0.4027 0.3636 0.3150 0.2578 0.2003 0.1647 0.1499 0.1420 0.1375 0.1353 0.1350 0.1365 0.1398 0.1449 0.1521 0.1614 0.1730 0.1872 0.2042 0.2244 0.2480 0.2752 0.3062 0.3407 0.3777 0.4149 0.4476 0.4688 0.4765 0.4743 0.4645 0.4479 0.4261 0.4038 0.3929 0.4038 0.4261 0.4479 0.4645 0.4743 0.4765 0.4688 0.4476 0.4149 0.3777 0.3407 0.3062 0.2752 0.2480 0.2244 0.2042 0.1872 0.1730 0.1614 0.1521 0.1449 0.1398 0.1365 0.1350 0.1353 0.1375 0.1420 0.1499 0.1647 0.2003 0.2578 0.3150 0.3636 0.4027 0.4329 0.4549 0.4694 0.4763 0.4745 0.4609 0.4333 0.3972 0.3593 0.3230 0.2899 0.2605 0.2349 0.2128 0.1941 0.1772
0.1809 0.1987 0.2185 0.2416 0.2684 0.2990 0.3333 0.3704 0.4084 0.4429 0.4666 0.4761 0.4750 0.4657 0.4489 0.4244 0.3916 0.3495 0.2980 0.2393 0.1863 0.1591 0.1472 0.1404 0.1366 0.1349 0.1352 0.1372 0.1410 0.1467 0.1545 0.1644 0.1768 0.1918 0.2097 0.2309 0.2556 0.2840 0.3162 0.3516 0.3891 0.4258 0.4558 0.4726 0.4767 0.4719 0.4597 0.4409 0.4169 0.3929 0.3814 0.3929 0.4169 0.4409 0.4597 0.4719 0.4767 0.4726 0.4558 0.4258 0.3891 0.3516 0.3162 0.2840 0.2556 0.2309 0.2097 0.1918 0.1768 0.1644 0.1545 0.1467 0.1410 0.1372 0.1352 0.1349 0.1366 0.1404 0.1472 0.1591 0.1863 0.2393 0.2980 0.3495 0.3916 0.4244 0.4489 0.4657 0.4750 0.4761 0.4666 0.4429 0.4084 0.3704 0.3333 0.2990 0.2684 0.2416 0.2185 0.1987 0.1809
0.1772 0.1941 0.2128 0.2349 0.2605 0.2899 0.3230 0.3593 0.3972 0.4333 0.4609 0.4745 0.4763 0.4694 0.4549 0.4329 0.4027 0.3636 0.3150 0.2578 0.2003 0.1647 0.1499 0.1420 0.1375 0.1353 0.1350 0.1365 0.1398 0.1449 0.1521 0.1614 0.1730 0.1872 0.2042 0.2244 0.2480 0.2752 0.3062 0.3407 0.3777 0.4149 0.4476 0.4688 0.4765 0.4743 0.4645 0.4479 0.4261 0.4038 0.3929 0.4038 0.4261 0.4479 0.4645 0.4743 0.4765 0.4688 0.4476 0.4149 0.3777 0.3407 0.3062 0.2752 0.2480 0.2244 0.2042 0.1872 0.1730 0.1614 0.1521 0.1449 0.1398 0.1365 0.1350 0.1353 0.1375 0.1420 0.1499 0.1647 0.2003 0.2578 0.3150 0.3636 0.4027 0.4329 0.4549 0.4694 0.4763 0.4745 0.4609 0.4333 0.3972 0.3593 0.3230 0.2899 0.2605 0.2349 0.2128 0.1941 0.1772
0.1688 0.1837 0.2002 0.2198 0.2428 0.2694 0.2999 0.3339 0.3707 0.4084 0.4426 0.4663 0.4761 0.4752 0.4661 0.4495 0.4252 0.3926 0.3509 0.2995 0.2407 0.1866 0.1588 0.1470 0.1404 0.1366 0.1350 0.1353 0.1374 0.1412 0.1470 0.1548 0.1647 0.1771 0.1921 0.2100 0.2311 0.2557 0.2840 0.3159 0.3510 0.3882 0.4246 0.4547 0.4720 0.4768 0.4726 0.4612 0.4443 0.4261 0.4169 0.4261 0.4443 0.4612 0.4726 0.4768 0.4720 0.4547 0.4246 0.3882 0.3511 0.3159 0.2840 0.2557 0.2311 0.2100 0.1920 0.1771 0.1647 0.1548 0.1470 0.1412 0.1374 0.1353 0.1350 0.1366 0.1404 0.1470 0.1588 0.1866 0.2407 0.2995 0.3509 0.3926 0.4252 0.4495 0.4661 0.4752 0.4761 0.4663 0.4426 0.4084 0.3707 0.3339 0.2999 0.2694 0.2428 0.2198 0.2002 0.1837 0.1688
0.1595 0.1720 0.1860 0.2028 0.2228 0.2463 0.2733 0.3041 0.3385 0.3755 0.4130 0.4462 0.4682 0.4765 0.4745 0.4645 0.4470 0.4219 0.3883 0.3454 0.2929 0.2335 0.1817 0.1568 0.1460 0.1398 0.1363 0.1350 0.1355 0.1378 0.1419 0.1479 0.1559 0.1661 0.1788 0.1941 0.2124 0.2338 0.2588 0.2874 0.3196 0.3549 0.3921 0.4280 0.4569 0.4729 0.4767 0.4721 0.4612 0.4479 0.4409 0.4479 0.4612 0.4721 0.4767 0.4729 0.4569 0.4280 0.3921 0.3549 0.3196 0.2874 0.2588 0.2338 0.2124 0.1941 0.1788 0.1661 0.1559 0.1479 0.1419 0.1378 0.1355 0.1350 0.1363 0.1398 0.1460 0.1568 0.1817 0.2335 0.2929 0.3454 0.3883 0.4219 0.4471 0.4645 0.4745 0.4765 0.4682 0.4462 0.4130 0.3755 0.3385 0.3041 0.2733 0.2463 0.2228 0.2028 0.1860 0.1720 0.1595
0.1512 0.1614 0.1729 0.1871 0.2042 0.2244 0.2480 0.2753 0.3063 0.3409 0.3779 0.4152 0.4479 0.4690 0.4766 0.4741 0.4637 0.4458 0.4201 0.3859 0.3425 0.2894 0.2299 0.1793 0.1558 0.1455 0.1395 0.1362 0.1350 0.1356 0.1380 0.1422 0.1483 0.1565 0.1668 0.1796 0.1950 0.2134 0.2350 0.2601 0.2888 0.3210 0.3564 0.3934 0.4291 0.4576 0.4731 0.4767 0.4726 0.4645 0.4597 0.4645 0.4726 0.4767 0.4731 0.4576 0.4291 0.3934 0.3564 0.3210 0.2888 0.2601 0.2350 0.2134 0.1950 0.1796 0.1668 0.1565 0.1483 0.1422 0.1380 0.1356 0.1350 0.1362 0.1395 0.1455 0.1558 0.1793 0.2299 0.2894 0.3425 0.3859 0.4201 0.4458 0.4637 0.4741 0.4766 0.4691 0.4479 0.4152 0.3779 0.3409 0.3063 0.2753 0.2480 0.2244 0.2042 0.1871 0.1729 0.1614 0.1512
0.1445 0.1525 0.1618 0.1736 0.1879 0.2050 0.2254 0.2491 0.2766 0.3078 0.3425 0.3796 0.4168 0.4492 0.4696 0.4767 0.4738 0.4631 0.4448 0.4188 0.3843 0.3404 0.2870 0.2273 0.1778 0.1552 0.1451 0.1393 0.1361 0.1350 0.1357 0.1381 0.1424 0.1486 0.1568 0.1672 0.1801 0.1956 0.2140 0.2356 0.2607 0.2894 0.3217 0.3570 0.3939 0.4293 0.4576 0.4729 0.4768 0.4743 0.4719 0.4743 0.4768 0.4729 0.4576 0.4293 0.3939 0.3570 0.3217 0.2894 0.2607 0.2356 0.2140 0.1956 0.1801 0.1672 0.1568 0.1486 0.1424 0.1381 0.1357 0.1350 0.1361 0.1393 0.1451 0.1552 0.1778 0.2273 0.2870 0.3404 0.3843 0.4188 0.4448 0.4631 0.4738 0.4767 0.4696 0.4492 0.4168 0.3796 0.3425 0.3078 0.2766 0.2491 0.2254 0.2050 0.1879 0.1736 0.1618 0.1525 0.1445
