0.1349 0.1348 0.1361 0.1391 0.1438 0.1504 0.1589 0.1696 0.1827 0.1983 0.2169 0.2386 0.2638 0.2926 0.3250 0.3607 0.3983 0.4351 0.4653 0.4823 0.4866 0.4816 0.4690 0.4492 0.4218 0.3861 0.3412 0.2873 0.2280 0.1795 0.1569 0.1463 0.1400 0.1364 0.1348 0.1350 0.1368 0.1403 0.1456 0.1527 0.1619 0.1732 0.1870 0.2035 0.2230 0.2456 0.2715 0.3001 0.3292 0.3536 0.3638 0.3536 0.3292 0.3001 0.2715 0.2456 0.2230 0.2035 0.1870 0.1732 0.1619 0.1527 0.1456 0.1403 0.1368 0.1350 0.1348 0.1364 0.1400 0.1463 0.1569 0.1795 0.2280 0.2873 0.3412 0.3861 0.4218 0.4492 0.4690 0.4816 0.4866 0.4823 0.4653 0.4351 0.3983 0.3607 0.3250 0.2926 0.2638 0.2386 0.2169 0.1983 0.1827 0.1696 0.1589 0.1504 0.1438 0.1391 0.1361 0.1348 0.1349
0.1348 0.1366 0.1398 0.1448 0.1515 0.1603 0.1712 0.1844 0.2003 0.2190 0.2409 0.2661 0.2947 0.3268 0.3617 0.3980 0.4324 0.4594 0.4737 0.4767 0.4713 0.4589 0.4394 0.4126 0.3778 0.3341 0.2817 0.2240 0.1771 0.1554 0.1455 0.1397 0.1364 0.1350 0.1354 0.1374 0.1411 0.1466 0.1539 0.1633 0.1749 0.1889 0.2056 0.2252 0.2480 0.2741 0.3035 0.3351 0.3665 0.3919 0.4024 0.3919 0.3665 0.3351 0.3035 0.2741 0.2480 0.2252 0.2056 0.1889 0.1749 0.1633 0.1539 0.1466 0.1411 0.1374 0.1354 0.1350 0.1364 0.1397 0.1455 0.1554 0.1771 0.2240 0.2817 0.3341 0.3778 0.4126 0.4394 0.4589 0.4713 0.4767 0.4737 0.4594 0.4324 0.3980 0.3617 0.3268 0.2947 0.2661 0.2409 0.2190 0.2003 0.1844 0.1712 0.1603 0.1515 0.1448 0.1398 0.1366 0.1348
0.1361 0.1398 0.1448 0.1517 0.1605 0.1715 0.1849 0.2009 0.2197 0.2417 0.2670 0.2958 0.3280 0.3630 0.3993 0.4336 0.4602 0.4740 0.4766 0.4710 0.4583 0.4386 0.4115 0.3763 0.3324 0.2796 0.2219 0.1759 0.1549 0.1453 0.1395 0.1363 0.1350 0.1354 0.1375 0.1413 0.1468 0.1542 0.1637 0.1753 0.1894 0.2062 0.2260 0.2489 0.2752 0.3050 0.3377 0.3720 0.4045 0.4290 0.4385 0.4290 0.4045 0.3720 0.3377 0.3050 0.2752 0.2489 0.2260 0.2062 0.1894 0.1753 0.1637 0.1542 0.1468 0.1413 0.1375 0.1354 0.1350 0.1363 0.1395 0.1453 0.1549 0.1759 0.2219 0.2796 0.3324 0.3763 0.4115 0.4386 0.4583 0.4710 0.4766 0.4740 0.4602 0.4336 0.3993 0.3630 0.3280 0.2958 0.2670 0.2417 0.2197 0.2009 0.1849 0.1715 0.1605 0.1517 0.1448 0.1398 0.1361
0.1391 0.1448 0.1517 0.1606 0.1717 0.1852 0.2013 0.2203 0.2424 0.2679 0.2969 0.3293 0.3644 0.4006 0.4348 0.4609 0.4743 0.4765 0.4706 0.4577 0.4377 0.4104 0.3749 0.3306 0.2775 0.2198 0.1748 0.1545 0.1450 0.1394 0.1362 0.1350 0.1355 0.1376 0.1415 0.1471 0.1546 0.1641 0.1758 0.1900 0.2069 0.2268 0.2498 0.2763 0.3063 0.3394 0.3746 0.4096 0.4395 0.4584 0.4644 0.4584 0.4395 0.4096 0.3746 0.3394 0.3063 0.2763 0.2498 0.2268 0.2069 0.1900 0.1758 0.1641 0.1546 0.1471 0.1415 0.1376 0.1355 0.1350 0.1362 0.1394 0.1450 0.1545 0.1748 0.2198 0.2775 0.3306 0.3749 0.4104 0.4377 0.4577 0.4706 0.4765 0.4743 0.4609 0.4348 0.4006 0.3644 0.3293 0.2969 0.2679 0.2424 0.2203 0.2013 0.1852 0.1717 0.1606 0.1517 0.1448 0.1391
0.1438 0.1515 0.1605 0.1717 0.1853 0.2016 0.2207 0.2430 0.2687 0.2979 0.3304 0.3656 0.4019 0.4359 0.4617 0.4745 0.4764 0.4703 0.4570 0.4368 0.4092 0.3734 0.3287 0.2754 0.2177 0.1736 0.1540 0.1447 0.1392 0.1361 0.1350 0.1355 0.1377 0.1417 0.1473 0.1549 0.1645 0.1763 0.1906 0.2076 0.2276 0.2507 0.2774 0.3075 0.3408 0.3764 0.4121 0.4436 0.4646 0.4737 0.4757 0.4737 0.4646 0.4436 0.4121 0.3764 0.3408 0.3075 0.2774 0.2507 0.2276 0.2076 0.1906 0.1763 0.1645 0.1549 0.1473 0.1417 0.1377 0.1355 0.1350 0.1361 0.1392 0.1447 0.1540 0.1736 0.2177 0.2754 0.3287 0.3734 0.4092 0.4368 0.4570 0.4703 0.4764 0.4745 0.4617 0.4359 0.4019 0.3656 0.3304 0.2979 0.2687 0.2430 0.2207 0.2016 0.1853 0.1717 0.1605 0.1515 0.1438
0.1504 0.1603 0.1715 0.1852 0.2016 0.2209 0.2434 0.2692 0.2986 0.3313 0.3666 0.4030 0.4369 0.4623 0.4748 0.4763 0.4699 0.4564 0.4359 0.4080 0.3719 0.3269 0.2732 0.2156 0.1725 0.1535 0.1445 0.1391 0.1361 0.1350 0.1356 0.1379 0.1418 0.1476 0.1552 0.1649 0.1768 0.1912 0.2083 0.2284 0.2517 0.2784 0.3087 0.3421 0.3778 0.4137 0.4455 0.4668 0.4757 0.4765 0.4755 0.4765 0.4757 0.4668 0.4455 0.4137 0.3778 0.3421 0.3087 0.2784 0.2517 0.2284 0.2083 0.1912 0.1768 0.1649 0.1552 0.1476 0.1418 0.1379 0.1356 0.1350 0.1361 0.1391 0.1445 0.1535 0.1725 0.2156 0.2732 0.3269 0.3719 0.4080 0.4359 0.4564 0.4699 0.4763 0.4748 0.4623 0.4369 0.4030 0.3666 0.3313 0.2986 0.2692 0.2434 0.2209 0.2016 0.1852 0.1715 0.1603 0.1504
0.1589 0.1712 0.1849 0.2013 0.2207 0.2434 0.2694 0.2990 0.3319 0.3674 0.4039 0.4378 0.4629 0.4750 0.4762 0.4696 0.4558 0.4350 0.4068 0.3704 0.3250 0.2711 0.2136 0.1715 0.1531 0.1442 0.1389 0.1360 0.1350 0.1356 0.1380 0.1420 0.1478 0.1555 0.1653 0.1773 0.1918 0.2090 0.2292 0.2526 0.2795 0.3099 0.3434 0.3792 0.4151 0.4468 0.4678 0.4762 0.4756 0.4704 0.4670 0.4704 0.4756 0.4762 0.4678 0.4468 0.4151 0.3792 0.3434 0.3099 0.2795 0.2526 0.2292 0.2090 0.1918 0.1773 0.1653 0.1555 0.1478 0.1420 0.1380 0.1356 0.1350 0.1360 0.1389 0.1442 0.1531 0.1715 0.2136 0.2711 0.3250 0.3704 0.4068 0.4350 0.4558 0.4696 0.4762 0.4750 0.4629 0.4378 0.4039 0.3674 0.3319 0.2990 0.2694 0.2434 0.2207 0.2013 0.1849 0.1712 0.1589
0.1696 0.1844 0.2009 0.2203 0.2430 0.2692 0.2990 0.3321 0.3679 0.4045 0.4384 0.4633 0.4751 0.4762 0.4692 0.4552 0.4342 0.4057 0.3689 0.3232 0.2690 0.2115 0.1704 0.1527 0.1440 0.1388 0.1359 0.1350 0.1357 0.1381 0.1422 0.1481 0.1558 0.1657 0.1778 0.1924 0.2097 0.2300 0.2536 0.2806 0.3111 0.3447 0.3806 0.4165 0.4479 0.4685 0.4764 0.4750 0.4672 0.4566 0.4509 0.4566 0.4672 0.4750 0.4764 0.4685 0.4479 0.4165 0.3806 0.3447 0.3111 0.2806 0.2536 0.2300 0.2097 0.1924 0.1778 0.1657 0.1558 0.1481 0.1422 0.1381 0.1357 0.1350 0.1359 0.1388 0.1440 0.1527 0.1704 0.2115 0.2690 0.3232 0.3689 0.4057 0.4342 0.4552 0.4692 0.4762 0.4751 0.4633 0.4384 0.4045 0.3679 0.3321 0.2990 0.2692 0.2430 0.2203 0.2009 0.1844 0.1696
0.1827 0.2003 0.2197 0.2424 0.2687 0.2986 0.3319 0.3679 0.4048 0.4388 0.4636 0.4752 0.4761 0.4690 0.4547 0.4334 0.4046 0.3675 0.3214 0.2669 0.2095 0.1695 0.1522 0.1437 0.1386 0.1358 0.1349 0.1358 0.1382 0.1424 0.1483 0.1562 0.1661 0.1783 0.1929 0.2104 0.2308 0.2545 0.2816 0.3123 0.3460 0.3819 0.4177 0.4489 0.4690 0.4765 0.4746 0.4657 0.4513 0.4352 0.4270 0.4352 0.4513 0.4657 0.4746 0.4765 0.4690 0.4489 0.4177 0.3819 0.3460 0.3123 0.2816 0.2545 0.2308 0.2104 0.1929 0.1783 0.1661 0.1562 0.1483 0.1424 0.1382 0.1358 0.1349 0.1358 0.1386 0.1437 0.1522 0.1695 0.2095 0.2669 0.3214 0.3675 0.4046 0.4334 0.4547 0.4690 0.4761 0.4752 0.4636 0.4388 0.4048 0.3679 0.3319 0.2986 0.2687 0.2424 0.2197 0.2003 0.1827
0.1983 0.2190 0.2417 0.2679 0.2979 0.3313 0.3674 0.4045 0.4388 0.4638 0.4753 0.4760 0.4688 0.4543 0.4328 0.4037 0.3662 0.3198 0.2650 0.2077 0.1685 0.1518 0.1435 0.1385 0.1358 0.1349 0.1358 0.1384 0.1426 0.1486 0.1565 0.1665 0.1788 0.1935 0.2111 0.2316 0.2555 0.2827 0.3135 0.3473 0.3833 0.4190 0.4499 0.4695 0.4766 0.4744 0.4649 0.4489 0.4277 0.4058 0.3950 0.4058 0.4277 0.4489 0.4649 0.4744 0.4766 0.4695 0.4499 0.4190 0.3833 0.3473 0.3135 0.2827 0.2555 0.2316 0.2111 0.1935 0.1788 0.1665 0.1565 0.1486 0.1426 0.1384 0.1358 0.1349 0.1358 0.1385 0.1435 0.1518 0.1685 0.2077 0.2650 0.3198 0.3662 0.4037 0.4328 0.4543 0.4688 0.4760 0.4753 0.4638 0.4388 0.4045 0.3674 0.3313 0.2979 0.2679 0.2417 0.2190 0.1983
0.2169 0.2409 0.2670 0.2969 0.3304 0.3666 0.4039 0.4384 0.4636 0.4753 0.4760 0.4686 0.4541 0.4323 0.4029 0.3652 0.3184 0.2633 0.2061 0.1677 0.1515 0.1432 0.1383 0.1357 0.1350 0.1359 0.1385 0.1428 0.1489 0.1569 0.1669 0.1793 0.1942 0.2118 0.2325 0.2564 0.2838 0.3147 0.3487 0.3847 0.4203 0.4508 0.4700 0.4767 0.4741 0.4643 0.4476 0.4243 0.3958 0.3675 0.3538 0.3675 0.3958 0.4243 0.4476 0.4643 0.4741 0.4767 0.4700 0.4508 0.4203 0.3847 0.3487 0.3147 0.2838 0.2564 0.2325 0.2118 0.1942 0.1793 0.1669 0.1569 0.1489 0.1428 0.1385 0.1359 0.1350 0.1357 0.1383 0.1432 0.1515 0.1677 0.2061 0.2633 0.3184 0.3652 0.4029 0.4323 0.4541 0.4686 0.4760 0.4753 0.4636 0.4384 0.4039 0.3666 0.3304 0.2969 0.2670 0.2409 0.2169
0.2386 0.2661 0.2958 0.3293 0.3656 0.4030 0.4378 0.4633 0.4752 0.4760 0.4686 0.4540 0.4321 0.4025 0.3645 0.3173 0.2619 0.2047 0.1671 0.1512 0.1430 0.1382 0.1357 0.1350 0.1359 0.1386 0.1430 0.1491 0.1572 0.1673 0.1798 0.1948 0.2125 0.2333 0.2574 0.2849 0.3159 0.3500 0.3860 0.4216 0.4518 0.4704 0.4767 0.4739 0.4637 0.4466 0.4226 0.3915 0.3549 0.3197 0.3030 0.3197 0.3549 0.3915 0.4226 0.4466 0.4637 0.4739 0.4767 0.4704 0.4518 0.4216 0.3860 0.3500 0.3159 0.2849 0.2574 0.2333 0.2125 0.1948 0.1798 0.1673 0.1572 0.1491 0.1430 0.1386 0.1359 0.1350 0.1357 0.1382 0.1430 0.1512 0.1671 0.2047 0.2619 0.3173 0.3645 0.4025 0.4321 0.4540 0.4686 0.4760 0.4752 0.4633 0.4378 0.4030 0.3656 0.3293 0.2958 0.2661 0.2386
0.2638 0.2947 0.3280 0.3644 0.4019 0.4369 0.4629 0.4751 0.4761 0.4688 0.4541 0.4321 0.4023 0.3641 0.3166 0.2609 0.2037 0.1665 0.1509 0.1429 0.1381 0.1356 0.1350 0.1360 0.1387 0.1432 0.1494 0.1575 0.1678 0.1803 0.1954 0.2132 0.2341 0.2583 0.2860 0.3171 0.3513 0.3874 0.4228 0.4527 0.4709 0.4768 0.4736 0.4632 0.4458 0.4213 0.3892 0.3495 0.3044 0.2630 0.2446 0.2630 0.3044 0.3495 0.3892 0.4213 0.4458 0.4632 0.4736 0.4768 0.4709 0.4527 0.4228 0.3874 0.3513 0.3171 0.2860 0.2583 0.2341 0.2132 0.1954 0.1803 0.1678 0.1575 0.1494 0.1432 0.1387 0.1360 0.1350 0.1356 0.1381 0.1429 0.1509 0.1665 0.2037 0.2609 0.3166 0.3641 0.4023 0.4321 0.4541 0.4688 0.4761 0.4751 0.4629 0.4369 0.4019 0.3644 0.3280 0.2947 0.2638
0.2926 0.3268 0.3630 0.4006 0.4359 0.4623 0.4750 0.4762 0.4690 0.4543 0.4323 0.4025 0.3641 0.3164 0.2604 0.2030 0.1661 0.1507 0.1427 0.1380 0.1356 0.1350 0.1361 0.1388 0.1433 0.1496 0.1579 0.1682 0.1808 0.1960 0.2139 0.2350 0.2593 0.2871 0.3183 0.3526 0.3887 0.4241 0.4536 0.4713 0.4768 0.4734 0.4627 0.4451 0.4202 0.3876 0.3466 0.2978 0.2459 0.2048 0.1900 0.2048 0.2459 0.2978 0.3466 0.3876 0.4202 0.4451 0.4627 0.4734 0.4768 0.4713 0.4536 0.4241 0.3887 0.3526 0.3183 0.2871 0.2593 0.2350 0.2139 0.1960 0.1808 0.1682 0.1579 0.1496 0.1433 0.1388 0.1361 0.1350 0.1356 0.1380 0.1427 0.1507 0.1661 0.2030 0.2604 0.3164 0.3641 0.4025 0.4323 0.4543 0.4690 0.4762 0.4750 0.4623 0.4359 0.4006 0.3630 0.3268 0.2926
0.3250 0.3617 0.3993 0.4348 0.4617 0.4748 0.4762 0.4692 0.4547 0.4328 0.4029 0.3645 0.3166 0.2604 0.2028 0.1659 0.1506 0.1426 0.1380 0.1355 0.1350 0.1361 0.1389 0.1435 0.1499 0.1582 0.1686 0.1813 0.1966 0.2147 0.2358 0.2603 0.2882 0.3196 0.3539 0.3901 0.4253 0.4545 0.4717 0.4768 0.4731 0.4622 0.4443 0.4191 0.3861 0.3445 0.2943 0.2387 0.1904 0.1667 0.1606 0.1667 0.1904 0.2387 0.2943 0.3445 0.3861 0.4191 0.4443 0.4622 0.4731 0.4768 0.4717 0.4545 0.4253 0.3901 0.3539 0.3196 0.2882 0.2603 0.2358 0.2147 0.1966 0.1813 0.1686 0.1582 0.1499 0.1435 0.1389 0.1361 0.1350 0.1355 0.1380 0.1426 0.1506 0.1659 0.2028 0.2604 0.3166 0.3645 0.4029 0.4328 0.4547 0.4692 0.4762 0.4748 0.4617 0.4348 0.3993 0.3617 0.3250
0.3607 0.3980 0.4336 0.4609 0.4745 0.4763 0.4696 0.4552 0.4334 0.4037 0.3652 0.3173 0.2609 0.2030 0.1659 0.1505 0.1426 0.1379 0.1355 0.1350 0.1362 0.1390 0.1436 0.1501 0.1584 0.1689 0.1818 0.1972 0.2154 0.2367 0.2612 0.2893 0.3208 0.3553 0.3915 0.4266 0.4554 0.4721 0.4768 0.4728 0.4616 0.4434 0.4180 0.3847 0.3427 0.2918 0.2350 0.1851 0.1603 0.1508 0.1479 0.1508 0.1603 0.1851 0.2350 0.2918 0.3427 0.3847 0.4180 0.4434 0.4616 0.4728 0.4768 0.4721 0.4554 0.4266 0.3915 0.3553 0.3208 0.2893 0.2612 0.2367 0.2154 0.1972 0.1818 0.1689 0.1584 0.1501 0.1436 0.1390 0.1362 0.1350 0.1355 0.1379 0.1426 0.1505 0.1659 0.2030 0.2609 0.3173 0.3652 0.4037 0.4334 0.4552 0.4696 0.4763 0.4745 0.4609 0.4336 0.3980 0.3607
0.3983 0.4324 0.4602 0.4743 0.4764 0.4699 0.4558 0.4342 0.4046 0.3662 0.3184 0.2619 0.2037 0.1661 0.1506 0.1426 0.1379 0.1355 0.1350 0.1362 0.1391 0.1438 0.1502 0.1587 0.1693 0.1822 0.1977 0.2160 0.2374 0.2622 0.2904 0.3220 0.3566 0.3928 0.4278 0.4563 0.4724 0.4768 0.4725 0.4611 0.4426 0.4169 0.3833 0.3409 0.2897 0.2323 0.1825 0.1581 0.1478 0.1426 0.1409 0.1426 0.1478 0.1581 0.1825 0.2323 0.2897 0.3409 0.3833 0.4169 0.4426 0.4611 0.4725 0.4768 0.4724 0.4563 0.4278 0.3928 0.3566 0.3220 0.2904 0.2622 0.2374 0.2160 0.1977 0.1822 0.1693 0.1587 0.1502 0.1438 0.1391 0.1362 0.1350 0.1355 0.1379 0.1426 0.1506 0.1661 0.2037 0.2619 0.3184 0.3662 0.4046 0.4342 0.4558 0.4699 0.4764 0.4743 0.4602 0.4324 0.3983
0.4351 0.4594 0.4740 0.4765 0.4703 0.4564 0.4350 0.4057 0.3675 0.3198 0.2633 0.2047 0.1665 0.1507 0.1426 0.1379 0.1355 0.1350 0.1362 0.1392 0.1438 0.1504 0.1589 0.1695 0.1826 0.1982 0.2166 0.2382 0.2630 0.2914 0.3232 0.3579 0.3941 0.4290 0.4571 0.4728 0.4768 0.4722 0.4605 0.4418 0.4158 0.3819 0.3392 0.2876 0.2301 0.1808 0.1571 0.1466 0.1408 0.1378 0.1368 0.1378 0.1408 0.1466 0.1571 0.1808 0.2301 0.2876 0.3392 0.3819 0.4158 0.4418 0.4605 0.4722 0.4768 0.4728 0.4571 0.4290 0.3941 0.3579 0.3232 0.2914 0.2630 0.2382 0.2166 0.1982 0.1826 0.1695 0.1589 0.1504 0.1438 0.1392 0.1362 0.1350 0.1355 0.1379 0.1426 0.1507 0.1665 0.2047 0.2633 0.3198 0.3675 0.4057 0.4350 0.4564 0.4703 0.4765 0.4740 0.4594 0.4351
0.4653 0.4737 0.4766 0.4706 0.4570 0.4359 0.4068 0.3689 0.3214 0.2650 0.2061 0.1671 0.1509 0.1427 0.1380 0.1355 0.1350 0.1362 0.1392 0.1439 0.1505 0.1590 0.1697 0.1828 0.1985 0.2171 0.2388 0.2638 0.2923 0.3243 0.3591 0.3954 0.4302 0.4580 0.4731 0.4767 0.4719 0.4599 0.4410 0.4147 0.3804 0.3374 0.2855 0.2279 0.1794 0.1564 0.1461 0.1402 0.1369 0.1354 0.1350 0.1354 0.1369 0.1402 0.1461 0.1564 0.1794 0.2279 0.2855 0.3374 0.3804 0.4147 0.4410 0.4599 0.4719 0.4767 0.4731 0.4580 0.4302 0.3954 0.3591 0.3243 0.2923 0.2638 0.2388 0.2171 0.1985 0.1828 0.1697 0.1590 0.1505 0.1439 0.1392 0.1362 0.1350 0.1355 0.1380 0.1427 0.1509 0.1671 0.2061 0.2650 0.3214 0.3689 0.4068 0.4359 0.4570 0.4706 0.4766 0.4737 0.4653
0.4823 0.4767 0.4710 0.4577 0.4368 0.4080 0.3704 0.3232 0.2669 0.2077 0.1677 0.1512 0.1429 0.1380 0.1355 0.1350 0.1362 0.1392 0.1439 0.1505 0.1591 0.1699 0.1830 0.1988 0.2175 0.2393 0.2645 0.2931 0.3252 0.3602 0.3965 0.4312 0.4587 0.4734 0.4767 0.4716 0.4593 0.4401 0.4136 0.3790 0.3356 0.2834 0.2257 0.1781 0.1558 0.1458 0.1399 0.1365 0.1351 0.1349 0.1351 0.1349 0.1351 0.1365 0.1399 0.1458 0.1558 0.1781 0.2257 0.2834 0.3356 0.3790 0.4136 0.4401 0.4593 0.4716 0.4767 0.4734 0.4587 0.4312 0.3965 0.3602 0.3252 0.2931 0.2645 0.2393 0.2175 0.1988 0.1830 0.1699 0.1591 0.1505 0.1439 0.1392 0.1362 0.1350 0.1355 0.1380 0.1429 0.1512 0.1677 0.2077 0.2669 0.3232 0.3704 0.4080 0.4368 0.4577 0.4710 0.4767 0.4823
0.4866 0.4713 0.4583 0.4377 0.4092 0.3719 0.3250 0.2690 0.2095 0.1685 0.1515 0.1430 0.1381 0.1356 0.1350 0.1362 0.1391 0.1438 0.1505 0.1591 0.1699 0.1831 0.1990 0.2178 0.2397 0.2650 0.2938 0.3260 0.3611 0.3975 0.4322 0.4594 0.4737 0.4767 0.4713 0.4588 0.4393 0.4125 0.3775 0.3338 0.2813 0.2236 0.1769 0.1553 0.1455 0.1397 0.1364 0.1350 0.1352 0.1363 0.1369 0.1363 0.1352 0.1350 0.1364 0.1397 0.1455 0.1553 0.1769 0.2236 0.2813 0.3338 0.3775 0.4125 0.4393 0.4588 0.4713 0.4767 0.4737 0.4594 0.4322 0.3975 0.3611 0.3260 0.2938 0.2650 0.2397 0.2178 0.1990 0.1831 0.1699 0.1591 0.1505 0.1438 0.1391 0.1362 0.1350 0.1356 0.1381 0.1430 0.1515 0.1685 0.2095 0.2690 0.3250 0.3719 0.4092 0.4377 0.4583 0.4713 0.4866
0.4816 0.4589 0.4386 0.4104 0.3734 0.3269 0.2711 0.2115 0.1695 0.1518 0.1432 0.1382 0.1356 0.1350 0.1361 0.1390 0.1438 0.1504 0.1590 0.1699 0.1831 0.1991 0.2179 0.2399 0.2653 0.2943 0.3266 0.3618 0.3984 0.4330 0.4599 0.4739 0.4766 0.4710 0.4582 0.4385 0.4113 0.3761 0.3320 0.2792 0.2215 0.1757 0.1548 0.1452 0.1395 0.1363 0.1350 0.1354 0.1371 0.1394 0.1406 0.1394 0.1371 0.1354 0.1350 0.1363 0.1395 0.1452 0.1548 0.1757 0.2215 0.2792 0.3320 0.3761 0.4113 0.4385 0.4582 0.4710 0.4766 0.4739 0.4599 0.4330 0.3984 0.3618 0.3266 0.2943 0.2653 0.2399 0.2179 0.1991 0.1831 0.1699 0.1590 0.1504 0.1438 0.1390 0.1361 0.1350 0.1356 0.1382 0.1432 0.1518 0.1695 0.2115 0.2711 0.3269 0.3734 0.4104 0.4386 0.4589 0.4816
0.4690 0.4394 0.4115 0.3749 0.3287 0.2732 0.2136 0.1704 0.1522 0.1435 0.1383 0.1357 0.1350 0.1361 0.1389 0.1436 0.1502 0.1589 0.1697 0.1830 0.1990 0.2179 0.2400 0.2655 0.2946 0.3271 0.3624 0.3990 0.4337 0.4604 0.4741 0.4765 0.4707 0.4577 0.4377 0.4103 0.3747 0.3303 0.2771 0.2194 0.1745 0.1544 0.1449 0.1393 0.1362 0.1350 0.1355 0.1375 0.1408 0.1444 0.1462 0.1444 0.1408 0.1375 0.1355 0.1350 0.1362 0.1393 0.1449 0.1544 0.1745 0.2194 0.2771 0.3303 0.3747 0.4103 0.4377 0.4577 0.4707 0.4765 0.4741 0.4604 0.4337 0.3990 0.3624 0.3271 0.2946 0.2655 0.2400 0.2179 0.1990 0.1830 0.1697 0.1589 0.1502 0.1436 0.1389 0.1361 0.1350 0.1357 0.1383 0.1435 0.1522 0.1704 0.2136 0.2732 0.3287 0.3749 0.4115 0.4394 0.4690
0.4492 0.4126 0.3763 0.3306 0.2754 0.2156 0.1715 0.1527 0.1437 0.1385 0.1357 0.1350 0.1360 0.1388 0.1435 0.1501 0.1587 0.1695 0.1828 0.1988 0.2178 0.2399 0.2655 0.2947 0.3273 0.3628 0.3995 0.4342 0.4608 0.4743 0.4765 0.4705 0.4573 0.4370 0.4094 0.3735 0.3287 0.2752 0.2174 0.1734 0.1539 0.1447 0.1392 0.1361 0.1350 0.1355 0.1377 0.1415 0.1464 0.1514 0.1537 0.1514 0.1464 0.1415 0.1377 0.1355 0.1350 0.1361 0.1392 0.1447 0.1539 0.1734 0.2174 0.2752 0.3287 0.3735 0.4094 0.4370 0.4573 0.4705 0.4765 0.4743 0.4608 0.4342 0.3995 0.3628 0.3273 0.2947 0.2655 0.2399 0.2178 0.1988 0.1828 0.1695 0.1587 0.1501 0.1435 0.1388 0.1360 0.1350 0.1357 0.1385 0.1437 0.1527 0.1715 0.2156 0.2754 0.3306 0.3763 0.4126 0.4492
0.4218 0.3778 0.3324 0.2775 0.2177 0.1725 0.1531 0.1440 0.1386 0.1358 0.1350 0.1359 0.1387 0.1433 0.1499 0.1584 0.1693 0.1826 0.1985 0.2175 0.2397 0.2653 0.2946 0.3273 0.3629 0.3998 0.4345 0.4610 0.4744 0.4765 0.4703 0.4569 0.4364 0.4085 0.3723 0.3272 0.2734 0.2156 0.1724 0.1534 0.1444 0.1390 0.1360 0.1350 0.1356 0.1379 0.1418 0.1473 0.1540 0.1605 0.1635 0.1605 0.1540 0.1473 0.1418 0.1379 0.1356 0.1350 0.1360 0.1390 0.1444 0.1534 0.1724 0.2156 0.2734 0.3272 0.3723 0.4085 0.4364 0.4569 0.4703 0.4765 0.4744 0.4610 0.4345 0.3998 0.3629 0.3273 0.2946 0.2653 0.2397 0.2175 0.1985 0.1826 0.1693 0.1584 0.1499 0.1433 0.1387 0.1359 0.1350 0.1358 0.1386 0.1440 0.1531 0.1725 0.2177 0.2775 0.3324 0.3778 0.4218
0.3861 0.3341 0.2796 0.2198 0.1736 0.1535 0.1442 0.1388 0.1358 0.1349 0.1359 0.1386 0.1432 0.1496 0.1582 0.1689 0.1822 0.1982 0.2171 0.2393 0.2650 0.2943 0.3271 0.3628 0.3998 0.4346 0.4612 0.4745 0.4764 0.4701 0.4566 0.4360 0.4078 0.3713 0.3259 0.2718 0.2139 0.1715 0.1531 0.1442 0.1389 0.1360 0.1350 0.1356 0.1380 0.1420 0.1478 0.1552 0.1638 0.1719 0.1757 0.1719 0.1638 0.1552 0.1478 0.1420 0.1380 0.1356 0.1350 0.1360 0.1389 0.1442 0.1531 0.1715 0.2139 0.2718 0.3259 0.3713 0.4078 0.4360 0.4566 0.4701 0.4764 0.4745 0.4612 0.4346 0.3998 0.3628 0.3271 0.2943 0.2650 0.2393 0.2171 0.1982 0.1822 0.1689 0.1582 0.1496 0.1432 0.1386 0.1359 0.1349 0.1358 0.1388 0.1442 0.1535 0.1736 0.2198 0.2796 0.3341 0.3861
0.3412 0.2817 0.2219 0.1748 0.1540 0.1445 0.1389 0.1359 0.1349 0.1358 0.1385 0.1430 0.1494 0.1579 0.1686 0.1818 0.1977 0.2166 0.2388 0.2645 0.2938 0.3266 0.3624 0.3995 0.4345 0.4612 0.4745 0.4764 0.4700 0.4564 0.4356 0.4072 0.3705 0.3247 0.2703 0.2125 0.1708 0.1527 0.1440 0.1388 0.1359 0.1350 0.1357 0.1381 0.1422 0.1481 0.1558 0.1653 0.1760 0.1859 0.1905 0.1859 0.1760 0.1653 0.1558 0.1481 0.1422 0.1381 0.1357 0.1350 0.1359 0.1388 0.1440 0.1527 0.1708 0.2125 0.2703 0.3247 0.3705 0.4072 0.4356 0.4564 0.4700 0.4764 0.4745 0.4612 0.4345 0.3995 0.3624 0.3266 0.2938 0.2645 0.2388 0.2166 0.1977 0.1818 0.1686 0.1579 0.1494 0.1430 0.1385 0.1358 0.1349 0.1359 0.1389 0.1445 0.1540 0.1748 0.2219 0.2817 0.3412
0.2873 0.2240 0.1759 0.1545 0.1447 0.1391 0.1360 0.1350 0.1358 0.1384 0.1428 0.1491 0.1575 0.1682 0.1813 0.1972 0.2160 0.2382 0.2638 0.2931 0.3260 0.3618 0.3990 0.4342 0.4610 0.4745 0.4764 0.4700 0.4563 0.4354 0.4068 0.3699 0.3238 0.2692 0.2112 0.1701 0.1524 0.1438 0.1386 0.1359 0.1349 0.1358 0.1382 0.1424 0.1484 0.1562 0.1661 0.1778 0.1909 0.2028 0.2082 0.2028 0.1909 0.1778 0.1661 0.1562 0.1484 0.1424 0.1382 0.1358 0.1349 0.1359 0.1386 0.1438 0.1524 0.1701 0.2112 0.2692 0.3238 0.3699 0.4068 0.4354 0.4563 0.4700 0.4764 0.4745 0.4610 0.4342 0.3990 0.3618 0.3260 0.2931 0.2638 0.2382 0.2160 0.1972 0.1813 0.1682 0.1575 0.1491 0.1428 0.1384 0.1358 0.1350 0.1360 0.1391 0.1447 0.1545 0.1759 0.2240 0.2873
0.2280 0.1771 0.1549 0.1450 0.1392 0.1361 0.1350 0.1357 0.1382 0.1426 0.1489 0.1572 0.1678 0.1808 0.1966 0.2154 0.2374 0.2630 0.2923 0.3252 0.3611 0.3984 0.4337 0.4608 0.4744 0.4764 0.4700 0.4563 0.4353 0.4066 0.3695 0.3233 0.2684 0.2103 0.1696 0.1522 0.1436 0.1385 0.1358 0.1349 0.1358 0.1383 0.1426 0.1486 0.1566 0.1665 0.1787 0.1930 0.2086 0.2228 0.2292 0.2228 0.2086 0.1930 0.1787 0.1665 0.1566 0.1486 0.1426 0.1383 0.1358 0.1349 0.1358 0.1385 0.1436 0.1522 0.1696 0.2103 0.2684 0.3233 0.3695 0.4066 0.4353 0.4563 0.4700 0.4764 0.4744 0.4608 0.4337 0.3984 0.3611 0.3252 0.2923 0.2630 0.2374 0.2154 0.1966 0.1808 0.1678 0.1572 0.1489 0.1426 0.1382 0.1357 0.1350 0.1361 0.1392 0.1450 0.1549 0.1771 0.2280
0.1795 0.1554 0.1453 0.1394 0.1361 0.1350 0.1356 0.1381 0.1424 0.1486 0.1569 0.1673 0.1803 0.1960 0.2147 0.2367 0.2622 0.2914 0.3243 0.3602 0.3975 0.4330 0.4604 0.4743 0.4765 0.4701 0.4564 0.4354 0.4066 0.3694 0.3230 0.2679 0.2097 0.1692 0.1520 0.1435 0.1385 0.1358 0.1349 0.1359 0.1384 0.1427 0.1488 0.1569 0.1670 0.1793 0.1941 0.2111 0.2296 0.2463 0.2537 0.2463 0.2296 0.2111 0.1941 0.1793 0.1670 0.1569 0.1488 0.1427 0.1384 0.1359 0.1349 0.1358 0.1385 0.1435 0.1520 0.1692 0.2097 0.2679 0.3230 0.3694 0.4066 0.4354 0.4564 0.4701 0.4765 0.4743 0.4604 0.4330 0.3975 0.3602 0.3243 0.2914 0.2622 0.2367 0.2147 0.1960 0.1803 0.1673 0.1569 0.1486 0.1424 0.1381 0.1356 0.1350 0.1361 0.1394 0.1453 0.1554 0.1795
0.1569 0.1455 0.1395 0.1362 0.1350 0.1356 0.1380 0.1422 0.1483 0.1565 0.1669 0.1798 0.1954 0.2139 0.2358 0.2612 0.2904 0.3232 0.3591 0.3965 0.4322 0.4599 0.4741 0.4765 0.4703 0.4566 0.4356 0.4068 0.3695 0.3230 0.2677 0.2094 0.1690 0.1519 0.1434 0.1384 0.1357 0.1350 0.1359 0.1385 0.1429 0.1490 0.1571 0.1673 0.1798 0.1948 0.2124 0.2325 0.2541 0.2733 0.2820 0.2733 0.2541 0.2325 0.2124 0.1948 0.1798 0.1673 0.1571 0.1490 0.1429 0.1385 0.1359 0.1350 0.1357 0.1384 0.1434 0.1519 0.1690 0.2094 0.2677 0.3230 0.3695 0.4068 0.4356 0.4566 0.4703 0.4765 0.4741 0.4599 0.4322 0.3965 0.3591 0.3232 0.2904 0.2612 0.2358 0.2139 0.1954 0.1798 0.1669 0.1565 0.1483 0.1422 0.1380 0.1356 0.1350 0.1362 0.1395 0.1455 0.1569
0.1463 0.1397 0.1363 0.1350 0.1355 0.1379 0.1420 0.1481 0.1562 0.1665 0.1793 0.1948 0.2132 0.2350 0.2603 0.2893 0.3220 0.3579 0.3954 0.4312 0.4594 0.4739 0.4765 0.4705 0.4569 0.4360 0.4072 0.3699 0.3233 0.2679 0.2094 0.1689 0.1518 0.1434 0.1384 0.1357 0.1350 0.1359 0.1386 0.1430 0.1492 0.1574 0.1676 0.1802 0.1953 0.2132 0.2339 0.2574 0.2822 0.3042 0.3141 0.3042 0.2822 0.2574 0.2339 0.2132 0.1953 0.1802 0.1676 0.1574 0.1492 0.1430 0.1386 0.1359 0.1350 0.1357 0.1384 0.1434 0.1518 0.1689 0.2094 0.2679 0.3233 0.3699 0.4072 0.4360 0.4569 0.4705 0.4765 0.4739 0.4594 0.4312 0.3954 0.3579 0.3220 0.2893 0.2603 0.2350 0.2132 0.1948 0.1793 0.1665 0.1562 0.1481 0.1420 0.1379 0.1355 0.1350 0.1363 0.1397 0.1463
0.1400 0.1364 0.1350 0.1355 0.1377 0.1418 0.1478 0.1558 0.1661 0.1788 0.1942 0.2125 0.2341 0.2593 0.2882 0.3208 0.3566 0.3941 0.4302 0.4587 0.4737 0.4766 0.4707 0.4573 0.4364 0.4078 0.3705 0.3238 0.2684 0.2097 0.1690 0.1518 0.1433 0.1383 0.1357 0.1350 0.1360 0.1387 0.1431 0.1494 0.1576 0.1679 0.1806 0.1958 0.2138 0.2348 0.2590 0.2859 0.3141 0.3386 0.3495 0.3386 0.3141 0.2859 0.2590 0.2348 0.2138 0.1958 0.1806 0.1679 0.1576 0.1494 0.1431 0.1387 0.1360 0.1350 0.1357 0.1383 0.1433 0.1518 0.1690 0.2097 0.2684 0.3238 0.3705 0.4078 0.4364 0.4573 0.4707 0.4766 0.4737 0.4587 0.4302 0.3941 0.3566 0.3208 0.2882 0.2593 0.2341 0.2125 0.1942 0.1788 0.1661 0.1558 0.1478 0.1418 0.1377 0.1355 0.1350 0.1364 0.1400
0.1364 0.1350 0.1354 0.1376 0.1417 0.1476 0.1555 0.1657 0.1783 0.1935 0.2118 0.2333 0.2583 0.2871 0.3196 0.3553 0.3928 0.4290 0.4580 0.4734 0.4767 0.4710 0.4577 0.4370 0.4085 0.3713 0.3247 0.2692 0.2103 0.1692 0.1519 0.1434 0.1383 0.1357 0.1350 0.1360 0.1387 0.1432 0.1495 0.1578 0.1682 0.1809 0.1962 0.2143 0.2355 0.2600 0.2877 0.3182 0.3493 0.3757 0.3871 0.3757 0.3493 0.3182 0.2877 0.2600 0.2355 0.2143 0.1962 0.1809 0.1682 0.1578 0.1495 0.1432 0.1387 0.1360 0.1350 0.1357 0.1383 0.1434 0.1519 0.1692 0.2103 0.2692 0.3247 0.3713 0.4085 0.4370 0.4577 0.4710 0.4767 0.4734 0.4580 0.4290 0.3928 0.3553 0.3196 0.2871 0.2583 0.2333 0.2118 0.1935 0.1783 0.1657 0.1555 0.1476 0.1417 0.1376 0.1354 0.1350 0.1364
0.1348 0.1354 0.1375 0.1415 0.1473 0.1552 0.1653 0.1778 0.1929 0.2111 0.2325 0.2574 0.2860 0.3183 0.3539 0.3915 0.4278 0.4571 0.4731 0.4767 0.4713 0.4582 0.4377 0.4094 0.3723 0.3259 0.2703 0.2112 0.1696 0.1520 0.1434 0.1384 0.1357 0.1350 0.1360 0.1387 0.1432 0.1496 0.1579 0.1684 0.1812 0.1966 0.2148 0.2361 0.2608 0.2888 0.3201 0.3537 0.3867 0.4132 0.4241 0.4132 0.3867 0.3537 0.3201 0.2888 0.2608 0.2361 0.2148 0.1966 0.1812 0.1684 0.1579 0.1496 0.1432 0.1387 0.1360 0.1350 0.1357 0.1384 0.1434 0.1520 0.1696 0.2112 0.2703 0.3259 0.3723 0.4094 0.4377 0.4582 0.4713 0.4767 0.4731 0.4571 0.4278 0.3915 0.3539 0.3183 0.2860 0.2574 0.2325 0.2111 0.1929 0.1778 0.1653 0.1552 0.1473 0.1415 0.1375 0.1354 0.1348
0.1350 0.1374 0.1413 0.1471 0.1549 0.1649 0.1773 0.1924 0.2104 0.2316 0.2564 0.2849 0.3171 0.3526 0.3901 0.4266 0.4563 0.4728 0.4767 0.4716 0.4588 0.4385 0.4103 0.3735 0.3272 0.2718 0.2125 0.1701 0.1522 0.1435 0.1384 0.1357 0.1350 0.1360 0.1387 0.1432 0.1496 0.1580 0.1685 0.1814 0.1968 0.2152 0.2366 0.2614 0.2896 0.3213 0.3557 0.3910 0.4234 0.4465 0.4547 0.4465 0.4234 0.3910 0.3557 0.3213 0.2896 0.2614 0.2366 0.2152 0.1968 0.1814 0.1685 0.1580 0.1496 0.1432 0.1387 0.1360 0.1350 0.1357 0.1384 0.1435 0.1522 0.1701 0.2125 0.2718 0.3272 0.3735 0.4103 0.4385 0.4588 0.4716 0.4767 0.4728 0.4563 0.4266 0.3901 0.3526 0.3171 0.2849 0.2564 0.2316 0.2104 0.1924 0.1773 0.1649 0.1549 0.1471 0.1413 0.1374 0.1350
0.1368 0.1411 0.1468 0.1546 0.1645 0.1768 0.1918 0.2097 0.2308 0.2555 0.2838 0.3159 0.3513 0.3887 0.4253 0.4554 0.4724 0.4768 0.4719 0.4593 0.4393 0.4113 0.3747 0.3287 0.2734 0.2139 0.1708 0.1524 0.1436 0.1385 0.1357 0.1350 0.1360 0.1387 0.1432 0.1496 0.1580 0.1686 0.1815 0.1970 0.2154 0.2370 0.2619 0.2903 0.3221 0.3569 0.3930 0.4273 0.4541 0.4683 0.4722 0.4683 0.4541 0.4273 0.3930 0.3569 0.3221 0.2903 0.2619 0.2370 0.2154 0.1970 0.1815 0.1686 0.1580 0.1496 0.1432 0.1387 0.1360 0.1350 0.1357 0.1385 0.1436 0.1524 0.1708 0.2139 0.2734 0.3287 0.3747 0.4113 0.4393 0.4593 0.4719 0.4768 0.4724 0.4554 0.4253 0.3887 0.3513 0.3159 0.2838 0.2555 0.2308 0.2097 0.1918 0.1768 0.1645 0.1546 0.1468 0.1411 0.1368
0.1403 0.1466 0.1542 0.1641 0.1763 0.1912 0.2090 0.2300 0.2545 0.2827 0.3147 0.3500 0.3874 0.4241 0.4545 0.4721 0.4768 0.4722 0.4599 0.4401 0.4125 0.3761 0.3303 0.2752 0.2156 0.1715 0.1527 0.1438 0.1385 0.1358 0.1350 0.1359 0.1387 0.1432 0.1496 0.1580 0.1686 0.1815 0.1971 0.2156 0.2372 0.2623 0.2908 0.3228 0.3577 0.3941 0.4290 0.4567 0.4718 0.4765 0.4768 0.4765 0.4718 0.4567 0.4290 0.3941 0.3577 0.3228 0.2908 0.2623 0.2372 0.2156 0.1971 0.1815 0.1686 0.1580 0.1496 0.1432 0.1387 0.1359 0.1350 0.1358 0.1385 0.1438 0.1527 0.1715 0.2156 0.2752 0.3303 0.3761 0.4125 0.4401 0.4599 0.4722 0.4768 0.4721 0.4545 0.4241 0.3874 0.3500 0.3147 0.2827 0.2545 0.2300 0.2090 0.1912 0.1763 0.1641 0.1542 0.1466 0.1403
0.1456 0.1539 0.1637 0.1758 0.1906 0.2083 0.2292 0.2536 0.2816 0.3135 0.3487 0.3860 0.4228 0.4536 0.4717 0.4768 0.4725 0.4605 0.4410 0.4136 0.3775 0.3320 0.2771 0.2174 0.1724 0.1531 0.1440 0.1386 0.1358 0.1349 0.1359 0.1386 0.1431 0.1495 0.1579 0.1685 0.1815 0.1971 0.2157 0.2374 0.2625 0.2911 0.3233 0.3583 0.3949 0.4299 0.4578 0.4729 0.4768 0.4744 0.4721 0.4744 0.4768 0.4729 0.4578 0.4299 0.3949 0.3583 0.3233 0.2911 0.2625 0.2374 0.2157 0.1971 0.1815 0.1685 0.1579 0.1495 0.1431 0.1386 0.1359 0.1349 0.1358 0.1386 0.1440 0.1531 0.1724 0.2174 0.2771 0.3320 0.3775 0.4136 0.4410 0.4605 0.4725 0.4768 0.4717 0.4536 0.4228 0.3860 0.3487 0.3135 0.2816 0.2536 0.2292 0.2083 0.1906 0.1758 0.1637 0.1539 0.1456
0.1527 0.1633 0.1753 0.1900 0.2076 0.2284 0.2526 0.2806 0.3123 0.3473 0.3847 0.4216 0.4527 0.4713 0.4768 0.4728 0.4611 0.4418 0.4147 0.3790 0.3338 0.2792 0.2194 0.1734 0.1534 0.1442 0.1388 0.1359 0.1349 0.1359 0.1385 0.1430 0.1494 0.1578 0.1684 0.1814 0.1970 0.2156 0.2374 0.2626 0.2913 0.3235 0.3587 0.3954 0.4305 0.4583 0.4733 0.4767 0.4725 0.4645 0.4598 0.4645 0.4725 0.4767 0.4733 0.4583 0.4305 0.3954 0.3587 0.3235 0.2913 0.2626 0.2374 0.2156 0.1970 0.1814 0.1684 0.1578 0.1494 0.1430 0.1385 0.1359 0.1349 0.1359 0.1388 0.1442 0.1534 0.1734 0.2194 0.2792 0.3338 0.3790 0.4147 0.4418 0.4611 0.4728 0.4768 0.4713 0.4527 0.4216 0.3847 0.3473 0.3123 0.2806 0.2526 0.2284 0.2076 0.1900 0.1753 0.1633 0.1527
0.1619 0.1749 0.1894 0.2069 0.2276 0.2517 0.2795 0.3111 0.3460 0.3833 0.4203 0.4518 0.4709 0.4768 0.4731 0.4616 0.4426 0.4158 0.3804 0.3356 0.2813 0.2215 0.1745 0.1539 0.1444 0.1389 0.1359 0.1349 0.1358 0.1384 0.1429 0.1492 0.1576 0.1682 0.1812 0.1968 0.2154 0.2372 0.2625 0.2913 0.3236 0.3589 0.3957 0.4309 0.4587 0.4735 0.4767 0.4717 0.4606 0.4472 0.4402 0.4472 0.4606 0.4717 0.4767 0.4735 0.4587 0.4309 0.3957 0.3589 0.3236 0.2913 0.2625 0.2372 0.2154 0.1968 0.1812 0.1682 0.1576 0.1492 0.1429 0.1384 0.1358 0.1349 0.1359 0.1389 0.1444 0.1539 0.1745 0.2215 0.2813 0.3356 0.3804 0.4158 0.4426 0.4616 0.4731 0.4768 0.4709 0.4518 0.4203 0.3833 0.3460 0.3111 0.2795 0.2517 0.2276 0.2069 0.1894 0.1749 0.1619
0.1732 0.1889 0.2062 0.2268 0.2507 0.2784 0.3099 0.3447 0.3819 0.4190 0.4508 0.4704 0.4768 0.4734 0.4622 0.4434 0.4169 0.3819 0.3374 0.2834 0.2236 0.1757 0.1544 0.1447 0.1390 0.1360 0.1350 0.1358 0.1383 0.1427 0.1490 0.1574 0.1679 0.1809 0.1966 0.2152 0.2370 0.2623 0.2911 0.3235 0.3589 0.3958 0.4311 0.4589 0.4736 0.4767 0.4713 0.4590 0.4414 0.4223 0.4127 0.4223 0.4414 0.4590 0.4713 0.4767 0.4736 0.4589 0.4311 0.3958 0.3589 0.3235 0.2911 0.2623 0.2370 0.2152 0.1966 0.1809 0.1679 0.1574 0.1490 0.1427 0.1383 0.1358 0.1350 0.1360 0.1390 0.1447 0.1544 0.1757 0.2236 0.2834 0.3374 0.3819 0.4169 0.4434 0.4622 0.4734 0.4768 0.4704 0.4508 0.4190 0.3819 0.3447 0.3099 0.2784 0.2507 0.2268 0.2062 0.1889 0.1732
0.1870 0.2056 0.2260 0.2498 0.2774 0.3087 0.3434 0.3806 0.4177 0.4499 0.4700 0.4767 0.4736 0.4627 0.4443 0.4180 0.3833 0.3392 0.2855 0.2257 0.1769 0.1548 0.1449 0.1392 0.1360 0.1350 0.1357 0.1382 0.1426 0.1488 0.1571 0.1676 0.1806 0.1962 0.2148 0.2366 0.2619 0.2908 0.3233 0.3587 0.3957 0.4311 0.4589 0.4737 0.4766 0.4711 0.4584 0.4391 0.4144 0.3892 0.3768 0.3892 0.4144 0.4391 0.4584 0.4711 0.4766 0.4737 0.4589 0.4311 0.3957 0.3587 0.3233 0.2908 0.2619 0.2366 0.2148 0.1962 0.1806 0.1676 0.1571 0.1488 0.1426 0.1382 0.1357 0.1350 0.1360 0.1392 0.1449 0.1548 0.1769 0.2257 0.2855 0.3392 0.3833 0.4180 0.4443 0.4627 0.4736 0.4767 0.4700 0.4499 0.4177 0.3806 0.3434 0.3087 0.2774 0.2498 0.2260 0.2056 0.1870
0.2035 0.2252 0.2489 0.2763 0.3075 0.3421 0.3792 0.4165 0.4489 0.4695 0.4767 0.4739 0.4632 0.4451 0.4191 0.3847 0.3409 0.2876 0.2279 0.1781 0.1553 0.1452 0.1393 0.1361 0.1350 0.1356 0.1381 0.1424 0.1486 0.1569 0.1673 0.1802 0.1958 0.2143 0.2361 0.2614 0.2903 0.3228 0.3583 0.3954 0.4309 0.4589 0.4737 0.4766 0.4711 0.4582 0.4383 0.4115 0.3791 0.3472 0.3317 0.3472 0.3791 0.4115 0.4383 0.4582 0.4711 0.4766 0.4737 0.4589 0.4309 0.3954 0.3583 0.3228 0.2903 0.2614 0.2361 0.2143 0.1958 0.1802 0.1673 0.1569 0.1486 0.1424 0.1381 0.1356 0.1350 0.1361 0.1393 0.1452 0.1553 0.1781 0.2279 0.2876 0.3409 0.3847 0.4191 0.4451 0.4632 0.4739 0.4767 0.4695 0.4489 0.4165 0.3792 0.3421 0.3075 0.2763 0.2489 0.2252 0.2035
0.2230 0.2480 0.2752 0.3063 0.3408 0.3778 0.4151 0.4479 0.4690 0.4766 0.4741 0.4637 0.4458 0.4202 0.3861 0.3427 0.2897 0.2301 0.1794 0.1558 0.1455 0.1395 0.1362 0.1350 0.1356 0.1380 0.1422 0.1484 0.1566 0.1670 0.1798 0.1953 0.2138 0.2355 0.2608 0.2896 0.3221 0.3577 0.3949 0.4305 0.4587 0.4736 0.4766 0.4711 0.4581 0.4380 0.4105 0.3755 0.3346 0.2958 0.2775 0.2958 0.3346 0.3755 0.4105 0.4380 0.4581 0.4711 0.4766 0.4736 0.4587 0.4305 0.3949 0.3577 0.3221 0.2896 0.2608 0.2355 0.2138 0.1953 0.1798 0.1670 0.1566 0.1484 0.1422 0.1380 0.1356 0.1350 0.1362 0.1395 0.1455 0.1558 0.1794 0.2301 0.2897 0.3427 0.3861 0.4202 0.4458 0.4637 0.4741 0.4766 0.4690 0.4479 0.4151 0.3778 0.3408 0.3063 0.2752 0.2480 0.2230
0.2456 0.2741 0.3050 0.3394 0.3764 0.4137 0.4468 0.4685 0.4765 0.4744 0.4643 0.4466 0.4213 0.3876 0.3445 0.2918 0.2323 0.1808 0.1564 0.1458 0.1397 0.1363 0.1350 0.1355 0.1379 0.1420 0.1481 0.1562 0.1665 0.1793 0.1948 0.2132 0.2348 0.2600 0.2888 0.3213 0.3569 0.3941 0.4299 0.4583 0.4735 0.4767 0.4711 0.4582 0.4380 0.4102 0.3743 0.3303 0.2811 0.2377 0.2193 0.2377 0.2811 0.3303 0.3743 0.4102 0.4380 0.4582 0.4711 0.4767 0.4735 0.4583 0.4299 0.3941 0.3569 0.3213 0.2888 0.2600 0.2348 0.2132 0.1948 0.1793 0.1665 0.1562 0.1481 0.1420 0.1379 0.1355 0.1350 0.1363 0.1397 0.1458 0.1564 0.1808 0.2323 0.2918 0.3445 0.3876 0.4213 0.4466 0.4643 0.4744 0.4765 0.4685 0.4468 0.4137 0.3764 0.3394 0.3050 0.2741 0.2456
0.2715 0.3035 0.3377 0.3746 0.4121 0.4455 0.4678 0.4764 0.4746 0.4649 0.4476 0.4226 0.3892 0.3466 0.2943 0.2349 0.1825 0.1571 0.1461 0.1399 0.1364 0.1350 0.1355 0.1377 0.1418 0.1478 0.1558 0.1660 0.1787 0.1941 0.2124 0.2339 0.2590 0.2877 0.3201 0.3557 0.3930 0.4290 0.4578 0.4733 0.4767 0.4713 0.4584 0.4383 0.4105 0.3743 0.3293 0.2766 0.2230 0.1860 0.1748 0.1860 0.2230 0.2766 0.3293 0.3743 0.4105 0.4383 0.4584 0.4713 0.4767 0.4733 0.4578 0.4290 0.3930 0.3557 0.3201 0.2877 0.2590 0.2339 0.2124 0.1941 0.1787 0.1661 0.1558 0.1478 0.1418 0.1377 0.1355 0.1350 0.1364 0.1399 0.1461 0.1571 0.1825 0.2350 0.2943 0.3466 0.3892 0.4226 0.4476 0.4649 0.4746 0.4764 0.4678 0.4455 0.4121 0.3746 0.3377 0.3035 0.2715
0.3001 0.3351 0.3720 0.4096 0.4436 0.4668 0.4762 0.4750 0.4657 0.4489 0.4244 0.3915 0.3495 0.2977 0.2386 0.1850 0.1581 0.1466 0.1402 0.1365 0.1350 0.1354 0.1375 0.1415 0.1473 0.1552 0.1653 0.1778 0.1930 0.2111 0.2325 0.2574 0.2859 0.3182 0.3537 0.3910 0.4273 0.4567 0.4729 0.4767 0.4717 0.4590 0.4391 0.4115 0.3754 0.3303 0.2766 0.2195 0.1770 0.1595 0.1551 0.1595 0.1770 0.2195 0.2766 0.3303 0.3755 0.4115 0.4391 0.4590 0.4717 0.4767 0.4729 0.4567 0.4273 0.3910 0.3537 0.3182 0.2859 0.2574 0.2325 0.2111 0.1930 0.1778 0.1653 0.1552 0.1473 0.1415 0.1375 0.1354 0.1350 0.1365 0.1402 0.1466 0.1581 0.1851 0.2387 0.2978 0.3495 0.3915 0.4243 0.4489 0.4657 0.4750 0.4762 0.4668 0.4436 0.4096 0.3720 0.3351 0.3001
0.3292 0.3665 0.4045 0.4395 0.4646 0.4757 0.4756 0.4672 0.4513 0.4277 0.3958 0.3549 0.3043 0.2459 0.1904 0.1603 0.1478 0.1408 0.1369 0.1351 0.1352 0.1371 0.1408 0.1464 0.1540 0.1638 0.1760 0.1909 0.2086 0.2296 0.2541 0.2822 0.3141 0.3493 0.3867 0.4234 0.4541 0.4718 0.4768 0.4725 0.4606 0.4413 0.4144 0.3791 0.3346 0.2811 0.2230 0.1770 0.1566 0.1485 0.1460 0.1485 0.1567 0.1770 0.2230 0.2811 0.3346 0.3791 0.4144 0.4414 0.4606 0.4725 0.4768 0.4718 0.4541 0.4234 0.3867 0.3493 0.3141 0.2822 0.2541 0.2296 0.2086 0.1909 0.1760 0.1638 0.1540 0.1464 0.1408 0.1371 0.1352 0.1351 0.1369 0.1408 0.1478 0.1603 0.1904 0.2459 0.3044 0.3549 0.3958 0.4277 0.4513 0.4672 0.4756 0.4757 0.4646 0.4395 0.4045 0.3665 0.3292
0.3536 0.3919 0.4290 0.4584 0.4737 0.4765 0.4704 0.4566 0.4352 0.4058 0.3675 0.3197 0.2630 0.2048 0.1667 0.1508 0.1426 0.1378 0.1354 0.1349 0.1363 0.1394 0.1444 0.1514 0.1605 0.1719 0.1859 0.2028 0.2228 0.2462 0.2733 0.3042 0.3386 0.3757 0.4132 0.4465 0.4683 0.4765 0.4744 0.4645 0.4472 0.4223 0.3892 0.3471 0.2957 0.2377 0.1859 0.1595 0.1485 0.1430 0.1413 0.1430 0.1485 0.1596 0.1860 0.2377 0.2958 0.3472 0.3892 0.4223 0.4472 0.4645 0.4744 0.4765 0.4683 0.4465 0.4132 0.3757 0.3386 0.3042 0.2733 0.2463 0.2228 0.2028 0.1859 0.1719 0.1605 0.1514 0.1444 0.1394 0.1363 0.1349 0.1354 0.1378 0.1426 0.1508 0.1667 0.2048 0.2630 0.3197 0.3675 0.4058 0.4352 0.4566 0.4704 0.4765 0.4737 0.4584 0.4290 0.3919 0.3536
0.3638 0.4024 0.4385 0.4644 0.4757 0.4755 0.4670 0.4509 0.4270 0.3950 0.3538 0.3030 0.2446 0.1900 0.1606 0.1479 0.1409 0.1368 0.1350 0.1351 0.1369 0.1406 0.1462 0.1537 0.1635 0.1757 0.1905 0.2082 0.2292 0.2537 0.2820 0.3141 0.3495 0.3871 0.4241 0.4547 0.4722 0.4768 0.4721 0.4598 0.4401 0.4127 0.3768 0.3317 0.2775 0.2193 0.1748 0.1551 0.1460 0.1413 0.1398 0.1413 0.1460 0.1551 0.1748 0.2193 0.2775 0.3317 0.3768 0.4127 0.4402 0.4598 0.4721 0.4768 0.4722 0.4547 0.4241 0.3871 0.3495 0.3141 0.2820 0.2537 0.2292 0.2082 0.1905 0.1757 0.1635 0.1537 0.1462 0.1406 0.1369 0.1351 0.1350 0.1368 0.1409 0.1479 0.1606 0.1900 0.2446 0.3030 0.3538 0.3950 0.4270 0.4509 0.4670 0.4755 0.4757 0.4644 0.4385 0.4024 0.3638
0.3536 0.3919 0.4290 0.4584 0.4737 0.4765 0.4704 0.4566 0.4352 0.4058 0.3675 0.3197 0.2630 0.2048 0.1667 0.1508 0.1426 0.1378 0.1354 0.1349 0.1363 0.1394 0.1444 0.1514 0.1605 0.1719 0.1859 0.2028 0.2228 0.2462 0.2733 0.3042 0.3386 0.3757 0.4132 0.4465 0.4683 0.4765 0.4744 0.4645 0.4472 0.4223 0.3892 0.3472 0.2958 0.2377 0.1860 0.1595 0.1485 0.1430 0.1413 0.1431 0.1485 0.1596 0.1860 0.2377 0.2958 0.3472 0.3892 0.4223 0.4472 0.4645 0.4744 0.4765 0.4683 0.4465 0.4132 0.3757 0.3386 0.3042 0.2733 0.2463 0.2228 0.2028 0.1859 0.1719 0.1605 0.1514 0.1444 0.1394 0.1363 0.1349 0.1354 0.1378 0.1426 0.1508 0.1667 0.2048 0.2630 0.3197 0.3675 0.4058 0.4352 0.4566 0.4704 0.4765 0.4737 0.4584 0.4290 0.3919 0.3536
0.3292 0.3665 0.4045 0.4395 0.4646 0.4757 0.4756 0.4672 0.4513 0.4277 0.3958 0.3549 0.3043 0.2459 0.1904 0.1603 0.1478 0.1408 0.1369 0.1351 0.1352 0.1371 0.1408 0.1464 0.1540 0.1638 0.1760 0.1909 0.2086 0.2296 0.2541 0.2822 0.3141 0.3493 0.3867 0.4234 0.4541 0.4718 0.4768 0.4725 0.4606 0.4414 0.4144 0.3791 0.3346 0.2811 0.2230 0.1770 0.1567 0.1485 0.1460 0.1485 0.1567 0.1770 0.2230 0.2811 0.3346 0.3791 0.4144 0.4414 0.4606 0.4725 0.4768 0.4718 0.4541 0.4234 0.3867 0.3493 0.3141 0.2822 0.2541 0.2296 0.2086 0.1909 0.1760 0.1638 0.1540 0.1464 0.1408 0.1371 0.1352 0.1351 0.1369 0.1408 0.1478 0.1603 0.1904 0.2459 0.3044 0.3549 0.3958 0.4277 0.4513 0.4672 0.4756 0.4757 0.4646 0.4395 0.4045 0.3665 0.3292
0.3001 0.3351 0.3720 0.4096 0.4436 0.4668 0.4762 0.4750 0.4657 0.4489 0.4244 0.3915 0.3495 0.2977 0.2386 0.1850 0.1581 0.1466 0.1402 0.1365 0.1350 0.1354 0.1375 0.1415 0.1473 0.1552 0.1653 0.1778 0.1930 0.2111 0.2325 0.2574 0.2859 0.3182 0.3537 0.3910 0.4273 0.4567 0.4729 0.4767 0.4717 0.4590 0.4391 0.4115 0.3755 0.3303 0.2766 0.2195 0.1770 0.1596 0.1551 0.1596 0.1770 0.2195 0.2766 0.3303 0.3755 0.4115 0.4391 0.4590 0.4717 0.4767 0.4729 0.4567 0.4273 0.3910 0.3537 0.3182 0.2859 0.2574 0.2325 0.2111 0.1930 0.1778 0.1653 0.1552 0.1473 0.1415 0.1375 0.1354 0.1350 0.1365 0.1402 0.1466 0.1581 0.1851 0.2387 0.2978 0.3495 0.3915 0.4243 0.4489 0.4657 0.4750 0.4762 0.4668 0.4436 0.4096 0.3720 0.3351 0.3001
0.2715 0.3035 0.3377 0.3746 0.4121 0.4455 0.4678 0.4764 0.4746 0.4649 0.4476 0.4226 0.3892 0.3466 0.2943 0.2349 0.1825 0.1571 0.1461 0.1399 0.1364 0.1350 0.1355 0.1377 0.1418 0.1478 0.1558 0.1660 0.1787 0.1941 0.2124 0.2339 0.2590 0.2877 0.3201 0.3557 0.3930 0.4290 0.4578 0.4733 0.4767 0.4713 0.4584 0.4383 0.4105 0.3743 0.3293 0.2766 0.2230 0.1860 0.1748 0.1860 0.2230 0.2766 0.3293 0.3743 0.4105 0.4383 0.4584 0.4713 0.4767 0.4733 0.4578 0.4290 0.3930 0.3557 0.3201 0.2877 0.2590 0.2339 0.2124 0.1941 0.1787 0.1661 0.1558 0.1478 0.1418 0.1377 0.1355 0.1350 0.1364 0.1399 0.1461 0.1571 0.1825 0.2350 0.2943 0.3466 0.3892 0.4226 0.4476 0.4649 0.4746 0.4764 0.4678 0.4455 0.4121 0.3746 0.3377 0.3035 0.2715
0.2456 0.2741 0.3050 0.3394 0.3764 0.4137 0.4468 0.4685 0.4765 0.4744 0.4643 0.4466 0.4213 0.3876 0.3445 0.2918 0.2323 0.1808 0.1564 0.1458 0.1397 0.1363 0.1350 0.1355 0.1379 0.1420 0.1481 0.1562 0.1665 0.1793 0.1948 0.2132 0.2348 0.2600 0.2888 0.3213 0.3569 0.3941 0.4299 0.4583 0.4735 0.4767 0.4711 0.4582 0.4380 0.4102 0.3743 0.3303 0.2811 0.2377 0.2193 0.2377 0.2811 0.3303 0.3743 0.4102 0.4380 0.4582 0.4711 0.4767 0.4735 0.4583 0.4299 0.3941 0.3569 0.3213 0.2888 0.2600 0.2348 0.2132 0.1948 0.1793 0.1665 0.1562 0.1481 0.1420 0.1379 0.1355 0.1350 0.1363 0.1397 0.1458 0.1564 0.1808 0.2323 0.2918 0.3445 0.3876 0.4213 0.4466 0.4643 0.4744 0.4765 0.4685 0.4468 0.4137 0.3764 0.3394 0.3050 0.2741 0.2456
