0.3382 0.3739 0.4115 0.4467 0.4728 0.4850 0.4857 0.4780 0.4630 0.4406 0.4104 0.3716 0.3235 0.2669 0.2084 0.1693 0.1525 0.1437 0.1385 0.1357 0.1347 0.1354 0.1378 0.1420 0.1479 0.1557 0.1656 0.1778 0.1925 0.2100 0.2305 0.2545 0.2820 0.3132 0.3478 0.3849 0.4224 0.4558 0.4779 0.4863 0.4842 0.4743 0.4571 0.4325 0.3998 0.3584 0.3082 0.2523 0.2019 0.1747 0.1676 0.1747 0.2019 0.2523 0.3082 0.3584 0.3998 0.4325 0.4571 0.4743 0.4842 0.4863 0.4779 0.4558 0.4224 0.3849 0.3478 0.3132 0.2820 0.2545 0.2305 0.2100 0.1925 0.1778 0.1656 0.1557 0.1479 0.1420 0.1378 0.1354 0.1347 0.1357 0.1385 0.1437 0.1525 0.1693 0.2084 0.2669 0.3235 0.3716 0.4104 0.4406 0.4630 0.4780 0.4857 0.4850 0.4728 0.4467 0.4115 0.3739 0.3382
0.3739 0.4098 0.4427 0.4658 0.4758 0.4757 0.4678 0.4529 0.4310 0.4015 0.3637 0.3169 0.2619 0.2050 0.1673 0.1513 0.1431 0.1383 0.1357 0.1350 0.1359 0.1385 0.1428 0.1489 0.1570 0.1671 0.1795 0.1944 0.2120 0.2327 0.2567 0.2842 0.3151 0.3491 0.3851 0.4207 0.4511 0.4701 0.4767 0.4741 0.4641 0.4471 0.4230 0.3911 0.3507 0.3014 0.2454 0.1931 0.1644 0.1534 0.1504 0.1534 0.1644 0.1931 0.2454 0.3014 0.3507 0.3911 0.4230 0.4471 0.4641 0.4741 0.4767 0.4701 0.4511 0.4207 0.3851 0.3491 0.3151 0.2842 0.2567 0.2327 0.2120 0.1944 0.1795 0.1671 0.1570 0.1489 0.1428 0.1385 0.1359 0.1350 0.1357 0.1383 0.1431 0.1513 0.1673 0.2050 0.2619 0.3169 0.3637 0.4015 0.4310 0.4529 0.4678 0.4757 0.4758 0.4658 0.4427 0.4098 0.3739
0.4115 0.4427 0.4660 0.4759 0.4755 0.4674 0.4523 0.4301 0.4003 0.3622 0.3150 0.2597 0.2031 0.1664 0.1509 0.1429 0.1382 0.1356 0.1350 0.1360 0.1386 0.1430 0.1492 0.1573 0.1675 0.1799 0.1949 0.2127 0.2335 0.2577 0.2853 0.3163 0.3504 0.3864 0.4220 0.4521 0.4706 0.4767 0.4738 0.4636 0.4464 0.4220 0.3898 0.3490 0.2992 0.2425 0.1897 0.1613 0.1496 0.1440 0.1422 0.1440 0.1496 0.1613 0.1897 0.2425 0.2992 0.3490 0.3898 0.4220 0.4464 0.4636 0.4738 0.4767 0.4706 0.4521 0.4220 0.3864 0.3504 0.3163 0.2853 0.2577 0.2335 0.2127 0.1949 0.1799 0.1675 0.1573 0.1492 0.1430 0.1386 0.1360 0.1350 0.1356 0.1382 0.1429 0.1509 0.1664 0.2031 0.2597 0.3150 0.3622 0.4003 0.4301 0.4523 0.4674 0.4755 0.4759 0.4660 0.4427 0.4115
0.4467 0.4658 0.4759 0.4755 0.4672 0.4519 0.4294 0.3993 0.3608 0.3132 0.2577 0.2012 0.1656 0.1505 0.1427 0.1380 0.1356 0.1350 0.1360 0.1388 0.1432 0.1495 0.1576 0.1679 0.1805 0.1956 0.2135 0.2344 0.2586 0.2863 0.3175 0.3517 0.3878 0.4232 0.4530 0.4710 0.4768 0.4736 0.4631 0.4456 0.4209 0.3884 0.3473 0.2972 0.2402 0.1877 0.1600 0.1482 0.1419 0.1386 0.1375 0.1386 0.1419 0.1482 0.1600 0.1877 0.2402 0.2972 0.3473 0.3884 0.4209 0.4456 0.4631 0.4736 0.4768 0.4710 0.4530 0.4232 0.3878 0.3517 0.3175 0.2863 0.2586 0.2344 0.2135 0.1956 0.1805 0.1679 0.1576 0.1495 0.1432 0.1388 0.1360 0.1350 0.1356 0.1380 0.1427 0.1505 0.1656 0.2012 0.2577 0.3132 0.3608 0.3993 0.4294 0.4519 0.4672 0.4755 0.4759 0.4658 0.4467
0.4728 0.4758 0.4755 0.4672 0.4517 0.4290 0.3986 0.3597 0.3118 0.2559 0.1996 0.1648 0.1502 0.1425 0.1379 0.1355 0.1350 0.1361 0.1389 0.1434 0.1497 0.1580 0.1683 0.1810 0.1962 0.2142 0.2352 0.2596 0.2875 0.3187 0.3530 0.3892 0.4245 0.4539 0.4714 0.4768 0.4733 0.4625 0.4448 0.4199 0.3871 0.3456 0.2952 0.2380 0.1860 0.1591 0.1476 0.1411 0.1374 0.1357 0.1352 0.1357 0.1374 0.1411 0.1476 0.1591 0.1860 0.2380 0.2952 0.3456 0.3871 0.4199 0.4448 0.4625 0.4733 0.4768 0.4714 0.4539 0.4245 0.3892 0.3530 0.3187 0.2875 0.2596 0.2352 0.2142 0.1962 0.1810 0.1683 0.1580 0.1497 0.1434 0.1389 0.1361 0.1350 0.1355 0.1379 0.1425 0.1502 0.1648 0.1996 0.2559 0.3118 0.3597 0.3986 0.4290 0.4517 0.4672 0.4755 0.4758 0.4728
0.4850 0.4757 0.4674 0.4519 0.4290 0.3983 0.3591 0.3108 0.2545 0.1983 0.1642 0.1499 0.1423 0.1378 0.1355 0.1350 0.1362 0.1390 0.1436 0.1500 0.1583 0.1688 0.1815 0.1968 0.2149 0.2361 0.2606 0.2885 0.3200 0.3544 0.3905 0.4257 0.4548 0.4718 0.4768 0.4730 0.4620 0.4440 0.4188 0.3857 0.3439 0.2931 0.2358 0.1845 0.1585 0.1472 0.1407 0.1370 0.1353 0.1349 0.1349 0.1349 0.1353 0.1370 0.1407 0.1472 0.1585 0.1845 0.2358 0.2931 0.3439 0.3857 0.4188 0.4440 0.4620 0.4730 0.4768 0.4718 0.4548 0.4257 0.3905 0.3544 0.3200 0.2885 0.2606 0.2361 0.2149 0.1968 0.1815 0.1688 0.1583 0.1500 0.1436 0.1390 0.1362 0.1350 0.1355 0.1378 0.1423 0.1499 0.1642 0.1983 0.2545 0.3108 0.3591 0.3983 0.4290 0.4519 0.4674 0.4757 0.4850
0.4857 0.4678 0.4523 0.4294 0.3986 0.3591 0.3104 0.2538 0.1975 0.1637 0.1496 0.1421 0.1377 0.1354 0.1350 0.1363 0.1392 0.1438 0.1503 0.1587 0.1692 0.1820 0.1974 0.2156 0.2369 0.2616 0.2896 0.3212 0.3557 0.3919 0.4270 0.4557 0.4722 0.4768 0.4727 0.4615 0.4432 0.4177 0.3843 0.3421 0.2911 0.2337 0.1831 0.1579 0.1468 0.1405 0.1368 0.1351 0.1350 0.1359 0.1364 0.1359 0.1350 0.1351 0.1368 0.1405 0.1468 0.1579 0.1831 0.2337 0.2911 0.3421 0.3843 0.4177 0.4432 0.4615 0.4727 0.4768 0.4722 0.4557 0.4270 0.3919 0.3557 0.3212 0.2896 0.2616 0.2369 0.2156 0.1974 0.1820 0.1692 0.1587 0.1503 0.1438 0.1392 0.1363 0.1350 0.1354 0.1377 0.1421 0.1496 0.1637 0.1975 0.2538 0.3104 0.3591 0.3986 0.4294 0.4523 0.4678 0.4857
0.4780 0.4529 0.4301 0.3993 0.3597 0.3108 0.2538 0.1972 0.1635 0.1495 0.1420 0.1376 0.1354 0.1350 0.1363 0.1393 0.1440 0.1505 0.1590 0.1696 0.1826 0.1981 0.2164 0.2378 0.2626 0.2908 0.3224 0.3570 0.3932 0.4282 0.4566 0.4726 0.4768 0.4724 0.4609 0.4424 0.4166 0.3829 0.3404 0.2890 0.2315 0.1817 0.1573 0.1465 0.1403 0.1367 0.1351 0.1352 0.1366 0.1387 0.1398 0.1387 0.1366 0.1352 0.1351 0.1367 0.1403 0.1465 0.1573 0.1817 0.2315 0.2890 0.3404 0.3829 0.4166 0.4424 0.4609 0.4724 0.4768 0.4726 0.4566 0.4282 0.3932 0.3570 0.3224 0.2908 0.2626 0.2378 0.2164 0.1981 0.1826 0.1696 0.1590 0.1505 0.1440 0.1393 0.1363 0.1350 0.1354 0.1376 0.1420 0.1495 0.1635 0.1972 0.2538 0.3108 0.3597 0.3993 0.4301 0.4529 0.4780
0.4630 0.4310 0.4003 0.3608 0.3118 0.2545 0.1975 0.1635 0.1494 0.1419 0.1376 0.1354 0.1350 0.1364 0.1394 0.1442 0.1508 0.1593 0.1700 0.1831 0.1987 0.2171 0.2387 0.2635 0.2919 0.3237 0.3584 0.3946 0.4294 0.4574 0.4729 0.4768 0.4721 0.4603 0.4416 0.4155 0.3814 0.3386 0.2869 0.2294 0.1803 0.1567 0.1462 0.1401 0.1366 0.1351 0.1353 0.1370 0.1400 0.1434 0.1450 0.1434 0.1400 0.1370 0.1353 0.1351 0.1366 0.1401 0.1462 0.1567 0.1803 0.2294 0.2869 0.3386 0.3814 0.4155 0.4416 0.4603 0.4721 0.4768 0.4729 0.4574 0.4294 0.3946 0.3584 0.3237 0.2919 0.2635 0.2387 0.2171 0.1987 0.1831 0.1700 0.1593 0.1508 0.1442 0.1394 0.1364 0.1350 0.1354 0.1376 0.1419 0.1494 0.1635 0.1975 0.2545 0.3118 0.3608 0.4003 0.4310 0.4630
0.4406 0.4015 0.3622 0.3132 0.2559 0.1983 0.1637 0.1495 0.1419 0.1375 0.1354 0.1350 0.1364 0.1395 0.1443 0.1510 0.1596 0.1704 0.1835 0.1993 0.2178 0.2395 0.2645 0.2930 0.3249 0.3597 0.3959 0.4306 0.4582 0.4732 0.4767 0.4718 0.4598 0.4407 0.4144 0.3800 0.3368 0.2848 0.2272 0.1790 0.1562 0.1459 0.1399 0.1365 0.1350 0.1353 0.1372 0.1407 0.1453 0.1500 0.1522 0.1500 0.1453 0.1407 0.1372 0.1353 0.1350 0.1365 0.1399 0.1459 0.1562 0.1790 0.2272 0.2848 0.3368 0.3800 0.4144 0.4407 0.4598 0.4718 0.4767 0.4732 0.4582 0.4306 0.3959 0.3597 0.3249 0.2930 0.2645 0.2395 0.2178 0.1993 0.1835 0.1704 0.1596 0.1510 0.1443 0.1395 0.1364 0.1350 0.1354 0.1375 0.1419 0.1495 0.1637 0.1983 0.2559 0.3132 0.3622 0.4015 0.4406
0.4104 0.3637 0.3150 0.2577 0.1996 0.1642 0.1496 0.1420 0.1376 0.1354 0.1350 0.1364 0.1396 0.1444 0.1512 0.1599 0.1707 0.1840 0.1998 0.2185 0.2403 0.2655 0.2941 0.3262 0.3610 0.3973 0.4318 0.4590 0.4736 0.4767 0.4715 0.4592 0.4399 0.4132 0.3785 0.3350 0.2827 0.2251 0.1777 0.1557 0.1457 0.1398 0.1364 0.1350 0.1354 0.1374 0.1410 0.1462 0.1526 0.1587 0.1616 0.1587 0.1526 0.1462 0.1410 0.1374 0.1354 0.1350 0.1364 0.1398 0.1457 0.1557 0.1777 0.2251 0.2827 0.3350 0.3785 0.4132 0.4399 0.4592 0.4715 0.4767 0.4736 0.4590 0.4318 0.3973 0.3610 0.3262 0.2941 0.2655 0.2403 0.2185 0.1998 0.1840 0.1707 0.1599 0.1512 0.1444 0.1396 0.1364 0.1350 0.1354 0.1376 0.1420 0.1496 0.1642 0.1996 0.2577 0.3150 0.3637 0.4104
0.3716 0.3169 0.2597 0.2012 0.1648 0.1499 0.1421 0.1376 0.1354 0.1350 0.1364 0.1396 0.1445 0.1513 0.1600 0.1710 0.1843 0.2003 0.2191 0.2410 0.2663 0.2951 0.3273 0.3623 0.3986 0.4330 0.4598 0.4738 0.4766 0.4712 0.4586 0.4390 0.4121 0.3771 0.3333 0.2807 0.2230 0.1765 0.1552 0.1454 0.1396 0.1363 0.1350 0.1354 0.1375 0.1412 0.1466 0.1537 0.1620 0.1698 0.1734 0.1698 0.1620 0.1537 0.1466 0.1412 0.1375 0.1354 0.1350 0.1363 0.1396 0.1454 0.1552 0.1765 0.2230 0.2807 0.3333 0.3771 0.4121 0.4390 0.4586 0.4712 0.4766 0.4738 0.4598 0.4330 0.3986 0.3623 0.3273 0.2951 0.2663 0.2410 0.2191 0.2003 0.1843 0.1710 0.1600 0.1513 0.1445 0.1396 0.1364 0.1350 0.1354 0.1376 0.1421 0.1499 0.1648 0.2012 0.2597 0.3169 0.3716
0.3235 0.2619 0.2031 0.1656 0.1502 0.1423 0.1377 0.1354 0.1350 0.1364 0.1396 0.1445 0.1513 0.1601 0.1711 0.1846 0.2006 0.2196 0.2416 0.2671 0.2961 0.3284 0.3635 0.3998 0.4342 0.4606 0.4741 0.4766 0.4708 0.4580 0.4381 0.4109 0.3756 0.3314 0.2785 0.2208 0.1753 0.1547 0.1451 0.1395 0.1363 0.1350 0.1355 0.1376 0.1414 0.1469 0.1543 0.1634 0.1738 0.1833 0.1877 0.1833 0.1738 0.1634 0.1543 0.1469 0.1414 0.1376 0.1355 0.1350 0.1363 0.1395 0.1451 0.1547 0.1753 0.2208 0.2785 0.3314 0.3756 0.4109 0.4381 0.4580 0.4708 0.4766 0.4741 0.4606 0.4342 0.3998 0.3635 0.3284 0.2961 0.2671 0.2416 0.2196 0.2006 0.1846 0.1711 0.1601 0.1513 0.1445 0.1396 0.1364 0.1350 0.1354 0.1377 0.1423 0.1502 0.1656 0.2031 0.2619 0.3235
0.2669 0.2050 0.1664 0.1505 0.1425 0.1378 0.1354 0.1350 0.1364 0.1395 0.1444 0.1513 0.1601 0.1712 0.1847 0.2008 0.2199 0.2421 0.2677 0.2969 0.3293 0.3646 0.4009 0.4352 0.4612 0.4744 0.4765 0.4705 0.4574 0.4373 0.4098 0.3741 0.3296 0.2764 0.2187 0.1742 0.1542 0.1448 0.1393 0.1362 0.1350 0.1355 0.1377 0.1416 0.1472 0.1547 0.1641 0.1755 0.1881 0.1997 0.2049 0.1997 0.1881 0.1755 0.1641 0.1547 0.1472 0.1416 0.1377 0.1355 0.1350 0.1362 0.1393 0.1448 0.1542 0.1742 0.2187 0.2764 0.3296 0.3741 0.4098 0.4373 0.4574 0.4705 0.4765 0.4744 0.4612 0.4352 0.4009 0.3646 0.3293 0.2969 0.2677 0.2421 0.2199 0.2008 0.1847 0.1712 0.1601 0.1513 0.1444 0.1395 0.1364 0.1350 0.1354 0.1378 0.1425 0.1505 0.1664 0.2050 0.2669
0.2084 0.1673 0.1509 0.1427 0.1379 0.1355 0.1350 0.1363 0.1394 0.1443 0.1512 0.1600 0.1711 0.1847 0.2009 0.2201 0.2424 0.2682 0.2974 0.3301 0.3655 0.4019 0.4361 0.4618 0.4746 0.4764 0.4701 0.4567 0.4364 0.4086 0.3726 0.3278 0.2743 0.2166 0.1730 0.1537 0.1446 0.1391 0.1361 0.1350 0.1356 0.1378 0.1418 0.1475 0.1550 0.1646 0.1764 0.1902 0.2054 0.2191 0.2253 0.2191 0.2054 0.1902 0.1764 0.1646 0.1550 0.1475 0.1418 0.1378 0.1356 0.1350 0.1361 0.1391 0.1446 0.1537 0.1730 0.2166 0.2743 0.3278 0.3726 0.4086 0.4364 0.4567 0.4701 0.4764 0.4746 0.4618 0.4361 0.4019 0.3655 0.3301 0.2974 0.2682 0.2424 0.2201 0.2009 0.1847 0.1711 0.1600 0.1512 0.1443 0.1394 0.1363 0.1350 0.1355 0.1379 0.1427 0.1509 0.1673 0.2084
0.1693 0.1513 0.1429 0.1380 0.1355 0.1350 0.1363 0.1393 0.1442 0.1510 0.1599 0.1710 0.1846 0.2008 0.2201 0.2425 0.2684 0.2978 0.3306 0.3661 0.4027 0.4368 0.4623 0.4748 0.4763 0.4698 0.4562 0.4355 0.4075 0.3712 0.3260 0.2722 0.2146 0.1720 0.1533 0.1443 0.1390 0.1360 0.1350 0.1356 0.1379 0.1419 0.1477 0.1554 0.1651 0.1770 0.1913 0.2079 0.2258 0.2419 0.2492 0.2419 0.2258 0.2079 0.1913 0.1770 0.1651 0.1554 0.1477 0.1419 0.1379 0.1356 0.1350 0.1360 0.1390 0.1443 0.1533 0.1720 0.2146 0.2722 0.3260 0.3712 0.4075 0.4355 0.4562 0.4698 0.4763 0.4748 0.4623 0.4368 0.4027 0.3661 0.3306 0.2978 0.2684 0.2425 0.2201 0.2008 0.1846 0.1710 0.1599 0.1510 0.1442 0.1393 0.1363 0.1350 0.1355 0.1380 0.1429 0.1513 0.1693
0.1525 0.1431 0.1382 0.1356 0.1350 0.1362 0.1392 0.1440 0.1508 0.1596 0.1707 0.1843 0.2006 0.2199 0.2424 0.2684 0.2979 0.3309 0.3665 0.4032 0.4374 0.4627 0.4749 0.4762 0.4695 0.4557 0.4348 0.4064 0.3698 0.3242 0.2701 0.2125 0.1709 0.1529 0.1441 0.1388 0.1359 0.1350 0.1357 0.1380 0.1421 0.1480 0.1557 0.1655 0.1775 0.1920 0.2091 0.2287 0.2497 0.2684 0.2769 0.2684 0.2497 0.2287 0.2091 0.1920 0.1775 0.1655 0.1557 0.1480 0.1421 0.1380 0.1357 0.1350 0.1359 0.1388 0.1441 0.1529 0.1709 0.2125 0.2701 0.3242 0.3698 0.4064 0.4348 0.4557 0.4695 0.4762 0.4749 0.4627 0.4374 0.4032 0.3665 0.3309 0.2979 0.2684 0.2424 0.2199 0.2006 0.1843 0.1707 0.1596 0.1508 0.1440 0.1392 0.1362 0.1350 0.1356 0.1382 0.1431 0.1525
0.1437 0.1383 0.1356 0.1350 0.1361 0.1390 0.1438 0.1505 0.1593 0.1704 0.1840 0.2003 0.2196 0.2421 0.2682 0.2978 0.3309 0.3667 0.4035 0.4377 0.4630 0.4750 0.4762 0.4693 0.4552 0.4341 0.4054 0.3685 0.3226 0.2681 0.2106 0.1700 0.1524 0.1438 0.1387 0.1359 0.1350 0.1357 0.1382 0.1423 0.1482 0.1560 0.1659 0.1780 0.1927 0.2100 0.2302 0.2530 0.2773 0.2987 0.3083 0.2987 0.2773 0.2530 0.2302 0.2100 0.1927 0.1780 0.1659 0.1560 0.1482 0.1423 0.1382 0.1357 0.1350 0.1359 0.1387 0.1438 0.1524 0.1700 0.2106 0.2681 0.3226 0.3685 0.4054 0.4341 0.4552 0.4693 0.4762 0.4750 0.4630 0.4377 0.4035 0.3667 0.3309 0.2978 0.2682 0.2421 0.2196 0.2003 0.1840 0.1704 0.1593 0.1505 0.1438 0.1390 0.1361 0.1350 0.1356 0.1383 0.1437
0.1385 0.1357 0.1350 0.1360 0.1389 0.1436 0.1503 0.1590 0.1700 0.1835 0.1998 0.2191 0.2416 0.2677 0.2974 0.3306 0.3665 0.4035 0.4379 0.4632 0.4751 0.4761 0.4691 0.4549 0.4335 0.4046 0.3674 0.3211 0.2664 0.2089 0.1691 0.1521 0.1436 0.1385 0.1358 0.1349 0.1358 0.1383 0.1425 0.1485 0.1564 0.1663 0.1785 0.1933 0.2107 0.2312 0.2547 0.2811 0.3086 0.3327 0.3433 0.3327 0.3086 0.2811 0.2547 0.2312 0.2107 0.1933 0.1785 0.1663 0.1564 0.1485 0.1425 0.1383 0.1358 0.1349 0.1358 0.1385 0.1436 0.1521 0.1691 0.2089 0.2664 0.3211 0.3674 0.4046 0.4335 0.4549 0.4691 0.4761 0.4751 0.4632 0.4379 0.4035 0.3665 0.3306 0.2974 0.2677 0.2416 0.2191 0.1998 0.1835 0.1700 0.1590 0.1503 0.1436 0.1389 0.1360 0.1350 0.1357 0.1385
0.1357 0.1350 0.1360 0.1388 0.1434 0.1500 0.1587 0.1696 0.1831 0.1993 0.2185 0.2410 0.2671 0.2969 0.3301 0.3661 0.4032 0.4377 0.4632 0.4751 0.4761 0.4690 0.4546 0.4331 0.4040 0.3665 0.3199 0.2649 0.2074 0.1683 0.1517 0.1434 0.1384 0.1358 0.1349 0.1359 0.1384 0.1427 0.1487 0.1567 0.1667 0.1790 0.1939 0.2114 0.2320 0.2559 0.2830 0.3128 0.3435 0.3695 0.3808 0.3695 0.3435 0.3128 0.2830 0.2559 0.2320 0.2114 0.1939 0.1790 0.1667 0.1567 0.1487 0.1427 0.1384 0.1359 0.1349 0.1358 0.1384 0.1434 0.1517 0.1683 0.2074 0.2649 0.3199 0.3665 0.4040 0.4331 0.4546 0.4690 0.4761 0.4751 0.4632 0.4377 0.4032 0.3661 0.3301 0.2969 0.2671 0.2410 0.2185 0.1993 0.1831 0.1696 0.1587 0.1500 0.1434 0.1388 0.1360 0.1350 0.1357
0.1347 0.1359 0.1386 0.1432 0.1497 0.1583 0.1692 0.1826 0.1987 0.2178 0.2403 0.2663 0.2961 0.3293 0.3655 0.4027 0.4374 0.4630 0.4751 0.4761 0.4689 0.4545 0.4329 0.4035 0.3658 0.3189 0.2637 0.2062 0.1677 0.1514 0.1432 0.1383 0.1357 0.1350 0.1359 0.1385 0.1429 0.1490 0.1570 0.1671 0.1795 0.1945 0.2121 0.2329 0.2569 0.2843 0.3150 0.3480 0.3807 0.4073 0.4183 0.4073 0.3807 0.3480 0.3150 0.2843 0.2569 0.2329 0.2121 0.1945 0.1795 0.1671 0.1570 0.1490 0.1429 0.1385 0.1359 0.1350 0.1357 0.1383 0.1432 0.1514 0.1677 0.2062 0.2637 0.3189 0.3658 0.4035 0.4329 0.4545 0.4689 0.4761 0.4751 0.4630 0.4374 0.4027 0.3655 0.3293 0.2961 0.2663 0.2403 0.2178 0.1987 0.1826 0.1692 0.1583 0.1497 0.1432 0.1386 0.1359 0.1347
0.1354 0.1385 0.1430 0.1495 0.1580 0.1688 0.1820 0.1981 0.2171 0.2395 0.2655 0.2951 0.3284 0.3646 0.4019 0.4368 0.4627 0.4750 0.4761 0.4690 0.4545 0.4328 0.4033 0.3654 0.3182 0.2627 0.2052 0.1672 0.1512 0.1430 0.1382 0.1356 0.1350 0.1360 0.1387 0.1430 0.1492 0.1574 0.1676 0.1801 0.1951 0.2129 0.2337 0.2579 0.2855 0.3164 0.3503 0.3854 0.4180 0.4418 0.4506 0.4418 0.4180 0.3854 0.3503 0.3164 0.2855 0.2579 0.2337 0.2129 0.1951 0.1801 0.1676 0.1574 0.1492 0.1430 0.1387 0.1360 0.1350 0.1356 0.1382 0.1430 0.1512 0.1672 0.2052 0.2627 0.3182 0.3654 0.4033 0.4328 0.4545 0.4690 0.4761 0.4750 0.4627 0.4368 0.4019 0.3646 0.3284 0.2951 0.2655 0.2395 0.2171 0.1981 0.1820 0.1688 0.1580 0.1495 0.1430 0.1385 0.1354
0.1378 0.1428 0.1492 0.1576 0.1683 0.1815 0.1974 0.2164 0.2387 0.2645 0.2941 0.3273 0.3635 0.4009 0.4361 0.4623 0.4749 0.4762 0.4691 0.4546 0.4329 0.4033 0.3652 0.3179 0.2621 0.2045 0.1668 0.1510 0.1429 0.1381 0.1356 0.1350 0.1360 0.1388 0.1432 0.1495 0.1577 0.1680 0.1806 0.1957 0.2136 0.2346 0.2588 0.2866 0.3177 0.3519 0.3877 0.4223 0.4501 0.4659 0.4704 0.4659 0.4501 0.4223 0.3877 0.3519 0.3177 0.2866 0.2588 0.2346 0.2136 0.1957 0.1806 0.1680 0.1577 0.1495 0.1432 0.1388 0.1360 0.1350 0.1356 0.1381 0.1429 0.1510 0.1668 0.2045 0.2621 0.3179 0.3652 0.4033 0.4329 0.4546 0.4691 0.4762 0.4749 0.4623 0.4361 0.4009 0.3635 0.3273 0.2941 0.2645 0.2387 0.2164 0.1974 0.1815 0.1683 0.1576 0.1492 0.1428 0.1378
0.1420 0.1489 0.1573 0.1679 0.1810 0.1968 0.2156 0.2378 0.2635 0.2930 0.3262 0.3623 0.3998 0.4352 0.4618 0.4748 0.4762 0.4693 0.4549 0.4331 0.4035 0.3654 0.3179 0.2619 0.2042 0.1666 0.1509 0.1428 0.1381 0.1356 0.1350 0.1361 0.1389 0.1434 0.1497 0.1580 0.1683 0.1810 0.1963 0.2143 0.2354 0.2598 0.2877 0.3189 0.3532 0.3893 0.4244 0.4533 0.4701 0.4760 0.4767 0.4760 0.4701 0.4533 0.4244 0.3893 0.3532 0.3189 0.2877 0.2598 0.2354 0.2143 0.1963 0.1810 0.1683 0.1580 0.1497 0.1434 0.1389 0.1361 0.1350 0.1356 0.1381 0.1428 0.1509 0.1666 0.2042 0.2619 0.3179 0.3654 0.4035 0.4331 0.4549 0.4693 0.4762 0.4748 0.4618 0.4352 0.3998 0.3623 0.3262 0.2930 0.2635 0.2378 0.2156 0.1968 0.1810 0.1679 0.1573 0.1489 0.1420
0.1479 0.1570 0.1675 0.1805 0.1962 0.2149 0.2369 0.2626 0.2919 0.3249 0.3610 0.3986 0.4342 0.4612 0.4746 0.4763 0.4695 0.4552 0.4335 0.4040 0.3658 0.3182 0.2621 0.2042 0.1665 0.1508 0.1427 0.1380 0.1356 0.1350 0.1361 0.1389 0.1435 0.1499 0.1582 0.1687 0.1815 0.1968 0.2150 0.2362 0.2608 0.2888 0.3202 0.3546 0.3907 0.4259 0.4548 0.4715 0.4767 0.4753 0.4733 0.4753 0.4767 0.4715 0.4548 0.4259 0.3907 0.3546 0.3202 0.2888 0.2608 0.2362 0.2150 0.1968 0.1815 0.1687 0.1582 0.1499 0.1435 0.1389 0.1361 0.1350 0.1356 0.1380 0.1427 0.1508 0.1665 0.2042 0.2621 0.3182 0.3658 0.4040 0.4335 0.4552 0.4695 0.4763 0.4746 0.4612 0.4342 0.3986 0.3610 0.3249 0.2919 0.2626 0.2369 0.2149 0.1962 0.1805 0.1675 0.1570 0.1479
0.1557 0.1671 0.1799 0.1956 0.2142 0.2361 0.2616 0.2908 0.3237 0.3597 0.3973 0.4330 0.4606 0.4744 0.4764 0.4698 0.4557 0.4341 0.4046 0.3665 0.3189 0.2627 0.2045 0.1666 0.1508 0.1427 0.1380 0.1355 0.1350 0.1361 0.1390 0.1436 0.1501 0.1585 0.1690 0.1819 0.1973 0.2156 0.2369 0.2617 0.2898 0.3214 0.3559 0.3921 0.4272 0.4558 0.4722 0.4768 0.4735 0.4663 0.4620 0.4663 0.4735 0.4768 0.4722 0.4558 0.4272 0.3921 0.3559 0.3214 0.2898 0.2617 0.2369 0.2156 0.1973 0.1819 0.1690 0.1585 0.1501 0.1436 0.1390 0.1361 0.1350 0.1355 0.1380 0.1427 0.1508 0.1666 0.2045 0.2627 0.3189 0.3665 0.4046 0.4341 0.4557 0.4698 0.4764 0.4744 0.4606 0.4330 0.3973 0.3597 0.3237 0.2908 0.2616 0.2361 0.2142 0.1956 0.1799 0.1671 0.1557
0.1656 0.1795 0.1949 0.2135 0.2352 0.2606 0.2896 0.3224 0.3584 0.3959 0.4318 0.4598 0.4741 0.4765 0.4701 0.4562 0.4348 0.4054 0.3674 0.3199 0.2637 0.2052 0.1668 0.1509 0.1427 0.1380 0.1355 0.1350 0.1362 0.1391 0.1437 0.1502 0.1586 0.1693 0.1822 0.1978 0.2162 0.2376 0.2625 0.2908 0.3225 0.3572 0.3934 0.4284 0.4567 0.4726 0.4768 0.4726 0.4625 0.4499 0.4432 0.4499 0.4625 0.4726 0.4768 0.4726 0.4567 0.4284 0.3934 0.3572 0.3225 0.2908 0.2625 0.2376 0.2162 0.1978 0.1822 0.1693 0.1586 0.1502 0.1437 0.1391 0.1362 0.1350 0.1355 0.1380 0.1427 0.1509 0.1668 0.2052 0.2637 0.3199 0.3674 0.4054 0.4348 0.4562 0.4701 0.4765 0.4741 0.4598 0.4318 0.3959 0.3584 0.3224 0.2896 0.2606 0.2352 0.2135 0.1949 0.1795 0.1656
0.1778 0.1944 0.2127 0.2344 0.2596 0.2885 0.3212 0.3570 0.3946 0.4306 0.4590 0.4738 0.4766 0.4705 0.4567 0.4355 0.4064 0.3685 0.3211 0.2649 0.2062 0.1672 0.1510 0.1428 0.1380 0.1355 0.1350 0.1362 0.1391 0.1437 0.1503 0.1588 0.1695 0.1825 0.1981 0.2166 0.2382 0.2632 0.2917 0.3236 0.3583 0.3946 0.4296 0.4575 0.4730 0.4768 0.4721 0.4607 0.4439 0.4258 0.4166 0.4258 0.4439 0.4607 0.4721 0.4768 0.4730 0.4575 0.4296 0.3946 0.3583 0.3236 0.2917 0.2632 0.2382 0.2166 0.1981 0.1825 0.1695 0.1588 0.1503 0.1437 0.1391 0.1362 0.1350 0.1355 0.1380 0.1428 0.1510 0.1672 0.2062 0.2649 0.3211 0.3685 0.4064 0.4355 0.4567 0.4705 0.4766 0.4738 0.4590 0.4306 0.3946 0.3570 0.3212 0.2885 0.2596 0.2344 0.2127 0.1944 0.1778
0.1925 0.2120 0.2335 0.2586 0.2875 0.3200 0.3557 0.3932 0.4294 0.4582 0.4736 0.4766 0.4708 0.4574 0.4364 0.4075 0.3698 0.3226 0.2664 0.2074 0.1677 0.1512 0.1429 0.1381 0.1356 0.1350 0.1362 0.1391 0.1438 0.1503 0.1589 0.1696 0.1827 0.1984 0.2170 0.2388 0.2638 0.2924 0.3245 0.3594 0.3957 0.4306 0.4582 0.4733 0.4767 0.4718 0.4598 0.4413 0.4176 0.3934 0.3815 0.3934 0.4176 0.4413 0.4598 0.4718 0.4767 0.4733 0.4582 0.4306 0.3957 0.3594 0.3245 0.2924 0.2638 0.2388 0.2170 0.1984 0.1827 0.1696 0.1589 0.1503 0.1438 0.1391 0.1362 0.1350 0.1356 0.1381 0.1429 0.1512 0.1677 0.2074 0.2664 0.3226 0.3698 0.4075 0.4364 0.4574 0.4708 0.4766 0.4736 0.4582 0.4294 0.3932 0.3557 0.3200 0.2875 0.2586 0.2335 0.2120 0.1925
0.2100 0.2327 0.2577 0.2863 0.3187 0.3544 0.3919 0.4282 0.4574 0.4732 0.4767 0.4712 0.4580 0.4373 0.4086 0.3712 0.3242 0.2681 0.2089 0.1683 0.1514 0.1430 0.1381 0.1356 0.1350 0.1361 0.1391 0.1437 0.1503 0.1589 0.1697 0.1828 0.1986 0.2173 0.2392 0.2644 0.2931 0.3253 0.3603 0.3967 0.4315 0.4589 0.4735 0.4767 0.4715 0.4591 0.4399 0.4140 0.3827 0.3519 0.3370 0.3519 0.3827 0.4140 0.4399 0.4591 0.4715 0.4767 0.4735 0.4589 0.4315 0.3967 0.3603 0.3253 0.2931 0.2644 0.2392 0.2173 0.1986 0.1828 0.1697 0.1589 0.1503 0.1437 0.1391 0.1361 0.1350 0.1356 0.1381 0.1430 0.1514 0.1683 0.2089 0.2681 0.3242 0.3712 0.4086 0.4373 0.4580 0.4712 0.4767 0.4732 0.4574 0.4282 0.3919 0.3544 0.3187 0.2863 0.2577 0.2327 0.2100
0.2305 0.2567 0.2853 0.3175 0.3530 0.3905 0.4270 0.4566 0.4729 0.4767 0.4715 0.4586 0.4381 0.4098 0.3726 0.3260 0.2701 0.2106 0.1691 0.1517 0.1432 0.1382 0.1356 0.1350 0.1361 0.1390 0.1437 0.1503 0.1589 0.1697 0.1829 0.1987 0.2175 0.2394 0.2648 0.2936 0.3259 0.3611 0.3976 0.4323 0.4595 0.4738 0.4766 0.4712 0.4586 0.4390 0.4122 0.3782 0.3386 0.3008 0.2831 0.3008 0.3386 0.3782 0.4122 0.4390 0.4586 0.4712 0.4766 0.4738 0.4595 0.4323 0.3976 0.3611 0.3259 0.2936 0.2648 0.2394 0.2175 0.1987 0.1829 0.1697 0.1589 0.1503 0.1437 0.1390 0.1361 0.1350 0.1356 0.1382 0.1432 0.1517 0.1691 0.2106 0.2701 0.3260 0.3726 0.4098 0.4381 0.4586 0.4715 0.4767 0.4729 0.4566 0.4270 0.3905 0.3530 0.3175 0.2853 0.2567 0.2305
0.2545 0.2842 0.3163 0.3517 0.3892 0.4257 0.4557 0.4726 0.4768 0.4718 0.4592 0.4390 0.4109 0.3741 0.3278 0.2722 0.2125 0.1700 0.1521 0.1434 0.1383 0.1356 0.1350 0.1361 0.1389 0.1436 0.1502 0.1588 0.1696 0.1828 0.1987 0.2175 0.2396 0.2650 0.2940 0.3264 0.3617 0.3983 0.4330 0.4600 0.4740 0.4766 0.4709 0.4581 0.4382 0.4110 0.3759 0.3330 0.2850 0.2424 0.2240 0.2424 0.2850 0.3330 0.3759 0.4110 0.4382 0.4581 0.4709 0.4766 0.4740 0.4600 0.4330 0.3983 0.3617 0.3264 0.2940 0.2650 0.2396 0.2175 0.1987 0.1828 0.1696 0.1588 0.1502 0.1436 0.1389 0.1361 0.1350 0.1356 0.1383 0.1434 0.1521 0.1700 0.2125 0.2722 0.3278 0.3741 0.4109 0.4390 0.4592 0.4718 0.4768 0.4726 0.4557 0.4257 0.3892 0.3517 0.3163 0.2842 0.2545
0.2820 0.3151 0.3504 0.3878 0.4245 0.4548 0.4722 0.4768 0.4721 0.4598 0.4399 0.4121 0.3756 0.3296 0.2743 0.2146 0.1709 0.1524 0.1436 0.1384 0.1357 0.1350 0.1360 0.1389 0.1435 0.1501 0.1586 0.1695 0.1827 0.1986 0.2175 0.2396 0.2651 0.2941 0.3267 0.3621 0.3988 0.4336 0.4604 0.4741 0.4765 0.4707 0.4576 0.4375 0.4100 0.3744 0.3302 0.2784 0.2256 0.1883 0.1767 0.1883 0.2256 0.2784 0.3302 0.3744 0.4100 0.4375 0.4576 0.4707 0.4765 0.4741 0.4604 0.4336 0.3988 0.3621 0.3267 0.2941 0.2651 0.2396 0.2175 0.1986 0.1827 0.1695 0.1586 0.1501 0.1435 0.1389 0.1360 0.1350 0.1357 0.1384 0.1436 0.1524 0.1709 0.2146 0.2743 0.3296 0.3756 0.4121 0.4399 0.4598 0.4721 0.4768 0.4722 0.4548 0.4245 0.3878 0.3504 0.3151 0.2820
0.3132 0.3491 0.3864 0.4232 0.4539 0.4718 0.4768 0.4724 0.4603 0.4407 0.4132 0.3771 0.3314 0.2764 0.2166 0.1720 0.1529 0.1438 0.1385 0.1358 0.1350 0.1360 0.1388 0.1434 0.1499 0.1585 0.1693 0.1825 0.1984 0.2173 0.2394 0.2650 0.2941 0.3268 0.3623 0.3991 0.4339 0.4607 0.4743 0.4765 0.4705 0.4573 0.4369 0.4091 0.3732 0.3283 0.2751 0.2189 0.1771 0.1597 0.1552 0.1597 0.1771 0.2189 0.2751 0.3283 0.3732 0.4091 0.4369 0.4573 0.4705 0.4765 0.4743 0.4607 0.4339 0.3991 0.3623 0.3268 0.2941 0.2650 0.2394 0.2173 0.1984 0.1825 0.1693 0.1585 0.1499 0.1434 0.1388 0.1360 0.1350 0.1358 0.1385 0.1438 0.1529 0.1720 0.2166 0.2764 0.3314 0.3771 0.4132 0.4407 0.4603 0.4724 0.4768 0.4718 0.4539 0.4232 0.3864 0.3491 0.3132
0.3478 0.3851 0.4220 0.4530 0.4714 0.4768 0.4727 0.4609 0.4416 0.4144 0.3785 0.3333 0.2785 0.2187 0.1730 0.1533 0.1441 0.1387 0.1358 0.1349 0.1359 0.1387 0.1432 0.1497 0.1582 0.1690 0.1822 0.1981 0.2170 0.2392 0.2648 0.2940 0.3267 0.3623 0.3992 0.4341 0.4608 0.4743 0.4765 0.4703 0.4569 0.4364 0.4084 0.3721 0.3269 0.2731 0.2157 0.1733 0.1551 0.1475 0.1451 0.1475 0.1551 0.1733 0.2157 0.2731 0.3269 0.3721 0.4084 0.4364 0.4569 0.4703 0.4765 0.4743 0.4608 0.4341 0.3992 0.3623 0.3267 0.2940 0.2648 0.2392 0.2170 0.1981 0.1822 0.1690 0.1582 0.1497 0.1432 0.1387 0.1359 0.1349 0.1358 0.1387 0.1441 0.1533 0.1730 0.2187 0.2785 0.3333 0.3785 0.4144 0.4416 0.4609 0.4727 0.4768 0.4714 0.4530 0.4220 0.3851 0.3478
0.3849 0.4207 0.4521 0.4710 0.4768 0.4730 0.4615 0.4424 0.4155 0.3800 0.3350 0.2807 0.2208 0.1742 0.1537 0.1443 0.1388 0.1359 0.1349 0.1359 0.1385 0.1430 0.1495 0.1580 0.1687 0.1819 0.1978 0.2166 0.2388 0.2644 0.2936 0.3264 0.3621 0.3991 0.4341 0.4609 0.4744 0.4765 0.4702 0.4567 0.4360 0.4078 0.3713 0.3258 0.2716 0.2138 0.1717 0.1535 0.1451 0.1407 0.1393 0.1407 0.1451 0.1535 0.1717 0.2138 0.2716 0.3258 0.3713 0.4078 0.4360 0.4567 0.4702 0.4765 0.4744 0.4609 0.4341 0.3991 0.3621 0.3264 0.2936 0.2644 0.2388 0.2166 0.1978 0.1819 0.1687 0.1580 0.1495 0.1430 0.1385 0.1359 0.1349 0.1359 0.1388 0.1443 0.1537 0.1742 0.2208 0.2807 0.3350 0.3800 0.4155 0.4424 0.4615 0.4730 0.4768 0.4710 0.4521 0.4207 0.3849
0.4224 0.4511 0.4706 0.4768 0.4733 0.4620 0.4432 0.4166 0.3814 0.3368 0.2827 0.2230 0.1753 0.1542 0.1446 0.1390 0.1359 0.1350 0.1358 0.1384 0.1429 0.1492 0.1577 0.1683 0.1815 0.1973 0.2162 0.2382 0.2638 0.2931 0.3259 0.3617 0.3988 0.4339 0.4608 0.4744 0.4764 0.4701 0.4565 0.4357 0.4073 0.3706 0.3248 0.2703 0.2124 0.1707 0.1528 0.1442 0.1393 0.1368 0.1360 0.1368 0.1393 0.1442 0.1528 0.1707 0.2124 0.2703 0.3248 0.3706 0.4073 0.4357 0.4565 0.4701 0.4764 0.4744 0.4608 0.4339 0.3988 0.3617 0.3259 0.2931 0.2638 0.2382 0.2162 0.1973 0.1815 0.1683 0.1577 0.1492 0.1429 0.1384 0.1358 0.1350 0.1359 0.1390 0.1446 0.1542 0.1753 0.2230 0.2827 0.3368 0.3814 0.4166 0.4432 0.4620 0.4733 0.4768 0.4706 0.4511 0.4224
0.4558 0.4701 0.4767 0.4736 0.4625 0.4440 0.4177 0.3829 0.3386 0.2848 0.2251 0.1765 0.1547 0.1448 0.1391 0.1360 0.1350 0.1357 0.1383 0.1427 0.1490 0.1574 0.1680 0.1810 0.1968 0.2156 0.2376 0.2632 0.2924 0.3253 0.3611 0.3983 0.4336 0.4607 0.4743 0.4765 0.4701 0.4565 0.4356 0.4071 0.3701 0.3241 0.2693 0.2113 0.1701 0.1525 0.1438 0.1388 0.1361 0.1350 0.1348 0.1350 0.1361 0.1388 0.1438 0.1525 0.1701 0.2113 0.2693 0.3241 0.3701 0.4071 0.4356 0.4565 0.4701 0.4765 0.4743 0.4607 0.4336 0.3983 0.3611 0.3253 0.2924 0.2632 0.2376 0.2156 0.1968 0.1810 0.1680 0.1574 0.1490 0.1427 0.1383 0.1357 0.1350 0.1360 0.1391 0.1448 0.1547 0.1765 0.2251 0.2848 0.3386 0.3829 0.4177 0.4440 0.4625 0.4736 0.4767 0.4701 0.4558
0.4779 0.4767 0.4738 0.4631 0.4448 0.4188 0.3843 0.3404 0.2869 0.2272 0.1777 0.1552 0.1451 0.1393 0.1361 0.1350 0.1357 0.1382 0.1425 0.1487 0.1570 0.1676 0.1806 0.1963 0.2150 0.2369 0.2625 0.2917 0.3245 0.3603 0.3976 0.4330 0.4604 0.4743 0.4765 0.4702 0.4565 0.4356 0.4070 0.3699 0.3236 0.2687 0.2106 0.1697 0.1522 0.1436 0.1386 0.1359 0.1349 0.1351 0.1355 0.1351 0.1349 0.1359 0.1386 0.1436 0.1522 0.1697 0.2106 0.2687 0.3236 0.3699 0.4070 0.4356 0.4565 0.4702 0.4765 0.4743 0.4604 0.4330 0.3976 0.3603 0.3245 0.2917 0.2625 0.2369 0.2150 0.1963 0.1806 0.1676 0.1570 0.1487 0.1425 0.1382 0.1357 0.1350 0.1361 0.1393 0.1451 0.1552 0.1777 0.2272 0.2869 0.3404 0.3843 0.4188 0.4448 0.4631 0.4738 0.4767 0.4779
0.4863 0.4741 0.4636 0.4456 0.4199 0.3857 0.3421 0.2890 0.2294 0.1790 0.1557 0.1454 0.1395 0.1362 0.1350 0.1356 0.1380 0.1423 0.1485 0.1567 0.1671 0.1801 0.1957 0.2143 0.2362 0.2617 0.2908 0.3236 0.3594 0.3967 0.4323 0.4600 0.4741 0.4765 0.4703 0.4567 0.4357 0.4071 0.3699 0.3235 0.2684 0.2101 0.1694 0.1521 0.1435 0.1385 0.1358 0.1349 0.1356 0.1370 0.1379 0.1370 0.1356 0.1349 0.1358 0.1385 0.1435 0.1521 0.1694 0.2101 0.2684 0.3235 0.3699 0.4071 0.4357 0.4567 0.4703 0.4765 0.4741 0.4600 0.4323 0.3967 0.3594 0.3236 0.2908 0.2617 0.2362 0.2143 0.1957 0.1801 0.1671 0.1567 0.1485 0.1423 0.1380 0.1356 0.1350 0.1362 0.1395 0.1454 0.1557 0.1790 0.2294 0.2890 0.3421 0.3857 0.4199 0.4456 0.4636 0.4741 0.4863
0.4842 0.4641 0.4464 0.4209 0.3871 0.3439 0.2911 0.2315 0.1803 0.1562 0.1457 0.1396 0.1363 0.1350 0.1356 0.1379 0.1421 0.1482 0.1564 0.1667 0.1795 0.1951 0.2136 0.2354 0.2608 0.2898 0.3225 0.3583 0.3957 0.4315 0.4595 0.4740 0.4765 0.4705 0.4569 0.4360 0.4073 0.3701 0.3236 0.2684 0.2100 0.1692 0.1520 0.1434 0.1384 0.1357 0.1349 0.1358 0.1380 0.1407 0.1421 0.1407 0.1380 0.1358 0.1349 0.1357 0.1384 0.1434 0.1520 0.1692 0.2100 0.2684 0.3236 0.3701 0.4073 0.4360 0.4569 0.4705 0.4765 0.4740 0.4595 0.4315 0.3957 0.3583 0.3225 0.2898 0.2608 0.2354 0.2136 0.1951 0.1795 0.1667 0.1564 0.1482 0.1421 0.1379 0.1356 0.1350 0.1363 0.1396 0.1457 0.1562 0.1803 0.2315 0.2911 0.3439 0.3871 0.4209 0.4464 0.4641 0.4842
0.4743 0.4471 0.4220 0.3884 0.3456 0.2931 0.2337 0.1817 0.1567 0.1459 0.1398 0.1363 0.1350 0.1355 0.1378 0.1419 0.1480 0.1560 0.1663 0.1790 0.1945 0.2129 0.2346 0.2598 0.2888 0.3214 0.3572 0.3946 0.4306 0.4589 0.4738 0.4766 0.4707 0.4573 0.4364 0.4078 0.3706 0.3241 0.2687 0.2101 0.1692 0.1519 0.1434 0.1384 0.1357 0.1350 0.1359 0.1384 0.1422 0.1463 0.1482 0.1463 0.1422 0.1384 0.1359 0.1350 0.1357 0.1384 0.1434 0.1519 0.1692 0.2101 0.2687 0.3241 0.3706 0.4078 0.4364 0.4573 0.4707 0.4766 0.4738 0.4589 0.4306 0.3946 0.3572 0.3214 0.2888 0.2598 0.2346 0.2129 0.1945 0.1790 0.1663 0.1560 0.1480 0.1419 0.1378 0.1355 0.1350 0.1363 0.1398 0.1459 0.1567 0.1817 0.2337 0.2931 0.3456 0.3884 0.4220 0.4471 0.4743
0.4571 0.4230 0.3898 0.3473 0.2952 0.2358 0.1831 0.1573 0.1462 0.1399 0.1364 0.1350 0.1355 0.1377 0.1418 0.1477 0.1557 0.1659 0.1785 0.1939 0.2121 0.2337 0.2588 0.2877 0.3202 0.3559 0.3934 0.4296 0.4582 0.4735 0.4766 0.4709 0.4576 0.4369 0.4084 0.3713 0.3248 0.2693 0.2106 0.1694 0.1520 0.1434 0.1384 0.1357 0.1350 0.1359 0.1386 0.1428 0.1483 0.1538 0.1563 0.1538 0.1483 0.1428 0.1386 0.1359 0.1350 0.1357 0.1384 0.1434 0.1520 0.1694 0.2106 0.2693 0.3248 0.3713 0.4084 0.4369 0.4576 0.4709 0.4766 0.4735 0.4582 0.4296 0.3934 0.3559 0.3202 0.2877 0.2588 0.2337 0.2121 0.1939 0.1785 0.1659 0.1557 0.1477 0.1418 0.1377 0.1355 0.1350 0.1364 0.1399 0.1462 0.1573 0.1831 0.2358 0.2952 0.3473 0.3898 0.4230 0.4571
0.4325 0.3911 0.3490 0.2972 0.2380 0.1845 0.1579 0.1465 0.1401 0.1365 0.1350 0.1354 0.1376 0.1416 0.1475 0.1554 0.1655 0.1780 0.1933 0.2114 0.2329 0.2579 0.2866 0.3189 0.3546 0.3921 0.4284 0.4575 0.4733 0.4767 0.4712 0.4581 0.4375 0.4091 0.3721 0.3257 0.2703 0.2113 0.1697 0.1521 0.1434 0.1384 0.1357 0.1350 0.1360 0.1387 0.1431 0.1491 0.1564 0.1634 0.1667 0.1634 0.1564 0.1491 0.1431 0.1387 0.1360 0.1350 0.1357 0.1384 0.1434 0.1521 0.1697 0.2113 0.2703 0.3258 0.3721 0.4091 0.4375 0.4581 0.4712 0.4767 0.4733 0.4575 0.4284 0.3921 0.3546 0.3189 0.2866 0.2579 0.2329 0.2114 0.1933 0.1780 0.1655 0.1554 0.1475 0.1416 0.1376 0.1354 0.1350 0.1365 0.1401 0.1465 0.1579 0.1845 0.2380 0.2972 0.3490 0.3911 0.4325
0.3998 0.3507 0.2992 0.2402 0.1860 0.1585 0.1468 0.1403 0.1366 0.1350 0.1354 0.1375 0.1414 0.1472 0.1550 0.1651 0.1775 0.1927 0.2107 0.2320 0.2569 0.2855 0.3177 0.3532 0.3907 0.4272 0.4567 0.4730 0.4767 0.4715 0.4586 0.4382 0.4100 0.3732 0.3269 0.2716 0.2124 0.1701 0.1522 0.1435 0.1384 0.1357 0.1350 0.1360 0.1387 0.1431 0.1494 0.1574 0.1667 0.1754 0.1794 0.1754 0.1667 0.1574 0.1494 0.1431 0.1387 0.1360 0.1350 0.1357 0.1384 0.1435 0.1522 0.1701 0.2124 0.2716 0.3269 0.3732 0.4100 0.4382 0.4586 0.4715 0.4767 0.4730 0.4567 0.4272 0.3907 0.3532 0.3177 0.2855 0.2569 0.2320 0.2107 0.1927 0.1775 0.1651 0.1550 0.1472 0.1414 0.1375 0.1354 0.1350 0.1366 0.1403 0.1468 0.1585 0.1860 0.2402 0.2992 0.3507 0.3998
0.3584 0.3014 0.2425 0.1877 0.1591 0.1472 0.1405 0.1367 0.1351 0.1353 0.1374 0.1412 0.1469 0.1547 0.1646 0.1770 0.1920 0.2100 0.2312 0.2559 0.2843 0.3164 0.3519 0.3893 0.4259 0.4558 0.4726 0.4768 0.4718 0.4591 0.4390 0.4110 0.3744 0.3283 0.2731 0.2138 0.1707 0.1525 0.1436 0.1385 0.1357 0.1350 0.1359 0.1387 0.1431 0.1495 0.1577 0.1679 0.1793 0.1898 0.1947 0.1898 0.1793 0.1679 0.1577 0.1495 0.1431 0.1387 0.1359 0.1350 0.1357 0.1385 0.1436 0.1525 0.1707 0.2138 0.2731 0.3283 0.3744 0.4110 0.4390 0.4591 0.4718 0.4768 0.4726 0.4558 0.4259 0.3893 0.3519 0.3164 0.2843 0.2559 0.2312 0.2100 0.1920 0.1770 0.1646 0.1547 0.1469 0.1412 0.1374 0.1353 0.1351 0.1367 0.1405 0.1472 0.1591 0.1877 0.2425 0.3014 0.3584
0.3082 0.2454 0.1897 0.1600 0.1476 0.1407 0.1368 0.1351 0.1353 0.1372 0.1410 0.1466 0.1543 0.1642 0.1764 0.1913 0.2091 0.2302 0.2547 0.2830 0.3150 0.3503 0.3877 0.4244 0.4548 0.4722 0.4768 0.4721 0.4598 0.4399 0.4122 0.3759 0.3302 0.2751 0.2157 0.1717 0.1528 0.1438 0.1386 0.1358 0.1349 0.1359 0.1386 0.1431 0.1494 0.1577 0.1681 0.1806 0.1944 0.2070 0.2128 0.2070 0.1944 0.1806 0.1681 0.1577 0.1494 0.1431 0.1386 0.1359 0.1349 0.1358 0.1386 0.1438 0.1528 0.1717 0.2157 0.2751 0.3302 0.3759 0.4122 0.4399 0.4598 0.4721 0.4768 0.4722 0.4548 0.4244 0.3877 0.3503 0.3150 0.2830 0.2547 0.2302 0.2091 0.1913 0.1764 0.1641 0.1543 0.1466 0.1410 0.1372 0.1353 0.1351 0.1368 0.1407 0.1476 0.1600 0.1897 0.2454 0.3082
0.2523 0.1931 0.1613 0.1482 0.1411 0.1370 0.1351 0.1352 0.1370 0.1407 0.1462 0.1537 0.1634 0.1755 0.1902 0.2079 0.2287 0.2530 0.2810 0.3128 0.3480 0.3854 0.4223 0.4533 0.4715 0.4768 0.4726 0.4607 0.4413 0.4140 0.3782 0.3330 0.2784 0.2189 0.1733 0.1535 0.1442 0.1388 0.1359 0.1349 0.1358 0.1384 0.1429 0.1491 0.1574 0.1679 0.1806 0.1955 0.2118 0.2267 0.2334 0.2267 0.2118 0.1955 0.1806 0.1679 0.1574 0.1491 0.1428 0.1384 0.1358 0.1349 0.1359 0.1388 0.1442 0.1535 0.1733 0.2189 0.2784 0.3330 0.3782 0.4140 0.4413 0.4607 0.4726 0.4768 0.4715 0.4533 0.4223 0.3854 0.3480 0.3128 0.2811 0.2530 0.2287 0.2079 0.1902 0.1755 0.1634 0.1537 0.1462 0.1407 0.1370 0.1352 0.1351 0.1370 0.1411 0.1482 0.1613 0.1931 0.2523
0.2019 0.1644 0.1496 0.1419 0.1374 0.1353 0.1350 0.1366 0.1400 0.1453 0.1526 0.1620 0.1738 0.1881 0.2054 0.2258 0.2497 0.2773 0.3086 0.3435 0.3807 0.4180 0.4501 0.4701 0.4767 0.4735 0.4625 0.4439 0.4176 0.3828 0.3386 0.2850 0.2256 0.1771 0.1551 0.1451 0.1393 0.1361 0.1349 0.1356 0.1380 0.1422 0.1483 0.1564 0.1667 0.1793 0.1944 0.2118 0.2307 0.2477 0.2553 0.2477 0.2307 0.2118 0.1944 0.1793 0.1667 0.1564 0.1483 0.1422 0.1380 0.1356 0.1349 0.1361 0.1393 0.1451 0.1551 0.1771 0.2256 0.2850 0.3386 0.3827 0.4176 0.4439 0.4625 0.4735 0.4767 0.4701 0.4501 0.4180 0.3807 0.3435 0.3086 0.2773 0.2497 0.2258 0.2054 0.1881 0.1738 0.1620 0.1526 0.1453 0.1400 0.1366 0.1350 0.1353 0.1374 0.1419 0.1496 0.1644 0.2019
0.1747 0.1534 0.1440 0.1386 0.1357 0.1349 0.1359 0.1387 0.1434 0.1500 0.1587 0.1698 0.1833 0.1997 0.2191 0.2420 0.2684 0.2987 0.3326 0.3695 0.4073 0.4418 0.4659 0.4760 0.4753 0.4663 0.4499 0.4258 0.3935 0.3519 0.3008 0.2424 0.1883 0.1597 0.1475 0.1407 0.1368 0.1350 0.1351 0.1370 0.1407 0.1463 0.1538 0.1634 0.1754 0.1898 0.2070 0.2267 0.2477 0.2663 0.2746 0.2663 0.2477 0.2267 0.2070 0.1898 0.1754 0.1634 0.1538 0.1463 0.1407 0.1370 0.1351 0.1350 0.1368 0.1407 0.1475 0.1597 0.1883 0.2424 0.3008 0.3519 0.3934 0.4258 0.4499 0.4663 0.4753 0.4760 0.4659 0.4418 0.4073 0.3695 0.3327 0.2987 0.2684 0.2419 0.2191 0.1997 0.1833 0.1698 0.1587 0.1500 0.1434 0.1387 0.1359 0.1349 0.1357 0.1386 0.1440 0.1534 0.1747
0.1676 0.1504 0.1422 0.1375 0.1352 0.1349 0.1364 0.1398 0.1450 0.1522 0.1616 0.1734 0.1877 0.2049 0.2253 0.2492 0.2769 0.3083 0.3433 0.3808 0.4183 0.4506 0.4704 0.4767 0.4733 0.4620 0.4432 0.4167 0.3815 0.3370 0.2832 0.2240 0.1767 0.1552 0.1451 0.1393 0.1360 0.1348 0.1355 0.1379 0.1421 0.1482 0.1564 0.1667 0.1794 0.1947 0.2128 0.2334 0.2553 0.2746 0.2831 0.2746 0.2553 0.2334 0.2128 0.1947 0.1794 0.1667 0.1563 0.1482 0.1421 0.1379 0.1355 0.1348 0.1360 0.1393 0.1451 0.1552 0.1767 0.2240 0.2831 0.3370 0.3815 0.4166 0.4432 0.4620 0.4733 0.4767 0.4704 0.4506 0.4183 0.3808 0.3433 0.3083 0.2769 0.2492 0.2253 0.2049 0.1877 0.1734 0.1616 0.1522 0.1450 0.1398 0.1364 0.1349 0.1352 0.1375 0.1422 0.1504 0.1676
0.1747 0.1534 0.1440 0.1386 0.1357 0.1349 0.1359 0.1387 0.1434 0.1500 0.1587 0.1698 0.1833 0.1997 0.2191 0.2420 0.2684 0.2987 0.3326 0.3695 0.4073 0.4418 0.4659 0.4760 0.4753 0.4663 0.4499 0.4258 0.3935 0.3519 0.3008 0.2424 0.1883 0.1597 0.1475 0.1407 0.1368 0.1350 0.1351 0.1370 0.1407 0.1463 0.1538 0.1634 0.1754 0.1898 0.2070 0.2267 0.2477 0.2663 0.2746 0.2663 0.2477 0.2267 0.2070 0.1898 0.1754 0.1634 0.1538 0.1463 0.1407 0.1370 0.1351 0.1350 0.1368 0.1407 0.1475 0.1597 0.1883 0.2424 0.3008 0.3519 0.3934 0.4258 0.4499 0.4663 0.4753 0.4760 0.4659 0.4418 0.4073 0.3695 0.3327 0.2987 0.2684 0.2419 0.2191 0.1997 0.1833 0.1698 0.1587 0.1500 0.1434 0.1387 0.1359 0.1349 0.1357 0.1386 0.1440 0.1534 0.1747
0.2019 0.1644 0.1496 0.1419 0.1374 0.1353 0.1350 0.1366 0.1400 0.1453 0.1526 0.1620 0.1738 0.1881 0.2054 0.2258 0.2497 0.2773 0.3086 0.3435 0.3807 0.4180 0.4501 0.4701 0.4767 0.4735 0.4625 0.4439 0.4176 0.3828 0.3386 0.2850 0.2256 0.1771 0.1551 0.1451 0.1393 0.1361 0.1349 0.1356 0.1380 0.1422 0.1483 0.1564 0.1667 0.1793 0.1944 0.2118 0.2307 0.2477 0.2553 0.2477 0.2307 0.2118 0.1944 0.1793 0.1667 0.1564 0.1483 0.1422 0.1380 0.1356 0.1349 0.1361 0.1393 0.1451 0.1551 0.1771 0.2256 0.2850 0.3386 0.3827 0.4176 0.4439 0.4625 0.4735 0.4767 0.4701 0.4501 0.4180 0.3807 0.3435 0.3086 0.2773 0.2497 0.2258 0.2054 0.1881 0.1738 0.1620 0.1526 0.1453 0.1400 0.1366 0.1350 0.1353 0.1374 0.1419 0.1496 0.1644 0.2019
0.2523 0.1931 0.1613 0.1482 0.1411 0.1370 0.1351 0.1352 0.1370 0.1407 0.1462 0.1537 0.1634 0.1755 0.1902 0.2079 0.2287 0.2530 0.2810 0.3128 0.3480 0.3854 0.4223 0.4533 0.4715 0.4768 0.4726 0.4607 0.4413 0.4140 0.3782 0.3330 0.2784 0.2189 0.1733 0.1535 0.1442 0.1388 0.1359 0.1349 0.1358 0.1384 0.1428 0.1491 0.1574 0.1679 0.1806 0.1955 0.2118 0.2267 0.2334 0.2267 0.2118 0.1955 0.1806 0.1679 0.1574 0.1491 0.1428 0.1384 0.1358 0.1349 0.1359 0.1388 0.1442 0.1535 0.1733 0.2189 0.2784 0.3330 0.3782 0.4140 0.4413 0.4607 0.4726 0.4768 0.4715 0.4533 0.4223 0.3854 0.3480 0.3128 0.2811 0.2530 0.2287 0.2079 0.1902 0.1755 0.1634 0.1537 0.1462 0.1407 0.1370 0.1352 0.1351 0.1370 0.1411 0.1482 0.1613 0.1931 0.2523
0.3082 0.2454 0.1897 0.1600 0.1476 0.1407 0.1368 0.1351 0.1353 0.1372 0.1410 0.1466 0.1543 0.1642 0.1764 0.1913 0.2091 0.2302 0.2547 0.2830 0.3150 0.3503 0.3877 0.4244 0.4548 0.4722 0.4768 0.4721 0.4598 0.4399 0.4122 0.3759 0.3302 0.2751 0.2157 0.1717 0.1528 0.1438 0.1386 0.1358 0.1349 0.1359 0.1386 0.1431 0.1494 0.1577 0.1681 0.1806 0.1944 0.2070 0.2128 0.2070 0.1944 0.1806 0.1681 0.1577 0.1494 0.1431 0.1386 0.1359 0.1349 0.1358 0.1386 0.1438 0.1528 0.1717 0.2157 0.2751 0.3302 0.3759 0.4122 0.4399 0.4598 0.4721 0.4768 0.4722 0.4548 0.4244 0.3877 0.3503 0.3150 0.2830 0.2547 0.2302 0.2091 0.1913 0.1764 0.1641 0.1543 0.1466 0.1410 0.1372 0.1353 0.1351 0.1368 0.1407 0.1476 0.1600 0.1897 0.2454 0.3082
0.3584 0.3014 0.2425 0.1877 0.1591 0.1472 0.1405 0.1367 0.1351 0.1353 0.1374 0.1412 0.1469 0.1547 0.1646 0.1770 0.1920 0.2100 0.2312 0.2559 0.2843 0.3164 0.3519 0.3893 0.4259 0.4558 0.4726 0.4768 0.4718 0.4591 0.4390 0.4110 0.3744 0.3283 0.2731 0.2138 0.1707 0.1525 0.1436 0.1385 0.1357 0.1350 0.1359 0.1387 0.1431 0.1495 0.1577 0.1679 0.1793 0.1898 0.1947 0.1898 0.1793 0.1679 0.1577 0.1495 0.1431 0.1387 0.1359 0.1350 0.1357 0.1385 0.1436 0.1525 0.1707 0.2138 0.2731 0.3283 0.3744 0.4110 0.4390 0.4591 0.4718 0.4768 0.4726 0.4558 0.4259 0.3893 0.3519 0.3164 0.2843 0.2559 0.2312 0.2100 0.1920 0.1770 0.1646 0.1547 0.1469 0.1412 0.1374 0.1353 0.1351 0.1367 0.1405 0.1472 0.1591 0.1877 0.2425 0.3014 0.3584
