0.2467 0.3770 0.5871 0.9162 1.0000 1.0000 1.0000 1.0000 1.0000 1.0000 1.0000 1.0000 1.0000 0.0000 0.0000 0.0001 0.0001 0.0001 0.0002 0.0003 0.0005 0.0008 0.0013 0.0021 0.0032 0.0050 0.0078 0.0122 0.0190 0.0297 0.0464 0.0723 0.1129 0.1762 0.2749 0.4290 0.6695 1.0000 1.0000 1.0000 1.0000 1.0000 1.0000 1.0000 1.0000 1.0000 1.0000 0.0000 0.0000 0.0001 0.0001 0.0001 0.0000 0.0000 1.0000 1.0000 1.0000 1.0000 1.0000 1.0000 1.0000 1.0000 1.0000 1.0000 0.6695 0.4290 0.2749 0.1762 0.1129 0.0723 0.0464 0.0297 0.0190 0.0122 0.0078 0.0050 0.0032 0.0021 0.0013 0.0008 0.0005 0.0003 0.0002 0.0001 0.0001 0.0001 0.0000 0.0000 1.0000 1.0000 1.0000 1.0000 1.0000 1.0000 1.0000 1.0000 1.0000 0.9162 0.5871 0.3770 0.2467
0.3770 0.5849 0.9145 1.0000 1.0000 1.0000 1.0000 1.0000 1.0000 1.0000 1.0000 1.0000 0.0000 0.0000 0.0001 0.0001 0.0001 0.0002 0.0003 0.0005 0.0008 0.0013 0.0021 0.0032 0.0050 0.0078 0.0122 0.0191 0.0298 0.0465 0.0726 0.1133 0.1768 0.2760 0.4306 0.6720 1.0000 1.0000 1.0000 1.0000 1.0000 1.0000 1.0000 1.0000 1.0000 1.0000 0.0000 0.0000 0.0001 0.0001 0.0001 0.0001 0.0001 0.0000 0.0000 1.0000 1.0000 1.0000 1.0000 1.0000 1.0000 1.0000 1.0000 1.0000 1.0000 0.6720 0.4306 0.2760 0.1768 0.1133 0.0726 0.0465 0.0298 0.0191 0.0122 0.0078 0.0050 0.0032 0.0021 0.0013 0.0008 0.0005 0.0003 0.0002 0.0001 0.0001 0.0001 0.0000 0.0000 1.0000 1.0000 1.0000 1.0000 1.0000 1.0000 1.0000 1.0000 1.0000 0.9145 0.5849 0.3770
0.5871 0.9145 1.0000 1.0000 1.0000 1.0000 1.0000 1.0000 1.0000 1.0000 1.0000 0.0000 0.0000 0.0001 0.0001 0.0001 0.0002 0.0004 0.0006 0.0009 0.0013 0.0021 0.0033 0.0051 0.0080 0.0125 0.0194 0.0303 0.0473 0.0739 0.1153 0.1799 0.2807 0.4381 0.6836 1.0000 1.0000 1.0000 1.0000 1.0000 1.0000 1.0000 1.0000 1.0000 1.0000 0.0000 0.0000 0.0001 0.0001 0.0001 0.0002 0.0001 0.0001 0.0001 0.0000 0.0000 1.0000 1.0000 1.0000 1.0000 1.0000 1.0000 1.0000 1.0000 1.0000 1.0000 0.6836 0.4381 0.2807 0.1799 0.1153 0.0739 0.0473 0.0303 0.0194 0.0125 0.0080 0.0051 0.0033 0.0021 0.0013 0.0009 0.0006 0.0004 0.0002 0.0001 0.0001 0.0001 0.0000 0.0000 1.0000 1.0000 1.0000 1.0000 1.0000 1.0000 1.0000 1.0000 1.0000 0.9145 0.5871
0.9162 1.0000 1.0000 1.0000 1.0000 1.0000 1.0000 1.0000 1.0000 1.0000 0.0000 0.0000 0.0001 0.0001 0.0001 0.0002 0.0004 0.0006 0.0009 0.0014 0.0021 0.0033 0.0052 0.0081 0.0126 0.0197 0.0308 0.0481 0.0750 0.1170 0.1826 0.2850 0.4456 0.6954 1.0000 1.0000 1.0000 1.0000 1.0000 1.0000 1.0000 1.0000 1.0000 1.0000 0.0000 0.0000 0.0001 0.0001 0.0002 0.0002 0.0003 0.0002 0.0002 0.0001 0.0001 0.0000 0.0000 1.0000 1.0000 1.0000 1.0000 1.0000 1.0000 1.0000 1.0000 1.0000 1.0000 0.6954 0.4456 0.2850 0.1826 0.1170 0.0750 0.0481 0.0308 0.0197 0.0126 0.0081 0.0052 0.0033 0.0021 0.0014 0.0009 0.0006 0.0004 0.0002 0.0001 0.0001 0.0001 0.0000 0.0000 1.0000 1.0000 1.0000 1.0000 1.0000 1.0000 1.0000 1.0000 1.0000 0.9162
1.0000 1.0000 1.0000 1.0000 1.0000 1.0000 1.0000 1.0000 1.0000 0.0000 0.0000 0.0001 0.0001 0.0002 0.0002 0.0004 0.0006 0.0009 0.0014 0.0022 0.0034 0.0053 0.0082 0.0129 0.0201 0.0313 0.0489 0.0763 0.1191 0.1858 0.2899 0.4525 0.7061 1.0000 1.0000 1.0000 1.0000 1.0000 1.0000 1.0000 1.0000 1.0000 1.0000 0.0000 0.0000 0.0001 0.0001 0.0002 0.0003 0.0003 0.0004 0.0003 0.0003 0.0002 0.0001 0.0001 0.0000 0.0000 1.0000 1.0000 1.0000 1.0000 1.0000 1.0000 1.0000 1.0000 1.0000 1.0000 0.7061 0.4525 0.2899 0.1858 0.1191 0.0763 0.0489 0.0313 0.0201 0.0129 0.0082 0.0053 0.0034 0.0022 0.0014 0.0009 0.0006 0.0004 0.0002 0.0002 0.0001 0.0001 0.0000 0.0000 1.0000 1.0000 1.0000 1.0000 1.0000 1.0000 1.0000 1.0000 1.0000
1.0000 1.0000 1.0000 1.0000 1.0000 1.0000 1.0000 1.0000 0.0000 0.0000 0.0001 0.0001 0.0002 0.0002 0.0004 0.0006 0.0009 0.0014 0.0022 0.0034 0.0054 0.0084 0.0131 0.0204 0.0319 0.0497 0.0776 0.1211 0.1890 0.2949 0.4603 0.7183 1.0000 1.0000 1.0000 1.0000 1.0000 1.0000 1.0000 1.0000 1.0000 1.0000 0.0000 0.0000 0.0001 0.0001 0.0002 0.0003 0.0004 0.0006 0.0006 0.0006 0.0004 0.0003 0.0002 0.0001 0.0001 0.0000 0.0000 1.0000 1.0000 1.0000 1.0000 1.0000 1.0000 1.0000 1.0000 1.0000 1.0000 0.7183 0.4603 0.2949 0.1890 0.1211 0.0776 0.0497 0.0319 0.0204 0.0131 0.0084 0.0054 0.0034 0.0022 0.0014 0.0009 0.0006 0.0004 0.0002 0.0002 0.0001 0.0001 0.0000 0.0000 1.0000 1.0000 1.0000 1.0000 1.0000 1.0000 1.0000 1.0000
1.0000 1.0000 1.0000 1.0000 1.0000 1.0000 1.0000 0.0000 0.0000 0.0001 0.0001 0.0002 0.0002 0.0004 0.0006 0.0009 0.0014 0.0022 0.0035 0.0055 0.0085 0.0133 0.0208 0.0324 0.0506 0.0790 0.1232 0.1923 0.3000 0.4682 0.7307 1.0000 1.0000 1.0000 1.0000 1.0000 1.0000 1.0000 1.0000 1.0000 1.0000 0.0000 0.0000 0.0001 0.0001 0.0002 0.0003 0.0004 0.0006 0.0009 0.0010 0.0009 0.0006 0.0004 0.0003 0.0002 0.0001 0.0001 0.0000 0.0000 1.0000 1.0000 1.0000 1.0000 1.0000 1.0000 1.0000 1.0000 1.0000 1.0000 0.7307 0.4682 0.3000 0.1923 0.1232 0.0790 0.0506 0.0324 0.0208 0.0133 0.0085 0.0055 0.0035 0.0022 0.0014 0.0009 0.0006 0.0004 0.0002 0.0002 0.0001 0.0001 0.0000 0.0000 1.0000 1.0000 1.0000 1.0000 1.0000 1.0000 1.0000
1.0000 1.0000 1.0000 1.0000 1.0000 1.0000 0.0000 0.0000 0.0001 0.0001 0.0002 0.0002 0.0004 0.0006 0.0009 0.0015 0.0023 0.0036 0.0056 0.0087 0.0135 0.0211 0.0329 0.0514 0.0802 0.1251 0.1952 0.3046 0.4754 0.7419 1.0000 1.0000 1.0000 1.0000 1.0000 1.0000 1.0000 1.0000 1.0000 1.0000 0.0000 0.0000 0.0001 0.0001 0.0002 0.0003 0.0004 0.0007 0.0010 0.0014 0.0016 0.0014 0.0010 0.0007 0.0004 0.0003 0.0002 0.0001 0.0001 0.0000 0.0000 1.0000 1.0000 1.0000 1.0000 1.0000 1.0000 1.0000 1.0000 1.0000 1.0000 0.7419 0.4754 0.3046 0.1952 0.1251 0.0802 0.0514 0.0329 0.0211 0.0135 0.0087 0.0056 0.0036 0.0023 0.0015 0.0009 0.0006 0.0004 0.0002 0.0002 0.0001 0.0001 0.0000 0.0000 1.0000 1.0000 1.0000 1.0000 1.0000 1.0000
1.0000 1.0000 1.0000 1.0000 1.0000 0.0000 0.0000 0.0001 0.0001 0.0002 0.0002 0.0004 0.0006 0.0009 0.0015 0.0023 0.0036 0.0056 0.0088 0.0138 0.0215 0.0335 0.0523 0.0815 0.1273 0.1986 0.3099 0.4836 0.7547 1.0000 1.0000 1.0000 1.0000 1.0000 1.0000 1.0000 1.0000 1.0000 1.0000 0.0000 0.0000 0.0001 0.0001 0.0002 0.0003 0.0004 0.0007 0.0011 0.0016 0.0022 0.0026 0.0022 0.0016 0.0011 0.0007 0.0004 0.0003 0.0002 0.0001 0.0001 0.0000 0.0000 1.0000 1.0000 1.0000 1.0000 1.0000 1.0000 1.0000 1.0000 1.0000 1.0000 0.7547 0.4836 0.3099 0.1986 0.1273 0.0815 0.0523 0.0335 0.0215 0.0138 0.0088 0.0056 0.0036 0.0023 0.0015 0.0009 0.0006 0.0004 0.0002 0.0002 0.0001 0.0001 0.0000 0.0000 1.0000 1.0000 1.0000 1.0000 1.0000
1.0000 1.0000 1.0000 1.0000 0.0000 0.0000 0.0001 0.0001 0.0002 0.0002 0.0004 0.0006 0.0010 0.0015 0.0023 0.0037 0.0057 0.0089 0.0140 0.0218 0.0341 0.0532 0.0830 0.1295 0.2020 0.3152 0.4920 0.7677 1.0000 1.0000 1.0000 1.0000 1.0000 1.0000 1.0000 1.0000 1.0000 1.0000 0.0000 0.0000 0.0001 0.0001 0.0002 0.0003 0.0005 0.0007 0.0011 0.0017 0.0025 0.0035 0.0041 0.0035 0.0025 0.0017 0.0011 0.0007 0.0005 0.0003 0.0002 0.0001 0.0001 0.0000 0.0000 1.0000 1.0000 1.0000 1.0000 1.0000 1.0000 1.0000 1.0000 1.0000 1.0000 0.7677 0.4920 0.3152 0.2020 0.1295 0.0830 0.0532 0.0341 0.0218 0.0140 0.0089 0.0057 0.0037 0.0023 0.0015 0.0010 0.0006 0.0004 0.0002 0.0002 0.0001 0.0001 0.0000 0.0000 1.0000 1.0000 1.0000 1.0000
1.0000 1.0000 1.0000 0.0000 0.0000 0.0001 0.0001 0.0002 0.0002 0.0004 0.0006 0.0010 0.0015 0.0024 0.0037 0.0058 0.0090 0.0141 0.0221 0.0345 0.0540 0.0842 0.1317 0.2055 0.3207 0.5004 0.7810 1.0000 1.0000 1.0000 1.0000 1.0000 1.0000 1.0000 1.0000 1.0000 1.0000 0.0000 0.0000 0.0001 0.0001 0.0002 0.0003 0.0005 0.0007 0.0011 0.0017 0.0027 0.0040 0.0056 0.0065 0.0056 0.0040 0.0027 0.0017 0.0011 0.0007 0.0005 0.0003 0.0002 0.0001 0.0001 0.0000 0.0000 1.0000 1.0000 1.0000 1.0000 1.0000 1.0000 1.0000 1.0000 1.0000 1.0000 0.7810 0.5004 0.3207 0.2055 0.1317 0.0842 0.0540 0.0345 0.0221 0.0141 0.0090 0.0058 0.0037 0.0024 0.0015 0.0010 0.0006 0.0004 0.0002 0.0002 0.0001 0.0001 0.0000 0.0000 1.0000 1.0000 1.0000
1.0000 1.0000 0.0000 0.0000 0.0001 0.0001 0.0002 0.0002 0.0004 0.0006 0.0010 0.0015 0.0024 0.0037 0.0058 0.0091 0.0143 0.0224 0.0350 0.0547 0.0854 0.1335 0.2087 0.3256 0.5081 0.7929 1.0000 1.0000 1.0000 1.0000 1.0000 1.0000 1.0000 1.0000 1.0000 1.0000 0.0000 0.0001 0.0001 0.0001 0.0002 0.0003 0.0005 0.0007 0.0011 0.0018 0.0028 0.0043 0.0064 0.0089 0.0103 0.0089 0.0064 0.0043 0.0028 0.0018 0.0011 0.0007 0.0005 0.0003 0.0002 0.0001 0.0001 0.0001 0.0000 1.0000 1.0000 1.0000 1.0000 1.0000 1.0000 1.0000 1.0000 1.0000 1.0000 0.7929 0.5081 0.3256 0.2087 0.1335 0.0854 0.0547 0.0350 0.0224 0.0143 0.0091 0.0058 0.0037 0.0024 0.0015 0.0010 0.0006 0.0004 0.0002 0.0002 0.0001 0.0001 0.0000 0.0000 1.0000 1.0000
1.0000 0.0000 0.0000 0.0001 0.0001 0.0002 0.0002 0.0004 0.0006 0.0010 0.0015 0.0024 0.0037 0.0058 0.0092 0.0144 0.0225 0.0353 0.0553 0.0865 0.1352 0.2114 0.3306 0.5159 0.8066 1.0000 1.0000 1.0000 1.0000 1.0000 1.0000 1.0000 1.0000 1.0000 0.0000 0.0000 0.0001 0.0001 0.0001 0.0002 0.0003 0.0005 0.0007 0.0012 0.0018 0.0028 0.0044 0.0068 0.0102 0.0142 0.0163 0.0142 0.0102 0.0068 0.0044 0.0028 0.0018 0.0012 0.0007 0.0005 0.0003 0.0002 0.0001 0.0001 0.0001 0.0000 0.0000 1.0000 1.0000 1.0000 1.0000 1.0000 1.0000 1.0000 1.0000 1.0000 0.8066 0.5159 0.3306 0.2114 0.1352 0.0865 0.0553 0.0353 0.0225 0.0144 0.0092 0.0058 0.0037 0.0024 0.0015 0.0010 0.0006 0.0004 0.0002 0.0002 0.0001 0.0001 0.0000 0.0000 1.0000
0.0000 0.0000 0.0001 0.0001 0.0002 0.0002 0.0004 0.0006 0.0009 0.0015 0.0024 0.0037 0.0058 0.0092 0.0144 0.0227 0.0356 0.0559 0.0875 0.1368 0.2143 0.3350 0.5228 0.8174 1.0000 1.0000 1.0000 1.0000 1.0000 1.0000 1.0000 1.0000 1.0000 0.0000 0.0000 0.0001 0.0001 0.0001 0.0002 0.0003 0.0005 0.0008 0.0012 0.0018 0.0029 0.0045 0.0070 0.0108 0.0162 0.0225 0.0260 0.0225 0.0162 0.0108 0.0070 0.0045 0.0029 0.0018 0.0012 0.0008 0.0005 0.0003 0.0002 0.0001 0.0001 0.0001 0.0000 0.0000 1.0000 1.0000 1.0000 1.0000 1.0000 1.0000 1.0000 1.0000 1.0000 0.8174 0.5228 0.3350 0.2143 0.1368 0.0875 0.0559 0.0356 0.0227 0.0144 0.0092 0.0058 0.0037 0.0024 0.0015 0.0009 0.0006 0.0004 0.0002 0.0002 0.0001 0.0001 0.0000 0.0000
0.0000 0.0001 0.0001 0.0001 0.0002 0.0004 0.0006 0.0009 0.0015 0.0023 0.0037 0.0058 0.0092 0.0144 0.0228 0.0357 0.0562 0.0880 0.1381 0.2163 0.3382 0.5298 0.8284 1.0000 1.0000 1.0000 1.0000 1.0000 1.0000 1.0000 1.0000 1.0000 0.0000 0.0000 0.0001 0.0001 0.0001 0.0002 0.0003 0.0005 0.0008 0.0012 0.0019 0.0029 0.0046 0.0071 0.0111 0.0171 0.0257 0.0357 0.0412 0.0357 0.0257 0.0171 0.0111 0.0071 0.0046 0.0029 0.0019 0.0012 0.0008 0.0005 0.0003 0.0002 0.0001 0.0001 0.0001 0.0000 0.0000 1.0000 1.0000 1.0000 1.0000 1.0000 1.0000 1.0000 1.0000 1.0000 0.8284 0.5298 0.3382 0.2163 0.1381 0.0880 0.0562 0.0357 0.0228 0.0144 0.0092 0.0058 0.0037 0.0023 0.0015 0.0009 0.0006 0.0004 0.0002 0.0001 0.0001 0.0001 0.0000
0.0001 0.0001 0.0001 0.0002 0.0004 0.0006 0.0009 0.0015 0.0023 0.0037 0.0058 0.0091 0.0144 0.0227 0.0357 0.0563 0.0883 0.1389 0.2176 0.3415 0.5349 0.8379 1.0000 1.0000 1.0000 1.0000 1.0000 1.0000 1.0000 1.0000 1.0000 0.0000 0.0000 0.0001 0.0001 0.0001 0.0002 0.0003 0.0005 0.0008 0.0012 0.0019 0.0030 0.0046 0.0072 0.0113 0.0176 0.0271 0.0407 0.0567 0.0654 0.0567 0.0407 0.0271 0.0176 0.0113 0.0072 0.0046 0.0030 0.0019 0.0012 0.0008 0.0005 0.0003 0.0002 0.0001 0.0001 0.0001 0.0000 0.0000 1.0000 1.0000 1.0000 1.0000 1.0000 1.0000 1.0000 1.0000 1.0000 0.8379 0.5349 0.3415 0.2176 0.1389 0.0883 0.0563 0.0357 0.0227 0.0144 0.0091 0.0058 0.0037 0.0023 0.0015 0.0009 0.0006 0.0004 0.0002 0.0001 0.0001 0.0001
0.0001 0.0001 0.0002 0.0004 0.0006 0.0009 0.0014 0.0023 0.0036 0.0057 0.0090 0.0143 0.0225 0.0356 0.0562 0.0883 0.1392 0.2184 0.3434 0.5390 0.8443 1.0000 1.0000 1.0000 1.0000 1.0000 1.0000 1.0000 1.0000 1.0000 0.0000 0.0000 0.0001 0.0001 0.0001 0.0002 0.0003 0.0005 0.0008 0.0012 0.0019 0.0030 0.0047 0.0074 0.0115 0.0179 0.0278 0.0430 0.0647 0.0900 0.1038 0.0900 0.0647 0.0430 0.0278 0.0179 0.0115 0.0074 0.0047 0.0030 0.0019 0.0012 0.0008 0.0005 0.0003 0.0002 0.0001 0.0001 0.0001 0.0000 0.0000 1.0000 1.0000 1.0000 1.0000 1.0000 1.0000 1.0000 1.0000 1.0000 0.8443 0.5390 0.3434 0.2184 0.1392 0.0883 0.0562 0.0356 0.0225 0.0143 0.0090 0.0057 0.0036 0.0023 0.0014 0.0009 0.0006 0.0004 0.0002 0.0001 0.0001
0.0001 0.0002 0.0004 0.0006 0.0009 0.0014 0.0022 0.0036 0.0056 0.0089 0.0141 0.0224 0.0353 0.0559 0.0880 0.1389 0.2184 0.3441 0.5400 0.8491 1.0000 1.0000 1.0000 1.0000 1.0000 1.0000 1.0000 1.0000 1.0000 0.0000 0.0000 0.0001 0.0001 0.0001 0.0002 0.0003 0.0005 0.0008 0.0013 0.0020 0.0031 0.0048 0.0075 0.0117 0.0182 0.0284 0.0442 0.0683 0.1026 0.1429 0.1648 0.1429 0.1026 0.0683 0.0442 0.0284 0.0182 0.0117 0.0075 0.0048 0.0031 0.0020 0.0013 0.0008 0.0005 0.0003 0.0002 0.0001 0.0001 0.0001 0.0000 0.0000 1.0000 1.0000 1.0000 1.0000 1.0000 1.0000 1.0000 1.0000 1.0000 0.8491 0.5400 0.3441 0.2184 0.1389 0.0880 0.0559 0.0353 0.0224 0.0141 0.0089 0.0056 0.0036 0.0022 0.0014 0.0009 0.0006 0.0004 0.0002 0.0001
0.0002 0.0003 0.0006 0.0009 0.0014 0.0022 0.0035 0.0056 0.0088 0.0140 0.0221 0.0350 0.0553 0.0875 0.1381 0.2176 0.3434 0.5400 0.8507 1.0000 1.0000 1.0000 1.0000 1.0000 1.0000 1.0000 1.0000 1.0000 0.0000 0.0000 0.0001 0.0001 0.0001 0.0002 0.0003 0.0005 0.0008 0.0013 0.0020 0.0031 0.0049 0.0076 0.0119 0.0185 0.0289 0.0451 0.0702 0.1083 0.1629 0.2264 0.2616 0.2264 0.1629 0.1083 0.0702 0.0451 0.0289 0.0185 0.0119 0.0076 0.0049 0.0031 0.0020 0.0013 0.0008 0.0005 0.0003 0.0002 0.0001 0.0001 0.0001 0.0000 0.0000 1.0000 1.0000 1.0000 1.0000 1.0000 1.0000 1.0000 1.0000 1.0000 0.8507 0.5400 0.3434 0.2176 0.1381 0.0875 0.0553 0.0350 0.0221 0.0140 0.0088 0.0056 0.0035 0.0022 0.0014 0.0009 0.0006 0.0003 0.0002
0.0003 0.0005 0.0009 0.0014 0.0022 0.0034 0.0055 0.0087 0.0138 0.0218 0.0345 0.0547 0.0865 0.1368 0.2163 0.3415 0.5390 0.8491 1.0000 1.0000 1.0000 1.0000 1.0000 1.0000 1.0000 1.0000 1.0000 0.0000 0.0000 0.0001 0.0001 0.0001 0.0002 0.0003 0.0005 0.0008 0.0013 0.0020 0.0032 0.0050 0.0077 0.0121 0.0189 0.0294 0.0459 0.0715 0.1114 0.1719 0.2582 0.3595 0.4146 0.3595 0.2582 0.1719 0.1114 0.0715 0.0459 0.0294 0.0189 0.0121 0.0077 0.0050 0.0032 0.0020 0.0013 0.0008 0.0005 0.0003 0.0002 0.0001 0.0001 0.0001 0.0000 0.0000 1.0000 1.0000 1.0000 1.0000 1.0000 1.0000 1.0000 1.0000 1.0000 0.8491 0.5390 0.3415 0.2163 0.1368 0.0865 0.0547 0.0345 0.0218 0.0138 0.0087 0.0055 0.0034 0.0022 0.0014 0.0009 0.0005 0.0003
0.0005 0.0008 0.0013 0.0021 0.0034 0.0054 0.0085 0.0135 0.0215 0.0341 0.0540 0.0854 0.1352 0.2143 0.3382 0.5349 0.8443 1.0000 1.0000 1.0000 1.0000 1.0000 1.0000 1.0000 1.0000 1.0000 0.0000 0.0000 0.0001 0.0001 0.0001 0.0002 0.0003 0.0005 0.0008 0.0013 0.0021 0.0032 0.0050 0.0079 0.0123 0.0192 0.0299 0.0467 0.0729 0.1135 0.1768 0.2728 0.4099 0.5706 0.6581 0.5706 0.4099 0.2728 0.1768 0.1135 0.0729 0.0467 0.0299 0.0192 0.0123 0.0079 0.0050 0.0032 0.0021 0.0013 0.0008 0.0005 0.0003 0.0002 0.0001 0.0001 0.0001 0.0000 0.0000 1.0000 1.0000 1.0000 1.0000 1.0000 1.0000 1.0000 1.0000 1.0000 0.8443 0.5349 0.3382 0.2143 0.1352 0.0854 0.0540 0.0341 0.0215 0.0135 0.0085 0.0054 0.0034 0.0021 0.0013 0.0008 0.0005
0.0008 0.0013 0.0021 0.0033 0.0053 0.0084 0.0133 0.0211 0.0335 0.0532 0.0842 0.1335 0.2114 0.3350 0.5298 0.8379 1.0000 1.0000 1.0000 1.0000 1.0000 1.0000 1.0000 1.0000 1.0000 0.0000 0.0000 0.0001 0.0001 0.0001 0.0002 0.0004 0.0006 0.0009 0.0013 0.0021 0.0033 0.0051 0.0080 0.0125 0.0195 0.0304 0.0474 0.0740 0.1155 0.1802 0.2802 0.4331 0.6506 0.9058 1.0000 0.9058 0.6506 0.4331 0.2802 0.1802 0.1155 0.0740 0.0474 0.0304 0.0195 0.0125 0.0080 0.0051 0.0033 0.0021 0.0013 0.0009 0.0006 0.0004 0.0002 0.0001 0.0001 0.0001 0.0000 0.0000 1.0000 1.0000 1.0000 1.0000 1.0000 1.0000 1.0000 1.0000 1.0000 0.8379 0.5298 0.3350 0.2114 0.1335 0.0842 0.0532 0.0335 0.0211 0.0133 0.0084 0.0053 0.0033 0.0021 0.0013 0.0008
0.0013 0.0021 0.0033 0.0052 0.0082 0.0131 0.0208 0.0329 0.0523 0.0830 0.1317 0.2087 0.3306 0.5228 0.8284 1.0000 1.0000 1.0000 1.0000 1.0000 1.0000 1.0000 1.0000 1.0000 0.0000 0.0000 0.0001 0.0001 0.0001 0.0002 0.0004 0.0006 0.0009 0.0014 0.0021 0.0033 0.0052 0.0081 0.0127 0.0198 0.0309 0.0482 0.0753 0.1175 0.1833 0.2861 0.4448 0.6875 1.0000 1.0000 1.0000 1.0000 1.0000 0.6875 0.4448 0.2861 0.1833 0.1175 0.0753 0.0482 0.0309 0.0198 0.0127 0.0081 0.0052 0.0033 0.0021 0.0014 0.0009 0.0006 0.0004 0.0002 0.0001 0.0001 0.0001 0.0000 0.0000 1.0000 1.0000 1.0000 1.0000 1.0000 1.0000 1.0000 1.0000 1.0000 0.8284 0.5228 0.3306 0.2087 0.1317 0.0830 0.0523 0.0329 0.0208 0.0131 0.0082 0.0052 0.0033 0.0021 0.0013
0.0021 0.0032 0.0051 0.0081 0.0129 0.0204 0.0324 0.0514 0.0815 0.1295 0.2055 0.3256 0.5159 0.8174 1.0000 1.0000 1.0000 1.0000 1.0000 1.0000 1.0000 1.0000 1.0000 0.0000 0.0000 0.0001 0.0001 0.0001 0.0002 0.0004 0.0006 0.0009 0.0014 0.0022 0.0034 0.0053 0.0082 0.0129 0.0202 0.0314 0.0491 0.0766 0.1195 0.1865 0.2910 0.4533 0.7061 1.0000 1.0000 1.0000 1.0000 1.0000 1.0000 1.0000 0.7061 0.4533 0.2910 0.1865 0.1195 0.0766 0.0491 0.0314 0.0202 0.0129 0.0082 0.0053 0.0034 0.0022 0.0014 0.0009 0.0006 0.0004 0.0002 0.0001 0.0001 0.0001 0.0000 0.0000 1.0000 1.0000 1.0000 1.0000 1.0000 1.0000 1.0000 1.0000 1.0000 0.8174 0.5159 0.3256 0.2055 0.1295 0.0815 0.0514 0.0324 0.0204 0.0129 0.0081 0.0051 0.0032 0.0021
0.0032 0.0050 0.0080 0.0126 0.0201 0.0319 0.0506 0.0802 0.1273 0.2020 0.3207 0.5081 0.8066 1.0000 1.0000 1.0000 1.0000 1.0000 1.0000 1.0000 1.0000 1.0000 0.0000 0.0000 0.0001 0.0001 0.0001 0.0002 0.0004 0.0006 0.0009 0.0014 0.0022 0.0034 0.0053 0.0084 0.0131 0.0204 0.0319 0.0498 0.0779 0.1216 0.1897 0.2961 0.4620 0.7196 1.0000 1.0000 1.0000 1.0000 1.0000 1.0000 1.0000 1.0000 1.0000 0.7196 0.4620 0.2961 0.1897 0.1216 0.0779 0.0498 0.0319 0.0204 0.0131 0.0084 0.0053 0.0034 0.0022 0.0014 0.0009 0.0006 0.0004 0.0002 0.0001 0.0001 0.0001 0.0000 0.0000 1.0000 1.0000 1.0000 1.0000 1.0000 1.0000 1.0000 1.0000 1.0000 0.8066 0.5081 0.3207 0.2020 0.1273 0.0802 0.0506 0.0319 0.0201 0.0126 0.0080 0.0050 0.0032
0.0050 0.0078 0.0125 0.0197 0.0313 0.0497 0.0790 0.1251 0.1986 0.3152 0.5004 0.7929 1.0000 1.0000 1.0000 1.0000 1.0000 1.0000 1.0000 1.0000 1.0000 0.0000 0.0000 0.0001 0.0001 0.0001 0.0002 0.0004 0.0006 0.0009 0.0014 0.0022 0.0035 0.0054 0.0085 0.0132 0.0207 0.0324 0.0506 0.0791 0.1234 0.1926 0.3006 0.4691 0.7321 1.0000 1.0000 1.0000 1.0000 1.0000 1.0000 1.0000 1.0000 1.0000 1.0000 1.0000 0.7321 0.4691 0.3006 0.1926 0.1234 0.0791 0.0506 0.0324 0.0207 0.0132 0.0085 0.0054 0.0035 0.0022 0.0014 0.0009 0.0006 0.0004 0.0002 0.0001 0.0001 0.0001 0.0000 0.0000 1.0000 1.0000 1.0000 1.0000 1.0000 1.0000 1.0000 1.0000 1.0000 0.7929 0.5004 0.3152 0.1986 0.1251 0.0790 0.0497 0.0313 0.0197 0.0125 0.0078 0.0050
0.0078 0.0122 0.0194 0.0308 0.0489 0.0776 0.1232 0.1952 0.3099 0.4920 0.7810 1.0000 1.0000 1.0000 1.0000 1.0000 1.0000 1.0000 1.0000 1.0000 0.0000 0.0000 0.0001 0.0001 0.0001 0.0002 0.0004 0.0006 0.0009 0.0014 0.0022 0.0035 0.0055 0.0085 0.0134 0.0209 0.0328 0.0513 0.0802 0.1251 0.1956 0.3058 0.4772 0.7447 1.0000 1.0000 1.0000 1.0000 1.0000 1.0000 1.0000 1.0000 1.0000 1.0000 1.0000 1.0000 1.0000 0.7447 0.4772 0.3058 0.1956 0.1251 0.0802 0.0513 0.0328 0.0209 0.0134 0.0085 0.0055 0.0035 0.0022 0.0014 0.0009 0.0006 0.0004 0.0002 0.0001 0.0001 0.0001 0.0000 0.0000 1.0000 1.0000 1.0000 1.0000 1.0000 1.0000 1.0000 1.0000 1.0000 0.7810 0.4920 0.3099 0.1952 0.1232 0.0776 0.0489 0.0308 0.0194 0.0122 0.0078
0.0122 0.0191 0.0303 0.0481 0.0763 0.1211 0.1923 0.3046 0.4836 0.7677 1.0000 1.0000 1.0000 1.0000 1.0000 1.0000 1.0000 1.0000 1.0000 0.0000 0.0000 0.0001 0.0001 0.0001 0.0002 0.0004 0.0006 0.0009 0.0014 0.0022 0.0035 0.0055 0.0086 0.0135 0.0211 0.0331 0.0519 0.0811 0.1268 0.1982 0.3099 0.4845 0.7561 1.0000 1.0000 1.0000 1.0000 1.0000 1.0000 1.0000 1.0000 1.0000 1.0000 1.0000 1.0000 1.0000 1.0000 1.0000 0.7561 0.4845 0.3099 0.1982 0.1268 0.0811 0.0519 0.0331 0.0211 0.0135 0.0086 0.0055 0.0035 0.0022 0.0014 0.0009 0.0006 0.0004 0.0002 0.0001 0.0001 0.0001 0.0000 0.0000 1.0000 1.0000 1.0000 1.0000 1.0000 1.0000 1.0000 1.0000 1.0000 0.7677 0.4836 0.3046 0.1923 0.1211 0.0763 0.0481 0.0303 0.0191 0.0122
0.0190 0.0298 0.0473 0.0750 0.1191 0.1890 0.3000 0.4754 0.7547 1.0000 1.0000 1.0000 1.0000 1.0000 1.0000 1.0000 1.0000 1.0000 0.0000 0.0000 0.0001 0.0001 0.0001 0.0002 0.0004 0.0006 0.0009 0.0014 0.0022 0.0035 0.0055 0.0087 0.0136 0.0213 0.0334 0.0524 0.0820 0.1285 0.2009 0.3141 0.4910 0.7677 1.0000 1.0000 1.0000 1.0000 1.0000 1.0000 1.0000 1.0000 1.0000 1.0000 1.0000 1.0000 1.0000 1.0000 1.0000 1.0000 1.0000 0.7677 0.4910 0.3141 0.2009 0.1285 0.0820 0.0524 0.0334 0.0213 0.0136 0.0087 0.0055 0.0035 0.0022 0.0014 0.0009 0.0006 0.0004 0.0002 0.0001 0.0001 0.0001 0.0000 0.0000 1.0000 1.0000 1.0000 1.0000 1.0000 1.0000 1.0000 1.0000 1.0000 0.7547 0.4754 0.3000 0.1890 0.1191 0.0750 0.0473 0.0298 0.0190
0.0297 0.0465 0.0739 0.1170 0.1858 0.2949 0.4682 0.7419 1.0000 1.0000 1.0000 1.0000 1.0000 1.0000 1.0000 1.0000 1.0000 0.0000 0.0000 0.0001 0.0001 0.0001 0.0002 0.0004 0.0006 0.0009 0.0014 0.0022 0.0035 0.0055 0.0087 0.0136 0.0214 0.0336 0.0528 0.0828 0.1297 0.2028 0.3177 0.4967 0.7780 1.0000 1.0000 1.0000 1.0000 1.0000 1.0000 1.0000 1.0000 1.0000 1.0000 1.0000 1.0000 1.0000 1.0000 1.0000 1.0000 1.0000 1.0000 1.0000 0.7780 0.4967 0.3177 0.2028 0.1297 0.0828 0.0528 0.0336 0.0214 0.0136 0.0087 0.0055 0.0035 0.0022 0.0014 0.0009 0.0006 0.0004 0.0002 0.0001 0.0001 0.0001 0.0000 0.0000 1.0000 1.0000 1.0000 1.0000 1.0000 1.0000 1.0000 1.0000 1.0000 0.7419 0.4682 0.2949 0.1858 0.1170 0.0739 0.0465 0.0297
0.0464 0.0726 0.1153 0.1826 0.2899 0.4603 0.7307 1.0000 1.0000 1.0000 1.0000 1.0000 1.0000 1.0000 1.0000 1.0000 0.0000 0.0000 0.0001 0.0001 0.0001 0.0002 0.0004 0.0006 0.0009 0.0014 0.0022 0.0035 0.0055 0.0087 0.0136 0.0215 0.0337 0.0531 0.0833 0.1307 0.2047 0.3207 0.5024 0.7869 1.0000 1.0000 1.0000 1.0000 1.0000 1.0000 1.0000 1.0000 1.0000 1.0000 1.0000 1.0000 1.0000 1.0000 1.0000 1.0000 1.0000 1.0000 1.0000 1.0000 1.0000 0.7869 0.5024 0.3207 0.2047 0.1307 0.0833 0.0531 0.0337 0.0215 0.0136 0.0087 0.0055 0.0035 0.0022 0.0014 0.0009 0.0006 0.0004 0.0002 0.0001 0.0001 0.0001 0.0000 0.0000 1.0000 1.0000 1.0000 1.0000 1.0000 1.0000 1.0000 1.0000 1.0000 0.7307 0.4603 0.2899 0.1826 0.1153 0.0726 0.0464
0.0723 0.1133 0.1799 0.2850 0.4525 0.7183 1.0000 1.0000 1.0000 1.0000 1.0000 1.0000 1.0000 1.0000 1.0000 0.0000 0.0000 0.0001 0.0001 0.0001 0.0002 0.0004 0.0006 0.0009 0.0014 0.0022 0.0035 0.0055 0.0087 0.0136 0.0215 0.0338 0.0532 0.0836 0.1312 0.2059 0.3231 0.5072 0.7944 1.0000 1.0000 1.0000 1.0000 1.0000 1.0000 1.0000 1.0000 1.0000 1.0000 0.0000 0.0000 0.0000 1.0000 1.0000 1.0000 1.0000 1.0000 1.0000 1.0000 1.0000 1.0000 1.0000 0.7944 0.5072 0.3231 0.2059 0.1312 0.0836 0.0532 0.0338 0.0215 0.0136 0.0087 0.0055 0.0035 0.0022 0.0014 0.0009 0.0006 0.0004 0.0002 0.0001 0.0001 0.0001 0.0000 0.0000 1.0000 1.0000 1.0000 1.0000 1.0000 1.0000 1.0000 1.0000 1.0000 0.7183 0.4525 0.2850 0.1799 0.1133 0.0723
0.1129 0.1768 0.2807 0.4456 0.7061 1.0000 1.0000 1.0000 1.0000 1.0000 1.0000 1.0000 1.0000 1.0000 0.0000 0.0000 0.0001 0.0001 0.0001 0.0002 0.0003 0.0006 0.0009 0.0014 0.0022 0.0035 0.0055 0.0086 0.0136 0.0214 0.0337 0.0532 0.0837 0.1317 0.2067 0.3250 0.5101 0.8005 1.0000 1.0000 1.0000 1.0000 1.0000 1.0000 1.0000 1.0000 1.0000 0.0000 0.0000 0.0000 0.0001 0.0000 0.0000 0.0000 1.0000 1.0000 1.0000 1.0000 1.0000 1.0000 1.0000 1.0000 1.0000 0.8005 0.5101 0.3250 0.2067 0.1317 0.0837 0.0532 0.0337 0.0214 0.0136 0.0086 0.0055 0.0035 0.0022 0.0014 0.0009 0.0006 0.0003 0.0002 0.0001 0.0001 0.0001 0.0000 0.0000 1.0000 1.0000 1.0000 1.0000 1.0000 1.0000 1.0000 1.0000 1.0000 0.7061 0.4456 0.2807 0.1768 0.1129
0.1762 0.2760 0.4381 0.6954 1.0000 1.0000 1.0000 1.0000 1.0000 1.0000 1.0000 1.0000 1.0000 0.0000 0.0000 0.0001 0.0001 0.0001 0.0002 0.0003 0.0005 0.0009 0.0014 0.0022 0.0034 0.0054 0.0085 0.0135 0.0213 0.0336 0.0531 0.0836 0.1317 0.2071 0.3256 0.5120 0.8036 1.0000 1.0000 1.0000 1.0000 1.0000 1.0000 1.0000 1.0000 1.0000 0.0000 0.0000 0.0001 0.0001 0.0001 0.0001 0.0001 0.0000 0.0000 1.0000 1.0000 1.0000 1.0000 1.0000 1.0000 1.0000 1.0000 1.0000 0.8036 0.5120 0.3256 0.2071 0.1317 0.0836 0.0531 0.0336 0.0213 0.0135 0.0085 0.0054 0.0034 0.0022 0.0014 0.0009 0.0005 0.0003 0.0002 0.0001 0.0001 0.0001 0.0000 0.0000 1.0000 1.0000 1.0000 1.0000 1.0000 1.0000 1.0000 1.0000 1.0000 0.6954 0.4381 0.2760 0.1762
0.2749 0.4306 0.6836 1.0000 1.0000 1.0000 1.0000 1.0000 1.0000 1.0000 1.0000 1.0000 0.0000 0.0000 0.0001 0.0001 0.0001 0.0002 0.0003 0.0005 0.0008 0.0013 0.0021 0.0034 0.0053 0.0085 0.0134 0.0211 0.0334 0.0528 0.0833 0.1312 0.2067 0.3256 0.5130 0.8066 1.0000 1.0000 1.0000 1.0000 1.0000 1.0000 1.0000 1.0000 1.0000 0.0000 0.0000 0.0001 0.0001 0.0001 0.0001 0.0001 0.0001 0.0001 0.0000 0.0000 1.0000 1.0000 1.0000 1.0000 1.0000 1.0000 1.0000 1.0000 1.0000 0.8066 0.5130 0.3256 0.2067 0.1312 0.0833 0.0528 0.0334 0.0211 0.0134 0.0085 0.0053 0.0034 0.0021 0.0013 0.0008 0.0005 0.0003 0.0002 0.0001 0.0001 0.0001 0.0000 0.0000 1.0000 1.0000 1.0000 1.0000 1.0000 1.0000 1.0000 1.0000 1.0000 0.6836 0.4306 0.2749
0.4290 0.6720 1.0000 1.0000 1.0000 1.0000 1.0000 1.0000 1.0000 1.0000 1.0000 1.0000 0.0000 0.0001 0.0001 0.0001 0.0002 0.0003 0.0005 0.0008 0.0013 0.0021 0.0033 0.0053 0.0084 0.0132 0.0209 0.0331 0.0524 0.0828 0.1307 0.2059 0.3250 0.5120 0.8066 1.0000 1.0000 1.0000 1.0000 1.0000 1.0000 1.0000 1.0000 1.0000 0.0000 0.0000 0.0001 0.0001 0.0001 0.0002 0.0002 0.0002 0.0001 0.0001 0.0001 0.0000 0.0000 1.0000 1.0000 1.0000 1.0000 1.0000 1.0000 1.0000 1.0000 1.0000 0.8066 0.5120 0.3250 0.2059 0.1307 0.0828 0.0524 0.0331 0.0209 0.0132 0.0084 0.0053 0.0033 0.0021 0.0013 0.0008 0.0005 0.0003 0.0002 0.0001 0.0001 0.0001 0.0000 1.0000 1.0000 1.0000 1.0000 1.0000 1.0000 1.0000 1.0000 1.0000 1.0000 0.6720 0.4290
0.6695 1.0000 1.0000 1.0000 1.0000 1.0000 1.0000 1.0000 1.0000 1.0000 1.0000 0.0000 0.0001 0.0001 0.0001 0.0002 0.0003 0.0005 0.0008 0.0013 0.0021 0.0033 0.0052 0.0082 0.0131 0.0207 0.0328 0.0519 0.0820 0.1297 0.2047 0.3231 0.5101 0.8036 1.0000 1.0000 1.0000 1.0000 1.0000 1.0000 1.0000 1.0000 1.0000 0.0000 0.0000 0.0001 0.0001 0.0001 0.0002 0.0003 0.0003 0.0003 0.0002 0.0001 0.0001 0.0001 0.0000 0.0000 1.0000 1.0000 1.0000 1.0000 1.0000 1.0000 1.0000 1.0000 1.0000 0.8036 0.5101 0.3231 0.2047 0.1297 0.0820 0.0519 0.0328 0.0207 0.0131 0.0082 0.0052 0.0033 0.0021 0.0013 0.0008 0.0005 0.0003 0.0002 0.0001 0.0001 0.0001 0.0000 1.0000 1.0000 1.0000 1.0000 1.0000 1.0000 1.0000 1.0000 1.0000 1.0000 0.6695
1.0000 1.0000 1.0000 1.0000 1.0000 1.0000 1.0000 1.0000 1.0000 1.0000 0.0000 0.0001 0.0001 0.0001 0.0002 0.0003 0.0005 0.0008 0.0013 0.0020 0.0032 0.0051 0.0081 0.0129 0.0204 0.0324 0.0513 0.0811 0.1285 0.2028 0.3207 0.5072 0.8005 1.0000 1.0000 1.0000 1.0000 1.0000 1.0000 1.0000 1.0000 1.0000 0.0000 0.0000 0.0001 0.0001 0.0001 0.0002 0.0003 0.0004 0.0005 0.0004 0.0003 0.0002 0.0001 0.0001 0.0001 0.0000 0.0000 1.0000 1.0000 1.0000 1.0000 1.0000 1.0000 1.0000 1.0000 1.0000 0.8005 0.5072 0.3207 0.2028 0.1285 0.0811 0.0513 0.0324 0.0204 0.0129 0.0081 0.0051 0.0032 0.0020 0.0013 0.0008 0.0005 0.0003 0.0002 0.0001 0.0001 0.0001 0.0000 1.0000 1.0000 1.0000 1.0000 1.0000 1.0000 1.0000 1.0000 1.0000 1.0000
1.0000 1.0000 1.0000 1.0000 1.0000 1.0000 1.0000 1.0000 1.0000 0.0000 0.0000 0.0001 0.0001 0.0002 0.0003 0.0005 0.0008 0.0013 0.0020 0.0032 0.0050 0.0080 0.0127 0.0202 0.0319 0.0506 0.0802 0.1268 0.2009 0.3177 0.5024 0.7944 1.0000 1.0000 1.0000 1.0000 1.0000 1.0000 1.0000 1.0000 1.0000 0.0000 0.0000 0.0001 0.0001 0.0001 0.0002 0.0003 0.0005 0.0007 0.0008 0.0007 0.0005 0.0003 0.0002 0.0001 0.0001 0.0001 0.0000 0.0000 1.0000 1.0000 1.0000 1.0000 1.0000 1.0000 1.0000 1.0000 1.0000 0.7944 0.5024 0.3177 0.2009 0.1268 0.0802 0.0506 0.0319 0.0202 0.0127 0.0080 0.0050 0.0032 0.0020 0.0013 0.0008 0.0005 0.0003 0.0002 0.0001 0.0001 0.0000 0.0000 1.0000 1.0000 1.0000 1.0000 1.0000 1.0000 1.0000 1.0000 1.0000
1.0000 1.0000 1.0000 1.0000 1.0000 1.0000 1.0000 1.0000 0.0000 0.0000 0.0001 0.0001 0.0002 0.0003 0.0005 0.0008 0.0012 0.0020 0.0031 0.0050 0.0079 0.0125 0.0198 0.0314 0.0498 0.0791 0.1251 0.1982 0.3141 0.4967 0.7869 1.0000 1.0000 1.0000 1.0000 1.0000 1.0000 1.0000 1.0000 1.0000 0.0000 0.0000 0.0001 0.0001 0.0001 0.0002 0.0003 0.0005 0.0008 0.0011 0.0013 0.0011 0.0008 0.0005 0.0003 0.0002 0.0001 0.0001 0.0001 0.0000 0.0000 1.0000 1.0000 1.0000 1.0000 1.0000 1.0000 1.0000 1.0000 1.0000 0.7869 0.4967 0.3141 0.1982 0.1251 0.0791 0.0498 0.0314 0.0198 0.0125 0.0079 0.0050 0.0031 0.0020 0.0012 0.0008 0.0005 0.0003 0.0002 0.0001 0.0001 0.0000 0.0000 1.0000 1.0000 1.0000 1.0000 1.0000 1.0000 1.0000 1.0000
1.0000 1.0000 1.0000 1.0000 1.0000 1.0000 1.0000 0.0000 0.0000 0.0001 0.0001 0.0002 0.0003 0.0005 0.0008 0.0012 0.0019 0.0031 0.0049 0.0077 0.0123 0.0195 0.0309 0.0491 0.0779 0.1234 0.1956 0.3099 0.4910 0.7780 1.0000 1.0000 1.0000 1.0000 1.0000 1.0000 1.0000 1.0000 1.0000 0.0000 0.0000 0.0001 0.0001 0.0001 0.0002 0.0003 0.0005 0.0008 0.0013 0.0018 0.0020 0.0018 0.0013 0.0008 0.0005 0.0003 0.0002 0.0001 0.0001 0.0001 0.0000 0.0000 1.0000 1.0000 1.0000 1.0000 1.0000 1.0000 1.0000 1.0000 1.0000 0.7780 0.4910 0.3099 0.1956 0.1234 0.0779 0.0491 0.0309 0.0195 0.0123 0.0077 0.0049 0.0031 0.0019 0.0012 0.0008 0.0005 0.0003 0.0002 0.0001 0.0001 0.0000 0.0000 1.0000 1.0000 1.0000 1.0000 1.0000 1.0000 1.0000
1.0000 1.0000 1.0000 1.0000 1.0000 1.0000 0.0000 0.0000 0.0001 0.0001 0.0002 0.0003 0.0005 0.0008 0.0012 0.0019 0.0030 0.0048 0.0076 0.0121 0.0192 0.0304 0.0482 0.0766 0.1216 0.1926 0.3058 0.4845 0.7677 1.0000 1.0000 1.0000 1.0000 1.0000 1.0000 1.0000 1.0000 1.0000 0.0000 0.0000 0.0001 0.0001 0.0001 0.0002 0.0003 0.0005 0.0008 0.0013 0.0020 0.0028 0.0032 0.0028 0.0020 0.0013 0.0008 0.0005 0.0003 0.0002 0.0001 0.0001 0.0001 0.0000 0.0000 1.0000 1.0000 1.0000 1.0000 1.0000 1.0000 1.0000 1.0000 1.0000 0.7677 0.4845 0.3058 0.1926 0.1216 0.0766 0.0482 0.0304 0.0192 0.0121 0.0076 0.0048 0.0030 0.0019 0.0012 0.0008 0.0005 0.0003 0.0002 0.0001 0.0001 0.0000 0.0000 1.0000 1.0000 1.0000 1.0000 1.0000 1.0000
1.0000 1.0000 1.0000 1.0000 1.0000 0.0000 0.0000 0.0001 0.0001 0.0002 0.0003 0.0005 0.0007 0.0012 0.0019 0.0030 0.0047 0.0075 0.0119 0.0189 0.0299 0.0474 0.0753 0.1195 0.1897 0.3006 0.4772 0.7561 1.0000 1.0000 1.0000 1.0000 1.0000 1.0000 1.0000 1.0000 1.0000 0.0000 0.0000 0.0001 0.0001 0.0001 0.0002 0.0003 0.0005 0.0009 0.0013 0.0021 0.0031 0.0044 0.0051 0.0044 0.0031 0.0021 0.0013 0.0009 0.0005 0.0003 0.0002 0.0001 0.0001 0.0001 0.0000 0.0000 1.0000 1.0000 1.0000 1.0000 1.0000 1.0000 1.0000 1.0000 1.0000 0.7561 0.4772 0.3006 0.1897 0.1195 0.0753 0.0474 0.0299 0.0189 0.0119 0.0075 0.0047 0.0030 0.0019 0.0012 0.0007 0.0005 0.0003 0.0002 0.0001 0.0001 0.0000 0.0000 1.0000 1.0000 1.0000 1.0000 1.0000
1.0000 1.0000 1.0000 1.0000 0.0000 0.0000 0.0001 0.0001 0.0002 0.0003 0.0005 0.0007 0.0012 0.0018 0.0029 0.0046 0.0074 0.0117 0.0185 0.0294 0.0467 0.0740 0.1175 0.1865 0.2961 0.4691 0.7447 1.0000 1.0000 1.0000 1.0000 1.0000 1.0000 1.0000 1.0000 1.0000 0.0000 0.0000 0.0001 0.0001 0.0001 0.0002 0.0003 0.0005 0.0009 0.0013 0.0021 0.0033 0.0050 0.0069 0.0080 0.0069 0.0050 0.0033 0.0021 0.0013 0.0009 0.0005 0.0003 0.0002 0.0001 0.0001 0.0001 0.0000 0.0000 1.0000 1.0000 1.0000 1.0000 1.0000 1.0000 1.0000 1.0000 1.0000 0.7447 0.4691 0.2961 0.1865 0.1175 0.0740 0.0467 0.0294 0.0185 0.0117 0.0074 0.0046 0.0029 0.0018 0.0012 0.0007 0.0005 0.0003 0.0002 0.0001 0.0001 0.0000 0.0000 1.0000 1.0000 1.0000 1.0000
1.0000 1.0000 1.0000 0.0000 0.0000 0.0001 0.0001 0.0002 0.0003 0.0005 0.0007 0.0011 0.0018 0.0029 0.0046 0.0072 0.0115 0.0182 0.0289 0.0459 0.0729 0.1155 0.1833 0.2910 0.4620 0.7321 1.0000 1.0000 1.0000 1.0000 1.0000 1.0000 1.0000 1.0000 1.0000 0.0000 0.0000 0.0001 0.0001 0.0001 0.0002 0.0003 0.0005 0.0009 0.0014 0.0021 0.0033 0.0052 0.0078 0.0109 0.0126 0.0109 0.0078 0.0052 0.0033 0.0021 0.0014 0.0009 0.0005 0.0003 0.0002 0.0001 0.0001 0.0001 0.0000 0.0000 1.0000 1.0000 1.0000 1.0000 1.0000 1.0000 1.0000 1.0000 1.0000 0.7321 0.4620 0.2910 0.1833 0.1155 0.0729 0.0459 0.0289 0.0182 0.0115 0.0072 0.0046 0.0029 0.0018 0.0011 0.0007 0.0005 0.0003 0.0002 0.0001 0.0001 0.0000 0.0000 1.0000 1.0000 1.0000
1.0000 1.0000 0.0000 0.0000 0.0001 0.0001 0.0002 0.0003 0.0004 0.0007 0.0011 0.0018 0.0028 0.0045 0.0071 0.0113 0.0179 0.0284 0.0451 0.0715 0.1135 0.1802 0.2861 0.4533 0.7196 1.0000 1.0000 1.0000 1.0000 1.0000 1.0000 1.0000 1.0000 1.0000 0.0000 0.0000 0.0001 0.0001 0.0001 0.0002 0.0003 0.0005 0.0009 0.0013 0.0021 0.0033 0.0052 0.0081 0.0123 0.0172 0.0200 0.0172 0.0123 0.0081 0.0052 0.0033 0.0021 0.0013 0.0009 0.0005 0.0003 0.0002 0.0001 0.0001 0.0001 0.0000 0.0000 1.0000 1.0000 1.0000 1.0000 1.0000 1.0000 1.0000 1.0000 1.0000 0.7196 0.4533 0.2861 0.1802 0.1135 0.0715 0.0451 0.0284 0.0179 0.0113 0.0071 0.0045 0.0028 0.0018 0.0011 0.0007 0.0004 0.0003 0.0002 0.0001 0.0001 0.0000 0.0000 1.0000 1.0000
1.0000 0.0000 0.0000 0.0001 0.0001 0.0002 0.0003 0.0004 0.0007 0.0011 0.0017 0.0028 0.0044 0.0070 0.0111 0.0176 0.0279 0.0442 0.0702 0.1114 0.1768 0.2802 0.4448 0.7061 1.0000 1.0000 1.0000 1.0000 1.0000 1.0000 1.0000 1.0000 1.0000 0.0000 0.0000 0.0001 0.0001 0.0001 0.0002 0.0003 0.0005 0.0008 0.0013 0.0021 0.0033 0.0052 0.0082 0.0128 0.0193 0.0271 0.0313 0.0271 0.0193 0.0128 0.0082 0.0052 0.0033 0.0021 0.0013 0.0008 0.0005 0.0003 0.0002 0.0001 0.0001 0.0001 0.0000 0.0000 1.0000 1.0000 1.0000 1.0000 1.0000 1.0000 1.0000 1.0000 1.0000 0.7061 0.4448 0.2802 0.1768 0.1114 0.0702 0.0442 0.0278 0.0176 0.0111 0.0070 0.0044 0.0028 0.0017 0.0011 0.0007 0.0004 0.0003 0.0002 0.0001 0.0001 0.0000 0.0000 1.0000
0.0000 0.0000 0.0001 0.0001 0.0002 0.0003 0.0004 0.0007 0.0011 0.0017 0.0027 0.0043 0.0068 0.0108 0.0171 0.0271 0.0430 0.0683 0.1083 0.1719 0.2728 0.4331 0.6875 1.0000 1.0000 1.0000 1.0000 1.0000 1.0000 1.0000 1.0000 1.0000 0.0000 0.0000 0.0001 0.0001 0.0001 0.0002 0.0003 0.0005 0.0008 0.0013 0.0021 0.0033 0.0052 0.0081 0.0128 0.0198 0.0300 0.0422 0.0487 0.0422 0.0300 0.0198 0.0128 0.0081 0.0052 0.0033 0.0021 0.0013 0.0008 0.0005 0.0003 0.0002 0.0001 0.0001 0.0001 0.0000 0.0000 1.0000 1.0000 1.0000 1.0000 1.0000 1.0000 1.0000 1.0000 1.0000 0.6875 0.4331 0.2728 0.1719 0.1083 0.0683 0.0430 0.0271 0.0171 0.0108 0.0068 0.0043 0.0027 0.0017 0.0011 0.0007 0.0004 0.0003 0.0002 0.0001 0.0001 0.0000 0.0000
0.0000 0.0001 0.0001 0.0002 0.0003 0.0004 0.0006 0.0010 0.0016 0.0025 0.0040 0.0064 0.0102 0.0162 0.0257 0.0407 0.0647 0.1026 0.1629 0.2582 0.4099 0.6506 1.0000 1.0000 1.0000 1.0000 1.0000 1.0000 1.0000 1.0000 1.0000 1.0000 0.0000 0.0001 0.0001 0.0001 0.0002 0.0003 0.0005 0.0008 0.0013 0.0020 0.0031 0.0050 0.0078 0.0123 0.0193 0.0300 0.0455 0.0636 0.0734 0.0636 0.0455 0.0300 0.0193 0.0123 0.0078 0.0050 0.0031 0.0020 0.0013 0.0008 0.0005 0.0003 0.0002 0.0001 0.0001 0.0001 0.0000 1.0000 1.0000 1.0000 1.0000 1.0000 1.0000 1.0000 1.0000 1.0000 1.0000 0.6506 0.4099 0.2582 0.1629 0.1026 0.0647 0.0407 0.0257 0.0162 0.0102 0.0064 0.0040 0.0025 0.0016 0.0010 0.0006 0.0004 0.0003 0.0002 0.0001 0.0001 0.0000
0.0001 0.0001 0.0001 0.0002 0.0003 0.0006 0.0009 0.0014 0.0022 0.0035 0.0056 0.0089 0.0142 0.0225 0.0357 0.0567 0.0900 0.1429 0.2264 0.3595 0.5706 0.9058 1.0000 1.0000 1.0000 1.0000 1.0000 1.0000 1.0000 1.0000 1.0000 0.0000 0.0000 0.0001 0.0001 0.0002 0.0003 0.0004 0.0007 0.0011 0.0018 0.0028 0.0044 0.0069 0.0109 0.0172 0.0271 0.0422 0.0636 0.0885 0.1019 0.0885 0.0636 0.0422 0.0271 0.0172 0.0109 0.0069 0.0044 0.0028 0.0018 0.0011 0.0007 0.0004 0.0003 0.0002 0.0001 0.0001 0.0000 0.0000 1.0000 1.0000 1.0000 1.0000 1.0000 1.0000 1.0000 1.0000 1.0000 0.9058 0.5706 0.3595 0.2264 0.1429 0.0900 0.0567 0.0357 0.0225 0.0142 0.0089 0.0056 0.0035 0.0022 0.0014 0.0009 0.0006 0.0003 0.0002 0.0001 0.0001 0.0001
0.0001 0.0001 0.0002 0.0003 0.0004 0.0006 0.0010 0.0016 0.0026 0.0041 0.0065 0.0103 0.0163 0.0260 0.0412 0.0654 0.1038 0.1648 0.2616 0.4146 0.6581 1.0000 1.0000 1.0000 1.0000 1.0000 1.0000 1.0000 1.0000 1.0000 1.0000 0.0000 0.0001 0.0001 0.0001 0.0002 0.0003 0.0005 0.0008 0.0013 0.0020 0.0032 0.0051 0.0080 0.0126 0.0200 0.0313 0.0487 0.0734 0.1019 0.1170 0.1019 0.0734 0.0487 0.0313 0.0199 0.0126 0.0080 0.0051 0.0032 0.0020 0.0013 0.0008 0.0005 0.0003 0.0002 0.0001 0.0001 0.0001 0.0000 1.0000 1.0000 1.0000 1.0000 1.0000 1.0000 1.0000 1.0000 1.0000 1.0000 0.6581 0.4146 0.2616 0.1648 0.1038 0.0654 0.0412 0.0260 0.0163 0.0103 0.0065 0.0041 0.0026 0.0016 0.0010 0.0006 0.0004 0.0003 0.0002 0.0001 0.0001
0.0001 0.0001 0.0001 0.0002 0.0003 0.0006 0.0009 0.0014 0.0022 0.0035 0.0056 0.0089 0.0142 0.0225 0.0357 0.0567 0.0900 0.1429 0.2264 0.3595 0.5706 0.9058 1.0000 1.0000 1.0000 1.0000 1.0000 1.0000 1.0000 1.0000 1.0000 0.0000 0.0000 0.0001 0.0001 0.0002 0.0003 0.0004 0.0007 0.0011 0.0018 0.0028 0.0044 0.0069 0.0109 0.0172 0.0271 0.0422 0.0636 0.0885 0.1019 0.0885 0.0636 0.0422 0.0271 0.0172 0.0109 0.0069 0.0044 0.0028 0.0018 0.0011 0.0007 0.0004 0.0003 0.0002 0.0001 0.0001 0.0000 0.0000 1.0000 1.0000 1.0000 1.0000 1.0000 1.0000 1.0000 1.0000 1.0000 0.9058 0.5706 0.3595 0.2264 0.1429 0.0900 0.0567 0.0357 0.0225 0.0142 0.0089 0.0056 0.0035 0.0022 0.0014 0.0009 0.0006 0.0003 0.0002 0.0001 0.0001 0.0001
0.0000 0.0001 0.0001 0.0002 0.0003 0.0004 0.0006 0.0010 0.0016 0.0025 0.0040 0.0064 0.0102 0.0162 0.0257 0.0407 0.0647 0.1026 0.1629 0.2582 0.4099 0.6506 1.0000 1.0000 1.0000 1.0000 1.0000 1.0000 1.0000 1.0000 1.0000 1.0000 0.0000 0.0001 0.0001 0.0001 0.0002 0.0003 0.0005 0.0008 0.0013 0.0020 0.0031 0.0050 0.0078 0.0123 0.0193 0.0300 0.0455 0.0636 0.0734 0.0636 0.0455 0.0300 0.0193 0.0123 0.0078 0.0050 0.0031 0.0020 0.0013 0.0008 0.0005 0.0003 0.0002 0.0001 0.0001 0.0001 0.0000 1.0000 1.0000 1.0000 1.0000 1.0000 1.0000 1.0000 1.0000 1.0000 1.0000 0.6506 0.4099 0.2582 0.1629 0.1026 0.0647 0.0407 0.0257 0.0162 0.0102 0.0064 0.0040 0.0025 0.0016 0.0010 0.0006 0.0004 0.0003 0.0002 0.0001 0.0001 0.0000
0.0000 0.0000 0.0001 0.0001 0.0002 0.0003 0.0004 0.0007 0.0011 0.0017 0.0027 0.0043 0.0068 0.0108 0.0171 0.0271 0.0430 0.0683 0.1083 0.1719 0.2728 0.4331 0.6875 1.0000 1.0000 1.0000 1.0000 1.0000 1.0000 1.0000 1.0000 1.0000 0.0000 0.0000 0.0001 0.0001 0.0001 0.0002 0.0003 0.0005 0.0008 0.0013 0.0021 0.0033 0.0052 0.0081 0.0128 0.0198 0.0300 0.0422 0.0487 0.0422 0.0300 0.0198 0.0128 0.0081 0.0052 0.0033 0.0021 0.0013 0.0008 0.0005 0.0003 0.0002 0.0001 0.0001 0.0001 0.0000 0.0000 1.0000 1.0000 1.0000 1.0000 1.0000 1.0000 1.0000 1.0000 1.0000 0.6875 0.4331 0.2728 0.1719 0.1083 0.0683 0.0430 0.0271 0.0171 0.0108 0.0068 0.0043 0.0027 0.0017 0.0011 0.0007 0.0004 0.0003 0.0002 0.0001 0.0001 0.0000 0.0000
1.0000 0.0000 0.0000 0.0001 0.0001 0.0002 0.0003 0.0004 0.0007 0.0011 0.0017 0.0028 0.0044 0.0070 0.0111 0.0176 0.0279 0.0442 0.0702 0.1114 0.1768 0.2802 0.4448 0.7061 1.0000 1.0000 1.0000 1.0000 1.0000 1.0000 1.0000 1.0000 1.0000 0.0000 0.0000 0.0001 0.0001 0.0001 0.0002 0.0003 0.0005 0.0008 0.0013 0.0021 0.0033 0.0052 0.0082 0.0128 0.0193 0.0271 0.0313 0.0271 0.0193 0.0128 0.0082 0.0052 0.0033 0.0021 0.0013 0.0008 0.0005 0.0003 0.0002 0.0001 0.0001 0.0001 0.0000 0.0000 1.0000 1.0000 1.0000 1.0000 1.0000 1.0000 1.0000 1.0000 1.0000 0.7061 0.4448 0.2802 0.1768 0.1114 0.0702 0.0442 0.0278 0.0176 0.0111 0.0070 0.0044 0.0028 0.0017 0.0011 0.0007 0.0004 0.0003 0.0002 0.0001 0.0001 0.0000 0.0000 1.0000
1.0000 1.0000 0.0000 0.0000 0.0001 0.0001 0.0002 0.0003 0.0004 0.0007 0.0011 0.0018 0.0028 0.0045 0.0071 0.0113 0.0179 0.0284 0.0451 0.0715 0.1135 0.1802 0.2861 0.4533 0.7196 1.0000 1.0000 1.0000 1.0000 1.0000 1.0000 1.0000 1.0000 1.0000 0.0000 0.0000 0.0001 0.0001 0.0001 0.0002 0.0003 0.0005 0.0009 0.0013 0.0021 0.0033 0.0052 0.0081 0.0123 0.0172 0.0199 0.0172 0.0123 0.0081 0.0052 0.0033 0.0021 0.0013 0.0009 0.0005 0.0003 0.0002 0.0001 0.0001 0.0001 0.0000 0.0000 1.0000 1.0000 1.0000 1.0000 1.0000 1.0000 1.0000 1.0000 1.0000 0.7196 0.4533 0.2861 0.1802 0.1135 0.0715 0.0451 0.0284 0.0179 0.0113 0.0071 0.0045 0.0028 0.0018 0.0011 0.0007 0.0004 0.0003 0.0002 0.0001 0.0001 0.0000 0.0000 1.0000 1.0000
