0.1477 0.1407 0.1368 0.1349 0.1349 0.1365 0.1397 0.1448 0.1516 0.1605 0.1715 0.1850 0.2011 0.2202 0.2424 0.2682 0.2976 0.3306 0.3667 0.4044 0.4405 0.4690 0.4838 0.4863 0.4800 0.4664 0.4454 0.4167 0.3796 0.3332 0.2780 0.2187 0.1744 0.1547 0.1450 0.1393 0.1360 0.1347 0.1352 0.1373 0.1411 0.1466 0.1541 0.1636 0.1753 0.1894 0.2061 0.2251 0.2452 0.2625 0.2700 0.2625 0.2452 0.2251 0.2061 0.1894 0.1753 0.1636 0.1541 0.1466 0.1411 0.1373 0.1352 0.1347 0.1360 0.1393 0.1450 0.1547 0.1744 0.2187 0.2780 0.3332 0.3796 0.4167 0.4454 0.4664 0.4800 0.4863 0.4838 0.4690 0.4405 0.4044 0.3667 0.3306 0.2976 0.2682 0.2424 0.2202 0.2011 0.1850 0.1715 0.1605 0.1516 0.1448 0.1397 0.1365 0.1349 0.1349 0.1368 0.1407 0.1477
0.1407 0.1367 0.1351 0.1352 0.1370 0.1405 0.1457 0.1528 0.1619 0.1732 0.1868 0.2031 0.2223 0.2447 0.2704 0.2997 0.3322 0.3675 0.4037 0.4374 0.4626 0.4748 0.4763 0.4698 0.4562 0.4356 0.4076 0.3714 0.3263 0.2726 0.2150 0.1722 0.1534 0.1444 0.1390 0.1360 0.1350 0.1356 0.1379 0.1419 0.1477 0.1553 0.1650 0.1770 0.1914 0.2084 0.2283 0.2506 0.2740 0.2941 0.3029 0.2941 0.2740 0.2506 0.2283 0.2084 0.1914 0.1770 0.1650 0.1553 0.1477 0.1419 0.1379 0.1356 0.1350 0.1360 0.1390 0.1444 0.1534 0.1722 0.2150 0.2726 0.3263 0.3714 0.4076 0.4356 0.4562 0.4698 0.4763 0.4748 0.4626 0.4374 0.4037 0.3675 0.3322 0.2997 0.2704 0.2447 0.2223 0.2031 0.1868 0.1732 0.1619 0.1528 0.1457 0.1405 0.1370 0.1352 0.1351 0.1367 0.1407
0.1368 0.1351 0.1352 0.1371 0.1406 0.1459 0.1531 0.1622 0.1736 0.1873 0.2037 0.2230 0.2455 0.2714 0.3008 0.3335 0.3688 0.4050 0.4386 0.4633 0.4751 0.4762 0.4694 0.4556 0.4348 0.4064 0.3699 0.3245 0.2705 0.2130 0.1712 0.1530 0.1441 0.1389 0.1360 0.1350 0.1357 0.1380 0.1421 0.1479 0.1556 0.1654 0.1774 0.1919 0.2092 0.2293 0.2525 0.2783 0.3051 0.3281 0.3381 0.3281 0.3051 0.2783 0.2525 0.2293 0.2092 0.1919 0.1774 0.1654 0.1556 0.1479 0.1421 0.1380 0.1357 0.1350 0.1360 0.1389 0.1441 0.1530 0.1712 0.2130 0.2705 0.3245 0.3699 0.4064 0.4348 0.4556 0.4694 0.4762 0.4751 0.4633 0.4386 0.4050 0.3688 0.3335 0.3008 0.2714 0.2455 0.2230 0.2037 0.1873 0.1736 0.1622 0.1531 0.1459 0.1406 0.1371 0.1352 0.1351 0.1368
0.1349 0.1352 0.1371 0.1407 0.1460 0.1532 0.1625 0.1739 0.1878 0.2043 0.2238 0.2464 0.2724 0.3020 0.3348 0.3702 0.4064 0.4397 0.4640 0.4753 0.4761 0.4690 0.4549 0.4338 0.4052 0.3684 0.3226 0.2683 0.2109 0.1701 0.1525 0.1439 0.1387 0.1359 0.1350 0.1357 0.1381 0.1423 0.1482 0.1559 0.1658 0.1779 0.1925 0.2099 0.2302 0.2537 0.2805 0.3098 0.3398 0.3651 0.3759 0.3651 0.3398 0.3098 0.2805 0.2537 0.2302 0.2099 0.1925 0.1779 0.1658 0.1559 0.1482 0.1423 0.1381 0.1357 0.1350 0.1359 0.1387 0.1439 0.1525 0.1701 0.2109 0.2683 0.3226 0.3684 0.4052 0.4338 0.4549 0.4690 0.4761 0.4753 0.4640 0.4397 0.4064 0.3702 0.3348 0.3020 0.2724 0.2464 0.2238 0.2043 0.1878 0.1739 0.1625 0.1532 0.1460 0.1407 0.1371 0.1352 0.1349
0.1349 0.1370 0.1406 0.1460 0.1533 0.1627 0.1742 0.1882 0.2048 0.2244 0.2472 0.2734 0.3031 0.3360 0.3715 0.4077 0.4408 0.4646 0.4755 0.4759 0.4686 0.4543 0.4329 0.4040 0.3668 0.3207 0.2662 0.2089 0.1692 0.1521 0.1436 0.1386 0.1358 0.1349 0.1358 0.1383 0.1424 0.1484 0.1563 0.1662 0.1784 0.1931 0.2106 0.2311 0.2548 0.2819 0.3122 0.3448 0.3771 0.4032 0.4141 0.4032 0.3771 0.3448 0.3122 0.2819 0.2548 0.2311 0.2106 0.1931 0.1784 0.1662 0.1563 0.1484 0.1424 0.1383 0.1358 0.1349 0.1358 0.1386 0.1436 0.1521 0.1692 0.2089 0.2662 0.3207 0.3668 0.4040 0.4329 0.4543 0.4686 0.4759 0.4755 0.4646 0.4408 0.4077 0.3715 0.3360 0.3031 0.2734 0.2472 0.2244 0.2048 0.1882 0.1742 0.1627 0.1533 0.1460 0.1406 0.1370 0.1349
0.1365 0.1405 0.1459 0.1532 0.1627 0.1743 0.1884 0.2052 0.2249 0.2479 0.2742 0.3041 0.3372 0.3728 0.4089 0.4419 0.4652 0.4757 0.4758 0.4682 0.4536 0.4320 0.4028 0.3653 0.3188 0.2641 0.2070 0.1682 0.1517 0.1434 0.1384 0.1358 0.1350 0.1358 0.1384 0.1426 0.1487 0.1566 0.1666 0.1789 0.1937 0.2113 0.2319 0.2557 0.2830 0.3137 0.3473 0.3821 0.4147 0.4386 0.4476 0.4386 0.4147 0.3821 0.3473 0.3137 0.2830 0.2557 0.2319 0.2113 0.1937 0.1789 0.1666 0.1566 0.1487 0.1426 0.1384 0.1358 0.1350 0.1358 0.1384 0.1434 0.1517 0.1682 0.2070 0.2641 0.3188 0.3653 0.4028 0.4320 0.4536 0.4682 0.4758 0.4757 0.4652 0.4419 0.4089 0.3728 0.3372 0.3041 0.2742 0.2479 0.2249 0.2052 0.1884 0.1743 0.1627 0.1532 0.1459 0.1405 0.1365
0.1397 0.1457 0.1531 0.1625 0.1742 0.1884 0.2053 0.2252 0.2483 0.2748 0.3049 0.3381 0.3739 0.4101 0.4429 0.4658 0.4758 0.4757 0.4678 0.4529 0.4310 0.4015 0.3637 0.3169 0.2619 0.2050 0.1673 0.1513 0.1432 0.1383 0.1357 0.1350 0.1359 0.1385 0.1428 0.1489 0.1569 0.1670 0.1794 0.1943 0.2120 0.2327 0.2567 0.2841 0.3150 0.3489 0.3847 0.4193 0.4477 0.4642 0.4691 0.4642 0.4477 0.4193 0.3847 0.3489 0.3150 0.2841 0.2567 0.2327 0.2120 0.1943 0.1794 0.1670 0.1569 0.1489 0.1428 0.1385 0.1359 0.1350 0.1357 0.1383 0.1432 0.1513 0.1673 0.2050 0.2619 0.3169 0.3637 0.4015 0.4310 0.4529 0.4678 0.4757 0.4758 0.4658 0.4429 0.4101 0.3739 0.3381 0.3049 0.2748 0.2483 0.2252 0.2053 0.1884 0.1742 0.1625 0.1531 0.1457 0.1397
0.1448 0.1528 0.1622 0.1739 0.1882 0.2052 0.2252 0.2485 0.2752 0.3054 0.3388 0.3747 0.4110 0.4437 0.4663 0.4760 0.4755 0.4674 0.4523 0.4301 0.4003 0.3621 0.3150 0.2597 0.2031 0.1664 0.1509 0.1429 0.1382 0.1356 0.1350 0.1360 0.1386 0.1430 0.1492 0.1573 0.1675 0.1799 0.1949 0.2127 0.2335 0.2576 0.2852 0.3162 0.3503 0.3863 0.4216 0.4511 0.4690 0.4756 0.4766 0.4756 0.4690 0.4511 0.4216 0.3863 0.3503 0.3162 0.2852 0.2576 0.2335 0.2127 0.1949 0.1799 0.1675 0.1573 0.1492 0.1430 0.1386 0.1360 0.1350 0.1356 0.1382 0.1429 0.1509 0.1664 0.2031 0.2597 0.3150 0.3621 0.4003 0.4301 0.4523 0.4674 0.4755 0.4760 0.4663 0.4437 0.4110 0.3747 0.3388 0.3054 0.2752 0.2485 0.2252 0.2052 0.1882 0.1739 0.1622 0.1528 0.1448
0.1516 0.1619 0.1736 0.1878 0.2048 0.2249 0.2483 0.2752 0.3056 0.3392 0.3753 0.4118 0.4444 0.4667 0.4761 0.4754 0.4670 0.4516 0.4291 0.3990 0.3605 0.3130 0.2575 0.2012 0.1656 0.1505 0.1427 0.1380 0.1356 0.1350 0.1360 0.1388 0.1432 0.1495 0.1576 0.1679 0.1805 0.1956 0.2134 0.2344 0.2586 0.2863 0.3175 0.3517 0.3878 0.4231 0.4527 0.4706 0.4766 0.4757 0.4740 0.4757 0.4766 0.4706 0.4527 0.4231 0.3878 0.3517 0.3175 0.2863 0.2586 0.2344 0.2134 0.1956 0.1805 0.1679 0.1576 0.1495 0.1432 0.1388 0.1360 0.1350 0.1356 0.1380 0.1427 0.1505 0.1656 0.2012 0.2575 0.3130 0.3605 0.3990 0.4291 0.4516 0.4670 0.4754 0.4761 0.4667 0.4444 0.4118 0.3753 0.3392 0.3056 0.2752 0.2483 0.2249 0.2048 0.1878 0.1736 0.1619 0.1516
0.1605 0.1732 0.1873 0.2043 0.2244 0.2479 0.2748 0.3054 0.3392 0.3755 0.4121 0.4448 0.4670 0.4761 0.4752 0.4667 0.4511 0.4283 0.3979 0.3591 0.3112 0.2554 0.1994 0.1648 0.1502 0.1425 0.1379 0.1355 0.1350 0.1361 0.1389 0.1434 0.1497 0.1580 0.1683 0.1810 0.1962 0.2142 0.2352 0.2596 0.2874 0.3187 0.3530 0.3891 0.4245 0.4539 0.4713 0.4768 0.4741 0.4674 0.4633 0.4674 0.4741 0.4768 0.4713 0.4539 0.4245 0.3891 0.3530 0.3187 0.2874 0.2596 0.2352 0.2142 0.1962 0.1810 0.1683 0.1580 0.1497 0.1434 0.1389 0.1361 0.1350 0.1355 0.1379 0.1425 0.1502 0.1648 0.1994 0.2554 0.3112 0.3591 0.3979 0.4283 0.4511 0.4667 0.4752 0.4761 0.4670 0.4448 0.4121 0.3755 0.3392 0.3054 0.2748 0.2479 0.2244 0.2043 0.1873 0.1732 0.1605
0.1715 0.1868 0.2037 0.2238 0.2472 0.2742 0.3049 0.3388 0.3753 0.4121 0.4450 0.4672 0.4762 0.4751 0.4664 0.4506 0.4276 0.3969 0.3577 0.3095 0.2535 0.1977 0.1640 0.1498 0.1423 0.1378 0.1355 0.1350 0.1362 0.1390 0.1436 0.1500 0.1583 0.1687 0.1815 0.1968 0.2149 0.2361 0.2606 0.2885 0.3199 0.3543 0.3905 0.4257 0.4548 0.4718 0.4768 0.4733 0.4637 0.4516 0.4452 0.4516 0.4637 0.4733 0.4768 0.4718 0.4548 0.4257 0.3905 0.3543 0.3199 0.2885 0.2606 0.2361 0.2149 0.1968 0.1815 0.1687 0.1583 0.1500 0.1436 0.1390 0.1362 0.1350 0.1355 0.1378 0.1423 0.1498 0.1640 0.1977 0.2535 0.3095 0.3577 0.3969 0.4276 0.4506 0.4664 0.4751 0.4762 0.4672 0.4450 0.4121 0.3753 0.3388 0.3049 0.2742 0.2472 0.2238 0.2037 0.1868 0.1715
0.1850 0.2031 0.2230 0.2464 0.2734 0.3041 0.3381 0.3747 0.4118 0.4448 0.4672 0.4762 0.4751 0.4662 0.4502 0.4270 0.3961 0.3566 0.3080 0.2517 0.1961 0.1633 0.1495 0.1421 0.1377 0.1354 0.1350 0.1363 0.1392 0.1438 0.1503 0.1587 0.1692 0.1820 0.1974 0.2156 0.2369 0.2615 0.2896 0.3212 0.3556 0.3918 0.4269 0.4557 0.4722 0.4768 0.4728 0.4620 0.4458 0.4282 0.4193 0.4282 0.4458 0.4620 0.4728 0.4768 0.4722 0.4557 0.4269 0.3918 0.3556 0.3212 0.2896 0.2615 0.2369 0.2156 0.1974 0.1820 0.1692 0.1587 0.1503 0.1438 0.1392 0.1363 0.1350 0.1354 0.1377 0.1421 0.1495 0.1633 0.1961 0.2517 0.3080 0.3566 0.3961 0.4270 0.4502 0.4662 0.4751 0.4762 0.4672 0.4448 0.4118 0.3747 0.3381 0.3041 0.2734 0.2464 0.2230 0.2031 0.1850
0.2011 0.2223 0.2455 0.2724 0.3031 0.3372 0.3739 0.4110 0.4444 0.4670 0.4762 0.4751 0.4662 0.4501 0.4267 0.3955 0.3557 0.3067 0.2501 0.1948 0.1627 0.1492 0.1419 0.1376 0.1354 0.1350 0.1363 0.1393 0.1440 0.1506 0.1590 0.1696 0.1825 0.1980 0.2164 0.2378 0.2626 0.2908 0.3224 0.3570 0.3932 0.4282 0.4565 0.4726 0.4768 0.4725 0.4610 0.4432 0.4201 0.3965 0.3849 0.3965 0.4201 0.4432 0.4610 0.4725 0.4768 0.4726 0.4565 0.4282 0.3932 0.3570 0.3224 0.2908 0.2626 0.2378 0.2164 0.1980 0.1825 0.1696 0.1590 0.1506 0.1440 0.1393 0.1363 0.1350 0.1354 0.1376 0.1419 0.1492 0.1627 0.1948 0.2501 0.3067 0.3557 0.3955 0.4267 0.4501 0.4662 0.4751 0.4762 0.4670 0.4444 0.4110 0.3739 0.3372 0.3031 0.2724 0.2455 0.2223 0.2011
0.2202 0.2447 0.2714 0.3020 0.3360 0.3728 0.4101 0.4437 0.4667 0.4761 0.4751 0.4662 0.4501 0.4265 0.3951 0.3551 0.3058 0.2490 0.1938 0.1622 0.1489 0.1417 0.1375 0.1353 0.1350 0.1364 0.1395 0.1442 0.1508 0.1594 0.1701 0.1831 0.1987 0.2171 0.2387 0.2635 0.2919 0.3237 0.3583 0.3946 0.4294 0.4574 0.4729 0.4768 0.4721 0.4604 0.4418 0.4165 0.3859 0.3558 0.3412 0.3558 0.3859 0.4165 0.4418 0.4604 0.4721 0.4768 0.4729 0.4574 0.4294 0.3946 0.3583 0.3237 0.2919 0.2635 0.2387 0.2171 0.1987 0.1831 0.1701 0.1594 0.1508 0.1442 0.1395 0.1364 0.1350 0.1353 0.1375 0.1417 0.1489 0.1622 0.1938 0.2490 0.3058 0.3551 0.3951 0.4265 0.4501 0.4662 0.4751 0.4761 0.4667 0.4437 0.4101 0.3728 0.3360 0.3020 0.2714 0.2447 0.2202
0.2424 0.2704 0.3008 0.3348 0.3715 0.4089 0.4429 0.4663 0.4761 0.4752 0.4664 0.4502 0.4267 0.3951 0.3549 0.3054 0.2483 0.1931 0.1618 0.1487 0.1416 0.1374 0.1353 0.1351 0.1365 0.1396 0.1444 0.1511 0.1597 0.1705 0.1836 0.1993 0.2178 0.2395 0.2645 0.2930 0.3249 0.3597 0.3959 0.4306 0.4582 0.4732 0.4767 0.4718 0.4598 0.4408 0.4147 0.3814 0.3425 0.3054 0.2880 0.3054 0.3425 0.3814 0.4147 0.4408 0.4598 0.4718 0.4767 0.4732 0.4582 0.4306 0.3959 0.3597 0.3249 0.2930 0.2645 0.2395 0.2178 0.1993 0.1836 0.1705 0.1597 0.1511 0.1444 0.1396 0.1365 0.1351 0.1353 0.1374 0.1416 0.1487 0.1618 0.1931 0.2483 0.3054 0.3549 0.3951 0.4267 0.4502 0.4664 0.4752 0.4761 0.4663 0.4429 0.4089 0.3715 0.3348 0.3008 0.2704 0.2424
0.2682 0.2997 0.3335 0.3702 0.4077 0.4419 0.4658 0.4760 0.4754 0.4667 0.4506 0.4270 0.3955 0.3551 0.3054 0.2480 0.1927 0.1616 0.1486 0.1415 0.1373 0.1353 0.1351 0.1366 0.1397 0.1446 0.1514 0.1601 0.1709 0.1841 0.1999 0.2186 0.2404 0.2655 0.2941 0.3261 0.3610 0.3972 0.4318 0.4590 0.4735 0.4767 0.4715 0.4592 0.4399 0.4133 0.3789 0.3367 0.2895 0.2472 0.2289 0.2472 0.2895 0.3367 0.3789 0.4133 0.4399 0.4592 0.4715 0.4767 0.4735 0.4590 0.4318 0.3972 0.3610 0.3261 0.2941 0.2655 0.2404 0.2186 0.1999 0.1841 0.1709 0.1601 0.1514 0.1446 0.1397 0.1366 0.1351 0.1353 0.1373 0.1415 0.1486 0.1616 0.1927 0.2480 0.3054 0.3551 0.3955 0.4270 0.4506 0.4667 0.4754 0.4760 0.4658 0.4419 0.4077 0.3702 0.3335 0.2997 0.2682
0.2976 0.3322 0.3688 0.4064 0.4408 0.4652 0.4758 0.4755 0.4670 0.4511 0.4276 0.3961 0.3557 0.3058 0.2483 0.1927 0.1615 0.1485 0.1414 0.1373 0.1353 0.1351 0.1366 0.1398 0.1448 0.1516 0.1604 0.1713 0.1846 0.2006 0.2193 0.2413 0.2665 0.2953 0.3274 0.3624 0.3986 0.4330 0.4598 0.4738 0.4766 0.4712 0.4586 0.4390 0.4121 0.3772 0.3337 0.2826 0.2301 0.1918 0.1795 0.1918 0.2301 0.2826 0.3337 0.3772 0.4121 0.4390 0.4586 0.4712 0.4766 0.4738 0.4598 0.4330 0.3986 0.3624 0.3274 0.2953 0.2665 0.2413 0.2193 0.2006 0.1846 0.1713 0.1604 0.1516 0.1448 0.1398 0.1366 0.1351 0.1353 0.1373 0.1414 0.1485 0.1615 0.1927 0.2483 0.3058 0.3557 0.3961 0.4276 0.4511 0.4670 0.4755 0.4758 0.4652 0.4408 0.4064 0.3688 0.3322 0.2976
0.3306 0.3675 0.4050 0.4397 0.4646 0.4757 0.4757 0.4674 0.4516 0.4283 0.3969 0.3566 0.3067 0.2490 0.1931 0.1616 0.1485 0.1414 0.1372 0.1352 0.1351 0.1367 0.1399 0.1449 0.1518 0.1606 0.1717 0.1851 0.2011 0.2200 0.2421 0.2675 0.2964 0.3287 0.3637 0.4000 0.4342 0.4606 0.4741 0.4766 0.4708 0.4580 0.4381 0.4109 0.3756 0.3316 0.2791 0.2229 0.1796 0.1611 0.1563 0.1611 0.1796 0.2229 0.2791 0.3316 0.3756 0.4109 0.4381 0.4580 0.4708 0.4766 0.4741 0.4606 0.4342 0.4000 0.3637 0.3287 0.2964 0.2675 0.2421 0.2200 0.2011 0.1851 0.1717 0.1606 0.1518 0.1449 0.1399 0.1367 0.1351 0.1352 0.1372 0.1414 0.1485 0.1616 0.1931 0.2490 0.3067 0.3566 0.3969 0.4283 0.4516 0.4674 0.4757 0.4757 0.4646 0.4397 0.4050 0.3675 0.3306
0.3667 0.4037 0.4386 0.4640 0.4755 0.4758 0.4678 0.4523 0.4291 0.3979 0.3577 0.3080 0.2501 0.1938 0.1618 0.1486 0.1414 0.1372 0.1352 0.1351 0.1367 0.1400 0.1450 0.1519 0.1609 0.1720 0.1855 0.2016 0.2207 0.2428 0.2684 0.2975 0.3299 0.3650 0.4013 0.4353 0.4613 0.4744 0.4765 0.4705 0.4574 0.4373 0.4098 0.3741 0.3297 0.2766 0.2193 0.1754 0.1560 0.1482 0.1457 0.1482 0.1560 0.1754 0.2193 0.2766 0.3297 0.3741 0.4098 0.4373 0.4574 0.4705 0.4765 0.4744 0.4613 0.4353 0.4013 0.3650 0.3299 0.2975 0.2684 0.2428 0.2207 0.2016 0.1855 0.1720 0.1609 0.1519 0.1450 0.1400 0.1367 0.1351 0.1352 0.1372 0.1414 0.1486 0.1618 0.1938 0.2501 0.3080 0.3577 0.3979 0.4291 0.4523 0.4678 0.4758 0.4755 0.4640 0.4386 0.4037 0.3667
0.4044 0.4374 0.4633 0.4753 0.4759 0.4682 0.4529 0.4301 0.3990 0.3591 0.3095 0.2517 0.1948 0.1622 0.1487 0.1415 0.1373 0.1352 0.1351 0.1367 0.1400 0.1451 0.1520 0.1610 0.1722 0.1858 0.2020 0.2212 0.2435 0.2692 0.2984 0.3310 0.3663 0.4026 0.4365 0.4620 0.4746 0.4764 0.4701 0.4567 0.4364 0.4086 0.3727 0.3278 0.2744 0.2168 0.1734 0.1543 0.1456 0.1410 0.1396 0.1410 0.1456 0.1543 0.1734 0.2168 0.2744 0.3278 0.3727 0.4086 0.4364 0.4567 0.4701 0.4764 0.4746 0.4620 0.4365 0.4026 0.3663 0.3310 0.2984 0.2692 0.2435 0.2212 0.2020 0.1858 0.1722 0.1610 0.1520 0.1451 0.1400 0.1367 0.1351 0.1352 0.1373 0.1415 0.1487 0.1622 0.1948 0.2517 0.3095 0.3591 0.3990 0.4301 0.4529 0.4682 0.4759 0.4753 0.4633 0.4374 0.4044
0.4405 0.4626 0.4751 0.4761 0.4686 0.4536 0.4310 0.4003 0.3605 0.3112 0.2535 0.1961 0.1627 0.1489 0.1416 0.1373 0.1353 0.1351 0.1367 0.1400 0.1451 0.1521 0.1611 0.1724 0.1860 0.2024 0.2216 0.2441 0.2700 0.2993 0.3320 0.3674 0.4037 0.4375 0.4627 0.4749 0.4763 0.4697 0.4561 0.4355 0.4074 0.3711 0.3260 0.2722 0.2147 0.1721 0.1534 0.1446 0.1395 0.1369 0.1362 0.1369 0.1395 0.1446 0.1534 0.1721 0.2147 0.2722 0.3260 0.3711 0.4074 0.4355 0.4561 0.4697 0.4763 0.4749 0.4627 0.4375 0.4037 0.3674 0.3320 0.2993 0.2700 0.2441 0.2216 0.2024 0.1860 0.1724 0.1611 0.1521 0.1451 0.1400 0.1367 0.1351 0.1353 0.1373 0.1416 0.1489 0.1627 0.1961 0.2535 0.3112 0.3605 0.4003 0.4310 0.4536 0.4686 0.4761 0.4751 0.4626 0.4405
0.4690 0.4748 0.4762 0.4690 0.4543 0.4320 0.4015 0.3621 0.3130 0.2554 0.1977 0.1633 0.1492 0.1417 0.1374 0.1353 0.1351 0.1367 0.1400 0.1451 0.1521 0.1612 0.1725 0.1862 0.2026 0.2220 0.2445 0.2705 0.3000 0.3329 0.3684 0.4048 0.4385 0.4633 0.4751 0.4762 0.4694 0.4555 0.4346 0.4062 0.3696 0.3241 0.2701 0.2126 0.1710 0.1529 0.1441 0.1390 0.1362 0.1351 0.1348 0.1351 0.1362 0.1390 0.1441 0.1529 0.1710 0.2126 0.2701 0.3241 0.3696 0.4062 0.4346 0.4555 0.4694 0.4762 0.4751 0.4633 0.4385 0.4048 0.3684 0.3329 0.3000 0.2705 0.2445 0.2220 0.2026 0.1862 0.1725 0.1612 0.1521 0.1451 0.1400 0.1367 0.1351 0.1353 0.1374 0.1417 0.1492 0.1633 0.1977 0.2554 0.3130 0.3621 0.4015 0.4320 0.4543 0.4690 0.4762 0.4748 0.4690
0.4838 0.4763 0.4694 0.4549 0.4329 0.4028 0.3637 0.3150 0.2575 0.1994 0.1640 0.1495 0.1419 0.1375 0.1353 0.1351 0.1366 0.1399 0.1450 0.1520 0.1611 0.1725 0.1862 0.2027 0.2222 0.2449 0.2710 0.3006 0.3336 0.3692 0.4057 0.4393 0.4638 0.4753 0.4761 0.4690 0.4549 0.4337 0.4050 0.3681 0.3222 0.2679 0.2105 0.1700 0.1525 0.1438 0.1387 0.1359 0.1349 0.1351 0.1354 0.1351 0.1349 0.1359 0.1387 0.1438 0.1525 0.1700 0.2105 0.2679 0.3222 0.3681 0.4050 0.4337 0.4549 0.4690 0.4761 0.4753 0.4638 0.4393 0.4057 0.3692 0.3336 0.3006 0.2710 0.2449 0.2222 0.2027 0.1862 0.1725 0.1611 0.1520 0.1450 0.1399 0.1366 0.1351 0.1353 0.1375 0.1419 0.1495 0.1640 0.1994 0.2575 0.3150 0.3637 0.4028 0.4329 0.4549 0.4694 0.4763 0.4838
0.4863 0.4698 0.4556 0.4338 0.4040 0.3653 0.3169 0.2597 0.2012 0.1648 0.1498 0.1421 0.1376 0.1353 0.1351 0.1366 0.1398 0.1449 0.1519 0.1610 0.1724 0.1862 0.2027 0.2222 0.2450 0.2712 0.3010 0.3341 0.3698 0.4064 0.4400 0.4643 0.4754 0.4760 0.4687 0.4543 0.4329 0.4039 0.3666 0.3204 0.2658 0.2086 0.1690 0.1520 0.1436 0.1386 0.1358 0.1349 0.1355 0.1369 0.1377 0.1369 0.1355 0.1349 0.1358 0.1386 0.1436 0.1520 0.1690 0.2086 0.2658 0.3204 0.3666 0.4039 0.4329 0.4543 0.4687 0.4760 0.4754 0.4643 0.4400 0.4064 0.3698 0.3341 0.3010 0.2712 0.2450 0.2222 0.2027 0.1862 0.1724 0.1610 0.1519 0.1449 0.1398 0.1366 0.1351 0.1353 0.1376 0.1421 0.1498 0.1648 0.2012 0.2597 0.3169 0.3653 0.4040 0.4338 0.4556 0.4698 0.4863
0.4800 0.4562 0.4348 0.4052 0.3668 0.3188 0.2619 0.2031 0.1656 0.1502 0.1423 0.1377 0.1354 0.1350 0.1365 0.1397 0.1448 0.1518 0.1609 0.1722 0.1860 0.2026 0.2222 0.2450 0.2713 0.3012 0.3345 0.3703 0.4070 0.4405 0.4646 0.4755 0.4759 0.4684 0.4538 0.4321 0.4028 0.3652 0.3186 0.2637 0.2066 0.1681 0.1516 0.1433 0.1384 0.1358 0.1349 0.1358 0.1379 0.1405 0.1419 0.1405 0.1379 0.1358 0.1349 0.1358 0.1384 0.1433 0.1516 0.1681 0.2066 0.2637 0.3186 0.3652 0.4028 0.4321 0.4538 0.4684 0.4759 0.4755 0.4646 0.4405 0.4070 0.3703 0.3345 0.3012 0.2713 0.2450 0.2222 0.2026 0.1860 0.1722 0.1609 0.1518 0.1448 0.1397 0.1365 0.1350 0.1354 0.1377 0.1423 0.1502 0.1656 0.2031 0.2619 0.3188 0.3668 0.4052 0.4348 0.4562 0.4800
0.4664 0.4356 0.4064 0.3684 0.3207 0.2641 0.2050 0.1664 0.1505 0.1425 0.1378 0.1354 0.1350 0.1364 0.1396 0.1446 0.1516 0.1606 0.1720 0.1858 0.2024 0.2220 0.2449 0.2712 0.3012 0.3346 0.3706 0.4073 0.4409 0.4649 0.4756 0.4758 0.4681 0.4533 0.4314 0.4019 0.3640 0.3170 0.2618 0.2048 0.1672 0.1512 0.1431 0.1383 0.1357 0.1350 0.1359 0.1384 0.1421 0.1461 0.1480 0.1461 0.1421 0.1384 0.1359 0.1350 0.1357 0.1383 0.1431 0.1512 0.1672 0.2048 0.2618 0.3170 0.3640 0.4019 0.4314 0.4533 0.4681 0.4758 0.4756 0.4649 0.4409 0.4073 0.3706 0.3346 0.3012 0.2712 0.2449 0.2220 0.2024 0.1858 0.1720 0.1606 0.1516 0.1446 0.1396 0.1364 0.1350 0.1354 0.1378 0.1425 0.1505 0.1664 0.2050 0.2641 0.3207 0.3684 0.4064 0.4356 0.4664
0.4454 0.4076 0.3699 0.3226 0.2662 0.2070 0.1673 0.1509 0.1427 0.1379 0.1355 0.1350 0.1363 0.1395 0.1444 0.1514 0.1604 0.1717 0.1855 0.2020 0.2216 0.2445 0.2710 0.3010 0.3345 0.3706 0.4074 0.4411 0.4650 0.4757 0.4758 0.4679 0.4530 0.4309 0.4011 0.3628 0.3156 0.2601 0.2033 0.1664 0.1509 0.1429 0.1381 0.1356 0.1350 0.1360 0.1386 0.1428 0.1482 0.1536 0.1561 0.1536 0.1482 0.1428 0.1386 0.1360 0.1350 0.1356 0.1381 0.1429 0.1509 0.1664 0.2033 0.2601 0.3156 0.3628 0.4011 0.4309 0.4530 0.4679 0.4758 0.4757 0.4650 0.4411 0.4074 0.3706 0.3345 0.3010 0.2710 0.2445 0.2216 0.2020 0.1855 0.1717 0.1604 0.1514 0.1444 0.1395 0.1363 0.1350 0.1355 0.1379 0.1427 0.1509 0.1673 0.2070 0.2662 0.3226 0.3699 0.4076 0.4454
0.4167 0.3714 0.3245 0.2683 0.2089 0.1682 0.1513 0.1429 0.1380 0.1355 0.1350 0.1363 0.1393 0.1442 0.1511 0.1601 0.1713 0.1851 0.2016 0.2212 0.2441 0.2705 0.3006 0.3341 0.3703 0.4073 0.4411 0.4651 0.4757 0.4757 0.4678 0.4527 0.4304 0.4004 0.3619 0.3143 0.2586 0.2019 0.1658 0.1506 0.1427 0.1380 0.1356 0.1350 0.1361 0.1388 0.1432 0.1492 0.1564 0.1633 0.1665 0.1633 0.1564 0.1492 0.1432 0.1388 0.1361 0.1350 0.1356 0.1380 0.1427 0.1506 0.1658 0.2019 0.2586 0.3143 0.3619 0.4004 0.4304 0.4527 0.4678 0.4757 0.4757 0.4651 0.4411 0.4073 0.3703 0.3341 0.3006 0.2705 0.2441 0.2212 0.2016 0.1851 0.1713 0.1601 0.1511 0.1442 0.1393 0.1363 0.1350 0.1355 0.1380 0.1429 0.1513 0.1682 0.2089 0.2683 0.3245 0.3714 0.4167
0.3796 0.3263 0.2705 0.2109 0.1692 0.1517 0.1432 0.1382 0.1356 0.1350 0.1362 0.1392 0.1440 0.1508 0.1597 0.1709 0.1846 0.2011 0.2207 0.2435 0.2700 0.3000 0.3336 0.3698 0.4070 0.4409 0.4650 0.4757 0.4757 0.4677 0.4526 0.4301 0.3999 0.3612 0.3133 0.2573 0.2006 0.1652 0.1503 0.1425 0.1379 0.1355 0.1350 0.1361 0.1389 0.1434 0.1497 0.1576 0.1668 0.1754 0.1793 0.1754 0.1668 0.1576 0.1497 0.1434 0.1389 0.1361 0.1350 0.1355 0.1379 0.1425 0.1503 0.1652 0.2006 0.2573 0.3133 0.3612 0.3999 0.4301 0.4526 0.4677 0.4757 0.4757 0.4650 0.4409 0.4070 0.3698 0.3336 0.3000 0.2700 0.2435 0.2207 0.2011 0.1846 0.1709 0.1597 0.1508 0.1440 0.1392 0.1362 0.1350 0.1356 0.1382 0.1432 0.1517 0.1692 0.2109 0.2705 0.3263 0.3796
0.3332 0.2726 0.2130 0.1701 0.1521 0.1434 0.1383 0.1356 0.1350 0.1361 0.1390 0.1438 0.1506 0.1594 0.1705 0.1841 0.2006 0.2200 0.2428 0.2692 0.2993 0.3329 0.3692 0.4064 0.4405 0.4649 0.4757 0.4757 0.4677 0.4525 0.4300 0.3996 0.3607 0.3125 0.2563 0.1997 0.1647 0.1501 0.1424 0.1378 0.1355 0.1350 0.1362 0.1391 0.1436 0.1500 0.1583 0.1683 0.1797 0.1901 0.1949 0.1901 0.1797 0.1683 0.1583 0.1500 0.1436 0.1391 0.1362 0.1350 0.1355 0.1378 0.1424 0.1501 0.1647 0.1997 0.2563 0.3125 0.3607 0.3996 0.4300 0.4525 0.4677 0.4757 0.4757 0.4649 0.4405 0.4064 0.3692 0.3329 0.2993 0.2692 0.2428 0.2200 0.2006 0.1841 0.1705 0.1594 0.1506 0.1438 0.1390 0.1361 0.1350 0.1356 0.1383 0.1434 0.1521 0.1701 0.2130 0.2726 0.3332
0.2780 0.2150 0.1712 0.1525 0.1436 0.1384 0.1357 0.1350 0.1360 0.1389 0.1436 0.1503 0.1590 0.1701 0.1836 0.1999 0.2193 0.2421 0.2684 0.2984 0.3320 0.3684 0.4057 0.4400 0.4646 0.4756 0.4758 0.4678 0.4526 0.4300 0.3996 0.3604 0.3121 0.2557 0.1990 0.1643 0.1499 0.1423 0.1378 0.1355 0.1350 0.1362 0.1392 0.1438 0.1503 0.1587 0.1691 0.1815 0.1952 0.2077 0.2134 0.2077 0.1952 0.1815 0.1691 0.1587 0.1503 0.1438 0.1392 0.1362 0.1350 0.1355 0.1378 0.1423 0.1499 0.1643 0.1990 0.2557 0.3121 0.3604 0.3996 0.4300 0.4526 0.4678 0.4758 0.4756 0.4646 0.4400 0.4057 0.3684 0.3320 0.2984 0.2684 0.2421 0.2193 0.1999 0.1836 0.1701 0.1590 0.1503 0.1436 0.1389 0.1360 0.1350 0.1357 0.1384 0.1436 0.1525 0.1712 0.2150 0.2780
0.2187 0.1722 0.1530 0.1439 0.1386 0.1358 0.1350 0.1360 0.1388 0.1434 0.1500 0.1587 0.1696 0.1831 0.1993 0.2186 0.2413 0.2675 0.2975 0.3310 0.3674 0.4048 0.4393 0.4643 0.4755 0.4758 0.4679 0.4527 0.4301 0.3996 0.3604 0.3120 0.2553 0.1986 0.1641 0.1497 0.1422 0.1377 0.1354 0.1350 0.1363 0.1393 0.1440 0.1505 0.1590 0.1696 0.1824 0.1974 0.2138 0.2286 0.2353 0.2286 0.2138 0.1974 0.1824 0.1696 0.1590 0.1505 0.1440 0.1393 0.1363 0.1350 0.1354 0.1377 0.1422 0.1497 0.1641 0.1986 0.2553 0.3120 0.3604 0.3996 0.4301 0.4527 0.4679 0.4758 0.4755 0.4643 0.4393 0.4048 0.3674 0.3310 0.2975 0.2675 0.2413 0.2186 0.1993 0.1831 0.1696 0.1587 0.1500 0.1434 0.1388 0.1360 0.1350 0.1358 0.1386 0.1439 0.1530 0.1722 0.2187
0.1744 0.1534 0.1441 0.1387 0.1358 0.1350 0.1359 0.1386 0.1432 0.1497 0.1583 0.1692 0.1825 0.1987 0.2178 0.2404 0.2665 0.2964 0.3299 0.3663 0.4037 0.4385 0.4638 0.4754 0.4759 0.4681 0.4530 0.4304 0.3999 0.3607 0.3121 0.2553 0.1984 0.1640 0.1497 0.1421 0.1376 0.1354 0.1350 0.1363 0.1394 0.1441 0.1507 0.1593 0.1700 0.1830 0.1985 0.2163 0.2356 0.2529 0.2607 0.2529 0.2356 0.2163 0.1985 0.1830 0.1700 0.1593 0.1507 0.1441 0.1394 0.1363 0.1350 0.1354 0.1376 0.1421 0.1497 0.1640 0.1984 0.2553 0.3121 0.3607 0.3999 0.4304 0.4530 0.4681 0.4759 0.4754 0.4638 0.4385 0.4037 0.3663 0.3299 0.2964 0.2665 0.2404 0.2178 0.1987 0.1825 0.1692 0.1583 0.1497 0.1432 0.1386 0.1359 0.1350 0.1358 0.1387 0.1441 0.1534 0.1744
0.1547 0.1444 0.1389 0.1359 0.1349 0.1358 0.1385 0.1430 0.1495 0.1580 0.1687 0.1820 0.1980 0.2171 0.2395 0.2655 0.2953 0.3287 0.3650 0.4026 0.4375 0.4633 0.4753 0.4760 0.4684 0.4533 0.4309 0.4004 0.3612 0.3125 0.2557 0.1986 0.1640 0.1496 0.1421 0.1376 0.1354 0.1350 0.1364 0.1394 0.1442 0.1509 0.1595 0.1703 0.1834 0.1991 0.2175 0.2385 0.2609 0.2809 0.2899 0.2809 0.2609 0.2385 0.2175 0.1991 0.1834 0.1703 0.1595 0.1509 0.1442 0.1394 0.1364 0.1350 0.1354 0.1376 0.1421 0.1496 0.1640 0.1986 0.2557 0.3125 0.3612 0.4004 0.4309 0.4533 0.4684 0.4760 0.4753 0.4633 0.4375 0.4026 0.3650 0.3287 0.2953 0.2655 0.2395 0.2171 0.1980 0.1820 0.1687 0.1580 0.1495 0.1430 0.1385 0.1358 0.1349 0.1359 0.1389 0.1444 0.1547
0.1450 0.1390 0.1360 0.1350 0.1358 0.1384 0.1428 0.1492 0.1576 0.1683 0.1815 0.1974 0.2164 0.2387 0.2645 0.2941 0.3274 0.3637 0.4013 0.4365 0.4627 0.4751 0.4761 0.4687 0.4538 0.4314 0.4011 0.3619 0.3133 0.2563 0.1990 0.1641 0.1497 0.1421 0.1376 0.1354 0.1350 0.1364 0.1395 0.1443 0.1510 0.1597 0.1705 0.1838 0.1996 0.2183 0.2399 0.2643 0.2900 0.3127 0.3228 0.3127 0.2900 0.2643 0.2399 0.2183 0.1996 0.1838 0.1705 0.1597 0.1510 0.1443 0.1395 0.1364 0.1350 0.1354 0.1376 0.1421 0.1497 0.1641 0.1990 0.2563 0.3133 0.3619 0.4011 0.4314 0.4538 0.4687 0.4761 0.4751 0.4627 0.4365 0.4013 0.3637 0.3274 0.2941 0.2645 0.2387 0.2164 0.1974 0.1815 0.1683 0.1576 0.1492 0.1428 0.1384 0.1358 0.1350 0.1360 0.1390 0.1450
0.1393 0.1360 0.1350 0.1357 0.1383 0.1426 0.1489 0.1573 0.1679 0.1810 0.1968 0.2156 0.2378 0.2635 0.2930 0.3261 0.3624 0.4000 0.4353 0.4620 0.4749 0.4762 0.4690 0.4543 0.4321 0.4019 0.3628 0.3143 0.2573 0.1997 0.1643 0.1497 0.1421 0.1376 0.1354 0.1350 0.1364 0.1395 0.1444 0.1511 0.1599 0.1708 0.1841 0.2000 0.2188 0.2407 0.2658 0.2937 0.3227 0.3479 0.3589 0.3479 0.3227 0.2937 0.2658 0.2407 0.2188 0.2000 0.1841 0.1708 0.1599 0.1511 0.1444 0.1395 0.1364 0.1350 0.1354 0.1376 0.1421 0.1497 0.1643 0.1997 0.2573 0.3143 0.3628 0.4019 0.4321 0.4543 0.4690 0.4762 0.4749 0.4620 0.4353 0.4000 0.3624 0.3261 0.2930 0.2635 0.2378 0.2156 0.1968 0.1810 0.1679 0.1573 0.1489 0.1426 0.1383 0.1357 0.1350 0.1360 0.1393
0.1360 0.1350 0.1357 0.1381 0.1424 0.1487 0.1569 0.1675 0.1805 0.1962 0.2149 0.2369 0.2626 0.2919 0.3249 0.3610 0.3986 0.4342 0.4613 0.4746 0.4763 0.4694 0.4549 0.4329 0.4028 0.3640 0.3156 0.2586 0.2006 0.1647 0.1499 0.1422 0.1376 0.1354 0.1350 0.1364 0.1395 0.1444 0.1512 0.1600 0.1710 0.1843 0.2004 0.2193 0.2413 0.2667 0.2954 0.3268 0.3586 0.3853 0.3967 0.3853 0.3586 0.3268 0.2954 0.2667 0.2413 0.2193 0.2004 0.1843 0.1710 0.1600 0.1512 0.1444 0.1395 0.1364 0.1350 0.1354 0.1376 0.1422 0.1499 0.1647 0.2006 0.2586 0.3156 0.3640 0.4028 0.4329 0.4549 0.4694 0.4763 0.4746 0.4613 0.4342 0.3986 0.3610 0.3249 0.2919 0.2626 0.2369 0.2149 0.1962 0.1805 0.1675 0.1569 0.1487 0.1424 0.1381 0.1357 0.1350 0.1360
0.1347 0.1356 0.1380 0.1423 0.1484 0.1566 0.1670 0.1799 0.1956 0.2142 0.2361 0.2615 0.2908 0.3237 0.3597 0.3972 0.4330 0.4606 0.4744 0.4764 0.4697 0.4555 0.4337 0.4039 0.3652 0.3170 0.2601 0.2019 0.1652 0.1501 0.1423 0.1377 0.1354 0.1350 0.1364 0.1395 0.1444 0.1512 0.1600 0.1711 0.1845 0.2006 0.2196 0.2418 0.2674 0.2964 0.3286 0.3628 0.3961 0.4223 0.4327 0.4223 0.3961 0.3628 0.3286 0.2964 0.2674 0.2418 0.2196 0.2006 0.1845 0.1711 0.1600 0.1512 0.1444 0.1395 0.1364 0.1350 0.1354 0.1377 0.1423 0.1501 0.1652 0.2019 0.2601 0.3170 0.3652 0.4039 0.4337 0.4555 0.4697 0.4764 0.4744 0.4606 0.4330 0.3972 0.3597 0.3237 0.2908 0.2615 0.2361 0.2142 0.1956 0.1799 0.1670 0.1566 0.1484 0.1423 0.1380 0.1356 0.1347
0.1352 0.1379 0.1421 0.1482 0.1563 0.1666 0.1794 0.1949 0.2134 0.2352 0.2606 0.2896 0.3224 0.3583 0.3959 0.4318 0.4598 0.4741 0.4765 0.4701 0.4561 0.4346 0.4050 0.3666 0.3186 0.2618 0.2033 0.1658 0.1503 0.1424 0.1378 0.1354 0.1350 0.1364 0.1395 0.1444 0.1512 0.1600 0.1711 0.1846 0.2008 0.2198 0.2421 0.2678 0.2970 0.3296 0.3647 0.4002 0.4319 0.4533 0.4605 0.4533 0.4319 0.4002 0.3647 0.3296 0.2970 0.2678 0.2421 0.2198 0.2008 0.1846 0.1711 0.1600 0.1512 0.1444 0.1395 0.1364 0.1350 0.1354 0.1378 0.1424 0.1503 0.1658 0.2033 0.2618 0.3186 0.3666 0.4050 0.4346 0.4561 0.4701 0.4765 0.4741 0.4598 0.4318 0.3959 0.3583 0.3224 0.2896 0.2606 0.2352 0.2134 0.1949 0.1794 0.1666 0.1563 0.1482 0.1421 0.1379 0.1352
0.1373 0.1419 0.1479 0.1559 0.1662 0.1789 0.1943 0.2127 0.2344 0.2596 0.2885 0.3212 0.3570 0.3946 0.4306 0.4590 0.4738 0.4766 0.4705 0.4567 0.4355 0.4062 0.3681 0.3204 0.2637 0.2048 0.1664 0.1506 0.1425 0.1378 0.1355 0.1350 0.1363 0.1394 0.1443 0.1511 0.1600 0.1711 0.1846 0.2008 0.2200 0.2423 0.2681 0.2975 0.3302 0.3656 0.4019 0.4354 0.4598 0.4715 0.4744 0.4715 0.4598 0.4354 0.4019 0.3656 0.3302 0.2975 0.2681 0.2423 0.2200 0.2008 0.1846 0.1711 0.1600 0.1511 0.1443 0.1394 0.1363 0.1350 0.1355 0.1378 0.1425 0.1506 0.1664 0.2048 0.2637 0.3204 0.3681 0.4062 0.4355 0.4567 0.4705 0.4766 0.4738 0.4590 0.4306 0.3946 0.3570 0.3212 0.2885 0.2596 0.2344 0.2127 0.1943 0.1789 0.1662 0.1559 0.1479 0.1419 0.1373
0.1411 0.1477 0.1556 0.1658 0.1784 0.1937 0.2120 0.2335 0.2586 0.2874 0.3199 0.3556 0.3932 0.4294 0.4582 0.4735 0.4766 0.4708 0.4574 0.4364 0.4074 0.3696 0.3222 0.2658 0.2066 0.1672 0.1509 0.1427 0.1379 0.1355 0.1350 0.1363 0.1394 0.1442 0.1510 0.1599 0.1710 0.1845 0.2008 0.2200 0.2424 0.2683 0.2978 0.3306 0.3662 0.4028 0.4367 0.4619 0.4741 0.4768 0.4764 0.4768 0.4741 0.4619 0.4367 0.4028 0.3662 0.3306 0.2978 0.2683 0.2424 0.2200 0.2008 0.1845 0.1710 0.1599 0.1510 0.1442 0.1394 0.1363 0.1350 0.1355 0.1379 0.1427 0.1509 0.1672 0.2066 0.2658 0.3222 0.3696 0.4074 0.4364 0.4574 0.4708 0.4766 0.4735 0.4582 0.4294 0.3932 0.3556 0.3199 0.2874 0.2586 0.2335 0.2120 0.1937 0.1784 0.1658 0.1556 0.1477 0.1411
0.1466 0.1553 0.1654 0.1779 0.1931 0.2113 0.2327 0.2576 0.2863 0.3187 0.3543 0.3918 0.4282 0.4574 0.4732 0.4767 0.4712 0.4580 0.4373 0.4086 0.3711 0.3241 0.2679 0.2086 0.1681 0.1512 0.1429 0.1380 0.1355 0.1350 0.1362 0.1393 0.1441 0.1509 0.1597 0.1708 0.1843 0.2006 0.2198 0.2423 0.2683 0.2979 0.3308 0.3665 0.4033 0.4374 0.4627 0.4748 0.4765 0.4727 0.4698 0.4727 0.4765 0.4748 0.4627 0.4374 0.4033 0.3665 0.3308 0.2979 0.2683 0.2423 0.2198 0.2006 0.1843 0.1708 0.1597 0.1509 0.1441 0.1393 0.1362 0.1350 0.1355 0.1380 0.1429 0.1512 0.1681 0.2086 0.2679 0.3241 0.3711 0.4086 0.4373 0.4580 0.4712 0.4767 0.4732 0.4574 0.4282 0.3918 0.3543 0.3187 0.2863 0.2576 0.2327 0.2113 0.1931 0.1779 0.1654 0.1553 0.1466
0.1541 0.1650 0.1774 0.1925 0.2106 0.2319 0.2567 0.2852 0.3175 0.3530 0.3905 0.4269 0.4565 0.4729 0.4767 0.4715 0.4586 0.4381 0.4098 0.3727 0.3260 0.2701 0.2105 0.1690 0.1516 0.1431 0.1381 0.1356 0.1350 0.1362 0.1392 0.1440 0.1507 0.1595 0.1706 0.1841 0.2004 0.2196 0.2421 0.2681 0.2978 0.3308 0.3667 0.4035 0.4377 0.4630 0.4750 0.4763 0.4704 0.4610 0.4557 0.4610 0.4704 0.4763 0.4750 0.4630 0.4377 0.4035 0.3667 0.3308 0.2978 0.2681 0.2421 0.2196 0.2004 0.1841 0.1705 0.1595 0.1507 0.1440 0.1392 0.1362 0.1350 0.1356 0.1381 0.1431 0.1516 0.1690 0.2105 0.2701 0.3260 0.3727 0.4098 0.4381 0.4586 0.4715 0.4767 0.4729 0.4565 0.4269 0.3905 0.3530 0.3175 0.2852 0.2567 0.2319 0.2106 0.1925 0.1774 0.1650 0.1541
0.1636 0.1770 0.1919 0.2099 0.2311 0.2557 0.2841 0.3162 0.3517 0.3891 0.4257 0.4557 0.4726 0.4768 0.4718 0.4592 0.4390 0.4109 0.3741 0.3278 0.2722 0.2126 0.1700 0.1520 0.1433 0.1383 0.1356 0.1350 0.1361 0.1391 0.1438 0.1505 0.1593 0.1703 0.1838 0.2000 0.2193 0.2418 0.2678 0.2975 0.3306 0.3665 0.4035 0.4378 0.4631 0.4751 0.4762 0.4694 0.4568 0.4420 0.4343 0.4420 0.4568 0.4694 0.4762 0.4751 0.4631 0.4378 0.4035 0.3665 0.3306 0.2975 0.2678 0.2418 0.2193 0.2000 0.1838 0.1703 0.1593 0.1505 0.1438 0.1391 0.1361 0.1350 0.1356 0.1383 0.1433 0.1520 0.1700 0.2126 0.2722 0.3278 0.3741 0.4109 0.4390 0.4592 0.4718 0.4768 0.4726 0.4557 0.4257 0.3891 0.3517 0.3162 0.2841 0.2557 0.2311 0.2099 0.1919 0.1770 0.1636
0.1753 0.1914 0.2092 0.2302 0.2548 0.2830 0.3150 0.3503 0.3878 0.4245 0.4548 0.4722 0.4768 0.4721 0.4598 0.4399 0.4121 0.3756 0.3297 0.2744 0.2147 0.1710 0.1525 0.1436 0.1384 0.1357 0.1350 0.1361 0.1389 0.1436 0.1503 0.1590 0.1700 0.1834 0.1996 0.2188 0.2413 0.2674 0.2970 0.3302 0.3662 0.4033 0.4377 0.4631 0.4751 0.4761 0.4691 0.4552 0.4358 0.4154 0.4050 0.4154 0.4358 0.4552 0.4691 0.4761 0.4751 0.4631 0.4377 0.4033 0.3662 0.3302 0.2970 0.2674 0.2413 0.2188 0.1996 0.1834 0.1700 0.1590 0.1503 0.1436 0.1389 0.1361 0.1350 0.1357 0.1384 0.1436 0.1525 0.1710 0.2147 0.2744 0.3297 0.3756 0.4121 0.4399 0.4598 0.4721 0.4768 0.4722 0.4548 0.4245 0.3878 0.3503 0.3150 0.2830 0.2548 0.2302 0.2092 0.1914 0.1753
0.1894 0.2084 0.2293 0.2537 0.2819 0.3137 0.3489 0.3863 0.4231 0.4539 0.4718 0.4768 0.4725 0.4604 0.4408 0.4133 0.3772 0.3316 0.2766 0.2168 0.1721 0.1529 0.1438 0.1386 0.1358 0.1350 0.1360 0.1388 0.1434 0.1500 0.1587 0.1696 0.1830 0.1991 0.2183 0.2407 0.2667 0.2964 0.3296 0.3656 0.4028 0.4374 0.4630 0.4751 0.4761 0.4690 0.4547 0.4337 0.4073 0.3804 0.3673 0.3804 0.4073 0.4337 0.4547 0.4690 0.4761 0.4751 0.4630 0.4374 0.4028 0.3656 0.3296 0.2964 0.2667 0.2407 0.2183 0.1991 0.1830 0.1696 0.1587 0.1500 0.1434 0.1388 0.1360 0.1350 0.1358 0.1386 0.1438 0.1529 0.1721 0.2168 0.2766 0.3316 0.3772 0.4133 0.4408 0.4604 0.4725 0.4768 0.4718 0.4539 0.4231 0.3863 0.3489 0.3137 0.2819 0.2537 0.2293 0.2084 0.1894
0.2061 0.2283 0.2525 0.2805 0.3122 0.3473 0.3847 0.4216 0.4527 0.4713 0.4768 0.4728 0.4610 0.4418 0.4147 0.3789 0.3337 0.2791 0.2193 0.1734 0.1534 0.1441 0.1387 0.1358 0.1349 0.1359 0.1386 0.1432 0.1497 0.1583 0.1691 0.1824 0.1985 0.2175 0.2399 0.2658 0.2954 0.3286 0.3647 0.4019 0.4367 0.4627 0.4750 0.4762 0.4691 0.4547 0.4332 0.4046 0.3704 0.3368 0.3206 0.3368 0.3704 0.4046 0.4332 0.4547 0.4691 0.4762 0.4750 0.4627 0.4367 0.4019 0.3647 0.3286 0.2954 0.2658 0.2399 0.2175 0.1985 0.1824 0.1691 0.1583 0.1497 0.1432 0.1386 0.1359 0.1349 0.1358 0.1387 0.1441 0.1534 0.1734 0.2193 0.2791 0.3337 0.3789 0.4147 0.4418 0.4610 0.4728 0.4768 0.4713 0.4527 0.4216 0.3847 0.3473 0.3122 0.2805 0.2525 0.2283 0.2061
0.2251 0.2506 0.2783 0.3098 0.3448 0.3821 0.4193 0.4511 0.4706 0.4768 0.4733 0.4620 0.4432 0.4165 0.3814 0.3367 0.2826 0.2229 0.1754 0.1542 0.1446 0.1390 0.1359 0.1349 0.1358 0.1384 0.1428 0.1492 0.1577 0.1683 0.1815 0.1974 0.2163 0.2385 0.2643 0.2937 0.3268 0.3628 0.4002 0.4354 0.4619 0.4748 0.4763 0.4694 0.4552 0.4337 0.4046 0.3679 0.3254 0.2854 0.2669 0.2854 0.3254 0.3679 0.4046 0.4337 0.4552 0.4694 0.4763 0.4748 0.4619 0.4354 0.4002 0.3628 0.3268 0.2937 0.2643 0.2385 0.2163 0.1974 0.1815 0.1683 0.1576 0.1492 0.1428 0.1384 0.1358 0.1349 0.1359 0.1390 0.1446 0.1543 0.1754 0.2229 0.2826 0.3367 0.3814 0.4165 0.4432 0.4620 0.4733 0.4768 0.4706 0.4511 0.4193 0.3821 0.3448 0.3098 0.2783 0.2506 0.2251
0.2452 0.2740 0.3051 0.3398 0.3771 0.4147 0.4477 0.4690 0.4766 0.4741 0.4637 0.4458 0.4201 0.3859 0.3425 0.2895 0.2301 0.1796 0.1560 0.1456 0.1395 0.1362 0.1349 0.1355 0.1379 0.1421 0.1482 0.1564 0.1668 0.1797 0.1952 0.2138 0.2356 0.2609 0.2900 0.3227 0.3586 0.3961 0.4319 0.4598 0.4741 0.4765 0.4704 0.4568 0.4358 0.4072 0.3704 0.3254 0.2757 0.2326 0.2148 0.2326 0.2757 0.3254 0.3704 0.4073 0.4358 0.4568 0.4704 0.4765 0.4741 0.4598 0.4319 0.3961 0.3586 0.3227 0.2900 0.2609 0.2356 0.2138 0.1952 0.1797 0.1668 0.1564 0.1482 0.1421 0.1379 0.1355 0.1349 0.1362 0.1395 0.1456 0.1560 0.1796 0.2301 0.2895 0.3425 0.3859 0.4201 0.4458 0.4637 0.4741 0.4766 0.4690 0.4477 0.4147 0.3771 0.3398 0.3051 0.2740 0.2452
0.2625 0.2941 0.3281 0.3651 0.4032 0.4386 0.4642 0.4756 0.4757 0.4674 0.4516 0.4282 0.3965 0.3558 0.3055 0.2472 0.1918 0.1611 0.1482 0.1410 0.1369 0.1351 0.1351 0.1369 0.1406 0.1461 0.1536 0.1633 0.1754 0.1901 0.2077 0.2286 0.2529 0.2809 0.3127 0.3479 0.3853 0.4223 0.4533 0.4715 0.4768 0.4727 0.4610 0.4420 0.4153 0.3804 0.3368 0.2854 0.2326 0.1943 0.1818 0.1943 0.2326 0.2854 0.3368 0.3804 0.4154 0.4420 0.4610 0.4727 0.4768 0.4715 0.4533 0.4223 0.3853 0.3479 0.3127 0.2809 0.2529 0.2286 0.2077 0.1901 0.1754 0.1633 0.1536 0.1461 0.1405 0.1369 0.1351 0.1351 0.1369 0.1410 0.1482 0.1611 0.1918 0.2472 0.3054 0.3558 0.3965 0.4282 0.4516 0.4674 0.4757 0.4756 0.4642 0.4386 0.4032 0.3651 0.3281 0.2941 0.2625
0.2700 0.3029 0.3381 0.3759 0.4141 0.4476 0.4691 0.4766 0.4740 0.4633 0.4452 0.4193 0.3849 0.3412 0.2880 0.2289 0.1795 0.1563 0.1457 0.1396 0.1362 0.1348 0.1354 0.1377 0.1419 0.1480 0.1561 0.1665 0.1793 0.1949 0.2134 0.2353 0.2607 0.2899 0.3228 0.3589 0.3967 0.4327 0.4605 0.4744 0.4764 0.4698 0.4557 0.4343 0.4050 0.3673 0.3206 0.2669 0.2148 0.1818 0.1724 0.1818 0.2148 0.2669 0.3206 0.3673 0.4050 0.4343 0.4557 0.4698 0.4764 0.4744 0.4605 0.4327 0.3967 0.3589 0.3228 0.2899 0.2607 0.2353 0.2134 0.1949 0.1793 0.1665 0.1561 0.1480 0.1419 0.1377 0.1354 0.1348 0.1362 0.1396 0.1457 0.1563 0.1795 0.2289 0.2880 0.3412 0.3849 0.4193 0.4452 0.4633 0.4740 0.4766 0.4691 0.4476 0.4141 0.3759 0.3381 0.3029 0.2700
0.2625 0.2941 0.3281 0.3651 0.4032 0.4386 0.4642 0.4756 0.4757 0.4674 0.4516 0.4282 0.3965 0.3558 0.3055 0.2472 0.1918 0.1611 0.1482 0.1410 0.1369 0.1351 0.1351 0.1369 0.1406 0.1461 0.1536 0.1633 0.1754 0.1901 0.2077 0.2286 0.2529 0.2809 0.3127 0.3479 0.3853 0.4223 0.4533 0.4715 0.4768 0.4727 0.4610 0.4420 0.4154 0.3804 0.3368 0.2854 0.2326 0.1943 0.1818 0.1943 0.2326 0.2854 0.3368 0.3804 0.4154 0.4420 0.4610 0.4727 0.4768 0.4715 0.4533 0.4223 0.3853 0.3479 0.3127 0.2809 0.2529 0.2286 0.2077 0.1901 0.1754 0.1633 0.1536 0.1461 0.1405 0.1369 0.1351 0.1351 0.1369 0.1410 0.1482 0.1611 0.1918 0.2472 0.3054 0.3558 0.3965 0.4282 0.4516 0.4674 0.4757 0.4756 0.4642 0.4386 0.4032 0.3651 0.3281 0.2941 0.2625
0.2452 0.2740 0.3051 0.3398 0.3771 0.4147 0.4477 0.4690 0.4766 0.4741 0.4637 0.4458 0.4201 0.3859 0.3425 0.2895 0.2301 0.1796 0.1560 0.1456 0.1395 0.1362 0.1349 0.1355 0.1379 0.1421 0.1482 0.1564 0.1668 0.1797 0.1952 0.2138 0.2356 0.2609 0.2900 0.3228 0.3586 0.3961 0.4319 0.4598 0.4741 0.4765 0.4704 0.4568 0.4358 0.4073 0.3704 0.3254 0.2757 0.2326 0.2148 0.2326 0.2757 0.3254 0.3704 0.4073 0.4358 0.4568 0.4704 0.4765 0.4741 0.4598 0.4319 0.3961 0.3586 0.3227 0.2900 0.2609 0.2356 0.2138 0.1952 0.1797 0.1668 0.1564 0.1482 0.1421 0.1379 0.1355 0.1349 0.1362 0.1395 0.1456 0.1560 0.1796 0.2301 0.2895 0.3425 0.3859 0.4201 0.4458 0.4637 0.4741 0.4766 0.4690 0.4477 0.4147 0.3771 0.3398 0.3051 0.2740 0.2452
0.2251 0.2506 0.2783 0.3098 0.3448 0.3821 0.4193 0.4511 0.4706 0.4768 0.4733 0.4620 0.4432 0.4165 0.3814 0.3367 0.2826 0.2229 0.1754 0.1542 0.1446 0.1390 0.1359 0.1349 0.1358 0.1384 0.1428 0.1492 0.1577 0.1683 0.1815 0.1974 0.2163 0.2385 0.2643 0.2937 0.3268 0.3628 0.4002 0.4354 0.4619 0.4748 0.4763 0.4694 0.4552 0.4337 0.4046 0.3679 0.3254 0.2854 0.2669 0.2854 0.3254 0.3679 0.4046 0.4337 0.4552 0.4694 0.4763 0.4748 0.4619 0.4354 0.4002 0.3628 0.3268 0.2937 0.2643 0.2385 0.2163 0.1974 0.1815 0.1683 0.1576 0.1492 0.1428 0.1384 0.1358 0.1349 0.1359 0.1390 0.1446 0.1543 0.1754 0.2229 0.2826 0.3367 0.3814 0.4165 0.4432 0.4620 0.4733 0.4768 0.4706 0.4511 0.4193 0.3821 0.3448 0.3098 0.2783 0.2506 0.2251
0.2061 0.2283 0.2525 0.2805 0.3122 0.3473 0.3847 0.4216 0.4527 0.4713 0.4768 0.4728 0.4610 0.4418 0.4147 0.3789 0.3337 0.2791 0.2193 0.1734 0.1534 0.1441 0.1387 0.1358 0.1349 0.1359 0.1386 0.1432 0.1497 0.1583 0.1691 0.1824 0.1985 0.2175 0.2399 0.2658 0.2954 0.3286 0.3647 0.4019 0.4367 0.4627 0.4750 0.4762 0.4691 0.4547 0.4332 0.4046 0.3704 0.3368 0.3206 0.3368 0.3704 0.4046 0.4332 0.4547 0.4691 0.4762 0.4750 0.4627 0.4367 0.4019 0.3647 0.3286 0.2954 0.2658 0.2399 0.2175 0.1985 0.1824 0.1691 0.1583 0.1497 0.1432 0.1386 0.1359 0.1349 0.1358 0.1387 0.1441 0.1534 0.1734 0.2193 0.2791 0.3337 0.3789 0.4147 0.4418 0.4610 0.4728 0.4768 0.4713 0.4527 0.4216 0.3847 0.3473 0.3122 0.2805 0.2525 0.2283 0.2061
0.1894 0.2084 0.2293 0.2537 0.2819 0.3137 0.3489 0.3863 0.4231 0.4539 0.4718 0.4768 0.4725 0.4604 0.4408 0.4133 0.3772 0.3316 0.2766 0.2168 0.1721 0.1529 0.1438 0.1386 0.1358 0.1350 0.1360 0.1388 0.1434 0.1500 0.1587 0.1696 0.1830 0.1991 0.2183 0.2407 0.2667 0.2964 0.3296 0.3656 0.4028 0.4374 0.4630 0.4751 0.4761 0.4690 0.4547 0.4337 0.4073 0.3804 0.3673 0.3804 0.4073 0.4337 0.4547 0.4690 0.4761 0.4751 0.4630 0.4374 0.4028 0.3656 0.3296 0.2964 0.2667 0.2407 0.2183 0.1991 0.1830 0.1696 0.1587 0.1500 0.1434 0.1388 0.1360 0.1350 0.1358 0.1386 0.1438 0.1529 0.1721 0.2168 0.2766 0.3316 0.3772 0.4133 0.4408 0.4604 0.4725 0.4768 0.4718 0.4539 0.4231 0.3863 0.3489 0.3137 0.2819 0.2537 0.2293 0.2084 0.1894
