0.0266 0.0406 0.0632 0.0986 0.1539 0.2402 0.3748 0.5849 0.9128 1.0000 1.0000 1.0000 1.0000 1.0000 1.0000 1.0000 1.0000 1.0000 0.0000 0.0000 0.0001 0.0001 0.0001 0.0002 0.0003 0.0005 0.0008 0.0013 0.0020 0.0032 0.0050 0.0078 0.0122 0.0190 0.0296 0.0462 0.0721 0.1125 0.1755 0.2739 0.4274 0.6669 1.0000 1.0000 1.0000 1.0000 1.0000 1.0000 1.0000 1.0000 1.0000 1.0000 1.0000 1.0000 1.0000 1.0000 1.0000 1.0000 1.0000 0.6669 0.4274 0.2739 0.1755 0.1125 0.0721 0.0462 0.0296 0.0190 0.0122 0.0078 0.0050 0.0032 0.0020 0.0013 0.0008 0.0005 0.0003 0.0002 0.0001 0.0001 0.0001 0.0000 0.0000 1.0000 1.0000 1.0000 1.0000 1.0000 1.0000 1.0000 1.0000 1.0000 0.9128 0.5849 0.3748 0.2402 0.1539 0.0986 0.0632 0.0406 0.0266
0.0406 0.0630 0.0986 0.1539 0.2406 0.3755 0.5860 0.9162 1.0000 1.0000 1.0000 1.0000 1.0000 1.0000 1.0000 1.0000 1.0000 0.0000 0.0000 0.0001 0.0001 0.0001 0.0002 0.0003 0.0005 0.0008 0.0013 0.0021 0.0032 0.0050 0.0078 0.0122 0.0190 0.0297 0.0464 0.0723 0.1129 0.1762 0.2749 0.4290 0.6695 1.0000 1.0000 1.0000 1.0000 1.0000 1.0000 1.0000 1.0000 1.0000 1.0000 1.0000 1.0000 1.0000 1.0000 1.0000 1.0000 1.0000 1.0000 1.0000 0.6695 0.4290 0.2749 0.1762 0.1129 0.0723 0.0464 0.0297 0.0190 0.0122 0.0078 0.0050 0.0032 0.0021 0.0013 0.0008 0.0005 0.0003 0.0002 0.0001 0.0001 0.0001 0.0000 0.0000 1.0000 1.0000 1.0000 1.0000 1.0000 1.0000 1.0000 1.0000 1.0000 0.9162 0.5860 0.3755 0.2406 0.1539 0.0986 0.0630 0.0406
0.0632 0.0986 0.1548 0.2429 0.3798 0.5950 0.9285 1.0000 1.0000 1.0000 1.0000 1.0000 1.0000 1.0000 1.0000 1.0000 0.0000 0.0000 0.0001 0.0001 0.0001 0.0002 0.0004 0.0006 0.0009 0.0013 0.0021 0.0033 0.0051 0.0080 0.0124 0.0194 0.0302 0.0472 0.0736 0.1148 0.1792 0.2797 0.4364 0.6810 1.0000 1.0000 1.0000 1.0000 1.0000 1.0000 1.0000 1.0000 1.0000 1.0000 1.0000 1.0000 1.0000 1.0000 1.0000 1.0000 1.0000 1.0000 1.0000 1.0000 1.0000 0.6810 0.4364 0.2797 0.1792 0.1148 0.0736 0.0472 0.0302 0.0194 0.0124 0.0080 0.0051 0.0033 0.0021 0.0013 0.0009 0.0006 0.0004 0.0002 0.0001 0.0001 0.0001 0.0000 0.0000 1.0000 1.0000 1.0000 1.0000 1.0000 1.0000 1.0000 1.0000 1.0000 0.9285 0.5950 0.3798 0.2429 0.1548 0.0986 0.0632
0.0986 0.1539 0.2429 0.3820 0.5995 0.9392 1.0000 1.0000 1.0000 1.0000 1.0000 1.0000 1.0000 1.0000 1.0000 0.0000 0.0000 0.0001 0.0001 0.0001 0.0002 0.0004 0.0006 0.0009 0.0014 0.0021 0.0033 0.0052 0.0081 0.0126 0.0197 0.0307 0.0480 0.0749 0.1168 0.1823 0.2845 0.4439 0.6928 1.0000 1.0000 1.0000 1.0000 1.0000 1.0000 1.0000 1.0000 1.0000 1.0000 0.0000 0.0000 0.0000 1.0000 1.0000 1.0000 1.0000 1.0000 1.0000 1.0000 1.0000 1.0000 1.0000 0.6928 0.4439 0.2845 0.1823 0.1168 0.0749 0.0480 0.0307 0.0197 0.0126 0.0081 0.0052 0.0033 0.0021 0.0014 0.0009 0.0006 0.0004 0.0002 0.0001 0.0001 0.0001 0.0000 0.0000 1.0000 1.0000 1.0000 1.0000 1.0000 1.0000 1.0000 1.0000 1.0000 0.9392 0.5995 0.3820 0.2429 0.1539 0.0986
0.1539 0.2406 0.3798 0.5995 0.9427 1.0000 1.0000 1.0000 1.0000 1.0000 1.0000 1.0000 1.0000 1.0000 0.0000 0.0000 0.0001 0.0001 0.0001 0.0002 0.0004 0.0006 0.0009 0.0014 0.0022 0.0034 0.0053 0.0082 0.0128 0.0200 0.0313 0.0488 0.0762 0.1188 0.1854 0.2894 0.4516 0.7047 1.0000 1.0000 1.0000 1.0000 1.0000 1.0000 1.0000 1.0000 1.0000 1.0000 0.0000 0.0000 0.0000 0.0000 0.0000 1.0000 1.0000 1.0000 1.0000 1.0000 1.0000 1.0000 1.0000 1.0000 1.0000 0.7047 0.4516 0.2894 0.1854 0.1188 0.0762 0.0488 0.0313 0.0200 0.0128 0.0082 0.0053 0.0034 0.0022 0.0014 0.0009 0.0006 0.0004 0.0002 0.0001 0.0001 0.0001 0.0000 0.0000 1.0000 1.0000 1.0000 1.0000 1.0000 1.0000 1.0000 1.0000 1.0000 0.9427 0.5995 0.3798 0.2406 0.1539
0.2402 0.3755 0.5950 0.9392 1.0000 1.0000 1.0000 1.0000 1.0000 1.0000 1.0000 1.0000 1.0000 0.0000 0.0000 0.0001 0.0001 0.0002 0.0002 0.0004 0.0006 0.0009 0.0014 0.0022 0.0034 0.0054 0.0084 0.0130 0.0203 0.0317 0.0495 0.0773 0.1207 0.1883 0.2938 0.4585 0.7155 1.0000 1.0000 1.0000 1.0000 1.0000 1.0000 1.0000 1.0000 1.0000 1.0000 0.0000 0.0000 0.0001 0.0001 0.0001 0.0000 0.0000 1.0000 1.0000 1.0000 1.0000 1.0000 1.0000 1.0000 1.0000 1.0000 1.0000 0.7155 0.4585 0.2938 0.1883 0.1207 0.0773 0.0495 0.0317 0.0203 0.0130 0.0084 0.0054 0.0034 0.0022 0.0014 0.0009 0.0006 0.0004 0.0002 0.0002 0.0001 0.0001 0.0000 0.0000 1.0000 1.0000 1.0000 1.0000 1.0000 1.0000 1.0000 1.0000 1.0000 0.9392 0.5950 0.3755 0.2402
0.3748 0.5860 0.9285 1.0000 1.0000 1.0000 1.0000 1.0000 1.0000 1.0000 1.0000 1.0000 0.0000 0.0000 0.0001 0.0001 0.0002 0.0002 0.0004 0.0006 0.0009 0.0014 0.0022 0.0035 0.0054 0.0085 0.0133 0.0207 0.0323 0.0504 0.0787 0.1227 0.1915 0.2989 0.4664 0.7279 1.0000 1.0000 1.0000 1.0000 1.0000 1.0000 1.0000 1.0000 1.0000 1.0000 0.0000 0.0000 0.0001 0.0001 0.0001 0.0001 0.0001 0.0000 0.0000 1.0000 1.0000 1.0000 1.0000 1.0000 1.0000 1.0000 1.0000 1.0000 1.0000 0.7279 0.4664 0.2989 0.1915 0.1227 0.0787 0.0504 0.0323 0.0207 0.0133 0.0085 0.0054 0.0035 0.0022 0.0014 0.0009 0.0006 0.0004 0.0002 0.0002 0.0001 0.0001 0.0000 0.0000 1.0000 1.0000 1.0000 1.0000 1.0000 1.0000 1.0000 1.0000 1.0000 0.9285 0.5860 0.3748
0.5849 0.9162 1.0000 1.0000 1.0000 1.0000 1.0000 1.0000 1.0000 1.0000 1.0000 0.0000 0.0000 0.0001 0.0001 0.0002 0.0002 0.0004 0.0006 0.0009 0.0015 0.0023 0.0036 0.0055 0.0086 0.0135 0.0211 0.0329 0.0513 0.0800 0.1249 0.1948 0.3041 0.4745 0.7405 1.0000 1.0000 1.0000 1.0000 1.0000 1.0000 1.0000 1.0000 1.0000 1.0000 0.0000 0.0000 0.0001 0.0001 0.0002 0.0002 0.0002 0.0001 0.0001 0.0000 0.0000 1.0000 1.0000 1.0000 1.0000 1.0000 1.0000 1.0000 1.0000 1.0000 1.0000 0.7405 0.4745 0.3041 0.1948 0.1249 0.0800 0.0513 0.0329 0.0211 0.0135 0.0086 0.0055 0.0036 0.0023 0.0015 0.0009 0.0006 0.0004 0.0002 0.0002 0.0001 0.0001 0.0000 0.0000 1.0000 1.0000 1.0000 1.0000 1.0000 1.0000 1.0000 1.0000 1.0000 0.9162 0.5849
0.9128 1.0000 1.0000 1.0000 1.0000 1.0000 1.0000 1.0000 1.0000 1.0000 0.0000 0.0000 0.0001 0.0001 0.0002 0.0002 0.0004 0.0006 0.0009 0.0015 0.0023 0.0036 0.0056 0.0088 0.0137 0.0214 0.0334 0.0521 0.0814 0.1270 0.1982 0.3093 0.4827 0.7532 1.0000 1.0000 1.0000 1.0000 1.0000 1.0000 1.0000 1.0000 1.0000 1.0000 0.0000 0.0000 0.0001 0.0001 0.0002 0.0002 0.0003 0.0002 0.0002 0.0001 0.0001 0.0000 0.0000 1.0000 1.0000 1.0000 1.0000 1.0000 1.0000 1.0000 1.0000 1.0000 1.0000 0.7532 0.4827 0.3093 0.1982 0.1270 0.0814 0.0521 0.0334 0.0214 0.0137 0.0088 0.0056 0.0036 0.0023 0.0015 0.0009 0.0006 0.0004 0.0002 0.0002 0.0001 0.0001 0.0000 0.0000 1.0000 1.0000 1.0000 1.0000 1.0000 1.0000 1.0000 1.0000 1.0000 0.9128
1.0000 1.0000 1.0000 1.0000 1.0000 1.0000 1.0000 1.0000 1.0000 0.0000 0.0000 0.0001 0.0001 0.0002 0.0003 0.0004 0.0006 0.0010 0.0015 0.0023 0.0037 0.0057 0.0089 0.0139 0.0217 0.0339 0.0530 0.0826 0.1290 0.2012 0.3141 0.4901 0.7648 1.0000 1.0000 1.0000 1.0000 1.0000 1.0000 1.0000 1.0000 1.0000 1.0000 0.0000 0.0000 0.0001 0.0001 0.0002 0.0003 0.0004 0.0004 0.0004 0.0003 0.0002 0.0001 0.0001 0.0000 0.0000 1.0000 1.0000 1.0000 1.0000 1.0000 1.0000 1.0000 1.0000 1.0000 1.0000 0.7648 0.4901 0.3141 0.2012 0.1290 0.0826 0.0530 0.0339 0.0217 0.0139 0.0089 0.0057 0.0037 0.0023 0.0015 0.0010 0.0006 0.0004 0.0003 0.0002 0.0001 0.0001 0.0000 0.0000 1.0000 1.0000 1.0000 1.0000 1.0000 1.0000 1.0000 1.0000 1.0000
1.0000 1.0000 1.0000 1.0000 1.0000 1.0000 1.0000 1.0000 0.0000 0.0000 0.0001 0.0001 0.0002 0.0003 0.0004 0.0006 0.0010 0.0015 0.0024 0.0037 0.0058 0.0091 0.0142 0.0221 0.0345 0.0539 0.0841 0.1312 0.2047 0.3195 0.4985 0.7780 1.0000 1.0000 1.0000 1.0000 1.0000 1.0000 1.0000 1.0000 1.0000 1.0000 0.0000 0.0000 0.0001 0.0001 0.0002 0.0003 0.0004 0.0006 0.0007 0.0006 0.0004 0.0003 0.0002 0.0001 0.0001 0.0000 0.0000 1.0000 1.0000 1.0000 1.0000 1.0000 1.0000 1.0000 1.0000 1.0000 1.0000 0.7780 0.4985 0.3195 0.2047 0.1312 0.0841 0.0539 0.0345 0.0221 0.0142 0.0091 0.0058 0.0037 0.0024 0.0015 0.0010 0.0006 0.0004 0.0003 0.0002 0.0001 0.0001 0.0000 0.0000 1.0000 1.0000 1.0000 1.0000 1.0000 1.0000 1.0000 1.0000
1.0000 1.0000 1.0000 1.0000 1.0000 1.0000 1.0000 0.0000 0.0000 0.0001 0.0001 0.0002 0.0003 0.0004 0.0006 0.0010 0.0015 0.0024 0.0038 0.0059 0.0092 0.0144 0.0225 0.0350 0.0548 0.0855 0.1335 0.2083 0.3250 0.5072 0.7914 1.0000 1.0000 1.0000 1.0000 1.0000 1.0000 1.0000 1.0000 1.0000 1.0000 0.0000 0.0001 0.0001 0.0001 0.0002 0.0003 0.0005 0.0007 0.0010 0.0011 0.0010 0.0007 0.0005 0.0003 0.0002 0.0001 0.0001 0.0001 0.0000 1.0000 1.0000 1.0000 1.0000 1.0000 1.0000 1.0000 1.0000 1.0000 1.0000 0.7914 0.5072 0.3250 0.2083 0.1335 0.0855 0.0548 0.0350 0.0225 0.0144 0.0092 0.0059 0.0038 0.0024 0.0015 0.0010 0.0006 0.0004 0.0003 0.0002 0.0001 0.0001 0.0000 0.0000 1.0000 1.0000 1.0000 1.0000 1.0000 1.0000 1.0000
1.0000 1.0000 1.0000 1.0000 1.0000 1.0000 0.0000 0.0000 0.0001 0.0001 0.0002 0.0003 0.0004 0.0006 0.0010 0.0015 0.0024 0.0038 0.0060 0.0093 0.0146 0.0228 0.0356 0.0556 0.0868 0.1355 0.2119 0.3306 0.5159 0.8051 1.0000 1.0000 1.0000 1.0000 1.0000 1.0000 1.0000 1.0000 1.0000 0.0000 0.0000 0.0001 0.0001 0.0001 0.0002 0.0003 0.0005 0.0007 0.0011 0.0015 0.0018 0.0015 0.0011 0.0007 0.0005 0.0003 0.0002 0.0001 0.0001 0.0001 0.0000 0.0000 1.0000 1.0000 1.0000 1.0000 1.0000 1.0000 1.0000 1.0000 1.0000 0.8051 0.5159 0.3306 0.2119 0.1355 0.0868 0.0556 0.0356 0.0228 0.0146 0.0093 0.0060 0.0038 0.0024 0.0015 0.0010 0.0006 0.0004 0.0003 0.0002 0.0001 0.0001 0.0000 0.0000 1.0000 1.0000 1.0000 1.0000 1.0000 1.0000
1.0000 1.0000 1.0000 1.0000 1.0000 0.0000 0.0000 0.0001 0.0001 0.0002 0.0003 0.0004 0.0006 0.0010 0.0016 0.0024 0.0038 0.0060 0.0094 0.0148 0.0231 0.0361 0.0564 0.0882 0.1376 0.2151 0.3357 0.5238 0.8174 1.0000 1.0000 1.0000 1.0000 1.0000 1.0000 1.0000 1.0000 1.0000 0.0000 0.0000 0.0001 0.0001 0.0001 0.0002 0.0003 0.0005 0.0008 0.0012 0.0017 0.0024 0.0028 0.0024 0.0017 0.0012 0.0008 0.0005 0.0003 0.0002 0.0001 0.0001 0.0001 0.0000 0.0000 1.0000 1.0000 1.0000 1.0000 1.0000 1.0000 1.0000 1.0000 1.0000 0.8174 0.5238 0.3357 0.2151 0.1376 0.0882 0.0564 0.0361 0.0231 0.0148 0.0094 0.0060 0.0038 0.0024 0.0016 0.0010 0.0006 0.0004 0.0003 0.0002 0.0001 0.0001 0.0000 0.0000 1.0000 1.0000 1.0000 1.0000 1.0000
1.0000 1.0000 1.0000 1.0000 0.0000 0.0000 0.0001 0.0001 0.0002 0.0003 0.0004 0.0006 0.0010 0.0016 0.0025 0.0038 0.0060 0.0095 0.0149 0.0233 0.0365 0.0570 0.0892 0.1394 0.2180 0.3408 0.5318 0.8315 1.0000 1.0000 1.0000 1.0000 1.0000 1.0000 1.0000 1.0000 1.0000 0.0000 0.0000 0.0001 0.0001 0.0001 0.0002 0.0003 0.0005 0.0008 0.0012 0.0018 0.0028 0.0038 0.0044 0.0038 0.0028 0.0018 0.0012 0.0008 0.0005 0.0003 0.0002 0.0001 0.0001 0.0001 0.0000 0.0000 1.0000 1.0000 1.0000 1.0000 1.0000 1.0000 1.0000 1.0000 1.0000 0.8315 0.5318 0.3408 0.2180 0.1394 0.0892 0.0570 0.0365 0.0233 0.0149 0.0095 0.0060 0.0038 0.0025 0.0016 0.0010 0.0006 0.0004 0.0003 0.0002 0.0001 0.0001 0.0000 0.0000 1.0000 1.0000 1.0000 1.0000
1.0000 1.0000 1.0000 0.0000 0.0000 0.0001 0.0001 0.0002 0.0002 0.0004 0.0006 0.0010 0.0015 0.0024 0.0038 0.0061 0.0095 0.0150 0.0235 0.0368 0.0576 0.0902 0.1413 0.2209 0.3454 0.5400 0.8443 1.0000 1.0000 1.0000 1.0000 1.0000 1.0000 1.0000 1.0000 1.0000 0.0000 0.0000 0.0001 0.0001 0.0001 0.0002 0.0003 0.0005 0.0008 0.0012 0.0019 0.0029 0.0044 0.0061 0.0070 0.0061 0.0044 0.0029 0.0019 0.0012 0.0008 0.0005 0.0003 0.0002 0.0001 0.0001 0.0001 0.0000 0.0000 1.0000 1.0000 1.0000 1.0000 1.0000 1.0000 1.0000 1.0000 1.0000 0.8443 0.5400 0.3454 0.2209 0.1413 0.0902 0.0576 0.0368 0.0235 0.0150 0.0095 0.0061 0.0038 0.0024 0.0015 0.0010 0.0006 0.0004 0.0002 0.0002 0.0001 0.0001 0.0000 0.0000 1.0000 1.0000 1.0000
1.0000 1.0000 0.0000 0.0000 0.0001 0.0001 0.0002 0.0002 0.0004 0.0006 0.0010 0.0015 0.0024 0.0038 0.0060 0.0095 0.0150 0.0235 0.0370 0.0580 0.0909 0.1426 0.2230 0.3493 0.5462 0.8556 1.0000 1.0000 1.0000 1.0000 1.0000 1.0000 1.0000 1.0000 1.0000 0.0000 0.0000 0.0001 0.0001 0.0001 0.0002 0.0003 0.0005 0.0008 0.0012 0.0019 0.0030 0.0046 0.0070 0.0097 0.0112 0.0097 0.0070 0.0046 0.0030 0.0019 0.0012 0.0008 0.0005 0.0003 0.0002 0.0001 0.0001 0.0001 0.0000 0.0000 1.0000 1.0000 1.0000 1.0000 1.0000 1.0000 1.0000 1.0000 1.0000 0.8556 0.5462 0.3493 0.2230 0.1426 0.0909 0.0580 0.0370 0.0235 0.0150 0.0095 0.0060 0.0038 0.0024 0.0015 0.0010 0.0006 0.0004 0.0002 0.0002 0.0001 0.0001 0.0000 0.0000 1.0000 1.0000
1.0000 0.0000 0.0000 0.0001 0.0001 0.0002 0.0002 0.0004 0.0006 0.0010 0.0015 0.0024 0.0038 0.0060 0.0095 0.0150 0.0235 0.0370 0.0582 0.0914 0.1435 0.2251 0.3527 0.5525 0.8654 1.0000 1.0000 1.0000 1.0000 1.0000 1.0000 1.0000 1.0000 1.0000 0.0000 0.0000 0.0001 0.0001 0.0001 0.0002 0.0003 0.0005 0.0008 0.0013 0.0020 0.0031 0.0048 0.0074 0.0110 0.0154 0.0177 0.0154 0.0110 0.0074 0.0048 0.0031 0.0020 0.0013 0.0008 0.0005 0.0003 0.0002 0.0001 0.0001 0.0001 0.0000 0.0000 1.0000 1.0000 1.0000 1.0000 1.0000 1.0000 1.0000 1.0000 1.0000 0.8654 0.5525 0.3527 0.2251 0.1435 0.0914 0.0582 0.0370 0.0235 0.0150 0.0095 0.0060 0.0038 0.0024 0.0015 0.0010 0.0006 0.0004 0.0002 0.0002 0.0001 0.0001 0.0000 0.0000 1.0000
0.0000 0.0000 0.0001 0.0001 0.0001 0.0002 0.0004 0.0006 0.0009 0.0015 0.0024 0.0038 0.0060 0.0094 0.0149 0.0235 0.0370 0.0582 0.0916 0.1440 0.2260 0.3547 0.5567 0.8720 1.0000 1.0000 1.0000 1.0000 1.0000 1.0000 1.0000 1.0000 1.0000 0.0000 0.0000 0.0001 0.0001 0.0001 0.0002 0.0003 0.0005 0.0008 0.0013 0.0020 0.0031 0.0049 0.0076 0.0117 0.0175 0.0244 0.0282 0.0244 0.0175 0.0117 0.0076 0.0049 0.0031 0.0020 0.0013 0.0008 0.0005 0.0003 0.0002 0.0001 0.0001 0.0001 0.0000 0.0000 1.0000 1.0000 1.0000 1.0000 1.0000 1.0000 1.0000 1.0000 1.0000 0.8720 0.5567 0.3547 0.2260 0.1440 0.0916 0.0582 0.0370 0.0235 0.0149 0.0094 0.0060 0.0038 0.0024 0.0015 0.0009 0.0006 0.0004 0.0002 0.0001 0.0001 0.0001 0.0000 0.0000
0.0000 0.0001 0.0001 0.0001 0.0002 0.0004 0.0006 0.0009 0.0015 0.0023 0.0037 0.0059 0.0093 0.0148 0.0233 0.0368 0.0580 0.0914 0.1440 0.2264 0.3561 0.5588 0.8770 1.0000 1.0000 1.0000 1.0000 1.0000 1.0000 1.0000 1.0000 1.0000 0.0000 0.0000 0.0001 0.0001 0.0001 0.0002 0.0003 0.0005 0.0008 0.0013 0.0020 0.0032 0.0049 0.0077 0.0120 0.0185 0.0278 0.0387 0.0447 0.0387 0.0278 0.0185 0.0120 0.0077 0.0049 0.0032 0.0020 0.0013 0.0008 0.0005 0.0003 0.0002 0.0001 0.0001 0.0001 0.0000 0.0000 1.0000 1.0000 1.0000 1.0000 1.0000 1.0000 1.0000 1.0000 1.0000 0.8770 0.5588 0.3561 0.2264 0.1440 0.0914 0.0580 0.0368 0.0233 0.0148 0.0093 0.0059 0.0037 0.0023 0.0015 0.0009 0.0006 0.0004 0.0002 0.0001 0.0001 0.0001 0.0000
0.0001 0.0001 0.0001 0.0002 0.0004 0.0006 0.0009 0.0015 0.0023 0.0037 0.0058 0.0092 0.0146 0.0231 0.0365 0.0576 0.0909 0.1435 0.2260 0.3561 0.5599 0.8804 1.0000 1.0000 1.0000 1.0000 1.0000 1.0000 1.0000 1.0000 1.0000 0.0000 0.0000 0.0001 0.0001 0.0001 0.0002 0.0003 0.0005 0.0008 0.0013 0.0021 0.0032 0.0050 0.0078 0.0122 0.0190 0.0294 0.0442 0.0614 0.0710 0.0614 0.0442 0.0294 0.0190 0.0122 0.0078 0.0050 0.0032 0.0021 0.0013 0.0008 0.0005 0.0003 0.0002 0.0001 0.0001 0.0001 0.0000 0.0000 1.0000 1.0000 1.0000 1.0000 1.0000 1.0000 1.0000 1.0000 1.0000 0.8804 0.5599 0.3561 0.2260 0.1435 0.0909 0.0576 0.0365 0.0231 0.0146 0.0092 0.0058 0.0037 0.0023 0.0015 0.0009 0.0006 0.0004 0.0002 0.0001 0.0001 0.0001
0.0001 0.0001 0.0002 0.0004 0.0006 0.0009 0.0014 0.0023 0.0036 0.0057 0.0091 0.0144 0.0228 0.0361 0.0570 0.0902 0.1426 0.2251 0.3547 0.5588 0.8804 1.0000 1.0000 1.0000 1.0000 1.0000 1.0000 1.0000 1.0000 1.0000 0.0000 0.0000 0.0001 0.0001 0.0001 0.0002 0.0004 0.0006 0.0009 0.0013 0.0021 0.0033 0.0051 0.0080 0.0125 0.0194 0.0302 0.0466 0.0700 0.0975 0.1125 0.0975 0.0700 0.0466 0.0302 0.0194 0.0125 0.0080 0.0051 0.0033 0.0021 0.0013 0.0009 0.0006 0.0004 0.0002 0.0001 0.0001 0.0001 0.0000 0.0000 1.0000 1.0000 1.0000 1.0000 1.0000 1.0000 1.0000 1.0000 1.0000 0.8804 0.5588 0.3547 0.2251 0.1426 0.0902 0.0570 0.0361 0.0228 0.0144 0.0091 0.0057 0.0036 0.0023 0.0014 0.0009 0.0006 0.0004 0.0002 0.0001 0.0001
0.0001 0.0002 0.0004 0.0006 0.0009 0.0014 0.0022 0.0036 0.0056 0.0089 0.0142 0.0225 0.0356 0.0564 0.0892 0.1413 0.2230 0.3527 0.5567 0.8770 1.0000 1.0000 1.0000 1.0000 1.0000 1.0000 1.0000 1.0000 1.0000 0.0000 0.0000 0.0001 0.0001 0.0001 0.0002 0.0004 0.0006 0.0009 0.0014 0.0021 0.0033 0.0052 0.0081 0.0126 0.0197 0.0308 0.0480 0.0740 0.1112 0.1548 0.1785 0.1548 0.1112 0.0740 0.0480 0.0308 0.0197 0.0126 0.0081 0.0052 0.0033 0.0021 0.0014 0.0009 0.0006 0.0004 0.0002 0.0001 0.0001 0.0001 0.0000 0.0000 1.0000 1.0000 1.0000 1.0000 1.0000 1.0000 1.0000 1.0000 1.0000 0.8770 0.5567 0.3527 0.2230 0.1413 0.0892 0.0564 0.0356 0.0225 0.0142 0.0089 0.0056 0.0036 0.0022 0.0014 0.0009 0.0006 0.0004 0.0002 0.0001
0.0002 0.0003 0.0006 0.0009 0.0014 0.0022 0.0035 0.0055 0.0088 0.0139 0.0221 0.0350 0.0556 0.0882 0.1394 0.2209 0.3493 0.5525 0.8720 1.0000 1.0000 1.0000 1.0000 1.0000 1.0000 1.0000 1.0000 1.0000 0.0000 0.0000 0.0001 0.0001 0.0001 0.0002 0.0004 0.0006 0.0009 0.0014 0.0022 0.0034 0.0053 0.0082 0.0129 0.0201 0.0313 0.0489 0.0760 0.1175 0.1765 0.2457 0.2834 0.2457 0.1765 0.1175 0.0760 0.0489 0.0313 0.0201 0.0129 0.0082 0.0053 0.0034 0.0022 0.0014 0.0009 0.0006 0.0004 0.0002 0.0001 0.0001 0.0001 0.0000 0.0000 1.0000 1.0000 1.0000 1.0000 1.0000 1.0000 1.0000 1.0000 1.0000 0.8720 0.5525 0.3493 0.2209 0.1394 0.0882 0.0556 0.0350 0.0221 0.0139 0.0088 0.0055 0.0035 0.0022 0.0014 0.0009 0.0006 0.0003 0.0002
0.0003 0.0005 0.0009 0.0014 0.0022 0.0034 0.0054 0.0086 0.0137 0.0217 0.0345 0.0548 0.0868 0.1376 0.2180 0.3454 0.5462 0.8654 1.0000 1.0000 1.0000 1.0000 1.0000 1.0000 1.0000 1.0000 1.0000 0.0000 0.0000 0.0001 0.0001 0.0002 0.0002 0.0004 0.0006 0.0009 0.0014 0.0022 0.0034 0.0054 0.0084 0.0131 0.0204 0.0319 0.0497 0.0776 0.1207 0.1862 0.2802 0.3901 0.4499 0.3901 0.2802 0.1862 0.1207 0.0776 0.0497 0.0319 0.0204 0.0131 0.0084 0.0054 0.0034 0.0022 0.0014 0.0009 0.0006 0.0004 0.0002 0.0002 0.0001 0.0001 0.0000 0.0000 1.0000 1.0000 1.0000 1.0000 1.0000 1.0000 1.0000 1.0000 1.0000 0.8654 0.5462 0.3454 0.2180 0.1376 0.0868 0.0548 0.0345 0.0217 0.0137 0.0086 0.0054 0.0034 0.0022 0.0014 0.0009 0.0005 0.0003
0.0005 0.0008 0.0013 0.0021 0.0034 0.0054 0.0085 0.0135 0.0214 0.0339 0.0539 0.0855 0.1355 0.2151 0.3408 0.5400 0.8556 1.0000 1.0000 1.0000 1.0000 1.0000 1.0000 1.0000 1.0000 1.0000 0.0000 0.0000 0.0001 0.0001 0.0002 0.0002 0.0004 0.0006 0.0009 0.0014 0.0022 0.0035 0.0054 0.0085 0.0133 0.0207 0.0324 0.0506 0.0790 0.1230 0.1915 0.2955 0.4448 0.6181 0.7142 0.6181 0.4448 0.2955 0.1915 0.1230 0.0790 0.0506 0.0324 0.0207 0.0133 0.0085 0.0054 0.0035 0.0022 0.0014 0.0009 0.0006 0.0004 0.0002 0.0002 0.0001 0.0001 0.0000 0.0000 1.0000 1.0000 1.0000 1.0000 1.0000 1.0000 1.0000 1.0000 1.0000 0.8556 0.5400 0.3408 0.2151 0.1355 0.0855 0.0539 0.0339 0.0214 0.0135 0.0085 0.0054 0.0034 0.0021 0.0013 0.0008 0.0005
0.0008 0.0013 0.0021 0.0033 0.0053 0.0084 0.0133 0.0211 0.0334 0.0530 0.0841 0.1335 0.2119 0.3357 0.5318 0.8443 1.0000 1.0000 1.0000 1.0000 1.0000 1.0000 1.0000 1.0000 1.0000 0.0000 0.0000 0.0001 0.0001 0.0002 0.0002 0.0004 0.0006 0.0009 0.0014 0.0023 0.0035 0.0055 0.0086 0.0135 0.0211 0.0329 0.0514 0.0802 0.1251 0.1952 0.3041 0.4691 0.7047 0.9812 1.0000 0.9812 0.7047 0.4691 0.3041 0.1952 0.1251 0.0802 0.0514 0.0329 0.0211 0.0135 0.0086 0.0055 0.0035 0.0023 0.0014 0.0009 0.0006 0.0004 0.0002 0.0002 0.0001 0.0001 0.0000 0.0000 1.0000 1.0000 1.0000 1.0000 1.0000 1.0000 1.0000 1.0000 1.0000 0.8443 0.5318 0.3357 0.2119 0.1335 0.0841 0.0530 0.0334 0.0211 0.0133 0.0084 0.0053 0.0033 0.0021 0.0013 0.0008
0.0013 0.0021 0.0033 0.0052 0.0082 0.0130 0.0207 0.0329 0.0521 0.0826 0.1312 0.2083 0.3306 0.5238 0.8315 1.0000 1.0000 1.0000 1.0000 1.0000 1.0000 1.0000 1.0000 1.0000 0.0000 0.0000 0.0001 0.0001 0.0002 0.0002 0.0004 0.0006 0.0009 0.0015 0.0023 0.0036 0.0056 0.0087 0.0137 0.0213 0.0334 0.0522 0.0815 0.1273 0.1986 0.3099 0.4818 0.7447 1.0000 1.0000 1.0000 1.0000 1.0000 0.7447 0.4818 0.3099 0.1986 0.1273 0.0815 0.0522 0.0334 0.0213 0.0137 0.0087 0.0056 0.0036 0.0023 0.0015 0.0009 0.0006 0.0004 0.0002 0.0002 0.0001 0.0001 0.0000 0.0000 1.0000 1.0000 1.0000 1.0000 1.0000 1.0000 1.0000 1.0000 1.0000 0.8315 0.5238 0.3306 0.2083 0.1312 0.0826 0.0521 0.0329 0.0207 0.0130 0.0082 0.0052 0.0033 0.0021 0.0013
0.0020 0.0032 0.0051 0.0081 0.0128 0.0203 0.0323 0.0513 0.0814 0.1290 0.2047 0.3250 0.5159 0.8174 1.0000 1.0000 1.0000 1.0000 1.0000 1.0000 1.0000 1.0000 1.0000 0.0000 0.0000 0.0001 0.0001 0.0002 0.0002 0.0004 0.0006 0.0009 0.0015 0.0023 0.0036 0.0056 0.0088 0.0138 0.0216 0.0338 0.0529 0.0826 0.1292 0.2016 0.3152 0.4910 0.7648 1.0000 1.0000 1.0000 1.0000 1.0000 1.0000 1.0000 0.7648 0.4910 0.3152 0.2016 0.1292 0.0826 0.0529 0.0338 0.0216 0.0138 0.0088 0.0056 0.0036 0.0023 0.0015 0.0009 0.0006 0.0004 0.0002 0.0002 0.0001 0.0001 0.0000 0.0000 1.0000 1.0000 1.0000 1.0000 1.0000 1.0000 1.0000 1.0000 1.0000 0.8174 0.5159 0.3250 0.2047 0.1290 0.0814 0.0513 0.0323 0.0203 0.0128 0.0081 0.0051 0.0032 0.0020
0.0032 0.0050 0.0080 0.0126 0.0200 0.0317 0.0504 0.0800 0.1270 0.2012 0.3195 0.5072 0.8051 1.0000 1.0000 1.0000 1.0000 1.0000 1.0000 1.0000 1.0000 1.0000 0.0000 0.0000 0.0001 0.0001 0.0002 0.0002 0.0004 0.0006 0.0009 0.0015 0.0023 0.0036 0.0057 0.0089 0.0140 0.0219 0.0342 0.0536 0.0837 0.1309 0.2043 0.3195 0.4995 0.7795 1.0000 1.0000 1.0000 1.0000 1.0000 1.0000 1.0000 1.0000 1.0000 0.7795 0.4995 0.3195 0.2043 0.1309 0.0837 0.0536 0.0342 0.0219 0.0140 0.0089 0.0057 0.0036 0.0023 0.0015 0.0009 0.0006 0.0004 0.0002 0.0002 0.0001 0.0001 0.0000 0.0000 1.0000 1.0000 1.0000 1.0000 1.0000 1.0000 1.0000 1.0000 1.0000 0.8051 0.5072 0.3195 0.2012 0.1270 0.0800 0.0504 0.0317 0.0200 0.0126 0.0080 0.0050 0.0032
0.0050 0.0078 0.0124 0.0197 0.0313 0.0495 0.0787 0.1249 0.1982 0.3141 0.4985 0.7914 1.0000 1.0000 1.0000 1.0000 1.0000 1.0000 1.0000 1.0000 1.0000 0.0000 0.0000 0.0001 0.0001 0.0002 0.0002 0.0004 0.0006 0.0009 0.0015 0.0023 0.0036 0.0057 0.0090 0.0141 0.0220 0.0345 0.0541 0.0847 0.1324 0.2071 0.3238 0.5062 0.7914 1.0000 1.0000 1.0000 1.0000 1.0000 1.0000 1.0000 1.0000 1.0000 1.0000 1.0000 0.7914 0.5062 0.3238 0.2071 0.1324 0.0847 0.0541 0.0345 0.0220 0.0141 0.0090 0.0057 0.0036 0.0023 0.0015 0.0009 0.0006 0.0004 0.0002 0.0002 0.0001 0.0001 0.0000 0.0000 1.0000 1.0000 1.0000 1.0000 1.0000 1.0000 1.0000 1.0000 1.0000 0.7914 0.4985 0.3141 0.1982 0.1249 0.0787 0.0495 0.0313 0.0197 0.0124 0.0078 0.0050
0.0078 0.0122 0.0194 0.0307 0.0488 0.0773 0.1227 0.1948 0.3093 0.4901 0.7780 1.0000 1.0000 1.0000 1.0000 1.0000 1.0000 1.0000 1.0000 1.0000 0.0000 0.0000 0.0001 0.0001 0.0002 0.0002 0.0004 0.0006 0.0009 0.0015 0.0023 0.0036 0.0057 0.0090 0.0141 0.0222 0.0348 0.0546 0.0855 0.1340 0.2094 0.3281 0.5130 0.8020 1.0000 1.0000 1.0000 1.0000 1.0000 1.0000 1.0000 1.0000 1.0000 1.0000 1.0000 1.0000 1.0000 0.8020 0.5130 0.3281 0.2094 0.1340 0.0855 0.0546 0.0348 0.0222 0.0141 0.0090 0.0057 0.0036 0.0023 0.0015 0.0009 0.0006 0.0004 0.0002 0.0002 0.0001 0.0001 0.0000 0.0000 1.0000 1.0000 1.0000 1.0000 1.0000 1.0000 1.0000 1.0000 1.0000 0.7780 0.4901 0.3093 0.1948 0.1227 0.0773 0.0488 0.0307 0.0194 0.0122 0.0078
0.0122 0.0190 0.0302 0.0480 0.0762 0.1207 0.1915 0.3041 0.4827 0.7648 1.0000 1.0000 1.0000 1.0000 1.0000 1.0000 1.0000 1.0000 1.0000 0.0000 0.0000 0.0001 0.0001 0.0001 0.0002 0.0004 0.0006 0.0009 0.0015 0.0023 0.0036 0.0057 0.0090 0.0142 0.0223 0.0350 0.0549 0.0862 0.1350 0.2114 0.3312 0.5189 0.8112 1.0000 1.0000 1.0000 1.0000 1.0000 1.0000 1.0000 1.0000 1.0000 1.0000 1.0000 1.0000 1.0000 1.0000 1.0000 0.8112 0.5189 0.3312 0.2114 0.1350 0.0862 0.0549 0.0350 0.0223 0.0142 0.0090 0.0057 0.0036 0.0023 0.0015 0.0009 0.0006 0.0004 0.0002 0.0001 0.0001 0.0001 0.0000 0.0000 1.0000 1.0000 1.0000 1.0000 1.0000 1.0000 1.0000 1.0000 1.0000 0.7648 0.4827 0.3041 0.1915 0.1207 0.0762 0.0480 0.0302 0.0190 0.0122
0.0190 0.0297 0.0472 0.0749 0.1188 0.1883 0.2989 0.4745 0.7532 1.0000 1.0000 1.0000 1.0000 1.0000 1.0000 1.0000 1.0000 1.0000 0.0000 0.0000 0.0001 0.0001 0.0001 0.0002 0.0004 0.0006 0.0009 0.0015 0.0023 0.0036 0.0057 0.0090 0.0142 0.0223 0.0350 0.0551 0.0867 0.1360 0.2131 0.3344 0.5238 0.8205 1.0000 1.0000 1.0000 1.0000 1.0000 1.0000 1.0000 1.0000 1.0000 1.0000 1.0000 1.0000 1.0000 1.0000 1.0000 1.0000 1.0000 0.8205 0.5238 0.3344 0.2131 0.1360 0.0867 0.0551 0.0350 0.0223 0.0142 0.0090 0.0057 0.0036 0.0023 0.0015 0.0009 0.0006 0.0004 0.0002 0.0001 0.0001 0.0001 0.0000 0.0000 1.0000 1.0000 1.0000 1.0000 1.0000 1.0000 1.0000 1.0000 1.0000 0.7532 0.4745 0.2989 0.1883 0.1188 0.0749 0.0472 0.0297 0.0190
0.0296 0.0464 0.0736 0.1168 0.1854 0.2938 0.4664 0.7405 1.0000 1.0000 1.0000 1.0000 1.0000 1.0000 1.0000 1.0000 1.0000 0.0000 0.0000 0.0001 0.0001 0.0001 0.0002 0.0004 0.0006 0.0009 0.0014 0.0023 0.0036 0.0057 0.0090 0.0141 0.0223 0.0350 0.0552 0.0868 0.1365 0.2143 0.3363 0.5278 0.8268 1.0000 1.0000 1.0000 1.0000 1.0000 1.0000 1.0000 1.0000 1.0000 1.0000 1.0000 1.0000 1.0000 1.0000 1.0000 1.0000 1.0000 1.0000 1.0000 0.8268 0.5278 0.3363 0.2143 0.1365 0.0868 0.0552 0.0350 0.0223 0.0141 0.0090 0.0057 0.0036 0.0023 0.0014 0.0009 0.0006 0.0004 0.0002 0.0001 0.0001 0.0001 0.0000 0.0000 1.0000 1.0000 1.0000 1.0000 1.0000 1.0000 1.0000 1.0000 1.0000 0.7405 0.4664 0.2938 0.1854 0.1168 0.0736 0.0464 0.0296
0.0462 0.0723 0.1148 0.1823 0.2894 0.4585 0.7279 1.0000 1.0000 1.0000 1.0000 1.0000 1.0000 1.0000 1.0000 1.0000 0.0000 0.0000 0.0001 0.0001 0.0001 0.0002 0.0004 0.0006 0.0009 0.0014 0.0023 0.0036 0.0056 0.0089 0.0141 0.0222 0.0350 0.0551 0.0868 0.1365 0.2147 0.3376 0.5308 0.8331 1.0000 1.0000 1.0000 1.0000 1.0000 1.0000 1.0000 1.0000 1.0000 1.0000 0.0000 1.0000 1.0000 1.0000 1.0000 1.0000 1.0000 1.0000 1.0000 1.0000 1.0000 0.8331 0.5308 0.3376 0.2147 0.1365 0.0868 0.0551 0.0350 0.0222 0.0141 0.0089 0.0056 0.0036 0.0023 0.0014 0.0009 0.0006 0.0004 0.0002 0.0001 0.0001 0.0001 0.0000 0.0000 1.0000 1.0000 1.0000 1.0000 1.0000 1.0000 1.0000 1.0000 1.0000 0.7279 0.4585 0.2894 0.1823 0.1148 0.0723 0.0462
0.0721 0.1129 0.1792 0.2845 0.4516 0.7155 1.0000 1.0000 1.0000 1.0000 1.0000 1.0000 1.0000 1.0000 1.0000 0.0000 0.0000 0.0001 0.0001 0.0001 0.0002 0.0004 0.0006 0.0009 0.0014 0.0022 0.0035 0.0056 0.0088 0.0140 0.0220 0.0348 0.0549 0.0867 0.1365 0.2147 0.3382 0.5318 0.8363 1.0000 1.0000 1.0000 1.0000 1.0000 1.0000 1.0000 1.0000 1.0000 0.0000 0.0000 0.0000 0.0000 0.0000 1.0000 1.0000 1.0000 1.0000 1.0000 1.0000 1.0000 1.0000 1.0000 0.8363 0.5318 0.3382 0.2147 0.1365 0.0867 0.0549 0.0348 0.0220 0.0140 0.0088 0.0056 0.0035 0.0022 0.0014 0.0009 0.0006 0.0004 0.0002 0.0001 0.0001 0.0001 0.0000 0.0000 1.0000 1.0000 1.0000 1.0000 1.0000 1.0000 1.0000 1.0000 1.0000 0.7155 0.4516 0.2845 0.1792 0.1129 0.0721
0.1125 0.1762 0.2797 0.4439 0.7047 1.0000 1.0000 1.0000 1.0000 1.0000 1.0000 1.0000 1.0000 1.0000 0.0000 0.0000 0.0001 0.0001 0.0001 0.0002 0.0003 0.0006 0.0009 0.0014 0.0022 0.0035 0.0055 0.0087 0.0138 0.0219 0.0345 0.0546 0.0862 0.1360 0.2143 0.3376 0.5318 0.8363 1.0000 1.0000 1.0000 1.0000 1.0000 1.0000 1.0000 1.0000 1.0000 0.0000 0.0000 0.0000 0.0001 0.0000 0.0000 0.0000 1.0000 1.0000 1.0000 1.0000 1.0000 1.0000 1.0000 1.0000 1.0000 0.8363 0.5318 0.3376 0.2143 0.1360 0.0862 0.0546 0.0345 0.0219 0.0138 0.0087 0.0055 0.0035 0.0022 0.0014 0.0009 0.0006 0.0003 0.0002 0.0001 0.0001 0.0001 0.0000 0.0000 1.0000 1.0000 1.0000 1.0000 1.0000 1.0000 1.0000 1.0000 1.0000 0.7047 0.4439 0.2797 0.1762 0.1125
0.1755 0.2749 0.4364 0.6928 1.0000 1.0000 1.0000 1.0000 1.0000 1.0000 1.0000 1.0000 1.0000 0.0000 0.0000 0.0001 0.0001 0.0001 0.0002 0.0003 0.0005 0.0009 0.0014 0.0022 0.0034 0.0054 0.0086 0.0137 0.0216 0.0342 0.0541 0.0855 0.1350 0.2131 0.3363 0.5308 0.8363 1.0000 1.0000 1.0000 1.0000 1.0000 1.0000 1.0000 1.0000 1.0000 0.0000 0.0000 0.0001 0.0001 0.0001 0.0001 0.0001 0.0000 0.0000 1.0000 1.0000 1.0000 1.0000 1.0000 1.0000 1.0000 1.0000 1.0000 0.8363 0.5308 0.3363 0.2131 0.1350 0.0855 0.0541 0.0342 0.0216 0.0137 0.0086 0.0054 0.0034 0.0022 0.0014 0.0009 0.0005 0.0003 0.0002 0.0001 0.0001 0.0001 0.0000 0.0000 1.0000 1.0000 1.0000 1.0000 1.0000 1.0000 1.0000 1.0000 1.0000 0.6928 0.4364 0.2749 0.1755
0.2739 0.4290 0.6810 1.0000 1.0000 1.0000 1.0000 1.0000 1.0000 1.0000 1.0000 1.0000 0.0000 0.0000 0.0001 0.0001 0.0001 0.0002 0.0003 0.0005 0.0008 0.0013 0.0021 0.0034 0.0054 0.0085 0.0135 0.0213 0.0338 0.0536 0.0847 0.1340 0.2114 0.3344 0.5278 0.8331 1.0000 1.0000 1.0000 1.0000 1.0000 1.0000 1.0000 1.0000 1.0000 0.0000 0.0000 0.0001 0.0001 0.0001 0.0001 0.0001 0.0001 0.0001 0.0000 0.0000 1.0000 1.0000 1.0000 1.0000 1.0000 1.0000 1.0000 1.0000 1.0000 0.8331 0.5278 0.3344 0.2114 0.1340 0.0847 0.0536 0.0338 0.0213 0.0135 0.0085 0.0054 0.0034 0.0021 0.0013 0.0008 0.0005 0.0003 0.0002 0.0001 0.0001 0.0001 0.0000 0.0000 1.0000 1.0000 1.0000 1.0000 1.0000 1.0000 1.0000 1.0000 1.0000 0.6810 0.4290 0.2739
0.4274 0.6695 1.0000 1.0000 1.0000 1.0000 1.0000 1.0000 1.0000 1.0000 1.0000 1.0000 0.0000 0.0001 0.0001 0.0001 0.0002 0.0003 0.0005 0.0008 0.0013 0.0021 0.0033 0.0053 0.0084 0.0133 0.0211 0.0334 0.0529 0.0837 0.1324 0.2094 0.3312 0.5238 0.8268 1.0000 1.0000 1.0000 1.0000 1.0000 1.0000 1.0000 1.0000 1.0000 0.0000 0.0000 0.0001 0.0001 0.0001 0.0002 0.0002 0.0002 0.0001 0.0001 0.0001 0.0000 0.0000 1.0000 1.0000 1.0000 1.0000 1.0000 1.0000 1.0000 1.0000 1.0000 0.8268 0.5238 0.3312 0.2094 0.1324 0.0837 0.0529 0.0334 0.0211 0.0133 0.0084 0.0053 0.0033 0.0021 0.0013 0.0008 0.0005 0.0003 0.0002 0.0001 0.0001 0.0001 0.0000 1.0000 1.0000 1.0000 1.0000 1.0000 1.0000 1.0000 1.0000 1.0000 1.0000 0.6695 0.4274
0.6669 1.0000 1.0000 1.0000 1.0000 1.0000 1.0000 1.0000 1.0000 1.0000 1.0000 0.0000 0.0001 0.0001 0.0001 0.0002 0.0003 0.0005 0.0008 0.0013 0.0021 0.0033 0.0052 0.0082 0.0131 0.0207 0.0329 0.0522 0.0826 0.1309 0.2071 0.3281 0.5189 0.8205 1.0000 1.0000 1.0000 1.0000 1.0000 1.0000 1.0000 1.0000 1.0000 0.0000 0.0000 0.0001 0.0001 0.0001 0.0002 0.0003 0.0003 0.0003 0.0002 0.0001 0.0001 0.0001 0.0000 0.0000 1.0000 1.0000 1.0000 1.0000 1.0000 1.0000 1.0000 1.0000 1.0000 0.8205 0.5189 0.3281 0.2071 0.1309 0.0826 0.0522 0.0329 0.0207 0.0131 0.0082 0.0052 0.0033 0.0021 0.0013 0.0008 0.0005 0.0003 0.0002 0.0001 0.0001 0.0001 0.0000 1.0000 1.0000 1.0000 1.0000 1.0000 1.0000 1.0000 1.0000 1.0000 1.0000 0.6669
1.0000 1.0000 1.0000 1.0000 1.0000 1.0000 1.0000 1.0000 1.0000 1.0000 0.0000 0.0001 0.0001 0.0001 0.0002 0.0003 0.0005 0.0008 0.0013 0.0020 0.0032 0.0051 0.0081 0.0129 0.0204 0.0324 0.0514 0.0815 0.1292 0.2043 0.3238 0.5130 0.8112 1.0000 1.0000 1.0000 1.0000 1.0000 1.0000 1.0000 1.0000 1.0000 0.0000 0.0000 0.0001 0.0001 0.0001 0.0002 0.0003 0.0005 0.0005 0.0005 0.0003 0.0002 0.0001 0.0001 0.0001 0.0000 0.0000 1.0000 1.0000 1.0000 1.0000 1.0000 1.0000 1.0000 1.0000 1.0000 0.8112 0.5130 0.3238 0.2043 0.1292 0.0815 0.0514 0.0324 0.0204 0.0129 0.0081 0.0051 0.0032 0.0020 0.0013 0.0008 0.0005 0.0003 0.0002 0.0001 0.0001 0.0001 0.0000 1.0000 1.0000 1.0000 1.0000 1.0000 1.0000 1.0000 1.0000 1.0000 1.0000
1.0000 1.0000 1.0000 1.0000 1.0000 1.0000 1.0000 1.0000 1.0000 0.0000 0.0000 0.0001 0.0001 0.0002 0.0003 0.0005 0.0008 0.0013 0.0020 0.0032 0.0050 0.0080 0.0126 0.0201 0.0319 0.0506 0.0802 0.1273 0.2016 0.3195 0.5062 0.8020 1.0000 1.0000 1.0000 1.0000 1.0000 1.0000 1.0000 1.0000 1.0000 0.0000 0.0000 0.0001 0.0001 0.0001 0.0002 0.0004 0.0005 0.0007 0.0009 0.0007 0.0005 0.0004 0.0002 0.0001 0.0001 0.0001 0.0000 0.0000 1.0000 1.0000 1.0000 1.0000 1.0000 1.0000 1.0000 1.0000 1.0000 0.8020 0.5062 0.3195 0.2016 0.1273 0.0802 0.0506 0.0319 0.0201 0.0126 0.0080 0.0050 0.0032 0.0020 0.0013 0.0008 0.0005 0.0003 0.0002 0.0001 0.0001 0.0000 0.0000 1.0000 1.0000 1.0000 1.0000 1.0000 1.0000 1.0000 1.0000 1.0000
1.0000 1.0000 1.0000 1.0000 1.0000 1.0000 1.0000 1.0000 0.0000 0.0000 0.0001 0.0001 0.0002 0.0003 0.0005 0.0008 0.0012 0.0020 0.0031 0.0049 0.0078 0.0125 0.0197 0.0313 0.0497 0.0790 0.1251 0.1986 0.3152 0.4995 0.7914 1.0000 1.0000 1.0000 1.0000 1.0000 1.0000 1.0000 1.0000 1.0000 0.0000 0.0000 0.0001 0.0001 0.0001 0.0002 0.0004 0.0006 0.0008 0.0012 0.0014 0.0012 0.0008 0.0006 0.0004 0.0002 0.0001 0.0001 0.0001 0.0000 0.0000 1.0000 1.0000 1.0000 1.0000 1.0000 1.0000 1.0000 1.0000 1.0000 0.7914 0.4995 0.3152 0.1986 0.1251 0.0790 0.0497 0.0313 0.0197 0.0125 0.0078 0.0049 0.0031 0.0020 0.0012 0.0008 0.0005 0.0003 0.0002 0.0001 0.0001 0.0000 0.0000 1.0000 1.0000 1.0000 1.0000 1.0000 1.0000 1.0000 1.0000
1.0000 1.0000 1.0000 1.0000 1.0000 1.0000 1.0000 0.0000 0.0000 0.0001 0.0001 0.0002 0.0003 0.0005 0.0008 0.0012 0.0019 0.0031 0.0049 0.0077 0.0122 0.0194 0.0308 0.0489 0.0776 0.1230 0.1952 0.3099 0.4910 0.7795 1.0000 1.0000 1.0000 1.0000 1.0000 1.0000 1.0000 1.0000 1.0000 0.0000 0.0000 0.0001 0.0001 0.0001 0.0002 0.0004 0.0006 0.0009 0.0013 0.0019 0.0021 0.0019 0.0013 0.0009 0.0006 0.0004 0.0002 0.0001 0.0001 0.0001 0.0000 0.0000 1.0000 1.0000 1.0000 1.0000 1.0000 1.0000 1.0000 1.0000 1.0000 0.7795 0.4910 0.3099 0.1952 0.1230 0.0776 0.0489 0.0308 0.0194 0.0122 0.0077 0.0049 0.0031 0.0019 0.0012 0.0008 0.0005 0.0003 0.0002 0.0001 0.0001 0.0000 0.0000 1.0000 1.0000 1.0000 1.0000 1.0000 1.0000 1.0000
1.0000 1.0000 1.0000 1.0000 1.0000 1.0000 0.0000 0.0000 0.0001 0.0001 0.0002 0.0003 0.0005 0.0008 0.0012 0.0019 0.0030 0.0048 0.0076 0.0120 0.0190 0.0302 0.0480 0.0760 0.1207 0.1915 0.3041 0.4818 0.7648 1.0000 1.0000 1.0000 1.0000 1.0000 1.0000 1.0000 1.0000 1.0000 0.0000 0.0000 0.0001 0.0001 0.0001 0.0002 0.0004 0.0006 0.0009 0.0014 0.0021 0.0029 0.0034 0.0029 0.0021 0.0014 0.0009 0.0006 0.0004 0.0002 0.0001 0.0001 0.0001 0.0000 0.0000 1.0000 1.0000 1.0000 1.0000 1.0000 1.0000 1.0000 1.0000 1.0000 0.7648 0.4818 0.3041 0.1915 0.1207 0.0760 0.0480 0.0302 0.0190 0.0120 0.0076 0.0048 0.0030 0.0019 0.0012 0.0008 0.0005 0.0003 0.0002 0.0001 0.0001 0.0000 0.0000 1.0000 1.0000 1.0000 1.0000 1.0000 1.0000
1.0000 1.0000 1.0000 1.0000 1.0000 0.0000 0.0000 0.0001 0.0001 0.0002 0.0003 0.0005 0.0007 0.0012 0.0018 0.0029 0.0046 0.0074 0.0117 0.0185 0.0294 0.0466 0.0740 0.1175 0.1862 0.2955 0.4691 0.7447 1.0000 1.0000 1.0000 1.0000 1.0000 1.0000 1.0000 1.0000 1.0000 0.0000 0.0000 0.0001 0.0001 0.0001 0.0002 0.0004 0.0006 0.0009 0.0014 0.0021 0.0032 0.0045 0.0052 0.0045 0.0032 0.0021 0.0014 0.0009 0.0006 0.0004 0.0002 0.0001 0.0001 0.0001 0.0000 0.0000 1.0000 1.0000 1.0000 1.0000 1.0000 1.0000 1.0000 1.0000 1.0000 0.7447 0.4691 0.2955 0.1862 0.1175 0.0740 0.0466 0.0294 0.0185 0.0117 0.0074 0.0046 0.0029 0.0018 0.0012 0.0007 0.0005 0.0003 0.0002 0.0001 0.0001 0.0000 0.0000 1.0000 1.0000 1.0000 1.0000 1.0000
1.0000 1.0000 1.0000 1.0000 0.0000 0.0000 0.0001 0.0001 0.0002 0.0003 0.0004 0.0007 0.0011 0.0017 0.0028 0.0044 0.0070 0.0110 0.0175 0.0278 0.0442 0.0700 0.1112 0.1765 0.2802 0.4448 0.7047 1.0000 1.0000 1.0000 1.0000 1.0000 1.0000 1.0000 1.0000 1.0000 0.0000 0.0000 0.0001 0.0001 0.0001 0.0002 0.0003 0.0005 0.0008 0.0013 0.0021 0.0032 0.0049 0.0069 0.0079 0.0069 0.0049 0.0032 0.0021 0.0013 0.0008 0.0005 0.0003 0.0002 0.0001 0.0001 0.0001 0.0000 0.0000 1.0000 1.0000 1.0000 1.0000 1.0000 1.0000 1.0000 1.0000 1.0000 0.7047 0.4448 0.2802 0.1765 0.1112 0.0700 0.0442 0.0278 0.0175 0.0110 0.0070 0.0044 0.0028 0.0017 0.0011 0.0007 0.0004 0.0003 0.0002 0.0001 0.0001 0.0000 0.0000 1.0000 1.0000 1.0000 1.0000
1.0000 1.0000 1.0000 0.0000 0.0000 0.0001 0.0001 0.0002 0.0002 0.0004 0.0006 0.0010 0.0015 0.0024 0.0038 0.0061 0.0097 0.0154 0.0244 0.0388 0.0614 0.0975 0.1548 0.2457 0.3901 0.6192 0.9812 1.0000 1.0000 1.0000 1.0000 1.0000 1.0000 1.0000 1.0000 1.0000 0.0000 0.0000 0.0001 0.0001 0.0002 0.0003 0.0005 0.0007 0.0012 0.0019 0.0029 0.0045 0.0069 0.0095 0.0110 0.0095 0.0069 0.0045 0.0029 0.0019 0.0012 0.0007 0.0005 0.0003 0.0002 0.0001 0.0001 0.0000 0.0000 1.0000 1.0000 1.0000 1.0000 1.0000 1.0000 1.0000 1.0000 1.0000 0.9812 0.6181 0.3901 0.2457 0.1548 0.0975 0.0614 0.0387 0.0244 0.0154 0.0097 0.0061 0.0038 0.0024 0.0015 0.0010 0.0006 0.0004 0.0002 0.0002 0.0001 0.0001 0.0000 0.0000 1.0000 1.0000 1.0000
1.0000 1.0000 1.0000 0.0000 0.0000 0.0001 0.0001 0.0002 0.0003 0.0004 0.0007 0.0011 0.0018 0.0028 0.0044 0.0070 0.0112 0.0177 0.0282 0.0447 0.0710 0.1125 0.1785 0.2834 0.4499 0.7142 1.0000 1.0000 1.0000 1.0000 1.0000 1.0000 1.0000 1.0000 1.0000 0.0000 0.0000 0.0001 0.0001 0.0001 0.0002 0.0003 0.0005 0.0009 0.0014 0.0021 0.0034 0.0052 0.0079 0.0110 0.0126 0.0110 0.0079 0.0052 0.0034 0.0021 0.0014 0.0009 0.0005 0.0003 0.0002 0.0001 0.0001 0.0001 0.0000 0.0000 1.0000 1.0000 1.0000 1.0000 1.0000 1.0000 1.0000 1.0000 1.0000 0.7142 0.4499 0.2834 0.1785 0.1125 0.0710 0.0447 0.0282 0.0177 0.0112 0.0070 0.0044 0.0028 0.0018 0.0011 0.0007 0.0004 0.0003 0.0002 0.0001 0.0001 0.0000 0.0000 1.0000 1.0000 1.0000
1.0000 1.0000 1.0000 0.0000 0.0000 0.0001 0.0001 0.0002 0.0002 0.0004 0.0006 0.0010 0.0015 0.0024 0.0038 0.0061 0.0097 0.0154 0.0244 0.0388 0.0614 0.0975 0.1548 0.2457 0.3901 0.6192 0.9812 1.0000 1.0000 1.0000 1.0000 1.0000 1.0000 1.0000 1.0000 1.0000 0.0000 0.0000 0.0001 0.0001 0.0002 0.0003 0.0005 0.0007 0.0012 0.0019 0.0029 0.0045 0.0069 0.0095 0.0110 0.0095 0.0069 0.0045 0.0029 0.0019 0.0012 0.0007 0.0005 0.0003 0.0002 0.0001 0.0001 0.0000 0.0000 1.0000 1.0000 1.0000 1.0000 1.0000 1.0000 1.0000 1.0000 1.0000 0.9812 0.6181 0.3901 0.2457 0.1548 0.0975 0.0614 0.0387 0.0244 0.0154 0.0097 0.0061 0.0038 0.0024 0.0015 0.0010 0.0006 0.0004 0.0002 0.0002 0.0001 0.0001 0.0000 0.0000 1.0000 1.0000 1.0000
1.0000 1.0000 1.0000 1.0000 0.0000 0.0000 0.0001 0.0001 0.0002 0.0003 0.0004 0.0007 0.0011 0.0017 0.0028 0.0044 0.0070 0.0110 0.0175 0.0278 0.0442 0.0700 0.1112 0.1765 0.2802 0.4448 0.7047 1.0000 1.0000 1.0000 1.0000 1.0000 1.0000 1.0000 1.0000 1.0000 0.0000 0.0000 0.0001 0.0001 0.0001 0.0002 0.0003 0.0005 0.0008 0.0013 0.0021 0.0032 0.0049 0.0069 0.0079 0.0069 0.0049 0.0032 0.0021 0.0013 0.0008 0.0005 0.0003 0.0002 0.0001 0.0001 0.0001 0.0000 0.0000 1.0000 1.0000 1.0000 1.0000 1.0000 1.0000 1.0000 1.0000 1.0000 0.7047 0.4448 0.2802 0.1765 0.1112 0.0700 0.0442 0.0278 0.0175 0.0110 0.0070 0.0044 0.0028 0.0017 0.0011 0.0007 0.0004 0.0003 0.0002 0.0001 0.0001 0.0000 0.0000 1.0000 1.0000 1.0000 1.0000
1.0000 1.0000 1.0000 1.0000 1.0000 0.0000 0.0000 0.0001 0.0001 0.0002 0.0003 0.0005 0.0007 0.0012 0.0018 0.0029 0.0046 0.0074 0.0117 0.0185 0.0294 0.0466 0.0740 0.1175 0.1862 0.2955 0.4691 0.7447 1.0000 1.0000 1.0000 1.0000 1.0000 1.0000 1.0000 1.0000 1.0000 0.0000 0.0000 0.0001 0.0001 0.0001 0.0002 0.0004 0.0006 0.0009 0.0014 0.0021 0.0032 0.0045 0.0052 0.0045 0.0032 0.0021 0.0014 0.0009 0.0006 0.0004 0.0002 0.0001 0.0001 0.0001 0.0000 0.0000 1.0000 1.0000 1.0000 1.0000 1.0000 1.0000 1.0000 1.0000 1.0000 0.7447 0.4691 0.2955 0.1862 0.1175 0.0740 0.0466 0.0294 0.0185 0.0117 0.0074 0.0046 0.0029 0.0018 0.0012 0.0007 0.0005 0.0003 0.0002 0.0001 0.0001 0.0000 0.0000 1.0000 1.0000 1.0000 1.0000 1.0000
1.0000 1.0000 1.0000 1.0000 1.0000 1.0000 0.0000 0.0000 0.0001 0.0001 0.0002 0.0003 0.0005 0.0008 0.0012 0.0019 0.0030 0.0048 0.0076 0.0120 0.0190 0.0302 0.0480 0.0760 0.1207 0.1915 0.3041 0.4818 0.7648 1.0000 1.0000 1.0000 1.0000 1.0000 1.0000 1.0000 1.0000 1.0000 0.0000 0.0000 0.0001 0.0001 0.0001 0.0002 0.0004 0.0006 0.0009 0.0014 0.0021 0.0029 0.0034 0.0029 0.0021 0.0014 0.0009 0.0006 0.0004 0.0002 0.0001 0.0001 0.0001 0.0000 0.0000 1.0000 1.0000 1.0000 1.0000 1.0000 1.0000 1.0000 1.0000 1.0000 0.7648 0.4818 0.3041 0.1915 0.1207 0.0760 0.0480 0.0302 0.0190 0.0120 0.0076 0.0048 0.0030 0.0019 0.0012 0.0008 0.0005 0.0003 0.0002 0.0001 0.0001 0.0000 0.0000 1.0000 1.0000 1.0000 1.0000 1.0000 1.0000
1.0000 1.0000 1.0000 1.0000 1.0000 1.0000 1.0000 0.0000 0.0000 0.0001 0.0001 0.0002 0.0003 0.0005 0.0008 0.0012 0.0019 0.0031 0.0049 0.0077 0.0122 0.0194 0.0308 0.0489 0.0776 0.1230 0.1952 0.3099 0.4910 0.7795 1.0000 1.0000 1.0000 1.0000 1.0000 1.0000 1.0000 1.0000 1.0000 0.0000 0.0000 0.0001 0.0001 0.0001 0.0002 0.0004 0.0006 0.0009 0.0013 0.0019 0.0021 0.0019 0.0013 0.0009 0.0006 0.0004 0.0002 0.0001 0.0001 0.0001 0.0000 0.0000 1.0000 1.0000 1.0000 1.0000 1.0000 1.0000 1.0000 1.0000 1.0000 0.7795 0.4910 0.3099 0.1952 0.1230 0.0776 0.0489 0.0308 0.0194 0.0122 0.0077 0.0049 0.0031 0.0019 0.0012 0.0008 0.0005 0.0003 0.0002 0.0001 0.0001 0.0000 0.0000 1.0000 1.0000 1.0000 1.0000 1.0000 1.0000 1.0000
