0.2505 0.2781 0.3087 0.3428 0.3797 0.4174 0.4517 0.4757 0.4858 0.4850 0.4761 0.4599 0.4363 0.4048 0.3645 0.3149 0.2572 0.2001 0.1656 0.1507 0.1427 0.1379 0.1354 0.1347 0.1357 0.1384 0.1428 0.1490 0.1571 0.1674 0.1799 0.1951 0.2131 0.2341 0.2586 0.2867 0.3185 0.3536 0.3910 0.4282 0.4603 0.4801 0.4865 0.4831 0.4720 0.4537 0.4282 0.3957 0.3584 0.3238 0.3083 0.3238 0.3584 0.3957 0.4282 0.4537 0.4720 0.4831 0.4865 0.4801 0.4603 0.4282 0.3910 0.3536 0.3185 0.2867 0.2586 0.2341 0.2131 0.1951 0.1799 0.1674 0.1571 0.1490 0.1428 0.1384 0.1357 0.1347 0.1354 0.1379 0.1427 0.1507 0.1656 0.2001 0.2572 0.3149 0.3645 0.4048 0.4363 0.4599 0.4761 0.4850 0.4858 0.4757 0.4517 0.4174 0.3797 0.3428 0.3087 0.2781 0.2505
0.2781 0.3101 0.3439 0.3799 0.4158 0.4475 0.4683 0.4764 0.4749 0.4659 0.4499 0.4268 0.3960 0.3568 0.3085 0.2525 0.1970 0.1637 0.1497 0.1422 0.1377 0.1355 0.1350 0.1362 0.1391 0.1437 0.1501 0.1584 0.1689 0.1817 0.1970 0.2151 0.2364 0.2609 0.2889 0.3203 0.3548 0.3909 0.4261 0.4551 0.4719 0.4768 0.4729 0.4618 0.4438 0.4186 0.3857 0.3456 0.3009 0.2612 0.2440 0.2612 0.3009 0.3456 0.3857 0.4186 0.4438 0.4618 0.4729 0.4768 0.4719 0.4551 0.4261 0.3909 0.3548 0.3203 0.2889 0.2609 0.2364 0.2151 0.1970 0.1817 0.1689 0.1584 0.1501 0.1437 0.1391 0.1362 0.1350 0.1355 0.1377 0.1422 0.1497 0.1637 0.1970 0.2525 0.3085 0.3568 0.3960 0.4268 0.4499 0.4659 0.4749 0.4764 0.4683 0.4475 0.4158 0.3799 0.3439 0.3101 0.2781
0.3087 0.3439 0.3803 0.4166 0.4482 0.4687 0.4765 0.4747 0.4654 0.4492 0.4258 0.3947 0.3552 0.3066 0.2504 0.1952 0.1630 0.1493 0.1420 0.1376 0.1354 0.1350 0.1363 0.1392 0.1439 0.1504 0.1588 0.1693 0.1822 0.1976 0.2159 0.2372 0.2619 0.2900 0.3216 0.3561 0.3923 0.4273 0.4560 0.4723 0.4768 0.4726 0.4613 0.4430 0.4174 0.3840 0.3422 0.2930 0.2417 0.2024 0.1887 0.2024 0.2417 0.2930 0.3422 0.3840 0.4174 0.4430 0.4613 0.4726 0.4768 0.4723 0.4560 0.4273 0.3923 0.3561 0.3216 0.2900 0.2619 0.2372 0.2159 0.1976 0.1822 0.1693 0.1588 0.1504 0.1439 0.1392 0.1363 0.1350 0.1354 0.1376 0.1420 0.1493 0.1630 0.1952 0.2504 0.3066 0.3552 0.3947 0.4258 0.4492 0.4654 0.4747 0.4765 0.4687 0.4482 0.4166 0.3803 0.3439 0.3087
0.3428 0.3799 0.4166 0.4484 0.4689 0.4765 0.4745 0.4650 0.4485 0.4249 0.3935 0.3536 0.3046 0.2482 0.1935 0.1622 0.1490 0.1418 0.1375 0.1354 0.1350 0.1364 0.1394 0.1441 0.1506 0.1591 0.1698 0.1827 0.1982 0.2166 0.2381 0.2629 0.2911 0.3228 0.3574 0.3936 0.4286 0.4568 0.4727 0.4768 0.4723 0.4607 0.4421 0.4163 0.3824 0.3400 0.2891 0.2335 0.1871 0.1653 0.1598 0.1653 0.1871 0.2335 0.2891 0.3400 0.3824 0.4163 0.4421 0.4607 0.4723 0.4768 0.4727 0.4568 0.4286 0.3936 0.3574 0.3228 0.2911 0.2629 0.2381 0.2166 0.1982 0.1827 0.1698 0.1591 0.1506 0.1441 0.1394 0.1364 0.1350 0.1354 0.1375 0.1418 0.1490 0.1622 0.1935 0.2482 0.3046 0.3536 0.3935 0.4249 0.4485 0.4650 0.4745 0.4765 0.4689 0.4484 0.4166 0.3799 0.3428
0.3797 0.4158 0.4482 0.4689 0.4765 0.4744 0.4648 0.4480 0.4241 0.3924 0.3521 0.3028 0.2461 0.1919 0.1615 0.1486 0.1416 0.1374 0.1353 0.1350 0.1365 0.1395 0.1443 0.1509 0.1595 0.1702 0.1832 0.1989 0.2173 0.2389 0.2638 0.2922 0.3240 0.3587 0.3950 0.4298 0.4576 0.4730 0.4768 0.4720 0.4601 0.4413 0.4151 0.3810 0.3381 0.2865 0.2294 0.1816 0.1589 0.1501 0.1474 0.1501 0.1589 0.1816 0.2294 0.2865 0.3381 0.3810 0.4151 0.4413 0.4601 0.4720 0.4768 0.4730 0.4576 0.4298 0.3950 0.3587 0.3240 0.2922 0.2638 0.2389 0.2173 0.1989 0.1832 0.1702 0.1595 0.1509 0.1443 0.1395 0.1365 0.1350 0.1353 0.1374 0.1416 0.1486 0.1615 0.1919 0.2461 0.3028 0.3521 0.3924 0.4241 0.4480 0.4648 0.4744 0.4765 0.4689 0.4482 0.4158 0.3797
0.4174 0.4475 0.4687 0.4765 0.4744 0.4647 0.4478 0.4236 0.3915 0.3509 0.3012 0.2443 0.1904 0.1609 0.1483 0.1414 0.1373 0.1353 0.1351 0.1365 0.1397 0.1445 0.1512 0.1599 0.1706 0.1838 0.1995 0.2181 0.2398 0.2648 0.2934 0.3253 0.3601 0.3963 0.4310 0.4584 0.4733 0.4767 0.4717 0.4596 0.4405 0.4140 0.3796 0.3363 0.2843 0.2268 0.1790 0.1567 0.1470 0.1421 0.1405 0.1421 0.1470 0.1567 0.1790 0.2268 0.2843 0.3363 0.3796 0.4140 0.4405 0.4596 0.4717 0.4767 0.4733 0.4584 0.4310 0.3963 0.3601 0.3253 0.2934 0.2648 0.2398 0.2181 0.1995 0.1838 0.1706 0.1599 0.1512 0.1445 0.1397 0.1365 0.1351 0.1353 0.1373 0.1414 0.1483 0.1609 0.1904 0.2443 0.3012 0.3509 0.3915 0.4236 0.4478 0.4647 0.4744 0.4765 0.4687 0.4475 0.4174
0.4517 0.4683 0.4765 0.4745 0.4648 0.4478 0.4234 0.3911 0.3501 0.3000 0.2428 0.1892 0.1603 0.1480 0.1412 0.1372 0.1352 0.1351 0.1366 0.1398 0.1447 0.1515 0.1602 0.1711 0.1843 0.2002 0.2188 0.2407 0.2658 0.2945 0.3266 0.3614 0.3977 0.4322 0.4593 0.4736 0.4767 0.4714 0.4590 0.4396 0.4129 0.3781 0.3345 0.2822 0.2245 0.1775 0.1557 0.1459 0.1404 0.1375 0.1366 0.1375 0.1404 0.1459 0.1557 0.1775 0.2245 0.2822 0.3345 0.3781 0.4129 0.4396 0.4590 0.4714 0.4767 0.4736 0.4593 0.4322 0.3977 0.3614 0.3266 0.2945 0.2658 0.2407 0.2188 0.2002 0.1843 0.1711 0.1602 0.1515 0.1447 0.1398 0.1366 0.1351 0.1352 0.1372 0.1412 0.1480 0.1603 0.1892 0.2428 0.3000 0.3501 0.3911 0.4234 0.4478 0.4648 0.4745 0.4765 0.4683 0.4517
0.4757 0.4764 0.4747 0.4650 0.4480 0.4236 0.3911 0.3498 0.2994 0.2418 0.1883 0.1599 0.1478 0.1410 0.1371 0.1352 0.1351 0.1367 0.1400 0.1450 0.1518 0.1606 0.1715 0.1849 0.2008 0.2196 0.2415 0.2668 0.2956 0.3278 0.3628 0.3990 0.4334 0.4600 0.4739 0.4766 0.4711 0.4584 0.4387 0.4117 0.3766 0.3327 0.2800 0.2223 0.1762 0.1551 0.1454 0.1398 0.1366 0.1353 0.1349 0.1353 0.1366 0.1398 0.1454 0.1551 0.1762 0.2223 0.2800 0.3327 0.3766 0.4117 0.4387 0.4584 0.4711 0.4766 0.4739 0.4600 0.4334 0.3990 0.3628 0.3278 0.2956 0.2668 0.2415 0.2196 0.2008 0.1849 0.1715 0.1606 0.1518 0.1450 0.1400 0.1367 0.1351 0.1352 0.1371 0.1410 0.1478 0.1599 0.1883 0.2418 0.2994 0.3498 0.3911 0.4236 0.4480 0.4650 0.4747 0.4764 0.4757
0.4858 0.4749 0.4654 0.4485 0.4241 0.3915 0.3501 0.2994 0.2414 0.1878 0.1596 0.1476 0.1409 0.1370 0.1352 0.1351 0.1368 0.1401 0.1452 0.1521 0.1609 0.1720 0.1854 0.2014 0.2204 0.2424 0.2678 0.2968 0.3291 0.3641 0.4004 0.4345 0.4608 0.4742 0.4765 0.4707 0.4578 0.4379 0.4106 0.3752 0.3309 0.2779 0.2202 0.1750 0.1545 0.1451 0.1395 0.1363 0.1350 0.1350 0.1352 0.1350 0.1350 0.1363 0.1395 0.1451 0.1545 0.1750 0.2202 0.2779 0.3309 0.3752 0.4106 0.4379 0.4578 0.4707 0.4765 0.4742 0.4608 0.4345 0.4004 0.3641 0.3291 0.2968 0.2678 0.2424 0.2204 0.2014 0.1854 0.1720 0.1609 0.1521 0.1452 0.1401 0.1368 0.1351 0.1352 0.1370 0.1409 0.1476 0.1596 0.1878 0.2414 0.2994 0.3501 0.3915 0.4241 0.4485 0.4654 0.4749 0.4858
0.4850 0.4659 0.4492 0.4249 0.3924 0.3509 0.3000 0.2418 0.1878 0.1595 0.1475 0.1408 0.1370 0.1352 0.1352 0.1369 0.1402 0.1454 0.1523 0.1613 0.1724 0.1859 0.2021 0.2211 0.2433 0.2689 0.2979 0.3303 0.3654 0.4017 0.4357 0.4615 0.4745 0.4765 0.4704 0.4572 0.4370 0.4094 0.3737 0.3291 0.2758 0.2181 0.1738 0.1541 0.1448 0.1393 0.1362 0.1350 0.1353 0.1365 0.1372 0.1365 0.1353 0.1350 0.1362 0.1393 0.1448 0.1541 0.1738 0.2181 0.2758 0.3291 0.3737 0.4094 0.4370 0.4572 0.4704 0.4765 0.4745 0.4615 0.4357 0.4017 0.3654 0.3303 0.2979 0.2689 0.2433 0.2211 0.2021 0.1859 0.1724 0.1613 0.1523 0.1454 0.1402 0.1369 0.1352 0.1352 0.1370 0.1408 0.1475 0.1595 0.1878 0.2418 0.3000 0.3509 0.3924 0.4249 0.4492 0.4659 0.4850
0.4761 0.4499 0.4258 0.3935 0.3521 0.3012 0.2428 0.1883 0.1596 0.1475 0.1408 0.1369 0.1352 0.1352 0.1369 0.1403 0.1455 0.1526 0.1616 0.1728 0.1865 0.2027 0.2219 0.2442 0.2699 0.2991 0.3316 0.3668 0.4031 0.4369 0.4623 0.4747 0.4764 0.4700 0.4565 0.4361 0.4082 0.3722 0.3272 0.2737 0.2161 0.1727 0.1536 0.1445 0.1391 0.1361 0.1350 0.1355 0.1374 0.1398 0.1410 0.1398 0.1374 0.1355 0.1350 0.1361 0.1391 0.1445 0.1536 0.1727 0.2161 0.2737 0.3272 0.3722 0.4082 0.4361 0.4565 0.4700 0.4764 0.4747 0.4623 0.4369 0.4031 0.3668 0.3316 0.2991 0.2699 0.2442 0.2219 0.2027 0.1865 0.1728 0.1616 0.1526 0.1455 0.1403 0.1369 0.1352 0.1352 0.1369 0.1408 0.1475 0.1596 0.1883 0.2428 0.3012 0.3521 0.3935 0.4258 0.4499 0.4761
0.4599 0.4268 0.3947 0.3536 0.3028 0.2443 0.1892 0.1599 0.1476 0.1408 0.1369 0.1351 0.1352 0.1369 0.1404 0.1456 0.1527 0.1619 0.1732 0.1869 0.2033 0.2226 0.2450 0.2709 0.3002 0.3329 0.3681 0.4044 0.4380 0.4630 0.4750 0.4763 0.4696 0.4559 0.4352 0.4070 0.3706 0.3254 0.2715 0.2140 0.1717 0.1532 0.1442 0.1389 0.1360 0.1350 0.1356 0.1378 0.1413 0.1450 0.1468 0.1450 0.1413 0.1378 0.1356 0.1350 0.1360 0.1389 0.1442 0.1532 0.1717 0.2140 0.2715 0.3254 0.3706 0.4070 0.4352 0.4559 0.4696 0.4763 0.4750 0.4630 0.4380 0.4044 0.3681 0.3329 0.3002 0.2709 0.2450 0.2226 0.2033 0.1869 0.1732 0.1619 0.1527 0.1456 0.1404 0.1369 0.1352 0.1351 0.1369 0.1408 0.1476 0.1599 0.1892 0.2443 0.3028 0.3536 0.3947 0.4268 0.4599
0.4363 0.3960 0.3552 0.3046 0.2461 0.1904 0.1603 0.1478 0.1409 0.1370 0.1352 0.1352 0.1370 0.1405 0.1457 0.1529 0.1621 0.1735 0.1873 0.2038 0.2232 0.2458 0.2718 0.3013 0.3341 0.3695 0.4057 0.4391 0.4636 0.4752 0.4761 0.4692 0.4553 0.4343 0.4058 0.3691 0.3235 0.2694 0.2119 0.1706 0.1527 0.1440 0.1388 0.1359 0.1350 0.1357 0.1380 0.1419 0.1470 0.1521 0.1545 0.1521 0.1470 0.1419 0.1380 0.1357 0.1350 0.1359 0.1388 0.1440 0.1527 0.1706 0.2119 0.2694 0.3235 0.3691 0.4058 0.4343 0.4553 0.4692 0.4761 0.4752 0.4636 0.4391 0.4057 0.3695 0.3341 0.3013 0.2718 0.2458 0.2232 0.2038 0.1873 0.1735 0.1621 0.1529 0.1457 0.1405 0.1370 0.1352 0.1352 0.1370 0.1409 0.1478 0.1603 0.1904 0.2461 0.3046 0.3552 0.3960 0.4363
0.4048 0.3568 0.3066 0.2482 0.1919 0.1609 0.1480 0.1410 0.1370 0.1352 0.1352 0.1369 0.1405 0.1457 0.1530 0.1622 0.1737 0.1876 0.2042 0.2237 0.2465 0.2726 0.3022 0.3352 0.3707 0.4070 0.4402 0.4643 0.4754 0.4760 0.4688 0.4546 0.4334 0.4046 0.3676 0.3216 0.2673 0.2099 0.1697 0.1523 0.1438 0.1386 0.1359 0.1349 0.1357 0.1382 0.1423 0.1480 0.1549 0.1614 0.1645 0.1614 0.1549 0.1480 0.1423 0.1382 0.1357 0.1349 0.1359 0.1386 0.1438 0.1523 0.1697 0.2099 0.2673 0.3216 0.3676 0.4046 0.4334 0.4546 0.4688 0.4760 0.4754 0.4643 0.4402 0.4070 0.3707 0.3352 0.3022 0.2726 0.2465 0.2237 0.2042 0.1876 0.1737 0.1622 0.1530 0.1457 0.1405 0.1369 0.1352 0.1352 0.1370 0.1410 0.1480 0.1609 0.1919 0.2482 0.3066 0.3568 0.4048
0.3645 0.3085 0.2504 0.1935 0.1615 0.1483 0.1412 0.1371 0.1352 0.1352 0.1369 0.1404 0.1457 0.1530 0.1622 0.1738 0.1878 0.2045 0.2241 0.2470 0.2733 0.3031 0.3362 0.3718 0.4081 0.4412 0.4649 0.4756 0.4759 0.4684 0.4539 0.4324 0.4034 0.3660 0.3198 0.2651 0.2079 0.1687 0.1519 0.1435 0.1385 0.1358 0.1349 0.1358 0.1383 0.1425 0.1485 0.1561 0.1649 0.1731 0.1769 0.1731 0.1649 0.1561 0.1485 0.1425 0.1383 0.1358 0.1349 0.1358 0.1385 0.1435 0.1519 0.1687 0.2079 0.2651 0.3198 0.3660 0.4034 0.4324 0.4539 0.4684 0.4759 0.4756 0.4649 0.4412 0.4081 0.3718 0.3362 0.3031 0.2733 0.2470 0.2241 0.2045 0.1878 0.1738 0.1622 0.1530 0.1457 0.1404 0.1369 0.1352 0.1352 0.1371 0.1412 0.1483 0.1615 0.1935 0.2504 0.3085 0.3645
0.3149 0.2525 0.1952 0.1622 0.1486 0.1414 0.1372 0.1352 0.1351 0.1369 0.1403 0.1456 0.1529 0.1622 0.1738 0.1878 0.2046 0.2244 0.2474 0.2738 0.3038 0.3370 0.3728 0.4091 0.4421 0.4654 0.4757 0.4757 0.4680 0.4533 0.4315 0.4021 0.3645 0.3178 0.2629 0.2059 0.1678 0.1515 0.1433 0.1384 0.1357 0.1350 0.1359 0.1385 0.1427 0.1488 0.1567 0.1664 0.1773 0.1874 0.1919 0.1874 0.1773 0.1664 0.1567 0.1488 0.1427 0.1385 0.1359 0.1350 0.1357 0.1384 0.1433 0.1515 0.1678 0.2059 0.2629 0.3178 0.3645 0.4021 0.4315 0.4533 0.4680 0.4757 0.4757 0.4654 0.4421 0.4091 0.3728 0.3370 0.3038 0.2738 0.2474 0.2244 0.2046 0.1878 0.1738 0.1622 0.1529 0.1456 0.1403 0.1369 0.1351 0.1352 0.1372 0.1414 0.1486 0.1622 0.1952 0.2525 0.3149
0.2572 0.1970 0.1630 0.1490 0.1416 0.1373 0.1352 0.1351 0.1368 0.1402 0.1455 0.1527 0.1621 0.1737 0.1878 0.2046 0.2244 0.2476 0.2741 0.3043 0.3377 0.3735 0.4099 0.4429 0.4659 0.4758 0.4756 0.4676 0.4527 0.4306 0.4009 0.3629 0.3159 0.2608 0.2040 0.1669 0.1511 0.1430 0.1382 0.1357 0.1350 0.1359 0.1386 0.1429 0.1491 0.1571 0.1671 0.1791 0.1924 0.2045 0.2100 0.2045 0.1924 0.1791 0.1671 0.1571 0.1491 0.1429 0.1386 0.1359 0.1350 0.1357 0.1382 0.1430 0.1511 0.1669 0.2040 0.2608 0.3159 0.3629 0.4009 0.4306 0.4527 0.4676 0.4756 0.4758 0.4659 0.4429 0.4099 0.3735 0.3377 0.3043 0.2741 0.2476 0.2244 0.2046 0.1878 0.1737 0.1621 0.1527 0.1455 0.1402 0.1368 0.1351 0.1352 0.1373 0.1416 0.1490 0.1630 0.1970 0.2572
0.2001 0.1637 0.1493 0.1418 0.1374 0.1353 0.1351 0.1367 0.1401 0.1454 0.1526 0.1619 0.1735 0.1876 0.2045 0.2244 0.2476 0.2743 0.3045 0.3381 0.3741 0.4106 0.4434 0.4663 0.4760 0.4755 0.4673 0.4521 0.4297 0.3998 0.3614 0.3141 0.2586 0.2021 0.1660 0.1507 0.1428 0.1381 0.1356 0.1350 0.1360 0.1387 0.1431 0.1493 0.1575 0.1677 0.1800 0.1946 0.2104 0.2248 0.2313 0.2248 0.2104 0.1946 0.1800 0.1677 0.1575 0.1493 0.1431 0.1387 0.1360 0.1350 0.1356 0.1381 0.1428 0.1507 0.1660 0.2021 0.2586 0.3141 0.3614 0.3998 0.4297 0.4521 0.4673 0.4755 0.4760 0.4663 0.4434 0.4106 0.3741 0.3381 0.3045 0.2743 0.2476 0.2244 0.2045 0.1876 0.1735 0.1619 0.1526 0.1454 0.1401 0.1367 0.1351 0.1353 0.1374 0.1418 0.1493 0.1637 0.2001
0.1656 0.1497 0.1420 0.1375 0.1353 0.1351 0.1366 0.1400 0.1452 0.1523 0.1616 0.1732 0.1873 0.2042 0.2241 0.2474 0.2741 0.3045 0.3382 0.3743 0.4110 0.4439 0.4665 0.4760 0.4754 0.4670 0.4516 0.4290 0.3987 0.3601 0.3123 0.2566 0.2004 0.1652 0.1504 0.1426 0.1380 0.1356 0.1350 0.1361 0.1388 0.1433 0.1496 0.1578 0.1681 0.1807 0.1957 0.2130 0.2317 0.2486 0.2562 0.2486 0.2317 0.2130 0.1957 0.1807 0.1681 0.1578 0.1496 0.1433 0.1388 0.1361 0.1350 0.1356 0.1380 0.1426 0.1504 0.1652 0.2004 0.2566 0.3123 0.3601 0.3987 0.4290 0.4516 0.4670 0.4754 0.4760 0.4665 0.4439 0.4110 0.3743 0.3382 0.3045 0.2741 0.2474 0.2241 0.2042 0.1873 0.1732 0.1616 0.1523 0.1452 0.1400 0.1366 0.1351 0.1353 0.1375 0.1420 0.1497 0.1656
0.1507 0.1422 0.1376 0.1354 0.1350 0.1365 0.1398 0.1450 0.1521 0.1613 0.1728 0.1869 0.2038 0.2237 0.2470 0.2738 0.3043 0.3381 0.3743 0.4111 0.4441 0.4667 0.4761 0.4753 0.4668 0.4512 0.4283 0.3978 0.3588 0.3108 0.2548 0.1988 0.1644 0.1500 0.1424 0.1378 0.1355 0.1350 0.1362 0.1390 0.1435 0.1499 0.1581 0.1685 0.1812 0.1964 0.2143 0.2348 0.2566 0.2760 0.2848 0.2760 0.2566 0.2348 0.2143 0.1964 0.1812 0.1685 0.1581 0.1499 0.1435 0.1390 0.1362 0.1350 0.1355 0.1378 0.1424 0.1500 0.1644 0.1988 0.2548 0.3108 0.3588 0.3978 0.4283 0.4512 0.4668 0.4753 0.4761 0.4667 0.4441 0.4111 0.3743 0.3381 0.3043 0.2738 0.2470 0.2237 0.2038 0.1869 0.1728 0.1613 0.1521 0.1450 0.1398 0.1365 0.1350 0.1354 0.1376 0.1422 0.1507
0.1427 0.1377 0.1354 0.1350 0.1365 0.1397 0.1447 0.1518 0.1609 0.1724 0.1865 0.2033 0.2232 0.2465 0.2733 0.3038 0.3377 0.3741 0.4110 0.4441 0.4668 0.4761 0.4753 0.4666 0.4508 0.4278 0.3971 0.3578 0.3094 0.2532 0.1973 0.1638 0.1497 0.1422 0.1377 0.1355 0.1350 0.1362 0.1391 0.1437 0.1501 0.1585 0.1690 0.1818 0.1971 0.2152 0.2363 0.2600 0.2852 0.3073 0.3172 0.3073 0.2852 0.2600 0.2363 0.2152 0.1971 0.1818 0.1690 0.1585 0.1501 0.1437 0.1391 0.1362 0.1350 0.1355 0.1377 0.1422 0.1497 0.1638 0.1973 0.2532 0.3094 0.3578 0.3971 0.4278 0.4508 0.4666 0.4753 0.4761 0.4668 0.4441 0.4110 0.3741 0.3377 0.3038 0.2733 0.2465 0.2232 0.2033 0.1865 0.1724 0.1609 0.1518 0.1447 0.1397 0.1365 0.1350 0.1354 0.1377 0.1427
0.1379 0.1355 0.1350 0.1364 0.1395 0.1445 0.1515 0.1606 0.1720 0.1859 0.2027 0.2226 0.2458 0.2726 0.3031 0.3370 0.3735 0.4106 0.4439 0.4667 0.4761 0.4752 0.4665 0.4507 0.4275 0.3965 0.3570 0.3083 0.2518 0.1961 0.1632 0.1494 0.1420 0.1376 0.1354 0.1350 0.1363 0.1393 0.1439 0.1504 0.1588 0.1694 0.1823 0.1977 0.2160 0.2373 0.2618 0.2891 0.3175 0.3421 0.3530 0.3421 0.3175 0.2891 0.2618 0.2373 0.2160 0.1977 0.1823 0.1694 0.1588 0.1504 0.1439 0.1393 0.1363 0.1350 0.1354 0.1376 0.1420 0.1494 0.1632 0.1961 0.2518 0.3083 0.3570 0.3965 0.4275 0.4507 0.4665 0.4752 0.4761 0.4667 0.4439 0.4106 0.3735 0.3370 0.3031 0.2726 0.2458 0.2226 0.2027 0.1859 0.1720 0.1606 0.1515 0.1445 0.1395 0.1364 0.1350 0.1355 0.1379
0.1354 0.1350 0.1363 0.1394 0.1443 0.1512 0.1602 0.1715 0.1854 0.2021 0.2219 0.2450 0.2718 0.3022 0.3362 0.3728 0.4099 0.4434 0.4665 0.4761 0.4753 0.4665 0.4506 0.4273 0.3962 0.3564 0.3074 0.2507 0.1951 0.1627 0.1492 0.1418 0.1375 0.1354 0.1350 0.1364 0.1394 0.1441 0.1507 0.1592 0.1698 0.1828 0.1984 0.2167 0.2382 0.2630 0.2910 0.3218 0.3531 0.3795 0.3909 0.3795 0.3531 0.3218 0.2910 0.2630 0.2382 0.2167 0.1984 0.1828 0.1698 0.1592 0.1507 0.1441 0.1394 0.1364 0.1350 0.1354 0.1375 0.1418 0.1492 0.1627 0.1951 0.2507 0.3074 0.3564 0.3962 0.4273 0.4506 0.4665 0.4753 0.4761 0.4665 0.4434 0.4099 0.3728 0.3362 0.3022 0.2718 0.2450 0.2219 0.2021 0.1854 0.1715 0.1602 0.1512 0.1443 0.1394 0.1363 0.1350 0.1354
0.1347 0.1362 0.1392 0.1441 0.1509 0.1599 0.1711 0.1849 0.2014 0.2211 0.2442 0.2709 0.3013 0.3352 0.3718 0.4091 0.4429 0.4663 0.4760 0.4753 0.4666 0.4507 0.4273 0.3961 0.3561 0.3069 0.2500 0.1944 0.1624 0.1490 0.1417 0.1375 0.1353 0.1350 0.1364 0.1395 0.1443 0.1509 0.1595 0.1703 0.1833 0.1990 0.2175 0.2391 0.2640 0.2924 0.3240 0.3577 0.3907 0.4169 0.4276 0.4169 0.3907 0.3577 0.3240 0.2924 0.2640 0.2391 0.2175 0.1990 0.1833 0.1703 0.1595 0.1509 0.1443 0.1395 0.1364 0.1350 0.1353 0.1375 0.1417 0.1490 0.1624 0.1944 0.2500 0.3069 0.3561 0.3961 0.4273 0.4507 0.4666 0.4753 0.4760 0.4663 0.4429 0.4091 0.3718 0.3352 0.3013 0.2709 0.2442 0.2211 0.2014 0.1849 0.1711 0.1599 0.1509 0.1441 0.1392 0.1362 0.1347
0.1357 0.1391 0.1439 0.1506 0.1595 0.1706 0.1843 0.2008 0.2204 0.2433 0.2699 0.3002 0.3341 0.3707 0.4081 0.4421 0.4659 0.4760 0.4754 0.4668 0.4508 0.4275 0.3962 0.3561 0.3068 0.2495 0.1939 0.1621 0.1488 0.1416 0.1374 0.1353 0.1351 0.1365 0.1396 0.1445 0.1512 0.1599 0.1707 0.1839 0.1996 0.2182 0.2400 0.2650 0.2936 0.3255 0.3600 0.3953 0.4272 0.4495 0.4572 0.4495 0.4272 0.3953 0.3600 0.3255 0.2936 0.2650 0.2400 0.2182 0.1996 0.1839 0.1707 0.1599 0.1512 0.1445 0.1396 0.1365 0.1351 0.1353 0.1374 0.1416 0.1488 0.1621 0.1939 0.2495 0.3068 0.3561 0.3962 0.4275 0.4508 0.4668 0.4754 0.4760 0.4659 0.4421 0.4081 0.3707 0.3341 0.3002 0.2699 0.2433 0.2204 0.2008 0.1843 0.1706 0.1595 0.1506 0.1439 0.1391 0.1357
0.1384 0.1437 0.1504 0.1591 0.1702 0.1838 0.2002 0.2196 0.2424 0.2689 0.2991 0.3329 0.3695 0.4070 0.4412 0.4654 0.4758 0.4755 0.4670 0.4512 0.4278 0.3965 0.3564 0.3069 0.2495 0.1937 0.1620 0.1487 0.1416 0.1373 0.1353 0.1351 0.1366 0.1397 0.1446 0.1514 0.1601 0.1711 0.1843 0.2002 0.2189 0.2408 0.2660 0.2947 0.3268 0.3616 0.3976 0.4313 0.4568 0.4698 0.4732 0.4698 0.4568 0.4313 0.3976 0.3616 0.3268 0.2947 0.2660 0.2408 0.2189 0.2002 0.1843 0.1711 0.1601 0.1514 0.1446 0.1397 0.1366 0.1351 0.1353 0.1373 0.1416 0.1487 0.1620 0.1937 0.2495 0.3069 0.3564 0.3965 0.4278 0.4512 0.4670 0.4755 0.4758 0.4654 0.4412 0.4070 0.3695 0.3329 0.2991 0.2689 0.2424 0.2196 0.2002 0.1838 0.1702 0.1591 0.1504 0.1437 0.1384
0.1428 0.1501 0.1588 0.1698 0.1832 0.1995 0.2188 0.2415 0.2678 0.2979 0.3316 0.3681 0.4057 0.4402 0.4649 0.4757 0.4756 0.4673 0.4516 0.4283 0.3971 0.3570 0.3074 0.2500 0.1939 0.1620 0.1487 0.1415 0.1373 0.1353 0.1351 0.1366 0.1398 0.1448 0.1516 0.1604 0.1714 0.1848 0.2007 0.2196 0.2416 0.2670 0.2958 0.3280 0.3630 0.3992 0.4333 0.4595 0.4730 0.4767 0.4766 0.4767 0.4730 0.4595 0.4333 0.3992 0.3630 0.3280 0.2958 0.2670 0.2416 0.2196 0.2007 0.1848 0.1714 0.1604 0.1516 0.1448 0.1398 0.1366 0.1351 0.1353 0.1373 0.1415 0.1487 0.1620 0.1939 0.2500 0.3074 0.3570 0.3971 0.4283 0.4516 0.4673 0.4756 0.4757 0.4649 0.4402 0.4057 0.3681 0.3316 0.2979 0.2678 0.2415 0.2188 0.1995 0.1832 0.1698 0.1588 0.1501 0.1428
0.1490 0.1584 0.1693 0.1827 0.1989 0.2181 0.2407 0.2668 0.2968 0.3303 0.3668 0.4044 0.4391 0.4643 0.4756 0.4757 0.4676 0.4521 0.4290 0.3978 0.3578 0.3083 0.2507 0.1944 0.1621 0.1487 0.1415 0.1373 0.1353 0.1351 0.1366 0.1399 0.1449 0.1518 0.1606 0.1717 0.1851 0.2012 0.2202 0.2423 0.2678 0.2968 0.3292 0.3643 0.4006 0.4347 0.4608 0.4740 0.4767 0.4737 0.4710 0.4737 0.4767 0.4740 0.4608 0.4347 0.4006 0.3643 0.3292 0.2968 0.2678 0.2423 0.2202 0.2012 0.1851 0.1717 0.1606 0.1518 0.1449 0.1399 0.1366 0.1351 0.1353 0.1373 0.1415 0.1487 0.1621 0.1944 0.2507 0.3083 0.3578 0.3978 0.4290 0.4521 0.4676 0.4757 0.4756 0.4643 0.4391 0.4044 0.3668 0.3303 0.2968 0.2668 0.2407 0.2181 0.1989 0.1827 0.1693 0.1584 0.1490
0.1571 0.1689 0.1822 0.1982 0.2173 0.2398 0.2658 0.2956 0.3291 0.3654 0.4031 0.4380 0.4636 0.4754 0.4759 0.4680 0.4527 0.4297 0.3987 0.3588 0.3094 0.2518 0.1951 0.1624 0.1488 0.1416 0.1373 0.1353 0.1351 0.1366 0.1399 0.1449 0.1519 0.1608 0.1719 0.1855 0.2017 0.2207 0.2430 0.2686 0.2978 0.3303 0.3655 0.4018 0.4359 0.4616 0.4745 0.4765 0.4714 0.4627 0.4578 0.4627 0.4714 0.4765 0.4745 0.4616 0.4359 0.4018 0.3655 0.3303 0.2978 0.2686 0.2430 0.2207 0.2017 0.1855 0.1719 0.1608 0.1519 0.1449 0.1399 0.1366 0.1351 0.1353 0.1373 0.1416 0.1488 0.1624 0.1951 0.2518 0.3094 0.3588 0.3987 0.4297 0.4527 0.4680 0.4759 0.4754 0.4636 0.4380 0.4031 0.3654 0.3291 0.2956 0.2658 0.2398 0.2173 0.1982 0.1822 0.1689 0.1571
0.1674 0.1817 0.1976 0.2166 0.2389 0.2648 0.2945 0.3278 0.3641 0.4017 0.4369 0.4630 0.4752 0.4760 0.4684 0.4533 0.4306 0.3998 0.3601 0.3108 0.2532 0.1961 0.1627 0.1490 0.1416 0.1373 0.1353 0.1351 0.1366 0.1399 0.1450 0.1519 0.1609 0.1721 0.1857 0.2020 0.2212 0.2436 0.2693 0.2986 0.3313 0.3666 0.4029 0.4369 0.4623 0.4747 0.4764 0.4702 0.4583 0.4443 0.4370 0.4443 0.4583 0.4702 0.4764 0.4747 0.4623 0.4369 0.4029 0.3666 0.3313 0.2986 0.2693 0.2436 0.2212 0.2020 0.1857 0.1721 0.1609 0.1519 0.1450 0.1399 0.1366 0.1351 0.1353 0.1373 0.1416 0.1490 0.1627 0.1961 0.2532 0.3108 0.3601 0.3998 0.4306 0.4533 0.4684 0.4760 0.4752 0.4630 0.4369 0.4017 0.3641 0.3278 0.2945 0.2648 0.2389 0.2166 0.1976 0.1817 0.1674
0.1799 0.1970 0.2159 0.2381 0.2638 0.2934 0.3266 0.3628 0.4004 0.4357 0.4623 0.4750 0.4761 0.4688 0.4539 0.4315 0.4009 0.3614 0.3123 0.2548 0.1973 0.1632 0.1492 0.1417 0.1374 0.1353 0.1351 0.1366 0.1399 0.1450 0.1520 0.1610 0.1722 0.1859 0.2022 0.2215 0.2440 0.2699 0.2994 0.3321 0.3676 0.4040 0.4378 0.4629 0.4750 0.4763 0.4697 0.4564 0.4378 0.4182 0.4083 0.4182 0.4378 0.4564 0.4697 0.4763 0.4750 0.4629 0.4378 0.4040 0.3676 0.3321 0.2994 0.2699 0.2440 0.2215 0.2022 0.1859 0.1722 0.1610 0.1520 0.1450 0.1399 0.1366 0.1351 0.1353 0.1374 0.1417 0.1492 0.1632 0.1973 0.2548 0.3123 0.3614 0.4009 0.4315 0.4539 0.4688 0.4761 0.4750 0.4623 0.4357 0.4004 0.3628 0.3266 0.2934 0.2638 0.2381 0.2159 0.1970 0.1799
0.1951 0.2151 0.2372 0.2629 0.2922 0.3253 0.3614 0.3990 0.4345 0.4615 0.4747 0.4763 0.4692 0.4546 0.4324 0.4021 0.3629 0.3141 0.2566 0.1988 0.1638 0.1494 0.1418 0.1375 0.1353 0.1351 0.1366 0.1399 0.1449 0.1519 0.1610 0.1722 0.1860 0.2024 0.2218 0.2444 0.2704 0.3000 0.3329 0.3684 0.4049 0.4387 0.4634 0.4751 0.4761 0.4692 0.4554 0.4351 0.4094 0.3835 0.3708 0.3835 0.4094 0.4351 0.4554 0.4692 0.4761 0.4751 0.4634 0.4387 0.4049 0.3684 0.3329 0.3000 0.2704 0.2444 0.2218 0.2024 0.1860 0.1722 0.1610 0.1519 0.1449 0.1399 0.1366 0.1351 0.1353 0.1375 0.1418 0.1494 0.1638 0.1988 0.2566 0.3141 0.3629 0.4021 0.4324 0.4546 0.4692 0.4763 0.4747 0.4615 0.4345 0.3990 0.3614 0.3253 0.2922 0.2629 0.2372 0.2151 0.1951
0.2131 0.2364 0.2619 0.2911 0.3240 0.3601 0.3977 0.4334 0.4608 0.4745 0.4764 0.4696 0.4553 0.4334 0.4034 0.3645 0.3159 0.2586 0.2004 0.1644 0.1497 0.1420 0.1375 0.1353 0.1351 0.1366 0.1398 0.1449 0.1519 0.1609 0.1722 0.1860 0.2024 0.2219 0.2446 0.2707 0.3004 0.3335 0.3691 0.4057 0.4394 0.4639 0.4753 0.4761 0.4689 0.4547 0.4336 0.4057 0.3723 0.3396 0.3239 0.3396 0.3723 0.4057 0.4336 0.4547 0.4689 0.4761 0.4753 0.4639 0.4394 0.4057 0.3691 0.3335 0.3004 0.2707 0.2446 0.2219 0.2024 0.1860 0.1722 0.1609 0.1519 0.1449 0.1398 0.1366 0.1351 0.1353 0.1375 0.1420 0.1497 0.1644 0.2004 0.2586 0.3159 0.3645 0.4034 0.4334 0.4553 0.4696 0.4764 0.4745 0.4608 0.4334 0.3977 0.3601 0.3240 0.2911 0.2619 0.2364 0.2131
0.2341 0.2609 0.2900 0.3228 0.3587 0.3963 0.4322 0.4600 0.4742 0.4765 0.4700 0.4559 0.4343 0.4046 0.3660 0.3178 0.2608 0.2021 0.1652 0.1500 0.1422 0.1376 0.1354 0.1350 0.1365 0.1397 0.1448 0.1518 0.1608 0.1721 0.1859 0.2024 0.2219 0.2446 0.2709 0.3007 0.3339 0.3697 0.4063 0.4399 0.4643 0.4754 0.4760 0.4686 0.4542 0.4327 0.4039 0.3676 0.3258 0.2863 0.2681 0.2863 0.3258 0.3676 0.4039 0.4327 0.4542 0.4686 0.4760 0.4754 0.4643 0.4399 0.4063 0.3697 0.3339 0.3007 0.2709 0.2446 0.2219 0.2024 0.1859 0.1721 0.1608 0.1518 0.1448 0.1397 0.1365 0.1350 0.1354 0.1376 0.1422 0.1500 0.1652 0.2021 0.2608 0.3178 0.3660 0.4046 0.4343 0.4559 0.4700 0.4765 0.4742 0.4600 0.4322 0.3963 0.3587 0.3228 0.2900 0.2609 0.2341
0.2586 0.2889 0.3216 0.3574 0.3950 0.4310 0.4593 0.4739 0.4765 0.4704 0.4565 0.4352 0.4058 0.3676 0.3198 0.2629 0.2040 0.1660 0.1504 0.1424 0.1377 0.1354 0.1350 0.1364 0.1396 0.1446 0.1516 0.1606 0.1719 0.1857 0.2022 0.2218 0.2446 0.2709 0.3008 0.3341 0.3700 0.4067 0.4404 0.4646 0.4755 0.4759 0.4684 0.4537 0.4320 0.4027 0.3653 0.3200 0.2701 0.2272 0.2096 0.2272 0.2701 0.3200 0.3653 0.4027 0.4320 0.4537 0.4684 0.4759 0.4755 0.4646 0.4404 0.4067 0.3700 0.3341 0.3008 0.2709 0.2446 0.2218 0.2022 0.1857 0.1719 0.1606 0.1516 0.1446 0.1396 0.1364 0.1350 0.1354 0.1377 0.1424 0.1504 0.1660 0.2040 0.2629 0.3198 0.3676 0.4058 0.4352 0.4565 0.4704 0.4765 0.4739 0.4593 0.4310 0.3950 0.3574 0.3216 0.2889 0.2586
0.2867 0.3203 0.3561 0.3936 0.4298 0.4584 0.4736 0.4766 0.4707 0.4572 0.4361 0.4070 0.3691 0.3216 0.2651 0.2059 0.1669 0.1507 0.1426 0.1378 0.1355 0.1350 0.1364 0.1395 0.1445 0.1514 0.1604 0.1717 0.1855 0.2020 0.2215 0.2444 0.2707 0.3007 0.3341 0.3701 0.4069 0.4406 0.4648 0.4756 0.4758 0.4681 0.4533 0.4314 0.4018 0.3638 0.3172 0.2635 0.2111 0.1784 0.1693 0.1784 0.2111 0.2635 0.3172 0.3638 0.4018 0.4314 0.4533 0.4681 0.4758 0.4756 0.4648 0.4406 0.4069 0.3701 0.3341 0.3007 0.2707 0.2444 0.2215 0.2020 0.1855 0.1717 0.1604 0.1514 0.1445 0.1395 0.1364 0.1350 0.1355 0.1378 0.1426 0.1507 0.1669 0.2059 0.2651 0.3216 0.3691 0.4070 0.4361 0.4572 0.4707 0.4766 0.4736 0.4584 0.4298 0.3936 0.3561 0.3203 0.2867
0.3185 0.3548 0.3923 0.4286 0.4576 0.4733 0.4767 0.4711 0.4578 0.4370 0.4082 0.3706 0.3235 0.2673 0.2079 0.1678 0.1511 0.1428 0.1380 0.1355 0.1350 0.1363 0.1394 0.1443 0.1512 0.1601 0.1714 0.1851 0.2017 0.2212 0.2440 0.2704 0.3004 0.3339 0.3700 0.4069 0.4407 0.4649 0.4756 0.4758 0.4680 0.4530 0.4309 0.4010 0.3628 0.3156 0.2605 0.2049 0.1695 0.1558 0.1521 0.1558 0.1695 0.2049 0.2605 0.3156 0.3628 0.4010 0.4309 0.4530 0.4680 0.4758 0.4756 0.4649 0.4407 0.4069 0.3700 0.3339 0.3004 0.2704 0.2440 0.2212 0.2017 0.1851 0.1714 0.1601 0.1512 0.1443 0.1394 0.1363 0.1350 0.1355 0.1380 0.1428 0.1511 0.1678 0.2079 0.2673 0.3235 0.3706 0.4082 0.4370 0.4578 0.4711 0.4767 0.4733 0.4576 0.4286 0.3923 0.3548 0.3185
0.3536 0.3909 0.4273 0.4568 0.4730 0.4767 0.4714 0.4584 0.4379 0.4094 0.3722 0.3254 0.2694 0.2099 0.1687 0.1515 0.1430 0.1381 0.1356 0.1350 0.1362 0.1393 0.1441 0.1509 0.1599 0.1711 0.1848 0.2012 0.2207 0.2436 0.2699 0.3000 0.3335 0.3697 0.4067 0.4406 0.4649 0.4756 0.4758 0.4679 0.4528 0.4305 0.4005 0.3620 0.3143 0.2587 0.2022 0.1666 0.1520 0.1454 0.1433 0.1454 0.1520 0.1666 0.2022 0.2587 0.3143 0.3620 0.4005 0.4305 0.4528 0.4679 0.4758 0.4756 0.4649 0.4406 0.4067 0.3697 0.3335 0.3000 0.2699 0.2436 0.2207 0.2012 0.1848 0.1711 0.1599 0.1509 0.1441 0.1393 0.1362 0.1350 0.1356 0.1381 0.1430 0.1515 0.1687 0.2099 0.2694 0.3254 0.3722 0.4094 0.4379 0.4584 0.4714 0.4767 0.4730 0.4568 0.4273 0.3909 0.3536
0.3910 0.4261 0.4560 0.4727 0.4768 0.4717 0.4590 0.4387 0.4106 0.3737 0.3272 0.2715 0.2119 0.1697 0.1519 0.1433 0.1382 0.1356 0.1350 0.1362 0.1391 0.1439 0.1507 0.1595 0.1707 0.1843 0.2007 0.2202 0.2430 0.2693 0.2994 0.3329 0.3691 0.4063 0.4404 0.4648 0.4756 0.4758 0.4679 0.4527 0.4303 0.4001 0.3613 0.3134 0.2574 0.2008 0.1654 0.1507 0.1433 0.1395 0.1382 0.1395 0.1433 0.1507 0.1654 0.2008 0.2574 0.3134 0.3613 0.4001 0.4303 0.4527 0.4679 0.4758 0.4756 0.4648 0.4404 0.4063 0.3691 0.3329 0.2994 0.2693 0.2430 0.2202 0.2007 0.1843 0.1707 0.1595 0.1507 0.1439 0.1391 0.1362 0.1350 0.1356 0.1382 0.1433 0.1519 0.1697 0.2119 0.2715 0.3272 0.3737 0.4106 0.4387 0.4590 0.4717 0.4768 0.4727 0.4560 0.4261 0.3910
0.4282 0.4551 0.4723 0.4768 0.4720 0.4596 0.4396 0.4117 0.3752 0.3291 0.2737 0.2140 0.1706 0.1523 0.1435 0.1384 0.1357 0.1350 0.1361 0.1390 0.1437 0.1504 0.1592 0.1703 0.1839 0.2002 0.2196 0.2423 0.2686 0.2986 0.3321 0.3684 0.4057 0.4399 0.4646 0.4756 0.4758 0.4679 0.4527 0.4302 0.3999 0.3610 0.3129 0.2566 0.1999 0.1648 0.1502 0.1426 0.1383 0.1361 0.1355 0.1361 0.1383 0.1426 0.1502 0.1648 0.1999 0.2566 0.3129 0.3610 0.3999 0.4302 0.4527 0.4679 0.4758 0.4756 0.4646 0.4399 0.4057 0.3684 0.3321 0.2986 0.2686 0.2423 0.2196 0.2002 0.1839 0.1703 0.1592 0.1504 0.1437 0.1390 0.1361 0.1350 0.1357 0.1384 0.1435 0.1523 0.1706 0.2140 0.2737 0.3291 0.3752 0.4117 0.4396 0.4596 0.4720 0.4768 0.4723 0.4551 0.4282
0.4603 0.4719 0.4768 0.4723 0.4601 0.4405 0.4129 0.3766 0.3309 0.2758 0.2161 0.1717 0.1527 0.1438 0.1385 0.1357 0.1350 0.1360 0.1388 0.1435 0.1501 0.1588 0.1698 0.1833 0.1996 0.2189 0.2416 0.2678 0.2978 0.3313 0.3676 0.4049 0.4394 0.4643 0.4755 0.4758 0.4680 0.4528 0.4303 0.3999 0.3609 0.3125 0.2561 0.1992 0.1644 0.1499 0.1423 0.1379 0.1356 0.1349 0.1348 0.1349 0.1356 0.1379 0.1423 0.1499 0.1644 0.1992 0.2561 0.3125 0.3609 0.3999 0.4303 0.4528 0.4680 0.4758 0.4755 0.4643 0.4394 0.4049 0.3676 0.3313 0.2978 0.2678 0.2416 0.2189 0.1996 0.1833 0.1698 0.1588 0.1501 0.1435 0.1388 0.1360 0.1350 0.1357 0.1385 0.1438 0.1527 0.1717 0.2161 0.2758 0.3309 0.3766 0.4129 0.4405 0.4601 0.4723 0.4768 0.4719 0.4603
0.4801 0.4768 0.4726 0.4607 0.4413 0.4140 0.3781 0.3327 0.2779 0.2181 0.1727 0.1532 0.1440 0.1386 0.1358 0.1350 0.1359 0.1387 0.1433 0.1499 0.1585 0.1694 0.1828 0.1990 0.2182 0.2408 0.2670 0.2968 0.3303 0.3666 0.4040 0.4387 0.4639 0.4754 0.4759 0.4681 0.4530 0.4305 0.4001 0.3610 0.3125 0.2559 0.1990 0.1643 0.1498 0.1422 0.1377 0.1355 0.1349 0.1354 0.1359 0.1354 0.1349 0.1355 0.1377 0.1422 0.1498 0.1643 0.1990 0.2559 0.3125 0.3610 0.4001 0.4305 0.4530 0.4681 0.4759 0.4754 0.4639 0.4387 0.4040 0.3666 0.3303 0.2968 0.2670 0.2408 0.2182 0.1990 0.1828 0.1694 0.1585 0.1499 0.1433 0.1387 0.1359 0.1350 0.1358 0.1386 0.1440 0.1532 0.1727 0.2181 0.2779 0.3327 0.3781 0.4140 0.4413 0.4607 0.4726 0.4768 0.4801
0.4865 0.4729 0.4613 0.4421 0.4151 0.3796 0.3345 0.2800 0.2202 0.1738 0.1536 0.1442 0.1388 0.1359 0.1349 0.1359 0.1386 0.1431 0.1496 0.1581 0.1690 0.1823 0.1984 0.2175 0.2400 0.2660 0.2958 0.3292 0.3655 0.4029 0.4378 0.4634 0.4753 0.4760 0.4684 0.4533 0.4309 0.4005 0.3613 0.3129 0.2561 0.1990 0.1642 0.1497 0.1421 0.1377 0.1354 0.1350 0.1360 0.1378 0.1387 0.1378 0.1360 0.1350 0.1354 0.1377 0.1421 0.1497 0.1642 0.1990 0.2561 0.3129 0.3613 0.4005 0.4309 0.4533 0.4684 0.4760 0.4753 0.4634 0.4378 0.4029 0.3655 0.3292 0.2958 0.2660 0.2400 0.2175 0.1984 0.1823 0.1690 0.1581 0.1496 0.1431 0.1386 0.1359 0.1349 0.1359 0.1388 0.1442 0.1536 0.1738 0.2202 0.2800 0.3345 0.3796 0.4151 0.4421 0.4613 0.4729 0.4865
0.4831 0.4618 0.4430 0.4163 0.3810 0.3363 0.2822 0.2223 0.1750 0.1541 0.1445 0.1389 0.1359 0.1349 0.1358 0.1385 0.1429 0.1493 0.1578 0.1685 0.1818 0.1977 0.2167 0.2391 0.2650 0.2947 0.3280 0.3643 0.4018 0.4369 0.4629 0.4751 0.4761 0.4686 0.4537 0.4314 0.4010 0.3620 0.3134 0.2566 0.1992 0.1643 0.1497 0.1421 0.1376 0.1354 0.1350 0.1363 0.1388 0.1419 0.1434 0.1419 0.1388 0.1363 0.1350 0.1354 0.1376 0.1421 0.1497 0.1643 0.1992 0.2566 0.3134 0.3620 0.4010 0.4314 0.4537 0.4686 0.4761 0.4751 0.4629 0.4369 0.4018 0.3643 0.3280 0.2947 0.2650 0.2391 0.2167 0.1977 0.1818 0.1685 0.1578 0.1493 0.1429 0.1385 0.1358 0.1349 0.1359 0.1389 0.1445 0.1541 0.1750 0.2223 0.2822 0.3363 0.3810 0.4163 0.4430 0.4618 0.4831
0.4720 0.4438 0.4174 0.3824 0.3381 0.2843 0.2245 0.1762 0.1545 0.1448 0.1391 0.1360 0.1350 0.1357 0.1383 0.1427 0.1491 0.1575 0.1681 0.1812 0.1971 0.2160 0.2382 0.2640 0.2936 0.3268 0.3630 0.4006 0.4359 0.4623 0.4750 0.4761 0.4689 0.4542 0.4320 0.4018 0.3628 0.3143 0.2574 0.1999 0.1644 0.1498 0.1421 0.1376 0.1354 0.1350 0.1363 0.1393 0.1435 0.1478 0.1499 0.1478 0.1435 0.1393 0.1363 0.1350 0.1354 0.1376 0.1421 0.1498 0.1644 0.1999 0.2574 0.3143 0.3628 0.4018 0.4320 0.4542 0.4689 0.4761 0.4750 0.4623 0.4359 0.4006 0.3630 0.3268 0.2936 0.2640 0.2382 0.2160 0.1971 0.1812 0.1681 0.1575 0.1491 0.1427 0.1383 0.1357 0.1350 0.1360 0.1391 0.1448 0.1545 0.1762 0.2245 0.2843 0.3381 0.3824 0.4174 0.4438 0.4720
0.4537 0.4186 0.3840 0.3400 0.2865 0.2268 0.1775 0.1551 0.1451 0.1393 0.1361 0.1350 0.1357 0.1382 0.1425 0.1488 0.1571 0.1677 0.1807 0.1964 0.2152 0.2373 0.2630 0.2924 0.3255 0.3616 0.3992 0.4347 0.4616 0.4747 0.4763 0.4692 0.4547 0.4327 0.4027 0.3638 0.3156 0.2587 0.2008 0.1648 0.1499 0.1422 0.1377 0.1354 0.1350 0.1364 0.1394 0.1441 0.1500 0.1558 0.1585 0.1558 0.1500 0.1441 0.1394 0.1364 0.1350 0.1354 0.1377 0.1422 0.1499 0.1648 0.2008 0.2587 0.3156 0.3638 0.4027 0.4327 0.4547 0.4692 0.4763 0.4747 0.4616 0.4347 0.3992 0.3616 0.3255 0.2924 0.2630 0.2373 0.2152 0.1964 0.1807 0.1677 0.1571 0.1488 0.1425 0.1382 0.1357 0.1350 0.1361 0.1393 0.1451 0.1551 0.1775 0.2268 0.2865 0.3400 0.3840 0.4186 0.4537
0.4282 0.3857 0.3422 0.2891 0.2294 0.1790 0.1557 0.1454 0.1395 0.1362 0.1350 0.1356 0.1380 0.1423 0.1485 0.1567 0.1671 0.1800 0.1957 0.2143 0.2363 0.2618 0.2910 0.3240 0.3600 0.3976 0.4333 0.4608 0.4745 0.4764 0.4697 0.4554 0.4336 0.4039 0.3653 0.3172 0.2605 0.2022 0.1654 0.1502 0.1423 0.1377 0.1354 0.1350 0.1363 0.1394 0.1442 0.1507 0.1584 0.1658 0.1692 0.1658 0.1584 0.1507 0.1442 0.1394 0.1363 0.1350 0.1354 0.1377 0.1423 0.1502 0.1654 0.2022 0.2605 0.3172 0.3653 0.4039 0.4336 0.4554 0.4697 0.4764 0.4745 0.4608 0.4333 0.3976 0.3600 0.3240 0.2910 0.2618 0.2363 0.2143 0.1957 0.1800 0.1671 0.1567 0.1485 0.1423 0.1380 0.1356 0.1350 0.1362 0.1395 0.1454 0.1557 0.1790 0.2294 0.2891 0.3422 0.3857 0.4282
0.3957 0.3456 0.2930 0.2335 0.1816 0.1567 0.1459 0.1398 0.1363 0.1350 0.1355 0.1378 0.1419 0.1480 0.1561 0.1664 0.1791 0.1946 0.2130 0.2348 0.2601 0.2891 0.3218 0.3577 0.3953 0.4313 0.4595 0.4740 0.4765 0.4702 0.4564 0.4351 0.4057 0.3676 0.3200 0.2635 0.2049 0.1666 0.1507 0.1426 0.1379 0.1355 0.1350 0.1363 0.1393 0.1441 0.1507 0.1591 0.1687 0.1777 0.1819 0.1777 0.1687 0.1591 0.1507 0.1441 0.1393 0.1363 0.1350 0.1355 0.1379 0.1426 0.1507 0.1666 0.2049 0.2635 0.3200 0.3676 0.4057 0.4351 0.4564 0.4702 0.4765 0.4740 0.4595 0.4313 0.3953 0.3577 0.3218 0.2891 0.2600 0.2348 0.2130 0.1946 0.1791 0.1664 0.1561 0.1480 0.1419 0.1378 0.1355 0.1350 0.1363 0.1398 0.1459 0.1567 0.1816 0.2335 0.2930 0.3456 0.3957
0.3584 0.3009 0.2417 0.1871 0.1589 0.1470 0.1404 0.1366 0.1350 0.1353 0.1374 0.1413 0.1470 0.1548 0.1649 0.1773 0.1924 0.2104 0.2318 0.2566 0.2852 0.3175 0.3531 0.3907 0.4272 0.4568 0.4730 0.4767 0.4714 0.4583 0.4378 0.4094 0.3723 0.3258 0.2701 0.2111 0.1695 0.1520 0.1433 0.1383 0.1356 0.1349 0.1360 0.1388 0.1435 0.1500 0.1584 0.1687 0.1803 0.1910 0.1958 0.1910 0.1803 0.1687 0.1584 0.1500 0.1435 0.1388 0.1360 0.1349 0.1356 0.1383 0.1433 0.1520 0.1695 0.2111 0.2701 0.3258 0.3723 0.4094 0.4378 0.4583 0.4714 0.4767 0.4730 0.4568 0.4272 0.3907 0.3531 0.3175 0.2852 0.2566 0.2317 0.2104 0.1924 0.1773 0.1649 0.1549 0.1470 0.1413 0.1374 0.1353 0.1350 0.1366 0.1404 0.1470 0.1589 0.1871 0.2417 0.3009 0.3584
0.3238 0.2612 0.2024 0.1653 0.1501 0.1421 0.1375 0.1353 0.1350 0.1365 0.1398 0.1450 0.1521 0.1614 0.1731 0.1874 0.2045 0.2248 0.2486 0.2761 0.3073 0.3421 0.3795 0.4169 0.4495 0.4699 0.4767 0.4736 0.4627 0.4443 0.4182 0.3835 0.3396 0.2863 0.2272 0.1784 0.1558 0.1454 0.1395 0.1361 0.1349 0.1354 0.1378 0.1419 0.1478 0.1558 0.1658 0.1777 0.1910 0.2029 0.2083 0.2029 0.1910 0.1777 0.1658 0.1558 0.1478 0.1419 0.1378 0.1354 0.1349 0.1361 0.1395 0.1454 0.1558 0.1784 0.2272 0.2863 0.3396 0.3835 0.4182 0.4443 0.4627 0.4737 0.4767 0.4698 0.4495 0.4169 0.3795 0.3421 0.3073 0.2760 0.2486 0.2248 0.2045 0.1874 0.1731 0.1614 0.1521 0.1450 0.1398 0.1365 0.1350 0.1353 0.1375 0.1421 0.1501 0.1653 0.2024 0.2612 0.3238
0.3083 0.2440 0.1887 0.1598 0.1474 0.1405 0.1366 0.1349 0.1352 0.1372 0.1410 0.1468 0.1545 0.1645 0.1769 0.1920 0.2100 0.2313 0.2562 0.2848 0.3172 0.3530 0.3908 0.4276 0.4572 0.4732 0.4766 0.4710 0.4578 0.4370 0.4083 0.3708 0.3239 0.2681 0.2096 0.1693 0.1521 0.1433 0.1382 0.1355 0.1348 0.1359 0.1387 0.1434 0.1499 0.1585 0.1692 0.1819 0.1958 0.2083 0.2138 0.2083 0.1958 0.1819 0.1692 0.1585 0.1499 0.1434 0.1387 0.1359 0.1348 0.1355 0.1382 0.1433 0.1521 0.1693 0.2096 0.2681 0.3239 0.3708 0.4083 0.4370 0.4578 0.4710 0.4766 0.4732 0.4572 0.4276 0.3909 0.3530 0.3172 0.2848 0.2562 0.2313 0.2100 0.1919 0.1769 0.1645 0.1545 0.1468 0.1410 0.1372 0.1352 0.1349 0.1366 0.1405 0.1474 0.1598 0.1887 0.2440 0.3083
0.3238 0.2612 0.2024 0.1653 0.1501 0.1421 0.1375 0.1353 0.1350 0.1365 0.1398 0.1450 0.1521 0.1614 0.1731 0.1874 0.2045 0.2248 0.2486 0.2761 0.3073 0.3421 0.3795 0.4169 0.4495 0.4699 0.4767 0.4736 0.4627 0.4443 0.4182 0.3835 0.3396 0.2863 0.2272 0.1784 0.1558 0.1454 0.1395 0.1361 0.1349 0.1354 0.1378 0.1419 0.1478 0.1558 0.1658 0.1777 0.1910 0.2029 0.2083 0.2029 0.1910 0.1777 0.1658 0.1558 0.1478 0.1419 0.1378 0.1354 0.1349 0.1361 0.1395 0.1454 0.1558 0.1784 0.2272 0.2863 0.3396 0.3835 0.4182 0.4443 0.4627 0.4737 0.4767 0.4698 0.4495 0.4169 0.3795 0.3421 0.3073 0.2760 0.2486 0.2248 0.2045 0.1874 0.1731 0.1614 0.1521 0.1450 0.1398 0.1365 0.1350 0.1353 0.1375 0.1421 0.1501 0.1653 0.2024 0.2612 0.3238
0.3584 0.3009 0.2417 0.1871 0.1589 0.1470 0.1404 0.1366 0.1350 0.1353 0.1374 0.1413 0.1470 0.1548 0.1649 0.1773 0.1924 0.2104 0.2318 0.2566 0.2852 0.3175 0.3531 0.3907 0.4272 0.4568 0.4730 0.4767 0.4714 0.4583 0.4378 0.4094 0.3723 0.3257 0.2701 0.2111 0.1695 0.1520 0.1433 0.1383 0.1356 0.1349 0.1360 0.1388 0.1435 0.1500 0.1584 0.1687 0.1803 0.1910 0.1958 0.1910 0.1803 0.1687 0.1584 0.1500 0.1435 0.1388 0.1360 0.1349 0.1356 0.1383 0.1433 0.1520 0.1695 0.2111 0.2701 0.3258 0.3723 0.4094 0.4378 0.4583 0.4714 0.4767 0.4730 0.4568 0.4272 0.3907 0.3531 0.3175 0.2852 0.2566 0.2317 0.2104 0.1924 0.1773 0.1649 0.1549 0.1470 0.1413 0.1374 0.1353 0.1350 0.1366 0.1404 0.1470 0.1589 0.1871 0.2417 0.3009 0.3584
0.3957 0.3456 0.2930 0.2335 0.1816 0.1567 0.1459 0.1398 0.1363 0.1350 0.1355 0.1378 0.1419 0.1480 0.1561 0.1664 0.1791 0.1946 0.2130 0.2348 0.2601 0.2891 0.3218 0.3577 0.3953 0.4313 0.4595 0.4740 0.4765 0.4702 0.4564 0.4351 0.4057 0.3676 0.3199 0.2635 0.2049 0.1666 0.1507 0.1426 0.1379 0.1355 0.1350 0.1363 0.1393 0.1441 0.1507 0.1591 0.1687 0.1777 0.1819 0.1777 0.1687 0.1591 0.1507 0.1441 0.1393 0.1363 0.1350 0.1355 0.1379 0.1426 0.1507 0.1666 0.2049 0.2635 0.3200 0.3676 0.4057 0.4351 0.4564 0.4702 0.4765 0.4740 0.4595 0.4313 0.3953 0.3577 0.3218 0.2891 0.2600 0.2348 0.2130 0.1946 0.1791 0.1664 0.1561 0.1480 0.1419 0.1378 0.1355 0.1350 0.1363 0.1398 0.1459 0.1567 0.1816 0.2335 0.2930 0.3456 0.3957
0.4282 0.3857 0.3422 0.2891 0.2294 0.1790 0.1557 0.1454 0.1395 0.1362 0.1350 0.1356 0.1380 0.1423 0.1485 0.1567 0.1671 0.1800 0.1957 0.2143 0.2363 0.2618 0.2910 0.3240 0.3600 0.3976 0.4333 0.4608 0.4745 0.4764 0.4697 0.4554 0.4336 0.4039 0.3653 0.3172 0.2605 0.2022 0.1654 0.1502 0.1423 0.1377 0.1354 0.1350 0.1363 0.1394 0.1442 0.1507 0.1584 0.1658 0.1692 0.1658 0.1584 0.1507 0.1442 0.1394 0.1363 0.1350 0.1354 0.1377 0.1423 0.1502 0.1654 0.2022 0.2605 0.3172 0.3653 0.4039 0.4336 0.4554 0.4697 0.4764 0.4745 0.4608 0.4333 0.3976 0.3600 0.3240 0.2910 0.2618 0.2363 0.2143 0.1957 0.1800 0.1671 0.1567 0.1485 0.1423 0.1380 0.1356 0.1350 0.1362 0.1395 0.1454 0.1557 0.1790 0.2294 0.2891 0.3422 0.3857 0.4282
0.4537 0.4186 0.3840 0.3400 0.2865 0.2268 0.1775 0.1551 0.1451 0.1393 0.1361 0.1350 0.1357 0.1382 0.1425 0.1488 0.1571 0.1677 0.1807 0.1964 0.2152 0.2373 0.2630 0.2924 0.3255 0.3616 0.3992 0.4347 0.4616 0.4747 0.4763 0.4692 0.4547 0.4327 0.4027 0.3638 0.3156 0.2587 0.2008 0.1648 0.1499 0.1422 0.1377 0.1354 0.1350 0.1364 0.1394 0.1441 0.1500 0.1558 0.1585 0.1558 0.1500 0.1441 0.1394 0.1364 0.1350 0.1354 0.1377 0.1422 0.1499 0.1648 0.2008 0.2587 0.3156 0.3638 0.4027 0.4327 0.4547 0.4692 0.4763 0.4747 0.4616 0.4347 0.3992 0.3616 0.3255 0.2924 0.2630 0.2373 0.2152 0.1964 0.1807 0.1677 0.1571 0.1488 0.1425 0.1382 0.1357 0.1350 0.1361 0.1393 0.1451 0.1551 0.1775 0.2268 0.2865 0.3400 0.3840 0.4186 0.4537
