0.4880 0.4864 0.4840 0.4738 0.4563 0.4314 0.3985 0.3566 0.3054 0.2469 0.1920 0.1621 0.1490 0.1417 0.1373 0.1351 0.1347 0.1360 0.1390 0.1437 0.1503 0.1587 0.1694 0.1824 0.1980 0.2165 0.2381 0.2633 0.2920 0.3244 0.3600 0.3976 0.4344 0.4648 0.4821 0.4866 0.4817 0.4693 0.4497 0.4225 0.3869 0.3423 0.2885 0.2292 0.1802 0.1573 0.1466 0.1404 0.1369 0.1354 0.1349 0.1354 0.1369 0.1404 0.1466 0.1573 0.1802 0.2292 0.2885 0.3423 0.3869 0.4225 0.4497 0.4693 0.4817 0.4866 0.4821 0.4648 0.4344 0.3976 0.3600 0.3244 0.2920 0.2633 0.2381 0.2165 0.1980 0.1824 0.1694 0.1587 0.1503 0.1437 0.1390 0.1360 0.1347 0.1351 0.1373 0.1417 0.1490 0.1621 0.1920 0.2469 0.3054 0.3566 0.3985 0.4314 0.4563 0.4738 0.4840 0.4864 0.4880
0.4864 0.4739 0.4637 0.4465 0.4221 0.3899 0.3491 0.2993 0.2424 0.1892 0.1604 0.1481 0.1412 0.1372 0.1353 0.1351 0.1366 0.1398 0.1447 0.1514 0.1601 0.1710 0.1842 0.2000 0.2186 0.2404 0.2655 0.2942 0.3262 0.3610 0.3972 0.4318 0.4590 0.4735 0.4767 0.4715 0.4592 0.4399 0.4133 0.3786 0.3351 0.2828 0.2252 0.1778 0.1557 0.1457 0.1399 0.1365 0.1351 0.1349 0.1350 0.1349 0.1351 0.1365 0.1399 0.1457 0.1557 0.1778 0.2252 0.2828 0.3351 0.3786 0.4133 0.4399 0.4592 0.4715 0.4767 0.4735 0.4590 0.4318 0.3972 0.3610 0.3262 0.2942 0.2655 0.2404 0.2186 0.2000 0.1842 0.1710 0.1601 0.1514 0.1447 0.1398 0.1366 0.1351 0.1353 0.1372 0.1412 0.1481 0.1604 0.1892 0.2424 0.2993 0.3491 0.3899 0.4221 0.4465 0.4637 0.4739 0.4864
0.4840 0.4637 0.4462 0.4215 0.3889 0.3477 0.2975 0.2404 0.1877 0.1598 0.1478 0.1410 0.1371 0.1352 0.1351 0.1367 0.1399 0.1449 0.1517 0.1605 0.1714 0.1847 0.2006 0.2193 0.2412 0.2665 0.2953 0.3274 0.3623 0.3986 0.4330 0.4598 0.4738 0.4766 0.4712 0.4586 0.4390 0.4121 0.3771 0.3333 0.2807 0.2231 0.1766 0.1552 0.1454 0.1396 0.1364 0.1350 0.1352 0.1362 0.1368 0.1362 0.1352 0.1350 0.1364 0.1396 0.1454 0.1552 0.1766 0.2231 0.2807 0.3333 0.3771 0.4121 0.4390 0.4586 0.4712 0.4766 0.4738 0.4598 0.4330 0.3986 0.3623 0.3274 0.2953 0.2665 0.2412 0.2193 0.2006 0.1847 0.1714 0.1605 0.1517 0.1449 0.1399 0.1367 0.1351 0.1352 0.1371 0.1410 0.1478 0.1598 0.1877 0.2404 0.2975 0.3477 0.3889 0.4215 0.4462 0.4637 0.4840
0.4738 0.4465 0.4215 0.3886 0.3470 0.2963 0.2389 0.1865 0.1592 0.1475 0.1409 0.1370 0.1352 0.1351 0.1368 0.1401 0.1451 0.1520 0.1608 0.1718 0.1852 0.2012 0.2201 0.2421 0.2675 0.2964 0.3286 0.3636 0.3999 0.4341 0.4605 0.4741 0.4766 0.4708 0.4580 0.4382 0.4110 0.3757 0.3315 0.2786 0.2209 0.1754 0.1547 0.1451 0.1395 0.1363 0.1350 0.1354 0.1371 0.1393 0.1404 0.1393 0.1371 0.1354 0.1350 0.1363 0.1395 0.1451 0.1547 0.1754 0.2209 0.2786 0.3315 0.3757 0.4110 0.4382 0.4580 0.4708 0.4766 0.4741 0.4605 0.4341 0.3999 0.3636 0.3286 0.2964 0.2675 0.2421 0.2201 0.2012 0.1852 0.1718 0.1608 0.1520 0.1451 0.1401 0.1368 0.1351 0.1352 0.1370 0.1409 0.1475 0.1592 0.1865 0.2389 0.2963 0.3470 0.3886 0.4215 0.4465 0.4738
0.4563 0.4221 0.3889 0.3470 0.2959 0.2380 0.1856 0.1588 0.1473 0.1407 0.1369 0.1352 0.1352 0.1369 0.1402 0.1453 0.1523 0.1612 0.1723 0.1858 0.2019 0.2209 0.2430 0.2685 0.2975 0.3299 0.3650 0.4012 0.4353 0.4613 0.4744 0.4765 0.4705 0.4574 0.4373 0.4098 0.3742 0.3297 0.2765 0.2189 0.1742 0.1542 0.1449 0.1393 0.1362 0.1350 0.1355 0.1375 0.1408 0.1443 0.1460 0.1443 0.1408 0.1375 0.1355 0.1350 0.1362 0.1393 0.1449 0.1542 0.1742 0.2189 0.2765 0.3297 0.3742 0.4098 0.4373 0.4574 0.4705 0.4765 0.4744 0.4613 0.4353 0.4012 0.3650 0.3299 0.2975 0.2685 0.2430 0.2209 0.2019 0.1858 0.1723 0.1612 0.1523 0.1453 0.1402 0.1369 0.1352 0.1352 0.1369 0.1407 0.1473 0.1588 0.1856 0.2380 0.2959 0.3470 0.3889 0.4221 0.4563
0.4314 0.3899 0.3477 0.2963 0.2380 0.1853 0.1586 0.1471 0.1406 0.1368 0.1351 0.1352 0.1369 0.1404 0.1455 0.1526 0.1616 0.1728 0.1863 0.2025 0.2216 0.2439 0.2695 0.2987 0.3312 0.3664 0.4026 0.4365 0.4620 0.4746 0.4764 0.4701 0.4568 0.4364 0.4086 0.3727 0.3279 0.2744 0.2168 0.1731 0.1538 0.1446 0.1391 0.1361 0.1350 0.1355 0.1378 0.1415 0.1464 0.1513 0.1536 0.1513 0.1464 0.1415 0.1378 0.1355 0.1350 0.1361 0.1391 0.1446 0.1538 0.1731 0.2168 0.2744 0.3279 0.3727 0.4086 0.4364 0.4568 0.4701 0.4764 0.4746 0.4620 0.4365 0.4026 0.3664 0.3312 0.2987 0.2695 0.2439 0.2216 0.2025 0.1863 0.1728 0.1616 0.1526 0.1455 0.1404 0.1369 0.1352 0.1351 0.1368 0.1406 0.1471 0.1586 0.1853 0.2380 0.2963 0.3477 0.3899 0.4314
0.3985 0.3491 0.2975 0.2389 0.1856 0.1586 0.1470 0.1405 0.1368 0.1351 0.1352 0.1370 0.1405 0.1457 0.1528 0.1619 0.1732 0.1869 0.2032 0.2224 0.2448 0.2706 0.2998 0.3324 0.3677 0.4039 0.4376 0.4627 0.4749 0.4763 0.4697 0.4561 0.4355 0.4074 0.3712 0.3260 0.2723 0.2147 0.1720 0.1533 0.1443 0.1390 0.1360 0.1350 0.1356 0.1379 0.1419 0.1474 0.1540 0.1604 0.1634 0.1604 0.1540 0.1474 0.1419 0.1379 0.1356 0.1350 0.1360 0.1390 0.1443 0.1533 0.1720 0.2147 0.2723 0.3260 0.3712 0.4074 0.4355 0.4561 0.4697 0.4763 0.4749 0.4627 0.4376 0.4039 0.3677 0.3324 0.2998 0.2706 0.2448 0.2224 0.2032 0.1869 0.1732 0.1619 0.1528 0.1457 0.1405 0.1370 0.1352 0.1351 0.1368 0.1405 0.1470 0.1586 0.1856 0.2389 0.2975 0.3491 0.3985
0.3566 0.2993 0.2404 0.1865 0.1588 0.1471 0.1405 0.1368 0.1351 0.1352 0.1371 0.1406 0.1459 0.1531 0.1622 0.1736 0.1874 0.2038 0.2232 0.2457 0.2716 0.3010 0.3337 0.3690 0.4053 0.4388 0.4634 0.4751 0.4762 0.4694 0.4555 0.4346 0.4062 0.3696 0.3241 0.2701 0.2126 0.1710 0.1529 0.1441 0.1388 0.1360 0.1350 0.1357 0.1380 0.1421 0.1478 0.1553 0.1639 0.1719 0.1756 0.1719 0.1639 0.1553 0.1478 0.1421 0.1380 0.1357 0.1350 0.1360 0.1388 0.1441 0.1529 0.1710 0.2126 0.2701 0.3241 0.3696 0.4062 0.4346 0.4555 0.4694 0.4762 0.4751 0.4634 0.4388 0.4053 0.3690 0.3337 0.3010 0.2716 0.2457 0.2232 0.2038 0.1874 0.1736 0.1622 0.1531 0.1459 0.1406 0.1371 0.1352 0.1351 0.1368 0.1405 0.1471 0.1588 0.1865 0.2404 0.2993 0.3566
0.3054 0.2424 0.1877 0.1592 0.1473 0.1406 0.1368 0.1351 0.1352 0.1371 0.1407 0.1460 0.1533 0.1625 0.1740 0.1878 0.2044 0.2239 0.2466 0.2726 0.3021 0.3350 0.3704 0.4066 0.4399 0.4641 0.4753 0.4761 0.4690 0.4548 0.4337 0.4050 0.3681 0.3223 0.2680 0.2106 0.1700 0.1525 0.1438 0.1387 0.1359 0.1350 0.1357 0.1382 0.1423 0.1482 0.1559 0.1654 0.1761 0.1859 0.1904 0.1859 0.1761 0.1654 0.1559 0.1482 0.1423 0.1382 0.1357 0.1350 0.1359 0.1387 0.1438 0.1525 0.1700 0.2106 0.2680 0.3223 0.3681 0.4050 0.4337 0.4548 0.4690 0.4761 0.4753 0.4641 0.4399 0.4066 0.3704 0.3350 0.3021 0.2726 0.2466 0.2239 0.2044 0.1878 0.1740 0.1625 0.1533 0.1460 0.1407 0.1371 0.1352 0.1351 0.1368 0.1406 0.1473 0.1592 0.1877 0.2424 0.3054
0.2469 0.1892 0.1598 0.1475 0.1407 0.1368 0.1351 0.1352 0.1371 0.1407 0.1461 0.1534 0.1627 0.1742 0.1882 0.2049 0.2245 0.2473 0.2735 0.3032 0.3362 0.3717 0.4079 0.4410 0.4647 0.4755 0.4759 0.4686 0.4542 0.4328 0.4038 0.3666 0.3204 0.2658 0.2086 0.1690 0.1520 0.1436 0.1386 0.1358 0.1349 0.1358 0.1383 0.1425 0.1484 0.1563 0.1661 0.1779 0.1909 0.2028 0.2082 0.2028 0.1909 0.1779 0.1661 0.1563 0.1484 0.1425 0.1383 0.1358 0.1349 0.1358 0.1386 0.1436 0.1520 0.1690 0.2086 0.2658 0.3204 0.3666 0.4038 0.4328 0.4542 0.4686 0.4759 0.4755 0.4647 0.4410 0.4079 0.3717 0.3362 0.3032 0.2735 0.2473 0.2245 0.2049 0.1882 0.1742 0.1627 0.1534 0.1461 0.1407 0.1371 0.1352 0.1351 0.1368 0.1407 0.1475 0.1598 0.1892 0.2469
0.1920 0.1604 0.1478 0.1409 0.1369 0.1351 0.1352 0.1371 0.1407 0.1461 0.1534 0.1628 0.1744 0.1885 0.2053 0.2250 0.2480 0.2743 0.3042 0.3373 0.3729 0.4091 0.4421 0.4654 0.4757 0.4758 0.4681 0.4535 0.4318 0.4026 0.3650 0.3185 0.2637 0.2066 0.1681 0.1516 0.1434 0.1384 0.1358 0.1349 0.1358 0.1384 0.1427 0.1487 0.1567 0.1667 0.1788 0.1931 0.2087 0.2229 0.2292 0.2229 0.2087 0.1931 0.1788 0.1667 0.1567 0.1487 0.1427 0.1384 0.1358 0.1349 0.1358 0.1384 0.1434 0.1516 0.1681 0.2066 0.2637 0.3185 0.3650 0.4026 0.4318 0.4535 0.4681 0.4758 0.4757 0.4654 0.4421 0.4091 0.3729 0.3373 0.3042 0.2743 0.2480 0.2250 0.2053 0.1885 0.1744 0.1628 0.1534 0.1461 0.1407 0.1371 0.1352 0.1351 0.1369 0.1409 0.1478 0.1604 0.1920
0.1621 0.1481 0.1410 0.1370 0.1352 0.1352 0.1370 0.1406 0.1460 0.1534 0.1628 0.1745 0.1887 0.2055 0.2254 0.2485 0.2750 0.3050 0.3383 0.3740 0.4103 0.4430 0.4659 0.4758 0.4756 0.4677 0.4528 0.4309 0.4013 0.3635 0.3166 0.2615 0.2047 0.1672 0.1513 0.1431 0.1383 0.1357 0.1350 0.1359 0.1385 0.1429 0.1490 0.1570 0.1671 0.1795 0.1942 0.2113 0.2298 0.2463 0.2538 0.2463 0.2298 0.2113 0.1942 0.1795 0.1671 0.1570 0.1490 0.1429 0.1385 0.1359 0.1350 0.1357 0.1383 0.1431 0.1513 0.1672 0.2047 0.2615 0.3166 0.3635 0.4013 0.4309 0.4528 0.4677 0.4756 0.4758 0.4659 0.4430 0.4103 0.3740 0.3383 0.3050 0.2750 0.2485 0.2254 0.2055 0.1887 0.1745 0.1628 0.1534 0.1460 0.1406 0.1370 0.1352 0.1352 0.1370 0.1410 0.1481 0.1621
0.1490 0.1412 0.1371 0.1352 0.1352 0.1369 0.1405 0.1459 0.1533 0.1627 0.1744 0.1887 0.2056 0.2256 0.2488 0.2755 0.3057 0.3391 0.3750 0.4113 0.4439 0.4664 0.4760 0.4755 0.4673 0.4521 0.4299 0.4001 0.3619 0.3147 0.2594 0.2028 0.1663 0.1509 0.1429 0.1381 0.1356 0.1350 0.1360 0.1387 0.1431 0.1492 0.1573 0.1675 0.1800 0.1950 0.2126 0.2327 0.2543 0.2735 0.2821 0.2735 0.2543 0.2327 0.2126 0.1950 0.1800 0.1675 0.1573 0.1492 0.1431 0.1387 0.1360 0.1350 0.1356 0.1381 0.1429 0.1509 0.1663 0.2028 0.2594 0.3147 0.3619 0.4001 0.4299 0.4521 0.4673 0.4755 0.4760 0.4664 0.4439 0.4113 0.3750 0.3391 0.3057 0.2755 0.2488 0.2256 0.2056 0.1887 0.1744 0.1627 0.1533 0.1459 0.1405 0.1369 0.1352 0.1352 0.1371 0.1412 0.1490
0.1417 0.1372 0.1352 0.1351 0.1369 0.1404 0.1457 0.1531 0.1625 0.1742 0.1885 0.2055 0.2256 0.2489 0.2757 0.3061 0.3397 0.3757 0.4121 0.4446 0.4669 0.4761 0.4753 0.4669 0.4515 0.4290 0.3988 0.3603 0.3127 0.2572 0.2009 0.1654 0.1505 0.1427 0.1380 0.1356 0.1350 0.1361 0.1388 0.1433 0.1495 0.1577 0.1680 0.1805 0.1956 0.2135 0.2343 0.2577 0.2825 0.3045 0.3142 0.3045 0.2825 0.2577 0.2343 0.2135 0.1956 0.1805 0.1680 0.1577 0.1495 0.1433 0.1388 0.1361 0.1350 0.1356 0.1380 0.1427 0.1505 0.1654 0.2009 0.2572 0.3127 0.3603 0.3988 0.4290 0.4515 0.4669 0.4753 0.4761 0.4669 0.4446 0.4121 0.3757 0.3397 0.3061 0.2757 0.2489 0.2256 0.2055 0.1885 0.1742 0.1625 0.1531 0.1457 0.1404 0.1369 0.1351 0.1352 0.1372 0.1417
0.1373 0.1353 0.1351 0.1368 0.1402 0.1455 0.1528 0.1622 0.1740 0.1882 0.2053 0.2254 0.2488 0.2757 0.3062 0.3400 0.3762 0.4126 0.4451 0.4672 0.4762 0.4752 0.4666 0.4509 0.4281 0.3977 0.3588 0.3109 0.2551 0.1990 0.1646 0.1501 0.1424 0.1379 0.1355 0.1350 0.1361 0.1389 0.1435 0.1498 0.1580 0.1684 0.1811 0.1963 0.2143 0.2353 0.2595 0.2864 0.3146 0.3390 0.3498 0.3390 0.3146 0.2864 0.2595 0.2353 0.2143 0.1963 0.1811 0.1684 0.1580 0.1498 0.1435 0.1389 0.1361 0.1350 0.1355 0.1379 0.1424 0.1501 0.1646 0.1990 0.2551 0.3109 0.3588 0.3977 0.4281 0.4509 0.4666 0.4752 0.4762 0.4672 0.4451 0.4126 0.3762 0.3400 0.3062 0.2757 0.2488 0.2254 0.2053 0.1882 0.1740 0.1622 0.1528 0.1455 0.1402 0.1368 0.1351 0.1353 0.1373
0.1351 0.1351 0.1367 0.1401 0.1453 0.1526 0.1619 0.1736 0.1878 0.2049 0.2250 0.2485 0.2755 0.3061 0.3400 0.3763 0.4129 0.4455 0.4674 0.4762 0.4751 0.4663 0.4504 0.4274 0.3966 0.3574 0.3092 0.2531 0.1973 0.1638 0.1497 0.1422 0.1378 0.1355 0.1350 0.1362 0.1391 0.1437 0.1501 0.1584 0.1688 0.1816 0.1969 0.2150 0.2362 0.2607 0.2884 0.3188 0.3499 0.3762 0.3875 0.3762 0.3499 0.3188 0.2884 0.2607 0.2362 0.2150 0.1969 0.1816 0.1688 0.1584 0.1501 0.1437 0.1391 0.1362 0.1350 0.1355 0.1378 0.1422 0.1497 0.1638 0.1973 0.2531 0.3092 0.3574 0.3966 0.4274 0.4504 0.4663 0.4751 0.4762 0.4674 0.4455 0.4129 0.3763 0.3400 0.3061 0.2755 0.2485 0.2250 0.2049 0.1878 0.1736 0.1619 0.1526 0.1453 0.1401 0.1367 0.1351 0.1351
0.1347 0.1366 0.1399 0.1451 0.1523 0.1616 0.1732 0.1874 0.2044 0.2245 0.2480 0.2750 0.3057 0.3397 0.3762 0.4129 0.4456 0.4675 0.4763 0.4750 0.4661 0.4500 0.4268 0.3957 0.3562 0.3076 0.2512 0.1958 0.1631 0.1494 0.1420 0.1376 0.1354 0.1350 0.1363 0.1392 0.1439 0.1503 0.1587 0.1693 0.1821 0.1975 0.2157 0.2371 0.2617 0.2897 0.3210 0.3545 0.3875 0.4138 0.4246 0.4138 0.3875 0.3545 0.3210 0.2897 0.2617 0.2371 0.2157 0.1975 0.1821 0.1693 0.1587 0.1503 0.1439 0.1392 0.1363 0.1350 0.1354 0.1376 0.1420 0.1494 0.1631 0.1958 0.2512 0.3076 0.3562 0.3957 0.4268 0.4500 0.4661 0.4750 0.4763 0.4675 0.4456 0.4129 0.3762 0.3397 0.3057 0.2750 0.2480 0.2245 0.2044 0.1874 0.1732 0.1616 0.1523 0.1451 0.1399 0.1366 0.1347
0.1360 0.1398 0.1449 0.1520 0.1612 0.1728 0.1869 0.2038 0.2239 0.2473 0.2743 0.3050 0.3391 0.3757 0.4126 0.4455 0.4675 0.4763 0.4750 0.4659 0.4497 0.4263 0.3950 0.3552 0.3062 0.2496 0.1944 0.1625 0.1491 0.1418 0.1375 0.1354 0.1350 0.1364 0.1394 0.1441 0.1506 0.1591 0.1697 0.1826 0.1981 0.2165 0.2379 0.2627 0.2909 0.3225 0.3569 0.3921 0.4243 0.4470 0.4552 0.4470 0.4243 0.3921 0.3569 0.3225 0.2909 0.2627 0.2379 0.2165 0.1981 0.1826 0.1697 0.1591 0.1506 0.1441 0.1394 0.1364 0.1350 0.1354 0.1375 0.1418 0.1491 0.1625 0.1944 0.2496 0.3062 0.3552 0.3950 0.4263 0.4497 0.4659 0.4750 0.4763 0.4675 0.4455 0.4126 0.3757 0.3391 0.3050 0.2743 0.2473 0.2239 0.2038 0.1869 0.1728 0.1612 0.1520 0.1449 0.1398 0.1360
0.1390 0.1447 0.1517 0.1608 0.1723 0.1863 0.2032 0.2232 0.2466 0.2735 0.3042 0.3383 0.3750 0.4121 0.4451 0.4674 0.4763 0.4750 0.4659 0.4496 0.4260 0.3945 0.3544 0.3052 0.2483 0.1933 0.1620 0.1488 0.1417 0.1374 0.1353 0.1350 0.1364 0.1395 0.1443 0.1509 0.1594 0.1701 0.1832 0.1988 0.2172 0.2388 0.2637 0.2921 0.3239 0.3585 0.3944 0.4285 0.4548 0.4687 0.4724 0.4687 0.4548 0.4285 0.3944 0.3585 0.3239 0.2921 0.2637 0.2388 0.2172 0.1988 0.1832 0.1701 0.1594 0.1509 0.1443 0.1395 0.1364 0.1350 0.1353 0.1374 0.1417 0.1488 0.1620 0.1933 0.2483 0.3052 0.3544 0.3945 0.4260 0.4496 0.4659 0.4750 0.4763 0.4674 0.4451 0.4121 0.3750 0.3383 0.3042 0.2735 0.2466 0.2232 0.2032 0.1863 0.1723 0.1608 0.1517 0.1447 0.1390
0.1437 0.1514 0.1605 0.1718 0.1858 0.2025 0.2224 0.2457 0.2726 0.3032 0.3373 0.3740 0.4113 0.4446 0.4672 0.4762 0.4750 0.4659 0.4496 0.4259 0.3942 0.3539 0.3044 0.2473 0.1924 0.1616 0.1486 0.1415 0.1373 0.1353 0.1351 0.1365 0.1396 0.1445 0.1512 0.1598 0.1706 0.1837 0.1994 0.2180 0.2397 0.2647 0.2932 0.3251 0.3599 0.3961 0.4305 0.4576 0.4722 0.4765 0.4767 0.4765 0.4722 0.4576 0.4305 0.3961 0.3599 0.3251 0.2932 0.2647 0.2397 0.2180 0.1994 0.1837 0.1706 0.1598 0.1512 0.1445 0.1396 0.1365 0.1351 0.1353 0.1373 0.1415 0.1486 0.1616 0.1924 0.2473 0.3044 0.3539 0.3942 0.4259 0.4496 0.4659 0.4750 0.4762 0.4672 0.4446 0.4113 0.3740 0.3373 0.3032 0.2726 0.2457 0.2224 0.2025 0.1858 0.1718 0.1605 0.1514 0.1437
0.1503 0.1601 0.1714 0.1852 0.2019 0.2216 0.2448 0.2716 0.3021 0.3362 0.3729 0.4103 0.4439 0.4669 0.4762 0.4751 0.4661 0.4497 0.4260 0.3942 0.3537 0.3040 0.2467 0.1918 0.1613 0.1484 0.1414 0.1373 0.1353 0.1351 0.1366 0.1398 0.1447 0.1514 0.1601 0.1710 0.1842 0.2001 0.2187 0.2405 0.2657 0.2943 0.3264 0.3612 0.3975 0.4319 0.4590 0.4733 0.4768 0.4742 0.4718 0.4742 0.4768 0.4733 0.4590 0.4319 0.3975 0.3612 0.3264 0.2943 0.2657 0.2405 0.2187 0.2001 0.1842 0.1710 0.1601 0.1514 0.1447 0.1398 0.1366 0.1351 0.1353 0.1373 0.1414 0.1484 0.1613 0.1918 0.2467 0.3040 0.3537 0.3942 0.4260 0.4497 0.4661 0.4751 0.4762 0.4669 0.4439 0.4103 0.3729 0.3362 0.3021 0.2716 0.2448 0.2216 0.2019 0.1852 0.1714 0.1601 0.1503
0.1587 0.1710 0.1847 0.2012 0.2209 0.2439 0.2706 0.3010 0.3350 0.3717 0.4091 0.4430 0.4664 0.4761 0.4752 0.4663 0.4500 0.4263 0.3945 0.3539 0.3040 0.2465 0.1915 0.1611 0.1483 0.1413 0.1372 0.1352 0.1351 0.1366 0.1399 0.1448 0.1517 0.1605 0.1714 0.1847 0.2007 0.2195 0.2414 0.2667 0.2955 0.3276 0.3626 0.3988 0.4332 0.4599 0.4738 0.4767 0.4721 0.4640 0.4592 0.4640 0.4721 0.4767 0.4738 0.4599 0.4332 0.3988 0.3626 0.3276 0.2955 0.2667 0.2414 0.2195 0.2007 0.1847 0.1714 0.1605 0.1517 0.1448 0.1399 0.1366 0.1351 0.1352 0.1372 0.1413 0.1483 0.1611 0.1915 0.2465 0.3040 0.3539 0.3945 0.4263 0.4500 0.4663 0.4752 0.4761 0.4664 0.4430 0.4091 0.3717 0.3350 0.3010 0.2706 0.2439 0.2209 0.2012 0.1847 0.1710 0.1587
0.1694 0.1842 0.2006 0.2201 0.2430 0.2695 0.2998 0.3337 0.3704 0.4079 0.4421 0.4659 0.4760 0.4753 0.4666 0.4504 0.4268 0.3950 0.3544 0.3044 0.2467 0.1915 0.1610 0.1483 0.1413 0.1372 0.1352 0.1351 0.1367 0.1400 0.1450 0.1519 0.1607 0.1718 0.1852 0.2012 0.2202 0.2423 0.2677 0.2966 0.3289 0.3639 0.4002 0.4344 0.4607 0.4742 0.4766 0.4711 0.4597 0.4462 0.4391 0.4462 0.4597 0.4711 0.4766 0.4742 0.4607 0.4344 0.4002 0.3639 0.3289 0.2966 0.2677 0.2423 0.2202 0.2012 0.1852 0.1718 0.1607 0.1519 0.1450 0.1400 0.1367 0.1351 0.1352 0.1372 0.1413 0.1483 0.1610 0.1915 0.2467 0.3044 0.3544 0.3950 0.4268 0.4504 0.4666 0.4753 0.4760 0.4659 0.4421 0.4079 0.3704 0.3337 0.2998 0.2695 0.2430 0.2201 0.2006 0.1842 0.1694
0.1824 0.2000 0.2193 0.2421 0.2685 0.2987 0.3324 0.3690 0.4066 0.4410 0.4654 0.4758 0.4755 0.4669 0.4509 0.4274 0.3957 0.3552 0.3052 0.2473 0.1918 0.1611 0.1483 0.1412 0.1372 0.1352 0.1351 0.1367 0.1400 0.1451 0.1520 0.1610 0.1721 0.1856 0.2018 0.2208 0.2430 0.2686 0.2977 0.3301 0.3653 0.4015 0.4356 0.4614 0.4744 0.4765 0.4705 0.4578 0.4398 0.4207 0.4111 0.4207 0.4398 0.4578 0.4705 0.4765 0.4744 0.4614 0.4356 0.4015 0.3653 0.3301 0.2977 0.2686 0.2430 0.2208 0.2018 0.1856 0.1721 0.1610 0.1520 0.1451 0.1400 0.1367 0.1351 0.1352 0.1372 0.1412 0.1483 0.1611 0.1918 0.2473 0.3052 0.3552 0.3957 0.4274 0.4509 0.4669 0.4755 0.4758 0.4654 0.4410 0.4066 0.3690 0.3324 0.2987 0.2685 0.2421 0.2193 0.2000 0.1824
0.1980 0.2186 0.2412 0.2675 0.2975 0.3312 0.3677 0.4053 0.4399 0.4647 0.4757 0.4756 0.4673 0.4515 0.4281 0.3966 0.3562 0.3062 0.2483 0.1924 0.1613 0.1483 0.1413 0.1372 0.1352 0.1351 0.1367 0.1401 0.1452 0.1522 0.1612 0.1724 0.1860 0.2023 0.2214 0.2437 0.2695 0.2987 0.3313 0.3665 0.4028 0.4367 0.4622 0.4747 0.4764 0.4701 0.4568 0.4370 0.4120 0.3868 0.3743 0.3868 0.4120 0.4370 0.4568 0.4701 0.4764 0.4747 0.4622 0.4367 0.4028 0.3665 0.3313 0.2987 0.2695 0.2437 0.2214 0.2023 0.1860 0.1724 0.1612 0.1522 0.1452 0.1401 0.1367 0.1351 0.1352 0.1372 0.1413 0.1483 0.1613 0.1924 0.2483 0.3062 0.3562 0.3966 0.4281 0.4515 0.4673 0.4756 0.4757 0.4647 0.4399 0.4053 0.3677 0.3312 0.2975 0.2675 0.2412 0.2186 0.1980
0.2165 0.2404 0.2665 0.2964 0.3299 0.3664 0.4039 0.4388 0.4641 0.4755 0.4758 0.4677 0.4521 0.4290 0.3977 0.3574 0.3076 0.2496 0.1933 0.1616 0.1484 0.1413 0.1372 0.1352 0.1351 0.1368 0.1401 0.1453 0.1523 0.1613 0.1726 0.1863 0.2027 0.2219 0.2444 0.2703 0.2996 0.3323 0.3677 0.4040 0.4378 0.4628 0.4749 0.4763 0.4697 0.4560 0.4355 0.4083 0.3755 0.3435 0.3281 0.3435 0.3755 0.4083 0.4355 0.4560 0.4697 0.4763 0.4749 0.4628 0.4378 0.4040 0.3677 0.3323 0.2996 0.2703 0.2444 0.2219 0.2027 0.1863 0.1726 0.1613 0.1523 0.1453 0.1401 0.1368 0.1351 0.1352 0.1372 0.1413 0.1484 0.1616 0.1933 0.2496 0.3076 0.3574 0.3977 0.4290 0.4521 0.4677 0.4758 0.4755 0.4641 0.4388 0.4039 0.3664 0.3299 0.2964 0.2665 0.2404 0.2165
0.2381 0.2655 0.2953 0.3286 0.3650 0.4026 0.4376 0.4634 0.4753 0.4759 0.4681 0.4528 0.4299 0.3988 0.3588 0.3092 0.2512 0.1944 0.1620 0.1486 0.1414 0.1372 0.1352 0.1351 0.1367 0.1401 0.1453 0.1523 0.1614 0.1728 0.1865 0.2030 0.2223 0.2449 0.2709 0.3005 0.3333 0.3688 0.4051 0.4388 0.4635 0.4751 0.4762 0.4693 0.4554 0.4345 0.4063 0.3707 0.3296 0.2908 0.2727 0.2908 0.3296 0.3707 0.4063 0.4345 0.4554 0.4693 0.4762 0.4751 0.4635 0.4388 0.4051 0.3688 0.3333 0.3005 0.2709 0.2449 0.2223 0.2030 0.1865 0.1728 0.1614 0.1523 0.1453 0.1401 0.1367 0.1351 0.1352 0.1372 0.1414 0.1486 0.1620 0.1944 0.2512 0.3092 0.3588 0.3988 0.4299 0.4528 0.4681 0.4759 0.4753 0.4634 0.4376 0.4026 0.3650 0.3286 0.2953 0.2655 0.2381
0.2633 0.2942 0.3274 0.3636 0.4012 0.4365 0.4627 0.4751 0.4761 0.4686 0.4535 0.4309 0.4001 0.3603 0.3109 0.2531 0.1958 0.1625 0.1488 0.1415 0.1373 0.1352 0.1351 0.1367 0.1401 0.1453 0.1523 0.1615 0.1728 0.1866 0.2032 0.2226 0.2454 0.2715 0.3011 0.3341 0.3697 0.4061 0.4397 0.4640 0.4753 0.4760 0.4689 0.4547 0.4335 0.4049 0.3682 0.3236 0.2744 0.2316 0.2138 0.2316 0.2744 0.3236 0.3682 0.4049 0.4335 0.4547 0.4689 0.4760 0.4753 0.4640 0.4397 0.4061 0.3697 0.3341 0.3011 0.2715 0.2454 0.2226 0.2032 0.1866 0.1728 0.1615 0.1523 0.1453 0.1401 0.1367 0.1351 0.1352 0.1373 0.1415 0.1488 0.1625 0.1958 0.2531 0.3109 0.3603 0.4001 0.4309 0.4535 0.4686 0.4761 0.4751 0.4627 0.4365 0.4012 0.3636 0.3274 0.2942 0.2633
0.2920 0.3262 0.3623 0.3999 0.4353 0.4620 0.4749 0.4762 0.4690 0.4542 0.4318 0.4013 0.3619 0.3127 0.2551 0.1973 0.1631 0.1491 0.1417 0.1373 0.1353 0.1351 0.1367 0.1400 0.1452 0.1523 0.1614 0.1728 0.1867 0.2033 0.2228 0.2456 0.2719 0.3017 0.3348 0.3705 0.4070 0.4404 0.4645 0.4755 0.4759 0.4686 0.4541 0.4327 0.4036 0.3664 0.3205 0.2674 0.2150 0.1810 0.1712 0.1810 0.2150 0.2674 0.3205 0.3664 0.4036 0.4327 0.4541 0.4686 0.4759 0.4755 0.4645 0.4404 0.4070 0.3705 0.3348 0.3017 0.2719 0.2456 0.2228 0.2033 0.1867 0.1728 0.1614 0.1523 0.1452 0.1400 0.1367 0.1351 0.1353 0.1373 0.1417 0.1491 0.1631 0.1973 0.2551 0.3127 0.3619 0.4013 0.4318 0.4542 0.4690 0.4762 0.4749 0.4620 0.4353 0.3999 0.3623 0.3262 0.2920
0.3244 0.3610 0.3986 0.4341 0.4613 0.4746 0.4763 0.4694 0.4548 0.4328 0.4026 0.3635 0.3147 0.2572 0.1990 0.1638 0.1494 0.1418 0.1374 0.1353 0.1351 0.1366 0.1400 0.1451 0.1522 0.1613 0.1728 0.1866 0.2033 0.2229 0.2458 0.2721 0.3020 0.3353 0.3711 0.4077 0.4411 0.4649 0.4756 0.4758 0.4683 0.4536 0.4319 0.4026 0.3649 0.3184 0.2639 0.2083 0.1713 0.1567 0.1529 0.1567 0.1713 0.2083 0.2639 0.3184 0.3649 0.4026 0.4319 0.4536 0.4683 0.4758 0.4756 0.4649 0.4411 0.4077 0.3711 0.3353 0.3020 0.2721 0.2458 0.2229 0.2033 0.1866 0.1728 0.1613 0.1522 0.1451 0.1400 0.1366 0.1351 0.1353 0.1374 0.1418 0.1494 0.1638 0.1990 0.2572 0.3147 0.3635 0.4026 0.4328 0.4548 0.4694 0.4763 0.4746 0.4613 0.4341 0.3986 0.3610 0.3244
0.3600 0.3972 0.4330 0.4605 0.4744 0.4764 0.4697 0.4555 0.4337 0.4038 0.3650 0.3166 0.2594 0.2009 0.1646 0.1497 0.1420 0.1375 0.1353 0.1351 0.1366 0.1399 0.1450 0.1520 0.1612 0.1726 0.1865 0.2032 0.2228 0.2458 0.2722 0.3022 0.3356 0.3715 0.4082 0.4416 0.4652 0.4757 0.4757 0.4680 0.4531 0.4311 0.4015 0.3636 0.3166 0.2615 0.2050 0.1680 0.1527 0.1459 0.1438 0.1459 0.1527 0.1680 0.2050 0.2615 0.3166 0.3636 0.4015 0.4311 0.4531 0.4680 0.4757 0.4757 0.4652 0.4416 0.4082 0.3715 0.3356 0.3022 0.2722 0.2458 0.2228 0.2032 0.1865 0.1726 0.1612 0.1520 0.1450 0.1399 0.1366 0.1351 0.1353 0.1375 0.1420 0.1497 0.1646 0.2009 0.2594 0.3166 0.3650 0.4038 0.4337 0.4555 0.4697 0.4764 0.4744 0.4605 0.4330 0.3972 0.3600
0.3976 0.4318 0.4598 0.4741 0.4765 0.4701 0.4561 0.4346 0.4050 0.3666 0.3185 0.2615 0.2028 0.1654 0.1501 0.1422 0.1376 0.1354 0.1350 0.1365 0.1398 0.1448 0.1519 0.1610 0.1724 0.1863 0.2030 0.2226 0.2456 0.2721 0.3022 0.3357 0.3718 0.4085 0.4419 0.4655 0.4758 0.4757 0.4677 0.4527 0.4305 0.4006 0.3624 0.3150 0.2596 0.2030 0.1665 0.1513 0.1437 0.1397 0.1385 0.1397 0.1437 0.1513 0.1665 0.2030 0.2596 0.3150 0.3624 0.4006 0.4305 0.4527 0.4677 0.4757 0.4758 0.4655 0.4419 0.4085 0.3718 0.3357 0.3022 0.2721 0.2456 0.2226 0.2030 0.1863 0.1724 0.1610 0.1519 0.1448 0.1398 0.1365 0.1350 0.1354 0.1376 0.1422 0.1501 0.1654 0.2028 0.2615 0.3185 0.3666 0.4050 0.4346 0.4561 0.4701 0.4765 0.4741 0.4598 0.4318 0.3976
0.4344 0.4590 0.4738 0.4766 0.4705 0.4568 0.4355 0.4062 0.3681 0.3204 0.2637 0.2047 0.1663 0.1505 0.1424 0.1378 0.1354 0.1350 0.1364 0.1396 0.1447 0.1517 0.1607 0.1721 0.1860 0.2027 0.2223 0.2454 0.2719 0.3020 0.3356 0.3718 0.4086 0.4421 0.4656 0.4758 0.4756 0.4675 0.4523 0.4299 0.3998 0.3613 0.3137 0.2579 0.2013 0.1656 0.1506 0.1429 0.1385 0.1363 0.1356 0.1363 0.1385 0.1429 0.1506 0.1656 0.2013 0.2579 0.3137 0.3613 0.3998 0.4299 0.4523 0.4675 0.4756 0.4758 0.4656 0.4421 0.4086 0.3718 0.3356 0.3020 0.2719 0.2454 0.2223 0.2027 0.1860 0.1721 0.1607 0.1517 0.1447 0.1396 0.1364 0.1350 0.1354 0.1378 0.1424 0.1505 0.1663 0.2047 0.2637 0.3204 0.3681 0.4062 0.4355 0.4568 0.4705 0.4766 0.4738 0.4590 0.4344
0.4648 0.4735 0.4766 0.4708 0.4574 0.4364 0.4074 0.3696 0.3223 0.2658 0.2066 0.1672 0.1509 0.1427 0.1379 0.1355 0.1350 0.1364 0.1395 0.1445 0.1514 0.1605 0.1718 0.1856 0.2023 0.2219 0.2449 0.2715 0.3017 0.3353 0.3715 0.4085 0.4421 0.4656 0.4758 0.4756 0.4674 0.4520 0.4295 0.3991 0.3603 0.3124 0.2565 0.2000 0.1649 0.1502 0.1425 0.1380 0.1357 0.1349 0.1348 0.1349 0.1357 0.1380 0.1425 0.1502 0.1649 0.2000 0.2565 0.3124 0.3603 0.3991 0.4295 0.4520 0.4674 0.4756 0.4758 0.4656 0.4421 0.4085 0.3715 0.3353 0.3017 0.2715 0.2449 0.2219 0.2023 0.1856 0.1718 0.1605 0.1514 0.1445 0.1395 0.1364 0.1350 0.1355 0.1379 0.1427 0.1509 0.1672 0.2066 0.2658 0.3223 0.3696 0.4074 0.4364 0.4574 0.4708 0.4766 0.4735 0.4648
0.4821 0.4767 0.4712 0.4580 0.4373 0.4086 0.3712 0.3241 0.2680 0.2086 0.1681 0.1513 0.1429 0.1380 0.1355 0.1350 0.1363 0.1394 0.1443 0.1512 0.1601 0.1714 0.1852 0.2018 0.2214 0.2444 0.2709 0.3011 0.3348 0.3711 0.4082 0.4419 0.4656 0.4758 0.4755 0.4673 0.4519 0.4292 0.3987 0.3596 0.3114 0.2552 0.1988 0.1644 0.1499 0.1423 0.1378 0.1355 0.1349 0.1354 0.1358 0.1354 0.1349 0.1355 0.1378 0.1423 0.1499 0.1644 0.1988 0.2552 0.3114 0.3596 0.3987 0.4292 0.4519 0.4673 0.4755 0.4758 0.4656 0.4419 0.4082 0.3711 0.3348 0.3011 0.2709 0.2444 0.2214 0.2018 0.1852 0.1714 0.1601 0.1512 0.1443 0.1394 0.1363 0.1350 0.1355 0.1380 0.1429 0.1513 0.1681 0.2086 0.2680 0.3241 0.3712 0.4086 0.4373 0.4580 0.4712 0.4767 0.4821
0.4866 0.4715 0.4586 0.4382 0.4098 0.3727 0.3260 0.2701 0.2106 0.1690 0.1516 0.1431 0.1381 0.1356 0.1350 0.1362 0.1392 0.1441 0.1509 0.1598 0.1710 0.1847 0.2012 0.2208 0.2437 0.2703 0.3005 0.3341 0.3705 0.4077 0.4416 0.4655 0.4758 0.4756 0.4673 0.4518 0.4290 0.3984 0.3591 0.3107 0.2542 0.1979 0.1639 0.1497 0.1422 0.1377 0.1354 0.1350 0.1359 0.1376 0.1386 0.1376 0.1359 0.1350 0.1354 0.1377 0.1422 0.1497 0.1639 0.1979 0.2542 0.3107 0.3591 0.3984 0.4290 0.4518 0.4673 0.4756 0.4758 0.4655 0.4416 0.4077 0.3705 0.3341 0.3005 0.2703 0.2437 0.2208 0.2012 0.1847 0.1710 0.1598 0.1509 0.1441 0.1392 0.1362 0.1350 0.1356 0.1381 0.1431 0.1516 0.1690 0.2106 0.2701 0.3260 0.3727 0.4098 0.4382 0.4586 0.4715 0.4866
0.4817 0.4592 0.4390 0.4110 0.3742 0.3279 0.2723 0.2126 0.1700 0.1520 0.1434 0.1383 0.1356 0.1350 0.1361 0.1391 0.1439 0.1506 0.1594 0.1706 0.1842 0.2007 0.2202 0.2430 0.2695 0.2996 0.3333 0.3697 0.4070 0.4411 0.4652 0.4758 0.4756 0.4674 0.4519 0.4290 0.3983 0.3588 0.3102 0.2536 0.1972 0.1636 0.1495 0.1420 0.1376 0.1354 0.1350 0.1362 0.1387 0.1417 0.1432 0.1417 0.1387 0.1362 0.1350 0.1354 0.1376 0.1420 0.1495 0.1636 0.1972 0.2536 0.3102 0.3588 0.3983 0.4290 0.4519 0.4674 0.4756 0.4758 0.4652 0.4411 0.4070 0.3697 0.3333 0.2996 0.2695 0.2430 0.2202 0.2007 0.1842 0.1706 0.1594 0.1506 0.1439 0.1391 0.1361 0.1350 0.1356 0.1383 0.1434 0.1520 0.1700 0.2126 0.2723 0.3279 0.3742 0.4110 0.4390 0.4592 0.4817
0.4693 0.4399 0.4121 0.3757 0.3297 0.2744 0.2147 0.1710 0.1525 0.1436 0.1384 0.1357 0.1350 0.1361 0.1389 0.1437 0.1503 0.1591 0.1701 0.1837 0.2001 0.2195 0.2423 0.2686 0.2987 0.3323 0.3688 0.4061 0.4404 0.4649 0.4757 0.4757 0.4675 0.4520 0.4292 0.3984 0.3588 0.3101 0.2532 0.1968 0.1633 0.1494 0.1419 0.1376 0.1354 0.1350 0.1363 0.1392 0.1434 0.1477 0.1497 0.1477 0.1434 0.1392 0.1363 0.1350 0.1354 0.1376 0.1419 0.1494 0.1633 0.1968 0.2532 0.3101 0.3588 0.3984 0.4292 0.4520 0.4675 0.4757 0.4757 0.4649 0.4404 0.4061 0.3688 0.3323 0.2987 0.2686 0.2423 0.2195 0.2001 0.1837 0.1701 0.1591 0.1503 0.1437 0.1389 0.1361 0.1350 0.1357 0.1384 0.1436 0.1525 0.1710 0.2147 0.2744 0.3297 0.3757 0.4121 0.4399 0.4693
0.4497 0.4133 0.3771 0.3315 0.2765 0.2168 0.1720 0.1529 0.1438 0.1386 0.1358 0.1350 0.1360 0.1388 0.1435 0.1501 0.1587 0.1697 0.1832 0.1994 0.2187 0.2414 0.2677 0.2977 0.3313 0.3677 0.4051 0.4397 0.4645 0.4756 0.4757 0.4677 0.4523 0.4295 0.3987 0.3591 0.3102 0.2532 0.1967 0.1632 0.1493 0.1419 0.1375 0.1354 0.1350 0.1364 0.1395 0.1441 0.1499 0.1556 0.1583 0.1556 0.1499 0.1441 0.1395 0.1364 0.1350 0.1354 0.1375 0.1419 0.1493 0.1632 0.1967 0.2532 0.3102 0.3591 0.3987 0.4295 0.4523 0.4677 0.4757 0.4756 0.4645 0.4397 0.4051 0.3677 0.3313 0.2977 0.2677 0.2414 0.2187 0.1994 0.1832 0.1697 0.1587 0.1501 0.1435 0.1388 0.1360 0.1350 0.1358 0.1386 0.1438 0.1529 0.1720 0.2168 0.2765 0.3315 0.3771 0.4133 0.4497
0.4225 0.3786 0.3333 0.2786 0.2189 0.1731 0.1533 0.1441 0.1387 0.1358 0.1349 0.1359 0.1387 0.1433 0.1498 0.1584 0.1693 0.1826 0.1988 0.2180 0.2405 0.2667 0.2966 0.3301 0.3665 0.4040 0.4388 0.4640 0.4755 0.4758 0.4680 0.4527 0.4299 0.3991 0.3596 0.3107 0.2536 0.1968 0.1632 0.1493 0.1418 0.1375 0.1353 0.1350 0.1365 0.1396 0.1444 0.1508 0.1585 0.1658 0.1692 0.1658 0.1585 0.1508 0.1444 0.1396 0.1365 0.1350 0.1353 0.1375 0.1418 0.1493 0.1632 0.1968 0.2536 0.3107 0.3596 0.3991 0.4299 0.4527 0.4680 0.4758 0.4755 0.4640 0.4388 0.4040 0.3665 0.3301 0.2966 0.2667 0.2405 0.2180 0.1988 0.1826 0.1693 0.1584 0.1498 0.1433 0.1387 0.1359 0.1349 0.1358 0.1387 0.1441 0.1533 0.1731 0.2189 0.2786 0.3333 0.3786 0.4225
0.3869 0.3351 0.2807 0.2209 0.1742 0.1538 0.1443 0.1388 0.1359 0.1349 0.1358 0.1385 0.1431 0.1495 0.1580 0.1688 0.1821 0.1981 0.2172 0.2397 0.2657 0.2955 0.3289 0.3653 0.4028 0.4378 0.4635 0.4753 0.4759 0.4683 0.4531 0.4305 0.3998 0.3603 0.3114 0.2542 0.1972 0.1633 0.1493 0.1418 0.1375 0.1353 0.1350 0.1365 0.1396 0.1445 0.1512 0.1596 0.1693 0.1783 0.1825 0.1783 0.1693 0.1596 0.1512 0.1445 0.1396 0.1365 0.1350 0.1353 0.1375 0.1418 0.1493 0.1633 0.1972 0.2542 0.3114 0.3603 0.3998 0.4305 0.4531 0.4683 0.4759 0.4753 0.4635 0.4378 0.4028 0.3653 0.3289 0.2955 0.2657 0.2397 0.2172 0.1981 0.1821 0.1688 0.1580 0.1495 0.1431 0.1385 0.1358 0.1349 0.1359 0.1388 0.1443 0.1538 0.1742 0.2209 0.2807 0.3351 0.3869
0.3423 0.2828 0.2231 0.1754 0.1542 0.1446 0.1390 0.1360 0.1350 0.1358 0.1384 0.1429 0.1492 0.1577 0.1684 0.1816 0.1975 0.2165 0.2388 0.2647 0.2943 0.3276 0.3639 0.4015 0.4367 0.4628 0.4751 0.4760 0.4686 0.4536 0.4311 0.4006 0.3613 0.3124 0.2552 0.1979 0.1636 0.1494 0.1419 0.1375 0.1353 0.1350 0.1365 0.1397 0.1446 0.1514 0.1601 0.1707 0.1826 0.1936 0.1986 0.1936 0.1826 0.1707 0.1601 0.1514 0.1446 0.1397 0.1365 0.1350 0.1353 0.1375 0.1419 0.1494 0.1636 0.1979 0.2552 0.3124 0.3613 0.4006 0.4311 0.4536 0.4686 0.4760 0.4751 0.4628 0.4367 0.4015 0.3639 0.3276 0.2943 0.2647 0.2388 0.2165 0.1975 0.1816 0.1684 0.1577 0.1492 0.1429 0.1384 0.1358 0.1350 0.1360 0.1390 0.1446 0.1542 0.1754 0.2231 0.2828 0.3423
0.2885 0.2252 0.1766 0.1547 0.1449 0.1391 0.1360 0.1350 0.1357 0.1383 0.1427 0.1490 0.1573 0.1680 0.1811 0.1969 0.2157 0.2379 0.2637 0.2932 0.3264 0.3626 0.4002 0.4356 0.4622 0.4749 0.4762 0.4689 0.4541 0.4319 0.4015 0.3624 0.3137 0.2565 0.1988 0.1639 0.1495 0.1419 0.1375 0.1353 0.1350 0.1365 0.1397 0.1446 0.1515 0.1603 0.1712 0.1842 0.1986 0.2117 0.2176 0.2117 0.1986 0.1842 0.1712 0.1603 0.1515 0.1446 0.1397 0.1365 0.1350 0.1353 0.1375 0.1419 0.1495 0.1639 0.1988 0.2565 0.3137 0.3624 0.4015 0.4319 0.4541 0.4689 0.4762 0.4749 0.4622 0.4356 0.4002 0.3626 0.3264 0.2932 0.2637 0.2379 0.2157 0.1969 0.1811 0.1680 0.1573 0.1490 0.1427 0.1383 0.1357 0.1350 0.1360 0.1391 0.1449 0.1547 0.1766 0.2252 0.2885
0.2292 0.1778 0.1552 0.1451 0.1393 0.1361 0.1350 0.1357 0.1382 0.1425 0.1487 0.1570 0.1675 0.1805 0.1963 0.2150 0.2371 0.2627 0.2921 0.3251 0.3612 0.3988 0.4344 0.4614 0.4747 0.4763 0.4693 0.4547 0.4327 0.4026 0.3636 0.3150 0.2579 0.2000 0.1644 0.1497 0.1420 0.1376 0.1354 0.1350 0.1365 0.1397 0.1446 0.1515 0.1604 0.1714 0.1848 0.2005 0.2175 0.2330 0.2400 0.2330 0.2175 0.2005 0.1848 0.1714 0.1604 0.1515 0.1446 0.1397 0.1365 0.1350 0.1354 0.1376 0.1420 0.1497 0.1644 0.2000 0.2579 0.3150 0.3636 0.4026 0.4327 0.4547 0.4693 0.4763 0.4747 0.4614 0.4344 0.3988 0.3612 0.3251 0.2921 0.2627 0.2371 0.2150 0.1963 0.1805 0.1675 0.1570 0.1487 0.1425 0.1382 0.1357 0.1350 0.1361 0.1393 0.1451 0.1552 0.1778 0.2292
0.1802 0.1557 0.1454 0.1395 0.1362 0.1350 0.1356 0.1380 0.1423 0.1484 0.1567 0.1671 0.1800 0.1956 0.2143 0.2362 0.2617 0.2909 0.3239 0.3599 0.3975 0.4332 0.4607 0.4744 0.4764 0.4697 0.4554 0.4335 0.4036 0.3649 0.3166 0.2596 0.2013 0.1649 0.1499 0.1422 0.1376 0.1354 0.1350 0.1365 0.1396 0.1446 0.1515 0.1604 0.1715 0.1850 0.2011 0.2197 0.2397 0.2577 0.2659 0.2577 0.2397 0.2197 0.2011 0.1850 0.1715 0.1604 0.1515 0.1446 0.1396 0.1365 0.1350 0.1354 0.1376 0.1422 0.1499 0.1649 0.2013 0.2596 0.3166 0.3649 0.4036 0.4335 0.4554 0.4697 0.4764 0.4744 0.4607 0.4332 0.3975 0.3599 0.3239 0.2909 0.2617 0.2362 0.2143 0.1956 0.1800 0.1671 0.1567 0.1484 0.1423 0.1380 0.1356 0.1350 0.1362 0.1395 0.1454 0.1557 0.1802
0.1573 0.1457 0.1396 0.1363 0.1350 0.1355 0.1379 0.1421 0.1482 0.1563 0.1667 0.1795 0.1950 0.2135 0.2353 0.2607 0.2897 0.3225 0.3585 0.3961 0.4319 0.4599 0.4742 0.4765 0.4701 0.4560 0.4345 0.4049 0.3664 0.3184 0.2615 0.2030 0.1656 0.1502 0.1423 0.1377 0.1354 0.1350 0.1364 0.1396 0.1445 0.1514 0.1603 0.1714 0.1850 0.2013 0.2203 0.2421 0.2654 0.2861 0.2954 0.2861 0.2653 0.2421 0.2203 0.2013 0.1850 0.1714 0.1603 0.1514 0.1445 0.1396 0.1364 0.1350 0.1354 0.1377 0.1423 0.1502 0.1656 0.2030 0.2615 0.3184 0.3664 0.4049 0.4345 0.4560 0.4701 0.4765 0.4742 0.4599 0.4319 0.3961 0.3585 0.3225 0.2897 0.2607 0.2353 0.2135 0.1950 0.1795 0.1667 0.1563 0.1482 0.1421 0.1379 0.1355 0.1350 0.1363 0.1396 0.1457 0.1573
0.1466 0.1399 0.1364 0.1350 0.1355 0.1378 0.1419 0.1478 0.1559 0.1661 0.1788 0.1942 0.2126 0.2343 0.2595 0.2884 0.3210 0.3568 0.3944 0.4305 0.4590 0.4738 0.4766 0.4705 0.4568 0.4355 0.4063 0.3682 0.3205 0.2639 0.2050 0.1665 0.1506 0.1425 0.1378 0.1354 0.1350 0.1363 0.1395 0.1444 0.1512 0.1601 0.1712 0.1848 0.2011 0.2203 0.2426 0.2678 0.2944 0.3178 0.3283 0.3178 0.2944 0.2678 0.2426 0.2203 0.2011 0.1848 0.1712 0.1601 0.1512 0.1444 0.1395 0.1363 0.1350 0.1354 0.1378 0.1425 0.1506 0.1665 0.2050 0.2639 0.3205 0.3682 0.4063 0.4355 0.4568 0.4705 0.4766 0.4738 0.4590 0.4305 0.3944 0.3569 0.3210 0.2884 0.2595 0.2343 0.2126 0.1942 0.1788 0.1661 0.1559 0.1478 0.1419 0.1378 0.1355 0.1350 0.1364 0.1399 0.1466
0.1404 0.1365 0.1350 0.1354 0.1375 0.1415 0.1474 0.1553 0.1654 0.1779 0.1931 0.2113 0.2327 0.2577 0.2864 0.3188 0.3545 0.3921 0.4284 0.4576 0.4733 0.4767 0.4711 0.4578 0.4370 0.4083 0.3707 0.3236 0.2674 0.2083 0.1680 0.1513 0.1429 0.1380 0.1355 0.1350 0.1362 0.1392 0.1441 0.1508 0.1596 0.1707 0.1842 0.2005 0.2197 0.2421 0.2678 0.2964 0.3262 0.3518 0.3631 0.3518 0.3262 0.2964 0.2678 0.2421 0.2197 0.2005 0.1842 0.1707 0.1596 0.1508 0.1441 0.1392 0.1362 0.1350 0.1355 0.1380 0.1429 0.1513 0.1680 0.2083 0.2674 0.3236 0.3707 0.4083 0.4370 0.4578 0.4711 0.4767 0.4733 0.4576 0.4285 0.3921 0.3545 0.3188 0.2864 0.2577 0.2327 0.2113 0.1931 0.1779 0.1654 0.1553 0.1474 0.1415 0.1375 0.1354 0.1350 0.1365 0.1404
0.1369 0.1351 0.1352 0.1371 0.1408 0.1464 0.1540 0.1639 0.1761 0.1909 0.2087 0.2298 0.2543 0.2826 0.3146 0.3499 0.3874 0.4243 0.4547 0.4722 0.4768 0.4721 0.4597 0.4398 0.4120 0.3756 0.3296 0.2744 0.2150 0.1713 0.1527 0.1437 0.1385 0.1357 0.1349 0.1359 0.1387 0.1434 0.1499 0.1585 0.1693 0.1826 0.1986 0.2175 0.2397 0.2654 0.2944 0.3262 0.3584 0.3853 0.3968 0.3853 0.3584 0.3262 0.2944 0.2653 0.2397 0.2175 0.1986 0.1826 0.1693 0.1585 0.1499 0.1434 0.1387 0.1359 0.1349 0.1357 0.1385 0.1437 0.1527 0.1713 0.2150 0.2744 0.3296 0.3755 0.4120 0.4398 0.4597 0.4721 0.4768 0.4722 0.4548 0.4243 0.3875 0.3499 0.3146 0.2825 0.2543 0.2298 0.2087 0.1909 0.1761 0.1639 0.1540 0.1464 0.1408 0.1371 0.1352 0.1351 0.1369
0.1354 0.1349 0.1362 0.1393 0.1443 0.1513 0.1604 0.1719 0.1859 0.2028 0.2229 0.2463 0.2735 0.3045 0.3390 0.3762 0.4138 0.4470 0.4687 0.4765 0.4742 0.4640 0.4462 0.4207 0.3867 0.3436 0.2908 0.2316 0.1810 0.1567 0.1459 0.1397 0.1363 0.1349 0.1354 0.1376 0.1417 0.1477 0.1556 0.1658 0.1783 0.1935 0.2117 0.2330 0.2577 0.2861 0.3178 0.3518 0.3853 0.4119 0.4227 0.4119 0.3853 0.3518 0.3178 0.2861 0.2577 0.2330 0.2117 0.1936 0.1783 0.1658 0.1556 0.1477 0.1417 0.1376 0.1354 0.1349 0.1363 0.1397 0.1459 0.1567 0.1810 0.2316 0.2908 0.3435 0.3868 0.4207 0.4462 0.4640 0.4742 0.4765 0.4687 0.4470 0.4138 0.3762 0.3390 0.3045 0.2735 0.2463 0.2229 0.2028 0.1859 0.1719 0.1604 0.1513 0.1443 0.1393 0.1362 0.1349 0.1354
0.1349 0.1350 0.1368 0.1404 0.1460 0.1536 0.1634 0.1756 0.1904 0.2082 0.2292 0.2538 0.2821 0.3142 0.3498 0.3875 0.4246 0.4551 0.4724 0.4767 0.4718 0.4592 0.4391 0.4111 0.3743 0.3281 0.2728 0.2138 0.1712 0.1529 0.1438 0.1385 0.1356 0.1348 0.1358 0.1386 0.1432 0.1497 0.1583 0.1692 0.1825 0.1986 0.2176 0.2400 0.2659 0.2954 0.3283 0.3631 0.3968 0.4227 0.4328 0.4227 0.3968 0.3631 0.3283 0.2954 0.2659 0.2400 0.2176 0.1986 0.1825 0.1692 0.1583 0.1497 0.1432 0.1386 0.1358 0.1348 0.1356 0.1385 0.1438 0.1529 0.1712 0.2138 0.2727 0.3281 0.3743 0.4111 0.4391 0.4592 0.4718 0.4767 0.4724 0.4552 0.4246 0.3875 0.3498 0.3142 0.2821 0.2538 0.2292 0.2082 0.1904 0.1756 0.1634 0.1536 0.1460 0.1404 0.1368 0.1350 0.1349
0.1354 0.1349 0.1362 0.1393 0.1443 0.1513 0.1604 0.1719 0.1859 0.2028 0.2229 0.2463 0.2735 0.3045 0.3390 0.3762 0.4138 0.4470 0.4687 0.4765 0.4742 0.4640 0.4462 0.4207 0.3867 0.3436 0.2908 0.2316 0.1810 0.1567 0.1459 0.1397 0.1363 0.1349 0.1354 0.1376 0.1417 0.1477 0.1556 0.1658 0.1783 0.1935 0.2117 0.2330 0.2577 0.2861 0.3178 0.3518 0.3853 0.4119 0.4227 0.4119 0.3853 0.3518 0.3178 0.2861 0.2577 0.2330 0.2117 0.1936 0.1783 0.1658 0.1556 0.1477 0.1417 0.1376 0.1354 0.1349 0.1363 0.1397 0.1459 0.1567 0.1810 0.2316 0.2908 0.3435 0.3868 0.4207 0.4462 0.4640 0.4742 0.4765 0.4687 0.4470 0.4138 0.3762 0.3390 0.3045 0.2735 0.2463 0.2229 0.2028 0.1859 0.1719 0.1604 0.1513 0.1443 0.1393 0.1362 0.1349 0.1354
0.1369 0.1351 0.1352 0.1371 0.1408 0.1464 0.1540 0.1639 0.1761 0.1909 0.2087 0.2298 0.2543 0.2826 0.3146 0.3499 0.3874 0.4243 0.4547 0.4722 0.4768 0.4721 0.4597 0.4398 0.4120 0.3756 0.3296 0.2744 0.2150 0.1713 0.1527 0.1437 0.1385 0.1357 0.1349 0.1359 0.1387 0.1434 0.1499 0.1585 0.1693 0.1826 0.1986 0.2175 0.2397 0.2653 0.2944 0.3262 0.3584 0.3853 0.3968 0.3853 0.3584 0.3262 0.2944 0.2653 0.2397 0.2175 0.1986 0.1826 0.1693 0.1585 0.1499 0.1434 0.1387 0.1359 0.1349 0.1357 0.1385 0.1437 0.1527 0.1713 0.2150 0.2744 0.3296 0.3755 0.4120 0.4398 0.4597 0.4721 0.4768 0.4722 0.4548 0.4243 0.3875 0.3499 0.3146 0.2825 0.2543 0.2298 0.2087 0.1909 0.1761 0.1639 0.1540 0.1464 0.1408 0.1371 0.1352 0.1351 0.1369
0.1404 0.1365 0.1350 0.1354 0.1375 0.1415 0.1474 0.1553 0.1654 0.1779 0.1931 0.2113 0.2327 0.2577 0.2864 0.3188 0.3545 0.3921 0.4284 0.4576 0.4733 0.4767 0.4711 0.4578 0.4370 0.4083 0.3707 0.3236 0.2674 0.2083 0.1680 0.1513 0.1429 0.1380 0.1355 0.1350 0.1362 0.1392 0.1441 0.1508 0.1596 0.1707 0.1842 0.2005 0.2197 0.2421 0.2678 0.2964 0.3262 0.3518 0.3631 0.3518 0.3262 0.2964 0.2678 0.2421 0.2197 0.2005 0.1842 0.1707 0.1596 0.1508 0.1441 0.1392 0.1362 0.1350 0.1355 0.1380 0.1429 0.1513 0.1680 0.2083 0.2674 0.3236 0.3707 0.4083 0.4370 0.4578 0.4711 0.4767 0.4733 0.4576 0.4285 0.3921 0.3545 0.3188 0.2864 0.2577 0.2327 0.2113 0.1931 0.1779 0.1654 0.1553 0.1474 0.1415 0.1375 0.1354 0.1350 0.1365 0.1404
0.1466 0.1399 0.1364 0.1350 0.1355 0.1378 0.1419 0.1478 0.1559 0.1661 0.1788 0.1942 0.2126 0.2343 0.2595 0.2884 0.3210 0.3568 0.3944 0.4305 0.4590 0.4738 0.4766 0.4705 0.4568 0.4355 0.4063 0.3682 0.3205 0.2639 0.2050 0.1665 0.1506 0.1425 0.1378 0.1354 0.1350 0.1363 0.1395 0.1444 0.1512 0.1601 0.1712 0.1848 0.2011 0.2203 0.2426 0.2678 0.2944 0.3178 0.3283 0.3178 0.2944 0.2678 0.2426 0.2203 0.2011 0.1848 0.1712 0.1601 0.1512 0.1444 0.1395 0.1363 0.1350 0.1354 0.1378 0.1425 0.1506 0.1665 0.2050 0.2639 0.3205 0.3682 0.4063 0.4355 0.4568 0.4705 0.4766 0.4738 0.4590 0.4305 0.3944 0.3569 0.3210 0.2884 0.2595 0.2343 0.2126 0.1942 0.1788 0.1661 0.1559 0.1478 0.1419 0.1378 0.1355 0.1350 0.1364 0.1399 0.1466
0.1573 0.1457 0.1396 0.1363 0.1350 0.1355 0.1379 0.1421 0.1482 0.1563 0.1667 0.1795 0.1950 0.2135 0.2353 0.2607 0.2897 0.3225 0.3585 0.3961 0.4319 0.4599 0.4742 0.4765 0.4701 0.4560 0.4345 0.4049 0.3664 0.3184 0.2616 0.2030 0.1656 0.1502 0.1423 0.1377 0.1354 0.1350 0.1364 0.1396 0.1445 0.1514 0.1603 0.1714 0.1850 0.2013 0.2203 0.2421 0.2653 0.2861 0.2954 0.2861 0.2653 0.2421 0.2203 0.2013 0.1850 0.1714 0.1603 0.1514 0.1445 0.1396 0.1364 0.1350 0.1354 0.1377 0.1423 0.1502 0.1656 0.2030 0.2615 0.3184 0.3664 0.4049 0.4345 0.4560 0.4701 0.4765 0.4742 0.4599 0.4319 0.3961 0.3585 0.3225 0.2897 0.2607 0.2353 0.2135 0.1950 0.1795 0.1667 0.1563 0.1482 0.1421 0.1379 0.1355 0.1350 0.1363 0.1396 0.1457 0.1573
