1.0000 1.0000 1.0000 1.0000 0.0000 0.0000 0.0001 0.0001 0.0002 0.0003 0.0004 0.0006 0.0010 0.0015 0.0024 0.0037 0.0058 0.0091 0.0142 0.0222 0.0346 0.0540 0.0842 0.1314 0.2051 0.3201 0.4995 0.7795 1.0000 1.0000 1.0000 1.0000 1.0000 1.0000 1.0000 1.0000 1.0000 1.0000 0.0000 0.0000 0.0001 0.0001 0.0002 0.0003 0.0005 0.0007 0.0011 0.0017 0.0025 0.0035 0.0039 0.0035 0.0025 0.0017 0.0011 0.0007 0.0005 0.0003 0.0002 0.0001 0.0001 0.0000 0.0000 1.0000 1.0000 1.0000 1.0000 1.0000 1.0000 1.0000 1.0000 1.0000 1.0000 0.7795 0.4995 0.3201 0.2051 0.1314 0.0842 0.0540 0.0346 0.0222 0.0142 0.0091 0.0058 0.0037 0.0024 0.0015 0.0010 0.0006 0.0004 0.0003 0.0002 0.0001 0.0001 0.0000 0.0000 1.0000 1.0000 1.0000 1.0000
1.0000 1.0000 1.0000 0.0000 0.0000 0.0001 0.0001 0.0002 0.0003 0.0004 0.0006 0.0010 0.0015 0.0024 0.0037 0.0059 0.0091 0.0143 0.0222 0.0347 0.0542 0.0845 0.1319 0.2059 0.3213 0.5014 0.7824 1.0000 1.0000 1.0000 1.0000 1.0000 1.0000 1.0000 1.0000 1.0000 1.0000 0.0000 0.0000 0.0001 0.0001 0.0002 0.0003 0.0005 0.0007 0.0011 0.0017 0.0027 0.0040 0.0055 0.0063 0.0055 0.0040 0.0027 0.0017 0.0011 0.0007 0.0005 0.0003 0.0002 0.0001 0.0001 0.0000 0.0000 1.0000 1.0000 1.0000 1.0000 1.0000 1.0000 1.0000 1.0000 1.0000 1.0000 0.7824 0.5014 0.3213 0.2059 0.1319 0.0845 0.0542 0.0347 0.0222 0.0143 0.0091 0.0059 0.0037 0.0024 0.0015 0.0010 0.0006 0.0004 0.0003 0.0002 0.0001 0.0001 0.0000 0.0000 1.0000 1.0000 1.0000
1.0000 1.0000 0.0000 0.0000 0.0001 0.0001 0.0002 0.0003 0.0004 0.0006 0.0010 0.0016 0.0024 0.0038 0.0059 0.0093 0.0145 0.0226 0.0353 0.0550 0.0858 0.1340 0.2094 0.3268 0.5101 0.7960 1.0000 1.0000 1.0000 1.0000 1.0000 1.0000 1.0000 1.0000 1.0000 0.0000 0.0000 0.0001 0.0001 0.0001 0.0002 0.0003 0.0005 0.0007 0.0011 0.0018 0.0028 0.0043 0.0064 0.0088 0.0100 0.0088 0.0064 0.0043 0.0028 0.0018 0.0011 0.0007 0.0005 0.0003 0.0002 0.0001 0.0001 0.0001 0.0000 0.0000 1.0000 1.0000 1.0000 1.0000 1.0000 1.0000 1.0000 1.0000 1.0000 0.7960 0.5101 0.3268 0.2094 0.1340 0.0858 0.0550 0.0353 0.0226 0.0145 0.0093 0.0059 0.0038 0.0024 0.0016 0.0010 0.0006 0.0004 0.0003 0.0002 0.0001 0.0001 0.0000 0.0000 1.0000 1.0000
1.0000 0.0000 0.0000 0.0001 0.0001 0.0002 0.0003 0.0004 0.0007 0.0010 0.0016 0.0025 0.0039 0.0060 0.0094 0.0147 0.0230 0.0359 0.0560 0.0873 0.1363 0.2127 0.3319 0.5179 0.8082 1.0000 1.0000 1.0000 1.0000 1.0000 1.0000 1.0000 1.0000 1.0000 0.0000 0.0000 0.0001 0.0001 0.0001 0.0002 0.0003 0.0005 0.0007 0.0012 0.0018 0.0028 0.0044 0.0068 0.0101 0.0140 0.0160 0.0140 0.0101 0.0068 0.0044 0.0028 0.0018 0.0012 0.0007 0.0005 0.0003 0.0002 0.0001 0.0001 0.0001 0.0000 0.0000 1.0000 1.0000 1.0000 1.0000 1.0000 1.0000 1.0000 1.0000 1.0000 0.8082 0.5179 0.3319 0.2127 0.1363 0.0873 0.0560 0.0359 0.0230 0.0147 0.0094 0.0060 0.0039 0.0025 0.0016 0.0010 0.0007 0.0004 0.0003 0.0002 0.0001 0.0001 0.0000 0.0000 1.0000
0.0000 0.0000 0.0001 0.0001 0.0002 0.0003 0.0004 0.0007 0.0010 0.0016 0.0025 0.0039 0.0061 0.0096 0.0150 0.0234 0.0365 0.0569 0.0888 0.1386 0.2163 0.3376 0.5268 0.8221 1.0000 1.0000 1.0000 1.0000 1.0000 1.0000 1.0000 1.0000 1.0000 0.0000 0.0000 0.0001 0.0001 0.0001 0.0002 0.0003 0.0005 0.0008 0.0012 0.0018 0.0029 0.0045 0.0070 0.0108 0.0161 0.0223 0.0256 0.0223 0.0161 0.0108 0.0070 0.0045 0.0029 0.0018 0.0012 0.0008 0.0005 0.0003 0.0002 0.0001 0.0001 0.0001 0.0000 0.0000 1.0000 1.0000 1.0000 1.0000 1.0000 1.0000 1.0000 1.0000 1.0000 0.8221 0.5268 0.3376 0.2163 0.1386 0.0888 0.0569 0.0365 0.0234 0.0150 0.0096 0.0061 0.0039 0.0025 0.0016 0.0010 0.0007 0.0004 0.0003 0.0002 0.0001 0.0001 0.0000 0.0000
0.0000 0.0001 0.0001 0.0002 0.0003 0.0004 0.0007 0.0010 0.0016 0.0025 0.0040 0.0062 0.0097 0.0152 0.0237 0.0371 0.0579 0.0904 0.1410 0.2201 0.3434 0.5359 0.8363 1.0000 1.0000 1.0000 1.0000 1.0000 1.0000 1.0000 1.0000 1.0000 0.0000 0.0000 0.0001 0.0001 0.0001 0.0002 0.0003 0.0005 0.0008 0.0012 0.0019 0.0029 0.0046 0.0071 0.0111 0.0171 0.0256 0.0355 0.0408 0.0355 0.0256 0.0171 0.0111 0.0071 0.0046 0.0029 0.0019 0.0012 0.0008 0.0005 0.0003 0.0002 0.0001 0.0001 0.0001 0.0000 0.0000 1.0000 1.0000 1.0000 1.0000 1.0000 1.0000 1.0000 1.0000 1.0000 0.8363 0.5359 0.3434 0.2201 0.1410 0.0904 0.0579 0.0371 0.0237 0.0152 0.0097 0.0062 0.0040 0.0025 0.0016 0.0010 0.0007 0.0004 0.0003 0.0002 0.0001 0.0001 0.0000
0.0001 0.0001 0.0002 0.0003 0.0004 0.0007 0.0010 0.0016 0.0026 0.0040 0.0063 0.0099 0.0154 0.0241 0.0376 0.0588 0.0918 0.1432 0.2234 0.3487 0.5452 0.8507 1.0000 1.0000 1.0000 1.0000 1.0000 1.0000 1.0000 1.0000 1.0000 0.0000 0.0000 0.0001 0.0001 0.0001 0.0002 0.0003 0.0005 0.0008 0.0012 0.0019 0.0030 0.0047 0.0073 0.0113 0.0176 0.0271 0.0407 0.0564 0.0649 0.0564 0.0407 0.0271 0.0176 0.0113 0.0073 0.0047 0.0030 0.0019 0.0012 0.0008 0.0005 0.0003 0.0002 0.0001 0.0001 0.0001 0.0000 0.0000 1.0000 1.0000 1.0000 1.0000 1.0000 1.0000 1.0000 1.0000 1.0000 0.8507 0.5452 0.3487 0.2234 0.1432 0.0918 0.0588 0.0376 0.0241 0.0154 0.0099 0.0063 0.0040 0.0026 0.0016 0.0010 0.0007 0.0004 0.0003 0.0002 0.0001 0.0001
0.0001 0.0002 0.0003 0.0004 0.0007 0.0010 0.0016 0.0026 0.0040 0.0064 0.0100 0.0156 0.0244 0.0381 0.0596 0.0932 0.1454 0.2273 0.3547 0.5535 0.8638 1.0000 1.0000 1.0000 1.0000 1.0000 1.0000 1.0000 1.0000 1.0000 0.0000 0.0000 0.0001 0.0001 0.0001 0.0002 0.0003 0.0005 0.0008 0.0012 0.0019 0.0030 0.0047 0.0074 0.0115 0.0179 0.0279 0.0430 0.0645 0.0897 0.1034 0.0897 0.0645 0.0430 0.0279 0.0179 0.0115 0.0074 0.0047 0.0030 0.0019 0.0012 0.0008 0.0005 0.0003 0.0002 0.0001 0.0001 0.0001 0.0000 0.0000 1.0000 1.0000 1.0000 1.0000 1.0000 1.0000 1.0000 1.0000 1.0000 0.8638 0.5535 0.3547 0.2273 0.1454 0.0932 0.0596 0.0381 0.0244 0.0156 0.0100 0.0064 0.0040 0.0026 0.0016 0.0010 0.0007 0.0004 0.0003 0.0002 0.0001
0.0002 0.0003 0.0004 0.0007 0.0010 0.0016 0.0026 0.0040 0.0064 0.0100 0.0157 0.0246 0.0385 0.0603 0.0944 0.1476 0.2303 0.3601 0.5631 0.8787 1.0000 1.0000 1.0000 1.0000 1.0000 1.0000 1.0000 1.0000 1.0000 0.0000 0.0000 0.0001 0.0001 0.0001 0.0002 0.0003 0.0005 0.0008 0.0013 0.0020 0.0031 0.0048 0.0075 0.0117 0.0183 0.0285 0.0443 0.0683 0.1025 0.1426 0.1642 0.1426 0.1025 0.0683 0.0443 0.0285 0.0183 0.0117 0.0075 0.0048 0.0031 0.0020 0.0013 0.0008 0.0005 0.0003 0.0002 0.0001 0.0001 0.0001 0.0000 0.0000 1.0000 1.0000 1.0000 1.0000 1.0000 1.0000 1.0000 1.0000 1.0000 0.8787 0.5631 0.3601 0.2303 0.1476 0.0944 0.0603 0.0385 0.0246 0.0157 0.0100 0.0064 0.0040 0.0026 0.0016 0.0010 0.0007 0.0004 0.0003 0.0002
0.0003 0.0004 0.0006 0.0010 0.0016 0.0025 0.0040 0.0064 0.0100 0.0157 0.0247 0.0388 0.0608 0.0953 0.1493 0.2334 0.3650 0.5706 0.8922 1.0000 1.0000 1.0000 1.0000 1.0000 1.0000 1.0000 1.0000 1.0000 0.0000 0.0000 0.0001 0.0001 0.0001 0.0002 0.0003 0.0005 0.0008 0.0013 0.0020 0.0031 0.0049 0.0076 0.0119 0.0186 0.0290 0.0452 0.0703 0.1085 0.1629 0.2264 0.2611 0.2264 0.1629 0.1085 0.0703 0.0452 0.0290 0.0186 0.0119 0.0076 0.0049 0.0031 0.0020 0.0013 0.0008 0.0005 0.0003 0.0002 0.0001 0.0001 0.0001 0.0000 0.0000 1.0000 1.0000 1.0000 1.0000 1.0000 1.0000 1.0000 1.0000 1.0000 0.8922 0.5706 0.3650 0.2334 0.1493 0.0953 0.0608 0.0388 0.0247 0.0157 0.0100 0.0064 0.0040 0.0025 0.0016 0.0010 0.0006 0.0004 0.0003
0.0004 0.0006 0.0010 0.0016 0.0025 0.0040 0.0063 0.0100 0.0157 0.0247 0.0389 0.0611 0.0959 0.1504 0.2357 0.3692 0.5772 0.9024 1.0000 1.0000 1.0000 1.0000 1.0000 1.0000 1.0000 1.0000 1.0000 0.0000 0.0000 0.0001 0.0001 0.0001 0.0002 0.0003 0.0005 0.0008 0.0013 0.0020 0.0032 0.0050 0.0078 0.0121 0.0189 0.0295 0.0460 0.0718 0.1116 0.1722 0.2587 0.3595 0.4146 0.3595 0.2587 0.1722 0.1116 0.0718 0.0460 0.0295 0.0189 0.0121 0.0078 0.0050 0.0032 0.0020 0.0013 0.0008 0.0005 0.0003 0.0002 0.0001 0.0001 0.0001 0.0000 0.0000 1.0000 1.0000 1.0000 1.0000 1.0000 1.0000 1.0000 1.0000 1.0000 0.9024 0.5772 0.3692 0.2357 0.1504 0.0959 0.0611 0.0389 0.0247 0.0157 0.0100 0.0063 0.0040 0.0025 0.0016 0.0010 0.0006 0.0004
0.0006 0.0010 0.0016 0.0025 0.0039 0.0062 0.0099 0.0156 0.0246 0.0388 0.0611 0.0962 0.1510 0.2370 0.3720 0.5827 0.9128 1.0000 1.0000 1.0000 1.0000 1.0000 1.0000 1.0000 1.0000 1.0000 0.0000 0.0000 0.0001 0.0001 0.0001 0.0002 0.0003 0.0005 0.0009 0.0013 0.0021 0.0032 0.0051 0.0079 0.0123 0.0192 0.0300 0.0468 0.0730 0.1137 0.1772 0.2728 0.4106 0.5706 0.6581 0.5706 0.4106 0.2728 0.1772 0.1137 0.0730 0.0468 0.0300 0.0192 0.0123 0.0079 0.0051 0.0032 0.0021 0.0013 0.0009 0.0005 0.0003 0.0002 0.0001 0.0001 0.0001 0.0000 0.0000 1.0000 1.0000 1.0000 1.0000 1.0000 1.0000 1.0000 1.0000 1.0000 0.9128 0.5827 0.3720 0.2370 0.1510 0.0962 0.0611 0.0388 0.0246 0.0156 0.0099 0.0062 0.0039 0.0025 0.0016 0.0010 0.0006
0.0010 0.0015 0.0024 0.0039 0.0061 0.0097 0.0154 0.0244 0.0385 0.0608 0.0959 0.1510 0.2379 0.3734 0.5860 0.9197 1.0000 1.0000 1.0000 1.0000 1.0000 1.0000 1.0000 1.0000 1.0000 0.0000 0.0000 0.0001 0.0001 0.0001 0.0002 0.0004 0.0006 0.0009 0.0014 0.0021 0.0033 0.0051 0.0080 0.0125 0.0195 0.0304 0.0476 0.0743 0.1159 0.1806 0.2807 0.4331 0.6519 0.9058 1.0000 0.9058 0.6519 0.4331 0.2807 0.1806 0.1159 0.0743 0.0476 0.0304 0.0195 0.0125 0.0080 0.0051 0.0033 0.0021 0.0014 0.0009 0.0006 0.0004 0.0002 0.0001 0.0001 0.0001 0.0000 0.0000 1.0000 1.0000 1.0000 1.0000 1.0000 1.0000 1.0000 1.0000 1.0000 0.9197 0.5860 0.3734 0.2379 0.1510 0.0959 0.0608 0.0385 0.0244 0.0154 0.0097 0.0061 0.0039 0.0024 0.0015 0.0010
0.0015 0.0024 0.0038 0.0060 0.0096 0.0152 0.0241 0.0381 0.0603 0.0953 0.1504 0.2370 0.3734 0.5882 0.9232 1.0000 1.0000 1.0000 1.0000 1.0000 1.0000 1.0000 1.0000 1.0000 0.0000 0.0000 0.0001 0.0001 0.0001 0.0002 0.0004 0.0006 0.0009 0.0014 0.0021 0.0033 0.0052 0.0082 0.0127 0.0198 0.0310 0.0483 0.0754 0.1177 0.1837 0.2867 0.4456 0.6875 1.0000 1.0000 1.0000 1.0000 1.0000 0.6875 0.4456 0.2867 0.1837 0.1177 0.0754 0.0483 0.0310 0.0198 0.0127 0.0082 0.0052 0.0033 0.0021 0.0014 0.0009 0.0006 0.0004 0.0002 0.0001 0.0001 0.0001 0.0000 0.0000 1.0000 1.0000 1.0000 1.0000 1.0000 1.0000 1.0000 1.0000 1.0000 0.9232 0.5882 0.3734 0.2370 0.1504 0.0953 0.0603 0.0381 0.0241 0.0152 0.0096 0.0060 0.0038 0.0024 0.0015
0.0024 0.0037 0.0059 0.0094 0.0150 0.0237 0.0376 0.0596 0.0944 0.1493 0.2357 0.3720 0.5860 0.9232 1.0000 1.0000 1.0000 1.0000 1.0000 1.0000 1.0000 1.0000 1.0000 0.0000 0.0000 0.0001 0.0001 0.0002 0.0002 0.0004 0.0006 0.0009 0.0014 0.0022 0.0034 0.0053 0.0083 0.0129 0.0202 0.0315 0.0492 0.0767 0.1197 0.1869 0.2916 0.4550 0.7074 1.0000 1.0000 1.0000 1.0000 1.0000 1.0000 1.0000 0.7074 0.4550 0.2916 0.1869 0.1197 0.0767 0.0492 0.0315 0.0202 0.0129 0.0083 0.0053 0.0034 0.0022 0.0014 0.0009 0.0006 0.0004 0.0002 0.0002 0.0001 0.0001 0.0000 0.0000 1.0000 1.0000 1.0000 1.0000 1.0000 1.0000 1.0000 1.0000 1.0000 0.9232 0.5860 0.3720 0.2357 0.1493 0.0944 0.0596 0.0376 0.0237 0.0150 0.0094 0.0059 0.0037 0.0024
0.0037 0.0059 0.0093 0.0147 0.0234 0.0371 0.0588 0.0932 0.1476 0.2334 0.3692 0.5827 0.9197 1.0000 1.0000 1.0000 1.0000 1.0000 1.0000 1.0000 1.0000 1.0000 0.0000 0.0000 0.0001 0.0001 0.0002 0.0002 0.0004 0.0006 0.0009 0.0014 0.0022 0.0035 0.0054 0.0084 0.0132 0.0205 0.0321 0.0500 0.0781 0.1218 0.1901 0.2966 0.4629 0.7210 1.0000 1.0000 1.0000 1.0000 1.0000 1.0000 1.0000 1.0000 1.0000 0.7210 0.4629 0.2966 0.1901 0.1218 0.0781 0.0500 0.0321 0.0205 0.0132 0.0084 0.0054 0.0035 0.0022 0.0014 0.0009 0.0006 0.0004 0.0002 0.0002 0.0001 0.0001 0.0000 0.0000 1.0000 1.0000 1.0000 1.0000 1.0000 1.0000 1.0000 1.0000 1.0000 0.9197 0.5827 0.3692 0.2334 0.1476 0.0932 0.0588 0.0371 0.0234 0.0147 0.0093 0.0059 0.0037
0.0058 0.0091 0.0145 0.0230 0.0365 0.0579 0.0918 0.1454 0.2303 0.3650 0.5772 0.9128 1.0000 1.0000 1.0000 1.0000 1.0000 1.0000 1.0000 1.0000 1.0000 0.0000 0.0000 0.0001 0.0001 0.0002 0.0002 0.0004 0.0006 0.0009 0.0014 0.0023 0.0035 0.0055 0.0086 0.0134 0.0209 0.0325 0.0508 0.0793 0.1239 0.1934 0.3018 0.4709 0.7348 1.0000 1.0000 1.0000 1.0000 1.0000 1.0000 1.0000 1.0000 1.0000 1.0000 1.0000 0.7348 0.4709 0.3018 0.1934 0.1239 0.0793 0.0508 0.0325 0.0209 0.0134 0.0086 0.0055 0.0035 0.0023 0.0014 0.0009 0.0006 0.0004 0.0002 0.0002 0.0001 0.0001 0.0000 0.0000 1.0000 1.0000 1.0000 1.0000 1.0000 1.0000 1.0000 1.0000 1.0000 0.9128 0.5772 0.3650 0.2303 0.1454 0.0918 0.0579 0.0365 0.0230 0.0145 0.0091 0.0058
0.0091 0.0143 0.0226 0.0359 0.0569 0.0904 0.1432 0.2273 0.3601 0.5706 0.9024 1.0000 1.0000 1.0000 1.0000 1.0000 1.0000 1.0000 1.0000 1.0000 0.0000 0.0000 0.0001 0.0001 0.0002 0.0002 0.0004 0.0006 0.0009 0.0015 0.0023 0.0036 0.0056 0.0087 0.0136 0.0212 0.0331 0.0517 0.0806 0.1258 0.1963 0.3064 0.4781 0.7461 1.0000 1.0000 1.0000 1.0000 1.0000 1.0000 1.0000 1.0000 1.0000 1.0000 1.0000 1.0000 1.0000 0.7461 0.4781 0.3064 0.1963 0.1258 0.0806 0.0517 0.0331 0.0212 0.0136 0.0087 0.0056 0.0036 0.0023 0.0015 0.0009 0.0006 0.0004 0.0002 0.0002 0.0001 0.0001 0.0000 0.0000 1.0000 1.0000 1.0000 1.0000 1.0000 1.0000 1.0000 1.0000 1.0000 0.9024 0.5706 0.3601 0.2273 0.1432 0.0904 0.0569 0.0359 0.0226 0.0143 0.0091
0.0142 0.0222 0.0353 0.0560 0.0888 0.1410 0.2234 0.3547 0.5631 0.8922 1.0000 1.0000 1.0000 1.0000 1.0000 1.0000 1.0000 1.0000 1.0000 0.0000 0.0000 0.0001 0.0001 0.0002 0.0002 0.0004 0.0006 0.0010 0.0015 0.0023 0.0036 0.0057 0.0089 0.0138 0.0216 0.0337 0.0526 0.0820 0.1280 0.1997 0.3117 0.4864 0.7590 1.0000 1.0000 1.0000 1.0000 1.0000 1.0000 1.0000 1.0000 1.0000 1.0000 1.0000 1.0000 1.0000 1.0000 1.0000 0.7590 0.4864 0.3117 0.1997 0.1280 0.0820 0.0526 0.0337 0.0216 0.0138 0.0089 0.0057 0.0036 0.0023 0.0015 0.0010 0.0006 0.0004 0.0002 0.0002 0.0001 0.0001 0.0000 0.0000 1.0000 1.0000 1.0000 1.0000 1.0000 1.0000 1.0000 1.0000 1.0000 0.8922 0.5631 0.3547 0.2234 0.1410 0.0888 0.0560 0.0353 0.0222 0.0142
0.0222 0.0347 0.0550 0.0873 0.1386 0.2201 0.3487 0.5535 0.8787 1.0000 1.0000 1.0000 1.0000 1.0000 1.0000 1.0000 1.0000 1.0000 0.0000 0.0000 0.0001 0.0001 0.0002 0.0003 0.0004 0.0006 0.0010 0.0015 0.0024 0.0037 0.0057 0.0090 0.0140 0.0219 0.0343 0.0535 0.0834 0.1302 0.2032 0.3171 0.4948 0.7721 1.0000 1.0000 1.0000 1.0000 1.0000 1.0000 1.0000 1.0000 1.0000 1.0000 1.0000 1.0000 1.0000 1.0000 1.0000 1.0000 1.0000 0.7721 0.4948 0.3171 0.2032 0.1302 0.0834 0.0535 0.0343 0.0219 0.0140 0.0090 0.0057 0.0037 0.0024 0.0015 0.0010 0.0006 0.0004 0.0003 0.0002 0.0001 0.0001 0.0000 0.0000 1.0000 1.0000 1.0000 1.0000 1.0000 1.0000 1.0000 1.0000 1.0000 0.8787 0.5535 0.3487 0.2201 0.1386 0.0873 0.0550 0.0347 0.0222
0.0346 0.0542 0.0858 0.1363 0.2163 0.3434 0.5452 0.8638 1.0000 1.0000 1.0000 1.0000 1.0000 1.0000 1.0000 1.0000 1.0000 0.0000 0.0000 0.0001 0.0001 0.0002 0.0003 0.0004 0.0006 0.0010 0.0015 0.0024 0.0037 0.0058 0.0091 0.0142 0.0222 0.0348 0.0543 0.0847 0.1322 0.2063 0.3225 0.5033 0.7854 1.0000 1.0000 1.0000 1.0000 1.0000 1.0000 1.0000 1.0000 1.0000 1.0000 1.0000 1.0000 1.0000 1.0000 1.0000 1.0000 1.0000 1.0000 1.0000 0.7854 0.5033 0.3225 0.2063 0.1322 0.0847 0.0543 0.0348 0.0222 0.0142 0.0091 0.0058 0.0037 0.0024 0.0015 0.0010 0.0006 0.0004 0.0003 0.0002 0.0001 0.0001 0.0000 0.0000 1.0000 1.0000 1.0000 1.0000 1.0000 1.0000 1.0000 1.0000 1.0000 0.8638 0.5452 0.3434 0.2163 0.1363 0.0858 0.0542 0.0346
0.0540 0.0845 0.1340 0.2127 0.3376 0.5359 0.8507 1.0000 1.0000 1.0000 1.0000 1.0000 1.0000 1.0000 1.0000 1.0000 0.0000 0.0000 0.0001 0.0001 0.0002 0.0003 0.0004 0.0006 0.0010 0.0015 0.0024 0.0038 0.0059 0.0092 0.0144 0.0225 0.0353 0.0550 0.0860 0.1345 0.2098 0.3275 0.5110 0.7975 1.0000 1.0000 1.0000 1.0000 1.0000 1.0000 1.0000 1.0000 1.0000 1.0000 1.0000 1.0000 1.0000 1.0000 1.0000 1.0000 1.0000 1.0000 1.0000 1.0000 1.0000 0.7975 0.5110 0.3275 0.2098 0.1345 0.0860 0.0550 0.0353 0.0225 0.0144 0.0092 0.0059 0.0038 0.0024 0.0015 0.0010 0.0006 0.0004 0.0003 0.0002 0.0001 0.0001 0.0000 0.0000 1.0000 1.0000 1.0000 1.0000 1.0000 1.0000 1.0000 1.0000 1.0000 0.8507 0.5359 0.3376 0.2127 0.1340 0.0845 0.0540
0.0842 0.1319 0.2094 0.3319 0.5268 0.8363 1.0000 1.0000 1.0000 1.0000 1.0000 1.0000 1.0000 1.0000 1.0000 0.0000 0.0000 0.0001 0.0001 0.0002 0.0003 0.0004 0.0006 0.0010 0.0015 0.0024 0.0038 0.0059 0.0093 0.0146 0.0228 0.0357 0.0557 0.0872 0.1363 0.2131 0.3325 0.5198 0.8112 1.0000 1.0000 1.0000 1.0000 1.0000 1.0000 1.0000 1.0000 1.0000 1.0000 0.0000 0.0000 0.0000 1.0000 1.0000 1.0000 1.0000 1.0000 1.0000 1.0000 1.0000 1.0000 1.0000 0.8112 0.5198 0.3325 0.2131 0.1363 0.0872 0.0557 0.0357 0.0228 0.0146 0.0093 0.0059 0.0038 0.0024 0.0015 0.0010 0.0006 0.0004 0.0003 0.0002 0.0001 0.0001 0.0000 0.0000 1.0000 1.0000 1.0000 1.0000 1.0000 1.0000 1.0000 1.0000 1.0000 0.8363 0.5268 0.3319 0.2094 0.1319 0.0842
0.1314 0.2059 0.3268 0.5179 0.8221 1.0000 1.0000 1.0000 1.0000 1.0000 1.0000 1.0000 1.0000 1.0000 0.0000 0.0000 0.0001 0.0001 0.0002 0.0003 0.0004 0.0006 0.0010 0.0015 0.0024 0.0038 0.0060 0.0094 0.0147 0.0230 0.0360 0.0564 0.0883 0.1381 0.2159 0.3369 0.5268 0.8237 1.0000 1.0000 1.0000 1.0000 1.0000 1.0000 1.0000 1.0000 1.0000 0.0000 0.0000 0.0000 0.0001 0.0000 0.0000 0.0000 1.0000 1.0000 1.0000 1.0000 1.0000 1.0000 1.0000 1.0000 1.0000 0.8237 0.5268 0.3369 0.2159 0.1381 0.0883 0.0564 0.0360 0.0230 0.0147 0.0094 0.0060 0.0038 0.0024 0.0015 0.0010 0.0006 0.0004 0.0003 0.0002 0.0001 0.0001 0.0000 0.0000 1.0000 1.0000 1.0000 1.0000 1.0000 1.0000 1.0000 1.0000 1.0000 0.8221 0.5179 0.3268 0.2059 0.1314
0.2051 0.3213 0.5101 0.8082 1.0000 1.0000 1.0000 1.0000 1.0000 1.0000 1.0000 1.0000 1.0000 0.0000 0.0000 0.0001 0.0001 0.0002 0.0002 0.0004 0.0006 0.0010 0.0015 0.0024 0.0038 0.0060 0.0094 0.0148 0.0232 0.0363 0.0569 0.0892 0.1397 0.2184 0.3415 0.5339 0.8347 1.0000 1.0000 1.0000 1.0000 1.0000 1.0000 1.0000 1.0000 1.0000 0.0000 0.0000 0.0001 0.0001 0.0001 0.0001 0.0001 0.0000 0.0000 1.0000 1.0000 1.0000 1.0000 1.0000 1.0000 1.0000 1.0000 1.0000 0.8347 0.5339 0.3415 0.2184 0.1397 0.0892 0.0569 0.0363 0.0232 0.0148 0.0094 0.0060 0.0038 0.0024 0.0015 0.0010 0.0006 0.0004 0.0002 0.0002 0.0001 0.0001 0.0000 0.0000 1.0000 1.0000 1.0000 1.0000 1.0000 1.0000 1.0000 1.0000 1.0000 0.8082 0.5101 0.3213 0.2051
0.3201 0.5014 0.7960 1.0000 1.0000 1.0000 1.0000 1.0000 1.0000 1.0000 1.0000 1.0000 0.0000 0.0000 0.0001 0.0001 0.0002 0.0002 0.0004 0.0006 0.0010 0.0015 0.0024 0.0038 0.0060 0.0094 0.0148 0.0232 0.0365 0.0573 0.0899 0.1408 0.2205 0.3454 0.5410 0.8459 1.0000 1.0000 1.0000 1.0000 1.0000 1.0000 1.0000 1.0000 1.0000 0.0000 0.0000 0.0001 0.0001 0.0001 0.0001 0.0001 0.0001 0.0001 0.0000 0.0000 1.0000 1.0000 1.0000 1.0000 1.0000 1.0000 1.0000 1.0000 1.0000 0.8459 0.5410 0.3454 0.2205 0.1408 0.0899 0.0573 0.0365 0.0232 0.0148 0.0094 0.0060 0.0038 0.0024 0.0015 0.0010 0.0006 0.0004 0.0002 0.0002 0.0001 0.0001 0.0000 0.0000 1.0000 1.0000 1.0000 1.0000 1.0000 1.0000 1.0000 1.0000 1.0000 0.7960 0.5014 0.3201
0.4995 0.7824 1.0000 1.0000 1.0000 1.0000 1.0000 1.0000 1.0000 1.0000 1.0000 0.0000 0.0000 0.0001 0.0001 0.0002 0.0002 0.0004 0.0006 0.0010 0.0015 0.0024 0.0038 0.0060 0.0094 0.0148 0.0233 0.0366 0.0576 0.0904 0.1418 0.2226 0.3487 0.5462 0.8556 1.0000 1.0000 1.0000 1.0000 1.0000 1.0000 1.0000 1.0000 1.0000 0.0000 0.0000 0.0001 0.0001 0.0001 0.0002 0.0002 0.0002 0.0001 0.0001 0.0001 0.0000 0.0000 1.0000 1.0000 1.0000 1.0000 1.0000 1.0000 1.0000 1.0000 1.0000 0.8556 0.5462 0.3487 0.2226 0.1418 0.0904 0.0576 0.0366 0.0233 0.0148 0.0094 0.0060 0.0038 0.0024 0.0015 0.0010 0.0006 0.0004 0.0002 0.0002 0.0001 0.0001 0.0000 0.0000 1.0000 1.0000 1.0000 1.0000 1.0000 1.0000 1.0000 1.0000 1.0000 0.7824 0.4995
0.7795 1.0000 1.0000 1.0000 1.0000 1.0000 1.0000 1.0000 1.0000 1.0000 0.0000 0.0000 0.0001 0.0001 0.0002 0.0002 0.0004 0.0006 0.0010 0.0015 0.0024 0.0038 0.0059 0.0094 0.0148 0.0232 0.0366 0.0577 0.0905 0.1424 0.2234 0.3507 0.5504 0.8638 1.0000 1.0000 1.0000 1.0000 1.0000 1.0000 1.0000 1.0000 1.0000 0.0000 0.0000 0.0001 0.0001 0.0001 0.0002 0.0003 0.0003 0.0003 0.0002 0.0001 0.0001 0.0001 0.0000 0.0000 1.0000 1.0000 1.0000 1.0000 1.0000 1.0000 1.0000 1.0000 1.0000 0.8638 0.5504 0.3507 0.2234 0.1424 0.0905 0.0577 0.0366 0.0232 0.0148 0.0094 0.0059 0.0038 0.0024 0.0015 0.0010 0.0006 0.0004 0.0002 0.0002 0.0001 0.0001 0.0000 0.0000 1.0000 1.0000 1.0000 1.0000 1.0000 1.0000 1.0000 1.0000 1.0000 0.7795
1.0000 1.0000 1.0000 1.0000 1.0000 1.0000 1.0000 1.0000 1.0000 0.0000 0.0000 0.0001 0.0001 0.0001 0.0002 0.0004 0.0006 0.0009 0.0015 0.0024 0.0037 0.0059 0.0093 0.0147 0.0232 0.0365 0.0576 0.0905 0.1426 0.2243 0.3520 0.5535 0.8687 1.0000 1.0000 1.0000 1.0000 1.0000 1.0000 1.0000 1.0000 1.0000 0.0000 0.0000 0.0001 0.0001 0.0001 0.0002 0.0003 0.0004 0.0005 0.0004 0.0003 0.0002 0.0001 0.0001 0.0001 0.0000 0.0000 1.0000 1.0000 1.0000 1.0000 1.0000 1.0000 1.0000 1.0000 1.0000 0.8687 0.5535 0.3520 0.2243 0.1426 0.0905 0.0576 0.0365 0.0232 0.0147 0.0093 0.0059 0.0037 0.0024 0.0015 0.0009 0.0006 0.0004 0.0002 0.0001 0.0001 0.0001 0.0000 0.0000 1.0000 1.0000 1.0000 1.0000 1.0000 1.0000 1.0000 1.0000 1.0000
1.0000 1.0000 1.0000 1.0000 1.0000 1.0000 1.0000 1.0000 0.0000 0.0000 0.0001 0.0001 0.0001 0.0002 0.0004 0.0006 0.0009 0.0015 0.0023 0.0037 0.0058 0.0092 0.0146 0.0230 0.0363 0.0573 0.0904 0.1424 0.2243 0.3527 0.5546 0.8720 1.0000 1.0000 1.0000 1.0000 1.0000 1.0000 1.0000 1.0000 1.0000 0.0000 0.0000 0.0001 0.0001 0.0001 0.0002 0.0003 0.0005 0.0007 0.0008 0.0007 0.0005 0.0003 0.0002 0.0001 0.0001 0.0001 0.0000 0.0000 1.0000 1.0000 1.0000 1.0000 1.0000 1.0000 1.0000 1.0000 1.0000 0.8720 0.5546 0.3527 0.2243 0.1424 0.0904 0.0573 0.0363 0.0230 0.0146 0.0092 0.0058 0.0037 0.0023 0.0015 0.0009 0.0006 0.0004 0.0002 0.0001 0.0001 0.0001 0.0000 0.0000 1.0000 1.0000 1.0000 1.0000 1.0000 1.0000 1.0000 1.0000
1.0000 1.0000 1.0000 1.0000 1.0000 1.0000 1.0000 0.0000 0.0000 0.0001 0.0001 0.0001 0.0002 0.0004 0.0006 0.0009 0.0014 0.0023 0.0036 0.0057 0.0091 0.0144 0.0228 0.0360 0.0569 0.0899 0.1418 0.2234 0.3520 0.5546 0.8737 1.0000 1.0000 1.0000 1.0000 1.0000 1.0000 1.0000 1.0000 1.0000 0.0000 0.0000 0.0001 0.0001 0.0001 0.0002 0.0003 0.0005 0.0008 0.0011 0.0013 0.0011 0.0008 0.0005 0.0003 0.0002 0.0001 0.0001 0.0001 0.0000 0.0000 1.0000 1.0000 1.0000 1.0000 1.0000 1.0000 1.0000 1.0000 1.0000 0.8737 0.5546 0.3520 0.2234 0.1418 0.0899 0.0569 0.0360 0.0228 0.0144 0.0091 0.0057 0.0036 0.0023 0.0014 0.0009 0.0006 0.0004 0.0002 0.0001 0.0001 0.0001 0.0000 0.0000 1.0000 1.0000 1.0000 1.0000 1.0000 1.0000 1.0000
1.0000 1.0000 1.0000 1.0000 1.0000 1.0000 0.0000 0.0000 0.0001 0.0001 0.0001 0.0002 0.0004 0.0006 0.0009 0.0014 0.0023 0.0036 0.0057 0.0090 0.0142 0.0225 0.0357 0.0564 0.0892 0.1408 0.2226 0.3507 0.5535 0.8720 1.0000 1.0000 1.0000 1.0000 1.0000 1.0000 1.0000 1.0000 1.0000 0.0000 0.0000 0.0001 0.0001 0.0001 0.0002 0.0004 0.0006 0.0009 0.0013 0.0018 0.0021 0.0018 0.0013 0.0009 0.0006 0.0004 0.0002 0.0001 0.0001 0.0001 0.0000 0.0000 1.0000 1.0000 1.0000 1.0000 1.0000 1.0000 1.0000 1.0000 1.0000 0.8720 0.5535 0.3507 0.2226 0.1408 0.0892 0.0564 0.0357 0.0225 0.0142 0.0090 0.0057 0.0036 0.0023 0.0014 0.0009 0.0006 0.0004 0.0002 0.0001 0.0001 0.0001 0.0000 0.0000 1.0000 1.0000 1.0000 1.0000 1.0000 1.0000
1.0000 1.0000 1.0000 1.0000 1.0000 0.0000 0.0000 0.0001 0.0001 0.0001 0.0002 0.0003 0.0006 0.0009 0.0014 0.0022 0.0035 0.0056 0.0089 0.0140 0.0222 0.0353 0.0557 0.0883 0.1397 0.2205 0.3487 0.5504 0.8687 1.0000 1.0000 1.0000 1.0000 1.0000 1.0000 1.0000 1.0000 1.0000 0.0000 0.0000 0.0001 0.0001 0.0001 0.0002 0.0004 0.0006 0.0009 0.0014 0.0020 0.0028 0.0033 0.0028 0.0020 0.0014 0.0009 0.0006 0.0004 0.0002 0.0001 0.0001 0.0001 0.0000 0.0000 1.0000 1.0000 1.0000 1.0000 1.0000 1.0000 1.0000 1.0000 1.0000 0.8687 0.5504 0.3487 0.2205 0.1397 0.0883 0.0557 0.0353 0.0222 0.0140 0.0089 0.0056 0.0035 0.0022 0.0014 0.0009 0.0006 0.0003 0.0002 0.0001 0.0001 0.0001 0.0000 0.0000 1.0000 1.0000 1.0000 1.0000 1.0000
1.0000 1.0000 1.0000 1.0000 0.0000 0.0000 0.0001 0.0001 0.0001 0.0002 0.0003 0.0005 0.0009 0.0014 0.0022 0.0035 0.0055 0.0087 0.0138 0.0219 0.0348 0.0550 0.0872 0.1381 0.2184 0.3454 0.5462 0.8638 1.0000 1.0000 1.0000 1.0000 1.0000 1.0000 1.0000 1.0000 1.0000 0.0000 0.0000 0.0001 0.0001 0.0001 0.0002 0.0004 0.0006 0.0009 0.0014 0.0021 0.0032 0.0045 0.0052 0.0045 0.0032 0.0021 0.0014 0.0009 0.0006 0.0004 0.0002 0.0001 0.0001 0.0001 0.0000 0.0000 1.0000 1.0000 1.0000 1.0000 1.0000 1.0000 1.0000 1.0000 1.0000 0.8638 0.5462 0.3454 0.2184 0.1381 0.0872 0.0550 0.0348 0.0219 0.0138 0.0087 0.0055 0.0035 0.0022 0.0014 0.0009 0.0005 0.0003 0.0002 0.0001 0.0001 0.0001 0.0000 0.0000 1.0000 1.0000 1.0000 1.0000
1.0000 1.0000 1.0000 0.0000 0.0000 0.0001 0.0001 0.0001 0.0002 0.0003 0.0005 0.0009 0.0014 0.0021 0.0034 0.0054 0.0086 0.0136 0.0216 0.0343 0.0543 0.0860 0.1363 0.2159 0.3415 0.5410 0.8556 1.0000 1.0000 1.0000 1.0000 1.0000 1.0000 1.0000 1.0000 1.0000 0.0000 0.0000 0.0001 0.0001 0.0002 0.0002 0.0004 0.0006 0.0009 0.0014 0.0022 0.0034 0.0051 0.0071 0.0082 0.0071 0.0051 0.0034 0.0022 0.0014 0.0009 0.0006 0.0004 0.0002 0.0002 0.0001 0.0001 0.0000 0.0000 1.0000 1.0000 1.0000 1.0000 1.0000 1.0000 1.0000 1.0000 1.0000 0.8556 0.5410 0.3415 0.2159 0.1363 0.0860 0.0543 0.0343 0.0216 0.0136 0.0086 0.0054 0.0034 0.0021 0.0014 0.0009 0.0005 0.0003 0.0002 0.0001 0.0001 0.0001 0.0000 0.0000 1.0000 1.0000 1.0000
1.0000 1.0000 0.0000 0.0000 0.0001 0.0001 0.0001 0.0002 0.0003 0.0005 0.0008 0.0013 0.0021 0.0033 0.0053 0.0084 0.0134 0.0212 0.0337 0.0535 0.0847 0.1345 0.2131 0.3369 0.5339 0.8459 1.0000 1.0000 1.0000 1.0000 1.0000 1.0000 1.0000 1.0000 1.0000 0.0000 0.0000 0.0001 0.0001 0.0002 0.0002 0.0004 0.0006 0.0009 0.0014 0.0022 0.0035 0.0054 0.0081 0.0113 0.0130 0.0113 0.0081 0.0054 0.0035 0.0022 0.0014 0.0009 0.0006 0.0004 0.0002 0.0002 0.0001 0.0001 0.0000 0.0000 1.0000 1.0000 1.0000 1.0000 1.0000 1.0000 1.0000 1.0000 1.0000 0.8459 0.5339 0.3369 0.2131 0.1345 0.0847 0.0535 0.0337 0.0212 0.0134 0.0084 0.0053 0.0033 0.0021 0.0013 0.0008 0.0005 0.0003 0.0002 0.0001 0.0001 0.0001 0.0000 0.0000 1.0000 1.0000
1.0000 1.0000 0.0000 0.0001 0.0001 0.0001 0.0002 0.0003 0.0005 0.0008 0.0013 0.0021 0.0033 0.0052 0.0083 0.0132 0.0209 0.0331 0.0526 0.0834 0.1322 0.2098 0.3325 0.5268 0.8347 1.0000 1.0000 1.0000 1.0000 1.0000 1.0000 1.0000 1.0000 1.0000 0.0000 0.0000 0.0001 0.0001 0.0002 0.0002 0.0004 0.0006 0.0009 0.0014 0.0023 0.0035 0.0055 0.0085 0.0128 0.0179 0.0207 0.0179 0.0128 0.0085 0.0055 0.0035 0.0023 0.0014 0.0009 0.0006 0.0004 0.0002 0.0002 0.0001 0.0001 0.0000 0.0000 1.0000 1.0000 1.0000 1.0000 1.0000 1.0000 1.0000 1.0000 1.0000 0.8347 0.5268 0.3325 0.2098 0.1322 0.0834 0.0526 0.0331 0.0209 0.0132 0.0083 0.0052 0.0033 0.0021 0.0013 0.0008 0.0005 0.0003 0.0002 0.0001 0.0001 0.0001 0.0000 1.0000 1.0000
1.0000 0.0000 0.0001 0.0001 0.0001 0.0002 0.0003 0.0005 0.0008 0.0013 0.0020 0.0032 0.0051 0.0082 0.0129 0.0205 0.0325 0.0517 0.0820 0.1302 0.2063 0.3275 0.5198 0.8237 1.0000 1.0000 1.0000 1.0000 1.0000 1.0000 1.0000 1.0000 1.0000 0.0000 0.0000 0.0001 0.0001 0.0002 0.0002 0.0004 0.0006 0.0009 0.0015 0.0023 0.0036 0.0056 0.0087 0.0135 0.0203 0.0283 0.0327 0.0283 0.0203 0.0135 0.0087 0.0056 0.0036 0.0023 0.0015 0.0009 0.0006 0.0004 0.0002 0.0002 0.0001 0.0001 0.0000 0.0000 1.0000 1.0000 1.0000 1.0000 1.0000 1.0000 1.0000 1.0000 1.0000 0.8237 0.5198 0.3275 0.2063 0.1302 0.0820 0.0517 0.0325 0.0205 0.0129 0.0082 0.0051 0.0032 0.0020 0.0013 0.0008 0.0005 0.0003 0.0002 0.0001 0.0001 0.0001 0.0000 1.0000
0.0000 0.0000 0.0001 0.0001 0.0002 0.0003 0.0005 0.0008 0.0013 0.0020 0.0032 0.0051 0.0080 0.0127 0.0202 0.0321 0.0508 0.0806 0.1280 0.2032 0.3225 0.5110 0.8112 1.0000 1.0000 1.0000 1.0000 1.0000 1.0000 1.0000 1.0000 1.0000 0.0000 0.0000 0.0001 0.0001 0.0002 0.0002 0.0004 0.0006 0.0009 0.0015 0.0023 0.0036 0.0056 0.0088 0.0138 0.0213 0.0321 0.0449 0.0519 0.0449 0.0321 0.0213 0.0138 0.0088 0.0056 0.0036 0.0023 0.0015 0.0009 0.0006 0.0004 0.0002 0.0002 0.0001 0.0001 0.0000 0.0000 1.0000 1.0000 1.0000 1.0000 1.0000 1.0000 1.0000 1.0000 1.0000 0.8112 0.5110 0.3225 0.2032 0.1280 0.0806 0.0508 0.0321 0.0202 0.0127 0.0080 0.0051 0.0032 0.0020 0.0013 0.0008 0.0005 0.0003 0.0002 0.0001 0.0001 0.0000 0.0000
0.0000 0.0001 0.0001 0.0002 0.0003 0.0005 0.0008 0.0012 0.0020 0.0031 0.0050 0.0079 0.0125 0.0198 0.0315 0.0500 0.0793 0.1258 0.1997 0.3171 0.5033 0.7975 1.0000 1.0000 1.0000 1.0000 1.0000 1.0000 1.0000 1.0000 1.0000 0.0000 0.0000 0.0001 0.0001 0.0002 0.0002 0.0004 0.0006 0.0009 0.0015 0.0023 0.0036 0.0057 0.0089 0.0139 0.0217 0.0337 0.0508 0.0710 0.0820 0.0710 0.0508 0.0337 0.0217 0.0139 0.0089 0.0057 0.0036 0.0023 0.0015 0.0009 0.0006 0.0004 0.0002 0.0002 0.0001 0.0001 0.0000 0.0000 1.0000 1.0000 1.0000 1.0000 1.0000 1.0000 1.0000 1.0000 1.0000 0.7975 0.5033 0.3171 0.1997 0.1258 0.0793 0.0500 0.0315 0.0198 0.0125 0.0079 0.0050 0.0031 0.0020 0.0012 0.0008 0.0005 0.0003 0.0002 0.0001 0.0001 0.0000
0.0001 0.0001 0.0002 0.0003 0.0005 0.0008 0.0012 0.0019 0.0031 0.0049 0.0078 0.0123 0.0195 0.0310 0.0492 0.0781 0.1239 0.1963 0.3117 0.4948 0.7854 1.0000 1.0000 1.0000 1.0000 1.0000 1.0000 1.0000 1.0000 1.0000 0.0000 0.0000 0.0001 0.0001 0.0002 0.0002 0.0004 0.0006 0.0009 0.0015 0.0023 0.0036 0.0057 0.0089 0.0140 0.0220 0.0343 0.0533 0.0803 0.1122 0.1297 0.1122 0.0803 0.0533 0.0343 0.0220 0.0140 0.0089 0.0057 0.0036 0.0023 0.0015 0.0009 0.0006 0.0004 0.0002 0.0002 0.0001 0.0001 0.0000 0.0000 1.0000 1.0000 1.0000 1.0000 1.0000 1.0000 1.0000 1.0000 1.0000 0.7854 0.4948 0.3117 0.1963 0.1239 0.0781 0.0492 0.0310 0.0195 0.0123 0.0078 0.0049 0.0031 0.0019 0.0012 0.0008 0.0005 0.0003 0.0002 0.0001 0.0001
0.0001 0.0002 0.0003 0.0005 0.0008 0.0012 0.0019 0.0030 0.0048 0.0076 0.0121 0.0192 0.0304 0.0483 0.0767 0.1218 0.1934 0.3064 0.4864 0.7721 1.0000 1.0000 1.0000 1.0000 1.0000 1.0000 1.0000 1.0000 1.0000 0.0000 0.0000 0.0001 0.0001 0.0001 0.0002 0.0004 0.0006 0.0009 0.0015 0.0023 0.0036 0.0057 0.0090 0.0141 0.0221 0.0347 0.0543 0.0841 0.1270 0.1775 0.2051 0.1775 0.1270 0.0841 0.0543 0.0347 0.0221 0.0141 0.0090 0.0057 0.0036 0.0023 0.0015 0.0009 0.0006 0.0004 0.0002 0.0001 0.0001 0.0001 0.0000 0.0000 1.0000 1.0000 1.0000 1.0000 1.0000 1.0000 1.0000 1.0000 1.0000 0.7721 0.4864 0.3064 0.1934 0.1218 0.0767 0.0483 0.0304 0.0192 0.0121 0.0076 0.0048 0.0030 0.0019 0.0012 0.0008 0.0005 0.0003 0.0002 0.0001
0.0002 0.0003 0.0005 0.0007 0.0012 0.0019 0.0030 0.0047 0.0075 0.0119 0.0189 0.0300 0.0476 0.0754 0.1197 0.1901 0.3018 0.4781 0.7590 1.0000 1.0000 1.0000 1.0000 1.0000 1.0000 1.0000 1.0000 1.0000 0.0000 0.0000 0.0001 0.0001 0.0001 0.0002 0.0004 0.0006 0.0009 0.0015 0.0023 0.0036 0.0057 0.0090 0.0141 0.0222 0.0349 0.0547 0.0855 0.1327 0.2005 0.2807 0.3244 0.2807 0.2005 0.1327 0.0855 0.0547 0.0349 0.0222 0.0141 0.0090 0.0057 0.0036 0.0023 0.0015 0.0009 0.0006 0.0004 0.0002 0.0001 0.0001 0.0001 0.0000 0.0000 1.0000 1.0000 1.0000 1.0000 1.0000 1.0000 1.0000 1.0000 1.0000 0.7590 0.4781 0.3018 0.1901 0.1197 0.0754 0.0476 0.0300 0.0189 0.0119 0.0075 0.0047 0.0030 0.0019 0.0012 0.0007 0.0005 0.0003 0.0002
0.0003 0.0005 0.0007 0.0012 0.0018 0.0029 0.0047 0.0074 0.0117 0.0186 0.0295 0.0468 0.0743 0.1177 0.1869 0.2966 0.4709 0.7461 1.0000 1.0000 1.0000 1.0000 1.0000 1.0000 1.0000 1.0000 1.0000 0.0000 0.0000 0.0001 0.0001 0.0001 0.0002 0.0004 0.0006 0.0009 0.0014 0.0023 0.0036 0.0057 0.0089 0.0141 0.0222 0.0349 0.0549 0.0862 0.1347 0.2094 0.3164 0.4431 0.5120 0.4431 0.3164 0.2094 0.1347 0.0862 0.0549 0.0349 0.0222 0.0141 0.0089 0.0057 0.0036 0.0023 0.0014 0.0009 0.0006 0.0004 0.0002 0.0001 0.0001 0.0001 0.0000 0.0000 1.0000 1.0000 1.0000 1.0000 1.0000 1.0000 1.0000 1.0000 1.0000 0.7461 0.4709 0.2966 0.1869 0.1177 0.0743 0.0468 0.0295 0.0186 0.0117 0.0074 0.0047 0.0029 0.0018 0.0012 0.0007 0.0005 0.0003
0.0005 0.0007 0.0011 0.0018 0.0029 0.0046 0.0073 0.0115 0.0183 0.0290 0.0460 0.0730 0.1159 0.1837 0.2916 0.4629 0.7348 1.0000 1.0000 1.0000 1.0000 1.0000 1.0000 1.0000 1.0000 1.0000 0.0000 0.0000 0.0001 0.0001 0.0001 0.0002 0.0004 0.0006 0.0009 0.0014 0.0023 0.0036 0.0056 0.0089 0.0140 0.0221 0.0349 0.0549 0.0863 0.1355 0.2127 0.3300 0.4995 0.6994 0.8082 0.6994 0.4995 0.3300 0.2127 0.1355 0.0863 0.0549 0.0349 0.0221 0.0140 0.0089 0.0056 0.0036 0.0023 0.0014 0.0009 0.0006 0.0004 0.0002 0.0001 0.0001 0.0001 0.0000 0.0000 1.0000 1.0000 1.0000 1.0000 1.0000 1.0000 1.0000 1.0000 1.0000 0.7348 0.4629 0.2916 0.1837 0.1159 0.0730 0.0460 0.0290 0.0183 0.0115 0.0073 0.0046 0.0029 0.0018 0.0011 0.0007 0.0005
0.0007 0.0011 0.0018 0.0028 0.0045 0.0071 0.0113 0.0179 0.0285 0.0452 0.0718 0.1137 0.1806 0.2867 0.4550 0.7210 1.0000 1.0000 1.0000 1.0000 1.0000 1.0000 1.0000 1.0000 1.0000 0.0000 0.0000 0.0001 0.0001 0.0001 0.0002 0.0004 0.0006 0.0009 0.0014 0.0022 0.0035 0.0056 0.0088 0.0139 0.0220 0.0347 0.0547 0.0862 0.1355 0.2131 0.3344 0.5189 0.7869 1.0000 1.0000 1.0000 0.7869 0.5189 0.3344 0.2131 0.1355 0.0862 0.0547 0.0347 0.0220 0.0139 0.0088 0.0056 0.0035 0.0022 0.0014 0.0009 0.0006 0.0004 0.0002 0.0001 0.0001 0.0001 0.0000 0.0000 1.0000 1.0000 1.0000 1.0000 1.0000 1.0000 1.0000 1.0000 1.0000 0.7210 0.4550 0.2867 0.1806 0.1137 0.0718 0.0452 0.0285 0.0179 0.0113 0.0071 0.0045 0.0028 0.0018 0.0011 0.0007
0.0011 0.0017 0.0028 0.0044 0.0070 0.0111 0.0176 0.0279 0.0443 0.0703 0.1116 0.1772 0.2807 0.4456 0.7074 1.0000 1.0000 1.0000 1.0000 1.0000 1.0000 1.0000 1.0000 1.0000 0.0000 0.0000 0.0001 0.0001 0.0001 0.0002 0.0003 0.0006 0.0009 0.0014 0.0022 0.0035 0.0055 0.0087 0.0138 0.0217 0.0344 0.0543 0.0855 0.1347 0.2127 0.3344 0.5238 0.8159 1.0000 1.0000 1.0000 1.0000 1.0000 0.8159 0.5238 0.3344 0.2127 0.1347 0.0855 0.0543 0.0343 0.0217 0.0138 0.0087 0.0055 0.0035 0.0022 0.0014 0.0009 0.0006 0.0003 0.0002 0.0001 0.0001 0.0001 0.0000 0.0000 1.0000 1.0000 1.0000 1.0000 1.0000 1.0000 1.0000 1.0000 1.0000 0.7074 0.4456 0.2807 0.1772 0.1116 0.0703 0.0443 0.0279 0.0176 0.0111 0.0070 0.0044 0.0028 0.0017 0.0011
0.0017 0.0027 0.0043 0.0068 0.0108 0.0171 0.0271 0.0430 0.0683 0.1085 0.1722 0.2733 0.4331 0.6875 1.0000 1.0000 1.0000 1.0000 1.0000 1.0000 1.0000 1.0000 1.0000 0.0000 0.0000 0.0001 0.0001 0.0001 0.0002 0.0003 0.0005 0.0009 0.0014 0.0021 0.0034 0.0054 0.0085 0.0135 0.0213 0.0337 0.0533 0.0841 0.1327 0.2094 0.3300 0.5189 0.8159 1.0000 1.0000 1.0000 1.0000 1.0000 1.0000 1.0000 0.8159 0.5189 0.3300 0.2094 0.1327 0.0841 0.0533 0.0337 0.0213 0.0135 0.0085 0.0054 0.0034 0.0021 0.0014 0.0009 0.0005 0.0003 0.0002 0.0001 0.0001 0.0001 0.0000 0.0000 1.0000 1.0000 1.0000 1.0000 1.0000 1.0000 1.0000 1.0000 1.0000 0.6875 0.4331 0.2728 0.1722 0.1085 0.0683 0.0430 0.0271 0.0171 0.0108 0.0068 0.0043 0.0027 0.0017
0.0025 0.0040 0.0064 0.0101 0.0161 0.0256 0.0407 0.0645 0.1025 0.1629 0.2587 0.4106 0.6506 1.0000 1.0000 1.0000 1.0000 1.0000 1.0000 1.0000 1.0000 1.0000 1.0000 0.0000 0.0001 0.0001 0.0001 0.0002 0.0003 0.0005 0.0008 0.0013 0.0020 0.0032 0.0051 0.0081 0.0128 0.0203 0.0321 0.0508 0.0803 0.1270 0.2005 0.3164 0.4995 0.7869 1.0000 1.0000 1.0000 1.0000 1.0000 1.0000 1.0000 1.0000 1.0000 0.7869 0.4995 0.3164 0.2005 0.1270 0.0803 0.0508 0.0321 0.0203 0.0128 0.0081 0.0051 0.0032 0.0020 0.0013 0.0008 0.0005 0.0003 0.0002 0.0001 0.0001 0.0001 0.0000 1.0000 1.0000 1.0000 1.0000 1.0000 1.0000 1.0000 1.0000 1.0000 1.0000 0.6519 0.4106 0.2587 0.1629 0.1025 0.0645 0.0407 0.0256 0.0161 0.0101 0.0064 0.0040 0.0025
0.0035 0.0055 0.0088 0.0140 0.0223 0.0355 0.0564 0.0897 0.1426 0.2264 0.3595 0.5706 0.9058 1.0000 1.0000 1.0000 1.0000 1.0000 1.0000 1.0000 1.0000 1.0000 0.0000 0.0000 0.0001 0.0001 0.0002 0.0003 0.0004 0.0007 0.0011 0.0018 0.0028 0.0045 0.0071 0.0113 0.0179 0.0283 0.0449 0.0710 0.1122 0.1775 0.2807 0.4431 0.6994 1.0000 1.0000 1.0000 1.0000 1.0000 1.0000 1.0000 1.0000 1.0000 1.0000 1.0000 0.6994 0.4431 0.2807 0.1775 0.1122 0.0710 0.0449 0.0283 0.0179 0.0113 0.0071 0.0045 0.0028 0.0018 0.0011 0.0007 0.0004 0.0003 0.0002 0.0001 0.0001 0.0000 0.0000 1.0000 1.0000 1.0000 1.0000 1.0000 1.0000 1.0000 1.0000 1.0000 0.9058 0.5706 0.3595 0.2264 0.1426 0.0897 0.0564 0.0355 0.0223 0.0140 0.0088 0.0055 0.0035
0.0039 0.0063 0.0100 0.0160 0.0256 0.0408 0.0649 0.1034 0.1642 0.2611 0.4146 0.6581 1.0000 1.0000 1.0000 1.0000 1.0000 1.0000 1.0000 1.0000 1.0000 1.0000 0.0000 0.0001 0.0001 0.0001 0.0002 0.0003 0.0005 0.0008 0.0013 0.0021 0.0033 0.0052 0.0082 0.0130 0.0207 0.0327 0.0519 0.0820 0.1297 0.2051 0.3244 0.5120 0.8082 1.0000 1.0000 1.0000 1.0000 1.0000 1.0000 1.0000 1.0000 1.0000 1.0000 1.0000 0.8082 0.5120 0.3244 0.2051 0.1297 0.0820 0.0519 0.0327 0.0207 0.0130 0.0082 0.0052 0.0033 0.0021 0.0013 0.0008 0.0005 0.0003 0.0002 0.0001 0.0001 0.0001 0.0000 1.0000 1.0000 1.0000 1.0000 1.0000 1.0000 1.0000 1.0000 1.0000 1.0000 0.6581 0.4146 0.2611 0.1642 0.1034 0.0649 0.0408 0.0256 0.0160 0.0100 0.0063 0.0039
0.0035 0.0055 0.0088 0.0140 0.0223 0.0355 0.0564 0.0897 0.1426 0.2264 0.3595 0.5706 0.9058 1.0000 1.0000 1.0000 1.0000 1.0000 1.0000 1.0000 1.0000 1.0000 0.0000 0.0000 0.0001 0.0001 0.0002 0.0003 0.0004 0.0007 0.0011 0.0018 0.0028 0.0045 0.0071 0.0113 0.0179 0.0283 0.0449 0.0710 0.1122 0.1775 0.2807 0.4431 0.6994 1.0000 1.0000 1.0000 1.0000 1.0000 1.0000 1.0000 1.0000 1.0000 1.0000 1.0000 0.6994 0.4431 0.2807 0.1775 0.1122 0.0710 0.0449 0.0283 0.0179 0.0113 0.0071 0.0045 0.0028 0.0018 0.0011 0.0007 0.0004 0.0003 0.0002 0.0001 0.0001 0.0000 0.0000 1.0000 1.0000 1.0000 1.0000 1.0000 1.0000 1.0000 1.0000 1.0000 0.9058 0.5706 0.3595 0.2264 0.1426 0.0897 0.0564 0.0355 0.0223 0.0140 0.0088 0.0055 0.0035
0.0025 0.0040 0.0064 0.0101 0.0161 0.0256 0.0407 0.0645 0.1025 0.1629 0.2587 0.4106 0.6506 1.0000 1.0000 1.0000 1.0000 1.0000 1.0000 1.0000 1.0000 1.0000 1.0000 0.0000 0.0001 0.0001 0.0001 0.0002 0.0003 0.0005 0.0008 0.0013 0.0020 0.0032 0.0051 0.0081 0.0128 0.0203 0.0321 0.0508 0.0803 0.1270 0.2005 0.3164 0.4995 0.7869 1.0000 1.0000 1.0000 1.0000 1.0000 1.0000 1.0000 1.0000 1.0000 0.7869 0.4995 0.3164 0.2005 0.1270 0.0803 0.0508 0.0321 0.0203 0.0128 0.0081 0.0051 0.0032 0.0020 0.0013 0.0008 0.0005 0.0003 0.0002 0.0001 0.0001 0.0001 0.0000 1.0000 1.0000 1.0000 1.0000 1.0000 1.0000 1.0000 1.0000 1.0000 1.0000 0.6519 0.4106 0.2587 0.1629 0.1025 0.0645 0.0407 0.0256 0.0161 0.0101 0.0064 0.0040 0.0025
0.0017 0.0027 0.0043 0.0068 0.0108 0.0171 0.0271 0.0430 0.0683 0.1085 0.1722 0.2733 0.4331 0.6875 1.0000 1.0000 1.0000 1.0000 1.0000 1.0000 1.0000 1.0000 1.0000 0.0000 0.0000 0.0001 0.0001 0.0001 0.0002 0.0003 0.0005 0.0009 0.0014 0.0021 0.0034 0.0054 0.0085 0.0135 0.0213 0.0337 0.0533 0.0841 0.1327 0.2094 0.3300 0.5189 0.8159 1.0000 1.0000 1.0000 1.0000 1.0000 1.0000 1.0000 0.8159 0.5189 0.3300 0.2094 0.1327 0.0841 0.0533 0.0337 0.0213 0.0135 0.0085 0.0054 0.0034 0.0021 0.0014 0.0009 0.0005 0.0003 0.0002 0.0001 0.0001 0.0001 0.0000 0.0000 1.0000 1.0000 1.0000 1.0000 1.0000 1.0000 1.0000 1.0000 1.0000 0.6875 0.4331 0.2728 0.1722 0.1085 0.0683 0.0430 0.0271 0.0171 0.0108 0.0068 0.0043 0.0027 0.0017
0.0011 0.0017 0.0028 0.0044 0.0070 0.0111 0.0176 0.0279 0.0443 0.0703 0.1116 0.1772 0.2807 0.4456 0.7074 1.0000 1.0000 1.0000 1.0000 1.0000 1.0000 1.0000 1.0000 1.0000 0.0000 0.0000 0.0001 0.0001 0.0001 0.0002 0.0003 0.0006 0.0009 0.0014 0.0022 0.0035 0.0055 0.0087 0.0138 0.0217 0.0343 0.0543 0.0855 0.1347 0.2127 0.3344 0.5238 0.8159 1.0000 1.0000 1.0000 1.0000 1.0000 0.8159 0.5238 0.3344 0.2127 0.1347 0.0855 0.0543 0.0343 0.0217 0.0138 0.0087 0.0055 0.0035 0.0022 0.0014 0.0009 0.0006 0.0003 0.0002 0.0001 0.0001 0.0001 0.0000 0.0000 1.0000 1.0000 1.0000 1.0000 1.0000 1.0000 1.0000 1.0000 1.0000 0.7074 0.4456 0.2807 0.1772 0.1116 0.0703 0.0443 0.0279 0.0176 0.0111 0.0070 0.0044 0.0028 0.0017 0.0011
0.0007 0.0011 0.0018 0.0028 0.0045 0.0071 0.0113 0.0179 0.0285 0.0452 0.0718 0.1137 0.1806 0.2867 0.4550 0.7210 1.0000 1.0000 1.0000 1.0000 1.0000 1.0000 1.0000 1.0000 1.0000 0.0000 0.0000 0.0001 0.0001 0.0001 0.0002 0.0004 0.0006 0.0009 0.0014 0.0022 0.0035 0.0056 0.0088 0.0139 0.0220 0.0347 0.0547 0.0862 0.1355 0.2131 0.3344 0.5189 0.7869 1.0000 1.0000 1.0000 0.7869 0.5189 0.3344 0.2131 0.1355 0.0862 0.0547 0.0347 0.0220 0.0139 0.0088 0.0056 0.0035 0.0022 0.0014 0.0009 0.0006 0.0004 0.0002 0.0001 0.0001 0.0001 0.0000 0.0000 1.0000 1.0000 1.0000 1.0000 1.0000 1.0000 1.0000 1.0000 1.0000 0.7210 0.4550 0.2867 0.1806 0.1137 0.0718 0.0452 0.0285 0.0179 0.0113 0.0071 0.0045 0.0028 0.0018 0.0011 0.0007
