0.1362 0.1348 0.1350 0.1369 0.1405 0.1458 0.1530 0.1622 0.1736 0.1875 0.2041 0.2236 0.2465 0.2728 0.3028 0.3364 0.3729 0.4107 0.4460 0.4724 0.4849 0.4858 0.4783 0.4634 0.4411 0.4111 0.3725 0.3245 0.2680 0.2094 0.1698 0.1527 0.1439 0.1386 0.1357 0.1347 0.1354 0.1378 0.1419 0.1477 0.1555 0.1654 0.1775 0.1922 0.2096 0.2300 0.2535 0.2797 0.3067 0.3295 0.3393 0.3295 0.3067 0.2797 0.2535 0.2300 0.2096 0.1922 0.1775 0.1654 0.1555 0.1477 0.1419 0.1378 0.1354 0.1347 0.1357 0.1386 0.1439 0.1527 0.1698 0.2094 0.2680 0.3245 0.3725 0.4111 0.4411 0.4634 0.4783 0.4858 0.4849 0.4724 0.4460 0.4107 0.3729 0.3364 0.3028 0.2728 0.2465 0.2236 0.2041 0.1875 0.1736 0.1622 0.1530 0.1458 0.1405 0.1369 0.1350 0.1348 0.1362
0.1348 0.1354 0.1375 0.1412 0.1468 0.1542 0.1636 0.1752 0.1893 0.2061 0.2258 0.2487 0.2751 0.3049 0.3380 0.3735 0.4096 0.4424 0.4655 0.4757 0.4757 0.4680 0.4533 0.4315 0.4022 0.3645 0.3179 0.2630 0.2060 0.1678 0.1515 0.1433 0.1384 0.1357 0.1350 0.1359 0.1385 0.1427 0.1488 0.1568 0.1668 0.1792 0.1940 0.2117 0.2323 0.2561 0.2831 0.3127 0.3426 0.3674 0.3778 0.3674 0.3426 0.3127 0.2831 0.2561 0.2323 0.2117 0.1940 0.1792 0.1668 0.1568 0.1488 0.1427 0.1385 0.1359 0.1350 0.1357 0.1384 0.1433 0.1515 0.1678 0.2060 0.2630 0.3179 0.3645 0.4022 0.4315 0.4533 0.4680 0.4757 0.4757 0.4655 0.4424 0.4096 0.3735 0.3380 0.3049 0.2751 0.2487 0.2258 0.2061 0.1893 0.1752 0.1636 0.1542 0.1468 0.1412 0.1375 0.1354 0.1348
0.1350 0.1375 0.1413 0.1469 0.1544 0.1639 0.1756 0.1898 0.2067 0.2266 0.2496 0.2761 0.3061 0.3392 0.3749 0.4110 0.4435 0.4662 0.4759 0.4756 0.4676 0.4526 0.4306 0.4009 0.3630 0.3160 0.2609 0.2041 0.1669 0.1511 0.1430 0.1382 0.1357 0.1350 0.1359 0.1386 0.1429 0.1491 0.1571 0.1672 0.1797 0.1946 0.2124 0.2331 0.2572 0.2846 0.3151 0.3479 0.3801 0.4058 0.4163 0.4058 0.3801 0.3479 0.3151 0.2846 0.2572 0.2331 0.2124 0.1946 0.1797 0.1672 0.1571 0.1491 0.1429 0.1386 0.1359 0.1350 0.1357 0.1382 0.1430 0.1511 0.1669 0.2041 0.2609 0.3160 0.3630 0.4009 0.4306 0.4526 0.4676 0.4756 0.4759 0.4662 0.4435 0.4110 0.3749 0.3392 0.3061 0.2761 0.2496 0.2266 0.2067 0.1898 0.1756 0.1639 0.1544 0.1469 0.1413 0.1375 0.1350
0.1369 0.1412 0.1469 0.1545 0.1641 0.1759 0.1902 0.2073 0.2273 0.2505 0.2771 0.3072 0.3405 0.3762 0.4123 0.4446 0.4668 0.4760 0.4754 0.4671 0.4519 0.4296 0.3997 0.3614 0.3141 0.2587 0.2022 0.1660 0.1507 0.1428 0.1381 0.1356 0.1350 0.1360 0.1387 0.1431 0.1493 0.1574 0.1677 0.1802 0.1952 0.2131 0.2339 0.2581 0.2857 0.3167 0.3505 0.3853 0.4176 0.4409 0.4495 0.4409 0.4176 0.3853 0.3505 0.3167 0.2857 0.2581 0.2339 0.2131 0.1952 0.1802 0.1677 0.1574 0.1493 0.1431 0.1387 0.1360 0.1350 0.1356 0.1381 0.1428 0.1507 0.1660 0.2022 0.2587 0.3141 0.3614 0.3997 0.4296 0.4519 0.4671 0.4754 0.4760 0.4668 0.4446 0.4123 0.3762 0.3405 0.3072 0.2771 0.2505 0.2273 0.2073 0.1902 0.1759 0.1641 0.1545 0.1469 0.1412 0.1369
0.1405 0.1468 0.1544 0.1641 0.1760 0.1905 0.2076 0.2278 0.2512 0.2780 0.3082 0.3417 0.3775 0.4136 0.4456 0.4673 0.4762 0.4752 0.4667 0.4512 0.4286 0.3984 0.3598 0.3121 0.2565 0.2003 0.1652 0.1504 0.1426 0.1380 0.1356 0.1350 0.1361 0.1388 0.1433 0.1496 0.1578 0.1681 0.1807 0.1958 0.2138 0.2348 0.2591 0.2869 0.3180 0.3522 0.3879 0.4223 0.4499 0.4656 0.4701 0.4656 0.4499 0.4223 0.3879 0.3522 0.3180 0.2869 0.2591 0.2348 0.2138 0.1958 0.1807 0.1681 0.1578 0.1496 0.1433 0.1388 0.1361 0.1350 0.1356 0.1380 0.1426 0.1504 0.1652 0.2003 0.2565 0.3121 0.3598 0.3984 0.4286 0.4512 0.4667 0.4752 0.4762 0.4673 0.4456 0.4136 0.3775 0.3417 0.3082 0.2780 0.2512 0.2278 0.2076 0.1905 0.1760 0.1641 0.1544 0.1468 0.1405
0.1458 0.1542 0.1639 0.1759 0.1905 0.2078 0.2281 0.2516 0.2786 0.3091 0.3427 0.3786 0.4147 0.4466 0.4678 0.4763 0.4750 0.4663 0.4505 0.4276 0.3971 0.3582 0.3102 0.2544 0.1985 0.1644 0.1500 0.1424 0.1378 0.1355 0.1350 0.1361 0.1390 0.1435 0.1499 0.1581 0.1685 0.1812 0.1965 0.2145 0.2356 0.2601 0.2880 0.3193 0.3536 0.3897 0.4246 0.4533 0.4701 0.4759 0.4767 0.4759 0.4701 0.4533 0.4246 0.3897 0.3536 0.3193 0.2880 0.2601 0.2356 0.2145 0.1965 0.1812 0.1685 0.1581 0.1499 0.1435 0.1390 0.1361 0.1350 0.1355 0.1378 0.1424 0.1500 0.1644 0.1985 0.2544 0.3102 0.3582 0.3971 0.4276 0.4505 0.4663 0.4750 0.4763 0.4678 0.4466 0.4147 0.3786 0.3427 0.3091 0.2786 0.2516 0.2281 0.2078 0.1905 0.1759 0.1639 0.1542 0.1458
0.1530 0.1636 0.1756 0.1902 0.2076 0.2281 0.2518 0.2790 0.3097 0.3435 0.3796 0.4157 0.4474 0.4683 0.4764 0.4749 0.4658 0.4498 0.4266 0.3958 0.3565 0.3082 0.2522 0.1967 0.1636 0.1496 0.1422 0.1377 0.1355 0.1350 0.1362 0.1391 0.1437 0.1501 0.1585 0.1690 0.1817 0.1971 0.2152 0.2365 0.2610 0.2891 0.3205 0.3550 0.3911 0.4262 0.4550 0.4716 0.4767 0.4753 0.4734 0.4753 0.4767 0.4716 0.4550 0.4262 0.3911 0.3550 0.3205 0.2891 0.2610 0.2365 0.2152 0.1971 0.1817 0.1690 0.1585 0.1501 0.1437 0.1391 0.1362 0.1350 0.1355 0.1377 0.1422 0.1496 0.1636 0.1967 0.2522 0.3082 0.3565 0.3958 0.4266 0.4498 0.4658 0.4749 0.4764 0.4683 0.4474 0.4157 0.3796 0.3435 0.3097 0.2790 0.2518 0.2281 0.2076 0.1902 0.1756 0.1636 0.1530
0.1622 0.1752 0.1898 0.2073 0.2278 0.2516 0.2790 0.3099 0.3439 0.3802 0.4164 0.4481 0.4687 0.4765 0.4747 0.4654 0.4491 0.4257 0.3945 0.3549 0.3062 0.2500 0.1950 0.1628 0.1493 0.1419 0.1376 0.1354 0.1350 0.1363 0.1393 0.1439 0.1504 0.1588 0.1694 0.1823 0.1977 0.2160 0.2373 0.2620 0.2902 0.3218 0.3563 0.3925 0.4275 0.4560 0.4723 0.4768 0.4735 0.4664 0.4621 0.4664 0.4735 0.4768 0.4723 0.4560 0.4275 0.3925 0.3563 0.3218 0.2902 0.2620 0.2373 0.2160 0.1977 0.1823 0.1694 0.1588 0.1504 0.1439 0.1393 0.1363 0.1350 0.1354 0.1376 0.1419 0.1493 0.1628 0.1950 0.2500 0.3062 0.3549 0.3945 0.4257 0.4491 0.4654 0.4747 0.4765 0.4687 0.4481 0.4164 0.3802 0.3439 0.3099 0.2790 0.2516 0.2278 0.2073 0.1898 0.1752 0.1622
0.1736 0.1893 0.2067 0.2273 0.2512 0.2786 0.3097 0.3439 0.3804 0.4168 0.4485 0.4689 0.4765 0.4745 0.4650 0.4485 0.4248 0.3933 0.3533 0.3043 0.2479 0.1933 0.1621 0.1489 0.1417 0.1375 0.1354 0.1350 0.1364 0.1394 0.1441 0.1507 0.1592 0.1698 0.1828 0.1983 0.2167 0.2382 0.2630 0.2913 0.3230 0.3576 0.3938 0.4288 0.4569 0.4727 0.4768 0.4726 0.4624 0.4499 0.4433 0.4499 0.4624 0.4726 0.4768 0.4727 0.4569 0.4288 0.3938 0.3576 0.3230 0.2913 0.2630 0.2382 0.2167 0.1983 0.1828 0.1698 0.1592 0.1507 0.1441 0.1394 0.1364 0.1350 0.1354 0.1375 0.1417 0.1489 0.1621 0.1933 0.2479 0.3043 0.3533 0.3933 0.4248 0.4485 0.4650 0.4745 0.4765 0.4689 0.4485 0.4168 0.3804 0.3439 0.3097 0.2786 0.2512 0.2273 0.2067 0.1893 0.1736
0.1875 0.2061 0.2266 0.2505 0.2780 0.3091 0.3435 0.3802 0.4168 0.4486 0.4691 0.4766 0.4744 0.4647 0.4480 0.4240 0.3923 0.3519 0.3025 0.2459 0.1917 0.1614 0.1486 0.1415 0.1374 0.1353 0.1351 0.1365 0.1395 0.1443 0.1510 0.1596 0.1703 0.1833 0.1990 0.2175 0.2391 0.2640 0.2924 0.3243 0.3590 0.3952 0.4300 0.4578 0.4731 0.4768 0.4721 0.4606 0.4439 0.4258 0.4167 0.4258 0.4439 0.4606 0.4721 0.4768 0.4731 0.4578 0.4300 0.3952 0.3590 0.3243 0.2924 0.2640 0.2391 0.2175 0.1990 0.1833 0.1703 0.1596 0.1510 0.1443 0.1395 0.1365 0.1351 0.1353 0.1374 0.1415 0.1486 0.1614 0.1917 0.2459 0.3025 0.3519 0.3923 0.4240 0.4480 0.4647 0.4744 0.4766 0.4691 0.4486 0.4168 0.3802 0.3435 0.3091 0.2780 0.2505 0.2266 0.2061 0.1875
0.2041 0.2258 0.2496 0.2771 0.3082 0.3427 0.3796 0.4164 0.4485 0.4691 0.4766 0.4744 0.4645 0.4476 0.4234 0.3914 0.3507 0.3010 0.2440 0.1902 0.1608 0.1483 0.1413 0.1373 0.1353 0.1351 0.1365 0.1397 0.1446 0.1512 0.1599 0.1707 0.1839 0.1996 0.2182 0.2399 0.2650 0.2935 0.3255 0.3603 0.3966 0.4312 0.4586 0.4734 0.4767 0.4717 0.4596 0.4411 0.4174 0.3933 0.3815 0.3933 0.4174 0.4411 0.4596 0.4717 0.4767 0.4734 0.4586 0.4312 0.3966 0.3603 0.3255 0.2935 0.2650 0.2399 0.2182 0.1996 0.1839 0.1707 0.1599 0.1512 0.1446 0.1397 0.1365 0.1351 0.1353 0.1373 0.1413 0.1483 0.1608 0.1902 0.2440 0.3010 0.3507 0.3914 0.4234 0.4476 0.4645 0.4744 0.4766 0.4691 0.4485 0.4164 0.3796 0.3427 0.3082 0.2771 0.2496 0.2258 0.2041
0.2236 0.2487 0.2761 0.3072 0.3417 0.3786 0.4157 0.4481 0.4689 0.4766 0.4744 0.4645 0.4474 0.4230 0.3907 0.3498 0.2997 0.2425 0.1890 0.1602 0.1480 0.1412 0.1372 0.1352 0.1351 0.1366 0.1398 0.1448 0.1515 0.1603 0.1712 0.1844 0.2003 0.2190 0.2408 0.2660 0.2947 0.3267 0.3616 0.3979 0.4324 0.4594 0.4737 0.4767 0.4713 0.4589 0.4397 0.4138 0.3825 0.3517 0.3369 0.3517 0.3825 0.4138 0.4397 0.4589 0.4713 0.4767 0.4737 0.4594 0.4324 0.3979 0.3616 0.3267 0.2947 0.2660 0.2408 0.2190 0.2003 0.1844 0.1712 0.1603 0.1515 0.1448 0.1398 0.1366 0.1351 0.1352 0.1372 0.1412 0.1480 0.1602 0.1890 0.2425 0.2997 0.3498 0.3907 0.4230 0.4474 0.4645 0.4744 0.4766 0.4689 0.4481 0.4157 0.3786 0.3417 0.3072 0.2761 0.2487 0.2236
0.2465 0.2751 0.3061 0.3405 0.3775 0.4147 0.4474 0.4687 0.4765 0.4744 0.4645 0.4474 0.4229 0.3904 0.3491 0.2988 0.2413 0.1880 0.1598 0.1478 0.1410 0.1371 0.1352 0.1351 0.1367 0.1400 0.1450 0.1518 0.1606 0.1716 0.1850 0.2009 0.2197 0.2417 0.2670 0.2958 0.3280 0.3630 0.3992 0.4336 0.4602 0.4740 0.4766 0.4710 0.4583 0.4387 0.4118 0.3778 0.3382 0.3006 0.2830 0.3006 0.3382 0.3778 0.4118 0.4387 0.4583 0.4710 0.4766 0.4740 0.4602 0.4336 0.3992 0.3630 0.3280 0.2958 0.2670 0.2417 0.2197 0.2009 0.1850 0.1716 0.1606 0.1518 0.1450 0.1400 0.1367 0.1351 0.1352 0.1371 0.1410 0.1478 0.1598 0.1880 0.2413 0.2988 0.3491 0.3904 0.4229 0.4474 0.4645 0.4744 0.4765 0.4687 0.4474 0.4147 0.3775 0.3405 0.3061 0.2751 0.2465
0.2728 0.3049 0.3392 0.3762 0.4136 0.4466 0.4683 0.4765 0.4745 0.4647 0.4476 0.4230 0.3904 0.3489 0.2983 0.2405 0.1873 0.1594 0.1476 0.1409 0.1370 0.1352 0.1351 0.1368 0.1401 0.1452 0.1521 0.1610 0.1721 0.1855 0.2016 0.2205 0.2426 0.2680 0.2970 0.3293 0.3643 0.4006 0.4348 0.4609 0.4743 0.4765 0.4707 0.4577 0.4377 0.4105 0.3753 0.3323 0.2844 0.2419 0.2237 0.2419 0.2844 0.3323 0.3753 0.4105 0.4377 0.4577 0.4707 0.4765 0.4743 0.4609 0.4348 0.4006 0.3643 0.3293 0.2970 0.2680 0.2426 0.2205 0.2016 0.1855 0.1721 0.1610 0.1521 0.1452 0.1401 0.1368 0.1351 0.1352 0.1370 0.1409 0.1476 0.1594 0.1873 0.2405 0.2983 0.3489 0.3904 0.4230 0.4476 0.4647 0.4745 0.4765 0.4683 0.4466 0.4136 0.3762 0.3392 0.3049 0.2728
0.3028 0.3380 0.3749 0.4123 0.4456 0.4678 0.4764 0.4747 0.4650 0.4480 0.4234 0.3907 0.3491 0.2983 0.2402 0.1870 0.1592 0.1474 0.1408 0.1369 0.1352 0.1352 0.1369 0.1403 0.1454 0.1524 0.1613 0.1725 0.1860 0.2022 0.2213 0.2435 0.2690 0.2981 0.3305 0.3657 0.4019 0.4359 0.4617 0.4745 0.4764 0.4703 0.4571 0.4369 0.4092 0.3735 0.3293 0.2775 0.2249 0.1879 0.1765 0.1879 0.2249 0.2775 0.3293 0.3735 0.4092 0.4369 0.4571 0.4703 0.4764 0.4745 0.4617 0.4359 0.4019 0.3657 0.3305 0.2981 0.2690 0.2435 0.2213 0.2022 0.1860 0.1725 0.1613 0.1524 0.1454 0.1403 0.1369 0.1352 0.1352 0.1369 0.1408 0.1474 0.1592 0.1870 0.2402 0.2983 0.3491 0.3907 0.4234 0.4480 0.4650 0.4747 0.4764 0.4678 0.4456 0.4123 0.3749 0.3380 0.3028
0.3364 0.3735 0.4110 0.4446 0.4673 0.4763 0.4749 0.4654 0.4485 0.4240 0.3914 0.3498 0.2988 0.2405 0.1870 0.1592 0.1474 0.1407 0.1369 0.1351 0.1352 0.1369 0.1404 0.1456 0.1526 0.1617 0.1729 0.1866 0.2028 0.2220 0.2443 0.2701 0.2993 0.3318 0.3670 0.4032 0.4371 0.4624 0.4748 0.4763 0.4699 0.4564 0.4360 0.4080 0.3720 0.3271 0.2739 0.2178 0.1765 0.1595 0.1551 0.1595 0.1765 0.2178 0.2739 0.3271 0.3720 0.4080 0.4360 0.4564 0.4699 0.4763 0.4748 0.4624 0.4371 0.4032 0.3670 0.3318 0.2993 0.2701 0.2443 0.2220 0.2028 0.1866 0.1729 0.1617 0.1526 0.1456 0.1404 0.1369 0.1352 0.1351 0.1369 0.1407 0.1474 0.1592 0.1870 0.2405 0.2988 0.3498 0.3914 0.4240 0.4485 0.4654 0.4749 0.4763 0.4673 0.4446 0.4110 0.3735 0.3364
0.3729 0.4096 0.4435 0.4668 0.4762 0.4750 0.4658 0.4491 0.4248 0.3923 0.3507 0.2997 0.2413 0.1873 0.1592 0.1474 0.1407 0.1369 0.1351 0.1352 0.1370 0.1405 0.1457 0.1528 0.1620 0.1733 0.1870 0.2034 0.2227 0.2452 0.2711 0.3004 0.3331 0.3684 0.4046 0.4382 0.4631 0.4750 0.4762 0.4695 0.4558 0.4351 0.4068 0.3704 0.3251 0.2713 0.2142 0.1726 0.1548 0.1474 0.1450 0.1474 0.1548 0.1726 0.2142 0.2713 0.3251 0.3704 0.4068 0.4351 0.4558 0.4695 0.4762 0.4750 0.4631 0.4382 0.4046 0.3684 0.3331 0.3004 0.2711 0.2452 0.2227 0.2034 0.1870 0.1733 0.1620 0.1528 0.1457 0.1405 0.1370 0.1352 0.1351 0.1369 0.1407 0.1474 0.1592 0.1873 0.2413 0.2997 0.3507 0.3923 0.4248 0.4491 0.4658 0.4750 0.4762 0.4668 0.4435 0.4096 0.3729
0.4107 0.4424 0.4662 0.4760 0.4752 0.4663 0.4498 0.4257 0.3933 0.3519 0.3010 0.2425 0.1880 0.1594 0.1474 0.1407 0.1369 0.1351 0.1352 0.1370 0.1405 0.1458 0.1530 0.1622 0.1736 0.1874 0.2039 0.2234 0.2460 0.2720 0.3015 0.3343 0.3697 0.4059 0.4393 0.4638 0.4752 0.4761 0.4692 0.4552 0.4341 0.4056 0.3689 0.3232 0.2691 0.2117 0.1707 0.1531 0.1449 0.1406 0.1392 0.1406 0.1449 0.1531 0.1707 0.2117 0.2691 0.3232 0.3689 0.4056 0.4341 0.4552 0.4692 0.4761 0.4752 0.4638 0.4393 0.4059 0.3697 0.3343 0.3015 0.2720 0.2460 0.2234 0.2039 0.1874 0.1736 0.1622 0.1530 0.1458 0.1405 0.1370 0.1352 0.1351 0.1369 0.1407 0.1474 0.1594 0.1880 0.2425 0.3010 0.3519 0.3933 0.4257 0.4498 0.4663 0.4752 0.4760 0.4662 0.4424 0.4107
0.4460 0.4655 0.4759 0.4754 0.4667 0.4505 0.4266 0.3945 0.3533 0.3025 0.2440 0.1890 0.1598 0.1476 0.1408 0.1369 0.1351 0.1352 0.1370 0.1406 0.1459 0.1531 0.1624 0.1738 0.1878 0.2044 0.2239 0.2467 0.2728 0.3025 0.3355 0.3709 0.4072 0.4404 0.4644 0.4754 0.4760 0.4688 0.4545 0.4332 0.4044 0.3673 0.3213 0.2669 0.2096 0.1695 0.1524 0.1440 0.1391 0.1367 0.1360 0.1367 0.1391 0.1440 0.1524 0.1695 0.2096 0.2669 0.3213 0.3673 0.4044 0.4332 0.4545 0.4688 0.4760 0.4754 0.4644 0.4404 0.4072 0.3709 0.3355 0.3025 0.2728 0.2467 0.2239 0.2044 0.1878 0.1738 0.1624 0.1531 0.1459 0.1406 0.1370 0.1352 0.1351 0.1369 0.1408 0.1476 0.1598 0.1890 0.2440 0.3025 0.3533 0.3945 0.4266 0.4505 0.4667 0.4754 0.4759 0.4655 0.4460
0.4724 0.4757 0.4756 0.4671 0.4512 0.4276 0.3958 0.3549 0.3043 0.2459 0.1902 0.1602 0.1478 0.1409 0.1369 0.1351 0.1352 0.1370 0.1406 0.1459 0.1532 0.1625 0.1740 0.1880 0.2047 0.2244 0.2473 0.2736 0.3034 0.3365 0.3721 0.4084 0.4415 0.4650 0.4756 0.4759 0.4683 0.4538 0.4323 0.4032 0.3658 0.3195 0.2648 0.2076 0.1685 0.1519 0.1435 0.1386 0.1360 0.1350 0.1348 0.1350 0.1360 0.1386 0.1435 0.1519 0.1685 0.2076 0.2648 0.3195 0.3658 0.4032 0.4323 0.4538 0.4683 0.4759 0.4756 0.4650 0.4415 0.4084 0.3721 0.3365 0.3034 0.2736 0.2473 0.2244 0.2047 0.1880 0.1740 0.1625 0.1532 0.1459 0.1406 0.1370 0.1352 0.1351 0.1369 0.1409 0.1478 0.1602 0.1902 0.2459 0.3043 0.3549 0.3958 0.4276 0.4512 0.4671 0.4756 0.4757 0.4724
0.4849 0.4757 0.4676 0.4519 0.4286 0.3971 0.3565 0.3062 0.2479 0.1917 0.1608 0.1480 0.1410 0.1370 0.1352 0.1352 0.1370 0.1405 0.1459 0.1532 0.1625 0.1741 0.1882 0.2050 0.2247 0.2477 0.2742 0.3041 0.3374 0.3731 0.4094 0.4424 0.4656 0.4758 0.4757 0.4679 0.4532 0.4313 0.4019 0.3642 0.3176 0.2626 0.2056 0.1676 0.1514 0.1432 0.1384 0.1358 0.1349 0.1352 0.1355 0.1352 0.1349 0.1358 0.1384 0.1432 0.1514 0.1676 0.2056 0.2626 0.3176 0.3642 0.4019 0.4313 0.4532 0.4679 0.4757 0.4758 0.4656 0.4424 0.4094 0.3731 0.3374 0.3041 0.2742 0.2477 0.2247 0.2050 0.1882 0.1741 0.1625 0.1532 0.1459 0.1405 0.1370 0.1352 0.1352 0.1370 0.1410 0.1480 0.1608 0.1917 0.2479 0.3062 0.3565 0.3971 0.4286 0.4519 0.4676 0.4757 0.4849
0.4858 0.4680 0.4526 0.4296 0.3984 0.3582 0.3082 0.2500 0.1933 0.1614 0.1483 0.1412 0.1371 0.1352 0.1352 0.1369 0.1405 0.1458 0.1531 0.1625 0.1741 0.1882 0.2051 0.2249 0.2481 0.2746 0.3047 0.3381 0.3740 0.4104 0.4432 0.4660 0.4759 0.4756 0.4676 0.4525 0.4304 0.4007 0.3626 0.3156 0.2604 0.2037 0.1667 0.1510 0.1430 0.1382 0.1357 0.1349 0.1357 0.1372 0.1380 0.1372 0.1357 0.1349 0.1357 0.1382 0.1430 0.1510 0.1667 0.2037 0.2604 0.3156 0.3626 0.4007 0.4304 0.4525 0.4676 0.4756 0.4759 0.4660 0.4432 0.4104 0.3740 0.3381 0.3047 0.2746 0.2481 0.2249 0.2051 0.1882 0.1741 0.1625 0.1531 0.1458 0.1405 0.1369 0.1352 0.1352 0.1371 0.1412 0.1483 0.1614 0.1933 0.2500 0.3082 0.3582 0.3984 0.4296 0.4526 0.4680 0.4858
0.4783 0.4533 0.4306 0.3997 0.3598 0.3102 0.2522 0.1950 0.1621 0.1486 0.1413 0.1372 0.1352 0.1351 0.1369 0.1404 0.1457 0.1530 0.1624 0.1740 0.1882 0.2051 0.2250 0.2482 0.2749 0.3052 0.3387 0.3746 0.4111 0.4438 0.4664 0.4760 0.4754 0.4672 0.4519 0.4296 0.3995 0.3611 0.3137 0.2583 0.2018 0.1658 0.1507 0.1428 0.1381 0.1356 0.1350 0.1359 0.1382 0.1410 0.1423 0.1410 0.1382 0.1359 0.1350 0.1356 0.1381 0.1428 0.1507 0.1658 0.2018 0.2583 0.3137 0.3611 0.3995 0.4296 0.4519 0.4672 0.4754 0.4760 0.4664 0.4438 0.4111 0.3746 0.3387 0.3052 0.2749 0.2482 0.2250 0.2051 0.1882 0.1740 0.1624 0.1530 0.1457 0.1404 0.1369 0.1351 0.1352 0.1372 0.1413 0.1486 0.1621 0.1950 0.2522 0.3102 0.3598 0.3997 0.4306 0.4533 0.4783
0.4634 0.4315 0.4009 0.3614 0.3121 0.2544 0.1967 0.1628 0.1489 0.1415 0.1373 0.1352 0.1351 0.1368 0.1403 0.1456 0.1528 0.1622 0.1738 0.1880 0.2050 0.2249 0.2482 0.2750 0.3054 0.3390 0.3751 0.4116 0.4443 0.4668 0.4761 0.4753 0.4669 0.4514 0.4288 0.3985 0.3597 0.3120 0.2562 0.2000 0.1650 0.1503 0.1425 0.1379 0.1355 0.1350 0.1361 0.1387 0.1426 0.1466 0.1486 0.1466 0.1426 0.1387 0.1361 0.1350 0.1355 0.1379 0.1425 0.1503 0.1650 0.2000 0.2562 0.3120 0.3597 0.3985 0.4288 0.4514 0.4669 0.4753 0.4761 0.4668 0.4443 0.4116 0.3751 0.3390 0.3054 0.2750 0.2482 0.2249 0.2050 0.1880 0.1738 0.1622 0.1528 0.1456 0.1403 0.1368 0.1351 0.1352 0.1373 0.1415 0.1489 0.1628 0.1967 0.2544 0.3121 0.3614 0.4009 0.4315 0.4634
0.4411 0.4022 0.3630 0.3141 0.2565 0.1985 0.1636 0.1493 0.1417 0.1374 0.1353 0.1351 0.1367 0.1401 0.1454 0.1526 0.1620 0.1736 0.1878 0.2047 0.2247 0.2481 0.2749 0.3054 0.3391 0.3754 0.4120 0.4447 0.4670 0.4761 0.4752 0.4666 0.4509 0.4280 0.3975 0.3584 0.3103 0.2543 0.1983 0.1643 0.1499 0.1423 0.1378 0.1355 0.1350 0.1362 0.1390 0.1433 0.1489 0.1543 0.1569 0.1543 0.1489 0.1433 0.1390 0.1362 0.1350 0.1355 0.1378 0.1423 0.1499 0.1643 0.1983 0.2543 0.3103 0.3584 0.3975 0.4280 0.4509 0.4666 0.4752 0.4761 0.4670 0.4447 0.4120 0.3754 0.3391 0.3054 0.2749 0.2481 0.2247 0.2047 0.1878 0.1736 0.1620 0.1526 0.1454 0.1401 0.1367 0.1351 0.1353 0.1374 0.1417 0.1493 0.1636 0.1985 0.2565 0.3141 0.3630 0.4022 0.4411
0.4111 0.3645 0.3160 0.2587 0.2003 0.1644 0.1496 0.1419 0.1375 0.1353 0.1351 0.1366 0.1400 0.1452 0.1524 0.1617 0.1733 0.1874 0.2044 0.2244 0.2477 0.2746 0.3052 0.3390 0.3754 0.4121 0.4449 0.4672 0.4762 0.4752 0.4664 0.4505 0.4274 0.3966 0.3572 0.3088 0.2526 0.1969 0.1636 0.1496 0.1421 0.1377 0.1354 0.1350 0.1362 0.1391 0.1437 0.1499 0.1572 0.1643 0.1675 0.1643 0.1572 0.1499 0.1437 0.1391 0.1362 0.1350 0.1354 0.1377 0.1421 0.1496 0.1636 0.1969 0.2526 0.3088 0.3572 0.3966 0.4274 0.4505 0.4664 0.4752 0.4762 0.4672 0.4449 0.4121 0.3754 0.3390 0.3052 0.2746 0.2477 0.2244 0.2044 0.1874 0.1733 0.1617 0.1524 0.1452 0.1400 0.1366 0.1351 0.1353 0.1375 0.1419 0.1496 0.1644 0.2003 0.2587 0.3160 0.3645 0.4111
0.3725 0.3179 0.2609 0.2022 0.1652 0.1500 0.1422 0.1376 0.1354 0.1351 0.1365 0.1398 0.1450 0.1521 0.1613 0.1729 0.1870 0.2039 0.2239 0.2473 0.2742 0.3047 0.3387 0.3751 0.4120 0.4449 0.4672 0.4762 0.4751 0.4662 0.4502 0.4270 0.3959 0.3562 0.3075 0.2510 0.1955 0.1630 0.1493 0.1419 0.1376 0.1354 0.1350 0.1363 0.1393 0.1440 0.1504 0.1585 0.1679 0.1766 0.1806 0.1766 0.1679 0.1585 0.1504 0.1440 0.1393 0.1363 0.1350 0.1354 0.1376 0.1419 0.1493 0.1630 0.1955 0.2510 0.3075 0.3562 0.3959 0.4270 0.4502 0.4662 0.4751 0.4762 0.4672 0.4449 0.4120 0.3751 0.3387 0.3047 0.2742 0.2473 0.2239 0.2039 0.1870 0.1729 0.1613 0.1521 0.1450 0.1398 0.1365 0.1351 0.1354 0.1376 0.1422 0.1500 0.1652 0.2022 0.2609 0.3179 0.3725
0.3245 0.2630 0.2041 0.1660 0.1504 0.1424 0.1377 0.1354 0.1350 0.1365 0.1397 0.1448 0.1518 0.1610 0.1725 0.1866 0.2034 0.2234 0.2467 0.2736 0.3041 0.3381 0.3746 0.4116 0.4447 0.4672 0.4762 0.4751 0.4662 0.4501 0.4267 0.3954 0.3555 0.3065 0.2497 0.1944 0.1625 0.1491 0.1418 0.1375 0.1354 0.1350 0.1364 0.1394 0.1442 0.1507 0.1592 0.1694 0.1809 0.1915 0.1964 0.1915 0.1809 0.1694 0.1592 0.1507 0.1442 0.1394 0.1364 0.1350 0.1354 0.1375 0.1418 0.1491 0.1625 0.1944 0.2497 0.3065 0.3555 0.3954 0.4267 0.4501 0.4662 0.4751 0.4762 0.4672 0.4447 0.4116 0.3746 0.3381 0.3041 0.2736 0.2467 0.2234 0.2034 0.1866 0.1725 0.1610 0.1518 0.1448 0.1397 0.1365 0.1350 0.1354 0.1377 0.1424 0.1504 0.1660 0.2041 0.2630 0.3245
0.2680 0.2060 0.1669 0.1507 0.1426 0.1378 0.1355 0.1350 0.1364 0.1395 0.1446 0.1515 0.1606 0.1721 0.1860 0.2028 0.2227 0.2460 0.2728 0.3034 0.3374 0.3740 0.4111 0.4443 0.4670 0.4762 0.4751 0.4662 0.4500 0.4265 0.3951 0.3550 0.3057 0.2487 0.1935 0.1620 0.1488 0.1416 0.1374 0.1353 0.1350 0.1365 0.1396 0.1444 0.1510 0.1596 0.1702 0.1828 0.1968 0.2095 0.2152 0.2095 0.1968 0.1828 0.1702 0.1596 0.1510 0.1444 0.1396 0.1365 0.1350 0.1353 0.1374 0.1416 0.1488 0.1620 0.1935 0.2487 0.3057 0.3550 0.3951 0.4265 0.4500 0.4662 0.4751 0.4762 0.4670 0.4443 0.4111 0.3740 0.3374 0.3034 0.2728 0.2460 0.2227 0.2028 0.1860 0.1721 0.1606 0.1515 0.1446 0.1395 0.1364 0.1350 0.1355 0.1378 0.1426 0.1507 0.1669 0.2060 0.2680
0.2094 0.1678 0.1511 0.1428 0.1380 0.1355 0.1350 0.1363 0.1394 0.1443 0.1512 0.1603 0.1716 0.1855 0.2022 0.2220 0.2452 0.2720 0.3025 0.3365 0.3731 0.4104 0.4438 0.4668 0.4761 0.4752 0.4662 0.4501 0.4265 0.3950 0.3547 0.3053 0.2481 0.1928 0.1617 0.1487 0.1415 0.1373 0.1353 0.1351 0.1365 0.1397 0.1445 0.1513 0.1599 0.1707 0.1838 0.1990 0.2156 0.2306 0.2374 0.2306 0.2156 0.1990 0.1838 0.1707 0.1599 0.1513 0.1445 0.1397 0.1365 0.1351 0.1353 0.1373 0.1415 0.1487 0.1617 0.1928 0.2481 0.3053 0.3547 0.3950 0.4265 0.4501 0.4662 0.4752 0.4761 0.4668 0.4438 0.4104 0.3731 0.3365 0.3025 0.2720 0.2452 0.2220 0.2022 0.1855 0.1716 0.1603 0.1512 0.1443 0.1394 0.1363 0.1350 0.1355 0.1380 0.1428 0.1511 0.1678 0.2094
0.1698 0.1515 0.1430 0.1381 0.1356 0.1350 0.1362 0.1393 0.1441 0.1510 0.1599 0.1712 0.1850 0.2016 0.2213 0.2443 0.2711 0.3015 0.3355 0.3721 0.4094 0.4432 0.4664 0.4761 0.4752 0.4664 0.4502 0.4267 0.3951 0.3547 0.3051 0.2477 0.1924 0.1615 0.1485 0.1414 0.1373 0.1353 0.1351 0.1366 0.1398 0.1447 0.1515 0.1602 0.1712 0.1844 0.2001 0.2182 0.2378 0.2553 0.2633 0.2553 0.2378 0.2182 0.2001 0.1844 0.1712 0.1602 0.1515 0.1447 0.1398 0.1366 0.1351 0.1353 0.1373 0.1414 0.1485 0.1615 0.1924 0.2477 0.3051 0.3547 0.3951 0.4267 0.4502 0.4664 0.4752 0.4761 0.4664 0.4432 0.4094 0.3721 0.3355 0.3015 0.2711 0.2443 0.2213 0.2016 0.1850 0.1712 0.1599 0.1510 0.1441 0.1393 0.1362 0.1350 0.1356 0.1381 0.1430 0.1515 0.1698
0.1527 0.1433 0.1382 0.1356 0.1350 0.1361 0.1391 0.1439 0.1507 0.1596 0.1707 0.1844 0.2009 0.2205 0.2435 0.2701 0.3004 0.3343 0.3709 0.4084 0.4424 0.4660 0.4760 0.4753 0.4666 0.4505 0.4270 0.3954 0.3550 0.3053 0.2477 0.1923 0.1614 0.1484 0.1414 0.1372 0.1353 0.1351 0.1366 0.1399 0.1449 0.1517 0.1605 0.1715 0.1849 0.2008 0.2195 0.2408 0.2635 0.2838 0.2928 0.2838 0.2635 0.2408 0.2195 0.2008 0.1849 0.1715 0.1605 0.1517 0.1449 0.1399 0.1366 0.1351 0.1353 0.1372 0.1414 0.1484 0.1614 0.1923 0.2477 0.3053 0.3550 0.3954 0.4270 0.4505 0.4666 0.4753 0.4760 0.4660 0.4424 0.4084 0.3709 0.3343 0.3004 0.2701 0.2435 0.2205 0.2009 0.1844 0.1707 0.1596 0.1507 0.1439 0.1391 0.1361 0.1350 0.1356 0.1382 0.1433 0.1527
0.1439 0.1384 0.1357 0.1350 0.1361 0.1390 0.1437 0.1504 0.1592 0.1703 0.1839 0.2003 0.2197 0.2426 0.2690 0.2993 0.3331 0.3697 0.4072 0.4415 0.4656 0.4759 0.4754 0.4669 0.4509 0.4274 0.3959 0.3555 0.3057 0.2481 0.1924 0.1614 0.1484 0.1413 0.1372 0.1352 0.1351 0.1367 0.1400 0.1450 0.1519 0.1608 0.1719 0.1853 0.2014 0.2203 0.2423 0.2670 0.2930 0.3159 0.3261 0.3159 0.2930 0.2670 0.2423 0.2203 0.2014 0.1853 0.1719 0.1608 0.1519 0.1450 0.1400 0.1367 0.1351 0.1352 0.1372 0.1413 0.1484 0.1614 0.1924 0.2481 0.3057 0.3555 0.3959 0.4274 0.4509 0.4669 0.4754 0.4759 0.4656 0.4415 0.4072 0.3697 0.3331 0.2993 0.2690 0.2426 0.2197 0.2003 0.1839 0.1703 0.1592 0.1504 0.1437 0.1390 0.1361 0.1350 0.1357 0.1384 0.1439
0.1386 0.1357 0.1350 0.1360 0.1388 0.1435 0.1501 0.1588 0.1698 0.1833 0.1996 0.2190 0.2417 0.2680 0.2981 0.3318 0.3684 0.4059 0.4404 0.4650 0.4758 0.4756 0.4672 0.4514 0.4280 0.3966 0.3562 0.3065 0.2487 0.1928 0.1615 0.1484 0.1413 0.1372 0.1352 0.1351 0.1367 0.1400 0.1451 0.1520 0.1610 0.1721 0.1857 0.2019 0.2210 0.2432 0.2686 0.2968 0.3261 0.3514 0.3625 0.3514 0.3261 0.2968 0.2686 0.2432 0.2210 0.2019 0.1857 0.1721 0.1610 0.1520 0.1451 0.1400 0.1367 0.1351 0.1352 0.1372 0.1413 0.1484 0.1615 0.1928 0.2487 0.3065 0.3562 0.3966 0.4280 0.4514 0.4672 0.4756 0.4758 0.4650 0.4404 0.4059 0.3684 0.3318 0.2981 0.2680 0.2417 0.2190 0.1996 0.1833 0.1698 0.1588 0.1501 0.1435 0.1388 0.1360 0.1350 0.1357 0.1386
0.1357 0.1350 0.1359 0.1387 0.1433 0.1499 0.1585 0.1694 0.1828 0.1990 0.2182 0.2408 0.2670 0.2970 0.3305 0.3670 0.4046 0.4393 0.4644 0.4756 0.4757 0.4676 0.4519 0.4288 0.3975 0.3572 0.3075 0.2497 0.1935 0.1617 0.1485 0.1414 0.1372 0.1352 0.1351 0.1367 0.1401 0.1452 0.1521 0.1612 0.1724 0.1860 0.2023 0.2215 0.2439 0.2696 0.2987 0.3303 0.3622 0.3889 0.4003 0.3889 0.3622 0.3303 0.2987 0.2696 0.2439 0.2215 0.2023 0.1860 0.1724 0.1612 0.1521 0.1452 0.1401 0.1367 0.1351 0.1352 0.1372 0.1414 0.1485 0.1617 0.1935 0.2497 0.3075 0.3572 0.3975 0.4288 0.4519 0.4676 0.4757 0.4756 0.4644 0.4393 0.4046 0.3670 0.3305 0.2970 0.2670 0.2408 0.2182 0.1990 0.1828 0.1694 0.1585 0.1499 0.1433 0.1387 0.1359 0.1350 0.1357
0.1347 0.1359 0.1386 0.1431 0.1496 0.1581 0.1690 0.1823 0.1983 0.2175 0.2399 0.2660 0.2958 0.3293 0.3657 0.4032 0.4382 0.4638 0.4754 0.4759 0.4679 0.4525 0.4296 0.3985 0.3584 0.3088 0.2510 0.1944 0.1620 0.1487 0.1414 0.1372 0.1352 0.1351 0.1367 0.1401 0.1452 0.1522 0.1613 0.1726 0.1863 0.2026 0.2219 0.2444 0.2704 0.2997 0.3322 0.3666 0.3998 0.4256 0.4359 0.4256 0.3998 0.3666 0.3322 0.2997 0.2704 0.2444 0.2219 0.2026 0.1863 0.1726 0.1613 0.1522 0.1452 0.1401 0.1367 0.1351 0.1352 0.1372 0.1414 0.1487 0.1620 0.1944 0.2510 0.3088 0.3584 0.3985 0.4296 0.4525 0.4679 0.4759 0.4754 0.4638 0.4382 0.4032 0.3657 0.3293 0.2958 0.2660 0.2399 0.2175 0.1983 0.1823 0.1690 0.1581 0.1496 0.1431 0.1386 0.1359 0.1347
0.1354 0.1385 0.1429 0.1493 0.1578 0.1685 0.1817 0.1977 0.2167 0.2391 0.2650 0.2947 0.3280 0.3643 0.4019 0.4371 0.4631 0.4752 0.4760 0.4683 0.4532 0.4304 0.3995 0.3597 0.3103 0.2526 0.1955 0.1625 0.1488 0.1415 0.1373 0.1353 0.1351 0.1367 0.1401 0.1452 0.1522 0.1613 0.1727 0.1864 0.2029 0.2223 0.2449 0.2709 0.3005 0.3333 0.3686 0.4040 0.4352 0.4557 0.4625 0.4557 0.4352 0.4040 0.3686 0.3333 0.3005 0.2709 0.2449 0.2223 0.2029 0.1864 0.1727 0.1613 0.1522 0.1452 0.1401 0.1367 0.1351 0.1353 0.1373 0.1415 0.1488 0.1625 0.1955 0.2526 0.3103 0.3597 0.3995 0.4304 0.4532 0.4683 0.4760 0.4752 0.4631 0.4371 0.4019 0.3643 0.3280 0.2947 0.2650 0.2391 0.2167 0.1977 0.1817 0.1685 0.1578 0.1493 0.1429 0.1385 0.1354
0.1378 0.1427 0.1491 0.1574 0.1681 0.1812 0.1971 0.2160 0.2382 0.2640 0.2935 0.3267 0.3630 0.4006 0.4359 0.4624 0.4750 0.4761 0.4688 0.4538 0.4313 0.4007 0.3611 0.3120 0.2543 0.1969 0.1630 0.1491 0.1416 0.1373 0.1353 0.1351 0.1367 0.1400 0.1452 0.1522 0.1613 0.1727 0.1865 0.2030 0.2225 0.2453 0.2714 0.3011 0.3341 0.3697 0.4059 0.4387 0.4619 0.4726 0.4750 0.4726 0.4619 0.4387 0.4059 0.3697 0.3341 0.3011 0.2714 0.2453 0.2225 0.2030 0.1865 0.1727 0.1613 0.1522 0.1452 0.1400 0.1367 0.1351 0.1353 0.1373 0.1416 0.1491 0.1630 0.1969 0.2543 0.3120 0.3611 0.4007 0.4313 0.4538 0.4688 0.4761 0.4750 0.4624 0.4359 0.4006 0.3630 0.3267 0.2935 0.2640 0.2382 0.2160 0.1971 0.1812 0.1681 0.1574 0.1491 0.1427 0.1378
0.1419 0.1488 0.1571 0.1677 0.1807 0.1965 0.2152 0.2373 0.2630 0.2924 0.3255 0.3616 0.3992 0.4348 0.4617 0.4748 0.4762 0.4692 0.4545 0.4323 0.4019 0.3626 0.3137 0.2562 0.1983 0.1636 0.1493 0.1418 0.1374 0.1353 0.1351 0.1366 0.1400 0.1451 0.1521 0.1613 0.1727 0.1865 0.2031 0.2226 0.2455 0.2717 0.3016 0.3347 0.3705 0.4069 0.4402 0.4639 0.4748 0.4767 0.4761 0.4767 0.4748 0.4639 0.4402 0.4069 0.3705 0.3347 0.3016 0.2717 0.2455 0.2226 0.2031 0.1865 0.1727 0.1613 0.1521 0.1451 0.1400 0.1366 0.1351 0.1353 0.1374 0.1418 0.1493 0.1636 0.1983 0.2562 0.3137 0.3626 0.4019 0.4323 0.4545 0.4692 0.4762 0.4748 0.4617 0.4348 0.3992 0.3616 0.3255 0.2924 0.2630 0.2373 0.2152 0.1965 0.1807 0.1677 0.1571 0.1488 0.1419
0.1477 0.1568 0.1672 0.1802 0.1958 0.2145 0.2365 0.2620 0.2913 0.3243 0.3603 0.3979 0.4336 0.4609 0.4745 0.4763 0.4695 0.4552 0.4332 0.4032 0.3642 0.3156 0.2583 0.2000 0.1643 0.1496 0.1419 0.1375 0.1353 0.1351 0.1366 0.1399 0.1450 0.1520 0.1612 0.1726 0.1864 0.2030 0.2226 0.2455 0.2719 0.3018 0.3351 0.3710 0.4076 0.4409 0.4647 0.4754 0.4762 0.4718 0.4687 0.4718 0.4762 0.4754 0.4647 0.4409 0.4076 0.3710 0.3351 0.3018 0.2719 0.2455 0.2226 0.2030 0.1864 0.1726 0.1612 0.1520 0.1450 0.1399 0.1366 0.1351 0.1353 0.1375 0.1419 0.1496 0.1643 0.2000 0.2583 0.3156 0.3642 0.4032 0.4332 0.4552 0.4695 0.4763 0.4745 0.4609 0.4336 0.3979 0.3603 0.3243 0.2913 0.2620 0.2365 0.2145 0.1958 0.1802 0.1672 0.1568 0.1477
0.1555 0.1668 0.1797 0.1952 0.2138 0.2356 0.2610 0.2902 0.3230 0.3590 0.3966 0.4324 0.4602 0.4743 0.4764 0.4699 0.4558 0.4341 0.4044 0.3658 0.3176 0.2604 0.2018 0.1650 0.1499 0.1421 0.1376 0.1354 0.1350 0.1365 0.1398 0.1449 0.1519 0.1610 0.1724 0.1863 0.2029 0.2225 0.2455 0.2719 0.3019 0.3353 0.3713 0.4080 0.4414 0.4651 0.4756 0.4759 0.4692 0.4593 0.4538 0.4593 0.4692 0.4759 0.4756 0.4651 0.4414 0.4080 0.3713 0.3353 0.3019 0.2719 0.2455 0.2225 0.2029 0.1863 0.1724 0.1610 0.1519 0.1449 0.1398 0.1365 0.1350 0.1354 0.1376 0.1421 0.1499 0.1650 0.2018 0.2604 0.3176 0.3658 0.4044 0.4341 0.4558 0.4699 0.4764 0.4743 0.4602 0.4324 0.3966 0.3590 0.3230 0.2902 0.2610 0.2356 0.2138 0.1952 0.1797 0.1668 0.1555
0.1654 0.1792 0.1946 0.2131 0.2348 0.2601 0.2891 0.3218 0.3576 0.3952 0.4312 0.4594 0.4740 0.4765 0.4703 0.4564 0.4351 0.4056 0.3673 0.3195 0.2626 0.2037 0.1658 0.1503 0.1423 0.1377 0.1354 0.1350 0.1365 0.1397 0.1447 0.1517 0.1608 0.1721 0.1860 0.2026 0.2223 0.2453 0.2717 0.3018 0.3353 0.3714 0.4082 0.4417 0.4654 0.4757 0.4757 0.4681 0.4548 0.4395 0.4315 0.4395 0.4548 0.4681 0.4757 0.4757 0.4654 0.4417 0.4082 0.3714 0.3353 0.3018 0.2717 0.2453 0.2223 0.2026 0.1860 0.1721 0.1608 0.1517 0.1447 0.1397 0.1365 0.1350 0.1354 0.1377 0.1423 0.1503 0.1658 0.2037 0.2626 0.3195 0.3673 0.4056 0.4351 0.4564 0.4703 0.4765 0.4740 0.4594 0.4312 0.3952 0.3576 0.3218 0.2891 0.2601 0.2348 0.2131 0.1946 0.1792 0.1654
0.1775 0.1940 0.2124 0.2339 0.2591 0.2880 0.3205 0.3563 0.3938 0.4300 0.4586 0.4737 0.4766 0.4707 0.4571 0.4360 0.4068 0.3689 0.3213 0.2648 0.2056 0.1667 0.1507 0.1425 0.1378 0.1354 0.1350 0.1364 0.1396 0.1445 0.1515 0.1605 0.1719 0.1857 0.2023 0.2219 0.2449 0.2714 0.3016 0.3351 0.3713 0.4082 0.4418 0.4655 0.4758 0.4756 0.4677 0.4530 0.4329 0.4118 0.4013 0.4118 0.4329 0.4530 0.4677 0.4756 0.4758 0.4655 0.4418 0.4082 0.3713 0.3351 0.3016 0.2714 0.2449 0.2219 0.2023 0.1857 0.1719 0.1605 0.1515 0.1445 0.1396 0.1364 0.1350 0.1354 0.1378 0.1425 0.1507 0.1667 0.2056 0.2648 0.3213 0.3689 0.4068 0.4360 0.4571 0.4707 0.4766 0.4737 0.4586 0.4300 0.3938 0.3563 0.3205 0.2880 0.2591 0.2339 0.2124 0.1940 0.1775
0.1922 0.2117 0.2331 0.2581 0.2869 0.3193 0.3550 0.3925 0.4288 0.4578 0.4734 0.4767 0.4710 0.4577 0.4369 0.4080 0.3704 0.3232 0.2669 0.2076 0.1676 0.1510 0.1428 0.1379 0.1355 0.1350 0.1363 0.1394 0.1444 0.1513 0.1602 0.1715 0.1853 0.2019 0.2215 0.2444 0.2709 0.3011 0.3347 0.3710 0.4080 0.4417 0.4655 0.4758 0.4756 0.4675 0.4524 0.4305 0.4032 0.3758 0.3622 0.3758 0.4032 0.4305 0.4524 0.4675 0.4756 0.4758 0.4655 0.4417 0.4080 0.3710 0.3347 0.3011 0.2709 0.2444 0.2215 0.2019 0.1853 0.1715 0.1602 0.1513 0.1444 0.1394 0.1363 0.1350 0.1355 0.1379 0.1428 0.1510 0.1676 0.2076 0.2669 0.3232 0.3704 0.4080 0.4369 0.4577 0.4710 0.4767 0.4734 0.4578 0.4288 0.3925 0.3550 0.3193 0.2869 0.2581 0.2331 0.2117 0.1922
0.2096 0.2323 0.2572 0.2857 0.3180 0.3536 0.3911 0.4275 0.4569 0.4731 0.4767 0.4713 0.4583 0.4377 0.4092 0.3720 0.3251 0.2691 0.2096 0.1685 0.1514 0.1430 0.1381 0.1355 0.1350 0.1362 0.1393 0.1442 0.1510 0.1599 0.1712 0.1849 0.2014 0.2210 0.2439 0.2704 0.3005 0.3341 0.3705 0.4076 0.4414 0.4654 0.4758 0.4756 0.4675 0.4521 0.4297 0.4001 0.3649 0.3305 0.3140 0.3305 0.3649 0.4001 0.4297 0.4521 0.4675 0.4756 0.4758 0.4654 0.4414 0.4076 0.3705 0.3341 0.3005 0.2704 0.2439 0.2210 0.2014 0.1849 0.1712 0.1599 0.1510 0.1442 0.1393 0.1362 0.1350 0.1355 0.1381 0.1430 0.1514 0.1685 0.2096 0.2691 0.3251 0.3720 0.4092 0.4377 0.4583 0.4713 0.4767 0.4731 0.4569 0.4275 0.3911 0.3536 0.3180 0.2857 0.2572 0.2323 0.2096
0.2300 0.2561 0.2846 0.3167 0.3522 0.3897 0.4262 0.4560 0.4727 0.4768 0.4717 0.4589 0.4387 0.4105 0.3735 0.3271 0.2713 0.2117 0.1695 0.1519 0.1432 0.1382 0.1356 0.1350 0.1362 0.1391 0.1440 0.1507 0.1596 0.1707 0.1844 0.2008 0.2203 0.2432 0.2696 0.2997 0.3333 0.3697 0.4069 0.4409 0.4651 0.4757 0.4756 0.4675 0.4521 0.4295 0.3992 0.3611 0.3173 0.2764 0.2576 0.2764 0.3173 0.3611 0.3992 0.4295 0.4521 0.4675 0.4756 0.4757 0.4651 0.4409 0.4069 0.3697 0.3333 0.2997 0.2696 0.2432 0.2203 0.2008 0.1844 0.1707 0.1596 0.1507 0.1440 0.1391 0.1362 0.1350 0.1356 0.1382 0.1432 0.1519 0.1695 0.2117 0.2713 0.3271 0.3735 0.4105 0.4387 0.4589 0.4717 0.4768 0.4727 0.4560 0.4262 0.3897 0.3522 0.3167 0.2846 0.2561 0.2300
0.2535 0.2831 0.3151 0.3505 0.3879 0.4246 0.4550 0.4723 0.4768 0.4721 0.4596 0.4397 0.4118 0.3753 0.3293 0.2739 0.2142 0.1707 0.1524 0.1435 0.1384 0.1357 0.1350 0.1361 0.1390 0.1437 0.1504 0.1592 0.1702 0.1838 0.2001 0.2195 0.2423 0.2686 0.2986 0.3322 0.3686 0.4059 0.4402 0.4647 0.4756 0.4757 0.4677 0.4524 0.4297 0.3992 0.3602 0.3132 0.2617 0.2185 0.2015 0.2185 0.2617 0.3131 0.3603 0.3992 0.4297 0.4524 0.4677 0.4757 0.4756 0.4647 0.4402 0.4059 0.3686 0.3322 0.2987 0.2686 0.2423 0.2195 0.2001 0.1838 0.1702 0.1592 0.1504 0.1437 0.1390 0.1361 0.1350 0.1357 0.1384 0.1435 0.1524 0.1707 0.2142 0.2739 0.3293 0.3753 0.4118 0.4397 0.4596 0.4721 0.4768 0.4723 0.4550 0.4246 0.3879 0.3505 0.3151 0.2831 0.2535
0.2797 0.3127 0.3479 0.3853 0.4223 0.4533 0.4716 0.4768 0.4726 0.4606 0.4411 0.4138 0.3778 0.3323 0.2775 0.2178 0.1726 0.1531 0.1440 0.1386 0.1358 0.1349 0.1359 0.1387 0.1433 0.1499 0.1585 0.1694 0.1828 0.1990 0.2182 0.2408 0.2670 0.2968 0.3303 0.3666 0.4040 0.4387 0.4639 0.4754 0.4759 0.4681 0.4530 0.4305 0.4001 0.3611 0.3131 0.2582 0.2057 0.1748 0.1666 0.1748 0.2057 0.2581 0.3131 0.3611 0.4001 0.4305 0.4530 0.4681 0.4759 0.4754 0.4639 0.4387 0.4040 0.3666 0.3303 0.2968 0.2670 0.2408 0.2182 0.1990 0.1828 0.1694 0.1585 0.1499 0.1433 0.1387 0.1359 0.1349 0.1358 0.1386 0.1440 0.1531 0.1726 0.2178 0.2775 0.3323 0.3778 0.4138 0.4411 0.4606 0.4726 0.4768 0.4716 0.4533 0.4223 0.3853 0.3479 0.3127 0.2797
0.3067 0.3426 0.3801 0.4176 0.4499 0.4701 0.4767 0.4735 0.4624 0.4439 0.4174 0.3825 0.3382 0.2844 0.2248 0.1765 0.1548 0.1449 0.1391 0.1360 0.1349 0.1357 0.1382 0.1426 0.1489 0.1572 0.1679 0.1809 0.1968 0.2156 0.2378 0.2635 0.2930 0.3261 0.3622 0.3998 0.4352 0.4619 0.4748 0.4762 0.4692 0.4548 0.4329 0.4032 0.3649 0.3173 0.2617 0.2057 0.1697 0.1559 0.1522 0.1559 0.1697 0.2057 0.2617 0.3173 0.3649 0.4032 0.4329 0.4548 0.4692 0.4762 0.4748 0.4619 0.4352 0.3998 0.3622 0.3261 0.2930 0.2635 0.2378 0.2156 0.1968 0.1809 0.1679 0.1572 0.1489 0.1426 0.1382 0.1357 0.1349 0.1360 0.1391 0.1449 0.1548 0.1765 0.2249 0.2844 0.3382 0.3825 0.4174 0.4439 0.4624 0.4735 0.4767 0.4701 0.4499 0.4176 0.3801 0.3426 0.3067
0.3295 0.3674 0.4058 0.4409 0.4656 0.4759 0.4753 0.4664 0.4499 0.4258 0.3933 0.3517 0.3006 0.2419 0.1879 0.1595 0.1474 0.1406 0.1367 0.1350 0.1352 0.1372 0.1410 0.1466 0.1543 0.1643 0.1766 0.1915 0.2095 0.2306 0.2553 0.2838 0.3159 0.3514 0.3889 0.4256 0.4557 0.4726 0.4767 0.4718 0.4593 0.4395 0.4118 0.3758 0.3305 0.2764 0.2185 0.1748 0.1559 0.1481 0.1457 0.1481 0.1559 0.1748 0.2185 0.2764 0.3305 0.3758 0.4118 0.4395 0.4593 0.4718 0.4767 0.4726 0.4557 0.4256 0.3889 0.3514 0.3159 0.2838 0.2553 0.2306 0.2095 0.1915 0.1766 0.1643 0.1543 0.1466 0.1410 0.1372 0.1352 0.1350 0.1367 0.1406 0.1474 0.1595 0.1879 0.2419 0.3006 0.3517 0.3933 0.4258 0.4499 0.4664 0.4753 0.4759 0.4656 0.4409 0.4058 0.3674 0.3295
0.3393 0.3778 0.4163 0.4495 0.4701 0.4767 0.4734 0.4621 0.4433 0.4167 0.3815 0.3369 0.2830 0.2237 0.1765 0.1551 0.1450 0.1392 0.1360 0.1348 0.1355 0.1380 0.1423 0.1486 0.1569 0.1675 0.1806 0.1964 0.2152 0.2374 0.2633 0.2928 0.3261 0.3625 0.4003 0.4359 0.4625 0.4750 0.4761 0.4687 0.4538 0.4315 0.4013 0.3622 0.3140 0.2576 0.2015 0.1666 0.1522 0.1457 0.1436 0.1457 0.1522 0.1666 0.2015 0.2576 0.3140 0.3623 0.4013 0.4315 0.4538 0.4687 0.4761 0.4750 0.4625 0.4359 0.4003 0.3625 0.3261 0.2928 0.2633 0.2374 0.2152 0.1964 0.1806 0.1675 0.1569 0.1486 0.1423 0.1380 0.1355 0.1348 0.1360 0.1392 0.1450 0.1551 0.1765 0.2237 0.2830 0.3369 0.3815 0.4167 0.4433 0.4621 0.4734 0.4767 0.4701 0.4495 0.4163 0.3778 0.3393
0.3295 0.3674 0.4058 0.4409 0.4656 0.4759 0.4753 0.4664 0.4499 0.4258 0.3933 0.3517 0.3006 0.2419 0.1879 0.1595 0.1474 0.1406 0.1367 0.1350 0.1352 0.1372 0.1410 0.1466 0.1543 0.1643 0.1766 0.1915 0.2095 0.2306 0.2553 0.2838 0.3159 0.3514 0.3889 0.4257 0.4557 0.4726 0.4767 0.4718 0.4593 0.4395 0.4118 0.3758 0.3305 0.2764 0.2185 0.1748 0.1559 0.1481 0.1457 0.1481 0.1559 0.1748 0.2185 0.2764 0.3305 0.3758 0.4118 0.4395 0.4593 0.4718 0.4767 0.4726 0.4557 0.4256 0.3889 0.3514 0.3159 0.2838 0.2553 0.2306 0.2095 0.1915 0.1766 0.1643 0.1543 0.1466 0.1410 0.1372 0.1352 0.1350 0.1367 0.1406 0.1474 0.1595 0.1879 0.2419 0.3006 0.3517 0.3933 0.4258 0.4499 0.4664 0.4753 0.4759 0.4656 0.4409 0.4058 0.3674 0.3295
0.3067 0.3426 0.3801 0.4176 0.4499 0.4701 0.4767 0.4735 0.4624 0.4439 0.4174 0.3825 0.3382 0.2844 0.2248 0.1765 0.1548 0.1449 0.1391 0.1360 0.1349 0.1357 0.1382 0.1426 0.1489 0.1572 0.1679 0.1809 0.1968 0.2156 0.2378 0.2635 0.2930 0.3261 0.3623 0.3998 0.4352 0.4619 0.4748 0.4762 0.4692 0.4548 0.4329 0.4032 0.3649 0.3173 0.2617 0.2057 0.1697 0.1559 0.1522 0.1559 0.1697 0.2057 0.2617 0.3173 0.3649 0.4032 0.4329 0.4548 0.4692 0.4762 0.4748 0.4619 0.4352 0.3998 0.3622 0.3261 0.2930 0.2635 0.2378 0.2156 0.1968 0.1809 0.1679 0.1572 0.1489 0.1426 0.1382 0.1357 0.1349 0.1360 0.1391 0.1449 0.1548 0.1765 0.2249 0.2844 0.3382 0.3825 0.4174 0.4439 0.4624 0.4735 0.4767 0.4701 0.4499 0.4176 0.3801 0.3426 0.3067
0.2797 0.3127 0.3479 0.3853 0.4223 0.4533 0.4716 0.4768 0.4726 0.4606 0.4411 0.4138 0.3778 0.3323 0.2775 0.2178 0.1726 0.1531 0.1440 0.1386 0.1358 0.1349 0.1359 0.1387 0.1433 0.1499 0.1585 0.1694 0.1828 0.1990 0.2182 0.2408 0.2670 0.2968 0.3303 0.3666 0.4040 0.4387 0.4639 0.4754 0.4759 0.4681 0.4530 0.4305 0.4001 0.3611 0.3131 0.2581 0.2057 0.1748 0.1666 0.1748 0.2057 0.2581 0.3131 0.3611 0.4001 0.4305 0.4530 0.4681 0.4759 0.4754 0.4639 0.4387 0.4040 0.3666 0.3303 0.2968 0.2670 0.2408 0.2182 0.1990 0.1828 0.1694 0.1585 0.1499 0.1433 0.1387 0.1359 0.1349 0.1358 0.1386 0.1440 0.1531 0.1726 0.2178 0.2775 0.3323 0.3778 0.4138 0.4411 0.4606 0.4726 0.4768 0.4716 0.4533 0.4223 0.3853 0.3479 0.3127 0.2797
0.2535 0.2831 0.3151 0.3505 0.3879 0.4246 0.4550 0.4723 0.4768 0.4721 0.4596 0.4397 0.4118 0.3753 0.3293 0.2739 0.2142 0.1707 0.1524 0.1435 0.1384 0.1357 0.1350 0.1361 0.1390 0.1437 0.1504 0.1592 0.1702 0.1838 0.2001 0.2195 0.2423 0.2686 0.2987 0.3322 0.3686 0.4059 0.4402 0.4647 0.4756 0.4757 0.4677 0.4524 0.4297 0.3992 0.3603 0.3131 0.2617 0.2185 0.2015 0.2185 0.2617 0.3131 0.3603 0.3992 0.4297 0.4524 0.4677 0.4757 0.4756 0.4647 0.4402 0.4059 0.3686 0.3322 0.2987 0.2686 0.2423 0.2195 0.2001 0.1838 0.1702 0.1592 0.1504 0.1437 0.1390 0.1361 0.1350 0.1357 0.1384 0.1435 0.1524 0.1707 0.2142 0.2739 0.3293 0.3753 0.4118 0.4397 0.4596 0.4721 0.4768 0.4723 0.4550 0.4246 0.3879 0.3505 0.3151 0.2831 0.2535
0.2300 0.2561 0.2846 0.3167 0.3522 0.3897 0.4262 0.4560 0.4727 0.4768 0.4717 0.4589 0.4387 0.4105 0.3735 0.3271 0.2713 0.2117 0.1695 0.1519 0.1432 0.1382 0.1356 0.1350 0.1362 0.1391 0.1440 0.1507 0.1596 0.1707 0.1844 0.2008 0.2203 0.2432 0.2696 0.2997 0.3333 0.3697 0.4069 0.4409 0.4651 0.4757 0.4756 0.4675 0.4521 0.4295 0.3992 0.3611 0.3173 0.2764 0.2576 0.2764 0.3173 0.3611 0.3992 0.4295 0.4521 0.4675 0.4756 0.4757 0.4651 0.4409 0.4069 0.3697 0.3333 0.2997 0.2696 0.2432 0.2203 0.2008 0.1844 0.1707 0.1596 0.1507 0.1440 0.1391 0.1362 0.1350 0.1356 0.1382 0.1432 0.1519 0.1695 0.2117 0.2713 0.3271 0.3735 0.4105 0.4387 0.4589 0.4717 0.4768 0.4727 0.4560 0.4262 0.3897 0.3522 0.3167 0.2846 0.2561 0.2300
