0.2067 0.0341 -0.0862 -0.1368 -0.1669 -0.1897 -0.2089 -0.2264 -0.2427 -0.2585 -0.2738 -0.2889 -0.3036 -0.3179 -0.3315 -0.3441 -0.3552 -0.3640 -0.3692 -0.3690 -0.3603 -0.3381 -0.2937 -0.2154 -0.1088 -0.0235 0.0287 0.0663 0.0985 0.1295 0.1615 0.1947 0.2245 0.2322 0.1630 -0.0124 -0.1060 -0.1470 -0.1742 -0.1957 -0.2143 -0.2313 -0.2475 -0.2631 -0.2783 -0.2932 -0.3076 -0.3213 -0.3333 -0.3423 -0.3459 -0.3423 -0.3333 -0.3213 -0.3076 -0.2932 -0.2783 -0.2631 -0.2475 -0.2313 -0.2143 -0.1957 -0.1742 -0.1470 -0.1060 -0.0124 0.1630 0.2322 0.2245 0.1947 0.1615 0.1295 0.0985 0.0663 0.0287 -0.0235 -0.1088 -0.2154 -0.2937 -0.3381 -0.3603 -0.3690 -0.3692 -0.3640 -0.3552 -0.3441 -0.3315 -0.3179 -0.3036 -0.2889 -0.2738 -0.2585 -0.2427 -0.2264 -0.2089 -0.1897 -0.1669 -0.1368 -0.0862 0.0341 0.2067
0.0341 -0.0914 -0.1410 -0.1699 -0.1920 -0.2110 -0.2281 -0.2443 -0.2598 -0.2750 -0.2898 -0.3042 -0.3181 -0.3312 -0.3432 -0.3534 -0.3609 -0.3645 -0.3621 -0.3505 -0.3245 -0.2754 -0.1939 -0.0939 -0.0201 0.0260 0.0609 0.0914 0.1208 0.1511 0.1822 0.2104 0.2183 0.1510 -0.0184 -0.1128 -0.1510 -0.1771 -0.1980 -0.2163 -0.2330 -0.2490 -0.2644 -0.2794 -0.2941 -0.3083 -0.3219 -0.3343 -0.3449 -0.3525 -0.3555 -0.3525 -0.3449 -0.3343 -0.3219 -0.3083 -0.2941 -0.2794 -0.2644 -0.2490 -0.2330 -0.2163 -0.1980 -0.1771 -0.1510 -0.1128 -0.0184 0.1510 0.2183 0.2104 0.1822 0.1511 0.1208 0.0914 0.0609 0.0260 -0.0201 -0.0939 -0.1939 -0.2754 -0.3245 -0.3505 -0.3621 -0.3645 -0.3609 -0.3534 -0.3432 -0.3312 -0.3181 -0.3042 -0.2898 -0.2750 -0.2598 -0.2443 -0.2281 -0.2110 -0.1920 -0.1699 -0.1410 -0.0914 0.0341
-0.0862 -0.1410 -0.1702 -0.1924 -0.2114 -0.2286 -0.2448 -0.2603 -0.2755 -0.2903 -0.3047 -0.3186 -0.3317 -0.3436 -0.3537 -0.3611 -0.3646 -0.3619 -0.3499 -0.3232 -0.2731 -0.1903 -0.0906 -0.0180 0.0274 0.0620 0.0925 0.1219 0.1522 0.1834 0.2113 0.2177 0.1452 -0.0235 -0.1145 -0.1521 -0.1779 -0.1987 -0.2169 -0.2336 -0.2496 -0.2649 -0.2800 -0.2946 -0.3089 -0.3225 -0.3352 -0.3464 -0.3553 -0.3612 -0.3634 -0.3612 -0.3553 -0.3464 -0.3352 -0.3225 -0.3089 -0.2946 -0.2800 -0.2649 -0.2496 -0.2336 -0.2169 -0.1987 -0.1779 -0.1521 -0.1145 -0.0235 0.1452 0.2177 0.2113 0.1834 0.1522 0.1219 0.0925 0.0620 0.0274 -0.0180 -0.0906 -0.1903 -0.2731 -0.3232 -0.3499 -0.3619 -0.3646 -0.3611 -0.3537 -0.3436 -0.3317 -0.3186 -0.3047 -0.2903 -0.2755 -0.2603 -0.2448 -0.2286 -0.2114 -0.1924 -0.1702 -0.1410 -0.0862
-0.1368 -0.1699 -0.1924 -0.2116 -0.2289 -0.2451 -0.2608 -0.2759 -0.2908 -0.3052 -0.3191 -0.3321 -0.3440 -0.3540 -0.3614 -0.3646 -0.3617 -0.3493 -0.3219 -0.2706 -0.1867 -0.0872 -0.0160 0.0288 0.0632 0.0935 0.1230 0.1533 0.1845 0.2121 0.2170 0.1393 -0.0284 -0.1163 -0.1532 -0.1788 -0.1994 -0.2175 -0.2342 -0.2501 -0.2655 -0.2805 -0.2952 -0.3094 -0.3231 -0.3358 -0.3471 -0.3563 -0.3626 -0.3658 -0.3667 -0.3658 -0.3626 -0.3563 -0.3471 -0.3358 -0.3231 -0.3094 -0.2952 -0.2805 -0.2655 -0.2501 -0.2342 -0.2175 -0.1994 -0.1788 -0.1532 -0.1163 -0.0284 0.1393 0.2170 0.2121 0.1845 0.1533 0.1230 0.0935 0.0632 0.0288 -0.0160 -0.0872 -0.1867 -0.2706 -0.3219 -0.3493 -0.3617 -0.3646 -0.3614 -0.3540 -0.3440 -0.3321 -0.3191 -0.3052 -0.2908 -0.2759 -0.2608 -0.2451 -0.2289 -0.2116 -0.1924 -0.1699 -0.1368
-0.1669 -0.1920 -0.2114 -0.2289 -0.2453 -0.2610 -0.2762 -0.2911 -0.3056 -0.3195 -0.3325 -0.3444 -0.3544 -0.3616 -0.3646 -0.3614 -0.3485 -0.3204 -0.2681 -0.1829 -0.0838 -0.0139 0.0302 0.0644 0.0947 0.1241 0.1545 0.1857 0.2129 0.2162 0.1332 -0.0331 -0.1180 -0.1543 -0.1796 -0.2001 -0.2182 -0.2348 -0.2507 -0.2661 -0.2811 -0.2957 -0.3100 -0.3236 -0.3363 -0.3476 -0.3568 -0.3630 -0.3653 -0.3640 -0.3626 -0.3640 -0.3653 -0.3630 -0.3568 -0.3476 -0.3363 -0.3236 -0.3100 -0.2957 -0.2811 -0.2661 -0.2507 -0.2348 -0.2182 -0.2001 -0.1796 -0.1543 -0.1180 -0.0331 0.1332 0.2162 0.2129 0.1857 0.1545 0.1241 0.0947 0.0644 0.0302 -0.0139 -0.0838 -0.1829 -0.2681 -0.3204 -0.3485 -0.3614 -0.3646 -0.3616 -0.3544 -0.3444 -0.3325 -0.3195 -0.3056 -0.2911 -0.2762 -0.2610 -0.2453 -0.2289 -0.2114 -0.1920 -0.1669
-0.1897 -0.2110 -0.2286 -0.2451 -0.2610 -0.2764 -0.2913 -0.3058 -0.3198 -0.3329 -0.3447 -0.3546 -0.3617 -0.3646 -0.3611 -0.3478 -0.3190 -0.2655 -0.1791 -0.0806 -0.0119 0.0316 0.0656 0.0958 0.1253 0.1557 0.1868 0.2136 0.2153 0.1268 -0.0378 -0.1197 -0.1554 -0.1805 -0.2008 -0.2188 -0.2354 -0.2513 -0.2666 -0.2816 -0.2963 -0.3105 -0.3241 -0.3367 -0.3480 -0.3571 -0.3631 -0.3647 -0.3606 -0.3523 -0.3470 -0.3523 -0.3606 -0.3647 -0.3631 -0.3571 -0.3480 -0.3367 -0.3241 -0.3105 -0.2963 -0.2816 -0.2666 -0.2513 -0.2354 -0.2188 -0.2008 -0.1805 -0.1554 -0.1197 -0.0378 0.1268 0.2153 0.2136 0.1868 0.1557 0.1253 0.0958 0.0656 0.0316 -0.0119 -0.0806 -0.1791 -0.2655 -0.3190 -0.3478 -0.3611 -0.3646 -0.3617 -0.3546 -0.3447 -0.3329 -0.3198 -0.3058 -0.2913 -0.2764 -0.2610 -0.2451 -0.2286 -0.2110 -0.1897
-0.2089 -0.2281 -0.2448 -0.2608 -0.2762 -0.2913 -0.3060 -0.3200 -0.3331 -0.3450 -0.3549 -0.3619 -0.3646 -0.3609 -0.3472 -0.3176 -0.2630 -0.1754 -0.0774 -0.0100 0.0330 0.0667 0.0968 0.1264 0.1568 0.1880 0.2144 0.2142 0.1204 -0.0423 -0.1214 -0.1564 -0.1813 -0.2016 -0.2195 -0.2361 -0.2519 -0.2672 -0.2822 -0.2968 -0.3110 -0.3246 -0.3372 -0.3484 -0.3574 -0.3633 -0.3644 -0.3587 -0.3446 -0.3243 -0.3125 -0.3243 -0.3446 -0.3587 -0.3644 -0.3633 -0.3574 -0.3484 -0.3372 -0.3246 -0.3110 -0.2968 -0.2822 -0.2672 -0.2519 -0.2361 -0.2195 -0.2016 -0.1813 -0.1564 -0.1214 -0.0423 0.1204 0.2142 0.2144 0.1880 0.1568 0.1264 0.0968 0.0667 0.0330 -0.0100 -0.0774 -0.1754 -0.2630 -0.3176 -0.3472 -0.3609 -0.3646 -0.3619 -0.3549 -0.3450 -0.3331 -0.3200 -0.3060 -0.2913 -0.2762 -0.2608 -0.2448 -0.2281 -0.2089
-0.2264 -0.2443 -0.2603 -0.2759 -0.2911 -0.3058 -0.3200 -0.3332 -0.3451 -0.3550 -0.3620 -0.3646 -0.3607 -0.3466 -0.3163 -0.2606 -0.1719 -0.0744 -0.0081 0.0343 0.0679 0.0979 0.1275 0.1580 0.1891 0.2151 0.2131 0.1140 -0.0466 -0.1230 -0.1575 -0.1821 -0.2022 -0.2201 -0.2367 -0.2524 -0.2678 -0.2827 -0.2973 -0.3115 -0.3251 -0.3376 -0.3488 -0.3577 -0.3634 -0.3642 -0.3578 -0.3407 -0.3099 -0.2699 -0.2476 -0.2699 -0.3099 -0.3407 -0.3578 -0.3642 -0.3634 -0.3577 -0.3488 -0.3376 -0.3251 -0.3115 -0.2973 -0.2827 -0.2678 -0.2524 -0.2367 -0.2201 -0.2022 -0.1821 -0.1575 -0.1230 -0.0466 0.1140 0.2131 0.2151 0.1891 0.1580 0.1275 0.0979 0.0679 0.0343 -0.0081 -0.0744 -0.1719 -0.2606 -0.3163 -0.3466 -0.3607 -0.3646 -0.3620 -0.3550 -0.3451 -0.3332 -0.3200 -0.3058 -0.2911 -0.2759 -0.2603 -0.2443 -0.2264
-0.2427 -0.2598 -0.2755 -0.2908 -0.3056 -0.3198 -0.3331 -0.3451 -0.3551 -0.3621 -0.3646 -0.3605 -0.3461 -0.3153 -0.2586 -0.1688 -0.0717 -0.0063 0.0356 0.0690 0.0990 0.1286 0.1591 0.1902 0.2157 0.2118 0.1073 -0.0508 -0.1246 -0.1585 -0.1829 -0.2029 -0.2207 -0.2372 -0.2530 -0.2683 -0.2833 -0.2979 -0.3120 -0.3255 -0.3381 -0.3491 -0.3580 -0.3635 -0.3641 -0.3572 -0.3387 -0.3030 -0.2456 -0.1790 -0.1469 -0.1790 -0.2456 -0.3030 -0.3387 -0.3572 -0.3641 -0.3635 -0.3580 -0.3491 -0.3381 -0.3255 -0.3120 -0.2979 -0.2833 -0.2683 -0.2530 -0.2372 -0.2207 -0.2029 -0.1829 -0.1585 -0.1246 -0.0508 0.1073 0.2118 0.2157 0.1902 0.1591 0.1286 0.0990 0.0690 0.0356 -0.0063 -0.0717 -0.1688 -0.2586 -0.3153 -0.3461 -0.3605 -0.3646 -0.3621 -0.3551 -0.3451 -0.3331 -0.3198 -0.3056 -0.2908 -0.2755 -0.2598 -0.2427
-0.2585 -0.2750 -0.2903 -0.3052 -0.3195 -0.3329 -0.3450 -0.3550 -0.3621 -0.3646 -0.3604 -0.3458 -0.3144 -0.2569 -0.1662 -0.0693 -0.0049 0.0368 0.0700 0.1001 0.1297 0.1603 0.1914 0.2164 0.2104 0.1005 -0.0550 -0.1262 -0.1596 -0.1837 -0.2036 -0.2214 -0.2379 -0.2536 -0.2689 -0.2838 -0.2984 -0.3126 -0.3260 -0.3385 -0.3495 -0.3583 -0.3637 -0.3640 -0.3567 -0.3374 -0.2994 -0.2345 -0.1467 -0.0755 -0.0504 -0.0755 -0.1467 -0.2345 -0.2994 -0.3374 -0.3567 -0.3640 -0.3637 -0.3583 -0.3495 -0.3385 -0.3260 -0.3126 -0.2984 -0.2838 -0.2689 -0.2536 -0.2379 -0.2214 -0.2036 -0.1837 -0.1596 -0.1262 -0.0550 0.1005 0.2104 0.2164 0.1914 0.1603 0.1297 0.1001 0.0700 0.0368 -0.0049 -0.0693 -0.1662 -0.2569 -0.3144 -0.3458 -0.3604 -0.3646 -0.3621 -0.3550 -0.3450 -0.3329 -0.3195 -0.3052 -0.2903 -0.2750 -0.2585
-0.2738 -0.2898 -0.3047 -0.3191 -0.3325 -0.3447 -0.3549 -0.3620 -0.3646 -0.3604 -0.3457 -0.3140 -0.2559 -0.1644 -0.0676 -0.0036 0.0377 0.0710 0.1010 0.1306 0.1613 0.1924 0.2169 0.2089 0.0937 -0.0589 -0.1277 -0.1606 -0.1845 -0.2043 -0.2220 -0.2385 -0.2542 -0.2695 -0.2844 -0.2989 -0.3131 -0.3265 -0.3390 -0.3499 -0.3585 -0.3638 -0.3639 -0.3562 -0.3363 -0.2970 -0.2287 -0.1335 -0.0516 -0.0065 0.0085 -0.0065 -0.0516 -0.1335 -0.2287 -0.2970 -0.3363 -0.3562 -0.3639 -0.3638 -0.3585 -0.3499 -0.3390 -0.3265 -0.3131 -0.2989 -0.2844 -0.2695 -0.2542 -0.2385 -0.2220 -0.2043 -0.1845 -0.1606 -0.1277 -0.0589 0.0937 0.2089 0.2169 0.1924 0.1613 0.1306 0.1010 0.0710 0.0377 -0.0036 -0.0676 -0.1644 -0.2559 -0.3140 -0.3457 -0.3604 -0.3646 -0.3620 -0.3549 -0.3447 -0.3325 -0.3191 -0.3047 -0.2898 -0.2738
-0.2889 -0.3042 -0.3186 -0.3321 -0.3444 -0.3546 -0.3619 -0.3646 -0.3605 -0.3458 -0.3140 -0.2555 -0.1633 -0.0665 -0.0028 0.0385 0.0717 0.1017 0.1315 0.1623 0.1934 0.2174 0.2074 0.0872 -0.0627 -0.1292 -0.1616 -0.1853 -0.2050 -0.2226 -0.2391 -0.2548 -0.2700 -0.2849 -0.2995 -0.3136 -0.3270 -0.3394 -0.3503 -0.3588 -0.3639 -0.3637 -0.3557 -0.3352 -0.2949 -0.2247 -0.1269 -0.0429 0.0075 0.0369 0.0482 0.0369 0.0075 -0.0429 -0.1269 -0.2247 -0.2949 -0.3352 -0.3557 -0.3637 -0.3639 -0.3588 -0.3503 -0.3394 -0.3270 -0.3136 -0.2995 -0.2849 -0.2700 -0.2548 -0.2391 -0.2226 -0.2050 -0.1853 -0.1616 -0.1292 -0.0627 0.0872 0.2074 0.2174 0.1934 0.1623 0.1315 0.1017 0.0717 0.0385 -0.0028 -0.0665 -0.1633 -0.2555 -0.3140 -0.3458 -0.3605 -0.3646 -0.3619 -0.3546 -0.3444 -0.3321 -0.3186 -0.3042 -0.2889
-0.3036 -0.3181 -0.3317 -0.3440 -0.3544 -0.3617 -0.3646 -0.3607 -0.3461 -0.3144 -0.2559 -0.1633 -0.0661 -0.0023 0.0390 0.0722 0.1024 0.1322 0.1631 0.1942 0.2178 0.2059 0.0812 -0.0662 -0.1306 -0.1626 -0.1861 -0.2057 -0.2233 -0.2396 -0.2553 -0.2706 -0.2855 -0.3000 -0.3141 -0.3275 -0.3398 -0.3506 -0.3591 -0.3640 -0.3636 -0.3552 -0.3341 -0.2928 -0.2213 -0.1223 -0.0387 0.0128 0.0473 0.0713 0.0811 0.0713 0.0473 0.0128 -0.0387 -0.1223 -0.2213 -0.2928 -0.3341 -0.3552 -0.3636 -0.3640 -0.3591 -0.3506 -0.3398 -0.3275 -0.3141 -0.3000 -0.2855 -0.2706 -0.2553 -0.2396 -0.2233 -0.2057 -0.1861 -0.1626 -0.1306 -0.0662 0.0812 0.2059 0.2178 0.1942 0.1631 0.1322 0.1024 0.0722 0.0390 -0.0023 -0.0661 -0.1633 -0.2559 -0.3144 -0.3461 -0.3607 -0.3646 -0.3617 -0.3544 -0.3440 -0.3317 -0.3181 -0.3036
-0.3179 -0.3312 -0.3436 -0.3540 -0.3616 -0.3646 -0.3609 -0.3466 -0.3153 -0.2569 -0.1644 -0.0665 -0.0023 0.0392 0.0725 0.1027 0.1327 0.1637 0.1949 0.2182 0.2046 0.0756 -0.0692 -0.1319 -0.1635 -0.1868 -0.2064 -0.2239 -0.2403 -0.2559 -0.2712 -0.2860 -0.3006 -0.3146 -0.3280 -0.3403 -0.3510 -0.3593 -0.3641 -0.3635 -0.3547 -0.3330 -0.2908 -0.2179 -0.1184 -0.0357 0.0155 0.0514 0.0802 0.1023 0.1117 0.1023 0.0802 0.0514 0.0155 -0.0357 -0.1184 -0.2179 -0.2908 -0.3330 -0.3547 -0.3635 -0.3641 -0.3593 -0.3510 -0.3403 -0.3280 -0.3146 -0.3006 -0.2860 -0.2712 -0.2559 -0.2403 -0.2239 -0.2064 -0.1868 -0.1635 -0.1319 -0.0692 0.0756 0.2046 0.2182 0.1949 0.1637 0.1327 0.1027 0.0725 0.0392 -0.0023 -0.0665 -0.1644 -0.2569 -0.3153 -0.3466 -0.3609 -0.3646 -0.3616 -0.3540 -0.3436 -0.3312 -0.3179
-0.3315 -0.3432 -0.3537 -0.3614 -0.3646 -0.3611 -0.3472 -0.3163 -0.2586 -0.1662 -0.0676 -0.0028 0.0390 0.0725 0.1029 0.1330 0.1641 0.1953 0.2184 0.2034 0.0710 -0.0719 -0.1330 -0.1643 -0.1875 -0.2070 -0.2245 -0.2408 -0.2565 -0.2717 -0.2866 -0.3011 -0.3151 -0.3285 -0.3407 -0.3514 -0.3596 -0.3642 -0.3633 -0.3541 -0.3318 -0.2887 -0.2144 -0.1146 -0.0332 0.0174 0.0535 0.0838 0.1109 0.1330 0.1427 0.1330 0.1109 0.0838 0.0535 0.0174 -0.0332 -0.1146 -0.2144 -0.2887 -0.3318 -0.3541 -0.3633 -0.3642 -0.3596 -0.3514 -0.3407 -0.3285 -0.3151 -0.3011 -0.2866 -0.2717 -0.2565 -0.2408 -0.2245 -0.2070 -0.1875 -0.1643 -0.1330 -0.0719 0.0710 0.2034 0.2184 0.1953 0.1641 0.1330 0.1029 0.0725 0.0390 -0.0028 -0.0676 -0.1662 -0.2586 -0.3163 -0.3472 -0.3611 -0.3646 -0.3614 -0.3537 -0.3432 -0.3315
-0.3441 -0.3534 -0.3611 -0.3646 -0.3614 -0.3478 -0.3176 -0.2606 -0.1688 -0.0693 -0.0036 0.0385 0.0722 0.1027 0.1330 0.1642 0.1956 0.2185 0.2025 0.0677 -0.0739 -0.1339 -0.1649 -0.1881 -0.2075 -0.2250 -0.2413 -0.2570 -0.2723 -0.2871 -0.3016 -0.3156 -0.3289 -0.3411 -0.3517 -0.3598 -0.3642 -0.3631 -0.3535 -0.3306 -0.2865 -0.2110 -0.1109 -0.0308 0.0190 0.0550 0.0857 0.1145 0.1419 0.1648 0.1748 0.1648 0.1419 0.1145 0.0857 0.0550 0.0190 -0.0308 -0.1109 -0.2110 -0.2865 -0.3306 -0.3535 -0.3631 -0.3642 -0.3598 -0.3517 -0.3411 -0.3289 -0.3156 -0.3016 -0.2871 -0.2723 -0.2570 -0.2413 -0.2250 -0.2075 -0.1881 -0.1649 -0.1339 -0.0739 0.0677 0.2025 0.2185 0.1956 0.1642 0.1330 0.1027 0.0722 0.0385 -0.0036 -0.0693 -0.1688 -0.2606 -0.3176 -0.3478 -0.3614 -0.3646 -0.3611 -0.3534 -0.3441
-0.3552 -0.3609 -0.3646 -0.3617 -0.3485 -0.3190 -0.2630 -0.1719 -0.0717 -0.0049 0.0377 0.0717 0.1024 0.1327 0.1641 0.1956 0.2186 0.2020 0.0656 -0.0753 -0.1346 -0.1655 -0.1886 -0.2080 -0.2255 -0.2418 -0.2575 -0.2727 -0.2876 -0.3021 -0.3161 -0.3294 -0.3416 -0.3521 -0.3601 -0.3643 -0.3629 -0.3530 -0.3295 -0.2843 -0.2076 -0.1074 -0.0285 0.0205 0.0562 0.0871 0.1164 0.1456 0.1740 0.1964 0.2049 0.1964 0.1740 0.1456 0.1164 0.0871 0.0562 0.0205 -0.0285 -0.1074 -0.2076 -0.2843 -0.3295 -0.3530 -0.3629 -0.3643 -0.3601 -0.3521 -0.3416 -0.3294 -0.3161 -0.3021 -0.2876 -0.2727 -0.2575 -0.2418 -0.2255 -0.2080 -0.1886 -0.1655 -0.1346 -0.0753 0.0656 0.2020 0.2186 0.1956 0.1641 0.1327 0.1024 0.0717 0.0377 -0.0049 -0.0717 -0.1719 -0.2630 -0.3190 -0.3485 -0.3617 -0.3646 -0.3609 -0.3552
-0.3640 -0.3645 -0.3619 -0.3493 -0.3204 -0.2655 -0.1754 -0.0744 -0.0063 0.0368 0.0710 0.1017 0.1322 0.1637 0.1953 0.2185 0.2020 0.0649 -0.0760 -0.1350 -0.1659 -0.1890 -0.2084 -0.2259 -0.2422 -0.2579 -0.2732 -0.2881 -0.3026 -0.3166 -0.3299 -0.3420 -0.3524 -0.3603 -0.3644 -0.3628 -0.3524 -0.3282 -0.2821 -0.2041 -0.1038 -0.0263 0.0219 0.0574 0.0882 0.1176 0.1475 0.1779 0.2046 0.2178 0.2176 0.2178 0.2046 0.1779 0.1475 0.1176 0.0882 0.0574 0.0219 -0.0263 -0.1038 -0.2041 -0.2821 -0.3282 -0.3524 -0.3628 -0.3644 -0.3603 -0.3524 -0.3420 -0.3299 -0.3166 -0.3026 -0.2881 -0.2732 -0.2579 -0.2422 -0.2259 -0.2084 -0.1890 -0.1659 -0.1350 -0.0760 0.0649 0.2020 0.2185 0.1953 0.1637 0.1322 0.1017 0.0710 0.0368 -0.0063 -0.0744 -0.1754 -0.2655 -0.3204 -0.3493 -0.3619 -0.3645 -0.3640
-0.3692 -0.3621 -0.3499 -0.3219 -0.2681 -0.1791 -0.0774 -0.0081 0.0356 0.0700 0.1010 0.1315 0.1631 0.1949 0.2184 0.2025 0.0656 -0.0760 -0.1352 -0.1661 -0.1892 -0.2086 -0.2261 -0.2425 -0.2583 -0.2736 -0.2885 -0.3030 -0.3170 -0.3303 -0.3424 -0.3527 -0.3605 -0.3644 -0.3626 -0.3518 -0.3270 -0.2798 -0.2005 -0.1002 -0.0240 0.0234 0.0587 0.0893 0.1188 0.1489 0.1798 0.2079 0.2190 0.1930 0.1629 0.1930 0.2190 0.2079 0.1798 0.1489 0.1188 0.0893 0.0587 0.0234 -0.0240 -0.1002 -0.2005 -0.2798 -0.3270 -0.3518 -0.3626 -0.3644 -0.3605 -0.3527 -0.3424 -0.3303 -0.3170 -0.3030 -0.2885 -0.2736 -0.2583 -0.2425 -0.2261 -0.2086 -0.1892 -0.1661 -0.1352 -0.0760 0.0656 0.2025 0.2184 0.1949 0.1631 0.1315 0.1010 0.0700 0.0356 -0.0081 -0.0774 -0.1791 -0.2681 -0.3219 -0.3499 -0.3621 -0.3692
-0.3690 -0.3505 -0.3232 -0.2706 -0.1829 -0.0806 -0.0100 0.0343 0.0690 0.1001 0.1306 0.1623 0.1942 0.2182 0.2034 0.0677 -0.0753 -0.1350 -0.1661 -0.1893 -0.2088 -0.2263 -0.2428 -0.2585 -0.2738 -0.2888 -0.3033 -0.3174 -0.3306 -0.3427 -0.3530 -0.3607 -0.3645 -0.3623 -0.3511 -0.3256 -0.2774 -0.1969 -0.0967 -0.0218 0.0249 0.0599 0.0905 0.1199 0.1501 0.1812 0.2095 0.2187 0.1696 0.0487 -0.0047 0.0487 0.1696 0.2187 0.2095 0.1812 0.1501 0.1199 0.0905 0.0599 0.0249 -0.0218 -0.0967 -0.1969 -0.2774 -0.3256 -0.3511 -0.3623 -0.3645 -0.3607 -0.3530 -0.3427 -0.3306 -0.3174 -0.3033 -0.2888 -0.2738 -0.2585 -0.2428 -0.2263 -0.2088 -0.1893 -0.1661 -0.1350 -0.0753 0.0677 0.2034 0.2182 0.1942 0.1623 0.1306 0.1001 0.0690 0.0343 -0.0100 -0.0806 -0.1829 -0.2706 -0.3232 -0.3505 -0.3690
-0.3603 -0.3245 -0.2731 -0.1867 -0.0838 -0.0119 0.0330 0.0679 0.0990 0.1297 0.1613 0.1934 0.2178 0.2046 0.0710 -0.0739 -0.1346 -0.1659 -0.1892 -0.2088 -0.2264 -0.2429 -0.2587 -0.2740 -0.2890 -0.3036 -0.3177 -0.3309 -0.3430 -0.3533 -0.3609 -0.3645 -0.3621 -0.3505 -0.3244 -0.2751 -0.1933 -0.0933 -0.0197 0.0263 0.0610 0.0916 0.1210 0.1513 0.1824 0.2105 0.2182 0.1555 -0.0014 -0.0855 -0.1062 -0.0855 -0.0014 0.1555 0.2182 0.2105 0.1824 0.1513 0.1210 0.0916 0.0610 0.0263 -0.0197 -0.0933 -0.1933 -0.2751 -0.3244 -0.3505 -0.3621 -0.3645 -0.3609 -0.3533 -0.3430 -0.3309 -0.3177 -0.3036 -0.2890 -0.2740 -0.2587 -0.2429 -0.2264 -0.2088 -0.1892 -0.1659 -0.1346 -0.0739 0.0710 0.2046 0.2178 0.1934 0.1613 0.1297 0.0990 0.0679 0.0330 -0.0119 -0.0838 -0.1867 -0.2731 -0.3245 -0.3603
-0.3381 -0.2754 -0.1903 -0.0872 -0.0139 0.0316 0.0667 0.0979 0.1286 0.1603 0.1924 0.2174 0.2059 0.0756 -0.0719 -0.1339 -0.1655 -0.1890 -0.2086 -0.2263 -0.2429 -0.2587 -0.2741 -0.2892 -0.3038 -0.3179 -0.3312 -0.3432 -0.3535 -0.3611 -0.3646 -0.3620 -0.3500 -0.3233 -0.2729 -0.1899 -0.0900 -0.0176 0.0277 0.0622 0.0927 0.1221 0.1524 0.1836 0.2114 0.2176 0.1456 -0.0195 -0.1078 -0.1383 -0.1482 -0.1383 -0.1078 -0.0195 0.1456 0.2176 0.2114 0.1836 0.1524 0.1221 0.0927 0.0622 0.0277 -0.0176 -0.0900 -0.1899 -0.2729 -0.3233 -0.3500 -0.3620 -0.3646 -0.3611 -0.3535 -0.3432 -0.3312 -0.3179 -0.3038 -0.2892 -0.2741 -0.2587 -0.2429 -0.2263 -0.2086 -0.1890 -0.1655 -0.1339 -0.0719 0.0756 0.2059 0.2174 0.1924 0.1603 0.1286 0.0979 0.0667 0.0316 -0.0139 -0.0872 -0.1903 -0.2754 -0.3381
-0.2937 -0.1939 -0.0906 -0.0160 0.0302 0.0656 0.0968 0.1275 0.1591 0.1914 0.2169 0.2074 0.0812 -0.0692 -0.1330 -0.1649 -0.1886 -0.2084 -0.2261 -0.2428 -0.2587 -0.2741 -0.2892 -0.3039 -0.3180 -0.3313 -0.3434 -0.3537 -0.3612 -0.3646 -0.3618 -0.3495 -0.3222 -0.2709 -0.1867 -0.0870 -0.0157 0.0290 0.0634 0.0938 0.1233 0.1536 0.1847 0.2122 0.2169 0.1385 -0.0281 -0.1147 -0.1491 -0.1689 -0.1760 -0.1689 -0.1491 -0.1147 -0.0281 0.1385 0.2169 0.2122 0.1847 0.1536 0.1233 0.0938 0.0634 0.0290 -0.0157 -0.0870 -0.1867 -0.2709 -0.3222 -0.3495 -0.3618 -0.3646 -0.3612 -0.3537 -0.3434 -0.3313 -0.3180 -0.3039 -0.2892 -0.2741 -0.2587 -0.2428 -0.2261 -0.2084 -0.1886 -0.1649 -0.1330 -0.0692 0.0812 0.2074 0.2169 0.1914 0.1591 0.1275 0.0968 0.0656 0.0302 -0.0160 -0.0906 -0.1939 -0.2937
-0.2154 -0.0939 -0.0180 0.0288 0.0644 0.0958 0.1264 0.1580 0.1902 0.2164 0.2089 0.0872 -0.0662 -0.1319 -0.1643 -0.1881 -0.2080 -0.2259 -0.2425 -0.2585 -0.2740 -0.2892 -0.3039 -0.3181 -0.3314 -0.3435 -0.3538 -0.3613 -0.3646 -0.3617 -0.3491 -0.3212 -0.2691 -0.1838 -0.0843 -0.0140 0.0303 0.0645 0.0948 0.1244 0.1547 0.1859 0.2130 0.2160 0.1320 -0.0338 -0.1179 -0.1533 -0.1766 -0.1920 -0.1978 -0.1920 -0.1766 -0.1533 -0.1179 -0.0338 0.1320 0.2160 0.2130 0.1859 0.1547 0.1244 0.0948 0.0645 0.0303 -0.0140 -0.0843 -0.1838 -0.2691 -0.3212 -0.3491 -0.3617 -0.3646 -0.3613 -0.3538 -0.3435 -0.3314 -0.3181 -0.3039 -0.2892 -0.2740 -0.2585 -0.2425 -0.2259 -0.2080 -0.1881 -0.1643 -0.1319 -0.0662 0.0872 0.2089 0.2164 0.1902 0.1580 0.1264 0.0958 0.0644 0.0288 -0.0180 -0.0939 -0.2154
-0.1088 -0.0201 0.0274 0.0632 0.0947 0.1253 0.1568 0.1891 0.2157 0.2104 0.0937 -0.0627 -0.1306 -0.1635 -0.1875 -0.2075 -0.2255 -0.2422 -0.2583 -0.2738 -0.2890 -0.3038 -0.3180 -0.3314 -0.3436 -0.3538 -0.3613 -0.3646 -0.3616 -0.3488 -0.3205 -0.2675 -0.1813 -0.0819 -0.0125 0.0314 0.0655 0.0958 0.1254 0.1559 0.1870 0.2138 0.2151 0.1256 -0.0386 -0.1199 -0.1553 -0.1797 -0.1983 -0.2116 -0.2168 -0.2116 -0.1983 -0.1797 -0.1553 -0.1199 -0.0386 0.1256 0.2151 0.2138 0.1870 0.1559 0.1254 0.0958 0.0655 0.0314 -0.0125 -0.0819 -0.1813 -0.2675 -0.3205 -0.3488 -0.3616 -0.3646 -0.3613 -0.3538 -0.3436 -0.3314 -0.3180 -0.3038 -0.2890 -0.2738 -0.2583 -0.2422 -0.2255 -0.2075 -0.1875 -0.1635 -0.1306 -0.0627 0.0937 0.2104 0.2157 0.1891 0.1568 0.1253 0.0947 0.0632 0.0274 -0.0201 -0.1088
-0.0235 0.0260 0.0620 0.0935 0.1241 0.1557 0.1880 0.2151 0.2118 0.1005 -0.0589 -0.1292 -0.1626 -0.1868 -0.2070 -0.2250 -0.2418 -0.2579 -0.2736 -0.2888 -0.3036 -0.3179 -0.3313 -0.3435 -0.3538 -0.3613 -0.3646 -0.3615 -0.3485 -0.3199 -0.2663 -0.1793 -0.0800 -0.0111 0.0324 0.0664 0.0967 0.1263 0.1569 0.1881 0.2145 0.2140 0.1192 -0.0431 -0.1217 -0.1566 -0.1812 -0.2009 -0.2172 -0.2293 -0.2343 -0.2293 -0.2172 -0.2009 -0.1812 -0.1566 -0.1217 -0.0431 0.1192 0.2140 0.2145 0.1881 0.1569 0.1263 0.0967 0.0664 0.0324 -0.0111 -0.0800 -0.1793 -0.2663 -0.3199 -0.3485 -0.3615 -0.3646 -0.3613 -0.3538 -0.3435 -0.3313 -0.3179 -0.3036 -0.2888 -0.2736 -0.2579 -0.2418 -0.2250 -0.2070 -0.1868 -0.1626 -0.1292 -0.0589 0.1005 0.2118 0.2151 0.1880 0.1557 0.1241 0.0935 0.0620 0.0260 -0.0235
0.0287 0.0609 0.0925 0.1230 0.1545 0.1868 0.2144 0.2131 0.1073 -0.0550 -0.1277 -0.1616 -0.1861 -0.2064 -0.2245 -0.2413 -0.2575 -0.2732 -0.2885 -0.3033 -0.3177 -0.3312 -0.3434 -0.3538 -0.3613 -0.3646 -0.3615 -0.3484 -0.3195 -0.2655 -0.1778 -0.0785 -0.0101 0.0332 0.0671 0.0974 0.1271 0.1578 0.1890 0.2151 0.2130 0.1130 -0.0473 -0.1233 -0.1577 -0.1822 -0.2022 -0.2195 -0.2346 -0.2461 -0.2508 -0.2461 -0.2346 -0.2195 -0.2022 -0.1822 -0.1577 -0.1233 -0.0473 0.1130 0.2130 0.2151 0.1890 0.1578 0.1271 0.0974 0.0671 0.0332 -0.0101 -0.0785 -0.1778 -0.2655 -0.3195 -0.3484 -0.3615 -0.3646 -0.3613 -0.3538 -0.3434 -0.3312 -0.3177 -0.3033 -0.2885 -0.2732 -0.2575 -0.2413 -0.2245 -0.2064 -0.1861 -0.1616 -0.1277 -0.0550 0.1073 0.2131 0.2144 0.1868 0.1545 0.1230 0.0925 0.0609 0.0287
0.0663 0.0914 0.1219 0.1533 0.1857 0.2136 0.2142 0.1140 -0.0508 -0.1262 -0.1606 -0.1853 -0.2057 -0.2239 -0.2408 -0.2570 -0.2727 -0.2881 -0.3030 -0.3174 -0.3309 -0.3432 -0.3537 -0.3613 -0.3646 -0.3615 -0.3484 -0.3194 -0.2650 -0.1769 -0.0774 -0.0094 0.0338 0.0678 0.0981 0.1278 0.1586 0.1899 0.2156 0.2120 0.1073 -0.0511 -0.1248 -0.1587 -0.1830 -0.2030 -0.2207 -0.2367 -0.2511 -0.2622 -0.2668 -0.2622 -0.2511 -0.2367 -0.2207 -0.2030 -0.1830 -0.1587 -0.1248 -0.0511 0.1073 0.2120 0.2156 0.1899 0.1586 0.1278 0.0981 0.0678 0.0338 -0.0094 -0.0774 -0.1769 -0.2650 -0.3194 -0.3484 -0.3615 -0.3646 -0.3613 -0.3537 -0.3432 -0.3309 -0.3174 -0.3030 -0.2881 -0.2727 -0.2570 -0.2408 -0.2239 -0.2057 -0.1853 -0.1606 -0.1262 -0.0508 0.1140 0.2142 0.2136 0.1857 0.1533 0.1219 0.0914 0.0663
0.0985 0.1208 0.1522 0.1845 0.2129 0.2153 0.1204 -0.0466 -0.1246 -0.1596 -0.1845 -0.2050 -0.2233 -0.2403 -0.2565 -0.2723 -0.2876 -0.3026 -0.3170 -0.3306 -0.3430 -0.3535 -0.3612 -0.3646 -0.3616 -0.3485 -0.3195 -0.2650 -0.1766 -0.0769 -0.0089 0.0342 0.0682 0.0986 0.1284 0.1593 0.1906 0.2160 0.2110 0.1021 -0.0545 -0.1261 -0.1596 -0.1838 -0.2037 -0.2214 -0.2378 -0.2531 -0.2670 -0.2779 -0.2825 -0.2779 -0.2670 -0.2531 -0.2378 -0.2214 -0.2037 -0.1838 -0.1596 -0.1261 -0.0545 0.1021 0.2110 0.2160 0.1906 0.1593 0.1284 0.0986 0.0682 0.0342 -0.0089 -0.0769 -0.1766 -0.2650 -0.3195 -0.3485 -0.3616 -0.3646 -0.3612 -0.3535 -0.3430 -0.3306 -0.3170 -0.3026 -0.2876 -0.2723 -0.2565 -0.2403 -0.2233 -0.2050 -0.1845 -0.1596 -0.1246 -0.0466 0.1204 0.2153 0.2129 0.1845 0.1522 0.1208 0.0985
0.1295 0.1511 0.1834 0.2121 0.2162 0.1268 -0.0423 -0.1230 -0.1585 -0.1837 -0.2043 -0.2226 -0.2396 -0.2559 -0.2717 -0.2871 -0.3021 -0.3166 -0.3303 -0.3427 -0.3533 -0.3611 -0.3646 -0.3617 -0.3488 -0.3199 -0.2655 -0.1769 -0.0769 -0.0087 0.0345 0.0685 0.0989 0.1289 0.1598 0.1912 0.2164 0.2100 0.0974 -0.0574 -0.1273 -0.1604 -0.1845 -0.2044 -0.2221 -0.2385 -0.2541 -0.2690 -0.2826 -0.2933 -0.2977 -0.2933 -0.2826 -0.2690 -0.2541 -0.2385 -0.2221 -0.2044 -0.1845 -0.1604 -0.1273 -0.0574 0.0974 0.2100 0.2164 0.1912 0.1598 0.1289 0.0989 0.0685 0.0345 -0.0087 -0.0769 -0.1769 -0.2655 -0.3199 -0.3488 -0.3617 -0.3646 -0.3611 -0.3533 -0.3427 -0.3303 -0.3166 -0.3021 -0.2871 -0.2717 -0.2559 -0.2396 -0.2226 -0.2043 -0.1837 -0.1585 -0.1230 -0.0423 0.1268 0.2162 0.2121 0.1834 0.1511 0.1295
0.1615 0.1822 0.2113 0.2170 0.1332 -0.0378 -0.1214 -0.1575 -0.1829 -0.2036 -0.2220 -0.2391 -0.2553 -0.2712 -0.2866 -0.3016 -0.3161 -0.3299 -0.3424 -0.3530 -0.3609 -0.3646 -0.3618 -0.3491 -0.3205 -0.2663 -0.1778 -0.0774 -0.0089 0.0345 0.0686 0.0991 0.1291 0.1601 0.1916 0.2167 0.2092 0.0934 -0.0599 -0.1284 -0.1612 -0.1851 -0.2049 -0.2226 -0.2391 -0.2548 -0.2699 -0.2844 -0.2977 -0.3082 -0.3126 -0.3082 -0.2977 -0.2844 -0.2699 -0.2548 -0.2391 -0.2226 -0.2049 -0.1851 -0.1612 -0.1284 -0.0599 0.0934 0.2092 0.2167 0.1916 0.1601 0.1291 0.0991 0.0686 0.0345 -0.0089 -0.0774 -0.1778 -0.2663 -0.3205 -0.3491 -0.3618 -0.3646 -0.3609 -0.3530 -0.3424 -0.3299 -0.3161 -0.3016 -0.2866 -0.2712 -0.2553 -0.2391 -0.2220 -0.2036 -0.1829 -0.1575 -0.1214 -0.0378 0.1332 0.2170 0.2113 0.1822 0.1615
0.1947 0.2104 0.2177 0.1393 -0.0331 -0.1197 -0.1564 -0.1821 -0.2029 -0.2214 -0.2385 -0.2548 -0.2706 -0.2860 -0.3011 -0.3156 -0.3294 -0.3420 -0.3527 -0.3607 -0.3645 -0.3620 -0.3495 -0.3212 -0.2675 -0.1793 -0.0785 -0.0094 0.0342 0.0685 0.0991 0.1292 0.1603 0.1919 0.2168 0.2086 0.0903 -0.0620 -0.1292 -0.1618 -0.1856 -0.2054 -0.2231 -0.2395 -0.2553 -0.2705 -0.2853 -0.2995 -0.3124 -0.3225 -0.3268 -0.3225 -0.3124 -0.2995 -0.2853 -0.2705 -0.2553 -0.2395 -0.2231 -0.2054 -0.1856 -0.1618 -0.1292 -0.0620 0.0903 0.2086 0.2168 0.1919 0.1603 0.1292 0.0991 0.0685 0.0342 -0.0094 -0.0785 -0.1793 -0.2675 -0.3212 -0.3495 -0.3620 -0.3645 -0.3607 -0.3527 -0.3420 -0.3294 -0.3156 -0.3011 -0.2860 -0.2706 -0.2548 -0.2385 -0.2214 -0.2029 -0.1821 -0.1564 -0.1197 -0.0331 0.1393 0.2177 0.2104 0.1947
0.2245 0.2183 0.1452 -0.0284 -0.1180 -0.1554 -0.1813 -0.2022 -0.2207 -0.2379 -0.2542 -0.2700 -0.2855 -0.3006 -0.3151 -0.3289 -0.3416 -0.3524 -0.3605 -0.3645 -0.3621 -0.3500 -0.3222 -0.2691 -0.1813 -0.0800 -0.0101 0.0338 0.0682 0.0989 0.1291 0.1603 0.1919 0.2169 0.2082 0.0883 -0.0634 -0.1299 -0.1623 -0.1861 -0.2058 -0.2235 -0.2400 -0.2557 -0.2710 -0.2859 -0.3004 -0.3141 -0.3265 -0.3360 -0.3399 -0.3360 -0.3265 -0.3141 -0.3004 -0.2859 -0.2710 -0.2557 -0.2400 -0.2235 -0.2058 -0.1861 -0.1623 -0.1299 -0.0634 0.0883 0.2082 0.2169 0.1919 0.1603 0.1291 0.0989 0.0682 0.0338 -0.0101 -0.0800 -0.1813 -0.2691 -0.3222 -0.3500 -0.3621 -0.3645 -0.3605 -0.3524 -0.3416 -0.3289 -0.3151 -0.3006 -0.2855 -0.2700 -0.2542 -0.2379 -0.2207 -0.2022 -0.1813 -0.1554 -0.1180 -0.0284 0.1452 0.2183 0.2245
0.2322 0.1510 -0.0235 -0.1163 -0.1543 -0.1805 -0.2016 -0.2201 -0.2372 -0.2536 -0.2695 -0.2849 -0.3000 -0.3146 -0.3285 -0.3411 -0.3521 -0.3603 -0.3644 -0.3623 -0.3505 -0.3233 -0.2709 -0.1838 -0.0819 -0.0111 0.0332 0.0678 0.0986 0.1289 0.1601 0.1919 0.2169 0.2081 0.0871 -0.0643 -0.1304 -0.1627 -0.1865 -0.2062 -0.2239 -0.2403 -0.2561 -0.2714 -0.2864 -0.3009 -0.3149 -0.3280 -0.3394 -0.3480 -0.3515 -0.3480 -0.3394 -0.3280 -0.3149 -0.3009 -0.2864 -0.2714 -0.2561 -0.2403 -0.2239 -0.2062 -0.1865 -0.1627 -0.1304 -0.0643 0.0871 0.2081 0.2169 0.1919 0.1601 0.1289 0.0986 0.0678 0.0332 -0.0111 -0.0819 -0.1838 -0.2709 -0.3233 -0.3505 -0.3623 -0.3644 -0.3603 -0.3521 -0.3411 -0.3285 -0.3146 -0.3000 -0.2849 -0.2695 -0.2536 -0.2372 -0.2201 -0.2016 -0.1805 -0.1543 -0.1163 -0.0235 0.1510 0.2322
0.1630 -0.0184 -0.1145 -0.1532 -0.1796 -0.2008 -0.2195 -0.2367 -0.2530 -0.2689 -0.2844 -0.2995 -0.3141 -0.3280 -0.3407 -0.3517 -0.3601 -0.3644 -0.3626 -0.3511 -0.3244 -0.2729 -0.1867 -0.0843 -0.0125 0.0324 0.0671 0.0981 0.1284 0.1598 0.1916 0.2168 0.2082 0.0871 -0.0646 -0.1306 -0.1629 -0.1867 -0.2065 -0.2241 -0.2406 -0.2564 -0.2718 -0.2868 -0.3014 -0.3154 -0.3287 -0.3407 -0.3507 -0.3578 -0.3606 -0.3578 -0.3507 -0.3407 -0.3287 -0.3154 -0.3014 -0.2868 -0.2718 -0.2564 -0.2406 -0.2241 -0.2065 -0.1867 -0.1629 -0.1306 -0.0646 0.0871 0.2082 0.2168 0.1916 0.1598 0.1284 0.0981 0.0671 0.0324 -0.0125 -0.0843 -0.1867 -0.2729 -0.3244 -0.3511 -0.3626 -0.3644 -0.3601 -0.3517 -0.3407 -0.3280 -0.3141 -0.2995 -0.2844 -0.2689 -0.2530 -0.2367 -0.2195 -0.2008 -0.1796 -0.1532 -0.1145 -0.0184 0.1630
-0.0124 -0.1128 -0.1521 -0.1788 -0.2001 -0.2188 -0.2361 -0.2524 -0.2683 -0.2838 -0.2989 -0.3136 -0.3275 -0.3403 -0.3514 -0.3598 -0.3643 -0.3628 -0.3518 -0.3256 -0.2751 -0.1899 -0.0870 -0.0140 0.0314 0.0664 0.0974 0.1278 0.1593 0.1912 0.2167 0.2086 0.0883 -0.0643 -0.1306 -0.1630 -0.1868 -0.2066 -0.2243 -0.2409 -0.2567 -0.2721 -0.2871 -0.3017 -0.3158 -0.3291 -0.3413 -0.3517 -0.3596 -0.3644 -0.3660 -0.3644 -0.3596 -0.3517 -0.3413 -0.3291 -0.3158 -0.3017 -0.2871 -0.2721 -0.2567 -0.2409 -0.2243 -0.2066 -0.1868 -0.1630 -0.1306 -0.0643 0.0883 0.2086 0.2167 0.1912 0.1593 0.1278 0.0974 0.0664 0.0314 -0.0140 -0.0870 -0.1899 -0.2751 -0.3256 -0.3518 -0.3628 -0.3643 -0.3598 -0.3514 -0.3403 -0.3275 -0.3136 -0.2989 -0.2838 -0.2683 -0.2524 -0.2361 -0.2188 -0.2001 -0.1788 -0.1521 -0.1128 -0.0124
-0.1060 -0.1510 -0.1779 -0.1994 -0.2182 -0.2354 -0.2519 -0.2678 -0.2833 -0.2984 -0.3131 -0.3270 -0.3398 -0.3510 -0.3596 -0.3642 -0.3629 -0.3524 -0.3270 -0.2774 -0.1933 -0.0900 -0.0157 0.0303 0.0655 0.0967 0.1271 0.1586 0.1906 0.2164 0.2092 0.0903 -0.0634 -0.1304 -0.1629 -0.1868 -0.2067 -0.2244 -0.2410 -0.2569 -0.2723 -0.2873 -0.3019 -0.3161 -0.3294 -0.3417 -0.3522 -0.3601 -0.3647 -0.3659 -0.3657 -0.3659 -0.3647 -0.3601 -0.3522 -0.3417 -0.3294 -0.3161 -0.3019 -0.2873 -0.2723 -0.2569 -0.2410 -0.2244 -0.2067 -0.1868 -0.1629 -0.1304 -0.0634 0.0903 0.2092 0.2164 0.1906 0.1586 0.1271 0.0967 0.0655 0.0303 -0.0157 -0.0900 -0.1933 -0.2774 -0.3270 -0.3524 -0.3629 -0.3642 -0.3596 -0.3510 -0.3398 -0.3270 -0.3131 -0.2984 -0.2833 -0.2678 -0.2519 -0.2354 -0.2182 -0.1994 -0.1779 -0.1510 -0.1060
-0.1470 -0.1771 -0.1987 -0.2175 -0.2348 -0.2513 -0.2672 -0.2827 -0.2979 -0.3126 -0.3265 -0.3394 -0.3506 -0.3593 -0.3642 -0.3631 -0.3530 -0.3282 -0.2798 -0.1969 -0.0933 -0.0176 0.0290 0.0645 0.0958 0.1263 0.1578 0.1899 0.2160 0.2100 0.0934 -0.0620 -0.1299 -0.1627 -0.1867 -0.2066 -0.2244 -0.2411 -0.2570 -0.2724 -0.2875 -0.3022 -0.3163 -0.3297 -0.3419 -0.3524 -0.3603 -0.3646 -0.3640 -0.3595 -0.3563 -0.3595 -0.3640 -0.3646 -0.3603 -0.3524 -0.3419 -0.3297 -0.3163 -0.3022 -0.2875 -0.2724 -0.2570 -0.2411 -0.2244 -0.2066 -0.1867 -0.1627 -0.1299 -0.0620 0.0934 0.2100 0.2160 0.1899 0.1578 0.1263 0.0958 0.0645 0.0290 -0.0176 -0.0933 -0.1969 -0.2798 -0.3282 -0.3530 -0.3631 -0.3642 -0.3593 -0.3506 -0.3394 -0.3265 -0.3126 -0.2979 -0.2827 -0.2672 -0.2513 -0.2348 -0.2175 -0.1987 -0.1771 -0.1470
-0.1742 -0.1980 -0.2169 -0.2342 -0.2507 -0.2666 -0.2822 -0.2973 -0.3120 -0.3260 -0.3390 -0.3503 -0.3591 -0.3641 -0.3633 -0.3535 -0.3295 -0.2821 -0.2005 -0.0967 -0.0197 0.0277 0.0634 0.0948 0.1254 0.1569 0.1890 0.2156 0.2110 0.0974 -0.0599 -0.1292 -0.1623 -0.1865 -0.2065 -0.2243 -0.2410 -0.2570 -0.2725 -0.2876 -0.3023 -0.3165 -0.3299 -0.3421 -0.3526 -0.3605 -0.3645 -0.3630 -0.3545 -0.3407 -0.3324 -0.3407 -0.3545 -0.3630 -0.3645 -0.3605 -0.3526 -0.3421 -0.3299 -0.3165 -0.3023 -0.2876 -0.2725 -0.2570 -0.2410 -0.2243 -0.2065 -0.1865 -0.1623 -0.1292 -0.0599 0.0974 0.2110 0.2156 0.1890 0.1569 0.1254 0.0948 0.0634 0.0277 -0.0197 -0.0967 -0.2005 -0.2821 -0.3295 -0.3535 -0.3633 -0.3641 -0.3591 -0.3503 -0.3390 -0.3260 -0.3120 -0.2973 -0.2822 -0.2666 -0.2507 -0.2342 -0.2169 -0.1980 -0.1742
-0.1957 -0.2163 -0.2336 -0.2501 -0.2661 -0.2816 -0.2968 -0.3115 -0.3255 -0.3385 -0.3499 -0.3588 -0.3640 -0.3635 -0.3541 -0.3306 -0.2843 -0.2041 -0.1002 -0.0218 0.0263 0.0622 0.0938 0.1244 0.1559 0.1881 0.2151 0.2120 0.1021 -0.0574 -0.1284 -0.1618 -0.1861 -0.2062 -0.2241 -0.2409 -0.2569 -0.2724 -0.2876 -0.3023 -0.3165 -0.3300 -0.3423 -0.3528 -0.3606 -0.3645 -0.3625 -0.3521 -0.3308 -0.3015 -0.2846 -0.3015 -0.3308 -0.3521 -0.3625 -0.3645 -0.3606 -0.3528 -0.3423 -0.3300 -0.3165 -0.3023 -0.2876 -0.2724 -0.2569 -0.2409 -0.2241 -0.2062 -0.1861 -0.1618 -0.1284 -0.0574 0.1021 0.2120 0.2151 0.1881 0.1559 0.1244 0.0938 0.0622 0.0263 -0.0218 -0.1002 -0.2041 -0.2843 -0.3306 -0.3541 -0.3635 -0.3640 -0.3588 -0.3499 -0.3385 -0.3255 -0.3115 -0.2968 -0.2816 -0.2661 -0.2501 -0.2336 -0.2163 -0.1957
-0.2143 -0.2330 -0.2496 -0.2655 -0.2811 -0.2963 -0.3110 -0.3251 -0.3381 -0.3495 -0.3585 -0.3639 -0.3636 -0.3547 -0.3318 -0.2865 -0.2076 -0.1038 -0.0240 0.0249 0.0610 0.0927 0.1233 0.1547 0.1870 0.2145 0.2130 0.1073 -0.0545 -0.1273 -0.1612 -0.1856 -0.2058 -0.2239 -0.2406 -0.2567 -0.2723 -0.2875 -0.3023 -0.3165 -0.3300 -0.3423 -0.3528 -0.3606 -0.3645 -0.3623 -0.3511 -0.3264 -0.2840 -0.2304 -0.2017 -0.2304 -0.2840 -0.3264 -0.3511 -0.3623 -0.3645 -0.3606 -0.3528 -0.3423 -0.3300 -0.3165 -0.3023 -0.2875 -0.2723 -0.2567 -0.2406 -0.2239 -0.2058 -0.1856 -0.1612 -0.1273 -0.0545 0.1073 0.2130 0.2145 0.1870 0.1547 0.1233 0.0927 0.0610 0.0249 -0.0240 -0.1038 -0.2076 -0.2865 -0.3318 -0.3547 -0.3636 -0.3639 -0.3585 -0.3495 -0.3381 -0.3251 -0.3110 -0.2963 -0.2811 -0.2655 -0.2496 -0.2330 -0.2143
-0.2313 -0.2490 -0.2649 -0.2805 -0.2957 -0.3105 -0.3246 -0.3376 -0.3491 -0.3583 -0.3638 -0.3637 -0.3552 -0.3330 -0.2887 -0.2110 -0.1074 -0.0263 0.0234 0.0599 0.0916 0.1221 0.1536 0.1859 0.2138 0.2140 0.1130 -0.0511 -0.1261 -0.1604 -0.1851 -0.2054 -0.2235 -0.2403 -0.2564 -0.2721 -0.2873 -0.3022 -0.3165 -0.3300 -0.3423 -0.3529 -0.3607 -0.3645 -0.3622 -0.3507 -0.3246 -0.2767 -0.2033 -0.1277 -0.0960 -0.1277 -0.2033 -0.2767 -0.3246 -0.3507 -0.3622 -0.3645 -0.3607 -0.3529 -0.3423 -0.3300 -0.3165 -0.3022 -0.2873 -0.2721 -0.2564 -0.2403 -0.2235 -0.2054 -0.1851 -0.1604 -0.1261 -0.0511 0.1130 0.2140 0.2138 0.1859 0.1536 0.1221 0.0916 0.0599 0.0234 -0.0263 -0.1074 -0.2110 -0.2887 -0.3330 -0.3552 -0.3637 -0.3638 -0.3583 -0.3491 -0.3376 -0.3246 -0.3105 -0.2957 -0.2805 -0.2649 -0.2490 -0.2313
-0.2475 -0.2644 -0.2800 -0.2952 -0.3100 -0.3241 -0.3372 -0.3488 -0.3580 -0.3637 -0.3639 -0.3557 -0.3341 -0.2908 -0.2144 -0.1109 -0.0285 0.0219 0.0587 0.0905 0.1210 0.1524 0.1847 0.2130 0.2151 0.1192 -0.0473 -0.1248 -0.1596 -0.1845 -0.2049 -0.2231 -0.2400 -0.2561 -0.2718 -0.2871 -0.3019 -0.3163 -0.3299 -0.3423 -0.3528 -0.3607 -0.3645 -0.3622 -0.3505 -0.3239 -0.2739 -0.1930 -0.0997 -0.0389 -0.0189 -0.0389 -0.0997 -0.1930 -0.2739 -0.3239 -0.3505 -0.3622 -0.3645 -0.3607 -0.3528 -0.3423 -0.3299 -0.3163 -0.3019 -0.2871 -0.2718 -0.2561 -0.2400 -0.2231 -0.2049 -0.1845 -0.1596 -0.1248 -0.0473 0.1192 0.2151 0.2130 0.1847 0.1524 0.1210 0.0905 0.0587 0.0219 -0.0285 -0.1109 -0.2144 -0.2908 -0.3341 -0.3557 -0.3639 -0.3637 -0.3580 -0.3488 -0.3372 -0.3241 -0.3100 -0.2952 -0.2800 -0.2644 -0.2475
-0.2631 -0.2794 -0.2946 -0.3094 -0.3236 -0.3367 -0.3484 -0.3577 -0.3635 -0.3640 -0.3562 -0.3352 -0.2928 -0.2179 -0.1146 -0.0308 0.0205 0.0574 0.0893 0.1199 0.1513 0.1836 0.2122 0.2160 0.1256 -0.0431 -0.1233 -0.1587 -0.1838 -0.2044 -0.2226 -0.2395 -0.2557 -0.2714 -0.2868 -0.3017 -0.3161 -0.3297 -0.3421 -0.3527 -0.3606 -0.3645 -0.3622 -0.3504 -0.3236 -0.2727 -0.1892 -0.0905 -0.0220 0.0149 0.0280 0.0149 -0.0220 -0.0905 -0.1892 -0.2727 -0.3236 -0.3504 -0.3622 -0.3645 -0.3606 -0.3528 -0.3421 -0.3297 -0.3161 -0.3017 -0.2868 -0.2714 -0.2557 -0.2395 -0.2226 -0.2044 -0.1838 -0.1587 -0.1233 -0.0431 0.1256 0.2160 0.2122 0.1836 0.1513 0.1199 0.0893 0.0574 0.0205 -0.0308 -0.1146 -0.2179 -0.2928 -0.3352 -0.3562 -0.3640 -0.3635 -0.3577 -0.3484 -0.3367 -0.3236 -0.3094 -0.2946 -0.2794 -0.2631
-0.2783 -0.2941 -0.3089 -0.3231 -0.3363 -0.3480 -0.3574 -0.3634 -0.3641 -0.3567 -0.3363 -0.2949 -0.2213 -0.1184 -0.0332 0.0190 0.0562 0.0882 0.1188 0.1501 0.1824 0.2114 0.2169 0.1320 -0.0386 -0.1217 -0.1577 -0.1830 -0.2037 -0.2221 -0.2391 -0.2553 -0.2710 -0.2864 -0.3013 -0.3158 -0.3294 -0.3419 -0.3526 -0.3606 -0.3645 -0.3622 -0.3505 -0.3236 -0.2724 -0.1879 -0.0875 -0.0167 0.0256 0.0527 0.0634 0.0527 0.0256 -0.0167 -0.0875 -0.1879 -0.2724 -0.3236 -0.3505 -0.3622 -0.3645 -0.3606 -0.3526 -0.3419 -0.3294 -0.3158 -0.3014 -0.2864 -0.2710 -0.2553 -0.2391 -0.2221 -0.2037 -0.1830 -0.1577 -0.1217 -0.0386 0.1320 0.2169 0.2114 0.1824 0.1501 0.1188 0.0882 0.0562 0.0190 -0.0332 -0.1184 -0.2213 -0.2949 -0.3363 -0.3567 -0.3641 -0.3634 -0.3574 -0.3480 -0.3363 -0.3231 -0.3089 -0.2941 -0.2783
-0.2932 -0.3083 -0.3225 -0.3358 -0.3476 -0.3571 -0.3633 -0.3642 -0.3572 -0.3374 -0.2970 -0.2247 -0.1223 -0.0357 0.0174 0.0550 0.0871 0.1176 0.1489 0.1812 0.2105 0.2176 0.1385 -0.0338 -0.1199 -0.1566 -0.1822 -0.2030 -0.2214 -0.2385 -0.2548 -0.2705 -0.2859 -0.3009 -0.3154 -0.3291 -0.3417 -0.3524 -0.3605 -0.3645 -0.3623 -0.3507 -0.3239 -0.2727 -0.1878 -0.0867 -0.0152 0.0290 0.0612 0.0846 0.0944 0.0846 0.0612 0.0290 -0.0152 -0.0867 -0.1879 -0.2727 -0.3239 -0.3507 -0.3623 -0.3645 -0.3605 -0.3524 -0.3417 -0.3291 -0.3154 -0.3009 -0.2859 -0.2705 -0.2548 -0.2385 -0.2214 -0.2030 -0.1822 -0.1566 -0.1199 -0.0338 0.1385 0.2176 0.2105 0.1812 0.1489 0.1176 0.0871 0.0550 0.0174 -0.0357 -0.1223 -0.2247 -0.2970 -0.3374 -0.3572 -0.3642 -0.3633 -0.3571 -0.3476 -0.3358 -0.3225 -0.3083 -0.2932
-0.3076 -0.3219 -0.3352 -0.3471 -0.3568 -0.3631 -0.3644 -0.3578 -0.3387 -0.2994 -0.2287 -0.1269 -0.0387 0.0155 0.0535 0.0857 0.1163 0.1475 0.1798 0.2095 0.2182 0.1456 -0.0281 -0.1179 -0.1553 -0.1812 -0.2022 -0.2207 -0.2378 -0.2541 -0.2699 -0.2853 -0.3004 -0.3149 -0.3287 -0.3413 -0.3522 -0.3603 -0.3645 -0.3626 -0.3511 -0.3246 -0.2739 -0.1891 -0.0875 -0.0152 0.0298 0.0638 0.0921 0.1145 0.1242 0.1145 0.0921 0.0638 0.0298 -0.0152 -0.0875 -0.1892 -0.2739 -0.3246 -0.3511 -0.3625 -0.3645 -0.3603 -0.3522 -0.3413 -0.3287 -0.3149 -0.3004 -0.2853 -0.2699 -0.2541 -0.2378 -0.2207 -0.2022 -0.1812 -0.1553 -0.1179 -0.0281 0.1456 0.2182 0.2095 0.1798 0.1475 0.1164 0.0857 0.0535 0.0155 -0.0387 -0.1269 -0.2287 -0.2994 -0.3387 -0.3578 -0.3644 -0.3631 -0.3568 -0.3471 -0.3352 -0.3219 -0.3076
-0.3213 -0.3343 -0.3464 -0.3563 -0.3630 -0.3647 -0.3587 -0.3407 -0.3030 -0.2345 -0.1335 -0.0429 0.0128 0.0514 0.0838 0.1145 0.1456 0.1778 0.2079 0.2187 0.1554 -0.0195 -0.1147 -0.1533 -0.1797 -0.2009 -0.2195 -0.2367 -0.2531 -0.2690 -0.2844 -0.2995 -0.3141 -0.3280 -0.3407 -0.3517 -0.3601 -0.3646 -0.3630 -0.3521 -0.3264 -0.2767 -0.1929 -0.0905 -0.0167 0.0290 0.0638 0.0939 0.1214 0.1441 0.1542 0.1441 0.1214 0.0939 0.0638 0.0290 -0.0167 -0.0905 -0.1930 -0.2767 -0.3264 -0.3521 -0.3630 -0.3646 -0.3601 -0.3517 -0.3407 -0.3280 -0.3141 -0.2995 -0.2844 -0.2690 -0.2531 -0.2367 -0.2195 -0.2009 -0.1797 -0.1533 -0.1147 -0.0195 0.1555 0.2187 0.2079 0.1779 0.1456 0.1145 0.0838 0.0514 0.0128 -0.0429 -0.1335 -0.2345 -0.3030 -0.3407 -0.3587 -0.3647 -0.3630 -0.3563 -0.3464 -0.3343 -0.3213
-0.3333 -0.3449 -0.3553 -0.3626 -0.3653 -0.3606 -0.3446 -0.3099 -0.2456 -0.1467 -0.0516 0.0075 0.0473 0.0802 0.1109 0.1419 0.1740 0.2046 0.2191 0.1695 -0.0014 -0.1078 -0.1491 -0.1766 -0.1983 -0.2172 -0.2346 -0.2511 -0.2670 -0.2826 -0.2977 -0.3124 -0.3265 -0.3394 -0.3507 -0.3596 -0.3647 -0.3640 -0.3545 -0.3308 -0.2840 -0.2033 -0.0997 -0.0220 0.0257 0.0612 0.0921 0.1214 0.1494 0.1727 0.1827 0.1727 0.1494 0.1214 0.0921 0.0612 0.0256 -0.0220 -0.0997 -0.2033 -0.2840 -0.3308 -0.3545 -0.3640 -0.3647 -0.3596 -0.3507 -0.3394 -0.3265 -0.3124 -0.2977 -0.2826 -0.2670 -0.2511 -0.2346 -0.2172 -0.1983 -0.1766 -0.1491 -0.1078 -0.0014 0.1696 0.2190 0.2046 0.1740 0.1419 0.1109 0.0802 0.0473 0.0075 -0.0516 -0.1467 -0.2456 -0.3099 -0.3446 -0.3606 -0.3653 -0.3626 -0.3553 -0.3449 -0.3333
-0.3423 -0.3525 -0.3612 -0.3658 -0.3640 -0.3523 -0.3243 -0.2699 -0.1790 -0.0755 -0.0065 0.0369 0.0713 0.1023 0.1330 0.1648 0.1964 0.2178 0.1930 0.0485 -0.0855 -0.1383 -0.1689 -0.1920 -0.2116 -0.2293 -0.2461 -0.2622 -0.2779 -0.2933 -0.3082 -0.3225 -0.3360 -0.3480 -0.3578 -0.3644 -0.3659 -0.3595 -0.3407 -0.3015 -0.2304 -0.1277 -0.0389 0.0149 0.0527 0.0846 0.1145 0.1441 0.1727 0.1950 0.2033 0.1950 0.1727 0.1441 0.1145 0.0846 0.0527 0.0149 -0.0389 -0.1277 -0.2304 -0.3015 -0.3407 -0.3595 -0.3659 -0.3644 -0.3578 -0.3480 -0.3360 -0.3225 -0.3082 -0.2933 -0.2779 -0.2622 -0.2461 -0.2293 -0.2116 -0.1920 -0.1689 -0.1383 -0.0855 0.0487 0.1930 0.2178 0.1964 0.1648 0.1330 0.1023 0.0713 0.0369 -0.0065 -0.0755 -0.1790 -0.2699 -0.3243 -0.3523 -0.3640 -0.3658 -0.3612 -0.3525 -0.3423
-0.3459 -0.3555 -0.3634 -0.3667 -0.3626 -0.3470 -0.3125 -0.2476 -0.1469 -0.0504 0.0085 0.0482 0.0811 0.1117 0.1427 0.1748 0.2049 0.2176 0.1628 -0.0047 -0.1062 -0.1482 -0.1760 -0.1979 -0.2168 -0.2343 -0.2508 -0.2668 -0.2825 -0.2977 -0.3126 -0.3268 -0.3399 -0.3515 -0.3606 -0.3660 -0.3657 -0.3563 -0.3324 -0.2846 -0.2017 -0.0960 -0.0189 0.0280 0.0634 0.0944 0.1242 0.1542 0.1827 0.2033 0.2101 0.2033 0.1827 0.1542 0.1242 0.0944 0.0634 0.0280 -0.0189 -0.0960 -0.2017 -0.2846 -0.3324 -0.3563 -0.3657 -0.3660 -0.3606 -0.3515 -0.3399 -0.3268 -0.3126 -0.2977 -0.2825 -0.2668 -0.2508 -0.2343 -0.2168 -0.1978 -0.1760 -0.1482 -0.1062 -0.0047 0.1629 0.2176 0.2049 0.1748 0.1427 0.1117 0.0811 0.0482 0.0085 -0.0504 -0.1469 -0.2476 -0.3125 -0.3470 -0.3626 -0.3667 -0.3634 -0.3555 -0.3459
