0.2277 0.1786 0.1566 0.1461 0.1399 0.1364 0.1348 0.1350 0.1369 0.1404 0.1457 0.1529 0.1621 0.1735 0.1874 0.2040 0.2235 0.2463 0.2727 0.3027 0.3362 0.3727 0.4104 0.4458 0.4723 0.4849 0.4858 0.4783 0.4635 0.4413 0.4113 0.3727 0.3249 0.2684 0.2098 0.1700 0.1528 0.1439 0.1386 0.1357 0.1347 0.1354 0.1378 0.1418 0.1477 0.1554 0.1651 0.1766 0.1891 0.2001 0.2049 0.2001 0.1891 0.1766 0.1651 0.1554 0.1477 0.1418 0.1378 0.1354 0.1347 0.1357 0.1386 0.1439 0.1528 0.1700 0.2098 0.2684 0.3249 0.3727 0.4113 0.4413 0.4635 0.4783 0.4858 0.4849 0.4723 0.4458 0.4104 0.3727 0.3362 0.3027 0.2727 0.2463 0.2235 0.2040 0.1874 0.1735 0.1621 0.1529 0.1457 0.1404 0.1369 0.1350 0.1348 0.1364 0.1399 0.1461 0.1566 0.1786 0.2277
0.1786 0.1553 0.1454 0.1396 0.1363 0.1350 0.1354 0.1375 0.1412 0.1468 0.1541 0.1635 0.1752 0.1892 0.2060 0.2257 0.2486 0.2749 0.3047 0.3378 0.3733 0.4094 0.4422 0.4654 0.4757 0.4758 0.4681 0.4534 0.4317 0.4024 0.3648 0.3182 0.2634 0.2063 0.1679 0.1516 0.1433 0.1384 0.1357 0.1350 0.1359 0.1384 0.1427 0.1488 0.1567 0.1667 0.1789 0.1930 0.2082 0.2217 0.2276 0.2217 0.2082 0.1930 0.1789 0.1667 0.1567 0.1488 0.1427 0.1384 0.1359 0.1350 0.1357 0.1384 0.1433 0.1516 0.1679 0.2063 0.2634 0.3182 0.3648 0.4024 0.4317 0.4534 0.4681 0.4758 0.4757 0.4654 0.4422 0.4094 0.3733 0.3378 0.3047 0.2749 0.2486 0.2257 0.2060 0.1892 0.1752 0.1635 0.1541 0.1468 0.1412 0.1375 0.1354 0.1350 0.1363 0.1396 0.1454 0.1553 0.1786
0.1566 0.1454 0.1396 0.1363 0.1350 0.1354 0.1376 0.1414 0.1470 0.1544 0.1639 0.1756 0.1898 0.2066 0.2264 0.2495 0.2759 0.3058 0.3390 0.3746 0.4107 0.4433 0.4660 0.4759 0.4756 0.4677 0.4527 0.4307 0.4011 0.3632 0.3163 0.2612 0.2044 0.1670 0.1512 0.1431 0.1383 0.1357 0.1350 0.1359 0.1386 0.1429 0.1490 0.1570 0.1672 0.1795 0.1943 0.2112 0.2293 0.2453 0.2524 0.2453 0.2293 0.2112 0.1943 0.1795 0.1672 0.1570 0.1490 0.1429 0.1386 0.1359 0.1350 0.1357 0.1383 0.1431 0.1512 0.1670 0.2044 0.2612 0.3163 0.3632 0.4011 0.4307 0.4527 0.4677 0.4756 0.4759 0.4660 0.4433 0.4107 0.3746 0.3390 0.3058 0.2759 0.2495 0.2264 0.2066 0.1898 0.1756 0.1639 0.1544 0.1470 0.1414 0.1376 0.1354 0.1350 0.1363 0.1396 0.1454 0.1566
0.1461 0.1396 0.1363 0.1350 0.1355 0.1376 0.1415 0.1472 0.1547 0.1643 0.1761 0.1903 0.2073 0.2272 0.2504 0.2770 0.3070 0.3403 0.3760 0.4120 0.4444 0.4666 0.4760 0.4754 0.4672 0.4520 0.4298 0.3999 0.3617 0.3144 0.2591 0.2026 0.1662 0.1508 0.1429 0.1381 0.1356 0.1350 0.1360 0.1387 0.1431 0.1493 0.1574 0.1676 0.1801 0.1951 0.2126 0.2327 0.2539 0.2726 0.2809 0.2726 0.2539 0.2327 0.2126 0.1951 0.1801 0.1676 0.1574 0.1493 0.1431 0.1387 0.1360 0.1350 0.1356 0.1381 0.1429 0.1508 0.1662 0.2026 0.2591 0.3144 0.3617 0.3999 0.4298 0.4520 0.4672 0.4754 0.4760 0.4666 0.4444 0.4120 0.3760 0.3403 0.3070 0.2770 0.2504 0.2272 0.2073 0.1903 0.1761 0.1643 0.1547 0.1472 0.1415 0.1376 0.1355 0.1350 0.1363 0.1396 0.1461
0.1399 0.1363 0.1350 0.1355 0.1377 0.1416 0.1473 0.1549 0.1646 0.1765 0.1908 0.2079 0.2280 0.2513 0.2780 0.3082 0.3416 0.3774 0.4134 0.4454 0.4672 0.4762 0.4753 0.4668 0.4513 0.4288 0.3986 0.3601 0.3125 0.2569 0.2007 0.1653 0.1504 0.1426 0.1380 0.1356 0.1350 0.1361 0.1388 0.1433 0.1495 0.1577 0.1680 0.1806 0.1957 0.2136 0.2343 0.2577 0.2822 0.3038 0.3133 0.3038 0.2822 0.2577 0.2343 0.2136 0.1957 0.1806 0.1680 0.1577 0.1495 0.1433 0.1388 0.1361 0.1350 0.1356 0.1380 0.1426 0.1504 0.1653 0.2007 0.2569 0.3125 0.3601 0.3986 0.4288 0.4513 0.4668 0.4753 0.4762 0.4672 0.4454 0.4134 0.3774 0.3416 0.3082 0.2780 0.2513 0.2280 0.2079 0.1908 0.1765 0.1646 0.1549 0.1473 0.1416 0.1377 0.1355 0.1350 0.1363 0.1399
0.1364 0.1350 0.1354 0.1376 0.1416 0.1474 0.1550 0.1648 0.1768 0.1913 0.2085 0.2287 0.2521 0.2790 0.3094 0.3429 0.3787 0.4147 0.4465 0.4678 0.4763 0.4751 0.4663 0.4506 0.4278 0.3973 0.3584 0.3105 0.2547 0.1988 0.1645 0.1501 0.1424 0.1379 0.1355 0.1350 0.1361 0.1390 0.1435 0.1498 0.1581 0.1684 0.1811 0.1963 0.2144 0.2354 0.2595 0.2864 0.3143 0.3385 0.3490 0.3385 0.3143 0.2864 0.2595 0.2354 0.2144 0.1963 0.1811 0.1684 0.1581 0.1498 0.1435 0.1390 0.1361 0.1350 0.1355 0.1379 0.1424 0.1501 0.1645 0.1988 0.2547 0.3105 0.3584 0.3973 0.4278 0.4506 0.4663 0.4751 0.4763 0.4678 0.4465 0.4147 0.3787 0.3429 0.3094 0.2790 0.2521 0.2287 0.2085 0.1913 0.1768 0.1648 0.1550 0.1474 0.1416 0.1376 0.1354 0.1350 0.1364
0.1348 0.1354 0.1376 0.1415 0.1473 0.1550 0.1649 0.1770 0.1916 0.2089 0.2292 0.2528 0.2799 0.3104 0.3441 0.3799 0.4159 0.4475 0.4683 0.4764 0.4749 0.4659 0.4499 0.4268 0.3960 0.3568 0.3086 0.2526 0.1970 0.1637 0.1497 0.1422 0.1377 0.1355 0.1350 0.1362 0.1391 0.1437 0.1501 0.1584 0.1689 0.1817 0.1970 0.2151 0.2363 0.2608 0.2885 0.3189 0.3498 0.3758 0.3870 0.3758 0.3498 0.3189 0.2885 0.2608 0.2363 0.2151 0.1970 0.1817 0.1689 0.1584 0.1501 0.1437 0.1391 0.1362 0.1350 0.1355 0.1377 0.1422 0.1497 0.1637 0.1970 0.2526 0.3086 0.3568 0.3960 0.4268 0.4499 0.4659 0.4749 0.4764 0.4683 0.4475 0.4159 0.3799 0.3441 0.3104 0.2799 0.2528 0.2292 0.2089 0.1916 0.1770 0.1649 0.1550 0.1473 0.1415 0.1376 0.1354 0.1348
0.1350 0.1375 0.1414 0.1472 0.1549 0.1648 0.1770 0.1917 0.2091 0.2296 0.2534 0.2806 0.3112 0.3451 0.3811 0.4171 0.4484 0.4688 0.4765 0.4747 0.4654 0.4492 0.4258 0.3947 0.3552 0.3066 0.2504 0.1953 0.1630 0.1493 0.1420 0.1376 0.1354 0.1350 0.1363 0.1392 0.1439 0.1504 0.1588 0.1693 0.1822 0.1976 0.2159 0.2372 0.2618 0.2899 0.3211 0.3546 0.3873 0.4135 0.4242 0.4135 0.3873 0.3546 0.3211 0.2899 0.2618 0.2372 0.2159 0.1976 0.1822 0.1693 0.1588 0.1504 0.1439 0.1392 0.1363 0.1350 0.1354 0.1376 0.1420 0.1493 0.1630 0.1953 0.2504 0.3066 0.3552 0.3947 0.4258 0.4492 0.4654 0.4747 0.4765 0.4688 0.4484 0.4171 0.3811 0.3451 0.3112 0.2806 0.2534 0.2296 0.2091 0.1917 0.1770 0.1648 0.1549 0.1472 0.1414 0.1375 0.1350
0.1369 0.1412 0.1470 0.1547 0.1646 0.1768 0.1916 0.2091 0.2297 0.2537 0.2810 0.3119 0.3459 0.3821 0.4180 0.4492 0.4692 0.4766 0.4745 0.4649 0.4484 0.4248 0.3934 0.3535 0.3046 0.2482 0.1936 0.1622 0.1490 0.1418 0.1375 0.1354 0.1350 0.1364 0.1394 0.1441 0.1506 0.1591 0.1697 0.1827 0.1982 0.2166 0.2380 0.2628 0.2911 0.3227 0.3570 0.3921 0.4242 0.4469 0.4550 0.4469 0.4242 0.3921 0.3570 0.3227 0.2911 0.2628 0.2380 0.2166 0.1982 0.1827 0.1697 0.1591 0.1506 0.1441 0.1394 0.1364 0.1350 0.1354 0.1375 0.1418 0.1490 0.1622 0.1936 0.2482 0.3046 0.3535 0.3934 0.4248 0.4484 0.4649 0.4745 0.4766 0.4692 0.4492 0.4180 0.3821 0.3459 0.3119 0.2810 0.2537 0.2297 0.2091 0.1916 0.1768 0.1646 0.1547 0.1470 0.1412 0.1369
0.1404 0.1468 0.1544 0.1643 0.1765 0.1913 0.2089 0.2296 0.2537 0.2812 0.3122 0.3464 0.3828 0.4188 0.4499 0.4696 0.4766 0.4743 0.4645 0.4477 0.4238 0.3921 0.3518 0.3026 0.2460 0.1919 0.1615 0.1487 0.1416 0.1374 0.1353 0.1350 0.1364 0.1395 0.1443 0.1509 0.1595 0.1702 0.1832 0.1989 0.2173 0.2389 0.2638 0.2922 0.3240 0.3586 0.3946 0.4285 0.4548 0.4686 0.4724 0.4686 0.4548 0.4285 0.3946 0.3586 0.3240 0.2922 0.2638 0.2389 0.2173 0.1989 0.1832 0.1702 0.1595 0.1509 0.1443 0.1395 0.1364 0.1350 0.1353 0.1374 0.1416 0.1487 0.1615 0.1919 0.2460 0.3026 0.3518 0.3921 0.4238 0.4477 0.4645 0.4743 0.4766 0.4696 0.4499 0.4188 0.3828 0.3464 0.3122 0.2812 0.2537 0.2296 0.2089 0.1913 0.1765 0.1643 0.1544 0.1468 0.1404
0.1457 0.1541 0.1639 0.1761 0.1908 0.2085 0.2292 0.2534 0.2810 0.3122 0.3466 0.3831 0.4193 0.4504 0.4699 0.4767 0.4741 0.4641 0.4471 0.4229 0.3909 0.3503 0.3007 0.2439 0.1902 0.1608 0.1483 0.1414 0.1373 0.1353 0.1351 0.1365 0.1397 0.1445 0.1512 0.1598 0.1706 0.1838 0.1995 0.2181 0.2398 0.2648 0.2934 0.3253 0.3600 0.3962 0.4306 0.4576 0.4722 0.4765 0.4767 0.4765 0.4722 0.4576 0.4306 0.3962 0.3600 0.3253 0.2934 0.2648 0.2398 0.2181 0.1995 0.1838 0.1706 0.1598 0.1512 0.1445 0.1397 0.1365 0.1351 0.1353 0.1373 0.1414 0.1483 0.1608 0.1902 0.2439 0.3007 0.3503 0.3909 0.4229 0.4471 0.4641 0.4741 0.4767 0.4699 0.4504 0.4193 0.3831 0.3466 0.3122 0.2810 0.2534 0.2292 0.2085 0.1908 0.1761 0.1639 0.1541 0.1457
0.1529 0.1635 0.1756 0.1903 0.2079 0.2287 0.2528 0.2806 0.3119 0.3464 0.3831 0.4195 0.4506 0.4700 0.4767 0.4740 0.4638 0.4466 0.4221 0.3898 0.3488 0.2989 0.2419 0.1887 0.1602 0.1480 0.1412 0.1372 0.1352 0.1351 0.1366 0.1398 0.1447 0.1515 0.1602 0.1711 0.1843 0.2002 0.2188 0.2407 0.2658 0.2945 0.3265 0.3614 0.3976 0.4321 0.4590 0.4733 0.4768 0.4742 0.4719 0.4742 0.4768 0.4733 0.4590 0.4321 0.3976 0.3614 0.3265 0.2945 0.2658 0.2407 0.2188 0.2002 0.1843 0.1711 0.1602 0.1515 0.1447 0.1398 0.1366 0.1351 0.1352 0.1372 0.1412 0.1480 0.1602 0.1887 0.2419 0.2989 0.3488 0.3898 0.4221 0.4466 0.4638 0.4740 0.4767 0.4700 0.4506 0.4195 0.3831 0.3464 0.3119 0.2806 0.2528 0.2287 0.2079 0.1903 0.1756 0.1635 0.1529
0.1621 0.1752 0.1898 0.2073 0.2280 0.2521 0.2799 0.3112 0.3459 0.3828 0.4193 0.4506 0.4701 0.4767 0.4739 0.4636 0.4461 0.4214 0.3888 0.3475 0.2972 0.2400 0.1873 0.1596 0.1477 0.1410 0.1371 0.1352 0.1351 0.1367 0.1400 0.1450 0.1518 0.1606 0.1715 0.1848 0.2008 0.2196 0.2415 0.2668 0.2956 0.3278 0.3627 0.3990 0.4333 0.4600 0.4739 0.4767 0.4721 0.4639 0.4592 0.4639 0.4721 0.4767 0.4739 0.4600 0.4333 0.3990 0.3627 0.3278 0.2956 0.2668 0.2415 0.2196 0.2008 0.1848 0.1715 0.1606 0.1518 0.1450 0.1400 0.1367 0.1351 0.1352 0.1371 0.1410 0.1477 0.1596 0.1873 0.2400 0.2972 0.3475 0.3888 0.4214 0.4461 0.4636 0.4739 0.4767 0.4701 0.4506 0.4193 0.3828 0.3459 0.3112 0.2799 0.2521 0.2280 0.2073 0.1898 0.1752 0.1621
0.1735 0.1892 0.2066 0.2272 0.2513 0.2790 0.3104 0.3451 0.3821 0.4188 0.4504 0.4700 0.4767 0.4738 0.4634 0.4459 0.4210 0.3881 0.3465 0.2959 0.2384 0.1861 0.1591 0.1474 0.1408 0.1370 0.1352 0.1352 0.1368 0.1401 0.1452 0.1521 0.1609 0.1720 0.1854 0.2014 0.2204 0.2424 0.2678 0.2968 0.3290 0.3641 0.4003 0.4345 0.4608 0.4742 0.4766 0.4710 0.4597 0.4462 0.4391 0.4462 0.4597 0.4710 0.4766 0.4742 0.4608 0.4345 0.4003 0.3641 0.3290 0.2968 0.2678 0.2424 0.2204 0.2014 0.1854 0.1720 0.1609 0.1521 0.1452 0.1401 0.1368 0.1352 0.1352 0.1370 0.1408 0.1474 0.1591 0.1861 0.2384 0.2959 0.3465 0.3881 0.4210 0.4459 0.4634 0.4738 0.4767 0.4700 0.4504 0.4188 0.3821 0.3451 0.3104 0.2790 0.2513 0.2272 0.2066 0.1892 0.1735
0.1874 0.2060 0.2264 0.2504 0.2780 0.3094 0.3441 0.3811 0.4180 0.4499 0.4699 0.4767 0.4739 0.4634 0.4458 0.4207 0.3876 0.3458 0.2948 0.2371 0.1851 0.1586 0.1472 0.1407 0.1369 0.1351 0.1352 0.1369 0.1403 0.1454 0.1524 0.1613 0.1724 0.1860 0.2021 0.2211 0.2433 0.2689 0.2979 0.3303 0.3654 0.4017 0.4357 0.4615 0.4745 0.4765 0.4704 0.4578 0.4398 0.4206 0.4110 0.4206 0.4398 0.4578 0.4704 0.4765 0.4745 0.4615 0.4357 0.4017 0.3654 0.3303 0.2979 0.2689 0.2433 0.2211 0.2021 0.1860 0.1724 0.1613 0.1524 0.1454 0.1403 0.1369 0.1352 0.1351 0.1369 0.1407 0.1472 0.1586 0.1851 0.2371 0.2948 0.3458 0.3876 0.4207 0.4458 0.4634 0.4739 0.4767 0.4699 0.4499 0.4180 0.3811 0.3441 0.3094 0.2780 0.2504 0.2264 0.2060 0.1874
0.2040 0.2257 0.2495 0.2770 0.3082 0.3429 0.3799 0.4171 0.4492 0.4696 0.4767 0.4740 0.4636 0.4459 0.4207 0.3875 0.3454 0.2942 0.2362 0.1844 0.1583 0.1470 0.1405 0.1368 0.1351 0.1352 0.1370 0.1404 0.1456 0.1527 0.1617 0.1729 0.1865 0.2027 0.2219 0.2442 0.2699 0.2991 0.3316 0.3668 0.4030 0.4369 0.4623 0.4747 0.4764 0.4700 0.4567 0.4369 0.4119 0.3866 0.3743 0.3866 0.4119 0.4369 0.4567 0.4700 0.4764 0.4747 0.4623 0.4369 0.4030 0.3668 0.3316 0.2991 0.2699 0.2442 0.2219 0.2027 0.1865 0.1729 0.1617 0.1527 0.1456 0.1404 0.1370 0.1352 0.1351 0.1368 0.1405 0.1470 0.1583 0.1844 0.2362 0.2942 0.3454 0.3875 0.4207 0.4459 0.4636 0.4740 0.4767 0.4696 0.4492 0.4171 0.3799 0.3429 0.3082 0.2770 0.2495 0.2257 0.2040
0.2235 0.2486 0.2759 0.3070 0.3416 0.3787 0.4159 0.4484 0.4692 0.4766 0.4741 0.4638 0.4461 0.4210 0.3876 0.3454 0.2939 0.2358 0.1839 0.1580 0.1468 0.1404 0.1367 0.1351 0.1352 0.1371 0.1406 0.1458 0.1529 0.1620 0.1733 0.1870 0.2034 0.2227 0.2451 0.2709 0.3002 0.3328 0.3681 0.4043 0.4380 0.4629 0.4750 0.4763 0.4696 0.4559 0.4354 0.4081 0.3754 0.3434 0.3280 0.3434 0.3754 0.4081 0.4354 0.4559 0.4696 0.4763 0.4750 0.4629 0.4380 0.4043 0.3681 0.3328 0.3002 0.2709 0.2451 0.2227 0.2034 0.1870 0.1733 0.1620 0.1529 0.1458 0.1406 0.1371 0.1352 0.1351 0.1367 0.1404 0.1468 0.1580 0.1839 0.2358 0.2939 0.3454 0.3876 0.4210 0.4461 0.4638 0.4741 0.4766 0.4692 0.4484 0.4159 0.3787 0.3416 0.3070 0.2759 0.2486 0.2235
0.2463 0.2749 0.3058 0.3403 0.3774 0.4147 0.4475 0.4688 0.4766 0.4743 0.4641 0.4466 0.4214 0.3881 0.3458 0.2942 0.2358 0.1838 0.1579 0.1467 0.1404 0.1367 0.1351 0.1353 0.1371 0.1407 0.1460 0.1532 0.1624 0.1738 0.1876 0.2040 0.2234 0.2460 0.2719 0.3014 0.3341 0.3695 0.4057 0.4391 0.4636 0.4752 0.4761 0.4692 0.4553 0.4344 0.4061 0.3705 0.3294 0.2906 0.2726 0.2906 0.3294 0.3705 0.4061 0.4344 0.4553 0.4692 0.4761 0.4752 0.4636 0.4391 0.4057 0.3695 0.3341 0.3014 0.2719 0.2460 0.2234 0.2040 0.1876 0.1738 0.1624 0.1532 0.1460 0.1407 0.1371 0.1353 0.1351 0.1367 0.1404 0.1467 0.1579 0.1838 0.2358 0.2942 0.3458 0.3881 0.4214 0.4466 0.4641 0.4743 0.4766 0.4688 0.4475 0.4147 0.3774 0.3403 0.3058 0.2749 0.2463
0.2727 0.3047 0.3390 0.3760 0.4134 0.4465 0.4683 0.4765 0.4745 0.4645 0.4471 0.4221 0.3888 0.3465 0.2948 0.2362 0.1839 0.1579 0.1467 0.1403 0.1367 0.1351 0.1353 0.1372 0.1408 0.1462 0.1534 0.1627 0.1742 0.1881 0.2046 0.2242 0.2469 0.2730 0.3026 0.3354 0.3708 0.4070 0.4402 0.4643 0.4754 0.4760 0.4688 0.4546 0.4334 0.4047 0.3680 0.3234 0.2742 0.2315 0.2137 0.2315 0.2742 0.3234 0.3680 0.4047 0.4334 0.4546 0.4688 0.4760 0.4754 0.4643 0.4402 0.4070 0.3708 0.3354 0.3026 0.2730 0.2469 0.2242 0.2046 0.1881 0.1742 0.1627 0.1534 0.1462 0.1408 0.1372 0.1353 0.1351 0.1367 0.1403 0.1467 0.1579 0.1839 0.2362 0.2948 0.3465 0.3888 0.4221 0.4471 0.4645 0.4745 0.4765 0.4683 0.4465 0.4134 0.3760 0.3390 0.3047 0.2727
0.3027 0.3378 0.3746 0.4120 0.4454 0.4678 0.4764 0.4747 0.4649 0.4477 0.4229 0.3898 0.3475 0.2959 0.2371 0.1844 0.1580 0.1467 0.1403 0.1367 0.1351 0.1353 0.1372 0.1409 0.1463 0.1536 0.1629 0.1745 0.1885 0.2052 0.2248 0.2477 0.2739 0.3037 0.3367 0.3722 0.4084 0.4414 0.4649 0.4756 0.4759 0.4684 0.4539 0.4324 0.4034 0.3661 0.3202 0.2671 0.2148 0.1809 0.1712 0.1809 0.2148 0.2671 0.3202 0.3661 0.4034 0.4324 0.4539 0.4684 0.4759 0.4756 0.4649 0.4414 0.4084 0.3722 0.3367 0.3037 0.2739 0.2477 0.2248 0.2052 0.1885 0.1745 0.1629 0.1536 0.1463 0.1409 0.1372 0.1353 0.1351 0.1367 0.1403 0.1467 0.1580 0.1844 0.2371 0.2959 0.3475 0.3898 0.4229 0.4477 0.4649 0.4747 0.4764 0.4678 0.4454 0.4120 0.3746 0.3378 0.3027
0.3362 0.3733 0.4107 0.4444 0.4672 0.4763 0.4749 0.4654 0.4484 0.4238 0.3909 0.3488 0.2972 0.2384 0.1851 0.1583 0.1468 0.1404 0.1367 0.1351 0.1353 0.1372 0.1409 0.1464 0.1537 0.1631 0.1748 0.1889 0.2057 0.2254 0.2484 0.2748 0.3047 0.3378 0.3734 0.4096 0.4424 0.4656 0.4757 0.4757 0.4680 0.4533 0.4315 0.4021 0.3645 0.3180 0.2635 0.2080 0.1711 0.1567 0.1529 0.1567 0.1711 0.2080 0.2635 0.3180 0.3645 0.4021 0.4315 0.4533 0.4680 0.4757 0.4757 0.4656 0.4424 0.4096 0.3734 0.3378 0.3047 0.2748 0.2484 0.2254 0.2057 0.1889 0.1748 0.1631 0.1537 0.1464 0.1409 0.1372 0.1353 0.1351 0.1367 0.1404 0.1468 0.1583 0.1851 0.2384 0.2972 0.3488 0.3909 0.4238 0.4484 0.4654 0.4749 0.4763 0.4672 0.4444 0.4107 0.3733 0.3362
0.3727 0.4094 0.4433 0.4666 0.4762 0.4751 0.4659 0.4492 0.4248 0.3921 0.3503 0.2989 0.2400 0.1861 0.1586 0.1470 0.1404 0.1367 0.1351 0.1353 0.1372 0.1409 0.1464 0.1538 0.1633 0.1750 0.1891 0.2060 0.2259 0.2490 0.2756 0.3056 0.3389 0.3746 0.4108 0.4434 0.4661 0.4759 0.4756 0.4676 0.4526 0.4305 0.4009 0.3629 0.3160 0.2610 0.2046 0.1678 0.1526 0.1459 0.1438 0.1459 0.1526 0.1678 0.2046 0.2610 0.3160 0.3629 0.4009 0.4305 0.4526 0.4676 0.4756 0.4759 0.4661 0.4434 0.4108 0.3746 0.3389 0.3056 0.2756 0.2490 0.2259 0.2060 0.1891 0.1750 0.1633 0.1538 0.1464 0.1409 0.1372 0.1353 0.1351 0.1367 0.1404 0.1470 0.1586 0.1861 0.2400 0.2989 0.3503 0.3921 0.4248 0.4492 0.4659 0.4751 0.4762 0.4666 0.4433 0.4094 0.3727
0.4104 0.4422 0.4660 0.4760 0.4753 0.4663 0.4499 0.4258 0.3934 0.3518 0.3007 0.2419 0.1873 0.1591 0.1472 0.1405 0.1367 0.1351 0.1353 0.1372 0.1409 0.1464 0.1538 0.1633 0.1751 0.1893 0.2063 0.2263 0.2495 0.2762 0.3064 0.3399 0.3757 0.4119 0.4444 0.4667 0.4760 0.4754 0.4672 0.4519 0.4296 0.3996 0.3613 0.3141 0.2587 0.2023 0.1662 0.1511 0.1437 0.1397 0.1384 0.1397 0.1437 0.1511 0.1662 0.2023 0.2587 0.3141 0.3613 0.3996 0.4296 0.4519 0.4672 0.4754 0.4760 0.4667 0.4444 0.4119 0.3757 0.3399 0.3064 0.2762 0.2495 0.2263 0.2063 0.1893 0.1751 0.1633 0.1538 0.1464 0.1409 0.1372 0.1353 0.1351 0.1367 0.1405 0.1472 0.1591 0.1873 0.2419 0.3007 0.3518 0.3934 0.4258 0.4499 0.4663 0.4753 0.4760 0.4660 0.4422 0.4104
0.4458 0.4654 0.4759 0.4754 0.4668 0.4506 0.4268 0.3947 0.3535 0.3026 0.2439 0.1887 0.1596 0.1474 0.1407 0.1368 0.1351 0.1353 0.1372 0.1409 0.1464 0.1538 0.1633 0.1751 0.1895 0.2065 0.2266 0.2499 0.2767 0.3071 0.3406 0.3766 0.4129 0.4452 0.4671 0.4761 0.4753 0.4667 0.4512 0.4286 0.3983 0.3597 0.3121 0.2565 0.2003 0.1652 0.1505 0.1428 0.1384 0.1363 0.1356 0.1363 0.1384 0.1428 0.1505 0.1652 0.2003 0.2565 0.3121 0.3597 0.3983 0.4286 0.4512 0.4667 0.4753 0.4761 0.4671 0.4452 0.4129 0.3766 0.3406 0.3071 0.2767 0.2499 0.2266 0.2065 0.1895 0.1751 0.1633 0.1538 0.1464 0.1409 0.1372 0.1353 0.1351 0.1368 0.1407 0.1474 0.1596 0.1887 0.2439 0.3026 0.3535 0.3947 0.4268 0.4506 0.4668 0.4754 0.4759 0.4654 0.4458
0.4723 0.4757 0.4756 0.4672 0.4513 0.4278 0.3960 0.3552 0.3046 0.2460 0.1902 0.1602 0.1477 0.1408 0.1369 0.1351 0.1352 0.1371 0.1408 0.1463 0.1537 0.1633 0.1751 0.1895 0.2066 0.2267 0.2502 0.2771 0.3076 0.3412 0.3773 0.4136 0.4459 0.4675 0.4762 0.4751 0.4664 0.4506 0.4277 0.3971 0.3581 0.3102 0.2543 0.1985 0.1644 0.1500 0.1424 0.1380 0.1357 0.1349 0.1348 0.1349 0.1357 0.1380 0.1424 0.1500 0.1644 0.1985 0.2543 0.3102 0.3581 0.3971 0.4277 0.4506 0.4664 0.4751 0.4762 0.4675 0.4459 0.4136 0.3773 0.3412 0.3076 0.2771 0.2502 0.2267 0.2066 0.1895 0.1751 0.1633 0.1537 0.1463 0.1408 0.1371 0.1352 0.1351 0.1369 0.1408 0.1477 0.1602 0.1902 0.2460 0.3046 0.3552 0.3960 0.4278 0.4513 0.4672 0.4756 0.4757 0.4723
0.4849 0.4758 0.4677 0.4520 0.4288 0.3973 0.3568 0.3066 0.2482 0.1919 0.1608 0.1480 0.1410 0.1370 0.1351 0.1352 0.1371 0.1407 0.1462 0.1536 0.1631 0.1750 0.1893 0.2065 0.2267 0.2502 0.2773 0.3079 0.3417 0.3779 0.4142 0.4464 0.4679 0.4763 0.4750 0.4660 0.4500 0.4269 0.3960 0.3567 0.3083 0.2522 0.1967 0.1636 0.1496 0.1422 0.1378 0.1355 0.1349 0.1354 0.1358 0.1354 0.1349 0.1355 0.1378 0.1422 0.1496 0.1636 0.1967 0.2522 0.3083 0.3567 0.3960 0.4269 0.4500 0.4660 0.4750 0.4763 0.4679 0.4464 0.4142 0.3779 0.3417 0.3079 0.2773 0.2502 0.2267 0.2065 0.1893 0.1750 0.1631 0.1536 0.1462 0.1407 0.1371 0.1352 0.1351 0.1370 0.1410 0.1480 0.1608 0.1919 0.2482 0.3066 0.3568 0.3973 0.4288 0.4520 0.4677 0.4758 0.4849
0.4858 0.4681 0.4527 0.4298 0.3986 0.3584 0.3086 0.2504 0.1936 0.1615 0.1483 0.1412 0.1371 0.1352 0.1352 0.1370 0.1406 0.1460 0.1534 0.1629 0.1748 0.1891 0.2063 0.2266 0.2502 0.2773 0.3080 0.3419 0.3782 0.4147 0.4468 0.4681 0.4764 0.4748 0.4657 0.4495 0.4261 0.3950 0.3553 0.3066 0.2502 0.1950 0.1629 0.1493 0.1419 0.1376 0.1354 0.1350 0.1360 0.1377 0.1386 0.1377 0.1360 0.1350 0.1354 0.1376 0.1419 0.1493 0.1629 0.1950 0.2502 0.3066 0.3553 0.3950 0.4261 0.4495 0.4657 0.4748 0.4764 0.4681 0.4468 0.4147 0.3782 0.3419 0.3080 0.2773 0.2502 0.2266 0.2063 0.1891 0.1748 0.1629 0.1534 0.1460 0.1406 0.1370 0.1352 0.1352 0.1371 0.1412 0.1483 0.1615 0.1936 0.2504 0.3086 0.3584 0.3986 0.4298 0.4527 0.4681 0.4858
0.4783 0.4534 0.4307 0.3999 0.3601 0.3105 0.2526 0.1953 0.1622 0.1487 0.1414 0.1372 0.1352 0.1352 0.1369 0.1404 0.1458 0.1532 0.1627 0.1745 0.1889 0.2060 0.2263 0.2499 0.2771 0.3079 0.3419 0.3784 0.4149 0.4471 0.4683 0.4764 0.4748 0.4655 0.4491 0.4255 0.3941 0.3541 0.3050 0.2485 0.1936 0.1622 0.1490 0.1417 0.1375 0.1354 0.1350 0.1363 0.1388 0.1418 0.1433 0.1418 0.1388 0.1363 0.1350 0.1354 0.1375 0.1417 0.1490 0.1622 0.1936 0.2485 0.3050 0.3541 0.3941 0.4255 0.4491 0.4655 0.4748 0.4764 0.4683 0.4471 0.4149 0.3784 0.3419 0.3079 0.2771 0.2499 0.2263 0.2060 0.1889 0.1745 0.1627 0.1532 0.1458 0.1404 0.1369 0.1352 0.1352 0.1372 0.1414 0.1487 0.1622 0.1953 0.2526 0.3105 0.3601 0.3999 0.4307 0.4534 0.4783
0.4635 0.4317 0.4011 0.3617 0.3125 0.2547 0.1970 0.1630 0.1490 0.1416 0.1373 0.1352 0.1351 0.1368 0.1403 0.1456 0.1529 0.1624 0.1742 0.1885 0.2057 0.2259 0.2495 0.2767 0.3076 0.3417 0.3782 0.4149 0.4472 0.4684 0.4764 0.4747 0.4653 0.4487 0.4249 0.3933 0.3530 0.3036 0.2468 0.1923 0.1616 0.1487 0.1416 0.1374 0.1353 0.1350 0.1364 0.1394 0.1435 0.1478 0.1499 0.1478 0.1435 0.1394 0.1364 0.1350 0.1353 0.1374 0.1416 0.1487 0.1616 0.1923 0.2468 0.3036 0.3530 0.3933 0.4249 0.4487 0.4653 0.4747 0.4764 0.4684 0.4472 0.4149 0.3782 0.3417 0.3076 0.2767 0.2495 0.2259 0.2057 0.1885 0.1742 0.1624 0.1529 0.1456 0.1403 0.1368 0.1351 0.1352 0.1373 0.1416 0.1490 0.1630 0.1970 0.2547 0.3125 0.3617 0.4011 0.4317 0.4635
0.4413 0.4024 0.3632 0.3144 0.2569 0.1988 0.1637 0.1493 0.1418 0.1374 0.1353 0.1351 0.1367 0.1401 0.1454 0.1527 0.1620 0.1738 0.1881 0.2052 0.2254 0.2490 0.2762 0.3071 0.3412 0.3779 0.4147 0.4471 0.4684 0.4764 0.4747 0.4652 0.4485 0.4245 0.3927 0.3521 0.3025 0.2454 0.1911 0.1611 0.1484 0.1414 0.1373 0.1353 0.1351 0.1365 0.1396 0.1443 0.1502 0.1559 0.1586 0.1559 0.1502 0.1443 0.1396 0.1365 0.1351 0.1353 0.1373 0.1414 0.1484 0.1611 0.1911 0.2454 0.3025 0.3521 0.3927 0.4245 0.4485 0.4652 0.4747 0.4764 0.4684 0.4471 0.4147 0.3779 0.3412 0.3071 0.2762 0.2490 0.2254 0.2052 0.1881 0.1738 0.1620 0.1527 0.1454 0.1401 0.1367 0.1351 0.1353 0.1374 0.1418 0.1493 0.1637 0.1988 0.2569 0.3144 0.3632 0.4024 0.4413
0.4113 0.3648 0.3163 0.2591 0.2007 0.1645 0.1497 0.1420 0.1375 0.1353 0.1351 0.1366 0.1400 0.1452 0.1524 0.1617 0.1733 0.1876 0.2046 0.2248 0.2484 0.2756 0.3064 0.3406 0.3773 0.4142 0.4468 0.4683 0.4764 0.4747 0.4651 0.4484 0.4243 0.3923 0.3515 0.3015 0.2443 0.1902 0.1607 0.1482 0.1413 0.1372 0.1352 0.1351 0.1366 0.1398 0.1447 0.1512 0.1589 0.1662 0.1696 0.1662 0.1589 0.1512 0.1447 0.1398 0.1366 0.1351 0.1352 0.1372 0.1413 0.1482 0.1607 0.1902 0.2443 0.3015 0.3515 0.3923 0.4243 0.4484 0.4651 0.4747 0.4764 0.4683 0.4468 0.4142 0.3773 0.3406 0.3064 0.2756 0.2484 0.2248 0.2046 0.1876 0.1733 0.1617 0.1524 0.1452 0.1400 0.1366 0.1351 0.1353 0.1375 0.1420 0.1497 0.1645 0.2007 0.2591 0.3163 0.3648 0.4113
0.3727 0.3182 0.2612 0.2026 0.1653 0.1501 0.1422 0.1376 0.1354 0.1350 0.1365 0.1398 0.1450 0.1521 0.1613 0.1729 0.1870 0.2040 0.2242 0.2477 0.2748 0.3056 0.3399 0.3766 0.4136 0.4464 0.4681 0.4764 0.4747 0.4652 0.4484 0.4242 0.3920 0.3511 0.3009 0.2434 0.1894 0.1603 0.1480 0.1411 0.1371 0.1352 0.1351 0.1367 0.1400 0.1449 0.1517 0.1602 0.1699 0.1789 0.1831 0.1789 0.1699 0.1602 0.1517 0.1449 0.1400 0.1367 0.1351 0.1352 0.1371 0.1411 0.1480 0.1603 0.1894 0.2434 0.3009 0.3511 0.3920 0.4242 0.4484 0.4652 0.4747 0.4764 0.4681 0.4464 0.4136 0.3766 0.3399 0.3056 0.2748 0.2477 0.2242 0.2040 0.1870 0.1729 0.1613 0.1521 0.1450 0.1398 0.1365 0.1350 0.1354 0.1376 0.1422 0.1501 0.1653 0.2026 0.2612 0.3182 0.3727
0.3249 0.2634 0.2044 0.1662 0.1504 0.1424 0.1377 0.1354 0.1350 0.1364 0.1397 0.1447 0.1518 0.1609 0.1724 0.1865 0.2034 0.2234 0.2469 0.2739 0.3047 0.3389 0.3757 0.4129 0.4459 0.4679 0.4764 0.4748 0.4653 0.4485 0.4243 0.3920 0.3510 0.3006 0.2429 0.1889 0.1601 0.1478 0.1410 0.1371 0.1352 0.1351 0.1368 0.1401 0.1451 0.1520 0.1608 0.1715 0.1834 0.1944 0.1994 0.1944 0.1834 0.1715 0.1608 0.1520 0.1451 0.1401 0.1368 0.1351 0.1352 0.1371 0.1410 0.1478 0.1601 0.1889 0.2429 0.3006 0.3510 0.3920 0.4243 0.4485 0.4653 0.4748 0.4764 0.4679 0.4459 0.4129 0.3757 0.3389 0.3047 0.2739 0.2469 0.2234 0.2034 0.1865 0.1724 0.1609 0.1518 0.1447 0.1397 0.1364 0.1350 0.1354 0.1377 0.1424 0.1504 0.1662 0.2044 0.2634 0.3249
0.2684 0.2063 0.1670 0.1508 0.1426 0.1379 0.1355 0.1350 0.1364 0.1395 0.1445 0.1515 0.1606 0.1720 0.1860 0.2027 0.2227 0.2460 0.2730 0.3037 0.3378 0.3746 0.4119 0.4452 0.4675 0.4763 0.4748 0.4655 0.4487 0.4245 0.3923 0.3511 0.3006 0.2428 0.1887 0.1599 0.1477 0.1410 0.1370 0.1352 0.1351 0.1368 0.1402 0.1453 0.1523 0.1612 0.1722 0.1853 0.1997 0.2128 0.2187 0.2128 0.1997 0.1853 0.1722 0.1612 0.1523 0.1453 0.1402 0.1368 0.1351 0.1352 0.1370 0.1410 0.1477 0.1599 0.1887 0.2428 0.3006 0.3511 0.3923 0.4245 0.4487 0.4655 0.4748 0.4763 0.4675 0.4452 0.4119 0.3746 0.3378 0.3037 0.2730 0.2460 0.2227 0.2027 0.1860 0.1720 0.1606 0.1515 0.1445 0.1395 0.1364 0.1350 0.1355 0.1379 0.1426 0.1508 0.1670 0.2063 0.2684
0.2098 0.1679 0.1512 0.1429 0.1380 0.1355 0.1350 0.1363 0.1394 0.1443 0.1512 0.1602 0.1715 0.1854 0.2021 0.2219 0.2451 0.2719 0.3026 0.3367 0.3734 0.4108 0.4444 0.4671 0.4762 0.4750 0.4657 0.4491 0.4249 0.3927 0.3515 0.3009 0.2429 0.1887 0.1599 0.1477 0.1409 0.1370 0.1352 0.1352 0.1369 0.1403 0.1454 0.1525 0.1615 0.1727 0.1862 0.2019 0.2190 0.2344 0.2414 0.2344 0.2190 0.2019 0.1862 0.1727 0.1615 0.1525 0.1454 0.1403 0.1369 0.1352 0.1352 0.1370 0.1409 0.1477 0.1599 0.1887 0.2429 0.3009 0.3515 0.3927 0.4249 0.4491 0.4657 0.4750 0.4762 0.4671 0.4444 0.4108 0.3734 0.3367 0.3026 0.2719 0.2451 0.2219 0.2021 0.1854 0.1715 0.1602 0.1512 0.1443 0.1394 0.1363 0.1350 0.1355 0.1380 0.1429 0.1512 0.1679 0.2098
0.1700 0.1516 0.1431 0.1381 0.1356 0.1350 0.1362 0.1392 0.1441 0.1509 0.1598 0.1711 0.1848 0.2014 0.2211 0.2442 0.2709 0.3014 0.3354 0.3722 0.4096 0.4434 0.4667 0.4761 0.4751 0.4660 0.4495 0.4255 0.3933 0.3521 0.3015 0.2434 0.1889 0.1599 0.1477 0.1409 0.1370 0.1352 0.1352 0.1369 0.1403 0.1455 0.1526 0.1617 0.1730 0.1867 0.2029 0.2216 0.2417 0.2597 0.2678 0.2597 0.2417 0.2216 0.2029 0.1867 0.1730 0.1617 0.1526 0.1455 0.1403 0.1369 0.1352 0.1352 0.1370 0.1409 0.1477 0.1599 0.1889 0.2434 0.3015 0.3521 0.3933 0.4255 0.4495 0.4660 0.4751 0.4761 0.4667 0.4434 0.4096 0.3722 0.3354 0.3014 0.2709 0.2442 0.2211 0.2014 0.1848 0.1711 0.1598 0.1509 0.1441 0.1392 0.1362 0.1350 0.1356 0.1381 0.1431 0.1516 0.1700
0.1528 0.1433 0.1383 0.1356 0.1350 0.1361 0.1391 0.1439 0.1506 0.1595 0.1706 0.1843 0.2008 0.2204 0.2433 0.2699 0.3002 0.3341 0.3708 0.4084 0.4424 0.4661 0.4760 0.4753 0.4664 0.4500 0.4261 0.3941 0.3530 0.3025 0.2443 0.1894 0.1601 0.1477 0.1409 0.1370 0.1352 0.1352 0.1369 0.1404 0.1456 0.1528 0.1619 0.1733 0.1871 0.2035 0.2227 0.2446 0.2679 0.2886 0.2979 0.2886 0.2679 0.2446 0.2227 0.2035 0.1871 0.1733 0.1619 0.1528 0.1456 0.1404 0.1369 0.1352 0.1352 0.1370 0.1409 0.1477 0.1601 0.1894 0.2443 0.3025 0.3530 0.3941 0.4261 0.4500 0.4664 0.4753 0.4760 0.4661 0.4424 0.4084 0.3708 0.3341 0.3002 0.2699 0.2433 0.2204 0.2008 0.1843 0.1706 0.1595 0.1506 0.1439 0.1391 0.1361 0.1350 0.1356 0.1383 0.1433 0.1528
0.1439 0.1384 0.1357 0.1350 0.1361 0.1390 0.1437 0.1504 0.1591 0.1702 0.1838 0.2002 0.2196 0.2424 0.2689 0.2991 0.3328 0.3695 0.4070 0.4414 0.4656 0.4759 0.4754 0.4667 0.4506 0.4269 0.3950 0.3541 0.3036 0.2454 0.1902 0.1603 0.1478 0.1410 0.1370 0.1352 0.1352 0.1369 0.1404 0.1457 0.1528 0.1621 0.1735 0.1874 0.2040 0.2234 0.2459 0.2712 0.2979 0.3213 0.3317 0.3213 0.2979 0.2712 0.2459 0.2234 0.2040 0.1874 0.1735 0.1621 0.1528 0.1457 0.1404 0.1369 0.1352 0.1352 0.1370 0.1410 0.1478 0.1603 0.1902 0.2454 0.3036 0.3541 0.3950 0.4269 0.4506 0.4667 0.4754 0.4759 0.4656 0.4414 0.4070 0.3695 0.3328 0.2991 0.2689 0.2424 0.2196 0.2002 0.1838 0.1702 0.1591 0.1504 0.1437 0.1390 0.1361 0.1350 0.1357 0.1384 0.1439
0.1386 0.1357 0.1350 0.1360 0.1388 0.1435 0.1501 0.1588 0.1697 0.1832 0.1995 0.2188 0.2415 0.2678 0.2979 0.3316 0.3681 0.4057 0.4402 0.4649 0.4757 0.4756 0.4672 0.4512 0.4277 0.3960 0.3553 0.3050 0.2468 0.1911 0.1607 0.1480 0.1410 0.1370 0.1352 0.1352 0.1369 0.1404 0.1457 0.1529 0.1622 0.1736 0.1876 0.2043 0.2239 0.2467 0.2727 0.3015 0.3314 0.3571 0.3684 0.3571 0.3314 0.3015 0.2727 0.2467 0.2239 0.2043 0.1876 0.1736 0.1622 0.1529 0.1457 0.1404 0.1369 0.1352 0.1352 0.1370 0.1410 0.1480 0.1607 0.1911 0.2468 0.3050 0.3553 0.3960 0.4277 0.4512 0.4672 0.4756 0.4757 0.4649 0.4402 0.4057 0.3681 0.3316 0.2979 0.2678 0.2415 0.2188 0.1995 0.1832 0.1697 0.1588 0.1501 0.1435 0.1388 0.1360 0.1350 0.1357 0.1386
0.1357 0.1350 0.1359 0.1387 0.1433 0.1498 0.1584 0.1693 0.1827 0.1989 0.2181 0.2407 0.2668 0.2968 0.3303 0.3668 0.4043 0.4391 0.4643 0.4756 0.4757 0.4676 0.4519 0.4286 0.3971 0.3567 0.3066 0.2485 0.1923 0.1611 0.1482 0.1411 0.1371 0.1352 0.1352 0.1369 0.1404 0.1457 0.1529 0.1622 0.1737 0.1877 0.2045 0.2242 0.2471 0.2734 0.3031 0.3353 0.3678 0.3946 0.4060 0.3946 0.3678 0.3353 0.3031 0.2734 0.2471 0.2242 0.2045 0.1877 0.1737 0.1622 0.1529 0.1457 0.1404 0.1369 0.1352 0.1352 0.1371 0.1411 0.1482 0.1611 0.1923 0.2485 0.3066 0.3567 0.3971 0.4286 0.4519 0.4676 0.4757 0.4756 0.4643 0.4391 0.4043 0.3668 0.3303 0.2968 0.2668 0.2407 0.2181 0.1989 0.1827 0.1693 0.1584 0.1498 0.1433 0.1387 0.1359 0.1350 0.1357
0.1347 0.1359 0.1386 0.1431 0.1495 0.1581 0.1689 0.1822 0.1982 0.2173 0.2398 0.2658 0.2956 0.3290 0.3654 0.4030 0.4380 0.4636 0.4754 0.4759 0.4680 0.4526 0.4296 0.3983 0.3581 0.3083 0.2502 0.1936 0.1616 0.1484 0.1413 0.1371 0.1352 0.1351 0.1369 0.1403 0.1456 0.1528 0.1622 0.1737 0.1878 0.2046 0.2244 0.2474 0.2739 0.3039 0.3369 0.3718 0.4051 0.4307 0.4406 0.4307 0.4051 0.3718 0.3369 0.3039 0.2739 0.2474 0.2244 0.2046 0.1878 0.1737 0.1622 0.1528 0.1456 0.1403 0.1369 0.1351 0.1352 0.1371 0.1413 0.1484 0.1616 0.1936 0.2502 0.3083 0.3581 0.3983 0.4296 0.4526 0.4680 0.4759 0.4754 0.4636 0.4380 0.4030 0.3654 0.3290 0.2956 0.2658 0.2398 0.2173 0.1982 0.1822 0.1689 0.1581 0.1495 0.1431 0.1386 0.1359 0.1347
0.1354 0.1384 0.1429 0.1493 0.1577 0.1684 0.1817 0.1976 0.2166 0.2389 0.2648 0.2945 0.3278 0.3641 0.4017 0.4369 0.4629 0.4752 0.4760 0.4684 0.4533 0.4305 0.3996 0.3597 0.3102 0.2522 0.1950 0.1622 0.1487 0.1414 0.1372 0.1352 0.1351 0.1368 0.1403 0.1455 0.1528 0.1621 0.1736 0.1877 0.2046 0.2244 0.2476 0.2741 0.3043 0.3377 0.3733 0.4089 0.4396 0.4591 0.4652 0.4591 0.4396 0.4089 0.3733 0.3377 0.3043 0.2741 0.2476 0.2244 0.2046 0.1877 0.1736 0.1621 0.1528 0.1455 0.1403 0.1368 0.1351 0.1352 0.1372 0.1414 0.1487 0.1622 0.1950 0.2522 0.3102 0.3597 0.3996 0.4305 0.4533 0.4684 0.4760 0.4752 0.4629 0.4369 0.4017 0.3641 0.3278 0.2945 0.2648 0.2389 0.2166 0.1976 0.1817 0.1684 0.1577 0.1493 0.1429 0.1384 0.1354
0.1378 0.1427 0.1490 0.1574 0.1680 0.1811 0.1970 0.2159 0.2380 0.2638 0.2934 0.3265 0.3627 0.4003 0.4357 0.4623 0.4750 0.4761 0.4688 0.4539 0.4315 0.4009 0.3613 0.3121 0.2543 0.1967 0.1629 0.1490 0.1416 0.1373 0.1352 0.1351 0.1368 0.1402 0.1454 0.1526 0.1619 0.1735 0.1876 0.2045 0.2244 0.2476 0.2742 0.3045 0.3380 0.3740 0.4104 0.4426 0.4644 0.4738 0.4758 0.4738 0.4644 0.4426 0.4104 0.3740 0.3380 0.3045 0.2742 0.2476 0.2244 0.2045 0.1876 0.1735 0.1619 0.1526 0.1454 0.1402 0.1368 0.1351 0.1352 0.1373 0.1416 0.1490 0.1629 0.1967 0.2543 0.3121 0.3613 0.4009 0.4315 0.4539 0.4688 0.4761 0.4750 0.4623 0.4357 0.4003 0.3627 0.3265 0.2934 0.2638 0.2380 0.2159 0.1970 0.1811 0.1680 0.1574 0.1490 0.1427 0.1378
0.1418 0.1488 0.1570 0.1676 0.1806 0.1963 0.2151 0.2372 0.2628 0.2922 0.3253 0.3614 0.3990 0.4345 0.4615 0.4747 0.4763 0.4692 0.4546 0.4324 0.4021 0.3629 0.3141 0.2565 0.1985 0.1636 0.1493 0.1417 0.1374 0.1353 0.1351 0.1367 0.1401 0.1453 0.1525 0.1617 0.1733 0.1874 0.2043 0.2242 0.2474 0.2742 0.3045 0.3382 0.3744 0.4109 0.4437 0.4661 0.4755 0.4766 0.4755 0.4766 0.4755 0.4661 0.4437 0.4109 0.3744 0.3382 0.3045 0.2741 0.2474 0.2242 0.2043 0.1874 0.1733 0.1617 0.1525 0.1453 0.1401 0.1367 0.1351 0.1353 0.1374 0.1417 0.1493 0.1636 0.1985 0.2565 0.3141 0.3629 0.4021 0.4324 0.4546 0.4692 0.4763 0.4747 0.4615 0.4345 0.3990 0.3614 0.3253 0.2922 0.2628 0.2372 0.2151 0.1963 0.1806 0.1676 0.1570 0.1488 0.1418
0.1477 0.1567 0.1672 0.1801 0.1957 0.2144 0.2363 0.2618 0.2911 0.3240 0.3600 0.3976 0.4333 0.4608 0.4745 0.4764 0.4696 0.4553 0.4334 0.4034 0.3645 0.3160 0.2587 0.2003 0.1644 0.1496 0.1419 0.1375 0.1353 0.1351 0.1366 0.1400 0.1451 0.1523 0.1615 0.1730 0.1871 0.2040 0.2239 0.2471 0.2739 0.3043 0.3380 0.3744 0.4111 0.4440 0.4666 0.4760 0.4758 0.4707 0.4671 0.4707 0.4758 0.4760 0.4666 0.4440 0.4111 0.3744 0.3380 0.3043 0.2739 0.2471 0.2239 0.2040 0.1871 0.1730 0.1615 0.1523 0.1451 0.1400 0.1366 0.1351 0.1353 0.1375 0.1419 0.1496 0.1644 0.2003 0.2587 0.3160 0.3645 0.4034 0.4334 0.4553 0.4696 0.4764 0.4745 0.4608 0.4333 0.3976 0.3600 0.3240 0.2911 0.2618 0.2363 0.2144 0.1957 0.1801 0.1672 0.1567 0.1477
0.1554 0.1667 0.1795 0.1951 0.2136 0.2354 0.2608 0.2899 0.3227 0.3586 0.3962 0.4321 0.4600 0.4742 0.4765 0.4700 0.4560 0.4344 0.4047 0.3661 0.3180 0.2610 0.2023 0.1652 0.1500 0.1422 0.1376 0.1354 0.1350 0.1365 0.1398 0.1449 0.1520 0.1612 0.1727 0.1867 0.2035 0.2234 0.2466 0.2735 0.3039 0.3377 0.3740 0.4109 0.4440 0.4667 0.4761 0.4754 0.4679 0.4573 0.4515 0.4573 0.4679 0.4754 0.4761 0.4667 0.4440 0.4109 0.3740 0.3377 0.3039 0.2734 0.2467 0.2234 0.2035 0.1867 0.1727 0.1612 0.1520 0.1449 0.1398 0.1365 0.1350 0.1354 0.1376 0.1422 0.1500 0.1652 0.2023 0.2610 0.3180 0.3661 0.4047 0.4344 0.4559 0.4700 0.4765 0.4742 0.4600 0.4321 0.3962 0.3586 0.3227 0.2899 0.2608 0.2354 0.2136 0.1951 0.1795 0.1667 0.1554
0.1651 0.1789 0.1943 0.2126 0.2343 0.2595 0.2885 0.3211 0.3570 0.3946 0.4306 0.4590 0.4739 0.4766 0.4704 0.4567 0.4354 0.4061 0.3680 0.3202 0.2635 0.2046 0.1662 0.1505 0.1424 0.1378 0.1354 0.1350 0.1364 0.1396 0.1447 0.1517 0.1608 0.1722 0.1862 0.2029 0.2227 0.2459 0.2727 0.3031 0.3369 0.3733 0.4104 0.4437 0.4666 0.4761 0.4753 0.4670 0.4529 0.4369 0.4286 0.4369 0.4529 0.4670 0.4753 0.4761 0.4666 0.4437 0.4104 0.3733 0.3369 0.3031 0.2727 0.2459 0.2227 0.2029 0.1862 0.1722 0.1608 0.1517 0.1447 0.1396 0.1364 0.1350 0.1354 0.1378 0.1424 0.1505 0.1662 0.2046 0.2635 0.3202 0.3680 0.4061 0.4354 0.4567 0.4704 0.4766 0.4739 0.4590 0.4306 0.3946 0.3570 0.3211 0.2885 0.2595 0.2343 0.2126 0.1943 0.1789 0.1651
0.1766 0.1930 0.2112 0.2327 0.2577 0.2864 0.3189 0.3546 0.3921 0.4285 0.4576 0.4733 0.4767 0.4710 0.4578 0.4369 0.4082 0.3706 0.3234 0.2671 0.2079 0.1678 0.1511 0.1428 0.1380 0.1355 0.1350 0.1363 0.1394 0.1443 0.1512 0.1602 0.1715 0.1853 0.2019 0.2216 0.2446 0.2712 0.3015 0.3353 0.3718 0.4089 0.4426 0.4661 0.4760 0.4754 0.4670 0.4518 0.4311 0.4095 0.3987 0.4095 0.4312 0.4518 0.4670 0.4754 0.4760 0.4661 0.4426 0.4089 0.3718 0.3353 0.3015 0.2712 0.2446 0.2216 0.2019 0.1853 0.1715 0.1602 0.1512 0.1443 0.1394 0.1363 0.1350 0.1355 0.1380 0.1428 0.1511 0.1678 0.2080 0.2671 0.3234 0.3705 0.4081 0.4369 0.4578 0.4710 0.4767 0.4733 0.4576 0.4285 0.3921 0.3546 0.3189 0.2864 0.2577 0.2327 0.2112 0.1930 0.1766
0.1891 0.2082 0.2293 0.2539 0.2822 0.3143 0.3498 0.3873 0.4242 0.4548 0.4722 0.4768 0.4721 0.4597 0.4398 0.4119 0.3754 0.3294 0.2742 0.2147 0.1711 0.1526 0.1437 0.1384 0.1357 0.1349 0.1360 0.1388 0.1435 0.1502 0.1589 0.1699 0.1834 0.1997 0.2190 0.2417 0.2679 0.2979 0.3314 0.3678 0.4051 0.4396 0.4644 0.4755 0.4758 0.4679 0.4529 0.4311 0.4040 0.3767 0.3635 0.3767 0.4040 0.4312 0.4529 0.4679 0.4758 0.4755 0.4644 0.4396 0.4051 0.3678 0.3314 0.2979 0.2679 0.2417 0.2190 0.1997 0.1834 0.1699 0.1589 0.1502 0.1435 0.1388 0.1360 0.1349 0.1357 0.1384 0.1437 0.1526 0.1711 0.2148 0.2742 0.3294 0.3754 0.4119 0.4398 0.4597 0.4721 0.4768 0.4722 0.4548 0.4242 0.3873 0.3498 0.3143 0.2822 0.2539 0.2293 0.2082 0.1891
0.2001 0.2217 0.2453 0.2726 0.3038 0.3385 0.3758 0.4135 0.4469 0.4686 0.4765 0.4742 0.4639 0.4462 0.4206 0.3867 0.3434 0.2906 0.2315 0.1808 0.1567 0.1459 0.1397 0.1363 0.1349 0.1354 0.1377 0.1418 0.1478 0.1559 0.1662 0.1789 0.1944 0.2128 0.2344 0.2597 0.2886 0.3213 0.3571 0.3946 0.4307 0.4591 0.4738 0.4766 0.4706 0.4573 0.4369 0.4095 0.3767 0.3449 0.3299 0.3449 0.3767 0.4095 0.4369 0.4573 0.4707 0.4766 0.4738 0.4591 0.4307 0.3946 0.3571 0.3213 0.2886 0.2597 0.2344 0.2128 0.1944 0.1789 0.1662 0.1559 0.1478 0.1418 0.1377 0.1354 0.1349 0.1363 0.1397 0.1459 0.1567 0.1809 0.2315 0.2906 0.3434 0.3866 0.4206 0.4462 0.4639 0.4742 0.4765 0.4686 0.4469 0.4135 0.3758 0.3385 0.3038 0.2726 0.2453 0.2217 0.2001
0.2049 0.2276 0.2524 0.2809 0.3133 0.3490 0.3870 0.4242 0.4550 0.4724 0.4767 0.4719 0.4592 0.4391 0.4110 0.3743 0.3280 0.2726 0.2137 0.1712 0.1529 0.1438 0.1384 0.1356 0.1348 0.1358 0.1386 0.1433 0.1499 0.1586 0.1696 0.1831 0.1994 0.2187 0.2415 0.2678 0.2979 0.3317 0.3684 0.4060 0.4406 0.4652 0.4758 0.4755 0.4671 0.4515 0.4286 0.3987 0.3635 0.3299 0.3143 0.3299 0.3635 0.3987 0.4286 0.4515 0.4671 0.4755 0.4758 0.4652 0.4406 0.4060 0.3684 0.3317 0.2979 0.2678 0.2414 0.2187 0.1994 0.1831 0.1696 0.1586 0.1499 0.1433 0.1386 0.1358 0.1348 0.1356 0.1384 0.1438 0.1529 0.1712 0.2137 0.2726 0.3280 0.3743 0.4110 0.4391 0.4592 0.4719 0.4767 0.4724 0.4550 0.4242 0.3870 0.3490 0.3133 0.2809 0.2524 0.2276 0.2049
0.2001 0.2217 0.2453 0.2726 0.3038 0.3385 0.3758 0.4135 0.4469 0.4686 0.4765 0.4742 0.4639 0.4462 0.4206 0.3867 0.3434 0.2906 0.2315 0.1808 0.1567 0.1459 0.1397 0.1363 0.1349 0.1354 0.1377 0.1418 0.1478 0.1559 0.1662 0.1789 0.1944 0.2128 0.2344 0.2597 0.2886 0.3213 0.3571 0.3946 0.4307 0.4591 0.4738 0.4766 0.4707 0.4573 0.4369 0.4095 0.3767 0.3449 0.3299 0.3449 0.3767 0.4095 0.4369 0.4573 0.4707 0.4766 0.4738 0.4591 0.4307 0.3946 0.3571 0.3213 0.2886 0.2597 0.2344 0.2128 0.1944 0.1789 0.1662 0.1559 0.1478 0.1418 0.1377 0.1354 0.1349 0.1363 0.1397 0.1459 0.1567 0.1809 0.2315 0.2906 0.3434 0.3866 0.4206 0.4462 0.4639 0.4742 0.4765 0.4686 0.4469 0.4135 0.3758 0.3385 0.3038 0.2726 0.2453 0.2217 0.2001
0.1891 0.2082 0.2293 0.2539 0.2822 0.3143 0.3498 0.3873 0.4242 0.4548 0.4722 0.4768 0.4721 0.4597 0.4398 0.4119 0.3754 0.3294 0.2742 0.2147 0.1711 0.1526 0.1437 0.1384 0.1357 0.1349 0.1360 0.1388 0.1435 0.1502 0.1589 0.1699 0.1834 0.1997 0.2190 0.2417 0.2679 0.2979 0.3314 0.3678 0.4051 0.4396 0.4644 0.4755 0.4758 0.4679 0.4529 0.4312 0.4040 0.3767 0.3635 0.3767 0.4040 0.4312 0.4529 0.4679 0.4758 0.4755 0.4644 0.4396 0.4051 0.3678 0.3314 0.2979 0.2679 0.2417 0.2190 0.1997 0.1834 0.1699 0.1589 0.1502 0.1435 0.1388 0.1360 0.1349 0.1357 0.1384 0.1437 0.1526 0.1711 0.2148 0.2742 0.3294 0.3754 0.4119 0.4398 0.4597 0.4721 0.4768 0.4722 0.4548 0.4242 0.3873 0.3498 0.3143 0.2822 0.2539 0.2293 0.2082 0.1891
0.1766 0.1930 0.2112 0.2327 0.2577 0.2864 0.3189 0.3546 0.3921 0.4285 0.4576 0.4733 0.4767 0.4710 0.4578 0.4369 0.4082 0.3706 0.3234 0.2671 0.2079 0.1678 0.1511 0.1428 0.1380 0.1355 0.1350 0.1363 0.1394 0.1443 0.1512 0.1602 0.1715 0.1853 0.2019 0.2216 0.2446 0.2712 0.3015 0.3353 0.3718 0.4089 0.4426 0.4661 0.4760 0.4754 0.4670 0.4518 0.4312 0.4095 0.3987 0.4095 0.4312 0.4518 0.4670 0.4754 0.4760 0.4661 0.4426 0.4089 0.3718 0.3353 0.3015 0.2712 0.2446 0.2216 0.2019 0.1853 0.1715 0.1602 0.1512 0.1443 0.1394 0.1363 0.1350 0.1355 0.1380 0.1428 0.1511 0.1678 0.2080 0.2671 0.3234 0.3705 0.4081 0.4369 0.4578 0.4710 0.4767 0.4733 0.4576 0.4285 0.3921 0.3546 0.3189 0.2864 0.2577 0.2327 0.2112 0.1930 0.1766
0.1651 0.1789 0.1943 0.2126 0.2343 0.2595 0.2885 0.3211 0.3570 0.3946 0.4306 0.4590 0.4739 0.4766 0.4704 0.4567 0.4354 0.4061 0.3680 0.3202 0.2635 0.2046 0.1662 0.1505 0.1424 0.1378 0.1354 0.1350 0.1364 0.1396 0.1447 0.1517 0.1608 0.1722 0.1862 0.2029 0.2227 0.2459 0.2727 0.3031 0.3369 0.3733 0.4104 0.4437 0.4666 0.4761 0.4753 0.4670 0.4529 0.4369 0.4286 0.4369 0.4529 0.4670 0.4753 0.4761 0.4666 0.4437 0.4104 0.3733 0.3369 0.3031 0.2727 0.2459 0.2227 0.2029 0.1862 0.1722 0.1608 0.1517 0.1447 0.1396 0.1364 0.1350 0.1354 0.1378 0.1424 0.1505 0.1662 0.2046 0.2635 0.3202 0.3680 0.4061 0.4354 0.4567 0.4704 0.4766 0.4739 0.4590 0.4306 0.3946 0.3570 0.3211 0.2885 0.2595 0.2343 0.2126 0.1943 0.1789 0.1651
0.1554 0.1667 0.1795 0.1951 0.2136 0.2354 0.2608 0.2899 0.3227 0.3586 0.3962 0.4321 0.4600 0.4742 0.4765 0.4700 0.4560 0.4344 0.4047 0.3661 0.3180 0.2610 0.2023 0.1652 0.1500 0.1422 0.1376 0.1354 0.1350 0.1365 0.1398 0.1449 0.1520 0.1612 0.1727 0.1867 0.2035 0.2234 0.2467 0.2734 0.3039 0.3377 0.3740 0.4109 0.4440 0.4667 0.4761 0.4754 0.4679 0.4573 0.4515 0.4573 0.4679 0.4754 0.4761 0.4667 0.4440 0.4109 0.3740 0.3377 0.3039 0.2734 0.2467 0.2234 0.2035 0.1867 0.1727 0.1612 0.1520 0.1449 0.1398 0.1365 0.1350 0.1354 0.1376 0.1422 0.1500 0.1652 0.2023 0.2610 0.3180 0.3661 0.4047 0.4344 0.4559 0.4700 0.4765 0.4742 0.4600 0.4321 0.3962 0.3586 0.3227 0.2899 0.2608 0.2354 0.2136 0.1951 0.1795 0.1667 0.1554
