0.0003 0.0005 0.0007 0.0011 0.0018 0.0028 0.0043 0.0068 0.0106 0.0165 0.0258 0.0402 0.0627 0.0979 0.1530 0.2388 0.3727 0.5816 0.9076 1.0000 1.0000 1.0000 1.0000 1.0000 1.0000 1.0000 1.0000 1.0000 0.0000 0.0000 0.0001 0.0001 0.0001 0.0002 0.0003 0.0005 0.0008 0.0013 0.0020 0.0032 0.0050 0.0077 0.0121 0.0189 0.0294 0.0458 0.0712 0.1093 0.1623 0.2213 0.2514 0.2213 0.1623 0.1093 0.0712 0.0458 0.0294 0.0189 0.0121 0.0077 0.0050 0.0032 0.0020 0.0013 0.0008 0.0005 0.0003 0.0002 0.0001 0.0001 0.0001 0.0000 0.0000 1.0000 1.0000 1.0000 1.0000 1.0000 1.0000 1.0000 1.0000 1.0000 0.9076 0.5816 0.3727 0.2388 0.1530 0.0979 0.0627 0.0402 0.0258 0.0165 0.0106 0.0068 0.0043 0.0028 0.0018 0.0011 0.0007 0.0005 0.0003
0.0005 0.0007 0.0011 0.0018 0.0028 0.0044 0.0068 0.0106 0.0166 0.0259 0.0403 0.0630 0.0983 0.1536 0.2397 0.3741 0.5838 0.9110 1.0000 1.0000 1.0000 1.0000 1.0000 1.0000 1.0000 1.0000 1.0000 0.0000 0.0000 0.0001 0.0001 0.0001 0.0002 0.0003 0.0005 0.0008 0.0013 0.0020 0.0032 0.0050 0.0078 0.0121 0.0189 0.0295 0.0461 0.0719 0.1116 0.1715 0.2553 0.3507 0.3998 0.3507 0.2553 0.1715 0.1116 0.0719 0.0461 0.0295 0.0189 0.0121 0.0078 0.0050 0.0032 0.0020 0.0013 0.0008 0.0005 0.0003 0.0002 0.0001 0.0001 0.0001 0.0000 0.0000 1.0000 1.0000 1.0000 1.0000 1.0000 1.0000 1.0000 1.0000 1.0000 0.9110 0.5838 0.3741 0.2397 0.1536 0.0983 0.0630 0.0403 0.0259 0.0166 0.0106 0.0068 0.0044 0.0028 0.0018 0.0011 0.0007 0.0005
0.0007 0.0011 0.0018 0.0028 0.0044 0.0069 0.0108 0.0169 0.0263 0.0410 0.0640 0.0999 0.1560 0.2434 0.3798 0.5927 0.9250 1.0000 1.0000 1.0000 1.0000 1.0000 1.0000 1.0000 1.0000 1.0000 0.0000 0.0000 0.0001 0.0001 0.0001 0.0002 0.0004 0.0005 0.0009 0.0013 0.0021 0.0032 0.0051 0.0079 0.0123 0.0193 0.0300 0.0469 0.0732 0.1140 0.1772 0.2723 0.4068 0.5599 0.6408 0.5599 0.4068 0.2723 0.1772 0.1140 0.0732 0.0469 0.0300 0.0193 0.0123 0.0079 0.0051 0.0032 0.0021 0.0013 0.0009 0.0005 0.0004 0.0002 0.0001 0.0001 0.0001 0.0000 0.0000 1.0000 1.0000 1.0000 1.0000 1.0000 1.0000 1.0000 1.0000 1.0000 0.9250 0.5927 0.3798 0.2434 0.1560 0.0999 0.0640 0.0410 0.0263 0.0169 0.0108 0.0069 0.0044 0.0028 0.0018 0.0011 0.0007
0.0011 0.0018 0.0028 0.0044 0.0069 0.0109 0.0170 0.0267 0.0416 0.0650 0.1017 0.1587 0.2476 0.3864 0.6030 0.9410 1.0000 1.0000 1.0000 1.0000 1.0000 1.0000 1.0000 1.0000 1.0000 0.0000 0.0000 0.0001 0.0001 0.0001 0.0002 0.0004 0.0006 0.0009 0.0014 0.0021 0.0033 0.0052 0.0080 0.0126 0.0196 0.0306 0.0477 0.0744 0.1162 0.1809 0.2813 0.4323 0.6469 0.8939 1.0000 0.8939 0.6469 0.4323 0.2813 0.1809 0.1162 0.0744 0.0477 0.0306 0.0196 0.0126 0.0080 0.0052 0.0033 0.0021 0.0014 0.0009 0.0006 0.0004 0.0002 0.0001 0.0001 0.0001 0.0000 0.0000 1.0000 1.0000 1.0000 1.0000 1.0000 1.0000 1.0000 1.0000 1.0000 0.9410 0.6030 0.3864 0.2476 0.1587 0.1017 0.0650 0.0416 0.0267 0.0170 0.0109 0.0069 0.0044 0.0028 0.0018 0.0011
0.0018 0.0028 0.0044 0.0069 0.0109 0.0171 0.0269 0.0421 0.0659 0.1030 0.1608 0.2514 0.3923 0.6134 0.9572 1.0000 1.0000 1.0000 1.0000 1.0000 1.0000 1.0000 1.0000 1.0000 0.0000 0.0000 0.0001 0.0001 0.0001 0.0002 0.0004 0.0006 0.0009 0.0014 0.0021 0.0034 0.0052 0.0082 0.0127 0.0199 0.0310 0.0484 0.0756 0.1179 0.1840 0.2872 0.4465 0.6875 1.0000 1.0000 1.0000 1.0000 1.0000 0.6875 0.4465 0.2872 0.1840 0.1179 0.0756 0.0484 0.0310 0.0199 0.0127 0.0082 0.0052 0.0034 0.0021 0.0014 0.0009 0.0006 0.0004 0.0002 0.0001 0.0001 0.0001 0.0000 0.0000 1.0000 1.0000 1.0000 1.0000 1.0000 1.0000 1.0000 1.0000 1.0000 0.9572 0.6134 0.3923 0.2514 0.1608 0.1030 0.0659 0.0421 0.0269 0.0171 0.0109 0.0069 0.0044 0.0028 0.0018
0.0028 0.0044 0.0069 0.0109 0.0171 0.0270 0.0424 0.0664 0.1040 0.1629 0.2548 0.3983 0.6216 0.9719 1.0000 1.0000 1.0000 1.0000 1.0000 1.0000 1.0000 1.0000 1.0000 0.0000 0.0000 0.0001 0.0001 0.0002 0.0002 0.0004 0.0006 0.0009 0.0014 0.0022 0.0034 0.0053 0.0083 0.0130 0.0202 0.0316 0.0493 0.0769 0.1200 0.1872 0.2922 0.4559 0.7074 1.0000 1.0000 1.0000 1.0000 1.0000 1.0000 1.0000 0.7074 0.4559 0.2922 0.1872 0.1200 0.0769 0.0493 0.0316 0.0202 0.0130 0.0083 0.0053 0.0034 0.0022 0.0014 0.0009 0.0006 0.0004 0.0002 0.0002 0.0001 0.0001 0.0000 0.0000 1.0000 1.0000 1.0000 1.0000 1.0000 1.0000 1.0000 1.0000 1.0000 0.9719 0.6216 0.3983 0.2548 0.1629 0.1040 0.0664 0.0424 0.0270 0.0171 0.0109 0.0069 0.0044 0.0028
0.0043 0.0068 0.0108 0.0170 0.0269 0.0424 0.0667 0.1046 0.1642 0.2572 0.4029 0.6299 0.9849 1.0000 1.0000 1.0000 1.0000 1.0000 1.0000 1.0000 1.0000 1.0000 0.0000 0.0000 0.0001 0.0001 0.0002 0.0002 0.0004 0.0006 0.0009 0.0014 0.0022 0.0035 0.0054 0.0085 0.0132 0.0206 0.0321 0.0501 0.0782 0.1220 0.1904 0.2972 0.4638 0.7224 1.0000 1.0000 1.0000 1.0000 1.0000 1.0000 1.0000 1.0000 1.0000 0.7224 0.4638 0.2972 0.1904 0.1220 0.0782 0.0501 0.0321 0.0206 0.0132 0.0085 0.0054 0.0035 0.0022 0.0014 0.0009 0.0006 0.0004 0.0002 0.0002 0.0001 0.0001 0.0000 0.0000 1.0000 1.0000 1.0000 1.0000 1.0000 1.0000 1.0000 1.0000 1.0000 0.9849 0.6299 0.4029 0.2572 0.1642 0.1046 0.0667 0.0424 0.0269 0.0170 0.0108 0.0068 0.0043
0.0068 0.0106 0.0169 0.0267 0.0421 0.0664 0.1046 0.1645 0.2587 0.4060 0.6360 0.9962 1.0000 1.0000 1.0000 1.0000 1.0000 1.0000 1.0000 1.0000 1.0000 0.0000 0.0000 0.0001 0.0001 0.0002 0.0002 0.0004 0.0006 0.0009 0.0014 0.0023 0.0035 0.0055 0.0086 0.0134 0.0209 0.0327 0.0510 0.0796 0.1241 0.1937 0.3023 0.4718 0.7362 1.0000 1.0000 1.0000 1.0000 1.0000 1.0000 1.0000 1.0000 1.0000 1.0000 1.0000 0.7362 0.4718 0.3023 0.1937 0.1241 0.0796 0.0510 0.0327 0.0209 0.0134 0.0086 0.0055 0.0035 0.0023 0.0014 0.0009 0.0006 0.0004 0.0002 0.0002 0.0001 0.0001 0.0000 0.0000 1.0000 1.0000 1.0000 1.0000 1.0000 1.0000 1.0000 1.0000 1.0000 0.9962 0.6360 0.4060 0.2587 0.1645 0.1046 0.0664 0.0421 0.0267 0.0169 0.0106 0.0068
0.0106 0.0166 0.0263 0.0416 0.0659 0.1040 0.1642 0.2587 0.4068 0.6396 1.0000 1.0000 1.0000 1.0000 1.0000 1.0000 1.0000 1.0000 1.0000 1.0000 0.0000 0.0000 0.0001 0.0001 0.0002 0.0002 0.0004 0.0006 0.0009 0.0015 0.0023 0.0036 0.0056 0.0087 0.0136 0.0213 0.0332 0.0518 0.0808 0.1261 0.1967 0.3070 0.4799 0.7490 1.0000 1.0000 1.0000 1.0000 1.0000 1.0000 1.0000 1.0000 1.0000 1.0000 1.0000 1.0000 1.0000 0.7490 0.4799 0.3070 0.1967 0.1261 0.0808 0.0518 0.0332 0.0213 0.0136 0.0087 0.0056 0.0036 0.0023 0.0015 0.0009 0.0006 0.0004 0.0002 0.0002 0.0001 0.0001 0.0000 0.0000 1.0000 1.0000 1.0000 1.0000 1.0000 1.0000 1.0000 1.0000 1.0000 1.0000 0.6396 0.4068 0.2587 0.1642 0.1040 0.0659 0.0416 0.0263 0.0166 0.0106
0.0165 0.0259 0.0410 0.0650 0.1030 0.1629 0.2572 0.4060 0.6396 1.0000 1.0000 1.0000 1.0000 1.0000 1.0000 1.0000 1.0000 1.0000 1.0000 0.0000 0.0000 0.0001 0.0001 0.0002 0.0003 0.0004 0.0006 0.0010 0.0015 0.0023 0.0036 0.0057 0.0089 0.0139 0.0216 0.0337 0.0527 0.0822 0.1282 0.2001 0.3123 0.4873 0.7604 1.0000 1.0000 1.0000 1.0000 1.0000 1.0000 1.0000 1.0000 1.0000 1.0000 1.0000 1.0000 1.0000 1.0000 1.0000 0.7604 0.4873 0.3123 0.2001 0.1282 0.0822 0.0527 0.0337 0.0216 0.0139 0.0089 0.0057 0.0036 0.0023 0.0015 0.0010 0.0006 0.0004 0.0003 0.0002 0.0001 0.0001 0.0000 0.0000 1.0000 1.0000 1.0000 1.0000 1.0000 1.0000 1.0000 1.0000 1.0000 1.0000 0.6396 0.4060 0.2572 0.1629 0.1030 0.0650 0.0410 0.0259 0.0165
0.0258 0.0403 0.0640 0.1017 0.1608 0.2548 0.4029 0.6360 1.0000 1.0000 1.0000 1.0000 1.0000 1.0000 1.0000 1.0000 1.0000 1.0000 0.0000 0.0000 0.0001 0.0001 0.0002 0.0003 0.0004 0.0006 0.0010 0.0015 0.0024 0.0037 0.0058 0.0090 0.0141 0.0220 0.0343 0.0536 0.0836 0.1304 0.2036 0.3177 0.4957 0.7736 1.0000 1.0000 1.0000 1.0000 1.0000 1.0000 1.0000 1.0000 1.0000 1.0000 1.0000 1.0000 1.0000 1.0000 1.0000 1.0000 1.0000 0.7736 0.4957 0.3177 0.2036 0.1304 0.0836 0.0536 0.0343 0.0220 0.0141 0.0090 0.0058 0.0037 0.0024 0.0015 0.0010 0.0006 0.0004 0.0003 0.0002 0.0001 0.0001 0.0000 0.0000 1.0000 1.0000 1.0000 1.0000 1.0000 1.0000 1.0000 1.0000 1.0000 1.0000 0.6360 0.4029 0.2548 0.1608 0.1017 0.0640 0.0403 0.0258
0.0402 0.0630 0.0999 0.1587 0.2514 0.3983 0.6299 0.9962 1.0000 1.0000 1.0000 1.0000 1.0000 1.0000 1.0000 1.0000 1.0000 0.0000 0.0000 0.0001 0.0001 0.0002 0.0003 0.0004 0.0006 0.0010 0.0015 0.0024 0.0038 0.0059 0.0092 0.0143 0.0224 0.0349 0.0545 0.0850 0.1327 0.2071 0.3231 0.5043 0.7869 1.0000 1.0000 1.0000 1.0000 1.0000 1.0000 1.0000 1.0000 1.0000 1.0000 1.0000 1.0000 1.0000 1.0000 1.0000 1.0000 1.0000 1.0000 1.0000 0.7869 0.5043 0.3231 0.2071 0.1327 0.0850 0.0545 0.0349 0.0224 0.0143 0.0092 0.0059 0.0038 0.0024 0.0015 0.0010 0.0006 0.0004 0.0003 0.0002 0.0001 0.0001 0.0000 0.0000 1.0000 1.0000 1.0000 1.0000 1.0000 1.0000 1.0000 1.0000 1.0000 0.9962 0.6299 0.3983 0.2514 0.1587 0.0999 0.0630 0.0402
0.0627 0.0983 0.1560 0.2476 0.3923 0.6216 0.9849 1.0000 1.0000 1.0000 1.0000 1.0000 1.0000 1.0000 1.0000 1.0000 0.0000 0.0000 0.0001 0.0001 0.0002 0.0003 0.0004 0.0006 0.0010 0.0016 0.0025 0.0038 0.0060 0.0093 0.0146 0.0227 0.0355 0.0553 0.0863 0.1347 0.2102 0.3281 0.5120 0.7990 1.0000 1.0000 1.0000 1.0000 1.0000 1.0000 1.0000 1.0000 1.0000 1.0000 1.0000 1.0000 1.0000 1.0000 1.0000 1.0000 1.0000 1.0000 1.0000 1.0000 1.0000 0.7990 0.5120 0.3281 0.2102 0.1347 0.0863 0.0553 0.0355 0.0227 0.0146 0.0093 0.0060 0.0038 0.0025 0.0016 0.0010 0.0006 0.0004 0.0003 0.0002 0.0001 0.0001 0.0000 0.0000 1.0000 1.0000 1.0000 1.0000 1.0000 1.0000 1.0000 1.0000 1.0000 0.9849 0.6216 0.3923 0.2476 0.1560 0.0983 0.0627
0.0979 0.1536 0.2434 0.3864 0.6134 0.9719 1.0000 1.0000 1.0000 1.0000 1.0000 1.0000 1.0000 1.0000 1.0000 0.0000 0.0000 0.0001 0.0001 0.0002 0.0003 0.0004 0.0007 0.0010 0.0016 0.0025 0.0039 0.0061 0.0095 0.0148 0.0231 0.0361 0.0563 0.0878 0.1371 0.2139 0.3338 0.5208 0.8128 1.0000 1.0000 1.0000 1.0000 1.0000 1.0000 1.0000 1.0000 1.0000 1.0000 0.0000 0.0000 0.0000 1.0000 1.0000 1.0000 1.0000 1.0000 1.0000 1.0000 1.0000 1.0000 1.0000 0.8128 0.5208 0.3338 0.2139 0.1371 0.0878 0.0563 0.0361 0.0231 0.0148 0.0095 0.0061 0.0039 0.0025 0.0016 0.0010 0.0007 0.0004 0.0003 0.0002 0.0001 0.0001 0.0000 0.0000 1.0000 1.0000 1.0000 1.0000 1.0000 1.0000 1.0000 1.0000 1.0000 0.9719 0.6134 0.3864 0.2434 0.1536 0.0979
0.1530 0.2397 0.3798 0.6030 0.9572 1.0000 1.0000 1.0000 1.0000 1.0000 1.0000 1.0000 1.0000 1.0000 0.0000 0.0000 0.0001 0.0001 0.0002 0.0003 0.0004 0.0007 0.0010 0.0016 0.0025 0.0040 0.0062 0.0097 0.0151 0.0235 0.0367 0.0573 0.0893 0.1394 0.2176 0.3395 0.5298 0.8268 1.0000 1.0000 1.0000 1.0000 1.0000 1.0000 1.0000 1.0000 1.0000 0.0000 0.0000 0.0000 0.0001 0.0000 0.0000 0.0000 1.0000 1.0000 1.0000 1.0000 1.0000 1.0000 1.0000 1.0000 1.0000 0.8268 0.5298 0.3395 0.2176 0.1394 0.0893 0.0573 0.0367 0.0235 0.0151 0.0097 0.0062 0.0040 0.0025 0.0016 0.0010 0.0007 0.0004 0.0003 0.0002 0.0001 0.0001 0.0000 0.0000 1.0000 1.0000 1.0000 1.0000 1.0000 1.0000 1.0000 1.0000 1.0000 0.9572 0.6030 0.3798 0.2397 0.1530
0.2388 0.3741 0.5927 0.9410 1.0000 1.0000 1.0000 1.0000 1.0000 1.0000 1.0000 1.0000 1.0000 0.0000 0.0000 0.0001 0.0001 0.0002 0.0003 0.0004 0.0007 0.0010 0.0016 0.0026 0.0040 0.0063 0.0098 0.0153 0.0239 0.0372 0.0582 0.0909 0.1418 0.2213 0.3454 0.5390 0.8411 1.0000 1.0000 1.0000 1.0000 1.0000 1.0000 1.0000 1.0000 1.0000 0.0000 0.0000 0.0001 0.0001 0.0001 0.0001 0.0001 0.0000 0.0000 1.0000 1.0000 1.0000 1.0000 1.0000 1.0000 1.0000 1.0000 1.0000 0.8411 0.5390 0.3454 0.2213 0.1418 0.0909 0.0582 0.0372 0.0239 0.0153 0.0098 0.0063 0.0040 0.0026 0.0016 0.0010 0.0007 0.0004 0.0003 0.0002 0.0001 0.0001 0.0000 0.0000 1.0000 1.0000 1.0000 1.0000 1.0000 1.0000 1.0000 1.0000 1.0000 0.9410 0.5927 0.3741 0.2388
0.3727 0.5838 0.9250 1.0000 1.0000 1.0000 1.0000 1.0000 1.0000 1.0000 1.0000 1.0000 0.0000 0.0000 0.0001 0.0001 0.0002 0.0003 0.0004 0.0007 0.0011 0.0017 0.0026 0.0041 0.0063 0.0099 0.0155 0.0242 0.0378 0.0591 0.0923 0.1440 0.2247 0.3507 0.5472 0.8540 1.0000 1.0000 1.0000 1.0000 1.0000 1.0000 1.0000 1.0000 1.0000 0.0000 0.0000 0.0001 0.0001 0.0001 0.0001 0.0001 0.0001 0.0001 0.0000 0.0000 1.0000 1.0000 1.0000 1.0000 1.0000 1.0000 1.0000 1.0000 1.0000 0.8540 0.5472 0.3507 0.2247 0.1440 0.0923 0.0591 0.0378 0.0242 0.0155 0.0099 0.0063 0.0041 0.0026 0.0017 0.0011 0.0007 0.0004 0.0003 0.0002 0.0001 0.0001 0.0000 0.0000 1.0000 1.0000 1.0000 1.0000 1.0000 1.0000 1.0000 1.0000 1.0000 0.9250 0.5838 0.3727
0.5816 0.9110 1.0000 1.0000 1.0000 1.0000 1.0000 1.0000 1.0000 1.0000 1.0000 0.0000 0.0000 0.0001 0.0001 0.0002 0.0003 0.0004 0.0007 0.0011 0.0017 0.0026 0.0041 0.0064 0.0100 0.0157 0.0246 0.0383 0.0599 0.0937 0.1465 0.2286 0.3567 0.5567 0.8687 1.0000 1.0000 1.0000 1.0000 1.0000 1.0000 1.0000 1.0000 1.0000 0.0000 0.0000 0.0001 0.0001 0.0001 0.0002 0.0002 0.0002 0.0001 0.0001 0.0001 0.0000 0.0000 1.0000 1.0000 1.0000 1.0000 1.0000 1.0000 1.0000 1.0000 1.0000 0.8687 0.5567 0.3567 0.2286 0.1465 0.0937 0.0599 0.0383 0.0246 0.0157 0.0100 0.0064 0.0041 0.0026 0.0017 0.0011 0.0007 0.0004 0.0003 0.0002 0.0001 0.0001 0.0000 0.0000 1.0000 1.0000 1.0000 1.0000 1.0000 1.0000 1.0000 1.0000 1.0000 0.9110 0.5816
0.9076 1.0000 1.0000 1.0000 1.0000 1.0000 1.0000 1.0000 1.0000 1.0000 0.0000 0.0000 0.0001 0.0001 0.0002 0.0003 0.0004 0.0007 0.0011 0.0017 0.0026 0.0041 0.0065 0.0101 0.0159 0.0248 0.0388 0.0607 0.0949 0.1484 0.2321 0.3622 0.5663 0.8837 1.0000 1.0000 1.0000 1.0000 1.0000 1.0000 1.0000 1.0000 1.0000 0.0000 0.0000 0.0001 0.0001 0.0001 0.0002 0.0003 0.0003 0.0003 0.0002 0.0001 0.0001 0.0001 0.0000 0.0000 1.0000 1.0000 1.0000 1.0000 1.0000 1.0000 1.0000 1.0000 1.0000 0.8837 0.5663 0.3622 0.2321 0.1484 0.0949 0.0607 0.0388 0.0248 0.0159 0.0101 0.0065 0.0041 0.0026 0.0017 0.0011 0.0007 0.0004 0.0003 0.0002 0.0001 0.0001 0.0000 0.0000 1.0000 1.0000 1.0000 1.0000 1.0000 1.0000 1.0000 1.0000 1.0000 0.9076
1.0000 1.0000 1.0000 1.0000 1.0000 1.0000 1.0000 1.0000 1.0000 0.0000 0.0000 0.0001 0.0001 0.0002 0.0003 0.0004 0.0007 0.0011 0.0017 0.0026 0.0041 0.0065 0.0102 0.0160 0.0250 0.0392 0.0614 0.0960 0.1504 0.2352 0.3671 0.5739 0.8973 1.0000 1.0000 1.0000 1.0000 1.0000 1.0000 1.0000 1.0000 1.0000 0.0000 0.0000 0.0001 0.0001 0.0001 0.0002 0.0003 0.0004 0.0005 0.0004 0.0003 0.0002 0.0001 0.0001 0.0001 0.0000 0.0000 1.0000 1.0000 1.0000 1.0000 1.0000 1.0000 1.0000 1.0000 1.0000 0.8973 0.5739 0.3671 0.2352 0.1504 0.0960 0.0614 0.0392 0.0250 0.0160 0.0102 0.0065 0.0041 0.0026 0.0017 0.0011 0.0007 0.0004 0.0003 0.0002 0.0001 0.0001 0.0000 0.0000 1.0000 1.0000 1.0000 1.0000 1.0000 1.0000 1.0000 1.0000 1.0000
1.0000 1.0000 1.0000 1.0000 1.0000 1.0000 1.0000 1.0000 0.0000 0.0000 0.0001 0.0001 0.0002 0.0003 0.0004 0.0007 0.0011 0.0017 0.0026 0.0041 0.0065 0.0102 0.0160 0.0252 0.0395 0.0619 0.0970 0.1519 0.2379 0.3720 0.5816 0.9093 1.0000 1.0000 1.0000 1.0000 1.0000 1.0000 1.0000 1.0000 1.0000 0.0000 0.0000 0.0001 0.0001 0.0001 0.0002 0.0003 0.0005 0.0007 0.0008 0.0007 0.0005 0.0003 0.0002 0.0001 0.0001 0.0001 0.0000 0.0000 1.0000 1.0000 1.0000 1.0000 1.0000 1.0000 1.0000 1.0000 1.0000 0.9093 0.5816 0.3720 0.2379 0.1519 0.0970 0.0619 0.0395 0.0252 0.0160 0.0102 0.0065 0.0041 0.0026 0.0017 0.0011 0.0007 0.0004 0.0003 0.0002 0.0001 0.0001 0.0000 0.0000 1.0000 1.0000 1.0000 1.0000 1.0000 1.0000 1.0000 1.0000
1.0000 1.0000 1.0000 1.0000 1.0000 1.0000 1.0000 0.0000 0.0000 0.0001 0.0001 0.0002 0.0003 0.0004 0.0007 0.0010 0.0017 0.0026 0.0041 0.0065 0.0102 0.0161 0.0253 0.0397 0.0622 0.0977 0.1533 0.2402 0.3755 0.5882 0.9215 1.0000 1.0000 1.0000 1.0000 1.0000 1.0000 1.0000 1.0000 1.0000 0.0000 0.0000 0.0001 0.0001 0.0001 0.0002 0.0004 0.0005 0.0008 0.0011 0.0013 0.0011 0.0008 0.0005 0.0004 0.0002 0.0001 0.0001 0.0001 0.0000 0.0000 1.0000 1.0000 1.0000 1.0000 1.0000 1.0000 1.0000 1.0000 1.0000 0.9215 0.5882 0.3755 0.2402 0.1533 0.0977 0.0622 0.0397 0.0253 0.0161 0.0102 0.0065 0.0041 0.0026 0.0017 0.0010 0.0007 0.0004 0.0003 0.0002 0.0001 0.0001 0.0000 0.0000 1.0000 1.0000 1.0000 1.0000 1.0000 1.0000 1.0000
1.0000 1.0000 1.0000 1.0000 1.0000 1.0000 0.0000 0.0000 0.0001 0.0001 0.0002 0.0003 0.0004 0.0007 0.0010 0.0016 0.0026 0.0041 0.0065 0.0102 0.0160 0.0253 0.0397 0.0625 0.0983 0.1542 0.2416 0.3791 0.5939 0.9303 1.0000 1.0000 1.0000 1.0000 1.0000 1.0000 1.0000 1.0000 1.0000 0.0000 0.0000 0.0001 0.0001 0.0001 0.0002 0.0004 0.0006 0.0009 0.0013 0.0018 0.0021 0.0018 0.0013 0.0009 0.0006 0.0004 0.0002 0.0001 0.0001 0.0001 0.0000 0.0000 1.0000 1.0000 1.0000 1.0000 1.0000 1.0000 1.0000 1.0000 1.0000 0.9303 0.5939 0.3791 0.2416 0.1542 0.0983 0.0625 0.0397 0.0253 0.0160 0.0102 0.0065 0.0041 0.0026 0.0016 0.0010 0.0007 0.0004 0.0003 0.0002 0.0001 0.0001 0.0000 0.0000 1.0000 1.0000 1.0000 1.0000 1.0000 1.0000
1.0000 1.0000 1.0000 1.0000 1.0000 0.0000 0.0000 0.0001 0.0001 0.0002 0.0003 0.0004 0.0006 0.0010 0.0016 0.0026 0.0041 0.0064 0.0101 0.0160 0.0252 0.0397 0.0625 0.0984 0.1545 0.2429 0.3813 0.5984 0.9374 1.0000 1.0000 1.0000 1.0000 1.0000 1.0000 1.0000 1.0000 1.0000 0.0000 0.0000 0.0001 0.0001 0.0001 0.0002 0.0004 0.0006 0.0009 0.0014 0.0020 0.0028 0.0033 0.0028 0.0020 0.0014 0.0009 0.0006 0.0004 0.0002 0.0001 0.0001 0.0001 0.0000 0.0000 1.0000 1.0000 1.0000 1.0000 1.0000 1.0000 1.0000 1.0000 1.0000 0.9374 0.5984 0.3813 0.2429 0.1545 0.0984 0.0625 0.0397 0.0252 0.0160 0.0101 0.0064 0.0041 0.0026 0.0016 0.0010 0.0006 0.0004 0.0003 0.0002 0.0001 0.0001 0.0000 0.0000 1.0000 1.0000 1.0000 1.0000 1.0000
1.0000 1.0000 1.0000 1.0000 0.0000 0.0000 0.0001 0.0001 0.0002 0.0003 0.0004 0.0006 0.0010 0.0016 0.0025 0.0040 0.0063 0.0100 0.0159 0.0250 0.0395 0.0622 0.0983 0.1545 0.2434 0.3827 0.6007 0.9427 1.0000 1.0000 1.0000 1.0000 1.0000 1.0000 1.0000 1.0000 1.0000 0.0000 0.0000 0.0001 0.0001 0.0002 0.0002 0.0004 0.0006 0.0009 0.0014 0.0022 0.0032 0.0045 0.0052 0.0045 0.0032 0.0022 0.0014 0.0009 0.0006 0.0004 0.0002 0.0002 0.0001 0.0001 0.0000 0.0000 1.0000 1.0000 1.0000 1.0000 1.0000 1.0000 1.0000 1.0000 1.0000 0.9427 0.6007 0.3827 0.2434 0.1545 0.0983 0.0622 0.0395 0.0250 0.0159 0.0100 0.0063 0.0040 0.0025 0.0016 0.0010 0.0006 0.0004 0.0003 0.0002 0.0001 0.0001 0.0000 0.0000 1.0000 1.0000 1.0000 1.0000
1.0000 1.0000 1.0000 0.0000 0.0000 0.0001 0.0001 0.0002 0.0002 0.0004 0.0006 0.0010 0.0016 0.0025 0.0040 0.0063 0.0099 0.0157 0.0248 0.0392 0.0619 0.0977 0.1542 0.2429 0.3827 0.6018 0.9463 1.0000 1.0000 1.0000 1.0000 1.0000 1.0000 1.0000 1.0000 1.0000 0.0000 0.0000 0.0001 0.0001 0.0002 0.0002 0.0004 0.0006 0.0009 0.0014 0.0022 0.0034 0.0052 0.0072 0.0083 0.0072 0.0052 0.0034 0.0022 0.0014 0.0009 0.0006 0.0004 0.0002 0.0002 0.0001 0.0001 0.0000 0.0000 1.0000 1.0000 1.0000 1.0000 1.0000 1.0000 1.0000 1.0000 1.0000 0.9463 0.6018 0.3827 0.2429 0.1542 0.0977 0.0619 0.0392 0.0248 0.0157 0.0099 0.0063 0.0040 0.0025 0.0016 0.0010 0.0006 0.0004 0.0002 0.0002 0.0001 0.0001 0.0000 0.0000 1.0000 1.0000 1.0000
1.0000 1.0000 0.0000 0.0000 0.0001 0.0001 0.0002 0.0002 0.0004 0.0006 0.0010 0.0015 0.0025 0.0039 0.0062 0.0098 0.0155 0.0246 0.0388 0.0614 0.0970 0.1533 0.2416 0.3813 0.6007 0.9463 1.0000 1.0000 1.0000 1.0000 1.0000 1.0000 1.0000 1.0000 1.0000 0.0000 0.0000 0.0001 0.0001 0.0002 0.0002 0.0004 0.0006 0.0009 0.0015 0.0023 0.0035 0.0054 0.0082 0.0114 0.0131 0.0114 0.0082 0.0054 0.0035 0.0023 0.0015 0.0009 0.0006 0.0004 0.0002 0.0002 0.0001 0.0001 0.0000 0.0000 1.0000 1.0000 1.0000 1.0000 1.0000 1.0000 1.0000 1.0000 1.0000 0.9463 0.6007 0.3813 0.2416 0.1533 0.0970 0.0614 0.0388 0.0246 0.0155 0.0098 0.0062 0.0039 0.0025 0.0015 0.0010 0.0006 0.0004 0.0002 0.0002 0.0001 0.0001 0.0000 0.0000 1.0000 1.0000
1.0000 0.0000 0.0000 0.0001 0.0001 0.0002 0.0002 0.0004 0.0006 0.0010 0.0015 0.0024 0.0038 0.0061 0.0097 0.0153 0.0242 0.0383 0.0607 0.0960 0.1519 0.2402 0.3791 0.5984 0.9427 1.0000 1.0000 1.0000 1.0000 1.0000 1.0000 1.0000 1.0000 1.0000 0.0000 0.0000 0.0001 0.0001 0.0002 0.0002 0.0004 0.0006 0.0009 0.0015 0.0023 0.0036 0.0056 0.0086 0.0130 0.0181 0.0209 0.0181 0.0130 0.0086 0.0056 0.0036 0.0023 0.0015 0.0009 0.0006 0.0004 0.0002 0.0002 0.0001 0.0001 0.0000 0.0000 1.0000 1.0000 1.0000 1.0000 1.0000 1.0000 1.0000 1.0000 1.0000 0.9427 0.5984 0.3791 0.2402 0.1519 0.0960 0.0607 0.0383 0.0242 0.0153 0.0097 0.0061 0.0038 0.0024 0.0015 0.0010 0.0006 0.0004 0.0002 0.0002 0.0001 0.0001 0.0000 0.0000 1.0000
0.0000 0.0000 0.0001 0.0001 0.0001 0.0002 0.0004 0.0006 0.0009 0.0015 0.0024 0.0038 0.0060 0.0095 0.0151 0.0239 0.0378 0.0599 0.0949 0.1504 0.2379 0.3755 0.5939 0.9374 1.0000 1.0000 1.0000 1.0000 1.0000 1.0000 1.0000 1.0000 1.0000 0.0000 0.0000 0.0001 0.0001 0.0002 0.0003 0.0004 0.0006 0.0010 0.0015 0.0023 0.0037 0.0057 0.0089 0.0137 0.0206 0.0287 0.0331 0.0287 0.0206 0.0137 0.0089 0.0057 0.0037 0.0023 0.0015 0.0010 0.0006 0.0004 0.0003 0.0002 0.0001 0.0001 0.0000 0.0000 1.0000 1.0000 1.0000 1.0000 1.0000 1.0000 1.0000 1.0000 1.0000 0.9374 0.5939 0.3755 0.2379 0.1504 0.0949 0.0599 0.0378 0.0239 0.0151 0.0095 0.0060 0.0038 0.0024 0.0015 0.0009 0.0006 0.0004 0.0002 0.0001 0.0001 0.0001 0.0000 0.0000
0.0000 0.0001 0.0001 0.0001 0.0002 0.0004 0.0006 0.0009 0.0015 0.0023 0.0037 0.0059 0.0093 0.0148 0.0235 0.0372 0.0591 0.0937 0.1484 0.2352 0.3720 0.5882 0.9303 1.0000 1.0000 1.0000 1.0000 1.0000 1.0000 1.0000 1.0000 1.0000 0.0000 0.0000 0.0001 0.0001 0.0002 0.0003 0.0004 0.0006 0.0010 0.0015 0.0024 0.0037 0.0058 0.0090 0.0141 0.0217 0.0327 0.0455 0.0526 0.0455 0.0327 0.0217 0.0141 0.0090 0.0058 0.0037 0.0024 0.0015 0.0010 0.0006 0.0004 0.0003 0.0002 0.0001 0.0001 0.0000 0.0000 1.0000 1.0000 1.0000 1.0000 1.0000 1.0000 1.0000 1.0000 1.0000 0.9303 0.5882 0.3720 0.2352 0.1484 0.0937 0.0591 0.0372 0.0235 0.0148 0.0093 0.0059 0.0037 0.0023 0.0015 0.0009 0.0006 0.0004 0.0002 0.0001 0.0001 0.0001 0.0000
0.0001 0.0001 0.0001 0.0002 0.0004 0.0006 0.0009 0.0014 0.0023 0.0036 0.0058 0.0092 0.0146 0.0231 0.0367 0.0582 0.0923 0.1465 0.2321 0.3671 0.5816 0.9215 1.0000 1.0000 1.0000 1.0000 1.0000 1.0000 1.0000 1.0000 1.0000 0.0000 0.0000 0.0001 0.0001 0.0002 0.0003 0.0004 0.0006 0.0010 0.0015 0.0024 0.0038 0.0059 0.0092 0.0143 0.0223 0.0345 0.0519 0.0722 0.0833 0.0722 0.0519 0.0345 0.0223 0.0143 0.0092 0.0059 0.0038 0.0024 0.0015 0.0010 0.0006 0.0004 0.0003 0.0002 0.0001 0.0001 0.0000 0.0000 1.0000 1.0000 1.0000 1.0000 1.0000 1.0000 1.0000 1.0000 1.0000 0.9215 0.5816 0.3671 0.2321 0.1465 0.0923 0.0582 0.0367 0.0231 0.0146 0.0092 0.0058 0.0036 0.0023 0.0014 0.0009 0.0006 0.0004 0.0002 0.0001 0.0001 0.0001
0.0001 0.0001 0.0002 0.0004 0.0006 0.0009 0.0014 0.0023 0.0036 0.0057 0.0090 0.0143 0.0227 0.0361 0.0573 0.0909 0.1440 0.2286 0.3622 0.5739 0.9093 1.0000 1.0000 1.0000 1.0000 1.0000 1.0000 1.0000 1.0000 1.0000 0.0000 0.0000 0.0001 0.0001 0.0002 0.0003 0.0004 0.0006 0.0010 0.0016 0.0024 0.0038 0.0060 0.0093 0.0145 0.0227 0.0353 0.0546 0.0822 0.1144 0.1322 0.1144 0.0822 0.0546 0.0353 0.0227 0.0145 0.0093 0.0060 0.0038 0.0024 0.0016 0.0010 0.0006 0.0004 0.0003 0.0002 0.0001 0.0001 0.0000 0.0000 1.0000 1.0000 1.0000 1.0000 1.0000 1.0000 1.0000 1.0000 1.0000 0.9093 0.5739 0.3622 0.2286 0.1440 0.0909 0.0573 0.0361 0.0227 0.0143 0.0090 0.0057 0.0036 0.0023 0.0014 0.0009 0.0006 0.0004 0.0002 0.0001 0.0001
0.0001 0.0002 0.0004 0.0006 0.0009 0.0014 0.0022 0.0035 0.0056 0.0089 0.0141 0.0224 0.0355 0.0563 0.0893 0.1418 0.2247 0.3567 0.5663 0.8973 1.0000 1.0000 1.0000 1.0000 1.0000 1.0000 1.0000 1.0000 1.0000 0.0000 0.0000 0.0001 0.0001 0.0002 0.0003 0.0004 0.0006 0.0010 0.0016 0.0025 0.0038 0.0060 0.0094 0.0147 0.0230 0.0359 0.0561 0.0865 0.1302 0.1816 0.2094 0.1816 0.1302 0.0865 0.0561 0.0359 0.0230 0.0147 0.0094 0.0060 0.0038 0.0025 0.0016 0.0010 0.0006 0.0004 0.0003 0.0002 0.0001 0.0001 0.0000 0.0000 1.0000 1.0000 1.0000 1.0000 1.0000 1.0000 1.0000 1.0000 1.0000 0.8973 0.5663 0.3567 0.2247 0.1418 0.0893 0.0563 0.0355 0.0224 0.0141 0.0089 0.0056 0.0035 0.0022 0.0014 0.0009 0.0006 0.0004 0.0002 0.0001
0.0002 0.0003 0.0005 0.0009 0.0014 0.0022 0.0035 0.0055 0.0087 0.0139 0.0220 0.0349 0.0553 0.0878 0.1394 0.2213 0.3507 0.5567 0.8837 1.0000 1.0000 1.0000 1.0000 1.0000 1.0000 1.0000 1.0000 1.0000 0.0000 0.0000 0.0001 0.0001 0.0002 0.0003 0.0004 0.0006 0.0010 0.0016 0.0025 0.0039 0.0061 0.0095 0.0149 0.0233 0.0365 0.0569 0.0888 0.1371 0.2063 0.2877 0.3319 0.2877 0.2063 0.1371 0.0888 0.0569 0.0365 0.0233 0.0149 0.0095 0.0061 0.0039 0.0025 0.0016 0.0010 0.0006 0.0004 0.0003 0.0002 0.0001 0.0001 0.0000 0.0000 1.0000 1.0000 1.0000 1.0000 1.0000 1.0000 1.0000 1.0000 1.0000 0.8837 0.5567 0.3507 0.2213 0.1394 0.0878 0.0553 0.0349 0.0220 0.0139 0.0087 0.0055 0.0035 0.0022 0.0014 0.0009 0.0005 0.0003 0.0002
0.0003 0.0005 0.0009 0.0014 0.0021 0.0034 0.0054 0.0086 0.0136 0.0216 0.0343 0.0545 0.0863 0.1371 0.2176 0.3454 0.5472 0.8687 1.0000 1.0000 1.0000 1.0000 1.0000 1.0000 1.0000 1.0000 1.0000 0.0000 0.0000 0.0001 0.0001 0.0002 0.0003 0.0004 0.0006 0.0010 0.0016 0.0025 0.0039 0.0061 0.0096 0.0150 0.0236 0.0369 0.0577 0.0902 0.1405 0.2172 0.3268 0.4559 0.5258 0.4559 0.3268 0.2172 0.1405 0.0902 0.0577 0.0369 0.0236 0.0150 0.0096 0.0061 0.0039 0.0025 0.0016 0.0010 0.0006 0.0004 0.0003 0.0002 0.0001 0.0001 0.0000 0.0000 1.0000 1.0000 1.0000 1.0000 1.0000 1.0000 1.0000 1.0000 1.0000 0.8687 0.5472 0.3454 0.2176 0.1371 0.0863 0.0545 0.0343 0.0216 0.0136 0.0086 0.0054 0.0034 0.0021 0.0014 0.0009 0.0005 0.0003
0.0005 0.0008 0.0013 0.0021 0.0034 0.0053 0.0085 0.0134 0.0213 0.0337 0.0536 0.0850 0.1347 0.2139 0.3395 0.5390 0.8540 1.0000 1.0000 1.0000 1.0000 1.0000 1.0000 1.0000 1.0000 1.0000 0.0000 0.0000 0.0001 0.0001 0.0002 0.0003 0.0004 0.0006 0.0010 0.0016 0.0025 0.0039 0.0062 0.0097 0.0152 0.0238 0.0372 0.0582 0.0912 0.1426 0.2226 0.3441 0.5179 0.7224 0.8331 0.7224 0.5179 0.3441 0.2226 0.1426 0.0912 0.0582 0.0372 0.0238 0.0152 0.0097 0.0062 0.0039 0.0025 0.0016 0.0010 0.0006 0.0004 0.0003 0.0002 0.0001 0.0001 0.0000 0.0000 1.0000 1.0000 1.0000 1.0000 1.0000 1.0000 1.0000 1.0000 1.0000 0.8540 0.5390 0.3395 0.2139 0.1347 0.0850 0.0536 0.0337 0.0213 0.0134 0.0085 0.0053 0.0034 0.0021 0.0013 0.0008 0.0005
0.0008 0.0013 0.0021 0.0033 0.0052 0.0083 0.0132 0.0209 0.0332 0.0527 0.0836 0.1327 0.2102 0.3338 0.5298 0.8411 1.0000 1.0000 1.0000 1.0000 1.0000 1.0000 1.0000 1.0000 1.0000 0.0000 0.0000 0.0001 0.0001 0.0002 0.0003 0.0004 0.0006 0.0010 0.0016 0.0025 0.0039 0.0062 0.0097 0.0152 0.0239 0.0375 0.0588 0.0921 0.1443 0.2256 0.3520 0.5441 0.8205 1.0000 1.0000 1.0000 0.8205 0.5441 0.3520 0.2256 0.1443 0.0921 0.0588 0.0375 0.0239 0.0152 0.0097 0.0062 0.0039 0.0025 0.0016 0.0010 0.0006 0.0004 0.0003 0.0002 0.0001 0.0001 0.0000 0.0000 1.0000 1.0000 1.0000 1.0000 1.0000 1.0000 1.0000 1.0000 1.0000 0.8411 0.5298 0.3338 0.2102 0.1327 0.0836 0.0527 0.0332 0.0209 0.0132 0.0083 0.0052 0.0033 0.0021 0.0013 0.0008
0.0013 0.0020 0.0032 0.0052 0.0082 0.0130 0.0206 0.0327 0.0518 0.0822 0.1304 0.2071 0.3281 0.5208 0.8268 1.0000 1.0000 1.0000 1.0000 1.0000 1.0000 1.0000 1.0000 1.0000 0.0000 0.0000 0.0001 0.0001 0.0002 0.0003 0.0004 0.0006 0.0010 0.0016 0.0025 0.0039 0.0062 0.0097 0.0153 0.0240 0.0377 0.0591 0.0928 0.1457 0.2282 0.3567 0.5567 0.8621 1.0000 1.0000 1.0000 1.0000 1.0000 0.8621 0.5567 0.3567 0.2282 0.1457 0.0928 0.0591 0.0377 0.0240 0.0153 0.0097 0.0062 0.0039 0.0025 0.0016 0.0010 0.0006 0.0004 0.0003 0.0002 0.0001 0.0001 0.0000 0.0000 1.0000 1.0000 1.0000 1.0000 1.0000 1.0000 1.0000 1.0000 1.0000 0.8268 0.5208 0.3281 0.2071 0.1304 0.0822 0.0518 0.0327 0.0206 0.0130 0.0082 0.0052 0.0032 0.0020 0.0013
0.0020 0.0032 0.0051 0.0080 0.0127 0.0202 0.0321 0.0510 0.0808 0.1282 0.2036 0.3231 0.5120 0.8128 1.0000 1.0000 1.0000 1.0000 1.0000 1.0000 1.0000 1.0000 1.0000 0.0000 0.0000 0.0001 0.0001 0.0002 0.0003 0.0004 0.0006 0.0010 0.0016 0.0025 0.0039 0.0062 0.0097 0.0153 0.0241 0.0378 0.0594 0.0933 0.1465 0.2299 0.3601 0.5641 0.8804 1.0000 1.0000 1.0000 1.0000 1.0000 1.0000 1.0000 0.8804 0.5641 0.3601 0.2299 0.1465 0.0933 0.0594 0.0378 0.0241 0.0153 0.0097 0.0062 0.0039 0.0025 0.0016 0.0010 0.0006 0.0004 0.0003 0.0002 0.0001 0.0001 0.0000 0.0000 1.0000 1.0000 1.0000 1.0000 1.0000 1.0000 1.0000 1.0000 1.0000 0.8128 0.5120 0.3231 0.2036 0.1282 0.0808 0.0510 0.0321 0.0202 0.0127 0.0080 0.0051 0.0032 0.0020
0.0032 0.0050 0.0079 0.0126 0.0199 0.0316 0.0501 0.0796 0.1261 0.2001 0.3177 0.5043 0.7990 1.0000 1.0000 1.0000 1.0000 1.0000 1.0000 1.0000 1.0000 1.0000 0.0000 0.0000 0.0001 0.0001 0.0002 0.0002 0.0004 0.0006 0.0010 0.0016 0.0025 0.0039 0.0061 0.0097 0.0152 0.0240 0.0378 0.0595 0.0935 0.1470 0.2308 0.3622 0.5685 0.8905 1.0000 1.0000 1.0000 1.0000 1.0000 1.0000 1.0000 1.0000 1.0000 0.8905 0.5685 0.3622 0.2308 0.1470 0.0935 0.0595 0.0378 0.0240 0.0152 0.0097 0.0061 0.0039 0.0025 0.0016 0.0010 0.0006 0.0004 0.0002 0.0002 0.0001 0.0001 0.0000 0.0000 1.0000 1.0000 1.0000 1.0000 1.0000 1.0000 1.0000 1.0000 1.0000 0.7990 0.5043 0.3177 0.2001 0.1261 0.0796 0.0501 0.0316 0.0199 0.0126 0.0079 0.0050 0.0032
0.0050 0.0078 0.0123 0.0196 0.0310 0.0493 0.0782 0.1241 0.1967 0.3123 0.4957 0.7869 1.0000 1.0000 1.0000 1.0000 1.0000 1.0000 1.0000 1.0000 1.0000 0.0000 0.0000 0.0001 0.0001 0.0002 0.0002 0.0004 0.0006 0.0010 0.0015 0.0024 0.0038 0.0061 0.0096 0.0152 0.0239 0.0377 0.0594 0.0935 0.1473 0.2317 0.3636 0.5717 0.8973 1.0000 1.0000 1.0000 1.0000 1.0000 1.0000 1.0000 1.0000 1.0000 1.0000 1.0000 0.8973 0.5717 0.3636 0.2317 0.1473 0.0935 0.0594 0.0377 0.0239 0.0152 0.0096 0.0061 0.0038 0.0024 0.0015 0.0010 0.0006 0.0004 0.0002 0.0002 0.0001 0.0001 0.0000 0.0000 1.0000 1.0000 1.0000 1.0000 1.0000 1.0000 1.0000 1.0000 1.0000 0.7869 0.4957 0.3123 0.1967 0.1241 0.0782 0.0493 0.0310 0.0196 0.0123 0.0078 0.0050
0.0077 0.0121 0.0193 0.0306 0.0484 0.0769 0.1220 0.1937 0.3070 0.4873 0.7736 1.0000 1.0000 1.0000 1.0000 1.0000 1.0000 1.0000 1.0000 1.0000 0.0000 0.0000 0.0001 0.0001 0.0002 0.0002 0.0004 0.0006 0.0010 0.0015 0.0024 0.0038 0.0060 0.0095 0.0150 0.0238 0.0375 0.0591 0.0933 0.1470 0.2317 0.3643 0.5728 0.9007 1.0000 1.0000 1.0000 1.0000 1.0000 1.0000 1.0000 1.0000 1.0000 1.0000 1.0000 1.0000 1.0000 0.9007 0.5728 0.3643 0.2317 0.1470 0.0933 0.0591 0.0375 0.0238 0.0150 0.0095 0.0060 0.0038 0.0024 0.0015 0.0010 0.0006 0.0004 0.0002 0.0002 0.0001 0.0001 0.0000 0.0000 1.0000 1.0000 1.0000 1.0000 1.0000 1.0000 1.0000 1.0000 1.0000 0.7736 0.4873 0.3070 0.1937 0.1220 0.0769 0.0484 0.0306 0.0193 0.0121 0.0077
0.0121 0.0189 0.0300 0.0477 0.0756 0.1200 0.1904 0.3023 0.4799 0.7604 1.0000 1.0000 1.0000 1.0000 1.0000 1.0000 1.0000 1.0000 1.0000 0.0000 0.0000 0.0001 0.0001 0.0001 0.0002 0.0004 0.0006 0.0009 0.0015 0.0024 0.0038 0.0060 0.0094 0.0149 0.0236 0.0372 0.0588 0.0928 0.1465 0.2308 0.3636 0.5728 0.9024 1.0000 1.0000 1.0000 1.0000 1.0000 1.0000 1.0000 1.0000 1.0000 1.0000 1.0000 1.0000 1.0000 1.0000 1.0000 0.9024 0.5728 0.3636 0.2308 0.1465 0.0928 0.0588 0.0372 0.0236 0.0149 0.0094 0.0060 0.0038 0.0024 0.0015 0.0009 0.0006 0.0004 0.0002 0.0001 0.0001 0.0001 0.0000 0.0000 1.0000 1.0000 1.0000 1.0000 1.0000 1.0000 1.0000 1.0000 1.0000 0.7604 0.4799 0.3023 0.1904 0.1200 0.0756 0.0477 0.0300 0.0189 0.0121
0.0189 0.0295 0.0469 0.0744 0.1179 0.1872 0.2972 0.4718 0.7490 1.0000 1.0000 1.0000 1.0000 1.0000 1.0000 1.0000 1.0000 1.0000 0.0000 0.0000 0.0001 0.0001 0.0001 0.0002 0.0004 0.0006 0.0009 0.0015 0.0023 0.0037 0.0059 0.0093 0.0147 0.0233 0.0369 0.0582 0.0921 0.1457 0.2299 0.3622 0.5717 0.9007 1.0000 1.0000 1.0000 1.0000 1.0000 1.0000 1.0000 1.0000 1.0000 1.0000 1.0000 1.0000 1.0000 1.0000 1.0000 1.0000 1.0000 0.9007 0.5717 0.3622 0.2299 0.1457 0.0921 0.0582 0.0369 0.0233 0.0147 0.0093 0.0059 0.0037 0.0023 0.0015 0.0009 0.0006 0.0004 0.0002 0.0001 0.0001 0.0001 0.0000 0.0000 1.0000 1.0000 1.0000 1.0000 1.0000 1.0000 1.0000 1.0000 1.0000 0.7490 0.4718 0.2972 0.1872 0.1179 0.0744 0.0469 0.0295 0.0189
0.0294 0.0461 0.0732 0.1162 0.1840 0.2922 0.4638 0.7362 1.0000 1.0000 1.0000 1.0000 1.0000 1.0000 1.0000 1.0000 1.0000 0.0000 0.0000 0.0001 0.0001 0.0001 0.0002 0.0004 0.0006 0.0009 0.0015 0.0023 0.0037 0.0058 0.0092 0.0145 0.0230 0.0365 0.0577 0.0912 0.1443 0.2282 0.3601 0.5685 0.8973 1.0000 1.0000 1.0000 1.0000 1.0000 1.0000 1.0000 1.0000 1.0000 1.0000 1.0000 1.0000 1.0000 1.0000 1.0000 1.0000 1.0000 1.0000 1.0000 0.8973 0.5685 0.3601 0.2282 0.1443 0.0912 0.0577 0.0365 0.0230 0.0145 0.0092 0.0058 0.0037 0.0023 0.0015 0.0009 0.0006 0.0004 0.0002 0.0001 0.0001 0.0001 0.0000 0.0000 1.0000 1.0000 1.0000 1.0000 1.0000 1.0000 1.0000 1.0000 1.0000 0.7362 0.4638 0.2922 0.1840 0.1162 0.0732 0.0461 0.0294
0.0458 0.0719 0.1140 0.1809 0.2872 0.4559 0.7224 1.0000 1.0000 1.0000 1.0000 1.0000 1.0000 1.0000 1.0000 1.0000 0.0000 0.0000 0.0001 0.0001 0.0001 0.0002 0.0004 0.0006 0.0009 0.0014 0.0023 0.0036 0.0057 0.0090 0.0143 0.0227 0.0359 0.0569 0.0902 0.1426 0.2256 0.3567 0.5641 0.8905 1.0000 1.0000 1.0000 1.0000 1.0000 1.0000 1.0000 1.0000 1.0000 0.0000 0.0000 0.0000 1.0000 1.0000 1.0000 1.0000 1.0000 1.0000 1.0000 1.0000 1.0000 0.8905 0.5641 0.3567 0.2256 0.1426 0.0902 0.0569 0.0359 0.0227 0.0143 0.0090 0.0057 0.0036 0.0023 0.0014 0.0009 0.0006 0.0004 0.0002 0.0001 0.0001 0.0001 0.0000 0.0000 1.0000 1.0000 1.0000 1.0000 1.0000 1.0000 1.0000 1.0000 1.0000 0.7224 0.4559 0.2872 0.1809 0.1140 0.0719 0.0458
0.0712 0.1116 0.1772 0.2813 0.4465 0.7074 1.0000 1.0000 1.0000 1.0000 1.0000 1.0000 1.0000 1.0000 1.0000 0.0000 0.0000 0.0001 0.0001 0.0001 0.0002 0.0004 0.0006 0.0009 0.0014 0.0022 0.0035 0.0056 0.0089 0.0141 0.0223 0.0353 0.0561 0.0888 0.1405 0.2226 0.3520 0.5567 0.8804 1.0000 1.0000 1.0000 1.0000 1.0000 1.0000 1.0000 1.0000 1.0000 0.0000 0.0000 0.0000 0.0000 0.0000 1.0000 1.0000 1.0000 1.0000 1.0000 1.0000 1.0000 1.0000 1.0000 0.8804 0.5567 0.3520 0.2226 0.1405 0.0888 0.0561 0.0353 0.0223 0.0141 0.0089 0.0056 0.0035 0.0022 0.0014 0.0009 0.0006 0.0004 0.0002 0.0001 0.0001 0.0001 0.0000 0.0000 1.0000 1.0000 1.0000 1.0000 1.0000 1.0000 1.0000 1.0000 1.0000 0.7074 0.4465 0.2813 0.1772 0.1116 0.0712
0.1093 0.1715 0.2723 0.4323 0.6875 1.0000 1.0000 1.0000 1.0000 1.0000 1.0000 1.0000 1.0000 1.0000 0.0000 0.0000 0.0001 0.0001 0.0001 0.0002 0.0003 0.0005 0.0009 0.0014 0.0022 0.0034 0.0054 0.0086 0.0137 0.0217 0.0345 0.0546 0.0865 0.1371 0.2172 0.3441 0.5441 0.8621 1.0000 1.0000 1.0000 1.0000 1.0000 1.0000 1.0000 1.0000 1.0000 0.0000 0.0000 0.0001 0.0001 0.0001 0.0000 0.0000 1.0000 1.0000 1.0000 1.0000 1.0000 1.0000 1.0000 1.0000 1.0000 0.8621 0.5441 0.3441 0.2172 0.1371 0.0865 0.0546 0.0345 0.0217 0.0137 0.0086 0.0054 0.0034 0.0022 0.0014 0.0009 0.0005 0.0003 0.0002 0.0001 0.0001 0.0001 0.0000 0.0000 1.0000 1.0000 1.0000 1.0000 1.0000 1.0000 1.0000 1.0000 1.0000 0.6875 0.4323 0.2723 0.1715 0.1093
0.1623 0.2553 0.4068 0.6469 1.0000 1.0000 1.0000 1.0000 1.0000 1.0000 1.0000 1.0000 1.0000 1.0000 0.0000 0.0001 0.0001 0.0001 0.0002 0.0003 0.0005 0.0008 0.0013 0.0020 0.0032 0.0052 0.0082 0.0130 0.0206 0.0327 0.0519 0.0822 0.1302 0.2063 0.3268 0.5179 0.8205 1.0000 1.0000 1.0000 1.0000 1.0000 1.0000 1.0000 1.0000 1.0000 0.0000 0.0000 0.0001 0.0001 0.0001 0.0001 0.0001 0.0000 0.0000 1.0000 1.0000 1.0000 1.0000 1.0000 1.0000 1.0000 1.0000 1.0000 0.8205 0.5179 0.3268 0.2063 0.1302 0.0822 0.0519 0.0327 0.0206 0.0130 0.0082 0.0052 0.0032 0.0020 0.0013 0.0008 0.0005 0.0003 0.0002 0.0001 0.0001 0.0001 0.0000 1.0000 1.0000 1.0000 1.0000 1.0000 1.0000 1.0000 1.0000 1.0000 1.0000 0.6469 0.4068 0.2553 0.1623
0.2213 0.3507 0.5599 0.8939 1.0000 1.0000 1.0000 1.0000 1.0000 1.0000 1.0000 1.0000 1.0000 0.0000 0.0000 0.0001 0.0001 0.0002 0.0003 0.0004 0.0007 0.0011 0.0018 0.0028 0.0045 0.0072 0.0114 0.0181 0.0287 0.0455 0.0722 0.1144 0.1816 0.2877 0.4559 0.7224 1.0000 1.0000 1.0000 1.0000 1.0000 1.0000 1.0000 1.0000 1.0000 0.0000 0.0000 0.0001 0.0001 0.0001 0.0001 0.0001 0.0001 0.0001 0.0000 0.0000 1.0000 1.0000 1.0000 1.0000 1.0000 1.0000 1.0000 1.0000 1.0000 0.7224 0.4559 0.2877 0.1816 0.1144 0.0722 0.0455 0.0287 0.0181 0.0114 0.0072 0.0045 0.0028 0.0018 0.0011 0.0007 0.0004 0.0003 0.0002 0.0001 0.0001 0.0000 0.0000 1.0000 1.0000 1.0000 1.0000 1.0000 1.0000 1.0000 1.0000 1.0000 0.8939 0.5599 0.3507 0.2213
0.2514 0.3998 0.6408 1.0000 1.0000 1.0000 1.0000 1.0000 1.0000 1.0000 1.0000 1.0000 1.0000 0.0000 0.0001 0.0001 0.0001 0.0002 0.0003 0.0005 0.0008 0.0013 0.0021 0.0033 0.0052 0.0083 0.0131 0.0209 0.0331 0.0526 0.0833 0.1322 0.2094 0.3319 0.5258 0.8331 1.0000 1.0000 1.0000 1.0000 1.0000 1.0000 1.0000 1.0000 1.0000 0.0000 0.0000 0.0001 0.0001 0.0001 0.0001 0.0001 0.0001 0.0001 0.0000 0.0000 1.0000 1.0000 1.0000 1.0000 1.0000 1.0000 1.0000 1.0000 1.0000 0.8331 0.5258 0.3319 0.2094 0.1322 0.0833 0.0526 0.0331 0.0209 0.0131 0.0083 0.0052 0.0033 0.0021 0.0013 0.0008 0.0005 0.0003 0.0002 0.0001 0.0001 0.0001 0.0000 1.0000 1.0000 1.0000 1.0000 1.0000 1.0000 1.0000 1.0000 1.0000 1.0000 0.6408 0.3998 0.2514
0.2213 0.3507 0.5599 0.8939 1.0000 1.0000 1.0000 1.0000 1.0000 1.0000 1.0000 1.0000 1.0000 0.0000 0.0000 0.0001 0.0001 0.0002 0.0003 0.0004 0.0007 0.0011 0.0018 0.0028 0.0045 0.0072 0.0114 0.0181 0.0287 0.0455 0.0722 0.1144 0.1816 0.2877 0.4559 0.7224 1.0000 1.0000 1.0000 1.0000 1.0000 1.0000 1.0000 1.0000 1.0000 0.0000 0.0000 0.0001 0.0001 0.0001 0.0001 0.0001 0.0001 0.0001 0.0000 0.0000 1.0000 1.0000 1.0000 1.0000 1.0000 1.0000 1.0000 1.0000 1.0000 0.7224 0.4559 0.2877 0.1816 0.1144 0.0722 0.0455 0.0287 0.0181 0.0114 0.0072 0.0045 0.0028 0.0018 0.0011 0.0007 0.0004 0.0003 0.0002 0.0001 0.0001 0.0000 0.0000 1.0000 1.0000 1.0000 1.0000 1.0000 1.0000 1.0000 1.0000 1.0000 0.8939 0.5599 0.3507 0.2213
0.1623 0.2553 0.4068 0.6469 1.0000 1.0000 1.0000 1.0000 1.0000 1.0000 1.0000 1.0000 1.0000 1.0000 0.0000 0.0001 0.0001 0.0001 0.0002 0.0003 0.0005 0.0008 0.0013 0.0020 0.0032 0.0052 0.0082 0.0130 0.0206 0.0327 0.0519 0.0822 0.1302 0.2063 0.3268 0.5179 0.8205 1.0000 1.0000 1.0000 1.0000 1.0000 1.0000 1.0000 1.0000 1.0000 0.0000 0.0000 0.0001 0.0001 0.0001 0.0001 0.0001 0.0000 0.0000 1.0000 1.0000 1.0000 1.0000 1.0000 1.0000 1.0000 1.0000 1.0000 0.8205 0.5179 0.3268 0.2063 0.1302 0.0822 0.0519 0.0327 0.0206 0.0130 0.0082 0.0052 0.0032 0.0020 0.0013 0.0008 0.0005 0.0003 0.0002 0.0001 0.0001 0.0001 0.0000 1.0000 1.0000 1.0000 1.0000 1.0000 1.0000 1.0000 1.0000 1.0000 1.0000 0.6469 0.4068 0.2553 0.1623
0.1093 0.1715 0.2723 0.4323 0.6875 1.0000 1.0000 1.0000 1.0000 1.0000 1.0000 1.0000 1.0000 1.0000 0.0000 0.0000 0.0001 0.0001 0.0001 0.0002 0.0003 0.0005 0.0009 0.0014 0.0022 0.0034 0.0054 0.0086 0.0137 0.0217 0.0345 0.0546 0.0865 0.1371 0.2172 0.3441 0.5441 0.8621 1.0000 1.0000 1.0000 1.0000 1.0000 1.0000 1.0000 1.0000 1.0000 0.0000 0.0000 0.0001 0.0001 0.0001 0.0000 0.0000 1.0000 1.0000 1.0000 1.0000 1.0000 1.0000 1.0000 1.0000 1.0000 0.8621 0.5441 0.3441 0.2172 0.1371 0.0865 0.0546 0.0345 0.0217 0.0137 0.0086 0.0054 0.0034 0.0022 0.0014 0.0009 0.0005 0.0003 0.0002 0.0001 0.0001 0.0001 0.0000 0.0000 1.0000 1.0000 1.0000 1.0000 1.0000 1.0000 1.0000 1.0000 1.0000 0.6875 0.4323 0.2723 0.1715 0.1093
0.0712 0.1116 0.1772 0.2813 0.4465 0.7074 1.0000 1.0000 1.0000 1.0000 1.0000 1.0000 1.0000 1.0000 1.0000 0.0000 0.0000 0.0001 0.0001 0.0001 0.0002 0.0004 0.0006 0.0009 0.0014 0.0022 0.0035 0.0056 0.0089 0.0141 0.0223 0.0353 0.0561 0.0888 0.1405 0.2226 0.3520 0.5567 0.8804 1.0000 1.0000 1.0000 1.0000 1.0000 1.0000 1.0000 1.0000 1.0000 0.0000 0.0000 0.0000 0.0000 0.0000 1.0000 1.0000 1.0000 1.0000 1.0000 1.0000 1.0000 1.0000 1.0000 0.8804 0.5567 0.3520 0.2226 0.1405 0.0888 0.0561 0.0353 0.0223 0.0141 0.0089 0.0056 0.0035 0.0022 0.0014 0.0009 0.0006 0.0004 0.0002 0.0001 0.0001 0.0001 0.0000 0.0000 1.0000 1.0000 1.0000 1.0000 1.0000 1.0000 1.0000 1.0000 1.0000 0.7074 0.4465 0.2813 0.1772 0.1116 0.0712
0.0458 0.0719 0.1140 0.1809 0.2872 0.4559 0.7224 1.0000 1.0000 1.0000 1.0000 1.0000 1.0000 1.0000 1.0000 1.0000 0.0000 0.0000 0.0001 0.0001 0.0001 0.0002 0.0004 0.0006 0.0009 0.0014 0.0023 0.0036 0.0057 0.0090 0.0143 0.0227 0.0359 0.0569 0.0902 0.1426 0.2256 0.3567 0.5641 0.8905 1.0000 1.0000 1.0000 1.0000 1.0000 1.0000 1.0000 1.0000 1.0000 0.0000 0.0000 0.0000 1.0000 1.0000 1.0000 1.0000 1.0000 1.0000 1.0000 1.0000 1.0000 0.8905 0.5641 0.3567 0.2256 0.1426 0.0902 0.0569 0.0359 0.0227 0.0143 0.0090 0.0057 0.0036 0.0023 0.0014 0.0009 0.0006 0.0004 0.0002 0.0001 0.0001 0.0001 0.0000 0.0000 1.0000 1.0000 1.0000 1.0000 1.0000 1.0000 1.0000 1.0000 1.0000 0.7224 0.4559 0.2872 0.1809 0.1140 0.0719 0.0458
