0.1920 0.2105 0.2311 0.2551 0.2826 0.3139 0.3486 0.3858 0.4233 0.4564 0.4783 0.4863 0.4841 0.4740 0.4566 0.4318 0.3990 0.3572 0.3061 0.2477 0.1926 0.1624 0.1492 0.1418 0.1374 0.1352 0.1347 0.1360 0.1390 0.1437 0.1502 0.1586 0.1692 0.1822 0.1978 0.2162 0.2378 0.2629 0.2916 0.3239 0.3595 0.3971 0.4339 0.4644 0.4820 0.4866 0.4820 0.4704 0.4537 0.4364 0.4282 0.4364 0.4537 0.4704 0.4820 0.4866 0.4820 0.4644 0.4339 0.3971 0.3595 0.3239 0.2916 0.2629 0.2378 0.2162 0.1978 0.1822 0.1692 0.1586 0.1502 0.1437 0.1390 0.1360 0.1347 0.1352 0.1374 0.1418 0.1492 0.1624 0.1926 0.2477 0.3061 0.3572 0.3990 0.4318 0.4566 0.4740 0.4841 0.4863 0.4783 0.4564 0.4233 0.3858 0.3486 0.3139 0.2826 0.2551 0.2311 0.2105 0.1920
0.2105 0.2329 0.2571 0.2847 0.3157 0.3498 0.3859 0.4215 0.4517 0.4704 0.4767 0.4739 0.4638 0.4467 0.4224 0.3903 0.3497 0.3000 0.2432 0.1897 0.1606 0.1482 0.1413 0.1372 0.1353 0.1351 0.1366 0.1397 0.1446 0.1513 0.1600 0.1708 0.1840 0.1997 0.2184 0.2401 0.2652 0.2937 0.3257 0.3605 0.3968 0.4314 0.4587 0.4734 0.4767 0.4716 0.4596 0.4413 0.4182 0.3954 0.3845 0.3954 0.4182 0.4413 0.4596 0.4716 0.4767 0.4734 0.4587 0.4314 0.3968 0.3605 0.3257 0.2937 0.2652 0.2401 0.2184 0.1997 0.1840 0.1708 0.1600 0.1513 0.1446 0.1397 0.1366 0.1351 0.1353 0.1372 0.1413 0.1482 0.1606 0.1897 0.2432 0.3000 0.3497 0.3903 0.4224 0.4467 0.4638 0.4739 0.4767 0.4704 0.4517 0.4215 0.3859 0.3498 0.3157 0.2847 0.2571 0.2329 0.2105
0.2311 0.2571 0.2850 0.3164 0.3507 0.3870 0.4226 0.4526 0.4708 0.4767 0.4737 0.4633 0.4459 0.4213 0.3890 0.3480 0.2980 0.2410 0.1881 0.1600 0.1479 0.1411 0.1371 0.1352 0.1351 0.1366 0.1399 0.1448 0.1516 0.1603 0.1712 0.1845 0.2003 0.2191 0.2409 0.2661 0.2948 0.3269 0.3618 0.3981 0.4325 0.4595 0.4737 0.4766 0.4713 0.4589 0.4397 0.4139 0.3833 0.3537 0.3397 0.3537 0.3833 0.4139 0.4397 0.4589 0.4713 0.4766 0.4737 0.4595 0.4325 0.3981 0.3618 0.3269 0.2948 0.2661 0.2409 0.2191 0.2003 0.1845 0.1712 0.1603 0.1516 0.1448 0.1399 0.1366 0.1351 0.1352 0.1371 0.1411 0.1479 0.1600 0.1881 0.2410 0.2980 0.3480 0.3890 0.4213 0.4459 0.4633 0.4737 0.4767 0.4708 0.4526 0.4226 0.3870 0.3507 0.3164 0.2850 0.2571 0.2311
0.2551 0.2847 0.3164 0.3511 0.3876 0.4233 0.4532 0.4712 0.4768 0.4734 0.4628 0.4451 0.4203 0.3876 0.3462 0.2959 0.2388 0.1866 0.1593 0.1476 0.1409 0.1370 0.1352 0.1351 0.1367 0.1400 0.1450 0.1519 0.1607 0.1717 0.1850 0.2010 0.2198 0.2418 0.2671 0.2960 0.3282 0.3631 0.3994 0.4337 0.4603 0.4740 0.4766 0.4710 0.4582 0.4386 0.4118 0.3779 0.3389 0.3022 0.2853 0.3022 0.3389 0.3779 0.4118 0.4386 0.4582 0.4710 0.4766 0.4740 0.4603 0.4337 0.3994 0.3631 0.3282 0.2960 0.2671 0.2418 0.2198 0.2010 0.1850 0.1717 0.1607 0.1519 0.1450 0.1400 0.1367 0.1351 0.1352 0.1370 0.1409 0.1476 0.1593 0.1866 0.2388 0.2959 0.3462 0.3876 0.4203 0.4451 0.4628 0.4734 0.4768 0.4712 0.4532 0.4233 0.3876 0.3511 0.3164 0.2847 0.2551
0.2826 0.3157 0.3507 0.3876 0.4236 0.4536 0.4714 0.4768 0.4732 0.4623 0.4444 0.4193 0.3863 0.3446 0.2939 0.2366 0.1851 0.1587 0.1473 0.1407 0.1369 0.1352 0.1352 0.1368 0.1402 0.1452 0.1522 0.1611 0.1721 0.1856 0.2016 0.2206 0.2427 0.2682 0.2971 0.3294 0.3645 0.4008 0.4349 0.4610 0.4743 0.4765 0.4706 0.4576 0.4376 0.4103 0.3752 0.3324 0.2850 0.2432 0.2254 0.2432 0.2850 0.3324 0.3752 0.4103 0.4376 0.4576 0.4706 0.4765 0.4743 0.4610 0.4349 0.4008 0.3645 0.3294 0.2971 0.2682 0.2427 0.2206 0.2016 0.1856 0.1721 0.1611 0.1522 0.1452 0.1402 0.1368 0.1352 0.1352 0.1369 0.1407 0.1473 0.1587 0.1851 0.2366 0.2939 0.3446 0.3863 0.4193 0.4444 0.4623 0.4732 0.4768 0.4714 0.4536 0.4236 0.3876 0.3507 0.3157 0.2826
0.3139 0.3498 0.3870 0.4233 0.4536 0.4715 0.4768 0.4731 0.4620 0.4439 0.4185 0.3851 0.3430 0.2920 0.2346 0.1836 0.1581 0.1469 0.1405 0.1368 0.1351 0.1352 0.1369 0.1403 0.1455 0.1525 0.1614 0.1726 0.1861 0.2023 0.2214 0.2436 0.2692 0.2983 0.3307 0.3659 0.4021 0.4361 0.4618 0.4746 0.4764 0.4702 0.4570 0.4367 0.4091 0.3734 0.3291 0.2775 0.2252 0.1885 0.1771 0.1885 0.2252 0.2775 0.3291 0.3734 0.4091 0.4367 0.4570 0.4702 0.4764 0.4746 0.4618 0.4361 0.4021 0.3659 0.3307 0.2983 0.2692 0.2436 0.2214 0.2023 0.1861 0.1726 0.1614 0.1525 0.1455 0.1403 0.1369 0.1352 0.1351 0.1368 0.1405 0.1469 0.1581 0.1836 0.2346 0.2920 0.3430 0.3851 0.4185 0.4439 0.4620 0.4731 0.4768 0.4715 0.4536 0.4233 0.3870 0.3498 0.3139
0.3486 0.3859 0.4226 0.4532 0.4714 0.4768 0.4730 0.4618 0.4435 0.4178 0.3841 0.3418 0.2904 0.2328 0.1824 0.1576 0.1467 0.1404 0.1367 0.1351 0.1352 0.1370 0.1405 0.1457 0.1528 0.1618 0.1730 0.1867 0.2029 0.2221 0.2445 0.2702 0.2994 0.3320 0.3672 0.4034 0.4372 0.4625 0.4748 0.4763 0.4699 0.4563 0.4358 0.4079 0.3717 0.3268 0.2737 0.2177 0.1767 0.1597 0.1553 0.1597 0.1767 0.2177 0.2737 0.3268 0.3717 0.4079 0.4358 0.4563 0.4699 0.4763 0.4748 0.4625 0.4372 0.4034 0.3672 0.3320 0.2994 0.2702 0.2445 0.2221 0.2029 0.1867 0.1730 0.1618 0.1528 0.1457 0.1405 0.1370 0.1352 0.1351 0.1367 0.1404 0.1467 0.1576 0.1824 0.2328 0.2904 0.3418 0.3841 0.4178 0.4435 0.4618 0.4730 0.4768 0.4714 0.4532 0.4226 0.3859 0.3486
0.3858 0.4215 0.4526 0.4712 0.4768 0.4731 0.4618 0.4433 0.4174 0.3835 0.3408 0.2890 0.2312 0.1813 0.1571 0.1464 0.1402 0.1366 0.1351 0.1353 0.1371 0.1407 0.1459 0.1531 0.1622 0.1735 0.1872 0.2036 0.2229 0.2454 0.2712 0.3006 0.3332 0.3685 0.4048 0.4383 0.4632 0.4750 0.4762 0.4695 0.4557 0.4349 0.4067 0.3702 0.3249 0.2711 0.2140 0.1726 0.1548 0.1474 0.1451 0.1474 0.1548 0.1726 0.2140 0.2711 0.3249 0.3702 0.4067 0.4349 0.4557 0.4695 0.4762 0.4750 0.4632 0.4383 0.4048 0.3685 0.3332 0.3006 0.2712 0.2454 0.2229 0.2036 0.1872 0.1735 0.1622 0.1531 0.1459 0.1407 0.1371 0.1353 0.1351 0.1366 0.1402 0.1464 0.1571 0.1813 0.2312 0.2890 0.3408 0.3835 0.4174 0.4433 0.4618 0.4731 0.4768 0.4712 0.4526 0.4215 0.3858
0.4233 0.4517 0.4708 0.4768 0.4732 0.4620 0.4435 0.4174 0.3833 0.3402 0.2881 0.2300 0.1804 0.1567 0.1462 0.1401 0.1366 0.1351 0.1353 0.1372 0.1408 0.1462 0.1534 0.1626 0.1740 0.1878 0.2043 0.2237 0.2463 0.2723 0.3018 0.3345 0.3699 0.4061 0.4395 0.4638 0.4752 0.4761 0.4691 0.4551 0.4340 0.4055 0.3687 0.3230 0.2688 0.2115 0.1707 0.1531 0.1449 0.1406 0.1392 0.1406 0.1449 0.1531 0.1707 0.2115 0.2688 0.3230 0.3687 0.4055 0.4340 0.4551 0.4691 0.4761 0.4752 0.4638 0.4395 0.4061 0.3699 0.3345 0.3018 0.2723 0.2463 0.2237 0.2043 0.1878 0.1740 0.1626 0.1534 0.1462 0.1408 0.1372 0.1353 0.1351 0.1366 0.1401 0.1462 0.1567 0.1804 0.2300 0.2881 0.3402 0.3833 0.4174 0.4435 0.4620 0.4732 0.4768 0.4708 0.4517 0.4233
0.4564 0.4704 0.4767 0.4734 0.4623 0.4439 0.4178 0.3835 0.3402 0.2878 0.2294 0.1799 0.1564 0.1460 0.1399 0.1365 0.1350 0.1353 0.1373 0.1410 0.1464 0.1537 0.1630 0.1744 0.1884 0.2049 0.2245 0.2472 0.2733 0.3029 0.3358 0.3713 0.4074 0.4406 0.4645 0.4754 0.4760 0.4687 0.4544 0.4331 0.4042 0.3671 0.3211 0.2666 0.2094 0.1694 0.1523 0.1440 0.1391 0.1367 0.1360 0.1367 0.1391 0.1440 0.1523 0.1694 0.2094 0.2666 0.3211 0.3671 0.4042 0.4331 0.4544 0.4687 0.4760 0.4754 0.4645 0.4406 0.4074 0.3713 0.3358 0.3029 0.2733 0.2472 0.2245 0.2049 0.1884 0.1744 0.1630 0.1537 0.1464 0.1410 0.1373 0.1353 0.1350 0.1365 0.1399 0.1460 0.1564 0.1799 0.2294 0.2878 0.3402 0.3835 0.4178 0.4439 0.4623 0.4734 0.4767 0.4704 0.4564
0.4783 0.4767 0.4737 0.4628 0.4444 0.4185 0.3841 0.3408 0.2881 0.2294 0.1797 0.1563 0.1459 0.1399 0.1364 0.1350 0.1354 0.1374 0.1411 0.1466 0.1539 0.1633 0.1749 0.1889 0.2056 0.2252 0.2481 0.2743 0.3041 0.3371 0.3726 0.4088 0.4417 0.4651 0.4756 0.4758 0.4683 0.4537 0.4321 0.4030 0.3656 0.3192 0.2645 0.2073 0.1684 0.1518 0.1435 0.1386 0.1360 0.1350 0.1348 0.1350 0.1360 0.1386 0.1435 0.1518 0.1684 0.2073 0.2645 0.3192 0.3656 0.4030 0.4321 0.4537 0.4683 0.4758 0.4756 0.4651 0.4417 0.4088 0.3726 0.3371 0.3041 0.2743 0.2481 0.2252 0.2056 0.1889 0.1749 0.1633 0.1539 0.1466 0.1411 0.1374 0.1354 0.1350 0.1364 0.1399 0.1459 0.1563 0.1797 0.2294 0.2881 0.3408 0.3841 0.4185 0.4444 0.4628 0.4737 0.4767 0.4783
0.4863 0.4739 0.4633 0.4451 0.4193 0.3851 0.3418 0.2890 0.2300 0.1799 0.1563 0.1458 0.1398 0.1364 0.1350 0.1354 0.1375 0.1412 0.1468 0.1542 0.1637 0.1753 0.1895 0.2063 0.2260 0.2490 0.2754 0.3053 0.3384 0.3740 0.4101 0.4428 0.4657 0.4758 0.4757 0.4679 0.4531 0.4312 0.4018 0.3640 0.3173 0.2623 0.2054 0.1675 0.1514 0.1432 0.1384 0.1358 0.1349 0.1352 0.1355 0.1352 0.1349 0.1358 0.1384 0.1432 0.1514 0.1675 0.2054 0.2623 0.3173 0.3640 0.4018 0.4312 0.4531 0.4679 0.4757 0.4758 0.4657 0.4428 0.4101 0.3740 0.3384 0.3053 0.2754 0.2490 0.2260 0.2063 0.1895 0.1753 0.1637 0.1542 0.1468 0.1412 0.1375 0.1354 0.1350 0.1364 0.1398 0.1458 0.1563 0.1799 0.2300 0.2890 0.3418 0.3851 0.4193 0.4451 0.4633 0.4739 0.4863
0.4841 0.4638 0.4459 0.4203 0.3863 0.3430 0.2904 0.2312 0.1804 0.1564 0.1459 0.1398 0.1364 0.1350 0.1354 0.1375 0.1413 0.1469 0.1544 0.1639 0.1757 0.1900 0.2069 0.2268 0.2499 0.2764 0.3064 0.3397 0.3753 0.4114 0.4439 0.4664 0.4759 0.4755 0.4674 0.4524 0.4302 0.4005 0.3624 0.3154 0.2602 0.2035 0.1666 0.1510 0.1430 0.1382 0.1357 0.1349 0.1357 0.1372 0.1380 0.1372 0.1357 0.1349 0.1357 0.1382 0.1430 0.1510 0.1666 0.2035 0.2602 0.3154 0.3624 0.4005 0.4302 0.4524 0.4674 0.4755 0.4759 0.4664 0.4439 0.4114 0.3753 0.3397 0.3064 0.2764 0.2499 0.2268 0.2069 0.1900 0.1757 0.1639 0.1544 0.1469 0.1413 0.1375 0.1354 0.1350 0.1364 0.1398 0.1459 0.1564 0.1804 0.2312 0.2904 0.3430 0.3863 0.4203 0.4459 0.4638 0.4841
0.4740 0.4467 0.4213 0.3876 0.3446 0.2920 0.2328 0.1813 0.1567 0.1460 0.1399 0.1364 0.1350 0.1354 0.1375 0.1414 0.1470 0.1546 0.1642 0.1761 0.1904 0.2074 0.2274 0.2507 0.2774 0.3075 0.3409 0.3767 0.4127 0.4449 0.4669 0.4761 0.4754 0.4670 0.4517 0.4293 0.3992 0.3608 0.3134 0.2580 0.2016 0.1657 0.1506 0.1427 0.1381 0.1356 0.1350 0.1359 0.1382 0.1410 0.1424 0.1410 0.1382 0.1359 0.1350 0.1356 0.1381 0.1427 0.1506 0.1657 0.2016 0.2580 0.3134 0.3608 0.3992 0.4293 0.4517 0.4670 0.4754 0.4761 0.4669 0.4449 0.4127 0.3767 0.3409 0.3075 0.2774 0.2507 0.2274 0.2074 0.1904 0.1761 0.1642 0.1546 0.1470 0.1414 0.1375 0.1354 0.1350 0.1364 0.1399 0.1460 0.1567 0.1813 0.2328 0.2920 0.3446 0.3876 0.4213 0.4467 0.4740
0.4566 0.4224 0.3890 0.3462 0.2939 0.2346 0.1824 0.1571 0.1462 0.1399 0.1364 0.1350 0.1354 0.1375 0.1414 0.1471 0.1547 0.1644 0.1763 0.1907 0.2079 0.2280 0.2514 0.2782 0.3086 0.3421 0.3779 0.4140 0.4460 0.4675 0.4762 0.4752 0.4666 0.4510 0.4283 0.3980 0.3592 0.3115 0.2558 0.1997 0.1649 0.1502 0.1425 0.1379 0.1355 0.1350 0.1361 0.1387 0.1426 0.1467 0.1486 0.1467 0.1426 0.1387 0.1361 0.1350 0.1355 0.1379 0.1425 0.1502 0.1649 0.1997 0.2558 0.3115 0.3592 0.3980 0.4283 0.4510 0.4666 0.4752 0.4762 0.4675 0.4460 0.4140 0.3779 0.3421 0.3086 0.2782 0.2514 0.2280 0.2079 0.1907 0.1763 0.1644 0.1547 0.1471 0.1414 0.1375 0.1354 0.1350 0.1364 0.1399 0.1462 0.1571 0.1824 0.2346 0.2939 0.3462 0.3890 0.4224 0.4566
0.4318 0.3903 0.3480 0.2959 0.2366 0.1836 0.1576 0.1464 0.1401 0.1365 0.1350 0.1354 0.1375 0.1414 0.1471 0.1547 0.1644 0.1765 0.1910 0.2082 0.2285 0.2520 0.2790 0.3095 0.3431 0.3791 0.4151 0.4469 0.4680 0.4763 0.4750 0.4661 0.4503 0.4273 0.3967 0.3576 0.3095 0.2536 0.1979 0.1641 0.1499 0.1423 0.1378 0.1355 0.1350 0.1362 0.1390 0.1433 0.1489 0.1544 0.1569 0.1544 0.1489 0.1433 0.1390 0.1362 0.1350 0.1355 0.1378 0.1423 0.1499 0.1641 0.1979 0.2536 0.3095 0.3576 0.3967 0.4273 0.4503 0.4661 0.4750 0.4763 0.4680 0.4469 0.4151 0.3791 0.3431 0.3095 0.2790 0.2520 0.2285 0.2082 0.1910 0.1765 0.1644 0.1547 0.1471 0.1414 0.1375 0.1354 0.1350 0.1365 0.1401 0.1464 0.1576 0.1836 0.2366 0.2959 0.3480 0.3903 0.4318
0.3990 0.3497 0.2980 0.2388 0.1851 0.1581 0.1467 0.1402 0.1366 0.1350 0.1354 0.1375 0.1413 0.1470 0.1547 0.1644 0.1765 0.1911 0.2084 0.2288 0.2525 0.2796 0.3102 0.3441 0.3801 0.4162 0.4478 0.4685 0.4764 0.4748 0.4656 0.4495 0.4263 0.3954 0.3560 0.3076 0.2515 0.1961 0.1633 0.1495 0.1421 0.1377 0.1354 0.1350 0.1362 0.1392 0.1437 0.1499 0.1573 0.1643 0.1675 0.1643 0.1573 0.1499 0.1437 0.1392 0.1362 0.1350 0.1354 0.1377 0.1421 0.1495 0.1633 0.1961 0.2515 0.3076 0.3560 0.3954 0.4263 0.4495 0.4656 0.4748 0.4764 0.4685 0.4478 0.4162 0.3801 0.3441 0.3102 0.2796 0.2525 0.2288 0.2084 0.1911 0.1765 0.1644 0.1547 0.1470 0.1413 0.1375 0.1354 0.1350 0.1366 0.1402 0.1467 0.1581 0.1851 0.2388 0.2980 0.3497 0.3990
0.3572 0.3000 0.2410 0.1866 0.1587 0.1469 0.1404 0.1366 0.1351 0.1353 0.1374 0.1412 0.1469 0.1546 0.1644 0.1765 0.1911 0.2085 0.2290 0.2528 0.2800 0.3108 0.3448 0.3809 0.4171 0.4485 0.4689 0.4765 0.4746 0.4652 0.4488 0.4253 0.3941 0.3543 0.3056 0.2493 0.1944 0.1626 0.1492 0.1419 0.1376 0.1354 0.1350 0.1363 0.1393 0.1440 0.1504 0.1586 0.1679 0.1766 0.1806 0.1766 0.1679 0.1586 0.1504 0.1440 0.1393 0.1363 0.1350 0.1354 0.1376 0.1419 0.1492 0.1626 0.1944 0.2493 0.3056 0.3543 0.3941 0.4253 0.4488 0.4652 0.4746 0.4765 0.4689 0.4485 0.4171 0.3809 0.3448 0.3108 0.2800 0.2528 0.2290 0.2085 0.1911 0.1765 0.1644 0.1546 0.1469 0.1412 0.1374 0.1353 0.1351 0.1366 0.1404 0.1469 0.1587 0.1866 0.2410 0.3000 0.3572
0.3061 0.2432 0.1881 0.1593 0.1473 0.1405 0.1367 0.1351 0.1353 0.1373 0.1411 0.1468 0.1544 0.1642 0.1763 0.1910 0.2084 0.2290 0.2529 0.2803 0.3112 0.3453 0.3816 0.4177 0.4491 0.4692 0.4766 0.4744 0.4648 0.4482 0.4244 0.3928 0.3527 0.3036 0.2471 0.1927 0.1619 0.1488 0.1417 0.1374 0.1353 0.1350 0.1364 0.1394 0.1442 0.1508 0.1592 0.1695 0.1810 0.1916 0.1964 0.1916 0.1810 0.1695 0.1592 0.1508 0.1442 0.1394 0.1364 0.1350 0.1353 0.1374 0.1417 0.1488 0.1619 0.1927 0.2471 0.3036 0.3527 0.3928 0.4244 0.4482 0.4648 0.4744 0.4766 0.4692 0.4491 0.4177 0.3816 0.3453 0.3112 0.2803 0.2529 0.2290 0.2084 0.1910 0.1763 0.1642 0.1544 0.1468 0.1411 0.1373 0.1353 0.1351 0.1367 0.1405 0.1473 0.1593 0.1881 0.2432 0.3061
0.2477 0.1897 0.1600 0.1476 0.1407 0.1368 0.1351 0.1353 0.1372 0.1410 0.1466 0.1542 0.1639 0.1761 0.1907 0.2082 0.2288 0.2528 0.2803 0.3113 0.3455 0.3819 0.4182 0.4496 0.4695 0.4766 0.4743 0.4645 0.4476 0.4236 0.3917 0.3513 0.3018 0.2450 0.1911 0.1612 0.1485 0.1415 0.1373 0.1353 0.1351 0.1365 0.1396 0.1444 0.1511 0.1596 0.1703 0.1829 0.1968 0.2095 0.2153 0.2095 0.1968 0.1829 0.1703 0.1596 0.1511 0.1444 0.1396 0.1365 0.1351 0.1353 0.1373 0.1415 0.1485 0.1612 0.1911 0.2450 0.3018 0.3513 0.3917 0.4236 0.4476 0.4645 0.4743 0.4766 0.4695 0.4496 0.4182 0.3819 0.3455 0.3113 0.2803 0.2528 0.2288 0.2082 0.1907 0.1761 0.1639 0.1542 0.1466 0.1410 0.1372 0.1353 0.1351 0.1368 0.1407 0.1476 0.1600 0.1897 0.2477
0.1926 0.1606 0.1479 0.1409 0.1369 0.1351 0.1352 0.1371 0.1408 0.1464 0.1539 0.1637 0.1757 0.1904 0.2079 0.2285 0.2525 0.2800 0.3112 0.3455 0.3821 0.4184 0.4498 0.4696 0.4766 0.4742 0.4642 0.4471 0.4229 0.3907 0.3499 0.3001 0.2431 0.1896 0.1605 0.1482 0.1413 0.1372 0.1353 0.1351 0.1366 0.1397 0.1446 0.1513 0.1600 0.1708 0.1839 0.1991 0.2157 0.2307 0.2375 0.2307 0.2157 0.1991 0.1839 0.1708 0.1600 0.1513 0.1446 0.1397 0.1366 0.1351 0.1353 0.1372 0.1413 0.1482 0.1605 0.1896 0.2431 0.3001 0.3499 0.3907 0.4229 0.4471 0.4642 0.4742 0.4766 0.4696 0.4498 0.4184 0.3821 0.3455 0.3112 0.2800 0.2525 0.2285 0.2079 0.1904 0.1757 0.1637 0.1539 0.1464 0.1408 0.1371 0.1352 0.1351 0.1369 0.1409 0.1479 0.1606 0.1926
0.1624 0.1482 0.1411 0.1370 0.1352 0.1352 0.1370 0.1407 0.1462 0.1537 0.1633 0.1753 0.1900 0.2074 0.2280 0.2520 0.2796 0.3108 0.3453 0.3819 0.4184 0.4499 0.4697 0.4766 0.4741 0.4640 0.4468 0.4223 0.3899 0.3488 0.2986 0.2414 0.1883 0.1600 0.1479 0.1411 0.1371 0.1352 0.1351 0.1367 0.1399 0.1448 0.1516 0.1604 0.1713 0.1845 0.2003 0.2184 0.2379 0.2554 0.2633 0.2554 0.2379 0.2184 0.2003 0.1845 0.1713 0.1604 0.1516 0.1448 0.1399 0.1367 0.1351 0.1352 0.1371 0.1411 0.1479 0.1600 0.1883 0.2414 0.2986 0.3488 0.3899 0.4223 0.4468 0.4640 0.4741 0.4766 0.4697 0.4499 0.4184 0.3819 0.3453 0.3108 0.2796 0.2520 0.2280 0.2074 0.1900 0.1753 0.1633 0.1537 0.1462 0.1407 0.1370 0.1352 0.1352 0.1370 0.1411 0.1482 0.1624
0.1492 0.1413 0.1371 0.1352 0.1352 0.1369 0.1405 0.1459 0.1534 0.1630 0.1749 0.1895 0.2069 0.2274 0.2514 0.2790 0.3102 0.3448 0.3816 0.4182 0.4498 0.4697 0.4767 0.4740 0.4638 0.4465 0.4218 0.3892 0.3478 0.2974 0.2400 0.1872 0.1595 0.1476 0.1409 0.1370 0.1352 0.1351 0.1368 0.1401 0.1451 0.1519 0.1608 0.1718 0.1851 0.2011 0.2198 0.2411 0.2637 0.2839 0.2930 0.2839 0.2637 0.2411 0.2198 0.2011 0.1851 0.1718 0.1608 0.1519 0.1451 0.1401 0.1368 0.1351 0.1352 0.1370 0.1409 0.1476 0.1595 0.1872 0.2400 0.2974 0.3478 0.3892 0.4218 0.4465 0.4638 0.4740 0.4767 0.4697 0.4498 0.4182 0.3816 0.3448 0.3102 0.2790 0.2514 0.2274 0.2069 0.1895 0.1749 0.1630 0.1534 0.1459 0.1405 0.1369 0.1352 0.1352 0.1371 0.1413 0.1492
0.1418 0.1372 0.1352 0.1351 0.1368 0.1403 0.1457 0.1531 0.1626 0.1744 0.1889 0.2063 0.2268 0.2507 0.2782 0.3095 0.3441 0.3809 0.4177 0.4496 0.4696 0.4766 0.4740 0.4638 0.4463 0.4215 0.3887 0.3471 0.2964 0.2388 0.1862 0.1590 0.1474 0.1408 0.1369 0.1352 0.1352 0.1368 0.1402 0.1453 0.1522 0.1611 0.1722 0.1857 0.2018 0.2207 0.2426 0.2673 0.2933 0.3162 0.3264 0.3162 0.2933 0.2673 0.2426 0.2207 0.2018 0.1857 0.1722 0.1611 0.1522 0.1453 0.1402 0.1368 0.1352 0.1352 0.1369 0.1408 0.1474 0.1590 0.1862 0.2388 0.2964 0.3471 0.3887 0.4215 0.4463 0.4638 0.4740 0.4766 0.4696 0.4496 0.4177 0.3809 0.3441 0.3095 0.2782 0.2507 0.2268 0.2063 0.1889 0.1744 0.1626 0.1531 0.1457 0.1403 0.1368 0.1351 0.1352 0.1372 0.1418
0.1374 0.1353 0.1351 0.1367 0.1402 0.1455 0.1528 0.1622 0.1740 0.1884 0.2056 0.2260 0.2499 0.2774 0.3086 0.3431 0.3801 0.4171 0.4491 0.4695 0.4766 0.4741 0.4638 0.4463 0.4214 0.3885 0.3466 0.2957 0.2379 0.1855 0.1587 0.1472 0.1407 0.1369 0.1351 0.1352 0.1369 0.1403 0.1455 0.1525 0.1615 0.1727 0.1862 0.2024 0.2215 0.2437 0.2691 0.2973 0.3266 0.3518 0.3629 0.3518 0.3266 0.2973 0.2691 0.2437 0.2215 0.2024 0.1862 0.1727 0.1615 0.1525 0.1455 0.1403 0.1369 0.1352 0.1351 0.1369 0.1407 0.1472 0.1587 0.1855 0.2379 0.2957 0.3466 0.3885 0.4214 0.4463 0.4638 0.4741 0.4766 0.4695 0.4491 0.4171 0.3801 0.3431 0.3086 0.2774 0.2499 0.2260 0.2056 0.1884 0.1740 0.1622 0.1528 0.1455 0.1402 0.1367 0.1351 0.1353 0.1374
0.1352 0.1351 0.1366 0.1400 0.1452 0.1525 0.1618 0.1735 0.1878 0.2049 0.2252 0.2490 0.2764 0.3075 0.3421 0.3791 0.4162 0.4485 0.4692 0.4766 0.4742 0.4640 0.4465 0.4215 0.3885 0.3465 0.2953 0.2373 0.1850 0.1585 0.1470 0.1406 0.1368 0.1351 0.1352 0.1370 0.1405 0.1457 0.1528 0.1618 0.1731 0.1868 0.2031 0.2223 0.2446 0.2703 0.2993 0.3310 0.3629 0.3895 0.4008 0.3895 0.3629 0.3310 0.2993 0.2703 0.2446 0.2223 0.2031 0.1868 0.1731 0.1618 0.1528 0.1457 0.1405 0.1370 0.1352 0.1351 0.1368 0.1406 0.1470 0.1585 0.1850 0.2373 0.2953 0.3465 0.3885 0.4215 0.4465 0.4640 0.4742 0.4766 0.4692 0.4485 0.4162 0.3791 0.3421 0.3075 0.2764 0.2490 0.2252 0.2049 0.1878 0.1735 0.1618 0.1525 0.1452 0.1400 0.1366 0.1351 0.1352
0.1347 0.1366 0.1399 0.1450 0.1522 0.1614 0.1730 0.1872 0.2043 0.2245 0.2481 0.2754 0.3064 0.3409 0.3779 0.4151 0.4478 0.4689 0.4766 0.4743 0.4642 0.4468 0.4218 0.3887 0.3466 0.2953 0.2371 0.1847 0.1583 0.1469 0.1405 0.1368 0.1351 0.1352 0.1371 0.1406 0.1459 0.1530 0.1622 0.1735 0.1873 0.2037 0.2230 0.2455 0.2714 0.3007 0.3332 0.3675 0.4006 0.4263 0.4364 0.4263 0.4006 0.3675 0.3332 0.3007 0.2714 0.2455 0.2230 0.2037 0.1873 0.1735 0.1622 0.1530 0.1459 0.1406 0.1371 0.1352 0.1351 0.1368 0.1405 0.1469 0.1583 0.1847 0.2371 0.2953 0.3466 0.3887 0.4218 0.4468 0.4642 0.4743 0.4766 0.4689 0.4478 0.4151 0.3779 0.3409 0.3064 0.2754 0.2481 0.2245 0.2043 0.1872 0.1730 0.1614 0.1522 0.1450 0.1399 0.1366 0.1347
0.1360 0.1397 0.1448 0.1519 0.1611 0.1726 0.1867 0.2036 0.2237 0.2472 0.2743 0.3053 0.3397 0.3767 0.4140 0.4469 0.4685 0.4765 0.4744 0.4645 0.4471 0.4223 0.3892 0.3471 0.2957 0.2373 0.1847 0.1582 0.1469 0.1404 0.1367 0.1351 0.1352 0.1371 0.1407 0.1460 0.1532 0.1624 0.1739 0.1877 0.2043 0.2237 0.2464 0.2724 0.3019 0.3347 0.3698 0.4051 0.4360 0.4562 0.4629 0.4562 0.4360 0.4051 0.3698 0.3347 0.3019 0.2724 0.2464 0.2237 0.2043 0.1877 0.1739 0.1624 0.1532 0.1460 0.1407 0.1371 0.1352 0.1351 0.1367 0.1404 0.1469 0.1582 0.1847 0.2373 0.2957 0.3471 0.3892 0.4223 0.4471 0.4645 0.4744 0.4765 0.4685 0.4469 0.4140 0.3767 0.3397 0.3053 0.2743 0.2472 0.2237 0.2036 0.1867 0.1726 0.1611 0.1519 0.1448 0.1397 0.1360
0.1390 0.1446 0.1516 0.1607 0.1721 0.1861 0.2029 0.2229 0.2463 0.2733 0.3041 0.3384 0.3753 0.4127 0.4460 0.4680 0.4764 0.4746 0.4648 0.4476 0.4229 0.3899 0.3478 0.2964 0.2379 0.1850 0.1583 0.1469 0.1404 0.1367 0.1351 0.1353 0.1371 0.1407 0.1461 0.1534 0.1627 0.1742 0.1882 0.2048 0.2244 0.2471 0.2733 0.3030 0.3360 0.3714 0.4073 0.4398 0.4625 0.4728 0.4752 0.4728 0.4625 0.4398 0.4073 0.3714 0.3360 0.3030 0.2733 0.2471 0.2244 0.2048 0.1882 0.1742 0.1627 0.1534 0.1461 0.1407 0.1371 0.1353 0.1351 0.1367 0.1404 0.1469 0.1583 0.1850 0.2379 0.2964 0.3478 0.3899 0.4229 0.4476 0.4648 0.4746 0.4764 0.4680 0.4460 0.4127 0.3753 0.3384 0.3041 0.2733 0.2463 0.2229 0.2029 0.1861 0.1721 0.1607 0.1516 0.1446 0.1390
0.1437 0.1513 0.1603 0.1717 0.1856 0.2023 0.2221 0.2454 0.2723 0.3029 0.3371 0.3740 0.4114 0.4449 0.4675 0.4763 0.4748 0.4652 0.4482 0.4236 0.3907 0.3488 0.2974 0.2388 0.1855 0.1585 0.1469 0.1404 0.1367 0.1351 0.1353 0.1372 0.1408 0.1462 0.1535 0.1629 0.1745 0.1885 0.2053 0.2249 0.2479 0.2742 0.3040 0.3371 0.3727 0.4089 0.4416 0.4647 0.4750 0.4767 0.4760 0.4767 0.4750 0.4647 0.4416 0.4089 0.3727 0.3371 0.3040 0.2742 0.2479 0.2249 0.2053 0.1885 0.1745 0.1629 0.1535 0.1462 0.1408 0.1372 0.1353 0.1351 0.1367 0.1404 0.1469 0.1585 0.1855 0.2388 0.2974 0.3488 0.3907 0.4236 0.4482 0.4652 0.4748 0.4763 0.4675 0.4449 0.4114 0.3740 0.3371 0.3029 0.2723 0.2454 0.2221 0.2023 0.1856 0.1717 0.1603 0.1513 0.1437
0.1502 0.1600 0.1712 0.1850 0.2016 0.2214 0.2445 0.2712 0.3018 0.3358 0.3726 0.4101 0.4439 0.4669 0.4762 0.4750 0.4656 0.4488 0.4244 0.3917 0.3499 0.2986 0.2400 0.1862 0.1587 0.1470 0.1405 0.1367 0.1351 0.1353 0.1372 0.1408 0.1463 0.1536 0.1630 0.1747 0.1888 0.2057 0.2254 0.2485 0.2750 0.3049 0.3382 0.3739 0.4101 0.4428 0.4657 0.4757 0.4761 0.4715 0.4683 0.4715 0.4761 0.4757 0.4657 0.4428 0.4101 0.3739 0.3382 0.3049 0.2750 0.2485 0.2254 0.2057 0.1888 0.1747 0.1630 0.1536 0.1463 0.1408 0.1372 0.1353 0.1351 0.1367 0.1405 0.1470 0.1587 0.1862 0.2400 0.2986 0.3499 0.3917 0.4244 0.4488 0.4656 0.4750 0.4762 0.4669 0.4439 0.4101 0.3726 0.3358 0.3018 0.2712 0.2445 0.2214 0.2016 0.1850 0.1712 0.1600 0.1502
0.1586 0.1708 0.1845 0.2010 0.2206 0.2436 0.2702 0.3006 0.3345 0.3713 0.4088 0.4428 0.4664 0.4761 0.4752 0.4661 0.4495 0.4253 0.3928 0.3513 0.3001 0.2414 0.1872 0.1590 0.1472 0.1406 0.1368 0.1351 0.1353 0.1372 0.1408 0.1463 0.1537 0.1631 0.1748 0.1890 0.2060 0.2259 0.2490 0.2756 0.3057 0.3391 0.3749 0.4112 0.4437 0.4663 0.4759 0.4757 0.4687 0.4587 0.4531 0.4587 0.4687 0.4757 0.4759 0.4663 0.4437 0.4112 0.3749 0.3391 0.3057 0.2756 0.2490 0.2259 0.2060 0.1890 0.1748 0.1631 0.1537 0.1463 0.1408 0.1372 0.1353 0.1351 0.1368 0.1406 0.1472 0.1590 0.1872 0.2414 0.3001 0.3513 0.3928 0.4253 0.4495 0.4661 0.4752 0.4761 0.4664 0.4428 0.4088 0.3713 0.3345 0.3006 0.2702 0.2436 0.2206 0.2010 0.1845 0.1708 0.1586
0.1692 0.1840 0.2003 0.2198 0.2427 0.2692 0.2994 0.3332 0.3699 0.4074 0.4417 0.4657 0.4759 0.4754 0.4666 0.4503 0.4263 0.3941 0.3527 0.3018 0.2431 0.1883 0.1595 0.1474 0.1407 0.1368 0.1351 0.1352 0.1371 0.1408 0.1463 0.1537 0.1632 0.1749 0.1892 0.2062 0.2262 0.2494 0.2762 0.3064 0.3399 0.3758 0.4121 0.4446 0.4668 0.4761 0.4754 0.4674 0.4538 0.4383 0.4303 0.4383 0.4538 0.4674 0.4754 0.4761 0.4668 0.4446 0.4121 0.3758 0.3399 0.3064 0.2762 0.2494 0.2262 0.2062 0.1892 0.1749 0.1632 0.1537 0.1463 0.1408 0.1371 0.1352 0.1351 0.1368 0.1407 0.1474 0.1595 0.1883 0.2431 0.3018 0.3527 0.3941 0.4263 0.4503 0.4666 0.4754 0.4759 0.4657 0.4417 0.4074 0.3699 0.3332 0.2994 0.2692 0.2427 0.2198 0.2003 0.1840 0.1692
0.1822 0.1997 0.2191 0.2418 0.2682 0.2983 0.3320 0.3685 0.4061 0.4406 0.4651 0.4758 0.4755 0.4670 0.4510 0.4273 0.3954 0.3543 0.3036 0.2450 0.1896 0.1600 0.1476 0.1408 0.1369 0.1351 0.1352 0.1371 0.1407 0.1462 0.1536 0.1631 0.1749 0.1892 0.2063 0.2264 0.2497 0.2766 0.3070 0.3406 0.3766 0.4129 0.4453 0.4672 0.4762 0.4752 0.4667 0.4517 0.4313 0.4101 0.3995 0.4101 0.4313 0.4517 0.4667 0.4752 0.4762 0.4672 0.4453 0.4129 0.3766 0.3406 0.3070 0.2766 0.2497 0.2264 0.2063 0.1892 0.1749 0.1631 0.1536 0.1462 0.1407 0.1371 0.1352 0.1351 0.1369 0.1408 0.1476 0.1600 0.1896 0.2450 0.3036 0.3543 0.3954 0.4273 0.4510 0.4670 0.4755 0.4758 0.4651 0.4406 0.4061 0.3685 0.3320 0.2983 0.2682 0.2418 0.2191 0.1997 0.1822
0.1978 0.2184 0.2409 0.2671 0.2971 0.3307 0.3672 0.4048 0.4395 0.4645 0.4756 0.4757 0.4674 0.4517 0.4283 0.3967 0.3560 0.3056 0.2471 0.1911 0.1605 0.1479 0.1409 0.1369 0.1351 0.1352 0.1371 0.1407 0.1461 0.1535 0.1630 0.1748 0.1892 0.2063 0.2264 0.2499 0.2768 0.3073 0.3411 0.3772 0.4136 0.4459 0.4676 0.4763 0.4751 0.4663 0.4506 0.4284 0.4008 0.3732 0.3597 0.3732 0.4008 0.4284 0.4506 0.4663 0.4751 0.4763 0.4676 0.4459 0.4136 0.3772 0.3411 0.3073 0.2768 0.2499 0.2264 0.2063 0.1892 0.1748 0.1630 0.1535 0.1461 0.1407 0.1371 0.1352 0.1351 0.1369 0.1409 0.1479 0.1605 0.1911 0.2471 0.3056 0.3560 0.3967 0.4283 0.4517 0.4674 0.4757 0.4756 0.4645 0.4395 0.4048 0.3672 0.3307 0.2971 0.2671 0.2409 0.2184 0.1978
0.2162 0.2401 0.2661 0.2960 0.3294 0.3659 0.4034 0.4383 0.4638 0.4754 0.4758 0.4679 0.4524 0.4293 0.3980 0.3576 0.3076 0.2493 0.1927 0.1612 0.1482 0.1411 0.1370 0.1352 0.1352 0.1370 0.1406 0.1460 0.1534 0.1629 0.1747 0.1890 0.2062 0.2264 0.2499 0.2769 0.3075 0.3414 0.3776 0.4141 0.4464 0.4679 0.4763 0.4750 0.4660 0.4500 0.4269 0.3970 0.3614 0.3269 0.3104 0.3269 0.3614 0.3970 0.4269 0.4500 0.4660 0.4750 0.4763 0.4679 0.4464 0.4141 0.3776 0.3414 0.3075 0.2769 0.2499 0.2264 0.2062 0.1890 0.1747 0.1629 0.1534 0.1460 0.1406 0.1370 0.1352 0.1352 0.1370 0.1411 0.1482 0.1612 0.1927 0.2493 0.3076 0.3576 0.3980 0.4293 0.4524 0.4679 0.4758 0.4754 0.4638 0.4383 0.4034 0.3659 0.3294 0.2960 0.2661 0.2401 0.2162
0.2378 0.2652 0.2948 0.3282 0.3645 0.4021 0.4372 0.4632 0.4752 0.4760 0.4683 0.4531 0.4302 0.3992 0.3592 0.3095 0.2515 0.1944 0.1619 0.1485 0.1413 0.1371 0.1352 0.1352 0.1369 0.1405 0.1459 0.1532 0.1627 0.1745 0.1888 0.2060 0.2262 0.2497 0.2768 0.3075 0.3415 0.3778 0.4144 0.4467 0.4681 0.4764 0.4749 0.4657 0.4495 0.4261 0.3951 0.3566 0.3125 0.2716 0.2530 0.2716 0.3125 0.3566 0.3951 0.4261 0.4495 0.4657 0.4749 0.4764 0.4681 0.4467 0.4144 0.3778 0.3415 0.3075 0.2768 0.2497 0.2262 0.2060 0.1888 0.1745 0.1627 0.1532 0.1459 0.1405 0.1369 0.1352 0.1352 0.1371 0.1413 0.1485 0.1619 0.1944 0.2515 0.3095 0.3592 0.3992 0.4302 0.4531 0.4683 0.4760 0.4752 0.4632 0.4372 0.4021 0.3645 0.3282 0.2948 0.2652 0.2378
0.2629 0.2937 0.3269 0.3631 0.4008 0.4361 0.4625 0.4750 0.4761 0.4687 0.4537 0.4312 0.4005 0.3608 0.3115 0.2536 0.1961 0.1626 0.1488 0.1415 0.1372 0.1352 0.1351 0.1368 0.1403 0.1457 0.1530 0.1624 0.1742 0.1885 0.2057 0.2259 0.2494 0.2766 0.3073 0.3414 0.3778 0.4145 0.4468 0.4682 0.4764 0.4748 0.4655 0.4491 0.4255 0.3941 0.3544 0.3067 0.2552 0.2128 0.1967 0.2128 0.2552 0.3067 0.3544 0.3941 0.4255 0.4491 0.4655 0.4748 0.4764 0.4682 0.4468 0.4145 0.3778 0.3414 0.3073 0.2766 0.2494 0.2259 0.2057 0.1885 0.1742 0.1624 0.1530 0.1457 0.1403 0.1368 0.1351 0.1352 0.1372 0.1415 0.1488 0.1626 0.1961 0.2536 0.3115 0.3608 0.4005 0.4312 0.4537 0.4687 0.4761 0.4750 0.4625 0.4361 0.4008 0.3631 0.3269 0.2937 0.2629
0.2916 0.3257 0.3618 0.3994 0.4349 0.4618 0.4748 0.4762 0.4691 0.4544 0.4321 0.4018 0.3624 0.3134 0.2558 0.1979 0.1633 0.1492 0.1417 0.1373 0.1353 0.1351 0.1368 0.1402 0.1455 0.1528 0.1622 0.1739 0.1882 0.2053 0.2254 0.2490 0.2762 0.3070 0.3411 0.3776 0.4144 0.4468 0.4682 0.4764 0.4747 0.4653 0.4488 0.4250 0.3933 0.3531 0.3041 0.2488 0.1981 0.1706 0.1635 0.1706 0.1981 0.2488 0.3041 0.3531 0.3933 0.4250 0.4488 0.4653 0.4747 0.4764 0.4682 0.4468 0.4144 0.3776 0.3411 0.3070 0.2762 0.2490 0.2254 0.2053 0.1882 0.1739 0.1622 0.1528 0.1455 0.1402 0.1368 0.1351 0.1353 0.1373 0.1417 0.1492 0.1633 0.1979 0.2558 0.3134 0.3624 0.4018 0.4321 0.4544 0.4691 0.4762 0.4748 0.4618 0.4349 0.3994 0.3618 0.3257 0.2916
0.3239 0.3605 0.3981 0.4337 0.4610 0.4746 0.4763 0.4695 0.4551 0.4331 0.4030 0.3640 0.3154 0.2580 0.1997 0.1641 0.1495 0.1419 0.1374 0.1353 0.1351 0.1367 0.1401 0.1453 0.1525 0.1618 0.1735 0.1877 0.2048 0.2249 0.2485 0.2756 0.3064 0.3406 0.3772 0.4141 0.4467 0.4682 0.4764 0.4747 0.4653 0.4486 0.4247 0.3928 0.3523 0.3027 0.2461 0.1928 0.1636 0.1526 0.1495 0.1526 0.1636 0.1928 0.2461 0.3027 0.3523 0.3928 0.4247 0.4486 0.4653 0.4747 0.4764 0.4682 0.4467 0.4141 0.3772 0.3406 0.3064 0.2756 0.2485 0.2249 0.2048 0.1877 0.1735 0.1618 0.1525 0.1453 0.1401 0.1367 0.1351 0.1353 0.1374 0.1419 0.1495 0.1641 0.1997 0.2580 0.3154 0.3640 0.4030 0.4331 0.4551 0.4695 0.4763 0.4746 0.4610 0.4337 0.3981 0.3605 0.3239
0.3595 0.3968 0.4325 0.4603 0.4743 0.4764 0.4699 0.4557 0.4340 0.4042 0.3656 0.3173 0.2602 0.2016 0.1649 0.1499 0.1421 0.1376 0.1353 0.1351 0.1366 0.1399 0.1451 0.1522 0.1615 0.1731 0.1873 0.2043 0.2244 0.2479 0.2750 0.3057 0.3399 0.3766 0.4136 0.4464 0.4681 0.4764 0.4747 0.4653 0.4486 0.4245 0.3925 0.3517 0.3019 0.2447 0.1907 0.1614 0.1494 0.1437 0.1418 0.1437 0.1494 0.1614 0.1907 0.2447 0.3019 0.3517 0.3925 0.4245 0.4486 0.4653 0.4747 0.4764 0.4681 0.4464 0.4136 0.3766 0.3399 0.3057 0.2750 0.2479 0.2244 0.2043 0.1873 0.1731 0.1615 0.1522 0.1451 0.1399 0.1366 0.1351 0.1353 0.1376 0.1421 0.1499 0.1649 0.2016 0.2602 0.3173 0.3656 0.4042 0.4340 0.4557 0.4699 0.4764 0.4743 0.4603 0.4325 0.3968 0.3595
0.3971 0.4314 0.4595 0.4740 0.4765 0.4702 0.4563 0.4349 0.4055 0.3671 0.3192 0.2623 0.2035 0.1657 0.1502 0.1423 0.1377 0.1354 0.1350 0.1365 0.1397 0.1448 0.1519 0.1611 0.1727 0.1868 0.2037 0.2237 0.2471 0.2742 0.3049 0.3391 0.3758 0.4129 0.4459 0.4679 0.4764 0.4748 0.4653 0.4486 0.4245 0.3924 0.3515 0.3013 0.2439 0.1898 0.1606 0.1484 0.1419 0.1384 0.1374 0.1384 0.1419 0.1484 0.1606 0.1898 0.2439 0.3013 0.3515 0.3924 0.4245 0.4486 0.4653 0.4748 0.4764 0.4679 0.4459 0.4129 0.3758 0.3391 0.3049 0.2742 0.2471 0.2237 0.2037 0.1868 0.1727 0.1611 0.1519 0.1448 0.1397 0.1365 0.1350 0.1354 0.1377 0.1423 0.1502 0.1657 0.2035 0.2623 0.3192 0.3671 0.4055 0.4349 0.4563 0.4702 0.4765 0.4740 0.4595 0.4314 0.3971
0.4339 0.4587 0.4737 0.4766 0.4706 0.4570 0.4358 0.4067 0.3687 0.3211 0.2645 0.2054 0.1666 0.1506 0.1425 0.1378 0.1354 0.1350 0.1364 0.1396 0.1446 0.1516 0.1608 0.1722 0.1862 0.2031 0.2230 0.2464 0.2733 0.3040 0.3382 0.3749 0.4121 0.4453 0.4676 0.4763 0.4749 0.4655 0.4488 0.4247 0.3925 0.3515 0.3012 0.2435 0.1893 0.1602 0.1480 0.1413 0.1374 0.1357 0.1352 0.1357 0.1374 0.1413 0.1480 0.1602 0.1893 0.2435 0.3012 0.3515 0.3925 0.4247 0.4488 0.4655 0.4749 0.4763 0.4676 0.4453 0.4121 0.3749 0.3382 0.3040 0.2733 0.2464 0.2230 0.2031 0.1862 0.1722 0.1608 0.1516 0.1446 0.1396 0.1364 0.1350 0.1354 0.1378 0.1425 0.1506 0.1666 0.2054 0.2645 0.3211 0.3687 0.4067 0.4358 0.4570 0.4706 0.4766 0.4737 0.4587 0.4339
0.4644 0.4734 0.4766 0.4710 0.4576 0.4367 0.4079 0.3702 0.3230 0.2666 0.2073 0.1675 0.1510 0.1427 0.1379 0.1355 0.1350 0.1363 0.1394 0.1444 0.1513 0.1604 0.1718 0.1857 0.2024 0.2223 0.2455 0.2724 0.3030 0.3371 0.3739 0.4112 0.4446 0.4672 0.4763 0.4750 0.4657 0.4491 0.4250 0.3928 0.3517 0.3013 0.2435 0.1892 0.1601 0.1478 0.1411 0.1371 0.1353 0.1348 0.1349 0.1348 0.1353 0.1371 0.1411 0.1478 0.1601 0.1892 0.2435 0.3013 0.3517 0.3928 0.4250 0.4491 0.4657 0.4750 0.4763 0.4672 0.4446 0.4112 0.3739 0.3371 0.3030 0.2724 0.2455 0.2223 0.2024 0.1857 0.1718 0.1604 0.1513 0.1444 0.1394 0.1363 0.1350 0.1355 0.1379 0.1427 0.1510 0.1675 0.2073 0.2666 0.3230 0.3702 0.4079 0.4367 0.4576 0.4710 0.4766 0.4734 0.4644
0.4820 0.4767 0.4713 0.4582 0.4376 0.4091 0.3717 0.3249 0.2688 0.2094 0.1684 0.1514 0.1430 0.1381 0.1355 0.1350 0.1362 0.1393 0.1442 0.1511 0.1600 0.1713 0.1851 0.2018 0.2215 0.2446 0.2714 0.3019 0.3360 0.3727 0.4101 0.4437 0.4668 0.4762 0.4751 0.4660 0.4495 0.4255 0.3933 0.3523 0.3018 0.2439 0.1893 0.1601 0.1478 0.1410 0.1370 0.1352 0.1350 0.1358 0.1364 0.1358 0.1350 0.1352 0.1370 0.1410 0.1478 0.1601 0.1893 0.2439 0.3019 0.3523 0.3933 0.4255 0.4495 0.4660 0.4751 0.4762 0.4668 0.4437 0.4101 0.3727 0.3360 0.3019 0.2714 0.2446 0.2215 0.2018 0.1851 0.1713 0.1600 0.1511 0.1442 0.1393 0.1362 0.1350 0.1355 0.1381 0.1430 0.1514 0.1684 0.2094 0.2688 0.3249 0.3717 0.4091 0.4376 0.4582 0.4713 0.4767 0.4820
0.4866 0.4716 0.4589 0.4386 0.4103 0.3734 0.3268 0.2711 0.2115 0.1694 0.1518 0.1432 0.1382 0.1356 0.1350 0.1362 0.1392 0.1440 0.1508 0.1596 0.1708 0.1845 0.2011 0.2207 0.2437 0.2703 0.3007 0.3347 0.3714 0.4089 0.4428 0.4663 0.4761 0.4752 0.4663 0.4500 0.4261 0.3941 0.3531 0.3027 0.2446 0.1898 0.1602 0.1478 0.1410 0.1370 0.1352 0.1351 0.1365 0.1385 0.1396 0.1385 0.1365 0.1351 0.1352 0.1370 0.1410 0.1478 0.1602 0.1898 0.2447 0.3027 0.3531 0.3941 0.4261 0.4500 0.4663 0.4752 0.4761 0.4663 0.4428 0.4089 0.3714 0.3347 0.3007 0.2703 0.2437 0.2207 0.2011 0.1845 0.1708 0.1596 0.1508 0.1440 0.1392 0.1362 0.1350 0.1356 0.1382 0.1432 0.1518 0.1694 0.2115 0.2711 0.3268 0.3734 0.4103 0.4386 0.4589 0.4716 0.4866
0.4820 0.4596 0.4397 0.4118 0.3752 0.3291 0.2737 0.2140 0.1707 0.1523 0.1435 0.1384 0.1357 0.1350 0.1361 0.1390 0.1437 0.1504 0.1592 0.1703 0.1839 0.2003 0.2198 0.2426 0.2691 0.2993 0.3332 0.3698 0.4073 0.4416 0.4657 0.4759 0.4754 0.4667 0.4506 0.4269 0.3951 0.3544 0.3041 0.2460 0.1907 0.1606 0.1480 0.1411 0.1370 0.1352 0.1351 0.1367 0.1397 0.1430 0.1446 0.1430 0.1397 0.1367 0.1351 0.1352 0.1370 0.1411 0.1480 0.1606 0.1907 0.2461 0.3041 0.3544 0.3951 0.4269 0.4506 0.4667 0.4754 0.4759 0.4657 0.4416 0.4073 0.3698 0.3332 0.2993 0.2691 0.2426 0.2198 0.2003 0.1839 0.1703 0.1592 0.1504 0.1437 0.1390 0.1361 0.1350 0.1357 0.1384 0.1435 0.1523 0.1707 0.2140 0.2737 0.3291 0.3752 0.4118 0.4397 0.4596 0.4820
0.4704 0.4413 0.4139 0.3779 0.3324 0.2775 0.2177 0.1726 0.1531 0.1440 0.1386 0.1358 0.1349 0.1359 0.1387 0.1433 0.1499 0.1585 0.1695 0.1829 0.1991 0.2184 0.2411 0.2673 0.2973 0.3310 0.3675 0.4051 0.4398 0.4647 0.4757 0.4757 0.4674 0.4517 0.4284 0.3970 0.3566 0.3067 0.2488 0.1928 0.1614 0.1484 0.1413 0.1371 0.1352 0.1351 0.1367 0.1400 0.1445 0.1491 0.1513 0.1491 0.1445 0.1400 0.1367 0.1351 0.1352 0.1371 0.1413 0.1484 0.1614 0.1928 0.2488 0.3067 0.3566 0.3970 0.4284 0.4517 0.4674 0.4757 0.4757 0.4647 0.4398 0.4051 0.3675 0.3310 0.2973 0.2673 0.2411 0.2184 0.1991 0.1829 0.1695 0.1586 0.1499 0.1433 0.1387 0.1359 0.1349 0.1358 0.1386 0.1440 0.1531 0.1726 0.2177 0.2775 0.3324 0.3779 0.4139 0.4413 0.4704
0.4537 0.4182 0.3833 0.3389 0.2850 0.2252 0.1767 0.1548 0.1449 0.1391 0.1360 0.1349 0.1357 0.1382 0.1426 0.1489 0.1573 0.1679 0.1810 0.1969 0.2157 0.2379 0.2637 0.2933 0.3266 0.3629 0.4006 0.4360 0.4625 0.4750 0.4761 0.4687 0.4538 0.4313 0.4008 0.3614 0.3125 0.2552 0.1981 0.1636 0.1494 0.1419 0.1374 0.1353 0.1350 0.1365 0.1397 0.1445 0.1505 0.1564 0.1591 0.1564 0.1505 0.1445 0.1397 0.1365 0.1350 0.1353 0.1374 0.1419 0.1494 0.1636 0.1981 0.2552 0.3125 0.3614 0.4008 0.4313 0.4538 0.4687 0.4761 0.4750 0.4625 0.4360 0.4006 0.3629 0.3266 0.2933 0.2637 0.2379 0.2157 0.1968 0.1810 0.1679 0.1573 0.1489 0.1426 0.1382 0.1357 0.1349 0.1360 0.1391 0.1449 0.1548 0.1767 0.2252 0.2850 0.3389 0.3833 0.4182 0.4537
0.4364 0.3954 0.3537 0.3022 0.2432 0.1885 0.1597 0.1474 0.1406 0.1367 0.1350 0.1352 0.1372 0.1410 0.1467 0.1544 0.1643 0.1766 0.1916 0.2095 0.2307 0.2554 0.2839 0.3162 0.3518 0.3895 0.4263 0.4562 0.4728 0.4767 0.4715 0.4587 0.4383 0.4101 0.3732 0.3269 0.2716 0.2128 0.1706 0.1526 0.1437 0.1384 0.1357 0.1349 0.1358 0.1385 0.1430 0.1491 0.1564 0.1633 0.1664 0.1633 0.1564 0.1491 0.1430 0.1385 0.1358 0.1348 0.1357 0.1384 0.1437 0.1526 0.1706 0.2128 0.2716 0.3269 0.3732 0.4101 0.4383 0.4587 0.4715 0.4767 0.4728 0.4562 0.4263 0.3895 0.3518 0.3162 0.2839 0.2554 0.2307 0.2095 0.1916 0.1766 0.1643 0.1544 0.1467 0.1410 0.1372 0.1352 0.1350 0.1367 0.1406 0.1474 0.1597 0.1885 0.2432 0.3022 0.3537 0.3954 0.4364
0.4282 0.3845 0.3397 0.2853 0.2254 0.1771 0.1553 0.1451 0.1392 0.1360 0.1348 0.1355 0.1380 0.1424 0.1486 0.1569 0.1675 0.1806 0.1964 0.2153 0.2375 0.2633 0.2930 0.3264 0.3629 0.4008 0.4364 0.4629 0.4752 0.4760 0.4683 0.4531 0.4303 0.3995 0.3597 0.3104 0.2530 0.1967 0.1635 0.1494 0.1418 0.1374 0.1352 0.1349 0.1364 0.1396 0.1446 0.1513 0.1591 0.1664 0.1697 0.1664 0.1591 0.1513 0.1446 0.1396 0.1364 0.1349 0.1352 0.1374 0.1418 0.1495 0.1635 0.1967 0.2530 0.3104 0.3597 0.3995 0.4303 0.4531 0.4683 0.4760 0.4752 0.4629 0.4364 0.4008 0.3629 0.3264 0.2930 0.2633 0.2375 0.2153 0.1964 0.1806 0.1675 0.1569 0.1486 0.1424 0.1380 0.1355 0.1348 0.1360 0.1392 0.1451 0.1553 0.1771 0.2254 0.2853 0.3397 0.3845 0.4282
0.4364 0.3954 0.3537 0.3022 0.2432 0.1885 0.1597 0.1474 0.1406 0.1367 0.1350 0.1352 0.1372 0.1410 0.1467 0.1544 0.1643 0.1766 0.1916 0.2095 0.2307 0.2554 0.2839 0.3162 0.3518 0.3895 0.4263 0.4562 0.4728 0.4767 0.4715 0.4587 0.4383 0.4101 0.3732 0.3269 0.2716 0.2128 0.1706 0.1526 0.1437 0.1384 0.1357 0.1348 0.1358 0.1385 0.1430 0.1491 0.1564 0.1633 0.1664 0.1633 0.1564 0.1491 0.1430 0.1385 0.1358 0.1348 0.1357 0.1384 0.1437 0.1526 0.1706 0.2128 0.2716 0.3269 0.3732 0.4101 0.4383 0.4587 0.4715 0.4767 0.4728 0.4562 0.4263 0.3895 0.3518 0.3162 0.2839 0.2554 0.2307 0.2095 0.1916 0.1766 0.1643 0.1544 0.1467 0.1410 0.1372 0.1352 0.1350 0.1367 0.1406 0.1474 0.1597 0.1885 0.2432 0.3022 0.3537 0.3954 0.4364
0.4537 0.4182 0.3833 0.3389 0.2850 0.2252 0.1767 0.1548 0.1449 0.1391 0.1360 0.1349 0.1357 0.1382 0.1426 0.1489 0.1573 0.1679 0.1810 0.1969 0.2157 0.2379 0.2637 0.2933 0.3266 0.3629 0.4006 0.4360 0.4625 0.4750 0.4761 0.4687 0.4538 0.4313 0.4008 0.3614 0.3125 0.2552 0.1981 0.1636 0.1494 0.1419 0.1374 0.1353 0.1350 0.1365 0.1397 0.1445 0.1505 0.1564 0.1591 0.1564 0.1505 0.1445 0.1397 0.1365 0.1350 0.1353 0.1374 0.1419 0.1494 0.1636 0.1981 0.2552 0.3125 0.3614 0.4008 0.4313 0.4538 0.4687 0.4761 0.4750 0.4625 0.4360 0.4006 0.3629 0.3266 0.2933 0.2637 0.2379 0.2157 0.1968 0.1810 0.1679 0.1573 0.1489 0.1426 0.1382 0.1357 0.1349 0.1360 0.1391 0.1449 0.1548 0.1767 0.2252 0.2850 0.3389 0.3833 0.4182 0.4537
0.4704 0.4413 0.4139 0.3779 0.3324 0.2775 0.2177 0.1726 0.1531 0.1440 0.1386 0.1358 0.1349 0.1359 0.1387 0.1433 0.1499 0.1585 0.1695 0.1829 0.1991 0.2184 0.2411 0.2673 0.2973 0.3310 0.3675 0.4051 0.4398 0.4647 0.4757 0.4757 0.4674 0.4517 0.4284 0.3969 0.3566 0.3067 0.2488 0.1928 0.1614 0.1484 0.1413 0.1371 0.1352 0.1351 0.1367 0.1400 0.1445 0.1491 0.1513 0.1491 0.1445 0.1400 0.1367 0.1351 0.1352 0.1371 0.1413 0.1484 0.1614 0.1928 0.2488 0.3067 0.3566 0.3970 0.4284 0.4517 0.4674 0.4757 0.4757 0.4647 0.4398 0.4051 0.3675 0.3310 0.2973 0.2673 0.2411 0.2184 0.1991 0.1829 0.1695 0.1586 0.1499 0.1433 0.1387 0.1359 0.1349 0.1358 0.1386 0.1440 0.1531 0.1726 0.2177 0.2775 0.3324 0.3779 0.4139 0.4413 0.4704
0.4820 0.4596 0.4397 0.4118 0.3752 0.3291 0.2737 0.2140 0.1707 0.1523 0.1435 0.1384 0.1357 0.1350 0.1361 0.1390 0.1437 0.1504 0.1592 0.1703 0.1839 0.2003 0.2198 0.2426 0.2691 0.2993 0.3332 0.3698 0.4073 0.4416 0.4657 0.4759 0.4754 0.4667 0.4506 0.4269 0.3951 0.3544 0.3041 0.2461 0.1907 0.1606 0.1480 0.1411 0.1370 0.1352 0.1351 0.1367 0.1397 0.1430 0.1446 0.1430 0.1397 0.1367 0.1351 0.1352 0.1370 0.1411 0.1480 0.1606 0.1907 0.2461 0.3041 0.3544 0.3951 0.4269 0.4506 0.4667 0.4754 0.4759 0.4657 0.4416 0.4073 0.3698 0.3332 0.2993 0.2691 0.2426 0.2198 0.2003 0.1839 0.1703 0.1592 0.1504 0.1437 0.1390 0.1361 0.1350 0.1357 0.1384 0.1435 0.1523 0.1707 0.2140 0.2737 0.3291 0.3752 0.4118 0.4397 0.4596 0.4820
0.4866 0.4716 0.4589 0.4386 0.4103 0.3734 0.3268 0.2711 0.2115 0.1694 0.1518 0.1432 0.1382 0.1356 0.1350 0.1362 0.1392 0.1440 0.1508 0.1596 0.1708 0.1845 0.2011 0.2207 0.2437 0.2703 0.3007 0.3347 0.3714 0.4089 0.4428 0.4663 0.4761 0.4752 0.4663 0.4500 0.4261 0.3941 0.3531 0.3027 0.2447 0.1898 0.1602 0.1478 0.1410 0.1370 0.1352 0.1351 0.1365 0.1385 0.1396 0.1385 0.1365 0.1351 0.1352 0.1370 0.1410 0.1478 0.1602 0.1898 0.2447 0.3027 0.3531 0.3941 0.4261 0.4500 0.4663 0.4752 0.4761 0.4663 0.4428 0.4089 0.3714 0.3347 0.3007 0.2703 0.2437 0.2207 0.2011 0.1845 0.1708 0.1596 0.1508 0.1440 0.1392 0.1362 0.1350 0.1356 0.1382 0.1432 0.1518 0.1694 0.2115 0.2711 0.3268 0.3734 0.4103 0.4386 0.4589 0.4716 0.4866
