0.3633 0.3993 0.4358 0.4657 0.4825 0.4865 0.4814 0.4687 0.4488 0.4212 0.3853 0.3403 0.2861 0.2268 0.1788 0.1566 0.1461 0.1399 0.1364 0.1348 0.1350 0.1369 0.1404 0.1457 0.1529 0.1621 0.1734 0.1871 0.2034 0.2221 0.2434 0.2667 0.2910 0.3146 0.3354 0.3518 0.3632 0.3704 0.3747 0.3771 0.3784 0.3791 0.3794 0.3796 0.3797 0.3798 0.3798 0.3798 0.3799 0.3799 0.3799 0.3799 0.3799 0.3798 0.3798 0.3798 0.3797 0.3796 0.3794 0.3791 0.3784 0.3771 0.3747 0.3704 0.3632 0.3518 0.3354 0.3146 0.2910 0.2667 0.2434 0.2221 0.2034 0.1871 0.1734 0.1621 0.1529 0.1457 0.1404 0.1369 0.1350 0.1348 0.1364 0.1399 0.1461 0.1566 0.1788 0.2268 0.2861 0.3403 0.3853 0.4212 0.4488 0.4687 0.4814 0.4865 0.4825 0.4657 0.4358 0.3993 0.3633
0.3993 0.4325 0.4596 0.4738 0.4766 0.4712 0.4586 0.4390 0.4121 0.3771 0.3332 0.2806 0.2229 0.1764 0.1551 0.1454 0.1396 0.1363 0.1350 0.1354 0.1375 0.1412 0.1467 0.1541 0.1635 0.1751 0.1891 0.2057 0.2250 0.2471 0.2717 0.2983 0.3256 0.3515 0.3737 0.3907 0.4021 0.4091 0.4131 0.4153 0.4165 0.4172 0.4175 0.4176 0.4178 0.4178 0.4178 0.4178 0.4179 0.4179 0.4179 0.4179 0.4179 0.4178 0.4178 0.4178 0.4178 0.4176 0.4175 0.4172 0.4165 0.4153 0.4131 0.4091 0.4021 0.3907 0.3737 0.3515 0.3256 0.2983 0.2717 0.2471 0.2250 0.2057 0.1891 0.1751 0.1635 0.1541 0.1467 0.1412 0.1375 0.1354 0.1350 0.1363 0.1396 0.1454 0.1551 0.1764 0.2229 0.2806 0.3332 0.3771 0.4121 0.4390 0.4586 0.4712 0.4766 0.4738 0.4596 0.4325 0.3993
0.4358 0.4596 0.4739 0.4766 0.4709 0.4581 0.4382 0.4110 0.3757 0.3315 0.2785 0.2208 0.1753 0.1547 0.1451 0.1394 0.1363 0.1350 0.1355 0.1376 0.1414 0.1470 0.1544 0.1639 0.1756 0.1897 0.2065 0.2261 0.2487 0.2743 0.3024 0.3323 0.3622 0.3897 0.4123 0.4285 0.4387 0.4445 0.4477 0.4494 0.4503 0.4508 0.4510 0.4511 0.4512 0.4512 0.4513 0.4513 0.4513 0.4513 0.4513 0.4513 0.4513 0.4513 0.4513 0.4512 0.4512 0.4511 0.4510 0.4508 0.4503 0.4494 0.4477 0.4445 0.4387 0.4285 0.4123 0.3897 0.3622 0.3323 0.3024 0.2743 0.2487 0.2261 0.2065 0.1897 0.1756 0.1639 0.1544 0.1470 0.1414 0.1376 0.1355 0.1350 0.1363 0.1394 0.1451 0.1547 0.1753 0.2208 0.2785 0.3315 0.3757 0.4110 0.4382 0.4581 0.4709 0.4766 0.4739 0.4596 0.4358
0.4657 0.4738 0.4766 0.4708 0.4578 0.4377 0.4102 0.3745 0.3299 0.2766 0.2188 0.1742 0.1542 0.1448 0.1393 0.1362 0.1350 0.1355 0.1377 0.1416 0.1472 0.1547 0.1643 0.1761 0.1903 0.2072 0.2271 0.2500 0.2761 0.3053 0.3368 0.3693 0.4003 0.4270 0.4465 0.4585 0.4648 0.4680 0.4696 0.4704 0.4708 0.4710 0.4711 0.4711 0.4712 0.4712 0.4712 0.4712 0.4712 0.4712 0.4712 0.4712 0.4712 0.4712 0.4712 0.4712 0.4712 0.4711 0.4711 0.4710 0.4708 0.4704 0.4696 0.4680 0.4648 0.4585 0.4465 0.4270 0.4003 0.3693 0.3368 0.3053 0.2761 0.2500 0.2271 0.2072 0.1903 0.1761 0.1643 0.1547 0.1472 0.1416 0.1377 0.1355 0.1350 0.1362 0.1393 0.1448 0.1542 0.1742 0.2188 0.2766 0.3299 0.3745 0.4102 0.4377 0.4578 0.4708 0.4766 0.4738 0.4657
0.4825 0.4766 0.4709 0.4578 0.4375 0.4097 0.3736 0.3286 0.2750 0.2171 0.1732 0.1538 0.1446 0.1391 0.1361 0.1350 0.1356 0.1378 0.1418 0.1475 0.1551 0.1647 0.1766 0.1909 0.2079 0.2280 0.2511 0.2776 0.3073 0.3398 0.3738 0.4071 0.4361 0.4571 0.4688 0.4739 0.4759 0.4765 0.4767 0.4768 0.4768 0.4768 0.4768 0.4768 0.4768 0.4768 0.4768 0.4768 0.4768 0.4768 0.4768 0.4768 0.4768 0.4768 0.4768 0.4768 0.4768 0.4768 0.4768 0.4768 0.4768 0.4768 0.4767 0.4765 0.4759 0.4739 0.4688 0.4571 0.4361 0.4071 0.3738 0.3398 0.3073 0.2776 0.2511 0.2280 0.2079 0.1909 0.1766 0.1647 0.1551 0.1475 0.1418 0.1378 0.1356 0.1350 0.1361 0.1391 0.1446 0.1538 0.1732 0.2171 0.2750 0.3286 0.3736 0.4097 0.4375 0.4578 0.4709 0.4766 0.4825
0.4865 0.4712 0.4581 0.4377 0.4097 0.3733 0.3280 0.2739 0.2158 0.1724 0.1534 0.1444 0.1390 0.1360 0.1350 0.1356 0.1379 0.1419 0.1477 0.1554 0.1651 0.1771 0.1915 0.2086 0.2288 0.2521 0.2789 0.3089 0.3420 0.3769 0.4114 0.4416 0.4628 0.4733 0.4766 0.4764 0.4752 0.4740 0.4732 0.4727 0.4724 0.4722 0.4721 0.4721 0.4721 0.4721 0.4721 0.4720 0.4720 0.4720 0.4720 0.4720 0.4720 0.4720 0.4721 0.4721 0.4721 0.4721 0.4721 0.4722 0.4724 0.4727 0.4732 0.4740 0.4752 0.4764 0.4766 0.4733 0.4628 0.4416 0.4114 0.3769 0.3420 0.3089 0.2789 0.2521 0.2288 0.2086 0.1915 0.1771 0.1651 0.1554 0.1477 0.1419 0.1379 0.1356 0.1350 0.1360 0.1390 0.1444 0.1534 0.1724 0.2158 0.2739 0.3280 0.3733 0.4097 0.4377 0.4581 0.4712 0.4865
0.4814 0.4586 0.4382 0.4102 0.3736 0.3280 0.2735 0.2151 0.1719 0.1532 0.1442 0.1389 0.1360 0.1350 0.1357 0.1380 0.1421 0.1480 0.1557 0.1655 0.1775 0.1921 0.2093 0.2296 0.2531 0.2800 0.3103 0.3437 0.3791 0.4143 0.4450 0.4659 0.4752 0.4766 0.4739 0.4696 0.4657 0.4628 0.4611 0.4600 0.4595 0.4592 0.4590 0.4590 0.4589 0.4589 0.4589 0.4589 0.4588 0.4588 0.4588 0.4588 0.4588 0.4589 0.4589 0.4589 0.4589 0.4590 0.4590 0.4592 0.4595 0.4600 0.4611 0.4628 0.4657 0.4696 0.4739 0.4766 0.4752 0.4659 0.4450 0.4143 0.3791 0.3437 0.3103 0.2800 0.2531 0.2296 0.2093 0.1921 0.1775 0.1655 0.1557 0.1480 0.1421 0.1380 0.1357 0.1350 0.1360 0.1389 0.1442 0.1532 0.1719 0.2151 0.2735 0.3280 0.3736 0.4102 0.4382 0.4586 0.4814
0.4687 0.4390 0.4110 0.3745 0.3286 0.2739 0.2151 0.1717 0.1530 0.1441 0.1388 0.1359 0.1350 0.1357 0.1381 0.1423 0.1482 0.1560 0.1659 0.1780 0.1927 0.2100 0.2304 0.2540 0.2811 0.3116 0.3453 0.3809 0.4164 0.4473 0.4676 0.4760 0.4760 0.4708 0.4629 0.4548 0.4481 0.4435 0.4408 0.4393 0.4384 0.4380 0.4377 0.4376 0.4375 0.4375 0.4375 0.4374 0.4374 0.4374 0.4374 0.4374 0.4374 0.4374 0.4375 0.4375 0.4375 0.4376 0.4377 0.4380 0.4384 0.4392 0.4408 0.4435 0.4481 0.4548 0.4629 0.4708 0.4760 0.4760 0.4676 0.4473 0.4164 0.3809 0.3453 0.3116 0.2811 0.2540 0.2304 0.2100 0.1927 0.1780 0.1659 0.1560 0.1482 0.1423 0.1381 0.1357 0.1350 0.1359 0.1388 0.1441 0.1530 0.1717 0.2151 0.2739 0.3286 0.3745 0.4110 0.4390 0.4687
0.4488 0.4121 0.3757 0.3299 0.2750 0.2158 0.1719 0.1530 0.1440 0.1388 0.1359 0.1349 0.1357 0.1382 0.1424 0.1484 0.1563 0.1663 0.1785 0.1932 0.2107 0.2312 0.2550 0.2822 0.3129 0.3467 0.3825 0.4181 0.4489 0.4687 0.4764 0.4753 0.4682 0.4570 0.4441 0.4319 0.4222 0.4158 0.4120 0.4098 0.4087 0.4080 0.4077 0.4076 0.4075 0.4074 0.4074 0.4073 0.4073 0.4072 0.4072 0.4072 0.4073 0.4073 0.4074 0.4074 0.4075 0.4076 0.4077 0.4080 0.4087 0.4098 0.4120 0.4158 0.4222 0.4319 0.4441 0.4570 0.4682 0.4753 0.4764 0.4687 0.4489 0.4181 0.3825 0.3467 0.3129 0.2822 0.2550 0.2312 0.2107 0.1932 0.1785 0.1663 0.1563 0.1484 0.1424 0.1382 0.1357 0.1349 0.1359 0.1388 0.1440 0.1530 0.1719 0.2158 0.2750 0.3299 0.3757 0.4121 0.4488
0.4212 0.3771 0.3315 0.2766 0.2171 0.1724 0.1532 0.1441 0.1388 0.1359 0.1349 0.1358 0.1383 0.1425 0.1486 0.1565 0.1666 0.1789 0.1938 0.2114 0.2320 0.2559 0.2833 0.3141 0.3480 0.3840 0.4196 0.4502 0.4695 0.4766 0.4747 0.4663 0.4527 0.4356 0.4172 0.4004 0.3874 0.3788 0.3737 0.3708 0.3693 0.3685 0.3681 0.3679 0.3678 0.3677 0.3676 0.3676 0.3675 0.3675 0.3675 0.3675 0.3675 0.3676 0.3676 0.3677 0.3678 0.3679 0.3681 0.3685 0.3693 0.3709 0.3737 0.3788 0.3874 0.4004 0.4172 0.4356 0.4527 0.4663 0.4747 0.4766 0.4695 0.4502 0.4196 0.3840 0.3480 0.3141 0.2833 0.2559 0.2320 0.2114 0.1938 0.1789 0.1666 0.1565 0.1486 0.1425 0.1383 0.1358 0.1349 0.1359 0.1388 0.1441 0.1532 0.1724 0.2171 0.2766 0.3315 0.3771 0.4212
0.3853 0.3332 0.2785 0.2188 0.1732 0.1534 0.1442 0.1388 0.1359 0.1349 0.1358 0.1383 0.1426 0.1487 0.1567 0.1669 0.1793 0.1943 0.2120 0.2328 0.2568 0.2843 0.3153 0.3493 0.3853 0.4209 0.4513 0.4701 0.4767 0.4742 0.4649 0.4497 0.4295 0.4059 0.3815 0.3595 0.3427 0.3317 0.3252 0.3216 0.3196 0.3186 0.3181 0.3178 0.3177 0.3176 0.3175 0.3174 0.3173 0.3173 0.3173 0.3173 0.3174 0.3174 0.3175 0.3176 0.3177 0.3178 0.3181 0.3186 0.3196 0.3216 0.3252 0.3317 0.3427 0.3595 0.3815 0.4059 0.4295 0.4497 0.4649 0.4742 0.4767 0.4701 0.4513 0.4209 0.3853 0.3493 0.3153 0.2843 0.2568 0.2328 0.2120 0.1943 0.1793 0.1669 0.1567 0.1487 0.1426 0.1383 0.1358 0.1349 0.1359 0.1388 0.1442 0.1534 0.1732 0.2188 0.2785 0.3332 0.3853
0.3403 0.2806 0.2208 0.1742 0.1538 0.1444 0.1389 0.1359 0.1349 0.1358 0.1383 0.1426 0.1488 0.1569 0.1671 0.1796 0.1946 0.2125 0.2334 0.2576 0.2853 0.3164 0.3506 0.3867 0.4222 0.4523 0.4706 0.4767 0.4739 0.4639 0.4476 0.4254 0.3980 0.3672 0.3359 0.3085 0.2879 0.2746 0.2669 0.2626 0.2603 0.2592 0.2586 0.2583 0.2581 0.2580 0.2580 0.2578 0.2577 0.2577 0.2577 0.2577 0.2578 0.2578 0.2580 0.2580 0.2581 0.2583 0.2586 0.2592 0.2603 0.2626 0.2669 0.2746 0.2879 0.3085 0.3359 0.3672 0.3980 0.4254 0.4476 0.4639 0.4739 0.4767 0.4706 0.4523 0.4222 0.3867 0.3506 0.3164 0.2853 0.2576 0.2334 0.2125 0.1946 0.1796 0.1671 0.1569 0.1488 0.1426 0.1383 0.1358 0.1349 0.1359 0.1389 0.1444 0.1538 0.1742 0.2208 0.2806 0.3403
0.2861 0.2229 0.1753 0.1542 0.1446 0.1390 0.1360 0.1350 0.1357 0.1383 0.1426 0.1488 0.1569 0.1672 0.1798 0.1949 0.2129 0.2339 0.2583 0.2861 0.3174 0.3517 0.3879 0.4234 0.4532 0.4711 0.4768 0.4736 0.4632 0.4461 0.4226 0.3927 0.3573 0.3186 0.2807 0.2490 0.2267 0.2133 0.2061 0.2023 0.2004 0.1994 0.1989 0.1986 0.1985 0.1984 0.1983 0.1983 0.1982 0.1981 0.1981 0.1981 0.1982 0.1983 0.1983 0.1984 0.1985 0.1986 0.1989 0.1994 0.2004 0.2024 0.2061 0.2133 0.2267 0.2490 0.2807 0.3186 0.3573 0.3927 0.4226 0.4461 0.4632 0.4736 0.4768 0.4711 0.4532 0.4234 0.3879 0.3517 0.3174 0.2861 0.2583 0.2339 0.2129 0.1949 0.1798 0.1672 0.1569 0.1488 0.1426 0.1383 0.1357 0.1350 0.1360 0.1390 0.1446 0.1542 0.1753 0.2229 0.2861
0.2268 0.1764 0.1547 0.1448 0.1391 0.1360 0.1350 0.1357 0.1382 0.1425 0.1487 0.1569 0.1672 0.1798 0.1951 0.2131 0.2343 0.2588 0.2868 0.3182 0.3527 0.3889 0.4244 0.4540 0.4715 0.4768 0.4733 0.4625 0.4450 0.4206 0.3891 0.3508 0.3068 0.2610 0.2202 0.1920 0.1771 0.1700 0.1667 0.1650 0.1642 0.1637 0.1635 0.1634 0.1634 0.1633 0.1633 0.1632 0.1632 0.1632 0.1632 0.1632 0.1632 0.1633 0.1633 0.1633 0.1633 0.1634 0.1635 0.1637 0.1642 0.1650 0.1667 0.1700 0.1771 0.1920 0.2202 0.2610 0.3068 0.3508 0.3891 0.4206 0.4450 0.4625 0.4733 0.4768 0.4715 0.4540 0.4244 0.3889 0.3527 0.3182 0.2868 0.2588 0.2343 0.2131 0.1951 0.1798 0.1672 0.1569 0.1487 0.1425 0.1382 0.1357 0.1350 0.1360 0.1391 0.1448 0.1547 0.1764 0.2268
0.1788 0.1551 0.1451 0.1393 0.1361 0.1350 0.1357 0.1381 0.1424 0.1486 0.1567 0.1671 0.1798 0.1951 0.2132 0.2345 0.2591 0.2872 0.3188 0.3534 0.3899 0.4253 0.4547 0.4718 0.4768 0.4730 0.4620 0.4441 0.4191 0.3866 0.3464 0.2991 0.2481 0.2021 0.1737 0.1608 0.1549 0.1520 0.1504 0.1497 0.1493 0.1491 0.1490 0.1489 0.1489 0.1489 0.1488 0.1488 0.1488 0.1488 0.1488 0.1488 0.1488 0.1488 0.1488 0.1489 0.1489 0.1489 0.1490 0.1491 0.1493 0.1497 0.1504 0.1520 0.1549 0.1608 0.1737 0.2021 0.2481 0.2991 0.3464 0.3866 0.4191 0.4441 0.4620 0.4730 0.4768 0.4718 0.4547 0.4253 0.3899 0.3534 0.3188 0.2872 0.2591 0.2345 0.2132 0.1951 0.1798 0.1671 0.1567 0.1486 0.1424 0.1381 0.1357 0.1350 0.1361 0.1393 0.1451 0.1551 0.1788
0.1566 0.1454 0.1394 0.1362 0.1350 0.1356 0.1380 0.1423 0.1484 0.1565 0.1669 0.1796 0.1949 0.2131 0.2345 0.2592 0.2875 0.3192 0.3540 0.3905 0.4261 0.4552 0.4721 0.4768 0.4728 0.4615 0.4432 0.4178 0.3847 0.3433 0.2940 0.2399 0.1917 0.1651 0.1536 0.1478 0.1447 0.1430 0.1421 0.1417 0.1414 0.1413 0.1413 0.1412 0.1412 0.1412 0.1412 0.1412 0.1412 0.1412 0.1412 0.1412 0.1412 0.1412 0.1412 0.1412 0.1412 0.1412 0.1413 0.1413 0.1414 0.1417 0.1421 0.1430 0.1447 0.1478 0.1536 0.1651 0.1917 0.2399 0.2940 0.3433 0.3847 0.4178 0.4432 0.4615 0.4728 0.4768 0.4721 0.4552 0.4261 0.3905 0.3540 0.3192 0.2875 0.2592 0.2345 0.2131 0.1949 0.1796 0.1669 0.1565 0.1484 0.1423 0.1380 0.1356 0.1350 0.1362 0.1394 0.1454 0.1566
0.1461 0.1396 0.1363 0.1350 0.1356 0.1379 0.1421 0.1482 0.1563 0.1666 0.1793 0.1946 0.2129 0.2343 0.2591 0.2875 0.3194 0.3543 0.3910 0.4266 0.4557 0.4723 0.4768 0.4726 0.4610 0.4425 0.4168 0.3831 0.3410 0.2904 0.2347 0.1859 0.1608 0.1499 0.1441 0.1407 0.1389 0.1379 0.1374 0.1372 0.1371 0.1370 0.1370 0.1369 0.1369 0.1369 0.1369 0.1369 0.1369 0.1369 0.1369 0.1369 0.1369 0.1369 0.1369 0.1369 0.1369 0.1369 0.1370 0.1370 0.1370 0.1372 0.1374 0.1379 0.1389 0.1407 0.1441 0.1499 0.1608 0.1859 0.2347 0.2904 0.3410 0.3831 0.4168 0.4425 0.4610 0.4726 0.4768 0.4723 0.4557 0.4266 0.3910 0.3543 0.3194 0.2875 0.2591 0.2343 0.2129 0.1946 0.1793 0.1666 0.1563 0.1482 0.1421 0.1379 0.1356 0.1350 0.1363 0.1396 0.1461
0.1399 0.1363 0.1350 0.1355 0.1378 0.1419 0.1480 0.1560 0.1663 0.1789 0.1943 0.2125 0.2339 0.2588 0.2872 0.3192 0.3543 0.3911 0.4268 0.4559 0.4724 0.4768 0.4724 0.4607 0.4420 0.4159 0.3819 0.3392 0.2878 0.2310 0.1824 0.1584 0.1480 0.1420 0.1386 0.1367 0.1358 0.1354 0.1352 0.1351 0.1351 0.1351 0.1351 0.1351 0.1351 0.1351 0.1351 0.1351 0.1351 0.1350 0.1350 0.1351 0.1351 0.1351 0.1351 0.1351 0.1351 0.1351 0.1351 0.1351 0.1351 0.1351 0.1352 0.1354 0.1358 0.1367 0.1386 0.1420 0.1480 0.1584 0.1824 0.2310 0.2878 0.3392 0.3819 0.4159 0.4420 0.4607 0.4724 0.4768 0.4724 0.4559 0.4268 0.3911 0.3543 0.3192 0.2872 0.2588 0.2339 0.2125 0.1943 0.1789 0.1663 0.1560 0.1480 0.1419 0.1378 0.1355 0.1350 0.1363 0.1399
0.1364 0.1350 0.1355 0.1377 0.1418 0.1477 0.1557 0.1659 0.1785 0.1938 0.2120 0.2334 0.2583 0.2868 0.3188 0.3540 0.3910 0.4268 0.4560 0.4725 0.4768 0.4723 0.4604 0.4415 0.4152 0.3808 0.3377 0.2858 0.2284 0.1802 0.1571 0.1468 0.1409 0.1375 0.1357 0.1350 0.1349 0.1350 0.1351 0.1352 0.1352 0.1352 0.1352 0.1352 0.1352 0.1353 0.1353 0.1353 0.1353 0.1353 0.1353 0.1353 0.1353 0.1353 0.1353 0.1353 0.1352 0.1352 0.1352 0.1352 0.1352 0.1352 0.1351 0.1350 0.1349 0.1350 0.1357 0.1375 0.1409 0.1468 0.1571 0.1802 0.2284 0.2858 0.3377 0.3808 0.4152 0.4415 0.4604 0.4723 0.4768 0.4725 0.4560 0.4268 0.3910 0.3540 0.3188 0.2868 0.2583 0.2334 0.2120 0.1938 0.1785 0.1659 0.1557 0.1477 0.1418 0.1377 0.1355 0.1350 0.1364
0.1348 0.1354 0.1376 0.1416 0.1475 0.1554 0.1655 0.1780 0.1932 0.2114 0.2328 0.2576 0.2861 0.3182 0.3534 0.3905 0.4266 0.4559 0.4725 0.4768 0.4722 0.4603 0.4412 0.4146 0.3800 0.3365 0.2842 0.2264 0.1786 0.1562 0.1461 0.1403 0.1369 0.1353 0.1349 0.1353 0.1359 0.1365 0.1369 0.1371 0.1373 0.1373 0.1374 0.1374 0.1374 0.1374 0.1374 0.1374 0.1374 0.1374 0.1374 0.1374 0.1374 0.1374 0.1374 0.1374 0.1374 0.1374 0.1374 0.1373 0.1373 0.1371 0.1369 0.1365 0.1359 0.1353 0.1349 0.1353 0.1369 0.1403 0.1461 0.1562 0.1786 0.2264 0.2842 0.3365 0.3800 0.4146 0.4412 0.4603 0.4722 0.4768 0.4725 0.4559 0.4266 0.3905 0.3534 0.3182 0.2861 0.2576 0.2328 0.2114 0.1932 0.1780 0.1655 0.1554 0.1475 0.1416 0.1376 0.1354 0.1348
0.1350 0.1375 0.1414 0.1472 0.1551 0.1651 0.1775 0.1927 0.2107 0.2320 0.2568 0.2853 0.3174 0.3527 0.3899 0.4261 0.4557 0.4724 0.4768 0.4722 0.4602 0.4410 0.4143 0.3794 0.3356 0.2829 0.2249 0.1775 0.1556 0.1457 0.1399 0.1366 0.1351 0.1350 0.1360 0.1374 0.1388 0.1399 0.1407 0.1411 0.1413 0.1414 0.1415 0.1415 0.1415 0.1416 0.1416 0.1416 0.1416 0.1416 0.1416 0.1416 0.1416 0.1416 0.1416 0.1416 0.1415 0.1415 0.1415 0.1414 0.1413 0.1411 0.1407 0.1399 0.1388 0.1374 0.1360 0.1350 0.1351 0.1366 0.1399 0.1457 0.1556 0.1775 0.2249 0.2829 0.3356 0.3794 0.4143 0.4410 0.4602 0.4722 0.4768 0.4724 0.4557 0.4261 0.3899 0.3527 0.3174 0.2853 0.2568 0.2320 0.2107 0.1927 0.1775 0.1651 0.1551 0.1472 0.1414 0.1375 0.1350
0.1369 0.1412 0.1470 0.1547 0.1647 0.1771 0.1921 0.2100 0.2312 0.2559 0.2843 0.3164 0.3517 0.3889 0.4253 0.4552 0.4723 0.4768 0.4723 0.4603 0.4410 0.4142 0.3792 0.3351 0.2821 0.2239 0.1768 0.1552 0.1454 0.1397 0.1364 0.1350 0.1352 0.1366 0.1389 0.1414 0.1437 0.1454 0.1465 0.1471 0.1474 0.1476 0.1477 0.1477 0.1478 0.1478 0.1478 0.1478 0.1478 0.1478 0.1478 0.1478 0.1478 0.1478 0.1478 0.1478 0.1478 0.1477 0.1477 0.1476 0.1474 0.1471 0.1465 0.1454 0.1437 0.1414 0.1389 0.1366 0.1352 0.1350 0.1364 0.1397 0.1454 0.1552 0.1768 0.2239 0.2821 0.3351 0.3792 0.4142 0.4410 0.4603 0.4723 0.4768 0.4723 0.4552 0.4253 0.3889 0.3517 0.3164 0.2843 0.2559 0.2312 0.2100 0.1921 0.1771 0.1647 0.1547 0.1470 0.1412 0.1369
0.1404 0.1467 0.1544 0.1643 0.1766 0.1915 0.2093 0.2304 0.2550 0.2833 0.3153 0.3506 0.3879 0.4244 0.4547 0.4721 0.4768 0.4724 0.4604 0.4412 0.4143 0.3792 0.3349 0.2817 0.2232 0.1763 0.1549 0.1452 0.1395 0.1363 0.1350 0.1353 0.1371 0.1400 0.1437 0.1474 0.1506 0.1530 0.1545 0.1553 0.1558 0.1560 0.1561 0.1562 0.1562 0.1562 0.1562 0.1563 0.1563 0.1563 0.1563 0.1563 0.1563 0.1563 0.1562 0.1562 0.1562 0.1562 0.1561 0.1560 0.1558 0.1553 0.1545 0.1530 0.1506 0.1474 0.1437 0.1400 0.1371 0.1353 0.1350 0.1363 0.1395 0.1452 0.1549 0.1763 0.2232 0.2817 0.3349 0.3792 0.4143 0.4412 0.4604 0.4724 0.4768 0.4721 0.4547 0.4244 0.3879 0.3506 0.3153 0.2833 0.2550 0.2304 0.2093 0.1915 0.1766 0.1643 0.1544 0.1467 0.1404
0.1457 0.1541 0.1639 0.1761 0.1909 0.2086 0.2296 0.2540 0.2822 0.3141 0.3493 0.3867 0.4234 0.4540 0.4718 0.4768 0.4726 0.4607 0.4415 0.4146 0.3794 0.3351 0.2817 0.2230 0.1760 0.1548 0.1451 0.1394 0.1362 0.1350 0.1354 0.1374 0.1408 0.1453 0.1504 0.1555 0.1598 0.1629 0.1648 0.1659 0.1665 0.1668 0.1670 0.1671 0.1671 0.1671 0.1671 0.1672 0.1672 0.1672 0.1672 0.1672 0.1672 0.1672 0.1671 0.1671 0.1671 0.1671 0.1670 0.1668 0.1665 0.1659 0.1648 0.1629 0.1598 0.1555 0.1504 0.1453 0.1408 0.1374 0.1354 0.1350 0.1362 0.1394 0.1451 0.1548 0.1760 0.2230 0.2817 0.3351 0.3794 0.4146 0.4415 0.4607 0.4726 0.4768 0.4718 0.4540 0.4234 0.3867 0.3493 0.3141 0.2822 0.2540 0.2296 0.2086 0.1909 0.1761 0.1639 0.1541 0.1457
0.1529 0.1635 0.1756 0.1903 0.2079 0.2288 0.2531 0.2811 0.3129 0.3480 0.3853 0.4222 0.4532 0.4715 0.4768 0.4728 0.4610 0.4419 0.4151 0.3800 0.3356 0.2821 0.2232 0.1760 0.1547 0.1450 0.1393 0.1362 0.1350 0.1355 0.1376 0.1413 0.1464 0.1526 0.1593 0.1659 0.1714 0.1753 0.1778 0.1792 0.1799 0.1803 0.1805 0.1806 0.1807 0.1807 0.1807 0.1808 0.1808 0.1808 0.1808 0.1808 0.1808 0.1808 0.1807 0.1807 0.1807 0.1806 0.1805 0.1803 0.1799 0.1792 0.1778 0.1753 0.1714 0.1659 0.1593 0.1526 0.1464 0.1413 0.1376 0.1355 0.1350 0.1362 0.1393 0.1450 0.1547 0.1760 0.2232 0.2821 0.3356 0.3800 0.4152 0.4420 0.4610 0.4728 0.4768 0.4715 0.4532 0.4222 0.3853 0.3480 0.3129 0.2811 0.2531 0.2288 0.2079 0.1903 0.1756 0.1635 0.1529
0.1621 0.1751 0.1897 0.2072 0.2280 0.2521 0.2800 0.3117 0.3467 0.3840 0.4209 0.4523 0.4711 0.4768 0.4730 0.4615 0.4425 0.4158 0.3808 0.3365 0.2829 0.2239 0.1763 0.1548 0.1450 0.1393 0.1362 0.1350 0.1355 0.1378 0.1416 0.1471 0.1540 0.1620 0.1706 0.1788 0.1856 0.1905 0.1936 0.1954 0.1963 0.1968 0.1970 0.1972 0.1972 0.1973 0.1973 0.1973 0.1974 0.1974 0.1974 0.1974 0.1974 0.1973 0.1973 0.1973 0.1972 0.1972 0.1970 0.1968 0.1963 0.1954 0.1936 0.1905 0.1856 0.1788 0.1706 0.1620 0.1540 0.1471 0.1416 0.1378 0.1355 0.1350 0.1362 0.1393 0.1450 0.1548 0.1763 0.2239 0.2829 0.3365 0.3808 0.4159 0.4425 0.4615 0.4730 0.4768 0.4711 0.4523 0.4209 0.3840 0.3467 0.3116 0.2800 0.2521 0.2280 0.2072 0.1897 0.1751 0.1621
0.1734 0.1891 0.2065 0.2271 0.2511 0.2789 0.3104 0.3453 0.3826 0.4196 0.4513 0.4706 0.4768 0.4733 0.4620 0.4432 0.4167 0.3818 0.3376 0.2841 0.2249 0.1767 0.1549 0.1451 0.1393 0.1362 0.1350 0.1356 0.1378 0.1418 0.1474 0.1548 0.1637 0.1738 0.1844 0.1945 0.2028 0.2089 0.2126 0.2148 0.2159 0.2165 0.2168 0.2170 0.2171 0.2171 0.2172 0.2172 0.2172 0.2172 0.2172 0.2172 0.2172 0.2172 0.2172 0.2171 0.2171 0.2170 0.2168 0.2165 0.2159 0.2148 0.2126 0.2089 0.2028 0.1945 0.1844 0.1737 0.1637 0.1548 0.1474 0.1418 0.1378 0.1356 0.1350 0.1362 0.1393 0.1451 0.1549 0.1768 0.2249 0.2842 0.3377 0.3819 0.4168 0.4432 0.4620 0.4733 0.4768 0.4706 0.4513 0.4196 0.3825 0.3453 0.3103 0.2789 0.2511 0.2271 0.2065 0.1891 0.1734
0.1872 0.2057 0.2262 0.2501 0.2777 0.3090 0.3438 0.3810 0.4182 0.4502 0.4701 0.4767 0.4736 0.4625 0.4440 0.4178 0.3831 0.3391 0.2857 0.2263 0.1775 0.1552 0.1452 0.1394 0.1362 0.1350 0.1356 0.1379 0.1419 0.1476 0.1552 0.1646 0.1757 0.1881 0.2010 0.2131 0.2233 0.2306 0.2352 0.2378 0.2391 0.2399 0.2402 0.2404 0.2405 0.2406 0.2406 0.2407 0.2407 0.2407 0.2407 0.2407 0.2407 0.2407 0.2406 0.2406 0.2405 0.2404 0.2402 0.2399 0.2391 0.2377 0.2352 0.2306 0.2233 0.2131 0.2009 0.1881 0.1757 0.1646 0.1552 0.1476 0.1419 0.1378 0.1356 0.1350 0.1362 0.1394 0.1452 0.1552 0.1775 0.2264 0.2858 0.3392 0.3831 0.4178 0.4441 0.4625 0.4736 0.4767 0.4701 0.4502 0.4181 0.3809 0.3437 0.3089 0.2776 0.2500 0.2261 0.2057 0.1871
0.2034 0.2251 0.2488 0.2763 0.3075 0.3421 0.3793 0.4165 0.4490 0.4696 0.4767 0.4739 0.4631 0.4449 0.4190 0.3846 0.3408 0.2876 0.2282 0.1785 0.1556 0.1454 0.1395 0.1362 0.1350 0.1355 0.1378 0.1419 0.1477 0.1554 0.1651 0.1768 0.1903 0.2052 0.2206 0.2351 0.2472 0.2560 0.2614 0.2645 0.2662 0.2670 0.2675 0.2677 0.2678 0.2679 0.2680 0.2680 0.2680 0.2680 0.2680 0.2680 0.2680 0.2680 0.2679 0.2679 0.2678 0.2677 0.2675 0.2670 0.2662 0.2645 0.2614 0.2559 0.2472 0.2351 0.2206 0.2051 0.1902 0.1767 0.1651 0.1554 0.1477 0.1419 0.1378 0.1355 0.1350 0.1362 0.1395 0.1454 0.1556 0.1786 0.2284 0.2878 0.3410 0.3847 0.4191 0.4450 0.4632 0.4739 0.4767 0.4695 0.4489 0.4164 0.3791 0.3420 0.3073 0.2761 0.2487 0.2250 0.2034
0.2224 0.2473 0.2746 0.3056 0.3401 0.3772 0.4146 0.4475 0.4688 0.4766 0.4742 0.4639 0.4460 0.4204 0.3864 0.3430 0.2901 0.2307 0.1799 0.1561 0.1457 0.1396 0.1363 0.1350 0.1355 0.1378 0.1418 0.1477 0.1555 0.1653 0.1773 0.1914 0.2076 0.2253 0.2435 0.2606 0.2749 0.2851 0.2915 0.2952 0.2971 0.2981 0.2986 0.2989 0.2990 0.2991 0.2991 0.2992 0.2992 0.2992 0.2992 0.2992 0.2992 0.2992 0.2991 0.2990 0.2989 0.2988 0.2985 0.2980 0.2970 0.2950 0.2913 0.2849 0.2747 0.2605 0.2434 0.2252 0.2075 0.1914 0.1772 0.1652 0.1554 0.1476 0.1418 0.1378 0.1355 0.1350 0.1363 0.1397 0.1457 0.1562 0.1802 0.2310 0.2905 0.3433 0.3866 0.4206 0.4461 0.4639 0.4742 0.4766 0.4687 0.4473 0.4143 0.3769 0.3398 0.3053 0.2743 0.2471 0.2221
0.2440 0.2723 0.3031 0.3374 0.3745 0.4120 0.4455 0.4679 0.4764 0.4746 0.4647 0.4473 0.4222 0.3886 0.3458 0.2934 0.2340 0.1819 0.1569 0.1460 0.1398 0.1364 0.1350 0.1355 0.1377 0.1417 0.1475 0.1553 0.1652 0.1773 0.1918 0.2087 0.2278 0.2486 0.2698 0.2896 0.3060 0.3178 0.3252 0.3293 0.3315 0.3326 0.3332 0.3335 0.3337 0.3337 0.3338 0.3338 0.3338 0.3338 0.3338 0.3338 0.3338 0.3337 0.3337 0.3336 0.3335 0.3333 0.3330 0.3324 0.3312 0.3289 0.3247 0.3174 0.3057 0.2893 0.2695 0.2484 0.2277 0.2086 0.1917 0.1772 0.1651 0.1552 0.1474 0.1416 0.1376 0.1354 0.1350 0.1364 0.1399 0.1461 0.1571 0.1824 0.2347 0.2940 0.3464 0.3891 0.4226 0.4476 0.4649 0.4747 0.4764 0.4676 0.4450 0.4114 0.3738 0.3368 0.3024 0.2717 0.2434
0.2679 0.2996 0.3337 0.3706 0.4084 0.4427 0.4664 0.4761 0.4751 0.4659 0.4491 0.4246 0.3917 0.3496 0.2978 0.2386 0.1849 0.1581 0.1466 0.1402 0.1365 0.1350 0.1354 0.1375 0.1414 0.1472 0.1549 0.1648 0.1770 0.1916 0.2089 0.2288 0.2510 0.2750 0.2993 0.3218 0.3401 0.3532 0.3613 0.3658 0.3682 0.3695 0.3701 0.3704 0.3705 0.3706 0.3706 0.3706 0.3706 0.3706 0.3706 0.3705 0.3705 0.3704 0.3703 0.3702 0.3701 0.3699 0.3695 0.3688 0.3675 0.3651 0.3605 0.3524 0.3394 0.3211 0.2987 0.2745 0.2506 0.2284 0.2086 0.1914 0.1767 0.1646 0.1548 0.1471 0.1413 0.1374 0.1353 0.1350 0.1366 0.1403 0.1468 0.1584 0.1859 0.2400 0.2991 0.3508 0.3927 0.4254 0.4497 0.4663 0.4753 0.4760 0.4659 0.4416 0.4071 0.3693 0.3323 0.2983 0.2667
0.2935 0.3282 0.3649 0.4029 0.4383 0.4640 0.4755 0.4757 0.4675 0.4516 0.4280 0.3961 0.3550 0.3041 0.2453 0.1896 0.1599 0.1475 0.1407 0.1368 0.1351 0.1353 0.1372 0.1410 0.1467 0.1543 0.1640 0.1762 0.1908 0.2081 0.2284 0.2514 0.2770 0.3042 0.3314 0.3560 0.3757 0.3894 0.3978 0.4024 0.4048 0.4060 0.4066 0.4069 0.4070 0.4070 0.4071 0.4070 0.4070 0.4069 0.4068 0.4068 0.4067 0.4066 0.4065 0.4063 0.4062 0.4059 0.4055 0.4048 0.4035 0.4010 0.3963 0.3879 0.3743 0.3547 0.3302 0.3032 0.2761 0.2506 0.2277 0.2075 0.1902 0.1757 0.1637 0.1540 0.1464 0.1408 0.1371 0.1352 0.1351 0.1369 0.1409 0.1480 0.1608 0.1917 0.2481 0.3068 0.3573 0.3980 0.4295 0.4527 0.4682 0.4760 0.4752 0.4628 0.4361 0.4003 0.3622 0.3256 0.2910
0.3192 0.3563 0.3945 0.4312 0.4597 0.4742 0.4764 0.4697 0.4552 0.4330 0.4025 0.3629 0.3136 0.2555 0.1975 0.1631 0.1490 0.1415 0.1372 0.1352 0.1351 0.1368 0.1404 0.1458 0.1532 0.1628 0.1747 0.1891 0.2064 0.2266 0.2499 0.2763 0.3052 0.3353 0.3646 0.3904 0.4101 0.4232 0.4308 0.4349 0.4369 0.4380 0.4384 0.4386 0.4387 0.4387 0.4386 0.4386 0.4385 0.4383 0.4382 0.4381 0.4380 0.4379 0.4378 0.4376 0.4374 0.4371 0.4367 0.4360 0.4348 0.4326 0.4283 0.4206 0.4075 0.3878 0.3622 0.3331 0.3032 0.2745 0.2484 0.2252 0.2051 0.1881 0.1737 0.1620 0.1526 0.1453 0.1400 0.1366 0.1350 0.1353 0.1375 0.1420 0.1499 0.1651 0.2021 0.2610 0.3186 0.3672 0.4059 0.4356 0.4570 0.4708 0.4766 0.4733 0.4571 0.4270 0.3897 0.3515 0.3146
0.3434 0.3817 0.4198 0.4521 0.4713 0.4768 0.4725 0.4601 0.4400 0.4118 0.3745 0.3275 0.2711 0.2111 0.1691 0.1517 0.1430 0.1380 0.1355 0.1350 0.1363 0.1394 0.1445 0.1515 0.1607 0.1722 0.1863 0.2032 0.2231 0.2463 0.2728 0.3023 0.3341 0.3665 0.3967 0.4216 0.4392 0.4497 0.4554 0.4582 0.4596 0.4602 0.4605 0.4606 0.4606 0.4605 0.4605 0.4604 0.4602 0.4601 0.4600 0.4598 0.4597 0.4595 0.4594 0.4592 0.4590 0.4588 0.4584 0.4579 0.4570 0.4553 0.4522 0.4461 0.4351 0.4173 0.3923 0.3622 0.3302 0.2987 0.2695 0.2434 0.2206 0.2009 0.1844 0.1706 0.1593 0.1504 0.1437 0.1389 0.1360 0.1349 0.1357 0.1386 0.1441 0.1536 0.1737 0.2202 0.2807 0.3359 0.3815 0.4172 0.4441 0.4629 0.4739 0.4766 0.4688 0.4465 0.4123 0.3737 0.3354
0.3641 0.4026 0.4387 0.4647 0.4758 0.4753 0.4662 0.4492 0.4242 0.3904 0.3469 0.2936 0.2332 0.1810 0.1565 0.1457 0.1395 0.1361 0.1349 0.1356 0.1382 0.1426 0.1490 0.1576 0.1685 0.1819 0.1981 0.2173 0.2399 0.2660 0.2954 0.3277 0.3617 0.3951 0.4243 0.4460 0.4591 0.4659 0.4691 0.4706 0.4712 0.4715 0.4717 0.4717 0.4716 0.4716 0.4715 0.4714 0.4713 0.4711 0.4710 0.4709 0.4708 0.4706 0.4705 0.4703 0.4702 0.4700 0.4698 0.4694 0.4689 0.4679 0.4659 0.4620 0.4542 0.4398 0.4172 0.3878 0.3546 0.3211 0.2893 0.2605 0.2351 0.2131 0.1945 0.1788 0.1659 0.1555 0.1474 0.1414 0.1374 0.1353 0.1350 0.1367 0.1407 0.1478 0.1608 0.1920 0.2490 0.3085 0.3595 0.4004 0.4319 0.4548 0.4696 0.4764 0.4739 0.4585 0.4285 0.3907 0.3518
0.3802 0.4179 0.4511 0.4710 0.4768 0.4724 0.4597 0.4390 0.4099 0.3715 0.3230 0.2651 0.2051 0.1663 0.1504 0.1422 0.1375 0.1352 0.1350 0.1367 0.1403 0.1458 0.1535 0.1634 0.1757 0.1909 0.2090 0.2304 0.2554 0.2839 0.3159 0.3504 0.3857 0.4185 0.4447 0.4613 0.4696 0.4733 0.4748 0.4754 0.4756 0.4757 0.4758 0.4757 0.4757 0.4757 0.4756 0.4755 0.4755 0.4754 0.4753 0.4752 0.4751 0.4750 0.4749 0.4748 0.4747 0.4746 0.4745 0.4742 0.4739 0.4733 0.4722 0.4698 0.4647 0.4541 0.4351 0.4074 0.3742 0.3394 0.3057 0.2747 0.2472 0.2233 0.2028 0.1856 0.1714 0.1598 0.1506 0.1437 0.1388 0.1359 0.1349 0.1358 0.1389 0.1447 0.1549 0.1771 0.2267 0.2879 0.3427 0.3874 0.4222 0.4481 0.4657 0.4752 0.4759 0.4648 0.4386 0.4021 0.3632
0.3917 0.4283 0.4585 0.4740 0.4764 0.4694 0.4541 0.4308 0.3986 0.3568 0.3046 0.2442 0.1882 0.1593 0.1470 0.1402 0.1364 0.1349 0.1354 0.1379 0.1422 0.1486 0.1572 0.1682 0.1818 0.1983 0.2180 0.2411 0.2680 0.2986 0.3325 0.3685 0.4041 0.4352 0.4574 0.4692 0.4742 0.4759 0.4765 0.4767 0.4767 0.4767 0.4767 0.4767 0.4767 0.4767 0.4767 0.4766 0.4766 0.4766 0.4766 0.4765 0.4765 0.4764 0.4764 0.4763 0.4762 0.4762 0.4761 0.4760 0.4758 0.4754 0.4748 0.4733 0.4698 0.4619 0.4460 0.4205 0.3878 0.3524 0.3174 0.2849 0.2559 0.2306 0.2089 0.1905 0.1753 0.1629 0.1530 0.1454 0.1399 0.1365 0.1350 0.1354 0.1379 0.1430 0.1520 0.1700 0.2133 0.2746 0.3317 0.3788 0.4158 0.4435 0.4628 0.4740 0.4765 0.4680 0.4445 0.4091 0.3704
0.3996 0.4351 0.4628 0.4754 0.4757 0.4669 0.4500 0.4247 0.3905 0.3462 0.2917 0.2302 0.1789 0.1556 0.1450 0.1390 0.1359 0.1349 0.1359 0.1388 0.1437 0.1507 0.1600 0.1717 0.1862 0.2037 0.2246 0.2491 0.2774 0.3094 0.3446 0.3814 0.4167 0.4458 0.4643 0.4729 0.4759 0.4767 0.4767 0.4766 0.4766 0.4765 0.4765 0.4766 0.4766 0.4766 0.4766 0.4767 0.4767 0.4767 0.4767 0.4767 0.4767 0.4767 0.4767 0.4767 0.4767 0.4766 0.4766 0.4765 0.4764 0.4762 0.4758 0.4747 0.4721 0.4657 0.4520 0.4281 0.3962 0.3604 0.3247 0.2913 0.2614 0.2352 0.2126 0.1936 0.1778 0.1648 0.1545 0.1465 0.1407 0.1369 0.1351 0.1352 0.1374 0.1421 0.1504 0.1667 0.2061 0.2669 0.3252 0.3737 0.4120 0.4408 0.4611 0.4732 0.4767 0.4696 0.4477 0.4131 0.3747
0.4050 0.4395 0.4654 0.4760 0.4750 0.4650 0.4469 0.4204 0.3848 0.3389 0.2828 0.2211 0.1738 0.1535 0.1439 0.1384 0.1356 0.1349 0.1362 0.1395 0.1448 0.1522 0.1620 0.1742 0.1893 0.2075 0.2292 0.2545 0.2838 0.3167 0.3528 0.3899 0.4248 0.4521 0.4680 0.4746 0.4765 0.4767 0.4765 0.4762 0.4761 0.4761 0.4761 0.4762 0.4762 0.4763 0.4764 0.4764 0.4765 0.4765 0.4766 0.4766 0.4767 0.4767 0.4767 0.4767 0.4767 0.4767 0.4767 0.4767 0.4766 0.4765 0.4762 0.4754 0.4732 0.4676 0.4550 0.4323 0.4008 0.3650 0.3289 0.2950 0.2645 0.2377 0.2148 0.1954 0.1792 0.1659 0.1553 0.1471 0.1411 0.1371 0.1352 0.1351 0.1372 0.1417 0.1497 0.1650 0.2023 0.2626 0.3216 0.3708 0.4098 0.4393 0.4600 0.4727 0.4768 0.4704 0.4494 0.4153 0.3771
0.4088 0.4424 0.4670 0.4763 0.4744 0.4637 0.4448 0.4174 0.3807 0.3338 0.2767 0.2151 0.1708 0.1522 0.1431 0.1380 0.1354 0.1350 0.1365 0.1400 0.1455 0.1532 0.1633 0.1759 0.1914 0.2100 0.2322 0.2581 0.2880 0.3216 0.3581 0.3954 0.4298 0.4557 0.4700 0.4754 0.4767 0.4765 0.4761 0.4759 0.4757 0.4757 0.4757 0.4758 0.4759 0.4760 0.4761 0.4762 0.4763 0.4763 0.4764 0.4765 0.4766 0.4766 0.4766 0.4767 0.4767 0.4767 0.4767 0.4767 0.4767 0.4766 0.4764 0.4757 0.4737 0.4686 0.4566 0.4345 0.4032 0.3674 0.3311 0.2969 0.2661 0.2391 0.2159 0.1963 0.1799 0.1665 0.1558 0.1474 0.1413 0.1373 0.1352 0.1351 0.1370 0.1414 0.1493 0.1642 0.2003 0.2603 0.3196 0.3693 0.4087 0.4384 0.4595 0.4724 0.4768 0.4708 0.4503 0.4165 0.3784
0.4115 0.4445 0.4680 0.4765 0.4739 0.4626 0.4432 0.4152 0.3778 0.3302 0.2724 0.2110 0.1688 0.1514 0.1427 0.1377 0.1353 0.1350 0.1367 0.1404 0.1461 0.1539 0.1642 0.1770 0.1927 0.2117 0.2342 0.2605 0.2907 0.3247 0.3615 0.3989 0.4329 0.4580 0.4711 0.4758 0.4767 0.4764 0.4758 0.4755 0.4754 0.4754 0.4754 0.4755 0.4756 0.4757 0.4758 0.4759 0.4761 0.4762 0.4763 0.4764 0.4765 0.4765 0.4766 0.4766 0.4767 0.4767 0.4767 0.4767 0.4767 0.4766 0.4764 0.4758 0.4740 0.4690 0.4574 0.4356 0.4045 0.3687 0.3323 0.2979 0.2670 0.2398 0.2165 0.1968 0.1803 0.1668 0.1560 0.1476 0.1414 0.1373 0.1352 0.1351 0.1370 0.1413 0.1491 0.1637 0.1994 0.2592 0.3185 0.3685 0.4080 0.4380 0.4592 0.4722 0.4768 0.4710 0.4508 0.4172 0.3791
0.4134 0.4460 0.4687 0.4766 0.4736 0.4619 0.4420 0.4136 0.3757 0.3275 0.2694 0.2082 0.1676 0.1508 0.1423 0.1375 0.1352 0.1351 0.1369 0.1406 0.1464 0.1544 0.1648 0.1778 0.1937 0.2129 0.2356 0.2621 0.2926 0.3268 0.3638 0.4012 0.4350 0.4594 0.4718 0.4761 0.4767 0.4762 0.4756 0.4753 0.4751 0.4751 0.4752 0.4753 0.4754 0.4755 0.4756 0.4758 0.4759 0.4761 0.4762 0.4763 0.4764 0.4765 0.4765 0.4766 0.4766 0.4767 0.4767 0.4767 0.4767 0.4767 0.4765 0.4759 0.4741 0.4693 0.4578 0.4362 0.4052 0.3693 0.3328 0.2984 0.2674 0.2402 0.2168 0.1970 0.1805 0.1670 0.1561 0.1477 0.1415 0.1374 0.1352 0.1351 0.1370 0.1413 0.1490 0.1635 0.1989 0.2586 0.3181 0.3681 0.4077 0.4377 0.4590 0.4721 0.4768 0.4711 0.4510 0.4175 0.3794
0.4147 0.4469 0.4692 0.4767 0.4733 0.4614 0.4412 0.4125 0.3743 0.3257 0.2673 0.2064 0.1667 0.1504 0.1421 0.1374 0.1352 0.1351 0.1370 0.1408 0.1467 0.1547 0.1652 0.1783 0.1944 0.2136 0.2365 0.2632 0.2939 0.3282 0.3653 0.4028 0.4363 0.4602 0.4722 0.4762 0.4767 0.4761 0.4755 0.4751 0.4749 0.4749 0.4750 0.4751 0.4752 0.4754 0.4755 0.4757 0.4758 0.4760 0.4761 0.4762 0.4763 0.4764 0.4765 0.4766 0.4766 0.4767 0.4767 0.4767 0.4767 0.4767 0.4765 0.4759 0.4742 0.4694 0.4580 0.4365 0.4055 0.3697 0.3332 0.2987 0.2677 0.2404 0.2170 0.1972 0.1806 0.1670 0.1562 0.1477 0.1415 0.1374 0.1352 0.1351 0.1369 0.1412 0.1489 0.1634 0.1986 0.2583 0.3178 0.3679 0.4076 0.4376 0.4590 0.4721 0.4768 0.4711 0.4511 0.4177 0.3796
0.4156 0.4476 0.4695 0.4767 0.4732 0.4610 0.4407 0.4118 0.3734 0.3246 0.2661 0.2052 0.1662 0.1502 0.1420 0.1373 0.1352 0.1351 0.1370 0.1409 0.1468 0.1549 0.1655 0.1786 0.1947 0.2141 0.2371 0.2639 0.2946 0.3291 0.3662 0.4037 0.4371 0.4608 0.4725 0.4763 0.4766 0.4760 0.4754 0.4750 0.4748 0.4748 0.4749 0.4750 0.4751 0.4753 0.4754 0.4756 0.4757 0.4759 0.4760 0.4762 0.4763 0.4764 0.4765 0.4766 0.4766 0.4767 0.4767 0.4767 0.4767 0.4767 0.4765 0.4759 0.4742 0.4695 0.4582 0.4366 0.4057 0.3698 0.3333 0.2989 0.2678 0.2405 0.2171 0.1972 0.1807 0.1671 0.1562 0.1478 0.1415 0.1374 0.1352 0.1351 0.1369 0.1412 0.1489 0.1634 0.1985 0.2581 0.3177 0.3678 0.4075 0.4375 0.4589 0.4721 0.4768 0.4712 0.4512 0.4178 0.3797
0.4159 0.4478 0.4696 0.4767 0.4731 0.4609 0.4405 0.4115 0.3730 0.3241 0.2655 0.2047 0.1660 0.1501 0.1419 0.1373 0.1352 0.1351 0.1370 0.1409 0.1469 0.1550 0.1656 0.1788 0.1949 0.2143 0.2373 0.2642 0.2950 0.3294 0.3666 0.4040 0.4374 0.4610 0.4726 0.4763 0.4766 0.4760 0.4753 0.4749 0.4748 0.4747 0.4748 0.4749 0.4751 0.4752 0.4754 0.4755 0.4757 0.4759 0.4760 0.4762 0.4763 0.4764 0.4765 0.4766 0.4766 0.4767 0.4767 0.4767 0.4767 0.4767 0.4765 0.4759 0.4742 0.4695 0.4582 0.4367 0.4058 0.3699 0.3334 0.2990 0.2679 0.2406 0.2171 0.1973 0.1807 0.1671 0.1562 0.1478 0.1416 0.1374 0.1353 0.1351 0.1369 0.1412 0.1489 0.1633 0.1984 0.2581 0.3176 0.3677 0.4074 0.4375 0.4589 0.4721 0.4768 0.4712 0.4512 0.4178 0.3798
0.4158 0.4478 0.4696 0.4767 0.4731 0.4609 0.4405 0.4115 0.3731 0.3242 0.2656 0.2048 0.1660 0.1501 0.1419 0.1373 0.1352 0.1351 0.1370 0.1409 0.1469 0.1550 0.1656 0.1788 0.1949 0.2143 0.2373 0.2641 0.2949 0.3294 0.3665 0.4040 0.4374 0.4610 0.4726 0.4763 0.4766 0.4760 0.4753 0.4749 0.4748 0.4747 0.4748 0.4749 0.4751 0.4752 0.4754 0.4755 0.4757 0.4759 0.4760 0.4762 0.4763 0.4764 0.4765 0.4766 0.4766 0.4767 0.4767 0.4767 0.4767 0.4767 0.4765 0.4759 0.4742 0.4695 0.4582 0.4368 0.4059 0.3700 0.3335 0.2990 0.2679 0.2406 0.2172 0.1973 0.1807 0.1671 0.1562 0.1478 0.1416 0.1374 0.1353 0.1351 0.1369 0.1412 0.1489 0.1633 0.1984 0.2580 0.3175 0.3677 0.4074 0.4375 0.4589 0.4721 0.4768 0.4712 0.4513 0.4178 0.3798
0.4153 0.4474 0.4694 0.4767 0.4732 0.4611 0.4409 0.4120 0.3736 0.3249 0.2664 0.2055 0.1663 0.1503 0.1420 0.1373 0.1352 0.1351 0.1370 0.1409 0.1468 0.1549 0.1654 0.1786 0.1947 0.2140 0.2370 0.2638 0.2945 0.3290 0.3661 0.4035 0.4370 0.4607 0.4724 0.4763 0.4766 0.4760 0.4754 0.4750 0.4748 0.4748 0.4749 0.4750 0.4751 0.4753 0.4754 0.4756 0.4757 0.4759 0.4760 0.4762 0.4763 0.4764 0.4765 0.4766 0.4766 0.4767 0.4767 0.4767 0.4767 0.4767 0.4765 0.4759 0.4742 0.4695 0.4583 0.4368 0.4059 0.3700 0.3336 0.2991 0.2680 0.2407 0.2172 0.1973 0.1807 0.1671 0.1562 0.1478 0.1416 0.1374 0.1353 0.1351 0.1369 0.1412 0.1488 0.1633 0.1983 0.2579 0.3174 0.3676 0.4073 0.4375 0.4589 0.4721 0.4768 0.4712 0.4513 0.4178 0.3798
0.4144 0.4467 0.4691 0.4767 0.4734 0.4615 0.4414 0.4127 0.3746 0.3261 0.2678 0.2067 0.1669 0.1505 0.1421 0.1374 0.1352 0.1351 0.1369 0.1408 0.1466 0.1547 0.1652 0.1783 0.1943 0.2136 0.2365 0.2632 0.2938 0.3282 0.3652 0.4027 0.4363 0.4602 0.4722 0.4762 0.4767 0.4761 0.4754 0.4751 0.4749 0.4749 0.4750 0.4751 0.4752 0.4753 0.4755 0.4756 0.4758 0.4759 0.4761 0.4762 0.4763 0.4764 0.4765 0.4766 0.4766 0.4767 0.4767 0.4767 0.4767 0.4767 0.4765 0.4759 0.4742 0.4695 0.4583 0.4368 0.4059 0.3701 0.3336 0.2991 0.2680 0.2407 0.2172 0.1974 0.1808 0.1672 0.1563 0.1478 0.1416 0.1374 0.1353 0.1351 0.1369 0.1412 0.1488 0.1632 0.1982 0.2578 0.3174 0.3676 0.4073 0.4374 0.4588 0.4720 0.4768 0.4712 0.4513 0.4179 0.3799
0.4132 0.4458 0.4687 0.4766 0.4736 0.4620 0.4421 0.4137 0.3759 0.3277 0.2696 0.2084 0.1676 0.1508 0.1423 0.1375 0.1352 0.1351 0.1369 0.1406 0.1464 0.1544 0.1648 0.1778 0.1938 0.2130 0.2357 0.2623 0.2928 0.3271 0.3641 0.4015 0.4353 0.4596 0.4719 0.4761 0.4767 0.4762 0.4756 0.4752 0.4751 0.4750 0.4751 0.4752 0.4753 0.4754 0.4756 0.4757 0.4759 0.4760 0.4761 0.4762 0.4764 0.4764 0.4765 0.4766 0.4766 0.4767 0.4767 0.4767 0.4767 0.4767 0.4765 0.4759 0.4742 0.4695 0.4583 0.4368 0.4060 0.3701 0.3336 0.2991 0.2680 0.2407 0.2172 0.1974 0.1808 0.1672 0.1563 0.1478 0.1416 0.1374 0.1353 0.1351 0.1369 0.1412 0.1488 0.1632 0.1982 0.2578 0.3173 0.3675 0.4073 0.4374 0.4588 0.4720 0.4768 0.4712 0.4513 0.4179 0.3799
0.4117 0.4447 0.4681 0.4765 0.4739 0.4625 0.4430 0.4149 0.3775 0.3297 0.2720 0.2105 0.1686 0.1513 0.1426 0.1377 0.1353 0.1350 0.1368 0.1404 0.1462 0.1541 0.1644 0.1773 0.1931 0.2122 0.2348 0.2612 0.2916 0.3257 0.3626 0.4000 0.4340 0.4587 0.4715 0.4760 0.4767 0.4763 0.4757 0.4754 0.4752 0.4752 0.4752 0.4753 0.4754 0.4756 0.4757 0.4758 0.4760 0.4761 0.4762 0.4763 0.4764 0.4765 0.4765 0.4766 0.4766 0.4767 0.4767 0.4767 0.4767 0.4767 0.4765 0.4759 0.4742 0.4695 0.4583 0.4368 0.4060 0.3701 0.3336 0.2991 0.2680 0.2407 0.2172 0.1974 0.1808 0.1672 0.1563 0.1478 0.1416 0.1374 0.1353 0.1351 0.1369 0.1412 0.1488 0.1632 0.1982 0.2578 0.3173 0.3675 0.4072 0.4374 0.4588 0.4720 0.4768 0.4712 0.4513 0.4179 0.3799
0.4099 0.4433 0.4674 0.4764 0.4742 0.4632 0.4440 0.4163 0.3793 0.3320 0.2746 0.2130 0.1698 0.1518 0.1429 0.1378 0.1353 0.1350 0.1366 0.1402 0.1459 0.1537 0.1639 0.1767 0.1924 0.2113 0.2337 0.2600 0.2902 0.3241 0.3609 0.3983 0.4325 0.4577 0.4710 0.4758 0.4767 0.4764 0.4759 0.4756 0.4754 0.4754 0.4754 0.4755 0.4756 0.4757 0.4758 0.4759 0.4761 0.4762 0.4763 0.4764 0.4764 0.4765 0.4766 0.4766 0.4767 0.4767 0.4767 0.4767 0.4767 0.4767 0.4765 0.4759 0.4742 0.4695 0.4583 0.4368 0.4059 0.3701 0.3336 0.2991 0.2680 0.2407 0.2172 0.1974 0.1808 0.1672 0.1563 0.1478 0.1416 0.1374 0.1353 0.1351 0.1369 0.1412 0.1488 0.1632 0.1982 0.2578 0.3173 0.3675 0.4073 0.4374 0.4588 0.4720 0.4768 0.4712 0.4513 0.4179 0.3799
0.4080 0.4418 0.4666 0.4763 0.4745 0.4639 0.4451 0.4179 0.3813 0.3345 0.2776 0.2158 0.1711 0.1523 0.1432 0.1380 0.1354 0.1350 0.1365 0.1400 0.1456 0.1533 0.1633 0.1760 0.1915 0.2103 0.2326 0.2586 0.2886 0.3224 0.3590 0.3965 0.4308 0.4565 0.4703 0.4756 0.4767 0.4765 0.4761 0.4758 0.4756 0.4756 0.4756 0.4757 0.4758 0.4759 0.4760 0.4761 0.4762 0.4763 0.4763 0.4764 0.4765 0.4765 0.4766 0.4766 0.4767 0.4767 0.4767 0.4767 0.4767 0.4767 0.4765 0.4759 0.4742 0.4695 0.4582 0.4368 0.4059 0.3701 0.3336 0.2991 0.2680 0.2407 0.2172 0.1974 0.1808 0.1672 0.1563 0.1478 0.1416 0.1374 0.1353 0.1351 0.1369 0.1412 0.1488 0.1632 0.1982 0.2578 0.3174 0.3676 0.4073 0.4374 0.4588 0.4720 0.4768 0.4712 0.4513 0.4179 0.3799
0.4060 0.4402 0.4658 0.4761 0.4748 0.4647 0.4463 0.4195 0.3834 0.3372 0.2807 0.2188 0.1726 0.1530 0.1435 0.1382 0.1355 0.1349 0.1364 0.1398 0.1452 0.1528 0.1628 0.1753 0.1907 0.2093 0.2313 0.2572 0.2870 0.3206 0.3571 0.3945 0.4290 0.4552 0.4697 0.4753 0.4767 0.4766 0.4762 0.4760 0.4758 0.4758 0.4758 0.4759 0.4759 0.4760 0.4761 0.4762 0.4763 0.4763 0.4764 0.4765 0.4765 0.4766 0.4766 0.4766 0.4767 0.4767 0.4767 0.4767 0.4767 0.4767 0.4765 0.4759 0.4742 0.4695 0.4582 0.4368 0.4059 0.3700 0.3335 0.2991 0.2680 0.2407 0.2172 0.1973 0.1807 0.1671 0.1562 0.1478 0.1416 0.1374 0.1353 0.1351 0.1369 0.1412 0.1488 0.1633 0.1983 0.2579 0.3174 0.3676 0.4073 0.4375 0.4589 0.4721 0.4768 0.4712 0.4513 0.4178 0.3798
0.4038 0.4385 0.4648 0.4759 0.4751 0.4654 0.4475 0.4211 0.3856 0.3399 0.2838 0.2220 0.1742 0.1536 0.1439 0.1384 0.1356 0.1349 0.1363 0.1396 0.1449 0.1524 0.1622 0.1746 0.1898 0.2082 0.2301 0.2557 0.2853 0.3187 0.3550 0.3924 0.4271 0.4538 0.4689 0.4750 0.4766 0.4767 0.4764 0.4761 0.4760 0.4760 0.4760 0.4760 0.4761 0.4761 0.4762 0.4763 0.4764 0.4764 0.4765 0.4765 0.4766 0.4766 0.4766 0.4767 0.4767 0.4767 0.4767 0.4767 0.4767 0.4766 0.4765 0.4759 0.4741 0.4694 0.4581 0.4367 0.4058 0.3700 0.3335 0.2990 0.2679 0.2406 0.2172 0.1973 0.1807 0.1671 0.1562 0.1478 0.1416 0.1374 0.1353 0.1351 0.1369 0.1412 0.1489 0.1633 0.1984 0.2580 0.3175 0.3677 0.4074 0.4375 0.4589 0.4721 0.4768 0.4712 0.4513 0.4178 0.3798
0.4016 0.4368 0.4638 0.4756 0.4754 0.4661 0.4486 0.4227 0.3877 0.3425 0.2870 0.2252 0.1759 0.1543 0.1443 0.1386 0.1357 0.1349 0.1361 0.1393 0.1445 0.1519 0.1616 0.1738 0.1889 0.2071 0.2288 0.2542 0.2836 0.3168 0.3529 0.3903 0.4252 0.4524 0.4681 0.4746 0.4765 0.4767 0.4765 0.4763 0.4762 0.4761 0.4761 0.4762 0.4762 0.4763 0.4763 0.4764 0.4764 0.4765 0.4765 0.4766 0.4766 0.4766 0.4767 0.4767 0.4767 0.4767 0.4767 0.4767 0.4767 0.4766 0.4764 0.4759 0.4741 0.4694 0.4581 0.4366 0.4057 0.3699 0.3334 0.2990 0.2679 0.2406 0.2171 0.1973 0.1807 0.1671 0.1562 0.1478 0.1416 0.1374 0.1353 0.1351 0.1369 0.1412 0.1489 0.1633 0.1984 0.2581 0.3176 0.3677 0.4074 0.4375 0.4589 0.4721 0.4768 0.4712 0.4512 0.4178 0.3798
