0.4756 0.4444 0.4156 0.3781 0.3315 0.2760 0.2168 0.1734 0.1543 0.1448 0.1392 0.1360 0.1347 0.1352 0.1374 0.1412 0.1468 0.1543 0.1639 0.1757 0.1900 0.2071 0.2272 0.2506 0.2775 0.3081 0.3423 0.3791 0.4168 0.4512 0.4755 0.4858 0.4851 0.4764 0.4606 0.4378 0.4079 0.3713 0.3290 0.2843 0.2429 0.2111 0.1917 0.1816 0.1764 0.1738 0.1724 0.1717 0.1714 0.1712 0.1712 0.1712 0.1714 0.1717 0.1724 0.1738 0.1764 0.1816 0.1917 0.2111 0.2429 0.2843 0.3290 0.3713 0.4079 0.4378 0.4606 0.4764 0.4851 0.4858 0.4755 0.4512 0.4168 0.3791 0.3423 0.3081 0.2775 0.2506 0.2272 0.2071 0.1900 0.1757 0.1639 0.1543 0.1468 0.1412 0.1374 0.1352 0.1347 0.1360 0.1392 0.1448 0.1543 0.1734 0.2168 0.2760 0.3315 0.3781 0.4156 0.4444 0.4756
0.4444 0.4070 0.3704 0.3249 0.2709 0.2133 0.1713 0.1530 0.1441 0.1389 0.1360 0.1350 0.1357 0.1380 0.1421 0.1479 0.1556 0.1654 0.1774 0.1919 0.2091 0.2293 0.2528 0.2797 0.3101 0.3437 0.3795 0.4154 0.4471 0.4681 0.4763 0.4750 0.4661 0.4503 0.4277 0.3978 0.3605 0.3162 0.2674 0.2205 0.1859 0.1682 0.1601 0.1561 0.1540 0.1530 0.1524 0.1521 0.1520 0.1519 0.1519 0.1519 0.1520 0.1521 0.1524 0.1530 0.1540 0.1561 0.1601 0.1682 0.1859 0.2205 0.2674 0.3162 0.3605 0.3978 0.4277 0.4503 0.4661 0.4750 0.4763 0.4681 0.4471 0.4154 0.3795 0.3437 0.3101 0.2797 0.2528 0.2293 0.2091 0.1919 0.1774 0.1654 0.1556 0.1479 0.1421 0.1380 0.1357 0.1350 0.1360 0.1389 0.1441 0.1530 0.1713 0.2133 0.2709 0.3249 0.3704 0.4070 0.4444
0.4156 0.3704 0.3243 0.2697 0.2119 0.1705 0.1526 0.1439 0.1387 0.1359 0.1350 0.1357 0.1381 0.1422 0.1481 0.1559 0.1658 0.1779 0.1925 0.2098 0.2301 0.2537 0.2808 0.3113 0.3450 0.3808 0.4167 0.4481 0.4686 0.4764 0.4748 0.4656 0.4495 0.4264 0.3958 0.3573 0.3109 0.2587 0.2078 0.1737 0.1583 0.1512 0.1474 0.1453 0.1442 0.1436 0.1432 0.1431 0.1430 0.1429 0.1429 0.1429 0.1430 0.1431 0.1432 0.1436 0.1442 0.1453 0.1474 0.1512 0.1583 0.1737 0.2078 0.2587 0.3109 0.3573 0.3958 0.4264 0.4495 0.4656 0.4748 0.4764 0.4686 0.4481 0.4167 0.3808 0.3450 0.3113 0.2808 0.2537 0.2301 0.2098 0.1925 0.1779 0.1658 0.1559 0.1481 0.1422 0.1381 0.1357 0.1350 0.1359 0.1387 0.1439 0.1526 0.1705 0.2119 0.2697 0.3243 0.3704 0.4156
0.3781 0.3249 0.2697 0.2114 0.1700 0.1524 0.1437 0.1386 0.1358 0.1349 0.1358 0.1382 0.1424 0.1484 0.1562 0.1662 0.1784 0.1931 0.2105 0.2310 0.2547 0.2819 0.3125 0.3463 0.3822 0.4180 0.4491 0.4691 0.4765 0.4745 0.4651 0.4488 0.4253 0.3942 0.3548 0.3071 0.2529 0.2002 0.1676 0.1536 0.1466 0.1426 0.1404 0.1392 0.1385 0.1382 0.1380 0.1379 0.1379 0.1379 0.1378 0.1379 0.1379 0.1379 0.1380 0.1382 0.1385 0.1392 0.1404 0.1426 0.1466 0.1536 0.1676 0.2002 0.2529 0.3071 0.3548 0.3942 0.4253 0.4488 0.4651 0.4745 0.4765 0.4691 0.4491 0.4180 0.3822 0.3463 0.3125 0.2819 0.2547 0.2310 0.2105 0.1931 0.1784 0.1662 0.1562 0.1484 0.1424 0.1382 0.1358 0.1349 0.1358 0.1386 0.1437 0.1524 0.1700 0.2114 0.2697 0.3249 0.3781
0.3315 0.2709 0.2119 0.1700 0.1523 0.1436 0.1385 0.1358 0.1349 0.1358 0.1384 0.1426 0.1486 0.1566 0.1666 0.1789 0.1937 0.2112 0.2318 0.2556 0.2829 0.3137 0.3476 0.3836 0.4193 0.4501 0.4696 0.4766 0.4743 0.4646 0.4480 0.4242 0.3927 0.3528 0.3042 0.2487 0.1955 0.1643 0.1510 0.1441 0.1400 0.1377 0.1365 0.1359 0.1356 0.1355 0.1354 0.1354 0.1354 0.1354 0.1354 0.1354 0.1354 0.1354 0.1354 0.1355 0.1356 0.1359 0.1365 0.1377 0.1400 0.1441 0.1510 0.1643 0.1955 0.2487 0.3042 0.3528 0.3927 0.4242 0.4480 0.4646 0.4743 0.4766 0.4696 0.4501 0.4193 0.3836 0.3476 0.3137 0.2829 0.2556 0.2318 0.2112 0.1937 0.1789 0.1666 0.1566 0.1486 0.1426 0.1384 0.1358 0.1349 0.1358 0.1385 0.1436 0.1523 0.1700 0.2119 0.2709 0.3315
0.2760 0.2133 0.1705 0.1524 0.1436 0.1385 0.1358 0.1349 0.1359 0.1384 0.1427 0.1488 0.1569 0.1670 0.1794 0.1943 0.2119 0.2326 0.2566 0.2840 0.3149 0.3489 0.3849 0.4206 0.4510 0.4701 0.4767 0.4741 0.4641 0.4472 0.4232 0.3913 0.3510 0.3018 0.2456 0.1923 0.1623 0.1496 0.1427 0.1386 0.1364 0.1353 0.1350 0.1349 0.1349 0.1349 0.1350 0.1350 0.1350 0.1350 0.1350 0.1350 0.1350 0.1350 0.1350 0.1349 0.1349 0.1349 0.1350 0.1353 0.1364 0.1386 0.1427 0.1496 0.1623 0.1923 0.2456 0.3018 0.3510 0.3913 0.4232 0.4472 0.4641 0.4741 0.4767 0.4701 0.4510 0.4206 0.3849 0.3489 0.3149 0.2840 0.2566 0.2326 0.2119 0.1943 0.1794 0.1670 0.1569 0.1488 0.1427 0.1384 0.1359 0.1349 0.1358 0.1385 0.1436 0.1524 0.1705 0.2133 0.2760
0.2168 0.1713 0.1526 0.1437 0.1385 0.1358 0.1349 0.1359 0.1385 0.1429 0.1490 0.1571 0.1673 0.1798 0.1948 0.2126 0.2334 0.2575 0.2851 0.3161 0.3502 0.3863 0.4218 0.4520 0.4705 0.4767 0.4738 0.4636 0.4465 0.4221 0.3900 0.3492 0.2996 0.2430 0.1899 0.1610 0.1487 0.1419 0.1379 0.1357 0.1350 0.1350 0.1354 0.1358 0.1362 0.1364 0.1365 0.1366 0.1366 0.1366 0.1366 0.1366 0.1366 0.1366 0.1365 0.1364 0.1362 0.1358 0.1354 0.1350 0.1350 0.1357 0.1379 0.1419 0.1487 0.1610 0.1899 0.2430 0.2996 0.3492 0.3900 0.4221 0.4465 0.4636 0.4738 0.4767 0.4705 0.4520 0.4218 0.3863 0.3502 0.3161 0.2851 0.2575 0.2334 0.2126 0.1948 0.1798 0.1673 0.1571 0.1490 0.1429 0.1385 0.1359 0.1349 0.1358 0.1385 0.1437 0.1526 0.1713 0.2168
0.1734 0.1530 0.1439 0.1386 0.1358 0.1349 0.1359 0.1385 0.1429 0.1491 0.1573 0.1676 0.1802 0.1953 0.2132 0.2342 0.2584 0.2862 0.3173 0.3515 0.3876 0.4231 0.4529 0.4709 0.4768 0.4736 0.4631 0.4457 0.4211 0.3886 0.3475 0.2975 0.2406 0.1880 0.1600 0.1481 0.1414 0.1374 0.1354 0.1349 0.1354 0.1365 0.1377 0.1387 0.1394 0.1398 0.1400 0.1401 0.1402 0.1402 0.1402 0.1402 0.1402 0.1401 0.1400 0.1398 0.1394 0.1387 0.1377 0.1365 0.1354 0.1349 0.1354 0.1374 0.1414 0.1481 0.1600 0.1880 0.2406 0.2975 0.3475 0.3886 0.4211 0.4457 0.4631 0.4736 0.4768 0.4709 0.4529 0.4231 0.3876 0.3515 0.3173 0.2862 0.2584 0.2342 0.2132 0.1953 0.1802 0.1676 0.1573 0.1491 0.1429 0.1385 0.1359 0.1349 0.1358 0.1386 0.1439 0.1530 0.1734
0.1543 0.1441 0.1387 0.1358 0.1349 0.1359 0.1385 0.1429 0.1492 0.1574 0.1678 0.1804 0.1957 0.2137 0.2348 0.2592 0.2871 0.3184 0.3528 0.3890 0.4243 0.4538 0.4714 0.4768 0.4733 0.4626 0.4449 0.4200 0.3872 0.3458 0.2954 0.2383 0.1863 0.1593 0.1476 0.1410 0.1372 0.1353 0.1350 0.1360 0.1378 0.1400 0.1420 0.1436 0.1446 0.1452 0.1455 0.1457 0.1458 0.1458 0.1458 0.1458 0.1458 0.1457 0.1455 0.1452 0.1446 0.1436 0.1420 0.1400 0.1378 0.1360 0.1350 0.1353 0.1372 0.1410 0.1476 0.1593 0.1863 0.2383 0.2954 0.3458 0.3872 0.4200 0.4449 0.4626 0.4733 0.4768 0.4714 0.4538 0.4243 0.3890 0.3528 0.3184 0.2871 0.2592 0.2348 0.2137 0.1957 0.1804 0.1678 0.1574 0.1492 0.1429 0.1385 0.1359 0.1349 0.1358 0.1387 0.1441 0.1543
0.1448 0.1389 0.1359 0.1349 0.1358 0.1384 0.1429 0.1491 0.1574 0.1678 0.1806 0.1959 0.2141 0.2353 0.2599 0.2879 0.3194 0.3539 0.3901 0.4255 0.4547 0.4718 0.4768 0.4731 0.4621 0.4441 0.4189 0.3858 0.3441 0.2933 0.2361 0.1847 0.1586 0.1472 0.1407 0.1370 0.1352 0.1351 0.1364 0.1388 0.1420 0.1454 0.1483 0.1505 0.1519 0.1528 0.1532 0.1535 0.1536 0.1536 0.1537 0.1536 0.1536 0.1535 0.1532 0.1527 0.1519 0.1505 0.1483 0.1454 0.1420 0.1388 0.1364 0.1351 0.1352 0.1370 0.1407 0.1472 0.1586 0.1847 0.2361 0.2933 0.3441 0.3858 0.4189 0.4441 0.4621 0.4731 0.4768 0.4718 0.4547 0.4255 0.3901 0.3539 0.3194 0.2879 0.2599 0.2353 0.2141 0.1959 0.1806 0.1678 0.1574 0.1491 0.1429 0.1384 0.1358 0.1349 0.1359 0.1389 0.1448
0.1392 0.1360 0.1350 0.1358 0.1384 0.1427 0.1490 0.1573 0.1678 0.1806 0.1960 0.2143 0.2356 0.2604 0.2886 0.3202 0.3549 0.3912 0.4265 0.4555 0.4721 0.4768 0.4728 0.4615 0.4433 0.4178 0.3844 0.3423 0.2913 0.2339 0.1832 0.1580 0.1469 0.1405 0.1368 0.1351 0.1351 0.1367 0.1396 0.1436 0.1482 0.1529 0.1568 0.1597 0.1616 0.1627 0.1633 0.1636 0.1638 0.1638 0.1639 0.1638 0.1638 0.1636 0.1633 0.1627 0.1616 0.1597 0.1568 0.1529 0.1482 0.1436 0.1396 0.1367 0.1351 0.1351 0.1368 0.1405 0.1469 0.1580 0.1832 0.2339 0.2913 0.3423 0.3844 0.4178 0.4433 0.4615 0.4728 0.4768 0.4721 0.4555 0.4265 0.3912 0.3549 0.3202 0.2886 0.2604 0.2356 0.2143 0.1960 0.1806 0.1678 0.1573 0.1490 0.1427 0.1384 0.1358 0.1350 0.1360 0.1392
0.1360 0.1350 0.1357 0.1382 0.1426 0.1488 0.1571 0.1676 0.1804 0.1959 0.2143 0.2358 0.2606 0.2890 0.3208 0.3556 0.3921 0.4274 0.4561 0.4724 0.4768 0.4725 0.4610 0.4425 0.4167 0.3830 0.3406 0.2893 0.2318 0.1819 0.1574 0.1466 0.1403 0.1367 0.1351 0.1352 0.1369 0.1401 0.1447 0.1503 0.1565 0.1626 0.1677 0.1714 0.1738 0.1752 0.1760 0.1764 0.1766 0.1766 0.1767 0.1766 0.1765 0.1763 0.1760 0.1752 0.1738 0.1714 0.1677 0.1626 0.1565 0.1503 0.1447 0.1401 0.1369 0.1352 0.1351 0.1367 0.1403 0.1466 0.1574 0.1819 0.2318 0.2893 0.3406 0.3830 0.4167 0.4425 0.4610 0.4725 0.4768 0.4724 0.4561 0.4274 0.3921 0.3556 0.3208 0.2890 0.2606 0.2358 0.2143 0.1959 0.1804 0.1676 0.1571 0.1488 0.1426 0.1382 0.1357 0.1350 0.1360
0.1347 0.1357 0.1381 0.1424 0.1486 0.1569 0.1673 0.1802 0.1957 0.2141 0.2356 0.2606 0.2891 0.3211 0.3561 0.3927 0.4281 0.4567 0.4727 0.4768 0.4723 0.4605 0.4418 0.4157 0.3817 0.3389 0.2872 0.2296 0.1805 0.1568 0.1463 0.1401 0.1366 0.1351 0.1353 0.1371 0.1405 0.1454 0.1517 0.1592 0.1672 0.1748 0.1812 0.1859 0.1888 0.1906 0.1915 0.1920 0.1923 0.1924 0.1924 0.1924 0.1922 0.1920 0.1915 0.1905 0.1888 0.1859 0.1812 0.1748 0.1672 0.1592 0.1517 0.1454 0.1405 0.1371 0.1353 0.1351 0.1366 0.1401 0.1463 0.1568 0.1805 0.2296 0.2872 0.3389 0.3817 0.4157 0.4418 0.4605 0.4723 0.4768 0.4727 0.4567 0.4281 0.3927 0.3561 0.3211 0.2891 0.2606 0.2356 0.2141 0.1957 0.1802 0.1673 0.1569 0.1486 0.1424 0.1381 0.1357 0.1347
0.1352 0.1380 0.1422 0.1484 0.1566 0.1670 0.1798 0.1953 0.2137 0.2353 0.2604 0.2890 0.3211 0.3563 0.3930 0.4285 0.4570 0.4728 0.4768 0.4721 0.4601 0.4411 0.4148 0.3804 0.3373 0.2852 0.2275 0.1792 0.1563 0.1460 0.1400 0.1365 0.1350 0.1353 0.1372 0.1408 0.1459 0.1527 0.1610 0.1704 0.1803 0.1897 0.1976 0.2034 0.2070 0.2091 0.2103 0.2109 0.2112 0.2113 0.2114 0.2113 0.2112 0.2109 0.2103 0.2091 0.2070 0.2034 0.1976 0.1897 0.1803 0.1704 0.1610 0.1527 0.1459 0.1408 0.1372 0.1353 0.1350 0.1365 0.1400 0.1460 0.1563 0.1792 0.2275 0.2852 0.3373 0.3804 0.4148 0.4411 0.4601 0.4721 0.4768 0.4728 0.4570 0.4285 0.3930 0.3563 0.3211 0.2890 0.2604 0.2353 0.2137 0.1953 0.1798 0.1670 0.1566 0.1484 0.1422 0.1380 0.1352
0.1374 0.1421 0.1481 0.1562 0.1666 0.1794 0.1948 0.2132 0.2348 0.2599 0.2886 0.3208 0.3561 0.3930 0.4286 0.4572 0.4730 0.4767 0.4719 0.4598 0.4406 0.4140 0.3793 0.3358 0.2834 0.2256 0.1780 0.1558 0.1457 0.1398 0.1364 0.1350 0.1354 0.1373 0.1410 0.1463 0.1534 0.1622 0.1725 0.1842 0.1963 0.2077 0.2173 0.2242 0.2286 0.2312 0.2326 0.2333 0.2337 0.2338 0.2339 0.2339 0.2337 0.2333 0.2326 0.2312 0.2286 0.2242 0.2173 0.2077 0.1963 0.1842 0.1725 0.1622 0.1534 0.1463 0.1410 0.1373 0.1354 0.1350 0.1364 0.1398 0.1457 0.1558 0.1780 0.2256 0.2834 0.3358 0.3793 0.4140 0.4406 0.4598 0.4719 0.4767 0.4730 0.4572 0.4286 0.3930 0.3561 0.3208 0.2886 0.2599 0.2348 0.2132 0.1948 0.1794 0.1666 0.1562 0.1481 0.1421 0.1374
0.1412 0.1479 0.1559 0.1662 0.1789 0.1943 0.2126 0.2342 0.2592 0.2879 0.3202 0.3556 0.3927 0.4285 0.4572 0.4730 0.4767 0.4718 0.4595 0.4402 0.4133 0.3784 0.3345 0.2818 0.2239 0.1769 0.1553 0.1454 0.1396 0.1363 0.1350 0.1354 0.1375 0.1412 0.1466 0.1539 0.1630 0.1740 0.1867 0.2008 0.2153 0.2290 0.2405 0.2487 0.2540 0.2571 0.2587 0.2596 0.2601 0.2603 0.2603 0.2603 0.2601 0.2596 0.2587 0.2571 0.2540 0.2487 0.2405 0.2290 0.2153 0.2008 0.1867 0.1740 0.1630 0.1539 0.1466 0.1412 0.1375 0.1354 0.1350 0.1363 0.1396 0.1454 0.1553 0.1769 0.2239 0.2818 0.3345 0.3784 0.4133 0.4402 0.4595 0.4718 0.4767 0.4730 0.4572 0.4285 0.3927 0.3556 0.3202 0.2879 0.2592 0.2342 0.2126 0.1943 0.1789 0.1662 0.1559 0.1479 0.1412
0.1468 0.1556 0.1658 0.1784 0.1937 0.2119 0.2334 0.2584 0.2871 0.3194 0.3549 0.3921 0.4281 0.4570 0.4730 0.4767 0.4718 0.4594 0.4399 0.4128 0.3777 0.3335 0.2805 0.2224 0.1760 0.1549 0.1452 0.1395 0.1363 0.1350 0.1354 0.1376 0.1414 0.1469 0.1543 0.1636 0.1750 0.1884 0.2038 0.2206 0.2378 0.2540 0.2675 0.2772 0.2835 0.2871 0.2891 0.2900 0.2906 0.2908 0.2909 0.2908 0.2906 0.2900 0.2890 0.2871 0.2834 0.2772 0.2675 0.2540 0.2378 0.2206 0.2038 0.1884 0.1750 0.1636 0.1543 0.1469 0.1414 0.1376 0.1354 0.1350 0.1363 0.1395 0.1452 0.1549 0.1760 0.2224 0.2805 0.3335 0.3777 0.4128 0.4399 0.4594 0.4718 0.4767 0.4730 0.4570 0.4281 0.3921 0.3549 0.3194 0.2871 0.2584 0.2334 0.2119 0.1937 0.1784 0.1658 0.1556 0.1468
0.1543 0.1654 0.1779 0.1931 0.2112 0.2326 0.2575 0.2862 0.3184 0.3539 0.3912 0.4274 0.4567 0.4728 0.4767 0.4718 0.4594 0.4398 0.4126 0.3772 0.3328 0.2795 0.2213 0.1753 0.1546 0.1450 0.1394 0.1362 0.1350 0.1355 0.1377 0.1415 0.1472 0.1546 0.1641 0.1757 0.1896 0.2058 0.2240 0.2438 0.2640 0.2828 0.2985 0.3098 0.3169 0.3211 0.3233 0.3245 0.3251 0.3254 0.3254 0.3254 0.3251 0.3245 0.3233 0.3211 0.3169 0.3097 0.2985 0.2828 0.2640 0.2438 0.2240 0.2058 0.1896 0.1757 0.1641 0.1546 0.1472 0.1415 0.1377 0.1355 0.1350 0.1362 0.1394 0.1450 0.1546 0.1753 0.2213 0.2795 0.3328 0.3772 0.4126 0.4398 0.4594 0.4718 0.4767 0.4728 0.4567 0.4274 0.3912 0.3539 0.3184 0.2862 0.2575 0.2326 0.2112 0.1931 0.1779 0.1654 0.1543
0.1639 0.1774 0.1925 0.2105 0.2318 0.2566 0.2851 0.3173 0.3528 0.3901 0.4265 0.4561 0.4727 0.4768 0.4719 0.4595 0.4399 0.4126 0.3771 0.3324 0.2789 0.2205 0.1748 0.1543 0.1449 0.1393 0.1361 0.1350 0.1355 0.1378 0.1417 0.1474 0.1550 0.1646 0.1764 0.1905 0.2071 0.2263 0.2477 0.2707 0.2939 0.3155 0.3333 0.3460 0.3540 0.3586 0.3611 0.3624 0.3630 0.3633 0.3634 0.3633 0.3630 0.3624 0.3611 0.3586 0.3540 0.3460 0.3333 0.3155 0.2939 0.2707 0.2477 0.2263 0.2071 0.1905 0.1764 0.1646 0.1550 0.1474 0.1417 0.1378 0.1355 0.1350 0.1361 0.1393 0.1449 0.1543 0.1748 0.2205 0.2789 0.3324 0.3771 0.4126 0.4399 0.4595 0.4719 0.4768 0.4727 0.4561 0.4265 0.3901 0.3528 0.3173 0.2851 0.2566 0.2318 0.2105 0.1925 0.1774 0.1639
0.1757 0.1919 0.2098 0.2310 0.2556 0.2840 0.3161 0.3515 0.3890 0.4255 0.4555 0.4724 0.4768 0.4721 0.4598 0.4402 0.4128 0.3772 0.3324 0.2787 0.2200 0.1744 0.1542 0.1447 0.1392 0.1361 0.1350 0.1356 0.1379 0.1418 0.1476 0.1553 0.1650 0.1769 0.1912 0.2082 0.2278 0.2502 0.2750 0.3014 0.3277 0.3517 0.3710 0.3847 0.3931 0.3979 0.4005 0.4018 0.4025 0.4027 0.4028 0.4027 0.4024 0.4018 0.4004 0.3979 0.3931 0.3847 0.3710 0.3517 0.3277 0.3014 0.2750 0.2502 0.2278 0.2082 0.1912 0.1769 0.1650 0.1553 0.1476 0.1418 0.1379 0.1356 0.1350 0.1361 0.1392 0.1447 0.1542 0.1744 0.2200 0.2787 0.3324 0.3772 0.4128 0.4402 0.4598 0.4721 0.4768 0.4724 0.4555 0.4255 0.3890 0.3515 0.3161 0.2840 0.2556 0.2310 0.2098 0.1919 0.1757
0.1900 0.2091 0.2301 0.2547 0.2829 0.3149 0.3502 0.3876 0.4243 0.4547 0.4721 0.4768 0.4723 0.4601 0.4406 0.4133 0.3777 0.3328 0.2789 0.2200 0.1743 0.1541 0.1447 0.1391 0.1361 0.1350 0.1356 0.1379 0.1420 0.1478 0.1555 0.1653 0.1773 0.1918 0.2090 0.2290 0.2520 0.2779 0.3062 0.3357 0.3645 0.3899 0.4097 0.4229 0.4308 0.4351 0.4374 0.4385 0.4391 0.4393 0.4394 0.4393 0.4391 0.4385 0.4373 0.4351 0.4308 0.4229 0.4097 0.3899 0.3645 0.3357 0.3062 0.2779 0.2520 0.2290 0.2090 0.1918 0.1773 0.1653 0.1555 0.1478 0.1420 0.1379 0.1356 0.1350 0.1361 0.1391 0.1447 0.1541 0.1743 0.2200 0.2789 0.3328 0.3777 0.4133 0.4406 0.4601 0.4723 0.4768 0.4721 0.4547 0.4243 0.3876 0.3502 0.3149 0.2829 0.2547 0.2301 0.2091 0.1900
0.2071 0.2293 0.2537 0.2819 0.3137 0.3489 0.3863 0.4231 0.4538 0.4718 0.4768 0.4725 0.4605 0.4411 0.4140 0.3784 0.3335 0.2795 0.2205 0.1744 0.1541 0.1446 0.1391 0.1360 0.1350 0.1356 0.1380 0.1421 0.1480 0.1558 0.1656 0.1778 0.1924 0.2097 0.2300 0.2533 0.2799 0.3093 0.3408 0.3728 0.4026 0.4272 0.4444 0.4546 0.4601 0.4628 0.4641 0.4648 0.4651 0.4653 0.4653 0.4653 0.4651 0.4648 0.4641 0.4628 0.4601 0.4546 0.4444 0.4272 0.4026 0.3728 0.3408 0.3093 0.2799 0.2533 0.2300 0.2097 0.1924 0.1778 0.1656 0.1558 0.1480 0.1421 0.1380 0.1356 0.1350 0.1360 0.1391 0.1446 0.1541 0.1744 0.2205 0.2795 0.3335 0.3784 0.4140 0.4411 0.4605 0.4725 0.4768 0.4718 0.4538 0.4231 0.3863 0.3489 0.3137 0.2819 0.2537 0.2293 0.2071
0.2272 0.2528 0.2808 0.3125 0.3476 0.3849 0.4218 0.4529 0.4714 0.4768 0.4728 0.4610 0.4418 0.4148 0.3793 0.3345 0.2805 0.2213 0.1748 0.1542 0.1447 0.1391 0.1360 0.1350 0.1356 0.1380 0.1422 0.1481 0.1559 0.1659 0.1781 0.1928 0.2103 0.2307 0.2544 0.2813 0.3114 0.3441 0.3780 0.4105 0.4380 0.4572 0.4677 0.4725 0.4745 0.4753 0.4757 0.4759 0.4760 0.4760 0.4760 0.4760 0.4760 0.4759 0.4757 0.4753 0.4745 0.4725 0.4677 0.4572 0.4380 0.4105 0.3780 0.3441 0.3114 0.2813 0.2544 0.2307 0.2103 0.1928 0.1781 0.1659 0.1559 0.1481 0.1422 0.1380 0.1356 0.1350 0.1360 0.1391 0.1447 0.1542 0.1748 0.2213 0.2805 0.3345 0.3793 0.4148 0.4418 0.4610 0.4728 0.4768 0.4714 0.4529 0.4218 0.3849 0.3476 0.3125 0.2808 0.2528 0.2272
0.2506 0.2797 0.3113 0.3463 0.3836 0.4206 0.4520 0.4709 0.4768 0.4731 0.4615 0.4425 0.4157 0.3804 0.3358 0.2818 0.2224 0.1753 0.1543 0.1447 0.1391 0.1360 0.1350 0.1356 0.1381 0.1422 0.1482 0.1561 0.1661 0.1784 0.1932 0.2108 0.2314 0.2553 0.2825 0.3130 0.3464 0.3813 0.4154 0.4444 0.4639 0.4733 0.4764 0.4767 0.4762 0.4757 0.4753 0.4751 0.4750 0.4750 0.4750 0.4750 0.4750 0.4751 0.4753 0.4757 0.4762 0.4767 0.4764 0.4733 0.4639 0.4444 0.4154 0.3813 0.3464 0.3130 0.2825 0.2553 0.2314 0.2108 0.1932 0.1784 0.1661 0.1561 0.1482 0.1422 0.1381 0.1356 0.1350 0.1360 0.1391 0.1447 0.1543 0.1753 0.2224 0.2818 0.3358 0.3804 0.4157 0.4425 0.4615 0.4731 0.4768 0.4709 0.4520 0.4206 0.3836 0.3463 0.3113 0.2797 0.2506
0.2775 0.3101 0.3450 0.3822 0.4193 0.4510 0.4705 0.4768 0.4733 0.4621 0.4433 0.4167 0.3817 0.3373 0.2834 0.2239 0.1760 0.1546 0.1449 0.1392 0.1361 0.1350 0.1356 0.1381 0.1422 0.1482 0.1562 0.1662 0.1786 0.1935 0.2112 0.2320 0.2560 0.2834 0.3142 0.3480 0.3836 0.4184 0.4481 0.4673 0.4755 0.4766 0.4744 0.4712 0.4686 0.4669 0.4660 0.4654 0.4652 0.4650 0.4650 0.4650 0.4652 0.4654 0.4660 0.4669 0.4686 0.4713 0.4744 0.4766 0.4755 0.4673 0.4481 0.4184 0.3836 0.3480 0.3142 0.2834 0.2560 0.2320 0.2112 0.1935 0.1786 0.1662 0.1562 0.1482 0.1422 0.1381 0.1356 0.1350 0.1361 0.1392 0.1449 0.1546 0.1760 0.2239 0.2834 0.3373 0.3817 0.4167 0.4433 0.4621 0.4733 0.4768 0.4705 0.4510 0.4193 0.3822 0.3450 0.3101 0.2775
0.3081 0.3437 0.3808 0.4180 0.4501 0.4701 0.4767 0.4736 0.4626 0.4441 0.4178 0.3830 0.3389 0.2852 0.2256 0.1769 0.1549 0.1450 0.1393 0.1361 0.1350 0.1356 0.1380 0.1422 0.1482 0.1562 0.1663 0.1787 0.1937 0.2115 0.2324 0.2565 0.2841 0.3152 0.3493 0.3852 0.4205 0.4504 0.4691 0.4763 0.4757 0.4708 0.4640 0.4576 0.4529 0.4500 0.4484 0.4475 0.4471 0.4469 0.4469 0.4469 0.4471 0.4476 0.4484 0.4501 0.4530 0.4576 0.4640 0.4708 0.4757 0.4763 0.4691 0.4504 0.4205 0.3852 0.3493 0.3152 0.2841 0.2565 0.2324 0.2115 0.1937 0.1787 0.1663 0.1562 0.1482 0.1422 0.1380 0.1356 0.1350 0.1361 0.1393 0.1450 0.1549 0.1769 0.2256 0.2852 0.3389 0.3830 0.4178 0.4441 0.4626 0.4736 0.4767 0.4701 0.4501 0.4180 0.3808 0.3437 0.3081
0.3423 0.3795 0.4167 0.4491 0.4696 0.4767 0.4738 0.4631 0.4449 0.4189 0.3844 0.3406 0.2872 0.2275 0.1780 0.1553 0.1452 0.1394 0.1361 0.1350 0.1356 0.1380 0.1422 0.1482 0.1562 0.1663 0.1788 0.1938 0.2117 0.2326 0.2569 0.2847 0.3159 0.3502 0.3864 0.4219 0.4518 0.4702 0.4766 0.4748 0.4675 0.4570 0.4457 0.4360 0.4291 0.4249 0.4225 0.4213 0.4206 0.4204 0.4203 0.4204 0.4206 0.4213 0.4225 0.4249 0.4291 0.4360 0.4457 0.4570 0.4675 0.4748 0.4766 0.4702 0.4518 0.4219 0.3864 0.3502 0.3159 0.2847 0.2569 0.2326 0.2117 0.1938 0.1788 0.1663 0.1562 0.1482 0.1422 0.1380 0.1356 0.1350 0.1361 0.1394 0.1452 0.1553 0.1780 0.2275 0.2872 0.3406 0.3844 0.4189 0.4449 0.4631 0.4738 0.4767 0.4696 0.4491 0.4167 0.3795 0.3423
0.3791 0.4154 0.4481 0.4691 0.4766 0.4741 0.4636 0.4457 0.4200 0.3858 0.3423 0.2893 0.2296 0.1792 0.1558 0.1454 0.1395 0.1362 0.1350 0.1356 0.1379 0.1421 0.1481 0.1561 0.1662 0.1787 0.1938 0.2117 0.2328 0.2572 0.2851 0.3165 0.3509 0.3873 0.4229 0.4528 0.4708 0.4767 0.4741 0.4652 0.4517 0.4356 0.4194 0.4059 0.3965 0.3907 0.3875 0.3858 0.3849 0.3846 0.3845 0.3846 0.3850 0.3858 0.3875 0.3907 0.3965 0.4060 0.4194 0.4356 0.4517 0.4652 0.4741 0.4767 0.4708 0.4528 0.4229 0.3873 0.3509 0.3165 0.2851 0.2572 0.2328 0.2117 0.1938 0.1787 0.1662 0.1561 0.1481 0.1421 0.1379 0.1356 0.1350 0.1362 0.1395 0.1454 0.1558 0.1792 0.2296 0.2893 0.3423 0.3858 0.4200 0.4457 0.4636 0.4741 0.4766 0.4691 0.4481 0.4154 0.3791
0.4168 0.4471 0.4686 0.4765 0.4743 0.4641 0.4465 0.4211 0.3872 0.3441 0.2913 0.2318 0.1805 0.1563 0.1457 0.1396 0.1363 0.1350 0.1355 0.1379 0.1420 0.1480 0.1559 0.1661 0.1786 0.1937 0.2117 0.2328 0.2572 0.2853 0.3168 0.3514 0.3879 0.4236 0.4535 0.4712 0.4768 0.4736 0.4637 0.4481 0.4282 0.4059 0.3843 0.3665 0.3541 0.3466 0.3424 0.3402 0.3391 0.3386 0.3385 0.3386 0.3391 0.3402 0.3424 0.3466 0.3541 0.3665 0.3843 0.4059 0.4282 0.4481 0.4637 0.4736 0.4768 0.4712 0.4535 0.4236 0.3879 0.3514 0.3168 0.2853 0.2572 0.2328 0.2117 0.1937 0.1786 0.1661 0.1559 0.1480 0.1420 0.1379 0.1355 0.1350 0.1363 0.1396 0.1457 0.1563 0.1805 0.2318 0.2913 0.3441 0.3872 0.4211 0.4465 0.4641 0.4743 0.4765 0.4686 0.4471 0.4168
0.4512 0.4681 0.4764 0.4745 0.4646 0.4472 0.4221 0.3886 0.3458 0.2933 0.2339 0.1819 0.1568 0.1460 0.1398 0.1363 0.1350 0.1355 0.1378 0.1418 0.1478 0.1558 0.1659 0.1784 0.1935 0.2115 0.2326 0.2572 0.2853 0.3169 0.3516 0.3882 0.4241 0.4539 0.4715 0.4768 0.4733 0.4627 0.4458 0.4233 0.3964 0.3673 0.3395 0.3170 0.3015 0.2921 0.2870 0.2844 0.2830 0.2824 0.2823 0.2824 0.2830 0.2844 0.2871 0.2922 0.3016 0.3171 0.3396 0.3672 0.3964 0.4233 0.4458 0.4627 0.4733 0.4768 0.4715 0.4539 0.4241 0.3883 0.3516 0.3169 0.2853 0.2572 0.2326 0.2115 0.1935 0.1784 0.1659 0.1558 0.1478 0.1418 0.1378 0.1355 0.1350 0.1363 0.1398 0.1460 0.1568 0.1819 0.2339 0.2933 0.3458 0.3886 0.4221 0.4472 0.4646 0.4745 0.4764 0.4681 0.4512
0.4755 0.4763 0.4748 0.4651 0.4480 0.4231 0.3899 0.3475 0.2954 0.2361 0.1832 0.1574 0.1463 0.1400 0.1364 0.1350 0.1354 0.1377 0.1417 0.1476 0.1555 0.1656 0.1781 0.1932 0.2112 0.2324 0.2569 0.2851 0.3168 0.3516 0.3883 0.4243 0.4541 0.4716 0.4768 0.4730 0.4621 0.4444 0.4203 0.3903 0.3555 0.3189 0.2850 0.2585 0.2409 0.2308 0.2254 0.2227 0.2213 0.2206 0.2205 0.2207 0.2213 0.2227 0.2255 0.2309 0.2410 0.2586 0.2851 0.3189 0.3555 0.3903 0.4203 0.4444 0.4621 0.4730 0.4768 0.4717 0.4542 0.4243 0.3884 0.3516 0.3168 0.2851 0.2569 0.2324 0.2112 0.1932 0.1781 0.1656 0.1555 0.1476 0.1417 0.1377 0.1354 0.1350 0.1364 0.1400 0.1463 0.1574 0.1832 0.2361 0.2954 0.3475 0.3900 0.4232 0.4480 0.4651 0.4748 0.4763 0.4755
0.4858 0.4750 0.4656 0.4488 0.4242 0.3913 0.3492 0.2975 0.2383 0.1847 0.1580 0.1466 0.1401 0.1365 0.1350 0.1354 0.1376 0.1415 0.1474 0.1553 0.1653 0.1778 0.1928 0.2108 0.2320 0.2565 0.2847 0.3165 0.3514 0.3882 0.4243 0.4542 0.4717 0.4768 0.4729 0.4617 0.4436 0.4185 0.3865 0.3480 0.3050 0.2616 0.2247 0.1996 0.1861 0.1794 0.1762 0.1747 0.1740 0.1736 0.1735 0.1736 0.1740 0.1747 0.1762 0.1794 0.1861 0.1997 0.2247 0.2616 0.3050 0.3480 0.3865 0.4185 0.4436 0.4617 0.4729 0.4768 0.4717 0.4542 0.4243 0.3883 0.3514 0.3165 0.2847 0.2565 0.2320 0.2108 0.1928 0.1778 0.1653 0.1553 0.1474 0.1415 0.1376 0.1354 0.1350 0.1365 0.1401 0.1466 0.1580 0.1847 0.2383 0.2975 0.3492 0.3913 0.4242 0.4488 0.4656 0.4750 0.4858
0.4851 0.4661 0.4495 0.4253 0.3927 0.3509 0.2995 0.2405 0.1862 0.1586 0.1469 0.1403 0.1366 0.1350 0.1354 0.1375 0.1414 0.1472 0.1550 0.1650 0.1774 0.1924 0.2103 0.2314 0.2560 0.2842 0.3160 0.3509 0.3879 0.4241 0.4541 0.4717 0.4768 0.4728 0.4615 0.4430 0.4174 0.3843 0.3436 0.2963 0.2465 0.2029 0.1763 0.1641 0.1585 0.1558 0.1545 0.1539 0.1535 0.1534 0.1534 0.1534 0.1535 0.1539 0.1545 0.1558 0.1585 0.1641 0.1763 0.2030 0.2465 0.2963 0.3436 0.3843 0.4174 0.4431 0.4615 0.4728 0.4768 0.4717 0.4542 0.4241 0.3879 0.3509 0.3159 0.2841 0.2560 0.2314 0.2103 0.1924 0.1773 0.1650 0.1550 0.1472 0.1414 0.1375 0.1354 0.1350 0.1366 0.1403 0.1469 0.1586 0.1863 0.2406 0.2996 0.3510 0.3927 0.4253 0.4495 0.4661 0.4851
0.4764 0.4503 0.4263 0.3941 0.3527 0.3017 0.2428 0.1879 0.1592 0.1472 0.1405 0.1367 0.1351 0.1353 0.1373 0.1412 0.1469 0.1547 0.1646 0.1769 0.1919 0.2097 0.2308 0.2553 0.2835 0.3153 0.3503 0.3873 0.4237 0.4539 0.4717 0.4768 0.4728 0.4614 0.4428 0.4169 0.3831 0.3411 0.2913 0.2375 0.1909 0.1656 0.1547 0.1494 0.1466 0.1452 0.1444 0.1441 0.1439 0.1438 0.1438 0.1438 0.1439 0.1441 0.1444 0.1452 0.1466 0.1494 0.1547 0.1656 0.1909 0.2376 0.2913 0.3411 0.3831 0.4169 0.4428 0.4614 0.4728 0.4768 0.4717 0.4539 0.4236 0.3873 0.3502 0.3152 0.2834 0.2553 0.2307 0.2097 0.1918 0.1769 0.1646 0.1546 0.1469 0.1412 0.1373 0.1353 0.1351 0.1367 0.1405 0.1472 0.1593 0.1880 0.2430 0.3018 0.3528 0.3942 0.4264 0.4503 0.4764
0.4604 0.4275 0.3956 0.3546 0.3040 0.2453 0.1897 0.1599 0.1476 0.1407 0.1368 0.1351 0.1353 0.1372 0.1410 0.1467 0.1543 0.1642 0.1764 0.1913 0.2091 0.2300 0.2545 0.2826 0.3144 0.3494 0.3865 0.4230 0.4535 0.4715 0.4768 0.4729 0.4614 0.4428 0.4167 0.3825 0.3397 0.2885 0.2326 0.1847 0.1606 0.1503 0.1448 0.1417 0.1400 0.1391 0.1387 0.1385 0.1384 0.1384 0.1383 0.1384 0.1384 0.1385 0.1387 0.1391 0.1400 0.1417 0.1448 0.1503 0.1607 0.1848 0.2327 0.2886 0.3398 0.3826 0.4167 0.4428 0.4615 0.4729 0.4768 0.4715 0.4535 0.4229 0.3864 0.3493 0.3142 0.2825 0.2544 0.2300 0.2090 0.1912 0.1764 0.1641 0.1543 0.1466 0.1410 0.1372 0.1353 0.1351 0.1368 0.1407 0.1476 0.1600 0.1899 0.2456 0.3042 0.3548 0.3958 0.4277 0.4606
0.4374 0.3974 0.3568 0.3065 0.2481 0.1918 0.1608 0.1480 0.1410 0.1369 0.1351 0.1352 0.1371 0.1408 0.1464 0.1539 0.1637 0.1758 0.1906 0.2083 0.2292 0.2535 0.2815 0.3132 0.3483 0.3854 0.4221 0.4529 0.4713 0.4768 0.4730 0.4616 0.4429 0.4168 0.3824 0.3393 0.2873 0.2300 0.1816 0.1582 0.1480 0.1423 0.1390 0.1372 0.1363 0.1359 0.1357 0.1356 0.1356 0.1356 0.1356 0.1356 0.1356 0.1356 0.1357 0.1359 0.1364 0.1373 0.1390 0.1423 0.1480 0.1583 0.1817 0.2302 0.2875 0.3394 0.3826 0.4169 0.4431 0.4617 0.4730 0.4768 0.4712 0.4528 0.4219 0.3852 0.3480 0.3130 0.2813 0.2533 0.2290 0.2082 0.1905 0.1757 0.1636 0.1539 0.1463 0.1408 0.1371 0.1352 0.1351 0.1370 0.1410 0.1481 0.1610 0.1923 0.2487 0.3071 0.3573 0.3978 0.4378
0.4071 0.3595 0.3097 0.2515 0.1944 0.1619 0.1485 0.1413 0.1371 0.1352 0.1352 0.1370 0.1406 0.1460 0.1535 0.1632 0.1752 0.1898 0.2074 0.2281 0.2523 0.2802 0.3118 0.3468 0.3840 0.4208 0.4521 0.4709 0.4768 0.4732 0.4619 0.4433 0.4172 0.3828 0.3395 0.2870 0.2290 0.1802 0.1570 0.1468 0.1410 0.1377 0.1359 0.1352 0.1349 0.1349 0.1349 0.1349 0.1349 0.1349 0.1349 0.1349 0.1349 0.1349 0.1349 0.1349 0.1349 0.1352 0.1359 0.1377 0.1411 0.1469 0.1572 0.1805 0.2294 0.2875 0.3398 0.3831 0.4175 0.4436 0.4621 0.4733 0.4768 0.4708 0.4518 0.4205 0.3836 0.3464 0.3114 0.2799 0.2520 0.2278 0.2071 0.1896 0.1750 0.1630 0.1534 0.1459 0.1405 0.1369 0.1351 0.1352 0.1372 0.1414 0.1487 0.1623 0.1955 0.2529 0.3109 0.3605 0.4079
0.3692 0.3138 0.2561 0.1981 0.1634 0.1492 0.1417 0.1373 0.1352 0.1351 0.1368 0.1403 0.1456 0.1530 0.1625 0.1744 0.1889 0.2063 0.2268 0.2509 0.2786 0.3101 0.3449 0.3822 0.4192 0.4509 0.4704 0.4767 0.4735 0.4624 0.4440 0.4180 0.3837 0.3404 0.2878 0.2293 0.1799 0.1566 0.1463 0.1404 0.1370 0.1354 0.1349 0.1350 0.1354 0.1357 0.1360 0.1361 0.1361 0.1362 0.1362 0.1362 0.1361 0.1361 0.1359 0.1357 0.1354 0.1350 0.1349 0.1354 0.1371 0.1405 0.1464 0.1568 0.1805 0.2302 0.2886 0.3411 0.3843 0.4185 0.4444 0.4627 0.4736 0.4767 0.4702 0.4504 0.4184 0.3813 0.3441 0.3093 0.2779 0.2502 0.2263 0.2058 0.1884 0.1740 0.1622 0.1527 0.1454 0.1401 0.1367 0.1351 0.1353 0.1374 0.1419 0.1496 0.1643 0.2002 0.2587 0.3162 0.3713
0.3244 0.2625 0.2035 0.1657 0.1502 0.1422 0.1376 0.1354 0.1350 0.1365 0.1399 0.1451 0.1522 0.1616 0.1733 0.1876 0.2048 0.2251 0.2489 0.2764 0.3077 0.3424 0.3796 0.4168 0.4492 0.4697 0.4767 0.4738 0.4632 0.4451 0.4194 0.3853 0.3421 0.2897 0.2309 0.1807 0.1567 0.1462 0.1402 0.1367 0.1352 0.1350 0.1356 0.1367 0.1377 0.1384 0.1388 0.1390 0.1391 0.1392 0.1392 0.1392 0.1391 0.1390 0.1387 0.1383 0.1376 0.1366 0.1356 0.1349 0.1352 0.1368 0.1403 0.1464 0.1572 0.1817 0.2327 0.2913 0.3436 0.3865 0.4203 0.4458 0.4637 0.4741 0.4766 0.4691 0.4481 0.4154 0.3780 0.3408 0.3062 0.2750 0.2477 0.2240 0.2038 0.1867 0.1725 0.1610 0.1517 0.1447 0.1396 0.1364 0.1350 0.1354 0.1379 0.1427 0.1510 0.1676 0.2078 0.2674 0.3290
0.2754 0.2123 0.1697 0.1519 0.1432 0.1381 0.1355 0.1350 0.1362 0.1393 0.1443 0.1512 0.1603 0.1717 0.1857 0.2026 0.2226 0.2461 0.2732 0.3042 0.3387 0.3758 0.4134 0.4466 0.4684 0.4765 0.4744 0.4643 0.4468 0.4215 0.3879 0.3452 0.2931 0.2343 0.1826 0.1574 0.1464 0.1402 0.1367 0.1351 0.1351 0.1362 0.1380 0.1400 0.1415 0.1426 0.1433 0.1436 0.1437 0.1438 0.1438 0.1438 0.1436 0.1435 0.1431 0.1424 0.1413 0.1397 0.1379 0.1361 0.1350 0.1351 0.1368 0.1405 0.1469 0.1583 0.1848 0.2376 0.2963 0.3480 0.3903 0.4233 0.4481 0.4652 0.4748 0.4763 0.4673 0.4444 0.4105 0.3728 0.3357 0.3014 0.2707 0.2438 0.2205 0.2008 0.1842 0.1704 0.1592 0.1503 0.1436 0.1388 0.1360 0.1349 0.1357 0.1386 0.1441 0.1536 0.1737 0.2205 0.2843
0.2283 0.1770 0.1548 0.1448 0.1390 0.1359 0.1349 0.1358 0.1385 0.1431 0.1497 0.1583 0.1694 0.1829 0.1993 0.2189 0.2418 0.2685 0.2989 0.3330 0.3700 0.4079 0.4424 0.4662 0.4761 0.4751 0.4660 0.4493 0.4249 0.3922 0.3504 0.2990 0.2403 0.1864 0.1588 0.1471 0.1405 0.1368 0.1351 0.1351 0.1365 0.1389 0.1418 0.1446 0.1468 0.1482 0.1490 0.1494 0.1496 0.1497 0.1497 0.1496 0.1494 0.1491 0.1486 0.1477 0.1463 0.1441 0.1414 0.1386 0.1363 0.1350 0.1352 0.1371 0.1411 0.1480 0.1607 0.1909 0.2465 0.3050 0.3555 0.3964 0.4282 0.4517 0.4675 0.4757 0.4755 0.4639 0.4380 0.4026 0.3645 0.3277 0.2939 0.2639 0.2378 0.2153 0.1963 0.1803 0.1672 0.1565 0.1482 0.1420 0.1378 0.1354 0.1350 0.1364 0.1400 0.1466 0.1583 0.1859 0.2429
0.1927 0.1605 0.1477 0.1407 0.1367 0.1350 0.1353 0.1374 0.1415 0.1474 0.1555 0.1659 0.1788 0.1945 0.2133 0.2354 0.2612 0.2909 0.3244 0.3610 0.3992 0.4352 0.4622 0.4750 0.4761 0.4685 0.4532 0.4302 0.3990 0.3587 0.3086 0.2504 0.1938 0.1618 0.1485 0.1413 0.1372 0.1352 0.1351 0.1365 0.1392 0.1428 0.1468 0.1503 0.1529 0.1546 0.1556 0.1560 0.1562 0.1563 0.1562 0.1561 0.1558 0.1555 0.1548 0.1537 0.1519 0.1492 0.1458 0.1420 0.1386 0.1361 0.1349 0.1354 0.1377 0.1423 0.1503 0.1656 0.2030 0.2616 0.3189 0.3673 0.4059 0.4356 0.4570 0.4708 0.4766 0.4733 0.4572 0.4272 0.3899 0.3517 0.3155 0.2828 0.2540 0.2290 0.2077 0.1897 0.1748 0.1626 0.1529 0.1454 0.1400 0.1365 0.1350 0.1353 0.1377 0.1426 0.1512 0.1682 0.2111
0.1735 0.1529 0.1436 0.1383 0.1355 0.1349 0.1362 0.1394 0.1445 0.1518 0.1612 0.1731 0.1877 0.2053 0.2262 0.2508 0.2792 0.3115 0.3473 0.3855 0.4232 0.4545 0.4722 0.4767 0.4717 0.4587 0.4380 0.4092 0.3713 0.3237 0.2670 0.2076 0.1677 0.1512 0.1428 0.1379 0.1355 0.1349 0.1361 0.1388 0.1427 0.1474 0.1522 0.1563 0.1593 0.1611 0.1621 0.1626 0.1627 0.1627 0.1626 0.1624 0.1620 0.1616 0.1608 0.1595 0.1574 0.1543 0.1503 0.1457 0.1414 0.1379 0.1356 0.1349 0.1359 0.1390 0.1448 0.1547 0.1763 0.2247 0.2850 0.3395 0.3843 0.4194 0.4457 0.4640 0.4744 0.4764 0.4677 0.4444 0.4097 0.3710 0.3332 0.2985 0.2675 0.2405 0.2173 0.1976 0.1812 0.1677 0.1568 0.1483 0.1420 0.1377 0.1354 0.1350 0.1365 0.1404 0.1474 0.1601 0.1917
0.1645 0.1489 0.1413 0.1370 0.1351 0.1352 0.1372 0.1412 0.1472 0.1554 0.1659 0.1790 0.1950 0.2142 0.2369 0.2633 0.2938 0.3282 0.3657 0.4044 0.4402 0.4654 0.4760 0.4751 0.4657 0.4485 0.4232 0.3892 0.3455 0.2919 0.2317 0.1803 0.1563 0.1456 0.1395 0.1361 0.1349 0.1355 0.1378 0.1415 0.1464 0.1520 0.1574 0.1618 0.1649 0.1668 0.1678 0.1682 0.1683 0.1682 0.1679 0.1676 0.1672 0.1666 0.1657 0.1643 0.1620 0.1587 0.1543 0.1492 0.1441 0.1397 0.1366 0.1350 0.1352 0.1373 0.1417 0.1494 0.1641 0.1996 0.2585 0.3171 0.3665 0.4060 0.4360 0.4576 0.4712 0.4767 0.4725 0.4546 0.4229 0.3846 0.3459 0.3097 0.2772 0.2487 0.2242 0.2034 0.1859 0.1714 0.1597 0.1505 0.1436 0.1387 0.1358 0.1349 0.1359 0.1392 0.1453 0.1561 0.1816
0.1600 0.1468 0.1400 0.1363 0.1349 0.1355 0.1381 0.1426 0.1492 0.1580 0.1693 0.1833 0.2002 0.2205 0.2445 0.2723 0.3042 0.3400 0.3784 0.4171 0.4504 0.4707 0.4768 0.4726 0.4602 0.4398 0.4110 0.3730 0.3249 0.2674 0.2072 0.1674 0.1509 0.1425 0.1377 0.1353 0.1350 0.1364 0.1395 0.1441 0.1498 0.1559 0.1616 0.1662 0.1693 0.1711 0.1720 0.1723 0.1723 0.1721 0.1718 0.1714 0.1709 0.1703 0.1693 0.1678 0.1654 0.1619 0.1573 0.1518 0.1462 0.1413 0.1376 0.1354 0.1349 0.1364 0.1400 0.1466 0.1585 0.1861 0.2410 0.3016 0.3541 0.3965 0.4291 0.4530 0.4687 0.4762 0.4745 0.4601 0.4308 0.3931 0.3540 0.3169 0.2834 0.2540 0.2286 0.2070 0.1888 0.1738 0.1616 0.1519 0.1446 0.1394 0.1362 0.1349 0.1356 0.1385 0.1442 0.1540 0.1764
0.1578 0.1456 0.1393 0.1360 0.1349 0.1358 0.1386 0.1435 0.1504 0.1596 0.1714 0.1859 0.2035 0.2245 0.2492 0.2779 0.3107 0.3472 0.3862 0.4245 0.4559 0.4730 0.4766 0.4705 0.4562 0.4338 0.4027 0.3620 0.3111 0.2514 0.1936 0.1615 0.1481 0.1409 0.1368 0.1350 0.1352 0.1372 0.1409 0.1460 0.1522 0.1587 0.1646 0.1692 0.1722 0.1739 0.1747 0.1750 0.1749 0.1747 0.1743 0.1739 0.1733 0.1726 0.1715 0.1700 0.1676 0.1640 0.1592 0.1535 0.1476 0.1424 0.1383 0.1357 0.1349 0.1359 0.1392 0.1452 0.1558 0.1794 0.2309 0.2922 0.3466 0.3907 0.4249 0.4501 0.4670 0.4757 0.4753 0.4628 0.4351 0.3979 0.3586 0.3211 0.2871 0.2571 0.2312 0.2091 0.1905 0.1752 0.1627 0.1527 0.1452 0.1398 0.1364 0.1349 0.1355 0.1382 0.1436 0.1530 0.1738
0.1566 0.1450 0.1390 0.1358 0.1349 0.1359 0.1389 0.1439 0.1511 0.1605 0.1725 0.1873 0.2052 0.2266 0.2518 0.2810 0.3142 0.3512 0.3904 0.4284 0.4586 0.4740 0.4764 0.4692 0.4539 0.4303 0.3979 0.3557 0.3032 0.2424 0.1869 0.1588 0.1467 0.1400 0.1363 0.1349 0.1355 0.1378 0.1418 0.1473 0.1537 0.1604 0.1664 0.1710 0.1739 0.1756 0.1763 0.1765 0.1764 0.1761 0.1757 0.1752 0.1747 0.1739 0.1728 0.1712 0.1688 0.1652 0.1603 0.1545 0.1485 0.1430 0.1387 0.1359 0.1349 0.1357 0.1387 0.1444 0.1545 0.1762 0.2255 0.2871 0.3425 0.3875 0.4225 0.4484 0.4660 0.4753 0.4757 0.4641 0.4373 0.4004 0.3611 0.3233 0.2890 0.2587 0.2325 0.2103 0.1915 0.1759 0.1633 0.1532 0.1455 0.1400 0.1365 0.1350 0.1354 0.1380 0.1432 0.1524 0.1724
0.1561 0.1448 0.1389 0.1358 0.1349 0.1360 0.1391 0.1442 0.1514 0.1610 0.1730 0.1880 0.2060 0.2276 0.2529 0.2824 0.3158 0.3530 0.3923 0.4302 0.4598 0.4744 0.4762 0.4686 0.4527 0.4286 0.3956 0.3527 0.2994 0.2383 0.1840 0.1576 0.1461 0.1397 0.1362 0.1349 0.1356 0.1381 0.1423 0.1479 0.1545 0.1613 0.1673 0.1719 0.1748 0.1764 0.1771 0.1773 0.1771 0.1768 0.1764 0.1760 0.1754 0.1746 0.1735 0.1719 0.1694 0.1658 0.1609 0.1550 0.1489 0.1433 0.1389 0.1360 0.1349 0.1356 0.1385 0.1441 0.1539 0.1747 0.2227 0.2844 0.3402 0.3858 0.4213 0.4476 0.4654 0.4751 0.4759 0.4648 0.4385 0.4017 0.3624 0.3245 0.2900 0.2596 0.2333 0.2109 0.1920 0.1763 0.1636 0.1535 0.1457 0.1401 0.1366 0.1350 0.1354 0.1379 0.1431 0.1521 0.1717
0.1561 0.1447 0.1389 0.1358 0.1349 0.1360 0.1391 0.1442 0.1515 0.1610 0.1732 0.1881 0.2062 0.2278 0.2532 0.2827 0.3163 0.3535 0.3928 0.4307 0.4601 0.4746 0.4761 0.4684 0.4524 0.4281 0.3948 0.3517 0.2982 0.2370 0.1831 0.1573 0.1459 0.1395 0.1361 0.1349 0.1356 0.1382 0.1425 0.1482 0.1548 0.1617 0.1677 0.1722 0.1751 0.1767 0.1774 0.1776 0.1775 0.1772 0.1768 0.1763 0.1756 0.1749 0.1738 0.1722 0.1698 0.1661 0.1612 0.1553 0.1491 0.1435 0.1390 0.1361 0.1349 0.1356 0.1384 0.1439 0.1536 0.1740 0.2213 0.2831 0.3392 0.3850 0.4207 0.4471 0.4652 0.4750 0.4760 0.4651 0.4390 0.4024 0.3630 0.3251 0.2905 0.2601 0.2337 0.2112 0.1922 0.1765 0.1637 0.1536 0.1458 0.1402 0.1366 0.1350 0.1354 0.1379 0.1430 0.1520 0.1714
0.1563 0.1448 0.1389 0.1358 0.1349 0.1360 0.1391 0.1441 0.1514 0.1609 0.1730 0.1879 0.2060 0.2276 0.2529 0.2824 0.3159 0.3531 0.3924 0.4304 0.4599 0.4745 0.4762 0.4685 0.4525 0.4283 0.3951 0.3520 0.2985 0.2373 0.1833 0.1573 0.1459 0.1395 0.1361 0.1349 0.1356 0.1382 0.1425 0.1482 0.1549 0.1617 0.1677 0.1723 0.1751 0.1767 0.1774 0.1776 0.1775 0.1772 0.1768 0.1763 0.1757 0.1749 0.1739 0.1723 0.1699 0.1662 0.1613 0.1554 0.1492 0.1436 0.1391 0.1361 0.1349 0.1356 0.1384 0.1438 0.1534 0.1736 0.2207 0.2825 0.3387 0.3846 0.4204 0.4470 0.4651 0.4750 0.4760 0.4653 0.4393 0.4027 0.3633 0.3253 0.2908 0.2602 0.2338 0.2113 0.1923 0.1766 0.1638 0.1536 0.1458 0.1402 0.1366 0.1350 0.1354 0.1379 0.1429 0.1519 0.1712
0.1566 0.1450 0.1390 0.1358 0.1349 0.1359 0.1390 0.1440 0.1512 0.1606 0.1727 0.1875 0.2055 0.2270 0.2523 0.2816 0.3150 0.3521 0.3915 0.4295 0.4594 0.4743 0.4762 0.4688 0.4530 0.4289 0.3960 0.3531 0.2998 0.2387 0.1842 0.1577 0.1461 0.1397 0.1362 0.1349 0.1356 0.1381 0.1424 0.1480 0.1547 0.1615 0.1675 0.1720 0.1749 0.1765 0.1772 0.1774 0.1773 0.1770 0.1767 0.1762 0.1756 0.1748 0.1738 0.1722 0.1698 0.1662 0.1613 0.1554 0.1493 0.1436 0.1391 0.1361 0.1349 0.1356 0.1383 0.1438 0.1534 0.1735 0.2206 0.2823 0.3386 0.3845 0.4203 0.4469 0.4650 0.4750 0.4760 0.4653 0.4393 0.4028 0.3634 0.3254 0.2908 0.2603 0.2339 0.2113 0.1924 0.1767 0.1638 0.1536 0.1458 0.1402 0.1366 0.1350 0.1354 0.1378 0.1429 0.1519 0.1712
0.1572 0.1453 0.1392 0.1359 0.1349 0.1359 0.1388 0.1438 0.1509 0.1603 0.1722 0.1869 0.2048 0.2261 0.2513 0.2805 0.3138 0.3507 0.3900 0.4282 0.4585 0.4740 0.4764 0.4692 0.4537 0.4300 0.3973 0.3549 0.3020 0.2410 0.1858 0.1583 0.1464 0.1398 0.1362 0.1349 0.1356 0.1380 0.1422 0.1478 0.1543 0.1611 0.1671 0.1716 0.1745 0.1761 0.1768 0.1770 0.1770 0.1767 0.1764 0.1759 0.1754 0.1746 0.1736 0.1720 0.1697 0.1661 0.1613 0.1554 0.1492 0.1436 0.1391 0.1361 0.1349 0.1356 0.1384 0.1438 0.1534 0.1736 0.2207 0.2825 0.3387 0.3846 0.4204 0.4470 0.4651 0.4750 0.4760 0.4653 0.4393 0.4027 0.3633 0.3253 0.2908 0.2602 0.2338 0.2113 0.1923 0.1766 0.1638 0.1536 0.1458 0.1402 0.1366 0.1350 0.1354 0.1379 0.1429 0.1519 0.1712
0.1579 0.1457 0.1394 0.1360 0.1349 0.1358 0.1386 0.1435 0.1505 0.1598 0.1716 0.1862 0.2039 0.2251 0.2500 0.2790 0.3121 0.3489 0.3881 0.4265 0.4574 0.4736 0.4765 0.4697 0.4547 0.4314 0.3993 0.3573 0.3050 0.2443 0.1881 0.1592 0.1469 0.1401 0.1364 0.1349 0.1355 0.1378 0.1419 0.1474 0.1538 0.1605 0.1665 0.1710 0.1739 0.1755 0.1763 0.1765 0.1765 0.1762 0.1759 0.1755 0.1750 0.1743 0.1733 0.1717 0.1694 0.1659 0.1611 0.1552 0.1491 0.1435 0.1390 0.1361 0.1349 0.1356 0.1384 0.1439 0.1536 0.1740 0.2213 0.2831 0.3392 0.3850 0.4207 0.4472 0.4652 0.4750 0.4760 0.4651 0.4390 0.4024 0.3630 0.3251 0.2905 0.2601 0.2337 0.2112 0.1922 0.1765 0.1637 0.1536 0.1458 0.1402 0.1366 0.1350 0.1354 0.1379 0.1430 0.1520 0.1714
0.1588 0.1461 0.1397 0.1361 0.1349 0.1357 0.1384 0.1432 0.1500 0.1591 0.1708 0.1852 0.2027 0.2237 0.2483 0.2770 0.3099 0.3464 0.3855 0.4241 0.4557 0.4730 0.4766 0.4705 0.4560 0.4333 0.4018 0.3606 0.3090 0.2487 0.1913 0.1605 0.1476 0.1405 0.1366 0.1350 0.1353 0.1375 0.1414 0.1468 0.1531 0.1597 0.1656 0.1701 0.1730 0.1747 0.1755 0.1758 0.1757 0.1755 0.1753 0.1749 0.1744 0.1737 0.1727 0.1713 0.1689 0.1655 0.1607 0.1549 0.1489 0.1433 0.1389 0.1360 0.1349 0.1356 0.1385 0.1441 0.1539 0.1747 0.2227 0.2844 0.3403 0.3859 0.4213 0.4476 0.4654 0.4751 0.4759 0.4648 0.4385 0.4017 0.3623 0.3245 0.2900 0.2596 0.2333 0.2109 0.1920 0.1763 0.1636 0.1535 0.1457 0.1401 0.1366 0.1350 0.1354 0.1379 0.1431 0.1521 0.1717
0.1601 0.1468 0.1400 0.1363 0.1349 0.1356 0.1381 0.1427 0.1494 0.1583 0.1697 0.1839 0.2011 0.2217 0.2461 0.2744 0.3069 0.3431 0.3820 0.4208 0.4534 0.4721 0.4767 0.4714 0.4577 0.4359 0.4054 0.3653 0.3148 0.2552 0.1965 0.1626 0.1486 0.1411 0.1369 0.1351 0.1352 0.1372 0.1408 0.1459 0.1521 0.1585 0.1643 0.1688 0.1718 0.1735 0.1743 0.1746 0.1747 0.1745 0.1743 0.1739 0.1734 0.1728 0.1719 0.1704 0.1682 0.1648 0.1601 0.1544 0.1484 0.1430 0.1387 0.1359 0.1349 0.1357 0.1387 0.1444 0.1545 0.1762 0.2255 0.2871 0.3425 0.3875 0.4225 0.4484 0.4660 0.4753 0.4757 0.4641 0.4373 0.4004 0.3610 0.3233 0.2890 0.2587 0.2325 0.2103 0.1915 0.1759 0.1633 0.1532 0.1455 0.1400 0.1365 0.1350 0.1354 0.1380 0.1432 0.1524 0.1724
0.1620 0.1477 0.1406 0.1366 0.1350 0.1354 0.1378 0.1421 0.1485 0.1572 0.1683 0.1821 0.1989 0.2191 0.2429 0.2707 0.3025 0.3383 0.3769 0.4159 0.4497 0.4704 0.4768 0.4727 0.4602 0.4397 0.4106 0.3721 0.3234 0.2652 0.2049 0.1663 0.1503 0.1421 0.1375 0.1352 0.1350 0.1366 0.1399 0.1447 0.1505 0.1567 0.1624 0.1669 0.1699 0.1717 0.1726 0.1729 0.1730 0.1729 0.1727 0.1724 0.1720 0.1714 0.1705 0.1691 0.1669 0.1635 0.1589 0.1533 0.1476 0.1423 0.1383 0.1357 0.1349 0.1359 0.1392 0.1452 0.1558 0.1794 0.2309 0.2922 0.3466 0.3907 0.4249 0.4501 0.4670 0.4757 0.4753 0.4628 0.4351 0.3979 0.3586 0.3210 0.2870 0.2571 0.2312 0.2091 0.1905 0.1752 0.1627 0.1527 0.1452 0.1398 0.1364 0.1349 0.1355 0.1382 0.1436 0.1530 0.1738
