-0.0214 -0.0813 -0.1045 -0.1219 -0.1345 -0.1442 -0.1508 -0.1538 -0.1524 -0.1456 -0.1330 -0.1151 -0.0944 -0.0740 -0.0565 -0.0430 -0.0336 -0.0282 -0.0233 -0.0183 -0.0135 -0.0091 -0.0053 -0.0022 0.0008 0.0041 0.0083 0.0136 0.0212 0.0343 0.0480 0.0473 0.0131 -0.0418 -0.0780 -0.1000 -0.1169 -0.1304 -0.1410 -0.1487 -0.1531 -0.1535 -0.1488 -0.1383 -0.1222 -0.1022 -0.0813 -0.0627 -0.0475 -0.0360 -0.0318 -0.0360 -0.0475 -0.0627 -0.0813 -0.1022 -0.1222 -0.1383 -0.1488 -0.1535 -0.1531 -0.1487 -0.1410 -0.1304 -0.1169 -0.1000 -0.0780 -0.0418 0.0131 0.0473 0.0480 0.0343 0.0212 0.0136 0.0083 0.0041 0.0008 -0.0022 -0.0053 -0.0091 -0.0135 -0.0183 -0.0233 -0.0282 -0.0336 -0.0430 -0.0565 -0.0740 -0.0944 -0.1151 -0.1330 -0.1456 -0.1524 -0.1538 -0.1508 -0.1442 -0.1345 -0.1219 -0.1045 -0.0813 -0.0214
-0.0813 -0.3235 -0.3379 -0.3418 -0.3402 -0.3321 -0.3157 -0.2879 -0.2454 -0.1875 -0.1239 -0.0730 -0.0415 -0.0238 -0.0140 -0.0076 -0.0028 0.0015 0.0061 0.0111 0.0162 0.0212 0.0258 0.0306 0.0377 0.0483 0.0662 0.0951 0.1024 0.0546 -0.0661 -0.1737 -0.2798 -0.3234 -0.3314 -0.3375 -0.3409 -0.3405 -0.3349 -0.3220 -0.2991 -0.2627 -0.2104 -0.1470 -0.0895 -0.0512 -0.0292 -0.0170 -0.0097 -0.0041 -0.0003 -0.0041 -0.0097 -0.0170 -0.0292 -0.0512 -0.0895 -0.1470 -0.2104 -0.2627 -0.2991 -0.3220 -0.3349 -0.3405 -0.3409 -0.3375 -0.3314 -0.3234 -0.2798 -0.1737 -0.0661 0.0546 0.1024 0.0951 0.0662 0.0483 0.0377 0.0306 0.0258 0.0212 0.0162 0.0111 0.0061 0.0015 -0.0028 -0.0076 -0.0140 -0.0238 -0.0415 -0.0730 -0.1239 -0.1875 -0.2454 -0.2879 -0.3157 -0.3321 -0.3402 -0.3418 -0.3379 -0.3235 -0.0813
-0.1045 -0.3379 -0.3426 -0.3315 -0.3044 -0.2590 -0.1955 -0.1260 -0.0719 -0.0399 -0.0224 -0.0128 -0.0069 -0.0027 0.0006 0.0037 0.0068 0.0108 0.0156 0.0213 0.0279 0.0357 0.0457 0.0615 0.0922 0.1012 0.0704 -0.0440 -0.1573 -0.2543 -0.3239 -0.3320 -0.3381 -0.3415 -0.3411 -0.3354 -0.3223 -0.2989 -0.2618 -0.2084 -0.1441 -0.0867 -0.0490 -0.0276 -0.0157 -0.0089 -0.0041 -0.0006 0.0025 0.0059 0.0087 0.0059 0.0025 -0.0006 -0.0041 -0.0089 -0.0157 -0.0276 -0.0490 -0.0867 -0.1441 -0.2084 -0.2618 -0.2989 -0.3223 -0.3354 -0.3411 -0.3415 -0.3381 -0.3320 -0.3239 -0.2543 -0.1573 -0.0440 0.0704 0.1012 0.0922 0.0615 0.0457 0.0357 0.0279 0.0213 0.0156 0.0108 0.0068 0.0037 0.0006 -0.0027 -0.0069 -0.0128 -0.0224 -0.0399 -0.0719 -0.1260 -0.1955 -0.2590 -0.3044 -0.3315 -0.3426 -0.3379 -0.1045
-0.1219 -0.3418 -0.3315 -0.2886 -0.2093 -0.1167 -0.0566 -0.0282 -0.0148 -0.0080 -0.0035 0.0000 0.0031 0.0063 0.0100 0.0147 0.0202 0.0267 0.0343 0.0437 0.0580 0.0900 0.1004 0.0847 -0.0227 -0.1432 -0.2348 -0.3224 -0.3307 -0.3373 -0.3412 -0.3415 -0.3368 -0.3251 -0.3038 -0.2692 -0.2186 -0.1552 -0.0952 -0.0541 -0.0304 -0.0172 -0.0099 -0.0048 -0.0012 0.0020 0.0051 0.0085 0.0129 0.0185 0.0232 0.0185 0.0129 0.0085 0.0051 0.0020 -0.0012 -0.0048 -0.0099 -0.0172 -0.0304 -0.0541 -0.0952 -0.1552 -0.2186 -0.2692 -0.3038 -0.3251 -0.3368 -0.3415 -0.3412 -0.3373 -0.3307 -0.3224 -0.2348 -0.1432 -0.0227 0.0847 0.1004 0.0900 0.0580 0.0437 0.0343 0.0267 0.0202 0.0147 0.0100 0.0063 0.0031 0.0000 -0.0035 -0.0080 -0.0148 -0.0282 -0.0566 -0.1167 -0.2093 -0.2886 -0.3315 -0.3418 -0.1219
-0.1345 -0.3402 -0.3044 -0.2093 -0.0920 -0.0346 -0.0141 -0.0061 -0.0014 0.0021 0.0054 0.0091 0.0138 0.0192 0.0255 0.0328 0.0419 0.0549 0.0822 0.0992 0.0968 -0.0017 -0.1293 -0.2169 -0.3208 -0.3294 -0.3363 -0.3407 -0.3417 -0.3380 -0.3277 -0.3083 -0.2762 -0.2284 -0.1664 -0.1043 -0.0597 -0.0335 -0.0189 -0.0109 -0.0056 -0.0017 0.0015 0.0046 0.0078 0.0121 0.0172 0.0231 0.0300 0.0388 0.0467 0.0388 0.0300 0.0231 0.0172 0.0121 0.0078 0.0046 0.0015 -0.0017 -0.0056 -0.0109 -0.0189 -0.0335 -0.0597 -0.1043 -0.1664 -0.2284 -0.2762 -0.3083 -0.3277 -0.3380 -0.3417 -0.3407 -0.3363 -0.3294 -0.3208 -0.2169 -0.1293 -0.0017 0.0968 0.0992 0.0822 0.0549 0.0419 0.0328 0.0255 0.0192 0.0138 0.0091 0.0054 0.0021 -0.0014 -0.0061 -0.0141 -0.0346 -0.0920 -0.2093 -0.3044 -0.3402 -0.1345
-0.1442 -0.3321 -0.2590 -0.1167 -0.0346 -0.0108 -0.0030 0.0019 0.0060 0.0111 0.0169 0.0234 0.0308 0.0396 0.0514 0.0736 0.0977 0.1002 0.0191 -0.1068 -0.2003 -0.3192 -0.3281 -0.3353 -0.3402 -0.3419 -0.3391 -0.3301 -0.3124 -0.2828 -0.2377 -0.1775 -0.1140 -0.0659 -0.0370 -0.0209 -0.0120 -0.0064 -0.0023 0.0010 0.0040 0.0072 0.0113 0.0162 0.0220 0.0287 0.0367 0.0471 0.0643 0.0927 0.0958 0.0927 0.0643 0.0471 0.0367 0.0287 0.0220 0.0162 0.0113 0.0072 0.0040 0.0010 -0.0023 -0.0064 -0.0120 -0.0209 -0.0370 -0.0659 -0.1140 -0.1775 -0.2377 -0.2828 -0.3124 -0.3301 -0.3391 -0.3419 -0.3402 -0.3353 -0.3281 -0.3192 -0.2003 -0.1068 0.0191 0.1002 0.0977 0.0736 0.0514 0.0396 0.0308 0.0234 0.0169 0.0111 0.0060 0.0019 -0.0030 -0.0108 -0.0346 -0.1167 -0.2590 -0.3321 -0.1442
-0.1508 -0.3157 -0.1955 -0.0566 -0.0141 -0.0030 0.0029 0.0087 0.0159 0.0241 0.0334 0.0442 0.0598 0.0947 0.1031 0.0453 -0.0798 -0.1841 -0.2959 -0.3266 -0.3342 -0.3395 -0.3418 -0.3399 -0.3321 -0.3161 -0.2888 -0.2466 -0.1886 -0.1242 -0.0726 -0.0408 -0.0230 -0.0132 -0.0072 -0.0029 0.0004 0.0035 0.0067 0.0105 0.0153 0.0209 0.0275 0.0352 0.0451 0.0603 0.0915 0.1011 0.0748 -0.0383 -0.1254 -0.0383 0.0748 0.1011 0.0915 0.0603 0.0451 0.0352 0.0275 0.0209 0.0153 0.0105 0.0067 0.0035 0.0004 -0.0029 -0.0072 -0.0132 -0.0230 -0.0408 -0.0726 -0.1242 -0.1886 -0.2466 -0.2888 -0.3161 -0.3321 -0.3399 -0.3418 -0.3395 -0.3342 -0.3266 -0.2959 -0.1841 -0.0798 0.0453 0.1031 0.0947 0.0598 0.0442 0.0334 0.0241 0.0159 0.0087 0.0029 -0.0030 -0.0141 -0.0566 -0.1955 -0.3157 -0.1508
-0.1538 -0.2879 -0.1260 -0.0282 -0.0061 0.0019 0.0087 0.0177 0.0284 0.0410 0.0572 0.0961 0.1044 -0.0137 -0.1594 -0.2638 -0.3244 -0.3327 -0.3387 -0.3417 -0.3407 -0.3340 -0.3196 -0.2944 -0.2550 -0.1994 -0.1348 -0.0800 -0.0451 -0.0253 -0.0144 -0.0081 -0.0036 -0.0001 0.0030 0.0061 0.0098 0.0145 0.0199 0.0263 0.0338 0.0432 0.0570 0.0879 0.1001 0.0888 -0.0161 -0.1388 -0.2297 -0.3220 -0.3269 -0.3220 -0.2297 -0.1388 -0.0161 0.0888 0.1001 0.0879 0.0570 0.0432 0.0338 0.0263 0.0199 0.0145 0.0098 0.0061 0.0030 -0.0001 -0.0036 -0.0081 -0.0144 -0.0253 -0.0451 -0.0800 -0.1348 -0.1994 -0.2550 -0.2944 -0.3196 -0.3340 -0.3407 -0.3417 -0.3387 -0.3327 -0.3244 -0.2638 -0.1594 -0.0137 0.1044 0.0961 0.0572 0.0410 0.0284 0.0177 0.0087 0.0019 -0.0061 -0.0282 -0.1260 -0.2879 -0.1538
-0.1524 -0.2454 -0.0719 -0.0148 -0.0014 0.0060 0.0159 0.0284 0.0438 0.0657 0.1211 0.0102 -0.1808 -0.3173 -0.3283 -0.3365 -0.3412 -0.3416 -0.3363 -0.3235 -0.3003 -0.2633 -0.2102 -0.1457 -0.0879 -0.0497 -0.0279 -0.0159 -0.0090 -0.0042 -0.0007 0.0024 0.0056 0.0091 0.0136 0.0189 0.0251 0.0324 0.0414 0.0540 0.0798 0.0988 0.0985 0.0048 -0.1228 -0.2116 -0.3203 -0.3290 -0.3361 -0.3406 -0.3420 -0.3406 -0.3361 -0.3290 -0.3203 -0.2116 -0.1228 0.0048 0.0985 0.0988 0.0798 0.0540 0.0414 0.0324 0.0251 0.0189 0.0136 0.0091 0.0056 0.0024 -0.0007 -0.0042 -0.0090 -0.0159 -0.0279 -0.0497 -0.0879 -0.1457 -0.2102 -0.2633 -0.3003 -0.3235 -0.3363 -0.3416 -0.3412 -0.3365 -0.3283 -0.3173 -0.1808 0.0102 0.1211 0.0657 0.0438 0.0284 0.0159 0.0060 -0.0014 -0.0148 -0.0719 -0.2454 -0.1524
-0.1456 -0.1875 -0.0399 -0.0080 0.0021 0.0111 0.0241 0.0410 0.0657 0.1169 -0.0545 -0.3012 -0.3262 -0.3367 -0.3420 -0.3408 -0.3314 -0.3112 -0.2771 -0.2258 -0.1606 -0.0981 -0.0553 -0.0309 -0.0175 -0.0100 -0.0049 -0.0012 0.0019 0.0050 0.0084 0.0128 0.0180 0.0240 0.0311 0.0397 0.0514 0.0734 0.0971 0.1004 0.0251 -0.0996 -0.1953 -0.3136 -0.3276 -0.3349 -0.3400 -0.3419 -0.3393 -0.3307 -0.3228 -0.3307 -0.3393 -0.3419 -0.3400 -0.3349 -0.3276 -0.3136 -0.1953 -0.0996 0.0251 0.1004 0.0971 0.0734 0.0514 0.0397 0.0311 0.0240 0.0180 0.0128 0.0084 0.0050 0.0019 -0.0012 -0.0049 -0.0100 -0.0175 -0.0309 -0.0553 -0.0981 -0.1606 -0.2258 -0.2771 -0.3112 -0.3314 -0.3408 -0.3420 -0.3367 -0.3262 -0.3012 -0.0545 0.1169 0.0657 0.0410 0.0241 0.0111 0.0021 -0.0080 -0.0399 -0.1875 -0.1456
-0.1330 -0.1239 -0.0224 -0.0035 0.0054 0.0169 0.0334 0.0572 0.1211 -0.0545 -0.3142 -0.3303 -0.3403 -0.3422 -0.3330 -0.3086 -0.2643 -0.1984 -0.1237 -0.0678 -0.0364 -0.0199 -0.0112 -0.0057 -0.0018 0.0014 0.0045 0.0078 0.0120 0.0170 0.0229 0.0298 0.0381 0.0490 0.0681 0.0953 0.1013 0.0442 -0.0774 -0.1799 -0.2883 -0.3262 -0.3338 -0.3393 -0.3418 -0.3402 -0.3327 -0.3173 -0.2901 -0.2488 -0.2188 -0.2488 -0.2901 -0.3173 -0.3327 -0.3402 -0.3418 -0.3393 -0.3338 -0.3262 -0.2883 -0.1799 -0.0774 0.0442 0.1013 0.0953 0.0681 0.0490 0.0381 0.0298 0.0229 0.0170 0.0120 0.0078 0.0045 0.0014 -0.0018 -0.0057 -0.0112 -0.0199 -0.0364 -0.0678 -0.1237 -0.1984 -0.2643 -0.3086 -0.3330 -0.3422 -0.3403 -0.3303 -0.3142 -0.0545 0.1211 0.0572 0.0334 0.0169 0.0054 -0.0035 -0.0224 -0.1239 -0.1330
-0.1151 -0.0730 -0.0128 0.0000 0.0091 0.0234 0.0442 0.0961 0.0102 -0.3012 -0.3303 -0.3412 -0.3408 -0.3237 -0.2817 -0.2085 -0.1199 -0.0582 -0.0283 -0.0144 -0.0074 -0.0029 0.0007 0.0038 0.0071 0.0111 0.0161 0.0218 0.0285 0.0365 0.0468 0.0636 0.0933 0.1014 0.0617 -0.0557 -0.1651 -0.2657 -0.3247 -0.3327 -0.3386 -0.3416 -0.3408 -0.3345 -0.3206 -0.2961 -0.2575 -0.2027 -0.1372 -0.0818 -0.0593 -0.0818 -0.1372 -0.2027 -0.2575 -0.2961 -0.3206 -0.3345 -0.3408 -0.3416 -0.3386 -0.3327 -0.3247 -0.2657 -0.1651 -0.0557 0.0617 0.1014 0.0933 0.0636 0.0468 0.0365 0.0285 0.0218 0.0161 0.0111 0.0071 0.0038 0.0007 -0.0029 -0.0074 -0.0144 -0.0283 -0.0582 -0.1199 -0.2085 -0.2817 -0.3237 -0.3408 -0.3412 -0.3303 -0.3012 0.0102 0.0961 0.0442 0.0234 0.0091 0.0000 -0.0128 -0.0730 -0.1151
-0.0944 -0.0415 -0.0069 0.0031 0.0138 0.0308 0.0598 0.1045 -0.1808 -0.3262 -0.3403 -0.3408 -0.3196 -0.2640 -0.1678 -0.0763 -0.0319 -0.0139 -0.0061 -0.0014 0.0022 0.0057 0.0098 0.0147 0.0205 0.0271 0.0349 0.0446 0.0596 0.0912 0.1009 0.0772 -0.0343 -0.1509 -0.2452 -0.3232 -0.3314 -0.3377 -0.3414 -0.3413 -0.3360 -0.3236 -0.3012 -0.2653 -0.2131 -0.1491 -0.0906 -0.0513 -0.0286 -0.0162 -0.0117 -0.0162 -0.0286 -0.0513 -0.0906 -0.1491 -0.2131 -0.2653 -0.3012 -0.3236 -0.3360 -0.3413 -0.3414 -0.3377 -0.3314 -0.3232 -0.2452 -0.1509 -0.0343 0.0772 0.1009 0.0912 0.0596 0.0446 0.0349 0.0271 0.0205 0.0147 0.0098 0.0057 0.0022 -0.0014 -0.0061 -0.0139 -0.0319 -0.0763 -0.1678 -0.2640 -0.3196 -0.3408 -0.3403 -0.3262 -0.1808 0.1044 0.0598 0.0308 0.0138 0.0031 -0.0069 -0.0415 -0.0944
-0.0740 -0.0238 -0.0027 0.0063 0.0192 0.0396 0.0947 -0.0137 -0.3173 -0.3367 -0.3422 -0.3237 -0.2640 -0.1540 -0.0600 -0.0221 -0.0083 -0.0022 0.0022 0.0063 0.0114 0.0173 0.0241 0.0320 0.0414 0.0544 0.0818 0.1000 0.0919 -0.0119 -0.1368 -0.2265 -0.3217 -0.3302 -0.3368 -0.3410 -0.3416 -0.3374 -0.3264 -0.3059 -0.2725 -0.2231 -0.1603 -0.0993 -0.0566 -0.0318 -0.0180 -0.0103 -0.0052 -0.0012 0.0013 -0.0012 -0.0052 -0.0103 -0.0180 -0.0318 -0.0566 -0.0993 -0.1603 -0.2231 -0.2725 -0.3059 -0.3264 -0.3374 -0.3416 -0.3410 -0.3368 -0.3302 -0.3217 -0.2265 -0.1368 -0.0119 0.0919 0.1000 0.0818 0.0544 0.0414 0.0320 0.0241 0.0173 0.0114 0.0063 0.0022 -0.0022 -0.0083 -0.0221 -0.0600 -0.1540 -0.2640 -0.3237 -0.3422 -0.3367 -0.3173 -0.0137 0.0947 0.0396 0.0192 0.0063 -0.0027 -0.0238 -0.0740
-0.0565 -0.0140 0.0006 0.0100 0.0255 0.0514 0.1031 -0.1594 -0.3283 -0.3420 -0.3330 -0.2817 -0.1678 -0.0600 -0.0195 -0.0064 -0.0002 0.0044 0.0101 0.0170 0.0250 0.0343 0.0455 0.0627 0.0968 0.1039 0.0228 -0.1091 -0.2071 -0.3198 -0.3287 -0.3358 -0.3405 -0.3418 -0.3385 -0.3288 -0.3102 -0.2793 -0.2327 -0.1715 -0.1087 -0.0625 -0.0351 -0.0198 -0.0114 -0.0059 -0.0020 0.0012 0.0043 0.0078 0.0110 0.0078 0.0043 0.0012 -0.0020 -0.0059 -0.0114 -0.0198 -0.0351 -0.0625 -0.1087 -0.1715 -0.2327 -0.2793 -0.3102 -0.3288 -0.3385 -0.3418 -0.3405 -0.3358 -0.3287 -0.3198 -0.2071 -0.1091 0.0228 0.1039 0.0968 0.0627 0.0455 0.0343 0.0250 0.0170 0.0101 0.0044 -0.0002 -0.0064 -0.0195 -0.0600 -0.1678 -0.2817 -0.3330 -0.3420 -0.3283 -0.1594 0.1031 0.0514 0.0255 0.0100 0.0006 -0.0140 -0.0565
-0.0430 -0.0076 0.0037 0.0147 0.0328 0.0736 0.0453 -0.2638 -0.3365 -0.3408 -0.3086 -0.2085 -0.0762 -0.0221 -0.0064 0.0004 0.0056 0.0127 0.0213 0.0315 0.0439 0.0616 0.1016 0.0938 -0.0339 -0.1744 -0.2909 -0.3262 -0.3342 -0.3397 -0.3419 -0.3396 -0.3312 -0.3143 -0.2856 -0.2419 -0.1825 -0.1186 -0.0689 -0.0387 -0.0218 -0.0125 -0.0067 -0.0026 0.0007 0.0038 0.0070 0.0109 0.0158 0.0219 0.0270 0.0219 0.0158 0.0109 0.0070 0.0038 0.0007 -0.0026 -0.0067 -0.0125 -0.0218 -0.0387 -0.0689 -0.1186 -0.1825 -0.2419 -0.2856 -0.3143 -0.3312 -0.3396 -0.3419 -0.3397 -0.3342 -0.3262 -0.2909 -0.1744 -0.0339 0.0938 0.1016 0.0616 0.0439 0.0315 0.0213 0.0127 0.0056 0.0004 -0.0064 -0.0221 -0.0763 -0.2085 -0.3086 -0.3408 -0.3365 -0.2638 0.0453 0.0736 0.0328 0.0147 0.0037 -0.0076 -0.0430
-0.0336 -0.0028 0.0068 0.0202 0.0419 0.0977 -0.0798 -0.3244 -0.3412 -0.3314 -0.2643 -0.1198 -0.0319 -0.0083 -0.0002 0.0056 0.0136 0.0236 0.0358 0.0514 0.0818 0.1093 -0.0290 -0.2035 -0.3193 -0.3299 -0.3376 -0.3417 -0.3411 -0.3343 -0.3193 -0.2929 -0.2517 -0.1943 -0.1293 -0.0759 -0.0427 -0.0240 -0.0137 -0.0076 -0.0032 0.0002 0.0033 0.0064 0.0102 0.0149 0.0205 0.0269 0.0346 0.0447 0.0544 0.0447 0.0346 0.0269 0.0205 0.0149 0.0102 0.0064 0.0033 0.0002 -0.0032 -0.0076 -0.0137 -0.0240 -0.0427 -0.0759 -0.1293 -0.1943 -0.2517 -0.2929 -0.3193 -0.3343 -0.3411 -0.3417 -0.3376 -0.3299 -0.3193 -0.2035 -0.0290 0.1093 0.0818 0.0514 0.0358 0.0236 0.0136 0.0056 -0.0002 -0.0083 -0.0319 -0.1199 -0.2643 -0.3314 -0.3412 -0.3244 -0.0798 0.0977 0.0419 0.0202 0.0068 -0.0028 -0.0336
-0.0282 0.0015 0.0108 0.0267 0.0549 0.1002 -0.1841 -0.3327 -0.3416 -0.3112 -0.1984 -0.0582 -0.0139 -0.0022 0.0044 0.0127 0.0236 0.0373 0.0557 0.1040 0.0576 -0.1401 -0.3166 -0.3293 -0.3382 -0.3422 -0.3397 -0.3286 -0.3059 -0.2682 -0.2127 -0.1452 -0.0859 -0.0480 -0.0267 -0.0151 -0.0085 -0.0039 -0.0004 0.0027 0.0059 0.0095 0.0141 0.0195 0.0258 0.0332 0.0423 0.0556 0.0842 0.0968 0.0890 0.0968 0.0842 0.0556 0.0423 0.0332 0.0258 0.0195 0.0141 0.0095 0.0059 0.0027 -0.0004 -0.0039 -0.0085 -0.0151 -0.0267 -0.0480 -0.0859 -0.1452 -0.2127 -0.2682 -0.3059 -0.3286 -0.3397 -0.3422 -0.3382 -0.3293 -0.3166 -0.1401 0.0576 0.1040 0.0557 0.0373 0.0236 0.0127 0.0044 -0.0022 -0.0139 -0.0582 -0.1984 -0.3112 -0.3416 -0.3327 -0.1841 0.1002 0.0549 0.0267 0.0108 0.0015 -0.0282
-0.0233 0.0061 0.0156 0.0343 0.0822 0.0191 -0.2959 -0.3387 -0.3363 -0.2771 -0.1237 -0.0283 -0.0061 0.0022 0.0101 0.0213 0.0358 0.0557 0.1149 0.0201 -0.2280 -0.3228 -0.3352 -0.3419 -0.3406 -0.3283 -0.3005 -0.2523 -0.1832 -0.1104 -0.0596 -0.0318 -0.0174 -0.0097 -0.0047 -0.0010 0.0022 0.0053 0.0087 0.0132 0.0185 0.0246 0.0318 0.0406 0.0528 0.0767 0.0981 0.0997 0.0137 -0.1131 -0.1740 -0.1131 0.0137 0.0997 0.0981 0.0767 0.0528 0.0406 0.0318 0.0246 0.0185 0.0132 0.0087 0.0053 0.0022 -0.0010 -0.0047 -0.0097 -0.0174 -0.0318 -0.0596 -0.1104 -0.1832 -0.2523 -0.3005 -0.3283 -0.3406 -0.3419 -0.3352 -0.3228 -0.2280 0.0201 0.1149 0.0557 0.0358 0.0213 0.0101 0.0022 -0.0061 -0.0283 -0.1237 -0.2771 -0.3363 -0.3387 -0.2959 0.0191 0.0822 0.0343 0.0156 0.0061 -0.0233
-0.0183 0.0111 0.0213 0.0437 0.0992 -0.1068 -0.3266 -0.3417 -0.3235 -0.2258 -0.0678 -0.0144 -0.0014 0.0062 0.0170 0.0315 0.0514 0.1040 0.0201 -0.2664 -0.3257 -0.3381 -0.3426 -0.3354 -0.3108 -0.2611 -0.1831 -0.1008 -0.0494 -0.0245 -0.0126 -0.0063 -0.0020 0.0014 0.0046 0.0079 0.0123 0.0175 0.0235 0.0305 0.0389 0.0503 0.0708 0.0963 0.1010 0.0340 -0.0893 -0.1881 -0.3025 -0.3271 -0.3315 -0.3271 -0.3025 -0.1881 -0.0893 0.0340 0.1010 0.0963 0.0708 0.0503 0.0389 0.0305 0.0235 0.0175 0.0123 0.0079 0.0046 0.0014 -0.0020 -0.0063 -0.0126 -0.0245 -0.0494 -0.1008 -0.1831 -0.2611 -0.3108 -0.3354 -0.3426 -0.3381 -0.3257 -0.2664 0.0201 0.1040 0.0514 0.0315 0.0170 0.0063 -0.0014 -0.0144 -0.0678 -0.2258 -0.3235 -0.3417 -0.3266 -0.1068 0.0992 0.0437 0.0213 0.0111 -0.0183
-0.0135 0.0162 0.0279 0.0580 0.0968 -0.2003 -0.3342 -0.3407 -0.3003 -0.1606 -0.0364 -0.0074 0.0022 0.0113 0.0250 0.0439 0.0818 0.0576 -0.2280 -0.3257 -0.3389 -0.3423 -0.3302 -0.2937 -0.2217 -0.1248 -0.0559 -0.0247 -0.0113 -0.0049 -0.0005 0.0030 0.0065 0.0108 0.0160 0.0219 0.0289 0.0371 0.0477 0.0655 0.0944 0.1015 0.0524 -0.0674 -0.1731 -0.2777 -0.3255 -0.3333 -0.3390 -0.3418 -0.3419 -0.3418 -0.3390 -0.3333 -0.3255 -0.2777 -0.1731 -0.0674 0.0524 0.1015 0.0944 0.0655 0.0477 0.0371 0.0289 0.0219 0.0160 0.0108 0.0065 0.0030 -0.0005 -0.0049 -0.0113 -0.0247 -0.0559 -0.1248 -0.2217 -0.2937 -0.3302 -0.3423 -0.3389 -0.3257 -0.2280 0.0576 0.0818 0.0439 0.0250 0.0114 0.0022 -0.0074 -0.0364 -0.1606 -0.3003 -0.3407 -0.3342 -0.2003 0.0968 0.0580 0.0279 0.0162 -0.0135
-0.0091 0.0212 0.0357 0.0900 -0.0017 -0.3192 -0.3395 -0.3340 -0.2633 -0.0981 -0.0199 -0.0029 0.0057 0.0173 0.0343 0.0616 0.1093 -0.1401 -0.3228 -0.3381 -0.3423 -0.3281 -0.2833 -0.1942 -0.0914 -0.0361 -0.0145 -0.0058 -0.0007 0.0033 0.0074 0.0127 0.0188 0.0258 0.0339 0.0439 0.0588 0.0917 0.1016 0.0715 -0.0441 -0.1585 -0.2561 -0.3240 -0.3321 -0.3382 -0.3415 -0.3410 -0.3351 -0.3219 -0.3107 -0.3219 -0.3351 -0.3410 -0.3415 -0.3382 -0.3321 -0.3240 -0.2561 -0.1585 -0.0441 0.0715 0.1016 0.0917 0.0588 0.0439 0.0339 0.0258 0.0188 0.0127 0.0074 0.0033 -0.0007 -0.0058 -0.0145 -0.0361 -0.0913 -0.1942 -0.2833 -0.3281 -0.3423 -0.3381 -0.3228 -0.1401 0.1093 0.0616 0.0343 0.0173 0.0057 -0.0029 -0.0199 -0.0981 -0.2633 -0.3340 -0.3395 -0.3192 -0.0017 0.0900 0.0357 0.0212 -0.0091
-0.0053 0.0258 0.0457 0.1004 -0.1293 -0.3281 -0.3418 -0.3196 -0.2102 -0.0554 -0.0112 0.0006 0.0098 0.0241 0.0455 0.1016 -0.0290 -0.3166 -0.3352 -0.3426 -0.3302 -0.2833 -0.1847 -0.0775 -0.0278 -0.0100 -0.0029 0.0019 0.0064 0.0123 0.0193 0.0274 0.0369 0.0489 0.0698 0.0998 0.0983 -0.0081 -0.1404 -0.2336 -0.3222 -0.3307 -0.3373 -0.3412 -0.3415 -0.3367 -0.3249 -0.3034 -0.2679 -0.2171 -0.1826 -0.2171 -0.2679 -0.3034 -0.3249 -0.3367 -0.3415 -0.3412 -0.3373 -0.3307 -0.3222 -0.2336 -0.1404 -0.0081 0.0983 0.0998 0.0698 0.0489 0.0369 0.0274 0.0193 0.0123 0.0064 0.0019 -0.0029 -0.0100 -0.0278 -0.0774 -0.1847 -0.2833 -0.3302 -0.3426 -0.3352 -0.3166 -0.0290 0.1016 0.0455 0.0241 0.0098 0.0007 -0.0112 -0.0553 -0.2102 -0.3196 -0.3418 -0.3281 -0.1293 0.1004 0.0457 0.0258 -0.0053
-0.0022 0.0306 0.0615 0.0847 -0.2169 -0.3353 -0.3399 -0.2944 -0.1456 -0.0309 -0.0058 0.0038 0.0147 0.0320 0.0627 0.0939 -0.2035 -0.3293 -0.3419 -0.3354 -0.2937 -0.1942 -0.0774 -0.0255 -0.0083 -0.0014 0.0035 0.0092 0.0166 0.0253 0.0358 0.0489 0.0716 0.1055 0.0673 -0.0712 -0.1979 -0.3189 -0.3284 -0.3359 -0.3406 -0.3418 -0.3381 -0.3278 -0.3081 -0.2757 -0.2276 -0.1654 -0.1027 -0.0587 -0.0424 -0.0587 -0.1027 -0.1654 -0.2276 -0.2757 -0.3081 -0.3278 -0.3381 -0.3418 -0.3406 -0.3359 -0.3284 -0.3189 -0.1979 -0.0712 0.0673 0.1055 0.0716 0.0489 0.0358 0.0253 0.0166 0.0092 0.0035 -0.0014 -0.0083 -0.0255 -0.0774 -0.1942 -0.2937 -0.3354 -0.3419 -0.3293 -0.2035 0.0938 0.0627 0.0320 0.0147 0.0038 -0.0057 -0.0309 -0.1457 -0.2944 -0.3399 -0.3353 -0.2169 0.0847 0.0615 0.0306 -0.0022
0.0008 0.0377 0.0922 -0.0227 -0.3208 -0.3402 -0.3321 -0.2549 -0.0879 -0.0175 -0.0019 0.0071 0.0204 0.0413 0.0968 -0.0339 -0.3193 -0.3382 -0.3406 -0.3108 -0.2217 -0.0913 -0.0278 -0.0083 -0.0009 0.0043 0.0111 0.0196 0.0302 0.0431 0.0618 0.1066 0.0720 -0.0861 -0.2375 -0.3225 -0.3322 -0.3390 -0.3420 -0.3400 -0.3315 -0.3139 -0.2840 -0.2386 -0.1775 -0.1135 -0.0654 -0.0367 -0.0205 -0.0118 -0.0080 -0.0118 -0.0205 -0.0367 -0.0654 -0.1135 -0.1775 -0.2386 -0.2840 -0.3139 -0.3315 -0.3400 -0.3420 -0.3390 -0.3322 -0.3225 -0.2375 -0.0861 0.0720 0.1066 0.0618 0.0431 0.0302 0.0196 0.0111 0.0043 -0.0009 -0.0083 -0.0278 -0.0913 -0.2217 -0.3108 -0.3406 -0.3382 -0.3193 -0.0339 0.0968 0.0414 0.0205 0.0071 -0.0018 -0.0175 -0.0879 -0.2550 -0.3321 -0.3402 -0.3208 -0.0227 0.0922 0.0377 0.0008
0.0041 0.0483 0.1012 -0.1432 -0.3294 -0.3419 -0.3161 -0.1994 -0.0497 -0.0100 0.0014 0.0111 0.0271 0.0544 0.1038 -0.1744 -0.3299 -0.3422 -0.3283 -0.2611 -0.1248 -0.0361 -0.0100 -0.0014 0.0043 0.0117 0.0213 0.0332 0.0485 0.0758 0.1135 -0.0323 -0.2309 -0.3219 -0.3329 -0.3400 -0.3422 -0.3375 -0.3238 -0.2978 -0.2558 -0.1963 -0.1286 -0.0742 -0.0412 -0.0230 -0.0131 -0.0071 -0.0029 0.0007 0.0030 0.0007 -0.0029 -0.0071 -0.0131 -0.0230 -0.0412 -0.0742 -0.1286 -0.1963 -0.2558 -0.2978 -0.3238 -0.3375 -0.3422 -0.3400 -0.3329 -0.3219 -0.2309 -0.0323 0.1135 0.0758 0.0485 0.0332 0.0213 0.0117 0.0043 -0.0014 -0.0100 -0.0361 -0.1248 -0.2611 -0.3283 -0.3422 -0.3299 -0.1744 0.1039 0.0544 0.0271 0.0111 0.0014 -0.0100 -0.0497 -0.1994 -0.3161 -0.3419 -0.3294 -0.1432 0.1012 0.0483 0.0041
0.0083 0.0662 0.0704 -0.2348 -0.3363 -0.3391 -0.2888 -0.1348 -0.0279 -0.0049 0.0045 0.0161 0.0349 0.0816 0.0231 -0.2902 -0.3376 -0.3397 -0.3006 -0.1832 -0.0559 -0.0145 -0.0029 0.0035 0.0111 0.0213 0.0343 0.0515 0.0887 0.0804 -0.1162 -0.3159 -0.3296 -0.3390 -0.3424 -0.3375 -0.3208 -0.2879 -0.2342 -0.1626 -0.0944 -0.0506 -0.0272 -0.0150 -0.0083 -0.0036 -0.0001 0.0030 0.0061 0.0101 0.0137 0.0101 0.0061 0.0030 -0.0001 -0.0036 -0.0083 -0.0150 -0.0272 -0.0506 -0.0944 -0.1626 -0.2342 -0.2879 -0.3208 -0.3375 -0.3424 -0.3390 -0.3296 -0.3159 -0.1162 0.0804 0.0887 0.0515 0.0343 0.0213 0.0111 0.0035 -0.0029 -0.0145 -0.0559 -0.1831 -0.3005 -0.3397 -0.3376 -0.2909 0.0228 0.0818 0.0349 0.0161 0.0045 -0.0049 -0.0279 -0.1348 -0.2888 -0.3391 -0.3363 -0.2348 0.0704 0.0662 0.0083
0.0136 0.0951 -0.0440 -0.3224 -0.3407 -0.3301 -0.2466 -0.0800 -0.0159 -0.0012 0.0078 0.0218 0.0446 0.1000 -0.1088 -0.3262 -0.3417 -0.3286 -0.2525 -0.1009 -0.0247 -0.0058 0.0019 0.0092 0.0196 0.0332 0.0515 0.0942 0.0565 -0.1744 -0.3208 -0.3342 -0.3418 -0.3405 -0.3264 -0.2930 -0.2338 -0.1522 -0.0805 -0.0399 -0.0202 -0.0107 -0.0050 -0.0011 0.0022 0.0054 0.0090 0.0136 0.0190 0.0256 0.0312 0.0256 0.0190 0.0136 0.0090 0.0054 0.0022 -0.0011 -0.0050 -0.0107 -0.0202 -0.0399 -0.0805 -0.1522 -0.2338 -0.2930 -0.3263 -0.3406 -0.3418 -0.3342 -0.3208 -0.1744 0.0565 0.0942 0.0515 0.0332 0.0196 0.0092 0.0019 -0.0058 -0.0247 -0.1008 -0.2523 -0.3286 -0.3417 -0.3262 -0.1091 0.1000 0.0446 0.0218 0.0078 -0.0012 -0.0159 -0.0800 -0.2466 -0.3301 -0.3407 -0.3224 -0.0440 0.0951 0.0136
0.0212 0.1024 -0.1573 -0.3307 -0.3417 -0.3124 -0.1886 -0.0451 -0.0090 0.0019 0.0120 0.0285 0.0596 0.0919 -0.2071 -0.3342 -0.3411 -0.3060 -0.1835 -0.0494 -0.0113 -0.0007 0.0064 0.0166 0.0302 0.0485 0.0887 0.0565 -0.1970 -0.3231 -0.3366 -0.3426 -0.3367 -0.3123 -0.2598 -0.1747 -0.0886 -0.0401 -0.0185 -0.0089 -0.0034 0.0005 0.0039 0.0075 0.0121 0.0175 0.0237 0.0308 0.0395 0.0517 0.0650 0.0517 0.0395 0.0308 0.0237 0.0175 0.0121 0.0075 0.0039 0.0005 -0.0034 -0.0089 -0.0185 -0.0401 -0.0886 -0.1747 -0.2599 -0.3123 -0.3367 -0.3426 -0.3366 -0.3231 -0.1970 0.0565 0.0887 0.0485 0.0302 0.0166 0.0064 -0.0007 -0.0113 -0.0494 -0.1832 -0.3059 -0.3411 -0.3342 -0.2071 0.0919 0.0596 0.0285 0.0120 0.0019 -0.0090 -0.0451 -0.1886 -0.3124 -0.3417 -0.3307 -0.1573 0.1024 0.0212
0.0343 0.0546 -0.2543 -0.3373 -0.3380 -0.2828 -0.1242 -0.0253 -0.0042 0.0050 0.0170 0.0365 0.0912 -0.0119 -0.3198 -0.3397 -0.3344 -0.2682 -0.1105 -0.0245 -0.0049 0.0033 0.0123 0.0253 0.0431 0.0758 0.0804 -0.1744 -0.3231 -0.3373 -0.3426 -0.3332 -0.2997 -0.2294 -0.1284 -0.0549 -0.0228 -0.0097 -0.0035 0.0009 0.0047 0.0090 0.0144 0.0207 0.0279 0.0364 0.0471 0.0649 0.0950 0.0952 0.0667 0.0952 0.0950 0.0649 0.0471 0.0364 0.0279 0.0207 0.0144 0.0090 0.0047 0.0009 -0.0035 -0.0097 -0.0228 -0.0549 -0.1284 -0.2294 -0.2997 -0.3332 -0.3426 -0.3373 -0.3231 -0.1744 0.0804 0.0758 0.0431 0.0253 0.0123 0.0033 -0.0049 -0.0245 -0.1104 -0.2682 -0.3343 -0.3397 -0.3198 -0.0119 0.0912 0.0365 0.0170 0.0050 -0.0042 -0.0253 -0.1242 -0.2828 -0.3380 -0.3373 -0.2543 0.0546 0.0343
0.0480 -0.0661 -0.3239 -0.3412 -0.3277 -0.2377 -0.0726 -0.0144 -0.0007 0.0084 0.0229 0.0468 0.1009 -0.1368 -0.3287 -0.3419 -0.3193 -0.2127 -0.0596 -0.0126 -0.0005 0.0074 0.0193 0.0358 0.0618 0.1135 -0.1162 -0.3208 -0.3366 -0.3426 -0.3318 -0.2923 -0.2086 -0.1009 -0.0389 -0.0149 -0.0056 -0.0003 0.0040 0.0088 0.0149 0.0221 0.0304 0.0403 0.0537 0.0818 0.1024 0.0765 -0.0435 -0.1632 -0.2257 -0.1632 -0.0435 0.0765 0.1024 0.0818 0.0537 0.0403 0.0304 0.0221 0.0149 0.0088 0.0040 -0.0003 -0.0056 -0.0149 -0.0389 -0.1009 -0.2086 -0.2923 -0.3318 -0.3426 -0.3366 -0.3208 -0.1162 0.1135 0.0618 0.0358 0.0193 0.0074 -0.0005 -0.0126 -0.0596 -0.2127 -0.3193 -0.3419 -0.3287 -0.1368 0.1009 0.0468 0.0229 0.0084 -0.0007 -0.0144 -0.0726 -0.2377 -0.3277 -0.3412 -0.3239 -0.0661 0.0480
0.0473 -0.1737 -0.3320 -0.3415 -0.3083 -0.1775 -0.0408 -0.0081 0.0024 0.0128 0.0298 0.0636 0.0772 -0.2265 -0.3358 -0.3396 -0.2929 -0.1452 -0.0318 -0.0063 0.0030 0.0127 0.0274 0.0489 0.1066 -0.0323 -0.3159 -0.3342 -0.3426 -0.3332 -0.2923 -0.2014 -0.0889 -0.0316 -0.0112 -0.0034 0.0018 0.0065 0.0129 0.0206 0.0298 0.0408 0.0557 0.0904 0.1080 0.0278 -0.1162 -0.2272 -0.3218 -0.3307 -0.3349 -0.3307 -0.3218 -0.2272 -0.1162 0.0278 0.1080 0.0904 0.0557 0.0408 0.0298 0.0206 0.0129 0.0065 0.0018 -0.0034 -0.0112 -0.0316 -0.0889 -0.2014 -0.2923 -0.3332 -0.3426 -0.3342 -0.3159 -0.0323 0.1066 0.0489 0.0274 0.0127 0.0030 -0.0063 -0.0318 -0.1452 -0.2929 -0.3396 -0.3358 -0.2265 0.0772 0.0636 0.0298 0.0128 0.0024 -0.0081 -0.0408 -0.1775 -0.3083 -0.3415 -0.3320 -0.1737 0.0473
0.0131 -0.2798 -0.3381 -0.3368 -0.2762 -0.1140 -0.0230 -0.0036 0.0056 0.0180 0.0381 0.0933 -0.0343 -0.3217 -0.3405 -0.3312 -0.2517 -0.0859 -0.0174 -0.0020 0.0065 0.0188 0.0369 0.0716 0.0720 -0.2309 -0.3296 -0.3418 -0.3367 -0.2997 -0.2086 -0.0889 -0.0295 -0.0096 -0.0021 0.0031 0.0088 0.0164 0.0256 0.0368 0.0513 0.0797 0.1142 0.0133 -0.1533 -0.2838 -0.3259 -0.3346 -0.3403 -0.3420 -0.3411 -0.3420 -0.3403 -0.3346 -0.3259 -0.2838 -0.1533 0.0134 0.1142 0.0797 0.0513 0.0368 0.0256 0.0164 0.0088 0.0031 -0.0021 -0.0096 -0.0295 -0.0889 -0.2086 -0.2997 -0.3367 -0.3418 -0.3296 -0.2309 0.0720 0.0716 0.0369 0.0188 0.0065 -0.0020 -0.0174 -0.0859 -0.2517 -0.3312 -0.3405 -0.3217 -0.0343 0.0933 0.0381 0.0180 0.0056 -0.0036 -0.0230 -0.1140 -0.2762 -0.3368 -0.3381 -0.2798 0.0131
-0.0418 -0.3234 -0.3415 -0.3251 -0.2284 -0.0659 -0.0132 -0.0001 0.0091 0.0240 0.0490 0.1014 -0.1509 -0.3302 -0.3418 -0.3143 -0.1943 -0.0480 -0.0097 0.0014 0.0108 0.0258 0.0489 0.1055 -0.0861 -0.3219 -0.3390 -0.3406 -0.3123 -0.2294 -0.1009 -0.0316 -0.0096 -0.0017 0.0037 0.0102 0.0188 0.0295 0.0427 0.0622 0.1113 0.0525 -0.1261 -0.2998 -0.3268 -0.3361 -0.3414 -0.3414 -0.3341 -0.3173 -0.3030 -0.3173 -0.3341 -0.3414 -0.3414 -0.3361 -0.3268 -0.2998 -0.1261 0.0526 0.1113 0.0622 0.0427 0.0295 0.0188 0.0102 0.0037 -0.0017 -0.0096 -0.0316 -0.1009 -0.2294 -0.3123 -0.3406 -0.3390 -0.3219 -0.0861 0.1055 0.0489 0.0258 0.0108 0.0014 -0.0097 -0.0480 -0.1943 -0.3143 -0.3418 -0.3302 -0.1509 0.1014 0.0490 0.0240 0.0091 -0.0001 -0.0132 -0.0659 -0.2284 -0.3251 -0.3415 -0.3234 -0.0418
-0.0780 -0.3314 -0.3411 -0.3038 -0.1664 -0.0370 -0.0072 0.0030 0.0136 0.0311 0.0681 0.0617 -0.2452 -0.3368 -0.3385 -0.2856 -0.1293 -0.0267 -0.0047 0.0046 0.0160 0.0339 0.0698 0.0673 -0.2375 -0.3329 -0.3424 -0.3263 -0.2599 -0.1284 -0.0389 -0.0112 -0.0021 0.0037 0.0107 0.0200 0.0319 0.0470 0.0733 0.1151 -0.0370 -0.2531 -0.3237 -0.3349 -0.3414 -0.3414 -0.3324 -0.3107 -0.2710 -0.2117 -0.1712 -0.2117 -0.2710 -0.3107 -0.3324 -0.3414 -0.3414 -0.3349 -0.3237 -0.2532 -0.0370 0.1151 0.0732 0.0470 0.0319 0.0200 0.0107 0.0037 -0.0021 -0.0112 -0.0389 -0.1284 -0.2599 -0.3263 -0.3424 -0.3329 -0.2375 0.0673 0.0698 0.0339 0.0160 0.0046 -0.0047 -0.0267 -0.1293 -0.2856 -0.3385 -0.3368 -0.2452 0.0617 0.0681 0.0311 0.0136 0.0030 -0.0072 -0.0370 -0.1664 -0.3038 -0.3411 -0.3314 -0.0780
-0.1000 -0.3375 -0.3354 -0.2692 -0.1043 -0.0209 -0.0029 0.0061 0.0189 0.0397 0.0953 -0.0557 -0.3232 -0.3410 -0.3288 -0.2419 -0.0759 -0.0151 -0.0010 0.0079 0.0219 0.0439 0.0998 -0.0712 -0.3225 -0.3400 -0.3374 -0.2930 -0.1747 -0.0549 -0.0149 -0.0034 0.0031 0.0102 0.0200 0.0327 0.0493 0.0825 0.0908 -0.1050 -0.3156 -0.3299 -0.3395 -0.3424 -0.3351 -0.3132 -0.2703 -0.2019 -0.1206 -0.0621 -0.0420 -0.0621 -0.1206 -0.2019 -0.2703 -0.3132 -0.3351 -0.3423 -0.3395 -0.3299 -0.3157 -0.1047 0.0910 0.0824 0.0493 0.0327 0.0200 0.0102 0.0031 -0.0034 -0.0149 -0.0549 -0.1747 -0.2930 -0.3375 -0.3400 -0.3225 -0.0712 0.0998 0.0439 0.0219 0.0079 -0.0010 -0.0151 -0.0759 -0.2419 -0.3288 -0.3410 -0.3232 -0.0557 0.0953 0.0397 0.0189 0.0061 -0.0029 -0.0209 -0.1043 -0.2692 -0.3354 -0.3375 -0.1000
-0.1169 -0.3409 -0.3223 -0.2186 -0.0597 -0.0120 0.0004 0.0098 0.0251 0.0514 0.1013 -0.1651 -0.3314 -0.3416 -0.3102 -0.1825 -0.0427 -0.0085 0.0022 0.0123 0.0288 0.0587 0.0985 -0.1975 -0.3322 -0.3422 -0.3208 -0.2338 -0.0886 -0.0228 -0.0056 0.0018 0.0088 0.0188 0.0319 0.0493 0.0862 0.0735 -0.1496 -0.3197 -0.3337 -0.3417 -0.3404 -0.3246 -0.2867 -0.2184 -0.1292 -0.0621 -0.0287 -0.0137 -0.0087 -0.0137 -0.0287 -0.0621 -0.1292 -0.2184 -0.2866 -0.3245 -0.3404 -0.3417 -0.3337 -0.3197 -0.1493 0.0738 0.0862 0.0493 0.0319 0.0188 0.0088 0.0018 -0.0056 -0.0228 -0.0886 -0.2338 -0.3208 -0.3422 -0.3322 -0.1979 0.0983 0.0588 0.0289 0.0123 0.0022 -0.0085 -0.0427 -0.1825 -0.3102 -0.3416 -0.3314 -0.1651 0.1013 0.0514 0.0251 0.0098 0.0004 -0.0120 -0.0597 -0.2186 -0.3223 -0.3409 -0.1169
-0.1304 -0.3405 -0.2989 -0.1552 -0.0335 -0.0064 0.0035 0.0145 0.0324 0.0734 0.0442 -0.2657 -0.3377 -0.3374 -0.2793 -0.1186 -0.0240 -0.0039 0.0053 0.0175 0.0370 0.0917 -0.0072 -0.3188 -0.3389 -0.3376 -0.2879 -0.1522 -0.0401 -0.0097 -0.0003 0.0065 0.0164 0.0295 0.0470 0.0825 0.0735 -0.1659 -0.3216 -0.3357 -0.3425 -0.3373 -0.3128 -0.2579 -0.1675 -0.0798 -0.0342 -0.0149 -0.0065 -0.0012 0.0018 -0.0012 -0.0065 -0.0149 -0.0343 -0.0798 -0.1673 -0.2578 -0.3127 -0.3373 -0.3425 -0.3357 -0.3216 -0.1659 0.0738 0.0824 0.0470 0.0295 0.0164 0.0065 -0.0003 -0.0097 -0.0401 -0.1522 -0.2879 -0.3375 -0.3390 -0.3189 -0.0081 0.0917 0.0371 0.0175 0.0053 -0.0039 -0.0240 -0.1186 -0.2793 -0.3374 -0.3377 -0.2657 0.0442 0.0734 0.0324 0.0145 0.0035 -0.0064 -0.0335 -0.1552 -0.2989 -0.3405 -0.1304
-0.1410 -0.3349 -0.2618 -0.0952 -0.0189 -0.0023 0.0067 0.0199 0.0414 0.0971 -0.0774 -0.3247 -0.3414 -0.3264 -0.2327 -0.0689 -0.0137 -0.0004 0.0087 0.0235 0.0476 0.1016 -0.1400 -0.3284 -0.3420 -0.3238 -0.2342 -0.0805 -0.0185 -0.0035 0.0040 0.0129 0.0256 0.0427 0.0733 0.0908 -0.1496 -0.3216 -0.3364 -0.3426 -0.3346 -0.3027 -0.2328 -0.1292 -0.0535 -0.0213 -0.0086 -0.0025 0.0019 0.0063 0.0105 0.0063 0.0019 -0.0025 -0.0086 -0.0213 -0.0534 -0.1291 -0.2328 -0.3026 -0.3346 -0.3426 -0.3364 -0.3216 -0.1493 0.0910 0.0732 0.0427 0.0256 0.0129 0.0040 -0.0035 -0.0185 -0.0805 -0.2342 -0.3238 -0.3420 -0.3284 -0.1404 0.1016 0.0477 0.0235 0.0087 -0.0004 -0.0137 -0.0689 -0.2327 -0.3264 -0.3414 -0.3247 -0.0774 0.0971 0.0414 0.0199 0.0067 -0.0023 -0.0189 -0.0952 -0.2618 -0.3349 -0.1410
-0.1487 -0.3220 -0.2084 -0.0541 -0.0109 0.0010 0.0105 0.0263 0.0540 0.1004 -0.1799 -0.3327 -0.3413 -0.3059 -0.1715 -0.0387 -0.0076 0.0027 0.0132 0.0305 0.0654 0.0720 -0.2330 -0.3358 -0.3400 -0.2979 -0.1626 -0.0399 -0.0089 0.0009 0.0088 0.0206 0.0368 0.0622 0.1151 -0.1050 -0.3197 -0.3357 -0.3426 -0.3336 -0.2970 -0.2160 -0.1062 -0.0402 -0.0150 -0.0054 0.0001 0.0045 0.0099 0.0172 0.0236 0.0172 0.0099 0.0045 0.0001 -0.0054 -0.0149 -0.0401 -0.1062 -0.2161 -0.2970 -0.3336 -0.3426 -0.3357 -0.3197 -0.1047 0.1151 0.0622 0.0368 0.0206 0.0088 0.0009 -0.0089 -0.0399 -0.1626 -0.2978 -0.3400 -0.3359 -0.2336 0.0715 0.0655 0.0305 0.0132 0.0027 -0.0076 -0.0387 -0.1715 -0.3059 -0.3413 -0.3327 -0.1799 0.1004 0.0540 0.0263 0.0105 0.0010 -0.0109 -0.0541 -0.2084 -0.3220 -0.1487
-0.1531 -0.2991 -0.1441 -0.0304 -0.0056 0.0040 0.0153 0.0338 0.0798 0.0251 -0.2883 -0.3386 -0.3360 -0.2725 -0.1087 -0.0218 -0.0032 0.0059 0.0185 0.0389 0.0944 -0.0438 -0.3222 -0.3406 -0.3315 -0.2559 -0.0944 -0.0202 -0.0034 0.0047 0.0149 0.0298 0.0513 0.1113 -0.0370 -0.3157 -0.3337 -0.3425 -0.3346 -0.2970 -0.2102 -0.0958 -0.0339 -0.0118 -0.0036 0.0018 0.0067 0.0134 0.0217 0.0324 0.0417 0.0324 0.0217 0.0134 0.0067 0.0018 -0.0036 -0.0118 -0.0339 -0.0958 -0.2102 -0.2970 -0.3346 -0.3425 -0.3337 -0.3157 -0.0370 0.1113 0.0513 0.0298 0.0149 0.0047 -0.0034 -0.0202 -0.0944 -0.2558 -0.3315 -0.3406 -0.3222 -0.0441 0.0944 0.0389 0.0185 0.0059 -0.0032 -0.0218 -0.1087 -0.2725 -0.3360 -0.3386 -0.2883 0.0251 0.0798 0.0338 0.0153 0.0040 -0.0056 -0.0304 -0.1441 -0.2991 -0.1531
-0.1535 -0.2627 -0.0867 -0.0172 -0.0017 0.0072 0.0209 0.0432 0.0988 -0.0996 -0.3262 -0.3416 -0.3236 -0.2231 -0.0625 -0.0125 0.0002 0.0095 0.0246 0.0503 0.1015 -0.1585 -0.3307 -0.3418 -0.3139 -0.1963 -0.0506 -0.0107 0.0005 0.0090 0.0221 0.0408 0.0797 0.0526 -0.2532 -0.3299 -0.3417 -0.3373 -0.3026 -0.2161 -0.0958 -0.0320 -0.0105 -0.0025 0.0028 0.0086 0.0163 0.0259 0.0377 0.0540 0.0712 0.0540 0.0377 0.0259 0.0163 0.0086 0.0028 -0.0025 -0.0105 -0.0320 -0.0958 -0.2161 -0.3026 -0.3373 -0.3417 -0.3299 -0.2532 0.0526 0.0797 0.0408 0.0221 0.0090 0.0005 -0.0107 -0.0506 -0.1963 -0.3139 -0.3418 -0.3307 -0.1585 0.1015 0.0503 0.0246 0.0095 0.0002 -0.0125 -0.0625 -0.2231 -0.3236 -0.3416 -0.3262 -0.0996 0.0988 0.0432 0.0209 0.0072 -0.0017 -0.0172 -0.0867 -0.2627 -0.1535
-0.1488 -0.2104 -0.0490 -0.0099 0.0015 0.0113 0.0275 0.0570 0.0985 -0.1953 -0.3338 -0.3408 -0.3012 -0.1603 -0.0351 -0.0067 0.0033 0.0141 0.0318 0.0708 0.0524 -0.2561 -0.3373 -0.3381 -0.2841 -0.1286 -0.0272 -0.0050 0.0039 0.0144 0.0304 0.0557 0.1142 -0.1261 -0.3237 -0.3395 -0.3404 -0.3127 -0.2328 -0.1062 -0.0339 -0.0105 -0.0022 0.0033 0.0097 0.0183 0.0291 0.0427 0.0630 0.1027 0.0743 0.1027 0.0631 0.0427 0.0292 0.0183 0.0098 0.0033 -0.0022 -0.0105 -0.0339 -0.1062 -0.2328 -0.3127 -0.3404 -0.3395 -0.3237 -0.1261 0.1142 0.0557 0.0304 0.0144 0.0039 -0.0050 -0.0272 -0.1286 -0.2840 -0.3381 -0.3373 -0.2561 0.0524 0.0708 0.0318 0.0141 0.0033 -0.0067 -0.0351 -0.1603 -0.3012 -0.3408 -0.3338 -0.1953 0.0985 0.0570 0.0275 0.0113 0.0015 -0.0099 -0.0490 -0.2104 -0.1488
-0.1383 -0.1470 -0.0276 -0.0048 0.0046 0.0162 0.0352 0.0879 0.0048 -0.3136 -0.3393 -0.3345 -0.2653 -0.0993 -0.0198 -0.0026 0.0064 0.0195 0.0406 0.0963 -0.0674 -0.3240 -0.3412 -0.3278 -0.2386 -0.0742 -0.0150 -0.0011 0.0075 0.0207 0.0403 0.0904 0.0134 -0.2998 -0.3349 -0.3423 -0.3245 -0.2578 -0.1291 -0.0401 -0.0118 -0.0025 0.0033 0.0102 0.0194 0.0311 0.0462 0.0723 0.1146 -0.0446 -0.2112 -0.0449 0.1143 0.0724 0.0463 0.0311 0.0194 0.0102 0.0033 -0.0025 -0.0118 -0.0401 -0.1291 -0.2578 -0.3245 -0.3423 -0.3349 -0.2998 0.0134 0.0904 0.0403 0.0207 0.0075 -0.0011 -0.0150 -0.0742 -0.2386 -0.3278 -0.3412 -0.3240 -0.0674 0.0963 0.0406 0.0195 0.0064 -0.0026 -0.0198 -0.0993 -0.2653 -0.3345 -0.3393 -0.3136 0.0048 0.0879 0.0352 0.0162 0.0046 -0.0048 -0.0276 -0.1470 -0.1383
-0.1222 -0.0895 -0.0157 -0.0012 0.0078 0.0220 0.0451 0.1001 -0.1228 -0.3276 -0.3418 -0.3206 -0.2131 -0.0566 -0.0114 0.0007 0.0102 0.0258 0.0528 0.1010 -0.1731 -0.3321 -0.3415 -0.3081 -0.1775 -0.0412 -0.0083 0.0022 0.0121 0.0279 0.0537 0.1080 -0.1533 -0.3268 -0.3414 -0.3351 -0.2866 -0.1673 -0.0534 -0.0149 -0.0036 0.0028 0.0098 0.0194 0.0318 0.0481 0.0795 0.0955 -0.1015 -0.3160 -0.3246 -0.3161 -0.1021 0.0951 0.0797 0.0481 0.0318 0.0194 0.0098 0.0028 -0.0036 -0.0149 -0.0534 -0.1673 -0.2866 -0.3351 -0.3414 -0.3268 -0.1533 0.1080 0.0537 0.0279 0.0121 0.0022 -0.0083 -0.0412 -0.1775 -0.3081 -0.3415 -0.3321 -0.1731 0.1010 0.0528 0.0258 0.0102 0.0007 -0.0114 -0.0566 -0.2131 -0.3206 -0.3418 -0.3276 -0.1228 0.1001 0.0451 0.0220 0.0078 -0.0012 -0.0157 -0.0895 -0.1222
-0.1022 -0.0512 -0.0089 0.0020 0.0121 0.0287 0.0603 0.0888 -0.2116 -0.3349 -0.3402 -0.2961 -0.1491 -0.0318 -0.0059 0.0038 0.0149 0.0332 0.0767 0.0340 -0.2777 -0.3382 -0.3367 -0.2757 -0.1135 -0.0230 -0.0036 0.0054 0.0175 0.0364 0.0818 0.0278 -0.2838 -0.3361 -0.3414 -0.3132 -0.2184 -0.0798 -0.0213 -0.0054 0.0018 0.0086 0.0183 0.0311 0.0481 0.0824 0.0823 -0.1373 -0.3195 -0.3338 -0.3398 -0.3339 -0.3195 -0.1380 0.0819 0.0826 0.0481 0.0311 0.0183 0.0086 0.0018 -0.0054 -0.0213 -0.0798 -0.2184 -0.3132 -0.3414 -0.3361 -0.2838 0.0278 0.0818 0.0364 0.0175 0.0054 -0.0036 -0.0230 -0.1135 -0.2757 -0.3367 -0.3382 -0.2777 0.0340 0.0767 0.0332 0.0149 0.0038 -0.0059 -0.0318 -0.1491 -0.2961 -0.3402 -0.3349 -0.2116 0.0888 0.0603 0.0287 0.0121 0.0020 -0.0089 -0.0512 -0.1022
-0.0813 -0.0292 -0.0041 0.0051 0.0172 0.0367 0.0915 -0.0161 -0.3203 -0.3400 -0.3327 -0.2575 -0.0906 -0.0180 -0.0020 0.0070 0.0205 0.0423 0.0981 -0.0893 -0.3255 -0.3415 -0.3249 -0.2276 -0.0654 -0.0131 -0.0001 0.0090 0.0237 0.0471 0.1024 -0.1162 -0.3259 -0.3414 -0.3324 -0.2703 -0.1292 -0.0343 -0.0086 0.0001 0.0067 0.0163 0.0292 0.0463 0.0796 0.0821 -0.1502 -0.3207 -0.3355 -0.3427 -0.3430 -0.3427 -0.3355 -0.3208 -0.1510 0.0819 0.0797 0.0463 0.0292 0.0163 0.0067 0.0001 -0.0086 -0.0343 -0.1292 -0.2703 -0.3324 -0.3414 -0.3259 -0.1162 0.1024 0.0471 0.0237 0.0090 -0.0001 -0.0131 -0.0654 -0.2276 -0.3249 -0.3415 -0.3255 -0.0893 0.0981 0.0423 0.0205 0.0070 -0.0020 -0.0180 -0.0906 -0.2575 -0.3327 -0.3400 -0.3203 -0.0161 0.0915 0.0367 0.0172 0.0051 -0.0041 -0.0292 -0.0813
-0.0627 -0.0170 -0.0006 0.0085 0.0231 0.0471 0.1011 -0.1388 -0.3290 -0.3419 -0.3173 -0.2027 -0.0513 -0.0103 0.0012 0.0109 0.0269 0.0556 0.0997 -0.1881 -0.3333 -0.3410 -0.3034 -0.1654 -0.0367 -0.0071 0.0030 0.0136 0.0308 0.0649 0.0765 -0.2272 -0.3346 -0.3414 -0.3107 -0.2019 -0.0621 -0.0149 -0.0025 0.0045 0.0134 0.0259 0.0427 0.0724 0.0952 -0.1376 -0.3208 -0.3358 -0.3425 -0.3354 -0.3242 -0.3353 -0.3425 -0.3358 -0.3208 -0.1380 0.0951 0.0724 0.0427 0.0259 0.0134 0.0045 -0.0025 -0.0149 -0.0621 -0.2019 -0.3107 -0.3414 -0.3346 -0.2272 0.0765 0.0649 0.0308 0.0136 0.0030 -0.0071 -0.0367 -0.1654 -0.3034 -0.3410 -0.3333 -0.1881 0.0997 0.0556 0.0269 0.0109 0.0012 -0.0103 -0.0513 -0.2027 -0.3173 -0.3419 -0.3290 -0.1388 0.1011 0.0471 0.0231 0.0085 -0.0006 -0.0170 -0.0627
-0.0475 -0.0097 0.0025 0.0129 0.0300 0.0643 0.0748 -0.2297 -0.3361 -0.3393 -0.2901 -0.1372 -0.0286 -0.0052 0.0043 0.0158 0.0346 0.0842 0.0137 -0.3025 -0.3390 -0.3351 -0.2679 -0.1027 -0.0205 -0.0029 0.0061 0.0190 0.0395 0.0950 -0.0435 -0.3218 -0.3403 -0.3341 -0.2710 -0.1206 -0.0287 -0.0065 0.0019 0.0099 0.0217 0.0377 0.0631 0.1144 -0.1021 -0.3195 -0.3355 -0.3425 -0.3331 -0.2972 -0.2618 -0.2971 -0.3330 -0.3425 -0.3355 -0.3195 -0.1021 0.1144 0.0631 0.0377 0.0217 0.0099 0.0019 -0.0065 -0.0287 -0.1206 -0.2710 -0.3341 -0.3403 -0.3218 -0.0435 0.0950 0.0395 0.0190 0.0061 -0.0029 -0.0205 -0.1027 -0.2679 -0.3351 -0.3390 -0.3025 0.0137 0.0842 0.0346 0.0158 0.0043 -0.0052 -0.0286 -0.1372 -0.2901 -0.3393 -0.3361 -0.2297 0.0748 0.0643 0.0300 0.0129 0.0025 -0.0097 -0.0475
-0.0359 -0.0041 0.0059 0.0185 0.0388 0.0927 -0.0383 -0.3220 -0.3406 -0.3307 -0.2488 -0.0818 -0.0162 -0.0012 0.0078 0.0219 0.0447 0.0968 -0.1131 -0.3271 -0.3418 -0.3219 -0.2171 -0.0587 -0.0118 0.0007 0.0101 0.0256 0.0517 0.0952 -0.1632 -0.3307 -0.3420 -0.3173 -0.2117 -0.0621 -0.0137 -0.0012 0.0063 0.0172 0.0324 0.0540 0.1027 -0.0449 -0.3161 -0.3339 -0.3427 -0.3354 -0.2972 -0.2135 -0.1539 -0.2133 -0.2971 -0.3353 -0.3427 -0.3339 -0.3161 -0.0449 0.1027 0.0540 0.0324 0.0172 0.0063 -0.0012 -0.0137 -0.0621 -0.2117 -0.3173 -0.3420 -0.3307 -0.1632 0.0952 0.0517 0.0256 0.0101 0.0007 -0.0118 -0.0587 -0.2171 -0.3219 -0.3418 -0.3271 -0.1131 0.0968 0.0447 0.0219 0.0078 -0.0012 -0.0162 -0.0818 -0.2488 -0.3307 -0.3406 -0.3220 -0.0383 0.0927 0.0388 0.0185 0.0059 -0.0041 -0.0360
-0.0317 -0.0003 0.0087 0.0233 0.0467 0.0958 -0.1254 -0.3269 -0.3420 -0.3228 -0.2188 -0.0593 -0.0117 0.0013 0.0110 0.0270 0.0544 0.0890 -0.1740 -0.3315 -0.3419 -0.3107 -0.1826 -0.0424 -0.0080 0.0030 0.0137 0.0312 0.0650 0.0667 -0.2257 -0.3349 -0.3411 -0.3030 -0.1712 -0.0420 -0.0087 0.0018 0.0105 0.0236 0.0417 0.0712 0.0743 -0.2112 -0.3246 -0.3398 -0.3430 -0.3242 -0.2618 -0.1539 -0.0972 -0.1538 -0.2618 -0.3242 -0.3430 -0.3398 -0.3246 -0.2112 0.0743 0.0712 0.0417 0.0236 0.0105 0.0018 -0.0087 -0.0420 -0.1712 -0.3030 -0.3411 -0.3349 -0.2257 0.0667 0.0650 0.0312 0.0137 0.0030 -0.0080 -0.0424 -0.1826 -0.3107 -0.3419 -0.3315 -0.1740 0.0890 0.0544 0.0270 0.0110 0.0013 -0.0117 -0.0593 -0.2188 -0.3228 -0.3420 -0.3269 -0.1254 0.0958 0.0467 0.0232 0.0087 -0.0003 -0.0318
