-0.0436 -0.1232 -0.1039 -0.0810 -0.0620 -0.0469 -0.0361 -0.0296 -0.0249 -0.0199 -0.0150 -0.0104 -0.0064 -0.0031 -0.0002 0.0030 0.0069 0.0118 0.0185 0.0291 0.0464 0.0489 0.0279 -0.0236 -0.0695 -0.0936 -0.1120 -0.1265 -0.1380 -0.1466 -0.1521 -0.1539 -0.1509 -0.1423 -0.1279 -0.1088 -0.0878 -0.0682 -0.0519 -0.0396 -0.0315 -0.0267 -0.0218 -0.0168 -0.0121 -0.0078 -0.0043 -0.0013 0.0017 0.0057 0.0095 0.0057 0.0017 -0.0013 -0.0043 -0.0078 -0.0121 -0.0168 -0.0218 -0.0267 -0.0315 -0.0396 -0.0519 -0.0682 -0.0878 -0.1088 -0.1279 -0.1423 -0.1509 -0.1539 -0.1521 -0.1466 -0.1380 -0.1265 -0.1120 -0.0936 -0.0695 -0.0236 0.0279 0.0489 0.0464 0.0291 0.0185 0.0118 0.0069 0.0030 -0.0002 -0.0031 -0.0064 -0.0104 -0.0150 -0.0199 -0.0249 -0.0296 -0.0361 -0.0469 -0.0620 -0.0810 -0.1039 -0.1232 -0.0436
-0.1232 -0.1735 -0.0628 -0.0316 -0.0169 -0.0095 -0.0043 0.0002 0.0046 0.0095 0.0146 0.0196 0.0244 0.0290 0.0349 0.0445 0.0590 0.0911 0.1015 0.0837 -0.0260 -0.1467 -0.2407 -0.3205 -0.3290 -0.3358 -0.3402 -0.3411 -0.3373 -0.3270 -0.3076 -0.2759 -0.2287 -0.1675 -0.1060 -0.0613 -0.0348 -0.0201 -0.0118 -0.0060 -0.0014 0.0029 0.0076 0.0127 0.0178 0.0227 0.0273 0.0323 0.0406 0.0534 0.0683 0.0534 0.0406 0.0323 0.0273 0.0227 0.0178 0.0127 0.0076 0.0029 -0.0014 -0.0060 -0.0118 -0.0201 -0.0348 -0.0613 -0.1060 -0.1675 -0.2287 -0.2759 -0.3076 -0.3270 -0.3373 -0.3411 -0.3402 -0.3358 -0.3290 -0.3205 -0.2407 -0.1467 -0.0260 0.0837 0.1015 0.0911 0.0590 0.0445 0.0349 0.0290 0.0244 0.0196 0.0146 0.0095 0.0046 0.0002 -0.0043 -0.0095 -0.0169 -0.0316 -0.0628 -0.1735 -0.1232
-0.1039 -0.0628 -0.0174 -0.0064 -0.0014 0.0022 0.0055 0.0093 0.0139 0.0194 0.0257 0.0330 0.0421 0.0553 0.0833 0.0994 0.0952 -0.0047 -0.1313 -0.2194 -0.3210 -0.3296 -0.3364 -0.3408 -0.3417 -0.3379 -0.3274 -0.3077 -0.2753 -0.2270 -0.1648 -0.1030 -0.0589 -0.0331 -0.0187 -0.0107 -0.0055 -0.0017 0.0016 0.0046 0.0079 0.0122 0.0173 0.0232 0.0302 0.0385 0.0496 0.0695 0.0960 0.0941 0.0605 0.0941 0.0960 0.0695 0.0496 0.0385 0.0302 0.0232 0.0173 0.0122 0.0079 0.0046 0.0016 -0.0017 -0.0055 -0.0107 -0.0187 -0.0331 -0.0589 -0.1030 -0.1648 -0.2270 -0.2753 -0.3077 -0.3274 -0.3379 -0.3417 -0.3408 -0.3364 -0.3296 -0.3210 -0.2194 -0.1313 -0.0047 0.0952 0.0994 0.0833 0.0553 0.0421 0.0330 0.0257 0.0194 0.0139 0.0093 0.0055 0.0022 -0.0014 -0.0064 -0.0174 -0.0628 -0.1039
-0.0810 -0.0316 -0.0064 0.0005 0.0051 0.0106 0.0167 0.0234 0.0309 0.0397 0.0515 0.0740 0.0979 0.1000 0.0162 -0.1101 -0.2026 -0.3194 -0.3283 -0.3354 -0.3403 -0.3418 -0.3389 -0.3297 -0.3118 -0.2819 -0.2364 -0.1759 -0.1126 -0.0650 -0.0365 -0.0206 -0.0118 -0.0062 -0.0022 0.0010 0.0041 0.0073 0.0114 0.0164 0.0221 0.0289 0.0369 0.0474 0.0648 0.0939 0.1015 0.0569 -0.0623 -0.1710 -0.2358 -0.1710 -0.0623 0.0569 0.1015 0.0939 0.0648 0.0474 0.0369 0.0289 0.0221 0.0164 0.0114 0.0073 0.0041 0.0010 -0.0022 -0.0062 -0.0118 -0.0206 -0.0365 -0.0650 -0.1126 -0.1759 -0.2364 -0.2819 -0.3118 -0.3297 -0.3389 -0.3418 -0.3403 -0.3354 -0.3283 -0.3194 -0.2026 -0.1101 0.0162 0.1000 0.0979 0.0740 0.0515 0.0397 0.0309 0.0234 0.0167 0.0106 0.0051 0.0005 -0.0064 -0.0316 -0.0810
-0.0620 -0.0169 -0.0014 0.0051 0.0129 0.0218 0.0317 0.0428 0.0577 0.0932 0.1038 0.0448 -0.0817 -0.1863 -0.2995 -0.3268 -0.3344 -0.3396 -0.3419 -0.3398 -0.3319 -0.3156 -0.2880 -0.2454 -0.1870 -0.1227 -0.0716 -0.0403 -0.0227 -0.0130 -0.0071 -0.0029 0.0005 0.0036 0.0067 0.0106 0.0155 0.0211 0.0277 0.0355 0.0453 0.0608 0.0918 0.1011 0.0730 -0.0404 -0.1549 -0.2509 -0.3238 -0.3319 -0.3357 -0.3319 -0.3238 -0.2509 -0.1549 -0.0404 0.0730 0.1011 0.0918 0.0608 0.0453 0.0355 0.0277 0.0211 0.0155 0.0106 0.0067 0.0036 0.0005 -0.0029 -0.0071 -0.0130 -0.0227 -0.0403 -0.0716 -0.1227 -0.1870 -0.2454 -0.2880 -0.3156 -0.3319 -0.3398 -0.3419 -0.3396 -0.3344 -0.3268 -0.2995 -0.1863 -0.0817 0.0448 0.1038 0.0932 0.0577 0.0428 0.0317 0.0218 0.0129 0.0051 -0.0014 -0.0169 -0.0620
-0.0469 -0.0095 0.0022 0.0106 0.0218 0.0349 0.0505 0.0766 0.1151 0.0047 -0.1553 -0.2640 -0.3244 -0.3328 -0.3388 -0.3418 -0.3406 -0.3338 -0.3191 -0.2937 -0.2538 -0.1978 -0.1332 -0.0789 -0.0444 -0.0250 -0.0142 -0.0079 -0.0035 -0.0000 0.0030 0.0062 0.0099 0.0146 0.0201 0.0265 0.0340 0.0434 0.0574 0.0892 0.1002 0.0870 -0.0191 -0.1408 -0.2317 -0.3221 -0.3305 -0.3371 -0.3411 -0.3416 -0.3401 -0.3416 -0.3411 -0.3371 -0.3305 -0.3221 -0.2317 -0.1408 -0.0191 0.0870 0.1002 0.0892 0.0574 0.0434 0.0340 0.0265 0.0201 0.0146 0.0099 0.0062 0.0030 -0.0000 -0.0035 -0.0079 -0.0142 -0.0250 -0.0444 -0.0789 -0.1332 -0.1978 -0.2538 -0.2937 -0.3191 -0.3338 -0.3406 -0.3418 -0.3388 -0.3328 -0.3244 -0.2640 -0.1553 0.0047 0.1151 0.0766 0.0505 0.0349 0.0218 0.0106 0.0022 -0.0095 -0.0469
-0.0361 -0.0043 0.0055 0.0167 0.0317 0.0505 0.0856 0.0766 -0.1137 -0.3099 -0.3267 -0.3359 -0.3411 -0.3417 -0.3365 -0.3235 -0.3000 -0.2626 -0.2090 -0.1443 -0.0868 -0.0490 -0.0275 -0.0157 -0.0089 -0.0041 -0.0006 0.0025 0.0056 0.0092 0.0137 0.0191 0.0253 0.0326 0.0416 0.0544 0.0809 0.0990 0.0982 0.0019 -0.1263 -0.2140 -0.3205 -0.3292 -0.3361 -0.3406 -0.3418 -0.3382 -0.3279 -0.3088 -0.2934 -0.3088 -0.3279 -0.3382 -0.3418 -0.3406 -0.3361 -0.3292 -0.3205 -0.2140 -0.1263 0.0019 0.0982 0.0990 0.0809 0.0544 0.0416 0.0326 0.0253 0.0191 0.0137 0.0092 0.0056 0.0025 -0.0006 -0.0041 -0.0089 -0.0157 -0.0275 -0.0490 -0.0868 -0.1443 -0.2090 -0.2626 -0.3000 -0.3235 -0.3365 -0.3417 -0.3411 -0.3359 -0.3267 -0.3099 -0.1137 0.0766 0.0856 0.0505 0.0317 0.0167 0.0055 -0.0043 -0.0361
-0.0296 0.0002 0.0093 0.0234 0.0428 0.0766 0.0766 -0.1602 -0.3201 -0.3335 -0.3412 -0.3418 -0.3336 -0.3138 -0.2794 -0.2274 -0.1610 -0.0979 -0.0550 -0.0306 -0.0172 -0.0099 -0.0048 -0.0012 0.0020 0.0051 0.0085 0.0129 0.0181 0.0242 0.0313 0.0399 0.0517 0.0742 0.0974 0.1002 0.0222 -0.1028 -0.1975 -0.3174 -0.3278 -0.3351 -0.3401 -0.3419 -0.3392 -0.3304 -0.3131 -0.2838 -0.2385 -0.1786 -0.1423 -0.1786 -0.2385 -0.2838 -0.3131 -0.3304 -0.3392 -0.3419 -0.3401 -0.3351 -0.3278 -0.3174 -0.1975 -0.1028 0.0222 0.1002 0.0974 0.0742 0.0517 0.0399 0.0313 0.0242 0.0181 0.0129 0.0085 0.0051 0.0020 -0.0012 -0.0048 -0.0099 -0.0172 -0.0306 -0.0550 -0.0979 -0.1610 -0.2274 -0.2794 -0.3138 -0.3336 -0.3418 -0.3412 -0.3335 -0.3201 -0.1602 0.0766 0.0766 0.0428 0.0234 0.0093 0.0002 -0.0296
-0.0249 0.0046 0.0139 0.0309 0.0577 0.1151 -0.1137 -0.3201 -0.3355 -0.3426 -0.3383 -0.3184 -0.2773 -0.2114 -0.1322 -0.0710 -0.0373 -0.0201 -0.0112 -0.0057 -0.0018 0.0015 0.0045 0.0078 0.0121 0.0172 0.0231 0.0300 0.0383 0.0493 0.0688 0.0956 0.1013 0.0416 -0.0805 -0.1820 -0.2918 -0.3264 -0.3340 -0.3394 -0.3418 -0.3401 -0.3325 -0.3168 -0.2898 -0.2481 -0.1904 -0.1260 -0.0732 -0.0412 -0.0297 -0.0412 -0.0732 -0.1260 -0.1904 -0.2481 -0.2898 -0.3168 -0.3325 -0.3401 -0.3418 -0.3394 -0.3340 -0.3264 -0.2918 -0.1820 -0.0805 0.0416 0.1013 0.0956 0.0688 0.0493 0.0383 0.0300 0.0231 0.0172 0.0121 0.0078 0.0045 0.0015 -0.0018 -0.0057 -0.0112 -0.0201 -0.0373 -0.0710 -0.1322 -0.2114 -0.2773 -0.3184 -0.3383 -0.3426 -0.3355 -0.3201 -0.1137 0.1151 0.0577 0.0309 0.0139 0.0046 -0.0249
-0.0199 0.0095 0.0194 0.0397 0.0932 0.0047 -0.3099 -0.3335 -0.3426 -0.3362 -0.3066 -0.2433 -0.1494 -0.0711 -0.0326 -0.0157 -0.0078 -0.0030 0.0006 0.0038 0.0071 0.0112 0.0162 0.0220 0.0287 0.0367 0.0471 0.0642 0.0936 0.1015 0.0593 -0.0587 -0.1672 -0.2688 -0.3249 -0.3328 -0.3387 -0.3417 -0.3407 -0.3343 -0.3201 -0.2954 -0.2564 -0.2012 -0.1366 -0.0813 -0.0458 -0.0258 -0.0146 -0.0081 -0.0047 -0.0081 -0.0146 -0.0258 -0.0458 -0.0813 -0.1366 -0.2012 -0.2564 -0.2954 -0.3201 -0.3343 -0.3407 -0.3417 -0.3387 -0.3328 -0.3249 -0.2688 -0.1672 -0.0587 0.0593 0.1015 0.0936 0.0642 0.0471 0.0367 0.0287 0.0220 0.0162 0.0112 0.0071 0.0038 0.0006 -0.0030 -0.0078 -0.0157 -0.0326 -0.0711 -0.1494 -0.2433 -0.3066 -0.3362 -0.3426 -0.3335 -0.3099 0.0047 0.0932 0.0397 0.0194 0.0095 -0.0199
-0.0150 0.0146 0.0257 0.0515 0.1038 -0.1553 -0.3267 -0.3412 -0.3383 -0.3066 -0.2299 -0.1187 -0.0468 -0.0187 -0.0078 -0.0023 0.0017 0.0053 0.0095 0.0145 0.0204 0.0271 0.0350 0.0448 0.0599 0.0915 0.1011 0.0752 -0.0373 -0.1529 -0.2480 -0.3234 -0.3316 -0.3379 -0.3414 -0.3412 -0.3358 -0.3232 -0.3005 -0.2642 -0.2117 -0.1476 -0.0893 -0.0506 -0.0284 -0.0161 -0.0092 -0.0044 -0.0008 0.0026 0.0050 0.0026 -0.0008 -0.0044 -0.0092 -0.0161 -0.0284 -0.0506 -0.0893 -0.1476 -0.2117 -0.2642 -0.3005 -0.3232 -0.3358 -0.3412 -0.3414 -0.3379 -0.3316 -0.3234 -0.2480 -0.1529 -0.0373 0.0752 0.1011 0.0915 0.0599 0.0448 0.0350 0.0271 0.0204 0.0145 0.0095 0.0053 0.0017 -0.0023 -0.0078 -0.0187 -0.0468 -0.1187 -0.2299 -0.3066 -0.3383 -0.3412 -0.3267 -0.1553 0.1038 0.0515 0.0257 0.0146 -0.0150
-0.0104 0.0196 0.0330 0.0740 0.0451 -0.2640 -0.3359 -0.3418 -0.3184 -0.2433 -0.1187 -0.0407 -0.0140 -0.0047 0.0007 0.0049 0.0100 0.0162 0.0232 0.0313 0.0407 0.0536 0.0800 0.1002 0.0913 -0.0137 -0.1388 -0.2290 -0.3219 -0.3303 -0.3370 -0.3410 -0.3416 -0.3372 -0.3260 -0.3052 -0.2715 -0.2217 -0.1587 -0.0980 -0.0558 -0.0313 -0.0177 -0.0102 -0.0051 -0.0013 0.0018 0.0049 0.0083 0.0130 0.0169 0.0130 0.0083 0.0049 0.0018 -0.0013 -0.0051 -0.0102 -0.0177 -0.0313 -0.0558 -0.0980 -0.1587 -0.2217 -0.2715 -0.3052 -0.3260 -0.3372 -0.3416 -0.3410 -0.3370 -0.3303 -0.3219 -0.2290 -0.1388 -0.0137 0.0913 0.1002 0.0800 0.0536 0.0407 0.0313 0.0232 0.0162 0.0100 0.0049 0.0007 -0.0047 -0.0140 -0.0407 -0.1187 -0.2433 -0.3184 -0.3418 -0.3359 -0.2640 0.0448 0.0740 0.0330 0.0196 -0.0104
-0.0064 0.0244 0.0421 0.0979 -0.0817 -0.3244 -0.3411 -0.3336 -0.2773 -0.1494 -0.0468 -0.0140 -0.0038 0.0019 0.0072 0.0141 0.0222 0.0317 0.0429 0.0585 0.0957 0.1054 0.0292 -0.1053 -0.2079 -0.3199 -0.3288 -0.3359 -0.3405 -0.3418 -0.3384 -0.3285 -0.3096 -0.2783 -0.2314 -0.1699 -0.1073 -0.0616 -0.0346 -0.0195 -0.0112 -0.0058 -0.0019 0.0013 0.0044 0.0076 0.0118 0.0169 0.0227 0.0300 0.0362 0.0300 0.0227 0.0169 0.0118 0.0076 0.0044 0.0013 -0.0019 -0.0058 -0.0112 -0.0195 -0.0346 -0.0616 -0.1073 -0.1699 -0.2314 -0.2783 -0.3096 -0.3285 -0.3384 -0.3418 -0.3405 -0.3359 -0.3288 -0.3199 -0.2079 -0.1053 0.0292 0.1054 0.0957 0.0585 0.0429 0.0317 0.0222 0.0141 0.0072 0.0019 -0.0038 -0.0140 -0.0468 -0.1494 -0.2773 -0.3336 -0.3411 -0.3244 -0.0817 0.0979 0.0421 0.0244 -0.0064
-0.0031 0.0290 0.0553 0.1000 -0.1862 -0.3328 -0.3417 -0.3139 -0.2114 -0.0711 -0.0187 -0.0047 0.0019 0.0080 0.0162 0.0263 0.0383 0.0537 0.0860 0.1119 -0.0058 -0.1661 -0.2823 -0.3257 -0.3340 -0.3397 -0.3419 -0.3396 -0.3310 -0.3138 -0.2849 -0.2406 -0.1810 -0.1171 -0.0679 -0.0382 -0.0215 -0.0124 -0.0066 -0.0025 0.0008 0.0039 0.0071 0.0111 0.0160 0.0217 0.0283 0.0363 0.0465 0.0633 0.0867 0.0633 0.0465 0.0363 0.0283 0.0217 0.0160 0.0111 0.0071 0.0039 0.0008 -0.0025 -0.0066 -0.0124 -0.0215 -0.0382 -0.0679 -0.1171 -0.1810 -0.2406 -0.2849 -0.3138 -0.3310 -0.3396 -0.3419 -0.3397 -0.3340 -0.3257 -0.2823 -0.1661 -0.0058 0.1119 0.0860 0.0537 0.0383 0.0263 0.0162 0.0080 0.0019 -0.0047 -0.0187 -0.0711 -0.2114 -0.3138 -0.3417 -0.3328 -0.1863 0.1000 0.0553 0.0290 -0.0031
-0.0002 0.0349 0.0833 0.0162 -0.2994 -0.3388 -0.3365 -0.2794 -0.1322 -0.0326 -0.0078 0.0007 0.0072 0.0162 0.0277 0.0419 0.0618 0.1152 0.0371 -0.1503 -0.3160 -0.3279 -0.3366 -0.3415 -0.3414 -0.3349 -0.3198 -0.2932 -0.2516 -0.1937 -0.1283 -0.0751 -0.0421 -0.0237 -0.0135 -0.0075 -0.0031 0.0003 0.0033 0.0065 0.0103 0.0151 0.0206 0.0271 0.0348 0.0444 0.0592 0.0908 0.1008 0.0769 0.0086 0.0769 0.1008 0.0908 0.0592 0.0444 0.0348 0.0271 0.0206 0.0151 0.0103 0.0065 0.0033 0.0003 -0.0031 -0.0075 -0.0135 -0.0237 -0.0421 -0.0751 -0.1283 -0.1937 -0.2516 -0.2932 -0.3198 -0.3349 -0.3414 -0.3415 -0.3366 -0.3279 -0.3160 -0.1503 0.0371 0.1152 0.0618 0.0419 0.0277 0.0162 0.0072 0.0007 -0.0078 -0.0326 -0.1322 -0.2794 -0.3365 -0.3388 -0.2995 0.0162 0.0833 0.0349 -0.0002
0.0030 0.0445 0.0994 -0.1101 -0.3268 -0.3418 -0.3235 -0.2274 -0.0710 -0.0157 -0.0023 0.0049 0.0141 0.0263 0.0419 0.0650 0.1218 -0.0304 -0.2693 -0.3245 -0.3357 -0.3417 -0.3411 -0.3315 -0.3100 -0.2726 -0.2165 -0.1476 -0.0868 -0.0480 -0.0266 -0.0150 -0.0084 -0.0038 -0.0003 0.0028 0.0059 0.0096 0.0142 0.0196 0.0259 0.0334 0.0426 0.0560 0.0852 0.0997 0.0926 -0.0095 -0.1350 -0.2244 -0.3079 -0.2244 -0.1350 -0.0095 0.0926 0.0997 0.0852 0.0560 0.0426 0.0334 0.0259 0.0196 0.0142 0.0096 0.0059 0.0028 -0.0003 -0.0038 -0.0084 -0.0150 -0.0266 -0.0480 -0.0868 -0.1476 -0.2165 -0.2726 -0.3100 -0.3315 -0.3411 -0.3417 -0.3357 -0.3245 -0.2693 -0.0304 0.1218 0.0650 0.0419 0.0263 0.0141 0.0049 -0.0023 -0.0157 -0.0710 -0.2274 -0.3235 -0.3418 -0.3268 -0.1101 0.0994 0.0445 0.0030
0.0069 0.0590 0.0952 -0.2026 -0.3344 -0.3406 -0.3000 -0.1610 -0.0373 -0.0078 0.0017 0.0100 0.0222 0.0383 0.0618 0.1218 -0.0537 -0.3133 -0.3291 -0.3395 -0.3424 -0.3345 -0.3111 -0.2668 -0.1983 -0.1204 -0.0636 -0.0332 -0.0178 -0.0098 -0.0047 -0.0010 0.0022 0.0054 0.0088 0.0134 0.0186 0.0248 0.0320 0.0408 0.0531 0.0777 0.0983 0.0993 0.0113 -0.1154 -0.2063 -0.3198 -0.3287 -0.3358 -0.3388 -0.3358 -0.3287 -0.3198 -0.2063 -0.1154 0.0113 0.0993 0.0983 0.0777 0.0531 0.0408 0.0320 0.0248 0.0186 0.0134 0.0088 0.0054 0.0022 -0.0010 -0.0047 -0.0098 -0.0178 -0.0332 -0.0636 -0.1204 -0.1983 -0.2668 -0.3111 -0.3345 -0.3424 -0.3395 -0.3291 -0.3133 -0.0537 0.1218 0.0618 0.0383 0.0222 0.0100 0.0017 -0.0078 -0.0373 -0.1610 -0.3000 -0.3406 -0.3344 -0.2026 0.0952 0.0590 0.0069
0.0118 0.0911 -0.0047 -0.3194 -0.3396 -0.3338 -0.2626 -0.0979 -0.0201 -0.0030 0.0053 0.0162 0.0317 0.0537 0.1152 -0.0304 -0.3133 -0.3305 -0.3410 -0.3412 -0.3258 -0.2867 -0.2159 -0.1253 -0.0599 -0.0282 -0.0138 -0.0068 -0.0023 0.0012 0.0045 0.0079 0.0123 0.0175 0.0236 0.0306 0.0391 0.0506 0.0716 0.0966 0.1008 0.0312 -0.0925 -0.1903 -0.3053 -0.3272 -0.3346 -0.3398 -0.3418 -0.3396 -0.3363 -0.3396 -0.3418 -0.3398 -0.3346 -0.3272 -0.3053 -0.1903 -0.0925 0.0312 0.1008 0.0966 0.0716 0.0506 0.0391 0.0306 0.0236 0.0175 0.0123 0.0079 0.0045 0.0012 -0.0023 -0.0068 -0.0138 -0.0282 -0.0599 -0.1253 -0.2159 -0.2867 -0.3258 -0.3412 -0.3410 -0.3305 -0.3133 -0.0304 0.1152 0.0537 0.0317 0.0162 0.0053 -0.0030 -0.0201 -0.0979 -0.2626 -0.3338 -0.3396 -0.3194 -0.0047 0.0911 0.0118
0.0185 0.1015 -0.1313 -0.3283 -0.3419 -0.3191 -0.2090 -0.0550 -0.0112 0.0006 0.0095 0.0232 0.0429 0.0859 0.0373 -0.2693 -0.3291 -0.3410 -0.3405 -0.3199 -0.2672 -0.1746 -0.0814 -0.0340 -0.0145 -0.0063 -0.0014 0.0024 0.0060 0.0104 0.0157 0.0218 0.0288 0.0370 0.0477 0.0656 0.0946 0.1017 0.0501 -0.0705 -0.1752 -0.2810 -0.3257 -0.3335 -0.3391 -0.3418 -0.3404 -0.3333 -0.3180 -0.2921 -0.2720 -0.2921 -0.3180 -0.3333 -0.3404 -0.3418 -0.3391 -0.3335 -0.3257 -0.2810 -0.1752 -0.0705 0.0501 0.1017 0.0946 0.0656 0.0477 0.0370 0.0288 0.0218 0.0157 0.0104 0.0060 0.0024 -0.0014 -0.0063 -0.0145 -0.0340 -0.0814 -0.1746 -0.2672 -0.3199 -0.3405 -0.3410 -0.3291 -0.2693 0.0371 0.0860 0.0429 0.0232 0.0095 0.0006 -0.0112 -0.0550 -0.2090 -0.3191 -0.3419 -0.3283 -0.1313 0.1015 0.0185
0.0291 0.0837 -0.2194 -0.3354 -0.3398 -0.2937 -0.1443 -0.0306 -0.0057 0.0038 0.0145 0.0313 0.0584 0.1121 -0.1500 -0.3245 -0.3395 -0.3412 -0.3199 -0.2598 -0.1532 -0.0617 -0.0232 -0.0089 -0.0025 0.0020 0.0061 0.0114 0.0176 0.0248 0.0331 0.0430 0.0575 0.0915 0.1019 0.0716 -0.0451 -0.1601 -0.2590 -0.3242 -0.3323 -0.3383 -0.3416 -0.3410 -0.3350 -0.3216 -0.2978 -0.2600 -0.2051 -0.1408 -0.1070 -0.1408 -0.2051 -0.2600 -0.2978 -0.3216 -0.3350 -0.3410 -0.3416 -0.3383 -0.3323 -0.3242 -0.2590 -0.1601 -0.0451 0.0716 0.1019 0.0915 0.0575 0.0430 0.0331 0.0248 0.0176 0.0114 0.0061 0.0020 -0.0025 -0.0089 -0.0232 -0.0617 -0.1532 -0.2598 -0.3199 -0.3412 -0.3395 -0.3245 -0.1503 0.1119 0.0585 0.0313 0.0145 0.0038 -0.0057 -0.0306 -0.1443 -0.2937 -0.3398 -0.3354 -0.2194 0.0837 0.0291
0.0464 -0.0260 -0.3210 -0.3403 -0.3319 -0.2538 -0.0868 -0.0172 -0.0018 0.0071 0.0204 0.0407 0.0956 -0.0052 -0.3160 -0.3357 -0.3424 -0.3258 -0.2672 -0.1532 -0.0561 -0.0191 -0.0065 -0.0004 0.0042 0.0097 0.0167 0.0248 0.0344 0.0460 0.0642 0.0988 0.1046 0.0003 -0.1393 -0.2334 -0.3222 -0.3308 -0.3374 -0.3412 -0.3414 -0.3365 -0.3245 -0.3027 -0.2676 -0.2163 -0.1526 -0.0933 -0.0525 -0.0295 -0.0213 -0.0295 -0.0525 -0.0933 -0.1526 -0.2163 -0.2676 -0.3027 -0.3245 -0.3365 -0.3414 -0.3412 -0.3374 -0.3308 -0.3222 -0.2334 -0.1393 0.0003 0.1046 0.0988 0.0642 0.0460 0.0344 0.0248 0.0167 0.0097 0.0042 -0.0004 -0.0065 -0.0191 -0.0561 -0.1532 -0.2672 -0.3258 -0.3424 -0.3357 -0.3160 -0.0058 0.0957 0.0407 0.0204 0.0071 -0.0018 -0.0172 -0.0868 -0.2538 -0.3319 -0.3403 -0.3210 -0.0260 0.0464
0.0489 -0.1467 -0.3296 -0.3418 -0.3156 -0.1978 -0.0490 -0.0099 0.0015 0.0112 0.0271 0.0536 0.1055 -0.1657 -0.3279 -0.3417 -0.3345 -0.2867 -0.1746 -0.0617 -0.0191 -0.0059 0.0005 0.0056 0.0125 0.0209 0.0311 0.0434 0.0612 0.1023 0.0910 -0.0439 -0.1879 -0.3178 -0.3278 -0.3356 -0.3406 -0.3418 -0.3381 -0.3275 -0.3076 -0.2749 -0.2263 -0.1638 -0.1022 -0.0584 -0.0328 -0.0185 -0.0106 -0.0052 -0.0022 -0.0052 -0.0106 -0.0185 -0.0328 -0.0584 -0.1022 -0.1638 -0.2263 -0.2749 -0.3076 -0.3275 -0.3381 -0.3418 -0.3406 -0.3356 -0.3278 -0.3178 -0.1879 -0.0439 0.0910 0.1023 0.0612 0.0434 0.0311 0.0209 0.0125 0.0056 0.0005 -0.0059 -0.0191 -0.0617 -0.1746 -0.2867 -0.3345 -0.3417 -0.3279 -0.1661 0.1054 0.0536 0.0271 0.0112 0.0015 -0.0099 -0.0490 -0.1978 -0.3156 -0.3418 -0.3296 -0.1467 0.0489
0.0279 -0.2407 -0.3364 -0.3389 -0.2880 -0.1332 -0.0275 -0.0048 0.0046 0.0162 0.0349 0.0799 0.0294 -0.2823 -0.3366 -0.3411 -0.3111 -0.2159 -0.0814 -0.0232 -0.0065 0.0005 0.0061 0.0139 0.0237 0.0357 0.0511 0.0811 0.1108 -0.0276 -0.2076 -0.3197 -0.3305 -0.3382 -0.3419 -0.3405 -0.3322 -0.3146 -0.2845 -0.2385 -0.1770 -0.1128 -0.0647 -0.0362 -0.0204 -0.0117 -0.0062 -0.0022 0.0011 0.0043 0.0068 0.0043 0.0011 -0.0022 -0.0062 -0.0117 -0.0204 -0.0362 -0.0647 -0.1128 -0.1770 -0.2385 -0.2845 -0.3146 -0.3322 -0.3405 -0.3419 -0.3382 -0.3305 -0.3197 -0.2076 -0.0276 0.1108 0.0811 0.0511 0.0357 0.0237 0.0139 0.0061 0.0005 -0.0065 -0.0232 -0.0814 -0.2159 -0.3111 -0.3411 -0.3366 -0.2823 0.0292 0.0800 0.0350 0.0162 0.0045 -0.0048 -0.0275 -0.1332 -0.2880 -0.3389 -0.3364 -0.2407 0.0279
-0.0236 -0.3205 -0.3408 -0.3297 -0.2454 -0.0789 -0.0157 -0.0012 0.0078 0.0220 0.0447 0.1001 -0.1050 -0.3257 -0.3415 -0.3315 -0.2668 -0.1253 -0.0340 -0.0089 -0.0004 0.0056 0.0139 0.0246 0.0381 0.0564 0.1064 0.0589 -0.1372 -0.3165 -0.3293 -0.3383 -0.3423 -0.3393 -0.3270 -0.3021 -0.2605 -0.2003 -0.1309 -0.0749 -0.0413 -0.0229 -0.0130 -0.0070 -0.0028 0.0005 0.0036 0.0068 0.0107 0.0159 0.0202 0.0159 0.0107 0.0068 0.0036 0.0005 -0.0028 -0.0070 -0.0130 -0.0229 -0.0413 -0.0749 -0.1309 -0.2003 -0.2605 -0.3021 -0.3270 -0.3393 -0.3423 -0.3383 -0.3293 -0.3165 -0.1372 0.0589 0.1064 0.0564 0.0381 0.0246 0.0139 0.0056 -0.0004 -0.0089 -0.0340 -0.1253 -0.2668 -0.3315 -0.3415 -0.3257 -0.1053 0.1002 0.0448 0.0220 0.0078 -0.0012 -0.0157 -0.0789 -0.2454 -0.3297 -0.3408 -0.3205 -0.0236
-0.0695 -0.3290 -0.3417 -0.3118 -0.1870 -0.0444 -0.0089 0.0020 0.0121 0.0287 0.0598 0.0916 -0.2074 -0.3340 -0.3414 -0.3100 -0.1983 -0.0599 -0.0145 -0.0025 0.0042 0.0125 0.0237 0.0381 0.0583 0.1249 0.0123 -0.2341 -0.3229 -0.3352 -0.3419 -0.3406 -0.3279 -0.2990 -0.2485 -0.1761 -0.1025 -0.0539 -0.0283 -0.0153 -0.0083 -0.0037 -0.0001 0.0030 0.0062 0.0099 0.0147 0.0202 0.0266 0.0346 0.0415 0.0346 0.0266 0.0202 0.0147 0.0099 0.0062 0.0030 -0.0001 -0.0037 -0.0083 -0.0153 -0.0283 -0.0539 -0.1025 -0.1761 -0.2485 -0.2990 -0.3279 -0.3406 -0.3419 -0.3352 -0.3229 -0.2341 0.0123 0.1249 0.0583 0.0381 0.0237 0.0125 0.0042 -0.0025 -0.0145 -0.0599 -0.1983 -0.3100 -0.3414 -0.3340 -0.2079 0.0913 0.0599 0.0287 0.0121 0.0020 -0.0089 -0.0444 -0.1870 -0.3118 -0.3417 -0.3290 -0.0695
-0.0936 -0.3358 -0.3379 -0.2819 -0.1227 -0.0250 -0.0041 0.0051 0.0172 0.0367 0.0915 -0.0134 -0.3199 -0.3397 -0.3349 -0.2726 -0.1204 -0.0282 -0.0063 0.0020 0.0097 0.0209 0.0357 0.0564 0.1249 -0.0044 -0.2964 -0.3265 -0.3383 -0.3426 -0.3353 -0.3105 -0.2603 -0.1810 -0.0980 -0.0471 -0.0229 -0.0116 -0.0055 -0.0013 0.0020 0.0053 0.0089 0.0136 0.0190 0.0253 0.0327 0.0417 0.0546 0.0816 0.0945 0.0816 0.0546 0.0417 0.0327 0.0253 0.0190 0.0136 0.0089 0.0053 0.0020 -0.0013 -0.0055 -0.0116 -0.0229 -0.0471 -0.0980 -0.1810 -0.2603 -0.3105 -0.3353 -0.3426 -0.3383 -0.3265 -0.2964 -0.0044 0.1249 0.0564 0.0357 0.0209 0.0097 0.0020 -0.0063 -0.0282 -0.1204 -0.2726 -0.3349 -0.3397 -0.3199 -0.0137 0.0915 0.0367 0.0172 0.0051 -0.0041 -0.0250 -0.1227 -0.2819 -0.3379 -0.3358 -0.0936
-0.1120 -0.3402 -0.3274 -0.2364 -0.0716 -0.0142 -0.0006 0.0085 0.0231 0.0471 0.1010 -0.1388 -0.3288 -0.3419 -0.3199 -0.2166 -0.0637 -0.0139 -0.0014 0.0061 0.0167 0.0311 0.0511 0.1064 0.0123 -0.2964 -0.3276 -0.3396 -0.3421 -0.3293 -0.2922 -0.2202 -0.1234 -0.0550 -0.0241 -0.0109 -0.0045 -0.0002 0.0034 0.0071 0.0117 0.0171 0.0234 0.0307 0.0395 0.0513 0.0735 0.0975 0.1004 0.0199 -0.0718 0.0199 0.1004 0.0975 0.0735 0.0513 0.0395 0.0307 0.0234 0.0171 0.0117 0.0071 0.0034 -0.0002 -0.0045 -0.0109 -0.0241 -0.0550 -0.1234 -0.2202 -0.2922 -0.3293 -0.3421 -0.3396 -0.3276 -0.2964 0.0123 0.1064 0.0511 0.0311 0.0167 0.0061 -0.0014 -0.0138 -0.0636 -0.2165 -0.3198 -0.3419 -0.3288 -0.1388 0.1011 0.0471 0.0231 0.0085 -0.0006 -0.0142 -0.0716 -0.2364 -0.3274 -0.3402 -0.1120
-0.1265 -0.3411 -0.3077 -0.1759 -0.0403 -0.0079 0.0025 0.0129 0.0300 0.0642 0.0752 -0.2290 -0.3359 -0.3396 -0.2933 -0.1476 -0.0332 -0.0068 0.0024 0.0114 0.0248 0.0434 0.0811 0.0589 -0.2341 -0.3265 -0.3396 -0.3418 -0.3255 -0.2786 -0.1891 -0.0886 -0.0353 -0.0142 -0.0056 -0.0005 0.0035 0.0078 0.0132 0.0196 0.0269 0.0355 0.0462 0.0633 0.0949 0.1025 0.0452 -0.0787 -0.1833 -0.2945 -0.3227 -0.2945 -0.1833 -0.0787 0.0452 0.1025 0.0949 0.0633 0.0462 0.0355 0.0269 0.0196 0.0132 0.0078 0.0035 -0.0005 -0.0056 -0.0142 -0.0353 -0.0886 -0.1891 -0.2786 -0.3255 -0.3418 -0.3396 -0.3265 -0.2341 0.0589 0.0811 0.0434 0.0248 0.0114 0.0024 -0.0068 -0.0332 -0.1476 -0.2932 -0.3396 -0.3359 -0.2290 0.0752 0.0642 0.0300 0.0129 0.0025 -0.0079 -0.0403 -0.1759 -0.3077 -0.3411 -0.1265
-0.1380 -0.3373 -0.2753 -0.1126 -0.0227 -0.0035 0.0056 0.0181 0.0383 0.0936 -0.0373 -0.3219 -0.3405 -0.3310 -0.2516 -0.0868 -0.0178 -0.0023 0.0060 0.0176 0.0344 0.0612 0.1108 -0.1372 -0.3229 -0.3383 -0.3421 -0.3255 -0.2736 -0.1728 -0.0718 -0.0263 -0.0096 -0.0028 0.0021 0.0066 0.0126 0.0197 0.0280 0.0379 0.0506 0.0742 0.1021 0.0842 -0.0354 -0.1617 -0.2647 -0.3246 -0.3328 -0.3388 -0.3410 -0.3388 -0.3328 -0.3246 -0.2647 -0.1617 -0.0354 0.0842 0.1021 0.0742 0.0506 0.0379 0.0280 0.0197 0.0126 0.0066 0.0021 -0.0028 -0.0097 -0.0263 -0.0718 -0.1728 -0.2736 -0.3255 -0.3421 -0.3383 -0.3229 -0.1372 0.1108 0.0612 0.0344 0.0176 0.0060 -0.0023 -0.0178 -0.0868 -0.2516 -0.3310 -0.3405 -0.3219 -0.0373 0.0936 0.0383 0.0181 0.0056 -0.0035 -0.0227 -0.1126 -0.2753 -0.3373 -0.1380
-0.1466 -0.3270 -0.2270 -0.0650 -0.0130 -0.0000 0.0092 0.0242 0.0493 0.1015 -0.1529 -0.3303 -0.3418 -0.3138 -0.1937 -0.0480 -0.0098 0.0012 0.0104 0.0248 0.0460 0.1023 -0.0276 -0.3165 -0.3352 -0.3426 -0.3293 -0.2786 -0.1728 -0.0668 -0.0227 -0.0076 -0.0011 0.0037 0.0095 0.0168 0.0257 0.0363 0.0498 0.0742 0.1074 0.0542 -0.0915 -0.2172 -0.3208 -0.3302 -0.3372 -0.3413 -0.3413 -0.3361 -0.3305 -0.3361 -0.3413 -0.3413 -0.3372 -0.3302 -0.3208 -0.2172 -0.0915 0.0542 0.1074 0.0742 0.0498 0.0363 0.0257 0.0168 0.0095 0.0037 -0.0011 -0.0076 -0.0227 -0.0668 -0.1728 -0.2786 -0.3293 -0.3426 -0.3352 -0.3165 -0.0276 0.1023 0.0460 0.0248 0.0104 0.0012 -0.0098 -0.0480 -0.1937 -0.3138 -0.3418 -0.3303 -0.1529 0.1015 0.0493 0.0242 0.0092 -0.0000 -0.0130 -0.0650 -0.2270 -0.3270 -0.1466
-0.1521 -0.3076 -0.1648 -0.0365 -0.0071 0.0030 0.0137 0.0313 0.0688 0.0593 -0.2480 -0.3370 -0.3384 -0.2849 -0.1283 -0.0266 -0.0047 0.0045 0.0157 0.0331 0.0642 0.0910 -0.2076 -0.3293 -0.3419 -0.3353 -0.2922 -0.1891 -0.0718 -0.0227 -0.0071 -0.0003 0.0048 0.0116 0.0202 0.0307 0.0437 0.0631 0.1082 0.0642 -0.0990 -0.2525 -0.3237 -0.3333 -0.3397 -0.3421 -0.3389 -0.3284 -0.3075 -0.2736 -0.2480 -0.2736 -0.3075 -0.3284 -0.3389 -0.3421 -0.3397 -0.3333 -0.3237 -0.2525 -0.0990 0.0642 0.1082 0.0631 0.0437 0.0307 0.0202 0.0116 0.0048 -0.0003 -0.0071 -0.0227 -0.0718 -0.1891 -0.2922 -0.3353 -0.3419 -0.3293 -0.2076 0.0910 0.0642 0.0331 0.0157 0.0045 -0.0047 -0.0266 -0.1283 -0.2849 -0.3384 -0.3370 -0.2480 0.0593 0.0688 0.0313 0.0137 0.0030 -0.0071 -0.0365 -0.1648 -0.3076 -0.1521
-0.1539 -0.2759 -0.1030 -0.0206 -0.0029 0.0062 0.0191 0.0399 0.0956 -0.0587 -0.3234 -0.3410 -0.3285 -0.2406 -0.0751 -0.0150 -0.0010 0.0079 0.0218 0.0430 0.0988 -0.0439 -0.3197 -0.3383 -0.3406 -0.3105 -0.2202 -0.0886 -0.0263 -0.0076 -0.0003 0.0052 0.0127 0.0223 0.0343 0.0497 0.0791 0.1094 -0.0426 -0.2402 -0.3227 -0.3336 -0.3405 -0.3420 -0.3363 -0.3207 -0.2917 -0.2452 -0.1802 -0.1131 -0.0822 -0.1131 -0.1802 -0.2452 -0.2917 -0.3207 -0.3363 -0.3420 -0.3405 -0.3336 -0.3227 -0.2402 -0.0426 0.1094 0.0791 0.0497 0.0343 0.0223 0.0127 0.0052 -0.0003 -0.0076 -0.0263 -0.0886 -0.2202 -0.3105 -0.3406 -0.3383 -0.3197 -0.0439 0.0988 0.0430 0.0218 0.0079 -0.0010 -0.0150 -0.0751 -0.2406 -0.3285 -0.3410 -0.3234 -0.0587 0.0956 0.0399 0.0191 0.0062 -0.0029 -0.0206 -0.1030 -0.2759 -0.1539
-0.1509 -0.2287 -0.0589 -0.0118 0.0005 0.0099 0.0253 0.0517 0.1013 -0.1672 -0.3316 -0.3416 -0.3096 -0.1810 -0.0421 -0.0084 0.0022 0.0123 0.0288 0.0575 0.1046 -0.1879 -0.3305 -0.3423 -0.3279 -0.2603 -0.1234 -0.0353 -0.0097 -0.0011 0.0048 0.0127 0.0230 0.0362 0.0537 0.0967 0.0694 -0.1313 -0.3168 -0.3303 -0.3394 -0.3424 -0.3366 -0.3185 -0.2830 -0.2256 -0.1509 -0.0847 -0.0443 -0.0236 -0.0166 -0.0236 -0.0443 -0.0847 -0.1509 -0.2256 -0.2830 -0.3185 -0.3366 -0.3424 -0.3394 -0.3303 -0.3168 -0.1313 0.0694 0.0967 0.0537 0.0362 0.0230 0.0127 0.0048 -0.0011 -0.0097 -0.0353 -0.1234 -0.2603 -0.3279 -0.3423 -0.3305 -0.1879 0.1046 0.0575 0.0288 0.0123 0.0022 -0.0084 -0.0421 -0.1810 -0.3096 -0.3416 -0.3316 -0.1672 0.1013 0.0517 0.0253 0.0099 0.0005 -0.0118 -0.0589 -0.2287 -0.1509
-0.1423 -0.1675 -0.0331 -0.0062 0.0036 0.0146 0.0326 0.0742 0.0416 -0.2688 -0.3379 -0.3372 -0.2783 -0.1171 -0.0237 -0.0038 0.0054 0.0175 0.0370 0.0914 0.0003 -0.3178 -0.3382 -0.3393 -0.2990 -0.1810 -0.0550 -0.0142 -0.0028 0.0037 0.0116 0.0223 0.0362 0.0551 0.1098 0.0349 -0.2035 -0.3220 -0.3350 -0.3420 -0.3401 -0.3248 -0.2897 -0.2278 -0.1443 -0.0742 -0.0364 -0.0182 -0.0094 -0.0039 -0.0009 -0.0039 -0.0094 -0.0182 -0.0364 -0.0742 -0.1443 -0.2277 -0.2897 -0.3248 -0.3401 -0.3420 -0.3350 -0.3220 -0.2035 0.0349 0.1098 0.0551 0.0362 0.0223 0.0116 0.0037 -0.0028 -0.0142 -0.0550 -0.1810 -0.2990 -0.3393 -0.3382 -0.3178 0.0003 0.0915 0.0370 0.0175 0.0054 -0.0038 -0.0237 -0.1171 -0.2783 -0.3372 -0.3379 -0.2688 0.0416 0.0742 0.0326 0.0146 0.0036 -0.0062 -0.0331 -0.1675 -0.1423
-0.1279 -0.1060 -0.0187 -0.0022 0.0067 0.0201 0.0416 0.0974 -0.0805 -0.3249 -0.3414 -0.3260 -0.2314 -0.0679 -0.0135 -0.0003 0.0088 0.0236 0.0477 0.1018 -0.1390 -0.3278 -0.3419 -0.3270 -0.2485 -0.0980 -0.0241 -0.0056 0.0021 0.0095 0.0202 0.0343 0.0537 0.1098 0.0222 -0.2496 -0.3250 -0.3376 -0.3426 -0.3355 -0.3096 -0.2549 -0.1680 -0.0835 -0.0376 -0.0172 -0.0081 -0.0029 0.0011 0.0048 0.0077 0.0048 0.0011 -0.0029 -0.0081 -0.0172 -0.0375 -0.0835 -0.1678 -0.2548 -0.3096 -0.3356 -0.3426 -0.3376 -0.3250 -0.2496 0.0222 0.1098 0.0537 0.0343 0.0202 0.0095 0.0021 -0.0056 -0.0241 -0.0980 -0.2485 -0.3270 -0.3419 -0.3278 -0.1393 0.1019 0.0477 0.0236 0.0088 -0.0003 -0.0135 -0.0679 -0.2314 -0.3260 -0.3414 -0.3249 -0.0805 0.0974 0.0416 0.0201 0.0067 -0.0022 -0.0187 -0.1060 -0.1279
-0.1088 -0.0613 -0.0107 0.0010 0.0106 0.0265 0.0544 0.1002 -0.1820 -0.3328 -0.3412 -0.3052 -0.1699 -0.0382 -0.0075 0.0028 0.0134 0.0306 0.0656 0.0718 -0.2329 -0.3356 -0.3405 -0.3021 -0.1762 -0.0471 -0.0109 -0.0005 0.0066 0.0168 0.0307 0.0497 0.0967 0.0349 -0.2496 -0.3259 -0.3387 -0.3424 -0.3310 -0.2949 -0.2216 -0.1210 -0.0515 -0.0214 -0.0091 -0.0031 0.0013 0.0051 0.0097 0.0157 0.0208 0.0157 0.0097 0.0051 0.0013 -0.0031 -0.0091 -0.0214 -0.0514 -0.1208 -0.2214 -0.2949 -0.3310 -0.3424 -0.3387 -0.3259 -0.2496 0.0349 0.0967 0.0497 0.0307 0.0168 0.0066 -0.0005 -0.0109 -0.0471 -0.1761 -0.3021 -0.3405 -0.3356 -0.2334 0.0716 0.0656 0.0306 0.0134 0.0028 -0.0075 -0.0382 -0.1699 -0.3052 -0.3412 -0.3328 -0.1820 0.1002 0.0544 0.0265 0.0106 0.0010 -0.0107 -0.0613 -0.1088
-0.0878 -0.0348 -0.0055 0.0041 0.0155 0.0340 0.0809 0.0222 -0.2918 -0.3387 -0.3358 -0.2715 -0.1073 -0.0215 -0.0031 0.0059 0.0186 0.0391 0.0946 -0.0448 -0.3222 -0.3406 -0.3322 -0.2606 -0.1027 -0.0229 -0.0045 0.0035 0.0126 0.0257 0.0437 0.0791 0.0694 -0.2035 -0.3250 -0.3387 -0.3422 -0.3282 -0.2843 -0.1965 -0.0923 -0.0357 -0.0138 -0.0052 0.0001 0.0043 0.0093 0.0156 0.0230 0.0322 0.0400 0.0322 0.0230 0.0156 0.0093 0.0043 0.0001 -0.0051 -0.0138 -0.0356 -0.0922 -0.1966 -0.2843 -0.3282 -0.3422 -0.3387 -0.3250 -0.2035 0.0694 0.0791 0.0437 0.0257 0.0126 0.0035 -0.0045 -0.0229 -0.1025 -0.2605 -0.3322 -0.3406 -0.3222 -0.0451 0.0946 0.0391 0.0186 0.0059 -0.0031 -0.0215 -0.1073 -0.2715 -0.3358 -0.3387 -0.2918 0.0222 0.0809 0.0340 0.0155 0.0041 -0.0055 -0.0348 -0.0878
-0.0682 -0.0201 -0.0017 0.0073 0.0211 0.0434 0.0990 -0.1028 -0.3264 -0.3417 -0.3232 -0.2217 -0.0616 -0.0124 0.0003 0.0096 0.0248 0.0506 0.1017 -0.1601 -0.3308 -0.3419 -0.3146 -0.2006 -0.0540 -0.0116 -0.0002 0.0078 0.0197 0.0363 0.0631 0.1094 -0.1313 -0.3220 -0.3376 -0.3424 -0.3282 -0.2805 -0.1835 -0.0779 -0.0281 -0.0101 -0.0028 0.0022 0.0070 0.0135 0.0213 0.0307 0.0420 0.0583 0.0787 0.0583 0.0420 0.0307 0.0213 0.0135 0.0070 0.0022 -0.0028 -0.0100 -0.0280 -0.0779 -0.1835 -0.2804 -0.3282 -0.3424 -0.3376 -0.3220 -0.1313 0.1094 0.0631 0.0363 0.0197 0.0078 -0.0002 -0.0116 -0.0539 -0.2003 -0.3146 -0.3418 -0.3308 -0.1601 0.1017 0.0506 0.0248 0.0096 0.0003 -0.0124 -0.0616 -0.2217 -0.3232 -0.3417 -0.3264 -0.1028 0.0990 0.0434 0.0211 0.0073 -0.0017 -0.0201 -0.0682
-0.0519 -0.0118 0.0016 0.0114 0.0277 0.0574 0.0982 -0.1975 -0.3340 -0.3407 -0.3005 -0.1587 -0.0346 -0.0066 0.0033 0.0142 0.0320 0.0716 0.0502 -0.2590 -0.3374 -0.3381 -0.2848 -0.1313 -0.0285 -0.0055 0.0034 0.0132 0.0280 0.0498 0.1082 -0.0426 -0.3168 -0.3350 -0.3426 -0.3310 -0.2843 -0.1835 -0.0735 -0.0249 -0.0083 -0.0014 0.0035 0.0094 0.0171 0.0265 0.0379 0.0529 0.0848 0.0992 0.0435 0.0991 0.0850 0.0529 0.0379 0.0265 0.0171 0.0094 0.0035 -0.0014 -0.0083 -0.0249 -0.0735 -0.1835 -0.2843 -0.3310 -0.3426 -0.3350 -0.3168 -0.0426 0.1082 0.0498 0.0280 0.0132 0.0034 -0.0055 -0.0283 -0.1309 -0.2845 -0.3381 -0.3374 -0.2590 0.0501 0.0716 0.0320 0.0142 0.0033 -0.0066 -0.0346 -0.1587 -0.3005 -0.3407 -0.3340 -0.1975 0.0982 0.0574 0.0277 0.0114 0.0016 -0.0118 -0.0519
-0.0396 -0.0060 0.0046 0.0164 0.0355 0.0892 0.0019 -0.3174 -0.3394 -0.3343 -0.2642 -0.0980 -0.0195 -0.0025 0.0065 0.0196 0.0408 0.0966 -0.0705 -0.3242 -0.3412 -0.3276 -0.2387 -0.0753 -0.0154 -0.0014 0.0071 0.0196 0.0379 0.0742 0.0642 -0.2402 -0.3303 -0.3420 -0.3355 -0.2949 -0.1965 -0.0779 -0.0249 -0.0078 -0.0008 0.0044 0.0111 0.0198 0.0306 0.0441 0.0649 0.1142 0.0377 -0.1465 -0.2592 -0.1469 0.0372 0.1144 0.0650 0.0442 0.0307 0.0198 0.0111 0.0044 -0.0008 -0.0078 -0.0249 -0.0779 -0.1966 -0.2949 -0.3356 -0.3420 -0.3303 -0.2402 0.0642 0.0742 0.0379 0.0196 0.0071 -0.0013 -0.0153 -0.0749 -0.2385 -0.3275 -0.3412 -0.3242 -0.0705 0.0966 0.0408 0.0196 0.0065 -0.0025 -0.0195 -0.0980 -0.2642 -0.3343 -0.3394 -0.3174 0.0019 0.0892 0.0355 0.0164 0.0046 -0.0060 -0.0396
-0.0315 -0.0014 0.0079 0.0221 0.0453 0.1002 -0.1263 -0.3278 -0.3418 -0.3201 -0.2117 -0.0558 -0.0112 0.0008 0.0103 0.0259 0.0531 0.1008 -0.1752 -0.3323 -0.3414 -0.3077 -0.1772 -0.0414 -0.0084 0.0020 0.0117 0.0269 0.0506 0.1074 -0.0990 -0.3227 -0.3394 -0.3401 -0.3096 -0.2214 -0.0922 -0.0280 -0.0083 -0.0008 0.0047 0.0120 0.0216 0.0335 0.0491 0.0785 0.1075 -0.0552 -0.2699 -0.3251 -0.3318 -0.3252 -0.2706 -0.0559 0.1073 0.0786 0.0491 0.0336 0.0216 0.0120 0.0047 -0.0008 -0.0083 -0.0280 -0.0922 -0.2214 -0.3096 -0.3401 -0.3394 -0.3227 -0.0990 0.1074 0.0506 0.0269 0.0117 0.0020 -0.0083 -0.0413 -0.1770 -0.3076 -0.3414 -0.3323 -0.1752 0.1008 0.0531 0.0259 0.0103 0.0008 -0.0112 -0.0558 -0.2117 -0.3201 -0.3418 -0.3278 -0.1263 0.1002 0.0453 0.0221 0.0079 -0.0014 -0.0315
-0.0267 0.0029 0.0122 0.0289 0.0608 0.0870 -0.2140 -0.3351 -0.3401 -0.2954 -0.1476 -0.0313 -0.0058 0.0039 0.0151 0.0334 0.0777 0.0312 -0.2810 -0.3383 -0.3365 -0.2749 -0.1127 -0.0230 -0.0037 0.0053 0.0171 0.0355 0.0742 0.0542 -0.2525 -0.3336 -0.3424 -0.3248 -0.2548 -0.1208 -0.0356 -0.0100 -0.0014 0.0044 0.0120 0.0221 0.0351 0.0523 0.0925 0.0742 -0.1300 -0.3172 -0.3313 -0.3404 -0.3431 -0.3404 -0.3313 -0.3173 -0.1307 0.0737 0.0926 0.0524 0.0351 0.0221 0.0120 0.0044 -0.0014 -0.0100 -0.0356 -0.1208 -0.2548 -0.3248 -0.3424 -0.3336 -0.2525 0.0542 0.0742 0.0355 0.0171 0.0053 -0.0037 -0.0229 -0.1128 -0.2749 -0.3365 -0.3383 -0.2810 0.0312 0.0777 0.0334 0.0151 0.0039 -0.0058 -0.0313 -0.1476 -0.2954 -0.3401 -0.3351 -0.2140 0.0870 0.0608 0.0289 0.0122 0.0029 -0.0267
-0.0218 0.0076 0.0173 0.0369 0.0918 -0.0191 -0.3205 -0.3401 -0.3325 -0.2564 -0.0893 -0.0177 -0.0019 0.0071 0.0206 0.0426 0.0983 -0.0925 -0.3257 -0.3416 -0.3245 -0.2262 -0.0647 -0.0130 -0.0001 0.0089 0.0234 0.0462 0.1021 -0.0915 -0.3237 -0.3405 -0.3366 -0.2897 -0.1678 -0.0514 -0.0138 -0.0028 0.0035 0.0111 0.0216 0.0351 0.0535 0.1022 0.0463 -0.1892 -0.3216 -0.3350 -0.3421 -0.3396 -0.3333 -0.3396 -0.3421 -0.3350 -0.3217 -0.1896 0.0461 0.1022 0.0535 0.0351 0.0216 0.0111 0.0035 -0.0028 -0.0138 -0.0514 -0.1678 -0.2897 -0.3366 -0.3405 -0.3237 -0.0915 0.1021 0.0462 0.0234 0.0089 -0.0001 -0.0130 -0.0647 -0.2263 -0.3245 -0.3416 -0.3257 -0.0925 0.0983 0.0426 0.0206 0.0071 -0.0019 -0.0177 -0.0893 -0.2564 -0.3325 -0.3401 -0.3205 -0.0191 0.0918 0.0369 0.0173 0.0076 -0.0218
-0.0168 0.0127 0.0232 0.0474 0.1011 -0.1408 -0.3292 -0.3419 -0.3168 -0.2012 -0.0506 -0.0102 0.0013 0.0111 0.0271 0.0560 0.0993 -0.1903 -0.3335 -0.3410 -0.3027 -0.1638 -0.0362 -0.0070 0.0030 0.0136 0.0307 0.0633 0.0842 -0.2172 -0.3333 -0.3420 -0.3185 -0.2277 -0.0835 -0.0214 -0.0051 0.0022 0.0094 0.0198 0.0336 0.0524 0.1022 0.0360 -0.2249 -0.3241 -0.3372 -0.3426 -0.3350 -0.3079 -0.2818 -0.3078 -0.3350 -0.3426 -0.3372 -0.3241 -0.2249 0.0360 0.1022 0.0524 0.0336 0.0198 0.0094 0.0022 -0.0051 -0.0214 -0.0835 -0.2277 -0.3185 -0.3420 -0.3333 -0.2172 0.0842 0.0633 0.0307 0.0136 0.0030 -0.0070 -0.0362 -0.1638 -0.3027 -0.3410 -0.3335 -0.1903 0.0993 0.0560 0.0271 0.0111 0.0013 -0.0102 -0.0506 -0.2012 -0.3168 -0.3419 -0.3292 -0.1408 0.1011 0.0474 0.0232 0.0127 -0.0168
-0.0121 0.0178 0.0302 0.0648 0.0730 -0.2317 -0.3361 -0.3392 -0.2898 -0.1366 -0.0284 -0.0051 0.0044 0.0160 0.0348 0.0852 0.0113 -0.3053 -0.3391 -0.3350 -0.2676 -0.1022 -0.0204 -0.0028 0.0062 0.0190 0.0395 0.0949 -0.0354 -0.3208 -0.3397 -0.3363 -0.2830 -0.1443 -0.0375 -0.0091 0.0001 0.0070 0.0171 0.0307 0.0491 0.0926 0.0461 -0.2249 -0.3249 -0.3382 -0.3425 -0.3317 -0.2945 -0.2195 -0.1636 -0.2193 -0.2943 -0.3317 -0.3425 -0.3382 -0.3249 -0.2249 0.0461 0.0926 0.0491 0.0307 0.0171 0.0070 0.0001 -0.0091 -0.0375 -0.1443 -0.2830 -0.3363 -0.3397 -0.3208 -0.0354 0.0949 0.0395 0.0190 0.0062 -0.0028 -0.0204 -0.1022 -0.2676 -0.3350 -0.3391 -0.3053 0.0113 0.0852 0.0348 0.0160 0.0044 -0.0051 -0.0284 -0.1366 -0.2898 -0.3392 -0.3361 -0.2317 0.0730 0.0648 0.0302 0.0178 -0.0121
-0.0078 0.0227 0.0385 0.0939 -0.0404 -0.3221 -0.3406 -0.3304 -0.2481 -0.0813 -0.0161 -0.0013 0.0076 0.0217 0.0444 0.0997 -0.1154 -0.3272 -0.3418 -0.3216 -0.2163 -0.0584 -0.0117 0.0005 0.0099 0.0253 0.0513 0.1025 -0.1617 -0.3302 -0.3421 -0.3207 -0.2256 -0.0742 -0.0172 -0.0031 0.0043 0.0135 0.0265 0.0442 0.0786 0.0737 -0.1896 -0.3241 -0.3382 -0.3424 -0.3295 -0.2873 -0.1974 -0.0919 -0.0535 -0.0916 -0.1971 -0.2872 -0.3294 -0.3424 -0.3382 -0.3241 -0.1896 0.0737 0.0786 0.0442 0.0265 0.0135 0.0043 -0.0031 -0.0172 -0.0742 -0.2256 -0.3207 -0.3421 -0.3302 -0.1617 0.1025 0.0513 0.0253 0.0099 0.0005 -0.0117 -0.0584 -0.2163 -0.3216 -0.3418 -0.3272 -0.1154 0.0997 0.0444 0.0217 0.0076 -0.0013 -0.0161 -0.0813 -0.2481 -0.3304 -0.3406 -0.3221 -0.0404 0.0939 0.0385 0.0227 -0.0078
-0.0043 0.0273 0.0496 0.1015 -0.1549 -0.3305 -0.3418 -0.3131 -0.1904 -0.0458 -0.0092 0.0018 0.0118 0.0283 0.0592 0.0926 -0.2063 -0.3346 -0.3404 -0.2978 -0.1526 -0.0328 -0.0062 0.0036 0.0147 0.0327 0.0735 0.0452 -0.2647 -0.3372 -0.3389 -0.2917 -0.1509 -0.0364 -0.0081 0.0013 0.0093 0.0213 0.0379 0.0650 0.1073 -0.1307 -0.3217 -0.3372 -0.3425 -0.3295 -0.2842 -0.1893 -0.0794 -0.0281 -0.0150 -0.0280 -0.0791 -0.1890 -0.2841 -0.3294 -0.3425 -0.3372 -0.3217 -0.1307 0.1073 0.0650 0.0379 0.0213 0.0093 0.0013 -0.0081 -0.0364 -0.1509 -0.2917 -0.3389 -0.3372 -0.2647 0.0452 0.0735 0.0327 0.0147 0.0036 -0.0062 -0.0328 -0.1526 -0.2978 -0.3404 -0.3346 -0.2063 0.0926 0.0592 0.0283 0.0118 0.0018 -0.0092 -0.0458 -0.1904 -0.3131 -0.3418 -0.3305 -0.1549 0.1015 0.0496 0.0273 -0.0043
-0.0013 0.0323 0.0695 0.0569 -0.2509 -0.3371 -0.3382 -0.2838 -0.1260 -0.0258 -0.0044 0.0049 0.0169 0.0363 0.0908 -0.0095 -0.3198 -0.3398 -0.3333 -0.2600 -0.0933 -0.0185 -0.0022 0.0068 0.0202 0.0417 0.0975 -0.0787 -0.3246 -0.3413 -0.3284 -0.2453 -0.0847 -0.0182 -0.0029 0.0051 0.0156 0.0307 0.0529 0.1144 -0.0559 -0.3173 -0.3350 -0.3426 -0.3317 -0.2872 -0.1892 -0.0774 -0.0256 -0.0082 -0.0026 -0.0082 -0.0256 -0.0772 -0.1890 -0.2872 -0.3317 -0.3426 -0.3350 -0.3173 -0.0559 0.1144 0.0529 0.0307 0.0156 0.0051 -0.0029 -0.0182 -0.0847 -0.2452 -0.3284 -0.3413 -0.3246 -0.0787 0.0975 0.0417 0.0202 0.0068 -0.0022 -0.0185 -0.0933 -0.2600 -0.3333 -0.3398 -0.3198 -0.0095 0.0908 0.0363 0.0169 0.0049 -0.0044 -0.0258 -0.1260 -0.2838 -0.3382 -0.3371 -0.2509 0.0569 0.0695 0.0323 -0.0013
0.0017 0.0406 0.0960 -0.0623 -0.3238 -0.3411 -0.3279 -0.2385 -0.0732 -0.0146 -0.0008 0.0083 0.0227 0.0465 0.1008 -0.1350 -0.3287 -0.3418 -0.3180 -0.2051 -0.0525 -0.0106 0.0011 0.0107 0.0266 0.0546 0.1004 -0.1833 -0.3328 -0.3413 -0.3075 -0.1802 -0.0443 -0.0094 0.0011 0.0097 0.0230 0.0420 0.0850 0.0372 -0.2706 -0.3313 -0.3421 -0.3350 -0.2943 -0.1972 -0.0793 -0.0256 -0.0082 -0.0006 0.0034 -0.0005 -0.0081 -0.0256 -0.0791 -0.1971 -0.2943 -0.3350 -0.3421 -0.3313 -0.2706 0.0372 0.0850 0.0420 0.0230 0.0097 0.0011 -0.0094 -0.0443 -0.1802 -0.3075 -0.3413 -0.3328 -0.1833 0.1004 0.0546 0.0266 0.0107 0.0011 -0.0106 -0.0525 -0.2051 -0.3180 -0.3418 -0.3287 -0.1350 0.1008 0.0465 0.0227 0.0083 -0.0008 -0.0146 -0.0732 -0.2385 -0.3279 -0.3411 -0.3238 -0.0623 0.0960 0.0406 0.0017
0.0058 0.0534 0.0942 -0.1710 -0.3319 -0.3416 -0.3088 -0.1786 -0.0412 -0.0081 0.0026 0.0130 0.0300 0.0633 0.0769 -0.2244 -0.3358 -0.3396 -0.2921 -0.1408 -0.0295 -0.0052 0.0043 0.0159 0.0346 0.0816 0.0199 -0.2945 -0.3388 -0.3361 -0.2736 -0.1131 -0.0236 -0.0039 0.0048 0.0157 0.0322 0.0583 0.0990 -0.1469 -0.3252 -0.3404 -0.3396 -0.3078 -0.2193 -0.0917 -0.0281 -0.0082 -0.0005 0.0054 0.0111 0.0054 -0.0005 -0.0082 -0.0280 -0.0916 -0.2193 -0.3078 -0.3396 -0.3404 -0.3252 -0.1469 0.0990 0.0583 0.0322 0.0157 0.0048 -0.0039 -0.0236 -0.1131 -0.2736 -0.3361 -0.3388 -0.2945 0.0199 0.0816 0.0346 0.0159 0.0043 -0.0052 -0.0295 -0.1408 -0.2921 -0.3396 -0.3358 -0.2244 0.0769 0.0633 0.0300 0.0130 0.0026 -0.0081 -0.0412 -0.1786 -0.3088 -0.3416 -0.3319 -0.1710 0.0941 0.0534 0.0057
0.0096 0.0684 0.0604 -0.2363 -0.3357 -0.3401 -0.2934 -0.1423 -0.0297 -0.0047 0.0050 0.0169 0.0362 0.0867 0.0086 -0.3079 -0.3388 -0.3363 -0.2720 -0.1070 -0.0213 -0.0022 0.0068 0.0202 0.0415 0.0945 -0.0718 -0.3227 -0.3410 -0.3305 -0.2480 -0.0822 -0.0166 -0.0009 0.0077 0.0208 0.0400 0.0786 0.0437 -0.2587 -0.3318 -0.3431 -0.3333 -0.2818 -0.1634 -0.0534 -0.0150 -0.0026 0.0034 0.0111 0.0180 0.0111 0.0034 -0.0026 -0.0150 -0.0534 -0.1634 -0.2818 -0.3333 -0.3431 -0.3318 -0.2587 0.0437 0.0786 0.0400 0.0208 0.0077 -0.0009 -0.0166 -0.0822 -0.2480 -0.3305 -0.3410 -0.3227 -0.0718 0.0945 0.0415 0.0202 0.0068 -0.0022 -0.0213 -0.1070 -0.2720 -0.3363 -0.3388 -0.3079 0.0086 0.0867 0.0362 0.0169 0.0050 -0.0047 -0.0297 -0.1423 -0.2934 -0.3401 -0.3357 -0.2358 0.0605 0.0683 0.0095
0.0058 0.0534 0.0942 -0.1710 -0.3319 -0.3416 -0.3088 -0.1786 -0.0412 -0.0081 0.0026 0.0130 0.0300 0.0633 0.0769 -0.2244 -0.3358 -0.3396 -0.2921 -0.1408 -0.0295 -0.0052 0.0043 0.0159 0.0346 0.0816 0.0199 -0.2945 -0.3388 -0.3361 -0.2736 -0.1131 -0.0236 -0.0039 0.0048 0.0157 0.0322 0.0583 0.0990 -0.1469 -0.3252 -0.3404 -0.3396 -0.3078 -0.2193 -0.0916 -0.0280 -0.0082 -0.0005 0.0054 0.0111 0.0054 -0.0005 -0.0082 -0.0280 -0.0916 -0.2193 -0.3078 -0.3396 -0.3404 -0.3252 -0.1469 0.0990 0.0583 0.0322 0.0157 0.0048 -0.0039 -0.0236 -0.1131 -0.2736 -0.3361 -0.3388 -0.2945 0.0199 0.0816 0.0346 0.0159 0.0043 -0.0052 -0.0295 -0.1408 -0.2921 -0.3396 -0.3358 -0.2244 0.0769 0.0633 0.0300 0.0130 0.0026 -0.0081 -0.0412 -0.1786 -0.3088 -0.3416 -0.3319 -0.1710 0.0941 0.0534 0.0057
