0.3998 0.3833 0.3967 0.4065 0.4130 0.4175 0.4202 0.4216 0.4224 0.4224 0.4216 0.4199 0.4173 0.4139 0.4096 0.4045 0.3984 0.3910 0.3820 0.3708 0.3561 0.3384 0.3201 0.3069 0.3014 0.3005 0.3026 0.3071 0.3137 0.3223 0.3325 0.3442 0.3568 0.3698 0.3825 0.3940 0.4036 0.4109 0.4161 0.4193 0.4212 0.4222 0.4225 0.4220 0.4206 0.4183 0.4152 0.4113 0.4066 0.4001 0.3941 0.4001 0.4066 0.4113 0.4152 0.4183 0.4206 0.4220 0.4225 0.4222 0.4212 0.4193 0.4161 0.4109 0.4036 0.3940 0.3825 0.3698 0.3568 0.3442 0.3325 0.3223 0.3137 0.3071 0.3026 0.3005 0.3014 0.3069 0.3201 0.3384 0.3561 0.3708 0.3820 0.3910 0.3984 0.4045 0.4096 0.4139 0.4173 0.4199 0.4216 0.4224 0.4224 0.4216 0.4202 0.4175 0.4130 0.4065 0.3967 0.3833 0.3998
0.3833 0.3940 0.4163 0.4202 0.4203 0.4185 0.4155 0.4115 0.4063 0.4000 0.3922 0.3830 0.3721 0.3594 0.3448 0.3277 0.3071 0.2810 0.2486 0.2130 0.1856 0.1753 0.1766 0.1868 0.2003 0.2158 0.2333 0.2529 0.2746 0.2981 0.3230 0.3483 0.3726 0.3933 0.4082 0.4165 0.4200 0.4206 0.4193 0.4167 0.4131 0.4084 0.4025 0.3953 0.3866 0.3763 0.3643 0.3505 0.3345 0.3135 0.2940 0.3135 0.3345 0.3505 0.3643 0.3763 0.3866 0.3953 0.4025 0.4084 0.4131 0.4167 0.4193 0.4206 0.4200 0.4165 0.4082 0.3933 0.3726 0.3483 0.3230 0.2981 0.2746 0.2529 0.2333 0.2158 0.2003 0.1868 0.1766 0.1753 0.1856 0.2130 0.2486 0.2810 0.3071 0.3277 0.3448 0.3594 0.3721 0.3830 0.3922 0.4000 0.4063 0.4115 0.4155 0.4185 0.4203 0.4202 0.4163 0.3940 0.3833
0.3967 0.4163 0.4195 0.4163 0.4116 0.4061 0.3997 0.3925 0.3840 0.3740 0.3623 0.3484 0.3319 0.3121 0.2874 0.2561 0.2209 0.1913 0.1783 0.1780 0.1871 0.2006 0.2161 0.2337 0.2535 0.2752 0.2989 0.3238 0.3493 0.3735 0.3941 0.4086 0.4165 0.4198 0.4200 0.4184 0.4157 0.4119 0.4072 0.4016 0.3950 0.3872 0.3779 0.3668 0.3538 0.3383 0.3198 0.2974 0.2682 0.2328 0.2069 0.2328 0.2682 0.2974 0.3198 0.3383 0.3538 0.3668 0.3779 0.3872 0.3950 0.4016 0.4072 0.4119 0.4157 0.4184 0.4200 0.4198 0.4165 0.4086 0.3941 0.3735 0.3493 0.3238 0.2989 0.2752 0.2535 0.2337 0.2161 0.2006 0.1871 0.1780 0.1783 0.1913 0.2209 0.2561 0.2874 0.3121 0.3319 0.3484 0.3623 0.3740 0.3840 0.3925 0.3997 0.4061 0.4116 0.4163 0.4195 0.4163 0.3967
0.4065 0.4202 0.4163 0.4088 0.4000 0.3901 0.3790 0.3665 0.3522 0.3356 0.3162 0.2926 0.2620 0.2272 0.1953 0.1793 0.1774 0.1850 0.1982 0.2133 0.2306 0.2499 0.2714 0.2947 0.3195 0.3450 0.3695 0.3909 0.4066 0.4156 0.4195 0.4201 0.4188 0.4162 0.4126 0.4081 0.4026 0.3962 0.3886 0.3796 0.3689 0.3562 0.3411 0.3232 0.3016 0.2736 0.2403 0.2056 0.1832 0.1770 0.1772 0.1770 0.1832 0.2056 0.2403 0.2736 0.3016 0.3232 0.3411 0.3562 0.3689 0.3796 0.3886 0.3962 0.4026 0.4081 0.4126 0.4162 0.4188 0.4201 0.4195 0.4156 0.4066 0.3909 0.3695 0.3450 0.3195 0.2947 0.2714 0.2499 0.2306 0.2133 0.1982 0.1850 0.1774 0.1793 0.1953 0.2272 0.2620 0.2926 0.3162 0.3356 0.3522 0.3665 0.3790 0.3901 0.4000 0.4088 0.4163 0.4202 0.4065
0.4130 0.4203 0.4116 0.4000 0.3859 0.3695 0.3505 0.3289 0.3043 0.2744 0.2376 0.2013 0.1808 0.1769 0.1828 0.1957 0.2106 0.2275 0.2465 0.2676 0.2906 0.3152 0.3406 0.3655 0.3876 0.4044 0.4145 0.4191 0.4202 0.4191 0.4167 0.4133 0.4089 0.4036 0.3974 0.3900 0.3812 0.3708 0.3585 0.3439 0.3265 0.3056 0.2789 0.2463 0.2110 0.1857 0.1773 0.1796 0.1910 0.2050 0.2135 0.2050 0.1910 0.1796 0.1773 0.1857 0.2110 0.2463 0.2789 0.3056 0.3265 0.3439 0.3585 0.3708 0.3812 0.3900 0.3974 0.4036 0.4089 0.4133 0.4167 0.4191 0.4202 0.4191 0.4145 0.4044 0.3876 0.3655 0.3406 0.3152 0.2906 0.2676 0.2465 0.2275 0.2106 0.1957 0.1828 0.1769 0.1808 0.2013 0.2376 0.2744 0.3043 0.3289 0.3505 0.3695 0.3859 0.4000 0.4116 0.4203 0.4130
0.4175 0.4185 0.4061 0.3901 0.3695 0.3441 0.3137 0.2774 0.2306 0.1894 0.1751 0.1790 0.1917 0.2068 0.2238 0.2427 0.2636 0.2865 0.3109 0.3363 0.3614 0.3842 0.4020 0.4132 0.4186 0.4202 0.4194 0.4172 0.4139 0.4097 0.4046 0.3985 0.3913 0.3828 0.3727 0.3607 0.3466 0.3297 0.3095 0.2840 0.2521 0.2168 0.1888 0.1778 0.1786 0.1885 0.2023 0.2181 0.2362 0.2561 0.2678 0.2561 0.2362 0.2181 0.2023 0.1885 0.1786 0.1778 0.1888 0.2168 0.2521 0.2840 0.3095 0.3297 0.3466 0.3607 0.3727 0.3828 0.3913 0.3985 0.4046 0.4097 0.4139 0.4172 0.4194 0.4202 0.4186 0.4132 0.4020 0.3842 0.3614 0.3363 0.3109 0.2865 0.2636 0.2427 0.2238 0.2068 0.1917 0.1790 0.1751 0.1894 0.2306 0.2774 0.3137 0.3441 0.3695 0.3901 0.4061 0.4185 0.4175
0.4202 0.4155 0.3997 0.3790 0.3505 0.3137 0.2670 0.2054 0.1730 0.1783 0.1950 0.2136 0.2341 0.2563 0.2801 0.3052 0.3311 0.3568 0.3804 0.3994 0.4117 0.4180 0.4201 0.4197 0.4177 0.4146 0.4105 0.4055 0.3996 0.3927 0.3844 0.3746 0.3629 0.3491 0.3328 0.3132 0.2889 0.2579 0.2229 0.1925 0.1785 0.1778 0.1864 0.1998 0.2153 0.2327 0.2523 0.2740 0.2979 0.3227 0.3366 0.3227 0.2979 0.2740 0.2523 0.2327 0.2153 0.1998 0.1864 0.1778 0.1785 0.1925 0.2229 0.2579 0.2889 0.3132 0.3328 0.3491 0.3629 0.3746 0.3844 0.3927 0.3996 0.4055 0.4105 0.4146 0.4177 0.4197 0.4201 0.4180 0.4117 0.3994 0.3804 0.3568 0.3311 0.3052 0.2801 0.2563 0.2341 0.2136 0.1950 0.1783 0.1730 0.2054 0.2670 0.3137 0.3505 0.3790 0.3997 0.4155 0.4202
0.4216 0.4115 0.3925 0.3665 0.3289 0.2774 0.2054 0.1706 0.1853 0.2073 0.2323 0.2595 0.2884 0.3179 0.3469 0.3735 0.3951 0.4096 0.4171 0.4199 0.4199 0.4181 0.4152 0.4113 0.4065 0.4007 0.3939 0.3859 0.3764 0.3651 0.3517 0.3358 0.3168 0.2936 0.2635 0.2290 0.1966 0.1797 0.1773 0.1843 0.1974 0.2125 0.2296 0.2488 0.2702 0.2934 0.3182 0.3436 0.3686 0.3901 0.3994 0.3901 0.3686 0.3436 0.3182 0.2934 0.2702 0.2488 0.2296 0.2125 0.1974 0.1843 0.1773 0.1797 0.1966 0.2290 0.2635 0.2936 0.3168 0.3358 0.3517 0.3651 0.3764 0.3859 0.3939 0.4007 0.4065 0.4113 0.4152 0.4181 0.4199 0.4199 0.4171 0.4096 0.3951 0.3735 0.3469 0.3179 0.2884 0.2595 0.2323 0.2073 0.1853 0.1706 0.2054 0.2774 0.3289 0.3665 0.3925 0.4115 0.4216
0.4224 0.4063 0.3840 0.3522 0.3043 0.2306 0.1730 0.1853 0.2118 0.2427 0.2771 0.3132 0.3487 0.3798 0.4024 0.4146 0.4194 0.4201 0.4186 0.4158 0.4121 0.4074 0.4018 0.3952 0.3874 0.3781 0.3671 0.3541 0.3387 0.3203 0.2980 0.2690 0.2351 0.2012 0.1813 0.1770 0.1824 0.1950 0.2098 0.2265 0.2454 0.2664 0.2893 0.3139 0.3393 0.3642 0.3866 0.4037 0.4142 0.4189 0.4193 0.4189 0.4142 0.4037 0.3866 0.3642 0.3393 0.3139 0.2893 0.2664 0.2454 0.2265 0.2098 0.1950 0.1824 0.1770 0.1813 0.2012 0.2351 0.2690 0.2980 0.3203 0.3387 0.3541 0.3671 0.3781 0.3874 0.3952 0.4018 0.4074 0.4121 0.4158 0.4186 0.4201 0.4194 0.4146 0.4024 0.3798 0.3487 0.3132 0.2771 0.2427 0.2118 0.1853 0.1730 0.2306 0.3043 0.3522 0.3840 0.4063 0.4224
0.4224 0.4000 0.3740 0.3356 0.2744 0.1894 0.1783 0.2073 0.2427 0.2833 0.3263 0.3671 0.3984 0.4146 0.4197 0.4196 0.4172 0.4135 0.4088 0.4032 0.3967 0.3890 0.3799 0.3692 0.3565 0.3415 0.3237 0.3022 0.2744 0.2412 0.2063 0.1835 0.1770 0.1808 0.1927 0.2071 0.2235 0.2420 0.2627 0.2853 0.3096 0.3349 0.3601 0.3830 0.4012 0.4128 0.4184 0.4201 0.4195 0.4172 0.4147 0.4172 0.4195 0.4201 0.4184 0.4128 0.4012 0.3830 0.3601 0.3349 0.3096 0.2853 0.2627 0.2420 0.2235 0.2071 0.1927 0.1808 0.1770 0.1835 0.2063 0.2412 0.2744 0.3022 0.3237 0.3415 0.3565 0.3692 0.3799 0.3890 0.3967 0.4032 0.4088 0.4135 0.4172 0.4196 0.4197 0.4146 0.3984 0.3671 0.3263 0.2833 0.2427 0.2073 0.1783 0.1894 0.2744 0.3356 0.3740 0.4000 0.4224
0.4216 0.3922 0.3623 0.3162 0.2376 0.1751 0.1950 0.2323 0.2771 0.3263 0.3730 0.4055 0.4182 0.4199 0.4172 0.4126 0.4068 0.4000 0.3921 0.3829 0.3722 0.3596 0.3447 0.3272 0.3063 0.2798 0.2472 0.2118 0.1861 0.1773 0.1795 0.1904 0.2045 0.2206 0.2387 0.2590 0.2813 0.3053 0.3306 0.3558 0.3794 0.3986 0.4113 0.4178 0.4200 0.4197 0.4178 0.4148 0.4108 0.4055 0.4010 0.4055 0.4108 0.4148 0.4178 0.4197 0.4200 0.4178 0.4113 0.3986 0.3794 0.3558 0.3306 0.3053 0.2813 0.2590 0.2387 0.2206 0.2045 0.1904 0.1795 0.1773 0.1861 0.2118 0.2472 0.2798 0.3063 0.3272 0.3447 0.3596 0.3722 0.3829 0.3921 0.4000 0.4068 0.4126 0.4172 0.4199 0.4182 0.4055 0.3730 0.3263 0.2771 0.2323 0.1950 0.1751 0.2376 0.3162 0.3623 0.3922 0.4216
0.4199 0.3830 0.3483 0.2926 0.2014 0.1790 0.2136 0.2595 0.3132 0.3671 0.4055 0.4190 0.4193 0.4150 0.4085 0.4006 0.3911 0.3799 0.3668 0.3515 0.3337 0.3129 0.2873 0.2548 0.2186 0.1895 0.1778 0.1784 0.1882 0.2020 0.2177 0.2355 0.2554 0.2773 0.3011 0.3262 0.3516 0.3756 0.3957 0.4096 0.4170 0.4199 0.4199 0.4182 0.4154 0.4115 0.4067 0.4011 0.3943 0.3858 0.3785 0.3858 0.3943 0.4011 0.4067 0.4115 0.4154 0.4182 0.4199 0.4199 0.4170 0.4096 0.3957 0.3756 0.3516 0.3262 0.3011 0.2773 0.2554 0.2355 0.2177 0.2020 0.1882 0.1784 0.1778 0.1895 0.2186 0.2548 0.2873 0.3129 0.3337 0.3515 0.3668 0.3799 0.3911 0.4006 0.4085 0.4150 0.4193 0.4190 0.4055 0.3671 0.3132 0.2595 0.2136 0.1790 0.2013 0.2926 0.3484 0.3830 0.4199
0.4173 0.3721 0.3319 0.2621 0.1808 0.1917 0.2341 0.2883 0.3487 0.3984 0.4182 0.4193 0.4142 0.4063 0.3962 0.3838 0.3687 0.3506 0.3291 0.3039 0.2724 0.2336 0.1969 0.1786 0.1771 0.1855 0.1991 0.2146 0.2322 0.2519 0.2735 0.2970 0.3219 0.3473 0.3717 0.3927 0.4077 0.4161 0.4196 0.4200 0.4186 0.4159 0.4122 0.4076 0.4021 0.3956 0.3878 0.3787 0.3678 0.3540 0.3422 0.3540 0.3678 0.3787 0.3878 0.3956 0.4021 0.4076 0.4122 0.4159 0.4186 0.4200 0.4196 0.4161 0.4077 0.3927 0.3717 0.3473 0.3219 0.2970 0.2735 0.2519 0.2322 0.2146 0.1991 0.1855 0.1771 0.1786 0.1969 0.2336 0.2724 0.3039 0.3291 0.3506 0.3687 0.3838 0.3962 0.4063 0.4142 0.4193 0.4182 0.3984 0.3487 0.2884 0.2341 0.1917 0.1808 0.2620 0.3319 0.3721 0.4173
0.4139 0.3594 0.3121 0.2272 0.1769 0.2068 0.2562 0.3179 0.3798 0.4146 0.4199 0.4150 0.4063 0.3947 0.3798 0.3610 0.3376 0.3092 0.2738 0.2272 0.1877 0.1749 0.1799 0.1937 0.2096 0.2274 0.2471 0.2689 0.2924 0.3173 0.3429 0.3677 0.3895 0.4056 0.4151 0.4193 0.4201 0.4189 0.4165 0.4129 0.4085 0.4031 0.3967 0.3892 0.3803 0.3698 0.3572 0.3424 0.3247 0.3021 0.2819 0.3021 0.3247 0.3424 0.3572 0.3698 0.3803 0.3892 0.3967 0.4031 0.4085 0.4129 0.4165 0.4189 0.4201 0.4193 0.4151 0.4056 0.3895 0.3677 0.3429 0.3173 0.2924 0.2689 0.2471 0.2274 0.2096 0.1937 0.1799 0.1749 0.1877 0.2272 0.2738 0.3092 0.3376 0.3610 0.3798 0.3947 0.4063 0.4150 0.4199 0.4146 0.3798 0.3179 0.2563 0.2068 0.1769 0.2272 0.3121 0.3594 0.4139
0.4096 0.3448 0.2874 0.1953 0.1828 0.2238 0.2801 0.3469 0.4024 0.4197 0.4172 0.4085 0.3962 0.3798 0.3582 0.3306 0.2956 0.2483 0.1945 0.1728 0.1805 0.1970 0.2158 0.2368 0.2597 0.2842 0.3102 0.3367 0.3625 0.3855 0.4031 0.4139 0.4189 0.4202 0.4193 0.4170 0.4136 0.4093 0.4041 0.3979 0.3906 0.3820 0.3717 0.3595 0.3451 0.3280 0.3074 0.2813 0.2489 0.2133 0.1919 0.2133 0.2489 0.2813 0.3074 0.3280 0.3451 0.3595 0.3717 0.3820 0.3906 0.3979 0.4041 0.4093 0.4136 0.4170 0.4193 0.4202 0.4189 0.4139 0.4031 0.3855 0.3625 0.3367 0.3102 0.2842 0.2597 0.2368 0.2158 0.1970 0.1805 0.1728 0.1945 0.2483 0.2956 0.3306 0.3582 0.3798 0.3962 0.4085 0.4172 0.4197 0.4024 0.3469 0.2801 0.2238 0.1828 0.1953 0.2874 0.3448 0.4096
0.4045 0.3277 0.2561 0.1793 0.1957 0.2427 0.3052 0.3735 0.4146 0.4196 0.4126 0.4006 0.3838 0.3610 0.3306 0.2908 0.2337 0.1808 0.1738 0.1915 0.2128 0.2370 0.2638 0.2925 0.3220 0.3512 0.3777 0.3986 0.4118 0.4181 0.4201 0.4195 0.4174 0.4142 0.4101 0.4050 0.3990 0.3920 0.3836 0.3736 0.3618 0.3477 0.3311 0.3112 0.2863 0.2548 0.2196 0.1904 0.1782 0.1782 0.1820 0.1782 0.1782 0.1904 0.2196 0.2548 0.2863 0.3112 0.3311 0.3477 0.3618 0.3736 0.3836 0.3920 0.3990 0.4050 0.4101 0.4142 0.4174 0.4195 0.4201 0.4181 0.4118 0.3986 0.3777 0.3512 0.3220 0.2925 0.2638 0.2370 0.2128 0.1915 0.1738 0.1808 0.2337 0.2908 0.3306 0.3610 0.3838 0.4006 0.4126 0.4196 0.4146 0.3735 0.3052 0.2427 0.1957 0.1793 0.2561 0.3277 0.4045
0.3984 0.3071 0.2209 0.1774 0.2106 0.2636 0.3311 0.3951 0.4194 0.4172 0.4068 0.3911 0.3687 0.3376 0.2956 0.2337 0.1774 0.1773 0.1988 0.2245 0.2542 0.2869 0.3213 0.3549 0.3843 0.4050 0.4158 0.4197 0.4199 0.4181 0.4150 0.4110 0.4061 0.4002 0.3933 0.3851 0.3754 0.3639 0.3503 0.3342 0.3149 0.2911 0.2605 0.2257 0.1943 0.1790 0.1775 0.1854 0.1989 0.2141 0.2232 0.2141 0.1989 0.1854 0.1775 0.1790 0.1943 0.2257 0.2605 0.2911 0.3149 0.3342 0.3503 0.3639 0.3754 0.3851 0.3933 0.4002 0.4061 0.4110 0.4150 0.4181 0.4199 0.4197 0.4158 0.4050 0.3843 0.3549 0.3213 0.2869 0.2542 0.2245 0.1988 0.1773 0.1774 0.2337 0.2956 0.3376 0.3687 0.3911 0.4068 0.4172 0.4194 0.3951 0.3311 0.2636 0.2106 0.1774 0.2209 0.3071 0.3984
0.3910 0.2810 0.1913 0.1850 0.2275 0.2865 0.3568 0.4096 0.4201 0.4135 0.4000 0.3799 0.3505 0.3092 0.2483 0.1808 0.1773 0.2013 0.2308 0.2652 0.3032 0.3425 0.3783 0.4040 0.4164 0.4200 0.4193 0.4166 0.4126 0.4077 0.4019 0.3950 0.3869 0.3774 0.3662 0.3529 0.3372 0.3185 0.2956 0.2660 0.2318 0.1987 0.1804 0.1771 0.1834 0.1963 0.2112 0.2282 0.2476 0.2686 0.2809 0.2686 0.2476 0.2282 0.2112 0.1963 0.1834 0.1771 0.1804 0.1987 0.2318 0.2660 0.2956 0.3185 0.3372 0.3529 0.3662 0.3774 0.3869 0.3950 0.4019 0.4077 0.4126 0.4166 0.4193 0.4200 0.4164 0.4040 0.3783 0.3425 0.3032 0.2652 0.2308 0.2013 0.1773 0.1808 0.2483 0.3092 0.3506 0.3799 0.4000 0.4135 0.4201 0.4096 0.3568 0.2865 0.2275 0.1850 0.1913 0.2810 0.3910
0.3820 0.2486 0.1783 0.1982 0.2465 0.3109 0.3804 0.4171 0.4186 0.4088 0.3921 0.3668 0.3292 0.2738 0.1946 0.1738 0.1988 0.2308 0.2689 0.3115 0.3550 0.3917 0.4128 0.4196 0.4194 0.4163 0.4115 0.4056 0.3986 0.3904 0.3809 0.3696 0.3563 0.3409 0.3226 0.3004 0.2719 0.2381 0.2036 0.1823 0.1770 0.1816 0.1940 0.2085 0.2251 0.2439 0.2647 0.2875 0.3123 0.3375 0.3512 0.3375 0.3123 0.2875 0.2647 0.2439 0.2251 0.2085 0.1940 0.1816 0.1770 0.1823 0.2036 0.2381 0.2719 0.3004 0.3226 0.3409 0.3563 0.3696 0.3809 0.3904 0.3986 0.4056 0.4115 0.4163 0.4194 0.4196 0.4128 0.3917 0.3550 0.3115 0.2689 0.2308 0.1988 0.1738 0.1945 0.2738 0.3291 0.3668 0.3921 0.4088 0.4186 0.4171 0.3804 0.3109 0.2465 0.1982 0.1783 0.2486 0.3820
0.3708 0.2130 0.1780 0.2133 0.2676 0.3363 0.3994 0.4199 0.4158 0.4032 0.3829 0.3515 0.3039 0.2274 0.1729 0.1915 0.2245 0.2652 0.3115 0.3591 0.3975 0.4162 0.4201 0.4178 0.4129 0.4063 0.3983 0.3886 0.3773 0.3639 0.3481 0.3296 0.3078 0.2805 0.2464 0.2101 0.1849 0.1770 0.1801 0.1916 0.2059 0.2222 0.2405 0.2610 0.2835 0.3076 0.3329 0.3581 0.3817 0.4001 0.4073 0.4001 0.3817 0.3581 0.3329 0.3076 0.2835 0.2610 0.2405 0.2222 0.2059 0.1916 0.1801 0.1770 0.1849 0.2101 0.2464 0.2805 0.3078 0.3296 0.3481 0.3639 0.3773 0.3886 0.3983 0.4063 0.4129 0.4178 0.4201 0.4162 0.3975 0.3591 0.3115 0.2652 0.2245 0.1915 0.1728 0.2272 0.3039 0.3515 0.3829 0.4032 0.4158 0.4199 0.3994 0.3363 0.2676 0.2133 0.1780 0.2130 0.3708
0.3561 0.1856 0.1871 0.2306 0.2906 0.3614 0.4117 0.4199 0.4121 0.3967 0.3722 0.3337 0.2725 0.1879 0.1804 0.2128 0.2542 0.3032 0.3550 0.3975 0.4170 0.4199 0.4164 0.4102 0.4019 0.3917 0.3790 0.3637 0.3454 0.3237 0.2977 0.2643 0.2247 0.1909 0.1771 0.1781 0.1886 0.2028 0.2189 0.2371 0.2572 0.2795 0.3034 0.3286 0.3539 0.3777 0.3973 0.4105 0.4175 0.4199 0.4194 0.4199 0.4175 0.4105 0.3973 0.3777 0.3539 0.3286 0.3034 0.2795 0.2572 0.2371 0.2189 0.2028 0.1886 0.1781 0.1771 0.1909 0.2247 0.2643 0.2977 0.3237 0.3454 0.3637 0.3790 0.3917 0.4019 0.4102 0.4164 0.4199 0.4170 0.3975 0.3550 0.3032 0.2542 0.2128 0.1805 0.1877 0.2724 0.3337 0.3722 0.3967 0.4121 0.4199 0.4117 0.3614 0.2906 0.2306 0.1871 0.1856 0.3561
0.3384 0.1753 0.2006 0.2499 0.3152 0.3842 0.4180 0.4181 0.4074 0.3890 0.3596 0.3129 0.2337 0.1749 0.1970 0.2370 0.2869 0.3425 0.3917 0.4162 0.4199 0.4160 0.4087 0.3991 0.3867 0.3711 0.3517 0.3279 0.2989 0.2611 0.2150 0.1825 0.1752 0.1827 0.1972 0.2135 0.2319 0.2523 0.2746 0.2987 0.3239 0.3495 0.3738 0.3943 0.4087 0.4166 0.4198 0.4200 0.4184 0.4154 0.4125 0.4154 0.4184 0.4200 0.4198 0.4166 0.4087 0.3943 0.3738 0.3495 0.3239 0.2987 0.2746 0.2523 0.2319 0.2135 0.1972 0.1827 0.1752 0.1825 0.2150 0.2611 0.2989 0.3279 0.3517 0.3711 0.3867 0.3991 0.4087 0.4160 0.4199 0.4162 0.3917 0.3425 0.2869 0.2370 0.1970 0.1749 0.2336 0.3129 0.3596 0.3890 0.4074 0.4181 0.4180 0.3842 0.3152 0.2499 0.2006 0.1753 0.3384
0.3201 0.1766 0.2161 0.2714 0.3406 0.4020 0.4201 0.4152 0.4018 0.3799 0.3448 0.2874 0.1969 0.1799 0.2158 0.2637 0.3213 0.3783 0.4128 0.4201 0.4164 0.4087 0.3981 0.3841 0.3659 0.3427 0.3135 0.2764 0.2251 0.1829 0.1738 0.1850 0.2018 0.2209 0.2420 0.2653 0.2904 0.3166 0.3433 0.3687 0.3907 0.4066 0.4156 0.4195 0.4201 0.4188 0.4162 0.4126 0.4080 0.4022 0.3972 0.4022 0.4080 0.4126 0.4162 0.4188 0.4201 0.4195 0.4156 0.4066 0.3907 0.3687 0.3433 0.3166 0.2904 0.2653 0.2420 0.2209 0.2018 0.1850 0.1738 0.1829 0.2251 0.2764 0.3135 0.3427 0.3659 0.3841 0.3981 0.4087 0.4164 0.4201 0.4128 0.3783 0.3213 0.2638 0.2158 0.1799 0.1969 0.2873 0.3447 0.3799 0.4018 0.4152 0.4201 0.4020 0.3406 0.2714 0.2161 0.1766 0.3201
0.3069 0.1868 0.2337 0.2947 0.3655 0.4132 0.4197 0.4113 0.3952 0.3692 0.3273 0.2549 0.1787 0.1937 0.2367 0.2924 0.3549 0.4040 0.4196 0.4178 0.4102 0.3991 0.3841 0.3641 0.3380 0.3042 0.2587 0.2000 0.1724 0.1809 0.1994 0.2208 0.2451 0.2718 0.3003 0.3295 0.3581 0.3835 0.4026 0.4139 0.4190 0.4202 0.4191 0.4167 0.4133 0.4089 0.4036 0.3973 0.3899 0.3805 0.3724 0.3805 0.3899 0.3973 0.4036 0.4089 0.4133 0.4167 0.4191 0.4202 0.4190 0.4139 0.4026 0.3835 0.3581 0.3295 0.3003 0.2718 0.2451 0.2208 0.1994 0.1809 0.1724 0.2000 0.2587 0.3042 0.3380 0.3641 0.3841 0.3991 0.4102 0.4178 0.4196 0.4040 0.3549 0.2925 0.2368 0.1937 0.1786 0.2548 0.3272 0.3692 0.3952 0.4113 0.4197 0.4132 0.3655 0.2947 0.2337 0.1868 0.3069
0.3014 0.2003 0.2535 0.3195 0.3876 0.4186 0.4177 0.4065 0.3874 0.3565 0.3065 0.2187 0.1771 0.2095 0.2596 0.3220 0.3843 0.4164 0.4194 0.4129 0.4019 0.3867 0.3659 0.3380 0.3009 0.2487 0.1880 0.1718 0.1892 0.2115 0.2377 0.2672 0.2994 0.3326 0.3644 0.3911 0.4087 0.4173 0.4200 0.4196 0.4174 0.4141 0.4098 0.4047 0.3985 0.3913 0.3827 0.3726 0.3606 0.3453 0.3324 0.3453 0.3606 0.3726 0.3827 0.3913 0.3985 0.4047 0.4098 0.4141 0.4174 0.4196 0.4200 0.4173 0.4087 0.3911 0.3644 0.3326 0.2994 0.2672 0.2377 0.2115 0.1892 0.1718 0.1880 0.2487 0.3009 0.3380 0.3659 0.3867 0.4019 0.4129 0.4194 0.4164 0.3843 0.3220 0.2597 0.2096 0.1771 0.2186 0.3063 0.3565 0.3874 0.4065 0.4177 0.4186 0.3876 0.3195 0.2535 0.2003 0.3014
0.3005 0.2158 0.2752 0.3450 0.4044 0.4202 0.4146 0.4007 0.3781 0.3416 0.2798 0.1895 0.1855 0.2273 0.2842 0.3512 0.4050 0.4200 0.4163 0.4063 0.3917 0.3711 0.3427 0.3042 0.2487 0.1847 0.1734 0.1944 0.2202 0.2507 0.2851 0.3221 0.3586 0.3897 0.4097 0.4182 0.4201 0.4187 0.4157 0.4115 0.4063 0.4003 0.3931 0.3847 0.3747 0.3629 0.3490 0.3326 0.3130 0.2870 0.2639 0.2870 0.3130 0.3326 0.3490 0.3629 0.3747 0.3847 0.3931 0.4003 0.4063 0.4115 0.4157 0.4187 0.4201 0.4182 0.4097 0.3897 0.3586 0.3221 0.2851 0.2507 0.2202 0.1944 0.1734 0.1847 0.2487 0.3042 0.3427 0.3711 0.3917 0.4063 0.4163 0.4200 0.4050 0.3512 0.2842 0.2274 0.1855 0.1895 0.2798 0.3415 0.3781 0.4007 0.4146 0.4202 0.4044 0.3450 0.2752 0.2158 0.3005
0.3026 0.2333 0.2989 0.3695 0.4145 0.4194 0.4105 0.3939 0.3671 0.3237 0.2472 0.1778 0.1991 0.2471 0.3102 0.3777 0.4158 0.4193 0.4115 0.3983 0.3790 0.3517 0.3135 0.2587 0.1880 0.1734 0.1963 0.2247 0.2588 0.2974 0.3384 0.3767 0.4044 0.4172 0.4201 0.4186 0.4149 0.4099 0.4038 0.3966 0.3881 0.3782 0.3664 0.3526 0.3364 0.3172 0.2937 0.2635 0.2286 0.1960 0.1812 0.1960 0.2286 0.2635 0.2937 0.3172 0.3364 0.3526 0.3664 0.3782 0.3881 0.3966 0.4038 0.4099 0.4149 0.4186 0.4201 0.4172 0.4044 0.3767 0.3384 0.2974 0.2588 0.2247 0.1963 0.1734 0.1880 0.2587 0.3135 0.3517 0.3790 0.3983 0.4115 0.4193 0.4158 0.3777 0.3102 0.2471 0.1991 0.1778 0.2472 0.3237 0.3671 0.3939 0.4105 0.4194 0.4145 0.3695 0.2989 0.2333 0.3026
0.3071 0.2529 0.3238 0.3909 0.4191 0.4172 0.4055 0.3859 0.3541 0.3022 0.2118 0.1784 0.2146 0.2689 0.3367 0.3986 0.4197 0.4166 0.4056 0.3887 0.3637 0.3279 0.2764 0.2000 0.1718 0.1944 0.2247 0.2615 0.3037 0.3480 0.3874 0.4115 0.4195 0.4194 0.4158 0.4104 0.4035 0.3952 0.3853 0.3736 0.3598 0.3435 0.3243 0.3014 0.2720 0.2370 0.2019 0.1813 0.1771 0.1825 0.1891 0.1825 0.1771 0.1813 0.2019 0.2370 0.2720 0.3014 0.3243 0.3435 0.3598 0.3736 0.3853 0.3952 0.4035 0.4104 0.4158 0.4194 0.4195 0.4115 0.3874 0.3480 0.3037 0.2615 0.2247 0.1944 0.1718 0.2000 0.2764 0.3279 0.3637 0.3886 0.4056 0.4166 0.4197 0.3986 0.3367 0.2689 0.2146 0.1784 0.2118 0.3022 0.3541 0.3859 0.4055 0.4172 0.4191 0.3909 0.3238 0.2529 0.3071
0.3137 0.2746 0.3493 0.4066 0.4202 0.4139 0.3996 0.3764 0.3387 0.2744 0.1861 0.1882 0.2322 0.2924 0.3625 0.4118 0.4199 0.4127 0.3986 0.3773 0.3454 0.2989 0.2251 0.1724 0.1892 0.2202 0.2588 0.3037 0.3512 0.3922 0.4145 0.4201 0.4181 0.4131 0.4061 0.3973 0.3865 0.3734 0.3576 0.3387 0.3163 0.2890 0.2536 0.2140 0.1853 0.1765 0.1800 0.1922 0.2071 0.2235 0.2334 0.2235 0.2071 0.1922 0.1800 0.1765 0.1853 0.2140 0.2536 0.2890 0.3163 0.3387 0.3576 0.3734 0.3865 0.3973 0.4061 0.4131 0.4181 0.4201 0.4145 0.3922 0.3512 0.3037 0.2588 0.2202 0.1892 0.1724 0.2251 0.2989 0.3454 0.3773 0.3986 0.4126 0.4199 0.4118 0.3625 0.2924 0.2322 0.1882 0.1861 0.2744 0.3387 0.3764 0.3996 0.4139 0.4202 0.4066 0.3493 0.2746 0.3137
0.3223 0.2981 0.3735 0.4156 0.4191 0.4097 0.3927 0.3651 0.3203 0.2412 0.1773 0.2020 0.2519 0.3173 0.3855 0.4181 0.4181 0.4077 0.3905 0.3639 0.3237 0.2611 0.1829 0.1809 0.2115 0.2507 0.2974 0.3480 0.3922 0.4154 0.4201 0.4172 0.4111 0.4027 0.3921 0.3787 0.3620 0.3416 0.3167 0.2859 0.2454 0.2019 0.1781 0.1764 0.1866 0.2014 0.2183 0.2371 0.2583 0.2809 0.2939 0.2809 0.2583 0.2371 0.2183 0.2014 0.1866 0.1764 0.1781 0.2019 0.2454 0.2859 0.3167 0.3416 0.3620 0.3787 0.3921 0.4027 0.4111 0.4172 0.4201 0.4154 0.3922 0.3480 0.2974 0.2507 0.2115 0.1809 0.1829 0.2611 0.3237 0.3639 0.3904 0.4077 0.4181 0.4181 0.3855 0.3173 0.2519 0.2020 0.1773 0.2412 0.3203 0.3651 0.3927 0.4097 0.4191 0.4156 0.3735 0.2981 0.3223
0.3325 0.3230 0.3941 0.4195 0.4167 0.4046 0.3844 0.3517 0.2980 0.2063 0.1795 0.2177 0.2735 0.3429 0.4031 0.4201 0.4150 0.4019 0.3809 0.3481 0.2977 0.2150 0.1738 0.1994 0.2377 0.2851 0.3384 0.3874 0.4145 0.4201 0.4168 0.4100 0.4005 0.3883 0.3725 0.3524 0.3272 0.2957 0.2533 0.2034 0.1760 0.1766 0.1905 0.2077 0.2271 0.2486 0.2722 0.2974 0.3241 0.3504 0.3641 0.3504 0.3241 0.2974 0.2722 0.2486 0.2271 0.2077 0.1905 0.1766 0.1760 0.2034 0.2533 0.2957 0.3272 0.3524 0.3725 0.3883 0.4005 0.4100 0.4168 0.4201 0.4145 0.3874 0.3384 0.2851 0.2377 0.1994 0.1738 0.2150 0.2977 0.3481 0.3809 0.4019 0.4150 0.4201 0.4031 0.3429 0.2735 0.2177 0.1795 0.2063 0.2980 0.3517 0.3844 0.4046 0.4167 0.4195 0.3941 0.3230 0.3325
0.3442 0.3483 0.4086 0.4201 0.4133 0.3985 0.3746 0.3358 0.2690 0.1835 0.1904 0.2355 0.2970 0.3677 0.4139 0.4195 0.4110 0.3950 0.3696 0.3296 0.2643 0.1825 0.1850 0.2208 0.2672 0.3221 0.3767 0.4115 0.4201 0.4172 0.4100 0.3998 0.3863 0.3685 0.3455 0.3159 0.2777 0.2234 0.1802 0.1741 0.1889 0.2080 0.2299 0.2544 0.2811 0.3094 0.3381 0.3657 0.3898 0.4064 0.4121 0.4064 0.3898 0.3657 0.3381 0.3094 0.2811 0.2544 0.2299 0.2080 0.1889 0.1741 0.1802 0.2234 0.2777 0.3159 0.3455 0.3685 0.3863 0.3998 0.4100 0.4172 0.4201 0.4115 0.3767 0.3221 0.2672 0.2208 0.1850 0.1825 0.2643 0.3296 0.3696 0.3950 0.4110 0.4195 0.4139 0.3677 0.2970 0.2355 0.1904 0.1835 0.2690 0.3358 0.3746 0.3985 0.4133 0.4201 0.4086 0.3483 0.3442
0.3568 0.3726 0.4165 0.4188 0.4089 0.3913 0.3629 0.3168 0.2351 0.1770 0.2045 0.2554 0.3219 0.3895 0.4189 0.4174 0.4061 0.3869 0.3563 0.3078 0.2247 0.1752 0.2018 0.2451 0.2994 0.3586 0.4044 0.4195 0.4181 0.4111 0.4005 0.3863 0.3671 0.3418 0.3087 0.2641 0.2032 0.1723 0.1813 0.2011 0.2244 0.2512 0.2810 0.3126 0.3447 0.3743 0.3978 0.4122 0.4186 0.4200 0.4190 0.4200 0.4186 0.4122 0.3978 0.3743 0.3447 0.3126 0.2810 0.2512 0.2244 0.2011 0.1813 0.1723 0.2032 0.2641 0.3087 0.3418 0.3671 0.3863 0.4005 0.4111 0.4181 0.4195 0.4044 0.3586 0.2994 0.2451 0.2018 0.1752 0.2247 0.3078 0.3563 0.3869 0.4061 0.4174 0.4189 0.3895 0.3219 0.2554 0.2045 0.1770 0.2351 0.3168 0.3629 0.3913 0.4089 0.4188 0.4165 0.3726 0.3568
0.3698 0.3933 0.4198 0.4162 0.4036 0.3828 0.3491 0.2936 0.2012 0.1808 0.2206 0.2773 0.3473 0.4056 0.4202 0.4142 0.4002 0.3774 0.3409 0.2805 0.1909 0.1827 0.2209 0.2718 0.3326 0.3897 0.4172 0.4194 0.4131 0.4027 0.3883 0.3685 0.3418 0.3062 0.2567 0.1930 0.1712 0.1879 0.2110 0.2383 0.2698 0.3044 0.3401 0.3736 0.3996 0.4141 0.4195 0.4199 0.4180 0.4143 0.4109 0.4143 0.4180 0.4199 0.4195 0.4141 0.3995 0.3736 0.3401 0.3043 0.2698 0.2383 0.2110 0.1879 0.1712 0.1930 0.2567 0.3062 0.3418 0.3685 0.3883 0.4027 0.4131 0.4194 0.4172 0.3897 0.3326 0.2718 0.2209 0.1827 0.1909 0.2805 0.3409 0.3774 0.4002 0.4142 0.4202 0.4056 0.3473 0.2773 0.2206 0.1808 0.2012 0.2936 0.3491 0.3828 0.4036 0.4162 0.4198 0.3933 0.3698
0.3825 0.4082 0.4200 0.4126 0.3974 0.3727 0.3328 0.2635 0.1813 0.1927 0.2387 0.3011 0.3717 0.4151 0.4193 0.4101 0.3933 0.3662 0.3225 0.2464 0.1772 0.1972 0.2420 0.3003 0.3644 0.4097 0.4201 0.4158 0.4061 0.3921 0.3725 0.3455 0.3087 0.2567 0.1900 0.1718 0.1921 0.2179 0.2489 0.2844 0.3231 0.3614 0.3935 0.4124 0.4193 0.4198 0.4173 0.4132 0.4080 0.4012 0.3954 0.4012 0.4080 0.4132 0.4173 0.4198 0.4193 0.4124 0.3935 0.3615 0.3230 0.2844 0.2488 0.2180 0.1921 0.1718 0.1900 0.2567 0.3087 0.3455 0.3725 0.3921 0.4061 0.4158 0.4201 0.4097 0.3644 0.3003 0.2420 0.1972 0.1771 0.2464 0.3226 0.3662 0.3933 0.4101 0.4193 0.4151 0.3717 0.3011 0.2387 0.1927 0.1813 0.2635 0.3328 0.3727 0.3974 0.4126 0.4200 0.4082 0.3825
0.3940 0.4165 0.4184 0.4081 0.3900 0.3607 0.3132 0.2290 0.1770 0.2071 0.2590 0.3262 0.3927 0.4193 0.4170 0.4050 0.3851 0.3529 0.3003 0.2102 0.1782 0.2135 0.2653 0.3295 0.3910 0.4182 0.4186 0.4104 0.3973 0.3787 0.3524 0.3159 0.2641 0.1930 0.1718 0.1935 0.2215 0.2554 0.2944 0.3363 0.3762 0.4050 0.4177 0.4201 0.4179 0.4135 0.4076 0.4003 0.3917 0.3808 0.3713 0.3808 0.3917 0.4003 0.4076 0.4135 0.4179 0.4201 0.4177 0.4050 0.3762 0.3363 0.2943 0.2553 0.2215 0.1935 0.1718 0.1930 0.2641 0.3159 0.3524 0.3787 0.3973 0.4104 0.4186 0.4182 0.3911 0.3295 0.2653 0.2135 0.1781 0.2101 0.3004 0.3529 0.3851 0.4050 0.4170 0.4193 0.3927 0.3262 0.2590 0.2071 0.1770 0.2290 0.3132 0.3607 0.3900 0.4081 0.4184 0.4165 0.3940
0.4036 0.4200 0.4157 0.4026 0.3812 0.3466 0.2889 0.1966 0.1824 0.2235 0.2813 0.3516 0.4077 0.4201 0.4136 0.3990 0.3754 0.3372 0.2719 0.1849 0.1886 0.2319 0.2903 0.3581 0.4087 0.4201 0.4149 0.4035 0.3865 0.3620 0.3272 0.2777 0.2032 0.1712 0.1921 0.2215 0.2576 0.2994 0.3442 0.3851 0.4108 0.4195 0.4193 0.4154 0.4094 0.4018 0.3925 0.3811 0.3673 0.3496 0.3343 0.3496 0.3673 0.3811 0.3925 0.4018 0.4094 0.4154 0.4193 0.4195 0.4109 0.3850 0.3442 0.2994 0.2575 0.2215 0.1921 0.1712 0.2032 0.2777 0.3272 0.3620 0.3865 0.4035 0.4149 0.4201 0.4087 0.3581 0.2904 0.2319 0.1886 0.1849 0.2719 0.3372 0.3754 0.3990 0.4136 0.4201 0.4077 0.3516 0.2813 0.2235 0.1824 0.1966 0.2889 0.3466 0.3812 0.4026 0.4157 0.4200 0.4036
0.4109 0.4206 0.4119 0.3962 0.3708 0.3297 0.2579 0.1797 0.1950 0.2420 0.3053 0.3756 0.4161 0.4189 0.4093 0.3920 0.3639 0.3185 0.2381 0.1770 0.2028 0.2522 0.3166 0.3833 0.4173 0.4188 0.4099 0.3952 0.3734 0.3416 0.2957 0.2234 0.1723 0.1879 0.2179 0.2554 0.2994 0.3468 0.3891 0.4135 0.4200 0.4183 0.4132 0.4059 0.3965 0.3849 0.3704 0.3525 0.3309 0.3028 0.2778 0.3028 0.3309 0.3525 0.3704 0.3849 0.3965 0.4058 0.4132 0.4183 0.4200 0.4135 0.3891 0.3468 0.2994 0.2553 0.2180 0.1879 0.1723 0.2234 0.2957 0.3416 0.3734 0.3952 0.4099 0.4187 0.4173 0.3835 0.3166 0.2523 0.2028 0.1770 0.2381 0.3185 0.3639 0.3920 0.4093 0.4189 0.4161 0.3756 0.3053 0.2420 0.1950 0.1797 0.2579 0.3297 0.3708 0.3962 0.4119 0.4206 0.4109
0.4161 0.4193 0.4072 0.3886 0.3585 0.3095 0.2229 0.1773 0.2098 0.2627 0.3306 0.3957 0.4196 0.4165 0.4041 0.3836 0.3503 0.2956 0.2036 0.1800 0.2189 0.2745 0.3430 0.4025 0.4200 0.4157 0.4038 0.3853 0.3576 0.3167 0.2533 0.1802 0.1813 0.2110 0.2489 0.2944 0.3442 0.3891 0.4142 0.4201 0.4176 0.4115 0.4031 0.3922 0.3782 0.3606 0.3385 0.3111 0.2763 0.2287 0.1956 0.2286 0.2762 0.3111 0.3385 0.3606 0.3782 0.3922 0.4031 0.4115 0.4176 0.4201 0.4142 0.3891 0.3442 0.2943 0.2488 0.2110 0.1813 0.1802 0.2533 0.3167 0.3576 0.3853 0.4038 0.4157 0.4200 0.4026 0.3433 0.2746 0.2189 0.1801 0.2036 0.2956 0.3503 0.3836 0.4041 0.4165 0.4196 0.3957 0.3306 0.2627 0.2098 0.1773 0.2229 0.3095 0.3585 0.3886 0.4072 0.4193 0.4161
0.4193 0.4167 0.4016 0.3796 0.3439 0.2840 0.1925 0.1843 0.2265 0.2853 0.3558 0.4096 0.4200 0.4129 0.3979 0.3736 0.3342 0.2661 0.1823 0.1916 0.2370 0.2985 0.3686 0.4138 0.4196 0.4115 0.3966 0.3736 0.3387 0.2859 0.2034 0.1741 0.2011 0.2383 0.2844 0.3363 0.3851 0.4135 0.4201 0.4173 0.4107 0.4013 0.3891 0.3731 0.3526 0.3264 0.2931 0.2472 0.1954 0.1733 0.1741 0.1733 0.1953 0.2470 0.2930 0.3263 0.3525 0.3731 0.3891 0.4013 0.4107 0.4173 0.4201 0.4135 0.3850 0.3363 0.2844 0.2383 0.2011 0.1741 0.2034 0.2859 0.3387 0.3736 0.3966 0.4115 0.4196 0.4139 0.3687 0.2987 0.2371 0.1916 0.1823 0.2660 0.3342 0.3736 0.3979 0.4129 0.4200 0.4096 0.3558 0.2853 0.2265 0.1843 0.1925 0.2840 0.3439 0.3796 0.4016 0.4167 0.4193
0.4212 0.4131 0.3950 0.3689 0.3265 0.2521 0.1785 0.1974 0.2454 0.3096 0.3794 0.4170 0.4186 0.4085 0.3906 0.3618 0.3149 0.2318 0.1770 0.2059 0.2572 0.3238 0.3906 0.4189 0.4174 0.4064 0.3881 0.3598 0.3163 0.2454 0.1760 0.1889 0.2244 0.2698 0.3230 0.3762 0.4109 0.4200 0.4176 0.4107 0.4007 0.3875 0.3699 0.3469 0.3171 0.2780 0.2217 0.1782 0.1753 0.1924 0.2031 0.1924 0.1753 0.1781 0.2215 0.2779 0.3170 0.3469 0.3699 0.3875 0.4007 0.4107 0.4176 0.4200 0.4109 0.3762 0.3230 0.2698 0.2244 0.1889 0.1760 0.2454 0.3163 0.3598 0.3881 0.4063 0.4174 0.4190 0.3907 0.3239 0.2572 0.2059 0.1770 0.2318 0.3149 0.3618 0.3906 0.4085 0.4186 0.4170 0.3794 0.3096 0.2454 0.1974 0.1785 0.2521 0.3265 0.3689 0.3950 0.4131 0.4212
0.4222 0.4084 0.3872 0.3562 0.3056 0.2168 0.1778 0.2125 0.2664 0.3349 0.3986 0.4199 0.4159 0.4031 0.3820 0.3477 0.2911 0.1987 0.1816 0.2222 0.2795 0.3495 0.4066 0.4202 0.4141 0.4003 0.3782 0.3435 0.2890 0.2019 0.1766 0.2080 0.2512 0.3043 0.3615 0.4050 0.4195 0.4183 0.4115 0.4013 0.3875 0.3688 0.3439 0.3112 0.2669 0.2048 0.1721 0.1818 0.2031 0.2278 0.2426 0.2278 0.2032 0.1819 0.1721 0.2047 0.2667 0.3111 0.3439 0.3688 0.3875 0.4013 0.4115 0.4183 0.4195 0.4050 0.3615 0.3043 0.2512 0.2080 0.1766 0.2019 0.2890 0.3435 0.3782 0.4003 0.4141 0.4202 0.4066 0.3495 0.2795 0.2222 0.1816 0.1987 0.2911 0.3477 0.3820 0.4031 0.4159 0.4199 0.3986 0.3349 0.2664 0.2125 0.1778 0.2168 0.3056 0.3562 0.3872 0.4084 0.4222
0.4225 0.4025 0.3779 0.3411 0.2789 0.1888 0.1864 0.2296 0.2893 0.3601 0.4113 0.4199 0.4122 0.3967 0.3717 0.3311 0.2605 0.1804 0.1940 0.2405 0.3034 0.3738 0.4156 0.4191 0.4098 0.3931 0.3664 0.3243 0.2536 0.1781 0.1905 0.2299 0.2810 0.3401 0.3935 0.4177 0.4193 0.4132 0.4031 0.3891 0.3699 0.3439 0.3091 0.2608 0.1959 0.1710 0.1874 0.2110 0.2400 0.2727 0.2916 0.2728 0.2401 0.2110 0.1874 0.1710 0.1958 0.2607 0.3091 0.3439 0.3699 0.3891 0.4031 0.4132 0.4193 0.4177 0.3935 0.3401 0.2810 0.2299 0.1905 0.1781 0.2536 0.3243 0.3664 0.3931 0.4098 0.4191 0.4156 0.3738 0.3034 0.2405 0.1940 0.1804 0.2605 0.3311 0.3717 0.3967 0.4122 0.4199 0.4113 0.3601 0.2893 0.2296 0.1864 0.1888 0.2789 0.3411 0.3779 0.4025 0.4225
0.4220 0.3953 0.3668 0.3232 0.2463 0.1778 0.1998 0.2488 0.3139 0.3830 0.4178 0.4182 0.4076 0.3892 0.3595 0.3112 0.2257 0.1771 0.2085 0.2610 0.3286 0.3943 0.4195 0.4167 0.4047 0.3847 0.3526 0.3014 0.2140 0.1764 0.2077 0.2544 0.3126 0.3736 0.4124 0.4201 0.4154 0.4058 0.3922 0.3731 0.3469 0.3111 0.2607 0.1932 0.1713 0.1909 0.2168 0.2481 0.2854 0.3250 0.3465 0.3251 0.2856 0.2482 0.2168 0.1909 0.1713 0.1932 0.2607 0.3111 0.3469 0.3731 0.3922 0.4058 0.4154 0.4201 0.4124 0.3736 0.3126 0.2544 0.2077 0.1764 0.2140 0.3014 0.3526 0.3847 0.4047 0.4167 0.4195 0.3943 0.3286 0.2610 0.2085 0.1771 0.2257 0.3112 0.3595 0.3892 0.4076 0.4182 0.4178 0.3830 0.3139 0.2488 0.1998 0.1778 0.2463 0.3232 0.3668 0.3953 0.4220
0.4206 0.3866 0.3538 0.3016 0.2110 0.1786 0.2153 0.2702 0.3393 0.4012 0.4200 0.4154 0.4021 0.3803 0.3451 0.2863 0.1943 0.1834 0.2251 0.2835 0.3539 0.4087 0.4201 0.4133 0.3985 0.3747 0.3364 0.2720 0.1853 0.1866 0.2271 0.2811 0.3447 0.3995 0.4193 0.4179 0.4094 0.3965 0.3782 0.3525 0.3170 0.2667 0.1958 0.1713 0.1920 0.2197 0.2535 0.2929 0.3365 0.3770 0.3945 0.3771 0.3367 0.2930 0.2536 0.2198 0.1920 0.1713 0.1958 0.2667 0.3170 0.3525 0.3782 0.3965 0.4094 0.4179 0.4193 0.3995 0.3447 0.2811 0.2271 0.1866 0.1853 0.2720 0.3364 0.3747 0.3985 0.4133 0.4201 0.4087 0.3539 0.2835 0.2251 0.1834 0.1943 0.2863 0.3451 0.3803 0.4021 0.4154 0.4200 0.4012 0.3393 0.2702 0.2153 0.1786 0.2110 0.3016 0.3538 0.3866 0.4206
0.4183 0.3763 0.3383 0.2736 0.1857 0.1885 0.2327 0.2934 0.3642 0.4128 0.4197 0.4115 0.3956 0.3698 0.3280 0.2548 0.1790 0.1963 0.2439 0.3076 0.3777 0.4166 0.4188 0.4089 0.3913 0.3629 0.3172 0.2370 0.1765 0.2014 0.2486 0.3094 0.3743 0.4141 0.4198 0.4135 0.4018 0.3849 0.3606 0.3263 0.2779 0.2047 0.1710 0.1909 0.2198 0.2553 0.2971 0.3421 0.3847 0.4108 0.4165 0.4109 0.3848 0.3422 0.2972 0.2554 0.2198 0.1909 0.1710 0.2047 0.2779 0.3263 0.3606 0.3849 0.4018 0.4135 0.4198 0.4141 0.3743 0.3094 0.2486 0.2014 0.1765 0.2370 0.3172 0.3629 0.3913 0.4089 0.4188 0.4166 0.3777 0.3076 0.2439 0.1963 0.1790 0.2548 0.3280 0.3698 0.3956 0.4115 0.4197 0.4128 0.3642 0.2934 0.2327 0.1885 0.1857 0.2736 0.3383 0.3763 0.4183
0.4152 0.3643 0.3198 0.2403 0.1773 0.2023 0.2523 0.3182 0.3866 0.4184 0.4178 0.4067 0.3878 0.3572 0.3074 0.2196 0.1775 0.2112 0.2647 0.3329 0.3973 0.4198 0.4162 0.4036 0.3827 0.3490 0.2937 0.2019 0.1800 0.2183 0.2722 0.3382 0.3978 0.4195 0.4173 0.4076 0.3925 0.3704 0.3385 0.2930 0.2215 0.1721 0.1874 0.2168 0.2536 0.2971 0.3443 0.3874 0.4133 0.4198 0.4185 0.4198 0.4133 0.3875 0.3444 0.2972 0.2536 0.2168 0.1874 0.1721 0.2215 0.2930 0.3385 0.3704 0.3925 0.4076 0.4173 0.4195 0.3978 0.3381 0.2722 0.2183 0.1800 0.2019 0.2937 0.3490 0.3827 0.4036 0.4162 0.4198 0.3973 0.3329 0.2647 0.2112 0.1775 0.2196 0.3074 0.3572 0.3878 0.4067 0.4178 0.4184 0.3866 0.3182 0.2523 0.2023 0.1773 0.2403 0.3198 0.3643 0.4152
0.4113 0.3505 0.2974 0.2056 0.1796 0.2181 0.2740 0.3436 0.4037 0.4201 0.4148 0.4011 0.3787 0.3424 0.2813 0.1904 0.1854 0.2282 0.2875 0.3581 0.4105 0.4200 0.4126 0.3973 0.3726 0.3326 0.2635 0.1813 0.1922 0.2371 0.2974 0.3657 0.4122 0.4199 0.4132 0.4003 0.3811 0.3525 0.3111 0.2470 0.1781 0.1819 0.2110 0.2482 0.2930 0.3422 0.3874 0.4136 0.4202 0.4174 0.4127 0.4174 0.4202 0.4136 0.3875 0.3422 0.2930 0.2482 0.2110 0.1819 0.1781 0.2470 0.3111 0.3525 0.3811 0.4003 0.4132 0.4199 0.4122 0.3657 0.2974 0.2371 0.1922 0.1813 0.2635 0.3326 0.3726 0.3973 0.4126 0.4200 0.4105 0.3581 0.2875 0.2282 0.1854 0.1904 0.2813 0.3424 0.3787 0.4011 0.4148 0.4201 0.4037 0.3436 0.2740 0.2181 0.1796 0.2056 0.2974 0.3505 0.4113
0.4066 0.3345 0.2682 0.1832 0.1910 0.2362 0.2979 0.3686 0.4142 0.4195 0.4108 0.3943 0.3678 0.3247 0.2489 0.1782 0.1989 0.2476 0.3123 0.3817 0.4175 0.4184 0.4080 0.3899 0.3606 0.3130 0.2286 0.1771 0.2071 0.2583 0.3241 0.3898 0.4186 0.4180 0.4080 0.3917 0.3673 0.3309 0.2762 0.1953 0.1753 0.2032 0.2401 0.2855 0.3367 0.3848 0.4133 0.4202 0.4175 0.4104 0.4032 0.4104 0.4175 0.4202 0.4133 0.3848 0.3367 0.2855 0.2401 0.2032 0.1753 0.1953 0.2762 0.3309 0.3673 0.3917 0.4080 0.4180 0.4186 0.3898 0.3241 0.2583 0.2071 0.1771 0.2286 0.3130 0.3606 0.3899 0.4080 0.4184 0.4175 0.3817 0.3123 0.2476 0.1989 0.1782 0.2489 0.3247 0.3678 0.3943 0.4108 0.4195 0.4142 0.3686 0.2979 0.2362 0.1910 0.1832 0.2682 0.3345 0.4066
0.4001 0.3135 0.2328 0.1770 0.2050 0.2561 0.3227 0.3901 0.4189 0.4172 0.4055 0.3858 0.3540 0.3021 0.2133 0.1782 0.2141 0.2686 0.3375 0.4001 0.4199 0.4154 0.4022 0.3805 0.3453 0.2870 0.1960 0.1825 0.2235 0.2809 0.3504 0.4064 0.4200 0.4143 0.4012 0.3808 0.3496 0.3028 0.2286 0.1733 0.1924 0.2278 0.2727 0.3251 0.3771 0.4109 0.4198 0.4174 0.4104 0.3995 0.3892 0.3994 0.4104 0.4174 0.4198 0.4109 0.3771 0.3251 0.2727 0.2278 0.1924 0.1733 0.2286 0.3028 0.3496 0.3808 0.4012 0.4143 0.4200 0.4064 0.3504 0.2809 0.2235 0.1825 0.1960 0.2870 0.3453 0.3805 0.4022 0.4154 0.4199 0.4001 0.3375 0.2686 0.2141 0.1782 0.2133 0.3021 0.3540 0.3858 0.4055 0.4172 0.4189 0.3901 0.3227 0.2561 0.2050 0.1770 0.2328 0.3135 0.4001
0.3940 0.2939 0.2068 0.1772 0.2136 0.2678 0.3366 0.3994 0.4193 0.4147 0.4010 0.3785 0.3422 0.2819 0.1919 0.1820 0.2232 0.2809 0.3512 0.4073 0.4194 0.4125 0.3972 0.3724 0.3324 0.2639 0.1812 0.1891 0.2334 0.2939 0.3641 0.4121 0.4190 0.4109 0.3954 0.3713 0.3343 0.2778 0.1957 0.1741 0.2031 0.2426 0.2917 0.3465 0.3945 0.4166 0.4185 0.4127 0.4032 0.3892 0.3765 0.3891 0.4032 0.4127 0.4185 0.4166 0.3945 0.3465 0.2917 0.2426 0.2031 0.1741 0.1957 0.2778 0.3343 0.3713 0.3954 0.4109 0.4190 0.4121 0.3641 0.2939 0.2334 0.1891 0.1812 0.2639 0.3324 0.3724 0.3972 0.4125 0.4194 0.4073 0.3512 0.2809 0.2232 0.1820 0.1919 0.2819 0.3422 0.3785 0.4010 0.4147 0.4193 0.3994 0.3366 0.2678 0.2135 0.1772 0.2069 0.2940 0.3941
0.4001 0.3135 0.2328 0.1770 0.2050 0.2561 0.3227 0.3901 0.4189 0.4172 0.4055 0.3858 0.3540 0.3021 0.2133 0.1782 0.2141 0.2686 0.3375 0.4001 0.4199 0.4154 0.4022 0.3805 0.3453 0.2870 0.1960 0.1825 0.2235 0.2809 0.3504 0.4064 0.4200 0.4143 0.4012 0.3808 0.3496 0.3028 0.2286 0.1733 0.1924 0.2278 0.2727 0.3251 0.3771 0.4109 0.4198 0.4174 0.4104 0.3994 0.3891 0.3994 0.4104 0.4174 0.4198 0.4109 0.3771 0.3251 0.2727 0.2278 0.1924 0.1733 0.2286 0.3028 0.3496 0.3808 0.4012 0.4143 0.4200 0.4064 0.3504 0.2809 0.2235 0.1825 0.1960 0.2870 0.3453 0.3805 0.4022 0.4154 0.4199 0.4001 0.3375 0.2686 0.2141 0.1782 0.2133 0.3021 0.3540 0.3858 0.4055 0.4172 0.4189 0.3901 0.3227 0.2561 0.2050 0.1770 0.2328 0.3135 0.4001
0.4066 0.3345 0.2682 0.1832 0.1910 0.2362 0.2979 0.3686 0.4142 0.4195 0.4108 0.3943 0.3678 0.3247 0.2489 0.1782 0.1989 0.2476 0.3123 0.3817 0.4175 0.4184 0.4080 0.3899 0.3606 0.3130 0.2286 0.1771 0.2071 0.2583 0.3241 0.3898 0.4186 0.4180 0.4080 0.3917 0.3673 0.3309 0.2762 0.1953 0.1753 0.2032 0.2401 0.2855 0.3367 0.3848 0.4133 0.4202 0.4175 0.4104 0.4032 0.4104 0.4175 0.4202 0.4133 0.3848 0.3367 0.2855 0.2401 0.2032 0.1753 0.1953 0.2762 0.3309 0.3673 0.3917 0.4080 0.4180 0.4186 0.3898 0.3241 0.2583 0.2071 0.1771 0.2286 0.3130 0.3606 0.3899 0.4080 0.4184 0.4175 0.3817 0.3123 0.2476 0.1989 0.1782 0.2489 0.3247 0.3678 0.3943 0.4108 0.4195 0.4142 0.3686 0.2979 0.2362 0.1910 0.1832 0.2682 0.3345 0.4066
0.4113 0.3505 0.2974 0.2056 0.1796 0.2181 0.2740 0.3436 0.4037 0.4201 0.4148 0.4011 0.3787 0.3424 0.2813 0.1904 0.1854 0.2282 0.2875 0.3581 0.4105 0.4200 0.4126 0.3973 0.3726 0.3326 0.2635 0.1813 0.1922 0.2371 0.2974 0.3657 0.4122 0.4199 0.4132 0.4003 0.3811 0.3525 0.3111 0.2470 0.1781 0.1819 0.2110 0.2482 0.2930 0.3422 0.3875 0.4136 0.4202 0.4174 0.4127 0.4174 0.4202 0.4136 0.3875 0.3422 0.2930 0.2482 0.2110 0.1819 0.1781 0.2470 0.3111 0.3525 0.3811 0.4003 0.4132 0.4199 0.4122 0.3657 0.2974 0.2371 0.1922 0.1813 0.2635 0.3326 0.3726 0.3973 0.4126 0.4200 0.4105 0.3581 0.2875 0.2282 0.1854 0.1904 0.2813 0.3424 0.3787 0.4011 0.4148 0.4201 0.4037 0.3436 0.2740 0.2181 0.1796 0.2056 0.2974 0.3505 0.4113
0.4152 0.3643 0.3198 0.2403 0.1773 0.2023 0.2523 0.3182 0.3866 0.4184 0.4178 0.4067 0.3878 0.3572 0.3074 0.2196 0.1775 0.2112 0.2647 0.3329 0.3973 0.4198 0.4162 0.4036 0.3827 0.3490 0.2937 0.2019 0.1800 0.2183 0.2722 0.3382 0.3978 0.4195 0.4173 0.4076 0.3925 0.3704 0.3385 0.2930 0.2215 0.1721 0.1874 0.2168 0.2536 0.2972 0.3444 0.3875 0.4133 0.4198 0.4185 0.4198 0.4133 0.3875 0.3444 0.2972 0.2536 0.2168 0.1874 0.1721 0.2215 0.2930 0.3385 0.3704 0.3925 0.4076 0.4173 0.4195 0.3978 0.3381 0.2722 0.2183 0.1800 0.2019 0.2937 0.3490 0.3827 0.4036 0.4162 0.4198 0.3973 0.3329 0.2647 0.2112 0.1775 0.2196 0.3074 0.3572 0.3878 0.4067 0.4178 0.4184 0.3866 0.3182 0.2523 0.2023 0.1773 0.2403 0.3198 0.3643 0.4152
0.4183 0.3763 0.3383 0.2736 0.1857 0.1885 0.2327 0.2934 0.3642 0.4128 0.4197 0.4115 0.3956 0.3698 0.3280 0.2548 0.1790 0.1963 0.2439 0.3076 0.3777 0.4166 0.4188 0.4089 0.3913 0.3629 0.3172 0.2370 0.1765 0.2014 0.2486 0.3094 0.3743 0.4141 0.4198 0.4135 0.4018 0.3849 0.3606 0.3263 0.2779 0.2047 0.1710 0.1909 0.2198 0.2554 0.2972 0.3422 0.3848 0.4109 0.4166 0.4109 0.3848 0.3422 0.2972 0.2554 0.2198 0.1909 0.1710 0.2047 0.2779 0.3263 0.3606 0.3849 0.4018 0.4135 0.4198 0.4141 0.3743 0.3094 0.2486 0.2014 0.1765 0.2370 0.3172 0.3629 0.3913 0.4089 0.4188 0.4166 0.3777 0.3076 0.2439 0.1963 0.1790 0.2548 0.3280 0.3698 0.3956 0.4115 0.4197 0.4128 0.3642 0.2934 0.2327 0.1885 0.1857 0.2736 0.3383 0.3763 0.4183
