-0.0103 0.0155 0.0152 0.0232 0.0382 0.0490 0.0437 -0.0017 -0.0577 -0.0850 -0.1053 -0.1211 -0.1338 -0.1436 -0.1504 -0.1537 -0.1527 -0.1464 -0.1342 -0.1168 -0.0961 -0.0756 -0.0578 -0.0440 -0.0342 -0.0285 -0.0237 -0.0187 -0.0139 -0.0094 -0.0056 -0.0025 0.0005 0.0038 0.0079 0.0131 0.0205 0.0328 0.0476 0.0479 0.0171 -0.0370 -0.0759 -0.0984 -0.1157 -0.1294 -0.1403 -0.1482 -0.1530 -0.1534 -0.1492 -0.1534 -0.1530 -0.1482 -0.1403 -0.1294 -0.1157 -0.0984 -0.0759 -0.0370 0.0171 0.0479 0.0476 0.0328 0.0205 0.0131 0.0079 0.0038 0.0005 -0.0025 -0.0056 -0.0094 -0.0139 -0.0187 -0.0237 -0.0285 -0.0342 -0.0440 -0.0578 -0.0756 -0.0961 -0.1168 -0.1342 -0.1464 -0.1527 -0.1537 -0.1504 -0.1436 -0.1338 -0.1211 -0.1053 -0.0850 -0.0577 -0.0017 0.0437 0.0490 0.0382 0.0232 0.0152 0.0155 -0.0103
0.0155 0.0553 0.0763 0.1070 0.0378 -0.0951 -0.1992 -0.3166 -0.3258 -0.3334 -0.3388 -0.3412 -0.3395 -0.3320 -0.3166 -0.2901 -0.2493 -0.1928 -0.1290 -0.0765 -0.0435 -0.0249 -0.0147 -0.0081 -0.0032 0.0012 0.0057 0.0107 0.0158 0.0208 0.0255 0.0301 0.0369 0.0472 0.0641 0.0941 0.1024 0.0629 -0.0556 -0.1665 -0.2689 -0.3226 -0.3308 -0.3371 -0.3407 -0.3407 -0.3356 -0.3234 -0.3009 -0.2647 -0.2386 -0.2647 -0.3009 -0.3234 -0.3356 -0.3407 -0.3407 -0.3371 -0.3308 -0.3226 -0.2689 -0.1665 -0.0556 0.0629 0.1024 0.0941 0.0641 0.0472 0.0369 0.0301 0.0255 0.0208 0.0158 0.0107 0.0057 0.0012 -0.0032 -0.0081 -0.0147 -0.0249 -0.0435 -0.0765 -0.1290 -0.1928 -0.2493 -0.2901 -0.3166 -0.3320 -0.3395 -0.3412 -0.3388 -0.3334 -0.3258 -0.3166 -0.1992 -0.0951 0.0378 0.1070 0.0763 0.0553 0.0155
0.0152 0.0763 0.0837 -0.1014 -0.2711 -0.3240 -0.3331 -0.3392 -0.3419 -0.3402 -0.3326 -0.3168 -0.2898 -0.2481 -0.1904 -0.1259 -0.0738 -0.0415 -0.0234 -0.0134 -0.0073 -0.0031 0.0003 0.0034 0.0066 0.0104 0.0152 0.0208 0.0273 0.0350 0.0447 0.0597 0.0911 0.1009 0.0777 -0.0336 -0.1505 -0.2446 -0.3232 -0.3314 -0.3377 -0.3414 -0.3413 -0.3361 -0.3237 -0.3013 -0.2655 -0.2134 -0.1484 -0.0894 -0.0645 -0.0894 -0.1484 -0.2134 -0.2655 -0.3013 -0.3237 -0.3361 -0.3413 -0.3414 -0.3377 -0.3314 -0.3232 -0.2446 -0.1505 -0.0336 0.0777 0.1009 0.0911 0.0597 0.0447 0.0350 0.0273 0.0208 0.0152 0.0104 0.0066 0.0034 0.0003 -0.0031 -0.0073 -0.0134 -0.0234 -0.0415 -0.0738 -0.1259 -0.1904 -0.2481 -0.2898 -0.3168 -0.3326 -0.3402 -0.3419 -0.3392 -0.3331 -0.3240 -0.2711 -0.1014 0.0837 0.0763 0.0152
0.0232 0.1070 -0.1014 -0.3175 -0.3319 -0.3403 -0.3424 -0.3373 -0.3234 -0.2983 -0.2585 -0.2024 -0.1371 -0.0814 -0.0458 -0.0258 -0.0147 -0.0082 -0.0037 -0.0002 0.0029 0.0060 0.0097 0.0143 0.0198 0.0261 0.0336 0.0428 0.0564 0.0864 0.0999 0.0909 -0.0125 -0.1364 -0.2260 -0.3216 -0.3301 -0.3368 -0.3410 -0.3416 -0.3374 -0.3264 -0.3060 -0.2727 -0.2234 -0.1606 -0.0996 -0.0568 -0.0316 -0.0178 -0.0129 -0.0178 -0.0316 -0.0568 -0.0996 -0.1606 -0.2234 -0.2727 -0.3060 -0.3264 -0.3374 -0.3416 -0.3410 -0.3368 -0.3301 -0.3216 -0.2260 -0.1364 -0.0125 0.0909 0.0999 0.0864 0.0564 0.0428 0.0336 0.0261 0.0198 0.0143 0.0097 0.0060 0.0029 -0.0002 -0.0037 -0.0082 -0.0147 -0.0258 -0.0458 -0.0814 -0.1371 -0.2024 -0.2585 -0.2983 -0.3234 -0.3373 -0.3424 -0.3403 -0.3319 -0.3175 -0.1014 0.1070 0.0232
0.0382 0.0378 -0.2711 -0.3319 -0.3419 -0.3405 -0.3247 -0.2910 -0.2359 -0.1638 -0.0963 -0.0527 -0.0290 -0.0162 -0.0092 -0.0044 -0.0008 0.0024 0.0055 0.0089 0.0135 0.0188 0.0249 0.0322 0.0411 0.0535 0.0786 0.0985 0.0989 0.0084 -0.1188 -0.2087 -0.3200 -0.3288 -0.3358 -0.3405 -0.3418 -0.3386 -0.3289 -0.3103 -0.2795 -0.2330 -0.1718 -0.1090 -0.0626 -0.0352 -0.0199 -0.0114 -0.0059 -0.0018 0.0008 -0.0018 -0.0059 -0.0114 -0.0199 -0.0352 -0.0626 -0.1090 -0.1718 -0.2330 -0.2795 -0.3103 -0.3289 -0.3386 -0.3418 -0.3405 -0.3358 -0.3288 -0.3200 -0.2087 -0.1188 0.0084 0.0989 0.0985 0.0786 0.0535 0.0411 0.0322 0.0249 0.0188 0.0135 0.0089 0.0055 0.0024 -0.0008 -0.0044 -0.0092 -0.0162 -0.0290 -0.0527 -0.0963 -0.1638 -0.2359 -0.2910 -0.3247 -0.3405 -0.3419 -0.3319 -0.2711 0.0378 0.0382
0.0490 -0.0951 -0.3240 -0.3403 -0.3405 -0.3177 -0.2630 -0.1750 -0.0893 -0.0423 -0.0209 -0.0110 -0.0054 -0.0015 0.0018 0.0049 0.0083 0.0126 0.0178 0.0238 0.0309 0.0394 0.0509 0.0724 0.0968 0.1007 0.0285 -0.0957 -0.1926 -0.3090 -0.3274 -0.3348 -0.3399 -0.3419 -0.3395 -0.3311 -0.3143 -0.2858 -0.2421 -0.1829 -0.1189 -0.0691 -0.0388 -0.0219 -0.0126 -0.0068 -0.0026 0.0007 0.0038 0.0072 0.0102 0.0072 0.0038 0.0007 -0.0026 -0.0068 -0.0126 -0.0219 -0.0388 -0.0691 -0.1189 -0.1829 -0.2421 -0.2858 -0.3143 -0.3311 -0.3395 -0.3419 -0.3399 -0.3348 -0.3274 -0.3090 -0.1926 -0.0957 0.0285 0.1007 0.0968 0.0724 0.0509 0.0394 0.0309 0.0238 0.0178 0.0126 0.0083 0.0049 0.0018 -0.0015 -0.0054 -0.0110 -0.0209 -0.0423 -0.0893 -0.1750 -0.2630 -0.3177 -0.3405 -0.3403 -0.3240 -0.0951 0.0490
0.0437 -0.1992 -0.3331 -0.3424 -0.3247 -0.2630 -0.1522 -0.0612 -0.0241 -0.0101 -0.0039 0.0002 0.0036 0.0072 0.0115 0.0167 0.0226 0.0295 0.0377 0.0485 0.0671 0.0950 0.1014 0.0473 -0.0736 -0.1773 -0.2843 -0.3259 -0.3336 -0.3392 -0.3418 -0.3403 -0.3331 -0.3179 -0.2916 -0.2507 -0.1938 -0.1293 -0.0761 -0.0428 -0.0241 -0.0138 -0.0076 -0.0033 0.0002 0.0032 0.0064 0.0102 0.0149 0.0208 0.0258 0.0208 0.0149 0.0102 0.0064 0.0032 0.0002 -0.0033 -0.0076 -0.0138 -0.0241 -0.0428 -0.0761 -0.1293 -0.1938 -0.2507 -0.2916 -0.3179 -0.3331 -0.3403 -0.3418 -0.3392 -0.3336 -0.3259 -0.2843 -0.1773 -0.0736 0.0473 0.1014 0.0950 0.0671 0.0485 0.0377 0.0295 0.0226 0.0167 0.0115 0.0072 0.0036 0.0002 -0.0039 -0.0101 -0.0241 -0.0612 -0.1522 -0.2630 -0.3247 -0.3424 -0.3331 -0.1992 0.0437
-0.0017 -0.3166 -0.3392 -0.3373 -0.2910 -0.1750 -0.0612 -0.0198 -0.0066 -0.0008 0.0035 0.0081 0.0136 0.0199 0.0270 0.0352 0.0453 0.0610 0.0927 0.1016 0.0652 -0.0517 -0.1627 -0.2620 -0.3245 -0.3325 -0.3384 -0.3416 -0.3409 -0.3348 -0.3211 -0.2970 -0.2589 -0.2045 -0.1400 -0.0837 -0.0473 -0.0266 -0.0151 -0.0085 -0.0039 -0.0004 0.0027 0.0058 0.0094 0.0141 0.0194 0.0257 0.0331 0.0428 0.0518 0.0428 0.0331 0.0257 0.0194 0.0141 0.0094 0.0058 0.0027 -0.0004 -0.0039 -0.0085 -0.0151 -0.0266 -0.0473 -0.0837 -0.1400 -0.2045 -0.2589 -0.2970 -0.3211 -0.3348 -0.3409 -0.3416 -0.3384 -0.3325 -0.3245 -0.2620 -0.1627 -0.0517 0.0652 0.1016 0.0927 0.0610 0.0453 0.0352 0.0270 0.0199 0.0136 0.0081 0.0035 -0.0008 -0.0066 -0.0198 -0.0612 -0.1750 -0.2910 -0.3373 -0.3392 -0.3166 -0.0017
-0.0577 -0.3258 -0.3419 -0.3234 -0.2359 -0.0893 -0.0241 -0.0066 0.0002 0.0052 0.0117 0.0193 0.0281 0.0381 0.0506 0.0731 0.1010 0.0900 -0.0211 -0.1470 -0.2412 -0.3229 -0.3312 -0.3376 -0.3413 -0.3413 -0.3363 -0.3241 -0.3020 -0.2665 -0.2149 -0.1510 -0.0920 -0.0522 -0.0293 -0.0166 -0.0095 -0.0046 -0.0009 0.0022 0.0053 0.0087 0.0132 0.0185 0.0246 0.0318 0.0405 0.0527 0.0767 0.0960 0.0924 0.0960 0.0767 0.0527 0.0405 0.0318 0.0246 0.0185 0.0132 0.0087 0.0053 0.0022 -0.0009 -0.0046 -0.0095 -0.0166 -0.0293 -0.0522 -0.0920 -0.1510 -0.2149 -0.2665 -0.3020 -0.3241 -0.3363 -0.3413 -0.3413 -0.3376 -0.3312 -0.3229 -0.2412 -0.1470 -0.0211 0.0900 0.1010 0.0731 0.0506 0.0381 0.0281 0.0193 0.0117 0.0052 0.0002 -0.0066 -0.0241 -0.0893 -0.2359 -0.3234 -0.3419 -0.3258 -0.0577
-0.0850 -0.3334 -0.3402 -0.2983 -0.1638 -0.0423 -0.0101 -0.0008 0.0052 0.0130 0.0226 0.0339 0.0476 0.0690 0.1075 0.0585 -0.0860 -0.2096 -0.3199 -0.3292 -0.3364 -0.3408 -0.3417 -0.3376 -0.3268 -0.3066 -0.2737 -0.2247 -0.1622 -0.1009 -0.0576 -0.0323 -0.0183 -0.0105 -0.0053 -0.0015 0.0017 0.0048 0.0081 0.0124 0.0175 0.0235 0.0305 0.0389 0.0502 0.0707 0.0963 0.1011 0.0341 -0.0897 -0.1590 -0.0897 0.0341 0.1011 0.0963 0.0707 0.0502 0.0389 0.0305 0.0235 0.0175 0.0124 0.0081 0.0048 0.0017 -0.0015 -0.0053 -0.0105 -0.0183 -0.0323 -0.0576 -0.1009 -0.1622 -0.2247 -0.2737 -0.3066 -0.3268 -0.3376 -0.3417 -0.3408 -0.3364 -0.3292 -0.3199 -0.2096 -0.0860 0.0585 0.1075 0.0690 0.0476 0.0339 0.0226 0.0130 0.0052 -0.0008 -0.0101 -0.0423 -0.1638 -0.2983 -0.3402 -0.3334 -0.0850
-0.1053 -0.3388 -0.3326 -0.2585 -0.0963 -0.0209 -0.0039 0.0035 0.0117 0.0226 0.0360 0.0530 0.0885 0.0905 -0.0742 -0.2472 -0.3230 -0.3328 -0.3394 -0.3421 -0.3396 -0.3304 -0.3120 -0.2813 -0.2349 -0.1737 -0.1104 -0.0635 -0.0357 -0.0201 -0.0116 -0.0061 -0.0021 0.0012 0.0042 0.0075 0.0116 0.0166 0.0224 0.0292 0.0373 0.0479 0.0658 0.0944 0.1015 0.0529 -0.0668 -0.1726 -0.2778 -0.3256 -0.3302 -0.3256 -0.2778 -0.1726 -0.0668 0.0529 0.1015 0.0944 0.0658 0.0479 0.0373 0.0292 0.0224 0.0166 0.0116 0.0075 0.0042 0.0012 -0.0021 -0.0061 -0.0116 -0.0201 -0.0357 -0.0635 -0.1104 -0.1737 -0.2349 -0.2813 -0.3120 -0.3304 -0.3396 -0.3421 -0.3394 -0.3328 -0.3230 -0.2472 -0.0742 0.0905 0.0885 0.0530 0.0360 0.0226 0.0117 0.0035 -0.0039 -0.0209 -0.0963 -0.2585 -0.3326 -0.3388 -0.1053
-0.1211 -0.3412 -0.3168 -0.2025 -0.0527 -0.0110 0.0002 0.0081 0.0193 0.0339 0.0530 0.0980 0.0488 -0.1699 -0.3192 -0.3318 -0.3399 -0.3423 -0.3373 -0.3227 -0.2954 -0.2517 -0.1909 -0.1238 -0.0713 -0.0397 -0.0222 -0.0127 -0.0069 -0.0027 0.0006 0.0037 0.0069 0.0108 0.0157 0.0213 0.0279 0.0358 0.0458 0.0617 0.0923 0.1013 0.0695 -0.0452 -0.1582 -0.2555 -0.3240 -0.3321 -0.3382 -0.3416 -0.3421 -0.3416 -0.3382 -0.3321 -0.3240 -0.2555 -0.1582 -0.0452 0.0695 0.1013 0.0923 0.0617 0.0458 0.0358 0.0279 0.0213 0.0157 0.0108 0.0069 0.0037 0.0006 -0.0027 -0.0069 -0.0127 -0.0222 -0.0397 -0.0713 -0.1238 -0.1909 -0.2517 -0.2954 -0.3227 -0.3373 -0.3423 -0.3399 -0.3318 -0.3192 -0.1699 0.0488 0.0980 0.0530 0.0339 0.0193 0.0081 0.0002 -0.0110 -0.0527 -0.2024 -0.3168 -0.3412 -0.1211
-0.1338 -0.3395 -0.2898 -0.1372 -0.0290 -0.0054 0.0036 0.0136 0.0281 0.0476 0.0885 0.0488 -0.2102 -0.3232 -0.3362 -0.3424 -0.3392 -0.3232 -0.2895 -0.2337 -0.1594 -0.0909 -0.0484 -0.0260 -0.0144 -0.0079 -0.0034 0.0001 0.0031 0.0063 0.0101 0.0148 0.0203 0.0267 0.0343 0.0438 0.0582 0.0901 0.1005 0.0840 -0.0239 -0.1440 -0.2359 -0.3225 -0.3308 -0.3373 -0.3412 -0.3415 -0.3366 -0.3249 -0.3148 -0.3249 -0.3366 -0.3415 -0.3412 -0.3373 -0.3308 -0.3225 -0.2359 -0.1440 -0.0239 0.0840 0.1005 0.0901 0.0582 0.0438 0.0343 0.0267 0.0203 0.0148 0.0101 0.0063 0.0031 0.0001 -0.0034 -0.0079 -0.0144 -0.0260 -0.0484 -0.0909 -0.1594 -0.2337 -0.2895 -0.3232 -0.3392 -0.3424 -0.3362 -0.3232 -0.2102 0.0488 0.0885 0.0476 0.0281 0.0136 0.0036 -0.0054 -0.0290 -0.1371 -0.2898 -0.3395 -0.1338
-0.1436 -0.3320 -0.2481 -0.0814 -0.0162 -0.0015 0.0072 0.0199 0.0381 0.0690 0.0905 -0.1699 -0.3232 -0.3374 -0.3427 -0.3345 -0.3061 -0.2491 -0.1636 -0.0842 -0.0403 -0.0198 -0.0103 -0.0047 -0.0008 0.0024 0.0056 0.0092 0.0139 0.0193 0.0255 0.0329 0.0420 0.0551 0.0826 0.0993 0.0962 -0.0029 -0.1301 -0.2179 -0.3209 -0.3295 -0.3364 -0.3407 -0.3417 -0.3380 -0.3276 -0.3080 -0.2752 -0.2272 -0.1939 -0.2272 -0.2752 -0.3080 -0.3276 -0.3380 -0.3417 -0.3407 -0.3364 -0.3295 -0.3209 -0.2179 -0.1301 -0.0029 0.0962 0.0993 0.0826 0.0551 0.0420 0.0329 0.0255 0.0193 0.0139 0.0092 0.0056 0.0024 -0.0008 -0.0047 -0.0103 -0.0198 -0.0403 -0.0842 -0.1636 -0.2491 -0.3061 -0.3345 -0.3427 -0.3374 -0.3232 -0.1699 0.0905 0.0690 0.0381 0.0199 0.0072 -0.0015 -0.0162 -0.0814 -0.2481 -0.3320 -0.1436
-0.1504 -0.3166 -0.1904 -0.0458 -0.0092 0.0018 0.0115 0.0270 0.0506 0.1075 -0.0742 -0.3192 -0.3362 -0.3427 -0.3323 -0.2948 -0.2175 -0.1154 -0.0490 -0.0209 -0.0093 -0.0036 0.0006 0.0041 0.0077 0.0124 0.0178 0.0241 0.0313 0.0400 0.0520 0.0751 0.0978 0.0999 0.0177 -0.1081 -0.2012 -0.3193 -0.3281 -0.3353 -0.3402 -0.3419 -0.3390 -0.3299 -0.3122 -0.2824 -0.2372 -0.1769 -0.1126 -0.0650 -0.0469 -0.0650 -0.1126 -0.1769 -0.2372 -0.2824 -0.3122 -0.3299 -0.3390 -0.3419 -0.3402 -0.3353 -0.3281 -0.3193 -0.2012 -0.1081 0.0177 0.0999 0.0978 0.0751 0.0520 0.0400 0.0313 0.0241 0.0178 0.0124 0.0077 0.0041 0.0006 -0.0036 -0.0093 -0.0209 -0.0490 -0.1154 -0.2175 -0.2948 -0.3323 -0.3427 -0.3362 -0.3192 -0.0742 0.1075 0.0506 0.0270 0.0115 0.0018 -0.0092 -0.0458 -0.1904 -0.3166 -0.1504
-0.1537 -0.2901 -0.1259 -0.0258 -0.0044 0.0049 0.0167 0.0352 0.0731 0.0585 -0.2472 -0.3318 -0.3424 -0.3345 -0.2948 -0.2060 -0.0945 -0.0351 -0.0133 -0.0049 0.0002 0.0042 0.0087 0.0143 0.0208 0.0282 0.0368 0.0478 0.0660 0.0956 0.1019 0.0394 -0.0844 -0.1855 -0.2974 -0.3267 -0.3343 -0.3396 -0.3418 -0.3399 -0.3320 -0.3159 -0.2885 -0.2461 -0.1879 -0.1236 -0.0722 -0.0406 -0.0227 -0.0130 -0.0090 -0.0130 -0.0227 -0.0406 -0.0722 -0.1236 -0.1879 -0.2461 -0.2885 -0.3159 -0.3320 -0.3399 -0.3418 -0.3396 -0.3343 -0.3267 -0.2974 -0.1855 -0.0844 0.0394 0.1019 0.0956 0.0660 0.0478 0.0368 0.0282 0.0208 0.0143 0.0087 0.0042 0.0002 -0.0049 -0.0133 -0.0351 -0.0945 -0.2060 -0.2948 -0.3345 -0.3424 -0.3318 -0.2472 0.0585 0.0731 0.0352 0.0167 0.0049 -0.0044 -0.0258 -0.1259 -0.2901 -0.1537
-0.1527 -0.2493 -0.0738 -0.0147 -0.0008 0.0083 0.0226 0.0453 0.1010 -0.0860 -0.3230 -0.3399 -0.3392 -0.3061 -0.2175 -0.0945 -0.0314 -0.0105 -0.0028 0.0023 0.0071 0.0134 0.0209 0.0296 0.0398 0.0532 0.0806 0.1029 0.0731 -0.0489 -0.1673 -0.2711 -0.3251 -0.3330 -0.3388 -0.3417 -0.3406 -0.3339 -0.3194 -0.2941 -0.2545 -0.1988 -0.1342 -0.0795 -0.0448 -0.0252 -0.0144 -0.0080 -0.0035 0.0001 0.0025 0.0001 -0.0035 -0.0080 -0.0144 -0.0252 -0.0448 -0.0795 -0.1342 -0.1988 -0.2545 -0.2941 -0.3194 -0.3339 -0.3406 -0.3417 -0.3388 -0.3330 -0.3251 -0.2711 -0.1673 -0.0489 0.0731 0.1029 0.0806 0.0532 0.0398 0.0296 0.0209 0.0134 0.0071 0.0023 -0.0028 -0.0105 -0.0314 -0.0945 -0.2175 -0.3061 -0.3392 -0.3399 -0.3230 -0.0860 0.1010 0.0453 0.0226 0.0083 -0.0008 -0.0147 -0.0738 -0.2493 -0.1527
-0.1464 -0.1928 -0.0415 -0.0082 0.0024 0.0126 0.0295 0.0610 0.0900 -0.2096 -0.3328 -0.3423 -0.3232 -0.2492 -0.1154 -0.0351 -0.0105 -0.0022 0.0032 0.0092 0.0170 0.0264 0.0376 0.0518 0.0793 0.1095 0.0342 -0.1145 -0.2312 -0.3219 -0.3309 -0.3377 -0.3414 -0.3413 -0.3357 -0.3227 -0.2995 -0.2625 -0.2093 -0.1450 -0.0874 -0.0495 -0.0278 -0.0158 -0.0090 -0.0042 -0.0006 0.0025 0.0056 0.0094 0.0129 0.0094 0.0056 0.0025 -0.0006 -0.0042 -0.0090 -0.0158 -0.0278 -0.0495 -0.0874 -0.1450 -0.2093 -0.2625 -0.2995 -0.3227 -0.3357 -0.3413 -0.3414 -0.3377 -0.3309 -0.3219 -0.2312 -0.1145 0.0342 0.1095 0.0793 0.0518 0.0376 0.0264 0.0170 0.0092 0.0032 -0.0022 -0.0105 -0.0351 -0.1154 -0.2491 -0.3232 -0.3423 -0.3328 -0.2096 0.0900 0.0610 0.0295 0.0126 0.0024 -0.0082 -0.0415 -0.1928 -0.1464
-0.1342 -0.1290 -0.0234 -0.0037 0.0055 0.0178 0.0377 0.0927 -0.0211 -0.3199 -0.3394 -0.3373 -0.2896 -0.1638 -0.0490 -0.0133 -0.0028 0.0032 0.0100 0.0189 0.0300 0.0436 0.0635 0.1113 0.0504 -0.1209 -0.2757 -0.3252 -0.3344 -0.3403 -0.3420 -0.3382 -0.3272 -0.3061 -0.2716 -0.2208 -0.1571 -0.0963 -0.0546 -0.0306 -0.0174 -0.0099 -0.0049 -0.0012 0.0020 0.0050 0.0084 0.0128 0.0180 0.0245 0.0299 0.0245 0.0180 0.0128 0.0084 0.0050 0.0020 -0.0012 -0.0049 -0.0099 -0.0174 -0.0306 -0.0546 -0.0963 -0.1571 -0.2208 -0.2716 -0.3061 -0.3272 -0.3382 -0.3420 -0.3403 -0.3344 -0.3252 -0.2757 -0.1209 0.0504 0.1113 0.0635 0.0436 0.0300 0.0189 0.0100 0.0032 -0.0028 -0.0133 -0.0490 -0.1636 -0.2895 -0.3373 -0.3394 -0.3199 -0.0211 0.0927 0.0377 0.0178 0.0055 -0.0037 -0.0234 -0.1290 -0.1342
-0.1168 -0.0765 -0.0134 -0.0002 0.0089 0.0238 0.0485 0.1016 -0.1470 -0.3292 -0.3420 -0.3227 -0.2338 -0.0844 -0.0209 -0.0049 0.0023 0.0092 0.0189 0.0312 0.0468 0.0732 0.1130 -0.0438 -0.2556 -0.3237 -0.3345 -0.3410 -0.3418 -0.3350 -0.3181 -0.2876 -0.2397 -0.1755 -0.1094 -0.0619 -0.0343 -0.0192 -0.0110 -0.0056 -0.0018 0.0014 0.0045 0.0078 0.0120 0.0171 0.0230 0.0299 0.0382 0.0496 0.0616 0.0496 0.0382 0.0299 0.0230 0.0171 0.0120 0.0078 0.0045 0.0014 -0.0018 -0.0056 -0.0110 -0.0192 -0.0343 -0.0619 -0.1094 -0.1755 -0.2397 -0.2876 -0.3181 -0.3350 -0.3418 -0.3410 -0.3345 -0.3237 -0.2556 -0.0438 0.1130 0.0732 0.0468 0.0312 0.0189 0.0092 0.0023 -0.0049 -0.0209 -0.0842 -0.2337 -0.3227 -0.3421 -0.3292 -0.1470 0.1016 0.0485 0.0238 0.0089 -0.0002 -0.0134 -0.0765 -0.1168
-0.0961 -0.0435 -0.0073 0.0029 0.0135 0.0309 0.0671 0.0652 -0.2412 -0.3364 -0.3396 -0.2954 -0.1595 -0.0404 -0.0094 0.0002 0.0071 0.0170 0.0300 0.0468 0.0773 0.0950 -0.1041 -0.3158 -0.3301 -0.3396 -0.3424 -0.3357 -0.3158 -0.2779 -0.2176 -0.1425 -0.0794 -0.0421 -0.0226 -0.0126 -0.0066 -0.0025 0.0009 0.0040 0.0072 0.0112 0.0162 0.0219 0.0286 0.0366 0.0469 0.0638 0.0935 0.0962 0.0745 0.0962 0.0935 0.0638 0.0469 0.0366 0.0286 0.0219 0.0162 0.0112 0.0072 0.0040 0.0009 -0.0025 -0.0066 -0.0126 -0.0226 -0.0421 -0.0794 -0.1425 -0.2176 -0.2779 -0.3158 -0.3357 -0.3424 -0.3396 -0.3301 -0.3158 -0.1041 0.0950 0.0773 0.0468 0.0300 0.0170 0.0071 0.0002 -0.0093 -0.0403 -0.1594 -0.2954 -0.3396 -0.3364 -0.2412 0.0652 0.0671 0.0309 0.0135 0.0029 -0.0073 -0.0435 -0.0961
-0.0756 -0.0249 -0.0031 0.0060 0.0188 0.0394 0.0950 -0.0517 -0.3229 -0.3409 -0.3304 -0.2517 -0.0911 -0.0199 -0.0036 0.0042 0.0134 0.0264 0.0436 0.0732 0.0950 -0.1253 -0.3188 -0.3335 -0.3418 -0.3404 -0.3248 -0.2879 -0.2228 -0.1371 -0.0692 -0.0338 -0.0170 -0.0088 -0.0038 -0.0001 0.0032 0.0064 0.0103 0.0152 0.0208 0.0274 0.0351 0.0449 0.0600 0.0913 0.1010 0.0764 -0.0360 -0.1525 -0.2115 -0.1525 -0.0360 0.0764 0.1010 0.0913 0.0600 0.0449 0.0351 0.0274 0.0208 0.0152 0.0103 0.0064 0.0032 -0.0001 -0.0038 -0.0088 -0.0170 -0.0338 -0.0692 -0.1371 -0.2228 -0.2879 -0.3248 -0.3404 -0.3418 -0.3335 -0.3188 -0.1253 0.0950 0.0732 0.0436 0.0264 0.0134 0.0042 -0.0036 -0.0198 -0.0909 -0.2517 -0.3304 -0.3408 -0.3229 -0.0517 0.0950 0.0394 0.0188 0.0060 -0.0031 -0.0249 -0.0756
-0.0578 -0.0147 0.0003 0.0097 0.0249 0.0509 0.1014 -0.1627 -0.3312 -0.3417 -0.3121 -0.1911 -0.0485 -0.0103 0.0006 0.0087 0.0209 0.0376 0.0635 0.1130 -0.1041 -0.3188 -0.3345 -0.3424 -0.3378 -0.3136 -0.2590 -0.1694 -0.0821 -0.0360 -0.0162 -0.0075 -0.0024 0.0014 0.0049 0.0087 0.0136 0.0192 0.0257 0.0333 0.0427 0.0563 0.0861 0.1000 0.0900 -0.0143 -0.1376 -0.2275 -0.3219 -0.3303 -0.3343 -0.3303 -0.3219 -0.2275 -0.1376 -0.0143 0.0900 0.1000 0.0861 0.0563 0.0427 0.0333 0.0257 0.0192 0.0136 0.0087 0.0049 0.0014 -0.0024 -0.0075 -0.0162 -0.0360 -0.0821 -0.1694 -0.2590 -0.3136 -0.3378 -0.3424 -0.3345 -0.3188 -0.1041 0.1130 0.0635 0.0376 0.0209 0.0087 0.0006 -0.0103 -0.0484 -0.1909 -0.3120 -0.3417 -0.3312 -0.1627 0.1014 0.0509 0.0249 0.0097 0.0003 -0.0147 -0.0578
-0.0440 -0.0081 0.0034 0.0143 0.0322 0.0724 0.0473 -0.2620 -0.3376 -0.3377 -0.2814 -0.1241 -0.0261 -0.0048 0.0040 0.0143 0.0296 0.0518 0.1113 -0.0438 -0.3158 -0.3335 -0.3424 -0.3367 -0.3066 -0.2378 -0.1329 -0.0549 -0.0219 -0.0089 -0.0029 0.0015 0.0054 0.0101 0.0159 0.0225 0.0301 0.0392 0.0512 0.0738 0.0984 0.1001 0.0095 -0.1189 -0.2101 -0.3201 -0.3289 -0.3359 -0.3405 -0.3418 -0.3409 -0.3418 -0.3405 -0.3359 -0.3289 -0.3201 -0.2101 -0.1189 0.0095 0.1001 0.0984 0.0738 0.0512 0.0392 0.0301 0.0225 0.0159 0.0101 0.0054 0.0015 -0.0029 -0.0089 -0.0219 -0.0549 -0.1329 -0.2378 -0.3066 -0.3367 -0.3424 -0.3335 -0.3158 -0.0438 0.1113 0.0518 0.0296 0.0143 0.0041 -0.0047 -0.0260 -0.1238 -0.2813 -0.3376 -0.3376 -0.2620 0.0473 0.0724 0.0322 0.0143 0.0034 -0.0081 -0.0440
-0.0342 -0.0032 0.0066 0.0198 0.0411 0.0968 -0.0736 -0.3245 -0.3413 -0.3269 -0.2351 -0.0714 -0.0144 -0.0009 0.0077 0.0208 0.0398 0.0793 0.0504 -0.2556 -0.3301 -0.3418 -0.3378 -0.3066 -0.2301 -0.1159 -0.0430 -0.0157 -0.0056 -0.0001 0.0042 0.0094 0.0159 0.0235 0.0324 0.0430 0.0582 0.0939 0.1042 0.0467 -0.0824 -0.1900 -0.3074 -0.3273 -0.3348 -0.3399 -0.3419 -0.3394 -0.3307 -0.3138 -0.2999 -0.3138 -0.3307 -0.3394 -0.3419 -0.3399 -0.3348 -0.3273 -0.3074 -0.1900 -0.0824 0.0467 0.1042 0.0939 0.0582 0.0430 0.0324 0.0235 0.0159 0.0094 0.0042 -0.0001 -0.0056 -0.0157 -0.0430 -0.1159 -0.2301 -0.3066 -0.3378 -0.3418 -0.3301 -0.2556 0.0504 0.0793 0.0398 0.0208 0.0077 -0.0008 -0.0144 -0.0713 -0.2349 -0.3268 -0.3413 -0.3245 -0.0736 0.0968 0.0411 0.0198 0.0066 -0.0032 -0.0342
-0.0285 0.0012 0.0104 0.0261 0.0535 0.1007 -0.1773 -0.3325 -0.3413 -0.3067 -0.1738 -0.0397 -0.0079 0.0024 0.0124 0.0282 0.0532 0.1094 -0.1209 -0.3237 -0.3396 -0.3404 -0.3136 -0.2378 -0.1159 -0.0396 -0.0132 -0.0040 0.0015 0.0064 0.0131 0.0212 0.0308 0.0424 0.0588 0.0983 0.1074 -0.0053 -0.1552 -0.2623 -0.3244 -0.3329 -0.3389 -0.3418 -0.3404 -0.3331 -0.3177 -0.2913 -0.2493 -0.1922 -0.1560 -0.1922 -0.2493 -0.2913 -0.3177 -0.3331 -0.3404 -0.3418 -0.3389 -0.3329 -0.3244 -0.2623 -0.1552 -0.0053 0.1074 0.0983 0.0588 0.0424 0.0308 0.0212 0.0131 0.0064 0.0015 -0.0040 -0.0132 -0.0396 -0.1159 -0.2378 -0.3136 -0.3404 -0.3396 -0.3237 -0.1209 0.1095 0.0532 0.0282 0.0124 0.0024 -0.0079 -0.0397 -0.1737 -0.3066 -0.3413 -0.3325 -0.1773 0.1007 0.0535 0.0261 0.0104 0.0012 -0.0285
-0.0237 0.0057 0.0152 0.0336 0.0786 0.0285 -0.2843 -0.3384 -0.3363 -0.2737 -0.1103 -0.0222 -0.0034 0.0056 0.0178 0.0368 0.0804 0.0344 -0.2751 -0.3345 -0.3424 -0.3248 -0.2590 -0.1329 -0.0430 -0.0132 -0.0035 0.0023 0.0080 0.0157 0.0253 0.0370 0.0520 0.0827 0.1138 -0.0098 -0.1830 -0.3173 -0.3281 -0.3363 -0.3412 -0.3416 -0.3362 -0.3228 -0.2986 -0.2600 -0.2050 -0.1398 -0.0826 -0.0465 -0.0335 -0.0465 -0.0826 -0.1398 -0.2050 -0.2600 -0.2986 -0.3228 -0.3362 -0.3416 -0.3412 -0.3363 -0.3281 -0.3173 -0.1830 -0.0098 0.1138 0.0825 0.0520 0.0370 0.0253 0.0157 0.0080 0.0023 -0.0035 -0.0132 -0.0430 -0.1329 -0.2590 -0.3248 -0.3424 -0.3345 -0.2757 0.0342 0.0806 0.0368 0.0178 0.0056 -0.0034 -0.0222 -0.1104 -0.2737 -0.3363 -0.3384 -0.2843 0.0285 0.0786 0.0336 0.0152 0.0057 -0.0237
-0.0187 0.0107 0.0208 0.0428 0.0985 -0.0957 -0.3259 -0.3416 -0.3241 -0.2247 -0.0635 -0.0127 0.0001 0.0092 0.0240 0.0477 0.1030 -0.1139 -0.3252 -0.3410 -0.3357 -0.2879 -0.1694 -0.0549 -0.0157 -0.0040 0.0023 0.0085 0.0171 0.0279 0.0414 0.0607 0.1129 0.0479 -0.1401 -0.3159 -0.3283 -0.3373 -0.3419 -0.3406 -0.3313 -0.3112 -0.2766 -0.2242 -0.1577 -0.0950 -0.0530 -0.0295 -0.0165 -0.0093 -0.0058 -0.0093 -0.0165 -0.0295 -0.0530 -0.0950 -0.1577 -0.2242 -0.2766 -0.3112 -0.3313 -0.3406 -0.3419 -0.3373 -0.3283 -0.3159 -0.1397 0.0480 0.1127 0.0607 0.0414 0.0279 0.0171 0.0085 0.0023 -0.0040 -0.0157 -0.0549 -0.1694 -0.2879 -0.3357 -0.3410 -0.3252 -0.1145 0.1029 0.0478 0.0241 0.0092 0.0001 -0.0127 -0.0635 -0.2247 -0.3241 -0.3416 -0.3259 -0.0957 0.0985 0.0428 0.0208 0.0107 -0.0187
-0.0139 0.0158 0.0273 0.0564 0.0989 -0.1926 -0.3336 -0.3409 -0.3020 -0.1622 -0.0357 -0.0069 0.0031 0.0139 0.0313 0.0660 0.0733 -0.2311 -0.3344 -0.3418 -0.3158 -0.2228 -0.0821 -0.0219 -0.0056 0.0015 0.0080 0.0171 0.0288 0.0438 0.0673 0.1213 -0.0252 -0.2579 -0.3240 -0.3354 -0.3417 -0.3409 -0.3300 -0.3051 -0.2612 -0.1959 -0.1223 -0.0669 -0.0357 -0.0193 -0.0108 -0.0054 -0.0015 0.0019 0.0043 0.0019 -0.0015 -0.0054 -0.0108 -0.0193 -0.0357 -0.0669 -0.1223 -0.1959 -0.2612 -0.3051 -0.3300 -0.3409 -0.3417 -0.3354 -0.3240 -0.2573 -0.0252 0.1213 0.0673 0.0438 0.0288 0.0171 0.0080 0.0015 -0.0056 -0.0219 -0.0821 -0.2228 -0.3158 -0.3418 -0.3344 -0.2312 0.0731 0.0660 0.0313 0.0139 0.0031 -0.0069 -0.0357 -0.1622 -0.3020 -0.3409 -0.3336 -0.1926 0.0989 0.0564 0.0273 0.0158 -0.0139
-0.0094 0.0208 0.0350 0.0864 0.0084 -0.3090 -0.3392 -0.3348 -0.2665 -0.1009 -0.0201 -0.0027 0.0063 0.0193 0.0400 0.0956 -0.0489 -0.3219 -0.3403 -0.3350 -0.2779 -0.1371 -0.0360 -0.0089 -0.0001 0.0064 0.0157 0.0279 0.0438 0.0698 0.1116 -0.0714 -0.3139 -0.3291 -0.3394 -0.3424 -0.3346 -0.3107 -0.2638 -0.1903 -0.1091 -0.0547 -0.0273 -0.0141 -0.0072 -0.0027 0.0008 0.0040 0.0073 0.0118 0.0157 0.0118 0.0073 0.0040 0.0008 -0.0027 -0.0072 -0.0141 -0.0273 -0.0547 -0.1091 -0.1903 -0.2638 -0.3107 -0.3346 -0.3424 -0.3394 -0.3291 -0.3139 -0.0714 0.1116 0.0698 0.0438 0.0279 0.0157 0.0064 -0.0001 -0.0089 -0.0360 -0.1371 -0.2779 -0.3350 -0.3403 -0.3219 -0.0489 0.0956 0.0400 0.0193 0.0063 -0.0027 -0.0201 -0.1009 -0.2665 -0.3348 -0.3392 -0.3090 0.0084 0.0864 0.0350 0.0208 -0.0094
-0.0056 0.0255 0.0447 0.0999 -0.1188 -0.3274 -0.3418 -0.3211 -0.2149 -0.0576 -0.0116 0.0006 0.0101 0.0255 0.0520 0.1019 -0.1673 -0.3309 -0.3420 -0.3181 -0.2176 -0.0692 -0.0162 -0.0029 0.0042 0.0131 0.0253 0.0414 0.0673 0.1116 -0.0870 -0.3162 -0.3318 -0.3412 -0.3410 -0.3257 -0.2868 -0.2153 -0.1231 -0.0572 -0.0261 -0.0123 -0.0056 -0.0011 0.0024 0.0059 0.0100 0.0150 0.0209 0.0280 0.0341 0.0280 0.0209 0.0150 0.0100 0.0059 0.0024 -0.0011 -0.0056 -0.0123 -0.0261 -0.0572 -0.1231 -0.2153 -0.2868 -0.3257 -0.3410 -0.3412 -0.3318 -0.3162 -0.0870 0.1116 0.0673 0.0414 0.0253 0.0131 0.0042 -0.0029 -0.0162 -0.0692 -0.2176 -0.3181 -0.3420 -0.3309 -0.1673 0.1019 0.0520 0.0255 0.0101 0.0006 -0.0116 -0.0576 -0.2149 -0.3211 -0.3418 -0.3274 -0.1188 0.0999 0.0447 0.0255 -0.0056
-0.0025 0.0301 0.0597 0.0909 -0.2087 -0.3348 -0.3403 -0.2970 -0.1510 -0.0323 -0.0061 0.0037 0.0148 0.0329 0.0751 0.0394 -0.2711 -0.3377 -0.3382 -0.2876 -0.1425 -0.0338 -0.0075 0.0015 0.0094 0.0212 0.0370 0.0607 0.1213 -0.0714 -0.3162 -0.3327 -0.3419 -0.3393 -0.3173 -0.2641 -0.1722 -0.0804 -0.0334 -0.0141 -0.0059 -0.0009 0.0030 0.0069 0.0119 0.0178 0.0246 0.0325 0.0420 0.0560 0.0728 0.0560 0.0420 0.0325 0.0246 0.0178 0.0119 0.0069 0.0030 -0.0009 -0.0059 -0.0141 -0.0334 -0.0804 -0.1722 -0.2641 -0.3173 -0.3393 -0.3419 -0.3327 -0.3162 -0.0714 0.1213 0.0607 0.0370 0.0212 0.0094 0.0015 -0.0075 -0.0338 -0.1425 -0.2876 -0.3382 -0.3377 -0.2711 0.0394 0.0751 0.0329 0.0148 0.0037 -0.0061 -0.0323 -0.1510 -0.2970 -0.3403 -0.3348 -0.2087 0.0909 0.0597 0.0301 -0.0025
0.0005 0.0369 0.0911 -0.0125 -0.3200 -0.3399 -0.3331 -0.2589 -0.0920 -0.0183 -0.0021 0.0069 0.0203 0.0420 0.0978 -0.0844 -0.3251 -0.3414 -0.3272 -0.2397 -0.0794 -0.0170 -0.0024 0.0054 0.0159 0.0308 0.0520 0.1127 -0.0252 -0.3139 -0.3318 -0.3419 -0.3385 -0.3123 -0.2481 -0.1430 -0.0583 -0.0223 -0.0087 -0.0024 0.0021 0.0064 0.0120 0.0187 0.0265 0.0357 0.0471 0.0658 0.0978 0.0927 0.0477 0.0927 0.0978 0.0658 0.0471 0.0357 0.0265 0.0187 0.0120 0.0064 0.0021 -0.0024 -0.0087 -0.0223 -0.0583 -0.1430 -0.2481 -0.3123 -0.3385 -0.3419 -0.3318 -0.3139 -0.0252 0.1127 0.0520 0.0308 0.0159 0.0054 -0.0024 -0.0170 -0.0794 -0.2397 -0.3272 -0.3414 -0.3251 -0.0844 0.0978 0.0420 0.0203 0.0069 -0.0021 -0.0183 -0.0920 -0.2589 -0.3331 -0.3399 -0.3200 -0.0125 0.0911 0.0369 0.0005
0.0038 0.0472 0.1009 -0.1364 -0.3288 -0.3419 -0.3179 -0.2045 -0.0522 -0.0105 0.0012 0.0108 0.0267 0.0551 0.0999 -0.1855 -0.3330 -0.3413 -0.3060 -0.1755 -0.0421 -0.0088 0.0014 0.0101 0.0235 0.0424 0.0825 0.0480 -0.2573 -0.3291 -0.3412 -0.3393 -0.3123 -0.2423 -0.1290 -0.0480 -0.0171 -0.0060 -0.0002 0.0043 0.0100 0.0171 0.0255 0.0356 0.0482 0.0697 0.1035 0.0799 -0.0516 -0.1824 -0.2548 -0.1824 -0.0516 0.0799 0.1035 0.0697 0.0482 0.0356 0.0255 0.0171 0.0100 0.0043 -0.0002 -0.0060 -0.0171 -0.0480 -0.1290 -0.2423 -0.3123 -0.3393 -0.3412 -0.3291 -0.2573 0.0480 0.0825 0.0424 0.0235 0.0101 0.0014 -0.0088 -0.0421 -0.1755 -0.3061 -0.3413 -0.3330 -0.1855 0.0999 0.0551 0.0267 0.0108 0.0012 -0.0105 -0.0522 -0.2045 -0.3179 -0.3419 -0.3288 -0.1364 0.1009 0.0472 0.0038
0.0079 0.0641 0.0777 -0.2260 -0.3358 -0.3395 -0.2916 -0.1400 -0.0293 -0.0053 0.0042 0.0157 0.0343 0.0826 0.0177 -0.2974 -0.3388 -0.3357 -0.2716 -0.1095 -0.0227 -0.0038 0.0049 0.0159 0.0324 0.0588 0.1138 -0.1397 -0.3240 -0.3394 -0.3410 -0.3173 -0.2481 -0.1290 -0.0450 -0.0150 -0.0047 0.0011 0.0061 0.0129 0.0214 0.0317 0.0444 0.0635 0.1057 0.0750 -0.0762 -0.2225 -0.3214 -0.3312 -0.3357 -0.3312 -0.3214 -0.2225 -0.0762 0.0750 0.1056 0.0635 0.0444 0.0317 0.0214 0.0129 0.0061 0.0011 -0.0047 -0.0150 -0.0450 -0.1290 -0.2481 -0.3173 -0.3410 -0.3394 -0.3240 -0.1397 0.1138 0.0588 0.0324 0.0159 0.0049 -0.0038 -0.0226 -0.1094 -0.2716 -0.3357 -0.3388 -0.2974 0.0177 0.0826 0.0343 0.0157 0.0042 -0.0053 -0.0293 -0.1400 -0.2916 -0.3395 -0.3358 -0.2260 0.0777 0.0641 0.0079
0.0131 0.0941 -0.0336 -0.3216 -0.3405 -0.3311 -0.2507 -0.0837 -0.0166 -0.0015 0.0075 0.0213 0.0438 0.0993 -0.1081 -0.3267 -0.3417 -0.3227 -0.2209 -0.0620 -0.0126 -0.0001 0.0087 0.0225 0.0430 0.0983 -0.0098 -0.3159 -0.3354 -0.3424 -0.3257 -0.2641 -0.1430 -0.0480 -0.0150 -0.0043 0.0017 0.0073 0.0151 0.0248 0.0367 0.0524 0.0859 0.1047 -0.0445 -0.2279 -0.3217 -0.3324 -0.3397 -0.3422 -0.3415 -0.3422 -0.3397 -0.3324 -0.3217 -0.2279 -0.0448 0.1046 0.0861 0.0525 0.0367 0.0247 0.0150 0.0073 0.0017 -0.0043 -0.0150 -0.0480 -0.1430 -0.2641 -0.3257 -0.3424 -0.3354 -0.3159 -0.0098 0.0983 0.0430 0.0225 0.0087 -0.0001 -0.0126 -0.0619 -0.2208 -0.3227 -0.3417 -0.3267 -0.1081 0.0993 0.0438 0.0213 0.0075 -0.0015 -0.0166 -0.0837 -0.2507 -0.3311 -0.3405 -0.3216 -0.0336 0.0941 0.0131
0.0205 0.1024 -0.1505 -0.3301 -0.3418 -0.3143 -0.1938 -0.0473 -0.0095 0.0017 0.0116 0.0279 0.0582 0.0962 -0.2012 -0.3343 -0.3406 -0.2995 -0.1570 -0.0344 -0.0067 0.0031 0.0136 0.0301 0.0582 0.1075 -0.1830 -0.3283 -0.3417 -0.3346 -0.2868 -0.1722 -0.0583 -0.0171 -0.0047 0.0017 0.0077 0.0162 0.0269 0.0403 0.0595 0.1143 0.0442 -0.1565 -0.3178 -0.3305 -0.3392 -0.3423 -0.3375 -0.3220 -0.3076 -0.3220 -0.3375 -0.3423 -0.3392 -0.3305 -0.3178 -0.1573 0.0437 0.1144 0.0595 0.0403 0.0268 0.0161 0.0077 0.0017 -0.0047 -0.0171 -0.0583 -0.1722 -0.2868 -0.3346 -0.3417 -0.3283 -0.1830 0.1074 0.0582 0.0301 0.0136 0.0032 -0.0066 -0.0343 -0.1571 -0.2995 -0.3406 -0.3343 -0.2012 0.0962 0.0582 0.0279 0.0116 0.0017 -0.0095 -0.0473 -0.1938 -0.3143 -0.3418 -0.3301 -0.1505 0.1024 0.0205
0.0328 0.0629 -0.2446 -0.3368 -0.3386 -0.2858 -0.1293 -0.0266 -0.0046 0.0048 0.0166 0.0358 0.0901 -0.0029 -0.3193 -0.3396 -0.3339 -0.2625 -0.0963 -0.0193 -0.0025 0.0064 0.0192 0.0391 0.0938 -0.0050 -0.3173 -0.3373 -0.3409 -0.3107 -0.2153 -0.0804 -0.0223 -0.0060 0.0011 0.0073 0.0162 0.0276 0.0422 0.0645 0.1246 -0.0162 -0.2616 -0.3243 -0.3361 -0.3421 -0.3397 -0.3250 -0.2914 -0.2342 -0.1918 -0.2341 -0.2914 -0.3250 -0.3398 -0.3421 -0.3361 -0.3244 -0.2622 -0.0165 0.1246 0.0645 0.0422 0.0276 0.0161 0.0073 0.0011 -0.0060 -0.0223 -0.0804 -0.2153 -0.3107 -0.3409 -0.3373 -0.3173 -0.0053 0.0939 0.0392 0.0192 0.0064 -0.0025 -0.0192 -0.0963 -0.2625 -0.3339 -0.3396 -0.3193 -0.0029 0.0901 0.0358 0.0166 0.0048 -0.0046 -0.0266 -0.1293 -0.2858 -0.3386 -0.3368 -0.2446 0.0629 0.0328
0.0476 -0.0556 -0.3232 -0.3410 -0.3289 -0.2421 -0.0761 -0.0151 -0.0009 0.0081 0.0224 0.0458 0.1005 -0.1301 -0.3281 -0.3418 -0.3194 -0.2093 -0.0546 -0.0110 0.0009 0.0103 0.0257 0.0511 0.1042 -0.1548 -0.3281 -0.3419 -0.3300 -0.2638 -0.1231 -0.0334 -0.0087 -0.0002 0.0061 0.0151 0.0269 0.0422 0.0664 0.1184 -0.0539 -0.3128 -0.3286 -0.3393 -0.3424 -0.3335 -0.3062 -0.2519 -0.1667 -0.0855 -0.0553 -0.0853 -0.1663 -0.2518 -0.3062 -0.3335 -0.3424 -0.3393 -0.3286 -0.3128 -0.0539 0.1184 0.0664 0.0422 0.0268 0.0150 0.0061 -0.0002 -0.0087 -0.0334 -0.1231 -0.2638 -0.3300 -0.3419 -0.3281 -0.1552 0.1042 0.0512 0.0257 0.0103 0.0009 -0.0110 -0.0546 -0.2093 -0.3194 -0.3418 -0.3281 -0.1301 0.1005 0.0458 0.0224 0.0081 -0.0009 -0.0151 -0.0761 -0.2421 -0.3289 -0.3410 -0.3232 -0.0556 0.0476
0.0479 -0.1665 -0.3314 -0.3416 -0.3103 -0.1829 -0.0428 -0.0085 0.0022 0.0124 0.0292 0.0617 0.0840 -0.2179 -0.3353 -0.3399 -0.2941 -0.1449 -0.0306 -0.0057 0.0039 0.0151 0.0333 0.0736 0.0475 -0.2618 -0.3363 -0.3406 -0.3051 -0.1903 -0.0572 -0.0141 -0.0024 0.0043 0.0129 0.0248 0.0403 0.0645 0.1184 -0.0664 -0.3148 -0.3309 -0.3409 -0.3412 -0.3258 -0.2853 -0.2091 -0.1128 -0.0487 -0.0209 -0.0127 -0.0209 -0.0485 -0.1125 -0.2089 -0.2851 -0.3258 -0.3412 -0.3409 -0.3309 -0.3148 -0.0664 0.1184 0.0645 0.0403 0.0247 0.0129 0.0043 -0.0024 -0.0141 -0.0572 -0.1903 -0.3051 -0.3406 -0.3363 -0.2623 0.0467 0.0738 0.0333 0.0152 0.0040 -0.0056 -0.0306 -0.1450 -0.2941 -0.3399 -0.3353 -0.2179 0.0840 0.0617 0.0292 0.0124 0.0022 -0.0085 -0.0428 -0.1829 -0.3103 -0.3416 -0.3314 -0.1665 0.0479
0.0171 -0.2689 -0.3377 -0.3374 -0.2795 -0.1189 -0.0241 -0.0039 0.0053 0.0175 0.0373 0.0923 -0.0239 -0.3209 -0.3402 -0.3320 -0.2545 -0.0874 -0.0174 -0.0018 0.0072 0.0208 0.0426 0.0984 -0.0818 -0.3244 -0.3412 -0.3313 -0.2612 -0.1091 -0.0261 -0.0059 0.0021 0.0100 0.0214 0.0367 0.0595 0.1246 -0.0539 -0.3148 -0.3316 -0.3415 -0.3399 -0.3191 -0.2666 -0.1729 -0.0785 -0.0314 -0.0125 -0.0045 -0.0005 -0.0045 -0.0125 -0.0313 -0.0783 -0.1726 -0.2663 -0.3190 -0.3399 -0.3415 -0.3316 -0.3148 -0.0539 0.1246 0.0595 0.0367 0.0214 0.0100 0.0021 -0.0059 -0.0261 -0.1091 -0.2612 -0.3313 -0.3412 -0.3244 -0.0824 0.0984 0.0427 0.0208 0.0072 -0.0018 -0.0174 -0.0874 -0.2545 -0.3320 -0.3402 -0.3209 -0.0239 0.0923 0.0373 0.0175 0.0053 -0.0039 -0.0241 -0.1189 -0.2795 -0.3374 -0.3377 -0.2689 0.0171
-0.0370 -0.3226 -0.3414 -0.3264 -0.2330 -0.0691 -0.0138 -0.0004 0.0087 0.0235 0.0479 0.1013 -0.1440 -0.3295 -0.3419 -0.3159 -0.1988 -0.0495 -0.0099 0.0014 0.0112 0.0274 0.0562 0.1002 -0.1896 -0.3329 -0.3416 -0.3112 -0.1959 -0.0547 -0.0123 -0.0009 0.0064 0.0171 0.0317 0.0525 0.1144 -0.0165 -0.3128 -0.3309 -0.3415 -0.3394 -0.3152 -0.2536 -0.1484 -0.0600 -0.0225 -0.0084 -0.0021 0.0029 0.0066 0.0030 -0.0020 -0.0084 -0.0224 -0.0598 -0.1481 -0.2534 -0.3152 -0.3394 -0.3415 -0.3309 -0.3128 -0.0165 0.1144 0.0525 0.0317 0.0171 0.0064 -0.0009 -0.0123 -0.0547 -0.1959 -0.3112 -0.3416 -0.3329 -0.1900 0.1001 0.0563 0.0274 0.0112 0.0014 -0.0099 -0.0495 -0.1988 -0.3159 -0.3419 -0.3295 -0.1440 0.1013 0.0479 0.0235 0.0087 -0.0004 -0.0138 -0.0691 -0.2330 -0.3264 -0.3414 -0.3226 -0.0370
-0.0759 -0.3308 -0.3413 -0.3060 -0.1718 -0.0388 -0.0076 0.0027 0.0132 0.0305 0.0658 0.0695 -0.2359 -0.3364 -0.3390 -0.2885 -0.1342 -0.0278 -0.0049 0.0045 0.0162 0.0351 0.0861 0.0098 -0.3073 -0.3389 -0.3362 -0.2766 -0.1223 -0.0273 -0.0056 0.0030 0.0120 0.0255 0.0444 0.0861 0.0437 -0.2622 -0.3286 -0.3409 -0.3399 -0.3152 -0.2489 -0.1364 -0.0509 -0.0179 -0.0062 -0.0002 0.0045 0.0110 0.0169 0.0110 0.0045 -0.0002 -0.0062 -0.0179 -0.0508 -0.1363 -0.2488 -0.3152 -0.3399 -0.3409 -0.3286 -0.2622 0.0437 0.0861 0.0444 0.0255 0.0120 0.0030 -0.0056 -0.0273 -0.1223 -0.2766 -0.3362 -0.3389 -0.3074 0.0095 0.0861 0.0351 0.0162 0.0045 -0.0049 -0.0278 -0.1342 -0.2885 -0.3390 -0.3364 -0.2359 0.0695 0.0658 0.0305 0.0132 0.0027 -0.0076 -0.0388 -0.1718 -0.3060 -0.3413 -0.3308 -0.0759
-0.0984 -0.3371 -0.3361 -0.2727 -0.1090 -0.0219 -0.0033 0.0058 0.0185 0.0389 0.0944 -0.0452 -0.3225 -0.3407 -0.3299 -0.2461 -0.0795 -0.0158 -0.0012 0.0078 0.0219 0.0449 0.1000 -0.1188 -0.3273 -0.3418 -0.3228 -0.2242 -0.0669 -0.0141 -0.0011 0.0069 0.0187 0.0356 0.0635 0.1046 -0.1573 -0.3244 -0.3393 -0.3412 -0.3190 -0.2534 -0.1363 -0.0482 -0.0160 -0.0051 0.0009 0.0059 0.0129 0.0225 0.0308 0.0225 0.0130 0.0060 0.0009 -0.0051 -0.0160 -0.0482 -0.1363 -0.2534 -0.3190 -0.3412 -0.3393 -0.3244 -0.1573 0.1046 0.0635 0.0356 0.0187 0.0069 -0.0011 -0.0141 -0.0669 -0.2242 -0.3228 -0.3418 -0.3273 -0.1189 0.1000 0.0449 0.0219 0.0078 -0.0012 -0.0158 -0.0795 -0.2461 -0.3299 -0.3407 -0.3225 -0.0452 0.0944 0.0389 0.0185 0.0058 -0.0033 -0.0219 -0.1090 -0.2727 -0.3361 -0.3371 -0.0984
-0.1157 -0.3407 -0.3237 -0.2234 -0.0626 -0.0126 0.0002 0.0094 0.0246 0.0502 0.1015 -0.1582 -0.3308 -0.3417 -0.3122 -0.1879 -0.0448 -0.0090 0.0020 0.0120 0.0286 0.0600 0.0900 -0.2101 -0.3348 -0.3404 -0.2986 -0.1577 -0.0357 -0.0072 0.0024 0.0119 0.0265 0.0482 0.1056 -0.0448 -0.3178 -0.3361 -0.3424 -0.3258 -0.2663 -0.1481 -0.0508 -0.0160 -0.0048 0.0014 0.0069 0.0147 0.0245 0.0378 0.0494 0.0378 0.0246 0.0147 0.0070 0.0014 -0.0048 -0.0160 -0.0508 -0.1481 -0.2663 -0.3258 -0.3424 -0.3361 -0.3178 -0.0448 0.1056 0.0482 0.0265 0.0119 0.0024 -0.0072 -0.0357 -0.1577 -0.2986 -0.3404 -0.3348 -0.2101 0.0900 0.0600 0.0286 0.0120 0.0020 -0.0090 -0.0448 -0.1879 -0.3122 -0.3417 -0.3308 -0.1582 0.1015 0.0502 0.0246 0.0094 0.0002 -0.0126 -0.0626 -0.2234 -0.3237 -0.3407 -0.1157
-0.1294 -0.3407 -0.3013 -0.1606 -0.0352 -0.0068 0.0032 0.0141 0.0318 0.0707 0.0529 -0.2555 -0.3373 -0.3380 -0.2824 -0.1236 -0.0252 -0.0042 0.0050 0.0171 0.0366 0.0913 -0.0143 -0.3201 -0.3399 -0.3331 -0.2600 -0.0950 -0.0193 -0.0027 0.0059 0.0178 0.0357 0.0697 0.0750 -0.2279 -0.3305 -0.3421 -0.3335 -0.2851 -0.1726 -0.0598 -0.0179 -0.0051 0.0014 0.0073 0.0156 0.0263 0.0398 0.0592 0.0811 0.0593 0.0398 0.0263 0.0156 0.0073 0.0014 -0.0051 -0.0179 -0.0598 -0.1726 -0.2851 -0.3335 -0.3421 -0.3305 -0.2279 0.0750 0.0697 0.0357 0.0178 0.0059 -0.0027 -0.0193 -0.0950 -0.2600 -0.3331 -0.3399 -0.3201 -0.0143 0.0913 0.0366 0.0171 0.0050 -0.0042 -0.0252 -0.1236 -0.2824 -0.3380 -0.3373 -0.2555 0.0529 0.0707 0.0318 0.0141 0.0032 -0.0068 -0.0352 -0.1606 -0.3013 -0.3407 -0.1294
-0.1403 -0.3356 -0.2655 -0.0996 -0.0199 -0.0026 0.0064 0.0194 0.0405 0.0963 -0.0668 -0.3240 -0.3412 -0.3276 -0.2372 -0.0722 -0.0144 -0.0006 0.0084 0.0230 0.0469 0.1010 -0.1376 -0.3289 -0.3419 -0.3177 -0.2050 -0.0530 -0.0108 0.0008 0.0100 0.0246 0.0471 0.1035 -0.0762 -0.3217 -0.3392 -0.3398 -0.3062 -0.2089 -0.0783 -0.0224 -0.0062 0.0009 0.0070 0.0156 0.0269 0.0413 0.0632 0.1059 0.0543 0.1058 0.0633 0.0414 0.0269 0.0156 0.0070 0.0009 -0.0062 -0.0224 -0.0783 -0.2089 -0.3062 -0.3398 -0.3392 -0.3217 -0.0762 0.1035 0.0471 0.0246 0.0100 0.0008 -0.0108 -0.0530 -0.2050 -0.3177 -0.3419 -0.3289 -0.1376 0.1010 0.0469 0.0230 0.0084 -0.0006 -0.0144 -0.0722 -0.2372 -0.3276 -0.3412 -0.3240 -0.0668 0.0963 0.0405 0.0194 0.0064 -0.0026 -0.0199 -0.0996 -0.2655 -0.3356 -0.1403
-0.1482 -0.3234 -0.2134 -0.0568 -0.0114 0.0007 0.0102 0.0257 0.0527 0.1011 -0.1726 -0.3321 -0.3415 -0.3080 -0.1769 -0.0406 -0.0080 0.0025 0.0128 0.0299 0.0638 0.0764 -0.2275 -0.3359 -0.3394 -0.2913 -0.1398 -0.0295 -0.0054 0.0040 0.0150 0.0325 0.0658 0.0799 -0.2225 -0.3324 -0.3423 -0.3250 -0.2518 -0.1125 -0.0313 -0.0084 -0.0002 0.0060 0.0147 0.0263 0.0414 0.0648 0.1208 -0.0464 -0.2416 -0.0471 0.1206 0.0648 0.0414 0.0263 0.0147 0.0060 -0.0002 -0.0084 -0.0313 -0.1125 -0.2518 -0.3250 -0.3423 -0.3324 -0.2225 0.0799 0.0658 0.0325 0.0150 0.0040 -0.0054 -0.0295 -0.1398 -0.2913 -0.3394 -0.3359 -0.2275 0.0764 0.0638 0.0299 0.0128 0.0025 -0.0080 -0.0406 -0.1769 -0.3080 -0.3415 -0.3321 -0.1726 0.1011 0.0527 0.0257 0.0102 0.0007 -0.0114 -0.0568 -0.2134 -0.3234 -0.1482
-0.1530 -0.3008 -0.1484 -0.0316 -0.0059 0.0038 0.0149 0.0331 0.0767 0.0341 -0.2778 -0.3382 -0.3366 -0.2752 -0.1126 -0.0227 -0.0035 0.0056 0.0180 0.0382 0.0935 -0.0360 -0.3219 -0.3405 -0.3307 -0.2493 -0.0826 -0.0165 -0.0015 0.0073 0.0209 0.0420 0.0978 -0.0516 -0.3214 -0.3397 -0.3375 -0.2914 -0.1663 -0.0485 -0.0125 -0.0020 0.0045 0.0130 0.0246 0.0398 0.0632 0.1208 -0.0577 -0.3148 -0.3242 -0.3148 -0.0583 0.1206 0.0633 0.0398 0.0246 0.0130 0.0045 -0.0020 -0.0125 -0.0485 -0.1663 -0.2914 -0.3375 -0.3397 -0.3214 -0.0516 0.0978 0.0420 0.0209 0.0073 -0.0015 -0.0165 -0.0826 -0.2493 -0.3307 -0.3405 -0.3219 -0.0360 0.0935 0.0382 0.0180 0.0056 -0.0035 -0.0227 -0.1126 -0.2752 -0.3366 -0.3382 -0.2778 0.0341 0.0767 0.0331 0.0149 0.0038 -0.0059 -0.0316 -0.1484 -0.3009 -0.1530
-0.1534 -0.2646 -0.0894 -0.0178 -0.0018 0.0072 0.0208 0.0428 0.0960 -0.0897 -0.3256 -0.3416 -0.3249 -0.2272 -0.0650 -0.0130 0.0001 0.0094 0.0245 0.0496 0.0962 -0.1525 -0.3303 -0.3418 -0.3138 -0.1922 -0.0465 -0.0093 0.0019 0.0118 0.0280 0.0560 0.0927 -0.1824 -0.3312 -0.3422 -0.3220 -0.2341 -0.0854 -0.0209 -0.0045 0.0030 0.0110 0.0225 0.0378 0.0593 0.1058 -0.0467 -0.3148 -0.3316 -0.3386 -0.3316 -0.3148 -0.0471 0.1058 0.0593 0.0378 0.0225 0.0110 0.0030 -0.0045 -0.0209 -0.0854 -0.2341 -0.3220 -0.3422 -0.3312 -0.1824 0.0927 0.0560 0.0280 0.0118 0.0019 -0.0093 -0.0465 -0.1922 -0.3138 -0.3418 -0.3303 -0.1525 0.0962 0.0496 0.0245 0.0094 0.0001 -0.0130 -0.0650 -0.2272 -0.3249 -0.3416 -0.3256 -0.0897 0.0960 0.0428 0.0208 0.0072 -0.0018 -0.0178 -0.0894 -0.2647 -0.1534
-0.1491 -0.2384 -0.0645 -0.0129 0.0008 0.0102 0.0258 0.0518 0.0924 -0.1590 -0.3302 -0.3421 -0.3148 -0.1939 -0.0469 -0.0090 0.0025 0.0129 0.0299 0.0616 0.0745 -0.2115 -0.3343 -0.3409 -0.2999 -0.1560 -0.0335 -0.0058 0.0043 0.0157 0.0341 0.0728 0.0477 -0.2548 -0.3357 -0.3415 -0.3076 -0.1919 -0.0553 -0.0128 -0.0005 0.0066 0.0169 0.0308 0.0494 0.0811 0.0541 -0.2417 -0.3242 -0.3386 -0.3447 -0.3386 -0.3242 -0.2417 0.0541 0.0811 0.0494 0.0308 0.0169 0.0066 -0.0005 -0.0128 -0.0553 -0.1919 -0.3076 -0.3415 -0.3357 -0.2548 0.0477 0.0728 0.0341 0.0157 0.0043 -0.0058 -0.0335 -0.1560 -0.2999 -0.3409 -0.3343 -0.2115 0.0745 0.0616 0.0299 0.0129 0.0025 -0.0090 -0.0469 -0.1939 -0.3148 -0.3421 -0.3302 -0.1590 0.0924 0.0518 0.0258 0.0102 0.0008 -0.0129 -0.0645 -0.2386 -0.1492
