-0.0283 -0.0178 -0.0075 -0.0040 -0.0011 0.0019 0.0055 0.0101 0.0161 0.0250 0.0422 0.0491 0.0407 -0.0060 -0.0602 -0.0868 -0.1066 -0.1222 -0.1346 -0.1442 -0.1508 -0.1538 -0.1524 -0.1457 -0.1331 -0.1152 -0.0945 -0.0741 -0.0566 -0.0430 -0.0336 -0.0282 -0.0233 -0.0183 -0.0135 -0.0091 -0.0053 -0.0022 0.0008 0.0041 0.0083 0.0136 0.0212 0.0342 0.0480 0.0474 0.0133 -0.0414 -0.0778 -0.1014 -0.1146 -0.1014 -0.0778 -0.0414 0.0133 0.0474 0.0480 0.0342 0.0212 0.0136 0.0083 0.0041 0.0008 -0.0022 -0.0053 -0.0091 -0.0135 -0.0183 -0.0233 -0.0282 -0.0336 -0.0430 -0.0566 -0.0741 -0.0945 -0.1152 -0.1331 -0.1457 -0.1524 -0.1538 -0.1508 -0.1442 -0.1346 -0.1222 -0.1066 -0.0868 -0.0602 -0.0060 0.0407 0.0491 0.0422 0.0250 0.0161 0.0101 0.0055 0.0019 -0.0011 -0.0040 -0.0075 -0.0178 -0.0283
-0.0178 0.0236 0.0215 0.0269 0.0323 0.0407 0.0525 0.0755 0.0990 0.1005 0.0132 -0.1145 -0.2074 -0.3175 -0.3265 -0.3339 -0.3391 -0.3412 -0.3391 -0.3311 -0.3149 -0.2875 -0.2454 -0.1878 -0.1242 -0.0732 -0.0416 -0.0239 -0.0141 -0.0077 -0.0028 0.0015 0.0061 0.0111 0.0162 0.0211 0.0258 0.0306 0.0376 0.0482 0.0660 0.0950 0.1024 0.0551 -0.0655 -0.1732 -0.2792 -0.3233 -0.3315 -0.3377 -0.3401 -0.3377 -0.3315 -0.3233 -0.2792 -0.1732 -0.0655 0.0551 0.1024 0.0950 0.0660 0.0482 0.0376 0.0306 0.0258 0.0211 0.0162 0.0111 0.0061 0.0015 -0.0028 -0.0077 -0.0141 -0.0239 -0.0416 -0.0732 -0.1242 -0.1878 -0.2454 -0.2875 -0.3149 -0.3311 -0.3391 -0.3412 -0.3391 -0.3339 -0.3265 -0.3175 -0.2074 -0.1145 0.0132 0.1005 0.0990 0.0755 0.0525 0.0407 0.0323 0.0269 0.0215 0.0236 -0.0178
-0.0075 0.0215 0.0297 0.0419 0.0562 0.0866 0.1043 0.0428 -0.0849 -0.1889 -0.3031 -0.3270 -0.3345 -0.3397 -0.3419 -0.3397 -0.3316 -0.3151 -0.2871 -0.2441 -0.1854 -0.1212 -0.0706 -0.0397 -0.0224 -0.0128 -0.0070 -0.0028 0.0006 0.0036 0.0068 0.0108 0.0156 0.0212 0.0278 0.0357 0.0456 0.0614 0.0921 0.1012 0.0709 -0.0434 -0.1569 -0.2537 -0.3239 -0.3320 -0.3381 -0.3415 -0.3410 -0.3353 -0.3293 -0.3353 -0.3410 -0.3415 -0.3381 -0.3320 -0.3239 -0.2537 -0.1569 -0.0434 0.0709 0.1012 0.0921 0.0614 0.0456 0.0357 0.0278 0.0212 0.0156 0.0108 0.0068 0.0036 0.0006 -0.0028 -0.0070 -0.0128 -0.0224 -0.0397 -0.0706 -0.1212 -0.1854 -0.2441 -0.2871 -0.3151 -0.3316 -0.3397 -0.3419 -0.3397 -0.3345 -0.3270 -0.3031 -0.1889 -0.0849 0.0428 0.1043 0.0866 0.0562 0.0419 0.0297 0.0215 -0.0075
-0.0040 0.0269 0.0419 0.0635 0.1163 0.0268 -0.1414 -0.2659 -0.3243 -0.3329 -0.3389 -0.3418 -0.3405 -0.3335 -0.3186 -0.2929 -0.2526 -0.1962 -0.1317 -0.0778 -0.0438 -0.0246 -0.0141 -0.0078 -0.0034 0.0000 0.0031 0.0063 0.0100 0.0147 0.0202 0.0266 0.0342 0.0437 0.0579 0.0899 0.1004 0.0851 -0.0221 -0.1428 -0.2343 -0.3223 -0.3307 -0.3372 -0.3412 -0.3415 -0.3368 -0.3252 -0.3034 -0.2687 -0.2427 -0.2687 -0.3034 -0.3252 -0.3368 -0.3415 -0.3412 -0.3372 -0.3307 -0.3223 -0.2343 -0.1428 -0.0221 0.0851 0.1004 0.0899 0.0579 0.0437 0.0342 0.0266 0.0202 0.0147 0.0100 0.0063 0.0031 0.0000 -0.0034 -0.0078 -0.0141 -0.0246 -0.0438 -0.0778 -0.1317 -0.1962 -0.2526 -0.2929 -0.3186 -0.3335 -0.3405 -0.3418 -0.3389 -0.3329 -0.3243 -0.2659 -0.1414 0.0268 0.1163 0.0635 0.0419 0.0269 -0.0040
-0.0011 0.0323 0.0562 0.1163 -0.0276 -0.2803 -0.3243 -0.3349 -0.3410 -0.3420 -0.3367 -0.3234 -0.2996 -0.2615 -0.2075 -0.1428 -0.0855 -0.0483 -0.0272 -0.0154 -0.0087 -0.0040 -0.0005 0.0026 0.0057 0.0093 0.0139 0.0192 0.0255 0.0328 0.0419 0.0548 0.0820 0.0992 0.0971 -0.0011 -0.1289 -0.2164 -0.3207 -0.3294 -0.3363 -0.3407 -0.3417 -0.3381 -0.3278 -0.3084 -0.2764 -0.2287 -0.1656 -0.1038 -0.0761 -0.1038 -0.1656 -0.2287 -0.2764 -0.3084 -0.3278 -0.3381 -0.3417 -0.3407 -0.3363 -0.3294 -0.3207 -0.2164 -0.1289 -0.0011 0.0971 0.0992 0.0820 0.0548 0.0419 0.0328 0.0255 0.0192 0.0139 0.0093 0.0057 0.0026 -0.0005 -0.0040 -0.0087 -0.0154 -0.0272 -0.0483 -0.0855 -0.1428 -0.2075 -0.2615 -0.2996 -0.3234 -0.3367 -0.3420 -0.3410 -0.3349 -0.3243 -0.2803 -0.0276 0.1163 0.0562 0.0323 -0.0011
0.0019 0.0407 0.0866 0.0268 -0.2803 -0.3277 -0.3392 -0.3426 -0.3363 -0.3175 -0.2829 -0.2297 -0.1616 -0.0974 -0.0544 -0.0302 -0.0170 -0.0097 -0.0047 -0.0011 0.0021 0.0052 0.0086 0.0130 0.0182 0.0243 0.0315 0.0401 0.0521 0.0751 0.0976 0.1000 0.0194 -0.1061 -0.1998 -0.3191 -0.3280 -0.3352 -0.3402 -0.3419 -0.3391 -0.3301 -0.3125 -0.2829 -0.2380 -0.1778 -0.1143 -0.0661 -0.0368 -0.0207 -0.0151 -0.0207 -0.0368 -0.0661 -0.1143 -0.1778 -0.2380 -0.2829 -0.3125 -0.3301 -0.3391 -0.3419 -0.3402 -0.3352 -0.3280 -0.3191 -0.1998 -0.1061 0.0194 0.1000 0.0976 0.0751 0.0521 0.0401 0.0315 0.0243 0.0182 0.0130 0.0086 0.0052 0.0021 -0.0011 -0.0047 -0.0097 -0.0170 -0.0302 -0.0544 -0.0974 -0.1616 -0.2297 -0.2829 -0.3175 -0.3363 -0.3426 -0.3392 -0.3277 -0.2803 0.0268 0.0866 0.0407 0.0019
0.0055 0.0525 0.1043 -0.1414 -0.3243 -0.3392 -0.3423 -0.3292 -0.2936 -0.2296 -0.1452 -0.0760 -0.0386 -0.0203 -0.0111 -0.0056 -0.0017 0.0015 0.0046 0.0079 0.0122 0.0173 0.0232 0.0302 0.0385 0.0496 0.0695 0.0959 0.1012 0.0389 -0.0836 -0.1842 -0.2953 -0.3266 -0.3342 -0.3395 -0.3418 -0.3400 -0.3322 -0.3162 -0.2890 -0.2469 -0.1889 -0.1245 -0.0728 -0.0409 -0.0231 -0.0132 -0.0072 -0.0027 -0.0001 -0.0027 -0.0072 -0.0132 -0.0231 -0.0409 -0.0728 -0.1245 -0.1889 -0.2469 -0.2890 -0.3162 -0.3322 -0.3400 -0.3418 -0.3395 -0.3342 -0.3266 -0.2953 -0.1842 -0.0836 0.0389 0.1012 0.0959 0.0695 0.0496 0.0385 0.0302 0.0232 0.0173 0.0122 0.0079 0.0046 0.0015 -0.0017 -0.0056 -0.0111 -0.0203 -0.0386 -0.0760 -0.1452 -0.2296 -0.2936 -0.3292 -0.3423 -0.3392 -0.3243 -0.1414 0.1043 0.0525 0.0055
0.0101 0.0755 0.0428 -0.2659 -0.3349 -0.3426 -0.3292 -0.2828 -0.1937 -0.0943 -0.0402 -0.0179 -0.0085 -0.0033 0.0005 0.0037 0.0071 0.0113 0.0163 0.0221 0.0289 0.0369 0.0474 0.0648 0.0939 0.1015 0.0569 -0.0618 -0.1693 -0.2719 -0.3251 -0.3330 -0.3388 -0.3417 -0.3406 -0.3340 -0.3197 -0.2946 -0.2552 -0.1997 -0.1351 -0.0802 -0.0452 -0.0254 -0.0145 -0.0081 -0.0036 -0.0001 0.0030 0.0063 0.0091 0.0063 0.0030 -0.0001 -0.0036 -0.0081 -0.0145 -0.0254 -0.0452 -0.0802 -0.1351 -0.1997 -0.2552 -0.2946 -0.3197 -0.3340 -0.3406 -0.3417 -0.3388 -0.3330 -0.3251 -0.2719 -0.1693 -0.0618 0.0569 0.1015 0.0939 0.0648 0.0474 0.0369 0.0289 0.0221 0.0163 0.0113 0.0071 0.0037 0.0005 -0.0033 -0.0085 -0.0179 -0.0402 -0.0943 -0.1937 -0.2828 -0.3292 -0.3426 -0.3349 -0.2659 0.0428 0.0755 0.0101
0.0161 0.0990 -0.0849 -0.3243 -0.3410 -0.3363 -0.2936 -0.1937 -0.0801 -0.0287 -0.0107 -0.0037 0.0009 0.0047 0.0090 0.0143 0.0202 0.0270 0.0349 0.0448 0.0601 0.0917 0.1012 0.0732 -0.0404 -0.1549 -0.2509 -0.3236 -0.3318 -0.3380 -0.3415 -0.3412 -0.3356 -0.3228 -0.2998 -0.2631 -0.2102 -0.1460 -0.0882 -0.0499 -0.0280 -0.0159 -0.0090 -0.0043 -0.0007 0.0024 0.0055 0.0090 0.0136 0.0193 0.0240 0.0193 0.0136 0.0090 0.0055 0.0024 -0.0007 -0.0043 -0.0090 -0.0159 -0.0280 -0.0499 -0.0882 -0.1460 -0.2102 -0.2631 -0.2998 -0.3228 -0.3356 -0.3412 -0.3415 -0.3380 -0.3318 -0.3236 -0.2509 -0.1549 -0.0404 0.0732 0.1012 0.0917 0.0601 0.0448 0.0349 0.0270 0.0202 0.0143 0.0090 0.0047 0.0009 -0.0037 -0.0107 -0.0287 -0.0801 -0.1937 -0.2936 -0.3363 -0.3410 -0.3243 -0.0849 0.0990 0.0161
0.0250 0.1005 -0.1889 -0.3329 -0.3420 -0.3175 -0.2296 -0.0943 -0.0287 -0.0089 -0.0017 0.0031 0.0082 0.0146 0.0219 0.0302 0.0398 0.0524 0.0772 0.1004 0.0917 -0.0150 -0.1403 -0.2316 -0.3221 -0.3305 -0.3371 -0.3411 -0.3415 -0.3370 -0.3256 -0.3046 -0.2705 -0.2203 -0.1571 -0.0968 -0.0550 -0.0309 -0.0175 -0.0100 -0.0050 -0.0013 0.0019 0.0050 0.0084 0.0128 0.0179 0.0240 0.0311 0.0401 0.0483 0.0401 0.0311 0.0240 0.0179 0.0128 0.0084 0.0050 0.0019 -0.0013 -0.0050 -0.0100 -0.0175 -0.0309 -0.0550 -0.0968 -0.1571 -0.2203 -0.2705 -0.3046 -0.3256 -0.3370 -0.3415 -0.3411 -0.3371 -0.3305 -0.3221 -0.2316 -0.1403 -0.0150 0.0917 0.1004 0.0772 0.0524 0.0398 0.0302 0.0219 0.0146 0.0082 0.0031 -0.0017 -0.0089 -0.0287 -0.0943 -0.2296 -0.3175 -0.3420 -0.3329 -0.1889 0.1005 0.0250
0.0422 0.0132 -0.3031 -0.3389 -0.3367 -0.2829 -0.1452 -0.0402 -0.0107 -0.0017 0.0038 0.0104 0.0185 0.0282 0.0394 0.0538 0.0836 0.1069 0.0399 -0.0980 -0.2077 -0.3198 -0.3289 -0.3360 -0.3406 -0.3418 -0.3382 -0.3282 -0.3090 -0.2774 -0.2300 -0.1683 -0.1060 -0.0607 -0.0341 -0.0193 -0.0111 -0.0057 -0.0018 0.0014 0.0045 0.0077 0.0120 0.0170 0.0229 0.0298 0.0380 0.0489 0.0680 0.0940 0.0952 0.0940 0.0680 0.0489 0.0380 0.0298 0.0229 0.0170 0.0120 0.0077 0.0045 0.0014 -0.0018 -0.0057 -0.0111 -0.0193 -0.0341 -0.0607 -0.1060 -0.1683 -0.2300 -0.2774 -0.3090 -0.3282 -0.3382 -0.3418 -0.3406 -0.3360 -0.3289 -0.3198 -0.2077 -0.0980 0.0399 0.1069 0.0836 0.0538 0.0394 0.0282 0.0185 0.0104 0.0038 -0.0017 -0.0107 -0.0402 -0.1452 -0.2829 -0.3367 -0.3389 -0.3031 0.0132 0.0422
0.0491 -0.1145 -0.3270 -0.3418 -0.3234 -0.2298 -0.0761 -0.0179 -0.0037 0.0031 0.0104 0.0200 0.0316 0.0459 0.0676 0.1134 0.0342 -0.1329 -0.2693 -0.3247 -0.3336 -0.3396 -0.3420 -0.3396 -0.3309 -0.3135 -0.2841 -0.2395 -0.1794 -0.1157 -0.0669 -0.0376 -0.0212 -0.0122 -0.0065 -0.0024 0.0009 0.0039 0.0071 0.0112 0.0161 0.0218 0.0285 0.0365 0.0467 0.0635 0.0932 0.1015 0.0618 -0.0560 -0.1371 -0.0560 0.0618 0.1015 0.0932 0.0635 0.0467 0.0365 0.0285 0.0218 0.0161 0.0112 0.0071 0.0039 0.0009 -0.0024 -0.0065 -0.0122 -0.0212 -0.0376 -0.0669 -0.1157 -0.1794 -0.2395 -0.2841 -0.3135 -0.3309 -0.3396 -0.3420 -0.3396 -0.3336 -0.3247 -0.2693 -0.1329 0.0342 0.1134 0.0676 0.0459 0.0316 0.0200 0.0104 0.0031 -0.0037 -0.0179 -0.0760 -0.2297 -0.3234 -0.3418 -0.3270 -0.1145 0.0491
0.0407 -0.2074 -0.3345 -0.3405 -0.2996 -0.1619 -0.0387 -0.0085 0.0009 0.0082 0.0185 0.0316 0.0482 0.0772 0.1027 -0.0683 -0.2738 -0.3248 -0.3350 -0.3410 -0.3418 -0.3358 -0.3209 -0.2941 -0.2520 -0.1932 -0.1275 -0.0743 -0.0416 -0.0234 -0.0134 -0.0073 -0.0031 0.0003 0.0034 0.0066 0.0104 0.0152 0.0208 0.0273 0.0350 0.0447 0.0597 0.0911 0.1009 0.0777 -0.0336 -0.1505 -0.2453 -0.3233 -0.3281 -0.3233 -0.2453 -0.1505 -0.0336 0.0777 0.1009 0.0911 0.0597 0.0447 0.0350 0.0273 0.0208 0.0152 0.0104 0.0066 0.0034 0.0003 -0.0031 -0.0073 -0.0134 -0.0234 -0.0416 -0.0743 -0.1275 -0.1932 -0.2520 -0.2941 -0.3209 -0.3358 -0.3418 -0.3410 -0.3350 -0.3248 -0.2738 -0.0683 0.1027 0.0772 0.0482 0.0316 0.0185 0.0082 0.0009 -0.0085 -0.0386 -0.1616 -0.2996 -0.3405 -0.3345 -0.2074 0.0407
-0.0060 -0.3175 -0.3397 -0.3335 -0.2617 -0.0976 -0.0203 -0.0033 0.0047 0.0146 0.0282 0.0459 0.0772 0.0885 -0.1233 -0.3174 -0.3314 -0.3403 -0.3422 -0.3350 -0.3153 -0.2791 -0.2229 -0.1519 -0.0883 -0.0483 -0.0265 -0.0149 -0.0083 -0.0037 -0.0002 0.0029 0.0060 0.0097 0.0143 0.0198 0.0261 0.0336 0.0428 0.0564 0.0864 0.0999 0.0909 -0.0125 -0.1364 -0.2260 -0.3216 -0.3301 -0.3369 -0.3410 -0.3421 -0.3410 -0.3369 -0.3301 -0.3216 -0.2260 -0.1364 -0.0125 0.0909 0.0999 0.0864 0.0564 0.0428 0.0336 0.0261 0.0198 0.0143 0.0097 0.0060 0.0029 -0.0002 -0.0037 -0.0083 -0.0149 -0.0265 -0.0483 -0.0883 -0.1519 -0.2229 -0.2791 -0.3153 -0.3350 -0.3422 -0.3403 -0.3314 -0.3174 -0.1233 0.0885 0.0772 0.0459 0.0282 0.0146 0.0047 -0.0033 -0.0203 -0.0974 -0.2615 -0.3335 -0.3397 -0.3175 -0.0060
-0.0602 -0.3265 -0.3419 -0.3186 -0.2075 -0.0545 -0.0111 0.0005 0.0090 0.0219 0.0394 0.0676 0.1027 -0.1233 -0.3194 -0.3342 -0.3421 -0.3398 -0.3226 -0.2842 -0.2188 -0.1360 -0.0707 -0.0356 -0.0185 -0.0100 -0.0047 -0.0009 0.0022 0.0054 0.0089 0.0135 0.0188 0.0249 0.0322 0.0411 0.0535 0.0786 0.0985 0.0989 0.0084 -0.1188 -0.2087 -0.3200 -0.3288 -0.3358 -0.3405 -0.3418 -0.3384 -0.3288 -0.3202 -0.3288 -0.3384 -0.3418 -0.3405 -0.3358 -0.3288 -0.3200 -0.2087 -0.1188 0.0084 0.0989 0.0985 0.0786 0.0535 0.0411 0.0322 0.0249 0.0188 0.0135 0.0089 0.0054 0.0022 -0.0009 -0.0047 -0.0100 -0.0185 -0.0356 -0.0707 -0.1360 -0.2188 -0.2842 -0.3226 -0.3398 -0.3421 -0.3342 -0.3194 -0.1233 0.1027 0.0676 0.0394 0.0219 0.0090 0.0005 -0.0111 -0.0544 -0.2075 -0.3186 -0.3419 -0.3265 -0.0602
-0.0868 -0.3339 -0.3397 -0.2929 -0.1428 -0.0302 -0.0056 0.0037 0.0143 0.0302 0.0538 0.1134 -0.0683 -0.3174 -0.3342 -0.3425 -0.3373 -0.3111 -0.2535 -0.1619 -0.0780 -0.0349 -0.0161 -0.0077 -0.0028 0.0010 0.0043 0.0078 0.0123 0.0176 0.0237 0.0308 0.0393 0.0509 0.0723 0.0968 0.1006 0.0285 -0.0957 -0.1926 -0.3090 -0.3274 -0.3348 -0.3399 -0.3419 -0.3395 -0.3311 -0.3143 -0.2852 -0.2416 -0.2104 -0.2416 -0.2852 -0.3143 -0.3311 -0.3395 -0.3419 -0.3399 -0.3348 -0.3274 -0.3090 -0.1926 -0.0957 0.0285 0.1006 0.0968 0.0723 0.0509 0.0393 0.0308 0.0237 0.0176 0.0123 0.0078 0.0043 0.0010 -0.0028 -0.0077 -0.0161 -0.0349 -0.0780 -0.1620 -0.2534 -0.3111 -0.3373 -0.3425 -0.3342 -0.3174 -0.0683 0.1134 0.0538 0.0302 0.0143 0.0037 -0.0056 -0.0302 -0.1428 -0.2929 -0.3397 -0.3339 -0.0868
-0.1066 -0.3391 -0.3316 -0.2526 -0.0855 -0.0170 -0.0017 0.0071 0.0202 0.0398 0.0836 0.0342 -0.2738 -0.3314 -0.3421 -0.3373 -0.3065 -0.2349 -0.1274 -0.0517 -0.0207 -0.0085 -0.0027 0.0016 0.0053 0.0097 0.0152 0.0214 0.0285 0.0369 0.0476 0.0655 0.0948 0.1017 0.0481 -0.0733 -0.1773 -0.2843 -0.3259 -0.3336 -0.3392 -0.3418 -0.3403 -0.3331 -0.3179 -0.2916 -0.2507 -0.1939 -0.1283 -0.0755 -0.0547 -0.0755 -0.1283 -0.1939 -0.2507 -0.2916 -0.3179 -0.3331 -0.3403 -0.3418 -0.3392 -0.3336 -0.3259 -0.2843 -0.1773 -0.0733 0.0481 0.1017 0.0948 0.0655 0.0476 0.0369 0.0285 0.0214 0.0152 0.0097 0.0053 0.0016 -0.0027 -0.0085 -0.0207 -0.0517 -0.1275 -0.2349 -0.3065 -0.3373 -0.3421 -0.3314 -0.2738 0.0342 0.0836 0.0398 0.0202 0.0071 -0.0017 -0.0170 -0.0855 -0.2526 -0.3316 -0.3391 -0.1066
-0.1222 -0.3412 -0.3151 -0.1962 -0.0483 -0.0097 0.0015 0.0113 0.0270 0.0524 0.1069 -0.1329 -0.3248 -0.3402 -0.3398 -0.3111 -0.2349 -0.1167 -0.0420 -0.0150 -0.0053 0.0002 0.0045 0.0096 0.0159 0.0233 0.0317 0.0418 0.0557 0.0867 0.1023 0.0731 -0.0451 -0.1613 -0.2613 -0.3244 -0.3324 -0.3384 -0.3416 -0.3409 -0.3348 -0.3211 -0.2970 -0.2589 -0.2045 -0.1400 -0.0837 -0.0473 -0.0264 -0.0150 -0.0108 -0.0150 -0.0264 -0.0473 -0.0837 -0.1400 -0.2045 -0.2589 -0.2970 -0.3211 -0.3348 -0.3409 -0.3416 -0.3384 -0.3324 -0.3244 -0.2613 -0.1613 -0.0451 0.0731 0.1023 0.0867 0.0557 0.0418 0.0317 0.0233 0.0159 0.0096 0.0045 0.0002 -0.0053 -0.0150 -0.0420 -0.1167 -0.2349 -0.3111 -0.3398 -0.3403 -0.3248 -0.1329 0.1069 0.0524 0.0270 0.0113 0.0015 -0.0097 -0.0483 -0.1962 -0.3151 -0.3412 -0.1222
-0.1346 -0.3391 -0.2871 -0.1317 -0.0272 -0.0047 0.0046 0.0163 0.0349 0.0772 0.0399 -0.2693 -0.3350 -0.3422 -0.3226 -0.2534 -0.1275 -0.0420 -0.0134 -0.0039 0.0017 0.0067 0.0134 0.0215 0.0311 0.0424 0.0584 0.0968 0.1074 0.0138 -0.1288 -0.2316 -0.3220 -0.3307 -0.3374 -0.3413 -0.3414 -0.3363 -0.3241 -0.3020 -0.2664 -0.2149 -0.1510 -0.0920 -0.0522 -0.0293 -0.0166 -0.0095 -0.0046 -0.0007 0.0017 -0.0007 -0.0046 -0.0095 -0.0166 -0.0293 -0.0522 -0.0920 -0.1510 -0.2149 -0.2664 -0.3020 -0.3241 -0.3363 -0.3414 -0.3413 -0.3374 -0.3307 -0.3220 -0.2316 -0.1288 0.0138 0.1074 0.0968 0.0584 0.0424 0.0311 0.0215 0.0134 0.0067 0.0017 -0.0039 -0.0134 -0.0420 -0.1275 -0.2534 -0.3226 -0.3422 -0.3350 -0.2693 0.0399 0.0772 0.0349 0.0163 0.0046 -0.0047 -0.0272 -0.1317 -0.2871 -0.3391 -0.1346
-0.1442 -0.3311 -0.2441 -0.0778 -0.0154 -0.0011 0.0079 0.0221 0.0448 0.1004 -0.0980 -0.3247 -0.3410 -0.3350 -0.2842 -0.1620 -0.0517 -0.0150 -0.0039 0.0021 0.0080 0.0159 0.0256 0.0374 0.0526 0.0834 0.1138 -0.0058 -0.1733 -0.3006 -0.3268 -0.3351 -0.3404 -0.3419 -0.3382 -0.3276 -0.3074 -0.2743 -0.2251 -0.1623 -0.1009 -0.0576 -0.0323 -0.0183 -0.0105 -0.0053 -0.0015 0.0017 0.0048 0.0083 0.0116 0.0083 0.0048 0.0017 -0.0015 -0.0053 -0.0105 -0.0183 -0.0323 -0.0576 -0.1009 -0.1623 -0.2251 -0.2743 -0.3074 -0.3276 -0.3382 -0.3419 -0.3404 -0.3351 -0.3268 -0.3006 -0.1733 -0.0058 0.1138 0.0834 0.0526 0.0374 0.0256 0.0159 0.0080 0.0021 -0.0039 -0.0150 -0.0517 -0.1620 -0.2842 -0.3350 -0.3410 -0.3247 -0.0980 0.1004 0.0448 0.0221 0.0079 -0.0011 -0.0154 -0.0778 -0.2441 -0.3311 -0.1442
-0.1508 -0.3149 -0.1854 -0.0438 -0.0087 0.0021 0.0122 0.0289 0.0601 0.0917 -0.2077 -0.3336 -0.3418 -0.3154 -0.2190 -0.0780 -0.0207 -0.0053 0.0017 0.0080 0.0168 0.0278 0.0416 0.0611 0.1135 0.0450 -0.1420 -0.3158 -0.3279 -0.3369 -0.3417 -0.3411 -0.3334 -0.3161 -0.2859 -0.2395 -0.1773 -0.1123 -0.0641 -0.0358 -0.0202 -0.0116 -0.0061 -0.0021 0.0012 0.0042 0.0075 0.0116 0.0166 0.0228 0.0280 0.0228 0.0166 0.0116 0.0075 0.0042 0.0012 -0.0021 -0.0061 -0.0116 -0.0202 -0.0358 -0.0641 -0.1123 -0.1773 -0.2395 -0.2859 -0.3161 -0.3334 -0.3411 -0.3417 -0.3369 -0.3279 -0.3158 -0.1420 0.0450 0.1135 0.0611 0.0416 0.0278 0.0168 0.0080 0.0017 -0.0053 -0.0207 -0.0780 -0.2188 -0.3153 -0.3418 -0.3336 -0.2077 0.0917 0.0601 0.0289 0.0122 0.0021 -0.0087 -0.0438 -0.1854 -0.3149 -0.1508
-0.1538 -0.2875 -0.1212 -0.0246 -0.0040 0.0052 0.0173 0.0369 0.0917 -0.0150 -0.3198 -0.3396 -0.3359 -0.2792 -0.1361 -0.0349 -0.0085 0.0002 0.0067 0.0159 0.0278 0.0430 0.0663 0.1217 -0.0265 -0.2608 -0.3241 -0.3354 -0.3417 -0.3411 -0.3310 -0.3080 -0.2677 -0.2075 -0.1358 -0.0770 -0.0418 -0.0229 -0.0129 -0.0070 -0.0028 0.0006 0.0037 0.0069 0.0108 0.0157 0.0213 0.0279 0.0358 0.0463 0.0567 0.0463 0.0358 0.0279 0.0213 0.0157 0.0108 0.0069 0.0037 0.0006 -0.0028 -0.0070 -0.0129 -0.0229 -0.0418 -0.0770 -0.1358 -0.2075 -0.2677 -0.3080 -0.3310 -0.3411 -0.3417 -0.3354 -0.3241 -0.2608 -0.0266 0.1217 0.0663 0.0430 0.0278 0.0159 0.0067 0.0002 -0.0085 -0.0349 -0.1360 -0.2791 -0.3358 -0.3396 -0.3198 -0.0150 0.0917 0.0369 0.0173 0.0052 -0.0040 -0.0246 -0.1212 -0.2875 -0.1538
-0.1524 -0.2454 -0.0706 -0.0141 -0.0005 0.0086 0.0232 0.0474 0.1012 -0.1403 -0.3289 -0.3420 -0.3210 -0.2230 -0.0707 -0.0161 -0.0027 0.0045 0.0134 0.0256 0.0416 0.0663 0.1164 -0.0639 -0.3136 -0.3290 -0.3394 -0.3424 -0.3347 -0.3114 -0.2661 -0.1955 -0.1157 -0.0595 -0.0304 -0.0160 -0.0086 -0.0037 -0.0001 0.0030 0.0062 0.0100 0.0148 0.0203 0.0267 0.0343 0.0438 0.0582 0.0902 0.0970 0.0851 0.0970 0.0902 0.0582 0.0438 0.0343 0.0267 0.0203 0.0148 0.0100 0.0062 0.0030 -0.0001 -0.0037 -0.0086 -0.0160 -0.0304 -0.0595 -0.1157 -0.1955 -0.2661 -0.3114 -0.3347 -0.3424 -0.3394 -0.3290 -0.3136 -0.0639 0.1164 0.0663 0.0416 0.0256 0.0134 0.0045 -0.0027 -0.0161 -0.0707 -0.2229 -0.3209 -0.3420 -0.3289 -0.1403 0.1012 0.0474 0.0232 0.0086 -0.0005 -0.0141 -0.0706 -0.2454 -0.1524
-0.1457 -0.1878 -0.0397 -0.0078 0.0026 0.0130 0.0302 0.0648 0.0732 -0.2316 -0.3360 -0.3396 -0.2942 -0.1520 -0.0357 -0.0077 0.0016 0.0096 0.0215 0.0374 0.0611 0.1217 -0.0639 -0.3151 -0.3313 -0.3411 -0.3411 -0.3259 -0.2873 -0.2165 -0.1253 -0.0592 -0.0275 -0.0132 -0.0063 -0.0018 0.0018 0.0051 0.0088 0.0135 0.0190 0.0254 0.0328 0.0419 0.0549 0.0824 0.0993 0.0962 -0.0034 -0.1309 -0.1866 -0.1309 -0.0034 0.0962 0.0993 0.0824 0.0549 0.0419 0.0328 0.0254 0.0190 0.0135 0.0088 0.0051 0.0018 -0.0018 -0.0063 -0.0132 -0.0275 -0.0592 -0.1253 -0.2165 -0.2873 -0.3259 -0.3411 -0.3411 -0.3313 -0.3150 -0.0639 0.1217 0.0611 0.0374 0.0215 0.0096 0.0016 -0.0077 -0.0356 -0.1519 -0.2941 -0.3396 -0.3360 -0.2316 0.0732 0.0648 0.0302 0.0130 0.0026 -0.0078 -0.0397 -0.1878 -0.1457
-0.1331 -0.1242 -0.0224 -0.0034 0.0057 0.0182 0.0385 0.0939 -0.0404 -0.3221 -0.3406 -0.3309 -0.2522 -0.0886 -0.0185 -0.0028 0.0053 0.0159 0.0311 0.0526 0.1135 -0.0266 -0.3136 -0.3313 -0.3416 -0.3398 -0.3186 -0.2658 -0.1739 -0.0814 -0.0340 -0.0145 -0.0062 -0.0012 0.0026 0.0064 0.0111 0.0166 0.0231 0.0305 0.0393 0.0511 0.0731 0.0977 0.1005 0.0185 -0.1078 -0.2012 -0.3194 -0.3282 -0.3325 -0.3282 -0.3194 -0.2012 -0.1078 0.0185 0.1005 0.0977 0.0731 0.0511 0.0393 0.0305 0.0231 0.0166 0.0111 0.0064 0.0026 -0.0012 -0.0062 -0.0145 -0.0340 -0.0814 -0.1739 -0.2658 -0.3186 -0.3398 -0.3416 -0.3313 -0.3136 -0.0266 0.1135 0.0526 0.0311 0.0159 0.0053 -0.0028 -0.0185 -0.0883 -0.2520 -0.3309 -0.3406 -0.3221 -0.0404 0.0939 0.0385 0.0182 0.0057 -0.0034 -0.0224 -0.1242 -0.1331
-0.1152 -0.0732 -0.0128 0.0000 0.0093 0.0243 0.0496 0.1015 -0.1549 -0.3305 -0.3418 -0.3135 -0.1934 -0.0484 -0.0100 0.0010 0.0098 0.0233 0.0424 0.0834 0.0450 -0.2608 -0.3290 -0.3411 -0.3398 -0.3157 -0.2534 -0.1476 -0.0600 -0.0229 -0.0088 -0.0025 0.0020 0.0062 0.0116 0.0181 0.0255 0.0342 0.0448 0.0610 0.0944 0.1032 0.0474 -0.0782 -0.1840 -0.2966 -0.3267 -0.3342 -0.3396 -0.3419 -0.3417 -0.3419 -0.3396 -0.3342 -0.3267 -0.2966 -0.1840 -0.0782 0.0474 0.1032 0.0944 0.0610 0.0448 0.0342 0.0255 0.0181 0.0116 0.0062 0.0020 -0.0025 -0.0088 -0.0229 -0.0600 -0.1476 -0.2534 -0.3157 -0.3398 -0.3411 -0.3290 -0.2608 0.0450 0.0834 0.0424 0.0233 0.0097 0.0010 -0.0100 -0.0483 -0.1932 -0.3135 -0.3418 -0.3305 -0.1549 0.1015 0.0496 0.0243 0.0093 0.0000 -0.0128 -0.0732 -0.1152
-0.0945 -0.0416 -0.0070 0.0031 0.0139 0.0315 0.0695 0.0569 -0.2509 -0.3371 -0.3382 -0.2841 -0.1276 -0.0266 -0.0047 0.0043 0.0152 0.0317 0.0583 0.1139 -0.1420 -0.3241 -0.3394 -0.3411 -0.3186 -0.2534 -0.1390 -0.0514 -0.0180 -0.0063 -0.0003 0.0042 0.0098 0.0168 0.0251 0.0348 0.0469 0.0664 0.1009 0.0948 -0.0226 -0.1582 -0.2621 -0.3244 -0.3327 -0.3387 -0.3417 -0.3406 -0.3338 -0.3193 -0.3072 -0.3193 -0.3338 -0.3406 -0.3417 -0.3387 -0.3327 -0.3244 -0.2621 -0.1582 -0.0226 0.0948 0.1009 0.0664 0.0469 0.0348 0.0251 0.0168 0.0098 0.0042 -0.0003 -0.0063 -0.0180 -0.0514 -0.1390 -0.2534 -0.3186 -0.3411 -0.3394 -0.3241 -0.1420 0.1138 0.0584 0.0317 0.0152 0.0043 -0.0047 -0.0265 -0.1275 -0.2841 -0.3382 -0.3371 -0.2509 0.0569 0.0695 0.0315 0.0139 0.0031 -0.0070 -0.0416 -0.0945
-0.0741 -0.0239 -0.0028 0.0063 0.0192 0.0401 0.0959 -0.0618 -0.3236 -0.3411 -0.3282 -0.2395 -0.0744 -0.0149 -0.0009 0.0078 0.0214 0.0417 0.0967 -0.0055 -0.3158 -0.3354 -0.3424 -0.3259 -0.2658 -0.1476 -0.0514 -0.0166 -0.0052 0.0008 0.0058 0.0127 0.0211 0.0313 0.0438 0.0621 0.1037 0.0846 -0.0577 -0.2028 -0.3194 -0.3293 -0.3368 -0.3412 -0.3415 -0.3362 -0.3234 -0.3002 -0.2623 -0.2092 -0.1739 -0.2092 -0.2623 -0.3002 -0.3234 -0.3362 -0.3415 -0.3412 -0.3368 -0.3293 -0.3194 -0.2028 -0.0577 0.0846 0.1037 0.0621 0.0438 0.0313 0.0211 0.0127 0.0058 0.0008 -0.0052 -0.0166 -0.0514 -0.1476 -0.2658 -0.3259 -0.3424 -0.3354 -0.3158 -0.0058 0.0968 0.0418 0.0214 0.0078 -0.0009 -0.0149 -0.0743 -0.2395 -0.3282 -0.3411 -0.3236 -0.0618 0.0959 0.0401 0.0192 0.0063 -0.0028 -0.0239 -0.0741
-0.0566 -0.0141 0.0006 0.0100 0.0255 0.0521 0.1012 -0.1693 -0.3318 -0.3415 -0.3090 -0.1794 -0.0416 -0.0083 0.0022 0.0123 0.0285 0.0556 0.1076 -0.1729 -0.3279 -0.3417 -0.3347 -0.2873 -0.1739 -0.0600 -0.0180 -0.0052 0.0012 0.0068 0.0145 0.0242 0.0362 0.0517 0.0832 0.1083 -0.0346 -0.2158 -0.3206 -0.3314 -0.3389 -0.3421 -0.3397 -0.3298 -0.3095 -0.2753 -0.2246 -0.1596 -0.0969 -0.0548 -0.0394 -0.0548 -0.0969 -0.1596 -0.2246 -0.2753 -0.3095 -0.3298 -0.3397 -0.3421 -0.3389 -0.3314 -0.3206 -0.2158 -0.0346 0.1083 0.0832 0.0517 0.0362 0.0242 0.0145 0.0068 0.0012 -0.0052 -0.0180 -0.0600 -0.1739 -0.2873 -0.3347 -0.3417 -0.3279 -0.1733 0.1074 0.0557 0.0285 0.0123 0.0022 -0.0083 -0.0416 -0.1794 -0.3090 -0.3415 -0.3318 -0.1693 0.1012 0.0521 0.0255 0.0100 0.0006 -0.0141 -0.0566
-0.0430 -0.0077 0.0036 0.0147 0.0328 0.0751 0.0389 -0.2719 -0.3380 -0.3370 -0.2774 -0.1157 -0.0234 -0.0037 0.0054 0.0176 0.0369 0.0866 0.0141 -0.3006 -0.3369 -0.3411 -0.3114 -0.2165 -0.0814 -0.0229 -0.0063 0.0008 0.0068 0.0152 0.0259 0.0393 0.0580 0.1124 0.0518 -0.1458 -0.3170 -0.3298 -0.3387 -0.3423 -0.3386 -0.3250 -0.2976 -0.2521 -0.1876 -0.1176 -0.0654 -0.0356 -0.0195 -0.0111 -0.0073 -0.0111 -0.0195 -0.0356 -0.0654 -0.1176 -0.1876 -0.2521 -0.2976 -0.3250 -0.3386 -0.3423 -0.3387 -0.3298 -0.3170 -0.1458 0.0518 0.1124 0.0580 0.0393 0.0259 0.0152 0.0068 0.0008 -0.0063 -0.0229 -0.0814 -0.2165 -0.3114 -0.3411 -0.3369 -0.3006 0.0138 0.0867 0.0369 0.0176 0.0054 -0.0037 -0.0234 -0.1157 -0.2774 -0.3370 -0.3380 -0.2719 0.0389 0.0751 0.0328 0.0147 0.0036 -0.0077 -0.0430
-0.0336 -0.0028 0.0068 0.0202 0.0419 0.0976 -0.0836 -0.3251 -0.3415 -0.3256 -0.2300 -0.0669 -0.0134 -0.0002 0.0089 0.0237 0.0476 0.1023 -0.1288 -0.3268 -0.3417 -0.3310 -0.2661 -0.1253 -0.0340 -0.0088 -0.0003 0.0058 0.0145 0.0259 0.0404 0.0616 0.1276 -0.0031 -0.2525 -0.3236 -0.3356 -0.3420 -0.3402 -0.3266 -0.2960 -0.2426 -0.1674 -0.0943 -0.0486 -0.0252 -0.0135 -0.0071 -0.0027 0.0009 0.0034 0.0009 -0.0027 -0.0071 -0.0135 -0.0252 -0.0486 -0.0943 -0.1674 -0.2426 -0.2960 -0.3266 -0.3402 -0.3420 -0.3356 -0.3236 -0.2525 -0.0031 0.1276 0.0616 0.0404 0.0259 0.0145 0.0058 -0.0003 -0.0088 -0.0340 -0.1253 -0.2661 -0.3310 -0.3417 -0.3268 -0.1288 0.1023 0.0476 0.0237 0.0089 -0.0002 -0.0134 -0.0669 -0.2300 -0.3256 -0.3415 -0.3251 -0.0836 0.0976 0.0419 0.0202 0.0068 -0.0028 -0.0336
-0.0282 0.0015 0.0108 0.0266 0.0548 0.1000 -0.1842 -0.3330 -0.3412 -0.3046 -0.1683 -0.0376 -0.0073 0.0029 0.0135 0.0308 0.0655 0.0731 -0.2316 -0.3351 -0.3411 -0.3080 -0.1955 -0.0592 -0.0145 -0.0025 0.0042 0.0127 0.0242 0.0393 0.0616 0.1250 -0.0324 -0.3114 -0.3276 -0.3389 -0.3425 -0.3344 -0.3084 -0.2564 -0.1752 -0.0927 -0.0440 -0.0211 -0.0105 -0.0047 -0.0007 0.0027 0.0060 0.0103 0.0141 0.0103 0.0060 0.0027 -0.0007 -0.0047 -0.0105 -0.0211 -0.0440 -0.0927 -0.1752 -0.2564 -0.3084 -0.3344 -0.3425 -0.3389 -0.3276 -0.3114 -0.0324 0.1250 0.0616 0.0393 0.0242 0.0127 0.0042 -0.0025 -0.0145 -0.0592 -0.1955 -0.3080 -0.3411 -0.3351 -0.2316 0.0731 0.0655 0.0308 0.0135 0.0029 -0.0073 -0.0376 -0.1683 -0.3046 -0.3412 -0.3330 -0.1842 0.1000 0.0548 0.0266 0.0108 0.0015 -0.0282
-0.0233 0.0061 0.0156 0.0342 0.0820 0.0194 -0.2953 -0.3388 -0.3356 -0.2705 -0.1060 -0.0212 -0.0031 0.0060 0.0188 0.0393 0.0948 -0.0451 -0.3220 -0.3404 -0.3334 -0.2677 -0.1157 -0.0275 -0.0062 0.0020 0.0098 0.0211 0.0362 0.0580 0.1276 -0.0324 -0.3126 -0.3295 -0.3404 -0.3417 -0.3275 -0.2886 -0.2145 -0.1182 -0.0523 -0.0228 -0.0102 -0.0041 0.0003 0.0039 0.0077 0.0126 0.0184 0.0254 0.0313 0.0254 0.0184 0.0126 0.0077 0.0039 0.0003 -0.0041 -0.0102 -0.0228 -0.0523 -0.1182 -0.2145 -0.2886 -0.3275 -0.3417 -0.3404 -0.3295 -0.3126 -0.0324 0.1276 0.0580 0.0362 0.0211 0.0098 0.0020 -0.0062 -0.0275 -0.1157 -0.2677 -0.3334 -0.3404 -0.3220 -0.0451 0.0948 0.0393 0.0188 0.0060 -0.0031 -0.0212 -0.1060 -0.2705 -0.3356 -0.3388 -0.2953 0.0194 0.0820 0.0342 0.0156 0.0061 -0.0233
-0.0183 0.0111 0.0212 0.0437 0.0992 -0.1061 -0.3266 -0.3417 -0.3228 -0.2203 -0.0607 -0.0122 0.0003 0.0097 0.0249 0.0509 0.1017 -0.1613 -0.3308 -0.3419 -0.3161 -0.2075 -0.0595 -0.0132 -0.0012 0.0062 0.0168 0.0313 0.0517 0.1124 -0.0031 -0.3114 -0.3295 -0.3408 -0.3409 -0.3221 -0.2720 -0.1802 -0.0830 -0.0333 -0.0134 -0.0053 -0.0002 0.0038 0.0082 0.0139 0.0205 0.0282 0.0372 0.0493 0.0616 0.0493 0.0372 0.0282 0.0205 0.0139 0.0082 0.0038 -0.0002 -0.0053 -0.0134 -0.0333 -0.0830 -0.1802 -0.2720 -0.3221 -0.3409 -0.3408 -0.3295 -0.3114 -0.0031 0.1124 0.0517 0.0313 0.0168 0.0062 -0.0012 -0.0132 -0.0595 -0.2075 -0.3161 -0.3419 -0.3307 -0.1613 0.1017 0.0509 0.0249 0.0097 0.0003 -0.0122 -0.0607 -0.2203 -0.3228 -0.3417 -0.3266 -0.1061 0.0992 0.0437 0.0212 0.0111 -0.0183
-0.0135 0.0162 0.0278 0.0579 0.0971 -0.1998 -0.3342 -0.3406 -0.2998 -0.1571 -0.0341 -0.0065 0.0034 0.0143 0.0322 0.0723 0.0481 -0.2613 -0.3374 -0.3382 -0.2860 -0.1357 -0.0304 -0.0063 0.0026 0.0116 0.0251 0.0438 0.0832 0.0518 -0.2525 -0.3276 -0.3404 -0.3409 -0.3200 -0.2627 -0.1591 -0.0649 -0.0241 -0.0090 -0.0024 0.0023 0.0069 0.0130 0.0203 0.0290 0.0392 0.0527 0.0801 0.0985 0.0797 0.0985 0.0801 0.0527 0.0392 0.0290 0.0203 0.0130 0.0069 0.0023 -0.0024 -0.0090 -0.0241 -0.0649 -0.1591 -0.2627 -0.3200 -0.3409 -0.3404 -0.3276 -0.2525 0.0518 0.0832 0.0438 0.0251 0.0116 0.0026 -0.0063 -0.0304 -0.1358 -0.2859 -0.3382 -0.3374 -0.2613 0.0481 0.0723 0.0322 0.0143 0.0034 -0.0065 -0.0341 -0.1571 -0.2998 -0.3406 -0.3342 -0.1998 0.0971 0.0579 0.0278 0.0162 -0.0135
-0.0091 0.0211 0.0357 0.0899 -0.0011 -0.3191 -0.3395 -0.3340 -0.2631 -0.0968 -0.0193 -0.0024 0.0066 0.0198 0.0411 0.0968 -0.0733 -0.3244 -0.3413 -0.3276 -0.2396 -0.0770 -0.0160 -0.0018 0.0064 0.0181 0.0348 0.0621 0.1083 -0.1458 -0.3236 -0.3389 -0.3417 -0.3221 -0.2627 -0.1520 -0.0574 -0.0199 -0.0068 -0.0006 0.0041 0.0100 0.0174 0.0264 0.0372 0.0512 0.0782 0.1097 0.0366 -0.1156 -0.2005 -0.1156 0.0366 0.1097 0.0782 0.0512 0.0373 0.0264 0.0174 0.0100 0.0041 -0.0006 -0.0068 -0.0199 -0.0573 -0.1520 -0.2627 -0.3221 -0.3417 -0.3389 -0.3236 -0.1458 0.1083 0.0621 0.0348 0.0181 0.0064 -0.0018 -0.0160 -0.0770 -0.2395 -0.3276 -0.3413 -0.3244 -0.0733 0.0968 0.0411 0.0198 0.0066 -0.0024 -0.0193 -0.0968 -0.2631 -0.3340 -0.3395 -0.3191 -0.0011 0.0899 0.0357 0.0211 -0.0091
-0.0053 0.0258 0.0456 0.1004 -0.1289 -0.3280 -0.3418 -0.3197 -0.2102 -0.0550 -0.0111 0.0009 0.0104 0.0261 0.0535 0.1006 -0.1773 -0.3324 -0.3414 -0.3075 -0.1774 -0.0419 -0.0086 0.0018 0.0111 0.0255 0.0469 0.1037 -0.0346 -0.3170 -0.3356 -0.3425 -0.3275 -0.2720 -0.1591 -0.0574 -0.0186 -0.0059 0.0004 0.0054 0.0123 0.0210 0.0316 0.0449 0.0654 0.1104 0.0520 -0.1166 -0.2727 -0.3253 -0.3310 -0.3253 -0.2727 -0.1166 0.0520 0.1104 0.0654 0.0449 0.0316 0.0210 0.0123 0.0054 0.0004 -0.0059 -0.0187 -0.0573 -0.1591 -0.2720 -0.3275 -0.3425 -0.3356 -0.3170 -0.0346 0.1037 0.0469 0.0255 0.0111 0.0018 -0.0086 -0.0418 -0.1773 -0.3074 -0.3414 -0.3324 -0.1773 0.1006 0.0535 0.0261 0.0104 0.0009 -0.0111 -0.0550 -0.2102 -0.3197 -0.3418 -0.3280 -0.1289 0.1004 0.0456 0.0258 -0.0053
-0.0022 0.0306 0.0614 0.0851 -0.2164 -0.3352 -0.3400 -0.2946 -0.1460 -0.0309 -0.0057 0.0039 0.0152 0.0336 0.0786 0.0285 -0.2843 -0.3384 -0.3364 -0.2745 -0.1125 -0.0230 -0.0038 0.0051 0.0166 0.0342 0.0664 0.0846 -0.2158 -0.3298 -0.3420 -0.3344 -0.2886 -0.1802 -0.0649 -0.0199 -0.0059 0.0007 0.0062 0.0138 0.0235 0.0356 0.0515 0.0842 0.1025 -0.0577 -0.2539 -0.3238 -0.3346 -0.3411 -0.3428 -0.3411 -0.3346 -0.3238 -0.2539 -0.0577 0.1023 0.0844 0.0515 0.0356 0.0235 0.0138 0.0062 0.0007 -0.0059 -0.0199 -0.0649 -0.1802 -0.2886 -0.3344 -0.3420 -0.3298 -0.2158 0.0846 0.0664 0.0342 0.0166 0.0051 -0.0037 -0.0229 -0.1123 -0.2743 -0.3363 -0.3384 -0.2843 0.0285 0.0786 0.0336 0.0152 0.0039 -0.0057 -0.0309 -0.1460 -0.2946 -0.3400 -0.3352 -0.2164 0.0851 0.0614 0.0306 -0.0022
0.0008 0.0376 0.0921 -0.0221 -0.3207 -0.3402 -0.3322 -0.2552 -0.0882 -0.0175 -0.0018 0.0071 0.0208 0.0428 0.0985 -0.0957 -0.3259 -0.3416 -0.3241 -0.2253 -0.0643 -0.0130 -0.0001 0.0088 0.0230 0.0448 0.1009 -0.0577 -0.3206 -0.3387 -0.3402 -0.3084 -0.2145 -0.0830 -0.0241 -0.0068 0.0004 0.0062 0.0143 0.0248 0.0381 0.0565 0.1090 0.0535 -0.1526 -0.3181 -0.3312 -0.3399 -0.3422 -0.3354 -0.3269 -0.3353 -0.3422 -0.3399 -0.3313 -0.3181 -0.1530 0.0532 0.1092 0.0565 0.0381 0.0248 0.0143 0.0062 0.0004 -0.0068 -0.0241 -0.0830 -0.2145 -0.3084 -0.3402 -0.3387 -0.3206 -0.0577 0.1009 0.0448 0.0231 0.0088 -0.0001 -0.0129 -0.0641 -0.2251 -0.3241 -0.3416 -0.3259 -0.0957 0.0985 0.0428 0.0208 0.0071 -0.0018 -0.0175 -0.0882 -0.2552 -0.3322 -0.3402 -0.3207 -0.0221 0.0921 0.0376 0.0008
0.0041 0.0482 0.1012 -0.1428 -0.3294 -0.3419 -0.3162 -0.1997 -0.0499 -0.0100 0.0014 0.0112 0.0273 0.0564 0.0989 -0.1926 -0.3336 -0.3409 -0.3020 -0.1625 -0.0359 -0.0070 0.0030 0.0135 0.0304 0.0609 0.0948 -0.2028 -0.3314 -0.3423 -0.3266 -0.2564 -0.1182 -0.0333 -0.0090 -0.0006 0.0054 0.0138 0.0248 0.0390 0.0593 0.1260 0.0089 -0.2429 -0.3235 -0.3359 -0.3422 -0.3393 -0.3220 -0.2844 -0.2524 -0.2843 -0.3219 -0.3393 -0.3422 -0.3360 -0.3236 -0.2435 0.0089 0.1260 0.0593 0.0390 0.0248 0.0138 0.0054 -0.0006 -0.0090 -0.0333 -0.1182 -0.2564 -0.3266 -0.3423 -0.3314 -0.2028 0.0948 0.0610 0.0305 0.0135 0.0030 -0.0070 -0.0358 -0.1623 -0.3020 -0.3409 -0.3336 -0.1926 0.0989 0.0564 0.0273 0.0112 0.0014 -0.0100 -0.0499 -0.1997 -0.3162 -0.3419 -0.3294 -0.1428 0.1012 0.0482 0.0041
0.0083 0.0660 0.0709 -0.2343 -0.3363 -0.3391 -0.2890 -0.1351 -0.0280 -0.0050 0.0045 0.0161 0.0350 0.0864 0.0084 -0.3090 -0.3392 -0.3348 -0.2665 -0.1010 -0.0202 -0.0028 0.0062 0.0190 0.0392 0.0944 -0.0226 -0.3194 -0.3389 -0.3386 -0.2960 -0.1752 -0.0523 -0.0134 -0.0024 0.0041 0.0123 0.0235 0.0381 0.0593 0.1282 -0.0150 -0.3011 -0.3269 -0.3386 -0.3425 -0.3340 -0.3059 -0.2466 -0.1574 -0.1075 -0.1572 -0.2463 -0.3058 -0.3339 -0.3425 -0.3386 -0.3269 -0.3011 -0.0150 0.1282 0.0593 0.0381 0.0235 0.0123 0.0041 -0.0024 -0.0134 -0.0523 -0.1752 -0.2960 -0.3386 -0.3389 -0.3194 -0.0226 0.0944 0.0393 0.0190 0.0062 -0.0028 -0.0202 -0.1009 -0.2664 -0.3348 -0.3392 -0.3090 0.0084 0.0864 0.0350 0.0161 0.0045 -0.0050 -0.0280 -0.1351 -0.2890 -0.3391 -0.3363 -0.2343 0.0709 0.0660 0.0083
0.0136 0.0950 -0.0434 -0.3223 -0.3407 -0.3301 -0.2469 -0.0802 -0.0159 -0.0013 0.0077 0.0218 0.0447 0.0999 -0.1188 -0.3274 -0.3418 -0.3211 -0.2149 -0.0576 -0.0116 0.0006 0.0100 0.0253 0.0510 0.1032 -0.1582 -0.3293 -0.3421 -0.3250 -0.2426 -0.0927 -0.0228 -0.0053 0.0023 0.0100 0.0210 0.0356 0.0565 0.1260 -0.0150 -0.3112 -0.3285 -0.3399 -0.3419 -0.3282 -0.2889 -0.2119 -0.1103 -0.0463 -0.0277 -0.0462 -0.1100 -0.2116 -0.2887 -0.3281 -0.3419 -0.3399 -0.3285 -0.3112 -0.0150 0.1260 0.0565 0.0356 0.0210 0.0100 0.0023 -0.0053 -0.0228 -0.0927 -0.2426 -0.3250 -0.3421 -0.3293 -0.1582 0.1032 0.0511 0.0254 0.0100 0.0006 -0.0116 -0.0576 -0.2149 -0.3211 -0.3418 -0.3274 -0.1188 0.0999 0.0447 0.0218 0.0077 -0.0013 -0.0159 -0.0802 -0.2469 -0.3301 -0.3407 -0.3223 -0.0434 0.0950 0.0136
0.0212 0.1024 -0.1569 -0.3307 -0.3417 -0.3125 -0.1889 -0.0452 -0.0090 0.0019 0.0120 0.0285 0.0597 0.0909 -0.2087 -0.3348 -0.3403 -0.2970 -0.1510 -0.0323 -0.0061 0.0037 0.0148 0.0328 0.0731 0.0474 -0.2621 -0.3368 -0.3397 -0.2976 -0.1674 -0.0440 -0.0102 -0.0002 0.0069 0.0174 0.0316 0.0515 0.1092 0.0089 -0.3011 -0.3285 -0.3403 -0.3413 -0.3238 -0.2752 -0.1831 -0.0831 -0.0317 -0.0121 -0.0062 -0.0121 -0.0316 -0.0829 -0.1827 -0.2751 -0.3238 -0.3413 -0.3403 -0.3285 -0.3011 0.0089 0.1092 0.0515 0.0316 0.0174 0.0069 -0.0002 -0.0102 -0.0440 -0.1674 -0.2976 -0.3397 -0.3368 -0.2621 0.0474 0.0731 0.0328 0.0148 0.0037 -0.0061 -0.0323 -0.1510 -0.2970 -0.3403 -0.3348 -0.2087 0.0909 0.0597 0.0285 0.0120 0.0019 -0.0090 -0.0452 -0.1889 -0.3125 -0.3417 -0.3307 -0.1569 0.1024 0.0212
0.0342 0.0551 -0.2537 -0.3372 -0.3381 -0.2829 -0.1245 -0.0254 -0.0043 0.0050 0.0170 0.0365 0.0911 -0.0125 -0.3200 -0.3399 -0.3331 -0.2589 -0.0920 -0.0183 -0.0021 0.0069 0.0203 0.0419 0.0977 -0.0782 -0.3244 -0.3412 -0.3298 -0.2521 -0.0943 -0.0211 -0.0041 0.0038 0.0130 0.0264 0.0449 0.0844 0.0532 -0.2435 -0.3269 -0.3399 -0.3413 -0.3222 -0.2676 -0.1653 -0.0677 -0.0247 -0.0088 -0.0018 0.0020 -0.0018 -0.0088 -0.0246 -0.0675 -0.1651 -0.2676 -0.3222 -0.3413 -0.3399 -0.3269 -0.2435 0.0532 0.0844 0.0449 0.0264 0.0130 0.0038 -0.0041 -0.0211 -0.0943 -0.2521 -0.3298 -0.3412 -0.3244 -0.0782 0.0977 0.0419 0.0203 0.0069 -0.0021 -0.0183 -0.0920 -0.2589 -0.3331 -0.3399 -0.3200 -0.0125 0.0911 0.0365 0.0170 0.0050 -0.0043 -0.0254 -0.1245 -0.2829 -0.3381 -0.3372 -0.2537 0.0551 0.0342
0.0480 -0.0655 -0.3239 -0.3412 -0.3278 -0.2380 -0.0728 -0.0145 -0.0007 0.0084 0.0229 0.0467 0.1009 -0.1364 -0.3288 -0.3419 -0.3179 -0.2045 -0.0522 -0.0105 0.0012 0.0108 0.0267 0.0549 0.1005 -0.1840 -0.3327 -0.3415 -0.3095 -0.1876 -0.0486 -0.0105 0.0003 0.0082 0.0203 0.0373 0.0654 0.1023 -0.1530 -0.3236 -0.3386 -0.3419 -0.3238 -0.2676 -0.1593 -0.0610 -0.0210 -0.0071 -0.0007 0.0045 0.0093 0.0045 -0.0007 -0.0071 -0.0210 -0.0609 -0.1593 -0.2676 -0.3238 -0.3419 -0.3386 -0.3236 -0.1530 0.1023 0.0654 0.0373 0.0203 0.0082 0.0003 -0.0105 -0.0486 -0.1876 -0.3095 -0.3415 -0.3327 -0.1840 0.1005 0.0549 0.0267 0.0108 0.0012 -0.0105 -0.0522 -0.2045 -0.3179 -0.3419 -0.3288 -0.1364 0.1009 0.0467 0.0229 0.0084 -0.0007 -0.0145 -0.0728 -0.2380 -0.3278 -0.3412 -0.3239 -0.0655 0.0480
0.0474 -0.1732 -0.3320 -0.3415 -0.3084 -0.1778 -0.0409 -0.0081 0.0024 0.0128 0.0298 0.0635 0.0777 -0.2260 -0.3358 -0.3395 -0.2916 -0.1400 -0.0293 -0.0053 0.0042 0.0157 0.0343 0.0824 0.0185 -0.2966 -0.3387 -0.3362 -0.2753 -0.1176 -0.0252 -0.0047 0.0039 0.0139 0.0290 0.0512 0.1104 -0.0577 -0.3181 -0.3360 -0.3425 -0.3281 -0.2751 -0.1651 -0.0609 -0.0199 -0.0064 0.0001 0.0052 0.0128 0.0197 0.0128 0.0052 0.0001 -0.0063 -0.0199 -0.0609 -0.1651 -0.2751 -0.3281 -0.3425 -0.3360 -0.3181 -0.0577 0.1104 0.0512 0.0290 0.0139 0.0039 -0.0047 -0.0252 -0.1176 -0.2753 -0.3362 -0.3387 -0.2966 0.0185 0.0824 0.0343 0.0157 0.0042 -0.0053 -0.0293 -0.1400 -0.2916 -0.3395 -0.3358 -0.2260 0.0777 0.0635 0.0298 0.0128 0.0024 -0.0081 -0.0409 -0.1778 -0.3084 -0.3415 -0.3320 -0.1732 0.0474
0.0133 -0.2792 -0.3381 -0.3368 -0.2764 -0.1143 -0.0231 -0.0036 0.0055 0.0179 0.0380 0.0932 -0.0336 -0.3216 -0.3405 -0.3311 -0.2507 -0.0837 -0.0166 -0.0015 0.0075 0.0213 0.0438 0.0993 -0.1078 -0.3267 -0.3417 -0.3234 -0.2246 -0.0654 -0.0135 -0.0007 0.0077 0.0205 0.0392 0.0782 0.0520 -0.2539 -0.3313 -0.3422 -0.3339 -0.2887 -0.1827 -0.0675 -0.0210 -0.0064 0.0004 0.0058 0.0134 0.0240 0.0334 0.0241 0.0134 0.0058 0.0004 -0.0063 -0.0210 -0.0675 -0.1827 -0.2887 -0.3339 -0.3422 -0.3313 -0.2539 0.0520 0.0782 0.0392 0.0205 0.0077 -0.0007 -0.0135 -0.0654 -0.2246 -0.3234 -0.3417 -0.3267 -0.1078 0.0993 0.0438 0.0213 0.0075 -0.0015 -0.0166 -0.0837 -0.2507 -0.3311 -0.3405 -0.3216 -0.0336 0.0932 0.0380 0.0179 0.0055 -0.0036 -0.0231 -0.1143 -0.2764 -0.3368 -0.3381 -0.2792 0.0133
-0.0414 -0.3233 -0.3415 -0.3252 -0.2287 -0.0661 -0.0132 -0.0001 0.0090 0.0240 0.0489 0.1015 -0.1505 -0.3301 -0.3418 -0.3143 -0.1939 -0.0473 -0.0095 0.0017 0.0116 0.0279 0.0582 0.0962 -0.2012 -0.3342 -0.3406 -0.3002 -0.1596 -0.0356 -0.0071 0.0027 0.0126 0.0282 0.0527 0.1097 -0.1166 -0.3238 -0.3399 -0.3393 -0.3058 -0.2116 -0.0829 -0.0246 -0.0071 0.0001 0.0058 0.0138 0.0242 0.0386 0.0512 0.0386 0.0243 0.0139 0.0058 0.0001 -0.0071 -0.0246 -0.0829 -0.2116 -0.3058 -0.3393 -0.3399 -0.3238 -0.1166 0.1097 0.0527 0.0282 0.0126 0.0027 -0.0071 -0.0356 -0.1596 -0.3002 -0.3406 -0.3342 -0.2012 0.0962 0.0582 0.0279 0.0116 0.0017 -0.0095 -0.0473 -0.1939 -0.3143 -0.3418 -0.3301 -0.1505 0.1015 0.0489 0.0240 0.0090 -0.0001 -0.0132 -0.0661 -0.2287 -0.3252 -0.3415 -0.3233 -0.0414
-0.0779 -0.3315 -0.3410 -0.3034 -0.1656 -0.0368 -0.0072 0.0030 0.0136 0.0311 0.0680 0.0618 -0.2453 -0.3369 -0.3384 -0.2852 -0.1283 -0.0264 -0.0046 0.0048 0.0166 0.0358 0.0902 -0.0034 -0.3194 -0.3396 -0.3338 -0.2623 -0.0969 -0.0195 -0.0027 0.0060 0.0184 0.0372 0.0801 0.0366 -0.2727 -0.3346 -0.3422 -0.3219 -0.2463 -0.1100 -0.0316 -0.0088 -0.0007 0.0052 0.0134 0.0242 0.0382 0.0582 0.0794 0.0583 0.0382 0.0243 0.0134 0.0052 -0.0007 -0.0088 -0.0316 -0.1100 -0.2463 -0.3219 -0.3422 -0.3346 -0.2727 0.0366 0.0801 0.0372 0.0184 0.0060 -0.0027 -0.0195 -0.0969 -0.2623 -0.3338 -0.3396 -0.3194 -0.0034 0.0902 0.0358 0.0166 0.0048 -0.0046 -0.0264 -0.1283 -0.2852 -0.3384 -0.3369 -0.2453 0.0618 0.0680 0.0311 0.0136 0.0030 -0.0072 -0.0368 -0.1656 -0.3034 -0.3410 -0.3315 -0.0778
-0.1015 -0.3377 -0.3352 -0.2687 -0.1037 -0.0207 -0.0027 0.0063 0.0193 0.0401 0.0940 -0.0560 -0.3233 -0.3410 -0.3288 -0.2416 -0.0755 -0.0150 -0.0007 0.0083 0.0228 0.0463 0.0970 -0.1309 -0.3282 -0.3419 -0.3193 -0.2092 -0.0548 -0.0111 0.0009 0.0103 0.0254 0.0493 0.0985 -0.1156 -0.3253 -0.3411 -0.3354 -0.2843 -0.1572 -0.0462 -0.0121 -0.0018 0.0045 0.0128 0.0240 0.0386 0.0583 0.0872 0.0640 0.0872 0.0583 0.0386 0.0241 0.0128 0.0045 -0.0018 -0.0121 -0.0462 -0.1572 -0.2843 -0.3354 -0.3411 -0.3253 -0.1156 0.0985 0.0493 0.0254 0.0103 0.0009 -0.0111 -0.0548 -0.2092 -0.3193 -0.3419 -0.3282 -0.1309 0.0970 0.0463 0.0228 0.0083 -0.0007 -0.0150 -0.0755 -0.2416 -0.3288 -0.3410 -0.3233 -0.0560 0.0940 0.0401 0.0193 0.0063 -0.0027 -0.0207 -0.1038 -0.2687 -0.3353 -0.3377 -0.1014
-0.1147 -0.3401 -0.3292 -0.2425 -0.0760 -0.0151 -0.0001 0.0091 0.0240 0.0483 0.0952 -0.1371 -0.3281 -0.3421 -0.3202 -0.2104 -0.0547 -0.0108 0.0017 0.0116 0.0280 0.0567 0.0851 -0.1866 -0.3325 -0.3417 -0.3072 -0.1739 -0.0394 -0.0073 0.0034 0.0141 0.0313 0.0616 0.0797 -0.2005 -0.3310 -0.3428 -0.3270 -0.2524 -0.1075 -0.0277 -0.0062 0.0020 0.0093 0.0197 0.0334 0.0513 0.0794 0.0640 -0.0814 0.0639 0.0794 0.0513 0.0334 0.0197 0.0093 0.0020 -0.0062 -0.0277 -0.1075 -0.2524 -0.3270 -0.3428 -0.3310 -0.2005 0.0797 0.0616 0.0313 0.0141 0.0034 -0.0073 -0.0394 -0.1739 -0.3072 -0.3417 -0.3325 -0.1866 0.0851 0.0567 0.0280 0.0116 0.0017 -0.0108 -0.0547 -0.2104 -0.3202 -0.3421 -0.3281 -0.1371 0.0952 0.0483 0.0240 0.0091 -0.0001 -0.0151 -0.0761 -0.2427 -0.3293 -0.3401 -0.1146
