-0.0515 -0.0549 -0.0392 -0.0307 -0.0260 -0.0211 -0.0161 -0.0115 -0.0073 -0.0039 -0.0009 0.0022 0.0059 0.0105 0.0166 0.0260 0.0443 0.0491 0.0378 -0.0103 -0.0626 -0.0885 -0.1080 -0.1233 -0.1355 -0.1448 -0.1511 -0.1539 -0.1521 -0.1449 -0.1318 -0.1137 -0.0928 -0.0726 -0.0554 -0.0422 -0.0331 -0.0278 -0.0229 -0.0179 -0.0131 -0.0088 -0.0051 -0.0020 0.0010 0.0044 0.0086 0.0141 0.0219 0.0361 0.0457 0.0361 0.0219 0.0141 0.0086 0.0044 0.0010 -0.0020 -0.0051 -0.0088 -0.0131 -0.0179 -0.0229 -0.0278 -0.0331 -0.0422 -0.0554 -0.0726 -0.0928 -0.1137 -0.1318 -0.1449 -0.1521 -0.1539 -0.1511 -0.1448 -0.1355 -0.1233 -0.1080 -0.0885 -0.0626 -0.0103 0.0378 0.0491 0.0443 0.0260 0.0166 0.0105 0.0059 0.0022 -0.0009 -0.0039 -0.0073 -0.0115 -0.0161 -0.0211 -0.0260 -0.0307 -0.0392 -0.0549 -0.0515
-0.0549 -0.0206 -0.0060 -0.0011 0.0034 0.0083 0.0133 0.0184 0.0233 0.0279 0.0332 0.0419 0.0547 0.0810 0.0997 0.0994 0.0037 -0.1254 -0.2152 -0.3182 -0.3271 -0.3344 -0.3394 -0.3412 -0.3387 -0.3302 -0.3132 -0.2848 -0.2415 -0.1829 -0.1196 -0.0701 -0.0398 -0.0229 -0.0135 -0.0072 -0.0025 0.0019 0.0065 0.0115 0.0166 0.0215 0.0262 0.0310 0.0383 0.0492 0.0681 0.0959 0.1030 0.0440 -0.0461 0.0440 0.1030 0.0959 0.0681 0.0492 0.0383 0.0310 0.0262 0.0215 0.0166 0.0115 0.0065 0.0019 -0.0025 -0.0072 -0.0135 -0.0229 -0.0398 -0.0701 -0.1196 -0.1829 -0.2415 -0.2848 -0.3132 -0.3302 -0.3387 -0.3412 -0.3394 -0.3344 -0.3271 -0.3182 -0.2152 -0.1254 0.0037 0.0994 0.0997 0.0810 0.0547 0.0419 0.0332 0.0279 0.0233 0.0184 0.0133 0.0083 0.0034 -0.0011 -0.0060 -0.0206 -0.0549
-0.0392 -0.0060 0.0016 0.0061 0.0114 0.0172 0.0236 0.0308 0.0394 0.0510 0.0727 0.0972 0.1005 0.0239 -0.1009 -0.1962 -0.3151 -0.3277 -0.3350 -0.3400 -0.3419 -0.3393 -0.3306 -0.3134 -0.2844 -0.2401 -0.1804 -0.1166 -0.0675 -0.0379 -0.0214 -0.0123 -0.0066 -0.0025 0.0008 0.0039 0.0071 0.0111 0.0160 0.0217 0.0284 0.0363 0.0466 0.0631 0.0931 0.1014 0.0636 -0.0532 -0.1640 -0.2669 -0.3209 -0.2669 -0.1640 -0.0532 0.0636 0.1014 0.0931 0.0631 0.0466 0.0363 0.0284 0.0217 0.0160 0.0111 0.0071 0.0039 0.0008 -0.0025 -0.0066 -0.0123 -0.0214 -0.0379 -0.0675 -0.1166 -0.1804 -0.2401 -0.2844 -0.3134 -0.3306 -0.3393 -0.3419 -0.3400 -0.3350 -0.3277 -0.3151 -0.1962 -0.1009 0.0239 0.1005 0.0972 0.0727 0.0510 0.0394 0.0308 0.0236 0.0172 0.0114 0.0061 0.0016 -0.0060 -0.0392
-0.0307 -0.0011 0.0061 0.0143 0.0233 0.0331 0.0439 0.0588 0.0944 0.1030 0.0484 -0.0757 -0.1807 -0.2897 -0.3263 -0.3339 -0.3394 -0.3418 -0.3401 -0.3326 -0.3171 -0.2903 -0.2488 -0.1914 -0.1269 -0.0744 -0.0419 -0.0236 -0.0135 -0.0074 -0.0031 0.0003 0.0034 0.0065 0.0103 0.0151 0.0207 0.0272 0.0349 0.0446 0.0594 0.0909 0.1008 0.0789 -0.0318 -0.1492 -0.2430 -0.3230 -0.3314 -0.3378 -0.3404 -0.3378 -0.3314 -0.3230 -0.2430 -0.1492 -0.0318 0.0789 0.1008 0.0909 0.0594 0.0446 0.0349 0.0272 0.0207 0.0151 0.0103 0.0065 0.0034 0.0003 -0.0031 -0.0074 -0.0135 -0.0236 -0.0419 -0.0744 -0.1269 -0.1914 -0.2488 -0.2903 -0.3171 -0.3326 -0.3401 -0.3418 -0.3394 -0.3339 -0.3263 -0.2897 -0.1807 -0.0757 0.0484 0.1030 0.0944 0.0588 0.0439 0.0331 0.0233 0.0143 0.0061 -0.0011 -0.0307
-0.0260 0.0034 0.0114 0.0233 0.0370 0.0530 0.0818 0.1112 -0.0044 -0.1571 -0.2606 -0.3242 -0.3325 -0.3386 -0.3417 -0.3408 -0.3344 -0.3204 -0.2958 -0.2570 -0.2021 -0.1375 -0.0819 -0.0462 -0.0260 -0.0148 -0.0083 -0.0037 -0.0003 0.0028 0.0060 0.0096 0.0142 0.0197 0.0260 0.0335 0.0427 0.0562 0.0856 0.0998 0.0919 -0.0107 -0.1352 -0.2244 -0.3215 -0.3300 -0.3367 -0.3409 -0.3416 -0.3375 -0.3327 -0.3375 -0.3416 -0.3409 -0.3367 -0.3300 -0.3215 -0.2244 -0.1352 -0.0107 0.0919 0.0998 0.0856 0.0562 0.0427 0.0335 0.0260 0.0197 0.0142 0.0096 0.0060 0.0028 -0.0003 -0.0037 -0.0083 -0.0148 -0.0260 -0.0462 -0.0819 -0.1375 -0.2021 -0.2570 -0.2958 -0.3204 -0.3344 -0.3408 -0.3417 -0.3386 -0.3325 -0.3242 -0.2606 -0.1571 -0.0044 0.1112 0.0818 0.0530 0.0370 0.0233 0.0114 0.0034 -0.0260
-0.0211 0.0083 0.0172 0.0331 0.0530 0.0936 0.0583 -0.1361 -0.3154 -0.3274 -0.3361 -0.3411 -0.3417 -0.3367 -0.3242 -0.3015 -0.2653 -0.2128 -0.1484 -0.0901 -0.0510 -0.0287 -0.0163 -0.0093 -0.0044 -0.0008 0.0023 0.0054 0.0089 0.0134 0.0187 0.0248 0.0321 0.0409 0.0533 0.0780 0.0984 0.0991 0.0101 -0.1167 -0.2073 -0.3199 -0.3287 -0.3357 -0.3404 -0.3418 -0.3386 -0.3291 -0.3103 -0.2796 -0.2563 -0.2796 -0.3103 -0.3291 -0.3386 -0.3418 -0.3404 -0.3357 -0.3287 -0.3199 -0.2073 -0.1167 0.0101 0.0991 0.0984 0.0780 0.0533 0.0409 0.0321 0.0248 0.0187 0.0134 0.0089 0.0054 0.0023 -0.0008 -0.0044 -0.0093 -0.0163 -0.0287 -0.0510 -0.0901 -0.1484 -0.2128 -0.2653 -0.3015 -0.3242 -0.3367 -0.3417 -0.3411 -0.3361 -0.3274 -0.3154 -0.1361 0.0583 0.0936 0.0530 0.0331 0.0172 0.0083 -0.0211
-0.0161 0.0133 0.0236 0.0439 0.0818 0.0583 -0.1932 -0.3218 -0.3345 -0.3415 -0.3416 -0.3330 -0.3133 -0.2796 -0.2287 -0.1636 -0.1005 -0.0568 -0.0317 -0.0179 -0.0103 -0.0051 -0.0014 0.0018 0.0049 0.0082 0.0126 0.0177 0.0237 0.0308 0.0392 0.0507 0.0719 0.0967 0.1008 0.0301 -0.0938 -0.1912 -0.3068 -0.3273 -0.3347 -0.3398 -0.3419 -0.3396 -0.3313 -0.3146 -0.2863 -0.2429 -0.1829 -0.1190 -0.0885 -0.1190 -0.1829 -0.2429 -0.2863 -0.3146 -0.3313 -0.3396 -0.3419 -0.3398 -0.3347 -0.3273 -0.3068 -0.1912 -0.0938 0.0301 0.1008 0.0967 0.0719 0.0507 0.0392 0.0308 0.0237 0.0177 0.0126 0.0082 0.0049 0.0018 -0.0014 -0.0051 -0.0103 -0.0179 -0.0317 -0.0568 -0.1005 -0.1636 -0.2287 -0.2796 -0.3133 -0.3330 -0.3416 -0.3415 -0.3345 -0.3218 -0.1932 0.0583 0.0818 0.0439 0.0236 0.0133 -0.0161
-0.0115 0.0184 0.0308 0.0588 0.1112 -0.1361 -0.3218 -0.3365 -0.3427 -0.3373 -0.3161 -0.2739 -0.2081 -0.1306 -0.0710 -0.0377 -0.0205 -0.0115 -0.0060 -0.0020 0.0013 0.0043 0.0076 0.0118 0.0168 0.0226 0.0295 0.0377 0.0484 0.0668 0.0948 0.1014 0.0489 -0.0717 -0.1760 -0.2823 -0.3258 -0.3335 -0.3391 -0.3418 -0.3403 -0.3332 -0.3181 -0.2921 -0.2515 -0.1948 -0.1302 -0.0767 -0.0428 -0.0241 -0.0175 -0.0241 -0.0428 -0.0767 -0.1302 -0.1948 -0.2515 -0.2921 -0.3181 -0.3332 -0.3403 -0.3418 -0.3391 -0.3335 -0.3258 -0.2823 -0.1760 -0.0717 0.0489 0.1014 0.0948 0.0668 0.0484 0.0377 0.0295 0.0226 0.0168 0.0118 0.0076 0.0043 0.0013 -0.0020 -0.0060 -0.0115 -0.0205 -0.0377 -0.0710 -0.1306 -0.2081 -0.2739 -0.3161 -0.3373 -0.3427 -0.3365 -0.3218 -0.1361 0.1112 0.0588 0.0308 0.0184 -0.0115
-0.0073 0.0233 0.0394 0.0944 -0.0044 -0.3154 -0.3345 -0.3427 -0.3347 -0.3025 -0.2363 -0.1422 -0.0677 -0.0315 -0.0154 -0.0078 -0.0031 0.0005 0.0036 0.0069 0.0109 0.0159 0.0216 0.0282 0.0361 0.0463 0.0626 0.0928 0.1014 0.0659 -0.0501 -0.1614 -0.2602 -0.3243 -0.3324 -0.3384 -0.3416 -0.3409 -0.3349 -0.3214 -0.2975 -0.2596 -0.2054 -0.1410 -0.0844 -0.0477 -0.0268 -0.0152 -0.0085 -0.0037 -0.0010 -0.0037 -0.0085 -0.0152 -0.0268 -0.0477 -0.0844 -0.1410 -0.2054 -0.2596 -0.2975 -0.3214 -0.3349 -0.3409 -0.3416 -0.3384 -0.3324 -0.3243 -0.2602 -0.1614 -0.0501 0.0659 0.1014 0.0928 0.0626 0.0463 0.0361 0.0282 0.0216 0.0159 0.0109 0.0069 0.0036 0.0005 -0.0031 -0.0078 -0.0154 -0.0315 -0.0677 -0.1422 -0.2363 -0.3025 -0.3347 -0.3427 -0.3345 -0.3154 -0.0044 0.0944 0.0394 0.0233 -0.0073
-0.0039 0.0279 0.0510 0.1030 -0.1571 -0.3274 -0.3415 -0.3373 -0.3025 -0.2213 -0.1103 -0.0434 -0.0175 -0.0074 -0.0021 0.0018 0.0054 0.0094 0.0144 0.0201 0.0267 0.0345 0.0441 0.0587 0.0906 0.1007 0.0809 -0.0288 -0.1472 -0.2402 -0.3228 -0.3311 -0.3375 -0.3413 -0.3414 -0.3364 -0.3244 -0.3024 -0.2672 -0.2157 -0.1520 -0.0928 -0.0526 -0.0296 -0.0168 -0.0096 -0.0046 -0.0010 0.0021 0.0054 0.0081 0.0054 0.0021 -0.0010 -0.0046 -0.0096 -0.0168 -0.0296 -0.0526 -0.0928 -0.1520 -0.2157 -0.2672 -0.3024 -0.3244 -0.3364 -0.3414 -0.3413 -0.3375 -0.3311 -0.3228 -0.2402 -0.1472 -0.0288 0.0809 0.1007 0.0906 0.0587 0.0441 0.0345 0.0267 0.0201 0.0144 0.0094 0.0054 0.0018 -0.0021 -0.0074 -0.0175 -0.0434 -0.1103 -0.2213 -0.3025 -0.3373 -0.3415 -0.3274 -0.1571 0.1030 0.0510 0.0279 -0.0039
-0.0009 0.0332 0.0727 0.0484 -0.2606 -0.3361 -0.3416 -0.3161 -0.2363 -0.1103 -0.0374 -0.0128 -0.0042 0.0010 0.0052 0.0103 0.0164 0.0233 0.0312 0.0405 0.0531 0.0785 0.0996 0.0953 -0.0062 -0.1332 -0.2219 -0.3212 -0.3298 -0.3366 -0.3409 -0.3417 -0.3377 -0.3270 -0.3070 -0.2743 -0.2257 -0.1632 -0.1017 -0.0581 -0.0326 -0.0184 -0.0106 -0.0054 -0.0016 0.0016 0.0047 0.0080 0.0123 0.0178 0.0224 0.0178 0.0123 0.0080 0.0047 0.0016 -0.0016 -0.0054 -0.0106 -0.0184 -0.0326 -0.0581 -0.1017 -0.1632 -0.2257 -0.2743 -0.3070 -0.3270 -0.3377 -0.3417 -0.3409 -0.3366 -0.3298 -0.3212 -0.2219 -0.1332 -0.0062 0.0953 0.0996 0.0785 0.0531 0.0405 0.0312 0.0233 0.0164 0.0103 0.0052 0.0010 -0.0042 -0.0128 -0.0374 -0.1103 -0.2363 -0.3161 -0.3416 -0.3361 -0.2606 0.0484 0.0727 0.0332 -0.0009
0.0022 0.0419 0.0972 -0.0756 -0.3242 -0.3411 -0.3330 -0.2740 -0.1423 -0.0434 -0.0128 -0.0033 0.0023 0.0076 0.0146 0.0227 0.0321 0.0432 0.0589 0.0955 0.1049 0.0327 -0.0997 -0.2023 -0.3193 -0.3283 -0.3355 -0.3403 -0.3418 -0.3388 -0.3294 -0.3112 -0.2809 -0.2351 -0.1743 -0.1112 -0.0641 -0.0360 -0.0203 -0.0117 -0.0061 -0.0022 0.0011 0.0042 0.0074 0.0115 0.0165 0.0223 0.0291 0.0377 0.0452 0.0377 0.0291 0.0223 0.0165 0.0115 0.0074 0.0042 0.0011 -0.0022 -0.0061 -0.0117 -0.0203 -0.0360 -0.0641 -0.1112 -0.1743 -0.2351 -0.2809 -0.3112 -0.3294 -0.3388 -0.3418 -0.3403 -0.3355 -0.3283 -0.3193 -0.2023 -0.0997 0.0327 0.1049 0.0955 0.0589 0.0432 0.0321 0.0227 0.0146 0.0076 0.0023 -0.0033 -0.0128 -0.0434 -0.1422 -0.2739 -0.3330 -0.3411 -0.3242 -0.0757 0.0972 0.0419 0.0022
0.0059 0.0547 0.1005 -0.1807 -0.3325 -0.3417 -0.3134 -0.2082 -0.0677 -0.0175 -0.0042 0.0023 0.0086 0.0169 0.0270 0.0391 0.0547 0.0892 0.1097 -0.0087 -0.1647 -0.2785 -0.3254 -0.3338 -0.3395 -0.3419 -0.3399 -0.3318 -0.3152 -0.2871 -0.2441 -0.1854 -0.1212 -0.0706 -0.0397 -0.0224 -0.0128 -0.0070 -0.0028 0.0006 0.0036 0.0068 0.0108 0.0156 0.0212 0.0278 0.0357 0.0456 0.0614 0.0915 0.0959 0.0915 0.0614 0.0456 0.0357 0.0278 0.0212 0.0156 0.0108 0.0068 0.0036 0.0006 -0.0028 -0.0070 -0.0128 -0.0224 -0.0397 -0.0706 -0.1212 -0.1854 -0.2441 -0.2871 -0.3152 -0.3318 -0.3399 -0.3419 -0.3395 -0.3338 -0.3254 -0.2785 -0.1647 -0.0087 0.1097 0.0892 0.0547 0.0391 0.0270 0.0169 0.0086 0.0023 -0.0042 -0.0175 -0.0677 -0.2081 -0.3133 -0.3417 -0.3325 -0.1807 0.1005 0.0547 0.0059
0.0105 0.0810 0.0239 -0.2897 -0.3385 -0.3367 -0.2797 -0.1306 -0.0315 -0.0074 0.0010 0.0076 0.0169 0.0286 0.0429 0.0637 0.1171 0.0275 -0.1605 -0.3165 -0.3281 -0.3366 -0.3414 -0.3414 -0.3352 -0.3206 -0.2949 -0.2543 -0.1974 -0.1323 -0.0780 -0.0438 -0.0246 -0.0141 -0.0078 -0.0034 0.0000 0.0031 0.0063 0.0100 0.0147 0.0202 0.0266 0.0342 0.0437 0.0579 0.0899 0.1005 0.0848 -0.0231 -0.1153 -0.0231 0.0848 0.1005 0.0899 0.0579 0.0437 0.0342 0.0266 0.0202 0.0147 0.0100 0.0063 0.0031 0.0000 -0.0034 -0.0078 -0.0141 -0.0246 -0.0438 -0.0780 -0.1323 -0.1974 -0.2543 -0.2949 -0.3206 -0.3352 -0.3414 -0.3414 -0.3366 -0.3281 -0.3165 -0.1605 0.0275 0.1171 0.0637 0.0429 0.0286 0.0169 0.0076 0.0010 -0.0074 -0.0315 -0.1306 -0.2796 -0.3367 -0.3386 -0.2897 0.0239 0.0810 0.0105
0.0166 0.0997 -0.1009 -0.3263 -0.3417 -0.3242 -0.2287 -0.0710 -0.0154 -0.0021 0.0052 0.0146 0.0270 0.0429 0.0672 0.1178 -0.0439 -0.2805 -0.3252 -0.3361 -0.3418 -0.3410 -0.3314 -0.3100 -0.2733 -0.2184 -0.1503 -0.0891 -0.0496 -0.0275 -0.0155 -0.0088 -0.0041 -0.0005 0.0026 0.0057 0.0093 0.0139 0.0192 0.0255 0.0328 0.0419 0.0548 0.0820 0.0992 0.0971 -0.0011 -0.1289 -0.2170 -0.3209 -0.3258 -0.3209 -0.2170 -0.1289 -0.0011 0.0971 0.0992 0.0820 0.0548 0.0419 0.0328 0.0255 0.0192 0.0139 0.0093 0.0057 0.0026 -0.0005 -0.0041 -0.0088 -0.0155 -0.0275 -0.0496 -0.0891 -0.1503 -0.2184 -0.2733 -0.3100 -0.3314 -0.3410 -0.3418 -0.3361 -0.3252 -0.2805 -0.0439 0.1178 0.0672 0.0429 0.0270 0.0146 0.0052 -0.0021 -0.0154 -0.0710 -0.2287 -0.3242 -0.3417 -0.3263 -0.1009 0.0997 0.0166
0.0260 0.0994 -0.1962 -0.3339 -0.3408 -0.3015 -0.1636 -0.0377 -0.0078 0.0018 0.0103 0.0227 0.0391 0.0637 0.1178 -0.0682 -0.3144 -0.3299 -0.3399 -0.3423 -0.3338 -0.3100 -0.2655 -0.1974 -0.1207 -0.0643 -0.0338 -0.0182 -0.0101 -0.0049 -0.0012 0.0020 0.0052 0.0086 0.0130 0.0182 0.0243 0.0315 0.0401 0.0521 0.0751 0.0976 0.1000 0.0194 -0.1061 -0.1998 -0.3191 -0.3280 -0.3353 -0.3402 -0.3418 -0.3402 -0.3353 -0.3280 -0.3191 -0.1998 -0.1061 0.0194 0.1000 0.0976 0.0751 0.0521 0.0401 0.0315 0.0243 0.0182 0.0130 0.0086 0.0052 0.0020 -0.0012 -0.0049 -0.0101 -0.0182 -0.0338 -0.0643 -0.1207 -0.1974 -0.2655 -0.3100 -0.3338 -0.3423 -0.3399 -0.3299 -0.3144 -0.0682 0.1178 0.0637 0.0391 0.0227 0.0103 0.0018 -0.0078 -0.0377 -0.1636 -0.3015 -0.3408 -0.3339 -0.1962 0.0994 0.0260
0.0443 0.0037 -0.3151 -0.3394 -0.3344 -0.2653 -0.1005 -0.0205 -0.0031 0.0054 0.0164 0.0321 0.0547 0.1171 -0.0439 -0.3144 -0.3313 -0.3413 -0.3408 -0.3243 -0.2839 -0.2121 -0.1224 -0.0588 -0.0280 -0.0139 -0.0069 -0.0024 0.0011 0.0043 0.0077 0.0121 0.0172 0.0232 0.0301 0.0385 0.0496 0.0695 0.0959 0.1012 0.0389 -0.0836 -0.1842 -0.2953 -0.3266 -0.3342 -0.3395 -0.3418 -0.3399 -0.3321 -0.3248 -0.3321 -0.3399 -0.3418 -0.3395 -0.3342 -0.3266 -0.2953 -0.1842 -0.0836 0.0389 0.1012 0.0959 0.0695 0.0496 0.0385 0.0301 0.0232 0.0172 0.0121 0.0077 0.0043 0.0011 -0.0024 -0.0069 -0.0139 -0.0280 -0.0588 -0.1224 -0.2121 -0.2839 -0.3243 -0.3408 -0.3413 -0.3313 -0.3144 -0.0439 0.1171 0.0547 0.0321 0.0164 0.0054 -0.0031 -0.0205 -0.1005 -0.2653 -0.3344 -0.3394 -0.3151 0.0037 0.0443
0.0491 -0.1254 -0.3277 -0.3418 -0.3204 -0.2128 -0.0568 -0.0115 0.0005 0.0094 0.0233 0.0432 0.0891 0.0278 -0.2805 -0.3299 -0.3413 -0.3400 -0.3179 -0.2629 -0.1689 -0.0779 -0.0327 -0.0141 -0.0062 -0.0013 0.0024 0.0060 0.0103 0.0155 0.0215 0.0284 0.0365 0.0470 0.0641 0.0938 0.1016 0.0572 -0.0618 -0.1693 -0.2719 -0.3251 -0.3330 -0.3388 -0.3417 -0.3406 -0.3340 -0.3197 -0.2941 -0.2547 -0.2259 -0.2547 -0.2941 -0.3197 -0.3340 -0.3406 -0.3417 -0.3388 -0.3330 -0.3251 -0.2719 -0.1693 -0.0618 0.0572 0.1016 0.0938 0.0641 0.0470 0.0365 0.0284 0.0215 0.0155 0.0103 0.0060 0.0024 -0.0013 -0.0062 -0.0141 -0.0327 -0.0779 -0.1689 -0.2629 -0.3179 -0.3400 -0.3413 -0.3299 -0.2805 0.0275 0.0892 0.0432 0.0233 0.0094 0.0005 -0.0115 -0.0568 -0.2128 -0.3204 -0.3418 -0.3277 -0.1254 0.0491
0.0378 -0.2152 -0.3350 -0.3401 -0.2958 -0.1484 -0.0317 -0.0060 0.0036 0.0144 0.0312 0.0589 0.1098 -0.1601 -0.3252 -0.3399 -0.3408 -0.3179 -0.2549 -0.1469 -0.0584 -0.0220 -0.0085 -0.0023 0.0021 0.0062 0.0115 0.0176 0.0247 0.0329 0.0427 0.0569 0.0894 0.1015 0.0769 -0.0374 -0.1544 -0.2508 -0.3236 -0.3318 -0.3380 -0.3415 -0.3412 -0.3356 -0.3228 -0.2998 -0.2631 -0.2102 -0.1450 -0.0875 -0.0637 -0.0875 -0.1450 -0.2102 -0.2631 -0.2998 -0.3228 -0.3356 -0.3412 -0.3415 -0.3380 -0.3318 -0.3236 -0.2508 -0.1544 -0.0374 0.0769 0.1015 0.0894 0.0569 0.0427 0.0329 0.0247 0.0176 0.0115 0.0062 0.0021 -0.0023 -0.0085 -0.0220 -0.0584 -0.1469 -0.2549 -0.3179 -0.3408 -0.3399 -0.3252 -0.1605 0.1097 0.0589 0.0312 0.0144 0.0036 -0.0060 -0.0317 -0.1484 -0.2958 -0.3401 -0.3350 -0.2152 0.0378
-0.0103 -0.3182 -0.3400 -0.3326 -0.2570 -0.0901 -0.0179 -0.0020 0.0069 0.0201 0.0405 0.0955 -0.0084 -0.3164 -0.3361 -0.3423 -0.3243 -0.2629 -0.1469 -0.0530 -0.0180 -0.0061 -0.0002 0.0044 0.0100 0.0169 0.0250 0.0346 0.0461 0.0642 0.0984 0.1044 0.0051 -0.1325 -0.2272 -0.3217 -0.3303 -0.3370 -0.3411 -0.3415 -0.3370 -0.3256 -0.3046 -0.2705 -0.2203 -0.1571 -0.0968 -0.0551 -0.0307 -0.0174 -0.0126 -0.0174 -0.0307 -0.0551 -0.0968 -0.1571 -0.2203 -0.2705 -0.3046 -0.3256 -0.3370 -0.3415 -0.3411 -0.3370 -0.3303 -0.3217 -0.2272 -0.1325 0.0051 0.1044 0.0984 0.0642 0.0461 0.0346 0.0250 0.0169 0.0100 0.0044 -0.0002 -0.0061 -0.0180 -0.0530 -0.1469 -0.2629 -0.3243 -0.3423 -0.3361 -0.3165 -0.0087 0.0955 0.0405 0.0201 0.0069 -0.0020 -0.0179 -0.0901 -0.2570 -0.3326 -0.3400 -0.3182 -0.0103
-0.0626 -0.3271 -0.3419 -0.3171 -0.2021 -0.0510 -0.0103 0.0013 0.0109 0.0267 0.0531 0.1049 -0.1646 -0.3280 -0.3418 -0.3338 -0.2839 -0.1689 -0.0584 -0.0180 -0.0055 0.0008 0.0059 0.0129 0.0214 0.0316 0.0439 0.0620 0.1024 0.0901 -0.0437 -0.1854 -0.3125 -0.3275 -0.3353 -0.3404 -0.3419 -0.3385 -0.3284 -0.3092 -0.2776 -0.2301 -0.1683 -0.1059 -0.0607 -0.0341 -0.0193 -0.0111 -0.0057 -0.0016 0.0009 -0.0016 -0.0057 -0.0111 -0.0193 -0.0341 -0.0607 -0.1059 -0.1683 -0.2301 -0.2776 -0.3092 -0.3284 -0.3385 -0.3419 -0.3404 -0.3353 -0.3275 -0.3125 -0.1854 -0.0437 0.0901 0.1024 0.0620 0.0439 0.0316 0.0214 0.0129 0.0059 0.0008 -0.0055 -0.0180 -0.0584 -0.1689 -0.2839 -0.3338 -0.3418 -0.3281 -0.1647 0.1049 0.0531 0.0267 0.0109 0.0013 -0.0103 -0.0510 -0.2021 -0.3171 -0.3419 -0.3271 -0.0626
-0.0885 -0.3344 -0.3393 -0.2903 -0.1375 -0.0287 -0.0051 0.0043 0.0159 0.0345 0.0785 0.0327 -0.2785 -0.3366 -0.3410 -0.3100 -0.2121 -0.0779 -0.0220 -0.0061 0.0008 0.0065 0.0144 0.0242 0.0364 0.0519 0.0834 0.1081 -0.0323 -0.2087 -0.3198 -0.3305 -0.3381 -0.3419 -0.3406 -0.3327 -0.3157 -0.2864 -0.2415 -0.1809 -0.1165 -0.0672 -0.0376 -0.0212 -0.0122 -0.0065 -0.0024 0.0009 0.0039 0.0074 0.0105 0.0074 0.0039 0.0009 -0.0024 -0.0065 -0.0122 -0.0212 -0.0376 -0.0672 -0.1165 -0.1809 -0.2415 -0.2864 -0.3157 -0.3327 -0.3406 -0.3419 -0.3381 -0.3305 -0.3198 -0.2087 -0.0323 0.1081 0.0834 0.0519 0.0364 0.0242 0.0144 0.0065 0.0008 -0.0061 -0.0220 -0.0779 -0.2121 -0.3100 -0.3410 -0.3366 -0.2785 0.0327 0.0785 0.0345 0.0159 0.0043 -0.0051 -0.0287 -0.1375 -0.2903 -0.3393 -0.3344 -0.0885
-0.1080 -0.3394 -0.3306 -0.2488 -0.0819 -0.0163 -0.0014 0.0076 0.0216 0.0441 0.0996 -0.0994 -0.3254 -0.3414 -0.3314 -0.2655 -0.1224 -0.0327 -0.0085 -0.0002 0.0059 0.0144 0.0252 0.0389 0.0576 0.1121 0.0514 -0.1462 -0.3169 -0.3296 -0.3385 -0.3423 -0.3393 -0.3272 -0.3028 -0.2620 -0.2028 -0.1339 -0.0772 -0.0427 -0.0237 -0.0135 -0.0074 -0.0031 0.0003 0.0034 0.0066 0.0104 0.0152 0.0212 0.0261 0.0212 0.0152 0.0104 0.0066 0.0034 0.0003 -0.0031 -0.0074 -0.0135 -0.0237 -0.0427 -0.0772 -0.1339 -0.2028 -0.2620 -0.3028 -0.3272 -0.3393 -0.3423 -0.3385 -0.3296 -0.3169 -0.1462 0.0514 0.1121 0.0576 0.0389 0.0252 0.0144 0.0059 -0.0002 -0.0085 -0.0327 -0.1224 -0.2655 -0.3314 -0.3414 -0.3254 -0.0997 0.0996 0.0441 0.0216 0.0076 -0.0014 -0.0163 -0.0819 -0.2488 -0.3306 -0.3394 -0.1080
-0.1233 -0.3412 -0.3134 -0.1914 -0.0462 -0.0093 0.0018 0.0118 0.0282 0.0586 0.0956 -0.2019 -0.3337 -0.3414 -0.3101 -0.1975 -0.0588 -0.0141 -0.0023 0.0044 0.0129 0.0242 0.0389 0.0597 0.1283 0.0020 -0.2516 -0.3235 -0.3356 -0.3420 -0.3404 -0.3275 -0.2986 -0.2483 -0.1767 -0.1037 -0.0548 -0.0290 -0.0157 -0.0086 -0.0039 -0.0003 0.0028 0.0060 0.0096 0.0143 0.0198 0.0261 0.0336 0.0434 0.0525 0.0434 0.0336 0.0261 0.0198 0.0143 0.0096 0.0060 0.0028 -0.0003 -0.0039 -0.0086 -0.0157 -0.0290 -0.0548 -0.1037 -0.1767 -0.2483 -0.2986 -0.3275 -0.3404 -0.3420 -0.3356 -0.3235 -0.2516 0.0020 0.1283 0.0597 0.0389 0.0242 0.0129 0.0044 -0.0023 -0.0141 -0.0588 -0.1974 -0.3100 -0.3414 -0.3338 -0.2023 0.0953 0.0587 0.0282 0.0118 0.0018 -0.0093 -0.0462 -0.1914 -0.3134 -0.3412 -0.1233
-0.1355 -0.3387 -0.2844 -0.1269 -0.0260 -0.0044 0.0049 0.0168 0.0361 0.0906 -0.0056 -0.3193 -0.3395 -0.3352 -0.2734 -0.1207 -0.0280 -0.0062 0.0021 0.0100 0.0214 0.0364 0.0576 0.1283 -0.0155 -0.3090 -0.3271 -0.3387 -0.3425 -0.3347 -0.3092 -0.2584 -0.1791 -0.0971 -0.0470 -0.0230 -0.0117 -0.0056 -0.0015 0.0019 0.0052 0.0087 0.0133 0.0186 0.0249 0.0322 0.0410 0.0535 0.0788 0.0963 0.0915 0.0963 0.0788 0.0535 0.0410 0.0322 0.0249 0.0186 0.0133 0.0087 0.0052 0.0019 -0.0015 -0.0056 -0.0117 -0.0230 -0.0470 -0.0971 -0.1791 -0.2584 -0.3092 -0.3347 -0.3425 -0.3387 -0.3271 -0.3090 -0.0155 0.1283 0.0576 0.0364 0.0214 0.0100 0.0021 -0.0062 -0.0280 -0.1207 -0.2733 -0.3352 -0.3395 -0.3193 -0.0062 0.0906 0.0361 0.0168 0.0049 -0.0044 -0.0260 -0.1269 -0.2844 -0.3387 -0.1355
-0.1448 -0.3302 -0.2401 -0.0744 -0.0148 -0.0008 0.0082 0.0226 0.0463 0.1007 -0.1332 -0.3283 -0.3419 -0.3207 -0.2185 -0.0643 -0.0139 -0.0013 0.0062 0.0169 0.0316 0.0519 0.1121 0.0020 -0.3090 -0.3283 -0.3400 -0.3419 -0.3283 -0.2900 -0.2166 -0.1204 -0.0538 -0.0237 -0.0108 -0.0045 -0.0002 0.0033 0.0070 0.0115 0.0169 0.0231 0.0303 0.0389 0.0504 0.0714 0.0968 0.1011 0.0282 -0.0967 -0.1635 -0.0967 0.0282 0.1011 0.0968 0.0714 0.0504 0.0389 0.0303 0.0231 0.0169 0.0115 0.0070 0.0033 -0.0002 -0.0045 -0.0108 -0.0237 -0.0538 -0.1204 -0.2166 -0.2900 -0.3283 -0.3419 -0.3400 -0.3283 -0.3090 0.0020 0.1121 0.0519 0.0316 0.0169 0.0062 -0.0013 -0.0139 -0.0643 -0.2184 -0.3206 -0.3419 -0.3283 -0.1332 0.1007 0.0463 0.0226 0.0082 -0.0008 -0.0148 -0.0744 -0.2401 -0.3302 -0.1448
-0.1511 -0.3132 -0.1804 -0.0419 -0.0083 0.0023 0.0126 0.0295 0.0626 0.0809 -0.2219 -0.3355 -0.3399 -0.2949 -0.1504 -0.0338 -0.0069 0.0024 0.0115 0.0250 0.0439 0.0834 0.0514 -0.2516 -0.3271 -0.3400 -0.3415 -0.3242 -0.2756 -0.1843 -0.0854 -0.0341 -0.0138 -0.0055 -0.0004 0.0035 0.0078 0.0132 0.0195 0.0268 0.0352 0.0457 0.0623 0.0942 0.1024 0.0517 -0.0706 -0.1768 -0.2850 -0.3260 -0.3306 -0.3260 -0.2850 -0.1768 -0.0706 0.0517 0.1024 0.0942 0.0623 0.0457 0.0352 0.0268 0.0195 0.0132 0.0078 0.0035 -0.0004 -0.0055 -0.0138 -0.0341 -0.0854 -0.1843 -0.2756 -0.3242 -0.3415 -0.3400 -0.3271 -0.2516 0.0514 0.0834 0.0439 0.0250 0.0115 0.0024 -0.0069 -0.0338 -0.1503 -0.2949 -0.3399 -0.3355 -0.2219 0.0809 0.0626 0.0295 0.0126 0.0023 -0.0083 -0.0419 -0.1804 -0.3132 -0.1511
-0.1539 -0.2848 -0.1166 -0.0236 -0.0037 0.0054 0.0177 0.0377 0.0928 -0.0288 -0.3212 -0.3403 -0.3318 -0.2543 -0.0891 -0.0182 -0.0024 0.0060 0.0176 0.0345 0.0620 0.1081 -0.1462 -0.3235 -0.3387 -0.3419 -0.3242 -0.2703 -0.1676 -0.0687 -0.0252 -0.0093 -0.0026 0.0022 0.0067 0.0127 0.0198 0.0281 0.0379 0.0504 0.0737 0.1016 0.0871 -0.0296 -0.1568 -0.2570 -0.3241 -0.3323 -0.3384 -0.3417 -0.3421 -0.3417 -0.3384 -0.3323 -0.3241 -0.2570 -0.1568 -0.0296 0.0871 0.1016 0.0737 0.0504 0.0379 0.0281 0.0198 0.0127 0.0067 0.0022 -0.0026 -0.0093 -0.0252 -0.0687 -0.1676 -0.2703 -0.3242 -0.3419 -0.3387 -0.3235 -0.1462 0.1081 0.0620 0.0346 0.0176 0.0060 -0.0024 -0.0182 -0.0891 -0.2543 -0.3318 -0.3403 -0.3212 -0.0288 0.0928 0.0377 0.0177 0.0054 -0.0037 -0.0236 -0.1166 -0.2848 -0.1539
-0.1521 -0.2415 -0.0675 -0.0135 -0.0003 0.0089 0.0237 0.0484 0.1014 -0.1472 -0.3298 -0.3418 -0.3152 -0.1974 -0.0496 -0.0101 0.0011 0.0103 0.0247 0.0461 0.1024 -0.0323 -0.3169 -0.3356 -0.3425 -0.3283 -0.2756 -0.1676 -0.0638 -0.0216 -0.0073 -0.0009 0.0039 0.0097 0.0171 0.0260 0.0366 0.0500 0.0747 0.1071 0.0551 -0.0890 -0.2134 -0.3204 -0.3298 -0.3370 -0.3412 -0.3415 -0.3365 -0.3244 -0.3140 -0.3244 -0.3365 -0.3415 -0.3412 -0.3370 -0.3298 -0.3204 -0.2134 -0.0890 0.0551 0.1071 0.0747 0.0500 0.0366 0.0260 0.0171 0.0097 0.0039 -0.0009 -0.0073 -0.0216 -0.0638 -0.1676 -0.2756 -0.3283 -0.3425 -0.3356 -0.3169 -0.0323 0.1024 0.0461 0.0247 0.0103 0.0011 -0.0101 -0.0496 -0.1974 -0.3152 -0.3418 -0.3298 -0.1472 0.1014 0.0484 0.0237 0.0089 -0.0003 -0.0135 -0.0675 -0.2415 -0.1521
-0.1449 -0.1829 -0.0379 -0.0074 0.0028 0.0134 0.0308 0.0668 0.0659 -0.2402 -0.3366 -0.3388 -0.2871 -0.1323 -0.0275 -0.0049 0.0043 0.0155 0.0329 0.0642 0.0901 -0.2087 -0.3296 -0.3420 -0.3347 -0.2900 -0.1843 -0.0687 -0.0216 -0.0067 -0.0001 0.0050 0.0119 0.0205 0.0311 0.0442 0.0639 0.1086 0.0619 -0.1007 -0.2515 -0.3236 -0.3332 -0.3396 -0.3421 -0.3392 -0.3291 -0.3093 -0.2756 -0.2266 -0.1926 -0.2266 -0.2756 -0.3093 -0.3291 -0.3392 -0.3421 -0.3396 -0.3332 -0.3236 -0.2515 -0.1007 0.0619 0.1086 0.0639 0.0442 0.0311 0.0205 0.0119 0.0050 -0.0001 -0.0067 -0.0216 -0.0687 -0.1843 -0.2900 -0.3347 -0.3420 -0.3296 -0.2087 0.0901 0.0642 0.0329 0.0155 0.0043 -0.0049 -0.0275 -0.1323 -0.2871 -0.3388 -0.3366 -0.2402 0.0659 0.0668 0.0308 0.0134 0.0028 -0.0074 -0.0379 -0.1829 -0.1449
-0.1318 -0.1196 -0.0214 -0.0031 0.0060 0.0187 0.0392 0.0948 -0.0501 -0.3228 -0.3409 -0.3294 -0.2441 -0.0780 -0.0155 -0.0012 0.0077 0.0215 0.0427 0.0984 -0.0437 -0.3198 -0.3385 -0.3404 -0.3092 -0.2166 -0.0854 -0.0252 -0.0073 -0.0001 0.0054 0.0130 0.0227 0.0348 0.0504 0.0810 0.1069 -0.0477 -0.2430 -0.3229 -0.3337 -0.3405 -0.3421 -0.3365 -0.3212 -0.2927 -0.2472 -0.1843 -0.1159 -0.0657 -0.0469 -0.0657 -0.1159 -0.1843 -0.2472 -0.2927 -0.3212 -0.3365 -0.3421 -0.3405 -0.3337 -0.3229 -0.2430 -0.0477 0.1069 0.0810 0.0504 0.0348 0.0227 0.0130 0.0054 -0.0001 -0.0073 -0.0252 -0.0854 -0.2166 -0.3092 -0.3404 -0.3385 -0.3198 -0.0437 0.0984 0.0427 0.0215 0.0077 -0.0012 -0.0155 -0.0780 -0.2441 -0.3294 -0.3409 -0.3228 -0.0501 0.0948 0.0392 0.0187 0.0060 -0.0031 -0.0214 -0.1196 -0.1318
-0.1137 -0.0701 -0.0123 0.0003 0.0096 0.0248 0.0507 0.1014 -0.1614 -0.3311 -0.3417 -0.3112 -0.1854 -0.0438 -0.0088 0.0020 0.0121 0.0284 0.0569 0.1044 -0.1854 -0.3305 -0.3423 -0.3275 -0.2584 -0.1204 -0.0341 -0.0093 -0.0009 0.0050 0.0130 0.0235 0.0367 0.0546 0.1006 0.0634 -0.1394 -0.3173 -0.3306 -0.3395 -0.3424 -0.3365 -0.3184 -0.2832 -0.2264 -0.1525 -0.0863 -0.0457 -0.0243 -0.0133 -0.0092 -0.0133 -0.0243 -0.0457 -0.0863 -0.1525 -0.2264 -0.2832 -0.3184 -0.3365 -0.3424 -0.3395 -0.3306 -0.3173 -0.1394 0.0634 0.1006 0.0546 0.0367 0.0235 0.0130 0.0050 -0.0009 -0.0093 -0.0341 -0.1204 -0.2584 -0.3275 -0.3423 -0.3305 -0.1854 0.1044 0.0569 0.0284 0.0121 0.0020 -0.0088 -0.0438 -0.1854 -0.3112 -0.3417 -0.3311 -0.1614 0.1014 0.0507 0.0248 0.0096 0.0003 -0.0123 -0.0701 -0.1137
-0.0928 -0.0398 -0.0066 0.0034 0.0142 0.0321 0.0719 0.0489 -0.2602 -0.3375 -0.3377 -0.2809 -0.1212 -0.0246 -0.0041 0.0052 0.0172 0.0365 0.0894 0.0051 -0.3125 -0.3381 -0.3393 -0.2986 -0.1791 -0.0538 -0.0138 -0.0026 0.0039 0.0119 0.0227 0.0367 0.0561 0.1154 0.0266 -0.2167 -0.3226 -0.3354 -0.3421 -0.3399 -0.3243 -0.2889 -0.2268 -0.1440 -0.0745 -0.0367 -0.0185 -0.0097 -0.0043 -0.0003 0.0023 -0.0003 -0.0043 -0.0097 -0.0185 -0.0367 -0.0745 -0.1441 -0.2268 -0.2889 -0.3243 -0.3399 -0.3421 -0.3354 -0.3226 -0.2167 0.0266 0.1154 0.0561 0.0367 0.0227 0.0119 0.0039 -0.0026 -0.0138 -0.0538 -0.1791 -0.2986 -0.3393 -0.3381 -0.3125 0.0051 0.0894 0.0365 0.0172 0.0052 -0.0041 -0.0246 -0.1212 -0.2809 -0.3377 -0.3375 -0.2602 0.0489 0.0719 0.0321 0.0142 0.0034 -0.0066 -0.0398 -0.0928
-0.0726 -0.0229 -0.0025 0.0065 0.0197 0.0409 0.0967 -0.0717 -0.3243 -0.3413 -0.3270 -0.2351 -0.0706 -0.0141 -0.0005 0.0086 0.0232 0.0470 0.1015 -0.1325 -0.3275 -0.3419 -0.3272 -0.2483 -0.0971 -0.0237 -0.0055 0.0022 0.0097 0.0205 0.0348 0.0546 0.1154 0.0132 -0.2671 -0.3255 -0.3379 -0.3426 -0.3350 -0.3084 -0.2528 -0.1657 -0.0823 -0.0372 -0.0171 -0.0081 -0.0029 0.0010 0.0044 0.0084 0.0122 0.0084 0.0044 0.0010 -0.0029 -0.0081 -0.0171 -0.0372 -0.0824 -0.1658 -0.2528 -0.3084 -0.3350 -0.3426 -0.3379 -0.3255 -0.2671 0.0132 0.1154 0.0546 0.0348 0.0205 0.0097 0.0022 -0.0055 -0.0237 -0.0971 -0.2483 -0.3272 -0.3419 -0.3275 -0.1325 0.1015 0.0470 0.0232 0.0086 -0.0005 -0.0141 -0.0706 -0.2351 -0.3270 -0.3413 -0.3243 -0.0717 0.0967 0.0409 0.0197 0.0065 -0.0025 -0.0229 -0.0726
-0.0554 -0.0135 0.0008 0.0103 0.0260 0.0533 0.1008 -0.1760 -0.3324 -0.3414 -0.3070 -0.1743 -0.0397 -0.0078 0.0026 0.0130 0.0301 0.0641 0.0769 -0.2272 -0.3353 -0.3406 -0.3028 -0.1767 -0.0470 -0.0108 -0.0004 0.0067 0.0171 0.0311 0.0504 0.1006 0.0266 -0.2671 -0.3265 -0.3390 -0.3423 -0.3301 -0.2930 -0.2183 -0.1180 -0.0502 -0.0210 -0.0090 -0.0030 0.0013 0.0051 0.0096 0.0152 0.0221 0.0279 0.0221 0.0152 0.0096 0.0051 0.0013 -0.0030 -0.0090 -0.0209 -0.0501 -0.1181 -0.2184 -0.2930 -0.3301 -0.3423 -0.3390 -0.3265 -0.2671 0.0266 0.1006 0.0504 0.0311 0.0171 0.0067 -0.0004 -0.0108 -0.0470 -0.1767 -0.3028 -0.3406 -0.3353 -0.2272 0.0769 0.0641 0.0301 0.0130 0.0026 -0.0078 -0.0397 -0.1743 -0.3070 -0.3414 -0.3324 -0.1760 0.1008 0.0533 0.0260 0.0103 0.0008 -0.0135 -0.0554
-0.0422 -0.0072 0.0039 0.0151 0.0335 0.0780 0.0301 -0.2823 -0.3384 -0.3364 -0.2743 -0.1112 -0.0224 -0.0034 0.0057 0.0182 0.0385 0.0938 -0.0374 -0.3216 -0.3404 -0.3327 -0.2619 -0.1037 -0.0230 -0.0045 0.0035 0.0127 0.0260 0.0442 0.0810 0.0634 -0.2167 -0.3255 -0.3390 -0.3420 -0.3272 -0.2818 -0.1925 -0.0893 -0.0346 -0.0134 -0.0050 0.0002 0.0044 0.0094 0.0156 0.0230 0.0315 0.0424 0.0523 0.0424 0.0315 0.0230 0.0156 0.0094 0.0044 0.0002 -0.0050 -0.0134 -0.0345 -0.0894 -0.1927 -0.2819 -0.3271 -0.3420 -0.3390 -0.3255 -0.2167 0.0634 0.0810 0.0442 0.0260 0.0127 0.0035 -0.0045 -0.0230 -0.1037 -0.2620 -0.3327 -0.3404 -0.3217 -0.0374 0.0938 0.0385 0.0182 0.0057 -0.0034 -0.0224 -0.1112 -0.2743 -0.3364 -0.3384 -0.2823 0.0301 0.0780 0.0335 0.0151 0.0039 -0.0072 -0.0422
-0.0331 -0.0025 0.0071 0.0207 0.0427 0.0984 -0.0938 -0.3258 -0.3416 -0.3244 -0.2257 -0.0641 -0.0128 0.0000 0.0093 0.0243 0.0496 0.1016 -0.1544 -0.3303 -0.3419 -0.3157 -0.2030 -0.0549 -0.0117 -0.0002 0.0078 0.0198 0.0366 0.0639 0.1069 -0.1394 -0.3226 -0.3379 -0.3423 -0.3272 -0.2778 -0.1790 -0.0750 -0.0270 -0.0097 -0.0026 0.0023 0.0071 0.0136 0.0215 0.0308 0.0421 0.0580 0.0948 0.0962 0.0948 0.0580 0.0421 0.0308 0.0215 0.0137 0.0072 0.0023 -0.0026 -0.0097 -0.0270 -0.0750 -0.1791 -0.2779 -0.3271 -0.3423 -0.3379 -0.3226 -0.1394 0.1069 0.0639 0.0366 0.0198 0.0078 -0.0002 -0.0117 -0.0548 -0.2028 -0.3157 -0.3419 -0.3303 -0.1544 0.1016 0.0496 0.0243 0.0093 0.0000 -0.0128 -0.0641 -0.2257 -0.3244 -0.3416 -0.3258 -0.0938 0.0984 0.0427 0.0207 0.0071 -0.0025 -0.0331
-0.0278 0.0019 0.0111 0.0272 0.0562 0.0991 -0.1912 -0.3335 -0.3409 -0.3024 -0.1632 -0.0360 -0.0070 0.0031 0.0139 0.0315 0.0695 0.0571 -0.2508 -0.3370 -0.3385 -0.2866 -0.1341 -0.0291 -0.0057 0.0033 0.0132 0.0281 0.0500 0.1086 -0.0477 -0.3173 -0.3354 -0.3426 -0.3301 -0.2818 -0.1790 -0.0707 -0.0239 -0.0080 -0.0012 0.0037 0.0097 0.0173 0.0268 0.0382 0.0533 0.0857 0.1136 -0.0054 -0.1390 -0.0054 0.1136 0.0859 0.0533 0.0382 0.0268 0.0174 0.0097 0.0037 -0.0012 -0.0080 -0.0239 -0.0706 -0.1791 -0.2819 -0.3301 -0.3426 -0.3354 -0.3173 -0.0477 0.1086 0.0500 0.0281 0.0132 0.0033 -0.0056 -0.0290 -0.1339 -0.2864 -0.3385 -0.3370 -0.2508 0.0572 0.0695 0.0315 0.0139 0.0031 -0.0070 -0.0360 -0.1632 -0.3024 -0.3409 -0.3335 -0.1912 0.0991 0.0562 0.0272 0.0111 0.0019 -0.0278
-0.0229 0.0065 0.0160 0.0349 0.0856 0.0101 -0.3068 -0.3391 -0.3349 -0.2672 -0.1017 -0.0203 -0.0028 0.0063 0.0192 0.0401 0.0959 -0.0618 -0.3236 -0.3411 -0.3285 -0.2418 -0.0776 -0.0158 -0.0015 0.0070 0.0195 0.0379 0.0747 0.0619 -0.2430 -0.3306 -0.3421 -0.3350 -0.2930 -0.1925 -0.0750 -0.0239 -0.0075 -0.0006 0.0046 0.0114 0.0202 0.0310 0.0446 0.0658 0.1146 0.0349 -0.1492 -0.3162 -0.3233 -0.3162 -0.1497 0.0346 0.1147 0.0658 0.0447 0.0310 0.0202 0.0114 0.0046 -0.0006 -0.0075 -0.0239 -0.0750 -0.1927 -0.2930 -0.3350 -0.3421 -0.3306 -0.2430 0.0619 0.0747 0.0379 0.0195 0.0070 -0.0015 -0.0157 -0.0772 -0.2415 -0.3284 -0.3411 -0.3236 -0.0618 0.0959 0.0401 0.0192 0.0063 -0.0028 -0.0203 -0.1017 -0.2672 -0.3349 -0.3391 -0.3068 0.0101 0.0856 0.0349 0.0160 0.0065 -0.0229
-0.0179 0.0115 0.0217 0.0446 0.0998 -0.1167 -0.3273 -0.3418 -0.3214 -0.2157 -0.0581 -0.0117 0.0006 0.0100 0.0255 0.0521 0.1012 -0.1693 -0.3318 -0.3416 -0.3094 -0.1813 -0.0428 -0.0087 0.0019 0.0115 0.0268 0.0504 0.1071 -0.1007 -0.3229 -0.3395 -0.3399 -0.3084 -0.2183 -0.0893 -0.0270 -0.0080 -0.0006 0.0049 0.0123 0.0219 0.0340 0.0497 0.0802 0.1047 -0.0607 -0.2730 -0.3254 -0.3361 -0.3404 -0.3361 -0.3254 -0.2736 -0.0613 0.1045 0.0804 0.0498 0.0340 0.0219 0.0123 0.0049 -0.0006 -0.0080 -0.0270 -0.0894 -0.2184 -0.3084 -0.3399 -0.3395 -0.3229 -0.1007 0.1071 0.0504 0.0268 0.0115 0.0019 -0.0086 -0.0427 -0.1809 -0.3092 -0.3415 -0.3318 -0.1693 0.1012 0.0521 0.0255 0.0100 0.0006 -0.0117 -0.0581 -0.2157 -0.3214 -0.3418 -0.3273 -0.1167 0.0998 0.0446 0.0217 0.0115 -0.0179
-0.0131 0.0166 0.0284 0.0594 0.0919 -0.2073 -0.3347 -0.3403 -0.2975 -0.1520 -0.0326 -0.0061 0.0036 0.0147 0.0328 0.0751 0.0389 -0.2719 -0.3380 -0.3370 -0.2776 -0.1166 -0.0238 -0.0039 0.0051 0.0169 0.0352 0.0737 0.0551 -0.2515 -0.3337 -0.3424 -0.3243 -0.2528 -0.1181 -0.0345 -0.0097 -0.0012 0.0046 0.0123 0.0225 0.0356 0.0531 0.0954 0.0689 -0.1376 -0.3177 -0.3314 -0.3403 -0.3422 -0.3398 -0.3422 -0.3404 -0.3314 -0.3178 -0.1383 0.0684 0.0957 0.0531 0.0356 0.0225 0.0123 0.0046 -0.0012 -0.0097 -0.0345 -0.1181 -0.2528 -0.3243 -0.3424 -0.3337 -0.2515 0.0551 0.0737 0.0352 0.0169 0.0052 -0.0039 -0.0237 -0.1165 -0.2776 -0.3370 -0.3380 -0.2719 0.0389 0.0751 0.0328 0.0147 0.0036 -0.0061 -0.0326 -0.1520 -0.2975 -0.3403 -0.3347 -0.2073 0.0919 0.0594 0.0284 0.0166 -0.0131
-0.0088 0.0215 0.0363 0.0909 -0.0107 -0.3199 -0.3398 -0.3332 -0.2596 -0.0928 -0.0184 -0.0022 0.0068 0.0202 0.0419 0.0976 -0.0836 -0.3251 -0.3415 -0.3256 -0.2301 -0.0672 -0.0134 -0.0003 0.0087 0.0231 0.0457 0.1016 -0.0890 -0.3236 -0.3405 -0.3365 -0.2889 -0.1658 -0.0501 -0.0134 -0.0026 0.0037 0.0114 0.0219 0.0356 0.0543 0.1063 0.0395 -0.1997 -0.3221 -0.3353 -0.3422 -0.3390 -0.3210 -0.3030 -0.3210 -0.3390 -0.3422 -0.3353 -0.3222 -0.2006 0.0392 0.1064 0.0543 0.0356 0.0219 0.0114 0.0037 -0.0026 -0.0134 -0.0501 -0.1658 -0.2889 -0.3365 -0.3405 -0.3236 -0.0890 0.1016 0.0457 0.0231 0.0087 -0.0003 -0.0135 -0.0672 -0.2301 -0.3256 -0.3415 -0.3251 -0.0836 0.0976 0.0419 0.0202 0.0068 -0.0022 -0.0184 -0.0928 -0.2596 -0.3332 -0.3398 -0.3199 -0.0107 0.0909 0.0363 0.0215 -0.0088
-0.0051 0.0262 0.0466 0.1008 -0.1352 -0.3287 -0.3419 -0.3181 -0.2054 -0.0526 -0.0106 0.0011 0.0108 0.0266 0.0548 0.1000 -0.1842 -0.3330 -0.3412 -0.3046 -0.1683 -0.0376 -0.0074 0.0028 0.0133 0.0303 0.0623 0.0871 -0.2134 -0.3332 -0.3421 -0.3184 -0.2268 -0.0824 -0.0209 -0.0050 0.0023 0.0097 0.0202 0.0340 0.0531 0.1064 0.0286 -0.2383 -0.3247 -0.3375 -0.3426 -0.3350 -0.3061 -0.2465 -0.1987 -0.2463 -0.3060 -0.3350 -0.3426 -0.3375 -0.3247 -0.2389 0.0286 0.1064 0.0531 0.0340 0.0202 0.0097 0.0023 -0.0050 -0.0209 -0.0824 -0.2268 -0.3184 -0.3421 -0.3332 -0.2134 0.0871 0.0623 0.0303 0.0133 0.0028 -0.0074 -0.0376 -0.1683 -0.3046 -0.3412 -0.3330 -0.1842 0.1000 0.0548 0.0266 0.0108 0.0011 -0.0106 -0.0526 -0.2054 -0.3181 -0.3419 -0.3287 -0.1352 0.1008 0.0466 0.0262 -0.0051
-0.0020 0.0310 0.0631 0.0789 -0.2244 -0.3357 -0.3396 -0.2921 -0.1410 -0.0296 -0.0054 0.0042 0.0156 0.0342 0.0820 0.0194 -0.2953 -0.3388 -0.3356 -0.2705 -0.1059 -0.0212 -0.0031 0.0060 0.0186 0.0389 0.0942 -0.0296 -0.3204 -0.3396 -0.3365 -0.2832 -0.1441 -0.0372 -0.0090 0.0002 0.0072 0.0174 0.0310 0.0498 0.0957 0.0392 -0.2389 -0.3255 -0.3385 -0.3424 -0.3310 -0.2942 -0.2158 -0.1131 -0.0693 -0.1129 -0.2155 -0.2940 -0.3310 -0.3424 -0.3385 -0.3255 -0.2389 0.0392 0.0957 0.0498 0.0310 0.0174 0.0072 0.0002 -0.0090 -0.0372 -0.1441 -0.2832 -0.3365 -0.3396 -0.3204 -0.0296 0.0942 0.0389 0.0186 0.0060 -0.0031 -0.0212 -0.1059 -0.2705 -0.3356 -0.3388 -0.2953 0.0194 0.0820 0.0342 0.0156 0.0042 -0.0054 -0.0296 -0.1410 -0.2921 -0.3396 -0.3357 -0.2244 0.0789 0.0631 0.0310 -0.0020
0.0010 0.0383 0.0931 -0.0318 -0.3215 -0.3404 -0.3313 -0.2515 -0.0844 -0.0168 -0.0016 0.0074 0.0212 0.0437 0.0992 -0.1061 -0.3266 -0.3417 -0.3228 -0.2203 -0.0607 -0.0122 0.0003 0.0096 0.0249 0.0504 0.1024 -0.1568 -0.3298 -0.3421 -0.3212 -0.2264 -0.0745 -0.0171 -0.0030 0.0044 0.0137 0.0268 0.0447 0.0804 0.0684 -0.2006 -0.3247 -0.3385 -0.3423 -0.3287 -0.2852 -0.1965 -0.0891 -0.0335 -0.0188 -0.0334 -0.0888 -0.1962 -0.2850 -0.3286 -0.3423 -0.3385 -0.3247 -0.2006 0.0684 0.0804 0.0447 0.0268 0.0137 0.0044 -0.0030 -0.0171 -0.0745 -0.2264 -0.3212 -0.3421 -0.3298 -0.1568 0.1024 0.0504 0.0249 0.0096 0.0003 -0.0122 -0.0607 -0.2203 -0.3228 -0.3417 -0.3266 -0.1061 0.0992 0.0437 0.0212 0.0074 -0.0016 -0.0168 -0.0844 -0.2515 -0.3313 -0.3404 -0.3215 -0.0318 0.0931 0.0383 0.0010
0.0044 0.0492 0.1014 -0.1492 -0.3300 -0.3418 -0.3146 -0.1948 -0.0477 -0.0096 0.0016 0.0115 0.0278 0.0579 0.0971 -0.1998 -0.3342 -0.3406 -0.2998 -0.1571 -0.0341 -0.0065 0.0034 0.0143 0.0322 0.0714 0.0517 -0.2570 -0.3370 -0.3392 -0.2927 -0.1525 -0.0367 -0.0081 0.0013 0.0094 0.0215 0.0382 0.0658 0.1045 -0.1383 -0.3222 -0.3375 -0.3424 -0.3286 -0.2819 -0.1854 -0.0786 -0.0274 -0.0094 -0.0037 -0.0094 -0.0273 -0.0784 -0.1851 -0.2818 -0.3286 -0.3424 -0.3375 -0.3222 -0.1383 0.1045 0.0658 0.0382 0.0215 0.0094 0.0013 -0.0081 -0.0367 -0.1525 -0.2927 -0.3392 -0.3370 -0.2570 0.0517 0.0714 0.0322 0.0143 0.0034 -0.0065 -0.0341 -0.1571 -0.2998 -0.3406 -0.3342 -0.1998 0.0971 0.0579 0.0278 0.0115 0.0016 -0.0096 -0.0477 -0.1948 -0.3146 -0.3418 -0.3300 -0.1492 0.1014 0.0492 0.0044
0.0086 0.0681 0.0636 -0.2430 -0.3367 -0.3386 -0.2863 -0.1302 -0.0268 -0.0046 0.0047 0.0165 0.0357 0.0899 -0.0011 -0.3191 -0.3395 -0.3340 -0.2631 -0.0968 -0.0193 -0.0024 0.0066 0.0198 0.0410 0.0968 -0.0706 -0.3241 -0.3412 -0.3291 -0.2472 -0.0863 -0.0185 -0.0029 0.0051 0.0156 0.0308 0.0533 0.1147 -0.0613 -0.3178 -0.3353 -0.3426 -0.3310 -0.2851 -0.1853 -0.0748 -0.0252 -0.0083 -0.0009 0.0029 -0.0009 -0.0083 -0.0252 -0.0747 -0.1851 -0.2850 -0.3310 -0.3426 -0.3353 -0.3178 -0.0613 0.1147 0.0533 0.0308 0.0156 0.0051 -0.0029 -0.0185 -0.0863 -0.2472 -0.3291 -0.3412 -0.3241 -0.0706 0.0968 0.0410 0.0198 0.0066 -0.0024 -0.0193 -0.0968 -0.2631 -0.3340 -0.3395 -0.3191 -0.0011 0.0899 0.0357 0.0165 0.0047 -0.0046 -0.0268 -0.1302 -0.2863 -0.3386 -0.3367 -0.2430 0.0636 0.0681 0.0086
0.0141 0.0959 -0.0532 -0.3230 -0.3409 -0.3291 -0.2429 -0.0767 -0.0152 -0.0010 0.0080 0.0223 0.0456 0.1005 -0.1289 -0.3280 -0.3418 -0.3197 -0.2102 -0.0551 -0.0111 0.0009 0.0104 0.0261 0.0535 0.1011 -0.1768 -0.3323 -0.3415 -0.3093 -0.1842 -0.0458 -0.0097 0.0010 0.0096 0.0230 0.0421 0.0859 0.0346 -0.2736 -0.3314 -0.3422 -0.3350 -0.2940 -0.1963 -0.0785 -0.0252 -0.0079 -0.0009 0.0048 0.0101 0.0048 -0.0008 -0.0079 -0.0252 -0.0784 -0.1962 -0.2940 -0.3350 -0.3422 -0.3314 -0.2736 0.0346 0.0859 0.0421 0.0230 0.0096 0.0010 -0.0097 -0.0457 -0.1843 -0.3093 -0.3415 -0.3323 -0.1768 0.1011 0.0535 0.0261 0.0104 0.0009 -0.0111 -0.0551 -0.2102 -0.3197 -0.3418 -0.3280 -0.1289 0.1005 0.0456 0.0223 0.0080 -0.0010 -0.0152 -0.0767 -0.2429 -0.3291 -0.3409 -0.3230 -0.0532 0.0959 0.0141
0.0219 0.1029 -0.1640 -0.3314 -0.3416 -0.3103 -0.1829 -0.0428 -0.0085 0.0021 0.0123 0.0291 0.0614 0.0848 -0.2170 -0.3353 -0.3399 -0.2941 -0.1450 -0.0307 -0.0057 0.0039 0.0152 0.0336 0.0788 0.0282 -0.2850 -0.3384 -0.3365 -0.2756 -0.1159 -0.0243 -0.0043 0.0044 0.0152 0.0315 0.0580 0.1136 -0.1497 -0.3254 -0.3404 -0.3390 -0.3060 -0.2156 -0.0888 -0.0274 -0.0083 -0.0009 0.0046 0.0126 0.0200 0.0127 0.0046 -0.0008 -0.0083 -0.0273 -0.0888 -0.2156 -0.3060 -0.3390 -0.3404 -0.3254 -0.1497 0.1136 0.0580 0.0315 0.0152 0.0044 -0.0043 -0.0243 -0.1159 -0.2756 -0.3365 -0.3384 -0.2850 0.0282 0.0788 0.0336 0.0152 0.0039 -0.0057 -0.0307 -0.1450 -0.2941 -0.3399 -0.3353 -0.2170 0.0848 0.0614 0.0291 0.0123 0.0021 -0.0085 -0.0428 -0.1829 -0.3103 -0.3416 -0.3314 -0.1640 0.1030 0.0219
0.0362 0.0438 -0.2669 -0.3378 -0.3375 -0.2796 -0.1190 -0.0241 -0.0037 0.0054 0.0178 0.0377 0.0915 -0.0231 -0.3209 -0.3402 -0.3321 -0.2547 -0.0875 -0.0174 -0.0016 0.0074 0.0212 0.0434 0.0963 -0.0967 -0.3260 -0.3417 -0.3244 -0.2266 -0.0657 -0.0133 -0.0003 0.0084 0.0221 0.0424 0.0948 -0.0054 -0.3162 -0.3361 -0.3422 -0.3210 -0.2464 -0.1129 -0.0334 -0.0094 -0.0009 0.0048 0.0126 0.0238 0.0338 0.0238 0.0127 0.0048 -0.0009 -0.0094 -0.0334 -0.1129 -0.2464 -0.3210 -0.3422 -0.3361 -0.3162 -0.0054 0.0948 0.0424 0.0221 0.0084 -0.0003 -0.0133 -0.0657 -0.2266 -0.3244 -0.3417 -0.3260 -0.0967 0.0963 0.0434 0.0212 0.0074 -0.0016 -0.0174 -0.0875 -0.2547 -0.3321 -0.3402 -0.3209 -0.0231 0.0915 0.0377 0.0178 0.0054 -0.0037 -0.0241 -0.1190 -0.2796 -0.3375 -0.3378 -0.2669 0.0440 0.0361
0.0457 -0.0464 -0.3209 -0.3404 -0.3327 -0.2563 -0.0885 -0.0175 -0.0010 0.0081 0.0224 0.0452 0.0959 -0.1153 -0.3258 -0.3418 -0.3248 -0.2259 -0.0637 -0.0126 0.0009 0.0105 0.0261 0.0525 0.0915 -0.1635 -0.3306 -0.3421 -0.3140 -0.1926 -0.0469 -0.0092 0.0023 0.0122 0.0279 0.0523 0.0962 -0.1390 -0.3233 -0.3404 -0.3398 -0.3030 -0.1986 -0.0693 -0.0187 -0.0037 0.0029 0.0101 0.0200 0.0338 0.0454 0.0338 0.0200 0.0101 0.0029 -0.0037 -0.0187 -0.0693 -0.1986 -0.3030 -0.3398 -0.3404 -0.3233 -0.1390 0.0962 0.0523 0.0279 0.0122 0.0023 -0.0092 -0.0469 -0.1926 -0.3140 -0.3421 -0.3306 -0.1635 0.0915 0.0525 0.0261 0.0105 0.0009 -0.0126 -0.0637 -0.2259 -0.3248 -0.3418 -0.3258 -0.1153 0.0959 0.0452 0.0224 0.0081 -0.0010 -0.0175 -0.0885 -0.2563 -0.3327 -0.3404 -0.3209 -0.0461 0.0457
