0.4154 0.3525 0.3322 0.3147 0.3042 0.3007 0.3009 0.3039 0.3093 0.3166 0.3258 0.3366 0.3487 0.3615 0.3746 0.3869 0.3978 0.4066 0.4131 0.4175 0.4201 0.4216 0.4224 0.4224 0.4216 0.4199 0.4173 0.4139 0.4097 0.4046 0.3984 0.3910 0.3820 0.3708 0.3562 0.3384 0.3201 0.3070 0.3015 0.3005 0.3025 0.3070 0.3137 0.3222 0.3325 0.3441 0.3567 0.3697 0.3825 0.3947 0.4015 0.3947 0.3825 0.3697 0.3567 0.3441 0.3325 0.3222 0.3137 0.3070 0.3025 0.3005 0.3015 0.3070 0.3201 0.3384 0.3562 0.3708 0.3820 0.3910 0.3984 0.4046 0.4097 0.4139 0.4173 0.4199 0.4216 0.4224 0.4224 0.4216 0.4201 0.4175 0.4131 0.4066 0.3978 0.3869 0.3746 0.3615 0.3487 0.3366 0.3258 0.3166 0.3093 0.3039 0.3009 0.3007 0.3042 0.3147 0.3322 0.3525 0.4154
0.3525 0.1850 0.1704 0.1762 0.1896 0.2046 0.2213 0.2400 0.2605 0.2830 0.3071 0.3323 0.3574 0.3808 0.3995 0.4119 0.4183 0.4205 0.4203 0.4185 0.4155 0.4115 0.4064 0.4000 0.3923 0.3830 0.3721 0.3595 0.3449 0.3278 0.3072 0.2812 0.2488 0.2131 0.1857 0.1753 0.1765 0.1868 0.2002 0.2157 0.2332 0.2528 0.2745 0.2980 0.3229 0.3482 0.3724 0.3932 0.4083 0.4166 0.4184 0.4166 0.4083 0.3932 0.3724 0.3482 0.3229 0.2980 0.2745 0.2528 0.2332 0.2157 0.2002 0.1868 0.1765 0.1753 0.1857 0.2131 0.2488 0.2812 0.3072 0.3278 0.3449 0.3595 0.3721 0.3830 0.3923 0.4000 0.4064 0.4115 0.4155 0.4185 0.4203 0.4205 0.4183 0.4119 0.3995 0.3808 0.3574 0.3323 0.3071 0.2830 0.2605 0.2400 0.2213 0.2046 0.1896 0.1762 0.1704 0.1850 0.3525
0.3322 0.1704 0.1858 0.2076 0.2307 0.2548 0.2799 0.3058 0.3321 0.3580 0.3814 0.4001 0.4122 0.4182 0.4201 0.4196 0.4176 0.4144 0.4103 0.4053 0.3993 0.3923 0.3840 0.3741 0.3623 0.3484 0.3319 0.3122 0.2876 0.2563 0.2211 0.1914 0.1783 0.1780 0.1870 0.2005 0.2161 0.2336 0.2534 0.2751 0.2987 0.3237 0.3491 0.3734 0.3940 0.4085 0.4165 0.4197 0.4200 0.4183 0.4160 0.4183 0.4200 0.4197 0.4165 0.4085 0.3940 0.3734 0.3491 0.3237 0.2987 0.2751 0.2534 0.2336 0.2161 0.2005 0.1870 0.1780 0.1783 0.1914 0.2211 0.2563 0.2876 0.3122 0.3319 0.3484 0.3623 0.3741 0.3840 0.3923 0.3993 0.4053 0.4103 0.4144 0.4176 0.4196 0.4201 0.4182 0.4122 0.4001 0.3814 0.3580 0.3321 0.3058 0.2799 0.2548 0.2307 0.2076 0.1858 0.1704 0.3322
0.3147 0.1762 0.2076 0.2404 0.2749 0.3093 0.3422 0.3716 0.3949 0.4098 0.4173 0.4200 0.4198 0.4180 0.4150 0.4111 0.4062 0.4004 0.3936 0.3855 0.3759 0.3645 0.3510 0.3349 0.3158 0.2923 0.2619 0.2273 0.1954 0.1793 0.1774 0.1849 0.1981 0.2133 0.2305 0.2498 0.2713 0.2946 0.3194 0.3448 0.3694 0.3909 0.4065 0.4156 0.4194 0.4201 0.4188 0.4162 0.4126 0.4078 0.4035 0.4078 0.4126 0.4162 0.4188 0.4201 0.4194 0.4156 0.4065 0.3909 0.3694 0.3448 0.3194 0.2946 0.2713 0.2498 0.2305 0.2133 0.1981 0.1849 0.1774 0.1793 0.1954 0.2273 0.2619 0.2923 0.3158 0.3349 0.3510 0.3645 0.3759 0.3855 0.3936 0.4004 0.4062 0.4111 0.4150 0.4180 0.4198 0.4200 0.4173 0.4098 0.3949 0.3716 0.3422 0.3093 0.2749 0.2404 0.2076 0.1762 0.3147
0.3042 0.1896 0.2307 0.2749 0.3204 0.3624 0.3946 0.4124 0.4190 0.4201 0.4186 0.4157 0.4119 0.4071 0.4015 0.3948 0.3870 0.3776 0.3666 0.3534 0.3379 0.3194 0.2967 0.2675 0.2334 0.1999 0.1808 0.1771 0.1829 0.1957 0.2105 0.2274 0.2464 0.2675 0.2905 0.3151 0.3405 0.3654 0.3875 0.4043 0.4144 0.4191 0.4202 0.4191 0.4167 0.4133 0.4089 0.4037 0.3974 0.3895 0.3827 0.3895 0.3974 0.4037 0.4089 0.4133 0.4167 0.4191 0.4202 0.4191 0.4144 0.4043 0.3875 0.3654 0.3405 0.3151 0.2905 0.2675 0.2464 0.2274 0.2105 0.1957 0.1829 0.1771 0.1808 0.1999 0.2334 0.2675 0.2967 0.3194 0.3379 0.3534 0.3666 0.3776 0.3870 0.3948 0.4015 0.4071 0.4119 0.4157 0.4186 0.4201 0.4190 0.4124 0.3946 0.3624 0.3204 0.2749 0.2307 0.1896 0.3042
0.3007 0.2046 0.2548 0.3093 0.3624 0.4010 0.4171 0.4200 0.4180 0.4141 0.4092 0.4033 0.3966 0.3887 0.3795 0.3687 0.3559 0.3407 0.3228 0.3010 0.2729 0.2395 0.2048 0.1828 0.1770 0.1812 0.1934 0.2079 0.2244 0.2430 0.2637 0.2864 0.3108 0.3361 0.3612 0.3841 0.4019 0.4132 0.4186 0.4202 0.4194 0.4172 0.4140 0.4098 0.4046 0.3986 0.3914 0.3829 0.3728 0.3600 0.3490 0.3600 0.3728 0.3829 0.3914 0.3986 0.4046 0.4098 0.4140 0.4172 0.4194 0.4202 0.4186 0.4132 0.4019 0.3841 0.3612 0.3361 0.3108 0.2864 0.2637 0.2430 0.2244 0.2079 0.1934 0.1812 0.1770 0.1828 0.2048 0.2395 0.2729 0.3010 0.3228 0.3407 0.3559 0.3687 0.3795 0.3887 0.3966 0.4033 0.4092 0.4141 0.4180 0.4200 0.4171 0.4010 0.3624 0.3093 0.2548 0.2046 0.3007
0.3009 0.2213 0.2799 0.3422 0.3946 0.4171 0.4197 0.4160 0.4100 0.4026 0.3941 0.3842 0.3729 0.3598 0.3446 0.3268 0.3056 0.2787 0.2457 0.2103 0.1854 0.1772 0.1798 0.1911 0.2052 0.2214 0.2397 0.2600 0.2824 0.3065 0.3318 0.3571 0.3804 0.3993 0.4117 0.4180 0.4201 0.4197 0.4177 0.4146 0.4105 0.4056 0.3997 0.3927 0.3844 0.3746 0.3630 0.3492 0.3329 0.3120 0.2939 0.3120 0.3329 0.3492 0.3630 0.3746 0.3844 0.3927 0.3997 0.4056 0.4105 0.4146 0.4177 0.4197 0.4201 0.4180 0.4117 0.3993 0.3804 0.3571 0.3318 0.3065 0.2824 0.2600 0.2397 0.2214 0.2052 0.1911 0.1798 0.1772 0.1854 0.2103 0.2457 0.2787 0.3056 0.3268 0.3446 0.3598 0.3729 0.3842 0.3941 0.4026 0.4100 0.4160 0.4197 0.4171 0.3946 0.3422 0.2799 0.2213 0.3009
0.3039 0.2400 0.3058 0.3716 0.4124 0.4200 0.4160 0.4084 0.3987 0.3869 0.3729 0.3564 0.3374 0.3155 0.2893 0.2559 0.2186 0.1890 0.1775 0.1786 0.1888 0.2027 0.2185 0.2364 0.2564 0.2785 0.3023 0.3274 0.3528 0.3767 0.3965 0.4101 0.4172 0.4199 0.4199 0.4181 0.4152 0.4113 0.4065 0.4007 0.3940 0.3860 0.3764 0.3651 0.3517 0.3359 0.3170 0.2937 0.2636 0.2283 0.2038 0.2283 0.2636 0.2937 0.3170 0.3359 0.3517 0.3651 0.3764 0.3860 0.3940 0.4007 0.4065 0.4113 0.4152 0.4181 0.4199 0.4199 0.4172 0.4101 0.3965 0.3767 0.3528 0.3274 0.3023 0.2785 0.2564 0.2364 0.2185 0.2027 0.1888 0.1786 0.1775 0.1890 0.2186 0.2559 0.2893 0.3155 0.3374 0.3564 0.3729 0.3869 0.3987 0.4084 0.4160 0.4200 0.4124 0.3716 0.3058 0.2400 0.3039
0.3093 0.2605 0.3321 0.3949 0.4190 0.4180 0.4100 0.3987 0.3842 0.3661 0.3440 0.3177 0.2861 0.2452 0.2021 0.1787 0.1764 0.1851 0.1991 0.2149 0.2328 0.2526 0.2745 0.2981 0.3231 0.3486 0.3728 0.3936 0.4082 0.4164 0.4197 0.4200 0.4185 0.4158 0.4120 0.4074 0.4018 0.3952 0.3874 0.3782 0.3672 0.3542 0.3388 0.3204 0.2981 0.2692 0.2353 0.2014 0.1814 0.1770 0.1781 0.1770 0.1814 0.2014 0.2353 0.2692 0.2981 0.3204 0.3388 0.3542 0.3672 0.3782 0.3874 0.3952 0.4018 0.4074 0.4120 0.4158 0.4185 0.4200 0.4197 0.4164 0.4082 0.3936 0.3728 0.3486 0.3231 0.2981 0.2745 0.2526 0.2328 0.2149 0.1991 0.1851 0.1764 0.1787 0.2021 0.2452 0.2861 0.3177 0.3440 0.3661 0.3842 0.3987 0.4100 0.4180 0.4190 0.3949 0.3321 0.2605 0.3093
0.3166 0.2830 0.3580 0.4098 0.4201 0.4141 0.4026 0.3869 0.3661 0.3395 0.3062 0.2637 0.2085 0.1761 0.1759 0.1898 0.2067 0.2255 0.2460 0.2685 0.2926 0.3180 0.3439 0.3687 0.3904 0.4062 0.4154 0.4194 0.4201 0.4189 0.4163 0.4127 0.4082 0.4028 0.3964 0.3888 0.3799 0.3692 0.3566 0.3416 0.3238 0.3023 0.2745 0.2413 0.2065 0.1836 0.1771 0.1807 0.1929 0.2072 0.2158 0.2072 0.1929 0.1807 0.1771 0.1836 0.2065 0.2413 0.2745 0.3023 0.3238 0.3416 0.3566 0.3692 0.3799 0.3888 0.3964 0.4028 0.4082 0.4127 0.4163 0.4189 0.4201 0.4194 0.4154 0.4062 0.3904 0.3687 0.3439 0.3180 0.2926 0.2685 0.2460 0.2255 0.2067 0.1898 0.1759 0.1761 0.2085 0.2637 0.3062 0.3395 0.3661 0.3869 0.4026 0.4141 0.4201 0.4098 0.3580 0.2830 0.3166
0.3258 0.3071 0.3814 0.4173 0.4186 0.4092 0.3941 0.3729 0.3440 0.3062 0.2554 0.1926 0.1712 0.1854 0.2052 0.2277 0.2524 0.2789 0.3066 0.3347 0.3617 0.3855 0.4034 0.4141 0.4190 0.4202 0.4192 0.4168 0.4134 0.4091 0.4038 0.3976 0.3902 0.3815 0.3712 0.3589 0.3443 0.3271 0.3063 0.2798 0.2473 0.2120 0.1862 0.1773 0.1794 0.1904 0.2044 0.2205 0.2389 0.2591 0.2709 0.2591 0.2389 0.2205 0.2044 0.1904 0.1794 0.1773 0.1862 0.2120 0.2473 0.2798 0.3063 0.3271 0.3443 0.3589 0.3712 0.3815 0.3902 0.3976 0.4038 0.4091 0.4134 0.4168 0.4192 0.4202 0.4190 0.4141 0.4034 0.3855 0.3617 0.3347 0.3066 0.2789 0.2524 0.2277 0.2052 0.1854 0.1712 0.1926 0.2554 0.3062 0.3440 0.3729 0.3941 0.4092 0.4186 0.4173 0.3814 0.3071 0.3258
0.3366 0.3323 0.4002 0.4200 0.4157 0.4033 0.3843 0.3564 0.3177 0.2637 0.1926 0.1714 0.1912 0.2157 0.2440 0.2752 0.3081 0.3412 0.3715 0.3957 0.4108 0.4179 0.4201 0.4195 0.4174 0.4141 0.4099 0.4048 0.3987 0.3916 0.3831 0.3731 0.3611 0.3470 0.3302 0.3101 0.2849 0.2531 0.2178 0.1894 0.1779 0.1784 0.1882 0.2019 0.2176 0.2354 0.2553 0.2772 0.3014 0.3263 0.3402 0.3263 0.3014 0.2772 0.2553 0.2354 0.2176 0.2019 0.1882 0.1784 0.1779 0.1894 0.2178 0.2531 0.2849 0.3101 0.3302 0.3470 0.3611 0.3731 0.3831 0.3916 0.3987 0.4048 0.4099 0.4141 0.4174 0.4195 0.4201 0.4179 0.4108 0.3957 0.3715 0.3412 0.3081 0.2752 0.2440 0.2157 0.1912 0.1714 0.1926 0.2637 0.3177 0.3564 0.3842 0.4033 0.4157 0.4200 0.4001 0.3323 0.3366
0.3487 0.3574 0.4122 0.4198 0.4119 0.3966 0.3729 0.3375 0.2861 0.2085 0.1712 0.1912 0.2194 0.2527 0.2899 0.3291 0.3662 0.3957 0.4127 0.4191 0.4200 0.4183 0.4152 0.4111 0.4060 0.4000 0.3930 0.3847 0.3749 0.3633 0.3496 0.3333 0.3139 0.2897 0.2589 0.2239 0.1931 0.1787 0.1777 0.1860 0.1994 0.2148 0.2322 0.2517 0.2733 0.2968 0.3217 0.3472 0.3719 0.3927 0.4016 0.3927 0.3719 0.3472 0.3217 0.2968 0.2733 0.2517 0.2322 0.2148 0.1994 0.1860 0.1777 0.1787 0.1931 0.2239 0.2589 0.2897 0.3139 0.3333 0.3496 0.3633 0.3749 0.3847 0.3930 0.4000 0.4060 0.4111 0.4152 0.4183 0.4200 0.4191 0.4127 0.3957 0.3662 0.3291 0.2899 0.2527 0.2194 0.1912 0.1712 0.2085 0.2861 0.3374 0.3729 0.3966 0.4119 0.4198 0.4122 0.3574 0.3487
0.3615 0.3808 0.4182 0.4180 0.4071 0.3888 0.3598 0.3155 0.2452 0.1761 0.1854 0.2157 0.2527 0.2949 0.3395 0.3801 0.4074 0.4183 0.4200 0.4178 0.4139 0.4088 0.4027 0.3955 0.3872 0.3774 0.3659 0.3524 0.3365 0.3175 0.2944 0.2645 0.2301 0.1974 0.1799 0.1772 0.1839 0.1970 0.2120 0.2291 0.2483 0.2695 0.2927 0.3174 0.3428 0.3676 0.3894 0.4055 0.4152 0.4192 0.4194 0.4192 0.4152 0.4055 0.3894 0.3676 0.3428 0.3174 0.2927 0.2695 0.2483 0.2291 0.2120 0.1970 0.1839 0.1772 0.1799 0.1974 0.2301 0.2645 0.2944 0.3175 0.3365 0.3524 0.3659 0.3774 0.3872 0.3955 0.4027 0.4088 0.4139 0.4178 0.4200 0.4183 0.4074 0.3801 0.3395 0.2949 0.2527 0.2157 0.1854 0.1761 0.2452 0.3155 0.3598 0.3887 0.4071 0.4180 0.4182 0.3808 0.3615
0.3746 0.3995 0.4201 0.4150 0.4015 0.3795 0.3446 0.2893 0.2021 0.1759 0.2052 0.2440 0.2899 0.3395 0.3844 0.4115 0.4197 0.4190 0.4149 0.4090 0.4018 0.3933 0.3833 0.3714 0.3577 0.3416 0.3228 0.3002 0.2713 0.2370 0.2024 0.1817 0.1770 0.1821 0.1946 0.2093 0.2260 0.2448 0.2657 0.2886 0.3131 0.3385 0.3635 0.3860 0.4033 0.4139 0.4188 0.4202 0.4193 0.4168 0.4142 0.4168 0.4193 0.4202 0.4188 0.4139 0.4033 0.3860 0.3635 0.3385 0.3131 0.2886 0.2657 0.2448 0.2260 0.2093 0.1946 0.1821 0.1770 0.1817 0.2024 0.2370 0.2713 0.3002 0.3228 0.3416 0.3577 0.3714 0.3833 0.3933 0.4018 0.4090 0.4149 0.4190 0.4197 0.4115 0.3844 0.3395 0.2899 0.2440 0.2052 0.1759 0.2021 0.2893 0.3446 0.3795 0.4015 0.4150 0.4201 0.3995 0.3746
0.3869 0.4119 0.4196 0.4111 0.3948 0.3687 0.3268 0.2559 0.1787 0.1898 0.2277 0.2752 0.3291 0.3801 0.4115 0.4199 0.4182 0.4128 0.4052 0.3958 0.3844 0.3706 0.3543 0.3350 0.3124 0.2848 0.2494 0.2113 0.1848 0.1768 0.1802 0.1921 0.2065 0.2229 0.2415 0.2620 0.2846 0.3089 0.3342 0.3593 0.3824 0.4008 0.4125 0.4183 0.4201 0.4195 0.4174 0.4143 0.4101 0.4047 0.4001 0.4047 0.4101 0.4143 0.4174 0.4195 0.4201 0.4183 0.4125 0.4008 0.3824 0.3593 0.3342 0.3089 0.2846 0.2620 0.2415 0.2229 0.2065 0.1921 0.1802 0.1768 0.1848 0.2113 0.2494 0.2848 0.3124 0.3350 0.3543 0.3706 0.3844 0.3958 0.4052 0.4128 0.4182 0.4199 0.4115 0.3801 0.3291 0.2752 0.2277 0.1898 0.1787 0.2559 0.3268 0.3687 0.3948 0.4111 0.4196 0.4119 0.3869
0.3978 0.4183 0.4176 0.4062 0.3870 0.3559 0.3056 0.2186 0.1764 0.2067 0.2524 0.3082 0.3662 0.4073 0.4197 0.4182 0.4120 0.4031 0.3918 0.3774 0.3597 0.3381 0.3120 0.2799 0.2381 0.1968 0.1771 0.1771 0.1877 0.2023 0.2188 0.2373 0.2578 0.2804 0.3045 0.3298 0.3551 0.3787 0.3981 0.4110 0.4177 0.4200 0.4198 0.4179 0.4149 0.4109 0.4060 0.4002 0.3933 0.3846 0.3771 0.3846 0.3933 0.4002 0.4060 0.4109 0.4149 0.4179 0.4198 0.4200 0.4177 0.4110 0.3981 0.3787 0.3551 0.3298 0.3045 0.2804 0.2578 0.2373 0.2188 0.2023 0.1877 0.1771 0.1771 0.1968 0.2381 0.2799 0.3120 0.3381 0.3597 0.3774 0.3918 0.4031 0.4120 0.4182 0.4197 0.4074 0.3662 0.3081 0.2524 0.2067 0.1764 0.2186 0.3056 0.3559 0.3870 0.4062 0.4176 0.4183 0.3978
0.4066 0.4205 0.4144 0.4004 0.3776 0.3407 0.2787 0.1890 0.1851 0.2255 0.2789 0.3412 0.3957 0.4183 0.4190 0.4128 0.4031 0.3904 0.3737 0.3524 0.3257 0.2923 0.2474 0.1974 0.1745 0.1781 0.1928 0.2100 0.2292 0.2504 0.2735 0.2983 0.3242 0.3500 0.3745 0.3951 0.4092 0.4169 0.4198 0.4199 0.4183 0.4155 0.4116 0.4069 0.4012 0.3945 0.3866 0.3772 0.3661 0.3520 0.3399 0.3520 0.3661 0.3772 0.3866 0.3945 0.4012 0.4069 0.4116 0.4155 0.4183 0.4199 0.4198 0.4169 0.4092 0.3951 0.3745 0.3500 0.3242 0.2983 0.2735 0.2504 0.2292 0.2100 0.1928 0.1781 0.1745 0.1974 0.2474 0.2923 0.3257 0.3524 0.3737 0.3904 0.4031 0.4128 0.4190 0.4183 0.3957 0.3412 0.2789 0.2255 0.1851 0.1890 0.2787 0.3407 0.3776 0.4004 0.4144 0.4205 0.4066
0.4131 0.4203 0.4103 0.3936 0.3666 0.3228 0.2457 0.1775 0.1991 0.2460 0.3066 0.3715 0.4126 0.4200 0.4149 0.4052 0.3918 0.3737 0.3499 0.3190 0.2791 0.2223 0.1784 0.1747 0.1910 0.2107 0.2330 0.2577 0.2844 0.3123 0.3404 0.3673 0.3902 0.4066 0.4157 0.4195 0.4201 0.4187 0.4160 0.4123 0.4078 0.4023 0.3958 0.3881 0.3790 0.3681 0.3553 0.3401 0.3220 0.2986 0.2776 0.2986 0.3220 0.3401 0.3553 0.3681 0.3790 0.3881 0.3958 0.4023 0.4078 0.4123 0.4160 0.4187 0.4201 0.4195 0.4157 0.4066 0.3902 0.3673 0.3404 0.3123 0.2844 0.2577 0.2330 0.2107 0.1910 0.1747 0.1784 0.2223 0.2791 0.3190 0.3499 0.3737 0.3918 0.4052 0.4149 0.4200 0.4127 0.3715 0.3066 0.2460 0.1991 0.1775 0.2457 0.3228 0.3666 0.3936 0.4103 0.4203 0.4131
0.4175 0.4185 0.4053 0.3855 0.3534 0.3010 0.2103 0.1786 0.2149 0.2685 0.3347 0.3957 0.4191 0.4179 0.4091 0.3958 0.3774 0.3524 0.3190 0.2744 0.2101 0.1724 0.1811 0.2018 0.2262 0.2539 0.2844 0.3165 0.3484 0.3773 0.3996 0.4129 0.4187 0.4202 0.4191 0.4166 0.4131 0.4087 0.4033 0.3970 0.3895 0.3806 0.3701 0.3576 0.3429 0.3253 0.3041 0.2770 0.2440 0.2087 0.1887 0.2087 0.2440 0.2770 0.3041 0.3253 0.3429 0.3576 0.3701 0.3806 0.3895 0.3970 0.4033 0.4087 0.4131 0.4166 0.4191 0.4202 0.4187 0.4129 0.3996 0.3773 0.3484 0.3165 0.2844 0.2539 0.2262 0.2018 0.1811 0.1724 0.2101 0.2744 0.3190 0.3524 0.3774 0.3958 0.4090 0.4178 0.4191 0.3957 0.3347 0.2685 0.2149 0.1786 0.2103 0.3010 0.3534 0.3855 0.4053 0.4185 0.4175
0.4201 0.4155 0.3993 0.3759 0.3379 0.2729 0.1854 0.1888 0.2328 0.2926 0.3617 0.4108 0.4200 0.4139 0.4018 0.3844 0.3597 0.3257 0.2791 0.2101 0.1713 0.1848 0.2088 0.2374 0.2702 0.3061 0.3428 0.3765 0.4016 0.4150 0.4197 0.4198 0.4178 0.4144 0.4100 0.4047 0.3984 0.3911 0.3823 0.3721 0.3599 0.3456 0.3285 0.3081 0.2821 0.2500 0.2146 0.1876 0.1776 0.1790 0.1837 0.1790 0.1776 0.1876 0.2146 0.2500 0.2821 0.3081 0.3285 0.3456 0.3599 0.3721 0.3823 0.3911 0.3984 0.4047 0.4100 0.4144 0.4178 0.4198 0.4197 0.4150 0.4016 0.3765 0.3428 0.3061 0.2702 0.2374 0.2088 0.1848 0.1713 0.2101 0.2791 0.3257 0.3597 0.3844 0.4018 0.4139 0.4200 0.4108 0.3617 0.2926 0.2328 0.1888 0.1854 0.2729 0.3379 0.3759 0.3993 0.4155 0.4201
0.4216 0.4115 0.3923 0.3645 0.3194 0.2395 0.1772 0.2027 0.2526 0.3180 0.3855 0.4179 0.4183 0.4088 0.3933 0.3706 0.3381 0.2923 0.2223 0.1724 0.1848 0.2112 0.2432 0.2804 0.3209 0.3612 0.3943 0.4131 0.4195 0.4197 0.4170 0.4128 0.4075 0.4012 0.3938 0.3851 0.3749 0.3628 0.3487 0.3320 0.3121 0.2873 0.2558 0.2206 0.1911 0.1782 0.1781 0.1872 0.2010 0.2164 0.2257 0.2164 0.2010 0.1872 0.1781 0.1782 0.1911 0.2206 0.2558 0.2873 0.3121 0.3320 0.3487 0.3628 0.3749 0.3851 0.3938 0.4012 0.4075 0.4128 0.4170 0.4197 0.4195 0.4131 0.3943 0.3612 0.3210 0.2804 0.2432 0.2112 0.1848 0.1724 0.2223 0.2923 0.3381 0.3706 0.3933 0.4088 0.4183 0.4179 0.3855 0.3180 0.2526 0.2027 0.1772 0.2395 0.3194 0.3645 0.3923 0.4115 0.4216
0.4224 0.4064 0.3840 0.3510 0.2967 0.2048 0.1798 0.2185 0.2745 0.3438 0.4034 0.4201 0.4152 0.4027 0.3833 0.3542 0.3120 0.2474 0.1784 0.1811 0.2088 0.2432 0.2838 0.3283 0.3715 0.4035 0.4175 0.4201 0.4177 0.4131 0.4070 0.3997 0.3909 0.3806 0.3685 0.3542 0.3375 0.3177 0.2939 0.2630 0.2278 0.1953 0.1791 0.1774 0.1850 0.1983 0.2135 0.2308 0.2505 0.2718 0.2842 0.2718 0.2505 0.2308 0.2135 0.1983 0.1850 0.1774 0.1791 0.1953 0.2278 0.2630 0.2939 0.3177 0.3375 0.3542 0.3685 0.3806 0.3909 0.3997 0.4070 0.4131 0.4177 0.4201 0.4175 0.4035 0.3715 0.3284 0.2838 0.2432 0.2088 0.1811 0.1784 0.2474 0.3120 0.3543 0.3833 0.4027 0.4152 0.4201 0.4034 0.3439 0.2745 0.2185 0.1798 0.2048 0.2967 0.3510 0.3840 0.4064 0.4224
0.4224 0.4000 0.3741 0.3349 0.2675 0.1828 0.1911 0.2364 0.2982 0.3686 0.4141 0.4195 0.4111 0.3955 0.3715 0.3350 0.2799 0.1974 0.1747 0.2018 0.2374 0.2804 0.3284 0.3749 0.4072 0.4190 0.4195 0.4156 0.4094 0.4015 0.3919 0.3802 0.3661 0.3494 0.3296 0.3062 0.2767 0.2402 0.2030 0.1811 0.1768 0.1826 0.1956 0.2105 0.2276 0.2467 0.2678 0.2908 0.3159 0.3411 0.3548 0.3411 0.3159 0.2908 0.2678 0.2467 0.2276 0.2105 0.1956 0.1826 0.1768 0.1811 0.2030 0.2402 0.2767 0.3062 0.3296 0.3494 0.3661 0.3802 0.3919 0.4015 0.4094 0.4156 0.4195 0.4190 0.4072 0.3748 0.3284 0.2804 0.2374 0.2018 0.1747 0.1974 0.2799 0.3350 0.3714 0.3955 0.4111 0.4195 0.4141 0.3687 0.2981 0.2364 0.1911 0.1828 0.2675 0.3349 0.3741 0.4000 0.4224
0.4216 0.3923 0.3623 0.3158 0.2334 0.1770 0.2052 0.2565 0.3231 0.3903 0.4190 0.4174 0.4060 0.3872 0.3577 0.3124 0.2381 0.1745 0.1910 0.2262 0.2702 0.3210 0.3715 0.4072 0.4193 0.4190 0.4141 0.4066 0.3971 0.3850 0.3701 0.3517 0.3295 0.3026 0.2684 0.2256 0.1893 0.1760 0.1789 0.1912 0.2063 0.2233 0.2423 0.2634 0.2864 0.3110 0.3365 0.3616 0.3847 0.4023 0.4088 0.4023 0.3847 0.3616 0.3365 0.3110 0.2864 0.2634 0.2423 0.2233 0.2063 0.1912 0.1789 0.1760 0.1893 0.2256 0.2684 0.3026 0.3295 0.3517 0.3701 0.3850 0.3971 0.4066 0.4141 0.4190 0.4193 0.4072 0.3715 0.3210 0.2702 0.2262 0.1910 0.1745 0.2381 0.3124 0.3577 0.3872 0.4060 0.4174 0.4190 0.3904 0.3231 0.2564 0.2052 0.1770 0.2334 0.3158 0.3623 0.3923 0.4216
0.4199 0.3830 0.3484 0.2923 0.1999 0.1812 0.2214 0.2785 0.3485 0.4062 0.4202 0.4141 0.4000 0.3774 0.3417 0.2848 0.1968 0.1781 0.2107 0.2539 0.3061 0.3612 0.4035 0.4190 0.4190 0.4136 0.4052 0.3942 0.3800 0.3619 0.3393 0.3112 0.2754 0.2272 0.1861 0.1742 0.1819 0.1974 0.2149 0.2345 0.2561 0.2796 0.3047 0.3308 0.3566 0.3804 0.3995 0.4118 0.4181 0.4200 0.4194 0.4200 0.4181 0.4118 0.3995 0.3804 0.3566 0.3308 0.3047 0.2796 0.2561 0.2345 0.2149 0.1974 0.1819 0.1742 0.1861 0.2272 0.2754 0.3112 0.3393 0.3619 0.3800 0.3942 0.4052 0.4136 0.4190 0.4190 0.4035 0.3612 0.3061 0.2539 0.2107 0.1781 0.1968 0.2848 0.3416 0.3774 0.4000 0.4141 0.4202 0.4062 0.3486 0.2785 0.2214 0.1812 0.1999 0.2923 0.3484 0.3830 0.4199
0.4173 0.3721 0.3319 0.2619 0.1808 0.1934 0.2397 0.3023 0.3728 0.4154 0.4192 0.4099 0.3930 0.3660 0.3229 0.2495 0.1772 0.1928 0.2330 0.2844 0.3428 0.3943 0.4175 0.4195 0.4141 0.4052 0.3932 0.3774 0.3567 0.3301 0.2964 0.2501 0.1960 0.1728 0.1806 0.1979 0.2179 0.2404 0.2652 0.2918 0.3197 0.3476 0.3736 0.3951 0.4096 0.4171 0.4199 0.4199 0.4181 0.4149 0.4119 0.4149 0.4181 0.4199 0.4199 0.4171 0.4096 0.3951 0.3736 0.3476 0.3197 0.2918 0.2652 0.2404 0.2179 0.1979 0.1806 0.1728 0.1960 0.2501 0.2964 0.3301 0.3567 0.3774 0.3932 0.4052 0.4141 0.4195 0.4175 0.3943 0.3428 0.2844 0.2330 0.1928 0.1771 0.2494 0.3228 0.3659 0.3930 0.4099 0.4192 0.4154 0.3728 0.3023 0.2397 0.1934 0.1808 0.2619 0.3319 0.3721 0.4173
0.4139 0.3595 0.3122 0.2273 0.1771 0.2079 0.2600 0.3274 0.3936 0.4194 0.4168 0.4048 0.3848 0.3525 0.3003 0.2114 0.1771 0.2099 0.2577 0.3165 0.3765 0.4131 0.4201 0.4156 0.4066 0.3942 0.3774 0.3549 0.3254 0.2867 0.2307 0.1806 0.1739 0.1914 0.2128 0.2376 0.2654 0.2956 0.3269 0.3576 0.3845 0.4041 0.4150 0.4194 0.4201 0.4186 0.4158 0.4121 0.4073 0.4013 0.3963 0.4013 0.4073 0.4121 0.4158 0.4186 0.4201 0.4194 0.4150 0.4041 0.3845 0.3576 0.3269 0.2956 0.2655 0.2376 0.2128 0.1913 0.1739 0.1806 0.2307 0.2867 0.3254 0.3549 0.3774 0.3942 0.4066 0.4156 0.4201 0.4131 0.3765 0.3165 0.2577 0.2100 0.1771 0.2113 0.3002 0.3524 0.3847 0.4048 0.4168 0.4194 0.3936 0.3274 0.2600 0.2079 0.1771 0.2273 0.3122 0.3595 0.4139
0.4097 0.3449 0.2876 0.1954 0.1829 0.2244 0.2824 0.3528 0.4082 0.4201 0.4134 0.3987 0.3749 0.3365 0.2713 0.1848 0.1877 0.2292 0.2843 0.3483 0.4016 0.4195 0.4177 0.4094 0.3971 0.3800 0.3567 0.3254 0.2834 0.2210 0.1748 0.1787 0.1997 0.2251 0.2545 0.2874 0.3225 0.3571 0.3871 0.4074 0.4172 0.4201 0.4194 0.4170 0.4133 0.4087 0.4031 0.3966 0.3889 0.3792 0.3710 0.3792 0.3889 0.3966 0.4031 0.4087 0.4133 0.4170 0.4194 0.4201 0.4172 0.4074 0.3871 0.3571 0.3225 0.2874 0.2545 0.2251 0.1997 0.1787 0.1748 0.2210 0.2834 0.3254 0.3567 0.3800 0.3971 0.4094 0.4177 0.4195 0.4016 0.3484 0.2844 0.2292 0.1877 0.1848 0.2713 0.3365 0.3749 0.3987 0.4134 0.4201 0.4082 0.3528 0.2824 0.2244 0.1829 0.1954 0.2876 0.3449 0.4097
0.4046 0.3278 0.2563 0.1793 0.1957 0.2430 0.3065 0.3767 0.4164 0.4189 0.4091 0.3916 0.3633 0.3175 0.2370 0.1768 0.2023 0.2504 0.3122 0.3773 0.4150 0.4197 0.4131 0.4015 0.3850 0.3619 0.3301 0.2867 0.2210 0.1734 0.1815 0.2050 0.2337 0.2673 0.3047 0.3435 0.3793 0.4049 0.4170 0.4201 0.4190 0.4158 0.4113 0.4058 0.3992 0.3915 0.3826 0.3719 0.3593 0.3436 0.3303 0.3436 0.3593 0.3719 0.3826 0.3915 0.3992 0.4058 0.4113 0.4158 0.4190 0.4201 0.4170 0.4049 0.3793 0.3435 0.3047 0.2673 0.2337 0.2050 0.1815 0.1734 0.2210 0.2867 0.3301 0.3619 0.3850 0.4015 0.4131 0.4197 0.4150 0.3773 0.3123 0.2504 0.2023 0.1768 0.2370 0.3175 0.3633 0.3916 0.4091 0.4189 0.4164 0.3767 0.3065 0.2430 0.1957 0.1793 0.2563 0.3278 0.4046
0.3984 0.3072 0.2211 0.1774 0.2105 0.2637 0.3318 0.3965 0.4197 0.4163 0.4038 0.3831 0.3496 0.2944 0.2024 0.1802 0.2188 0.2735 0.3404 0.3996 0.4197 0.4170 0.4070 0.3919 0.3701 0.3393 0.2964 0.2307 0.1748 0.1815 0.2069 0.2382 0.2752 0.3164 0.3582 0.3933 0.4134 0.4198 0.4193 0.4159 0.4109 0.4045 0.3969 0.3879 0.3773 0.3647 0.3499 0.3325 0.3119 0.2850 0.2610 0.2850 0.3119 0.3325 0.3499 0.3647 0.3773 0.3879 0.3969 0.4045 0.4109 0.4159 0.4193 0.4198 0.4134 0.3933 0.3582 0.3164 0.2752 0.2382 0.2069 0.1815 0.1748 0.2307 0.2964 0.3393 0.3701 0.3919 0.4070 0.4170 0.4197 0.3996 0.3404 0.2735 0.2188 0.1802 0.2024 0.2944 0.3496 0.3831 0.4038 0.4163 0.4197 0.3965 0.3318 0.2637 0.2105 0.1774 0.2211 0.3072 0.3984
0.3910 0.2812 0.1914 0.1849 0.2274 0.2864 0.3571 0.4101 0.4200 0.4127 0.3976 0.3731 0.3333 0.2645 0.1817 0.1921 0.2373 0.2983 0.3673 0.4129 0.4198 0.4128 0.3997 0.3802 0.3517 0.3112 0.2501 0.1806 0.1787 0.2050 0.2382 0.2778 0.3222 0.3666 0.4010 0.4170 0.4201 0.4176 0.4125 0.4058 0.3975 0.3874 0.3752 0.3606 0.3433 0.3229 0.2984 0.2669 0.2297 0.1951 0.1800 0.1951 0.2297 0.2669 0.2984 0.3229 0.3433 0.3606 0.3752 0.3874 0.3975 0.4058 0.4125 0.4176 0.4201 0.4170 0.4010 0.3666 0.3222 0.2778 0.2382 0.2050 0.1787 0.1806 0.2501 0.3112 0.3517 0.3802 0.3997 0.4128 0.4198 0.4129 0.3673 0.2983 0.2373 0.1921 0.1817 0.2645 0.3333 0.3731 0.3976 0.4127 0.4200 0.4101 0.3571 0.2864 0.2274 0.1849 0.1914 0.2812 0.3910
0.3820 0.2488 0.1783 0.1981 0.2464 0.3108 0.3804 0.4172 0.4185 0.4082 0.3902 0.3611 0.3139 0.2301 0.1770 0.2065 0.2578 0.3242 0.3902 0.4187 0.4178 0.4075 0.3909 0.3661 0.3295 0.2754 0.1960 0.1739 0.1997 0.2337 0.2752 0.3222 0.3693 0.4043 0.4184 0.4197 0.4159 0.4096 0.4012 0.3909 0.3780 0.3621 0.3429 0.3197 0.2914 0.2543 0.2122 0.1831 0.1761 0.1817 0.1887 0.1817 0.1761 0.1831 0.2122 0.2543 0.2914 0.3197 0.3429 0.3621 0.3780 0.3909 0.4012 0.4096 0.4159 0.4197 0.4184 0.4043 0.3693 0.3222 0.2752 0.2337 0.1997 0.1739 0.1960 0.2754 0.3295 0.3661 0.3909 0.4075 0.4178 0.4187 0.3902 0.3242 0.2578 0.2065 0.1770 0.2301 0.3139 0.3611 0.3902 0.4082 0.4185 0.4172 0.3804 0.3108 0.2464 0.1981 0.1783 0.2488 0.3820
0.3708 0.2131 0.1780 0.2133 0.2675 0.3361 0.3993 0.4199 0.4158 0.4028 0.3815 0.3470 0.2897 0.1974 0.1821 0.2229 0.2804 0.3500 0.4066 0.4202 0.4144 0.4012 0.3806 0.3494 0.3026 0.2272 0.1728 0.1913 0.2251 0.2673 0.3164 0.3666 0.4043 0.4187 0.4194 0.4148 0.4074 0.3977 0.3853 0.3696 0.3500 0.3256 0.2953 0.2553 0.2076 0.1785 0.1757 0.1869 0.2029 0.2207 0.2312 0.2207 0.2029 0.1869 0.1757 0.1785 0.2076 0.2553 0.2953 0.3256 0.3500 0.3696 0.3853 0.3977 0.4074 0.4148 0.4194 0.4187 0.4043 0.3666 0.3164 0.2673 0.2251 0.1913 0.1728 0.2272 0.3026 0.3494 0.3806 0.4012 0.4144 0.4202 0.4066 0.3500 0.2804 0.2229 0.1821 0.1974 0.2897 0.3470 0.3815 0.4028 0.4158 0.4199 0.3993 0.3361 0.2675 0.2133 0.1780 0.2131 0.3708
0.3562 0.1857 0.1870 0.2305 0.2905 0.3612 0.4117 0.4199 0.4120 0.3964 0.3712 0.3302 0.2589 0.1799 0.1946 0.2415 0.3045 0.3745 0.4157 0.4191 0.4100 0.3938 0.3685 0.3296 0.2684 0.1861 0.1806 0.2128 0.2545 0.3047 0.3582 0.4010 0.4184 0.4194 0.4144 0.4063 0.3955 0.3814 0.3631 0.3398 0.3102 0.2720 0.2195 0.1801 0.1744 0.1877 0.2056 0.2260 0.2492 0.2739 0.2883 0.2739 0.2492 0.2260 0.2056 0.1877 0.1744 0.1801 0.2194 0.2720 0.3103 0.3398 0.3631 0.3814 0.3955 0.4063 0.4144 0.4194 0.4184 0.4010 0.3582 0.3047 0.2545 0.2128 0.1806 0.1861 0.2684 0.3296 0.3685 0.3938 0.4100 0.4191 0.4157 0.3745 0.3045 0.2415 0.1946 0.1799 0.2589 0.3302 0.3712 0.3964 0.4120 0.4199 0.4117 0.3612 0.2905 0.2305 0.1870 0.1857 0.3562
0.3384 0.1753 0.2005 0.2498 0.3151 0.3841 0.4180 0.4181 0.4074 0.3888 0.3589 0.3101 0.2239 0.1772 0.2093 0.2620 0.3298 0.3951 0.4195 0.4167 0.4047 0.3851 0.3542 0.3062 0.2256 0.1741 0.1980 0.2376 0.2874 0.3435 0.3933 0.4170 0.4197 0.4148 0.4063 0.3947 0.3793 0.3590 0.3325 0.2983 0.2511 0.1947 0.1720 0.1829 0.2020 0.2242 0.2496 0.2776 0.3079 0.3384 0.3545 0.3384 0.3079 0.2776 0.2496 0.2242 0.2020 0.1829 0.1720 0.1945 0.2511 0.2984 0.3326 0.3589 0.3793 0.3947 0.4063 0.4148 0.4197 0.4170 0.3933 0.3435 0.2874 0.2376 0.1979 0.1742 0.2256 0.3062 0.3542 0.3851 0.4047 0.4166 0.4195 0.3951 0.3298 0.2620 0.2093 0.1772 0.2239 0.3101 0.3589 0.3888 0.4074 0.4181 0.4180 0.3841 0.3151 0.2498 0.2005 0.1753 0.3384
0.3201 0.1765 0.2161 0.2713 0.3405 0.4019 0.4201 0.4152 0.4018 0.3799 0.3443 0.2849 0.1931 0.1839 0.2260 0.2846 0.3551 0.4092 0.4201 0.4131 0.3984 0.3749 0.3375 0.2768 0.1894 0.1820 0.2179 0.2655 0.3225 0.3793 0.4134 0.4201 0.4159 0.4074 0.3955 0.3793 0.3576 0.3287 0.2907 0.2353 0.1819 0.1736 0.1919 0.2146 0.2412 0.2714 0.3044 0.3384 0.3710 0.3966 0.4062 0.3966 0.3710 0.3383 0.3044 0.2714 0.2413 0.2147 0.1919 0.1736 0.1818 0.2353 0.2908 0.3288 0.3575 0.3793 0.3955 0.4074 0.4159 0.4201 0.4134 0.3793 0.3225 0.2655 0.2179 0.1819 0.1893 0.2767 0.3375 0.3749 0.3984 0.4131 0.4201 0.4092 0.3551 0.2846 0.2260 0.1839 0.1931 0.2849 0.3443 0.3799 0.4018 0.4152 0.4201 0.4019 0.3405 0.2713 0.2161 0.1765 0.3201
0.3070 0.1868 0.2336 0.2946 0.3654 0.4132 0.4197 0.4113 0.3952 0.3692 0.3271 0.2531 0.1787 0.1970 0.2448 0.3089 0.3787 0.4169 0.4187 0.4087 0.3911 0.3629 0.3179 0.2404 0.1761 0.1973 0.2404 0.2956 0.3571 0.4049 0.4198 0.4176 0.4096 0.3977 0.3814 0.3590 0.3287 0.2881 0.2273 0.1766 0.1775 0.1988 0.2248 0.2554 0.2900 0.3272 0.3636 0.3938 0.4122 0.4190 0.4193 0.4190 0.4122 0.3938 0.3636 0.3272 0.2901 0.2555 0.2248 0.1988 0.1775 0.1766 0.2273 0.2881 0.3288 0.3589 0.3814 0.3977 0.4096 0.4176 0.4198 0.4049 0.3571 0.2956 0.2404 0.1974 0.1760 0.2402 0.3177 0.3628 0.3911 0.4087 0.4187 0.4169 0.3787 0.3089 0.2448 0.1970 0.1787 0.2531 0.3271 0.3692 0.3952 0.4113 0.4197 0.4132 0.3654 0.2946 0.2336 0.1868 0.3070
0.3015 0.2002 0.2534 0.3194 0.3875 0.4186 0.4177 0.4065 0.3874 0.3566 0.3063 0.2178 0.1777 0.2120 0.2657 0.3342 0.3981 0.4198 0.4160 0.4033 0.3824 0.3488 0.2940 0.2033 0.1788 0.2148 0.2652 0.3269 0.3871 0.4170 0.4193 0.4125 0.4012 0.3853 0.3631 0.3325 0.2907 0.2273 0.1752 0.1797 0.2031 0.2318 0.2659 0.3043 0.3447 0.3817 0.4072 0.4181 0.4201 0.4178 0.4146 0.4178 0.4201 0.4181 0.4072 0.3817 0.3447 0.3044 0.2659 0.2318 0.2031 0.1797 0.1752 0.2273 0.2908 0.3326 0.3631 0.3853 0.4012 0.4125 0.4193 0.4170 0.3871 0.3269 0.2652 0.2149 0.1789 0.2030 0.2939 0.3487 0.3823 0.4033 0.4160 0.4198 0.3981 0.3342 0.2657 0.2120 0.1777 0.2178 0.3063 0.3566 0.3874 0.4065 0.4177 0.4186 0.3875 0.3194 0.2534 0.2002 0.3015
0.3005 0.2157 0.2751 0.3448 0.4043 0.4202 0.4146 0.4007 0.3782 0.3416 0.2798 0.1894 0.1860 0.2291 0.2886 0.3593 0.4110 0.4199 0.4123 0.3970 0.3721 0.3321 0.2632 0.1812 0.1911 0.2344 0.2918 0.3576 0.4074 0.4201 0.4159 0.4058 0.3909 0.3696 0.3398 0.2983 0.2353 0.1766 0.1797 0.2045 0.2354 0.2724 0.3140 0.3567 0.3932 0.4138 0.4199 0.4190 0.4151 0.4088 0.4031 0.4088 0.4150 0.4190 0.4199 0.4138 0.3933 0.3568 0.3140 0.2724 0.2354 0.2045 0.1797 0.1766 0.2353 0.2984 0.3398 0.3696 0.3909 0.4058 0.4159 0.4201 0.4074 0.3576 0.2918 0.2345 0.1912 0.1811 0.2630 0.3320 0.3721 0.3970 0.4123 0.4199 0.4110 0.3593 0.2886 0.2291 0.1860 0.1894 0.2798 0.3416 0.3782 0.4007 0.4146 0.4202 0.4043 0.3448 0.2751 0.2157 0.3005
0.3025 0.2332 0.2987 0.3694 0.4144 0.4194 0.4105 0.3940 0.3672 0.3238 0.2473 0.1779 0.1994 0.2483 0.3131 0.3824 0.4177 0.4183 0.4078 0.3895 0.3600 0.3121 0.2278 0.1767 0.2062 0.2561 0.3197 0.3845 0.4172 0.4190 0.4109 0.3975 0.3780 0.3500 0.3103 0.2511 0.1818 0.1775 0.2031 0.2354 0.2746 0.3188 0.3638 0.3996 0.4167 0.4201 0.4175 0.4121 0.4049 0.3950 0.3862 0.3950 0.4048 0.4121 0.4175 0.4201 0.4168 0.3997 0.3638 0.3188 0.2746 0.2354 0.2031 0.1775 0.1818 0.2511 0.3103 0.3500 0.3780 0.3975 0.4109 0.4190 0.4172 0.3845 0.3197 0.2561 0.2063 0.1768 0.2278 0.3121 0.3599 0.3895 0.4078 0.4183 0.4177 0.3824 0.3131 0.2483 0.1994 0.1779 0.2473 0.3238 0.3672 0.3940 0.4105 0.4194 0.4144 0.3694 0.2987 0.2332 0.3025
0.3070 0.2528 0.3237 0.3909 0.4191 0.4172 0.4056 0.3860 0.3542 0.3023 0.2120 0.1784 0.2148 0.2695 0.3385 0.4008 0.4200 0.4155 0.4023 0.3806 0.3456 0.2873 0.1953 0.1825 0.2232 0.2796 0.3476 0.4041 0.4201 0.4158 0.4045 0.3874 0.3621 0.3256 0.2720 0.1945 0.1736 0.1988 0.2318 0.2724 0.3188 0.3660 0.4025 0.4180 0.4198 0.4161 0.4096 0.4010 0.3901 0.3751 0.3615 0.3750 0.3900 0.4010 0.4096 0.4161 0.4198 0.4180 0.4025 0.3660 0.3188 0.2724 0.2318 0.1988 0.1736 0.1945 0.2720 0.3256 0.3621 0.3874 0.4045 0.4158 0.4201 0.4041 0.3476 0.2796 0.2233 0.1826 0.1953 0.2873 0.3456 0.3806 0.4023 0.4155 0.4200 0.4008 0.3385 0.2695 0.2148 0.1784 0.2120 0.3023 0.3542 0.3860 0.4056 0.4172 0.4191 0.3909 0.3237 0.2528 0.3070
0.3137 0.2745 0.3491 0.4065 0.4202 0.4140 0.3997 0.3764 0.3388 0.2745 0.1862 0.1882 0.2322 0.2927 0.3635 0.4125 0.4198 0.4116 0.3958 0.3701 0.3285 0.2558 0.1791 0.1956 0.2423 0.3047 0.3736 0.4150 0.4194 0.4113 0.3969 0.3752 0.3429 0.2953 0.2194 0.1720 0.1919 0.2248 0.2659 0.3140 0.3638 0.4025 0.4183 0.4196 0.4151 0.4078 0.3980 0.3854 0.3691 0.3466 0.3262 0.3466 0.3690 0.3853 0.3980 0.4078 0.4151 0.4196 0.4183 0.4025 0.3638 0.3140 0.2659 0.2248 0.1919 0.1720 0.2194 0.2953 0.3429 0.3752 0.3969 0.4113 0.4194 0.4150 0.3736 0.3047 0.2423 0.1956 0.1791 0.2558 0.3285 0.3701 0.3958 0.4116 0.4198 0.4125 0.3635 0.2927 0.2322 0.1882 0.1862 0.2745 0.3388 0.3764 0.3997 0.4140 0.4202 0.4065 0.3491 0.2745 0.3137
0.3222 0.2980 0.3734 0.4156 0.4191 0.4098 0.3927 0.3651 0.3204 0.2413 0.1773 0.2019 0.2517 0.3174 0.3860 0.4183 0.4179 0.4069 0.3881 0.3576 0.3081 0.2206 0.1774 0.2105 0.2634 0.3308 0.3951 0.4194 0.4170 0.4058 0.3879 0.3606 0.3197 0.2553 0.1801 0.1829 0.2147 0.2555 0.3044 0.3568 0.3997 0.4180 0.4196 0.4148 0.4069 0.3962 0.3821 0.3636 0.3397 0.3066 0.2765 0.3065 0.3397 0.3636 0.3820 0.3962 0.4069 0.4148 0.4196 0.4180 0.3997 0.3568 0.3044 0.2555 0.2147 0.1829 0.1801 0.2553 0.3197 0.3606 0.3879 0.4058 0.4170 0.4194 0.3951 0.3308 0.2634 0.2105 0.1774 0.2206 0.3081 0.3576 0.3881 0.4069 0.4179 0.4183 0.3860 0.3174 0.2517 0.2019 0.1773 0.2413 0.3204 0.3651 0.3927 0.4098 0.4191 0.4156 0.3734 0.2980 0.3222
0.3325 0.3229 0.3940 0.4194 0.4167 0.4046 0.3844 0.3517 0.2981 0.2065 0.1794 0.2176 0.2733 0.3428 0.4033 0.4201 0.4149 0.4012 0.3790 0.3429 0.2821 0.1911 0.1850 0.2276 0.2864 0.3566 0.4096 0.4201 0.4133 0.3992 0.3773 0.3433 0.2914 0.2076 0.1744 0.2020 0.2413 0.2901 0.3447 0.3933 0.4168 0.4198 0.4151 0.4069 0.3956 0.3804 0.3602 0.3337 0.2991 0.2488 0.2059 0.2486 0.2990 0.3336 0.3601 0.3804 0.3956 0.4069 0.4151 0.4198 0.4168 0.3933 0.3447 0.2901 0.2413 0.2020 0.1744 0.2076 0.2914 0.3433 0.3773 0.3992 0.4133 0.4201 0.4096 0.3566 0.2864 0.2276 0.1850 0.1911 0.2821 0.3429 0.3790 0.4012 0.4149 0.4201 0.4033 0.3428 0.2733 0.2176 0.1794 0.2065 0.2981 0.3517 0.3844 0.4046 0.4167 0.4194 0.3940 0.3229 0.3325
0.3441 0.3482 0.4085 0.4201 0.4133 0.3986 0.3746 0.3359 0.2692 0.1836 0.1904 0.2354 0.2968 0.3676 0.4139 0.4195 0.4109 0.3945 0.3681 0.3253 0.2500 0.1782 0.1983 0.2467 0.3110 0.3804 0.4171 0.4186 0.4087 0.3915 0.3647 0.3229 0.2543 0.1785 0.1877 0.2242 0.2714 0.3272 0.3817 0.4138 0.4201 0.4161 0.4078 0.3962 0.3803 0.3590 0.3306 0.2928 0.2375 0.1822 0.1684 0.1822 0.2373 0.2927 0.3305 0.3590 0.3804 0.3962 0.4078 0.4161 0.4201 0.4138 0.3817 0.3272 0.2714 0.2242 0.1877 0.1785 0.2543 0.3229 0.3647 0.3915 0.4087 0.4186 0.4171 0.3804 0.3110 0.2467 0.1983 0.1782 0.2500 0.3253 0.3681 0.3945 0.4109 0.4195 0.4139 0.3676 0.2968 0.2354 0.1904 0.1836 0.2692 0.3359 0.3746 0.3986 0.4133 0.4201 0.4085 0.3482 0.3441
0.3567 0.3724 0.4165 0.4188 0.4089 0.3914 0.3630 0.3170 0.2353 0.1771 0.2044 0.2553 0.3217 0.3894 0.4188 0.4174 0.4060 0.3866 0.3553 0.3041 0.2146 0.1781 0.2135 0.2678 0.3365 0.3995 0.4199 0.4158 0.4031 0.3826 0.3499 0.2984 0.2122 0.1757 0.2056 0.2496 0.3044 0.3636 0.4072 0.4199 0.4175 0.4096 0.3980 0.3820 0.3601 0.3306 0.2907 0.2308 0.1780 0.1771 0.1875 0.1772 0.1779 0.2306 0.2905 0.3305 0.3601 0.3820 0.3980 0.4096 0.4175 0.4199 0.4072 0.3636 0.3044 0.2496 0.2056 0.1757 0.2122 0.2984 0.3499 0.3826 0.4031 0.4158 0.4199 0.3995 0.3365 0.2678 0.2135 0.1781 0.2146 0.3041 0.3553 0.3866 0.4060 0.4174 0.4188 0.3894 0.3217 0.2553 0.2044 0.1771 0.2353 0.3170 0.3630 0.3914 0.4089 0.4188 0.4165 0.3724 0.3567
0.3697 0.3932 0.4197 0.4162 0.4037 0.3829 0.3492 0.2937 0.2014 0.1807 0.2205 0.2772 0.3472 0.4055 0.4202 0.4143 0.4002 0.3772 0.3401 0.2770 0.1876 0.1872 0.2308 0.2908 0.3616 0.4118 0.4199 0.4121 0.3966 0.3719 0.3325 0.2669 0.1831 0.1869 0.2260 0.2776 0.3383 0.3938 0.4181 0.4190 0.4121 0.4010 0.3853 0.3636 0.3336 0.2928 0.2307 0.1763 0.1793 0.2024 0.2164 0.2024 0.1794 0.1763 0.2306 0.2927 0.3336 0.3636 0.3853 0.4010 0.4121 0.4190 0.4181 0.3938 0.3383 0.2776 0.2260 0.1869 0.1831 0.2669 0.3325 0.3719 0.3966 0.4121 0.4199 0.4118 0.3616 0.2908 0.2308 0.1872 0.1876 0.2770 0.3401 0.3772 0.4002 0.4143 0.4202 0.4055 0.3472 0.2772 0.2205 0.1807 0.2014 0.2937 0.3492 0.3829 0.4037 0.4162 0.4197 0.3932 0.3697
0.3825 0.4084 0.4200 0.4126 0.3974 0.3728 0.3329 0.2636 0.1814 0.1929 0.2389 0.3014 0.3719 0.4152 0.4193 0.4101 0.3933 0.3661 0.3220 0.2440 0.1776 0.2010 0.2505 0.3159 0.3847 0.4181 0.4181 0.4073 0.3889 0.3593 0.3119 0.2297 0.1761 0.2029 0.2492 0.3079 0.3710 0.4122 0.4201 0.4150 0.4048 0.3900 0.3690 0.3397 0.2990 0.2373 0.1779 0.1793 0.2048 0.2353 0.2537 0.2354 0.2049 0.1794 0.1779 0.2373 0.2990 0.3397 0.3690 0.3900 0.4048 0.4150 0.4201 0.4122 0.3710 0.3079 0.2492 0.2029 0.1761 0.2297 0.3119 0.3593 0.3889 0.4073 0.4181 0.4181 0.3847 0.3159 0.2505 0.2010 0.1776 0.2440 0.3220 0.3661 0.3933 0.4101 0.4193 0.4152 0.3719 0.3014 0.2389 0.1929 0.1814 0.2636 0.3329 0.3728 0.3974 0.4126 0.4200 0.4083 0.3825
0.3948 0.4166 0.4183 0.4078 0.3895 0.3600 0.3120 0.2283 0.1770 0.2072 0.2591 0.3263 0.3927 0.4192 0.4168 0.4047 0.3846 0.3520 0.2986 0.2087 0.1790 0.2164 0.2718 0.3411 0.4023 0.4200 0.4149 0.4013 0.3792 0.3436 0.2850 0.1951 0.1817 0.2207 0.2739 0.3384 0.3966 0.4190 0.4178 0.4088 0.3950 0.3750 0.3465 0.3066 0.2486 0.1821 0.1771 0.2024 0.2353 0.2733 0.2940 0.2733 0.2354 0.2024 0.1772 0.1822 0.2486 0.3066 0.3465 0.3750 0.3950 0.4088 0.4178 0.4190 0.3966 0.3384 0.2739 0.2207 0.1817 0.1951 0.2850 0.3436 0.3792 0.4013 0.4149 0.4200 0.4023 0.3411 0.2718 0.2164 0.1790 0.2087 0.2986 0.3520 0.3846 0.4047 0.4168 0.4192 0.3927 0.3263 0.2591 0.2072 0.1770 0.2283 0.3120 0.3600 0.3895 0.4078 0.4183 0.4166 0.3947
0.4016 0.4184 0.4160 0.4035 0.3827 0.3490 0.2939 0.2038 0.1781 0.2158 0.2709 0.3402 0.4016 0.4194 0.4142 0.4001 0.3771 0.3399 0.2776 0.1887 0.1837 0.2257 0.2842 0.3548 0.4088 0.4194 0.4119 0.3963 0.3710 0.3303 0.2610 0.1800 0.1887 0.2312 0.2883 0.3545 0.4062 0.4193 0.4146 0.4031 0.3862 0.3615 0.3262 0.2765 0.2058 0.1684 0.1875 0.2164 0.2537 0.2940 0.3148 0.2940 0.2537 0.2164 0.1875 0.1684 0.2058 0.2765 0.3262 0.3615 0.3862 0.4031 0.4146 0.4193 0.4062 0.3545 0.2883 0.2312 0.1887 0.1800 0.2610 0.3303 0.3710 0.3963 0.4119 0.4194 0.4088 0.3548 0.2842 0.2257 0.1837 0.1887 0.2776 0.3399 0.3771 0.4001 0.4142 0.4194 0.4016 0.3402 0.2709 0.2158 0.1781 0.2038 0.2939 0.3490 0.3827 0.4035 0.4160 0.4184 0.4015
0.3948 0.4166 0.4183 0.4078 0.3895 0.3600 0.3120 0.2283 0.1770 0.2072 0.2591 0.3263 0.3927 0.4192 0.4168 0.4047 0.3846 0.3520 0.2986 0.2087 0.1790 0.2164 0.2718 0.3411 0.4023 0.4200 0.4149 0.4013 0.3792 0.3436 0.2850 0.1951 0.1817 0.2207 0.2739 0.3384 0.3966 0.4190 0.4178 0.4088 0.3950 0.3750 0.3465 0.3066 0.2486 0.1822 0.1772 0.2024 0.2354 0.2733 0.2940 0.2733 0.2354 0.2024 0.1772 0.1822 0.2486 0.3066 0.3465 0.3750 0.3950 0.4088 0.4178 0.4190 0.3966 0.3384 0.2739 0.2207 0.1817 0.1951 0.2850 0.3436 0.3792 0.4013 0.4149 0.4200 0.4023 0.3411 0.2718 0.2164 0.1790 0.2087 0.2986 0.3520 0.3846 0.4047 0.4168 0.4192 0.3927 0.3263 0.2591 0.2072 0.1770 0.2283 0.3120 0.3600 0.3895 0.4078 0.4183 0.4166 0.3947
0.3825 0.4084 0.4200 0.4126 0.3974 0.3728 0.3329 0.2636 0.1814 0.1929 0.2389 0.3014 0.3719 0.4152 0.4193 0.4101 0.3933 0.3661 0.3220 0.2440 0.1776 0.2010 0.2505 0.3159 0.3847 0.4181 0.4181 0.4073 0.3889 0.3593 0.3119 0.2297 0.1761 0.2029 0.2492 0.3079 0.3710 0.4122 0.4201 0.4150 0.4048 0.3900 0.3690 0.3397 0.2990 0.2373 0.1779 0.1794 0.2049 0.2354 0.2537 0.2354 0.2049 0.1794 0.1779 0.2373 0.2990 0.3397 0.3690 0.3900 0.4048 0.4150 0.4201 0.4122 0.3710 0.3079 0.2492 0.2029 0.1761 0.2297 0.3119 0.3593 0.3889 0.4073 0.4181 0.4181 0.3847 0.3159 0.2505 0.2010 0.1776 0.2440 0.3220 0.3661 0.3933 0.4101 0.4193 0.4152 0.3719 0.3014 0.2389 0.1929 0.1814 0.2636 0.3329 0.3728 0.3974 0.4126 0.4200 0.4083 0.3825
0.3697 0.3932 0.4197 0.4162 0.4037 0.3829 0.3492 0.2937 0.2014 0.1807 0.2205 0.2772 0.3472 0.4055 0.4202 0.4143 0.4002 0.3772 0.3401 0.2770 0.1876 0.1872 0.2308 0.2908 0.3616 0.4118 0.4199 0.4121 0.3966 0.3719 0.3325 0.2669 0.1831 0.1869 0.2260 0.2776 0.3383 0.3938 0.4181 0.4190 0.4121 0.4010 0.3853 0.3636 0.3336 0.2927 0.2306 0.1763 0.1794 0.2024 0.2164 0.2024 0.1794 0.1763 0.2306 0.2927 0.3336 0.3636 0.3853 0.4010 0.4121 0.4190 0.4181 0.3938 0.3383 0.2776 0.2260 0.1869 0.1831 0.2669 0.3325 0.3719 0.3966 0.4121 0.4199 0.4118 0.3616 0.2908 0.2308 0.1872 0.1876 0.2770 0.3401 0.3772 0.4002 0.4143 0.4202 0.4055 0.3472 0.2772 0.2205 0.1807 0.2014 0.2937 0.3492 0.3829 0.4037 0.4162 0.4197 0.3932 0.3697
0.3567 0.3724 0.4165 0.4188 0.4089 0.3914 0.3630 0.3170 0.2353 0.1771 0.2044 0.2553 0.3217 0.3894 0.4188 0.4174 0.4060 0.3866 0.3553 0.3041 0.2146 0.1781 0.2135 0.2678 0.3365 0.3995 0.4199 0.4158 0.4031 0.3826 0.3499 0.2984 0.2122 0.1757 0.2056 0.2496 0.3044 0.3636 0.4072 0.4199 0.4175 0.4096 0.3980 0.3820 0.3601 0.3305 0.2905 0.2306 0.1779 0.1772 0.1875 0.1772 0.1779 0.2306 0.2905 0.3305 0.3601 0.3820 0.3980 0.4096 0.4175 0.4199 0.4072 0.3636 0.3044 0.2496 0.2056 0.1757 0.2122 0.2984 0.3499 0.3826 0.4031 0.4158 0.4199 0.3995 0.3365 0.2678 0.2135 0.1781 0.2146 0.3041 0.3553 0.3866 0.4060 0.4174 0.4188 0.3894 0.3217 0.2553 0.2044 0.1771 0.2353 0.3170 0.3630 0.3914 0.4089 0.4188 0.4165 0.3724 0.3567
0.3441 0.3482 0.4085 0.4201 0.4133 0.3986 0.3746 0.3359 0.2692 0.1836 0.1904 0.2354 0.2968 0.3676 0.4139 0.4195 0.4109 0.3945 0.3681 0.3253 0.2500 0.1782 0.1983 0.2467 0.3110 0.3804 0.4171 0.4186 0.4087 0.3915 0.3647 0.3229 0.2543 0.1785 0.1877 0.2242 0.2714 0.3272 0.3817 0.4138 0.4201 0.4161 0.4078 0.3962 0.3804 0.3590 0.3305 0.2927 0.2373 0.1822 0.1684 0.1822 0.2373 0.2927 0.3305 0.3590 0.3804 0.3962 0.4078 0.4161 0.4201 0.4138 0.3817 0.3272 0.2714 0.2242 0.1877 0.1785 0.2543 0.3229 0.3647 0.3915 0.4087 0.4186 0.4171 0.3804 0.3110 0.2467 0.1983 0.1782 0.2500 0.3253 0.3681 0.3945 0.4109 0.4195 0.4139 0.3676 0.2968 0.2354 0.1904 0.1836 0.2692 0.3359 0.3746 0.3986 0.4133 0.4201 0.4085 0.3482 0.3441
