0.4276 0.4141 0.4015 0.3951 0.3872 0.3774 0.3649 0.3485 0.3300 0.3133 0.3036 0.3006 0.3011 0.3043 0.3098 0.3173 0.3266 0.3375 0.3497 0.3626 0.3756 0.3878 0.3985 0.4072 0.4135 0.4177 0.4203 0.4217 0.4224 0.4224 0.4215 0.4197 0.4171 0.4136 0.4093 0.4041 0.3979 0.3904 0.3812 0.3698 0.3548 0.3370 0.3189 0.3063 0.3013 0.3006 0.3028 0.3075 0.3142 0.3238 0.3320 0.3238 0.3142 0.3075 0.3028 0.3006 0.3013 0.3063 0.3189 0.3370 0.3548 0.3698 0.3812 0.3904 0.3979 0.4041 0.4093 0.4136 0.4171 0.4197 0.4215 0.4224 0.4224 0.4217 0.4203 0.4177 0.4135 0.4072 0.3985 0.3878 0.3756 0.3626 0.3497 0.3375 0.3266 0.3173 0.3098 0.3043 0.3011 0.3006 0.3036 0.3133 0.3300 0.3485 0.3649 0.3774 0.3872 0.3951 0.4015 0.4141 0.4276
0.4141 0.3435 0.3228 0.2990 0.2705 0.2348 0.1995 0.1789 0.1747 0.1802 0.1926 0.2069 0.2233 0.2418 0.2623 0.2848 0.3090 0.3342 0.3593 0.3824 0.4007 0.4126 0.4185 0.4206 0.4202 0.4183 0.4152 0.4111 0.4059 0.3995 0.3916 0.3822 0.3712 0.3584 0.3437 0.3263 0.3054 0.2788 0.2461 0.2105 0.1842 0.1751 0.1770 0.1877 0.2014 0.2170 0.2346 0.2544 0.2767 0.3008 0.3141 0.3008 0.2767 0.2544 0.2346 0.2170 0.2014 0.1877 0.1770 0.1751 0.1842 0.2105 0.2461 0.2788 0.3054 0.3263 0.3437 0.3584 0.3712 0.3822 0.3916 0.3995 0.4059 0.4111 0.4152 0.4183 0.4202 0.4206 0.4185 0.4126 0.4007 0.3824 0.3593 0.3342 0.3090 0.2848 0.2623 0.2418 0.2233 0.2069 0.1926 0.1802 0.1747 0.1789 0.1995 0.2348 0.2705 0.2990 0.3228 0.3435 0.4141
0.4015 0.3228 0.2806 0.2312 0.1883 0.1748 0.1790 0.1916 0.2066 0.2234 0.2421 0.2628 0.2855 0.3098 0.3352 0.3603 0.3832 0.4014 0.4128 0.4184 0.4201 0.4195 0.4173 0.4141 0.4099 0.4049 0.3988 0.3917 0.3832 0.3732 0.3613 0.3472 0.3305 0.3105 0.2853 0.2536 0.2183 0.1897 0.1779 0.1784 0.1880 0.2017 0.2174 0.2351 0.2550 0.2769 0.3006 0.3257 0.3515 0.3757 0.3875 0.3757 0.3515 0.3257 0.3006 0.2769 0.2550 0.2351 0.2174 0.2017 0.1880 0.1784 0.1779 0.1897 0.2183 0.2536 0.2853 0.3105 0.3305 0.3472 0.3613 0.3732 0.3832 0.3917 0.3988 0.4049 0.4099 0.4141 0.4173 0.4195 0.4201 0.4184 0.4128 0.4014 0.3832 0.3603 0.3352 0.3098 0.2855 0.2628 0.2421 0.2234 0.2066 0.1916 0.1790 0.1748 0.1883 0.2312 0.2806 0.3228 0.4015
0.3951 0.2990 0.2312 0.1759 0.1758 0.1934 0.2126 0.2335 0.2558 0.2795 0.3045 0.3303 0.3559 0.3795 0.3987 0.4113 0.4178 0.4201 0.4197 0.4178 0.4147 0.4107 0.4058 0.3999 0.3930 0.3848 0.3750 0.3635 0.3498 0.3336 0.3142 0.2901 0.2593 0.2245 0.1935 0.1788 0.1776 0.1858 0.1992 0.2145 0.2319 0.2514 0.2730 0.2965 0.3214 0.3468 0.3712 0.3923 0.4077 0.4160 0.4180 0.4160 0.4077 0.3923 0.3712 0.3468 0.3214 0.2965 0.2730 0.2514 0.2319 0.2145 0.1992 0.1858 0.1776 0.1788 0.1935 0.2245 0.2593 0.2901 0.3142 0.3336 0.3498 0.3635 0.3750 0.3848 0.3930 0.3999 0.4058 0.4107 0.4147 0.4178 0.4197 0.4201 0.4178 0.4113 0.3987 0.3795 0.3559 0.3303 0.3045 0.2795 0.2558 0.2335 0.2126 0.1934 0.1758 0.1759 0.2312 0.2990 0.3951
0.3872 0.2705 0.1883 0.1758 0.1995 0.2262 0.2551 0.2853 0.3159 0.3456 0.3727 0.3946 0.4093 0.4170 0.4199 0.4199 0.4182 0.4153 0.4115 0.4067 0.4010 0.3943 0.3863 0.3768 0.3656 0.3523 0.3365 0.3178 0.2947 0.2649 0.2306 0.1977 0.1801 0.1772 0.1838 0.1968 0.2118 0.2288 0.2480 0.2692 0.2924 0.3171 0.3425 0.3672 0.3891 0.4054 0.4150 0.4192 0.4202 0.4188 0.4169 0.4188 0.4202 0.4192 0.4150 0.4054 0.3891 0.3672 0.3425 0.3171 0.2924 0.2692 0.2480 0.2288 0.2118 0.1968 0.1838 0.1772 0.1801 0.1977 0.2306 0.2649 0.2947 0.3178 0.3365 0.3523 0.3656 0.3768 0.3863 0.3943 0.4010 0.4067 0.4115 0.4153 0.4182 0.4199 0.4199 0.4170 0.4093 0.3946 0.3727 0.3456 0.3159 0.2853 0.2551 0.2262 0.1995 0.1758 0.1883 0.2705 0.3872
0.3774 0.2348 0.1748 0.1934 0.2262 0.2633 0.3026 0.3414 0.3756 0.4006 0.4140 0.4192 0.4201 0.4187 0.4160 0.4122 0.4076 0.4020 0.3955 0.3877 0.3786 0.3677 0.3547 0.3394 0.3212 0.2991 0.2704 0.2367 0.2025 0.1818 0.1770 0.1819 0.1944 0.2091 0.2258 0.2445 0.2654 0.2883 0.3128 0.3381 0.3631 0.3857 0.4031 0.4138 0.4188 0.4202 0.4193 0.4170 0.4137 0.4091 0.4051 0.4091 0.4137 0.4170 0.4193 0.4202 0.4188 0.4138 0.4031 0.3857 0.3631 0.3381 0.3128 0.2883 0.2654 0.2445 0.2258 0.2091 0.1944 0.1819 0.1770 0.1818 0.2025 0.2367 0.2704 0.2991 0.3212 0.3394 0.3547 0.3677 0.3786 0.3877 0.3955 0.4020 0.4076 0.4122 0.4160 0.4187 0.4201 0.4192 0.4140 0.4006 0.3756 0.3414 0.3026 0.2633 0.2262 0.1934 0.1748 0.2348 0.3774
0.3649 0.1995 0.1790 0.2126 0.2551 0.3026 0.3502 0.3894 0.4118 0.4193 0.4198 0.4174 0.4137 0.4090 0.4034 0.3969 0.3893 0.3803 0.3697 0.3571 0.3423 0.3246 0.3032 0.2758 0.2427 0.2077 0.1841 0.1771 0.1804 0.1921 0.2064 0.2228 0.2412 0.2617 0.2843 0.3085 0.3338 0.3590 0.3821 0.4006 0.4124 0.4183 0.4201 0.4196 0.4175 0.4143 0.4102 0.4052 0.3992 0.3916 0.3852 0.3916 0.3992 0.4052 0.4102 0.4143 0.4175 0.4196 0.4201 0.4183 0.4124 0.4006 0.3821 0.3590 0.3338 0.3085 0.2843 0.2617 0.2412 0.2228 0.2064 0.1921 0.1804 0.1771 0.1841 0.2077 0.2427 0.2758 0.3032 0.3246 0.3423 0.3571 0.3697 0.3803 0.3893 0.3969 0.4034 0.4090 0.4137 0.4174 0.4198 0.4193 0.4118 0.3894 0.3502 0.3026 0.2551 0.2126 0.1790 0.1995 0.3649
0.3485 0.1789 0.1916 0.2335 0.2853 0.3414 0.3894 0.4143 0.4200 0.4182 0.4136 0.4077 0.4008 0.3928 0.3835 0.3727 0.3602 0.3455 0.3282 0.3074 0.2812 0.2487 0.2133 0.1869 0.1774 0.1792 0.1899 0.2038 0.2198 0.2379 0.2581 0.2803 0.3043 0.3294 0.3548 0.3784 0.3978 0.4108 0.4176 0.4200 0.4198 0.4179 0.4149 0.4110 0.4061 0.4003 0.3934 0.3853 0.3756 0.3634 0.3529 0.3634 0.3756 0.3853 0.3934 0.4003 0.4061 0.4110 0.4149 0.4179 0.4198 0.4200 0.4176 0.4108 0.3978 0.3784 0.3548 0.3294 0.3043 0.2803 0.2581 0.2379 0.2198 0.2038 0.1899 0.1792 0.1774 0.1869 0.2133 0.2487 0.2812 0.3074 0.3282 0.3455 0.3602 0.3727 0.3835 0.3928 0.4008 0.4077 0.4136 0.4182 0.4200 0.4143 0.3894 0.3414 0.2853 0.2335 0.1916 0.1789 0.3485
0.3300 0.1747 0.2066 0.2558 0.3159 0.3756 0.4118 0.4200 0.4174 0.4112 0.4032 0.3935 0.3821 0.3687 0.3532 0.3352 0.3144 0.2891 0.2567 0.2204 0.1905 0.1779 0.1782 0.1877 0.2013 0.2170 0.2346 0.2545 0.2763 0.3001 0.3251 0.3505 0.3746 0.3949 0.4091 0.4168 0.4198 0.4200 0.4183 0.4155 0.4117 0.4070 0.4013 0.3946 0.3868 0.3774 0.3663 0.3531 0.3375 0.3176 0.3005 0.3176 0.3375 0.3531 0.3663 0.3774 0.3868 0.3946 0.4013 0.4070 0.4117 0.4155 0.4183 0.4200 0.4198 0.4168 0.4091 0.3949 0.3746 0.3505 0.3251 0.3001 0.2763 0.2545 0.2346 0.2170 0.2013 0.1877 0.1782 0.1779 0.1905 0.2204 0.2567 0.2891 0.3144 0.3352 0.3532 0.3687 0.3821 0.3935 0.4032 0.4112 0.4174 0.4200 0.4118 0.3756 0.3159 0.2558 0.2066 0.1747 0.3300
0.3133 0.1802 0.2234 0.2795 0.3456 0.4006 0.4193 0.4182 0.4112 0.4015 0.3893 0.3742 0.3558 0.3341 0.3085 0.2775 0.2380 0.1993 0.1790 0.1768 0.1848 0.1984 0.2139 0.2314 0.2509 0.2725 0.2959 0.3208 0.3462 0.3707 0.3919 0.4072 0.4159 0.4195 0.4201 0.4187 0.4161 0.4124 0.4078 0.4024 0.3959 0.3882 0.3791 0.3683 0.3555 0.3403 0.3223 0.3004 0.2721 0.2374 0.2121 0.2374 0.2721 0.3004 0.3223 0.3403 0.3555 0.3683 0.3791 0.3882 0.3959 0.4024 0.4078 0.4124 0.4161 0.4187 0.4201 0.4195 0.4159 0.4072 0.3919 0.3707 0.3462 0.3208 0.2959 0.2725 0.2509 0.2314 0.2139 0.1984 0.1848 0.1768 0.1790 0.1993 0.2380 0.2775 0.3085 0.3341 0.3558 0.3742 0.3893 0.4015 0.4112 0.4182 0.4193 0.4006 0.3456 0.2795 0.2234 0.1802 0.3133
0.3036 0.1926 0.2421 0.3045 0.3726 0.4140 0.4198 0.4136 0.4032 0.3893 0.3713 0.3485 0.3204 0.2858 0.2399 0.1935 0.1747 0.1784 0.1921 0.2081 0.2260 0.2459 0.2677 0.2912 0.3162 0.3418 0.3666 0.3886 0.4051 0.4148 0.4192 0.4201 0.4190 0.4166 0.4131 0.4087 0.4034 0.3970 0.3896 0.3808 0.3703 0.3578 0.3431 0.3256 0.3045 0.2774 0.2446 0.2094 0.1850 0.1771 0.1766 0.1771 0.1850 0.2094 0.2446 0.2774 0.3045 0.3256 0.3431 0.3578 0.3703 0.3808 0.3896 0.3970 0.4034 0.4087 0.4131 0.4166 0.4190 0.4201 0.4192 0.4148 0.4051 0.3886 0.3666 0.3418 0.3162 0.2912 0.2677 0.2459 0.2260 0.2081 0.1921 0.1784 0.1747 0.1935 0.2399 0.2858 0.3204 0.3485 0.3713 0.3893 0.4032 0.4136 0.4198 0.4140 0.3727 0.3045 0.2421 0.1926 0.3036
0.3006 0.2069 0.2628 0.3303 0.3946 0.4192 0.4174 0.4078 0.3935 0.3742 0.3485 0.3155 0.2729 0.2139 0.1754 0.1763 0.1928 0.2120 0.2334 0.2567 0.2818 0.3081 0.3350 0.3612 0.3845 0.4025 0.4135 0.4187 0.4202 0.4193 0.4171 0.4138 0.4095 0.4043 0.3982 0.3910 0.3824 0.3722 0.3601 0.3458 0.3288 0.3084 0.2826 0.2505 0.2151 0.1879 0.1776 0.1789 0.1894 0.2032 0.2115 0.2032 0.1894 0.1789 0.1776 0.1879 0.2151 0.2505 0.2826 0.3084 0.3288 0.3458 0.3601 0.3722 0.3824 0.3910 0.3982 0.4043 0.4095 0.4138 0.4171 0.4193 0.4202 0.4187 0.4135 0.4025 0.3845 0.3612 0.3350 0.3081 0.2818 0.2567 0.2334 0.2120 0.1928 0.1763 0.1754 0.2139 0.2729 0.3155 0.3485 0.3742 0.3935 0.4077 0.4174 0.4192 0.3946 0.3303 0.2628 0.2069 0.3006
0.3011 0.2233 0.2855 0.3559 0.4093 0.4201 0.4137 0.4008 0.3821 0.3558 0.3204 0.2729 0.2058 0.1713 0.1833 0.2045 0.2291 0.2566 0.2862 0.3170 0.3473 0.3750 0.3971 0.4111 0.4179 0.4201 0.4196 0.4176 0.4144 0.4103 0.4053 0.3993 0.3923 0.3840 0.3741 0.3623 0.3484 0.3319 0.3122 0.2876 0.2563 0.2211 0.1914 0.1783 0.1780 0.1870 0.2005 0.2161 0.2339 0.2535 0.2651 0.2535 0.2339 0.2161 0.2005 0.1870 0.1780 0.1783 0.1914 0.2211 0.2563 0.2876 0.3122 0.3319 0.3484 0.3623 0.3741 0.3840 0.3923 0.3993 0.4053 0.4103 0.4144 0.4176 0.4196 0.4201 0.4179 0.4111 0.3971 0.3750 0.3473 0.3170 0.2862 0.2566 0.2291 0.2045 0.1833 0.1713 0.2058 0.2729 0.3204 0.3558 0.3821 0.4008 0.4137 0.4201 0.4093 0.3559 0.2855 0.2233 0.3011
0.3043 0.2418 0.3098 0.3795 0.4170 0.4187 0.4090 0.3928 0.3687 0.3341 0.2858 0.2139 0.1713 0.1858 0.2109 0.2404 0.2739 0.3097 0.3458 0.3781 0.4019 0.4147 0.4195 0.4200 0.4183 0.4152 0.4112 0.4063 0.4005 0.3936 0.3855 0.3759 0.3645 0.3510 0.3349 0.3158 0.2923 0.2619 0.2273 0.1954 0.1793 0.1774 0.1849 0.1981 0.2133 0.2305 0.2498 0.2713 0.2950 0.3196 0.3334 0.3196 0.2950 0.2713 0.2498 0.2305 0.2133 0.1981 0.1849 0.1774 0.1793 0.1954 0.2273 0.2619 0.2923 0.3158 0.3349 0.3510 0.3645 0.3759 0.3855 0.3936 0.4005 0.4063 0.4112 0.4152 0.4183 0.4200 0.4195 0.4147 0.4019 0.3781 0.3458 0.3097 0.2739 0.2404 0.2109 0.1858 0.1713 0.2139 0.2858 0.3341 0.3687 0.3928 0.4090 0.4187 0.4170 0.3795 0.3098 0.2418 0.3043
0.3098 0.2623 0.3352 0.3987 0.4199 0.4160 0.4034 0.3835 0.3532 0.3085 0.2399 0.1754 0.1833 0.2109 0.2443 0.2828 0.3243 0.3645 0.3965 0.4139 0.4196 0.4197 0.4171 0.4132 0.4082 0.4023 0.3955 0.3874 0.3780 0.3668 0.3536 0.3379 0.3194 0.2967 0.2675 0.2334 0.1999 0.1808 0.1771 0.1829 0.1957 0.2105 0.2274 0.2464 0.2675 0.2905 0.3151 0.3405 0.3658 0.3877 0.3975 0.3877 0.3658 0.3405 0.3151 0.2905 0.2675 0.2464 0.2274 0.2105 0.1957 0.1829 0.1771 0.1808 0.1999 0.2334 0.2675 0.2967 0.3194 0.3379 0.3536 0.3668 0.3780 0.3874 0.3955 0.4023 0.4082 0.4132 0.4171 0.4197 0.4196 0.4139 0.3965 0.3645 0.3243 0.2828 0.2443 0.2109 0.1833 0.1754 0.2399 0.3085 0.3532 0.3835 0.4034 0.4160 0.4199 0.3987 0.3352 0.2623 0.3098
0.3173 0.2848 0.3603 0.4113 0.4199 0.4122 0.3969 0.3727 0.3352 0.2775 0.1935 0.1763 0.2046 0.2404 0.2828 0.3291 0.3734 0.4049 0.4180 0.4200 0.4174 0.4129 0.4069 0.3999 0.3917 0.3820 0.3706 0.3574 0.3419 0.3237 0.3017 0.2734 0.2397 0.2049 0.1828 0.1770 0.1812 0.1934 0.2079 0.2244 0.2430 0.2637 0.2864 0.3108 0.3361 0.3612 0.3841 0.4019 0.4133 0.4185 0.4192 0.4185 0.4133 0.4019 0.3841 0.3612 0.3361 0.3108 0.2864 0.2637 0.2430 0.2244 0.2079 0.1934 0.1812 0.1770 0.1828 0.2049 0.2397 0.2734 0.3017 0.3237 0.3419 0.3574 0.3706 0.3820 0.3917 0.3999 0.4069 0.4129 0.4174 0.4200 0.4180 0.4049 0.3734 0.3291 0.2828 0.2404 0.2045 0.1763 0.1935 0.2775 0.3352 0.3727 0.3969 0.4122 0.4199 0.4113 0.3603 0.2848 0.3173
0.3266 0.3090 0.3832 0.4178 0.4182 0.4076 0.3893 0.3602 0.3144 0.2380 0.1747 0.1928 0.2291 0.2738 0.3243 0.3734 0.4073 0.4191 0.4194 0.4152 0.4089 0.4010 0.3915 0.3801 0.3666 0.3507 0.3320 0.3101 0.2832 0.2491 0.2122 0.1857 0.1771 0.1797 0.1910 0.2052 0.2214 0.2397 0.2600 0.2824 0.3065 0.3318 0.3571 0.3804 0.3993 0.4117 0.4180 0.4201 0.4197 0.4175 0.4151 0.4175 0.4197 0.4201 0.4180 0.4117 0.3993 0.3804 0.3571 0.3318 0.3065 0.2824 0.2600 0.2397 0.2214 0.2052 0.1910 0.1797 0.1771 0.1857 0.2122 0.2491 0.2832 0.3101 0.3320 0.3507 0.3666 0.3801 0.3915 0.4010 0.4089 0.4152 0.4194 0.4191 0.4073 0.3734 0.3243 0.2739 0.2291 0.1928 0.1747 0.2380 0.3144 0.3602 0.3893 0.4076 0.4182 0.4178 0.3832 0.3090 0.3266
0.3375 0.3342 0.4014 0.4201 0.4153 0.4020 0.3803 0.3455 0.2891 0.1993 0.1784 0.2120 0.2566 0.3097 0.3645 0.4049 0.4191 0.4191 0.4139 0.4062 0.3964 0.3843 0.3692 0.3511 0.3294 0.3035 0.2707 0.2303 0.1937 0.1773 0.1776 0.1877 0.2019 0.2179 0.2361 0.2562 0.2784 0.3023 0.3274 0.3528 0.3767 0.3965 0.4101 0.4172 0.4199 0.4199 0.4181 0.4152 0.4113 0.4062 0.4017 0.4062 0.4113 0.4152 0.4181 0.4199 0.4199 0.4172 0.4101 0.3965 0.3767 0.3528 0.3274 0.3023 0.2784 0.2562 0.2361 0.2179 0.2019 0.1877 0.1776 0.1773 0.1937 0.2303 0.2707 0.3035 0.3294 0.3511 0.3692 0.3843 0.3964 0.4062 0.4139 0.4191 0.4191 0.4049 0.3645 0.3097 0.2566 0.2120 0.1784 0.1993 0.2891 0.3455 0.3803 0.4020 0.4153 0.4201 0.4014 0.3342 0.3375
0.3497 0.3593 0.4128 0.4197 0.4115 0.3955 0.3697 0.3282 0.2567 0.1790 0.1921 0.2334 0.2862 0.3457 0.3965 0.4180 0.4194 0.4139 0.4053 0.3940 0.3795 0.3610 0.3381 0.3099 0.2744 0.2273 0.1871 0.1746 0.1807 0.1952 0.2117 0.2302 0.2506 0.2730 0.2972 0.3225 0.3482 0.3727 0.3935 0.4082 0.4164 0.4197 0.4200 0.4185 0.4158 0.4120 0.4074 0.4018 0.3952 0.3869 0.3798 0.3869 0.3952 0.4018 0.4074 0.4120 0.4158 0.4185 0.4200 0.4197 0.4164 0.4082 0.3935 0.3727 0.3482 0.3225 0.2972 0.2730 0.2506 0.2302 0.2117 0.1952 0.1807 0.1746 0.1871 0.2273 0.2744 0.3099 0.3381 0.3610 0.3795 0.3940 0.4053 0.4139 0.4194 0.4180 0.3965 0.3458 0.2862 0.2334 0.1921 0.1790 0.2567 0.3282 0.3697 0.3955 0.4115 0.4197 0.4128 0.3593 0.3497
0.3626 0.3824 0.4184 0.4178 0.4067 0.3877 0.3571 0.3074 0.2204 0.1768 0.2081 0.2567 0.3169 0.3780 0.4139 0.4200 0.4152 0.4062 0.3940 0.3778 0.3566 0.3295 0.2952 0.2483 0.1948 0.1729 0.1806 0.1974 0.2167 0.2382 0.2619 0.2873 0.3140 0.3410 0.3670 0.3895 0.4059 0.4153 0.4194 0.4201 0.4189 0.4163 0.4127 0.4082 0.4028 0.3964 0.3888 0.3799 0.3692 0.3557 0.3442 0.3557 0.3692 0.3799 0.3888 0.3964 0.4028 0.4082 0.4127 0.4163 0.4189 0.4201 0.4194 0.4153 0.4059 0.3895 0.3670 0.3410 0.3140 0.2873 0.2619 0.2382 0.2167 0.1974 0.1806 0.1729 0.1948 0.2483 0.2952 0.3295 0.3566 0.3778 0.3940 0.4062 0.4152 0.4200 0.4139 0.3781 0.3170 0.2567 0.2081 0.1768 0.2204 0.3074 0.3571 0.3877 0.4067 0.4178 0.4184 0.3824 0.3626
0.3756 0.4007 0.4201 0.4147 0.4010 0.3786 0.3423 0.2812 0.1905 0.1848 0.2260 0.2818 0.3473 0.4018 0.4196 0.4174 0.4089 0.3964 0.3795 0.3566 0.3265 0.2872 0.2303 0.1800 0.1741 0.1917 0.2130 0.2374 0.2645 0.2937 0.3241 0.3538 0.3805 0.4009 0.4132 0.4187 0.4202 0.4192 0.4168 0.4134 0.4091 0.4038 0.3976 0.3902 0.3815 0.3712 0.3589 0.3444 0.3271 0.3049 0.2854 0.3049 0.3271 0.3444 0.3589 0.3712 0.3815 0.3902 0.3976 0.4038 0.4091 0.4134 0.4168 0.4192 0.4202 0.4187 0.4132 0.4009 0.3805 0.3538 0.3241 0.2937 0.2645 0.2374 0.2130 0.1917 0.1741 0.1800 0.2303 0.2872 0.3265 0.3566 0.3795 0.3964 0.4089 0.4174 0.4196 0.4019 0.3473 0.2818 0.2260 0.1848 0.1905 0.2812 0.3423 0.3786 0.4010 0.4147 0.4201 0.4007 0.3756
0.3878 0.4126 0.4195 0.4107 0.3943 0.3677 0.3246 0.2487 0.1779 0.1984 0.2459 0.3081 0.3750 0.4147 0.4197 0.4129 0.4010 0.3843 0.3610 0.3295 0.2872 0.2244 0.1751 0.1786 0.1998 0.2254 0.2548 0.2874 0.3219 0.3559 0.3855 0.4060 0.4164 0.4199 0.4197 0.4177 0.4144 0.4101 0.4049 0.3988 0.3916 0.3831 0.3731 0.3611 0.3470 0.3302 0.3101 0.2849 0.2531 0.2174 0.1949 0.2174 0.2531 0.2849 0.3101 0.3302 0.3470 0.3611 0.3731 0.3831 0.3916 0.3988 0.4049 0.4101 0.4144 0.4177 0.4197 0.4199 0.4164 0.4060 0.3855 0.3559 0.3219 0.2874 0.2548 0.2254 0.1999 0.1786 0.1751 0.2244 0.2872 0.3295 0.3610 0.3843 0.4010 0.4129 0.4197 0.4147 0.3750 0.3081 0.2459 0.1984 0.1779 0.2487 0.3246 0.3677 0.3943 0.4107 0.4195 0.4126 0.3878
0.3985 0.4185 0.4173 0.4058 0.3863 0.3547 0.3032 0.2133 0.1782 0.2139 0.2676 0.3349 0.3970 0.4195 0.4171 0.4069 0.3915 0.3692 0.3381 0.2952 0.2303 0.1751 0.1802 0.2041 0.2332 0.2671 0.3047 0.3436 0.3791 0.4045 0.4167 0.4201 0.4192 0.4163 0.4121 0.4070 0.4008 0.3936 0.3852 0.3753 0.3636 0.3498 0.3334 0.3139 0.2898 0.2589 0.2239 0.1931 0.1788 0.1777 0.1807 0.1777 0.1788 0.1931 0.2239 0.2589 0.2898 0.3139 0.3334 0.3498 0.3636 0.3753 0.3852 0.3936 0.4008 0.4070 0.4121 0.4163 0.4192 0.4201 0.4167 0.4045 0.3791 0.3436 0.3047 0.2671 0.2332 0.2041 0.1802 0.1751 0.2303 0.2952 0.3381 0.3692 0.3915 0.4069 0.4171 0.4195 0.3971 0.3350 0.2677 0.2139 0.1782 0.2133 0.3032 0.3547 0.3863 0.4058 0.4173 0.4185 0.3985
0.4072 0.4206 0.4141 0.3999 0.3768 0.3394 0.2758 0.1869 0.1877 0.2313 0.2911 0.3611 0.4111 0.4200 0.4132 0.3999 0.3801 0.3511 0.3099 0.2483 0.1800 0.1786 0.2041 0.2359 0.2735 0.3153 0.3576 0.3931 0.4133 0.4197 0.4194 0.4161 0.4113 0.4052 0.3979 0.3894 0.3794 0.3676 0.3538 0.3376 0.3185 0.2952 0.2651 0.2305 0.1975 0.1799 0.1772 0.1839 0.1972 0.2121 0.2211 0.2121 0.1972 0.1839 0.1772 0.1799 0.1975 0.2305 0.2651 0.2952 0.3185 0.3376 0.3538 0.3676 0.3794 0.3894 0.3979 0.4052 0.4113 0.4161 0.4194 0.4197 0.4133 0.3931 0.3576 0.3152 0.2735 0.2359 0.2041 0.1786 0.1800 0.2483 0.3099 0.3511 0.3801 0.3999 0.4132 0.4200 0.4111 0.3612 0.2912 0.2314 0.1877 0.1869 0.2758 0.3394 0.3768 0.3999 0.4141 0.4206 0.4072
0.4135 0.4202 0.4099 0.3930 0.3656 0.3212 0.2427 0.1775 0.2013 0.2509 0.3161 0.3845 0.4179 0.4183 0.4083 0.3917 0.3666 0.3294 0.2744 0.1948 0.1741 0.1999 0.2332 0.2735 0.3188 0.3643 0.4001 0.4168 0.4201 0.4176 0.4126 0.4060 0.3979 0.3881 0.3764 0.3625 0.3462 0.3270 0.3040 0.2751 0.2399 0.2039 0.1819 0.1769 0.1819 0.1945 0.2093 0.2260 0.2451 0.2659 0.2781 0.2659 0.2451 0.2260 0.2093 0.1945 0.1819 0.1769 0.1819 0.2039 0.2399 0.2751 0.3040 0.3270 0.3462 0.3625 0.3764 0.3881 0.3979 0.4060 0.4126 0.4176 0.4201 0.4168 0.4001 0.3643 0.3188 0.2735 0.2332 0.1999 0.1741 0.1948 0.2744 0.3294 0.3666 0.3917 0.4082 0.4183 0.4179 0.3845 0.3162 0.2509 0.2013 0.1774 0.2427 0.3212 0.3656 0.3930 0.4099 0.4202 0.4135
0.4177 0.4183 0.4049 0.3848 0.3523 0.2991 0.2077 0.1792 0.2170 0.2725 0.3417 0.4025 0.4201 0.4153 0.4024 0.3820 0.3507 0.3035 0.2273 0.1729 0.1917 0.2254 0.2671 0.3152 0.3643 0.4022 0.4180 0.4198 0.4160 0.4097 0.4014 0.3912 0.3784 0.3629 0.3443 0.3220 0.2951 0.2602 0.2195 0.1875 0.1765 0.1792 0.1911 0.2058 0.2224 0.2411 0.2619 0.2845 0.3092 0.3344 0.3482 0.3344 0.3092 0.2845 0.2619 0.2411 0.2224 0.2058 0.1911 0.1792 0.1765 0.1875 0.2195 0.2602 0.2951 0.3220 0.3443 0.3629 0.3784 0.3912 0.4014 0.4097 0.4160 0.4198 0.4180 0.4022 0.3643 0.3152 0.2671 0.2254 0.1917 0.1729 0.2273 0.3035 0.3507 0.3820 0.4023 0.4152 0.4201 0.4025 0.3418 0.2725 0.2170 0.1792 0.2077 0.2991 0.3523 0.3848 0.4049 0.4183 0.4177
0.4203 0.4152 0.3988 0.3750 0.3365 0.2704 0.1841 0.1899 0.2346 0.2959 0.3667 0.4135 0.4196 0.4113 0.3955 0.3707 0.3321 0.2708 0.1871 0.1806 0.2130 0.2548 0.3047 0.3576 0.4001 0.4180 0.4196 0.4152 0.4078 0.3981 0.3857 0.3701 0.3505 0.3265 0.2971 0.2583 0.2117 0.1807 0.1753 0.1844 0.1993 0.2163 0.2352 0.2562 0.2791 0.3037 0.3292 0.3548 0.3790 0.3982 0.4058 0.3982 0.3790 0.3548 0.3292 0.3037 0.2791 0.2562 0.2352 0.2163 0.1993 0.1844 0.1753 0.1807 0.2117 0.2584 0.2971 0.3265 0.3505 0.3701 0.3857 0.3981 0.4078 0.4152 0.4196 0.4180 0.4001 0.3576 0.3047 0.2548 0.2130 0.1806 0.1871 0.2707 0.3320 0.3706 0.3955 0.4112 0.4196 0.4135 0.3666 0.2959 0.2346 0.1899 0.1841 0.2704 0.3365 0.3750 0.3988 0.4152 0.4203
0.4217 0.4111 0.3917 0.3635 0.3178 0.2367 0.1771 0.2038 0.2545 0.3208 0.3886 0.4187 0.4176 0.4063 0.3874 0.3574 0.3102 0.2305 0.1746 0.1974 0.2374 0.2874 0.3436 0.3931 0.4168 0.4198 0.4152 0.4072 0.3964 0.3822 0.3640 0.3407 0.3113 0.2736 0.2217 0.1814 0.1741 0.1863 0.2034 0.2230 0.2448 0.2686 0.2943 0.3211 0.3479 0.3733 0.3944 0.4090 0.4169 0.4197 0.4195 0.4197 0.4169 0.4090 0.3944 0.3733 0.3479 0.3211 0.2943 0.2686 0.2448 0.2230 0.2034 0.1863 0.1741 0.1814 0.2218 0.2735 0.3113 0.3407 0.3640 0.3822 0.3964 0.4072 0.4152 0.4198 0.4168 0.3931 0.3436 0.2874 0.2374 0.1974 0.1746 0.2303 0.3101 0.3574 0.3874 0.4063 0.4176 0.4187 0.3886 0.3208 0.2545 0.2038 0.1771 0.2367 0.3178 0.3635 0.3917 0.4111 0.4217
0.4224 0.4059 0.3832 0.3498 0.2947 0.2025 0.1804 0.2198 0.2763 0.3462 0.4051 0.4202 0.4144 0.4005 0.3780 0.3419 0.2833 0.1937 0.1806 0.2167 0.2645 0.3219 0.3791 0.4133 0.4201 0.4160 0.4078 0.3964 0.3810 0.3607 0.3343 0.3002 0.2535 0.1963 0.1721 0.1821 0.2008 0.2225 0.2472 0.2743 0.3033 0.3330 0.3618 0.3868 0.4050 0.4152 0.4194 0.4201 0.4187 0.4158 0.4130 0.4158 0.4187 0.4201 0.4194 0.4152 0.4050 0.3868 0.3618 0.3330 0.3033 0.2743 0.2472 0.2225 0.2008 0.1821 0.1721 0.1964 0.2535 0.3002 0.3343 0.3607 0.3810 0.3964 0.4078 0.4160 0.4201 0.4133 0.3791 0.3219 0.2645 0.2167 0.1807 0.1937 0.2832 0.3419 0.3780 0.4005 0.4144 0.4202 0.4051 0.3462 0.2763 0.2198 0.1804 0.2025 0.2947 0.3498 0.3832 0.4059 0.4224
0.4224 0.3995 0.3732 0.3336 0.2649 0.1818 0.1921 0.2379 0.3001 0.3707 0.4148 0.4193 0.4103 0.3936 0.3668 0.3237 0.2491 0.1773 0.1951 0.2382 0.2937 0.3559 0.4045 0.4197 0.4176 0.4097 0.3981 0.3822 0.3607 0.3321 0.2943 0.2398 0.1837 0.1729 0.1909 0.2134 0.2398 0.2696 0.3020 0.3353 0.3672 0.3934 0.4102 0.4179 0.4201 0.4193 0.4169 0.4133 0.4088 0.4031 0.3982 0.4031 0.4088 0.4133 0.4169 0.4193 0.4201 0.4179 0.4102 0.3934 0.3672 0.3353 0.3020 0.2696 0.2398 0.2134 0.1909 0.1729 0.1837 0.2398 0.2943 0.3321 0.3607 0.3822 0.3981 0.4097 0.4176 0.4197 0.4045 0.3559 0.2937 0.2382 0.1952 0.1773 0.2491 0.3237 0.3668 0.3936 0.4103 0.4193 0.4148 0.3707 0.3001 0.2379 0.1921 0.1818 0.2649 0.3336 0.3732 0.3995 0.4224
0.4215 0.3916 0.3613 0.3142 0.2306 0.1770 0.2064 0.2581 0.3251 0.3919 0.4192 0.4171 0.4053 0.3855 0.3536 0.3017 0.2122 0.1776 0.2117 0.2619 0.3241 0.3855 0.4167 0.4194 0.4126 0.4014 0.3857 0.3640 0.3343 0.2943 0.2351 0.1790 0.1760 0.1973 0.2232 0.2537 0.2882 0.3252 0.3614 0.3919 0.4108 0.4186 0.4201 0.4185 0.4152 0.4108 0.4054 0.3990 0.3916 0.3822 0.3742 0.3822 0.3916 0.3990 0.4054 0.4108 0.4152 0.4185 0.4201 0.4186 0.4108 0.3919 0.3614 0.3252 0.2882 0.2537 0.2232 0.1973 0.1760 0.1790 0.2351 0.2943 0.3343 0.3640 0.3857 0.4014 0.4126 0.4194 0.4167 0.3855 0.3241 0.2619 0.2117 0.1776 0.2122 0.3017 0.3536 0.3855 0.4053 0.4171 0.4192 0.3919 0.3251 0.2581 0.2064 0.1770 0.2306 0.3142 0.3613 0.3916 0.4215
0.4197 0.3822 0.3472 0.2901 0.1977 0.1819 0.2228 0.2803 0.3505 0.4072 0.4201 0.4138 0.3993 0.3759 0.3379 0.2734 0.1857 0.1877 0.2302 0.2873 0.3538 0.4060 0.4201 0.4161 0.4060 0.3912 0.3701 0.3407 0.3002 0.2398 0.1790 0.1773 0.2006 0.2294 0.2634 0.3019 0.3425 0.3799 0.4061 0.4177 0.4201 0.4183 0.4145 0.4093 0.4030 0.3955 0.3867 0.3763 0.3642 0.3488 0.3358 0.3488 0.3642 0.3763 0.3867 0.3955 0.4030 0.4093 0.4145 0.4183 0.4201 0.4177 0.4061 0.3799 0.3425 0.3019 0.2634 0.2294 0.2006 0.1773 0.1790 0.2398 0.3002 0.3407 0.3701 0.3912 0.4060 0.4161 0.4201 0.4060 0.3538 0.2873 0.2302 0.1877 0.1857 0.2734 0.3379 0.3759 0.3993 0.4138 0.4201 0.4072 0.3505 0.2803 0.2228 0.1819 0.1977 0.2901 0.3472 0.3822 0.4197
0.4171 0.3712 0.3305 0.2593 0.1801 0.1944 0.2412 0.3043 0.3746 0.4159 0.4190 0.4095 0.3923 0.3645 0.3194 0.2397 0.1771 0.2019 0.2506 0.3140 0.3805 0.4164 0.4192 0.4113 0.3979 0.3784 0.3505 0.3113 0.2535 0.1837 0.1760 0.2006 0.2314 0.2684 0.3103 0.3537 0.3912 0.4130 0.4198 0.4192 0.4154 0.4098 0.4028 0.3943 0.3841 0.3720 0.3577 0.3409 0.3209 0.2954 0.2725 0.2954 0.3209 0.3409 0.3577 0.3720 0.3841 0.3943 0.4028 0.4098 0.4154 0.4192 0.4198 0.4130 0.3912 0.3537 0.3103 0.2684 0.2314 0.2006 0.1760 0.1837 0.2535 0.3113 0.3505 0.3784 0.3979 0.4113 0.4192 0.4164 0.3805 0.3140 0.2506 0.2019 0.1771 0.2397 0.3194 0.3645 0.3923 0.4095 0.4190 0.4159 0.3746 0.3043 0.2412 0.1944 0.1801 0.2593 0.3305 0.3712 0.4171
0.4136 0.3584 0.3105 0.2245 0.1772 0.2091 0.2617 0.3294 0.3949 0.4195 0.4166 0.4043 0.3840 0.3510 0.2967 0.2049 0.1797 0.2179 0.2731 0.3411 0.4009 0.4199 0.4163 0.4052 0.3881 0.3629 0.3265 0.2735 0.1964 0.1729 0.1973 0.2294 0.2684 0.3131 0.3591 0.3971 0.4160 0.4201 0.4177 0.4125 0.4053 0.3964 0.3854 0.3720 0.3558 0.3364 0.3133 0.2848 0.2479 0.2080 0.1862 0.2080 0.2479 0.2848 0.3133 0.3364 0.3558 0.3720 0.3854 0.3964 0.4053 0.4125 0.4177 0.4201 0.4160 0.3971 0.3591 0.3131 0.2684 0.2294 0.1973 0.1729 0.1964 0.2735 0.3265 0.3629 0.3881 0.4052 0.4163 0.4199 0.4009 0.3410 0.2730 0.2179 0.1797 0.2049 0.2967 0.3510 0.3840 0.4043 0.4166 0.4195 0.3949 0.3294 0.2617 0.2091 0.1772 0.2245 0.3105 0.3584 0.4136
0.4093 0.3437 0.2853 0.1935 0.1838 0.2258 0.2843 0.3548 0.4091 0.4201 0.4131 0.3982 0.3741 0.3349 0.2675 0.1828 0.1910 0.2361 0.2972 0.3670 0.4132 0.4197 0.4121 0.3979 0.3764 0.3443 0.2971 0.2218 0.1721 0.1909 0.2232 0.2634 0.3103 0.3591 0.3989 0.4172 0.4200 0.4165 0.4101 0.4016 0.3908 0.3772 0.3603 0.3394 0.3140 0.2823 0.2403 0.1975 0.1768 0.1772 0.1825 0.1772 0.1768 0.1975 0.2403 0.2823 0.3140 0.3394 0.3602 0.3772 0.3908 0.4016 0.4101 0.4165 0.4200 0.4172 0.3989 0.3591 0.3103 0.2634 0.2232 0.1909 0.1721 0.2218 0.2971 0.3443 0.3764 0.3979 0.4121 0.4197 0.4132 0.3670 0.2972 0.2361 0.1910 0.1828 0.2675 0.3349 0.3741 0.3982 0.4131 0.4201 0.4091 0.3548 0.2843 0.2258 0.1838 0.1935 0.2853 0.3437 0.4093
0.4041 0.3263 0.2536 0.1788 0.1968 0.2445 0.3085 0.3784 0.4168 0.4187 0.4087 0.3910 0.3623 0.3158 0.2334 0.1770 0.2052 0.2562 0.3225 0.3894 0.4187 0.4177 0.4070 0.3894 0.3625 0.3220 0.2584 0.1814 0.1821 0.2134 0.2537 0.3019 0.3537 0.3971 0.4172 0.4199 0.4158 0.4086 0.3990 0.3864 0.3704 0.3499 0.3243 0.2922 0.2485 0.1991 0.1749 0.1777 0.1928 0.2103 0.2208 0.2103 0.1928 0.1777 0.1749 0.1991 0.2484 0.2922 0.3242 0.3499 0.3704 0.3865 0.3990 0.4086 0.4158 0.4199 0.4172 0.3971 0.3537 0.3019 0.2537 0.2134 0.1821 0.1814 0.2584 0.3220 0.3625 0.3894 0.4070 0.4177 0.4187 0.3895 0.3225 0.2562 0.2052 0.1770 0.2334 0.3158 0.3623 0.3910 0.4087 0.4187 0.4168 0.3784 0.3085 0.2445 0.1968 0.1788 0.2536 0.3263 0.4041
0.3979 0.3054 0.2183 0.1776 0.2118 0.2654 0.3338 0.3978 0.4198 0.4161 0.4034 0.3824 0.3484 0.2923 0.1999 0.1812 0.2214 0.2784 0.3482 0.4059 0.4202 0.4144 0.4008 0.3794 0.3462 0.2952 0.2117 0.1741 0.2008 0.2398 0.2882 0.3425 0.3912 0.4160 0.4200 0.4158 0.4081 0.3976 0.3837 0.3654 0.3419 0.3118 0.2725 0.2174 0.1779 0.1751 0.1908 0.2103 0.2330 0.2578 0.2723 0.2578 0.2330 0.2102 0.1908 0.1751 0.1779 0.2172 0.2723 0.3117 0.3419 0.3654 0.3837 0.3976 0.4081 0.4158 0.4200 0.4160 0.3912 0.3425 0.2882 0.2398 0.2008 0.1741 0.2117 0.2951 0.3462 0.3794 0.4008 0.4144 0.4202 0.4059 0.3482 0.2784 0.2214 0.1812 0.1999 0.2923 0.3484 0.3824 0.4034 0.4161 0.4198 0.3978 0.3338 0.2654 0.2118 0.1776 0.2183 0.3054 0.3979
0.3904 0.2788 0.1897 0.1858 0.2288 0.2883 0.3590 0.4108 0.4200 0.4124 0.3970 0.3722 0.3319 0.2619 0.1808 0.1934 0.2397 0.3023 0.3727 0.4153 0.4192 0.4101 0.3937 0.3677 0.3271 0.2603 0.1807 0.1863 0.2225 0.2696 0.3252 0.3799 0.4130 0.4201 0.4165 0.4086 0.3976 0.3827 0.3629 0.3368 0.3029 0.2561 0.1967 0.1717 0.1834 0.2035 0.2272 0.2543 0.2849 0.3167 0.3344 0.3168 0.2849 0.2543 0.2272 0.2035 0.1834 0.1717 0.1966 0.2560 0.3029 0.3368 0.3629 0.3827 0.3976 0.4086 0.4165 0.4201 0.4130 0.3799 0.3252 0.2696 0.2225 0.1863 0.1807 0.2602 0.3270 0.3676 0.3936 0.4101 0.4192 0.4153 0.3727 0.3023 0.2397 0.1934 0.1808 0.2619 0.3319 0.3722 0.3970 0.4124 0.4200 0.4108 0.3590 0.2883 0.2288 0.1858 0.1897 0.2788 0.3904
0.3812 0.2461 0.1779 0.1992 0.2480 0.3128 0.3821 0.4176 0.4183 0.4078 0.3896 0.3601 0.3122 0.2273 0.1771 0.2079 0.2600 0.3274 0.3935 0.4194 0.4169 0.4050 0.3853 0.3540 0.3043 0.2196 0.1753 0.2034 0.2472 0.3020 0.3614 0.4061 0.4198 0.4177 0.4101 0.3990 0.3837 0.3629 0.3351 0.2982 0.2451 0.1859 0.1724 0.1908 0.2142 0.2419 0.2736 0.3083 0.3446 0.3774 0.3922 0.3775 0.3447 0.3083 0.2737 0.2420 0.2142 0.1908 0.1724 0.1860 0.2451 0.2982 0.3351 0.3629 0.3837 0.3990 0.4101 0.4177 0.4198 0.4061 0.3614 0.3020 0.2472 0.2034 0.1753 0.2195 0.3040 0.3538 0.3852 0.4049 0.4168 0.4194 0.3935 0.3274 0.2600 0.2079 0.1771 0.2273 0.3122 0.3601 0.3896 0.4078 0.4183 0.4176 0.3821 0.3128 0.2480 0.1992 0.1779 0.2461 0.3812
0.3698 0.2105 0.1784 0.2145 0.2692 0.3381 0.4006 0.4200 0.4155 0.4024 0.3808 0.3458 0.2876 0.1954 0.1829 0.2244 0.2824 0.3529 0.4082 0.4201 0.4134 0.3989 0.3754 0.3378 0.2753 0.1875 0.1844 0.2230 0.2743 0.3353 0.3919 0.4177 0.4192 0.4125 0.4016 0.3864 0.3654 0.3368 0.2982 0.2413 0.1817 0.1747 0.1960 0.2222 0.2535 0.2892 0.3278 0.3656 0.3968 0.4138 0.4174 0.4138 0.3969 0.3658 0.3279 0.2894 0.2536 0.2223 0.1960 0.1747 0.1817 0.2413 0.2982 0.3368 0.3654 0.3865 0.4016 0.4125 0.4192 0.4177 0.3919 0.3353 0.2743 0.2230 0.1844 0.1875 0.2751 0.3376 0.3753 0.3988 0.4134 0.4201 0.4082 0.3528 0.2824 0.2244 0.1829 0.1954 0.2876 0.3458 0.3808 0.4024 0.4155 0.4200 0.4006 0.3381 0.2692 0.2145 0.1784 0.2105 0.3698
0.3548 0.1842 0.1880 0.2319 0.2924 0.3631 0.4124 0.4198 0.4117 0.3959 0.3703 0.3288 0.2563 0.1793 0.1957 0.2430 0.3065 0.3767 0.4164 0.4189 0.4091 0.3917 0.3636 0.3186 0.2401 0.1765 0.1993 0.2448 0.3033 0.3672 0.4108 0.4201 0.4154 0.4053 0.3908 0.3704 0.3419 0.3029 0.2451 0.1817 0.1758 0.1986 0.2272 0.2615 0.3006 0.3422 0.3808 0.4074 0.4185 0.4198 0.4177 0.4198 0.4185 0.4074 0.3809 0.3423 0.3007 0.2616 0.2272 0.1986 0.1758 0.1817 0.2451 0.3029 0.3419 0.3704 0.3908 0.4053 0.4154 0.4201 0.4108 0.3672 0.3033 0.2448 0.1993 0.1765 0.2399 0.3185 0.3636 0.3916 0.4091 0.4189 0.4164 0.3767 0.3065 0.2430 0.1957 0.1793 0.2563 0.3288 0.3703 0.3959 0.4117 0.4198 0.4124 0.3631 0.2924 0.2319 0.1880 0.1842 0.3548
0.3370 0.1751 0.2017 0.2514 0.3171 0.3857 0.4183 0.4179 0.4070 0.3882 0.3578 0.3084 0.2211 0.1774 0.2105 0.2637 0.3318 0.3965 0.4197 0.4163 0.4038 0.3831 0.3498 0.2953 0.2040 0.1792 0.2163 0.2686 0.3330 0.3934 0.4186 0.4183 0.4098 0.3964 0.3772 0.3499 0.3117 0.2560 0.1860 0.1747 0.1986 0.2289 0.2656 0.3075 0.3516 0.3903 0.4130 0.4198 0.4190 0.4144 0.4096 0.4144 0.4190 0.4198 0.4130 0.3904 0.3517 0.3076 0.2656 0.2289 0.1986 0.1747 0.1860 0.2560 0.3117 0.3499 0.3772 0.3964 0.4098 0.4183 0.4186 0.3934 0.3330 0.2686 0.2163 0.1792 0.2039 0.2952 0.3498 0.3831 0.4038 0.4163 0.4197 0.3965 0.3318 0.2637 0.2105 0.1774 0.2211 0.3084 0.3578 0.3882 0.4070 0.4179 0.4183 0.3857 0.3171 0.2514 0.2017 0.1751 0.3370
0.3189 0.1770 0.2174 0.2730 0.3425 0.4031 0.4201 0.4149 0.4013 0.3791 0.3431 0.2826 0.1914 0.1849 0.2274 0.2864 0.3571 0.4101 0.4200 0.4127 0.3976 0.3731 0.3334 0.2652 0.1819 0.1911 0.2352 0.2943 0.3618 0.4102 0.4201 0.4145 0.4028 0.3854 0.3602 0.3242 0.2723 0.1966 0.1724 0.1960 0.2272 0.2656 0.3099 0.3562 0.3954 0.4156 0.4201 0.4177 0.4123 0.4041 0.3966 0.4041 0.4123 0.4177 0.4201 0.4156 0.3954 0.3563 0.3099 0.2656 0.2272 0.1960 0.1724 0.1966 0.2723 0.3242 0.3602 0.3854 0.4028 0.4145 0.4201 0.4102 0.3618 0.2943 0.2352 0.1911 0.1819 0.2651 0.3334 0.3731 0.3976 0.4127 0.4200 0.4101 0.3571 0.2864 0.2274 0.1849 0.1914 0.2826 0.3431 0.3791 0.4013 0.4149 0.4201 0.4031 0.3425 0.2730 0.2174 0.1770 0.3189
0.3063 0.1877 0.2351 0.2965 0.3672 0.4138 0.4196 0.4110 0.3946 0.3683 0.3256 0.2505 0.1783 0.1981 0.2464 0.3108 0.3804 0.4172 0.4185 0.4082 0.3902 0.3611 0.3139 0.2305 0.1769 0.2058 0.2562 0.3211 0.3868 0.4179 0.4185 0.4093 0.3943 0.3720 0.3394 0.2922 0.2172 0.1717 0.1908 0.2223 0.2616 0.3076 0.3563 0.3970 0.4166 0.4200 0.4167 0.4103 0.4016 0.3894 0.3783 0.3894 0.4016 0.4103 0.4167 0.4200 0.4166 0.3970 0.3563 0.3076 0.2616 0.2223 0.1908 0.1717 0.2172 0.2922 0.3394 0.3720 0.3943 0.4093 0.4185 0.4179 0.3868 0.3211 0.2562 0.2058 0.1769 0.2305 0.3139 0.3611 0.3902 0.4082 0.4185 0.4172 0.3804 0.3108 0.2464 0.1981 0.1783 0.2505 0.3256 0.3683 0.3946 0.4110 0.4196 0.4138 0.3672 0.2965 0.2351 0.1877 0.3063
0.3013 0.2014 0.2550 0.3214 0.3891 0.4188 0.4175 0.4061 0.3868 0.3555 0.3045 0.2151 0.1780 0.2133 0.2675 0.3361 0.3993 0.4199 0.4158 0.4028 0.3815 0.3470 0.2898 0.1975 0.1819 0.2224 0.2791 0.3479 0.4050 0.4201 0.4152 0.4030 0.3841 0.3558 0.3140 0.2484 0.1779 0.1834 0.2142 0.2536 0.3007 0.3517 0.3954 0.4166 0.4200 0.4162 0.4091 0.3994 0.3867 0.3688 0.3523 0.3687 0.3867 0.3994 0.4091 0.4161 0.4200 0.4166 0.3954 0.3517 0.3007 0.2536 0.2142 0.1834 0.1779 0.2484 0.3140 0.3558 0.3841 0.4030 0.4152 0.4201 0.4050 0.3479 0.2791 0.2224 0.1819 0.1975 0.2898 0.3470 0.3815 0.4028 0.4158 0.4199 0.3993 0.3361 0.2675 0.2133 0.1780 0.2151 0.3045 0.3555 0.3868 0.4061 0.4175 0.4188 0.3891 0.3214 0.2550 0.2014 0.3013
0.3006 0.2170 0.2769 0.3468 0.4054 0.4202 0.4143 0.4003 0.3774 0.3403 0.2774 0.1879 0.1870 0.2305 0.2905 0.3612 0.4117 0.4199 0.4120 0.3964 0.3712 0.3302 0.2589 0.1799 0.1945 0.2411 0.3037 0.3733 0.4152 0.4193 0.4108 0.3955 0.3720 0.3364 0.2823 0.1991 0.1751 0.2035 0.2420 0.2894 0.3423 0.3904 0.4156 0.4200 0.4161 0.4086 0.3983 0.3844 0.3662 0.3402 0.3164 0.3401 0.3662 0.3844 0.3982 0.4086 0.4161 0.4200 0.4156 0.3904 0.3423 0.2894 0.2420 0.2035 0.1751 0.1991 0.2823 0.3364 0.3720 0.3955 0.4108 0.4193 0.4152 0.3733 0.3037 0.2411 0.1945 0.1799 0.2589 0.3302 0.3712 0.3964 0.4120 0.4199 0.4117 0.3612 0.2905 0.2305 0.1870 0.1879 0.2774 0.3403 0.3774 0.4003 0.4143 0.4202 0.4054 0.3468 0.2769 0.2170 0.3006
0.3028 0.2346 0.3006 0.3712 0.4150 0.4193 0.4102 0.3934 0.3663 0.3223 0.2446 0.1776 0.2005 0.2498 0.3151 0.3841 0.4180 0.4181 0.4074 0.3888 0.3589 0.3101 0.2239 0.1772 0.2093 0.2619 0.3292 0.3944 0.4194 0.4169 0.4054 0.3867 0.3577 0.3133 0.2403 0.1749 0.1908 0.2272 0.2737 0.3279 0.3809 0.4130 0.4201 0.4167 0.4091 0.3982 0.3837 0.3641 0.3382 0.3011 0.2671 0.3010 0.3381 0.3640 0.3836 0.3982 0.4091 0.4167 0.4201 0.4130 0.3809 0.3279 0.2737 0.2272 0.1908 0.1749 0.2403 0.3133 0.3577 0.3867 0.4054 0.4169 0.4194 0.3944 0.3292 0.2619 0.2093 0.1772 0.2239 0.3101 0.3589 0.3888 0.4074 0.4181 0.4180 0.3841 0.3151 0.2498 0.2005 0.1776 0.2446 0.3223 0.3663 0.3934 0.4102 0.4193 0.4150 0.3712 0.3006 0.2346 0.3028
0.3075 0.2544 0.3257 0.3923 0.4192 0.4170 0.4052 0.3853 0.3531 0.3004 0.2094 0.1789 0.2161 0.2713 0.3405 0.4019 0.4201 0.4152 0.4018 0.3799 0.3444 0.2849 0.1931 0.1839 0.2260 0.2845 0.3548 0.4090 0.4201 0.4133 0.3990 0.3763 0.3409 0.2848 0.1975 0.1777 0.2102 0.2543 0.3083 0.3658 0.4074 0.4198 0.4177 0.4103 0.3994 0.3844 0.3640 0.3367 0.3002 0.2459 0.2001 0.2457 0.3001 0.3366 0.3640 0.3844 0.3994 0.4103 0.4177 0.4198 0.4074 0.3658 0.3083 0.2543 0.2102 0.1777 0.1975 0.2848 0.3409 0.3763 0.3990 0.4133 0.4201 0.4090 0.3548 0.2845 0.2260 0.1839 0.1931 0.2849 0.3444 0.3799 0.4018 0.4152 0.4201 0.4019 0.3405 0.2713 0.2161 0.1789 0.2094 0.3004 0.3531 0.3853 0.4052 0.4170 0.4192 0.3923 0.3257 0.2544 0.3075
0.3143 0.2767 0.3515 0.4077 0.4202 0.4137 0.3992 0.3756 0.3375 0.2721 0.1850 0.1894 0.2339 0.2950 0.3658 0.4133 0.4197 0.4113 0.3952 0.3692 0.3271 0.2531 0.1788 0.1972 0.2451 0.3092 0.3790 0.4169 0.4187 0.4088 0.3916 0.3642 0.3209 0.2479 0.1768 0.1928 0.2330 0.2849 0.3447 0.3969 0.4185 0.4190 0.4123 0.4016 0.3867 0.3661 0.3381 0.3002 0.2445 0.1834 0.1680 0.1832 0.2443 0.3001 0.3381 0.3662 0.3867 0.4016 0.4123 0.4190 0.4185 0.3969 0.3447 0.2849 0.2330 0.1928 0.1768 0.2479 0.3209 0.3642 0.3916 0.4088 0.4187 0.4169 0.3790 0.3092 0.2451 0.1972 0.1788 0.2531 0.3271 0.3692 0.3952 0.4113 0.4197 0.4133 0.3658 0.2950 0.2339 0.1894 0.1850 0.2721 0.3375 0.3756 0.3992 0.4137 0.4202 0.4077 0.3515 0.2767 0.3142
0.3238 0.3008 0.3757 0.4160 0.4188 0.4091 0.3916 0.3634 0.3176 0.2374 0.1771 0.2032 0.2535 0.3196 0.3877 0.4185 0.4175 0.4062 0.3869 0.3557 0.3049 0.2174 0.1777 0.2121 0.2659 0.3344 0.3982 0.4197 0.4158 0.4031 0.3822 0.3488 0.2954 0.2080 0.1772 0.2103 0.2578 0.3168 0.3775 0.4138 0.4198 0.4144 0.4041 0.3894 0.3688 0.3401 0.3011 0.2458 0.1833 0.1750 0.1849 0.1750 0.1832 0.2457 0.3010 0.3401 0.3688 0.3894 0.4041 0.4144 0.4198 0.4138 0.3775 0.3168 0.2578 0.2103 0.1772 0.2080 0.2954 0.3488 0.3822 0.4031 0.4158 0.4197 0.3982 0.3344 0.2659 0.2121 0.1777 0.2174 0.3049 0.3557 0.3869 0.4062 0.4175 0.4185 0.3877 0.3196 0.2535 0.2032 0.1771 0.2374 0.3176 0.3634 0.3916 0.4091 0.4188 0.4160 0.3757 0.3008 0.3238
0.3320 0.3142 0.3875 0.4180 0.4169 0.4051 0.3852 0.3529 0.3005 0.2121 0.1766 0.2115 0.2651 0.3334 0.3975 0.4192 0.4151 0.4017 0.3798 0.3442 0.2854 0.1949 0.1807 0.2211 0.2781 0.3482 0.4058 0.4195 0.4130 0.3982 0.3742 0.3358 0.2725 0.1862 0.1825 0.2208 0.2724 0.3344 0.3921 0.4174 0.4177 0.4096 0.3966 0.3783 0.3523 0.3164 0.2670 0.2000 0.1680 0.1849 0.1952 0.1849 0.1680 0.2000 0.2670 0.3164 0.3523 0.3783 0.3966 0.4096 0.4177 0.4174 0.3921 0.3344 0.2724 0.2208 0.1825 0.1862 0.2725 0.3358 0.3742 0.3982 0.4130 0.4195 0.4058 0.3482 0.2781 0.2211 0.1807 0.1949 0.2854 0.3442 0.3798 0.4017 0.4151 0.4192 0.3975 0.3334 0.2651 0.2115 0.1766 0.2121 0.3005 0.3529 0.3852 0.4051 0.4169 0.4180 0.3875 0.3141 0.3320
0.3238 0.3008 0.3757 0.4160 0.4188 0.4091 0.3916 0.3634 0.3176 0.2374 0.1771 0.2032 0.2535 0.3196 0.3877 0.4185 0.4175 0.4062 0.3869 0.3557 0.3049 0.2174 0.1777 0.2121 0.2659 0.3344 0.3982 0.4197 0.4158 0.4031 0.3822 0.3488 0.2954 0.2080 0.1772 0.2103 0.2578 0.3168 0.3775 0.4138 0.4198 0.4144 0.4041 0.3894 0.3688 0.3401 0.3010 0.2457 0.1832 0.1750 0.1849 0.1750 0.1832 0.2457 0.3010 0.3401 0.3688 0.3894 0.4041 0.4144 0.4198 0.4138 0.3775 0.3168 0.2578 0.2103 0.1772 0.2080 0.2954 0.3488 0.3822 0.4031 0.4158 0.4197 0.3982 0.3344 0.2659 0.2121 0.1777 0.2174 0.3049 0.3557 0.3869 0.4062 0.4175 0.4185 0.3877 0.3196 0.2535 0.2032 0.1771 0.2374 0.3176 0.3634 0.3916 0.4091 0.4188 0.4160 0.3757 0.3008 0.3238
0.3143 0.2767 0.3515 0.4077 0.4202 0.4137 0.3992 0.3756 0.3375 0.2721 0.1850 0.1894 0.2339 0.2950 0.3658 0.4133 0.4197 0.4113 0.3952 0.3692 0.3271 0.2531 0.1788 0.1972 0.2451 0.3092 0.3790 0.4169 0.4187 0.4088 0.3916 0.3642 0.3209 0.2479 0.1768 0.1928 0.2330 0.2849 0.3447 0.3969 0.4185 0.4190 0.4123 0.4016 0.3867 0.3662 0.3381 0.3001 0.2443 0.1832 0.1680 0.1832 0.2443 0.3001 0.3381 0.3662 0.3867 0.4016 0.4123 0.4190 0.4185 0.3969 0.3447 0.2849 0.2330 0.1928 0.1768 0.2479 0.3209 0.3642 0.3916 0.4088 0.4187 0.4169 0.3790 0.3092 0.2451 0.1972 0.1788 0.2531 0.3271 0.3692 0.3952 0.4113 0.4197 0.4133 0.3658 0.2950 0.2339 0.1894 0.1850 0.2721 0.3375 0.3756 0.3992 0.4137 0.4202 0.4077 0.3515 0.2767 0.3142
0.3075 0.2544 0.3257 0.3923 0.4192 0.4170 0.4052 0.3853 0.3531 0.3004 0.2094 0.1789 0.2161 0.2713 0.3405 0.4019 0.4201 0.4152 0.4018 0.3799 0.3444 0.2849 0.1931 0.1839 0.2260 0.2845 0.3548 0.4090 0.4201 0.4133 0.3990 0.3763 0.3409 0.2848 0.1975 0.1777 0.2102 0.2543 0.3083 0.3658 0.4074 0.4198 0.4177 0.4103 0.3994 0.3844 0.3640 0.3366 0.3001 0.2457 0.2000 0.2457 0.3001 0.3366 0.3640 0.3844 0.3994 0.4103 0.4177 0.4198 0.4074 0.3658 0.3083 0.2543 0.2102 0.1777 0.1975 0.2848 0.3409 0.3763 0.3990 0.4133 0.4201 0.4090 0.3548 0.2845 0.2260 0.1839 0.1931 0.2849 0.3444 0.3799 0.4018 0.4152 0.4201 0.4019 0.3405 0.2713 0.2161 0.1789 0.2094 0.3004 0.3531 0.3853 0.4052 0.4170 0.4192 0.3923 0.3257 0.2544 0.3075
0.3028 0.2346 0.3006 0.3712 0.4150 0.4193 0.4102 0.3934 0.3663 0.3223 0.2446 0.1776 0.2005 0.2498 0.3151 0.3841 0.4180 0.4181 0.4074 0.3888 0.3589 0.3101 0.2239 0.1772 0.2093 0.2619 0.3292 0.3944 0.4194 0.4169 0.4054 0.3867 0.3577 0.3133 0.2403 0.1749 0.1908 0.2272 0.2737 0.3279 0.3809 0.4130 0.4201 0.4167 0.4091 0.3982 0.3836 0.3640 0.3381 0.3010 0.2670 0.3010 0.3381 0.3640 0.3836 0.3982 0.4091 0.4167 0.4201 0.4130 0.3809 0.3279 0.2737 0.2272 0.1908 0.1749 0.2403 0.3133 0.3577 0.3867 0.4054 0.4169 0.4194 0.3944 0.3292 0.2619 0.2093 0.1772 0.2239 0.3101 0.3589 0.3888 0.4074 0.4181 0.4180 0.3841 0.3151 0.2498 0.2005 0.1776 0.2446 0.3223 0.3663 0.3934 0.4102 0.4193 0.4150 0.3712 0.3006 0.2346 0.3028
0.3006 0.2170 0.2769 0.3468 0.4054 0.4202 0.4143 0.4003 0.3774 0.3403 0.2774 0.1879 0.1870 0.2305 0.2905 0.3612 0.4117 0.4199 0.4120 0.3964 0.3712 0.3302 0.2589 0.1799 0.1945 0.2411 0.3037 0.3733 0.4152 0.4193 0.4108 0.3955 0.3720 0.3364 0.2823 0.1991 0.1751 0.2035 0.2420 0.2894 0.3423 0.3904 0.4156 0.4200 0.4161 0.4086 0.3982 0.3844 0.3662 0.3401 0.3164 0.3401 0.3662 0.3844 0.3982 0.4086 0.4161 0.4200 0.4156 0.3904 0.3423 0.2894 0.2420 0.2035 0.1751 0.1991 0.2823 0.3364 0.3720 0.3955 0.4108 0.4193 0.4152 0.3733 0.3037 0.2411 0.1945 0.1799 0.2589 0.3302 0.3712 0.3964 0.4120 0.4199 0.4117 0.3612 0.2905 0.2305 0.1870 0.1879 0.2774 0.3403 0.3774 0.4003 0.4143 0.4202 0.4054 0.3468 0.2769 0.2170 0.3006
