-0.0197 -0.0102 -0.0021 0.0007 0.0040 0.0081 0.0134 0.0209 0.0336 0.0479 0.0476 0.0148 -0.0398 -0.0771 -0.0993 -0.1164 -0.1300 -0.1407 -0.1485 -0.1531 -0.1536 -0.1491 -0.1388 -0.1229 -0.1029 -0.0820 -0.0632 -0.0480 -0.0369 -0.0300 -0.0253 -0.0203 -0.0154 -0.0108 -0.0068 -0.0034 -0.0004 0.0027 0.0065 0.0113 0.0178 0.0279 0.0458 0.0491 0.0317 -0.0187 -0.0670 -0.0917 -0.1105 -0.1264 -0.1353 -0.1264 -0.1105 -0.0917 -0.0670 -0.0187 0.0317 0.0491 0.0458 0.0279 0.0178 0.0113 0.0065 0.0027 -0.0004 -0.0034 -0.0068 -0.0108 -0.0154 -0.0203 -0.0253 -0.0300 -0.0369 -0.0480 -0.0632 -0.0820 -0.1029 -0.1229 -0.1388 -0.1491 -0.1536 -0.1531 -0.1485 -0.1407 -0.1300 -0.1164 -0.0993 -0.0771 -0.0398 0.0148 0.0476 0.0479 0.0336 0.0209 0.0134 0.0081 0.0040 0.0007 -0.0021 -0.0102 -0.0197
-0.0102 0.0288 0.0287 0.0364 0.0463 0.0616 0.0945 0.1027 0.0587 -0.0615 -0.1707 -0.2753 -0.3231 -0.3312 -0.3373 -0.3408 -0.3406 -0.3351 -0.3226 -0.3001 -0.2642 -0.2125 -0.1492 -0.0912 -0.0522 -0.0297 -0.0173 -0.0100 -0.0046 -0.0002 0.0042 0.0090 0.0141 0.0192 0.0240 0.0286 0.0342 0.0435 0.0573 0.0881 0.1009 0.0904 -0.0150 -0.1394 -0.2310 -0.3197 -0.3283 -0.3353 -0.3399 -0.3412 -0.3403 -0.3412 -0.3399 -0.3353 -0.3283 -0.3197 -0.2310 -0.1394 -0.0150 0.0904 0.1009 0.0881 0.0573 0.0435 0.0342 0.0286 0.0240 0.0192 0.0141 0.0090 0.0042 -0.0002 -0.0046 -0.0100 -0.0173 -0.0297 -0.0522 -0.0912 -0.1492 -0.2125 -0.2642 -0.3001 -0.3226 -0.3351 -0.3406 -0.3408 -0.3373 -0.3312 -0.3231 -0.2753 -0.1707 -0.0615 0.0587 0.1027 0.0945 0.0616 0.0463 0.0364 0.0287 0.0288 -0.0102
-0.0021 0.0287 0.0427 0.0595 0.0992 0.0971 -0.0194 -0.1526 -0.2494 -0.3235 -0.3317 -0.3380 -0.3414 -0.3412 -0.3357 -0.3228 -0.2999 -0.2633 -0.2105 -0.1463 -0.0884 -0.0500 -0.0281 -0.0160 -0.0091 -0.0043 -0.0007 0.0024 0.0055 0.0090 0.0136 0.0189 0.0251 0.0324 0.0413 0.0539 0.0794 0.0987 0.0987 0.0060 -0.1215 -0.2106 -0.3202 -0.3289 -0.3359 -0.3405 -0.3418 -0.3384 -0.3284 -0.3093 -0.2937 -0.3093 -0.3284 -0.3384 -0.3418 -0.3405 -0.3359 -0.3289 -0.3202 -0.2106 -0.1215 0.0060 0.0987 0.0987 0.0794 0.0539 0.0413 0.0324 0.0251 0.0189 0.0136 0.0090 0.0055 0.0024 -0.0007 -0.0043 -0.0091 -0.0160 -0.0281 -0.0500 -0.0884 -0.1463 -0.2105 -0.2633 -0.2999 -0.3228 -0.3357 -0.3412 -0.3414 -0.3380 -0.3317 -0.3235 -0.2494 -0.1526 -0.0194 0.0971 0.0992 0.0595 0.0427 0.0287 -0.0021
0.0007 0.0364 0.0595 0.1227 0.0066 -0.1935 -0.3177 -0.3285 -0.3363 -0.3410 -0.3417 -0.3373 -0.3259 -0.3048 -0.2706 -0.2206 -0.1574 -0.0969 -0.0552 -0.0310 -0.0175 -0.0101 -0.0050 -0.0013 0.0019 0.0050 0.0083 0.0127 0.0179 0.0239 0.0310 0.0396 0.0512 0.0730 0.0970 0.1005 0.0262 -0.0983 -0.1944 -0.3121 -0.3275 -0.3349 -0.3400 -0.3419 -0.3394 -0.3309 -0.3138 -0.2851 -0.2402 -0.1803 -0.1438 -0.1803 -0.2402 -0.2851 -0.3138 -0.3309 -0.3394 -0.3419 -0.3400 -0.3349 -0.3275 -0.3121 -0.1944 -0.0983 0.0262 0.1005 0.0970 0.0730 0.0512 0.0396 0.0310 0.0239 0.0179 0.0127 0.0083 0.0050 0.0019 -0.0013 -0.0050 -0.0101 -0.0175 -0.0310 -0.0552 -0.0969 -0.1574 -0.2206 -0.2706 -0.3048 -0.3259 -0.3373 -0.3417 -0.3410 -0.3363 -0.3285 -0.3177 -0.1935 0.0066 0.1227 0.0595 0.0364 0.0007
0.0040 0.0463 0.0992 0.0066 -0.2965 -0.3253 -0.3365 -0.3420 -0.3410 -0.3320 -0.3129 -0.2808 -0.2327 -0.1698 -0.1067 -0.0610 -0.0342 -0.0193 -0.0111 -0.0057 -0.0019 0.0014 0.0045 0.0077 0.0119 0.0170 0.0228 0.0297 0.0380 0.0489 0.0678 0.0952 0.1014 0.0453 -0.0761 -0.1790 -0.2870 -0.3261 -0.3338 -0.3393 -0.3418 -0.3402 -0.3328 -0.3175 -0.2910 -0.2498 -0.1926 -0.1281 -0.0746 -0.0419 -0.0302 -0.0419 -0.0746 -0.1281 -0.1926 -0.2498 -0.2910 -0.3175 -0.3328 -0.3402 -0.3418 -0.3393 -0.3338 -0.3261 -0.2870 -0.1790 -0.0761 0.0453 0.1014 0.0952 0.0678 0.0489 0.0380 0.0297 0.0228 0.0170 0.0119 0.0077 0.0045 0.0014 -0.0019 -0.0057 -0.0111 -0.0193 -0.0342 -0.0610 -0.1067 -0.1698 -0.2327 -0.2808 -0.3129 -0.3320 -0.3410 -0.3420 -0.3365 -0.3253 -0.2965 0.0066 0.0992 0.0463 0.0040
0.0081 0.0616 0.0971 -0.1935 -0.3253 -0.3388 -0.3427 -0.3345 -0.3107 -0.2672 -0.2026 -0.1288 -0.0719 -0.0391 -0.0216 -0.0123 -0.0065 -0.0025 0.0009 0.0039 0.0071 0.0112 0.0161 0.0218 0.0285 0.0364 0.0467 0.0634 0.0932 0.1014 0.0627 -0.0544 -0.1643 -0.2645 -0.3246 -0.3326 -0.3385 -0.3416 -0.3408 -0.3346 -0.3208 -0.2964 -0.2580 -0.2033 -0.1388 -0.0828 -0.0467 -0.0263 -0.0148 -0.0083 -0.0049 -0.0083 -0.0148 -0.0263 -0.0467 -0.0828 -0.1388 -0.2033 -0.2580 -0.2964 -0.3208 -0.3346 -0.3408 -0.3416 -0.3385 -0.3326 -0.3246 -0.2645 -0.1643 -0.0544 0.0627 0.1014 0.0932 0.0634 0.0467 0.0364 0.0285 0.0218 0.0161 0.0112 0.0071 0.0039 0.0009 -0.0025 -0.0065 -0.0123 -0.0216 -0.0391 -0.0719 -0.1288 -0.2026 -0.2672 -0.3107 -0.3345 -0.3427 -0.3388 -0.3253 -0.1935 0.0971 0.0616 0.0081
0.0134 0.0945 -0.0194 -0.3177 -0.3365 -0.3427 -0.3306 -0.2924 -0.2204 -0.1279 -0.0617 -0.0299 -0.0152 -0.0080 -0.0033 0.0002 0.0033 0.0065 0.0104 0.0152 0.0207 0.0272 0.0350 0.0447 0.0596 0.0911 0.1009 0.0781 -0.0330 -0.1501 -0.2441 -0.3231 -0.3314 -0.3377 -0.3413 -0.3413 -0.3361 -0.3238 -0.3015 -0.2657 -0.2137 -0.1498 -0.0910 -0.0516 -0.0290 -0.0164 -0.0094 -0.0045 -0.0009 0.0024 0.0048 0.0024 -0.0009 -0.0045 -0.0094 -0.0164 -0.0290 -0.0516 -0.0910 -0.1498 -0.2137 -0.2657 -0.3015 -0.3238 -0.3361 -0.3413 -0.3413 -0.3377 -0.3314 -0.3231 -0.2441 -0.1501 -0.0330 0.0781 0.1009 0.0911 0.0596 0.0447 0.0350 0.0272 0.0207 0.0152 0.0104 0.0065 0.0033 0.0002 -0.0033 -0.0080 -0.0152 -0.0299 -0.0617 -0.1279 -0.2204 -0.2924 -0.3306 -0.3427 -0.3365 -0.3177 -0.0194 0.0945 0.0134
0.0209 0.1027 -0.1526 -0.3285 -0.3420 -0.3345 -0.2924 -0.2013 -0.0935 -0.0370 -0.0153 -0.0067 -0.0018 0.0019 0.0054 0.0092 0.0140 0.0195 0.0259 0.0334 0.0427 0.0563 0.0860 0.0998 0.0912 -0.0119 -0.1360 -0.2255 -0.3216 -0.3301 -0.3368 -0.3409 -0.3416 -0.3375 -0.3265 -0.3061 -0.2729 -0.2237 -0.1609 -0.0999 -0.0569 -0.0320 -0.0181 -0.0104 -0.0052 -0.0015 0.0017 0.0048 0.0081 0.0128 0.0167 0.0128 0.0081 0.0048 0.0017 -0.0015 -0.0052 -0.0104 -0.0181 -0.0320 -0.0569 -0.0999 -0.1609 -0.2237 -0.2729 -0.3061 -0.3265 -0.3375 -0.3416 -0.3409 -0.3368 -0.3301 -0.3216 -0.2255 -0.1360 -0.0119 0.0912 0.0998 0.0860 0.0563 0.0427 0.0334 0.0259 0.0195 0.0140 0.0092 0.0054 0.0019 -0.0018 -0.0067 -0.0153 -0.0370 -0.0935 -0.2013 -0.2924 -0.3345 -0.3420 -0.3285 -0.1526 0.1027 0.0209
0.0336 0.0587 -0.2494 -0.3363 -0.3410 -0.3107 -0.2204 -0.0935 -0.0310 -0.0106 -0.0032 0.0016 0.0057 0.0108 0.0167 0.0233 0.0309 0.0399 0.0520 0.0754 0.0985 0.0995 0.0095 -0.1178 -0.2082 -0.3200 -0.3287 -0.3358 -0.3405 -0.3418 -0.3386 -0.3290 -0.3104 -0.2796 -0.2333 -0.1721 -0.1093 -0.0628 -0.0353 -0.0199 -0.0115 -0.0060 -0.0020 0.0012 0.0043 0.0075 0.0117 0.0167 0.0225 0.0298 0.0359 0.0298 0.0225 0.0167 0.0117 0.0075 0.0043 0.0012 -0.0020 -0.0060 -0.0115 -0.0199 -0.0353 -0.0628 -0.1093 -0.1721 -0.2333 -0.2796 -0.3104 -0.3290 -0.3386 -0.3418 -0.3405 -0.3358 -0.3287 -0.3200 -0.2082 -0.1178 0.0095 0.0995 0.0985 0.0754 0.0520 0.0399 0.0309 0.0233 0.0167 0.0108 0.0057 0.0016 -0.0032 -0.0106 -0.0310 -0.0935 -0.2204 -0.3107 -0.3410 -0.3363 -0.2494 0.0587 0.0336
0.0479 -0.0615 -0.3235 -0.3410 -0.3320 -0.2672 -0.1279 -0.0370 -0.0106 -0.0022 0.0031 0.0087 0.0157 0.0237 0.0330 0.0439 0.0596 0.0950 0.1037 0.0408 -0.0871 -0.1910 -0.3075 -0.3273 -0.3347 -0.3399 -0.3419 -0.3395 -0.3312 -0.3144 -0.2859 -0.2424 -0.1832 -0.1192 -0.0693 -0.0389 -0.0219 -0.0126 -0.0068 -0.0026 0.0007 0.0038 0.0069 0.0109 0.0158 0.0215 0.0281 0.0360 0.0461 0.0626 0.0851 0.0626 0.0461 0.0360 0.0281 0.0215 0.0158 0.0109 0.0069 0.0038 0.0007 -0.0026 -0.0068 -0.0126 -0.0219 -0.0389 -0.0693 -0.1192 -0.1832 -0.2424 -0.2859 -0.3144 -0.3312 -0.3395 -0.3419 -0.3399 -0.3347 -0.3273 -0.3075 -0.1910 -0.0871 0.0408 0.1037 0.0950 0.0596 0.0439 0.0330 0.0237 0.0157 0.0087 0.0031 -0.0022 -0.0106 -0.0370 -0.1279 -0.2672 -0.3320 -0.3410 -0.3235 -0.0615 0.0479
0.0476 -0.1707 -0.3317 -0.3417 -0.3129 -0.2026 -0.0617 -0.0153 -0.0032 0.0031 0.0098 0.0184 0.0287 0.0410 0.0571 0.0966 0.1054 -0.0133 -0.1613 -0.2692 -0.3249 -0.3331 -0.3390 -0.3418 -0.3404 -0.3332 -0.3180 -0.2918 -0.2510 -0.1942 -0.1296 -0.0763 -0.0430 -0.0242 -0.0138 -0.0076 -0.0033 0.0002 0.0032 0.0064 0.0102 0.0149 0.0204 0.0269 0.0345 0.0441 0.0585 0.0904 0.1007 0.0785 0.0126 0.0785 0.1007 0.0904 0.0585 0.0441 0.0345 0.0269 0.0204 0.0149 0.0102 0.0064 0.0032 0.0002 -0.0033 -0.0076 -0.0138 -0.0242 -0.0430 -0.0763 -0.1296 -0.1942 -0.2510 -0.2918 -0.3180 -0.3332 -0.3404 -0.3418 -0.3390 -0.3331 -0.3249 -0.2692 -0.1613 -0.0133 0.1054 0.0966 0.0571 0.0410 0.0287 0.0184 0.0098 0.0031 -0.0032 -0.0153 -0.0617 -0.2026 -0.3129 -0.3417 -0.3317 -0.1707 0.0476
0.0148 -0.2753 -0.3380 -0.3373 -0.2809 -0.1288 -0.0299 -0.0067 0.0016 0.0087 0.0184 0.0305 0.0454 0.0681 0.1207 0.0077 -0.1813 -0.3173 -0.3284 -0.3366 -0.3413 -0.3415 -0.3359 -0.3224 -0.2982 -0.2600 -0.2053 -0.1406 -0.0840 -0.0474 -0.0266 -0.0152 -0.0085 -0.0039 -0.0004 0.0027 0.0058 0.0094 0.0140 0.0194 0.0257 0.0331 0.0422 0.0554 0.0835 0.0994 0.0949 -0.0053 -0.1322 -0.2209 -0.3027 -0.2209 -0.1322 -0.0053 0.0949 0.0994 0.0835 0.0554 0.0422 0.0331 0.0257 0.0194 0.0140 0.0094 0.0058 0.0027 -0.0004 -0.0039 -0.0085 -0.0152 -0.0266 -0.0474 -0.0840 -0.1406 -0.2053 -0.2600 -0.2982 -0.3224 -0.3359 -0.3415 -0.3413 -0.3366 -0.3284 -0.3173 -0.1813 0.0077 0.1207 0.0681 0.0454 0.0305 0.0184 0.0087 0.0016 -0.0067 -0.0299 -0.1288 -0.2808 -0.3373 -0.3380 -0.2753 0.0148
-0.0398 -0.3231 -0.3414 -0.3259 -0.2327 -0.0720 -0.0152 -0.0018 0.0057 0.0157 0.0287 0.0454 0.0727 0.1066 -0.0724 -0.3048 -0.3266 -0.3368 -0.3420 -0.3407 -0.3311 -0.3105 -0.2753 -0.2226 -0.1563 -0.0944 -0.0530 -0.0296 -0.0167 -0.0095 -0.0046 -0.0010 0.0022 0.0053 0.0087 0.0132 0.0184 0.0246 0.0317 0.0405 0.0526 0.0763 0.0980 0.0997 0.0154 -0.1107 -0.2031 -0.3195 -0.3284 -0.3356 -0.3387 -0.3356 -0.3284 -0.3195 -0.2031 -0.1107 0.0154 0.0997 0.0980 0.0763 0.0526 0.0405 0.0317 0.0246 0.0184 0.0132 0.0087 0.0053 0.0022 -0.0010 -0.0046 -0.0095 -0.0167 -0.0296 -0.0530 -0.0944 -0.1563 -0.2226 -0.2753 -0.3105 -0.3311 -0.3407 -0.3420 -0.3368 -0.3266 -0.3048 -0.0724 0.1066 0.0727 0.0454 0.0287 0.0157 0.0057 -0.0018 -0.0152 -0.0719 -0.2327 -0.3259 -0.3414 -0.3231 -0.0398
-0.0771 -0.3312 -0.3412 -0.3048 -0.1700 -0.0392 -0.0080 0.0019 0.0108 0.0237 0.0410 0.0681 0.1066 -0.1000 -0.3167 -0.3315 -0.3407 -0.3420 -0.3323 -0.3076 -0.2629 -0.1962 -0.1214 -0.0659 -0.0352 -0.0192 -0.0108 -0.0054 -0.0016 0.0016 0.0047 0.0080 0.0124 0.0175 0.0234 0.0304 0.0388 0.0501 0.0705 0.0962 0.1010 0.0351 -0.0881 -0.1873 -0.3002 -0.3269 -0.3344 -0.3397 -0.3418 -0.3398 -0.3365 -0.3398 -0.3418 -0.3397 -0.3344 -0.3269 -0.3002 -0.1873 -0.0881 0.0351 0.1010 0.0962 0.0705 0.0501 0.0388 0.0304 0.0234 0.0175 0.0124 0.0080 0.0047 0.0016 -0.0016 -0.0054 -0.0108 -0.0192 -0.0352 -0.0659 -0.1214 -0.1962 -0.2629 -0.3076 -0.3323 -0.3420 -0.3407 -0.3315 -0.3167 -0.1000 0.1066 0.0681 0.0410 0.0237 0.0108 0.0019 -0.0080 -0.0391 -0.1698 -0.3048 -0.3412 -0.3312 -0.0771
-0.0993 -0.3373 -0.3357 -0.2706 -0.1067 -0.0216 -0.0033 0.0054 0.0167 0.0330 0.0571 0.1207 -0.0724 -0.3167 -0.3330 -0.3419 -0.3398 -0.3210 -0.2779 -0.2043 -0.1168 -0.0568 -0.0277 -0.0140 -0.0072 -0.0027 0.0009 0.0040 0.0073 0.0115 0.0165 0.0223 0.0291 0.0373 0.0478 0.0657 0.0943 0.1015 0.0535 -0.0662 -0.1722 -0.2764 -0.3254 -0.3332 -0.3389 -0.3417 -0.3405 -0.3337 -0.3187 -0.2932 -0.2734 -0.2932 -0.3187 -0.3337 -0.3405 -0.3417 -0.3389 -0.3332 -0.3254 -0.2764 -0.1722 -0.0662 0.0535 0.1015 0.0943 0.0657 0.0478 0.0373 0.0291 0.0223 0.0165 0.0115 0.0073 0.0040 0.0009 -0.0027 -0.0072 -0.0140 -0.0277 -0.0568 -0.1168 -0.2042 -0.2779 -0.3210 -0.3398 -0.3419 -0.3330 -0.3167 -0.0724 0.1207 0.0571 0.0330 0.0167 0.0054 -0.0033 -0.0216 -0.1067 -0.2706 -0.3357 -0.3373 -0.0993
-0.1164 -0.3408 -0.3228 -0.2206 -0.0610 -0.0123 0.0002 0.0092 0.0233 0.0439 0.0966 0.0077 -0.3048 -0.3315 -0.3419 -0.3386 -0.3133 -0.2537 -0.1571 -0.0713 -0.0304 -0.0134 -0.0059 -0.0013 0.0024 0.0059 0.0100 0.0150 0.0209 0.0276 0.0355 0.0455 0.0612 0.0922 0.1013 0.0700 -0.0447 -0.1578 -0.2549 -0.3239 -0.3320 -0.3382 -0.3415 -0.3411 -0.3353 -0.3222 -0.2988 -0.2616 -0.2072 -0.1430 -0.1089 -0.1430 -0.2072 -0.2616 -0.2988 -0.3222 -0.3353 -0.3411 -0.3415 -0.3382 -0.3320 -0.3239 -0.2549 -0.1578 -0.0447 0.0700 0.1013 0.0922 0.0612 0.0455 0.0355 0.0276 0.0209 0.0150 0.0100 0.0059 0.0024 -0.0013 -0.0059 -0.0134 -0.0304 -0.0713 -0.1570 -0.2537 -0.3133 -0.3386 -0.3419 -0.3315 -0.3048 0.0077 0.0966 0.0439 0.0233 0.0092 0.0002 -0.0123 -0.0610 -0.2206 -0.3228 -0.3408 -0.1164
-0.1300 -0.3406 -0.2999 -0.1574 -0.0342 -0.0065 0.0033 0.0140 0.0309 0.0596 0.1054 -0.1813 -0.3266 -0.3407 -0.3398 -0.3133 -0.2445 -0.1336 -0.0521 -0.0198 -0.0077 -0.0019 0.0024 0.0065 0.0116 0.0176 0.0245 0.0325 0.0420 0.0555 0.0848 0.1006 0.0865 -0.0216 -0.1436 -0.2354 -0.3224 -0.3308 -0.3373 -0.3412 -0.3415 -0.3368 -0.3251 -0.3037 -0.2690 -0.2183 -0.1549 -0.0950 -0.0535 -0.0300 -0.0217 -0.0300 -0.0535 -0.0950 -0.1549 -0.2183 -0.2690 -0.3037 -0.3251 -0.3368 -0.3415 -0.3412 -0.3373 -0.3308 -0.3224 -0.2354 -0.1436 -0.0216 0.0865 0.1006 0.0848 0.0555 0.0420 0.0325 0.0245 0.0176 0.0116 0.0065 0.0024 -0.0019 -0.0077 -0.0198 -0.0521 -0.1336 -0.2445 -0.3133 -0.3398 -0.3407 -0.3266 -0.1813 0.1054 0.0596 0.0309 0.0140 0.0033 -0.0065 -0.0342 -0.1574 -0.2999 -0.3406 -0.1300
-0.1407 -0.3351 -0.2633 -0.0969 -0.0193 -0.0025 0.0065 0.0195 0.0399 0.0950 -0.0133 -0.3173 -0.3368 -0.3420 -0.3210 -0.2537 -0.1336 -0.0469 -0.0160 -0.0053 0.0004 0.0049 0.0105 0.0174 0.0255 0.0348 0.0462 0.0641 0.0976 0.1037 0.0150 -0.1185 -0.2148 -0.3205 -0.3293 -0.3363 -0.3407 -0.3417 -0.3380 -0.3277 -0.3081 -0.2760 -0.2281 -0.1660 -0.1041 -0.0596 -0.0334 -0.0189 -0.0108 -0.0054 -0.0024 -0.0054 -0.0108 -0.0189 -0.0334 -0.0596 -0.1041 -0.1660 -0.2281 -0.2760 -0.3081 -0.3277 -0.3380 -0.3417 -0.3407 -0.3363 -0.3293 -0.3205 -0.2148 -0.1185 0.0150 0.1037 0.0976 0.0641 0.0462 0.0348 0.0255 0.0174 0.0105 0.0049 0.0004 -0.0053 -0.0160 -0.0469 -0.1336 -0.2537 -0.3210 -0.3420 -0.3368 -0.3173 -0.0133 0.0950 0.0399 0.0195 0.0065 -0.0025 -0.0193 -0.0969 -0.2633 -0.3351 -0.1407
-0.1485 -0.3226 -0.2105 -0.0552 -0.0111 0.0009 0.0104 0.0259 0.0520 0.1037 -0.1613 -0.3284 -0.3420 -0.3323 -0.2780 -0.1570 -0.0521 -0.0160 -0.0046 0.0014 0.0066 0.0137 0.0223 0.0325 0.0449 0.0635 0.1026 0.0887 -0.0426 -0.1800 -0.3001 -0.3268 -0.3347 -0.3400 -0.3419 -0.3392 -0.3302 -0.3124 -0.2826 -0.2375 -0.1771 -0.1137 -0.0657 -0.0369 -0.0208 -0.0120 -0.0063 -0.0023 0.0010 0.0042 0.0067 0.0042 0.0010 -0.0023 -0.0063 -0.0120 -0.0208 -0.0369 -0.0657 -0.1137 -0.1771 -0.2375 -0.2826 -0.3124 -0.3302 -0.3392 -0.3419 -0.3400 -0.3347 -0.3268 -0.3001 -0.1800 -0.0426 0.0887 0.1026 0.0635 0.0449 0.0325 0.0223 0.0137 0.0066 0.0014 -0.0046 -0.0160 -0.0521 -0.1570 -0.2779 -0.3323 -0.3420 -0.3284 -0.1613 0.1037 0.0520 0.0259 0.0104 0.0009 -0.0111 -0.0552 -0.2105 -0.3226 -0.1485
-0.1531 -0.3001 -0.1463 -0.0310 -0.0057 0.0039 0.0152 0.0334 0.0754 0.0408 -0.2692 -0.3366 -0.3407 -0.3077 -0.2043 -0.0714 -0.0198 -0.0053 0.0014 0.0072 0.0153 0.0254 0.0377 0.0538 0.0890 0.1022 -0.0419 -0.2109 -0.3200 -0.3304 -0.3379 -0.3418 -0.3408 -0.3336 -0.3178 -0.2904 -0.2478 -0.1892 -0.1242 -0.0724 -0.0407 -0.0229 -0.0131 -0.0072 -0.0029 0.0004 0.0035 0.0067 0.0106 0.0157 0.0200 0.0157 0.0106 0.0067 0.0035 0.0004 -0.0029 -0.0072 -0.0131 -0.0229 -0.0407 -0.0724 -0.1242 -0.1892 -0.2478 -0.2904 -0.3178 -0.3336 -0.3408 -0.3418 -0.3379 -0.3304 -0.3200 -0.2109 -0.0419 0.1022 0.0890 0.0538 0.0377 0.0254 0.0153 0.0072 0.0014 -0.0053 -0.0198 -0.0713 -0.2042 -0.3076 -0.3407 -0.3366 -0.2692 0.0408 0.0754 0.0334 0.0152 0.0039 -0.0057 -0.0310 -0.1463 -0.3001 -0.1531
-0.1536 -0.2642 -0.0884 -0.0175 -0.0019 0.0071 0.0207 0.0427 0.0985 -0.0871 -0.3249 -0.3413 -0.3311 -0.2631 -0.1169 -0.0304 -0.0077 0.0004 0.0066 0.0153 0.0265 0.0405 0.0602 0.1165 0.0352 -0.1662 -0.3179 -0.3302 -0.3387 -0.3423 -0.3393 -0.3275 -0.3041 -0.2650 -0.2082 -0.1405 -0.0824 -0.0458 -0.0255 -0.0144 -0.0081 -0.0036 -0.0001 0.0030 0.0061 0.0098 0.0145 0.0200 0.0263 0.0343 0.0412 0.0343 0.0263 0.0200 0.0145 0.0098 0.0061 0.0030 -0.0001 -0.0036 -0.0081 -0.0144 -0.0255 -0.0458 -0.0824 -0.1405 -0.2082 -0.2650 -0.3041 -0.3275 -0.3393 -0.3423 -0.3387 -0.3302 -0.3179 -0.1662 0.0352 0.1165 0.0602 0.0405 0.0265 0.0153 0.0066 0.0004 -0.0077 -0.0304 -0.1168 -0.2629 -0.3311 -0.3413 -0.3249 -0.0871 0.0985 0.0427 0.0207 0.0071 -0.0019 -0.0175 -0.0884 -0.2642 -0.1536
-0.1491 -0.2125 -0.0500 -0.0101 0.0014 0.0112 0.0272 0.0563 0.0995 -0.1910 -0.3331 -0.3415 -0.3105 -0.1964 -0.0569 -0.0134 -0.0019 0.0049 0.0137 0.0254 0.0405 0.0626 0.1253 -0.0193 -0.2714 -0.3248 -0.3363 -0.3422 -0.3400 -0.3266 -0.2977 -0.2483 -0.1784 -0.1064 -0.0571 -0.0305 -0.0167 -0.0093 -0.0043 -0.0007 0.0024 0.0056 0.0091 0.0136 0.0190 0.0252 0.0325 0.0414 0.0541 0.0803 0.0943 0.0803 0.0541 0.0414 0.0325 0.0252 0.0190 0.0136 0.0091 0.0056 0.0024 -0.0007 -0.0043 -0.0093 -0.0167 -0.0305 -0.0571 -0.1064 -0.1784 -0.2483 -0.2977 -0.3266 -0.3400 -0.3422 -0.3363 -0.3248 -0.2714 -0.0193 0.1253 0.0626 0.0405 0.0254 0.0137 0.0049 -0.0019 -0.0134 -0.0568 -0.1962 -0.3105 -0.3415 -0.3331 -0.1910 0.0995 0.0563 0.0272 0.0112 0.0014 -0.0101 -0.0500 -0.2125 -0.1491
-0.1388 -0.1492 -0.0281 -0.0050 0.0045 0.0161 0.0350 0.0860 0.0095 -0.3075 -0.3390 -0.3359 -0.2753 -0.1215 -0.0277 -0.0059 0.0024 0.0105 0.0223 0.0377 0.0602 0.1253 -0.0380 -0.3123 -0.3285 -0.3394 -0.3424 -0.3334 -0.3066 -0.2546 -0.1756 -0.0956 -0.0470 -0.0234 -0.0121 -0.0060 -0.0018 0.0016 0.0048 0.0083 0.0127 0.0179 0.0240 0.0311 0.0397 0.0514 0.0735 0.0972 0.1005 0.0236 -0.0667 0.0236 0.1005 0.0972 0.0735 0.0514 0.0397 0.0311 0.0240 0.0179 0.0127 0.0083 0.0048 0.0016 -0.0018 -0.0060 -0.0121 -0.0234 -0.0470 -0.0956 -0.1756 -0.2546 -0.3066 -0.3334 -0.3424 -0.3394 -0.3285 -0.3123 -0.0380 0.1253 0.0602 0.0377 0.0223 0.0105 0.0024 -0.0059 -0.0277 -0.1214 -0.2753 -0.3359 -0.3390 -0.3075 0.0095 0.0860 0.0350 0.0161 0.0045 -0.0050 -0.0281 -0.1492 -0.1388
-0.1229 -0.0912 -0.0160 -0.0013 0.0077 0.0218 0.0447 0.0998 -0.1178 -0.3273 -0.3418 -0.3225 -0.2227 -0.0660 -0.0140 -0.0013 0.0065 0.0174 0.0325 0.0538 0.1165 -0.0193 -0.3123 -0.3297 -0.3407 -0.3414 -0.3260 -0.2853 -0.2094 -0.1143 -0.0513 -0.0230 -0.0106 -0.0045 -0.0003 0.0032 0.0068 0.0112 0.0164 0.0224 0.0294 0.0378 0.0487 0.0676 0.0954 0.1014 0.0437 -0.0780 -0.1808 -0.2904 -0.3224 -0.2904 -0.1808 -0.0780 0.0437 0.1014 0.0954 0.0676 0.0487 0.0378 0.0294 0.0224 0.0164 0.0112 0.0068 0.0032 -0.0003 -0.0045 -0.0106 -0.0230 -0.0513 -0.1143 -0.2094 -0.2853 -0.3260 -0.3414 -0.3407 -0.3297 -0.3123 -0.0193 0.1165 0.0538 0.0325 0.0174 0.0065 -0.0013 -0.0140 -0.0659 -0.2226 -0.3224 -0.3418 -0.3273 -0.1178 0.0998 0.0447 0.0218 0.0077 -0.0013 -0.0160 -0.0912 -0.1229
-0.1029 -0.0522 -0.0091 0.0019 0.0119 0.0285 0.0596 0.0912 -0.2082 -0.3347 -0.3404 -0.2983 -0.1566 -0.0353 -0.0072 0.0024 0.0116 0.0255 0.0449 0.0890 0.0352 -0.2714 -0.3285 -0.3407 -0.3408 -0.3212 -0.2691 -0.1747 -0.0791 -0.0317 -0.0130 -0.0052 -0.0003 0.0036 0.0078 0.0131 0.0193 0.0264 0.0346 0.0448 0.0604 0.0927 0.1019 0.0643 -0.0542 -0.1655 -0.2663 -0.3248 -0.3328 -0.3387 -0.3409 -0.3387 -0.3328 -0.3248 -0.2663 -0.1655 -0.0542 0.0643 0.1019 0.0927 0.0604 0.0448 0.0346 0.0264 0.0193 0.0131 0.0078 0.0036 -0.0003 -0.0052 -0.0130 -0.0317 -0.0791 -0.1747 -0.2691 -0.3212 -0.3409 -0.3407 -0.3285 -0.2714 0.0352 0.0890 0.0449 0.0255 0.0116 0.0024 -0.0072 -0.0352 -0.1563 -0.2982 -0.3404 -0.3347 -0.2082 0.0912 0.0596 0.0285 0.0119 0.0019 -0.0091 -0.0522 -0.1029
-0.0820 -0.0297 -0.0043 0.0050 0.0170 0.0364 0.0911 -0.0119 -0.3200 -0.3399 -0.3332 -0.2600 -0.0945 -0.0192 -0.0027 0.0059 0.0176 0.0348 0.0635 0.1022 -0.1662 -0.3248 -0.3394 -0.3414 -0.3212 -0.2631 -0.1570 -0.0628 -0.0231 -0.0085 -0.0021 0.0025 0.0070 0.0130 0.0200 0.0282 0.0378 0.0501 0.0725 0.1006 0.0930 -0.0175 -0.1469 -0.2422 -0.3230 -0.3314 -0.3377 -0.3414 -0.3412 -0.3360 -0.3305 -0.3360 -0.3412 -0.3414 -0.3377 -0.3314 -0.3230 -0.2422 -0.1469 -0.0175 0.0930 0.1006 0.0725 0.0501 0.0378 0.0282 0.0200 0.0130 0.0070 0.0025 -0.0021 -0.0085 -0.0231 -0.0628 -0.1570 -0.2631 -0.3212 -0.3414 -0.3394 -0.3248 -0.1662 0.1022 0.0635 0.0348 0.0176 0.0059 -0.0027 -0.0192 -0.0944 -0.2600 -0.3332 -0.3399 -0.3200 -0.0119 0.0911 0.0364 0.0170 0.0050 -0.0043 -0.0297 -0.0820
-0.0632 -0.0173 -0.0007 0.0083 0.0228 0.0467 0.1009 -0.1360 -0.3287 -0.3419 -0.3179 -0.2053 -0.0531 -0.0108 0.0008 0.0100 0.0245 0.0462 0.1025 -0.0419 -0.3179 -0.3363 -0.3424 -0.3260 -0.2691 -0.1570 -0.0580 -0.0197 -0.0066 -0.0004 0.0043 0.0102 0.0176 0.0265 0.0371 0.0505 0.0755 0.1064 0.0576 -0.0829 -0.2054 -0.3197 -0.3290 -0.3363 -0.3409 -0.3417 -0.3375 -0.3265 -0.3055 -0.2720 -0.2468 -0.2720 -0.3055 -0.3265 -0.3375 -0.3417 -0.3409 -0.3363 -0.3290 -0.3197 -0.2054 -0.0829 0.0576 0.1064 0.0755 0.0505 0.0371 0.0265 0.0176 0.0102 0.0043 -0.0004 -0.0066 -0.0197 -0.0580 -0.1570 -0.2691 -0.3260 -0.3424 -0.3363 -0.3179 -0.0419 0.1026 0.0462 0.0245 0.0100 0.0009 -0.0108 -0.0530 -0.2053 -0.3180 -0.3419 -0.3287 -0.1360 0.1009 0.0467 0.0228 0.0083 -0.0007 -0.0173 -0.0632
-0.0480 -0.0100 0.0024 0.0127 0.0297 0.0634 0.0781 -0.2255 -0.3358 -0.3395 -0.2918 -0.1406 -0.0296 -0.0054 0.0040 0.0150 0.0324 0.0640 0.0889 -0.2104 -0.3302 -0.3422 -0.3334 -0.2853 -0.1747 -0.0628 -0.0197 -0.0061 0.0004 0.0055 0.0126 0.0213 0.0320 0.0452 0.0656 0.1090 0.0578 -0.1031 -0.2487 -0.3234 -0.3328 -0.3393 -0.3420 -0.3396 -0.3304 -0.3119 -0.2808 -0.2341 -0.1710 -0.1082 -0.0797 -0.1082 -0.1710 -0.2341 -0.2808 -0.3119 -0.3304 -0.3396 -0.3420 -0.3393 -0.3328 -0.3234 -0.2487 -0.1031 0.0578 0.1090 0.0656 0.0452 0.0320 0.0213 0.0126 0.0055 0.0004 -0.0061 -0.0197 -0.0628 -0.1747 -0.2853 -0.3334 -0.3422 -0.3302 -0.2109 0.0887 0.0641 0.0325 0.0150 0.0040 -0.0054 -0.0296 -0.1406 -0.2918 -0.3395 -0.3358 -0.2255 0.0781 0.0634 0.0297 0.0127 0.0024 -0.0100 -0.0480
-0.0369 -0.0046 0.0055 0.0179 0.0380 0.0932 -0.0330 -0.3216 -0.3405 -0.3312 -0.2510 -0.0840 -0.0167 -0.0016 0.0073 0.0209 0.0420 0.0976 -0.0420 -0.3200 -0.3387 -0.3400 -0.3066 -0.2094 -0.0791 -0.0231 -0.0066 0.0004 0.0060 0.0138 0.0237 0.0359 0.0519 0.0853 0.1012 -0.0579 -0.2478 -0.3233 -0.3338 -0.3405 -0.3420 -0.3368 -0.3222 -0.2952 -0.2516 -0.1906 -0.1235 -0.0707 -0.0389 -0.0218 -0.0158 -0.0218 -0.0389 -0.0707 -0.1235 -0.1906 -0.2516 -0.2952 -0.3222 -0.3368 -0.3420 -0.3405 -0.3338 -0.3233 -0.2478 -0.0579 0.1012 0.0853 0.0519 0.0359 0.0237 0.0138 0.0060 0.0004 -0.0066 -0.0231 -0.0791 -0.2094 -0.3066 -0.3400 -0.3387 -0.3200 -0.0426 0.0976 0.0420 0.0209 0.0073 -0.0016 -0.0167 -0.0840 -0.2510 -0.3312 -0.3405 -0.3216 -0.0330 0.0932 0.0380 0.0179 0.0055 -0.0046 -0.0369
-0.0300 -0.0002 0.0090 0.0239 0.0489 0.1014 -0.1501 -0.3301 -0.3418 -0.3144 -0.1942 -0.0474 -0.0095 0.0016 0.0115 0.0276 0.0555 0.1038 -0.1799 -0.3304 -0.3423 -0.3266 -0.2546 -0.1143 -0.0317 -0.0085 -0.0004 0.0055 0.0138 0.0245 0.0380 0.0565 0.1096 0.0504 -0.1564 -0.3182 -0.3312 -0.3398 -0.3423 -0.3363 -0.3183 -0.2838 -0.2286 -0.1562 -0.0897 -0.0481 -0.0259 -0.0143 -0.0078 -0.0031 -0.0004 -0.0031 -0.0078 -0.0143 -0.0259 -0.0481 -0.0897 -0.1562 -0.2286 -0.2838 -0.3183 -0.3363 -0.3423 -0.3398 -0.3312 -0.3182 -0.1564 0.0504 0.1096 0.0565 0.0380 0.0245 0.0138 0.0055 -0.0004 -0.0085 -0.0317 -0.1143 -0.2546 -0.3266 -0.3423 -0.3304 -0.1800 0.1037 0.0555 0.0276 0.0115 0.0016 -0.0095 -0.0474 -0.1942 -0.3144 -0.3418 -0.3301 -0.1501 0.1014 0.0489 0.0239 0.0090 -0.0002 -0.0300
-0.0253 0.0042 0.0136 0.0310 0.0678 0.0627 -0.2441 -0.3368 -0.3386 -0.2859 -0.1296 -0.0266 -0.0046 0.0047 0.0165 0.0355 0.0848 0.0150 -0.3001 -0.3379 -0.3393 -0.2977 -0.1756 -0.0513 -0.0130 -0.0021 0.0043 0.0126 0.0237 0.0380 0.0582 0.1262 0.0094 -0.2456 -0.3237 -0.3360 -0.3422 -0.3394 -0.3231 -0.2872 -0.2254 -0.1436 -0.0752 -0.0375 -0.0191 -0.0101 -0.0047 -0.0008 0.0025 0.0059 0.0086 0.0059 0.0025 -0.0008 -0.0047 -0.0101 -0.0191 -0.0375 -0.0752 -0.1436 -0.2254 -0.2872 -0.3231 -0.3394 -0.3422 -0.3360 -0.3237 -0.2456 0.0094 0.1262 0.0582 0.0380 0.0237 0.0126 0.0043 -0.0021 -0.0130 -0.0513 -0.1756 -0.2977 -0.3393 -0.3379 -0.3001 0.0150 0.0848 0.0355 0.0165 0.0047 -0.0046 -0.0266 -0.1296 -0.2859 -0.3386 -0.3368 -0.2441 0.0627 0.0678 0.0310 0.0136 0.0042 -0.0253
-0.0203 0.0090 0.0189 0.0396 0.0952 -0.0544 -0.3231 -0.3409 -0.3290 -0.2424 -0.0763 -0.0152 -0.0010 0.0080 0.0223 0.0455 0.1006 -0.1185 -0.3268 -0.3418 -0.3275 -0.2483 -0.0956 -0.0230 -0.0052 0.0025 0.0102 0.0213 0.0359 0.0565 0.1262 -0.0050 -0.3000 -0.3268 -0.3386 -0.3425 -0.3339 -0.3058 -0.2487 -0.1614 -0.0802 -0.0366 -0.0171 -0.0082 -0.0030 0.0008 0.0042 0.0079 0.0125 0.0183 0.0231 0.0183 0.0125 0.0079 0.0042 0.0008 -0.0030 -0.0082 -0.0171 -0.0366 -0.0802 -0.1614 -0.2487 -0.3058 -0.3339 -0.3425 -0.3386 -0.3268 -0.3000 -0.0050 0.1262 0.0565 0.0359 0.0213 0.0102 0.0025 -0.0052 -0.0230 -0.0956 -0.2483 -0.3275 -0.3418 -0.3268 -0.1185 0.1006 0.0455 0.0223 0.0080 -0.0010 -0.0152 -0.0763 -0.2424 -0.3290 -0.3409 -0.3231 -0.0544 0.0952 0.0396 0.0189 0.0090 -0.0203
-0.0154 0.0141 0.0251 0.0512 0.1014 -0.1643 -0.3314 -0.3416 -0.3104 -0.1832 -0.0430 -0.0085 0.0022 0.0124 0.0291 0.0612 0.0865 -0.2148 -0.3347 -0.3408 -0.3041 -0.1784 -0.0470 -0.0106 -0.0003 0.0070 0.0176 0.0320 0.0519 0.1096 0.0094 -0.3000 -0.3277 -0.3397 -0.3420 -0.3284 -0.2889 -0.2116 -0.1122 -0.0478 -0.0202 -0.0087 -0.0029 0.0013 0.0051 0.0095 0.0149 0.0212 0.0286 0.0377 0.0456 0.0377 0.0286 0.0212 0.0149 0.0095 0.0051 0.0013 -0.0029 -0.0087 -0.0202 -0.0478 -0.1122 -0.2116 -0.2889 -0.3284 -0.3420 -0.3397 -0.3277 -0.3000 0.0094 0.1096 0.0519 0.0320 0.0176 0.0070 -0.0003 -0.0106 -0.0470 -0.1784 -0.3041 -0.3408 -0.3347 -0.2148 0.0865 0.0612 0.0291 0.0124 0.0022 -0.0085 -0.0430 -0.1832 -0.3104 -0.3416 -0.3314 -0.1643 0.1014 0.0512 0.0251 0.0141 -0.0154
-0.0108 0.0192 0.0324 0.0730 0.0453 -0.2645 -0.3377 -0.3375 -0.2796 -0.1192 -0.0242 -0.0039 0.0053 0.0175 0.0373 0.0922 -0.0216 -0.3205 -0.3400 -0.3336 -0.2651 -0.1064 -0.0234 -0.0045 0.0036 0.0130 0.0265 0.0452 0.0853 0.0504 -0.2456 -0.3268 -0.3397 -0.3417 -0.3250 -0.2767 -0.1842 -0.0835 -0.0324 -0.0126 -0.0047 0.0004 0.0045 0.0095 0.0156 0.0229 0.0313 0.0414 0.0554 0.0861 0.0964 0.0861 0.0554 0.0414 0.0313 0.0229 0.0156 0.0095 0.0045 0.0004 -0.0047 -0.0126 -0.0324 -0.0835 -0.1842 -0.2767 -0.3250 -0.3417 -0.3397 -0.3268 -0.2456 0.0504 0.0853 0.0452 0.0265 0.0130 0.0036 -0.0045 -0.0234 -0.1064 -0.2650 -0.3336 -0.3400 -0.3205 -0.0216 0.0922 0.0373 0.0175 0.0053 -0.0039 -0.0242 -0.1192 -0.2796 -0.3375 -0.3377 -0.2645 0.0453 0.0730 0.0324 0.0192 -0.0108
-0.0068 0.0240 0.0413 0.0970 -0.0761 -0.3246 -0.3413 -0.3265 -0.2333 -0.0693 -0.0138 -0.0004 0.0087 0.0234 0.0478 0.1013 -0.1436 -0.3293 -0.3419 -0.3178 -0.2083 -0.0571 -0.0121 -0.0003 0.0078 0.0200 0.0371 0.0656 0.1012 -0.1564 -0.3237 -0.3386 -0.3420 -0.3250 -0.2723 -0.1701 -0.0695 -0.0250 -0.0090 -0.0023 0.0026 0.0075 0.0140 0.0218 0.0310 0.0422 0.0580 0.0964 0.1080 0.0144 -0.0954 0.0144 0.1080 0.0964 0.0580 0.0422 0.0310 0.0218 0.0140 0.0075 0.0026 -0.0023 -0.0090 -0.0250 -0.0695 -0.1701 -0.2723 -0.3250 -0.3420 -0.3386 -0.3237 -0.1564 0.1012 0.0656 0.0371 0.0200 0.0078 -0.0003 -0.0121 -0.0571 -0.2082 -0.3178 -0.3419 -0.3293 -0.1436 0.1013 0.0478 0.0234 0.0087 -0.0004 -0.0138 -0.0693 -0.2333 -0.3265 -0.3413 -0.3246 -0.0761 0.0970 0.0413 0.0240 -0.0068
-0.0034 0.0286 0.0539 0.1005 -0.1790 -0.3326 -0.3413 -0.3061 -0.1721 -0.0389 -0.0076 0.0027 0.0132 0.0304 0.0657 0.0700 -0.2354 -0.3363 -0.3392 -0.2905 -0.1405 -0.0305 -0.0060 0.0032 0.0131 0.0282 0.0505 0.1090 -0.0579 -0.3182 -0.3360 -0.3425 -0.3284 -0.2767 -0.1701 -0.0653 -0.0220 -0.0073 -0.0008 0.0041 0.0101 0.0179 0.0273 0.0388 0.0540 0.0877 0.1129 -0.0051 -0.1719 -0.3000 -0.3224 -0.3000 -0.1719 -0.0051 0.1129 0.0877 0.0540 0.0388 0.0273 0.0179 0.0101 0.0040 -0.0008 -0.0073 -0.0220 -0.0653 -0.1701 -0.2767 -0.3284 -0.3425 -0.3360 -0.3182 -0.0579 0.1090 0.0505 0.0282 0.0131 0.0032 -0.0060 -0.0305 -0.1405 -0.2904 -0.3392 -0.3363 -0.2354 0.0700 0.0657 0.0304 0.0132 0.0027 -0.0076 -0.0389 -0.1721 -0.3061 -0.3413 -0.3326 -0.1790 0.1005 0.0539 0.0286 -0.0034
-0.0004 0.0342 0.0794 0.0262 -0.2870 -0.3385 -0.3361 -0.2729 -0.1093 -0.0219 -0.0033 0.0058 0.0184 0.0388 0.0943 -0.0447 -0.3224 -0.3407 -0.3302 -0.2480 -0.0825 -0.0167 -0.0018 0.0068 0.0193 0.0378 0.0755 0.0577 -0.2478 -0.3312 -0.3422 -0.3339 -0.2889 -0.1842 -0.0695 -0.0220 -0.0069 -0.0001 0.0050 0.0120 0.0209 0.0318 0.0456 0.0676 0.1155 0.0285 -0.1545 -0.3162 -0.3282 -0.3370 -0.3405 -0.3370 -0.3282 -0.3162 -0.1545 0.0285 0.1155 0.0677 0.0456 0.0319 0.0209 0.0120 0.0050 -0.0002 -0.0069 -0.0220 -0.0695 -0.1842 -0.2889 -0.3339 -0.3422 -0.3312 -0.2478 0.0578 0.0755 0.0378 0.0193 0.0068 -0.0018 -0.0167 -0.0824 -0.2478 -0.3302 -0.3407 -0.3224 -0.0447 0.0943 0.0388 0.0184 0.0058 -0.0033 -0.0219 -0.1093 -0.2729 -0.3361 -0.3385 -0.2870 0.0262 0.0794 0.0342 -0.0004
0.0027 0.0435 0.0987 -0.0983 -0.3261 -0.3416 -0.3238 -0.2237 -0.0628 -0.0126 0.0002 0.0094 0.0246 0.0501 0.1015 -0.1578 -0.3308 -0.3417 -0.3124 -0.1894 -0.0459 -0.0093 0.0016 0.0111 0.0263 0.0501 0.1064 -0.1031 -0.3233 -0.3398 -0.3394 -0.3058 -0.2116 -0.0835 -0.0250 -0.0073 -0.0001 0.0053 0.0130 0.0227 0.0350 0.0511 0.0842 0.0988 -0.0718 -0.2804 -0.3256 -0.3361 -0.3418 -0.3409 -0.3371 -0.3409 -0.3418 -0.3361 -0.3256 -0.2804 -0.0722 0.0985 0.0843 0.0511 0.0350 0.0227 0.0130 0.0053 -0.0002 -0.0073 -0.0250 -0.0835 -0.2116 -0.3058 -0.3394 -0.3398 -0.3233 -0.1031 0.1064 0.0501 0.0264 0.0112 0.0016 -0.0093 -0.0458 -0.1892 -0.3124 -0.3417 -0.3308 -0.1578 0.1015 0.0501 0.0246 0.0094 0.0002 -0.0126 -0.0628 -0.2237 -0.3238 -0.3416 -0.3261 -0.0983 0.0987 0.0435 0.0027
0.0065 0.0573 0.0987 -0.1944 -0.3338 -0.3408 -0.3015 -0.1609 -0.0353 -0.0068 0.0032 0.0140 0.0317 0.0705 0.0535 -0.2549 -0.3373 -0.3380 -0.2826 -0.1243 -0.0256 -0.0044 0.0048 0.0164 0.0346 0.0725 0.0576 -0.2487 -0.3338 -0.3423 -0.3231 -0.2487 -0.1122 -0.0324 -0.0090 -0.0008 0.0050 0.0130 0.0234 0.0367 0.0547 0.1026 0.0574 -0.1542 -0.3187 -0.3320 -0.3405 -0.3420 -0.3327 -0.3085 -0.2869 -0.3084 -0.3326 -0.3420 -0.3406 -0.3320 -0.3187 -0.1545 0.0572 0.1026 0.0547 0.0367 0.0234 0.0130 0.0050 -0.0008 -0.0090 -0.0324 -0.1122 -0.2487 -0.3231 -0.3423 -0.3338 -0.2487 0.0576 0.0725 0.0346 0.0164 0.0048 -0.0043 -0.0255 -0.1242 -0.2826 -0.3380 -0.3373 -0.2549 0.0535 0.0705 0.0317 0.0140 0.0032 -0.0068 -0.0353 -0.1609 -0.3015 -0.3408 -0.3338 -0.1944 0.0987 0.0573 0.0065
0.0113 0.0881 0.0060 -0.3121 -0.3393 -0.3346 -0.2657 -0.0999 -0.0199 -0.0026 0.0064 0.0194 0.0405 0.0962 -0.0662 -0.3239 -0.3412 -0.3276 -0.2375 -0.0726 -0.0145 -0.0007 0.0082 0.0224 0.0447 0.1006 -0.0829 -0.3234 -0.3405 -0.3363 -0.2872 -0.1614 -0.0478 -0.0126 -0.0023 0.0041 0.0120 0.0227 0.0367 0.0560 0.1161 0.0249 -0.2243 -0.3232 -0.3360 -0.3423 -0.3388 -0.3200 -0.2769 -0.2045 -0.1546 -0.2042 -0.2767 -0.3198 -0.3387 -0.3423 -0.3360 -0.3232 -0.2243 0.0249 0.1161 0.0560 0.0367 0.0227 0.0120 0.0040 -0.0023 -0.0126 -0.0478 -0.1614 -0.2872 -0.3363 -0.3405 -0.3234 -0.0829 0.1006 0.0448 0.0224 0.0083 -0.0007 -0.0144 -0.0724 -0.2375 -0.3277 -0.3412 -0.3239 -0.0662 0.0962 0.0405 0.0194 0.0064 -0.0026 -0.0199 -0.0999 -0.2657 -0.3346 -0.3393 -0.3121 0.0060 0.0881 0.0113
0.0178 0.1009 -0.1215 -0.3275 -0.3418 -0.3208 -0.2137 -0.0569 -0.0115 0.0007 0.0102 0.0257 0.0526 0.1010 -0.1722 -0.3320 -0.3415 -0.3081 -0.1772 -0.0408 -0.0081 0.0024 0.0127 0.0294 0.0603 0.0931 -0.2054 -0.3328 -0.3420 -0.3183 -0.2254 -0.0802 -0.0202 -0.0047 0.0026 0.0101 0.0209 0.0350 0.0547 0.1161 0.0132 -0.2690 -0.3258 -0.3382 -0.3425 -0.3340 -0.3047 -0.2436 -0.1484 -0.0685 -0.0423 -0.0684 -0.1481 -0.2434 -0.3045 -0.3339 -0.3425 -0.3382 -0.3257 -0.2690 0.0132 0.1161 0.0547 0.0350 0.0209 0.0101 0.0026 -0.0047 -0.0202 -0.0802 -0.2254 -0.3183 -0.3420 -0.3328 -0.2054 0.0930 0.0604 0.0294 0.0127 0.0024 -0.0081 -0.0407 -0.1771 -0.3081 -0.3415 -0.3320 -0.1722 0.1010 0.0526 0.0257 0.0102 0.0007 -0.0115 -0.0569 -0.2137 -0.3208 -0.3418 -0.3275 -0.1215 0.1009 0.0178
0.0279 0.0904 -0.2106 -0.3349 -0.3402 -0.2964 -0.1498 -0.0320 -0.0060 0.0038 0.0149 0.0331 0.0763 0.0351 -0.2764 -0.3382 -0.3368 -0.2760 -0.1137 -0.0229 -0.0036 0.0056 0.0179 0.0378 0.0927 -0.0175 -0.3197 -0.3393 -0.3368 -0.2838 -0.1436 -0.0366 -0.0087 0.0004 0.0075 0.0179 0.0319 0.0511 0.1026 0.0249 -0.2690 -0.3266 -0.3391 -0.3422 -0.3295 -0.2906 -0.2122 -0.1098 -0.0442 -0.0177 -0.0102 -0.0177 -0.0441 -0.1095 -0.2119 -0.2904 -0.3295 -0.3422 -0.3391 -0.3266 -0.2690 0.0249 0.1026 0.0511 0.0319 0.0179 0.0075 0.0004 -0.0087 -0.0366 -0.1436 -0.2838 -0.3368 -0.3393 -0.3197 -0.0175 0.0927 0.0378 0.0179 0.0056 -0.0036 -0.0229 -0.1137 -0.2760 -0.3368 -0.3382 -0.2764 0.0351 0.0763 0.0331 0.0149 0.0038 -0.0060 -0.0320 -0.1498 -0.2964 -0.3402 -0.3349 -0.2106 0.0904 0.0279
0.0458 -0.0150 -0.3202 -0.3400 -0.3328 -0.2580 -0.0910 -0.0181 -0.0020 0.0069 0.0204 0.0422 0.0980 -0.0881 -0.3254 -0.3415 -0.3251 -0.2281 -0.0657 -0.0131 -0.0001 0.0091 0.0240 0.0487 0.1019 -0.1469 -0.3290 -0.3420 -0.3222 -0.2286 -0.0752 -0.0171 -0.0029 0.0045 0.0140 0.0273 0.0456 0.0843 0.0572 -0.2243 -0.3257 -0.3391 -0.3420 -0.3268 -0.2806 -0.1892 -0.0856 -0.0324 -0.0121 -0.0038 0.0003 -0.0038 -0.0121 -0.0323 -0.0853 -0.1890 -0.2805 -0.3268 -0.3420 -0.3391 -0.3257 -0.2243 0.0572 0.0843 0.0456 0.0273 0.0140 0.0045 -0.0029 -0.0171 -0.0752 -0.2286 -0.3222 -0.3420 -0.3290 -0.1469 0.1019 0.0487 0.0240 0.0091 -0.0001 -0.0131 -0.0657 -0.2281 -0.3251 -0.3415 -0.3254 -0.0881 0.0980 0.0422 0.0204 0.0069 -0.0020 -0.0181 -0.0910 -0.2580 -0.3328 -0.3400 -0.3202 -0.0150 0.0458
0.0491 -0.1394 -0.3289 -0.3419 -0.3175 -0.2033 -0.0516 -0.0104 0.0012 0.0109 0.0269 0.0554 0.0997 -0.1873 -0.3332 -0.3411 -0.3037 -0.1660 -0.0369 -0.0072 0.0030 0.0136 0.0311 0.0676 0.0643 -0.2422 -0.3363 -0.3396 -0.2952 -0.1562 -0.0375 -0.0082 0.0013 0.0095 0.0218 0.0388 0.0677 0.0985 -0.1545 -0.3232 -0.3382 -0.3422 -0.3268 -0.2770 -0.1774 -0.0733 -0.0261 -0.0092 -0.0022 0.0031 0.0071 0.0031 -0.0022 -0.0092 -0.0261 -0.0733 -0.1774 -0.2770 -0.3268 -0.3422 -0.3382 -0.3232 -0.1545 0.0985 0.0677 0.0388 0.0218 0.0095 0.0013 -0.0082 -0.0375 -0.1562 -0.2952 -0.3396 -0.3363 -0.2422 0.0643 0.0676 0.0311 0.0136 0.0030 -0.0072 -0.0369 -0.1660 -0.3037 -0.3411 -0.3332 -0.1873 0.0997 0.0554 0.0269 0.0109 0.0012 -0.0104 -0.0516 -0.2033 -0.3175 -0.3419 -0.3289 -0.1394 0.0491
0.0317 -0.2310 -0.3359 -0.3394 -0.2910 -0.1388 -0.0290 -0.0052 0.0043 0.0158 0.0345 0.0835 0.0154 -0.3002 -0.3389 -0.3353 -0.2690 -0.1041 -0.0208 -0.0029 0.0061 0.0190 0.0397 0.0954 -0.0542 -0.3230 -0.3409 -0.3304 -0.2516 -0.0897 -0.0191 -0.0030 0.0051 0.0156 0.0310 0.0540 0.1155 -0.0722 -0.3187 -0.3360 -0.3425 -0.3295 -0.2805 -0.1774 -0.0696 -0.0235 -0.0078 -0.0010 0.0040 0.0107 0.0170 0.0107 0.0040 -0.0010 -0.0078 -0.0234 -0.0696 -0.1774 -0.2805 -0.3295 -0.3425 -0.3360 -0.3187 -0.0722 0.1155 0.0540 0.0310 0.0156 0.0051 -0.0030 -0.0191 -0.0897 -0.2516 -0.3304 -0.3409 -0.3230 -0.0542 0.0954 0.0397 0.0190 0.0061 -0.0029 -0.0208 -0.1041 -0.2690 -0.3353 -0.3389 -0.3002 0.0154 0.0835 0.0345 0.0158 0.0043 -0.0052 -0.0290 -0.1388 -0.2910 -0.3394 -0.3359 -0.2310 0.0317
-0.0187 -0.3197 -0.3405 -0.3309 -0.2498 -0.0828 -0.0164 -0.0015 0.0075 0.0215 0.0441 0.0994 -0.1107 -0.3269 -0.3417 -0.3222 -0.2183 -0.0596 -0.0120 0.0004 0.0098 0.0252 0.0514 0.1014 -0.1655 -0.3314 -0.3417 -0.3119 -0.1906 -0.0481 -0.0101 0.0008 0.0095 0.0229 0.0422 0.0877 0.0285 -0.2804 -0.3320 -0.3423 -0.3339 -0.2904 -0.1890 -0.0733 -0.0234 -0.0073 -0.0005 0.0047 0.0117 0.0215 0.0301 0.0215 0.0117 0.0047 -0.0005 -0.0073 -0.0234 -0.0733 -0.1890 -0.2904 -0.3339 -0.3423 -0.3320 -0.2804 0.0285 0.0877 0.0422 0.0229 0.0095 0.0008 -0.0101 -0.0481 -0.1906 -0.3119 -0.3417 -0.3314 -0.1655 0.1014 0.0514 0.0252 0.0098 0.0004 -0.0120 -0.0596 -0.2183 -0.3222 -0.3417 -0.3269 -0.1107 0.0994 0.0441 0.0215 0.0075 -0.0015 -0.0164 -0.0828 -0.2498 -0.3309 -0.3405 -0.3197 -0.0187
-0.0670 -0.3283 -0.3418 -0.3138 -0.1926 -0.0467 -0.0094 0.0017 0.0117 0.0281 0.0585 0.0949 -0.2031 -0.3344 -0.3405 -0.2988 -0.1549 -0.0334 -0.0063 0.0035 0.0145 0.0325 0.0735 0.0437 -0.2663 -0.3377 -0.3375 -0.2808 -0.1235 -0.0259 -0.0047 0.0042 0.0149 0.0313 0.0580 0.1129 -0.1545 -0.3256 -0.3406 -0.3387 -0.3045 -0.2119 -0.0853 -0.0261 -0.0078 -0.0005 0.0050 0.0125 0.0222 0.0356 0.0473 0.0356 0.0223 0.0125 0.0050 -0.0005 -0.0078 -0.0261 -0.0853 -0.2119 -0.3045 -0.3387 -0.3406 -0.3256 -0.1545 0.1129 0.0580 0.0313 0.0149 0.0042 -0.0047 -0.0259 -0.1235 -0.2808 -0.3375 -0.3377 -0.2663 0.0437 0.0735 0.0325 0.0145 0.0035 -0.0063 -0.0334 -0.1549 -0.2988 -0.3405 -0.3344 -0.2031 0.0949 0.0585 0.0281 0.0117 0.0017 -0.0094 -0.0467 -0.1926 -0.3138 -0.3418 -0.3283 -0.0670
-0.0917 -0.3353 -0.3384 -0.2851 -0.1281 -0.0263 -0.0045 0.0048 0.0167 0.0360 0.0904 -0.0053 -0.3195 -0.3397 -0.3337 -0.2616 -0.0950 -0.0189 -0.0023 0.0067 0.0200 0.0414 0.0972 -0.0780 -0.3248 -0.3414 -0.3265 -0.2341 -0.0707 -0.0143 -0.0008 0.0079 0.0212 0.0414 0.0964 -0.0051 -0.3162 -0.3361 -0.3420 -0.3198 -0.2434 -0.1095 -0.0323 -0.0092 -0.0010 0.0047 0.0125 0.0228 0.0359 0.0544 0.0728 0.0545 0.0360 0.0228 0.0125 0.0047 -0.0010 -0.0092 -0.0323 -0.1095 -0.2434 -0.3198 -0.3420 -0.3361 -0.3162 -0.0051 0.0964 0.0414 0.0212 0.0079 -0.0008 -0.0143 -0.0707 -0.2341 -0.3265 -0.3414 -0.3248 -0.0780 0.0972 0.0414 0.0200 0.0067 -0.0023 -0.0189 -0.0950 -0.2616 -0.3337 -0.3397 -0.3195 -0.0053 0.0904 0.0360 0.0167 0.0048 -0.0045 -0.0263 -0.1281 -0.2851 -0.3384 -0.3353 -0.0917
-0.1106 -0.3399 -0.3284 -0.2402 -0.0746 -0.0148 -0.0009 0.0081 0.0225 0.0461 0.1007 -0.1322 -0.3284 -0.3418 -0.3187 -0.2072 -0.0535 -0.0108 0.0010 0.0106 0.0263 0.0541 0.1005 -0.1808 -0.3328 -0.3412 -0.3055 -0.1710 -0.0389 -0.0078 0.0025 0.0125 0.0286 0.0554 0.1080 -0.1719 -0.3282 -0.3418 -0.3326 -0.2767 -0.1481 -0.0441 -0.0121 -0.0022 0.0040 0.0117 0.0223 0.0359 0.0549 0.0960 0.0806 0.0962 0.0550 0.0360 0.0223 0.0117 0.0040 -0.0022 -0.0121 -0.0441 -0.1481 -0.2767 -0.3326 -0.3418 -0.3282 -0.1719 0.1080 0.0554 0.0286 0.0125 0.0025 -0.0078 -0.0389 -0.1710 -0.3055 -0.3412 -0.3328 -0.1808 0.1005 0.0541 0.0263 0.0106 0.0010 -0.0108 -0.0535 -0.2072 -0.3187 -0.3418 -0.3284 -0.1322 0.1007 0.0461 0.0225 0.0081 -0.0009 -0.0148 -0.0746 -0.2402 -0.3284 -0.3399 -0.1105
-0.1264 -0.3412 -0.3093 -0.1804 -0.0419 -0.0083 0.0024 0.0128 0.0298 0.0626 0.0785 -0.2209 -0.3356 -0.3398 -0.2932 -0.1430 -0.0300 -0.0054 0.0042 0.0157 0.0343 0.0803 0.0236 -0.2904 -0.3387 -0.3360 -0.2720 -0.1082 -0.0218 -0.0031 0.0059 0.0183 0.0377 0.0861 0.0144 -0.3000 -0.3370 -0.3409 -0.3084 -0.2043 -0.0684 -0.0177 -0.0038 0.0031 0.0107 0.0215 0.0356 0.0544 0.0960 0.0204 -0.1702 0.0198 0.0962 0.0545 0.0356 0.0215 0.0107 0.0031 -0.0038 -0.0177 -0.0684 -0.2043 -0.3084 -0.3409 -0.3370 -0.3000 0.0144 0.0861 0.0377 0.0183 0.0059 -0.0031 -0.0218 -0.1082 -0.2720 -0.3360 -0.3387 -0.2904 0.0236 0.0803 0.0343 0.0157 0.0042 -0.0054 -0.0300 -0.1430 -0.2932 -0.3398 -0.3356 -0.2209 0.0785 0.0626 0.0298 0.0128 0.0024 -0.0083 -0.0419 -0.1803 -0.3093 -0.3412 -0.1264
-0.1353 -0.3403 -0.2936 -0.1436 -0.0301 -0.0049 0.0048 0.0167 0.0359 0.0851 0.0126 -0.3027 -0.3387 -0.3365 -0.2734 -0.1089 -0.0217 -0.0024 0.0067 0.0200 0.0412 0.0943 -0.0667 -0.3224 -0.3409 -0.3305 -0.2468 -0.0797 -0.0158 -0.0004 0.0086 0.0231 0.0456 0.0964 -0.0954 -0.3224 -0.3405 -0.3371 -0.2869 -0.1547 -0.0423 -0.0102 0.0003 0.0071 0.0170 0.0302 0.0473 0.0729 0.0806 -0.1702 -0.3074 -0.1706 0.0805 0.0729 0.0473 0.0302 0.0170 0.0071 0.0003 -0.0102 -0.0423 -0.1547 -0.2869 -0.3371 -0.3405 -0.3224 -0.0954 0.0964 0.0456 0.0231 0.0086 -0.0004 -0.0158 -0.0797 -0.2468 -0.3305 -0.3409 -0.3224 -0.0667 0.0943 0.0412 0.0200 0.0067 -0.0024 -0.0217 -0.1089 -0.2734 -0.3365 -0.3387 -0.3027 0.0126 0.0851 0.0359 0.0167 0.0048 -0.0049 -0.0302 -0.1438 -0.2937 -0.3403 -0.1353
