0.4290 0.4209 0.4124 0.4081 0.4029 0.3964 0.3886 0.3791 0.3670 0.3513 0.3331 0.3156 0.3046 0.3008 0.3008 0.3036 0.3087 0.3160 0.3250 0.3357 0.3477 0.3605 0.3735 0.3859 0.3970 0.4059 0.4126 0.4172 0.4200 0.4216 0.4224 0.4224 0.4217 0.4200 0.4175 0.4142 0.4100 0.4050 0.3990 0.3917 0.3829 0.3719 0.3575 0.3400 0.3215 0.3078 0.3017 0.3005 0.3022 0.3070 0.3123 0.3070 0.3022 0.3005 0.3017 0.3078 0.3215 0.3400 0.3575 0.3719 0.3829 0.3917 0.3990 0.4050 0.4100 0.4142 0.4175 0.4200 0.4217 0.4224 0.4224 0.4216 0.4200 0.4172 0.4126 0.4059 0.3970 0.3859 0.3735 0.3605 0.3477 0.3357 0.3250 0.3160 0.3087 0.3036 0.3008 0.3008 0.3046 0.3156 0.3331 0.3513 0.3670 0.3791 0.3886 0.3964 0.4029 0.4081 0.4124 0.4209 0.4290
0.4209 0.3736 0.3579 0.3414 0.3230 0.3011 0.2732 0.2392 0.2038 0.1810 0.1747 0.1786 0.1904 0.2045 0.2205 0.2386 0.2588 0.2811 0.3050 0.3302 0.3554 0.3789 0.3982 0.4111 0.4179 0.4204 0.4204 0.4187 0.4158 0.4119 0.4068 0.4006 0.3930 0.3839 0.3731 0.3606 0.3462 0.3293 0.3091 0.2836 0.2516 0.2160 0.1873 0.1756 0.1761 0.1857 0.1990 0.2143 0.2320 0.2518 0.2632 0.2518 0.2320 0.2143 0.1990 0.1857 0.1761 0.1756 0.1873 0.2160 0.2516 0.2836 0.3091 0.3293 0.3462 0.3606 0.3731 0.3839 0.3930 0.4006 0.4068 0.4119 0.4158 0.4187 0.4204 0.4204 0.4179 0.4111 0.3982 0.3789 0.3554 0.3302 0.3050 0.2811 0.2588 0.2386 0.2205 0.2045 0.1904 0.1786 0.1747 0.1810 0.2038 0.2392 0.2732 0.3011 0.3230 0.3414 0.3579 0.3736 0.4209
0.4124 0.3579 0.3284 0.2971 0.2613 0.2188 0.1871 0.1766 0.1791 0.1905 0.2047 0.2209 0.2391 0.2594 0.2818 0.3059 0.3310 0.3563 0.3798 0.3989 0.4114 0.4178 0.4201 0.4197 0.4178 0.4147 0.4107 0.4057 0.3999 0.3929 0.3847 0.3749 0.3634 0.3497 0.3334 0.3140 0.2899 0.2590 0.2241 0.1932 0.1787 0.1777 0.1860 0.1993 0.2147 0.2321 0.2516 0.2732 0.2971 0.3222 0.3364 0.3222 0.2971 0.2732 0.2516 0.2321 0.2147 0.1993 0.1860 0.1777 0.1787 0.1932 0.2241 0.2590 0.2899 0.3140 0.3334 0.3497 0.3634 0.3749 0.3847 0.3929 0.3999 0.4057 0.4107 0.4147 0.4178 0.4197 0.4201 0.4178 0.4114 0.3989 0.3798 0.3563 0.3310 0.3059 0.2818 0.2594 0.2391 0.2209 0.2047 0.1905 0.1791 0.1766 0.1871 0.2188 0.2613 0.2971 0.3284 0.3579 0.4124
0.4081 0.3414 0.2971 0.2420 0.1869 0.1724 0.1824 0.1981 0.2153 0.2342 0.2549 0.2773 0.3014 0.3266 0.3521 0.3760 0.3961 0.4098 0.4171 0.4199 0.4199 0.4182 0.4153 0.4114 0.4066 0.4009 0.3942 0.3862 0.3767 0.3655 0.3522 0.3364 0.3176 0.2945 0.2646 0.2302 0.1975 0.1800 0.1772 0.1839 0.1969 0.2119 0.2290 0.2482 0.2694 0.2926 0.3173 0.3427 0.3679 0.3896 0.3991 0.3896 0.3679 0.3427 0.3173 0.2926 0.2694 0.2482 0.2290 0.2119 0.1969 0.1839 0.1772 0.1800 0.1975 0.2302 0.2646 0.2945 0.3176 0.3364 0.3522 0.3655 0.3767 0.3862 0.3942 0.4009 0.4066 0.4114 0.4153 0.4182 0.4199 0.4199 0.4171 0.4098 0.3961 0.3760 0.3521 0.3266 0.3014 0.2773 0.2549 0.2342 0.2153 0.1981 0.1824 0.1724 0.1869 0.2420 0.2971 0.3414 0.4081
0.4029 0.3230 0.2613 0.1869 0.1728 0.1925 0.2147 0.2389 0.2646 0.2914 0.3187 0.3458 0.3712 0.3927 0.4078 0.4162 0.4197 0.4200 0.4186 0.4159 0.4121 0.4075 0.4020 0.3954 0.3877 0.3785 0.3675 0.3546 0.3393 0.3210 0.2988 0.2701 0.2363 0.2022 0.1817 0.1770 0.1820 0.1946 0.2092 0.2259 0.2447 0.2656 0.2885 0.3130 0.3384 0.3634 0.3859 0.4032 0.4140 0.4188 0.4193 0.4188 0.4140 0.4032 0.3859 0.3634 0.3384 0.3130 0.2885 0.2656 0.2447 0.2259 0.2092 0.1946 0.1820 0.1770 0.1817 0.2022 0.2363 0.2701 0.2988 0.3210 0.3393 0.3546 0.3675 0.3785 0.3877 0.3954 0.4020 0.4075 0.4121 0.4159 0.4186 0.4200 0.4197 0.4162 0.4078 0.3927 0.3712 0.3458 0.3187 0.2914 0.2646 0.2389 0.2147 0.1925 0.1728 0.1869 0.2613 0.3230 0.4029
0.3964 0.3011 0.2188 0.1724 0.1925 0.2211 0.2531 0.2873 0.3219 0.3547 0.3828 0.4031 0.4144 0.4192 0.4201 0.4189 0.4164 0.4128 0.4084 0.4030 0.3966 0.3891 0.3802 0.3695 0.3570 0.3421 0.3244 0.3030 0.2755 0.2424 0.2074 0.1840 0.1771 0.1805 0.1922 0.2066 0.2229 0.2414 0.2619 0.2845 0.3087 0.3340 0.3592 0.3823 0.4007 0.4125 0.4183 0.4201 0.4196 0.4173 0.4148 0.4173 0.4196 0.4201 0.4183 0.4125 0.4007 0.3823 0.3592 0.3340 0.3087 0.2845 0.2619 0.2414 0.2229 0.2066 0.1922 0.1805 0.1771 0.1840 0.2074 0.2424 0.2755 0.3030 0.3244 0.3421 0.3570 0.3695 0.3802 0.3891 0.3966 0.4030 0.4084 0.4128 0.4164 0.4189 0.4201 0.4192 0.4144 0.4031 0.3828 0.3547 0.3219 0.2873 0.2531 0.2211 0.1925 0.1724 0.2188 0.3011 0.3964
0.3886 0.2732 0.1871 0.1824 0.2147 0.2531 0.2955 0.3385 0.3767 0.4034 0.4161 0.4199 0.4195 0.4172 0.4138 0.4094 0.4041 0.3978 0.3905 0.3818 0.3715 0.3593 0.3448 0.3276 0.3070 0.2807 0.2483 0.2130 0.1867 0.1774 0.1792 0.1900 0.2040 0.2200 0.2381 0.2583 0.2805 0.3045 0.3297 0.3550 0.3786 0.3980 0.4109 0.4176 0.4200 0.4198 0.4179 0.4149 0.4109 0.4057 0.4012 0.4057 0.4109 0.4149 0.4179 0.4198 0.4200 0.4176 0.4109 0.3980 0.3786 0.3550 0.3297 0.3045 0.2805 0.2583 0.2381 0.2200 0.2040 0.1900 0.1792 0.1774 0.1867 0.2130 0.2483 0.2807 0.3070 0.3276 0.3448 0.3593 0.3715 0.3818 0.3905 0.3978 0.4041 0.4094 0.4138 0.4172 0.4195 0.4199 0.4161 0.4034 0.3767 0.3385 0.2955 0.2531 0.2147 0.1824 0.1871 0.2732 0.3886
0.3791 0.2392 0.1766 0.1981 0.2389 0.2873 0.3385 0.3835 0.4106 0.4193 0.4195 0.4165 0.4120 0.4065 0.4000 0.3926 0.3839 0.3737 0.3617 0.3476 0.3308 0.3108 0.2857 0.2541 0.2189 0.1900 0.1780 0.1783 0.1878 0.2015 0.2171 0.2348 0.2547 0.2766 0.3003 0.3253 0.3507 0.3748 0.3951 0.4092 0.4168 0.4198 0.4199 0.4183 0.4155 0.4117 0.4069 0.4013 0.3946 0.3861 0.3789 0.3861 0.3946 0.4013 0.4069 0.4117 0.4155 0.4183 0.4199 0.4198 0.4168 0.4092 0.3951 0.3748 0.3507 0.3253 0.3003 0.2766 0.2547 0.2348 0.2171 0.2015 0.1878 0.1783 0.1780 0.1900 0.2189 0.2541 0.2857 0.3108 0.3308 0.3476 0.3617 0.3737 0.3839 0.3926 0.4000 0.4065 0.4120 0.4165 0.4195 0.4193 0.4106 0.3835 0.3385 0.2873 0.2389 0.1981 0.1766 0.2392 0.3791
0.3670 0.2038 0.1791 0.2153 0.2646 0.3219 0.3767 0.4106 0.4198 0.4185 0.4136 0.4070 0.3990 0.3898 0.3790 0.3666 0.3522 0.3354 0.3156 0.2915 0.2605 0.2253 0.1939 0.1789 0.1776 0.1857 0.1990 0.2143 0.2317 0.2511 0.2727 0.2961 0.3210 0.3464 0.3709 0.3920 0.4073 0.4159 0.4196 0.4201 0.4187 0.4160 0.4124 0.4078 0.4023 0.3958 0.3881 0.3790 0.3682 0.3545 0.3428 0.3545 0.3682 0.3790 0.3881 0.3958 0.4023 0.4078 0.4124 0.4160 0.4187 0.4201 0.4196 0.4159 0.4073 0.3920 0.3709 0.3464 0.3210 0.2961 0.2727 0.2511 0.2317 0.2143 0.1990 0.1857 0.1776 0.1789 0.1939 0.2253 0.2605 0.2915 0.3156 0.3354 0.3522 0.3666 0.3790 0.3898 0.3990 0.4070 0.4136 0.4185 0.4198 0.4106 0.3767 0.3219 0.2646 0.2153 0.1791 0.2038 0.3670
0.3513 0.1810 0.1905 0.2342 0.2914 0.3547 0.4034 0.4193 0.4185 0.4124 0.4040 0.3936 0.3809 0.3658 0.3480 0.3274 0.3032 0.2730 0.2362 0.2003 0.1803 0.1769 0.1834 0.1965 0.2115 0.2285 0.2477 0.2689 0.2920 0.3167 0.3421 0.3669 0.3888 0.4052 0.4149 0.4192 0.4201 0.4190 0.4166 0.4131 0.4086 0.4033 0.3970 0.3895 0.3807 0.3702 0.3577 0.3430 0.3254 0.3029 0.2829 0.3029 0.3254 0.3430 0.3577 0.3702 0.3807 0.3895 0.3970 0.4033 0.4086 0.4131 0.4166 0.4190 0.4201 0.4192 0.4149 0.4052 0.3888 0.3669 0.3421 0.3167 0.2920 0.2689 0.2477 0.2285 0.2115 0.1965 0.1834 0.1769 0.1803 0.2003 0.2362 0.2730 0.3032 0.3274 0.3480 0.3658 0.3809 0.3936 0.4040 0.4124 0.4185 0.4193 0.4034 0.3547 0.2914 0.2342 0.1905 0.1810 0.3513
0.3331 0.1747 0.2047 0.2549 0.3187 0.3828 0.4161 0.4195 0.4136 0.4040 0.3916 0.3758 0.3562 0.3324 0.3038 0.2682 0.2232 0.1871 0.1756 0.1796 0.1925 0.2076 0.2247 0.2438 0.2649 0.2878 0.3124 0.3378 0.3628 0.3854 0.4029 0.4136 0.4188 0.4202 0.4193 0.4171 0.4137 0.4095 0.4043 0.3981 0.3909 0.3823 0.3721 0.3600 0.3456 0.3286 0.3082 0.2823 0.2501 0.2145 0.1927 0.2145 0.2501 0.2823 0.3082 0.3286 0.3456 0.3600 0.3721 0.3823 0.3909 0.3981 0.4043 0.4095 0.4137 0.4171 0.4193 0.4202 0.4188 0.4136 0.4029 0.3854 0.3628 0.3378 0.3124 0.2878 0.2649 0.2438 0.2247 0.2076 0.1925 0.1796 0.1756 0.1871 0.2232 0.2682 0.3038 0.3324 0.3562 0.3758 0.3916 0.4040 0.4136 0.4195 0.4161 0.3828 0.3187 0.2549 0.2047 0.1747 0.3331
0.3156 0.1786 0.2209 0.2773 0.3458 0.4031 0.4199 0.4165 0.4070 0.3936 0.3758 0.3528 0.3236 0.2871 0.2373 0.1884 0.1731 0.1820 0.1980 0.2160 0.2360 0.2579 0.2816 0.3067 0.3326 0.3582 0.3816 0.4003 0.4123 0.4182 0.4201 0.4196 0.4175 0.4144 0.4103 0.4052 0.3993 0.3922 0.3839 0.3740 0.3622 0.3483 0.3317 0.3120 0.2873 0.2559 0.2208 0.1912 0.1783 0.1781 0.1816 0.1781 0.1783 0.1912 0.2208 0.2559 0.2873 0.3120 0.3317 0.3483 0.3622 0.3740 0.3839 0.3922 0.3993 0.4052 0.4103 0.4144 0.4175 0.4196 0.4201 0.4182 0.4123 0.4003 0.3816 0.3582 0.3326 0.3067 0.2816 0.2579 0.2360 0.2160 0.1980 0.1820 0.1731 0.1884 0.2373 0.2871 0.3236 0.3528 0.3758 0.3936 0.4070 0.4165 0.4199 0.4031 0.3458 0.2773 0.2209 0.1786 0.3156
0.3046 0.1904 0.2391 0.3014 0.3712 0.4144 0.4196 0.4120 0.3990 0.3809 0.3562 0.3236 0.2811 0.2203 0.1757 0.1765 0.1947 0.2159 0.2396 0.2655 0.2930 0.3214 0.3495 0.3753 0.3964 0.4103 0.4174 0.4200 0.4198 0.4180 0.4150 0.4110 0.4062 0.4003 0.3935 0.3854 0.3758 0.3643 0.3508 0.3348 0.3156 0.2920 0.2616 0.2269 0.1951 0.1792 0.1774 0.1850 0.1985 0.2136 0.2226 0.2136 0.1985 0.1850 0.1774 0.1792 0.1951 0.2269 0.2616 0.2920 0.3156 0.3348 0.3508 0.3643 0.3758 0.3854 0.3935 0.4003 0.4062 0.4110 0.4150 0.4180 0.4198 0.4200 0.4174 0.4103 0.3964 0.3753 0.3495 0.3214 0.2930 0.2655 0.2396 0.2159 0.1947 0.1765 0.1757 0.2203 0.2811 0.3236 0.3562 0.3809 0.3990 0.4120 0.4195 0.4144 0.3712 0.3014 0.2391 0.1904 0.3046
0.3008 0.2045 0.2594 0.3266 0.3927 0.4192 0.4172 0.4065 0.3898 0.3658 0.3324 0.2871 0.2203 0.1731 0.1811 0.2033 0.2296 0.2592 0.2914 0.3248 0.3570 0.3849 0.4048 0.4154 0.4196 0.4200 0.4184 0.4156 0.4118 0.4071 0.4014 0.3948 0.3869 0.3775 0.3664 0.3533 0.3377 0.3192 0.2965 0.2671 0.2330 0.1996 0.1807 0.1771 0.1830 0.1958 0.2107 0.2276 0.2469 0.2679 0.2801 0.2679 0.2469 0.2276 0.2107 0.1958 0.1830 0.1771 0.1807 0.1996 0.2330 0.2671 0.2965 0.3192 0.3377 0.3533 0.3664 0.3775 0.3869 0.3948 0.4014 0.4071 0.4118 0.4156 0.4184 0.4200 0.4196 0.4154 0.4048 0.3849 0.3570 0.3248 0.2914 0.2592 0.2296 0.2033 0.1811 0.1731 0.2203 0.2871 0.3324 0.3658 0.3898 0.4065 0.4172 0.4192 0.3927 0.3266 0.2594 0.2045 0.3008
0.3008 0.2205 0.2818 0.3521 0.4078 0.4201 0.4138 0.4000 0.3790 0.3480 0.3038 0.2373 0.1757 0.1811 0.2064 0.2368 0.2718 0.3099 0.3484 0.3824 0.4058 0.4169 0.4200 0.4194 0.4168 0.4130 0.4084 0.4028 0.3962 0.3885 0.3794 0.3685 0.3557 0.3406 0.3226 0.3007 0.2726 0.2391 0.2045 0.1827 0.1770 0.1813 0.1935 0.2080 0.2245 0.2432 0.2639 0.2867 0.3114 0.3366 0.3504 0.3366 0.3114 0.2867 0.2639 0.2432 0.2245 0.2080 0.1935 0.1813 0.1770 0.1827 0.2045 0.2391 0.2726 0.3007 0.3226 0.3406 0.3557 0.3685 0.3794 0.3885 0.3962 0.4028 0.4084 0.4130 0.4168 0.4194 0.4200 0.4169 0.4058 0.3824 0.3484 0.3099 0.2718 0.2368 0.2064 0.1811 0.1757 0.2373 0.3038 0.3480 0.3790 0.4000 0.4138 0.4201 0.4078 0.3521 0.2818 0.2205 0.3008
0.3036 0.2386 0.3059 0.3760 0.4162 0.4189 0.4094 0.3926 0.3666 0.3274 0.2682 0.1884 0.1765 0.2033 0.2368 0.2761 0.3193 0.3622 0.3964 0.4146 0.4199 0.4192 0.4160 0.4114 0.4057 0.3990 0.3911 0.3820 0.3713 0.3587 0.3437 0.3261 0.3049 0.2780 0.2452 0.2099 0.1852 0.1772 0.1799 0.1912 0.2054 0.2216 0.2399 0.2602 0.2827 0.3068 0.3320 0.3573 0.3810 0.3996 0.4069 0.3996 0.3810 0.3573 0.3320 0.3068 0.2827 0.2602 0.2399 0.2216 0.2054 0.1912 0.1799 0.1772 0.1852 0.2099 0.2452 0.2780 0.3049 0.3261 0.3437 0.3587 0.3713 0.3820 0.3911 0.3990 0.4057 0.4114 0.4160 0.4192 0.4199 0.4146 0.3965 0.3622 0.3193 0.2761 0.2368 0.2033 0.1765 0.1884 0.2682 0.3274 0.3666 0.3926 0.4094 0.4189 0.4162 0.3760 0.3059 0.2386 0.3036
0.3087 0.2588 0.3310 0.3961 0.4197 0.4164 0.4041 0.3839 0.3522 0.3032 0.2232 0.1731 0.1947 0.2295 0.2718 0.3193 0.3666 0.4022 0.4176 0.4200 0.4172 0.4121 0.4055 0.3976 0.3883 0.3773 0.3644 0.3493 0.3317 0.3108 0.2850 0.2523 0.2163 0.1883 0.1776 0.1788 0.1890 0.2028 0.2187 0.2366 0.2566 0.2787 0.3026 0.3277 0.3531 0.3769 0.3967 0.4102 0.4174 0.4198 0.4195 0.4198 0.4174 0.4102 0.3967 0.3769 0.3531 0.3277 0.3026 0.2787 0.2566 0.2366 0.2187 0.2028 0.1890 0.1788 0.1776 0.1883 0.2163 0.2523 0.2850 0.3108 0.3317 0.3493 0.3644 0.3773 0.3883 0.3976 0.4055 0.4121 0.4172 0.4200 0.4176 0.4022 0.3666 0.3193 0.2718 0.2296 0.1947 0.1731 0.2232 0.3032 0.3522 0.3839 0.4041 0.4164 0.4197 0.3961 0.3310 0.2588 0.3087
0.3160 0.2811 0.3563 0.4098 0.4200 0.4128 0.3978 0.3737 0.3354 0.2730 0.1871 0.1820 0.2159 0.2592 0.3099 0.3622 0.4022 0.4183 0.4196 0.4156 0.4090 0.4005 0.3902 0.3776 0.3625 0.3446 0.3235 0.2984 0.2663 0.2284 0.1942 0.1782 0.1775 0.1864 0.2001 0.2157 0.2333 0.2530 0.2748 0.2984 0.3234 0.3488 0.3730 0.3937 0.4084 0.4164 0.4197 0.4200 0.4185 0.4155 0.4126 0.4155 0.4185 0.4200 0.4197 0.4164 0.4084 0.3937 0.3730 0.3488 0.3234 0.2984 0.2748 0.2530 0.2333 0.2157 0.2001 0.1864 0.1775 0.1782 0.1942 0.2284 0.2663 0.2984 0.3235 0.3446 0.3625 0.3776 0.3902 0.4005 0.4090 0.4156 0.4196 0.4183 0.4022 0.3622 0.3099 0.2592 0.2159 0.1820 0.1871 0.2730 0.3354 0.3737 0.3978 0.4128 0.4200 0.4098 0.3563 0.2811 0.3160
0.3250 0.3050 0.3798 0.4171 0.4186 0.4084 0.3905 0.3617 0.3156 0.2362 0.1756 0.1980 0.2396 0.2914 0.3483 0.3965 0.4176 0.4196 0.4150 0.4073 0.3972 0.3845 0.3686 0.3489 0.3251 0.2963 0.2588 0.2145 0.1831 0.1756 0.1818 0.1956 0.2113 0.2290 0.2487 0.2704 0.2939 0.3189 0.3444 0.3691 0.3906 0.4063 0.4155 0.4194 0.4201 0.4188 0.4163 0.4127 0.4082 0.4024 0.3974 0.4024 0.4082 0.4127 0.4163 0.4188 0.4201 0.4194 0.4155 0.4063 0.3906 0.3691 0.3444 0.3189 0.2939 0.2704 0.2487 0.2290 0.2113 0.1956 0.1818 0.1756 0.1831 0.2145 0.2588 0.2963 0.3251 0.3489 0.3686 0.3845 0.3972 0.4073 0.4150 0.4196 0.4176 0.3965 0.3484 0.2914 0.2396 0.1980 0.1756 0.2362 0.3156 0.3617 0.3905 0.4084 0.4186 0.4171 0.3798 0.3050 0.3250
0.3357 0.3302 0.3989 0.4199 0.4159 0.4030 0.3818 0.3476 0.2915 0.2003 0.1796 0.2160 0.2654 0.3247 0.3824 0.4146 0.4200 0.4156 0.4073 0.3961 0.3815 0.3626 0.3387 0.3089 0.2707 0.2195 0.1813 0.1744 0.1854 0.2017 0.2201 0.2405 0.2630 0.2871 0.3128 0.3389 0.3643 0.3870 0.4041 0.4143 0.4190 0.4202 0.4192 0.4168 0.4134 0.4090 0.4038 0.3975 0.3902 0.3808 0.3728 0.3808 0.3902 0.3975 0.4038 0.4090 0.4134 0.4168 0.4192 0.4202 0.4190 0.4143 0.4041 0.3870 0.3643 0.3389 0.3128 0.2871 0.2630 0.2405 0.2201 0.2017 0.1854 0.1744 0.1813 0.2195 0.2707 0.3089 0.3387 0.3626 0.3815 0.3961 0.4073 0.4156 0.4200 0.4146 0.3824 0.3248 0.2655 0.2160 0.1796 0.2003 0.2915 0.3476 0.3818 0.4030 0.4159 0.4199 0.3989 0.3302 0.3357
0.3477 0.3554 0.4114 0.4199 0.4121 0.3966 0.3715 0.3308 0.2605 0.1803 0.1925 0.2360 0.2930 0.3569 0.4058 0.4199 0.4172 0.4090 0.3972 0.3815 0.3605 0.3332 0.2982 0.2501 0.1937 0.1720 0.1827 0.2010 0.2222 0.2458 0.2717 0.2993 0.3276 0.3556 0.3807 0.4003 0.4126 0.4184 0.4201 0.4194 0.4173 0.4140 0.4098 0.4047 0.3987 0.3915 0.3830 0.3730 0.3610 0.3459 0.3330 0.3459 0.3610 0.3730 0.3830 0.3915 0.3987 0.4047 0.4098 0.4140 0.4173 0.4194 0.4201 0.4184 0.4126 0.4003 0.3807 0.3556 0.3276 0.2993 0.2717 0.2458 0.2222 0.2010 0.1827 0.1720 0.1937 0.2501 0.2982 0.3332 0.3605 0.3815 0.3972 0.4090 0.4172 0.4199 0.4058 0.3570 0.2930 0.2360 0.1925 0.1803 0.2605 0.3308 0.3715 0.3966 0.4121 0.4199 0.4114 0.3554 0.3477
0.3605 0.3789 0.4178 0.4182 0.4075 0.3891 0.3593 0.3108 0.2253 0.1769 0.2076 0.2579 0.3213 0.3848 0.4169 0.4192 0.4121 0.4005 0.3845 0.3626 0.3332 0.2945 0.2384 0.1824 0.1734 0.1919 0.2145 0.2406 0.2698 0.3013 0.3336 0.3644 0.3904 0.4079 0.4168 0.4199 0.4198 0.4179 0.4148 0.4107 0.4057 0.3998 0.3928 0.3846 0.3748 0.3632 0.3494 0.3332 0.3136 0.2880 0.2650 0.2880 0.3136 0.3332 0.3494 0.3632 0.3748 0.3846 0.3928 0.3998 0.4057 0.4107 0.4148 0.4179 0.4198 0.4199 0.4168 0.4079 0.3904 0.3644 0.3336 0.3013 0.2698 0.2406 0.2145 0.1919 0.1734 0.1824 0.2384 0.2945 0.3332 0.3626 0.3845 0.4005 0.4121 0.4192 0.4169 0.3849 0.3214 0.2579 0.2076 0.1769 0.2253 0.3108 0.3593 0.3891 0.4075 0.4182 0.4178 0.3789 0.3605
0.3735 0.3982 0.4201 0.4153 0.4020 0.3802 0.3448 0.2857 0.1939 0.1834 0.2247 0.2815 0.3494 0.4047 0.4200 0.4160 0.4055 0.3902 0.3686 0.3387 0.2982 0.2384 0.1795 0.1762 0.1978 0.2242 0.2549 0.2894 0.3259 0.3615 0.3913 0.4101 0.4183 0.4201 0.4189 0.4160 0.4120 0.4071 0.4012 0.3944 0.3863 0.3767 0.3654 0.3520 0.3362 0.3173 0.2941 0.2642 0.2297 0.1969 0.1817 0.1969 0.2297 0.2642 0.2941 0.3173 0.3362 0.3520 0.3654 0.3767 0.3863 0.3944 0.4012 0.4071 0.4120 0.4160 0.4189 0.4201 0.4183 0.4101 0.3913 0.3615 0.3259 0.2894 0.2549 0.2242 0.1978 0.1762 0.1795 0.2384 0.2982 0.3387 0.3686 0.3902 0.4055 0.4160 0.4200 0.4048 0.3495 0.2816 0.2247 0.1834 0.1939 0.2857 0.3448 0.3802 0.4020 0.4153 0.4201 0.3982 0.3735
0.3859 0.4111 0.4197 0.4114 0.3954 0.3695 0.3276 0.2541 0.1789 0.1964 0.2437 0.3066 0.3753 0.4154 0.4194 0.4114 0.3976 0.3776 0.3489 0.3089 0.2501 0.1824 0.1762 0.1999 0.2293 0.2639 0.3029 0.3435 0.3806 0.4064 0.4177 0.4201 0.4185 0.4149 0.4100 0.4042 0.3972 0.3891 0.3795 0.3683 0.3551 0.3395 0.3211 0.2987 0.2698 0.2359 0.2018 0.1816 0.1771 0.1823 0.1887 0.1823 0.1771 0.1816 0.2018 0.2359 0.2698 0.2987 0.3211 0.3395 0.3551 0.3683 0.3795 0.3891 0.3972 0.4042 0.4100 0.4149 0.4185 0.4201 0.4177 0.4064 0.3806 0.3435 0.3029 0.2639 0.2293 0.1999 0.1762 0.1824 0.2501 0.3089 0.3489 0.3776 0.3976 0.4114 0.4194 0.4154 0.3753 0.3067 0.2438 0.1965 0.1789 0.2541 0.3276 0.3695 0.3954 0.4114 0.4197 0.4111 0.3859
0.3970 0.4179 0.4178 0.4066 0.3877 0.3570 0.3070 0.2189 0.1776 0.2115 0.2648 0.3325 0.3963 0.4196 0.4168 0.4057 0.3883 0.3625 0.3251 0.2707 0.1937 0.1734 0.1978 0.2293 0.2670 0.3097 0.3539 0.3917 0.4133 0.4198 0.4191 0.4154 0.4100 0.4032 0.3951 0.3855 0.3742 0.3609 0.3452 0.3268 0.3049 0.2772 0.2434 0.2077 0.1839 0.1770 0.1806 0.1924 0.2071 0.2233 0.2331 0.2233 0.2071 0.1924 0.1806 0.1770 0.1839 0.2077 0.2434 0.2772 0.3049 0.3268 0.3452 0.3609 0.3742 0.3855 0.3951 0.4032 0.4100 0.4154 0.4191 0.4198 0.4133 0.3917 0.3539 0.3097 0.2670 0.2293 0.1978 0.1734 0.1937 0.2707 0.3251 0.3625 0.3883 0.4057 0.4168 0.4196 0.3964 0.3326 0.2649 0.2115 0.1776 0.2189 0.3070 0.3570 0.3877 0.4066 0.4178 0.4179 0.3970
0.4059 0.4204 0.4147 0.4009 0.3785 0.3421 0.2807 0.1900 0.1857 0.2285 0.2878 0.3582 0.4103 0.4200 0.4131 0.3990 0.3773 0.3446 0.2963 0.2195 0.1720 0.1919 0.2242 0.2639 0.3097 0.3572 0.3965 0.4160 0.4201 0.4176 0.4124 0.4053 0.3965 0.3858 0.3729 0.3574 0.3390 0.3173 0.2910 0.2570 0.2185 0.1883 0.1771 0.1789 0.1898 0.2039 0.2201 0.2383 0.2589 0.2811 0.2939 0.2811 0.2589 0.2383 0.2201 0.2039 0.1898 0.1789 0.1771 0.1883 0.2185 0.2570 0.2910 0.3173 0.3390 0.3574 0.3729 0.3858 0.3965 0.4053 0.4124 0.4176 0.4201 0.4160 0.3965 0.3572 0.3097 0.2639 0.2242 0.1919 0.1720 0.2195 0.2963 0.3446 0.3773 0.3990 0.4130 0.4200 0.4103 0.3582 0.2878 0.2285 0.1857 0.1900 0.2807 0.3421 0.3785 0.4009 0.4147 0.4204 0.4059
0.4126 0.4204 0.4107 0.3942 0.3675 0.3244 0.2483 0.1780 0.1990 0.2477 0.3124 0.3816 0.4174 0.4185 0.4084 0.3912 0.3644 0.3235 0.2589 0.1813 0.1827 0.2145 0.2549 0.3029 0.3539 0.3965 0.4167 0.4200 0.4165 0.4101 0.4015 0.3907 0.3772 0.3605 0.3402 0.3156 0.2854 0.2456 0.2033 0.1791 0.1763 0.1852 0.1994 0.2156 0.2339 0.2542 0.2764 0.3004 0.3260 0.3513 0.3646 0.3513 0.3260 0.3004 0.2764 0.2542 0.2339 0.2156 0.1994 0.1852 0.1763 0.1791 0.2033 0.2456 0.2854 0.3156 0.3402 0.3605 0.3772 0.3907 0.4015 0.4101 0.4165 0.4200 0.4167 0.3965 0.3539 0.3029 0.2549 0.2145 0.1827 0.1813 0.2588 0.3235 0.3644 0.3911 0.4084 0.4184 0.4174 0.3816 0.3124 0.2477 0.1990 0.1780 0.2483 0.3244 0.3675 0.3942 0.4107 0.4204 0.4126
0.4172 0.4187 0.4057 0.3862 0.3546 0.3030 0.2130 0.1783 0.2143 0.2689 0.3378 0.4003 0.4200 0.4156 0.4028 0.3820 0.3493 0.2985 0.2146 0.1744 0.2010 0.2406 0.2894 0.3435 0.3917 0.4160 0.4200 0.4161 0.4089 0.3991 0.3865 0.3704 0.3499 0.3244 0.2928 0.2502 0.2016 0.1760 0.1767 0.1901 0.2067 0.2255 0.2463 0.2691 0.2937 0.3195 0.3457 0.3706 0.3924 0.4074 0.4125 0.4074 0.3924 0.3706 0.3457 0.3195 0.2937 0.2691 0.2463 0.2255 0.2067 0.1901 0.1767 0.1760 0.2016 0.2502 0.2928 0.3244 0.3499 0.3704 0.3865 0.3991 0.4089 0.4161 0.4200 0.4160 0.3917 0.3435 0.2894 0.2406 0.2010 0.1744 0.2145 0.2984 0.3493 0.3820 0.4028 0.4156 0.4200 0.4003 0.3378 0.2689 0.2143 0.1783 0.2130 0.3030 0.3546 0.3862 0.4057 0.4187 0.4172
0.4200 0.4158 0.3999 0.3767 0.3393 0.2755 0.1867 0.1878 0.2317 0.2920 0.3628 0.4123 0.4198 0.4118 0.3962 0.3713 0.3317 0.2664 0.1832 0.1854 0.2222 0.2698 0.3259 0.3806 0.4133 0.4201 0.4165 0.4089 0.3983 0.3843 0.3659 0.3422 0.3120 0.2727 0.2181 0.1785 0.1748 0.1898 0.2086 0.2300 0.2538 0.2798 0.3072 0.3353 0.3626 0.3866 0.4042 0.4146 0.4192 0.4200 0.4190 0.4200 0.4192 0.4146 0.4042 0.3866 0.3626 0.3353 0.3072 0.2798 0.2538 0.2300 0.2086 0.1898 0.1748 0.1785 0.2181 0.2728 0.3120 0.3422 0.3659 0.3843 0.3983 0.4089 0.4165 0.4201 0.4133 0.3806 0.3259 0.2698 0.2222 0.1854 0.1831 0.2663 0.3317 0.3713 0.3962 0.4118 0.4198 0.4123 0.3628 0.2920 0.2317 0.1878 0.1867 0.2755 0.3393 0.3767 0.3999 0.4158 0.4200
0.4216 0.4119 0.3929 0.3655 0.3210 0.2424 0.1774 0.2015 0.2511 0.3167 0.3854 0.4182 0.4180 0.4071 0.3885 0.3587 0.3108 0.2285 0.1756 0.2017 0.2458 0.3013 0.3615 0.4064 0.4198 0.4176 0.4101 0.3991 0.3843 0.3644 0.3381 0.3040 0.2573 0.1974 0.1717 0.1830 0.2029 0.2262 0.2527 0.2818 0.3128 0.3440 0.3731 0.3965 0.4112 0.4181 0.4201 0.4194 0.4172 0.4135 0.4102 0.4135 0.4172 0.4194 0.4201 0.4181 0.4112 0.3965 0.3731 0.3440 0.3128 0.2818 0.2527 0.2262 0.2029 0.1830 0.1717 0.1974 0.2573 0.3040 0.3381 0.3644 0.3843 0.3991 0.4101 0.4176 0.4198 0.4064 0.3615 0.3013 0.2458 0.2017 0.1756 0.2284 0.3108 0.3587 0.3885 0.4071 0.4180 0.4182 0.3854 0.3167 0.2511 0.2015 0.1774 0.2424 0.3210 0.3655 0.3929 0.4119 0.4216
0.4224 0.4068 0.3847 0.3522 0.2988 0.2074 0.1792 0.2171 0.2727 0.3421 0.4029 0.4201 0.4150 0.4014 0.3794 0.3437 0.2850 0.1942 0.1818 0.2201 0.2717 0.3336 0.3913 0.4177 0.4191 0.4124 0.4015 0.3865 0.3659 0.3381 0.3013 0.2487 0.1874 0.1720 0.1903 0.2136 0.2412 0.2726 0.3068 0.3419 0.3745 0.3997 0.4139 0.4193 0.4200 0.4182 0.4150 0.4108 0.4056 0.3991 0.3936 0.3991 0.4056 0.4108 0.4150 0.4182 0.4200 0.4193 0.4139 0.3997 0.3745 0.3419 0.3068 0.2726 0.2412 0.2136 0.1903 0.1720 0.1874 0.2487 0.3013 0.3381 0.3659 0.3865 0.4015 0.4124 0.4191 0.4177 0.3913 0.3336 0.2717 0.2201 0.1818 0.1942 0.2850 0.3437 0.3794 0.4014 0.4150 0.4201 0.4029 0.3421 0.2727 0.2171 0.1792 0.2074 0.2988 0.3522 0.3847 0.4068 0.4224
0.4224 0.4006 0.3749 0.3364 0.2701 0.1840 0.1900 0.2348 0.2961 0.3669 0.4136 0.4196 0.4110 0.3948 0.3685 0.3261 0.2523 0.1782 0.1956 0.2405 0.2993 0.3644 0.4101 0.4201 0.4154 0.4053 0.3907 0.3704 0.3422 0.3040 0.2487 0.1846 0.1736 0.1949 0.2212 0.2526 0.2883 0.3268 0.3645 0.3953 0.4130 0.4194 0.4198 0.4174 0.4134 0.4084 0.4023 0.3951 0.3867 0.3760 0.3670 0.3760 0.3867 0.3951 0.4023 0.4084 0.4134 0.4174 0.4198 0.4194 0.4130 0.3953 0.3645 0.3268 0.2883 0.2526 0.2212 0.1949 0.1736 0.1846 0.2487 0.3040 0.3422 0.3704 0.3907 0.4053 0.4154 0.4201 0.4101 0.3644 0.2993 0.2405 0.1956 0.1782 0.2523 0.3261 0.3685 0.3948 0.4110 0.4196 0.4136 0.3669 0.2961 0.2348 0.1900 0.1840 0.2701 0.3364 0.3749 0.4006 0.4224
0.4217 0.3930 0.3634 0.3176 0.2363 0.1771 0.2040 0.2547 0.3210 0.3888 0.4188 0.4175 0.4062 0.3869 0.3557 0.3049 0.2163 0.1775 0.2113 0.2630 0.3276 0.3904 0.4183 0.4185 0.4100 0.3965 0.3772 0.3499 0.3120 0.2573 0.1874 0.1736 0.1965 0.2252 0.2597 0.2990 0.3409 0.3799 0.4068 0.4182 0.4200 0.4177 0.4133 0.4075 0.4005 0.3921 0.3822 0.3705 0.3567 0.3394 0.3247 0.3394 0.3567 0.3705 0.3822 0.3921 0.4005 0.4075 0.4133 0.4177 0.4200 0.4182 0.4068 0.3799 0.3409 0.2990 0.2597 0.2252 0.1965 0.1736 0.1874 0.2573 0.3120 0.3499 0.3772 0.3965 0.4100 0.4185 0.4183 0.3904 0.3276 0.2630 0.2113 0.1775 0.2163 0.3049 0.3557 0.3869 0.4062 0.4175 0.4188 0.3888 0.3210 0.2547 0.2040 0.1771 0.2363 0.3176 0.3634 0.3930 0.4217
0.4200 0.3839 0.3497 0.2945 0.2022 0.1805 0.2200 0.2766 0.3464 0.4052 0.4202 0.4144 0.4003 0.3775 0.3406 0.2780 0.1883 0.1864 0.2290 0.2872 0.3555 0.4079 0.4201 0.4149 0.4032 0.3858 0.3605 0.3244 0.2728 0.1974 0.1720 0.1949 0.2252 0.2621 0.3044 0.3492 0.3889 0.4125 0.4198 0.4191 0.4150 0.4090 0.4013 0.3921 0.3809 0.3674 0.3514 0.3324 0.3098 0.2802 0.2539 0.2802 0.3098 0.3324 0.3514 0.3674 0.3809 0.3921 0.4013 0.4090 0.4150 0.4191 0.4198 0.4125 0.3889 0.3492 0.3044 0.2621 0.2252 0.1949 0.1720 0.1974 0.2728 0.3244 0.3605 0.3858 0.4032 0.4149 0.4201 0.4079 0.3556 0.2871 0.2290 0.1864 0.1883 0.2780 0.3406 0.3775 0.4003 0.4144 0.4202 0.4052 0.3464 0.2766 0.2200 0.1805 0.2022 0.2945 0.3497 0.3839 0.4200
0.4175 0.3731 0.3334 0.2646 0.1817 0.1922 0.2381 0.3003 0.3709 0.4149 0.4193 0.4103 0.3935 0.3664 0.3226 0.2452 0.1776 0.2001 0.2487 0.3127 0.3807 0.4168 0.4189 0.4100 0.3951 0.3729 0.3402 0.2928 0.2181 0.1717 0.1903 0.2212 0.2597 0.3044 0.3520 0.3930 0.4149 0.4201 0.4179 0.4125 0.4051 0.3957 0.3840 0.3695 0.3518 0.3305 0.3047 0.2719 0.2307 0.1930 0.1776 0.1930 0.2307 0.2719 0.3047 0.3305 0.3518 0.3695 0.3840 0.3957 0.4051 0.4125 0.4179 0.4201 0.4149 0.3930 0.3520 0.3044 0.2597 0.2212 0.1903 0.1717 0.2181 0.2928 0.3402 0.3729 0.3951 0.4100 0.4189 0.4168 0.3807 0.3128 0.2487 0.2001 0.1776 0.2452 0.3226 0.3664 0.3935 0.4103 0.4193 0.4149 0.3709 0.3003 0.2381 0.1922 0.1817 0.2646 0.3334 0.3731 0.4175
0.4142 0.3606 0.3140 0.2302 0.1770 0.2066 0.2583 0.3253 0.3920 0.4192 0.4171 0.4052 0.3854 0.3533 0.3007 0.2099 0.1788 0.2157 0.2704 0.3388 0.4003 0.4199 0.4160 0.4041 0.3855 0.3574 0.3156 0.2502 0.1785 0.1830 0.2136 0.2526 0.2990 0.3492 0.3930 0.4156 0.4201 0.4170 0.4107 0.4020 0.3909 0.3768 0.3590 0.3368 0.3095 0.2746 0.2282 0.1877 0.1747 0.1808 0.1884 0.1808 0.1747 0.1877 0.2282 0.2746 0.3094 0.3368 0.3589 0.3768 0.3910 0.4021 0.4107 0.4170 0.4201 0.4156 0.3930 0.3492 0.2990 0.2526 0.2136 0.1830 0.1785 0.2502 0.3156 0.3574 0.3855 0.4042 0.4160 0.4199 0.4003 0.3389 0.2704 0.2157 0.1788 0.2099 0.3007 0.3533 0.3854 0.4052 0.4171 0.4192 0.3920 0.3253 0.2583 0.2066 0.1770 0.2302 0.3140 0.3606 0.4142
0.4100 0.3462 0.2899 0.1975 0.1820 0.2229 0.2805 0.3507 0.4073 0.4201 0.4137 0.3993 0.3758 0.3377 0.2726 0.1852 0.1890 0.2333 0.2939 0.3643 0.4126 0.4198 0.4120 0.3972 0.3742 0.3391 0.2854 0.2016 0.1748 0.2029 0.2412 0.2883 0.3409 0.3889 0.4149 0.4201 0.4167 0.4097 0.4001 0.3876 0.3712 0.3502 0.3237 0.2900 0.2433 0.1931 0.1732 0.1807 0.1977 0.2168 0.2283 0.2168 0.1977 0.1807 0.1732 0.1931 0.2432 0.2898 0.3236 0.3502 0.3712 0.3876 0.4001 0.4098 0.4167 0.4201 0.4149 0.3889 0.3409 0.2883 0.2412 0.2029 0.1748 0.2016 0.2854 0.3390 0.3742 0.3972 0.4120 0.4198 0.4126 0.3643 0.2939 0.2333 0.1890 0.1852 0.2726 0.3377 0.3758 0.3993 0.4137 0.4201 0.4073 0.3507 0.2805 0.2229 0.1820 0.1975 0.2899 0.3462 0.4100
0.4050 0.3293 0.2590 0.1800 0.1946 0.2414 0.3045 0.3748 0.4159 0.4190 0.4095 0.3922 0.3643 0.3192 0.2391 0.1772 0.2028 0.2530 0.3189 0.3869 0.4184 0.4179 0.4071 0.3891 0.3610 0.3174 0.2456 0.1760 0.1898 0.2262 0.2726 0.3268 0.3799 0.4125 0.4201 0.4170 0.4097 0.3995 0.3858 0.3677 0.3440 0.3135 0.2733 0.2164 0.1765 0.1759 0.1933 0.2141 0.2385 0.2652 0.2809 0.2653 0.2385 0.2141 0.1933 0.1759 0.1765 0.2162 0.2732 0.3134 0.3440 0.3677 0.3858 0.3995 0.4098 0.4170 0.4201 0.4125 0.3799 0.3268 0.2726 0.2262 0.1898 0.1760 0.2456 0.3173 0.3609 0.3891 0.4071 0.4179 0.4184 0.3870 0.3189 0.2530 0.2028 0.1772 0.2391 0.3192 0.3643 0.3922 0.4095 0.4190 0.4159 0.3748 0.3045 0.2414 0.1946 0.1800 0.2590 0.3293 0.4050
0.3990 0.3091 0.2241 0.1772 0.2092 0.2619 0.3297 0.3951 0.4196 0.4166 0.4043 0.3839 0.3508 0.2965 0.2045 0.1799 0.2187 0.2748 0.3444 0.4040 0.4201 0.4148 0.4013 0.3796 0.3453 0.2911 0.2033 0.1767 0.2086 0.2527 0.3068 0.3645 0.4068 0.4198 0.4179 0.4107 0.4001 0.3858 0.3665 0.3408 0.3071 0.2609 0.1993 0.1715 0.1835 0.2045 0.2294 0.2580 0.2904 0.3240 0.3424 0.3241 0.2905 0.2580 0.2294 0.2045 0.1836 0.1715 0.1992 0.2609 0.3071 0.3408 0.3665 0.3858 0.4001 0.4107 0.4179 0.4198 0.4068 0.3645 0.3068 0.2527 0.2086 0.1767 0.2033 0.2910 0.3452 0.3795 0.4012 0.4148 0.4201 0.4041 0.3444 0.2748 0.2187 0.1799 0.2045 0.2965 0.3508 0.3839 0.4043 0.4166 0.4196 0.3951 0.3297 0.2619 0.2092 0.1772 0.2241 0.3091 0.3990
0.3917 0.2836 0.1932 0.1839 0.2259 0.2845 0.3550 0.4092 0.4201 0.4131 0.3981 0.3740 0.3348 0.2671 0.1827 0.1912 0.2366 0.2984 0.3691 0.4143 0.4195 0.4107 0.3944 0.3684 0.3270 0.2571 0.1791 0.1901 0.2300 0.2818 0.3419 0.3953 0.4182 0.4191 0.4125 0.4020 0.3876 0.3677 0.3408 0.3049 0.2542 0.1907 0.1714 0.1895 0.2135 0.2421 0.2749 0.3111 0.3489 0.3823 0.3966 0.3824 0.3490 0.3112 0.2750 0.2421 0.2135 0.1896 0.1714 0.1907 0.2542 0.3049 0.3408 0.3677 0.3876 0.4021 0.4125 0.4191 0.4182 0.3953 0.3419 0.2818 0.2300 0.1901 0.1791 0.2570 0.3268 0.3683 0.3944 0.4107 0.4194 0.4143 0.3691 0.2984 0.2366 0.1912 0.1827 0.2671 0.3348 0.3740 0.3981 0.4131 0.4201 0.4092 0.3550 0.2845 0.2259 0.1839 0.1932 0.2836 0.3917
0.3829 0.2516 0.1787 0.1969 0.2447 0.3087 0.3786 0.4168 0.4187 0.4086 0.3909 0.3622 0.3156 0.2330 0.1770 0.2054 0.2566 0.3234 0.3906 0.4190 0.4173 0.4057 0.3863 0.3551 0.3051 0.2187 0.1763 0.2067 0.2538 0.3128 0.3745 0.4130 0.4200 0.4150 0.4051 0.3910 0.3712 0.3440 0.3071 0.2542 0.1881 0.1724 0.1933 0.2197 0.2515 0.2881 0.3278 0.3669 0.3986 0.4150 0.4180 0.4150 0.3987 0.3670 0.3280 0.2882 0.2516 0.2198 0.1933 0.1724 0.1881 0.2542 0.3071 0.3440 0.3712 0.3910 0.4051 0.4150 0.4200 0.4130 0.3745 0.3128 0.2538 0.2067 0.1763 0.2185 0.3049 0.3551 0.3863 0.4057 0.4173 0.4190 0.3906 0.3234 0.2566 0.2054 0.1770 0.2330 0.3156 0.3622 0.3909 0.4086 0.4187 0.4168 0.3786 0.3087 0.2447 0.1969 0.1787 0.2516 0.3829
0.3719 0.2160 0.1777 0.2119 0.2656 0.3340 0.3980 0.4198 0.4160 0.4033 0.3823 0.3483 0.2920 0.1996 0.1813 0.2216 0.2787 0.3488 0.4063 0.4202 0.4140 0.3998 0.3767 0.3396 0.2773 0.1883 0.1852 0.2255 0.2798 0.3440 0.3997 0.4194 0.4177 0.4090 0.3957 0.3768 0.3502 0.3134 0.2609 0.1907 0.1724 0.1946 0.2230 0.2573 0.2970 0.3397 0.3797 0.4074 0.4187 0.4197 0.4174 0.4197 0.4187 0.4074 0.3798 0.3398 0.2971 0.2574 0.2230 0.1946 0.1724 0.1907 0.2609 0.3134 0.3502 0.3768 0.3957 0.4090 0.4177 0.4194 0.3997 0.3440 0.2798 0.2255 0.1852 0.1883 0.2772 0.3395 0.3767 0.3998 0.4140 0.4202 0.4063 0.3488 0.2787 0.2216 0.1813 0.1996 0.2920 0.3483 0.3823 0.4033 0.4160 0.4198 0.3980 0.3340 0.2656 0.2119 0.1777 0.2160 0.3719
0.3575 0.1873 0.1860 0.2290 0.2885 0.3592 0.4109 0.4199 0.4124 0.3970 0.3721 0.3317 0.2616 0.1807 0.1935 0.2399 0.3026 0.3730 0.4155 0.4192 0.4098 0.3928 0.3654 0.3211 0.2434 0.1771 0.1994 0.2463 0.3072 0.3731 0.4139 0.4198 0.4133 0.4013 0.3840 0.3589 0.3236 0.2732 0.1992 0.1714 0.1933 0.2230 0.2593 0.3015 0.3467 0.3874 0.4121 0.4198 0.4190 0.4142 0.4091 0.4142 0.4190 0.4198 0.4121 0.3874 0.3468 0.3016 0.2594 0.2230 0.1933 0.1714 0.1992 0.2732 0.3236 0.3589 0.3840 0.4013 0.4133 0.4198 0.4139 0.3731 0.3072 0.2463 0.1994 0.1771 0.2434 0.3211 0.3654 0.3928 0.4098 0.4192 0.4155 0.3730 0.3026 0.2399 0.1935 0.1807 0.2616 0.3317 0.3721 0.3970 0.4124 0.4199 0.4109 0.3592 0.2885 0.2290 0.1860 0.1873 0.3575
0.3400 0.1756 0.1993 0.2482 0.3130 0.3823 0.4176 0.4183 0.4078 0.3895 0.3600 0.3120 0.2269 0.1771 0.2080 0.2602 0.3277 0.3937 0.4194 0.4168 0.4047 0.3846 0.3520 0.2987 0.2077 0.1789 0.2156 0.2691 0.3353 0.3965 0.4193 0.4174 0.4075 0.3921 0.3695 0.3368 0.2898 0.2162 0.1715 0.1896 0.2198 0.2574 0.3016 0.3490 0.3909 0.4143 0.4201 0.4180 0.4125 0.4041 0.3964 0.4041 0.4125 0.4180 0.4201 0.4143 0.3909 0.3491 0.3016 0.2574 0.2198 0.1896 0.1715 0.2162 0.2898 0.3368 0.3695 0.3921 0.4075 0.4174 0.4193 0.3965 0.3353 0.2691 0.2156 0.1789 0.2077 0.2987 0.3520 0.3846 0.4047 0.4168 0.4194 0.3937 0.3277 0.2602 0.2080 0.1771 0.2269 0.3120 0.3600 0.3895 0.4078 0.4183 0.4176 0.3823 0.3130 0.2482 0.1993 0.1756 0.3400
0.3215 0.1761 0.2147 0.2694 0.3384 0.4007 0.4200 0.4155 0.4023 0.3807 0.3456 0.2873 0.1951 0.1830 0.2245 0.2827 0.3531 0.4084 0.4201 0.4134 0.3987 0.3748 0.3362 0.2698 0.1839 0.1898 0.2339 0.2937 0.3626 0.4112 0.4200 0.4134 0.4005 0.3809 0.3518 0.3094 0.2432 0.1765 0.1836 0.2135 0.2516 0.2971 0.3468 0.3909 0.4149 0.4201 0.4173 0.4110 0.4022 0.3899 0.3785 0.3898 0.4022 0.4110 0.4173 0.4201 0.4149 0.3909 0.3468 0.2971 0.2516 0.2135 0.1836 0.1765 0.2432 0.3094 0.3518 0.3809 0.4005 0.4134 0.4200 0.4112 0.3626 0.2937 0.2339 0.1898 0.1839 0.2698 0.3362 0.3748 0.3987 0.4134 0.4201 0.4084 0.3531 0.2827 0.2245 0.1830 0.1951 0.2873 0.3456 0.3807 0.4023 0.4155 0.4200 0.4007 0.3384 0.2694 0.2147 0.1761 0.3215
0.3078 0.1857 0.2321 0.2926 0.3634 0.4125 0.4198 0.4117 0.3958 0.3702 0.3286 0.2559 0.1792 0.1958 0.2432 0.3068 0.3769 0.4164 0.4188 0.4090 0.3915 0.3632 0.3173 0.2359 0.1770 0.2039 0.2542 0.3195 0.3866 0.4181 0.4182 0.4084 0.3921 0.3674 0.3305 0.2746 0.1931 0.1759 0.2045 0.2421 0.2882 0.3398 0.3874 0.4143 0.4201 0.4170 0.4102 0.4006 0.3881 0.3700 0.3534 0.3700 0.3880 0.4006 0.4102 0.4170 0.4201 0.4143 0.3874 0.3398 0.2882 0.2421 0.2045 0.1759 0.1931 0.2746 0.3305 0.3674 0.3921 0.4084 0.4182 0.4181 0.3866 0.3195 0.2542 0.2039 0.1770 0.2359 0.3173 0.3632 0.3915 0.4090 0.4188 0.4164 0.3769 0.3068 0.2432 0.1958 0.1792 0.2559 0.3286 0.3702 0.3958 0.4117 0.4198 0.4125 0.3634 0.2926 0.2321 0.1857 0.3078
0.3017 0.1990 0.2516 0.3173 0.3859 0.4183 0.4179 0.4069 0.3881 0.3577 0.3082 0.2208 0.1774 0.2107 0.2639 0.3320 0.3967 0.4197 0.4163 0.4038 0.3830 0.3494 0.2941 0.2018 0.1806 0.2201 0.2764 0.3457 0.4042 0.4201 0.4150 0.4023 0.3822 0.3514 0.3047 0.2282 0.1732 0.1933 0.2294 0.2750 0.3280 0.3798 0.4121 0.4201 0.4173 0.4102 0.4001 0.3866 0.3686 0.3427 0.3189 0.3426 0.3686 0.3866 0.4001 0.4102 0.4173 0.4201 0.4121 0.3798 0.3280 0.2750 0.2294 0.1933 0.1732 0.2282 0.3047 0.3514 0.3822 0.4023 0.4150 0.4201 0.4042 0.3457 0.2764 0.2201 0.1806 0.2018 0.2941 0.3494 0.3830 0.4038 0.4163 0.4197 0.3967 0.3320 0.2639 0.2107 0.1774 0.2208 0.3082 0.3577 0.3881 0.4069 0.4179 0.4183 0.3859 0.3173 0.2516 0.1990 0.3017
0.3005 0.2143 0.2732 0.3427 0.4032 0.4201 0.4149 0.4013 0.3790 0.3430 0.2823 0.1912 0.1850 0.2276 0.2867 0.3573 0.4102 0.4200 0.4127 0.3975 0.3730 0.3332 0.2642 0.1816 0.1924 0.2383 0.3004 0.3706 0.4146 0.4194 0.4108 0.3951 0.3705 0.3324 0.2719 0.1877 0.1807 0.2141 0.2580 0.3112 0.3670 0.4074 0.4198 0.4180 0.4110 0.4006 0.3866 0.3676 0.3422 0.3057 0.2720 0.3056 0.3421 0.3675 0.3866 0.4006 0.4110 0.4180 0.4198 0.4074 0.3670 0.3112 0.2580 0.2141 0.1807 0.1877 0.2719 0.3324 0.3705 0.3951 0.4108 0.4194 0.4146 0.3706 0.3004 0.2383 0.1924 0.1816 0.2642 0.3332 0.3730 0.3975 0.4127 0.4200 0.4102 0.3573 0.2867 0.2276 0.1850 0.1912 0.2823 0.3430 0.3790 0.4013 0.4149 0.4201 0.4032 0.3427 0.2732 0.2143 0.3005
0.3023 0.2321 0.2972 0.3679 0.4140 0.4196 0.4109 0.3946 0.3682 0.3254 0.2501 0.1783 0.1985 0.2469 0.3114 0.3810 0.4174 0.4185 0.4082 0.3902 0.3610 0.3136 0.2297 0.1771 0.2071 0.2589 0.3260 0.3924 0.4192 0.4172 0.4056 0.3867 0.3567 0.3098 0.2307 0.1747 0.1977 0.2385 0.2905 0.3490 0.3987 0.4187 0.4190 0.4125 0.4022 0.3880 0.3686 0.3422 0.3069 0.2545 0.2077 0.2544 0.3068 0.3421 0.3686 0.3880 0.4022 0.4125 0.4190 0.4187 0.3987 0.3490 0.2905 0.2385 0.1977 0.1747 0.2307 0.3098 0.3567 0.3867 0.4056 0.4172 0.4192 0.3924 0.3260 0.2589 0.2071 0.1771 0.2297 0.3136 0.3610 0.3902 0.4082 0.4185 0.4174 0.3810 0.3114 0.2469 0.1985 0.1783 0.2501 0.3254 0.3682 0.3946 0.4109 0.4196 0.4140 0.3679 0.2971 0.2320 0.3022
0.3071 0.2519 0.3223 0.3896 0.4188 0.4173 0.4057 0.3861 0.3545 0.3029 0.2145 0.1781 0.2136 0.2679 0.3366 0.3996 0.4198 0.4155 0.4024 0.3808 0.3459 0.2880 0.1969 0.1823 0.2233 0.2811 0.3513 0.4074 0.4200 0.4135 0.3991 0.3760 0.3394 0.2802 0.1930 0.1808 0.2168 0.2653 0.3240 0.3823 0.4150 0.4197 0.4142 0.4041 0.3898 0.3700 0.3427 0.3056 0.2544 0.1895 0.1659 0.1893 0.2544 0.3056 0.3426 0.3700 0.3898 0.4041 0.4142 0.4197 0.4150 0.3823 0.3240 0.2653 0.2168 0.1808 0.1930 0.2802 0.3394 0.3760 0.3991 0.4135 0.4200 0.4074 0.3513 0.2811 0.2233 0.1823 0.1969 0.2880 0.3459 0.3808 0.4024 0.4155 0.4198 0.3996 0.3366 0.2679 0.2136 0.1781 0.2145 0.3029 0.3545 0.3861 0.4057 0.4173 0.4188 0.3896 0.3222 0.2518 0.3070
0.3123 0.2633 0.3364 0.3991 0.4193 0.4148 0.4012 0.3789 0.3428 0.2829 0.1927 0.1816 0.2226 0.2801 0.3504 0.4069 0.4195 0.4126 0.3974 0.3728 0.3330 0.2650 0.1817 0.1887 0.2331 0.2939 0.3646 0.4125 0.4190 0.4102 0.3936 0.3670 0.3247 0.2539 0.1776 0.1884 0.2283 0.2808 0.3423 0.3966 0.4180 0.4174 0.4091 0.3964 0.3784 0.3533 0.3189 0.2720 0.2077 0.1659 0.1694 0.1659 0.2076 0.2720 0.3189 0.3533 0.3784 0.3964 0.4091 0.4174 0.4180 0.3966 0.3423 0.2808 0.2283 0.1884 0.1776 0.2539 0.3247 0.3670 0.3936 0.4102 0.4190 0.4125 0.3646 0.2939 0.2331 0.1887 0.1817 0.2650 0.3330 0.3728 0.3974 0.4126 0.4195 0.4069 0.3504 0.2801 0.2226 0.1816 0.1927 0.2829 0.3428 0.3789 0.4012 0.4148 0.4193 0.3991 0.3364 0.2632 0.3123
0.3071 0.2519 0.3223 0.3896 0.4188 0.4173 0.4057 0.3861 0.3545 0.3029 0.2145 0.1781 0.2136 0.2679 0.3366 0.3996 0.4198 0.4155 0.4024 0.3808 0.3459 0.2880 0.1969 0.1823 0.2233 0.2811 0.3513 0.4074 0.4200 0.4135 0.3991 0.3760 0.3394 0.2802 0.1930 0.1808 0.2168 0.2653 0.3240 0.3823 0.4150 0.4197 0.4142 0.4041 0.3898 0.3700 0.3426 0.3056 0.2544 0.1893 0.1659 0.1893 0.2544 0.3056 0.3426 0.3700 0.3898 0.4041 0.4142 0.4197 0.4150 0.3823 0.3240 0.2653 0.2168 0.1808 0.1930 0.2802 0.3394 0.3760 0.3991 0.4135 0.4200 0.4074 0.3513 0.2811 0.2233 0.1823 0.1969 0.2880 0.3459 0.3808 0.4024 0.4155 0.4198 0.3996 0.3366 0.2679 0.2136 0.1781 0.2145 0.3029 0.3545 0.3861 0.4057 0.4173 0.4188 0.3896 0.3222 0.2518 0.3070
0.3023 0.2321 0.2972 0.3679 0.4140 0.4196 0.4109 0.3946 0.3682 0.3254 0.2501 0.1783 0.1985 0.2469 0.3114 0.3810 0.4174 0.4185 0.4082 0.3902 0.3610 0.3136 0.2297 0.1771 0.2071 0.2589 0.3260 0.3924 0.4192 0.4172 0.4056 0.3867 0.3567 0.3098 0.2307 0.1747 0.1977 0.2385 0.2905 0.3490 0.3987 0.4187 0.4190 0.4125 0.4022 0.3880 0.3686 0.3421 0.3068 0.2544 0.2076 0.2544 0.3068 0.3421 0.3686 0.3880 0.4022 0.4125 0.4190 0.4187 0.3987 0.3490 0.2905 0.2385 0.1977 0.1747 0.2307 0.3098 0.3567 0.3867 0.4056 0.4172 0.4192 0.3924 0.3260 0.2589 0.2071 0.1771 0.2297 0.3136 0.3610 0.3902 0.4082 0.4185 0.4174 0.3810 0.3114 0.2469 0.1985 0.1783 0.2501 0.3254 0.3682 0.3946 0.4109 0.4196 0.4140 0.3679 0.2971 0.2320 0.3022
0.3005 0.2143 0.2732 0.3427 0.4032 0.4201 0.4149 0.4013 0.3790 0.3430 0.2823 0.1912 0.1850 0.2276 0.2867 0.3573 0.4102 0.4200 0.4127 0.3975 0.3730 0.3332 0.2642 0.1816 0.1924 0.2383 0.3004 0.3706 0.4146 0.4194 0.4108 0.3951 0.3705 0.3324 0.2719 0.1877 0.1807 0.2141 0.2580 0.3112 0.3670 0.4074 0.4198 0.4180 0.4110 0.4006 0.3866 0.3675 0.3421 0.3056 0.2720 0.3056 0.3421 0.3675 0.3866 0.4006 0.4110 0.4180 0.4198 0.4074 0.3670 0.3112 0.2580 0.2141 0.1807 0.1877 0.2719 0.3324 0.3705 0.3951 0.4108 0.4194 0.4146 0.3706 0.3004 0.2383 0.1924 0.1816 0.2642 0.3332 0.3730 0.3975 0.4127 0.4200 0.4102 0.3573 0.2867 0.2276 0.1850 0.1912 0.2823 0.3430 0.3790 0.4013 0.4149 0.4201 0.4032 0.3427 0.2732 0.2143 0.3005
0.3017 0.1990 0.2516 0.3173 0.3859 0.4183 0.4179 0.4069 0.3881 0.3577 0.3082 0.2208 0.1774 0.2107 0.2639 0.3320 0.3967 0.4197 0.4163 0.4038 0.3830 0.3494 0.2941 0.2018 0.1806 0.2201 0.2764 0.3457 0.4042 0.4201 0.4150 0.4023 0.3822 0.3514 0.3047 0.2282 0.1732 0.1933 0.2294 0.2750 0.3280 0.3798 0.4121 0.4201 0.4173 0.4102 0.4001 0.3866 0.3686 0.3426 0.3189 0.3426 0.3686 0.3866 0.4001 0.4102 0.4173 0.4201 0.4121 0.3798 0.3280 0.2750 0.2294 0.1933 0.1732 0.2282 0.3047 0.3514 0.3822 0.4023 0.4150 0.4201 0.4042 0.3457 0.2764 0.2201 0.1806 0.2018 0.2941 0.3494 0.3830 0.4038 0.4163 0.4197 0.3967 0.3320 0.2639 0.2107 0.1774 0.2208 0.3082 0.3577 0.3881 0.4069 0.4179 0.4183 0.3859 0.3173 0.2516 0.1990 0.3017
0.3078 0.1857 0.2321 0.2926 0.3634 0.4125 0.4198 0.4117 0.3958 0.3702 0.3286 0.2559 0.1792 0.1958 0.2432 0.3068 0.3769 0.4164 0.4188 0.4090 0.3915 0.3632 0.3173 0.2359 0.1770 0.2039 0.2542 0.3195 0.3866 0.4181 0.4182 0.4084 0.3921 0.3674 0.3305 0.2746 0.1931 0.1759 0.2045 0.2421 0.2882 0.3398 0.3874 0.4143 0.4201 0.4170 0.4102 0.4006 0.3880 0.3700 0.3533 0.3700 0.3880 0.4006 0.4102 0.4170 0.4201 0.4143 0.3874 0.3398 0.2882 0.2421 0.2045 0.1759 0.1931 0.2746 0.3305 0.3674 0.3921 0.4084 0.4182 0.4181 0.3866 0.3195 0.2542 0.2039 0.1770 0.2359 0.3173 0.3632 0.3915 0.4090 0.4188 0.4164 0.3769 0.3068 0.2432 0.1958 0.1792 0.2559 0.3286 0.3702 0.3958 0.4117 0.4198 0.4125 0.3634 0.2926 0.2321 0.1857 0.3078
