-15.7307 -23.4790 -46.8727 33.1506 -36.6593 -2.1841 -25.2094 -47.9667 30.7283 -37.7704 5.2860 -26.7502 -48.6977 17.6877 -38.8645 10.2949 -28.2492 -48.7866 -1.4534 -40.0138 14.5230 -29.7538 -48.1320 -11.3133 -41.4713 18.6137 -31.2597 -45.6046 -16.2114 -42.9453 22.8661 -32.7664 -39.7301 -19.3942 -44.4054 27.2593 -34.2471 -28.3653 -21.8277 -45.8168 31.2918 -35.6524 -12.2332 -23.8340 -47.1071 33.2229 -36.9183 0.1969 -26.1539 -48.7421 -16.7850 -48.7858 -26.4960 2.1569 -37.2014 32.9525 -47.4076 -24.3034 -8.4218 -35.9958 32.1022 -46.1627 -22.3746 -24.4252 -34.6197 28.3784 -44.7775 -20.0766 -37.4170 -33.1501 23.9878 -43.3236 -17.1420 -44.4839 -31.6503 19.6925 -41.8496 -12.8360 -47.7064 -30.1409 15.5789 -40.3883 -4.8558 -48.7434 -28.6360 11.4148 -39.1404 12.4598 -48.7891 -27.1386 6.7178 -38.0548 28.6166 -48.2015 -25.6230 0.1618 -36.9593 33.1993 -47.1849 -23.9575 -11.5737
-23.4790 -47.0565 34.6489 -37.1680 0.1976 -26.3545 -48.2432 33.5163 -38.1783 6.6620 -27.8286 -48.8575 22.0163 -39.1117 11.2490 -29.2602 -48.7045 1.0643 -40.0438 15.2842 -30.7024 -47.5744 -10.9304 -41.5993 19.3017 -32.1509 -44.1981 -16.5902 -43.1540 23.5550 -33.5990 -36.8647 -20.1776 -44.6779 28.0555 -35.0025 -23.6545 -22.8587 -46.1307 32.3973 -36.3056 -7.9394 -24.9943 -47.4226 35.0088 -37.4158 2.0110 -26.8125 -48.4901 15.2988 -42.9456 11.6856 -48.6251 -27.1756 3.7193 -37.6680 35.0104 -47.7168 -25.4770 -4.7486 -36.6165 33.3324 -46.4798 -23.4518 -19.4187 -35.3531 29.2305 -45.0632 -20.9331 -34.0858 -33.9626 24.6958 -43.5523 -17.6476 -42.7670 -32.5267 20.3684 -41.9982 -12.7147 -46.9723 -31.0769 16.3136 -40.4448 -3.1203 -48.5653 -29.6283 12.3065 -39.3352 16.8325 -48.8990 -28.1974 7.9380 -38.4254 31.8223 -48.4569 -26.7493 2.1562 -37.4275 34.9999 -47.3720 -23.9575
-46.8727 34.6489 -37.3138 1.2874 -26.6089 -48.4092 32.2279 -38.4684 7.7553 -28.1390 -48.8975 17.5055 -39.4290 12.1933 -29.5913 -48.5834 -2.7176 -40.4006 16.2002 -31.0420 -47.0426 -12.5498 -41.9596 20.2614 -32.4975 -42.9385 -17.5360 -43.5096 24.5759 -33.9493 -34.3725 -20.8589 -45.0210 29.1019 -35.3467 -19.8795 -23.3912 -46.4470 33.2485 -36.6294 -5.0753 -25.4215 -47.6856 35.0333 -37.7070 3.5110 -27.0497 -48.6004 27.2110 -39.9617 24.8038 -40.0911 23.5331 -48.7396 -27.4136 5.0572 -37.9640 34.6429 -47.9603 -25.8782 -2.3250 -36.9299 34.0516 -46.7866 -23.9577 -15.5952 -35.6938 30.2587 -45.4010 -21.5656 -31.2199 -34.3130 25.7356 -43.9066 -18.5030 -41.2432 -32.8748 21.3374 -42.3569 -14.0958 -46.2878 -31.4191 17.2341 -40.8026 -6.0965 -48.3606 -29.9616 13.2398 -39.6576 11.7995 -48.8839 -28.5096 8.9616 -38.7187 29.8865 -48.5982 -26.9830 3.0910 -37.5718 34.9999 -47.1849
33.1506 -37.1680 1.2874 -26.7078 -48.5027 30.9456 -38.6407 8.6715 -28.4297 -48.8928 12.7080 -39.6266 13.1083 -29.9171 -48.3893 -5.7769 -40.7586 17.1211 -31.3782 -46.3766 -13.9472 -42.3198 21.2339 -32.8347 -41.4436 -18.4020 -43.8638 25.6119 -34.2785 -31.5331 -21.4997 -45.3617 30.1341 -35.6565 -16.0528 -23.8997 -46.7539 33.9837 -36.9006 -2.5905 -25.8298 -47.9317 34.7093 -37.9380 4.9035 -27.3623 -48.7276 26.6636 -39.1946 14.4403 -34.7672 15.0727 -39.4081 22.5398 -48.8334 -27.7257 6.3164 -38.1942 33.8377 -48.1839 -26.2608 -0.2361 -37.1831 34.6143 -47.0829 -24.4408 -11.9297 -35.9957 31.2558 -45.7335 -22.1651 -27.9883 -34.6413 26.7856 -44.2583 -19.2938 -39.4510 -33.2098 22.3239 -42.7176 -15.3058 -45.4480 -31.7557 18.1624 -41.1608 -8.5194 -48.0698 -30.2910 14.1456 -39.8485 6.9386 -48.8201 -28.8009 9.8340 -38.8889 28.0824 -48.6747 -27.0747 3.0910 -37.4275 33.1993
-36.6593 0.1976 -26.6089 -48.5027 30.3849 -38.7404 9.3038 -28.6620 -48.8532 8.3079 -39.8028 13.9723 -30.2334 -48.1208 -8.2003 -41.1131 18.0440 -31.7129 -45.5597 -15.1697 -42.6786 22.2206 -33.1727 -39.6756 -19.2002 -44.2156 26.6584 -34.6045 -28.3511 -22.1044 -45.6974 31.1412 -35.9592 -12.3620 -24.3840 -47.0497 34.5632 -37.1568 -0.4508 -26.2157 -48.1578 33.9619 -38.1674 6.1767 -27.6890 -48.8271 23.5914 -39.1845 11.8340 -31.4158 -28.0791 -31.6000 12.7922 -39.4168 18.7535 -48.8883 -28.0537 7.4892 -38.4221 32.5132 -48.3841 -26.6196 1.5776 -37.4218 34.9682 -47.3654 -24.8996 -8.5800 -36.2890 32.2012 -46.0593 -22.7356 -24.4380 -34.9648 27.8388 -44.6067 -20.0288 -37.3626 -33.5435 23.3320 -43.0773 -16.3785 -44.4368 -32.0890 19.0900 -41.5157 -10.4811 -47.6941 -30.6076 15.0015 -40.0167 2.8971 -48.7483 -29.0337 10.4377 -38.9867 27.3161 -48.6747 -26.9830 2.1562 -36.9593
-2.1841 -26.3545 -48.4092 30.9456 -38.7404 9.5311 -28.7927 -48.8043 5.0115 -39.9463 14.7194 -30.5226 -47.7866 -10.1336 -41.4562 18.9509 -32.0412 -44.5816 -16.2444 -43.0330 23.2180 -33.5065 -37.6115 -19.9448 -44.5643 27.7105 -34.9267 -24.8567 -22.6765 -46.0251 32.1004 -36.2531 -8.9690 -24.8450 -47.3328 34.9407 -37.3981 1.3967 -26.5789 -48.3609 32.7059 -38.3948 7.3546 -28.0186 -48.8859 19.3876 -39.3535 11.9894 -30.0028 -47.0228 -23.1726 -46.5799 -30.3227 13.0243 -39.5835 13.9343 -48.8956 -28.3864 8.5887 -38.6469 30.5797 -48.5576 -26.9576 3.1744 -37.6552 35.0544 -47.6328 -25.3353 -5.6276 -36.5723 33.0702 -46.3773 -23.2790 -20.6747 -35.2823 28.8887 -44.9512 -20.7162 -34.9507 -33.8754 24.3508 -43.4317 -17.3357 -43.2494 -32.4166 20.0098 -41.8567 -12.0561 -47.2488 -30.8964 15.7465 -40.1971 0.0841 -48.7010 -29.1647 10.6556 -38.9867 28.0824 -48.5982 -26.7493 0.1618
-25.2094 -48.2432 32.2279 -38.6407 9.3038 -28.7927 -48.7818 3.2752 -40.0435 15.2861 -30.7576 -47.4220 -11.6188 -41.7736 19.8188 -32.3559 -43.4492 -17.1943 -43.3817 24.2142 -33.8345 -35.2507 -20.6375 -44.9093 28.7609 -35.2442 -21.1272 -23.2197 -46.3447 32.9824 -36.5387 -5.9668 -25.2833 -47.6014 35.0606 -37.6313 3.0177 -26.9211 -48.5391 30.8519 -38.6197 8.4592 -28.3486 -48.8970 14.4781 -39.5532 12.7813 -29.8957 -48.2261 -14.0338 -45.9304 -14.8879 -47.8818 -30.2566 13.8122 -39.7756 8.7423 -48.8453 -28.7190 9.6318 -38.8684 27.9520 -48.7007 -27.2865 4.6098 -37.8887 34.8077 -47.8829 -25.7483 -3.0773 -36.8440 33.8321 -46.6878 -23.7953 -16.8342 -35.5936 29.9252 -45.2911 -21.3625 -32.2003 -34.2033 25.3658 -43.7766 -18.1889 -41.8802 -32.7319 20.8929 -42.1711 -13.2973 -46.7755 -31.1335 16.3151 -40.3666 -1.3414 -48.6819 -29.1647 10.4377 -38.8889 29.8865 -48.4569 -25.6230
-47.9667 33.5163 -38.4684 8.6715 -28.6620 -48.8043 3.2752 -40.0770 15.6010 -30.9156 -47.1010 -12.6788 -42.0443 20.5995 -32.6444 -42.2050 -18.0255 -43.7173 25.2032 -34.1540 -32.6006 -21.2776 -45.2492 29.7989 -35.5560 -17.2968 -23.7364 -46.6548 33.7592 -36.8142 -3.3563 -25.6990 -47.8534 34.8577 -37.8627 4.4626 -27.2521 -48.6867 28.2972 -38.8416 9.5072 -28.6793 -48.8539 9.2973 -39.7536 13.6871 -30.1408 -48.1752 -9.5615 -42.6121 33.9562 -42.8594 -11.4002 -47.7814 -30.5103 14.7041 -39.9661 3.8043 -48.7637 -29.0510 10.6328 -39.0862 24.5669 -48.8087 -27.6155 5.9161 -38.1196 34.1533 -48.1133 -26.1384 -0.8849 -37.1021 34.4518 -46.9884 -24.2849 -13.1048 -35.8967 30.9326 -45.6224 -21.9654 -29.1698 -34.5187 26.3656 -44.1071 -18.9412 -40.3755 -33.0172 21.6867 -42.4443 -14.2114 -46.3618 -31.2927 16.6311 -40.4316 -1.3414 -48.7010 -29.0337 9.8340 -38.7187 31.8223 -48.2015
30.7283 -38.1783 7.7553 -28.4297 -48.8532 5.0115 -40.0435 15.6010 -30.9723 -46.9047 -13.3337 -42.2487 21.2350 -32.8880 -40.9395 -18.7262 -44.0268 26.1564 -34.4573 -29.7198 -21.8693 -45.5738 30.7905 -35.8570 -13.5596 -24.2268 -46.9537 34.3926 -37.0746 -1.1099 -26.0925 -48.0863 34.2576 -38.0927 5.7727 -27.5815 -48.7989 24.9749 -39.0585 10.5123 -29.0107 -48.7746 4.3402 -39.9480 14.6063 -30.4595 -47.8822 -9.9032 -41.6953 23.2561 -37.2760 23.9389 -42.0538 -11.8179 -47.3819 -30.8310 15.6197 -40.2079 -0.4596 -48.6670 -29.3834 11.6024 -39.2995 20.4175 -48.8768 -27.9461 7.1165 -38.3482 33.0081 -48.3215 -26.5051 1.0118 -37.3453 34.8778 -47.2727 -24.7467 -9.6726 -36.1890 31.8767 -45.9402 -22.5198 -25.9372 -34.8180 27.3180 -44.4167 -19.5810 -38.8755 -33.2593 22.3383 -42.6510 -14.7761 -46.1114 -31.3495 16.6311 -40.3666 0.0841 -48.7483 -28.8009 8.9616 -38.4254 28.6166
-37.7704 6.6620 -28.1390 -48.8928 8.3079 -39.9463 15.2861 -30.9156 -46.9047 -13.5572 -42.3611 21.6695 -33.0695 -39.7968 -19.2817 -44.2975 27.0179 -34.7363 -26.7152 -22.4073 -45.8798 31.7136 -36.1415 -10.1613 -24.6849 -47.2381 34.8386 -37.3170 0.8066 -26.4621 -48.2973 33.1774 -38.3208 6.9791 -27.9110 -48.8717 20.8904 -39.2729 11.4851 -29.3428 -48.6800 0.0049 -40.1798 15.5248 -30.7935 -47.4489 -11.4192 -41.7609 20.5345 -34.3216 0.8400 -34.5063 21.5025 -42.1502 -13.1195 -46.8133 -31.1655 16.5428 -40.5366 -3.9599 -48.5190 -29.7165 12.5494 -39.5078 15.6144 -48.8994 -28.2786 8.2373 -38.5739 31.2834 -48.5041 -26.8487 2.6736 -37.5792 35.0590 -47.5420 -25.1812 -6.6700 -36.4648 32.7321 -46.2413 -23.0252 -22.6579 -35.0939 28.1840 -44.6851 -20.0909 -37.5343 -33.4403 22.7750 -42.7628 -14.9675 -46.1114 -31.2927 16.3151 -40.1971 2.8971 -48.8201 -28.5096 7.9380 -38.0548
5.2860 -27.8286 -48.8975 12.7080 -39.8028 14.7194 -30.7576 -47.1010 -13.3337 -42.3611 21.8268 -33.1671 -38.9861 -19.6751 -44.5125 27.7425 -34.9752 -23.8229 -22.8809 -46.1661 32.5454 -36.4100 -7.1831 -25.1092 -47.5014 35.0501 -37.5473 2.4775 -26.8062 -48.4832 31.5286 -38.5466 8.1054 -28.2408 -48.8990 16.1348 -39.4841 12.4394 -29.6757 -48.5411 -3.5754 -40.4954 16.4435 -31.1303 -46.8844 -12.9310 -42.0619 20.6990 -33.1356 -32.5126 -27.7932 -30.4763 -33.4495 21.7572 -42.4602 -14.4167 -46.0947 -31.5017 17.4727 -40.8964 -6.7877 -48.2922 -30.0503 13.4809 -39.7101 10.4269 -48.8681 -28.6107 9.2960 -38.7962 28.8928 -48.6578 -27.1776 4.1382 -37.8080 34.9416 -47.7903 -25.5843 -4.1068 -36.7220 33.4714 -46.5192 -23.4750 -19.6006 -35.3298 28.9075 -44.8955 -20.4561 -36.5576 -33.5390 22.9290 -42.7628 -14.7761 -46.3618 -31.1335 15.7465 -40.0167 6.9386 -48.8839 -28.1974 6.7178
-26.7502 -48.8575 17.5055 -39.6266 13.9723 -30.5226 -47.4220 -12.6788 -42.2487 21.6695 -33.1671 -38.6937 -19.8818 -44.6539 28.2789 -35.1626 -21.3298 -23.2721 -46.4169 33.2470 -36.6546 -4.6595 -25.5030 -47.7446 34.9867 -37.7699 3.9304 -27.1296 -48.6392 29.2485 -38.7685 9.1695 -28.5711 -48.8744 10.9915 -39.6880 13.3792 -30.0094 -48.3245 -6.4742 -40.8538 17.3662 -31.4672 -46.1781 -14.2772 -42.4093 21.5131 -33.0347 -39.1311 -22.1706 -48.4244 -22.5675 -36.9938 -33.3922 22.6113 -42.8112 -15.5840 -45.2148 -31.8395 18.4074 -41.2563 -9.0906 -47.9753 -30.3848 14.4028 -39.9039 5.3553 -48.7912 -28.9404 10.3047 -39.0131 25.8013 -48.7770 -27.4982 5.4346 -38.0285 34.4831 -48.0143 -25.9542 -1.9753 -36.9546 34.0607 -46.7616 -23.8472 -17.0323 -35.5140 29.4348 -45.0366 -20.6541 -36.1929 -33.5390 22.7750 -42.6510 -14.2114 -46.7755 -30.8964 15.0015 -39.8485 11.7995 -48.8990 -27.1386
-48.6977 22.0163 -39.4290 13.1083 -30.2334 -47.7866 -11.6188 -42.0443 21.2350 -33.0695 -38.9861 -19.8818 -44.7037 28.5673 -35.2865 -19.4392 -23.5708 -46.6181 33.7893 -36.8625 -2.6465 -25.8534 -47.9625 34.6146 -37.9840 5.2082 -27.4414 -48.7601 26.3260 -38.9830 10.1750 -28.8987 -48.7997 5.9212 -39.8836 14.3019 -30.3437 -48.0193 -8.8326 -41.2128 18.2965 -31.8040 -45.3139 -15.4664 -42.7687 22.4693 -33.2790 -38.7698 -20.2041 -45.7151 26.7252 -45.9425 -20.8844 -36.3753 -33.6467 23.5970 -43.1681 -16.6284 -44.1461 -32.1790 19.3517 -41.6160 -10.9989 -47.5554 -30.7200 15.3203 -40.1171 0.8900 -48.7011 -29.2680 11.2643 -39.2231 22.0414 -48.8570 -27.8107 6.6027 -38.2409 33.6528 -48.2114 -26.2821 -0.2746 -37.1506 34.4802 -46.9553 -24.1270 -15.1897 -35.6322 29.7232 -45.0876 -20.6541 -36.5576 -33.4403 22.3383 -42.4443 -13.2973 -47.2488 -30.6076 14.1456 -39.6576 16.8325 -48.7891
17.6877 -39.1117 12.1933 -29.9171 -48.1208 -10.1336 -41.7736 20.5995 -32.8880 -39.7968 -19.6751 -44.6539 28.5673 -35.3300 -18.4257 -23.7623 -46.7621 34.1589 -37.0263 -1.1206 -26.1444 -48.1445 33.9376 -38.1869 6.3460 -27.7469 -48.8448 22.7666 -39.1880 11.1172 -29.2190 -48.7124 1.4045 -40.0855 15.2129 -30.6789 -47.6128 -10.7829 -41.5721 19.2370 -32.1407 -44.2704 -16.5253 -43.1290 23.4766 -33.5939 -36.9552 -20.2823 -44.9827 32.7965 -39.5426 33.3629 -45.3214 -21.0094 -34.1929 -33.9645 24.6181 -43.5242 -17.5773 -42.8647 -32.5174 20.3073 -41.9755 -12.6114 -47.0181 -31.0557 16.2376 -40.4145 -2.8008 -48.5808 -29.5909 12.1818 -39.4240 17.7073 -48.8965 -28.1165 7.6496 -38.4413 32.4783 -48.3724 -26.5534 1.0109 -37.3039 34.7378 -47.0917 -24.3056 -14.2075 -35.6726 29.7232 -45.0366 -20.4561 -37.5343 -33.2593 21.6867 -42.1711 -12.0561 -47.6941 -30.2910 13.2398 -39.3352 12.4598
-38.8645 11.2490 -29.5913 -48.3893 -8.2003 -41.4562 19.8188 -32.6444 -40.9395 -19.2817 -44.5125 28.2789 -35.2865 -18.4257 -23.8273 -46.8385 34.3708 -37.1420 -0.0482 -26.3727 -48.2874 33.0471 -38.3691 7.3336 -28.0345 -48.8919 18.6446 -39.3856 12.0169 -29.5333 -48.6056 -2.2948 -40.3634 16.1142 -31.0130 -47.0911 -12.4272 -41.9316 20.1902 -32.4771 -43.0228 -17.4798 -43.4865 24.5050 -33.9224 -34.5703 -20.8377 -45.0640 30.1112 -36.8673 12.1523 -37.0321 31.1151 -45.4300 -21.5445 -31.4010 -34.2920 25.6545 -43.8783 -18.4457 -41.3531 -32.8522 21.2751 -42.3340 -13.9980 -46.3480 -31.3884 17.1474 -40.7647 -5.7583 -48.3939 -29.9069 13.0688 -39.6149 13.0333 -48.8942 -28.4046 8.5623 -38.6186 31.0938 -48.4959 -26.7631 1.9328 -37.4118 34.8672 -47.1645 -24.3674 -14.2075 -35.6322 29.4348 -44.8955 -20.0909 -38.8755 -33.0172 20.8929 -41.8567 -10.4811 -48.0698 -29.9616 12.3065 -39.1404
10.2949 -29.2602 -48.5834 -5.7769 -41.1131 18.9509 -32.3559 -42.2050 -18.7262 -44.2975 27.7425 -35.1626 -19.4392 -23.7623 -46.8385 34.4401 -37.2028 0.6005 -26.5324 -48.3905 32.0995 -38.5206 8.1542 -28.2908 -48.9009 14.3502 -39.5703 12.8785 -29.8428 -48.4351 -5.2677 -40.7026 16.9968 -31.3388 -46.4517 -13.8261 -42.2892 21.1558 -32.8126 -41.5463 -18.3488 -43.8409 25.5422 -34.2527 -31.7732 -21.4544 -45.3504 30.2794 -36.0696 -1.8014 -31.1098 -0.4026 -36.3391 31.3571 -45.7199 -22.1305 -28.2126 -34.6178 26.7013 -44.2299 -19.2369 -39.5938 -33.1840 22.2514 -42.6893 -15.2015 -45.5421 -31.7142 18.0359 -41.1052 -8.1258 -48.1358 -30.2168 13.9174 -39.7933 8.5514 -48.8526 -28.6617 9.3299 -38.7677 29.7028 -48.5831 -26.9110 2.5060 -37.4688 34.9046 -47.1645 -24.3056 -15.1897 -35.5140 28.9075 -44.6851 -19.5810 -40.3755 -32.7319 20.0098 -41.5157 -8.5194 -48.3606 -29.6283 11.4148
-28.2492 -48.7045 -2.7176 -40.7586 18.0440 -32.0412 -43.4492 -18.0255 -44.0268 27.0179 -34.9752 -21.3298 -23.5708 -46.7621 34.3708 -37.2028 0.8220 -26.6147 -48.4540 31.2682 -38.6345 8.7795 -28.5067 -48.8797 10.3858 -39.7344 13.6724 -30.1377 -48.2004 -7.6788 -41.0389 17.8663 -31.6560 -45.6878 -15.0256 -42.6401 22.1244 -33.1444 -39.8245 -19.1470 -44.1896 26.5804 -34.5792 -28.6213 -22.0574 -45.6737 31.1125 -36.0321 -9.1033 -26.9041 -48.1273 -27.1412 -6.0854 -36.3427 32.1669 -46.0399 -22.6995 -24.7078 -34.9398 27.7535 -44.5784 -19.9707 -37.5449 -33.5157 23.2343 -43.0388 -16.2503 -44.6001 -32.0323 18.9157 -41.4388 -10.0497 -47.8050 -30.5124 14.7042 -39.9512 4.7620 -48.7858 -28.8766 9.9298 -38.8823 28.5314 -48.6350 -26.9897 2.6981 -37.4688 34.8672 -47.0917 -24.1270 -17.0323 -35.3298 28.1840 -44.4167 -18.9412 -41.8802 -32.4166 19.0900 -41.1608 -6.0965 -48.5653 -28.6360
-48.7866 1.0643 -40.4006 17.1211 -31.7129 -44.5816 -17.1943 -43.7173 26.1564 -34.7363 -23.8229 -23.2721 -46.6181 34.1589 -37.1420 0.6005 -26.6147 -48.4756 30.7696 -38.7090 9.2200 -28.6719 -48.8415 7.1088 -39.8724 14.3756 -30.4076 -47.9124 -9.5817 -41.3643 18.7304 -31.9683 -44.7882 -16.0722 -42.9810 23.0831 -33.4683 -37.8403 -19.8847 -44.5359 27.6246 -34.9006 -25.1514 -22.6313 -46.0000 32.0356 -36.2526 -8.5289 -25.3984 -48.1711 -10.1728 -48.3044 -25.8126 -5.3574 -36.5658 33.0208 -46.3579 -23.2411 -20.9727 -35.2569 28.8033 -44.9226 -20.6579 -35.1913 -33.8397 24.2177 -43.3793 -17.1738 -43.4961 -32.3437 19.7863 -41.7616 -11.6025 -47.4145 -30.7819 15.4020 -40.0881 1.8564 -48.7335 -29.0409 10.3517 -38.9545 27.8501 -48.6523 -26.9897 2.5060 -37.4118 34.7378 -46.9553 -23.8472 -19.6006 -35.0939 27.3180 -44.1071 -18.1889 -43.2494 -32.0890 18.1624 -40.8026 -3.1203 -48.7434
-1.4534 -40.0438 16.2002 -31.3782 -45.5597 -16.2444 -43.3817 25.2032 -34.4573 -26.7152 -22.8809 -46.4169 33.7893 -37.0263 -0.0482 -26.5324 -48.4540 30.7696 -38.7361 9.4593 -28.7794 -48.8007 4.6940 -39.9786 14.9546 -30.6414 -47.5934 -11.0596 -41.6647 19.5569 -32.2690 -43.7544 -16.9908 -43.3124 24.0386 -33.7824 -35.6029 -20.5604 -44.8741 28.6644 -35.2169 -21.4379 -23.1764 -46.3195 32.9176 -36.5231 -6.0373 -25.3705 -47.7707 30.3957 -41.8734 28.5797 -48.0033 -25.8147 -3.1720 -36.8280 33.7876 -46.6664 -23.7552 -17.1523 -35.5650 29.8289 -45.2558 -21.2881 -32.5915 -34.1518 25.1931 -43.7101 -18.0027 -42.2300 -32.6441 20.6176 -42.0637 -12.8372 -46.9938 -31.0137 15.9808 -40.2391 -0.1480 -48.7035 -29.1476 10.5736 -38.9798 27.8501 -48.6350 -26.9110 1.9328 -37.3039 34.4802 -46.7616 -23.4750 -22.6579 -34.8180 26.3656 -43.7766 -17.3357 -44.4368 -31.7557 17.2341 -40.4448 -4.8558
-40.0138 15.2842 -31.0420 -46.3766 -15.1697 -43.0330 24.2142 -34.1540 -29.7198 -22.4073 -46.1661 33.2470 -36.8625 -1.1206 -26.3727 -48.3905 31.2682 -38.7090 9.4593 -28.8181 -48.7747 3.2108 -40.0523 15.3882 -30.8230 -47.2812 -12.1863 -41.9287 20.3072 -32.5473 -42.6064 -17.8022 -43.6335 24.9830 -34.0882 -33.1108 -21.1784 -45.2005 29.6712 -35.5217 -17.6598 -23.6901 -46.6294 33.7016 -36.7950 -3.5098 -25.6951 -47.8731 34.3692 -39.1042 20.8663 -39.2438 33.3227 -48.1200 -26.1265 -1.0190 -37.0831 34.4099 -46.9626 -24.2417 -13.4769 -35.8619 30.8085 -45.5745 -21.8679 -29.7322 -34.4559 26.1504 -44.0282 -18.7387 -40.8597 -32.9201 21.3802 -42.3301 -13.7857 -46.5910 -31.1973 16.4132 -40.3808 -1.3457 -48.6826 -29.1848 10.5736 -38.9545 28.5314 -48.5831 -26.7631 1.0109 -37.1506 34.0607 -46.5192 -23.0252 -25.9372 -34.5187 25.3658 -43.4317 -16.3785 -45.4480 -31.4191 16.3136 -40.3883
14.5230 -30.7024 -47.0426 -13.9472 -42.6786 23.2180 -33.8345 -32.6006 -21.8693 -45.8798 32.5454 -36.6546 -2.6465 -26.1444 -48.2874 32.0995 -38.6345 9.2200 -28.7794 -48.7747 2.7207 -40.0920 15.6673 -30.9488 -47.0190 -12.9905 -42.1465 20.9482 -32.7907 -41.4253 -18.5008 -43.9343 25.8902 -34.3827 -30.3794 -21.7515 -45.5157 30.6358 -35.8127 -14.0415 -24.1696 -46.9238 34.3416 -37.0526 -1.2651 -26.0709 -48.0775 34.1559 -38.3537 10.8581 -33.6858 11.5062 -38.5737 32.9030 -48.3084 -26.4791 0.8762 -37.3253 34.8489 -47.2442 -24.6966 -10.1111 -36.1465 31.7237 -45.8834 -22.4097 -26.6520 -34.7471 27.0620 -44.3246 -19.3729 -39.4453 -33.1628 22.0413 -42.5473 -14.4739 -46.2569 -31.3261 16.6934 -40.4574 -1.7544 -48.6826 -29.1476 10.3517 -38.8823 29.7028 -48.4959 -26.5534 -0.2746 -36.9546 33.4714 -46.2413 -22.5198 -29.1698 -34.2033 24.3508 -43.0773 -15.3058 -46.2878 -31.0769 15.5789
-29.7538 -47.5744 -12.5498 -42.3198 22.2206 -33.5065 -35.2507 -21.2776 -45.5738 31.7136 -36.4100 -4.6595 -25.8534 -48.1445 33.0471 -38.5206 8.7795 -28.6719 -48.8007 3.2108 -40.0920 15.7653 -31.0193 -46.8358 -13.5103 -42.3105 21.4616 -32.9881 -40.3042 -19.0727 -44.2040 26.7330 -34.6545 -27.5336 -22.2809 -45.8164 31.5379 -36.0905 -10.6983 -24.6173 -47.2004 34.7980 -37.2930 0.6442 -26.4359 -48.2847 33.2162 -38.3599 8.0553 -30.1624 -38.4723 -30.3419 9.1069 -38.6002 31.4060 -48.4901 -26.8209 2.5292 -37.5549 35.0525 -47.5067 -25.1189 -7.1247 -36.4155 32.5646 -46.1791 -22.9101 -23.5225 -35.0154 27.9085 -44.5934 -19.9048 -38.0956 -33.3626 22.5670 -42.7109 -14.9288 -46.0234 -31.3967 16.7968 -40.4574 -1.3457 -48.7035 -29.0409 9.9298 -38.7677 31.0938 -48.3724 -26.2821 -1.9753 -36.7220 32.7321 -45.9402 -21.9654 -32.2003 -33.8754 23.3320 -42.7176 -14.0958 -46.9723 -30.1409
-48.1320 -10.9304 -41.9596 21.2339 -33.1727 -37.6115 -20.6375 -45.2492 30.7905 -36.1415 -7.1831 -25.5030 -47.9625 33.9376 -38.3691 8.1542 -28.5067 -48.8415 4.6940 -40.0523 15.6673 -31.0193 -46.7640 -13.7828 -42.4142 21.8310 -33.1357 -39.3307 -19.5162 -44.4331 27.4808 -34.8965 -24.7283 -22.7522 -46.0974 32.3622 -36.3536 -7.7362 -25.0343 -47.4595 35.0357 -37.5189 2.2841 -26.7732 -48.4688 31.6641 -38.5408 8.2464 -28.7472 -48.4784 -20.6954 -48.3216 -29.0621 9.3794 -38.7851 29.1221 -48.6445 -27.1448 3.9767 -37.7763 34.9802 -47.7494 -25.5124 -4.5800 -36.6673 33.3105 -46.4521 -23.3554 -20.5264 -35.2534 28.6549 -44.8211 -20.3201 -36.9473 -33.5104 22.9415 -42.8159 -15.1662 -45.9328 -31.3967 16.6934 -40.3808 -0.1480 -48.7335 -28.8766 9.3299 -38.6186 32.4783 -48.2114 -25.9542 -4.1068 -36.4648 31.8767 -45.6224 -21.3625 -34.9507 -33.5435 22.3239 -42.3569 -12.7147 -47.7064
-11.3133 -41.5993 20.2614 -32.8347 -39.6756 -19.9448 -44.9093 29.7989 -35.8570 -10.1613 -25.1092 -47.7446 34.6146 -38.1869 7.3336 -28.2908 -48.8797 7.1088 -39.9786 15.3882 -30.9488 -46.8358 -13.7828 -42.4508 22.0255 -33.2298 -38.6002 -19.8355 -44.6097 28.0903 -35.1004 -22.1610 -23.1553 -46.3469 33.0722 -36.5945 -5.2265 -25.4192 -47.6982 35.0194 -37.7344 3.7271 -27.0882 -48.6225 29.4960 -38.7504 9.1222 -28.6450 -48.7625 -7.2255 -44.6128 -8.8204 -48.7157 -29.0049 10.2413 -38.9928 26.1451 -48.7635 -27.4557 5.2547 -37.9915 34.5961 -47.9705 -25.8750 -2.4562 -36.8968 33.9167 -46.6938 -23.7366 -17.8726 -35.4523 29.2579 -44.9926 -20.6138 -36.0975 -33.6029 23.1422 -42.8525 -15.1662 -46.0234 -31.3261 16.4132 -40.2391 1.8564 -48.7858 -28.6617 8.5623 -38.4413 33.6528 -48.0143 -25.5843 -6.6700 -36.1890 30.9326 -45.2911 -20.7162 -37.3626 -33.2098 21.3374 -41.9982 -12.8360
-41.4713 19.3017 -32.4975 -41.4436 -19.2002 -44.5643 28.7609 -35.5560 -13.5596 -24.6849 -47.5014 34.9867 -37.9840 6.3460 -28.0345 -48.9009 10.3858 -39.8724 14.9546 -30.8230 -47.0190 -13.5103 -42.4142 22.0255 -33.2625 -38.1991 -20.0312 -44.7291 28.5322 -35.2569 -20.0115 -23.4818 -46.5596 33.6435 -36.8061 -3.1669 -25.7653 -47.9120 34.7215 -37.9437 4.9933 -27.3918 -48.7447 26.7194 -38.9589 10.0745 -28.8830 -48.7589 1.8275 -41.2821 30.5035 -41.5331 -2.1698 -48.6937 -29.2541 11.1718 -39.1982 22.5684 -48.8466 -27.7570 6.3959 -38.1967 33.8680 -48.1646 -26.1994 -0.7165 -37.0973 34.3707 -46.8985 -24.0454 -15.7413 -35.6046 29.6909 -45.1078 -20.7924 -35.6465 -33.6346 23.1422 -42.8159 -14.9288 -46.2569 -31.1973 15.9808 -40.0881 4.7620 -48.8526 -28.4046 7.6496 -38.2409 34.4831 -47.7903 -25.1812 -9.6726 -35.8967 29.9252 -44.9512 -20.0288 -39.4510 -32.8748 20.3684 -41.8496
18.6137 -32.1509 -42.9385 -18.4020 -44.2156 27.7105 -35.2442 -17.2968 -24.2268 -47.2381 35.0501 -37.7699 5.2082 -27.7469 -48.8919 14.3502 -39.7344 14.3756 -30.6414 -47.2812 -12.9905 -42.3105 21.8310 -33.2298 -38.1991 -20.0962 -44.7920 28.8081 -35.3632 -18.4190 -23.7273 -46.7276 34.0707 -36.9846 -1.5261 -26.0679 -48.0975 34.1381 -38.1426 6.1186 -27.6875 -48.8325 23.3633 -39.1593 10.9999 -29.1847 -48.7181 1.0870 -40.3372 19.5258 -36.2842 20.1881 -40.7014 -3.0460 -48.5914 -29.5580 12.0688 -39.3954 18.4903 -48.8922 -28.0529 7.4262 -38.3920 32.8148 -48.3306 -26.4812 0.6680 -37.2636 34.6778 -47.0597 -24.2762 -14.1906 -35.7080 29.9535 -45.1698 -20.8529 -35.6465 -33.6029 22.9415 -42.7109 -14.4739 -46.5910 -31.0137 15.4020 -39.9512 8.5514 -48.8942 -28.1165 6.6027 -38.0285 34.9416 -47.5420 -24.7467 -13.1048 -35.5936 28.8887 -44.6067 -19.2938 -41.2432 -32.5267 19.6925
-31.2597 -44.1981 -17.5360 -43.8638 26.6584 -34.9267 -21.1272 -23.7364 -46.9537 34.8386 -37.5473 3.9304 -27.4414 -48.8448 18.6446 -39.5703 13.6724 -30.4076 -47.5934 -12.1863 -42.1465 21.4616 -33.1357 -38.6002 -20.0312 -44.7920 28.9038 -35.4188 -17.4347 -23.8934 -46.8472 34.3531 -37.1235 -0.2803 -26.3206 -48.2521 33.3062 -38.3237 7.1108 -27.9712 -48.8845 19.5020 -39.3513 11.8805 -29.4917 -48.6209 -2.0290 -40.3945 16.9421 -33.1782 -8.2621 -33.3679 17.8863 -40.7878 -5.5637 -48.4184 -29.8646 12.9222 -39.5803 14.0180 -48.8980 -28.3389 8.3451 -38.5729 31.4926 -48.4653 -26.7149 1.7362 -37.3923 34.8577 -47.1740 -24.4333 -13.2561 -35.7611 30.0458 -45.1698 -20.7924 -36.0975 -33.5104 22.5670 -42.5473 -13.7857 -46.9938 -30.7819 14.7042 -39.7933 13.0333 -48.8965 -27.8107 5.4346 -37.8080 35.0590 -47.2727 -24.2849 -16.8342 -35.2823 27.8388 -44.2583 -18.5030 -42.7670 -31.6503
-45.6046 -16.5902 -43.5096 25.6119 -34.6045 -24.8567 -23.2197 -46.6548 34.3926 -37.3170 2.4775 -27.1296 -48.7601 22.7666 -39.3856 12.8785 -30.1377 -47.9124 -11.0596 -41.9287 20.9482 -32.9881 -39.3307 -19.8355 -44.7291 28.8081 -35.4188 -17.0887 -23.9803 -46.9222 34.5220 -37.2205 0.5940 -26.5158 -48.3726 32.3087 -38.4844 7.9594 -28.2309 -48.9014 15.3308 -39.5330 12.7174 -29.7924 -48.4652 -4.9430 -40.6789 17.0770 -31.8502 -41.1373 -26.0980 -39.9132 -32.1711 18.0967 -41.0781 -7.8562 -48.1783 -30.1631 13.7514 -39.7571 9.5316 -48.8654 -28.6005 9.1431 -38.7316 30.0299 -48.5678 -26.8955 2.4999 -37.4845 34.9500 -47.2455 -24.5144 -12.9538 -35.7611 29.9535 -45.1078 -20.6138 -36.9473 -33.3626 22.0413 -42.3301 -12.8372 -47.4145 -30.5124 13.9174 -39.6149 17.7073 -48.8570 -27.4982 4.1382 -37.5792 34.8778 -46.9884 -23.7953 -20.6747 -34.9648 26.7856 -43.9066 -17.6476 -44.4839
-16.2114 -43.1540 24.5759 -34.2785 -28.3511 -22.6765 -46.3447 33.7592 -37.0746 0.8066 -26.8062 -48.6392 26.3260 -39.1880 12.0169 -29.8428 -48.2004 -9.5817 -41.6647 20.3072 -32.7907 -40.3042 -19.5162 -44.6097 28.5322 -35.3632 -17.4347 -23.9803 -46.9485 34.6052 -37.2777 1.1564 -26.6514 -48.4583 31.3054 -38.6186 8.6661 -28.4609 -48.8864 11.2863 -39.6980 13.5039 -30.0807 -48.2487 -7.3233 -40.9933 17.7943 -31.7309 -44.8301 -19.5027 -47.5849 -20.0133 -43.6785 -32.0917 18.8379 -41.3955 -9.7479 -47.8720 -30.4520 14.5369 -39.9174 5.5898 -48.8009 -28.8321 9.8214 -38.8657 28.6251 -48.6387 -27.0229 2.9891 -37.5410 34.9882 -47.2706 -24.5144 -13.2561 -35.7080 29.6909 -44.9926 -20.3201 -38.0956 -33.1628 21.3802 -42.0637 -11.6025 -47.8050 -30.2168 13.0688 -39.4240 22.0414 -48.7770 -27.1776 2.6736 -37.3453 34.4518 -46.6878 -23.2790 -24.4380 -34.6413 25.7356 -43.5523 -17.1420
-42.9453 23.5550 -33.9493 -31.5331 -22.1044 -46.0251 32.9824 -36.8142 -1.1099 -26.4621 -48.4832 29.2485 -38.9830 11.1172 -29.5333 -48.4351 -7.6788 -41.3643 19.5569 -32.5473 -41.4253 -19.0727 -44.4331 28.0903 -35.2569 -18.4190 -23.8934 -46.9222 34.6052 -37.2966 1.4363 -26.7304 -48.5111 30.4652 -38.7205 9.2257 -28.6597 -48.8464 7.7157 -39.8428 14.2179 -30.3492 -47.9779 -9.2409 -41.3037 18.5939 -31.9494 -44.7060 -17.0054 -44.4763 34.5108 -44.7192 -17.9240 -43.4253 -32.3211 19.6544 -41.7071 -11.3086 -47.5040 -30.7241 15.2481 -40.0559 2.3781 -48.7413 -29.0300 10.3623 -38.9695 27.4740 -48.6812 -27.0999 3.2338 -37.5600 34.9882 -47.2455 -24.4333 -14.1906 -35.6046 29.2579 -44.8211 -19.9048 -39.4453 -32.9201 20.6176 -41.7616 -10.0496 -48.1358 -29.9069 12.1818 -39.2231 25.8013 -48.6578 -26.8487 1.0118 -37.1021 33.8321 -46.3773 -22.7356 -27.9883 -34.3130 24.6958 -43.3236
22.8661 -33.5990 -34.3725 -21.4997 -45.6974 32.1004 -36.5387 -3.3563 -26.0925 -48.2973 31.5286 -38.7685 10.1750 -29.2190 -48.6056 -5.2677 -41.0389 18.7304 -32.2690 -42.6064 -18.5008 -44.2040 27.4808 -35.1004 -20.0115 -23.7273 -46.8472 34.5220 -37.2777 1.4363 -26.7568 -48.5370 29.9300 -38.7885 9.6241 -28.8146 -48.7941 4.7721 -39.9647 14.8550 -30.5940 -47.6668 -10.7699 -41.6021 19.3897 -32.2243 -43.8721 -17.0705 -43.6170 28.9171 -38.6077 29.6263 -43.9711 -18.0516 -42.3796 -32.5990 20.4631 -42.0037 -12.5880 -47.0890 -30.9706 15.8841 -40.2208 -0.0868 -48.6993 -29.1842 10.7441 -39.0361 26.7264 -48.7014 -27.1267 3.2338 -37.5410 34.9500 -47.1740 -24.2762 -15.7413 -35.4523 28.6549 -44.5934 -19.3729 -40.8597 -32.6441 19.7862 -41.4388 -8.1257 -48.3939 -29.5909 11.2643 -39.0131 28.8928 -48.5041 -26.5051 -0.8849 -36.8440 33.0702 -46.0593 -22.1651 -31.2199 -33.9626 23.9878
-32.7664 -36.8647 -20.8589 -45.3617 31.1412 -36.2531 -5.9668 -25.6990 -48.0863 33.1774 -38.5466 9.1695 -28.8987 -48.7124 -2.2948 -40.7026 17.8660 -31.9682 -43.7544 -17.8022 -43.9343 26.7330 -34.8965 -22.1610 -23.4818 -46.7276 34.3531 -37.2205 1.1564 -26.7304 -48.5370 29.7514 -38.8228 9.8519 -28.9158 -48.7540 2.6290 -40.0642 15.3973 -30.8095 -47.3283 -11.9900 -41.8766 20.1524 -32.4960 -42.8127 -17.7185 -43.6555 25.9198 -35.8124 8.1889 -35.9927 26.9768 -44.0394 -18.6546 -41.0940 -32.8717 21.2338 -42.2780 -13.6268 -46.6513 -31.1864 16.4258 -40.4049 -1.8141 -48.6595 -29.2858 10.9632 -39.0687 26.4617 -48.7014 -27.0999 2.9891 -37.4845 34.8577 -47.0597 -24.0454 -17.8726 -35.2534 27.9085 -44.3246 -18.7387 -42.2300 -32.3437 18.9156 -41.1052 -5.7583 -48.5808 -29.2680 10.3047 -38.7962 31.2834 -48.3215 -26.1384 -3.0773 -36.5723 32.2012 -45.7335 -21.5656 -34.0858 -33.1501
-39.7301 -20.1776 -45.0210 30.1341 -35.9592 -8.9690 -25.2833 -47.8534 34.2576 -38.3208 8.1054 -28.5711 -48.7997 1.4045 -40.3634 16.9964 -31.6559 -44.7904 -16.9889 -43.6335 25.8902 -34.6545 -24.7283 -23.1553 -46.5596 34.0707 -37.1235 0.5940 -26.6514 -48.5111 29.9300 -38.8228 9.9240 -28.9632 -48.7366 1.3157 -40.1531 15.8180 -30.9861 -46.9932 -12.9588 -42.1227 20.8497 -32.7482 -41.6465 -18.3905 -43.8987 25.9610 -34.8467 -13.5986 -29.8007 -11.1323 -35.1490 27.1122 -44.2897 -19.2776 -39.6934 -33.1248 21.9437 -42.5230 -14.4521 -46.2300 -31.3626 16.8469 -40.5434 -2.8778 -48.6317 -29.3344 11.0327 -39.0687 26.7264 -48.6812 -27.0229 2.4999 -37.3923 34.6778 -46.8985 -23.7366 -20.5264 -35.0154 27.0620 -44.0282 -18.0024 -43.4972 -32.0312 18.0359 -40.7647 -2.8008 -48.7011 -28.9404 9.2960 -38.5739 33.0081 -48.1133 -25.7483 -5.6276 -36.2890 31.2558 -45.4010 -20.9331 -37.4170
-19.3942 -44.6779 29.1019 -35.6565 -12.3620 -24.8450 -47.6014 34.8577 -38.0927 6.9791 -28.2408 -48.8744 5.9212 -40.0855 16.1142 -31.3388 -45.6896 -16.0698 -43.3123 24.9829 -34.3827 -27.5336 -22.7522 -46.3469 33.6435 -36.9846 -0.2803 -26.5158 -48.4583 30.4652 -38.7885 9.8519 -28.9632 -48.7323 0.7189 -40.2226 16.0983 -31.1148 -46.7018 -13.6808 -42.3316 21.4670 -32.9727 -40.4473 -18.9895 -44.1643 26.6447 -34.7162 -24.4149 -25.0630 -48.7659 -25.3719 -20.5957 -35.0645 27.8216 -44.5559 -19.8341 -38.2651 -33.3485 22.5704 -42.7310 -15.0753 -45.8673 -31.4909 17.1291 -40.6237 -3.3690 -48.6221 -29.3344 10.9632 -39.0361 27.4740 -48.6387 -26.8955 1.7362 -37.2636 34.3707 -46.6938 -23.3554 -23.5225 -34.7471 26.1482 -43.7083 -17.1686 -44.6022 -31.7131 17.1474 -40.4145 0.8900 -48.7912 -28.6107 8.2373 -38.3482 34.1533 -47.8829 -25.3353 -8.5800 -35.9957 30.2587 -45.0632 -20.0766
-44.4054 28.0555 -35.3467 -16.0528 -24.3840 -47.3328 35.0606 -37.8627 5.7727 -27.9110 -48.8990 10.9915 -39.8836 15.2129 -31.0130 -46.4517 -15.0253 -42.9808 24.0385 -34.0881 -30.3794 -22.2809 -46.0974 33.0722 -36.8061 -1.5261 -26.3206 -48.3726 31.3054 -38.7205 9.6241 -28.9158 -48.7366 0.7189 -40.2481 16.2296 -31.1903 -46.4917 -14.1737 -42.4933 21.9776 -33.1646 -39.2869 -19.4954 -44.4095 27.3928 -34.8813 -24.4800 -23.3258 -47.1238 2.2701 -47.3199 -23.8493 -20.3401 -35.2366 28.5727 -44.7983 -20.3018 -36.8916 -33.5375 23.0894 -42.8945 -15.5068 -45.6019 -31.5664 17.2622 -40.6493 -3.3690 -48.6317 -29.2858 10.7441 -38.9695 28.6251 -48.5678 -26.7149 0.6680 -37.0973 33.9167 -46.4521 -22.9101 -26.6530 -34.4558 25.1906 -43.3755 -16.2450 -45.5430 -31.3884 16.2376 -40.1171 5.3553 -48.8681 -28.2786 7.1165 -38.1196 34.8077 -47.6328 -24.8996 -11.9297 -35.6938 29.2305 -44.7775
27.2593 -35.0025 -19.8795 -23.8997 -47.0497 34.9407 -37.6313 4.4626 -27.5815 -48.8717 16.1348 -39.6880 14.3019 -30.6789 -47.0911 -13.8261 -42.6400 23.0830 -33.7813 -33.1143 -21.7509 -45.8164 32.3622 -36.5945 -3.1669 -26.0679 -48.2521 32.3087 -38.6186 9.2257 -28.8146 -48.7540 1.3157 -40.2226 16.2296 -31.2143 -46.3873 -14.4552 -42.6029 22.3531 -33.3164 -38.2476 -19.9062 -44.6222 28.0782 -35.0889 -22.3375 -23.2182 -46.5795 35.2180 -40.6744 35.0247 -46.8844 -23.7873 -18.0597 -35.4419 29.2529 -45.0081 -20.6833 -35.6689 -33.6868 23.4780 -43.0039 -15.7529 -45.4677 -31.5905 17.2622 -40.6237 -2.8778 -48.6595 -29.1842 10.3623 -38.8657 30.0299 -48.4653 -26.4812 -0.7165 -36.8968 33.3105 -46.1791 -22.4097 -29.7331 -34.1518 24.2174 -43.0369 -15.2015 -46.3480 -31.0557 15.3203 -39.9039 10.4269 -48.8994 -27.9461 5.9161 -37.8887 35.0544 -47.3654 -24.4408 -15.5952 -35.3531 28.3784
-34.2471 -23.6545 -23.3912 -46.7539 34.5632 -37.3981 3.0177 -27.2521 -48.7989 20.8904 -39.4841 13.3792 -30.3437 -47.6128 -12.4272 -42.2892 22.1244 -33.4672 -35.6063 -21.1748 -45.5133 31.5352 -36.3536 -5.2265 -25.7653 -48.0975 33.3062 -38.4844 8.6661 -28.6597 -48.7941 2.6290 -40.1531 16.0983 -31.1903 -46.3873 -14.5431 -42.6542 22.5768 -33.4179 -37.4263 -20.2238 -44.7981 28.6671 -35.2810 -19.9414 -23.4825 -46.5857 34.2936 -38.0686 16.7709 -38.2209 34.8002 -46.9175 -24.0455 -15.6538 -35.6281 29.8309 -45.1809 -20.9776 -34.7076 -33.7885 23.7057 -43.0554 -15.8299 -45.4677 -31.5664 17.1291 -40.5434 -1.8141 -48.6993 -29.0300 9.8214 -38.7316 31.4926 -48.3306 -26.1994 -2.4562 -36.6673 32.5633 -45.8830 -21.8668 -32.5915 -33.8397 23.2343 -42.6893 -13.9980 -47.0181 -30.7200 14.4028 -39.7101 15.6144 -48.8768 -27.6155 4.6098 -37.6552 34.9682 -47.0829 -23.9577 -19.4187 -34.6197
-28.3653 -22.8587 -46.4470 33.9837 -37.1568 1.3967 -26.9211 -48.6867 24.9749 -39.2729 12.4394 -30.0094 -48.0193 -10.7829 -41.9316 21.1558 -33.1444 -37.8403 -20.5573 -45.1981 30.6325 -36.0904 -7.7375 -25.4192 -47.9120 34.1381 -38.3237 7.9594 -28.4609 -48.8464 4.7721 -40.0642 15.8180 -31.1148 -46.4917 -14.4552 -42.6542 22.6481 -33.4658 -36.9162 -20.4349 -44.9273 29.1337 -35.4386 -17.8030 -23.7771 -46.7431 34.1764 -37.2608 5.9466 -32.4392 6.7690 -37.4949 34.7454 -47.0738 -24.3226 -13.6088 -35.7811 30.2795 -45.3080 -21.1735 -34.1125 -33.8370 23.7783 -43.0554 -15.7529 -45.6019 -31.4909 16.8469 -40.4049 -0.0868 -48.7413 -28.8321 9.1431 -38.5729 32.8148 -48.1646 -25.8750 -4.5997 -36.4133 31.7152 -45.5737 -21.2869 -35.1913 -33.5157 22.2514 -42.3340 -12.6114 -47.5554 -30.3848 13.4809 -39.5078 20.4175 -48.8087 -27.2865 3.1744 -37.4218 34.6143 -46.7866 -23.4518 -24.4252
-21.8277 -46.1307 33.2485 -36.9006 -0.4508 -26.5789 -48.5391 28.2972 -39.0585 11.4851 -29.6757 -48.3245 -8.8326 -41.5721 20.1902 -32.8126 -39.8245 -19.8847 -44.8741 29.6708 -35.8125 -10.7032 -25.0332 -47.6982 34.7215 -38.1426 7.1108 -28.2309 -48.8864 7.7157 -39.9647 15.3973 -30.9861 -46.7018 -14.1737 -42.6029 22.5768 -33.4658 -36.7505 -20.5321 -45.0037 29.4488 -35.5529 -16.1296 -24.0239 -46.9023 34.4268 -37.1904 1.5458 -28.5954 -45.2653 -28.7742 3.1632 -37.4473 34.9007 -47.2265 -24.5550 -12.0339 -35.8943 30.5805 -45.3835 -21.2656 -33.9195 -33.8370 23.7057 -43.0039 -15.5068 -45.8673 -31.3626 16.4258 -40.2208 2.3781 -48.8009 -28.6005 8.3451 -38.3920 33.8680 -47.9705 -25.5123 -7.1484 -36.1429 30.8012 -45.2554 -20.6579 -37.5449 -33.1840 21.2751 -41.9755 -10.9989 -47.9753 -30.0503 12.5494 -39.2995 24.5669 -48.7007 -26.9576 1.5776 -37.1831 34.0516 -46.4798 -22.3746
-45.8168 32.3973 -36.6294 -2.5905 -26.2157 -48.3609 30.8519 -38.8416 10.5123 -29.3428 -48.5411 -6.4742 -41.2128 19.2370 -32.4771 -41.5463 -19.1470 -44.5359 28.6644 -35.5217 -14.0457 -24.6149 -47.4577 35.0210 -37.9437 6.1186 -27.9712 -48.9014 11.2863 -39.8428 14.8550 -30.8095 -46.9932 -13.6808 -42.4933 22.3531 -33.4179 -36.9162 -20.5321 -45.0280 29.5970 -35.6207 -15.0078 -24.2030 -47.0303 34.6585 -37.2769 1.1402 -27.0645 -48.7816 -16.5689 -48.8043 -27.3813 2.9425 -37.5384 35.0098 -47.3459 -24.7271 -10.9733 -35.9617 30.7308 -45.4074 -21.2656 -34.1125 -33.7885 23.4780 -42.8945 -15.0753 -46.2300 -31.1864 15.8841 -40.0559 5.5898 -48.8654 -28.3389 7.4262 -38.1967 34.5964 -47.7494 -25.1179 -10.1126 -35.8605 29.8289 -44.9226 -19.9707 -39.5938 -32.8522 20.3073 -41.6160 -9.0906 -48.2922 -29.7165 11.6024 -39.0862 27.9520 -48.5576 -26.6196 -0.2361 -36.9299 33.3324 -46.1627
31.2918 -36.3056 -5.0753 -25.8298 -48.1578 32.7059 -38.6197 9.5072 -29.0107 -48.6800 -3.5754 -40.8538 18.2965 -32.1407 -43.0228 -18.3488 -44.1896 27.6246 -35.2169 -17.6603 -24.1683 -47.1980 35.0341 -37.7335 4.9895 -27.6875 -48.8845 15.3308 -39.6980 14.2179 -30.5940 -47.3283 -12.9588 -42.3316 21.9776 -33.3164 -37.4263 -20.4349 -45.0037 29.5970 -35.6423 -14.4749 -24.3095 -47.1181 34.8054 -37.3710 1.7092 -26.8223 -48.5251 13.5625 -43.0355 9.9954 -48.6514 -27.1825 3.4703 -37.6320 35.0536 -47.4268 -24.8286 -10.4817 -35.9831 30.7308 -45.3835 -21.1735 -34.7076 -33.6868 23.0894 -42.7310 -14.4521 -46.6513 -30.9706 15.2481 -39.9174 9.5316 -48.8980 -28.0529 6.3895 -37.9899 34.9820 -47.5068 -24.6954 -13.4770 -35.5650 28.8033 -44.5784 -19.2369 -41.3531 -32.5174 19.3517 -41.2563 -6.7877 -48.5190 -29.3834 10.6328 -38.8684 30.5797 -48.3841 -26.2608 -2.3250 -36.6165 32.1022
-35.6524 -7.9394 -25.4215 -47.9317 33.9619 -38.3948 8.4592 -28.6793 -48.7746 0.0049 -40.4954 17.3662 -31.8040 -44.2704 -17.4798 -43.8409 26.5804 -34.9006 -21.4385 -23.6900 -46.9232 34.7951 -37.5156 3.7214 -27.3909 -48.8325 19.5027 -39.5329 13.5035 -30.3490 -47.6672 -11.9885 -42.1227 21.4670 -33.1646 -38.2476 -20.2238 -44.9273 29.4488 -35.6207 -14.4749 -24.3435 -47.1591 34.8785 -37.4380 2.2511 -26.8768 -48.5697 27.2206 -39.9909 25.0373 -40.1209 23.5427 -48.7172 -27.2473 3.9521 -37.6984 35.0612 -47.4676 -24.8607 -10.4817 -35.9617 30.5805 -45.3080 -20.9776 -35.6690 -33.5375 22.5704 -42.5230 -13.6268 -47.0890 -30.7241 14.5369 -39.7571 14.0185 -48.8922 -27.7563 5.2437 -37.7753 35.0521 -47.2444 -24.2413 -17.1523 -35.2569 27.7535 -44.2299 -18.4457 -42.8647 -32.1790 18.4074 -40.8964 -3.9599 -48.6670 -29.0510 9.6318 -38.6469 32.5132 -48.1839 -25.8782 -4.7486 -35.9958
-12.2332 -24.9943 -47.6856 34.7093 -38.1674 7.3546 -28.3486 -48.8539 4.3402 -40.1798 16.4435 -31.4672 -45.3139 -16.5253 -43.4865 25.5422 -34.5792 -25.1514 -23.1764 -46.6293 34.3404 -37.2912 2.2821 -27.0859 -48.7435 23.3915 -39.3510 12.7158 -30.0787 -47.9790 -10.7644 -41.8746 20.8446 -32.9728 -39.2869 -19.9062 -44.7981 29.1337 -35.5529 -15.0078 -24.3095 -47.1591 34.9003 -37.4688 2.5463 -26.9413 -48.6040 28.4931 -39.1211 14.3769 -34.7532 15.0351 -39.3465 24.6200 -48.7415 -27.3231 4.2400 -37.7356 35.0618 -47.4672 -24.8286 -10.9733 -35.8943 30.2795 -45.1808 -20.6832 -36.8917 -33.3485 21.9437 -42.2780 -12.5879 -47.5040 -30.4520 13.7495 -39.5798 18.4916 -48.8470 -27.4534 3.9714 -37.5553 34.8479 -46.9628 -23.7552 -20.9727 -34.9398 26.7013 -43.8783 -17.5773 -44.1461 -31.8395 17.4727 -40.5366 -0.4596 -48.7637 -28.7190 8.5887 -38.4221 33.8377 -47.9603 -25.4770 -8.4218
-23.8340 -47.4226 35.0333 -37.9380 6.1767 -28.0186 -48.8970 9.2973 -39.9480 15.5248 -31.1303 -46.1781 -15.4664 -43.1290 24.5050 -34.2527 -28.6213 -22.6313 -46.3194 33.6998 -37.0522 0.6270 -26.7714 -48.6213 26.7716 -39.1562 11.8708 -29.7884 -48.2506 -9.2214 -41.6002 20.1473 -32.7484 -40.4473 -19.4954 -44.6222 28.6671 -35.4386 -16.1296 -24.2030 -47.1181 34.8792 -37.4701 1.9961 -26.8741 -48.6091 27.1789 -38.6736 11.2707 -31.3485 -29.5066 -31.2647 12.7663 -39.2934 22.1094 -48.8225 -27.3000 4.5500 -37.8444 35.0623 -47.4263 -24.7271 -12.0339 -35.7811 29.8308 -45.0080 -20.3018 -38.2653 -33.1248 21.2338 -42.0037 -11.3086 -47.8759 -30.1598 12.9182 -39.3927 22.5981 -48.7639 -27.1415 2.5281 -37.3257 34.4092 -46.6665 -23.2411 -24.7078 -34.6178 25.6545 -43.5242 -16.6284 -45.2148 -31.5017 16.5428 -40.2079 3.8043 -48.8453 -28.3864 7.4892 -38.1942 34.6429 -47.7168 -24.3034
-47.1071 35.0088 -37.7069 4.9033 -27.6890 -48.8859 14.4799 -39.7533 14.6054 -30.7924 -46.8844 -14.2772 -42.7687 23.4766 -33.9224 -31.7732 -22.0574 -46.0000 32.9173 -36.7937 -1.2907 -26.4318 -48.4674 29.5295 -38.9543 10.9887 -29.4880 -48.4675 -7.2765 -41.2995 19.3882 -32.4947 -41.6465 -18.9895 -44.4095 28.0782 -35.2810 -17.8032 -24.0239 -47.0303 34.8062 -37.4397 2.6064 -27.1911 -48.5819 29.2838 -38.7514 10.2534 -29.6214 -47.3971 -22.9413 -46.7953 -30.1078 12.2306 -39.3864 23.8326 -48.7474 -27.3615 3.9526 -37.6921 35.0532 -47.3459 -24.5550 -13.6131 -35.6280 29.2526 -44.7982 -19.8339 -39.6937 -32.8717 20.4615 -41.7029 -9.7249 -48.1848 -29.8579 12.0571 -39.1968 26.1894 -48.6443 -26.8192 0.8665 -37.0826 33.7864 -46.3577 -22.6995 -28.2126 -34.2920 24.6181 -43.1681 -15.5840 -46.0947 -31.1655 15.6197 -39.9661 8.7423 -48.8956 -28.0537 6.3164 -37.9639 35.0103 -47.4073
