-11.8862 -23.9192 -47.1608 33.2085 -36.9373 -0.0005 -25.5904 -48.1837 28.7995 -38.0335 6.6135 -27.1074 -48.7835 12.9224 -39.1194 11.3334 -28.6075 -48.7492 -4.6262 -40.3583 15.4924 -30.1088 -47.7453 -12.7317 -41.8216 19.6122 -31.6206 -44.5823 -17.0687 -43.2922 23.8980 -33.1219 -37.6013 -20.0275 -44.7487 28.2899 -34.5871 -24.7651 -22.3329 -46.1374 32.0477 -35.9705 -8.7003 -24.2653 -47.3824 32.9930 -37.1805 2.0497 -26.5239 -48.8007 -17.6496 -48.8108 -26.8531 3.7724 -37.4608 32.2740 -47.6677 -24.7157 -5.3891 -36.2991 32.6966 -46.4772 -22.8632 -20.5301 -34.9563 29.3673 -45.1126 -20.6668 -34.9077 -33.5063 25.0379 -43.6720 -17.9189 -43.2420 -32.0053 20.6956 -42.2012 -14.0665 -47.1865 -30.4992 16.5429 -40.7315 -7.3562 -48.6339 -28.9950 12.4349 -39.3962 7.5235 -48.8266 -27.4921 7.9300 -38.3143 25.9017 -48.3928 -25.9893 2.0283 -37.2229 32.8795 -47.4600 -24.3838 -8.0805
-23.9192 -47.3471 34.9841 -37.4096 2.0222 -26.7197 -48.4411 31.9723 -38.4074 7.8469 -28.1689 -48.8973 17.2943 -39.3162 12.2243 -29.6012 -48.5785 -2.8458 -40.4143 16.2321 -31.0437 -47.0295 -12.5854 -41.9688 20.2896 -32.4991 -42.8856 -17.5675 -43.5176 24.5986 -33.9359 -34.3048 -20.8795 -45.0349 29.1418 -35.3225 -19.7938 -23.4042 -46.4543 33.2680 -36.5943 -4.9669 -25.4404 -47.6929 35.0267 -37.6479 3.5951 -27.1577 -48.6146 9.8816 -43.1984 6.4000 -48.7086 -27.5110 5.1327 -37.9004 34.6252 -47.9657 -25.8916 -2.2636 -36.8879 34.0764 -46.7973 -23.9730 -15.5079 -35.6657 30.2811 -45.4103 -21.5896 -31.0955 -34.3023 25.7623 -43.9148 -18.5217 -41.2062 -32.8686 21.3752 -42.3716 -14.1350 -46.2685 -31.4194 17.2545 -40.8106 -6.1946 -48.3511 -29.9739 13.2739 -39.5362 11.6031 -48.8805 -28.5334 9.0474 -38.6495 29.5240 -48.6241 -27.0932 3.7396 -37.6636 35.0205 -47.6481 -24.3838
-47.1608 34.9841 -37.5543 2.9664 -26.9562 -48.5853 30.0871 -38.7003 8.8750 -28.4816 -48.8870 12.2632 -39.6384 13.1574 -29.9340 -48.3805 -5.8745 -40.7727 17.1553 -31.3863 -46.3614 -13.9740 -42.3276 21.2576 -32.8473 -41.3795 -18.4324 -43.8732 25.6332 -34.2853 -31.4673 -21.5152 -45.3734 30.1743 -35.6662 -15.9532 -23.9099 -46.7602 33.9982 -36.9085 -2.5107 -25.8451 -47.9396 34.6948 -37.9428 4.9353 -27.3868 -48.7309 23.4851 -40.1808 25.8853 -40.3033 19.0598 -48.8267 -27.7516 6.3522 -38.2001 33.8156 -48.1883 -26.2689 -0.1716 -37.1920 34.6307 -47.0909 -24.4513 -11.8559 -36.0018 31.2813 -45.7445 -22.1879 -27.8700 -34.6508 26.8085 -44.2656 -19.3094 -39.4000 -33.2205 22.3631 -42.7301 -15.3333 -45.4274 -31.7629 18.1821 -41.1709 -8.6022 -48.0559 -30.3079 14.1936 -39.8585 6.5658 -48.8074 -28.8501 10.0244 -38.9460 26.9298 -48.7378 -27.3234 4.5762 -37.8139 35.0205 -47.4600
33.2085 -37.4096 2.9664 -27.0479 -48.6633 28.3239 -38.8702 9.7490 -28.7728 -48.8290 7.3771 -39.8292 14.0617 -30.2633 -48.1002 -8.3315 -41.1308 18.0832 -31.7240 -45.5347 -15.1940 -42.6864 22.2427 -33.1824 -39.6090 -19.2303 -44.2272 26.6854 -34.6112 -28.2810 -22.1173 -45.7065 31.1756 -35.9704 -12.2441 -24.3951 -47.0556 34.5734 -37.1630 -0.3959 -26.2301 -48.1655 33.9280 -38.1712 6.2018 -27.6986 -48.8269 22.8346 -39.4192 15.3912 -35.0576 16.0203 -39.6283 17.9172 -48.8867 -28.0671 7.5165 -38.4271 32.4798 -48.3879 -26.6285 1.6401 -37.4316 34.9751 -47.3721 -24.9090 -8.5150 -36.2944 32.2310 -46.0712 -22.7557 -24.3359 -34.9724 27.8609 -44.6138 -20.0465 -37.2880 -33.5561 23.3674 -43.0879 -16.4034 -44.4080 -32.0995 19.1212 -41.5301 -10.5770 -47.6656 -30.6370 15.0909 -40.0414 2.1209 -48.7262 -29.1421 10.8549 -39.1111 24.6124 -48.7964 -27.4158 4.5762 -37.6636 32.8795
-36.9373 2.0222 -26.9562 -48.6633 27.5733 -38.9681 10.3525 -29.0046 -48.7578 3.2849 -39.9994 14.9115 -30.5785 -47.7336 -10.3212 -41.4825 19.0109 -32.0593 -44.5373 -16.2785 -43.0443 23.2442 -33.5163 -37.5453 -19.9703 -44.5771 27.7452 -34.9329 -24.7818 -22.6882 -46.0330 32.1263 -36.2651 -8.8507 -24.8581 -47.3384 34.9460 -37.4033 1.4382 -26.5911 -48.3684 32.6481 -38.3992 7.3779 -28.0254 -48.8857 19.1311 -39.4049 12.8127 -31.7529 -24.4628 -31.9392 13.7499 -39.6297 13.6262 -48.8937 -28.3958 8.6120 -38.6516 30.5331 -48.5620 -26.9685 3.2335 -37.6644 35.0530 -47.6385 -25.3440 -5.5714 -36.5785 33.1003 -46.3896 -23.2950 -20.5823 -35.2891 28.9103 -44.9582 -20.7374 -34.8550 -33.8886 24.3870 -43.4443 -17.3684 -43.1877 -32.4344 20.0707 -41.8833 -12.2133 -47.1777 -30.9541 15.9402 -40.2833 -1.3048 -48.6521 -29.3727 11.4325 -39.2051 23.6462 -48.7964 -27.3234 3.7396 -37.2229
-0.0005 -26.7197 -48.5853 28.3239 -38.9681 10.5701 -29.1345 -48.7092 0.4361 -40.1735 15.6630 -30.8650 -47.2962 -11.9241 -41.8234 19.9229 -32.3863 -43.3637 -17.2523 -43.4002 24.2613 -33.8484 -35.1607 -20.6616 -44.9227 28.7995 -35.2513 -21.0492 -23.2306 -46.3516 33.0027 -36.5495 -5.8570 -25.2981 -47.6083 35.0599 -37.6361 3.0509 -26.9305 -48.5444 30.7654 -38.6263 8.4868 -28.3554 -48.8967 14.3534 -39.5677 12.9668 -30.3490 -46.3307 -23.7733 -45.7798 -30.6692 13.9708 -39.7893 8.5549 -48.8429 -28.7266 9.6532 -38.8730 27.8738 -48.7049 -27.2991 4.6571 -37.8957 34.7981 -47.8879 -25.7565 -3.0166 -36.8522 33.8593 -46.6983 -23.8082 -16.7510 -35.6001 29.9463 -45.2999 -21.3843 -32.0849 -34.2178 25.4184 -43.7972 -18.2391 -41.7571 -32.7622 21.0050 -42.2268 -13.5678 -46.6110 -31.2421 16.6930 -40.5514 -3.5844 -48.5744 -29.5040 11.6443 -39.2051 24.6124 -48.7378 -27.0932 2.0283
-25.5904 -48.4411 30.0871 -38.8702 10.3525 -29.1345 -48.6919 -0.9930 -40.3314 16.2385 -31.1037 -46.8355 -13.1757 -42.1413 20.8037 -32.6990 -42.0141 -18.1143 -43.7473 25.2806 -34.1748 -32.4422 -21.3097 -45.2627 29.8382 -35.5650 -17.1979 -23.7468 -46.6613 33.7747 -36.8222 -3.2725 -25.7146 -47.8615 34.8471 -37.8675 4.4913 -27.2597 -48.6902 28.1958 -38.8493 9.5411 -28.6861 -48.8524 9.1895 -39.7597 13.7406 -30.2423 -47.8722 -15.3022 -46.2674 -16.0727 -47.4204 -30.6027 14.7609 -39.9759 3.6765 -48.7615 -29.0581 10.6530 -39.0893 24.4401 -48.8118 -27.6285 5.9507 -38.1254 34.1347 -48.1179 -26.1467 -0.8177 -37.1112 34.4705 -46.9962 -24.2968 -13.0216 -35.9042 30.9551 -45.6342 -21.9920 -28.9986 -34.5398 26.4474 -44.1418 -19.0242 -40.1333 -33.0755 21.9017 -42.5442 -14.6394 -46.0240 -31.4790 17.2677 -40.7327 -4.7320 -48.5405 -29.5040 11.4325 -39.1111 26.9298 -48.6241 -25.9893
-48.1837 31.9723 -38.7003 9.7490 -29.0046 -48.7092 -0.9930 -40.3962 16.5512 -31.2644 -46.4274 -14.0998 -42.4143 21.6044 -32.9871 -40.5398 -18.8690 -44.0784 26.2798 -34.4905 -29.4394 -21.9152 -45.5942 30.8416 -35.8685 -13.4470 -24.2383 -46.9605 34.4054 -37.0816 -1.0523 -26.1071 -48.0944 34.2291 -38.0965 5.7985 -27.5885 -48.8013 24.8731 -39.0681 10.5488 -29.0187 -48.7728 4.2437 -39.9523 14.6305 -30.4879 -47.8025 -11.4521 -42.9683 34.6265 -43.2163 -13.0188 -47.2872 -30.8581 15.6581 -40.2187 -0.5526 -48.6645 -29.3903 11.6220 -39.3030 20.2497 -48.8785 -27.9580 7.1444 -38.3532 32.9788 -48.3255 -26.5143 1.0771 -37.3546 34.8890 -47.2818 -24.7620 -9.5645 -36.2002 31.9186 -45.9599 -22.5591 -25.6368 -34.8519 27.4557 -44.4709 -19.7230 -38.3753 -33.3626 22.7106 -42.8138 -15.4299 -45.5185 -31.6373 17.5789 -40.7976 -4.7320 -48.5744 -29.3727 10.8549 -38.9460 29.5240 -48.3928
28.7995 -38.4074 8.8750 -28.7728 -48.7578 0.4361 -40.3314 16.5512 -31.3204 -46.1839 -14.6756 -42.6181 22.2550 -33.2312 -39.0504 -19.5168 -44.3882 27.2321 -34.7917 -26.2266 -22.4732 -45.9133 31.7924 -36.1621 -9.9746 -24.7063 -47.2476 34.8499 -37.3259 0.8664 -26.4760 -48.3051 33.1266 -38.3253 7.0029 -27.9178 -48.8729 20.7836 -39.2821 11.5229 -29.3536 -48.6773 -0.0760 -40.1855 15.5448 -30.8050 -47.4173 -11.7469 -42.0646 24.3033 -37.5315 25.0007 -42.4232 -13.3712 -46.7735 -31.1804 16.5751 -40.5466 -4.0282 -48.5151 -29.7233 12.5735 -39.5135 15.4154 -48.8988 -28.2880 8.2610 -38.5786 31.2414 -48.5087 -26.8598 2.7344 -37.5884 35.0607 -47.5531 -25.2031 -6.4937 -36.4835 32.8019 -46.2730 -23.0871 -22.1217 -35.1496 28.4123 -44.7769 -20.3215 -36.6136 -33.6045 23.3661 -43.0171 -15.9286 -45.2139 -31.6930 17.5789 -40.7327 -3.5844 -48.6521 -29.1421 10.0244 -38.6495 25.9017
-38.0335 7.8469 -28.4816 -48.8290 3.2849 -40.1735 16.2385 -31.2644 -46.1839 -14.8682 -42.7279 22.6916 -33.4123 -37.7146 -20.0331 -44.6569 28.0981 -35.0679 -22.9641 -22.9810 -46.2152 32.6612 -36.4408 -6.9127 -25.1456 -47.5181 35.0546 -37.5597 2.5443 -26.8211 -48.4900 31.4515 -38.5533 8.1336 -28.2476 -48.8991 16.0254 -39.4909 12.4723 -29.6884 -48.5352 -3.6584 -40.5028 16.4628 -31.1380 -46.8648 -13.0216 -42.1335 21.5411 -34.6126 2.5732 -34.7966 22.5286 -42.5222 -14.4926 -46.0619 -31.5153 17.4986 -40.9050 -6.8408 -48.2866 -30.0571 13.5115 -39.7169 10.2465 -48.8662 -28.6185 9.3183 -38.8011 28.8190 -48.6624 -27.1899 4.2041 -37.8187 34.9257 -47.8057 -25.6143 -3.8897 -36.7487 33.5663 -46.5653 -23.5709 -18.7019 -35.4197 29.2721 -45.0418 -20.8011 -35.0448 -33.7846 23.8167 -43.1294 -16.1006 -45.2139 -31.6373 17.2677 -40.5514 -1.3048 -48.7262 -28.8501 9.0474 -38.3143
6.6135 -28.1689 -48.8870 7.3771 -39.9994 15.6630 -31.1037 -46.4274 -14.6756 -42.7279 22.8460 -33.5116 -36.7530 -20.4003 -44.8674 28.8221 -35.3041 -19.9148 -23.4324 -46.4936 33.4080 -36.6989 -4.3191 -25.5504 -47.7676 34.9644 -37.7881 4.0195 -27.1488 -48.6457 29.1224 -38.7760 9.2026 -28.5781 -48.8733 10.8792 -39.6938 13.4051 -30.0227 -48.3149 -6.5604 -40.8611 17.3853 -31.4744 -46.1592 -14.3166 -42.4348 21.7111 -33.4758 -29.3417 -28.2001 -27.0943 -33.7871 22.7856 -42.8315 -15.6291 -45.1762 -31.8520 18.4301 -41.2641 -9.1335 -47.9677 -30.3928 14.4368 -39.9129 5.2124 -48.7895 -28.9498 10.3304 -39.0200 25.6659 -48.7805 -27.5159 5.5221 -38.0440 34.4321 -48.0334 -25.9929 -1.7142 -36.9928 34.1851 -46.8335 -23.9940 -15.6384 -35.6509 29.9842 -45.2495 -21.1433 -33.9298 -33.8829 23.9808 -43.1294 -15.9286 -45.5185 -31.4790 16.6930 -40.2833 2.1209 -48.8074 -28.5334 7.9300
-27.1074 -48.8973 12.2632 -39.8292 14.9115 -30.8650 -46.8355 -14.0998 -42.6181 22.6916 -33.5116 -36.3963 -20.5976 -45.0062 29.3500 -35.4885 -17.3457 -23.8055 -46.7361 34.0056 -36.9312 -2.1699 -25.9187 -47.9933 34.5387 -38.0087 5.3249 -27.4685 -48.7666 26.0923 -38.9940 10.2138 -28.9092 -48.7982 5.8042 -39.8899 14.3277 -30.3573 -48.0053 -8.9113 -41.2220 18.3156 -31.8110 -45.2932 -15.4936 -42.7823 22.5408 -33.3773 -36.9322 -22.7889 -48.5795 -23.1645 -34.4731 -33.7324 23.6555 -43.1819 -16.6677 -44.1054 -32.1888 19.3724 -41.6235 -11.0346 -47.5431 -30.7308 15.3564 -40.1296 0.7452 -48.6979 -29.2817 11.3083 -39.2341 21.7770 -48.8605 -27.8355 6.6998 -38.2618 33.5314 -48.2374 -26.3404 0.1057 -37.2113 34.6311 -47.0647 -24.3459 -13.1577 -35.8321 30.4995 -45.3863 -21.3234 -33.5228 -33.8829 23.8167 -43.0171 -15.4299 -46.0240 -31.2421 15.9402 -40.0414 6.5658 -48.8805 -27.4921
-48.7835 17.2943 -39.6384 14.0617 -30.5785 -47.2962 -13.1757 -42.4143 22.2550 -33.4123 -36.7530 -20.5976 -45.0546 29.6334 -35.6074 -15.4970 -24.0868 -46.9307 34.4352 -37.1281 -0.4598 -26.2454 -48.1904 33.7545 -38.2209 6.4977 -27.7817 -48.8499 22.4048 -39.2025 11.1786 -29.2395 -48.7086 1.2527 -40.0964 15.2453 -30.6925 -47.5942 -10.8529 -41.5840 19.2614 -32.1476 -44.2465 -16.5472 -43.1390 23.5154 -33.6239 -36.5081 -20.9048 -46.0205 22.8601 -46.2430 -21.5436 -33.7483 -33.9879 24.6580 -43.5376 -17.6090 -42.8259 -32.5252 20.3276 -41.9830 -12.6498 -46.9980 -31.0670 16.2728 -40.4289 -2.9667 -48.5725 -29.6110 12.2500 -39.4393 17.3122 -48.8981 -28.1471 7.7755 -38.4722 32.1964 -48.4129 -26.6468 1.5798 -37.3964 34.9007 -47.2501 -24.6162 -11.4196 -35.9483 30.7740 -45.4339 -21.3234 -33.9298 -33.7846 23.3661 -42.8138 -14.6394 -46.6110 -30.9541 15.0909 -39.8585 11.6031 -48.8266
12.9224 -39.3162 13.1574 -30.2633 -47.7336 -11.9241 -42.1413 21.6044 -33.2312 -37.7146 -20.4003 -45.0062 29.6334 -35.6483 -14.5106 -24.2666 -47.0680 34.7034 -37.2833 0.8497 -26.5215 -48.3552 32.6346 -38.4205 7.5497 -28.0854 -48.8942 18.1447 -39.4006 12.0943 -29.5615 -48.5946 -2.5199 -40.3841 16.1606 -31.0277 -47.0681 -12.4852 -41.9443 20.2220 -32.4839 -42.9944 -17.4990 -43.4951 24.5339 -33.9387 -34.3852 -20.9740 -45.3255 33.6408 -39.7801 34.1235 -45.6584 -21.6563 -31.2423 -34.3043 25.6940 -43.8921 -18.4694 -41.3105 -32.8611 21.2975 -42.3423 -14.0337 -46.3255 -31.4004 17.1857 -40.7836 -5.9496 -48.3764 -29.9328 13.1463 -39.6334 12.5404 -48.8899 -28.4537 8.7599 -38.6706 30.4777 -48.5519 -26.9004 2.7195 -37.5428 35.0246 -47.3823 -24.7877 -10.5149 -35.9883 30.7740 -45.3863 -21.1433 -35.0448 -33.6045 22.7106 -42.5442 -13.5678 -47.1777 -30.6370 14.1936 -39.5362 7.5235
-39.1194 12.2243 -29.9340 -48.1002 -10.3212 -41.8234 20.8037 -32.9871 -39.0504 -20.0331 -44.8674 29.3500 -35.6074 -14.5106 -24.3286 -47.1411 34.8401 -37.3923 1.7946 -26.7350 -48.4817 31.2799 -38.5998 8.4714 -28.3736 -48.8960 13.5246 -39.5943 12.9754 -29.8746 -48.4163 -5.5213 -40.7339 17.0675 -31.3604 -46.4156 -13.8849 -42.3010 21.1851 -32.8199 -41.5095 -18.3681 -43.8494 25.5694 -34.2652 -31.6453 -21.5000 -45.4101 31.1384 -37.1251 13.1109 -37.2840 32.0929 -45.7680 -22.1623 -28.1027 -34.6290 26.7427 -44.2440 -19.2626 -39.5298 -33.1961 22.2833 -42.7010 -15.2407 -45.5025 -31.7338 18.0966 -41.1320 -8.3146 -48.1074 -30.2486 14.0147 -39.8191 7.7564 -48.8355 -28.7424 9.6352 -38.8480 28.5680 -48.6558 -27.1024 3.5334 -37.6481 35.0575 -47.4517 -24.8465 -10.5149 -35.9483 30.4995 -45.2495 -20.8011 -36.6136 -33.3626 21.9017 -42.2268 -12.2133 -47.6656 -30.3079 13.2739 -39.3962
11.3334 -29.6012 -48.3805 -8.3315 -41.4825 19.9229 -32.6990 -40.5398 -19.5168 -44.6569 28.8221 -35.4885 -15.4970 -24.2666 -47.1411 34.8800 -37.4493 2.3715 -26.8817 -48.5690 29.9156 -38.7479 9.2448 -28.6333 -48.8593 9.0383 -39.7731 13.8249 -30.1837 -48.1657 -7.9140 -41.0744 17.9568 -31.6856 -45.6236 -15.1024 -42.6570 22.1617 -33.1552 -39.7630 -19.1688 -44.2013 26.6155 -34.5913 -28.4869 -22.0832 -45.6949 31.3010 -36.3507 0.2592 -31.4047 1.4693 -36.6095 32.3154 -46.0525 -22.7166 -24.5870 -34.9515 27.7952 -44.5922 -19.9995 -37.4547 -33.5298 23.2851 -43.0581 -16.3097 -44.5130 -32.0618 19.0006 -41.4728 -10.2370 -47.7547 -30.5595 14.8569 -39.9908 3.5663 -48.7633 -28.9999 10.3784 -38.9950 26.7314 -48.7254 -27.2482 4.0311 -37.7058 35.0599 -47.4517 -24.7877 -11.4196 -35.8321 29.9842 -45.0418 -20.3215 -38.3753 -33.0755 21.0050 -41.8833 -10.5770 -48.0559 -29.9739 12.4349
-28.6075 -48.5785 -5.8745 -41.1308 19.0109 -32.3863 -42.0141 -18.8690 -44.3882 28.0981 -35.3041 -17.3457 -24.0868 -47.0680 34.8401 -37.4493 2.5640 -26.9591 -48.6210 28.7958 -38.8590 9.8462 -28.8490 -48.7937 5.1829 -39.9314 14.6119 -30.4793 -47.8434 -9.8673 -41.4084 18.8375 -32.0037 -44.6899 -16.1587 -43.0074 23.1508 -33.4873 -37.7265 -19.9121 -44.5500 27.6672 -34.9134 -25.0073 -22.6536 -46.0132 32.0975 -36.3277 -6.0229 -27.3108 -47.7433 -27.5288 -3.4197 -36.6271 33.0564 -46.3648 -23.2562 -20.8451 -35.2672 28.8423 -44.9361 -20.6870 -35.0640 -33.8585 24.2904 -43.4068 -17.2533 -43.3677 -32.3805 19.8915 -41.8097 -11.8478 -47.3208 -30.8558 15.6412 -40.1818 0.2766 -48.6996 -29.2181 10.9503 -39.1049 25.2211 -48.7646 -27.3252 4.2030 -37.7058 35.0575 -47.3823 -24.6162 -13.1577 -35.6509 29.2721 -44.7769 -19.7230 -40.1333 -32.7622 20.0707 -41.5301 -8.6022 -48.3511 -28.9950
-48.7492 -2.8458 -40.7727 18.0832 -32.0593 -43.3637 -18.1143 -44.0784 27.2321 -35.0679 -19.9148 -23.8055 -46.9307 34.7034 -37.3923 2.3715 -26.9591 -48.6382 28.1439 -38.9334 10.2641 -29.0134 -48.7393 2.2205 -40.0663 15.3135 -30.7514 -47.4637 -11.4460 -41.7323 19.7073 -32.3162 -43.6011 -17.0901 -43.3459 24.1303 -33.8106 -35.4075 -20.5998 -44.8935 28.7155 -35.2295 -21.2962 -23.1958 -46.3305 32.9516 -36.5439 -5.5265 -25.8357 -48.3686 -12.0073 -48.4817 -26.2255 -2.7957 -36.8428 33.8048 -46.6737 -23.7692 -17.0418 -35.5760 29.8701 -45.2730 -21.3275 -32.3832 -34.1782 25.2800 -43.7437 -18.0977 -42.0487 -32.6926 20.7781 -42.1356 -13.1681 -46.8245 -31.1270 16.3429 -40.4052 -2.1560 -48.6363 -29.3841 11.3554 -39.1767 24.3476 -48.7777 -27.3252 4.0311 -37.6481 35.0246 -47.2501 -24.3459 -15.6384 -35.4197 28.4123 -44.4709 -19.0242 -41.7571 -32.4344 19.1212 -41.1709 -6.1946 -48.6339
-4.6262 -40.4143 17.1553 -31.7240 -44.5373 -17.2523 -43.7473 26.2798 -34.7917 -22.9641 -23.4324 -46.7361 34.4352 -37.2833 1.7946 -26.8817 -48.6210 28.1439 -38.9608 10.4877 -29.1203 -48.7104 0.1767 -40.2112 15.8986 -30.9862 -47.0480 -12.7060 -42.0324 20.5387 -32.6167 -42.3514 -17.9306 -43.6789 25.0970 -34.1235 -32.8349 -21.2322 -45.2270 29.7418 -35.5387 -17.5023 -23.7088 -46.6379 33.7227 -36.8039 -3.3626 -25.7938 -48.0007 27.5356 -42.1601 25.1962 -48.2124 -26.2135 -0.9217 -37.0926 34.4275 -46.9724 -24.2578 -13.3180 -35.8792 30.8640 -45.6010 -21.9214 -29.4415 -34.4884 26.2597 -44.0731 -18.8608 -40.5458 -32.9929 21.6317 -42.4355 -14.2290 -46.2945 -31.3621 16.9235 -40.6053 -3.8139 -48.5761 -29.4915 11.5784 -39.2028 24.3476 -48.7646 -27.2482 3.5334 -37.5428 34.9007 -47.0647 -23.9940 -18.7019 -35.1496 27.4557 -44.1418 -18.2391 -43.1877 -32.0995 18.1821 -40.8106 -7.3562
-40.3583 16.2321 -31.3863 -45.5347 -16.2785 -43.4002 25.2806 -34.4905 -26.2266 -22.9810 -46.4936 34.0056 -37.1281 0.8497 -26.7350 -48.5690 28.7958 -38.9334 10.4877 -29.1577 -48.6906 -1.0420 -40.3514 16.3358 -31.1684 -46.6521 -13.6764 -42.2988 21.3003 -32.8927 -40.9989 -18.6728 -43.9993 26.0563 -34.4282 -30.0050 -21.8177 -45.5466 30.7186 -35.8366 -13.8035 -24.1976 -46.9365 34.3602 -37.0610 -1.1969 -26.0987 -48.1062 33.2922 -39.3406 21.8884 -39.4804 31.6607 -48.3296 -26.5045 0.9421 -37.3356 34.8633 -47.2588 -24.7216 -9.8738 -36.1696 31.8020 -45.9160 -22.4725 -26.2679 -34.7874 27.2288 -44.3903 -19.5409 -38.9238 -33.2683 22.4075 -42.7004 -15.0647 -45.7950 -31.5456 17.3633 -40.7501 -4.7877 -48.5385 -29.5307 11.5784 -39.1767 25.2211 -48.7254 -27.1024 2.7195 -37.3964 34.6311 -46.8335 -23.5709 -22.1217 -34.8519 26.4474 -43.7972 -17.3684 -44.4080 -31.7629 17.2545 -40.7315
15.4924 -31.0437 -46.3614 -15.1940 -43.0443 24.2613 -34.1748 -29.4394 -22.4732 -46.2152 33.4080 -36.9312 -0.4598 -26.5215 -48.4817 29.9156 -38.8590 10.2641 -29.1203 -48.6906 -1.4575 -40.4280 16.6179 -31.2972 -46.3250 -14.3632 -42.5179 21.9603 -33.1354 -39.6036 -19.3110 -44.2960 26.9757 -34.7202 -26.9585 -22.3618 -45.8547 31.6375 -36.1193 -10.3868 -24.6569 -47.2214 34.8182 -37.3062 0.7215 -26.4521 -48.2942 32.9744 -38.5882 11.8528 -33.9770 12.4931 -38.8092 31.0526 -48.4979 -26.8362 2.6092 -37.5683 35.0569 -47.5261 -25.1540 -6.8778 -36.4429 32.6615 -46.2153 -22.9816 -22.9509 -35.0732 28.1499 -44.6854 -20.1306 -37.2711 -33.5088 23.0769 -42.9183 -15.6710 -45.3835 -31.6742 17.6504 -40.8284 -5.1133 -48.5385 -29.4915 11.3554 -39.1049 26.7314 -48.6558 -26.9004 1.5798 -37.2113 34.1851 -46.5653 -23.0871 -25.6368 -34.5398 25.4184 -43.4443 -16.4034 -45.4274 -31.4194 16.5429
-30.1088 -47.0295 -13.9740 -42.6864 23.2442 -33.8484 -32.4422 -21.9152 -45.9133 32.6612 -36.6989 -2.1699 -26.2454 -48.3552 31.2799 -38.7479 9.8462 -29.0134 -48.7104 -1.0420 -40.4280 16.7208 -31.3686 -46.0923 -14.8213 -42.6789 22.4852 -33.3351 -38.2736 -19.8457 -44.5641 27.8224 -34.9890 -23.8418 -22.8625 -46.1486 32.4868 -36.3869 -7.3978 -25.0822 -47.4846 35.0448 -37.5363 2.3986 -26.7926 -48.4771 31.5310 -38.5916 9.1482 -30.5041 -36.1538 -30.6856 10.1662 -38.8314 28.9461 -48.6516 -27.1624 4.0759 -37.7948 34.9587 -47.7728 -25.5553 -4.3092 -36.7004 33.4167 -46.5006 -23.4525 -19.6589 -35.3392 28.9949 -44.9487 -20.6215 -35.7071 -33.7042 23.6096 -43.0799 -16.0727 -45.1005 -31.7432 17.7506 -40.8284 -4.7877 -48.5761 -29.3841 10.9503 -38.9950 28.5680 -48.5519 -26.6468 0.1057 -36.9928 33.5663 -46.2730 -22.5591 -28.9986 -34.2178 24.3870 -43.0879 -15.3333 -46.2685 -30.4992
-47.7453 -12.5854 -42.3276 22.2427 -33.5163 -35.1607 -21.3097 -45.5942 31.7924 -36.4408 -4.3191 -25.9187 -48.1904 32.6346 -38.5998 9.2448 -28.8490 -48.7393 0.1767 -40.3514 16.6179 -31.3686 -46.0042 -15.0647 -42.7807 22.8510 -33.4820 -37.1387 -20.2617 -44.7893 28.5692 -35.2273 -20.8493 -23.3097 -46.4206 33.2349 -36.6399 -4.8417 -25.4746 -47.7265 35.0000 -37.7558 3.8579 -27.1147 -48.6328 29.3356 -38.7699 9.3336 -29.0915 -48.2246 -21.4142 -48.0039 -29.4057 10.4257 -39.0120 25.9331 -48.7712 -27.4811 5.3673 -38.0145 34.5244 -47.9982 -25.9262 -2.1279 -36.9412 34.0477 -46.7653 -23.8759 -16.6170 -35.5743 29.7337 -45.1710 -21.0045 -34.3953 -33.8515 23.9851 -43.1820 -16.2825 -44.9975 -31.7432 17.6504 -40.7501 -3.8139 -48.6363 -29.2181 10.3784 -38.8480 30.4777 -48.4129 -26.3404 -1.7142 -36.7487 32.8019 -45.9599 -21.9920 -32.0849 -33.8886 23.3674 -42.7301 -14.1350 -47.1865
-12.7317 -41.9688 21.2576 -33.1824 -37.5453 -20.6616 -45.2627 30.8416 -36.1621 -6.9127 -25.5504 -47.9933 33.7545 -38.4205 8.4714 -28.6333 -48.7937 2.2205 -40.2112 16.3358 -31.2972 -46.0923 -15.0647 -42.8167 23.0442 -33.5725 -36.3082 -20.5542 -44.9615 29.1653 -35.4266 -18.1959 -23.6924 -46.6643 33.8513 -36.8705 -2.6854 -25.8357 -47.9484 34.6495 -37.9697 5.1399 -27.4272 -48.7546 26.4603 -38.9762 10.1700 -28.9903 -48.7134 -9.5416 -44.9798 -10.8393 -48.6006 -29.3454 11.2569 -39.2169 22.2035 -48.8534 -27.7933 6.5319 -38.2270 33.7196 -48.1990 -26.2662 -0.3062 -37.1586 34.5240 -46.9981 -24.2385 -13.9913 -35.7702 30.3190 -45.3427 -21.2827 -33.4268 -33.9446 24.1837 -43.2179 -16.2825 -45.1005 -31.6742 17.3633 -40.6053 -2.1560 -48.6996 -28.9999 9.6352 -38.6706 32.1964 -48.2374 -25.9929 -3.8897 -36.4835 31.9186 -45.6342 -21.3843 -34.8550 -33.5561 22.3631 -42.3716 -14.0665
-41.8216 20.2896 -32.8473 -39.6090 -19.9703 -44.9227 29.8382 -35.8685 -9.9746 -25.1456 -47.7676 34.5387 -38.2209 7.5497 -28.3736 -48.8593 5.1829 -40.0663 15.8986 -31.1684 -46.3250 -14.8213 -42.7807 23.0442 -33.6031 -35.8616 -20.7322 -45.0795 29.5974 -35.5774 -16.0563 -24.0026 -46.8703 34.3178 -37.0708 -0.9203 -26.1621 -48.1445 33.9649 -38.1781 6.2843 -27.7300 -48.8407 22.9286 -39.1809 11.0923 -29.2283 -48.6996 -2.2394 -41.6478 31.5369 -41.8932 -5.4046 -48.5614 -29.5953 12.1602 -39.4169 17.9009 -48.8955 -28.0979 7.5928 -38.4330 32.5182 -48.3728 -26.5701 1.1965 -37.3463 34.8364 -47.1948 -24.5353 -11.9387 -35.9193 30.7388 -45.4587 -21.4538 -32.8865 -33.9753 24.1837 -43.1820 -16.0727 -45.3835 -31.5456 16.9235 -40.4052 0.2766 -48.7633 -28.7424 8.7599 -38.4722 33.5314 -48.0334 -25.6143 -6.4937 -36.2002 30.9551 -45.2999 -20.7374 -37.2880 -33.2205 21.3752 -42.2012
19.6122 -32.4991 -41.3795 -19.2303 -44.5771 28.7995 -35.5650 -13.4470 -24.7063 -47.5181 34.9644 -38.0087 6.4977 -28.0854 -48.8960 9.0383 -39.9314 15.3135 -30.9862 -46.6521 -14.3632 -42.6789 22.8510 -33.5725 -35.8616 -20.7931 -45.1420 29.8682 -35.6799 -14.5218 -24.2361 -47.0334 34.6362 -37.2409 0.5004 -26.4462 -48.3117 32.9545 -38.3755 7.3273 -28.0259 -48.8897 18.8787 -39.3767 11.9900 -29.5304 -48.6037 -2.8322 -40.7086 20.5210 -36.5605 21.1780 -41.0665 -6.1028 -48.3948 -29.9012 13.0388 -39.6069 13.2843 -48.8948 -28.3960 8.5641 -38.6278 30.9483 -48.5166 -26.8336 2.4171 -37.5057 35.0018 -47.3503 -24.7585 -10.5244 -36.0191 31.0005 -45.5200 -21.5108 -32.8865 -33.9446 23.9851 -43.0799 -15.6710 -45.7950 -31.3621 16.3429 -40.1818 3.5663 -48.8355 -28.4537 7.7755 -38.2618 34.4321 -47.8057 -25.2031 -9.5645 -35.9042 29.9463 -44.9582 -20.0465 -39.4000 -32.8686 20.6956
-31.6206 -42.8856 -18.4324 -44.2272 27.7452 -35.2513 -17.1979 -24.2383 -47.2476 35.0546 -37.7881 5.3249 -27.7817 -48.8942 13.5246 -39.7731 14.6119 -30.7514 -47.0480 -13.6764 -42.5179 22.4852 -33.4820 -36.3082 -20.7322 -45.1420 29.9622 -35.7351 -13.5869 -24.3918 -47.1506 34.8284 -37.3729 1.5950 -26.6839 -48.4493 31.6771 -38.5549 8.2567 -28.3119 -48.8992 14.4384 -39.5632 12.8440 -29.8351 -48.4379 -5.3257 -40.7634 17.9057 -33.4983 -5.2779 -33.6837 18.8416 -41.1557 -8.1372 -48.1421 -30.2083 13.8828 -39.7877 8.6457 -48.8498 -28.6823 9.4393 -38.8046 29.1001 -48.6299 -27.0560 3.3660 -37.6331 35.0573 -47.4605 -24.9061 -9.6755 -36.0725 31.0909 -45.5200 -21.4538 -33.4268 -33.8515 23.6096 -42.9183 -15.0647 -46.2945 -31.1270 15.6412 -39.9908 7.7564 -48.8899 -28.1471 6.6998 -38.0440 34.9257 -47.5531 -24.7620 -13.0216 -35.6001 28.9103 -44.6138 -19.3094 -41.2062 -32.0053
-44.5823 -17.5675 -43.8732 26.6854 -34.9329 -21.0492 -23.7468 -46.9605 34.8499 -37.5597 4.0195 -27.4685 -48.8499 18.1447 -39.5943 13.8249 -30.4793 -47.4637 -12.7060 -42.2988 21.9603 -33.3351 -37.1387 -20.5542 -45.0795 29.8682 -35.7351 -13.2599 -24.4721 -47.2202 34.9287 -37.4652 2.3651 -26.8672 -48.5531 30.2408 -38.7139 9.0580 -28.5734 -48.8704 9.9552 -39.7408 13.6747 -30.1339 -48.2051 -7.6554 -41.0450 18.0324 -32.1969 -39.2549 -26.5806 -37.8535 -32.5172 19.0588 -41.4476 -10.0293 -47.8132 -30.5095 14.6992 -39.9549 4.3942 -48.7781 -28.9443 10.2017 -38.9608 27.1216 -48.7122 -27.2335 4.0415 -37.7223 35.0560 -47.5268 -24.9825 -9.3802 -36.0725 31.0005 -45.4587 -21.2827 -34.3953 -33.7042 23.0769 -42.7004 -14.2290 -46.8245 -30.8558 14.8569 -39.8191 12.5404 -48.8981 -27.8355 5.5221 -37.8187 35.0607 -47.2818 -24.2968 -16.7510 -35.2891 27.8609 -44.2656 -18.5217 -43.2420
-17.0687 -43.5176 25.6332 -34.6112 -24.7818 -23.2306 -46.6613 34.4054 -37.3259 2.5443 -27.1488 -48.7666 22.4048 -39.4006 12.9754 -30.1837 -47.8434 -11.4460 -42.0324 21.3003 -33.1354 -38.2736 -20.2617 -44.9615 29.5974 -35.6799 -13.5869 -24.4721 -47.2432 34.9693 -37.5217 2.8605 -26.9951 -48.6241 28.8550 -38.8483 9.7370 -28.8050 -48.8098 5.9889 -39.9015 14.4613 -30.4245 -47.9049 -9.5862 -41.3633 18.7561 -32.0751 -43.6526 -20.2776 -47.8435 -20.7541 -42.2742 -32.4418 19.8149 -41.7660 -11.6156 -47.4055 -30.7989 15.4791 -40.1321 0.9225 -48.7122 -29.1762 10.8504 -39.0922 25.2816 -48.7665 -27.3608 4.4716 -37.7777 35.0425 -47.5491 -24.9825 -9.6755 -36.0191 30.7388 -45.3427 -21.0045 -35.7071 -33.5088 22.4075 -42.4355 -13.1681 -47.3208 -30.5595 14.0147 -39.6334 17.3122 -48.8605 -27.5159 4.2041 -37.5884 34.8890 -46.9962 -23.8082 -20.5823 -34.9724 26.8085 -43.9148 -17.9189
-43.2922 24.5986 -34.2853 -28.2810 -22.6882 -46.3516 33.7747 -37.0816 0.8664 -26.8211 -48.6457 26.0923 -39.2025 12.0943 -29.8746 -48.1657 -9.8667 -41.7323 20.5387 -32.8927 -39.6036 -19.8457 -44.7893 29.1653 -35.5774 -14.5218 -24.3918 -47.2202 34.9693 -37.5408 3.1093 -27.0724 -48.6687 27.7282 -38.9507 10.2782 -29.0012 -48.7500 2.7410 -40.0405 15.1728 -30.6965 -47.5437 -11.1692 -41.6775 19.5752 -32.2944 -43.5154 -17.9462 -44.8152 33.3633 -45.0557 -18.7999 -41.9681 -32.6690 20.6461 -42.0796 -12.9342 -46.9334 -31.0680 16.1939 -40.3526 -1.7554 -48.6464 -29.3732 11.3650 -39.1921 23.8227 -48.7975 -27.4366 4.6910 -37.7983 35.0425 -47.5268 -24.9061 -10.5244 -35.9193 30.3190 -45.1710 -20.6215 -37.2711 -33.2683 21.6317 -42.1356 -11.8478 -47.7547 -30.2486 13.1463 -39.4393 21.7770 -48.7805 -27.1899 2.7344 -37.3546 34.4705 -46.6983 -23.2950 -24.3359 -34.6508 25.7623 -43.6720
23.8980 -33.9359 -31.4673 -22.1173 -46.0330 33.0027 -36.8222 -1.0523 -26.4760 -48.4900 29.1224 -38.9940 11.1786 -29.5615 -48.4164 -7.9130 -41.4083 19.7055 -32.6167 -40.9989 -19.3110 -44.5641 28.5692 -35.4266 -16.0563 -24.2361 -47.1506 34.9287 -37.5217 3.1093 -27.0991 -48.6903 26.9991 -39.0174 10.6611 -29.1535 -48.7075 0.2397 -40.1982 15.8064 -30.9427 -47.1370 -12.4645 -41.9743 20.3842 -32.5708 -42.5072 -17.9981 -43.9764 29.9885 -38.8579 30.6941 -44.3332 -18.9082 -40.7443 -32.9442 21.4696 -42.3765 -14.0212 -46.4183 -31.3135 16.8272 -40.5833 -3.7593 -48.5702 -29.5265 11.7313 -39.2574 22.9229 -48.8121 -27.4621 4.6910 -37.7777 35.0560 -47.4605 -24.7585 -11.9387 -35.7702 29.7337 -44.9487 -20.1306 -38.9238 -32.9929 20.7771 -41.8093 -10.2353 -48.1074 -29.9328 12.2500 -39.2341 25.6659 -48.6624 -26.8598 1.0771 -37.1112 33.8593 -46.3896 -22.7557 -27.8700 -34.3023 25.0379
-33.1219 -34.3048 -21.5152 -45.7065 32.1263 -36.5495 -3.2725 -26.1071 -48.3051 31.4515 -38.7760 10.2138 -29.2395 -48.5947 -5.5212 -41.0736 18.8355 -32.3161 -42.3518 -18.6728 -44.2960 27.8224 -35.2273 -18.1959 -24.0026 -47.0334 34.8284 -37.4652 2.8605 -27.0724 -48.6903 26.7413 -39.0494 10.8808 -29.2550 -48.6700 -1.5156 -40.3750 16.3473 -31.1565 -46.7124 -13.5139 -42.2482 21.1540 -32.8442 -41.2313 -18.5884 -44.0170 27.0004 -36.0922 9.2872 -36.2721 28.0629 -44.3997 -19.4558 -39.2363 -33.2159 22.2552 -42.6480 -14.9140 -45.8754 -31.5298 17.3687 -40.7752 -5.1577 -48.5016 -29.6284 11.9453 -39.2880 22.6282 -48.8121 -27.4366 4.4716 -37.7223 35.0573 -47.3503 -24.5353 -13.9913 -35.5743 28.9949 -44.6854 -19.5409 -40.5553 -32.6914 19.8853 -41.4723 -8.3123 -48.3764 -29.6110 11.3083 -39.0200 28.8190 -48.5087 -26.5143 -0.8177 -36.8522 33.1003 -46.0712 -22.1879 -31.0955 -33.5063
-37.6013 -20.8795 -45.3734 31.1756 -36.2651 -5.8570 -25.7146 -48.0944 33.1266 -38.5533 9.2026 -28.9092 -48.7086 -2.5199 -40.7332 17.9566 -32.0036 -43.6015 -17.9306 -43.9993 26.9757 -34.9890 -20.8493 -23.6924 -46.8703 34.6362 -37.3729 2.3651 -26.9951 -48.6687 26.9991 -39.0494 10.9505 -29.3041 -48.6436 -2.5966 -40.5132 16.7678 -31.3319 -46.2985 -14.3398 -42.4931 21.8619 -33.0973 -39.8495 -19.2132 -44.2607 27.0384 -35.1683 -9.9624 -30.1582 -7.7781 -35.4637 28.1885 -44.6448 -20.0285 -37.5870 -33.4685 22.9710 -42.8925 -15.6427 -45.3504 -31.7083 17.7945 -40.9115 -6.0104 -48.4565 -29.6760 12.0135 -39.2880 22.9229 -48.7975 -27.3608 4.0415 -37.6331 35.0018 -47.1948 -24.2385 -16.6170 -35.3392 28.1499 -44.3903 -18.8606 -42.0573 -32.3787 18.9955 -41.1319 -5.9496 -48.5725 -29.2817 10.3304 -38.8011 31.2414 -48.3255 -26.1467 -3.0166 -36.5785 32.2310 -45.7445 -21.5896 -34.9077
-20.0275 -45.0349 30.1743 -35.9704 -8.8507 -25.2981 -47.8615 34.2291 -38.3253 8.1336 -28.5781 -48.7982 1.2527 -40.3841 17.0675 -31.6855 -44.6900 -17.0890 -43.6786 26.0552 -34.7202 -23.8418 -23.3097 -46.6643 34.3178 -37.2409 1.5950 -26.8672 -48.6241 27.7282 -39.0174 10.8808 -29.3041 -48.6345 -3.0801 -40.5935 17.0480 -31.4611 -45.9360 -14.9696 -42.7014 22.4877 -33.3211 -38.4389 -19.7736 -44.5253 27.7259 -35.0456 -20.5388 -25.5577 -48.7139 -25.8480 -16.6827 -35.3853 28.8950 -44.9081 -20.5476 -35.9139 -33.6927 23.6086 -43.1000 -16.2040 -44.9008 -31.8384 18.0793 -40.9903 -6.3907 -48.4412 -29.6760 11.9453 -39.2574 23.8227 -48.7665 -27.2335 3.3660 -37.5057 34.8364 -46.9981 -23.8759 -19.6589 -35.0732 27.2288 -44.0731 -18.0975 -43.3680 -32.0613 18.0966 -40.7836 -2.9667 -48.6979 -28.9498 9.3183 -38.5786 32.9788 -48.1179 -25.7565 -5.5714 -36.2944 31.2813 -45.4103 -20.6668
-44.7487 29.1418 -35.6662 -12.2441 -24.8581 -47.6083 34.8471 -38.0965 7.0029 -28.2476 -48.8733 5.8042 -40.0964 16.1606 -31.3604 -45.6236 -16.1575 -43.3455 25.0904 -34.4269 -26.9771 -22.8625 -46.4206 33.8513 -37.0708 0.5004 -26.6839 -48.5531 28.8550 -38.9507 10.6611 -29.2550 -48.6436 -3.0801 -40.6190 17.1825 -31.5366 -45.6753 -15.4121 -42.8641 22.9997 -33.5103 -37.0819 -20.2441 -44.7683 28.4814 -35.2084 -20.6165 -23.8640 -47.4092 -1.8608 -47.5943 -24.3591 -16.4286 -35.5551 29.6358 -45.1475 -20.9887 -34.3271 -33.8821 24.1375 -43.2602 -16.5920 -44.5783 -31.9137 18.2125 -41.0161 -6.3907 -48.4565 -29.6284 11.7313 -39.1921 25.2816 -48.7122 -27.0560 2.4171 -37.3463 34.5240 -46.7653 -23.4525 -22.9509 -34.7862 26.2586 -43.7437 -17.2533 -44.5130 -31.7338 17.1857 -40.4289 0.7452 -48.7895 -28.6185 8.2610 -38.3532 34.1347 -47.8879 -25.3440 -8.5150 -36.0018 30.2811 -45.1126
28.2899 -35.3225 -15.9532 -24.3951 -47.3384 35.0599 -37.8675 5.7985 -27.9178 -48.8991 10.8792 -39.8899 15.2453 -31.0277 -46.4156 -15.1024 -43.0074 24.1249 -34.1222 -30.0228 -22.3615 -46.1486 33.2349 -36.8705 -0.9203 -26.4462 -48.4493 30.2408 -38.8483 10.2782 -29.1535 -48.6700 -2.5966 -40.5935 17.1825 -31.5606 -45.5476 -15.6605 -42.9725 23.3804 -33.6596 -35.8761 -20.6266 -44.9783 29.1615 -35.4140 -18.4020 -23.7513 -46.8807 34.8822 -40.9705 34.3917 -47.1746 -24.2895 -14.1972 -35.7562 30.3027 -45.3544 -21.3499 -32.9176 -34.0296 24.5249 -43.3692 -16.8108 -44.4212 -31.9378 18.2125 -40.9903 -6.0104 -48.5016 -29.5265 11.3650 -39.0922 27.1216 -48.6299 -26.8336 1.1965 -37.1586 34.0477 -46.5006 -22.9783 -26.2874 -34.4871 25.2788 -43.4068 -16.3097 -45.5025 -31.4004 16.2728 -40.1296 5.2124 -48.8662 -28.2880 7.1444 -38.1254 34.7981 -47.6385 -24.9090 -11.8559 -35.6657 29.3673
-34.5871 -19.7938 -23.9099 -47.0556 34.9460 -37.6361 4.4913 -27.5885 -48.8729 16.0254 -39.6938 14.3277 -30.6925 -47.0681 -13.8849 -42.6570 23.1508 -33.8106 -32.8357 -21.8174 -45.8548 32.4868 -36.6399 -2.6854 -26.1621 -48.3117 31.6771 -38.7139 9.7370 -29.0012 -48.7075 -1.5156 -40.5132 17.0480 -31.5366 -45.5476 -15.7382 -43.0246 23.6078 -33.7611 -34.9277 -20.9222 -45.1493 29.7342 -35.6007 -16.0144 -24.0005 -46.8925 34.8068 -38.3120 17.7294 -38.4663 35.0811 -47.2115 -24.5330 -11.9129 -35.9401 30.8663 -45.5252 -21.6257 -31.8199 -34.1294 24.7557 -43.4200 -16.8802 -44.4212 -31.9137 18.0793 -40.9115 -5.1577 -48.5702 -29.3732 10.8504 -38.9608 29.1001 -48.5166 -26.5701 -0.3062 -36.9412 33.4164 -46.2149 -22.4685 -29.4594 -34.1781 24.2904 -43.0581 -15.2407 -46.3255 -31.0670 15.3564 -39.9129 10.2465 -48.8988 -27.9580 5.9507 -37.8957 35.0530 -47.3721 -24.4513 -15.5079 -34.9563
-24.7651 -23.4042 -46.7602 34.5734 -37.4033 3.0509 -27.2597 -48.8013 20.7836 -39.4909 13.4051 -30.3573 -47.5942 -12.4852 -42.3010 22.1617 -33.4873 -35.4075 -21.2322 -45.5467 31.6360 -36.3869 -4.8417 -25.8357 -48.1445 32.9545 -38.5549 9.0580 -28.8050 -48.7500 0.2397 -40.3750 16.7678 -31.4611 -45.6753 -15.6605 -43.0246 23.6803 -33.8087 -34.3394 -21.1196 -45.2752 30.1881 -35.7548 -13.9421 -24.2806 -47.0450 34.7126 -37.5009 7.1686 -32.7211 7.9478 -37.7361 35.0344 -47.3617 -24.8002 -9.9955 -36.0908 31.3058 -45.6504 -21.8090 -31.1492 -34.1774 24.8294 -43.4200 -16.8108 -44.5783 -31.8384 17.7945 -40.7752 -3.7593 -48.6464 -29.1762 10.2017 -38.8046 30.9483 -48.3728 -26.2662 -2.1280 -36.6999 32.6611 -45.9156 -21.9209 -32.3832 -33.8585 23.2851 -42.7010 -14.0337 -46.9980 -30.7308 14.4368 -39.7169 15.4154 -48.8785 -27.6285 4.6571 -37.6644 34.9751 -47.0909 -23.9730 -20.5301
-22.3329 -46.4543 33.9982 -37.1630 1.4382 -26.9305 -48.6902 24.8731 -39.2821 12.4723 -30.0227 -48.0053 -10.8529 -41.9443 21.1851 -33.1552 -37.7265 -20.5998 -45.2270 30.7168 -36.1191 -7.4225 -25.4728 -47.9484 33.9649 -38.3755 8.2567 -28.5734 -48.8098 2.7410 -40.1982 16.3473 -31.3319 -45.9360 -15.4121 -42.9725 23.6078 -33.8087 -34.1484 -21.2116 -45.3509 30.4979 -35.8682 -12.3275 -24.5153 -47.2007 34.8734 -37.4301 3.1775 -28.9361 -44.1729 -29.1191 4.6310 -37.6861 35.0629 -47.5085 -25.0222 -8.5732 -36.1999 31.5989 -45.7244 -21.8973 -30.9298 -34.1774 24.7557 -43.3692 -16.5920 -44.9008 -31.7083 17.3687 -40.5833 -1.7554 -48.7122 -28.9443 9.4393 -38.6278 32.5182 -48.1990 -25.9249 -4.3131 -36.4418 31.8019 -45.6010 -21.3275 -35.0640 -33.5298 22.2833 -42.3423 -12.6498 -47.5431 -30.3928 13.5115 -39.5135 20.2497 -48.8118 -27.2991 3.2335 -37.4316 34.6307 -46.7973 -22.8632
-46.1374 33.2680 -36.9085 -0.3959 -26.5911 -48.5444 28.1958 -39.0681 11.5229 -29.6884 -48.3149 -8.9113 -41.5840 20.2220 -32.8199 -39.7630 -19.9121 -44.8935 29.7418 -35.8365 -10.4161 -25.0798 -47.7267 34.6496 -38.1781 7.3273 -28.3119 -48.8704 5.9889 -40.0405 15.8064 -31.1565 -46.2985 -14.9696 -42.8641 23.3804 -33.7611 -34.3394 -21.2116 -45.3749 30.6416 -35.9350 -11.2624 -24.6849 -47.3228 34.9947 -37.5178 2.8314 -27.4050 -48.8072 -17.5935 -48.7929 -27.7248 4.4259 -37.7749 35.0280 -47.6236 -25.1826 -7.6567 -36.2646 31.7358 -45.7480 -21.8973 -31.1492 -34.1294 24.5249 -43.2602 -16.2040 -45.3504 -31.5298 16.8272 -40.3526 0.9225 -48.7781 -28.6823 8.5641 -38.4330 33.7229 -47.9960 -25.5527 -6.8826 -36.1690 30.8640 -45.2730 -20.6870 -37.4547 -33.1961 21.2975 -41.9830 -11.0346 -47.9677 -30.0571 12.5735 -39.3030 24.4401 -48.7049 -26.9685 1.6401 -37.1920 34.0764 -46.4772
32.0477 -36.5943 -2.5107 -26.2301 -48.3684 30.7654 -38.8493 10.5488 -29.3536 -48.5352 -6.5604 -41.2220 19.2614 -32.4839 -41.5095 -19.1688 -44.5500 28.7155 -35.5387 -13.8056 -24.6563 -47.4840 35.0000 -37.9699 6.2843 -28.0259 -48.8992 9.9552 -39.9015 15.1728 -30.9427 -46.7124 -14.3398 -42.7014 22.9997 -33.6596 -34.9277 -21.1196 -45.3509 30.6416 -35.9564 -10.7683 -24.7856 -47.4040 35.0469 -37.6100 3.3448 -27.1626 -48.6390 8.2233 -43.2872 4.7686 -48.7266 -27.5207 4.8971 -37.8679 34.9493 -47.7003 -25.2791 -7.2115 -36.2854 31.7358 -45.7244 -21.8090 -31.8199 -34.0296 24.1375 -43.1000 -15.6427 -45.8754 -31.3135 16.1939 -40.1321 4.3942 -48.8498 -28.3960 7.5924 -38.2269 34.5270 -47.7705 -25.1527 -9.8738 -35.8792 29.8701 -44.9361 -19.9995 -39.5298 -32.8611 20.3276 -41.6235 -9.1335 -48.2866 -29.7233 11.6220 -39.0893 27.8738 -48.5620 -26.6285 -0.1716 -36.8879 32.6966
-35.9705 -4.9669 -25.8451 -48.1655 32.6481 -38.6263 9.5411 -29.0187 -48.6773 -3.6584 -40.8611 18.3156 -32.1476 -42.9944 -18.3681 -44.2013 27.6672 -35.2295 -17.5023 -24.1976 -47.2205 35.0443 -37.7557 5.1295 -27.7279 -48.8897 14.4384 -39.7408 14.4613 -30.6965 -47.1370 -13.5139 -42.4931 22.4877 -33.5103 -35.8782 -20.9222 -45.2752 30.4979 -35.9350 -10.7683 -24.8179 -47.4432 35.0598 -37.6752 3.8305 -27.2188 -48.7057 23.5090 -40.2092 26.1154 -40.3318 19.0468 -48.8145 -27.5843 5.3376 -37.9350 34.8770 -47.7366 -25.3086 -7.2115 -36.2646 31.5989 -45.6504 -21.6257 -32.9176 -33.8811 23.6076 -42.8924 -14.9138 -46.4184 -31.0680 15.4790 -39.9549 8.6458 -48.8948 -28.0966 6.5296 -38.0140 34.9590 -47.5260 -24.7216 -13.3180 -35.5760 28.8423 -44.5922 -19.2626 -41.3105 -32.5252 19.3724 -41.2641 -6.8408 -48.5151 -29.3903 10.6530 -38.8730 30.5331 -48.3879 -26.2689 -2.2636 -36.2991
-8.7003 -25.4404 -47.9396 33.9280 -38.3992 8.4868 -28.6861 -48.7728 -0.0760 -40.5028 17.3853 -31.8110 -44.2465 -17.4990 -43.8494 26.6155 -34.9134 -21.2962 -23.7088 -46.9364 34.8181 -37.5352 3.8434 -27.4238 -48.8407 18.8844 -39.5632 13.6737 -30.4245 -47.5437 -12.4645 -42.2482 21.8617 -33.3210 -37.0847 -20.6264 -45.1476 30.1881 -35.8682 -11.2624 -24.7856 -47.4429 35.0609 -37.7084 4.1464 -27.3123 -48.7515 24.9700 -39.3580 15.3290 -35.0564 15.9947 -39.5729 20.5109 -48.8427 -27.6406 5.6132 -37.9766 34.8599 -47.7369 -25.2771 -7.6567 -36.1999 31.3058 -45.5252 -21.3474 -34.3414 -33.6912 22.9682 -42.6472 -14.0201 -46.9339 -30.7987 14.6990 -39.7876 13.3298 -48.8947 -27.7906 5.3556 -37.7936 35.0565 -47.2587 -24.2578 -17.0418 -35.2672 27.7952 -44.2440 -18.4694 -42.8259 -32.1888 18.4301 -40.9050 -4.0282 -48.6645 -29.0581 9.6532 -38.6516 32.4798 -48.1883 -25.8916 -5.3891
-24.2653 -47.6929 34.6948 -38.1712 7.3779 -28.3554 -48.8524 4.2437 -40.1855 16.4628 -31.4744 -45.2932 -16.5472 -43.4951 25.5694 -34.5913 -25.0073 -23.1955 -46.6381 34.3602 -37.3055 2.3939 -27.1120 -48.7536 22.9409 -39.3756 12.8419 -30.1325 -47.9077 -11.1690 -41.9741 21.1536 -33.0970 -38.4422 -20.2431 -44.9762 29.7341 -35.7548 -12.3275 -24.6849 -47.4037 35.0599 -37.7087 4.2831 -27.5421 -48.7927 24.5523 -39.2736 12.7550 -31.7616 -25.1142 -31.9970 13.4818 -39.3543 19.1536 -48.8206 -27.7349 5.6961 -37.5898 34.8887 -47.7006 -25.1816 -8.5732 -36.0908 30.8663 -45.3544 -20.9861 -35.9401 -33.4667 22.2513 -42.3748 -12.9311 -47.4069 -30.5078 13.8798 -39.6055 17.9897 -48.8527 -27.4796 4.0595 -37.5673 34.8631 -46.9724 -23.7692 -20.8451 -34.9515 26.7427 -43.8921 -17.6090 -44.1054 -31.8520 17.4986 -40.5466 -0.5526 -48.7615 -28.7266 8.6120 -38.4271 33.8156 -47.9657 -24.7157
-47.3824 35.0267 -37.9428 6.2018 -28.0254 -48.8967 9.1895 -39.9523 15.5448 -31.1380 -46.1592 -15.4935 -43.1389 24.5339 -34.2651 -28.4874 -22.6533 -46.3303 33.7201 -37.0610 0.7183 -26.7902 -48.6313 26.4716 -39.1789 11.9781 -29.8303 -48.2094 -9.5628 -41.6734 20.3821 -32.8434 -39.8565 -19.7712 -44.7657 29.1584 -35.5985 -13.9441 -24.5153 -47.3227 35.0469 -37.6758 4.1534 -27.3723 -48.8155 22.9330 -39.1246 11.5126 -29.9526 -46.8864 -23.4625 -45.9691 -30.3112 12.5212 -39.5959 21.4672 -48.8198 -27.6403 5.0026 -37.9262 34.9516 -47.6239 -25.0219 -9.9956 -35.9401 30.3027 -45.1475 -20.5476 -37.5988 -33.2134 21.4641 -42.0747 -11.5945 -47.8150 -30.2040 13.0294 -39.4134 22.2518 -48.7706 -27.1604 2.6011 -37.3354 34.4275 -46.6737 -23.2562 -24.5870 -34.6281 25.6930 -43.5373 -16.6673 -45.1766 -31.5152 16.5749 -40.2187 3.6768 -48.8429 -28.3958 7.5165 -38.2001 34.6252 -47.6677
