-5.2752 -24.7590 -47.6969 32.2142 -37.4606 3.5299 -26.3163 -48.5422 22.7745 -38.5519 8.9797 -27.8185 -48.8157 3.3020 -39.6256 13.3402 -29.3217 -48.4663 -9.2540 -41.0502 17.4297 -30.8261 -46.5937 -15.0520 -42.5220 21.6256 -32.3352 -41.8793 -18.5802 -43.9885 25.9956 -33.8268 -32.2944 -21.1827 -45.4203 30.2392 -35.2595 -16.8977 -23.2902 -46.7545 33.0657 -36.5690 -2.9489 -25.0821 -47.8904 31.2148 -37.7004 5.1430 -27.2425 -48.7817 -19.1854 -48.7496 -27.5711 6.5425 -37.9812 29.3088 -48.1343 -25.5025 -0.5030 -36.8687 33.2263 -47.0715 -23.7809 -12.6784 -35.6141 31.1889 -45.7747 -21.7597 -28.8016 -34.2046 27.1342 -44.3643 -19.3168 -39.9742 -32.7205 22.7330 -42.9010 -16.1011 -45.7144 -31.2168 18.4966 -41.4274 -11.1074 -48.1743 -29.7083 14.4046 -39.9725 -1.0315 -48.7870 -28.2051 10.1540 -38.8306 18.2621 -48.6844 -26.7050 5.1214 -37.7411 30.8690 -47.9592 -25.1906 -2.4102
-24.7590 -47.8839 34.7185 -37.8756 5.0400 -27.4017 -48.7465 26.7708 -38.8497 10.0127 -28.8445 -48.8107 6.7911 -39.7120 14.1414 -30.2869 -48.0755 -8.4827 -41.1519 18.1315 -31.7338 -45.4826 -15.2668 -42.7088 22.3046 -33.1862 -39.5025 -19.2681 -44.2447 26.7457 -34.6058 -28.0713 -22.1545 -45.7260 31.2291 -35.9458 -12.0672 -24.4256 -47.0738 34.6012 -37.1236 -0.2803 -26.2541 -48.1757 33.8729 -38.1106 6.3233 -27.8346 -48.7564 0.1519 -43.7934 -2.4108 -48.7943 -28.1890 7.6143 -38.3579 32.3702 -48.3997 -26.6551 1.7185 -37.3826 34.9849 -47.3889 -24.9398 -8.3190 -36.2713 32.2759 -46.0863 -22.7863 -24.1192 -34.9635 27.9265 -44.6355 -20.0881 -37.1751 -33.5526 23.4236 -43.1090 -16.4672 -44.3380 -32.1100 19.1806 -41.5506 -10.6887 -47.6345 -30.6606 15.1714 -40.0000 1.5844 -48.7152 -29.2142 11.1092 -39.0814 22.6103 -48.8496 -27.7664 6.4348 -38.1244 33.8681 -48.1431 -25.1906
-47.6969 34.7185 -38.0302 5.8052 -27.6332 -48.8326 23.5184 -39.1501 10.9546 -29.1622 -48.7251 2.1758 -40.0395 15.0566 -30.6226 -47.6871 -10.4857 -41.5117 19.0755 -32.0787 -44.4759 -16.3412 -43.0661 23.3059 -33.5363 -37.4168 -20.0081 -44.5926 27.7964 -34.9528 -24.5592 -22.7220 -46.0523 32.1790 -36.2779 -8.7086 -24.8816 -47.3553 34.9610 -37.4175 1.5405 -26.6100 -48.3778 32.5782 -38.4133 7.4509 -28.0657 -48.8644 13.8561 -40.6320 28.0677 -40.8035 8.5930 -48.8568 -28.4316 8.6786 -38.6652 30.3922 -48.5705 -26.9846 3.3054 -37.6764 35.0478 -47.6541 -25.3699 -5.4046 -36.5950 33.1368 -46.4048 -23.3246 -20.3535 -35.3082 28.9741 -44.9791 -20.7705 -34.7388 -33.9034 24.4462 -43.4656 -17.4245 -43.1050 -32.4566 20.1315 -41.9096 -12.3536 -47.1177 -30.9988 16.0829 -40.3524 -2.2313 -48.6063 -29.5332 12.0268 -39.3842 18.6548 -48.8966 -27.9983 7.1389 -38.2857 33.8681 -47.9592
32.2142 -37.8756 5.8052 -27.7251 -48.8725 20.7162 -39.3123 11.7667 -29.4546 -48.6331 -1.6325 -40.2997 15.9532 -30.9532 -47.1916 -12.1594 -41.8705 20.0263 -32.4152 -43.2679 -17.3120 -43.4226 24.3243 -33.8685 -35.0070 -20.6996 -44.9391 28.8463 -35.2699 -20.8159 -23.2629 -46.3707 33.0522 -36.5640 -5.7251 -25.3181 -47.6226 35.0571 -37.6503 3.1428 -26.9500 -48.5532 30.6588 -38.6380 8.5466 -28.3783 -48.8883 13.0429 -39.8460 17.2880 -35.6320 17.9253 -40.0412 7.3977 -48.8298 -28.7481 9.7153 -38.8864 27.7046 -48.7109 -27.3135 4.7300 -37.9087 34.7703 -47.9025 -25.7810 -2.8857 -36.8656 33.8918 -46.7147 -23.8379 -16.5198 -35.6189 30.0090 -45.3186 -21.4137 -31.9392 -34.2355 25.4829 -43.8204 -18.2998 -41.6402 -32.7926 21.0983 -42.2689 -13.7690 -46.4765 -31.3268 16.9814 -40.6983 -5.2354 -48.4392 -29.8265 12.8168 -39.5417 15.4206 -48.9117 -28.0920 7.1389 -38.1244 30.8690
-37.4606 5.0400 -27.6332 -48.8725 19.5783 -39.4057 12.3356 -29.6853 -48.5064 -4.4615 -40.6196 16.8038 -31.2705 -46.5854 -13.5764 -42.2226 20.9825 -32.7510 -41.8330 -18.1967 -43.7773 25.3571 -34.1983 -32.2567 -21.3488 -45.2817 29.8889 -35.5812 -16.9844 -23.7775 -46.6798 33.8174 -36.8375 -3.1438 -25.7327 -47.8732 34.8247 -37.8816 4.5745 -27.2795 -48.6974 28.0347 -38.8584 9.5907 -28.7063 -48.8461 8.6961 -39.8233 14.7171 -32.4198 -16.6530 -32.6072 15.6435 -40.0330 3.2965 -48.7545 -29.0783 10.7131 -39.1038 24.2563 -48.8159 -27.6436 6.0219 -38.1390 34.0791 -48.1312 -26.1693 -0.7198 -37.1219 34.4980 -47.0129 -24.3257 -12.8013 -35.9226 31.0156 -45.6527 -22.0237 -28.7819 -34.5639 26.5292 -44.1725 -19.1055 -39.9194 -33.1262 22.0778 -42.6236 -14.9785 -45.7149 -31.6448 17.8412 -41.0212 -7.4691 -48.2398 -30.0597 13.3733 -39.6338 14.1437 -48.9117 -27.9983 6.4348 -37.7411
3.5299 -27.4017 -48.8326 20.7162 -39.4057 12.5434 -29.8169 -48.3886 -6.3225 -40.8884 17.5613 -31.5579 -45.8939 -14.7665 -42.5639 21.9259 -33.0781 -40.1642 -19.0062 -44.1290 26.4007 -34.5250 -29.1603 -21.9603 -45.6175 30.9068 -35.8854 -13.2436 -24.2676 -46.9784 34.4383 -37.0966 -0.9343 -26.1255 -48.1044 34.1885 -38.1114 5.8749 -27.6086 -48.8067 24.6575 -39.0767 10.5928 -29.0378 -48.7673 3.9453 -39.9735 14.8681 -31.0421 -44.4314 -24.8995 -43.6185 -31.3631 15.8630 -40.2418 -0.7909 -48.6575 -29.4106 11.6805 -39.3167 20.0472 -48.8810 -27.9756 7.2132 -38.3670 32.8901 -48.3374 -26.5340 1.1555 -37.3650 34.9058 -47.2984 -24.7897 -9.3647 -36.2181 31.9757 -45.9802 -22.6029 -25.3189 -34.8856 27.5782 -44.5181 -19.8444 -37.9334 -33.4520 23.0439 -42.9658 -16.0175 -44.8545 -31.9357 18.6053 -41.2899 -8.9651 -48.0666 -30.1916 13.5780 -39.6338 15.4206 -48.8966 -27.7664 5.1214
-26.3163 -48.7465 23.5184 -39.3123 12.3356 -29.8169 -48.3394 -7.2637 -41.0698 18.1443 -31.7970 -45.1877 -15.7184 -42.8808 22.8365 -33.3894 -38.2851 -19.7370 -44.4709 27.4388 -34.8447 -25.7558 -22.5378 -45.9459 31.8749 -36.1829 -9.7659 -24.7342 -47.2647 34.8699 -37.3403 0.9731 -26.4953 -48.3147 33.0653 -38.3394 7.0738 -27.9379 -48.8758 20.5158 -39.2926 11.5685 -29.3700 -48.6713 -0.3158 -40.2033 15.6337 -30.9336 -46.8121 -17.4606 -46.9120 -18.0851 -46.0875 -31.2954 16.6524 -40.5687 -4.2168 -48.5036 -29.7437 12.6259 -39.5245 15.1732 -48.8987 -28.3074 8.3267 -38.5923 31.1141 -48.5178 -26.8761 2.8088 -37.6007 35.0618 -47.5692 -25.2308 -6.3124 -36.5040 32.8660 -46.3002 -23.1473 -21.6417 -35.1995 28.6080 -44.8561 -20.5214 -35.7138 -33.7629 23.9712 -43.2814 -16.8668 -43.9768 -32.1715 19.1875 -41.4725 -9.7221 -47.9964 -30.1916 13.3733 -39.5417 18.6548 -48.8496 -26.7050
-48.5422 26.7708 -39.1501 11.7667 -29.6853 -48.3886 -7.2637 -41.1346 18.4575 -31.9565 -44.5754 -16.4374 -43.1514 23.6627 -33.6753 -36.2645 -20.3877 -44.7960 28.4465 -35.1526 -22.1580 -23.0802 -46.2633 32.7678 -36.4706 -6.6640 -25.1780 -47.5371 35.0585 -37.5745 2.6408 -26.8410 -48.4995 31.3547 -38.5649 8.1945 -28.2678 -48.8991 15.7201 -39.5023 12.5230 -29.7029 -48.5264 -3.8359 -40.5247 16.5218 -31.1797 -46.6978 -14.4317 -43.6788 35.3382 -43.9250 -15.6149 -45.8801 -31.5509 17.5559 -40.9267 -6.9942 -48.2698 -30.0776 13.5564 -39.7247 9.9651 -48.8623 -28.6385 9.3813 -38.8146 28.6637 -48.6687 -27.2061 4.2838 -37.8334 34.9025 -47.8235 -25.6493 -3.6666 -36.7786 33.6571 -46.6110 -23.6586 -17.8965 -35.5026 29.6069 -45.1793 -21.1318 -33.3553 -34.0468 24.8062 -43.5490 -17.5021 -43.2373 -32.3299 19.5080 -41.5379 -9.7221 -48.0666 -30.0597 12.8168 -39.3842 22.6103 -48.6844
22.7745 -38.8497 10.9546 -29.4546 -48.5064 -6.3225 -41.0698 18.4575 -32.0113 -44.2135 -16.8924 -43.3539 24.3330 -33.9157 -34.2547 -20.9512 -45.0989 29.3932 -35.4448 -18.5298 -23.5828 -46.5666 33.5575 -36.7424 -3.9739 -25.5991 -47.7933 34.9411 -37.8062 4.1232 -27.1722 -48.6540 28.9667 -38.7864 9.2550 -28.5983 -48.8699 10.5623 -39.7055 13.4584 -30.0379 -48.3031 -6.6850 -40.8831 17.4420 -31.4978 -46.0834 -14.6361 -42.8000 26.4525 -38.0366 27.1636 -43.1570 -15.8734 -45.0949 -31.8735 18.4865 -41.2859 -9.2599 -47.9450 -30.4121 14.4778 -39.9198 4.9363 -48.7848 -28.9699 10.3911 -39.0332 25.4677 -48.7858 -27.5362 5.6124 -38.0637 34.3558 -48.0584 -26.0436 -1.3982 -37.0370 34.3035 -46.9041 -24.1362 -14.2947 -35.7884 30.5406 -45.4763 -21.6587 -31.0369 -34.2855 25.4822 -43.7506 -17.9084 -42.7959 -32.3869 19.5080 -41.4725 -8.9651 -48.2398 -29.8265 12.0268 -39.0814 18.2621
-38.5519 10.0127 -29.1622 -48.6331 -4.4615 -40.8884 18.1443 -31.9565 -44.2135 -17.0454 -43.4640 24.7854 -34.0948 -32.4791 -21.4043 -45.3606 30.2389 -35.7110 -15.1185 -24.0417 -46.8510 34.2084 -36.9972 -1.7053 -25.9920 -48.0287 34.4473 -38.0359 5.4604 -27.5007 -48.7750 25.8453 -39.0061 10.2695 -28.9295 -48.7939 5.5071 -39.9015 14.3827 -30.3751 -47.9882 -9.0056 -41.2421 18.3729 -31.8315 -45.2319 -15.6007 -42.8710 23.5969 -35.1859 5.4796 -35.3669 24.6174 -43.2576 -16.7494 -44.0352 -32.2087 19.4300 -41.6454 -11.1405 -47.5162 -30.7474 15.4000 -40.1438 0.5009 -48.6922 -29.3021 11.3674 -39.2477 21.5010 -48.8641 -27.8654 6.8280 -38.2893 33.3525 -48.2703 -26.4076 0.5066 -37.2730 34.7650 -47.1752 -24.5729 -11.0862 -36.0467 31.3537 -45.7327 -22.0838 -29.0129 -34.4627 25.9443 -43.8616 -18.0495 -42.7959 -32.3299 19.1875 -41.2899 -7.4691 -48.4392 -29.5332 11.1092 -38.8306
8.9797 -28.8445 -48.7251 -1.6325 -40.6196 17.5613 -31.7970 -44.5754 -16.8924 -43.4640 24.9467 -34.1939 -31.2182 -21.7284 -45.5650 30.9320 -35.9374 -12.1794 -24.4490 -47.1099 34.6822 -37.2309 0.1987 -26.3514 -48.2389 33.5226 -38.2601 6.6758 -27.8265 -48.8573 21.9682 -39.2210 11.2494 -29.2614 -48.7033 0.9971 -40.1131 15.3011 -30.7122 -47.5688 -10.9368 -41.6015 19.3143 -32.1682 -44.1762 -16.6111 -43.1721 23.7710 -34.1511 -22.0629 -28.9872 -19.5016 -34.4562 24.8805 -43.5647 -17.6625 -42.7440 -32.5455 20.3863 -42.0050 -12.7325 -46.9685 -31.0831 16.3243 -40.4503 -3.1745 -48.5621 -29.6349 12.3192 -39.4573 16.8387 -48.8982 -28.1934 7.9525 -38.5109 31.8435 -48.4532 -26.7396 2.1312 -37.4923 35.0175 -47.4204 -24.9564 -8.4390 -36.2660 32.0081 -45.9334 -22.3886 -27.6164 -34.5589 26.1115 -43.8616 -17.9084 -43.2373 -32.1715 18.6053 -41.0212 -5.2354 -48.6063 -29.2142 10.1540
-27.8185 -48.8107 2.1758 -40.2997 16.8038 -31.5579 -45.1877 -16.4374 -43.3539 24.7854 -34.1939 -30.7549 -21.9018 -45.6992 31.4276 -36.1134 -9.8783 -24.7860 -47.3324 34.9625 -37.4364 1.7870 -26.6754 -48.4215 32.1301 -38.4760 7.7814 -28.1451 -48.8972 17.4222 -39.4305 12.2037 -29.5941 -48.5819 -2.7665 -40.4078 16.2188 -31.0485 -47.0326 -12.5694 -41.9610 20.2687 -32.5046 -42.9105 -17.5543 -43.5175 24.6307 -34.0598 -31.4669 -23.9513 -48.7744 -24.2890 -28.2838 -34.4089 25.7747 -43.9113 -18.5174 -41.2117 -32.8815 21.3573 -42.3642 -14.1057 -46.2849 -31.4205 17.2495 -40.8092 -6.1500 -48.3556 -29.9684 13.2536 -39.6604 11.7522 -48.8827 -28.5155 8.9855 -38.7255 29.7839 -48.6070 -27.0476 3.5302 -37.6962 35.0467 -47.6297 -25.2732 -6.4341 -36.4364 32.4691 -46.0650 -22.5495 -27.1226 -34.5589 25.9443 -43.7506 -17.5021 -43.9768 -31.9357 17.8412 -40.6983 -2.2313 -48.7152 -28.2051
-48.8157 6.7911 -40.0395 15.9532 -31.2705 -45.8939 -15.7184 -43.1514 24.3330 -34.0948 -31.2182 -21.9018 -45.7459 31.6896 -36.2263 -8.3105 -25.0404 -47.5097 35.0589 -37.6140 3.0855 -26.9623 -48.5726 30.2638 -38.6838 8.7981 -28.4572 -48.8899 12.5412 -39.6318 13.1289 -29.9258 -48.3857 -5.8191 -40.7659 17.1396 -31.3848 -46.3628 -13.9689 -42.3222 21.2377 -32.8406 -41.4105 -18.4189 -43.8709 25.6354 -34.3031 -30.9051 -22.1986 -46.6009 12.9150 -46.8107 -22.7681 -27.3883 -34.6580 26.7998 -44.2628 -19.3082 -39.4124 -33.2166 22.3442 -42.7229 -15.3103 -45.4413 -31.7583 18.1784 -41.1675 -8.5629 -48.0629 -30.2992 14.1662 -39.8532 6.7904 -48.8138 -28.8285 9.9493 -38.9301 27.1775 -48.7282 -27.3312 4.6872 -37.8745 34.8866 -47.7947 -25.5153 -5.0784 -36.5460 32.7091 -46.1109 -22.5495 -27.6164 -34.4627 25.4822 -43.5490 -16.8668 -44.8545 -31.6448 16.9814 -40.3524 1.5844 -48.7870
3.3020 -39.7120 15.0566 -30.9532 -46.5854 -14.7665 -42.8808 23.6627 -33.9157 -32.4791 -21.7284 -45.6992 31.6896 -36.2650 -7.5019 -25.2028 -47.6343 35.0251 -37.7621 4.1097 -27.2119 -48.6898 27.9994 -38.8789 9.7379 -28.7643 -48.8316 7.6963 -39.8197 14.0147 -30.2483 -48.1104 -8.2701 -41.1211 18.0649 -31.7196 -45.5429 -15.1892 -42.6829 22.2277 -33.1757 -39.6469 -19.2158 -44.2227 26.6795 -34.6132 -28.1846 -22.2415 -45.9976 34.8989 -40.2457 35.1198 -46.3159 -22.8505 -24.3266 -34.9665 27.8526 -44.6124 -20.0429 -37.3171 -33.5503 23.3473 -43.0807 -16.3827 -44.4247 -32.0938 19.1089 -41.5234 -10.5360 -47.6797 -30.6225 15.0456 -40.0338 2.3610 -48.7322 -29.1364 10.8494 -39.1220 24.1641 -48.8123 -27.5780 5.6028 -38.0190 34.6241 -47.9109 -25.6699 -4.3895 -36.5838 32.7091 -46.0650 -22.3886 -29.0129 -34.2855 24.8062 -43.2814 -16.0175 -45.7149 -31.3268 16.0829 -40.0000 -1.0315
-39.6256 14.1414 -30.6226 -47.1916 -13.5764 -42.5639 22.8365 -33.6753 -34.2547 -21.4043 -45.5650 31.4276 -36.2263 -7.5019 -25.2586 -47.6997 34.9467 -37.8695 4.8560 -27.4136 -48.7723 25.5385 -39.0533 10.5809 -29.0536 -48.7538 3.2330 -39.9989 14.8774 -30.5630 -47.7542 -10.2383 -41.4713 18.9837 -32.0527 -44.5573 -16.2650 -43.0389 23.2290 -33.5095 -37.5900 -19.9561 -44.5713 27.7318 -34.9330 -24.7804 -22.7069 -46.0844 33.0333 -37.6245 15.0136 -37.7787 33.8063 -46.4275 -23.2997 -20.6541 -35.2834 28.9061 -44.9577 -20.7296 -34.8983 -33.8821 24.3662 -43.4371 -17.3497 -43.2143 -32.4276 20.0428 -41.8727 -12.1544 -47.2037 -30.9396 15.9066 -40.2836 -1.3787 -48.6432 -29.4265 11.6634 -39.2927 21.0867 -48.8640 -27.7800 6.2712 -38.1238 34.3813 -47.9710 -25.7230 -4.3895 -36.5460 32.4691 -45.9334 -22.0838 -31.0369 -34.0468 23.9712 -42.9658 -14.9785 -46.4765 -30.9988 15.1714 -39.9725
13.3402 -30.2869 -47.6871 -12.1594 -42.2226 21.9259 -33.3894 -36.2645 -20.9512 -45.3606 30.9320 -36.1134 -8.3105 -25.2028 -47.6997 34.9090 -37.9257 5.3187 -27.5569 -48.8229 23.2600 -39.1975 11.2978 -29.3139 -48.6776 -0.4085 -40.2186 15.7177 -30.8745 -47.3042 -11.8685 -41.8126 19.8947 -32.3791 -43.3904 -17.2313 -43.3933 24.2407 -33.8416 -35.2124 -20.6480 -44.9162 28.7821 -35.2504 -21.0533 -23.2311 -46.3576 33.1568 -36.8801 3.6503 -31.9629 4.6002 -37.1216 33.9630 -46.6979 -23.7992 -16.8083 -35.5964 29.9429 -45.2971 -21.3747 -32.1382 -34.2115 25.3987 -43.7907 -18.2223 -41.7932 -32.7545 20.9684 -42.2131 -13.5217 -46.6193 -31.2516 16.7490 -40.5989 -4.2911 -48.5146 -29.6851 12.3637 -39.4332 18.3309 -48.8909 -27.9262 6.6868 -38.1791 34.2797 -47.9710 -25.6699 -5.0784 -36.4364 32.0081 -45.7327 -21.6587 -33.3553 -33.7629 23.0439 -42.6236 -13.7690 -47.1177 -30.6606 14.4046
-29.3217 -48.0755 -10.4857 -41.8705 20.9825 -33.0781 -38.2851 -20.3877 -45.0989 30.2389 -35.9374 -9.8783 -25.0404 -47.6343 34.9467 -37.9257 5.4760 -27.6341 -48.8494 21.4672 -39.3053 11.8598 -29.5329 -48.5836 -3.1709 -40.4893 16.5032 -31.1711 -46.7635 -13.2558 -42.1475 20.8036 -32.6970 -42.0429 -18.0950 -43.7403 25.2598 -34.1693 -32.4981 -21.2981 -45.2564 29.8196 -35.5617 -17.2281 -23.7456 -46.6606 33.7924 -36.8890 -1.0509 -28.0652 -46.5993 -28.2567 0.8658 -37.1593 34.4735 -46.9906 -24.2871 -13.0760 -35.8992 30.9480 -45.6301 -21.9823 -29.0439 -34.5349 26.4295 -44.1354 -19.0085 -40.1738 -33.0708 21.8871 -42.5497 -14.7097 -45.9320 -31.5487 17.5394 -40.8915 -6.4556 -48.3603 -29.9033 12.9087 -39.5380 16.1959 -48.9013 -28.0035 6.8309 -38.1791 34.3813 -47.9109 -25.5153 -6.4341 -36.2660 31.3537 -45.4763 -21.1318 -35.7138 -33.4520 22.0778 -42.2689 -12.3536 -47.6345 -29.7083
-48.4663 -8.4827 -41.5117 20.0263 -32.7510 -40.1642 -19.7370 -44.7960 29.3932 -35.7110 -12.1794 -24.7860 -47.5097 35.0251 -37.8695 5.3187 -27.6341 -48.8579 20.4334 -39.3755 12.2546 -29.6983 -48.4800 -5.1765 -40.7433 17.2085 -31.4440 -46.1555 -14.4100 -42.4729 21.7011 -33.0085 -40.4985 -18.8706 -44.0748 26.2604 -34.4861 -29.4964 -21.9054 -45.5881 30.8298 -35.8648 -13.4919 -24.2343 -46.9569 34.4035 -37.0899 -0.6868 -26.6449 -48.6655 -14.9225 -48.7289 -26.9849 1.3293 -37.3573 34.8834 -47.2761 -24.7528 -9.6315 -36.1939 31.9045 -45.9555 -22.5534 -25.6841 -34.8481 27.4369 -44.4675 -19.7242 -38.3471 -33.3813 22.8083 -42.8748 -15.7135 -45.1707 -31.8203 18.2499 -41.1441 -8.0239 -48.2030 -30.0702 13.2985 -39.6060 15.0125 -48.9034 -28.0035 6.6868 -38.1238 34.6241 -47.7947 -25.2732 -8.4390 -36.0467 30.5406 -45.1793 -20.5214 -37.9334 -33.1262 21.0983 -41.9096 -10.6887 -48.1743
-9.2540 -41.1519 19.0755 -32.4152 -41.8330 -19.0062 -44.4709 28.4465 -35.4448 -15.1185 -24.4490 -47.3324 35.0589 -37.7621 4.8560 -27.5569 -48.8494 20.4334 -39.4007 12.4685 -29.8057 -48.3908 -6.5187 -40.9466 17.7980 -31.6794 -45.5112 -15.3581 -42.7722 22.5624 -33.3076 -38.7529 -19.5817 -44.4032 27.2465 -34.7920 -26.2522 -22.4686 -45.9101 31.7866 -36.1595 -10.0188 -24.6985 -47.2419 34.8450 -37.3232 0.9043 -26.5754 -48.3886 19.3839 -42.7066 16.0493 -48.5449 -26.9428 2.7409 -37.5845 35.0601 -47.5479 -25.1956 -6.5464 -36.4800 32.7877 -46.2697 -23.0859 -22.1744 -35.1503 28.4256 -44.7890 -20.3780 -36.2930 -33.6800 23.6918 -43.1733 -16.5412 -44.3833 -32.0556 18.8414 -41.3449 -9.1071 -48.0705 -30.1790 13.5140 -39.6308 15.0125 -48.9013 -27.9262 6.2712 -38.0190 34.8866 -47.6297 -24.9564 -11.0862 -35.7884 29.6069 -44.8561 -19.8444 -39.9194 -32.7926 20.1315 -41.5506 -11.1074
-41.0502 18.1315 -32.0787 -43.2679 -18.1967 -44.1290 27.4388 -35.1526 -18.5298 -24.0417 -47.1099 34.9625 -37.6140 4.1097 -27.4136 -48.8229 21.4672 -39.3755 12.4685 -29.8438 -48.3362 -7.3114 -41.0899 18.2417 -31.8619 -44.9114 -16.1069 -43.0374 23.3501 -33.5817 -36.8907 -20.2181 -44.7183 28.2208 -35.0903 -22.8379 -22.9933 -46.2183 32.6600 -36.4407 -6.9328 -25.1411 -47.5154 35.0536 -37.5557 2.5266 -26.8344 -48.5013 29.2260 -39.7989 23.9663 -39.9307 26.1593 -48.6627 -27.1996 4.1828 -37.8156 34.9289 -47.8028 -25.6118 -3.8990 -36.7494 33.5653 -46.5688 -23.5810 -18.5947 -35.4407 29.3846 -45.0991 -20.9697 -34.0921 -33.9530 24.4936 -43.4346 -17.2054 -43.6483 -32.2388 19.2907 -41.4897 -9.7569 -47.9930 -30.2183 13.5140 -39.6060 16.1959 -48.8909 -27.7800 5.6028 -37.8745 35.0467 -47.4204 -24.5729 -14.2947 -35.5026 28.6080 -44.5181 -19.1055 -41.6402 -32.4566 19.1806 -41.4274
17.4297 -31.7338 -44.4759 -17.3120 -43.7773 26.4007 -34.8447 -22.1580 -23.5828 -46.8510 34.6822 -37.4364 3.0855 -27.2119 -48.7723 23.2600 -39.3053 12.2546 -29.8057 -48.3362 -7.5810 -41.1669 18.5301 -31.9909 -44.4225 -16.6471 -43.2553 24.0323 -33.8222 -35.0004 -20.7716 -45.0089 29.1390 -35.3747 -19.3638 -23.4806 -46.5099 33.4337 -36.7037 -4.2866 -25.5543 -47.7701 34.9665 -37.7868 4.0084 -27.1484 -48.6441 28.6421 -39.0496 13.7802 -34.5549 14.4036 -39.2627 25.1326 -48.7779 -27.5158 5.5140 -38.0427 34.4243 -48.0353 -25.9979 -1.6796 -36.9999 34.2089 -46.8511 -24.0412 -15.1045 -35.7167 30.2829 -45.3878 -21.4897 -31.9024 -34.1908 25.1788 -43.6504 -17.6966 -43.0443 -32.3669 19.5796 -41.5664 -9.9708 -47.9930 -30.1790 13.2985 -39.5380 18.3309 -48.8640 -27.5780 4.6872 -37.6962 35.0175 -47.1752 -24.1362 -17.8965 -35.1995 27.5782 -44.1725 -18.2998 -43.1050 -32.1100 18.4966
-30.8261 -45.4826 -16.3412 -43.4226 25.3571 -34.5250 -25.7558 -23.0802 -46.5666 34.2084 -37.2309 1.7870 -26.9623 -48.6898 25.5385 -39.1975 11.8598 -29.6983 -48.3908 -7.3114 -41.1669 18.6344 -32.0608 -44.0799 -17.0117 -43.4153 24.5742 -34.0194 -33.2220 -21.2390 -45.2686 29.9711 -35.6343 -16.0188 -23.9312 -46.7871 34.0818 -36.9501 -2.0627 -25.9354 -48.0003 34.5298 -38.0122 5.3423 -27.4711 -48.7664 25.9933 -39.0473 11.2094 -31.1836 -30.4542 -31.3664 12.1608 -39.2775 21.6788 -48.8598 -27.8403 6.7214 -38.2660 33.4937 -48.2434 -26.3549 0.2080 -37.2320 34.6878 -47.1168 -24.4681 -11.9411 -35.9705 31.0925 -45.6429 -21.9243 -29.8737 -34.3833 25.7265 -43.8122 -18.0249 -42.6351 -32.4363 19.6784 -41.5664 -9.7569 -48.0705 -30.0702 12.9087 -39.4332 21.0867 -48.8123 -27.3312 3.5302 -37.4923 34.7650 -46.9041 -23.6586 -21.6417 -34.8856 26.5292 -43.8204 -17.4245 -44.3380 -31.2168
-46.5937 -15.2668 -43.0661 24.3243 -34.1983 -29.1603 -22.5378 -46.2633 33.5575 -36.9972 0.1987 -26.6754 -48.5726 27.9994 -39.0533 11.2978 -29.5329 -48.4800 -6.5187 -41.0899 18.5301 -32.0608 -43.9524 -17.2026 -43.5164 24.9518 -34.1646 -31.7240 -21.6049 -45.4876 30.6913 -35.8633 -13.0627 -24.3353 -47.0429 34.5801 -37.1791 -0.1838 -26.2847 -48.2055 33.6958 -38.2298 6.5383 -27.7902 -48.8516 22.3173 -39.2180 11.3817 -29.7808 -47.4053 -22.7452 -47.0339 -30.0946 12.4060 -39.4486 17.1898 -48.8971 -28.1600 7.8189 -38.4836 32.0873 -48.4255 -26.6819 1.8287 -37.4473 34.9778 -47.3602 -24.8507 -9.2504 -36.1923 31.7788 -45.8578 -22.2651 -28.1923 -34.5278 26.1174 -43.9136 -18.1977 -42.4839 -32.4363 19.5796 -41.4897 -9.1071 -48.2030 -29.9033 12.3637 -39.2927 24.1641 -48.7282 -27.0476 2.1312 -37.2730 34.3035 -46.6110 -23.1473 -25.3189 -34.5639 25.4829 -43.4656 -16.4672 -45.7144
-15.0520 -42.7088 23.3059 -33.8685 -32.2567 -21.9603 -45.9459 32.7678 -36.7424 -1.7053 -26.3514 -48.4215 30.2638 -38.8789 10.5809 -29.3139 -48.5836 -5.1765 -40.9466 18.2417 -31.9909 -44.0799 -17.2026 -43.5521 25.1511 -34.2541 -30.6405 -21.8644 -45.6560 31.2550 -36.0540 -10.6271 -24.6812 -47.2666 34.9015 -37.3846 1.4116 -26.6033 -48.3862 32.4349 -38.4404 7.6237 -28.1045 -48.8942 17.9376 -39.4155 12.1672 -29.6765 -48.3987 -13.0819 -45.6966 -14.0181 -48.1240 -30.0322 13.2022 -39.6434 12.2687 -48.8873 -28.4732 8.8368 -38.6915 30.1846 -48.5788 -26.9818 3.2122 -37.6460 35.0603 -47.5713 -25.1779 -7.0885 -36.3773 32.3092 -46.0233 -22.5134 -26.9681 -34.6194 26.3215 -43.9493 -18.1977 -42.6351 -32.3669 19.2907 -41.3449 -8.0239 -48.3603 -29.6851 11.6634 -39.1220 27.1775 -48.6070 -26.7396 0.5066 -37.0370 33.6571 -46.3002 -22.6029 -28.7819 -34.2355 24.4462 -43.1090 -16.1011
-42.5220 22.3046 -33.5363 -35.0070 -21.3488 -45.6175 31.8749 -36.4706 -3.9739 -25.9920 -48.2389 32.1301 -38.6838 9.7379 -29.0536 -48.6776 -3.1709 -40.7433 17.7980 -31.8619 -44.4225 -17.0117 -43.5164 25.1511 -34.2842 -30.0602 -22.0229 -45.7701 31.6564 -36.1973 -8.7771 -24.9636 -47.4545 35.0463 -37.5656 2.7419 -26.8892 -48.5383 30.7244 -38.6438 8.6191 -28.4095 -48.8932 13.1685 -39.6083 13.0454 -29.9149 -48.3601 -8.1076 -42.3720 33.4158 -42.6180 -10.1885 -48.0392 -30.2832 14.0737 -39.8319 7.3942 -48.8269 -28.7789 9.7841 -38.8920 27.7777 -48.7013 -27.2587 4.3833 -37.8255 34.9512 -47.7470 -25.4439 -5.4787 -36.5185 32.6792 -46.1345 -22.6666 -26.2969 -34.6500 26.3215 -43.9136 -18.0249 -43.0443 -32.2388 18.8414 -41.1441 -6.4556 -48.5146 -29.4265 10.8494 -38.9301 29.7839 -48.4532 -26.4076 -1.3982 -36.7786 32.8660 -45.9802 -22.0237 -31.9392 -33.9034 23.4236 -42.9010
21.6256 -33.1862 -37.4168 -20.6996 -45.2817 30.9068 -36.1829 -6.6640 -25.5991 -48.0287 33.5226 -38.4760 8.7981 -28.7643 -48.7538 -0.4085 -40.4893 17.2085 -31.6794 -44.9114 -16.6471 -43.4153 24.9518 -34.2541 -30.0602 -22.0771 -45.8304 31.9044 -36.2943 -7.5123 -25.1756 -47.6031 35.0457 -37.7237 3.8355 -27.1433 -48.6598 28.6163 -38.8362 9.5452 -28.7067 -48.8457 8.4228 -39.7928 13.9117 -30.2171 -48.1304 -8.4786 -41.4458 22.5483 -37.0999 23.2285 -41.8049 -10.6439 -47.7133 -30.5890 14.9348 -40.0090 3.0023 -48.7491 -29.0781 10.6683 -39.0806 24.9621 -48.7920 -27.5122 5.3579 -37.9823 34.7025 -47.8825 -25.6430 -4.3935 -36.6123 32.9042 -46.1930 -22.7177 -26.2969 -34.6194 26.1174 -43.8122 -17.6966 -43.6483 -32.0556 18.2499 -40.8915 -4.2911 -48.6432 -29.1364 9.9493 -38.7255 31.8435 -48.2703 -26.0436 -3.6666 -36.5040 31.9757 -45.6527 -21.4137 -34.7388 -33.5526 22.7330
-32.3352 -39.5025 -20.0081 -44.9391 29.8889 -35.8854 -9.7659 -25.1780 -47.7933 34.4473 -38.2601 7.7814 -28.4572 -48.8316 3.2330 -40.2186 16.5032 -31.4440 -45.5112 -16.1069 -43.2553 24.5742 -34.1646 -30.6405 -22.0229 -45.8304 31.9899 -36.3467 -6.7612 -25.3158 -47.7079 34.9574 -37.8506 4.6975 -27.3647 -48.7508 26.2359 -39.0103 10.3872 -28.9940 -48.7710 4.0237 -39.9688 14.7463 -30.5233 -47.7976 -10.1090 -41.5029 19.8470 -34.1151 -0.5039 -34.3008 20.8111 -41.8961 -12.0335 -47.2631 -30.8978 15.7752 -40.2378 -0.7159 -48.6655 -29.3645 11.4786 -39.2509 21.9204 -48.8524 -27.7336 6.1266 -38.1079 34.4079 -47.9783 -25.7765 -3.7512 -36.6619 32.9809 -46.1930 -22.6666 -26.9681 -34.5278 25.7265 -43.6504 -17.2054 -44.3833 -31.8203 17.5394 -40.5989 -1.3787 -48.7322 -28.8285 8.9855 -38.5109 33.3525 -48.0584 -25.6493 -6.3124 -36.2181 31.0156 -45.3186 -20.7705 -37.1751 -32.7205
-41.8793 -19.2681 -44.5926 28.8463 -35.5812 -13.2436 -24.7342 -47.5371 34.9411 -38.0359 6.6758 -28.1451 -48.8899 7.6963 -39.9989 15.7177 -31.1711 -46.1555 -15.3581 -43.0374 24.0323 -34.0194 -31.7240 -21.8644 -45.7701 31.9044 -36.3467 -6.5003 -25.3880 -47.7697 34.8492 -37.9418 5.3161 -27.5424 -48.8125 23.7689 -39.1638 11.1252 -29.2566 -48.6947 0.2731 -40.1724 15.5670 -30.8245 -47.3777 -11.6902 -41.7856 19.9767 -32.8873 -34.5322 -27.4892 -32.6618 -33.2060 21.0341 -42.1884 -13.3706 -46.7144 -31.2013 16.5906 -40.5336 -3.7068 -48.5482 -29.6274 12.1956 -39.4005 18.9051 -48.8855 -27.9116 6.6832 -38.1970 34.1468 -48.0366 -25.8459 -3.5302 -36.6619 32.9042 -46.1345 -22.5134 -28.1923 -34.3833 25.1788 -43.4346 -16.5412 -45.1707 -31.5487 16.7490 -40.2836 2.3610 -48.8138 -28.5155 7.9525 -38.2893 34.3558 -47.8235 -25.2308 -9.3647 -35.9226 30.0090 -44.9791 -20.0881 -39.9742
-18.5802 -44.2447 27.7964 -35.2699 -16.9844 -24.2676 -47.2647 35.0585 -37.8062 5.4604 -27.8265 -48.8972 12.5412 -39.8197 14.8774 -30.8745 -46.7635 -14.4100 -42.7722 23.3501 -33.8222 -33.2220 -21.6049 -45.6560 31.6564 -36.2943 -6.7612 -25.3880 -47.7901 34.7791 -37.9978 5.7175 -27.6710 -48.8498 21.5345 -39.2929 11.7588 -29.4893 -48.6063 -2.6359 -40.4301 16.3513 -31.1160 -46.8677 -13.0546 -42.1038 20.7218 -32.7683 -40.5723 -21.6893 -48.2903 -22.1097 -38.6451 -33.1334 21.8091 -42.5057 -14.5333 -46.0651 -31.4916 17.3707 -40.8257 -6.0096 -48.3978 -29.8602 12.8088 -39.5251 16.2835 -48.8993 -28.0393 7.0514 -38.2501 33.9868 -48.0556 -25.8459 -3.7512 -36.6123 32.6792 -46.0233 -22.2651 -29.8737 -34.1908 24.4936 -43.1733 -15.7135 -45.9320 -31.2516 15.9066 -40.0338 6.7904 -48.8827 -28.1934 6.8280 -38.0637 34.9025 -47.5692 -24.7897 -12.8013 -35.6189 28.9741 -44.6355 -19.3168
-43.9885 26.7457 -34.9528 -20.8159 -23.7775 -46.9784 34.8699 -37.5745 4.1232 -27.5007 -48.8573 17.4222 -39.6318 14.0147 -30.5630 -47.3043 -13.2546 -42.4729 22.5624 -33.5817 -35.0004 -21.2390 -45.4876 31.2550 -36.1973 -7.5123 -25.3158 -47.7697 34.7791 -38.0169 5.9206 -27.7490 -48.8697 19.8040 -39.3910 12.2687 -29.6863 -48.4972 -4.8381 -40.6930 17.0659 -31.3885 -46.2823 -14.2048 -42.4178 21.5662 -32.9855 -40.3772 -19.6145 -45.4719 29.1151 -45.7064 -20.3455 -38.2224 -33.3593 22.6662 -42.8174 -15.5322 -45.3367 -31.7616 18.0896 -41.0893 -7.7555 -48.2271 -30.0588 13.3034 -39.6194 14.3198 -48.9024 -28.1153 7.2368 -38.2680 33.9868 -48.0366 -25.7765 -4.3935 -36.5185 32.3092 -45.8578 -21.9243 -31.9024 -33.9530 23.6918 -42.8748 -14.7097 -46.6193 -30.9396 15.0456 -39.8532 11.7522 -48.8982 -27.8654 5.6124 -37.8334 35.0618 -47.2984 -24.3257 -16.5198 -35.3082 27.9265 -44.3643
25.9956 -34.6058 -24.5592 -23.2629 -46.6798 34.4383 -37.3403 2.6408 -27.1722 -48.7750 21.9682 -39.4305 13.1289 -30.2483 -47.7547 -11.8667 -42.1473 21.6962 -33.3076 -36.8907 -20.7716 -45.2686 30.6913 -36.0540 -8.7771 -25.1756 -47.7079 34.8492 -37.9978 5.9206 -27.7755 -48.8782 18.7307 -39.4546 12.6322 -29.8394 -48.3823 -6.4769 -40.9231 17.7043 -31.6349 -45.6492 -15.1741 -42.7142 22.4023 -33.2606 -38.9698 -19.6435 -44.6903 32.0415 -39.3506 32.6708 -45.0389 -20.4242 -36.5433 -33.6313 23.5211 -43.1131 -16.3773 -44.5607 -32.0074 18.7391 -41.3221 -9.0710 -48.0583 -30.2143 13.6622 -39.6810 13.1624 -48.9029 -28.1408 7.2368 -38.2501 34.1468 -47.9783 -25.6430 -5.4787 -36.3773 31.7788 -45.6429 -21.4897 -34.0921 -33.6800 22.8083 -42.5496 -13.5217 -47.2037 -30.6225 14.1662 -39.6604 16.8387 -48.8641 -27.5362 4.2838 -37.6007 34.9058 -47.0129 -23.8379 -20.3535 -34.9635 27.1342
-33.8268 -28.0713 -22.7220 -46.3707 33.8174 -37.0966 0.9731 -26.8410 -48.6540 25.8453 -39.2210 12.2037 -29.9258 -48.1107 -10.2380 -41.8104 20.7981 -33.0083 -38.7544 -20.2181 -45.0089 29.9711 -35.8633 -10.6271 -24.9636 -47.6031 34.9574 -37.9418 5.7175 -27.7490 -48.8782 18.3644 -39.4832 12.8421 -29.9415 -48.2833 -7.6162 -41.1134 18.2517 -31.8482 -45.0024 -15.9781 -42.9864 23.1986 -33.5334 -37.2116 -20.1462 -44.7347 29.1685 -36.6397 11.3383 -36.8113 30.2088 -45.1086 -20.8981 -34.5037 -33.8991 24.3332 -43.3838 -17.0867 -43.7584 -32.2238 19.2973 -41.5128 -10.0062 -47.9185 -30.3166 13.8693 -39.7107 12.7917 -48.9029 -28.1153 7.0514 -38.1970 34.4079 -47.8825 -25.4439 -7.0885 -36.1923 31.0925 -45.3878 -20.9697 -36.2930 -33.3811 21.8869 -42.2127 -12.1544 -47.6797 -30.2992 13.2536 -39.4573 21.5010 -48.7858 -27.2061 2.8088 -37.3650 34.4980 -46.7147 -23.3246 -24.1192 -34.2046
-32.2944 -22.1545 -46.0523 33.0522 -36.8375 -0.9343 -26.4953 -48.4995 28.9667 -39.0061 11.2494 -29.5941 -48.3857 -8.2701 -41.4694 19.8940 -32.6967 -40.4999 -19.5817 -44.7183 29.1390 -35.6343 -13.0627 -24.6812 -47.4545 35.0457 -37.8506 5.3161 -27.6710 -48.8697 18.7307 -39.4832 12.9088 -29.9904 -48.2199 -8.3181 -41.2522 18.6767 -32.0244 -44.3826 -16.6270 -43.2300 23.9286 -33.7842 -35.3340 -20.6852 -44.9736 29.2015 -35.7856 -3.9712 -30.8287 -2.3491 -36.0666 30.3274 -45.3486 -21.4008 -32.3262 -34.1495 25.0728 -43.6268 -17.6754 -42.9935 -32.4019 19.7334 -41.6501 -10.5762 -47.8301 -30.3645 13.9352 -39.7107 13.1624 -48.9024 -28.0393 6.6832 -38.1079 34.7025 -47.7470 -25.1779 -9.2504 -35.9705 30.2829 -45.0991 -20.3774 -38.3487 -33.0692 20.9682 -41.8723 -10.5360 -48.0629 -29.9684 12.3192 -39.2477 25.4677 -48.6687 -26.8761 1.1555 -37.1219 33.8918 -46.4048 -22.7863 -28.8016
-21.1827 -45.7260 32.1790 -36.5640 -3.1438 -26.1255 -48.3147 31.3547 -38.7864 10.2695 -29.2614 -48.5819 -5.8191 -41.1211 18.9837 -32.3791 -42.0429 -18.8706 -44.4032 28.2208 -35.3747 -16.0188 -24.3353 -47.2666 35.0463 -37.7237 4.6975 -27.5424 -48.8498 19.8040 -39.4546 12.8421 -29.9904 -48.1987 -8.6356 -41.3326 18.9595 -32.1549 -43.8487 -17.1312 -43.4373 24.5751 -34.0057 -33.4438 -21.1741 -45.2297 29.8703 -35.6853 -12.7793 -26.4808 -48.3977 -26.7380 -9.3062 -36.0114 31.0013 -45.6043 -21.8594 -30.1615 -34.3703 25.7293 -43.8323 -18.1331 -42.3455 -32.5308 20.0256 -41.7308 -10.8334 -47.8009 -30.3645 13.8693 -39.6810 14.3198 -48.8993 -27.9116 6.1266 -37.9823 34.9512 -47.5713 -24.8507 -11.9411 -35.7167 29.3845 -44.7890 -19.7235 -40.1753 -32.7532 20.0428 -41.5234 -8.5629 -48.3556 -29.6349 11.3674 -39.0332 28.6637 -48.5178 -26.5340 -0.7198 -36.8656 33.1368 -46.0863 -21.7597
-45.4203 31.2291 -36.2779 -5.7251 -25.7327 -48.1044 33.0653 -38.5649 9.2550 -28.9295 -48.7033 -2.7665 -40.7659 18.0649 -32.0527 -43.3904 -18.0950 -44.0747 27.2463 -35.0901 -19.3638 -23.9312 -47.0429 34.9015 -37.5656 3.8355 -27.3647 -48.8125 21.5345 -39.3910 12.6322 -29.9415 -48.2199 -8.6356 -41.3583 19.1012 -32.2304 -43.4684 -17.4877 -43.5968 25.1053 -34.1926 -31.6529 -21.5888 -45.4657 30.5982 -35.8426 -12.8696 -24.8652 -47.9330 -7.9352 -48.0886 -25.3145 -9.0905 -36.1755 31.6920 -45.8356 -22.2489 -28.1353 -34.5559 26.2726 -43.9909 -18.4499 -41.8847 -32.6052 20.1626 -41.7564 -10.8334 -47.8301 -30.3166 13.6622 -39.6194 16.2835 -48.8855 -27.7336 5.3579 -37.8255 35.0603 -47.3602 -24.4681 -15.1045 -35.4398 28.4255 -44.4674 -19.0084 -41.7933 -32.4276 19.1089 -41.1675 -6.1500 -48.5621 -29.3021 10.3911 -38.8146 31.1141 -48.3374 -26.1693 -2.8857 -36.5950 32.2759 -45.7747
30.2392 -35.9458 -8.7086 -25.3181 -47.8732 34.1885 -38.3394 8.1945 -28.5983 -48.7939 0.9971 -40.4078 17.1396 -31.7196 -44.5573 -17.2313 -43.7403 26.2602 -34.7917 -22.8408 -23.4800 -46.7871 34.5801 -37.3846 2.7419 -27.1433 -48.7508 23.7689 -39.2929 12.2687 -29.8394 -48.2833 -8.3181 -41.3326 19.1012 -32.2545 -43.2811 -17.6893 -43.7026 25.4972 -34.3395 -30.0832 -21.9281 -45.6694 31.2439 -36.0377 -10.8404 -24.7409 -47.4473 32.7495 -41.5611 31.4721 -47.7102 -25.2297 -7.2480 -36.3659 32.2959 -46.0345 -22.5691 -26.3606 -34.7022 26.6689 -44.0985 -18.6300 -41.6602 -32.6292 20.1626 -41.7308 -10.5762 -47.9185 -30.2143 13.3034 -39.5251 18.9051 -48.8524 -27.5122 4.3833 -37.6460 34.9778 -47.1168 -24.0392 -18.5966 -35.1491 27.4369 -44.1353 -18.2223 -43.2143 -32.0938 18.1784 -40.8092 -3.1745 -48.6922 -28.9699 9.3813 -38.5923 32.8901 -48.1312 -25.7810 -5.4046 -36.2713 31.1889
-35.2595 -12.0672 -24.8816 -47.6226 34.8247 -38.1114 7.0738 -28.2678 -48.8699 5.5071 -40.1131 16.2188 -31.3848 -45.5429 -16.2650 -43.3933 25.2598 -34.4861 -26.2550 -22.9925 -46.5101 34.0818 -37.1791 1.4116 -26.8892 -48.6598 26.2359 -39.1638 11.7588 -29.6863 -48.3823 -7.6162 -41.2522 18.9595 -32.2304 -43.2811 -17.7527 -43.7558 25.7309 -34.4392 -28.8631 -22.1905 -45.8355 31.7776 -36.2172 -8.7600 -24.9612 -47.4726 35.0636 -38.7983 19.6715 -38.9483 34.6594 -47.7583 -25.4443 -5.4485 -36.5382 32.7896 -46.1981 -22.8186 -25.0135 -34.8007 26.9037 -44.1487 -18.6882 -41.6602 -32.6052 20.0256 -41.6501 -10.0062 -48.0583 -30.0588 12.8088 -39.4005 21.9204 -48.7920 -27.2587 3.2122 -37.4473 34.6873 -46.8503 -23.5776 -22.1763 -34.8478 26.4295 -43.7907 -17.3497 -44.4247 -31.7583 17.2495 -40.4503 0.5009 -48.7848 -28.6385 8.3267 -38.3670 34.0791 -47.9025 -25.3699 -8.3190 -35.6141
-16.8977 -24.4256 -47.3553 35.0571 -37.8816 5.8749 -27.9379 -48.8991 10.5623 -39.9015 15.3011 -31.0485 -46.3628 -15.1892 -43.0389 24.2407 -34.1693 -29.4964 -22.4685 -46.2185 33.4325 -36.9499 -0.1838 -26.6033 -48.5383 28.6163 -39.0103 11.1252 -29.4893 -48.4972 -6.4769 -41.1134 18.6767 -32.1549 -43.4684 -17.6893 -43.7558 25.8054 -34.4861 -28.1165 -22.3653 -45.9585 32.1932 -36.3642 -7.0448 -25.2146 -47.6128 35.0396 -37.9827 9.4041 -33.2924 10.1066 -38.2149 34.6415 -47.8932 -25.6830 -3.9908 -36.6784 33.1616 -46.3172 -22.9855 -24.2134 -34.8468 26.9789 -44.1487 -18.6300 -41.8847 -32.5308 19.7334 -41.5128 -9.0710 -48.2271 -29.8602 12.1956 -39.2509 24.9621 -48.7013 -26.9818 1.8284 -37.2319 34.2081 -46.5679 -23.0846 -25.6841 -34.5349 25.3987 -43.4371 -16.3827 -45.4413 -31.4205 16.3243 -40.1438 4.9363 -48.8623 -28.3074 7.2132 -38.1390 34.7703 -47.6541 -24.9398 -12.6784
-23.2902 -47.0738 34.9610 -37.6503 4.5745 -27.6086 -48.8758 15.7201 -39.7055 14.3827 -30.7122 -47.0326 -13.9689 -42.6829 23.2290 -33.8416 -32.4981 -21.9054 -45.9101 32.6586 -36.7031 -2.0795 -26.2825 -48.3862 30.7244 -38.8362 10.3872 -29.2566 -48.6063 -4.8381 -40.9231 18.2517 -32.0244 -43.8487 -17.4877 -43.7026 25.7309 -34.4861 -27.8752 -22.4487 -46.0311 32.4681 -36.4706 -5.7748 -25.4261 -47.7522 34.9222 -37.9087 5.9791 -29.6223 -41.3054 -29.8062 7.1922 -38.1617 34.3083 -48.0208 -25.8817 -2.9299 -36.7778 33.4020 -46.3874 -23.0626 -23.9489 -34.8468 26.9037 -44.0985 -18.4499 -42.3455 -32.4019 19.2973 -41.3221 -7.7555 -48.3978 -29.6274 11.4786 -39.0806 27.7777 -48.5788 -26.6806 0.2051 -36.9998 33.5652 -46.2696 -22.5534 -29.0439 -34.2115 24.3662 -43.0807 -15.3103 -46.2849 -31.0831 15.4000 -39.9198 9.9651 -48.8987 -27.9756 6.0219 -37.9087 35.0478 -47.3889 -23.7809
-46.7545 34.6012 -37.4175 3.1428 -27.2795 -48.8067 20.5158 -39.5023 13.4584 -30.3751 -47.5688 -12.5694 -42.3222 22.2277 -33.5095 -35.2124 -21.2981 -45.5881 31.7866 -36.4403 -4.3092 -25.9314 -48.2052 32.4357 -38.6438 9.5452 -28.9940 -48.6947 -2.6359 -40.6930 17.7043 -31.8482 -44.3826 -17.1312 -43.5968 25.4972 -34.4392 -28.1165 -22.4487 -46.0542 32.5945 -36.5338 -4.9594 -25.5788 -47.8602 34.7229 -37.9942 5.6945 -28.0887 -48.7213 -19.3931 -48.6545 -28.4089 7.0186 -38.2492 33.8707 -48.1191 -26.0252 -2.2518 -36.8361 33.5114 -46.4098 -23.0626 -24.2134 -34.8007 26.6689 -43.9909 -18.1331 -42.9935 -32.2238 18.7391 -41.0893 -6.0096 -48.5482 -29.3645 10.6683 -38.8920 30.2049 -48.4237 -26.3531 -1.6828 -36.7494 32.7877 -45.9555 -21.9823 -32.1382 -33.8821 23.3473 -42.7229 -14.1057 -46.9685 -30.7474 14.4778 -39.7247 15.1732 -48.8810 -27.6436 4.7300 -37.6764 34.9849 -47.0715
33.0657 -37.1236 1.5405 -26.9500 -48.6974 24.6575 -39.2926 12.5230 -30.0379 -47.9882 -10.9368 -41.9610 21.2377 -33.1757 -37.5900 -20.6480 -45.2564 30.8298 -36.1595 -6.9371 -25.5526 -47.9980 33.6972 -38.4399 8.6190 -28.7067 -48.7710 0.2731 -40.4301 17.0659 -31.6349 -45.0024 -16.6270 -43.4373 25.1053 -34.3395 -28.8631 -22.3653 -46.0311 32.5945 -36.5538 -4.5788 -25.6704 -47.9312 34.5077 -38.0869 6.1156 -27.8395 -48.7782 -1.1016 -43.9252 -3.5378 -48.8067 -28.2009 7.4184 -38.3406 33.4576 -48.1839 -26.1112 -1.9358 -36.8553 33.5114 -46.3874 -22.9855 -25.0135 -34.7022 26.2726 -43.8323 -17.6754 -43.7584 -32.0074 18.0896 -40.8257 -3.7068 -48.6655 -29.0781 9.7830 -38.6911 32.1079 -48.2414 -25.9975 -3.8990 -36.4800 31.9045 -45.6301 -21.3747 -34.8983 -33.5503 22.3442 -42.3642 -12.7325 -47.5162 -30.4121 13.5564 -39.5245 20.0472 -48.8159 -27.3135 3.3054 -37.3826 33.2263
-36.5690 -0.2803 -26.6100 -48.5532 28.0347 -39.0767 11.5685 -29.7029 -48.3031 -9.0056 -41.6015 20.2687 -32.8406 -39.6469 -19.9561 -44.9162 29.8196 -35.8648 -10.0188 -25.1410 -47.7678 34.5306 -38.2292 7.6159 -28.4074 -48.8457 4.0237 -40.1724 16.3513 -31.3885 -45.6493 -15.9780 -43.2300 24.5749 -34.1925 -30.0832 -22.1905 -45.9585 32.4681 -36.5338 -4.5788 -25.6994 -47.9649 34.3451 -38.1551 6.5267 -27.8948 -48.8628 13.9251 -40.6870 28.2948 -40.8604 8.5732 -48.8669 -28.2647 7.8080 -38.4078 33.1698 -48.2137 -26.1385 -1.9358 -36.8361 33.4020 -46.3172 -22.8186 -26.3606 -34.5559 25.7293 -43.6265 -17.0863 -44.5611 -31.7615 17.3705 -40.5335 -0.7157 -48.7491 -28.7777 8.8342 -38.4822 33.4983 -48.0355 -25.6118 -6.5464 -36.1939 30.9480 -45.2971 -20.7296 -37.3171 -33.2166 21.3573 -42.0050 -11.1405 -47.9450 -30.0776 12.6259 -39.3167 24.2563 -48.7109 -26.9846 1.7185 -36.8687
-2.9489 -26.2541 -48.3778 30.6588 -38.8584 10.5928 -29.3700 -48.5264 -6.6850 -41.2421 19.3143 -32.5046 -41.4105 -19.2158 -44.5713 28.7821 -35.5617 -13.4919 -24.6985 -47.5152 34.9667 -38.0111 6.5263 -28.1022 -48.8935 8.4392 -39.9688 15.5668 -31.1159 -46.2824 -15.1740 -42.9863 23.9282 -34.0053 -31.6553 -21.9276 -45.8355 32.1932 -36.4706 -4.9594 -25.6704 -47.9648 34.2879 -38.1946 6.8189 -28.0032 -48.8928 16.1519 -39.7788 17.1878 -35.6313 17.8717 -39.9904 10.0567 -48.9025 -28.3721 8.0809 -38.4407 33.0448 -48.2135 -26.1112 -2.2518 -36.7778 33.1616 -46.1981 -22.5691 -28.1353 -34.3689 25.0707 -43.3827 -16.3749 -45.3387 -31.4910 16.5900 -40.2377 3.0421 -48.8270 -28.4705 7.8112 -38.2660 34.4255 -47.8032 -25.1956 -9.6315 -35.8992 29.9429 -44.9577 -20.0429 -39.4124 -32.8815 20.3863 -41.6454 -9.2599 -48.2698 -29.7437 11.6805 -39.1038 27.7046 -48.5705 -26.6551 -0.5030
-25.0821 -48.1757 32.5782 -38.6380 9.5907 -29.0378 -48.6713 -3.8359 -40.8831 18.3729 -32.1682 -42.9105 -18.4189 -44.2227 27.7318 -35.2504 -17.2281 -24.2335 -47.2419 35.0536 -37.7858 5.3360 -27.7899 -48.8941 13.1983 -39.7936 14.7457 -30.8230 -46.8691 -14.2045 -42.7138 23.1975 -33.7834 -33.4481 -21.5861 -45.6695 31.7776 -36.3642 -5.7748 -25.5788 -47.9311 34.3461 -38.1932 6.8946 -28.1476 -48.8869 14.9779 -39.3725 13.7560 -32.1639 -16.9490 -32.6685 15.3827 -40.0125 11.6543 -48.8874 -28.4885 8.0910 -38.5771 33.1470 -48.1837 -26.0252 -2.9299 -36.6784 32.7896 -46.0345 -22.2489 -30.1615 -34.1484 24.3257 -43.1105 -15.5257 -46.0687 -31.1990 15.7672 -40.0060 7.4829 -48.8876 -28.1584 6.7045 -38.0430 34.9291 -47.5478 -24.7528 -13.0760 -35.5964 28.9061 -44.6124 -19.3082 -41.2117 -32.5455 19.4300 -41.2859 -6.9942 -48.5036 -29.4106 10.7131 -38.8864 30.3922 -48.3997 -25.5025
-47.8904 33.8729 -38.4133 8.5466 -28.7063 -48.7673 -0.3157 -40.5247 17.4420 -31.8315 -44.1762 -17.5542 -43.8709 26.6793 -34.9329 -21.0547 -23.7445 -46.9568 34.8430 -37.5556 4.0054 -27.4706 -48.8509 17.9577 -39.6074 13.9014 -30.5185 -47.3798 -13.0376 -42.4138 22.3992 -33.5308 -35.3454 -21.1704 -45.4659 31.2393 -36.2176 -7.0448 -25.4261 -47.8598 34.5080 -38.1537 6.8237 -28.1386 -48.9108 10.2760 -39.3103 13.4668 -30.9423 -45.2959 -24.6041 -44.0724 -31.0304 14.5345 -39.8274 7.6461 -48.8760 -28.4173 8.4663 -38.4086 33.4589 -48.1191 -25.8808 -3.9909 -36.5382 32.2959 -45.8355 -21.8594 -32.3263 -33.8996 23.5088 -42.8114 -14.5151 -46.7186 -30.8946 14.9255 -39.8273 12.3268 -48.8977 -27.8370 5.5000 -37.8149 35.0601 -47.2761 -24.2871 -16.8083 -35.2834 27.8526 -44.2629 -18.5164 -42.7453 -32.2085 18.4862 -40.9265 -4.2164 -48.6575 -29.0783 9.7153 -38.6652 32.3703 -48.1343
