-38.8012 -19.8076 -44.6123 27.8368 -34.4278 -26.4913 -22.0979 -45.9884 31.7037 -35.8224 -10.3032 -24.0670 -47.2571 33.1454 -37.0465 0.8115 -25.7467 -48.2676 27.7862 -38.1422 7.1349 -27.2576 -48.8071 10.8141 -39.2255 11.7580 -28.7560 -48.7146 -5.7552 -40.5031 15.8995 -30.2578 -47.5495 -13.2655 -41.9674 20.0311 -31.7767 -44.0523 -17.4596 -43.4821 24.5916 -33.4930 -34.1937 -21.1656 -45.5140 30.7713 -35.5948 -11.6063 -24.6211 -48.1971 -11.8492 -47.9782 -24.0294 -16.6005 -35.1961 29.9107 -45.2889 -20.9483 -33.6051 -33.6658 25.4848 -43.8177 -18.2264 -42.6515 -32.1560 21.1193 -42.3480 -14.5300 -46.9309 -30.6484 16.9473 -40.8758 -8.2654 -48.5659 -29.1443 12.8501 -39.5013 5.5411 -48.8274 -27.6404 8.4173 -38.4234 24.5433 -48.4643 -26.1408 2.7255 -37.3286 32.6513 -47.5484 -24.5267 -6.7351 -36.1599 32.4388 -46.3300 -22.6365 -22.3731 -34.7989 28.9407 -44.9795 -20.4553 -36.3107
-19.8076 -44.7277 28.4035 -35.1206 -21.8950 -23.1246 -46.2950 32.8516 -36.4555 -6.3402 -25.2335 -47.5696 35.0586 -37.5389 2.8225 -26.8843 -48.5181 31.1037 -38.5043 8.3286 -28.3127 -48.8983 15.1146 -39.4008 12.6273 -29.7436 -48.5033 -4.2281 -40.5686 16.6298 -31.1882 -46.7599 -13.2061 -42.1228 20.7033 -32.6442 -42.2470 -17.9832 -43.6996 25.2034 -34.2411 -30.8047 -22.2820 -46.0530 32.5630 -36.3666 -7.8867 -25.2097 -47.7540 29.9314 -41.8589 32.2388 -47.3669 -24.5006 -12.9604 -35.8468 30.8299 -45.5830 -21.8857 -29.6401 -34.4475 26.2121 -44.0657 -18.8678 -40.4610 -33.0144 21.7986 -42.5257 -14.6681 -45.9278 -31.5630 17.6521 -40.9662 -7.2959 -48.2352 -30.1168 13.6709 -39.6173 9.3800 -48.8555 -28.6775 9.5049 -38.7452 28.3009 -48.6852 -27.2545 4.4373 -37.7891 34.8555 -47.8526 -25.7019 -3.3934 -36.7590 33.7329 -46.6414 -23.7070 -17.6033 -35.4690 29.5661 -45.1084 -20.4553
-44.6123 28.4035 -35.2607 -19.6027 -23.5104 -46.5573 33.5694 -36.7546 -3.8071 -25.6331 -47.8183 34.9064 -37.8310 4.2764 -27.2063 -48.6687 28.6637 -38.8146 9.3814 -28.6387 -48.8623 9.9455 -39.7253 13.5564 -30.0776 -48.2698 -6.9945 -40.9269 17.5542 -31.5333 -46.0244 -14.5156 -42.4814 21.6778 -32.9911 -40.6504 -18.7956 -44.0431 26.1948 -34.5640 -27.6262 -23.2068 -46.8546 32.3884 -37.7397 -0.0612 -25.8414 -47.8790 34.2731 -39.2183 20.5938 -38.9496 35.1055 -47.3644 -24.7816 -9.8484 -36.1651 31.7783 -45.9048 -22.4556 -26.3397 -34.7906 27.2594 -44.4153 -19.6340 -38.5249 -33.3657 22.7920 -42.8836 -15.8063 -45.0136 -31.9071 18.5887 -41.3274 -9.5059 -47.8986 -30.4531 14.5902 -39.9446 4.4351 -48.7761 -29.0080 10.5109 -39.0595 25.0237 -48.7975 -27.5750 5.7452 -38.0868 34.2704 -48.0812 -26.0761 -1.2554 -37.0493 34.3151 -46.8966 -24.0704 -15.3368 -35.6098 29.5661 -44.9795
27.8368 -35.1206 -19.6027 -23.6587 -46.7143 34.0327 -36.9589 -1.8405 -25.9851 -48.0375 34.4043 -38.0536 5.5751 -27.5300 -48.7861 25.4736 -39.0327 10.3909 -28.9700 -48.7848 4.9253 -39.9224 14.4827 -30.4121 -47.9450 -9.2600 -41.2860 18.4870 -31.8719 -45.1227 -15.6791 -42.8399 22.6700 -33.3257 -38.7615 -19.5560 -44.3851 27.2099 -34.8526 -24.4834 -23.7778 -47.3301 1.1604 -45.6790 14.4298 -26.2511 -48.4356 33.9525 -38.3967 11.1424 -33.6272 10.0081 -38.0184 35.0733 -47.5563 -25.1713 -6.8550 -36.4457 32.6679 -46.2202 -22.9987 -22.7397 -35.1088 28.3115 -44.7619 -20.3508 -36.2814 -33.6992 23.8027 -43.2409 -16.8286 -43.9108 -32.2436 19.5394 -41.6881 -11.3485 -47.4559 -30.7884 15.5074 -40.1744 0.0640 -48.6808 -29.3404 11.4826 -39.2728 20.9771 -48.8702 -27.8994 6.9338 -38.3084 33.2690 -48.2787 -26.4047 0.4096 -37.2415 34.6534 -47.0476 -24.2089 -15.3368 -35.4690 28.9407
-34.4278 -21.8950 -23.5104 -46.7143 34.1899 -37.0741 -0.5846 -26.2539 -48.2137 33.6003 -38.2570 6.7170 -27.8425 -48.8631 21.6034 -39.2444 11.3556 -29.2986 -48.6925 0.5051 -40.1446 15.4067 -30.7473 -47.5162 -11.1406 -41.6455 19.4303 -32.2091 -44.0372 -16.7210 -43.1973 23.6784 -33.6589 -36.5638 -20.2723 -44.7280 28.2310 -35.1333 -21.5309 -23.9393 -47.4706 -0.4982 -47.4808 -23.5157 -12.1923 -39.9773 28.3071 -37.0950 5.7028 -29.9728 -39.3721 -29.9317 6.2766 -37.9260 34.9233 -47.7867 -25.5744 -4.1916 -36.7172 33.4697 -46.5275 -23.5195 -18.9393 -35.4231 29.3567 -45.1063 -21.0214 -33.7049 -34.0303 24.8285 -43.5966 -17.7551 -42.5951 -32.5811 20.5008 -42.0485 -12.9110 -46.8925 -31.1243 16.4253 -40.4882 -3.5273 -48.5434 -29.6706 12.4212 -39.4775 16.3569 -48.9002 -28.2096 7.9806 -38.5098 31.9399 -48.4333 -26.6537 1.4814 -37.3494 34.7575 -47.0476 -24.0704 -17.6033 -34.7989
-26.4913 -23.1246 -46.5573 34.0327 -37.0741 -0.1516 -26.3998 -48.3282 32.7020 -38.4262 7.6508 -28.1270 -48.8989 17.2882 -39.4421 12.2771 -29.6230 -48.5660 -3.1305 -40.4470 16.3195 -31.0831 -46.9685 -12.7326 -42.0050 20.3865 -32.5457 -42.7420 -17.6606 -43.5551 24.7022 -33.9901 -34.0344 -20.9448 -45.0702 29.2590 -35.4200 -18.4505 -24.0160 -47.3404 23.3829 -44.6050 -9.9957 -48.3075 -29.5146 4.3386 -32.9955 -13.7914 -27.0010 -48.7200 -20.0579 -48.6054 -28.3365 6.0353 -38.0689 34.4625 -48.0163 -25.9651 -1.8874 -36.9767 34.1517 -46.8281 -24.0206 -15.1293 -35.7313 30.3882 -45.4463 -21.6523 -30.7831 -34.3587 25.8674 -43.9502 -18.6033 -41.0295 -32.9198 21.4759 -42.4080 -14.2613 -46.1910 -31.4606 17.3474 -40.8459 -6.4154 -48.3329 -29.9941 13.3218 -39.6702 11.5981 -48.8861 -28.4919 8.8568 -38.6772 30.5806 -48.5307 -26.7882 1.8531 -37.3494 34.6534 -46.8966 -23.7070 -22.3731
-22.0979 -46.2950 33.5694 -36.9589 -0.5846 -26.3998 -48.3679 32.0854 -38.5422 8.3308 -28.3589 -48.8991 13.0282 -39.6195 13.1345 -29.9362 -48.3720 -6.0250 -40.7965 17.2231 -31.4178 -46.2854 -14.1057 -42.3642 21.3574 -32.8816 -41.2102 -18.5186 -43.9116 25.7451 -34.3187 -31.1577 -21.5782 -45.4078 30.2819 -35.7127 -15.1121 -24.2269 -47.2346 33.7091 -41.8734 35.3902 -45.4566 -15.0790 -48.5713 -25.0543 -47.2818 -21.7932 -47.9139 0.9324 -44.6556 -6.9115 -48.7495 -28.1233 6.8573 -38.2721 33.5612 -48.2301 -26.3369 0.1089 -37.2228 34.6786 -47.1203 -24.4990 -11.4985 -36.0317 31.3868 -45.7792 -22.2477 -27.5214 -34.6838 26.9158 -44.3013 -19.3902 -39.1866 -33.2563 22.4649 -42.7665 -15.4472 -45.3340 -31.7936 18.2661 -41.1969 -8.7149 -48.0461 -30.3051 14.1667 -39.8440 7.3075 -48.8358 -28.7271 9.5084 -38.7900 29.6923 -48.5638 -26.7882 1.4814 -37.2415 34.3151 -46.6414 -22.6365
-45.9884 32.8516 -36.7546 -1.8405 -26.2539 -48.3282 32.0854 -38.5829 8.6987 -28.5147 -48.8767 9.4821 -39.7721 13.8866 -30.2222 -48.1167 -8.2984 -41.1348 18.1122 -31.7425 -45.4673 -15.2966 -42.7212 22.3423 -33.2161 -39.4132 -19.3084 -44.2638 26.8003 -34.6439 -27.9373 -22.1770 -45.7402 31.2759 -36.0058 -11.7150 -24.5589 -47.2803 35.0945 -39.7718 23.2511 -40.2239 34.1476 -44.3309 4.8485 -46.6313 -1.7899 -45.2139 29.8988 -42.7053 34.9942 -42.4619 1.5506 -48.7451 -28.3171 7.9135 -38.4952 32.1007 -48.4226 -26.6903 1.8651 -37.4585 34.9974 -47.4002 -24.9544 -8.1959 -36.3248 32.3270 -46.1048 -22.8122 -23.9605 -35.0049 27.9682 -44.6491 -20.1219 -37.0560 -33.5882 23.4654 -43.1204 -16.4933 -44.3206 -32.1184 19.1661 -41.5342 -10.5342 -47.6943 -30.5925 14.9157 -39.9891 3.9717 -48.7747 -28.8859 9.8565 -38.8300 29.6923 -48.5307 -26.6537 0.4096 -37.0493 33.7329 -46.3300
31.7037 -36.4555 -3.8071 -25.9851 -48.2137 32.7020 -38.5422 8.6987 -28.5706 -48.8555 7.1515 -39.8849 14.4922 -30.4650 -47.8287 -10.0385 -41.4505 18.9670 -32.0537 -44.5153 -16.3270 -43.0675 23.3230 -33.5450 -37.3416 -20.0387 -44.6114 27.8526 -34.9652 -24.4098 -22.7448 -46.0659 32.2198 -36.2960 -8.4811 -24.9509 -47.4452 35.1118 -38.5885 14.2937 -35.9470 15.1055 -38.5031 26.4287 -40.7629 32.5526 -41.4651 34.7609 -43.5397 35.3639 -42.0985 32.1114 -41.8432 1.7732 -48.7646 -28.6554 9.0486 -38.7364 29.9204 -48.5892 -27.0351 3.4410 -37.6934 35.0437 -47.6656 -25.3885 -5.2791 -36.6092 33.1852 -46.4218 -23.3486 -20.1920 -35.3211 29.0168 -44.9931 -20.8005 -34.6222 -33.9153 24.4642 -43.4655 -17.4117 -43.1529 -32.4314 20.0285 -41.8521 -11.9699 -47.3081 -30.8376 15.5201 -40.1000 1.8977 -48.7410 -28.9416 9.8565 -38.7900 30.5806 -48.4333 -26.4047 -1.2554 -36.7590 32.4388
-35.8224 -6.3402 -25.6331 -48.0375 33.6003 -38.4262 8.3308 -28.5147 -48.8555 6.3436 -39.9444 14.8973 -30.6442 -47.5506 -11.3120 -41.7265 19.7474 -32.3441 -43.4495 -17.2214 -43.3997 24.2894 -33.8624 -35.0082 -20.7111 -44.9525 28.8943 -35.2824 -20.6600 -23.2844 -46.3837 33.0869 -36.5780 -5.5658 -25.3582 -47.6628 35.0185 -38.1322 9.3222 -32.5285 -8.9110 -32.8637 5.8673 -35.3420 13.6371 -36.9438 20.5024 -40.3861 -0.4646 -46.4467 32.7557 -41.6718 29.8202 -41.6722 -1.6481 -48.7247 -29.1602 10.3476 -39.0204 26.6357 -48.7244 -27.4037 4.9087 -37.9357 34.7397 -47.9139 -25.8022 -2.7566 -36.8808 33.9297 -46.7292 -23.8591 -16.3630 -35.6314 30.0488 -45.3291 -21.4313 -31.9046 -34.2320 25.4488 -43.7978 -18.2176 -41.8596 -32.7215 20.8217 -42.1300 -13.0399 -46.9404 -31.0196 15.9211 -40.1736 1.2124 -48.7410 -28.8859 9.5084 -38.6772 31.9399 -48.2787 -26.0761 -3.3934 -36.1599
-10.3032 -25.2335 -47.8183 34.4043 -38.2570 7.6508 -28.3589 -48.8767 7.1515 -39.9444 15.0426 -30.7423 -47.3391 -12.1597 -41.9459 20.4039 -32.5951 -42.3413 -17.9876 -43.7142 25.2261 -34.1687 -32.4141 -21.3278 -45.2797 29.9024 -35.5895 -16.8370 -23.7976 -46.6923 33.8462 -36.8493 -3.0295 -25.7605 -47.8940 34.7345 -38.0753 7.1632 -29.9832 -43.5590 -26.4128 -43.4703 -28.4619 -29.2160 -30.4199 -16.0173 -30.3718 -33.0649 -48.0564 -20.9692 -46.9748 35.3373 -40.2143 27.5793 -42.0458 -8.0547 -48.3680 -30.0372 12.1307 -39.4291 21.0710 -48.8022 -27.8518 6.3564 -38.1916 33.9761 -48.1443 -26.1974 -0.5957 -37.1373 34.5227 -47.0256 -24.3437 -12.6915 -35.9305 31.0319 -45.6523 -22.0125 -28.9426 -34.5351 26.3972 -44.1100 -18.9142 -40.5254 -32.9719 21.4950 -42.3492 -13.7651 -46.6643 -31.1192 16.0618 -40.1736 1.8977 -48.7747 -28.7271 8.8568 -38.5098 33.2690 -48.0812 -25.7019 -6.7351
-24.0670 -47.5696 34.9064 -38.0536 6.7170 -28.1270 -48.8991 9.4821 -39.8849 14.8973 -30.7423 -47.2569 -12.5998 -42.0942 20.8939 -32.7928 -41.2974 -18.6027 -43.9942 26.0961 -34.4545 -29.6399 -21.8958 -45.5937 30.8605 -35.8805 -13.2208 -24.2769 -46.9868 34.4572 -37.1065 -0.8450 -26.1473 -48.1186 34.0811 -38.2008 6.9389 -28.7934 -48.3578 -18.5845 -48.1949 -17.0788 -48.7955 -20.6921 -48.9311 -21.4288 -48.9427 -12.1921 -34.0103 -37.2335 -16.4709 -43.8083 27.0083 -38.9621 29.3869 -43.6635 -15.8607 -46.1392 -31.6885 15.1288 -40.1404 10.1535 -48.8180 -28.5004 7.9401 -38.4847 32.5731 -48.3536 -26.5714 1.2697 -37.3779 34.9158 -47.3067 -24.7963 -9.3709 -36.2129 31.9434 -45.9594 -22.5447 -25.8417 -34.8172 27.2737 -44.3873 -19.4773 -39.2768 -33.1691 21.9940 -42.4963 -14.1450 -46.5593 -31.1192 15.9211 -40.1000 3.9717 -48.8358 -28.4919 7.9806 -38.3084 34.2704 -47.8526 -24.5267
-47.2571 35.0586 -37.8310 5.5751 -27.8425 -48.8989 13.0282 -39.7721 14.4922 -30.6442 -47.3391 -12.5998 -42.1480 21.1675 -32.9213 -40.4655 -19.0558 -44.2225 26.8517 -34.7035 -26.8836 -22.4011 -45.8887 31.7503 -36.1565 -9.9466 -24.7190 -47.2614 34.8735 -37.3442 1.0284 -26.5102 -48.3252 32.9302 -38.4030 7.7001 -28.6280 -48.7426 -9.7739 -44.6640 32.0344 -44.0400 28.4921 -44.8076 22.9051 -44.6107 33.7541 -40.9465 10.6252 -27.6622 -48.3426 34.5312 -39.8478 21.1544 -39.9412 35.3091 -46.7829 -23.2866 -31.3899 -34.2399 20.7756 -41.6450 -6.0288 -48.5955 -29.6141 9.9551 -38.8643 30.2131 -48.5326 -26.9216 2.8910 -37.6073 35.0619 -47.5664 -25.2152 -6.4712 -36.4789 32.7624 -46.2457 -23.0195 -22.8372 -35.0627 28.0304 -44.6134 -19.8949 -38.2866 -33.2973 22.2654 -42.5490 -14.1450 -46.6643 -31.0196 15.5201 -39.9891 7.3075 -48.8861 -28.2096 6.9338 -38.0868 34.8555 -47.5484
33.1454 -37.5389 4.2764 -27.5300 -48.8631 17.2882 -39.6195 13.8866 -30.4650 -47.5506 -12.1597 -42.0942 21.1675 -32.9658 -39.9872 -19.3421 -44.3860 27.4384 -34.9057 -24.3924 -22.8227 -46.1491 32.5310 -36.4119 -7.0932 -25.1313 -47.5178 35.0559 -37.5686 2.6387 -26.8467 -48.5053 31.1947 -38.6286 8.8596 -29.1731 -48.6655 -6.8973 -42.6509 30.3349 -39.6340 24.8772 -39.4235 25.5184 -39.2783 23.3258 -37.7908 12.8665 -31.0280 -47.5341 -7.6116 -42.2625 23.9899 -38.8180 29.2530 -43.6897 -12.6257 -48.2049 -30.1012 5.2360 -37.5933 31.4143 -44.4359 -17.5338 -45.9379 -31.5480 12.8294 -39.3938 26.5203 -48.6716 -27.2520 4.3063 -37.8298 34.9195 -47.8048 -25.6032 -4.0350 -36.7214 33.4503 -46.5010 -23.4202 -20.2069 -35.2609 28.6167 -44.7753 -20.1597 -37.7195 -33.3416 22.2654 -42.4963 -13.7651 -46.9404 -30.8376 14.9157 -39.8440 11.5981 -48.9002 -27.8994 5.7452 -37.7891 32.6513
-37.0465 2.8225 -27.2063 -48.7861 21.6034 -39.4421 13.1345 -30.2222 -47.8287 -11.3120 -41.9459 20.8939 -32.9213 -39.9872 -19.4406 -44.4744 27.8130 -35.0512 -22.3904 -23.1561 -46.3655 33.1603 -36.6351 -4.7654 -25.5031 -47.7521 34.9748 -37.7858 4.0442 -27.1609 -48.6529 28.8422 -38.8490 10.0214 -30.0622 -47.6221 -16.6127 -43.6964 27.9225 -37.3739 11.8477 -35.0137 8.3630 -34.4506 6.4831 -33.3914 -3.8362 -29.5628 -46.6179 -16.3540 -44.2771 29.4492 -38.8111 24.0622 -41.9141 7.6618 -48.7332 -27.4858 -6.6519 -35.8135 22.3791 -41.8374 14.6377 -48.3289 -25.7104 -25.7271 -34.0920 16.9845 -40.0682 21.8404 -48.7689 -27.5608 5.5472 -38.0426 34.4552 -48.0197 -25.9524 -2.0674 -36.9331 33.9847 -46.7116 -23.7342 -18.1285 -35.4039 28.9904 -44.8626 -20.2509 -37.7195 -33.2973 21.9940 -42.3492 -13.0399 -47.3081 -30.5925 14.1667 -39.6702 16.3569 -48.8702 -27.5750 4.4373 -37.3286
0.8115 -26.8843 -48.6687 25.4736 -39.2444 12.2771 -29.9362 -48.1167 -10.0385 -41.7265 20.4039 -32.7928 -40.4655 -19.3421 -44.4744 27.9418 -35.1279 -21.0660 -23.3913 -46.5303 33.6247 -36.8171 -2.9535 -25.8200 -47.9529 34.6157 -37.9899 5.2708 -27.4638 -48.7676 25.9304 -39.0475 10.9347 -30.6864 -44.5572 -24.2201 -48.8727 34.9109 -37.9993 7.1825 -31.7718 -27.2006 -29.0487 -38.2315 -27.4671 -44.8821 -24.4133 -48.9238 -12.5037 -44.4962 31.7701 -38.8499 20.1217 -40.2766 33.4701 -47.8970 -25.1501 -17.8962 -35.0741 20.0735 -41.1377 30.3170 -47.5122 -22.7303 -39.6014 -32.2143 8.0855 -36.9386 22.0814 -40.5189 17.7397 -48.8369 -27.8491 6.6493 -38.2435 33.6667 -48.2017 -26.2507 -0.5348 -37.1061 34.3570 -46.8701 -23.9562 -16.7721 -35.4803 29.1181 -44.8626 -20.1597 -38.2866 -33.1691 21.4950 -42.1300 -11.9699 -47.6943 -30.3051 13.3218 -39.4775 20.9771 -48.7975 -27.2545 2.7255
-25.7467 -48.5181 28.6637 -39.0327 11.3556 -29.6230 -48.3720 -8.2984 -41.4505 19.7474 -32.5951 -41.2974 -19.0558 -44.3860 27.8130 -35.1279 -20.5994 -23.5136 -46.6365 33.9328 -36.9521 -1.6336 -26.0744 -48.1155 34.0275 -38.1764 6.3302 -27.7519 -48.8474 22.4595 -39.2277 11.6095 -30.6747 -43.2612 -27.6059 -37.2144 -26.0147 -39.4652 11.5744 -30.4129 -44.6877 -23.2984 -48.8604 -18.5276 -48.2734 -12.3829 -46.5463 21.9961 -42.6238 28.6911 -38.2294 15.9592 -38.2321 31.4665 -45.4968 -20.6161 -35.9434 -33.9066 18.8067 -41.0451 32.2473 -47.1602 -21.3706 -41.7570 -31.9364 10.0558 -37.8387 23.5899 -39.6852 23.5165 -40.4225 14.9267 -48.8799 -28.1235 7.6256 -38.4273 32.6264 -48.3469 -26.4876 0.5846 -37.2329 34.5816 -46.9711 -24.0737 -16.3079 -35.4803 28.9904 -44.7753 -19.8949 -39.2768 -32.9719 20.8217 -41.8521 -10.5342 -48.0461 -29.9941 12.4212 -39.2728 25.0237 -48.6852 -26.1408
-48.2676 31.1037 -38.8146 10.3909 -29.2986 -48.5660 -6.0250 -41.1348 18.9670 -32.3441 -42.3413 -18.6027 -44.2225 27.4384 -35.0512 -21.0660 -23.5136 -46.6738 34.0861 -37.0381 -0.7527 -26.2615 -48.2389 33.3098 -38.3364 7.2262 -28.0138 -48.8909 18.5782 -39.3997 12.2382 -30.2944 -45.7992 -26.0107 -30.2634 -34.2549 28.1522 -48.6735 -25.1437 -48.6946 -16.6936 -46.6986 16.0630 -44.2265 34.6400 -42.3273 32.0498 -39.7510 20.6161 -36.6464 10.1682 -35.9478 19.8929 -41.9426 -5.2669 -47.9632 -31.2543 14.1436 -40.5916 29.9419 -47.2301 -20.3434 -44.7221 -31.3173 9.9760 -38.6697 31.7697 -43.4842 35.1161 -38.3038 19.5482 -40.0182 12.1900 -48.8884 -28.3826 8.4570 -38.5865 31.4887 -48.4537 -26.6613 1.3249 -37.3127 34.6843 -47.0062 -24.0737 -16.7721 -35.4039 28.6167 -44.6134 -19.4773 -40.5254 -32.7215 20.0285 -41.5342 -8.7149 -48.3329 -29.6706 11.4826 -39.0595 28.3009 -48.4643
27.7862 -38.5043 9.3814 -28.9700 -48.6925 -3.1305 -40.7965 18.1122 -32.0537 -43.4495 -17.9876 -43.9942 26.8517 -34.9057 -22.3904 -23.3913 -46.6365 34.0861 -37.0687 -0.2994 -26.3798 -48.3213 32.6123 -38.4629 7.9352 -28.2413 -48.9025 14.6806 -39.5655 12.9328 -30.1013 -47.6362 -20.7607 -48.2839 -30.2107 9.0840 -39.5196 18.4216 -46.3898 14.6661 -43.5928 34.2062 -40.5013 25.4033 -38.5531 18.3235 -36.5178 10.3306 -33.9471 -1.6449 -33.2772 7.8423 -38.1906 34.9463 -47.4033 -25.6739 0.2531 -38.2284 34.9493 -48.1173 -21.6768 -45.8485 -30.3587 5.8088 -37.9001 31.9302 -45.1399 -13.7460 -48.6309 10.1611 -33.1703 15.1873 -39.8493 8.7747 -48.8591 -28.6121 9.1282 -38.7139 30.4431 -48.5241 -26.7711 1.7078 -37.3403 34.6843 -46.9711 -23.9562 -18.1285 -35.2609 28.0304 -44.3873 -18.9142 -41.8596 -32.4314 19.1661 -41.1969 -6.4154 -48.5434 -29.3404 10.5109 -38.7452 24.5433
-38.1422 8.3286 -28.6387 -48.7848 0.5051 -40.4470 17.2231 -31.7425 -44.5153 -17.2214 -43.7142 26.0961 -34.7035 -24.3924 -23.1561 -46.5303 33.9328 -37.0381 -0.2994 -26.4209 -48.3636 32.0861 -38.5519 8.4453 -28.4216 -48.8894 11.1564 -39.7133 13.6313 -30.2132 -47.9633 -14.8500 -46.6212 -21.0006 -33.7182 -33.5916 15.0561 -39.3022 28.3206 -39.6484 22.4546 -37.4644 13.3688 -34.9500 4.8305 -32.6581 -12.1842 -30.0985 -35.9643 -29.1781 -24.6762 -34.0183 18.7136 -42.3233 -10.6999 -45.7536 -33.1535 22.9824 -45.4614 -24.7924 -38.9617 -30.5540 -0.3382 -36.4697 25.8027 -43.6437 -14.2627 -43.6830 -31.7016 -19.5733 -45.0295 -31.0004 14.8220 -39.9367 5.4598 -48.8055 -28.7929 9.6187 -38.8017 29.6812 -48.5609 -26.8087 1.7078 -37.3127 34.5816 -46.8701 -23.7342 -20.2069 -35.0627 27.2737 -44.1100 -18.2176 -43.1529 -32.1184 18.2661 -40.8459 -3.5273 -48.6808 -29.0080 9.5049 -38.4234
7.1349 -28.3127 -48.8623 4.9253 -40.1446 16.3195 -31.4178 -45.4673 -16.3270 -43.3997 25.2261 -34.4545 -26.8836 -22.8227 -46.3655 33.6247 -36.9521 -0.7527 -26.3798 -48.3636 31.8836 -38.6000 8.7699 -28.5472 -48.8651 8.3761 -39.8316 14.2411 -30.4149 -47.8072 -12.2914 -43.7335 23.6224 -48.2707 -26.6320 -21.3994 -33.1229 7.9203 -35.0257 8.4458 -33.7072 -2.7589 -30.9752 -31.3265 -27.8668 -45.4096 -24.6092 -48.5406 -22.5966 -48.0772 -28.2225 -2.9533 -37.0718 32.5269 -46.6165 -23.8059 -7.8680 -37.2252 31.2837 -1.6538 -33.6979 2.6322 -35.4708 19.1394 -41.3605 21.2705 -48.6832 -28.0695 12.0549 -43.3720 -15.0385 -47.0249 -30.8415 15.2891 -40.0452 2.9525 -48.7583 -28.9188 9.9277 -38.8490 29.3926 -48.5609 -26.7711 1.3249 -37.2329 34.3570 -46.7116 -23.4202 -22.8372 -34.8172 26.3972 -43.7978 -17.4117 -44.3206 -31.7936 17.3474 -40.4882 0.0640 -48.7761 -28.6775 8.4173
-27.2576 -48.8983 9.9455 -39.9224 15.4067 -31.0831 -46.2854 -15.2966 -43.0675 24.2894 -34.1687 -29.6399 -22.4011 -46.1491 33.1603 -36.8171 -1.6336 -26.2615 -48.3213 32.0861 -38.6000 8.8882 -28.6167 -48.8435 6.5110 -39.9194 14.7218 -30.5955 -47.5754 -12.2176 -42.9317 32.9699 -42.6460 -6.2706 -48.6352 -26.2630 -39.4856 -29.0061 -33.2928 -28.4193 -42.4296 -25.6682 -48.3001 -21.1619 -48.6308 -14.6598 -47.2367 -7.5291 -47.2225 -18.1737 -47.2869 -30.7868 11.2415 -39.8841 29.2444 -48.6382 -26.2124 -20.7793 -27.1992 -44.2605 21.0119 -36.3326 15.2027 -39.6515 35.2451 -46.1932 -20.1425 -40.3319 -33.7161 24.5637 -42.8373 -13.8217 -46.9369 -30.9892 15.7606 -40.1471 1.3414 -48.7343 -28.9883 10.0403 -38.8490 29.6812 -48.5241 -26.6613 0.5846 -37.1061 33.9847 -46.5010 -23.0195 -25.8417 -34.5351 25.4488 -43.4655 -16.4933 -45.3340 -31.4606 16.4253 -40.1744 4.4351 -48.8555 -27.6404
-48.8071 15.1146 -39.7253 14.4827 -30.7473 -46.9685 -14.1057 -42.7212 23.3230 -33.8624 -32.4141 -21.8958 -45.8887 32.5310 -36.6351 -2.9535 -26.0744 -48.2389 32.6123 -38.5519 8.7699 -28.6167 -48.8345 5.5184 -39.9743 15.0574 -30.7323 -47.3612 -12.5354 -42.5732 27.1859 -39.2016 31.0389 -44.6417 -11.0984 -48.6962 -20.1410 -48.8887 -20.1123 -48.7339 -16.0663 -47.4419 -2.6930 -45.3558 28.8055 -43.5372 35.3074 -43.1118 29.4715 -46.7716 -20.9101 -39.2467 -33.3475 18.1180 -41.3100 21.1249 -48.0511 -19.2384 -48.9370 34.8550 -38.7971 15.3916 -38.1816 29.6069 -44.1323 -9.3380 -48.7512 -27.8604 -7.0136 -35.9244 25.3085 -42.9321 -14.3535 -46.6083 -31.1417 16.1003 -40.2330 0.5063 -48.7273 -28.9883 9.9277 -38.8017 30.4431 -48.4537 -26.4876 -0.5348 -36.9331 33.4503 -46.2457 -22.5447 -28.9426 -34.2320 24.4642 -43.1204 -15.4472 -46.1910 -31.1243 15.5074 -39.9446 9.3800 -48.8274
10.8141 -39.4008 13.5564 -30.4121 -47.5162 -12.7326 -42.3642 22.3423 -33.5450 -35.0082 -21.3278 -45.5937 31.7503 -36.4119 -4.7654 -25.8200 -48.1155 33.3098 -38.4629 8.4453 -28.5472 -48.8435 5.5184 -39.9931 15.2329 -30.8180 -47.1945 -12.8625 -42.4075 24.1875 -36.8308 15.0469 -38.9197 32.3421 -44.0198 22.5903 -45.5241 17.7046 -44.8744 30.4846 -43.4247 35.0957 -41.4232 29.8051 -39.8644 24.4780 -39.3192 26.6234 -41.5961 29.8921 -47.8152 -24.3381 -23.7180 -34.6030 19.3777 -40.6607 35.2073 -43.9718 35.0148 -40.1938 17.3181 -37.0627 21.7743 -42.0414 18.2575 -48.2542 -23.7725 -39.6779 -32.0359 5.5181 -36.8367 26.7748 -43.2429 -15.0133 -46.3191 -31.2388 16.2778 -40.2691 0.5061 -48.7343 -28.9189 9.6188 -38.7139 31.4887 -48.3469 -26.2507 -2.0674 -36.7214 32.7623 -45.9594 -22.0125 -31.9046 -33.9153 23.4654 -42.7665 -14.2613 -46.8925 -30.7884 14.5902 -39.6173 5.5411
-39.2255 12.6273 -30.0776 -47.9450 -11.1406 -42.0050 21.3574 -33.2161 -37.3416 -20.7111 -45.2797 30.8605 -36.1565 -7.0932 -25.5031 -47.9529 34.0275 -38.3364 7.9352 -28.4206 -48.8659 6.5173 -39.9738 15.2314 -30.8457 -47.1053 -13.1025 -42.3620 22.8576 -35.3758 2.9023 -34.1461 11.7646 -38.1513 25.3274 -40.5144 29.4342 -40.3090 26.7902 -39.2473 21.8558 -37.8768 16.3545 -36.3585 11.6499 -35.5587 11.7609 -37.0810 22.9696 -41.7360 17.5077 -48.5022 -25.8070 -20.6108 -33.9226 14.0003 -37.9612 21.5189 -38.1588 14.8402 -35.8958 14.0196 -39.3876 35.2743 -46.5241 -19.6872 -45.8140 -30.0480 -8.2739 -34.4096 10.5219 -37.5748 28.0785 -43.4660 -15.3883 -46.1733 -31.2688 16.2763 -40.2332 1.3406 -48.7583 -28.7933 9.1283 -38.5865 32.6264 -48.2017 -25.9524 -4.0369 -36.4788 31.9432 -45.6523 -21.4313 -34.6222 -33.5882 22.4649 -42.4080 -12.9110 -47.4559 -30.4531 13.6709 -39.5013
11.7580 -29.7436 -48.2698 -9.2600 -41.6455 20.3865 -32.8816 -39.4132 -20.0387 -44.9525 29.9024 -35.8805 -9.9466 -25.1313 -47.7521 34.6157 -38.1764 7.2262 -28.2403 -48.8902 8.4155 -39.9180 15.0460 -30.8103 -47.1146 -13.1672 -42.3585 22.4671 -34.6613 -12.0835 -30.2977 -26.0286 -32.2179 4.9753 -35.3996 12.4635 -36.1290 12.0119 -35.3488 7.9969 -33.9557 1.0450 -32.4423 -10.5373 -31.5615 -13.4255 -32.7225 5.2562 -36.6030 23.9693 -42.2096 8.0086 -48.5677 -24.8804 -35.5535 -31.3498 0.4467 -33.7515 3.5670 -33.6361 4.0144 -36.2997 24.5634 -43.4544 -8.5096 -48.6489 -27.9787 -17.8953 -33.6905 5.5701 -35.6729 12.9863 -37.9023 28.4902 -43.5089 -15.4407 -46.1937 -31.2321 16.0976 -40.1475 2.9373 -48.8055 -28.6124 8.4570 -38.4273 33.6667 -48.0197 -25.6030 -6.4747 -36.2128 31.0318 -45.3291 -20.8005 -37.0560 -33.2563 21.4759 -42.0485 -11.3485 -47.8986 -30.1168 12.8501
-28.7560 -48.5033 -6.9945 -41.2860 19.4303 -32.5457 -41.2102 -19.3084 -44.6114 28.8943 -35.5895 -13.2208 -24.7190 -47.5178 34.9748 -37.9899 6.3302 -28.0138 -48.9025 11.1899 -39.8305 14.7033 -30.7159 -47.2257 -12.9981 -42.3342 22.4291 -34.6788 -16.2114 -28.5158 -46.3809 -26.3131 -42.4554 -29.4513 -21.8709 -31.6582 -11.4848 -31.8421 -20.1258 -30.0637 -37.4420 -27.6856 -44.7218 -26.5755 -44.9034 -28.2606 -33.7501 -31.9806 4.7775 -36.8322 24.9743 -42.2191 16.2883 -47.9499 -21.0382 -47.5136 -26.7777 -40.2167 -28.9720 -29.3531 -32.5877 10.9591 -39.5254 34.6069 -47.6680 -23.8900 -33.1428 -32.9421 4.5450 -35.3966 9.3950 -36.0291 13.0822 -37.7611 28.1457 -43.4304 -15.2555 -46.3571 -31.1334 15.7588 -40.0476 5.4515 -48.8600 -28.3813 7.6256 -38.2435 34.4553 -47.8047 -25.2149 -9.3771 -35.9301 30.0488 -44.9931 -20.1219 -39.1866 -32.9198 20.5008 -41.6881 -9.5059 -48.2352 -29.1443
-48.7146 -4.2281 -40.9269 18.4870 -32.2091 -42.7420 -18.5186 -44.2638 27.8526 -35.2824 -16.8370 -24.2769 -47.2614 35.0559 -37.7858 5.2708 -27.7519 -48.8909 14.6807 -39.7124 14.2269 -30.5699 -47.4171 -12.5777 -42.2473 22.2361 -34.8549 -8.0768 -30.2994 -44.3685 -24.7940 -48.5863 -23.3908 -47.6771 -26.8296 -41.3276 -29.6149 -35.4014 -29.0131 -45.8456 -23.7385 -48.7674 -20.4584 -48.7668 -24.3799 -44.9566 -29.3127 -25.4595 -32.8802 6.5210 -36.9021 23.6690 -41.4946 33.2050 -45.9497 -11.0033 -48.3847 -20.2085 -48.5426 -26.6593 -22.7945 -34.9781 23.1318 -43.5410 -13.0662 -46.9720 -31.2066 5.7958 -35.7684 10.3216 -35.8553 9.1593 -35.6445 11.8467 -37.5202 27.8724 -43.3394 -14.8795 -46.6401 -30.9748 15.2701 -39.9321 8.9031 -48.8947 -28.1167 6.6456 -38.0403 34.9198 -47.5638 -24.7945 -12.6978 -35.6310 29.0168 -44.6491 -19.3902 -41.0295 -32.5811 19.5394 -41.3274 -7.2959 -48.5659
-5.7552 -40.5686 17.5542 -31.8719 -44.0372 -17.6606 -43.9116 26.8003 -34.9652 -20.6600 -23.7976 -46.9868 34.8735 -37.5686 4.0442 -27.4638 -48.8474 18.5786 -39.5640 13.6172 -30.3732 -47.6617 -11.8945 -42.0934 21.7007 -34.5279 -6.5706 -32.8468 -11.4649 -30.1255 -43.9040 -24.0850 -48.7379 -23.1875 -46.7624 -28.9006 -24.1432 -31.6506 -21.9628 -27.0559 -48.7670 -15.8294 -47.8698 -20.8194 -46.0760 -29.7822 -13.9201 -32.6597 -3.1626 -33.9866 7.5668 -36.5192 19.9246 -40.0316 33.1321 -43.2113 25.8598 -46.2614 -14.6281 -48.6518 -28.6928 4.0383 -38.2655 35.1915 -47.5442 -25.7165 0.3418 -37.2609 16.9014 -36.9738 10.9673 -35.4053 6.8397 -35.2846 12.2006 -37.7879 28.2840 -43.2071 -14.2277 -47.0093 -30.7637 14.6519 -39.7893 13.0188 -48.8973 -27.8289 5.5253 -37.8265 35.0616 -47.3040 -24.3420 -16.3635 -35.3211 27.9682 -44.3013 -18.6033 -42.5951 -32.2436 18.5887 -40.9662 -8.2654
-40.5031 16.6298 -31.5333 -45.1227 -16.7210 -43.5551 25.7451 -34.6439 -24.4098 -23.2844 -46.6923 34.4572 -37.3441 2.6387 -27.1597 -48.7680 22.4779 -39.3947 12.9007 -30.1376 -47.9289 -10.9250 -41.8982 21.0096 -33.7118 -20.0068 -31.6766 11.2616 -36.0337 5.8842 -31.0568 -43.2770 -24.7939 -47.3610 -28.6537 -8.9952 -34.6901 13.3163 -35.2291 -30.3672 -21.7026 -47.4118 -14.8272 -48.4576 -29.8375 7.2903 -35.8972 12.3907 -35.5974 7.8836 -34.8434 7.6832 -35.7774 14.8800 -38.2096 25.2813 -41.2388 35.2949 -45.7233 -17.4631 -45.7404 -31.8503 14.8526 -40.8463 2.0713 -48.0559 -32.9702 31.7636 -40.6964 20.2437 -36.6419 8.1441 -34.8867 8.0883 -36.3119 16.8790 -38.6514 28.1110 -42.8910 -13.2013 -47.4084 -30.5141 13.9295 -39.6232 17.4096 -48.8615 -27.5247 4.2770 -37.6048 34.9152 -47.0253 -23.8591 -20.1920 -35.0049 26.9158 -43.9502 -17.7551 -43.9108 -31.9071 17.6521 -40.8758
15.8995 -31.1882 -46.0244 -15.6791 -43.1973 24.7022 -34.3187 -27.9373 -22.7448 -46.3837 33.8462 -37.1064 1.0261 -26.8440 -48.6535 26.0075 -39.2094 12.1022 -29.8777 -48.1798 -9.6861 -41.6874 20.4071 -33.0539 -36.0749 -26.1813 -33.0658 -40.5583 30.8293 -38.2539 7.1460 -30.7089 -42.3164 -28.6343 -12.9111 -35.4488 23.0096 -41.7707 32.5131 -27.5701 -48.9256 -8.0095 -47.6045 -24.7314 0.6126 -39.1834 30.8926 -40.3507 24.2007 -37.9078 14.0737 -35.5991 7.0655 -34.8719 9.6288 -36.7391 20.7640 -40.7762 34.3809 -47.0091 -22.5683 -33.9979 -33.7414 17.9624 -40.0817 30.4305 -25.2133 -48.6293 33.7011 -40.2341 15.6434 -35.4378 7.2168 -36.0931 17.6700 -39.3363 24.0340 -38.4251 25.8607 -42.3861 -11.8372 -47.7867 -30.2342 13.1270 -39.4394 21.6496 -48.7860 -27.2126 2.8602 -37.3759 34.5217 -46.7292 -23.3486 -23.9605 -34.6838 25.8674 -43.5966 -16.8286 -45.0136 -31.5630 16.9473
-30.2578 -46.7599 -14.5156 -42.8399 23.6784 -33.9901 -31.1577 -22.1770 -46.0659 33.0869 -36.8493 -0.8484 -26.5082 -48.5042 28.9470 -39.0086 11.2357 -29.6052 -48.3870 -8.2897 -41.5038 20.0242 -32.9222 -39.4899 -20.9243 -46.5806 25.7315 -23.4886 -47.6544 32.8922 -36.9283 -1.3948 -30.7965 -23.4610 -33.9287 19.0026 -42.6108 -14.5920 -39.0221 -42.9337 28.4794 -44.1677 -4.1156 -48.5274 -29.0035 5.9462 -47.3035 8.3239 -43.5199 33.0292 -39.7931 19.0442 -36.0149 4.6698 -33.9496 5.6940 -36.3872 22.4322 -41.9646 11.8438 -48.5110 -25.6059 -28.0106 -32.9742 8.8514 -33.9103 -40.2517 -17.2387 -44.7872 28.1396 -37.3317 8.9760 -35.4844 16.2038 -40.2189 34.0490 -42.6071 17.7504 -36.2218 22.4509 -41.8781 -10.2255 -48.1125 -29.9342 12.2692 -39.2441 25.4073 -48.6728 -26.8897 1.2397 -37.1365 33.9296 -46.4218 -22.8122 -27.5214 -34.3587 24.8285 -43.2409 -15.8063 -45.9278 -30.6484
-47.5495 -13.2061 -42.4814 22.6700 -33.6589 -34.0344 -21.5782 -45.7402 32.2197 -36.5780 -3.0302 -26.1453 -48.3231 31.2689 -38.7975 10.3199 -29.3348 -48.5387 -7.0403 -41.4495 20.2050 -33.3170 -37.9152 -20.9478 -45.6854 34.1928 -37.5526 -28.2218 -16.8499 -42.9329 19.9876 -34.6068 -9.3466 -32.8484 9.1628 -38.9894 32.9688 -48.8718 -29.4838 19.7299 -39.7601 30.4278 -42.6519 15.7960 -46.1737 9.0542 -27.9120 -48.7546 -13.6948 -45.7923 33.6216 -41.2815 20.7076 -35.3840 -2.1920 -33.2608 7.1464 -37.7090 31.5222 -45.0327 -17.6757 -48.5964 -26.0511 -41.0266 -28.7550 -39.4304 -22.8465 -47.5008 34.9856 -39.9047 14.3864 -35.2188 10.6313 -38.5100 34.4495 -46.1908 -9.1756 -27.4123 -19.4511 -33.5074 20.1430 -41.4849 -8.3449 -48.3711 -29.6246 11.3672 -39.0389 28.5538 -48.5246 -26.5501 -0.6086 -36.8806 33.1852 -46.1048 -22.2477 -30.7831 -34.0303 23.8027 -42.8836 -14.6681 -46.9309
-13.2654 -42.1228 21.6778 -33.3257 -36.5638 -20.9448 -45.4078 31.2756 -36.2948 -5.5729 -25.7561 -48.1171 32.9848 -38.5790 9.3506 -29.0646 -48.6380 -6.5293 -41.7104 21.8064 -34.5085 -27.9631 -23.5318 -46.7484 35.2625 -38.5021 8.8407 -27.9193 -48.2616 34.8966 -38.8663 10.7965 -34.0190 3.2254 -36.0821 24.0551 -43.7018 -16.2732 -41.7229 -32.9224 11.1901 -37.2155 21.8488 -39.7656 25.7103 -35.3923 -13.2240 -28.0313 -48.0462 -19.9832 -47.9665 6.9989 -40.9441 14.6307 -33.4843 -13.9496 -33.5418 14.5311 -40.6250 5.7407 -48.0193 -25.6905 -47.7864 -23.5906 -48.6933 -19.7547 -47.6384 26.6964 -41.6650 20.6544 -36.0180 6.4482 -35.7722 22.9618 -44.1548 -19.6809 -15.7399 -45.9821 -21.5368 -40.1310 -32.5092 19.0516 -41.1437 -6.0656 -48.5625 -29.3087 10.4214 -38.8235 31.0279 -48.3453 -26.1870 -2.7613 -36.6092 32.3270 -45.7792 -21.6523 -33.7049 -33.6992 22.7920 -42.5257 -14.5300
-41.9673 20.7033 -32.9911 -38.7618 -20.2722 -45.0695 30.2790 -36.0014 -8.5196 -25.3432 -47.8871 34.1366 -38.3546 8.3093 -28.7699 -48.7089 -6.9034 -42.4299 26.0251 -36.5067 -1.3081 -28.2214 -48.7624 12.7941 -40.9208 16.5595 -32.7395 -45.1277 -14.5774 -43.4430 25.6735 -37.0412 10.1860 -35.6254 15.0337 -39.4277 35.2961 -46.7784 -22.2384 -39.3480 -31.2368 1.6597 -35.3692 13.7157 -36.8504 10.3723 -34.2399 -5.6082 -30.1576 -40.5257 -25.9468 -49.0749 34.7052 -37.1998 -2.2789 -30.8240 -15.5671 -34.7969 24.5788 -44.9502 -29.4905 -10.4430 -28.1266 -48.6098 -16.4333 -46.6191 28.8951 -42.1334 24.8282 -37.3210 9.3579 -34.6501 9.9130 -38.4926 32.9618 -49.0187 -30.8833 30.2733 -44.7981 -18.7474 -43.0988 -32.0924 18.1518 -40.8061 -3.2431 -48.6891 -28.9849 9.4236 -38.6015 32.8296 -48.1401 -25.7981 -5.2797 -36.3248 31.3868 -45.4463 -21.0214 -36.2814 -33.3657 21.7986 -42.3480
20.0280 -32.6426 -40.6540 -19.5542 -44.7262 29.2491 -35.6992 -11.8695 -24.9072 -47.6370 34.7995 -38.1275 7.1952 -28.4369 -48.7587 -6.5537 -43.3131 32.6230 -39.4249 14.4966 -33.4085 -38.4850 -20.7733 -45.4368 31.4152 -36.8949 -5.0370 -26.0998 -47.9652 31.4705 -40.9606 22.1381 -37.8381 17.8998 -38.5360 26.5835 -42.2348 22.7645 -47.6836 -22.3362 -44.6106 -30.5201 -0.1508 -35.7864 17.2003 -37.9551 18.1332 -36.6150 8.3725 -33.3873 -0.6431 -28.3357 -40.7061 12.2906 -30.7191 -43.0944 -27.8152 -25.3141 -31.9969 -16.1646 30.7182 -36.9630 -11.4239 -24.5799 -47.7857 23.0336 -42.3985 27.1691 -38.4363 15.2542 -36.0830 9.2755 -35.4309 18.1857 -41.9435 -15.0690 -36.6995 -34.9266 27.5626 -43.9219 -17.4301 -44.4129 -31.7722 17.2882 -40.4721 0.2234 -48.7752 -28.6580 8.3738 -38.3765 34.0407 -47.9123 -25.3872 -8.1959 -36.0317 30.3882 -45.1063 -20.3508 -38.5249 -33.0144 21.1193
-31.7705 -42.2678 -18.7832 -44.3783 28.2002 -35.3884 -15.5419 -24.4469 -47.3685 35.0537 -37.9005 6.0292 -28.1074 -48.7551 -3.6287 -43.4652 35.4708 -42.7963 29.6451 -38.5606 8.8235 -30.3651 -48.4336 -2.9181 -41.6198 17.0893 -32.6899 -44.8488 -17.2784 -45.2222 35.4152 -41.3672 29.3704 -40.6764 30.8331 -41.9121 35.4651 -44.2461 -1.5617 -48.0162 -23.1673 -39.1893 -33.2145 16.7137 -40.7798 34.8647 -42.4074 31.4097 -38.7674 15.8903 -38.2070 33.1367 -33.2894 -28.3582 -46.8933 -21.4598 -48.7853 -22.5129 -48.1361 -20.6625 -43.9748 19.0248 -32.0940 -47.0403 -12.9998 -44.1236 31.7284 -39.5613 20.9534 -38.5610 21.0855 -37.7767 12.4344 -36.4753 26.6022 -44.8814 -22.0117 -23.0473 -34.7302 25.6946 -43.4817 -16.5051 -45.2887 -31.5427 16.5873 -40.2300 4.1629 -48.8429 -28.3354 7.2685 -38.1495 34.7505 -47.6648 -24.9544 -11.4985 -35.7313 29.3567 -44.7619 -19.6340 -40.4610 -32.1560
-44.0928 -17.9502 -44.0267 27.1437 -35.0706 -19.3892 -23.9620 -47.0856 34.9751 -37.6737 4.8061 -27.8315 -48.7082 0.7440 -42.7840 34.5282 -45.0397 29.1075 -43.5525 27.6503 -36.8959 -6.1387 -25.3421 -47.3720 35.0164 -37.9025 1.4718 -27.7403 -48.7273 -8.2467 -45.2557 28.0437 -44.2807 30.0444 -44.6643 18.9428 -45.7349 -1.7839 -46.5535 -13.5377 -48.7466 -27.2933 2.1196 -38.5174 -1.3684 -48.0841 -14.0151 -46.6701 34.0328 -38.9247 22.5657 -42.5539 -14.3020 -48.4837 -12.0282 -46.2933 6.5202 -45.9939 3.7796 -44.7944 30.3157 -36.4101 -14.4205 -24.3580 -47.4003 33.4168 -41.3029 26.3941 -40.4776 33.4151 -43.0431 34.4771 -37.6302 10.6198 -36.9804 31.8821 -46.1602 -22.8281 -27.4657 -34.3287 24.6769 -43.2321 -16.0896 -45.3615 -31.9454 16.8787 -40.1895 8.2507 -48.8770 -28.0138 6.0877 -37.9203 35.0435 -47.4000 -24.4990 -15.1293 -35.4231 28.3115 -44.4153 -18.8678 -42.6515
-17.4072 -43.6715 26.0868 -34.7494 -23.2041 -23.4549 -46.7915 34.6280 -37.4454 3.4810 -27.6033 -48.6649 1.9174 -42.5495 35.3298 -45.3113 -4.4917 -47.0991 25.5206 -42.2045 18.8024 -33.2062 -44.4502 -14.1015 -43.0255 20.6630 -33.9073 -36.2612 -23.8143 -48.5743 -16.3667 -48.1013 -15.4338 -48.2375 -17.1413 -48.6736 -20.2566 -48.7622 -19.9513 -48.2675 -19.0597 -47.1353 -30.8821 17.3458 -47.7304 -27.6929 -40.7401 -24.0047 -44.4703 24.1120 -38.0213 25.4536 -42.3932 35.0353 -42.7797 34.1255 -41.4851 32.1949 -40.8257 26.1926 -37.4169 4.3552 -29.3964 -48.5594 -10.2824 -43.9748 33.3422 -41.5217 35.3464 -46.3647 -17.1727 -49.0503 20.0417 -33.6295 5.2846 -37.0113 33.0578 -46.1379 -22.2758 -30.6551 -34.1014 24.5530 -43.4655 -18.3611 -36.0367 -34.2170 18.2201 -40.2257 12.6903 -48.8672 -27.6875 4.8072 -37.6892 34.9963 -47.1203 -24.0206 -18.9397 -35.1087 27.2593 -44.0657 -18.2264
-43.4374 25.0417 -34.4254 -26.8163 -22.9240 -46.4862 34.0730 -37.2100 1.9965 -27.3996 -48.6285 0.9257 -43.0324 35.4626 -44.8869 -8.6850 -48.3179 -12.7322 -46.3497 34.7868 -38.4939 3.1374 -26.8922 -48.1028 35.0172 -38.6058 6.5715 -30.6190 -43.9466 -25.8137 -46.7077 -25.8458 -45.8241 -26.3319 -44.4148 -27.7465 -36.2828 -29.0066 -39.5252 -23.2786 -48.3691 -19.2148 -48.2568 -22.6255 -39.6250 13.5663 -34.5592 -1.5235 31.1440 -37.6220 11.2234 -36.2594 17.9697 -38.2099 19.9347 -37.8237 17.2122 -37.1458 14.4546 -35.6787 3.5522 -31.4559 -42.2430 -23.0352 -47.7691 21.8043 -42.9447 35.4998 -45.7745 -20.7160 -27.0052 -33.8905 -21.7898 -44.7729 -28.9483 0.1802 -36.7920 32.5028 -45.8157 -21.7212 -32.4868 -33.7175 25.8442 -44.1149 -27.3202 9.7227 -36.1006 18.6913 -40.1122 17.6555 -48.8154 -27.3570 3.3995 -37.4569 34.6765 -46.8275 -23.5181 -22.7468 -34.7892 26.2104 -43.8167
24.3327 -34.0763 -30.1430 -22.3656 -46.1710 33.3562 -36.9580 0.2636 -27.1677 -48.6048 -1.3570 -43.4331 35.5257 -44.3271 6.1428 -47.9877 -16.1948 -47.9517 14.7070 -42.3988 19.1048 -33.1910 -44.4215 -14.5954 -43.2547 22.2675 -35.1290 -9.3828 -31.0546 -20.6404 -31.5852 -7.0136 -32.3161 -5.5579 -32.5986 1.1759 -34.4547 10.6363 -33.8417 -42.1712 -17.9962 -46.7199 -3.5625 -45.9389 28.6943 -37.9379 23.9834 -44.8716 -29.8137 -4.7374 -31.6592 -9.2377 -32.7877 2.2063 -33.4906 1.3853 -33.1048 -2.1757 -32.6684 -10.1168 -31.7990 -28.3170 -29.1831 -45.5626 -20.7564 -46.7742 29.9234 -44.1698 -8.7963 -47.9100 -31.7281 20.3053 -45.6394 -14.3857 -48.7642 -27.2546 -2.7155 -36.4570 31.1254 -45.1745 -19.4801 -44.5892 -28.4286 -41.1705 25.1349 -39.8938 14.6668 -35.9215 17.2302 -39.8054 22.5429 -48.7204 -27.0269 1.8330 -37.2192 34.1422 -46.5233 -22.9903 -26.3884 -34.4413 25.4752
-33.2693 -33.1298 -21.7773 -45.8474 32.5176 -36.6842 -1.8574 -26.7919 -48.5373 -5.8791 -44.2087 34.8234 -43.6581 31.3928 -46.2524 -8.5693 -47.7043 -1.0090 -44.4763 29.8569 -37.0798 -4.3130 -25.9427 -47.7696 35.1516 -38.9776 11.0253 -34.1951 4.3268 -35.2024 13.3494 -36.8829 15.6026 -36.7599 14.3426 -37.3373 22.5510 -40.6999 29.8780 -24.8315 -48.1259 29.2032 -42.4268 30.6893 -38.3460 16.3519 -39.2983 28.2895 -49.0142 -24.3684 -47.4251 -25.5491 -44.8986 -27.1780 -42.0746 -27.6687 -41.7300 -28.3993 -37.2227 -30.7559 -16.1287 -32.8147 -1.4624 -31.2075 -44.4981 -17.4792 -45.5058 18.1420 -47.5265 -25.0019 -7.3927 -37.0562 32.7001 -43.8491 -5.6263 -48.6175 -26.9179 -6.3608 -35.8489 27.4258 -43.1428 -4.7528 -48.0784 -11.7166 -43.5597 24.7609 -36.5542 4.9362 -34.2941 14.8218 -39.4451 26.5508 -48.5883 -26.6968 0.0659 -36.9693 33.4439 -46.2093 -22.4353 -29.7501 -33.6531
-36.6159 -21.1573 -45.5171 31.5928 -36.3962 -4.4322 -26.2317 -48.3751 -4.6008 -45.8289 8.9407 -44.6535 33.9624 -44.2588 28.1393 -45.8079 19.1330 -44.4692 33.7944 -39.3364 11.8109 -31.7823 -46.8528 -12.9465 -43.2378 23.9239 -36.6250 11.4832 -37.2106 23.3250 -40.5647 32.2151 -41.1809 29.6837 -40.2088 28.2741 -42.4128 -6.5540 -45.8531 -40.1674 33.0022 -40.1545 21.5059 -37.1486 10.3997 -35.5466 18.0898 -41.2822 16.9808 -46.7589 -9.9593 -47.7110 -15.5098 -48.4671 -18.6228 -48.6816 -21.8015 -47.9423 -28.0521 -18.5769 -34.2205 14.2378 -37.6938 16.1306 -30.1713 -48.7497 -3.1369 -45.3019 -14.4924 -47.0183 -31.8362 13.5240 -39.9910 35.4776 -44.9262 -13.0569 -48.7635 -27.1178 -14.5262 -34.5085 19.5098 -39.7192 33.0411 -41.5520 25.8156 -37.4768 6.1449 -32.0482 -20.6675 -32.5247 12.9220 -39.1820 29.3323 -48.4312 -26.3635 -1.9344 -36.7060 32.6225 -45.8870 -21.8524 -33.7463
-20.2809 -45.1816 30.6111 -36.1020 -7.3984 -25.6199 -48.1009 14.1986 -44.8494 -17.6308 -48.4183 -8.2300 -44.8316 35.1603 -43.3893 35.4759 -42.9156 32.4969 -40.2718 19.5508 -35.8110 -8.7395 -26.0937 -47.9554 34.4469 -39.6897 17.0799 -37.8409 27.2673 -43.0099 11.1959 -46.5130 1.5534 -45.0481 34.3831 -42.8390 32.3095 -47.6410 -26.1977 9.4611 -35.9975 11.0211 -34.3551 -0.3411 -32.3983 -4.1786 -35.0624 18.4706 -40.1627 33.3742 -42.7294 35.1173 -43.9187 25.9686 -45.4615 -5.5112 -47.9777 -23.2404 -37.9249 -33.3109 16.9347 -40.7839 33.8084 -43.0718 -13.7413 -20.4169 -46.0145 11.2228 -47.9090 -25.7206 -6.8665 -36.7479 29.4448 -44.1617 -10.2874 -48.3723 -21.5498 -48.2545 -27.3405 -30.5305 -32.1160 7.7220 -35.5412 13.1737 -35.2384 2.4264 -30.8773 -40.6725 -26.9504 -40.2927 -31.4911 12.1899 -39.1162 30.9475 -48.2638 -26.0285 -4.2336 -36.4310 31.7109 -45.5586 -20.9107
-44.8947 29.6037 -35.8051 -10.6591 -25.0914 -47.7723 32.7840 -40.7082 26.5664 -36.7941 -26.8578 -48.7674 -2.6561 -43.5458 33.3495 -41.2984 28.7447 -40.4255 25.9090 -39.2528 17.8950 -33.5274 -42.0224 -16.6192 -43.9363 26.5838 -38.2918 24.0042 -42.7318 -9.4431 -48.6843 -24.2649 -48.3566 -19.3261 -47.3067 18.8888 -44.4238 -5.6898 -48.7159 -27.9668 -25.6534 -29.8193 -35.3365 -27.9490 -43.6136 -28.6045 -19.3378 -33.5188 12.8313 -37.2169 20.7007 -39.1724 26.8238 -41.3390 35.4170 -44.5819 -12.3221 -48.3750 -30.0457 9.8104 -39.6764 24.9327 -49.2366 -27.8779 19.5764 -45.0415 33.2847 -44.8100 -14.9586 -45.7720 -32.6402 17.9977 -42.2693 -9.5738 -48.1254 -26.4238 -43.3265 -27.2601 -45.3121 -26.8717 -44.2245 -28.2942 -31.0911 -29.7368 -31.6701 -27.7890 -46.9282 -22.2927 -48.7512 -23.3385 -42.2652 -32.0592 13.3635 -39.3871 31.4641 -48.0975 -25.6820 -6.9193 -36.1466 30.7477 -45.2612
