-27.4464 -22.0413 -45.9426 31.5715 -35.7569 -11.0474 -23.9746 -47.1961 33.1888 -36.9914 0.4149 -25.6726 -48.2269 28.3024 -38.0847 6.8672 -27.1814 -48.7964 11.8420 -39.1740 11.5503 -28.6801 -48.7341 -5.1827 -40.4298 15.6968 -30.1865 -47.6468 -13.0075 -41.8936 19.8112 -31.6931 -44.3452 -17.2406 -43.3678 24.1223 -33.1957 -37.1224 -20.1486 -44.8181 28.5002 -34.6616 -23.9426 -22.4393 -46.2034 32.1893 -36.0501 -7.3498 -24.9715 -48.3258 -13.6149 -48.4430 -25.3540 -4.2644 -36.3772 32.7975 -46.5390 -22.9596 -19.6983 -35.0277 29.5772 -45.1854 -20.7860 -34.3526 -33.5768 25.2538 -43.7447 -18.0788 -42.9403 -32.0833 20.9048 -42.2727 -14.2915 -47.0633 -30.5740 16.7517 -40.8065 -7.8218 -48.6020 -29.0672 12.6343 -39.4471 6.5031 -48.8279 -27.5694 8.1761 -38.3688 25.2600 -48.4278 -26.0645 2.3820 -37.2756 32.7856 -47.4929 -24.4356 -7.3807 -36.0960 32.3331 -46.2890 -22.5805 -23.3726
-22.0413 -46.1042 32.4910 -36.3569 -7.1378 -25.1181 -47.5042 35.0471 -37.4859 2.4653 -26.8137 -48.4834 31.5271 -38.4552 8.0853 -28.2392 -48.8991 16.2102 -39.3619 12.4345 -29.6730 -48.5435 -3.5228 -40.4887 16.4266 -31.1187 -46.8920 -12.9133 -42.0468 20.4917 -32.5675 -42.5932 -17.7570 -43.5970 24.8296 -34.0086 -33.7181 -21.0157 -45.1049 29.3579 -35.3913 -18.9352 -23.5201 -46.5227 33.4370 -36.6503 -4.3346 -25.6486 -47.9300 28.1266 -42.1324 25.8898 -48.1493 -26.0841 -1.7089 -36.9439 34.2045 -46.8586 -24.0779 -14.6803 -35.7330 30.5075 -45.4835 -21.7171 -30.4598 -34.3685 25.9888 -43.9926 -18.7038 -40.8280 -32.9425 21.5790 -42.4453 -14.3993 -46.0997 -31.4937 17.4619 -40.8909 -6.7456 -48.2973 -30.0422 13.4685 -39.5762 10.4426 -48.8688 -28.6088 9.2776 -38.6978 28.9344 -48.6550 -27.1811 4.1355 -37.7397 34.9349 -47.7931 -25.5906 -4.0699 -36.6665 33.4228 -46.4600 -22.5805
-45.9426 32.4910 -36.5001 -5.4436 -25.4275 -47.7255 34.9943 -37.7630 3.8981 -27.1246 -48.6379 29.2604 -38.7651 9.1490 -28.5645 -48.8755 11.0916 -39.6856 13.3670 -30.0085 -48.3264 -6.4364 -40.8465 17.3475 -31.4606 -46.1911 -14.2607 -42.4068 21.4699 -32.9156 -41.0385 -18.6033 -43.9502 25.8672 -34.3584 -30.7932 -21.6477 -45.4420 30.3830 -35.7313 -15.1296 -24.0204 -46.8271 34.1398 -36.9622 -2.0454 -25.9471 -48.0227 33.7121 -39.2805 21.6761 -39.4218 32.2664 -48.2573 -26.3696 0.2365 -37.2427 34.7199 -47.1513 -24.5534 -11.0791 -36.0683 31.4929 -45.8140 -22.3070 -27.1700 -34.7177 27.0405 -44.3436 -19.4785 -38.9681 -33.2916 22.5680 -42.8034 -15.5753 -45.2185 -31.8381 18.3918 -41.2494 -9.0484 -47.9827 -30.3779 14.3959 -39.9039 5.4133 -48.7925 -28.9348 10.2879 -39.0101 25.8708 -48.7751 -27.4905 5.4133 -38.0210 34.5104 -47.9971 -25.8825 -2.6372 -36.8102 33.4228 -46.2890
31.5715 -36.3569 -5.4436 -25.5458 -47.8539 34.7685 -37.9411 5.0584 -27.4142 -48.7565 26.4115 -38.9778 10.1522 -28.8907 -48.8010 6.0138 -39.8814 14.2885 -30.3431 -48.0210 -8.8163 -41.2055 18.2774 -31.7972 -45.3319 -15.4479 -42.7663 22.4623 -33.2517 -39.2117 -19.3866 -44.3013 26.9157 -34.6837 -27.5257 -22.2453 -45.7756 31.3749 -36.0322 -11.4986 -24.4990 -47.1201 34.6758 -37.2155 0.0097 -26.3085 -48.2140 33.4876 -38.5068 11.5593 -33.8994 12.2108 -38.7323 31.7892 -48.4314 -26.7062 1.9866 -37.4797 35.0152 -47.4312 -25.0077 -7.8201 -36.3594 32.4221 -46.1380 -22.8683 -23.5634 -35.0410 28.0955 -44.6913 -20.2012 -36.8028 -33.6250 23.5747 -43.1628 -16.6244 -44.1540 -32.1749 19.3336 -41.6088 -10.9633 -47.5651 -30.7130 15.3132 -40.1163 0.9577 -48.7026 -29.2617 11.2458 -39.2175 22.1854 -48.8554 -27.7802 6.4592 -38.1963 33.9641 -48.1146 -25.9934 -2.6372 -36.6665 32.3331
-35.7569 -7.1378 -25.4275 -47.8539 34.6373 -38.0442 5.8313 -27.6453 -48.8352 23.2612 -39.1701 11.0671 -29.2039 -48.7150 1.5272 -40.0797 15.1955 -30.6750 -47.6183 -10.7692 -41.5648 19.2177 -32.1339 -44.2931 -16.5063 -43.1242 23.4698 -33.5881 -37.0729 -20.1154 -44.6491 27.9682 -35.0049 -23.9623 -22.8114 -46.1028 32.3169 -36.3243 -8.1959 -24.9544 -47.4000 34.9962 -37.4548 1.8049 -26.6621 -48.4067 32.2533 -38.5049 8.7586 -30.3959 -36.8705 -30.5784 9.8029 -38.7471 29.9327 -48.5950 -27.0384 3.5381 -37.7110 35.0278 -47.6949 -25.4383 -4.9674 -36.6400 33.2680 -46.4538 -23.4038 -19.7523 -35.3584 29.1439 -45.0348 -20.8781 -34.3082 -33.9564 24.6025 -43.5214 -17.5715 -42.8830 -32.5115 20.2883 -41.9683 -12.5811 -47.0303 -31.0485 16.2222 -40.4055 -2.7190 -48.5859 -29.5759 12.1295 -39.4053 18.3364 -48.8962 -28.0087 7.1646 -38.2982 33.7011 -48.1146 -25.8825 -4.0699 -36.0960
-11.0474 -25.1181 -47.7255 34.7685 -38.0442 6.1046 -27.7752 -48.8753 20.4164 -39.3282 11.8474 -29.4880 -48.6180 -2.0770 -40.3473 16.0819 -31.0005 -47.1093 -12.4015 -41.9241 20.1706 -32.4703 -43.0499 -17.4619 -43.4806 24.4915 -33.9217 -34.5986 -20.8004 -44.9931 29.0168 -35.3211 -20.1926 -23.3483 -46.4207 33.1798 -36.6057 -5.2941 -25.3872 -47.6647 35.0435 -37.6878 3.3820 -26.9995 -48.5769 30.2903 -38.6844 8.9336 -28.9699 -48.3196 -21.1905 -48.1192 -29.2868 10.0449 -38.9277 27.1903 -48.7305 -27.3670 4.9312 -37.9428 34.6893 -47.9409 -25.8459 -2.5097 -36.9085 33.9982 -46.7602 -23.9147 -15.9128 -35.6686 30.1755 -45.3736 -21.5152 -31.4672 -34.2851 25.6463 -43.8769 -18.4352 -41.3779 -32.8473 21.2569 -42.3268 -13.9676 -46.3704 -31.3763 17.1084 -40.7459 -5.6028 -48.4135 -29.8607 12.8989 -39.5594 15.0777 -48.9089 -28.1389 7.4170 -38.2982 33.9641 -47.9971 -25.5906 -7.3807
-23.9746 -47.5042 34.9943 -37.9411 5.8313 -27.7752 -48.8868 18.6956 -39.4350 12.4355 -29.7236 -48.4860 -4.7802 -40.6609 16.9236 -31.3143 -46.4916 -13.7683 -42.2754 21.1263 -32.8040 -41.5781 -18.3338 -43.8349 25.5265 -34.2514 -31.7847 -21.4461 -45.3324 30.0508 -35.6314 -16.3628 -23.8591 -46.7289 33.9272 -36.8768 -2.7907 -25.7973 -47.9123 34.7505 -37.9191 4.7932 -27.3308 -48.7168 27.5790 -38.8964 9.7936 -28.8691 -48.7381 -8.8104 -44.8585 -10.2091 -48.6493 -29.2249 10.8951 -39.1394 23.6197 -48.8293 -27.6960 6.2083 -38.1744 33.9225 -48.1664 -26.2304 -0.3955 -37.1630 34.5734 -47.0573 -24.4006 -12.2219 -35.9713 31.1760 -45.7066 -22.1174 -28.2810 -34.6120 26.6952 -44.2285 -19.2293 -39.6179 -33.1788 22.2297 -42.6777 -15.1510 -45.5902 -31.6896 17.9566 -41.0631 -7.7383 -48.2091 -30.0979 13.4812 -39.6613 13.1715 -48.9100 -28.1389 7.1646 -38.1963 34.5104 -47.7931 -24.4356
-47.1961 35.0471 -37.7630 5.0584 -27.6453 -48.8753 18.6956 -39.4725 12.7579 -29.8837 -48.3520 -6.6777 -40.9336 17.6766 -31.6019 -45.7884 -14.9146 -42.6120 22.0672 -33.1275 -39.8847 -19.1276 -44.1833 26.5693 -34.5762 -28.6345 -22.0531 -45.6680 31.0559 -35.9348 -12.6540 -24.3453 -47.0259 34.5223 -37.1352 -0.6273 -26.1846 -48.1401 34.0408 -38.1487 6.0762 -27.6616 -48.8205 24.0776 -39.1126 10.7562 -29.1126 -48.7273 -0.9780 -41.5250 31.1943 -41.7716 -4.3875 -48.6157 -29.4796 11.8376 -39.3510 19.2938 -48.8867 -28.0255 7.3924 -38.4029 32.6434 -48.3687 -26.5913 1.4384 -37.4033 34.9470 -47.3420 -24.8625 -8.8402 -36.2654 32.1265 -46.0330 -22.6882 -24.7818 -34.9343 27.7397 -44.5734 -19.9592 -37.6049 -33.5010 23.1887 -43.0139 -16.1568 -44.7153 -31.9785 18.7222 -41.3350 -9.2475 -48.0153 -30.2564 13.7908 -39.6971 13.1715 -48.9089 -28.0087 6.4592 -38.0210 34.9349 -47.4929
33.1888 -37.4859 3.8981 -27.4142 -48.8352 20.4164 -39.4350 12.7579 -29.9400 -48.2650 -7.8106 -41.1401 18.2909 -31.8467 -45.0547 -15.8622 -42.9288 22.9715 -33.4371 -37.9803 -19.8431 -44.5212 27.5981 -34.8942 -25.2005 -22.6235 -45.9952 32.0136 -36.2300 -9.2320 -24.8082 -47.3102 34.9187 -37.3781 1.2489 -26.5486 -48.3453 32.8297 -38.3764 7.2614 -27.9915 -48.8825 19.8006 -39.3239 11.7195 -29.4270 -48.6483 -1.6661 -40.5896 20.1999 -36.4723 20.8531 -40.9474 -5.1756 -48.4664 -29.7995 12.7787 -39.5579 14.3680 -48.8968 -28.3567 8.4988 -38.6284 30.7627 -48.5445 -26.9305 3.0509 -37.6354 35.0588 -47.6109 -25.3004 -5.8537 -36.5496 33.0028 -46.3516 -23.2304 -21.0560 -35.2470 28.7694 -44.9081 -20.6237 -35.3556 -33.8102 24.1097 -43.3294 -16.9963 -43.8122 -32.2226 19.3417 -41.5391 -10.1577 -47.8951 -30.3109 13.7908 -39.6613 15.0777 -48.8962 -27.7802 5.4133 -37.7397 32.7856
-36.9914 2.4653 -27.1246 -48.7565 23.2612 -39.3282 12.4355 -29.8837 -48.2650 -8.1813 -41.2514 18.7004 -32.0292 -44.3799 -16.5951 -43.2050 23.8041 -33.7242 -35.9179 -20.4854 -44.8452 28.5968 -35.1997 -21.6014 -23.1588 -46.3117 32.8988 -36.5152 -6.1967 -25.2483 -47.5800 35.0620 -37.6120 2.8891 -26.8912 -48.5246 31.0278 -38.6015 8.3713 -28.3216 -48.8980 14.9086 -39.5319 12.6642 -29.7574 -48.4950 -4.4511 -40.6548 17.6156 -33.4039 -6.1424 -33.5890 18.5472 -41.0432 -7.4493 -48.2229 -30.1321 13.7073 -39.7586 9.1894 -48.8525 -28.6901 9.5475 -38.8504 28.1945 -48.6902 -27.2597 4.4913 -37.8676 34.8428 -47.8624 -25.7149 -3.2757 -36.8214 33.7725 -46.6579 -23.7397 -17.3122 -35.5480 29.7634 -45.2279 -21.2230 -32.9523 -34.0951 24.9562 -43.6042 -17.6523 -42.9880 -32.4050 19.7598 -41.6503 -10.4562 -47.8951 -30.2564 13.4812 -39.5594 18.3364 -48.8554 -27.4905 4.1355 -37.2756
0.4149 -26.8137 -48.6379 26.4115 -39.1701 11.8474 -29.7236 -48.3520 -7.8106 -41.2514 18.8444 -32.1288 -43.8833 -17.1054 -43.4225 24.5105 -33.9714 -33.8371 -21.0505 -45.1480 29.5430 -35.4903 -17.9768 -23.6565 -46.6128 33.6693 -36.7859 -3.5936 -25.6638 -47.8332 34.8884 -37.8432 4.3466 -27.2225 -48.6751 28.5482 -38.8236 9.4234 -28.6523 -48.8596 9.7230 -39.7358 13.5991 -30.0912 -48.2584 -7.1036 -40.9546 17.7793 -32.1033 -39.8208 -26.4450 -38.4835 -32.4203 18.7920 -41.3527 -9.5931 -47.8825 -30.4668 14.6277 -39.9523 4.2182 -48.7723 -29.0234 10.5520 -39.0685 24.8724 -48.8013 -27.5885 5.7985 -38.0974 34.2284 -48.0927 -26.1032 -1.0799 -37.0761 34.3902 -46.9474 -24.2105 -13.7539 -35.8327 30.6846 -45.5250 -21.7511 -30.5586 -34.3402 25.6730 -43.8204 -18.1124 -42.3874 -32.5062 19.9088 -41.6503 -10.1577 -48.0153 -30.0979 12.8989 -39.4053 22.1854 -48.7751 -27.1811 2.3820
-25.6726 -48.4834 29.2604 -38.9778 11.0671 -29.4880 -48.4860 -6.6777 -41.1401 18.7004 -32.1288 -43.6961 -17.3774 -43.5687 25.0333 -34.1656 -31.9318 -21.5139 -45.4156 30.3974 -35.7587 -14.5445 -24.1155 -46.8953 34.2937 -37.0363 -1.3977 -26.0495 -48.0647 34.3334 -38.0711 5.6555 -27.5501 -48.7906 25.3208 -39.0421 10.4316 -28.9836 -48.7815 4.7269 -39.9316 14.5269 -30.4258 -47.9296 -9.3436 -41.3019 18.5595 -31.9984 -43.9654 -20.0797 -47.7731 -20.5584 -42.6621 -32.3584 19.6068 -41.7046 -11.4178 -47.4353 -30.8021 15.5448 -40.1855 -0.1267 -48.6761 -29.3560 11.5241 -39.2823 20.7833 -48.8729 -27.9178 7.0029 -38.3245 33.1441 -48.2995 -26.4606 0.7784 -37.3099 34.8218 -47.2176 -24.6415 -10.5789 -36.0908 31.5024 -45.7860 -22.1855 -28.3946 -34.5326 26.2024 -43.9631 -18.3561 -42.1633 -32.5062 19.7598 -41.5391 -9.2475 -48.2091 -29.8607 12.1295 -39.2175 25.8708 -48.6550 -26.0645
-48.2269 31.5271 -38.7651 10.1522 -29.2039 -48.6180 -4.7802 -40.9336 18.2909 -32.0292 -43.8833 -17.3774 -43.6216 25.3176 -34.2914 -30.4505 -21.8606 -45.6325 31.1146 -35.9903 -11.5718 -24.5260 -47.1555 34.7456 -37.2662 0.4695 -26.4038 -48.2697 33.3429 -38.2942 6.8479 -27.8761 -48.8664 21.3234 -39.2564 11.4067 -29.3157 -48.6882 0.3311 -40.1572 15.4477 -30.7622 -47.4963 -11.2107 -41.6602 19.4722 -32.2445 -43.7452 -17.7543 -44.7346 33.7142 -44.9723 -18.6071 -42.2757 -32.6154 20.5450 -42.0635 -12.9700 -46.8666 -31.1380 16.4628 -40.5047 -3.6942 -48.5342 -29.6890 12.4724 -39.4909 16.0266 -48.8990 -28.2459 8.1147 -38.5460 31.5548 -48.4782 -26.7883 2.3703 -37.5280 35.0389 -47.4628 -25.0264 -7.9362 -36.3141 32.1758 -45.9985 -22.5128 -26.7311 -34.6572 26.4893 -44.0130 -18.3561 -42.3874 -32.4050 19.3417 -41.3350 -7.7383 -48.4135 -29.5759 11.2458 -39.0101 28.9344 -48.4278
28.3024 -38.4552 9.1490 -28.8907 -48.7150 -2.0770 -40.6609 17.6766 -31.8467 -44.3799 -17.1054 -43.5687 25.3176 -34.3349 -29.6139 -22.0817 -45.7870 31.6542 -36.1755 -9.2380 -24.8705 -47.3816 34.9985 -37.4748 2.0459 -26.7284 -48.4488 31.8674 -38.5100 7.9440 -28.1968 -48.8989 16.6879 -39.4649 12.3573 -29.6484 -48.5552 -3.3094 -40.4658 16.3673 -31.1009 -46.9400 -12.7925 -42.0197 20.4259 -32.5624 -42.6323 -17.8831 -43.9165 29.7729 -38.8034 30.4665 -44.2670 -18.7890 -40.8991 -32.9375 21.5170 -42.4228 -14.3128 -46.1591 -31.4744 17.3902 -40.8650 -6.5699 -48.3148 -30.0211 13.4024 -39.6901 10.9422 -48.8744 -28.5648 9.1349 -38.7572 29.4188 -48.6278 -27.0961 3.7483 -37.7325 35.0260 -47.6761 -25.3551 -5.8805 -36.4955 32.6746 -46.1507 -22.7220 -25.8019 -34.7001 26.4893 -43.9631 -18.1124 -42.9880 -32.2226 18.7222 -41.0631 -5.6028 -48.5859 -29.2617 10.2879 -38.6978 25.2600
-38.0847 8.0853 -28.5645 -48.8010 1.5272 -40.3473 16.9236 -31.6019 -45.0547 -16.5951 -43.4225 25.0333 -34.2914 -29.6139 -22.1581 -45.8701 31.9899 -36.3083 -7.5475 -25.1402 -47.5655 35.0590 -37.6593 3.3484 -27.0199 -48.5985 29.8741 -38.7168 8.9594 -28.5092 -48.8833 11.7399 -39.6639 13.2799 -29.9786 -48.3462 -6.2534 -40.8232 17.2875 -31.4371 -46.2457 -14.1645 -42.3789 21.3974 -32.8953 -41.1364 -18.5840 -43.9938 26.8740 -36.0502 9.0903 -36.2264 27.9259 -44.3732 -19.4502 -39.0901 -33.2709 22.5067 -42.7814 -15.4936 -45.2932 -31.8110 18.3206 -41.2221 -8.8919 -48.0094 -30.3519 14.3064 -39.8808 6.0622 -48.8015 -28.8758 10.0928 -38.9629 26.6798 -48.7457 -27.3829 4.9151 -37.9172 34.8059 -47.8492 -25.6118 -4.4225 -36.6245 32.9806 -46.2317 -22.7941 -25.8019 -34.6572 26.2024 -43.8204 -17.6523 -43.8122 -31.9785 17.9566 -40.7459 -2.7190 -48.7026 -28.9348 9.2776 -38.3688
6.8672 -28.2392 -48.8755 6.0138 -40.0797 16.0819 -31.3143 -45.7884 -15.8622 -43.2050 24.5105 -34.1656 -30.4505 -22.0817 -45.8701 32.1030 -36.3788 -6.5012 -25.3315 -47.7025 34.9783 -37.8148 4.3946 -27.2758 -48.7129 27.4532 -38.9143 9.9017 -28.8151 -48.8170 6.8942 -39.8512 14.1646 -30.3012 -48.0564 -8.6264 -41.1788 18.2081 -31.7709 -45.4034 -15.3623 -42.7376 22.3848 -33.2303 -39.3320 -19.3430 -44.2911 27.0563 -35.1522 -10.3309 -30.1181 -8.1425 -35.4449 28.1959 -44.6760 -20.1587 -36.9470 -33.6044 23.5125 -43.1390 -16.5472 -44.2465 -32.1476 19.2563 -41.5792 -10.8104 -47.6090 -30.6769 15.1872 -40.0691 1.7317 -48.7192 -29.1839 10.9970 -39.1565 23.5241 -48.8271 -27.6408 5.8612 -38.0715 34.4673 -47.9741 -25.7892 -3.5415 -36.6918 33.0820 -46.2317 -22.7220 -26.7311 -34.5326 25.6730 -43.6042 -16.9963 -44.7153 -31.6896 17.1084 -40.4055 0.9577 -48.7925 -28.6088 8.1761
-27.1814 -48.8991 11.0916 -39.8814 15.1955 -31.0005 -46.4916 -14.9146 -42.9288 23.8041 -33.9714 -31.9318 -21.8606 -45.7870 31.9899 -36.3788 -6.1530 -25.4332 -47.7889 34.8382 -37.9335 5.1827 -27.4892 -48.7927 24.8307 -39.0930 10.7526 -29.1079 -48.7384 2.5547 -40.0280 15.0269 -30.6177 -47.6837 -10.5401 -41.5280 19.1307 -32.1048 -44.3853 -16.4241 -43.0953 23.3886 -33.5638 -37.2247 -20.0721 -44.6287 27.9399 -35.0832 -20.4252 -25.5445 -48.7191 -25.8307 -16.5982 -35.4184 29.0988 -45.0128 -20.8356 -34.4775 -33.9355 24.5331 -43.4948 -17.4987 -42.9970 -32.4817 20.1982 -41.9307 -12.4016 -47.1107 -30.9943 16.0530 -40.3307 -1.9058 -48.6243 -29.4775 11.8197 -39.3298 20.2391 -48.8756 -27.8575 6.5762 -38.1878 34.1265 -48.0517 -25.8831 -3.2467 -36.6918 32.9806 -46.1507 -22.5128 -28.3946 -34.3402 24.9562 -43.3294 -16.1568 -45.5902 -31.3763 16.2222 -40.1163 5.4133 -48.8688 -27.5694
-48.7964 16.2102 -39.6856 14.2885 -30.6750 -47.1093 -13.7683 -42.6120 22.9715 -33.7242 -33.8371 -21.5139 -45.6325 31.6542 -36.3083 -6.5012 -25.4332 -47.8185 34.7336 -38.0081 5.7161 -27.6522 -48.8425 22.2866 -39.2437 11.4861 -29.3764 -48.6581 -1.0250 -40.2622 15.8689 -30.9293 -47.2150 -12.1272 -41.8693 20.0509 -32.4328 -43.1763 -17.3778 -43.4509 24.4075 -33.8954 -34.7944 -20.7566 -44.9719 28.9557 -35.3193 -19.7109 -23.9345 -47.4239 -1.9085 -47.6039 -24.4198 -15.5980 -35.6576 30.1016 -45.3486 -21.4720 -31.6720 -34.2625 25.5655 -43.8455 -18.3587 -41.5454 -32.8073 21.1263 -42.2714 -13.7413 -46.5053 -31.3064 16.8980 -40.6550 -4.7621 -48.4826 -29.7477 12.5424 -39.4770 17.1615 -48.8980 -28.0211 7.0654 -38.2641 33.9027 -48.0792 -25.8831 -3.5415 -36.6245 32.6746 -45.9985 -22.1855 -30.5586 -34.0951 24.1097 -43.0139 -15.1510 -46.3704 -31.0485 15.3132 -39.9039 10.4426 -48.8279
11.8420 -39.3619 13.3670 -30.3431 -47.6183 -12.4015 -42.2754 22.0672 -33.4371 -35.9179 -21.0505 -45.4156 31.1146 -36.1755 -7.5475 -25.3315 -47.7889 34.7336 -38.0335 5.9960 -27.7582 -48.8699 20.1487 -39.3626 12.0881 -29.6068 -48.5488 -3.7983 -40.5520 16.6643 -31.2295 -46.6485 -13.4813 -42.2062 20.9621 -32.7517 -41.7912 -18.2305 -43.7976 25.4287 -34.2216 -32.0315 -21.3984 -45.3098 29.9860 -35.6145 -16.4725 -23.9433 -46.9571 34.7928 -40.9993 34.2659 -47.2419 -24.4625 -12.4264 -35.9478 31.0960 -45.6797 -22.0720 -28.5357 -34.5858 26.5966 -44.1899 -19.1352 -39.8824 -33.1242 22.0485 -42.6081 -14.9044 -45.7876 -31.6070 17.7019 -40.9544 -6.9485 -48.3056 -29.9811 13.1363 -39.5925 14.6964 -48.9044 -28.1273 7.3264 -38.2916 33.9027 -48.0517 -25.7892 -4.4225 -36.4955 32.1758 -45.7860 -21.7511 -32.9523 -33.8102 23.1887 -42.6777 -13.9676 -47.0303 -30.7130 14.3959 -39.5762 6.5031
-39.1740 12.4345 -30.0085 -48.0210 -10.7692 -41.9241 21.1263 -33.1275 -37.9803 -20.4854 -45.1480 30.3974 -35.9903 -9.2380 -25.1402 -47.7025 34.8382 -38.0081 5.9960 -27.7951 -48.8821 18.6861 -39.4451 12.5367 -29.7888 -48.4264 -5.8189 -40.8177 17.3880 -31.5060 -46.0100 -14.6211 -42.5315 21.8620 -33.0632 -40.2053 -19.0002 -44.1326 26.4370 -34.5381 -28.9738 -22.0009 -45.6409 30.9835 -35.9126 -12.8780 -24.3358 -47.0524 34.9502 -38.3808 17.9330 -38.5310 35.1131 -47.3564 -24.8412 -9.0952 -36.2418 32.0514 -46.0066 -22.6410 -25.1157 -34.9005 27.6083 -44.5241 -19.8430 -37.9997 -33.4358 22.9722 -42.9333 -15.8985 -44.9901 -31.8838 18.4328 -41.2204 -8.5646 -48.1233 -30.1623 13.5777 -39.6734 13.0722 -48.9046 -28.1650 7.3264 -38.2641 34.1265 -47.9741 -25.6118 -5.8805 -36.3141 31.5024 -45.5250 -21.2230 -35.3556 -33.5010 22.2297 -42.3268 -12.5811 -47.5651 -30.3779 13.4685 -39.4471
11.5503 -29.6730 -48.3264 -8.8163 -41.5648 20.1706 -32.8040 -39.8847 -19.8431 -44.8452 29.5430 -35.7587 -11.5718 -24.8705 -47.5655 34.9783 -37.9335 5.7161 -27.7582 -48.8821 18.1505 -39.4894 12.8222 -29.9167 -48.3155 -7.2138 -41.0367 18.0116 -31.7498 -45.3292 -15.5645 -42.8344 22.7274 -33.3636 -38.4124 -19.7020 -44.4606 27.4256 -34.8463 -25.6712 -22.5611 -45.9632 31.9348 -36.2057 -9.4753 -24.7792 -47.2994 34.9617 -37.6347 7.6501 -32.8277 8.3929 -37.8646 35.0659 -47.5948 -25.2670 -6.0814 -36.5262 32.9261 -46.3219 -23.1734 -21.5273 -35.2020 28.5983 -44.8451 -20.4898 -35.8965 -33.7358 23.8600 -43.2354 -16.7315 -44.1510 -32.1275 19.0638 -41.4397 -9.6698 -47.9650 -30.2904 13.8623 -39.7163 12.4912 -48.9046 -28.1273 7.0654 -38.1878 34.4673 -47.8492 -25.3551 -7.9362 -36.0908 30.6846 -45.2279 -20.6237 -37.6049 -33.1788 21.2569 -41.9683 -10.9633 -47.9827 -30.0422 12.6343
-28.6801 -48.5435 -6.4364 -41.2055 19.2177 -32.4703 -41.5781 -19.1276 -44.5212 28.5968 -35.4903 -14.5445 -24.5260 -47.3816 35.0590 -37.8148 5.1827 -27.6522 -48.8699 18.6861 -39.4894 12.9268 -29.9868 -48.2333 -8.1038 -41.1999 18.5057 -31.9508 -44.6624 -16.3314 -43.1104 23.5379 -33.6423 -36.4776 -20.3392 -44.7772 28.3941 -35.1442 -22.1914 -23.0813 -46.2706 32.8026 -36.4869 -6.4585 -25.2130 -47.5614 35.0639 -37.6473 4.2668 -29.1350 -43.5640 -29.3144 5.5923 -37.8975 34.8670 -47.8436 -25.6792 -3.4972 -36.7941 33.6864 -46.6197 -23.6663 -17.9397 -35.4914 29.5537 -45.1555 -21.0802 -33.6202 -34.0130 24.6851 -43.5074 -17.4145 -43.3359 -32.3281 19.5646 -41.6012 -10.3888 -47.8498 -30.3599 13.9648 -39.7163 13.0722 -48.9044 -28.0211 6.5762 -38.0715 34.8059 -47.6761 -25.0264 -10.5789 -35.8327 29.7634 -44.9081 -19.9592 -39.6179 -32.8473 20.2883 -41.6088 -9.0484 -48.2973 -29.0672
-48.7341 -3.5228 -40.8465 18.2774 -32.1339 -43.0499 -18.3338 -44.1833 27.5981 -35.1997 -17.9768 -24.1155 -47.1555 34.9985 -37.6593 4.3946 -27.4892 -48.8425 20.1487 -39.4451 12.8222 -29.9868 -48.2007 -8.5589 -41.3045 18.8541 -32.0990 -44.0827 -16.9157 -43.3446 24.2626 -33.8913 -34.4869 -20.8999 -45.0737 29.3254 -35.4261 -18.6973 -23.5669 -46.5622 33.5577 -36.7496 -3.8731 -25.6217 -47.8107 34.9159 -37.8345 4.5115 -27.7211 -48.7808 -18.2214 -48.7548 -28.0360 5.9218 -38.0897 34.2983 -48.0726 -26.0622 -1.3204 -37.0426 34.3063 -46.8997 -24.1224 -14.4950 -35.7683 30.4598 -45.4474 -21.6046 -31.3164 -34.2601 25.4212 -43.7384 -17.9378 -42.6299 -32.4763 19.9135 -41.7034 -10.7568 -47.8061 -30.3599 13.8623 -39.6734 14.6964 -48.8980 -27.8575 5.8612 -37.9172 35.0260 -47.4628 -24.6415 -13.7539 -35.5480 28.7694 -44.5734 -19.2293 -41.3779 -32.5115 19.3336 -41.2494 -6.7456 -48.6020
-5.1827 -40.4887 17.3475 -31.7972 -44.2931 -17.4619 -43.8349 26.5693 -34.8942 -21.6014 -23.6565 -46.8953 34.7456 -37.4748 3.3484 -27.2758 -48.7927 22.2866 -39.3626 12.5367 -29.9167 -48.2333 -8.5589 -41.3413 19.0403 -32.1901 -43.6533 -17.3181 -43.5225 24.8563 -34.1007 -32.5744 -21.3757 -45.3400 30.1743 -35.6896 -15.3586 -24.0150 -46.8375 34.1871 -36.9933 -1.7043 -25.9993 -48.0379 34.4164 -38.0512 5.5957 -27.6266 -48.7210 3.5272 -43.5000 0.5283 -48.7744 -27.9832 6.9449 -38.3073 33.2860 -48.2764 -26.4166 0.5215 -37.2719 34.7552 -47.1635 -24.5442 -11.3399 -36.0250 31.2784 -45.7082 -22.0512 -29.1319 -34.4679 26.0161 -43.9174 -18.3029 -42.1077 -32.5678 20.0978 -41.7395 -10.7568 -47.8498 -30.2904 13.5777 -39.5925 17.1615 -48.8756 -27.6408 4.9151 -37.7325 35.0389 -47.2176 -24.2105 -17.3122 -35.2470 27.7397 -44.2285 -18.4352 -42.8830 -32.1749 18.3918 -40.8909 -7.8218
-40.4298 16.4266 -31.4606 -45.3319 -16.5063 -43.4806 25.5265 -34.5762 -25.2005 -23.1588 -46.6128 34.2937 -37.2662 2.0459 -27.0199 -48.7129 24.8307 -39.2437 12.0881 -29.7888 -48.3155 -8.1038 -41.3045 19.0403 -32.2209 -43.4200 -17.5588 -43.6431 25.2892 -34.2619 -30.9059 -21.7579 -45.5684 30.9115 -35.9264 -12.3642 -24.4206 -47.0921 34.6587 -37.2191 0.1283 -26.3449 -48.2394 33.5054 -38.2692 6.7418 -27.8645 -48.8460 17.1440 -40.4507 27.2476 -40.5965 11.9524 -48.8725 -28.2321 8.0150 -38.5204 31.7867 -48.4545 -26.7394 2.0978 -37.4859 35.0102 -47.4051 -24.9282 -8.6343 -36.2530 31.9780 -45.9321 -22.4140 -27.2444 -34.6260 26.4524 -44.0391 -18.5236 -41.8239 -32.5988 20.0978 -41.7034 -10.3888 -47.9650 -30.1623 13.1363 -39.4770 20.2391 -48.8271 -27.3829 3.7483 -37.5280 34.8218 -46.9474 -23.7397 -21.0560 -34.9343 26.6952 -43.8769 -17.5715 -44.1540 -31.8381 17.4619 -40.8065
15.6968 -31.1187 -46.1911 -15.4479 -43.1242 24.4915 -34.2514 -28.6345 -22.6235 -46.3117 33.6693 -37.0363 0.4695 -26.7284 -48.5985 27.4532 -39.0930 11.4861 -29.6068 -48.4264 -7.2138 -41.1999 18.8541 -32.1901 -43.4200 -17.6413 -43.7077 25.5555 -34.3721 -29.6015 -22.0437 -45.7505 31.5105 -36.1272 -9.8642 -24.7763 -47.3209 34.9509 -37.4265 1.7092 -26.6632 -48.4164 32.1584 -38.4794 7.8129 -28.1646 -48.8928 16.2445 -39.7131 16.6417 -35.4298 17.2754 -39.9087 10.5913 -48.8732 -28.5335 9.0172 -38.7273 29.7844 -48.6038 -27.0389 3.4727 -37.6873 35.0514 -47.6195 -25.2656 -6.4258 -36.4487 32.5416 -46.1128 -22.6861 -25.8142 -34.7336 26.7286 -44.1037 -18.5987 -41.8239 -32.5678 19.9135 -41.6012 -9.6698 -48.1233 -29.9811 12.5424 -39.3298 23.5241 -48.7457 -27.0961 2.3703 -37.3099 34.3902 -46.6579 -23.2304 -24.7818 -34.6120 25.6463 -43.5214 -16.6244 -45.2185 -31.4937 16.7517
-30.1865 -46.8920 -14.2607 -42.7663 23.4698 -33.9217 -31.7847 -22.0531 -45.9952 32.8988 -36.7859 -1.3977 -26.4038 -48.4488 29.8741 -38.9143 10.7526 -29.3764 -48.5488 -5.8189 -41.0367 18.5057 -32.0990 -43.6533 -17.5588 -43.7077 25.6496 -34.4290 -28.7714 -22.2383 -45.8813 31.9574 -36.2858 -7.9067 -25.0759 -47.5183 35.0596 -37.6109 3.0450 -26.9549 -48.5677 30.3283 -38.6807 8.7956 -28.4682 -48.8858 12.0988 -39.6926 14.1108 -32.1962 -19.3891 -32.3800 15.0377 -39.9064 6.4250 -48.8078 -28.8365 9.9493 -38.9279 27.2388 -48.7239 -27.3237 4.6524 -37.8713 34.8858 -47.8030 -25.5499 -4.7286 -36.6029 32.9514 -46.2426 -22.8663 -24.9033 -34.7918 26.8250 -44.1037 -18.5236 -42.1077 -32.4763 19.5646 -41.4397 -8.5646 -48.3056 -29.7477 11.8197 -39.1565 26.6798 -48.6278 -26.7883 0.7784 -37.0761 33.7725 -46.3516 -22.6882 -28.2810 -34.2851 24.6025 -43.1628 -15.5753 -46.0997 -30.5740
-47.6468 -12.9133 -42.4068 22.4623 -33.5881 -34.5986 -21.4461 -45.6680 32.0136 -36.5152 -3.5936 -26.0495 -48.2697 31.8674 -38.7168 9.9017 -29.1079 -48.6581 -3.7983 -40.8177 18.0116 -31.9508 -44.0827 -17.3181 -43.6431 25.5555 -34.4290 -28.4934 -22.3380 -45.9629 32.2554 -36.3993 -6.5138 -25.3112 -47.6785 35.0086 -37.7759 4.1441 -27.2150 -48.6885 28.0281 -38.8759 9.7219 -28.7639 -48.8290 7.4735 -39.8380 14.2418 -30.8095 -45.1569 -24.5226 -44.4516 -31.1300 15.2452 -40.0505 2.2082 -48.7300 -29.1344 10.8367 -39.1193 24.2009 -48.8118 -27.5839 5.6370 -38.0352 34.5531 -47.9506 -25.7707 -3.5464 -36.7114 33.2170 -46.3202 -22.9596 -24.5754 -34.7918 26.7286 -44.0391 -18.3029 -42.6299 -32.3281 19.0638 -41.2204 -6.9485 -48.4826 -29.4775 10.9970 -38.9629 29.4188 -48.4782 -26.4606 -1.0799 -36.8214 33.0028 -46.0330 -22.1174 -31.4672 -33.9564 23.5747 -42.8034 -14.3993 -47.0633
-13.0075 -42.0468 21.4699 -33.2517 -37.0729 -20.8004 -45.3324 31.0559 -36.2300 -6.1967 -25.6638 -48.0647 33.3429 -38.5100 8.9594 -28.8151 -48.7384 -1.0250 -40.5520 17.3880 -31.7498 -44.6624 -16.9157 -43.5225 25.2892 -34.3721 -28.7714 -22.3380 -45.9912 32.4070 -36.4679 -5.6281 -25.4746 -47.7959 34.8520 -37.9174 5.0417 -27.4450 -48.7761 25.4555 -39.0556 10.5757 -29.0502 -48.7543 3.2196 -40.0054 14.9528 -30.6879 -47.2378 -16.7695 -46.6968 -17.4320 -46.6129 -31.0542 15.9739 -40.2890 -1.3891 -48.6453 -29.4228 11.6621 -39.2947 20.9529 -48.8669 -27.8142 6.4493 -38.1744 34.1410 -48.0588 -25.9253 -2.7986 -36.7772 33.3465 -46.3460 -22.9596 -24.9033 -34.7336 26.4524 -43.9174 -17.9378 -43.3359 -32.1275 18.4328 -40.9544 -4.7621 -48.6243 -29.1839 10.0928 -38.7572 31.5548 -48.2995 -26.1032 -3.2757 -36.5496 32.1265 -45.7066 -21.5152 -34.3082 -33.6250 22.5680 -42.4453 -14.2915
-41.8936 20.4917 -32.9156 -39.2117 -20.1154 -44.9931 30.0508 -35.9348 -9.2320 -25.2483 -47.8332 34.3334 -38.2942 7.9440 -28.5092 -48.8170 2.5550 -40.2622 16.6643 -31.5060 -45.3292 -16.3314 -43.3446 24.8563 -34.2619 -29.6015 -22.2383 -45.9629 32.4070 -36.4910 -5.1880 -25.5719 -47.8716 34.6690 -38.0254 5.7346 -27.6413 -48.8354 22.7825 -39.2133 11.3308 -29.3198 -48.6774 -0.3811 -40.2203 15.7421 -30.9079 -47.1731 -13.4515 -43.4301 35.2066 -43.6777 -14.7648 -46.4699 -31.2818 16.7712 -40.6000 -4.2693 -48.5145 -29.6928 12.3975 -39.4483 17.7299 -48.8945 -28.0092 7.0827 -38.2809 33.7581 -48.1281 -26.0174 -2.4262 -36.7994 33.3465 -46.3202 -22.8663 -25.8142 -34.6260 26.0161 -43.7384 -17.4145 -44.1510 -31.8838 17.7019 -40.6550 -1.9030 -48.7192 -28.8758 9.1349 -38.5460 33.1441 -48.0927 -25.7149 -5.8537 -36.2654 31.1760 -45.3736 -20.8781 -36.8028 -33.2916 21.5790 -42.2727
19.8112 -32.5675 -41.0385 -19.3866 -44.6491 29.0168 -35.6314 -12.6540 -24.8082 -47.5800 34.8884 -38.0711 6.8479 -28.1968 -48.8833 6.8945 -40.0280 15.8687 -31.2295 -46.0100 -15.5645 -43.1104 24.2626 -34.1007 -30.9059 -22.0437 -45.8813 32.2554 -36.4679 -5.1880 -25.6054 -47.9092 34.5280 -38.0956 6.2128 -27.7941 -48.8707 20.2201 -39.3493 11.9934 -29.5641 -48.5750 -3.2591 -40.4941 16.5171 -31.1843 -46.7155 -13.5746 -42.5170 25.6476 -37.8530 26.3733 -42.8815 -14.9658 -45.8817 -31.5597 17.5524 -40.8963 -6.5362 -48.3454 -29.9370 13.0425 -39.5800 14.7793 -48.9024 -28.1606 7.5241 -38.3504 33.4935 -48.1623 -26.0485 -2.4262 -36.7772 33.2170 -46.2426 -22.6861 -27.2444 -34.4679 25.4212 -43.5074 -16.7315 -44.9901 -31.6070 16.8934 -40.3305 1.7360 -48.8015 -28.5648 8.1147 -38.3245 34.2284 -47.8624 -25.3004 -8.8402 -35.9713 30.1755 -45.0348 -20.2012 -38.9681 -32.9425 20.9048
-31.6931 -42.5932 -18.6033 -44.3013 27.9682 -35.3211 -16.3628 -24.3453 -47.3102 35.0620 -37.8432 5.6555 -27.8761 -48.8989 11.7400 -39.8511 15.0266 -30.9293 -46.6485 -14.6211 -42.8344 23.5379 -33.8913 -32.5744 -21.7579 -45.7505 31.9574 -36.3993 -5.6281 -25.5719 -47.9092 34.4739 -38.1301 6.4839 -27.8948 -48.8881 18.0718 -39.4594 12.5496 -29.7778 -48.4454 -5.4877 -40.7676 17.2494 -31.4574 -46.1208 -14.4933 -42.5514 22.7459 -34.9599 4.4468 -35.1467 23.7719 -42.9451 -15.7819 -45.1327 -31.8348 18.2923 -41.1693 -8.2931 -48.1519 -30.1487 13.5876 -39.6869 12.4150 -48.8990 -28.2615 7.7754 -38.3823 33.3984 -48.1623 -26.0174 -2.7986 -36.7114 32.9514 -46.1128 -22.4140 -29.1319 -34.2601 24.6851 -43.2354 -15.8985 -45.7883 -31.3062 16.0478 -40.0670 6.0629 -48.8744 -28.2459 7.0029 -38.0974 34.8428 -47.6109 -24.8625 -12.2219 -35.6686 29.1439 -44.6913 -19.4785 -40.8280 -32.0833
-44.3452 -17.7570 -43.9502 26.9157 -35.0049 -20.1926 -23.8591 -47.0259 34.9187 -37.6120 4.3466 -27.5501 -48.8664 16.6879 -39.6638 14.1646 -30.6177 -47.2151 -13.4800 -42.5315 22.7274 -33.6423 -34.4869 -21.3757 -45.5684 31.5105 -36.2858 -6.5138 -25.4746 -47.8716 34.5280 -38.1301 6.5692 -27.9420 -48.8954 16.5743 -39.5387 12.9772 -29.9514 -48.3059 -7.1667 -41.0122 17.9197 -31.7115 -45.4501 -15.4242 -42.7995 22.7938 -33.8556 -25.2105 -28.6713 -22.6897 -34.1668 23.8974 -43.1975 -16.6016 -44.3021 -32.0890 18.9680 -41.4143 -9.6292 -47.9518 -30.3237 14.0063 -39.7636 10.8297 -48.8933 -28.3098 7.8547 -38.3823 33.4935 -48.1281 -25.9253 -3.5464 -36.6029 32.5416 -45.9321 -22.0512 -31.3164 -34.0130 23.8600 -42.9333 -14.9043 -46.5059 -30.9941 15.1865 -39.8789 10.9422 -48.8990 -27.9178 5.7985 -37.8676 35.0588 -47.3420 -24.4006 -15.9128 -35.3584 28.0955 -44.3436 -18.7038 -42.9403
-17.2406 -43.5970 25.8672 -34.6837 -23.9623 -23.3483 -46.7289 34.5223 -37.3781 2.8891 -27.2225 -48.7906 21.3234 -39.4649 13.2799 -30.3012 -47.6837 -12.1253 -42.2059 21.8566 -33.3636 -36.4776 -20.8999 -45.3400 30.9115 -36.1272 -7.9067 -25.3112 -47.7959 34.6690 -38.0956 6.4839 -27.9420 -48.8972 15.8600 -39.5845 13.2614 -30.0779 -48.1768 -8.3825 -41.2205 18.5089 -31.9367 -44.7466 -16.2301 -43.0718 23.4560 -33.7069 -34.2605 -23.4456 -48.7144 -23.8035 -31.4114 -34.0609 24.5819 -43.4667 -17.3208 -43.4389 -32.3143 19.5654 -41.6235 -10.6192 -47.7703 -30.4534 14.2828 -39.8076 10.0822 -48.8909 -28.3098 7.7754 -38.3504 33.7581 -48.0588 -25.7707 -4.7286 -36.4487 31.9780 -45.7082 -21.6046 -33.6202 -33.7358 22.9722 -42.6081 -13.7413 -47.1107 -30.6769 14.3064 -39.6901 16.0266 -48.8729 -27.5885 4.4913 -37.6354 34.9470 -47.0573 -23.9147 -19.7523 -35.0410 27.0405 -43.9926 -18.0788
-43.3678 24.8296 -34.3584 -27.5257 -22.8114 -46.4207 33.9272 -37.1352 1.2489 -26.8912 -48.6751 25.3208 -39.2564 12.3573 -29.9786 -48.0564 -10.5398 -41.8691 20.9561 -33.0630 -38.4140 -20.3392 -45.0737 30.1743 -35.9264 -9.8642 -25.0759 -47.6785 34.8520 -38.0254 6.2128 -27.8948 -48.8954 15.8600 -39.5990 13.3942 -30.1529 -48.0785 -9.1993 -41.3847 18.9938 -32.1275 -44.0539 -16.8899 -43.3219 24.1816 -33.8753 -34.3088 -21.5357 -46.3244 17.8373 -46.5417 -22.1409 -31.2108 -34.2373 25.3247 -43.7155 -17.9146 -42.5959 -32.5051 20.0554 -41.7849 -11.2949 -47.6368 -30.5286 14.4208 -39.8216 10.0822 -48.8933 -28.2615 7.5241 -38.2809 34.1410 -47.9506 -25.5499 -6.4258 -36.2530 31.2784 -45.4474 -21.0802 -35.8965 -33.4356 22.0484 -42.2714 -12.4016 -47.6090 -30.3519 13.4024 -39.4909 20.7833 -48.8013 -27.2597 3.0509 -37.4033 34.5734 -46.7602 -23.4038 -23.5634 -34.7177 25.9888 -43.7447
24.1223 -34.0086 -30.7932 -22.2453 -46.1028 33.1798 -36.8768 -0.6273 -26.5486 -48.5246 28.5482 -39.0421 11.4067 -29.6484 -48.3462 -8.6264 -41.5280 20.0502 -32.7515 -40.2067 -19.7019 -44.7772 29.3254 -35.6896 -12.3642 -24.7763 -47.5183 35.0086 -37.9174 5.7346 -27.7941 -48.8881 16.5743 -39.5845 13.3942 -30.1768 -48.0294 -9.6532 -41.4945 19.3557 -32.2785 -43.4253 -17.4169 -43.5390 24.8514 -34.0898 -32.7119 -21.4410 -45.6068 34.3101 -40.0029 34.6918 -45.9357 -22.0978 -29.3409 -34.4507 26.0041 -43.9318 -18.3914 -41.8352 -32.6557 20.4180 -41.8922 -11.6684 -47.5699 -30.5525 14.4208 -39.8076 10.8297 -48.8990 -28.1606 7.0827 -38.1744 34.5531 -47.8030 -25.2656 -8.6343 -36.0250 30.4598 -45.1555 -20.4890 -38.0014 -33.1239 21.1262 -41.9307 -10.8104 -48.0094 -30.0211 12.4724 -39.2823 24.8724 -48.6902 -26.9305 1.4384 -37.1630 33.9982 -46.4538 -22.8683 -27.1700 -34.3685 25.2538
-33.1957 -33.7181 -21.6477 -45.7756 32.3169 -36.6057 -2.7907 -26.1846 -48.3453 31.0278 -38.8236 10.4316 -29.3157 -48.5552 -6.2534 -41.1788 19.1307 -32.4328 -41.7913 -18.9993 -44.4601 28.3927 -35.4261 -15.3586 -24.4206 -47.3209 35.0596 -37.7759 5.0417 -27.6413 -48.8707 18.0718 -39.5387 13.2614 -30.1529 -48.0294 -9.7938 -41.5460 19.5686 -32.3816 -42.9231 -17.8178 -43.7183 25.4302 -34.2861 -30.8378 -21.7580 -45.5995 31.8237 -37.3253 13.9300 -37.4834 32.7341 -45.9564 -22.4057 -27.2258 -34.6486 26.5865 -44.1094 -18.7552 -41.2290 -32.7582 20.6346 -41.9462 -11.7846 -47.5699 -30.5286 14.2828 -39.7636 12.4150 -48.9024 -28.0092 6.4493 -38.0352 34.8858 -47.6195 -24.9282 -11.3399 -35.7683 29.5537 -44.8451 -19.8422 -39.8838 -32.8073 20.1982 -41.5792 -8.8919 -48.3148 -29.6890 11.5241 -39.0685 28.1945 -48.5445 -26.5913 -0.3955 -36.9085 33.2680 -46.1380 -22.3070 -30.4598 -33.5768
-37.1224 -21.0157 -45.4420 31.3749 -36.3243 -5.2941 -25.7973 -48.1401 32.8297 -38.6015 9.4234 -28.9836 -48.6882 -3.3094 -40.8232 18.2081 -32.1048 -43.1763 -18.2295 -44.1321 27.4182 -35.1422 -18.7256 -24.0150 -47.0921 34.9509 -37.6109 4.1441 -27.4450 -48.8354 20.2201 -39.4594 12.9772 -30.0779 -48.0785 -9.6532 -41.5460 19.6365 -32.4295 -42.6086 -18.0819 -43.8509 25.8880 -34.4496 -29.0886 -22.1010 -45.7676 31.6711 -36.4902 1.4801 -31.6009 2.6059 -36.7464 32.6638 -46.1262 -22.7354 -25.2530 -34.8123 27.0570 -44.2417 -18.9954 -40.8511 -32.8065 20.7037 -41.9462 -11.6684 -47.6368 -30.4534 14.0063 -39.6869 14.7793 -48.8945 -27.8142 5.6370 -37.8713 35.0514 -47.4051 -24.5442 -14.4950 -35.4906 28.5968 -44.5242 -19.1351 -41.5454 -32.4817 19.2563 -41.2221 -6.5699 -48.5342 -29.3560 10.5520 -38.8504 30.7627 -48.3687 -26.2304 -2.5097 -36.6400 32.4221 -45.8140 -21.7171 -34.3526
-20.1486 -45.1049 30.3830 -36.0322 -8.1959 -25.3872 -47.9123 34.0408 -38.3764 8.3713 -28.6523 -48.7815 0.3311 -40.4658 17.2875 -31.7709 -44.3853 -17.3778 -43.7977 26.4312 -34.8446 -22.2234 -23.5666 -46.8375 34.6587 -37.4265 3.0450 -27.2150 -48.7761 22.7825 -39.3493 12.5496 -29.9514 -48.1768 -9.1993 -41.4945 19.5686 -32.4295 -42.5059 -18.2046 -43.9300 26.2003 -34.5726 -27.6237 -22.3882 -45.9418 32.0847 -36.3767 -5.0438 -27.4992 -47.4660 -27.7129 -2.5554 -36.6775 33.0580 -46.2988 -23.0078 -23.6301 -34.9320 27.3784 -44.3202 -19.1089 -40.7277 -32.8065 20.6346 -41.8922 -11.2949 -47.7703 -30.3237 13.5876 -39.5800 17.7299 -48.8669 -27.5839 4.6524 -37.6873 35.0102 -47.1635 -24.1191 -17.9689 -35.2008 27.6066 -44.1899 -18.3587 -42.9970 -32.1476 18.3206 -40.8650 -3.6942 -48.6761 -29.0234 9.5475 -38.6284 32.6434 -48.1664 -25.8459 -4.9674 -36.3594 31.4929 -45.4835 -20.7860
-44.8181 29.3579 -35.7313 -11.4986 -24.9544 -47.6647 34.7505 -38.1487 7.2614 -28.3216 -48.8596 4.7269 -40.1572 16.3673 -31.4371 -45.4034 -16.4241 -43.4509 25.4287 -34.5384 -25.6756 -23.0809 -46.5620 34.1871 -37.2191 1.7092 -26.9549 -48.6885 25.4555 -39.2133 11.9934 -29.7778 -48.3059 -8.3825 -41.3847 19.3557 -32.3816 -42.6086 -18.2046 -43.9552 26.3555 -34.6454 -26.5720 -22.5998 -46.0805 32.5071 -36.4680 -5.6672 -25.8962 -48.4318 -12.6735 -48.5404 -26.2893 -2.8847 -36.7741 33.4374 -46.4356 -23.2044 -22.5062 -35.0037 27.5292 -44.3452 -19.1089 -40.8511 -32.7582 20.4180 -41.7849 -10.6192 -47.9518 -30.1487 13.0425 -39.4483 20.9529 -48.8118 -27.3237 3.4727 -37.4859 34.7550 -46.8993 -23.6611 -21.5611 -34.9001 26.5966 -43.8455 -17.4987 -44.2465 -31.8110 17.3902 -40.5047 -0.1267 -48.7723 -28.6901 8.4988 -38.4029 33.9225 -47.9409 -25.4383 -7.8201 -36.0683 30.5075 -45.1854
28.5002 -35.3913 -15.1296 -24.4990 -47.4000 35.0435 -37.9191 6.0762 -27.9915 -48.8980 9.7230 -39.9316 15.4477 -31.1009 -46.2457 -15.3623 -43.0953 24.4075 -34.2216 -28.9740 -22.5599 -46.2702 33.5564 -36.9919 0.1283 -26.6632 -48.5677 28.0281 -39.0556 11.3308 -29.5641 -48.4454 -7.1667 -41.2205 18.9938 -32.2785 -42.9231 -18.0819 -43.9300 26.3555 -34.6685 -26.0650 -22.7244 -46.1753 32.8232 -36.5784 -4.7629 -25.6656 -47.9826 27.1251 -42.2320 24.6617 -48.1985 -26.0984 -2.0807 -36.8788 33.7080 -46.5271 -23.3226 -21.9584 -35.0265 27.5292 -44.3202 -18.9954 -41.2290 -32.6557 20.0554 -41.6235 -9.6292 -48.1519 -29.9370 12.3975 -39.2947 24.2009 -48.7239 -27.0389 2.0977 -37.2713 34.3053 -46.6169 -23.1715 -25.1211 -34.5858 25.5655 -43.4948 -16.5472 -45.2932 -31.4744 16.4628 -40.1855 4.2182 -48.8525 -28.3567 7.3924 -38.1744 34.6893 -47.6949 -25.0077 -11.0791 -35.7330 29.5772
-34.6616 -18.9352 -24.0204 -47.1201 34.9962 -37.6878 4.7932 -27.6616 -48.8825 14.9086 -39.7358 14.5269 -30.7622 -46.9400 -14.1645 -42.7376 23.3886 -33.8954 -32.0315 -21.9997 -45.9631 32.7949 -36.7477 -1.7226 -26.3431 -48.4164 30.3283 -38.8759 10.5757 -29.3198 -48.5750 -5.4877 -41.0122 18.5089 -32.1275 -43.4254 -17.8178 -43.8509 26.2003 -34.6454 -26.0650 -22.7639 -46.2226 33.0116 -36.6582 -3.9079 -25.7479 -47.9732 33.7158 -39.3125 21.8938 -39.4561 32.2557 -48.2115 -26.1837 -1.3595 -36.9526 33.8652 -46.5714 -23.3600 -21.9584 -35.0037 27.3784 -44.2417 -18.7552 -41.8352 -32.5051 19.5652 -41.4143 -8.2931 -48.3454 -29.6928 11.6621 -39.1193 27.2389 -48.6038 -26.7371 0.5087 -37.0416 33.6850 -46.3193 -22.6410 -28.5357 -34.2625 24.5331 -43.1390 -15.4936 -46.1591 -31.1380 15.5448 -39.9523 9.1894 -48.8968 -28.0255 6.2083 -37.9428 35.0278 -47.4312 -24.5534 -14.6803 -35.0277
-23.9426 -23.5201 -46.8271 34.6758 -37.4548 3.3820 -27.3308 -48.8205 19.8006 -39.5319 13.5991 -30.4258 -47.4963 -12.7925 -42.3789 22.3848 -33.5638 -34.7944 -21.3982 -45.6410 31.9281 -36.4859 -3.8982 -25.9956 -48.2394 32.1587 -38.6802 9.7204 -29.0502 -48.6774 -3.2591 -40.7676 17.9197 -31.9367 -44.0542 -17.4169 -43.7181 25.8880 -34.5726 -26.5720 -22.7244 -46.2226 33.0715 -36.6977 -3.3677 -25.8513 -48.0216 34.1029 -38.4401 11.5232 -33.9059 12.2032 -38.6793 32.6232 -48.2666 -26.3029 -0.9247 -37.0004 33.9315 -46.5715 -23.3225 -22.5062 -34.9320 27.0570 -44.1094 -18.3908 -42.5971 -32.3139 18.9676 -41.1691 -6.5359 -48.5145 -29.4228 10.8366 -38.9279 29.7924 -48.4531 -26.4136 -1.3416 -36.7925 32.9255 -46.0064 -22.0720 -31.6720 -33.9355 23.5125 -42.7814 -14.3128 -46.8666 -30.8021 14.6277 -39.7586 14.3680 -48.8867 -27.6960 4.9312 -37.7110 35.0152 -47.1513 -24.0779 -19.6983
-22.4393 -46.5227 34.1398 -37.2155 1.8049 -26.9995 -48.7168 24.0776 -39.3239 12.6642 -30.0912 -47.9296 -11.2107 -42.0197 21.3974 -33.2303 -37.2247 -20.7563 -45.3095 30.9805 -36.2057 -6.4640 -25.6180 -48.0356 33.5072 -38.4768 8.7923 -28.7608 -48.7558 -0.3811 -40.4941 17.2494 -31.7115 -44.7469 -16.8898 -43.5387 25.4298 -34.4496 -27.6237 -22.5998 -46.1753 33.0127 -36.6987 -3.3660 -25.7468 -48.1632 33.9939 -38.2882 8.0381 -30.3636 -37.1617 -30.6156 9.7419 -38.7241 31.2220 -48.3887 -26.3486 0.2322 -36.9429 33.8816 -46.5274 -23.2044 -23.6301 -34.8123 26.5865 -43.9318 -17.9112 -43.4409 -32.0883 18.2914 -40.8959 -4.2684 -48.6456 -29.1329 9.9487 -38.7276 31.7972 -48.2747 -26.0607 -3.5090 -36.5250 32.0513 -45.6797 -21.4720 -34.4775 -33.6044 22.5067 -42.4228 -12.9700 -47.4353 -30.4668 13.7073 -39.5579 19.2938 -48.8293 -27.3670 3.5381 -37.4797 34.7199 -46.8586 -22.9596
-46.2036 33.4370 -36.9622 0.0097 -26.6621 -48.5769 27.5790 -39.1126 11.7195 -29.7573 -48.2584 -9.3435 -41.6602 20.4258 -32.8953 -39.3320 -20.0720 -44.9713 29.9808 -35.9099 -9.4980 -25.2100 -47.8079 34.4177 -38.2664 7.7996 -28.4617 -48.8317 3.2722 -40.2179 16.5155 -31.4573 -45.4506 -16.2293 -43.3215 24.8506 -34.2858 -29.0989 -22.3882 -46.0805 32.8241 -36.6591 -3.3208 -25.9826 -48.0658 33.9526 -38.2841 7.5650 -28.6438 -48.4538 -21.1364 -48.1691 -29.3004 9.2791 -38.9030 32.0542 -48.4264 -26.4544 -1.8120 -36.9406 33.7061 -46.4354 -23.0078 -25.2530 -34.6489 25.9991 -43.7155 -17.3158 -44.3063 -31.8324 17.5500 -40.5960 -1.3457 -48.7312 -28.8318 9.0066 -38.5192 33.2910 -48.0703 -25.6779 -6.0873 -36.2418 31.0960 -45.3487 -20.8353 -36.9479 -33.2708 21.5169 -42.0635 -11.4177 -47.8826 -30.1321 12.7786 -39.3510 23.6198 -48.7305 -27.0384 1.9866 -37.2427 34.2045 -46.5390
