-38.1018 -0.2477 -23.7700 -42.9330 22.6529 -27.9638 -48.2559 13.6718 -32.8803 -40.4539 -19.5900 -39.1023 9.7042 -25.0999 -45.0492 29.2784 -29.6656 -48.7824 -9.0320 -35.1432 -19.6355 -22.1821 -41.0993 16.6708 -26.5677 -47.0059 30.3868 -31.4120 -47.2325 -16.2687 -37.4613 1.3714 -23.9353 -43.1971 23.5178 -28.1687 -48.3644 9.7665 -33.0736 -38.7676 -19.9620 -39.3371 10.6067 -25.2745 -45.3056 29.9309 -29.8773 -48.7874 -9.7093 -37.9876 22.2705 -39.2123 -10.5715 -48.7901 -29.8370 29.9388 -45.3058 -25.2742 10.6066 -39.3371 -19.9620 -38.7676 -33.0736 9.7665 -48.3644 -28.1687 23.5178 -43.1971 -23.9353 1.3714 -37.4613 -16.2687 -47.2325 -31.4120 30.3868 -47.0059 -26.5677 16.6708 -41.0993 -22.1821 -19.6355 -35.1432 -9.0320 -48.7824 -29.6656 29.2784 -45.0492 -25.0999 9.7042 -39.1023 -19.5900 -40.4539 -32.8803 13.6718 -48.2559 -27.9638 22.6529 -42.9330 -23.7700 -0.2477 -38.1018
-0.2477 -25.6251 -42.5689 21.9235 -28.7463 -48.4117 28.4701 -32.0924 -40.1074 -20.3558 -38.2452 9.3058 -26.5539 -44.8334 29.0833 -30.0084 -48.7563 -2.0617 -33.6848 -19.1892 -23.7832 -40.4812 16.0069 -27.6726 -46.9858 34.5775 -31.2230 -47.0992 -15.4717 -36.3712 1.2500 -25.6838 -42.8011 22.7169 -28.8932 -48.5476 25.7639 -32.1880 -38.3809 -20.8725 -38.5091 10.1725 -26.6863 -45.1155 29.9748 -30.1578 -48.7537 -4.7921 -34.3049 2.0498 -34.3266 7.7488 -35.5227 -3.6572 -48.7548 -30.1678 29.9742 -45.1159 -26.6863 10.1725 -38.5091 -20.8725 -38.3809 -32.1880 25.7639 -48.5476 -28.8932 22.7169 -42.8011 -25.6838 1.2500 -36.3712 -15.4717 -47.0992 -31.2230 34.5775 -46.9858 -27.6726 16.0069 -40.4812 -23.7832 -19.1892 -33.6848 -2.0617 -48.7563 -30.0084 29.0833 -44.8334 -26.5539 9.3058 -38.2452 -20.3558 -40.1074 -32.0924 28.4701 -48.4117 -28.7463 21.9235 -42.5689 -25.6251 -0.2477
-23.7700 -42.5689 21.6598 -28.8113 -48.3100 30.1400 -32.4404 -41.3018 -19.9296 -38.0318 8.5763 -26.4699 -44.6085 28.3691 -30.1023 -48.7556 0.5893 -33.3821 -21.8479 -23.5201 -40.2568 15.3703 -27.6353 -46.7910 34.3579 -31.4277 -47.4733 -14.7109 -36.1469 -0.0184 -25.5547 -42.5714 22.0286 -28.9162 -48.4430 28.0271 -32.5571 -39.7649 -20.4736 -38.2938 9.4684 -26.6078 -44.8927 29.2751 -30.2592 -48.7588 -2.6837 -33.5949 -20.1567 -28.0629 -48.3113 -29.4893 -9.2943 -33.7459 -2.8186 -48.7594 -30.2607 29.2776 -44.8932 -26.6078 9.4684 -38.2938 -20.4736 -39.7649 -32.5571 28.0271 -48.4430 -28.9162 22.0286 -42.5714 -25.5547 -0.0184 -36.1469 -14.7109 -47.4733 -31.4277 34.3579 -46.7910 -27.6353 15.3703 -40.2568 -23.5201 -21.8479 -33.3821 0.5893 -48.7556 -30.1023 28.3691 -44.6085 -26.4699 8.5763 -38.0318 -19.9296 -41.3018 -32.4404 30.1400 -48.3100 -28.8113 21.6598 -42.5689 -23.7700
-42.9330 21.9235 -28.8113 -48.2659 31.0100 -32.3739 -42.2533 -19.5011 -37.8264 7.8324 -26.3615 -44.3788 27.6353 -29.9724 -48.7845 3.5387 -33.1341 -24.4804 -23.2344 -40.0340 14.7357 -27.5125 -46.5880 34.0085 -31.3068 -47.7887 -13.8858 -35.9079 -1.4387 -25.4276 -42.3424 21.3491 -28.7833 -48.3223 29.8783 -32.4694 -41.0051 -20.0467 -38.0766 8.7323 -26.4994 -44.6688 28.5619 -30.1246 -48.7535 0.0774 -33.4749 -22.3200 -23.9290 -44.7024 -5.3738 -47.1035 -25.5623 -23.9678 -33.2630 -0.1243 -48.7539 -30.1193 28.5632 -44.6688 -26.4994 8.7323 -38.0766 -20.0467 -41.0051 -32.4694 29.8783 -48.3223 -28.7833 21.3491 -42.3424 -25.4276 -1.4387 -35.9079 -13.8858 -47.7887 -31.3068 34.0085 -46.5880 -27.5125 14.7357 -40.0340 -23.2344 -24.4804 -33.1341 3.5387 -48.7845 -29.9724 27.6353 -44.3788 -26.3615 7.8324 -37.8264 -19.5011 -42.2533 -32.3739 31.0100 -48.2659 -28.8113 21.9235 -42.9330
22.6529 -28.7463 -48.3100 31.0100 -32.3501 -42.7861 -19.1660 -37.6530 7.1291 -26.2594 -44.1511 26.8998 -29.8431 -48.8163 6.7855 -33.0098 -27.0350 -22.9308 -39.8134 14.1031 -27.3889 -46.3774 33.5641 -31.1865 -48.0502 -12.9859 -35.6555 -3.0394 -25.2816 -42.1150 20.6807 -28.6480 -48.1864 31.4012 -32.3793 -42.1091 -19.6001 -37.8577 7.9588 -26.3929 -44.4449 27.8465 -29.9835 -48.7790 2.9928 -33.2109 -23.3191 -23.2098 -40.6531 28.6438 -40.3226 34.9247 -43.2103 -23.3233 -24.7556 -33.2297 3.1294 -48.7796 -29.9824 27.8465 -44.4449 -26.3929 7.9588 -37.8577 -19.6001 -42.1091 -32.3793 31.4012 -48.1864 -28.6480 20.6807 -42.1150 -25.2816 -3.0394 -35.6555 -12.9859 -48.0502 -31.1865 33.5641 -46.3774 -27.3889 14.1031 -39.8134 -22.9308 -27.0350 -33.0098 6.7855 -48.8163 -29.8431 26.8998 -44.1511 -26.2594 7.1291 -37.6530 -19.1660 -42.7861 -32.3501 31.0100 -48.3100 -28.7463 22.6529
-27.9638 -48.4117 30.1400 -32.3739 -42.7861 -19.0362 -37.5504 6.5926 -26.1767 -43.9461 26.2053 -29.7220 -48.8227 10.1844 -32.9475 -29.4422 -22.6122 -39.5971 13.4773 -27.2660 -46.1627 33.0444 -31.0684 -48.2612 -12.0077 -35.3922 -4.8263 -25.1183 -41.8914 20.0292 -28.5126 -48.0393 32.5964 -32.2889 -43.0800 -19.1369 -37.6397 7.1516 -26.2893 -44.2234 27.1394 -29.8412 -48.8181 6.3367 -33.0772 -26.2373 -23.0527 -39.6015 15.2273 -35.0107 8.0925 -36.8796 21.2848 -40.1840 -22.9400 -25.7054 -33.1050 6.3833 -48.8184 -29.8414 27.1394 -44.2234 -26.2893 7.1516 -37.6397 -19.1369 -43.0800 -32.2889 32.5964 -48.0393 -28.5126 20.0292 -41.8914 -25.1183 -4.8263 -35.3922 -12.0077 -48.2612 -31.0684 33.0444 -46.1627 -27.2660 13.4773 -39.5971 -22.6122 -29.4422 -32.9475 10.1844 -48.8227 -29.7220 26.2053 -43.9461 -26.1767 6.5926 -37.5504 -19.0362 -42.7861 -32.3739 30.1400 -48.4117 -27.9638
-48.2559 28.4701 -32.4404 -42.2533 -19.1660 -37.5504 6.3860 -26.1287 -43.7973 25.6401 -29.6202 -48.8076 13.4413 -32.8738 -31.6851 -22.2739 -39.3861 12.8596 -27.1415 -45.9405 32.4534 -30.9565 -48.4272 -10.9438 -35.1139 -6.8547 -24.9366 -41.6726 19.3967 -28.3737 -47.8792 33.5094 -32.2037 -43.9281 -18.6578 -37.4195 6.2904 -26.1883 -44.0049 26.4451 -29.6948 -48.8288 9.9959 -33.0558 -28.5388 -22.7203 -39.6459 12.9371 -29.6137 -47.7005 -28.3583 -38.8832 -32.1719 13.6439 -39.3756 -22.7599 -28.5084 -33.0468 9.9737 -48.8290 -29.6948 26.4451 -44.0049 -26.1883 6.2904 -37.4195 -18.6578 -43.9281 -32.2037 33.5094 -47.8792 -28.3737 19.3967 -41.6726 -24.9366 -6.8547 -35.1139 -10.9438 -48.4272 -30.9565 32.4534 -45.9405 -27.1415 12.8596 -39.3861 -22.2739 -31.6851 -32.8738 13.4413 -48.8076 -29.6202 25.6401 -43.7973 -26.1287 6.3860 -37.5504 -19.1660 -42.2533 -32.4404 28.4701 -48.2559
13.6718 -32.0924 -41.3018 -19.5011 -37.6530 6.5926 -26.1287 -43.7427 25.3208 -29.5496 -48.7824 16.1817 -32.7962 -33.6721 -21.9241 -39.1837 12.2589 -27.0136 -45.7075 31.7906 -30.8569 -48.5514 -9.8088 -34.8164 -9.1826 -24.7351 -41.4634 18.7960 -28.2276 -47.7035 34.1679 -32.1305 -44.6559 -18.1699 -37.1936 5.3490 -26.0901 -43.7906 25.7678 -29.5436 -48.8125 13.7866 -33.0160 -30.6600 -22.4118 -39.4049 12.9948 -27.2000 -46.4319 -3.6109 -45.4842 -16.6132 -48.7422 -28.3291 12.3398 -39.4029 -22.4119 -30.7653 -33.0214 13.7787 -48.8125 -29.5436 25.7678 -43.7906 -26.0901 5.3490 -37.1936 -18.1699 -44.6559 -32.1305 34.1679 -47.7035 -28.2276 18.7960 -41.4634 -24.7351 -9.1826 -34.8164 -9.8088 -48.5514 -30.8569 31.7906 -45.7075 -27.0136 12.2589 -39.1837 -21.9241 -33.6721 -32.7962 16.1817 -48.7824 -29.5496 25.3208 -43.7427 -26.1287 6.5926 -37.6530 -19.5011 -41.3018 -32.0924 13.6718
-32.8803 -40.1074 -19.9296 -37.8264 7.1291 -26.1767 -43.7973 25.3208 -29.5243 -48.7637 17.9992 -32.7346 -35.2335 -21.5926 -39.0016 11.6923 -26.8871 -45.4635 31.0528 -30.7749 -48.6397 -8.6198 -34.4931 -11.8651 -24.5103 -41.2672 18.2352 -28.0724 -47.5099 34.5858 -32.0760 -45.2672 -17.6840 -36.9618 4.3095 -25.9955 -43.5834 25.1176 -29.3881 -48.7724 17.5187 -32.9300 -32.9883 -22.0560 -39.1796 12.2676 -27.0149 -45.4967 33.6823 -37.6873 25.7549 -39.8923 33.8324 -46.0901 -27.0086 12.3244 -39.1938 -22.0851 -32.6724 -32.9827 17.5318 -48.7717 -29.3881 25.1176 -43.5834 -25.9955 4.3095 -36.9618 -17.6840 -45.2672 -32.0760 34.5858 -47.5099 -28.0724 18.2352 -41.2672 -24.5103 -11.8651 -34.4931 -8.6198 -48.6397 -30.7749 31.0528 -45.4635 -26.8871 11.6923 -39.0016 -21.5926 -35.2335 -32.7346 17.9992 -48.7637 -29.5243 25.3208 -43.7973 -26.1767 7.1291 -37.8264 -19.9296 -40.1074 -32.8803
-40.4539 -20.3558 -38.0318 7.8324 -26.2594 -43.9461 25.6401 -29.5496 -48.7637 18.6232 -32.7029 -36.2032 -21.3293 -38.8518 11.1994 -26.7699 -45.2220 30.2778 -30.7134 -48.6980 -7.4435 -34.1352 -14.9900 -24.2555 -41.0934 17.7400 -27.9020 -47.2916 34.7698 -32.0547 -45.7639 -17.2185 -36.7204 3.1297 -25.9047 -43.3873 24.5075 -29.2264 -48.7067 21.0499 -32.8228 -35.9942 -22.6831 -37.6017 12.3467 -26.8560 -45.5238 30.6105 -33.2867 -16.0919 -32.9566 3.0297 -35.2990 31.6094 -45.3272 -26.8940 11.5861 -38.9414 -21.7590 -34.8585 -32.9071 21.0771 -48.7049 -29.2265 24.5075 -43.3873 -25.9047 3.1297 -36.7203 -17.2185 -45.7639 -32.0547 34.7698 -47.2916 -27.9020 17.7400 -41.0934 -24.2555 -14.9900 -34.1352 -7.4435 -48.6980 -30.7134 30.2778 -45.2220 -26.7699 11.1994 -38.8518 -21.3293 -36.2032 -32.7029 18.6232 -48.7637 -29.5496 25.6401 -43.9461 -26.2594 7.8324 -38.0318 -20.3558 -40.4539
-19.5900 -38.2452 8.5763 -26.3615 -44.1511 26.2053 -29.6202 -48.7824 17.9992 -32.7029 -36.5197 -21.1892 -38.7454 10.8140 -26.6727 -45.0042 29.5379 -30.6675 -48.7326 -6.3359 -33.7512 -18.4799 -23.9669 -40.9620 17.3694 -27.7100 -47.0432 34.7075 -32.0902 -46.1313 -16.8172 -36.4563 1.7711 -25.8159 -43.2061 23.9486 -29.0606 -48.6184 24.1857 -32.7560 -38.1305 -25.5853 -45.8139 -48.6181 -21.8782 -44.6066 29.4826 -30.8438 -48.3896 -22.1715 -48.5809 -25.0149 -44.3462 -31.7950 30.0980 -45.3214 -26.7345 11.4802 -36.2123 -21.6053 -37.4025 -32.7922 24.2056 -48.6150 -29.0653 23.9443 -43.2046 -25.8181 1.7406 -36.4558 -16.8160 -46.1325 -32.0885 34.7075 -47.0432 -27.7100 17.3694 -40.9620 -23.9669 -18.4799 -33.7512 -6.3359 -48.7326 -30.6675 29.5379 -45.0042 -26.6727 10.8140 -38.7454 -21.1892 -36.5197 -32.7029 17.9992 -48.7824 -29.6202 26.2053 -44.1511 -26.3615 8.5763 -38.2452 -19.5900
-39.1023 9.3058 -26.4699 -44.3788 26.8998 -29.7220 -48.8076 16.1817 -32.7346 -36.2032 -21.1892 -38.7044 10.5792 -26.6080 -44.8341 28.9013 -30.6431 -48.7500 -5.3602 -33.3619 -22.0288 -23.6484 -40.8830 17.1775 -27.4924 -46.7551 34.3773 -32.2092 -46.3458 -16.5570 -36.1524 0.1401 -26.5897 -41.9103 23.3233 -28.9413 -48.4823 26.8665 -32.7101 -39.1853 -25.0119 -47.8160 -30.8054 28.0754 -39.0882 18.0738 -30.2230 -48.9741 -5.9394 -39.3773 34.8312 -42.0331 -14.3130 -48.7216 -30.5031 27.6174 -43.4835 -7.3139 -40.4693 -42.0812 -21.9181 -39.3849 -32.6617 26.7211 -48.5300 -28.8818 23.5048 -43.0567 -25.7197 0.0699 -36.1537 -16.5461 -46.3482 -32.2058 34.3773 -46.7551 -27.4924 17.1775 -40.8830 -23.6484 -22.0288 -33.3619 -5.3602 -48.7500 -30.6431 28.9013 -44.8341 -26.6080 10.5792 -38.7044 -21.1892 -36.2032 -32.7346 16.1817 -48.8076 -29.7220 26.8998 -44.3788 -26.4699 9.3058 -39.1023
9.7042 -26.5539 -44.6085 27.6353 -29.8431 -48.8227 13.4413 -32.7962 -35.2335 -21.3293 -38.7454 10.5792 -26.5851 -44.7418 28.4646 -30.6408 -48.7567 -4.6949 -32.9942 -25.3320 -23.3168 -40.8637 17.1917 -27.2569 -46.4364 33.7753 -32.4598 -46.3312 -16.5612 -35.8075 -1.8756 -27.0659 -47.7480 -22.2946 -23.2407 -48.8041 27.2581 -32.4355 -39.9132 -20.8047 -44.6973 -20.9570 -45.5230 -30.6115 -26.4290 -26.9428 -48.3679 17.0859 -34.2884 6.9860 -34.4302 13.9750 -36.5247 2.4568 -48.9919 -29.1350 6.6765 -33.4403 3.6630 -21.1822 -45.4826 -21.3762 -40.7109 -32.6642 29.7949 -48.5685 -28.2843 23.5382 -42.7100 -25.5866 -1.9712 -35.8083 -16.5430 -46.3325 -32.4582 33.7753 -46.4364 -27.2569 17.1917 -40.8637 -23.3168 -25.3320 -32.9942 -4.6949 -48.7567 -30.6408 28.4646 -44.7418 -26.5851 10.5792 -38.7454 -21.3293 -35.2335 -32.7962 13.4413 -48.8227 -29.8431 27.6353 -44.6085 -26.5539 9.7042
-25.0999 -44.8334 28.3691 -29.9724 -48.8163 10.1844 -32.8738 -33.6721 -21.5926 -38.8518 10.8140 -26.6080 -44.7418 28.3091 -30.6436 -48.7588 -4.3668 -32.6893 -28.0759 -23.0040 -40.9082 17.4174 -27.0199 -46.1163 33.0040 -32.9011 -45.9094 -17.0169 -35.4232 -4.3384 -26.2011 -47.3021 -29.0256 7.3777 -39.6664 25.0167 -32.2005 -43.1003 -19.5002 -39.1744 33.1691 -44.4210 -9.6002 -47.0252 -12.6309 -43.1857 32.4660 -32.8849 -33.3762 -26.8658 -49.0000 -28.6605 -8.9625 -34.0108 32.4655 -46.6784 -22.4987 -49.0148 -23.4438 -47.1342 29.6486 -42.3166 -20.1277 -39.8542 -33.5691 23.5215 -28.2108 -36.0240 26.0341 -42.4173 -25.4200 -4.4955 -35.4205 -17.0072 -45.9093 -32.9011 33.0040 -46.1163 -27.0199 17.4174 -40.9082 -23.0040 -28.0759 -32.6893 -4.3668 -48.7588 -30.6436 28.3091 -44.7418 -26.6080 10.8140 -38.8518 -21.5926 -33.6721 -32.8738 10.1844 -48.8163 -29.9724 28.3691 -44.8334 -25.0999
-45.0492 29.0833 -30.1023 -48.7845 6.7855 -32.9475 -31.6851 -21.9241 -39.0016 11.1994 -26.6727 -44.8341 28.4646 -30.6436 -48.7592 -4.2519 -32.4902 -29.9428 -22.7475 -41.0018 17.8411 -26.7992 -45.8354 32.2655 -33.5991 -44.6276 -18.1319 -35.0062 -7.4381 -25.2137 -42.9021 -8.2591 -47.1414 -31.2813 -12.0390 -29.4174 -49.0445 -14.8961 -37.5070 12.3983 -36.8580 20.8737 -39.0096 25.8666 -37.0353 13.4432 -31.0251 -47.1160 -19.3192 -42.2644 25.7911 -44.8096 -23.4290 -39.2734 -32.8707 25.8595 -41.4122 29.9074 -43.8656 35.7740 -41.8820 25.8122 -39.0313 -16.1939 -48.9457 -25.8469 -48.7266 29.2051 -41.0194 25.2960 -42.4287 -25.2279 -7.5475 -35.0051 -18.1302 -44.6276 -33.5991 32.2655 -45.8354 -26.7992 17.8411 -41.0018 -22.7475 -29.9428 -32.4902 -4.2519 -48.7592 -30.6436 28.4646 -44.8341 -26.6727 11.1994 -39.0016 -21.9241 -31.6851 -32.9475 6.7855 -48.7845 -30.1023 29.0833 -45.0492
29.2784 -30.0084 -48.7556 3.5387 -33.0098 -29.4422 -22.2739 -39.1837 11.6923 -26.7699 -45.0042 28.9013 -30.6408 -48.7588 -4.2519 -32.4218 -30.8705 -22.5828 -41.1052 18.3561 -26.6131 -45.6387 31.8120 -34.6586 -41.0776 -20.0216 -34.5933 -11.0047 -24.9899 -42.2836 29.6550 -41.5585 -9.1501 -47.9889 -18.0543 -45.7893 29.7232 -36.0548 1.6409 -30.9935 -37.2555 -32.0155 -12.6392 -31.5744 -36.9196 -26.2301 -48.1389 1.2376 -37.5682 16.0753 -35.4535 22.9377 -40.1751 -16.7025 -48.6454 -30.3270 7.2624 -36.2028 17.3107 -38.0866 13.2644 -36.3587 10.2666 -36.9165 30.9648 -45.3015 27.9576 -43.2972 20.7792 -36.4778 21.3246 -42.6088 -25.0098 -11.0019 -34.5928 -20.0231 -41.0725 -34.6586 31.8119 -45.6387 -26.6131 18.3561 -41.1052 -22.5828 -30.8705 -32.4218 -4.2519 -48.7588 -30.6408 28.9013 -45.0042 -26.7699 11.6923 -39.1837 -22.2739 -29.4422 -33.0098 3.5387 -48.7556 -30.0084 29.2784
-29.6656 -48.7563 0.5893 -33.1341 -27.0350 -22.6122 -39.3861 12.2589 -26.8871 -45.2220 29.5379 -30.6431 -48.7567 -4.3668 -32.4902 -30.8705 -22.5282 -41.1711 18.7728 -26.4807 -45.5423 31.8283 -35.8842 -30.2070 -22.6096 -34.3234 -14.3806 -24.8084 -42.6189 21.2995 -35.9028 17.2055 -39.6164 30.2059 -39.1240 20.7048 -33.2583 -29.1886 -25.4909 -47.4451 -18.2936 -48.4692 -20.2027 -47.5184 -11.7108 -43.3675 35.4042 -37.2979 5.9455 -32.1565 -43.1588 -31.1237 9.6000 -36.9936 16.9478 -47.4230 -24.6045 -44.7191 -30.0116 -31.4121 -30.6117 -42.4421 -29.8311 -18.9711 -33.9911 18.3389 -38.3521 16.5389 -35.5764 -26.4669 -32.1107 21.8607 -42.7458 -24.7956 -14.4171 -34.2277 -22.6135 -30.1868 -35.8849 31.8281 -45.5423 -26.4807 18.7728 -41.1711 -22.5282 -30.8705 -32.4902 -4.3668 -48.7567 -30.6431 29.5379 -45.2220 -26.8871 12.2589 -39.3861 -22.6122 -27.0350 -33.1341 0.5893 -48.7563 -29.6656
-48.7824 -2.0617 -33.3821 -24.4804 -22.9308 -39.5971 12.8596 -27.0136 -45.4635 30.2778 -30.6675 -48.7500 -4.6949 -32.6893 -29.9428 -22.5828 -41.1711 18.9312 -26.4159 -45.5205 32.2511 -37.2082 -19.6646 -24.3424 -34.2109 -12.1878 -25.3733 -42.6820 22.4255 -30.8587 -42.0824 -31.7745 -5.3552 -33.1101 -15.8328 -28.9225 -49.1143 -17.8141 -42.0761 34.7058 -41.4532 34.6469 -41.1010 31.8528 -40.0268 35.7898 -40.5819 19.6820 -35.4190 -43.4578 -24.0246 -47.8089 -27.0041 -12.4099 -34.4956 29.4528 -41.8193 -1.7191 -46.4318 -17.0505 -47.6209 -14.8467 -46.2926 -20.7048 -48.9354 -28.5215 -31.5348 -30.4177 -44.4418 -25.3225 -48.6925 -29.1164 22.9933 -42.9267 -24.6722 -17.0910 -33.9656 -24.3376 -19.6123 -37.2086 32.2510 -45.5205 -26.4159 18.9312 -41.1711 -22.5828 -29.9428 -32.6893 -4.6949 -48.7500 -30.6675 30.2778 -45.4635 -27.0136 12.8596 -39.5971 -22.9308 -24.4804 -33.3821 -2.0617 -48.7824
-9.0320 -33.6848 -21.8479 -23.2344 -39.8134 13.4773 -27.1415 -45.7075 31.0528 -30.7134 -48.7326 -5.3602 -32.9942 -28.0759 -22.7475 -41.1052 18.7728 -26.4159 -45.5222 32.6814 -37.7381 6.8012 12.0935 -36.0502 -10.5851 -32.0045 -24.6023 -8.7039 -27.8442 -48.2735 -17.4394 -48.3954 -21.6503 -48.6950 -18.2244 -45.3326 30.9330 -38.0876 15.6237 -35.7925 9.4552 -35.4750 9.1740 -36.1330 29.0917 -48.8237 -4.5922 -41.2655 14.9469 -31.9829 -48.6439 -2.9566 -43.6456 -21.7906 -45.8504 -31.3729 11.0948 -36.5824 26.2721 -40.2222 31.8882 -40.5771 30.2749 -40.2415 28.5383 -45.0229 -14.4710 -47.1419 -12.1784 -45.0104 -8.8084 -48.5345 -29.6784 24.1495 -43.3705 -24.7411 -18.4500 -35.8609 12.0605 6.7087 -37.6464 32.6814 -45.5222 -26.4159 18.7728 -41.1052 -22.7475 -28.0759 -32.9942 -5.3602 -48.7326 -30.7134 31.0528 -45.7075 -27.1415 13.4773 -39.8134 -23.2344 -21.8479 -33.6848 -9.0320
-35.1432 -19.1892 -23.5201 -40.0340 14.1031 -27.2660 -45.9405 31.7906 -30.7749 -48.6980 -6.3359 -33.3619 -25.3320 -23.0040 -41.0018 18.3561 -26.4807 -45.5205 32.6814 -37.4750 -33.7731 14.0685 -37.5797 -14.5343 -33.7041 25.4036 -44.3785 -15.9351 -45.1693 35.4875 -40.7169 34.6026 -41.6458 33.5286 -39.2972 20.8029 -34.3991 -9.4550 -29.9137 -46.1009 -27.3445 -47.5577 -26.5841 -48.3210 -17.3827 -30.0549 -48.7789 16.9855 -39.1571 -4.7626 -24.8896 -44.3714 33.9078 -39.8161 -3.9807 -48.2133 -26.1095 -37.7642 -32.0220 -0.3926 -34.5553 4.5751 -34.8689 6.6894 -35.8535 20.4246 -39.1311 30.1817 -40.6576 34.8298 -44.9680 -26.4098 -47.7552 -30.1366 26.9382 -44.1454 -25.0813 -18.3602 -37.5675 15.7991 -37.6972 -37.3890 32.6814 -45.5205 -26.4807 18.3561 -41.0018 -23.0040 -25.3320 -33.3619 -6.3359 -48.6980 -30.7749 31.7906 -45.9405 -27.2660 14.1031 -40.0340 -23.5201 -19.1892 -35.1432
-19.6355 -23.7832 -40.2568 14.7357 -27.3889 -46.1627 32.4534 -30.8569 -48.6397 -7.4435 -33.7512 -22.0288 -23.3168 -40.9082 17.8411 -26.6131 -45.5425 32.2510 -37.6437 -37.7906 -21.5607 -35.8152 -19.3739 -29.5024 -32.0460 -38.5305 24.4984 -39.6243 20.4453 -35.4839 8.1696 -35.3990 7.6413 -33.9953 -9.0830 -29.6706 -48.3945 -21.8094 -46.0852 -5.0407 -44.3806 7.7900 -43.8771 23.0677 -41.5986 6.4669 -25.5821 -45.3153 24.1095 -34.3262 -48.6570 8.9311 -39.8310 16.2308 -37.0129 33.2181 -42.9995 -12.5859 -47.9074 -23.5010 -48.6502 -26.5798 -47.8524 -29.0781 -36.5935 -34.8724 9.1404 -37.7075 9.0615 -35.2517 -7.7579 6.9224 -32.3572 -48.2024 -28.4573 31.8748 -45.1360 -25.6683 -17.4345 -35.8844 -22.5188 -37.5701 -37.6502 32.2510 -45.5423 -26.6131 17.8411 -40.9082 -23.3168 -22.0288 -33.7512 -7.4435 -48.6397 -30.8569 32.4534 -46.1627 -27.3889 14.7357 -40.2568 -23.7832 -19.6355
-22.1821 -40.4812 15.3703 -27.5125 -46.3774 33.0444 -30.9565 -48.5514 -8.6198 -34.1352 -18.4799 -23.6484 -40.8637 17.4174 -26.7992 -45.6391 31.8283 -37.2105 6.7035 15.8585 -35.8562 -18.5667 -25.6172 -47.2678 -26.4467 -21.1954 -33.3755 -9.9720 -30.4774 -45.3360 -27.5676 -47.4690 -25.7315 -49.1970 -20.7114 -46.1366 18.6415 -40.4245 27.8189 -38.2431 21.4524 -37.4111 18.6446 -37.0379 10.9280 -31.0890 -48.9122 29.9588 -38.9036 -8.1716 -24.5419 -44.4697 24.1556 -36.6393 -3.4248 -36.4314 21.0955 -40.2791 30.7161 -44.7520 -16.3403 -47.7789 -22.9595 -48.7459 -31.0471 -1.1166 -38.3156 24.5747 -31.4902 -45.5804 -23.5123 -40.1382 -3.1072 -26.7147 -48.4974 -25.7467 30.8841 -45.8307 -26.1952 -16.8754 -35.8866 15.7262 6.7120 -37.2085 31.8281 -45.6389 -26.7992 17.4174 -40.8637 -23.6484 -18.4799 -34.1352 -8.6198 -48.5514 -30.9565 33.0444 -46.3774 -27.5125 15.3703 -40.4812 -22.1821
-41.0993 16.0069 -27.6353 -46.5880 33.5641 -31.0684 -48.4272 -9.8088 -34.4931 -14.9900 -23.9669 -40.8830 17.1917 -27.0199 -45.8355 31.8125 -35.8898 -19.5074 12.0479 -37.5679 -17.6332 -25.0479 -43.5182 -8.8714 -46.7090 -21.8702 -48.9140 -21.6335 -47.4424 -11.7896 -45.3026 1.8268 -43.8194 33.2393 -40.7156 25.5695 -36.0690 7.3408 -33.4350 -15.3903 -32.0812 -27.2429 -32.0839 -31.4267 -30.2867 -48.7458 -9.2213 -41.3506 14.5476 -32.0454 -48.9109 29.8677 -39.1302 -0.3675 -34.2992 -2.2929 -38.4118 32.0131 -44.0267 -16.6500 -48.7362 -26.8953 -46.1765 -30.5867 -18.1805 -37.4180 34.9783 -49.9689 -30.8598 33.4340 -41.3945 15.2255 -32.1444 -48.3968 -25.1292 -48.7095 -24.0849 -0.5246 -46.0399 -26.2168 -17.3721 -37.5710 12.0618 -19.6123 -35.8853 31.8119 -45.8355 -27.0199 17.1917 -40.8830 -23.9669 -14.9900 -34.4931 -9.8088 -48.4272 -31.0684 33.5641 -46.5880 -27.6353 16.0069 -41.0993
16.6708 -27.6726 -46.7910 34.0085 -31.1865 -48.2612 -10.9438 -34.8164 -11.8651 -24.2555 -40.9620 17.1775 -27.2569 -46.1163 32.2658 -34.6617 -30.1168 -24.3352 -35.8730 -18.2055 -25.3673 -42.7318 -12.9146 -48.6032 -14.9595 -44.4457 21.1873 -43.1409 35.7421 -41.1656 29.8443 -39.4504 21.3370 -37.5845 8.0297 -32.9699 -39.5934 -26.7732 -48.8360 -22.3197 -48.3674 -25.2199 -47.9455 -30.0711 -46.3687 -21.8735 -43.9148 28.1828 -36.4752 -39.9036 -18.9043 -42.7473 17.7021 -35.1277 -25.4373 -36.4394 25.0826 -43.8220 -19.5882 -46.3889 -31.9982 -0.2897 -35.2831 2.8285 -36.4573 16.3311 -42.5196 -19.4825 -35.6632 -33.9945 5.1312 -32.7578 -43.2921 -30.9801 -28.2609 -31.1016 -46.4552 -22.2635 -4.2418 -45.8168 -25.7144 -18.3084 -35.8640 -24.3377 -30.1858 -34.6588 32.2655 -46.1163 -27.2569 17.1775 -40.9620 -24.2555 -11.8651 -34.8164 -10.9438 -48.2612 -31.1865 34.0085 -46.7910 -27.6726 16.6708
-26.5677 -46.9858 34.3579 -31.3068 -48.0502 -12.0077 -35.1139 -9.1826 -24.5103 -41.0934 17.3694 -27.4924 -46.4364 33.0035 -33.6003 -41.0670 -22.6135 -33.9895 -18.0423 -25.2690 -44.8577 9.9565 21.8588 -33.3195 -48.7569 5.8128 -41.4527 29.5203 -40.4697 23.0979 -39.3920 15.5741 -37.3467 -1.0931 -33.0246 -47.5547 -22.2803 -45.2284 13.7699 -43.5623 -14.1786 -48.7437 -31.1372 -3.6134 -33.1610 -48.1186 1.4468 -39.8504 5.6590 -28.4756 -46.9617 34.3153 -37.8069 -12.9428 -34.8320 14.3161 -41.6897 -14.0605 -46.5596 -33.5980 15.6116 -39.2919 26.4732 -39.4434 18.9065 -39.0640 29.6334 -45.0605 -21.1546 -48.1167 -27.8646 -45.9540 -32.7154 7.6877 -37.7650 17.4535 -32.5309 -48.4368 -20.5606 27.5899 -45.1576 -25.1473 -18.4194 -33.9677 -22.6137 -41.0671 -33.6012 33.0035 -46.4364 -27.4924 17.3694 -41.0934 -24.5103 -9.1826 -35.1139 -12.0077 -48.0502 -31.3068 34.3579 -46.9858 -26.5677
-47.0059 34.5775 -31.4277 -47.7887 -12.9859 -35.3922 -6.8547 -24.7351 -41.2672 17.7400 -27.7092 -46.7551 33.7745 -32.9016 -44.6213 -20.0183 -34.2487 -16.6451 -24.8623 -44.5269 32.7348 -18.1255 -43.2402 8.6506 -25.6426 -44.7324 35.9899 -41.4050 33.9411 -41.4633 30.3213 -39.8578 17.2928 -36.8553 -15.6729 -29.3384 -48.1540 2.9452 -41.6164 26.5696 -47.9774 -29.8370 8.5287 -39.2352 28.0834 -24.2895 -45.8175 24.3228 -34.0668 -48.1503 -3.3261 -40.3844 9.4327 -34.4124 -3.9348 -38.7681 32.3969 -48.9152 -31.7486 15.6945 -40.9997 1.3068 -45.6356 19.7969 -42.2086 28.3809 -40.2191 32.7703 -43.8755 -12.3938 -48.4812 -30.1137 7.2551 -39.9911 31.0937 -44.9340 3.7932 -24.2956 -47.9315 -21.3813 32.9651 -44.3720 -24.8179 -16.9849 -34.2315 -20.0306 -44.6115 -32.9033 33.7748 -46.7551 -27.7100 17.7400 -41.2672 -24.7351 -6.8547 -35.3922 -12.9859 -47.7887 -31.4277 34.5775 -47.0059
30.3868 -31.2230 -47.4733 -13.8858 -35.6555 -4.8263 -24.9366 -41.4634 18.2352 -27.9012 -47.0432 34.3729 -32.4636 -45.9014 -18.1440 -34.5823 -14.5497 -24.5534 -42.8357 25.0030 -27.8487 -47.4320 32.1129 -34.3350 -48.4907 -10.2493 -43.9548 -1.8139 -46.3377 -11.2262 -45.7695 25.0539 -41.7244 24.1889 -37.2878 -13.4847 -27.6965 -47.3121 21.5650 -44.3288 -22.8866 -14.7701 -38.3557 7.4822 -47.0989 -39.3460 25.0315 -36.2941 -33.3101 -21.6728 -43.6447 22.4266 -35.5400 -30.6386 -35.3637 21.6949 -44.4687 -24.3243 -2.9285 -39.3301 -2.8487 -46.6653 -26.9038 -49.0036 -16.1092 -43.9946 30.9762 -40.2796 32.4287 -44.0814 -21.8470 -28.7779 -37.6962 33.4386 -49.5690 -29.0577 -3.6807 -44.0216 28.3102 -46.5799 -26.4285 26.4036 -43.2270 -24.6555 -14.2242 -34.5984 -18.1358 -45.8995 -32.4582 34.3773 -47.0432 -27.9020 18.2352 -41.4634 -24.9366 -4.8263 -35.6555 -13.8858 -47.4733 -31.2230 30.3868
-31.4120 -47.0992 -14.7109 -35.9079 -3.0394 -25.1183 -41.6726 18.7960 -28.0724 -47.2916 34.7058 -32.2131 -46.3243 -17.0595 -34.9725 -11.8015 -25.2990 -43.0317 24.4866 -33.3189 -48.7857 5.1736 -38.6791 -1.3939 -27.4925 -47.7384 -21.2091 -48.4764 -27.7350 -45.3749 -26.5538 -48.9255 -12.7191 -43.2155 26.8730 -37.0598 -24.7211 -25.0721 -45.9001 -4.5429 -48.7393 -32.9013 21.0900 -44.6740 -25.3123 -2.3577 -33.4638 -35.0464 -24.8184 -46.2802 33.0336 -37.7794 -18.1403 -31.9481 -5.1798 -38.9014 26.1703 -49.0851 -33.1023 25.1746 -46.9566 -32.1694 7.7648 -32.2519 -46.1820 -19.2268 -43.3979 27.5854 -40.5266 30.1834 -48.8053 -32.0561 18.0235 -43.8189 -23.2632 -5.5312 -38.8400 25.2481 -39.7876 16.2663 -48.7550 -32.2032 23.2119 -42.5110 -24.8118 -11.1585 -35.0146 -16.9983 -46.3325 -32.2058 34.7075 -47.2916 -28.0724 18.7960 -41.6726 -25.1183 -3.0394 -35.9079 -14.7109 -47.0992 -31.4120
-47.2325 -15.4717 -36.1469 -1.4387 -25.2816 -41.8914 19.3967 -28.2276 -47.5099 34.7698 -32.0903 -46.3443 -16.6127 -35.3643 -5.8111 -28.3627 -46.4203 35.8878 -38.2297 -16.3480 -24.0559 -43.6764 23.9088 -35.3778 -44.0186 -27.0599 -42.4112 -33.3424 8.0315 -35.9424 1.4124 -31.5088 -47.8664 -16.7925 -43.0390 23.2497 -35.3883 -42.9533 -19.9766 -45.3981 -21.9413 -30.0406 -37.5965 34.8843 -47.0973 -23.0622 -49.0919 -20.0308 -45.9820 35.4398 -39.1342 2.0021 -30.8801 -46.8287 -33.0008 16.2760 -42.4809 -18.2870 -41.7387 -34.3184 12.8061 -14.4740 -40.9610 12.9755 -33.5326 -47.0940 -10.0051 -41.3532 27.2108 -43.2297 -20.8281 -28.7740 -37.7398 35.6787 -48.1887 -30.4895 5.8563 -38.4146 29.4554 -44.7103 -25.5542 -15.9538 -37.7450 33.1127 -43.8398 -25.9417 -8.0319 -35.4332 -16.5339 -46.3482 -32.0885 34.7698 -47.5099 -28.2276 19.3967 -41.8914 -25.2816 -1.4387 -36.1469 -15.4717 -47.2325
-16.2687 -36.3712 -0.0184 -25.4276 -42.1150 20.0292 -28.3737 -47.7035 34.5858 -32.0547 -46.1337 -16.5809 -35.7393 -3.2324 -32.2711 -48.0305 -17.1424 -43.4702 19.9653 -33.4111 -48.9682 17.3782 -40.2414 9.8568 -32.8024 -39.3171 -34.4776 19.3754 -41.2962 31.9666 -39.5792 12.7250 -32.5566 -48.1432 -10.6540 -41.4399 14.8851 -32.4678 -48.7574 -12.6780 -47.1786 -28.3153 1.4119 -39.0895 33.9718 -43.9612 26.6882 -43.0104 31.5850 -39.1699 7.2251 -33.0157 -47.8756 -26.1693 -39.4150 -36.1388 27.4028 -44.5412 -20.1792 -47.9143 -25.6247 -46.6252 32.2193 -39.6282 18.3764 -30.6619 -48.0796 35.5371 -40.4676 35.8651 -47.9696 -30.3180 11.7233 -41.1666 -11.7482 -47.3943 -34.6478 17.8496 -41.6075 -15.9999 -43.3193 -35.8136 25.4341 -43.1267 -5.1911 -47.0251 -26.4359 -4.6756 -35.8163 -16.5433 -46.1325 -32.0547 34.5858 -47.7035 -28.3737 20.0292 -42.1150 -25.4276 -0.0184 -36.3712 -16.2687
-37.4613 1.2500 -25.5547 -42.3424 20.6807 -28.5126 -47.8792 34.1679 -32.0760 -45.7639 -16.8197 -36.1258 -2.4440 -32.3863 -25.4477 -30.4421 -48.9991 21.0313 -38.9638 -10.2948 -24.0891 -44.9595 35.7589 -38.4963 -8.1389 -34.0924 12.7122 -42.0947 -17.1884 -47.5527 21.2199 -40.4041 11.5943 -31.0075 -48.7432 30.2654 -39.3815 0.3371 -27.7148 -46.8095 -9.0275 -48.5574 -30.4846 2.8500 -38.3408 23.2585 -40.3783 24.8126 -39.1467 11.0076 -35.7803 -27.4918 -29.2860 -48.7603 -28.2223 -13.2545 -37.9658 29.7552 -43.2821 -1.1582 -45.7846 35.8051 -41.3639 35.8291 -43.7736 -31.1249 -16.9881 -41.7833 23.5213 -41.6424 -13.8633 -44.9233 -35.8040 28.6290 -45.4950 -26.8696 4.3319 -39.8891 27.3352 -48.8088 -32.0721 17.0675 -42.1011 -11.2230 -48.7633 -24.9401 -45.7853 -25.8678 -1.9174 -36.1563 -16.8161 -45.7639 -32.0760 34.1679 -47.8792 -28.5126 20.6807 -42.3424 -25.5547 1.2500 -37.4613
1.3714 -25.6838 -42.5714 21.3491 -28.6480 -48.0393 33.5094 -32.1305 -45.2672 -17.2186 -36.4532 -0.0917 -28.7561 -42.8731 -35.8791 -13.9610 -25.4997 -44.8380 21.3762 -32.6402 -48.7625 -16.6232 -46.9545 22.2808 -34.2866 -16.8370 -36.7396 28.1617 -19.4239 -29.4148 -49.0011 28.8911 -39.1265 -3.9208 -25.6652 -45.3795 28.1531 -36.2312 -41.6143 -19.5147 -44.0772 -12.3885 -48.7255 -32.0939 6.4679 -39.3019 31.1072 -40.7718 24.4941 -38.8188 13.2378 -36.3928 -12.6836 -29.3819 -48.6349 -30.4403 -0.0036 -38.6893 30.4761 -42.4657 34.6776 -41.8135 35.8305 -48.2684 -27.8399 31.9914 -41.4766 20.3315 -38.6377 29.6541 -45.6617 -26.4272 -0.6641 -39.1517 11.9901 -48.3795 -32.4341 30.5602 -45.8830 -25.8891 -0.0701 -39.4670 12.8352 -48.9118 -30.9833 -2.5012 -10.2749 -41.6111 -25.5920 0.0741 -36.4570 -17.2186 -45.2672 -32.1305 33.5094 -48.0393 -28.6480 21.3491 -42.5714 -25.6838 1.3714
-23.9353 -42.8011 22.0286 -28.7833 -48.1864 32.5964 -32.2037 -44.6559 -17.6840 -36.7203 1.7376 -25.7353 -42.6934 -32.9465 27.0936 -35.1490 -48.2753 17.7901 -37.1088 -28.5226 -27.5103 -47.9402 -25.3745 -26.2596 -46.8944 -28.3797 -33.4140 -27.0826 -42.4689 10.1678 -27.0824 -46.1830 28.0142 -35.3702 -46.7428 -10.3932 -41.2373 12.6539 -31.6745 -48.6001 3.8720 -43.9906 -20.3002 -41.1433 -36.2920 31.1922 -46.9960 -7.3467 -43.5273 34.9175 -41.2369 29.5609 -37.8196 -17.4027 -27.6504 -48.0588 -32.7864 13.3800 -41.3140 -12.2307 -46.3721 25.1803 -42.7907 -15.0153 -41.8830 -34.8292 9.4312 -35.7349 7.7666 -39.4845 25.8579 -48.9287 -31.7128 13.9663 -40.6768 7.2798 -45.0413 -48.0992 -21.3035 -46.0642 -35.6074 31.7475 -46.9226 -28.4911 8.6594 -40.8456 -26.1733 21.9225 -42.9192 -25.7251 1.7347 -36.7207 -17.6840 -44.6559 -32.2037 32.5964 -48.1864 -28.7833 22.0286 -42.8011 -23.9353
-43.1971 22.7169 -28.9162 -48.3223 31.4012 -32.2889 -43.9281 -18.1699 -36.9618 3.1297 -25.8177 -43.0523 23.6768 -27.1477 -41.8661 5.1458 -23.8566 -42.1546 11.8324 -33.0324 -41.1819 -33.2800 20.9442 -47.1216 -12.2073 -47.0297 -18.8189 -48.7379 34.3687 -36.1184 -44.9678 -9.6374 -40.4610 6.5769 -28.2869 -47.0831 35.4879 -38.3982 -13.3584 -25.2038 -45.1112 27.3163 -47.0019 -27.5569 8.9541 -41.6792 -25.6301 -45.7459 -20.4757 -46.0027 -11.8440 -47.2635 30.0559 -35.1068 -46.3308 -25.4591 -39.2427 -35.3204 32.6597 -39.7114 -27.5853 -48.2650 19.9465 -44.4271 -21.3940 -45.9565 -29.3866 -39.8320 -34.0234 16.3078 -41.9602 -14.7772 -46.6606 -33.6412 15.2017 -39.6748 25.4940 -30.9628 -47.8271 -30.2406 11.3542 -41.9275 -19.3922 -32.8098 -37.1904 35.1267 -49.1615 -30.4620 22.4989 -43.0626 -25.8235 3.1235 -36.9618 -18.1699 -43.9281 -32.2889 31.4012 -48.3223 -28.9162 22.7169 -43.1971
23.5178 -28.8932 -48.4430 29.8783 -32.3793 -43.0800 -18.6578 -37.1936 4.3095 -25.9047 -43.2043 23.4730 -28.6651 -48.3954 28.3279 -30.4808 -47.6978 30.0285 -35.8231 -11.9596 -34.2871 -6.3058 -37.9733 30.2372 -41.6481 34.8996 -42.5726 34.4052 -39.0638 -2.7977 -25.8748 -45.3697 26.2888 -35.4054 -45.5524 -18.4076 -43.0398 22.2195 -34.7944 -47.3562 -10.8575 -42.5093 19.2015 -48.6880 -27.8048 -40.5238 32.1336 -34.1769 -46.3733 -24.8587 -45.6936 -25.8005 -40.9736 5.7619 -26.6199 -47.8942 -23.3301 -45.1257 -23.5161 -41.7720 7.5543 -25.8633 -45.6051 35.4512 -44.1427 -12.3202 -47.9278 -24.5584 -38.7449 -36.1202 26.5465 -44.3258 -20.4771 -45.0948 -32.7006 2.5973 -34.4014 -40.4487 -26.8283 -39.5921 -36.6023 35.1863 -48.9638 -32.7381 19.3944 -42.8496 -19.5771 -46.9768 -33.7913 22.8244 -43.2341 -25.9082 4.3075 -37.1936 -18.6578 -43.0800 -32.3793 29.8783 -48.4430 -28.8932 23.5178
-28.1687 -48.5476 28.0271 -32.4694 -42.1091 -19.1369 -37.4195 5.3490 -25.9955 -43.3873 23.9428 -28.9091 -48.3870 30.6341 -32.2180 -48.5188 13.5273 -36.2343 8.0640 -37.8691 10.3976 -36.3644 0.4546 -37.0360 13.2770 -37.8122 14.9976 -36.9734 -0.3464 -29.4551 -48.4174 34.1340 -38.9805 -3.1031 -30.2433 -48.7669 -1.1879 -40.3899 8.2380 -28.8105 -47.0736 36.0725 -41.4549 29.4057 -46.3527 -10.1235 -40.4566 4.9739 -29.4512 -45.0566 -34.1751 31.4044 -41.9180 -27.2378 -48.1812 8.7150 -44.3348 -7.9787 -46.1332 29.1861 -35.0064 -47.4983 -5.9441 -41.6429 30.8696 -41.7834 27.8950 -46.9510 -26.4199 -12.5024 -38.1783 32.2060 -45.0594 -18.5775 -48.6475 -27.3309 -46.9730 -23.9325 -48.6228 -30.0606 13.4434 -42.7646 -23.1305 -4.8967 -39.3031 10.7254 -48.8883 -31.8874 8.1881 -35.6166 23.2634 -43.4026 -25.9961 5.3490 -37.4195 -19.1369 -42.1091 -32.4694 28.0271 -48.5476 -28.1687
-48.3644 25.7639 -32.5571 -41.0051 -19.6001 -37.6397 6.2904 -26.0901 -43.5834 24.5075 -29.0652 -48.5171 28.7890 -32.2666 -44.1664 -15.2661 -36.7517 8.8385 -39.2088 34.3007 -40.8692 12.9626 -35.2931 -25.4940 -32.4441 -25.5292 -31.7559 -37.0101 -27.4021 -48.6259 14.1736 -40.4706 11.8907 -35.1414 -23.6016 -30.2341 -48.2421 34.7343 -36.6704 -41.2853 -15.7288 -42.1545 23.4989 -39.7382 28.0208 -39.8492 13.8279 -32.1572 -48.1402 -28.5407 3.5258 -40.1930 -8.0385 -45.9482 33.4073 -40.8398 28.1665 -40.3305 25.9722 -37.6684 -18.4611 -25.0533 -45.0519 31.7892 -39.5288 20.8850 -40.6257 28.2874 -48.0655 -29.2839 0.9219 -38.8348 31.2850 -43.4850 -1.4169 -46.8021 -14.1369 -46.1952 -20.6353 -42.2800 -36.2121 35.0648 -49.1275 -33.7234 27.1776 -46.2273 -28.4153 11.8246 -42.6929 22.8507 -32.7739 24.0034 -43.5832 -26.0901 6.2904 -37.6397 -19.6001 -41.0051 -32.5571 25.7639 -48.3644
9.7665 -32.1880 -39.7649 -20.0467 -37.8577 7.1516 -26.1883 -43.7906 25.1176 -29.2262 -48.6156 26.6589 -32.4900 -41.8235 -18.9239 -37.4926 25.0614 -25.5011 -18.6013 -48.6982 29.4427 -39.3856 -3.1113 -29.6653 -48.6899 -23.5241 -48.8356 -19.3310 -46.8651 27.2335 -40.7037 16.2840 -36.2584 -0.4158 -37.4396 18.2728 -17.5144 -41.7972 9.6238 -28.0736 -46.8124 32.6987 -38.4032 7.9260 -35.8898 2.5593 -31.6451 -48.0074 -21.0489 -48.7659 -31.5725 12.7670 -39.5058 26.0203 -38.9241 13.3469 -36.8347 8.5557 -36.8483 -3.0446 -31.4566 -48.7584 5.1028 -41.1343 16.1984 -37.7488 17.8460 -40.7812 3.1986 -48.6930 -30.8720 2.8280 -38.6169 26.2250 -41.8024 35.2070 -43.7914 -2.7412 -48.0252 -29.6150 10.1555 -41.6496 -21.6612 -6.9730 -39.3842 -14.1712 -35.4550 -37.2616 29.1603 -48.4899 -47.3317 -30.0633 25.1091 -43.7906 -26.1883 7.1516 -37.8577 -20.0467 -39.7649 -32.1880 9.7665
-33.0736 -38.3809 -20.4736 -38.0766 7.9588 -26.2893 -44.0049 25.7678 -29.3881 -48.7062 24.1616 -32.7038 -40.2953 -19.8072 -38.2211 32.5251 -49.9117 -27.7570 -44.6710 -26.6998 -46.5306 26.4315 -33.9598 -48.4375 -15.3845 -45.0693 26.3008 -43.0730 33.6671 -39.8789 14.3477 -35.5482 -9.0045 -37.2736 34.0385 -49.6708 -33.0187 9.6784 -31.4377 -48.9284 13.4495 -39.8467 7.7144 -32.7725 -42.2066 -27.3493 -48.8699 -14.2312 -44.7530 -14.2461 -48.4961 -31.0954 -1.3112 -34.6438 -7.3492 -33.0458 -27.5896 -35.1366 4.5489 -36.1912 -32.7082 -24.2919 -45.9159 32.5796 -38.5351 4.5944 -37.3395 22.5976 -42.3940 -15.0945 -48.0971 -33.4571 8.0421 -39.3294 28.7418 -42.5529 21.9231 -46.7253 -23.5004 -41.2396 -35.7886 32.2806 -47.8018 -31.3430 23.6979 -46.5810 -31.8191 16.9584 -44.9533 -22.3896 -8.5456 -48.4103 -29.3884 25.7693 -44.0050 -26.2893 7.9588 -38.0766 -20.4736 -38.3809 -33.0736
-38.7676 -20.8725 -38.2938 8.7323 -26.3929 -44.2234 26.4451 -29.5436 -48.7721 21.0366 -32.8537 -38.3299 -20.3821 -38.6603 10.3221 -22.7488 -29.9001 -38.8969 -33.0363 -10.6593 -17.9584 -37.6379 -15.9687 -22.1157 -44.2050 33.1898 -39.9771 19.7143 -37.7031 6.1605 -33.5306 -35.4075 -34.0821 11.7673 -41.3215 -14.3348 -45.8712 -27.2407 -48.9318 -8.5862 -41.3615 16.6347 -33.5831 -46.8619 -21.8905 -46.8990 13.2757 -42.2101 34.2484 -42.7034 -9.1234 -48.7279 -25.1720 -48.2010 -26.7672 -47.6546 -32.5541 7.7338 -38.6702 28.4666 -30.1010 -48.8887 0.2906 -41.4211 13.9772 -36.1999 2.7989 -38.8198 35.3173 -46.4334 -26.9643 -16.2164 -37.6049 24.8399 -41.9519 24.7059 -46.8150 -22.0789 -46.9259 -32.5616 5.3182 -39.1488 -9.1642 -43.9419 -34.4457 28.4904 2.6929 -36.8740 31.1699 -48.3487 -31.4618 21.1776 -48.7681 -29.5414 26.4479 -44.2239 -26.3929 8.7323 -38.2938 -20.8725 -38.7676
-19.9620 -38.5091 9.4684 -26.4994 -44.4449 27.1394 -29.6948 -48.8125 17.5116 -32.9366 -36.4359 -20.9217 -38.6423 10.6014 -26.4420 -45.3182 5.1241 -33.4053 2.0176 -39.2683 28.9698 -47.7910 -23.1171 -45.4399 32.0212 -38.6328 8.2019 -34.3296 -24.0555 -30.2288 -46.9552 -30.2844 -18.4299 -37.4183 26.7015 -42.8820 -8.8592 -46.0989 15.1206 -41.5326 21.3661 -35.9591 -38.6349 -23.4054 -45.6780 35.0359 -40.8155 22.1060 -39.0867 24.1702 -41.4007 28.9694 -45.1827 -11.9309 -47.8530 -28.3415 -4.3704 -38.2239 -1.0118 -46.5443 -36.4611 20.3823 -42.6864 24.7309 -37.6857 -4.7611 -36.2616 17.7779 -42.4252 -16.9687 -43.8188 -35.5212 23.3472 -42.4605 -4.7718 -47.5306 -23.1372 -45.9719 -32.5315 -3.4343 -37.0830 17.9894 -41.7355 -17.7748 -48.7285 -14.5631 -41.6759 15.0284 -37.6347 -17.9424 -35.5690 -32.8824 17.2656 -48.8140 -29.6963 27.1407 -44.4454 -26.4994 9.4684 -38.5091 -19.9620
-39.3371 10.1725 -26.6078 -44.6688 27.8465 -29.8412 -48.8288 13.7869 -32.9889 -34.5854 -21.3655 -38.6807 10.6016 -26.2480 -44.2728 31.6591 -33.4079 -36.7691 -35.3327 16.6486 -41.4449 15.8051 -43.6076 30.4816 -38.0305 -0.7771 -31.0820 -47.2148 -24.6987 -48.5360 -25.3462 -40.5461 -35.4103 18.7730 -40.8274 35.3559 -43.3568 32.1060 -41.6704 26.0401 -38.0836 -5.8265 -30.1895 -48.6608 19.8002 -41.9169 21.9548 -38.1743 8.0756 -38.1220 24.3246 -41.5743 36.1831 -44.4152 -24.6598 -37.5591 -35.9911 33.8146 -46.4745 -28.9407 17.9369 -42.8442 35.0439 -40.2875 11.9408 -36.1983 3.2944 -38.9958 33.8053 -48.7304 -31.5111 15.1255 -41.8463 -14.3402 -48.4931 -27.9031 -43.3488 -33.1212 5.1826 -38.3112 15.3042 -38.1263 21.7008 -41.6637 25.7697 -43.5519 23.2502 -37.1583 12.6594 -39.3690 -21.5591 -36.5168 -32.9889 13.8887 -48.8686 -29.8481 27.8465 -44.6688 -26.6078 10.1725 -39.3371
10.6067 -26.6863 -44.8932 28.5632 -29.9821 -48.8198 9.9881 -33.0253 -32.6786 -21.7483 -38.8034 10.7331 -26.4359 -44.1216 27.0777 -34.6642 -43.7701 -28.9510 -24.4338 -36.5700 16.0319 -39.2136 19.1323 -36.6235 -11.4623 -29.0431 -48.6037 -15.6717 -45.7073 -16.1783 -48.4047 -33.1510 16.6897 -40.8473 7.3063 -47.3127 -16.6974 -46.3600 25.2361 -40.9690 18.2673 -35.8946 -33.5367 -27.2282 -43.2374 31.7534 -38.7355 9.4341 -34.4005 20.8170 -40.8190 30.9753 -41.6355 -13.3301 -33.0456 -33.5714 11.1595 -44.6979 -20.8184 -42.3785 -34.8047 -14.3195 -45.7678 34.8705 -39.2902 6.4532 -36.9766 21.2754 -43.8954 -22.8432 -13.8837 -38.5877 19.9643 -48.7944 -32.8331 0.1694 -34.9669 5.8966 -39.2456 28.4978 -41.6469 14.6485 -36.9848 14.1747 -38.2505 17.4497 -36.4598 -6.3740 -36.6834 25.0157 -43.3470 -25.5541 -22.4203 -34.3537 12.6108 -48.9143 -29.9920 28.5620 -44.8927 -26.6863 10.6067
-25.2752 -45.1144 29.2738 -30.1241 -48.7747 6.3966 -33.0593 -30.7057 -22.0877 -38.9754 11.1272 -26.6770 -44.2196 27.9991 -32.4627 -45.4873 -22.5636 -48.7663 -31.9389 -16.1960 -35.7078 0.7135 -34.4249 -33.2489 -27.9541 -47.9875 -4.1135 -42.9880 26.7267 -47.0444 -28.2924 6.3942 -40.0048 1.9479 -48.8478 -28.8827 -39.1133 -27.2661 -48.6238 10.6873 -40.6009 14.1821 -35.2086 10.4259 -51.3872 19.3940 -43.8807 -72.3310 -9.7998 56.9229 -32.2070 -57.0234 -95.7334 42.0930 -27.6814 40.5024 -4.0923 -57.6109 -5.9997 -22.9313 -48.5014 -24.2631 -23.5779 -45.0728 26.5081 -37.8264 8.5089 -39.3348 31.0604 -48.9575 -32.1434 20.0068 -45.1044 -23.1341 27.6493 -39.3580 13.8785 -38.6374 30.6667 -45.0894 -13.2962 -34.5639 -13.2350 -32.3961 -18.1674 -32.3655 -35.6068 -32.5009 3.9978 -39.6862 10.0396 -48.8846 -32.9342 8.1532 -36.5923 10.6002 -48.8911 -30.1293 29.2751 -45.1155 -25.2745
-45.3254 30.0273 -30.2319 -48.7507 2.7795 -33.0456 -28.3649 -22.4322 -39.1988 11.7283 -26.8215 -44.0619 -2.2728 -25.3695 -49.4539 -15.1577 -45.0658 -26.7968 -3.3199 -35.5635 -11.5799 -34.2524 -35.8434 -30.3301 -48.7327 -17.3866 -43.9901 36.1920 -43.2211 -16.8072 -41.5786 -36.6093 34.5268 -48.1458 -30.5414 15.0808 -37.0365 2.0206 -29.7339 -48.5531 31.9821 -39.6950 4.0199 -47.9299 -92.2364 36.7548 -32.6949 -46.1671 20.3761 -37.0255 -39.5238 -31.7487 53.5623 32.3320 17.4893 -0.8502 -61.7754 -53.9436 -8.6934 -43.6763 35.1390 -34.2716 -47.6895 0.6975 -40.4282 12.5204 -37.5561 21.8266 -42.9710 -18.7350 -41.8616 -35.3559 22.0784 -38.5931 -47.6221 10.6939 -39.6315 22.1824 -43.3977 -20.5947 -25.7640 -46.3118 -20.1966 -48.6918 -22.7624 -48.8912 -24.3512 -46.4018 -34.8857 27.3459 -45.9692 -27.6391 1.8479 -39.3741 22.9897 -36.6420 6.0081 -48.8039 -30.2607 29.9749 -45.3057
