0.2733 0.2225 0.1829 0.1615 0.1502 0.1432 0.1385 0.1355 0.1339 0.1334 0.1340 0.1358 0.1386 0.1426 0.1478 0.1544 0.1623 0.1717 0.1828 0.1957 0.2106 0.2276 0.2471 0.2692 0.2941 0.3218 0.3525 0.3855 0.4201 0.4540 0.4835 0.5030 0.5111 0.5108 0.5044 0.4930 0.4765 0.4549 0.4277 0.3946 0.3553 0.3102 0.2612 0.2143 0.1796 0.1614 0.1517 0.1458 0.1422 0.1403 0.1397 0.1403 0.1422 0.1458 0.1517 0.1614 0.1796 0.2143 0.2612 0.3102 0.3553 0.3946 0.4277 0.4549 0.4765 0.4930 0.5044 0.5108 0.5111 0.5030 0.4835 0.4540 0.4201 0.3855 0.3525 0.3218 0.2941 0.2692 0.2471 0.2276 0.2106 0.1957 0.1828 0.1717 0.1623 0.1544 0.1478 0.1426 0.1386 0.1358 0.1340 0.1334 0.1339 0.1355 0.1385 0.1432 0.1502 0.1615 0.1829 0.2225 0.2733
0.2225 0.1824 0.1612 0.1501 0.1431 0.1385 0.1355 0.1339 0.1335 0.1342 0.1359 0.1388 0.1428 0.1481 0.1546 0.1626 0.1720 0.1831 0.1960 0.2109 0.2280 0.2474 0.2694 0.2942 0.3218 0.3522 0.3850 0.4192 0.4526 0.4814 0.5004 0.5081 0.5077 0.5014 0.4899 0.4735 0.4519 0.4249 0.3918 0.3526 0.3074 0.2583 0.2113 0.1772 0.1595 0.1500 0.1440 0.1402 0.1379 0.1366 0.1362 0.1366 0.1379 0.1402 0.1440 0.1500 0.1595 0.1772 0.2113 0.2583 0.3074 0.3526 0.3918 0.4249 0.4519 0.4735 0.4899 0.5014 0.5077 0.5081 0.5004 0.4814 0.4526 0.4192 0.3850 0.3522 0.3218 0.2942 0.2694 0.2474 0.2280 0.2109 0.1960 0.1831 0.1720 0.1626 0.1546 0.1481 0.1428 0.1388 0.1359 0.1342 0.1335 0.1339 0.1355 0.1385 0.1431 0.1501 0.1612 0.1824 0.2225
0.1829 0.1612 0.1500 0.1431 0.1385 0.1355 0.1339 0.1335 0.1342 0.1359 0.1388 0.1429 0.1481 0.1547 0.1627 0.1721 0.1832 0.1962 0.2111 0.2282 0.2476 0.2697 0.2945 0.3222 0.3526 0.3854 0.4195 0.4529 0.4817 0.5005 0.5081 0.5076 0.5012 0.4897 0.4733 0.4516 0.4244 0.3912 0.3517 0.3062 0.2568 0.2095 0.1758 0.1585 0.1490 0.1430 0.1390 0.1366 0.1351 0.1344 0.1342 0.1344 0.1351 0.1366 0.1390 0.1430 0.1490 0.1585 0.1758 0.2095 0.2568 0.3062 0.3517 0.3912 0.4244 0.4516 0.4733 0.4897 0.5012 0.5076 0.5081 0.5005 0.4817 0.4529 0.4195 0.3854 0.3526 0.3222 0.2945 0.2697 0.2476 0.2282 0.2111 0.1962 0.1832 0.1721 0.1627 0.1547 0.1481 0.1429 0.1388 0.1359 0.1342 0.1335 0.1339 0.1355 0.1385 0.1431 0.1500 0.1612 0.1829
0.1615 0.1501 0.1431 0.1385 0.1355 0.1339 0.1335 0.1342 0.1360 0.1389 0.1429 0.1482 0.1548 0.1627 0.1722 0.1834 0.1963 0.2112 0.2284 0.2478 0.2699 0.2948 0.3225 0.3529 0.3857 0.4199 0.4533 0.4819 0.5007 0.5082 0.5076 0.5011 0.4896 0.4730 0.4513 0.4240 0.3907 0.3510 0.3053 0.2556 0.2082 0.1748 0.1578 0.1483 0.1423 0.1384 0.1358 0.1344 0.1337 0.1335 0.1335 0.1335 0.1337 0.1344 0.1358 0.1384 0.1423 0.1483 0.1578 0.1748 0.2082 0.2556 0.3053 0.3510 0.3907 0.4240 0.4513 0.4730 0.4896 0.5011 0.5076 0.5082 0.5007 0.4819 0.4533 0.4199 0.3857 0.3529 0.3225 0.2948 0.2699 0.2479 0.2284 0.2112 0.1963 0.1834 0.1722 0.1627 0.1548 0.1482 0.1429 0.1389 0.1360 0.1342 0.1335 0.1339 0.1355 0.1385 0.1431 0.1501 0.1615
0.1502 0.1431 0.1385 0.1355 0.1339 0.1335 0.1342 0.1360 0.1389 0.1430 0.1483 0.1548 0.1628 0.1723 0.1835 0.1964 0.2114 0.2285 0.2481 0.2702 0.2950 0.3228 0.3532 0.3861 0.4202 0.4536 0.4822 0.5008 0.5082 0.5076 0.5010 0.4894 0.4728 0.4510 0.4236 0.3902 0.3504 0.3045 0.2546 0.2072 0.1741 0.1573 0.1479 0.1419 0.1379 0.1354 0.1340 0.1335 0.1335 0.1337 0.1339 0.1337 0.1335 0.1335 0.1340 0.1354 0.1379 0.1419 0.1479 0.1573 0.1741 0.2072 0.2546 0.3045 0.3504 0.3902 0.4236 0.4510 0.4728 0.4894 0.5010 0.5076 0.5082 0.5008 0.4822 0.4536 0.4202 0.3861 0.3533 0.3228 0.2950 0.2702 0.2481 0.2285 0.2114 0.1964 0.1835 0.1723 0.1628 0.1548 0.1483 0.1430 0.1389 0.1360 0.1342 0.1335 0.1339 0.1355 0.1385 0.1431 0.1502
0.1432 0.1385 0.1355 0.1339 0.1335 0.1342 0.1360 0.1389 0.1430 0.1483 0.1549 0.1629 0.1724 0.1836 0.1966 0.2115 0.2287 0.2483 0.2704 0.2953 0.3230 0.3536 0.3864 0.4206 0.4539 0.4824 0.5009 0.5082 0.5075 0.5009 0.4893 0.4726 0.4507 0.4233 0.3898 0.3498 0.3038 0.2538 0.2064 0.1735 0.1569 0.1476 0.1416 0.1377 0.1352 0.1339 0.1335 0.1338 0.1345 0.1351 0.1354 0.1351 0.1345 0.1338 0.1335 0.1339 0.1352 0.1377 0.1416 0.1476 0.1569 0.1735 0.2064 0.2538 0.3038 0.3498 0.3897 0.4233 0.4507 0.4726 0.4893 0.5009 0.5075 0.5082 0.5009 0.4824 0.4539 0.4206 0.3864 0.3536 0.3231 0.2953 0.2704 0.2483 0.2287 0.2115 0.1966 0.1836 0.1724 0.1629 0.1549 0.1483 0.1430 0.1389 0.1360 0.1342 0.1335 0.1339 0.1355 0.1385 0.1432
0.1385 0.1355 0.1339 0.1335 0.1342 0.1360 0.1389 0.1430 0.1483 0.1549 0.1630 0.1725 0.1837 0.1967 0.2117 0.2289 0.2484 0.2706 0.2955 0.3233 0.3539 0.3867 0.4209 0.4542 0.4827 0.5010 0.5082 0.5075 0.5009 0.4891 0.4724 0.4504 0.4229 0.3893 0.3493 0.3032 0.2531 0.2057 0.1731 0.1566 0.1474 0.1414 0.1375 0.1350 0.1338 0.1335 0.1340 0.1352 0.1365 0.1376 0.1381 0.1376 0.1365 0.1352 0.1340 0.1335 0.1338 0.1350 0.1375 0.1414 0.1474 0.1566 0.1731 0.2057 0.2531 0.3031 0.3493 0.3893 0.4229 0.4504 0.4724 0.4891 0.5009 0.5075 0.5083 0.5010 0.4827 0.4542 0.4209 0.3868 0.3539 0.3233 0.2955 0.2706 0.2484 0.2289 0.2117 0.1967 0.1837 0.1725 0.1630 0.1549 0.1483 0.1430 0.1389 0.1360 0.1342 0.1335 0.1339 0.1355 0.1385
0.1355 0.1339 0.1335 0.1342 0.1360 0.1389 0.1430 0.1483 0.1550 0.1630 0.1725 0.1838 0.1968 0.2118 0.2290 0.2486 0.2708 0.2958 0.3236 0.3541 0.3870 0.4212 0.4545 0.4829 0.5012 0.5083 0.5074 0.5008 0.4890 0.4722 0.4502 0.4226 0.3889 0.3488 0.3026 0.2524 0.2051 0.1727 0.1564 0.1472 0.1413 0.1374 0.1349 0.1337 0.1335 0.1343 0.1357 0.1377 0.1397 0.1413 0.1419 0.1413 0.1397 0.1377 0.1357 0.1343 0.1335 0.1337 0.1349 0.1374 0.1413 0.1472 0.1564 0.1727 0.2051 0.2524 0.3025 0.3488 0.3889 0.4226 0.4502 0.4722 0.4890 0.5008 0.5074 0.5083 0.5012 0.4829 0.4545 0.4212 0.3871 0.3542 0.3236 0.2958 0.2708 0.2486 0.2290 0.2118 0.1968 0.1838 0.1725 0.1630 0.1550 0.1483 0.1430 0.1389 0.1360 0.1342 0.1335 0.1339 0.1355
0.1339 0.1335 0.1342 0.1360 0.1389 0.1430 0.1483 0.1550 0.1630 0.1726 0.1838 0.1969 0.2119 0.2291 0.2488 0.2710 0.2960 0.3238 0.3544 0.3873 0.4215 0.4548 0.4831 0.5013 0.5083 0.5074 0.5007 0.4888 0.4720 0.4500 0.4223 0.3885 0.3483 0.3020 0.2518 0.2045 0.1724 0.1562 0.1471 0.1412 0.1373 0.1349 0.1337 0.1336 0.1344 0.1362 0.1386 0.1414 0.1441 0.1462 0.1470 0.1462 0.1441 0.1414 0.1386 0.1362 0.1344 0.1336 0.1337 0.1349 0.1373 0.1412 0.1471 0.1562 0.1724 0.2045 0.2518 0.3020 0.3483 0.3885 0.4223 0.4500 0.4720 0.4888 0.5007 0.5074 0.5083 0.5013 0.4831 0.4548 0.4215 0.3873 0.3544 0.3238 0.2960 0.2710 0.2488 0.2292 0.2119 0.1969 0.1838 0.1726 0.1630 0.1550 0.1483 0.1430 0.1389 0.1360 0.1342 0.1335 0.1339
0.1334 0.1342 0.1359 0.1389 0.1430 0.1483 0.1549 0.1630 0.1726 0.1838 0.1969 0.2120 0.2292 0.2489 0.2712 0.2962 0.3241 0.3547 0.3876 0.4218 0.4551 0.4833 0.5014 0.5083 0.5074 0.5006 0.4887 0.4718 0.4497 0.4220 0.3882 0.3479 0.3015 0.2513 0.2040 0.1721 0.1561 0.1470 0.1411 0.1372 0.1348 0.1336 0.1336 0.1345 0.1364 0.1392 0.1426 0.1463 0.1498 0.1524 0.1534 0.1524 0.1498 0.1463 0.1426 0.1392 0.1364 0.1345 0.1336 0.1336 0.1348 0.1372 0.1411 0.1470 0.1561 0.1721 0.2040 0.2512 0.3015 0.3479 0.3882 0.4220 0.4497 0.4718 0.4887 0.5006 0.5074 0.5083 0.5014 0.4833 0.4551 0.4218 0.3876 0.3547 0.3241 0.2962 0.2712 0.2489 0.2292 0.2120 0.1969 0.1838 0.1726 0.1630 0.1549 0.1483 0.1430 0.1389 0.1359 0.1342 0.1334
0.1340 0.1359 0.1388 0.1429 0.1483 0.1549 0.1630 0.1725 0.1838 0.1969 0.2120 0.2293 0.2490 0.2713 0.2963 0.3243 0.3549 0.3879 0.4221 0.4553 0.4835 0.5015 0.5083 0.5073 0.5005 0.4886 0.4717 0.4495 0.4217 0.3879 0.3475 0.3010 0.2508 0.2036 0.1719 0.1559 0.1469 0.1410 0.1371 0.1348 0.1336 0.1336 0.1346 0.1366 0.1396 0.1434 0.1478 0.1525 0.1569 0.1600 0.1612 0.1600 0.1569 0.1525 0.1478 0.1434 0.1396 0.1366 0.1346 0.1336 0.1336 0.1348 0.1371 0.1410 0.1469 0.1559 0.1719 0.2036 0.2508 0.3010 0.3475 0.3878 0.4217 0.4495 0.4717 0.4886 0.5005 0.5073 0.5083 0.5015 0.4835 0.4553 0.4221 0.3879 0.3549 0.3243 0.2964 0.2713 0.2490 0.2293 0.2120 0.1969 0.1838 0.1725 0.1630 0.1549 0.1483 0.1429 0.1388 0.1359 0.1340
0.1358 0.1388 0.1429 0.1482 0.1548 0.1629 0.1725 0.1838 0.1969 0.2120 0.2293 0.2490 0.2713 0.2964 0.3244 0.3551 0.3881 0.4224 0.4556 0.4837 0.5016 0.5084 0.5073 0.5004 0.4885 0.4715 0.4493 0.4215 0.3875 0.3471 0.3006 0.2503 0.2032 0.1716 0.1558 0.1468 0.1410 0.1371 0.1347 0.1336 0.1336 0.1347 0.1368 0.1399 0.1440 0.1489 0.1544 0.1601 0.1654 0.1691 0.1705 0.1691 0.1654 0.1601 0.1544 0.1489 0.1440 0.1399 0.1368 0.1347 0.1336 0.1336 0.1347 0.1371 0.1409 0.1468 0.1558 0.1716 0.2032 0.2503 0.3006 0.3471 0.3875 0.4215 0.4493 0.4715 0.4885 0.5004 0.5073 0.5084 0.5016 0.4837 0.4556 0.4224 0.3881 0.3551 0.3244 0.2965 0.2713 0.2490 0.2293 0.2120 0.1969 0.1838 0.1725 0.1629 0.1548 0.1482 0.1429 0.1388 0.1358
0.1386 0.1428 0.1481 0.1548 0.1628 0.1724 0.1837 0.1968 0.2119 0.2292 0.2490 0.2713 0.2965 0.3245 0.3552 0.3883 0.4225 0.4558 0.4839 0.5017 0.5084 0.5073 0.5003 0.4883 0.4713 0.4491 0.4212 0.3872 0.3467 0.3002 0.2499 0.2029 0.1715 0.1557 0.1467 0.1409 0.1371 0.1347 0.1336 0.1336 0.1347 0.1369 0.1401 0.1443 0.1496 0.1557 0.1624 0.1693 0.1755 0.1799 0.1815 0.1799 0.1755 0.1693 0.1624 0.1557 0.1496 0.1443 0.1401 0.1369 0.1347 0.1336 0.1336 0.1347 0.1371 0.1409 0.1467 0.1557 0.1714 0.2028 0.2499 0.3002 0.3467 0.3872 0.4212 0.4491 0.4713 0.4883 0.5003 0.5073 0.5084 0.5017 0.4839 0.4558 0.4226 0.3883 0.3552 0.3245 0.2965 0.2713 0.2490 0.2292 0.2119 0.1968 0.1837 0.1724 0.1628 0.1548 0.1481 0.1428 0.1386
0.1426 0.1481 0.1547 0.1627 0.1723 0.1836 0.1967 0.2118 0.2291 0.2489 0.2713 0.2964 0.3245 0.3553 0.3884 0.4227 0.4559 0.4840 0.5018 0.5084 0.5072 0.5003 0.4882 0.4712 0.4489 0.4209 0.3869 0.3464 0.2997 0.2494 0.2025 0.1713 0.1556 0.1466 0.1408 0.1370 0.1347 0.1336 0.1336 0.1348 0.1370 0.1402 0.1446 0.1501 0.1565 0.1639 0.1720 0.1800 0.1873 0.1925 0.1944 0.1925 0.1873 0.1800 0.1720 0.1639 0.1565 0.1501 0.1446 0.1402 0.1370 0.1348 0.1336 0.1336 0.1347 0.1370 0.1408 0.1466 0.1556 0.1713 0.2025 0.2494 0.2997 0.3464 0.3869 0.4209 0.4489 0.4712 0.4882 0.5003 0.5072 0.5084 0.5018 0.4840 0.4559 0.4227 0.3884 0.3553 0.3245 0.2965 0.2713 0.2489 0.2292 0.2118 0.1967 0.1836 0.1723 0.1627 0.1547 0.1481 0.1426
0.1478 0.1546 0.1627 0.1722 0.1835 0.1966 0.2117 0.2290 0.2488 0.2712 0.2964 0.3244 0.3552 0.3884 0.4227 0.4560 0.4841 0.5018 0.5084 0.5072 0.5002 0.4881 0.4710 0.4487 0.4207 0.3866 0.3460 0.2993 0.2490 0.2021 0.1711 0.1555 0.1466 0.1408 0.1370 0.1347 0.1336 0.1336 0.1348 0.1370 0.1404 0.1448 0.1504 0.1571 0.1650 0.1738 0.1832 0.1926 0.2011 0.2070 0.2092 0.2070 0.2011 0.1926 0.1832 0.1738 0.1650 0.1571 0.1504 0.1448 0.1404 0.1370 0.1348 0.1336 0.1336 0.1347 0.1370 0.1408 0.1466 0.1555 0.1711 0.2021 0.2490 0.2993 0.3460 0.3866 0.4207 0.4486 0.4710 0.4881 0.5002 0.5072 0.5084 0.5018 0.4841 0.4560 0.4227 0.3884 0.3552 0.3244 0.2964 0.2712 0.2488 0.2290 0.2117 0.1966 0.1835 0.1722 0.1627 0.1546 0.1478
0.1544 0.1626 0.1721 0.1834 0.1964 0.2115 0.2289 0.2486 0.2710 0.2962 0.3243 0.3551 0.3883 0.4227 0.4560 0.4841 0.5018 0.5084 0.5072 0.5002 0.4880 0.4709 0.4485 0.4204 0.3862 0.3456 0.2989 0.2485 0.2018 0.1709 0.1554 0.1465 0.1408 0.1370 0.1347 0.1336 0.1337 0.1348 0.1371 0.1404 0.1449 0.1506 0.1575 0.1657 0.1750 0.1853 0.1963 0.2072 0.2169 0.2238 0.2263 0.2238 0.2169 0.2072 0.1963 0.1853 0.1750 0.1657 0.1575 0.1506 0.1449 0.1404 0.1371 0.1348 0.1337 0.1336 0.1347 0.1370 0.1408 0.1465 0.1554 0.1709 0.2018 0.2485 0.2989 0.3456 0.3862 0.4204 0.4485 0.4709 0.4880 0.5002 0.5072 0.5084 0.5018 0.4841 0.4560 0.4227 0.3883 0.3551 0.3243 0.2962 0.2710 0.2486 0.2289 0.2115 0.1964 0.1834 0.1721 0.1626 0.1544
0.1623 0.1720 0.1832 0.1963 0.2114 0.2287 0.2484 0.2708 0.2960 0.3241 0.3549 0.3881 0.4226 0.4559 0.4841 0.5018 0.5084 0.5072 0.5001 0.4880 0.4708 0.4483 0.4202 0.3860 0.3452 0.2985 0.2481 0.2014 0.1707 0.1553 0.1465 0.1407 0.1369 0.1346 0.1336 0.1337 0.1348 0.1371 0.1405 0.1451 0.1508 0.1578 0.1661 0.1758 0.1867 0.1987 0.2114 0.2240 0.2351 0.2430 0.2458 0.2430 0.2351 0.2240 0.2114 0.1987 0.1867 0.1758 0.1661 0.1578 0.1508 0.1451 0.1405 0.1371 0.1348 0.1337 0.1336 0.1346 0.1369 0.1407 0.1465 0.1553 0.1707 0.2014 0.2481 0.2985 0.3452 0.3859 0.4202 0.4483 0.4708 0.4879 0.5001 0.5072 0.5084 0.5018 0.4841 0.4559 0.4226 0.3881 0.3549 0.3241 0.2960 0.2708 0.2484 0.2287 0.2114 0.1963 0.1832 0.1720 0.1623
0.1717 0.1831 0.1962 0.2112 0.2285 0.2483 0.2706 0.2958 0.3238 0.3547 0.3879 0.4224 0.4558 0.4840 0.5018 0.5084 0.5072 0.5001 0.4879 0.4707 0.4482 0.4201 0.3857 0.3449 0.2981 0.2477 0.2011 0.1705 0.1552 0.1464 0.1407 0.1369 0.1346 0.1336 0.1337 0.1349 0.1372 0.1406 0.1451 0.1509 0.1580 0.1665 0.1763 0.1876 0.2003 0.2142 0.2288 0.2431 0.2558 0.2647 0.2680 0.2647 0.2558 0.2431 0.2288 0.2142 0.2003 0.1876 0.1763 0.1665 0.1580 0.1509 0.1451 0.1406 0.1372 0.1349 0.1337 0.1336 0.1346 0.1369 0.1407 0.1464 0.1552 0.1705 0.2011 0.2477 0.2981 0.3449 0.3857 0.4200 0.4482 0.4707 0.4879 0.5001 0.5072 0.5084 0.5018 0.4840 0.4558 0.4224 0.3879 0.3547 0.3238 0.2958 0.2706 0.2483 0.2285 0.2112 0.1962 0.1831 0.1717
0.1828 0.1960 0.2111 0.2284 0.2481 0.2704 0.2955 0.3236 0.3544 0.3876 0.4221 0.4556 0.4839 0.5018 0.5084 0.5072 0.5001 0.4879 0.4707 0.4482 0.4200 0.3856 0.3447 0.2978 0.2474 0.2008 0.1703 0.1551 0.1463 0.1406 0.1369 0.1346 0.1336 0.1337 0.1349 0.1372 0.1406 0.1452 0.1510 0.1582 0.1667 0.1767 0.1883 0.2014 0.2160 0.2319 0.2486 0.2649 0.2792 0.2893 0.2929 0.2893 0.2792 0.2649 0.2486 0.2319 0.2160 0.2014 0.1883 0.1767 0.1667 0.1582 0.1511 0.1452 0.1406 0.1372 0.1349 0.1337 0.1336 0.1346 0.1369 0.1406 0.1463 0.1551 0.1703 0.2008 0.2474 0.2978 0.3447 0.3856 0.4200 0.4482 0.4707 0.4879 0.5001 0.5072 0.5084 0.5018 0.4839 0.4556 0.4221 0.3876 0.3544 0.3236 0.2955 0.2704 0.2481 0.2284 0.2111 0.1960 0.1828
0.1957 0.2109 0.2282 0.2479 0.2702 0.2953 0.3233 0.3541 0.3873 0.4218 0.4553 0.4837 0.5017 0.5084 0.5072 0.5002 0.4880 0.4707 0.4482 0.4199 0.3855 0.3446 0.2976 0.2471 0.2005 0.1702 0.1550 0.1463 0.1406 0.1369 0.1346 0.1336 0.1337 0.1349 0.1372 0.1407 0.1453 0.1511 0.1583 0.1669 0.1770 0.1887 0.2021 0.2173 0.2340 0.2521 0.2710 0.2894 0.3055 0.3167 0.3208 0.3167 0.3055 0.2894 0.2710 0.2522 0.2340 0.2173 0.2022 0.1887 0.1770 0.1669 0.1583 0.1511 0.1453 0.1407 0.1372 0.1349 0.1337 0.1336 0.1346 0.1369 0.1406 0.1463 0.1550 0.1702 0.2005 0.2471 0.2976 0.3446 0.3855 0.4199 0.4482 0.4707 0.4879 0.5002 0.5072 0.5084 0.5017 0.4837 0.4553 0.4218 0.3873 0.3542 0.3233 0.2953 0.2702 0.2479 0.2282 0.2109 0.1957
0.2106 0.2280 0.2476 0.2699 0.2950 0.3230 0.3539 0.3870 0.4215 0.4551 0.4835 0.5016 0.5084 0.5072 0.5002 0.4880 0.4708 0.4482 0.4200 0.3855 0.3446 0.2976 0.2470 0.2004 0.1701 0.1550 0.1462 0.1406 0.1368 0.1346 0.1336 0.1337 0.1349 0.1372 0.1407 0.1453 0.1512 0.1584 0.1671 0.1772 0.1891 0.2027 0.2181 0.2354 0.2545 0.2750 0.2963 0.3169 0.3347 0.3471 0.3516 0.3471 0.3347 0.3169 0.2963 0.2751 0.2545 0.2354 0.2181 0.2027 0.1891 0.1772 0.1671 0.1584 0.1512 0.1453 0.1407 0.1372 0.1349 0.1337 0.1336 0.1346 0.1368 0.1406 0.1462 0.1550 0.1701 0.2004 0.2470 0.2975 0.3446 0.3855 0.4200 0.4482 0.4708 0.4880 0.5002 0.5072 0.5084 0.5016 0.4835 0.4551 0.4215 0.3871 0.3539 0.3231 0.2950 0.2699 0.2476 0.2280 0.2106
0.2276 0.2474 0.2697 0.2948 0.3228 0.3536 0.3867 0.4212 0.4548 0.4833 0.5015 0.5084 0.5073 0.5003 0.4881 0.4709 0.4483 0.4201 0.3856 0.3446 0.2976 0.2470 0.2003 0.1701 0.1549 0.1462 0.1405 0.1368 0.1346 0.1336 0.1337 0.1349 0.1373 0.1407 0.1454 0.1513 0.1585 0.1672 0.1774 0.1893 0.2030 0.2187 0.2364 0.2561 0.2777 0.3008 0.3245 0.3472 0.3666 0.3800 0.3848 0.3800 0.3666 0.3472 0.3245 0.3008 0.2777 0.2561 0.2364 0.2187 0.2031 0.1893 0.1774 0.1672 0.1585 0.1513 0.1454 0.1407 0.1373 0.1349 0.1337 0.1336 0.1346 0.1368 0.1405 0.1462 0.1549 0.1701 0.2003 0.2469 0.2975 0.3446 0.3856 0.4200 0.4483 0.4709 0.4881 0.5003 0.5073 0.5084 0.5015 0.4833 0.4548 0.4212 0.3868 0.3536 0.3228 0.2948 0.2697 0.2474 0.2276
0.2471 0.2694 0.2945 0.3225 0.3532 0.3864 0.4209 0.4545 0.4831 0.5014 0.5083 0.5073 0.5003 0.4882 0.4710 0.4485 0.4202 0.3857 0.3447 0.2976 0.2470 0.2003 0.1700 0.1549 0.1462 0.1405 0.1368 0.1346 0.1336 0.1337 0.1349 0.1373 0.1408 0.1454 0.1513 0.1586 0.1673 0.1776 0.1895 0.2033 0.2191 0.2371 0.2572 0.2795 0.3038 0.3294 0.3555 0.3800 0.4006 0.4145 0.4194 0.4145 0.4006 0.3800 0.3555 0.3294 0.3038 0.2795 0.2572 0.2371 0.2191 0.2033 0.1895 0.1776 0.1673 0.1586 0.1513 0.1454 0.1408 0.1373 0.1349 0.1337 0.1336 0.1346 0.1368 0.1405 0.1462 0.1549 0.1700 0.2003 0.2470 0.2976 0.3447 0.3857 0.4202 0.4485 0.4710 0.4882 0.5003 0.5073 0.5083 0.5014 0.4831 0.4545 0.4209 0.3864 0.3533 0.3225 0.2945 0.2694 0.2471
0.2692 0.2942 0.3222 0.3529 0.3861 0.4206 0.4542 0.4829 0.5013 0.5083 0.5073 0.5004 0.4883 0.4712 0.4487 0.4204 0.3860 0.3449 0.2978 0.2471 0.2004 0.1701 0.1549 0.1462 0.1405 0.1368 0.1346 0.1336 0.1337 0.1350 0.1373 0.1408 0.1455 0.1514 0.1587 0.1674 0.1777 0.1897 0.2036 0.2195 0.2376 0.2579 0.2807 0.3057 0.3327 0.3609 0.3888 0.4145 0.4352 0.4486 0.4532 0.4486 0.4352 0.4145 0.3888 0.3609 0.3327 0.3057 0.2807 0.2579 0.2376 0.2195 0.2036 0.1897 0.1777 0.1674 0.1587 0.1514 0.1455 0.1408 0.1373 0.1350 0.1337 0.1336 0.1346 0.1368 0.1405 0.1462 0.1549 0.1701 0.2004 0.2471 0.2978 0.3449 0.3859 0.4204 0.4486 0.4712 0.4883 0.5004 0.5073 0.5083 0.5013 0.4829 0.4542 0.4206 0.3861 0.3529 0.3222 0.2942 0.2692
0.2941 0.3218 0.3526 0.3857 0.4202 0.4539 0.4827 0.5012 0.5083 0.5074 0.5005 0.4885 0.4713 0.4489 0.4207 0.3862 0.3452 0.2981 0.2474 0.2005 0.1701 0.1549 0.1462 0.1405 0.1368 0.1346 0.1336 0.1337 0.1350 0.1373 0.1408 0.1455 0.1514 0.1587 0.1675 0.1778 0.1898 0.2038 0.2197 0.2379 0.2585 0.2815 0.3071 0.3349 0.3644 0.3945 0.4234 0.4485 0.4674 0.4786 0.4822 0.4786 0.4674 0.4485 0.4234 0.3945 0.3644 0.3349 0.3071 0.2816 0.2585 0.2379 0.2198 0.2038 0.1898 0.1778 0.1675 0.1587 0.1514 0.1455 0.1408 0.1373 0.1350 0.1337 0.1336 0.1346 0.1368 0.1405 0.1462 0.1549 0.1701 0.2005 0.2474 0.2981 0.3452 0.3862 0.4207 0.4489 0.4713 0.4885 0.5005 0.5074 0.5083 0.5012 0.4827 0.4539 0.4202 0.3857 0.3526 0.3218 0.2941
0.3218 0.3522 0.3854 0.4199 0.4536 0.4824 0.5010 0.5083 0.5074 0.5006 0.4886 0.4715 0.4491 0.4209 0.3866 0.3456 0.2985 0.2477 0.2008 0.1702 0.1550 0.1462 0.1405 0.1368 0.1346 0.1336 0.1337 0.1350 0.1373 0.1408 0.1455 0.1515 0.1588 0.1676 0.1779 0.1900 0.2039 0.2200 0.2382 0.2589 0.2822 0.3080 0.3363 0.3667 0.3982 0.4290 0.4568 0.4785 0.4923 0.4991 0.5010 0.4991 0.4923 0.4785 0.4568 0.4290 0.3982 0.3667 0.3363 0.3080 0.2822 0.2589 0.2382 0.2200 0.2039 0.1900 0.1779 0.1676 0.1588 0.1515 0.1455 0.1408 0.1373 0.1350 0.1337 0.1336 0.1346 0.1368 0.1405 0.1462 0.1550 0.1702 0.2008 0.2477 0.2985 0.3456 0.3866 0.4209 0.4491 0.4715 0.4886 0.5006 0.5074 0.5083 0.5010 0.4824 0.4536 0.4199 0.3854 0.3522 0.3218
0.3525 0.3850 0.4195 0.4533 0.4822 0.5009 0.5082 0.5074 0.5007 0.4887 0.4717 0.4493 0.4212 0.3869 0.3460 0.2989 0.2481 0.2011 0.1703 0.1550 0.1462 0.1405 0.1368 0.1346 0.1336 0.1337 0.1350 0.1373 0.1408 0.1455 0.1515 0.1588 0.1676 0.1780 0.1901 0.2041 0.2201 0.2385 0.2593 0.2826 0.3087 0.3374 0.3683 0.4006 0.4327 0.4619 0.4849 0.4990 0.5055 0.5078 0.5083 0.5078 0.5055 0.4990 0.4849 0.4619 0.4327 0.4006 0.3683 0.3374 0.3087 0.2827 0.2593 0.2385 0.2201 0.2041 0.1901 0.1780 0.1676 0.1588 0.1515 0.1455 0.1408 0.1373 0.1350 0.1337 0.1336 0.1346 0.1368 0.1405 0.1462 0.1550 0.1703 0.2011 0.2481 0.2989 0.3460 0.3869 0.4212 0.4493 0.4717 0.4887 0.5007 0.5074 0.5083 0.5009 0.4822 0.4533 0.4195 0.3850 0.3525
0.3855 0.4192 0.4529 0.4819 0.5008 0.5082 0.5075 0.5008 0.4888 0.4718 0.4495 0.4215 0.3872 0.3464 0.2993 0.2486 0.2014 0.1705 0.1551 0.1463 0.1406 0.1368 0.1346 0.1336 0.1337 0.1350 0.1373 0.1408 0.1456 0.1515 0.1589 0.1677 0.1780 0.1902 0.2042 0.2203 0.2387 0.2595 0.2830 0.3092 0.3381 0.3694 0.4022 0.4351 0.4652 0.4886 0.5023 0.5078 0.5087 0.5079 0.5074 0.5079 0.5087 0.5078 0.5023 0.4886 0.4652 0.4351 0.4022 0.3694 0.3381 0.3092 0.2830 0.2595 0.2387 0.2203 0.2042 0.1902 0.1780 0.1677 0.1589 0.1515 0.1456 0.1408 0.1373 0.1350 0.1337 0.1336 0.1346 0.1368 0.1406 0.1463 0.1551 0.1705 0.2014 0.2485 0.2993 0.3464 0.3872 0.4215 0.4495 0.4718 0.4888 0.5008 0.5075 0.5082 0.5008 0.4819 0.4529 0.4192 0.3855
0.4201 0.4526 0.4817 0.5007 0.5082 0.5075 0.5009 0.4890 0.4720 0.4497 0.4217 0.3875 0.3467 0.2997 0.2490 0.2018 0.1707 0.1552 0.1463 0.1406 0.1368 0.1346 0.1336 0.1337 0.1350 0.1373 0.1408 0.1456 0.1515 0.1589 0.1677 0.1781 0.1902 0.2043 0.2204 0.2388 0.2597 0.2833 0.3096 0.3387 0.3702 0.4034 0.4367 0.4672 0.4908 0.5040 0.5085 0.5080 0.5050 0.5019 0.5006 0.5019 0.5050 0.5080 0.5085 0.5040 0.4908 0.4672 0.4367 0.4034 0.3702 0.3387 0.3096 0.2833 0.2597 0.2388 0.2204 0.2043 0.1902 0.1781 0.1677 0.1589 0.1515 0.1456 0.1408 0.1373 0.1350 0.1337 0.1336 0.1346 0.1368 0.1406 0.1463 0.1552 0.1707 0.2018 0.2490 0.2997 0.3467 0.3875 0.4217 0.4497 0.4720 0.4890 0.5009 0.5075 0.5082 0.5007 0.4817 0.4526 0.4201
0.4540 0.4814 0.5005 0.5082 0.5076 0.5009 0.4891 0.4722 0.4500 0.4220 0.3879 0.3471 0.3002 0.2494 0.2021 0.1709 0.1553 0.1464 0.1406 0.1369 0.1346 0.1336 0.1337 0.1350 0.1373 0.1408 0.1455 0.1515 0.1589 0.1677 0.1781 0.1902 0.2043 0.2205 0.2389 0.2599 0.2835 0.3099 0.3391 0.3708 0.4042 0.4378 0.4686 0.4921 0.5049 0.5087 0.5070 0.5020 0.4957 0.4906 0.4885 0.4906 0.4957 0.5020 0.5070 0.5087 0.5049 0.4922 0.4686 0.4378 0.4042 0.3708 0.3391 0.3099 0.2835 0.2599 0.2390 0.2205 0.2043 0.1902 0.1781 0.1677 0.1589 0.1515 0.1455 0.1408 0.1373 0.1350 0.1337 0.1336 0.1346 0.1369 0.1406 0.1464 0.1553 0.1709 0.2021 0.2494 0.3002 0.3471 0.3878 0.4220 0.4500 0.4722 0.4891 0.5009 0.5076 0.5082 0.5005 0.4814 0.4540
0.4835 0.5004 0.5081 0.5076 0.5010 0.4893 0.4724 0.4502 0.4223 0.3882 0.3475 0.3006 0.2499 0.2025 0.1711 0.1554 0.1465 0.1407 0.1369 0.1346 0.1336 0.1337 0.1349 0.1373 0.1408 0.1455 0.1515 0.1589 0.1677 0.1781 0.1903 0.2043 0.2205 0.2390 0.2600 0.2837 0.3102 0.3394 0.3712 0.4048 0.4386 0.4696 0.4930 0.5054 0.5087 0.5061 0.4996 0.4907 0.4814 0.4742 0.4714 0.4742 0.4814 0.4907 0.4996 0.5061 0.5087 0.5054 0.4930 0.4696 0.4386 0.4048 0.3712 0.3394 0.3102 0.2837 0.2600 0.2390 0.2205 0.2043 0.1903 0.1781 0.1677 0.1589 0.1515 0.1455 0.1408 0.1373 0.1349 0.1337 0.1336 0.1346 0.1369 0.1407 0.1465 0.1554 0.1711 0.2025 0.2499 0.3006 0.3475 0.3882 0.4223 0.4502 0.4724 0.4893 0.5010 0.5076 0.5081 0.5004 0.4835
0.5030 0.5081 0.5076 0.5011 0.4894 0.4726 0.4504 0.4226 0.3885 0.3479 0.3010 0.2503 0.2029 0.1713 0.1555 0.1465 0.1407 0.1369 0.1346 0.1336 0.1337 0.1349 0.1373 0.1408 0.1455 0.1515 0.1588 0.1677 0.1781 0.1902 0.2043 0.2205 0.2390 0.2601 0.2838 0.3103 0.3397 0.3715 0.4052 0.4391 0.4702 0.4936 0.5058 0.5087 0.5055 0.4979 0.4870 0.4743 0.4619 0.4525 0.4489 0.4525 0.4619 0.4743 0.4870 0.4979 0.5055 0.5087 0.5058 0.4936 0.4702 0.4391 0.4052 0.3716 0.3397 0.3103 0.2838 0.2601 0.2391 0.2205 0.2043 0.1902 0.1781 0.1677 0.1588 0.1515 0.1455 0.1408 0.1373 0.1349 0.1337 0.1336 0.1346 0.1369 0.1407 0.1465 0.1555 0.1713 0.2028 0.2503 0.3010 0.3479 0.3885 0.4226 0.4504 0.4726 0.4894 0.5011 0.5076 0.5081 0.5030
0.5111 0.5077 0.5012 0.4896 0.4728 0.4507 0.4229 0.3889 0.3483 0.3015 0.2508 0.2032 0.1715 0.1556 0.1466 0.1408 0.1369 0.1346 0.1336 0.1337 0.1349 0.1373 0.1408 0.1455 0.1514 0.1588 0.1676 0.1780 0.1902 0.2043 0.2205 0.2391 0.2601 0.2838 0.3104 0.3398 0.3718 0.4055 0.4395 0.4707 0.4940 0.5060 0.5087 0.5051 0.4967 0.4845 0.4694 0.4527 0.4369 0.4251 0.4207 0.4251 0.4369 0.4527 0.4694 0.4845 0.4967 0.5051 0.5087 0.5060 0.4940 0.4707 0.4395 0.4055 0.3718 0.3398 0.3104 0.2838 0.2601 0.2391 0.2205 0.2043 0.1902 0.1780 0.1676 0.1588 0.1514 0.1455 0.1408 0.1373 0.1349 0.1337 0.1336 0.1346 0.1369 0.1408 0.1466 0.1556 0.1714 0.2032 0.2508 0.3015 0.3483 0.3889 0.4229 0.4507 0.4728 0.4896 0.5012 0.5077 0.5111
0.5108 0.5013 0.4897 0.4730 0.4510 0.4232 0.3893 0.3488 0.3020 0.2512 0.2036 0.1716 0.1557 0.1466 0.1408 0.1370 0.1346 0.1336 0.1337 0.1349 0.1372 0.1407 0.1454 0.1514 0.1587 0.1676 0.1780 0.1902 0.2043 0.2205 0.2390 0.2601 0.2838 0.3104 0.3399 0.3719 0.4057 0.4398 0.4710 0.4943 0.5061 0.5087 0.5048 0.4960 0.4829 0.4661 0.4464 0.4255 0.4059 0.3916 0.3862 0.3916 0.4059 0.4255 0.4464 0.4661 0.4829 0.4960 0.5048 0.5087 0.5061 0.4943 0.4710 0.4398 0.4057 0.3719 0.3399 0.3104 0.2838 0.2601 0.2390 0.2205 0.2043 0.1902 0.1780 0.1676 0.1587 0.1514 0.1454 0.1407 0.1372 0.1349 0.1337 0.1336 0.1346 0.1370 0.1408 0.1466 0.1557 0.1716 0.2036 0.2512 0.3020 0.3488 0.3893 0.4233 0.4510 0.4730 0.4897 0.5014 0.5108
0.5044 0.4899 0.4732 0.4513 0.4236 0.3897 0.3493 0.3025 0.2518 0.2040 0.1719 0.1558 0.1467 0.1408 0.1370 0.1347 0.1336 0.1337 0.1349 0.1372 0.1407 0.1454 0.1513 0.1587 0.1675 0.1779 0.1901 0.2042 0.2204 0.2390 0.2600 0.2838 0.3104 0.3399 0.3719 0.4058 0.4399 0.4712 0.4945 0.5062 0.5086 0.5046 0.4954 0.4818 0.4639 0.4422 0.4176 0.3920 0.3685 0.3515 0.3452 0.3515 0.3685 0.3920 0.4176 0.4422 0.4639 0.4818 0.4955 0.5046 0.5086 0.5062 0.4945 0.4712 0.4399 0.4058 0.3719 0.3399 0.3104 0.2838 0.2600 0.2390 0.2204 0.2042 0.1901 0.1779 0.1675 0.1587 0.1513 0.1454 0.1407 0.1372 0.1349 0.1337 0.1336 0.1347 0.1370 0.1408 0.1467 0.1558 0.1719 0.2040 0.2518 0.3025 0.3493 0.3897 0.4236 0.4513 0.4733 0.4899 0.5044
0.4930 0.4735 0.4516 0.4240 0.3902 0.3498 0.3031 0.2523 0.2045 0.1721 0.1559 0.1468 0.1409 0.1370 0.1347 0.1336 0.1337 0.1349 0.1372 0.1407 0.1453 0.1513 0.1586 0.1674 0.1778 0.1900 0.2041 0.2203 0.2389 0.2599 0.2837 0.3103 0.3398 0.3719 0.4058 0.4400 0.4712 0.4946 0.5063 0.5086 0.5045 0.4951 0.4810 0.4624 0.4394 0.4125 0.3826 0.3521 0.3246 0.3052 0.2981 0.3052 0.3247 0.3521 0.3826 0.4125 0.4395 0.4625 0.4811 0.4951 0.5045 0.5086 0.5063 0.4946 0.4712 0.4400 0.4058 0.3719 0.3398 0.3103 0.2837 0.2599 0.2388 0.2203 0.2041 0.1900 0.1778 0.1674 0.1586 0.1513 0.1453 0.1407 0.1372 0.1349 0.1337 0.1336 0.1347 0.1370 0.1409 0.1468 0.1559 0.1721 0.2045 0.2524 0.3031 0.3498 0.3902 0.4240 0.4516 0.4735 0.4930
0.4765 0.4519 0.4244 0.3906 0.3503 0.3037 0.2530 0.2050 0.1724 0.1560 0.1469 0.1409 0.1371 0.1347 0.1336 0.1337 0.1348 0.1372 0.1406 0.1453 0.1512 0.1585 0.1673 0.1777 0.1899 0.2039 0.2202 0.2387 0.2598 0.2836 0.3102 0.3397 0.3718 0.4057 0.4399 0.4713 0.4946 0.5063 0.5086 0.5044 0.4949 0.4806 0.4615 0.4377 0.4092 0.3765 0.3411 0.3059 0.2754 0.2547 0.2474 0.2547 0.2754 0.3059 0.3411 0.3765 0.4092 0.4377 0.4616 0.4806 0.4949 0.5044 0.5086 0.5063 0.4946 0.4712 0.4399 0.4057 0.3718 0.3397 0.3102 0.2835 0.2597 0.2387 0.2201 0.2039 0.1898 0.1777 0.1673 0.1585 0.1512 0.1453 0.1406 0.1372 0.1348 0.1337 0.1336 0.1347 0.1371 0.1409 0.1469 0.1561 0.1724 0.2051 0.2531 0.3038 0.3504 0.3907 0.4244 0.4519 0.4765
0.4548 0.4248 0.3911 0.3509 0.3044 0.2537 0.2056 0.1727 0.1562 0.1470 0.1410 0.1371 0.1347 0.1336 0.1336 0.1348 0.1371 0.1406 0.1452 0.1511 0.1584 0.1672 0.1776 0.1897 0.2038 0.2200 0.2385 0.2596 0.2834 0.3100 0.3395 0.3716 0.4056 0.4398 0.4712 0.4946 0.5063 0.5086 0.5043 0.4948 0.4803 0.4610 0.4366 0.4071 0.3726 0.3340 0.2935 0.2555 0.2252 0.2067 0.2007 0.2067 0.2252 0.2555 0.2936 0.3340 0.3726 0.4071 0.4366 0.4610 0.4803 0.4948 0.5043 0.5086 0.5063 0.4946 0.4712 0.4398 0.4055 0.3716 0.3394 0.3099 0.2833 0.2595 0.2385 0.2200 0.2038 0.1897 0.1776 0.1672 0.1584 0.1511 0.1452 0.1406 0.1371 0.1348 0.1336 0.1336 0.1347 0.1371 0.1410 0.1470 0.1562 0.1727 0.2057 0.2538 0.3045 0.3510 0.3912 0.4249 0.4549
0.4276 0.3917 0.3516 0.3051 0.2544 0.2062 0.1730 0.1564 0.1471 0.1411 0.1371 0.1347 0.1336 0.1336 0.1348 0.1371 0.1405 0.1452 0.1511 0.1583 0.1671 0.1775 0.1896 0.2036 0.2198 0.2383 0.2593 0.2831 0.3097 0.3392 0.3713 0.4053 0.4396 0.4711 0.4945 0.5063 0.5086 0.5043 0.4947 0.4802 0.4606 0.4359 0.4058 0.3701 0.3295 0.2858 0.2429 0.2074 0.1845 0.1735 0.1703 0.1735 0.1845 0.2075 0.2431 0.2859 0.3296 0.3702 0.4059 0.4360 0.4607 0.4802 0.4948 0.5043 0.5086 0.5063 0.4945 0.4710 0.4395 0.4052 0.3712 0.3391 0.3096 0.2830 0.2593 0.2382 0.2198 0.2036 0.1895 0.1774 0.1671 0.1583 0.1511 0.1451 0.1405 0.1371 0.1348 0.1336 0.1336 0.1347 0.1371 0.1411 0.1471 0.1564 0.1731 0.2064 0.2546 0.3053 0.3517 0.3918 0.4277
0.3944 0.3523 0.3059 0.2553 0.2069 0.1734 0.1566 0.1472 0.1412 0.1372 0.1348 0.1336 0.1336 0.1348 0.1370 0.1405 0.1451 0.1510 0.1582 0.1670 0.1773 0.1894 0.2034 0.2196 0.2380 0.2590 0.2828 0.3094 0.3388 0.3710 0.4050 0.4393 0.4708 0.4944 0.5063 0.5086 0.5044 0.4947 0.4801 0.4605 0.4356 0.4050 0.3687 0.3268 0.2810 0.2353 0.1973 0.1739 0.1622 0.1567 0.1551 0.1568 0.1623 0.1739 0.1974 0.2355 0.2812 0.3270 0.3689 0.4052 0.4357 0.4606 0.4802 0.4948 0.5044 0.5086 0.5062 0.4943 0.4707 0.4391 0.4048 0.3708 0.3387 0.3092 0.2827 0.2589 0.2379 0.2195 0.2033 0.1893 0.1772 0.1669 0.1582 0.1509 0.1451 0.1404 0.1370 0.1348 0.1336 0.1336 0.1348 0.1372 0.1412 0.1472 0.1566 0.1735 0.2072 0.2556 0.3062 0.3526 0.3946
0.3549 0.3069 0.2564 0.2078 0.1739 0.1568 0.1473 0.1413 0.1372 0.1348 0.1336 0.1336 0.1347 0.1370 0.1404 0.1450 0.1509 0.1581 0.1668 0.1771 0.1892 0.2032 0.2193 0.2377 0.2587 0.2824 0.3089 0.3384 0.3704 0.4045 0.4388 0.4704 0.4942 0.5062 0.5086 0.5044 0.4948 0.4802 0.4605 0.4355 0.4047 0.3679 0.3253 0.2782 0.2309 0.1917 0.1686 0.1570 0.1507 0.1474 0.1463 0.1474 0.1507 0.1570 0.1687 0.1919 0.2312 0.2786 0.3256 0.3683 0.4050 0.4357 0.4607 0.4803 0.4949 0.5045 0.5086 0.5061 0.4940 0.4702 0.4386 0.4042 0.3702 0.3381 0.3087 0.2822 0.2585 0.2376 0.2191 0.2031 0.1891 0.1770 0.1667 0.1580 0.1508 0.1449 0.1404 0.1370 0.1347 0.1336 0.1336 0.1348 0.1373 0.1413 0.1474 0.1569 0.1741 0.2082 0.2568 0.3074 0.3553
0.3095 0.2577 0.2089 0.1745 0.1571 0.1475 0.1414 0.1373 0.1348 0.1336 0.1336 0.1347 0.1369 0.1403 0.1449 0.1507 0.1579 0.1666 0.1769 0.1889 0.2028 0.2189 0.2373 0.2582 0.2818 0.3083 0.3377 0.3698 0.4037 0.4381 0.4699 0.4938 0.5061 0.5086 0.5045 0.4950 0.4804 0.4608 0.4357 0.4048 0.3678 0.3247 0.2768 0.2284 0.1887 0.1659 0.1543 0.1475 0.1435 0.1413 0.1407 0.1414 0.1435 0.1476 0.1544 0.1661 0.1890 0.2289 0.2774 0.3252 0.3683 0.4052 0.4360 0.4610 0.4806 0.4951 0.5046 0.5087 0.5060 0.4936 0.4696 0.4378 0.4034 0.3694 0.3374 0.3080 0.2816 0.2579 0.2371 0.2187 0.2027 0.1887 0.1767 0.1665 0.1578 0.1506 0.1448 0.1402 0.1369 0.1347 0.1336 0.1336 0.1349 0.1374 0.1414 0.1476 0.1573 0.1748 0.2095 0.2583 0.3102
0.2603 0.2104 0.1753 0.1576 0.1478 0.1415 0.1374 0.1349 0.1337 0.1336 0.1347 0.1368 0.1402 0.1447 0.1505 0.1577 0.1663 0.1765 0.1885 0.2024 0.2184 0.2367 0.2575 0.2811 0.3075 0.3368 0.3688 0.4028 0.4372 0.4691 0.4933 0.5059 0.5087 0.5047 0.4953 0.4808 0.4612 0.4362 0.4053 0.3682 0.3249 0.2766 0.2275 0.1873 0.1645 0.1529 0.1459 0.1415 0.1388 0.1374 0.1369 0.1374 0.1388 0.1416 0.1460 0.1530 0.1648 0.1878 0.2283 0.2774 0.3256 0.3689 0.4059 0.4366 0.4616 0.4811 0.4955 0.5048 0.5087 0.5058 0.4930 0.4686 0.4367 0.4022 0.3683 0.3363 0.3071 0.2807 0.2572 0.2364 0.2181 0.2021 0.1883 0.1763 0.1661 0.1575 0.1504 0.1446 0.1401 0.1368 0.1346 0.1336 0.1337 0.1349 0.1375 0.1416 0.1479 0.1578 0.1758 0.2113 0.2612
0.2131 0.1765 0.1581 0.1481 0.1418 0.1376 0.1350 0.1337 0.1336 0.1346 0.1367 0.1400 0.1445 0.1502 0.1573 0.1659 0.1760 0.1879 0.2018 0.2177 0.2359 0.2566 0.2801 0.3064 0.3356 0.3675 0.4014 0.4358 0.4679 0.4926 0.5056 0.5087 0.5049 0.4957 0.4814 0.4620 0.4371 0.4064 0.3694 0.3260 0.2774 0.2279 0.1870 0.1640 0.1522 0.1451 0.1405 0.1375 0.1358 0.1349 0.1347 0.1349 0.1358 0.1376 0.1406 0.1452 0.1524 0.1644 0.1878 0.2290 0.2786 0.3270 0.3702 0.4071 0.4377 0.4625 0.4818 0.4960 0.5051 0.5087 0.5054 0.4922 0.4672 0.4351 0.4006 0.3667 0.3349 0.3057 0.2795 0.2561 0.2354 0.2173 0.2014 0.1876 0.1758 0.1657 0.1571 0.1501 0.1443 0.1399 0.1366 0.1345 0.1336 0.1337 0.1350 0.1377 0.1419 0.1483 0.1585 0.1772 0.2143
0.1786 0.1590 0.1487 0.1421 0.1378 0.1351 0.1337 0.1335 0.1345 0.1365 0.1397 0.1441 0.1498 0.1568 0.1653 0.1753 0.1871 0.2008 0.2166 0.2347 0.2552 0.2785 0.3047 0.3337 0.3655 0.3993 0.4338 0.4661 0.4914 0.5052 0.5087 0.5053 0.4964 0.4823 0.4632 0.4386 0.4081 0.3714 0.3282 0.2796 0.2297 0.1880 0.1643 0.1521 0.1448 0.1400 0.1369 0.1351 0.1341 0.1337 0.1336 0.1337 0.1341 0.1351 0.1370 0.1401 0.1450 0.1524 0.1648 0.1890 0.2312 0.2812 0.3296 0.3726 0.4092 0.4395 0.4639 0.4829 0.4967 0.5055 0.5087 0.5049 0.4908 0.4652 0.4327 0.3982 0.3644 0.3327 0.3038 0.2777 0.2545 0.2340 0.2160 0.2003 0.1867 0.1750 0.1650 0.1565 0.1496 0.1440 0.1396 0.1364 0.1344 0.1335 0.1338 0.1352 0.1379 0.1423 0.1490 0.1595 0.1796
0.1607 0.1495 0.1427 0.1382 0.1353 0.1338 0.1335 0.1343 0.1363 0.1394 0.1436 0.1492 0.1560 0.1644 0.1743 0.1859 0.1994 0.2150 0.2328 0.2531 0.2762 0.3021 0.3308 0.3624 0.3961 0.4306 0.4633 0.4895 0.5044 0.5087 0.5059 0.4974 0.4838 0.4651 0.4410 0.4111 0.3748 0.3321 0.2837 0.2334 0.1904 0.1653 0.1526 0.1449 0.1399 0.1367 0.1347 0.1338 0.1335 0.1335 0.1335 0.1335 0.1335 0.1338 0.1348 0.1368 0.1401 0.1452 0.1530 0.1661 0.1919 0.2355 0.2859 0.3340 0.3765 0.4125 0.4422 0.4661 0.4845 0.4979 0.5061 0.5087 0.5040 0.4886 0.4619 0.4290 0.3945 0.3609 0.3294 0.3008 0.2750 0.2521 0.2319 0.2142 0.1987 0.1853 0.1738 0.1639 0.1557 0.1489 0.1434 0.1392 0.1362 0.1343 0.1335 0.1339 0.1354 0.1384 0.1430 0.1500 0.1614
0.1510 0.1436 0.1388 0.1357 0.1340 0.1335 0.1341 0.1359 0.1388 0.1429 0.1482 0.1549 0.1630 0.1726 0.1840 0.1972 0.2124 0.2299 0.2499 0.2725 0.2980 0.3263 0.3575 0.3909 0.4255 0.4588 0.4863 0.5029 0.5086 0.5067 0.4990 0.4861 0.4682 0.4449 0.4157 0.3803 0.3384 0.2907 0.2401 0.1952 0.1676 0.1538 0.1456 0.1403 0.1368 0.1347 0.1337 0.1335 0.1337 0.1341 0.1343 0.1341 0.1337 0.1335 0.1337 0.1348 0.1370 0.1406 0.1460 0.1544 0.1687 0.1975 0.2431 0.2936 0.3411 0.3826 0.4176 0.4464 0.4694 0.4870 0.4996 0.5070 0.5085 0.5023 0.4849 0.4568 0.4234 0.3888 0.3555 0.3245 0.2963 0.2710 0.2486 0.2288 0.2114 0.1963 0.1832 0.1720 0.1624 0.1544 0.1478 0.1426 0.1386 0.1357 0.1340 0.1335 0.1340 0.1358 0.1390 0.1440 0.1517
0.1452 0.1398 0.1363 0.1343 0.1335 0.1338 0.1353 0.1380 0.1418 0.1468 0.1531 0.1608 0.1701 0.1810 0.1938 0.2085 0.2255 0.2448 0.2668 0.2916 0.3192 0.3498 0.3828 0.4173 0.4512 0.4806 0.5001 0.5081 0.5077 0.5012 0.4896 0.4728 0.4508 0.4231 0.3892 0.3487 0.3021 0.2516 0.2042 0.1722 0.1561 0.1470 0.1412 0.1373 0.1350 0.1337 0.1335 0.1339 0.1347 0.1354 0.1357 0.1354 0.1346 0.1338 0.1335 0.1338 0.1351 0.1376 0.1416 0.1476 0.1570 0.1740 0.2075 0.2555 0.3059 0.3521 0.3920 0.4255 0.4527 0.4743 0.4907 0.5020 0.5080 0.5078 0.4990 0.4785 0.4485 0.4145 0.3800 0.3472 0.3169 0.2894 0.2649 0.2431 0.2240 0.2072 0.1926 0.1800 0.1693 0.1601 0.1525 0.1463 0.1414 0.1377 0.1352 0.1338 0.1335 0.1344 0.1366 0.1402 0.1458
0.1417 0.1375 0.1349 0.1336 0.1336 0.1346 0.1368 0.1401 0.1447 0.1505 0.1577 0.1663 0.1766 0.1886 0.2026 0.2187 0.2371 0.2580 0.2817 0.3083 0.3378 0.3700 0.4041 0.4386 0.4704 0.4942 0.5062 0.5086 0.5043 0.4945 0.4797 0.4597 0.4341 0.4026 0.3646 0.3201 0.2705 0.2206 0.1816 0.1608 0.1499 0.1430 0.1385 0.1356 0.1340 0.1335 0.1338 0.1347 0.1359 0.1369 0.1373 0.1368 0.1358 0.1346 0.1337 0.1335 0.1341 0.1358 0.1389 0.1436 0.1507 0.1623 0.1846 0.2252 0.2754 0.3247 0.3685 0.4059 0.4369 0.4619 0.4814 0.4957 0.5050 0.5087 0.5055 0.4923 0.4674 0.4352 0.4006 0.3666 0.3347 0.3055 0.2792 0.2558 0.2351 0.2169 0.2011 0.1873 0.1755 0.1654 0.1569 0.1498 0.1441 0.1397 0.1365 0.1345 0.1335 0.1337 0.1351 0.1379 0.1422
0.1398 0.1363 0.1342 0.1335 0.1339 0.1354 0.1380 0.1418 0.1469 0.1532 0.1610 0.1703 0.1813 0.1941 0.2089 0.2259 0.2454 0.2675 0.2923 0.3202 0.3508 0.3839 0.4185 0.4524 0.4816 0.5006 0.5082 0.5075 0.5008 0.4889 0.4720 0.4497 0.4216 0.3874 0.3466 0.2996 0.2490 0.2020 0.1710 0.1555 0.1466 0.1408 0.1371 0.1347 0.1336 0.1335 0.1342 0.1355 0.1370 0.1382 0.1386 0.1381 0.1368 0.1353 0.1341 0.1335 0.1337 0.1349 0.1374 0.1414 0.1474 0.1568 0.1735 0.2067 0.2547 0.3052 0.3515 0.3916 0.4251 0.4525 0.4742 0.4906 0.5019 0.5079 0.5078 0.4991 0.4786 0.4486 0.4145 0.3800 0.3471 0.3167 0.2893 0.2647 0.2430 0.2238 0.2070 0.1925 0.1799 0.1691 0.1600 0.1524 0.1462 0.1413 0.1376 0.1351 0.1337 0.1335 0.1344 0.1366 0.1403
0.1392 0.1359 0.1341 0.1335 0.1340 0.1357 0.1385 0.1425 0.1477 0.1543 0.1623 0.1718 0.1830 0.1961 0.2112 0.2286 0.2484 0.2709 0.2962 0.3245 0.3555 0.3890 0.4236 0.4571 0.4851 0.5024 0.5085 0.5069 0.4994 0.4868 0.4690 0.4459 0.4170 0.3817 0.3400 0.2922 0.2415 0.1961 0.1680 0.1539 0.1456 0.1402 0.1366 0.1345 0.1335 0.1336 0.1344 0.1358 0.1374 0.1386 0.1391 0.1385 0.1372 0.1357 0.1343 0.1335 0.1336 0.1347 0.1369 0.1407 0.1464 0.1551 0.1703 0.2007 0.2474 0.2981 0.3452 0.3863 0.4207 0.4489 0.4714 0.4885 0.5006 0.5074 0.5083 0.5010 0.4822 0.4532 0.4194 0.3848 0.3516 0.3208 0.2929 0.2680 0.2458 0.2263 0.2092 0.1944 0.1815 0.1705 0.1612 0.1534 0.1470 0.1419 0.1381 0.1354 0.1339 0.1335 0.1342 0.1362 0.1397
0.1398 0.1363 0.1343 0.1335 0.1338 0.1354 0.1380 0.1418 0.1469 0.1532 0.1610 0.1703 0.1813 0.1941 0.2089 0.2259 0.2453 0.2674 0.2923 0.3201 0.3507 0.3839 0.4184 0.4523 0.4815 0.5006 0.5082 0.5075 0.5009 0.4890 0.4720 0.4497 0.4217 0.3875 0.3467 0.2998 0.2491 0.2021 0.1711 0.1555 0.1466 0.1409 0.1371 0.1348 0.1336 0.1335 0.1342 0.1355 0.1370 0.1381 0.1386 0.1381 0.1368 0.1353 0.1341 0.1335 0.1337 0.1349 0.1374 0.1414 0.1474 0.1568 0.1735 0.2067 0.2547 0.3052 0.3515 0.3916 0.4251 0.4525 0.4742 0.4906 0.5019 0.5079 0.5078 0.4991 0.4786 0.4486 0.4145 0.3800 0.3471 0.3167 0.2893 0.2647 0.2430 0.2238 0.2070 0.1925 0.1799 0.1691 0.1600 0.1524 0.1462 0.1413 0.1376 0.1351 0.1337 0.1335 0.1344 0.1366 0.1403
0.1417 0.1375 0.1349 0.1336 0.1336 0.1346 0.1368 0.1401 0.1446 0.1505 0.1576 0.1663 0.1765 0.1886 0.2025 0.2186 0.2370 0.2579 0.2816 0.3082 0.3377 0.3698 0.4039 0.4385 0.4702 0.4941 0.5062 0.5086 0.5043 0.4946 0.4798 0.4598 0.4343 0.4027 0.3647 0.3203 0.2707 0.2208 0.1818 0.1609 0.1499 0.1430 0.1385 0.1356 0.1340 0.1335 0.1338 0.1347 0.1359 0.1369 0.1373 0.1368 0.1358 0.1346 0.1337 0.1335 0.1341 0.1358 0.1389 0.1436 0.1507 0.1623 0.1846 0.2252 0.2754 0.3247 0.3685 0.4059 0.4369 0.4619 0.4814 0.4957 0.5050 0.5087 0.5055 0.4923 0.4674 0.4352 0.4006 0.3666 0.3347 0.3055 0.2792 0.2558 0.2351 0.2169 0.2011 0.1873 0.1755 0.1654 0.1569 0.1498 0.1441 0.1397 0.1365 0.1345 0.1335 0.1337 0.1351 0.1379 0.1422
0.1453 0.1398 0.1363 0.1343 0.1335 0.1338 0.1353 0.1379 0.1417 0.1467 0.1531 0.1608 0.1700 0.1810 0.1937 0.2084 0.2254 0.2447 0.2667 0.2914 0.3191 0.3496 0.3826 0.4171 0.4510 0.4805 0.5000 0.5080 0.5077 0.5013 0.4897 0.4729 0.4509 0.4232 0.3893 0.3489 0.3023 0.2518 0.2044 0.1723 0.1562 0.1471 0.1412 0.1374 0.1350 0.1337 0.1335 0.1339 0.1347 0.1354 0.1357 0.1354 0.1346 0.1338 0.1335 0.1338 0.1351 0.1376 0.1416 0.1476 0.1570 0.1740 0.2075 0.2555 0.3059 0.3521 0.3920 0.4255 0.4527 0.4743 0.4907 0.5020 0.5080 0.5078 0.4990 0.4785 0.4485 0.4145 0.3800 0.3472 0.3169 0.2894 0.2649 0.2431 0.2240 0.2072 0.1926 0.1800 0.1693 0.1601 0.1525 0.1463 0.1414 0.1377 0.1352 0.1338 0.1335 0.1344 0.1366 0.1402 0.1458
0.1511 0.1436 0.1388 0.1357 0.1340 0.1335 0.1341 0.1359 0.1388 0.1429 0.1482 0.1548 0.1629 0.1726 0.1839 0.1971 0.2123 0.2298 0.2498 0.2724 0.2978 0.3262 0.3573 0.3908 0.4253 0.4586 0.4862 0.5029 0.5086 0.5067 0.4990 0.4862 0.4683 0.4450 0.4159 0.3805 0.3387 0.2909 0.2404 0.1954 0.1677 0.1538 0.1456 0.1403 0.1368 0.1347 0.1337 0.1335 0.1337 0.1341 0.1343 0.1341 0.1337 0.1335 0.1337 0.1348 0.1370 0.1406 0.1460 0.1544 0.1687 0.1975 0.2431 0.2936 0.3411 0.3826 0.4176 0.4464 0.4694 0.4870 0.4996 0.5070 0.5085 0.5023 0.4849 0.4568 0.4234 0.3888 0.3555 0.3245 0.2963 0.2710 0.2486 0.2288 0.2114 0.1963 0.1832 0.1720 0.1624 0.1544 0.1478 0.1426 0.1386 0.1357 0.1340 0.1335 0.1340 0.1358 0.1390 0.1440 0.1517
0.1608 0.1496 0.1427 0.1382 0.1353 0.1338 0.1335 0.1343 0.1363 0.1393 0.1436 0.1491 0.1560 0.1643 0.1742 0.1858 0.1993 0.2149 0.2327 0.2530 0.2761 0.3019 0.3307 0.3622 0.3959 0.4305 0.4632 0.4894 0.5043 0.5087 0.5059 0.4975 0.4839 0.4652 0.4412 0.4112 0.3750 0.3323 0.2840 0.2337 0.1906 0.1654 0.1526 0.1450 0.1400 0.1367 0.1348 0.1338 0.1335 0.1335 0.1335 0.1335 0.1335 0.1338 0.1348 0.1368 0.1401 0.1452 0.1530 0.1661 0.1919 0.2356 0.2859 0.3340 0.3765 0.4125 0.4422 0.4661 0.4845 0.4979 0.5061 0.5087 0.5040 0.4886 0.4619 0.4290 0.3945 0.3609 0.3294 0.3008 0.2750 0.2521 0.2319 0.2142 0.1987 0.1853 0.1738 0.1639 0.1557 0.1489 0.1434 0.1392 0.1362 0.1343 0.1335 0.1339 0.1354 0.1384 0.1430 0.1500 0.1614
