-39.1897 -28.6711 18.9329 4.1424 -28.1859 -37.9156 -42.6414 4.5519 30.7341 -19.2903 -33.2117 -41.1631 -30.9041 17.8449 8.8269 -27.5787 -37.5928 -42.6428 3.0828 29.9387 -18.4046 -32.8152 -40.9534 -33.3102 16.7167 13.9942 -26.9429 -37.2519 -42.5801 1.4460 29.0396 -17.4532 -32.4153 -40.7302 -35.3497 15.6248 18.8192 -26.3046 -36.9045 -42.5017 -0.4087 28.0825 -16.4196 -32.0122 -40.4941 -37.0568 14.5416 23.1795 -25.4694 -36.1531 -41.9650 -36.1531 -25.4694 23.1795 14.5416 -37.0568 -40.4941 -32.0122 -16.4196 28.0825 -0.4087 -42.5017 -36.9045 -26.3046 18.8192 15.6248 -35.3497 -40.7302 -32.4153 -17.4532 29.0396 1.4460 -42.5801 -37.2519 -26.9429 13.9942 16.7167 -33.3102 -40.9534 -32.8152 -18.4046 29.9387 3.0828 -42.6428 -37.5928 -27.5787 8.8269 17.8449 -30.9041 -41.1631 -33.2117 -19.2903 30.7341 4.5519 -42.6414 -37.9156 -28.1859 4.1424 18.9329 -28.6711 -39.1897
-28.6711 19.0610 7.3776 -30.4437 -40.0943 -44.2292 4.4699 30.6472 -19.5708 -35.4971 -43.1568 -32.0778 17.5370 13.4180 -29.5719 -39.7718 -44.2574 2.9740 29.7298 -18.5464 -35.1099 -42.9668 -34.5279 16.4579 18.4938 -28.7539 -39.4409 -44.2375 1.3057 28.7419 -17.4484 -34.7200 -42.7622 -36.6074 15.4077 22.8589 -27.9447 -39.1031 -44.2045 -0.5962 27.7333 -16.2544 -34.3272 -42.5436 -38.3485 14.3754 26.3661 -27.1015 -38.6956 -44.9217 -36.8345 -44.9217 -38.6956 -27.1015 26.3661 14.3754 -38.3485 -42.5436 -34.3272 -16.2544 27.7333 -0.5962 -44.2045 -39.1031 -27.9447 22.8589 15.4077 -36.6074 -42.7622 -34.7200 -17.4484 28.7419 1.3057 -44.2375 -39.4409 -28.7539 18.4938 16.4579 -34.5279 -42.9668 -35.1099 -18.5464 29.7298 2.9740 -44.2574 -39.7718 -29.5719 13.4180 17.5370 -32.0778 -43.1568 -35.4971 -19.5708 30.6472 4.4699 -44.2292 -40.0943 -30.4437 7.3776 19.0610 -28.6711
18.9329 7.3776 -30.1921 -39.9285 -44.2508 3.4488 29.9822 -18.7951 -35.1956 -43.0040 -34.0290 16.6549 17.5124 -28.9187 -39.5068 -44.2375 1.6577 28.9452 -17.6779 -34.7982 -42.8018 -36.2024 15.5987 22.0427 -28.1080 -39.1704 -44.2064 -0.1905 27.9285 -16.5054 -34.4061 -42.5862 -38.0097 14.5665 25.7107 -27.3033 -38.8276 -44.1662 -2.3228 26.9073 -15.2148 -34.0112 -42.3570 -39.5079 13.5461 28.4984 -26.4967 -38.4701 -44.1876 -9.3052 13.9525 -9.3052 -44.1876 -38.4701 -26.4967 28.4984 13.5461 -39.5079 -42.3570 -34.0112 -15.2148 26.9073 -2.3228 -44.1662 -38.8276 -27.3033 25.7107 14.5665 -38.0097 -42.5862 -34.4061 -16.5054 27.9285 -0.1905 -44.2064 -39.1704 -28.1080 22.0427 15.5987 -36.2024 -42.8018 -34.7982 -17.6779 28.9452 1.6577 -44.2375 -39.5068 -28.9187 17.5124 16.6549 -34.0290 -43.0040 -35.1956 -18.7951 29.9822 3.4488 -44.2508 -39.9285 -30.1921 7.3776 18.9329
4.1424 -30.4437 -39.9285 -44.2542 2.8133 29.4649 -18.1221 -34.9269 -42.8546 -35.6907 15.8472 21.1010 -28.2800 -39.2393 -44.2134 0.2069 28.1367 -16.7528 -34.4862 -42.6312 -37.6679 14.7755 25.0364 -27.4669 -38.8979 -44.1752 -1.8621 27.1151 -15.4889 -34.0919 -42.4047 -39.2260 13.7534 27.9963 -26.6644 -38.5502 -44.1261 -4.2691 26.0972 -14.0787 -33.6949 -42.1652 -40.5045 12.7359 30.1282 -25.8606 -38.1972 -44.0822 -8.0547 22.7543 29.0381 22.7543 -8.0547 -44.0822 -38.1972 -25.8606 30.1282 12.7359 -40.5045 -42.1652 -33.6949 -14.0787 26.0972 -4.2691 -44.1261 -38.5502 -26.6644 27.9963 13.7534 -39.2260 -42.4047 -34.0919 -15.4889 27.1151 -1.8621 -44.1752 -38.8979 -27.4669 25.0364 14.7755 -37.6679 -42.6312 -34.4862 -16.7528 28.1367 0.2069 -44.2134 -39.2393 -28.2800 21.1010 15.8472 -35.6907 -42.8546 -34.9269 -18.1221 29.4649 2.8133 -44.2542 -39.9285 -30.4437 4.1424
-28.1859 -40.0943 -44.2508 2.8133 29.2681 -17.7256 -34.7330 -42.7261 -36.9642 15.1303 24.0069 -27.6760 -38.9772 -44.1836 -1.3958 27.3231 -15.7569 -34.1724 -42.4520 -38.9325 13.9609 27.4635 -26.8278 -38.6215 -44.1371 -3.7481 26.3040 -14.3798 -33.7760 -42.2150 -40.2650 12.9433 29.7561 -26.0252 -38.2692 -44.0777 -6.4682 25.2917 -12.8202 -33.3771 -41.9655 -41.3465 11.9229 31.3050 -25.2190 -37.9118 -44.0104 -9.8032 23.9595 -7.1125 -26.8057 -7.1125 23.9595 -9.8032 -44.0104 -37.9118 -25.2190 31.3050 11.9229 -41.3465 -41.9655 -33.3771 -12.8202 25.2917 -6.4682 -44.0777 -38.2692 -26.0252 29.7561 12.9433 -40.2650 -42.2150 -33.7760 -14.3798 26.3040 -3.7481 -44.1371 -38.6215 -26.8278 27.4635 13.9609 -38.9325 -42.4520 -34.1724 -15.7569 27.3231 -1.3958 -44.1836 -38.9772 -27.6760 24.0069 15.1303 -36.9642 -42.7261 -34.7330 -17.7256 29.2681 2.8133 -44.2508 -40.0943 -28.1859
-37.9156 -44.2292 3.4488 29.4649 -17.7256 -34.6610 -42.6486 -37.7756 14.5661 26.0995 -27.1352 -38.7340 -44.1498 -3.1066 26.5390 -14.6887 -33.8606 -42.2643 -40.0151 13.1505 29.3532 -26.1889 -38.3414 -44.0909 -5.8804 25.4973 -13.1554 -33.4585 -42.0173 -41.1449 12.1315 31.0441 -25.3837 -37.9849 -44.0204 -8.9342 24.4923 -11.4071 -33.0576 -41.7582 -42.0503 11.1022 32.0849 -24.5716 -37.6233 -43.9365 -12.4118 23.4397 -8.5889 -31.9692 -38.2484 -31.9692 -8.5889 23.4397 -12.4118 -43.9365 -37.6233 -24.5716 32.0849 11.1022 -42.0503 -41.7582 -33.0576 -11.4071 24.4923 -8.9342 -44.0204 -37.9849 -25.3837 31.0441 12.1315 -41.1449 -42.0173 -33.4585 -13.1554 25.4973 -5.8804 -44.0909 -38.3414 -26.1889 29.3532 13.1505 -40.0151 -42.2643 -33.8606 -14.6887 26.5390 -3.1066 -44.1498 -38.7340 -27.1352 26.0995 14.5661 -37.7756 -42.6486 -34.6610 -17.7256 29.4649 3.4488 -44.2292 -37.9156
-42.6414 4.4699 29.9822 -18.1221 -34.7330 -42.6486 -38.0645 14.2403 27.3585 -26.7138 -38.5232 -44.1120 -4.8678 25.8170 -13.5870 -33.5589 -42.0755 -40.9244 12.3403 30.7562 -25.5482 -38.0579 -44.0360 -8.2781 24.6962 -11.7854 -33.1395 -41.8120 -41.8825 11.3132 31.9199 -24.7378 -37.6973 -43.9537 -11.6530 23.6998 -9.7969 -32.7366 -41.5437 -42.6313 10.2684 32.5265 -23.9168 -37.3320 -43.8561 -15.3467 22.7076 -7.2506 -32.1986 -41.2735 -45.7445 -41.2735 -32.1986 -7.2506 22.7076 -15.3467 -43.8561 -37.3320 -23.9168 32.5265 10.2684 -42.6313 -41.5437 -32.7366 -9.7969 23.6998 -11.6530 -43.9537 -37.6973 -24.7378 31.9199 11.3132 -41.8825 -41.8120 -33.1395 -11.7854 24.6962 -8.2781 -44.0360 -38.0579 -25.5482 30.7562 12.3403 -40.9244 -42.0755 -33.5589 -13.5870 25.8170 -4.8678 -44.1120 -38.5232 -26.7138 27.3585 14.2403 -38.0645 -42.6486 -34.7330 -18.1221 29.9822 4.4699 -42.6414
4.5519 30.6472 -18.7951 -34.9269 -42.7261 -37.7756 14.2403 27.7945 -26.4785 -38.3793 -44.0772 -6.4976 25.1859 -12.4996 -33.2785 -41.8908 -41.6497 11.5531 31.7209 -24.9110 -37.7712 -43.9717 -10.9356 23.9018 -10.2304 -32.8188 -41.5993 -42.4936 10.4833 32.4426 -24.0851 -37.4068 -43.8772 -14.5722 22.9146 -7.9340 -32.4140 -41.3223 -43.1033 9.4157 32.6839 -23.2521 -37.0380 -43.7670 -18.3862 21.9378 -5.1010 -31.9821 -41.0261 -44.2907 -13.8739 -44.2907 -41.0261 -31.9821 -5.1010 21.9378 -18.3862 -43.7670 -37.0380 -23.2521 32.6839 9.4157 -43.1033 -41.3223 -32.4140 -7.9340 22.9146 -14.5722 -43.8772 -37.4068 -24.0851 32.4426 10.4833 -42.4936 -41.5993 -32.8188 -10.2304 23.9018 -10.9356 -43.9717 -37.7712 -24.9110 31.7209 11.5531 -41.6497 -41.8908 -33.2785 -12.4996 25.1859 -6.4976 -44.0772 -38.3793 -26.4785 27.7945 14.2403 -37.7756 -42.7261 -34.9269 -18.7951 30.6472 4.5519
30.7341 -19.5708 -35.1956 -42.8546 -36.9642 14.5661 27.3585 -26.4785 -38.3301 -44.0564 -7.6401 24.7055 -11.5109 -33.0338 -41.7163 -42.2164 10.8233 32.3003 -24.2917 -37.4914 -43.8986 -13.8107 23.1147 -8.4382 -32.4967 -41.3796 -42.9922 9.6360 32.6679 -23.4232 -37.1134 -43.7907 -17.6048 22.1370 -5.7475 -32.0898 -41.0943 -43.4785 8.5374 32.6062 -22.5744 -36.7413 -43.6678 -21.4131 21.1712 -2.4094 -31.6771 -40.8015 -43.9002 5.3845 20.9472 5.3845 -43.9002 -40.8015 -31.6771 -2.4094 21.1712 -21.4131 -43.6678 -36.7413 -22.5744 32.6062 8.5374 -43.4785 -41.0943 -32.0898 -5.7475 22.1370 -17.6048 -43.7907 -37.1134 -23.4232 32.6679 9.6360 -42.9922 -41.3796 -32.4967 -8.4382 23.1147 -13.8107 -43.8986 -37.4914 -24.2917 32.3003 10.8233 -42.2164 -41.7163 -33.0338 -11.5109 24.7055 -7.6401 -44.0564 -38.3301 -26.4785 27.3585 14.5661 -36.9642 -42.8546 -35.1956 -19.5708 30.7341
-19.2903 -35.4971 -43.0040 -35.6907 15.1303 26.0995 -26.7138 -38.3793 -44.0564 -8.0456 24.4479 -10.8160 -32.8513 -41.5696 -42.6409 10.1549 32.5877 -23.7110 -37.2264 -43.8207 -16.7191 22.3458 -6.3680 -32.1729 -41.1533 -43.3911 8.7649 32.6459 -22.7492 -36.8174 -43.6941 -20.6461 21.3670 -3.1541 -31.7640 -40.8600 -43.7681 7.6256 32.3364 -21.8806 -36.4421 -43.5584 -24.3271 20.3406 0.7980 -31.3519 -40.5603 -44.0342 5.9886 30.5081 -1.1498 30.5081 5.9886 -44.0342 -40.5603 -31.3519 0.7980 20.3406 -24.3271 -43.5584 -36.4421 -21.8806 32.3364 7.6256 -43.7681 -40.8600 -31.7640 -3.1541 21.3670 -20.6461 -43.6941 -36.8174 -22.7492 32.6459 8.7649 -43.3911 -41.1533 -32.1729 -6.3680 22.3458 -16.7191 -43.8207 -37.2264 -23.7110 32.5877 10.1549 -42.6409 -41.5696 -32.8513 -10.8160 24.4479 -8.0456 -44.0564 -38.3793 -26.7138 26.0995 15.1303 -35.6907 -43.0040 -35.4971 -19.2903
-33.2117 -43.1568 -34.0290 15.8472 24.0069 -27.1352 -38.5232 -44.0772 -7.6401 24.4479 -10.5737 -32.7546 -41.4714 -42.9151 9.5967 32.6816 -23.1919 -36.9798 -43.7399 -19.4186 21.6286 -4.0215 -31.8587 -40.9233 -43.7016 7.8625 32.4215 -22.0598 -36.5189 -43.5873 -23.5968 20.5620 -0.0741 -31.4366 -40.6198 -43.9818 6.6710 31.9121 -21.1667 -36.1407 -43.4389 -27.0578 19.4237 4.5249 -30.9144 -40.3107 -44.1567 5.3111 30.9584 -18.6037 -31.1926 -18.6037 30.9584 5.3111 -44.1567 -40.3107 -30.9144 4.5249 19.4237 -27.0578 -43.4389 -36.1407 -21.1667 31.9121 6.6710 -43.9818 -40.6198 -31.4366 -0.0741 20.5620 -23.5968 -43.5873 -36.5189 -22.0598 32.4215 7.8625 -43.7016 -40.9233 -31.8587 -4.0215 21.6286 -19.4186 -43.7399 -36.9798 -23.1919 32.6816 9.5967 -42.9151 -41.4714 -32.7546 -10.5737 24.4479 -7.6401 -44.0772 -38.5232 -27.1352 24.0069 15.8472 -34.0290 -43.1568 -33.2117
-41.1631 -32.0778 16.6549 21.1010 -27.6760 -38.7340 -44.1120 -6.4976 24.7055 -10.8160 -32.7546 -41.4373 -43.0455 9.2374 32.6714 -22.7688 -36.7691 -43.6586 -21.8575 20.9877 -1.4727 -31.5629 -40.7013 -43.9271 6.9308 32.0335 -21.3515 -36.2180 -43.4704 -26.3795 19.6652 3.5262 -31.0428 -40.3739 -44.1284 5.6624 31.3654 -20.4283 -35.8370 -43.3094 -29.5623 18.5028 8.6526 -30.3081 -40.0575 -44.2293 4.2863 30.4970 -19.1438 -34.8992 -41.0008 -34.8992 -19.1438 30.4970 4.2863 -44.2293 -40.0575 -30.3081 8.6526 18.5028 -29.5623 -43.3094 -35.8370 -20.4283 31.3654 5.6624 -44.1284 -40.3739 -31.0428 3.5262 19.6652 -26.3795 -43.4704 -36.2180 -21.3515 32.0335 6.9308 -43.9271 -40.7013 -31.5629 -1.4727 20.9877 -21.8575 -43.6586 -36.7691 -22.7688 32.6714 9.2374 -43.0455 -41.4373 -32.7546 -10.8160 24.7055 -6.4976 -44.1120 -38.7340 -27.6760 21.1010 16.6549 -32.0778 -41.1631
-30.9041 17.5370 17.5124 -28.2800 -38.9772 -44.1498 -4.8678 25.1859 -11.5109 -32.8513 -41.4714 -43.0455 9.1153 32.6418 -22.4922 -36.6166 -43.5888 -23.8846 20.3795 1.1490 -31.2887 -40.4912 -44.0767 6.0082 31.5351 -20.6296 -35.9184 -43.3435 -28.9446 18.7350 7.5705 -30.4787 -40.1226 -44.2156 4.5862 30.7235 -19.6599 -35.5313 -43.1701 -31.8212 17.6140 12.9302 -29.6472 -39.7999 -44.2515 3.1106 29.8102 -18.5836 -35.0361 -43.3670 -45.8809 -43.3670 -35.0361 -18.5836 29.8102 3.1106 -44.2515 -39.7999 -29.6472 12.9302 17.6140 -31.8212 -43.1701 -35.5313 -19.6599 30.7235 4.5862 -44.2156 -40.1226 -30.4787 7.5705 18.7350 -28.9446 -43.3435 -35.9184 -20.6296 31.5351 6.0082 -44.0767 -40.4912 -31.2887 1.1490 20.3795 -23.8846 -43.5888 -36.6166 -22.4922 32.6418 9.1153 -43.0455 -41.4714 -32.8513 -11.5109 25.1859 -4.8678 -44.1498 -38.9772 -28.2800 17.5124 17.5370 -30.9041
17.8449 13.4180 -28.9187 -39.2393 -44.1836 -3.1066 25.8170 -12.4996 -33.0338 -41.5696 -42.9151 9.2374 32.6418 -22.3972 -36.5366 -43.5437 -25.2893 19.8283 3.6390 -30.9791 -40.2940 -44.1714 5.1317 30.9941 -19.9251 -35.6278 -43.2115 -31.2420 17.8386 11.8388 -29.8154 -39.8663 -44.2502 3.4256 30.0092 -18.8554 -35.2235 -43.0213 -33.8317 16.7510 17.0548 -28.9942 -39.5376 -44.2400 1.8167 29.0367 -17.7734 -34.8153 -42.8721 -38.5605 3.5961 -38.5605 -42.8721 -34.8153 -17.7734 29.0367 1.8167 -44.2400 -39.5376 -28.9942 17.0548 16.7510 -33.8317 -43.0213 -35.2235 -18.8554 30.0092 3.4256 -44.2502 -39.8663 -29.8154 11.8388 17.8386 -31.2420 -43.2115 -35.6278 -19.9251 30.9941 5.1317 -44.1714 -40.2940 -30.9791 3.6390 19.8283 -25.2893 -43.5437 -36.5366 -22.3972 32.6418 9.2374 -42.9151 -41.5696 -33.0338 -12.4996 25.8170 -3.1066 -44.1836 -39.2393 -28.9187 13.4180 17.8449
8.8269 -29.5719 -39.5068 -44.2134 -1.3958 26.5390 -13.5870 -33.2785 -41.7163 -42.6409 9.5967 32.6714 -22.4922 -36.5366 -43.5288 -25.9919 19.4634 5.6176 -30.6291 -40.1263 -44.2241 4.2872 30.4558 -19.2646 -35.3568 -43.0783 -33.1837 16.9988 15.9831 -29.1606 -39.6051 -44.2452 2.1602 29.2412 -18.0068 -34.9139 -42.8630 -35.6021 15.9082 20.7853 -28.3474 -39.2708 -44.2164 0.3837 28.2313 -16.8621 -34.5205 -42.6664 -38.0241 12.9901 28.1828 12.9901 -38.0241 -42.6664 -34.5205 -16.8621 28.2313 0.3837 -44.2164 -39.2708 -28.3474 20.7853 15.9082 -35.6021 -42.8630 -34.9139 -18.0068 29.2412 2.1602 -44.2452 -39.6051 -29.1606 15.9831 16.9988 -33.1837 -43.0783 -35.3568 -19.2646 30.4558 4.2872 -44.2241 -40.1263 -30.6291 5.6176 19.4634 -25.9919 -43.5288 -36.5366 -22.4922 32.6714 9.5967 -42.6409 -41.7163 -33.2785 -13.5870 26.5390 -1.3958 -44.2134 -39.5068 -29.5719 8.8269
-27.5787 -39.7718 -44.2375 0.2069 27.3231 -14.6887 -33.5589 -41.8908 -42.2164 10.1549 32.6816 -22.7688 -36.6166 -43.5437 -25.9919 19.3429 6.6711 -30.3731 -40.0013 -44.2462 3.5164 29.9411 -18.6555 -35.1127 -42.9483 -34.7876 16.2482 19.5857 -28.5346 -39.3425 -44.2230 0.7650 28.4392 -17.1046 -34.6025 -42.6957 -37.1470 15.0806 23.9891 -27.7051 -38.9998 -44.1876 -1.2169 27.4176 -15.8769 -34.2086 -42.4789 -38.8784 13.6533 30.8943 -17.0995 30.8943 13.6533 -38.8784 -42.4789 -34.2086 -15.8769 27.4176 -1.2169 -44.1876 -38.9998 -27.7051 23.9891 15.0806 -37.1470 -42.6957 -34.6025 -17.1046 28.4392 0.7650 -44.2230 -39.3425 -28.5346 19.5857 16.2482 -34.7876 -42.9483 -35.1127 -18.6555 29.9411 3.5164 -44.2462 -40.0013 -30.3731 6.6711 19.3429 -25.9919 -43.5437 -36.6166 -22.7688 32.6816 10.1549 -42.2164 -41.8908 -33.5589 -14.6887 27.3231 0.2069 -44.2375 -39.7718 -27.5787
-37.5928 -44.2574 1.6577 28.1367 -15.7569 -33.8606 -42.0755 -41.6497 10.8233 32.5877 -23.1919 -36.7691 -43.5888 -25.2893 19.4634 6.6711 -30.2878 -39.9357 -44.2519 2.9328 29.5087 -18.1222 -34.9002 -42.8269 -36.1091 15.5731 22.4631 -27.9655 -39.0914 -44.1964 -0.7675 27.6353 -16.1367 -34.2893 -42.5197 -38.4842 14.2633 26.6254 -27.0655 -38.7248 -44.1522 -3.0191 26.6054 -14.8046 -33.8937 -42.2877 -39.9074 13.1711 29.8363 -25.0413 -34.2148 -25.0413 29.8363 13.1711 -39.9074 -42.2877 -33.8937 -14.8046 26.6054 -3.0191 -44.1522 -38.7248 -27.0655 26.6254 14.2633 -38.4842 -42.5197 -34.2893 -16.1367 27.6353 -0.7675 -44.1964 -39.0914 -27.9655 22.4631 15.5731 -36.1091 -42.8269 -34.9002 -18.1222 29.5087 2.9328 -44.2519 -39.9357 -30.2878 6.6711 19.4634 -25.2893 -43.5888 -36.7691 -23.1919 32.5877 10.8233 -41.6497 -42.0755 -33.8606 -15.7569 28.1367 1.6577 -44.2574 -37.5928
-42.6428 2.9740 28.9452 -16.7528 -34.1724 -42.2643 -40.9244 11.5531 32.3003 -23.7110 -36.9798 -43.6586 -23.8846 19.8283 5.6176 -30.3731 -39.9357 -44.2523 2.6226 29.2273 -17.7144 -34.7304 -42.7224 -37.1441 14.9639 24.7499 -27.4586 -38.8624 -44.1668 -2.3806 26.8621 -15.1256 -33.9781 -42.3351 -39.6323 13.4519 28.7099 -26.4267 -38.4461 -44.1091 -5.0566 25.7968 -13.6262 -33.5768 -42.0918 -40.8365 12.4243 30.7121 -25.3890 -37.7183 -43.4418 -37.7183 -25.3890 30.7121 12.4243 -40.8365 -42.0918 -33.5768 -13.6262 25.7968 -5.0566 -44.1091 -38.4461 -26.4267 28.7099 13.4519 -39.6323 -42.3351 -33.9781 -15.1256 26.8621 -2.3806 -44.1668 -38.8624 -27.4586 24.7499 14.9639 -37.1441 -42.7224 -34.7304 -17.7144 29.2273 2.6226 -44.2523 -39.9357 -30.3731 5.6176 19.8283 -23.8846 -43.6586 -36.9798 -23.7110 32.3003 11.5531 -40.9244 -42.2643 -34.1724 -16.7528 28.9452 2.9740 -42.6428
3.0828 29.7298 -17.6779 -34.4862 -42.4520 -40.0151 12.3403 31.7209 -24.2917 -37.2264 -43.7399 -21.8575 20.3795 3.6390 -30.6291 -40.0013 -44.2519 2.6226 29.1271 -17.4944 -34.6182 -42.6432 -37.8833 14.4597 26.5068 -26.9986 -38.6532 -44.1355 -4.0016 26.1476 -14.0939 -33.6836 -42.1491 -40.5998 12.6416 30.2873 -25.7869 -38.1638 -44.0575 -7.3546 24.9935 -12.3144 -33.2584 -41.8892 -41.6236 11.6173 31.6479 -24.9373 -37.7290 -44.7077 -41.4617 -44.7077 -37.7290 -24.9373 31.6479 11.6173 -41.6236 -41.8892 -33.2584 -12.3144 24.9935 -7.3546 -44.0575 -38.1638 -25.7869 30.2873 12.6416 -40.5998 -42.1491 -33.6836 -14.0939 26.1476 -4.0016 -44.1355 -38.6532 -26.9986 26.5068 14.4597 -37.8833 -42.6432 -34.6182 -17.4944 29.1271 2.6226 -44.2519 -40.0013 -30.6291 3.6390 20.3795 -21.8575 -43.7399 -37.2264 -24.2917 31.7209 12.3403 -40.0151 -42.4520 -34.4862 -17.6779 29.7298 3.0828
29.9387 -18.5464 -34.7982 -42.6312 -38.9325 13.1505 30.7562 -24.9110 -37.4914 -43.8207 -19.4186 20.9877 1.1490 -30.9791 -40.1263 -44.2462 2.9328 29.2273 -17.4944 -34.5785 -42.6005 -38.3340 14.1004 27.6997 -26.6064 -38.4681 -44.1029 -5.5853 25.5096 -13.0533 -33.4107 -41.9723 -41.3741 11.8559 31.4044 -25.1440 -37.8783 -43.9967 -9.9183 24.1966 -10.8336 -32.9383 -41.6792 -42.2801 10.7938 32.2869 -24.3240 -37.5033 -43.9935 -19.1131 11.4545 -19.1131 -43.9935 -37.5033 -24.3240 32.2869 10.7938 -42.2801 -41.6792 -32.9383 -10.8336 24.1966 -9.9183 -43.9967 -37.8783 -25.1440 31.4044 11.8559 -41.3741 -41.9723 -33.4107 -13.0533 25.5096 -5.5853 -44.1029 -38.4681 -26.6064 27.6997 14.1004 -38.3340 -42.6005 -34.5785 -17.4944 29.2273 2.9328 -44.2462 -40.1263 -30.9791 1.1490 20.9877 -19.4186 -43.8207 -37.4914 -24.9110 30.7562 13.1505 -38.9325 -42.6312 -34.7982 -18.5464 29.9387
-18.4046 -35.1099 -42.8018 -37.6679 13.9609 29.3532 -25.5482 -37.7712 -43.8986 -16.7191 21.6286 -1.4727 -31.2887 -40.2940 -44.2241 3.5164 29.5087 -17.7144 -34.6182 -42.6005 -38.4919 13.9125 28.3718 -26.3321 -38.3243 -44.0713 -7.0354 24.9587 -12.0420 -33.1589 -41.8037 -41.9689 11.1297 32.1064 -24.5183 -37.5930 -43.9251 -12.7198 23.4067 -9.1367 -32.6167 -41.4621 -42.8190 9.9537 32.6155 -23.6698 -37.2225 -43.8458 -17.6755 20.0820 32.0772 20.0820 -17.6755 -43.8458 -37.2225 -23.6698 32.6155 9.9537 -42.8190 -41.4621 -32.6167 -9.1367 23.4067 -12.7198 -43.9251 -37.5930 -24.5183 32.1064 11.1297 -41.9689 -41.8037 -33.1589 -12.0420 24.9587 -7.0354 -44.0713 -38.3243 -26.3321 28.3718 13.9125 -38.4919 -42.6005 -34.6182 -17.7144 29.5087 3.5164 -44.2241 -40.2940 -31.2887 -1.4727 21.6286 -16.7191 -43.8986 -37.7712 -25.5482 29.3532 13.9609 -37.6679 -42.8018 -35.1099 -18.4046
-32.8152 -42.9668 -36.2024 14.7755 27.4635 -26.1889 -38.0579 -43.9717 -13.8107 22.3458 -4.0215 -31.5629 -40.4912 -44.1714 4.2872 29.9411 -18.1222 -34.7304 -42.6432 -38.3340 13.9125 28.5877 -26.1908 -38.2320 -44.0468 -8.2395 24.5143 -11.1136 -32.9390 -41.6442 -42.4360 10.4718 32.4877 -23.9391 -37.3218 -43.8464 -15.6242 22.6333 -7.1624 -32.2935 -41.2382 -43.2536 9.0923 32.6800 -23.0016 -36.9278 -43.7382 -19.7408 21.3139 2.7103 -25.0048 2.7103 21.3139 -19.7408 -43.7382 -36.9278 -23.0016 32.6800 9.0923 -43.2536 -41.2382 -32.2935 -7.1624 22.6333 -15.6242 -43.8464 -37.3218 -23.9391 32.4877 10.4718 -42.4360 -41.6442 -32.9390 -11.1136 24.5143 -8.2395 -44.0468 -38.2320 -26.1908 28.5877 13.9125 -38.3340 -42.6432 -34.7304 -18.1222 29.9411 4.2872 -44.1714 -40.4912 -31.5629 -4.0215 22.3458 -13.8107 -43.9717 -38.0579 -26.1889 27.4635 14.7755 -36.2024 -42.9668 -32.8152
-40.9534 -34.5279 15.5987 25.0364 -26.8278 -38.3414 -44.0360 -10.9356 23.1147 -6.3680 -31.8587 -40.7013 -44.0767 5.1317 30.4558 -18.6555 -34.9002 -42.7224 -37.8833 14.1004 28.3718 -26.1908 -38.1989 -44.0337 -9.0726 24.1920 -10.3529 -32.7600 -41.5070 -42.7969 9.8654 32.6553 -23.4144 -37.0755 -43.7671 -18.4250 21.8957 -4.9212 -31.9725 -41.0079 -43.5957 8.2025 32.5261 -22.3183 -36.6303 -43.6297 -22.5434 20.8224 0.0649 -30.8018 -37.1579 -30.8018 0.0649 20.8224 -22.5434 -43.6297 -36.6303 -22.3183 32.5261 8.2025 -43.5957 -41.0079 -31.9725 -4.9212 21.8957 -18.4250 -43.7671 -37.0755 -23.4144 32.6553 9.8654 -42.7969 -41.5070 -32.7600 -10.3529 24.1920 -9.0726 -44.0337 -38.1989 -26.1908 28.3718 14.1004 -37.8833 -42.7224 -34.9002 -18.6555 30.4558 5.1317 -44.0767 -40.7013 -31.8587 -6.3680 23.1147 -10.9356 -44.0360 -38.3414 -26.8278 25.0364 15.5987 -34.5279 -40.9534
-33.3102 16.4579 22.0427 -27.4669 -38.6215 -44.0909 -8.2781 23.9018 -8.4382 -32.1729 -40.9233 -43.9271 6.0082 30.9941 -19.2646 -35.1127 -42.8269 -37.1441 14.4597 27.6997 -26.3321 -38.2320 -44.0337 -9.3739 24.0167 -9.8270 -32.6330 -41.4018 -43.0537 9.3292 32.6835 -22.9462 -36.8551 -43.6895 -20.9665 21.2182 -2.4529 -31.6687 -40.7795 -43.8534 7.2759 32.1947 -21.6175 -36.3302 -43.5151 -25.3725 20.0065 2.4065 -31.0773 -40.3522 -45.2897 -40.3522 -31.0773 2.4065 20.0065 -25.3725 -43.5151 -36.3302 -21.6175 32.1947 7.2759 -43.8534 -40.7795 -31.6687 -2.4529 21.2182 -20.9665 -43.6895 -36.8551 -22.9462 32.6835 9.3292 -43.0537 -41.4018 -32.6330 -9.8270 24.0167 -9.3739 -44.0337 -38.2320 -26.3321 27.6997 14.4597 -37.1441 -42.8269 -35.1127 -19.2646 30.9941 6.0082 -43.9271 -40.9233 -32.1729 -8.4382 23.9018 -8.2781 -44.0909 -38.6215 -27.4669 22.0427 16.4579 -33.3102
16.7167 18.4938 -28.1080 -38.8979 -44.1371 -5.8804 24.6962 -10.2304 -32.4967 -41.1533 -43.7016 6.9308 31.5351 -19.9251 -35.3568 -42.9483 -36.1091 14.9639 26.5068 -26.6064 -38.3243 -44.0468 -9.0726 24.0167 -9.6282 -32.5656 -41.3344 -43.2169 8.9140 32.6332 -22.5363 -36.6647 -43.6172 -23.1621 20.5937 0.1900 -31.3873 -40.5657 -44.0312 6.3368 31.7275 -20.8951 -36.0279 -43.3918 -28.0176 19.0754 6.0673 -30.6899 -40.1868 -44.8158 -24.2212 -44.8158 -40.1868 -30.6899 6.0673 19.0754 -28.0176 -43.3918 -36.0279 -20.8951 31.7275 6.3368 -44.0312 -40.5657 -31.3873 0.1900 20.5937 -23.1621 -43.6172 -36.6647 -22.5363 32.6332 8.9140 -43.2169 -41.3344 -32.5656 -9.6282 24.0167 -9.0726 -44.0468 -38.3243 -26.6064 26.5068 14.9639 -36.1091 -42.9483 -35.3568 -19.9251 31.5351 6.9308 -43.7016 -41.1533 -32.4967 -10.2304 24.6962 -5.8804 -44.1371 -38.8979 -28.1080 18.4938 16.7167
13.9942 -28.7539 -39.1704 -44.1752 -3.7481 25.4973 -11.7854 -32.8188 -41.3796 -43.3911 7.8625 32.0335 -20.6296 -35.6278 -43.0783 -34.7876 15.5731 24.7499 -26.9986 -38.4681 -44.0713 -8.2395 24.1920 -9.8270 -32.5656 -41.3110 -43.2937 8.6571 32.5623 -22.2163 -36.5085 -43.5522 -24.9479 19.9942 2.8468 -31.0954 -40.3646 -44.1431 5.4293 31.1870 -20.1724 -35.7270 -43.2587 -30.4320 18.1687 10.2515 -30.0575 -39.9602 -44.2382 1.3778 18.1363 1.3778 -44.2382 -39.9602 -30.0575 10.2515 18.1687 -30.4320 -43.2587 -35.7270 -20.1724 31.1870 5.4293 -44.1431 -40.3646 -31.0954 2.8468 19.9942 -24.9479 -43.5522 -36.5085 -22.2163 32.5623 8.6571 -43.2937 -41.3110 -32.5656 -9.8270 24.1920 -8.2395 -44.0713 -38.4681 -26.9986 24.7499 15.5731 -34.7876 -43.0783 -35.6278 -20.6296 32.0335 7.8625 -43.3911 -41.3796 -32.8188 -11.7854 25.4973 -3.7481 -44.1752 -39.1704 -28.7539 13.9942
-26.9429 -39.4409 -44.2064 -1.8621 26.3040 -13.1554 -33.1395 -41.5993 -42.9922 8.7649 32.4215 -21.3515 -35.9184 -43.2115 -33.1837 16.2482 22.4631 -27.4586 -38.6532 -44.1029 -7.0354 24.5143 -10.3529 -32.6330 -41.3344 -43.2937 8.5743 32.5180 -22.0216 -36.3969 -43.4992 -26.3139 19.4616 5.2945 -30.7288 -40.1771 -44.2096 4.5707 30.6347 -19.4846 -35.4417 -43.1208 -32.5749 17.2932 14.4979 -29.4027 -39.7047 -44.2470 2.1058 27.5331 12.1420 27.5331 2.1058 -44.2470 -39.7047 -29.4027 14.4979 17.2932 -32.5749 -43.1208 -35.4417 -19.4846 30.6347 4.5707 -44.2096 -40.1771 -30.7288 5.2945 19.4616 -26.3139 -43.4992 -36.3969 -22.0216 32.5180 8.5743 -43.2937 -41.3344 -32.6330 -10.3529 24.5143 -7.0354 -44.1029 -38.6532 -27.4586 22.4631 16.2482 -33.1837 -43.2115 -35.9184 -21.3515 32.4215 8.7649 -42.9922 -41.5993 -33.1395 -13.1554 26.3040 -1.8621 -44.2064 -39.4409 -26.9429
-37.2519 -44.2375 -0.1905 27.1151 -14.3798 -33.4585 -41.8120 -42.4936 9.6360 32.6459 -22.0598 -36.2180 -43.3435 -31.2420 16.9988 19.5857 -27.9655 -38.8624 -44.1355 -5.5853 24.9587 -11.1136 -32.7600 -41.4018 -43.2169 8.6571 32.5180 -21.9564 -36.3409 -43.4657 -27.2639 19.0646 7.3076 -30.3551 -40.0167 -44.2425 3.7452 30.0952 -18.8443 -35.1836 -42.9868 -34.3726 16.4701 18.4112 -28.7603 -39.4393 -44.2324 1.1936 28.4145 -15.3933 -29.6172 -15.3933 28.4145 1.1936 -44.2324 -39.4393 -28.7603 18.4112 16.4701 -34.3726 -42.9868 -35.1836 -18.8443 30.0952 3.7452 -44.2425 -40.0167 -30.3551 7.3076 19.0646 -27.2639 -43.4657 -36.3409 -21.9564 32.5180 8.6571 -43.2169 -41.4018 -32.7600 -11.1136 24.9587 -5.5853 -44.1355 -38.8624 -27.9655 19.5857 16.9988 -31.2420 -43.3435 -36.2180 -22.0598 32.6459 9.6360 -42.4936 -41.8120 -33.4585 -14.3798 27.1151 -0.1905 -44.2375 -37.2519
-42.5801 1.3057 27.9285 -15.4889 -33.7760 -42.0173 -41.8825 10.4833 32.6679 -22.7492 -36.5189 -43.4704 -28.9446 17.8386 15.9831 -28.5346 -39.0914 -44.1668 -4.0016 25.5096 -12.0420 -32.9390 -41.5070 -43.0537 8.9140 32.5623 -22.0216 -36.3409 -43.4543 -27.7452 18.8200 8.7427 -30.0775 -39.8911 -44.2522 2.9868 29.5959 -18.2565 -34.9530 -42.8607 -35.8151 15.7284 21.6989 -28.1459 -39.1798 -44.2070 -0.2035 27.8690 -16.1088 -33.7985 -39.9820 -33.7985 -16.1088 27.8690 -0.2035 -44.2070 -39.1798 -28.1459 21.6989 15.7284 -35.8151 -42.8607 -34.9530 -18.2565 29.5959 2.9868 -44.2522 -39.8911 -30.0775 8.7427 18.8200 -27.7452 -43.4543 -36.3409 -22.0216 32.5623 8.9140 -43.0537 -41.5070 -32.9390 -12.0420 25.5096 -4.0016 -44.1668 -39.0914 -28.5346 15.9831 17.8386 -28.9446 -43.4704 -36.5189 -22.7492 32.6679 10.4833 -41.8825 -42.0173 -33.7760 -15.4889 27.9285 1.3057 -42.5801
1.4460 28.7419 -16.5054 -34.0919 -42.2150 -41.1449 11.3132 32.4426 -23.4232 -36.8174 -43.5873 -26.3795 18.7350 11.8388 -29.1606 -39.3425 -44.1964 -2.3806 26.1476 -13.0533 -33.1589 -41.6442 -42.7969 9.3292 32.6332 -22.2163 -36.3969 -43.4657 -27.7452 18.7347 9.4964 -29.9012 -39.8042 -44.2497 2.3646 29.1681 -17.7290 -34.7508 -42.7436 -36.9627 15.0743 24.2958 -27.5796 -38.9329 -44.1762 -1.8016 27.1181 -15.4136 -33.9735 -42.6406 -46.0575 -42.6406 -33.9735 -15.4136 27.1181 -1.8016 -44.1762 -38.9329 -27.5796 24.2958 15.0743 -36.9627 -42.7436 -34.7508 -17.7290 29.1681 2.3646 -44.2497 -39.8042 -29.9012 9.4964 18.7347 -27.7452 -43.4657 -36.3969 -22.2163 32.6332 9.3292 -42.7969 -41.6442 -33.1589 -13.0533 26.1476 -2.3806 -44.1964 -39.3425 -29.1606 11.8388 18.7350 -26.3795 -43.5873 -36.8174 -23.4232 32.4426 11.3132 -41.1449 -42.2150 -34.0919 -16.5054 28.7419 1.4460
29.0396 -17.4484 -34.4061 -42.4047 -40.2650 12.1315 31.9199 -24.0851 -37.1134 -43.6941 -23.5968 19.6652 7.5705 -29.8154 -39.6051 -44.2230 -0.7675 26.8621 -14.0939 -33.4107 -41.8037 -42.4360 9.8654 32.6835 -22.5363 -36.5085 -43.4992 -27.2639 18.8200 9.4964 -29.8398 -39.7593 -44.2446 1.9138 28.8343 -17.2898 -34.5843 -42.6438 -37.8558 14.5120 26.2634 -27.0738 -38.7022 -44.1426 -3.4734 26.3688 -14.4126 -33.7588 -42.2423 -41.7507 -1.0199 -41.7507 -42.2423 -33.7588 -14.4126 26.3688 -3.4734 -44.1426 -38.7022 -27.0738 26.2634 14.5120 -37.8558 -42.6438 -34.5843 -17.2898 28.8343 1.9138 -44.2446 -39.7593 -29.8398 9.4964 18.8200 -27.2639 -43.4992 -36.5085 -22.5363 32.6835 9.8654 -42.4360 -41.8037 -33.4107 -14.0939 26.8621 -0.7675 -44.2230 -39.6051 -29.8154 7.5705 19.6652 -23.5968 -43.6941 -37.1134 -24.0851 31.9199 12.1315 -40.2650 -42.4047 -34.4061 -17.4484 29.0396
-17.4532 -34.7200 -42.5862 -39.2260 12.9433 31.0441 -24.7378 -37.4068 -43.7907 -20.6461 20.5620 3.5262 -30.4787 -39.8663 -44.2452 0.7650 27.6353 -15.1256 -33.6836 -41.9723 -41.9689 10.4718 32.6553 -22.9462 -36.6647 -43.5522 -26.3139 19.0646 8.7427 -29.9012 -39.7593 -44.2425 1.6734 28.6188 -16.9755 -34.4573 -42.5618 -38.5280 14.0467 27.7077 -26.6353 -38.4945 -44.1075 -5.1864 25.6752 -13.3473 -33.4824 -42.0324 -41.4264 10.3508 25.4085 10.3508 -41.4264 -42.0324 -33.4824 -13.3473 25.6752 -5.1864 -44.1075 -38.4945 -26.6353 27.7077 14.0467 -38.5280 -42.5618 -34.4573 -16.9755 28.6188 1.6734 -44.2425 -39.7593 -29.9012 8.7427 19.0646 -26.3139 -43.5522 -36.6647 -22.9462 32.6553 10.4718 -41.9689 -41.9723 -33.6836 -15.1256 27.6353 0.7650 -44.2452 -39.8663 -30.4787 3.5262 20.5620 -20.6461 -43.7907 -37.4068 -24.7378 31.0441 12.9433 -39.2260 -42.5862 -34.7200 -17.4532
-32.4153 -42.7622 -38.0097 13.7534 29.7561 -25.3837 -37.6973 -43.8772 -17.6048 21.3670 -0.0741 -31.0428 -40.1226 -44.2502 2.1602 28.4392 -16.1367 -33.9781 -42.1491 -41.3741 11.1297 32.4877 -23.4144 -36.8551 -43.6172 -24.9479 19.4616 7.3076 -30.0775 -39.8042 -44.2446 1.6734 28.5430 -16.8084 -34.3739 -42.4999 -39.0015 13.6688 28.7301 -26.2702 -38.3144 -44.0728 -6.8802 25.0414 -12.2636 -33.2134 -41.8467 -41.8715 10.9709 32.7642 -13.0280 32.7642 10.9709 -41.8715 -41.8467 -33.2134 -12.2636 25.0414 -6.8802 -44.0728 -38.3144 -26.2702 28.7301 13.6688 -39.0015 -42.4999 -34.3739 -16.8084 28.5430 1.6734 -44.2446 -39.8042 -30.0775 7.3076 19.4616 -24.9479 -43.6172 -36.8551 -23.4144 32.4877 11.1297 -41.3741 -42.1491 -33.9781 -16.1367 28.4392 2.1602 -44.2502 -40.1226 -31.0428 -0.0741 21.3670 -17.6048 -43.8772 -37.6973 -25.3837 29.7561 13.7534 -38.0097 -42.7622 -32.4153
-40.7302 -36.6074 14.5665 27.9963 -26.0252 -37.9849 -43.9537 -14.5722 22.1370 -3.1541 -31.4366 -40.3739 -44.2156 3.4256 29.2412 -17.1046 -34.2893 -42.3351 -40.5998 11.8559 32.1064 -23.9391 -37.0755 -43.6895 -23.1621 19.9942 5.2945 -30.3551 -39.8911 -44.2497 1.9138 28.6188 -16.8084 -34.3447 -42.4682 -39.2928 13.3960 29.4100 -25.9725 -38.1662 -44.0422 -8.4541 24.4930 -11.1770 -32.9644 -41.6716 -42.3661 10.5409 32.5602 -22.8256 -33.0964 -22.8256 32.5602 10.5409 -42.3661 -41.6716 -32.9644 -11.1770 24.4930 -8.4541 -44.0422 -38.1662 -25.9725 29.4100 13.3960 -39.2928 -42.4682 -34.3447 -16.8084 28.6188 1.9138 -44.2497 -39.8911 -30.3551 5.2945 19.9942 -23.1621 -43.6895 -37.0755 -23.9391 32.1064 11.8559 -40.5998 -42.3351 -34.2893 -17.1046 29.2412 3.4256 -44.2156 -40.3739 -31.4366 -3.1541 22.1370 -14.5722 -43.9537 -37.9849 -26.0252 27.9963 14.5665 -36.6074 -40.7302
-35.3497 15.4077 25.7107 -26.6644 -38.2692 -44.0204 -11.6530 22.9146 -5.7475 -31.7640 -40.6198 -44.1284 4.5862 30.0092 -18.0068 -34.6025 -42.5197 -39.6323 12.6416 31.4044 -24.5183 -37.3218 -43.7671 -20.9665 20.5937 2.8468 -30.7288 -40.0167 -44.2522 2.3646 28.8343 -16.9755 -34.3739 -42.4682 -39.3959 13.2544 29.8093 -25.7570 -38.0536 -44.0140 -9.8250 24.0394 -10.1545 -32.7445 -41.5112 -42.7740 9.9262 32.6519 -23.2836 -36.7024 -42.5938 -36.7024 -23.2836 32.6519 9.9262 -42.7740 -41.5112 -32.7445 -10.1545 24.0394 -9.8250 -44.0140 -38.0536 -25.7570 29.8093 13.2544 -39.3959 -42.4682 -34.3739 -16.9755 28.8343 2.3646 -44.2522 -40.0167 -30.7288 2.8468 20.5937 -20.9665 -43.7671 -37.3218 -24.5183 31.4044 12.6416 -39.6323 -42.5197 -34.6025 -18.0068 30.0092 4.5862 -44.1284 -40.6198 -31.7640 -5.7475 22.9146 -11.6530 -44.0204 -38.2692 -26.6644 25.7107 15.4077 -35.3497
15.6248 22.8589 -27.3033 -38.5502 -44.0777 -8.9342 23.6998 -7.9340 -32.0898 -40.8600 -43.9818 5.6624 30.7235 -18.8554 -34.9139 -42.6957 -38.4842 13.4519 30.2873 -25.1440 -37.5930 -43.8464 -18.4250 21.2182 0.1900 -31.0954 -40.1771 -44.2425 2.9868 29.1681 -17.2898 -34.4573 -42.4999 -39.2928 13.2544 29.9468 -25.6450 -37.9805 -43.9907 -10.9055 23.6715 -9.2431 -32.5602 -41.3723 -43.0836 9.3154 32.6852 -22.9499 -36.8054 -44.3371 -43.9935 -44.3371 -36.8054 -22.9499 32.6852 9.3154 -43.0836 -41.3723 -32.5602 -9.2431 23.6715 -10.9055 -43.9907 -37.9805 -25.6450 29.9468 13.2544 -39.2928 -42.4999 -34.4573 -17.2898 29.1681 2.9868 -44.2425 -40.1771 -31.0954 0.1900 21.2182 -18.4250 -43.8464 -37.5930 -25.1440 30.2873 13.4519 -38.4842 -42.6957 -34.9139 -18.8554 30.7235 5.6624 -43.9818 -40.8600 -32.0898 -7.9340 23.6998 -8.9342 -44.0777 -38.5502 -27.3033 22.8589 15.6248
18.8192 -27.9447 -38.8276 -44.1261 -6.4682 24.4923 -9.7969 -32.4140 -41.0943 -43.7681 6.6710 31.3654 -19.6599 -35.2235 -42.8630 -37.1470 14.2633 28.7099 -25.7869 -37.8783 -43.9251 -15.6242 21.8957 -2.4529 -31.3873 -40.3646 -44.2096 3.7452 29.5959 -17.7290 -34.5843 -42.5618 -39.0015 13.3960 29.8093 -25.6450 -37.9538 -43.9790 -11.6233 23.4063 -8.5053 -32.4099 -41.2546 -43.3122 8.7662 32.6182 -22.5059 -36.6537 -43.7060 -27.8155 9.0516 -27.8155 -43.7060 -36.6537 -22.5059 32.6182 8.7662 -43.3122 -41.2546 -32.4099 -8.5053 23.4063 -11.6233 -43.9790 -37.9538 -25.6450 29.8093 13.3960 -39.0015 -42.5618 -34.5843 -17.7290 29.5959 3.7452 -44.2096 -40.3646 -31.3873 -2.4529 21.8957 -15.6242 -43.9251 -37.8783 -25.7869 28.7099 14.2633 -37.1470 -42.8630 -35.2235 -19.6599 31.3654 6.6710 -43.7681 -41.0943 -32.4140 -9.7969 24.4923 -6.4682 -44.1261 -38.8276 -27.9447 18.8192
-26.3046 -39.1031 -44.1662 -4.2691 25.2917 -11.4071 -32.7366 -41.3223 -43.4785 7.6256 31.9121 -20.4283 -35.5313 -43.0213 -35.6021 15.0806 26.6254 -26.4267 -38.1638 -43.9967 -12.7198 22.6333 -4.9212 -31.6687 -40.5657 -44.1431 4.5707 30.0952 -18.2565 -34.7508 -42.6438 -38.5280 13.6688 29.4100 -25.7570 -37.9805 -43.9790 -11.8879 23.2691 -8.0032 -32.3011 -41.1644 -43.4759 8.2978 32.4926 -22.0756 -36.4688 -43.5667 -26.0424 17.6183 31.9222 17.6183 -26.0424 -43.5667 -36.4688 -22.0756 32.4926 8.2978 -43.4759 -41.1644 -32.3011 -8.0032 23.2691 -11.8879 -43.9790 -37.9805 -25.7570 29.4100 13.6688 -38.5280 -42.6438 -34.7508 -18.2565 30.0952 4.5707 -44.1431 -40.5657 -31.6687 -4.9212 22.6333 -12.7198 -43.9967 -38.1638 -26.4267 26.6254 15.0806 -35.6021 -43.0213 -35.5313 -20.4283 31.9121 7.6256 -43.4785 -41.3223 -32.7366 -11.4071 25.2917 -4.2691 -44.1662 -39.1031 -26.3046
-36.9045 -44.2045 -2.3228 26.0972 -12.8202 -33.0576 -41.5437 -43.1033 8.5374 32.3364 -21.1667 -35.8370 -43.1701 -33.8317 15.9082 23.9891 -27.0655 -38.4461 -44.0575 -9.9183 23.4067 -7.1624 -31.9725 -40.7795 -44.0312 5.4293 30.6347 -18.8443 -34.9530 -42.7436 -37.8558 14.0467 28.7301 -25.9725 -38.0536 -43.9907 -11.6233 23.2691 -7.8153 -32.2445 -41.1055 -43.5823 7.9374 32.3482 -21.7085 -36.2980 -43.4793 -26.9689 18.8322 14.4077 -22.6525 14.4077 18.8322 -26.9689 -43.4778 -36.2982 -21.7097 32.3482 7.9374 -43.5823 -41.1055 -32.2445 -7.8153 23.2691 -11.6233 -43.9907 -38.0536 -25.9725 28.7301 14.0467 -37.8558 -42.7436 -34.9530 -18.8443 30.6347 5.4293 -44.0312 -40.7795 -31.9725 -7.1624 23.4067 -9.9183 -44.0575 -38.4461 -27.0655 23.9891 15.9082 -33.8317 -43.1701 -35.8370 -21.1667 32.3364 8.5374 -43.1033 -41.5437 -33.0576 -12.8202 26.0972 -2.3228 -44.2045 -36.9045
-42.5017 -0.5962 26.9073 -14.0787 -33.3771 -41.7582 -42.6313 9.4157 32.6062 -21.8806 -36.1407 -43.3094 -31.8212 16.7510 20.7853 -27.7051 -38.7248 -44.1091 -7.3546 24.1966 -9.1367 -32.2935 -41.0079 -43.8534 6.3368 31.1870 -19.4846 -35.1836 -42.8607 -36.9627 14.5120 27.7077 -26.2702 -38.1662 -44.0140 -10.9055 23.4063 -8.0032 -32.2445 -41.0840 -43.6341 7.7009 32.2227 -21.4266 -36.1577 -43.4091 -28.2720 18.6967 9.8883 -29.1237 -36.2708 -29.1237 9.8883 18.6961 -28.2476 -43.4089 -36.1615 -21.4290 32.2229 7.7009 -43.6341 -41.0840 -32.2445 -8.0032 23.4063 -10.9055 -44.0140 -38.1662 -26.2702 27.7077 14.5120 -36.9627 -42.8607 -35.1836 -19.4846 31.1870 6.3368 -43.8534 -41.0079 -32.2935 -9.1367 24.1966 -7.3546 -44.1091 -38.7248 -27.7051 20.7853 16.7510 -31.8212 -43.3094 -36.1407 -21.8806 32.6062 9.4157 -42.6313 -41.7582 -33.3771 -14.0787 26.9073 -0.5962 -42.5017
-0.4087 27.7333 -15.2148 -33.6949 -41.9655 -42.0503 10.2684 32.6839 -22.5744 -36.4421 -43.4389 -29.5623 17.6140 17.0548 -28.3474 -38.9998 -44.1522 -5.0566 24.9935 -10.8336 -32.6167 -41.2382 -43.5957 7.2759 31.7275 -20.1724 -35.4417 -42.9868 -35.8151 15.0743 26.2634 -26.6353 -38.3144 -44.0422 -9.8250 23.6715 -8.5053 -32.3011 -41.1055 -43.6341 7.6142 32.1511 -21.2423 -36.0560 -43.3554 -29.3698 18.3271 10.8472 -29.6562 -39.6529 -44.8336 -39.6532 -29.6561 10.8471 18.3272 -29.3181 -43.3582 -36.0631 -21.2448 32.1512 7.6142 -43.6341 -41.1055 -32.3011 -8.5053 23.6715 -9.8250 -44.0422 -38.3144 -26.6353 26.2634 15.0743 -35.8151 -42.9868 -35.4417 -20.1724 31.7275 7.2759 -43.5957 -41.2382 -32.6167 -10.8336 24.9935 -5.0566 -44.1522 -38.9998 -28.3474 17.0548 17.6140 -29.5623 -43.4389 -36.4421 -22.5744 32.6839 10.2684 -42.0503 -41.9655 -33.6949 -15.2148 27.7333 -0.4087
28.0825 -16.2544 -34.0112 -42.1652 -41.3465 11.1022 32.5265 -23.2521 -36.7413 -43.5584 -27.0578 18.5028 12.9302 -28.9942 -39.2708 -44.1876 -3.0191 25.7968 -12.3144 -32.9383 -41.4621 -43.2536 8.2025 32.1947 -20.8951 -35.7270 -43.1208 -34.3726 15.7284 24.2958 -27.0738 -38.4945 -44.0728 -8.4541 24.0394 -9.2431 -32.4099 -41.1644 -43.5823 7.7009 32.1511 -21.1750 -36.0032 -43.3232 -30.1089 17.9991 12.4446 -29.5033 -39.6534 -44.9359 -30.3976 -44.9354 -39.6531 -29.5039 12.4079 18.0110 -30.0495 -43.3214 -36.0103 -21.1775 32.1512 7.7009 -43.5823 -41.1644 -32.4099 -9.2431 24.0394 -8.4541 -44.0728 -38.4945 -27.0738 24.2958 15.7284 -34.3726 -43.1208 -35.7270 -20.8951 32.1947 8.2025 -43.2536 -41.4621 -32.9383 -12.3144 25.7968 -3.0191 -44.1876 -39.2708 -28.9942 12.9302 18.5028 -27.0578 -43.5584 -36.7413 -23.2521 32.5265 11.1022 -41.3465 -42.1652 -34.0112 -16.2544 28.0825
-16.4196 -34.3272 -42.3570 -40.5045 11.9229 32.0849 -23.9168 -37.0380 -43.6678 -24.3271 19.4237 8.6526 -29.6472 -39.5376 -44.2164 -1.2169 26.6054 -13.6262 -33.2584 -41.6792 -42.8190 9.0923 32.5261 -21.6175 -36.0279 -43.2587 -32.5749 16.4701 21.6989 -27.5796 -38.7022 -44.1075 -6.8802 24.4930 -10.1545 -32.5602 -41.2546 -43.4759 7.9374 32.2227 -21.2423 -36.0032 -43.3138 -30.4958 17.8072 13.6173 -29.2994 -39.5610 -44.2499 -1.5881 16.5331 -1.6236 -44.2513 -39.5660 -29.3116 13.5145 17.8955 -30.3334 -43.3060 -36.0098 -21.2448 32.2229 7.9374 -43.4759 -41.2546 -32.5602 -10.1545 24.4930 -6.8802 -44.1075 -38.7022 -27.5796 21.6989 16.4701 -32.5749 -43.2587 -36.0279 -21.6175 32.5261 9.0923 -42.8190 -41.6792 -33.2584 -13.6262 26.6054 -1.2169 -44.2164 -39.5376 -29.6472 8.6526 19.4237 -24.3271 -43.6678 -37.0380 -23.9168 32.0849 11.9229 -40.5045 -42.3570 -34.3272 -16.4196
-32.0122 -42.5436 -39.5079 12.7359 31.3050 -24.5716 -37.3320 -43.7670 -21.4131 20.3406 4.5249 -30.3081 -39.7999 -44.2400 0.3837 27.4176 -14.8046 -33.5768 -41.8892 -42.2801 9.9537 32.6800 -22.3183 -36.3302 -43.3918 -30.4320 17.2932 18.4112 -28.1459 -38.9329 -44.1426 -5.1864 25.0414 -11.1770 -32.7445 -41.3723 -43.3122 8.2978 32.3482 -21.4266 -36.0560 -43.3232 -30.4999 17.7147 13.5043 -29.2757 -39.5246 -44.2630 0.5548 25.9786 19.5622 26.1862 0.3787 -44.2007 -39.4542 -29.2431 12.0771 18.2746 -30.0884 -43.3200 -36.0626 -21.4290 32.3482 8.2978 -43.3122 -41.3723 -32.7445 -11.1770 25.0414 -5.1864 -44.1426 -38.9329 -28.1459 18.4112 17.2932 -30.4320 -43.3918 -36.3302 -22.3183 32.6800 9.9537 -42.2801 -41.8892 -33.5768 -14.8046 27.4176 0.3837 -44.2400 -39.7999 -30.3081 4.5249 20.3406 -21.4131 -43.7670 -37.3320 -24.5716 31.3050 12.7359 -39.5079 -42.5436 -32.0122
-40.4941 -38.3485 13.5461 30.1282 -25.2190 -37.6233 -43.8561 -18.3862 21.1712 0.7980 -30.9144 -40.0575 -44.2515 1.8167 28.2313 -15.8769 -33.8937 -42.0918 -41.6236 10.7938 32.6155 -23.0016 -36.6303 -43.5151 -28.0176 18.1687 14.4979 -28.7603 -39.1798 -44.1762 -3.4734 25.6752 -12.2636 -32.9644 -41.5112 -43.0836 8.7662 32.4926 -21.7085 -36.1577 -43.3554 -30.1125 17.7399 15.6256 -29.0877 -39.4234 -44.1798 0.3664 27.2171 -13.6378 -28.7618 -13.5512 27.9153 0.2616 -44.2577 -39.4765 -29.3859 12.2396 18.0436 -30.0384 -43.3581 -36.1615 -21.7097 32.4926 8.7662 -43.0836 -41.5112 -32.9644 -12.2636 25.6752 -3.4734 -44.1762 -39.1798 -28.7603 14.4979 18.1687 -28.0176 -43.5151 -36.6303 -23.0016 32.6155 10.7938 -41.6236 -42.0918 -33.8937 -15.8769 28.2313 1.8167 -44.2515 -40.0575 -30.9144 0.7980 21.1712 -18.3862 -43.8561 -37.6233 -25.2190 30.1282 13.5461 -38.3485 -40.4941
-37.0568 14.3754 28.4984 -25.8606 -37.9118 -43.9365 -15.3467 21.9378 -2.4094 -31.3519 -40.3107 -44.2293 3.1106 29.0367 -16.8621 -34.2086 -42.2877 -40.8365 11.6173 32.2869 -23.6698 -36.9278 -43.6297 -25.3725 19.0754 10.2515 -29.4027 -39.4393 -44.2070 -1.8016 26.3688 -13.3473 -33.2134 -41.6716 -42.7740 9.3154 32.6182 -22.0756 -36.2980 -43.4091 -29.3694 17.9957 13.8078 -28.9891 -39.4012 -44.3040 0.0367 27.8265 -15.3362 -33.3719 -39.5792 -33.4570 -15.3448 27.5140 0.7243 -44.2491 -39.5012 -29.0939 13.7238 17.9890 -29.3237 -43.4089 -36.2982 -22.0756 32.6182 9.3154 -42.7740 -41.6716 -33.2134 -13.3473 26.3688 -1.8016 -44.2070 -39.4393 -29.4027 10.2515 19.0754 -25.3725 -43.6297 -36.9278 -23.6698 32.2869 11.6173 -40.8365 -42.2877 -34.2086 -16.8621 29.0367 3.1106 -44.2293 -40.3107 -31.3519 -2.4094 21.9378 -15.3467 -43.9365 -37.9118 -25.8606 28.4984 14.3754 -37.0568
