0.4340 0.4808 0.2136 0.1495 0.1953 0.3278 0.5106 0.3827 0.1550 0.1631 0.2454 0.4336 0.4850 0.2260 0.1489 0.1906 0.3144 0.5065 0.4147 0.1637 0.1530 0.2000 0.2947 0.4008 0.4355 0.4376 0.4376 0.4376 0.4376 0.4376 0.4376 0.4376 0.4376 0.4376 0.4376 0.4376 0.4376 0.4376 0.4376 0.4376 0.4376 0.4376 0.4376 0.4376 0.4376 0.4376 0.4376 0.4376 0.4376 0.4376 0.4376 0.4376 0.4376 0.4376 0.4376 0.4376 0.4376 0.4376 0.4376 0.4376 0.4376 0.4376 0.4376 0.4376 0.4376 0.4376 0.4376 0.4376 0.4376 0.4376 0.4376 0.4376 0.4376 0.4376 0.4376 0.4376 0.4355 0.4008 0.2947 0.2000 0.1530 0.1637 0.4147 0.5065 0.3144 0.1906 0.1489 0.2260 0.4850 0.4336 0.2454 0.1631 0.1550 0.3827 0.5106 0.3278 0.1953 0.1495 0.2136 0.4808 0.4340
0.4808 0.2101 0.1394 0.1885 0.3245 0.5120 0.3872 0.1458 0.1544 0.2397 0.4324 0.4872 0.2277 0.1387 0.1840 0.3130 0.5091 0.4110 0.1523 0.1464 0.2075 0.3394 0.5006 0.4933 0.4708 0.4690 0.4689 0.4689 0.4689 0.4689 0.4689 0.4689 0.4689 0.4689 0.4689 0.4689 0.4689 0.4689 0.4689 0.4689 0.4689 0.4689 0.4689 0.4689 0.4689 0.4689 0.4689 0.4689 0.4689 0.4689 0.4689 0.4689 0.4689 0.4689 0.4689 0.4689 0.4689 0.4689 0.4689 0.4689 0.4689 0.4689 0.4689 0.4689 0.4689 0.4689 0.4689 0.4689 0.4689 0.4689 0.4689 0.4689 0.4689 0.4689 0.4689 0.4690 0.4708 0.4933 0.5006 0.3394 0.2075 0.1464 0.1523 0.4110 0.5091 0.3130 0.1840 0.1387 0.2277 0.4872 0.4324 0.2397 0.1544 0.1458 0.3872 0.5120 0.3245 0.1885 0.1394 0.2101 0.4808
0.2136 0.1394 0.1875 0.3206 0.5113 0.3947 0.1471 0.1530 0.2356 0.4247 0.4907 0.2385 0.1385 0.1818 0.3084 0.5079 0.4138 0.1524 0.1473 0.2134 0.3623 0.5112 0.4296 0.2545 0.1831 0.1796 0.1795 0.1795 0.1795 0.1795 0.1795 0.1795 0.1795 0.1795 0.1795 0.1795 0.1795 0.1795 0.1795 0.1795 0.1795 0.1795 0.1795 0.1795 0.1795 0.1795 0.1795 0.1795 0.1795 0.1795 0.1795 0.1795 0.1795 0.1795 0.1795 0.1795 0.1795 0.1795 0.1795 0.1795 0.1795 0.1795 0.1795 0.1795 0.1795 0.1795 0.1795 0.1795 0.1795 0.1795 0.1795 0.1795 0.1795 0.1795 0.1795 0.1796 0.1831 0.2545 0.4296 0.5112 0.3623 0.2134 0.1473 0.1524 0.4138 0.5079 0.3084 0.1818 0.1385 0.2385 0.4907 0.4247 0.2356 0.1530 0.1471 0.3947 0.5113 0.3206 0.1875 0.1394 0.2136
0.1495 0.1885 0.3206 0.5110 0.3990 0.1483 0.1519 0.2321 0.4177 0.4939 0.2496 0.1384 0.1795 0.3035 0.5061 0.4183 0.1533 0.1475 0.2159 0.3739 0.5103 0.3803 0.1563 0.1358 0.1375 0.1378 0.1378 0.1378 0.1378 0.1378 0.1378 0.1378 0.1378 0.1378 0.1378 0.1378 0.1378 0.1378 0.1378 0.1378 0.1378 0.1378 0.1378 0.1378 0.1378 0.1378 0.1378 0.1378 0.1378 0.1378 0.1378 0.1378 0.1378 0.1378 0.1378 0.1378 0.1378 0.1378 0.1378 0.1378 0.1378 0.1378 0.1378 0.1378 0.1378 0.1378 0.1378 0.1378 0.1378 0.1378 0.1378 0.1378 0.1378 0.1378 0.1378 0.1378 0.1375 0.1358 0.1563 0.3803 0.5103 0.3739 0.2159 0.1475 0.1533 0.4183 0.5061 0.3035 0.1795 0.1384 0.2496 0.4939 0.4177 0.2321 0.1519 0.1483 0.3990 0.5110 0.3206 0.1885 0.1495
0.1953 0.3245 0.5113 0.3990 0.1487 0.1512 0.2296 0.4119 0.4964 0.2598 0.1383 0.1774 0.2984 0.5038 0.4237 0.1548 0.1472 0.2161 0.3786 0.5088 0.3507 0.1445 0.1432 0.1712 0.1897 0.1919 0.1919 0.1919 0.1919 0.1919 0.1919 0.1919 0.1919 0.1919 0.1919 0.1919 0.1919 0.1919 0.1919 0.1919 0.1919 0.1919 0.1919 0.1919 0.1919 0.1919 0.1919 0.1919 0.1919 0.1919 0.1919 0.1919 0.1919 0.1919 0.1919 0.1919 0.1919 0.1919 0.1919 0.1919 0.1919 0.1919 0.1919 0.1919 0.1919 0.1919 0.1919 0.1919 0.1919 0.1919 0.1919 0.1919 0.1919 0.1919 0.1919 0.1919 0.1897 0.1712 0.1432 0.1445 0.3507 0.5088 0.3786 0.2161 0.1472 0.1548 0.4237 0.5038 0.2984 0.1774 0.1383 0.2598 0.4964 0.4119 0.2296 0.1512 0.1487 0.3990 0.5113 0.3245 0.1953
0.3278 0.5120 0.3947 0.1483 0.1512 0.2287 0.4086 0.4981 0.2678 0.1384 0.1754 0.2936 0.5010 0.4294 0.1568 0.1466 0.2151 0.3789 0.5081 0.3352 0.1414 0.1512 0.2068 0.2906 0.3436 0.3500 0.3502 0.3502 0.3502 0.3502 0.3502 0.3502 0.3502 0.3502 0.3502 0.3502 0.3502 0.3502 0.3502 0.3502 0.3502 0.3502 0.3502 0.3502 0.3502 0.3502 0.3502 0.3502 0.3502 0.3502 0.3502 0.3502 0.3502 0.3502 0.3502 0.3502 0.3502 0.3502 0.3502 0.3502 0.3502 0.3502 0.3502 0.3502 0.3502 0.3502 0.3502 0.3502 0.3502 0.3502 0.3502 0.3502 0.3502 0.3502 0.3502 0.3500 0.3436 0.2906 0.2068 0.1512 0.1414 0.3352 0.5081 0.3789 0.2151 0.1466 0.1568 0.4294 0.5010 0.2936 0.1754 0.1384 0.2678 0.4981 0.4086 0.2287 0.1512 0.1483 0.3947 0.5120 0.3278
0.5106 0.3872 0.1471 0.1519 0.2296 0.4086 0.4987 0.2724 0.1384 0.1740 0.2896 0.4981 0.4348 0.1590 0.1459 0.2132 0.3767 0.5081 0.3290 0.1405 0.1564 0.2297 0.3669 0.5000 0.5080 0.5066 0.5066 0.5066 0.5066 0.5066 0.5066 0.5066 0.5066 0.5066 0.5066 0.5066 0.5066 0.5066 0.5066 0.5066 0.5066 0.5066 0.5066 0.5066 0.5066 0.5066 0.5066 0.5066 0.5066 0.5066 0.5066 0.5066 0.5066 0.5066 0.5066 0.5066 0.5066 0.5066 0.5066 0.5066 0.5066 0.5066 0.5066 0.5066 0.5066 0.5066 0.5066 0.5066 0.5066 0.5066 0.5066 0.5066 0.5066 0.5066 0.5066 0.5066 0.5080 0.5000 0.3669 0.2297 0.1564 0.1405 0.3290 0.5081 0.3767 0.2132 0.1459 0.1590 0.4348 0.4981 0.2896 0.1740 0.1384 0.2724 0.4987 0.4086 0.2296 0.1519 0.1471 0.3872 0.5106
0.3827 0.1458 0.1530 0.2321 0.4119 0.4981 0.2724 0.1384 0.1732 0.2869 0.4955 0.4393 0.1613 0.1452 0.2111 0.3730 0.5086 0.3286 0.1402 0.1592 0.2427 0.4094 0.5080 0.4247 0.3276 0.3096 0.3092 0.3092 0.3092 0.3092 0.3092 0.3092 0.3092 0.3092 0.3092 0.3092 0.3092 0.3092 0.3092 0.3092 0.3092 0.3092 0.3092 0.3092 0.3092 0.3092 0.3092 0.3092 0.3092 0.3092 0.3092 0.3092 0.3092 0.3092 0.3092 0.3092 0.3092 0.3092 0.3092 0.3092 0.3092 0.3092 0.3092 0.3092 0.3092 0.3092 0.3092 0.3092 0.3092 0.3092 0.3092 0.3092 0.3092 0.3092 0.3092 0.3096 0.3276 0.4247 0.5080 0.4094 0.2427 0.1592 0.1402 0.3286 0.5086 0.3730 0.2111 0.1452 0.1613 0.4393 0.4955 0.2869 0.1732 0.1384 0.2724 0.4981 0.4119 0.2321 0.1530 0.1458 0.3827
0.1550 0.1544 0.2356 0.4177 0.4964 0.2678 0.1384 0.1732 0.2860 0.4940 0.4422 0.1632 0.1446 0.2091 0.3689 0.5094 0.3314 0.1403 0.1605 0.2497 0.4321 0.4978 0.3352 0.1528 0.1376 0.1369 0.1369 0.1369 0.1369 0.1369 0.1369 0.1369 0.1369 0.1369 0.1369 0.1369 0.1369 0.1369 0.1369 0.1369 0.1369 0.1369 0.1369 0.1369 0.1369 0.1369 0.1369 0.1369 0.1369 0.1369 0.1369 0.1369 0.1369 0.1369 0.1369 0.1369 0.1369 0.1369 0.1369 0.1369 0.1369 0.1369 0.1369 0.1369 0.1369 0.1369 0.1369 0.1369 0.1369 0.1369 0.1369 0.1369 0.1369 0.1369 0.1369 0.1369 0.1376 0.1528 0.3352 0.4978 0.4321 0.2497 0.1605 0.1403 0.3314 0.5094 0.3689 0.2091 0.1446 0.1632 0.4422 0.4940 0.2860 0.1732 0.1384 0.2678 0.4964 0.4177 0.2356 0.1544 0.1550
0.1631 0.2397 0.4247 0.4939 0.2598 0.1384 0.1740 0.2869 0.4940 0.4432 0.1644 0.1442 0.2075 0.3652 0.5100 0.3356 0.1406 0.1609 0.2528 0.4435 0.4895 0.2771 0.1389 0.1438 0.1587 0.1620 0.1622 0.1622 0.1622 0.1622 0.1622 0.1622 0.1622 0.1622 0.1622 0.1622 0.1622 0.1622 0.1622 0.1622 0.1622 0.1622 0.1622 0.1622 0.1622 0.1622 0.1622 0.1622 0.1622 0.1622 0.1622 0.1622 0.1622 0.1622 0.1622 0.1622 0.1622 0.1622 0.1622 0.1622 0.1622 0.1622 0.1622 0.1622 0.1622 0.1622 0.1622 0.1622 0.1622 0.1622 0.1622 0.1622 0.1622 0.1622 0.1622 0.1620 0.1587 0.1438 0.1389 0.2771 0.4895 0.4435 0.2528 0.1609 0.1406 0.3356 0.5100 0.3652 0.2075 0.1442 0.1644 0.4432 0.4940 0.2869 0.1740 0.1384 0.2598 0.4939 0.4247 0.2397 0.1631
0.2454 0.4324 0.4907 0.2496 0.1383 0.1754 0.2896 0.4955 0.4422 0.1644 0.1440 0.2066 0.3627 0.5105 0.3398 0.1409 0.1607 0.2537 0.4486 0.4844 0.2452 0.1373 0.1584 0.2112 0.2615 0.2728 0.2734 0.2734 0.2734 0.2734 0.2734 0.2734 0.2734 0.2734 0.2734 0.2734 0.2734 0.2734 0.2734 0.2734 0.2734 0.2734 0.2734 0.2734 0.2734 0.2734 0.2734 0.2734 0.2734 0.2734 0.2734 0.2734 0.2734 0.2734 0.2734 0.2734 0.2734 0.2734 0.2734 0.2734 0.2734 0.2734 0.2734 0.2734 0.2734 0.2734 0.2734 0.2734 0.2734 0.2734 0.2734 0.2734 0.2734 0.2734 0.2734 0.2728 0.2615 0.2112 0.1584 0.1373 0.2452 0.4844 0.4486 0.2537 0.1607 0.1409 0.3398 0.5105 0.3627 0.2066 0.1440 0.1644 0.4422 0.4955 0.2896 0.1754 0.1383 0.2496 0.4907 0.4324 0.2454
0.4336 0.4872 0.2385 0.1384 0.1774 0.2936 0.4981 0.4393 0.1632 0.1442 0.2066 0.3617 0.5108 0.3428 0.1412 0.1603 0.2534 0.4502 0.4818 0.2292 0.1376 0.1688 0.2515 0.3816 0.4785 0.4928 0.4933 0.4933 0.4933 0.4933 0.4933 0.4933 0.4933 0.4933 0.4933 0.4933 0.4933 0.4933 0.4933 0.4933 0.4933 0.4933 0.4933 0.4933 0.4933 0.4933 0.4933 0.4933 0.4933 0.4933 0.4933 0.4933 0.4933 0.4933 0.4933 0.4933 0.4933 0.4933 0.4933 0.4933 0.4933 0.4933 0.4933 0.4933 0.4933 0.4933 0.4933 0.4933 0.4933 0.4933 0.4933 0.4933 0.4933 0.4933 0.4933 0.4928 0.4785 0.3816 0.2515 0.1688 0.1376 0.2292 0.4818 0.4502 0.2534 0.1603 0.1412 0.3428 0.5108 0.3617 0.2066 0.1442 0.1632 0.4393 0.4981 0.2936 0.1774 0.1384 0.2385 0.4872 0.4336
0.4850 0.2277 0.1385 0.1795 0.2984 0.5010 0.4348 0.1613 0.1446 0.2075 0.3627 0.5108 0.3439 0.1413 0.1600 0.2528 0.4502 0.4808 0.2217 0.1380 0.1753 0.2762 0.4509 0.5034 0.4475 0.4245 0.4235 0.4235 0.4235 0.4235 0.4235 0.4235 0.4235 0.4235 0.4235 0.4235 0.4235 0.4235 0.4235 0.4235 0.4235 0.4235 0.4235 0.4235 0.4235 0.4235 0.4235 0.4235 0.4235 0.4235 0.4235 0.4235 0.4235 0.4235 0.4235 0.4235 0.4235 0.4235 0.4235 0.4235 0.4235 0.4235 0.4235 0.4235 0.4235 0.4235 0.4235 0.4235 0.4235 0.4235 0.4235 0.4235 0.4235 0.4235 0.4235 0.4245 0.4475 0.5034 0.4509 0.2762 0.1753 0.1380 0.2217 0.4808 0.4502 0.2528 0.1600 0.1413 0.3439 0.5108 0.3627 0.2075 0.1446 0.1613 0.4348 0.5010 0.2984 0.1795 0.1385 0.2277 0.4850
0.2260 0.1387 0.1818 0.3035 0.5038 0.4294 0.1590 0.1452 0.2091 0.3652 0.5105 0.3428 0.1413 0.1599 0.2523 0.4497 0.4807 0.2186 0.1383 0.1791 0.2908 0.4828 0.4776 0.3043 0.1624 0.1514 0.1511 0.1511 0.1511 0.1511 0.1511 0.1511 0.1511 0.1511 0.1511 0.1511 0.1511 0.1511 0.1511 0.1511 0.1511 0.1511 0.1511 0.1511 0.1511 0.1511 0.1511 0.1511 0.1511 0.1511 0.1511 0.1511 0.1511 0.1511 0.1511 0.1511 0.1511 0.1511 0.1511 0.1511 0.1511 0.1511 0.1511 0.1511 0.1511 0.1511 0.1511 0.1511 0.1511 0.1511 0.1511 0.1511 0.1511 0.1511 0.1511 0.1514 0.1624 0.3043 0.4776 0.4828 0.2908 0.1791 0.1383 0.2186 0.4807 0.4497 0.2523 0.1599 0.1413 0.3428 0.5105 0.3652 0.2091 0.1452 0.1590 0.4294 0.5038 0.3035 0.1818 0.1387 0.2260
0.1489 0.1840 0.3084 0.5061 0.4237 0.1568 0.1459 0.2111 0.3689 0.5100 0.3398 0.1412 0.1600 0.2523 0.4494 0.4807 0.2176 0.1385 0.1812 0.2992 0.4961 0.4560 0.2103 0.1368 0.1402 0.1434 0.1437 0.1437 0.1437 0.1437 0.1437 0.1437 0.1437 0.1437 0.1437 0.1437 0.1437 0.1437 0.1437 0.1437 0.1437 0.1437 0.1437 0.1437 0.1437 0.1437 0.1437 0.1437 0.1437 0.1437 0.1437 0.1437 0.1437 0.1437 0.1437 0.1437 0.1437 0.1437 0.1437 0.1437 0.1437 0.1437 0.1437 0.1437 0.1437 0.1437 0.1437 0.1437 0.1437 0.1437 0.1437 0.1437 0.1437 0.1437 0.1437 0.1434 0.1402 0.1368 0.2103 0.4560 0.4961 0.2992 0.1812 0.1385 0.2176 0.4807 0.4494 0.2523 0.1600 0.1412 0.3398 0.5100 0.3689 0.2111 0.1459 0.1568 0.4237 0.5061 0.3084 0.1840 0.1489
0.1906 0.3130 0.5079 0.4183 0.1548 0.1466 0.2132 0.3730 0.5094 0.3356 0.1409 0.1603 0.2528 0.4497 0.4807 0.2174 0.1386 0.1822 0.3036 0.5017 0.4413 0.1754 0.1375 0.1629 0.2001 0.2144 0.2154 0.2154 0.2154 0.2154 0.2154 0.2154 0.2154 0.2154 0.2154 0.2154 0.2154 0.2154 0.2154 0.2154 0.2154 0.2154 0.2154 0.2154 0.2154 0.2154 0.2154 0.2154 0.2154 0.2154 0.2154 0.2154 0.2154 0.2154 0.2154 0.2154 0.2154 0.2154 0.2154 0.2154 0.2154 0.2154 0.2154 0.2154 0.2154 0.2154 0.2154 0.2154 0.2154 0.2154 0.2154 0.2154 0.2154 0.2154 0.2154 0.2144 0.2001 0.1629 0.1375 0.1754 0.4413 0.5017 0.3036 0.1822 0.1386 0.2174 0.4807 0.4497 0.2528 0.1603 0.1409 0.3356 0.5094 0.3730 0.2132 0.1466 0.1548 0.4183 0.5079 0.3130 0.1906
0.3144 0.5091 0.4138 0.1533 0.1472 0.2151 0.3767 0.5086 0.3314 0.1406 0.1607 0.2534 0.4502 0.4807 0.2176 0.1386 0.1825 0.3055 0.5040 0.4326 0.1644 0.1404 0.1817 0.2651 0.3616 0.3981 0.4004 0.4004 0.4004 0.4004 0.4004 0.4004 0.4004 0.4004 0.4004 0.4004 0.4004 0.4004 0.4004 0.4004 0.4004 0.4004 0.4004 0.4004 0.4004 0.4004 0.4004 0.4004 0.4004 0.4004 0.4004 0.4004 0.4004 0.4004 0.4004 0.4004 0.4004 0.4004 0.4004 0.4004 0.4004 0.4004 0.4004 0.4004 0.4004 0.4004 0.4004 0.4004 0.4004 0.4004 0.4004 0.4004 0.4004 0.4004 0.4004 0.3981 0.3616 0.2651 0.1817 0.1404 0.1644 0.4326 0.5040 0.3055 0.1825 0.1386 0.2176 0.4807 0.4502 0.2534 0.1607 0.1406 0.3314 0.5086 0.3767 0.2151 0.1472 0.1533 0.4138 0.5091 0.3144
0.5065 0.4110 0.1524 0.1475 0.2161 0.3789 0.5081 0.3286 0.1403 0.1609 0.2537 0.4502 0.4808 0.2186 0.1385 0.1822 0.3055 0.5046 0.4287 0.1602 0.1425 0.1935 0.3071 0.4715 0.5066 0.4941 0.4930 0.4930 0.4930 0.4930 0.4930 0.4930 0.4930 0.4930 0.4930 0.4930 0.4930 0.4930 0.4930 0.4930 0.4930 0.4930 0.4930 0.4930 0.4930 0.4930 0.4930 0.4930 0.4930 0.4930 0.4930 0.4930 0.4930 0.4930 0.4930 0.4930 0.4930 0.4930 0.4930 0.4930 0.4930 0.4930 0.4930 0.4930 0.4930 0.4930 0.4930 0.4930 0.4930 0.4930 0.4930 0.4930 0.4930 0.4930 0.4930 0.4941 0.5066 0.4715 0.3071 0.1935 0.1425 0.1602 0.4287 0.5046 0.3055 0.1822 0.1385 0.2186 0.4808 0.4502 0.2537 0.1609 0.1403 0.3286 0.5081 0.3789 0.2161 0.1475 0.1524 0.4110 0.5065
0.4147 0.1523 0.1473 0.2159 0.3786 0.5081 0.3290 0.1402 0.1605 0.2528 0.4486 0.4818 0.2217 0.1383 0.1812 0.3036 0.5040 0.4287 0.1592 0.1435 0.1998 0.3305 0.5043 0.4647 0.3304 0.2551 0.2494 0.2493 0.2493 0.2493 0.2493 0.2493 0.2493 0.2493 0.2493 0.2493 0.2493 0.2493 0.2493 0.2493 0.2493 0.2493 0.2493 0.2493 0.2493 0.2493 0.2493 0.2493 0.2493 0.2493 0.2493 0.2493 0.2493 0.2493 0.2493 0.2493 0.2493 0.2493 0.2493 0.2493 0.2493 0.2493 0.2493 0.2493 0.2493 0.2493 0.2493 0.2493 0.2493 0.2493 0.2493 0.2493 0.2493 0.2493 0.2494 0.2551 0.3304 0.4647 0.5043 0.3305 0.1998 0.1435 0.1592 0.4287 0.5040 0.3036 0.1812 0.1383 0.2217 0.4818 0.4486 0.2528 0.1605 0.1402 0.3290 0.5081 0.3786 0.2159 0.1473 0.1523 0.4147
0.1637 0.1464 0.2134 0.3739 0.5088 0.3352 0.1405 0.1592 0.2497 0.4435 0.4844 0.2292 0.1380 0.1791 0.2992 0.5017 0.4326 0.1602 0.1435 0.2018 0.3409 0.5102 0.4280 0.1916 0.1379 0.1354 0.1354 0.1354 0.1354 0.1354 0.1354 0.1354 0.1354 0.1354 0.1354 0.1354 0.1354 0.1354 0.1354 0.1354 0.1354 0.1354 0.1354 0.1354 0.1354 0.1354 0.1354 0.1354 0.1354 0.1354 0.1354 0.1354 0.1354 0.1354 0.1354 0.1354 0.1354 0.1354 0.1354 0.1354 0.1354 0.1354 0.1354 0.1354 0.1354 0.1354 0.1354 0.1354 0.1354 0.1354 0.1354 0.1354 0.1354 0.1354 0.1354 0.1354 0.1379 0.1916 0.4280 0.5102 0.3409 0.2018 0.1435 0.1602 0.4326 0.5017 0.2992 0.1791 0.1380 0.2292 0.4844 0.4435 0.2497 0.1592 0.1405 0.3352 0.5088 0.3739 0.2134 0.1464 0.1637
0.1530 0.2075 0.3623 0.5103 0.3507 0.1414 0.1564 0.2427 0.4321 0.4895 0.2452 0.1376 0.1753 0.2908 0.4961 0.4413 0.1644 0.1425 0.1998 0.3409 0.5110 0.4091 0.1603 0.1367 0.1523 0.1625 0.1635 0.1636 0.1636 0.1636 0.1636 0.1636 0.1636 0.1636 0.1636 0.1636 0.1636 0.1636 0.1636 0.1636 0.1636 0.1636 0.1636 0.1636 0.1636 0.1636 0.1636 0.1636 0.1636 0.1636 0.1636 0.1636 0.1636 0.1636 0.1636 0.1636 0.1636 0.1636 0.1636 0.1636 0.1636 0.1636 0.1636 0.1636 0.1636 0.1636 0.1636 0.1636 0.1636 0.1636 0.1636 0.1636 0.1636 0.1636 0.1635 0.1625 0.1523 0.1367 0.1603 0.4091 0.5110 0.3409 0.1998 0.1425 0.1644 0.4413 0.4961 0.2908 0.1753 0.1376 0.2452 0.4895 0.4321 0.2427 0.1564 0.1414 0.3507 0.5103 0.3623 0.2075 0.1530
0.2000 0.3394 0.5112 0.3803 0.1445 0.1512 0.2297 0.4094 0.4978 0.2771 0.1373 0.1688 0.2762 0.4828 0.4560 0.1754 0.1404 0.1935 0.3305 0.5102 0.4091 0.1554 0.1398 0.1742 0.2274 0.2562 0.2590 0.2590 0.2590 0.2590 0.2590 0.2590 0.2590 0.2590 0.2590 0.2590 0.2590 0.2590 0.2590 0.2590 0.2590 0.2590 0.2590 0.2590 0.2590 0.2590 0.2590 0.2590 0.2590 0.2590 0.2590 0.2590 0.2590 0.2590 0.2590 0.2590 0.2590 0.2590 0.2590 0.2590 0.2590 0.2590 0.2590 0.2590 0.2590 0.2590 0.2590 0.2590 0.2590 0.2590 0.2590 0.2590 0.2590 0.2590 0.2590 0.2562 0.2274 0.1742 0.1398 0.1554 0.4091 0.5102 0.3305 0.1935 0.1404 0.1754 0.4560 0.4828 0.2762 0.1688 0.1373 0.2771 0.4978 0.4094 0.2297 0.1512 0.1445 0.3803 0.5112 0.3394 0.2000
0.2947 0.5006 0.4296 0.1563 0.1432 0.2068 0.3669 0.5080 0.3352 0.1389 0.1584 0.2515 0.4509 0.4776 0.2103 0.1375 0.1817 0.3071 0.5043 0.4280 0.1603 0.1398 0.1819 0.2699 0.3797 0.4306 0.4350 0.4350 0.4350 0.4350 0.4350 0.4350 0.4350 0.4350 0.4350 0.4350 0.4350 0.4350 0.4350 0.4350 0.4350 0.4350 0.4350 0.4350 0.4350 0.4350 0.4350 0.4350 0.4350 0.4350 0.4350 0.4350 0.4350 0.4350 0.4350 0.4350 0.4350 0.4350 0.4350 0.4350 0.4350 0.4350 0.4350 0.4350 0.4350 0.4350 0.4350 0.4350 0.4350 0.4350 0.4350 0.4350 0.4350 0.4350 0.4350 0.4306 0.3797 0.2699 0.1819 0.1398 0.1603 0.4280 0.5043 0.3071 0.1817 0.1375 0.2103 0.4776 0.4509 0.2515 0.1584 0.1389 0.3352 0.5080 0.3669 0.2068 0.1432 0.1563 0.4296 0.5006 0.2947
0.4008 0.4933 0.2545 0.1358 0.1712 0.2906 0.5000 0.4247 0.1528 0.1438 0.2112 0.3816 0.5034 0.3043 0.1368 0.1629 0.2651 0.4715 0.4647 0.1916 0.1367 0.1742 0.2699 0.4236 0.5061 0.5041 0.5035 0.5035 0.5035 0.5035 0.5035 0.5035 0.5035 0.5035 0.5035 0.5035 0.5035 0.5035 0.5035 0.5035 0.5035 0.5035 0.5035 0.5035 0.5035 0.5035 0.5035 0.5035 0.5035 0.5035 0.5035 0.5035 0.5035 0.5035 0.5035 0.5035 0.5035 0.5035 0.5035 0.5035 0.5035 0.5035 0.5035 0.5035 0.5035 0.5035 0.5035 0.5035 0.5035 0.5035 0.5035 0.5035 0.5035 0.5035 0.5035 0.5041 0.5061 0.4236 0.2699 0.1742 0.1367 0.1916 0.4647 0.4715 0.2651 0.1629 0.1368 0.3043 0.5034 0.3816 0.2112 0.1438 0.1528 0.4247 0.5000 0.2906 0.1712 0.1358 0.2545 0.4933 0.4008
0.4355 0.4708 0.1831 0.1375 0.1897 0.3436 0.5080 0.3276 0.1376 0.1587 0.2615 0.4785 0.4475 0.1624 0.1402 0.2001 0.3616 0.5066 0.3304 0.1379 0.1523 0.2274 0.3797 0.5061 0.4875 0.4755 0.4748 0.4748 0.4748 0.4748 0.4748 0.4748 0.4748 0.4748 0.4748 0.4748 0.4748 0.4748 0.4748 0.4748 0.4748 0.4748 0.4748 0.4748 0.4748 0.4748 0.4748 0.4748 0.4748 0.4748 0.4748 0.4748 0.4748 0.4748 0.4748 0.4748 0.4748 0.4748 0.4748 0.4748 0.4748 0.4748 0.4748 0.4748 0.4748 0.4748 0.4748 0.4748 0.4748 0.4748 0.4748 0.4748 0.4748 0.4748 0.4748 0.4755 0.4875 0.5061 0.3797 0.2274 0.1523 0.1379 0.3304 0.5066 0.3616 0.2001 0.1402 0.1624 0.4475 0.4785 0.2615 0.1587 0.1376 0.3276 0.5080 0.3436 0.1897 0.1375 0.1831 0.4708 0.4355
0.4376 0.4690 0.1796 0.1378 0.1919 0.3500 0.5066 0.3096 0.1369 0.1620 0.2728 0.4928 0.4245 0.1514 0.1434 0.2144 0.3981 0.4941 0.2551 0.1354 0.1625 0.2562 0.4306 0.5041 0.4755 0.4694 0.4692 0.4692 0.4692 0.4692 0.4692 0.4692 0.4692 0.4692 0.4692 0.4692 0.4692 0.4692 0.4692 0.4692 0.4692 0.4692 0.4692 0.4692 0.4692 0.4692 0.4692 0.4692 0.4692 0.4692 0.4692 0.4692 0.4692 0.4692 0.4692 0.4692 0.4692 0.4692 0.4692 0.4692 0.4692 0.4692 0.4692 0.4692 0.4692 0.4692 0.4692 0.4692 0.4692 0.4692 0.4692 0.4692 0.4692 0.4692 0.4692 0.4694 0.4755 0.5041 0.4306 0.2562 0.1625 0.1354 0.2551 0.4941 0.3981 0.2144 0.1434 0.1514 0.4245 0.4928 0.2728 0.1620 0.1369 0.3096 0.5066 0.3500 0.1919 0.1378 0.1796 0.4690 0.4376
0.4376 0.4689 0.1795 0.1378 0.1919 0.3502 0.5066 0.3092 0.1369 0.1622 0.2734 0.4933 0.4235 0.1511 0.1437 0.2154 0.4004 0.4930 0.2494 0.1354 0.1635 0.2590 0.4350 0.5035 0.4748 0.4692 0.4690 0.4690 0.4690 0.4690 0.4690 0.4690 0.4690 0.4690 0.4690 0.4690 0.4690 0.4690 0.4690 0.4690 0.4690 0.4690 0.4690 0.4690 0.4690 0.4690 0.4690 0.4690 0.4690 0.4690 0.4690 0.4690 0.4690 0.4690 0.4690 0.4690 0.4690 0.4690 0.4690 0.4690 0.4690 0.4690 0.4690 0.4690 0.4690 0.4690 0.4690 0.4690 0.4690 0.4690 0.4690 0.4690 0.4690 0.4690 0.4690 0.4692 0.4748 0.5035 0.4350 0.2590 0.1635 0.1354 0.2494 0.4930 0.4004 0.2154 0.1437 0.1511 0.4235 0.4933 0.2734 0.1622 0.1369 0.3092 0.5066 0.3502 0.1919 0.1378 0.1795 0.4689 0.4376
0.4376 0.4689 0.1795 0.1378 0.1919 0.3502 0.5066 0.3092 0.1369 0.1622 0.2734 0.4933 0.4235 0.1511 0.1437 0.2154 0.4004 0.4930 0.2493 0.1354 0.1636 0.2590 0.4350 0.5035 0.4748 0.4692 0.4690 0.4690 0.4690 0.4690 0.4690 0.4690 0.4690 0.4690 0.4690 0.4690 0.4690 0.4690 0.4690 0.4690 0.4690 0.4690 0.4690 0.4690 0.4690 0.4690 0.4690 0.4690 0.4690 0.4690 0.4690 0.4690 0.4690 0.4690 0.4690 0.4690 0.4690 0.4690 0.4690 0.4690 0.4690 0.4690 0.4690 0.4690 0.4690 0.4690 0.4690 0.4690 0.4690 0.4690 0.4690 0.4690 0.4690 0.4690 0.4690 0.4692 0.4748 0.5035 0.4350 0.2590 0.1636 0.1354 0.2493 0.4930 0.4004 0.2154 0.1437 0.1511 0.4235 0.4933 0.2734 0.1622 0.1369 0.3092 0.5066 0.3502 0.1919 0.1378 0.1795 0.4689 0.4376
0.4376 0.4689 0.1795 0.1378 0.1919 0.3502 0.5066 0.3092 0.1369 0.1622 0.2734 0.4933 0.4235 0.1511 0.1437 0.2154 0.4004 0.4930 0.2493 0.1354 0.1636 0.2590 0.4350 0.5035 0.4748 0.4692 0.4690 0.4690 0.4690 0.4690 0.4690 0.4690 0.4690 0.4690 0.4690 0.4690 0.4690 0.4690 0.4690 0.4690 0.4690 0.4690 0.4690 0.4690 0.4690 0.4690 0.4690 0.4690 0.4690 0.4690 0.4690 0.4690 0.4690 0.4690 0.4690 0.4690 0.4690 0.4690 0.4690 0.4690 0.4690 0.4690 0.4690 0.4690 0.4690 0.4690 0.4690 0.4690 0.4690 0.4690 0.4690 0.4690 0.4690 0.4690 0.4690 0.4692 0.4748 0.5035 0.4350 0.2590 0.1636 0.1354 0.2493 0.4930 0.4004 0.2154 0.1437 0.1511 0.4235 0.4933 0.2734 0.1622 0.1369 0.3092 0.5066 0.3502 0.1919 0.1378 0.1795 0.4689 0.4376
0.4376 0.4689 0.1795 0.1378 0.1919 0.3502 0.5066 0.3092 0.1369 0.1622 0.2734 0.4933 0.4235 0.1511 0.1437 0.2154 0.4004 0.4930 0.2493 0.1354 0.1636 0.2590 0.4350 0.5035 0.4748 0.4692 0.4690 0.4690 0.4690 0.4690 0.4690 0.4690 0.4690 0.4690 0.4690 0.4690 0.4690 0.4690 0.4690 0.4690 0.4690 0.4690 0.4690 0.4690 0.4690 0.4690 0.4690 0.4690 0.4690 0.4690 0.4690 0.4690 0.4690 0.4690 0.4690 0.4690 0.4690 0.4690 0.4690 0.4690 0.4690 0.4690 0.4690 0.4690 0.4690 0.4690 0.4690 0.4690 0.4690 0.4690 0.4690 0.4690 0.4690 0.4690 0.4690 0.4692 0.4748 0.5035 0.4350 0.2590 0.1636 0.1354 0.2493 0.4930 0.4004 0.2154 0.1437 0.1511 0.4235 0.4933 0.2734 0.1622 0.1369 0.3092 0.5066 0.3502 0.1919 0.1378 0.1795 0.4689 0.4376
0.4376 0.4689 0.1795 0.1378 0.1919 0.3502 0.5066 0.3092 0.1369 0.1622 0.2734 0.4933 0.4235 0.1511 0.1437 0.2154 0.4004 0.4930 0.2493 0.1354 0.1636 0.2590 0.4350 0.5035 0.4748 0.4692 0.4690 0.4690 0.4690 0.4690 0.4690 0.4690 0.4690 0.4690 0.4690 0.4690 0.4690 0.4690 0.4690 0.4690 0.4690 0.4690 0.4690 0.4690 0.4690 0.4690 0.4690 0.4690 0.4690 0.4690 0.4690 0.4690 0.4690 0.4690 0.4690 0.4690 0.4690 0.4690 0.4690 0.4690 0.4690 0.4690 0.4690 0.4690 0.4690 0.4690 0.4690 0.4690 0.4690 0.4690 0.4690 0.4690 0.4690 0.4690 0.4690 0.4692 0.4748 0.5035 0.4350 0.2590 0.1636 0.1354 0.2493 0.4930 0.4004 0.2154 0.1437 0.1511 0.4235 0.4933 0.2734 0.1622 0.1369 0.3092 0.5066 0.3502 0.1919 0.1378 0.1795 0.4689 0.4376
0.4377 0.4689 0.1795 0.1378 0.1919 0.3502 0.5066 0.3092 0.1369 0.1622 0.2734 0.4933 0.4235 0.1511 0.1437 0.2154 0.4005 0.4930 0.2493 0.1354 0.1636 0.2591 0.4351 0.5035 0.4748 0.4692 0.4690 0.4690 0.4690 0.4690 0.4690 0.4690 0.4690 0.4690 0.4690 0.4690 0.4690 0.4690 0.4690 0.4690 0.4690 0.4690 0.4690 0.4690 0.4690 0.4690 0.4690 0.4690 0.4690 0.4690 0.4690 0.4690 0.4690 0.4690 0.4690 0.4690 0.4690 0.4690 0.4690 0.4690 0.4690 0.4690 0.4690 0.4690 0.4690 0.4690 0.4690 0.4690 0.4690 0.4690 0.4690 0.4690 0.4690 0.4690 0.4690 0.4692 0.4748 0.5035 0.4350 0.2590 0.1636 0.1354 0.2493 0.4930 0.4004 0.2154 0.1437 0.1511 0.4235 0.4933 0.2734 0.1622 0.1369 0.3092 0.5066 0.3502 0.1919 0.1378 0.1795 0.4689 0.4376
0.4377 0.4689 0.1795 0.1378 0.1920 0.3503 0.5066 0.3091 0.1369 0.1622 0.2734 0.4933 0.4235 0.1510 0.1437 0.2154 0.4005 0.4930 0.2491 0.1354 0.1636 0.2591 0.4351 0.5035 0.4748 0.4691 0.4689 0.4689 0.4689 0.4689 0.4689 0.4689 0.4689 0.4689 0.4689 0.4689 0.4689 0.4689 0.4689 0.4689 0.4689 0.4689 0.4689 0.4689 0.4689 0.4689 0.4689 0.4689 0.4690 0.4690 0.4690 0.4690 0.4690 0.4690 0.4690 0.4690 0.4690 0.4690 0.4690 0.4690 0.4690 0.4690 0.4690 0.4690 0.4690 0.4690 0.4690 0.4690 0.4690 0.4690 0.4690 0.4690 0.4690 0.4690 0.4690 0.4692 0.4748 0.5035 0.4350 0.2590 0.1636 0.1354 0.2493 0.4930 0.4004 0.2154 0.1437 0.1511 0.4235 0.4933 0.2734 0.1622 0.1369 0.3092 0.5066 0.3502 0.1919 0.1378 0.1795 0.4689 0.4376
0.4380 0.4687 0.1792 0.1379 0.1921 0.3505 0.5065 0.3087 0.1369 0.1622 0.2736 0.4934 0.4232 0.1510 0.1437 0.2155 0.4008 0.4929 0.2489 0.1354 0.1636 0.2593 0.4354 0.5034 0.4746 0.4689 0.4688 0.4687 0.4687 0.4687 0.4687 0.4687 0.4687 0.4687 0.4687 0.4687 0.4687 0.4687 0.4687 0.4687 0.4687 0.4687 0.4687 0.4687 0.4687 0.4688 0.4688 0.4688 0.4688 0.4688 0.4689 0.4689 0.4689 0.4690 0.4690 0.4690 0.4690 0.4690 0.4690 0.4690 0.4690 0.4690 0.4690 0.4690 0.4690 0.4690 0.4690 0.4690 0.4690 0.4690 0.4690 0.4690 0.4690 0.4690 0.4690 0.4692 0.4748 0.5035 0.4350 0.2590 0.1636 0.1354 0.2493 0.4930 0.4004 0.2154 0.1437 0.1511 0.4235 0.4933 0.2734 0.1622 0.1369 0.3092 0.5066 0.3502 0.1919 0.1378 0.1795 0.4689 0.4376
0.4387 0.4682 0.1786 0.1379 0.1924 0.3512 0.5064 0.3076 0.1368 0.1624 0.2741 0.4938 0.4225 0.1508 0.1438 0.2159 0.4015 0.4926 0.2478 0.1353 0.1638 0.2598 0.4361 0.5033 0.4741 0.4684 0.4682 0.4682 0.4682 0.4682 0.4682 0.4682 0.4682 0.4682 0.4682 0.4682 0.4682 0.4682 0.4682 0.4682 0.4682 0.4682 0.4682 0.4682 0.4682 0.4683 0.4683 0.4683 0.4684 0.4685 0.4686 0.4687 0.4688 0.4689 0.4690 0.4690 0.4690 0.4690 0.4690 0.4690 0.4690 0.4690 0.4690 0.4690 0.4690 0.4690 0.4690 0.4690 0.4690 0.4690 0.4690 0.4690 0.4690 0.4690 0.4690 0.4692 0.4748 0.5035 0.4350 0.2590 0.1636 0.1354 0.2493 0.4930 0.4004 0.2154 0.1437 0.1511 0.4235 0.4933 0.2734 0.1622 0.1369 0.3092 0.5066 0.3502 0.1919 0.1378 0.1795 0.4689 0.4376
0.4405 0.4671 0.1771 0.1381 0.1931 0.3529 0.5061 0.3049 0.1367 0.1629 0.2754 0.4948 0.4209 0.1503 0.1441 0.2167 0.4033 0.4919 0.2451 0.1353 0.1643 0.2609 0.4380 0.5030 0.4731 0.4672 0.4670 0.4670 0.4670 0.4670 0.4670 0.4670 0.4670 0.4670 0.4670 0.4670 0.4670 0.4670 0.4670 0.4670 0.4670 0.4670 0.4670 0.4670 0.4671 0.4671 0.4671 0.4672 0.4674 0.4676 0.4679 0.4682 0.4685 0.4687 0.4689 0.4689 0.4690 0.4690 0.4690 0.4690 0.4690 0.4690 0.4690 0.4690 0.4690 0.4690 0.4690 0.4690 0.4690 0.4690 0.4690 0.4690 0.4690 0.4690 0.4690 0.4692 0.4748 0.5035 0.4350 0.2590 0.1636 0.1354 0.2493 0.4930 0.4004 0.2154 0.1437 0.1511 0.4235 0.4933 0.2734 0.1622 0.1369 0.3092 0.5066 0.3502 0.1919 0.1378 0.1795 0.4689 0.4376
0.4444 0.4645 0.1741 0.1384 0.1947 0.3567 0.5053 0.2990 0.1365 0.1639 0.2781 0.4969 0.4172 0.1493 0.1446 0.2186 0.4073 0.4903 0.2393 0.1353 0.1653 0.2636 0.4419 0.5022 0.4707 0.4646 0.4644 0.4644 0.4644 0.4644 0.4644 0.4644 0.4644 0.4644 0.4644 0.4644 0.4644 0.4644 0.4644 0.4644 0.4644 0.4644 0.4644 0.4644 0.4645 0.4645 0.4646 0.4648 0.4652 0.4658 0.4665 0.4672 0.4679 0.4684 0.4687 0.4689 0.4690 0.4690 0.4690 0.4690 0.4690 0.4690 0.4690 0.4690 0.4690 0.4690 0.4690 0.4690 0.4690 0.4690 0.4690 0.4690 0.4690 0.4690 0.4690 0.4692 0.4748 0.5035 0.4350 0.2590 0.1636 0.1354 0.2493 0.4930 0.4004 0.2154 0.1437 0.1511 0.4235 0.4933 0.2734 0.1622 0.1369 0.3092 0.5066 0.3502 0.1919 0.1378 0.1795 0.4689 0.4376
0.4515 0.4594 0.1691 0.1390 0.1977 0.3638 0.5036 0.2878 0.1362 0.1658 0.2834 0.5002 0.4100 0.1475 0.1457 0.2223 0.4147 0.4871 0.2285 0.1353 0.1673 0.2685 0.4491 0.5005 0.4661 0.4596 0.4594 0.4594 0.4594 0.4594 0.4594 0.4594 0.4594 0.4594 0.4594 0.4594 0.4594 0.4594 0.4594 0.4594 0.4594 0.4594 0.4594 0.4594 0.4594 0.4595 0.4598 0.4603 0.4611 0.4623 0.4638 0.4654 0.4667 0.4677 0.4684 0.4687 0.4689 0.4690 0.4690 0.4690 0.4690 0.4690 0.4690 0.4690 0.4690 0.4690 0.4690 0.4690 0.4690 0.4690 0.4690 0.4690 0.4690 0.4690 0.4690 0.4692 0.4748 0.5035 0.4350 0.2590 0.1636 0.1354 0.2493 0.4930 0.4004 0.2154 0.1437 0.1511 0.4235 0.4933 0.2734 0.1622 0.1369 0.3092 0.5066 0.3502 0.1919 0.1378 0.1795 0.4689 0.4376
0.4628 0.4505 0.1624 0.1402 0.2028 0.3757 0.5003 0.2694 0.1359 0.1692 0.2924 0.5044 0.3975 0.1450 0.1476 0.2286 0.4269 0.4814 0.2118 0.1354 0.1707 0.2768 0.4604 0.4972 0.4580 0.4507 0.4505 0.4504 0.4504 0.4504 0.4504 0.4504 0.4504 0.4504 0.4504 0.4504 0.4504 0.4504 0.4504 0.4504 0.4504 0.4504 0.4505 0.4505 0.4506 0.4508 0.4513 0.4523 0.4541 0.4565 0.4594 0.4624 0.4649 0.4667 0.4679 0.4685 0.4688 0.4689 0.4690 0.4690 0.4690 0.4690 0.4690 0.4690 0.4690 0.4690 0.4690 0.4690 0.4690 0.4690 0.4690 0.4690 0.4690 0.4690 0.4690 0.4692 0.4748 0.5035 0.4350 0.2590 0.1636 0.1354 0.2493 0.4930 0.4004 0.2154 0.1437 0.1511 0.4235 0.4933 0.2734 0.1622 0.1369 0.3092 0.5066 0.3502 0.1919 0.1378 0.1795 0.4689 0.4376
0.4778 0.4361 0.1552 0.1422 0.2108 0.3933 0.4942 0.2426 0.1358 0.1744 0.3060 0.5081 0.3781 0.1421 0.1505 0.2380 0.4442 0.4719 0.1910 0.1360 0.1759 0.2893 0.4751 0.4913 0.4449 0.4363 0.4361 0.4361 0.4361 0.4361 0.4361 0.4361 0.4361 0.4361 0.4361 0.4361 0.4361 0.4361 0.4361 0.4361 0.4361 0.4361 0.4361 0.4362 0.4363 0.4368 0.4378 0.4398 0.4432 0.4477 0.4530 0.4581 0.4623 0.4653 0.4672 0.4682 0.4686 0.4689 0.4690 0.4690 0.4690 0.4690 0.4690 0.4690 0.4690 0.4690 0.4690 0.4690 0.4690 0.4690 0.4690 0.4690 0.4690 0.4690 0.4690 0.4692 0.4748 0.5035 0.4350 0.2590 0.1636 0.1354 0.2493 0.4930 0.4004 0.2154 0.1437 0.1511 0.4235 0.4933 0.2734 0.1622 0.1369 0.3092 0.5066 0.3502 0.1919 0.1378 0.1795 0.4689 0.4376
0.4931 0.4146 0.1484 0.1454 0.2221 0.4170 0.4841 0.2096 0.1363 0.1818 0.3249 0.5094 0.3500 0.1392 0.1549 0.2513 0.4654 0.4572 0.1715 0.1373 0.1834 0.3068 0.4907 0.4816 0.4253 0.4150 0.4147 0.4147 0.4147 0.4147 0.4147 0.4147 0.4147 0.4147 0.4147 0.4147 0.4147 0.4147 0.4147 0.4147 0.4147 0.4147 0.4148 0.4149 0.4152 0.4161 0.4181 0.4219 0.4279 0.4358 0.4446 0.4527 0.4592 0.4636 0.4663 0.4678 0.4684 0.4688 0.4689 0.4690 0.4690 0.4690 0.4690 0.4690 0.4690 0.4690 0.4690 0.4690 0.4690 0.4690 0.4690 0.4690 0.4690 0.4690 0.4690 0.4692 0.4748 0.5035 0.4350 0.2590 0.1636 0.1354 0.2493 0.4930 0.4004 0.2154 0.1437 0.1511 0.4235 0.4933 0.2734 0.1622 0.1369 0.3092 0.5066 0.3502 0.1919 0.1378 0.1795 0.4689 0.4376
0.5040 0.3847 0.1429 0.1499 0.2371 0.4453 0.4686 0.1792 0.1379 0.1919 0.3496 0.5068 0.3121 0.1370 0.1611 0.2689 0.4870 0.4362 0.1576 0.1396 0.1935 0.3295 0.5024 0.4668 0.3979 0.3854 0.3850 0.3850 0.3850 0.3850 0.3850 0.3850 0.3850 0.3850 0.3850 0.3850 0.3850 0.3850 0.3850 0.3850 0.3850 0.3850 0.3851 0.3854 0.3860 0.3877 0.3913 0.3982 0.4086 0.4214 0.4347 0.4466 0.4557 0.4619 0.4654 0.4673 0.4681 0.4686 0.4688 0.4689 0.4690 0.4690 0.4690 0.4690 0.4690 0.4690 0.4690 0.4690 0.4690 0.4690 0.4690 0.4690 0.4690 0.4690 0.4690 0.4692 0.4748 0.5035 0.4350 0.2590 0.1636 0.1354 0.2493 0.4930 0.4004 0.2154 0.1437 0.1511 0.4235 0.4933 0.2734 0.1622 0.1369 0.3092 0.5066 0.3502 0.1919 0.1378 0.1795 0.4689 0.4376
0.5076 0.3455 0.1389 0.1561 0.2559 0.4744 0.4464 0.1600 0.1407 0.2048 0.3795 0.4992 0.2655 0.1359 0.1692 0.2909 0.5027 0.4077 0.1482 0.1431 0.2064 0.3573 0.5072 0.4459 0.3618 0.3467 0.3462 0.3462 0.3462 0.3462 0.3462 0.3462 0.3462 0.3462 0.3462 0.3462 0.3462 0.3462 0.3462 0.3462 0.3463 0.3463 0.3465 0.3473 0.3482 0.3512 0.3574 0.3696 0.3863 0.4058 0.4245 0.4403 0.4523 0.4603 0.4645 0.4668 0.4677 0.4683 0.4687 0.4689 0.4690 0.4690 0.4690 0.4690 0.4690 0.4690 0.4690 0.4690 0.4690 0.4690 0.4690 0.4690 0.4690 0.4690 0.4690 0.4692 0.4748 0.5035 0.4350 0.2590 0.1636 0.1354 0.2493 0.4930 0.4004 0.2154 0.1437 0.1511 0.4235 0.4933 0.2734 0.1622 0.1369 0.3092 0.5066 0.3502 0.1919 0.1378 0.1795 0.4689 0.4376
0.5046 0.2984 0.1365 0.1640 0.2781 0.4967 0.4175 0.1492 0.1449 0.2202 0.4129 0.4863 0.2166 0.1361 0.1792 0.3167 0.5090 0.3715 0.1419 0.1479 0.2219 0.3889 0.5055 0.4187 0.3181 0.3008 0.3003 0.3003 0.3003 0.3003 0.3003 0.3003 0.3003 0.3003 0.3003 0.3003 0.3003 0.3003 0.3003 0.3003 0.3003 0.3004 0.3011 0.3035 0.3045 0.3094 0.3188 0.3387 0.3630 0.3911 0.4153 0.4336 0.4493 0.4604 0.4637 0.4665 0.4677 0.4681 0.4693 0.4689 0.4690 0.4690 0.4690 0.4690 0.4690 0.4690 0.4690 0.4690 0.4690 0.4690 0.4690 0.4690 0.4690 0.4690 0.4690 0.4692 0.4748 0.5035 0.4350 0.2590 0.1636 0.1354 0.2493 0.4930 0.4004 0.2154 0.1437 0.1511 0.4235 0.4933 0.2734 0.1622 0.1369 0.3092 0.5066 0.3502 0.1919 0.1378 0.1795 0.4689 0.4376
0.4970 0.2527 0.1358 0.1723 0.3006 0.5070 0.3856 0.1430 0.1497 0.2362 0.4437 0.4698 0.1814 0.1375 0.1898 0.3430 0.5081 0.3324 0.1383 0.1534 0.2381 0.4194 0.4990 0.3883 0.2740 0.2559 0.2553 0.2553 0.2553 0.2553 0.2553 0.2553 0.2553 0.2553 0.2553 0.2553 0.2553 0.2553 0.2554 0.2554 0.2554 0.2556 0.2562 0.2598 0.2583 0.2672 0.2803 0.3071 0.3410 0.3770 0.4074 0.4299 0.4457 0.4583 0.4643 0.4672 0.4677 0.4684 0.4686 0.4688 0.4689 0.4690 0.4690 0.4690 0.4690 0.4690 0.4690 0.4690 0.4690 0.4690 0.4690 0.4690 0.4690 0.4690 0.4690 0.4692 0.4748 0.5035 0.4350 0.2590 0.1636 0.1354 0.2493 0.4930 0.4004 0.2154 0.1437 0.1511 0.4235 0.4933 0.2734 0.1622 0.1369 0.3092 0.5066 0.3502 0.1919 0.1378 0.1795 0.4689 0.4376
0.4908 0.2273 0.1359 0.1775 0.3145 0.5092 0.3645 0.1405 0.1529 0.2463 0.4608 0.4579 0.1684 0.1389 0.1966 0.3593 0.5052 0.3073 0.1369 0.1570 0.2483 0.4373 0.4932 0.3674 0.2460 0.2284 0.2279 0.2278 0.2278 0.2278 0.2278 0.2278 0.2278 0.2278 0.2278 0.2278 0.2278 0.2278 0.2279 0.2279 0.2279 0.2279 0.2276 0.2265 0.2304 0.2426 0.2613 0.2909 0.3292 0.3698 0.4024 0.4264 0.4436 0.4562 0.4635 0.4657 0.4678 0.4689 0.4687 0.4689 0.4689 0.4690 0.4690 0.4690 0.4690 0.4690 0.4690 0.4690 0.4690 0.4690 0.4690 0.4690 0.4690 0.4690 0.4690 0.4692 0.4748 0.5035 0.4350 0.2590 0.1636 0.1354 0.2493 0.4930 0.4004 0.2154 0.1437 0.1511 0.4235 0.4933 0.2734 0.1622 0.1369 0.3092 0.5066 0.3502 0.1919 0.1378 0.1795 0.4689 0.4376
0.4942 0.2406 0.1358 0.1747 0.3068 0.5083 0.3766 0.1418 0.1510 0.2404 0.4511 0.4651 0.1755 0.1380 0.1925 0.3494 0.5071 0.3229 0.1377 0.1548 0.2421 0.4270 0.4965 0.3769 0.2536 0.2340 0.2334 0.2334 0.2334 0.2334 0.2334 0.2334 0.2334 0.2334 0.2334 0.2334 0.2334 0.2334 0.2334 0.2335 0.2334 0.2334 0.2329 0.2298 0.2361 0.2467 0.2623 0.2908 0.3303 0.3676 0.3984 0.4236 0.4419 0.4533 0.4612 0.4642 0.4686 0.4676 0.4681 0.4689 0.4690 0.4690 0.4690 0.4690 0.4690 0.4690 0.4690 0.4690 0.4690 0.4690 0.4690 0.4690 0.4690 0.4690 0.4690 0.4692 0.4748 0.5035 0.4350 0.2590 0.1636 0.1354 0.2493 0.4930 0.4004 0.2154 0.1437 0.1511 0.4235 0.4933 0.2734 0.1622 0.1369 0.3092 0.5066 0.3502 0.1919 0.1378 0.1795 0.4689 0.4376
0.5028 0.2856 0.1362 0.1662 0.2841 0.5005 0.4095 0.1473 0.1460 0.2241 0.4207 0.4827 0.2068 0.1363 0.1816 0.3226 0.5093 0.3632 0.1409 0.1491 0.2256 0.3967 0.5041 0.4077 0.2940 0.2730 0.2723 0.2723 0.2723 0.2723 0.2723 0.2723 0.2723 0.2723 0.2723 0.2723 0.2723 0.2723 0.2723 0.2723 0.2723 0.2723 0.2725 0.2730 0.2766 0.2814 0.2918 0.3136 0.3444 0.3741 0.4030 0.4281 0.4442 0.4530 0.4603 0.4659 0.4670 0.4683 0.4691 0.4689 0.4690 0.4690 0.4690 0.4690 0.4690 0.4690 0.4690 0.4690 0.4690 0.4690 0.4690 0.4690 0.4690 0.4690 0.4690 0.4692 0.4748 0.5035 0.4350 0.2590 0.1636 0.1354 0.2493 0.4930 0.4004 0.2154 0.1437 0.1511 0.4235 0.4933 0.2734 0.1622 0.1369 0.3092 0.5066 0.3502 0.1919 0.1378 0.1795 0.4689 0.4376
0.5076 0.3380 0.1383 0.1573 0.2594 0.4786 0.4423 0.1579 0.1413 0.2069 0.3842 0.4978 0.2588 0.1358 0.1704 0.2941 0.5040 0.4036 0.1472 0.1437 0.2084 0.3620 0.5074 0.4393 0.3444 0.3257 0.3251 0.3251 0.3251 0.3251 0.3251 0.3251 0.3251 0.3251 0.3251 0.3251 0.3251 0.3251 0.3251 0.3252 0.3251 0.3250 0.3244 0.3227 0.3237 0.3271 0.3361 0.3485 0.3727 0.3921 0.4144 0.4332 0.4474 0.4556 0.4608 0.4645 0.4671 0.4694 0.4696 0.4690 0.4690 0.4690 0.4690 0.4690 0.4690 0.4690 0.4690 0.4690 0.4690 0.4690 0.4690 0.4690 0.4690 0.4690 0.4690 0.4692 0.4748 0.5035 0.4350 0.2590 0.1636 0.1354 0.2493 0.4930 0.4004 0.2154 0.1437 0.1511 0.4235 0.4933 0.2734 0.1622 0.1369 0.3092 0.5066 0.3502 0.1919 0.1378 0.1795 0.4689 0.4376
0.5045 0.3823 0.1426 0.1503 0.2382 0.4471 0.4675 0.1777 0.1380 0.1925 0.3509 0.5066 0.3102 0.1369 0.1614 0.2697 0.4878 0.4352 0.1571 0.1397 0.1941 0.3311 0.5032 0.4638 0.3883 0.3735 0.3730 0.3730 0.3730 0.3730 0.3730 0.3730 0.3730 0.3730 0.3730 0.3730 0.3730 0.3730 0.3730 0.3730 0.3731 0.3730 0.3728 0.3729 0.3730 0.3767 0.3782 0.3879 0.3996 0.4121 0.4268 0.4432 0.4539 0.4586 0.4627 0.4645 0.4661 0.4683 0.4700 0.4693 0.4691 0.4690 0.4690 0.4690 0.4690 0.4690 0.4690 0.4690 0.4690 0.4690 0.4690 0.4690 0.4690 0.4690 0.4690 0.4692 0.4748 0.5035 0.4350 0.2590 0.1636 0.1354 0.2493 0.4930 0.4004 0.2154 0.1437 0.1511 0.4235 0.4933 0.2734 0.1622 0.1369 0.3092 0.5066 0.3502 0.1919 0.1378 0.1795 0.4689 0.4376
0.4928 0.4152 0.1486 0.1453 0.2217 0.4163 0.4845 0.2106 0.1363 0.1816 0.3243 0.5094 0.3510 0.1393 0.1547 0.2508 0.4646 0.4579 0.1721 0.1372 0.1832 0.3064 0.4909 0.4808 0.4212 0.4096 0.4093 0.4092 0.4092 0.4092 0.4092 0.4092 0.4092 0.4092 0.4092 0.4092 0.4092 0.4092 0.4093 0.4093 0.4093 0.4094 0.4097 0.4092 0.4083 0.4102 0.4114 0.4154 0.4222 0.4307 0.4408 0.4501 0.4568 0.4617 0.4644 0.4656 0.4681 0.4702 0.4688 0.4692 0.4691 0.4691 0.4690 0.4690 0.4690 0.4690 0.4690 0.4690 0.4690 0.4690 0.4690 0.4690 0.4690 0.4690 0.4690 0.4692 0.4748 0.5035 0.4350 0.2590 0.1636 0.1354 0.2493 0.4930 0.4004 0.2154 0.1437 0.1511 0.4235 0.4933 0.2734 0.1622 0.1369 0.3092 0.5066 0.3502 0.1919 0.1378 0.1795 0.4689 0.4376
0.4762 0.4378 0.1559 0.1420 0.2098 0.3912 0.4950 0.2459 0.1358 0.1737 0.3043 0.5078 0.3805 0.1424 0.1501 0.2368 0.4421 0.4731 0.1933 0.1359 0.1753 0.2880 0.4741 0.4914 0.4437 0.4345 0.4343 0.4343 0.4343 0.4343 0.4343 0.4343 0.4343 0.4343 0.4343 0.4343 0.4343 0.4343 0.4343 0.4343 0.4344 0.4345 0.4347 0.4348 0.4340 0.4348 0.4348 0.4356 0.4408 0.4450 0.4490 0.4566 0.4614 0.4654 0.4659 0.4684 0.4692 0.4696 0.4688 0.4694 0.4692 0.4691 0.4690 0.4690 0.4690 0.4690 0.4690 0.4690 0.4690 0.4690 0.4690 0.4690 0.4690 0.4690 0.4690 0.4692 0.4748 0.5035 0.4350 0.2590 0.1636 0.1354 0.2493 0.4930 0.4004 0.2154 0.1437 0.1511 0.4235 0.4933 0.2734 0.1622 0.1369 0.3092 0.5066 0.3502 0.1919 0.1378 0.1795 0.4689 0.4376
0.4608 0.4522 0.1635 0.1400 0.2018 0.3734 0.5009 0.2729 0.1360 0.1685 0.2907 0.5037 0.4000 0.1455 0.1472 0.2273 0.4245 0.4825 0.2150 0.1354 0.1700 0.2753 0.4587 0.4976 0.4581 0.4505 0.4503 0.4503 0.4503 0.4503 0.4503 0.4503 0.4503 0.4503 0.4503 0.4503 0.4503 0.4503 0.4503 0.4503 0.4504 0.4504 0.4504 0.4499 0.4485 0.4504 0.4502 0.4521 0.4544 0.4552 0.4582 0.4624 0.4648 0.4666 0.4675 0.4677 0.4689 0.4707 0.4696 0.4694 0.4692 0.4691 0.4690 0.4690 0.4690 0.4690 0.4690 0.4690 0.4690 0.4690 0.4690 0.4690 0.4690 0.4690 0.4690 0.4692 0.4748 0.5035 0.4350 0.2590 0.1636 0.1354 0.2493 0.4930 0.4004 0.2154 0.1437 0.1511 0.4235 0.4933 0.2734 0.1622 0.1369 0.3092 0.5066 0.3502 0.1919 0.1378 0.1795 0.4689 0.4376
0.4497 0.4607 0.1703 0.1389 0.1969 0.3620 0.5040 0.2907 0.1363 0.1653 0.2821 0.4994 0.4119 0.1480 0.1454 0.2214 0.4128 0.4880 0.2313 0.1353 0.1668 0.2673 0.4475 0.5008 0.4665 0.4599 0.4597 0.4597 0.4597 0.4597 0.4597 0.4597 0.4597 0.4597 0.4597 0.4597 0.4597 0.4597 0.4597 0.4598 0.4598 0.4599 0.4599 0.4589 0.4583 0.4577 0.4594 0.4607 0.4597 0.4610 0.4635 0.4651 0.4663 0.4680 0.4697 0.4702 0.4685 0.4702 0.4697 0.4691 0.4691 0.4691 0.4690 0.4690 0.4690 0.4690 0.4690 0.4690 0.4690 0.4690 0.4690 0.4690 0.4690 0.4690 0.4690 0.4692 0.4748 0.5035 0.4350 0.2590 0.1636 0.1354 0.2493 0.4930 0.4004 0.2154 0.1437 0.1511 0.4235 0.4933 0.2734 0.1622 0.1369 0.3092 0.5066 0.3502 0.1919 0.1378 0.1795 0.4689 0.4376
0.4432 0.4653 0.1750 0.1383 0.1941 0.3555 0.5055 0.3009 0.1366 0.1636 0.2773 0.4962 0.4184 0.1496 0.1444 0.2180 0.4060 0.4908 0.2410 0.1353 0.1650 0.2628 0.4408 0.5024 0.4711 0.4650 0.4648 0.4648 0.4648 0.4648 0.4648 0.4648 0.4648 0.4648 0.4648 0.4648 0.4648 0.4648 0.4648 0.4649 0.4649 0.4650 0.4649 0.4642 0.4654 0.4662 0.4653 0.4642 0.4639 0.4659 0.4664 0.4666 0.4678 0.4685 0.4698 0.4708 0.4699 0.4697 0.4694 0.4690 0.4691 0.4691 0.4690 0.4690 0.4690 0.4690 0.4690 0.4690 0.4690 0.4690 0.4690 0.4690 0.4690 0.4690 0.4690 0.4692 0.4748 0.5035 0.4350 0.2590 0.1636 0.1354 0.2493 0.4930 0.4004 0.2154 0.1437 0.1511 0.4235 0.4933 0.2734 0.1622 0.1369 0.3092 0.5066 0.3502 0.1919 0.1378 0.1795 0.4689 0.4376
0.4399 0.4675 0.1776 0.1380 0.1928 0.3523 0.5062 0.3059 0.1368 0.1627 0.2749 0.4945 0.4215 0.1505 0.1440 0.2164 0.4026 0.4922 0.2461 0.1353 0.1641 0.2605 0.4373 0.5031 0.4733 0.4675 0.4673 0.4673 0.4673 0.4673 0.4673 0.4673 0.4673 0.4673 0.4673 0.4673 0.4673 0.4673 0.4673 0.4673 0.4674 0.4675 0.4676 0.4676 0.4686 0.4687 0.4661 0.4648 0.4666 0.4674 0.4669 0.4676 0.4694 0.4703 0.4694 0.4699 0.4712 0.4700 0.4682 0.4688 0.4690 0.4691 0.4690 0.4690 0.4690 0.4690 0.4690 0.4690 0.4690 0.4690 0.4690 0.4690 0.4690 0.4690 0.4690 0.4692 0.4748 0.5035 0.4350 0.2590 0.1636 0.1354 0.2493 0.4930 0.4004 0.2154 0.1437 0.1511 0.4235 0.4933 0.2734 0.1622 0.1369 0.3092 0.5066 0.3502 0.1919 0.1378 0.1795 0.4689 0.4376
