0.4372 1.0000 0.0001 0.0008 0.0102 0.1295 1.0000 1.0000 0.0002 0.0027 0.0347 0.4389 1.0000 0.0001 0.0007 0.0093 0.1173 1.0000 1.0000 0.0002 0.0025 0.0313 0.3961 1.0000 0.0001 0.0007 0.0084 0.1058 1.0000 1.0000 0.0002 0.0022 0.0283 0.3574 1.0000 1.0000 0.0006 0.0076 0.0955 1.0000 1.0000 0.0002 0.0020 0.0255 0.3225 1.0000 1.0000 0.0005 0.0066 0.0728 0.3720 0.0728 0.0066 0.0005 1.0000 1.0000 0.3225 0.0255 0.0020 0.0002 1.0000 1.0000 0.0955 0.0076 0.0006 1.0000 1.0000 0.3574 0.0283 0.0022 0.0002 1.0000 1.0000 0.1058 0.0084 0.0007 0.0001 1.0000 0.3961 0.0313 0.0025 0.0002 1.0000 1.0000 0.1173 0.0093 0.0007 0.0001 1.0000 0.4389 0.0347 0.0027 0.0002 1.0000 1.0000 0.1295 0.0102 0.0008 0.0001 1.0000 0.4372
1.0000 0.0001 0.0008 0.0103 0.1292 1.0000 1.0000 0.0002 0.0027 0.0345 0.4356 1.0000 0.0001 0.0007 0.0092 0.1164 1.0000 1.0000 0.0002 0.0025 0.0311 0.3931 1.0000 1.0000 0.0007 0.0083 0.1050 1.0000 1.0000 0.0002 0.0022 0.0281 0.3547 1.0000 1.0000 0.0006 0.0075 0.0948 1.0000 1.0000 0.0002 0.0020 0.0253 0.3201 1.0000 1.0000 0.0005 0.0067 0.0826 0.9197 1.0000 0.9197 0.0826 0.0067 0.0005 1.0000 1.0000 0.3201 0.0253 0.0020 0.0002 1.0000 1.0000 0.0948 0.0075 0.0006 1.0000 1.0000 0.3547 0.0281 0.0022 0.0002 1.0000 1.0000 0.1050 0.0083 0.0007 1.0000 1.0000 0.3931 0.0311 0.0025 0.0002 1.0000 1.0000 0.1164 0.0092 0.0007 0.0001 1.0000 0.4356 0.0345 0.0027 0.0002 1.0000 1.0000 0.1292 0.0103 0.0008 0.0001 1.0000
0.0001 0.0008 0.0100 0.1230 1.0000 1.0000 0.0002 0.0025 0.0318 0.4014 1.0000 0.0001 0.0007 0.0085 0.1072 1.0000 1.0000 0.0002 0.0023 0.0287 0.3622 1.0000 1.0000 0.0006 0.0077 0.0968 1.0000 1.0000 0.0002 0.0020 0.0259 0.3268 1.0000 1.0000 0.0005 0.0069 0.0873 1.0000 1.0000 0.0001 0.0018 0.0233 0.2949 1.0000 1.0000 0.0005 0.0062 0.0782 0.9627 1.0000 1.0000 1.0000 0.9627 0.0782 0.0062 0.0005 1.0000 1.0000 0.2949 0.0233 0.0018 0.0001 1.0000 1.0000 0.0873 0.0069 0.0005 1.0000 1.0000 0.3268 0.0259 0.0020 0.0002 1.0000 1.0000 0.0968 0.0077 0.0006 1.0000 1.0000 0.3622 0.0287 0.0023 0.0002 1.0000 1.0000 0.1072 0.0085 0.0007 0.0001 1.0000 0.4014 0.0318 0.0025 0.0002 1.0000 1.0000 0.1230 0.0100 0.0008 0.0001
0.0008 0.0103 0.1230 1.0000 1.0000 0.0002 0.0024 0.0296 0.3727 1.0000 1.0000 0.0006 0.0078 0.0988 1.0000 1.0000 0.0002 0.0021 0.0264 0.3338 1.0000 1.0000 0.0006 0.0071 0.0892 1.0000 1.0000 0.0001 0.0019 0.0238 0.3012 1.0000 1.0000 0.0005 0.0064 0.0805 1.0000 1.0000 0.0001 0.0017 0.0215 0.2718 1.0000 1.0000 0.0005 0.0057 0.0725 0.9110 1.0000 0.0001 0.0005 0.0001 1.0000 0.9110 0.0725 0.0057 0.0005 1.0000 1.0000 0.2718 0.0215 0.0017 0.0001 1.0000 1.0000 0.0805 0.0064 0.0005 1.0000 1.0000 0.3012 0.0238 0.0019 0.0001 1.0000 1.0000 0.0892 0.0071 0.0006 1.0000 1.0000 0.3338 0.0264 0.0021 0.0002 1.0000 1.0000 0.0988 0.0078 0.0006 1.0000 1.0000 0.3727 0.0296 0.0024 0.0002 1.0000 1.0000 0.1230 0.0103 0.0008
0.0102 0.1292 1.0000 1.0000 0.0002 0.0023 0.0282 0.3507 1.0000 1.0000 0.0006 0.0072 0.0912 1.0000 1.0000 0.0002 0.0019 0.0243 0.3075 1.0000 1.0000 0.0005 0.0065 0.0822 1.0000 1.0000 0.0001 0.0017 0.0220 0.2775 1.0000 1.0000 0.0005 0.0059 0.0741 0.9374 1.0000 0.0001 0.0016 0.0198 0.2504 1.0000 1.0000 0.0004 0.0053 0.0669 0.8443 1.0000 0.0001 0.0012 0.0060 0.0012 0.0001 1.0000 0.8443 0.0669 0.0053 0.0004 1.0000 1.0000 0.2504 0.0198 0.0016 0.0001 1.0000 0.9374 0.0741 0.0059 0.0005 1.0000 1.0000 0.2775 0.0220 0.0017 0.0001 1.0000 1.0000 0.0822 0.0065 0.0005 1.0000 1.0000 0.3075 0.0243 0.0019 0.0002 1.0000 1.0000 0.0912 0.0072 0.0006 1.0000 1.0000 0.3507 0.0282 0.0023 0.0002 1.0000 1.0000 0.1292 0.0102
0.1295 1.0000 1.0000 0.0002 0.0023 0.0276 0.3389 1.0000 1.0000 0.0005 0.0068 0.0849 1.0000 1.0000 0.0001 0.0018 0.0224 0.2834 1.0000 1.0000 0.0005 0.0060 0.0757 0.9572 1.0000 0.0001 0.0016 0.0202 0.2557 1.0000 1.0000 0.0004 0.0054 0.0683 0.8638 1.0000 0.0001 0.0014 0.0183 0.2308 1.0000 1.0000 0.0004 0.0049 0.0617 0.7795 1.0000 0.0001 0.0013 0.0140 0.0694 0.0140 0.0013 0.0001 1.0000 0.7795 0.0617 0.0049 0.0004 1.0000 1.0000 0.2308 0.0183 0.0014 0.0001 1.0000 0.8638 0.0683 0.0054 0.0004 1.0000 1.0000 0.2557 0.0202 0.0016 0.0001 1.0000 0.9572 0.0757 0.0060 0.0005 1.0000 1.0000 0.2834 0.0224 0.0018 0.0001 1.0000 1.0000 0.0849 0.0068 0.0005 1.0000 1.0000 0.3389 0.0276 0.0023 0.0002 1.0000 1.0000 0.1295
1.0000 1.0000 0.0002 0.0024 0.0282 0.3389 1.0000 1.0000 0.0005 0.0064 0.0799 1.0000 1.0000 0.0001 0.0016 0.0207 0.2616 1.0000 1.0000 0.0004 0.0055 0.0698 0.8820 1.0000 0.0001 0.0015 0.0186 0.2357 1.0000 1.0000 0.0004 0.0050 0.0630 0.7960 1.0000 0.0001 0.0013 0.0168 0.2127 1.0000 1.0000 0.0004 0.0045 0.0568 0.7183 1.0000 0.0001 0.0012 0.0147 0.1636 0.8082 0.1636 0.0147 0.0012 0.0001 1.0000 0.7183 0.0568 0.0045 0.0004 1.0000 1.0000 0.2127 0.0168 0.0013 0.0001 1.0000 0.7960 0.0630 0.0050 0.0004 1.0000 1.0000 0.2357 0.0186 0.0015 0.0001 1.0000 0.8820 0.0698 0.0055 0.0004 1.0000 1.0000 0.2616 0.0207 0.0016 0.0001 1.0000 1.0000 0.0799 0.0064 0.0005 1.0000 1.0000 0.3389 0.0282 0.0024 0.0002 1.0000 1.0000
1.0000 0.0002 0.0025 0.0296 0.3507 1.0000 1.0000 0.0005 0.0062 0.0766 0.9499 1.0000 0.0001 0.0015 0.0193 0.2429 1.0000 1.0000 0.0004 0.0051 0.0643 0.8128 1.0000 0.0001 0.0014 0.0172 0.2172 1.0000 1.0000 0.0004 0.0046 0.0580 0.7335 1.0000 0.0001 0.0012 0.0155 0.1960 1.0000 1.0000 0.0003 0.0041 0.0524 0.6619 1.0000 0.0001 0.0011 0.0139 0.1709 1.0000 1.0000 1.0000 0.1709 0.0139 0.0011 0.0001 1.0000 0.6619 0.0524 0.0041 0.0003 1.0000 1.0000 0.1960 0.0155 0.0012 0.0001 1.0000 0.7335 0.0580 0.0046 0.0004 1.0000 1.0000 0.2172 0.0172 0.0014 0.0001 1.0000 0.8128 0.0643 0.0051 0.0004 1.0000 1.0000 0.2429 0.0193 0.0015 0.0001 1.0000 0.9499 0.0766 0.0062 0.0005 1.0000 1.0000 0.3507 0.0296 0.0025 0.0002 1.0000
0.0002 0.0027 0.0318 0.3727 1.0000 1.0000 0.0005 0.0062 0.0756 0.9250 1.0000 0.0001 0.0015 0.0182 0.2273 1.0000 1.0000 0.0004 0.0047 0.0594 0.7490 1.0000 0.0001 0.0013 0.0158 0.2001 1.0000 1.0000 0.0003 0.0042 0.0535 0.6759 1.0000 0.0001 0.0011 0.0143 0.1806 1.0000 1.0000 0.0003 0.0038 0.0482 0.6099 1.0000 0.0001 0.0010 0.0129 0.1617 1.0000 1.0000 0.0001 1.0000 1.0000 0.1617 0.0129 0.0010 0.0001 1.0000 0.6099 0.0482 0.0038 0.0003 1.0000 1.0000 0.1806 0.0143 0.0011 0.0001 1.0000 0.6759 0.0535 0.0042 0.0003 1.0000 1.0000 0.2001 0.0158 0.0013 0.0001 1.0000 0.7490 0.0594 0.0047 0.0004 1.0000 1.0000 0.2273 0.0182 0.0015 0.0001 1.0000 0.9250 0.0756 0.0062 0.0005 1.0000 1.0000 0.3727 0.0318 0.0027 0.0002
0.0027 0.0345 0.4014 1.0000 1.0000 0.0005 0.0064 0.0766 0.9250 1.0000 0.0001 0.0014 0.0173 0.2151 1.0000 1.0000 0.0003 0.0044 0.0551 0.6941 1.0000 0.0001 0.0012 0.0146 0.1844 1.0000 1.0000 0.0003 0.0039 0.0493 0.6228 1.0000 0.0001 0.0010 0.0132 0.1664 1.0000 1.0000 0.0003 0.0035 0.0445 0.5620 1.0000 0.0001 0.0009 0.0119 0.1499 1.0000 1.0000 0.0002 0.0011 0.0002 1.0000 1.0000 0.1499 0.0119 0.0009 0.0001 1.0000 0.5620 0.0445 0.0035 0.0003 1.0000 1.0000 0.1664 0.0132 0.0010 0.0001 1.0000 0.6228 0.0493 0.0039 0.0003 1.0000 1.0000 0.1844 0.0146 0.0012 0.0001 1.0000 0.6941 0.0551 0.0044 0.0003 1.0000 1.0000 0.2151 0.0173 0.0014 0.0001 1.0000 0.9250 0.0766 0.0064 0.0005 1.0000 1.0000 0.4014 0.0345 0.0027
0.0347 0.4356 1.0000 1.0000 0.0006 0.0068 0.0799 0.9499 1.0000 0.0001 0.0014 0.0169 0.2075 1.0000 1.0000 0.0003 0.0041 0.0515 0.6469 1.0000 0.0001 0.0011 0.0135 0.1699 1.0000 1.0000 0.0003 0.0036 0.0454 0.5739 1.0000 0.0001 0.0010 0.0121 0.1533 1.0000 1.0000 0.0003 0.0032 0.0410 0.5179 1.0000 0.0001 0.0009 0.0109 0.1384 1.0000 1.0000 0.0002 0.0025 0.0123 0.0025 0.0002 1.0000 1.0000 0.1384 0.0109 0.0009 0.0001 1.0000 0.5179 0.0410 0.0032 0.0003 1.0000 1.0000 0.1533 0.0121 0.0010 0.0001 1.0000 0.5739 0.0454 0.0036 0.0003 1.0000 1.0000 0.1699 0.0135 0.0011 0.0001 1.0000 0.6469 0.0515 0.0041 0.0003 1.0000 1.0000 0.2075 0.0169 0.0014 0.0001 1.0000 0.9499 0.0799 0.0068 0.0006 1.0000 1.0000 0.4356 0.0347
0.4389 1.0000 0.0001 0.0006 0.0072 0.0849 1.0000 1.0000 0.0001 0.0014 0.0169 0.2051 1.0000 1.0000 0.0003 0.0039 0.0486 0.6076 1.0000 0.0001 0.0010 0.0125 0.1575 1.0000 1.0000 0.0003 0.0033 0.0418 0.5288 1.0000 0.0001 0.0009 0.0112 0.1413 1.0000 1.0000 0.0002 0.0030 0.0377 0.4772 1.0000 0.0001 0.0008 0.0101 0.1275 1.0000 1.0000 0.0002 0.0026 0.0290 0.1435 0.0290 0.0026 0.0002 1.0000 1.0000 0.1275 0.0101 0.0008 0.0001 1.0000 0.4772 0.0377 0.0030 0.0002 1.0000 1.0000 0.1413 0.0112 0.0009 0.0001 1.0000 0.5288 0.0418 0.0033 0.0003 1.0000 1.0000 0.1575 0.0125 0.0010 0.0001 1.0000 0.6076 0.0486 0.0039 0.0003 1.0000 1.0000 0.2051 0.0169 0.0014 0.0001 1.0000 1.0000 0.0849 0.0072 0.0006 0.0001 1.0000 0.4389
1.0000 0.0001 0.0007 0.0078 0.0912 1.0000 1.0000 0.0001 0.0015 0.0173 0.2075 1.0000 1.0000 0.0003 0.0038 0.0466 0.5772 1.0000 0.0001 0.0009 0.0117 0.1468 1.0000 1.0000 0.0002 0.0030 0.0385 0.4873 1.0000 0.0001 0.0008 0.0103 0.1302 1.0000 1.0000 0.0002 0.0028 0.0348 0.4397 1.0000 0.0001 0.0007 0.0093 0.1175 1.0000 1.0000 0.0002 0.0025 0.0303 0.3382 1.0000 0.3382 0.0303 0.0025 0.0002 1.0000 1.0000 0.1175 0.0093 0.0007 0.0001 1.0000 0.4397 0.0348 0.0028 0.0002 1.0000 1.0000 0.1302 0.0103 0.0008 0.0001 1.0000 0.4873 0.0385 0.0030 0.0002 1.0000 1.0000 0.1468 0.0117 0.0009 0.0001 1.0000 0.5772 0.0466 0.0038 0.0003 1.0000 1.0000 0.2075 0.0173 0.0015 0.0001 1.0000 1.0000 0.0912 0.0078 0.0007 0.0001 1.0000
0.0001 0.0007 0.0085 0.0988 1.0000 1.0000 0.0001 0.0015 0.0182 0.2151 1.0000 1.0000 0.0003 0.0037 0.0457 0.5599 1.0000 0.0001 0.0009 0.0110 0.1376 1.0000 1.0000 0.0002 0.0028 0.0357 0.4499 1.0000 0.0001 0.0008 0.0095 0.1200 1.0000 1.0000 0.0002 0.0025 0.0321 0.4052 1.0000 0.0001 0.0007 0.0086 0.1083 1.0000 1.0000 0.0002 0.0023 0.0287 0.3534 1.0000 1.0000 1.0000 0.3534 0.0287 0.0023 0.0002 1.0000 1.0000 0.1083 0.0086 0.0007 0.0001 1.0000 0.4052 0.0321 0.0025 0.0002 1.0000 1.0000 0.1200 0.0095 0.0008 0.0001 1.0000 0.4499 0.0357 0.0028 0.0002 1.0000 1.0000 0.1376 0.0110 0.0009 0.0001 1.0000 0.5599 0.0457 0.0037 0.0003 1.0000 1.0000 0.2151 0.0182 0.0015 0.0001 1.0000 1.0000 0.0988 0.0085 0.0007 0.0001
0.0007 0.0092 0.1072 1.0000 1.0000 0.0001 0.0016 0.0193 0.2273 1.0000 1.0000 0.0003 0.0038 0.0457 0.5535 1.0000 0.0001 0.0008 0.0105 0.1304 1.0000 1.0000 0.0002 0.0026 0.0332 0.4177 1.0000 0.0001 0.0007 0.0087 0.1105 1.0000 1.0000 0.0002 0.0023 0.0295 0.3734 1.0000 1.0000 0.0006 0.0079 0.0998 1.0000 1.0000 0.0002 0.0021 0.0266 0.3344 1.0000 1.0000 0.0002 1.0000 1.0000 0.3344 0.0266 0.0021 0.0002 1.0000 1.0000 0.0998 0.0079 0.0006 1.0000 1.0000 0.3734 0.0295 0.0023 0.0002 1.0000 1.0000 0.1105 0.0087 0.0007 0.0001 1.0000 0.4177 0.0332 0.0026 0.0002 1.0000 1.0000 0.1304 0.0105 0.0008 0.0001 1.0000 0.5535 0.0457 0.0038 0.0003 1.0000 1.0000 0.2273 0.0193 0.0016 0.0001 1.0000 1.0000 0.1072 0.0092 0.0007
0.0093 0.1164 1.0000 1.0000 0.0002 0.0018 0.0207 0.2429 1.0000 1.0000 0.0003 0.0039 0.0466 0.5599 1.0000 0.0001 0.0008 0.0102 0.1253 1.0000 1.0000 0.0002 0.0025 0.0311 0.3901 1.0000 1.0000 0.0006 0.0081 0.1019 1.0000 1.0000 0.0002 0.0022 0.0272 0.3441 1.0000 1.0000 0.0006 0.0073 0.0919 1.0000 1.0000 0.0002 0.0019 0.0246 0.3099 1.0000 1.0000 0.0004 0.0022 0.0004 1.0000 1.0000 0.3099 0.0246 0.0019 0.0002 1.0000 1.0000 0.0919 0.0073 0.0006 1.0000 1.0000 0.3441 0.0272 0.0022 0.0002 1.0000 1.0000 0.1019 0.0081 0.0006 1.0000 1.0000 0.3901 0.0311 0.0025 0.0002 1.0000 1.0000 0.1253 0.0102 0.0008 0.0001 1.0000 0.5599 0.0466 0.0039 0.0003 1.0000 1.0000 0.2429 0.0207 0.0018 0.0002 1.0000 1.0000 0.1164 0.0093
0.1173 1.0000 1.0000 0.0002 0.0019 0.0224 0.2616 1.0000 1.0000 0.0003 0.0041 0.0486 0.5772 1.0000 0.0001 0.0008 0.0100 0.1227 1.0000 1.0000 0.0002 0.0024 0.0294 0.3671 1.0000 1.0000 0.0006 0.0075 0.0944 1.0000 1.0000 0.0002 0.0020 0.0251 0.3171 1.0000 1.0000 0.0005 0.0067 0.0847 1.0000 1.0000 0.0001 0.0018 0.0226 0.2861 1.0000 1.0000 0.0005 0.0052 0.0255 0.0052 0.0005 1.0000 1.0000 0.2861 0.0226 0.0018 0.0001 1.0000 1.0000 0.0847 0.0067 0.0005 1.0000 1.0000 0.3171 0.0251 0.0020 0.0002 1.0000 1.0000 0.0944 0.0075 0.0006 1.0000 1.0000 0.3671 0.0294 0.0024 0.0002 1.0000 1.0000 0.1227 0.0100 0.0008 0.0001 1.0000 0.5772 0.0486 0.0041 0.0003 1.0000 1.0000 0.2616 0.0224 0.0019 0.0002 1.0000 1.0000 0.1173
1.0000 1.0000 0.0002 0.0021 0.0243 0.2834 1.0000 1.0000 0.0004 0.0044 0.0515 0.6076 1.0000 0.0001 0.0008 0.0102 0.1227 1.0000 1.0000 0.0002 0.0023 0.0281 0.3493 1.0000 1.0000 0.0006 0.0070 0.0882 1.0000 1.0000 0.0001 0.0018 0.0231 0.2922 1.0000 1.0000 0.0005 0.0062 0.0781 0.9868 1.0000 0.0001 0.0016 0.0209 0.2636 1.0000 1.0000 0.0004 0.0054 0.0600 0.2966 0.0600 0.0054 0.0004 1.0000 1.0000 0.2636 0.0209 0.0016 0.0001 1.0000 0.9868 0.0781 0.0062 0.0005 1.0000 1.0000 0.2922 0.0231 0.0018 0.0001 1.0000 1.0000 0.0882 0.0070 0.0006 1.0000 1.0000 0.3493 0.0281 0.0023 0.0002 1.0000 1.0000 0.1227 0.0102 0.0008 0.0001 1.0000 0.6076 0.0515 0.0044 0.0004 1.0000 1.0000 0.2834 0.0243 0.0021 0.0002 1.0000 1.0000
1.0000 0.0002 0.0023 0.0264 0.3075 1.0000 1.0000 0.0004 0.0047 0.0551 0.6469 1.0000 0.0001 0.0009 0.0105 0.1253 1.0000 1.0000 0.0002 0.0022 0.0273 0.3363 1.0000 1.0000 0.0005 0.0066 0.0830 1.0000 1.0000 0.0001 0.0017 0.0214 0.2697 1.0000 1.0000 0.0005 0.0057 0.0719 0.9093 1.0000 0.0001 0.0015 0.0192 0.2429 1.0000 1.0000 0.0004 0.0051 0.0627 0.6994 1.0000 0.6994 0.0627 0.0051 0.0004 1.0000 1.0000 0.2429 0.0192 0.0015 0.0001 1.0000 0.9093 0.0719 0.0057 0.0005 1.0000 1.0000 0.2697 0.0214 0.0017 0.0001 1.0000 1.0000 0.0830 0.0066 0.0005 1.0000 1.0000 0.3363 0.0273 0.0022 0.0002 1.0000 1.0000 0.1253 0.0105 0.0009 0.0001 1.0000 0.6469 0.0551 0.0047 0.0004 1.0000 1.0000 0.3075 0.0264 0.0023 0.0002 1.0000
0.0002 0.0025 0.0287 0.3338 1.0000 1.0000 0.0004 0.0051 0.0594 0.6941 1.0000 0.0001 0.0009 0.0110 0.1304 1.0000 1.0000 0.0002 0.0022 0.0270 0.3300 1.0000 1.0000 0.0005 0.0063 0.0785 0.9793 1.0000 0.0001 0.0016 0.0200 0.2509 1.0000 1.0000 0.0004 0.0052 0.0663 0.8379 1.0000 0.0001 0.0014 0.0177 0.2239 1.0000 1.0000 0.0004 0.0047 0.0594 0.7307 1.0000 1.0000 1.0000 0.7307 0.0594 0.0047 0.0004 1.0000 1.0000 0.2239 0.0177 0.0014 0.0001 1.0000 0.8379 0.0663 0.0052 0.0004 1.0000 1.0000 0.2509 0.0200 0.0016 0.0001 1.0000 0.9793 0.0785 0.0063 0.0005 1.0000 1.0000 0.3300 0.0270 0.0022 0.0002 1.0000 1.0000 0.1304 0.0110 0.0009 0.0001 1.0000 0.6941 0.0594 0.0051 0.0004 1.0000 1.0000 0.3338 0.0287 0.0025 0.0002
0.0025 0.0311 0.3622 1.0000 1.0000 0.0005 0.0055 0.0643 0.7490 1.0000 0.0001 0.0010 0.0117 0.1376 1.0000 1.0000 0.0002 0.0023 0.0273 0.3300 1.0000 1.0000 0.0005 0.0061 0.0753 0.9338 1.0000 0.0001 0.0015 0.0187 0.2348 1.0000 1.0000 0.0004 0.0048 0.0611 0.7721 1.0000 0.0001 0.0013 0.0163 0.2063 1.0000 1.0000 0.0003 0.0044 0.0550 0.6915 1.0000 0.0001 0.0004 0.0001 1.0000 0.6915 0.0550 0.0044 0.0003 1.0000 1.0000 0.2063 0.0163 0.0013 0.0001 1.0000 0.7721 0.0611 0.0048 0.0004 1.0000 1.0000 0.2348 0.0187 0.0015 0.0001 1.0000 0.9338 0.0753 0.0061 0.0005 1.0000 1.0000 0.3300 0.0273 0.0023 0.0002 1.0000 1.0000 0.1376 0.0117 0.0010 0.0001 1.0000 0.7490 0.0643 0.0055 0.0005 1.0000 1.0000 0.3622 0.0311 0.0025
0.0313 0.3931 1.0000 1.0000 0.0005 0.0060 0.0698 0.8128 1.0000 0.0001 0.0011 0.0125 0.1468 1.0000 1.0000 0.0002 0.0024 0.0281 0.3363 1.0000 1.0000 0.0005 0.0060 0.0733 0.9024 1.0000 0.0001 0.0014 0.0177 0.2209 1.0000 1.0000 0.0004 0.0045 0.0566 0.7128 1.0000 0.0001 0.0012 0.0150 0.1901 1.0000 1.0000 0.0003 0.0040 0.0508 0.6408 1.0000 0.0001 0.0009 0.0045 0.0009 0.0001 1.0000 0.6408 0.0508 0.0040 0.0003 1.0000 1.0000 0.1901 0.0150 0.0012 0.0001 1.0000 0.7128 0.0566 0.0045 0.0004 1.0000 1.0000 0.2209 0.0177 0.0014 0.0001 1.0000 0.9024 0.0733 0.0060 0.0005 1.0000 1.0000 0.3363 0.0281 0.0024 0.0002 1.0000 1.0000 0.1468 0.0125 0.0011 0.0001 1.0000 0.8128 0.0698 0.0060 0.0005 1.0000 1.0000 0.3931 0.0313
0.3961 1.0000 1.0000 0.0006 0.0065 0.0757 0.8820 1.0000 0.0001 0.0012 0.0135 0.1575 1.0000 1.0000 0.0002 0.0025 0.0294 0.3493 1.0000 1.0000 0.0005 0.0060 0.0726 0.8871 1.0000 0.0001 0.0014 0.0169 0.2098 1.0000 1.0000 0.0003 0.0042 0.0529 0.6631 1.0000 0.0001 0.0011 0.0139 0.1752 1.0000 1.0000 0.0003 0.0037 0.0468 0.5916 1.0000 0.0001 0.0010 0.0107 0.0527 0.0107 0.0010 0.0001 1.0000 0.5916 0.0468 0.0037 0.0003 1.0000 1.0000 0.1752 0.0139 0.0011 0.0001 1.0000 0.6631 0.0529 0.0042 0.0003 1.0000 1.0000 0.2098 0.0169 0.0014 0.0001 1.0000 0.8871 0.0726 0.0060 0.0005 1.0000 1.0000 0.3493 0.0294 0.0025 0.0002 1.0000 1.0000 0.1575 0.0135 0.0012 0.0001 1.0000 0.8820 0.0757 0.0065 0.0006 1.0000 1.0000 0.3961
1.0000 1.0000 0.0006 0.0071 0.0822 0.9572 1.0000 0.0001 0.0013 0.0146 0.1699 1.0000 1.0000 0.0002 0.0026 0.0311 0.3671 1.0000 1.0000 0.0005 0.0061 0.0733 0.8871 1.0000 0.0001 0.0013 0.0164 0.2020 1.0000 1.0000 0.0003 0.0040 0.0497 0.6216 1.0000 0.0001 0.0010 0.0128 0.1617 1.0000 1.0000 0.0003 0.0034 0.0431 0.5452 1.0000 0.0001 0.0009 0.0111 0.1241 0.6134 0.1241 0.0111 0.0009 0.0001 1.0000 0.5452 0.0431 0.0034 0.0003 1.0000 1.0000 0.1617 0.0128 0.0010 0.0001 1.0000 0.6216 0.0497 0.0040 0.0003 1.0000 1.0000 0.2020 0.0164 0.0013 0.0001 1.0000 0.8871 0.0733 0.0061 0.0005 1.0000 1.0000 0.3671 0.0311 0.0026 0.0002 1.0000 1.0000 0.1699 0.0146 0.0013 0.0001 1.0000 0.9572 0.0822 0.0071 0.0006 1.0000 1.0000
0.0001 0.0007 0.0077 0.0892 1.0000 1.0000 0.0001 0.0014 0.0158 0.1844 1.0000 1.0000 0.0002 0.0028 0.0332 0.3901 1.0000 1.0000 0.0005 0.0063 0.0753 0.9024 1.0000 0.0001 0.0013 0.0161 0.1971 1.0000 1.0000 0.0003 0.0038 0.0472 0.5882 1.0000 0.0001 0.0010 0.0120 0.1504 1.0000 1.0000 0.0002 0.0031 0.0397 0.5024 1.0000 0.0001 0.0008 0.0105 0.1297 1.0000 1.0000 1.0000 0.1297 0.0105 0.0008 0.0001 1.0000 0.5024 0.0397 0.0031 0.0002 1.0000 1.0000 0.1504 0.0120 0.0010 0.0001 1.0000 0.5882 0.0472 0.0038 0.0003 1.0000 1.0000 0.1971 0.0161 0.0013 0.0001 1.0000 0.9024 0.0753 0.0063 0.0005 1.0000 1.0000 0.3901 0.0332 0.0028 0.0002 1.0000 1.0000 0.1844 0.0158 0.0014 0.0001 1.0000 1.0000 0.0892 0.0077 0.0007 0.0001
0.0007 0.0083 0.0968 1.0000 1.0000 0.0001 0.0015 0.0172 0.2001 1.0000 1.0000 0.0003 0.0030 0.0357 0.4177 1.0000 1.0000 0.0006 0.0066 0.0785 0.9338 1.0000 0.0001 0.0013 0.0161 0.1952 1.0000 1.0000 0.0003 0.0037 0.0452 0.5609 1.0000 0.0001 0.0009 0.0112 0.1408 1.0000 1.0000 0.0002 0.0029 0.0366 0.4629 1.0000 0.0001 0.0008 0.0098 0.1227 1.0000 1.0000 0.0001 1.0000 1.0000 0.1227 0.0098 0.0008 0.0001 1.0000 0.4629 0.0366 0.0029 0.0002 1.0000 1.0000 0.1408 0.0112 0.0009 0.0001 1.0000 0.5609 0.0452 0.0037 0.0003 1.0000 1.0000 0.1952 0.0161 0.0013 0.0001 1.0000 0.9338 0.0785 0.0066 0.0006 1.0000 1.0000 0.4177 0.0357 0.0030 0.0003 1.0000 1.0000 0.2001 0.0172 0.0015 0.0001 1.0000 1.0000 0.0968 0.0083 0.0007
0.0084 0.1050 1.0000 1.0000 0.0001 0.0016 0.0186 0.2172 1.0000 1.0000 0.0003 0.0033 0.0385 0.4499 1.0000 1.0000 0.0006 0.0070 0.0830 0.9793 1.0000 0.0001 0.0014 0.0164 0.1971 1.0000 1.0000 0.0003 0.0036 0.0439 0.5410 1.0000 0.0001 0.0009 0.0106 0.1324 1.0000 1.0000 0.0002 0.0027 0.0339 0.4274 1.0000 0.0001 0.0007 0.0090 0.1137 1.0000 1.0000 0.0002 0.0008 0.0002 1.0000 1.0000 0.1137 0.0090 0.0007 0.0001 1.0000 0.4274 0.0339 0.0027 0.0002 1.0000 1.0000 0.1324 0.0106 0.0009 0.0001 1.0000 0.5410 0.0439 0.0036 0.0003 1.0000 1.0000 0.1971 0.0164 0.0014 0.0001 1.0000 0.9793 0.0830 0.0070 0.0006 1.0000 1.0000 0.4499 0.0385 0.0033 0.0003 1.0000 1.0000 0.2172 0.0186 0.0016 0.0001 1.0000 1.0000 0.1050 0.0084
0.1058 1.0000 1.0000 0.0001 0.0017 0.0202 0.2357 1.0000 1.0000 0.0003 0.0036 0.0418 0.4873 1.0000 0.0001 0.0006 0.0075 0.0882 1.0000 1.0000 0.0001 0.0014 0.0169 0.2020 1.0000 1.0000 0.0003 0.0035 0.0432 0.5288 1.0000 0.0001 0.0008 0.0101 0.1258 1.0000 1.0000 0.0002 0.0025 0.0317 0.3976 1.0000 1.0000 0.0007 0.0083 0.1050 1.0000 1.0000 0.0002 0.0019 0.0093 0.0019 0.0002 1.0000 1.0000 0.1050 0.0083 0.0007 1.0000 1.0000 0.3976 0.0317 0.0025 0.0002 1.0000 1.0000 0.1258 0.0101 0.0008 0.0001 1.0000 0.5288 0.0432 0.0035 0.0003 1.0000 1.0000 0.2020 0.0169 0.0014 0.0001 1.0000 1.0000 0.0882 0.0075 0.0006 0.0001 1.0000 0.4873 0.0418 0.0036 0.0003 1.0000 1.0000 0.2357 0.0202 0.0017 0.0001 1.0000 1.0000 0.1058
1.0000 1.0000 0.0002 0.0019 0.0220 0.2557 1.0000 1.0000 0.0003 0.0039 0.0454 0.5288 1.0000 0.0001 0.0007 0.0081 0.0944 1.0000 1.0000 0.0001 0.0015 0.0177 0.2098 1.0000 1.0000 0.0003 0.0036 0.0432 0.5248 1.0000 0.0001 0.0008 0.0098 0.1209 1.0000 1.0000 0.0002 0.0024 0.0298 0.3727 1.0000 1.0000 0.0006 0.0077 0.0970 1.0000 1.0000 0.0002 0.0020 0.0220 0.1089 0.0220 0.0020 0.0002 1.0000 1.0000 0.0970 0.0077 0.0006 1.0000 1.0000 0.3727 0.0298 0.0024 0.0002 1.0000 1.0000 0.1209 0.0098 0.0008 0.0001 1.0000 0.5248 0.0432 0.0036 0.0003 1.0000 1.0000 0.2098 0.0177 0.0015 0.0001 1.0000 1.0000 0.0944 0.0081 0.0007 0.0001 1.0000 0.5288 0.0454 0.0039 0.0003 1.0000 1.0000 0.2557 0.0220 0.0019 0.0002 1.0000 1.0000
1.0000 0.0002 0.0020 0.0238 0.2775 1.0000 1.0000 0.0004 0.0042 0.0493 0.5739 1.0000 0.0001 0.0008 0.0087 0.1019 1.0000 1.0000 0.0001 0.0016 0.0187 0.2209 1.0000 1.0000 0.0003 0.0037 0.0439 0.5288 1.0000 0.0001 0.0008 0.0096 0.1177 1.0000 1.0000 0.0002 0.0023 0.0283 0.3520 1.0000 1.0000 0.0006 0.0071 0.0900 1.0000 1.0000 0.0001 0.0019 0.0230 0.2567 1.0000 0.2567 0.0230 0.0019 0.0001 1.0000 1.0000 0.0900 0.0071 0.0006 1.0000 1.0000 0.3520 0.0283 0.0023 0.0002 1.0000 1.0000 0.1177 0.0096 0.0008 0.0001 1.0000 0.5288 0.0439 0.0037 0.0003 1.0000 1.0000 0.2209 0.0187 0.0016 0.0001 1.0000 1.0000 0.1019 0.0087 0.0008 0.0001 1.0000 0.5739 0.0493 0.0042 0.0004 1.0000 1.0000 0.2775 0.0238 0.0020 0.0002 1.0000
0.0002 0.0022 0.0259 0.3012 1.0000 1.0000 0.0004 0.0046 0.0535 0.6228 1.0000 0.0001 0.0008 0.0095 0.1105 1.0000 1.0000 0.0001 0.0017 0.0200 0.2348 1.0000 1.0000 0.0003 0.0038 0.0452 0.5410 1.0000 0.0001 0.0008 0.0095 0.1159 1.0000 1.0000 0.0002 0.0022 0.0271 0.3357 1.0000 1.0000 0.0005 0.0067 0.0841 1.0000 1.0000 0.0001 0.0017 0.0218 0.2682 1.0000 1.0000 1.0000 0.2682 0.0218 0.0017 0.0001 1.0000 1.0000 0.0841 0.0067 0.0005 1.0000 1.0000 0.3357 0.0271 0.0022 0.0002 1.0000 1.0000 0.1159 0.0095 0.0008 0.0001 1.0000 0.5410 0.0452 0.0038 0.0003 1.0000 1.0000 0.2348 0.0200 0.0017 0.0001 1.0000 1.0000 0.1105 0.0095 0.0008 0.0001 1.0000 0.6228 0.0535 0.0046 0.0004 1.0000 1.0000 0.3012 0.0259 0.0022 0.0002
0.0022 0.0281 0.3268 1.0000 1.0000 0.0004 0.0050 0.0580 0.6759 1.0000 0.0001 0.0009 0.0103 0.1200 1.0000 1.0000 0.0002 0.0018 0.0214 0.2509 1.0000 1.0000 0.0003 0.0040 0.0472 0.5609 1.0000 0.0001 0.0008 0.0096 0.1159 1.0000 1.0000 0.0002 0.0021 0.0262 0.3231 1.0000 1.0000 0.0005 0.0063 0.0791 0.9887 1.0000 0.0001 0.0016 0.0203 0.2548 1.0000 1.0000 0.0001 1.0000 1.0000 0.2548 0.0203 0.0016 0.0001 1.0000 0.9887 0.0791 0.0063 0.0005 1.0000 1.0000 0.3231 0.0262 0.0021 0.0002 1.0000 1.0000 0.1159 0.0096 0.0008 0.0001 1.0000 0.5609 0.0472 0.0040 0.0003 1.0000 1.0000 0.2509 0.0214 0.0018 0.0002 1.0000 1.0000 0.1200 0.0103 0.0009 0.0001 1.0000 0.6759 0.0580 0.0050 0.0004 1.0000 1.0000 0.3268 0.0281 0.0022
0.0283 0.3547 1.0000 1.0000 0.0005 0.0054 0.0630 0.7335 1.0000 0.0001 0.0010 0.0112 0.1302 1.0000 1.0000 0.0002 0.0020 0.0231 0.2697 1.0000 1.0000 0.0004 0.0042 0.0497 0.5882 1.0000 0.0001 0.0008 0.0098 0.1177 1.0000 1.0000 0.0002 0.0021 0.0256 0.3146 1.0000 1.0000 0.0005 0.0060 0.0751 0.9356 1.0000 0.0001 0.0015 0.0190 0.2384 1.0000 1.0000 0.0003 0.0017 0.0003 1.0000 1.0000 0.2384 0.0190 0.0015 0.0001 1.0000 0.9356 0.0751 0.0060 0.0005 1.0000 1.0000 0.3146 0.0256 0.0021 0.0002 1.0000 1.0000 0.1177 0.0098 0.0008 0.0001 1.0000 0.5882 0.0497 0.0042 0.0004 1.0000 1.0000 0.2697 0.0231 0.0020 0.0002 1.0000 1.0000 0.1302 0.0112 0.0010 0.0001 1.0000 0.7335 0.0630 0.0054 0.0005 1.0000 1.0000 0.3547 0.0283
0.3574 1.0000 1.0000 0.0005 0.0059 0.0683 0.7960 1.0000 0.0001 0.0010 0.0121 0.1413 1.0000 1.0000 0.0002 0.0022 0.0251 0.2922 1.0000 1.0000 0.0004 0.0045 0.0529 0.6216 1.0000 0.0001 0.0009 0.0101 0.1209 1.0000 1.0000 0.0002 0.0021 0.0254 0.3099 1.0000 1.0000 0.0005 0.0058 0.0719 0.8922 1.0000 0.0001 0.0014 0.0178 0.2230 1.0000 1.0000 0.0004 0.0039 0.0194 0.0039 0.0004 1.0000 1.0000 0.2230 0.0178 0.0014 0.0001 1.0000 0.8922 0.0719 0.0058 0.0005 1.0000 1.0000 0.3099 0.0254 0.0021 0.0002 1.0000 1.0000 0.1209 0.0101 0.0009 0.0001 1.0000 0.6216 0.0529 0.0045 0.0004 1.0000 1.0000 0.2922 0.0251 0.0022 0.0002 1.0000 1.0000 0.1413 0.0121 0.0010 0.0001 1.0000 0.7960 0.0683 0.0059 0.0005 1.0000 1.0000 0.3574
1.0000 1.0000 0.0005 0.0064 0.0741 0.8638 1.0000 0.0001 0.0011 0.0132 0.1533 1.0000 1.0000 0.0002 0.0023 0.0272 0.3171 1.0000 1.0000 0.0004 0.0048 0.0566 0.6631 1.0000 0.0001 0.0009 0.0106 0.1258 1.0000 1.0000 0.0002 0.0021 0.0256 0.3099 1.0000 1.0000 0.0005 0.0057 0.0696 0.8589 1.0000 0.0001 0.0014 0.0169 0.2102 1.0000 1.0000 0.0003 0.0041 0.0460 0.2273 0.0460 0.0041 0.0003 1.0000 1.0000 0.2102 0.0169 0.0014 0.0001 1.0000 0.8589 0.0696 0.0057 0.0005 1.0000 1.0000 0.3099 0.0256 0.0021 0.0002 1.0000 1.0000 0.1258 0.0106 0.0009 0.0001 1.0000 0.6631 0.0566 0.0048 0.0004 1.0000 1.0000 0.3171 0.0272 0.0023 0.0002 1.0000 1.0000 0.1533 0.0132 0.0011 0.0001 1.0000 0.8638 0.0741 0.0064 0.0005 1.0000 1.0000
1.0000 0.0006 0.0069 0.0805 0.9374 1.0000 0.0001 0.0012 0.0143 0.1664 1.0000 1.0000 0.0002 0.0025 0.0295 0.3441 1.0000 1.0000 0.0005 0.0052 0.0611 0.7128 1.0000 0.0001 0.0010 0.0112 0.1324 1.0000 1.0000 0.0002 0.0022 0.0262 0.3146 1.0000 1.0000 0.0005 0.0056 0.0682 0.8363 1.0000 0.0001 0.0013 0.0161 0.1997 1.0000 1.0000 0.0003 0.0040 0.0486 0.5400 1.0000 0.5400 0.0486 0.0040 0.0003 1.0000 1.0000 0.1997 0.0161 0.0013 0.0001 1.0000 0.8363 0.0682 0.0056 0.0005 1.0000 1.0000 0.3146 0.0262 0.0022 0.0002 1.0000 1.0000 0.1324 0.0112 0.0010 0.0001 1.0000 0.7128 0.0611 0.0052 0.0005 1.0000 1.0000 0.3441 0.0295 0.0025 0.0002 1.0000 1.0000 0.1664 0.0143 0.0012 0.0001 1.0000 0.9374 0.0805 0.0069 0.0006 1.0000
0.0006 0.0075 0.0873 1.0000 1.0000 0.0001 0.0013 0.0155 0.1806 1.0000 1.0000 0.0002 0.0028 0.0321 0.3734 1.0000 1.0000 0.0005 0.0057 0.0663 0.7721 1.0000 0.0001 0.0010 0.0120 0.1408 1.0000 1.0000 0.0002 0.0023 0.0271 0.3231 1.0000 1.0000 0.0005 0.0056 0.0677 0.8237 1.0000 0.0001 0.0013 0.0155 0.1912 1.0000 1.0000 0.0003 0.0038 0.0470 0.5717 1.0000 1.0000 1.0000 0.5717 0.0470 0.0038 0.0003 1.0000 1.0000 0.1912 0.0155 0.0013 0.0001 1.0000 0.8237 0.0677 0.0056 0.0005 1.0000 1.0000 0.3231 0.0271 0.0023 0.0002 1.0000 1.0000 0.1408 0.0120 0.0010 0.0001 1.0000 0.7721 0.0663 0.0057 0.0005 1.0000 1.0000 0.3734 0.0321 0.0028 0.0002 1.0000 1.0000 0.1806 0.0155 0.0013 0.0001 1.0000 1.0000 0.0873 0.0075 0.0006
0.0076 0.0948 1.0000 1.0000 0.0001 0.0014 0.0168 0.1960 1.0000 1.0000 0.0003 0.0030 0.0348 0.4052 1.0000 1.0000 0.0005 0.0062 0.0719 0.8379 1.0000 0.0001 0.0011 0.0128 0.1504 1.0000 1.0000 0.0002 0.0024 0.0283 0.3357 1.0000 1.0000 0.0005 0.0057 0.0682 0.8237 1.0000 0.0001 0.0012 0.0151 0.1851 1.0000 1.0000 0.0003 0.0036 0.0447 0.5546 1.0000 0.0001 0.0003 0.0001 1.0000 0.5546 0.0447 0.0036 0.0003 1.0000 1.0000 0.1851 0.0151 0.0012 0.0001 1.0000 0.8237 0.0682 0.0057 0.0005 1.0000 1.0000 0.3357 0.0283 0.0024 0.0002 1.0000 1.0000 0.1504 0.0128 0.0011 0.0001 1.0000 0.8379 0.0719 0.0062 0.0005 1.0000 1.0000 0.4052 0.0348 0.0030 0.0003 1.0000 1.0000 0.1960 0.0168 0.0014 0.0001 1.0000 1.0000 0.0948 0.0076
0.0955 1.0000 1.0000 0.0001 0.0016 0.0183 0.2127 1.0000 1.0000 0.0003 0.0032 0.0377 0.4397 1.0000 1.0000 0.0006 0.0067 0.0781 0.9093 1.0000 0.0001 0.0012 0.0139 0.1617 1.0000 1.0000 0.0002 0.0025 0.0298 0.3520 1.0000 1.0000 0.0005 0.0058 0.0696 0.8363 1.0000 0.0001 0.0012 0.0148 0.1813 1.0000 1.0000 0.0003 0.0034 0.0427 0.5298 1.0000 0.0001 0.0007 0.0036 0.0007 0.0001 1.0000 0.5298 0.0427 0.0034 0.0003 1.0000 1.0000 0.1813 0.0148 0.0012 0.0001 1.0000 0.8363 0.0696 0.0058 0.0005 1.0000 1.0000 0.3520 0.0298 0.0025 0.0002 1.0000 1.0000 0.1617 0.0139 0.0012 0.0001 1.0000 0.9093 0.0781 0.0067 0.0006 1.0000 1.0000 0.4397 0.0377 0.0032 0.0003 1.0000 1.0000 0.2127 0.0183 0.0016 0.0001 1.0000 1.0000 0.0955
1.0000 1.0000 0.0001 0.0017 0.0198 0.2308 1.0000 1.0000 0.0003 0.0035 0.0410 0.4772 1.0000 0.0001 0.0006 0.0073 0.0847 0.9868 1.0000 0.0001 0.0013 0.0150 0.1752 1.0000 1.0000 0.0002 0.0027 0.0317 0.3727 1.0000 1.0000 0.0005 0.0060 0.0719 0.8589 1.0000 0.0001 0.0012 0.0148 0.1799 1.0000 1.0000 0.0003 0.0033 0.0411 0.5081 1.0000 0.0001 0.0008 0.0086 0.0422 0.0086 0.0008 0.0001 1.0000 0.5091 0.0412 0.0033 0.0003 1.0000 1.0000 0.1799 0.0148 0.0012 0.0001 1.0000 0.8589 0.0719 0.0060 0.0005 1.0000 1.0000 0.3727 0.0317 0.0027 0.0002 1.0000 1.0000 0.1752 0.0150 0.0013 0.0001 1.0000 0.9868 0.0847 0.0073 0.0006 0.0001 1.0000 0.4772 0.0410 0.0035 0.0003 1.0000 1.0000 0.2308 0.0198 0.0017 0.0001 1.0000 1.0000
1.0000 0.0002 0.0018 0.0215 0.2504 1.0000 1.0000 0.0003 0.0038 0.0445 0.5179 1.0000 0.0001 0.0007 0.0079 0.0919 1.0000 1.0000 0.0001 0.0014 0.0163 0.1901 1.0000 1.0000 0.0002 0.0029 0.0339 0.3976 1.0000 1.0000 0.0005 0.0063 0.0751 0.8922 1.0000 0.0001 0.0013 0.0151 0.1813 1.0000 1.0000 0.0003 0.0033 0.0400 0.4920 1.0000 0.0001 0.0008 0.0092 0.1019 0.4995 0.1019 0.0092 0.0008 0.0001 1.0000 0.4929 0.0401 0.0033 0.0003 1.0000 1.0000 0.1813 0.0151 0.0013 0.0001 1.0000 0.8922 0.0751 0.0063 0.0005 1.0000 1.0000 0.3976 0.0339 0.0029 0.0002 1.0000 1.0000 0.1901 0.0163 0.0014 0.0001 1.0000 1.0000 0.0919 0.0079 0.0007 0.0001 1.0000 0.5179 0.0445 0.0038 0.0003 1.0000 1.0000 0.2504 0.0215 0.0018 0.0002 1.0000
0.0002 0.0020 0.0233 0.2718 1.0000 1.0000 0.0004 0.0041 0.0482 0.5620 1.0000 0.0001 0.0007 0.0086 0.0998 1.0000 1.0000 0.0001 0.0015 0.0177 0.2063 1.0000 1.0000 0.0003 0.0031 0.0366 0.4274 1.0000 1.0000 0.0006 0.0067 0.0791 0.9356 1.0000 0.0001 0.0013 0.0155 0.1851 1.0000 1.0000 0.0003 0.0032 0.0394 0.4827 1.0000 0.0001 0.0007 0.0091 0.1099 1.0000 1.0000 1.0000 0.1099 0.0091 0.0007 0.0001 1.0000 0.4836 0.0395 0.0032 0.0003 1.0000 1.0000 0.1851 0.0155 0.0013 0.0001 1.0000 0.9356 0.0791 0.0067 0.0006 1.0000 1.0000 0.4274 0.0366 0.0031 0.0003 1.0000 1.0000 0.2063 0.0177 0.0015 0.0001 1.0000 1.0000 0.0998 0.0086 0.0007 0.0001 1.0000 0.5620 0.0482 0.0041 0.0004 1.0000 1.0000 0.2718 0.0233 0.0020 0.0002
0.0020 0.0253 0.2949 1.0000 1.0000 0.0004 0.0045 0.0524 0.6099 1.0000 0.0001 0.0008 0.0093 0.1083 1.0000 1.0000 0.0001 0.0016 0.0192 0.2239 1.0000 1.0000 0.0003 0.0034 0.0397 0.4629 1.0000 1.0000 0.0006 0.0071 0.0841 0.9887 1.0000 0.0001 0.0014 0.0161 0.1912 1.0000 1.0000 0.0003 0.0033 0.0394 0.4790 1.0000 0.0001 0.0007 0.0089 0.1089 1.0000 1.0000 0.0001 1.0000 1.0000 0.1087 0.0089 0.0007 0.0001 1.0000 0.4799 0.0395 0.0033 0.0003 1.0000 1.0000 0.1912 0.0161 0.0014 0.0001 1.0000 0.9887 0.0841 0.0071 0.0006 1.0000 1.0000 0.4629 0.0397 0.0034 0.0003 1.0000 1.0000 0.2239 0.0192 0.0016 0.0001 1.0000 1.0000 0.1083 0.0093 0.0008 0.0001 1.0000 0.6099 0.0524 0.0045 0.0004 1.0000 1.0000 0.2949 0.0253 0.0020
0.0255 0.3201 1.0000 1.0000 0.0004 0.0049 0.0568 0.6619 1.0000 0.0001 0.0009 0.0101 0.1175 1.0000 1.0000 0.0002 0.0018 0.0209 0.2429 1.0000 1.0000 0.0003 0.0037 0.0431 0.5024 1.0000 0.0001 0.0007 0.0077 0.0900 1.0000 1.0000 0.0001 0.0014 0.0169 0.1997 1.0000 1.0000 0.0003 0.0033 0.0400 0.4827 1.0000 0.0001 0.0007 0.0085 0.1050 1.0000 1.0000 0.0001 0.0007 0.0001 1.0000 1.0000 0.1048 0.0085 0.0007 0.0001 1.0000 0.4836 0.0401 0.0033 0.0003 1.0000 1.0000 0.1997 0.0169 0.0014 0.0001 1.0000 1.0000 0.0900 0.0077 0.0007 0.0001 1.0000 0.5024 0.0431 0.0037 0.0003 1.0000 1.0000 0.2429 0.0209 0.0018 0.0002 1.0000 1.0000 0.1175 0.0101 0.0009 0.0001 1.0000 0.6619 0.0568 0.0049 0.0004 1.0000 1.0000 0.3201 0.0255
0.3225 1.0000 1.0000 0.0005 0.0053 0.0617 0.7183 1.0000 0.0001 0.0009 0.0109 0.1275 1.0000 1.0000 0.0002 0.0019 0.0226 0.2636 1.0000 1.0000 0.0003 0.0040 0.0468 0.5452 1.0000 0.0001 0.0007 0.0083 0.0970 1.0000 1.0000 0.0001 0.0015 0.0178 0.2102 1.0000 1.0000 0.0003 0.0034 0.0411 0.4920 1.0000 0.0001 0.0007 0.0088 0.1042 1.0000 1.0000 0.0002 0.0017 0.0083 0.0017 0.0002 1.0000 1.0000 0.1038 0.0086 0.0007 0.0001 1.0000 0.4929 0.0412 0.0034 0.0003 1.0000 1.0000 0.2102 0.0178 0.0015 0.0001 1.0000 1.0000 0.0970 0.0083 0.0007 0.0001 1.0000 0.5452 0.0468 0.0040 0.0003 1.0000 1.0000 0.2636 0.0226 0.0019 0.0002 1.0000 1.0000 0.1275 0.0109 0.0009 0.0001 1.0000 0.7183 0.0617 0.0053 0.0005 1.0000 1.0000 0.3225
1.0000 1.0000 0.0005 0.0057 0.0669 0.7795 1.0000 0.0001 0.0010 0.0119 0.1384 1.0000 1.0000 0.0002 0.0021 0.0246 0.2861 1.0000 1.0000 0.0004 0.0044 0.0508 0.5916 1.0000 0.0001 0.0008 0.0090 0.1050 1.0000 1.0000 0.0001 0.0016 0.0190 0.2230 1.0000 1.0000 0.0003 0.0036 0.0427 0.5081 1.0000 0.0001 0.0007 0.0085 0.1032 1.0000 1.0000 0.0002 0.0019 0.0202 0.1013 0.0207 0.0018 0.0002 1.0000 1.0000 0.1036 0.0086 0.0007 0.0001 1.0000 0.5091 0.0427 0.0036 0.0003 1.0000 1.0000 0.2230 0.0190 0.0016 0.0001 1.0000 1.0000 0.1050 0.0090 0.0008 0.0001 1.0000 0.5916 0.0508 0.0044 0.0004 1.0000 1.0000 0.2861 0.0246 0.0021 0.0002 1.0000 1.0000 0.1384 0.0119 0.0010 0.0001 1.0000 0.7795 0.0669 0.0057 0.0005 1.0000 1.0000
1.0000 0.0005 0.0062 0.0725 0.8443 1.0000 0.0001 0.0011 0.0129 0.1499 1.0000 1.0000 0.0002 0.0023 0.0266 0.3099 1.0000 1.0000 0.0004 0.0047 0.0550 0.6408 1.0000 0.0001 0.0008 0.0098 0.1137 1.0000 1.0000 0.0001 0.0017 0.0203 0.2384 1.0000 1.0000 0.0003 0.0038 0.0447 0.5298 1.0000 0.0001 0.0007 0.0089 0.1078 1.0000 1.0000 0.0002 0.0019 0.0220 0.2416 1.0000 0.2457 0.0222 0.0019 0.0002 1.0000 1.0000 0.1062 0.0087 0.0007 0.0001 1.0000 0.5298 0.0447 0.0038 0.0003 1.0000 1.0000 0.2384 0.0203 0.0017 0.0001 1.0000 1.0000 0.1137 0.0098 0.0008 0.0001 1.0000 0.6408 0.0550 0.0047 0.0004 1.0000 1.0000 0.3099 0.0266 0.0023 0.0002 1.0000 1.0000 0.1499 0.0129 0.0011 0.0001 1.0000 0.8443 0.0725 0.0062 0.0005 1.0000
0.0005 0.0067 0.0782 0.9110 1.0000 0.0001 0.0012 0.0139 0.1617 1.0000 1.0000 0.0002 0.0025 0.0287 0.3344 1.0000 1.0000 0.0004 0.0051 0.0594 0.6915 1.0000 0.0001 0.0009 0.0105 0.1227 1.0000 1.0000 0.0002 0.0019 0.0218 0.2548 1.0000 1.0000 0.0003 0.0040 0.0470 0.5546 1.0000 0.0001 0.0008 0.0091 0.1087 1.0000 1.0000 0.0002 0.0019 0.0232 0.2692 1.0000 1.0000 1.0000 0.2760 0.0238 0.0020 0.0002 1.0000 1.0000 0.1099 0.0091 0.0008 0.0001 1.0000 0.5546 0.0470 0.0040 0.0003 1.0000 1.0000 0.2548 0.0218 0.0019 0.0002 1.0000 1.0000 0.1227 0.0105 0.0009 0.0001 1.0000 0.6915 0.0594 0.0051 0.0004 1.0000 1.0000 0.3344 0.0287 0.0025 0.0002 1.0000 1.0000 0.1617 0.0139 0.0012 0.0001 1.0000 0.9110 0.0782 0.0067 0.0005
0.0066 0.0826 0.9627 1.0000 0.0001 0.0013 0.0147 0.1709 1.0000 1.0000 0.0002 0.0026 0.0303 0.3534 1.0000 1.0000 0.0005 0.0054 0.0627 0.7307 1.0000 0.0001 0.0010 0.0111 0.1297 1.0000 1.0000 0.0002 0.0020 0.0230 0.2682 1.0000 1.0000 0.0004 0.0041 0.0486 0.5717 1.0000 0.0001 0.0008 0.0092 0.1099 1.0000 1.0000 0.0002 0.0019 0.0233 0.2770 1.0000 1.0000 0.0001 1.0000 1.0000 0.2850 0.0231 0.0019 0.0002 1.0000 1.0000 0.1099 0.0092 0.0008 0.0001 1.0000 0.5717 0.0486 0.0041 0.0004 1.0000 1.0000 0.2682 0.0230 0.0020 0.0002 1.0000 1.0000 0.1297 0.0111 0.0010 0.0001 1.0000 0.7307 0.0627 0.0054 0.0005 1.0000 1.0000 0.3534 0.0303 0.0026 0.0002 1.0000 1.0000 0.1709 0.0147 0.0013 0.0001 1.0000 0.9627 0.0826 0.0066
0.0728 0.9197 1.0000 0.0001 0.0012 0.0140 0.1636 1.0000 1.0000 0.0002 0.0025 0.0290 0.3382 1.0000 1.0000 0.0004 0.0052 0.0600 0.6994 1.0000 0.0001 0.0009 0.0107 0.1241 1.0000 1.0000 0.0002 0.0019 0.0220 0.2567 1.0000 1.0000 0.0003 0.0039 0.0460 0.5400 1.0000 0.0001 0.0007 0.0086 0.1019 1.0000 1.0000 0.0001 0.0017 0.0210 0.2467 1.0000 1.0000 0.0003 0.0015 0.0003 1.0000 1.0000 0.2514 0.0205 0.0017 0.0001 1.0000 1.0000 0.1019 0.0086 0.0007 0.0001 1.0000 0.5400 0.0460 0.0039 0.0003 1.0000 1.0000 0.2567 0.0220 0.0019 0.0002 1.0000 1.0000 0.1241 0.0107 0.0009 0.0001 1.0000 0.6994 0.0600 0.0052 0.0004 1.0000 1.0000 0.3382 0.0290 0.0025 0.0002 1.0000 1.0000 0.1636 0.0140 0.0012 0.0001 1.0000 0.9197 0.0728
0.3720 1.0000 1.0000 0.0005 0.0060 0.0694 0.8082 1.0000 0.0001 0.0011 0.0123 0.1435 1.0000 1.0000 0.0002 0.0022 0.0255 0.2966 1.0000 1.0000 0.0004 0.0045 0.0527 0.6134 1.0000 0.0001 0.0008 0.0093 0.1089 1.0000 1.0000 0.0001 0.0017 0.0194 0.2273 1.0000 1.0000 0.0003 0.0036 0.0422 0.4995 1.0000 0.0001 0.0007 0.0081 0.0981 1.0000 1.0000 0.0001 0.0015 0.0071 0.0015 0.0001 1.0000 1.0000 0.1011 0.0083 0.0007 0.0001 1.0000 0.4995 0.0422 0.0036 0.0003 1.0000 1.0000 0.2273 0.0194 0.0017 0.0001 1.0000 1.0000 0.1089 0.0093 0.0008 0.0001 1.0000 0.6134 0.0527 0.0045 0.0004 1.0000 1.0000 0.2966 0.0255 0.0022 0.0002 1.0000 1.0000 0.1435 0.0123 0.0011 0.0001 1.0000 0.8082 0.0694 0.0060 0.0005 1.0000 1.0000 0.3720
0.0728 0.9197 1.0000 0.0001 0.0012 0.0140 0.1636 1.0000 1.0000 0.0002 0.0025 0.0290 0.3382 1.0000 1.0000 0.0004 0.0052 0.0600 0.6994 1.0000 0.0001 0.0009 0.0107 0.1241 1.0000 1.0000 0.0002 0.0019 0.0220 0.2567 1.0000 1.0000 0.0003 0.0039 0.0460 0.5400 1.0000 0.0001 0.0007 0.0086 0.1019 1.0000 1.0000 0.0001 0.0017 0.0197 0.2439 1.0000 1.0000 0.0003 0.0015 0.0003 1.0000 1.0000 0.2462 0.0207 0.0017 0.0001 1.0000 1.0000 0.1019 0.0086 0.0007 0.0001 1.0000 0.5400 0.0460 0.0039 0.0003 1.0000 1.0000 0.2567 0.0220 0.0019 0.0002 1.0000 1.0000 0.1241 0.0107 0.0009 0.0001 1.0000 0.6994 0.0600 0.0052 0.0004 1.0000 1.0000 0.3382 0.0290 0.0025 0.0002 1.0000 1.0000 0.1636 0.0140 0.0012 0.0001 1.0000 0.9197 0.0728
0.0066 0.0826 0.9627 1.0000 0.0001 0.0013 0.0147 0.1709 1.0000 1.0000 0.0002 0.0026 0.0303 0.3534 1.0000 1.0000 0.0005 0.0054 0.0627 0.7307 1.0000 0.0001 0.0010 0.0111 0.1297 1.0000 1.0000 0.0002 0.0020 0.0230 0.2682 1.0000 1.0000 0.0004 0.0041 0.0486 0.5717 1.0000 0.0001 0.0008 0.0092 0.1099 1.0000 1.0000 0.0002 0.0018 0.0217 0.2611 1.0000 1.0000 0.0001 1.0000 1.0000 0.2657 0.0221 0.0019 0.0002 1.0000 1.0000 0.1101 0.0092 0.0008 0.0001 1.0000 0.5717 0.0486 0.0041 0.0004 1.0000 1.0000 0.2682 0.0230 0.0020 0.0002 1.0000 1.0000 0.1297 0.0111 0.0010 0.0001 1.0000 0.7307 0.0627 0.0054 0.0005 1.0000 1.0000 0.3534 0.0303 0.0026 0.0002 1.0000 1.0000 0.1709 0.0147 0.0013 0.0001 1.0000 0.9627 0.0826 0.0066
0.0005 0.0067 0.0782 0.9110 1.0000 0.0001 0.0012 0.0139 0.1617 1.0000 1.0000 0.0002 0.0025 0.0287 0.3344 1.0000 1.0000 0.0004 0.0051 0.0594 0.6915 1.0000 0.0001 0.0009 0.0105 0.1227 1.0000 1.0000 0.0002 0.0019 0.0218 0.2548 1.0000 1.0000 0.0003 0.0040 0.0470 0.5546 1.0000 0.0001 0.0008 0.0091 0.1089 1.0000 1.0000 0.0002 0.0019 0.0219 0.2621 1.0000 1.0000 1.0000 0.2682 0.0223 0.0019 0.0002 1.0000 1.0000 0.1112 0.0091 0.0008 0.0001 1.0000 0.5546 0.0470 0.0040 0.0003 1.0000 1.0000 0.2548 0.0218 0.0019 0.0002 1.0000 1.0000 0.1227 0.0105 0.0009 0.0001 1.0000 0.6915 0.0594 0.0051 0.0004 1.0000 1.0000 0.3344 0.0287 0.0025 0.0002 1.0000 1.0000 0.1617 0.0139 0.0012 0.0001 1.0000 0.9110 0.0782 0.0067 0.0005
1.0000 0.0005 0.0062 0.0725 0.8443 1.0000 0.0001 0.0011 0.0129 0.1499 1.0000 1.0000 0.0002 0.0023 0.0266 0.3099 1.0000 1.0000 0.0004 0.0047 0.0550 0.6408 1.0000 0.0001 0.0008 0.0098 0.1137 1.0000 1.0000 0.0001 0.0017 0.0203 0.2384 1.0000 1.0000 0.0003 0.0038 0.0447 0.5298 1.0000 0.0001 0.0007 0.0089 0.1085 1.0000 1.0000 0.0002 0.0018 0.0213 0.2388 1.0000 0.2370 0.0222 0.0018 0.0002 1.0000 1.0000 0.1044 0.0087 0.0007 0.0001 1.0000 0.5298 0.0447 0.0038 0.0003 1.0000 1.0000 0.2384 0.0203 0.0017 0.0001 1.0000 1.0000 0.1137 0.0098 0.0008 0.0001 1.0000 0.6408 0.0550 0.0047 0.0004 1.0000 1.0000 0.3099 0.0266 0.0023 0.0002 1.0000 1.0000 0.1499 0.0129 0.0011 0.0001 1.0000 0.8443 0.0725 0.0062 0.0005 1.0000
1.0000 1.0000 0.0005 0.0057 0.0669 0.7795 1.0000 0.0001 0.0010 0.0119 0.1384 1.0000 1.0000 0.0002 0.0021 0.0246 0.2861 1.0000 1.0000 0.0004 0.0044 0.0508 0.5916 1.0000 0.0001 0.0008 0.0090 0.1050 1.0000 1.0000 0.0001 0.0016 0.0190 0.2230 1.0000 1.0000 0.0003 0.0036 0.0427 0.5091 1.0000 0.0001 0.0007 0.0090 0.1087 1.0000 1.0000 0.0002 0.0019 0.0200 0.0968 0.0198 0.0018 0.0002 1.0000 1.0000 0.1040 0.0087 0.0007 0.0001 1.0000 0.5091 0.0427 0.0036 0.0003 1.0000 1.0000 0.2230 0.0190 0.0016 0.0001 1.0000 1.0000 0.1050 0.0090 0.0008 0.0001 1.0000 0.5916 0.0508 0.0044 0.0004 1.0000 1.0000 0.2861 0.0246 0.0021 0.0002 1.0000 1.0000 0.1384 0.0119 0.0010 0.0001 1.0000 0.7795 0.0669 0.0057 0.0005 1.0000 1.0000
