0.4828 0.4425 0.1706 0.1542 0.2169 0.3764 0.5061 0.3096 0.1494 0.1751 0.2785 0.4836 0.4489 0.1744 0.1532 0.2129 0.3677 0.5081 0.3234 0.1500 0.1728 0.2723 0.4762 0.4563 0.1797 0.1522 0.2090 0.3590 0.5095 0.3367 0.1507 0.1705 0.2663 0.4680 0.4632 0.1862 0.1513 0.2052 0.3504 0.5106 0.3496 0.1516 0.1684 0.2605 0.4594 0.4696 0.1943 0.1504 0.2000 0.3285 0.4697 0.3285 0.2000 0.1504 0.1943 0.4696 0.4594 0.2605 0.1684 0.1516 0.3496 0.5106 0.3504 0.2052 0.1513 0.1862 0.4632 0.4680 0.2663 0.1705 0.1507 0.3367 0.5095 0.3590 0.2090 0.1522 0.1797 0.4563 0.4762 0.2723 0.1728 0.1500 0.3234 0.5081 0.3677 0.2129 0.1532 0.1744 0.4489 0.4836 0.2785 0.1751 0.1494 0.3096 0.5061 0.3764 0.2169 0.1542 0.1706 0.4425 0.4828
0.4425 0.1623 0.1450 0.2108 0.3743 0.5079 0.3148 0.1393 0.1671 0.2736 0.4838 0.4521 0.1687 0.1435 0.2063 0.3649 0.5098 0.3286 0.1400 0.1646 0.2673 0.4761 0.4594 0.1751 0.1424 0.2023 0.3560 0.5113 0.3419 0.1408 0.1623 0.2612 0.4677 0.4661 0.1830 0.1413 0.1983 0.3473 0.5122 0.3546 0.1418 0.1600 0.2552 0.4588 0.4723 0.1926 0.1404 0.1943 0.3360 0.5108 0.4645 0.5108 0.3360 0.1943 0.1404 0.1926 0.4723 0.4588 0.2552 0.1600 0.1418 0.3546 0.5122 0.3473 0.1983 0.1413 0.1830 0.4661 0.4677 0.2612 0.1623 0.1408 0.3419 0.5113 0.3560 0.2023 0.1424 0.1751 0.4594 0.4761 0.2673 0.1646 0.1400 0.3286 0.5098 0.3649 0.2063 0.1435 0.1687 0.4521 0.4838 0.2736 0.1671 0.1393 0.3148 0.5079 0.3743 0.2108 0.1450 0.1623 0.4425
0.1706 0.1450 0.2096 0.3698 0.5091 0.3244 0.1398 0.1652 0.2687 0.4777 0.4578 0.1737 0.1426 0.2031 0.3578 0.5109 0.3392 0.1406 0.1628 0.2624 0.4694 0.4647 0.1813 0.1415 0.1991 0.3490 0.5120 0.3521 0.1416 0.1605 0.2564 0.4606 0.4710 0.1905 0.1406 0.1953 0.3405 0.5125 0.3644 0.1428 0.1583 0.2506 0.4514 0.4769 0.2015 0.1398 0.1916 0.3317 0.5121 0.3946 0.1923 0.3946 0.5121 0.3317 0.1916 0.1398 0.2015 0.4769 0.4514 0.2506 0.1583 0.1428 0.3644 0.5125 0.3405 0.1953 0.1406 0.1905 0.4710 0.4606 0.2564 0.1605 0.1416 0.3521 0.5120 0.3490 0.1991 0.1415 0.1813 0.4647 0.4694 0.2624 0.1628 0.1406 0.3392 0.5109 0.3578 0.2031 0.1426 0.1737 0.4578 0.4777 0.2687 0.1652 0.1398 0.3244 0.5091 0.3698 0.2096 0.1450 0.1706
0.1542 0.2108 0.3698 0.5095 0.3300 0.1402 0.1637 0.2644 0.4718 0.4630 0.1794 0.1418 0.1999 0.3508 0.5118 0.3495 0.1414 0.1609 0.2576 0.4624 0.4698 0.1885 0.1408 0.1961 0.3422 0.5124 0.3620 0.1425 0.1588 0.2518 0.4533 0.4757 0.1991 0.1400 0.1924 0.3339 0.5126 0.3739 0.1439 0.1567 0.2461 0.4438 0.4812 0.2112 0.1394 0.1888 0.3257 0.5120 0.3887 0.1476 0.1377 0.1476 0.3887 0.5120 0.3257 0.1888 0.1394 0.2112 0.4812 0.4438 0.2461 0.1567 0.1439 0.3739 0.5126 0.3339 0.1924 0.1400 0.1991 0.4757 0.4533 0.2518 0.1588 0.1425 0.3620 0.5124 0.3422 0.1961 0.1408 0.1885 0.4698 0.4624 0.2576 0.1609 0.1414 0.3495 0.5118 0.3508 0.1999 0.1418 0.1794 0.4630 0.4718 0.2644 0.1637 0.1402 0.3300 0.5095 0.3698 0.2108 0.1542
0.2169 0.3743 0.5091 0.3300 0.1404 0.1629 0.2614 0.4668 0.4673 0.1853 0.1411 0.1971 0.3442 0.5123 0.3594 0.1423 0.1592 0.2529 0.4551 0.4746 0.1968 0.1401 0.1931 0.3356 0.5126 0.3715 0.1436 0.1571 0.2473 0.4458 0.4801 0.2087 0.1395 0.1896 0.3274 0.5122 0.3829 0.1451 0.1551 0.2418 0.4362 0.4852 0.2217 0.1390 0.1861 0.3195 0.5112 0.3945 0.1473 0.1490 0.1853 0.1490 0.1473 0.3945 0.5112 0.3195 0.1861 0.1390 0.2217 0.4852 0.4362 0.2418 0.1551 0.1451 0.3829 0.5122 0.3274 0.1896 0.1395 0.2087 0.4801 0.4458 0.2473 0.1571 0.1436 0.3715 0.5126 0.3356 0.1931 0.1401 0.1968 0.4746 0.4551 0.2529 0.1592 0.1423 0.3594 0.5123 0.3442 0.1971 0.1411 0.1853 0.4673 0.4668 0.2614 0.1629 0.1404 0.3300 0.5091 0.3743 0.2169
0.3764 0.5079 0.3244 0.1402 0.1629 0.2603 0.4638 0.4702 0.1906 0.1405 0.1946 0.3383 0.5126 0.3684 0.1433 0.1575 0.2485 0.4477 0.4790 0.2061 0.1396 0.1903 0.3290 0.5123 0.3806 0.1448 0.1555 0.2429 0.4381 0.4842 0.2190 0.1391 0.1868 0.3211 0.5115 0.3917 0.1465 0.1536 0.2375 0.4284 0.4890 0.2327 0.1387 0.1835 0.3133 0.5099 0.4022 0.1486 0.1510 0.2228 0.3183 0.2228 0.1510 0.1486 0.4022 0.5099 0.3133 0.1835 0.1387 0.2327 0.4890 0.4284 0.2375 0.1536 0.1465 0.3917 0.5115 0.3211 0.1868 0.1391 0.2190 0.4842 0.4381 0.2429 0.1555 0.1448 0.3806 0.5123 0.3290 0.1903 0.1396 0.2061 0.4790 0.4477 0.2485 0.1575 0.1433 0.3684 0.5126 0.3383 0.1946 0.1405 0.1906 0.4702 0.4638 0.2603 0.1629 0.1402 0.3244 0.5079 0.3764
0.5061 0.3148 0.1398 0.1637 0.2614 0.4638 0.4713 0.1940 0.1402 0.1926 0.3333 0.5125 0.3765 0.1443 0.1560 0.2443 0.4404 0.4832 0.2163 0.1392 0.1875 0.3227 0.5117 0.3895 0.1461 0.1540 0.2386 0.4304 0.4881 0.2299 0.1387 0.1842 0.3149 0.5103 0.4001 0.1481 0.1522 0.2334 0.4207 0.4925 0.2442 0.1385 0.1809 0.3073 0.5081 0.4102 0.1504 0.1503 0.2265 0.3955 0.5085 0.3955 0.2265 0.1503 0.1504 0.4102 0.5081 0.3073 0.1809 0.1385 0.2442 0.4925 0.4207 0.2334 0.1522 0.1481 0.4001 0.5103 0.3149 0.1842 0.1387 0.2299 0.4881 0.4304 0.2386 0.1540 0.1461 0.3895 0.5117 0.3227 0.1875 0.1392 0.2163 0.4832 0.4404 0.2443 0.1560 0.1443 0.3765 0.5125 0.3333 0.1926 0.1402 0.1940 0.4713 0.4638 0.2614 0.1637 0.1398 0.3148 0.5061
0.3096 0.1393 0.1652 0.2644 0.4668 0.4702 0.1940 0.1401 0.1916 0.3300 0.5123 0.3830 0.1453 0.1548 0.2405 0.4334 0.4868 0.2267 0.1388 0.1849 0.3165 0.5106 0.3980 0.1477 0.1525 0.2345 0.4227 0.4916 0.2412 0.1385 0.1816 0.3089 0.5086 0.4081 0.1499 0.1508 0.2294 0.4129 0.4957 0.2558 0.1383 0.1785 0.3015 0.5057 0.4178 0.1524 0.1491 0.2242 0.3999 0.5026 0.4095 0.5026 0.3999 0.2242 0.1491 0.1524 0.4178 0.5057 0.3015 0.1785 0.1383 0.2558 0.4957 0.4129 0.2294 0.1508 0.1499 0.4081 0.5086 0.3089 0.1816 0.1385 0.2412 0.4916 0.4227 0.2345 0.1525 0.1477 0.3980 0.5106 0.3165 0.1849 0.1388 0.2267 0.4868 0.4334 0.2405 0.1548 0.1453 0.3830 0.5123 0.3300 0.1916 0.1401 0.1940 0.4702 0.4668 0.2644 0.1652 0.1393 0.3096
0.1494 0.1671 0.2687 0.4718 0.4673 0.1906 0.1402 0.1916 0.3289 0.5122 0.3872 0.1461 0.1537 0.2373 0.4270 0.4899 0.2366 0.1386 0.1824 0.3106 0.5091 0.4061 0.1494 0.1511 0.2304 0.4149 0.4949 0.2528 0.1384 0.1791 0.3030 0.5064 0.4159 0.1519 0.1495 0.2255 0.4052 0.4986 0.2675 0.1383 0.1761 0.2957 0.5027 0.4251 0.1548 0.1479 0.2207 0.3949 0.5026 0.3064 0.1492 0.3064 0.5026 0.3949 0.2207 0.1479 0.1548 0.4251 0.5027 0.2957 0.1761 0.1383 0.2675 0.4986 0.4052 0.2255 0.1495 0.1519 0.4159 0.5064 0.3030 0.1791 0.1384 0.2528 0.4949 0.4149 0.2304 0.1511 0.1494 0.4061 0.5091 0.3106 0.1824 0.1386 0.2366 0.4899 0.4270 0.2373 0.1537 0.1461 0.3872 0.5122 0.3289 0.1916 0.1402 0.1906 0.4673 0.4718 0.2687 0.1671 0.1494
0.1751 0.2736 0.4777 0.4630 0.1853 0.1405 0.1926 0.3300 0.5122 0.3887 0.1466 0.1531 0.2349 0.4218 0.4925 0.2457 0.1384 0.1802 0.3052 0.5072 0.4137 0.1513 0.1498 0.2265 0.4071 0.4979 0.2645 0.1383 0.1767 0.2972 0.5035 0.4233 0.1541 0.1482 0.2217 0.3975 0.5013 0.2793 0.1384 0.1738 0.2902 0.4991 0.4322 0.1574 0.1468 0.2171 0.3878 0.5043 0.2985 0.1383 0.1453 0.1383 0.2985 0.5043 0.3878 0.2171 0.1468 0.1574 0.4322 0.4991 0.2902 0.1738 0.1384 0.2793 0.5013 0.3975 0.2217 0.1482 0.1541 0.4233 0.5035 0.2972 0.1767 0.1383 0.2645 0.4979 0.4071 0.2265 0.1498 0.1513 0.4137 0.5072 0.3052 0.1802 0.1384 0.2457 0.4925 0.4218 0.2349 0.1531 0.1466 0.3887 0.5122 0.3300 0.1926 0.1405 0.1853 0.4630 0.4777 0.2736 0.1751
0.2785 0.4838 0.4578 0.1794 0.1411 0.1946 0.3333 0.5123 0.3872 0.1466 0.1528 0.2337 0.4184 0.4943 0.2534 0.1384 0.1783 0.3004 0.5050 0.4203 0.1533 0.1486 0.2228 0.3995 0.5006 0.2763 0.1384 0.1744 0.2916 0.5001 0.4304 0.1567 0.1470 0.2180 0.3898 0.5037 0.2909 0.1386 0.1716 0.2847 0.4948 0.4389 0.1605 0.1456 0.2135 0.3804 0.5063 0.3061 0.1389 0.1632 0.2135 0.1632 0.1389 0.3061 0.5063 0.3804 0.2135 0.1456 0.1605 0.4389 0.4948 0.2847 0.1716 0.1386 0.2909 0.5037 0.3898 0.2180 0.1470 0.1567 0.4304 0.5001 0.2916 0.1744 0.1384 0.2763 0.5006 0.3995 0.2228 0.1486 0.1533 0.4203 0.5050 0.3004 0.1783 0.1384 0.2534 0.4943 0.4184 0.2337 0.1528 0.1466 0.3872 0.5123 0.3333 0.1946 0.1411 0.1794 0.4578 0.4838 0.2785
0.4836 0.4521 0.1737 0.1418 0.1971 0.3383 0.5125 0.3830 0.1461 0.1531 0.2337 0.4172 0.4953 0.2582 0.1383 0.1768 0.2963 0.5026 0.4262 0.1554 0.1476 0.2194 0.3924 0.5030 0.2878 0.1385 0.1721 0.2861 0.4960 0.4372 0.1597 0.1459 0.2144 0.3823 0.5058 0.3024 0.1389 0.1694 0.2794 0.4899 0.4453 0.1640 0.1446 0.2101 0.3730 0.5081 0.3166 0.1394 0.1658 0.2616 0.3811 0.2616 0.1658 0.1394 0.3166 0.5081 0.3730 0.2101 0.1446 0.1640 0.4453 0.4899 0.2794 0.1694 0.1389 0.3024 0.5058 0.3823 0.2144 0.1459 0.1597 0.4372 0.4960 0.2861 0.1721 0.1385 0.2878 0.5030 0.3924 0.2194 0.1476 0.1554 0.4262 0.5026 0.2963 0.1768 0.1383 0.2582 0.4953 0.4172 0.2337 0.1531 0.1461 0.3830 0.5125 0.3383 0.1971 0.1418 0.1737 0.4521 0.4836
0.4489 0.1687 0.1426 0.1999 0.3442 0.5126 0.3765 0.1453 0.1537 0.2349 0.4184 0.4953 0.2599 0.1383 0.1758 0.2934 0.5004 0.4311 0.1574 0.1466 0.2164 0.3859 0.5050 0.2985 0.1388 0.1700 0.2808 0.4912 0.4437 0.1631 0.1449 0.2109 0.3749 0.5076 0.3136 0.1393 0.1674 0.2742 0.4844 0.4514 0.1682 0.1436 0.2067 0.3657 0.5096 0.3274 0.1399 0.1647 0.2656 0.4629 0.5051 0.4629 0.2656 0.1647 0.1399 0.3274 0.5096 0.3657 0.2067 0.1436 0.1682 0.4514 0.4844 0.2742 0.1674 0.1393 0.3136 0.5076 0.3749 0.2109 0.1449 0.1631 0.4437 0.4912 0.2808 0.1700 0.1388 0.2985 0.5050 0.3859 0.2164 0.1466 0.1574 0.4311 0.5004 0.2934 0.1758 0.1383 0.2599 0.4953 0.4184 0.2349 0.1537 0.1453 0.3765 0.5126 0.3442 0.1999 0.1426 0.1687 0.4489
0.1744 0.1435 0.2031 0.3508 0.5123 0.3684 0.1443 0.1548 0.2373 0.4218 0.4943 0.2582 0.1383 0.1755 0.2920 0.4990 0.4345 0.1592 0.1459 0.2138 0.3800 0.5066 0.3080 0.1391 0.1681 0.2758 0.4860 0.4498 0.1671 0.1439 0.2075 0.3676 0.5092 0.3246 0.1398 0.1654 0.2691 0.4784 0.4572 0.1731 0.1427 0.2034 0.3586 0.5108 0.3380 0.1405 0.1629 0.2625 0.4672 0.4729 0.3284 0.4729 0.4672 0.2625 0.1629 0.1405 0.3380 0.5108 0.3586 0.2034 0.1427 0.1731 0.4572 0.4784 0.2691 0.1654 0.1398 0.3246 0.5092 0.3676 0.2075 0.1439 0.1671 0.4498 0.4860 0.2758 0.1681 0.1391 0.3080 0.5066 0.3800 0.2138 0.1459 0.1592 0.4345 0.4990 0.2920 0.1755 0.1383 0.2582 0.4943 0.4218 0.2373 0.1548 0.1443 0.3684 0.5123 0.3508 0.2031 0.1435 0.1744
0.1532 0.2063 0.3578 0.5118 0.3594 0.1433 0.1560 0.2405 0.4270 0.4925 0.2534 0.1383 0.1758 0.2920 0.4984 0.4362 0.1604 0.1454 0.2117 0.3751 0.5079 0.3166 0.1395 0.1664 0.2713 0.4807 0.4553 0.1716 0.1429 0.2043 0.3604 0.5105 0.3353 0.1404 0.1635 0.2642 0.4719 0.4628 0.1789 0.1418 0.2003 0.3516 0.5117 0.3483 0.1413 0.1611 0.2581 0.4626 0.4711 0.2056 0.1373 0.2056 0.4711 0.4626 0.2581 0.1611 0.1413 0.3483 0.5117 0.3516 0.2003 0.1418 0.1789 0.4628 0.4719 0.2642 0.1635 0.1404 0.3353 0.5105 0.3604 0.2043 0.1429 0.1716 0.4553 0.4807 0.2713 0.1664 0.1395 0.3166 0.5079 0.3751 0.2117 0.1454 0.1604 0.4362 0.4984 0.2920 0.1758 0.1383 0.2534 0.4925 0.4270 0.2405 0.1560 0.1433 0.3594 0.5118 0.3578 0.2063 0.1532
0.2129 0.3649 0.5109 0.3495 0.1423 0.1575 0.2443 0.4334 0.4899 0.2457 0.1384 0.1768 0.2934 0.4990 0.4362 0.1608 0.1451 0.2104 0.3715 0.5088 0.3238 0.1398 0.1649 0.2673 0.4755 0.4602 0.1764 0.1421 0.2012 0.3535 0.5115 0.3457 0.1411 0.1616 0.2594 0.4650 0.4679 0.1857 0.1410 0.1972 0.3447 0.5123 0.3583 0.1422 0.1594 0.2535 0.4559 0.4743 0.1993 0.1380 0.1580 0.1380 0.1993 0.4743 0.4559 0.2535 0.1594 0.1422 0.3583 0.5123 0.3447 0.1972 0.1410 0.1857 0.4679 0.4650 0.2594 0.1616 0.1411 0.3457 0.5115 0.3535 0.2012 0.1421 0.1764 0.4602 0.4755 0.2673 0.1649 0.1398 0.3238 0.5088 0.3715 0.2104 0.1451 0.1608 0.4362 0.4990 0.2934 0.1768 0.1384 0.2457 0.4899 0.4334 0.2443 0.1575 0.1423 0.3495 0.5109 0.3649 0.2129
0.3677 0.5098 0.3392 0.1414 0.1592 0.2485 0.4404 0.4868 0.2366 0.1384 0.1783 0.2963 0.5004 0.4345 0.1604 0.1451 0.2100 0.3697 0.5094 0.3290 0.1402 0.1637 0.2640 0.4706 0.4644 0.1815 0.1414 0.1984 0.3470 0.5122 0.3557 0.1419 0.1598 0.2547 0.4579 0.4728 0.1936 0.1404 0.1942 0.3380 0.5126 0.3680 0.1432 0.1577 0.2489 0.4486 0.4786 0.2057 0.1392 0.1833 0.2504 0.1833 0.1392 0.2057 0.4786 0.4486 0.2489 0.1577 0.1432 0.3680 0.5126 0.3380 0.1942 0.1404 0.1936 0.4728 0.4579 0.2547 0.1598 0.1419 0.3557 0.5122 0.3470 0.1984 0.1414 0.1815 0.4644 0.4706 0.2640 0.1637 0.1402 0.3290 0.5094 0.3697 0.2100 0.1451 0.1604 0.4345 0.5004 0.2963 0.1783 0.1384 0.2366 0.4868 0.4404 0.2485 0.1592 0.1414 0.3392 0.5098 0.3677
0.5081 0.3286 0.1406 0.1609 0.2529 0.4477 0.4832 0.2267 0.1386 0.1802 0.3004 0.5026 0.4311 0.1592 0.1454 0.2104 0.3697 0.5095 0.3316 0.1404 0.1628 0.2613 0.4664 0.4679 0.1868 0.1409 0.1960 0.3413 0.5125 0.3647 0.1428 0.1582 0.2501 0.4505 0.4774 0.2026 0.1398 0.1913 0.3314 0.5125 0.3773 0.1443 0.1561 0.2445 0.4410 0.4827 0.2151 0.1391 0.1864 0.3105 0.4502 0.3105 0.1864 0.1391 0.2151 0.4827 0.4410 0.2445 0.1561 0.1443 0.3773 0.5125 0.3314 0.1913 0.1398 0.2026 0.4774 0.4505 0.2501 0.1582 0.1428 0.3647 0.5125 0.3413 0.1960 0.1409 0.1868 0.4679 0.4664 0.2613 0.1628 0.1404 0.3316 0.5095 0.3697 0.2104 0.1454 0.1592 0.4311 0.5026 0.3004 0.1802 0.1386 0.2267 0.4832 0.4477 0.2529 0.1609 0.1406 0.3286 0.5081
0.3234 0.1400 0.1628 0.2576 0.4551 0.4790 0.2163 0.1388 0.1824 0.3052 0.5050 0.4262 0.1574 0.1459 0.2117 0.3715 0.5094 0.3316 0.1405 0.1624 0.2596 0.4632 0.4706 0.1916 0.1404 0.1939 0.3363 0.5126 0.3726 0.1438 0.1567 0.2460 0.4432 0.4816 0.2124 0.1393 0.1885 0.3250 0.5120 0.3862 0.1456 0.1545 0.2402 0.4333 0.4867 0.2258 0.1388 0.1849 0.3146 0.5061 0.4798 0.5061 0.3146 0.1849 0.1388 0.2258 0.4867 0.4333 0.2402 0.1545 0.1456 0.3862 0.5120 0.3250 0.1885 0.1393 0.2124 0.4816 0.4432 0.2460 0.1567 0.1438 0.3726 0.5126 0.3363 0.1939 0.1404 0.1916 0.4706 0.4632 0.2596 0.1624 0.1405 0.3316 0.5094 0.3715 0.2117 0.1459 0.1574 0.4262 0.5050 0.3052 0.1824 0.1388 0.2163 0.4790 0.4551 0.2576 0.1628 0.1400 0.3234
0.1500 0.1646 0.2624 0.4624 0.4746 0.2061 0.1392 0.1849 0.3106 0.5072 0.4203 0.1554 0.1466 0.2138 0.3751 0.5088 0.3290 0.1404 0.1624 0.2590 0.4614 0.4723 0.1954 0.1401 0.1921 0.3320 0.5125 0.3795 0.1448 0.1554 0.2422 0.4364 0.4854 0.2226 0.1389 0.1858 0.3188 0.5111 0.3948 0.1471 0.1531 0.2360 0.4255 0.4903 0.2370 0.1386 0.1825 0.3106 0.5082 0.4209 0.2270 0.4209 0.5082 0.3106 0.1825 0.1386 0.2370 0.4903 0.4255 0.2360 0.1531 0.1471 0.3948 0.5111 0.3188 0.1858 0.1389 0.2226 0.4854 0.4364 0.2422 0.1554 0.1448 0.3795 0.5125 0.3320 0.1921 0.1401 0.1954 0.4723 0.4614 0.2590 0.1624 0.1404 0.3290 0.5088 0.3751 0.2138 0.1466 0.1554 0.4203 0.5072 0.3106 0.1849 0.1392 0.2061 0.4746 0.4624 0.2624 0.1646 0.1500
0.1728 0.2673 0.4694 0.4698 0.1968 0.1396 0.1875 0.3165 0.5091 0.4137 0.1533 0.1476 0.2164 0.3800 0.5079 0.3238 0.1402 0.1628 0.2596 0.4614 0.4729 0.1974 0.1399 0.1909 0.3287 0.5122 0.3851 0.1457 0.1543 0.2389 0.4302 0.4885 0.2324 0.1386 0.1833 0.3127 0.5097 0.4031 0.1487 0.1516 0.2319 0.4178 0.4937 0.2485 0.1384 0.1800 0.3051 0.5070 0.4161 0.1550 0.1363 0.1550 0.4161 0.5070 0.3051 0.1800 0.1384 0.2485 0.4937 0.4178 0.2319 0.1516 0.1487 0.4031 0.5097 0.3127 0.1833 0.1386 0.2324 0.4885 0.4302 0.2389 0.1543 0.1457 0.3851 0.5122 0.3287 0.1909 0.1399 0.1974 0.4729 0.4614 0.2596 0.1628 0.1402 0.3238 0.5079 0.3800 0.2164 0.1476 0.1533 0.4137 0.5091 0.3165 0.1875 0.1396 0.1968 0.4698 0.4694 0.2673 0.1728
0.2723 0.4761 0.4647 0.1885 0.1401 0.1903 0.3227 0.5106 0.4061 0.1513 0.1486 0.2194 0.3859 0.5066 0.3166 0.1398 0.1637 0.2613 0.4632 0.4723 0.1974 0.1398 0.1903 0.3266 0.5120 0.3893 0.1465 0.1533 0.2360 0.4244 0.4913 0.2414 0.1385 0.1810 0.3071 0.5079 0.4109 0.1506 0.1503 0.2279 0.4100 0.4968 0.2602 0.1383 0.1776 0.2993 0.5046 0.4211 0.1540 0.1449 0.1765 0.1449 0.1540 0.4211 0.5046 0.2993 0.1776 0.1383 0.2602 0.4968 0.4100 0.2279 0.1503 0.1506 0.4109 0.5079 0.3071 0.1810 0.1385 0.2414 0.4913 0.4244 0.2360 0.1533 0.1465 0.3893 0.5120 0.3266 0.1903 0.1398 0.1974 0.4723 0.4632 0.2613 0.1637 0.1398 0.3166 0.5066 0.3859 0.2194 0.1486 0.1513 0.4061 0.5106 0.3227 0.1903 0.1401 0.1885 0.4647 0.4761 0.2723
0.4762 0.4594 0.1813 0.1408 0.1931 0.3290 0.5117 0.3980 0.1494 0.1498 0.2228 0.3924 0.5050 0.3080 0.1395 0.1649 0.2640 0.4664 0.4706 0.1954 0.1399 0.1903 0.3259 0.5118 0.3921 0.1471 0.1526 0.2337 0.4195 0.4935 0.2497 0.1384 0.1791 0.3022 0.5058 0.4179 0.1525 0.1490 0.2241 0.4023 0.4996 0.2719 0.1384 0.1752 0.2937 0.5014 0.4279 0.1559 0.1468 0.2104 0.2975 0.2104 0.1468 0.1559 0.4279 0.5014 0.2937 0.1752 0.1384 0.2719 0.4996 0.4023 0.2241 0.1490 0.1525 0.4179 0.5058 0.3022 0.1791 0.1384 0.2497 0.4935 0.4195 0.2337 0.1526 0.1471 0.3921 0.5118 0.3259 0.1903 0.1399 0.1954 0.4706 0.4664 0.2640 0.1649 0.1395 0.3080 0.5050 0.3924 0.2228 0.1498 0.1494 0.3980 0.5117 0.3290 0.1931 0.1408 0.1813 0.4594 0.4762
0.4563 0.1751 0.1415 0.1961 0.3356 0.5123 0.3895 0.1477 0.1511 0.2265 0.3995 0.5030 0.2985 0.1391 0.1664 0.2673 0.4706 0.4679 0.1916 0.1401 0.1909 0.3266 0.5118 0.3931 0.1474 0.1522 0.2321 0.4158 0.4953 0.2570 0.1383 0.1774 0.2979 0.5035 0.4241 0.1546 0.1479 0.2206 0.3949 0.5022 0.2836 0.1385 0.1730 0.2881 0.4976 0.4347 0.1585 0.1462 0.2140 0.3703 0.5011 0.3703 0.2140 0.1462 0.1585 0.4347 0.4976 0.2881 0.1730 0.1385 0.2836 0.5022 0.3949 0.2206 0.1479 0.1546 0.4241 0.5035 0.2979 0.1774 0.1383 0.2570 0.4953 0.4158 0.2321 0.1522 0.1474 0.3931 0.5118 0.3266 0.1909 0.1401 0.1916 0.4679 0.4706 0.2673 0.1664 0.1391 0.2985 0.5030 0.3995 0.2265 0.1511 0.1477 0.3895 0.5123 0.3356 0.1961 0.1415 0.1751 0.4563
0.1797 0.1424 0.1991 0.3422 0.5126 0.3806 0.1461 0.1525 0.2304 0.4071 0.5006 0.2878 0.1388 0.1681 0.2713 0.4755 0.4644 0.1868 0.1404 0.1921 0.3287 0.5120 0.3921 0.1474 0.1520 0.2313 0.4135 0.4965 0.2626 0.1383 0.1760 0.2943 0.5012 0.4293 0.1567 0.1470 0.2175 0.3882 0.5043 0.2948 0.1387 0.1708 0.2827 0.4931 0.4413 0.1617 0.1452 0.2119 0.3745 0.5085 0.4333 0.5085 0.3745 0.2119 0.1452 0.1617 0.4413 0.4931 0.2827 0.1708 0.1387 0.2948 0.5043 0.3882 0.2175 0.1470 0.1567 0.4293 0.5012 0.2943 0.1760 0.1383 0.2626 0.4965 0.4135 0.2313 0.1520 0.1474 0.3921 0.5120 0.3287 0.1921 0.1404 0.1868 0.4644 0.4755 0.2713 0.1681 0.1388 0.2878 0.5006 0.4071 0.2304 0.1525 0.1461 0.3806 0.5126 0.3422 0.1991 0.1424 0.1797
0.1522 0.2023 0.3490 0.5124 0.3715 0.1448 0.1540 0.2345 0.4149 0.4979 0.2763 0.1385 0.1700 0.2758 0.4807 0.4602 0.1815 0.1409 0.1939 0.3320 0.5122 0.3893 0.1471 0.1522 0.2313 0.4127 0.4971 0.2660 0.1383 0.1749 0.2914 0.4991 0.4337 0.1586 0.1461 0.2146 0.3821 0.5061 0.3049 0.1390 0.1687 0.2775 0.4879 0.4476 0.1655 0.1442 0.2087 0.3697 0.5090 0.3430 0.1592 0.3430 0.5090 0.3697 0.2087 0.1442 0.1655 0.4476 0.4879 0.2775 0.1687 0.1390 0.3049 0.5061 0.3821 0.2146 0.1461 0.1586 0.4337 0.4991 0.2914 0.1749 0.1383 0.2660 0.4971 0.4127 0.2313 0.1522 0.1471 0.3893 0.5122 0.3320 0.1939 0.1409 0.1815 0.4602 0.4807 0.2758 0.1700 0.1385 0.2763 0.4979 0.4149 0.2345 0.1540 0.1448 0.3715 0.5124 0.3490 0.2023 0.1522
0.2090 0.3560 0.5120 0.3620 0.1436 0.1555 0.2386 0.4227 0.4949 0.2645 0.1384 0.1721 0.2808 0.4860 0.4553 0.1764 0.1414 0.1960 0.3363 0.5125 0.3851 0.1465 0.1526 0.2321 0.4135 0.4971 0.2671 0.1384 0.1743 0.2894 0.4973 0.4370 0.1604 0.1455 0.2122 0.3766 0.5075 0.3138 0.1393 0.1669 0.2727 0.4824 0.4535 0.1699 0.1433 0.2055 0.3630 0.5101 0.3357 0.1406 0.1418 0.1406 0.3357 0.5101 0.3630 0.2055 0.1433 0.1699 0.4535 0.4824 0.2727 0.1669 0.1393 0.3138 0.5075 0.3766 0.2122 0.1455 0.1604 0.4370 0.4973 0.2894 0.1743 0.1384 0.2671 0.4971 0.4135 0.2321 0.1526 0.1465 0.3851 0.5125 0.3363 0.1960 0.1414 0.1764 0.4553 0.4860 0.2808 0.1721 0.1384 0.2645 0.4949 0.4227 0.2386 0.1555 0.1436 0.3620 0.5120 0.3560 0.2090
0.3590 0.5113 0.3521 0.1425 0.1571 0.2429 0.4304 0.4916 0.2528 0.1383 0.1744 0.2861 0.4912 0.4498 0.1716 0.1421 0.1984 0.3413 0.5126 0.3795 0.1457 0.1533 0.2337 0.4158 0.4965 0.2660 0.1384 0.1741 0.2883 0.4961 0.4394 0.1618 0.1449 0.2103 0.3719 0.5086 0.3217 0.1397 0.1653 0.2685 0.4769 0.4589 0.1749 0.1424 0.2023 0.3560 0.5112 0.3427 0.1409 0.1571 0.2018 0.1571 0.1409 0.3427 0.5112 0.3560 0.2023 0.1424 0.1749 0.4589 0.4769 0.2685 0.1653 0.1397 0.3217 0.5086 0.3719 0.2103 0.1449 0.1618 0.4394 0.4961 0.2883 0.1741 0.1384 0.2660 0.4965 0.4158 0.2337 0.1533 0.1457 0.3795 0.5126 0.3413 0.1984 0.1421 0.1716 0.4498 0.4912 0.2861 0.1744 0.1383 0.2528 0.4916 0.4304 0.2429 0.1571 0.1425 0.3521 0.5113 0.3590
0.5095 0.3419 0.1416 0.1588 0.2473 0.4381 0.4881 0.2412 0.1384 0.1767 0.2916 0.4960 0.4437 0.1671 0.1429 0.2012 0.3470 0.5125 0.3726 0.1448 0.1543 0.2360 0.4195 0.4953 0.2626 0.1383 0.1743 0.2883 0.4956 0.4406 0.1628 0.1446 0.2089 0.3684 0.5094 0.3285 0.1401 0.1640 0.2648 0.4718 0.4634 0.1803 0.1416 0.1993 0.3493 0.5120 0.3522 0.1416 0.1595 0.2458 0.3560 0.2458 0.1595 0.1416 0.3522 0.5120 0.3493 0.1993 0.1416 0.1803 0.4634 0.4718 0.2648 0.1640 0.1401 0.3285 0.5094 0.3684 0.2089 0.1446 0.1628 0.4406 0.4956 0.2883 0.1743 0.1383 0.2626 0.4953 0.4195 0.2360 0.1543 0.1448 0.3726 0.5125 0.3470 0.2012 0.1429 0.1671 0.4437 0.4960 0.2916 0.1767 0.1384 0.2412 0.4881 0.4381 0.2473 0.1588 0.1416 0.3419 0.5095
0.3367 0.1408 0.1605 0.2518 0.4458 0.4842 0.2299 0.1385 0.1791 0.2972 0.5001 0.4372 0.1631 0.1439 0.2043 0.3535 0.5122 0.3647 0.1438 0.1554 0.2389 0.4244 0.4935 0.2570 0.1383 0.1749 0.2894 0.4961 0.4406 0.1631 0.1444 0.2080 0.3659 0.5100 0.3337 0.1404 0.1629 0.2616 0.4670 0.4673 0.1858 0.1410 0.1966 0.3431 0.5124 0.3616 0.1425 0.1586 0.2497 0.4380 0.5094 0.4380 0.2497 0.1586 0.1425 0.3616 0.5124 0.3431 0.1966 0.1410 0.1858 0.4673 0.4670 0.2616 0.1629 0.1404 0.3337 0.5100 0.3659 0.2080 0.1444 0.1631 0.4406 0.4961 0.2894 0.1749 0.1383 0.2570 0.4935 0.4244 0.2389 0.1554 0.1438 0.3647 0.5122 0.3535 0.2043 0.1439 0.1631 0.4372 0.5001 0.2972 0.1791 0.1385 0.2299 0.4842 0.4458 0.2518 0.1605 0.1408 0.3367
0.1507 0.1623 0.2564 0.4533 0.4801 0.2190 0.1387 0.1816 0.3030 0.5035 0.4304 0.1597 0.1449 0.2075 0.3604 0.5115 0.3557 0.1428 0.1567 0.2422 0.4302 0.4913 0.2497 0.1383 0.1760 0.2914 0.4973 0.4394 0.1628 0.1444 0.2077 0.3647 0.5103 0.3373 0.1407 0.1620 0.2591 0.4630 0.4705 0.1911 0.1405 0.1943 0.3375 0.5126 0.3702 0.1435 0.1571 0.2470 0.4425 0.4866 0.3623 0.4866 0.4425 0.2470 0.1571 0.1435 0.3702 0.5126 0.3375 0.1943 0.1405 0.1911 0.4705 0.4630 0.2591 0.1620 0.1407 0.3373 0.5103 0.3647 0.2077 0.1444 0.1628 0.4394 0.4973 0.2914 0.1760 0.1383 0.2497 0.4913 0.4302 0.2422 0.1567 0.1428 0.3557 0.5115 0.3604 0.2075 0.1449 0.1597 0.4304 0.5035 0.3030 0.1816 0.1387 0.2190 0.4801 0.4533 0.2564 0.1623 0.1507
0.1705 0.2612 0.4606 0.4757 0.2087 0.1391 0.1842 0.3089 0.5064 0.4233 0.1567 0.1459 0.2109 0.3676 0.5105 0.3457 0.1419 0.1582 0.2460 0.4364 0.4885 0.2414 0.1384 0.1774 0.2943 0.4991 0.4370 0.1618 0.1446 0.2080 0.3647 0.5104 0.3391 0.1409 0.1614 0.2572 0.4596 0.4730 0.1959 0.1401 0.1923 0.3326 0.5125 0.3778 0.1445 0.1557 0.2432 0.4378 0.4855 0.2420 0.1401 0.2420 0.4855 0.4378 0.2432 0.1557 0.1445 0.3778 0.5125 0.3326 0.1923 0.1401 0.1959 0.4730 0.4596 0.2572 0.1614 0.1409 0.3391 0.5104 0.3647 0.2080 0.1446 0.1618 0.4370 0.4991 0.2943 0.1774 0.1384 0.2414 0.4885 0.4364 0.2460 0.1582 0.1419 0.3457 0.5105 0.3676 0.2109 0.1459 0.1567 0.4233 0.5064 0.3089 0.1842 0.1391 0.2087 0.4757 0.4606 0.2612 0.1705
0.2663 0.4677 0.4710 0.1991 0.1395 0.1868 0.3149 0.5086 0.4159 0.1541 0.1470 0.2144 0.3749 0.5092 0.3353 0.1411 0.1598 0.2501 0.4432 0.4854 0.2324 0.1385 0.1791 0.2979 0.5012 0.4337 0.1604 0.1449 0.2089 0.3659 0.5103 0.3391 0.1410 0.1610 0.2559 0.4572 0.4748 0.2001 0.1398 0.1906 0.3285 0.5122 0.3845 0.1455 0.1545 0.2396 0.4315 0.4880 0.2338 0.1372 0.1526 0.1372 0.2338 0.4880 0.4315 0.2396 0.1545 0.1455 0.3845 0.5122 0.3285 0.1906 0.1398 0.2001 0.4748 0.4572 0.2559 0.1610 0.1410 0.3391 0.5103 0.3659 0.2089 0.1449 0.1604 0.4337 0.5012 0.2979 0.1791 0.1385 0.2324 0.4854 0.4432 0.2501 0.1598 0.1411 0.3353 0.5092 0.3749 0.2144 0.1470 0.1541 0.4159 0.5086 0.3149 0.1868 0.1395 0.1991 0.4710 0.4677 0.2663
0.4680 0.4661 0.1905 0.1400 0.1896 0.3211 0.5103 0.4081 0.1519 0.1482 0.2180 0.3823 0.5076 0.3246 0.1404 0.1616 0.2547 0.4505 0.4816 0.2226 0.1386 0.1810 0.3022 0.5035 0.4293 0.1586 0.1455 0.2103 0.3684 0.5100 0.3373 0.1409 0.1610 0.2555 0.4559 0.4760 0.2032 0.1396 0.1893 0.3251 0.5118 0.3901 0.1465 0.1534 0.2363 0.4253 0.4908 0.2403 0.1382 0.1751 0.2355 0.1751 0.1382 0.2403 0.4908 0.4253 0.2363 0.1534 0.1465 0.3901 0.5118 0.3251 0.1893 0.1396 0.2032 0.4760 0.4559 0.2555 0.1610 0.1409 0.3373 0.5100 0.3684 0.2103 0.1455 0.1586 0.4293 0.5035 0.3022 0.1810 0.1386 0.2226 0.4816 0.4505 0.2547 0.1616 0.1404 0.3246 0.5076 0.3823 0.2180 0.1482 0.1519 0.4081 0.5103 0.3211 0.1896 0.1400 0.1905 0.4661 0.4680
0.4632 0.1830 0.1406 0.1924 0.3274 0.5115 0.4001 0.1499 0.1495 0.2217 0.3898 0.5058 0.3136 0.1398 0.1635 0.2594 0.4579 0.4774 0.2124 0.1389 0.1833 0.3071 0.5058 0.4241 0.1567 0.1461 0.2122 0.3719 0.5094 0.3337 0.1407 0.1614 0.2559 0.4559 0.4764 0.2049 0.1395 0.1884 0.3226 0.5114 0.3945 0.1474 0.1525 0.2335 0.4196 0.4934 0.2488 0.1383 0.1782 0.2914 0.4251 0.2914 0.1782 0.1383 0.2488 0.4934 0.4196 0.2335 0.1525 0.1474 0.3945 0.5114 0.3226 0.1884 0.1395 0.2049 0.4764 0.4559 0.2559 0.1614 0.1407 0.3337 0.5094 0.3719 0.2122 0.1461 0.1567 0.4241 0.5058 0.3071 0.1833 0.1389 0.2124 0.4774 0.4579 0.2594 0.1635 0.1398 0.3136 0.5058 0.3898 0.2217 0.1495 0.1499 0.4001 0.5115 0.3274 0.1924 0.1406 0.1830 0.4632
0.1862 0.1413 0.1953 0.3339 0.5122 0.3917 0.1481 0.1508 0.2255 0.3975 0.5037 0.3024 0.1393 0.1654 0.2642 0.4650 0.4728 0.2026 0.1393 0.1858 0.3127 0.5079 0.4179 0.1546 0.1470 0.2146 0.3766 0.5086 0.3285 0.1404 0.1620 0.2572 0.4572 0.4760 0.2049 0.1394 0.1879 0.3210 0.5111 0.3979 0.1481 0.1517 0.2312 0.4147 0.4955 0.2572 0.1383 0.1773 0.2963 0.4960 0.4912 0.4960 0.2963 0.1773 0.1383 0.2572 0.4955 0.4147 0.2312 0.1517 0.1481 0.3979 0.5111 0.3210 0.1879 0.1394 0.2049 0.4760 0.4572 0.2572 0.1620 0.1404 0.3285 0.5086 0.3766 0.2146 0.1470 0.1546 0.4179 0.5079 0.3127 0.1858 0.1393 0.2026 0.4728 0.4650 0.2642 0.1654 0.1393 0.3024 0.5037 0.3975 0.2255 0.1508 0.1481 0.3917 0.5122 0.3339 0.1953 0.1413 0.1862
0.1513 0.1983 0.3405 0.5126 0.3829 0.1465 0.1522 0.2294 0.4052 0.5013 0.2909 0.1389 0.1674 0.2691 0.4719 0.4679 0.1936 0.1398 0.1885 0.3188 0.5097 0.4109 0.1525 0.1479 0.2175 0.3821 0.5075 0.3217 0.1401 0.1629 0.2591 0.4596 0.4748 0.2032 0.1395 0.1879 0.3204 0.5109 0.4000 0.1487 0.1512 0.2294 0.4106 0.4972 0.2645 0.1383 0.1758 0.2939 0.4997 0.4415 0.2630 0.4415 0.4997 0.2939 0.1758 0.1383 0.2645 0.4972 0.4106 0.2294 0.1512 0.1487 0.4000 0.5109 0.3204 0.1879 0.1395 0.2032 0.4748 0.4596 0.2591 0.1629 0.1401 0.3217 0.5075 0.3821 0.2175 0.1479 0.1525 0.4109 0.5097 0.3188 0.1885 0.1398 0.1936 0.4679 0.4719 0.2691 0.1674 0.1389 0.2909 0.5013 0.4052 0.2294 0.1522 0.1465 0.3829 0.5126 0.3405 0.1983 0.1513
0.2052 0.3473 0.5125 0.3739 0.1451 0.1536 0.2334 0.4129 0.4986 0.2793 0.1386 0.1694 0.2742 0.4784 0.4628 0.1857 0.1404 0.1913 0.3250 0.5111 0.4031 0.1506 0.1490 0.2206 0.3882 0.5061 0.3138 0.1397 0.1640 0.2616 0.4630 0.4730 0.2001 0.1396 0.1884 0.3210 0.5109 0.4007 0.1490 0.1508 0.2280 0.4076 0.4986 0.2707 0.1384 0.1744 0.2906 0.4984 0.4364 0.1649 0.1359 0.1649 0.4364 0.4984 0.2906 0.1744 0.1384 0.2707 0.4986 0.4076 0.2280 0.1508 0.1490 0.4007 0.5109 0.3210 0.1884 0.1396 0.2001 0.4730 0.4630 0.2616 0.1640 0.1397 0.3138 0.5061 0.3882 0.2206 0.1490 0.1506 0.4031 0.5111 0.3250 0.1913 0.1404 0.1857 0.4628 0.4784 0.2742 0.1694 0.1386 0.2793 0.4986 0.4129 0.2334 0.1536 0.1451 0.3739 0.5125 0.3473 0.2052
0.3504 0.5122 0.3644 0.1439 0.1551 0.2375 0.4207 0.4957 0.2675 0.1384 0.1716 0.2794 0.4844 0.4572 0.1789 0.1410 0.1942 0.3314 0.5120 0.3948 0.1487 0.1503 0.2241 0.3949 0.5043 0.3049 0.1393 0.1653 0.2648 0.4670 0.4705 0.1959 0.1398 0.1893 0.3226 0.5111 0.4000 0.1490 0.1507 0.2274 0.4056 0.4995 0.2753 0.1384 0.1733 0.2875 0.4961 0.4387 0.1619 0.1422 0.1699 0.1422 0.1619 0.4387 0.4961 0.2875 0.1733 0.1384 0.2753 0.4995 0.4056 0.2274 0.1507 0.1490 0.4000 0.5111 0.3226 0.1893 0.1398 0.1959 0.4705 0.4670 0.2648 0.1653 0.1393 0.3049 0.5043 0.3949 0.2241 0.1503 0.1487 0.3948 0.5120 0.3314 0.1942 0.1410 0.1789 0.4572 0.4844 0.2794 0.1716 0.1384 0.2675 0.4957 0.4207 0.2375 0.1551 0.1439 0.3644 0.5122 0.3504
0.5106 0.3546 0.1428 0.1567 0.2418 0.4284 0.4925 0.2558 0.1383 0.1738 0.2847 0.4899 0.4514 0.1731 0.1418 0.1972 0.3380 0.5125 0.3862 0.1471 0.1516 0.2279 0.4023 0.5022 0.2948 0.1390 0.1669 0.2685 0.4718 0.4673 0.1911 0.1401 0.1906 0.3251 0.5114 0.3979 0.1487 0.1508 0.2274 0.4049 0.5000 0.2783 0.1385 0.1724 0.2850 0.4938 0.4419 0.1631 0.1441 0.2016 0.2821 0.2016 0.1441 0.1631 0.4419 0.4938 0.2851 0.1724 0.1385 0.2783 0.5000 0.4049 0.2274 0.1508 0.1487 0.3979 0.5114 0.3251 0.1906 0.1401 0.1911 0.4673 0.4718 0.2685 0.1669 0.1390 0.2948 0.5022 0.4023 0.2279 0.1516 0.1471 0.3862 0.5125 0.3380 0.1972 0.1418 0.1731 0.4514 0.4899 0.2847 0.1738 0.1383 0.2558 0.4925 0.4284 0.2418 0.1567 0.1428 0.3546 0.5106
0.3496 0.1418 0.1583 0.2461 0.4362 0.4890 0.2442 0.1383 0.1761 0.2902 0.4948 0.4453 0.1682 0.1427 0.2003 0.3447 0.5126 0.3773 0.1456 0.1531 0.2319 0.4100 0.4996 0.2836 0.1387 0.1687 0.2727 0.4769 0.4634 0.1858 0.1405 0.1923 0.3285 0.5118 0.3945 0.1481 0.1512 0.2280 0.4056 0.5000 0.2794 0.1385 0.1718 0.2832 0.4919 0.4448 0.1648 0.1440 0.2063 0.3530 0.4912 0.3530 0.2063 0.1440 0.1648 0.4446 0.4920 0.2833 0.1718 0.1385 0.2794 0.5000 0.4056 0.2280 0.1512 0.1481 0.3945 0.5118 0.3285 0.1923 0.1405 0.1858 0.4634 0.4769 0.2727 0.1687 0.1387 0.2836 0.4996 0.4100 0.2319 0.1531 0.1456 0.3773 0.5126 0.3447 0.2003 0.1427 0.1682 0.4453 0.4948 0.2902 0.1761 0.1383 0.2442 0.4890 0.4362 0.2461 0.1583 0.1418 0.3496
0.1516 0.1600 0.2506 0.4438 0.4852 0.2327 0.1385 0.1785 0.2957 0.4991 0.4389 0.1640 0.1436 0.2034 0.3516 0.5123 0.3680 0.1443 0.1545 0.2360 0.4178 0.4968 0.2719 0.1385 0.1708 0.2775 0.4824 0.4589 0.1803 0.1410 0.1943 0.3326 0.5122 0.3901 0.1474 0.1517 0.2294 0.4076 0.4995 0.2783 0.1385 0.1716 0.2823 0.4906 0.4467 0.1663 0.1437 0.2059 0.3600 0.5106 0.4475 0.5106 0.3600 0.2059 0.1437 0.1663 0.4466 0.4908 0.2824 0.1716 0.1385 0.2783 0.4995 0.4076 0.2294 0.1517 0.1474 0.3901 0.5122 0.3326 0.1943 0.1410 0.1803 0.4589 0.4824 0.2775 0.1708 0.1385 0.2719 0.4968 0.4178 0.2360 0.1545 0.1443 0.3680 0.5123 0.3516 0.2034 0.1436 0.1640 0.4389 0.4991 0.2957 0.1785 0.1385 0.2327 0.4852 0.4438 0.2506 0.1600 0.1516
0.1684 0.2552 0.4514 0.4812 0.2217 0.1387 0.1809 0.3015 0.5027 0.4322 0.1605 0.1446 0.2067 0.3586 0.5117 0.3583 0.1432 0.1561 0.2402 0.4255 0.4937 0.2602 0.1384 0.1730 0.2827 0.4879 0.4535 0.1749 0.1416 0.1966 0.3375 0.5125 0.3845 0.1465 0.1525 0.2312 0.4106 0.4986 0.2753 0.1385 0.1718 0.2823 0.4902 0.4477 0.1674 0.1434 0.2048 0.3591 0.5110 0.3625 0.1682 0.3623 0.5110 0.3590 0.2048 0.1434 0.1674 0.4477 0.4903 0.2824 0.1718 0.1385 0.2753 0.4986 0.4106 0.2312 0.1525 0.1465 0.3845 0.5125 0.3375 0.1966 0.1416 0.1749 0.4535 0.4879 0.2827 0.1730 0.1384 0.2602 0.4937 0.4255 0.2402 0.1561 0.1432 0.3583 0.5117 0.3586 0.2067 0.1446 0.1605 0.4322 0.5027 0.3015 0.1809 0.1387 0.2217 0.4812 0.4514 0.2552 0.1684
0.2605 0.4588 0.4769 0.2112 0.1390 0.1835 0.3073 0.5057 0.4251 0.1574 0.1456 0.2101 0.3657 0.5108 0.3483 0.1422 0.1577 0.2445 0.4333 0.4903 0.2485 0.1383 0.1752 0.2881 0.4931 0.4476 0.1699 0.1424 0.1993 0.3431 0.5126 0.3778 0.1455 0.1534 0.2335 0.4147 0.4972 0.2707 0.1384 0.1724 0.2832 0.4906 0.4477 0.1688 0.1432 0.2030 0.3560 0.5116 0.3513 0.1425 0.1403 0.1421 0.3541 0.5110 0.3557 0.2035 0.1431 0.1673 0.4484 0.4908 0.2833 0.1724 0.1384 0.2707 0.4972 0.4147 0.2335 0.1534 0.1455 0.3778 0.5126 0.3431 0.1993 0.1424 0.1699 0.4476 0.4931 0.2881 0.1752 0.1383 0.2485 0.4903 0.4333 0.2445 0.1577 0.1422 0.3483 0.5108 0.3657 0.2101 0.1456 0.1574 0.4251 0.5057 0.3073 0.1835 0.1390 0.2112 0.4769 0.4588 0.2605
0.4594 0.4723 0.2015 0.1394 0.1861 0.3133 0.5081 0.4178 0.1548 0.1468 0.2135 0.3730 0.5096 0.3380 0.1413 0.1594 0.2489 0.4410 0.4867 0.2370 0.1384 0.1776 0.2937 0.4976 0.4413 0.1655 0.1433 0.2023 0.3493 0.5124 0.3702 0.1445 0.1545 0.2363 0.4196 0.4955 0.2645 0.1384 0.1733 0.2850 0.4919 0.4467 0.1674 0.1432 0.2046 0.3553 0.5121 0.3521 0.1419 0.1550 0.1973 0.1547 0.1422 0.3501 0.5117 0.3551 0.2035 0.1431 0.1681 0.4464 0.4920 0.2851 0.1733 0.1384 0.2645 0.4955 0.4196 0.2363 0.1545 0.1445 0.3702 0.5124 0.3493 0.2023 0.1433 0.1655 0.4413 0.4976 0.2937 0.1776 0.1384 0.2370 0.4867 0.4410 0.2489 0.1594 0.1413 0.3380 0.5096 0.3730 0.2135 0.1468 0.1548 0.4178 0.5081 0.3133 0.1861 0.1394 0.2015 0.4723 0.4594
0.4696 0.1926 0.1398 0.1888 0.3195 0.5099 0.4102 0.1524 0.1479 0.2171 0.3804 0.5081 0.3274 0.1405 0.1611 0.2535 0.4486 0.4827 0.2258 0.1386 0.1800 0.2993 0.5014 0.4347 0.1617 0.1442 0.2055 0.3560 0.5120 0.3616 0.1435 0.1557 0.2396 0.4253 0.4934 0.2572 0.1383 0.1744 0.2875 0.4938 0.4448 0.1663 0.1434 0.2032 0.3545 0.5119 0.3511 0.1420 0.1586 0.2412 0.3498 0.2422 0.1580 0.1420 0.3482 0.5118 0.3548 0.2035 0.1435 0.1663 0.4447 0.4938 0.2875 0.1744 0.1383 0.2572 0.4934 0.4253 0.2396 0.1557 0.1435 0.3616 0.5120 0.3560 0.2055 0.1442 0.1617 0.4347 0.5014 0.2993 0.1800 0.1386 0.2258 0.4827 0.4486 0.2535 0.1611 0.1405 0.3274 0.5081 0.3804 0.2171 0.1479 0.1524 0.4102 0.5099 0.3195 0.1888 0.1398 0.1926 0.4696
0.1943 0.1404 0.1916 0.3257 0.5112 0.4022 0.1504 0.1491 0.2207 0.3878 0.5063 0.3166 0.1399 0.1629 0.2581 0.4559 0.4786 0.2151 0.1388 0.1825 0.3051 0.5046 0.4279 0.1585 0.1452 0.2087 0.3630 0.5112 0.3522 0.1425 0.1571 0.2432 0.4315 0.4908 0.2488 0.1383 0.1758 0.2906 0.4961 0.4419 0.1648 0.1437 0.2049 0.3582 0.5116 0.3497 0.1419 0.1587 0.2471 0.4325 0.5100 0.4341 0.2476 0.1590 0.1422 0.3526 0.5118 0.3569 0.2046 0.1437 0.1648 0.4419 0.4961 0.2906 0.1758 0.1383 0.2488 0.4908 0.4315 0.2432 0.1571 0.1425 0.3522 0.5112 0.3630 0.2087 0.1452 0.1585 0.4279 0.5046 0.3051 0.1825 0.1388 0.2151 0.4786 0.4559 0.2581 0.1629 0.1399 0.3166 0.5063 0.3878 0.2207 0.1491 0.1504 0.4022 0.5112 0.3257 0.1916 0.1404 0.1943
0.1504 0.1943 0.3317 0.5120 0.3945 0.1486 0.1503 0.2242 0.3949 0.5043 0.3061 0.1394 0.1647 0.2625 0.4626 0.4743 0.2057 0.1391 0.1849 0.3106 0.5070 0.4211 0.1559 0.1462 0.2119 0.3697 0.5101 0.3427 0.1416 0.1586 0.2470 0.4378 0.4880 0.2403 0.1383 0.1773 0.2939 0.4984 0.4387 0.1631 0.1440 0.2059 0.3590 0.5113 0.3511 0.1418 0.1591 0.2502 0.4429 0.4869 0.3622 0.4856 0.4452 0.2515 0.1597 0.1419 0.3507 0.5115 0.3599 0.2059 0.1440 0.1631 0.4387 0.4984 0.2939 0.1773 0.1383 0.2403 0.4880 0.4378 0.2470 0.1586 0.1416 0.3427 0.5101 0.3697 0.2119 0.1462 0.1559 0.4211 0.5070 0.3106 0.1849 0.1391 0.2057 0.4743 0.4626 0.2625 0.1647 0.1394 0.3061 0.5043 0.3949 0.2242 0.1503 0.1486 0.3945 0.5120 0.3317 0.1943 0.1504
0.2000 0.3360 0.5121 0.3887 0.1473 0.1510 0.2265 0.3999 0.5026 0.2985 0.1389 0.1658 0.2656 0.4672 0.4711 0.1993 0.1392 0.1864 0.3146 0.5082 0.4161 0.1540 0.1468 0.2140 0.3745 0.5090 0.3357 0.1409 0.1595 0.2497 0.4425 0.4855 0.2338 0.1382 0.1782 0.2963 0.4997 0.4364 0.1619 0.1441 0.2063 0.3600 0.5110 0.3493 0.1418 0.1585 0.2501 0.4455 0.4834 0.2423 0.1402 0.2354 0.4834 0.4481 0.2499 0.1587 0.1414 0.3492 0.5111 0.3599 0.2063 0.1441 0.1619 0.4364 0.4997 0.2963 0.1782 0.1382 0.2338 0.4855 0.4425 0.2497 0.1595 0.1409 0.3357 0.5090 0.3745 0.2140 0.1468 0.1540 0.4161 0.5082 0.3146 0.1864 0.1392 0.1993 0.4711 0.4672 0.2656 0.1658 0.1389 0.2985 0.5026 0.3999 0.2265 0.1510 0.1473 0.3887 0.5121 0.3360 0.2000
0.3285 0.5108 0.3946 0.1476 0.1490 0.2228 0.3955 0.5026 0.3064 0.1383 0.1632 0.2616 0.4629 0.4729 0.2056 0.1380 0.1833 0.3105 0.5061 0.4209 0.1550 0.1449 0.2104 0.3703 0.5085 0.3430 0.1406 0.1571 0.2458 0.4380 0.4866 0.2420 0.1372 0.1751 0.2914 0.4960 0.4415 0.1649 0.1422 0.2016 0.3530 0.5106 0.3622 0.1423 0.1557 0.2432 0.4343 0.4866 0.2378 0.1361 0.1489 0.1360 0.2412 0.4858 0.4360 0.2421 0.1553 0.1421 0.3640 0.5106 0.3530 0.2016 0.1422 0.1649 0.4415 0.4960 0.2914 0.1751 0.1372 0.2420 0.4866 0.4380 0.2458 0.1571 0.1406 0.3430 0.5085 0.3703 0.2104 0.1449 0.1550 0.4209 0.5061 0.3105 0.1833 0.1380 0.2056 0.4729 0.4629 0.2616 0.1632 0.1383 0.3064 0.5026 0.3955 0.2228 0.1490 0.1476 0.3946 0.5108 0.3285
0.4697 0.4645 0.1923 0.1377 0.1853 0.3183 0.5085 0.4095 0.1492 0.1453 0.2135 0.3811 0.5051 0.3284 0.1373 0.1580 0.2504 0.4502 0.4798 0.2270 0.1363 0.1765 0.2975 0.5011 0.4333 0.1592 0.1418 0.2018 0.3560 0.5094 0.3623 0.1401 0.1526 0.2355 0.4251 0.4912 0.2630 0.1359 0.1699 0.2821 0.4912 0.4475 0.1682 0.1403 0.1966 0.3469 0.5102 0.3660 0.1403 0.1497 0.1865 0.1490 0.1404 0.3670 0.5099 0.3497 0.1974 0.1404 0.1697 0.4477 0.4912 0.2821 0.1699 0.1359 0.2630 0.4912 0.4251 0.2355 0.1526 0.1401 0.3623 0.5094 0.3560 0.2018 0.1418 0.1592 0.4333 0.5011 0.2975 0.1765 0.1363 0.2270 0.4798 0.4502 0.2504 0.1580 0.1373 0.3284 0.5051 0.3811 0.2135 0.1453 0.1492 0.4095 0.5085 0.3183 0.1853 0.1377 0.1923 0.4645 0.4697
0.3285 0.5108 0.3946 0.1476 0.1490 0.2228 0.3955 0.5026 0.3064 0.1383 0.1632 0.2616 0.4629 0.4729 0.2056 0.1380 0.1833 0.3105 0.5061 0.4209 0.1550 0.1449 0.2104 0.3703 0.5085 0.3430 0.1406 0.1571 0.2458 0.4380 0.4866 0.2420 0.1372 0.1751 0.2914 0.4960 0.4415 0.1649 0.1422 0.2016 0.3530 0.5106 0.3624 0.1422 0.1550 0.2399 0.4334 0.4868 0.2432 0.1361 0.1491 0.1361 0.2410 0.4880 0.4341 0.2424 0.1551 0.1424 0.3644 0.5105 0.3530 0.2016 0.1422 0.1649 0.4415 0.4960 0.2914 0.1751 0.1372 0.2420 0.4866 0.4380 0.2458 0.1571 0.1406 0.3430 0.5085 0.3703 0.2104 0.1449 0.1550 0.4209 0.5061 0.3105 0.1833 0.1380 0.2056 0.4729 0.4629 0.2616 0.1632 0.1383 0.3064 0.5026 0.3955 0.2228 0.1490 0.1476 0.3946 0.5108 0.3285
0.2000 0.3360 0.5121 0.3887 0.1473 0.1510 0.2265 0.3999 0.5026 0.2985 0.1389 0.1658 0.2656 0.4672 0.4711 0.1993 0.1392 0.1864 0.3146 0.5082 0.4161 0.1540 0.1468 0.2140 0.3745 0.5090 0.3357 0.1409 0.1595 0.2497 0.4425 0.4855 0.2338 0.1382 0.1782 0.2963 0.4997 0.4364 0.1619 0.1441 0.2063 0.3600 0.5110 0.3526 0.1420 0.1580 0.2465 0.4400 0.4849 0.2444 0.1403 0.2444 0.4836 0.4417 0.2475 0.1584 0.1418 0.3480 0.5115 0.3601 0.2063 0.1441 0.1619 0.4364 0.4997 0.2963 0.1782 0.1382 0.2338 0.4855 0.4425 0.2497 0.1595 0.1409 0.3357 0.5090 0.3745 0.2140 0.1468 0.1540 0.4161 0.5082 0.3146 0.1864 0.1392 0.1993 0.4711 0.4672 0.2656 0.1658 0.1389 0.2985 0.5026 0.3999 0.2265 0.1510 0.1473 0.3887 0.5121 0.3360 0.2000
0.1504 0.1943 0.3317 0.5120 0.3945 0.1486 0.1503 0.2242 0.3949 0.5043 0.3061 0.1394 0.1647 0.2625 0.4626 0.4743 0.2057 0.1391 0.1849 0.3106 0.5070 0.4211 0.1559 0.1462 0.2119 0.3697 0.5101 0.3427 0.1416 0.1586 0.2470 0.4378 0.4880 0.2403 0.1383 0.1773 0.2939 0.4984 0.4387 0.1631 0.1440 0.2059 0.3591 0.5111 0.3504 0.1417 0.1585 0.2471 0.4406 0.4886 0.3672 0.4877 0.4426 0.2482 0.1584 0.1416 0.3531 0.5112 0.3610 0.2060 0.1441 0.1631 0.4387 0.4984 0.2939 0.1773 0.1383 0.2403 0.4880 0.4378 0.2470 0.1586 0.1416 0.3427 0.5101 0.3697 0.2119 0.1462 0.1559 0.4211 0.5070 0.3106 0.1849 0.1391 0.2057 0.4743 0.4626 0.2625 0.1647 0.1394 0.3061 0.5043 0.3949 0.2242 0.1503 0.1486 0.3945 0.5120 0.3317 0.1943 0.1504
0.1943 0.1404 0.1916 0.3257 0.5112 0.4022 0.1504 0.1491 0.2207 0.3878 0.5063 0.3166 0.1399 0.1629 0.2581 0.4559 0.4786 0.2151 0.1388 0.1825 0.3051 0.5046 0.4279 0.1585 0.1452 0.2087 0.3630 0.5112 0.3522 0.1425 0.1571 0.2432 0.4315 0.4908 0.2488 0.1383 0.1758 0.2906 0.4961 0.4419 0.1648 0.1437 0.2050 0.3588 0.5115 0.3516 0.1423 0.1579 0.2458 0.4313 0.5101 0.4305 0.2478 0.1583 0.1417 0.3486 0.5116 0.3555 0.2042 0.1437 0.1648 0.4419 0.4961 0.2906 0.1758 0.1383 0.2488 0.4908 0.4315 0.2432 0.1571 0.1425 0.3522 0.5112 0.3630 0.2087 0.1452 0.1585 0.4279 0.5046 0.3051 0.1825 0.1388 0.2151 0.4786 0.4559 0.2581 0.1629 0.1399 0.3166 0.5063 0.3878 0.2207 0.1491 0.1504 0.4022 0.5112 0.3257 0.1916 0.1404 0.1943
0.4696 0.1926 0.1398 0.1888 0.3195 0.5099 0.4102 0.1524 0.1479 0.2171 0.3804 0.5081 0.3274 0.1405 0.1611 0.2535 0.4486 0.4827 0.2258 0.1386 0.1800 0.2993 0.5014 0.4347 0.1617 0.1442 0.2055 0.3560 0.5120 0.3616 0.1435 0.1557 0.2396 0.4253 0.4934 0.2572 0.1383 0.1744 0.2875 0.4938 0.4446 0.1663 0.1435 0.2058 0.3590 0.5116 0.3528 0.1424 0.1580 0.2406 0.3457 0.2399 0.1576 0.1423 0.3515 0.5119 0.3553 0.2039 0.1436 0.1662 0.4447 0.4938 0.2875 0.1744 0.1383 0.2572 0.4934 0.4253 0.2396 0.1557 0.1435 0.3616 0.5120 0.3560 0.2055 0.1442 0.1617 0.4347 0.5014 0.2993 0.1800 0.1386 0.2258 0.4827 0.4486 0.2535 0.1611 0.1405 0.3274 0.5081 0.3804 0.2171 0.1479 0.1524 0.4102 0.5099 0.3195 0.1888 0.1398 0.1926 0.4696
