0.1660 0.1632 0.2461 0.4353 0.4839 0.2221 0.1491 0.1928 0.3220 0.5097 0.3912 0.1562 0.1617 0.2414 0.4263 0.4884 0.2347 0.1488 0.1897 0.3145 0.5080 0.4017 0.1581 0.1601 0.2365 0.4168 0.4927 0.2485 0.1487 0.1867 0.3073 0.5054 0.4117 0.1602 0.1586 0.2317 0.4073 0.4965 0.2627 0.1486 0.1838 0.3002 0.5020 0.4212 0.1627 0.1571 0.2270 0.3972 0.5007 0.3016 0.1569 0.3016 0.5007 0.3972 0.2270 0.1571 0.1627 0.4212 0.5020 0.3002 0.1838 0.1486 0.2627 0.4965 0.4073 0.2317 0.1586 0.1602 0.4117 0.5054 0.3073 0.1867 0.1487 0.2485 0.4927 0.4168 0.2365 0.1601 0.1581 0.4017 0.5080 0.3145 0.1897 0.1488 0.2347 0.4884 0.4263 0.2414 0.1617 0.1562 0.3912 0.5097 0.3220 0.1928 0.1491 0.2221 0.4839 0.4353 0.2461 0.1632 0.1660
0.1632 0.2425 0.4359 0.4859 0.2237 0.1389 0.1856 0.3182 0.5111 0.3956 0.1472 0.1529 0.2356 0.4249 0.4907 0.2380 0.1385 0.1823 0.3106 0.5092 0.4059 0.1493 0.1512 0.2305 0.4151 0.4949 0.2525 0.1384 0.1792 0.3031 0.5065 0.4157 0.1518 0.1495 0.2256 0.4054 0.4986 0.2672 0.1383 0.1762 0.2959 0.5029 0.4250 0.1547 0.1479 0.2208 0.3957 0.5021 0.2868 0.1379 0.1466 0.1379 0.2868 0.5021 0.3957 0.2208 0.1479 0.1547 0.4250 0.5029 0.2959 0.1762 0.1383 0.2672 0.4986 0.4054 0.2256 0.1495 0.1518 0.4157 0.5065 0.3031 0.1792 0.1384 0.2525 0.4949 0.4151 0.2305 0.1512 0.1493 0.4059 0.5092 0.3106 0.1823 0.1385 0.2380 0.4907 0.4249 0.2356 0.1529 0.1472 0.3956 0.5111 0.3182 0.1856 0.1389 0.2237 0.4859 0.4359 0.2425 0.1632
0.2461 0.4359 0.4872 0.2305 0.1387 0.1833 0.3126 0.5097 0.4036 0.1489 0.1515 0.2316 0.4171 0.4940 0.2496 0.1384 0.1798 0.3046 0.5071 0.4137 0.1513 0.1498 0.2266 0.4073 0.4978 0.2643 0.1383 0.1768 0.2973 0.5036 0.4231 0.1541 0.1483 0.2218 0.3976 0.5012 0.2790 0.1384 0.1738 0.2903 0.4992 0.4320 0.1574 0.1468 0.2172 0.3881 0.5042 0.2944 0.1386 0.1652 0.2174 0.1652 0.1386 0.2944 0.5042 0.3881 0.2172 0.1468 0.1574 0.4320 0.4992 0.2903 0.1738 0.1384 0.2790 0.5012 0.3976 0.2218 0.1483 0.1541 0.4231 0.5036 0.2973 0.1768 0.1383 0.2643 0.4978 0.4073 0.2266 0.1498 0.1513 0.4137 0.5071 0.3046 0.1798 0.1384 0.2496 0.4940 0.4171 0.2316 0.1515 0.1489 0.4036 0.5097 0.3126 0.1833 0.1387 0.2305 0.4872 0.4359 0.2461
0.4353 0.4859 0.2305 0.1386 0.1820 0.3085 0.5082 0.4105 0.1506 0.1503 0.2277 0.4095 0.4970 0.2612 0.1383 0.1774 0.2988 0.5044 0.4212 0.1535 0.1486 0.2228 0.3996 0.5006 0.2760 0.1384 0.1744 0.2917 0.5002 0.4302 0.1566 0.1471 0.2181 0.3900 0.5036 0.2906 0.1386 0.1716 0.2848 0.4949 0.4387 0.1604 0.1457 0.2136 0.3806 0.5063 0.3051 0.1389 0.1678 0.2667 0.3891 0.2667 0.1678 0.1389 0.3051 0.5063 0.3806 0.2136 0.1457 0.1604 0.4387 0.4949 0.2848 0.1716 0.1386 0.2906 0.5036 0.3900 0.2181 0.1471 0.1566 0.4302 0.5002 0.2917 0.1744 0.1384 0.2760 0.5006 0.3996 0.2228 0.1486 0.1535 0.4212 0.5044 0.2988 0.1774 0.1383 0.2612 0.4970 0.4095 0.2277 0.1503 0.1506 0.4105 0.5082 0.3085 0.1820 0.1386 0.2305 0.4859 0.4353
0.4839 0.2237 0.1387 0.1820 0.3070 0.5072 0.4153 0.1521 0.1492 0.2244 0.4024 0.4997 0.2725 0.1384 0.1750 0.2931 0.5011 0.4284 0.1560 0.1474 0.2190 0.3920 0.5030 0.2877 0.1385 0.1722 0.2862 0.4961 0.4370 0.1596 0.1459 0.2145 0.3825 0.5057 0.3021 0.1389 0.1695 0.2795 0.4900 0.4451 0.1639 0.1446 0.2101 0.3732 0.5080 0.3162 0.1394 0.1667 0.2708 0.4699 0.5032 0.4699 0.2708 0.1667 0.1394 0.3162 0.5080 0.3732 0.2101 0.1446 0.1639 0.4451 0.4900 0.2795 0.1695 0.1389 0.3021 0.5057 0.3825 0.2145 0.1459 0.1596 0.4370 0.4961 0.2862 0.1722 0.1385 0.2877 0.5030 0.3920 0.2190 0.1474 0.1560 0.4284 0.5011 0.2931 0.1750 0.1384 0.2725 0.4997 0.4024 0.2244 0.1492 0.1521 0.4153 0.5072 0.3070 0.1820 0.1387 0.2237 0.4839
0.2221 0.1389 0.1833 0.3085 0.5072 0.4170 0.1530 0.1485 0.2218 0.3965 0.5019 0.2829 0.1385 0.1729 0.2878 0.4972 0.4352 0.1588 0.1462 0.2154 0.3844 0.5052 0.2992 0.1388 0.1700 0.2809 0.4913 0.4435 0.1630 0.1449 0.2110 0.3751 0.5076 0.3134 0.1393 0.1674 0.2743 0.4845 0.4513 0.1681 0.1436 0.2068 0.3659 0.5095 0.3271 0.1399 0.1649 0.2675 0.4741 0.4681 0.3174 0.4681 0.4741 0.2675 0.1649 0.1399 0.3271 0.5095 0.3659 0.2068 0.1436 0.1681 0.4513 0.4845 0.2743 0.1674 0.1393 0.3134 0.5076 0.3751 0.2110 0.1449 0.1630 0.4435 0.4913 0.2809 0.1700 0.1388 0.2992 0.5052 0.3844 0.2154 0.1462 0.1588 0.4352 0.4972 0.2878 0.1729 0.1385 0.2829 0.5019 0.3965 0.2218 0.1485 0.1530 0.4170 0.5072 0.3085 0.1833 0.1389 0.2221
0.1491 0.1856 0.3126 0.5082 0.4153 0.1530 0.1482 0.2203 0.3923 0.5035 0.2916 0.1387 0.1710 0.2830 0.4930 0.4415 0.1619 0.1452 0.2119 0.3770 0.5072 0.3105 0.1392 0.1679 0.2756 0.4860 0.4497 0.1670 0.1439 0.2076 0.3678 0.5092 0.3244 0.1398 0.1654 0.2692 0.4785 0.4571 0.1729 0.1427 0.2035 0.3588 0.5108 0.3378 0.1405 0.1630 0.2630 0.4698 0.4660 0.1960 0.1367 0.1960 0.4660 0.4698 0.2630 0.1630 0.1405 0.3378 0.5108 0.3588 0.2035 0.1427 0.1729 0.4571 0.4785 0.2692 0.1654 0.1398 0.3244 0.5092 0.3678 0.2076 0.1439 0.1670 0.4497 0.4860 0.2756 0.1679 0.1392 0.3105 0.5072 0.3770 0.2119 0.1452 0.1619 0.4415 0.4930 0.2830 0.1710 0.1387 0.2916 0.5035 0.3923 0.2203 0.1482 0.1530 0.4153 0.5082 0.3126 0.1856 0.1491
0.1928 0.3182 0.5097 0.4105 0.1521 0.1485 0.2203 0.3908 0.5043 0.2974 0.1388 0.1695 0.2788 0.4888 0.4471 0.1654 0.1442 0.2086 0.3697 0.5088 0.3216 0.1396 0.1659 0.2705 0.4801 0.4556 0.1716 0.1429 0.2043 0.3606 0.5105 0.3351 0.1404 0.1635 0.2643 0.4720 0.4626 0.1787 0.1418 0.2003 0.3518 0.5117 0.3481 0.1413 0.1612 0.2582 0.4633 0.4694 0.1905 0.1384 0.1598 0.1384 0.1905 0.4694 0.4633 0.2582 0.1612 0.1413 0.3481 0.5117 0.3518 0.2003 0.1418 0.1787 0.4626 0.4720 0.2643 0.1635 0.1404 0.3351 0.5105 0.3606 0.2043 0.1429 0.1716 0.4556 0.4801 0.2705 0.1659 0.1396 0.3216 0.5088 0.3697 0.2086 0.1442 0.1654 0.4471 0.4888 0.2788 0.1695 0.1388 0.2974 0.5043 0.3908 0.2203 0.1485 0.1521 0.4105 0.5097 0.3182 0.1928
0.3220 0.5111 0.4036 0.1506 0.1492 0.2218 0.3923 0.5043 0.2994 0.1390 0.1685 0.2757 0.4849 0.4517 0.1689 0.1434 0.2057 0.3630 0.5101 0.3320 0.1402 0.1640 0.2655 0.4737 0.4612 0.1771 0.1421 0.2011 0.3535 0.5115 0.3455 0.1411 0.1616 0.2595 0.4652 0.4678 0.1855 0.1411 0.1973 0.3449 0.5123 0.3581 0.1422 0.1594 0.2536 0.4562 0.4740 0.1962 0.1398 0.1861 0.2553 0.1861 0.1398 0.1962 0.4740 0.4562 0.2536 0.1594 0.1422 0.3581 0.5123 0.3449 0.1973 0.1411 0.1855 0.4678 0.4652 0.2595 0.1616 0.1411 0.3455 0.5115 0.3535 0.2011 0.1421 0.1771 0.4612 0.4737 0.2655 0.1640 0.1402 0.3320 0.5101 0.3630 0.2057 0.1434 0.1689 0.4517 0.4849 0.2757 0.1685 0.1390 0.2994 0.5043 0.3923 0.2218 0.1492 0.1506 0.4036 0.5111 0.3220
0.5097 0.3956 0.1489 0.1503 0.2244 0.3965 0.5035 0.2974 0.1390 0.1682 0.2740 0.4823 0.4551 0.1722 0.1427 0.2031 0.3571 0.5111 0.3415 0.1408 0.1622 0.2608 0.4670 0.4665 0.1837 0.1413 0.1980 0.3466 0.5122 0.3556 0.1419 0.1599 0.2548 0.4580 0.4727 0.1934 0.1404 0.1943 0.3382 0.5126 0.3678 0.1431 0.1577 0.2490 0.4487 0.4784 0.2049 0.1396 0.1892 0.3169 0.4578 0.3169 0.1892 0.1396 0.2049 0.4784 0.4487 0.2490 0.1577 0.1431 0.3678 0.5126 0.3382 0.1943 0.1404 0.1934 0.4727 0.4580 0.2548 0.1599 0.1419 0.3556 0.5122 0.3466 0.1980 0.1413 0.1837 0.4665 0.4670 0.2608 0.1622 0.1408 0.3415 0.5111 0.3571 0.2031 0.1427 0.1722 0.4551 0.4823 0.2740 0.1682 0.1390 0.2974 0.5035 0.3965 0.2244 0.1503 0.1489 0.3956 0.5097
0.3912 0.1472 0.1515 0.2277 0.4024 0.5019 0.2916 0.1388 0.1685 0.2740 0.4814 0.4568 0.1745 0.1422 0.2010 0.3521 0.5118 0.3501 0.1415 0.1606 0.2564 0.4603 0.4713 0.1912 0.1405 0.1950 0.3399 0.5125 0.3653 0.1429 0.1582 0.2502 0.4507 0.4773 0.2023 0.1398 0.1914 0.3316 0.5125 0.3771 0.1443 0.1561 0.2446 0.4412 0.4826 0.2148 0.1392 0.1876 0.3209 0.5081 0.4756 0.5081 0.3209 0.1876 0.1392 0.2148 0.4826 0.4412 0.2446 0.1561 0.1443 0.3771 0.5125 0.3316 0.1914 0.1398 0.2023 0.4773 0.4507 0.2502 0.1582 0.1429 0.3653 0.5125 0.3399 0.1950 0.1405 0.1912 0.4713 0.4603 0.2564 0.1606 0.1415 0.3501 0.5118 0.3521 0.2010 0.1422 0.1745 0.4568 0.4814 0.2740 0.1685 0.1388 0.2916 0.5019 0.4024 0.2277 0.1515 0.1472 0.3912
0.1562 0.1529 0.2316 0.4095 0.4997 0.2829 0.1387 0.1695 0.2757 0.4823 0.4568 0.1754 0.1420 0.1997 0.3484 0.5122 0.3571 0.1422 0.1592 0.2525 0.4539 0.4756 0.1992 0.1400 0.1922 0.3333 0.5125 0.3747 0.1440 0.1565 0.2457 0.4431 0.4816 0.2122 0.1393 0.1886 0.3252 0.5120 0.3860 0.1456 0.1546 0.2403 0.4335 0.4866 0.2255 0.1388 0.1852 0.3168 0.5100 0.4133 0.2157 0.4133 0.5100 0.3168 0.1852 0.1388 0.2255 0.4866 0.4335 0.2403 0.1546 0.1456 0.3860 0.5120 0.3252 0.1886 0.1393 0.2122 0.4816 0.4431 0.2457 0.1565 0.1440 0.3747 0.5125 0.3333 0.1922 0.1400 0.1992 0.4756 0.4539 0.2525 0.1592 0.1422 0.3571 0.5122 0.3484 0.1997 0.1420 0.1754 0.4568 0.4823 0.2757 0.1695 0.1387 0.2829 0.4997 0.4095 0.2316 0.1529 0.1562
0.1617 0.2356 0.4171 0.4970 0.2725 0.1385 0.1710 0.2788 0.4849 0.4551 0.1745 0.1420 0.1993 0.3465 0.5124 0.3621 0.1428 0.1580 0.2491 0.4480 0.4793 0.2074 0.1395 0.1895 0.3270 0.5122 0.3837 0.1452 0.1550 0.2414 0.4355 0.4856 0.2227 0.1389 0.1859 0.3189 0.5111 0.3946 0.1470 0.1531 0.2361 0.4257 0.4902 0.2367 0.1386 0.1826 0.3112 0.5091 0.4082 0.1524 0.1367 0.1524 0.4082 0.5091 0.3112 0.1826 0.1386 0.2367 0.4902 0.4257 0.2361 0.1531 0.1470 0.3946 0.5111 0.3189 0.1859 0.1389 0.2227 0.4856 0.4355 0.2414 0.1550 0.1452 0.3837 0.5122 0.3270 0.1895 0.1395 0.2074 0.4793 0.4480 0.2491 0.1580 0.1428 0.3621 0.5124 0.3465 0.1993 0.1420 0.1745 0.4551 0.4849 0.2788 0.1710 0.1385 0.2725 0.4970 0.4171 0.2356 0.1617
0.2414 0.4249 0.4940 0.2612 0.1384 0.1729 0.2830 0.4888 0.4517 0.1722 0.1422 0.1997 0.3465 0.5124 0.3647 0.1432 0.1572 0.2464 0.4429 0.4824 0.2154 0.1391 0.1872 0.3214 0.5115 0.3920 0.1466 0.1535 0.2372 0.4277 0.4893 0.2338 0.1386 0.1833 0.3128 0.5098 0.4029 0.1487 0.1517 0.2320 0.4180 0.4936 0.2482 0.1384 0.1801 0.3053 0.5073 0.4134 0.1517 0.1461 0.1791 0.1461 0.1517 0.4134 0.5073 0.3053 0.1801 0.1384 0.2482 0.4936 0.4180 0.2320 0.1517 0.1487 0.4029 0.5098 0.3128 0.1833 0.1386 0.2338 0.4893 0.4277 0.2372 0.1535 0.1466 0.3920 0.5115 0.3214 0.1872 0.1391 0.2154 0.4824 0.4429 0.2464 0.1572 0.1432 0.3647 0.5124 0.3465 0.1997 0.1422 0.1722 0.4517 0.4888 0.2830 0.1729 0.1384 0.2612 0.4940 0.4249 0.2414
0.4263 0.4907 0.2496 0.1383 0.1750 0.2878 0.4930 0.4471 0.1689 0.1427 0.2010 0.3484 0.5124 0.3647 0.1433 0.1568 0.2448 0.4391 0.4847 0.2224 0.1389 0.1852 0.3165 0.5105 0.3994 0.1480 0.1521 0.2332 0.4200 0.4928 0.2452 0.1384 0.1807 0.3068 0.5079 0.4109 0.1505 0.1503 0.2280 0.4102 0.4967 0.2599 0.1383 0.1776 0.2995 0.5047 0.4205 0.1533 0.1480 0.2141 0.3036 0.2141 0.1480 0.1533 0.4205 0.5047 0.2995 0.1776 0.1383 0.2599 0.4967 0.4102 0.2280 0.1503 0.1505 0.4109 0.5079 0.3068 0.1807 0.1384 0.2452 0.4928 0.4200 0.2332 0.1521 0.1480 0.3994 0.5105 0.3165 0.1852 0.1389 0.2224 0.4847 0.4391 0.2448 0.1568 0.1433 0.3647 0.5124 0.3484 0.2010 0.1427 0.1689 0.4471 0.4930 0.2878 0.1750 0.1383 0.2496 0.4907 0.4263
0.4884 0.2380 0.1384 0.1774 0.2931 0.4972 0.4415 0.1654 0.1434 0.2031 0.3521 0.5122 0.3621 0.1432 0.1568 0.2442 0.4371 0.4862 0.2278 0.1387 0.1835 0.3122 0.5094 0.4058 0.1495 0.1510 0.2296 0.4128 0.4958 0.2568 0.1383 0.1783 0.3009 0.5055 0.4185 0.1526 0.1490 0.2242 0.4025 0.4996 0.2716 0.1384 0.1753 0.2938 0.5015 0.4276 0.1557 0.1474 0.2177 0.3779 0.5041 0.3779 0.2177 0.1474 0.1557 0.4276 0.5015 0.2938 0.1753 0.1384 0.2716 0.4996 0.4025 0.2242 0.1490 0.1526 0.4185 0.5055 0.3009 0.1783 0.1383 0.2568 0.4958 0.4128 0.2296 0.1510 0.1495 0.4058 0.5094 0.3122 0.1835 0.1387 0.2278 0.4862 0.4371 0.2442 0.1568 0.1432 0.3621 0.5122 0.3521 0.2031 0.1434 0.1654 0.4415 0.4972 0.2931 0.1774 0.1384 0.2380 0.4884
0.2347 0.1385 0.1798 0.2988 0.5011 0.4352 0.1619 0.1442 0.2057 0.3571 0.5118 0.3571 0.1428 0.1572 0.2448 0.4371 0.4867 0.2306 0.1386 0.1822 0.3088 0.5082 0.4112 0.1509 0.1499 0.2265 0.4063 0.4984 0.2677 0.1383 0.1759 0.2953 0.5024 0.4258 0.1550 0.1478 0.2204 0.3948 0.5021 0.2833 0.1385 0.1730 0.2882 0.4977 0.4345 0.1584 0.1463 0.2155 0.3821 0.5070 0.4265 0.5070 0.3821 0.2155 0.1463 0.1584 0.4345 0.4977 0.2882 0.1730 0.1385 0.2833 0.5021 0.3948 0.2204 0.1478 0.1550 0.4258 0.5024 0.2953 0.1759 0.1383 0.2677 0.4984 0.4063 0.2265 0.1499 0.1509 0.4112 0.5082 0.3088 0.1822 0.1386 0.2306 0.4867 0.4371 0.2448 0.1572 0.1428 0.3571 0.5118 0.3571 0.2057 0.1442 0.1619 0.4352 0.5011 0.2988 0.1798 0.1385 0.2347
0.1488 0.1823 0.3046 0.5044 0.4284 0.1588 0.1452 0.2086 0.3630 0.5111 0.3501 0.1422 0.1580 0.2464 0.4391 0.4862 0.2306 0.1386 0.1816 0.3067 0.5072 0.4154 0.1522 0.1490 0.2236 0.4004 0.5006 0.2775 0.1384 0.1738 0.2900 0.4989 0.4327 0.1577 0.1466 0.2167 0.3872 0.5044 0.2949 0.1387 0.1708 0.2828 0.4932 0.4411 0.1617 0.1453 0.2122 0.3772 0.5074 0.3322 0.1556 0.3322 0.5074 0.3772 0.2122 0.1453 0.1617 0.4411 0.4932 0.2828 0.1708 0.1387 0.2949 0.5044 0.3872 0.2167 0.1466 0.1577 0.4327 0.4989 0.2900 0.1738 0.1384 0.2775 0.5006 0.4004 0.2236 0.1490 0.1522 0.4154 0.5072 0.3067 0.1816 0.1386 0.2306 0.4862 0.4391 0.2464 0.1580 0.1422 0.3501 0.5111 0.3630 0.2086 0.1452 0.1588 0.4284 0.5044 0.3046 0.1823 0.1488
0.1897 0.3106 0.5071 0.4212 0.1560 0.1462 0.2119 0.3697 0.5101 0.3415 0.1415 0.1592 0.2491 0.4429 0.4847 0.2278 0.1386 0.1816 0.3059 0.5066 0.4181 0.1532 0.1484 0.2213 0.3952 0.5024 0.2863 0.1385 0.1719 0.2852 0.4950 0.4390 0.1607 0.1456 0.2132 0.3797 0.5065 0.3063 0.1390 0.1687 0.2776 0.4880 0.4475 0.1654 0.1443 0.2089 0.3704 0.5087 0.3247 0.1397 0.1428 0.1397 0.3247 0.5087 0.3704 0.2089 0.1443 0.1654 0.4475 0.4880 0.2776 0.1687 0.1390 0.3063 0.5065 0.3797 0.2132 0.1456 0.1607 0.4390 0.4950 0.2852 0.1719 0.1385 0.2863 0.5024 0.3952 0.2213 0.1484 0.1532 0.4181 0.5066 0.3059 0.1816 0.1386 0.2278 0.4847 0.4429 0.2491 0.1592 0.1415 0.3415 0.5101 0.3697 0.2119 0.1462 0.1560 0.4212 0.5071 0.3106 0.1897
0.3145 0.5092 0.4137 0.1535 0.1474 0.2154 0.3770 0.5088 0.3320 0.1408 0.1606 0.2525 0.4480 0.4824 0.2224 0.1387 0.1822 0.3067 0.5066 0.4190 0.1538 0.1480 0.2197 0.3911 0.5038 0.2939 0.1387 0.1703 0.2809 0.4909 0.4445 0.1638 0.1446 0.2099 0.3724 0.5082 0.3175 0.1394 0.1667 0.2724 0.4823 0.4535 0.1698 0.1433 0.2055 0.3632 0.5100 0.3319 0.1402 0.1589 0.2052 0.1589 0.1402 0.3319 0.5100 0.3632 0.2055 0.1433 0.1698 0.4535 0.4823 0.2724 0.1667 0.1394 0.3175 0.5082 0.3724 0.2099 0.1446 0.1638 0.4445 0.4909 0.2809 0.1703 0.1387 0.2939 0.5038 0.3911 0.2197 0.1480 0.1538 0.4190 0.5066 0.3067 0.1822 0.1387 0.2224 0.4824 0.4480 0.2525 0.1606 0.1408 0.3320 0.5088 0.3770 0.2154 0.1474 0.1535 0.4137 0.5092 0.3145
0.5080 0.4059 0.1513 0.1486 0.2190 0.3844 0.5072 0.3216 0.1402 0.1622 0.2564 0.4539 0.4793 0.2154 0.1389 0.1835 0.3088 0.5072 0.4181 0.1538 0.1478 0.2188 0.3886 0.5048 0.2998 0.1389 0.1690 0.2773 0.4870 0.4494 0.1671 0.1438 0.2069 0.3657 0.5097 0.3283 0.1400 0.1647 0.2674 0.4761 0.4592 0.1750 0.1424 0.2023 0.3561 0.5111 0.3418 0.1408 0.1613 0.2504 0.3635 0.2504 0.1613 0.1408 0.3418 0.5111 0.3561 0.2023 0.1424 0.1750 0.4592 0.4761 0.2674 0.1647 0.1400 0.3283 0.5097 0.3657 0.2069 0.1438 0.1671 0.4494 0.4870 0.2773 0.1690 0.1389 0.2998 0.5048 0.3886 0.2188 0.1478 0.1538 0.4181 0.5072 0.3088 0.1835 0.1389 0.2154 0.4793 0.4539 0.2564 0.1622 0.1402 0.3216 0.5072 0.3844 0.2190 0.1486 0.1513 0.4059 0.5080
0.4017 0.1493 0.1498 0.2228 0.3920 0.5052 0.3105 0.1396 0.1640 0.2608 0.4603 0.4756 0.2074 0.1391 0.1852 0.3122 0.5082 0.4154 0.1532 0.1480 0.2188 0.3877 0.5052 0.3035 0.1390 0.1680 0.2744 0.4834 0.4535 0.1705 0.1430 0.2043 0.3597 0.5107 0.3382 0.1406 0.1628 0.2625 0.4695 0.4646 0.1811 0.1415 0.1992 0.3492 0.5120 0.3519 0.1416 0.1603 0.2544 0.4457 0.5085 0.4457 0.2544 0.1603 0.1416 0.3519 0.5120 0.3492 0.1992 0.1415 0.1811 0.4646 0.4695 0.2625 0.1628 0.1406 0.3382 0.5107 0.3597 0.2043 0.1430 0.1705 0.4535 0.4834 0.2744 0.1680 0.1390 0.3035 0.5052 0.3877 0.2188 0.1480 0.1532 0.4154 0.5082 0.3122 0.1852 0.1391 0.2074 0.4756 0.4603 0.2608 0.1640 0.1396 0.3105 0.5052 0.3920 0.2228 0.1498 0.1493 0.4017
0.1581 0.1512 0.2266 0.3996 0.5030 0.2992 0.1392 0.1659 0.2655 0.4670 0.4713 0.1992 0.1395 0.1872 0.3165 0.5094 0.4112 0.1522 0.1484 0.2197 0.3886 0.5052 0.3048 0.1391 0.1673 0.2724 0.4805 0.4567 0.1737 0.1424 0.2020 0.3543 0.5115 0.3468 0.1413 0.1612 0.2580 0.4628 0.4696 0.1883 0.1408 0.1961 0.3424 0.5124 0.3617 0.1425 0.1588 0.2515 0.4502 0.4828 0.3524 0.4828 0.4502 0.2515 0.1588 0.1425 0.3617 0.5124 0.3424 0.1961 0.1408 0.1883 0.4696 0.4628 0.2580 0.1612 0.1413 0.3468 0.5115 0.3543 0.2020 0.1424 0.1737 0.4567 0.4805 0.2724 0.1673 0.1391 0.3048 0.5052 0.3886 0.2197 0.1484 0.1522 0.4112 0.5094 0.3165 0.1872 0.1395 0.1992 0.4713 0.4670 0.2655 0.1659 0.1392 0.2992 0.5030 0.3996 0.2266 0.1512 0.1581
0.1601 0.2305 0.4073 0.5006 0.2877 0.1388 0.1679 0.2705 0.4737 0.4665 0.1912 0.1400 0.1895 0.3214 0.5105 0.4058 0.1509 0.1490 0.2213 0.3911 0.5048 0.3035 0.1391 0.1671 0.2713 0.4786 0.4589 0.1764 0.1420 0.2000 0.3498 0.5120 0.3543 0.1419 0.1597 0.2539 0.4563 0.4741 0.1963 0.1402 0.1932 0.3357 0.5126 0.3713 0.1436 0.1571 0.2473 0.4453 0.4815 0.2305 0.1391 0.2305 0.4815 0.4453 0.2473 0.1571 0.1436 0.3713 0.5126 0.3357 0.1932 0.1402 0.1963 0.4741 0.4563 0.2539 0.1597 0.1419 0.3543 0.5120 0.3498 0.2000 0.1420 0.1764 0.4589 0.4786 0.2713 0.1671 0.1391 0.3035 0.5048 0.3911 0.2213 0.1490 0.1509 0.4058 0.5105 0.3214 0.1895 0.1400 0.1912 0.4665 0.4737 0.2705 0.1679 0.1388 0.2877 0.5006 0.4073 0.2305 0.1601
0.2365 0.4151 0.4978 0.2760 0.1385 0.1700 0.2756 0.4801 0.4612 0.1837 0.1405 0.1922 0.3270 0.5115 0.3994 0.1495 0.1499 0.2236 0.3952 0.5038 0.2998 0.1390 0.1673 0.2713 0.4779 0.4601 0.1783 0.1416 0.1986 0.3460 0.5123 0.3606 0.1426 0.1584 0.2503 0.4501 0.4780 0.2045 0.1396 0.1904 0.3293 0.5124 0.3804 0.1448 0.1555 0.2430 0.4382 0.4844 0.2230 0.1373 0.1541 0.1373 0.2230 0.4844 0.4382 0.2430 0.1555 0.1448 0.3804 0.5124 0.3293 0.1904 0.1396 0.2045 0.4780 0.4501 0.2503 0.1584 0.1426 0.3606 0.5123 0.3460 0.1986 0.1416 0.1783 0.4601 0.4779 0.2713 0.1673 0.1390 0.2998 0.5038 0.3952 0.2236 0.1499 0.1495 0.3994 0.5115 0.3270 0.1922 0.1405 0.1837 0.4612 0.4801 0.2756 0.1700 0.1385 0.2760 0.4978 0.4151 0.2365
0.4168 0.4949 0.2643 0.1384 0.1722 0.2809 0.4860 0.4556 0.1771 0.1413 0.1950 0.3333 0.5122 0.3920 0.1480 0.1510 0.2265 0.4004 0.5024 0.2939 0.1389 0.1680 0.2724 0.4786 0.4601 0.1789 0.1415 0.1977 0.3434 0.5125 0.3656 0.1432 0.1574 0.2472 0.4445 0.4814 0.2125 0.1393 0.1880 0.3233 0.5118 0.3892 0.1461 0.1540 0.2387 0.4306 0.4880 0.2304 0.1384 0.1774 0.2397 0.1774 0.1384 0.2304 0.4880 0.4306 0.2387 0.1540 0.1461 0.3892 0.5118 0.3233 0.1880 0.1393 0.2125 0.4814 0.4445 0.2472 0.1574 0.1432 0.3656 0.5125 0.3434 0.1977 0.1415 0.1789 0.4601 0.4786 0.2724 0.1680 0.1389 0.2939 0.5024 0.4004 0.2265 0.1510 0.1480 0.3920 0.5122 0.3333 0.1950 0.1413 0.1771 0.4556 0.4860 0.2809 0.1722 0.1384 0.2643 0.4949 0.4168
0.4927 0.2525 0.1383 0.1744 0.2862 0.4913 0.4497 0.1716 0.1421 0.1980 0.3399 0.5125 0.3837 0.1466 0.1521 0.2296 0.4063 0.5006 0.2863 0.1387 0.1690 0.2744 0.4805 0.4589 0.1783 0.1415 0.1974 0.3422 0.5126 0.3691 0.1436 0.1566 0.2448 0.4397 0.4841 0.2203 0.1390 0.1858 0.3181 0.5109 0.3971 0.1476 0.1526 0.2346 0.4228 0.4915 0.2411 0.1384 0.1803 0.2966 0.4322 0.2966 0.1803 0.1384 0.2411 0.4915 0.4228 0.2346 0.1526 0.1476 0.3971 0.5109 0.3181 0.1858 0.1390 0.2203 0.4841 0.4397 0.2448 0.1566 0.1436 0.3691 0.5126 0.3422 0.1974 0.1415 0.1783 0.4589 0.4805 0.2744 0.1690 0.1387 0.2863 0.5006 0.4063 0.2296 0.1521 0.1466 0.3837 0.5125 0.3399 0.1980 0.1421 0.1716 0.4497 0.4913 0.2862 0.1744 0.1383 0.2525 0.4927
0.2485 0.1384 0.1768 0.2917 0.4961 0.4435 0.1670 0.1429 0.2011 0.3466 0.5125 0.3747 0.1452 0.1535 0.2332 0.4128 0.4984 0.2775 0.1385 0.1703 0.2773 0.4834 0.4567 0.1764 0.1416 0.1977 0.3422 0.5126 0.3709 0.1440 0.1560 0.2429 0.4359 0.4863 0.2271 0.1387 0.1840 0.3135 0.5097 0.4040 0.1491 0.1513 0.2307 0.4152 0.4948 0.2526 0.1383 0.1789 0.3006 0.4992 0.4885 0.4992 0.3006 0.1789 0.1383 0.2526 0.4948 0.4152 0.2307 0.1513 0.1491 0.4040 0.5097 0.3135 0.1840 0.1387 0.2271 0.4863 0.4359 0.2429 0.1560 0.1440 0.3709 0.5126 0.3422 0.1977 0.1416 0.1764 0.4567 0.4834 0.2773 0.1703 0.1385 0.2775 0.4984 0.4128 0.2332 0.1535 0.1452 0.3747 0.5125 0.3466 0.2011 0.1429 0.1670 0.4435 0.4961 0.2917 0.1768 0.1384 0.2485
0.1487 0.1792 0.2973 0.5002 0.4370 0.1630 0.1439 0.2043 0.3535 0.5122 0.3653 0.1440 0.1550 0.2372 0.4200 0.4958 0.2677 0.1384 0.1719 0.2809 0.4870 0.4535 0.1737 0.1420 0.1986 0.3434 0.5126 0.3709 0.1441 0.1557 0.2418 0.4333 0.4879 0.2326 0.1386 0.1823 0.3095 0.5085 0.4099 0.1506 0.1502 0.2272 0.4081 0.4976 0.2638 0.1383 0.1767 0.2969 0.5020 0.4369 0.2541 0.4369 0.5020 0.2969 0.1767 0.1383 0.2638 0.4976 0.4081 0.2272 0.1502 0.1506 0.4099 0.5085 0.3095 0.1823 0.1386 0.2326 0.4879 0.4333 0.2418 0.1557 0.1441 0.3709 0.5126 0.3434 0.1986 0.1420 0.1737 0.4535 0.4870 0.2809 0.1719 0.1384 0.2677 0.4958 0.4200 0.2372 0.1550 0.1440 0.3653 0.5122 0.3535 0.2043 0.1439 0.1630 0.4370 0.5002 0.2973 0.1792 0.1487
0.1867 0.3031 0.5036 0.4302 0.1596 0.1449 0.2076 0.3606 0.5115 0.3556 0.1429 0.1565 0.2414 0.4277 0.4928 0.2568 0.1383 0.1738 0.2852 0.4909 0.4494 0.1705 0.1424 0.2000 0.3460 0.5125 0.3691 0.1440 0.1557 0.2414 0.4320 0.4889 0.2364 0.1385 0.1811 0.3062 0.5072 0.4149 0.1520 0.1492 0.2241 0.4017 0.5001 0.2745 0.1384 0.1745 0.2917 0.4998 0.4330 0.1625 0.1359 0.1625 0.4330 0.4998 0.2917 0.1745 0.1384 0.2745 0.5001 0.4017 0.2241 0.1492 0.1520 0.4149 0.5072 0.3062 0.1811 0.1385 0.2364 0.4889 0.4320 0.2414 0.1557 0.1440 0.3691 0.5125 0.3460 0.2000 0.1424 0.1705 0.4494 0.4909 0.2852 0.1738 0.1383 0.2568 0.4928 0.4277 0.2414 0.1565 0.1429 0.3556 0.5115 0.3606 0.2076 0.1449 0.1596 0.4302 0.5036 0.3031 0.1867
0.3073 0.5065 0.4231 0.1566 0.1459 0.2110 0.3678 0.5105 0.3455 0.1419 0.1582 0.2457 0.4355 0.4893 0.2452 0.1383 0.1759 0.2900 0.4950 0.4445 0.1671 0.1430 0.2020 0.3498 0.5123 0.3656 0.1436 0.1560 0.2418 0.4320 0.4892 0.2384 0.1385 0.1803 0.3038 0.5060 0.4189 0.1533 0.1484 0.2215 0.3960 0.5021 0.2843 0.1385 0.1725 0.2866 0.4962 0.4374 0.1607 0.1426 0.1710 0.1426 0.1607 0.4374 0.4962 0.2866 0.1725 0.1385 0.2843 0.5021 0.3960 0.2215 0.1484 0.1533 0.4189 0.5060 0.3038 0.1803 0.1385 0.2384 0.4892 0.4320 0.2418 0.1560 0.1436 0.3656 0.5123 0.3498 0.2020 0.1430 0.1671 0.4445 0.4950 0.2900 0.1759 0.1383 0.2452 0.4893 0.4355 0.2457 0.1582 0.1419 0.3455 0.5105 0.3678 0.2110 0.1459 0.1566 0.4231 0.5065 0.3073
0.5054 0.4157 0.1541 0.1471 0.2145 0.3751 0.5092 0.3351 0.1411 0.1599 0.2502 0.4431 0.4856 0.2338 0.1384 0.1783 0.2953 0.4989 0.4390 0.1638 0.1438 0.2043 0.3543 0.5120 0.3606 0.1432 0.1566 0.2429 0.4333 0.4889 0.2384 0.1385 0.1798 0.3022 0.5051 0.4219 0.1544 0.1478 0.2194 0.3911 0.5037 0.2929 0.1387 0.1707 0.2820 0.4921 0.4431 0.1631 0.1443 0.2026 0.2841 0.2026 0.1443 0.1631 0.4431 0.4921 0.2820 0.1707 0.1387 0.2929 0.5037 0.3911 0.2194 0.1478 0.1544 0.4219 0.5051 0.3022 0.1798 0.1385 0.2384 0.4889 0.4333 0.2429 0.1566 0.1432 0.3606 0.5120 0.3543 0.2043 0.1438 0.1638 0.4390 0.4989 0.2953 0.1783 0.1384 0.2338 0.4856 0.4431 0.2502 0.1599 0.1411 0.3351 0.5092 0.3751 0.2145 0.1471 0.1541 0.4157 0.5054
0.4117 0.1518 0.1483 0.2181 0.3825 0.5076 0.3244 0.1404 0.1616 0.2548 0.4507 0.4816 0.2227 0.1386 0.1807 0.3009 0.5024 0.4327 0.1607 0.1446 0.2069 0.3597 0.5115 0.3543 0.1426 0.1574 0.2448 0.4359 0.4879 0.2364 0.1385 0.1798 0.3017 0.5046 0.4238 0.1552 0.1473 0.2177 0.3871 0.5050 0.3002 0.1389 0.1691 0.2779 0.4878 0.4483 0.1663 0.1438 0.2062 0.3537 0.4920 0.3537 0.2062 0.1438 0.1663 0.4483 0.4878 0.2779 0.1691 0.1389 0.3002 0.5050 0.3871 0.2177 0.1473 0.1552 0.4238 0.5046 0.3017 0.1798 0.1385 0.2364 0.4879 0.4359 0.2448 0.1574 0.1426 0.3543 0.5115 0.3597 0.2069 0.1446 0.1607 0.4327 0.5024 0.3009 0.1807 0.1386 0.2227 0.4816 0.4507 0.2548 0.1616 0.1404 0.3244 0.5076 0.3825 0.2181 0.1483 0.1518 0.4117
0.1602 0.1495 0.2218 0.3900 0.5057 0.3134 0.1398 0.1635 0.2595 0.4580 0.4773 0.2122 0.1389 0.1833 0.3068 0.5055 0.4258 0.1577 0.1456 0.2099 0.3657 0.5107 0.3468 0.1419 0.1584 0.2472 0.4397 0.4863 0.2326 0.1385 0.1803 0.3022 0.5046 0.4245 0.1557 0.1470 0.2165 0.3841 0.5059 0.3062 0.1391 0.1678 0.2743 0.4836 0.4530 0.1700 0.1431 0.2045 0.3583 0.5106 0.4476 0.5106 0.3583 0.2045 0.1431 0.1700 0.4530 0.4836 0.2743 0.1678 0.1391 0.3062 0.5059 0.3841 0.2165 0.1470 0.1557 0.4245 0.5046 0.3022 0.1803 0.1385 0.2326 0.4863 0.4397 0.2472 0.1584 0.1419 0.3468 0.5107 0.3657 0.2099 0.1456 0.1577 0.4258 0.5055 0.3068 0.1833 0.1389 0.2122 0.4773 0.4580 0.2595 0.1635 0.1398 0.3134 0.5057 0.3900 0.2218 0.1495 0.1602
0.1586 0.2256 0.3976 0.5036 0.3021 0.1393 0.1654 0.2643 0.4652 0.4727 0.2023 0.1393 0.1859 0.3128 0.5079 0.4185 0.1550 0.1466 0.2132 0.3724 0.5097 0.3382 0.1413 0.1597 0.2503 0.4445 0.4841 0.2271 0.1386 0.1811 0.3038 0.5051 0.4238 0.1557 0.1469 0.2159 0.3822 0.5066 0.3106 0.1393 0.1667 0.2714 0.4798 0.4570 0.1737 0.1425 0.2022 0.3547 0.5114 0.3651 0.1693 0.3651 0.5114 0.3547 0.2022 0.1425 0.1737 0.4570 0.4798 0.2714 0.1667 0.1393 0.3106 0.5066 0.3822 0.2159 0.1469 0.1557 0.4238 0.5051 0.3038 0.1811 0.1386 0.2271 0.4841 0.4445 0.2503 0.1597 0.1413 0.3382 0.5097 0.3724 0.2132 0.1466 0.1550 0.4185 0.5079 0.3128 0.1859 0.1393 0.2023 0.4727 0.4652 0.2643 0.1654 0.1393 0.3021 0.5036 0.3976 0.2256 0.1586
0.2317 0.4054 0.5012 0.2906 0.1389 0.1674 0.2692 0.4720 0.4678 0.1934 0.1398 0.1886 0.3189 0.5098 0.4109 0.1526 0.1478 0.2167 0.3797 0.5082 0.3283 0.1406 0.1612 0.2539 0.4501 0.4814 0.2203 0.1387 0.1823 0.3062 0.5060 0.4219 0.1552 0.1470 0.2159 0.3815 0.5069 0.3135 0.1394 0.1659 0.2691 0.4765 0.4602 0.1773 0.1419 0.2000 0.3499 0.5119 0.3570 0.1428 0.1400 0.1428 0.3570 0.5119 0.3499 0.2000 0.1419 0.1773 0.4602 0.4765 0.2691 0.1659 0.1394 0.3135 0.5069 0.3815 0.2159 0.1470 0.1552 0.4219 0.5060 0.3062 0.1823 0.1387 0.2203 0.4814 0.4501 0.2539 0.1612 0.1406 0.3283 0.5082 0.3797 0.2167 0.1478 0.1526 0.4109 0.5098 0.3189 0.1886 0.1398 0.1934 0.4678 0.4720 0.2692 0.1674 0.1389 0.2906 0.5012 0.4054 0.2317
0.4073 0.4986 0.2790 0.1386 0.1695 0.2743 0.4785 0.4626 0.1855 0.1404 0.1914 0.3252 0.5111 0.4029 0.1505 0.1490 0.2204 0.3872 0.5065 0.3175 0.1400 0.1628 0.2580 0.4563 0.4780 0.2125 0.1390 0.1840 0.3095 0.5072 0.4189 0.1544 0.1473 0.2165 0.3822 0.5069 0.3145 0.1395 0.1654 0.2674 0.4740 0.4627 0.1806 0.1414 0.1981 0.3454 0.5123 0.3612 0.1427 0.1539 0.1952 0.1539 0.1427 0.3612 0.5123 0.3454 0.1981 0.1414 0.1806 0.4627 0.4740 0.2674 0.1654 0.1395 0.3145 0.5069 0.3822 0.2165 0.1473 0.1544 0.4189 0.5072 0.3095 0.1840 0.1390 0.2125 0.4780 0.4563 0.2580 0.1628 0.1400 0.3175 0.5065 0.3872 0.2204 0.1490 0.1505 0.4029 0.5111 0.3252 0.1914 0.1404 0.1855 0.4626 0.4785 0.2743 0.1695 0.1386 0.2790 0.4986 0.4073
0.4965 0.2672 0.1384 0.1716 0.2795 0.4845 0.4571 0.1787 0.1411 0.1943 0.3316 0.5120 0.3946 0.1487 0.1503 0.2242 0.3948 0.5044 0.3063 0.1394 0.1647 0.2625 0.4628 0.4741 0.2045 0.1393 0.1858 0.3135 0.5085 0.4149 0.1533 0.1478 0.2177 0.3841 0.5066 0.3135 0.1395 0.1653 0.2665 0.4723 0.4645 0.1833 0.1411 0.1965 0.3415 0.5125 0.3670 0.1433 0.1565 0.2374 0.3420 0.2374 0.1565 0.1433 0.3670 0.5125 0.3415 0.1965 0.1411 0.1833 0.4645 0.4723 0.2665 0.1653 0.1395 0.3135 0.5066 0.3841 0.2177 0.1478 0.1533 0.4149 0.5085 0.3135 0.1858 0.1393 0.2045 0.4741 0.4628 0.2625 0.1647 0.1394 0.3063 0.5044 0.3948 0.2242 0.1503 0.1487 0.3946 0.5120 0.3316 0.1943 0.1411 0.1787 0.4571 0.4845 0.2795 0.1716 0.1384 0.2672 0.4965
0.2627 0.1383 0.1738 0.2848 0.4900 0.4513 0.1729 0.1418 0.1973 0.3382 0.5125 0.3860 0.1470 0.1517 0.2280 0.4025 0.5021 0.2949 0.1390 0.1667 0.2674 0.4695 0.4696 0.1963 0.1396 0.1880 0.3181 0.5097 0.4099 0.1520 0.1484 0.2194 0.3871 0.5059 0.3106 0.1394 0.1654 0.2665 0.4716 0.4654 0.1851 0.1408 0.1953 0.3384 0.5126 0.3723 0.1439 0.1561 0.2423 0.4243 0.5104 0.4243 0.2423 0.1561 0.1439 0.3722 0.5126 0.3384 0.1953 0.1408 0.1851 0.4654 0.4716 0.2665 0.1654 0.1394 0.3106 0.5059 0.3871 0.2194 0.1484 0.1520 0.4099 0.5097 0.3181 0.1880 0.1396 0.1963 0.4696 0.4695 0.2674 0.1667 0.1390 0.2949 0.5021 0.4025 0.2280 0.1517 0.1470 0.3860 0.5125 0.3382 0.1973 0.1418 0.1729 0.4513 0.4900 0.2848 0.1738 0.1383 0.2627
0.1486 0.1762 0.2903 0.4949 0.4451 0.1681 0.1427 0.2003 0.3449 0.5126 0.3771 0.1456 0.1531 0.2320 0.4102 0.4996 0.2833 0.1387 0.1687 0.2724 0.4761 0.4646 0.1883 0.1402 0.1904 0.3233 0.5109 0.4040 0.1506 0.1492 0.2215 0.3911 0.5050 0.3062 0.1393 0.1659 0.2674 0.4723 0.4654 0.1858 0.1407 0.1945 0.3362 0.5126 0.3765 0.1446 0.1554 0.2413 0.4312 0.4921 0.3777 0.4921 0.4312 0.2413 0.1554 0.1445 0.3764 0.5126 0.3362 0.1945 0.1407 0.1858 0.4654 0.4723 0.2674 0.1659 0.1393 0.3062 0.5050 0.3911 0.2215 0.1492 0.1506 0.4040 0.5109 0.3233 0.1904 0.1402 0.1883 0.4646 0.4761 0.2724 0.1687 0.1387 0.2833 0.4996 0.4102 0.2320 0.1531 0.1456 0.3771 0.5126 0.3449 0.2003 0.1427 0.1681 0.4451 0.4949 0.2903 0.1762 0.1486
0.1838 0.2959 0.4992 0.4387 0.1639 0.1436 0.2035 0.3518 0.5123 0.3678 0.1443 0.1546 0.2361 0.4180 0.4967 0.2716 0.1385 0.1708 0.2776 0.4823 0.4592 0.1811 0.1408 0.1932 0.3293 0.5118 0.3971 0.1491 0.1502 0.2241 0.3960 0.5037 0.3002 0.1391 0.1667 0.2691 0.4740 0.4645 0.1851 0.1407 0.1943 0.3350 0.5125 0.3796 0.1451 0.1547 0.2395 0.4295 0.4902 0.2585 0.1420 0.2585 0.4902 0.4295 0.2395 0.1547 0.1450 0.3794 0.5125 0.3350 0.1943 0.1407 0.1851 0.4645 0.4740 0.2691 0.1667 0.1391 0.3002 0.5037 0.3960 0.2241 0.1502 0.1491 0.3971 0.5118 0.3293 0.1932 0.1408 0.1811 0.4592 0.4823 0.2776 0.1708 0.1385 0.2716 0.4967 0.4180 0.2361 0.1546 0.1443 0.3678 0.5123 0.3518 0.2035 0.1436 0.1639 0.4387 0.4992 0.2959 0.1838
0.3002 0.5029 0.4320 0.1604 0.1446 0.2068 0.3588 0.5117 0.3581 0.1431 0.1561 0.2403 0.4257 0.4936 0.2599 0.1384 0.1730 0.2828 0.4880 0.4535 0.1750 0.1415 0.1961 0.3357 0.5124 0.3892 0.1476 0.1513 0.2272 0.4017 0.5021 0.2929 0.1389 0.1678 0.2714 0.4765 0.4627 0.1833 0.1408 0.1945 0.3350 0.5125 0.3811 0.1454 0.1542 0.2379 0.4267 0.4910 0.2457 0.1372 0.1508 0.1372 0.2457 0.4910 0.4267 0.2380 0.1543 0.1454 0.3809 0.5125 0.3350 0.1945 0.1408 0.1833 0.4627 0.4765 0.2714 0.1678 0.1389 0.2929 0.5021 0.4017 0.2272 0.1513 0.1476 0.3892 0.5124 0.3357 0.1961 0.1415 0.1750 0.4535 0.4880 0.2828 0.1730 0.1384 0.2599 0.4936 0.4257 0.2403 0.1561 0.1431 0.3581 0.5117 0.3588 0.2068 0.1446 0.1604 0.4320 0.5029 0.3002
0.5020 0.4250 0.1574 0.1457 0.2101 0.3659 0.5108 0.3481 0.1422 0.1577 0.2446 0.4335 0.4902 0.2482 0.1383 0.1753 0.2882 0.4932 0.4475 0.1698 0.1424 0.1992 0.3424 0.5126 0.3804 0.1461 0.1526 0.2307 0.4081 0.5001 0.2843 0.1387 0.1691 0.2743 0.4798 0.4602 0.1806 0.1411 0.1953 0.3362 0.5125 0.3811 0.1455 0.1541 0.2370 0.4243 0.4922 0.2473 0.1381 0.1728 0.2312 0.1730 0.1382 0.2468 0.4920 0.4246 0.2370 0.1539 0.1455 0.3809 0.5125 0.3362 0.1953 0.1411 0.1806 0.4602 0.4798 0.2743 0.1691 0.1387 0.2843 0.5001 0.4081 0.2307 0.1526 0.1461 0.3804 0.5126 0.3424 0.1992 0.1424 0.1698 0.4475 0.4932 0.2882 0.1753 0.1383 0.2482 0.4902 0.4335 0.2446 0.1577 0.1422 0.3481 0.5108 0.3659 0.2101 0.1457 0.1574 0.4250 0.5020
0.4212 0.1547 0.1468 0.2136 0.3732 0.5095 0.3378 0.1413 0.1594 0.2490 0.4412 0.4866 0.2367 0.1384 0.1776 0.2938 0.4977 0.4411 0.1654 0.1433 0.2023 0.3492 0.5124 0.3713 0.1448 0.1540 0.2346 0.4152 0.4976 0.2745 0.1385 0.1707 0.2779 0.4836 0.4570 0.1773 0.1414 0.1965 0.3384 0.5126 0.3796 0.1454 0.1541 0.2373 0.4246 0.4925 0.2493 0.1382 0.1765 0.2859 0.4208 0.2884 0.1771 0.1383 0.2462 0.4924 0.4230 0.2347 0.1538 0.1454 0.3794 0.5126 0.3384 0.1965 0.1414 0.1773 0.4570 0.4836 0.2779 0.1707 0.1385 0.2745 0.4976 0.4152 0.2346 0.1540 0.1448 0.3713 0.5124 0.3492 0.2023 0.1433 0.1654 0.4411 0.4977 0.2938 0.1776 0.1384 0.2367 0.4866 0.4412 0.2490 0.1594 0.1413 0.3378 0.5095 0.3732 0.2136 0.1468 0.1547 0.4212
0.1627 0.1479 0.2172 0.3806 0.5080 0.3271 0.1405 0.1612 0.2536 0.4487 0.4826 0.2255 0.1386 0.1801 0.2995 0.5015 0.4345 0.1617 0.1443 0.2055 0.3561 0.5120 0.3617 0.1436 0.1555 0.2387 0.4228 0.4948 0.2638 0.1384 0.1725 0.2820 0.4878 0.4530 0.1737 0.1419 0.1981 0.3415 0.5126 0.3765 0.1451 0.1542 0.2370 0.4246 0.4930 0.2466 0.1384 0.1783 0.2947 0.4944 0.4919 0.4947 0.2953 0.1779 0.1384 0.2508 0.4924 0.4210 0.2356 0.1542 0.1450 0.3764 0.5126 0.3415 0.1981 0.1419 0.1737 0.4530 0.4878 0.2820 0.1725 0.1384 0.2638 0.4948 0.4228 0.2387 0.1555 0.1436 0.3617 0.5120 0.3561 0.2055 0.1443 0.1617 0.4345 0.5015 0.2995 0.1801 0.1386 0.2255 0.4826 0.4487 0.2536 0.1612 0.1405 0.3271 0.5080 0.3806 0.2172 0.1479 0.1627
0.1571 0.2208 0.3881 0.5063 0.3162 0.1399 0.1630 0.2582 0.4562 0.4784 0.2148 0.1388 0.1826 0.3053 0.5047 0.4276 0.1584 0.1453 0.2089 0.3632 0.5111 0.3519 0.1425 0.1571 0.2430 0.4306 0.4915 0.2526 0.1383 0.1745 0.2866 0.4921 0.4483 0.1700 0.1425 0.2000 0.3454 0.5125 0.3723 0.1446 0.1547 0.2379 0.4242 0.4927 0.2497 0.1383 0.1774 0.2971 0.5006 0.4407 0.2626 0.4403 0.5000 0.2957 0.1772 0.1383 0.2497 0.4943 0.4216 0.2379 0.1547 0.1445 0.3722 0.5125 0.3454 0.2000 0.1425 0.1700 0.4483 0.4921 0.2866 0.1745 0.1383 0.2526 0.4915 0.4306 0.2430 0.1571 0.1425 0.3519 0.5111 0.3632 0.2089 0.1453 0.1584 0.4276 0.5047 0.3053 0.1826 0.1388 0.2148 0.4784 0.4562 0.2582 0.1630 0.1399 0.3162 0.5063 0.3881 0.2208 0.1571
0.2270 0.3957 0.5042 0.3051 0.1394 0.1649 0.2630 0.4633 0.4740 0.2049 0.1392 0.1852 0.3112 0.5073 0.4205 0.1557 0.1463 0.2122 0.3704 0.5100 0.3418 0.1416 0.1588 0.2473 0.4382 0.4880 0.2411 0.1383 0.1767 0.2917 0.4962 0.4431 0.1663 0.1431 0.2022 0.3499 0.5123 0.3670 0.1439 0.1554 0.2395 0.4266 0.4922 0.2510 0.1384 0.1782 0.2968 0.5019 0.4330 0.1625 0.1360 0.1636 0.4357 0.4983 0.2941 0.1767 0.1381 0.2500 0.4922 0.4266 0.2395 0.1554 0.1439 0.3670 0.5123 0.3499 0.2022 0.1431 0.1663 0.4431 0.4962 0.2917 0.1767 0.1383 0.2411 0.4880 0.4382 0.2473 0.1588 0.1416 0.3418 0.5100 0.3704 0.2122 0.1463 0.1557 0.4205 0.5073 0.3112 0.1852 0.1392 0.2049 0.4740 0.4633 0.2630 0.1649 0.1394 0.3051 0.5042 0.3957 0.2270
0.3972 0.5021 0.2944 0.1389 0.1667 0.2675 0.4698 0.4694 0.1962 0.1396 0.1876 0.3168 0.5091 0.4134 0.1533 0.1474 0.2155 0.3772 0.5087 0.3319 0.1408 0.1603 0.2515 0.4453 0.4844 0.2304 0.1384 0.1789 0.2969 0.4998 0.4374 0.1631 0.1438 0.2045 0.3547 0.5119 0.3612 0.1433 0.1561 0.2413 0.4295 0.4910 0.2474 0.1383 0.1774 0.2954 0.5005 0.4322 0.1599 0.1427 0.1714 0.1425 0.1608 0.4346 0.5008 0.2941 0.1765 0.1382 0.2459 0.4910 0.4295 0.2413 0.1561 0.1433 0.3612 0.5119 0.3547 0.2045 0.1438 0.1631 0.4374 0.4998 0.2969 0.1789 0.1384 0.2304 0.4844 0.4453 0.2515 0.1603 0.1408 0.3319 0.5087 0.3772 0.2155 0.1474 0.1533 0.4134 0.5091 0.3168 0.1876 0.1396 0.1962 0.4694 0.4698 0.2675 0.1667 0.1389 0.2944 0.5021 0.3972
0.5007 0.2868 0.1386 0.1678 0.2708 0.4741 0.4660 0.1905 0.1398 0.1892 0.3209 0.5100 0.4082 0.1517 0.1480 0.2177 0.3821 0.5074 0.3247 0.1402 0.1613 0.2544 0.4502 0.4815 0.2230 0.1384 0.1803 0.3006 0.5020 0.4330 0.1607 0.1443 0.2062 0.3583 0.5114 0.3570 0.1427 0.1565 0.2423 0.4312 0.4902 0.2457 0.1381 0.1765 0.2941 0.4998 0.4364 0.1601 0.1443 0.2024 0.2845 0.2022 0.1443 0.1601 0.4361 0.4995 0.2939 0.1764 0.1382 0.2458 0.4902 0.4312 0.2423 0.1565 0.1427 0.3570 0.5114 0.3583 0.2062 0.1443 0.1607 0.4330 0.5020 0.3006 0.1803 0.1384 0.2230 0.4815 0.4502 0.2544 0.1613 0.1402 0.3247 0.5074 0.3821 0.2177 0.1480 0.1517 0.4082 0.5100 0.3209 0.1892 0.1398 0.1905 0.4660 0.4741 0.2708 0.1678 0.1386 0.2868 0.5007
0.3016 0.1379 0.1652 0.2667 0.4699 0.4681 0.1960 0.1384 0.1861 0.3169 0.5081 0.4133 0.1524 0.1461 0.2141 0.3779 0.5070 0.3322 0.1397 0.1589 0.2504 0.4457 0.4828 0.2305 0.1373 0.1774 0.2966 0.4992 0.4369 0.1625 0.1426 0.2026 0.3537 0.5106 0.3651 0.1428 0.1539 0.2374 0.4243 0.4921 0.2585 0.1372 0.1729 0.2883 0.4942 0.4450 0.1664 0.1425 0.2021 0.3489 0.4873 0.3454 0.2026 0.1423 0.1647 0.4446 0.4934 0.2885 0.1728 0.1372 0.2585 0.4921 0.4243 0.2374 0.1539 0.1428 0.3651 0.5106 0.3537 0.2026 0.1426 0.1625 0.4369 0.4992 0.2966 0.1774 0.1373 0.2305 0.4828 0.4457 0.2504 0.1589 0.1397 0.3322 0.5070 0.3779 0.2141 0.1461 0.1524 0.4133 0.5081 0.3169 0.1861 0.1384 0.1960 0.4681 0.4699 0.2667 0.1652 0.1379 0.3016
0.1569 0.1466 0.2174 0.3891 0.5032 0.3174 0.1367 0.1598 0.2553 0.4578 0.4756 0.2157 0.1367 0.1791 0.3036 0.5041 0.4265 0.1556 0.1428 0.2052 0.3635 0.5085 0.3524 0.1391 0.1541 0.2397 0.4322 0.4885 0.2541 0.1359 0.1710 0.2841 0.4920 0.4476 0.1693 0.1400 0.1952 0.3420 0.5104 0.3777 0.1420 0.1508 0.2311 0.4184 0.4919 0.2681 0.1360 0.1699 0.2812 0.4842 0.4965 0.4857 0.2846 0.1708 0.1360 0.2675 0.4945 0.4182 0.2316 0.1508 0.1420 0.3777 0.5104 0.3420 0.1952 0.1400 0.1693 0.4476 0.4920 0.2841 0.1710 0.1359 0.2541 0.4885 0.4322 0.2397 0.1541 0.1391 0.3524 0.5085 0.3635 0.2052 0.1428 0.1556 0.4265 0.5041 0.3036 0.1791 0.1367 0.2157 0.4756 0.4578 0.2553 0.1598 0.1367 0.3174 0.5032 0.3891 0.2174 0.1466 0.1569
0.3016 0.1379 0.1652 0.2667 0.4699 0.4681 0.1960 0.1384 0.1861 0.3169 0.5081 0.4133 0.1524 0.1461 0.2141 0.3779 0.5070 0.3322 0.1397 0.1589 0.2504 0.4457 0.4828 0.2305 0.1373 0.1774 0.2966 0.4992 0.4369 0.1625 0.1426 0.2026 0.3537 0.5106 0.3651 0.1428 0.1539 0.2374 0.4243 0.4921 0.2585 0.1372 0.1728 0.2852 0.4920 0.4423 0.1642 0.1423 0.2011 0.3428 0.4835 0.3457 0.2025 0.1430 0.1637 0.4413 0.4931 0.2828 0.1721 0.1372 0.2586 0.4921 0.4243 0.2374 0.1539 0.1428 0.3651 0.5106 0.3537 0.2026 0.1426 0.1625 0.4369 0.4992 0.2966 0.1774 0.1373 0.2305 0.4828 0.4457 0.2504 0.1589 0.1397 0.3322 0.5070 0.3779 0.2141 0.1461 0.1524 0.4133 0.5081 0.3169 0.1861 0.1384 0.1960 0.4681 0.4699 0.2667 0.1652 0.1379 0.3016
0.5007 0.2868 0.1386 0.1678 0.2708 0.4741 0.4660 0.1905 0.1398 0.1892 0.3209 0.5100 0.4082 0.1517 0.1480 0.2177 0.3821 0.5074 0.3247 0.1402 0.1613 0.2544 0.4502 0.4815 0.2230 0.1384 0.1803 0.3006 0.5020 0.4330 0.1607 0.1443 0.2062 0.3583 0.5114 0.3570 0.1427 0.1565 0.2423 0.4312 0.4902 0.2457 0.1381 0.1760 0.2946 0.4988 0.4359 0.1597 0.1442 0.2018 0.2845 0.2030 0.1444 0.1590 0.4352 0.5010 0.2924 0.1759 0.1380 0.2461 0.4902 0.4312 0.2423 0.1565 0.1427 0.3570 0.5114 0.3583 0.2062 0.1443 0.1607 0.4330 0.5020 0.3006 0.1803 0.1384 0.2230 0.4815 0.4502 0.2544 0.1613 0.1402 0.3247 0.5074 0.3821 0.2177 0.1480 0.1517 0.4082 0.5100 0.3209 0.1892 0.1398 0.1905 0.4660 0.4741 0.2708 0.1678 0.1386 0.2868 0.5007
0.3972 0.5021 0.2944 0.1389 0.1667 0.2675 0.4698 0.4694 0.1962 0.1396 0.1876 0.3168 0.5091 0.4134 0.1533 0.1474 0.2155 0.3772 0.5087 0.3319 0.1408 0.1603 0.2515 0.4453 0.4844 0.2304 0.1384 0.1789 0.2969 0.4998 0.4374 0.1631 0.1438 0.2045 0.3547 0.5119 0.3612 0.1433 0.1561 0.2413 0.4295 0.4910 0.2470 0.1385 0.1772 0.2928 0.5003 0.4324 0.1608 0.1422 0.1708 0.1425 0.1599 0.4300 0.5012 0.2962 0.1766 0.1384 0.2484 0.4911 0.4295 0.2413 0.1561 0.1433 0.3612 0.5119 0.3547 0.2045 0.1438 0.1631 0.4374 0.4998 0.2969 0.1789 0.1384 0.2304 0.4844 0.4453 0.2515 0.1603 0.1408 0.3319 0.5087 0.3772 0.2155 0.1474 0.1533 0.4134 0.5091 0.3168 0.1876 0.1396 0.1962 0.4694 0.4698 0.2675 0.1667 0.1389 0.2944 0.5021 0.3972
0.2270 0.3957 0.5042 0.3051 0.1394 0.1649 0.2630 0.4633 0.4740 0.2049 0.1392 0.1852 0.3112 0.5073 0.4205 0.1557 0.1463 0.2122 0.3704 0.5100 0.3418 0.1416 0.1588 0.2473 0.4382 0.4880 0.2411 0.1383 0.1767 0.2917 0.4962 0.4431 0.1663 0.1431 0.2022 0.3499 0.5123 0.3670 0.1439 0.1554 0.2395 0.4267 0.4921 0.2501 0.1384 0.1769 0.2954 0.5002 0.4349 0.1642 0.1360 0.1626 0.4337 0.5016 0.2982 0.1782 0.1384 0.2501 0.4914 0.4266 0.2395 0.1554 0.1439 0.3670 0.5123 0.3499 0.2022 0.1431 0.1663 0.4431 0.4962 0.2917 0.1767 0.1383 0.2411 0.4880 0.4382 0.2473 0.1588 0.1416 0.3418 0.5100 0.3704 0.2122 0.1463 0.1557 0.4205 0.5073 0.3112 0.1852 0.1392 0.2049 0.4740 0.4633 0.2630 0.1649 0.1394 0.3051 0.5042 0.3957 0.2270
0.1571 0.2208 0.3881 0.5063 0.3162 0.1399 0.1630 0.2582 0.4562 0.4784 0.2148 0.1388 0.1826 0.3053 0.5047 0.4276 0.1584 0.1453 0.2089 0.3632 0.5111 0.3519 0.1425 0.1571 0.2430 0.4306 0.4915 0.2526 0.1383 0.1745 0.2866 0.4921 0.4483 0.1700 0.1425 0.2000 0.3454 0.5125 0.3722 0.1445 0.1547 0.2379 0.4243 0.4929 0.2562 0.1383 0.1768 0.2951 0.4995 0.4427 0.2648 0.4430 0.5007 0.2958 0.1775 0.1385 0.2513 0.4940 0.4240 0.2379 0.1547 0.1445 0.3722 0.5125 0.3454 0.2000 0.1425 0.1700 0.4483 0.4921 0.2866 0.1745 0.1383 0.2526 0.4915 0.4306 0.2430 0.1571 0.1425 0.3519 0.5111 0.3632 0.2089 0.1453 0.1584 0.4276 0.5047 0.3053 0.1826 0.1388 0.2148 0.4784 0.4562 0.2582 0.1630 0.1399 0.3162 0.5063 0.3881 0.2208 0.1571
