0.0001 0.0008 0.0107 0.1363 1.0000 1.0000 0.0002 0.0029 0.0366 0.4629 1.0000 0.0001 0.0008 0.0098 0.1237 1.0000 1.0000 0.0002 0.0026 0.0330 0.4177 1.0000 0.0001 0.0007 0.0088 0.1116 1.0000 1.0000 0.0002 0.0024 0.0298 0.3770 1.0000 0.0000 0.0006 0.0080 0.1007 1.0000 1.0000 0.0002 0.0021 0.0269 0.3402 1.0000 1.0000 0.0006 0.0072 0.0902 1.0000 1.0000 1.0000 1.0000 1.0000 0.0902 0.0072 0.0006 1.0000 1.0000 0.3402 0.0269 0.0021 0.0002 1.0000 1.0000 0.1007 0.0080 0.0006 0.0000 1.0000 0.3770 0.0298 0.0024 0.0002 1.0000 1.0000 0.1116 0.0088 0.0007 0.0001 1.0000 0.4177 0.0330 0.0026 0.0002 1.0000 1.0000 0.1237 0.0098 0.0008 0.0001 1.0000 0.4629 0.0366 0.0029 0.0002 1.0000 1.0000 0.1363 0.0107 0.0008 0.0001
0.0008 0.0111 0.1378 1.0000 1.0000 0.0002 0.0029 0.0363 0.4594 1.0000 0.0001 0.0008 0.0097 0.1227 1.0000 1.0000 0.0002 0.0026 0.0328 0.4146 1.0000 0.0001 0.0007 0.0088 0.1108 1.0000 1.0000 0.0002 0.0023 0.0296 0.3741 1.0000 1.0000 0.0006 0.0079 0.0999 1.0000 1.0000 0.0002 0.0021 0.0267 0.3376 1.0000 1.0000 0.0006 0.0071 0.0900 1.0000 1.0000 0.0001 0.0006 0.0001 1.0000 1.0000 0.0900 0.0071 0.0006 1.0000 1.0000 0.3376 0.0267 0.0021 0.0002 1.0000 1.0000 0.0999 0.0079 0.0006 1.0000 1.0000 0.3741 0.0296 0.0023 0.0002 1.0000 1.0000 0.1108 0.0088 0.0007 0.0001 1.0000 0.4146 0.0328 0.0026 0.0002 1.0000 1.0000 0.1227 0.0097 0.0008 0.0001 1.0000 0.4594 0.0363 0.0029 0.0002 1.0000 1.0000 0.1378 0.0111 0.0008
0.0107 0.1378 1.0000 1.0000 0.0002 0.0027 0.0337 0.4249 1.0000 0.0001 0.0007 0.0089 0.1131 1.0000 1.0000 0.0002 0.0024 0.0302 0.3820 1.0000 1.0000 0.0006 0.0081 0.1021 1.0000 1.0000 0.0002 0.0022 0.0273 0.3447 1.0000 1.0000 0.0006 0.0073 0.0921 1.0000 1.0000 0.0002 0.0019 0.0246 0.3111 1.0000 1.0000 0.0005 0.0066 0.0831 1.0000 1.0000 0.0001 0.0015 0.0074 0.0015 0.0001 1.0000 1.0000 0.0831 0.0066 0.0005 1.0000 1.0000 0.3111 0.0246 0.0019 0.0002 1.0000 1.0000 0.0921 0.0073 0.0006 1.0000 1.0000 0.3447 0.0273 0.0022 0.0002 1.0000 1.0000 0.1021 0.0081 0.0006 1.0000 1.0000 0.3820 0.0302 0.0024 0.0002 1.0000 1.0000 0.1131 0.0089 0.0007 0.0001 1.0000 0.4249 0.0337 0.0027 0.0002 1.0000 1.0000 0.1378 0.0107
0.1363 1.0000 1.0000 0.0002 0.0026 0.0319 0.3976 1.0000 1.0000 0.0007 0.0083 0.1044 1.0000 1.0000 0.0002 0.0022 0.0278 0.3520 1.0000 1.0000 0.0006 0.0074 0.0940 1.0000 1.0000 0.0002 0.0020 0.0251 0.3177 1.0000 1.0000 0.0005 0.0067 0.0849 1.0000 1.0000 0.0001 0.0018 0.0227 0.2867 1.0000 1.0000 0.0005 0.0061 0.0766 0.9682 1.0000 0.0001 0.0016 0.0174 0.0862 0.0174 0.0016 0.0001 1.0000 0.9682 0.0766 0.0061 0.0005 1.0000 1.0000 0.2867 0.0227 0.0018 0.0001 1.0000 1.0000 0.0849 0.0067 0.0005 1.0000 1.0000 0.3177 0.0251 0.0020 0.0002 1.0000 1.0000 0.0940 0.0074 0.0006 1.0000 1.0000 0.3520 0.0278 0.0022 0.0002 1.0000 1.0000 0.1044 0.0083 0.0007 1.0000 1.0000 0.3976 0.0319 0.0026 0.0002 1.0000 1.0000 0.1363
1.0000 1.0000 0.0002 0.0026 0.0312 0.3835 1.0000 1.0000 0.0006 0.0077 0.0968 1.0000 1.0000 0.0002 0.0020 0.0257 0.3244 1.0000 1.0000 0.0005 0.0069 0.0867 1.0000 1.0000 0.0001 0.0018 0.0232 0.2927 1.0000 1.0000 0.0005 0.0062 0.0782 0.9887 1.0000 0.0001 0.0017 0.0209 0.2641 1.0000 1.0000 0.0004 0.0056 0.0706 0.8922 1.0000 0.0001 0.0015 0.0182 0.2032 1.0000 0.2032 0.0182 0.0015 0.0001 1.0000 0.8922 0.0706 0.0056 0.0004 1.0000 1.0000 0.2641 0.0209 0.0017 0.0001 1.0000 0.9887 0.0782 0.0062 0.0005 1.0000 1.0000 0.2927 0.0232 0.0018 0.0001 1.0000 1.0000 0.0867 0.0069 0.0005 1.0000 1.0000 0.3244 0.0257 0.0020 0.0002 1.0000 1.0000 0.0968 0.0077 0.0006 1.0000 1.0000 0.3835 0.0312 0.0026 0.0002 1.0000 1.0000
1.0000 0.0002 0.0027 0.0319 0.3835 1.0000 1.0000 0.0006 0.0073 0.0909 1.0000 1.0000 0.0001 0.0019 0.0237 0.2989 1.0000 1.0000 0.0005 0.0063 0.0799 1.0000 1.0000 0.0001 0.0017 0.0213 0.2697 1.0000 1.0000 0.0005 0.0057 0.0721 0.9110 1.0000 0.0001 0.0015 0.0193 0.2434 1.0000 1.0000 0.0004 0.0051 0.0650 0.8221 1.0000 0.0001 0.0014 0.0172 0.2123 1.0000 1.0000 1.0000 0.2123 0.0172 0.0014 0.0001 1.0000 0.8221 0.0650 0.0051 0.0004 1.0000 1.0000 0.2434 0.0193 0.0015 0.0001 1.0000 0.9110 0.0721 0.0057 0.0005 1.0000 1.0000 0.2697 0.0213 0.0017 0.0001 1.0000 1.0000 0.0799 0.0063 0.0005 1.0000 1.0000 0.2989 0.0237 0.0019 0.0001 1.0000 1.0000 0.0909 0.0073 0.0006 1.0000 1.0000 0.3835 0.0319 0.0027 0.0002 1.0000
0.0002 0.0029 0.0337 0.3976 1.0000 1.0000 0.0006 0.0070 0.0870 1.0000 1.0000 0.0001 0.0017 0.0220 0.2770 1.0000 1.0000 0.0005 0.0058 0.0736 0.9303 1.0000 0.0001 0.0016 0.0197 0.2485 1.0000 1.0000 0.0004 0.0053 0.0664 0.8395 1.0000 0.0001 0.0014 0.0177 0.2243 1.0000 1.0000 0.0004 0.0047 0.0599 0.7576 1.0000 0.0001 0.0013 0.0160 0.2009 1.0000 1.0000 0.0001 1.0000 1.0000 0.2009 0.0160 0.0013 0.0001 1.0000 0.7576 0.0599 0.0047 0.0004 1.0000 1.0000 0.2243 0.0177 0.0014 0.0001 1.0000 0.8395 0.0664 0.0053 0.0004 1.0000 1.0000 0.2485 0.0197 0.0016 0.0001 1.0000 0.9303 0.0736 0.0058 0.0005 1.0000 1.0000 0.2770 0.0220 0.0017 0.0001 1.0000 1.0000 0.0870 0.0070 0.0006 1.0000 1.0000 0.3976 0.0337 0.0029 0.0002
0.0029 0.0363 0.4249 1.0000 1.0000 0.0006 0.0070 0.0855 1.0000 1.0000 0.0001 0.0016 0.0207 0.2587 1.0000 1.0000 0.0004 0.0054 0.0678 0.8572 1.0000 0.0001 0.0014 0.0181 0.2290 1.0000 1.0000 0.0004 0.0048 0.0612 0.7736 1.0000 0.0001 0.0013 0.0163 0.2067 1.0000 1.0000 0.0003 0.0044 0.0552 0.6981 1.0000 0.0001 0.0012 0.0147 0.1862 1.0000 1.0000 0.0003 0.0013 0.0003 1.0000 1.0000 0.1862 0.0147 0.0012 0.0001 1.0000 0.6981 0.0552 0.0044 0.0003 1.0000 1.0000 0.2067 0.0163 0.0013 0.0001 1.0000 0.7736 0.0612 0.0048 0.0004 1.0000 1.0000 0.2290 0.0181 0.0014 0.0001 1.0000 0.8572 0.0678 0.0054 0.0004 1.0000 1.0000 0.2587 0.0207 0.0016 0.0001 1.0000 1.0000 0.0855 0.0070 0.0006 1.0000 1.0000 0.4249 0.0363 0.0029
0.0366 0.4594 1.0000 1.0000 0.0006 0.0073 0.0870 1.0000 1.0000 0.0001 0.0016 0.0197 0.2448 1.0000 1.0000 0.0004 0.0050 0.0628 0.7929 1.0000 0.0001 0.0013 0.0167 0.2110 1.0000 1.0000 0.0004 0.0045 0.0564 0.7128 1.0000 0.0001 0.0012 0.0151 0.1904 1.0000 1.0000 0.0003 0.0040 0.0509 0.6433 1.0000 0.0001 0.0011 0.0136 0.1719 1.0000 1.0000 0.0003 0.0031 0.0153 0.0031 0.0003 1.0000 1.0000 0.1719 0.0136 0.0011 0.0001 1.0000 0.6433 0.0509 0.0040 0.0003 1.0000 1.0000 0.1904 0.0151 0.0012 0.0001 1.0000 0.7128 0.0564 0.0045 0.0004 1.0000 1.0000 0.2110 0.0167 0.0013 0.0001 1.0000 0.7929 0.0628 0.0050 0.0004 1.0000 1.0000 0.2448 0.0197 0.0016 0.0001 1.0000 1.0000 0.0870 0.0073 0.0006 1.0000 1.0000 0.4594 0.0366
0.4629 1.0000 0.0001 0.0007 0.0077 0.0909 1.0000 1.0000 0.0001 0.0016 0.0191 0.2357 1.0000 1.0000 0.0004 0.0047 0.0587 0.7376 1.0000 0.0001 0.0012 0.0154 0.1945 1.0000 1.0000 0.0003 0.0041 0.0520 0.6569 1.0000 0.0001 0.0011 0.0139 0.1755 1.0000 1.0000 0.0003 0.0037 0.0469 0.5927 1.0000 0.0001 0.0010 0.0125 0.1584 1.0000 1.0000 0.0003 0.0032 0.0361 0.1778 0.0361 0.0032 0.0003 1.0000 1.0000 0.1584 0.0125 0.0010 0.0001 1.0000 0.5927 0.0469 0.0037 0.0003 1.0000 1.0000 0.1755 0.0139 0.0011 0.0001 1.0000 0.6569 0.0520 0.0041 0.0003 1.0000 1.0000 0.1945 0.0154 0.0012 0.0001 1.0000 0.7376 0.0587 0.0047 0.0004 1.0000 1.0000 0.2357 0.0191 0.0016 0.0001 1.0000 1.0000 0.0909 0.0077 0.0007 0.0001 1.0000 0.4629
1.0000 0.0001 0.0007 0.0083 0.0968 1.0000 1.0000 0.0001 0.0016 0.0191 0.2330 1.0000 1.0000 0.0004 0.0044 0.0553 0.6928 1.0000 0.0001 0.0011 0.0143 0.1799 1.0000 1.0000 0.0003 0.0038 0.0479 0.6053 1.0000 0.0001 0.0010 0.0128 0.1617 1.0000 1.0000 0.0003 0.0034 0.0432 0.5462 1.0000 0.0001 0.0009 0.0115 0.1459 1.0000 1.0000 0.0002 0.0031 0.0376 0.4201 1.0000 0.4201 0.0376 0.0031 0.0002 1.0000 1.0000 0.1459 0.0115 0.0009 0.0001 1.0000 0.5462 0.0432 0.0034 0.0003 1.0000 1.0000 0.1617 0.0128 0.0010 0.0001 1.0000 0.6053 0.0479 0.0038 0.0003 1.0000 1.0000 0.1799 0.0143 0.0011 0.0001 1.0000 0.6928 0.0553 0.0044 0.0004 1.0000 1.0000 0.2330 0.0191 0.0016 0.0001 1.0000 1.0000 0.0968 0.0083 0.0007 0.0001 1.0000
0.0001 0.0008 0.0089 0.1044 1.0000 1.0000 0.0001 0.0016 0.0197 0.2357 1.0000 1.0000 0.0003 0.0043 0.0531 0.6581 1.0000 0.0001 0.0011 0.0133 0.1673 1.0000 1.0000 0.0003 0.0035 0.0441 0.5577 1.0000 0.0001 0.0009 0.0118 0.1490 1.0000 1.0000 0.0002 0.0031 0.0398 0.5033 1.0000 0.0001 0.0008 0.0106 0.1345 1.0000 1.0000 0.0002 0.0028 0.0356 0.4381 1.0000 1.0000 1.0000 0.4381 0.0356 0.0028 0.0002 1.0000 1.0000 0.1345 0.0106 0.0008 0.0001 1.0000 0.5033 0.0398 0.0031 0.0002 1.0000 1.0000 0.1490 0.0118 0.0009 0.0001 1.0000 0.5577 0.0441 0.0035 0.0003 1.0000 1.0000 0.1673 0.0133 0.0011 0.0001 1.0000 0.6581 0.0531 0.0043 0.0003 1.0000 1.0000 0.2357 0.0197 0.0016 0.0001 1.0000 1.0000 0.1044 0.0089 0.0008 0.0001
0.0008 0.0097 0.1131 1.0000 1.0000 0.0001 0.0017 0.0207 0.2448 1.0000 1.0000 0.0003 0.0042 0.0519 0.6372 1.0000 0.0001 0.0010 0.0125 0.1569 1.0000 1.0000 0.0003 0.0032 0.0407 0.5139 1.0000 0.0001 0.0009 0.0109 0.1373 1.0000 1.0000 0.0002 0.0029 0.0367 0.4638 1.0000 0.0001 0.0008 0.0098 0.1239 1.0000 1.0000 0.0002 0.0026 0.0330 0.4146 1.0000 1.0000 0.0002 1.0000 1.0000 0.4146 0.0330 0.0026 0.0002 1.0000 1.0000 0.1239 0.0098 0.0008 0.0001 1.0000 0.4638 0.0367 0.0029 0.0002 1.0000 1.0000 0.1373 0.0109 0.0009 0.0001 1.0000 0.5139 0.0407 0.0032 0.0003 1.0000 1.0000 0.1569 0.0125 0.0010 0.0001 1.0000 0.6372 0.0519 0.0042 0.0003 1.0000 1.0000 0.2448 0.0207 0.0017 0.0001 1.0000 1.0000 0.1131 0.0097 0.0008
0.0098 0.1227 1.0000 1.0000 0.0002 0.0019 0.0220 0.2587 1.0000 1.0000 0.0004 0.0043 0.0519 0.6299 1.0000 0.0001 0.0010 0.0119 0.1484 1.0000 1.0000 0.0002 0.0030 0.0379 0.4763 1.0000 0.0001 0.0008 0.0100 0.1265 1.0000 1.0000 0.0002 0.0027 0.0338 0.4274 1.0000 0.0001 0.0007 0.0090 0.1142 1.0000 1.0000 0.0002 0.0024 0.0305 0.3849 1.0000 1.0000 0.0005 0.0027 0.0005 1.0000 1.0000 0.3849 0.0305 0.0024 0.0002 1.0000 1.0000 0.1142 0.0090 0.0007 0.0001 1.0000 0.4274 0.0338 0.0027 0.0002 1.0000 1.0000 0.1265 0.0100 0.0008 0.0001 1.0000 0.4763 0.0379 0.0030 0.0002 1.0000 1.0000 0.1484 0.0119 0.0010 0.0001 1.0000 0.6299 0.0519 0.0043 0.0004 1.0000 1.0000 0.2587 0.0220 0.0019 0.0002 1.0000 1.0000 0.1227 0.0098
0.1237 1.0000 1.0000 0.0002 0.0020 0.0237 0.2770 1.0000 1.0000 0.0004 0.0044 0.0531 0.6372 1.0000 0.0001 0.0009 0.0116 0.1426 1.0000 1.0000 0.0002 0.0028 0.0355 0.4448 1.0000 0.0001 0.0007 0.0092 0.1166 1.0000 1.0000 0.0002 0.0025 0.0312 0.3938 1.0000 1.0000 0.0007 0.0083 0.1052 1.0000 1.0000 0.0002 0.0022 0.0281 0.3554 1.0000 1.0000 0.0006 0.0064 0.0316 0.0064 0.0006 1.0000 1.0000 0.3554 0.0281 0.0022 0.0002 1.0000 1.0000 0.1052 0.0083 0.0007 1.0000 1.0000 0.3938 0.0312 0.0025 0.0002 1.0000 1.0000 0.1166 0.0092 0.0007 0.0001 1.0000 0.4448 0.0355 0.0028 0.0002 1.0000 1.0000 0.1426 0.0116 0.0009 0.0001 1.0000 0.6372 0.0531 0.0044 0.0004 1.0000 1.0000 0.2770 0.0237 0.0020 0.0002 1.0000 1.0000 0.1237
1.0000 1.0000 0.0002 0.0022 0.0257 0.2989 1.0000 1.0000 0.0004 0.0047 0.0553 0.6581 1.0000 0.0001 0.0009 0.0114 0.1397 1.0000 1.0000 0.0002 0.0027 0.0335 0.4185 1.0000 0.0001 0.0007 0.0086 0.1081 1.0000 1.0000 0.0002 0.0023 0.0287 0.3629 1.0000 1.0000 0.0006 0.0077 0.0970 1.0000 1.0000 0.0002 0.0020 0.0259 0.3275 1.0000 1.0000 0.0005 0.0067 0.0744 0.3678 0.0744 0.0067 0.0005 1.0000 1.0000 0.3275 0.0259 0.0020 0.0002 1.0000 1.0000 0.0970 0.0077 0.0006 1.0000 1.0000 0.3629 0.0287 0.0023 0.0002 1.0000 1.0000 0.1081 0.0086 0.0007 0.0001 1.0000 0.4185 0.0335 0.0027 0.0002 1.0000 1.0000 0.1397 0.0114 0.0009 0.0001 1.0000 0.6581 0.0553 0.0047 0.0004 1.0000 1.0000 0.2989 0.0257 0.0022 0.0002 1.0000 1.0000
1.0000 0.0002 0.0024 0.0278 0.3244 1.0000 1.0000 0.0004 0.0050 0.0587 0.6928 1.0000 0.0001 0.0010 0.0116 0.1397 1.0000 1.0000 0.0002 0.0026 0.0320 0.3976 1.0000 1.0000 0.0006 0.0080 0.1009 1.0000 1.0000 0.0002 0.0021 0.0265 0.3344 1.0000 1.0000 0.0006 0.0071 0.0893 1.0000 1.0000 0.0001 0.0019 0.0239 0.3018 1.0000 1.0000 0.0005 0.0063 0.0778 0.8671 1.0000 0.8671 0.0778 0.0063 0.0005 1.0000 1.0000 0.3018 0.0239 0.0019 0.0001 1.0000 1.0000 0.0893 0.0071 0.0006 1.0000 1.0000 0.3344 0.0265 0.0021 0.0002 1.0000 1.0000 0.1009 0.0080 0.0006 1.0000 1.0000 0.3976 0.0320 0.0026 0.0002 1.0000 1.0000 0.1397 0.0116 0.0010 0.0001 1.0000 0.6928 0.0587 0.0050 0.0004 1.0000 1.0000 0.3244 0.0278 0.0024 0.0002 1.0000
0.0002 0.0026 0.0302 0.3520 1.0000 1.0000 0.0005 0.0054 0.0628 0.7376 1.0000 0.0001 0.0010 0.0119 0.1426 1.0000 1.0000 0.0002 0.0025 0.0311 0.3827 1.0000 1.0000 0.0006 0.0076 0.0948 1.0000 1.0000 0.0002 0.0019 0.0245 0.3087 1.0000 1.0000 0.0005 0.0065 0.0823 1.0000 1.0000 0.0001 0.0017 0.0220 0.2781 1.0000 1.0000 0.0005 0.0059 0.0736 0.9058 1.0000 1.0000 1.0000 0.9058 0.0736 0.0059 0.0005 1.0000 1.0000 0.2781 0.0220 0.0017 0.0001 1.0000 1.0000 0.0823 0.0065 0.0005 1.0000 1.0000 0.3087 0.0245 0.0019 0.0002 1.0000 1.0000 0.0948 0.0076 0.0006 1.0000 1.0000 0.3827 0.0311 0.0025 0.0002 1.0000 1.0000 0.1426 0.0119 0.0010 0.0001 1.0000 0.7376 0.0628 0.0054 0.0005 1.0000 1.0000 0.3520 0.0302 0.0026 0.0002
0.0026 0.0328 0.3820 1.0000 1.0000 0.0005 0.0058 0.0678 0.7929 1.0000 0.0001 0.0011 0.0125 0.1484 1.0000 1.0000 0.0002 0.0025 0.0307 0.3755 1.0000 1.0000 0.0006 0.0072 0.0897 1.0000 1.0000 0.0001 0.0018 0.0228 0.2867 1.0000 1.0000 0.0005 0.0060 0.0759 0.9590 1.0000 0.0001 0.0016 0.0203 0.2562 1.0000 1.0000 0.0004 0.0054 0.0683 0.8572 1.0000 0.0001 0.0005 0.0001 1.0000 0.8572 0.0683 0.0054 0.0004 1.0000 1.0000 0.2562 0.0203 0.0016 0.0001 1.0000 0.9590 0.0759 0.0060 0.0005 1.0000 1.0000 0.2867 0.0228 0.0018 0.0001 1.0000 1.0000 0.0897 0.0072 0.0006 1.0000 1.0000 0.3755 0.0307 0.0025 0.0002 1.0000 1.0000 0.1484 0.0125 0.0011 0.0001 1.0000 0.7929 0.0678 0.0058 0.0005 1.0000 1.0000 0.3820 0.0328 0.0026
0.0330 0.4146 1.0000 1.0000 0.0005 0.0063 0.0736 0.8572 1.0000 0.0001 0.0011 0.0133 0.1569 1.0000 1.0000 0.0002 0.0026 0.0311 0.3755 1.0000 1.0000 0.0006 0.0069 0.0858 1.0000 1.0000 0.0001 0.0017 0.0213 0.2677 1.0000 1.0000 0.0004 0.0055 0.0699 0.8837 1.0000 0.0001 0.0015 0.0187 0.2361 1.0000 1.0000 0.0004 0.0050 0.0631 0.7960 1.0000 0.0001 0.0011 0.0056 0.0011 0.0001 1.0000 0.7960 0.0631 0.0050 0.0004 1.0000 1.0000 0.2361 0.0187 0.0015 0.0001 1.0000 0.8837 0.0699 0.0055 0.0004 1.0000 1.0000 0.2677 0.0213 0.0017 0.0001 1.0000 1.0000 0.0858 0.0069 0.0006 1.0000 1.0000 0.3755 0.0311 0.0026 0.0002 1.0000 1.0000 0.1569 0.0133 0.0011 0.0001 1.0000 0.8572 0.0736 0.0063 0.0005 1.0000 1.0000 0.4146 0.0330
0.4177 1.0000 1.0000 0.0006 0.0069 0.0799 0.9303 1.0000 0.0001 0.0012 0.0143 0.1673 1.0000 1.0000 0.0002 0.0027 0.0320 0.3827 1.0000 1.0000 0.0006 0.0068 0.0834 1.0000 1.0000 0.0001 0.0016 0.0202 0.2519 1.0000 1.0000 0.0004 0.0052 0.0648 0.8159 1.0000 0.0001 0.0014 0.0172 0.2176 1.0000 1.0000 0.0004 0.0046 0.0581 0.7348 1.0000 0.0001 0.0012 0.0132 0.0652 0.0132 0.0012 0.0001 1.0000 0.7348 0.0581 0.0046 0.0004 1.0000 1.0000 0.2176 0.0172 0.0014 0.0001 1.0000 0.8159 0.0648 0.0052 0.0004 1.0000 1.0000 0.2519 0.0202 0.0016 0.0001 1.0000 1.0000 0.0834 0.0068 0.0006 1.0000 1.0000 0.3827 0.0320 0.0027 0.0002 1.0000 1.0000 0.1673 0.0143 0.0012 0.0001 1.0000 0.9303 0.0799 0.0069 0.0006 1.0000 1.0000 0.4177
1.0000 0.0001 0.0006 0.0074 0.0867 1.0000 1.0000 0.0001 0.0013 0.0154 0.1799 1.0000 1.0000 0.0002 0.0028 0.0335 0.3976 1.0000 1.0000 0.0006 0.0068 0.0826 1.0000 1.0000 0.0001 0.0016 0.0193 0.2393 1.0000 1.0000 0.0004 0.0048 0.0605 0.7590 1.0000 0.0001 0.0013 0.0159 0.2005 1.0000 1.0000 0.0003 0.0042 0.0536 0.6771 1.0000 0.0001 0.0011 0.0138 0.1539 0.7590 0.1539 0.0138 0.0011 0.0001 1.0000 0.6771 0.0536 0.0042 0.0003 1.0000 1.0000 0.2005 0.0159 0.0013 0.0001 1.0000 0.7590 0.0605 0.0048 0.0004 1.0000 1.0000 0.2393 0.0193 0.0016 0.0001 1.0000 1.0000 0.0826 0.0068 0.0006 1.0000 1.0000 0.3976 0.0335 0.0028 0.0002 1.0000 1.0000 0.1799 0.0154 0.0013 0.0001 1.0000 1.0000 0.0867 0.0074 0.0006 0.0001 1.0000
0.0001 0.0007 0.0081 0.0940 1.0000 1.0000 0.0001 0.0014 0.0167 0.1945 1.0000 1.0000 0.0003 0.0030 0.0355 0.4185 1.0000 1.0000 0.0006 0.0069 0.0834 1.0000 1.0000 0.0001 0.0015 0.0186 0.2303 1.0000 1.0000 0.0004 0.0046 0.0569 0.7115 1.0000 0.0001 0.0012 0.0147 0.1851 1.0000 1.0000 0.0003 0.0039 0.0494 0.6240 1.0000 0.0001 0.0010 0.0131 0.1608 1.0000 1.0000 1.0000 0.1608 0.0131 0.0010 0.0001 1.0000 0.6240 0.0494 0.0039 0.0003 1.0000 1.0000 0.1851 0.0147 0.0012 0.0001 1.0000 0.7115 0.0569 0.0046 0.0004 1.0000 1.0000 0.2303 0.0186 0.0015 0.0001 1.0000 1.0000 0.0834 0.0069 0.0006 1.0000 1.0000 0.4185 0.0355 0.0030 0.0003 1.0000 1.0000 0.1945 0.0167 0.0014 0.0001 1.0000 1.0000 0.0940 0.0081 0.0007 0.0001
0.0007 0.0088 0.1021 1.0000 1.0000 0.0001 0.0016 0.0181 0.2110 1.0000 1.0000 0.0003 0.0032 0.0379 0.4448 1.0000 1.0000 0.0006 0.0072 0.0858 1.0000 1.0000 0.0001 0.0015 0.0183 0.2243 1.0000 1.0000 0.0003 0.0043 0.0539 0.6720 1.0000 0.0001 0.0011 0.0136 0.1719 1.0000 1.0000 0.0003 0.0036 0.0455 0.5750 1.0000 0.0001 0.0010 0.0121 0.1522 1.0000 1.0000 0.0001 1.0000 1.0000 0.1522 0.0121 0.0010 0.0001 1.0000 0.5750 0.0455 0.0036 0.0003 1.0000 1.0000 0.1719 0.0136 0.0011 0.0001 1.0000 0.6720 0.0539 0.0043 0.0003 1.0000 1.0000 0.2243 0.0183 0.0015 0.0001 1.0000 1.0000 0.0858 0.0072 0.0006 1.0000 1.0000 0.4448 0.0379 0.0032 0.0003 1.0000 1.0000 0.2110 0.0181 0.0016 0.0001 1.0000 1.0000 0.1021 0.0088 0.0007
0.0088 0.1108 1.0000 1.0000 0.0001 0.0017 0.0197 0.2290 1.0000 1.0000 0.0003 0.0035 0.0407 0.4763 1.0000 0.0001 0.0006 0.0076 0.0897 1.0000 1.0000 0.0001 0.0015 0.0183 0.2222 1.0000 1.0000 0.0003 0.0042 0.0516 0.6396 1.0000 0.0001 0.0010 0.0128 0.1605 1.0000 1.0000 0.0003 0.0033 0.0419 0.5298 1.0000 0.0001 0.0009 0.0112 0.1413 1.0000 1.0000 0.0002 0.0010 0.0002 1.0000 1.0000 0.1413 0.0112 0.0009 0.0001 1.0000 0.5298 0.0419 0.0033 0.0003 1.0000 1.0000 0.1605 0.0128 0.0010 0.0001 1.0000 0.6396 0.0516 0.0042 0.0003 1.0000 1.0000 0.2222 0.0183 0.0015 0.0001 1.0000 1.0000 0.0897 0.0076 0.0006 0.0001 1.0000 0.4763 0.0407 0.0035 0.0003 1.0000 1.0000 0.2290 0.0197 0.0017 0.0001 1.0000 1.0000 0.1108 0.0088
0.1116 1.0000 1.0000 0.0002 0.0018 0.0213 0.2485 1.0000 1.0000 0.0003 0.0038 0.0441 0.5139 1.0000 0.0001 0.0007 0.0080 0.0948 1.0000 1.0000 0.0001 0.0016 0.0186 0.2243 1.0000 1.0000 0.0003 0.0041 0.0499 0.6157 1.0000 0.0001 0.0010 0.0121 0.1510 1.0000 1.0000 0.0002 0.0031 0.0388 0.4892 1.0000 0.0001 0.0008 0.0103 0.1304 1.0000 1.0000 0.0002 0.0023 0.0116 0.0023 0.0002 1.0000 1.0000 0.1304 0.0103 0.0008 0.0001 1.0000 0.4892 0.0388 0.0031 0.0002 1.0000 1.0000 0.1510 0.0121 0.0010 0.0001 1.0000 0.6157 0.0499 0.0041 0.0003 1.0000 1.0000 0.2243 0.0186 0.0016 0.0001 1.0000 1.0000 0.0948 0.0080 0.0007 0.0001 1.0000 0.5139 0.0441 0.0038 0.0003 1.0000 1.0000 0.2485 0.0213 0.0018 0.0002 1.0000 1.0000 0.1116
1.0000 1.0000 0.0002 0.0020 0.0232 0.2697 1.0000 1.0000 0.0004 0.0041 0.0479 0.5577 1.0000 0.0001 0.0007 0.0086 0.1009 1.0000 1.0000 0.0001 0.0016 0.0193 0.2303 1.0000 1.0000 0.0003 0.0040 0.0492 0.6018 1.0000 0.0001 0.0009 0.0116 0.1435 1.0000 1.0000 0.0002 0.0029 0.0363 0.4550 1.0000 0.0001 0.0008 0.0095 0.1202 1.0000 1.0000 0.0002 0.0025 0.0273 0.1347 0.0273 0.0025 0.0002 1.0000 1.0000 0.1202 0.0095 0.0008 0.0001 1.0000 0.4550 0.0363 0.0029 0.0002 1.0000 1.0000 0.1435 0.0116 0.0009 0.0001 1.0000 0.6018 0.0492 0.0040 0.0003 1.0000 1.0000 0.2303 0.0193 0.0016 0.0001 1.0000 1.0000 0.1009 0.0086 0.0007 0.0001 1.0000 0.5577 0.0479 0.0041 0.0004 1.0000 1.0000 0.2697 0.0232 0.0020 0.0002 1.0000 1.0000
1.0000 0.0002 0.0022 0.0251 0.2927 1.0000 1.0000 0.0004 0.0045 0.0520 0.6053 1.0000 0.0001 0.0008 0.0092 0.1081 1.0000 1.0000 0.0001 0.0017 0.0202 0.2393 1.0000 1.0000 0.0003 0.0041 0.0492 0.5973 1.0000 0.0001 0.0009 0.0112 0.1378 1.0000 1.0000 0.0002 0.0027 0.0341 0.4266 1.0000 0.0001 0.0007 0.0088 0.1110 1.0000 1.0000 0.0002 0.0023 0.0285 0.3177 1.0000 0.3177 0.0285 0.0023 0.0002 1.0000 1.0000 0.1110 0.0088 0.0007 0.0001 1.0000 0.4266 0.0341 0.0027 0.0002 1.0000 1.0000 0.1378 0.0112 0.0009 0.0001 1.0000 0.5973 0.0492 0.0041 0.0003 1.0000 1.0000 0.2393 0.0202 0.0017 0.0001 1.0000 1.0000 0.1081 0.0092 0.0008 0.0001 1.0000 0.6053 0.0520 0.0045 0.0004 1.0000 1.0000 0.2927 0.0251 0.0022 0.0002 1.0000
0.0002 0.0023 0.0273 0.3177 1.0000 1.0000 0.0004 0.0048 0.0564 0.6569 1.0000 0.0001 0.0009 0.0100 0.1166 1.0000 1.0000 0.0002 0.0018 0.0213 0.2519 1.0000 1.0000 0.0003 0.0042 0.0499 0.6018 1.0000 0.0001 0.0009 0.0109 0.1342 1.0000 1.0000 0.0002 0.0026 0.0323 0.4029 1.0000 1.0000 0.0007 0.0082 0.1028 1.0000 1.0000 0.0002 0.0022 0.0270 0.3319 1.0000 1.0000 1.0000 0.3319 0.0270 0.0022 0.0002 1.0000 1.0000 0.1028 0.0082 0.0007 1.0000 1.0000 0.4029 0.0323 0.0026 0.0002 1.0000 1.0000 0.1342 0.0109 0.0009 0.0001 1.0000 0.6018 0.0499 0.0042 0.0003 1.0000 1.0000 0.2519 0.0213 0.0018 0.0002 1.0000 1.0000 0.1166 0.0100 0.0009 0.0001 1.0000 0.6569 0.0564 0.0048 0.0004 1.0000 1.0000 0.3177 0.0273 0.0023 0.0002
0.0024 0.0296 0.3447 1.0000 1.0000 0.0005 0.0053 0.0612 0.7128 1.0000 0.0001 0.0009 0.0109 0.1265 1.0000 1.0000 0.0002 0.0019 0.0228 0.2677 1.0000 1.0000 0.0004 0.0043 0.0516 0.6157 1.0000 0.0001 0.0009 0.0108 0.1322 1.0000 1.0000 0.0002 0.0025 0.0309 0.3835 1.0000 1.0000 0.0006 0.0077 0.0960 1.0000 1.0000 0.0002 0.0020 0.0251 0.3146 1.0000 1.0000 0.0002 1.0000 1.0000 0.3146 0.0251 0.0020 0.0002 1.0000 1.0000 0.0960 0.0077 0.0006 1.0000 1.0000 0.3835 0.0309 0.0025 0.0002 1.0000 1.0000 0.1322 0.0108 0.0009 0.0001 1.0000 0.6157 0.0516 0.0043 0.0004 1.0000 1.0000 0.2677 0.0228 0.0019 0.0002 1.0000 1.0000 0.1265 0.0109 0.0009 0.0001 1.0000 0.7128 0.0612 0.0053 0.0005 1.0000 1.0000 0.3447 0.0296 0.0024
0.0298 0.3741 1.0000 1.0000 0.0005 0.0057 0.0664 0.7736 1.0000 0.0001 0.0010 0.0118 0.1373 1.0000 1.0000 0.0002 0.0021 0.0245 0.2867 1.0000 1.0000 0.0004 0.0046 0.0539 0.6396 1.0000 0.0001 0.0009 0.0109 0.1322 1.0000 1.0000 0.0002 0.0024 0.0299 0.3685 1.0000 1.0000 0.0006 0.0072 0.0904 1.0000 1.0000 0.0001 0.0019 0.0233 0.2933 1.0000 1.0000 0.0004 0.0021 0.0004 1.0000 1.0000 0.2933 0.0233 0.0019 0.0001 1.0000 1.0000 0.0904 0.0072 0.0006 1.0000 1.0000 0.3685 0.0299 0.0024 0.0002 1.0000 1.0000 0.1322 0.0109 0.0009 0.0001 1.0000 0.6396 0.0539 0.0046 0.0004 1.0000 1.0000 0.2867 0.0245 0.0021 0.0002 1.0000 1.0000 0.1373 0.0118 0.0010 0.0001 1.0000 0.7736 0.0664 0.0057 0.0005 1.0000 1.0000 0.3741 0.0298
0.3770 1.0000 1.0000 0.0005 0.0062 0.0721 0.8395 1.0000 0.0001 0.0011 0.0128 0.1490 1.0000 1.0000 0.0002 0.0023 0.0265 0.3087 1.0000 1.0000 0.0004 0.0048 0.0569 0.6720 1.0000 0.0001 0.0009 0.0112 0.1342 1.0000 1.0000 0.0002 0.0024 0.0292 0.3581 1.0000 1.0000 0.0006 0.0069 0.0858 1.0000 1.0000 0.0001 0.0017 0.0217 0.2728 1.0000 1.0000 0.0004 0.0049 0.0240 0.0049 0.0004 1.0000 1.0000 0.2728 0.0217 0.0017 0.0001 1.0000 1.0000 0.0858 0.0069 0.0006 1.0000 1.0000 0.3581 0.0292 0.0024 0.0002 1.0000 1.0000 0.1342 0.0112 0.0009 0.0001 1.0000 0.6720 0.0569 0.0048 0.0004 1.0000 1.0000 0.3087 0.0265 0.0023 0.0002 1.0000 1.0000 0.1490 0.0128 0.0011 0.0001 1.0000 0.8395 0.0721 0.0062 0.0005 1.0000 1.0000 0.3770
1.0000 1.0000 0.0006 0.0067 0.0782 0.9110 1.0000 0.0001 0.0012 0.0139 0.1617 1.0000 1.0000 0.0002 0.0025 0.0287 0.3344 1.0000 1.0000 0.0004 0.0052 0.0605 0.7115 1.0000 0.0001 0.0010 0.0116 0.1378 1.0000 1.0000 0.0002 0.0024 0.0290 0.3527 1.0000 1.0000 0.0005 0.0066 0.0822 1.0000 1.0000 0.0001 0.0016 0.0203 0.2553 1.0000 1.0000 0.0004 0.0051 0.0567 0.2802 0.0567 0.0051 0.0004 1.0000 1.0000 0.2553 0.0203 0.0016 0.0001 1.0000 1.0000 0.0822 0.0066 0.0005 1.0000 1.0000 0.3527 0.0290 0.0024 0.0002 1.0000 1.0000 0.1378 0.0116 0.0010 0.0001 1.0000 0.7115 0.0605 0.0052 0.0004 1.0000 1.0000 0.3344 0.0287 0.0025 0.0002 1.0000 1.0000 0.1617 0.0139 0.0012 0.0001 1.0000 0.9110 0.0782 0.0067 0.0006 1.0000 1.0000
0.0000 0.0006 0.0073 0.0849 0.9887 1.0000 0.0001 0.0013 0.0151 0.1755 1.0000 1.0000 0.0002 0.0027 0.0312 0.3629 1.0000 1.0000 0.0005 0.0055 0.0648 0.7590 1.0000 0.0001 0.0010 0.0121 0.1435 1.0000 1.0000 0.0002 0.0024 0.0292 0.3527 1.0000 1.0000 0.0005 0.0065 0.0794 0.9793 1.0000 0.0001 0.0015 0.0193 0.2402 1.0000 1.0000 0.0004 0.0049 0.0596 0.6631 1.0000 0.6631 0.0596 0.0049 0.0004 1.0000 1.0000 0.2402 0.0193 0.0015 0.0001 1.0000 0.9793 0.0794 0.0065 0.0005 1.0000 1.0000 0.3527 0.0292 0.0024 0.0002 1.0000 1.0000 0.1435 0.0121 0.0010 0.0001 1.0000 0.7590 0.0648 0.0055 0.0005 1.0000 1.0000 0.3629 0.0312 0.0027 0.0002 1.0000 1.0000 0.1755 0.0151 0.0013 0.0001 1.0000 0.9887 0.0849 0.0073 0.0006 0.0000
0.0006 0.0079 0.0921 1.0000 1.0000 0.0001 0.0014 0.0163 0.1904 1.0000 1.0000 0.0002 0.0029 0.0338 0.3938 1.0000 1.0000 0.0005 0.0060 0.0699 0.8159 1.0000 0.0001 0.0011 0.0128 0.1510 1.0000 1.0000 0.0002 0.0025 0.0299 0.3581 1.0000 1.0000 0.0005 0.0064 0.0776 0.9518 1.0000 0.0001 0.0015 0.0184 0.2282 1.0000 1.0000 0.0004 0.0046 0.0571 0.6981 1.0000 1.0000 1.0000 0.6981 0.0571 0.0046 0.0004 1.0000 1.0000 0.2282 0.0184 0.0015 0.0001 1.0000 0.9518 0.0776 0.0064 0.0005 1.0000 1.0000 0.3581 0.0299 0.0025 0.0002 1.0000 1.0000 0.1510 0.0128 0.0011 0.0001 1.0000 0.8159 0.0699 0.0060 0.0005 1.0000 1.0000 0.3938 0.0338 0.0029 0.0002 1.0000 1.0000 0.1904 0.0163 0.0014 0.0001 1.0000 1.0000 0.0921 0.0079 0.0006
0.0080 0.0999 1.0000 1.0000 0.0001 0.0015 0.0177 0.2067 1.0000 1.0000 0.0003 0.0031 0.0367 0.4274 1.0000 1.0000 0.0006 0.0065 0.0759 0.8837 1.0000 0.0001 0.0012 0.0136 0.1605 1.0000 1.0000 0.0002 0.0026 0.0309 0.3685 1.0000 1.0000 0.0005 0.0064 0.0770 0.9374 1.0000 0.0001 0.0014 0.0176 0.2184 1.0000 1.0000 0.0003 0.0043 0.0540 0.6720 1.0000 0.0001 0.0004 0.0001 1.0000 0.6720 0.0540 0.0043 0.0003 1.0000 1.0000 0.2184 0.0176 0.0014 0.0001 1.0000 0.9374 0.0770 0.0064 0.0005 1.0000 1.0000 0.3685 0.0309 0.0026 0.0002 1.0000 1.0000 0.1605 0.0136 0.0012 0.0001 1.0000 0.8837 0.0759 0.0065 0.0006 1.0000 1.0000 0.4274 0.0367 0.0031 0.0003 1.0000 1.0000 0.2067 0.0177 0.0015 0.0001 1.0000 1.0000 0.0999 0.0080
0.1007 1.0000 1.0000 0.0001 0.0017 0.0193 0.2243 1.0000 1.0000 0.0003 0.0034 0.0398 0.4638 1.0000 1.0000 0.0006 0.0071 0.0823 0.9590 1.0000 0.0001 0.0013 0.0147 0.1719 1.0000 1.0000 0.0002 0.0027 0.0323 0.3835 1.0000 1.0000 0.0005 0.0065 0.0776 0.9374 1.0000 0.0001 0.0014 0.0171 0.2110 1.0000 1.0000 0.0003 0.0041 0.0512 0.6372 1.0000 0.0001 0.0009 0.0044 0.0009 0.0001 1.0000 0.6372 0.0512 0.0041 0.0003 1.0000 1.0000 0.2110 0.0171 0.0014 0.0001 1.0000 0.9374 0.0776 0.0065 0.0005 1.0000 1.0000 0.3835 0.0323 0.0027 0.0002 1.0000 1.0000 0.1719 0.0147 0.0013 0.0001 1.0000 0.9590 0.0823 0.0071 0.0006 1.0000 1.0000 0.4638 0.0398 0.0034 0.0003 1.0000 1.0000 0.2243 0.0193 0.0017 0.0001 1.0000 1.0000 0.1007
1.0000 1.0000 0.0002 0.0018 0.0209 0.2434 1.0000 1.0000 0.0003 0.0037 0.0432 0.5033 1.0000 0.0001 0.0007 0.0077 0.0893 1.0000 1.0000 0.0001 0.0014 0.0159 0.1851 1.0000 1.0000 0.0002 0.0029 0.0341 0.4029 1.0000 1.0000 0.0006 0.0066 0.0794 0.9518 1.0000 0.0001 0.0014 0.0169 0.2063 1.0000 1.0000 0.0003 0.0039 0.0488 0.6064 1.0000 0.0001 0.0009 0.0104 0.0512 0.0104 0.0009 0.0001 1.0000 0.6064 0.0488 0.0039 0.0003 1.0000 1.0000 0.2067 0.0169 0.0014 0.0001 1.0000 0.9518 0.0794 0.0066 0.0006 1.0000 1.0000 0.4029 0.0341 0.0029 0.0002 1.0000 1.0000 0.1851 0.0159 0.0014 0.0001 1.0000 1.0000 0.0893 0.0077 0.0007 0.0001 1.0000 0.5033 0.0432 0.0037 0.0003 1.0000 1.0000 0.2434 0.0209 0.0018 0.0002 1.0000 1.0000
1.0000 0.0002 0.0019 0.0227 0.2641 1.0000 1.0000 0.0003 0.0040 0.0469 0.5462 1.0000 0.0001 0.0007 0.0083 0.0970 1.0000 1.0000 0.0001 0.0015 0.0172 0.2005 1.0000 1.0000 0.0003 0.0031 0.0363 0.4266 1.0000 1.0000 0.0006 0.0069 0.0822 0.9793 1.0000 0.0001 0.0014 0.0169 0.2047 1.0000 1.0000 0.0003 0.0038 0.0470 0.5805 1.0000 0.0001 0.0009 0.0111 0.1225 0.6018 0.1225 0.0111 0.0009 0.0001 1.0000 0.5805 0.0470 0.0038 0.0003 1.0000 1.0000 0.2047 0.0169 0.0014 0.0001 1.0000 0.9793 0.0822 0.0069 0.0006 1.0000 1.0000 0.4266 0.0363 0.0031 0.0003 1.0000 1.0000 0.2005 0.0172 0.0015 0.0001 1.0000 1.0000 0.0970 0.0083 0.0007 0.0001 1.0000 0.5462 0.0469 0.0040 0.0003 1.0000 1.0000 0.2641 0.0227 0.0019 0.0002 1.0000
0.0002 0.0021 0.0246 0.2867 1.0000 1.0000 0.0004 0.0044 0.0509 0.5927 1.0000 0.0001 0.0008 0.0090 0.1052 1.0000 1.0000 0.0001 0.0016 0.0187 0.2176 1.0000 1.0000 0.0003 0.0033 0.0388 0.4550 1.0000 1.0000 0.0006 0.0072 0.0858 1.0000 1.0000 0.0001 0.0014 0.0171 0.2063 1.0000 1.0000 0.0003 0.0037 0.0457 0.5620 1.0000 0.0001 0.0009 0.0108 0.1312 1.0000 1.0000 1.0000 0.1312 0.0108 0.0009 0.0001 1.0000 0.5620 0.0457 0.0037 0.0003 1.0000 1.0000 0.2067 0.0171 0.0014 0.0001 1.0000 1.0000 0.0858 0.0072 0.0006 1.0000 1.0000 0.4550 0.0388 0.0033 0.0003 1.0000 1.0000 0.2176 0.0187 0.0016 0.0001 1.0000 1.0000 0.1052 0.0090 0.0008 0.0001 1.0000 0.5927 0.0509 0.0044 0.0004 1.0000 1.0000 0.2867 0.0246 0.0021 0.0002
0.0021 0.0267 0.3111 1.0000 1.0000 0.0004 0.0047 0.0552 0.6433 1.0000 0.0001 0.0008 0.0098 0.1142 1.0000 1.0000 0.0001 0.0017 0.0203 0.2361 1.0000 1.0000 0.0003 0.0036 0.0419 0.4892 1.0000 0.0001 0.0007 0.0077 0.0904 1.0000 1.0000 0.0001 0.0015 0.0176 0.2110 1.0000 1.0000 0.0003 0.0037 0.0450 0.5504 1.0000 0.0001 0.0008 0.0105 0.1287 1.0000 1.0000 0.0001 1.0000 1.0000 0.1287 0.0105 0.0008 0.0001 1.0000 0.5504 0.0451 0.0037 0.0003 1.0000 1.0000 0.2114 0.0176 0.0015 0.0001 1.0000 1.0000 0.0904 0.0077 0.0007 0.0001 1.0000 0.4892 0.0419 0.0036 0.0003 1.0000 1.0000 0.2361 0.0203 0.0017 0.0001 1.0000 1.0000 0.1142 0.0098 0.0008 0.0001 1.0000 0.6433 0.0552 0.0047 0.0004 1.0000 1.0000 0.3111 0.0267 0.0021
0.0269 0.3376 1.0000 1.0000 0.0004 0.0051 0.0599 0.6981 1.0000 0.0001 0.0009 0.0106 0.1239 1.0000 1.0000 0.0002 0.0019 0.0220 0.2562 1.0000 1.0000 0.0003 0.0039 0.0455 0.5298 1.0000 0.0001 0.0007 0.0082 0.0960 1.0000 1.0000 0.0001 0.0015 0.0184 0.2184 1.0000 1.0000 0.0003 0.0037 0.0450 0.5462 1.0000 0.0001 0.0008 0.0101 0.1249 1.0000 1.0000 0.0002 0.0008 0.0002 1.0000 1.0000 0.1249 0.0101 0.0008 0.0001 1.0000 0.5462 0.0451 0.0037 0.0003 1.0000 1.0000 0.2184 0.0184 0.0015 0.0001 1.0000 1.0000 0.0960 0.0082 0.0007 0.0001 1.0000 0.5298 0.0455 0.0039 0.0003 1.0000 1.0000 0.2562 0.0220 0.0019 0.0002 1.0000 1.0000 0.1239 0.0106 0.0009 0.0001 1.0000 0.6981 0.0599 0.0051 0.0004 1.0000 1.0000 0.3376 0.0269
0.3402 1.0000 1.0000 0.0005 0.0056 0.0650 0.7576 1.0000 0.0001 0.0010 0.0115 0.1345 1.0000 1.0000 0.0002 0.0020 0.0239 0.2781 1.0000 1.0000 0.0004 0.0042 0.0494 0.5750 1.0000 0.0001 0.0008 0.0088 0.1028 1.0000 1.0000 0.0001 0.0016 0.0193 0.2282 1.0000 1.0000 0.0003 0.0038 0.0457 0.5504 1.0000 0.0001 0.0008 0.0100 0.1218 1.0000 1.0000 0.0002 0.0020 0.0098 0.0020 0.0002 1.0000 1.0000 0.1218 0.0099 0.0008 0.0001 1.0000 0.5504 0.0457 0.0038 0.0003 1.0000 1.0000 0.2282 0.0193 0.0016 0.0001 1.0000 1.0000 0.1028 0.0088 0.0008 0.0001 1.0000 0.5750 0.0494 0.0042 0.0004 1.0000 1.0000 0.2781 0.0239 0.0020 0.0002 1.0000 1.0000 0.1345 0.0115 0.0010 0.0001 1.0000 0.7576 0.0650 0.0056 0.0005 1.0000 1.0000 0.3402
1.0000 1.0000 0.0005 0.0061 0.0706 0.8221 1.0000 0.0001 0.0011 0.0125 0.1459 1.0000 1.0000 0.0002 0.0022 0.0259 0.3018 1.0000 1.0000 0.0004 0.0046 0.0536 0.6240 1.0000 0.0001 0.0008 0.0095 0.1110 1.0000 1.0000 0.0001 0.0017 0.0203 0.2402 1.0000 1.0000 0.0003 0.0039 0.0470 0.5620 1.0000 0.0001 0.0008 0.0099 0.1232 1.0000 1.0000 0.0002 0.0022 0.0238 0.1142 0.0237 0.0022 0.0002 1.0000 1.0000 0.1200 0.0097 0.0008 0.0001 1.0000 0.5620 0.0470 0.0039 0.0003 1.0000 1.0000 0.2402 0.0203 0.0017 0.0001 1.0000 1.0000 0.1110 0.0095 0.0008 0.0001 1.0000 0.6240 0.0536 0.0046 0.0004 1.0000 1.0000 0.3018 0.0259 0.0022 0.0002 1.0000 1.0000 0.1459 0.0125 0.0011 0.0001 1.0000 0.8221 0.0706 0.0061 0.0005 1.0000 1.0000
1.0000 0.0006 0.0066 0.0766 0.8922 1.0000 0.0001 0.0012 0.0136 0.1584 1.0000 1.0000 0.0002 0.0024 0.0281 0.3275 1.0000 1.0000 0.0004 0.0050 0.0581 0.6771 1.0000 0.0001 0.0009 0.0103 0.1202 1.0000 1.0000 0.0002 0.0019 0.0217 0.2553 1.0000 1.0000 0.0003 0.0041 0.0488 0.5805 1.0000 0.0001 0.0008 0.0100 0.1179 1.0000 1.0000 0.0002 0.0021 0.0263 0.2829 1.0000 0.2910 0.0264 0.0021 0.0002 1.0000 1.0000 0.1204 0.0104 0.0008 0.0001 1.0000 0.5805 0.0488 0.0041 0.0003 1.0000 1.0000 0.2553 0.0217 0.0019 0.0002 1.0000 1.0000 0.1202 0.0103 0.0009 0.0001 1.0000 0.6771 0.0581 0.0050 0.0004 1.0000 1.0000 0.3275 0.0281 0.0024 0.0002 1.0000 1.0000 0.1584 0.0136 0.0012 0.0001 1.0000 0.8922 0.0766 0.0066 0.0006 1.0000
0.0006 0.0071 0.0831 0.9682 1.0000 0.0001 0.0013 0.0148 0.1719 1.0000 1.0000 0.0002 0.0026 0.0305 0.3554 1.0000 1.0000 0.0005 0.0054 0.0631 0.7348 1.0000 0.0001 0.0010 0.0112 0.1304 1.0000 1.0000 0.0002 0.0020 0.0233 0.2728 1.0000 1.0000 0.0004 0.0043 0.0512 0.6064 1.0000 0.0001 0.0008 0.0101 0.1218 1.0000 1.0000 0.0002 0.0022 0.0268 0.3219 1.0000 1.0000 1.0000 0.3111 0.0268 0.0022 0.0002 1.0000 1.0000 0.1218 0.0101 0.0008 0.0001 1.0000 0.6064 0.0512 0.0043 0.0004 1.0000 1.0000 0.2728 0.0233 0.0020 0.0002 1.0000 1.0000 0.1304 0.0112 0.0010 0.0001 1.0000 0.7348 0.0631 0.0054 0.0005 1.0000 1.0000 0.3554 0.0305 0.0026 0.0002 1.0000 1.0000 0.1719 0.0147 0.0013 0.0001 1.0000 0.9682 0.0831 0.0071 0.0006
0.0072 0.0900 1.0000 1.0000 0.0001 0.0014 0.0160 0.1862 1.0000 1.0000 0.0002 0.0028 0.0330 0.3849 1.0000 1.0000 0.0005 0.0059 0.0683 0.7960 1.0000 0.0001 0.0010 0.0121 0.1413 1.0000 1.0000 0.0002 0.0022 0.0251 0.2933 1.0000 1.0000 0.0004 0.0046 0.0540 0.6372 1.0000 0.0001 0.0009 0.0105 0.1249 1.0000 1.0000 0.0002 0.0021 0.0270 0.3225 1.0000 1.0000 0.0002 1.0000 1.0000 0.3300 0.0264 0.0021 0.0002 1.0000 1.0000 0.1249 0.0105 0.0009 0.0001 1.0000 0.6372 0.0540 0.0046 0.0004 1.0000 1.0000 0.2933 0.0251 0.0022 0.0002 1.0000 1.0000 0.1413 0.0121 0.0010 0.0001 1.0000 0.7960 0.0683 0.0059 0.0005 1.0000 1.0000 0.3849 0.0330 0.0028 0.0002 1.0000 1.0000 0.1862 0.0160 0.0014 0.0001 1.0000 1.0000 0.0900 0.0072
0.0902 1.0000 1.0000 0.0001 0.0015 0.0172 0.2009 1.0000 1.0000 0.0003 0.0031 0.0356 0.4146 1.0000 1.0000 0.0005 0.0063 0.0736 0.8572 1.0000 0.0001 0.0011 0.0131 0.1522 1.0000 1.0000 0.0002 0.0023 0.0270 0.3146 1.0000 1.0000 0.0004 0.0049 0.0571 0.6720 1.0000 0.0001 0.0009 0.0108 0.1287 1.0000 1.0000 0.0002 0.0022 0.0265 0.3231 1.0000 1.0000 0.0004 0.0020 0.0004 1.0000 1.0000 0.3099 0.0261 0.0022 0.0002 1.0000 1.0000 0.1287 0.0108 0.0009 0.0001 1.0000 0.6720 0.0571 0.0049 0.0004 1.0000 1.0000 0.3146 0.0270 0.0023 0.0002 1.0000 1.0000 0.1522 0.0131 0.0011 0.0001 1.0000 0.8572 0.0736 0.0063 0.0005 1.0000 1.0000 0.4146 0.0356 0.0031 0.0003 1.0000 1.0000 0.2009 0.0172 0.0015 0.0001 1.0000 1.0000 0.0902
1.0000 1.0000 0.0001 0.0016 0.0182 0.2123 1.0000 1.0000 0.0003 0.0032 0.0376 0.4381 1.0000 1.0000 0.0006 0.0067 0.0778 0.9058 1.0000 0.0001 0.0012 0.0138 0.1608 1.0000 1.0000 0.0002 0.0025 0.0285 0.3319 1.0000 1.0000 0.0004 0.0051 0.0596 0.6981 1.0000 0.0001 0.0009 0.0111 0.1312 1.0000 1.0000 0.0002 0.0023 0.0274 0.3164 1.0000 1.0000 0.0004 0.0047 0.0227 0.0049 0.0005 1.0000 1.0000 0.3152 0.0269 0.0022 0.0002 1.0000 1.0000 0.1312 0.0111 0.0009 0.0001 1.0000 0.6981 0.0596 0.0051 0.0004 1.0000 1.0000 0.3319 0.0285 0.0025 0.0002 1.0000 1.0000 0.1608 0.0138 0.0012 0.0001 1.0000 0.9058 0.0778 0.0067 0.0006 1.0000 1.0000 0.4381 0.0376 0.0032 0.0003 1.0000 1.0000 0.2123 0.0182 0.0016 0.0001 1.0000 1.0000
1.0000 0.0001 0.0015 0.0174 0.2032 1.0000 1.0000 0.0003 0.0031 0.0361 0.4201 1.0000 1.0000 0.0005 0.0064 0.0744 0.8671 1.0000 0.0001 0.0011 0.0132 0.1539 1.0000 1.0000 0.0002 0.0023 0.0273 0.3177 1.0000 1.0000 0.0004 0.0049 0.0567 0.6631 1.0000 0.0001 0.0009 0.0104 0.1225 1.0000 1.0000 0.0002 0.0020 0.0242 0.2933 1.0000 1.0000 0.0004 0.0047 0.0514 0.2462 0.0520 0.0050 0.0004 1.0000 1.0000 0.2927 0.0243 0.0020 0.0002 1.0000 1.0000 0.1225 0.0104 0.0009 0.0001 1.0000 0.6631 0.0567 0.0049 0.0004 1.0000 1.0000 0.3177 0.0273 0.0023 0.0002 1.0000 1.0000 0.1539 0.0132 0.0011 0.0001 1.0000 0.8671 0.0744 0.0064 0.0005 1.0000 1.0000 0.4201 0.0361 0.0031 0.0003 1.0000 1.0000 0.2032 0.0174 0.0015 0.0001 1.0000
1.0000 0.0006 0.0074 0.0862 1.0000 1.0000 0.0001 0.0013 0.0153 0.1778 1.0000 1.0000 0.0002 0.0027 0.0316 0.3678 1.0000 1.0000 0.0005 0.0056 0.0652 0.7590 1.0000 0.0001 0.0010 0.0116 0.1347 1.0000 1.0000 0.0002 0.0021 0.0240 0.2802 1.0000 1.0000 0.0004 0.0044 0.0512 0.6018 1.0000 0.0001 0.0008 0.0098 0.1166 1.0000 1.0000 0.0002 0.0020 0.0229 0.2548 1.0000 0.2543 0.0242 0.0020 0.0002 1.0000 1.0000 0.1186 0.0099 0.0008 0.0001 1.0000 0.6018 0.0512 0.0044 0.0004 1.0000 1.0000 0.2802 0.0240 0.0021 0.0002 1.0000 1.0000 0.1347 0.0116 0.0010 0.0001 1.0000 0.7590 0.0652 0.0056 0.0005 1.0000 1.0000 0.3678 0.0316 0.0027 0.0002 1.0000 1.0000 0.1778 0.0153 0.0013 0.0001 1.0000 1.0000 0.0862 0.0074 0.0006 1.0000
1.0000 0.0001 0.0015 0.0174 0.2032 1.0000 1.0000 0.0003 0.0031 0.0361 0.4201 1.0000 1.0000 0.0005 0.0064 0.0744 0.8671 1.0000 0.0001 0.0011 0.0132 0.1539 1.0000 1.0000 0.0002 0.0023 0.0273 0.3177 1.0000 1.0000 0.0004 0.0049 0.0567 0.6631 1.0000 0.0001 0.0009 0.0104 0.1225 1.0000 1.0000 0.0002 0.0020 0.0237 0.2888 1.0000 1.0000 0.0004 0.0046 0.0504 0.2471 0.0517 0.0049 0.0004 1.0000 1.0000 0.2834 0.0244 0.0020 0.0002 1.0000 1.0000 0.1225 0.0104 0.0009 0.0001 1.0000 0.6631 0.0567 0.0049 0.0004 1.0000 1.0000 0.3177 0.0273 0.0023 0.0002 1.0000 1.0000 0.1539 0.0132 0.0011 0.0001 1.0000 0.8671 0.0744 0.0064 0.0005 1.0000 1.0000 0.4201 0.0361 0.0031 0.0003 1.0000 1.0000 0.2032 0.0174 0.0015 0.0001 1.0000
1.0000 1.0000 0.0001 0.0016 0.0182 0.2123 1.0000 1.0000 0.0003 0.0032 0.0376 0.4381 1.0000 1.0000 0.0006 0.0067 0.0778 0.9058 1.0000 0.0001 0.0012 0.0138 0.1608 1.0000 1.0000 0.0002 0.0025 0.0285 0.3319 1.0000 1.0000 0.0004 0.0051 0.0596 0.6981 1.0000 0.0001 0.0009 0.0111 0.1312 1.0000 1.0000 0.0002 0.0022 0.0256 0.3081 1.0000 1.0000 0.0004 0.0048 0.0232 0.0048 0.0005 1.0000 1.0000 0.3093 0.0266 0.0022 0.0002 1.0000 1.0000 0.1312 0.0111 0.0009 0.0001 1.0000 0.6981 0.0596 0.0051 0.0004 1.0000 1.0000 0.3319 0.0285 0.0025 0.0002 1.0000 1.0000 0.1608 0.0138 0.0012 0.0001 1.0000 0.9058 0.0778 0.0067 0.0006 1.0000 1.0000 0.4381 0.0376 0.0032 0.0003 1.0000 1.0000 0.2123 0.0182 0.0016 0.0001 1.0000 1.0000
0.0902 1.0000 1.0000 0.0001 0.0015 0.0172 0.2009 1.0000 1.0000 0.0003 0.0031 0.0356 0.4146 1.0000 1.0000 0.0005 0.0063 0.0736 0.8572 1.0000 0.0001 0.0011 0.0131 0.1522 1.0000 1.0000 0.0002 0.0023 0.0270 0.3146 1.0000 1.0000 0.0004 0.0049 0.0571 0.6720 1.0000 0.0001 0.0009 0.0108 0.1287 1.0000 1.0000 0.0002 0.0021 0.0254 0.3105 1.0000 1.0000 0.0004 0.0019 0.0004 1.0000 1.0000 0.3219 0.0264 0.0022 0.0002 1.0000 1.0000 0.1287 0.0108 0.0009 0.0001 1.0000 0.6720 0.0571 0.0049 0.0004 1.0000 1.0000 0.3146 0.0270 0.0023 0.0002 1.0000 1.0000 0.1522 0.0131 0.0011 0.0001 1.0000 0.8572 0.0736 0.0063 0.0005 1.0000 1.0000 0.4146 0.0356 0.0031 0.0003 1.0000 1.0000 0.2009 0.0172 0.0015 0.0001 1.0000 1.0000 0.0902
0.0072 0.0900 1.0000 1.0000 0.0001 0.0014 0.0160 0.1862 1.0000 1.0000 0.0002 0.0028 0.0330 0.3849 1.0000 1.0000 0.0005 0.0059 0.0683 0.7960 1.0000 0.0001 0.0010 0.0121 0.1413 1.0000 1.0000 0.0002 0.0022 0.0251 0.2933 1.0000 1.0000 0.0004 0.0046 0.0540 0.6372 1.0000 0.0001 0.0009 0.0105 0.1249 1.0000 1.0000 0.0002 0.0021 0.0263 0.3275 1.0000 1.0000 0.0002 1.0000 1.0000 0.3338 0.0266 0.0022 0.0002 1.0000 1.0000 0.1249 0.0105 0.0009 0.0001 1.0000 0.6372 0.0540 0.0046 0.0004 1.0000 1.0000 0.2933 0.0251 0.0022 0.0002 1.0000 1.0000 0.1413 0.0121 0.0010 0.0001 1.0000 0.7960 0.0683 0.0059 0.0005 1.0000 1.0000 0.3849 0.0330 0.0028 0.0002 1.0000 1.0000 0.1862 0.0160 0.0014 0.0001 1.0000 1.0000 0.0900 0.0072
0.0006 0.0071 0.0831 0.9682 1.0000 0.0001 0.0013 0.0147 0.1719 1.0000 1.0000 0.0002 0.0026 0.0305 0.3554 1.0000 1.0000 0.0005 0.0054 0.0631 0.7348 1.0000 0.0001 0.0010 0.0112 0.1304 1.0000 1.0000 0.0002 0.0020 0.0233 0.2728 1.0000 1.0000 0.0004 0.0043 0.0512 0.6064 1.0000 0.0001 0.0008 0.0101 0.1216 1.0000 1.0000 0.0002 0.0021 0.0269 0.3177 1.0000 1.0000 1.0000 0.3164 0.0267 0.0022 0.0002 1.0000 1.0000 0.1195 0.0101 0.0008 0.0001 1.0000 0.6064 0.0512 0.0043 0.0004 1.0000 1.0000 0.2728 0.0233 0.0020 0.0002 1.0000 1.0000 0.1304 0.0112 0.0010 0.0001 1.0000 0.7348 0.0631 0.0054 0.0005 1.0000 1.0000 0.3554 0.0305 0.0026 0.0002 1.0000 1.0000 0.1719 0.0147 0.0013 0.0001 1.0000 0.9682 0.0831 0.0071 0.0006
