0.1667 0.2327 0.4098 0.4954 0.2580 0.1486 0.1848 0.3028 0.5034 0.4177 0.1617 0.1577 0.2287 0.4013 0.4987 0.2717 0.1486 0.1820 0.2959 0.4993 0.4269 0.1644 0.1563 0.2242 0.3919 0.5018 0.2861 0.1488 0.1793 0.2892 0.4942 0.4355 0.1676 0.1550 0.2199 0.3827 0.5045 0.3003 0.1491 0.1768 0.2827 0.4882 0.4437 0.1715 0.1539 0.2156 0.3735 0.5069 0.3190 0.1497 0.1527 0.1497 0.3190 0.5069 0.3735 0.2156 0.1539 0.1715 0.4437 0.4882 0.2827 0.1768 0.1491 0.3003 0.5045 0.3827 0.2199 0.1550 0.1676 0.4355 0.4942 0.2892 0.1793 0.1488 0.2861 0.5018 0.3919 0.2242 0.1563 0.1644 0.4269 0.4993 0.2959 0.1820 0.1486 0.2717 0.4987 0.4013 0.2287 0.1577 0.1617 0.4177 0.5034 0.3028 0.1848 0.1486 0.2580 0.4954 0.4098 0.2327 0.1667
0.2327 0.4118 0.4969 0.2609 0.1383 0.1773 0.2986 0.5044 0.4216 0.1536 0.1485 0.2226 0.3993 0.5008 0.2765 0.1384 0.1743 0.2915 0.5001 0.4306 0.1568 0.1470 0.2179 0.3897 0.5038 0.2911 0.1386 0.1715 0.2846 0.4948 0.4391 0.1606 0.1456 0.2134 0.3803 0.5064 0.3055 0.1390 0.1688 0.2779 0.4885 0.4471 0.1651 0.1443 0.2091 0.3710 0.5086 0.3203 0.1395 0.1608 0.2093 0.1608 0.1395 0.3203 0.5086 0.3710 0.2091 0.1443 0.1651 0.4471 0.4885 0.2779 0.1688 0.1390 0.3055 0.5064 0.3803 0.2134 0.1456 0.1606 0.4391 0.4948 0.2846 0.1715 0.1386 0.2911 0.5038 0.3897 0.2179 0.1470 0.1568 0.4306 0.5001 0.2915 0.1743 0.1384 0.2765 0.5008 0.3993 0.2226 0.1485 0.1536 0.4216 0.5044 0.2986 0.1773 0.1383 0.2609 0.4969 0.4118 0.2327
0.4098 0.4969 0.2653 0.1384 0.1755 0.2936 0.5013 0.4285 0.1560 0.1473 0.2189 0.3916 0.5031 0.2882 0.1386 0.1721 0.2860 0.4959 0.4373 0.1597 0.1459 0.2143 0.3821 0.5058 0.3026 0.1389 0.1694 0.2793 0.4898 0.4454 0.1641 0.1446 0.2100 0.3728 0.5081 0.3167 0.1394 0.1668 0.2728 0.4828 0.4531 0.1695 0.1434 0.2058 0.3637 0.5099 0.3305 0.1401 0.1633 0.2555 0.3717 0.2555 0.1633 0.1401 0.3305 0.5099 0.3637 0.2058 0.1434 0.1695 0.4531 0.4828 0.2728 0.1668 0.1394 0.3167 0.5081 0.3728 0.2100 0.1446 0.1641 0.4454 0.4898 0.2793 0.1694 0.1389 0.3026 0.5058 0.3821 0.2143 0.1459 0.1597 0.4373 0.4959 0.2860 0.1721 0.1386 0.2882 0.5031 0.3916 0.2189 0.1473 0.1560 0.4285 0.5013 0.2936 0.1755 0.1384 0.2653 0.4969 0.4098
0.4954 0.2609 0.1384 0.1748 0.2908 0.4987 0.4339 0.1585 0.1463 0.2155 0.3844 0.5053 0.2996 0.1388 0.1699 0.2806 0.4911 0.4438 0.1632 0.1448 0.2109 0.3747 0.5077 0.3139 0.1393 0.1673 0.2741 0.4843 0.4515 0.1683 0.1436 0.2066 0.3656 0.5096 0.3276 0.1399 0.1648 0.2677 0.4766 0.4588 0.1746 0.1424 0.2025 0.3566 0.5111 0.3410 0.1407 0.1623 0.2594 0.4537 0.5071 0.4537 0.2594 0.1623 0.1407 0.3410 0.5111 0.3566 0.2025 0.1424 0.1746 0.4588 0.4766 0.2677 0.1648 0.1399 0.3276 0.5096 0.3656 0.2066 0.1436 0.1683 0.4515 0.4843 0.2741 0.1673 0.1393 0.3139 0.5077 0.3747 0.2109 0.1448 0.1632 0.4438 0.4911 0.2806 0.1699 0.1388 0.2996 0.5053 0.3844 0.2155 0.1463 0.1585 0.4339 0.4987 0.2908 0.1748 0.1384 0.2609 0.4954
0.2580 0.1383 0.1755 0.2908 0.4977 0.4370 0.1604 0.1455 0.2126 0.3779 0.5071 0.3102 0.1392 0.1679 0.2754 0.4857 0.4500 0.1672 0.1438 0.2075 0.3674 0.5093 0.3249 0.1398 0.1653 0.2690 0.4782 0.4574 0.1732 0.1427 0.2034 0.3584 0.5108 0.3383 0.1406 0.1629 0.2628 0.4700 0.4642 0.1807 0.1416 0.1994 0.3497 0.5119 0.3512 0.1415 0.1606 0.2564 0.4581 0.4784 0.3417 0.4784 0.4581 0.2564 0.1606 0.1415 0.3512 0.5119 0.3497 0.1994 0.1416 0.1807 0.4642 0.4700 0.2628 0.1629 0.1406 0.3383 0.5108 0.3584 0.2034 0.1427 0.1732 0.4574 0.4782 0.2690 0.1653 0.1398 0.3249 0.5093 0.3674 0.2075 0.1438 0.1672 0.4500 0.4857 0.2754 0.1679 0.1392 0.3102 0.5071 0.3779 0.2126 0.1455 0.1604 0.4370 0.4977 0.2908 0.1755 0.1383 0.2580
0.1486 0.1773 0.2936 0.4987 0.4370 0.1612 0.1451 0.2106 0.3728 0.5084 0.3196 0.1396 0.1660 0.2706 0.4800 0.4558 0.1718 0.1429 0.2042 0.3603 0.5105 0.3356 0.1404 0.1634 0.2641 0.4717 0.4629 0.1790 0.1418 0.2002 0.3514 0.5117 0.3486 0.1413 0.1611 0.2580 0.4631 0.4693 0.1878 0.1408 0.1964 0.3428 0.5124 0.3611 0.1424 0.1589 0.2521 0.4534 0.4770 0.2187 0.1382 0.2187 0.4770 0.4534 0.2521 0.1589 0.1424 0.3611 0.5124 0.3428 0.1964 0.1408 0.1878 0.4693 0.4631 0.2580 0.1611 0.1413 0.3486 0.5117 0.3514 0.2002 0.1418 0.1790 0.4629 0.4717 0.2641 0.1634 0.1404 0.3356 0.5105 0.3603 0.2042 0.1429 0.1718 0.4558 0.4800 0.2706 0.1660 0.1396 0.3196 0.5084 0.3728 0.2106 0.1451 0.1612 0.4370 0.4987 0.2936 0.1773 0.1486
0.1848 0.2986 0.5013 0.4339 0.1604 0.1451 0.2099 0.3698 0.5092 0.3268 0.1400 0.1644 0.2663 0.4743 0.4610 0.1771 0.1421 0.2010 0.3532 0.5115 0.3460 0.1411 0.1616 0.2592 0.4649 0.4681 0.1859 0.1410 0.1971 0.3446 0.5123 0.3586 0.1422 0.1593 0.2534 0.4558 0.4741 0.1960 0.1402 0.1934 0.3362 0.5126 0.3706 0.1435 0.1572 0.2477 0.4464 0.4800 0.2117 0.1375 0.1559 0.1375 0.2117 0.4800 0.4464 0.2477 0.1572 0.1435 0.3706 0.5126 0.3362 0.1934 0.1402 0.1960 0.4741 0.4558 0.2534 0.1593 0.1422 0.3586 0.5123 0.3446 0.1971 0.1410 0.1859 0.4681 0.4649 0.2592 0.1616 0.1411 0.3460 0.5115 0.3532 0.2010 0.1421 0.1771 0.4610 0.4743 0.2663 0.1644 0.1400 0.3268 0.5092 0.3698 0.2099 0.1451 0.1604 0.4339 0.5013 0.2986 0.1848
0.3028 0.5044 0.4285 0.1585 0.1455 0.2106 0.3698 0.5095 0.3307 0.1403 0.1633 0.2628 0.4691 0.4655 0.1828 0.1413 0.1981 0.3466 0.5122 0.3559 0.1420 0.1598 0.2546 0.4577 0.4729 0.1938 0.1404 0.1941 0.3379 0.5126 0.3682 0.1432 0.1577 0.2488 0.4484 0.4786 0.2052 0.1396 0.1905 0.3296 0.5124 0.3798 0.1447 0.1556 0.2433 0.4388 0.4839 0.2187 0.1387 0.1800 0.2445 0.1800 0.1387 0.2187 0.4839 0.4388 0.2433 0.1556 0.1447 0.3798 0.5124 0.3296 0.1905 0.1396 0.2052 0.4786 0.4484 0.2488 0.1577 0.1432 0.3682 0.5126 0.3379 0.1941 0.1404 0.1938 0.4729 0.4577 0.2546 0.1598 0.1420 0.3559 0.5122 0.3466 0.1981 0.1413 0.1828 0.4655 0.4691 0.2628 0.1633 0.1403 0.3307 0.5095 0.3698 0.2106 0.1455 0.1585 0.4285 0.5044 0.3028
0.5034 0.4216 0.1560 0.1463 0.2126 0.3728 0.5092 0.3307 0.1404 0.1627 0.2605 0.4649 0.4690 0.1884 0.1407 0.1956 0.3406 0.5125 0.3652 0.1429 0.1581 0.2500 0.4503 0.4775 0.2028 0.1398 0.1913 0.3313 0.5125 0.3775 0.1443 0.1560 0.2444 0.4408 0.4828 0.2153 0.1392 0.1878 0.3233 0.5118 0.3887 0.1460 0.1541 0.2390 0.4311 0.4877 0.2290 0.1387 0.1831 0.3028 0.4405 0.3028 0.1831 0.1387 0.2290 0.4877 0.4311 0.2390 0.1541 0.1460 0.3887 0.5118 0.3233 0.1878 0.1392 0.2153 0.4828 0.4408 0.2444 0.1560 0.1443 0.3775 0.5125 0.3313 0.1913 0.1398 0.2028 0.4775 0.4503 0.2500 0.1581 0.1429 0.3652 0.5125 0.3406 0.1956 0.1407 0.1884 0.4690 0.4649 0.2605 0.1627 0.1404 0.3307 0.5092 0.3728 0.2126 0.1463 0.1560 0.4216 0.5034
0.4177 0.1536 0.1473 0.2155 0.3779 0.5084 0.3268 0.1403 0.1627 0.2597 0.4627 0.4712 0.1930 0.1403 0.1934 0.3353 0.5126 0.3735 0.1439 0.1566 0.2457 0.4429 0.4817 0.2126 0.1393 0.1885 0.3249 0.5120 0.3864 0.1456 0.1545 0.2401 0.4331 0.4868 0.2260 0.1388 0.1851 0.3170 0.5108 0.3972 0.1475 0.1527 0.2348 0.4234 0.4913 0.2402 0.1385 0.1816 0.3069 0.5027 0.4847 0.5027 0.3069 0.1816 0.1385 0.2402 0.4913 0.4234 0.2348 0.1527 0.1475 0.3972 0.5108 0.3170 0.1851 0.1388 0.2260 0.4868 0.4331 0.2401 0.1545 0.1456 0.3864 0.5120 0.3249 0.1885 0.1393 0.2126 0.4817 0.4429 0.2457 0.1566 0.1439 0.3735 0.5126 0.3353 0.1934 0.1403 0.1930 0.4712 0.4627 0.2597 0.1627 0.1403 0.3268 0.5084 0.3779 0.2155 0.1473 0.1536 0.4177
0.1617 0.1485 0.2189 0.3844 0.5071 0.3196 0.1400 0.1633 0.2605 0.4627 0.4720 0.1955 0.1400 0.1918 0.3310 0.5124 0.3806 0.1449 0.1552 0.2418 0.4358 0.4856 0.2229 0.1389 0.1858 0.3186 0.5111 0.3950 0.1471 0.1530 0.2359 0.4254 0.4904 0.2372 0.1386 0.1825 0.3109 0.5093 0.4054 0.1492 0.1513 0.2308 0.4156 0.4946 0.2517 0.1384 0.1793 0.3030 0.5053 0.4298 0.2416 0.4298 0.5053 0.3030 0.1793 0.1384 0.2517 0.4946 0.4156 0.2308 0.1513 0.1492 0.4054 0.5093 0.3109 0.1825 0.1386 0.2372 0.4904 0.4254 0.2359 0.1530 0.1471 0.3950 0.5111 0.3186 0.1858 0.1389 0.2229 0.4856 0.4358 0.2418 0.1552 0.1449 0.3806 0.5124 0.3310 0.1918 0.1400 0.1955 0.4720 0.4627 0.2605 0.1633 0.1400 0.3196 0.5071 0.3844 0.2189 0.1485 0.1617
0.1577 0.2226 0.3916 0.5053 0.3102 0.1396 0.1644 0.2628 0.4649 0.4712 0.1955 0.1400 0.1910 0.3283 0.5122 0.3862 0.1459 0.1541 0.2384 0.4293 0.4889 0.2329 0.1386 0.1832 0.3126 0.5097 0.4033 0.1488 0.1516 0.2318 0.4176 0.4938 0.2487 0.1384 0.1800 0.3050 0.5072 0.4132 0.1511 0.1499 0.2269 0.4079 0.4976 0.2634 0.1383 0.1769 0.2977 0.5035 0.4255 0.1587 0.1360 0.1587 0.4255 0.5035 0.2977 0.1769 0.1383 0.2634 0.4976 0.4079 0.2269 0.1499 0.1511 0.4132 0.5072 0.3050 0.1800 0.1384 0.2487 0.4938 0.4176 0.2318 0.1516 0.1488 0.4033 0.5097 0.3126 0.1832 0.1386 0.2329 0.4889 0.4293 0.2384 0.1541 0.1459 0.3862 0.5122 0.3283 0.1910 0.1400 0.1955 0.4712 0.4649 0.2628 0.1644 0.1396 0.3102 0.5053 0.3916 0.2226 0.1577
0.2287 0.3993 0.5031 0.2996 0.1392 0.1660 0.2663 0.4691 0.4690 0.1930 0.1400 0.1910 0.3274 0.5120 0.3897 0.1466 0.1532 0.2355 0.4235 0.4916 0.2424 0.1385 0.1810 0.3070 0.5079 0.4111 0.1506 0.1503 0.2279 0.4098 0.4969 0.2604 0.1383 0.1775 0.2992 0.5046 0.4207 0.1533 0.1487 0.2230 0.4001 0.5004 0.2752 0.1384 0.1746 0.2921 0.5004 0.4303 0.1574 0.1436 0.1735 0.1436 0.1574 0.4303 0.5004 0.2921 0.1746 0.1384 0.2752 0.5004 0.4001 0.2230 0.1487 0.1533 0.4207 0.5046 0.2992 0.1775 0.1383 0.2604 0.4969 0.4098 0.2279 0.1503 0.1506 0.4111 0.5079 0.3070 0.1810 0.1385 0.2424 0.4916 0.4235 0.2355 0.1532 0.1466 0.3897 0.5120 0.3274 0.1910 0.1400 0.1930 0.4690 0.4691 0.2663 0.1660 0.1392 0.2996 0.5031 0.3993 0.2287
0.4013 0.5008 0.2882 0.1388 0.1679 0.2706 0.4743 0.4655 0.1884 0.1403 0.1918 0.3283 0.5120 0.3909 0.1470 0.1526 0.2335 0.4188 0.4939 0.2509 0.1384 0.1790 0.3021 0.5057 0.4182 0.1526 0.1490 0.2240 0.4021 0.4997 0.2722 0.1384 0.1752 0.2935 0.5014 0.4279 0.1558 0.1475 0.2193 0.3925 0.5029 0.2868 0.1385 0.1723 0.2866 0.4964 0.4366 0.1596 0.1454 0.2060 0.2900 0.2060 0.1454 0.1596 0.4366 0.4964 0.2866 0.1723 0.1385 0.2868 0.5029 0.3925 0.2193 0.1475 0.1558 0.4279 0.5014 0.2935 0.1752 0.1384 0.2722 0.4997 0.4021 0.2240 0.1490 0.1526 0.4182 0.5057 0.3021 0.1790 0.1384 0.2509 0.4939 0.4188 0.2335 0.1526 0.1470 0.3909 0.5120 0.3283 0.1918 0.1403 0.1884 0.4655 0.4743 0.2706 0.1679 0.1388 0.2882 0.5008 0.4013
0.4987 0.2765 0.1386 0.1699 0.2754 0.4800 0.4610 0.1828 0.1407 0.1934 0.3310 0.5122 0.3897 0.1470 0.1524 0.2324 0.4159 0.4955 0.2578 0.1383 0.1772 0.2977 0.5034 0.4244 0.1547 0.1479 0.2205 0.3947 0.5022 0.2839 0.1385 0.1729 0.2880 0.4975 0.4348 0.1586 0.1463 0.2157 0.3849 0.5051 0.2984 0.1388 0.1702 0.2812 0.4917 0.4431 0.1628 0.1448 0.2096 0.3611 0.4965 0.3611 0.2096 0.1448 0.1628 0.4431 0.4917 0.2812 0.1702 0.1388 0.2984 0.5051 0.3849 0.2157 0.1463 0.1586 0.4348 0.4975 0.2880 0.1729 0.1385 0.2839 0.5022 0.3947 0.2205 0.1479 0.1547 0.4244 0.5034 0.2977 0.1772 0.1383 0.2578 0.4955 0.4159 0.2324 0.1524 0.1470 0.3897 0.5122 0.3310 0.1934 0.1407 0.1828 0.4610 0.4800 0.2754 0.1699 0.1386 0.2765 0.4987
0.2717 0.1384 0.1721 0.2806 0.4857 0.4558 0.1771 0.1413 0.1956 0.3353 0.5124 0.3862 0.1466 0.1526 0.2324 0.4149 0.4962 0.2623 0.1383 0.1759 0.2939 0.5011 0.4296 0.1567 0.1469 0.2174 0.3880 0.5044 0.2951 0.1387 0.1707 0.2826 0.4929 0.4414 0.1618 0.1452 0.2121 0.3775 0.5070 0.3097 0.1391 0.1681 0.2760 0.4864 0.4493 0.1667 0.1439 0.2075 0.3652 0.5098 0.4415 0.5098 0.3652 0.2075 0.1439 0.1667 0.4493 0.4864 0.2760 0.1681 0.1391 0.3097 0.5070 0.3775 0.2121 0.1452 0.1618 0.4414 0.4929 0.2826 0.1707 0.1387 0.2951 0.5044 0.3880 0.2174 0.1469 0.1567 0.4296 0.5011 0.2939 0.1759 0.1383 0.2623 0.4962 0.4149 0.2324 0.1526 0.1466 0.3862 0.5124 0.3353 0.1956 0.1413 0.1771 0.4558 0.4857 0.2806 0.1721 0.1384 0.2717
0.1486 0.1743 0.2860 0.4911 0.4500 0.1718 0.1421 0.1981 0.3406 0.5126 0.3806 0.1459 0.1532 0.2335 0.4159 0.4962 0.2638 0.1383 0.1750 0.2913 0.4989 0.4339 0.1587 0.1461 0.2146 0.3819 0.5061 0.3051 0.1390 0.1687 0.2774 0.4878 0.4477 0.1656 0.1442 0.2087 0.3701 0.5087 0.3208 0.1396 0.1661 0.2709 0.4805 0.4552 0.1713 0.1430 0.2045 0.3605 0.5105 0.3559 0.1645 0.3559 0.5105 0.3605 0.2045 0.1430 0.1713 0.4552 0.4805 0.2709 0.1661 0.1396 0.3208 0.5087 0.3701 0.2087 0.1442 0.1656 0.4477 0.4878 0.2774 0.1687 0.1390 0.3051 0.5061 0.3819 0.2146 0.1461 0.1587 0.4339 0.4989 0.2913 0.1750 0.1383 0.2638 0.4962 0.4159 0.2335 0.1532 0.1459 0.3806 0.5126 0.3406 0.1981 0.1421 0.1718 0.4500 0.4911 0.2860 0.1743 0.1486
0.1820 0.2915 0.4959 0.4438 0.1672 0.1429 0.2010 0.3466 0.5125 0.3735 0.1449 0.1541 0.2355 0.4188 0.4955 0.2623 0.1383 0.1747 0.2899 0.4974 0.4371 0.1604 0.1454 0.2122 0.3764 0.5075 0.3140 0.1393 0.1669 0.2726 0.4824 0.4535 0.1700 0.1432 0.2054 0.3629 0.5101 0.3316 0.1402 0.1641 0.2659 0.4742 0.4609 0.1767 0.1421 0.2014 0.3540 0.5114 0.3489 0.1418 0.1407 0.1418 0.3489 0.5114 0.3540 0.2014 0.1421 0.1767 0.4609 0.4742 0.2659 0.1641 0.1402 0.3316 0.5101 0.3629 0.2054 0.1432 0.1700 0.4535 0.4824 0.2726 0.1669 0.1393 0.3140 0.5075 0.3764 0.2122 0.1454 0.1604 0.4371 0.4974 0.2899 0.1747 0.1383 0.2623 0.4955 0.4188 0.2355 0.1541 0.1449 0.3735 0.5125 0.3466 0.2010 0.1429 0.1672 0.4438 0.4959 0.2915 0.1820
0.2959 0.5001 0.4373 0.1632 0.1438 0.2042 0.3532 0.5122 0.3652 0.1439 0.1552 0.2384 0.4235 0.4939 0.2578 0.1383 0.1750 0.2899 0.4969 0.4387 0.1617 0.1450 0.2103 0.3719 0.5086 0.3220 0.1397 0.1653 0.2684 0.4770 0.4587 0.1748 0.1424 0.2022 0.3558 0.5112 0.3421 0.1408 0.1622 0.2610 0.4674 0.4662 0.1832 0.1413 0.1983 0.3471 0.5121 0.3556 0.1420 0.1550 0.1977 0.1550 0.1420 0.3556 0.5121 0.3471 0.1983 0.1413 0.1832 0.4662 0.4674 0.2610 0.1622 0.1408 0.3421 0.5112 0.3558 0.2022 0.1424 0.1748 0.4587 0.4770 0.2684 0.1653 0.1397 0.3220 0.5086 0.3719 0.2103 0.1450 0.1617 0.4387 0.4969 0.2899 0.1750 0.1383 0.2578 0.4939 0.4235 0.2384 0.1552 0.1439 0.3652 0.5122 0.3532 0.2042 0.1438 0.1632 0.4373 0.5001 0.2959
0.4993 0.4306 0.1597 0.1448 0.2075 0.3603 0.5115 0.3559 0.1429 0.1566 0.2418 0.4293 0.4916 0.2509 0.1383 0.1759 0.2913 0.4974 0.4387 0.1621 0.1447 0.2091 0.3686 0.5094 0.3286 0.1401 0.1640 0.2647 0.4718 0.4633 0.1800 0.1416 0.1993 0.3491 0.5120 0.3523 0.1416 0.1604 0.2563 0.4604 0.4712 0.1907 0.1406 0.1952 0.3403 0.5125 0.3647 0.1428 0.1573 0.2401 0.3469 0.2401 0.1573 0.1428 0.3647 0.5125 0.3403 0.1952 0.1406 0.1907 0.4712 0.4604 0.2563 0.1604 0.1416 0.3523 0.5120 0.3491 0.1993 0.1416 0.1800 0.4633 0.4718 0.2647 0.1640 0.1401 0.3286 0.5094 0.3686 0.2091 0.1447 0.1621 0.4387 0.4974 0.2913 0.1759 0.1383 0.2509 0.4916 0.4293 0.2418 0.1566 0.1429 0.3559 0.5115 0.3603 0.2075 0.1448 0.1597 0.4306 0.4993
0.4269 0.1568 0.1459 0.2109 0.3674 0.5105 0.3460 0.1420 0.1581 0.2457 0.4358 0.4889 0.2424 0.1384 0.1772 0.2939 0.4989 0.4371 0.1617 0.1447 0.2087 0.3670 0.5099 0.3332 0.1404 0.1629 0.2617 0.4671 0.4672 0.1854 0.1410 0.1967 0.3431 0.5124 0.3619 0.1425 0.1587 0.2517 0.4531 0.4758 0.1993 0.1400 0.1923 0.3337 0.5125 0.3741 0.1439 0.1565 0.2440 0.4282 0.5102 0.4282 0.2440 0.1565 0.1439 0.3741 0.5125 0.3337 0.1923 0.1400 0.1993 0.4758 0.4531 0.2517 0.1587 0.1425 0.3619 0.5124 0.3431 0.1967 0.1410 0.1854 0.4672 0.4671 0.2617 0.1629 0.1404 0.3332 0.5099 0.3670 0.2087 0.1447 0.1617 0.4371 0.4989 0.2939 0.1772 0.1384 0.2424 0.4889 0.4358 0.2457 0.1581 0.1420 0.3460 0.5105 0.3674 0.2109 0.1459 0.1568 0.4269
0.1644 0.1470 0.2143 0.3747 0.5093 0.3356 0.1411 0.1598 0.2500 0.4429 0.4856 0.2329 0.1385 0.1790 0.2977 0.5011 0.4339 0.1604 0.1450 0.2091 0.3670 0.5100 0.3355 0.1407 0.1621 0.2593 0.4632 0.4703 0.1907 0.1405 0.1945 0.3378 0.5126 0.3703 0.1435 0.1571 0.2473 0.4457 0.4802 0.2089 0.1395 0.1895 0.3273 0.5122 0.3831 0.1451 0.1550 0.2413 0.4327 0.4910 0.3742 0.4910 0.4327 0.2413 0.1550 0.1451 0.3831 0.5122 0.3273 0.1895 0.1395 0.2089 0.4802 0.4457 0.2473 0.1571 0.1435 0.3703 0.5126 0.3378 0.1945 0.1405 0.1907 0.4703 0.4632 0.2593 0.1621 0.1407 0.3355 0.5100 0.3670 0.2091 0.1450 0.1604 0.4339 0.5011 0.2977 0.1790 0.1385 0.2329 0.4856 0.4429 0.2500 0.1598 0.1411 0.3356 0.5093 0.3747 0.2143 0.1470 0.1644
0.1563 0.2179 0.3821 0.5077 0.3249 0.1404 0.1616 0.2546 0.4503 0.4817 0.2229 0.1386 0.1810 0.3021 0.5034 0.4296 0.1587 0.1454 0.2103 0.3686 0.5099 0.3355 0.1407 0.1617 0.2578 0.4603 0.4726 0.1954 0.1401 0.1925 0.3330 0.5125 0.3776 0.1445 0.1557 0.2432 0.4384 0.4842 0.2191 0.1390 0.1868 0.3209 0.5115 0.3919 0.1465 0.1536 0.2374 0.4276 0.4903 0.2571 0.1417 0.2571 0.4903 0.4276 0.2374 0.1536 0.1465 0.3919 0.5115 0.3209 0.1868 0.1390 0.2191 0.4842 0.4384 0.2432 0.1557 0.1445 0.3776 0.5125 0.3330 0.1925 0.1401 0.1954 0.4726 0.4603 0.2578 0.1617 0.1407 0.3355 0.5099 0.3686 0.2103 0.1454 0.1587 0.4296 0.5034 0.3021 0.1810 0.1386 0.2229 0.4817 0.4503 0.2546 0.1616 0.1404 0.3249 0.5077 0.3821 0.2179 0.1563
0.2242 0.3897 0.5058 0.3139 0.1398 0.1634 0.2592 0.4577 0.4775 0.2126 0.1389 0.1832 0.3070 0.5057 0.4244 0.1567 0.1461 0.2122 0.3719 0.5094 0.3332 0.1407 0.1617 0.2573 0.4588 0.4741 0.1989 0.1398 0.1909 0.3290 0.5123 0.3839 0.1455 0.1545 0.2397 0.4316 0.4877 0.2292 0.1387 0.1841 0.3148 0.5103 0.4003 0.1481 0.1521 0.2333 0.4204 0.4927 0.2491 0.1372 0.1507 0.1372 0.2491 0.4927 0.4204 0.2333 0.1521 0.1481 0.4003 0.5103 0.3148 0.1841 0.1387 0.2292 0.4877 0.4316 0.2397 0.1545 0.1455 0.3839 0.5123 0.3290 0.1909 0.1398 0.1989 0.4741 0.4588 0.2573 0.1617 0.1407 0.3332 0.5094 0.3719 0.2122 0.1461 0.1567 0.4244 0.5057 0.3070 0.1832 0.1389 0.2126 0.4775 0.4577 0.2592 0.1634 0.1398 0.3139 0.5058 0.3897 0.2242
0.3919 0.5038 0.3026 0.1393 0.1653 0.2641 0.4649 0.4729 0.2028 0.1393 0.1858 0.3126 0.5079 0.4182 0.1547 0.1469 0.2146 0.3764 0.5086 0.3286 0.1404 0.1621 0.2578 0.4588 0.4746 0.2008 0.1397 0.1898 0.3259 0.5119 0.3891 0.1464 0.1535 0.2365 0.4255 0.4907 0.2389 0.1385 0.1817 0.3089 0.5086 0.4083 0.1499 0.1508 0.2293 0.4127 0.4958 0.2569 0.1381 0.1720 0.2299 0.1720 0.1381 0.2569 0.4958 0.4127 0.2293 0.1508 0.1499 0.4083 0.5086 0.3089 0.1817 0.1385 0.2389 0.4907 0.4255 0.2365 0.1535 0.1464 0.3891 0.5119 0.3259 0.1898 0.1397 0.2008 0.4746 0.4588 0.2578 0.1621 0.1404 0.3286 0.5086 0.3764 0.2146 0.1469 0.1547 0.4182 0.5079 0.3126 0.1858 0.1393 0.2028 0.4729 0.4649 0.2641 0.1653 0.1393 0.3026 0.5038 0.3919
0.5018 0.2911 0.1389 0.1673 0.2690 0.4717 0.4681 0.1938 0.1398 0.1885 0.3186 0.5097 0.4111 0.1526 0.1479 0.2174 0.3819 0.5075 0.3220 0.1401 0.1629 0.2593 0.4603 0.4741 0.2008 0.1396 0.1892 0.3241 0.5116 0.3931 0.1472 0.1527 0.2340 0.4202 0.4932 0.2480 0.1384 0.1796 0.3037 0.5065 0.4158 0.1519 0.1494 0.2254 0.4050 0.4987 0.2679 0.1383 0.1748 0.2836 0.4141 0.2836 0.1748 0.1383 0.2679 0.4987 0.4050 0.2254 0.1494 0.1519 0.4158 0.5065 0.3037 0.1796 0.1384 0.2480 0.4932 0.4202 0.2340 0.1527 0.1472 0.3931 0.5116 0.3241 0.1892 0.1396 0.2008 0.4741 0.4603 0.2593 0.1629 0.1401 0.3220 0.5075 0.3819 0.2174 0.1479 0.1526 0.4111 0.5097 0.3186 0.1885 0.1398 0.1938 0.4681 0.4717 0.2690 0.1673 0.1389 0.2911 0.5018
0.2861 0.1386 0.1694 0.2741 0.4782 0.4629 0.1859 0.1404 0.1913 0.3249 0.5111 0.4033 0.1506 0.1490 0.2205 0.3880 0.5061 0.3140 0.1397 0.1640 0.2617 0.4632 0.4726 0.1989 0.1397 0.1892 0.3235 0.5115 0.3955 0.1478 0.1520 0.2319 0.4159 0.4952 0.2560 0.1383 0.1778 0.2991 0.5042 0.4224 0.1540 0.1482 0.2217 0.3973 0.5013 0.2795 0.1384 0.1735 0.2877 0.4890 0.4956 0.4890 0.2877 0.1735 0.1384 0.2795 0.5013 0.3973 0.2217 0.1482 0.1540 0.4224 0.5042 0.2991 0.1778 0.1383 0.2560 0.4952 0.4159 0.2319 0.1520 0.1478 0.3955 0.5115 0.3235 0.1892 0.1397 0.1989 0.4726 0.4632 0.2617 0.1640 0.1397 0.3140 0.5061 0.3880 0.2205 0.1490 0.1506 0.4033 0.5111 0.3249 0.1913 0.1404 0.1859 0.4629 0.4782 0.2741 0.1694 0.1386 0.2861
0.1488 0.1715 0.2793 0.4843 0.4574 0.1790 0.1410 0.1941 0.3313 0.5120 0.3950 0.1488 0.1503 0.2240 0.3947 0.5044 0.3051 0.1393 0.1653 0.2647 0.4671 0.4703 0.1954 0.1398 0.1898 0.3241 0.5115 0.3963 0.1481 0.1516 0.2305 0.4126 0.4967 0.2626 0.1383 0.1762 0.2950 0.5018 0.4280 0.1561 0.1472 0.2182 0.3900 0.5037 0.2910 0.1386 0.1715 0.2841 0.4925 0.4510 0.2810 0.4510 0.4925 0.2841 0.1715 0.1386 0.2910 0.5037 0.3900 0.2182 0.1472 0.1561 0.4280 0.5018 0.2950 0.1762 0.1383 0.2626 0.4967 0.4126 0.2305 0.1516 0.1481 0.3963 0.5115 0.3241 0.1898 0.1398 0.1954 0.4703 0.4671 0.2647 0.1653 0.1393 0.3051 0.5044 0.3947 0.2240 0.1503 0.1488 0.3950 0.5120 0.3313 0.1941 0.1410 0.1790 0.4574 0.4843 0.2793 0.1715 0.1488
0.1793 0.2846 0.4898 0.4515 0.1732 0.1418 0.1971 0.3379 0.5125 0.3864 0.1471 0.1516 0.2279 0.4021 0.5022 0.2951 0.1390 0.1669 0.2684 0.4718 0.4672 0.1907 0.1401 0.1909 0.3259 0.5116 0.3955 0.1481 0.1515 0.2298 0.4105 0.4977 0.2675 0.1384 0.1749 0.2915 0.4993 0.4329 0.1582 0.1463 0.2152 0.3833 0.5056 0.3020 0.1389 0.1694 0.2792 0.4893 0.4479 0.1730 0.1359 0.1730 0.4479 0.4893 0.2792 0.1694 0.1389 0.3020 0.5056 0.3833 0.2152 0.1463 0.1582 0.4329 0.4993 0.2915 0.1749 0.1384 0.2675 0.4977 0.4105 0.2298 0.1515 0.1481 0.3955 0.5116 0.3259 0.1909 0.1401 0.1907 0.4672 0.4718 0.2684 0.1669 0.1390 0.2951 0.5022 0.4021 0.2279 0.1516 0.1471 0.3864 0.5125 0.3379 0.1971 0.1418 0.1732 0.4515 0.4898 0.2846 0.1793
0.2892 0.4948 0.4454 0.1683 0.1427 0.2002 0.3446 0.5126 0.3775 0.1456 0.1530 0.2318 0.4098 0.4997 0.2839 0.1387 0.1687 0.2726 0.4770 0.4633 0.1854 0.1405 0.1925 0.3290 0.5119 0.3931 0.1478 0.1516 0.2298 0.4098 0.4982 0.2706 0.1384 0.1739 0.2888 0.4971 0.4370 0.1602 0.1455 0.2126 0.3774 0.5072 0.3119 0.1392 0.1675 0.2742 0.4843 0.4520 0.1700 0.1406 0.1661 0.1406 0.1700 0.4520 0.4843 0.2742 0.1675 0.1392 0.3119 0.5072 0.3774 0.2126 0.1455 0.1602 0.4370 0.4971 0.2888 0.1739 0.1384 0.2706 0.4982 0.4098 0.2298 0.1516 0.1478 0.3931 0.5119 0.3290 0.1925 0.1405 0.1854 0.4633 0.4770 0.2726 0.1687 0.1387 0.2839 0.4997 0.4098 0.2318 0.1530 0.1456 0.3775 0.5126 0.3446 0.2002 0.1427 0.1683 0.4454 0.4948 0.2892
0.4942 0.4391 0.1641 0.1436 0.2034 0.3514 0.5123 0.3682 0.1443 0.1545 0.2359 0.4176 0.4969 0.2722 0.1385 0.1707 0.2774 0.4824 0.4587 0.1800 0.1410 0.1945 0.3330 0.5123 0.3891 0.1472 0.1520 0.2305 0.4105 0.4982 0.2717 0.1384 0.1733 0.2870 0.4953 0.4401 0.1620 0.1449 0.2104 0.3723 0.5085 0.3207 0.1396 0.1657 0.2697 0.4787 0.4572 0.1735 0.1421 0.1953 0.2715 0.1953 0.1421 0.1735 0.4572 0.4787 0.2697 0.1657 0.1396 0.3207 0.5085 0.3723 0.2104 0.1449 0.1620 0.4401 0.4953 0.2870 0.1733 0.1384 0.2717 0.4982 0.4105 0.2305 0.1520 0.1472 0.3891 0.5123 0.3330 0.1945 0.1410 0.1800 0.4587 0.4824 0.2774 0.1707 0.1385 0.2722 0.4969 0.4176 0.2359 0.1545 0.1443 0.3682 0.5123 0.3514 0.2034 0.1436 0.1641 0.4391 0.4942
0.4355 0.1606 0.1446 0.2066 0.3584 0.5117 0.3586 0.1432 0.1560 0.2401 0.4254 0.4938 0.2604 0.1384 0.1729 0.2826 0.4878 0.4535 0.1748 0.1416 0.1967 0.3378 0.5125 0.3839 0.1464 0.1527 0.2319 0.4126 0.4977 0.2706 0.1384 0.1731 0.2860 0.4940 0.4423 0.1635 0.1444 0.2086 0.3682 0.5094 0.3281 0.1400 0.1642 0.2656 0.4732 0.4621 0.1785 0.1417 0.1987 0.3378 0.4795 0.3378 0.1987 0.1417 0.1785 0.4621 0.4732 0.2656 0.1642 0.1400 0.3281 0.5094 0.3682 0.2086 0.1444 0.1635 0.4423 0.4940 0.2860 0.1731 0.1384 0.2706 0.4977 0.4126 0.2319 0.1527 0.1464 0.3839 0.5125 0.3378 0.1967 0.1416 0.1748 0.4535 0.4878 0.2826 0.1729 0.1384 0.2604 0.4938 0.4254 0.2401 0.1560 0.1432 0.3586 0.5117 0.3584 0.2066 0.1446 0.1606 0.4355
0.1676 0.1456 0.2100 0.3656 0.5108 0.3486 0.1422 0.1577 0.2444 0.4331 0.4904 0.2487 0.1383 0.1752 0.2880 0.4929 0.4477 0.1700 0.1424 0.1993 0.3431 0.5126 0.3776 0.1455 0.1535 0.2340 0.4159 0.4967 0.2675 0.1384 0.1733 0.2860 0.4936 0.4435 0.1645 0.1441 0.2073 0.3648 0.5101 0.3342 0.1405 0.1629 0.2620 0.4679 0.4664 0.1842 0.1411 0.1971 0.3421 0.5110 0.4604 0.5110 0.3421 0.1971 0.1411 0.1842 0.4664 0.4679 0.2620 0.1629 0.1405 0.3342 0.5101 0.3648 0.2073 0.1441 0.1645 0.4435 0.4936 0.2860 0.1733 0.1384 0.2675 0.4967 0.4159 0.2340 0.1535 0.1455 0.3776 0.5126 0.3431 0.1993 0.1424 0.1700 0.4477 0.4929 0.2880 0.1752 0.1383 0.2487 0.4904 0.4331 0.2444 0.1577 0.1422 0.3486 0.5108 0.3656 0.2100 0.1456 0.1676
0.1550 0.2134 0.3728 0.5096 0.3383 0.1413 0.1593 0.2488 0.4408 0.4868 0.2372 0.1384 0.1775 0.2935 0.4975 0.4414 0.1656 0.1432 0.2022 0.3491 0.5124 0.3703 0.1445 0.1545 0.2365 0.4202 0.4952 0.2626 0.1384 0.1739 0.2870 0.4940 0.4435 0.1649 0.1439 0.2064 0.3624 0.5106 0.3391 0.1408 0.1618 0.2589 0.4631 0.4701 0.1901 0.1406 0.1948 0.3384 0.5123 0.3867 0.1849 0.3867 0.5123 0.3384 0.1948 0.1406 0.1901 0.4701 0.4631 0.2589 0.1618 0.1408 0.3391 0.5106 0.3624 0.2064 0.1439 0.1649 0.4435 0.4940 0.2870 0.1739 0.1384 0.2626 0.4952 0.4202 0.2365 0.1545 0.1445 0.3703 0.5124 0.3491 0.2022 0.1432 0.1656 0.4414 0.4975 0.2935 0.1775 0.1384 0.2372 0.4868 0.4408 0.2488 0.1593 0.1413 0.3383 0.5096 0.3728 0.2134 0.1550
0.2199 0.3803 0.5081 0.3276 0.1406 0.1611 0.2534 0.4484 0.4828 0.2260 0.1386 0.1800 0.2992 0.5014 0.4348 0.1618 0.1442 0.2054 0.3558 0.5120 0.3619 0.1435 0.1557 0.2397 0.4255 0.4932 0.2560 0.1383 0.1749 0.2888 0.4953 0.4423 0.1645 0.1439 0.2061 0.3612 0.5109 0.3426 0.1411 0.1610 0.2565 0.4590 0.4732 0.1958 0.1401 0.1926 0.3335 0.5125 0.3796 0.1460 0.1383 0.1460 0.3796 0.5125 0.3335 0.1926 0.1401 0.1958 0.4732 0.4590 0.2565 0.1610 0.1411 0.3426 0.5109 0.3612 0.2061 0.1439 0.1645 0.4423 0.4953 0.2888 0.1749 0.1383 0.2560 0.4932 0.4255 0.2397 0.1557 0.1435 0.3619 0.5120 0.3558 0.2054 0.1442 0.1618 0.4348 0.5014 0.2992 0.1800 0.1386 0.2260 0.4828 0.4484 0.2534 0.1611 0.1406 0.3276 0.5081 0.3803 0.2199
0.3827 0.5064 0.3167 0.1399 0.1629 0.2580 0.4558 0.4786 0.2153 0.1388 0.1825 0.3050 0.5046 0.4279 0.1586 0.1452 0.2087 0.3629 0.5112 0.3523 0.1425 0.1571 0.2432 0.4316 0.4907 0.2480 0.1383 0.1762 0.2915 0.4971 0.4401 0.1635 0.1441 0.2064 0.3612 0.5110 0.3444 0.1413 0.1604 0.2546 0.4556 0.4756 0.2009 0.1398 0.1907 0.3289 0.5123 0.3839 0.1456 0.1504 0.1882 0.1504 0.1456 0.3839 0.5123 0.3289 0.1907 0.1398 0.2009 0.4756 0.4556 0.2546 0.1604 0.1413 0.3444 0.5110 0.3612 0.2064 0.1441 0.1635 0.4401 0.4971 0.2915 0.1762 0.1383 0.2480 0.4907 0.4316 0.2432 0.1571 0.1425 0.3523 0.5112 0.3629 0.2087 0.1452 0.1586 0.4279 0.5046 0.3050 0.1825 0.1388 0.2153 0.4786 0.4558 0.2580 0.1629 0.1399 0.3167 0.5064 0.3827
0.5045 0.3055 0.1394 0.1648 0.2628 0.4631 0.4741 0.2052 0.1392 0.1851 0.3109 0.5072 0.4207 0.1558 0.1463 0.2121 0.3701 0.5101 0.3421 0.1416 0.1587 0.2473 0.4384 0.4877 0.2389 0.1384 0.1778 0.2950 0.4993 0.4370 0.1620 0.1444 0.2073 0.3624 0.5109 0.3444 0.1414 0.1601 0.2534 0.4531 0.4774 0.2054 0.1395 0.1891 0.3249 0.5118 0.3895 0.1464 0.1527 0.2274 0.3257 0.2274 0.1527 0.1464 0.3895 0.5118 0.3249 0.1891 0.1395 0.2054 0.4774 0.4531 0.2534 0.1601 0.1414 0.3444 0.5109 0.3624 0.2073 0.1444 0.1620 0.4370 0.4993 0.2950 0.1778 0.1384 0.2389 0.4877 0.4384 0.2473 0.1587 0.1416 0.3421 0.5101 0.3701 0.2121 0.1463 0.1558 0.4207 0.5072 0.3109 0.1851 0.1392 0.2052 0.4741 0.4631 0.2628 0.1648 0.1394 0.3055 0.5045
0.3003 0.1390 0.1668 0.2677 0.4700 0.4693 0.1960 0.1396 0.1878 0.3170 0.5093 0.4132 0.1533 0.1475 0.2157 0.3775 0.5087 0.3316 0.1408 0.1604 0.2517 0.4457 0.4842 0.2292 0.1385 0.1796 0.2991 0.5018 0.4329 0.1602 0.1449 0.2086 0.3648 0.5106 0.3426 0.1413 0.1601 0.2530 0.4518 0.4785 0.2087 0.1393 0.1878 0.3216 0.5113 0.3948 0.1474 0.1524 0.2320 0.4054 0.5097 0.4054 0.2320 0.1524 0.1474 0.3948 0.5113 0.3216 0.1878 0.1393 0.2087 0.4785 0.4518 0.2530 0.1601 0.1413 0.3426 0.5106 0.3648 0.2086 0.1449 0.1602 0.4329 0.5018 0.2991 0.1796 0.1385 0.2292 0.4842 0.4457 0.2517 0.1604 0.1408 0.3316 0.5087 0.3775 0.2157 0.1475 0.1533 0.4132 0.5093 0.3170 0.1878 0.1396 0.1960 0.4693 0.4700 0.2677 0.1668 0.1390 0.3003
0.1491 0.1688 0.2728 0.4766 0.4642 0.1878 0.1402 0.1905 0.3233 0.5108 0.4054 0.1511 0.1487 0.2193 0.3849 0.5070 0.3208 0.1402 0.1622 0.2563 0.4531 0.4802 0.2191 0.1387 0.1817 0.3037 0.5042 0.4280 0.1582 0.1455 0.2104 0.3682 0.5101 0.3391 0.1411 0.1604 0.2534 0.4518 0.4789 0.2104 0.1392 0.1869 0.3191 0.5108 0.3992 0.1483 0.1517 0.2309 0.4118 0.4993 0.3987 0.4993 0.4118 0.2309 0.1517 0.1483 0.3992 0.5108 0.3191 0.1869 0.1392 0.2104 0.4789 0.4518 0.2534 0.1604 0.1411 0.3391 0.5101 0.3682 0.2104 0.1455 0.1582 0.4280 0.5042 0.3037 0.1817 0.1387 0.2191 0.4802 0.4531 0.2563 0.1622 0.1402 0.3208 0.5070 0.3849 0.2193 0.1487 0.1511 0.4054 0.5108 0.3233 0.1905 0.1402 0.1878 0.4642 0.4766 0.2728 0.1688 0.1491
0.1768 0.2779 0.4828 0.4588 0.1807 0.1408 0.1934 0.3296 0.5118 0.3972 0.1492 0.1499 0.2230 0.3925 0.5051 0.3097 0.1396 0.1641 0.2610 0.4604 0.4758 0.2089 0.1390 0.1841 0.3089 0.5065 0.4224 0.1561 0.1463 0.2126 0.3723 0.5094 0.3342 0.1408 0.1610 0.2546 0.4531 0.4785 0.2104 0.1392 0.1864 0.3175 0.5104 0.4024 0.1491 0.1510 0.2289 0.4097 0.4981 0.2880 0.1461 0.2880 0.4981 0.4097 0.2289 0.1510 0.1491 0.4024 0.5104 0.3175 0.1864 0.1392 0.2104 0.4785 0.4531 0.2546 0.1610 0.1408 0.3342 0.5094 0.3723 0.2126 0.1463 0.1561 0.4224 0.5065 0.3089 0.1841 0.1390 0.2089 0.4758 0.4604 0.2610 0.1641 0.1396 0.3097 0.5051 0.3925 0.2230 0.1499 0.1492 0.3972 0.5118 0.3296 0.1934 0.1408 0.1807 0.4588 0.4828 0.2779 0.1768
0.2827 0.4885 0.4531 0.1746 0.1416 0.1964 0.3362 0.5124 0.3887 0.1475 0.1513 0.2269 0.4001 0.5029 0.2984 0.1391 0.1661 0.2659 0.4674 0.4712 0.1993 0.1395 0.1868 0.3148 0.5086 0.4158 0.1540 0.1472 0.2152 0.3774 0.5085 0.3281 0.1405 0.1618 0.2565 0.4556 0.4774 0.2087 0.1392 0.1864 0.3170 0.5101 0.4045 0.1497 0.1504 0.2272 0.4064 0.4990 0.2757 0.1376 0.1474 0.1376 0.2757 0.4990 0.4064 0.2272 0.1504 0.1497 0.4045 0.5101 0.3170 0.1864 0.1392 0.2087 0.4774 0.4556 0.2565 0.1618 0.1405 0.3281 0.5085 0.3774 0.2152 0.1472 0.1540 0.4158 0.5086 0.3148 0.1868 0.1395 0.1993 0.4712 0.4674 0.2659 0.1661 0.1391 0.2984 0.5029 0.4001 0.2269 0.1513 0.1475 0.3887 0.5124 0.3362 0.1964 0.1416 0.1746 0.4531 0.4885 0.2827
0.4882 0.4471 0.1695 0.1424 0.1994 0.3428 0.5126 0.3798 0.1460 0.1527 0.2308 0.4079 0.5004 0.2868 0.1388 0.1681 0.2709 0.4742 0.4662 0.1907 0.1400 0.1895 0.3209 0.5103 0.4083 0.1519 0.1482 0.2182 0.3833 0.5072 0.3207 0.1400 0.1629 0.2589 0.4590 0.4756 0.2054 0.1393 0.1869 0.3175 0.5101 0.4053 0.1501 0.1501 0.2260 0.4035 0.5000 0.2779 0.1383 0.1673 0.2208 0.1673 0.1383 0.2779 0.5000 0.4035 0.2260 0.1501 0.1501 0.4053 0.5101 0.3175 0.1869 0.1393 0.2054 0.4756 0.4590 0.2589 0.1629 0.1400 0.3207 0.5072 0.3833 0.2182 0.1482 0.1519 0.4083 0.5103 0.3209 0.1895 0.1400 0.1907 0.4662 0.4742 0.2709 0.1681 0.1388 0.2868 0.5004 0.4079 0.2308 0.1527 0.1460 0.3798 0.5126 0.3428 0.1994 0.1424 0.1695 0.4471 0.4882
0.4437 0.1651 0.1434 0.2025 0.3497 0.5124 0.3706 0.1447 0.1541 0.2348 0.4156 0.4976 0.2752 0.1385 0.1702 0.2760 0.4805 0.4609 0.1832 0.1406 0.1923 0.3273 0.5115 0.4003 0.1499 0.1494 0.2217 0.3900 0.5056 0.3119 0.1396 0.1642 0.2620 0.4631 0.4732 0.2009 0.1395 0.1878 0.3191 0.5104 0.4045 0.1501 0.1500 0.2253 0.4018 0.5009 0.2814 0.1385 0.1710 0.2733 0.3982 0.2733 0.1710 0.1385 0.2816 0.5008 0.4015 0.2253 0.1501 0.1501 0.4045 0.5104 0.3191 0.1878 0.1395 0.2009 0.4732 0.4631 0.2620 0.1642 0.1396 0.3119 0.5056 0.3900 0.2217 0.1494 0.1499 0.4003 0.5115 0.3273 0.1923 0.1406 0.1832 0.4609 0.4805 0.2760 0.1702 0.1385 0.2752 0.4976 0.4156 0.2348 0.1541 0.1447 0.3706 0.5124 0.3497 0.2025 0.1434 0.1651 0.4437
0.1715 0.1443 0.2058 0.3566 0.5119 0.3611 0.1435 0.1556 0.2390 0.4234 0.4946 0.2634 0.1384 0.1723 0.2812 0.4864 0.4552 0.1767 0.1413 0.1952 0.3337 0.5122 0.3919 0.1481 0.1508 0.2254 0.3973 0.5037 0.3020 0.1392 0.1657 0.2656 0.4679 0.4701 0.1958 0.1398 0.1891 0.3216 0.5108 0.4024 0.1497 0.1501 0.2253 0.4017 0.5005 0.2834 0.1385 0.1706 0.2803 0.4794 0.5000 0.4802 0.2806 0.1709 0.1388 0.2886 0.5013 0.4010 0.2258 0.1502 0.1497 0.4024 0.5108 0.3216 0.1891 0.1398 0.1958 0.4701 0.4679 0.2656 0.1657 0.1392 0.3020 0.5037 0.3973 0.2254 0.1508 0.1481 0.3919 0.5122 0.3337 0.1952 0.1413 0.1767 0.4552 0.4864 0.2812 0.1723 0.1384 0.2634 0.4946 0.4234 0.2390 0.1556 0.1435 0.3611 0.5119 0.3566 0.2058 0.1443 0.1715
0.1539 0.2091 0.3637 0.5111 0.3512 0.1424 0.1572 0.2433 0.4311 0.4913 0.2517 0.1383 0.1746 0.2866 0.4917 0.4493 0.1713 0.1421 0.1983 0.3403 0.5125 0.3831 0.1465 0.1521 0.2293 0.4050 0.5013 0.2910 0.1389 0.1675 0.2697 0.4732 0.4664 0.1901 0.1401 0.1907 0.3249 0.5113 0.3992 0.1491 0.1504 0.2260 0.4016 0.5001 0.2850 0.1386 0.1707 0.2779 0.4848 0.4577 0.2956 0.4567 0.4879 0.2797 0.1715 0.1388 0.2900 0.5017 0.4002 0.2259 0.1504 0.1491 0.3992 0.5113 0.3249 0.1907 0.1401 0.1901 0.4664 0.4732 0.2697 0.1675 0.1389 0.2910 0.5013 0.4050 0.2293 0.1521 0.1465 0.3831 0.5125 0.3403 0.1983 0.1421 0.1713 0.4493 0.4917 0.2866 0.1746 0.1383 0.2517 0.4913 0.4311 0.2433 0.1572 0.1424 0.3512 0.5111 0.3637 0.2091 0.1539
0.2156 0.3710 0.5099 0.3410 0.1415 0.1589 0.2477 0.4388 0.4877 0.2402 0.1384 0.1769 0.2921 0.4964 0.4431 0.1667 0.1430 0.2014 0.3471 0.5125 0.3741 0.1451 0.1536 0.2333 0.4127 0.4987 0.2795 0.1386 0.1694 0.2742 0.4787 0.4621 0.1842 0.1406 0.1926 0.3289 0.5118 0.3948 0.1483 0.1510 0.2272 0.4034 0.5009 0.2853 0.1387 0.1704 0.2789 0.4883 0.4520 0.1781 0.1359 0.1791 0.4505 0.4877 0.2821 0.1709 0.1387 0.2819 0.5014 0.4035 0.2272 0.1510 0.1483 0.3948 0.5118 0.3289 0.1926 0.1406 0.1842 0.4621 0.4787 0.2742 0.1694 0.1386 0.2795 0.4987 0.4127 0.2333 0.1536 0.1451 0.3741 0.5125 0.3471 0.2014 0.1430 0.1667 0.4431 0.4964 0.2921 0.1769 0.1384 0.2402 0.4877 0.4388 0.2477 0.1589 0.1415 0.3410 0.5099 0.3710 0.2156
0.3735 0.5086 0.3305 0.1407 0.1606 0.2521 0.4464 0.4839 0.2290 0.1385 0.1793 0.2977 0.5004 0.4366 0.1628 0.1439 0.2045 0.3540 0.5121 0.3647 0.1439 0.1550 0.2374 0.4204 0.4958 0.2679 0.1384 0.1715 0.2792 0.4843 0.4572 0.1785 0.1411 0.1948 0.3335 0.5123 0.3895 0.1474 0.1517 0.2289 0.4064 0.5001 0.2817 0.1386 0.1704 0.2803 0.4850 0.4527 0.1711 0.1398 0.1642 0.1402 0.1685 0.4514 0.4882 0.2818 0.1713 0.1386 0.2830 0.5000 0.4064 0.2289 0.1517 0.1474 0.3895 0.5123 0.3335 0.1948 0.1411 0.1785 0.4572 0.4843 0.2792 0.1715 0.1384 0.2679 0.4958 0.4204 0.2374 0.1550 0.1439 0.3647 0.5121 0.3540 0.2045 0.1439 0.1628 0.4366 0.5004 0.2977 0.1793 0.1385 0.2290 0.4839 0.4464 0.2521 0.1606 0.1407 0.3305 0.5086 0.3735
0.5069 0.3203 0.1401 0.1623 0.2564 0.4534 0.4800 0.2187 0.1387 0.1816 0.3030 0.5035 0.4303 0.1596 0.1448 0.2075 0.3605 0.5114 0.3556 0.1428 0.1565 0.2413 0.4276 0.4927 0.2569 0.1383 0.1735 0.2841 0.4893 0.4520 0.1735 0.1417 0.1971 0.3384 0.5125 0.3839 0.1464 0.1524 0.2309 0.4097 0.4990 0.2779 0.1385 0.1709 0.2810 0.4858 0.4522 0.1735 0.1418 0.1937 0.2690 0.1950 0.1426 0.1707 0.4474 0.4896 0.2819 0.1710 0.1385 0.2780 0.4990 0.4097 0.2309 0.1524 0.1464 0.3839 0.5125 0.3384 0.1971 0.1417 0.1735 0.4520 0.4893 0.2841 0.1735 0.1383 0.2569 0.4927 0.4276 0.2413 0.1565 0.1428 0.3556 0.5114 0.3605 0.2075 0.1448 0.1596 0.4303 0.5035 0.3030 0.1816 0.1387 0.2187 0.4800 0.4534 0.2564 0.1623 0.1401 0.3203 0.5069
0.3190 0.1395 0.1633 0.2594 0.4581 0.4770 0.2117 0.1387 0.1831 0.3069 0.5053 0.4255 0.1574 0.1454 0.2096 0.3652 0.5105 0.3489 0.1420 0.1573 0.2440 0.4327 0.4903 0.2491 0.1381 0.1748 0.2877 0.4925 0.4479 0.1700 0.1421 0.1987 0.3421 0.5123 0.3796 0.1456 0.1527 0.2320 0.4118 0.4981 0.2757 0.1383 0.1708 0.2782 0.4863 0.4538 0.1716 0.1421 0.1988 0.3363 0.4759 0.3364 0.2000 0.1422 0.1702 0.4510 0.4889 0.2805 0.1711 0.1383 0.2757 0.4981 0.4118 0.2320 0.1527 0.1456 0.3796 0.5123 0.3421 0.1987 0.1421 0.1700 0.4479 0.4925 0.2877 0.1748 0.1381 0.2491 0.4903 0.4327 0.2440 0.1573 0.1420 0.3489 0.5105 0.3652 0.2096 0.1454 0.1574 0.4255 0.5053 0.3069 0.1831 0.1387 0.2117 0.4770 0.4581 0.2594 0.1633 0.1395 0.3190
0.1497 0.1608 0.2555 0.4537 0.4784 0.2187 0.1375 0.1800 0.3028 0.5027 0.4298 0.1587 0.1436 0.2060 0.3611 0.5098 0.3559 0.1418 0.1550 0.2401 0.4282 0.4910 0.2571 0.1372 0.1720 0.2836 0.4890 0.4510 0.1730 0.1406 0.1953 0.3378 0.5110 0.3867 0.1460 0.1504 0.2274 0.4054 0.4993 0.2880 0.1376 0.1673 0.2731 0.4780 0.4609 0.1832 0.1399 0.1945 0.3351 0.5089 0.4665 0.5093 0.3385 0.1948 0.1404 0.1764 0.4572 0.4829 0.2751 0.1674 0.1376 0.2880 0.4993 0.4054 0.2274 0.1504 0.1460 0.3867 0.5110 0.3378 0.1953 0.1406 0.1730 0.4510 0.4890 0.2836 0.1720 0.1372 0.2571 0.4910 0.4282 0.2401 0.1550 0.1418 0.3559 0.5098 0.3611 0.2060 0.1436 0.1587 0.4298 0.5027 0.3028 0.1800 0.1375 0.2187 0.4784 0.4537 0.2555 0.1608 0.1497
0.1527 0.2093 0.3717 0.5071 0.3417 0.1382 0.1559 0.2445 0.4405 0.4847 0.2416 0.1360 0.1735 0.2900 0.4965 0.4415 0.1645 0.1407 0.1977 0.3469 0.5102 0.3742 0.1417 0.1507 0.2299 0.4141 0.4956 0.2810 0.1359 0.1661 0.2715 0.4795 0.4604 0.1849 0.1383 0.1882 0.3257 0.5097 0.3987 0.1461 0.1474 0.2208 0.3982 0.5007 0.2978 0.1361 0.1640 0.2678 0.4782 0.4660 0.3234 0.4650 0.4781 0.2695 0.1652 0.1361 0.2937 0.4989 0.3991 0.2209 0.1474 0.1461 0.3987 0.5097 0.3257 0.1882 0.1383 0.1849 0.4604 0.4795 0.2715 0.1661 0.1359 0.2810 0.4956 0.4141 0.2299 0.1507 0.1417 0.3742 0.5102 0.3469 0.1977 0.1407 0.1645 0.4415 0.4965 0.2900 0.1735 0.1360 0.2416 0.4847 0.4405 0.2445 0.1559 0.1382 0.3417 0.5071 0.3717 0.2093 0.1527
0.1497 0.1608 0.2555 0.4537 0.4784 0.2187 0.1375 0.1800 0.3028 0.5027 0.4298 0.1587 0.1436 0.2060 0.3611 0.5098 0.3559 0.1418 0.1550 0.2401 0.4282 0.4910 0.2571 0.1372 0.1720 0.2836 0.4890 0.4510 0.1730 0.1406 0.1953 0.3378 0.5110 0.3867 0.1460 0.1504 0.2274 0.4054 0.4993 0.2880 0.1376 0.1673 0.2734 0.4801 0.4584 0.1782 0.1402 0.1952 0.3386 0.5093 0.4653 0.5092 0.3396 0.1954 0.1403 0.1779 0.4581 0.4805 0.2747 0.1673 0.1376 0.2880 0.4993 0.4054 0.2274 0.1504 0.1460 0.3867 0.5110 0.3378 0.1953 0.1406 0.1730 0.4510 0.4890 0.2836 0.1720 0.1372 0.2571 0.4910 0.4282 0.2401 0.1550 0.1418 0.3559 0.5098 0.3611 0.2060 0.1436 0.1587 0.4298 0.5027 0.3028 0.1800 0.1375 0.2187 0.4784 0.4537 0.2555 0.1608 0.1497
0.3190 0.1395 0.1633 0.2594 0.4581 0.4770 0.2117 0.1387 0.1831 0.3069 0.5053 0.4255 0.1574 0.1454 0.2096 0.3652 0.5105 0.3489 0.1420 0.1573 0.2440 0.4327 0.4903 0.2491 0.1381 0.1748 0.2877 0.4925 0.4479 0.1700 0.1421 0.1987 0.3421 0.5123 0.3796 0.1456 0.1527 0.2320 0.4118 0.4981 0.2757 0.1383 0.1709 0.2782 0.4876 0.4507 0.1695 0.1424 0.1994 0.3381 0.4776 0.3378 0.2005 0.1422 0.1706 0.4527 0.4859 0.2799 0.1712 0.1383 0.2757 0.4981 0.4118 0.2320 0.1527 0.1456 0.3796 0.5123 0.3421 0.1987 0.1421 0.1700 0.4479 0.4925 0.2877 0.1748 0.1381 0.2491 0.4903 0.4327 0.2440 0.1573 0.1420 0.3489 0.5105 0.3652 0.2096 0.1454 0.1574 0.4255 0.5053 0.3069 0.1831 0.1387 0.2117 0.4770 0.4581 0.2594 0.1633 0.1395 0.3190
0.5069 0.3203 0.1401 0.1623 0.2564 0.4534 0.4800 0.2187 0.1387 0.1816 0.3030 0.5035 0.4303 0.1596 0.1448 0.2075 0.3605 0.5114 0.3556 0.1428 0.1565 0.2413 0.4276 0.4927 0.2569 0.1383 0.1735 0.2841 0.4893 0.4520 0.1735 0.1417 0.1971 0.3384 0.5125 0.3839 0.1464 0.1524 0.2309 0.4097 0.4990 0.2778 0.1384 0.1706 0.2800 0.4881 0.4499 0.1693 0.1423 0.1961 0.2692 0.1954 0.1425 0.1692 0.4514 0.4863 0.2803 0.1716 0.1385 0.2778 0.4990 0.4097 0.2309 0.1524 0.1464 0.3839 0.5125 0.3384 0.1971 0.1417 0.1735 0.4520 0.4893 0.2841 0.1735 0.1383 0.2569 0.4927 0.4276 0.2413 0.1565 0.1428 0.3556 0.5114 0.3605 0.2075 0.1448 0.1596 0.4303 0.5035 0.3030 0.1816 0.1387 0.2187 0.4800 0.4534 0.2564 0.1623 0.1401 0.3203 0.5069
0.3735 0.5086 0.3305 0.1407 0.1606 0.2521 0.4464 0.4839 0.2290 0.1385 0.1793 0.2977 0.5004 0.4366 0.1628 0.1439 0.2045 0.3540 0.5121 0.3647 0.1439 0.1550 0.2374 0.4204 0.4958 0.2679 0.1384 0.1715 0.2792 0.4843 0.4572 0.1785 0.1411 0.1948 0.3335 0.5123 0.3895 0.1474 0.1517 0.2289 0.4064 0.5000 0.2813 0.1386 0.1714 0.2805 0.4888 0.4482 0.1709 0.1402 0.1650 0.1402 0.1717 0.4508 0.4867 0.2784 0.1703 0.1386 0.2834 0.5001 0.4064 0.2289 0.1517 0.1474 0.3895 0.5123 0.3335 0.1948 0.1411 0.1785 0.4572 0.4843 0.2792 0.1715 0.1384 0.2679 0.4958 0.4204 0.2374 0.1550 0.1439 0.3647 0.5121 0.3540 0.2045 0.1439 0.1628 0.4366 0.5004 0.2977 0.1793 0.1385 0.2290 0.4839 0.4464 0.2521 0.1606 0.1407 0.3305 0.5086 0.3735
0.2156 0.3710 0.5099 0.3410 0.1415 0.1589 0.2477 0.4388 0.4877 0.2402 0.1384 0.1769 0.2921 0.4964 0.4431 0.1667 0.1430 0.2014 0.3471 0.5125 0.3741 0.1451 0.1536 0.2333 0.4127 0.4987 0.2795 0.1386 0.1694 0.2742 0.4787 0.4621 0.1842 0.1406 0.1926 0.3289 0.5118 0.3948 0.1483 0.1510 0.2272 0.4035 0.5008 0.2882 0.1387 0.1707 0.2818 0.4897 0.4519 0.1773 0.1361 0.1786 0.4502 0.4870 0.2798 0.1703 0.1386 0.2824 0.5007 0.4034 0.2272 0.1510 0.1483 0.3948 0.5118 0.3289 0.1926 0.1406 0.1842 0.4621 0.4787 0.2742 0.1694 0.1386 0.2795 0.4987 0.4127 0.2333 0.1536 0.1451 0.3741 0.5125 0.3471 0.2014 0.1430 0.1667 0.4431 0.4964 0.2921 0.1769 0.1384 0.2402 0.4877 0.4388 0.2477 0.1589 0.1415 0.3410 0.5099 0.3710 0.2156
