21.6911 -7.4718 -29.7161 -38.9772 -41.9615 8.7421 31.9931 -21.9669 -34.5361 -41.7727 -20.0028 21.5865 -5.2710 -29.3332 -38.6988 -42.2798 7.6228 31.9400 -21.2244 -34.1519 -41.6110 -23.5733 20.5968 -2.0131 -28.9036 -38.3838 -42.4985 6.4102 31.5920 -20.4496 -33.7639 -41.4349 -26.8708 19.5155 2.0018 -28.4695 -38.0606 -42.6173 5.1117 31.0186 -19.6353 -33.3722 -41.2446 -29.8143 18.3177 6.7611 -27.8307 -37.7219 -42.6346 1.0561 18.4967 1.0561 -42.6346 -37.7219 -27.8307 6.7611 18.3177 -29.8143 -41.2446 -33.3722 -19.6353 31.0186 5.1117 -42.6173 -38.0606 -28.4695 2.0018 19.5155 -26.8708 -41.4349 -33.7639 -20.4496 31.5920 6.4102 -42.4985 -38.3838 -28.9036 -2.0131 20.5968 -23.5733 -41.6110 -34.1519 -21.2244 31.9400 7.6228 -42.2798 -38.6988 -29.3332 -5.2710 21.5865 -20.0028 -41.7727 -34.5361 -21.9669 31.9931 8.7421 -41.9615 -38.9772 -29.7161 -7.4718 21.6911
-7.4718 -32.2578 -41.1448 -43.4086 8.7215 32.6338 -22.6900 -36.7917 -43.6872 -20.9338 21.3265 -2.8927 -31.7348 -40.8403 -43.7982 7.5482 32.3034 -21.8161 -36.4157 -43.5515 -24.5988 20.2899 1.1193 -31.3230 -40.5369 -44.0470 6.3343 31.7345 -20.9131 -36.0365 -43.3985 -27.9684 19.1258 5.9246 -30.7408 -40.2248 -44.1943 5.0280 30.9880 -19.9687 -35.6538 -43.2299 -30.9681 17.9873 11.2356 -29.9078 -39.9060 -44.2529 3.0789 28.2556 8.4459 28.2556 3.0789 -44.2529 -39.9060 -29.9078 11.2356 17.9873 -30.9681 -43.2299 -35.6538 -19.9687 30.9880 5.0280 -44.1943 -40.2248 -30.7408 5.9246 19.1258 -27.9684 -43.3985 -36.0365 -20.9131 31.7345 6.3343 -44.0470 -40.5369 -31.3230 1.1193 20.2899 -24.5988 -43.5515 -36.4157 -21.8161 32.3034 7.5482 -43.7982 -40.8403 -31.7348 -2.8927 21.3265 -20.9338 -43.6872 -36.7917 -22.6900 32.6338 8.7215 -43.4086 -41.1448 -32.2578 -7.4718
-29.7161 -41.1448 -43.5269 8.1625 32.4645 -22.0866 -36.5131 -43.5738 -23.7877 20.4993 0.2000 -31.4067 -40.5972 -43.9982 6.5796 31.8659 -21.0991 -36.1125 -43.4272 -27.3008 19.3365 4.8949 -30.8678 -40.2868 -44.1652 5.2955 31.1510 -20.1639 -35.7306 -43.2619 -30.3786 18.1894 10.1434 -30.0766 -39.9682 -44.2424 3.8958 30.2990 -19.1783 -35.3454 -43.0812 -33.0662 17.0894 15.4602 -29.2515 -39.6423 -44.2471 2.2437 29.0355 -16.1967 -30.0362 -16.1967 29.0355 2.2437 -44.2471 -39.6423 -29.2515 15.4602 17.0894 -33.0662 -43.0812 -35.3454 -19.1783 30.2990 3.8958 -44.2424 -39.9682 -30.0766 10.1434 18.1894 -30.3786 -43.2619 -35.7306 -20.1639 31.1510 5.2955 -44.1652 -40.2868 -30.8678 4.8949 19.3365 -27.3008 -43.4272 -36.1125 -21.0991 31.8659 6.5796 -43.9982 -40.5972 -31.4067 0.2000 20.4993 -23.7877 -43.5738 -36.5131 -22.0866 32.4645 8.1625 -43.5269 -41.1448 -29.7161
-38.9772 -43.4086 8.1625 32.3718 -21.7240 -36.3078 -43.4733 -26.1990 19.6843 3.6383 -31.0210 -40.3560 -44.1379 5.5676 31.3093 -20.3581 -35.8087 -43.2968 -29.7830 18.4188 9.0489 -30.2463 -40.0338 -44.2333 4.1919 30.4815 -19.3838 -35.4241 -43.1193 -32.5505 17.3103 14.4009 -29.4186 -39.7089 -44.2502 2.6745 29.5501 -18.3481 -35.0365 -42.9267 -34.9300 16.2393 19.3684 -28.6025 -39.3768 -44.2265 0.9539 28.4935 -16.8612 -34.0503 -40.2197 -34.0503 -16.8612 28.4935 0.9539 -44.2265 -39.3768 -28.6025 19.3684 16.2393 -34.9300 -42.9267 -35.0365 -18.3481 29.5501 2.6745 -44.2502 -39.7089 -29.4186 14.4009 17.3103 -32.5505 -43.1193 -35.4241 -19.3838 30.4815 4.1919 -44.2333 -40.0338 -30.2463 9.0489 18.4188 -29.7830 -43.2968 -35.8087 -20.3581 31.3093 5.5676 -44.1379 -40.3560 -31.0210 3.6383 19.6843 -26.1990 -43.4733 -36.3078 -21.7240 32.3718 8.1625 -43.4086 -38.9772
-41.9615 8.7215 32.4645 -21.7240 -36.2311 -43.4147 -27.8324 19.0002 6.9337 -30.5280 -40.1243 -44.2176 4.5257 30.6768 -19.5958 -35.5028 -43.1567 -32.0186 17.5327 13.3248 -29.5861 -39.7757 -44.2514 2.9973 29.7465 -18.5648 -35.1157 -42.9671 -34.4759 16.4549 18.4100 -28.7679 -39.4450 -44.2323 1.3339 28.7587 -17.4684 -34.7258 -42.7630 -36.5621 15.4063 22.7897 -27.9586 -39.1074 -44.1997 -0.5648 27.7315 -16.2043 -34.2170 -42.8143 -46.0486 -42.8143 -34.2170 -16.2043 27.7315 -0.5648 -44.1997 -39.1074 -27.9586 22.7897 15.4063 -36.5621 -42.7630 -34.7258 -17.4684 28.7587 1.3339 -44.2323 -39.4450 -28.7679 18.4100 16.4549 -34.4759 -42.9671 -35.1157 -18.5648 29.7465 2.9973 -44.2514 -39.7757 -29.5861 13.3248 17.5327 -32.0186 -43.1567 -35.5028 -19.5958 30.6768 4.5257 -44.2176 -40.1243 -30.5280 6.9337 19.0002 -27.8324 -43.4147 -36.2311 -21.7240 32.4645 8.7215 -41.9615
8.7421 32.6338 -22.0866 -36.3078 -43.4147 -28.4131 18.6129 9.3710 -30.0662 -39.9242 -44.2494 3.5023 30.0201 -18.8371 -35.2057 -43.0076 -33.9854 16.6718 17.4213 -28.9338 -39.5130 -44.2380 1.6897 28.9638 -17.6987 -34.8055 -42.8057 -36.1658 15.6180 21.9664 -28.1229 -39.1767 -44.2070 -0.1539 27.9474 -16.5281 -34.4134 -42.5903 -37.9792 14.5855 25.6509 -27.3181 -38.8340 -44.1670 -2.2803 26.9247 -15.2297 -33.9977 -42.3949 -41.1622 0.1865 -41.1622 -42.3949 -33.9977 -15.2297 26.9247 -2.2803 -44.1670 -38.8340 -27.3181 25.6509 14.5855 -37.9792 -42.5903 -34.4134 -16.5281 27.9474 -0.1539 -44.2070 -39.1767 -28.1229 21.9664 15.6180 -36.1658 -42.8057 -34.8055 -17.6987 28.9638 1.6897 -44.2380 -39.5130 -28.9338 17.4213 16.6718 -33.9854 -43.0076 -35.2057 -18.8371 30.0201 3.5023 -44.2494 -39.9242 -30.0662 9.3710 18.6129 -28.4131 -43.4147 -36.3078 -22.0866 32.6338 8.7421
31.9931 -22.6900 -36.5131 -43.4733 -27.8324 18.6129 10.3039 -29.7994 -39.7815 -44.2507 2.5680 29.3922 -18.1033 -34.9287 -42.8589 -35.6587 15.8596 21.0675 -28.2876 -39.2458 -44.2140 0.2424 28.1556 -16.7751 -34.4935 -42.6353 -37.6361 14.7945 24.9733 -27.4818 -38.9043 -44.1760 -1.8209 27.1340 -15.5135 -34.0992 -42.4091 -39.1998 13.7723 27.9493 -26.6793 -38.5567 -44.1271 -4.2211 26.1160 -14.1042 -33.6998 -42.1810 -40.8186 10.9558 26.0308 10.9558 -40.8186 -42.1810 -33.6998 -14.1042 26.1160 -4.2211 -44.1271 -38.5567 -26.6793 27.9493 13.7723 -39.1998 -42.4091 -34.0992 -15.5135 27.1340 -1.8209 -44.1760 -38.9043 -27.4818 24.9733 14.7945 -37.6361 -42.6353 -34.4935 -16.7751 28.1556 0.2424 -44.2140 -39.2458 -28.2876 21.0675 15.8596 -35.6587 -42.8589 -34.9287 -18.1033 29.3922 2.5680 -44.2507 -39.7815 -29.7994 10.3039 18.6129 -27.8324 -43.4733 -36.5131 -22.6900 31.9931
-21.9669 -36.7917 -43.5738 -26.1990 19.0002 9.3710 -29.7994 -39.7263 -44.2438 1.8995 28.8971 -17.4569 -34.6837 -42.7169 -37.0243 15.1130 24.0262 -27.6678 -38.9774 -44.1849 -1.3755 27.3419 -15.7810 -34.1797 -42.4562 -38.9052 13.9798 27.4134 -26.8427 -38.6280 -44.1381 -3.7016 26.3228 -14.4068 -33.7834 -42.2195 -40.2427 12.9621 29.7208 -26.0401 -38.2758 -44.0789 -6.4140 25.3104 -12.8510 -33.3840 -41.9750 -41.3814 11.5575 32.6514 -14.0320 32.6514 11.5575 -41.3814 -41.9750 -33.3840 -12.8510 25.3104 -6.4140 -44.0789 -38.2758 -26.0401 29.7208 12.9621 -40.2427 -42.2195 -33.7834 -14.4068 26.3228 -3.7016 -44.1381 -38.6280 -26.8427 27.4134 13.9798 -38.9052 -42.4562 -34.1797 -15.7810 27.3419 -1.3755 -44.1849 -38.9774 -27.6678 24.0262 15.1130 -37.0243 -42.7169 -34.6837 -17.4569 28.8971 1.8995 -44.2438 -39.7263 -29.7994 9.3710 19.0002 -26.1990 -43.5738 -36.7917 -21.9669
-34.5361 -43.6872 -23.7877 19.6843 6.9337 -30.0662 -39.7815 -44.2438 1.6638 28.6266 -17.0174 -34.4958 -42.5923 -38.0779 14.4413 26.3128 -27.1023 -38.7214 -44.1498 -3.1322 26.5392 -14.7000 -33.8643 -42.2688 -39.9918 13.1693 29.3150 -26.2038 -38.3480 -44.0921 -5.8278 25.5160 -13.1854 -33.4659 -42.0220 -41.1261 12.1504 31.0190 -25.3987 -37.9915 -44.0219 -8.8739 24.5108 -11.4420 -33.0650 -41.7642 -42.0413 11.0503 32.3116 -23.3021 -33.3370 -23.3021 32.3116 11.0503 -42.0413 -41.7642 -33.0650 -11.4420 24.5108 -8.8739 -44.0219 -37.9915 -25.3987 31.0190 12.1504 -41.1261 -42.0220 -33.4659 -13.1854 25.5160 -5.8278 -44.0921 -38.3480 -26.2038 29.3150 13.1693 -39.9918 -42.2688 -33.8643 -14.7000 26.5392 -3.1322 -44.1498 -38.7214 -27.1023 26.3128 14.4413 -38.0779 -42.5923 -34.4958 -17.0174 28.6266 1.6638 -44.2438 -39.7815 -30.0662 6.9337 19.6843 -23.7877 -43.6872 -34.5361
-41.7727 -20.9338 20.4993 3.6383 -30.5280 -39.9242 -44.2507 1.8995 28.6266 -16.8635 -34.3946 -42.5103 -38.7878 13.8949 27.9796 -26.5913 -38.4880 -44.1107 -4.9794 25.7871 -13.5536 -33.5515 -42.0756 -40.9143 12.3584 30.7287 -25.5631 -38.0646 -44.0373 -8.2193 24.7148 -11.8192 -33.1469 -41.8168 -41.8669 11.3323 31.9037 -24.7529 -37.7041 -43.9554 -11.5872 23.7181 -9.8370 -32.7441 -41.5488 -42.6200 10.2785 32.5454 -23.6859 -36.9061 -42.7720 -36.9061 -23.6859 32.5454 10.2785 -42.6200 -41.5488 -32.7441 -9.8370 23.7181 -11.5872 -43.9554 -37.7041 -24.7529 31.9037 11.3323 -41.8669 -41.8168 -33.1469 -11.8192 24.7148 -8.2193 -44.0373 -38.0646 -25.5631 30.7287 12.3584 -40.9143 -42.0756 -33.5515 -13.5536 25.7871 -4.9794 -44.1107 -38.4880 -26.5913 27.9796 13.8949 -38.7878 -42.5103 -34.3946 -16.8635 28.6266 1.8995 -44.2507 -39.9242 -30.5280 3.6383 20.4993 -20.9338 -41.7727
-20.0028 21.3265 0.2000 -31.0210 -40.1243 -44.2494 2.5680 28.8971 -17.0174 -34.3946 -42.4830 -39.1391 13.5403 29.0202 -26.1707 -38.2848 -44.0699 -6.8691 25.0978 -12.3936 -33.2558 -41.8813 -41.6660 11.5518 31.7135 -24.9186 -37.7779 -43.9733 -10.8711 23.9202 -10.2690 -32.8263 -41.6043 -42.4807 10.5027 32.4341 -24.1004 -37.4136 -43.8791 -14.5027 22.9328 -7.9807 -32.4215 -41.3275 -43.0934 9.4343 32.6845 -23.2233 -36.9584 -44.4173 -43.6237 -44.4173 -36.9584 -23.2233 32.6845 9.4343 -43.0934 -41.3275 -32.4215 -7.9807 22.9328 -14.5027 -43.8791 -37.4136 -24.1004 32.4341 10.5027 -42.4807 -41.6043 -32.8263 -10.2690 23.9202 -10.8711 -43.9733 -37.7779 -24.9186 31.7135 11.5518 -41.6660 -41.8813 -33.2558 -12.3936 25.0978 -6.8691 -44.0699 -38.2848 -26.1707 29.0202 13.5403 -39.1391 -42.4830 -34.3946 -17.0174 28.8971 2.5680 -44.2494 -40.1243 -31.0210 0.2000 21.3265 -20.0028
21.5865 -2.8927 -31.4067 -40.3560 -44.2176 3.5023 29.3922 -17.4569 -34.4958 -42.5103 -39.1391 13.4198 29.5012 -25.9041 -38.1331 -44.0314 -8.6216 24.4778 -11.2172 -32.9878 -41.6951 -42.2596 10.7834 32.3134 -24.2756 -37.4883 -43.8996 -13.7419 23.1330 -8.4831 -32.5042 -41.3848 -42.9818 9.6560 32.6656 -23.4387 -37.1203 -43.7929 -17.5338 22.1550 -5.8026 -32.0974 -41.0997 -43.4708 8.5582 32.6102 -22.5849 -36.7339 -43.7534 -26.6059 9.4547 -26.6059 -43.7534 -36.7339 -22.5849 32.6102 8.5582 -43.4708 -41.0997 -32.0974 -5.8026 22.1550 -17.5338 -43.7929 -37.1203 -23.4387 32.6656 9.6560 -42.9818 -41.3848 -32.5042 -8.4831 23.1330 -13.7419 -43.8996 -37.4883 -24.2756 32.3134 10.7834 -42.2596 -41.6951 -32.9878 -11.2172 24.4778 -8.6216 -44.0314 -38.1331 -25.9041 29.5012 13.4198 -39.1391 -42.5103 -34.4958 -17.4569 29.3922 3.5023 -44.2176 -40.3560 -31.4067 -2.8927 21.5865
-5.2710 -31.7348 -40.5972 -44.1379 4.5257 30.0201 -18.1033 -34.6837 -42.5923 -38.7878 13.5403 29.5012 -25.8146 -38.0535 -44.0036 -9.9660 23.9901 -10.1036 -32.7492 -41.5236 -42.7212 10.0642 32.6045 -23.6625 -37.2059 -43.8156 -16.7187 22.3533 -6.3949 -32.1804 -41.1586 -43.3828 8.7855 32.6489 -22.7650 -36.8243 -43.6965 -20.5761 21.3848 -3.2196 -31.7716 -40.8656 -43.7622 7.6472 32.3445 -21.8959 -36.4482 -43.5823 -25.3590 17.8894 32.0468 17.8894 -25.3590 -43.5823 -36.4482 -21.8959 32.3445 7.6472 -43.7622 -40.8656 -31.7716 -3.2196 21.3848 -20.5761 -43.6965 -36.8243 -22.7650 32.6489 8.7855 -43.3828 -41.1586 -32.1804 -6.3949 22.3533 -16.7187 -43.8156 -37.2059 -23.6625 32.6045 10.0642 -42.7212 -41.5236 -32.7492 -10.1036 23.9901 -9.9660 -44.0036 -38.0535 -25.8146 29.5012 13.5403 -38.7878 -42.5923 -34.6837 -18.1033 30.0201 4.5257 -44.1379 -40.5972 -31.7348 -5.2710
-29.3332 -40.8403 -43.9982 5.5676 30.6768 -18.8371 -34.9287 -42.7169 -38.0779 13.8949 29.0202 -25.9041 -38.0535 -43.9933 -10.6918 23.6877 -9.2331 -32.5553 -41.3738 -43.0634 9.3910 32.6861 -23.1027 -36.9450 -43.7274 -19.6232 21.6082 -3.9544 -31.8551 -40.9260 -43.6953 7.8839 32.4287 -22.0761 -36.5259 -43.5899 -23.5298 20.5822 -0.1517 -31.4442 -40.6255 -43.9776 6.6937 31.9235 -21.1836 -36.1476 -43.4487 -27.1856 18.9031 13.5435 -22.8723 13.5435 18.9031 -27.1856 -43.4487 -36.1476 -21.1836 31.9235 6.6937 -43.9776 -40.6255 -31.4442 -0.1517 20.5822 -23.5298 -43.5899 -36.5259 -22.0761 32.4287 7.8839 -43.6953 -40.9260 -31.8551 -3.9544 21.6082 -19.6232 -43.7274 -36.9450 -23.1027 32.6861 9.3910 -43.0634 -41.3738 -32.5553 -9.2331 23.6877 -10.6918 -43.9933 -38.0535 -25.9041 29.0202 13.8949 -38.0779 -42.7169 -34.9287 -18.8371 30.6768 5.5676 -43.9982 -40.8403 -29.3332
-38.6988 -43.7982 6.5796 31.3093 -19.5958 -35.2057 -42.8589 -37.0243 14.4413 27.9796 -26.1707 -38.1331 -44.0036 -10.6918 23.5866 -8.7598 -32.4316 -41.2606 -43.3012 8.8120 32.6297 -22.5835 -36.7098 -43.6415 -22.2688 20.9162 -1.2410 -31.5394 -40.6902 -43.9293 6.9423 32.0441 -21.3682 -36.2250 -43.4732 -26.3171 19.6873 3.4369 -31.0545 -40.3797 -44.1257 5.6866 31.3793 -20.4457 -35.8441 -43.3140 -29.5298 18.4269 10.3301 -29.1464 -36.3041 -29.1464 10.3301 18.4269 -29.5298 -43.3140 -35.8441 -20.4457 31.3793 5.6866 -44.1257 -40.3797 -31.0545 3.4369 19.6873 -26.3171 -43.4732 -36.2250 -21.3682 32.0441 6.9423 -43.9293 -40.6902 -31.5394 -1.2410 20.9162 -22.2688 -43.6415 -36.7098 -22.5835 32.6297 8.8120 -43.3012 -41.2606 -32.4316 -8.7598 23.5866 -10.6918 -44.0036 -38.1331 -26.1707 27.9796 14.4413 -37.0243 -42.8589 -35.2057 -19.5958 31.3093 6.5796 -43.7982 -38.6988
-42.2798 7.5482 31.8659 -20.3581 -35.5028 -43.0076 -35.6587 15.1130 26.3128 -26.5913 -38.2848 -44.0314 -9.9660 23.6877 -8.7598 -32.3902 -41.2024 -43.4382 8.3777 32.5091 -22.1277 -36.4981 -43.5578 -24.5529 20.2103 1.6595 -31.2488 -40.4630 -44.0892 5.9617 31.5287 -20.6371 -35.9220 -43.3465 -28.8877 18.7563 7.4729 -30.4943 -40.1285 -44.2142 4.6121 30.7393 -19.6782 -35.5384 -43.1735 -31.7754 17.6219 13.1549 -29.4381 -39.6068 -44.8329 -39.6068 -29.4381 13.1549 17.6219 -31.7754 -43.1735 -35.5384 -19.6782 30.7393 4.6121 -44.2142 -40.1285 -30.4943 7.4729 18.7563 -28.8877 -43.3465 -35.9220 -20.6371 31.5287 5.9617 -44.0892 -40.4630 -31.2488 1.6595 20.2103 -24.5529 -43.5578 -36.4981 -22.1277 32.5091 8.3777 -43.4382 -41.2024 -32.3902 -8.7598 23.6877 -9.9660 -44.0314 -38.2848 -26.5913 26.3128 15.1130 -35.6587 -43.0076 -35.5028 -20.3581 31.8659 7.5482 -42.2798
7.6228 32.3034 -21.0991 -35.8087 -43.1567 -33.9854 15.8596 24.0262 -27.1023 -38.4880 -44.0699 -8.6216 23.9901 -9.2331 -32.4316 -41.2024 -43.4813 8.1462 32.4008 -21.7943 -36.3271 -43.4827 -26.4355 19.5122 4.6533 -30.8686 -40.2544 -44.1851 4.9817 30.9337 -19.8880 -35.6203 -43.2100 -31.2159 17.8592 11.7392 -29.8307 -39.8723 -44.2500 3.4537 30.0265 -18.8746 -35.2307 -43.0248 -33.7877 16.7694 17.0042 -28.9710 -39.4990 -44.9482 -31.1698 -44.9482 -39.4990 -28.9710 17.0042 16.7694 -33.7877 -43.0248 -35.2307 -18.8746 30.0265 3.4537 -44.2500 -39.8723 -29.8307 11.7392 17.8592 -31.2159 -43.2100 -35.6203 -19.8880 30.9337 4.9817 -44.1851 -40.2544 -30.8686 4.6533 19.5122 -26.4355 -43.4827 -36.3271 -21.7943 32.4008 8.1462 -43.4813 -41.2024 -32.4316 -9.2331 23.9901 -8.6216 -44.0699 -38.4880 -27.1023 24.0262 15.8596 -33.9854 -43.1567 -35.8087 -21.0991 32.3034 7.6228
31.9400 -21.8161 -36.1125 -43.2968 -32.0186 16.6718 21.0675 -27.6678 -38.7214 -44.1107 -6.8691 24.4778 -10.1036 -32.5553 -41.2606 -43.4382 8.1462 32.3586 -21.6210 -36.2184 -43.4241 -27.8616 18.9381 7.4574 -30.3949 -40.0598 -44.2341 4.0423 30.3234 -19.1525 -35.3279 -43.0689 -33.2730 16.9895 15.9350 -29.1757 -39.6113 -44.2456 2.1910 29.2595 -18.0271 -34.9211 -42.8668 -35.5636 15.9276 20.7111 -28.3584 -39.2718 -44.2518 -2.8073 16.0879 -2.8073 -44.2518 -39.2718 -28.3584 20.7111 15.9276 -35.5636 -42.8668 -34.9211 -18.0271 29.2595 2.1910 -44.2456 -39.6113 -29.1757 15.9350 16.9895 -33.2730 -43.0689 -35.3279 -19.1525 30.3234 4.0423 -44.2341 -40.0598 -30.3949 7.4574 18.9381 -27.8616 -43.4241 -36.2184 -21.6210 32.3586 8.1462 -43.4382 -41.2606 -32.5553 -10.1036 24.4778 -6.8691 -44.1107 -38.7214 -27.6678 21.0675 16.6718 -32.0186 -43.2968 -36.1125 -21.8161 31.9400
-21.2244 -36.4157 -43.4272 -29.7830 17.5327 17.4213 -28.2876 -38.9774 -44.1498 -4.9794 25.0978 -11.2172 -32.7492 -41.3738 -43.3012 8.3777 32.4008 -21.6210 -36.1798 -43.3932 -28.7624 18.5270 9.7249 -29.9861 -39.8827 -44.2514 3.1410 29.7364 -18.4590 -35.0553 -42.9274 -34.9931 16.1703 19.7521 -28.5274 -39.3457 -44.2235 0.7991 28.4581 -17.1262 -34.6098 -42.6997 -37.1136 15.0997 23.9210 -27.7193 -39.0073 -44.1978 -1.8800 25.1907 22.1255 25.1907 -1.8800 -44.1978 -39.0073 -27.7193 23.9210 15.0997 -37.1136 -42.6997 -34.6098 -17.1262 28.4581 0.7991 -44.2235 -39.3457 -28.5274 19.7521 16.1703 -34.9931 -42.9274 -35.0553 -18.4590 29.7364 3.1410 -44.2514 -39.8827 -29.9861 9.7249 18.5270 -28.7624 -43.3932 -36.1798 -21.6210 32.4008 8.3777 -43.3012 -41.3738 -32.7492 -11.2172 25.0978 -4.9794 -44.1498 -38.9774 -28.2876 17.4213 17.5327 -29.7830 -43.4272 -36.4157 -21.2244
-34.1519 -43.5515 -27.3008 18.4188 13.3248 -28.9338 -39.2458 -44.1849 -3.1322 25.7871 -12.3936 -32.9878 -41.5236 -43.0634 8.8120 32.5091 -21.7943 -36.2184 -43.3932 -29.0718 18.3083 11.2145 -29.6947 -39.7434 -44.2480 2.3025 29.1950 -17.8157 -34.8097 -42.7899 -36.4021 15.4342 22.9024 -27.9061 -39.0789 -44.1963 -0.7514 27.6446 -16.1601 -34.2966 -42.5239 -38.4553 14.2822 26.5705 -27.0803 -38.7315 -44.1572 -3.1174 26.2910 -12.1837 -28.2894 -12.1837 26.2910 -3.1174 -44.1572 -38.7315 -27.0803 26.5705 14.2822 -38.4553 -42.5239 -34.2966 -16.1601 27.6446 -0.7514 -44.1963 -39.0789 -27.9061 22.9024 15.4342 -36.4021 -42.7899 -34.8097 -17.8157 29.1950 2.3025 -44.2480 -39.7434 -29.6947 11.2145 18.3083 -29.0718 -43.3932 -36.2184 -21.7943 32.5091 8.8120 -43.0634 -41.5236 -32.9878 -12.3936 25.7871 -3.1322 -44.1849 -39.2458 -28.9338 13.3248 18.4188 -27.3008 -43.5515 -34.1519
-41.6110 -24.5988 19.3365 9.0489 -29.5861 -39.5130 -44.2140 -1.3755 26.5392 -13.5536 -33.2558 -41.6951 -42.7212 9.3910 32.6297 -22.1277 -36.3271 -43.4241 -28.7624 18.3083 11.7550 -29.5420 -39.6548 -44.2390 1.6162 28.7319 -17.2491 -34.5957 -42.6621 -37.5552 14.7689 25.3216 -27.3399 -38.8241 -44.1636 -2.4727 26.8334 -15.1135 -33.9819 -42.3395 -39.6076 13.4707 28.6674 -26.4416 -38.4526 -44.1112 -5.0277 25.7560 -13.1426 -32.9388 -39.1717 -32.9388 -13.1426 25.7560 -5.0277 -44.1112 -38.4526 -26.4416 28.6674 13.4707 -39.6076 -42.3395 -33.9819 -15.1135 26.8334 -2.4727 -44.1636 -38.8241 -27.3399 25.3216 14.7689 -37.5552 -42.6621 -34.5957 -17.2491 28.7319 1.6162 -44.2390 -39.6548 -29.5420 11.7550 18.3083 -28.7624 -43.4241 -36.3271 -22.1277 32.6297 9.3910 -42.7212 -41.6951 -33.2558 -13.5536 26.5392 -1.3755 -44.2140 -39.5130 -29.5861 9.0489 19.3365 -24.5988 -41.6110
-23.5733 20.2899 4.8949 -30.2463 -39.7757 -44.2380 0.2424 27.3419 -14.7000 -33.5515 -41.8813 -42.2596 10.0642 32.6861 -22.5835 -36.4981 -43.4827 -27.8616 18.5270 11.2145 -29.5420 -39.6238 -44.2337 1.1609 28.3932 -16.7903 -34.4213 -42.5502 -38.4555 14.1662 27.1840 -26.8343 -38.5920 -44.1277 -4.2947 26.0529 -13.9948 -33.6691 -42.1469 -40.5891 12.6605 30.2560 -25.8018 -38.1704 -44.0588 -7.3025 25.0046 -12.2439 -33.1405 -42.0190 -45.9858 -42.0190 -33.1405 -12.2439 25.0046 -7.3025 -44.0588 -38.1704 -25.8018 30.2560 12.6605 -40.5891 -42.1469 -33.6691 -13.9948 26.0529 -4.2947 -44.1277 -38.5920 -26.8343 27.1840 14.1662 -38.4555 -42.5502 -34.4213 -16.7903 28.3932 1.1609 -44.2337 -39.6238 -29.5420 11.2145 18.5270 -27.8616 -43.4827 -36.4981 -22.5835 32.6861 10.0642 -42.2596 -41.8813 -33.5515 -14.7000 27.3419 0.2424 -44.2380 -39.7757 -30.2463 4.8949 20.2899 -23.5733
20.5968 1.1193 -30.8678 -40.0338 -44.2514 1.6897 28.1556 -15.7810 -33.8643 -42.0756 -41.6660 10.7834 32.6045 -23.1027 -36.7098 -43.5578 -26.4355 18.9381 9.7249 -29.6947 -39.6548 -44.2337 0.9959 28.2132 -16.4769 -34.2939 -42.4640 -39.1194 13.6565 28.5786 -26.3747 -38.3801 -44.0903 -6.1224 25.3404 -12.8349 -33.3664 -41.9536 -41.4089 11.8470 31.3933 -25.1590 -37.8849 -43.9983 -9.8558 24.2135 -10.8547 -32.9229 -41.6947 -43.2751 -6.0967 -43.2751 -41.6947 -32.9229 -10.8547 24.2135 -9.8558 -43.9983 -37.8849 -25.1590 31.3933 11.8470 -41.4089 -41.9536 -33.3664 -12.8349 25.3404 -6.1224 -44.0903 -38.3801 -26.3747 28.5786 13.6565 -39.1194 -42.4640 -34.2939 -16.4769 28.2132 0.9959 -44.2337 -39.6548 -29.6947 9.7249 18.9381 -26.4355 -43.5578 -36.7098 -23.1027 32.6045 10.7834 -41.6660 -42.0756 -33.8643 -15.7810 28.1556 1.6897 -44.2514 -40.0338 -30.8678 1.1193 20.5968
-2.0131 -31.3230 -40.2868 -44.2333 2.9973 28.9638 -16.7751 -34.1797 -42.2688 -40.9143 11.5518 32.3134 -23.6625 -36.9450 -43.6415 -24.5529 19.5122 7.4574 -29.9861 -39.7434 -44.2390 1.1609 28.2132 -16.3640 -34.2246 -42.4052 -39.5558 13.2694 29.5353 -25.9746 -38.1929 -44.0517 -7.8999 24.7069 -11.6645 -33.0847 -41.7648 -42.0587 11.0535 32.1329 -24.5110 -37.5963 -43.9282 -12.6524 23.4250 -9.1756 -32.6213 -41.4737 -42.9763 8.1468 23.2603 8.1468 -42.9763 -41.4737 -32.6213 -9.1756 23.4250 -12.6524 -43.9282 -37.5963 -24.5110 32.1329 11.0535 -42.0587 -41.7648 -33.0847 -11.6645 24.7069 -7.8999 -44.0517 -38.1929 -25.9746 29.5353 13.2694 -39.5558 -42.4052 -34.2246 -16.3640 28.2132 1.1609 -44.2390 -39.7434 -29.9861 7.4574 19.5122 -24.5529 -43.6415 -36.9450 -23.6625 32.3134 11.5518 -40.9143 -42.2688 -34.1797 -16.7751 28.9638 2.9973 -44.2333 -40.2868 -31.3230 -2.0131
-28.9036 -40.5369 -44.1652 4.1919 29.7465 -17.6987 -34.4935 -42.4562 -39.9918 12.3584 31.7135 -24.2756 -37.2059 -43.7274 -22.2688 20.2103 4.6533 -30.3949 -39.8827 -44.2480 1.6162 28.3932 -16.4769 -34.2246 -42.3825 -39.7773 13.0249 30.1218 -25.6697 -38.0375 -44.0134 -9.5439 24.1606 -10.5169 -32.8309 -41.5852 -42.5640 10.3163 32.5302 -23.8781 -37.3081 -43.8482 -15.6224 22.6425 -7.2120 -32.3006 -41.2473 -43.2697 8.7216 32.2194 -8.5944 32.2194 8.7216 -43.2697 -41.2473 -32.3006 -7.2120 22.6425 -15.6224 -43.8482 -37.3081 -23.8781 32.5302 10.3163 -42.5640 -41.5852 -32.8309 -10.5169 24.1606 -9.5439 -44.0134 -38.0375 -25.6697 30.1218 13.0249 -39.7773 -42.3825 -34.2246 -16.4769 28.3932 1.6162 -44.2480 -39.8827 -30.3949 4.6533 20.2103 -22.2688 -43.7274 -37.2059 -24.2756 31.7135 12.3584 -39.9918 -42.4562 -34.4935 -17.6987 29.7465 4.1919 -44.1652 -40.5369 -28.9036
-38.3838 -44.0470 5.2955 30.4815 -18.5648 -34.8055 -42.6353 -38.9052 13.1693 30.7287 -24.9186 -37.4883 -43.8156 -19.6232 20.9162 1.6595 -30.8686 -40.0598 -44.2514 2.3025 28.7319 -16.7903 -34.2939 -42.4052 -39.7773 12.9409 30.3894 -25.4829 -37.9276 -43.9820 -10.9626 23.7119 -9.4523 -32.6130 -41.4211 -42.9559 9.6276 32.6766 -23.2903 -37.0343 -43.7613 -18.6354 21.8676 -4.8934 -31.9763 -41.0141 -43.5913 8.1498 32.4312 -20.9095 -32.1908 -20.9095 32.4312 8.1498 -43.5913 -41.0141 -31.9763 -4.8934 21.8676 -18.6354 -43.7613 -37.0343 -23.2903 32.6766 9.6276 -42.9559 -41.4211 -32.6130 -9.4523 23.7119 -10.9626 -43.9820 -37.9276 -25.4829 30.3894 12.9409 -39.7773 -42.4052 -34.2939 -16.7903 28.7319 2.3025 -44.2514 -40.0598 -30.8686 1.6595 20.9162 -19.6232 -43.8156 -37.4883 -24.9186 30.7287 13.1693 -38.9052 -42.6353 -34.8055 -18.5648 30.4815 5.2955 -44.0470 -38.3838
-42.4985 6.3343 31.1510 -19.3838 -35.1157 -42.8057 -37.6361 13.9798 29.3150 -25.5631 -37.7779 -43.8996 -16.7187 21.6082 -1.2410 -31.2488 -40.2544 -44.2341 3.1410 29.1950 -17.2491 -34.4213 -42.4640 -39.5558 13.0249 30.3894 -25.4230 -37.8743 -43.9629 -12.0077 23.3660 -8.5325 -32.4327 -41.2796 -43.2453 8.9853 32.6609 -22.7560 -36.7858 -43.6733 -21.4512 21.1263 -2.1727 -31.6506 -40.7769 -43.8512 7.2878 32.1768 -21.3603 -35.8359 -41.8445 -35.8359 -21.3603 32.1768 7.2878 -43.8512 -40.7769 -31.6506 -2.1727 21.1263 -21.4512 -43.6733 -36.7858 -22.7560 32.6609 8.9853 -43.2453 -41.2796 -32.4327 -8.5325 23.3660 -12.0077 -43.9629 -37.8743 -25.4230 30.3894 13.0249 -39.5558 -42.4640 -34.4213 -17.2491 29.1950 3.1410 -44.2341 -40.2544 -31.2488 -1.2410 21.6082 -16.7187 -43.8996 -37.7779 -25.5631 29.3150 13.9798 -37.6361 -42.8057 -35.1157 -19.3838 31.1510 6.3343 -42.4985
6.4102 31.7345 -20.1639 -35.4241 -42.9671 -36.1658 14.7945 27.4134 -26.2038 -38.0646 -43.9733 -13.7419 22.3533 -3.9544 -31.5394 -40.4630 -44.1851 4.0423 29.7364 -17.8157 -34.5957 -42.5502 -39.1194 13.2694 30.1218 -25.4829 -37.8743 -43.9563 -12.5434 23.1469 -7.8249 -32.2945 -41.1685 -43.4484 8.4283 32.5433 -22.2619 -36.5603 -43.5880 -23.9025 20.3986 0.8408 -31.3347 -40.5404 -44.0384 6.3241 31.7292 -20.8617 -35.9361 -43.9082 -45.2428 -43.9082 -35.9361 -20.8617 31.7292 6.3241 -44.0384 -40.5404 -31.3347 0.8408 20.3986 -23.9025 -43.5880 -36.5603 -22.2619 32.5433 8.4283 -43.4484 -41.1685 -32.2945 -7.8249 23.1469 -12.5434 -43.9563 -37.8743 -25.4829 30.1218 13.2694 -39.1194 -42.5502 -34.5957 -17.8157 29.7364 4.0423 -44.1851 -40.4630 -31.5394 -3.9544 22.3533 -13.7419 -43.9733 -38.0646 -26.2038 27.4134 14.7945 -36.1658 -42.9671 -35.4241 -20.1639 31.7345 6.4102
31.5920 -20.9131 -35.7306 -43.1193 -34.4759 15.6180 24.9733 -26.8427 -38.3480 -44.0373 -10.8711 23.1330 -6.3949 -31.8551 -40.6902 -44.0892 4.9817 30.3234 -18.4590 -34.8097 -42.6621 -38.4555 13.6565 29.5353 -25.6697 -37.9276 -43.9629 -12.5434 23.0739 -7.4414 -32.2082 -41.0917 -43.5822 7.9848 32.3844 -21.8251 -36.3615 -43.5075 -25.9791 19.6737 3.9369 -30.9587 -40.3132 -44.1596 5.3319 31.1572 -20.1586 -35.7136 -43.3305 -34.1677 6.5792 -34.1677 -43.3305 -35.7136 -20.1586 31.1572 5.3319 -44.1596 -40.3132 -30.9587 3.9369 19.6737 -25.9791 -43.5075 -36.3615 -21.8251 32.3844 7.9848 -43.5822 -41.0917 -32.2082 -7.4414 23.0739 -12.5434 -43.9629 -37.9276 -25.6697 29.5353 13.6565 -38.4555 -42.6621 -34.8097 -18.4590 30.3234 4.9817 -44.0892 -40.6902 -31.8551 -6.3949 23.1330 -10.8711 -44.0373 -38.3480 -26.8427 24.9733 15.6180 -34.4759 -43.1193 -35.7306 -20.9131 31.5920
-20.4496 -36.0365 -43.2619 -32.5505 16.4549 21.9664 -27.4818 -38.6280 -44.0921 -8.2193 23.9202 -8.4831 -32.1804 -40.9260 -43.9293 5.9617 30.9337 -19.1525 -35.0553 -42.7899 -37.5552 14.1662 28.5786 -25.9746 -38.0375 -43.9820 -12.0077 23.1469 -7.4414 -32.1780 -41.0521 -43.6598 7.6717 32.2328 -21.4792 -36.1967 -43.4325 -27.6952 19.0235 6.9386 -30.4872 -40.1020 -44.2255 4.3371 30.5313 -19.4112 -35.4264 -43.1363 -33.3264 15.2268 30.3585 15.2268 -33.3264 -43.1363 -35.4264 -19.4112 30.5313 4.3371 -44.2255 -40.1020 -30.4872 6.9386 19.0235 -27.6952 -43.4325 -36.1967 -21.4792 32.2328 7.6717 -43.6598 -41.0521 -32.1780 -7.4414 23.1469 -12.0077 -43.9820 -38.0375 -25.9746 28.5786 14.1662 -37.5552 -42.7899 -35.0553 -19.1525 30.9337 5.9617 -43.9293 -40.9260 -32.1804 -8.4831 23.9202 -8.2193 -44.0921 -38.6280 -27.4818 21.9664 16.4549 -32.5505 -43.2619 -36.0365 -20.4496
-33.7639 -43.3985 -30.3786 17.3103 18.4100 -28.1229 -38.9043 -44.1381 -5.8278 24.7148 -10.2690 -32.5042 -41.1586 -43.6953 6.9423 31.5287 -19.8880 -35.3279 -42.9274 -36.4021 14.7689 27.1840 -26.3747 -38.1929 -44.0134 -10.9626 23.3660 -7.8249 -32.2082 -41.0521 -43.6858 7.5072 32.1228 -21.2353 -36.0702 -43.3675 -29.0309 18.4946 9.6406 -30.0309 -39.9107 -44.2501 3.3539 29.8980 -18.6809 -35.1406 -42.9760 -34.5798 16.0107 25.4757 -19.9500 25.4757 16.0107 -34.5798 -42.9760 -35.1406 -18.6809 29.8980 3.3539 -44.2501 -39.9107 -30.0309 9.6406 18.4946 -29.0309 -43.3675 -36.0702 -21.2353 32.1228 7.5072 -43.6858 -41.0521 -32.2082 -7.8249 23.3660 -10.9626 -44.0134 -38.1929 -26.3747 27.1840 14.7689 -36.4021 -42.9274 -35.3279 -19.8880 31.5287 6.9423 -43.6953 -41.1586 -32.5042 -10.2690 24.7148 -5.8278 -44.1381 -38.9043 -28.1229 18.4100 17.3103 -30.3786 -43.3985 -33.7639
-41.4349 -27.9684 18.1894 14.4009 -28.7679 -39.1767 -44.1760 -3.7016 25.5160 -11.8192 -32.8263 -41.3848 -43.3828 7.8839 32.0441 -20.6371 -35.6203 -43.0689 -34.9931 15.4342 25.3216 -26.8343 -38.3801 -44.0517 -9.5439 23.7119 -8.5325 -32.2945 -41.0917 -43.6598 7.5072 32.0820 -21.1076 -35.9891 -43.3232 -29.9994 18.0771 11.8865 -29.6544 -39.7441 -44.2485 2.4197 29.2885 -17.9753 -34.8742 -42.8304 -36.0476 15.5688 23.2535 -26.9457 -35.1930 -26.9457 23.2535 15.5688 -36.0476 -42.8304 -34.8742 -17.9753 29.2885 2.4197 -44.2485 -39.7441 -29.6544 11.8865 18.0771 -29.9994 -43.3232 -35.9891 -21.1076 32.0820 7.5072 -43.6598 -41.0917 -32.2945 -8.5325 23.7119 -9.5439 -44.0517 -38.3801 -26.8343 25.3216 15.4342 -34.9931 -43.0689 -35.6203 -20.6371 32.0441 7.8839 -43.3828 -41.3848 -32.8263 -11.8192 25.5160 -3.7016 -44.1760 -39.1767 -28.7679 14.4009 18.1894 -27.9684 -41.4349
-26.8708 19.1258 10.1434 -29.4186 -39.4450 -44.2070 -1.8209 26.3228 -13.1854 -33.1469 -41.6043 -42.9818 8.7855 32.4287 -21.3682 -35.9220 -43.2100 -33.2730 16.1703 22.9024 -27.3399 -38.5920 -44.0903 -7.8999 24.1606 -9.4523 -32.4327 -41.1685 -43.5822 7.6717 32.1228 -21.1076 -35.9608 -43.3014 -30.6122 17.7796 13.5708 -29.3496 -39.6068 -44.2376 1.5624 28.7400 -17.3090 -34.6282 -42.6935 -37.3153 14.9073 24.9527 -27.2861 -38.6170 -44.1369 -38.6170 -27.2861 24.9527 14.9073 -37.3153 -42.6935 -34.6282 -17.3090 28.7400 1.5624 -44.2376 -39.6068 -29.3496 13.5708 17.7796 -30.6122 -43.3014 -35.9608 -21.1076 32.1228 7.6717 -43.5822 -41.1685 -32.4327 -9.4523 24.1606 -7.8999 -44.0903 -38.5920 -27.3399 22.9024 16.1703 -33.2730 -43.2100 -35.9220 -21.3682 32.4287 8.7855 -42.9818 -41.6043 -33.1469 -13.1854 26.3228 -1.8209 -44.2070 -39.4450 -29.4186 10.1434 19.1258 -26.8708
19.5155 5.9246 -30.0766 -39.7089 -44.2323 -0.1539 27.1340 -14.4068 -33.4659 -41.8168 -42.4807 9.6560 32.6489 -22.0761 -36.2250 -43.3465 -31.2159 16.9895 19.7521 -27.9061 -38.8241 -44.1277 -6.1224 24.7069 -10.5169 -32.6130 -41.2796 -43.4484 7.9848 32.2328 -21.2353 -35.9891 -43.3014 -30.8228 17.6268 14.6449 -29.1302 -39.5022 -44.2267 0.8163 28.2758 -16.7091 -34.4135 -42.5619 -38.3542 14.2532 26.9144 -26.9010 -38.5918 -44.9101 -37.6569 -44.9101 -38.5918 -26.9010 26.9144 14.2532 -38.3542 -42.5619 -34.4135 -16.7091 28.2758 0.8163 -44.2267 -39.5022 -29.1302 14.6449 17.6268 -30.8228 -43.3014 -35.9891 -21.2353 32.2328 7.9848 -43.4484 -41.2796 -32.6130 -10.5169 24.7069 -6.1224 -44.1277 -38.8241 -27.9061 19.7521 16.9895 -31.2159 -43.3465 -36.2250 -22.0761 32.6489 9.6560 -42.4807 -41.8168 -33.4659 -14.4068 27.1340 -0.1539 -44.2323 -39.7089 -30.0766 5.9246 19.5155
2.0018 -30.7408 -39.9682 -44.2502 1.3339 27.9474 -15.5135 -33.7834 -42.0220 -41.8669 10.5027 32.6656 -22.7650 -36.5259 -43.4732 -28.8877 17.8592 15.9350 -28.5274 -39.0789 -44.1636 -4.2947 25.3404 -11.6645 -32.8309 -41.4211 -43.2453 8.4283 32.3844 -21.4792 -36.0702 -43.3232 -30.6122 17.6268 15.0315 -29.0166 -39.4342 -44.2177 0.2238 27.8971 -16.1955 -34.2342 -42.4450 -39.1731 13.6616 28.4946 -26.4232 -38.4073 -44.1734 -10.2080 13.6786 -10.2080 -44.1734 -38.4073 -26.4232 28.4946 13.6616 -39.1731 -42.4450 -34.2342 -16.1955 27.8971 0.2238 -44.2177 -39.4342 -29.0166 15.0315 17.6268 -30.6122 -43.3232 -36.0702 -21.4792 32.3844 8.4283 -43.2453 -41.4211 -32.8309 -11.6645 25.3404 -4.2947 -44.1636 -39.0789 -28.5274 15.9350 17.8592 -28.8877 -43.4732 -36.5259 -22.7650 32.6656 10.5027 -41.8669 -42.0220 -33.7834 -15.5135 27.9474 1.3339 -44.2502 -39.9682 -30.7408 2.0018
-28.4695 -40.2248 -44.2424 2.6745 28.7587 -16.5281 -34.0992 -42.2195 -41.1261 11.3323 32.4341 -23.4387 -36.8243 -43.5899 -26.3171 18.7563 11.7392 -29.1757 -39.3457 -44.1963 -2.4727 26.0529 -12.8349 -33.0847 -41.5852 -42.9559 8.9853 32.5433 -21.8251 -36.1967 -43.3675 -29.9994 17.7796 14.6449 -29.0166 -39.4094 -44.2131 -0.1736 27.6234 -15.7930 -34.0878 -42.3476 -39.7931 13.1523 29.6471 -25.9656 -38.2031 -44.0733 -8.5704 22.5442 29.4885 22.5442 -8.5704 -44.0733 -38.2031 -25.9656 29.6471 13.1523 -39.7931 -42.3476 -34.0878 -15.7930 27.6234 -0.1736 -44.2131 -39.4094 -29.0166 14.6449 17.7796 -29.9994 -43.3675 -36.1967 -21.8251 32.5433 8.9853 -42.9559 -41.5852 -33.0847 -12.8349 26.0529 -2.4727 -44.1963 -39.3457 -29.1757 11.7392 18.7563 -26.3171 -43.5899 -36.8243 -23.4387 32.4341 11.3323 -41.1261 -42.2195 -34.0992 -16.5281 28.7587 2.6745 -44.2424 -40.2248 -28.4695
-38.0606 -44.1943 3.8958 29.5501 -17.4684 -34.4134 -42.4091 -40.2427 12.1504 31.9037 -24.1004 -37.1203 -43.6965 -23.5298 19.6873 7.4729 -29.8307 -39.6113 -44.2235 -0.7514 26.8334 -13.9948 -33.3664 -41.7648 -42.5640 9.6276 32.6609 -22.2619 -36.3615 -43.4325 -29.0309 18.0771 13.5708 -29.1302 -39.4342 -44.2131 -0.3211 27.4812 -15.5254 -33.9817 -42.2726 -40.2566 12.7277 30.4571 -25.5636 -38.0110 -44.0184 -9.7052 23.8895 -6.7538 -26.6875 -6.7538 23.8895 -9.7052 -44.0184 -38.0110 -25.5636 30.4571 12.7277 -40.2566 -42.2726 -33.9817 -15.5254 27.4812 -0.3211 -44.2131 -39.4342 -29.1302 13.5708 18.0771 -29.0309 -43.4325 -36.3615 -22.2619 32.6609 9.6276 -42.5640 -41.7648 -33.3664 -13.9948 26.8334 -0.7514 -44.2235 -39.6113 -29.8307 7.4729 19.6873 -23.5298 -43.6965 -37.1203 -24.1004 31.9037 12.1504 -40.2427 -42.4091 -34.4134 -17.4684 29.5501 3.8958 -44.1943 -38.0606
-42.6173 5.0280 30.2990 -18.3481 -34.7258 -42.5903 -39.1998 12.9621 31.0190 -24.7529 -37.4136 -43.7929 -20.5761 20.5822 3.4369 -30.4943 -39.8723 -44.2456 0.7991 27.6446 -15.1135 -33.6691 -41.9536 -42.0587 10.3163 32.6766 -22.7560 -36.5603 -43.5075 -27.6952 18.4946 11.8865 -29.3496 -39.5022 -44.2177 -0.1736 27.4812 -15.4266 -33.9265 -42.2234 -40.5694 12.4063 31.0084 -25.2267 -37.8475 -43.9724 -11.3508 23.5958 -8.6879 -31.9540 -38.2146 -31.9540 -8.6879 23.5958 -11.3508 -43.9724 -37.8475 -25.2267 31.0084 12.4063 -40.5694 -42.2234 -33.9265 -15.4266 27.4812 -0.1736 -44.2177 -39.5022 -29.3496 11.8865 18.4946 -27.6952 -43.5075 -36.5603 -22.7560 32.6766 10.3163 -42.0587 -41.9536 -33.6691 -15.1135 27.6446 0.7991 -44.2456 -39.8723 -30.4943 3.4369 20.5822 -20.5761 -43.7929 -37.4136 -24.7529 31.0190 12.9621 -39.1998 -42.5903 -34.7258 -18.3481 30.2990 5.0280 -42.6173
5.1117 30.9880 -19.1783 -35.0365 -42.7630 -37.9792 13.7723 29.7208 -25.3987 -37.7041 -43.8791 -17.5338 21.3848 -0.1517 -31.0545 -40.1285 -44.2500 2.1910 28.4581 -16.1601 -33.9819 -42.1469 -41.4089 11.0535 32.5302 -23.2903 -36.7858 -43.5880 -25.9791 19.0235 9.6406 -29.6544 -39.6068 -44.2267 0.2238 27.6234 -15.5254 -33.9265 -42.2053 -40.7253 12.1980 31.3498 -24.9713 -37.7135 -43.9335 -12.9674 23.1626 -8.0434 -32.2688 -41.2911 -45.7356 -41.2911 -32.2688 -8.0434 23.1641 -12.9619 -43.9323 -37.7136 -24.9713 31.3498 12.1980 -40.7253 -42.2053 -33.9265 -15.5254 27.6234 0.2238 -44.2267 -39.6068 -29.6544 9.6406 19.0235 -25.9791 -43.5880 -36.7858 -23.2903 32.5302 11.0535 -41.4089 -42.1469 -33.9819 -16.1601 28.4581 2.1910 -44.2500 -40.1285 -31.0545 -0.1517 21.3848 -17.5338 -43.8791 -37.7041 -25.3987 29.7208 13.7723 -37.9792 -42.7630 -35.0365 -19.1783 30.9880 5.1117
31.0186 -19.9687 -35.3454 -42.9267 -36.5621 14.5855 27.9493 -26.0401 -37.9915 -43.9554 -14.5027 22.1550 -3.2196 -31.4442 -40.3797 -44.2142 3.4537 29.2595 -17.1262 -34.2966 -42.3395 -40.5891 11.8470 32.1329 -23.8781 -37.0343 -43.6733 -23.9025 19.6737 6.9386 -30.0309 -39.7441 -44.2376 0.8163 27.8971 -15.7930 -33.9817 -42.2234 -40.7253 12.1221 31.5098 -24.8055 -37.6156 -43.9034 -14.3361 22.7592 -6.9965 -32.1764 -41.1169 -44.2264 -13.2451 -44.2264 -41.1169 -32.1764 -7.0170 22.7696 -14.2960 -43.9009 -37.6159 -24.8055 31.5098 12.1221 -40.7253 -42.2234 -33.9817 -15.7930 27.8971 0.8163 -44.2376 -39.7441 -30.0309 6.9386 19.6737 -23.9025 -43.6733 -37.0343 -23.8781 32.1329 11.8470 -40.5891 -42.3395 -34.2966 -17.1262 29.2595 3.4537 -44.2142 -40.3797 -31.4442 -3.2196 22.1550 -14.5027 -43.9554 -37.9915 -26.0401 27.9493 14.5855 -36.5621 -42.9267 -35.3454 -19.9687 31.0186
-19.6353 -35.6538 -43.0812 -34.9300 15.4063 25.6509 -26.6793 -38.2758 -44.0219 -11.5872 22.9328 -5.8026 -31.7716 -40.6255 -44.1257 4.6121 30.0265 -18.0271 -34.6098 -42.5239 -39.6076 12.6605 31.3933 -24.5110 -37.3081 -43.7613 -21.4512 20.3986 3.9369 -30.4872 -39.9107 -44.2485 1.5624 28.2758 -16.1955 -34.0878 -42.2726 -40.5694 12.1980 31.5098 -24.7451 -37.5650 -43.8833 -15.3381 22.4543 -5.9950 -32.0351 -40.9974 -43.7574 5.8843 21.2758 5.8843 -43.7574 -40.9974 -32.0351 -6.0439 22.4722 -15.2683 -43.8807 -37.5652 -24.7451 31.5098 12.1980 -40.5694 -42.2726 -34.0878 -16.1955 28.2758 1.5624 -44.2485 -39.9107 -30.4872 3.9369 20.3986 -21.4512 -43.7613 -37.3081 -24.5110 31.3933 12.6605 -39.6076 -42.5239 -34.6098 -18.0271 30.0265 4.6121 -44.1257 -40.6255 -31.7716 -5.8026 22.9328 -11.5872 -44.0219 -38.2758 -26.6793 25.6509 15.4063 -34.9300 -43.0812 -35.6538 -19.6353
-33.3722 -43.2299 -33.0662 16.2393 22.7897 -27.3181 -38.5567 -44.0789 -8.8739 23.7181 -7.9807 -32.0974 -40.8656 -43.9776 5.6866 30.7393 -18.8746 -34.9211 -42.6997 -38.4553 13.4707 30.2560 -25.1590 -37.5963 -43.8482 -18.6354 21.1263 0.8408 -30.9587 -40.1020 -44.2501 2.4197 28.7400 -16.7091 -34.2342 -42.3476 -40.2566 12.4063 31.3498 -24.8055 -37.5650 -43.8759 -15.8610 22.2668 -5.2464 -31.9123 -40.8957 -43.8158 6.8756 31.0006 -3.0843 31.0020 6.8758 -43.8158 -40.8963 -31.9159 -5.3049 22.2851 -15.7845 -43.8735 -37.5652 -24.8055 31.3498 12.4063 -40.2566 -42.3476 -34.2342 -16.7091 28.7400 2.4197 -44.2501 -40.1020 -30.9587 0.8408 21.1263 -18.6354 -43.8482 -37.5963 -25.1590 30.2560 13.4707 -38.4553 -42.6997 -34.9211 -18.8746 30.7393 5.6866 -43.9776 -40.8656 -32.0974 -7.9807 23.7181 -8.8739 -44.0789 -38.5567 -27.3181 22.7897 16.2393 -33.0662 -43.2299 -33.3722
-41.2446 -30.9681 17.0894 19.3684 -27.9586 -38.8340 -44.1271 -6.4140 24.5108 -9.8370 -32.4215 -41.0997 -43.7622 6.6937 31.3793 -19.6782 -35.2307 -42.8668 -37.1136 14.2822 28.6674 -25.8018 -37.8849 -43.9282 -15.6224 21.8676 -2.1727 -31.3347 -40.3132 -44.2255 3.3539 29.2885 -17.3090 -34.4135 -42.4450 -39.7931 12.7277 31.0084 -24.9713 -37.6156 -43.8833 -15.8610 22.2043 -4.8442 -31.8323 -40.8273 -43.8878 6.7700 31.6797 -19.4128 -31.4827 -19.3948 31.6703 6.7898 -43.8806 -40.8189 -31.8474 -4.9092 22.2281 -15.7826 -43.8809 -37.6159 -24.9713 31.0084 12.7277 -39.7931 -42.4450 -34.4135 -17.3090 29.2885 3.3539 -44.2255 -40.3132 -31.3347 -2.1727 21.8676 -15.6224 -43.9282 -37.8849 -25.8018 28.6674 14.2822 -37.1136 -42.8668 -35.2307 -19.6782 31.3793 6.6937 -43.7622 -41.0997 -32.4215 -9.8370 24.5108 -6.4140 -44.1271 -38.8340 -27.9586 19.3684 17.0894 -30.9681 -41.2446
-29.8143 17.9873 15.4602 -28.6025 -39.1074 -44.1670 -4.2211 25.3104 -11.4420 -32.7441 -41.3275 -43.4708 7.6472 31.9235 -20.4457 -35.5384 -43.0248 -35.5636 15.0997 26.5705 -26.4416 -38.1704 -43.9983 -12.6524 22.6425 -4.8934 -31.6506 -40.5404 -44.1596 4.3371 29.8980 -17.9753 -34.6282 -42.5619 -39.1731 13.1523 30.4571 -25.2267 -37.7135 -43.9034 -15.3381 22.2668 -4.8452 -31.8403 -40.6924 -44.0460 6.7944 31.5499 -20.2792 -35.3898 -41.2706 -35.2050 -20.2502 31.6823 6.2877 -43.8511 -40.7902 -31.8023 -5.0347 22.2920 -15.2665 -43.9009 -37.7136 -25.2267 30.4571 13.1523 -39.1731 -42.5619 -34.6282 -17.9753 29.8980 4.3371 -44.1596 -40.5404 -31.6506 -4.8934 22.6425 -12.6524 -43.9983 -38.1704 -26.4416 26.5705 15.0997 -35.5636 -43.0248 -35.5384 -20.4457 31.9235 7.6472 -43.4708 -41.3275 -32.7441 -11.4420 25.3104 -4.2211 -44.1670 -39.1074 -28.6025 15.4602 17.9873 -29.8143
18.3177 11.2356 -29.2515 -39.3768 -44.1997 -2.2803 26.1160 -12.8510 -33.0650 -41.5488 -43.0934 8.5582 32.3445 -21.1836 -35.8441 -43.1735 -33.7877 15.9276 23.9210 -27.0803 -38.4526 -44.0588 -9.8558 23.4250 -7.2120 -31.9763 -40.7769 -44.0384 5.3319 30.5313 -18.6809 -34.8742 -42.6935 -38.3542 13.6616 29.6471 -25.5636 -37.8475 -43.9335 -14.3361 22.4543 -5.2474 -31.8373 -40.8023 -44.0408 6.6222 31.7903 -20.3856 -35.6011 -43.5704 -45.8781 -43.5140 -35.4254 -20.4262 31.4723 6.5794 -43.8445 -40.7123 -31.9452 -5.3747 22.4742 -14.2960 -43.9323 -37.8475 -25.5636 29.6471 13.6616 -38.3542 -42.6935 -34.8742 -18.6809 30.5313 5.3319 -44.0384 -40.7769 -31.9763 -7.2120 23.4250 -9.8558 -44.0588 -38.4526 -27.0803 23.9210 15.9276 -33.7877 -43.1735 -35.8441 -21.1836 32.3445 8.5582 -43.0934 -41.5488 -33.0650 -12.8510 26.1160 -2.2803 -44.1997 -39.3768 -29.2515 11.2356 18.3177
6.7611 -29.9078 -39.6423 -44.2265 -0.5648 26.9247 -14.1042 -33.3840 -41.7642 -42.6200 9.4343 32.6102 -21.8959 -36.1476 -43.3140 -31.7754 16.7694 20.7111 -27.7193 -38.7315 -44.1112 -7.3025 24.2135 -9.1756 -32.3006 -41.0141 -43.8512 6.3241 31.1572 -19.4112 -35.1406 -42.8304 -37.3153 14.2532 28.4946 -25.9656 -38.0110 -43.9724 -12.9674 22.7592 -5.9950 -31.9122 -40.8292 -44.0754 6.2319 31.5332 -20.1765 -35.5328 -43.1670 -36.0697 4.9734 -36.5017 -43.2927 -35.7294 -20.1360 31.3854 6.3573 -43.9706 -40.9031 -31.9331 -6.0575 22.7697 -12.9619 -43.9724 -38.0110 -25.9656 28.4946 14.2532 -37.3153 -42.8304 -35.1406 -19.4112 31.1572 6.3241 -43.8512 -41.0141 -32.3006 -9.1756 24.2135 -7.3025 -44.1112 -38.7315 -27.7193 20.7111 16.7694 -31.7754 -43.3140 -36.1476 -21.8959 32.6102 9.4343 -42.6200 -41.7642 -33.3840 -14.1042 26.9247 -0.5648 -44.2265 -39.6423 -29.9078 6.7611
