0.0014 0.0198 0.2519 1.0000 1.0000 0.0004 0.0054 0.0681 0.8605 1.0000 0.0001 0.0014 0.0182 0.2299 1.0000 1.0000 0.0004 0.0049 0.0614 0.7765 1.0000 0.0001 0.0013 0.0164 0.2075 1.0000 1.0000 0.0003 0.0044 0.0554 0.7007 1.0000 0.0001 0.0012 0.0148 0.1872 1.0000 1.0000 0.0003 0.0040 0.0500 0.6323 1.0000 0.0001 0.0011 0.0134 0.1686 1.0000 1.0000 0.0002 0.0012 0.0002 1.0000 1.0000 0.1686 0.0134 0.0011 0.0001 1.0000 0.6323 0.0500 0.0040 0.0003 1.0000 1.0000 0.1872 0.0148 0.0012 0.0001 1.0000 0.7007 0.0554 0.0044 0.0003 1.0000 1.0000 0.2075 0.0164 0.0013 0.0001 1.0000 0.7765 0.0614 0.0049 0.0004 1.0000 1.0000 0.2299 0.0182 0.0014 0.0001 1.0000 0.8605 0.0681 0.0054 0.0004 1.0000 1.0000 0.2519 0.0198 0.0014
0.0198 0.2602 1.0000 1.0000 0.0004 0.0053 0.0676 0.8540 1.0000 0.0001 0.0014 0.0180 0.2282 1.0000 1.0000 0.0004 0.0048 0.0610 0.7706 1.0000 0.0001 0.0013 0.0163 0.2059 1.0000 1.0000 0.0003 0.0044 0.0550 0.6954 1.0000 0.0001 0.0012 0.0147 0.1858 1.0000 1.0000 0.0003 0.0039 0.0496 0.6275 1.0000 0.0001 0.0010 0.0133 0.1677 1.0000 1.0000 0.0003 0.0030 0.0150 0.0030 0.0003 1.0000 1.0000 0.1677 0.0133 0.0010 0.0001 1.0000 0.6275 0.0496 0.0039 0.0003 1.0000 1.0000 0.1858 0.0147 0.0012 0.0001 1.0000 0.6954 0.0550 0.0044 0.0003 1.0000 1.0000 0.2059 0.0163 0.0013 0.0001 1.0000 0.7706 0.0610 0.0048 0.0004 1.0000 1.0000 0.2282 0.0180 0.0014 0.0001 1.0000 0.8540 0.0676 0.0053 0.0004 1.0000 1.0000 0.2602 0.0198
0.2519 1.0000 1.0000 0.0004 0.0050 0.0628 0.7914 1.0000 0.0001 0.0013 0.0166 0.2102 1.0000 1.0000 0.0004 0.0044 0.0562 0.7101 1.0000 0.0001 0.0012 0.0150 0.1897 1.0000 1.0000 0.0003 0.0040 0.0507 0.6408 1.0000 0.0001 0.0011 0.0135 0.1712 1.0000 1.0000 0.0003 0.0036 0.0457 0.5783 1.0000 0.0001 0.0010 0.0122 0.1545 1.0000 1.0000 0.0003 0.0032 0.0352 0.1742 0.0352 0.0032 0.0003 1.0000 1.0000 0.1545 0.0122 0.0010 0.0001 1.0000 0.5783 0.0457 0.0036 0.0003 1.0000 1.0000 0.1712 0.0135 0.0011 0.0001 1.0000 0.6408 0.0507 0.0040 0.0003 1.0000 1.0000 0.1897 0.0150 0.0012 0.0001 1.0000 0.7101 0.0562 0.0044 0.0004 1.0000 1.0000 0.2102 0.0166 0.0013 0.0001 1.0000 0.7914 0.0628 0.0050 0.0004 1.0000 1.0000 0.2519
1.0000 1.0000 0.0004 0.0049 0.0603 0.7490 1.0000 0.0001 0.0012 0.0154 0.1941 1.0000 1.0000 0.0003 0.0041 0.0518 0.6544 1.0000 0.0001 0.0011 0.0138 0.1748 1.0000 1.0000 0.0003 0.0037 0.0467 0.5905 1.0000 0.0001 0.0010 0.0125 0.1578 1.0000 1.0000 0.0003 0.0033 0.0422 0.5329 1.0000 0.0001 0.0009 0.0113 0.1424 1.0000 1.0000 0.0002 0.0030 0.0368 0.4099 1.0000 0.4099 0.0368 0.0030 0.0002 1.0000 1.0000 0.1424 0.0113 0.0009 0.0001 1.0000 0.5329 0.0422 0.0033 0.0003 1.0000 1.0000 0.1578 0.0125 0.0010 0.0001 1.0000 0.5905 0.0467 0.0037 0.0003 1.0000 1.0000 0.1748 0.0138 0.0011 0.0001 1.0000 0.6544 0.0518 0.0041 0.0003 1.0000 1.0000 0.1941 0.0154 0.0012 0.0001 1.0000 0.7490 0.0603 0.0049 0.0004 1.0000 1.0000
1.0000 0.0004 0.0050 0.0603 0.7335 1.0000 0.0001 0.0011 0.0144 0.1809 1.0000 1.0000 0.0003 0.0038 0.0477 0.6030 1.0000 0.0001 0.0010 0.0127 0.1611 1.0000 1.0000 0.0003 0.0034 0.0430 0.5441 1.0000 0.0001 0.0009 0.0115 0.1454 1.0000 1.0000 0.0002 0.0031 0.0388 0.4910 1.0000 0.0001 0.0008 0.0104 0.1312 1.0000 1.0000 0.0002 0.0028 0.0348 0.4282 1.0000 1.0000 1.0000 0.4282 0.0348 0.0028 0.0002 1.0000 1.0000 0.1312 0.0104 0.0008 0.0001 1.0000 0.4910 0.0388 0.0031 0.0002 1.0000 1.0000 0.1454 0.0115 0.0009 0.0001 1.0000 0.5441 0.0430 0.0034 0.0003 1.0000 1.0000 0.1611 0.0127 0.0010 0.0001 1.0000 0.6030 0.0477 0.0038 0.0003 1.0000 1.0000 0.1809 0.0144 0.0011 0.0001 1.0000 0.7335 0.0603 0.0050 0.0004 1.0000
0.0004 0.0053 0.0628 0.7490 1.0000 0.0001 0.0011 0.0137 0.1709 1.0000 1.0000 0.0003 0.0035 0.0442 0.5567 1.0000 0.0001 0.0009 0.0117 0.1484 1.0000 1.0000 0.0002 0.0031 0.0397 0.5014 1.0000 0.0001 0.0008 0.0106 0.1340 1.0000 1.0000 0.0002 0.0028 0.0358 0.4525 1.0000 0.0001 0.0008 0.0096 0.1209 1.0000 1.0000 0.0002 0.0026 0.0322 0.4052 1.0000 1.0000 0.0002 1.0000 1.0000 0.4052 0.0322 0.0026 0.0002 1.0000 1.0000 0.1209 0.0096 0.0008 0.0001 1.0000 0.4525 0.0358 0.0028 0.0002 1.0000 1.0000 0.1340 0.0106 0.0008 0.0001 1.0000 0.5014 0.0397 0.0031 0.0002 1.0000 1.0000 0.1484 0.0117 0.0009 0.0001 1.0000 0.5567 0.0442 0.0035 0.0003 1.0000 1.0000 0.1709 0.0137 0.0011 0.0001 1.0000 0.7490 0.0628 0.0053 0.0004
0.0054 0.0676 0.7914 1.0000 0.0001 0.0011 0.0135 0.1654 1.0000 1.0000 0.0003 0.0033 0.0411 0.5179 1.0000 0.0001 0.0009 0.0108 0.1368 1.0000 1.0000 0.0002 0.0029 0.0365 0.4620 1.0000 0.0001 0.0008 0.0098 0.1234 1.0000 1.0000 0.0002 0.0026 0.0330 0.4169 1.0000 0.0001 0.0007 0.0088 0.1114 1.0000 1.0000 0.0002 0.0024 0.0298 0.3755 1.0000 1.0000 0.0005 0.0026 0.0005 1.0000 1.0000 0.3755 0.0298 0.0024 0.0002 1.0000 1.0000 0.1114 0.0088 0.0007 0.0001 1.0000 0.4169 0.0330 0.0026 0.0002 1.0000 1.0000 0.1234 0.0098 0.0008 0.0001 1.0000 0.4620 0.0365 0.0029 0.0002 1.0000 1.0000 0.1368 0.0108 0.0009 0.0001 1.0000 0.5179 0.0411 0.0033 0.0003 1.0000 1.0000 0.1654 0.0135 0.0011 0.0001 1.0000 0.7914 0.0676 0.0054
0.0681 0.8540 1.0000 0.0001 0.0011 0.0137 0.1654 1.0000 1.0000 0.0003 0.0031 0.0388 0.4854 1.0000 0.0001 0.0008 0.0100 0.1263 1.0000 1.0000 0.0002 0.0027 0.0337 0.4257 1.0000 0.0001 0.0007 0.0090 0.1137 1.0000 1.0000 0.0002 0.0024 0.0304 0.3842 1.0000 1.0000 0.0006 0.0081 0.1026 1.0000 1.0000 0.0002 0.0022 0.0274 0.3467 1.0000 1.0000 0.0006 0.0062 0.0309 0.0062 0.0006 1.0000 1.0000 0.3467 0.0274 0.0022 0.0002 1.0000 1.0000 0.1026 0.0081 0.0006 1.0000 1.0000 0.3842 0.0304 0.0024 0.0002 1.0000 1.0000 0.1137 0.0090 0.0007 0.0001 1.0000 0.4257 0.0337 0.0027 0.0002 1.0000 1.0000 0.1263 0.0100 0.0008 0.0001 1.0000 0.4854 0.0388 0.0031 0.0003 1.0000 1.0000 0.1654 0.0137 0.0011 0.0001 1.0000 0.8540 0.0681
0.8605 1.0000 0.0001 0.0012 0.0144 0.1709 1.0000 1.0000 0.0002 0.0030 0.0373 0.4620 1.0000 0.0001 0.0007 0.0093 0.1175 1.0000 1.0000 0.0002 0.0025 0.0310 0.3923 1.0000 1.0000 0.0007 0.0083 0.1048 1.0000 1.0000 0.0002 0.0022 0.0280 0.3540 1.0000 1.0000 0.0006 0.0075 0.0946 1.0000 1.0000 0.0002 0.0020 0.0253 0.3195 1.0000 1.0000 0.0005 0.0065 0.0728 0.3595 0.0728 0.0065 0.0005 1.0000 1.0000 0.3195 0.0253 0.0020 0.0002 1.0000 1.0000 0.0946 0.0075 0.0006 1.0000 1.0000 0.3540 0.0280 0.0022 0.0002 1.0000 1.0000 0.1048 0.0083 0.0007 1.0000 1.0000 0.3923 0.0310 0.0025 0.0002 1.0000 1.0000 0.1175 0.0093 0.0007 0.0001 1.0000 0.4620 0.0373 0.0030 0.0002 1.0000 1.0000 0.1709 0.0144 0.0012 0.0001 1.0000 0.8605
1.0000 0.0001 0.0013 0.0154 0.1809 1.0000 1.0000 0.0003 0.0030 0.0368 0.4499 1.0000 0.0001 0.0007 0.0088 0.1101 1.0000 1.0000 0.0002 0.0023 0.0287 0.3615 1.0000 1.0000 0.0006 0.0076 0.0966 1.0000 1.0000 0.0002 0.0020 0.0258 0.3262 1.0000 1.0000 0.0005 0.0069 0.0872 1.0000 1.0000 0.0001 0.0018 0.0233 0.2944 1.0000 1.0000 0.0005 0.0062 0.0760 0.8475 1.0000 0.8475 0.0760 0.0062 0.0005 1.0000 1.0000 0.2944 0.0233 0.0018 0.0001 1.0000 1.0000 0.0872 0.0069 0.0005 1.0000 1.0000 0.3262 0.0258 0.0020 0.0002 1.0000 1.0000 0.0966 0.0076 0.0006 1.0000 1.0000 0.3615 0.0287 0.0023 0.0002 1.0000 1.0000 0.1101 0.0088 0.0007 0.0001 1.0000 0.4499 0.0368 0.0030 0.0003 1.0000 1.0000 0.1809 0.0154 0.0013 0.0001 1.0000
0.0001 0.0014 0.0166 0.1941 1.0000 1.0000 0.0003 0.0031 0.0373 0.4499 1.0000 0.0001 0.0007 0.0084 0.1044 1.0000 1.0000 0.0002 0.0021 0.0267 0.3350 1.0000 1.0000 0.0006 0.0070 0.0890 1.0000 1.0000 0.0001 0.0019 0.0238 0.3006 1.0000 1.0000 0.0005 0.0064 0.0803 1.0000 1.0000 0.0001 0.0017 0.0215 0.2713 1.0000 1.0000 0.0005 0.0057 0.0719 0.8854 1.0000 1.0000 1.0000 0.8854 0.0719 0.0057 0.0005 1.0000 1.0000 0.2713 0.0215 0.0017 0.0001 1.0000 1.0000 0.0803 0.0064 0.0005 1.0000 1.0000 0.3006 0.0238 0.0019 0.0001 1.0000 1.0000 0.0890 0.0070 0.0006 1.0000 1.0000 0.3350 0.0267 0.0021 0.0002 1.0000 1.0000 0.1044 0.0084 0.0007 0.0001 1.0000 0.4499 0.0373 0.0031 0.0003 1.0000 1.0000 0.1941 0.0166 0.0014 0.0001
0.0014 0.0180 0.2102 1.0000 1.0000 0.0003 0.0033 0.0388 0.4620 1.0000 0.0001 0.0007 0.0082 0.1009 1.0000 1.0000 0.0002 0.0020 0.0249 0.3129 1.0000 1.0000 0.0005 0.0065 0.0820 1.0000 1.0000 0.0001 0.0017 0.0219 0.2770 1.0000 1.0000 0.0005 0.0059 0.0740 0.9356 1.0000 0.0001 0.0016 0.0198 0.2500 1.0000 1.0000 0.0004 0.0053 0.0667 0.8379 1.0000 0.0001 0.0005 0.0001 1.0000 0.8379 0.0667 0.0053 0.0004 1.0000 1.0000 0.2500 0.0198 0.0016 0.0001 1.0000 0.9356 0.0740 0.0059 0.0005 1.0000 1.0000 0.2770 0.0219 0.0017 0.0001 1.0000 1.0000 0.0820 0.0065 0.0005 1.0000 1.0000 0.3129 0.0249 0.0020 0.0002 1.0000 1.0000 0.1009 0.0082 0.0007 0.0001 1.0000 0.4620 0.0388 0.0033 0.0003 1.0000 1.0000 0.2102 0.0180 0.0014
0.0182 0.2282 1.0000 1.0000 0.0003 0.0035 0.0411 0.4854 1.0000 0.0001 0.0007 0.0082 0.0998 1.0000 1.0000 0.0002 0.0019 0.0236 0.2944 1.0000 1.0000 0.0005 0.0060 0.0760 0.9572 1.0000 0.0001 0.0016 0.0202 0.2553 1.0000 1.0000 0.0004 0.0054 0.0682 0.8621 1.0000 0.0001 0.0014 0.0182 0.2303 1.0000 1.0000 0.0004 0.0049 0.0615 0.7765 1.0000 0.0001 0.0011 0.0055 0.0011 0.0001 1.0000 0.7765 0.0615 0.0049 0.0004 1.0000 1.0000 0.2303 0.0182 0.0014 0.0001 1.0000 0.8621 0.0682 0.0054 0.0004 1.0000 1.0000 0.2553 0.0202 0.0016 0.0001 1.0000 0.9572 0.0760 0.0060 0.0005 1.0000 1.0000 0.2944 0.0236 0.0019 0.0002 1.0000 1.0000 0.0998 0.0082 0.0007 0.0001 1.0000 0.4854 0.0411 0.0035 0.0003 1.0000 1.0000 0.2282 0.0182
0.2299 1.0000 1.0000 0.0003 0.0038 0.0442 0.5179 1.0000 0.0001 0.0007 0.0084 0.1009 1.0000 1.0000 0.0001 0.0018 0.0226 0.2802 1.0000 1.0000 0.0005 0.0057 0.0710 0.8905 1.0000 0.0001 0.0015 0.0186 0.2352 1.0000 1.0000 0.0004 0.0050 0.0628 0.7944 1.0000 0.0001 0.0013 0.0168 0.2123 1.0000 1.0000 0.0004 0.0045 0.0567 0.7169 1.0000 0.0001 0.0012 0.0129 0.0638 0.0129 0.0012 0.0001 1.0000 0.7169 0.0567 0.0045 0.0004 1.0000 1.0000 0.2123 0.0168 0.0013 0.0001 1.0000 0.7944 0.0628 0.0050 0.0004 1.0000 1.0000 0.2352 0.0186 0.0015 0.0001 1.0000 0.8905 0.0710 0.0057 0.0005 1.0000 1.0000 0.2802 0.0226 0.0018 0.0001 1.0000 1.0000 0.1009 0.0084 0.0007 0.0001 1.0000 0.5179 0.0442 0.0038 0.0003 1.0000 1.0000 0.2299
1.0000 1.0000 0.0004 0.0041 0.0477 0.5567 1.0000 0.0001 0.0007 0.0088 0.1044 1.0000 1.0000 0.0001 0.0018 0.0222 0.2718 1.0000 1.0000 0.0004 0.0053 0.0667 0.8347 1.0000 0.0001 0.0014 0.0172 0.2172 1.0000 1.0000 0.0004 0.0046 0.0579 0.7321 1.0000 0.0001 0.0012 0.0155 0.1956 1.0000 1.0000 0.0003 0.0041 0.0523 0.6606 1.0000 0.0001 0.0011 0.0135 0.1504 0.7433 0.1504 0.0135 0.0011 0.0001 1.0000 0.6606 0.0523 0.0041 0.0003 1.0000 1.0000 0.1956 0.0155 0.0012 0.0001 1.0000 0.7321 0.0579 0.0046 0.0004 1.0000 1.0000 0.2172 0.0172 0.0014 0.0001 1.0000 0.8347 0.0667 0.0053 0.0004 1.0000 1.0000 0.2718 0.0222 0.0018 0.0001 1.0000 1.0000 0.1044 0.0088 0.0007 0.0001 1.0000 0.5567 0.0477 0.0041 0.0004 1.0000 1.0000
1.0000 0.0004 0.0044 0.0518 0.6030 1.0000 0.0001 0.0008 0.0093 0.1101 1.0000 1.0000 0.0002 0.0018 0.0222 0.2687 1.0000 1.0000 0.0004 0.0051 0.0632 0.7884 1.0000 0.0001 0.0013 0.0161 0.2020 1.0000 1.0000 0.0003 0.0042 0.0534 0.6746 1.0000 0.0001 0.0011 0.0143 0.1802 1.0000 1.0000 0.0003 0.0038 0.0482 0.6087 1.0000 0.0001 0.0010 0.0128 0.1572 1.0000 1.0000 1.0000 0.1572 0.0128 0.0010 0.0001 1.0000 0.6087 0.0482 0.0038 0.0003 1.0000 1.0000 0.1802 0.0143 0.0011 0.0001 1.0000 0.6746 0.0534 0.0042 0.0003 1.0000 1.0000 0.2020 0.0161 0.0013 0.0001 1.0000 0.7884 0.0632 0.0051 0.0004 1.0000 1.0000 0.2687 0.0222 0.0018 0.0002 1.0000 1.0000 0.1101 0.0093 0.0008 0.0001 1.0000 0.6030 0.0518 0.0044 0.0004 1.0000
0.0004 0.0048 0.0562 0.6544 1.0000 0.0001 0.0009 0.0100 0.1175 1.0000 1.0000 0.0002 0.0019 0.0226 0.2718 1.0000 1.0000 0.0004 0.0049 0.0607 0.7518 1.0000 0.0001 0.0012 0.0151 0.1890 1.0000 1.0000 0.0003 0.0039 0.0492 0.6216 1.0000 0.0001 0.0010 0.0131 0.1661 1.0000 1.0000 0.0003 0.0035 0.0444 0.5609 1.0000 0.0001 0.0009 0.0118 0.1487 1.0000 1.0000 0.0001 1.0000 1.0000 0.1487 0.0118 0.0009 0.0001 1.0000 0.5609 0.0444 0.0035 0.0003 1.0000 1.0000 0.1661 0.0131 0.0010 0.0001 1.0000 0.6216 0.0492 0.0039 0.0003 1.0000 1.0000 0.1890 0.0151 0.0012 0.0001 1.0000 0.7518 0.0607 0.0049 0.0004 1.0000 1.0000 0.2718 0.0226 0.0019 0.0002 1.0000 1.0000 0.1175 0.0100 0.0009 0.0001 1.0000 0.6544 0.0562 0.0048 0.0004
0.0049 0.0610 0.7101 1.0000 0.0001 0.0009 0.0108 0.1263 1.0000 1.0000 0.0002 0.0020 0.0236 0.2802 1.0000 1.0000 0.0004 0.0049 0.0596 0.7307 1.0000 0.0001 0.0011 0.0143 0.1778 1.0000 1.0000 0.0003 0.0036 0.0456 0.5750 1.0000 0.0001 0.0010 0.0121 0.1530 1.0000 1.0000 0.0003 0.0032 0.0409 0.5169 1.0000 0.0001 0.0009 0.0109 0.1378 1.0000 1.0000 0.0002 0.0010 0.0002 1.0000 1.0000 0.1378 0.0109 0.0009 0.0001 1.0000 0.5169 0.0409 0.0032 0.0003 1.0000 1.0000 0.1530 0.0121 0.0010 0.0001 1.0000 0.5750 0.0456 0.0036 0.0003 1.0000 1.0000 0.1778 0.0143 0.0011 0.0001 1.0000 0.7307 0.0596 0.0049 0.0004 1.0000 1.0000 0.2802 0.0236 0.0020 0.0002 1.0000 1.0000 0.1263 0.0108 0.0009 0.0001 1.0000 0.7101 0.0610 0.0049
0.0614 0.7706 1.0000 0.0001 0.0010 0.0117 0.1368 1.0000 1.0000 0.0002 0.0021 0.0249 0.2944 1.0000 1.0000 0.0004 0.0049 0.0596 0.7224 1.0000 0.0001 0.0011 0.0136 0.1693 1.0000 1.0000 0.0003 0.0034 0.0426 0.5349 1.0000 0.0001 0.0009 0.0112 0.1410 1.0000 1.0000 0.0002 0.0030 0.0377 0.4763 1.0000 0.0001 0.0008 0.0101 0.1273 1.0000 1.0000 0.0002 0.0023 0.0113 0.0023 0.0002 1.0000 1.0000 0.1273 0.0101 0.0008 0.0001 1.0000 0.4763 0.0377 0.0030 0.0002 1.0000 1.0000 0.1410 0.0112 0.0009 0.0001 1.0000 0.5349 0.0426 0.0034 0.0003 1.0000 1.0000 0.1693 0.0136 0.0011 0.0001 1.0000 0.7224 0.0596 0.0049 0.0004 1.0000 1.0000 0.2944 0.0249 0.0021 0.0002 1.0000 1.0000 0.1368 0.0117 0.0010 0.0001 1.0000 0.7706 0.0614
0.7765 1.0000 0.0001 0.0011 0.0127 0.1484 1.0000 1.0000 0.0002 0.0023 0.0267 0.3129 1.0000 1.0000 0.0004 0.0051 0.0607 0.7307 1.0000 0.0001 0.0011 0.0133 0.1633 1.0000 1.0000 0.0003 0.0032 0.0400 0.5014 1.0000 0.0001 0.0008 0.0103 0.1302 1.0000 1.0000 0.0002 0.0027 0.0347 0.4389 1.0000 0.0001 0.0007 0.0093 0.1173 1.0000 1.0000 0.0002 0.0024 0.0267 0.1319 0.0267 0.0024 0.0002 1.0000 1.0000 0.1173 0.0093 0.0007 0.0001 1.0000 0.4389 0.0347 0.0027 0.0002 1.0000 1.0000 0.1302 0.0103 0.0008 0.0001 1.0000 0.5014 0.0400 0.0032 0.0003 1.0000 1.0000 0.1633 0.0133 0.0011 0.0001 1.0000 0.7307 0.0607 0.0051 0.0004 1.0000 1.0000 0.3129 0.0267 0.0023 0.0002 1.0000 1.0000 0.1484 0.0127 0.0011 0.0001 1.0000 0.7765
1.0000 0.0001 0.0012 0.0138 0.1611 1.0000 1.0000 0.0002 0.0025 0.0287 0.3350 1.0000 1.0000 0.0005 0.0053 0.0632 0.7518 1.0000 0.0001 0.0011 0.0131 0.1602 1.0000 1.0000 0.0002 0.0031 0.0380 0.4745 1.0000 0.0001 0.0008 0.0097 0.1211 1.0000 1.0000 0.0002 0.0025 0.0320 0.4044 1.0000 0.0001 0.0007 0.0085 0.1081 1.0000 1.0000 0.0002 0.0023 0.0279 0.3111 1.0000 0.3111 0.0279 0.0023 0.0002 1.0000 1.0000 0.1081 0.0085 0.0007 0.0001 1.0000 0.4044 0.0320 0.0025 0.0002 1.0000 1.0000 0.1211 0.0097 0.0008 0.0001 1.0000 0.4745 0.0380 0.0031 0.0002 1.0000 1.0000 0.1602 0.0131 0.0011 0.0001 1.0000 0.7518 0.0632 0.0053 0.0005 1.0000 1.0000 0.3350 0.0287 0.0025 0.0002 1.0000 1.0000 0.1611 0.0138 0.0012 0.0001 1.0000
0.0001 0.0013 0.0150 0.1748 1.0000 1.0000 0.0002 0.0027 0.0310 0.3615 1.0000 1.0000 0.0005 0.0057 0.0667 0.7884 1.0000 0.0001 0.0011 0.0133 0.1602 1.0000 1.0000 0.0002 0.0030 0.0365 0.4533 1.0000 0.0001 0.0007 0.0091 0.1135 1.0000 1.0000 0.0002 0.0023 0.0295 0.3727 1.0000 1.0000 0.0006 0.0079 0.0996 1.0000 1.0000 0.0002 0.0021 0.0264 0.3250 1.0000 1.0000 1.0000 0.3250 0.0264 0.0021 0.0002 1.0000 1.0000 0.0996 0.0079 0.0006 1.0000 1.0000 0.3727 0.0295 0.0023 0.0002 1.0000 1.0000 0.1135 0.0091 0.0007 0.0001 1.0000 0.4533 0.0365 0.0030 0.0002 1.0000 1.0000 0.1602 0.0133 0.0011 0.0001 1.0000 0.7884 0.0667 0.0057 0.0005 1.0000 1.0000 0.3615 0.0310 0.0027 0.0002 1.0000 1.0000 0.1748 0.0150 0.0013 0.0001
0.0013 0.0163 0.1897 1.0000 1.0000 0.0002 0.0029 0.0337 0.3923 1.0000 1.0000 0.0005 0.0060 0.0710 0.8347 1.0000 0.0001 0.0011 0.0136 0.1633 1.0000 1.0000 0.0002 0.0029 0.0356 0.4381 1.0000 0.0001 0.0007 0.0086 0.1070 1.0000 1.0000 0.0002 0.0022 0.0274 0.3447 1.0000 1.0000 0.0006 0.0073 0.0918 1.0000 1.0000 0.0002 0.0019 0.0245 0.3075 1.0000 1.0000 0.0002 1.0000 1.0000 0.3075 0.0245 0.0019 0.0002 1.0000 1.0000 0.0918 0.0073 0.0006 1.0000 1.0000 0.3447 0.0274 0.0022 0.0002 1.0000 1.0000 0.1070 0.0086 0.0007 0.0001 1.0000 0.4381 0.0356 0.0029 0.0002 1.0000 1.0000 0.1633 0.0136 0.0011 0.0001 1.0000 0.8347 0.0710 0.0060 0.0005 1.0000 1.0000 0.3923 0.0337 0.0029 0.0002 1.0000 1.0000 0.1897 0.0163 0.0013
0.0164 0.2059 1.0000 1.0000 0.0003 0.0031 0.0365 0.4257 1.0000 1.0000 0.0006 0.0065 0.0760 0.8905 1.0000 0.0001 0.0012 0.0143 0.1693 1.0000 1.0000 0.0002 0.0029 0.0353 0.4306 1.0000 0.0001 0.0007 0.0082 0.1017 1.0000 1.0000 0.0002 0.0020 0.0256 0.3207 1.0000 1.0000 0.0005 0.0067 0.0845 1.0000 1.0000 0.0001 0.0018 0.0226 0.2850 1.0000 1.0000 0.0004 0.0020 0.0004 1.0000 1.0000 0.2850 0.0226 0.0018 0.0001 1.0000 1.0000 0.0845 0.0067 0.0005 1.0000 1.0000 0.3207 0.0256 0.0020 0.0002 1.0000 1.0000 0.1017 0.0082 0.0007 0.0001 1.0000 0.4306 0.0353 0.0029 0.0002 1.0000 1.0000 0.1693 0.0143 0.0012 0.0001 1.0000 0.8905 0.0760 0.0065 0.0006 1.0000 1.0000 0.4257 0.0365 0.0031 0.0003 1.0000 1.0000 0.2059 0.0164
0.2075 1.0000 1.0000 0.0003 0.0034 0.0397 0.4620 1.0000 1.0000 0.0006 0.0070 0.0820 0.9572 1.0000 0.0001 0.0013 0.0151 0.1778 1.0000 1.0000 0.0002 0.0030 0.0356 0.4306 1.0000 0.0001 0.0006 0.0079 0.0979 1.0000 1.0000 0.0002 0.0019 0.0241 0.3006 1.0000 1.0000 0.0005 0.0062 0.0781 0.9849 1.0000 0.0001 0.0016 0.0208 0.2631 1.0000 1.0000 0.0004 0.0047 0.0234 0.0047 0.0004 1.0000 1.0000 0.2631 0.0208 0.0016 0.0001 1.0000 0.9849 0.0781 0.0062 0.0005 1.0000 1.0000 0.3006 0.0241 0.0019 0.0002 1.0000 1.0000 0.0979 0.0079 0.0006 0.0001 1.0000 0.4306 0.0356 0.0030 0.0002 1.0000 1.0000 0.1778 0.0151 0.0013 0.0001 1.0000 0.9572 0.0820 0.0070 0.0006 1.0000 1.0000 0.4620 0.0397 0.0034 0.0003 1.0000 1.0000 0.2075
1.0000 1.0000 0.0003 0.0037 0.0430 0.5014 1.0000 0.0001 0.0007 0.0076 0.0890 1.0000 1.0000 0.0001 0.0014 0.0161 0.1890 1.0000 1.0000 0.0003 0.0031 0.0365 0.4381 1.0000 0.0001 0.0006 0.0078 0.0955 1.0000 1.0000 0.0001 0.0018 0.0228 0.2845 1.0000 1.0000 0.0005 0.0058 0.0726 0.9128 1.0000 0.0001 0.0015 0.0192 0.2425 1.0000 1.0000 0.0004 0.0050 0.0552 0.2728 0.0552 0.0050 0.0004 1.0000 1.0000 0.2425 0.0192 0.0015 0.0001 1.0000 0.9128 0.0726 0.0058 0.0005 1.0000 1.0000 0.2845 0.0228 0.0018 0.0001 1.0000 1.0000 0.0955 0.0078 0.0006 0.0001 1.0000 0.4381 0.0365 0.0031 0.0003 1.0000 1.0000 0.1890 0.0161 0.0014 0.0001 1.0000 1.0000 0.0890 0.0076 0.0007 0.0001 1.0000 0.5014 0.0430 0.0037 0.0003 1.0000 1.0000
1.0000 0.0003 0.0040 0.0467 0.5441 1.0000 0.0001 0.0007 0.0083 0.0966 1.0000 1.0000 0.0001 0.0015 0.0172 0.2020 1.0000 1.0000 0.0003 0.0032 0.0380 0.4533 1.0000 0.0001 0.0006 0.0078 0.0948 1.0000 1.0000 0.0001 0.0018 0.0220 0.2718 1.0000 1.0000 0.0004 0.0054 0.0681 0.8524 1.0000 0.0001 0.0014 0.0177 0.2234 1.0000 1.0000 0.0004 0.0047 0.0577 0.6433 1.0000 0.6433 0.0577 0.0047 0.0004 1.0000 1.0000 0.2234 0.0177 0.0014 0.0001 1.0000 0.8524 0.0681 0.0054 0.0004 1.0000 1.0000 0.2718 0.0220 0.0018 0.0001 1.0000 1.0000 0.0948 0.0078 0.0006 0.0001 1.0000 0.4533 0.0380 0.0032 0.0003 1.0000 1.0000 0.2020 0.0172 0.0015 0.0001 1.0000 1.0000 0.0966 0.0083 0.0007 0.0001 1.0000 0.5441 0.0467 0.0040 0.0003 1.0000
0.0003 0.0044 0.0507 0.5905 1.0000 0.0001 0.0008 0.0090 0.1048 1.0000 1.0000 0.0001 0.0016 0.0186 0.2172 1.0000 1.0000 0.0003 0.0034 0.0400 0.4745 1.0000 0.0001 0.0007 0.0079 0.0955 1.0000 1.0000 0.0001 0.0017 0.0213 0.2626 1.0000 1.0000 0.0004 0.0051 0.0642 0.8020 1.0000 0.0001 0.0013 0.0164 0.2063 1.0000 1.0000 0.0003 0.0043 0.0546 0.6720 1.0000 1.0000 1.0000 0.6720 0.0546 0.0043 0.0003 1.0000 1.0000 0.2063 0.0164 0.0013 0.0001 1.0000 0.8020 0.0642 0.0051 0.0004 1.0000 1.0000 0.2626 0.0213 0.0017 0.0001 1.0000 1.0000 0.0955 0.0079 0.0007 0.0001 1.0000 0.4745 0.0400 0.0034 0.0003 1.0000 1.0000 0.2172 0.0186 0.0016 0.0001 1.0000 1.0000 0.1048 0.0090 0.0008 0.0001 1.0000 0.5905 0.0507 0.0044 0.0003
0.0044 0.0550 0.6408 1.0000 0.0001 0.0008 0.0098 0.1137 1.0000 1.0000 0.0001 0.0017 0.0202 0.2352 1.0000 1.0000 0.0003 0.0036 0.0426 0.5014 1.0000 0.0001 0.0007 0.0082 0.0979 1.0000 1.0000 0.0001 0.0017 0.0210 0.2567 1.0000 1.0000 0.0004 0.0049 0.0610 0.7590 1.0000 0.0001 0.0012 0.0153 0.1919 1.0000 1.0000 0.0003 0.0040 0.0506 0.6360 1.0000 0.0001 0.0004 0.0001 1.0000 0.6360 0.0506 0.0040 0.0003 1.0000 1.0000 0.1919 0.0153 0.0012 0.0001 1.0000 0.7590 0.0610 0.0049 0.0004 1.0000 1.0000 0.2567 0.0210 0.0017 0.0001 1.0000 1.0000 0.0979 0.0082 0.0007 0.0001 1.0000 0.5014 0.0426 0.0036 0.0003 1.0000 1.0000 0.2352 0.0202 0.0017 0.0001 1.0000 1.0000 0.1137 0.0098 0.0008 0.0001 1.0000 0.6408 0.0550 0.0044
0.0554 0.6954 1.0000 0.0001 0.0009 0.0106 0.1234 1.0000 1.0000 0.0002 0.0019 0.0219 0.2553 1.0000 1.0000 0.0003 0.0039 0.0456 0.5349 1.0000 0.0001 0.0007 0.0086 0.1017 1.0000 1.0000 0.0001 0.0017 0.0210 0.2548 1.0000 1.0000 0.0004 0.0047 0.0586 0.7265 1.0000 0.0001 0.0012 0.0144 0.1799 1.0000 1.0000 0.0003 0.0037 0.0468 0.5905 1.0000 0.0001 0.0008 0.0042 0.0008 0.0001 1.0000 0.5905 0.0468 0.0037 0.0003 1.0000 1.0000 0.1799 0.0144 0.0012 0.0001 1.0000 0.7265 0.0586 0.0047 0.0004 1.0000 1.0000 0.2548 0.0210 0.0017 0.0001 1.0000 1.0000 0.1017 0.0086 0.0007 0.0001 1.0000 0.5349 0.0456 0.0039 0.0003 1.0000 1.0000 0.2553 0.0219 0.0019 0.0002 1.0000 1.0000 0.1234 0.0106 0.0009 0.0001 1.0000 0.6954 0.0554
0.7007 1.0000 0.0001 0.0010 0.0115 0.1340 1.0000 1.0000 0.0002 0.0020 0.0238 0.2770 1.0000 1.0000 0.0004 0.0042 0.0492 0.5750 1.0000 0.0001 0.0008 0.0091 0.1070 1.0000 1.0000 0.0001 0.0018 0.0213 0.2567 1.0000 1.0000 0.0004 0.0046 0.0570 0.7021 1.0000 0.0001 0.0011 0.0137 0.1702 1.0000 1.0000 0.0003 0.0035 0.0435 0.5472 1.0000 0.0001 0.0009 0.0098 0.0484 0.0098 0.0009 0.0001 1.0000 0.5472 0.0435 0.0035 0.0003 1.0000 1.0000 0.1702 0.0137 0.0011 0.0001 1.0000 0.7021 0.0570 0.0046 0.0004 1.0000 1.0000 0.2567 0.0213 0.0018 0.0001 1.0000 1.0000 0.1070 0.0091 0.0008 0.0001 1.0000 0.5750 0.0492 0.0042 0.0004 1.0000 1.0000 0.2770 0.0238 0.0020 0.0002 1.0000 1.0000 0.1340 0.0115 0.0010 0.0001 1.0000 0.7007
1.0000 0.0001 0.0011 0.0125 0.1454 1.0000 1.0000 0.0002 0.0022 0.0258 0.3006 1.0000 1.0000 0.0004 0.0046 0.0534 0.6216 1.0000 0.0001 0.0008 0.0097 0.1135 1.0000 1.0000 0.0002 0.0018 0.0220 0.2626 1.0000 1.0000 0.0004 0.0046 0.0562 0.6862 1.0000 0.0001 0.0011 0.0131 0.1623 1.0000 1.0000 0.0003 0.0032 0.0407 0.5101 1.0000 0.0001 0.0008 0.0103 0.1142 0.5641 0.1142 0.0103 0.0008 0.0001 1.0000 0.5101 0.0407 0.0032 0.0003 1.0000 1.0000 0.1623 0.0131 0.0011 0.0001 1.0000 0.6862 0.0562 0.0046 0.0004 1.0000 1.0000 0.2626 0.0220 0.0018 0.0002 1.0000 1.0000 0.1135 0.0097 0.0008 0.0001 1.0000 0.6216 0.0534 0.0046 0.0004 1.0000 1.0000 0.3006 0.0258 0.0022 0.0002 1.0000 1.0000 0.1454 0.0125 0.0011 0.0001 1.0000
0.0001 0.0012 0.0135 0.1578 1.0000 1.0000 0.0002 0.0024 0.0280 0.3262 1.0000 1.0000 0.0004 0.0050 0.0579 0.6746 1.0000 0.0001 0.0009 0.0103 0.1211 1.0000 1.0000 0.0002 0.0019 0.0228 0.2718 1.0000 1.0000 0.0004 0.0046 0.0562 0.6810 1.0000 0.0001 0.0010 0.0127 0.1563 1.0000 1.0000 0.0002 0.0031 0.0383 0.4781 1.0000 0.0001 0.0008 0.0098 0.1197 1.0000 1.0000 1.0000 0.1197 0.0098 0.0008 0.0001 1.0000 0.4781 0.0383 0.0031 0.0002 1.0000 1.0000 0.1563 0.0127 0.0010 0.0001 1.0000 0.6810 0.0562 0.0046 0.0004 1.0000 1.0000 0.2718 0.0228 0.0019 0.0002 1.0000 1.0000 0.1211 0.0103 0.0009 0.0001 1.0000 0.6746 0.0579 0.0050 0.0004 1.0000 1.0000 0.3262 0.0280 0.0024 0.0002 1.0000 1.0000 0.1578 0.0135 0.0012 0.0001
0.0012 0.0147 0.1712 1.0000 1.0000 0.0002 0.0026 0.0304 0.3540 1.0000 1.0000 0.0005 0.0054 0.0628 0.7321 1.0000 0.0001 0.0010 0.0112 0.1302 1.0000 1.0000 0.0002 0.0020 0.0241 0.2845 1.0000 1.0000 0.0004 0.0047 0.0570 0.6862 1.0000 0.0001 0.0010 0.0124 0.1522 1.0000 1.0000 0.0002 0.0029 0.0363 0.4525 1.0000 0.0001 0.0007 0.0092 0.1144 1.0000 1.0000 0.0001 1.0000 1.0000 0.1144 0.0092 0.0007 0.0001 1.0000 0.4525 0.0363 0.0029 0.0002 1.0000 1.0000 0.1522 0.0124 0.0010 0.0001 1.0000 0.6862 0.0570 0.0047 0.0004 1.0000 1.0000 0.2845 0.0241 0.0020 0.0002 1.0000 1.0000 0.1302 0.0112 0.0010 0.0001 1.0000 0.7321 0.0628 0.0054 0.0005 1.0000 1.0000 0.3540 0.0304 0.0026 0.0002 1.0000 1.0000 0.1712 0.0147 0.0012
0.0148 0.1858 1.0000 1.0000 0.0002 0.0028 0.0330 0.3842 1.0000 1.0000 0.0005 0.0059 0.0682 0.7944 1.0000 0.0001 0.0010 0.0121 0.1410 1.0000 1.0000 0.0002 0.0022 0.0256 0.3006 1.0000 1.0000 0.0004 0.0049 0.0586 0.7021 1.0000 0.0001 0.0010 0.0123 0.1499 1.0000 1.0000 0.0002 0.0028 0.0348 0.4315 1.0000 0.0001 0.0007 0.0086 0.1076 1.0000 1.0000 0.0002 0.0007 0.0002 1.0000 1.0000 0.1076 0.0086 0.0007 0.0001 1.0000 0.4315 0.0348 0.0028 0.0002 1.0000 1.0000 0.1499 0.0123 0.0010 0.0001 1.0000 0.7021 0.0586 0.0049 0.0004 1.0000 1.0000 0.3006 0.0256 0.0022 0.0002 1.0000 1.0000 0.1410 0.0121 0.0010 0.0001 1.0000 0.7944 0.0682 0.0059 0.0005 1.0000 1.0000 0.3842 0.0330 0.0028 0.0002 1.0000 1.0000 0.1858 0.0148
0.1872 1.0000 1.0000 0.0003 0.0031 0.0358 0.4169 1.0000 1.0000 0.0005 0.0064 0.0740 0.8621 1.0000 0.0001 0.0011 0.0131 0.1530 1.0000 1.0000 0.0002 0.0023 0.0274 0.3207 1.0000 1.0000 0.0004 0.0051 0.0610 0.7265 1.0000 0.0001 0.0010 0.0124 0.1499 1.0000 1.0000 0.0002 0.0027 0.0337 0.4153 1.0000 0.0001 0.0007 0.0082 0.1017 1.0000 1.0000 0.0002 0.0018 0.0087 0.0018 0.0002 1.0000 1.0000 0.1017 0.0082 0.0007 0.0001 1.0000 0.4153 0.0337 0.0027 0.0002 1.0000 1.0000 0.1499 0.0124 0.0010 0.0001 1.0000 0.7265 0.0610 0.0051 0.0004 1.0000 1.0000 0.3207 0.0274 0.0023 0.0002 1.0000 1.0000 0.1530 0.0131 0.0011 0.0001 1.0000 0.8621 0.0740 0.0064 0.0005 1.0000 1.0000 0.4169 0.0358 0.0031 0.0003 1.0000 1.0000 0.1872
1.0000 1.0000 0.0003 0.0033 0.0388 0.4525 1.0000 1.0000 0.0006 0.0069 0.0803 0.9356 1.0000 0.0001 0.0012 0.0143 0.1661 1.0000 1.0000 0.0002 0.0025 0.0295 0.3447 1.0000 1.0000 0.0005 0.0054 0.0642 0.7590 1.0000 0.0001 0.0011 0.0127 0.1522 1.0000 1.0000 0.0002 0.0027 0.0330 0.4044 1.0000 1.0000 0.0006 0.0078 0.0966 1.0000 1.0000 0.0002 0.0019 0.0208 0.1023 0.0208 0.0019 0.0002 1.0000 1.0000 0.0966 0.0078 0.0006 1.0000 1.0000 0.4044 0.0330 0.0027 0.0002 1.0000 1.0000 0.1522 0.0127 0.0011 0.0001 1.0000 0.7590 0.0642 0.0054 0.0005 1.0000 1.0000 0.3447 0.0295 0.0025 0.0002 1.0000 1.0000 0.1661 0.0143 0.0012 0.0001 1.0000 0.9356 0.0803 0.0069 0.0006 1.0000 1.0000 0.4525 0.0388 0.0033 0.0003 1.0000 1.0000
1.0000 0.0003 0.0036 0.0422 0.4910 1.0000 0.0001 0.0006 0.0075 0.0872 1.0000 1.0000 0.0001 0.0013 0.0155 0.1802 1.0000 1.0000 0.0002 0.0027 0.0320 0.3727 1.0000 1.0000 0.0005 0.0058 0.0681 0.8020 1.0000 0.0001 0.0011 0.0131 0.1563 1.0000 1.0000 0.0002 0.0027 0.0327 0.3983 1.0000 1.0000 0.0006 0.0075 0.0925 1.0000 1.0000 0.0001 0.0018 0.0221 0.2443 1.0000 0.2443 0.0221 0.0018 0.0001 1.0000 1.0000 0.0925 0.0075 0.0006 1.0000 1.0000 0.3983 0.0327 0.0027 0.0002 1.0000 1.0000 0.1563 0.0131 0.0011 0.0001 1.0000 0.8020 0.0681 0.0058 0.0005 1.0000 1.0000 0.3727 0.0320 0.0027 0.0002 1.0000 1.0000 0.1802 0.0155 0.0013 0.0001 1.0000 1.0000 0.0872 0.0075 0.0006 0.0001 1.0000 0.4910 0.0422 0.0036 0.0003 1.0000
0.0003 0.0039 0.0457 0.5329 1.0000 0.0001 0.0007 0.0081 0.0946 1.0000 1.0000 0.0001 0.0014 0.0168 0.1956 1.0000 1.0000 0.0003 0.0030 0.0347 0.4044 1.0000 1.0000 0.0005 0.0062 0.0726 0.8524 1.0000 0.0001 0.0012 0.0137 0.1623 1.0000 1.0000 0.0002 0.0027 0.0330 0.3983 1.0000 1.0000 0.0006 0.0073 0.0895 1.0000 1.0000 0.0001 0.0017 0.0215 0.2606 1.0000 1.0000 1.0000 0.2606 0.0215 0.0017 0.0001 1.0000 1.0000 0.0895 0.0073 0.0006 1.0000 1.0000 0.3983 0.0330 0.0027 0.0002 1.0000 1.0000 0.1623 0.0137 0.0012 0.0001 1.0000 0.8524 0.0726 0.0062 0.0005 1.0000 1.0000 0.4044 0.0347 0.0030 0.0003 1.0000 1.0000 0.1956 0.0168 0.0014 0.0001 1.0000 1.0000 0.0946 0.0081 0.0007 0.0001 1.0000 0.5329 0.0457 0.0039 0.0003
0.0040 0.0496 0.5783 1.0000 0.0001 0.0008 0.0088 0.1026 1.0000 1.0000 0.0001 0.0016 0.0182 0.2123 1.0000 1.0000 0.0003 0.0032 0.0377 0.4389 1.0000 1.0000 0.0006 0.0067 0.0781 0.9128 1.0000 0.0001 0.0012 0.0144 0.1702 1.0000 1.0000 0.0002 0.0028 0.0337 0.4044 1.0000 1.0000 0.0006 0.0072 0.0877 1.0000 1.0000 0.0001 0.0017 0.0206 0.2548 1.0000 1.0000 0.0001 1.0000 1.0000 0.2548 0.0207 0.0017 0.0001 1.0000 1.0000 0.0877 0.0072 0.0006 1.0000 1.0000 0.4044 0.0337 0.0028 0.0002 1.0000 1.0000 0.1702 0.0144 0.0012 0.0001 1.0000 0.9128 0.0781 0.0067 0.0006 1.0000 1.0000 0.4389 0.0377 0.0032 0.0003 1.0000 1.0000 0.2123 0.0182 0.0016 0.0001 1.0000 1.0000 0.1026 0.0088 0.0008 0.0001 1.0000 0.5783 0.0496 0.0040
0.0500 0.6275 1.0000 0.0001 0.0008 0.0096 0.1114 1.0000 1.0000 0.0001 0.0017 0.0198 0.2303 1.0000 1.0000 0.0003 0.0035 0.0409 0.4763 1.0000 0.0001 0.0006 0.0073 0.0845 0.9849 1.0000 0.0001 0.0013 0.0153 0.1799 1.0000 1.0000 0.0002 0.0029 0.0348 0.4153 1.0000 1.0000 0.0006 0.0072 0.0870 1.0000 1.0000 0.0001 0.0016 0.0199 0.2457 1.0000 1.0000 0.0003 0.0016 0.0003 1.0000 1.0000 0.2457 0.0199 0.0016 0.0001 1.0000 1.0000 0.0870 0.0072 0.0006 1.0000 1.0000 0.4153 0.0348 0.0029 0.0002 1.0000 1.0000 0.1799 0.0153 0.0013 0.0001 1.0000 0.9849 0.0845 0.0073 0.0006 0.0001 1.0000 0.4763 0.0409 0.0035 0.0003 1.0000 1.0000 0.2303 0.0198 0.0017 0.0001 1.0000 1.0000 0.1114 0.0096 0.0008 0.0001 1.0000 0.6275 0.0500
0.6323 1.0000 0.0001 0.0009 0.0104 0.1209 1.0000 1.0000 0.0002 0.0018 0.0215 0.2500 1.0000 1.0000 0.0003 0.0038 0.0444 0.5169 1.0000 0.0001 0.0007 0.0079 0.0918 1.0000 1.0000 0.0001 0.0014 0.0164 0.1919 1.0000 1.0000 0.0003 0.0031 0.0363 0.4315 1.0000 1.0000 0.0006 0.0073 0.0877 1.0000 1.0000 0.0001 0.0016 0.0194 0.2384 1.0000 1.0000 0.0004 0.0040 0.0194 0.0040 0.0004 1.0000 1.0000 0.2388 0.0194 0.0016 0.0001 1.0000 1.0000 0.0877 0.0073 0.0006 1.0000 1.0000 0.4315 0.0363 0.0031 0.0003 1.0000 1.0000 0.1919 0.0164 0.0014 0.0001 1.0000 1.0000 0.0918 0.0079 0.0007 0.0001 1.0000 0.5169 0.0444 0.0038 0.0003 1.0000 1.0000 0.2500 0.0215 0.0018 0.0002 1.0000 1.0000 0.1209 0.0104 0.0009 0.0001 1.0000 0.6323
1.0000 0.0001 0.0010 0.0113 0.1312 1.0000 1.0000 0.0002 0.0020 0.0233 0.2713 1.0000 1.0000 0.0004 0.0041 0.0482 0.5609 1.0000 0.0001 0.0007 0.0085 0.0996 1.0000 1.0000 0.0001 0.0015 0.0177 0.2063 1.0000 1.0000 0.0003 0.0032 0.0383 0.4525 1.0000 0.0001 0.0006 0.0075 0.0895 1.0000 1.0000 0.0001 0.0016 0.0191 0.2334 1.0000 1.0000 0.0004 0.0043 0.0472 0.2312 0.0472 0.0043 0.0004 1.0000 1.0000 0.2343 0.0192 0.0016 0.0001 1.0000 1.0000 0.0895 0.0075 0.0006 0.0001 1.0000 0.4525 0.0383 0.0032 0.0003 1.0000 1.0000 0.2063 0.0177 0.0015 0.0001 1.0000 1.0000 0.0996 0.0085 0.0007 0.0001 1.0000 0.5609 0.0482 0.0041 0.0004 1.0000 1.0000 0.2713 0.0233 0.0020 0.0002 1.0000 1.0000 0.1312 0.0113 0.0010 0.0001 1.0000
0.0001 0.0010 0.0122 0.1424 1.0000 1.0000 0.0002 0.0022 0.0253 0.2944 1.0000 1.0000 0.0004 0.0045 0.0523 0.6087 1.0000 0.0001 0.0008 0.0093 0.1081 1.0000 1.0000 0.0001 0.0016 0.0192 0.2234 1.0000 1.0000 0.0003 0.0035 0.0407 0.4781 1.0000 0.0001 0.0007 0.0078 0.0925 1.0000 1.0000 0.0001 0.0016 0.0191 0.2312 1.0000 1.0000 0.0004 0.0044 0.0512 0.5504 1.0000 0.5706 0.0509 0.0043 0.0004 1.0000 1.0000 0.2370 0.0195 0.0016 0.0001 1.0000 1.0000 0.0925 0.0078 0.0007 0.0001 1.0000 0.4781 0.0407 0.0035 0.0003 1.0000 1.0000 0.2234 0.0192 0.0016 0.0001 1.0000 1.0000 0.1081 0.0093 0.0008 0.0001 1.0000 0.6087 0.0523 0.0045 0.0004 1.0000 1.0000 0.2944 0.0253 0.0022 0.0002 1.0000 1.0000 0.1424 0.0122 0.0010 0.0001
0.0011 0.0133 0.1545 1.0000 1.0000 0.0002 0.0024 0.0274 0.3195 1.0000 1.0000 0.0004 0.0049 0.0567 0.6606 1.0000 0.0001 0.0009 0.0101 0.1173 1.0000 1.0000 0.0002 0.0018 0.0208 0.2425 1.0000 1.0000 0.0003 0.0037 0.0435 0.5101 1.0000 0.0001 0.0007 0.0082 0.0966 1.0000 1.0000 0.0001 0.0016 0.0194 0.2334 1.0000 1.0000 0.0003 0.0041 0.0526 0.6204 1.0000 1.0000 1.0000 0.6169 0.0520 0.0041 0.0003 1.0000 1.0000 0.2384 0.0195 0.0016 0.0001 1.0000 1.0000 0.0966 0.0082 0.0007 0.0001 1.0000 0.5101 0.0435 0.0037 0.0003 1.0000 1.0000 0.2425 0.0208 0.0018 0.0002 1.0000 1.0000 0.1173 0.0101 0.0009 0.0001 1.0000 0.6606 0.0567 0.0049 0.0004 1.0000 1.0000 0.3195 0.0274 0.0024 0.0002 1.0000 1.0000 0.1545 0.0133 0.0011
0.0134 0.1677 1.0000 1.0000 0.0002 0.0026 0.0298 0.3467 1.0000 1.0000 0.0005 0.0053 0.0615 0.7169 1.0000 0.0001 0.0009 0.0109 0.1273 1.0000 1.0000 0.0002 0.0019 0.0226 0.2631 1.0000 1.0000 0.0003 0.0040 0.0468 0.5472 1.0000 0.0001 0.0007 0.0086 0.1017 1.0000 1.0000 0.0001 0.0017 0.0199 0.2384 1.0000 1.0000 0.0003 0.0042 0.0504 0.6372 1.0000 0.0001 0.0003 0.0001 1.0000 0.6181 0.0523 0.0042 0.0003 1.0000 1.0000 0.2393 0.0199 0.0017 0.0001 1.0000 1.0000 0.1017 0.0086 0.0007 0.0001 1.0000 0.5472 0.0468 0.0040 0.0003 1.0000 1.0000 0.2631 0.0226 0.0019 0.0002 1.0000 1.0000 0.1273 0.0109 0.0009 0.0001 1.0000 0.7169 0.0615 0.0053 0.0005 1.0000 1.0000 0.3467 0.0298 0.0026 0.0002 1.0000 1.0000 0.1677 0.0134
0.1686 1.0000 1.0000 0.0002 0.0028 0.0322 0.3755 1.0000 1.0000 0.0005 0.0057 0.0667 0.7765 1.0000 0.0001 0.0010 0.0118 0.1378 1.0000 1.0000 0.0002 0.0021 0.0245 0.2850 1.0000 1.0000 0.0004 0.0043 0.0506 0.5905 1.0000 0.0001 0.0008 0.0092 0.1076 1.0000 1.0000 0.0001 0.0017 0.0206 0.2457 1.0000 1.0000 0.0004 0.0042 0.0519 0.6275 1.0000 0.0001 0.0008 0.0039 0.0008 0.0001 1.0000 0.6347 0.0518 0.0043 0.0003 1.0000 1.0000 0.2462 0.0207 0.0017 0.0001 1.0000 1.0000 0.1076 0.0092 0.0008 0.0001 1.0000 0.5905 0.0506 0.0043 0.0004 1.0000 1.0000 0.2850 0.0245 0.0021 0.0002 1.0000 1.0000 0.1378 0.0118 0.0010 0.0001 1.0000 0.7765 0.0667 0.0057 0.0005 1.0000 1.0000 0.3755 0.0322 0.0028 0.0002 1.0000 1.0000 0.1686
1.0000 1.0000 0.0003 0.0030 0.0348 0.4052 1.0000 1.0000 0.0005 0.0062 0.0719 0.8379 1.0000 0.0001 0.0011 0.0128 0.1487 1.0000 1.0000 0.0002 0.0023 0.0264 0.3075 1.0000 1.0000 0.0004 0.0047 0.0546 0.6360 1.0000 0.0001 0.0008 0.0098 0.1144 1.0000 1.0000 0.0002 0.0018 0.0215 0.2548 1.0000 1.0000 0.0004 0.0042 0.0520 0.6264 1.0000 0.0001 0.0009 0.0098 0.0476 0.0101 0.0009 0.0001 1.0000 0.6433 0.0531 0.0044 0.0004 1.0000 1.0000 0.2548 0.0215 0.0018 0.0002 1.0000 1.0000 0.1144 0.0098 0.0008 0.0001 1.0000 0.6360 0.0546 0.0047 0.0004 1.0000 1.0000 0.3075 0.0264 0.0023 0.0002 1.0000 1.0000 0.1487 0.0128 0.0011 0.0001 1.0000 0.8379 0.0719 0.0062 0.0005 1.0000 1.0000 0.4052 0.0348 0.0030 0.0003 1.0000 1.0000
1.0000 0.0003 0.0032 0.0368 0.4282 1.0000 1.0000 0.0006 0.0065 0.0760 0.8854 1.0000 0.0001 0.0012 0.0135 0.1572 1.0000 1.0000 0.0002 0.0024 0.0279 0.3250 1.0000 1.0000 0.0004 0.0050 0.0577 0.6720 1.0000 0.0001 0.0009 0.0103 0.1197 1.0000 1.0000 0.0002 0.0019 0.0221 0.2606 1.0000 1.0000 0.0004 0.0043 0.0509 0.6181 1.0000 0.0001 0.0009 0.0108 0.1129 0.5706 0.1182 0.0107 0.0009 0.0001 1.0000 0.6134 0.0512 0.0043 0.0004 1.0000 1.0000 0.2606 0.0221 0.0019 0.0002 1.0000 1.0000 0.1197 0.0103 0.0009 0.0001 1.0000 0.6720 0.0577 0.0050 0.0004 1.0000 1.0000 0.3250 0.0279 0.0024 0.0002 1.0000 1.0000 0.1572 0.0135 0.0012 0.0001 1.0000 0.8854 0.0760 0.0065 0.0006 1.0000 1.0000 0.4282 0.0368 0.0032 0.0003 1.0000
0.0002 0.0030 0.0352 0.4099 1.0000 1.0000 0.0005 0.0062 0.0728 0.8475 1.0000 0.0001 0.0011 0.0129 0.1504 1.0000 1.0000 0.0002 0.0023 0.0267 0.3111 1.0000 1.0000 0.0004 0.0047 0.0552 0.6433 1.0000 0.0001 0.0008 0.0098 0.1142 1.0000 1.0000 0.0002 0.0018 0.0208 0.2443 1.0000 1.0000 0.0003 0.0040 0.0471 0.5452 1.0000 0.0001 0.0008 0.0095 0.1148 1.0000 1.0000 1.0000 0.1148 0.0096 0.0008 0.0001 1.0000 0.5431 0.0465 0.0040 0.0003 1.0000 1.0000 0.2443 0.0208 0.0018 0.0002 1.0000 1.0000 0.1142 0.0098 0.0008 0.0001 1.0000 0.6433 0.0552 0.0047 0.0004 1.0000 1.0000 0.3111 0.0267 0.0023 0.0002 1.0000 1.0000 0.1504 0.0129 0.0011 0.0001 1.0000 0.8475 0.0728 0.0062 0.0005 1.0000 1.0000 0.4099 0.0352 0.0030 0.0002
0.0012 0.0150 0.1742 1.0000 1.0000 0.0002 0.0026 0.0309 0.3595 1.0000 1.0000 0.0005 0.0055 0.0638 0.7433 1.0000 0.0001 0.0010 0.0113 0.1319 1.0000 1.0000 0.0002 0.0020 0.0234 0.2728 1.0000 1.0000 0.0004 0.0042 0.0484 0.5641 1.0000 0.0001 0.0007 0.0087 0.1023 1.0000 1.0000 0.0001 0.0016 0.0194 0.2312 1.0000 1.0000 0.0003 0.0040 0.0467 0.5620 1.0000 1.0000 1.0000 0.5588 0.0465 0.0039 0.0003 1.0000 1.0000 0.2295 0.0194 0.0016 0.0001 1.0000 1.0000 0.1023 0.0087 0.0007 0.0001 1.0000 0.5641 0.0484 0.0042 0.0004 1.0000 1.0000 0.2728 0.0234 0.0020 0.0002 1.0000 1.0000 0.1319 0.0113 0.0010 0.0001 1.0000 0.7433 0.0638 0.0055 0.0005 1.0000 1.0000 0.3595 0.0309 0.0026 0.0002 1.0000 1.0000 0.1742 0.0150 0.0012
0.0002 0.0030 0.0352 0.4099 1.0000 1.0000 0.0005 0.0062 0.0728 0.8475 1.0000 0.0001 0.0011 0.0129 0.1504 1.0000 1.0000 0.0002 0.0023 0.0267 0.3111 1.0000 1.0000 0.0004 0.0047 0.0552 0.6433 1.0000 0.0001 0.0008 0.0098 0.1142 1.0000 1.0000 0.0002 0.0018 0.0208 0.2443 1.0000 1.0000 0.0003 0.0040 0.0472 0.5685 1.0000 0.0001 0.0008 0.0099 0.1135 1.0000 1.0000 1.0000 0.1155 0.0095 0.0008 0.0001 1.0000 0.5695 0.0469 0.0040 0.0003 1.0000 1.0000 0.2443 0.0208 0.0018 0.0002 1.0000 1.0000 0.1142 0.0098 0.0008 0.0001 1.0000 0.6433 0.0552 0.0047 0.0004 1.0000 1.0000 0.3111 0.0267 0.0023 0.0002 1.0000 1.0000 0.1504 0.0129 0.0011 0.0001 1.0000 0.8475 0.0728 0.0062 0.0005 1.0000 1.0000 0.4099 0.0352 0.0030 0.0002
1.0000 0.0003 0.0032 0.0368 0.4282 1.0000 1.0000 0.0006 0.0065 0.0760 0.8854 1.0000 0.0001 0.0012 0.0135 0.1572 1.0000 1.0000 0.0002 0.0024 0.0279 0.3250 1.0000 1.0000 0.0004 0.0050 0.0577 0.6720 1.0000 0.0001 0.0009 0.0103 0.1197 1.0000 1.0000 0.0002 0.0019 0.0221 0.2606 1.0000 1.0000 0.0004 0.0043 0.0511 0.6076 1.0000 0.0001 0.0009 0.0106 0.1157 0.5556 0.1110 0.0102 0.0009 0.0001 1.0000 0.6287 0.0539 0.0044 0.0004 1.0000 1.0000 0.2606 0.0221 0.0019 0.0002 1.0000 1.0000 0.1197 0.0103 0.0009 0.0001 1.0000 0.6720 0.0577 0.0050 0.0004 1.0000 1.0000 0.3250 0.0279 0.0024 0.0002 1.0000 1.0000 0.1572 0.0135 0.0012 0.0001 1.0000 0.8854 0.0760 0.0065 0.0006 1.0000 1.0000 0.4282 0.0368 0.0032 0.0003 1.0000
1.0000 1.0000 0.0003 0.0030 0.0348 0.4052 1.0000 1.0000 0.0005 0.0062 0.0719 0.8379 1.0000 0.0001 0.0011 0.0128 0.1487 1.0000 1.0000 0.0002 0.0023 0.0264 0.3075 1.0000 1.0000 0.0004 0.0047 0.0546 0.6360 1.0000 0.0001 0.0008 0.0098 0.1144 1.0000 1.0000 0.0002 0.0018 0.0215 0.2548 1.0000 1.0000 0.0004 0.0042 0.0514 0.6169 1.0000 0.0001 0.0009 0.0098 0.0476 0.0097 0.0009 0.0001 1.0000 0.6384 0.0526 0.0044 0.0004 1.0000 1.0000 0.2548 0.0215 0.0018 0.0002 1.0000 1.0000 0.1144 0.0098 0.0008 0.0001 1.0000 0.6360 0.0546 0.0047 0.0004 1.0000 1.0000 0.3075 0.0264 0.0023 0.0002 1.0000 1.0000 0.1487 0.0128 0.0011 0.0001 1.0000 0.8379 0.0719 0.0062 0.0005 1.0000 1.0000 0.4052 0.0348 0.0030 0.0003 1.0000 1.0000
0.1686 1.0000 1.0000 0.0002 0.0028 0.0322 0.3755 1.0000 1.0000 0.0005 0.0057 0.0667 0.7765 1.0000 0.0001 0.0010 0.0118 0.1378 1.0000 1.0000 0.0002 0.0021 0.0245 0.2850 1.0000 1.0000 0.0004 0.0043 0.0506 0.5905 1.0000 0.0001 0.0008 0.0092 0.1076 1.0000 1.0000 0.0001 0.0017 0.0207 0.2457 1.0000 1.0000 0.0003 0.0042 0.0494 0.6122 1.0000 0.0001 0.0008 0.0041 0.0008 0.0001 1.0000 0.6111 0.0515 0.0044 0.0004 1.0000 1.0000 0.2457 0.0207 0.0017 0.0001 1.0000 1.0000 0.1076 0.0092 0.0008 0.0001 1.0000 0.5905 0.0506 0.0043 0.0004 1.0000 1.0000 0.2850 0.0245 0.0021 0.0002 1.0000 1.0000 0.1378 0.0118 0.0010 0.0001 1.0000 0.7765 0.0667 0.0057 0.0005 1.0000 1.0000 0.3755 0.0322 0.0028 0.0002 1.0000 1.0000 0.1686
0.0134 0.1677 1.0000 1.0000 0.0002 0.0026 0.0298 0.3467 1.0000 1.0000 0.0005 0.0053 0.0615 0.7169 1.0000 0.0001 0.0009 0.0109 0.1273 1.0000 1.0000 0.0002 0.0019 0.0226 0.2631 1.0000 1.0000 0.0003 0.0040 0.0468 0.5472 1.0000 0.0001 0.0007 0.0086 0.1017 1.0000 1.0000 0.0001 0.0017 0.0199 0.2388 1.0000 1.0000 0.0003 0.0042 0.0507 0.5995 1.0000 0.0001 0.0003 0.0001 1.0000 0.6157 0.0495 0.0042 0.0004 1.0000 1.0000 0.2384 0.0199 0.0017 0.0001 1.0000 1.0000 0.1017 0.0086 0.0007 0.0001 1.0000 0.5472 0.0468 0.0040 0.0003 1.0000 1.0000 0.2631 0.0226 0.0019 0.0002 1.0000 1.0000 0.1273 0.0109 0.0009 0.0001 1.0000 0.7169 0.0615 0.0053 0.0005 1.0000 1.0000 0.3467 0.0298 0.0026 0.0002 1.0000 1.0000 0.1677 0.0134
