-0.1477 -0.2652 -0.2784 -0.2092 0.0625 0.2201 -0.1202 -0.2484 -0.2817 -0.2556 -0.0029 0.1685 0.0116 -0.2255 -0.2749 -0.2709 -0.1216 0.1001 0.2075 -0.1675 -0.2611 -0.2809 -0.2308 0.0463 0.2104 -0.0950 -0.2427 -0.2806 -0.2596 -0.0298 0.1439 0.0818 -0.2085 -0.2715 -0.2747 -0.1617 0.0848 0.2218 -0.1499 -0.2562 -0.2819 -0.2450 0.0286 0.1974 -0.0624 -0.2367 -0.2787 -0.2641 -0.0617 0.1166 0.2065 0.1166 -0.0617 -0.2641 -0.2787 -0.2367 -0.0624 0.1974 0.0286 -0.2450 -0.2819 -0.2562 -0.1499 0.2218 0.0848 -0.1617 -0.2747 -0.2715 -0.2085 0.0818 0.1439 -0.0298 -0.2596 -0.2806 -0.2427 -0.0950 0.2104 0.0463 -0.2308 -0.2809 -0.2611 -0.1675 0.2075 0.1001 -0.1216 -0.2709 -0.2749 -0.2255 0.0116 0.1685 -0.0029 -0.2556 -0.2817 -0.2484 -0.1202 0.2201 0.0625 -0.2092 -0.2784 -0.2652 -0.1477
-0.2652 -0.3204 -0.2134 0.0676 0.2262 -0.1203 -0.3075 -0.3314 -0.2831 0.0073 0.1588 0.0613 -0.2759 -0.3290 -0.3093 -0.1122 0.0994 0.2337 -0.1839 -0.3183 -0.3267 -0.2464 0.0521 0.2123 -0.0858 -0.3025 -0.3318 -0.2909 -0.0179 0.1371 0.1395 -0.2464 -0.3266 -0.3156 -0.1588 0.0862 0.2372 -0.1594 -0.3142 -0.3294 -0.2662 0.0361 0.1972 -0.0407 -0.2972 -0.3312 -0.2987 -0.0503 0.1201 0.2059 -0.1233 0.2059 0.1201 -0.0503 -0.2987 -0.3312 -0.2972 -0.0407 0.1972 0.0361 -0.2662 -0.3294 -0.3142 -0.1594 0.2372 0.0862 -0.1588 -0.3156 -0.3266 -0.2464 0.1395 0.1371 -0.0179 -0.2909 -0.3318 -0.3025 -0.0858 0.2123 0.0521 -0.2464 -0.3267 -0.3183 -0.1839 0.2337 0.0994 -0.1122 -0.3093 -0.3290 -0.2759 0.0613 0.1588 0.0073 -0.2831 -0.3314 -0.3075 -0.1203 0.2262 0.0676 -0.2134 -0.3204 -0.2652
-0.2784 -0.2134 0.0622 0.2210 -0.1037 -0.3042 -0.3311 -0.2875 -0.0103 0.1435 0.1150 -0.2560 -0.3270 -0.3132 -0.1452 0.0888 0.2375 -0.1677 -0.3152 -0.3282 -0.2605 0.0400 0.2023 -0.0572 -0.2986 -0.3311 -0.2957 -0.0406 0.1243 0.1810 -0.2286 -0.3243 -0.3189 -0.1889 0.0757 0.2338 -0.1423 -0.3109 -0.3302 -0.2751 0.0223 0.1814 0.0003 -0.2932 -0.3300 -0.3033 -0.0785 0.1089 0.2185 -0.2008 -0.3045 -0.2008 0.2185 0.1089 -0.0785 -0.3033 -0.3300 -0.2932 0.0003 0.1814 0.0223 -0.2751 -0.3302 -0.3109 -0.1423 0.2338 0.0757 -0.1889 -0.3189 -0.3243 -0.2286 0.1810 0.1243 -0.0406 -0.2957 -0.3311 -0.2986 -0.0572 0.2023 0.0400 -0.2605 -0.3282 -0.3152 -0.1677 0.2375 0.0888 -0.1452 -0.3132 -0.3270 -0.2560 0.1150 0.1435 -0.0103 -0.2875 -0.3311 -0.3042 -0.1037 0.2210 0.0622 -0.2134 -0.2784
-0.2092 0.0676 0.2210 -0.0963 -0.3023 -0.3310 -0.2916 -0.0271 0.1311 0.1602 -0.2378 -0.3253 -0.3171 -0.1750 0.0802 0.2360 -0.1509 -0.3124 -0.3297 -0.2710 0.0287 0.1891 -0.0213 -0.2951 -0.3305 -0.3009 -0.0649 0.1138 0.2095 -0.2116 -0.3222 -0.3220 -0.2137 0.0669 0.2274 -0.1237 -0.3078 -0.3310 -0.2815 0.0087 0.1623 0.0503 -0.2805 -0.3289 -0.3080 -0.1077 0.0997 0.2321 -0.1879 -0.3222 -0.3461 -0.3222 -0.1879 0.2321 0.0997 -0.1077 -0.3080 -0.3289 -0.2805 0.0503 0.1623 0.0087 -0.2815 -0.3310 -0.3078 -0.1237 0.2274 0.0669 -0.2137 -0.3220 -0.3222 -0.2116 0.2095 0.1138 -0.0649 -0.3009 -0.3305 -0.2951 -0.0213 0.1891 0.0287 -0.2710 -0.3297 -0.3124 -0.1509 0.2360 0.0802 -0.1750 -0.3171 -0.3253 -0.2378 0.1602 0.1311 -0.0271 -0.2916 -0.3310 -0.3023 -0.0963 0.2210 0.0676 -0.2092
0.0625 0.2262 -0.1037 -0.3023 -0.3309 -0.2940 -0.0416 0.1222 0.1913 -0.2219 -0.3233 -0.3203 -0.2014 0.0714 0.2309 -0.1332 -0.3093 -0.3307 -0.2785 0.0158 0.1715 0.0242 -0.2869 -0.3295 -0.3057 -0.0928 0.1042 0.2270 -0.1953 -0.3198 -0.3247 -0.2344 0.0575 0.2190 -0.1028 -0.3045 -0.3314 -0.2868 -0.0070 0.1463 0.1044 -0.2600 -0.3274 -0.3124 -0.1386 0.0908 0.2372 -0.1712 -0.3159 -0.3406 -0.3301 -0.3406 -0.3159 -0.1712 0.2372 0.0908 -0.1386 -0.3124 -0.3274 -0.2600 0.1044 0.1463 -0.0070 -0.2868 -0.3314 -0.3045 -0.1028 0.2190 0.0575 -0.2344 -0.3247 -0.3198 -0.1953 0.2270 0.1042 -0.0928 -0.3057 -0.3295 -0.2869 0.0242 0.1715 0.0158 -0.2785 -0.3307 -0.3093 -0.1332 0.2309 0.0714 -0.2014 -0.3203 -0.3233 -0.2219 0.1913 0.1222 -0.0416 -0.2940 -0.3309 -0.3023 -0.1037 0.2262 0.0625
0.2201 -0.1203 -0.3042 -0.3310 -0.2940 -0.0475 0.1173 0.2080 -0.2095 -0.3214 -0.3228 -0.2228 0.0627 0.2236 -0.1138 -0.3062 -0.3312 -0.2842 0.0012 0.1541 0.0773 -0.2702 -0.3282 -0.3103 -0.1231 0.0951 0.2355 -0.1792 -0.3172 -0.3270 -0.2510 0.0476 0.2095 -0.0781 -0.3011 -0.3314 -0.2920 -0.0254 0.1327 0.1531 -0.2411 -0.3257 -0.3163 -0.1688 0.0820 0.2367 -0.1546 -0.3130 -0.3287 -0.2683 -0.0595 -0.2683 -0.3287 -0.3130 -0.1546 0.2367 0.0820 -0.1688 -0.3163 -0.3257 -0.2411 0.1531 0.1327 -0.0254 -0.2920 -0.3314 -0.3011 -0.0781 0.2095 0.0476 -0.2510 -0.3270 -0.3172 -0.1792 0.2355 0.0951 -0.1231 -0.3103 -0.3282 -0.2702 0.0773 0.1541 0.0012 -0.2842 -0.3312 -0.3062 -0.1138 0.2236 0.0627 -0.2228 -0.3228 -0.3214 -0.2095 0.2080 0.1173 -0.0475 -0.2940 -0.3310 -0.3042 -0.1203 0.2201
-0.1202 -0.3075 -0.3311 -0.2916 -0.0416 0.1173 0.2131 -0.2025 -0.3200 -0.3245 -0.2385 0.0544 0.2155 -0.0927 -0.3029 -0.3313 -0.2893 -0.0158 0.1393 0.1298 -0.2505 -0.3266 -0.3144 -0.1540 0.0864 0.2375 -0.1629 -0.3145 -0.3287 -0.2639 0.0369 0.1994 -0.0478 -0.2976 -0.3310 -0.2972 -0.0471 0.1211 0.1905 -0.2236 -0.3237 -0.3198 -0.1964 0.0732 0.2322 -0.1371 -0.3100 -0.3303 -0.2766 0.0217 0.0977 0.0217 -0.2766 -0.3303 -0.3100 -0.1371 0.2322 0.0732 -0.1964 -0.3198 -0.3237 -0.2236 0.1905 0.1211 -0.0471 -0.2972 -0.3310 -0.2976 -0.0478 0.1994 0.0369 -0.2639 -0.3287 -0.3145 -0.1629 0.2375 0.0864 -0.1540 -0.3144 -0.3266 -0.2505 0.1298 0.1393 -0.0158 -0.2893 -0.3313 -0.3029 -0.0927 0.2155 0.0544 -0.2385 -0.3245 -0.3200 -0.2025 0.2131 0.1173 -0.0416 -0.2916 -0.3311 -0.3075 -0.1202
-0.2484 -0.3314 -0.2875 -0.0271 0.1222 0.2080 -0.2025 -0.3195 -0.3254 -0.2478 0.0476 0.2080 -0.0705 -0.2998 -0.3311 -0.2942 -0.0353 0.1268 0.1732 -0.2323 -0.3247 -0.3182 -0.1831 0.0776 0.2348 -0.1460 -0.3115 -0.3300 -0.2734 0.0251 0.1846 -0.0092 -0.2940 -0.3302 -0.3023 -0.0726 0.1109 0.2156 -0.2069 -0.3215 -0.3229 -0.2201 0.0642 0.2251 -0.1180 -0.3068 -0.3312 -0.2831 0.0055 0.1450 0.2257 0.1450 0.0055 -0.2831 -0.3312 -0.3068 -0.1180 0.2251 0.0642 -0.2201 -0.3229 -0.3215 -0.2069 0.2156 0.1109 -0.0726 -0.3023 -0.3302 -0.2940 -0.0092 0.1846 0.0251 -0.2734 -0.3300 -0.3115 -0.1460 0.2348 0.0776 -0.1831 -0.3182 -0.3247 -0.2323 0.1732 0.1268 -0.0353 -0.2942 -0.3311 -0.2998 -0.0705 0.2080 0.0476 -0.2478 -0.3254 -0.3195 -0.2025 0.2080 0.1222 -0.0271 -0.2875 -0.3314 -0.2484
-0.2817 -0.2831 -0.0103 0.1311 0.1913 -0.2095 -0.3200 -0.3254 -0.2509 0.0436 0.2025 -0.0501 -0.2972 -0.3307 -0.2987 -0.0568 0.1165 0.2036 -0.2155 -0.3226 -0.3214 -0.2088 0.0687 0.2289 -0.1277 -0.3084 -0.3309 -0.2803 0.0118 0.1662 0.0389 -0.2832 -0.3291 -0.3071 -0.1013 0.1015 0.2302 -0.1907 -0.3191 -0.3254 -0.2396 0.0547 0.2164 -0.0961 -0.3035 -0.3314 -0.2883 -0.0120 0.1420 0.1339 -0.1675 0.1339 0.1420 -0.0120 -0.2883 -0.3314 -0.3035 -0.0961 0.2164 0.0547 -0.2396 -0.3254 -0.3191 -0.1907 0.2302 0.1015 -0.1013 -0.3071 -0.3291 -0.2832 0.0389 0.1662 0.0118 -0.2803 -0.3309 -0.3084 -0.1277 0.2289 0.0687 -0.2088 -0.3214 -0.3226 -0.2155 0.2036 0.1165 -0.0568 -0.2987 -0.3307 -0.2972 -0.0501 0.2025 0.0436 -0.2509 -0.3254 -0.3200 -0.2095 0.1913 0.1311 -0.0103 -0.2831 -0.2817
-0.2556 0.0073 0.1435 0.1602 -0.2219 -0.3214 -0.3245 -0.2478 0.0436 0.2006 -0.0373 -0.2954 -0.3301 -0.3022 -0.0781 0.1081 0.2221 -0.2000 -0.3204 -0.3241 -0.2303 0.0595 0.2209 -0.1074 -0.3052 -0.3313 -0.2857 -0.0034 0.1495 0.0929 -0.2643 -0.3278 -0.3115 -0.1321 0.0926 0.2367 -0.1746 -0.3164 -0.3275 -0.2551 0.0446 0.2067 -0.0701 -0.3001 -0.3313 -0.2935 -0.0313 0.1293 0.1628 -0.2339 -0.3121 -0.2339 0.1628 0.1293 -0.0313 -0.2935 -0.3313 -0.3001 -0.0701 0.2067 0.0446 -0.2551 -0.3275 -0.3164 -0.1746 0.2367 0.0926 -0.1321 -0.3115 -0.3278 -0.2643 0.0929 0.1495 -0.0034 -0.2857 -0.3313 -0.3052 -0.1074 0.2209 0.0595 -0.2303 -0.3241 -0.3204 -0.2000 0.2221 0.1081 -0.0781 -0.3022 -0.3301 -0.2954 -0.0373 0.2006 0.0436 -0.2478 -0.3245 -0.3214 -0.2219 0.1602 0.1435 0.0073 -0.2556
-0.0029 0.1588 0.1150 -0.2378 -0.3233 -0.3228 -0.2385 0.0476 0.2025 -0.0373 -0.2947 -0.3298 -0.3045 -0.0959 0.1014 0.2317 -0.1863 -0.3181 -0.3262 -0.2471 0.0500 0.2117 -0.0838 -0.3019 -0.3314 -0.2908 -0.0212 0.1354 0.1435 -0.2451 -0.3261 -0.3156 -0.1626 0.0839 0.2371 -0.1581 -0.3136 -0.3291 -0.2669 0.0336 0.1960 -0.0376 -0.2966 -0.3308 -0.2987 -0.0541 0.1181 0.1988 -0.2194 -0.3278 -0.3489 -0.3278 -0.2194 0.1988 0.1181 -0.0541 -0.2987 -0.3308 -0.2966 -0.0376 0.1960 0.0336 -0.2669 -0.3291 -0.3136 -0.1581 0.2371 0.0839 -0.1626 -0.3156 -0.3261 -0.2451 0.1435 0.1354 -0.0212 -0.2908 -0.3314 -0.3019 -0.0838 0.2117 0.0500 -0.2471 -0.3262 -0.3181 -0.1863 0.2317 0.1014 -0.0959 -0.3045 -0.3298 -0.2947 -0.0373 0.2025 0.0476 -0.2385 -0.3228 -0.3233 -0.2378 0.1150 0.1588 -0.0029
0.1685 0.0613 -0.2560 -0.3253 -0.3203 -0.2228 0.0544 0.2080 -0.0501 -0.2954 -0.3298 -0.3053 -0.1062 0.0971 0.2357 -0.1750 -0.3160 -0.3278 -0.2594 0.0404 0.2022 -0.0559 -0.2984 -0.3310 -0.2960 -0.0422 0.1235 0.1835 -0.2273 -0.3242 -0.3192 -0.1909 0.0751 0.2334 -0.1409 -0.3107 -0.3303 -0.2757 0.0215 0.1799 0.0037 -0.2924 -0.3299 -0.3037 -0.0805 0.1082 0.2208 -0.2022 -0.3208 -0.3376 -0.3175 -0.3376 -0.3208 -0.2022 0.2208 0.1082 -0.0805 -0.3037 -0.3299 -0.2924 0.0037 0.1799 0.0215 -0.2757 -0.3303 -0.3107 -0.1409 0.2334 0.0751 -0.1909 -0.3192 -0.3242 -0.2273 0.1835 0.1235 -0.0422 -0.2960 -0.3310 -0.2984 -0.0559 0.2022 0.0404 -0.2594 -0.3278 -0.3160 -0.1750 0.2357 0.0971 -0.1062 -0.3053 -0.3298 -0.2954 -0.0501 0.2080 0.0544 -0.2228 -0.3203 -0.3253 -0.2560 0.0613 0.1685
0.0116 -0.2759 -0.3270 -0.3171 -0.2014 0.0627 0.2155 -0.0705 -0.2972 -0.3301 -0.3045 -0.1062 0.0956 0.2369 -0.1675 -0.3144 -0.3288 -0.2679 0.0311 0.1916 -0.0232 -0.2950 -0.3304 -0.3010 -0.0666 0.1130 0.2112 -0.2104 -0.3220 -0.3223 -0.2155 0.0661 0.2268 -0.1221 -0.3075 -0.3311 -0.2819 0.0077 0.1611 0.0542 -0.2791 -0.3288 -0.3084 -0.1101 0.0989 0.2328 -0.1860 -0.3183 -0.3253 -0.2382 -0.0174 -0.2382 -0.3253 -0.3183 -0.1860 0.2328 0.0989 -0.1101 -0.3084 -0.3288 -0.2791 0.0542 0.1611 0.0077 -0.2819 -0.3311 -0.3075 -0.1221 0.2268 0.0661 -0.2155 -0.3223 -0.3220 -0.2104 0.2112 0.1130 -0.0666 -0.3010 -0.3304 -0.2950 -0.0232 0.1916 0.0311 -0.2679 -0.3288 -0.3144 -0.1675 0.2369 0.0956 -0.1062 -0.3045 -0.3301 -0.2972 -0.0705 0.2155 0.0627 -0.2014 -0.3171 -0.3270 -0.2759 0.0116
-0.2255 -0.3290 -0.3132 -0.1750 0.0714 0.2236 -0.0927 -0.2998 -0.3307 -0.3022 -0.0959 0.0971 0.2369 -0.1649 -0.3135 -0.3294 -0.2731 0.0228 0.1790 0.0128 -0.2895 -0.3295 -0.3056 -0.0935 0.1037 0.2277 -0.1942 -0.3196 -0.3250 -0.2359 0.0568 0.2183 -0.1010 -0.3043 -0.3314 -0.2871 -0.0082 0.1452 0.1082 -0.2586 -0.3273 -0.3127 -0.1410 0.0901 0.2373 -0.1699 -0.3157 -0.3278 -0.2578 0.0432 0.1153 0.0432 -0.2578 -0.3278 -0.3157 -0.1699 0.2373 0.0901 -0.1410 -0.3127 -0.3273 -0.2586 0.1082 0.1452 -0.0082 -0.2871 -0.3314 -0.3043 -0.1010 0.2183 0.0568 -0.2359 -0.3250 -0.3196 -0.1942 0.2277 0.1037 -0.0935 -0.3056 -0.3295 -0.2895 0.0128 0.1790 0.0228 -0.2731 -0.3294 -0.3135 -0.1649 0.2369 0.0971 -0.0959 -0.3022 -0.3307 -0.2998 -0.0927 0.2236 0.0714 -0.1750 -0.3132 -0.3290 -0.2255
-0.2749 -0.3093 -0.1452 0.0802 0.2309 -0.1138 -0.3029 -0.3311 -0.2987 -0.0781 0.1014 0.2357 -0.1675 -0.3135 -0.3295 -0.2755 0.0170 0.1682 0.0460 -0.2786 -0.3284 -0.3094 -0.1206 0.0954 0.2356 -0.1785 -0.3170 -0.3271 -0.2521 0.0468 0.2088 -0.0760 -0.3009 -0.3313 -0.2924 -0.0269 0.1318 0.1563 -0.2399 -0.3256 -0.3166 -0.1711 0.0814 0.2364 -0.1533 -0.3128 -0.3295 -0.2697 0.0310 0.1714 0.2183 0.1714 0.0310 -0.2697 -0.3295 -0.3128 -0.1533 0.2364 0.0814 -0.1711 -0.3166 -0.3256 -0.2399 0.1563 0.1318 -0.0269 -0.2924 -0.3313 -0.3009 -0.0760 0.2088 0.0468 -0.2521 -0.3271 -0.3170 -0.1785 0.2356 0.0954 -0.1206 -0.3094 -0.3284 -0.2786 0.0460 0.1682 0.0170 -0.2755 -0.3295 -0.3135 -0.1675 0.2357 0.1014 -0.0781 -0.2987 -0.3311 -0.3029 -0.1138 0.2309 0.0802 -0.1452 -0.3093 -0.2749
-0.2709 -0.1122 0.0888 0.2360 -0.1332 -0.3062 -0.3313 -0.2942 -0.0568 0.1081 0.2317 -0.1750 -0.3144 -0.3294 -0.2755 0.0149 0.1629 0.0691 -0.2672 -0.3275 -0.3124 -0.1451 0.0880 0.2376 -0.1637 -0.3144 -0.3287 -0.2645 0.0361 0.1986 -0.0451 -0.2974 -0.3309 -0.2976 -0.0489 0.1204 0.1927 -0.2224 -0.3236 -0.3201 -0.1984 0.0725 0.2317 -0.1357 -0.3098 -0.3306 -0.2777 0.0177 0.1733 0.0317 -0.2128 0.0317 0.1733 0.0177 -0.2777 -0.3306 -0.3098 -0.1357 0.2317 0.0725 -0.1984 -0.3201 -0.3236 -0.2224 0.1927 0.1204 -0.0489 -0.2976 -0.3309 -0.2974 -0.0451 0.1986 0.0361 -0.2645 -0.3287 -0.3144 -0.1637 0.2376 0.0880 -0.1451 -0.3124 -0.3275 -0.2672 0.0691 0.1629 0.0149 -0.2755 -0.3294 -0.3144 -0.1750 0.2317 0.1081 -0.0568 -0.2942 -0.3313 -0.3062 -0.1332 0.2360 0.0888 -0.1122 -0.2709
-0.1216 0.0994 0.2375 -0.1509 -0.3093 -0.3312 -0.2893 -0.0353 0.1165 0.2221 -0.1863 -0.3160 -0.3288 -0.2731 0.0170 0.1629 0.0773 -0.2614 -0.3268 -0.3145 -0.1645 0.0817 0.2361 -0.1497 -0.3119 -0.3299 -0.2734 0.0247 0.1839 -0.0061 -0.2937 -0.3301 -0.3026 -0.0746 0.1102 0.2170 -0.2057 -0.3213 -0.3231 -0.2218 0.0635 0.2245 -0.1164 -0.3066 -0.3312 -0.2835 0.0033 0.1565 0.0669 -0.2710 -0.3193 -0.2710 0.0669 0.1565 0.0033 -0.2835 -0.3312 -0.3066 -0.1164 0.2245 0.0635 -0.2218 -0.3231 -0.3213 -0.2057 0.2170 0.1102 -0.0746 -0.3026 -0.3301 -0.2937 -0.0061 0.1839 0.0247 -0.2734 -0.3299 -0.3119 -0.1497 0.2361 0.0817 -0.1645 -0.3145 -0.3268 -0.2614 0.0773 0.1629 0.0170 -0.2731 -0.3288 -0.3160 -0.1863 0.2221 0.1165 -0.0353 -0.2893 -0.3312 -0.3093 -0.1509 0.2375 0.0994 -0.1216
0.1001 0.2337 -0.1677 -0.3124 -0.3307 -0.2842 -0.0158 0.1268 0.2036 -0.2000 -0.3181 -0.3278 -0.2679 0.0228 0.1682 0.0691 -0.2614 -0.3265 -0.3155 -0.1765 0.0771 0.2333 -0.1372 -0.3095 -0.3306 -0.2795 0.0128 0.1665 0.0403 -0.2828 -0.3290 -0.3073 -0.1035 0.1009 0.2310 -0.1895 -0.3189 -0.3256 -0.2410 0.0540 0.2157 -0.0943 -0.3033 -0.3314 -0.2886 -0.0133 0.1412 0.1227 -0.2537 -0.3327 -0.3506 -0.3327 -0.2537 0.1227 0.1412 -0.0133 -0.2886 -0.3314 -0.3033 -0.0943 0.2157 0.0540 -0.2410 -0.3256 -0.3189 -0.1895 0.2310 0.1009 -0.1035 -0.3073 -0.3290 -0.2828 0.0403 0.1665 0.0128 -0.2795 -0.3306 -0.3095 -0.1372 0.2333 0.0771 -0.1765 -0.3155 -0.3265 -0.2614 0.0691 0.1682 0.0228 -0.2679 -0.3278 -0.3181 -0.2000 0.2036 0.1268 -0.0158 -0.2842 -0.3307 -0.3124 -0.1677 0.2337 0.1001
0.2075 -0.1839 -0.3152 -0.3297 -0.2785 0.0012 0.1393 0.1732 -0.2155 -0.3204 -0.3262 -0.2594 0.0311 0.1790 0.0460 -0.2672 -0.3268 -0.3155 -0.1803 0.0747 0.2309 -0.1276 -0.3075 -0.3310 -0.2836 0.0006 0.1520 0.0885 -0.2648 -0.3277 -0.3116 -0.1338 0.0920 0.2369 -0.1734 -0.3162 -0.3277 -0.2561 0.0438 0.2059 -0.0678 -0.2999 -0.3313 -0.2939 -0.0328 0.1283 0.1680 -0.2347 -0.3248 -0.3324 -0.3000 -0.3324 -0.3248 -0.2347 0.1680 0.1283 -0.0328 -0.2939 -0.3313 -0.2999 -0.0678 0.2059 0.0438 -0.2561 -0.3277 -0.3162 -0.1734 0.2369 0.0920 -0.1338 -0.3116 -0.3277 -0.2648 0.0885 0.1520 0.0006 -0.2836 -0.3310 -0.3075 -0.1276 0.2309 0.0747 -0.1803 -0.3155 -0.3268 -0.2672 0.0460 0.1790 0.0311 -0.2594 -0.3262 -0.3204 -0.2155 0.1732 0.1393 0.0012 -0.2785 -0.3297 -0.3152 -0.1839 0.2075
-0.1675 -0.3183 -0.3282 -0.2710 0.0158 0.1541 0.1298 -0.2323 -0.3226 -0.3241 -0.2471 0.0404 0.1916 0.0128 -0.2786 -0.3275 -0.3145 -0.1765 0.0747 0.2300 -0.1223 -0.3063 -0.3312 -0.2866 -0.0109 0.1408 0.1304 -0.2484 -0.3262 -0.3153 -0.1627 0.0836 0.2370 -0.1570 -0.3134 -0.3293 -0.2677 0.0327 0.1947 -0.0348 -0.2963 -0.3307 -0.2990 -0.0559 0.1173 0.2009 -0.2175 -0.3229 -0.3200 -0.1960 0.0122 -0.1960 -0.3200 -0.3229 -0.2175 0.2009 0.1173 -0.0559 -0.2990 -0.3307 -0.2963 -0.0348 0.1947 0.0327 -0.2677 -0.3293 -0.3134 -0.1570 0.2370 0.0836 -0.1627 -0.3153 -0.3262 -0.2484 0.1304 0.1408 -0.0109 -0.2866 -0.3312 -0.3063 -0.1223 0.2300 0.0747 -0.1765 -0.3145 -0.3275 -0.2786 0.0128 0.1916 0.0404 -0.2471 -0.3241 -0.3226 -0.2323 0.1298 0.1541 0.0158 -0.2710 -0.3282 -0.3183 -0.1675
-0.2611 -0.3267 -0.2605 0.0287 0.1715 0.0773 -0.2505 -0.3247 -0.3214 -0.2303 0.0500 0.2022 -0.0232 -0.2895 -0.3284 -0.3124 -0.1645 0.0771 0.2309 -0.1223 -0.3059 -0.3312 -0.2886 -0.0201 0.1329 0.1611 -0.2348 -0.3247 -0.3183 -0.1879 0.0755 0.2334 -0.1405 -0.3105 -0.3304 -0.2762 0.0204 0.1783 0.0073 -0.2914 -0.3298 -0.3040 -0.0826 0.1075 0.2220 -0.2010 -0.3206 -0.3236 -0.2261 0.0613 0.1353 0.0613 -0.2261 -0.3236 -0.3206 -0.2010 0.2220 0.1075 -0.0826 -0.3040 -0.3298 -0.2914 0.0073 0.1783 0.0204 -0.2762 -0.3304 -0.3105 -0.1405 0.2334 0.0755 -0.1879 -0.3183 -0.3247 -0.2348 0.1611 0.1329 -0.0201 -0.2886 -0.3312 -0.3059 -0.1223 0.2309 0.0771 -0.1645 -0.3124 -0.3284 -0.2895 -0.0232 0.2022 0.0500 -0.2303 -0.3214 -0.3247 -0.2505 0.0773 0.1715 0.0287 -0.2605 -0.3267 -0.2611
-0.2809 -0.2464 0.0400 0.1891 0.0242 -0.2702 -0.3266 -0.3182 -0.2088 0.0595 0.2117 -0.0559 -0.2950 -0.3295 -0.3094 -0.1451 0.0817 0.2333 -0.1276 -0.3063 -0.3312 -0.2892 -0.0252 0.1282 0.1800 -0.2245 -0.3233 -0.3207 -0.2082 0.0680 0.2277 -0.1234 -0.3075 -0.3310 -0.2822 0.0066 0.1598 0.0584 -0.2774 -0.3287 -0.3087 -0.1123 0.0983 0.2334 -0.1849 -0.3181 -0.3262 -0.2457 0.0517 0.1962 0.1797 0.1962 0.0517 -0.2457 -0.3262 -0.3181 -0.1849 0.2334 0.0983 -0.1123 -0.3087 -0.3287 -0.2774 0.0584 0.1598 0.0066 -0.2822 -0.3310 -0.3075 -0.1234 0.2277 0.0680 -0.2082 -0.3207 -0.3233 -0.2245 0.1800 0.1282 -0.0252 -0.2892 -0.3312 -0.3063 -0.1276 0.2333 0.0817 -0.1451 -0.3094 -0.3295 -0.2950 -0.0559 0.2117 0.0595 -0.2088 -0.3182 -0.3266 -0.2702 0.0242 0.1891 0.0400 -0.2464 -0.2809
-0.2308 0.0521 0.2023 -0.0213 -0.2869 -0.3282 -0.3144 -0.1831 0.0687 0.2209 -0.0838 -0.2984 -0.3304 -0.3056 -0.1206 0.0880 0.2361 -0.1372 -0.3075 -0.3312 -0.2886 -0.0252 0.1267 0.1886 -0.2181 -0.3222 -0.3224 -0.2231 0.0613 0.2213 -0.1060 -0.3047 -0.3313 -0.2870 -0.0087 0.1445 0.1117 -0.2572 -0.3272 -0.3130 -0.1432 0.0895 0.2374 -0.1687 -0.3154 -0.3282 -0.2598 0.0407 0.2034 -0.0506 -0.2431 -0.0506 0.2034 0.0407 -0.2598 -0.3282 -0.3154 -0.1687 0.2374 0.0895 -0.1432 -0.3130 -0.3272 -0.2572 0.1117 0.1445 -0.0087 -0.2870 -0.3313 -0.3047 -0.1060 0.2213 0.0613 -0.2231 -0.3224 -0.3222 -0.2181 0.1886 0.1267 -0.0252 -0.2886 -0.3312 -0.3075 -0.1372 0.2361 0.0880 -0.1206 -0.3056 -0.3304 -0.2984 -0.0838 0.2209 0.0687 -0.1831 -0.3144 -0.3282 -0.2869 -0.0213 0.2023 0.0521 -0.2308
0.0463 0.2123 -0.0572 -0.2951 -0.3295 -0.3103 -0.1540 0.0776 0.2289 -0.1074 -0.3019 -0.3310 -0.3010 -0.0935 0.0954 0.2376 -0.1497 -0.3095 -0.3310 -0.2866 -0.0201 0.1282 0.1886 -0.2159 -0.3217 -0.3234 -0.2327 0.0558 0.2154 -0.0891 -0.3021 -0.3313 -0.2914 -0.0253 0.1320 0.1571 -0.2390 -0.3254 -0.3168 -0.1731 0.0807 0.2362 -0.1521 -0.3126 -0.3296 -0.2704 0.0293 0.1900 -0.0258 -0.2960 -0.3261 -0.2960 -0.0258 0.1900 0.0293 -0.2704 -0.3296 -0.3126 -0.1521 0.2362 0.0807 -0.1731 -0.3168 -0.3254 -0.2390 0.1571 0.1320 -0.0253 -0.2914 -0.3313 -0.3021 -0.0891 0.2154 0.0558 -0.2327 -0.3234 -0.3217 -0.2159 0.1886 0.1282 -0.0201 -0.2866 -0.3310 -0.3095 -0.1497 0.2376 0.0954 -0.0935 -0.3010 -0.3310 -0.3019 -0.1074 0.2289 0.0776 -0.1540 -0.3103 -0.3295 -0.2951 -0.0572 0.2123 0.0463
0.2104 -0.0858 -0.2986 -0.3305 -0.3057 -0.1231 0.0864 0.2348 -0.1277 -0.3052 -0.3314 -0.2960 -0.0666 0.1037 0.2356 -0.1637 -0.3119 -0.3306 -0.2836 -0.0109 0.1329 0.1800 -0.2181 -0.3217 -0.3237 -0.2373 0.0522 0.2109 -0.0744 -0.2998 -0.3311 -0.2954 -0.0429 0.1221 0.1900 -0.2228 -0.3235 -0.3201 -0.1997 0.0719 0.2313 -0.1344 -0.3095 -0.3307 -0.2782 0.0166 0.1726 0.0210 -0.2879 -0.3367 -0.3505 -0.3367 -0.2879 0.0210 0.1726 0.0166 -0.2782 -0.3307 -0.3095 -0.1344 0.2313 0.0719 -0.1997 -0.3201 -0.3235 -0.2228 0.1900 0.1221 -0.0429 -0.2954 -0.3311 -0.2998 -0.0744 0.2109 0.0522 -0.2373 -0.3237 -0.3217 -0.2181 0.1800 0.1329 -0.0109 -0.2836 -0.3306 -0.3119 -0.1637 0.2356 0.1037 -0.0666 -0.2960 -0.3314 -0.3052 -0.1277 0.2348 0.0864 -0.1231 -0.3057 -0.3305 -0.2986 -0.0858 0.2104
-0.0950 -0.3025 -0.3311 -0.3009 -0.0928 0.0951 0.2375 -0.1460 -0.3084 -0.3313 -0.2908 -0.0422 0.1130 0.2277 -0.1785 -0.3144 -0.3299 -0.2795 0.0006 0.1408 0.1611 -0.2245 -0.3222 -0.3234 -0.2373 0.0510 0.2085 -0.0640 -0.2982 -0.3308 -0.2987 -0.0602 0.1141 0.2114 -0.2086 -0.3215 -0.3229 -0.2216 0.0632 0.2241 -0.1150 -0.3063 -0.3313 -0.2839 0.0021 0.1550 0.0741 -0.2713 -0.3280 -0.3249 -0.2720 -0.3249 -0.3280 -0.2713 0.0741 0.1550 0.0021 -0.2839 -0.3313 -0.3063 -0.1150 0.2241 0.0632 -0.2216 -0.3229 -0.3215 -0.2086 0.2114 0.1141 -0.0602 -0.2987 -0.3308 -0.2982 -0.0640 0.2085 0.0510 -0.2373 -0.3234 -0.3222 -0.2245 0.1611 0.1408 0.0006 -0.2795 -0.3299 -0.3144 -0.1785 0.2277 0.1130 -0.0422 -0.2908 -0.3313 -0.3084 -0.1460 0.2375 0.0951 -0.0928 -0.3009 -0.3311 -0.3025 -0.0950
-0.2427 -0.3318 -0.2957 -0.0649 0.1042 0.2355 -0.1629 -0.3115 -0.3309 -0.2857 -0.0212 0.1235 0.2112 -0.1942 -0.3170 -0.3287 -0.2734 0.0128 0.1520 0.1304 -0.2348 -0.3233 -0.3224 -0.2327 0.0522 0.2085 -0.0602 -0.2974 -0.3305 -0.3010 -0.0748 0.1079 0.2241 -0.1962 -0.3196 -0.3250 -0.2390 0.0546 0.2158 -0.0937 -0.3031 -0.3314 -0.2890 -0.0147 0.1400 0.1269 -0.2515 -0.3266 -0.3132 -0.1411 0.0341 -0.1411 -0.3132 -0.3266 -0.2515 0.1269 0.1400 -0.0147 -0.2890 -0.3314 -0.3031 -0.0937 0.2158 0.0546 -0.2390 -0.3250 -0.3196 -0.1962 0.2241 0.1079 -0.0748 -0.3010 -0.3305 -0.2974 -0.0602 0.2085 0.0522 -0.2327 -0.3224 -0.3233 -0.2348 0.1304 0.1520 0.0128 -0.2734 -0.3287 -0.3170 -0.1942 0.2112 0.1235 -0.0212 -0.2857 -0.3309 -0.3115 -0.1629 0.2355 0.1042 -0.0649 -0.2957 -0.3318 -0.2427
-0.2806 -0.2909 -0.0406 0.1138 0.2270 -0.1792 -0.3145 -0.3300 -0.2803 -0.0034 0.1354 0.1835 -0.2104 -0.3196 -0.3271 -0.2645 0.0247 0.1665 0.0885 -0.2484 -0.3247 -0.3207 -0.2231 0.0558 0.2109 -0.0640 -0.2974 -0.3304 -0.3021 -0.0845 0.1037 0.2307 -0.1861 -0.3178 -0.3267 -0.2519 0.0460 0.2073 -0.0698 -0.2999 -0.3312 -0.2941 -0.0344 0.1274 0.1710 -0.2333 -0.3249 -0.3177 -0.1791 0.0775 0.1581 0.0775 -0.1791 -0.3177 -0.3249 -0.2333 0.1710 0.1274 -0.0344 -0.2941 -0.3312 -0.2999 -0.0698 0.2073 0.0460 -0.2519 -0.3267 -0.3178 -0.1861 0.2307 0.1037 -0.0845 -0.3021 -0.3304 -0.2974 -0.0640 0.2109 0.0558 -0.2231 -0.3207 -0.3247 -0.2484 0.0885 0.1665 0.0247 -0.2645 -0.3271 -0.3196 -0.2104 0.1835 0.1354 -0.0034 -0.2803 -0.3300 -0.3145 -0.1792 0.2270 0.1138 -0.0406 -0.2909 -0.2806
-0.2596 -0.0179 0.1243 0.2095 -0.1953 -0.3172 -0.3287 -0.2734 0.0118 0.1495 0.1435 -0.2273 -0.3220 -0.3250 -0.2521 0.0361 0.1839 0.0403 -0.2648 -0.3262 -0.3183 -0.2082 0.0613 0.2154 -0.0744 -0.2982 -0.3305 -0.3021 -0.0879 0.1016 0.2336 -0.1790 -0.3164 -0.3278 -0.2610 0.0379 0.1990 -0.0430 -0.2968 -0.3307 -0.2989 -0.0566 0.1168 0.2026 -0.2163 -0.3228 -0.3212 -0.2072 0.0697 0.2180 0.0975 0.2180 0.0697 -0.2072 -0.3212 -0.3228 -0.2163 0.2026 0.1168 -0.0566 -0.2989 -0.3307 -0.2968 -0.0430 0.1990 0.0379 -0.2610 -0.3278 -0.3164 -0.1790 0.2336 0.1016 -0.0879 -0.3021 -0.3305 -0.2982 -0.0744 0.2154 0.0613 -0.2082 -0.3183 -0.3262 -0.2648 0.0403 0.1839 0.0361 -0.2521 -0.3250 -0.3220 -0.2273 0.1435 0.1495 0.0118 -0.2734 -0.3287 -0.3172 -0.1953 0.2095 0.1243 -0.0179 -0.2596
-0.0298 0.1371 0.1810 -0.2116 -0.3198 -0.3270 -0.2639 0.0251 0.1662 0.0929 -0.2451 -0.3242 -0.3223 -0.2359 0.0468 0.1986 -0.0061 -0.2828 -0.3277 -0.3153 -0.1879 0.0680 0.2213 -0.0891 -0.2998 -0.3308 -0.3010 -0.0845 0.1016 0.2343 -0.1753 -0.3154 -0.3285 -0.2669 0.0308 0.1901 -0.0141 -0.2940 -0.3300 -0.3032 -0.0805 0.1077 0.2223 -0.2003 -0.3205 -0.3240 -0.2291 0.0602 0.2218 -0.1034 -0.2658 -0.1034 0.2218 0.0602 -0.2291 -0.3240 -0.3205 -0.2003 0.2223 0.1077 -0.0805 -0.3032 -0.3300 -0.2940 -0.0141 0.1901 0.0308 -0.2669 -0.3285 -0.3154 -0.1753 0.2343 0.1016 -0.0845 -0.3010 -0.3308 -0.2998 -0.0891 0.2213 0.0680 -0.1879 -0.3153 -0.3277 -0.2828 -0.0061 0.1986 0.0468 -0.2359 -0.3223 -0.3242 -0.2451 0.0929 0.1662 0.0251 -0.2639 -0.3270 -0.3198 -0.2116 0.1810 0.1371 -0.0298
0.1439 0.1395 -0.2286 -0.3222 -0.3247 -0.2510 0.0369 0.1846 0.0389 -0.2643 -0.3261 -0.3192 -0.2155 0.0568 0.2088 -0.0451 -0.2937 -0.3290 -0.3116 -0.1627 0.0755 0.2277 -0.1060 -0.3021 -0.3311 -0.2987 -0.0748 0.1037 0.2336 -0.1753 -0.3151 -0.3288 -0.2701 0.0256 0.1808 0.0136 -0.2889 -0.3292 -0.3069 -0.1049 0.0997 0.2327 -0.1853 -0.3181 -0.3263 -0.2467 0.0505 0.2123 -0.0866 -0.3034 -0.3324 -0.3034 -0.0866 0.2123 0.0505 -0.2467 -0.3263 -0.3181 -0.1853 0.2327 0.0997 -0.1049 -0.3069 -0.3292 -0.2889 0.0136 0.1808 0.0256 -0.2701 -0.3288 -0.3151 -0.1753 0.2336 0.1037 -0.0748 -0.2987 -0.3311 -0.3021 -0.1060 0.2277 0.0755 -0.1627 -0.3116 -0.3290 -0.2937 -0.0451 0.2088 0.0568 -0.2155 -0.3192 -0.3261 -0.2643 0.0389 0.1846 0.0369 -0.2510 -0.3247 -0.3222 -0.2286 0.1395 0.1439
0.0818 -0.2464 -0.3243 -0.3220 -0.2344 0.0476 0.1994 -0.0092 -0.2832 -0.3278 -0.3156 -0.1909 0.0661 0.2183 -0.0760 -0.2974 -0.3301 -0.3073 -0.1338 0.0836 0.2334 -0.1234 -0.3047 -0.3313 -0.2954 -0.0602 0.1079 0.2307 -0.1790 -0.3154 -0.3288 -0.2712 0.0228 0.1742 0.0350 -0.2805 -0.3284 -0.3099 -0.1273 0.0927 0.2370 -0.1715 -0.3157 -0.3280 -0.2599 0.0404 0.2024 -0.0572 -0.2988 -0.3396 -0.3486 -0.3396 -0.2988 -0.0572 0.2024 0.0404 -0.2599 -0.3280 -0.3157 -0.1715 0.2370 0.0927 -0.1273 -0.3099 -0.3284 -0.2805 0.0350 0.1742 0.0228 -0.2712 -0.3288 -0.3154 -0.1790 0.2307 0.1079 -0.0602 -0.2954 -0.3313 -0.3047 -0.1234 0.2334 0.0836 -0.1338 -0.3073 -0.3301 -0.2974 -0.0760 0.2183 0.0661 -0.1909 -0.3156 -0.3278 -0.2832 -0.0092 0.1994 0.0476 -0.2344 -0.3220 -0.3243 -0.2464 0.0818
-0.2085 -0.3266 -0.3189 -0.2137 0.0575 0.2095 -0.0478 -0.2940 -0.3291 -0.3115 -0.1626 0.0751 0.2268 -0.1010 -0.3009 -0.3309 -0.3026 -0.1035 0.0920 0.2370 -0.1405 -0.3075 -0.3313 -0.2914 -0.0429 0.1141 0.2241 -0.1861 -0.3164 -0.3285 -0.2701 0.0228 0.1721 0.0466 -0.2736 -0.3278 -0.3121 -0.1459 0.0868 0.2374 -0.1586 -0.3134 -0.3293 -0.2695 0.0299 0.1905 -0.0227 -0.2951 -0.3301 -0.3146 -0.2288 -0.3146 -0.3301 -0.2951 -0.0227 0.1905 0.0299 -0.2695 -0.3293 -0.3134 -0.1586 0.2374 0.0868 -0.1459 -0.3121 -0.3278 -0.2736 0.0466 0.1721 0.0228 -0.2701 -0.3285 -0.3164 -0.1861 0.2241 0.1141 -0.0429 -0.2914 -0.3313 -0.3075 -0.1405 0.2370 0.0920 -0.1035 -0.3026 -0.3309 -0.3009 -0.1010 0.2268 0.0751 -0.1626 -0.3115 -0.3291 -0.2940 -0.0478 0.2095 0.0575 -0.2137 -0.3189 -0.3266 -0.2085
-0.2715 -0.3156 -0.1889 0.0669 0.2190 -0.0781 -0.2976 -0.3302 -0.3071 -0.1321 0.0839 0.2334 -0.1221 -0.3043 -0.3313 -0.2976 -0.0746 0.1009 0.2369 -0.1570 -0.3105 -0.3310 -0.2870 -0.0253 0.1221 0.2114 -0.1962 -0.3178 -0.3278 -0.2669 0.0256 0.1742 0.0466 -0.2713 -0.3275 -0.3134 -0.1588 0.0824 0.2360 -0.1473 -0.3112 -0.3302 -0.2763 0.0192 0.1750 0.0181 -0.2883 -0.3294 -0.3045 -0.0824 0.0522 -0.0824 -0.3045 -0.3294 -0.2883 0.0181 0.1750 0.0192 -0.2763 -0.3302 -0.3112 -0.1473 0.2360 0.0824 -0.1588 -0.3134 -0.3275 -0.2713 0.0466 0.1742 0.0256 -0.2669 -0.3278 -0.3178 -0.1962 0.2114 0.1221 -0.0253 -0.2870 -0.3310 -0.3105 -0.1570 0.2369 0.1009 -0.0746 -0.2976 -0.3313 -0.3043 -0.1221 0.2334 0.0839 -0.1321 -0.3071 -0.3302 -0.2976 -0.0781 0.2190 0.0669 -0.1889 -0.3156 -0.2715
-0.2747 -0.1588 0.0757 0.2274 -0.1028 -0.3011 -0.3310 -0.3023 -0.1013 0.0926 0.2371 -0.1409 -0.3075 -0.3314 -0.2924 -0.0489 0.1102 0.2310 -0.1734 -0.3134 -0.3304 -0.2822 -0.0087 0.1320 0.1900 -0.2086 -0.3196 -0.3267 -0.2610 0.0308 0.1808 0.0350 -0.2736 -0.3275 -0.3138 -0.1653 0.0796 0.2342 -0.1384 -0.3094 -0.3307 -0.2808 0.0084 0.1600 0.0629 -0.2741 -0.3283 -0.3096 -0.1191 0.0933 0.1858 0.0933 -0.1191 -0.3096 -0.3283 -0.2741 0.0629 0.1600 0.0084 -0.2808 -0.3307 -0.3094 -0.1384 0.2342 0.0796 -0.1653 -0.3138 -0.3275 -0.2736 0.0350 0.1808 0.0308 -0.2610 -0.3267 -0.3196 -0.2086 0.1900 0.1320 -0.0087 -0.2822 -0.3304 -0.3134 -0.1734 0.2310 0.1102 -0.0489 -0.2924 -0.3314 -0.3075 -0.1409 0.2371 0.0926 -0.1013 -0.3023 -0.3310 -0.3011 -0.1028 0.2274 0.0757 -0.1588 -0.2747
-0.1617 0.0862 0.2338 -0.1237 -0.3045 -0.3314 -0.2972 -0.0726 0.1015 0.2367 -0.1581 -0.3107 -0.3311 -0.2871 -0.0269 0.1204 0.2170 -0.1895 -0.3162 -0.3293 -0.2762 0.0066 0.1445 0.1571 -0.2228 -0.3215 -0.3250 -0.2519 0.0379 0.1901 0.0136 -0.2805 -0.3278 -0.3134 -0.1653 0.0786 0.2331 -0.1326 -0.3081 -0.3310 -0.2838 -0.0016 0.1485 0.1045 -0.2576 -0.3270 -0.3136 -0.1500 0.0875 0.2384 -0.0067 0.2384 0.0875 -0.1500 -0.3136 -0.3270 -0.2576 0.1045 0.1485 -0.0016 -0.2838 -0.3310 -0.3081 -0.1326 0.2331 0.0786 -0.1653 -0.3134 -0.3278 -0.2805 0.0136 0.1901 0.0379 -0.2519 -0.3250 -0.3215 -0.2228 0.1571 0.1445 0.0066 -0.2762 -0.3293 -0.3162 -0.1895 0.2170 0.1204 -0.0269 -0.2871 -0.3311 -0.3107 -0.1581 0.2367 0.1015 -0.0726 -0.2972 -0.3314 -0.3045 -0.1237 0.2338 0.0862 -0.1617
0.0848 0.2372 -0.1423 -0.3078 -0.3314 -0.2920 -0.0471 0.1109 0.2302 -0.1746 -0.3136 -0.3303 -0.2819 -0.0082 0.1318 0.1927 -0.2057 -0.3189 -0.3277 -0.2677 0.0204 0.1598 0.1117 -0.2390 -0.3235 -0.3229 -0.2390 0.0460 0.1990 -0.0141 -0.2889 -0.3284 -0.3121 -0.1588 0.0796 0.2331 -0.1305 -0.3074 -0.3311 -0.2858 -0.0099 0.1402 0.1370 -0.2443 -0.3257 -0.3166 -0.1752 0.0795 0.2355 -0.1443 -0.2904 -0.1443 0.2355 0.0795 -0.1752 -0.3166 -0.3257 -0.2443 0.1370 0.1402 -0.0099 -0.2858 -0.3311 -0.3074 -0.1305 0.2331 0.0796 -0.1588 -0.3121 -0.3284 -0.2889 -0.0141 0.1990 0.0460 -0.2390 -0.3229 -0.3235 -0.2390 0.1117 0.1598 0.0204 -0.2677 -0.3277 -0.3189 -0.2057 0.1927 0.1318 -0.0082 -0.2819 -0.3303 -0.3136 -0.1746 0.2302 0.1109 -0.0471 -0.2920 -0.3314 -0.3078 -0.1423 0.2372 0.0848
0.2218 -0.1594 -0.3109 -0.3310 -0.2868 -0.0254 0.1211 0.2156 -0.1907 -0.3164 -0.3291 -0.2757 0.0077 0.1452 0.1563 -0.2224 -0.3213 -0.3256 -0.2561 0.0327 0.1783 0.0584 -0.2572 -0.3254 -0.3201 -0.2216 0.0546 0.2073 -0.0430 -0.2940 -0.3292 -0.3099 -0.1459 0.0824 0.2342 -0.1326 -0.3074 -0.3312 -0.2869 -0.0156 0.1347 0.1590 -0.2340 -0.3244 -0.3191 -0.1958 0.0723 0.2309 -0.1329 -0.3111 -0.3383 -0.3111 -0.1329 0.2309 0.0723 -0.1958 -0.3191 -0.3244 -0.2340 0.1590 0.1347 -0.0156 -0.2869 -0.3312 -0.3074 -0.1326 0.2342 0.0824 -0.1459 -0.3099 -0.3292 -0.2940 -0.0430 0.2073 0.0546 -0.2216 -0.3201 -0.3254 -0.2572 0.0584 0.1783 0.0327 -0.2561 -0.3256 -0.3213 -0.2224 0.1563 0.1452 0.0077 -0.2757 -0.3291 -0.3164 -0.1907 0.2156 0.1211 -0.0254 -0.2868 -0.3310 -0.3109 -0.1594 0.2218
-0.1499 -0.3142 -0.3302 -0.2815 -0.0070 0.1327 0.1905 -0.2069 -0.3191 -0.3275 -0.2669 0.0215 0.1611 0.1082 -0.2399 -0.3236 -0.3231 -0.2410 0.0438 0.1947 0.0073 -0.2774 -0.3272 -0.3168 -0.1997 0.0632 0.2158 -0.0698 -0.2968 -0.3300 -0.3069 -0.1273 0.0868 0.2360 -0.1384 -0.3081 -0.3311 -0.2869 -0.0176 0.1320 0.1717 -0.2270 -0.3234 -0.3209 -0.2114 0.0659 0.2254 -0.1162 -0.3064 -0.3413 -0.3436 -0.3413 -0.3064 -0.1162 0.2254 0.0659 -0.2114 -0.3209 -0.3234 -0.2270 0.1717 0.1320 -0.0176 -0.2869 -0.3311 -0.3081 -0.1384 0.2360 0.0868 -0.1273 -0.3069 -0.3300 -0.2968 -0.0698 0.2158 0.0632 -0.1997 -0.3168 -0.3272 -0.2774 0.0073 0.1947 0.0438 -0.2410 -0.3231 -0.3236 -0.2399 0.1082 0.1611 0.0215 -0.2669 -0.3275 -0.3191 -0.2069 0.1905 0.1327 -0.0070 -0.2815 -0.3302 -0.3142 -0.1499
-0.2562 -0.3294 -0.2751 0.0087 0.1463 0.1531 -0.2236 -0.3215 -0.3254 -0.2551 0.0336 0.1799 0.0542 -0.2586 -0.3256 -0.3201 -0.2218 0.0540 0.2059 -0.0348 -0.2914 -0.3287 -0.3130 -0.1731 0.0719 0.2241 -0.0937 -0.2999 -0.3307 -0.3032 -0.1049 0.0927 0.2374 -0.1473 -0.3094 -0.3310 -0.2858 -0.0156 0.1320 0.1758 -0.2233 -0.3228 -0.3221 -0.2222 0.0608 0.2201 -0.1010 -0.3037 -0.3308 -0.2990 -0.1603 -0.2990 -0.3308 -0.3037 -0.1010 0.2201 0.0608 -0.2222 -0.3221 -0.3228 -0.2233 0.1758 0.1320 -0.0156 -0.2858 -0.3310 -0.3094 -0.1473 0.2374 0.0927 -0.1049 -0.3032 -0.3307 -0.2999 -0.0937 0.2241 0.0719 -0.1731 -0.3130 -0.3287 -0.2914 -0.0348 0.2059 0.0540 -0.2218 -0.3201 -0.3256 -0.2586 0.0542 0.1799 0.0336 -0.2551 -0.3254 -0.3215 -0.2236 0.1531 0.1463 0.0087 -0.2751 -0.3294 -0.2562
-0.2819 -0.2662 0.0223 0.1623 0.1044 -0.2411 -0.3237 -0.3229 -0.2396 0.0446 0.1960 0.0037 -0.2791 -0.3273 -0.3166 -0.1984 0.0635 0.2157 -0.0678 -0.2963 -0.3298 -0.3087 -0.1432 0.0807 0.2313 -0.1150 -0.3031 -0.3312 -0.2989 -0.0805 0.0997 0.2370 -0.1586 -0.3112 -0.3307 -0.2838 -0.0099 0.1347 0.1717 -0.2233 -0.3225 -0.3227 -0.2286 0.0570 0.2157 -0.0876 -0.3016 -0.3311 -0.2921 -0.0258 0.0715 -0.0258 -0.2921 -0.3311 -0.3016 -0.0876 0.2157 0.0570 -0.2286 -0.3227 -0.3225 -0.2233 0.1717 0.1347 -0.0099 -0.2838 -0.3307 -0.3112 -0.1586 0.2370 0.0997 -0.0805 -0.2989 -0.3312 -0.3031 -0.1150 0.2313 0.0807 -0.1432 -0.3087 -0.3298 -0.2963 -0.0678 0.2157 0.0635 -0.1984 -0.3166 -0.3273 -0.2791 0.0037 0.1960 0.0446 -0.2396 -0.3229 -0.3237 -0.2411 0.1044 0.1623 0.0223 -0.2662 -0.2819
-0.2450 0.0361 0.1814 0.0503 -0.2600 -0.3257 -0.3198 -0.2201 0.0547 0.2067 -0.0376 -0.2924 -0.3288 -0.3127 -0.1711 0.0725 0.2245 -0.0943 -0.2999 -0.3307 -0.3040 -0.1123 0.0895 0.2362 -0.1344 -0.3063 -0.3314 -0.2941 -0.0566 0.1077 0.2327 -0.1715 -0.3134 -0.3302 -0.2808 -0.0016 0.1402 0.1590 -0.2270 -0.3228 -0.3227 -0.2307 0.0549 0.2128 -0.0774 -0.2999 -0.3310 -0.2960 -0.0462 0.1144 0.2090 0.1144 -0.0462 -0.2960 -0.3310 -0.2999 -0.0774 0.2128 0.0549 -0.2307 -0.3227 -0.3228 -0.2270 0.1590 0.1402 -0.0016 -0.2808 -0.3302 -0.3134 -0.1715 0.2327 0.1077 -0.0566 -0.2941 -0.3314 -0.3063 -0.1344 0.2362 0.0895 -0.1123 -0.3040 -0.3307 -0.2999 -0.0943 0.2245 0.0725 -0.1711 -0.3127 -0.3288 -0.2924 -0.0376 0.2067 0.0547 -0.2201 -0.3198 -0.3257 -0.2600 0.0503 0.1814 0.0361 -0.2450
0.0286 0.1972 0.0003 -0.2805 -0.3274 -0.3163 -0.1964 0.0642 0.2164 -0.0701 -0.2966 -0.3299 -0.3084 -0.1410 0.0814 0.2317 -0.1164 -0.3033 -0.3313 -0.2990 -0.0826 0.0983 0.2374 -0.1521 -0.3095 -0.3313 -0.2890 -0.0344 0.1168 0.2223 -0.1853 -0.3157 -0.3293 -0.2763 0.0084 0.1485 0.1370 -0.2340 -0.3234 -0.3221 -0.2286 0.0549 0.2118 -0.0717 -0.2989 -0.3308 -0.2986 -0.0617 0.1129 0.2215 -0.0997 0.2215 0.1129 -0.0617 -0.2986 -0.3309 -0.2989 -0.0718 0.2118 0.0549 -0.2286 -0.3221 -0.3234 -0.2340 0.1370 0.1485 0.0084 -0.2763 -0.3293 -0.3157 -0.1853 0.2223 0.1168 -0.0344 -0.2890 -0.3313 -0.3095 -0.1521 0.2374 0.0983 -0.0826 -0.2990 -0.3313 -0.3033 -0.1164 0.2317 0.0814 -0.1410 -0.3084 -0.3299 -0.2966 -0.0701 0.2164 0.0642 -0.1964 -0.3163 -0.3274 -0.2805 0.0003 0.1972 0.0286
0.1974 -0.0407 -0.2932 -0.3289 -0.3124 -0.1688 0.0732 0.2251 -0.0961 -0.3001 -0.3308 -0.3037 -0.1101 0.0901 0.2364 -0.1357 -0.3066 -0.3314 -0.2939 -0.0559 0.1075 0.2334 -0.1687 -0.3126 -0.3307 -0.2839 -0.0147 0.1274 0.2026 -0.2003 -0.3181 -0.3280 -0.2695 0.0192 0.1600 0.1045 -0.2443 -0.3244 -0.3209 -0.2222 0.0570 0.2128 -0.0717 -0.2985 -0.3307 -0.3001 -0.0719 0.1082 0.2240 -0.1918 -0.3019 -0.1918 0.2240 0.1082 -0.0720 -0.3001 -0.3307 -0.2985 -0.0718 0.2128 0.0570 -0.2222 -0.3209 -0.3244 -0.2443 0.1045 0.1600 0.0192 -0.2695 -0.3280 -0.3181 -0.2003 0.2026 0.1274 -0.0147 -0.2839 -0.3307 -0.3126 -0.1687 0.2334 0.1075 -0.0559 -0.2939 -0.3314 -0.3066 -0.1357 0.2364 0.0901 -0.1101 -0.3037 -0.3308 -0.3001 -0.0961 0.2251 0.0732 -0.1688 -0.3124 -0.3289 -0.2932 -0.0407 0.1974
-0.0624 -0.2972 -0.3300 -0.3080 -0.1386 0.0820 0.2322 -0.1180 -0.3035 -0.3313 -0.2987 -0.0805 0.0989 0.2373 -0.1533 -0.3098 -0.3312 -0.2886 -0.0328 0.1173 0.2220 -0.1849 -0.3154 -0.3296 -0.2782 0.0021 0.1400 0.1710 -0.2163 -0.3205 -0.3263 -0.2599 0.0299 0.1750 0.0629 -0.2576 -0.3257 -0.3191 -0.2114 0.0608 0.2157 -0.0774 -0.2989 -0.3307 -0.3006 -0.0774 0.1053 0.2296 -0.1872 -0.3211 -0.3446 -0.3211 -0.1872 0.2296 0.1053 -0.0775 -0.3006 -0.3307 -0.2989 -0.0774 0.2157 0.0608 -0.2114 -0.3191 -0.3257 -0.2576 0.0629 0.1750 0.0299 -0.2599 -0.3263 -0.3205 -0.2163 0.1710 0.1400 0.0021 -0.2782 -0.3296 -0.3154 -0.1849 0.2220 0.1173 -0.0328 -0.2886 -0.3312 -0.3098 -0.1533 0.2373 0.0989 -0.0805 -0.2987 -0.3313 -0.3035 -0.1180 0.2322 0.0820 -0.1386 -0.3080 -0.3300 -0.2972 -0.0624
-0.2367 -0.3312 -0.3033 -0.1077 0.0908 0.2367 -0.1371 -0.3068 -0.3314 -0.2935 -0.0541 0.1082 0.2328 -0.1699 -0.3128 -0.3306 -0.2835 -0.0133 0.1283 0.2009 -0.2010 -0.3181 -0.3282 -0.2704 0.0166 0.1550 0.1269 -0.2333 -0.3228 -0.3240 -0.2467 0.0404 0.1905 0.0181 -0.2741 -0.3270 -0.3166 -0.1958 0.0659 0.2201 -0.0876 -0.2999 -0.3308 -0.3001 -0.0774 0.1043 0.2317 -0.1818 -0.3166 -0.3397 -0.3299 -0.3397 -0.3167 -0.1818 0.2317 0.1043 -0.0775 -0.3001 -0.3309 -0.2999 -0.0876 0.2201 0.0659 -0.1958 -0.3166 -0.3270 -0.2741 0.0181 0.1905 0.0404 -0.2467 -0.3240 -0.3228 -0.2333 0.1269 0.1550 0.0166 -0.2704 -0.3282 -0.3181 -0.2010 0.2009 0.1283 -0.0133 -0.2835 -0.3306 -0.3128 -0.1699 0.2328 0.1082 -0.0541 -0.2935 -0.3314 -0.3068 -0.1371 0.2367 0.0908 -0.1077 -0.3033 -0.3312 -0.2367
-0.2787 -0.2987 -0.0785 0.0997 0.2372 -0.1546 -0.3100 -0.3312 -0.2883 -0.0313 0.1181 0.2208 -0.1860 -0.3157 -0.3295 -0.2777 0.0033 0.1411 0.1680 -0.2175 -0.3206 -0.3263 -0.2598 0.0293 0.1726 0.0741 -0.2515 -0.3249 -0.3212 -0.2292 0.0505 0.2024 -0.0227 -0.2883 -0.3283 -0.3136 -0.1752 0.0723 0.2254 -0.1010 -0.3016 -0.3310 -0.2986 -0.0719 0.1053 0.2317 -0.1801 -0.3160 -0.3275 -0.2642 -0.0543 -0.2642 -0.3274 -0.3160 -0.1801 0.2317 0.1053 -0.0720 -0.2986 -0.3310 -0.3016 -0.1010 0.2254 0.0723 -0.1752 -0.3136 -0.3283 -0.2883 -0.0227 0.2024 0.0505 -0.2291 -0.3212 -0.3249 -0.2515 0.0741 0.1726 0.0293 -0.2598 -0.3262 -0.3206 -0.2175 0.1680 0.1412 0.0033 -0.2777 -0.3295 -0.3157 -0.1860 0.2208 0.1181 -0.0313 -0.2883 -0.3312 -0.3100 -0.1546 0.2372 0.0997 -0.0785 -0.2987 -0.2787
-0.2642 -0.0503 0.1088 0.2322 -0.1712 -0.3130 -0.3305 -0.2831 -0.0120 0.1292 0.1989 -0.2022 -0.3183 -0.3280 -0.2697 0.0177 0.1563 0.1230 -0.2347 -0.3229 -0.3239 -0.2457 0.0407 0.1900 0.0213 -0.2713 -0.3267 -0.3179 -0.2073 0.0601 0.2122 -0.0570 -0.2951 -0.3295 -0.3099 -0.1502 0.0794 0.2309 -0.1161 -0.3037 -0.3313 -0.2962 -0.0619 0.1081 0.2297 -0.1817 -0.3161 -0.3282 -0.2671 0.0305 0.1038 0.0306 -0.2671 -0.3280 -0.3160 -0.1818 0.2296 0.1082 -0.0617 -0.2960 -0.3311 -0.3037 -0.1162 0.2309 0.0795 -0.1500 -0.3096 -0.3294 -0.2951 -0.0572 0.2123 0.0602 -0.2072 -0.3177 -0.3266 -0.2713 0.0210 0.1900 0.0407 -0.2457 -0.3236 -0.3229 -0.2347 0.1227 0.1565 0.0177 -0.2697 -0.3278 -0.3183 -0.2022 0.1988 0.1293 -0.0120 -0.2831 -0.3303 -0.3130 -0.1712 0.2321 0.1089 -0.0503 -0.2641
-0.0630 0.1202 0.2195 -0.1873 -0.3159 -0.3295 -0.2772 0.0045 0.1421 0.1651 -0.2187 -0.3208 -0.3261 -0.2588 0.0303 0.1742 0.0698 -0.2531 -0.3250 -0.3210 -0.2277 0.0511 0.2029 -0.0237 -0.2876 -0.3283 -0.3142 -0.1813 0.0693 0.2215 -0.0853 -0.2986 -0.3304 -0.3056 -0.1222 0.0870 0.2354 -0.1318 -0.3062 -0.3314 -0.2930 -0.0483 0.1126 0.2250 -0.1864 -0.3166 -0.3283 -0.2679 0.0272 0.1631 0.2238 0.1623 0.0282 -0.2671 -0.3274 -0.3167 -0.1872 0.2240 0.1129 -0.0462 -0.2921 -0.3308 -0.3064 -0.1329 0.2355 0.0875 -0.1191 -0.3045 -0.3301 -0.2988 -0.0866 0.2218 0.0697 -0.1791 -0.3132 -0.3280 -0.2879 -0.0258 0.2034 0.0517 -0.2261 -0.3200 -0.3248 -0.2537 0.0669 0.1733 0.0310 -0.2578 -0.3253 -0.3208 -0.2194 0.1628 0.1420 0.0055 -0.2766 -0.3287 -0.3159 -0.1879 0.2185 0.1201 -0.0617
0.1243 0.1964 -0.2035 -0.3185 -0.3279 -0.2690 0.0186 0.1575 0.1193 -0.2360 -0.3231 -0.3236 -0.2445 0.0416 0.1913 0.0174 -0.2730 -0.3268 -0.3177 -0.2055 0.0608 0.2129 -0.0591 -0.2953 -0.3295 -0.3100 -0.1520 0.0782 0.2294 -0.1088 -0.3021 -0.3311 -0.3009 -0.0930 0.0952 0.2375 -0.1473 -0.3089 -0.3313 -0.2891 -0.0328 0.1189 0.2161 -0.1938 -0.3176 -0.3278 -0.2660 0.0275 0.1795 0.0392 -0.2018 0.0569 0.1623 0.0306 -0.2642 -0.3397 -0.3211 -0.1918 0.2215 0.1144 -0.0258 -0.2990 -0.3413 -0.3111 -0.1443 0.2384 0.0933 -0.0824 -0.3146 -0.3396 -0.3034 -0.1034 0.2180 0.0775 -0.1411 -0.3249 -0.3367 -0.2960 -0.0506 0.1962 0.0613 -0.1960 -0.3324 -0.3327 -0.2710 0.0317 0.1714 0.0432 -0.2382 -0.3376 -0.3278 -0.2339 0.1339 0.1450 0.0217 -0.2683 -0.3406 -0.3222 -0.2008 0.2059 0.1166
0.1487 -0.2199 -0.3209 -0.3258 -0.2579 0.0312 0.1757 0.0657 -0.2544 -0.3251 -0.3206 -0.2261 0.0519 0.2038 -0.0269 -0.2887 -0.3283 -0.3138 -0.1793 0.0700 0.2221 -0.0872 -0.2989 -0.3304 -0.3053 -0.1211 0.0870 0.2351 -0.1290 -0.3054 -0.3313 -0.2957 -0.0652 0.1041 0.2355 -0.1631 -0.3116 -0.3307 -0.2849 -0.0170 0.1272 0.2003 -0.2038 -0.3190 -0.3269 -0.2619 0.0309 0.1840 0.0187 -0.2805 -0.3098 -0.1999 0.2238 0.1038 -0.0543 -0.3299 -0.3446 -0.3019 -0.0997 0.2090 0.0715 -0.1603 -0.3436 -0.3383 -0.2904 -0.0067 0.1858 0.0522 -0.2288 -0.3486 -0.3324 -0.2658 0.0975 0.1581 0.0341 -0.2720 -0.3505 -0.3261 -0.2431 0.1797 0.1353 0.0122 -0.3000 -0.3506 -0.3193 -0.2128 0.2183 0.1153 -0.0174 -0.3175 -0.3489 -0.3121 -0.1675 0.2257 0.0977 -0.0595 -0.3301 -0.3461 -0.3045 -0.1233 0.2065
