0.0953 0.8654 1.0000 1.0000 0.0012 0.0083 0.0590 0.4201 1.0000 1.0000 0.0006 0.0040 0.0286 0.2039 1.0000 1.0000 0.0003 0.0020 0.0139 0.0988 0.7034 1.0000 1.0000 0.0009 0.0067 0.0480 0.3408 1.0000 1.0000 0.0005 0.0033 0.0232 0.1654 1.0000 1.0000 0.0002 0.0016 0.0113 0.0802 0.5717 1.0000 1.0000 0.0008 0.0055 0.0389 0.2770 1.0000 1.0000 0.0004 0.0027 0.0095 0.0027 0.0004 1.0000 1.0000 0.2770 0.0389 0.0055 0.0008 1.0000 1.0000 0.5717 0.0802 0.0113 0.0016 0.0002 1.0000 1.0000 0.1654 0.0232 0.0033 0.0005 1.0000 1.0000 0.3408 0.0480 0.0067 0.0009 1.0000 1.0000 0.7034 0.0988 0.0139 0.0020 0.0003 1.0000 1.0000 0.2039 0.0286 0.0040 0.0006 1.0000 1.0000 0.4201 0.0590 0.0083 0.0012 1.0000 1.0000 0.8654 0.0953
0.8654 1.0000 1.0000 0.0013 0.0091 0.0649 0.4603 1.0000 1.0000 0.0006 0.0044 0.0313 0.2230 1.0000 1.0000 0.0003 0.0021 0.0152 0.1081 0.7706 1.0000 1.0000 0.0010 0.0074 0.0525 0.3734 1.0000 1.0000 0.0005 0.0036 0.0254 0.1813 1.0000 1.0000 0.0002 0.0017 0.0123 0.0878 0.6252 1.0000 1.0000 0.0008 0.0060 0.0426 0.3029 1.0000 1.0000 0.0004 0.0029 0.0214 0.0714 0.0214 0.0029 0.0004 1.0000 1.0000 0.3029 0.0426 0.0060 0.0008 1.0000 1.0000 0.6252 0.0878 0.0123 0.0017 0.0002 1.0000 1.0000 0.1813 0.0254 0.0036 0.0005 1.0000 1.0000 0.3734 0.0525 0.0074 0.0010 1.0000 1.0000 0.7706 0.1081 0.0152 0.0021 0.0003 1.0000 1.0000 0.2230 0.0313 0.0044 0.0006 1.0000 1.0000 0.4603 0.0649 0.0091 0.0013 1.0000 1.0000 0.8654
1.0000 1.0000 0.0012 0.0082 0.0573 0.4014 1.0000 1.0000 0.0005 0.0038 0.0269 0.1912 1.0000 1.0000 0.0003 0.0018 0.0130 0.0926 0.6594 1.0000 1.0000 0.0009 0.0063 0.0449 0.3195 1.0000 1.0000 0.0004 0.0031 0.0218 0.1551 1.0000 1.0000 1.0000 0.0015 0.0106 0.0751 0.5349 1.0000 1.0000 0.0007 0.0051 0.0365 0.2597 1.0000 1.0000 0.0003 0.0025 0.0178 0.1307 0.4315 0.1307 0.0178 0.0025 0.0003 1.0000 1.0000 0.2597 0.0365 0.0051 0.0007 1.0000 1.0000 0.5349 0.0751 0.0106 0.0015 1.0000 1.0000 1.0000 0.1551 0.0218 0.0031 0.0004 1.0000 1.0000 0.3195 0.0449 0.0063 0.0009 1.0000 1.0000 0.6594 0.0926 0.0130 0.0018 0.0003 1.0000 1.0000 0.1912 0.0269 0.0038 0.0005 1.0000 1.0000 0.4014 0.0573 0.0082 0.0012 1.0000 1.0000
1.0000 0.0013 0.0082 0.0547 0.3713 1.0000 1.0000 0.0005 0.0033 0.0235 0.1670 1.0000 1.0000 1.0000 0.0016 0.0113 0.0806 0.5739 1.0000 1.0000 0.0008 0.0055 0.0391 0.2786 1.0000 1.0000 0.0004 0.0027 0.0190 0.1350 0.9608 1.0000 1.0000 0.0013 0.0092 0.0655 0.4664 1.0000 1.0000 0.0006 0.0045 0.0317 0.2260 1.0000 1.0000 0.0003 0.0022 0.0154 0.1108 0.8112 1.0000 0.8112 0.1108 0.0154 0.0022 0.0003 1.0000 1.0000 0.2260 0.0317 0.0045 0.0006 1.0000 1.0000 0.4664 0.0655 0.0092 0.0013 1.0000 1.0000 0.9608 0.1350 0.0190 0.0027 0.0004 1.0000 1.0000 0.2786 0.0391 0.0055 0.0008 1.0000 1.0000 0.5739 0.0806 0.0113 0.0016 1.0000 1.0000 1.0000 0.1670 0.0235 0.0033 0.0005 1.0000 1.0000 0.3713 0.0547 0.0082 0.0013 1.0000
0.0012 0.0091 0.0573 0.3713 1.0000 1.0000 0.0004 0.0030 0.0209 0.1470 1.0000 1.0000 1.0000 0.0014 0.0099 0.0702 0.4995 1.0000 1.0000 0.0007 0.0048 0.0341 0.2425 1.0000 1.0000 0.0003 0.0023 0.0165 0.1175 0.8363 1.0000 1.0000 0.0011 0.0080 0.0570 0.4060 1.0000 1.0000 0.0005 0.0039 0.0276 0.1967 1.0000 1.0000 0.0003 0.0019 0.0134 0.0955 0.6862 1.0000 1.0000 1.0000 0.6862 0.0955 0.0134 0.0019 0.0003 1.0000 1.0000 0.1967 0.0276 0.0039 0.0005 1.0000 1.0000 0.4060 0.0570 0.0080 0.0011 1.0000 1.0000 0.8363 0.1175 0.0165 0.0023 0.0003 1.0000 1.0000 0.2425 0.0341 0.0048 0.0007 1.0000 1.0000 0.4995 0.0702 0.0099 0.0014 1.0000 1.0000 1.0000 0.1470 0.0209 0.0030 0.0004 1.0000 1.0000 0.3713 0.0573 0.0091 0.0012
0.0083 0.0649 0.4014 1.0000 1.0000 0.0004 0.0028 0.0191 0.1324 0.9267 1.0000 1.0000 0.0012 0.0086 0.0612 0.4356 1.0000 1.0000 0.0006 0.0042 0.0296 0.2110 1.0000 1.0000 0.0003 0.0020 0.0144 0.1023 0.7279 1.0000 1.0000 0.0010 0.0070 0.0496 0.3534 1.0000 1.0000 0.0005 0.0034 0.0241 0.1712 1.0000 1.0000 1.0000 0.0016 0.0117 0.0831 0.5916 1.0000 1.0000 0.0004 1.0000 1.0000 0.5916 0.0831 0.0117 0.0016 1.0000 1.0000 1.0000 0.1712 0.0241 0.0034 0.0005 1.0000 1.0000 0.3534 0.0496 0.0070 0.0010 1.0000 1.0000 0.7279 0.1023 0.0144 0.0020 0.0003 1.0000 1.0000 0.2110 0.0296 0.0042 0.0006 1.0000 1.0000 0.4356 0.0612 0.0086 0.0012 1.0000 1.0000 0.9267 0.1324 0.0191 0.0028 0.0004 1.0000 1.0000 0.4014 0.0649 0.0083
0.0590 0.4603 1.0000 1.0000 0.0004 0.0028 0.0185 0.1249 0.8540 1.0000 1.0000 0.0011 0.0076 0.0537 0.3806 1.0000 1.0000 0.0005 0.0036 0.0258 0.1837 1.0000 1.0000 0.0002 0.0018 0.0125 0.0890 0.6335 1.0000 1.0000 0.0009 0.0061 0.0432 0.3075 1.0000 1.0000 0.0004 0.0029 0.0209 0.1490 1.0000 1.0000 1.0000 0.0014 0.0102 0.0723 0.5149 1.0000 1.0000 0.0007 0.0024 0.0007 1.0000 1.0000 0.5149 0.0723 0.0102 0.0014 1.0000 1.0000 1.0000 0.1490 0.0209 0.0029 0.0004 1.0000 1.0000 0.3075 0.0432 0.0061 0.0009 1.0000 1.0000 0.6335 0.0890 0.0125 0.0018 0.0002 1.0000 1.0000 0.1837 0.0258 0.0036 0.0005 1.0000 1.0000 0.3806 0.0537 0.0076 0.0011 1.0000 1.0000 0.8540 0.1249 0.0185 0.0028 0.0004 1.0000 1.0000 0.4603 0.0590
0.4201 1.0000 1.0000 0.0005 0.0030 0.0191 0.1249 0.8268 1.0000 1.0000 0.0010 0.0068 0.0478 0.3363 1.0000 1.0000 0.0004 0.0032 0.0225 0.1599 1.0000 1.0000 1.0000 0.0015 0.0109 0.0775 0.5514 1.0000 1.0000 0.0007 0.0053 0.0376 0.2677 1.0000 1.0000 0.0004 0.0026 0.0182 0.1297 0.9232 1.0000 1.0000 0.0012 0.0088 0.0630 0.4482 1.0000 1.0000 0.0006 0.0045 0.0147 0.0045 0.0006 1.0000 1.0000 0.4482 0.0630 0.0088 0.0012 1.0000 1.0000 0.9232 0.1297 0.0182 0.0026 0.0004 1.0000 1.0000 0.2677 0.0376 0.0053 0.0007 1.0000 1.0000 0.5514 0.0775 0.0109 0.0015 1.0000 1.0000 1.0000 0.1599 0.0225 0.0032 0.0004 1.0000 1.0000 0.3363 0.0478 0.0068 0.0010 1.0000 1.0000 0.8268 0.1249 0.0191 0.0030 0.0005 1.0000 1.0000 0.4201
1.0000 1.0000 0.0005 0.0033 0.0209 0.1324 0.8540 1.0000 1.0000 0.0009 0.0063 0.0435 0.3029 1.0000 1.0000 0.0004 0.0028 0.0196 0.1394 0.9924 1.0000 1.0000 0.0013 0.0095 0.0674 0.4799 1.0000 1.0000 0.0006 0.0046 0.0327 0.2330 1.0000 1.0000 0.0003 0.0022 0.0159 0.1129 0.8036 1.0000 1.0000 0.0011 0.0077 0.0548 0.3901 1.0000 1.0000 0.0005 0.0038 0.0276 0.0911 0.0276 0.0038 0.0005 1.0000 1.0000 0.3901 0.0548 0.0077 0.0011 1.0000 1.0000 0.8036 0.1129 0.0159 0.0022 0.0003 1.0000 1.0000 0.2330 0.0327 0.0046 0.0006 1.0000 1.0000 0.4799 0.0674 0.0095 0.0013 1.0000 1.0000 0.9924 0.1394 0.0196 0.0028 0.0004 1.0000 1.0000 0.3029 0.0435 0.0063 0.0009 1.0000 1.0000 0.8540 0.1324 0.0209 0.0033 0.0005 1.0000 1.0000
1.0000 0.0006 0.0038 0.0235 0.1470 0.9267 1.0000 1.0000 0.0009 0.0062 0.0414 0.2818 1.0000 1.0000 0.0004 0.0025 0.0173 0.1225 0.8671 1.0000 1.0000 0.0012 0.0082 0.0587 0.4177 1.0000 1.0000 0.0006 0.0040 0.0285 0.2028 1.0000 1.0000 0.0003 0.0019 0.0138 0.0983 0.6994 1.0000 1.0000 0.0009 0.0067 0.0477 0.3395 1.0000 1.0000 0.0005 0.0033 0.0234 0.1712 0.5641 0.1712 0.0234 0.0033 0.0005 1.0000 1.0000 0.3395 0.0477 0.0067 0.0009 1.0000 1.0000 0.6994 0.0983 0.0138 0.0019 0.0003 1.0000 1.0000 0.2028 0.0285 0.0040 0.0006 1.0000 1.0000 0.4177 0.0587 0.0082 0.0012 1.0000 1.0000 0.8671 0.1225 0.0173 0.0025 0.0004 1.0000 1.0000 0.2818 0.0414 0.0062 0.0009 1.0000 1.0000 0.9267 0.1470 0.0235 0.0038 0.0006 1.0000
0.0006 0.0044 0.0269 0.1670 1.0000 1.0000 1.0000 0.0010 0.0063 0.0414 0.2749 1.0000 1.0000 0.0003 0.0022 0.0155 0.1087 0.7648 1.0000 1.0000 0.0010 0.0072 0.0512 0.3636 1.0000 1.0000 0.0005 0.0035 0.0248 0.1765 1.0000 1.0000 0.0002 0.0017 0.0120 0.0855 0.6087 1.0000 1.0000 0.0008 0.0058 0.0415 0.2955 1.0000 1.0000 0.0004 0.0028 0.0201 0.1448 1.0000 1.0000 1.0000 0.1448 0.0201 0.0028 0.0004 1.0000 1.0000 0.2955 0.0415 0.0058 0.0008 1.0000 1.0000 0.6087 0.0855 0.0120 0.0017 0.0002 1.0000 1.0000 0.1765 0.0248 0.0035 0.0005 1.0000 1.0000 0.3636 0.0512 0.0072 0.0010 1.0000 1.0000 0.7648 0.1087 0.0155 0.0022 0.0003 1.0000 1.0000 0.2749 0.0414 0.0063 0.0010 1.0000 1.0000 1.0000 0.1670 0.0269 0.0044 0.0006
0.0040 0.0313 0.1912 1.0000 1.0000 1.0000 0.0011 0.0068 0.0435 0.2818 1.0000 1.0000 0.0003 0.0021 0.0143 0.0986 0.6875 1.0000 1.0000 0.0009 0.0063 0.0447 0.3177 1.0000 1.0000 0.0004 0.0030 0.0216 0.1536 1.0000 1.0000 1.0000 0.0015 0.0105 0.0744 0.5298 1.0000 1.0000 0.0007 0.0051 0.0361 0.2572 1.0000 1.0000 0.0003 0.0025 0.0175 0.1249 0.8973 1.0000 1.0000 1.0000 0.8973 0.1249 0.0175 0.0025 0.0003 1.0000 1.0000 0.2572 0.0361 0.0051 0.0007 1.0000 1.0000 0.5298 0.0744 0.0105 0.0015 1.0000 1.0000 1.0000 0.1536 0.0216 0.0030 0.0004 1.0000 1.0000 0.3177 0.0447 0.0063 0.0009 1.0000 1.0000 0.6875 0.0986 0.0143 0.0021 0.0003 1.0000 1.0000 0.2818 0.0435 0.0068 0.0011 1.0000 1.0000 1.0000 0.1912 0.0313 0.0040
0.0286 0.2230 1.0000 1.0000 1.0000 0.0012 0.0076 0.0478 0.3029 1.0000 1.0000 0.0003 0.0020 0.0136 0.0925 0.6335 1.0000 1.0000 0.0008 0.0056 0.0394 0.2786 1.0000 1.0000 0.0004 0.0026 0.0188 0.1337 0.9518 1.0000 1.0000 0.0013 0.0091 0.0648 0.4611 1.0000 1.0000 0.0006 0.0044 0.0314 0.2239 1.0000 1.0000 0.0003 0.0021 0.0152 0.1085 0.7721 1.0000 1.0000 0.0005 1.0000 1.0000 0.7721 0.1085 0.0152 0.0021 0.0003 1.0000 1.0000 0.2239 0.0314 0.0044 0.0006 1.0000 1.0000 0.4611 0.0648 0.0091 0.0013 1.0000 1.0000 0.9518 0.1337 0.0188 0.0026 0.0004 1.0000 1.0000 0.2786 0.0394 0.0056 0.0008 1.0000 1.0000 0.6335 0.0925 0.0136 0.0020 0.0003 1.0000 1.0000 0.3029 0.0478 0.0076 0.0012 1.0000 1.0000 1.0000 0.2230 0.0286
0.2039 1.0000 1.0000 1.0000 0.0014 0.0086 0.0537 0.3363 1.0000 1.0000 0.0003 0.0021 0.0136 0.0904 0.6064 1.0000 1.0000 0.0007 0.0050 0.0352 0.2471 1.0000 1.0000 0.0003 0.0023 0.0164 0.1164 0.8284 1.0000 1.0000 0.0011 0.0079 0.0564 0.4014 1.0000 1.0000 0.0005 0.0038 0.0274 0.1948 1.0000 1.0000 0.0003 0.0019 0.0133 0.0944 0.6720 1.0000 1.0000 0.0009 0.0031 0.0009 1.0000 1.0000 0.6720 0.0944 0.0133 0.0019 0.0003 1.0000 1.0000 0.1948 0.0274 0.0038 0.0005 1.0000 1.0000 0.4014 0.0564 0.0079 0.0011 1.0000 1.0000 0.8284 0.1164 0.0164 0.0023 0.0003 1.0000 1.0000 0.2471 0.0352 0.0050 0.0007 1.0000 1.0000 0.6064 0.0904 0.0136 0.0021 0.0003 1.0000 1.0000 0.3363 0.0537 0.0086 0.0014 1.0000 1.0000 1.0000 0.2039
1.0000 1.0000 0.0003 0.0016 0.0099 0.0612 0.3806 1.0000 1.0000 0.0004 0.0022 0.0143 0.0925 0.6064 1.0000 1.0000 0.0007 0.0047 0.0321 0.2230 1.0000 1.0000 0.0003 0.0020 0.0143 0.1017 0.7224 1.0000 1.0000 0.0010 0.0069 0.0491 0.3493 1.0000 1.0000 0.0005 0.0033 0.0238 0.1696 1.0000 1.0000 1.0000 0.0016 0.0115 0.0822 0.5849 1.0000 1.0000 0.0008 0.0058 0.0192 0.0058 0.0008 1.0000 1.0000 0.5849 0.0822 0.0115 0.0016 1.0000 1.0000 1.0000 0.1696 0.0238 0.0033 0.0005 1.0000 1.0000 0.3493 0.0491 0.0069 0.0010 1.0000 1.0000 0.7224 0.1017 0.0143 0.0020 0.0003 1.0000 1.0000 0.2230 0.0321 0.0047 0.0007 1.0000 1.0000 0.6064 0.0925 0.0143 0.0022 0.0004 1.0000 1.0000 0.3806 0.0612 0.0099 0.0016 0.0003 1.0000 1.0000
1.0000 0.0003 0.0018 0.0113 0.0702 0.4356 1.0000 1.0000 0.0004 0.0025 0.0155 0.0986 0.6335 1.0000 1.0000 0.0007 0.0045 0.0302 0.2067 1.0000 1.0000 0.0003 0.0018 0.0127 0.0897 0.6335 1.0000 1.0000 0.0008 0.0060 0.0427 0.3041 1.0000 1.0000 0.0004 0.0029 0.0207 0.1476 1.0000 1.0000 1.0000 0.0014 0.0100 0.0715 0.5091 1.0000 1.0000 0.0007 0.0049 0.0361 0.1191 0.0361 0.0049 0.0007 1.0000 1.0000 0.5091 0.0715 0.0100 0.0014 1.0000 1.0000 1.0000 0.1476 0.0207 0.0029 0.0004 1.0000 1.0000 0.3041 0.0427 0.0060 0.0008 1.0000 1.0000 0.6335 0.0897 0.0127 0.0018 0.0003 1.0000 1.0000 0.2067 0.0302 0.0045 0.0007 1.0000 1.0000 0.6335 0.0986 0.0155 0.0025 0.0004 1.0000 1.0000 0.4356 0.0702 0.0113 0.0018 0.0003 1.0000
0.0003 0.0021 0.0130 0.0806 0.4995 1.0000 1.0000 0.0004 0.0028 0.0173 0.1087 0.6875 1.0000 1.0000 0.0007 0.0045 0.0296 0.1986 1.0000 1.0000 0.0002 0.0016 0.0114 0.0799 0.5609 1.0000 1.0000 0.0007 0.0052 0.0372 0.2646 1.0000 1.0000 0.0004 0.0025 0.0180 0.1285 0.9145 1.0000 1.0000 0.0012 0.0087 0.0622 0.4431 1.0000 1.0000 0.0006 0.0042 0.0305 0.2234 0.7362 0.2234 0.0305 0.0042 0.0006 1.0000 1.0000 0.4431 0.0622 0.0087 0.0012 1.0000 1.0000 0.9145 0.1285 0.0180 0.0025 0.0004 1.0000 1.0000 0.2646 0.0372 0.0052 0.0007 1.0000 1.0000 0.5609 0.0799 0.0114 0.0016 0.0002 1.0000 1.0000 0.1986 0.0296 0.0045 0.0007 1.0000 1.0000 0.6875 0.1087 0.0173 0.0028 0.0004 1.0000 1.0000 0.4995 0.0806 0.0130 0.0021 0.0003
0.0020 0.0152 0.0926 0.5739 1.0000 1.0000 0.0005 0.0032 0.0196 0.1225 0.7648 1.0000 1.0000 0.0007 0.0047 0.0302 0.1986 1.0000 1.0000 1.0000 0.0015 0.0104 0.0723 0.5043 1.0000 1.0000 0.0007 0.0046 0.0326 0.2312 1.0000 1.0000 0.0003 0.0022 0.0157 0.1118 0.7960 1.0000 1.0000 0.0011 0.0076 0.0542 0.3857 1.0000 1.0000 0.0005 0.0037 0.0263 0.1890 1.0000 1.0000 1.0000 0.1890 0.0263 0.0037 0.0005 1.0000 1.0000 0.3857 0.0542 0.0076 0.0011 1.0000 1.0000 0.7960 0.1118 0.0157 0.0022 0.0003 1.0000 1.0000 0.2312 0.0326 0.0046 0.0007 1.0000 1.0000 0.5043 0.0723 0.0104 0.0015 1.0000 1.0000 1.0000 0.1986 0.0302 0.0047 0.0007 1.0000 1.0000 0.7648 0.1225 0.0196 0.0032 0.0005 1.0000 1.0000 0.5739 0.0926 0.0152 0.0020
0.0139 0.1081 0.6594 1.0000 1.0000 0.0006 0.0036 0.0225 0.1394 0.8671 1.0000 1.0000 0.0008 0.0050 0.0321 0.2067 1.0000 1.0000 1.0000 0.0015 0.0099 0.0673 0.4629 1.0000 1.0000 0.0006 0.0041 0.0288 0.2036 1.0000 1.0000 0.0003 0.0019 0.0137 0.0973 0.6928 1.0000 1.0000 0.0009 0.0066 0.0472 0.3357 1.0000 1.0000 0.0005 0.0032 0.0229 0.1629 1.0000 1.0000 1.0000 1.0000 1.0000 0.1629 0.0229 0.0032 0.0005 1.0000 1.0000 0.3357 0.0472 0.0066 0.0009 1.0000 1.0000 0.6928 0.0973 0.0137 0.0019 0.0003 1.0000 1.0000 0.2036 0.0288 0.0041 0.0006 1.0000 1.0000 0.4629 0.0673 0.0099 0.0015 1.0000 1.0000 1.0000 0.2067 0.0321 0.0050 0.0008 1.0000 1.0000 0.8671 0.1394 0.0225 0.0036 0.0006 1.0000 1.0000 0.6594 0.1081 0.0139
0.0988 0.7706 1.0000 1.0000 0.0007 0.0042 0.0258 0.1599 0.9924 1.0000 1.0000 0.0009 0.0056 0.0352 0.2230 1.0000 1.0000 1.0000 0.0015 0.0097 0.0648 0.4381 1.0000 1.0000 0.0005 0.0037 0.0258 0.1809 1.0000 1.0000 0.0002 0.0017 0.0119 0.0849 0.6030 1.0000 1.0000 0.0008 0.0058 0.0410 0.2922 1.0000 1.0000 0.0004 0.0028 0.0199 0.1418 1.0000 1.0000 1.0000 0.0007 1.0000 1.0000 1.0000 0.1418 0.0199 0.0028 0.0004 1.0000 1.0000 0.2922 0.0410 0.0058 0.0008 1.0000 1.0000 0.6030 0.0849 0.0119 0.0017 0.0002 1.0000 1.0000 0.1809 0.0258 0.0037 0.0005 1.0000 1.0000 0.4381 0.0648 0.0097 0.0015 1.0000 1.0000 1.0000 0.2230 0.0352 0.0056 0.0009 1.0000 1.0000 0.9924 0.1599 0.0258 0.0042 0.0007 1.0000 1.0000 0.7706 0.0988
0.7034 1.0000 1.0000 0.0008 0.0048 0.0296 0.1837 1.0000 1.0000 1.0000 0.0010 0.0063 0.0394 0.2471 1.0000 1.0000 0.0002 0.0015 0.0099 0.0648 0.4306 1.0000 1.0000 0.0005 0.0034 0.0234 0.1629 1.0000 1.0000 1.0000 0.0015 0.0105 0.0743 0.5258 1.0000 1.0000 0.0007 0.0050 0.0357 0.2543 1.0000 1.0000 0.0003 0.0024 0.0173 0.1234 0.8787 1.0000 1.0000 0.0012 0.0040 0.0012 1.0000 1.0000 0.8787 0.1234 0.0173 0.0024 0.0003 1.0000 1.0000 0.2543 0.0357 0.0050 0.0007 1.0000 1.0000 0.5258 0.0743 0.0105 0.0015 1.0000 1.0000 1.0000 0.1629 0.0234 0.0034 0.0005 1.0000 1.0000 0.4306 0.0648 0.0099 0.0015 0.0002 1.0000 1.0000 0.2471 0.0394 0.0063 0.0010 1.0000 1.0000 1.0000 0.1837 0.0296 0.0048 0.0008 1.0000 1.0000 0.7034
1.0000 1.0000 0.0009 0.0055 0.0341 0.2110 1.0000 1.0000 1.0000 0.0012 0.0072 0.0447 0.2786 1.0000 1.0000 0.0003 0.0016 0.0104 0.0673 0.4381 1.0000 1.0000 0.0005 0.0032 0.0219 0.1502 1.0000 1.0000 1.0000 0.0013 0.0093 0.0654 0.4620 1.0000 1.0000 0.0006 0.0044 0.0311 0.2213 1.0000 1.0000 0.0003 0.0021 0.0151 0.1074 0.7648 1.0000 1.0000 0.0010 0.0076 0.0251 0.0076 0.0010 1.0000 1.0000 0.7648 0.1074 0.0151 0.0021 0.0003 1.0000 1.0000 0.2213 0.0311 0.0044 0.0006 1.0000 1.0000 0.4620 0.0654 0.0093 0.0013 1.0000 1.0000 1.0000 0.1502 0.0219 0.0032 0.0005 1.0000 1.0000 0.4381 0.0673 0.0104 0.0016 0.0003 1.0000 1.0000 0.2786 0.0447 0.0072 0.0012 1.0000 1.0000 1.0000 0.2110 0.0341 0.0055 0.0009 1.0000 1.0000
1.0000 0.0010 0.0063 0.0391 0.2425 1.0000 1.0000 1.0000 0.0013 0.0082 0.0512 0.3177 1.0000 1.0000 0.0003 0.0018 0.0114 0.0723 0.4629 1.0000 1.0000 0.0005 0.0032 0.0211 0.1424 0.9700 1.0000 1.0000 0.0012 0.0083 0.0581 0.4091 1.0000 1.0000 0.0005 0.0038 0.0271 0.1930 1.0000 1.0000 0.0003 0.0018 0.0131 0.0935 0.6657 1.0000 1.0000 0.0009 0.0064 0.0472 0.1554 0.0472 0.0064 0.0009 1.0000 1.0000 0.6657 0.0935 0.0131 0.0018 0.0003 1.0000 1.0000 0.1930 0.0271 0.0038 0.0005 1.0000 1.0000 0.4091 0.0581 0.0083 0.0012 1.0000 1.0000 0.9700 0.1424 0.0211 0.0032 0.0005 1.0000 1.0000 0.4629 0.0723 0.0114 0.0018 0.0003 1.0000 1.0000 0.3177 0.0512 0.0082 0.0013 1.0000 1.0000 1.0000 0.2425 0.0391 0.0063 0.0010 1.0000
0.0009 0.0074 0.0449 0.2786 1.0000 1.0000 0.0002 0.0015 0.0095 0.0587 0.3636 1.0000 1.0000 0.0003 0.0020 0.0127 0.0799 0.5043 1.0000 1.0000 0.0005 0.0032 0.0211 0.1400 0.9356 1.0000 1.0000 0.0011 0.0076 0.0526 0.3671 1.0000 1.0000 0.0005 0.0034 0.0238 0.1686 1.0000 1.0000 1.0000 0.0016 0.0114 0.0814 0.5794 1.0000 1.0000 0.0008 0.0056 0.0399 0.2922 0.9627 0.2922 0.0399 0.0056 0.0008 1.0000 1.0000 0.5794 0.0814 0.0114 0.0016 1.0000 1.0000 1.0000 0.1686 0.0238 0.0034 0.0005 1.0000 1.0000 0.3671 0.0526 0.0076 0.0011 1.0000 1.0000 0.9356 0.1400 0.0211 0.0032 0.0005 1.0000 1.0000 0.5043 0.0799 0.0127 0.0020 0.0003 1.0000 1.0000 0.3636 0.0587 0.0095 0.0015 0.0002 1.0000 1.0000 0.2786 0.0449 0.0074 0.0009
0.0067 0.0525 0.3195 1.0000 1.0000 0.0003 0.0018 0.0109 0.0674 0.4177 1.0000 1.0000 0.0004 0.0023 0.0143 0.0897 0.5609 1.0000 1.0000 0.0005 0.0034 0.0219 0.1424 0.9356 1.0000 1.0000 0.0010 0.0071 0.0487 0.3357 1.0000 1.0000 0.0004 0.0030 0.0210 0.1482 1.0000 1.0000 1.0000 0.0014 0.0100 0.0708 0.5043 1.0000 1.0000 0.0007 0.0048 0.0343 0.2471 1.0000 1.0000 1.0000 0.2471 0.0343 0.0048 0.0007 1.0000 1.0000 0.5043 0.0708 0.0100 0.0014 1.0000 1.0000 1.0000 0.1482 0.0210 0.0030 0.0004 1.0000 1.0000 0.3357 0.0487 0.0071 0.0010 1.0000 1.0000 0.9356 0.1424 0.0219 0.0034 0.0005 1.0000 1.0000 0.5609 0.0897 0.0143 0.0023 0.0004 1.0000 1.0000 0.4177 0.0674 0.0109 0.0018 0.0003 1.0000 1.0000 0.3195 0.0525 0.0067
0.0480 0.3734 1.0000 1.0000 0.0003 0.0020 0.0125 0.0775 0.4799 1.0000 1.0000 0.0004 0.0026 0.0164 0.1017 0.6335 1.0000 1.0000 0.0006 0.0037 0.0234 0.1502 0.9700 1.0000 1.0000 0.0010 0.0069 0.0463 0.3152 1.0000 1.0000 0.0004 0.0027 0.0187 0.1317 0.9267 1.0000 1.0000 0.0012 0.0087 0.0618 0.4389 1.0000 1.0000 0.0006 0.0042 0.0299 0.2131 1.0000 1.0000 1.0000 1.0000 1.0000 0.2131 0.0299 0.0042 0.0006 1.0000 1.0000 0.4389 0.0618 0.0087 0.0012 1.0000 1.0000 0.9267 0.1317 0.0187 0.0027 0.0004 1.0000 1.0000 0.3152 0.0463 0.0069 0.0010 1.0000 1.0000 0.9700 0.1502 0.0234 0.0037 0.0006 1.0000 1.0000 0.6335 0.1017 0.0164 0.0026 0.0004 1.0000 1.0000 0.4799 0.0775 0.0125 0.0020 0.0003 1.0000 1.0000 0.3734 0.0480
0.3408 1.0000 1.0000 0.0004 0.0023 0.0144 0.0890 0.5514 1.0000 1.0000 0.0005 0.0030 0.0188 0.1164 0.7224 1.0000 1.0000 0.0007 0.0041 0.0258 0.1629 1.0000 1.0000 1.0000 0.0010 0.0069 0.0455 0.3046 1.0000 1.0000 0.0004 0.0025 0.0170 0.1184 0.8284 1.0000 1.0000 0.0011 0.0076 0.0540 0.3835 1.0000 1.0000 0.0005 0.0037 0.0260 0.1851 1.0000 1.0000 0.0003 0.0009 0.0003 1.0000 1.0000 0.1851 0.0260 0.0037 0.0005 1.0000 1.0000 0.3835 0.0540 0.0076 0.0011 1.0000 1.0000 0.8284 0.1184 0.0170 0.0025 0.0004 1.0000 1.0000 0.3046 0.0455 0.0069 0.0010 1.0000 1.0000 1.0000 0.1629 0.0258 0.0041 0.0007 1.0000 1.0000 0.7224 0.1164 0.0188 0.0030 0.0005 1.0000 1.0000 0.5514 0.0890 0.0144 0.0023 0.0004 1.0000 1.0000 0.3408
1.0000 1.0000 0.0004 0.0027 0.0165 0.1023 0.6335 1.0000 1.0000 0.0006 0.0035 0.0216 0.1337 0.8284 1.0000 1.0000 0.0007 0.0046 0.0288 0.1809 1.0000 1.0000 1.0000 0.0011 0.0071 0.0463 0.3046 1.0000 1.0000 0.0003 0.0023 0.0157 0.1085 0.7518 1.0000 1.0000 0.0010 0.0068 0.0476 0.3363 1.0000 1.0000 0.0004 0.0032 0.0226 0.1611 1.0000 1.0000 1.0000 0.0016 0.0053 0.0016 1.0000 1.0000 1.0000 0.1611 0.0226 0.0032 0.0004 1.0000 1.0000 0.3363 0.0476 0.0068 0.0010 1.0000 1.0000 0.7518 0.1085 0.0157 0.0023 0.0003 1.0000 1.0000 0.3046 0.0463 0.0071 0.0011 1.0000 1.0000 1.0000 0.1809 0.0288 0.0046 0.0007 1.0000 1.0000 0.8284 0.1337 0.0216 0.0035 0.0006 1.0000 1.0000 0.6335 0.1023 0.0165 0.0027 0.0004 1.0000 1.0000
1.0000 0.0005 0.0031 0.0190 0.1175 0.7279 1.0000 1.0000 0.0006 0.0040 0.0248 0.1536 0.9518 1.0000 1.0000 0.0008 0.0052 0.0326 0.2036 1.0000 1.0000 1.0000 0.0012 0.0076 0.0487 0.3152 1.0000 1.0000 0.0003 0.0022 0.0150 0.1021 0.6981 1.0000 1.0000 0.0009 0.0060 0.0424 0.2983 1.0000 1.0000 0.0004 0.0028 0.0197 0.1405 0.9981 1.0000 1.0000 0.0014 0.0099 0.0327 0.0099 0.0014 1.0000 1.0000 0.9981 0.1405 0.0197 0.0028 0.0004 1.0000 1.0000 0.2983 0.0424 0.0060 0.0009 1.0000 1.0000 0.6981 0.1021 0.0150 0.0022 0.0003 1.0000 1.0000 0.3152 0.0487 0.0076 0.0012 1.0000 1.0000 1.0000 0.2036 0.0326 0.0052 0.0008 1.0000 1.0000 0.9518 0.1536 0.0248 0.0040 0.0006 1.0000 1.0000 0.7279 0.1175 0.0190 0.0031 0.0005 1.0000
0.0005 0.0036 0.0218 0.1350 0.8363 1.0000 1.0000 0.0007 0.0046 0.0285 0.1765 1.0000 1.0000 1.0000 0.0010 0.0060 0.0372 0.2312 1.0000 1.0000 1.0000 0.0013 0.0083 0.0526 0.3357 1.0000 1.0000 0.0003 0.0022 0.0148 0.0988 0.6657 1.0000 1.0000 0.0008 0.0055 0.0382 0.2672 1.0000 1.0000 0.0003 0.0024 0.0173 0.1227 0.8704 1.0000 1.0000 0.0012 0.0084 0.0615 0.2032 0.0615 0.0084 0.0012 1.0000 1.0000 0.8704 0.1227 0.0173 0.0024 0.0003 1.0000 1.0000 0.2672 0.0382 0.0055 0.0008 1.0000 1.0000 0.6657 0.0988 0.0148 0.0022 0.0003 1.0000 1.0000 0.3357 0.0526 0.0083 0.0013 1.0000 1.0000 1.0000 0.2312 0.0372 0.0060 0.0010 1.0000 1.0000 1.0000 0.1765 0.0285 0.0046 0.0007 1.0000 1.0000 0.8363 0.1350 0.0218 0.0036 0.0005
0.0033 0.0254 0.1551 0.9608 1.0000 1.0000 0.0009 0.0053 0.0327 0.2028 1.0000 1.0000 1.0000 0.0011 0.0069 0.0427 0.2646 1.0000 1.0000 0.0002 0.0015 0.0093 0.0581 0.3671 1.0000 1.0000 0.0004 0.0023 0.0150 0.0988 0.6556 1.0000 1.0000 0.0007 0.0051 0.0350 0.2429 1.0000 1.0000 0.0003 0.0022 0.0153 0.1078 0.7633 1.0000 1.0000 0.0010 0.0072 0.0521 0.3813 1.0000 0.3813 0.0521 0.0072 0.0010 1.0000 1.0000 0.7633 0.1078 0.0153 0.0022 0.0003 1.0000 1.0000 0.2429 0.0350 0.0051 0.0007 1.0000 1.0000 0.6556 0.0988 0.0150 0.0023 0.0004 1.0000 1.0000 0.3671 0.0581 0.0093 0.0015 0.0002 1.0000 1.0000 0.2646 0.0427 0.0069 0.0011 1.0000 1.0000 1.0000 0.2028 0.0327 0.0053 0.0009 1.0000 1.0000 0.9608 0.1551 0.0254 0.0033
0.0232 0.1813 1.0000 1.0000 1.0000 0.0010 0.0061 0.0376 0.2330 1.0000 1.0000 1.0000 0.0013 0.0079 0.0491 0.3041 1.0000 1.0000 0.0003 0.0017 0.0105 0.0654 0.4091 1.0000 1.0000 0.0004 0.0025 0.0157 0.1021 0.6657 1.0000 1.0000 0.0007 0.0049 0.0330 0.2256 1.0000 1.0000 0.0003 0.0019 0.0136 0.0957 0.6746 1.0000 1.0000 0.0009 0.0063 0.0450 0.3225 1.0000 1.0000 1.0000 0.3225 0.0450 0.0063 0.0009 1.0000 1.0000 0.6746 0.0957 0.0136 0.0019 0.0003 1.0000 1.0000 0.2256 0.0330 0.0049 0.0007 1.0000 1.0000 0.6657 0.1021 0.0157 0.0025 0.0004 1.0000 1.0000 0.4091 0.0654 0.0105 0.0017 0.0003 1.0000 1.0000 0.3041 0.0491 0.0079 0.0013 1.0000 1.0000 1.0000 0.2330 0.0376 0.0061 0.0010 1.0000 1.0000 1.0000 0.1813 0.0232
0.1654 1.0000 1.0000 1.0000 0.0011 0.0070 0.0432 0.2677 1.0000 1.0000 0.0002 0.0015 0.0091 0.0564 0.3493 1.0000 1.0000 0.0003 0.0019 0.0119 0.0743 0.4620 1.0000 1.0000 0.0004 0.0027 0.0170 0.1085 0.6981 1.0000 1.0000 0.0007 0.0048 0.0321 0.2159 1.0000 1.0000 0.0003 0.0018 0.0123 0.0858 0.6018 1.0000 1.0000 0.0008 0.0056 0.0393 0.2791 1.0000 1.0000 1.0000 1.0000 1.0000 0.2791 0.0393 0.0056 0.0008 1.0000 1.0000 0.6018 0.0858 0.0123 0.0018 0.0003 1.0000 1.0000 0.2159 0.0321 0.0048 0.0007 1.0000 1.0000 0.6981 0.1085 0.0170 0.0027 0.0004 1.0000 1.0000 0.4620 0.0743 0.0119 0.0019 0.0003 1.0000 1.0000 0.3493 0.0564 0.0091 0.0015 0.0002 1.0000 1.0000 0.2677 0.0432 0.0070 0.0011 1.0000 1.0000 1.0000 0.1654
1.0000 1.0000 1.0000 0.0013 0.0080 0.0496 0.3075 1.0000 1.0000 0.0003 0.0017 0.0105 0.0648 0.4014 1.0000 1.0000 0.0004 0.0022 0.0137 0.0849 0.5258 1.0000 1.0000 0.0005 0.0030 0.0187 0.1184 0.7518 1.0000 1.0000 0.0007 0.0049 0.0321 0.2127 1.0000 1.0000 0.0002 0.0016 0.0113 0.0784 0.5441 1.0000 1.0000 0.0007 0.0049 0.0347 0.2448 1.0000 1.0000 0.0003 0.0011 0.0003 1.0000 1.0000 0.2448 0.0347 0.0049 0.0007 1.0000 1.0000 0.5441 0.0784 0.0113 0.0016 0.0002 1.0000 1.0000 0.2127 0.0321 0.0049 0.0007 1.0000 1.0000 0.7518 0.1184 0.0187 0.0030 0.0005 1.0000 1.0000 0.5258 0.0849 0.0137 0.0022 0.0004 1.0000 1.0000 0.4014 0.0648 0.0105 0.0017 0.0003 1.0000 1.0000 0.3075 0.0496 0.0080 0.0013 1.0000 1.0000 1.0000
1.0000 0.0002 0.0015 0.0092 0.0570 0.3534 1.0000 1.0000 0.0003 0.0019 0.0120 0.0744 0.4611 1.0000 1.0000 0.0004 0.0025 0.0157 0.0973 0.6030 1.0000 1.0000 0.0005 0.0034 0.0210 0.1317 0.8284 1.0000 1.0000 0.0008 0.0051 0.0330 0.2159 1.0000 1.0000 1.0000 0.0016 0.0107 0.0730 0.5014 1.0000 1.0000 0.0006 0.0044 0.0307 0.2167 1.0000 1.0000 0.0003 0.0021 0.0070 0.0021 0.0003 1.0000 1.0000 0.2167 0.0307 0.0044 0.0006 1.0000 1.0000 0.5014 0.0730 0.0107 0.0016 1.0000 1.0000 1.0000 0.2159 0.0330 0.0051 0.0008 1.0000 1.0000 0.8284 0.1317 0.0210 0.0034 0.0005 1.0000 1.0000 0.6030 0.0973 0.0157 0.0025 0.0004 1.0000 1.0000 0.4611 0.0744 0.0120 0.0019 0.0003 1.0000 1.0000 0.3534 0.0570 0.0092 0.0015 0.0002 1.0000
0.0002 0.0017 0.0106 0.0655 0.4060 1.0000 1.0000 0.0004 0.0022 0.0138 0.0855 0.5298 1.0000 1.0000 0.0005 0.0029 0.0180 0.1118 0.6928 1.0000 1.0000 0.0006 0.0038 0.0238 0.1482 0.9267 1.0000 1.0000 0.0009 0.0055 0.0350 0.2256 1.0000 1.0000 1.0000 0.0016 0.0104 0.0698 0.4736 1.0000 1.0000 0.0006 0.0040 0.0276 0.1934 1.0000 1.0000 0.0003 0.0018 0.0131 0.0432 0.0131 0.0018 0.0003 1.0000 1.0000 0.1934 0.0276 0.0040 0.0006 1.0000 1.0000 0.4736 0.0698 0.0104 0.0016 1.0000 1.0000 1.0000 0.2256 0.0350 0.0055 0.0009 1.0000 1.0000 0.9267 0.1482 0.0238 0.0038 0.0006 1.0000 1.0000 0.6928 0.1118 0.0180 0.0029 0.0005 1.0000 1.0000 0.5298 0.0855 0.0138 0.0022 0.0004 1.0000 1.0000 0.4060 0.0655 0.0106 0.0017 0.0002
0.0016 0.0123 0.0751 0.4664 1.0000 1.0000 0.0004 0.0026 0.0159 0.0983 0.6087 1.0000 1.0000 0.0005 0.0033 0.0207 0.1285 0.7960 1.0000 1.0000 0.0007 0.0044 0.0271 0.1686 1.0000 1.0000 1.0000 0.0010 0.0060 0.0382 0.2429 1.0000 1.0000 0.0002 0.0016 0.0104 0.0687 0.4594 1.0000 1.0000 0.0005 0.0037 0.0253 0.1755 1.0000 1.0000 1.0000 0.0016 0.0112 0.0819 0.2692 0.0819 0.0112 0.0016 1.0000 1.0000 1.0000 0.1755 0.0253 0.0037 0.0005 1.0000 1.0000 0.4594 0.0687 0.0104 0.0016 0.0002 1.0000 1.0000 0.2429 0.0382 0.0060 0.0010 1.0000 1.0000 1.0000 0.1686 0.0271 0.0044 0.0007 1.0000 1.0000 0.7960 0.1285 0.0207 0.0033 0.0005 1.0000 1.0000 0.6087 0.0983 0.0159 0.0026 0.0004 1.0000 1.0000 0.4664 0.0751 0.0123 0.0016
0.0113 0.0878 0.5349 1.0000 1.0000 0.0005 0.0029 0.0182 0.1129 0.6994 1.0000 1.0000 0.0006 0.0038 0.0238 0.1476 0.9145 1.0000 1.0000 0.0008 0.0050 0.0311 0.1930 1.0000 1.0000 1.0000 0.0011 0.0068 0.0424 0.2672 1.0000 1.0000 0.0003 0.0016 0.0107 0.0698 0.4594 1.0000 1.0000 0.0005 0.0035 0.0236 0.1620 1.0000 1.0000 1.0000 0.0014 0.0099 0.0703 0.5110 1.0000 0.5110 0.0703 0.0099 0.0014 1.0000 1.0000 1.0000 0.1620 0.0236 0.0035 0.0005 1.0000 1.0000 0.4594 0.0698 0.0107 0.0016 0.0003 1.0000 1.0000 0.2672 0.0424 0.0068 0.0011 1.0000 1.0000 1.0000 0.1930 0.0311 0.0050 0.0008 1.0000 1.0000 0.9145 0.1476 0.0238 0.0038 0.0006 1.0000 1.0000 0.6994 0.1129 0.0182 0.0029 0.0005 1.0000 1.0000 0.5349 0.0878 0.0113
0.0802 0.6252 1.0000 1.0000 0.0005 0.0034 0.0209 0.1297 0.8036 1.0000 1.0000 0.0007 0.0044 0.0274 0.1696 1.0000 1.0000 1.0000 0.0009 0.0058 0.0357 0.2213 1.0000 1.0000 1.0000 0.0012 0.0076 0.0476 0.2983 1.0000 1.0000 0.0003 0.0018 0.0113 0.0730 0.4736 1.0000 1.0000 0.0005 0.0034 0.0226 0.1530 1.0000 1.0000 1.0000 0.0013 0.0089 0.0621 0.4406 1.0000 1.0000 1.0000 0.4406 0.0621 0.0089 0.0013 1.0000 1.0000 1.0000 0.1530 0.0226 0.0034 0.0005 1.0000 1.0000 0.4736 0.0730 0.0113 0.0018 0.0003 1.0000 1.0000 0.2983 0.0476 0.0076 0.0012 1.0000 1.0000 1.0000 0.2213 0.0357 0.0058 0.0009 1.0000 1.0000 1.0000 0.1696 0.0274 0.0044 0.0007 1.0000 1.0000 0.8036 0.1297 0.0209 0.0034 0.0005 1.0000 1.0000 0.6252 0.0802
0.5717 1.0000 1.0000 0.0006 0.0039 0.0241 0.1490 0.9232 1.0000 1.0000 0.0008 0.0051 0.0314 0.1948 1.0000 1.0000 1.0000 0.0011 0.0066 0.0410 0.2543 1.0000 1.0000 1.0000 0.0014 0.0087 0.0540 0.3363 1.0000 1.0000 0.0003 0.0019 0.0123 0.0784 0.5014 1.0000 1.0000 0.0005 0.0034 0.0222 0.1484 1.0000 1.0000 1.0000 0.0012 0.0081 0.0564 0.3931 1.0000 1.0000 1.0000 1.0000 1.0000 0.3931 0.0564 0.0081 0.0012 1.0000 1.0000 1.0000 0.1484 0.0222 0.0034 0.0005 1.0000 1.0000 0.5014 0.0784 0.0123 0.0019 0.0003 1.0000 1.0000 0.3363 0.0540 0.0087 0.0014 1.0000 1.0000 1.0000 0.2543 0.0410 0.0066 0.0011 1.0000 1.0000 1.0000 0.1948 0.0314 0.0051 0.0008 1.0000 1.0000 0.9232 0.1490 0.0241 0.0039 0.0006 1.0000 1.0000 0.5717
1.0000 1.0000 0.0007 0.0045 0.0276 0.1712 1.0000 1.0000 1.0000 0.0009 0.0058 0.0361 0.2239 1.0000 1.0000 1.0000 0.0012 0.0076 0.0472 0.2922 1.0000 1.0000 0.0003 0.0016 0.0100 0.0618 0.3835 1.0000 1.0000 0.0003 0.0022 0.0136 0.0858 0.5441 1.0000 1.0000 0.0005 0.0035 0.0226 0.1484 0.9849 1.0000 1.0000 0.0011 0.0076 0.0522 0.3595 1.0000 1.0000 0.0005 0.0015 0.0005 1.0000 1.0000 0.3595 0.0522 0.0076 0.0011 1.0000 1.0000 0.9849 0.1484 0.0226 0.0035 0.0005 1.0000 1.0000 0.5441 0.0858 0.0136 0.0022 0.0003 1.0000 1.0000 0.3835 0.0618 0.0100 0.0016 0.0003 1.0000 1.0000 0.2922 0.0472 0.0076 0.0012 1.0000 1.0000 1.0000 0.2239 0.0361 0.0058 0.0009 1.0000 1.0000 1.0000 0.1712 0.0276 0.0045 0.0007 1.0000 1.0000
1.0000 0.0008 0.0051 0.0317 0.1967 1.0000 1.0000 1.0000 0.0011 0.0067 0.0415 0.2572 1.0000 1.0000 1.0000 0.0014 0.0087 0.0542 0.3357 1.0000 1.0000 0.0003 0.0018 0.0114 0.0708 0.4389 1.0000 1.0000 0.0004 0.0024 0.0153 0.0957 0.6018 1.0000 1.0000 0.0006 0.0037 0.0236 0.1530 1.0000 1.0000 1.0000 0.0011 0.0073 0.0495 0.3369 1.0000 1.0000 0.0004 0.0030 0.0098 0.0030 0.0004 1.0000 1.0000 0.3369 0.0495 0.0073 0.0011 1.0000 1.0000 1.0000 0.1530 0.0236 0.0037 0.0006 1.0000 1.0000 0.6018 0.0957 0.0153 0.0024 0.0004 1.0000 1.0000 0.4389 0.0708 0.0114 0.0018 0.0003 1.0000 1.0000 0.3357 0.0542 0.0087 0.0014 1.0000 1.0000 1.0000 0.2572 0.0415 0.0067 0.0011 1.0000 1.0000 1.0000 0.1967 0.0317 0.0051 0.0008 1.0000
0.0008 0.0060 0.0365 0.2260 1.0000 1.0000 1.0000 0.0012 0.0077 0.0477 0.2955 1.0000 1.0000 0.0003 0.0016 0.0100 0.0622 0.3857 1.0000 1.0000 0.0003 0.0021 0.0131 0.0814 0.5043 1.0000 1.0000 0.0004 0.0028 0.0173 0.1078 0.6746 1.0000 1.0000 0.0006 0.0040 0.0253 0.1620 1.0000 1.0000 1.0000 0.0011 0.0072 0.0481 0.3231 1.0000 1.0000 0.0004 0.0027 0.0190 0.0620 0.0190 0.0027 0.0004 1.0000 1.0000 0.3231 0.0481 0.0072 0.0011 1.0000 1.0000 1.0000 0.1620 0.0253 0.0040 0.0006 1.0000 1.0000 0.6746 0.1078 0.0173 0.0028 0.0004 1.0000 1.0000 0.5043 0.0814 0.0131 0.0021 0.0003 1.0000 1.0000 0.3857 0.0622 0.0100 0.0016 0.0003 1.0000 1.0000 0.2955 0.0477 0.0077 0.0012 1.0000 1.0000 1.0000 0.2260 0.0365 0.0060 0.0008
0.0055 0.0426 0.2597 1.0000 1.0000 1.0000 0.0014 0.0088 0.0548 0.3395 1.0000 1.0000 0.0003 0.0019 0.0115 0.0715 0.4431 1.0000 1.0000 0.0004 0.0024 0.0151 0.0935 0.5794 1.0000 1.0000 0.0005 0.0032 0.0197 0.1227 0.7633 1.0000 1.0000 0.0007 0.0044 0.0276 0.1755 1.0000 1.0000 1.0000 0.0011 0.0073 0.0481 0.3183 1.0000 1.0000 0.0004 0.0025 0.0170 0.1211 0.3953 0.1211 0.0170 0.0025 0.0004 1.0000 1.0000 0.3189 0.0481 0.0073 0.0011 1.0000 1.0000 1.0000 0.1755 0.0276 0.0044 0.0007 1.0000 1.0000 0.7633 0.1227 0.0197 0.0032 0.0005 1.0000 1.0000 0.5794 0.0935 0.0151 0.0024 0.0004 1.0000 1.0000 0.4431 0.0715 0.0115 0.0019 0.0003 1.0000 1.0000 0.3395 0.0548 0.0088 0.0014 1.0000 1.0000 1.0000 0.2597 0.0426 0.0055
0.0389 0.3029 1.0000 1.0000 0.0003 0.0016 0.0102 0.0630 0.3901 1.0000 1.0000 0.0003 0.0021 0.0133 0.0822 0.5091 1.0000 1.0000 0.0005 0.0028 0.0173 0.1074 0.6657 1.0000 1.0000 0.0006 0.0037 0.0226 0.1405 0.8704 1.0000 1.0000 0.0008 0.0049 0.0307 0.1934 1.0000 1.0000 1.0000 0.0012 0.0076 0.0495 0.3231 1.0000 1.0000 0.0004 0.0024 0.0160 0.1099 0.7780 1.0000 0.7780 0.1099 0.0160 0.0024 0.0004 1.0000 1.0000 0.3231 0.0495 0.0076 0.0012 1.0000 1.0000 1.0000 0.1934 0.0307 0.0049 0.0008 1.0000 1.0000 0.8704 0.1405 0.0226 0.0037 0.0006 1.0000 1.0000 0.6657 0.1074 0.0173 0.0028 0.0005 1.0000 1.0000 0.5091 0.0822 0.0133 0.0021 0.0003 1.0000 1.0000 0.3901 0.0630 0.0102 0.0016 0.0003 1.0000 1.0000 0.3029 0.0389
0.2770 1.0000 1.0000 0.0003 0.0019 0.0117 0.0723 0.4482 1.0000 1.0000 0.0004 0.0025 0.0152 0.0944 0.5849 1.0000 1.0000 0.0005 0.0032 0.0199 0.1234 0.7648 1.0000 1.0000 0.0007 0.0042 0.0260 0.1611 0.9981 1.0000 1.0000 0.0009 0.0056 0.0347 0.2167 1.0000 1.0000 1.0000 0.0013 0.0081 0.0522 0.3369 1.0000 1.0000 0.0004 0.0023 0.0155 0.1044 0.7155 1.0000 1.0000 1.0000 0.7155 0.1044 0.0155 0.0023 0.0004 1.0000 1.0000 0.3369 0.0522 0.0081 0.0013 1.0000 1.0000 1.0000 0.2167 0.0347 0.0056 0.0009 1.0000 1.0000 0.9981 0.1611 0.0260 0.0042 0.0007 1.0000 1.0000 0.7648 0.1234 0.0199 0.0032 0.0005 1.0000 1.0000 0.5849 0.0944 0.0152 0.0025 0.0004 1.0000 1.0000 0.4482 0.0723 0.0117 0.0019 0.0003 1.0000 1.0000 0.2770
1.0000 1.0000 0.0003 0.0022 0.0134 0.0831 0.5149 1.0000 1.0000 0.0005 0.0028 0.0175 0.1085 0.6720 1.0000 1.0000 0.0006 0.0037 0.0229 0.1418 0.8787 1.0000 1.0000 0.0008 0.0048 0.0299 0.1851 1.0000 1.0000 1.0000 0.0010 0.0063 0.0393 0.2453 1.0000 1.0000 1.0000 0.0014 0.0089 0.0564 0.3595 1.0000 1.0000 0.0004 0.0024 0.0155 0.1030 0.6888 1.0000 1.0000 0.0004 1.0000 1.0000 0.6875 0.1030 0.0155 0.0024 0.0004 1.0000 1.0000 0.3595 0.0564 0.0089 0.0014 1.0000 1.0000 1.0000 0.2448 0.0393 0.0063 0.0010 1.0000 1.0000 1.0000 0.1851 0.0299 0.0048 0.0008 1.0000 1.0000 0.8787 0.1418 0.0229 0.0037 0.0006 1.0000 1.0000 0.6720 0.1085 0.0175 0.0028 0.0005 1.0000 1.0000 0.5149 0.0831 0.0134 0.0022 0.0003 1.0000 1.0000
1.0000 0.0004 0.0025 0.0154 0.0955 0.5916 1.0000 1.0000 0.0005 0.0032 0.0201 0.1246 0.7721 1.0000 1.0000 0.0007 0.0042 0.0263 0.1629 1.0000 1.0000 1.0000 0.0009 0.0055 0.0343 0.2127 1.0000 1.0000 1.0000 0.0012 0.0072 0.0450 0.2791 1.0000 1.0000 0.0003 0.0016 0.0099 0.0621 0.3931 1.0000 1.0000 0.0004 0.0025 0.0160 0.1044 0.6875 1.0000 1.0000 0.0008 0.0026 0.0008 1.0000 1.0000 0.6875 0.1044 0.0160 0.0025 0.0004 1.0000 1.0000 0.3931 0.0621 0.0099 0.0016 0.0003 1.0000 1.0000 0.2791 0.0450 0.0072 0.0012 1.0000 1.0000 1.0000 0.2131 0.0343 0.0056 0.0009 1.0000 1.0000 1.0000 0.1629 0.0263 0.0042 0.0007 1.0000 1.0000 0.7721 0.1249 0.0201 0.0033 0.0005 1.0000 1.0000 0.5916 0.0955 0.0154 0.0025 0.0004 1.0000
0.0004 0.0029 0.0177 0.1097 0.6797 1.0000 1.0000 0.0006 0.0037 0.0231 0.1432 0.8871 1.0000 1.0000 0.0008 0.0049 0.0302 0.1872 1.0000 1.0000 1.0000 0.0010 0.0064 0.0394 0.2443 1.0000 1.0000 1.0000 0.0013 0.0083 0.0516 0.3195 1.0000 1.0000 0.0003 0.0018 0.0111 0.0695 0.4356 1.0000 1.0000 0.0004 0.0026 0.0169 0.1089 0.7061 1.0000 1.0000 0.0008 0.0052 0.0170 0.0053 0.0008 1.0000 1.0000 0.7155 0.1099 0.0170 0.0027 0.0004 1.0000 1.0000 0.4406 0.0703 0.0112 0.0018 0.0003 1.0000 1.0000 0.3225 0.0521 0.0084 0.0014 1.0000 1.0000 1.0000 0.2471 0.0399 0.0064 0.0010 1.0000 1.0000 1.0000 0.1890 0.0305 0.0049 0.0008 1.0000 1.0000 0.8973 0.1448 0.0234 0.0038 0.0006 1.0000 1.0000 0.6862 0.1108 0.0178 0.0029 0.0004
0.0027 0.0207 0.1258 0.7810 1.0000 1.0000 0.0007 0.0043 0.0266 0.1645 1.0000 1.0000 1.0000 0.0009 0.0056 0.0347 0.2151 1.0000 1.0000 1.0000 0.0012 0.0073 0.0453 0.2807 1.0000 1.0000 0.0002 0.0015 0.0096 0.0592 0.3671 1.0000 1.0000 0.0003 0.0020 0.0126 0.0784 0.4901 1.0000 1.0000 0.0005 0.0029 0.0182 0.1159 0.7447 1.0000 1.0000 0.0008 0.0051 0.0353 0.1159 0.0362 0.0053 0.0008 1.0000 1.0000 0.7780 0.1211 0.0190 0.0030 0.0005 1.0000 1.0000 0.5110 0.0819 0.0131 0.0021 0.0003 1.0000 1.0000 0.3813 0.0615 0.0099 0.0016 0.0003 1.0000 1.0000 0.2922 0.0472 0.0076 0.0012 1.0000 1.0000 1.0000 0.2234 0.0361 0.0058 0.0009 1.0000 1.0000 1.0000 0.1712 0.0276 0.0045 0.0007 1.0000 1.0000 0.8112 0.1307 0.0214 0.0027
0.0189 0.1470 0.8973 1.0000 1.0000 0.0008 0.0049 0.0305 0.1890 1.0000 1.0000 1.0000 0.0010 0.0064 0.0399 0.2471 1.0000 1.0000 1.0000 0.0014 0.0084 0.0521 0.3225 1.0000 1.0000 0.0003 0.0018 0.0110 0.0681 0.4217 1.0000 1.0000 0.0004 0.0023 0.0144 0.0892 0.5556 1.0000 1.0000 0.0005 0.0032 0.0200 0.1263 0.8036 1.0000 1.0000 0.0008 0.0052 0.0347 0.2572 0.5248 0.1142 0.0170 0.0026 0.0004 1.0000 1.0000 0.3953 0.0620 0.0098 0.0015 1.0000 1.0000 1.0000 0.2692 0.0432 0.0070 0.0011 1.0000 1.0000 1.0000 0.2032 0.0327 0.0053 0.0009 1.0000 1.0000 0.9627 0.1554 0.0251 0.0040 0.0007 1.0000 1.0000 0.7362 0.1191 0.0192 0.0031 0.0005 1.0000 1.0000 0.5641 0.0911 0.0147 0.0024 0.0004 1.0000 1.0000 0.4315 0.0714 0.0095
0.1347 1.0000 1.0000 1.0000 0.0009 0.0057 0.0353 0.2184 1.0000 1.0000 1.0000 0.0012 0.0074 0.0461 0.2856 1.0000 1.0000 0.0003 0.0016 0.0097 0.0602 0.3727 1.0000 1.0000 0.0003 0.0020 0.0127 0.0787 0.4873 1.0000 1.0000 0.0004 0.0027 0.0166 0.1028 0.6372 1.0000 1.0000 0.0006 0.0036 0.0224 0.1408 0.8871 1.0000 1.0000 0.0008 0.0054 0.0355 0.2495 0.9645 0.1997 0.0347 0.0053 0.0008 1.0000 1.0000 0.7780 0.1211 0.0190 0.0030 0.0005 1.0000 1.0000 0.5110 0.0819 0.0131 0.0021 0.0003 1.0000 1.0000 0.3813 0.0615 0.0099 0.0016 0.0003 1.0000 1.0000 0.2922 0.0472 0.0076 0.0012 1.0000 1.0000 1.0000 0.2234 0.0361 0.0058 0.0009 1.0000 1.0000 1.0000 0.1712 0.0276 0.0045 0.0007 1.0000 1.0000 0.8112 0.1307 0.0214 0.0027
0.9645 1.0000 1.0000 0.0011 0.0067 0.0414 0.2562 1.0000 1.0000 1.0000 0.0014 0.0087 0.0540 0.3344 1.0000 1.0000 0.0003 0.0018 0.0114 0.0706 0.4372 1.0000 1.0000 0.0004 0.0024 0.0149 0.0921 0.5706 1.0000 1.0000 0.0005 0.0031 0.0194 0.1202 0.7461 1.0000 1.0000 0.0007 0.0041 0.0258 0.1611 1.0000 1.0000 1.0000 0.0009 0.0060 0.0383 0.2495 1.0000 1.0000 0.0236 0.0050 0.0008 1.0000 1.0000 0.7155 0.1099 0.0170 0.0027 0.0004 1.0000 1.0000 0.4406 0.0703 0.0112 0.0018 0.0003 1.0000 1.0000 0.3225 0.0521 0.0084 0.0014 1.0000 1.0000 1.0000 0.2471 0.0399 0.0064 0.0010 1.0000 1.0000 1.0000 0.1890 0.0305 0.0049 0.0008 1.0000 1.0000 0.8973 0.1448 0.0234 0.0038 0.0006 1.0000 1.0000 0.6862 0.1108 0.0178 0.0029 0.0004
1.0000 1.0000 0.0008 0.0052 0.0321 0.1993 1.0000 1.0000 1.0000 0.0011 0.0068 0.0420 0.2602 1.0000 1.0000 1.0000 0.0014 0.0089 0.0549 0.3402 1.0000 1.0000 0.0003 0.0019 0.0116 0.0717 0.4439 1.0000 1.0000 0.0004 0.0024 0.0152 0.0939 0.5838 1.0000 1.0000 0.0005 0.0033 0.0205 0.1290 0.8128 1.0000 1.0000 0.0008 0.0050 0.0321 0.2079 1.0000 1.0000 1.0000 0.0014 0.0008 1.0000 1.0000 0.6888 0.1044 0.0160 0.0025 0.0004 1.0000 1.0000 0.3931 0.0621 0.0099 0.0016 0.0003 1.0000 1.0000 0.2791 0.0450 0.0072 0.0012 1.0000 1.0000 1.0000 0.2131 0.0343 0.0056 0.0009 1.0000 1.0000 1.0000 0.1629 0.0263 0.0042 0.0007 1.0000 1.0000 0.7721 0.1249 0.0201 0.0033 0.0005 1.0000 1.0000 0.5916 0.0955 0.0154 0.0025 0.0004 1.0000
1.0000 1.0000 0.0004 0.0023 0.0141 0.0875 0.5431 1.0000 1.0000 0.0005 0.0030 0.0185 0.1144 0.7088 1.0000 1.0000 0.0006 0.0039 0.0241 0.1493 0.9267 1.0000 1.0000 0.0008 0.0051 0.0315 0.1952 1.0000 1.0000 1.0000 0.0011 0.0067 0.0416 0.2587 1.0000 1.0000 1.0000 0.0015 0.0094 0.0598 0.3820 1.0000 1.0000 0.0004 0.0025 0.0166 0.1099 0.7348 1.0000 1.0000 0.0004 1.0000 1.0000 0.6875 0.1030 0.0155 0.0024 0.0004 1.0000 1.0000 0.3595 0.0564 0.0089 0.0014 1.0000 1.0000 1.0000 0.2448 0.0393 0.0063 0.0010 1.0000 1.0000 1.0000 0.1851 0.0299 0.0048 0.0008 1.0000 1.0000 0.8787 0.1418 0.0229 0.0037 0.0006 1.0000 1.0000 0.6720 0.1085 0.0175 0.0028 0.0005 1.0000 1.0000 0.5149 0.0831 0.0134 0.0022 0.0003 1.0000 1.0000
0.2802 1.0000 1.0000 0.0003 0.0019 0.0119 0.0734 0.4550 1.0000 1.0000 0.0004 0.0025 0.0155 0.0959 0.5950 1.0000 1.0000 0.0005 0.0033 0.0202 0.1253 0.7765 1.0000 1.0000 0.0007 0.0043 0.0265 0.1636 1.0000 1.0000 1.0000 0.0009 0.0056 0.0352 0.2201 1.0000 1.0000 1.0000 0.0013 0.0083 0.0531 0.3428 1.0000 1.0000 0.0004 0.0024 0.0158 0.1066 0.7293 1.0000 1.0000 1.0000 0.7155 0.1044 0.0155 0.0023 0.0004 1.0000 1.0000 0.3369 0.0522 0.0081 0.0013 1.0000 1.0000 1.0000 0.2167 0.0347 0.0056 0.0009 1.0000 1.0000 0.9981 0.1611 0.0260 0.0042 0.0007 1.0000 1.0000 0.7648 0.1234 0.0199 0.0032 0.0005 1.0000 1.0000 0.5849 0.0944 0.0152 0.0025 0.0004 1.0000 1.0000 0.4482 0.0723 0.0117 0.0019 0.0003 1.0000 1.0000 0.2770
