0.0148 0.1342 0.9518 1.0000 1.0000 0.0013 0.0092 0.0652 0.4638 1.0000 1.0000 0.0006 0.0044 0.0316 0.2247 1.0000 1.0000 0.0003 0.0022 0.0153 0.1091 0.7765 1.0000 1.0000 0.0010 0.0074 0.0529 0.3770 1.0000 1.0000 0.0005 0.0036 0.0257 0.1826 1.0000 1.0000 0.0002 0.0017 0.0124 0.0887 0.6299 1.0000 1.0000 0.0008 0.0060 0.0430 0.3058 1.0000 1.0000 0.0004 0.0015 0.0004 1.0000 1.0000 0.3058 0.0430 0.0060 0.0008 1.0000 1.0000 0.6299 0.0887 0.0124 0.0017 0.0002 1.0000 1.0000 0.1826 0.0257 0.0036 0.0005 1.0000 1.0000 0.3770 0.0529 0.0074 0.0010 1.0000 1.0000 0.7765 0.1091 0.0153 0.0022 0.0003 1.0000 1.0000 0.2247 0.0316 0.0044 0.0006 1.0000 1.0000 0.4638 0.0652 0.0092 0.0013 1.0000 1.0000 0.9518 0.1342 0.0148
0.1342 1.0000 1.0000 1.0000 0.0014 0.0101 0.0714 0.5081 1.0000 1.0000 0.0007 0.0049 0.0346 0.2462 1.0000 1.0000 0.0003 0.0024 0.0168 0.1195 0.8491 1.0000 1.0000 0.0011 0.0081 0.0579 0.4122 1.0000 1.0000 0.0006 0.0039 0.0281 0.1997 1.0000 1.0000 0.0003 0.0019 0.0136 0.0970 0.6901 1.0000 1.0000 0.0009 0.0066 0.0470 0.3350 1.0000 1.0000 0.0005 0.0033 0.0111 0.0033 0.0005 1.0000 1.0000 0.3350 0.0470 0.0066 0.0009 1.0000 1.0000 0.6901 0.0970 0.0136 0.0019 0.0003 1.0000 1.0000 0.1997 0.0281 0.0039 0.0006 1.0000 1.0000 0.4122 0.0579 0.0081 0.0011 1.0000 1.0000 0.8491 0.1195 0.0168 0.0024 0.0003 1.0000 1.0000 0.2462 0.0346 0.0049 0.0007 1.0000 1.0000 0.5081 0.0714 0.0101 0.0014 1.0000 1.0000 1.0000 0.1342
0.9518 1.0000 1.0000 0.0013 0.0089 0.0622 0.4397 1.0000 1.0000 0.0006 0.0042 0.0296 0.2106 1.0000 1.0000 0.0003 0.0020 0.0144 0.1023 0.7279 1.0000 1.0000 0.0010 0.0070 0.0495 0.3527 1.0000 1.0000 0.0005 0.0034 0.0241 0.1712 1.0000 1.0000 1.0000 0.0016 0.0117 0.0830 0.5905 1.0000 1.0000 0.0008 0.0057 0.0403 0.2867 1.0000 1.0000 0.0004 0.0028 0.0203 0.0669 0.0203 0.0028 0.0004 1.0000 1.0000 0.2867 0.0403 0.0057 0.0008 1.0000 1.0000 0.5905 0.0830 0.0117 0.0016 1.0000 1.0000 1.0000 0.1712 0.0241 0.0034 0.0005 1.0000 1.0000 0.3527 0.0495 0.0070 0.0010 1.0000 1.0000 0.7279 0.1023 0.0144 0.0020 0.0003 1.0000 1.0000 0.2106 0.0296 0.0042 0.0006 1.0000 1.0000 0.4397 0.0622 0.0089 0.0013 1.0000 1.0000 0.9518
1.0000 1.0000 0.0013 0.0085 0.0576 0.3976 1.0000 1.0000 0.0005 0.0036 0.0259 0.1840 1.0000 1.0000 0.0002 0.0018 0.0125 0.0890 0.6335 1.0000 1.0000 0.0009 0.0061 0.0432 0.3075 1.0000 1.0000 0.0004 0.0029 0.0209 0.1490 1.0000 1.0000 1.0000 0.0014 0.0102 0.0723 0.5149 1.0000 1.0000 0.0007 0.0049 0.0350 0.2495 1.0000 1.0000 0.0003 0.0024 0.0172 0.1258 0.4153 0.1258 0.0172 0.0024 0.0003 1.0000 1.0000 0.2495 0.0350 0.0049 0.0007 1.0000 1.0000 0.5149 0.0723 0.0102 0.0014 1.0000 1.0000 1.0000 0.1490 0.0209 0.0029 0.0004 1.0000 1.0000 0.3075 0.0432 0.0061 0.0009 1.0000 1.0000 0.6335 0.0890 0.0125 0.0018 0.0002 1.0000 1.0000 0.1840 0.0259 0.0036 0.0005 1.0000 1.0000 0.3976 0.0576 0.0085 0.0013 1.0000 1.0000
1.0000 0.0014 0.0089 0.0576 0.3820 1.0000 1.0000 0.0005 0.0032 0.0228 0.1611 1.0000 1.0000 1.0000 0.0015 0.0109 0.0775 0.5514 1.0000 1.0000 0.0007 0.0053 0.0376 0.2677 1.0000 1.0000 0.0004 0.0026 0.0182 0.1297 0.9232 1.0000 1.0000 0.0012 0.0088 0.0630 0.4482 1.0000 1.0000 0.0006 0.0043 0.0305 0.2172 1.0000 1.0000 0.0003 0.0021 0.0148 0.1064 0.7795 1.0000 0.7795 0.1064 0.0148 0.0021 0.0003 1.0000 1.0000 0.2172 0.0305 0.0043 0.0006 1.0000 1.0000 0.4482 0.0630 0.0088 0.0012 1.0000 1.0000 0.9232 0.1297 0.0182 0.0026 0.0004 1.0000 1.0000 0.2677 0.0376 0.0053 0.0007 1.0000 1.0000 0.5514 0.0775 0.0109 0.0015 1.0000 1.0000 1.0000 0.1611 0.0228 0.0032 0.0005 1.0000 1.0000 0.3820 0.0576 0.0089 0.0014 1.0000
0.0013 0.0101 0.0622 0.3976 1.0000 1.0000 0.0004 0.0030 0.0205 0.1437 1.0000 1.0000 1.0000 0.0013 0.0095 0.0676 0.4799 1.0000 1.0000 0.0006 0.0046 0.0327 0.2330 1.0000 1.0000 0.0003 0.0022 0.0159 0.1129 0.8036 1.0000 1.0000 0.0011 0.0077 0.0548 0.3901 1.0000 1.0000 0.0005 0.0037 0.0266 0.1890 1.0000 1.0000 0.0003 0.0018 0.0129 0.0918 0.6594 1.0000 1.0000 1.0000 0.6594 0.0918 0.0129 0.0018 0.0003 1.0000 1.0000 0.1890 0.0266 0.0037 0.0005 1.0000 1.0000 0.3901 0.0548 0.0077 0.0011 1.0000 1.0000 0.8036 0.1129 0.0159 0.0022 0.0003 1.0000 1.0000 0.2330 0.0327 0.0046 0.0006 1.0000 1.0000 0.4799 0.0676 0.0095 0.0013 1.0000 1.0000 1.0000 0.1437 0.0205 0.0030 0.0004 1.0000 1.0000 0.3976 0.0622 0.0101 0.0013
0.0092 0.0714 0.4397 1.0000 1.0000 0.0004 0.0029 0.0194 0.1324 0.9145 1.0000 1.0000 0.0012 0.0083 0.0590 0.4193 1.0000 1.0000 0.0006 0.0040 0.0285 0.2028 1.0000 1.0000 0.0003 0.0019 0.0138 0.0983 0.6994 1.0000 1.0000 0.0009 0.0067 0.0477 0.3395 1.0000 1.0000 0.0005 0.0032 0.0231 0.1645 1.0000 1.0000 1.0000 0.0016 0.0112 0.0799 0.5685 1.0000 1.0000 0.0004 1.0000 1.0000 0.5685 0.0799 0.0112 0.0016 1.0000 1.0000 1.0000 0.1645 0.0231 0.0032 0.0005 1.0000 1.0000 0.3395 0.0477 0.0067 0.0009 1.0000 1.0000 0.6994 0.0983 0.0138 0.0019 0.0003 1.0000 1.0000 0.2028 0.0285 0.0040 0.0006 1.0000 1.0000 0.4193 0.0590 0.0083 0.0012 1.0000 1.0000 0.9145 0.1324 0.0194 0.0029 0.0004 1.0000 1.0000 0.4397 0.0714 0.0092
0.0652 0.5081 1.0000 1.0000 0.0005 0.0030 0.0194 0.1282 0.8654 1.0000 1.0000 0.0011 0.0074 0.0522 0.3685 1.0000 1.0000 0.0005 0.0035 0.0248 0.1765 1.0000 1.0000 0.0002 0.0017 0.0120 0.0855 0.6087 1.0000 1.0000 0.0008 0.0058 0.0415 0.2955 1.0000 1.0000 0.0004 0.0028 0.0201 0.1432 1.0000 1.0000 1.0000 0.0014 0.0098 0.0695 0.4948 1.0000 1.0000 0.0007 0.0023 0.0007 1.0000 1.0000 0.4948 0.0695 0.0098 0.0014 1.0000 1.0000 1.0000 0.1432 0.0201 0.0028 0.0004 1.0000 1.0000 0.2955 0.0415 0.0058 0.0008 1.0000 1.0000 0.6087 0.0855 0.0120 0.0017 0.0002 1.0000 1.0000 0.1765 0.0248 0.0035 0.0005 1.0000 1.0000 0.3685 0.0522 0.0074 0.0011 1.0000 1.0000 0.8654 0.1282 0.0194 0.0030 0.0005 1.0000 1.0000 0.5081 0.0652
0.4638 1.0000 1.0000 0.0005 0.0032 0.0205 0.1324 0.8654 1.0000 1.0000 0.0010 0.0068 0.0470 0.3281 1.0000 1.0000 0.0004 0.0030 0.0216 0.1539 1.0000 1.0000 1.0000 0.0015 0.0105 0.0744 0.5298 1.0000 1.0000 0.0007 0.0051 0.0361 0.2572 1.0000 1.0000 0.0003 0.0025 0.0175 0.1246 0.8871 1.0000 1.0000 0.0012 0.0085 0.0605 0.4306 1.0000 1.0000 0.0006 0.0043 0.0141 0.0043 0.0006 1.0000 1.0000 0.4306 0.0605 0.0085 0.0012 1.0000 1.0000 0.8871 0.1246 0.0175 0.0025 0.0003 1.0000 1.0000 0.2572 0.0361 0.0051 0.0007 1.0000 1.0000 0.5298 0.0744 0.0105 0.0015 1.0000 1.0000 1.0000 0.1539 0.0216 0.0030 0.0004 1.0000 1.0000 0.3281 0.0470 0.0068 0.0010 1.0000 1.0000 0.8654 0.1324 0.0205 0.0032 0.0005 1.0000 1.0000 0.4638
1.0000 1.0000 0.0006 0.0036 0.0228 0.1437 0.9145 1.0000 1.0000 0.0010 0.0064 0.0437 0.3006 1.0000 1.0000 0.0004 0.0027 0.0190 0.1345 0.9554 1.0000 1.0000 0.0013 0.0091 0.0648 0.4611 1.0000 1.0000 0.0006 0.0044 0.0314 0.2239 1.0000 1.0000 0.0003 0.0021 0.0152 0.1085 0.7721 1.0000 1.0000 0.0010 0.0074 0.0527 0.3748 1.0000 1.0000 0.0005 0.0036 0.0266 0.0875 0.0266 0.0036 0.0005 1.0000 1.0000 0.3748 0.0527 0.0074 0.0010 1.0000 1.0000 0.7721 0.1085 0.0152 0.0021 0.0003 1.0000 1.0000 0.2239 0.0314 0.0044 0.0006 1.0000 1.0000 0.4611 0.0648 0.0091 0.0013 1.0000 1.0000 0.9554 0.1345 0.0190 0.0027 0.0004 1.0000 1.0000 0.3006 0.0437 0.0064 0.0010 1.0000 1.0000 0.9145 0.1437 0.0228 0.0036 0.0006 1.0000 1.0000
1.0000 0.0007 0.0042 0.0259 0.1611 1.0000 1.0000 1.0000 0.0010 0.0064 0.0426 0.2861 1.0000 1.0000 0.0003 0.0024 0.0169 0.1186 0.8395 1.0000 1.0000 0.0011 0.0079 0.0564 0.4014 1.0000 1.0000 0.0005 0.0038 0.0274 0.1948 1.0000 1.0000 0.0003 0.0019 0.0133 0.0944 0.6720 1.0000 1.0000 0.0009 0.0064 0.0458 0.3262 1.0000 1.0000 0.0004 0.0031 0.0225 0.1645 0.5421 0.1645 0.0225 0.0031 0.0004 1.0000 1.0000 0.3262 0.0458 0.0064 0.0009 1.0000 1.0000 0.6720 0.0944 0.0133 0.0019 0.0003 1.0000 1.0000 0.1948 0.0274 0.0038 0.0005 1.0000 1.0000 0.4014 0.0564 0.0079 0.0011 1.0000 1.0000 0.8395 0.1186 0.0169 0.0024 0.0003 1.0000 1.0000 0.2861 0.0426 0.0064 0.0010 1.0000 1.0000 1.0000 0.1611 0.0259 0.0042 0.0007 1.0000
0.0006 0.0049 0.0296 0.1840 1.0000 1.0000 1.0000 0.0011 0.0068 0.0437 0.2861 1.0000 1.0000 0.0003 0.0022 0.0153 0.1066 0.7461 1.0000 1.0000 0.0010 0.0069 0.0493 0.3500 1.0000 1.0000 0.0005 0.0033 0.0238 0.1696 1.0000 1.0000 1.0000 0.0016 0.0115 0.0822 0.5849 1.0000 1.0000 0.0008 0.0056 0.0399 0.2839 1.0000 1.0000 0.0004 0.0027 0.0194 0.1392 1.0000 1.0000 1.0000 0.1392 0.0194 0.0027 0.0004 1.0000 1.0000 0.2839 0.0399 0.0056 0.0008 1.0000 1.0000 0.5849 0.0822 0.0115 0.0016 1.0000 1.0000 1.0000 0.1696 0.0238 0.0033 0.0005 1.0000 1.0000 0.3500 0.0493 0.0069 0.0010 1.0000 1.0000 0.7461 0.1066 0.0153 0.0022 0.0003 1.0000 1.0000 0.2861 0.0437 0.0068 0.0011 1.0000 1.0000 1.0000 0.1840 0.0296 0.0049 0.0006
0.0044 0.0346 0.2106 1.0000 1.0000 1.0000 0.0012 0.0074 0.0470 0.3006 1.0000 1.0000 0.0003 0.0021 0.0143 0.0983 0.6784 1.0000 1.0000 0.0009 0.0061 0.0432 0.3064 1.0000 1.0000 0.0004 0.0029 0.0207 0.1476 1.0000 1.0000 1.0000 0.0014 0.0100 0.0715 0.5091 1.0000 1.0000 0.0007 0.0049 0.0347 0.2471 1.0000 1.0000 0.0003 0.0024 0.0168 0.1197 0.8621 1.0000 1.0000 1.0000 0.8621 0.1197 0.0168 0.0024 0.0003 1.0000 1.0000 0.2471 0.0347 0.0049 0.0007 1.0000 1.0000 0.5091 0.0715 0.0100 0.0014 1.0000 1.0000 1.0000 0.1476 0.0207 0.0029 0.0004 1.0000 1.0000 0.3064 0.0432 0.0061 0.0009 1.0000 1.0000 0.6784 0.0983 0.0143 0.0021 0.0003 1.0000 1.0000 0.3006 0.0470 0.0074 0.0012 1.0000 1.0000 1.0000 0.2106 0.0346 0.0044
0.0316 0.2462 1.0000 1.0000 1.0000 0.0013 0.0083 0.0522 0.3281 1.0000 1.0000 0.0003 0.0021 0.0140 0.0940 0.6372 1.0000 1.0000 0.0008 0.0055 0.0383 0.2702 1.0000 1.0000 0.0004 0.0025 0.0180 0.1285 0.9145 1.0000 1.0000 0.0012 0.0087 0.0622 0.4431 1.0000 1.0000 0.0006 0.0042 0.0302 0.2151 1.0000 1.0000 0.0003 0.0021 0.0146 0.1042 0.7433 1.0000 1.0000 0.0005 1.0000 1.0000 0.7433 0.1042 0.0146 0.0021 0.0003 1.0000 1.0000 0.2151 0.0302 0.0042 0.0006 1.0000 1.0000 0.4431 0.0622 0.0087 0.0012 1.0000 1.0000 0.9145 0.1285 0.0180 0.0025 0.0004 1.0000 1.0000 0.2702 0.0383 0.0055 0.0008 1.0000 1.0000 0.6372 0.0940 0.0140 0.0021 0.0003 1.0000 1.0000 0.3281 0.0522 0.0083 0.0013 1.0000 1.0000 1.0000 0.2462 0.0316
0.2247 1.0000 1.0000 0.0002 0.0015 0.0095 0.0590 0.3685 1.0000 1.0000 0.0003 0.0022 0.0143 0.0940 0.6240 1.0000 1.0000 0.0007 0.0050 0.0346 0.2416 1.0000 1.0000 0.0003 0.0022 0.0158 0.1120 0.7975 1.0000 1.0000 0.0011 0.0076 0.0542 0.3857 1.0000 1.0000 0.0005 0.0037 0.0263 0.1872 1.0000 1.0000 0.0003 0.0018 0.0127 0.0907 0.6457 1.0000 1.0000 0.0009 0.0030 0.0009 1.0000 1.0000 0.6457 0.0907 0.0127 0.0018 0.0003 1.0000 1.0000 0.1872 0.0263 0.0037 0.0005 1.0000 1.0000 0.3857 0.0542 0.0076 0.0011 1.0000 1.0000 0.7975 0.1120 0.0158 0.0022 0.0003 1.0000 1.0000 0.2416 0.0346 0.0050 0.0007 1.0000 1.0000 0.6240 0.0940 0.0143 0.0022 0.0003 1.0000 1.0000 0.3685 0.0590 0.0095 0.0015 0.0002 1.0000 1.0000 0.2247
1.0000 1.0000 0.0003 0.0018 0.0109 0.0676 0.4193 1.0000 1.0000 0.0004 0.0024 0.0153 0.0983 0.6372 1.0000 1.0000 0.0007 0.0047 0.0321 0.2209 1.0000 1.0000 0.0003 0.0020 0.0139 0.0983 0.6967 1.0000 1.0000 0.0009 0.0066 0.0472 0.3357 1.0000 1.0000 0.0005 0.0032 0.0229 0.1629 1.0000 1.0000 1.0000 0.0016 0.0111 0.0790 0.5620 1.0000 1.0000 0.0008 0.0056 0.0185 0.0056 0.0008 1.0000 1.0000 0.5620 0.0790 0.0111 0.0016 1.0000 1.0000 1.0000 0.1629 0.0229 0.0032 0.0005 1.0000 1.0000 0.3357 0.0472 0.0066 0.0009 1.0000 1.0000 0.6967 0.0983 0.0139 0.0020 0.0003 1.0000 1.0000 0.2209 0.0321 0.0047 0.0007 1.0000 1.0000 0.6372 0.0983 0.0153 0.0024 0.0004 1.0000 1.0000 0.4193 0.0676 0.0109 0.0018 0.0003 1.0000 1.0000
1.0000 0.0003 0.0020 0.0125 0.0775 0.4799 1.0000 1.0000 0.0004 0.0027 0.0169 0.1066 0.6784 1.0000 1.0000 0.0007 0.0046 0.0308 0.2083 1.0000 1.0000 0.0003 0.0018 0.0124 0.0870 0.6146 1.0000 1.0000 0.0008 0.0058 0.0410 0.2922 1.0000 1.0000 0.0004 0.0028 0.0199 0.1418 1.0000 1.0000 1.0000 0.0014 0.0097 0.0687 0.4892 1.0000 1.0000 0.0007 0.0047 0.0347 0.1142 0.0347 0.0047 0.0007 1.0000 1.0000 0.4892 0.0687 0.0097 0.0014 1.0000 1.0000 1.0000 0.1418 0.0199 0.0028 0.0004 1.0000 1.0000 0.2922 0.0410 0.0058 0.0008 1.0000 1.0000 0.6146 0.0870 0.0124 0.0018 0.0003 1.0000 1.0000 0.2083 0.0308 0.0046 0.0007 1.0000 1.0000 0.6784 0.1066 0.0169 0.0027 0.0004 1.0000 1.0000 0.4799 0.0775 0.0125 0.0020 0.0003 1.0000
0.0003 0.0024 0.0144 0.0890 0.5514 1.0000 1.0000 0.0005 0.0030 0.0190 0.1186 0.7461 1.0000 1.0000 0.0007 0.0047 0.0308 0.2039 1.0000 1.0000 0.0002 0.0016 0.0112 0.0782 0.5472 1.0000 1.0000 0.0007 0.0051 0.0359 0.2548 1.0000 1.0000 0.0003 0.0024 0.0173 0.1234 0.8787 1.0000 1.0000 0.0012 0.0084 0.0598 0.4257 1.0000 1.0000 0.0006 0.0041 0.0293 0.2147 0.7088 0.2147 0.0293 0.0041 0.0006 1.0000 1.0000 0.4257 0.0598 0.0084 0.0012 1.0000 1.0000 0.8787 0.1234 0.0173 0.0024 0.0003 1.0000 1.0000 0.2548 0.0359 0.0051 0.0007 1.0000 1.0000 0.5472 0.0782 0.0112 0.0016 0.0002 1.0000 1.0000 0.2039 0.0308 0.0047 0.0007 1.0000 1.0000 0.7461 0.1186 0.0190 0.0030 0.0005 1.0000 1.0000 0.5514 0.0890 0.0144 0.0024 0.0003
0.0022 0.0168 0.1023 0.6335 1.0000 1.0000 0.0006 0.0035 0.0216 0.1345 0.8395 1.0000 1.0000 0.0008 0.0050 0.0321 0.2083 1.0000 1.0000 1.0000 0.0015 0.0104 0.0718 0.4967 1.0000 1.0000 0.0006 0.0045 0.0316 0.2234 1.0000 1.0000 0.0003 0.0021 0.0151 0.1074 0.7648 1.0000 1.0000 0.0010 0.0073 0.0521 0.3706 1.0000 1.0000 0.0005 0.0036 0.0253 0.1816 1.0000 1.0000 1.0000 0.1816 0.0253 0.0036 0.0005 1.0000 1.0000 0.3706 0.0521 0.0073 0.0010 1.0000 1.0000 0.7648 0.1074 0.0151 0.0021 0.0003 1.0000 1.0000 0.2234 0.0316 0.0045 0.0006 1.0000 1.0000 0.4967 0.0718 0.0104 0.0015 1.0000 1.0000 1.0000 0.2083 0.0321 0.0050 0.0008 1.0000 1.0000 0.8395 0.1345 0.0216 0.0035 0.0006 1.0000 1.0000 0.6335 0.1023 0.0168 0.0022
0.0153 0.1195 0.7279 1.0000 1.0000 0.0006 0.0040 0.0248 0.1539 0.9554 1.0000 1.0000 0.0009 0.0055 0.0346 0.2209 1.0000 1.0000 1.0000 0.0015 0.0100 0.0679 0.4629 1.0000 1.0000 0.0006 0.0040 0.0281 0.1975 1.0000 1.0000 0.0003 0.0019 0.0132 0.0935 0.6657 1.0000 1.0000 0.0009 0.0064 0.0453 0.3225 1.0000 1.0000 0.0004 0.0031 0.0220 0.1566 1.0000 1.0000 1.0000 1.0000 1.0000 0.1566 0.0220 0.0031 0.0004 1.0000 1.0000 0.3225 0.0453 0.0064 0.0009 1.0000 1.0000 0.6657 0.0935 0.0132 0.0019 0.0003 1.0000 1.0000 0.1975 0.0281 0.0040 0.0006 1.0000 1.0000 0.4629 0.0679 0.0100 0.0015 1.0000 1.0000 1.0000 0.2209 0.0346 0.0055 0.0009 1.0000 1.0000 0.9554 0.1539 0.0248 0.0040 0.0006 1.0000 1.0000 0.7279 0.1195 0.0153
0.1091 0.8491 1.0000 1.0000 0.0007 0.0046 0.0285 0.1765 1.0000 1.0000 1.0000 0.0010 0.0061 0.0383 0.2416 1.0000 1.0000 0.0002 0.0015 0.0100 0.0668 0.4465 1.0000 1.0000 0.0005 0.0036 0.0253 0.1765 1.0000 1.0000 1.0000 0.0016 0.0115 0.0815 0.5805 1.0000 1.0000 0.0008 0.0055 0.0394 0.2807 1.0000 1.0000 0.0004 0.0027 0.0191 0.1363 0.9700 1.0000 1.0000 0.0006 1.0000 1.0000 0.9700 0.1363 0.0191 0.0027 0.0004 1.0000 1.0000 0.2807 0.0394 0.0055 0.0008 1.0000 1.0000 0.5805 0.0815 0.0115 0.0016 1.0000 1.0000 1.0000 0.1765 0.0253 0.0036 0.0005 1.0000 1.0000 0.4465 0.0668 0.0100 0.0015 0.0002 1.0000 1.0000 0.2416 0.0383 0.0061 0.0010 1.0000 1.0000 1.0000 0.1765 0.0285 0.0046 0.0007 1.0000 1.0000 0.8491 0.1091
0.7765 1.0000 1.0000 0.0009 0.0053 0.0327 0.2028 1.0000 1.0000 1.0000 0.0011 0.0069 0.0432 0.2702 1.0000 1.0000 0.0003 0.0016 0.0104 0.0679 0.4465 1.0000 1.0000 0.0005 0.0034 0.0233 0.1611 1.0000 1.0000 1.0000 0.0014 0.0101 0.0717 0.5081 1.0000 1.0000 0.0007 0.0048 0.0343 0.2443 1.0000 1.0000 0.0003 0.0023 0.0167 0.1186 0.8443 1.0000 1.0000 0.0012 0.0039 0.0012 1.0000 1.0000 0.8443 0.1186 0.0167 0.0023 0.0003 1.0000 1.0000 0.2443 0.0343 0.0048 0.0007 1.0000 1.0000 0.5081 0.0717 0.0101 0.0014 1.0000 1.0000 1.0000 0.1611 0.0233 0.0034 0.0005 1.0000 1.0000 0.4465 0.0679 0.0104 0.0016 0.0003 1.0000 1.0000 0.2702 0.0432 0.0069 0.0011 1.0000 1.0000 1.0000 0.2028 0.0327 0.0053 0.0009 1.0000 1.0000 0.7765
1.0000 1.0000 0.0010 0.0061 0.0376 0.2330 1.0000 1.0000 1.0000 0.0013 0.0079 0.0493 0.3064 1.0000 1.0000 0.0003 0.0018 0.0112 0.0718 0.4629 1.0000 1.0000 0.0005 0.0033 0.0221 0.1504 1.0000 1.0000 1.0000 0.0013 0.0090 0.0634 0.4482 1.0000 1.0000 0.0006 0.0042 0.0299 0.2127 1.0000 1.0000 0.0003 0.0020 0.0145 0.1032 0.7348 1.0000 1.0000 0.0010 0.0073 0.0241 0.0073 0.0010 1.0000 1.0000 0.7348 0.1032 0.0145 0.0020 0.0003 1.0000 1.0000 0.2127 0.0299 0.0042 0.0006 1.0000 1.0000 0.4482 0.0634 0.0090 0.0013 1.0000 1.0000 1.0000 0.1504 0.0221 0.0033 0.0005 1.0000 1.0000 0.4629 0.0718 0.0112 0.0018 0.0003 1.0000 1.0000 0.3064 0.0493 0.0079 0.0013 1.0000 1.0000 1.0000 0.2330 0.0376 0.0061 0.0010 1.0000 1.0000
1.0000 0.0011 0.0070 0.0432 0.2677 1.0000 1.0000 0.0002 0.0015 0.0091 0.0564 0.3500 1.0000 1.0000 0.0003 0.0020 0.0124 0.0782 0.4967 1.0000 1.0000 0.0005 0.0033 0.0217 0.1451 0.9793 1.0000 1.0000 0.0012 0.0082 0.0569 0.3991 1.0000 1.0000 0.0005 0.0037 0.0262 0.1854 1.0000 1.0000 0.0002 0.0018 0.0126 0.0899 0.6396 1.0000 1.0000 0.0009 0.0062 0.0453 0.1493 0.0453 0.0062 0.0009 1.0000 1.0000 0.6396 0.0899 0.0126 0.0018 0.0002 1.0000 1.0000 0.1854 0.0262 0.0037 0.0005 1.0000 1.0000 0.3991 0.0569 0.0082 0.0012 1.0000 1.0000 0.9793 0.1451 0.0217 0.0033 0.0005 1.0000 1.0000 0.4967 0.0782 0.0124 0.0020 0.0003 1.0000 1.0000 0.3500 0.0564 0.0091 0.0015 0.0002 1.0000 1.0000 0.2677 0.0432 0.0070 0.0011 1.0000
0.0010 0.0081 0.0495 0.3075 1.0000 1.0000 0.0003 0.0017 0.0105 0.0648 0.4014 1.0000 1.0000 0.0004 0.0022 0.0139 0.0870 0.5472 1.0000 1.0000 0.0005 0.0034 0.0221 0.1451 0.9627 1.0000 1.0000 0.0011 0.0076 0.0521 0.3608 1.0000 1.0000 0.0005 0.0033 0.0230 0.1626 1.0000 1.0000 1.0000 0.0015 0.0110 0.0782 0.5567 1.0000 1.0000 0.0007 0.0053 0.0383 0.2807 0.9250 0.2807 0.0383 0.0053 0.0007 1.0000 1.0000 0.5567 0.0782 0.0110 0.0015 1.0000 1.0000 1.0000 0.1626 0.0230 0.0033 0.0005 1.0000 1.0000 0.3608 0.0521 0.0076 0.0011 1.0000 1.0000 0.9627 0.1451 0.0221 0.0034 0.0005 1.0000 1.0000 0.5472 0.0870 0.0139 0.0022 0.0004 1.0000 1.0000 0.4014 0.0648 0.0105 0.0017 0.0003 1.0000 1.0000 0.3075 0.0495 0.0081 0.0010
0.0074 0.0579 0.3527 1.0000 1.0000 0.0003 0.0019 0.0120 0.0744 0.4611 1.0000 1.0000 0.0004 0.0025 0.0158 0.0983 0.6146 1.0000 1.0000 0.0006 0.0036 0.0233 0.1504 0.9793 1.0000 1.0000 0.0011 0.0072 0.0489 0.3344 1.0000 1.0000 0.0004 0.0029 0.0204 0.1437 1.0000 1.0000 1.0000 0.0013 0.0096 0.0681 0.4845 1.0000 1.0000 0.0007 0.0046 0.0330 0.2375 1.0000 1.0000 1.0000 0.2375 0.0330 0.0046 0.0007 1.0000 1.0000 0.4845 0.0681 0.0096 0.0013 1.0000 1.0000 1.0000 0.1437 0.0204 0.0029 0.0004 1.0000 1.0000 0.3344 0.0489 0.0072 0.0011 1.0000 1.0000 0.9793 0.1504 0.0233 0.0036 0.0006 1.0000 1.0000 0.6146 0.0983 0.0158 0.0025 0.0004 1.0000 1.0000 0.4611 0.0744 0.0120 0.0019 0.0003 1.0000 1.0000 0.3527 0.0579 0.0074
0.0529 0.4122 1.0000 1.0000 0.0004 0.0022 0.0138 0.0855 0.5298 1.0000 1.0000 0.0005 0.0029 0.0180 0.1120 0.6967 1.0000 1.0000 0.0006 0.0040 0.0253 0.1611 1.0000 1.0000 1.0000 0.0011 0.0071 0.0472 0.3183 1.0000 1.0000 0.0004 0.0026 0.0184 0.1285 0.9024 1.0000 1.0000 0.0012 0.0084 0.0595 0.4225 1.0000 1.0000 0.0006 0.0040 0.0287 0.2043 1.0000 1.0000 1.0000 1.0000 1.0000 0.2043 0.0287 0.0040 0.0006 1.0000 1.0000 0.4225 0.0595 0.0084 0.0012 1.0000 1.0000 0.9024 0.1285 0.0184 0.0026 0.0004 1.0000 1.0000 0.3183 0.0472 0.0071 0.0011 1.0000 1.0000 1.0000 0.1611 0.0253 0.0040 0.0006 1.0000 1.0000 0.6967 0.1120 0.0180 0.0029 0.0005 1.0000 1.0000 0.5298 0.0855 0.0138 0.0022 0.0004 1.0000 1.0000 0.4122 0.0529
0.3770 1.0000 1.0000 0.0004 0.0026 0.0159 0.0983 0.6087 1.0000 1.0000 0.0005 0.0033 0.0207 0.1285 0.7975 1.0000 1.0000 0.0007 0.0045 0.0281 0.1765 1.0000 1.0000 1.0000 0.0011 0.0072 0.0472 0.3129 1.0000 1.0000 0.0004 0.0024 0.0168 0.1166 0.8128 1.0000 1.0000 0.0010 0.0074 0.0522 0.3692 1.0000 1.0000 0.0005 0.0035 0.0250 0.1778 1.0000 1.0000 1.0000 0.0008 1.0000 1.0000 1.0000 0.1778 0.0250 0.0035 0.0005 1.0000 1.0000 0.3692 0.0522 0.0074 0.0010 1.0000 1.0000 0.8128 0.1166 0.0168 0.0024 0.0004 1.0000 1.0000 0.3129 0.0472 0.0072 0.0011 1.0000 1.0000 1.0000 0.1765 0.0281 0.0045 0.0007 1.0000 1.0000 0.7975 0.1285 0.0207 0.0033 0.0005 1.0000 1.0000 0.6087 0.0983 0.0159 0.0026 0.0004 1.0000 1.0000 0.3770
1.0000 1.0000 0.0005 0.0029 0.0182 0.1129 0.6994 1.0000 1.0000 0.0006 0.0038 0.0238 0.1476 0.9145 1.0000 1.0000 0.0008 0.0051 0.0316 0.1975 1.0000 1.0000 1.0000 0.0012 0.0076 0.0489 0.3183 1.0000 1.0000 0.0003 0.0023 0.0158 0.1083 0.7447 1.0000 1.0000 0.0009 0.0066 0.0463 0.3256 1.0000 1.0000 0.0004 0.0031 0.0218 0.1548 1.0000 1.0000 1.0000 0.0015 0.0051 0.0015 1.0000 1.0000 1.0000 0.1548 0.0218 0.0031 0.0004 1.0000 1.0000 0.3256 0.0463 0.0066 0.0009 1.0000 1.0000 0.7447 0.1083 0.0158 0.0023 0.0003 1.0000 1.0000 0.3183 0.0489 0.0076 0.0012 1.0000 1.0000 1.0000 0.1975 0.0316 0.0051 0.0008 1.0000 1.0000 0.9145 0.1476 0.0238 0.0038 0.0006 1.0000 1.0000 0.6994 0.1129 0.0182 0.0029 0.0005 1.0000 1.0000
1.0000 0.0006 0.0034 0.0209 0.1297 0.8036 1.0000 1.0000 0.0007 0.0044 0.0274 0.1696 1.0000 1.0000 1.0000 0.0009 0.0058 0.0359 0.2234 1.0000 1.0000 1.0000 0.0013 0.0082 0.0521 0.3344 1.0000 1.0000 0.0003 0.0023 0.0153 0.1032 0.7007 1.0000 1.0000 0.0009 0.0059 0.0414 0.2899 1.0000 1.0000 0.0004 0.0027 0.0190 0.1350 0.9608 1.0000 1.0000 0.0013 0.0095 0.0315 0.0095 0.0013 1.0000 1.0000 0.9608 0.1350 0.0190 0.0027 0.0004 1.0000 1.0000 0.2899 0.0414 0.0059 0.0009 1.0000 1.0000 0.7007 0.1032 0.0153 0.0023 0.0003 1.0000 1.0000 0.3344 0.0521 0.0082 0.0013 1.0000 1.0000 1.0000 0.2234 0.0359 0.0058 0.0009 1.0000 1.0000 1.0000 0.1696 0.0274 0.0044 0.0007 1.0000 1.0000 0.8036 0.1297 0.0209 0.0034 0.0006 1.0000
0.0005 0.0039 0.0241 0.1490 0.9232 1.0000 1.0000 0.0008 0.0051 0.0314 0.1948 1.0000 1.0000 1.0000 0.0011 0.0066 0.0410 0.2548 1.0000 1.0000 1.0000 0.0014 0.0090 0.0569 0.3608 1.0000 1.0000 0.0004 0.0023 0.0153 0.1017 0.6797 1.0000 1.0000 0.0008 0.0054 0.0377 0.2621 1.0000 1.0000 0.0003 0.0024 0.0167 0.1184 0.8395 1.0000 1.0000 0.0011 0.0081 0.0591 0.1948 0.0591 0.0081 0.0011 1.0000 1.0000 0.8395 0.1184 0.0167 0.0024 0.0003 1.0000 1.0000 0.2621 0.0377 0.0054 0.0008 1.0000 1.0000 0.6797 0.1017 0.0153 0.0023 0.0004 1.0000 1.0000 0.3608 0.0569 0.0090 0.0014 1.0000 1.0000 1.0000 0.2548 0.0410 0.0066 0.0011 1.0000 1.0000 1.0000 0.1948 0.0314 0.0051 0.0008 1.0000 1.0000 0.9232 0.1490 0.0241 0.0039 0.0005
0.0036 0.0281 0.1712 1.0000 1.0000 1.0000 0.0009 0.0058 0.0361 0.2239 1.0000 1.0000 1.0000 0.0012 0.0076 0.0472 0.2922 1.0000 1.0000 0.0003 0.0016 0.0101 0.0634 0.3991 1.0000 1.0000 0.0004 0.0024 0.0158 0.1032 0.6797 1.0000 1.0000 0.0008 0.0051 0.0350 0.2406 1.0000 1.0000 0.0003 0.0021 0.0148 0.1046 0.7391 1.0000 1.0000 0.0010 0.0070 0.0500 0.3664 1.0000 0.3664 0.0500 0.0070 0.0010 1.0000 1.0000 0.7391 0.1046 0.0148 0.0021 0.0003 1.0000 1.0000 0.2406 0.0350 0.0051 0.0008 1.0000 1.0000 0.6797 0.1032 0.0158 0.0024 0.0004 1.0000 1.0000 0.3991 0.0634 0.0101 0.0016 0.0003 1.0000 1.0000 0.2922 0.0472 0.0076 0.0012 1.0000 1.0000 1.0000 0.2239 0.0361 0.0058 0.0009 1.0000 1.0000 1.0000 0.1712 0.0281 0.0036
0.0257 0.1997 1.0000 1.0000 1.0000 0.0011 0.0067 0.0415 0.2572 1.0000 1.0000 1.0000 0.0014 0.0087 0.0542 0.3357 1.0000 1.0000 0.0003 0.0019 0.0115 0.0717 0.4482 1.0000 1.0000 0.0004 0.0026 0.0168 0.1083 0.7007 1.0000 1.0000 0.0007 0.0050 0.0335 0.2269 1.0000 1.0000 0.0003 0.0019 0.0133 0.0933 0.6544 1.0000 1.0000 0.0009 0.0061 0.0433 0.3105 1.0000 1.0000 1.0000 0.3105 0.0433 0.0061 0.0009 1.0000 1.0000 0.6544 0.0933 0.0133 0.0019 0.0003 1.0000 1.0000 0.2269 0.0335 0.0050 0.0007 1.0000 1.0000 0.7007 0.1083 0.0168 0.0026 0.0004 1.0000 1.0000 0.4482 0.0717 0.0115 0.0019 0.0003 1.0000 1.0000 0.3357 0.0542 0.0087 0.0014 1.0000 1.0000 1.0000 0.2572 0.0415 0.0067 0.0011 1.0000 1.0000 1.0000 0.1997 0.0257
0.1826 1.0000 1.0000 1.0000 0.0012 0.0077 0.0477 0.2955 1.0000 1.0000 0.0003 0.0016 0.0100 0.0622 0.3857 1.0000 1.0000 0.0003 0.0021 0.0132 0.0815 0.5081 1.0000 1.0000 0.0005 0.0029 0.0184 0.1166 0.7447 1.0000 1.0000 0.0008 0.0050 0.0330 0.2201 1.0000 1.0000 0.0003 0.0018 0.0122 0.0844 0.5882 1.0000 1.0000 0.0008 0.0054 0.0380 0.2692 1.0000 1.0000 1.0000 1.0000 1.0000 0.2692 0.0380 0.0054 0.0008 1.0000 1.0000 0.5882 0.0844 0.0122 0.0018 0.0003 1.0000 1.0000 0.2201 0.0330 0.0050 0.0008 1.0000 1.0000 0.7447 0.1166 0.0184 0.0029 0.0005 1.0000 1.0000 0.5081 0.0815 0.0132 0.0021 0.0003 1.0000 1.0000 0.3857 0.0622 0.0100 0.0016 0.0003 1.0000 1.0000 0.2955 0.0477 0.0077 0.0012 1.0000 1.0000 1.0000 0.1826
1.0000 1.0000 1.0000 0.0014 0.0088 0.0548 0.3395 1.0000 1.0000 0.0003 0.0019 0.0115 0.0715 0.4431 1.0000 1.0000 0.0004 0.0024 0.0151 0.0935 0.5805 1.0000 1.0000 0.0005 0.0033 0.0204 0.1285 0.8128 1.0000 1.0000 0.0008 0.0051 0.0335 0.2201 1.0000 1.0000 0.0002 0.0017 0.0113 0.0778 0.5369 1.0000 1.0000 0.0007 0.0048 0.0336 0.2370 1.0000 1.0000 0.0003 0.0011 0.0003 1.0000 1.0000 0.2370 0.0336 0.0048 0.0007 1.0000 1.0000 0.5369 0.0778 0.0113 0.0017 0.0002 1.0000 1.0000 0.2201 0.0335 0.0051 0.0008 1.0000 1.0000 0.8128 0.1285 0.0204 0.0033 0.0005 1.0000 1.0000 0.5805 0.0935 0.0151 0.0024 0.0004 1.0000 1.0000 0.4431 0.0715 0.0115 0.0019 0.0003 1.0000 1.0000 0.3395 0.0548 0.0088 0.0014 1.0000 1.0000 1.0000
1.0000 0.0003 0.0016 0.0102 0.0630 0.3901 1.0000 1.0000 0.0003 0.0021 0.0133 0.0822 0.5091 1.0000 1.0000 0.0005 0.0028 0.0173 0.1074 0.6657 1.0000 1.0000 0.0006 0.0037 0.0230 0.1437 0.9024 1.0000 1.0000 0.0009 0.0054 0.0350 0.2269 1.0000 1.0000 0.0002 0.0016 0.0108 0.0734 0.5014 1.0000 1.0000 0.0006 0.0043 0.0300 0.2106 1.0000 1.0000 0.0003 0.0020 0.0067 0.0020 0.0003 1.0000 1.0000 0.2106 0.0300 0.0043 0.0006 1.0000 1.0000 0.5014 0.0734 0.0108 0.0016 0.0002 1.0000 1.0000 0.2269 0.0350 0.0054 0.0009 1.0000 1.0000 0.9024 0.1437 0.0230 0.0037 0.0006 1.0000 1.0000 0.6657 0.1074 0.0173 0.0028 0.0005 1.0000 1.0000 0.5091 0.0822 0.0133 0.0021 0.0003 1.0000 1.0000 0.3901 0.0630 0.0102 0.0016 0.0003 1.0000
0.0002 0.0019 0.0117 0.0723 0.4482 1.0000 1.0000 0.0004 0.0025 0.0152 0.0944 0.5849 1.0000 1.0000 0.0005 0.0032 0.0199 0.1234 0.7648 1.0000 1.0000 0.0007 0.0042 0.0262 0.1626 1.0000 1.0000 1.0000 0.0009 0.0059 0.0377 0.2406 1.0000 1.0000 0.0002 0.0016 0.0107 0.0712 0.4790 1.0000 1.0000 0.0006 0.0039 0.0272 0.1894 1.0000 1.0000 0.0002 0.0017 0.0127 0.0418 0.0127 0.0017 0.0002 1.0000 1.0000 0.1894 0.0272 0.0039 0.0006 1.0000 1.0000 0.4790 0.0712 0.0107 0.0016 0.0002 1.0000 1.0000 0.2406 0.0377 0.0059 0.0009 1.0000 1.0000 1.0000 0.1626 0.0262 0.0042 0.0007 1.0000 1.0000 0.7648 0.1234 0.0199 0.0032 0.0005 1.0000 1.0000 0.5849 0.0944 0.0152 0.0025 0.0004 1.0000 1.0000 0.4482 0.0723 0.0117 0.0019 0.0002
0.0017 0.0136 0.0830 0.5149 1.0000 1.0000 0.0005 0.0028 0.0175 0.1085 0.6720 1.0000 1.0000 0.0006 0.0037 0.0229 0.1418 0.8787 1.0000 1.0000 0.0008 0.0048 0.0299 0.1854 1.0000 1.0000 1.0000 0.0010 0.0066 0.0414 0.2621 1.0000 1.0000 0.0003 0.0017 0.0108 0.0712 0.4718 1.0000 1.0000 0.0005 0.0037 0.0251 0.1732 1.0000 1.0000 1.0000 0.0015 0.0109 0.0793 0.2606 0.0793 0.0109 0.0015 1.0000 1.0000 1.0000 0.1732 0.0251 0.0037 0.0005 1.0000 1.0000 0.4718 0.0712 0.0108 0.0017 0.0003 1.0000 1.0000 0.2621 0.0414 0.0066 0.0010 1.0000 1.0000 1.0000 0.1854 0.0299 0.0048 0.0008 1.0000 1.0000 0.8787 0.1418 0.0229 0.0037 0.0006 1.0000 1.0000 0.6720 0.1085 0.0175 0.0028 0.0005 1.0000 1.0000 0.5149 0.0830 0.0136 0.0017
0.0124 0.0970 0.5905 1.0000 1.0000 0.0005 0.0032 0.0201 0.1246 0.7721 1.0000 1.0000 0.0007 0.0042 0.0263 0.1629 1.0000 1.0000 1.0000 0.0009 0.0055 0.0343 0.2127 1.0000 1.0000 1.0000 0.0012 0.0074 0.0463 0.2899 1.0000 1.0000 0.0003 0.0018 0.0113 0.0734 0.4790 1.0000 1.0000 0.0005 0.0035 0.0237 0.1620 1.0000 1.0000 1.0000 0.0014 0.0096 0.0683 0.4957 1.0000 0.4957 0.0683 0.0096 0.0014 1.0000 1.0000 1.0000 0.1620 0.0237 0.0035 0.0005 1.0000 1.0000 0.4790 0.0734 0.0113 0.0018 0.0003 1.0000 1.0000 0.2899 0.0463 0.0074 0.0012 1.0000 1.0000 1.0000 0.2127 0.0343 0.0055 0.0009 1.0000 1.0000 1.0000 0.1629 0.0263 0.0042 0.0007 1.0000 1.0000 0.7721 0.1246 0.0201 0.0032 0.0005 1.0000 1.0000 0.5905 0.0970 0.0124
0.0887 0.6901 1.0000 1.0000 0.0006 0.0037 0.0231 0.1432 0.8871 1.0000 1.0000 0.0008 0.0049 0.0302 0.1872 1.0000 1.0000 1.0000 0.0010 0.0064 0.0394 0.2443 1.0000 1.0000 1.0000 0.0013 0.0084 0.0522 0.3256 1.0000 1.0000 0.0003 0.0019 0.0122 0.0778 0.5014 1.0000 1.0000 0.0005 0.0035 0.0230 0.1551 1.0000 1.0000 1.0000 0.0013 0.0087 0.0610 0.4306 1.0000 1.0000 1.0000 0.4306 0.0610 0.0087 0.0013 1.0000 1.0000 1.0000 0.1551 0.0230 0.0035 0.0005 1.0000 1.0000 0.5014 0.0778 0.0122 0.0019 0.0003 1.0000 1.0000 0.3256 0.0522 0.0084 0.0013 1.0000 1.0000 1.0000 0.2443 0.0394 0.0064 0.0010 1.0000 1.0000 1.0000 0.1872 0.0302 0.0049 0.0008 1.0000 1.0000 0.8871 0.1432 0.0231 0.0037 0.0006 1.0000 1.0000 0.6901 0.0887
0.6299 1.0000 1.0000 0.0007 0.0043 0.0266 0.1645 1.0000 1.0000 1.0000 0.0009 0.0056 0.0347 0.2151 1.0000 1.0000 1.0000 0.0012 0.0073 0.0453 0.2807 1.0000 1.0000 0.0002 0.0015 0.0096 0.0595 0.3692 1.0000 1.0000 0.0003 0.0021 0.0133 0.0844 0.5369 1.0000 1.0000 0.0005 0.0035 0.0230 0.1527 1.0000 1.0000 1.0000 0.0012 0.0081 0.0557 0.3871 1.0000 1.0000 1.0000 1.0000 1.0000 0.3871 0.0557 0.0081 0.0012 1.0000 1.0000 1.0000 0.1527 0.0230 0.0035 0.0005 1.0000 1.0000 0.5369 0.0844 0.0133 0.0021 0.0003 1.0000 1.0000 0.3692 0.0595 0.0096 0.0015 0.0002 1.0000 1.0000 0.2807 0.0453 0.0073 0.0012 1.0000 1.0000 1.0000 0.2151 0.0347 0.0056 0.0009 1.0000 1.0000 1.0000 0.1645 0.0266 0.0043 0.0007 1.0000 1.0000 0.6299
1.0000 1.0000 0.0008 0.0049 0.0305 0.1890 1.0000 1.0000 1.0000 0.0010 0.0064 0.0399 0.2471 1.0000 1.0000 1.0000 0.0014 0.0084 0.0521 0.3225 1.0000 1.0000 0.0003 0.0018 0.0110 0.0681 0.4225 1.0000 1.0000 0.0004 0.0024 0.0148 0.0933 0.5882 1.0000 1.0000 0.0006 0.0037 0.0237 0.1551 1.0000 1.0000 1.0000 0.0011 0.0077 0.0523 0.3581 1.0000 1.0000 0.0005 0.0015 0.0005 1.0000 1.0000 0.3581 0.0523 0.0077 0.0011 1.0000 1.0000 1.0000 0.1551 0.0237 0.0037 0.0006 1.0000 1.0000 0.5882 0.0933 0.0148 0.0024 0.0004 1.0000 1.0000 0.4225 0.0681 0.0110 0.0018 0.0003 1.0000 1.0000 0.3225 0.0521 0.0084 0.0014 1.0000 1.0000 1.0000 0.2471 0.0399 0.0064 0.0010 1.0000 1.0000 1.0000 0.1890 0.0305 0.0049 0.0008 1.0000 1.0000
1.0000 0.0009 0.0057 0.0350 0.2172 1.0000 1.0000 1.0000 0.0012 0.0074 0.0458 0.2839 1.0000 1.0000 0.0003 0.0016 0.0097 0.0598 0.3706 1.0000 1.0000 0.0003 0.0020 0.0126 0.0782 0.4845 1.0000 1.0000 0.0004 0.0027 0.0167 0.1046 0.6544 1.0000 1.0000 0.0006 0.0039 0.0251 0.1620 1.0000 1.0000 1.0000 0.0011 0.0075 0.0501 0.3395 1.0000 1.0000 0.0004 0.0029 0.0096 0.0029 0.0004 1.0000 1.0000 0.3395 0.0501 0.0075 0.0011 1.0000 1.0000 1.0000 0.1620 0.0251 0.0039 0.0006 1.0000 1.0000 0.6544 0.1046 0.0167 0.0027 0.0004 1.0000 1.0000 0.4845 0.0782 0.0126 0.0020 0.0003 1.0000 1.0000 0.3706 0.0598 0.0097 0.0016 0.0003 1.0000 1.0000 0.2839 0.0458 0.0074 0.0012 1.0000 1.0000 1.0000 0.2172 0.0350 0.0057 0.0009 1.0000
0.0008 0.0066 0.0403 0.2495 1.0000 1.0000 1.0000 0.0014 0.0085 0.0527 0.3262 1.0000 1.0000 0.0003 0.0018 0.0111 0.0687 0.4257 1.0000 1.0000 0.0004 0.0023 0.0145 0.0899 0.5567 1.0000 1.0000 0.0005 0.0031 0.0190 0.1184 0.7391 1.0000 1.0000 0.0007 0.0043 0.0272 0.1732 1.0000 1.0000 1.0000 0.0011 0.0075 0.0495 0.3300 1.0000 1.0000 0.0004 0.0026 0.0188 0.0613 0.0188 0.0026 0.0004 1.0000 1.0000 0.3300 0.0495 0.0075 0.0011 1.0000 1.0000 1.0000 0.1732 0.0272 0.0043 0.0007 1.0000 1.0000 0.7391 0.1184 0.0190 0.0031 0.0005 1.0000 1.0000 0.5567 0.0899 0.0145 0.0023 0.0004 1.0000 1.0000 0.4257 0.0687 0.0111 0.0018 0.0003 1.0000 1.0000 0.3262 0.0527 0.0085 0.0014 1.0000 1.0000 1.0000 0.2495 0.0403 0.0066 0.0008
0.0060 0.0470 0.2867 1.0000 1.0000 0.0003 0.0016 0.0098 0.0605 0.3748 1.0000 1.0000 0.0003 0.0021 0.0127 0.0790 0.4892 1.0000 1.0000 0.0004 0.0027 0.0167 0.1032 0.6396 1.0000 1.0000 0.0006 0.0035 0.0218 0.1350 0.8395 1.0000 1.0000 0.0008 0.0048 0.0300 0.1894 1.0000 1.0000 1.0000 0.0012 0.0077 0.0501 0.3300 1.0000 1.0000 0.0004 0.0025 0.0170 0.1207 0.3923 0.1207 0.0170 0.0025 0.0004 1.0000 1.0000 0.3300 0.0501 0.0077 0.0012 1.0000 1.0000 1.0000 0.1894 0.0300 0.0048 0.0008 1.0000 1.0000 0.8395 0.1350 0.0218 0.0035 0.0006 1.0000 1.0000 0.6396 0.1032 0.0167 0.0027 0.0004 1.0000 1.0000 0.4892 0.0790 0.0127 0.0021 0.0003 1.0000 1.0000 0.3748 0.0605 0.0098 0.0016 0.0003 1.0000 1.0000 0.2867 0.0470 0.0060
0.0430 0.3350 1.0000 1.0000 0.0003 0.0018 0.0112 0.0695 0.4306 1.0000 1.0000 0.0004 0.0024 0.0146 0.0907 0.5620 1.0000 1.0000 0.0005 0.0031 0.0191 0.1186 0.7348 1.0000 1.0000 0.0007 0.0040 0.0250 0.1548 0.9608 1.0000 1.0000 0.0009 0.0054 0.0336 0.2106 1.0000 1.0000 1.0000 0.0013 0.0081 0.0523 0.3395 1.0000 1.0000 0.0004 0.0024 0.0162 0.1110 0.7795 1.0000 0.7795 0.1110 0.0162 0.0024 0.0004 1.0000 1.0000 0.3395 0.0523 0.0081 0.0013 1.0000 1.0000 1.0000 0.2106 0.0336 0.0054 0.0009 1.0000 1.0000 0.9608 0.1548 0.0250 0.0040 0.0007 1.0000 1.0000 0.7348 0.1186 0.0191 0.0031 0.0005 1.0000 1.0000 0.5620 0.0907 0.0146 0.0024 0.0004 1.0000 1.0000 0.4306 0.0695 0.0112 0.0018 0.0003 1.0000 1.0000 0.3350 0.0430
0.3058 1.0000 1.0000 0.0003 0.0021 0.0129 0.0799 0.4948 1.0000 1.0000 0.0004 0.0027 0.0168 0.1042 0.6457 1.0000 1.0000 0.0006 0.0036 0.0220 0.1363 0.8443 1.0000 1.0000 0.0007 0.0046 0.0287 0.1778 1.0000 1.0000 1.0000 0.0010 0.0061 0.0380 0.2370 1.0000 1.0000 1.0000 0.0014 0.0087 0.0557 0.3581 1.0000 1.0000 0.0004 0.0024 0.0160 0.1068 0.7251 1.0000 1.0000 1.0000 0.7251 0.1066 0.0160 0.0024 0.0004 1.0000 1.0000 0.3581 0.0557 0.0087 0.0014 1.0000 1.0000 1.0000 0.2370 0.0380 0.0061 0.0010 1.0000 1.0000 1.0000 0.1778 0.0287 0.0046 0.0007 1.0000 1.0000 0.8443 0.1363 0.0220 0.0036 0.0006 1.0000 1.0000 0.6457 0.1042 0.0168 0.0027 0.0004 1.0000 1.0000 0.4948 0.0799 0.0129 0.0021 0.0003 1.0000 1.0000 0.3058
1.0000 1.0000 0.0004 0.0024 0.0148 0.0918 0.5685 1.0000 1.0000 0.0005 0.0031 0.0193 0.1197 0.7419 1.0000 1.0000 0.0007 0.0041 0.0253 0.1566 0.9700 1.0000 1.0000 0.0009 0.0053 0.0330 0.2043 1.0000 1.0000 1.0000 0.0011 0.0070 0.0433 0.2687 1.0000 1.0000 0.0002 0.0015 0.0096 0.0610 0.3864 1.0000 1.0000 0.0004 0.0025 0.0162 0.1066 0.7074 1.0000 1.0000 0.0004 1.0000 1.0000 0.7088 0.1066 0.0162 0.0025 0.0004 1.0000 1.0000 0.3871 0.0610 0.0096 0.0015 0.0002 1.0000 1.0000 0.2692 0.0433 0.0070 0.0011 1.0000 1.0000 1.0000 0.2043 0.0330 0.0053 0.0009 1.0000 1.0000 0.9700 0.1566 0.0253 0.0041 0.0007 1.0000 1.0000 0.7433 0.1197 0.0194 0.0031 0.0005 1.0000 1.0000 0.5685 0.0918 0.0148 0.0024 0.0004 1.0000 1.0000
1.0000 0.0005 0.0027 0.0170 0.1054 0.6531 1.0000 1.0000 0.0006 0.0036 0.0222 0.1376 0.8524 1.0000 1.0000 0.0008 0.0047 0.0290 0.1799 1.0000 1.0000 1.0000 0.0010 0.0061 0.0379 0.2348 1.0000 1.0000 1.0000 0.0013 0.0080 0.0495 0.3075 1.0000 1.0000 0.0003 0.0017 0.0108 0.0676 0.4257 1.0000 1.0000 0.0004 0.0026 0.0169 0.1095 0.7169 1.0000 1.0000 0.0008 0.0026 0.0008 1.0000 1.0000 0.7251 0.1110 0.0170 0.0026 0.0004 1.0000 1.0000 0.4306 0.0683 0.0109 0.0017 0.0003 1.0000 1.0000 0.3105 0.0500 0.0081 0.0013 1.0000 1.0000 1.0000 0.2375 0.0383 0.0062 0.0010 1.0000 1.0000 1.0000 0.1816 0.0293 0.0047 0.0008 1.0000 1.0000 0.8621 0.1392 0.0225 0.0036 0.0006 1.0000 1.0000 0.6594 0.1064 0.0172 0.0028 0.0005 1.0000
0.0004 0.0032 0.0195 0.1211 0.7504 1.0000 1.0000 0.0007 0.0041 0.0255 0.1581 0.9793 1.0000 1.0000 0.0009 0.0054 0.0334 0.2067 1.0000 1.0000 1.0000 0.0011 0.0070 0.0435 0.2697 1.0000 1.0000 0.0002 0.0015 0.0092 0.0569 0.3527 1.0000 1.0000 0.0003 0.0020 0.0122 0.0760 0.4754 1.0000 1.0000 0.0004 0.0028 0.0180 0.1155 0.7461 1.0000 1.0000 0.0008 0.0055 0.0180 0.0056 0.0008 1.0000 1.0000 0.7795 0.1207 0.0188 0.0029 0.0005 1.0000 1.0000 0.4957 0.0793 0.0127 0.0020 0.0003 1.0000 1.0000 0.3664 0.0591 0.0095 0.0015 1.0000 1.0000 1.0000 0.2807 0.0453 0.0073 0.0012 1.0000 1.0000 1.0000 0.2147 0.0347 0.0056 0.0009 1.0000 1.0000 1.0000 0.1645 0.0266 0.0043 0.0007 1.0000 1.0000 0.7795 0.1258 0.0203 0.0033 0.0004
0.0029 0.0228 0.1392 0.8621 1.0000 1.0000 0.0008 0.0047 0.0293 0.1816 1.0000 1.0000 1.0000 0.0010 0.0062 0.0383 0.2375 1.0000 1.0000 1.0000 0.0013 0.0081 0.0500 0.3099 1.0000 1.0000 0.0003 0.0017 0.0106 0.0654 0.4052 1.0000 1.0000 0.0004 0.0022 0.0138 0.0862 0.5369 1.0000 1.0000 0.0005 0.0031 0.0196 0.1246 0.7960 1.0000 1.0000 0.0008 0.0054 0.0399 0.0814 0.0177 0.0026 0.0004 1.0000 1.0000 0.3923 0.0613 0.0096 0.0015 1.0000 1.0000 1.0000 0.2606 0.0418 0.0067 0.0011 1.0000 1.0000 1.0000 0.1948 0.0315 0.0051 0.0008 1.0000 1.0000 0.9250 0.1493 0.0241 0.0039 0.0006 1.0000 1.0000 0.7088 0.1142 0.0185 0.0030 0.0005 1.0000 1.0000 0.5421 0.0875 0.0141 0.0023 0.0004 1.0000 1.0000 0.4153 0.0669 0.0111 0.0015
0.0209 0.1629 0.9943 1.0000 1.0000 0.0009 0.0055 0.0339 0.2098 1.0000 1.0000 1.0000 0.0012 0.0071 0.0443 0.2744 1.0000 1.0000 0.0002 0.0015 0.0093 0.0578 0.3581 1.0000 1.0000 0.0003 0.0020 0.0122 0.0756 0.4682 1.0000 1.0000 0.0004 0.0026 0.0159 0.0988 0.6134 1.0000 1.0000 0.0006 0.0035 0.0218 0.1376 0.8704 1.0000 1.0000 0.0008 0.0055 0.0387 0.1496 0.0310 0.0054 0.0008 1.0000 1.0000 0.7795 0.1207 0.0188 0.0029 0.0005 1.0000 1.0000 0.4957 0.0793 0.0127 0.0020 0.0003 1.0000 1.0000 0.3664 0.0591 0.0095 0.0015 1.0000 1.0000 1.0000 0.2807 0.0453 0.0073 0.0012 1.0000 1.0000 1.0000 0.2147 0.0347 0.0056 0.0009 1.0000 1.0000 1.0000 0.1645 0.0266 0.0043 0.0007 1.0000 1.0000 0.7795 0.1258 0.0203 0.0033 0.0004
0.1496 1.0000 1.0000 1.0000 0.0010 0.0064 0.0397 0.2462 1.0000 1.0000 1.0000 0.0014 0.0084 0.0519 0.3213 1.0000 1.0000 0.0003 0.0018 0.0109 0.0678 0.4201 1.0000 1.0000 0.0004 0.0023 0.0143 0.0885 0.5483 1.0000 1.0000 0.0005 0.0030 0.0186 0.1157 0.7169 1.0000 1.0000 0.0006 0.0040 0.0250 0.1563 0.9830 1.0000 1.0000 0.0009 0.0059 0.0387 0.2692 0.2839 0.0037 0.0008 1.0000 1.0000 0.7251 0.1110 0.0170 0.0026 0.0004 1.0000 1.0000 0.4306 0.0683 0.0109 0.0017 0.0003 1.0000 1.0000 0.3105 0.0500 0.0081 0.0013 1.0000 1.0000 1.0000 0.2375 0.0383 0.0062 0.0010 1.0000 1.0000 1.0000 0.1816 0.0293 0.0047 0.0008 1.0000 1.0000 0.8621 0.1392 0.0225 0.0036 0.0006 1.0000 1.0000 0.6594 0.1064 0.0172 0.0028 0.0005 1.0000
0.7547 1.0000 1.0000 0.0008 0.0050 0.0309 0.1915 1.0000 1.0000 1.0000 0.0011 0.0065 0.0403 0.2500 1.0000 1.0000 1.0000 0.0014 0.0085 0.0528 0.3268 1.0000 1.0000 0.0003 0.0018 0.0111 0.0688 0.4266 1.0000 1.0000 0.0004 0.0023 0.0146 0.0905 0.5631 1.0000 1.0000 0.0005 0.0032 0.0200 0.1261 0.7975 1.0000 1.0000 0.0008 0.0050 0.0322 0.2123 1.0000 1.0000 1.0000 1.0000 1.0000 0.7088 0.1068 0.0162 0.0025 0.0004 1.0000 1.0000 0.3871 0.0610 0.0096 0.0015 0.0002 1.0000 1.0000 0.2692 0.0433 0.0070 0.0011 1.0000 1.0000 1.0000 0.2043 0.0330 0.0053 0.0009 1.0000 1.0000 0.9700 0.1566 0.0253 0.0041 0.0007 1.0000 1.0000 0.7433 0.1197 0.0194 0.0031 0.0005 1.0000 1.0000 0.5685 0.0918 0.0148 0.0024 0.0004 1.0000 1.0000
0.3129 1.0000 1.0000 0.0004 0.0022 0.0136 0.0842 0.5208 1.0000 1.0000 0.0005 0.0029 0.0177 0.1099 0.6810 1.0000 1.0000 0.0006 0.0037 0.0232 0.1437 0.8888 1.0000 1.0000 0.0008 0.0049 0.0303 0.1876 1.0000 1.0000 1.0000 0.0010 0.0065 0.0401 0.2509 1.0000 1.0000 1.0000 0.0015 0.0093 0.0592 0.3798 1.0000 1.0000 0.0004 0.0026 0.0170 0.1140 0.7810 1.0000 1.0000 1.0000 0.7251 0.1066 0.0160 0.0024 0.0004 1.0000 1.0000 0.3581 0.0557 0.0087 0.0014 1.0000 1.0000 1.0000 0.2370 0.0380 0.0061 0.0010 1.0000 1.0000 1.0000 0.1778 0.0287 0.0046 0.0007 1.0000 1.0000 0.8443 0.1363 0.0220 0.0036 0.0006 1.0000 1.0000 0.6457 0.1042 0.0168 0.0027 0.0004 1.0000 1.0000 0.4948 0.0799 0.0129 0.0021 0.0003 1.0000 1.0000 0.3058
0.0435 0.3389 1.0000 1.0000 0.0003 0.0018 0.0114 0.0706 0.4372 1.0000 1.0000 0.0004 0.0024 0.0149 0.0923 0.5706 1.0000 1.0000 0.0005 0.0031 0.0194 0.1204 0.7461 1.0000 1.0000 0.0007 0.0041 0.0254 0.1572 0.9756 1.0000 1.0000 0.0009 0.0055 0.0341 0.2143 1.0000 1.0000 1.0000 0.0013 0.0082 0.0532 0.3454 1.0000 1.0000 0.0004 0.0025 0.0165 0.1131 0.7990 1.0000 0.7795 0.1110 0.0162 0.0024 0.0004 1.0000 1.0000 0.3395 0.0523 0.0081 0.0013 1.0000 1.0000 1.0000 0.2106 0.0336 0.0054 0.0009 1.0000 1.0000 0.9608 0.1548 0.0250 0.0040 0.0007 1.0000 1.0000 0.7348 0.1186 0.0191 0.0031 0.0005 1.0000 1.0000 0.5620 0.0907 0.0146 0.0024 0.0004 1.0000 1.0000 0.4306 0.0695 0.0112 0.0018 0.0003 1.0000 1.0000 0.3350 0.0430
