1.0000 0.0005 0.0036 0.0254 0.1809 1.0000 1.0000 0.0002 0.0017 0.0123 0.0877 0.6240 1.0000 1.0000 0.0008 0.0060 0.0425 0.3029 1.0000 1.0000 0.0004 0.0029 0.0206 0.1468 1.0000 1.0000 0.0002 0.0014 0.0100 0.0712 0.5062 1.0000 1.0000 0.0007 0.0048 0.0345 0.2457 1.0000 1.0000 0.0003 0.0023 0.0168 0.1191 0.8491 1.0000 1.0000 0.0011 0.0081 0.0581 0.4177 1.0000 0.4177 0.0581 0.0081 0.0011 1.0000 1.0000 0.8491 0.1191 0.0168 0.0023 0.0003 1.0000 1.0000 0.2457 0.0345 0.0048 0.0007 1.0000 1.0000 0.5062 0.0712 0.0100 0.0014 0.0002 1.0000 1.0000 0.1468 0.0206 0.0029 0.0004 1.0000 1.0000 0.3029 0.0425 0.0060 0.0008 1.0000 1.0000 0.6240 0.0877 0.0123 0.0017 0.0002 1.0000 1.0000 0.1809 0.0254 0.0036 0.0005 1.0000
0.0005 0.0042 0.0285 0.2005 1.0000 1.0000 0.0003 0.0019 0.0135 0.0960 0.6823 1.0000 1.0000 0.0009 0.0065 0.0465 0.3312 1.0000 1.0000 0.0004 0.0032 0.0226 0.1605 1.0000 1.0000 1.0000 0.0015 0.0109 0.0779 0.5546 1.0000 1.0000 0.0007 0.0053 0.0377 0.2692 1.0000 1.0000 0.0004 0.0026 0.0183 0.1304 0.9285 1.0000 1.0000 0.0012 0.0089 0.0633 0.4542 1.0000 1.0000 1.0000 0.4542 0.0633 0.0089 0.0012 1.0000 1.0000 0.9285 0.1304 0.0183 0.0026 0.0004 1.0000 1.0000 0.2692 0.0377 0.0053 0.0007 1.0000 1.0000 0.5546 0.0779 0.0109 0.0015 1.0000 1.0000 1.0000 0.1605 0.0226 0.0032 0.0004 1.0000 1.0000 0.3312 0.0465 0.0065 0.0009 1.0000 1.0000 0.6823 0.0960 0.0135 0.0019 0.0003 1.0000 1.0000 0.2005 0.0285 0.0042 0.0005
0.0036 0.0285 0.1869 1.0000 1.0000 1.0000 0.0016 0.0116 0.0825 0.5860 1.0000 1.0000 0.0008 0.0056 0.0398 0.2834 1.0000 1.0000 0.0004 0.0027 0.0193 0.1376 0.9793 1.0000 1.0000 0.0013 0.0094 0.0667 0.4745 1.0000 1.0000 0.0006 0.0045 0.0324 0.2303 1.0000 1.0000 0.0003 0.0022 0.0157 0.1116 0.7944 1.0000 1.0000 0.0011 0.0076 0.0542 0.3857 1.0000 1.0000 1.0000 1.0000 1.0000 0.3857 0.0542 0.0076 0.0011 1.0000 1.0000 0.7944 0.1116 0.0157 0.0022 0.0003 1.0000 1.0000 0.2303 0.0324 0.0045 0.0006 1.0000 1.0000 0.4745 0.0667 0.0094 0.0013 1.0000 1.0000 0.9793 0.1376 0.0193 0.0027 0.0004 1.0000 1.0000 0.2834 0.0398 0.0056 0.0008 1.0000 1.0000 0.5860 0.0825 0.0116 0.0016 1.0000 1.0000 1.0000 0.1869 0.0285 0.0036
0.0254 0.2005 1.0000 1.0000 1.0000 0.0015 0.0104 0.0729 0.5149 1.0000 1.0000 0.0007 0.0049 0.0347 0.2471 1.0000 1.0000 0.0003 0.0024 0.0168 0.1197 0.8524 1.0000 1.0000 0.0011 0.0082 0.0581 0.4138 1.0000 1.0000 0.0006 0.0040 0.0282 0.2005 1.0000 1.0000 0.0003 0.0019 0.0137 0.0973 0.6928 1.0000 1.0000 0.0009 0.0066 0.0472 0.3357 1.0000 1.0000 0.0005 0.0015 0.0005 1.0000 1.0000 0.3357 0.0472 0.0066 0.0009 1.0000 1.0000 0.6928 0.0973 0.0137 0.0019 0.0003 1.0000 1.0000 0.2005 0.0282 0.0040 0.0006 1.0000 1.0000 0.4138 0.0581 0.0082 0.0011 1.0000 1.0000 0.8524 0.1197 0.0168 0.0024 0.0003 1.0000 1.0000 0.2471 0.0347 0.0049 0.0007 1.0000 1.0000 0.5149 0.0729 0.0104 0.0015 1.0000 1.0000 1.0000 0.2005 0.0254
0.1809 1.0000 1.0000 1.0000 0.0014 0.0097 0.0664 0.4611 1.0000 1.0000 0.0006 0.0043 0.0303 0.2155 1.0000 1.0000 0.0003 0.0021 0.0146 0.1042 0.7419 1.0000 1.0000 0.0010 0.0071 0.0506 0.3601 1.0000 1.0000 0.0005 0.0034 0.0245 0.1745 1.0000 1.0000 1.0000 0.0017 0.0119 0.0847 0.6030 1.0000 1.0000 0.0008 0.0058 0.0410 0.2922 1.0000 1.0000 0.0004 0.0029 0.0096 0.0029 0.0004 1.0000 1.0000 0.2922 0.0410 0.0058 0.0008 1.0000 1.0000 0.6030 0.0847 0.0119 0.0017 1.0000 1.0000 1.0000 0.1745 0.0245 0.0034 0.0005 1.0000 1.0000 0.3601 0.0506 0.0071 0.0010 1.0000 1.0000 0.7419 0.1042 0.0146 0.0021 0.0003 1.0000 1.0000 0.2155 0.0303 0.0043 0.0006 1.0000 1.0000 0.4611 0.0664 0.0097 0.0014 1.0000 1.0000 1.0000 0.1809
1.0000 1.0000 1.0000 0.0015 0.0097 0.0640 0.4323 1.0000 1.0000 0.0005 0.0038 0.0266 0.1886 1.0000 1.0000 0.0003 0.0018 0.0127 0.0907 0.6457 1.0000 1.0000 0.0009 0.0062 0.0440 0.3135 1.0000 1.0000 0.0004 0.0030 0.0213 0.1519 1.0000 1.0000 1.0000 0.0015 0.0104 0.0737 0.5248 1.0000 1.0000 0.0007 0.0050 0.0357 0.2543 1.0000 1.0000 0.0003 0.0025 0.0180 0.0595 0.0180 0.0025 0.0003 1.0000 1.0000 0.2543 0.0357 0.0050 0.0007 1.0000 1.0000 0.5248 0.0737 0.0104 0.0015 1.0000 1.0000 1.0000 0.1519 0.0213 0.0030 0.0004 1.0000 1.0000 0.3135 0.0440 0.0062 0.0009 1.0000 1.0000 0.6457 0.0907 0.0127 0.0018 0.0003 1.0000 1.0000 0.1886 0.0266 0.0038 0.0005 1.0000 1.0000 0.4323 0.0640 0.0097 0.0015 1.0000 1.0000 1.0000
1.0000 0.0003 0.0016 0.0104 0.0664 0.4323 1.0000 1.0000 0.0005 0.0034 0.0238 0.1670 1.0000 1.0000 1.0000 0.0016 0.0111 0.0790 0.5620 1.0000 1.0000 0.0008 0.0054 0.0383 0.2728 1.0000 1.0000 0.0004 0.0026 0.0186 0.1322 0.9410 1.0000 1.0000 0.0013 0.0090 0.0642 0.4568 1.0000 1.0000 0.0006 0.0044 0.0311 0.2213 1.0000 1.0000 0.0003 0.0021 0.0152 0.1116 0.3678 0.1116 0.0152 0.0021 0.0003 1.0000 1.0000 0.2213 0.0311 0.0044 0.0006 1.0000 1.0000 0.4568 0.0642 0.0090 0.0013 1.0000 1.0000 0.9410 0.1322 0.0186 0.0026 0.0004 1.0000 1.0000 0.2728 0.0383 0.0054 0.0008 1.0000 1.0000 0.5620 0.0790 0.0111 0.0016 1.0000 1.0000 1.0000 0.1670 0.0238 0.0034 0.0005 1.0000 1.0000 0.4323 0.0664 0.0104 0.0016 0.0003 1.0000
0.0002 0.0019 0.0116 0.0729 0.4611 1.0000 1.0000 0.0005 0.0032 0.0220 0.1519 1.0000 1.0000 1.0000 0.0014 0.0097 0.0690 0.4901 1.0000 1.0000 0.0007 0.0047 0.0334 0.2375 1.0000 1.0000 0.0003 0.0023 0.0162 0.1151 0.8190 1.0000 1.0000 0.0011 0.0078 0.0559 0.3976 1.0000 1.0000 0.0005 0.0038 0.0271 0.1926 1.0000 1.0000 0.0003 0.0018 0.0131 0.0944 0.6915 1.0000 0.6915 0.0944 0.0131 0.0018 0.0003 1.0000 1.0000 0.1926 0.0271 0.0038 0.0005 1.0000 1.0000 0.3976 0.0559 0.0078 0.0011 1.0000 1.0000 0.8190 0.1151 0.0162 0.0023 0.0003 1.0000 1.0000 0.2375 0.0334 0.0047 0.0007 1.0000 1.0000 0.4901 0.0690 0.0097 0.0014 1.0000 1.0000 1.0000 0.1519 0.0220 0.0032 0.0005 1.0000 1.0000 0.4611 0.0729 0.0116 0.0019 0.0002
0.0017 0.0135 0.0825 0.5149 1.0000 1.0000 0.0005 0.0032 0.0214 0.1440 0.9830 1.0000 1.0000 0.0012 0.0086 0.0607 0.4298 1.0000 1.0000 0.0006 0.0041 0.0290 0.2067 1.0000 1.0000 0.0003 0.0020 0.0141 0.1001 0.7128 1.0000 1.0000 0.0010 0.0068 0.0486 0.3460 1.0000 1.0000 0.0005 0.0033 0.0236 0.1677 1.0000 1.0000 1.0000 0.0016 0.0114 0.0814 0.5849 1.0000 1.0000 1.0000 0.5849 0.0814 0.0114 0.0016 1.0000 1.0000 1.0000 0.1677 0.0236 0.0033 0.0005 1.0000 1.0000 0.3460 0.0486 0.0068 0.0010 1.0000 1.0000 0.7128 0.1001 0.0141 0.0020 0.0003 1.0000 1.0000 0.2067 0.0290 0.0041 0.0006 1.0000 1.0000 0.4298 0.0607 0.0086 0.0012 1.0000 1.0000 0.9830 0.1440 0.0214 0.0032 0.0005 1.0000 1.0000 0.5149 0.0825 0.0135 0.0017
0.0123 0.0960 0.5860 1.0000 1.0000 0.0005 0.0034 0.0220 0.1440 0.9554 1.0000 1.0000 0.0011 0.0078 0.0543 0.3813 1.0000 1.0000 0.0005 0.0036 0.0253 0.1799 1.0000 1.0000 0.0002 0.0017 0.0122 0.0872 0.6204 1.0000 1.0000 0.0008 0.0059 0.0423 0.3012 1.0000 1.0000 0.0004 0.0029 0.0205 0.1459 1.0000 1.0000 1.0000 0.0014 0.0100 0.0708 0.5043 1.0000 1.0000 0.0003 1.0000 1.0000 0.5043 0.0708 0.0100 0.0014 1.0000 1.0000 1.0000 0.1459 0.0205 0.0029 0.0004 1.0000 1.0000 0.3012 0.0423 0.0059 0.0008 1.0000 1.0000 0.6204 0.0872 0.0122 0.0017 0.0002 1.0000 1.0000 0.1799 0.0253 0.0036 0.0005 1.0000 1.0000 0.3813 0.0543 0.0078 0.0011 1.0000 1.0000 0.9554 0.1440 0.0220 0.0034 0.0005 1.0000 1.0000 0.5860 0.0960 0.0123
0.0877 0.6823 1.0000 1.0000 0.0006 0.0038 0.0238 0.1519 0.9830 1.0000 1.0000 0.0011 0.0073 0.0498 0.3454 1.0000 1.0000 0.0004 0.0031 0.0221 0.1572 1.0000 1.0000 1.0000 0.0015 0.0107 0.0759 0.5400 1.0000 1.0000 0.0007 0.0052 0.0368 0.2621 1.0000 1.0000 0.0004 0.0025 0.0178 0.1270 0.9041 1.0000 1.0000 0.0012 0.0087 0.0617 0.4389 1.0000 1.0000 0.0006 0.0020 0.0006 1.0000 1.0000 0.4389 0.0617 0.0087 0.0012 1.0000 1.0000 0.9041 0.1270 0.0178 0.0025 0.0004 1.0000 1.0000 0.2621 0.0368 0.0052 0.0007 1.0000 1.0000 0.5400 0.0759 0.0107 0.0015 1.0000 1.0000 1.0000 0.1572 0.0221 0.0031 0.0004 1.0000 1.0000 0.3454 0.0498 0.0073 0.0011 1.0000 1.0000 0.9830 0.1519 0.0238 0.0038 0.0006 1.0000 1.0000 0.6823 0.0877
0.6240 1.0000 1.0000 0.0007 0.0043 0.0266 0.1670 1.0000 1.0000 1.0000 0.0011 0.0071 0.0475 0.3225 1.0000 1.0000 0.0004 0.0028 0.0196 0.1384 0.9774 1.0000 1.0000 0.0013 0.0093 0.0660 0.4700 1.0000 1.0000 0.0006 0.0045 0.0321 0.2282 1.0000 1.0000 0.0003 0.0022 0.0155 0.1105 0.7869 1.0000 1.0000 0.0011 0.0075 0.0537 0.3820 1.0000 1.0000 0.0005 0.0038 0.0125 0.0038 0.0005 1.0000 1.0000 0.3820 0.0537 0.0075 0.0011 1.0000 1.0000 0.7869 0.1105 0.0155 0.0022 0.0003 1.0000 1.0000 0.2282 0.0321 0.0045 0.0006 1.0000 1.0000 0.4700 0.0660 0.0093 0.0013 1.0000 1.0000 0.9774 0.1384 0.0196 0.0028 0.0004 1.0000 1.0000 0.3225 0.0475 0.0071 0.0011 1.0000 1.0000 1.0000 0.1670 0.0266 0.0043 0.0007 1.0000 1.0000 0.6240
1.0000 1.0000 0.0008 0.0049 0.0303 0.1886 1.0000 1.0000 1.0000 0.0011 0.0073 0.0475 0.3146 1.0000 1.0000 0.0004 0.0025 0.0176 0.1232 0.8654 1.0000 1.0000 0.0011 0.0081 0.0576 0.4091 1.0000 1.0000 0.0006 0.0039 0.0279 0.1986 1.0000 1.0000 0.0003 0.0019 0.0135 0.0962 0.6849 1.0000 1.0000 0.0009 0.0066 0.0467 0.3325 1.0000 1.0000 0.0004 0.0032 0.0236 0.0776 0.0236 0.0032 0.0004 1.0000 1.0000 0.3325 0.0467 0.0066 0.0009 1.0000 1.0000 0.6849 0.0962 0.0135 0.0019 0.0003 1.0000 1.0000 0.1986 0.0279 0.0039 0.0006 1.0000 1.0000 0.4091 0.0576 0.0081 0.0011 1.0000 1.0000 0.8654 0.1232 0.0176 0.0025 0.0004 1.0000 1.0000 0.3146 0.0475 0.0073 0.0011 1.0000 1.0000 1.0000 0.1886 0.0303 0.0049 0.0008 1.0000 1.0000
1.0000 0.0009 0.0056 0.0347 0.2155 1.0000 1.0000 1.0000 0.0012 0.0078 0.0498 0.3225 1.0000 1.0000 0.0004 0.0024 0.0163 0.1122 0.7810 1.0000 1.0000 0.0010 0.0071 0.0504 0.3574 1.0000 1.0000 0.0005 0.0034 0.0243 0.1728 1.0000 1.0000 1.0000 0.0017 0.0118 0.0837 0.5961 1.0000 1.0000 0.0008 0.0057 0.0407 0.2894 1.0000 1.0000 0.0004 0.0028 0.0199 0.1459 0.4809 0.1459 0.0199 0.0028 0.0004 1.0000 1.0000 0.2894 0.0407 0.0057 0.0008 1.0000 1.0000 0.5961 0.0837 0.0118 0.0017 1.0000 1.0000 1.0000 0.1728 0.0243 0.0034 0.0005 1.0000 1.0000 0.3574 0.0504 0.0071 0.0010 1.0000 1.0000 0.7810 0.1122 0.0163 0.0024 0.0004 1.0000 1.0000 0.3225 0.0498 0.0078 0.0012 1.0000 1.0000 1.0000 0.2155 0.0347 0.0056 0.0009 1.0000
0.0008 0.0065 0.0398 0.2471 1.0000 1.0000 1.0000 0.0014 0.0086 0.0543 0.3454 1.0000 1.0000 0.0004 0.0023 0.0156 0.1056 0.7224 1.0000 1.0000 0.0009 0.0063 0.0445 0.3146 1.0000 1.0000 0.0004 0.0030 0.0211 0.1504 1.0000 1.0000 1.0000 0.0014 0.0102 0.0729 0.5189 1.0000 1.0000 0.0007 0.0050 0.0354 0.2519 1.0000 1.0000 0.0003 0.0024 0.0171 0.1234 0.9041 1.0000 0.9041 0.1234 0.0171 0.0024 0.0003 1.0000 1.0000 0.2519 0.0354 0.0050 0.0007 1.0000 1.0000 0.5189 0.0729 0.0102 0.0014 1.0000 1.0000 1.0000 0.1504 0.0211 0.0030 0.0004 1.0000 1.0000 0.3146 0.0445 0.0063 0.0009 1.0000 1.0000 0.7224 0.1056 0.0156 0.0023 0.0004 1.0000 1.0000 0.3454 0.0543 0.0086 0.0014 1.0000 1.0000 1.0000 0.2471 0.0398 0.0065 0.0008
0.0060 0.0465 0.2834 1.0000 1.0000 0.0003 0.0016 0.0097 0.0607 0.3813 1.0000 1.0000 0.0004 0.0024 0.0156 0.1034 0.6928 1.0000 1.0000 0.0008 0.0057 0.0399 0.2797 1.0000 1.0000 0.0004 0.0026 0.0185 0.1312 0.9321 1.0000 1.0000 0.0013 0.0089 0.0634 0.4516 1.0000 1.0000 0.0006 0.0043 0.0308 0.2192 1.0000 1.0000 0.0003 0.0021 0.0149 0.1064 0.7648 1.0000 1.0000 1.0000 0.7648 0.1064 0.0149 0.0021 0.0003 1.0000 1.0000 0.2192 0.0308 0.0043 0.0006 1.0000 1.0000 0.4516 0.0634 0.0089 0.0013 1.0000 1.0000 0.9321 0.1312 0.0185 0.0026 0.0004 1.0000 1.0000 0.2797 0.0399 0.0057 0.0008 1.0000 1.0000 0.6928 0.1034 0.0156 0.0024 0.0004 1.0000 1.0000 0.3813 0.0607 0.0097 0.0016 0.0003 1.0000 1.0000 0.2834 0.0465 0.0060
0.0425 0.3312 1.0000 1.0000 0.0003 0.0018 0.0111 0.0690 0.4298 1.0000 1.0000 0.0004 0.0025 0.0163 0.1056 0.6928 1.0000 1.0000 0.0008 0.0053 0.0365 0.2533 1.0000 1.0000 0.0003 0.0023 0.0162 0.1148 0.8128 1.0000 1.0000 0.0011 0.0078 0.0552 0.3931 1.0000 1.0000 0.0005 0.0038 0.0268 0.1908 1.0000 1.0000 0.0003 0.0018 0.0130 0.0925 0.6581 1.0000 1.0000 0.0004 1.0000 1.0000 0.6581 0.0925 0.0130 0.0018 0.0003 1.0000 1.0000 0.1908 0.0268 0.0038 0.0005 1.0000 1.0000 0.3931 0.0552 0.0078 0.0011 1.0000 1.0000 0.8128 0.1148 0.0162 0.0023 0.0003 1.0000 1.0000 0.2533 0.0365 0.0053 0.0008 1.0000 1.0000 0.6928 0.1056 0.0163 0.0025 0.0004 1.0000 1.0000 0.4298 0.0690 0.0111 0.0018 0.0003 1.0000 1.0000 0.3312 0.0425
0.3029 1.0000 1.0000 0.0003 0.0021 0.0127 0.0790 0.4901 1.0000 1.0000 0.0004 0.0028 0.0176 0.1122 0.7224 1.0000 1.0000 0.0008 0.0051 0.0345 0.2352 1.0000 1.0000 0.0003 0.0020 0.0143 0.1011 0.7142 1.0000 1.0000 0.0010 0.0068 0.0481 0.3421 1.0000 1.0000 0.0005 0.0033 0.0233 0.1661 1.0000 1.0000 1.0000 0.0016 0.0113 0.0805 0.5728 1.0000 1.0000 0.0008 0.0026 0.0008 1.0000 1.0000 0.5728 0.0805 0.0113 0.0016 1.0000 1.0000 1.0000 0.1661 0.0233 0.0033 0.0005 1.0000 1.0000 0.3421 0.0481 0.0068 0.0010 1.0000 1.0000 0.7142 0.1011 0.0143 0.0020 0.0003 1.0000 1.0000 0.2352 0.0345 0.0051 0.0008 1.0000 1.0000 0.7224 0.1122 0.0176 0.0028 0.0004 1.0000 1.0000 0.4901 0.0790 0.0127 0.0021 0.0003 1.0000 1.0000 0.3029
1.0000 1.0000 0.0004 0.0024 0.0146 0.0907 0.5620 1.0000 1.0000 0.0005 0.0031 0.0196 0.1232 0.7810 1.0000 1.0000 0.0008 0.0051 0.0338 0.2269 1.0000 1.0000 0.0003 0.0019 0.0129 0.0904 0.6347 1.0000 1.0000 0.0008 0.0059 0.0420 0.2983 1.0000 1.0000 0.0004 0.0029 0.0203 0.1445 1.0000 1.0000 1.0000 0.0014 0.0098 0.0700 0.4985 1.0000 1.0000 0.0007 0.0050 0.0163 0.0050 0.0007 1.0000 1.0000 0.4985 0.0700 0.0098 0.0014 1.0000 1.0000 1.0000 0.1445 0.0203 0.0029 0.0004 1.0000 1.0000 0.2983 0.0420 0.0059 0.0008 1.0000 1.0000 0.6347 0.0904 0.0129 0.0019 0.0003 1.0000 1.0000 0.2269 0.0338 0.0051 0.0008 1.0000 1.0000 0.7810 0.1232 0.0196 0.0031 0.0005 1.0000 1.0000 0.5620 0.0907 0.0146 0.0024 0.0004 1.0000 1.0000
1.0000 0.0004 0.0027 0.0168 0.1042 0.6457 1.0000 1.0000 0.0006 0.0036 0.0221 0.1384 0.8654 1.0000 1.0000 0.0008 0.0053 0.0345 0.2269 1.0000 1.0000 0.0003 0.0017 0.0119 0.0820 0.5717 1.0000 1.0000 0.0007 0.0052 0.0368 0.2611 1.0000 1.0000 0.0003 0.0025 0.0177 0.1258 0.8956 1.0000 1.0000 0.0012 0.0086 0.0610 0.4339 1.0000 1.0000 0.0006 0.0042 0.0307 0.1015 0.0307 0.0042 0.0006 1.0000 1.0000 0.4339 0.0610 0.0086 0.0012 1.0000 1.0000 0.8956 0.1258 0.0177 0.0025 0.0003 1.0000 1.0000 0.2611 0.0368 0.0052 0.0007 1.0000 1.0000 0.5717 0.0820 0.0119 0.0017 0.0003 1.0000 1.0000 0.2269 0.0345 0.0053 0.0008 1.0000 1.0000 0.8654 0.1384 0.0221 0.0036 0.0006 1.0000 1.0000 0.6457 0.1042 0.0168 0.0027 0.0004 1.0000
0.0004 0.0032 0.0193 0.1197 0.7419 1.0000 1.0000 0.0007 0.0041 0.0253 0.1572 0.9774 1.0000 1.0000 0.0009 0.0057 0.0365 0.2352 1.0000 1.0000 0.0002 0.0017 0.0112 0.0766 0.5258 1.0000 1.0000 0.0007 0.0046 0.0325 0.2299 1.0000 1.0000 0.0003 0.0022 0.0154 0.1095 0.7795 1.0000 1.0000 0.0010 0.0075 0.0531 0.3777 1.0000 1.0000 0.0005 0.0036 0.0260 0.1904 0.6275 0.1904 0.0260 0.0036 0.0005 1.0000 1.0000 0.3777 0.0531 0.0075 0.0010 1.0000 1.0000 0.7795 0.1095 0.0154 0.0022 0.0003 1.0000 1.0000 0.2299 0.0325 0.0046 0.0007 1.0000 1.0000 0.5258 0.0766 0.0112 0.0017 0.0002 1.0000 1.0000 0.2352 0.0365 0.0057 0.0009 1.0000 1.0000 0.9774 0.1572 0.0253 0.0041 0.0007 1.0000 1.0000 0.7419 0.1197 0.0193 0.0032 0.0004
0.0029 0.0226 0.1376 0.8524 1.0000 1.0000 0.0008 0.0047 0.0290 0.1799 1.0000 1.0000 1.0000 0.0010 0.0063 0.0399 0.2533 1.0000 1.0000 0.0003 0.0017 0.0110 0.0739 0.4985 1.0000 1.0000 0.0006 0.0042 0.0291 0.2043 1.0000 1.0000 0.0003 0.0019 0.0134 0.0955 0.6784 1.0000 1.0000 0.0009 0.0065 0.0462 0.3287 1.0000 1.0000 0.0004 0.0031 0.0224 0.1611 1.0000 1.0000 1.0000 0.1611 0.0224 0.0031 0.0004 1.0000 1.0000 0.3287 0.0462 0.0065 0.0009 1.0000 1.0000 0.6784 0.0955 0.0134 0.0019 0.0003 1.0000 1.0000 0.2043 0.0291 0.0042 0.0006 1.0000 1.0000 0.4985 0.0739 0.0110 0.0017 0.0003 1.0000 1.0000 0.2533 0.0399 0.0063 0.0010 1.0000 1.0000 1.0000 0.1799 0.0290 0.0047 0.0008 1.0000 1.0000 0.8524 0.1376 0.0226 0.0029
0.0206 0.1605 0.9793 1.0000 1.0000 0.0009 0.0054 0.0334 0.2067 1.0000 1.0000 1.0000 0.0011 0.0071 0.0445 0.2797 1.0000 1.0000 0.0003 0.0017 0.0112 0.0739 0.4892 1.0000 1.0000 0.0006 0.0038 0.0266 0.1847 1.0000 1.0000 0.0002 0.0017 0.0118 0.0836 0.5927 1.0000 1.0000 0.0008 0.0056 0.0402 0.2861 1.0000 1.0000 0.0004 0.0027 0.0195 0.1389 0.9981 1.0000 1.0000 1.0000 0.9981 0.1389 0.0195 0.0027 0.0004 1.0000 1.0000 0.2861 0.0402 0.0056 0.0008 1.0000 1.0000 0.5927 0.0836 0.0118 0.0017 0.0002 1.0000 1.0000 0.1847 0.0266 0.0038 0.0006 1.0000 1.0000 0.4892 0.0739 0.0112 0.0017 0.0003 1.0000 1.0000 0.2797 0.0445 0.0071 0.0011 1.0000 1.0000 1.0000 0.2067 0.0334 0.0054 0.0009 1.0000 1.0000 0.9793 0.1605 0.0206
0.1468 1.0000 1.0000 1.0000 0.0010 0.0062 0.0383 0.2375 1.0000 1.0000 1.0000 0.0013 0.0081 0.0504 0.3146 1.0000 1.0000 0.0003 0.0019 0.0119 0.0766 0.4985 1.0000 1.0000 0.0005 0.0037 0.0248 0.1702 1.0000 1.0000 1.0000 0.0015 0.0105 0.0737 0.5208 1.0000 1.0000 0.0007 0.0049 0.0350 0.2490 1.0000 1.0000 0.0003 0.0024 0.0170 0.1209 0.8605 1.0000 1.0000 0.0006 1.0000 1.0000 0.8605 0.1209 0.0170 0.0024 0.0003 1.0000 1.0000 0.2490 0.0350 0.0049 0.0007 1.0000 1.0000 0.5208 0.0737 0.0105 0.0015 1.0000 1.0000 1.0000 0.1702 0.0248 0.0037 0.0005 1.0000 1.0000 0.4985 0.0766 0.0119 0.0019 0.0003 1.0000 1.0000 0.3146 0.0504 0.0081 0.0013 1.0000 1.0000 1.0000 0.2375 0.0383 0.0062 0.0010 1.0000 1.0000 1.0000 0.1468
1.0000 1.0000 1.0000 0.0011 0.0071 0.0440 0.2728 1.0000 1.0000 0.0002 0.0015 0.0093 0.0576 0.3574 1.0000 1.0000 0.0003 0.0020 0.0129 0.0820 0.5258 1.0000 1.0000 0.0005 0.0036 0.0240 0.1620 1.0000 1.0000 1.0000 0.0013 0.0094 0.0658 0.4620 1.0000 1.0000 0.0006 0.0043 0.0306 0.2172 1.0000 1.0000 0.0003 0.0021 0.0148 0.1052 0.7490 1.0000 1.0000 0.0010 0.0035 0.0010 1.0000 1.0000 0.7490 0.1052 0.0148 0.0021 0.0003 1.0000 1.0000 0.2172 0.0306 0.0043 0.0006 1.0000 1.0000 0.4620 0.0658 0.0094 0.0013 1.0000 1.0000 1.0000 0.1620 0.0240 0.0036 0.0005 1.0000 1.0000 0.5258 0.0820 0.0129 0.0020 0.0003 1.0000 1.0000 0.3574 0.0576 0.0093 0.0015 0.0002 1.0000 1.0000 0.2728 0.0440 0.0071 0.0011 1.0000 1.0000 1.0000
1.0000 1.0000 0.0013 0.0082 0.0506 0.3135 1.0000 1.0000 0.0003 0.0017 0.0107 0.0660 0.4091 1.0000 1.0000 0.0004 0.0023 0.0143 0.0904 0.5717 1.0000 1.0000 0.0006 0.0037 0.0240 0.1593 1.0000 1.0000 1.0000 0.0012 0.0086 0.0597 0.4153 1.0000 1.0000 0.0005 0.0038 0.0268 0.1901 1.0000 1.0000 0.0003 0.0018 0.0129 0.0916 0.6519 1.0000 1.0000 0.0009 0.0065 0.0214 0.0065 0.0009 1.0000 1.0000 0.6519 0.0916 0.0129 0.0018 0.0003 1.0000 1.0000 0.1901 0.0268 0.0038 0.0005 1.0000 1.0000 0.4153 0.0597 0.0086 0.0012 1.0000 1.0000 1.0000 0.1593 0.0240 0.0037 0.0006 1.0000 1.0000 0.5717 0.0904 0.0143 0.0023 0.0004 1.0000 1.0000 0.4091 0.0660 0.0107 0.0017 0.0003 1.0000 1.0000 0.3135 0.0506 0.0082 0.0013 1.0000 1.0000
0.0002 0.0015 0.0094 0.0581 0.3601 1.0000 1.0000 0.0003 0.0020 0.0122 0.0759 0.4700 1.0000 1.0000 0.0004 0.0026 0.0162 0.1011 0.6347 1.0000 1.0000 0.0006 0.0038 0.0248 0.1620 1.0000 1.0000 1.0000 0.0012 0.0081 0.0552 0.3806 1.0000 1.0000 0.0005 0.0034 0.0237 0.1673 1.0000 1.0000 1.0000 0.0016 0.0112 0.0797 0.5674 1.0000 1.0000 0.0008 0.0055 0.0402 0.1324 0.0402 0.0055 0.0008 1.0000 1.0000 0.5674 0.0797 0.0112 0.0016 1.0000 1.0000 1.0000 0.1673 0.0237 0.0034 0.0005 1.0000 1.0000 0.3806 0.0552 0.0081 0.0012 1.0000 1.0000 1.0000 0.1620 0.0248 0.0038 0.0006 1.0000 1.0000 0.6347 0.1011 0.0162 0.0026 0.0004 1.0000 1.0000 0.4700 0.0759 0.0122 0.0020 0.0003 1.0000 1.0000 0.3601 0.0581 0.0094 0.0015 0.0002
0.0014 0.0109 0.0667 0.4138 1.0000 1.0000 0.0004 0.0023 0.0141 0.0872 0.5400 1.0000 1.0000 0.0005 0.0030 0.0185 0.1148 0.7142 1.0000 1.0000 0.0007 0.0042 0.0266 0.1702 1.0000 1.0000 1.0000 0.0012 0.0078 0.0527 0.3574 1.0000 1.0000 0.0004 0.0030 0.0212 0.1487 1.0000 1.0000 1.0000 0.0014 0.0098 0.0695 0.4938 1.0000 1.0000 0.0007 0.0047 0.0340 0.2490 0.8205 0.2490 0.0340 0.0047 0.0007 1.0000 1.0000 0.4938 0.0695 0.0098 0.0014 1.0000 1.0000 1.0000 0.1487 0.0212 0.0030 0.0004 1.0000 1.0000 0.3574 0.0527 0.0078 0.0012 1.0000 1.0000 1.0000 0.1702 0.0266 0.0042 0.0007 1.0000 1.0000 0.7142 0.1148 0.0185 0.0030 0.0005 1.0000 1.0000 0.5400 0.0872 0.0141 0.0023 0.0004 1.0000 1.0000 0.4138 0.0667 0.0109 0.0014
0.0100 0.0779 0.4745 1.0000 1.0000 0.0004 0.0026 0.0162 0.1001 0.6204 1.0000 1.0000 0.0006 0.0034 0.0211 0.1312 0.8128 1.0000 1.0000 0.0007 0.0046 0.0291 0.1847 1.0000 1.0000 1.0000 0.0012 0.0078 0.0518 0.3460 1.0000 1.0000 0.0004 0.0028 0.0192 0.1340 0.9374 1.0000 1.0000 0.0012 0.0086 0.0608 0.4315 1.0000 1.0000 0.0006 0.0041 0.0293 0.2106 1.0000 1.0000 1.0000 0.2106 0.0293 0.0041 0.0006 1.0000 1.0000 0.4315 0.0608 0.0086 0.0012 1.0000 1.0000 0.9374 0.1340 0.0192 0.0028 0.0004 1.0000 1.0000 0.3460 0.0518 0.0078 0.0012 1.0000 1.0000 1.0000 0.1847 0.0291 0.0046 0.0007 1.0000 1.0000 0.8128 0.1312 0.0211 0.0034 0.0006 1.0000 1.0000 0.6204 0.1001 0.0162 0.0026 0.0004 1.0000 1.0000 0.4745 0.0779 0.0100
0.0712 0.5546 1.0000 1.0000 0.0005 0.0030 0.0186 0.1151 0.7128 1.0000 1.0000 0.0006 0.0039 0.0243 0.1504 0.9321 1.0000 1.0000 0.0008 0.0052 0.0325 0.2043 1.0000 1.0000 1.0000 0.0012 0.0081 0.0527 0.3460 1.0000 1.0000 0.0004 0.0026 0.0179 0.1230 0.8507 1.0000 1.0000 0.0011 0.0076 0.0537 0.3791 1.0000 1.0000 0.0005 0.0036 0.0255 0.1816 1.0000 1.0000 1.0000 1.0000 1.0000 0.1816 0.0255 0.0036 0.0005 1.0000 1.0000 0.3791 0.0537 0.0076 0.0011 1.0000 1.0000 0.8507 0.1230 0.0179 0.0026 0.0004 1.0000 1.0000 0.3460 0.0527 0.0081 0.0012 1.0000 1.0000 1.0000 0.2043 0.0325 0.0052 0.0008 1.0000 1.0000 0.9321 0.1504 0.0243 0.0039 0.0006 1.0000 1.0000 0.7128 0.1151 0.0186 0.0030 0.0005 1.0000 1.0000 0.5546 0.0712
0.5062 1.0000 1.0000 0.0006 0.0034 0.0213 0.1322 0.8190 1.0000 1.0000 0.0007 0.0045 0.0279 0.1728 1.0000 1.0000 1.0000 0.0010 0.0059 0.0368 0.2299 1.0000 1.0000 1.0000 0.0013 0.0086 0.0552 0.3574 1.0000 1.0000 0.0004 0.0025 0.0171 0.1159 0.7914 1.0000 1.0000 0.0010 0.0068 0.0478 0.3363 1.0000 1.0000 0.0004 0.0031 0.0222 0.1581 1.0000 1.0000 1.0000 0.0007 1.0000 1.0000 1.0000 0.1581 0.0222 0.0031 0.0004 1.0000 1.0000 0.3363 0.0478 0.0068 0.0010 1.0000 1.0000 0.7914 0.1159 0.0171 0.0025 0.0004 1.0000 1.0000 0.3574 0.0552 0.0086 0.0013 1.0000 1.0000 1.0000 0.2299 0.0368 0.0059 0.0010 1.0000 1.0000 1.0000 0.1728 0.0279 0.0045 0.0007 1.0000 1.0000 0.8190 0.1322 0.0213 0.0034 0.0006 1.0000 1.0000 0.5062
1.0000 1.0000 0.0006 0.0040 0.0245 0.1519 0.9410 1.0000 1.0000 0.0008 0.0052 0.0321 0.1986 1.0000 1.0000 1.0000 0.0011 0.0068 0.0420 0.2611 1.0000 1.0000 0.0002 0.0015 0.0094 0.0597 0.3806 1.0000 1.0000 0.0004 0.0025 0.0168 0.1122 0.7561 1.0000 1.0000 0.0009 0.0062 0.0432 0.3018 1.0000 1.0000 0.0004 0.0028 0.0195 0.1381 0.9812 1.0000 1.0000 0.0014 0.0045 0.0014 1.0000 1.0000 0.9812 0.1381 0.0195 0.0028 0.0004 1.0000 1.0000 0.3018 0.0432 0.0062 0.0009 1.0000 1.0000 0.7561 0.1122 0.0168 0.0025 0.0004 1.0000 1.0000 0.3806 0.0597 0.0094 0.0015 0.0002 1.0000 1.0000 0.2611 0.0420 0.0068 0.0011 1.0000 1.0000 1.0000 0.1986 0.0321 0.0052 0.0008 1.0000 1.0000 0.9410 0.1519 0.0245 0.0040 0.0006 1.0000 1.0000
1.0000 0.0007 0.0045 0.0282 0.1745 1.0000 1.0000 1.0000 0.0010 0.0059 0.0368 0.2282 1.0000 1.0000 1.0000 0.0013 0.0078 0.0481 0.2983 1.0000 1.0000 0.0003 0.0017 0.0105 0.0658 0.4153 1.0000 1.0000 0.0004 0.0026 0.0171 0.1122 0.7447 1.0000 1.0000 0.0008 0.0058 0.0397 0.2749 1.0000 1.0000 0.0003 0.0024 0.0172 0.1216 0.8605 1.0000 1.0000 0.0012 0.0085 0.0280 0.0085 0.0012 1.0000 1.0000 0.8605 0.1216 0.0172 0.0024 0.0003 1.0000 1.0000 0.2749 0.0397 0.0058 0.0008 1.0000 1.0000 0.7447 0.1122 0.0171 0.0026 0.0004 1.0000 1.0000 0.4153 0.0658 0.0105 0.0017 0.0003 1.0000 1.0000 0.2983 0.0481 0.0078 0.0013 1.0000 1.0000 1.0000 0.2282 0.0368 0.0059 0.0010 1.0000 1.0000 1.0000 0.1745 0.0282 0.0045 0.0007 1.0000
0.0007 0.0053 0.0324 0.2005 1.0000 1.0000 1.0000 0.0011 0.0068 0.0423 0.2621 1.0000 1.0000 1.0000 0.0014 0.0089 0.0552 0.3421 1.0000 1.0000 0.0003 0.0019 0.0118 0.0737 0.4620 1.0000 1.0000 0.0004 0.0028 0.0179 0.1159 0.7561 1.0000 1.0000 0.0008 0.0055 0.0375 0.2557 1.0000 1.0000 0.0003 0.0022 0.0154 0.1081 0.7604 1.0000 1.0000 0.0010 0.0072 0.0527 0.1738 0.0527 0.0072 0.0010 1.0000 1.0000 0.7604 0.1081 0.0154 0.0022 0.0003 1.0000 1.0000 0.2557 0.0375 0.0055 0.0008 1.0000 1.0000 0.7561 0.1159 0.0179 0.0028 0.0004 1.0000 1.0000 0.4620 0.0737 0.0118 0.0019 0.0003 1.0000 1.0000 0.3421 0.0552 0.0089 0.0014 1.0000 1.0000 1.0000 0.2621 0.0423 0.0068 0.0011 1.0000 1.0000 1.0000 0.2005 0.0324 0.0053 0.0007
0.0048 0.0377 0.2303 1.0000 1.0000 1.0000 0.0013 0.0078 0.0486 0.3012 1.0000 1.0000 0.0003 0.0017 0.0102 0.0634 0.3931 1.0000 1.0000 0.0003 0.0022 0.0134 0.0836 0.5208 1.0000 1.0000 0.0005 0.0030 0.0192 0.1230 0.7914 1.0000 1.0000 0.0008 0.0054 0.0363 0.2448 1.0000 1.0000 0.0003 0.0020 0.0139 0.0970 0.6784 1.0000 1.0000 0.0009 0.0063 0.0448 0.3275 1.0000 0.3275 0.0448 0.0063 0.0009 1.0000 1.0000 0.6784 0.0970 0.0139 0.0020 0.0003 1.0000 1.0000 0.2448 0.0363 0.0054 0.0008 1.0000 1.0000 0.7914 0.1230 0.0192 0.0030 0.0005 1.0000 1.0000 0.5208 0.0836 0.0134 0.0022 0.0003 1.0000 1.0000 0.3931 0.0634 0.0102 0.0017 0.0003 1.0000 1.0000 0.3012 0.0486 0.0078 0.0013 1.0000 1.0000 1.0000 0.2303 0.0377 0.0048
0.0345 0.2692 1.0000 1.0000 1.0000 0.0015 0.0090 0.0559 0.3460 1.0000 1.0000 0.0003 0.0019 0.0118 0.0729 0.4516 1.0000 1.0000 0.0004 0.0025 0.0154 0.0955 0.5927 1.0000 1.0000 0.0005 0.0034 0.0212 0.1340 0.8507 1.0000 1.0000 0.0008 0.0055 0.0363 0.2411 1.0000 1.0000 0.0003 0.0019 0.0128 0.0887 0.6157 1.0000 1.0000 0.0008 0.0055 0.0391 0.2791 1.0000 1.0000 1.0000 0.2791 0.0391 0.0055 0.0008 1.0000 1.0000 0.6157 0.0887 0.0128 0.0019 0.0003 1.0000 1.0000 0.2411 0.0363 0.0055 0.0008 1.0000 1.0000 0.8507 0.1340 0.0212 0.0034 0.0005 1.0000 1.0000 0.5927 0.0955 0.0154 0.0025 0.0004 1.0000 1.0000 0.4516 0.0729 0.0118 0.0019 0.0003 1.0000 1.0000 0.3460 0.0559 0.0090 0.0015 1.0000 1.0000 1.0000 0.2692 0.0345
0.2457 1.0000 1.0000 0.0003 0.0017 0.0104 0.0642 0.3976 1.0000 1.0000 0.0004 0.0022 0.0135 0.0837 0.5189 1.0000 1.0000 0.0005 0.0029 0.0177 0.1095 0.6784 1.0000 1.0000 0.0006 0.0038 0.0237 0.1487 0.9374 1.0000 1.0000 0.0009 0.0058 0.0375 0.2448 1.0000 1.0000 0.0003 0.0018 0.0121 0.0828 0.5685 1.0000 1.0000 0.0007 0.0049 0.0347 0.2443 1.0000 1.0000 1.0000 1.0000 1.0000 0.2443 0.0347 0.0049 0.0007 1.0000 1.0000 0.5685 0.0828 0.0121 0.0018 0.0003 1.0000 1.0000 0.2448 0.0375 0.0058 0.0009 1.0000 1.0000 0.9374 0.1487 0.0237 0.0038 0.0006 1.0000 1.0000 0.6784 0.1095 0.0177 0.0029 0.0005 1.0000 1.0000 0.5189 0.0837 0.0135 0.0022 0.0004 1.0000 1.0000 0.3976 0.0642 0.0104 0.0017 0.0003 1.0000 1.0000 0.2457
1.0000 1.0000 0.0003 0.0019 0.0119 0.0737 0.4568 1.0000 1.0000 0.0004 0.0025 0.0155 0.0962 0.5961 1.0000 1.0000 0.0005 0.0033 0.0203 0.1258 0.7795 1.0000 1.0000 0.0007 0.0043 0.0268 0.1673 1.0000 1.0000 1.0000 0.0010 0.0062 0.0397 0.2557 1.0000 1.0000 0.0003 0.0018 0.0118 0.0791 0.5369 1.0000 1.0000 0.0006 0.0045 0.0312 0.2184 1.0000 1.0000 0.0003 0.0010 0.0003 1.0000 1.0000 0.2184 0.0312 0.0045 0.0006 1.0000 1.0000 0.5369 0.0791 0.0118 0.0018 0.0003 1.0000 1.0000 0.2557 0.0397 0.0062 0.0010 1.0000 1.0000 1.0000 0.1673 0.0268 0.0043 0.0007 1.0000 1.0000 0.7795 0.1258 0.0203 0.0033 0.0005 1.0000 1.0000 0.5961 0.0962 0.0155 0.0025 0.0004 1.0000 1.0000 0.4568 0.0737 0.0119 0.0019 0.0003 1.0000 1.0000
1.0000 0.0004 0.0022 0.0137 0.0847 0.5248 1.0000 1.0000 0.0005 0.0029 0.0178 0.1105 0.6849 1.0000 1.0000 0.0006 0.0038 0.0233 0.1445 0.8956 1.0000 1.0000 0.0008 0.0049 0.0306 0.1901 1.0000 1.0000 1.0000 0.0011 0.0068 0.0432 0.2749 1.0000 1.0000 0.0003 0.0018 0.0118 0.0779 0.5208 1.0000 1.0000 0.0006 0.0041 0.0286 0.1982 1.0000 1.0000 0.0003 0.0018 0.0061 0.0018 0.0003 1.0000 1.0000 0.1982 0.0286 0.0041 0.0006 1.0000 1.0000 0.5208 0.0779 0.0118 0.0018 0.0003 1.0000 1.0000 0.2749 0.0432 0.0068 0.0011 1.0000 1.0000 1.0000 0.1901 0.0306 0.0049 0.0008 1.0000 1.0000 0.8956 0.1445 0.0233 0.0038 0.0006 1.0000 1.0000 0.6849 0.1105 0.0178 0.0029 0.0005 1.0000 1.0000 0.5248 0.0847 0.0137 0.0022 0.0004 1.0000
0.0003 0.0026 0.0157 0.0973 0.6030 1.0000 1.0000 0.0005 0.0033 0.0205 0.1270 0.7869 1.0000 1.0000 0.0007 0.0043 0.0268 0.1661 1.0000 1.0000 1.0000 0.0009 0.0056 0.0350 0.2172 1.0000 1.0000 1.0000 0.0012 0.0076 0.0478 0.3018 1.0000 1.0000 0.0003 0.0019 0.0121 0.0791 0.5208 1.0000 1.0000 0.0006 0.0039 0.0267 0.1830 1.0000 1.0000 1.0000 0.0016 0.0116 0.0381 0.0116 0.0016 1.0000 1.0000 1.0000 0.1830 0.0267 0.0039 0.0006 1.0000 1.0000 0.5208 0.0791 0.0121 0.0019 0.0003 1.0000 1.0000 0.3018 0.0478 0.0076 0.0012 1.0000 1.0000 1.0000 0.2172 0.0350 0.0056 0.0009 1.0000 1.0000 1.0000 0.1661 0.0268 0.0043 0.0007 1.0000 1.0000 0.7869 0.1270 0.0205 0.0033 0.0005 1.0000 1.0000 0.6030 0.0973 0.0157 0.0026 0.0003
0.0023 0.0183 0.1116 0.6928 1.0000 1.0000 0.0006 0.0038 0.0236 0.1459 0.9041 1.0000 1.0000 0.0008 0.0050 0.0308 0.1908 1.0000 1.0000 1.0000 0.0010 0.0065 0.0402 0.2490 1.0000 1.0000 1.0000 0.0014 0.0086 0.0537 0.3363 1.0000 1.0000 0.0003 0.0020 0.0128 0.0828 0.5369 1.0000 1.0000 0.0006 0.0038 0.0256 0.1735 1.0000 1.0000 1.0000 0.0014 0.0102 0.0732 0.2402 0.0732 0.0102 0.0014 1.0000 1.0000 1.0000 0.1735 0.0256 0.0038 0.0006 1.0000 1.0000 0.5369 0.0828 0.0128 0.0020 0.0003 1.0000 1.0000 0.3363 0.0537 0.0086 0.0014 1.0000 1.0000 1.0000 0.2490 0.0402 0.0065 0.0010 1.0000 1.0000 1.0000 0.1908 0.0308 0.0050 0.0008 1.0000 1.0000 0.9041 0.1459 0.0236 0.0038 0.0006 1.0000 1.0000 0.6928 0.1116 0.0183 0.0023
0.0168 0.1304 0.7944 1.0000 1.0000 0.0007 0.0044 0.0271 0.1677 1.0000 1.0000 1.0000 0.0009 0.0057 0.0354 0.2192 1.0000 1.0000 1.0000 0.0012 0.0075 0.0462 0.2861 1.0000 1.0000 0.0003 0.0016 0.0098 0.0608 0.3791 1.0000 1.0000 0.0003 0.0022 0.0139 0.0887 0.5685 1.0000 1.0000 0.0006 0.0038 0.0252 0.1683 1.0000 1.0000 1.0000 0.0013 0.0092 0.0645 0.4629 1.0000 0.4629 0.0645 0.0092 0.0013 1.0000 1.0000 1.0000 0.1683 0.0252 0.0038 0.0006 1.0000 1.0000 0.5685 0.0887 0.0139 0.0022 0.0003 1.0000 1.0000 0.3791 0.0608 0.0098 0.0016 0.0003 1.0000 1.0000 0.2861 0.0462 0.0075 0.0012 1.0000 1.0000 1.0000 0.2192 0.0354 0.0057 0.0009 1.0000 1.0000 1.0000 0.1677 0.0271 0.0044 0.0007 1.0000 1.0000 0.7944 0.1304 0.0168
0.1191 0.9285 1.0000 1.0000 0.0008 0.0050 0.0311 0.1926 1.0000 1.0000 1.0000 0.0011 0.0066 0.0407 0.2519 1.0000 1.0000 1.0000 0.0014 0.0086 0.0531 0.3287 1.0000 1.0000 0.0003 0.0018 0.0112 0.0695 0.4315 1.0000 1.0000 0.0004 0.0024 0.0154 0.0970 0.6157 1.0000 1.0000 0.0006 0.0039 0.0256 0.1683 1.0000 1.0000 1.0000 0.0013 0.0086 0.0591 0.4114 1.0000 1.0000 1.0000 0.4114 0.0591 0.0086 0.0013 1.0000 1.0000 1.0000 0.1683 0.0256 0.0039 0.0006 1.0000 1.0000 0.6157 0.0970 0.0154 0.0024 0.0004 1.0000 1.0000 0.4315 0.0695 0.0112 0.0018 0.0003 1.0000 1.0000 0.3287 0.0531 0.0086 0.0014 1.0000 1.0000 1.0000 0.2519 0.0407 0.0066 0.0011 1.0000 1.0000 1.0000 0.1926 0.0311 0.0050 0.0008 1.0000 1.0000 0.9285 0.1191
0.8491 1.0000 1.0000 0.0009 0.0058 0.0357 0.2213 1.0000 1.0000 1.0000 0.0012 0.0075 0.0467 0.2894 1.0000 1.0000 0.0003 0.0016 0.0098 0.0610 0.3777 1.0000 1.0000 0.0003 0.0021 0.0129 0.0797 0.4938 1.0000 1.0000 0.0004 0.0028 0.0172 0.1081 0.6784 1.0000 1.0000 0.0006 0.0041 0.0267 0.1735 1.0000 1.0000 1.0000 0.0012 0.0083 0.0561 0.3820 1.0000 1.0000 1.0000 1.0000 1.0000 0.3820 0.0561 0.0083 0.0012 1.0000 1.0000 1.0000 0.1735 0.0267 0.0041 0.0006 1.0000 1.0000 0.6784 0.1081 0.0172 0.0028 0.0004 1.0000 1.0000 0.4938 0.0797 0.0129 0.0021 0.0003 1.0000 1.0000 0.3777 0.0610 0.0098 0.0016 0.0003 1.0000 1.0000 0.2894 0.0467 0.0075 0.0012 1.0000 1.0000 1.0000 0.2213 0.0357 0.0058 0.0009 1.0000 1.0000 0.8491
1.0000 1.0000 0.0011 0.0066 0.0410 0.2543 1.0000 1.0000 1.0000 0.0014 0.0087 0.0537 0.3325 1.0000 1.0000 0.0003 0.0018 0.0113 0.0700 0.4339 1.0000 1.0000 0.0004 0.0024 0.0148 0.0916 0.5674 1.0000 1.0000 0.0005 0.0031 0.0195 0.1216 0.7604 1.0000 1.0000 0.0007 0.0045 0.0286 0.1830 1.0000 1.0000 1.0000 0.0012 0.0082 0.0545 0.3664 1.0000 1.0000 0.0005 0.0015 0.0005 1.0000 1.0000 0.3664 0.0545 0.0082 0.0012 1.0000 1.0000 1.0000 0.1830 0.0286 0.0045 0.0007 1.0000 1.0000 0.7604 0.1216 0.0195 0.0031 0.0005 1.0000 1.0000 0.5674 0.0916 0.0148 0.0024 0.0004 1.0000 1.0000 0.4339 0.0700 0.0113 0.0018 0.0003 1.0000 1.0000 0.3325 0.0537 0.0087 0.0014 1.0000 1.0000 1.0000 0.2543 0.0410 0.0066 0.0011 1.0000 1.0000
1.0000 0.0012 0.0076 0.0472 0.2922 1.0000 1.0000 0.0003 0.0016 0.0100 0.0617 0.3820 1.0000 1.0000 0.0003 0.0021 0.0130 0.0805 0.4985 1.0000 1.0000 0.0004 0.0027 0.0170 0.1052 0.6519 1.0000 1.0000 0.0006 0.0036 0.0222 0.1381 0.8605 1.0000 1.0000 0.0008 0.0049 0.0312 0.1982 1.0000 1.0000 1.0000 0.0013 0.0083 0.0545 0.3608 1.0000 1.0000 0.0004 0.0029 0.0094 0.0029 0.0004 1.0000 1.0000 0.3608 0.0545 0.0083 0.0013 1.0000 1.0000 1.0000 0.1982 0.0312 0.0049 0.0008 1.0000 1.0000 0.8605 0.1381 0.0222 0.0036 0.0006 1.0000 1.0000 0.6519 0.1052 0.0170 0.0027 0.0004 1.0000 1.0000 0.4985 0.0805 0.0130 0.0021 0.0003 1.0000 1.0000 0.3820 0.0617 0.0100 0.0016 0.0003 1.0000 1.0000 0.2922 0.0472 0.0076 0.0012 1.0000
0.0011 0.0089 0.0542 0.3357 1.0000 1.0000 0.0003 0.0018 0.0114 0.0708 0.4389 1.0000 1.0000 0.0004 0.0024 0.0149 0.0925 0.5728 1.0000 1.0000 0.0005 0.0031 0.0195 0.1209 0.7490 1.0000 1.0000 0.0007 0.0041 0.0255 0.1581 0.9812 1.0000 1.0000 0.0009 0.0055 0.0347 0.2184 1.0000 1.0000 1.0000 0.0013 0.0086 0.0561 0.3664 1.0000 1.0000 0.0004 0.0027 0.0189 0.0612 0.0189 0.0027 0.0004 1.0000 1.0000 0.3664 0.0561 0.0086 0.0013 1.0000 1.0000 1.0000 0.2184 0.0347 0.0055 0.0009 1.0000 1.0000 0.9812 0.1581 0.0255 0.0041 0.0007 1.0000 1.0000 0.7490 0.1209 0.0195 0.0031 0.0005 1.0000 1.0000 0.5728 0.0925 0.0149 0.0024 0.0004 1.0000 1.0000 0.4389 0.0708 0.0114 0.0018 0.0003 1.0000 1.0000 0.3357 0.0542 0.0089 0.0011
0.0081 0.0633 0.3857 1.0000 1.0000 0.0003 0.0021 0.0131 0.0814 0.5043 1.0000 1.0000 0.0004 0.0028 0.0171 0.1062 0.6581 1.0000 1.0000 0.0006 0.0036 0.0224 0.1389 0.8605 1.0000 1.0000 0.0008 0.0047 0.0293 0.1813 1.0000 1.0000 1.0000 0.0010 0.0062 0.0390 0.2439 1.0000 1.0000 1.0000 0.0014 0.0092 0.0591 0.3820 1.0000 1.0000 0.0004 0.0026 0.0178 0.1237 0.3998 0.1237 0.0178 0.0026 0.0004 1.0000 1.0000 0.3820 0.0591 0.0092 0.0014 1.0000 1.0000 1.0000 0.2443 0.0391 0.0063 0.0010 1.0000 1.0000 1.0000 0.1816 0.0293 0.0047 0.0008 1.0000 1.0000 0.8605 0.1389 0.0224 0.0036 0.0006 1.0000 1.0000 0.6581 0.1064 0.0171 0.0028 0.0004 1.0000 1.0000 0.5043 0.0814 0.0131 0.0021 0.0003 1.0000 1.0000 0.3857 0.0633 0.0081
0.0578 0.4499 1.0000 1.0000 0.0004 0.0024 0.0151 0.0935 0.5794 1.0000 1.0000 0.0005 0.0032 0.0197 0.1220 0.7561 1.0000 1.0000 0.0007 0.0042 0.0258 0.1596 0.9887 1.0000 1.0000 0.0009 0.0054 0.0336 0.2083 1.0000 1.0000 1.0000 0.0011 0.0071 0.0442 0.2760 1.0000 1.0000 0.0003 0.0016 0.0100 0.0637 0.4068 1.0000 1.0000 0.0004 0.0027 0.0176 0.1179 0.8143 1.0000 0.8237 0.1195 0.0178 0.0027 0.0004 1.0000 1.0000 0.4114 0.0645 0.0102 0.0016 0.0003 1.0000 1.0000 0.2791 0.0448 0.0072 0.0012 1.0000 1.0000 1.0000 0.2106 0.0340 0.0055 0.0009 1.0000 1.0000 0.9981 0.1611 0.0260 0.0042 0.0007 1.0000 1.0000 0.7648 0.1234 0.0199 0.0032 0.0005 1.0000 1.0000 0.5849 0.0944 0.0152 0.0025 0.0004 1.0000 1.0000 0.4542 0.0581
0.4114 1.0000 1.0000 0.0005 0.0028 0.0173 0.1074 0.6657 1.0000 1.0000 0.0006 0.0037 0.0226 0.1402 0.8687 1.0000 1.0000 0.0008 0.0048 0.0296 0.1833 1.0000 1.0000 1.0000 0.0010 0.0062 0.0386 0.2393 1.0000 1.0000 1.0000 0.0013 0.0082 0.0506 0.3141 1.0000 1.0000 0.0003 0.0018 0.0111 0.0702 0.4431 1.0000 1.0000 0.0004 0.0028 0.0181 0.1182 0.7869 1.0000 1.0000 1.0000 0.8237 0.1237 0.0189 0.0029 0.0005 1.0000 1.0000 0.4629 0.0732 0.0116 0.0018 0.0003 1.0000 1.0000 0.3275 0.0527 0.0085 0.0014 1.0000 1.0000 1.0000 0.2490 0.0402 0.0065 0.0010 1.0000 1.0000 1.0000 0.1904 0.0307 0.0050 0.0008 1.0000 1.0000 0.9041 0.1459 0.0236 0.0038 0.0006 1.0000 1.0000 0.6915 0.1116 0.0180 0.0029 0.0005 1.0000 1.0000 0.4177
1.0000 1.0000 0.0005 0.0032 0.0199 0.1234 0.7648 1.0000 1.0000 0.0007 0.0042 0.0260 0.1611 0.9981 1.0000 1.0000 0.0009 0.0055 0.0340 0.2106 1.0000 1.0000 1.0000 0.0012 0.0072 0.0444 0.2749 1.0000 1.0000 0.0002 0.0015 0.0094 0.0580 0.3595 1.0000 1.0000 0.0003 0.0020 0.0125 0.0784 0.4920 1.0000 1.0000 0.0005 0.0030 0.0191 0.1232 0.8005 1.0000 1.0000 1.0000 1.0000 1.0000 0.3998 0.0612 0.0094 0.0015 1.0000 1.0000 1.0000 0.2402 0.0381 0.0061 0.0010 1.0000 1.0000 1.0000 0.1738 0.0280 0.0045 0.0007 1.0000 1.0000 0.8205 0.1324 0.0214 0.0035 0.0006 1.0000 1.0000 0.6275 0.1015 0.0163 0.0026 0.0004 1.0000 1.0000 0.4809 0.0776 0.0125 0.0020 0.0003 1.0000 1.0000 0.3678 0.0595 0.0096 0.0015 1.0000 1.0000 1.0000
1.0000 0.0006 0.0037 0.0230 0.1426 0.8837 1.0000 1.0000 0.0008 0.0048 0.0300 0.1862 1.0000 1.0000 1.0000 0.0010 0.0063 0.0393 0.2434 1.0000 1.0000 1.0000 0.0013 0.0083 0.0513 0.3177 1.0000 1.0000 0.0003 0.0017 0.0108 0.0670 0.4153 1.0000 1.0000 0.0004 0.0023 0.0143 0.0888 0.5556 1.0000 1.0000 0.0005 0.0032 0.0206 0.1319 0.8459 1.0000 1.0000 0.0006 1.0000 1.0000 0.8190 0.1237 0.0189 0.0029 0.0005 1.0000 1.0000 0.4629 0.0732 0.0116 0.0018 0.0003 1.0000 1.0000 0.3275 0.0527 0.0085 0.0014 1.0000 1.0000 1.0000 0.2490 0.0402 0.0065 0.0010 1.0000 1.0000 1.0000 0.1904 0.0307 0.0050 0.0008 1.0000 1.0000 0.9041 0.1459 0.0236 0.0038 0.0006 1.0000 1.0000 0.6915 0.1116 0.0180 0.0029 0.0005 1.0000 1.0000 0.4177
0.0006 0.0044 0.0269 0.1670 1.0000 1.0000 1.0000 0.0009 0.0057 0.0353 0.2184 1.0000 1.0000 1.0000 0.0012 0.0074 0.0460 0.2850 1.0000 1.0000 0.0003 0.0016 0.0097 0.0602 0.3727 1.0000 1.0000 0.0003 0.0020 0.0127 0.0785 0.4864 1.0000 1.0000 0.0004 0.0027 0.0166 0.1030 0.6420 1.0000 1.0000 0.0006 0.0037 0.0231 0.1462 0.9285 1.0000 1.0000 0.0010 0.0011 1.0000 0.7765 0.1193 0.0178 0.0027 0.0004 1.0000 1.0000 0.4114 0.0645 0.0102 0.0016 0.0003 1.0000 1.0000 0.2791 0.0448 0.0072 0.0012 1.0000 1.0000 1.0000 0.2106 0.0340 0.0055 0.0009 1.0000 1.0000 0.9981 0.1611 0.0260 0.0042 0.0007 1.0000 1.0000 0.7648 0.1234 0.0199 0.0032 0.0005 1.0000 1.0000 0.5849 0.0944 0.0152 0.0025 0.0004 1.0000 1.0000 0.4542 0.0581
0.0028 0.0215 0.1297 0.8051 1.0000 1.0000 0.0007 0.0044 0.0274 0.1699 1.0000 1.0000 1.0000 0.0009 0.0058 0.0358 0.2217 1.0000 1.0000 1.0000 0.0012 0.0076 0.0468 0.2899 1.0000 1.0000 1.0000 0.0016 0.0099 0.0611 0.3791 1.0000 1.0000 0.0003 0.0021 0.0131 0.0814 0.5091 1.0000 1.0000 0.0005 0.0030 0.0189 0.1204 0.7721 1.0000 1.0000 0.0008 0.0052 0.0173 0.2110 0.1273 0.0179 0.0026 0.0004 1.0000 1.0000 0.3820 0.0591 0.0092 0.0014 1.0000 1.0000 1.0000 0.2443 0.0391 0.0063 0.0010 1.0000 1.0000 1.0000 0.1816 0.0293 0.0047 0.0008 1.0000 1.0000 0.8605 0.1389 0.0224 0.0036 0.0006 1.0000 1.0000 0.6581 0.1064 0.0171 0.0028 0.0004 1.0000 1.0000 0.5043 0.0814 0.0131 0.0021 0.0003 1.0000 1.0000 0.3857 0.0633 0.0081
0.0012 0.0093 0.0568 0.3534 1.0000 1.0000 0.0003 0.0019 0.0121 0.0746 0.4629 1.0000 1.0000 0.0004 0.0025 0.0157 0.0975 0.6041 1.0000 1.0000 0.0005 0.0033 0.0206 0.1273 0.7899 1.0000 1.0000 0.0007 0.0043 0.0269 0.1667 1.0000 1.0000 1.0000 0.0009 0.0059 0.0368 0.2312 1.0000 1.0000 1.0000 0.0014 0.0092 0.0596 0.3901 1.0000 1.0000 0.0004 0.0029 0.0200 0.0617 0.0191 0.0027 0.0004 1.0000 1.0000 0.3664 0.0561 0.0086 0.0013 1.0000 1.0000 1.0000 0.2184 0.0347 0.0055 0.0009 1.0000 1.0000 0.9812 0.1581 0.0255 0.0041 0.0007 1.0000 1.0000 0.7490 0.1209 0.0195 0.0031 0.0005 1.0000 1.0000 0.5728 0.0925 0.0149 0.0024 0.0004 1.0000 1.0000 0.4389 0.0708 0.0114 0.0018 0.0003 1.0000 1.0000 0.3357 0.0542 0.0089 0.0011
1.0000 0.0013 0.0077 0.0479 0.2972 1.0000 1.0000 0.0003 0.0016 0.0101 0.0626 0.3879 1.0000 1.0000 0.0003 0.0021 0.0132 0.0817 0.5072 1.0000 1.0000 0.0004 0.0028 0.0172 0.1068 0.6619 1.0000 1.0000 0.0006 0.0036 0.0226 0.1405 0.8754 1.0000 1.0000 0.0008 0.0050 0.0317 0.2016 1.0000 1.0000 1.0000 0.0013 0.0084 0.0554 0.3678 1.0000 1.0000 0.0004 0.0030 0.0095 0.0029 0.0004 1.0000 1.0000 0.3608 0.0545 0.0083 0.0013 1.0000 1.0000 1.0000 0.1982 0.0312 0.0049 0.0008 1.0000 1.0000 0.8605 0.1381 0.0222 0.0036 0.0006 1.0000 1.0000 0.6519 0.1052 0.0170 0.0027 0.0004 1.0000 1.0000 0.4985 0.0805 0.0130 0.0021 0.0003 1.0000 1.0000 0.3820 0.0617 0.0100 0.0016 0.0003 1.0000 1.0000 0.2922 0.0472 0.0076 0.0012 1.0000
