0.0551 0.5004 1.0000 1.0000 0.0007 0.0048 0.0341 0.2434 1.0000 1.0000 0.0003 0.0023 0.0166 0.1179 0.8395 1.0000 1.0000 0.0011 0.0080 0.0573 0.4068 1.0000 1.0000 0.0005 0.0039 0.0277 0.1975 1.0000 1.0000 0.0003 0.0019 0.0135 0.0957 0.6823 1.0000 1.0000 0.0009 0.0065 0.0464 0.3306 1.0000 1.0000 0.0004 0.0032 0.0225 0.1605 1.0000 1.0000 0.0002 0.0016 0.0055 0.0016 0.0002 1.0000 1.0000 0.1605 0.0225 0.0032 0.0004 1.0000 1.0000 0.3306 0.0464 0.0065 0.0009 1.0000 1.0000 0.6823 0.0957 0.0135 0.0019 0.0003 1.0000 1.0000 0.1975 0.0277 0.0039 0.0005 1.0000 1.0000 0.4068 0.0573 0.0080 0.0011 1.0000 1.0000 0.8395 0.1179 0.0166 0.0023 0.0003 1.0000 1.0000 0.2434 0.0341 0.0048 0.0007 1.0000 1.0000 0.5004 0.0551
0.5004 1.0000 1.0000 0.0007 0.0053 0.0375 0.2667 1.0000 1.0000 0.0004 0.0025 0.0182 0.1290 0.9197 1.0000 1.0000 0.0012 0.0088 0.0626 0.4456 1.0000 1.0000 0.0006 0.0043 0.0303 0.2163 1.0000 1.0000 0.0003 0.0021 0.0147 0.1048 0.7461 1.0000 1.0000 0.0010 0.0071 0.0509 0.3615 1.0000 1.0000 0.0005 0.0035 0.0247 0.1755 1.0000 1.0000 1.0000 0.0017 0.0124 0.0414 0.0124 0.0017 1.0000 1.0000 1.0000 0.1755 0.0247 0.0035 0.0005 1.0000 1.0000 0.3615 0.0509 0.0071 0.0010 1.0000 1.0000 0.7461 0.1048 0.0147 0.0021 0.0003 1.0000 1.0000 0.2163 0.0303 0.0043 0.0006 1.0000 1.0000 0.4456 0.0626 0.0088 0.0012 1.0000 1.0000 0.9197 0.1290 0.0182 0.0025 0.0004 1.0000 1.0000 0.2667 0.0375 0.0053 0.0007 1.0000 1.0000 0.5004
1.0000 1.0000 0.0007 0.0048 0.0331 0.2321 1.0000 1.0000 0.0003 0.0022 0.0156 0.1105 0.7869 1.0000 1.0000 0.0011 0.0075 0.0536 0.3813 1.0000 1.0000 0.0005 0.0037 0.0260 0.1851 1.0000 1.0000 0.0002 0.0018 0.0126 0.0897 0.6384 1.0000 1.0000 0.0009 0.0061 0.0435 0.3099 1.0000 1.0000 0.0004 0.0030 0.0211 0.1502 1.0000 1.0000 1.0000 0.0014 0.0103 0.0756 0.2500 0.0756 0.0103 0.0014 1.0000 1.0000 1.0000 0.1502 0.0211 0.0030 0.0004 1.0000 1.0000 0.3099 0.0435 0.0061 0.0009 1.0000 1.0000 0.6384 0.0897 0.0126 0.0018 0.0002 1.0000 1.0000 0.1851 0.0260 0.0037 0.0005 1.0000 1.0000 0.3813 0.0536 0.0075 0.0011 1.0000 1.0000 0.7869 0.1105 0.0156 0.0022 0.0003 1.0000 1.0000 0.2321 0.0331 0.0048 0.0007 1.0000 1.0000
1.0000 0.0007 0.0048 0.0316 0.2151 1.0000 1.0000 0.0003 0.0019 0.0136 0.0966 0.6862 1.0000 1.0000 0.0009 0.0066 0.0467 0.3325 1.0000 1.0000 0.0004 0.0032 0.0226 0.1611 1.0000 1.0000 1.0000 0.0015 0.0110 0.0782 0.5567 1.0000 1.0000 0.0007 0.0053 0.0379 0.2697 1.0000 1.0000 0.0004 0.0026 0.0184 0.1309 0.9321 1.0000 1.0000 0.0013 0.0089 0.0642 0.4691 1.0000 0.4691 0.0642 0.0089 0.0013 1.0000 1.0000 0.9321 0.1309 0.0184 0.0026 0.0004 1.0000 1.0000 0.2697 0.0379 0.0053 0.0007 1.0000 1.0000 0.5567 0.0782 0.0110 0.0015 1.0000 1.0000 1.0000 0.1611 0.0226 0.0032 0.0004 1.0000 1.0000 0.3325 0.0467 0.0066 0.0009 1.0000 1.0000 0.6862 0.0966 0.0136 0.0019 0.0003 1.0000 1.0000 0.2151 0.0316 0.0048 0.0007 1.0000
0.0007 0.0053 0.0331 0.2151 1.0000 1.0000 0.0002 0.0017 0.0121 0.0850 0.6018 1.0000 1.0000 0.0008 0.0057 0.0407 0.2894 1.0000 1.0000 0.0004 0.0028 0.0197 0.1402 0.9981 1.0000 1.0000 0.0013 0.0096 0.0681 0.4845 1.0000 1.0000 0.0007 0.0046 0.0330 0.2348 1.0000 1.0000 0.0003 0.0022 0.0160 0.1140 0.8112 1.0000 1.0000 0.0011 0.0078 0.0552 0.3976 1.0000 1.0000 1.0000 0.3976 0.0552 0.0078 0.0011 1.0000 1.0000 0.8112 0.1140 0.0160 0.0022 0.0003 1.0000 1.0000 0.2348 0.0330 0.0046 0.0007 1.0000 1.0000 0.4845 0.0681 0.0096 0.0013 1.0000 1.0000 0.9981 0.1402 0.0197 0.0028 0.0004 1.0000 1.0000 0.2894 0.0407 0.0057 0.0008 1.0000 1.0000 0.6018 0.0850 0.0121 0.0017 0.0002 1.0000 1.0000 0.2151 0.0331 0.0053 0.0007
0.0048 0.0375 0.2321 1.0000 1.0000 0.0002 0.0016 0.0111 0.0767 0.5359 1.0000 1.0000 0.0007 0.0050 0.0355 0.2519 1.0000 1.0000 0.0003 0.0024 0.0171 0.1220 0.8687 1.0000 1.0000 0.0012 0.0083 0.0592 0.4217 1.0000 1.0000 0.0006 0.0040 0.0287 0.2043 1.0000 1.0000 0.0003 0.0020 0.0139 0.0992 0.7061 1.0000 1.0000 0.0009 0.0068 0.0481 0.3428 1.0000 1.0000 1.0000 1.0000 1.0000 0.3428 0.0481 0.0068 0.0009 1.0000 1.0000 0.7061 0.0992 0.0139 0.0020 0.0003 1.0000 1.0000 0.2043 0.0287 0.0040 0.0006 1.0000 1.0000 0.4217 0.0592 0.0083 0.0012 1.0000 1.0000 0.8687 0.1220 0.0171 0.0024 0.0003 1.0000 1.0000 0.2519 0.0355 0.0050 0.0007 1.0000 1.0000 0.5359 0.0767 0.0111 0.0016 0.0002 1.0000 1.0000 0.2321 0.0375 0.0048
0.0341 0.2667 1.0000 1.0000 0.0002 0.0016 0.0107 0.0722 0.4938 1.0000 1.0000 0.0006 0.0044 0.0311 0.2201 1.0000 1.0000 0.0003 0.0021 0.0149 0.1062 0.7561 1.0000 1.0000 0.0010 0.0072 0.0516 0.3671 1.0000 1.0000 0.0005 0.0035 0.0250 0.1778 1.0000 1.0000 0.0002 0.0017 0.0121 0.0863 0.6146 1.0000 1.0000 0.0008 0.0059 0.0418 0.2978 1.0000 1.0000 0.0004 0.0014 0.0004 1.0000 1.0000 0.2978 0.0418 0.0059 0.0008 1.0000 1.0000 0.6146 0.0863 0.0121 0.0017 0.0002 1.0000 1.0000 0.1778 0.0250 0.0035 0.0005 1.0000 1.0000 0.3671 0.0516 0.0072 0.0010 1.0000 1.0000 0.7561 0.1062 0.0149 0.0021 0.0003 1.0000 1.0000 0.2201 0.0311 0.0044 0.0006 1.0000 1.0000 0.4938 0.0722 0.0107 0.0016 0.0002 1.0000 1.0000 0.2667 0.0341
0.2434 1.0000 1.0000 0.0003 0.0017 0.0111 0.0722 0.4790 1.0000 1.0000 0.0006 0.0039 0.0276 0.1945 1.0000 1.0000 0.0003 0.0018 0.0130 0.0925 0.6581 1.0000 1.0000 0.0009 0.0063 0.0449 0.3195 1.0000 1.0000 0.0004 0.0031 0.0217 0.1548 1.0000 1.0000 1.0000 0.0015 0.0106 0.0751 0.5349 1.0000 1.0000 0.0007 0.0051 0.0364 0.2592 1.0000 1.0000 0.0004 0.0026 0.0085 0.0026 0.0004 1.0000 1.0000 0.2592 0.0364 0.0051 0.0007 1.0000 1.0000 0.5349 0.0751 0.0106 0.0015 1.0000 1.0000 1.0000 0.1548 0.0217 0.0031 0.0004 1.0000 1.0000 0.3195 0.0449 0.0063 0.0009 1.0000 1.0000 0.6581 0.0925 0.0130 0.0018 0.0003 1.0000 1.0000 0.1945 0.0276 0.0039 0.0006 1.0000 1.0000 0.4790 0.0722 0.0111 0.0017 0.0003 1.0000 1.0000 0.2434
1.0000 1.0000 0.0003 0.0019 0.0121 0.0767 0.4938 1.0000 1.0000 0.0005 0.0037 0.0252 0.1752 1.0000 1.0000 1.0000 0.0016 0.0114 0.0808 0.5739 1.0000 1.0000 0.0008 0.0055 0.0391 0.2781 1.0000 1.0000 0.0004 0.0027 0.0189 0.1347 0.9590 1.0000 1.0000 0.0013 0.0092 0.0654 0.4656 1.0000 1.0000 0.0006 0.0045 0.0317 0.2256 1.0000 1.0000 0.0003 0.0022 0.0160 0.0527 0.0160 0.0022 0.0003 1.0000 1.0000 0.2256 0.0317 0.0045 0.0006 1.0000 1.0000 0.4656 0.0654 0.0092 0.0013 1.0000 1.0000 0.9590 0.1347 0.0189 0.0027 0.0004 1.0000 1.0000 0.2781 0.0391 0.0055 0.0008 1.0000 1.0000 0.5739 0.0808 0.0114 0.0016 1.0000 1.0000 1.0000 0.1752 0.0252 0.0037 0.0005 1.0000 1.0000 0.4938 0.0767 0.0121 0.0019 0.0003 1.0000 1.0000
1.0000 0.0004 0.0022 0.0136 0.0850 0.5359 1.0000 1.0000 0.0005 0.0036 0.0240 0.1633 1.0000 1.0000 1.0000 0.0014 0.0100 0.0708 0.5024 1.0000 1.0000 0.0007 0.0048 0.0340 0.2420 1.0000 1.0000 0.0003 0.0023 0.0165 0.1173 0.8347 1.0000 1.0000 0.0011 0.0080 0.0569 0.4052 1.0000 1.0000 0.0005 0.0039 0.0276 0.1963 1.0000 1.0000 0.0003 0.0019 0.0135 0.0990 0.3268 0.0990 0.0135 0.0019 0.0003 1.0000 1.0000 0.1963 0.0276 0.0039 0.0005 1.0000 1.0000 0.4052 0.0569 0.0080 0.0011 1.0000 1.0000 0.8347 0.1173 0.0165 0.0023 0.0003 1.0000 1.0000 0.2420 0.0340 0.0048 0.0007 1.0000 1.0000 0.5024 0.0708 0.0100 0.0014 1.0000 1.0000 1.0000 0.1633 0.0240 0.0036 0.0005 1.0000 1.0000 0.5359 0.0850 0.0136 0.0022 0.0004 1.0000
0.0003 0.0025 0.0156 0.0966 0.6018 1.0000 1.0000 0.0006 0.0037 0.0240 0.1590 1.0000 1.0000 1.0000 0.0013 0.0090 0.0630 0.4431 1.0000 1.0000 0.0006 0.0042 0.0296 0.2106 1.0000 1.0000 0.0003 0.0020 0.0143 0.1021 0.7265 1.0000 1.0000 0.0010 0.0070 0.0495 0.3527 1.0000 1.0000 0.0005 0.0034 0.0240 0.1709 1.0000 1.0000 1.0000 0.0016 0.0117 0.0837 0.6134 1.0000 0.6134 0.0837 0.0117 0.0016 1.0000 1.0000 1.0000 0.1709 0.0240 0.0034 0.0005 1.0000 1.0000 0.3527 0.0495 0.0070 0.0010 1.0000 1.0000 0.7265 0.1021 0.0143 0.0020 0.0003 1.0000 1.0000 0.2106 0.0296 0.0042 0.0006 1.0000 1.0000 0.4431 0.0630 0.0090 0.0013 1.0000 1.0000 1.0000 0.1590 0.0240 0.0037 0.0006 1.0000 1.0000 0.6018 0.0966 0.0156 0.0025 0.0003
0.0023 0.0182 0.1105 0.6862 1.0000 1.0000 0.0006 0.0039 0.0252 0.1633 1.0000 1.0000 1.0000 0.0012 0.0083 0.0571 0.3976 1.0000 1.0000 0.0005 0.0036 0.0259 0.1837 1.0000 1.0000 0.0002 0.0018 0.0125 0.0888 0.6323 1.0000 1.0000 0.0009 0.0061 0.0431 0.3070 1.0000 1.0000 0.0004 0.0029 0.0209 0.1487 1.0000 1.0000 1.0000 0.0014 0.0101 0.0722 0.5189 1.0000 1.0000 1.0000 0.5189 0.0722 0.0101 0.0014 1.0000 1.0000 1.0000 0.1487 0.0209 0.0029 0.0004 1.0000 1.0000 0.3070 0.0431 0.0061 0.0009 1.0000 1.0000 0.6323 0.0888 0.0125 0.0018 0.0002 1.0000 1.0000 0.1837 0.0259 0.0036 0.0005 1.0000 1.0000 0.3976 0.0571 0.0083 0.0012 1.0000 1.0000 1.0000 0.1633 0.0252 0.0039 0.0006 1.0000 1.0000 0.6862 0.1105 0.0182 0.0023
0.0166 0.1290 0.7869 1.0000 1.0000 0.0007 0.0044 0.0276 0.1752 1.0000 1.0000 1.0000 0.0012 0.0079 0.0536 0.3671 1.0000 1.0000 0.0005 0.0032 0.0228 0.1611 1.0000 1.0000 1.0000 0.0015 0.0109 0.0773 0.5504 1.0000 1.0000 0.0007 0.0053 0.0375 0.2672 1.0000 1.0000 0.0004 0.0026 0.0182 0.1295 0.9215 1.0000 1.0000 0.0012 0.0088 0.0628 0.4473 1.0000 1.0000 0.0003 1.0000 1.0000 0.4473 0.0628 0.0088 0.0012 1.0000 1.0000 0.9215 0.1295 0.0182 0.0026 0.0004 1.0000 1.0000 0.2672 0.0375 0.0053 0.0007 1.0000 1.0000 0.5504 0.0773 0.0109 0.0015 1.0000 1.0000 1.0000 0.1611 0.0228 0.0032 0.0005 1.0000 1.0000 0.3671 0.0536 0.0079 0.0012 1.0000 1.0000 1.0000 0.1752 0.0276 0.0044 0.0007 1.0000 1.0000 0.7869 0.1290 0.0166
0.1179 0.9197 1.0000 1.0000 0.0008 0.0050 0.0311 0.1945 1.0000 1.0000 1.0000 0.0012 0.0079 0.0524 0.3507 1.0000 1.0000 0.0004 0.0029 0.0203 0.1429 1.0000 1.0000 1.0000 0.0013 0.0095 0.0674 0.4790 1.0000 1.0000 0.0006 0.0046 0.0327 0.2325 1.0000 1.0000 0.0003 0.0022 0.0158 0.1127 0.8020 1.0000 1.0000 0.0011 0.0077 0.0547 0.3893 1.0000 1.0000 0.0005 0.0018 0.0005 1.0000 1.0000 0.3893 0.0547 0.0077 0.0011 1.0000 1.0000 0.8020 0.1127 0.0158 0.0022 0.0003 1.0000 1.0000 0.2325 0.0327 0.0046 0.0006 1.0000 1.0000 0.4790 0.0674 0.0095 0.0013 1.0000 1.0000 1.0000 0.1429 0.0203 0.0029 0.0004 1.0000 1.0000 0.3507 0.0524 0.0079 0.0012 1.0000 1.0000 1.0000 0.1945 0.0311 0.0050 0.0008 1.0000 1.0000 0.9197 0.1179
0.8395 1.0000 1.0000 0.0009 0.0057 0.0355 0.2201 1.0000 1.0000 1.0000 0.0013 0.0083 0.0536 0.3507 1.0000 1.0000 0.0004 0.0027 0.0186 0.1290 0.9007 1.0000 1.0000 0.0012 0.0083 0.0589 0.4185 1.0000 1.0000 0.0006 0.0040 0.0284 0.2024 1.0000 1.0000 0.0003 0.0019 0.0138 0.0981 0.6981 1.0000 1.0000 0.0009 0.0067 0.0476 0.3389 1.0000 1.0000 0.0005 0.0034 0.0111 0.0034 0.0005 1.0000 1.0000 0.3389 0.0476 0.0067 0.0009 1.0000 1.0000 0.6981 0.0981 0.0138 0.0019 0.0003 1.0000 1.0000 0.2024 0.0284 0.0040 0.0006 1.0000 1.0000 0.4185 0.0589 0.0083 0.0012 1.0000 1.0000 0.9007 0.1290 0.0186 0.0027 0.0004 1.0000 1.0000 0.3507 0.0536 0.0083 0.0013 1.0000 1.0000 1.0000 0.2201 0.0355 0.0057 0.0009 1.0000 1.0000 0.8395
1.0000 1.0000 0.0011 0.0066 0.0407 0.2519 1.0000 1.0000 1.0000 0.0014 0.0090 0.0571 0.3671 1.0000 1.0000 0.0004 0.0026 0.0175 0.1195 0.8237 1.0000 1.0000 0.0010 0.0073 0.0519 0.3671 1.0000 1.0000 0.0005 0.0035 0.0247 0.1762 1.0000 1.0000 0.0002 0.0017 0.0120 0.0854 0.6076 1.0000 1.0000 0.0008 0.0058 0.0414 0.2949 1.0000 1.0000 0.0004 0.0029 0.0209 0.0688 0.0209 0.0029 0.0004 1.0000 1.0000 0.2949 0.0414 0.0058 0.0008 1.0000 1.0000 0.6076 0.0854 0.0120 0.0017 0.0002 1.0000 1.0000 0.1762 0.0247 0.0035 0.0005 1.0000 1.0000 0.3671 0.0519 0.0073 0.0010 1.0000 1.0000 0.8237 0.1195 0.0175 0.0026 0.0004 1.0000 1.0000 0.3671 0.0571 0.0090 0.0014 1.0000 1.0000 1.0000 0.2519 0.0407 0.0066 0.0011 1.0000 1.0000
1.0000 0.0012 0.0075 0.0467 0.2894 1.0000 1.0000 0.0003 0.0016 0.0100 0.0630 0.3976 1.0000 1.0000 0.0004 0.0026 0.0171 0.1148 0.7765 1.0000 1.0000 0.0009 0.0066 0.0462 0.3250 1.0000 1.0000 0.0004 0.0030 0.0216 0.1533 1.0000 1.0000 1.0000 0.0015 0.0104 0.0743 0.5288 1.0000 1.0000 0.0007 0.0051 0.0361 0.2567 1.0000 1.0000 0.0003 0.0025 0.0177 0.1295 0.4266 0.1295 0.0177 0.0025 0.0003 1.0000 1.0000 0.2567 0.0361 0.0051 0.0007 1.0000 1.0000 0.5288 0.0743 0.0104 0.0015 1.0000 1.0000 1.0000 0.1533 0.0216 0.0030 0.0004 1.0000 1.0000 0.3250 0.0462 0.0066 0.0009 1.0000 1.0000 0.7765 0.1148 0.0171 0.0026 0.0004 1.0000 1.0000 0.3976 0.0630 0.0100 0.0016 0.0003 1.0000 1.0000 0.2894 0.0467 0.0075 0.0012 1.0000
0.0011 0.0088 0.0536 0.3325 1.0000 1.0000 0.0003 0.0018 0.0114 0.0708 0.4431 1.0000 1.0000 0.0004 0.0027 0.0175 0.1148 0.7619 1.0000 1.0000 0.0009 0.0060 0.0418 0.2916 1.0000 1.0000 0.0004 0.0027 0.0189 0.1340 0.9518 1.0000 1.0000 0.0013 0.0091 0.0647 0.4603 1.0000 1.0000 0.0006 0.0044 0.0314 0.2234 1.0000 1.0000 0.0003 0.0021 0.0152 0.1095 0.8020 1.0000 0.8020 0.1095 0.0152 0.0021 0.0003 1.0000 1.0000 0.2234 0.0314 0.0044 0.0006 1.0000 1.0000 0.4603 0.0647 0.0091 0.0013 1.0000 1.0000 0.9518 0.1340 0.0189 0.0027 0.0004 1.0000 1.0000 0.2916 0.0418 0.0060 0.0009 1.0000 1.0000 0.7619 0.1148 0.0175 0.0027 0.0004 1.0000 1.0000 0.4431 0.0708 0.0114 0.0018 0.0003 1.0000 1.0000 0.3325 0.0536 0.0088 0.0011
0.0080 0.0626 0.3813 1.0000 1.0000 0.0003 0.0021 0.0130 0.0808 0.5024 1.0000 1.0000 0.0005 0.0029 0.0186 0.1195 0.7765 1.0000 1.0000 0.0008 0.0057 0.0389 0.2677 1.0000 1.0000 0.0003 0.0024 0.0167 0.1177 0.8331 1.0000 1.0000 0.0011 0.0079 0.0563 0.4006 1.0000 1.0000 0.0005 0.0038 0.0273 0.1945 1.0000 1.0000 0.0003 0.0019 0.0132 0.0942 0.6784 1.0000 1.0000 1.0000 0.6784 0.0942 0.0132 0.0019 0.0003 1.0000 1.0000 0.1945 0.0273 0.0038 0.0005 1.0000 1.0000 0.4006 0.0563 0.0079 0.0011 1.0000 1.0000 0.8331 0.1177 0.0167 0.0024 0.0003 1.0000 1.0000 0.2677 0.0389 0.0057 0.0008 1.0000 1.0000 0.7765 0.1195 0.0186 0.0029 0.0005 1.0000 1.0000 0.5024 0.0808 0.0130 0.0021 0.0003 1.0000 1.0000 0.3813 0.0626 0.0080
0.0573 0.4456 1.0000 1.0000 0.0004 0.0024 0.0149 0.0925 0.5739 1.0000 1.0000 0.0005 0.0032 0.0203 0.1290 0.8237 1.0000 1.0000 0.0008 0.0056 0.0375 0.2533 1.0000 1.0000 0.0003 0.0021 0.0149 0.1046 0.7362 1.0000 1.0000 0.0010 0.0069 0.0491 0.3487 1.0000 1.0000 0.0005 0.0033 0.0238 0.1693 1.0000 1.0000 1.0000 0.0016 0.0115 0.0820 0.5849 1.0000 1.0000 0.0004 1.0000 1.0000 0.5849 0.0820 0.0115 0.0016 1.0000 1.0000 1.0000 0.1693 0.0238 0.0033 0.0005 1.0000 1.0000 0.3487 0.0491 0.0069 0.0010 1.0000 1.0000 0.7362 0.1046 0.0149 0.0021 0.0003 1.0000 1.0000 0.2533 0.0375 0.0056 0.0008 1.0000 1.0000 0.8237 0.1290 0.0203 0.0032 0.0005 1.0000 1.0000 0.5739 0.0925 0.0149 0.0024 0.0004 1.0000 1.0000 0.4456 0.0573
0.4068 1.0000 1.0000 0.0004 0.0028 0.0171 0.1062 0.6581 1.0000 1.0000 0.0006 0.0036 0.0228 0.1429 0.9007 1.0000 1.0000 0.0009 0.0057 0.0375 0.2490 1.0000 1.0000 0.0003 0.0020 0.0136 0.0944 0.6594 1.0000 1.0000 0.0009 0.0061 0.0430 0.3046 1.0000 1.0000 0.0004 0.0029 0.0207 0.1473 1.0000 1.0000 1.0000 0.0014 0.0100 0.0714 0.5081 1.0000 1.0000 0.0007 0.0023 0.0007 1.0000 1.0000 0.5081 0.0714 0.0100 0.0014 1.0000 1.0000 1.0000 0.1473 0.0207 0.0029 0.0004 1.0000 1.0000 0.3046 0.0430 0.0061 0.0009 1.0000 1.0000 0.6594 0.0944 0.0136 0.0020 0.0003 1.0000 1.0000 0.2490 0.0375 0.0057 0.0009 1.0000 1.0000 0.9007 0.1429 0.0228 0.0036 0.0006 1.0000 1.0000 0.6581 0.1062 0.0171 0.0028 0.0004 1.0000 1.0000 0.4068
1.0000 1.0000 0.0005 0.0032 0.0197 0.1220 0.7561 1.0000 1.0000 0.0007 0.0042 0.0259 0.1611 1.0000 1.0000 1.0000 0.0009 0.0060 0.0389 0.2533 1.0000 1.0000 0.0003 0.0019 0.0127 0.0870 0.6007 1.0000 1.0000 0.0008 0.0054 0.0378 0.2677 1.0000 1.0000 0.0004 0.0025 0.0180 0.1282 0.9128 1.0000 1.0000 0.0012 0.0087 0.0621 0.4423 1.0000 1.0000 0.0006 0.0044 0.0145 0.0044 0.0006 1.0000 1.0000 0.4423 0.0621 0.0087 0.0012 1.0000 1.0000 0.9128 0.1282 0.0180 0.0025 0.0004 1.0000 1.0000 0.2677 0.0378 0.0054 0.0008 1.0000 1.0000 0.6007 0.0870 0.0127 0.0019 0.0003 1.0000 1.0000 0.2533 0.0389 0.0060 0.0009 1.0000 1.0000 1.0000 0.1611 0.0259 0.0042 0.0007 1.0000 1.0000 0.7561 0.1220 0.0197 0.0032 0.0005 1.0000 1.0000
1.0000 0.0006 0.0037 0.0226 0.1402 0.8687 1.0000 1.0000 0.0008 0.0048 0.0296 0.1837 1.0000 1.0000 1.0000 0.0010 0.0066 0.0418 0.2677 1.0000 1.0000 0.0003 0.0018 0.0122 0.0825 0.5620 1.0000 1.0000 0.0007 0.0048 0.0337 0.2370 1.0000 1.0000 0.0003 0.0022 0.0157 0.1116 0.7944 1.0000 1.0000 0.0011 0.0076 0.0541 0.3849 1.0000 1.0000 0.0005 0.0037 0.0273 0.0899 0.0273 0.0037 0.0005 1.0000 1.0000 0.3849 0.0541 0.0076 0.0011 1.0000 1.0000 0.7944 0.1116 0.0157 0.0022 0.0003 1.0000 1.0000 0.2370 0.0337 0.0048 0.0007 1.0000 1.0000 0.5620 0.0825 0.0122 0.0018 0.0003 1.0000 1.0000 0.2677 0.0418 0.0066 0.0010 1.0000 1.0000 1.0000 0.1837 0.0296 0.0048 0.0008 1.0000 1.0000 0.8687 0.1402 0.0226 0.0037 0.0006 1.0000
0.0005 0.0043 0.0260 0.1611 0.9981 1.0000 1.0000 0.0009 0.0055 0.0340 0.2106 1.0000 1.0000 1.0000 0.0012 0.0073 0.0462 0.2916 1.0000 1.0000 0.0003 0.0019 0.0122 0.0809 0.5421 1.0000 1.0000 0.0006 0.0044 0.0304 0.2127 1.0000 1.0000 0.0003 0.0019 0.0138 0.0975 0.6928 1.0000 1.0000 0.0009 0.0066 0.0471 0.3350 1.0000 1.0000 0.0005 0.0032 0.0231 0.1689 0.5577 0.1689 0.0231 0.0032 0.0005 1.0000 1.0000 0.3350 0.0471 0.0066 0.0009 1.0000 1.0000 0.6928 0.0975 0.0138 0.0019 0.0003 1.0000 1.0000 0.2127 0.0304 0.0044 0.0006 1.0000 1.0000 0.5421 0.0809 0.0122 0.0019 0.0003 1.0000 1.0000 0.2916 0.0462 0.0073 0.0012 1.0000 1.0000 1.0000 0.2106 0.0340 0.0055 0.0009 1.0000 1.0000 0.9981 0.1611 0.0260 0.0043 0.0005
0.0039 0.0303 0.1851 1.0000 1.0000 1.0000 0.0010 0.0063 0.0391 0.2420 1.0000 1.0000 1.0000 0.0013 0.0083 0.0519 0.3250 1.0000 1.0000 0.0003 0.0020 0.0127 0.0825 0.5421 1.0000 1.0000 0.0006 0.0041 0.0282 0.1941 1.0000 1.0000 0.0002 0.0017 0.0122 0.0858 0.6076 1.0000 1.0000 0.0008 0.0058 0.0410 0.2916 1.0000 1.0000 0.0004 0.0028 0.0199 0.1429 1.0000 1.0000 1.0000 0.1429 0.0199 0.0028 0.0004 1.0000 1.0000 0.2916 0.0410 0.0058 0.0008 1.0000 1.0000 0.6076 0.0858 0.0122 0.0017 0.0002 1.0000 1.0000 0.1941 0.0282 0.0041 0.0006 1.0000 1.0000 0.5421 0.0825 0.0127 0.0020 0.0003 1.0000 1.0000 0.3250 0.0519 0.0083 0.0013 1.0000 1.0000 1.0000 0.2420 0.0391 0.0063 0.0010 1.0000 1.0000 1.0000 0.1851 0.0303 0.0039
0.0277 0.2163 1.0000 1.0000 1.0000 0.0012 0.0072 0.0449 0.2781 1.0000 1.0000 0.0002 0.0015 0.0095 0.0589 0.3671 1.0000 1.0000 0.0003 0.0021 0.0136 0.0870 0.5620 1.0000 1.0000 0.0006 0.0040 0.0268 0.1823 1.0000 1.0000 1.0000 0.0015 0.0108 0.0762 0.5369 1.0000 1.0000 0.0007 0.0050 0.0357 0.2538 1.0000 1.0000 0.0003 0.0024 0.0173 0.1232 0.8854 1.0000 1.0000 1.0000 0.8854 0.1232 0.0173 0.0024 0.0003 1.0000 1.0000 0.2538 0.0357 0.0050 0.0007 1.0000 1.0000 0.5369 0.0762 0.0108 0.0015 1.0000 1.0000 1.0000 0.1823 0.0268 0.0040 0.0006 1.0000 1.0000 0.5620 0.0870 0.0136 0.0021 0.0003 1.0000 1.0000 0.3671 0.0589 0.0095 0.0015 0.0002 1.0000 1.0000 0.2781 0.0449 0.0072 0.0012 1.0000 1.0000 1.0000 0.2163 0.0277
0.1975 1.0000 1.0000 1.0000 0.0013 0.0083 0.0516 0.3195 1.0000 1.0000 0.0003 0.0018 0.0109 0.0674 0.4185 1.0000 1.0000 0.0004 0.0024 0.0149 0.0944 0.6007 1.0000 1.0000 0.0006 0.0040 0.0264 0.1762 1.0000 1.0000 1.0000 0.0014 0.0098 0.0686 0.4790 1.0000 1.0000 0.0006 0.0044 0.0313 0.2217 1.0000 1.0000 0.0003 0.0021 0.0151 0.1072 0.7633 1.0000 1.0000 0.0005 1.0000 1.0000 0.7633 0.1072 0.0151 0.0021 0.0003 1.0000 1.0000 0.2217 0.0313 0.0044 0.0006 1.0000 1.0000 0.4790 0.0686 0.0098 0.0014 1.0000 1.0000 1.0000 0.1762 0.0264 0.0040 0.0006 1.0000 1.0000 0.6007 0.0944 0.0149 0.0024 0.0004 1.0000 1.0000 0.4185 0.0674 0.0109 0.0018 0.0003 1.0000 1.0000 0.3195 0.0516 0.0083 0.0013 1.0000 1.0000 1.0000 0.1975
1.0000 1.0000 0.0002 0.0015 0.0096 0.0592 0.3671 1.0000 1.0000 0.0003 0.0020 0.0125 0.0773 0.4790 1.0000 1.0000 0.0004 0.0027 0.0167 0.1046 0.6594 1.0000 1.0000 0.0006 0.0041 0.0268 0.1762 1.0000 1.0000 1.0000 0.0013 0.0091 0.0628 0.4356 1.0000 1.0000 0.0006 0.0039 0.0276 0.1948 1.0000 1.0000 0.0003 0.0018 0.0131 0.0933 0.6644 1.0000 1.0000 0.0009 0.0031 0.0009 1.0000 1.0000 0.6644 0.0933 0.0131 0.0018 0.0003 1.0000 1.0000 0.1948 0.0276 0.0039 0.0006 1.0000 1.0000 0.4356 0.0628 0.0091 0.0013 1.0000 1.0000 1.0000 0.1762 0.0268 0.0041 0.0006 1.0000 1.0000 0.6594 0.1046 0.0167 0.0027 0.0004 1.0000 1.0000 0.4790 0.0773 0.0125 0.0020 0.0003 1.0000 1.0000 0.3671 0.0592 0.0096 0.0015 0.0002 1.0000 1.0000
1.0000 0.0003 0.0018 0.0110 0.0681 0.4217 1.0000 1.0000 0.0004 0.0023 0.0143 0.0888 0.5504 1.0000 1.0000 0.0005 0.0030 0.0189 0.1177 0.7362 1.0000 1.0000 0.0007 0.0044 0.0282 0.1823 1.0000 1.0000 1.0000 0.0013 0.0087 0.0590 0.4037 1.0000 1.0000 0.0005 0.0035 0.0245 0.1725 1.0000 1.0000 1.0000 0.0016 0.0114 0.0812 0.5783 1.0000 1.0000 0.0008 0.0058 0.0190 0.0058 0.0008 1.0000 1.0000 0.5783 0.0812 0.0114 0.0016 1.0000 1.0000 1.0000 0.1725 0.0245 0.0035 0.0005 1.0000 1.0000 0.4037 0.0590 0.0087 0.0013 1.0000 1.0000 1.0000 0.1823 0.0282 0.0044 0.0007 1.0000 1.0000 0.7362 0.1177 0.0189 0.0030 0.0005 1.0000 1.0000 0.5504 0.0888 0.0143 0.0023 0.0004 1.0000 1.0000 0.4217 0.0681 0.0110 0.0018 0.0003 1.0000
0.0003 0.0021 0.0126 0.0782 0.4845 1.0000 1.0000 0.0004 0.0027 0.0165 0.1021 0.6323 1.0000 1.0000 0.0006 0.0035 0.0216 0.1340 0.8331 1.0000 1.0000 0.0008 0.0048 0.0304 0.1941 1.0000 1.0000 1.0000 0.0013 0.0086 0.0573 0.3857 1.0000 1.0000 0.0005 0.0032 0.0221 0.1545 1.0000 1.0000 1.0000 0.0014 0.0100 0.0710 0.5043 1.0000 1.0000 0.0007 0.0049 0.0357 0.1175 0.0357 0.0049 0.0007 1.0000 1.0000 0.5043 0.0710 0.0100 0.0014 1.0000 1.0000 1.0000 0.1545 0.0221 0.0032 0.0005 1.0000 1.0000 0.3857 0.0573 0.0086 0.0013 1.0000 1.0000 1.0000 0.1941 0.0304 0.0048 0.0008 1.0000 1.0000 0.8331 0.1340 0.0216 0.0035 0.0006 1.0000 1.0000 0.6323 0.1021 0.0165 0.0027 0.0004 1.0000 1.0000 0.4845 0.0782 0.0126 0.0021 0.0003
0.0019 0.0147 0.0897 0.5567 1.0000 1.0000 0.0005 0.0031 0.0189 0.1173 0.7265 1.0000 1.0000 0.0006 0.0040 0.0247 0.1533 0.9518 1.0000 1.0000 0.0009 0.0054 0.0337 0.2127 1.0000 1.0000 1.0000 0.0013 0.0087 0.0573 0.3791 1.0000 1.0000 0.0004 0.0030 0.0203 0.1405 0.9774 1.0000 1.0000 0.0013 0.0088 0.0625 0.4423 1.0000 1.0000 0.0006 0.0042 0.0302 0.2209 0.7279 0.2209 0.0302 0.0042 0.0006 1.0000 1.0000 0.4423 0.0625 0.0088 0.0013 1.0000 1.0000 0.9774 0.1405 0.0203 0.0030 0.0004 1.0000 1.0000 0.3791 0.0573 0.0087 0.0013 1.0000 1.0000 1.0000 0.2127 0.0337 0.0054 0.0009 1.0000 1.0000 0.9518 0.1533 0.0247 0.0040 0.0006 1.0000 1.0000 0.7265 0.1173 0.0189 0.0031 0.0005 1.0000 1.0000 0.5567 0.0897 0.0147 0.0019
0.0135 0.1048 0.6384 1.0000 1.0000 0.0006 0.0035 0.0217 0.1347 0.8347 1.0000 1.0000 0.0007 0.0046 0.0284 0.1762 1.0000 1.0000 1.0000 0.0010 0.0061 0.0378 0.2370 1.0000 1.0000 1.0000 0.0014 0.0091 0.0590 0.3857 1.0000 1.0000 0.0004 0.0028 0.0191 0.1307 0.8990 1.0000 1.0000 0.0011 0.0079 0.0553 0.3901 1.0000 1.0000 0.0005 0.0037 0.0260 0.1869 1.0000 1.0000 1.0000 0.1869 0.0260 0.0037 0.0005 1.0000 1.0000 0.3901 0.0553 0.0079 0.0011 1.0000 1.0000 0.8990 0.1307 0.0191 0.0028 0.0004 1.0000 1.0000 0.3857 0.0590 0.0091 0.0014 1.0000 1.0000 1.0000 0.2370 0.0378 0.0061 0.0010 1.0000 1.0000 1.0000 0.1762 0.0284 0.0046 0.0007 1.0000 1.0000 0.8347 0.1347 0.0217 0.0035 0.0006 1.0000 1.0000 0.6384 0.1048 0.0135
0.0957 0.7461 1.0000 1.0000 0.0007 0.0040 0.0250 0.1548 0.9590 1.0000 1.0000 0.0009 0.0053 0.0327 0.2024 1.0000 1.0000 1.0000 0.0011 0.0069 0.0430 0.2677 1.0000 1.0000 0.0002 0.0015 0.0098 0.0628 0.4037 1.0000 1.0000 0.0004 0.0028 0.0186 0.1249 0.8475 1.0000 1.0000 0.0010 0.0071 0.0497 0.3480 1.0000 1.0000 0.0005 0.0032 0.0228 0.1614 1.0000 1.0000 1.0000 1.0000 1.0000 0.1614 0.0228 0.0032 0.0005 1.0000 1.0000 0.3480 0.0497 0.0071 0.0010 1.0000 1.0000 0.8475 0.1249 0.0186 0.0028 0.0004 1.0000 1.0000 0.4037 0.0628 0.0098 0.0015 0.0002 1.0000 1.0000 0.2677 0.0430 0.0069 0.0011 1.0000 1.0000 1.0000 0.2024 0.0327 0.0053 0.0009 1.0000 1.0000 0.9590 0.1548 0.0250 0.0040 0.0007 1.0000 1.0000 0.7461 0.0957
0.6823 1.0000 1.0000 0.0007 0.0046 0.0287 0.1778 1.0000 1.0000 1.0000 0.0010 0.0061 0.0375 0.2325 1.0000 1.0000 1.0000 0.0013 0.0079 0.0491 0.3046 1.0000 1.0000 0.0003 0.0017 0.0108 0.0686 0.4356 1.0000 1.0000 0.0004 0.0028 0.0186 0.1230 0.8221 1.0000 1.0000 0.0010 0.0066 0.0453 0.3146 1.0000 1.0000 0.0004 0.0028 0.0200 0.1418 1.0000 1.0000 1.0000 0.0006 1.0000 1.0000 1.0000 0.1418 0.0200 0.0028 0.0004 1.0000 1.0000 0.3146 0.0453 0.0066 0.0010 1.0000 1.0000 0.8221 0.1230 0.0186 0.0028 0.0004 1.0000 1.0000 0.4356 0.0686 0.0108 0.0017 0.0003 1.0000 1.0000 0.3046 0.0491 0.0079 0.0013 1.0000 1.0000 1.0000 0.2325 0.0375 0.0061 0.0010 1.0000 1.0000 1.0000 0.1778 0.0287 0.0046 0.0007 1.0000 1.0000 0.6823
1.0000 1.0000 0.0009 0.0053 0.0330 0.2043 1.0000 1.0000 1.0000 0.0011 0.0070 0.0431 0.2672 1.0000 1.0000 0.0002 0.0015 0.0091 0.0563 0.3487 1.0000 1.0000 0.0003 0.0019 0.0122 0.0762 0.4790 1.0000 1.0000 0.0005 0.0030 0.0191 0.1249 0.8221 1.0000 1.0000 0.0009 0.0062 0.0422 0.2905 1.0000 1.0000 0.0004 0.0025 0.0178 0.1253 0.8837 1.0000 1.0000 0.0012 0.0040 0.0012 1.0000 1.0000 0.8837 0.1253 0.0178 0.0025 0.0004 1.0000 1.0000 0.2905 0.0422 0.0062 0.0009 1.0000 1.0000 0.8221 0.1249 0.0191 0.0030 0.0005 1.0000 1.0000 0.4790 0.0762 0.0122 0.0019 0.0003 1.0000 1.0000 0.3487 0.0563 0.0091 0.0015 0.0002 1.0000 1.0000 0.2672 0.0431 0.0070 0.0011 1.0000 1.0000 1.0000 0.2043 0.0330 0.0053 0.0009 1.0000 1.0000
1.0000 0.0010 0.0061 0.0379 0.2348 1.0000 1.0000 1.0000 0.0013 0.0080 0.0495 0.3070 1.0000 1.0000 0.0003 0.0017 0.0104 0.0647 0.4006 1.0000 1.0000 0.0004 0.0022 0.0138 0.0858 0.5369 1.0000 1.0000 0.0005 0.0032 0.0203 0.1307 0.8475 1.0000 1.0000 0.0009 0.0060 0.0404 0.2739 1.0000 1.0000 0.0003 0.0023 0.0160 0.1118 0.7854 1.0000 1.0000 0.0010 0.0076 0.0250 0.0076 0.0010 1.0000 1.0000 0.7854 0.1118 0.0160 0.0023 0.0003 1.0000 1.0000 0.2739 0.0404 0.0060 0.0009 1.0000 1.0000 0.8475 0.1307 0.0203 0.0032 0.0005 1.0000 1.0000 0.5369 0.0858 0.0138 0.0022 0.0004 1.0000 1.0000 0.4006 0.0647 0.0104 0.0017 0.0003 1.0000 1.0000 0.3070 0.0495 0.0080 0.0013 1.0000 1.0000 1.0000 0.2348 0.0379 0.0061 0.0010 1.0000
0.0009 0.0071 0.0435 0.2697 1.0000 1.0000 0.0002 0.0015 0.0092 0.0569 0.3527 1.0000 1.0000 0.0003 0.0019 0.0120 0.0743 0.4603 1.0000 1.0000 0.0004 0.0025 0.0157 0.0975 0.6076 1.0000 1.0000 0.0006 0.0035 0.0221 0.1405 0.8990 1.0000 1.0000 0.0009 0.0060 0.0398 0.2657 1.0000 1.0000 0.0003 0.0021 0.0146 0.1015 0.7074 1.0000 1.0000 0.0009 0.0065 0.0473 0.1557 0.0473 0.0065 0.0009 1.0000 1.0000 0.7074 0.1015 0.0146 0.0021 0.0003 1.0000 1.0000 0.2657 0.0398 0.0060 0.0009 1.0000 1.0000 0.8990 0.1405 0.0221 0.0035 0.0006 1.0000 1.0000 0.6076 0.0975 0.0157 0.0025 0.0004 1.0000 1.0000 0.4603 0.0743 0.0120 0.0019 0.0003 1.0000 1.0000 0.3527 0.0569 0.0092 0.0015 0.0002 1.0000 1.0000 0.2697 0.0435 0.0071 0.0009
0.0065 0.0509 0.3099 1.0000 1.0000 0.0003 0.0017 0.0106 0.0654 0.4052 1.0000 1.0000 0.0004 0.0022 0.0138 0.0854 0.5288 1.0000 1.0000 0.0005 0.0029 0.0180 0.1116 0.6928 1.0000 1.0000 0.0006 0.0039 0.0245 0.1545 0.9774 1.0000 1.0000 0.0010 0.0062 0.0404 0.2657 1.0000 1.0000 0.0003 0.0020 0.0137 0.0937 0.6469 1.0000 1.0000 0.0008 0.0057 0.0407 0.2955 0.9719 0.2955 0.0407 0.0057 0.0008 1.0000 1.0000 0.6469 0.0937 0.0137 0.0020 0.0003 1.0000 1.0000 0.2657 0.0404 0.0062 0.0010 1.0000 1.0000 0.9774 0.1545 0.0245 0.0039 0.0006 1.0000 1.0000 0.6928 0.1116 0.0180 0.0029 0.0005 1.0000 1.0000 0.5288 0.0854 0.0138 0.0022 0.0004 1.0000 1.0000 0.4052 0.0654 0.0106 0.0017 0.0003 1.0000 1.0000 0.3099 0.0509 0.0065
0.0464 0.3615 1.0000 1.0000 0.0003 0.0020 0.0121 0.0751 0.4656 1.0000 1.0000 0.0004 0.0026 0.0158 0.0981 0.6076 1.0000 1.0000 0.0005 0.0033 0.0207 0.1282 0.7944 1.0000 1.0000 0.0007 0.0044 0.0276 0.1725 1.0000 1.0000 1.0000 0.0010 0.0066 0.0422 0.2739 1.0000 1.0000 0.0003 0.0019 0.0131 0.0887 0.6041 1.0000 1.0000 0.0007 0.0051 0.0360 0.2553 1.0000 1.0000 1.0000 0.2553 0.0360 0.0051 0.0007 1.0000 1.0000 0.6041 0.0887 0.0131 0.0019 0.0003 1.0000 1.0000 0.2739 0.0422 0.0066 0.0010 1.0000 1.0000 1.0000 0.1725 0.0276 0.0044 0.0007 1.0000 1.0000 0.7944 0.1282 0.0207 0.0033 0.0005 1.0000 1.0000 0.6076 0.0981 0.0158 0.0026 0.0004 1.0000 1.0000 0.4656 0.0751 0.0121 0.0020 0.0003 1.0000 1.0000 0.3615 0.0464
0.3306 1.0000 1.0000 0.0004 0.0022 0.0139 0.0863 0.5349 1.0000 1.0000 0.0005 0.0029 0.0182 0.1127 0.6981 1.0000 1.0000 0.0006 0.0038 0.0238 0.1473 0.9128 1.0000 1.0000 0.0008 0.0050 0.0313 0.1948 1.0000 1.0000 1.0000 0.0011 0.0071 0.0453 0.2905 1.0000 1.0000 0.0003 0.0019 0.0129 0.0860 0.5794 1.0000 1.0000 0.0007 0.0047 0.0327 0.2273 1.0000 1.0000 1.0000 1.0000 1.0000 0.2273 0.0327 0.0047 0.0007 1.0000 1.0000 0.5794 0.0860 0.0129 0.0019 0.0003 1.0000 1.0000 0.2905 0.0453 0.0071 0.0011 1.0000 1.0000 1.0000 0.1948 0.0313 0.0050 0.0008 1.0000 1.0000 0.9128 0.1473 0.0238 0.0038 0.0006 1.0000 1.0000 0.6981 0.1127 0.0182 0.0029 0.0005 1.0000 1.0000 0.5349 0.0863 0.0139 0.0022 0.0004 1.0000 1.0000 0.3306
1.0000 1.0000 0.0004 0.0026 0.0160 0.0992 0.6146 1.0000 1.0000 0.0005 0.0034 0.0209 0.1295 0.8020 1.0000 1.0000 0.0007 0.0044 0.0273 0.1693 1.0000 1.0000 1.0000 0.0009 0.0058 0.0357 0.2217 1.0000 1.0000 1.0000 0.0013 0.0079 0.0497 0.3146 1.0000 1.0000 0.0003 0.0020 0.0131 0.0860 0.5695 1.0000 1.0000 0.0006 0.0044 0.0302 0.2083 1.0000 1.0000 0.0003 0.0009 0.0003 1.0000 1.0000 0.2083 0.0302 0.0044 0.0006 1.0000 1.0000 0.5695 0.0860 0.0131 0.0020 0.0003 1.0000 1.0000 0.3146 0.0497 0.0079 0.0013 1.0000 1.0000 1.0000 0.2217 0.0357 0.0058 0.0009 1.0000 1.0000 1.0000 0.1693 0.0273 0.0044 0.0007 1.0000 1.0000 0.8020 0.1295 0.0209 0.0034 0.0005 1.0000 1.0000 0.6146 0.0992 0.0160 0.0026 0.0004 1.0000 1.0000
1.0000 0.0005 0.0030 0.0184 0.1140 0.7061 1.0000 1.0000 0.0006 0.0039 0.0240 0.1487 0.9215 1.0000 1.0000 0.0008 0.0051 0.0314 0.1945 1.0000 1.0000 1.0000 0.0011 0.0066 0.0410 0.2538 1.0000 1.0000 1.0000 0.0014 0.0088 0.0553 0.3480 1.0000 1.0000 0.0003 0.0021 0.0137 0.0887 0.5794 1.0000 1.0000 0.0006 0.0042 0.0287 0.1948 1.0000 1.0000 0.0002 0.0017 0.0057 0.0017 0.0002 1.0000 1.0000 0.1948 0.0287 0.0042 0.0006 1.0000 1.0000 0.5794 0.0887 0.0137 0.0021 0.0003 1.0000 1.0000 0.3480 0.0553 0.0088 0.0014 1.0000 1.0000 1.0000 0.2538 0.0410 0.0066 0.0011 1.0000 1.0000 1.0000 0.1945 0.0314 0.0051 0.0008 1.0000 1.0000 0.9215 0.1487 0.0240 0.0039 0.0006 1.0000 1.0000 0.7061 0.1140 0.0184 0.0030 0.0005 1.0000
0.0004 0.0035 0.0211 0.1309 0.8112 1.0000 1.0000 0.0007 0.0045 0.0276 0.1709 1.0000 1.0000 1.0000 0.0009 0.0058 0.0361 0.2234 1.0000 1.0000 1.0000 0.0012 0.0076 0.0471 0.2916 1.0000 1.0000 0.0003 0.0016 0.0100 0.0625 0.3901 1.0000 1.0000 0.0004 0.0023 0.0146 0.0937 0.6041 1.0000 1.0000 0.0006 0.0042 0.0278 0.1872 1.0000 1.0000 1.0000 0.0015 0.0110 0.0359 0.0110 0.0015 1.0000 1.0000 1.0000 0.1869 0.0278 0.0042 0.0006 1.0000 1.0000 0.6041 0.0937 0.0146 0.0023 0.0004 1.0000 1.0000 0.3901 0.0625 0.0100 0.0016 0.0003 1.0000 1.0000 0.2916 0.0471 0.0076 0.0012 1.0000 1.0000 1.0000 0.2234 0.0361 0.0058 0.0009 1.0000 1.0000 1.0000 0.1709 0.0276 0.0045 0.0007 1.0000 1.0000 0.8112 0.1309 0.0211 0.0035 0.0004
0.0032 0.0247 0.1502 0.9321 1.0000 1.0000 0.0008 0.0051 0.0317 0.1963 1.0000 1.0000 1.0000 0.0011 0.0067 0.0414 0.2567 1.0000 1.0000 1.0000 0.0014 0.0087 0.0541 0.3350 1.0000 1.0000 0.0003 0.0018 0.0114 0.0710 0.4423 1.0000 1.0000 0.0004 0.0025 0.0160 0.1015 0.6469 1.0000 1.0000 0.0006 0.0042 0.0278 0.1844 1.0000 1.0000 1.0000 0.0014 0.0099 0.0702 0.2286 0.0702 0.0099 0.0014 1.0000 1.0000 1.0000 0.1844 0.0278 0.0042 0.0006 1.0000 1.0000 0.6469 0.1015 0.0160 0.0025 0.0004 1.0000 1.0000 0.4423 0.0710 0.0114 0.0018 0.0003 1.0000 1.0000 0.3350 0.0541 0.0087 0.0014 1.0000 1.0000 1.0000 0.2567 0.0414 0.0067 0.0011 1.0000 1.0000 1.0000 0.1963 0.0317 0.0051 0.0008 1.0000 1.0000 0.9321 0.1502 0.0247 0.0032
0.0225 0.1755 1.0000 1.0000 1.0000 0.0009 0.0059 0.0364 0.2256 1.0000 1.0000 1.0000 0.0012 0.0077 0.0476 0.2949 1.0000 1.0000 0.0003 0.0016 0.0100 0.0621 0.3849 1.0000 1.0000 0.0003 0.0021 0.0131 0.0812 0.5043 1.0000 1.0000 0.0005 0.0028 0.0178 0.1118 0.7074 1.0000 1.0000 0.0007 0.0044 0.0287 0.1872 1.0000 1.0000 1.0000 0.0014 0.0092 0.0637 0.4507 1.0000 0.4507 0.0637 0.0092 0.0014 1.0000 1.0000 1.0000 0.1869 0.0287 0.0044 0.0007 1.0000 1.0000 0.7074 0.1118 0.0178 0.0028 0.0005 1.0000 1.0000 0.5043 0.0812 0.0131 0.0021 0.0003 1.0000 1.0000 0.3849 0.0621 0.0100 0.0016 0.0003 1.0000 1.0000 0.2949 0.0476 0.0077 0.0012 1.0000 1.0000 1.0000 0.2256 0.0364 0.0059 0.0009 1.0000 1.0000 1.0000 0.1755 0.0225
0.1605 1.0000 1.0000 1.0000 0.0011 0.0068 0.0418 0.2592 1.0000 1.0000 1.0000 0.0014 0.0088 0.0547 0.3389 1.0000 1.0000 0.0003 0.0019 0.0115 0.0714 0.4423 1.0000 1.0000 0.0004 0.0024 0.0151 0.0933 0.5783 1.0000 1.0000 0.0005 0.0032 0.0200 0.1253 0.7854 1.0000 1.0000 0.0007 0.0047 0.0302 0.1948 1.0000 1.0000 1.0000 0.0013 0.0090 0.0605 0.4138 1.0000 1.0000 1.0000 0.4138 0.0605 0.0090 0.0013 1.0000 1.0000 1.0000 0.1948 0.0302 0.0047 0.0007 1.0000 1.0000 0.7854 0.1253 0.0200 0.0032 0.0005 1.0000 1.0000 0.5783 0.0933 0.0151 0.0024 0.0004 1.0000 1.0000 0.4423 0.0714 0.0115 0.0019 0.0003 1.0000 1.0000 0.3389 0.0547 0.0088 0.0014 1.0000 1.0000 1.0000 0.2592 0.0418 0.0068 0.0011 1.0000 1.0000 1.0000 0.1605
1.0000 1.0000 1.0000 0.0013 0.0078 0.0481 0.2978 1.0000 1.0000 0.0003 0.0016 0.0101 0.0628 0.3893 1.0000 1.0000 0.0003 0.0021 0.0132 0.0820 0.5081 1.0000 1.0000 0.0005 0.0028 0.0173 0.1072 0.6644 1.0000 1.0000 0.0006 0.0037 0.0228 0.1418 0.8837 1.0000 1.0000 0.0008 0.0051 0.0326 0.2083 1.0000 1.0000 1.0000 0.0014 0.0090 0.0596 0.3983 1.0000 1.0000 1.0000 1.0000 1.0000 0.3983 0.0596 0.0090 0.0014 1.0000 1.0000 1.0000 0.2083 0.0327 0.0051 0.0008 1.0000 1.0000 0.8837 0.1418 0.0228 0.0037 0.0006 1.0000 1.0000 0.6644 0.1072 0.0173 0.0028 0.0005 1.0000 1.0000 0.5081 0.0820 0.0132 0.0021 0.0003 1.0000 1.0000 0.3893 0.0628 0.0101 0.0016 0.0003 1.0000 1.0000 0.2978 0.0481 0.0078 0.0013 1.0000 1.0000 1.0000
1.0000 1.0000 0.0014 0.0089 0.0552 0.3421 1.0000 1.0000 0.0003 0.0019 0.0117 0.0722 0.4473 1.0000 1.0000 0.0004 0.0025 0.0152 0.0942 0.5838 1.0000 1.0000 0.0005 0.0032 0.0199 0.1232 0.7633 1.0000 1.0000 0.0007 0.0042 0.0260 0.1614 1.0000 1.0000 1.0000 0.0009 0.0057 0.0360 0.2273 1.0000 1.0000 1.0000 0.0014 0.0093 0.0605 0.3983 1.0000 1.0000 0.0005 0.0015 0.0005 1.0000 1.0000 0.3983 0.0605 0.0092 0.0014 1.0000 1.0000 1.0000 0.2273 0.0360 0.0057 0.0009 1.0000 1.0000 1.0000 0.1614 0.0260 0.0042 0.0007 1.0000 1.0000 0.7633 0.1232 0.0199 0.0032 0.0005 1.0000 1.0000 0.5849 0.0942 0.0152 0.0025 0.0004 1.0000 1.0000 0.4473 0.0722 0.0117 0.0019 0.0003 1.0000 1.0000 0.3428 0.0552 0.0089 0.0014 1.0000 1.0000
0.0002 0.0017 0.0102 0.0634 0.3931 1.0000 1.0000 0.0003 0.0022 0.0134 0.0830 0.5139 1.0000 1.0000 0.0005 0.0028 0.0175 0.1083 0.6707 1.0000 1.0000 0.0006 0.0037 0.0228 0.1416 0.8770 1.0000 1.0000 0.0008 0.0048 0.0298 0.1847 1.0000 1.0000 1.0000 0.0010 0.0064 0.0402 0.2524 1.0000 1.0000 0.0002 0.0015 0.0097 0.0630 0.4091 1.0000 1.0000 0.0004 0.0030 0.0099 0.0031 0.0004 1.0000 1.0000 0.4138 0.0637 0.0099 0.0015 0.0002 1.0000 1.0000 0.2553 0.0407 0.0065 0.0010 1.0000 1.0000 1.0000 0.1869 0.0302 0.0049 0.0008 1.0000 1.0000 0.8854 0.1429 0.0231 0.0037 0.0006 1.0000 1.0000 0.6784 0.1095 0.0177 0.0029 0.0005 1.0000 1.0000 0.5189 0.0837 0.0135 0.0022 0.0004 1.0000 1.0000 0.3976 0.0642 0.0103 0.0017 0.0002
0.0015 0.0120 0.0729 0.4516 1.0000 1.0000 0.0004 0.0025 0.0154 0.0953 0.5905 1.0000 1.0000 0.0005 0.0032 0.0201 0.1244 0.7706 1.0000 1.0000 0.0007 0.0042 0.0263 0.1626 1.0000 1.0000 1.0000 0.0009 0.0055 0.0343 0.2123 1.0000 1.0000 1.0000 0.0012 0.0073 0.0454 0.2834 1.0000 1.0000 0.0003 0.0017 0.0105 0.0672 0.4306 1.0000 1.0000 0.0004 0.0029 0.0204 0.0670 0.0210 0.0031 0.0005 1.0000 1.0000 0.4507 0.0702 0.0110 0.0017 0.0003 1.0000 1.0000 0.2955 0.0473 0.0076 0.0012 1.0000 1.0000 1.0000 0.2209 0.0357 0.0058 0.0009 1.0000 1.0000 1.0000 0.1689 0.0273 0.0044 0.0007 1.0000 1.0000 0.8020 0.1295 0.0209 0.0034 0.0005 1.0000 1.0000 0.6134 0.0990 0.0160 0.0026 0.0004 1.0000 1.0000 0.4691 0.0756 0.0124 0.0016
0.0109 0.0850 0.5189 1.0000 1.0000 0.0005 0.0029 0.0177 0.1095 0.6784 1.0000 1.0000 0.0006 0.0037 0.0231 0.1429 0.8854 1.0000 1.0000 0.0008 0.0049 0.0302 0.1869 1.0000 1.0000 1.0000 0.0010 0.0064 0.0394 0.2439 1.0000 1.0000 1.0000 0.0013 0.0083 0.0517 0.3213 1.0000 1.0000 0.0003 0.0018 0.0116 0.0732 0.4647 1.0000 1.0000 0.0005 0.0030 0.0201 0.1487 0.3035 0.0662 0.0099 0.0015 1.0000 1.0000 1.0000 0.2286 0.0359 0.0057 0.0009 1.0000 1.0000 0.9719 0.1557 0.0250 0.0040 0.0006 1.0000 1.0000 0.7279 0.1175 0.0190 0.0031 0.0005 1.0000 1.0000 0.5577 0.0899 0.0145 0.0023 0.0004 1.0000 1.0000 0.4266 0.0688 0.0111 0.0018 0.0003 1.0000 1.0000 0.3268 0.0527 0.0085 0.0014 1.0000 1.0000 1.0000 0.2500 0.0414 0.0055
0.0781 0.6087 1.0000 1.0000 0.0005 0.0033 0.0204 0.1265 0.7839 1.0000 1.0000 0.0007 0.0043 0.0267 0.1651 1.0000 1.0000 1.0000 0.0009 0.0056 0.0349 0.2159 1.0000 1.0000 1.0000 0.0012 0.0073 0.0455 0.2818 1.0000 1.0000 0.0003 0.0015 0.0096 0.0595 0.3692 1.0000 1.0000 0.0003 0.0021 0.0130 0.0815 0.5139 1.0000 1.0000 0.0005 0.0032 0.0205 0.1443 0.5588 0.1157 0.0201 0.0031 0.0005 1.0000 1.0000 0.4507 0.0702 0.0110 0.0017 0.0003 1.0000 1.0000 0.2955 0.0473 0.0076 0.0012 1.0000 1.0000 1.0000 0.2209 0.0357 0.0058 0.0009 1.0000 1.0000 1.0000 0.1689 0.0273 0.0044 0.0007 1.0000 1.0000 0.8020 0.1295 0.0209 0.0034 0.0005 1.0000 1.0000 0.6134 0.0990 0.0160 0.0026 0.0004 1.0000 1.0000 0.4691 0.0756 0.0124 0.0016
0.5588 1.0000 1.0000 0.0006 0.0039 0.0239 0.1482 0.9180 1.0000 1.0000 0.0008 0.0050 0.0313 0.1937 1.0000 1.0000 1.0000 0.0011 0.0066 0.0408 0.2528 1.0000 1.0000 1.0000 0.0014 0.0086 0.0534 0.3306 1.0000 1.0000 0.0003 0.0018 0.0112 0.0696 0.4315 1.0000 1.0000 0.0004 0.0024 0.0149 0.0932 0.5838 1.0000 1.0000 0.0005 0.0035 0.0221 0.1445 1.0000 1.0000 0.0137 0.0029 0.0004 1.0000 1.0000 0.4138 0.0637 0.0099 0.0015 0.0002 1.0000 1.0000 0.2553 0.0407 0.0065 0.0010 1.0000 1.0000 1.0000 0.1869 0.0302 0.0049 0.0008 1.0000 1.0000 0.8854 0.1429 0.0231 0.0037 0.0006 1.0000 1.0000 0.6784 0.1095 0.0177 0.0029 0.0005 1.0000 1.0000 0.5189 0.0837 0.0135 0.0022 0.0004 1.0000 1.0000 0.3976 0.0642 0.0103 0.0017 0.0002
1.0000 1.0000 0.0005 0.0030 0.0186 0.1153 0.7142 1.0000 1.0000 0.0006 0.0039 0.0243 0.1507 0.9338 1.0000 1.0000 0.0008 0.0051 0.0317 0.1967 1.0000 1.0000 1.0000 0.0011 0.0067 0.0415 0.2572 1.0000 1.0000 1.0000 0.0014 0.0088 0.0544 0.3376 1.0000 1.0000 0.0003 0.0019 0.0119 0.0747 0.4700 1.0000 1.0000 0.0004 0.0029 0.0186 0.1202 0.7914 1.0000 1.0000 0.0008 0.0005 1.0000 1.0000 0.3983 0.0605 0.0092 0.0014 1.0000 1.0000 1.0000 0.2273 0.0360 0.0057 0.0009 1.0000 1.0000 1.0000 0.1614 0.0260 0.0042 0.0007 1.0000 1.0000 0.7633 0.1232 0.0199 0.0032 0.0005 1.0000 1.0000 0.5849 0.0942 0.0152 0.0025 0.0004 1.0000 1.0000 0.4473 0.0722 0.0117 0.0019 0.0003 1.0000 1.0000 0.3428 0.0552 0.0089 0.0014 1.0000 1.0000
1.0000 1.0000 1.0000 0.0013 0.0082 0.0507 0.3141 1.0000 1.0000 0.0003 0.0017 0.0107 0.0663 0.4099 1.0000 1.0000 0.0004 0.0023 0.0140 0.0865 0.5359 1.0000 1.0000 0.0005 0.0029 0.0182 0.1131 0.6994 1.0000 1.0000 0.0006 0.0039 0.0241 0.1499 0.9356 1.0000 1.0000 0.0009 0.0055 0.0347 0.2209 1.0000 1.0000 1.0000 0.0015 0.0096 0.0636 0.4249 1.0000 1.0000 1.0000 1.0000 1.0000 0.3983 0.0596 0.0090 0.0014 1.0000 1.0000 1.0000 0.2083 0.0327 0.0051 0.0008 1.0000 1.0000 0.8837 0.1418 0.0228 0.0037 0.0006 1.0000 1.0000 0.6644 0.1072 0.0173 0.0028 0.0005 1.0000 1.0000 0.5081 0.0820 0.0132 0.0021 0.0003 1.0000 1.0000 0.3893 0.0628 0.0101 0.0016 0.0003 1.0000 1.0000 0.2978 0.0481 0.0078 0.0013 1.0000 1.0000 1.0000
0.1620 1.0000 1.0000 1.0000 0.0011 0.0069 0.0426 0.2631 1.0000 1.0000 1.0000 0.0014 0.0090 0.0555 0.3441 1.0000 1.0000 0.0003 0.0019 0.0117 0.0726 0.4490 1.0000 1.0000 0.0004 0.0025 0.0153 0.0948 0.5871 1.0000 1.0000 0.0005 0.0033 0.0204 0.1275 0.7990 1.0000 1.0000 0.0008 0.0048 0.0307 0.1986 1.0000 1.0000 1.0000 0.0014 0.0092 0.0617 0.4225 1.0000 1.0000 1.0000 0.4138 0.0605 0.0090 0.0013 1.0000 1.0000 1.0000 0.1948 0.0302 0.0047 0.0007 1.0000 1.0000 0.7854 0.1253 0.0200 0.0032 0.0005 1.0000 1.0000 0.5783 0.0933 0.0151 0.0024 0.0004 1.0000 1.0000 0.4423 0.0714 0.0115 0.0019 0.0003 1.0000 1.0000 0.3389 0.0547 0.0088 0.0014 1.0000 1.0000 1.0000 0.2592 0.0418 0.0068 0.0011 1.0000 1.0000 1.0000 0.1605
