0.0085 0.0776 0.5514 1.0000 1.0000 0.0007 0.0053 0.0377 0.2682 1.0000 1.0000 0.0004 0.0026 0.0183 0.1302 0.9267 1.0000 1.0000 0.0012 0.0089 0.0631 0.4499 1.0000 1.0000 0.0006 0.0043 0.0306 0.2180 1.0000 1.0000 0.0003 0.0021 0.0148 0.1058 0.7518 1.0000 1.0000 0.0010 0.0072 0.0513 0.3650 1.0000 1.0000 0.0005 0.0035 0.0249 0.1772 1.0000 1.0000 0.0002 0.0009 0.0002 1.0000 1.0000 0.1772 0.0249 0.0035 0.0005 1.0000 1.0000 0.3650 0.0513 0.0072 0.0010 1.0000 1.0000 0.7518 0.1058 0.0148 0.0021 0.0003 1.0000 1.0000 0.2180 0.0306 0.0043 0.0006 1.0000 1.0000 0.4499 0.0631 0.0089 0.0012 1.0000 1.0000 0.9267 0.1302 0.0183 0.0026 0.0004 1.0000 1.0000 0.2682 0.0377 0.0053 0.0007 1.0000 1.0000 0.5514 0.0776 0.0085
0.0776 0.6506 1.0000 1.0000 0.0008 0.0058 0.0414 0.2938 1.0000 1.0000 0.0004 0.0028 0.0200 0.1426 1.0000 1.0000 1.0000 0.0014 0.0097 0.0691 0.4920 1.0000 1.0000 0.0007 0.0047 0.0335 0.2384 1.0000 1.0000 0.0003 0.0023 0.0163 0.1157 0.8237 1.0000 1.0000 0.0011 0.0079 0.0561 0.3998 1.0000 1.0000 0.0005 0.0038 0.0272 0.1937 1.0000 1.0000 0.0003 0.0019 0.0064 0.0019 0.0003 1.0000 1.0000 0.1937 0.0272 0.0038 0.0005 1.0000 1.0000 0.3998 0.0561 0.0079 0.0011 1.0000 1.0000 0.8237 0.1157 0.0163 0.0023 0.0003 1.0000 1.0000 0.2384 0.0335 0.0047 0.0007 1.0000 1.0000 0.4920 0.0691 0.0097 0.0014 1.0000 1.0000 1.0000 0.1426 0.0200 0.0028 0.0004 1.0000 1.0000 0.2938 0.0414 0.0058 0.0008 1.0000 1.0000 0.6506 0.0776
0.5514 1.0000 1.0000 0.0007 0.0051 0.0360 0.2543 1.0000 1.0000 0.0003 0.0024 0.0171 0.1220 0.8687 1.0000 1.0000 0.0012 0.0083 0.0591 0.4209 1.0000 1.0000 0.0006 0.0040 0.0287 0.2043 1.0000 1.0000 0.0003 0.0020 0.0139 0.0990 0.7047 1.0000 1.0000 0.0009 0.0068 0.0481 0.3421 1.0000 1.0000 0.0005 0.0033 0.0233 0.1658 1.0000 1.0000 1.0000 0.0016 0.0117 0.0388 0.0117 0.0016 1.0000 1.0000 1.0000 0.1658 0.0233 0.0033 0.0005 1.0000 1.0000 0.3421 0.0481 0.0068 0.0009 1.0000 1.0000 0.7047 0.0990 0.0139 0.0020 0.0003 1.0000 1.0000 0.2043 0.0287 0.0040 0.0006 1.0000 1.0000 0.4209 0.0591 0.0083 0.0012 1.0000 1.0000 0.8687 0.1220 0.0171 0.0024 0.0003 1.0000 1.0000 0.2543 0.0360 0.0051 0.0007 1.0000 1.0000 0.5514
1.0000 1.0000 0.0007 0.0049 0.0334 0.2303 1.0000 1.0000 0.0003 0.0021 0.0150 0.1064 0.7576 1.0000 1.0000 0.0010 0.0072 0.0516 0.3671 1.0000 1.0000 0.0005 0.0035 0.0250 0.1778 1.0000 1.0000 0.0002 0.0017 0.0121 0.0863 0.6146 1.0000 1.0000 0.0008 0.0059 0.0418 0.2978 1.0000 1.0000 0.0004 0.0029 0.0203 0.1445 1.0000 1.0000 1.0000 0.0014 0.0100 0.0728 0.2402 0.0728 0.0100 0.0014 1.0000 1.0000 1.0000 0.1445 0.0203 0.0029 0.0004 1.0000 1.0000 0.2978 0.0418 0.0059 0.0008 1.0000 1.0000 0.6146 0.0863 0.0121 0.0017 0.0002 1.0000 1.0000 0.1778 0.0250 0.0035 0.0005 1.0000 1.0000 0.3671 0.0516 0.0072 0.0010 1.0000 1.0000 0.7576 0.1064 0.0150 0.0021 0.0003 1.0000 1.0000 0.2303 0.0334 0.0049 0.0007 1.0000 1.0000
1.0000 0.0008 0.0051 0.0334 0.2213 1.0000 1.0000 0.0003 0.0019 0.0132 0.0933 0.6619 1.0000 1.0000 0.0009 0.0063 0.0449 0.3195 1.0000 1.0000 0.0004 0.0031 0.0217 0.1548 1.0000 1.0000 1.0000 0.0015 0.0106 0.0751 0.5349 1.0000 1.0000 0.0007 0.0051 0.0364 0.2592 1.0000 1.0000 0.0003 0.0025 0.0177 0.1258 0.8956 1.0000 1.0000 0.0012 0.0086 0.0617 0.4516 1.0000 0.4516 0.0617 0.0086 0.0012 1.0000 1.0000 0.8956 0.1258 0.0177 0.0025 0.0003 1.0000 1.0000 0.2592 0.0364 0.0051 0.0007 1.0000 1.0000 0.5349 0.0751 0.0106 0.0015 1.0000 1.0000 1.0000 0.1548 0.0217 0.0031 0.0004 1.0000 1.0000 0.3195 0.0449 0.0063 0.0009 1.0000 1.0000 0.6619 0.0933 0.0132 0.0019 0.0003 1.0000 1.0000 0.2213 0.0334 0.0051 0.0008 1.0000
0.0007 0.0058 0.0360 0.2303 1.0000 1.0000 0.0003 0.0017 0.0119 0.0831 0.5849 1.0000 1.0000 0.0008 0.0055 0.0391 0.2781 1.0000 1.0000 0.0004 0.0027 0.0189 0.1347 0.9590 1.0000 1.0000 0.0013 0.0092 0.0654 0.4656 1.0000 1.0000 0.0006 0.0045 0.0317 0.2256 1.0000 1.0000 0.0003 0.0022 0.0154 0.1095 0.7795 1.0000 1.0000 0.0010 0.0075 0.0532 0.3820 1.0000 1.0000 1.0000 0.3820 0.0532 0.0075 0.0010 1.0000 1.0000 0.7795 0.1095 0.0154 0.0022 0.0003 1.0000 1.0000 0.2256 0.0317 0.0045 0.0006 1.0000 1.0000 0.4656 0.0654 0.0092 0.0013 1.0000 1.0000 0.9590 0.1347 0.0189 0.0027 0.0004 1.0000 1.0000 0.2781 0.0391 0.0055 0.0008 1.0000 1.0000 0.5849 0.0831 0.0119 0.0017 0.0003 1.0000 1.0000 0.2303 0.0360 0.0058 0.0007
0.0053 0.0414 0.2543 1.0000 1.0000 0.0003 0.0017 0.0112 0.0766 0.5298 1.0000 1.0000 0.0007 0.0048 0.0341 0.2425 1.0000 1.0000 0.0003 0.0023 0.0165 0.1173 0.8347 1.0000 1.0000 0.0011 0.0080 0.0569 0.4052 1.0000 1.0000 0.0005 0.0039 0.0276 0.1963 1.0000 1.0000 0.0003 0.0019 0.0134 0.0953 0.6784 1.0000 1.0000 0.0009 0.0065 0.0462 0.3287 1.0000 1.0000 1.0000 1.0000 1.0000 0.3287 0.0462 0.0065 0.0009 1.0000 1.0000 0.6784 0.0953 0.0134 0.0019 0.0003 1.0000 1.0000 0.1963 0.0276 0.0039 0.0005 1.0000 1.0000 0.4052 0.0569 0.0080 0.0011 1.0000 1.0000 0.8347 0.1173 0.0165 0.0023 0.0003 1.0000 1.0000 0.2425 0.0341 0.0048 0.0007 1.0000 1.0000 0.5298 0.0766 0.0112 0.0017 0.0003 1.0000 1.0000 0.2543 0.0414 0.0053
0.0377 0.2938 1.0000 1.0000 0.0003 0.0017 0.0112 0.0743 0.5004 1.0000 1.0000 0.0006 0.0043 0.0302 0.2131 1.0000 1.0000 0.0003 0.0020 0.0143 0.1021 0.7265 1.0000 1.0000 0.0010 0.0070 0.0495 0.3527 1.0000 1.0000 0.0005 0.0034 0.0240 0.1709 1.0000 1.0000 1.0000 0.0016 0.0117 0.0830 0.5905 1.0000 1.0000 0.0008 0.0056 0.0402 0.2861 1.0000 1.0000 0.0004 0.0013 0.0004 1.0000 1.0000 0.2861 0.0402 0.0056 0.0008 1.0000 1.0000 0.5905 0.0830 0.0117 0.0016 1.0000 1.0000 1.0000 0.1709 0.0240 0.0034 0.0005 1.0000 1.0000 0.3527 0.0495 0.0070 0.0010 1.0000 1.0000 0.7265 0.1021 0.0143 0.0020 0.0003 1.0000 1.0000 0.2131 0.0302 0.0043 0.0006 1.0000 1.0000 0.5004 0.0743 0.0112 0.0017 0.0003 1.0000 1.0000 0.2938 0.0377
0.2682 1.0000 1.0000 0.0003 0.0019 0.0119 0.0766 0.5004 1.0000 1.0000 0.0006 0.0039 0.0272 0.1901 1.0000 1.0000 0.0002 0.0018 0.0125 0.0890 0.6323 1.0000 1.0000 0.0009 0.0061 0.0431 0.3070 1.0000 1.0000 0.0004 0.0029 0.0209 0.1487 1.0000 1.0000 1.0000 0.0014 0.0101 0.0722 0.5139 1.0000 1.0000 0.0007 0.0049 0.0350 0.2490 1.0000 1.0000 0.0003 0.0025 0.0082 0.0025 0.0003 1.0000 1.0000 0.2490 0.0350 0.0049 0.0007 1.0000 1.0000 0.5139 0.0722 0.0101 0.0014 1.0000 1.0000 1.0000 0.1487 0.0209 0.0029 0.0004 1.0000 1.0000 0.3070 0.0431 0.0061 0.0009 1.0000 1.0000 0.6323 0.0890 0.0125 0.0018 0.0002 1.0000 1.0000 0.1901 0.0272 0.0039 0.0006 1.0000 1.0000 0.5004 0.0766 0.0119 0.0019 0.0003 1.0000 1.0000 0.2682
1.0000 1.0000 0.0003 0.0021 0.0132 0.0831 0.5298 1.0000 1.0000 0.0006 0.0037 0.0253 0.1738 1.0000 1.0000 1.0000 0.0016 0.0110 0.0779 0.5525 1.0000 1.0000 0.0007 0.0053 0.0375 0.2672 1.0000 1.0000 0.0004 0.0026 0.0182 0.1295 0.9215 1.0000 1.0000 0.0012 0.0088 0.0628 0.4473 1.0000 1.0000 0.0006 0.0043 0.0304 0.2167 1.0000 1.0000 0.0003 0.0021 0.0154 0.0507 0.0154 0.0021 0.0003 1.0000 1.0000 0.2167 0.0304 0.0043 0.0006 1.0000 1.0000 0.4473 0.0628 0.0088 0.0012 1.0000 1.0000 0.9215 0.1295 0.0182 0.0026 0.0004 1.0000 1.0000 0.2672 0.0375 0.0053 0.0007 1.0000 1.0000 0.5525 0.0779 0.0110 0.0016 1.0000 1.0000 1.0000 0.1738 0.0253 0.0037 0.0006 1.0000 1.0000 0.5298 0.0831 0.0132 0.0021 0.0003 1.0000 1.0000
1.0000 0.0004 0.0024 0.0150 0.0933 0.5849 1.0000 1.0000 0.0006 0.0037 0.0247 0.1658 1.0000 1.0000 1.0000 0.0014 0.0098 0.0687 0.4854 1.0000 1.0000 0.0006 0.0046 0.0327 0.2325 1.0000 1.0000 0.0003 0.0022 0.0158 0.1127 0.8020 1.0000 1.0000 0.0011 0.0077 0.0547 0.3893 1.0000 1.0000 0.0005 0.0037 0.0265 0.1886 1.0000 1.0000 0.0003 0.0018 0.0130 0.0951 0.3135 0.0951 0.0130 0.0018 0.0003 1.0000 1.0000 0.1886 0.0265 0.0037 0.0005 1.0000 1.0000 0.3893 0.0547 0.0077 0.0011 1.0000 1.0000 0.8020 0.1127 0.0158 0.0022 0.0003 1.0000 1.0000 0.2325 0.0327 0.0046 0.0006 1.0000 1.0000 0.4854 0.0687 0.0098 0.0014 1.0000 1.0000 1.0000 0.1658 0.0247 0.0037 0.0006 1.0000 1.0000 0.5849 0.0933 0.0150 0.0024 0.0004 1.0000
0.0004 0.0028 0.0171 0.1064 0.6619 1.0000 1.0000 0.0006 0.0039 0.0253 0.1658 1.0000 1.0000 1.0000 0.0013 0.0089 0.0617 0.4323 1.0000 1.0000 0.0006 0.0040 0.0285 0.2028 1.0000 1.0000 0.0003 0.0019 0.0138 0.0981 0.6981 1.0000 1.0000 0.0009 0.0067 0.0476 0.3389 1.0000 1.0000 0.0005 0.0032 0.0231 0.1642 1.0000 1.0000 1.0000 0.0016 0.0112 0.0805 0.5894 1.0000 0.5894 0.0805 0.0112 0.0016 1.0000 1.0000 1.0000 0.1642 0.0231 0.0032 0.0005 1.0000 1.0000 0.3389 0.0476 0.0067 0.0009 1.0000 1.0000 0.6981 0.0981 0.0138 0.0019 0.0003 1.0000 1.0000 0.2028 0.0285 0.0040 0.0006 1.0000 1.0000 0.4323 0.0617 0.0089 0.0013 1.0000 1.0000 1.0000 0.1658 0.0253 0.0039 0.0006 1.0000 1.0000 0.6619 0.1064 0.0171 0.0028 0.0004
0.0026 0.0200 0.1220 0.7576 1.0000 1.0000 0.0007 0.0043 0.0272 0.1738 1.0000 1.0000 1.0000 0.0012 0.0083 0.0569 0.3931 1.0000 1.0000 0.0005 0.0035 0.0250 0.1772 1.0000 1.0000 0.0002 0.0017 0.0120 0.0854 0.6076 1.0000 1.0000 0.0008 0.0058 0.0414 0.2949 1.0000 1.0000 0.0004 0.0028 0.0201 0.1429 1.0000 1.0000 1.0000 0.0014 0.0097 0.0694 0.4985 1.0000 1.0000 1.0000 0.4985 0.0694 0.0097 0.0014 1.0000 1.0000 1.0000 0.1429 0.0201 0.0028 0.0004 1.0000 1.0000 0.2949 0.0414 0.0058 0.0008 1.0000 1.0000 0.6076 0.0854 0.0120 0.0017 0.0002 1.0000 1.0000 0.1772 0.0250 0.0035 0.0005 1.0000 1.0000 0.3931 0.0569 0.0083 0.0012 1.0000 1.0000 1.0000 0.1738 0.0272 0.0043 0.0007 1.0000 1.0000 0.7576 0.1220 0.0200 0.0026
0.0183 0.1426 0.8687 1.0000 1.0000 0.0008 0.0048 0.0302 0.1901 1.0000 1.0000 1.0000 0.0012 0.0081 0.0544 0.3692 1.0000 1.0000 0.0005 0.0032 0.0222 0.1563 1.0000 1.0000 1.0000 0.0015 0.0105 0.0743 0.5288 1.0000 1.0000 0.0007 0.0051 0.0361 0.2567 1.0000 1.0000 0.0003 0.0025 0.0175 0.1244 0.8854 1.0000 1.0000 0.0012 0.0085 0.0604 0.4298 1.0000 1.0000 0.0003 1.0000 1.0000 0.4298 0.0604 0.0085 0.0012 1.0000 1.0000 0.8854 0.1244 0.0175 0.0025 0.0003 1.0000 1.0000 0.2567 0.0361 0.0051 0.0007 1.0000 1.0000 0.5288 0.0743 0.0105 0.0015 1.0000 1.0000 1.0000 0.1563 0.0222 0.0032 0.0005 1.0000 1.0000 0.3692 0.0544 0.0081 0.0012 1.0000 1.0000 1.0000 0.1901 0.0302 0.0048 0.0008 1.0000 1.0000 0.8687 0.1426 0.0183
0.1302 1.0000 1.0000 1.0000 0.0009 0.0055 0.0341 0.2131 1.0000 1.0000 1.0000 0.0013 0.0083 0.0544 0.3608 1.0000 1.0000 0.0004 0.0029 0.0200 0.1397 0.9812 1.0000 1.0000 0.0013 0.0091 0.0649 0.4611 1.0000 1.0000 0.0006 0.0044 0.0314 0.2234 1.0000 1.0000 0.0003 0.0021 0.0152 0.1083 0.7706 1.0000 1.0000 0.0010 0.0074 0.0526 0.3741 1.0000 1.0000 0.0005 0.0017 0.0005 1.0000 1.0000 0.3741 0.0526 0.0074 0.0010 1.0000 1.0000 0.7706 0.1083 0.0152 0.0021 0.0003 1.0000 1.0000 0.2234 0.0314 0.0044 0.0006 1.0000 1.0000 0.4611 0.0649 0.0091 0.0013 1.0000 1.0000 0.9812 0.1397 0.0200 0.0029 0.0004 1.0000 1.0000 0.3608 0.0544 0.0083 0.0013 1.0000 1.0000 1.0000 0.2131 0.0341 0.0055 0.0009 1.0000 1.0000 1.0000 0.1302
0.9267 1.0000 1.0000 0.0010 0.0063 0.0391 0.2425 1.0000 1.0000 1.0000 0.0014 0.0089 0.0569 0.3692 1.0000 1.0000 0.0004 0.0027 0.0185 0.1277 0.8871 1.0000 1.0000 0.0011 0.0080 0.0569 0.4037 1.0000 1.0000 0.0005 0.0038 0.0273 0.1945 1.0000 1.0000 0.0003 0.0019 0.0132 0.0942 0.6707 1.0000 1.0000 0.0009 0.0064 0.0457 0.3256 1.0000 1.0000 0.0004 0.0032 0.0107 0.0032 0.0004 1.0000 1.0000 0.3256 0.0457 0.0064 0.0009 1.0000 1.0000 0.6707 0.0942 0.0132 0.0019 0.0003 1.0000 1.0000 0.1945 0.0273 0.0038 0.0005 1.0000 1.0000 0.4037 0.0569 0.0080 0.0011 1.0000 1.0000 0.8871 0.1277 0.0185 0.0027 0.0004 1.0000 1.0000 0.3692 0.0569 0.0089 0.0014 1.0000 1.0000 1.0000 0.2425 0.0391 0.0063 0.0010 1.0000 1.0000 0.9267
1.0000 1.0000 0.0012 0.0072 0.0449 0.2781 1.0000 1.0000 0.0002 0.0016 0.0098 0.0617 0.3931 1.0000 1.0000 0.0004 0.0027 0.0178 0.1204 0.8221 1.0000 1.0000 0.0010 0.0072 0.0504 0.3554 1.0000 1.0000 0.0005 0.0033 0.0238 0.1693 1.0000 1.0000 1.0000 0.0016 0.0115 0.0820 0.5838 1.0000 1.0000 0.0008 0.0056 0.0398 0.2834 1.0000 1.0000 0.0004 0.0027 0.0201 0.0662 0.0201 0.0027 0.0004 1.0000 1.0000 0.2834 0.0398 0.0056 0.0008 1.0000 1.0000 0.5838 0.0820 0.0115 0.0016 1.0000 1.0000 1.0000 0.1693 0.0238 0.0033 0.0005 1.0000 1.0000 0.3554 0.0504 0.0072 0.0010 1.0000 1.0000 0.8221 0.1204 0.0178 0.0027 0.0004 1.0000 1.0000 0.3931 0.0617 0.0098 0.0016 0.0002 1.0000 1.0000 0.2781 0.0449 0.0072 0.0012 1.0000 1.0000
1.0000 0.0014 0.0083 0.0516 0.3195 1.0000 1.0000 0.0003 0.0018 0.0110 0.0687 0.4323 1.0000 1.0000 0.0004 0.0027 0.0178 0.1182 0.7914 1.0000 1.0000 0.0009 0.0065 0.0452 0.3171 1.0000 1.0000 0.0004 0.0029 0.0208 0.1476 1.0000 1.0000 1.0000 0.0014 0.0100 0.0714 0.5081 1.0000 1.0000 0.0007 0.0049 0.0347 0.2467 1.0000 1.0000 0.0003 0.0024 0.0170 0.1244 0.4099 0.1244 0.0170 0.0024 0.0003 1.0000 1.0000 0.2467 0.0347 0.0049 0.0007 1.0000 1.0000 0.5081 0.0714 0.0100 0.0014 1.0000 1.0000 1.0000 0.1476 0.0208 0.0029 0.0004 1.0000 1.0000 0.3171 0.0452 0.0065 0.0009 1.0000 1.0000 0.7914 0.1182 0.0178 0.0027 0.0004 1.0000 1.0000 0.4323 0.0687 0.0110 0.0018 0.0003 1.0000 1.0000 0.3195 0.0516 0.0083 0.0014 1.0000
0.0012 0.0097 0.0591 0.3671 1.0000 1.0000 0.0003 0.0020 0.0125 0.0779 0.4854 1.0000 1.0000 0.0005 0.0029 0.0185 0.1204 0.7914 1.0000 1.0000 0.0009 0.0060 0.0415 0.2877 1.0000 1.0000 0.0004 0.0026 0.0183 0.1292 0.9162 1.0000 1.0000 0.0012 0.0087 0.0621 0.4423 1.0000 1.0000 0.0006 0.0042 0.0302 0.2147 1.0000 1.0000 0.0003 0.0021 0.0146 0.1052 0.7706 1.0000 0.7706 0.1052 0.0146 0.0021 0.0003 1.0000 1.0000 0.2147 0.0302 0.0042 0.0006 1.0000 1.0000 0.4423 0.0621 0.0087 0.0012 1.0000 1.0000 0.9162 0.1292 0.0183 0.0026 0.0004 1.0000 1.0000 0.2877 0.0415 0.0060 0.0009 1.0000 1.0000 0.7914 0.1204 0.0185 0.0029 0.0005 1.0000 1.0000 0.4854 0.0779 0.0125 0.0020 0.0003 1.0000 1.0000 0.3671 0.0591 0.0097 0.0012
0.0089 0.0691 0.4209 1.0000 1.0000 0.0004 0.0023 0.0143 0.0890 0.5525 1.0000 1.0000 0.0005 0.0032 0.0200 0.1277 0.8221 1.0000 1.0000 0.0009 0.0058 0.0393 0.2677 1.0000 1.0000 0.0003 0.0023 0.0162 0.1142 0.8066 1.0000 1.0000 0.0011 0.0076 0.0541 0.3849 1.0000 1.0000 0.0005 0.0037 0.0263 0.1869 1.0000 1.0000 0.0003 0.0018 0.0127 0.0907 0.6519 1.0000 1.0000 1.0000 0.6519 0.0907 0.0127 0.0018 0.0003 1.0000 1.0000 0.1869 0.0263 0.0037 0.0005 1.0000 1.0000 0.3849 0.0541 0.0076 0.0011 1.0000 1.0000 0.8066 0.1142 0.0162 0.0023 0.0003 1.0000 1.0000 0.2677 0.0393 0.0058 0.0009 1.0000 1.0000 0.8221 0.1277 0.0200 0.0032 0.0005 1.0000 1.0000 0.5525 0.0890 0.0143 0.0023 0.0004 1.0000 1.0000 0.4209 0.0691 0.0089
0.0631 0.4920 1.0000 1.0000 0.0004 0.0027 0.0165 0.1021 0.6323 1.0000 1.0000 0.0006 0.0035 0.0222 0.1397 0.8871 1.0000 1.0000 0.0009 0.0058 0.0386 0.2582 1.0000 1.0000 0.0003 0.0021 0.0146 0.1023 0.7169 1.0000 1.0000 0.0009 0.0067 0.0472 0.3357 1.0000 1.0000 0.0005 0.0032 0.0228 0.1626 1.0000 1.0000 1.0000 0.0016 0.0111 0.0788 0.5609 1.0000 1.0000 0.0004 1.0000 1.0000 0.5609 0.0788 0.0111 0.0016 1.0000 1.0000 1.0000 0.1626 0.0228 0.0032 0.0005 1.0000 1.0000 0.3357 0.0472 0.0067 0.0009 1.0000 1.0000 0.7169 0.1023 0.0146 0.0021 0.0003 1.0000 1.0000 0.2582 0.0386 0.0058 0.0009 1.0000 1.0000 0.8871 0.1397 0.0222 0.0035 0.0006 1.0000 1.0000 0.6323 0.1021 0.0165 0.0027 0.0004 1.0000 1.0000 0.4920 0.0631
0.4499 1.0000 1.0000 0.0005 0.0031 0.0189 0.1173 0.7265 1.0000 1.0000 0.0006 0.0040 0.0250 0.1563 0.9812 1.0000 1.0000 0.0009 0.0060 0.0393 0.2582 1.0000 1.0000 0.0003 0.0020 0.0135 0.0932 0.6482 1.0000 1.0000 0.0008 0.0059 0.0415 0.2938 1.0000 1.0000 0.0004 0.0028 0.0199 0.1416 1.0000 1.0000 1.0000 0.0014 0.0096 0.0686 0.4882 1.0000 1.0000 0.0007 0.0023 0.0007 1.0000 1.0000 0.4882 0.0686 0.0096 0.0014 1.0000 1.0000 1.0000 0.1416 0.0199 0.0028 0.0004 1.0000 1.0000 0.2938 0.0415 0.0059 0.0008 1.0000 1.0000 0.6482 0.0932 0.0135 0.0020 0.0003 1.0000 1.0000 0.2582 0.0393 0.0060 0.0009 1.0000 1.0000 0.9812 0.1563 0.0250 0.0040 0.0006 1.0000 1.0000 0.7265 0.1173 0.0189 0.0031 0.0005 1.0000 1.0000 0.4499
1.0000 1.0000 0.0006 0.0035 0.0217 0.1347 0.8347 1.0000 1.0000 0.0007 0.0046 0.0285 0.1772 1.0000 1.0000 1.0000 0.0010 0.0065 0.0415 0.2677 1.0000 1.0000 0.0003 0.0019 0.0128 0.0872 0.5973 1.0000 1.0000 0.0007 0.0052 0.0368 0.2592 1.0000 1.0000 0.0003 0.0024 0.0173 0.1232 0.8770 1.0000 1.0000 0.0012 0.0084 0.0597 0.4249 1.0000 1.0000 0.0006 0.0042 0.0139 0.0042 0.0006 1.0000 1.0000 0.4249 0.0597 0.0084 0.0012 1.0000 1.0000 0.8770 0.1232 0.0173 0.0024 0.0003 1.0000 1.0000 0.2592 0.0368 0.0052 0.0007 1.0000 1.0000 0.5973 0.0872 0.0128 0.0019 0.0003 1.0000 1.0000 0.2677 0.0415 0.0065 0.0010 1.0000 1.0000 1.0000 0.1772 0.0285 0.0046 0.0007 1.0000 1.0000 0.8347 0.1347 0.0217 0.0035 0.0006 1.0000 1.0000
1.0000 0.0007 0.0040 0.0250 0.1548 0.9590 1.0000 1.0000 0.0009 0.0053 0.0327 0.2028 1.0000 1.0000 1.0000 0.0011 0.0072 0.0452 0.2877 1.0000 1.0000 0.0003 0.0019 0.0126 0.0841 0.5674 1.0000 1.0000 0.0007 0.0047 0.0330 0.2308 1.0000 1.0000 0.0003 0.0021 0.0151 0.1074 0.7648 1.0000 1.0000 0.0010 0.0073 0.0520 0.3699 1.0000 1.0000 0.0005 0.0036 0.0262 0.0865 0.0262 0.0036 0.0005 1.0000 1.0000 0.3699 0.0520 0.0073 0.0010 1.0000 1.0000 0.7648 0.1074 0.0151 0.0021 0.0003 1.0000 1.0000 0.2308 0.0330 0.0047 0.0007 1.0000 1.0000 0.5674 0.0841 0.0126 0.0019 0.0003 1.0000 1.0000 0.2877 0.0452 0.0072 0.0011 1.0000 1.0000 1.0000 0.2028 0.0327 0.0053 0.0009 1.0000 1.0000 0.9590 0.1548 0.0250 0.0040 0.0007 1.0000
0.0006 0.0047 0.0287 0.1778 1.0000 1.0000 1.0000 0.0010 0.0061 0.0375 0.2325 1.0000 1.0000 1.0000 0.0013 0.0080 0.0504 0.3171 1.0000 1.0000 0.0003 0.0020 0.0128 0.0841 0.5567 1.0000 1.0000 0.0006 0.0044 0.0301 0.2090 1.0000 1.0000 0.0003 0.0019 0.0133 0.0942 0.6682 1.0000 1.0000 0.0009 0.0064 0.0452 0.3219 1.0000 1.0000 0.0004 0.0031 0.0222 0.1623 0.5349 0.1623 0.0222 0.0031 0.0004 1.0000 1.0000 0.3219 0.0452 0.0064 0.0009 1.0000 1.0000 0.6682 0.0942 0.0133 0.0019 0.0003 1.0000 1.0000 0.2090 0.0301 0.0044 0.0006 1.0000 1.0000 0.5567 0.0841 0.0128 0.0020 0.0003 1.0000 1.0000 0.3171 0.0504 0.0080 0.0013 1.0000 1.0000 1.0000 0.2325 0.0375 0.0061 0.0010 1.0000 1.0000 1.0000 0.1778 0.0287 0.0047 0.0006
0.0043 0.0335 0.2043 1.0000 1.0000 1.0000 0.0011 0.0070 0.0431 0.2672 1.0000 1.0000 0.0002 0.0015 0.0091 0.0569 0.3554 1.0000 1.0000 0.0003 0.0021 0.0135 0.0872 0.5674 1.0000 1.0000 0.0006 0.0042 0.0283 0.1934 1.0000 1.0000 0.0002 0.0017 0.0118 0.0833 0.5882 1.0000 1.0000 0.0008 0.0055 0.0394 0.2802 1.0000 1.0000 0.0004 0.0027 0.0191 0.1373 1.0000 1.0000 1.0000 0.1373 0.0191 0.0027 0.0004 1.0000 1.0000 0.2802 0.0394 0.0055 0.0008 1.0000 1.0000 0.5882 0.0833 0.0118 0.0017 0.0002 1.0000 1.0000 0.1934 0.0283 0.0042 0.0006 1.0000 1.0000 0.5674 0.0872 0.0135 0.0021 0.0003 1.0000 1.0000 0.3554 0.0569 0.0091 0.0015 0.0002 1.0000 1.0000 0.2672 0.0431 0.0070 0.0011 1.0000 1.0000 1.0000 0.2043 0.0335 0.0043
0.0306 0.2384 1.0000 1.0000 1.0000 0.0013 0.0080 0.0495 0.3070 1.0000 1.0000 0.0003 0.0017 0.0105 0.0649 0.4037 1.0000 1.0000 0.0004 0.0023 0.0146 0.0932 0.5973 1.0000 1.0000 0.0006 0.0041 0.0273 0.1844 1.0000 1.0000 1.0000 0.0015 0.0106 0.0743 0.5218 1.0000 1.0000 0.0007 0.0048 0.0344 0.2443 1.0000 1.0000 0.0003 0.0023 0.0166 0.1184 0.8507 1.0000 1.0000 1.0000 0.8507 0.1184 0.0166 0.0023 0.0003 1.0000 1.0000 0.2443 0.0344 0.0048 0.0007 1.0000 1.0000 0.5218 0.0743 0.0106 0.0015 1.0000 1.0000 1.0000 0.1844 0.0273 0.0041 0.0006 1.0000 1.0000 0.5973 0.0932 0.0146 0.0023 0.0004 1.0000 1.0000 0.4037 0.0649 0.0105 0.0017 0.0003 1.0000 1.0000 0.3070 0.0495 0.0080 0.0013 1.0000 1.0000 1.0000 0.2384 0.0306
0.2180 1.0000 1.0000 0.0002 0.0015 0.0092 0.0569 0.3527 1.0000 1.0000 0.0003 0.0019 0.0120 0.0743 0.4611 1.0000 1.0000 0.0004 0.0026 0.0162 0.1023 0.6482 1.0000 1.0000 0.0006 0.0042 0.0273 0.1813 1.0000 1.0000 1.0000 0.0014 0.0097 0.0676 0.4700 1.0000 1.0000 0.0006 0.0043 0.0302 0.2139 1.0000 1.0000 0.0003 0.0020 0.0145 0.1030 0.7335 1.0000 1.0000 0.0005 1.0000 1.0000 0.7335 0.1030 0.0145 0.0020 0.0003 1.0000 1.0000 0.2139 0.0302 0.0043 0.0006 1.0000 1.0000 0.4700 0.0676 0.0097 0.0014 1.0000 1.0000 1.0000 0.1813 0.0273 0.0042 0.0006 1.0000 1.0000 0.6482 0.1023 0.0162 0.0026 0.0004 1.0000 1.0000 0.4611 0.0743 0.0120 0.0019 0.0003 1.0000 1.0000 0.3527 0.0569 0.0092 0.0015 0.0002 1.0000 1.0000 0.2180
1.0000 1.0000 0.0003 0.0017 0.0106 0.0654 0.4052 1.0000 1.0000 0.0004 0.0022 0.0138 0.0854 0.5288 1.0000 1.0000 0.0005 0.0029 0.0183 0.1142 0.7169 1.0000 1.0000 0.0007 0.0044 0.0283 0.1844 1.0000 1.0000 1.0000 0.0013 0.0092 0.0626 0.4306 1.0000 1.0000 0.0005 0.0038 0.0268 0.1886 1.0000 1.0000 0.0002 0.0018 0.0126 0.0897 0.6384 1.0000 1.0000 0.0009 0.0029 0.0009 1.0000 1.0000 0.6384 0.0897 0.0126 0.0018 0.0002 1.0000 1.0000 0.1886 0.0268 0.0038 0.0005 1.0000 1.0000 0.4306 0.0626 0.0092 0.0013 1.0000 1.0000 1.0000 0.1844 0.0283 0.0044 0.0007 1.0000 1.0000 0.7169 0.1142 0.0183 0.0029 0.0005 1.0000 1.0000 0.5288 0.0854 0.0138 0.0022 0.0004 1.0000 1.0000 0.4052 0.0654 0.0106 0.0017 0.0003 1.0000 1.0000
1.0000 0.0003 0.0020 0.0121 0.0751 0.4656 1.0000 1.0000 0.0004 0.0026 0.0158 0.0981 0.6076 1.0000 1.0000 0.0005 0.0033 0.0208 0.1292 0.8066 1.0000 1.0000 0.0007 0.0047 0.0301 0.1934 1.0000 1.0000 1.0000 0.0013 0.0089 0.0598 0.4060 1.0000 1.0000 0.0005 0.0034 0.0240 0.1680 1.0000 1.0000 1.0000 0.0016 0.0110 0.0782 0.5567 1.0000 1.0000 0.0008 0.0055 0.0182 0.0055 0.0008 1.0000 1.0000 0.5567 0.0782 0.0110 0.0016 1.0000 1.0000 1.0000 0.1680 0.0240 0.0034 0.0005 1.0000 1.0000 0.4060 0.0598 0.0089 0.0013 1.0000 1.0000 1.0000 0.1934 0.0301 0.0047 0.0007 1.0000 1.0000 0.8066 0.1292 0.0208 0.0033 0.0005 1.0000 1.0000 0.6076 0.0981 0.0158 0.0026 0.0004 1.0000 1.0000 0.4656 0.0751 0.0121 0.0020 0.0003 1.0000
0.0003 0.0023 0.0139 0.0863 0.5349 1.0000 1.0000 0.0005 0.0029 0.0182 0.1127 0.6981 1.0000 1.0000 0.0006 0.0038 0.0238 0.1476 0.9162 1.0000 1.0000 0.0008 0.0052 0.0330 0.2090 1.0000 1.0000 1.0000 0.0013 0.0089 0.0588 0.3931 1.0000 1.0000 0.0005 0.0031 0.0218 0.1516 1.0000 1.0000 1.0000 0.0014 0.0097 0.0686 0.4864 1.0000 1.0000 0.0006 0.0047 0.0343 0.1129 0.0343 0.0047 0.0006 1.0000 1.0000 0.4864 0.0686 0.0097 0.0014 1.0000 1.0000 1.0000 0.1516 0.0218 0.0031 0.0005 1.0000 1.0000 0.3931 0.0588 0.0089 0.0013 1.0000 1.0000 1.0000 0.2090 0.0330 0.0052 0.0008 1.0000 1.0000 0.9162 0.1476 0.0238 0.0038 0.0006 1.0000 1.0000 0.6981 0.1127 0.0182 0.0029 0.0005 1.0000 1.0000 0.5349 0.0863 0.0139 0.0023 0.0003
0.0021 0.0163 0.0990 0.6146 1.0000 1.0000 0.0005 0.0034 0.0209 0.1295 0.8020 1.0000 1.0000 0.0007 0.0044 0.0273 0.1693 1.0000 1.0000 1.0000 0.0009 0.0059 0.0368 0.2308 1.0000 1.0000 1.0000 0.0014 0.0092 0.0598 0.3931 1.0000 1.0000 0.0004 0.0030 0.0203 0.1394 0.9645 1.0000 1.0000 0.0012 0.0086 0.0605 0.4274 1.0000 1.0000 0.0006 0.0040 0.0290 0.2123 0.6994 0.2123 0.0290 0.0040 0.0006 1.0000 1.0000 0.4274 0.0605 0.0086 0.0012 1.0000 1.0000 0.9645 0.1394 0.0203 0.0030 0.0004 1.0000 1.0000 0.3931 0.0598 0.0092 0.0014 1.0000 1.0000 1.0000 0.2308 0.0368 0.0059 0.0009 1.0000 1.0000 1.0000 0.1693 0.0273 0.0044 0.0007 1.0000 1.0000 0.8020 0.1295 0.0209 0.0034 0.0005 1.0000 1.0000 0.6146 0.0990 0.0163 0.0021
0.0148 0.1157 0.7047 1.0000 1.0000 0.0006 0.0039 0.0240 0.1487 0.9215 1.0000 1.0000 0.0008 0.0051 0.0314 0.1945 1.0000 1.0000 1.0000 0.0011 0.0067 0.0415 0.2592 1.0000 1.0000 0.0002 0.0015 0.0097 0.0626 0.4060 1.0000 1.0000 0.0004 0.0029 0.0194 0.1314 0.8973 1.0000 1.0000 0.0011 0.0077 0.0540 0.3791 1.0000 1.0000 0.0005 0.0035 0.0250 0.1799 1.0000 1.0000 1.0000 0.1799 0.0250 0.0035 0.0005 1.0000 1.0000 0.3791 0.0540 0.0077 0.0011 1.0000 1.0000 0.8973 0.1314 0.0194 0.0029 0.0004 1.0000 1.0000 0.4060 0.0626 0.0097 0.0015 0.0002 1.0000 1.0000 0.2592 0.0415 0.0067 0.0011 1.0000 1.0000 1.0000 0.1945 0.0314 0.0051 0.0008 1.0000 1.0000 0.9215 0.1487 0.0240 0.0039 0.0006 1.0000 1.0000 0.7047 0.1157 0.0148
0.1058 0.8237 1.0000 1.0000 0.0007 0.0045 0.0276 0.1709 1.0000 1.0000 1.0000 0.0009 0.0058 0.0361 0.2234 1.0000 1.0000 1.0000 0.0012 0.0076 0.0472 0.2938 1.0000 1.0000 0.0003 0.0017 0.0106 0.0676 0.4306 1.0000 1.0000 0.0004 0.0029 0.0191 0.1275 0.8572 1.0000 1.0000 0.0010 0.0070 0.0488 0.3408 1.0000 1.0000 0.0004 0.0031 0.0220 0.1557 1.0000 1.0000 1.0000 1.0000 1.0000 0.1557 0.0220 0.0031 0.0004 1.0000 1.0000 0.3408 0.0488 0.0070 0.0010 1.0000 1.0000 0.8572 0.1275 0.0191 0.0029 0.0004 1.0000 1.0000 0.4306 0.0676 0.0106 0.0017 0.0003 1.0000 1.0000 0.2938 0.0472 0.0076 0.0012 1.0000 1.0000 1.0000 0.2234 0.0361 0.0058 0.0009 1.0000 1.0000 1.0000 0.1709 0.0276 0.0045 0.0007 1.0000 1.0000 0.8237 0.1058
0.7518 1.0000 1.0000 0.0008 0.0051 0.0317 0.1963 1.0000 1.0000 1.0000 0.0011 0.0067 0.0414 0.2567 1.0000 1.0000 1.0000 0.0014 0.0087 0.0541 0.3357 1.0000 1.0000 0.0003 0.0019 0.0118 0.0743 0.4700 1.0000 1.0000 0.0005 0.0030 0.0194 0.1275 0.8443 1.0000 1.0000 0.0010 0.0065 0.0451 0.3111 1.0000 1.0000 0.0004 0.0028 0.0194 0.1371 0.9700 1.0000 1.0000 0.0006 1.0000 1.0000 0.9700 0.1371 0.0194 0.0028 0.0004 1.0000 1.0000 0.3111 0.0451 0.0065 0.0010 1.0000 1.0000 0.8443 0.1275 0.0194 0.0030 0.0005 1.0000 1.0000 0.4700 0.0743 0.0118 0.0019 0.0003 1.0000 1.0000 0.3357 0.0541 0.0087 0.0014 1.0000 1.0000 1.0000 0.2567 0.0414 0.0067 0.0011 1.0000 1.0000 1.0000 0.1963 0.0317 0.0051 0.0008 1.0000 1.0000 0.7518
1.0000 1.0000 0.0009 0.0059 0.0364 0.2256 1.0000 1.0000 1.0000 0.0012 0.0077 0.0476 0.2949 1.0000 1.0000 0.0003 0.0016 0.0100 0.0621 0.3849 1.0000 1.0000 0.0003 0.0021 0.0133 0.0833 0.5218 1.0000 1.0000 0.0005 0.0031 0.0203 0.1314 0.8572 1.0000 1.0000 0.0009 0.0063 0.0425 0.2899 1.0000 1.0000 0.0004 0.0025 0.0173 0.1218 0.8589 1.0000 1.0000 0.0012 0.0039 0.0012 1.0000 1.0000 0.8589 0.1218 0.0173 0.0025 0.0004 1.0000 1.0000 0.2899 0.0425 0.0063 0.0009 1.0000 1.0000 0.8572 0.1314 0.0203 0.0031 0.0005 1.0000 1.0000 0.5218 0.0833 0.0133 0.0021 0.0003 1.0000 1.0000 0.3849 0.0621 0.0100 0.0016 0.0003 1.0000 1.0000 0.2949 0.0476 0.0077 0.0012 1.0000 1.0000 1.0000 0.2256 0.0364 0.0059 0.0009 1.0000 1.0000
1.0000 0.0011 0.0068 0.0418 0.2592 1.0000 1.0000 1.0000 0.0014 0.0088 0.0547 0.3389 1.0000 1.0000 0.0003 0.0019 0.0115 0.0714 0.4423 1.0000 1.0000 0.0004 0.0024 0.0151 0.0942 0.5882 1.0000 1.0000 0.0005 0.0034 0.0218 0.1394 0.8973 1.0000 1.0000 0.0009 0.0062 0.0412 0.2775 1.0000 1.0000 0.0003 0.0023 0.0157 0.1097 0.7662 1.0000 1.0000 0.0010 0.0073 0.0241 0.0073 0.0010 1.0000 1.0000 0.7662 0.1097 0.0157 0.0023 0.0003 1.0000 1.0000 0.2775 0.0412 0.0062 0.0009 1.0000 1.0000 0.8973 0.1394 0.0218 0.0034 0.0005 1.0000 1.0000 0.5882 0.0942 0.0151 0.0024 0.0004 1.0000 1.0000 0.4423 0.0714 0.0115 0.0019 0.0003 1.0000 1.0000 0.3389 0.0547 0.0088 0.0014 1.0000 1.0000 1.0000 0.2592 0.0418 0.0068 0.0011 1.0000
0.0010 0.0079 0.0481 0.2978 1.0000 1.0000 0.0003 0.0016 0.0101 0.0628 0.3893 1.0000 1.0000 0.0003 0.0021 0.0132 0.0820 0.5081 1.0000 1.0000 0.0005 0.0028 0.0173 0.1074 0.6682 1.0000 1.0000 0.0006 0.0038 0.0240 0.1516 0.9645 1.0000 1.0000 0.0010 0.0063 0.0412 0.2733 1.0000 1.0000 0.0003 0.0021 0.0145 0.1003 0.6954 1.0000 1.0000 0.0009 0.0063 0.0458 0.1507 0.0458 0.0063 0.0009 1.0000 1.0000 0.6954 0.1003 0.0145 0.0021 0.0003 1.0000 1.0000 0.2733 0.0412 0.0063 0.0010 1.0000 1.0000 0.9645 0.1516 0.0240 0.0038 0.0006 1.0000 1.0000 0.6682 0.1074 0.0173 0.0028 0.0005 1.0000 1.0000 0.5081 0.0820 0.0132 0.0021 0.0003 1.0000 1.0000 0.3893 0.0628 0.0101 0.0016 0.0003 1.0000 1.0000 0.2978 0.0481 0.0079 0.0010
0.0072 0.0561 0.3421 1.0000 1.0000 0.0003 0.0019 0.0117 0.0722 0.4473 1.0000 1.0000 0.0004 0.0025 0.0152 0.0942 0.5838 1.0000 1.0000 0.0005 0.0032 0.0199 0.1232 0.7648 1.0000 1.0000 0.0007 0.0043 0.0268 0.1680 1.0000 1.0000 1.0000 0.0010 0.0065 0.0425 0.2775 1.0000 1.0000 0.0003 0.0020 0.0138 0.0937 0.6433 1.0000 1.0000 0.0008 0.0056 0.0396 0.2872 0.9445 0.2872 0.0396 0.0056 0.0008 1.0000 1.0000 0.6433 0.0937 0.0138 0.0020 0.0003 1.0000 1.0000 0.2775 0.0425 0.0065 0.0010 1.0000 1.0000 1.0000 0.1680 0.0268 0.0043 0.0007 1.0000 1.0000 0.7648 0.1232 0.0199 0.0032 0.0005 1.0000 1.0000 0.5838 0.0942 0.0152 0.0025 0.0004 1.0000 1.0000 0.4473 0.0722 0.0117 0.0019 0.0003 1.0000 1.0000 0.3421 0.0561 0.0072
0.0513 0.3998 1.0000 1.0000 0.0003 0.0022 0.0134 0.0830 0.5139 1.0000 1.0000 0.0005 0.0028 0.0175 0.1083 0.6707 1.0000 1.0000 0.0006 0.0037 0.0228 0.1416 0.8770 1.0000 1.0000 0.0008 0.0048 0.0302 0.1886 1.0000 1.0000 1.0000 0.0011 0.0070 0.0451 0.2899 1.0000 1.0000 0.0003 0.0020 0.0133 0.0899 0.6076 1.0000 1.0000 0.0007 0.0051 0.0353 0.2495 1.0000 1.0000 1.0000 0.2495 0.0353 0.0051 0.0007 1.0000 1.0000 0.6076 0.0899 0.0133 0.0020 0.0003 1.0000 1.0000 0.2899 0.0451 0.0070 0.0011 1.0000 1.0000 1.0000 0.1886 0.0302 0.0048 0.0008 1.0000 1.0000 0.8770 0.1416 0.0228 0.0037 0.0006 1.0000 1.0000 0.6707 0.1083 0.0175 0.0028 0.0005 1.0000 1.0000 0.5139 0.0830 0.0134 0.0022 0.0003 1.0000 1.0000 0.3998 0.0513
0.3650 1.0000 1.0000 0.0004 0.0025 0.0154 0.0953 0.5905 1.0000 1.0000 0.0005 0.0032 0.0201 0.1244 0.7706 1.0000 1.0000 0.0007 0.0042 0.0263 0.1626 1.0000 1.0000 1.0000 0.0009 0.0055 0.0344 0.2139 1.0000 1.0000 1.0000 0.0012 0.0077 0.0488 0.3111 1.0000 1.0000 0.0003 0.0020 0.0133 0.0883 0.5905 1.0000 1.0000 0.0007 0.0047 0.0323 0.2239 1.0000 1.0000 1.0000 1.0000 1.0000 0.2239 0.0323 0.0047 0.0007 1.0000 1.0000 0.5905 0.0883 0.0133 0.0020 0.0003 1.0000 1.0000 0.3111 0.0488 0.0077 0.0012 1.0000 1.0000 1.0000 0.2139 0.0344 0.0055 0.0009 1.0000 1.0000 1.0000 0.1626 0.0263 0.0042 0.0007 1.0000 1.0000 0.7706 0.1244 0.0201 0.0032 0.0005 1.0000 1.0000 0.5905 0.0953 0.0154 0.0025 0.0004 1.0000 1.0000 0.3650
1.0000 1.0000 0.0005 0.0029 0.0177 0.1095 0.6784 1.0000 1.0000 0.0006 0.0037 0.0231 0.1429 0.8854 1.0000 1.0000 0.0008 0.0049 0.0302 0.1869 1.0000 1.0000 1.0000 0.0010 0.0064 0.0394 0.2443 1.0000 1.0000 1.0000 0.0014 0.0086 0.0540 0.3408 1.0000 1.0000 0.0003 0.0021 0.0138 0.0899 0.5905 1.0000 1.0000 0.0007 0.0044 0.0302 0.2071 1.0000 1.0000 0.0003 0.0009 0.0003 1.0000 1.0000 0.2071 0.0302 0.0044 0.0007 1.0000 1.0000 0.5905 0.0899 0.0138 0.0021 0.0003 1.0000 1.0000 0.3408 0.0540 0.0086 0.0014 1.0000 1.0000 1.0000 0.2443 0.0394 0.0064 0.0010 1.0000 1.0000 1.0000 0.1869 0.0302 0.0049 0.0008 1.0000 1.0000 0.8854 0.1429 0.0231 0.0037 0.0006 1.0000 1.0000 0.6784 0.1095 0.0177 0.0029 0.0005 1.0000 1.0000
1.0000 0.0005 0.0033 0.0203 0.1258 0.7795 1.0000 1.0000 0.0007 0.0043 0.0265 0.1642 1.0000 1.0000 1.0000 0.0009 0.0056 0.0347 0.2147 1.0000 1.0000 1.0000 0.0012 0.0073 0.0452 0.2802 1.0000 1.0000 0.0002 0.0016 0.0097 0.0605 0.3791 1.0000 1.0000 0.0004 0.0023 0.0145 0.0937 0.6076 1.0000 1.0000 0.0006 0.0043 0.0290 0.1963 1.0000 1.0000 0.0002 0.0017 0.0056 0.0017 0.0002 1.0000 1.0000 0.1963 0.0290 0.0043 0.0006 1.0000 1.0000 0.6076 0.0937 0.0145 0.0023 0.0004 1.0000 1.0000 0.3791 0.0605 0.0097 0.0016 0.0002 1.0000 1.0000 0.2802 0.0452 0.0073 0.0012 1.0000 1.0000 1.0000 0.2147 0.0347 0.0056 0.0009 1.0000 1.0000 1.0000 0.1642 0.0265 0.0043 0.0007 1.0000 1.0000 0.7795 0.1258 0.0203 0.0033 0.0005 1.0000
0.0005 0.0038 0.0233 0.1445 0.8956 1.0000 1.0000 0.0008 0.0049 0.0304 0.1886 1.0000 1.0000 1.0000 0.0010 0.0064 0.0398 0.2467 1.0000 1.0000 1.0000 0.0014 0.0084 0.0520 0.3219 1.0000 1.0000 0.0003 0.0018 0.0110 0.0686 0.4274 1.0000 1.0000 0.0004 0.0025 0.0157 0.1003 0.6433 1.0000 1.0000 0.0007 0.0043 0.0286 0.1908 1.0000 1.0000 1.0000 0.0015 0.0109 0.0355 0.0109 0.0015 1.0000 1.0000 1.0000 0.1908 0.0286 0.0043 0.0007 1.0000 1.0000 0.6433 0.1003 0.0157 0.0025 0.0004 1.0000 1.0000 0.4274 0.0686 0.0110 0.0018 0.0003 1.0000 1.0000 0.3219 0.0520 0.0084 0.0014 1.0000 1.0000 1.0000 0.2467 0.0398 0.0064 0.0010 1.0000 1.0000 1.0000 0.1886 0.0304 0.0049 0.0008 1.0000 1.0000 0.8956 0.1445 0.0233 0.0038 0.0005
0.0035 0.0272 0.1658 1.0000 1.0000 1.0000 0.0009 0.0056 0.0350 0.2167 1.0000 1.0000 1.0000 0.0012 0.0074 0.0457 0.2834 1.0000 1.0000 0.0003 0.0016 0.0096 0.0597 0.3699 1.0000 1.0000 0.0003 0.0020 0.0126 0.0782 0.4864 1.0000 1.0000 0.0004 0.0028 0.0173 0.1097 0.6954 1.0000 1.0000 0.0007 0.0044 0.0290 0.1908 1.0000 1.0000 1.0000 0.0014 0.0099 0.0699 0.2273 0.0699 0.0099 0.0014 1.0000 1.0000 1.0000 0.1908 0.0290 0.0044 0.0007 1.0000 1.0000 0.6954 0.1097 0.0173 0.0028 0.0004 1.0000 1.0000 0.4864 0.0782 0.0126 0.0020 0.0003 1.0000 1.0000 0.3699 0.0597 0.0096 0.0016 0.0003 1.0000 1.0000 0.2834 0.0457 0.0074 0.0012 1.0000 1.0000 1.0000 0.2167 0.0350 0.0056 0.0009 1.0000 1.0000 1.0000 0.1658 0.0272 0.0035
0.0249 0.1937 1.0000 1.0000 1.0000 0.0010 0.0065 0.0402 0.2490 1.0000 1.0000 1.0000 0.0014 0.0085 0.0526 0.3256 1.0000 1.0000 0.0003 0.0018 0.0111 0.0686 0.4249 1.0000 1.0000 0.0004 0.0023 0.0145 0.0897 0.5567 1.0000 1.0000 0.0005 0.0031 0.0194 0.1218 0.7662 1.0000 1.0000 0.0007 0.0047 0.0302 0.1963 1.0000 1.0000 1.0000 0.0014 0.0094 0.0642 0.4507 1.0000 0.4507 0.0642 0.0094 0.0014 1.0000 1.0000 1.0000 0.1963 0.0302 0.0047 0.0007 1.0000 1.0000 0.7662 0.1218 0.0194 0.0031 0.0005 1.0000 1.0000 0.5567 0.0897 0.0145 0.0023 0.0004 1.0000 1.0000 0.4249 0.0686 0.0111 0.0018 0.0003 1.0000 1.0000 0.3256 0.0526 0.0085 0.0014 1.0000 1.0000 1.0000 0.2490 0.0402 0.0065 0.0010 1.0000 1.0000 1.0000 0.1937 0.0249
0.1768 1.0000 1.0000 1.0000 0.0012 0.0075 0.0462 0.2861 1.0000 1.0000 0.0003 0.0016 0.0097 0.0604 0.3741 1.0000 1.0000 0.0003 0.0021 0.0127 0.0788 0.4882 1.0000 1.0000 0.0004 0.0027 0.0166 0.1030 0.6384 1.0000 1.0000 0.0006 0.0035 0.0220 0.1371 0.8589 1.0000 1.0000 0.0008 0.0051 0.0323 0.2071 1.0000 1.0000 1.0000 0.0014 0.0092 0.0618 0.4201 1.0000 1.0000 1.0000 0.4193 0.0618 0.0092 0.0014 1.0000 1.0000 1.0000 0.2071 0.0323 0.0051 0.0008 1.0000 1.0000 0.8589 0.1371 0.0220 0.0035 0.0006 1.0000 1.0000 0.6384 0.1030 0.0166 0.0027 0.0004 1.0000 1.0000 0.4882 0.0788 0.0127 0.0021 0.0003 1.0000 1.0000 0.3741 0.0604 0.0097 0.0016 0.0003 1.0000 1.0000 0.2861 0.0462 0.0075 0.0012 1.0000 1.0000 1.0000 0.1772
1.0000 1.0000 1.0000 0.0014 0.0086 0.0531 0.3287 1.0000 1.0000 0.0003 0.0018 0.0112 0.0694 0.4298 1.0000 1.0000 0.0004 0.0024 0.0146 0.0905 0.5609 1.0000 1.0000 0.0005 0.0031 0.0191 0.1184 0.7335 1.0000 1.0000 0.0006 0.0040 0.0250 0.1557 0.9700 1.0000 1.0000 0.0009 0.0056 0.0353 0.2239 1.0000 1.0000 1.0000 0.0014 0.0094 0.0618 0.4099 1.0000 1.0000 1.0000 1.0000 1.0000 0.4099 0.0618 0.0094 0.0014 1.0000 1.0000 1.0000 0.2239 0.0353 0.0056 0.0009 1.0000 1.0000 0.9700 0.1557 0.0250 0.0040 0.0006 1.0000 1.0000 0.7335 0.1184 0.0191 0.0031 0.0005 1.0000 1.0000 0.5609 0.0907 0.0146 0.0024 0.0004 1.0000 1.0000 0.4298 0.0694 0.0112 0.0018 0.0003 1.0000 1.0000 0.3287 0.0532 0.0086 0.0014 1.0000 1.0000 1.0000
1.0000 0.0003 0.0016 0.0098 0.0610 0.3777 1.0000 1.0000 0.0003 0.0021 0.0129 0.0797 0.4938 1.0000 1.0000 0.0004 0.0027 0.0168 0.1040 0.6445 1.0000 1.0000 0.0006 0.0035 0.0220 0.1360 0.8427 1.0000 1.0000 0.0007 0.0046 0.0287 0.1778 1.0000 1.0000 1.0000 0.0010 0.0062 0.0391 0.2467 1.0000 1.0000 0.0002 0.0015 0.0098 0.0634 0.4153 1.0000 1.0000 0.0005 0.0015 0.0005 1.0000 1.0000 0.4193 0.0642 0.0099 0.0015 0.0002 1.0000 1.0000 0.2495 0.0396 0.0063 0.0010 1.0000 1.0000 1.0000 0.1799 0.0290 0.0047 0.0008 1.0000 1.0000 0.8507 0.1373 0.0222 0.0036 0.0006 1.0000 1.0000 0.6519 0.1052 0.0170 0.0027 0.0004 1.0000 1.0000 0.4985 0.0805 0.0130 0.0021 0.0003 1.0000 1.0000 0.3820 0.0617 0.0100 0.0016 0.0003 1.0000
0.0002 0.0019 0.0113 0.0700 0.4339 1.0000 1.0000 0.0004 0.0024 0.0148 0.0916 0.5674 1.0000 1.0000 0.0005 0.0031 0.0193 0.1195 0.7405 1.0000 1.0000 0.0007 0.0041 0.0252 0.1563 0.9682 1.0000 1.0000 0.0009 0.0053 0.0329 0.2039 1.0000 1.0000 1.0000 0.0011 0.0070 0.0440 0.2754 1.0000 1.0000 0.0003 0.0016 0.0104 0.0668 0.4315 1.0000 1.0000 0.0005 0.0032 0.0104 0.0033 0.0005 1.0000 1.0000 0.4507 0.0699 0.0109 0.0017 0.0003 1.0000 1.0000 0.2872 0.0458 0.0073 0.0012 1.0000 1.0000 1.0000 0.2123 0.0343 0.0055 0.0009 1.0000 1.0000 1.0000 0.1623 0.0262 0.0042 0.0007 1.0000 1.0000 0.7706 0.1244 0.0201 0.0032 0.0005 1.0000 1.0000 0.5894 0.0951 0.0154 0.0025 0.0004 1.0000 1.0000 0.4516 0.0728 0.0117 0.0019 0.0002
0.0017 0.0132 0.0805 0.4985 1.0000 1.0000 0.0004 0.0027 0.0170 0.1052 0.6519 1.0000 1.0000 0.0006 0.0036 0.0222 0.1373 0.8507 1.0000 1.0000 0.0008 0.0047 0.0290 0.1795 1.0000 1.0000 1.0000 0.0010 0.0061 0.0378 0.2343 1.0000 1.0000 1.0000 0.0013 0.0080 0.0498 0.3111 1.0000 1.0000 0.0003 0.0018 0.0113 0.0721 0.4603 1.0000 1.0000 0.0005 0.0031 0.0231 0.0471 0.0103 0.0015 1.0000 1.0000 1.0000 0.2273 0.0355 0.0056 0.0009 1.0000 1.0000 0.9445 0.1507 0.0241 0.0039 0.0006 1.0000 1.0000 0.6994 0.1129 0.0182 0.0029 0.0005 1.0000 1.0000 0.5349 0.0865 0.0139 0.0023 0.0004 1.0000 1.0000 0.4099 0.0662 0.0107 0.0017 0.0003 1.0000 1.0000 0.3135 0.0507 0.0082 0.0013 1.0000 1.0000 1.0000 0.2402 0.0388 0.0064 0.0009
0.0121 0.0944 0.5761 1.0000 1.0000 0.0005 0.0032 0.0196 0.1216 0.7532 1.0000 1.0000 0.0007 0.0041 0.0256 0.1587 0.9830 1.0000 1.0000 0.0009 0.0054 0.0335 0.2075 1.0000 1.0000 1.0000 0.0011 0.0071 0.0437 0.2708 1.0000 1.0000 0.0002 0.0015 0.0092 0.0573 0.3554 1.0000 1.0000 0.0003 0.0020 0.0126 0.0797 0.5043 1.0000 1.0000 0.0005 0.0032 0.0224 0.0867 0.0179 0.0031 0.0005 1.0000 1.0000 0.4507 0.0699 0.0109 0.0017 0.0003 1.0000 1.0000 0.2872 0.0458 0.0073 0.0012 1.0000 1.0000 1.0000 0.2123 0.0343 0.0055 0.0009 1.0000 1.0000 1.0000 0.1623 0.0262 0.0042 0.0007 1.0000 1.0000 0.7706 0.1244 0.0201 0.0032 0.0005 1.0000 1.0000 0.5894 0.0951 0.0154 0.0025 0.0004 1.0000 1.0000 0.4516 0.0728 0.0117 0.0019 0.0002
0.0867 0.6849 1.0000 1.0000 0.0006 0.0037 0.0230 0.1424 0.8820 1.0000 1.0000 0.0008 0.0048 0.0300 0.1862 1.0000 1.0000 1.0000 0.0010 0.0063 0.0392 0.2429 1.0000 1.0000 1.0000 0.0013 0.0083 0.0513 0.3177 1.0000 1.0000 0.0003 0.0017 0.0108 0.0669 0.4153 1.0000 1.0000 0.0004 0.0023 0.0144 0.0905 0.5685 1.0000 1.0000 0.0005 0.0034 0.0224 0.1560 0.1642 0.0021 0.0004 1.0000 1.0000 0.4193 0.0642 0.0099 0.0015 0.0002 1.0000 1.0000 0.2495 0.0396 0.0063 0.0010 1.0000 1.0000 1.0000 0.1799 0.0290 0.0047 0.0008 1.0000 1.0000 0.8507 0.1373 0.0222 0.0036 0.0006 1.0000 1.0000 0.6519 0.1052 0.0170 0.0027 0.0004 1.0000 1.0000 0.4985 0.0805 0.0130 0.0021 0.0003 1.0000 1.0000 0.3820 0.0617 0.0100 0.0016 0.0003 1.0000
0.4372 1.0000 1.0000 0.0005 0.0029 0.0179 0.1108 0.6862 1.0000 1.0000 0.0006 0.0038 0.0234 0.1448 0.8973 1.0000 1.0000 0.0008 0.0049 0.0305 0.1890 1.0000 1.0000 1.0000 0.0010 0.0064 0.0399 0.2471 1.0000 1.0000 1.0000 0.0014 0.0084 0.0524 0.3256 1.0000 1.0000 0.0003 0.0018 0.0116 0.0729 0.4611 1.0000 1.0000 0.0004 0.0029 0.0186 0.1227 0.8036 1.0000 1.0000 1.0000 1.0000 0.4099 0.0618 0.0094 0.0014 1.0000 1.0000 1.0000 0.2239 0.0353 0.0056 0.0009 1.0000 1.0000 0.9700 0.1557 0.0250 0.0040 0.0006 1.0000 1.0000 0.7335 0.1184 0.0191 0.0031 0.0005 1.0000 1.0000 0.5609 0.0907 0.0146 0.0024 0.0004 1.0000 1.0000 0.4298 0.0694 0.0112 0.0018 0.0003 1.0000 1.0000 0.3287 0.0532 0.0086 0.0014 1.0000 1.0000 1.0000
0.1813 1.0000 1.0000 1.0000 0.0013 0.0079 0.0487 0.3018 1.0000 1.0000 0.0003 0.0017 0.0103 0.0636 0.3946 1.0000 1.0000 0.0003 0.0022 0.0134 0.0831 0.5149 1.0000 1.0000 0.0005 0.0028 0.0175 0.1085 0.6733 1.0000 1.0000 0.0006 0.0037 0.0232 0.1451 0.9076 1.0000 1.0000 0.0008 0.0054 0.0343 0.2201 1.0000 1.0000 1.0000 0.0015 0.0099 0.0659 0.4525 1.0000 1.0000 1.0000 0.4201 0.0618 0.0092 0.0014 1.0000 1.0000 1.0000 0.2071 0.0323 0.0051 0.0008 1.0000 1.0000 0.8589 0.1371 0.0220 0.0035 0.0006 1.0000 1.0000 0.6384 0.1030 0.0166 0.0027 0.0004 1.0000 1.0000 0.4882 0.0788 0.0127 0.0021 0.0003 1.0000 1.0000 0.3741 0.0604 0.0097 0.0016 0.0003 1.0000 1.0000 0.2861 0.0462 0.0075 0.0012 1.0000 1.0000 1.0000 0.1772
0.0251 0.1963 1.0000 1.0000 1.0000 0.0011 0.0066 0.0408 0.2533 1.0000 1.0000 1.0000 0.0014 0.0086 0.0534 0.3306 1.0000 1.0000 0.0003 0.0018 0.0113 0.0696 0.4323 1.0000 1.0000 0.0004 0.0024 0.0147 0.0911 0.5641 1.0000 1.0000 0.0005 0.0032 0.0198 0.1239 0.7795 1.0000 1.0000 0.0007 0.0048 0.0308 0.2001 1.0000 1.0000 1.0000 0.0014 0.0096 0.0655 0.4620 1.0000 0.4516 0.0642 0.0094 0.0014 1.0000 1.0000 1.0000 0.1963 0.0302 0.0047 0.0007 1.0000 1.0000 0.7662 0.1218 0.0194 0.0031 0.0005 1.0000 1.0000 0.5567 0.0897 0.0145 0.0023 0.0004 1.0000 1.0000 0.4249 0.0686 0.0111 0.0018 0.0003 1.0000 1.0000 0.3256 0.0526 0.0085 0.0014 1.0000 1.0000 1.0000 0.2490 0.0402 0.0065 0.0010 1.0000 1.0000 1.0000 0.1937 0.0249
