0.2182 0.2499 0.3517 0.4736 0.4434 0.2507 0.1841 0.2235 0.3091 0.4362 0.4723 0.3372 0.1865 0.2035 0.2721 0.3858 0.4816 0.4089 0.2071 0.1894 0.2414 0.3390 0.4657 0.4538 0.2753 0.1836 0.2171 0.2978 0.4220 0.4770 0.3601 0.1897 0.1989 0.2626 0.3717 0.4801 0.4246 0.2209 0.1866 0.2338 0.3266 0.4553 0.4625 0.3007 0.1839 0.2113 0.2871 0.4073 0.4798 0.3838 0.2451 0.3838 0.4798 0.4073 0.2871 0.2113 0.1839 0.3007 0.4625 0.4553 0.3266 0.2338 0.1866 0.2209 0.4246 0.4801 0.3717 0.2626 0.1989 0.1897 0.3601 0.4770 0.4220 0.2978 0.2171 0.1836 0.2753 0.4538 0.4657 0.3390 0.2414 0.1894 0.2071 0.4089 0.4816 0.3858 0.2721 0.2035 0.1865 0.3372 0.4723 0.4362 0.3091 0.2235 0.1841 0.2507 0.4434 0.4736 0.3517 0.2499 0.2182
0.2499 0.3541 0.4779 0.4418 0.2444 0.1562 0.2038 0.3011 0.4405 0.4716 0.3378 0.1605 0.1801 0.2593 0.3863 0.4829 0.4092 0.1896 0.1623 0.2244 0.3345 0.4700 0.4528 0.2730 0.1558 0.1962 0.2883 0.4254 0.4768 0.3610 0.1651 0.1744 0.2485 0.3708 0.4822 0.4243 0.2087 0.1589 0.2156 0.3206 0.4599 0.4615 0.3001 0.1567 0.1893 0.2761 0.4096 0.4804 0.3817 0.1721 0.1494 0.1721 0.3817 0.4804 0.4096 0.2761 0.1893 0.1567 0.3001 0.4615 0.4599 0.3206 0.2156 0.1589 0.2087 0.4243 0.4822 0.3708 0.2485 0.1744 0.1651 0.3610 0.4768 0.4254 0.2883 0.1962 0.1558 0.2730 0.4528 0.4700 0.3345 0.2244 0.1623 0.1896 0.4092 0.4829 0.3863 0.2593 0.1801 0.1605 0.3378 0.4716 0.4405 0.3011 0.2038 0.1562 0.2444 0.4418 0.4779 0.3541 0.2499
0.3517 0.4779 0.4446 0.2559 0.1557 0.1991 0.2924 0.4295 0.4745 0.3533 0.1632 0.1760 0.2514 0.3747 0.4817 0.4196 0.2016 0.1597 0.2180 0.3242 0.4622 0.4584 0.2912 0.1561 0.1912 0.2794 0.4135 0.4786 0.3754 0.1693 0.1706 0.2411 0.3597 0.4794 0.4330 0.2244 0.1571 0.2096 0.3107 0.4502 0.4660 0.3176 0.1578 0.1847 0.2677 0.3977 0.4811 0.3951 0.1784 0.1629 0.1906 0.1629 0.1784 0.3951 0.4811 0.3977 0.2677 0.1847 0.1578 0.3176 0.4660 0.4502 0.3107 0.2096 0.1571 0.2244 0.4330 0.4794 0.3597 0.2411 0.1706 0.1693 0.3754 0.4786 0.4135 0.2794 0.1912 0.1561 0.2912 0.4584 0.4622 0.3242 0.2180 0.1597 0.2016 0.4196 0.4817 0.3747 0.2514 0.1760 0.1632 0.3533 0.4745 0.4295 0.2924 0.1991 0.1557 0.2559 0.4446 0.4779 0.3517
0.4736 0.4418 0.2559 0.1557 0.1965 0.2865 0.4211 0.4772 0.3672 0.1668 0.1724 0.2446 0.3648 0.4805 0.4288 0.2163 0.1579 0.2124 0.3152 0.4546 0.4637 0.3090 0.1571 0.1868 0.2715 0.4031 0.4805 0.3889 0.1751 0.1673 0.2346 0.3500 0.4767 0.4409 0.2417 0.1561 0.2044 0.3020 0.4411 0.4703 0.3344 0.1598 0.1806 0.2602 0.3873 0.4819 0.4069 0.1873 0.1631 0.2220 0.2762 0.2220 0.1631 0.1873 0.4069 0.4819 0.3873 0.2602 0.1806 0.1598 0.3344 0.4703 0.4411 0.3020 0.2044 0.1561 0.2417 0.4409 0.4767 0.3500 0.2346 0.1673 0.1751 0.3889 0.4805 0.4031 0.2715 0.1868 0.1571 0.3090 0.4637 0.4546 0.3152 0.2124 0.1579 0.2163 0.4288 0.4805 0.3648 0.2446 0.1724 0.1668 0.3672 0.4772 0.4211 0.2865 0.1965 0.1557 0.2559 0.4418 0.4736
0.4434 0.2444 0.1557 0.1965 0.2842 0.4158 0.4788 0.3782 0.1710 0.1693 0.2383 0.3552 0.4783 0.4370 0.2330 0.1566 0.2070 0.3064 0.4458 0.4682 0.3261 0.1587 0.1826 0.2639 0.3925 0.4817 0.4013 0.1827 0.1642 0.2283 0.3403 0.4725 0.4480 0.2599 0.1556 0.1993 0.2935 0.4313 0.4739 0.3503 0.1625 0.1768 0.2530 0.3770 0.4819 0.4175 0.1988 0.1602 0.2199 0.3260 0.4100 0.3260 0.2199 0.1602 0.1988 0.4175 0.4819 0.3770 0.2530 0.1768 0.1625 0.3503 0.4739 0.4313 0.2935 0.1993 0.1556 0.2599 0.4480 0.4725 0.3403 0.2283 0.1642 0.1827 0.4013 0.4817 0.3925 0.2639 0.1826 0.1587 0.3261 0.4682 0.4458 0.3064 0.2070 0.1566 0.2330 0.4370 0.4783 0.3552 0.2383 0.1693 0.1710 0.3782 0.4788 0.4158 0.2842 0.1965 0.1557 0.2444 0.4434
0.2507 0.1562 0.1991 0.2865 0.4158 0.4794 0.3845 0.1747 0.1669 0.2329 0.3465 0.4751 0.4442 0.2504 0.1558 0.2019 0.2977 0.4363 0.4722 0.3424 0.1611 0.1787 0.2565 0.3821 0.4820 0.4124 0.1928 0.1614 0.2222 0.3309 0.4670 0.4543 0.2782 0.1557 0.1945 0.2852 0.4210 0.4769 0.3653 0.1661 0.1731 0.2460 0.3669 0.4809 0.4269 0.2130 0.1582 0.2136 0.3178 0.4573 0.4758 0.4573 0.3178 0.2136 0.1582 0.2130 0.4269 0.4809 0.3669 0.2460 0.1731 0.1661 0.3653 0.4769 0.4210 0.2852 0.1945 0.1557 0.2782 0.4543 0.4670 0.3309 0.2222 0.1614 0.1928 0.4124 0.4820 0.3821 0.2565 0.1787 0.1611 0.3424 0.4722 0.4363 0.2977 0.2019 0.1558 0.2504 0.4442 0.4751 0.3465 0.2329 0.1669 0.1747 0.3845 0.4794 0.4158 0.2865 0.1991 0.1562 0.2507
0.1841 0.2038 0.2924 0.4211 0.4788 0.3845 0.1762 0.1656 0.2293 0.3397 0.4714 0.4501 0.2669 0.1556 0.1971 0.2895 0.4263 0.4755 0.3579 0.1642 0.1749 0.2494 0.3719 0.4815 0.4224 0.2056 0.1591 0.2164 0.3217 0.4602 0.4600 0.2964 0.1563 0.1900 0.2771 0.4106 0.4793 0.3794 0.1709 0.1696 0.2392 0.3569 0.4788 0.4354 0.2293 0.1568 0.2081 0.3082 0.4483 0.4643 0.4003 0.4643 0.4483 0.3082 0.2081 0.1568 0.2293 0.4354 0.4788 0.3569 0.2392 0.1696 0.1709 0.3794 0.4793 0.4106 0.2771 0.1900 0.1563 0.2964 0.4600 0.4602 0.3217 0.2164 0.1591 0.2056 0.4224 0.4815 0.3719 0.2494 0.1749 0.1642 0.3579 0.4755 0.4263 0.2895 0.1971 0.1556 0.2669 0.4501 0.4714 0.3397 0.2293 0.1656 0.1762 0.3845 0.4788 0.4211 0.2924 0.2038 0.1841
0.2235 0.3011 0.4295 0.4772 0.3782 0.1747 0.1656 0.2280 0.3359 0.4684 0.4544 0.2811 0.1558 0.1929 0.2819 0.4164 0.4781 0.3723 0.1683 0.1713 0.2425 0.3619 0.4800 0.4313 0.2210 0.1574 0.2108 0.3127 0.4522 0.4650 0.3140 0.1575 0.1856 0.2693 0.4000 0.4809 0.3926 0.1771 0.1664 0.2327 0.3472 0.4756 0.4430 0.2469 0.1559 0.2029 0.2995 0.4384 0.4710 0.3419 0.1953 0.3419 0.4710 0.4384 0.2995 0.2029 0.1559 0.2469 0.4430 0.4756 0.3472 0.2327 0.1664 0.1771 0.3926 0.4809 0.4000 0.2693 0.1856 0.1575 0.3140 0.4650 0.4522 0.3127 0.2108 0.1574 0.2210 0.4313 0.4800 0.3619 0.2425 0.1713 0.1683 0.3723 0.4781 0.4164 0.2819 0.1929 0.1558 0.2811 0.4544 0.4684 0.3359 0.2280 0.1656 0.1747 0.3782 0.4772 0.4295 0.3011 0.2235
0.3091 0.4405 0.4745 0.3672 0.1710 0.1669 0.2293 0.3359 0.4671 0.4566 0.2908 0.1563 0.1895 0.2753 0.4071 0.4800 0.3853 0.1735 0.1680 0.2360 0.3520 0.4773 0.4393 0.2380 0.1563 0.2055 0.3039 0.4432 0.4694 0.3309 0.1593 0.1815 0.2618 0.3895 0.4818 0.4046 0.1853 0.1633 0.2265 0.3376 0.4711 0.4499 0.2652 0.1556 0.1979 0.2911 0.4284 0.4749 0.3540 0.1625 0.1523 0.1625 0.3540 0.4749 0.4284 0.2911 0.1979 0.1556 0.2652 0.4499 0.4711 0.3376 0.2265 0.1633 0.1853 0.4046 0.4818 0.3895 0.2618 0.1815 0.1593 0.3309 0.4694 0.4432 0.3039 0.2055 0.1563 0.2380 0.4393 0.4773 0.3520 0.2360 0.1680 0.1735 0.3853 0.4800 0.4071 0.2753 0.1895 0.1563 0.2908 0.4566 0.4671 0.3359 0.2293 0.1669 0.1710 0.3672 0.4745 0.4405 0.3091
0.4362 0.4716 0.3533 0.1668 0.1693 0.2329 0.3397 0.4684 0.4566 0.2943 0.1567 0.1873 0.2704 0.3994 0.4812 0.3963 0.1799 0.1651 0.2299 0.3425 0.4735 0.4465 0.2561 0.1557 0.2004 0.2953 0.4335 0.4732 0.3469 0.1619 0.1776 0.2545 0.3792 0.4819 0.4154 0.1962 0.1607 0.2205 0.3282 0.4652 0.4560 0.2835 0.1558 0.1932 0.2828 0.4180 0.4777 0.3694 0.1673 0.1692 0.2001 0.1692 0.1673 0.3694 0.4777 0.4180 0.2828 0.1932 0.1558 0.2835 0.4560 0.4652 0.3282 0.2205 0.1607 0.1962 0.4154 0.4819 0.3792 0.2545 0.1776 0.1619 0.3469 0.4732 0.4335 0.2953 0.2004 0.1557 0.2561 0.4465 0.4735 0.3425 0.2299 0.1651 0.1799 0.3963 0.4812 0.3994 0.2704 0.1873 0.1567 0.2943 0.4566 0.4684 0.3397 0.2329 0.1693 0.1668 0.3533 0.4716 0.4362
0.4723 0.3378 0.1632 0.1724 0.2383 0.3465 0.4714 0.4544 0.2908 0.1567 0.1866 0.2677 0.3941 0.4817 0.4047 0.1869 0.1626 0.2244 0.3337 0.4686 0.4529 0.2742 0.1557 0.1956 0.2869 0.4233 0.4763 0.3621 0.1653 0.1738 0.2474 0.3690 0.4811 0.4250 0.2098 0.1586 0.2148 0.3191 0.4580 0.4615 0.3015 0.1566 0.1887 0.2749 0.4075 0.4798 0.3833 0.1725 0.1691 0.2343 0.2930 0.2343 0.1691 0.1725 0.3833 0.4798 0.4075 0.2749 0.1887 0.1566 0.3015 0.4615 0.4580 0.3191 0.2148 0.1586 0.2098 0.4250 0.4811 0.3690 0.2474 0.1738 0.1653 0.3621 0.4763 0.4233 0.2869 0.1956 0.1557 0.2742 0.4529 0.4686 0.3337 0.2244 0.1626 0.1869 0.4047 0.4817 0.3941 0.2677 0.1866 0.1567 0.2908 0.4544 0.4714 0.3465 0.2383 0.1724 0.1632 0.3378 0.4723
0.3372 0.1605 0.1760 0.2446 0.3552 0.4751 0.4501 0.2811 0.1563 0.1873 0.2677 0.3922 0.4819 0.4101 0.1933 0.1607 0.2198 0.3259 0.4629 0.4583 0.2914 0.1561 0.1910 0.2789 0.4128 0.4788 0.3764 0.1697 0.1703 0.2406 0.3590 0.4793 0.4337 0.2257 0.1571 0.2093 0.3101 0.4497 0.4664 0.3189 0.1580 0.1844 0.2671 0.3970 0.4813 0.3962 0.1792 0.1655 0.2315 0.3449 0.4307 0.3449 0.2315 0.1655 0.1792 0.3962 0.4813 0.3970 0.2671 0.1844 0.1580 0.3189 0.4664 0.4497 0.3101 0.2093 0.1571 0.2257 0.4337 0.4793 0.3590 0.2406 0.1703 0.1697 0.3764 0.4788 0.4128 0.2789 0.1910 0.1561 0.2914 0.4583 0.4629 0.3259 0.2198 0.1607 0.1933 0.4101 0.4819 0.3922 0.2677 0.1873 0.1563 0.2811 0.4501 0.4751 0.3552 0.2446 0.1760 0.1605 0.3372
0.1865 0.1801 0.2514 0.3648 0.4783 0.4442 0.2669 0.1558 0.1895 0.2704 0.3941 0.4819 0.4120 0.1972 0.1597 0.2165 0.3197 0.4572 0.4626 0.3069 0.1571 0.1869 0.2713 0.4025 0.4806 0.3898 0.1756 0.1670 0.2341 0.3492 0.4764 0.4415 0.2432 0.1561 0.2040 0.3014 0.4404 0.4706 0.3356 0.1600 0.1803 0.2596 0.3865 0.4820 0.4078 0.1882 0.1625 0.2248 0.3356 0.4695 0.4716 0.4695 0.3356 0.2248 0.1625 0.1882 0.4078 0.4820 0.3865 0.2596 0.1803 0.1600 0.3356 0.4706 0.4404 0.3014 0.2040 0.1561 0.2432 0.4415 0.4764 0.3492 0.2341 0.1670 0.1756 0.3898 0.4806 0.4025 0.2713 0.1869 0.1571 0.3069 0.4626 0.4572 0.3197 0.2165 0.1597 0.1972 0.4120 0.4819 0.3941 0.2704 0.1895 0.1558 0.2669 0.4442 0.4783 0.3648 0.2514 0.1801 0.1865
0.2035 0.2593 0.3747 0.4805 0.4370 0.2504 0.1556 0.1929 0.2753 0.3994 0.4817 0.4101 0.1972 0.1593 0.2147 0.3157 0.4525 0.4659 0.3199 0.1583 0.1832 0.2644 0.3927 0.4817 0.4019 0.1833 0.1640 0.2278 0.3396 0.4721 0.4485 0.2613 0.1557 0.1990 0.2929 0.4306 0.4742 0.3514 0.1628 0.1765 0.2524 0.3762 0.4818 0.4183 0.1998 0.1600 0.2188 0.3256 0.4636 0.4547 0.3780 0.4547 0.4636 0.3256 0.2188 0.1600 0.1998 0.4183 0.4818 0.3762 0.2524 0.1765 0.1628 0.3514 0.4742 0.4306 0.2929 0.1990 0.1557 0.2613 0.4485 0.4721 0.3396 0.2278 0.1640 0.1833 0.4019 0.4817 0.3927 0.2644 0.1832 0.1583 0.3199 0.4659 0.4525 0.3157 0.2147 0.1593 0.1972 0.4101 0.4817 0.3994 0.2753 0.1929 0.1556 0.2504 0.4370 0.4805 0.3747 0.2593 0.2035
0.2721 0.3863 0.4817 0.4288 0.2330 0.1558 0.1971 0.2819 0.4071 0.4812 0.4047 0.1933 0.1597 0.2147 0.3142 0.4499 0.4679 0.3292 0.1596 0.1803 0.2585 0.3837 0.4820 0.4122 0.1929 0.1613 0.2219 0.3302 0.4665 0.4548 0.2797 0.1558 0.1942 0.2846 0.4203 0.4771 0.3663 0.1664 0.1728 0.2454 0.3661 0.4807 0.4276 0.2142 0.1581 0.2132 0.3165 0.4557 0.4625 0.3104 0.1730 0.3104 0.4625 0.4557 0.3165 0.2132 0.1581 0.2142 0.4276 0.4807 0.3661 0.2454 0.1728 0.1664 0.3663 0.4771 0.4203 0.2846 0.1942 0.1558 0.2797 0.4548 0.4665 0.3302 0.2219 0.1613 0.1929 0.4122 0.4820 0.3837 0.2585 0.1803 0.1596 0.3292 0.4679 0.4499 0.3142 0.2147 0.1597 0.1933 0.4047 0.4812 0.4071 0.2819 0.1971 0.1558 0.2330 0.4288 0.4817 0.3863 0.2721
0.3858 0.4829 0.4196 0.2163 0.1566 0.2019 0.2895 0.4164 0.4800 0.3963 0.1869 0.1607 0.2165 0.3157 0.4499 0.4685 0.3341 0.1607 0.1782 0.2538 0.3762 0.4817 0.4206 0.2041 0.1592 0.2164 0.3214 0.4597 0.4604 0.2978 0.1564 0.1896 0.2766 0.4098 0.4794 0.3804 0.1712 0.1694 0.2387 0.3562 0.4786 0.4360 0.2306 0.1567 0.2077 0.3076 0.4471 0.4677 0.3230 0.1571 0.1567 0.1571 0.3230 0.4677 0.4471 0.3076 0.2077 0.1567 0.2306 0.4360 0.4786 0.3562 0.2387 0.1694 0.1712 0.3804 0.4794 0.4098 0.2766 0.1896 0.1564 0.2978 0.4604 0.4597 0.3214 0.2164 0.1592 0.2041 0.4206 0.4817 0.3762 0.2538 0.1782 0.1607 0.3341 0.4685 0.4499 0.3157 0.2165 0.1607 0.1869 0.3963 0.4800 0.4164 0.2895 0.2019 0.1566 0.2163 0.4196 0.4829 0.3858
0.4816 0.4092 0.2016 0.1579 0.2070 0.2977 0.4263 0.4781 0.3853 0.1799 0.1626 0.2198 0.3197 0.4525 0.4679 0.3341 0.1611 0.1771 0.2509 0.3708 0.4811 0.4273 0.2158 0.1577 0.2115 0.3132 0.4522 0.4652 0.3150 0.1577 0.1853 0.2688 0.3992 0.4810 0.3935 0.1776 0.1661 0.2322 0.3464 0.4753 0.4436 0.2483 0.1559 0.2025 0.2989 0.4376 0.4717 0.3402 0.1608 0.1762 0.2107 0.1762 0.1608 0.3402 0.4717 0.4376 0.2989 0.2025 0.1559 0.2483 0.4436 0.4753 0.3464 0.2322 0.1661 0.1776 0.3935 0.4810 0.3992 0.2688 0.1853 0.1577 0.3150 0.4652 0.4522 0.3132 0.2115 0.1577 0.2158 0.4273 0.4811 0.3708 0.2509 0.1771 0.1611 0.3341 0.4679 0.4525 0.3197 0.2198 0.1626 0.1799 0.3853 0.4781 0.4263 0.2977 0.2070 0.1579 0.2016 0.4092 0.4816
0.4089 0.1896 0.1597 0.2124 0.3064 0.4363 0.4755 0.3723 0.1735 0.1651 0.2244 0.3259 0.4572 0.4659 0.3292 0.1607 0.1771 0.2498 0.3679 0.4804 0.4318 0.2260 0.1568 0.2074 0.3059 0.4445 0.4692 0.3306 0.1594 0.1813 0.2613 0.3888 0.4819 0.4054 0.1860 0.1631 0.2260 0.3369 0.4706 0.4504 0.2666 0.1556 0.1976 0.2905 0.4276 0.4751 0.3558 0.1637 0.1758 0.2476 0.3110 0.2476 0.1758 0.1637 0.3558 0.4751 0.4276 0.2905 0.1976 0.1556 0.2666 0.4504 0.4706 0.3369 0.2260 0.1631 0.1860 0.4054 0.4819 0.3888 0.2613 0.1813 0.1594 0.3306 0.4692 0.4445 0.3059 0.2074 0.1568 0.2260 0.4318 0.4804 0.3679 0.2498 0.1771 0.1607 0.3292 0.4659 0.4572 0.3259 0.2244 0.1651 0.1735 0.3723 0.4755 0.4363 0.3064 0.2124 0.1597 0.1896 0.4089
0.2071 0.1623 0.2180 0.3152 0.4458 0.4722 0.3579 0.1683 0.1680 0.2299 0.3337 0.4629 0.4626 0.3199 0.1596 0.1782 0.2509 0.3679 0.4802 0.4341 0.2328 0.1563 0.2042 0.2998 0.4372 0.4723 0.3445 0.1616 0.1777 0.2544 0.3787 0.4819 0.4160 0.1971 0.1605 0.2200 0.3275 0.4647 0.4565 0.2849 0.1559 0.1929 0.2823 0.4173 0.4779 0.3705 0.1677 0.1719 0.2441 0.3646 0.4491 0.3646 0.2441 0.1719 0.1677 0.3705 0.4779 0.4173 0.2823 0.1929 0.1559 0.2849 0.4565 0.4647 0.3275 0.2200 0.1605 0.1971 0.4160 0.4819 0.3787 0.2544 0.1777 0.1616 0.3445 0.4723 0.4372 0.2998 0.2042 0.1563 0.2328 0.4341 0.4802 0.3679 0.2509 0.1782 0.1596 0.3199 0.4626 0.4629 0.3337 0.2299 0.1680 0.1683 0.3579 0.4722 0.4458 0.3152 0.2180 0.1623 0.2071
0.1894 0.2244 0.3242 0.4546 0.4682 0.3424 0.1642 0.1713 0.2360 0.3425 0.4686 0.4583 0.3069 0.1583 0.1803 0.2538 0.3708 0.4804 0.4341 0.2352 0.1561 0.2022 0.2955 0.4311 0.4747 0.3561 0.1643 0.1745 0.2481 0.3694 0.4812 0.4253 0.2106 0.1584 0.2143 0.3183 0.4574 0.4619 0.3029 0.1567 0.1884 0.2743 0.4068 0.4800 0.3843 0.1729 0.1684 0.2369 0.3540 0.4769 0.4652 0.4769 0.3540 0.2369 0.1684 0.1729 0.3843 0.4800 0.4068 0.2743 0.1884 0.1567 0.3029 0.4619 0.4574 0.3183 0.2143 0.1584 0.2106 0.4253 0.4812 0.3694 0.2481 0.1745 0.1643 0.3561 0.4747 0.4311 0.2955 0.2022 0.1561 0.2352 0.4341 0.4804 0.3708 0.2538 0.1803 0.1583 0.3069 0.4583 0.4686 0.3425 0.2360 0.1713 0.1642 0.3424 0.4682 0.4546 0.3242 0.2244 0.1894
0.2414 0.3345 0.4622 0.4637 0.3261 0.1611 0.1749 0.2425 0.3520 0.4735 0.4529 0.2914 0.1571 0.1832 0.2585 0.3762 0.4811 0.4318 0.2328 0.1561 0.2015 0.2933 0.4271 0.4762 0.3650 0.1669 0.1719 0.2426 0.3609 0.4796 0.4333 0.2255 0.1570 0.2090 0.3095 0.4490 0.4667 0.3202 0.1581 0.1841 0.2666 0.3962 0.4813 0.3970 0.1798 0.1652 0.2304 0.3437 0.4743 0.4427 0.3517 0.4427 0.4743 0.3437 0.2304 0.1652 0.1798 0.3970 0.4813 0.3962 0.2666 0.1841 0.1581 0.3202 0.4667 0.4490 0.3095 0.2090 0.1570 0.2255 0.4333 0.4796 0.3609 0.2426 0.1719 0.1669 0.3650 0.4762 0.4271 0.2933 0.2015 0.1561 0.2328 0.4318 0.4811 0.3762 0.2585 0.1832 0.1571 0.2914 0.4529 0.4735 0.3520 0.2425 0.1749 0.1611 0.3261 0.4637 0.4622 0.3345 0.2414
0.3390 0.4700 0.4584 0.3090 0.1587 0.1787 0.2494 0.3619 0.4773 0.4465 0.2742 0.1561 0.1869 0.2644 0.3837 0.4817 0.4273 0.2260 0.1563 0.2022 0.2933 0.4258 0.4769 0.3705 0.1692 0.1699 0.2382 0.3536 0.4774 0.4399 0.2409 0.1561 0.2041 0.3011 0.4398 0.4709 0.3368 0.1602 0.1800 0.2591 0.3858 0.4820 0.4086 0.1889 0.1623 0.2243 0.3342 0.4691 0.4517 0.2757 0.1597 0.2757 0.4517 0.4691 0.3342 0.2243 0.1623 0.1889 0.4086 0.4820 0.3858 0.2591 0.1800 0.1602 0.3368 0.4709 0.4398 0.3011 0.2041 0.1561 0.2409 0.4399 0.4774 0.3536 0.2382 0.1699 0.1692 0.3705 0.4769 0.4258 0.2933 0.2022 0.1563 0.2260 0.4273 0.4817 0.3837 0.2644 0.1869 0.1561 0.2742 0.4465 0.4773 0.3619 0.2494 0.1787 0.1587 0.3090 0.4584 0.4700 0.3390
0.4657 0.4528 0.2912 0.1571 0.1826 0.2565 0.3719 0.4800 0.4393 0.2561 0.1557 0.1910 0.2713 0.3927 0.4820 0.4206 0.2158 0.1568 0.2042 0.2955 0.4271 0.4769 0.3724 0.1705 0.1686 0.2351 0.3480 0.4750 0.4452 0.2552 0.1557 0.1997 0.2934 0.4307 0.4743 0.3522 0.1630 0.1762 0.2519 0.3755 0.4818 0.4190 0.2008 0.1598 0.2184 0.3248 0.4627 0.4581 0.2893 0.1543 0.1622 0.1543 0.2893 0.4581 0.4627 0.3248 0.2184 0.1598 0.2008 0.4190 0.4818 0.3755 0.2519 0.1762 0.1630 0.3522 0.4743 0.4307 0.2934 0.1997 0.1557 0.2552 0.4452 0.4750 0.3480 0.2351 0.1686 0.1705 0.3724 0.4769 0.4271 0.2955 0.2042 0.1568 0.2158 0.4206 0.4820 0.3927 0.2713 0.1910 0.1557 0.2561 0.4393 0.4800 0.3719 0.2565 0.1826 0.1571 0.2912 0.4528 0.4657
0.4538 0.2730 0.1561 0.1868 0.2639 0.3821 0.4815 0.4313 0.2380 0.1557 0.1956 0.2789 0.4025 0.4817 0.4122 0.2041 0.1577 0.2074 0.2998 0.4311 0.4762 0.3705 0.1705 0.1682 0.2334 0.3444 0.4730 0.4491 0.2672 0.1556 0.1959 0.2865 0.4218 0.4769 0.3660 0.1665 0.1727 0.2451 0.3654 0.4806 0.4282 0.2153 0.1579 0.2127 0.3158 0.4551 0.4634 0.3079 0.1572 0.1840 0.2221 0.1840 0.1572 0.3079 0.4634 0.4551 0.3158 0.2127 0.1579 0.2153 0.4282 0.4806 0.3654 0.2451 0.1727 0.1665 0.3660 0.4769 0.4218 0.2865 0.1959 0.1556 0.2672 0.4491 0.4730 0.3444 0.2334 0.1682 0.1705 0.3705 0.4762 0.4311 0.2998 0.2074 0.1577 0.2041 0.4122 0.4817 0.4025 0.2789 0.1956 0.1557 0.2380 0.4313 0.4815 0.3821 0.2639 0.1868 0.1561 0.2730 0.4538
0.2753 0.1558 0.1912 0.2715 0.3925 0.4820 0.4224 0.2210 0.1563 0.2004 0.2869 0.4128 0.4806 0.4019 0.1929 0.1592 0.2115 0.3059 0.4372 0.4747 0.3650 0.1692 0.1686 0.2334 0.3432 0.4718 0.4515 0.2757 0.1558 0.1929 0.2807 0.4137 0.4789 0.3781 0.1708 0.1695 0.2387 0.3558 0.4784 0.4365 0.2319 0.1566 0.2073 0.3069 0.4464 0.4680 0.3251 0.1587 0.1834 0.2618 0.3300 0.2618 0.1834 0.1587 0.3251 0.4680 0.4464 0.3069 0.2073 0.1566 0.2319 0.4365 0.4784 0.3558 0.2387 0.1695 0.1708 0.3781 0.4789 0.4137 0.2807 0.1929 0.1558 0.2757 0.4515 0.4718 0.3432 0.2334 0.1686 0.1692 0.3650 0.4747 0.4372 0.3059 0.2115 0.1592 0.1929 0.4019 0.4806 0.4128 0.2869 0.2004 0.1563 0.2210 0.4224 0.4820 0.3925 0.2715 0.1912 0.1558 0.2753
0.1836 0.1962 0.2794 0.4031 0.4817 0.4124 0.2056 0.1574 0.2055 0.2953 0.4233 0.4788 0.3898 0.1833 0.1613 0.2164 0.3132 0.4445 0.4723 0.3561 0.1669 0.1699 0.2351 0.3444 0.4718 0.4523 0.2801 0.1559 0.1908 0.2763 0.4070 0.4802 0.3884 0.1756 0.1667 0.2329 0.3469 0.4753 0.4437 0.2493 0.1559 0.2022 0.2982 0.4369 0.4720 0.3415 0.1609 0.1790 0.2577 0.3847 0.4635 0.3847 0.2577 0.1790 0.1609 0.3415 0.4720 0.4369 0.2982 0.2022 0.1559 0.2493 0.4437 0.4753 0.3469 0.2329 0.1667 0.1756 0.3884 0.4802 0.4070 0.2763 0.1908 0.1559 0.2801 0.4523 0.4718 0.3444 0.2351 0.1699 0.1669 0.3561 0.4723 0.4445 0.3132 0.2164 0.1613 0.1833 0.3898 0.4788 0.4233 0.2953 0.2055 0.1574 0.2056 0.4124 0.4817 0.4031 0.2794 0.1962 0.1836
0.2171 0.2883 0.4135 0.4805 0.4013 0.1928 0.1591 0.2108 0.3039 0.4335 0.4763 0.3764 0.1756 0.1640 0.2219 0.3214 0.4522 0.4692 0.3445 0.1643 0.1719 0.2382 0.3480 0.4730 0.4515 0.2801 0.1560 0.1897 0.2736 0.4022 0.4810 0.3965 0.1809 0.1643 0.2278 0.3387 0.4713 0.4500 0.2663 0.1556 0.1973 0.2899 0.4268 0.4753 0.3570 0.1640 0.1751 0.2499 0.3732 0.4799 0.4566 0.4799 0.3732 0.2499 0.1751 0.1640 0.3570 0.4753 0.4268 0.2899 0.1973 0.1556 0.2663 0.4500 0.4713 0.3387 0.2278 0.1643 0.1809 0.3965 0.4810 0.4022 0.2736 0.1897 0.1560 0.2801 0.4515 0.4730 0.3480 0.2382 0.1719 0.1643 0.3445 0.4692 0.4522 0.3214 0.2219 0.1640 0.1756 0.3764 0.4763 0.4335 0.3039 0.2108 0.1591 0.1928 0.4013 0.4805 0.4135 0.2883 0.2171
0.2978 0.4254 0.4786 0.3889 0.1827 0.1614 0.2164 0.3127 0.4432 0.4732 0.3621 0.1697 0.1670 0.2278 0.3302 0.4597 0.4652 0.3306 0.1616 0.1745 0.2426 0.3536 0.4750 0.4491 0.2757 0.1559 0.1897 0.2726 0.3997 0.4814 0.4019 0.1858 0.1625 0.2236 0.3315 0.4666 0.4552 0.2824 0.1558 0.1929 0.2820 0.4167 0.4780 0.3716 0.1681 0.1716 0.2430 0.3625 0.4801 0.4283 0.3223 0.4283 0.4801 0.3625 0.2430 0.1716 0.1681 0.3716 0.4780 0.4167 0.2820 0.1929 0.1558 0.2824 0.4552 0.4666 0.3315 0.2236 0.1625 0.1858 0.4019 0.4814 0.3997 0.2726 0.1897 0.1559 0.2757 0.4491 0.4750 0.3536 0.2426 0.1745 0.1616 0.3306 0.4652 0.4597 0.3302 0.2278 0.1670 0.1697 0.3621 0.4732 0.4432 0.3127 0.2164 0.1614 0.1827 0.3889 0.4786 0.4254 0.2978
0.4220 0.4768 0.3754 0.1751 0.1642 0.2222 0.3217 0.4522 0.4694 0.3469 0.1653 0.1703 0.2341 0.3396 0.4665 0.4604 0.3150 0.1594 0.1777 0.2481 0.3609 0.4774 0.4452 0.2672 0.1558 0.1908 0.2736 0.3997 0.4815 0.4046 0.1892 0.1613 0.2204 0.3258 0.4620 0.4595 0.2970 0.1565 0.1890 0.2748 0.4069 0.4800 0.3850 0.1733 0.1682 0.2364 0.3526 0.4776 0.4382 0.2404 0.1522 0.2404 0.4382 0.4776 0.3526 0.2364 0.1682 0.1733 0.3850 0.4800 0.4069 0.2748 0.1890 0.1565 0.2970 0.4595 0.4620 0.3258 0.2204 0.1613 0.1892 0.4046 0.4815 0.3997 0.2736 0.1908 0.1558 0.2672 0.4452 0.4774 0.3609 0.2481 0.1777 0.1594 0.3150 0.4604 0.4665 0.3396 0.2341 0.1703 0.1653 0.3469 0.4694 0.4522 0.3217 0.2222 0.1642 0.1751 0.3754 0.4768 0.4220
0.4770 0.3610 0.1693 0.1673 0.2283 0.3309 0.4602 0.4650 0.3309 0.1619 0.1738 0.2406 0.3492 0.4721 0.4548 0.2978 0.1577 0.1813 0.2544 0.3694 0.4796 0.4399 0.2552 0.1556 0.1929 0.2763 0.4022 0.4814 0.4046 0.1904 0.1607 0.2185 0.3218 0.4580 0.4628 0.3092 0.1574 0.1856 0.2684 0.3978 0.4813 0.3968 0.1799 0.1651 0.2301 0.3430 0.4738 0.4461 0.2541 0.1537 0.1685 0.1537 0.2541 0.4461 0.4738 0.3430 0.2301 0.1651 0.1799 0.3968 0.4813 0.3978 0.2684 0.1856 0.1574 0.3092 0.4628 0.4580 0.3218 0.2185 0.1607 0.1904 0.4046 0.4814 0.4022 0.2763 0.1929 0.1556 0.2552 0.4399 0.4796 0.3694 0.2544 0.1813 0.1577 0.2978 0.4548 0.4721 0.3492 0.2406 0.1738 0.1619 0.3309 0.4650 0.4602 0.3309 0.2283 0.1673 0.1693 0.3610 0.4770
0.3601 0.1651 0.1706 0.2346 0.3403 0.4670 0.4600 0.3140 0.1593 0.1776 0.2474 0.3590 0.4764 0.4485 0.2797 0.1564 0.1853 0.2613 0.3787 0.4812 0.4333 0.2409 0.1557 0.1959 0.2807 0.4070 0.4810 0.4019 0.1892 0.1607 0.2178 0.3197 0.4554 0.4649 0.3183 0.1583 0.1827 0.2628 0.3895 0.4819 0.4069 0.1880 0.1624 0.2242 0.3338 0.4687 0.4526 0.2732 0.1559 0.1926 0.2347 0.1926 0.1559 0.2732 0.4526 0.4687 0.3338 0.2242 0.1624 0.1880 0.4069 0.4819 0.3895 0.2628 0.1827 0.1583 0.3183 0.4649 0.4554 0.3197 0.2178 0.1607 0.1892 0.4019 0.4810 0.4070 0.2807 0.1959 0.1557 0.2409 0.4333 0.4812 0.3787 0.2613 0.1853 0.1564 0.2797 0.4485 0.4764 0.3590 0.2474 0.1776 0.1593 0.3140 0.4600 0.4670 0.3403 0.2346 0.1706 0.1651 0.3601
0.1897 0.1744 0.2411 0.3500 0.4725 0.4543 0.2964 0.1575 0.1815 0.2545 0.3690 0.4793 0.4415 0.2613 0.1558 0.1896 0.2688 0.3888 0.4819 0.4253 0.2255 0.1561 0.1997 0.2865 0.4137 0.4802 0.3965 0.1858 0.1613 0.2185 0.3197 0.4544 0.4659 0.3238 0.1592 0.1806 0.2583 0.3825 0.4820 0.4153 0.1974 0.1602 0.2189 0.3252 0.4626 0.4583 0.2911 0.1561 0.1917 0.2772 0.3501 0.2772 0.1917 0.1561 0.2911 0.4583 0.4626 0.3252 0.2189 0.1602 0.1974 0.4153 0.4820 0.3825 0.2583 0.1806 0.1592 0.3238 0.4659 0.4544 0.3197 0.2185 0.1613 0.1858 0.3965 0.4802 0.4137 0.2865 0.1997 0.1561 0.2255 0.4253 0.4819 0.3888 0.2688 0.1896 0.1558 0.2613 0.4415 0.4793 0.3690 0.2545 0.1815 0.1575 0.2964 0.4543 0.4725 0.3500 0.2411 0.1744 0.1897
0.1989 0.2485 0.3597 0.4767 0.4480 0.2782 0.1563 0.1856 0.2618 0.3792 0.4811 0.4337 0.2432 0.1557 0.1942 0.2766 0.3992 0.4819 0.4160 0.2106 0.1570 0.2041 0.2934 0.4218 0.4789 0.3884 0.1809 0.1625 0.2204 0.3218 0.4554 0.4659 0.3256 0.1596 0.1794 0.2553 0.3771 0.4817 0.4218 0.2073 0.1586 0.2143 0.3174 0.4559 0.4631 0.3078 0.1571 0.1870 0.2723 0.4053 0.4726 0.4053 0.2723 0.1870 0.1571 0.3078 0.4631 0.4559 0.3174 0.2143 0.1586 0.2073 0.4218 0.4817 0.3771 0.2553 0.1794 0.1596 0.3256 0.4659 0.4554 0.3218 0.2204 0.1625 0.1809 0.3884 0.4789 0.4218 0.2934 0.2041 0.1570 0.2106 0.4160 0.4819 0.3992 0.2766 0.1942 0.1557 0.2432 0.4337 0.4811 0.3792 0.2618 0.1856 0.1563 0.2782 0.4480 0.4767 0.3597 0.2485 0.1989
0.2626 0.3708 0.4794 0.4409 0.2599 0.1557 0.1900 0.2693 0.3895 0.4819 0.4250 0.2257 0.1561 0.1990 0.2846 0.4098 0.4810 0.4054 0.1971 0.1584 0.2090 0.3011 0.4307 0.4769 0.3781 0.1756 0.1643 0.2236 0.3258 0.4580 0.4649 0.3238 0.1596 0.1789 0.2537 0.3738 0.4813 0.4265 0.2162 0.1575 0.2103 0.3104 0.4489 0.4672 0.3231 0.1585 0.1829 0.2643 0.3935 0.4795 0.4456 0.4795 0.3935 0.2643 0.1829 0.1585 0.3231 0.4672 0.4489 0.3104 0.2103 0.1575 0.2162 0.4265 0.4813 0.3738 0.2537 0.1789 0.1596 0.3238 0.4649 0.4580 0.3258 0.2236 0.1643 0.1756 0.3781 0.4769 0.4307 0.3011 0.2090 0.1584 0.1971 0.4054 0.4810 0.4098 0.2846 0.1990 0.1561 0.2257 0.4250 0.4819 0.3895 0.2693 0.1900 0.1557 0.2599 0.4409 0.4794 0.3708 0.2626
0.3717 0.4822 0.4330 0.2417 0.1556 0.1945 0.2771 0.4000 0.4818 0.4154 0.2098 0.1571 0.2040 0.2929 0.4203 0.4794 0.3935 0.1860 0.1605 0.2143 0.3095 0.4398 0.4743 0.3660 0.1708 0.1667 0.2278 0.3315 0.4620 0.4628 0.3183 0.1592 0.1794 0.2537 0.3727 0.4810 0.4294 0.2230 0.1569 0.2072 0.3046 0.4423 0.4704 0.3366 0.1604 0.1794 0.2575 0.3830 0.4819 0.4104 0.2889 0.4104 0.4819 0.3830 0.2575 0.1794 0.1604 0.3366 0.4704 0.4423 0.3046 0.2072 0.1569 0.2230 0.4294 0.4810 0.3727 0.2537 0.1794 0.1592 0.3183 0.4628 0.4620 0.3315 0.2278 0.1667 0.1708 0.3660 0.4743 0.4398 0.3095 0.2143 0.1605 0.1860 0.3935 0.4794 0.4203 0.2929 0.2040 0.1571 0.2098 0.4154 0.4818 0.4000 0.2771 0.1945 0.1556 0.2417 0.4330 0.4822 0.3717
0.4801 0.4243 0.2244 0.1561 0.1993 0.2852 0.4106 0.4809 0.4046 0.1962 0.1586 0.2093 0.3014 0.4306 0.4771 0.3804 0.1776 0.1631 0.2200 0.3183 0.4490 0.4709 0.3522 0.1665 0.1695 0.2329 0.3387 0.4666 0.4595 0.3092 0.1583 0.1806 0.2553 0.3738 0.4810 0.4303 0.2267 0.1565 0.2050 0.3003 0.4367 0.4728 0.3480 0.1625 0.1763 0.2514 0.3739 0.4816 0.4209 0.2069 0.1485 0.2069 0.4209 0.4816 0.3739 0.2514 0.1763 0.1625 0.3480 0.4728 0.4367 0.3003 0.2050 0.1565 0.2267 0.4303 0.4810 0.3738 0.2553 0.1806 0.1583 0.3092 0.4595 0.4666 0.3387 0.2329 0.1695 0.1665 0.3522 0.4709 0.4490 0.3183 0.2200 0.1631 0.1776 0.3804 0.4771 0.4306 0.3014 0.2093 0.1586 0.1962 0.4046 0.4809 0.4106 0.2852 0.1993 0.1561 0.2244 0.4243 0.4801
0.4246 0.2087 0.1571 0.2044 0.2935 0.4210 0.4793 0.3926 0.1853 0.1607 0.2148 0.3101 0.4404 0.4742 0.3663 0.1712 0.1661 0.2260 0.3275 0.4574 0.4667 0.3368 0.1630 0.1727 0.2387 0.3469 0.4713 0.4552 0.2970 0.1574 0.1827 0.2583 0.3771 0.4813 0.4294 0.2267 0.1564 0.2039 0.2976 0.4326 0.4745 0.3568 0.1647 0.1737 0.2461 0.3657 0.4805 0.4295 0.2178 0.1552 0.1760 0.1552 0.2178 0.4295 0.4805 0.3657 0.2461 0.1737 0.1647 0.3568 0.4745 0.4326 0.2976 0.2039 0.1564 0.2267 0.4294 0.4813 0.3771 0.2583 0.1827 0.1574 0.2970 0.4552 0.4713 0.3469 0.2387 0.1727 0.1630 0.3368 0.4667 0.4574 0.3275 0.2260 0.1661 0.1712 0.3663 0.4742 0.4404 0.3101 0.2148 0.1607 0.1853 0.3926 0.4793 0.4210 0.2935 0.2044 0.1571 0.2087 0.4246
0.2209 0.1589 0.2096 0.3020 0.4313 0.4769 0.3794 0.1771 0.1633 0.2205 0.3191 0.4497 0.4706 0.3514 0.1664 0.1694 0.2322 0.3369 0.4647 0.4619 0.3202 0.1602 0.1762 0.2451 0.3558 0.4753 0.4500 0.2824 0.1565 0.1856 0.2628 0.3825 0.4817 0.4265 0.2230 0.1565 0.2039 0.2967 0.4305 0.4755 0.3628 0.1667 0.1717 0.2417 0.3587 0.4789 0.4362 0.2328 0.1568 0.2032 0.2496 0.2032 0.1568 0.2328 0.4362 0.4789 0.3587 0.2417 0.1717 0.1667 0.3628 0.4755 0.4305 0.2967 0.2039 0.1565 0.2230 0.4265 0.4817 0.3825 0.2628 0.1856 0.1565 0.2824 0.4500 0.4753 0.3558 0.2451 0.1762 0.1602 0.3202 0.4619 0.4647 0.3369 0.2322 0.1694 0.1664 0.3514 0.4706 0.4497 0.3191 0.2205 0.1633 0.1771 0.3794 0.4769 0.4313 0.3020 0.2096 0.1589 0.2209
0.1866 0.2156 0.3107 0.4411 0.4739 0.3653 0.1709 0.1664 0.2265 0.3282 0.4580 0.4664 0.3356 0.1628 0.1728 0.2387 0.3464 0.4706 0.4565 0.3029 0.1581 0.1800 0.2519 0.3654 0.4784 0.4437 0.2663 0.1558 0.1890 0.2684 0.3895 0.4820 0.4218 0.2162 0.1569 0.2050 0.2976 0.4305 0.4758 0.3660 0.1681 0.1703 0.2385 0.3531 0.4770 0.4416 0.2462 0.1559 0.2026 0.2959 0.3735 0.2959 0.2026 0.1559 0.2462 0.4416 0.4770 0.3531 0.2385 0.1703 0.1681 0.3660 0.4758 0.4305 0.2976 0.2050 0.1569 0.2162 0.4218 0.4820 0.3895 0.2684 0.1890 0.1558 0.2663 0.4437 0.4784 0.3654 0.2519 0.1800 0.1581 0.3029 0.4565 0.4706 0.3464 0.2387 0.1728 0.1628 0.3356 0.4664 0.4580 0.3282 0.2265 0.1664 0.1709 0.3653 0.4739 0.4411 0.3107 0.2156 0.1866
0.2338 0.3206 0.4502 0.4703 0.3503 0.1661 0.1696 0.2327 0.3376 0.4652 0.4615 0.3189 0.1600 0.1765 0.2454 0.3562 0.4753 0.4504 0.2849 0.1567 0.1841 0.2591 0.3755 0.4806 0.4365 0.2493 0.1556 0.1929 0.2748 0.3978 0.4819 0.4153 0.2073 0.1575 0.2072 0.3003 0.4326 0.4755 0.3660 0.1686 0.1696 0.2365 0.3492 0.4752 0.4456 0.2577 0.1556 0.1983 0.2912 0.4289 0.4773 0.4289 0.2912 0.1983 0.1556 0.2577 0.4456 0.4752 0.3492 0.2365 0.1696 0.1686 0.3660 0.4755 0.4326 0.3003 0.2072 0.1575 0.2073 0.4153 0.4819 0.3978 0.2748 0.1929 0.1556 0.2493 0.4365 0.4806 0.3755 0.2591 0.1841 0.1567 0.2849 0.4504 0.4753 0.3562 0.2454 0.1765 0.1600 0.3189 0.4615 0.4652 0.3376 0.2327 0.1696 0.1661 0.3503 0.4703 0.4502 0.3206 0.2338
0.3266 0.4599 0.4660 0.3344 0.1625 0.1731 0.2392 0.3472 0.4711 0.4560 0.3015 0.1580 0.1803 0.2524 0.3661 0.4786 0.4436 0.2666 0.1559 0.1884 0.2666 0.3858 0.4818 0.4282 0.2319 0.1559 0.1973 0.2820 0.4069 0.4813 0.4069 0.1974 0.1586 0.2103 0.3046 0.4367 0.4745 0.3628 0.1681 0.1696 0.2357 0.3471 0.4739 0.4483 0.2665 0.1556 0.1952 0.2848 0.4195 0.4752 0.4290 0.4752 0.4195 0.2848 0.1952 0.1556 0.2665 0.4483 0.4739 0.3471 0.2357 0.1696 0.1681 0.3628 0.4745 0.4367 0.3046 0.2103 0.1586 0.1974 0.4069 0.4813 0.4069 0.2820 0.1973 0.1559 0.2319 0.4282 0.4818 0.3858 0.2666 0.1884 0.1559 0.2666 0.4436 0.4786 0.3661 0.2524 0.1803 0.1580 0.3015 0.4560 0.4711 0.3472 0.2392 0.1731 0.1625 0.3344 0.4660 0.4599 0.3266
0.4553 0.4615 0.3176 0.1598 0.1768 0.2460 0.3569 0.4756 0.4499 0.2835 0.1566 0.1844 0.2596 0.3762 0.4807 0.4360 0.2483 0.1556 0.1929 0.2743 0.3962 0.4820 0.4190 0.2153 0.1566 0.2022 0.2899 0.4167 0.4800 0.3968 0.1880 0.1602 0.2143 0.3104 0.4423 0.4728 0.3568 0.1667 0.1703 0.2365 0.3471 0.4734 0.4497 0.2721 0.1557 0.1930 0.2802 0.4122 0.4791 0.3822 0.2445 0.3822 0.4791 0.4122 0.2802 0.1930 0.1557 0.2721 0.4497 0.4734 0.3471 0.2365 0.1703 0.1667 0.3568 0.4728 0.4423 0.3104 0.2143 0.1602 0.1880 0.3968 0.4800 0.4167 0.2899 0.2022 0.1566 0.2153 0.4190 0.4820 0.3962 0.2743 0.1929 0.1556 0.2483 0.4360 0.4807 0.3762 0.2596 0.1844 0.1566 0.2835 0.4499 0.4756 0.3569 0.2460 0.1768 0.1598 0.3176 0.4615 0.4553
0.4625 0.3001 0.1578 0.1806 0.2530 0.3669 0.4788 0.4430 0.2652 0.1558 0.1887 0.2671 0.3865 0.4818 0.4276 0.2306 0.1559 0.1976 0.2823 0.4068 0.4813 0.4086 0.2008 0.1579 0.2073 0.2982 0.4268 0.4780 0.3850 0.1799 0.1624 0.2189 0.3174 0.4489 0.4704 0.3480 0.1647 0.1717 0.2385 0.3492 0.4739 0.4497 0.2740 0.1558 0.1916 0.2772 0.4072 0.4804 0.3895 0.1772 0.1487 0.1772 0.3895 0.4804 0.4072 0.2772 0.1916 0.1558 0.2740 0.4497 0.4739 0.3492 0.2385 0.1717 0.1647 0.3480 0.4704 0.4489 0.3174 0.2189 0.1624 0.1799 0.3850 0.4780 0.4268 0.2982 0.2073 0.1579 0.2008 0.4086 0.4813 0.4068 0.2823 0.1976 0.1559 0.2306 0.4276 0.4818 0.3865 0.2671 0.1887 0.1558 0.2652 0.4430 0.4788 0.3669 0.2530 0.1806 0.1578 0.3001 0.4625
0.3007 0.1567 0.1847 0.2602 0.3770 0.4809 0.4354 0.2469 0.1556 0.1932 0.2749 0.3970 0.4820 0.4183 0.2142 0.1567 0.2025 0.2905 0.4173 0.4800 0.3970 0.1889 0.1598 0.2127 0.3069 0.4369 0.4753 0.3716 0.1733 0.1651 0.2242 0.3252 0.4559 0.4672 0.3366 0.1625 0.1737 0.2417 0.3531 0.4752 0.4483 0.2721 0.1558 0.1912 0.2756 0.4040 0.4809 0.3961 0.1811 0.1614 0.1879 0.1614 0.1811 0.3961 0.4809 0.4041 0.2756 0.1912 0.1558 0.2721 0.4483 0.4752 0.3531 0.2417 0.1737 0.1625 0.3366 0.4672 0.4559 0.3252 0.2242 0.1651 0.1733 0.3716 0.4753 0.4369 0.3069 0.2127 0.1598 0.1889 0.3970 0.4800 0.4173 0.2905 0.2025 0.1567 0.2142 0.4183 0.4820 0.3970 0.2749 0.1932 0.1556 0.2469 0.4354 0.4809 0.3770 0.2602 0.1847 0.1567 0.3007
0.1839 0.1893 0.2677 0.3873 0.4819 0.4269 0.2293 0.1559 0.1979 0.2828 0.4075 0.4813 0.4078 0.1998 0.1581 0.2077 0.2989 0.4276 0.4779 0.3843 0.1798 0.1623 0.2184 0.3158 0.4464 0.4720 0.3570 0.1681 0.1682 0.2301 0.3338 0.4626 0.4631 0.3231 0.1604 0.1763 0.2461 0.3587 0.4770 0.4456 0.2665 0.1557 0.1916 0.2756 0.4029 0.4811 0.3998 0.1848 0.1630 0.2204 0.2731 0.2204 0.1630 0.1848 0.3998 0.4811 0.4030 0.2756 0.1916 0.1557 0.2665 0.4456 0.4770 0.3587 0.2461 0.1763 0.1604 0.3231 0.4631 0.4626 0.3338 0.2301 0.1682 0.1681 0.3570 0.4720 0.4464 0.3158 0.2184 0.1623 0.1798 0.3843 0.4779 0.4276 0.2989 0.2077 0.1581 0.1998 0.4078 0.4813 0.4075 0.2828 0.1979 0.1559 0.2293 0.4269 0.4819 0.3873 0.2677 0.1893 0.1839
0.2113 0.2761 0.3977 0.4819 0.4175 0.2130 0.1568 0.2029 0.2911 0.4180 0.4798 0.3962 0.1882 0.1600 0.2132 0.3076 0.4376 0.4751 0.3705 0.1729 0.1652 0.2243 0.3248 0.4551 0.4680 0.3415 0.1640 0.1716 0.2364 0.3430 0.4687 0.4583 0.3078 0.1585 0.1794 0.2514 0.3657 0.4789 0.4416 0.2577 0.1556 0.1930 0.2772 0.4040 0.4811 0.4010 0.1867 0.1618 0.2217 0.3260 0.4088 0.3260 0.2217 0.1618 0.1867 0.4010 0.4811 0.4041 0.2772 0.1930 0.1556 0.2577 0.4416 0.4789 0.3657 0.2514 0.1794 0.1585 0.3078 0.4583 0.4687 0.3430 0.2364 0.1716 0.1640 0.3415 0.4680 0.4551 0.3248 0.2243 0.1652 0.1729 0.3705 0.4751 0.4376 0.3076 0.2132 0.1600 0.1882 0.3962 0.4798 0.4180 0.2911 0.2029 0.1568 0.2130 0.4175 0.4819 0.3977 0.2761 0.2113
0.2870 0.4096 0.4811 0.4070 0.1988 0.1582 0.2081 0.2995 0.4284 0.4777 0.3833 0.1792 0.1625 0.2188 0.3165 0.4471 0.4717 0.3558 0.1677 0.1684 0.2304 0.3341 0.4627 0.4634 0.3251 0.1609 0.1751 0.2430 0.3526 0.4738 0.4526 0.2911 0.1571 0.1829 0.2575 0.3739 0.4805 0.4362 0.2462 0.1556 0.1952 0.2802 0.4072 0.4809 0.3998 0.1867 0.1615 0.2199 0.3241 0.4599 0.4757 0.4599 0.3241 0.2199 0.1615 0.1867 0.3998 0.4809 0.4072 0.2802 0.1952 0.1556 0.2462 0.4362 0.4805 0.3739 0.2575 0.1829 0.1571 0.2911 0.4526 0.4738 0.3526 0.2430 0.1751 0.1609 0.3251 0.4634 0.4627 0.3342 0.2304 0.1684 0.1677 0.3558 0.4717 0.4471 0.3165 0.2188 0.1625 0.1792 0.3833 0.4777 0.4284 0.2995 0.2081 0.1582 0.1988 0.4069 0.4811 0.4096 0.2871
0.4073 0.4804 0.3952 0.1873 0.1602 0.2136 0.3082 0.4384 0.4749 0.3695 0.1725 0.1655 0.2248 0.3256 0.4557 0.4676 0.3402 0.1637 0.1718 0.2368 0.3436 0.4691 0.4581 0.3079 0.1587 0.1789 0.2499 0.3625 0.4776 0.4461 0.2732 0.1561 0.1869 0.2642 0.3829 0.4816 0.4296 0.2328 0.1559 0.1982 0.2847 0.4122 0.4803 0.3962 0.1848 0.1618 0.2198 0.3224 0.4577 0.4611 0.3937 0.4611 0.4578 0.3225 0.2199 0.1618 0.1848 0.3961 0.4804 0.4122 0.2848 0.1983 0.1559 0.2328 0.4295 0.4816 0.3830 0.2643 0.1870 0.1561 0.2732 0.4461 0.4776 0.3625 0.2499 0.1790 0.1587 0.3079 0.4581 0.4691 0.3437 0.2369 0.1719 0.1637 0.3402 0.4677 0.4557 0.3256 0.2248 0.1655 0.1725 0.3694 0.4749 0.4384 0.3082 0.2136 0.1602 0.1873 0.3951 0.4804 0.4073
0.4801 0.3822 0.1786 0.1627 0.2193 0.3171 0.4477 0.4714 0.3547 0.1674 0.1687 0.2309 0.3349 0.4632 0.4630 0.3238 0.1607 0.1754 0.2435 0.3533 0.4741 0.4522 0.2901 0.1571 0.1829 0.2570 0.3725 0.4801 0.4388 0.2549 0.1556 0.1912 0.2715 0.3926 0.4820 0.4217 0.2188 0.1565 0.2019 0.2904 0.4187 0.4794 0.3903 0.1814 0.1625 0.2210 0.3233 0.4572 0.4641 0.3227 0.1820 0.3217 0.4636 0.4578 0.3241 0.2217 0.1630 0.1811 0.3895 0.4791 0.4195 0.2912 0.2026 0.1568 0.2178 0.4209 0.4819 0.3935 0.2723 0.1917 0.1559 0.2541 0.4382 0.4801 0.3732 0.2577 0.1834 0.1572 0.2893 0.4517 0.4743 0.3540 0.2441 0.1758 0.1608 0.3230 0.4625 0.4636 0.3356 0.2315 0.1691 0.1673 0.3540 0.4710 0.4483 0.3178 0.2199 0.1631 0.1784 0.3817 0.4798
0.3813 0.1721 0.1657 0.2252 0.3262 0.4563 0.4673 0.3391 0.1635 0.1721 0.2373 0.3444 0.4695 0.4577 0.3066 0.1585 0.1792 0.2504 0.3632 0.4778 0.4456 0.2719 0.1561 0.1871 0.2644 0.3828 0.4815 0.4307 0.2369 0.1557 0.1958 0.2793 0.4029 0.4817 0.4123 0.2052 0.1575 0.2062 0.2971 0.4264 0.4779 0.3822 0.1772 0.1639 0.2232 0.3259 0.4586 0.4642 0.3191 0.1582 0.1547 0.1563 0.3217 0.4611 0.4599 0.3260 0.2204 0.1614 0.1772 0.3822 0.4752 0.4289 0.2959 0.2032 0.1552 0.2069 0.4104 0.4795 0.4053 0.2772 0.1926 0.1537 0.2404 0.4283 0.4799 0.3847 0.2618 0.1840 0.1543 0.2757 0.4427 0.4769 0.3646 0.2476 0.1762 0.1571 0.3104 0.4547 0.4695 0.3449 0.2343 0.1692 0.1625 0.3419 0.4643 0.4573 0.3260 0.2220 0.1629 0.1721 0.3838
0.1948 0.1692 0.2314 0.3356 0.4637 0.4626 0.3225 0.1606 0.1757 0.2440 0.3541 0.4744 0.4517 0.2887 0.1570 0.1832 0.2576 0.3733 0.4803 0.4383 0.2535 0.1557 0.1916 0.2721 0.3932 0.4820 0.4217 0.2199 0.1564 0.2007 0.2875 0.4135 0.4806 0.4014 0.1928 0.1592 0.2111 0.3046 0.4348 0.4757 0.3719 0.1728 0.1658 0.2265 0.3302 0.4615 0.4627 0.3167 0.1596 0.1752 0.1864 0.1545 0.1819 0.3937 0.4757 0.4088 0.2731 0.1879 0.1487 0.2445 0.4290 0.4773 0.3735 0.2496 0.1760 0.1485 0.2889 0.4456 0.4726 0.3501 0.2347 0.1685 0.1522 0.3223 0.4566 0.4635 0.3300 0.2221 0.1622 0.1597 0.3517 0.4652 0.4491 0.3110 0.2107 0.1567 0.1730 0.3780 0.4716 0.4307 0.2930 0.2001 0.1523 0.1953 0.4003 0.4758 0.4100 0.2762 0.1906 0.1494 0.2451
0.1948 0.2387 0.3454 0.4701 0.4570 0.3048 0.1585 0.1798 0.2513 0.3644 0.4781 0.4447 0.2700 0.1561 0.1877 0.2654 0.3839 0.4816 0.4298 0.2352 0.1559 0.1965 0.2803 0.4041 0.4815 0.4114 0.2044 0.1577 0.2061 0.2962 0.4243 0.4786 0.3887 0.1827 0.1616 0.2167 0.3132 0.4439 0.4727 0.3594 0.1686 0.1684 0.2310 0.3363 0.4654 0.4601 0.3100 0.1587 0.1807 0.2147 0.1708 0.1578 0.3224 0.4611 0.4599 0.3260 0.2204 0.1614 0.1772 0.3822 0.4752 0.4289 0.2959 0.2032 0.1552 0.2069 0.4104 0.4795 0.4053 0.2772 0.1926 0.1537 0.2404 0.4283 0.4799 0.3847 0.2618 0.1840 0.1543 0.2757 0.4427 0.4769 0.3646 0.2476 0.1762 0.1571 0.3104 0.4547 0.4695 0.3449 0.2343 0.1692 0.1625 0.3419 0.4643 0.4573 0.3260 0.2220 0.1629 0.1721 0.3838
0.2520 0.3569 0.4741 0.4492 0.2890 0.1559 0.1820 0.2570 0.3755 0.4793 0.4358 0.2537 0.1546 0.1903 0.2718 0.3955 0.4805 0.4197 0.2199 0.1552 0.1995 0.2876 0.4157 0.4787 0.4001 0.1925 0.1579 0.2096 0.3043 0.4353 0.4742 0.3765 0.1750 0.1627 0.2207 0.3219 0.4529 0.4673 0.3473 0.1644 0.1697 0.2347 0.3438 0.4693 0.4552 0.3018 0.1571 0.1827 0.2524 0.2619 0.1936 0.3233 0.4636 0.4578 0.3241 0.2217 0.1630 0.1811 0.3895 0.4791 0.4195 0.2912 0.2026 0.1568 0.2178 0.4209 0.4819 0.3935 0.2723 0.1917 0.1559 0.2541 0.4382 0.4801 0.3732 0.2577 0.1834 0.1572 0.2893 0.4517 0.4743 0.3540 0.2441 0.1758 0.1608 0.3230 0.4625 0.4636 0.3356 0.2315 0.1691 0.1673 0.3540 0.4710 0.4483 0.3178 0.2199 0.1631 0.1784 0.3817 0.4798
0.3267 0.4645 0.4576 0.3254 0.1540 0.1681 0.2339 0.3488 0.4725 0.4470 0.2932 0.1501 0.1751 0.2475 0.3696 0.4772 0.4338 0.2588 0.1489 0.1829 0.2622 0.3909 0.4781 0.4179 0.2244 0.1498 0.1917 0.2781 0.4124 0.4760 0.3987 0.1937 0.1528 0.2016 0.2957 0.4341 0.4712 0.3733 0.1705 0.1585 0.2151 0.3197 0.4580 0.4606 0.3301 0.1554 0.1696 0.2396 0.3603 0.4570 0.4390 0.4600 0.4580 0.3225 0.2199 0.1618 0.1848 0.3961 0.4804 0.4122 0.2848 0.1983 0.1559 0.2328 0.4295 0.4816 0.3830 0.2643 0.1870 0.1561 0.2732 0.4461 0.4776 0.3625 0.2499 0.1790 0.1587 0.3079 0.4581 0.4691 0.3437 0.2369 0.1719 0.1637 0.3402 0.4677 0.4557 0.3256 0.2248 0.1655 0.1725 0.3694 0.4749 0.4384 0.3082 0.2136 0.1602 0.1873 0.3951 0.4804 0.4073
0.2824 0.4120 0.4785 0.4050 0.2019 0.1549 0.2035 0.2970 0.4312 0.4745 0.3831 0.1799 0.1589 0.2142 0.3147 0.4493 0.4682 0.3576 0.1670 0.1646 0.2259 0.3335 0.4638 0.4596 0.3287 0.1594 0.1710 0.2386 0.3531 0.4736 0.4488 0.2959 0.1549 0.1788 0.2535 0.3758 0.4791 0.4325 0.2509 0.1529 0.1908 0.2770 0.4105 0.4782 0.3974 0.1881 0.1580 0.2154 0.3232 0.4613 0.4744 0.4605 0.3242 0.2199 0.1615 0.1867 0.3998 0.4809 0.4072 0.2802 0.1952 0.1556 0.2462 0.4362 0.4805 0.3739 0.2575 0.1829 0.1571 0.2911 0.4526 0.4738 0.3526 0.2430 0.1751 0.1609 0.3251 0.4634 0.4627 0.3342 0.2304 0.1684 0.1677 0.3558 0.4717 0.4471 0.3165 0.2188 0.1625 0.1792 0.3833 0.4777 0.4284 0.2995 0.2081 0.1582 0.1988 0.4069 0.4811 0.4096 0.2871
0.2117 0.2771 0.3987 0.4817 0.4166 0.2120 0.1572 0.2037 0.2921 0.4191 0.4794 0.3952 0.1876 0.1605 0.2140 0.3086 0.4386 0.4746 0.3695 0.1727 0.1658 0.2252 0.3259 0.4558 0.4673 0.3402 0.1640 0.1721 0.2373 0.3440 0.4692 0.4575 0.3063 0.1587 0.1801 0.2525 0.3669 0.4790 0.4406 0.2561 0.1559 0.1939 0.2784 0.4054 0.4808 0.3998 0.1859 0.1624 0.2229 0.3276 0.4097 0.3261 0.2217 0.1618 0.1867 0.4010 0.4811 0.4041 0.2772 0.1930 0.1556 0.2577 0.4416 0.4789 0.3657 0.2514 0.1794 0.1585 0.3078 0.4583 0.4687 0.3430 0.2364 0.1716 0.1640 0.3415 0.4680 0.4551 0.3248 0.2243 0.1652 0.1729 0.3705 0.4751 0.4376 0.3076 0.2132 0.1600 0.1882 0.3962 0.4798 0.4180 0.2911 0.2029 0.1568 0.2130 0.4175 0.4819 0.3977 0.2761 0.2113
