-0.2253 -0.2713 -0.1360 0.0952 0.2140 -0.1620 -0.2596 -0.2813 -0.2361 0.0408 0.2065 -0.0855 -0.2408 -0.2801 -0.2611 -0.0398 0.1371 0.1052 -0.2031 -0.2703 -0.2759 -0.1736 0.0800 0.2233 -0.1439 -0.2546 -0.2819 -0.2483 0.0223 0.1928 -0.0492 -0.2347 -0.2780 -0.2657 -0.0750 0.1187 0.1662 -0.1867 -0.2663 -0.2787 -0.2051 0.0648 0.2211 -0.1235 -0.2492 -0.2818 -0.2549 0.0009 0.1715 0.0171 -0.1907 0.0171 0.1715 0.0009 -0.2549 -0.2818 -0.2492 -0.1235 0.2211 0.0648 -0.2051 -0.2787 -0.2663 -0.1867 0.1662 0.1187 -0.0750 -0.2657 -0.2780 -0.2347 -0.0492 0.1928 0.0223 -0.2483 -0.2819 -0.2546 -0.1439 0.2233 0.0800 -0.1736 -0.2759 -0.2703 -0.2031 0.1052 0.1371 -0.0398 -0.2611 -0.2801 -0.2408 -0.0855 0.2065 0.0408 -0.2361 -0.2813 -0.2596 -0.1620 0.2140 0.0952 -0.1360 -0.2713 -0.2253
-0.2713 -0.1130 0.0972 0.2357 -0.1770 -0.3171 -0.3275 -0.2536 0.0473 0.2076 -0.0729 -0.3008 -0.3317 -0.2934 -0.0276 0.1312 0.1610 -0.2375 -0.3257 -0.3174 -0.1730 0.0820 0.2360 -0.1513 -0.3128 -0.3300 -0.2710 0.0304 0.1893 -0.0221 -0.2955 -0.3309 -0.3011 -0.0624 0.1154 0.2089 -0.2119 -0.3226 -0.3224 -0.2126 0.0686 0.2274 -0.1240 -0.3082 -0.3314 -0.2818 0.0107 0.1629 0.0467 -0.2782 -0.3215 -0.2782 0.0467 0.1629 0.0107 -0.2818 -0.3314 -0.3082 -0.1240 0.2274 0.0686 -0.2126 -0.3224 -0.3226 -0.2119 0.2089 0.1154 -0.0624 -0.3011 -0.3309 -0.2955 -0.0221 0.1893 0.0304 -0.2710 -0.3300 -0.3128 -0.1513 0.2360 0.0820 -0.1730 -0.3174 -0.3257 -0.2375 0.1610 0.1312 -0.0276 -0.2934 -0.3317 -0.3008 -0.0729 0.2076 0.0473 -0.2536 -0.3275 -0.3171 -0.1770 0.2357 0.0972 -0.1130 -0.2713
-0.1360 0.0972 0.2371 -0.1667 -0.3144 -0.3284 -0.2652 0.0351 0.1976 -0.0413 -0.2969 -0.3308 -0.2982 -0.0520 0.1190 0.1964 -0.2203 -0.3233 -0.3205 -0.2015 0.0713 0.2310 -0.1335 -0.3094 -0.3307 -0.2784 0.0159 0.1718 0.0236 -0.2870 -0.3295 -0.3056 -0.0925 0.1042 0.2268 -0.1956 -0.3198 -0.3247 -0.2342 0.0575 0.2192 -0.1030 -0.3045 -0.3314 -0.2866 -0.0069 0.1465 0.1033 -0.2609 -0.3335 -0.3506 -0.3335 -0.2609 0.1033 0.1465 -0.0069 -0.2866 -0.3314 -0.3045 -0.1030 0.2192 0.0575 -0.2342 -0.3247 -0.3198 -0.1956 0.2268 0.1042 -0.0925 -0.3056 -0.3295 -0.2870 0.0236 0.1718 0.0159 -0.2784 -0.3307 -0.3094 -0.1335 0.2310 0.0713 -0.2015 -0.3205 -0.3233 -0.2203 0.1964 0.1190 -0.0520 -0.2982 -0.3308 -0.2969 -0.0413 0.1976 0.0351 -0.2652 -0.3284 -0.3144 -0.1667 0.2371 0.0972 -0.1360
0.0952 0.2357 -0.1667 -0.3135 -0.3289 -0.2722 0.0253 0.1844 -0.0039 -0.2934 -0.3300 -0.3031 -0.0779 0.1091 0.2192 -0.2037 -0.3210 -0.3234 -0.2244 0.0623 0.2235 -0.1138 -0.3062 -0.3313 -0.2841 0.0015 0.1543 0.0765 -0.2705 -0.3282 -0.3102 -0.1227 0.0953 0.2355 -0.1794 -0.3173 -0.3269 -0.2508 0.0478 0.2097 -0.0785 -0.3012 -0.3314 -0.2919 -0.0251 0.1329 0.1525 -0.2414 -0.3256 -0.3311 -0.2956 -0.3311 -0.3256 -0.2414 0.1525 0.1329 -0.0251 -0.2919 -0.3314 -0.3012 -0.0785 0.2097 0.0478 -0.2508 -0.3269 -0.3173 -0.1794 0.2355 0.0953 -0.1227 -0.3102 -0.3282 -0.2705 0.0765 0.1543 0.0015 -0.2841 -0.3313 -0.3062 -0.1138 0.2235 0.0623 -0.2244 -0.3234 -0.3210 -0.2037 0.2192 0.1091 -0.0779 -0.3031 -0.3300 -0.2934 -0.0039 0.1844 0.0253 -0.2722 -0.3289 -0.3135 -0.1667 0.2357 0.0952
0.2140 -0.1770 -0.3144 -0.3289 -0.2746 0.0188 0.1718 0.0338 -0.2840 -0.3289 -0.3075 -0.1064 0.0999 0.2320 -0.1875 -0.3186 -0.3259 -0.2430 0.0528 0.2145 -0.0913 -0.3029 -0.3314 -0.2893 -0.0155 0.1395 0.1291 -0.2507 -0.3266 -0.3144 -0.1536 0.0865 0.2375 -0.1631 -0.3145 -0.3287 -0.2637 0.0371 0.1995 -0.0482 -0.2977 -0.3310 -0.2971 -0.0468 0.1213 0.1900 -0.2238 -0.3237 -0.3188 -0.1861 0.0169 -0.1861 -0.3188 -0.3237 -0.2238 0.1900 0.1213 -0.0468 -0.2971 -0.3310 -0.2977 -0.0482 0.1995 0.0371 -0.2637 -0.3287 -0.3145 -0.1631 0.2375 0.0865 -0.1536 -0.3144 -0.3266 -0.2507 0.1291 0.1395 -0.0155 -0.2893 -0.3314 -0.3029 -0.0913 0.2145 0.0528 -0.2430 -0.3259 -0.3186 -0.1875 0.2320 0.0999 -0.1064 -0.3075 -0.3289 -0.2840 0.0338 0.1718 0.0188 -0.2746 -0.3289 -0.3144 -0.1770 0.2140
-0.1620 -0.3171 -0.3284 -0.2722 0.0188 0.1672 0.0583 -0.2716 -0.3278 -0.3110 -0.1339 0.0916 0.2371 -0.1717 -0.3159 -0.3278 -0.2577 0.0425 0.2046 -0.0641 -0.2994 -0.3312 -0.2945 -0.0355 0.1269 0.1728 -0.2325 -0.3248 -0.3181 -0.1827 0.0778 0.2349 -0.1462 -0.3116 -0.3300 -0.2733 0.0253 0.1848 -0.0098 -0.2941 -0.3302 -0.3022 -0.0722 0.1111 0.2153 -0.2071 -0.3215 -0.3226 -0.2181 0.0646 0.1395 0.0646 -0.2181 -0.3226 -0.3215 -0.2071 0.2153 0.1111 -0.0722 -0.3022 -0.3302 -0.2941 -0.0098 0.1848 0.0253 -0.2733 -0.3300 -0.3116 -0.1462 0.2349 0.0778 -0.1827 -0.3181 -0.3248 -0.2325 0.1728 0.1269 -0.0355 -0.2945 -0.3312 -0.2994 -0.0641 0.2046 0.0425 -0.2577 -0.3278 -0.3159 -0.1717 0.2371 0.0916 -0.1339 -0.3110 -0.3278 -0.2716 0.0583 0.1672 0.0188 -0.2722 -0.3284 -0.3171 -0.1620
-0.2596 -0.3275 -0.2652 0.0253 0.1718 0.0583 -0.2668 -0.3271 -0.3133 -0.1558 0.0847 0.2371 -0.1567 -0.3132 -0.3293 -0.2687 0.0314 0.1928 -0.0301 -0.2959 -0.3306 -0.2997 -0.0590 0.1161 0.2041 -0.2154 -0.3227 -0.3214 -0.2085 0.0689 0.2290 -0.1280 -0.3085 -0.3309 -0.2802 0.0120 0.1664 0.0382 -0.2834 -0.3292 -0.3070 -0.1009 0.1017 0.2301 -0.1909 -0.3191 -0.3254 -0.2394 0.0554 0.2004 0.1673 0.2004 0.0554 -0.2394 -0.3254 -0.3191 -0.1909 0.2301 0.1017 -0.1009 -0.3070 -0.3292 -0.2834 0.0382 0.1664 0.0120 -0.2802 -0.3309 -0.3085 -0.1280 0.2290 0.0689 -0.2085 -0.3214 -0.3227 -0.2154 0.2041 0.1161 -0.0590 -0.2997 -0.3306 -0.2959 -0.0301 0.1928 0.0314 -0.2687 -0.3293 -0.3132 -0.1567 0.2371 0.0847 -0.1558 -0.3133 -0.3271 -0.2668 0.0583 0.1718 0.0253 -0.2652 -0.3275 -0.2596
-0.2813 -0.2536 0.0351 0.1844 0.0338 -0.2716 -0.3271 -0.3140 -0.1679 0.0798 0.2349 -0.1435 -0.3107 -0.3302 -0.2765 0.0195 0.1764 0.0126 -0.2899 -0.3297 -0.3046 -0.0861 0.1063 0.2239 -0.1990 -0.3203 -0.3242 -0.2302 0.0596 0.2210 -0.1077 -0.3053 -0.3313 -0.2856 -0.0032 0.1497 0.0922 -0.2646 -0.3278 -0.3115 -0.1316 0.0927 0.2366 -0.1748 -0.3165 -0.3275 -0.2549 0.0448 0.2072 -0.0627 -0.2474 -0.0627 0.2072 0.0448 -0.2549 -0.3275 -0.3165 -0.1748 0.2366 0.0927 -0.1316 -0.3115 -0.3278 -0.2646 0.0922 0.1497 -0.0032 -0.2856 -0.3313 -0.3053 -0.1077 0.2210 0.0596 -0.2302 -0.3242 -0.3203 -0.1990 0.2239 0.1063 -0.0861 -0.3046 -0.3297 -0.2899 0.0126 0.1764 0.0195 -0.2765 -0.3302 -0.3107 -0.1435 0.2349 0.0798 -0.1679 -0.3140 -0.3271 -0.2716 0.0338 0.1844 0.0351 -0.2536 -0.2813
-0.2361 0.0473 0.1976 -0.0039 -0.2840 -0.3278 -0.3133 -0.1679 0.0780 0.2330 -0.1339 -0.3086 -0.3307 -0.2815 0.0073 0.1597 0.0616 -0.2756 -0.3285 -0.3092 -0.1161 0.0972 0.2342 -0.1829 -0.3178 -0.3265 -0.2477 0.0499 0.2117 -0.0840 -0.3019 -0.3314 -0.2908 -0.0209 0.1356 0.1429 -0.2454 -0.3261 -0.3155 -0.1622 0.0840 0.2372 -0.1584 -0.3137 -0.3291 -0.2668 0.0338 0.1963 -0.0400 -0.2975 -0.3274 -0.2975 -0.0400 0.1963 0.0338 -0.2668 -0.3291 -0.3137 -0.1584 0.2372 0.0840 -0.1622 -0.3155 -0.3261 -0.2454 0.1429 0.1356 -0.0209 -0.2908 -0.3314 -0.3019 -0.0840 0.2117 0.0499 -0.2477 -0.3265 -0.3178 -0.1829 0.2342 0.0972 -0.1161 -0.3092 -0.3285 -0.2756 0.0616 0.1597 0.0073 -0.2815 -0.3307 -0.3086 -0.1339 0.2330 0.0780 -0.1679 -0.3133 -0.3278 -0.2840 -0.0039 0.1976 0.0473 -0.2361
0.0408 0.2076 -0.0413 -0.2934 -0.3289 -0.3110 -0.1558 0.0798 0.2330 -0.1303 -0.3075 -0.3309 -0.2847 -0.0042 0.1469 0.1082 -0.2573 -0.3271 -0.3132 -0.1464 0.0884 0.2375 -0.1667 -0.3151 -0.3284 -0.2613 0.0394 0.2017 -0.0552 -0.2984 -0.3311 -0.2960 -0.0419 0.1236 0.1830 -0.2275 -0.3242 -0.3191 -0.1905 0.0752 0.2335 -0.1411 -0.3107 -0.3303 -0.2755 0.0216 0.1802 0.0028 -0.2928 -0.3374 -0.3503 -0.3374 -0.2928 0.0028 0.1802 0.0216 -0.2755 -0.3303 -0.3107 -0.1411 0.2335 0.0752 -0.1905 -0.3191 -0.3242 -0.2275 0.1830 0.1236 -0.0419 -0.2960 -0.3311 -0.2984 -0.0552 0.2017 0.0394 -0.2613 -0.3284 -0.3151 -0.1667 0.2375 0.0884 -0.1464 -0.3132 -0.3271 -0.2573 0.1082 0.1469 -0.0042 -0.2847 -0.3309 -0.3075 -0.1303 0.2330 0.0798 -0.1558 -0.3110 -0.3289 -0.2934 -0.0413 0.2076 0.0408
0.2065 -0.0729 -0.2969 -0.3300 -0.3075 -0.1339 0.0847 0.2349 -0.1339 -0.3075 -0.3310 -0.2864 -0.0129 0.1381 0.1435 -0.2424 -0.3255 -0.3166 -0.1742 0.0800 0.2358 -0.1501 -0.3122 -0.3298 -0.2715 0.0279 0.1881 -0.0187 -0.2948 -0.3304 -0.3011 -0.0664 0.1132 0.2109 -0.2107 -0.3220 -0.3223 -0.2152 0.0662 0.2269 -0.1224 -0.3076 -0.3311 -0.2818 0.0079 0.1614 0.0535 -0.2794 -0.3285 -0.3231 -0.2648 -0.3231 -0.3285 -0.2794 0.0535 0.1614 0.0079 -0.2818 -0.3311 -0.3076 -0.1224 0.2269 0.0662 -0.2152 -0.3223 -0.3220 -0.2107 0.2109 0.1132 -0.0664 -0.3011 -0.3304 -0.2948 -0.0187 0.1881 0.0279 -0.2715 -0.3298 -0.3122 -0.1501 0.2358 0.0800 -0.1742 -0.3166 -0.3255 -0.2424 0.1435 0.1381 -0.0129 -0.2864 -0.3310 -0.3075 -0.1339 0.2349 0.0847 -0.1339 -0.3075 -0.3300 -0.2969 -0.0729 0.2065
-0.0855 -0.3008 -0.3308 -0.3031 -0.1064 0.0916 0.2371 -0.1435 -0.3086 -0.3309 -0.2864 -0.0162 0.1336 0.1643 -0.2316 -0.3241 -0.3193 -0.1970 0.0722 0.2312 -0.1331 -0.3092 -0.3307 -0.2789 0.0149 0.1703 0.0274 -0.2860 -0.3294 -0.3060 -0.0945 0.1036 0.2277 -0.1944 -0.3196 -0.3249 -0.2356 0.0569 0.2185 -0.1013 -0.3043 -0.3314 -0.2871 -0.0080 0.1454 0.1075 -0.2589 -0.3272 -0.3116 -0.1294 0.0379 -0.1294 -0.3116 -0.3272 -0.2589 0.1075 0.1454 -0.0080 -0.2871 -0.3314 -0.3043 -0.1013 0.2185 0.0569 -0.2356 -0.3249 -0.3196 -0.1944 0.2277 0.1036 -0.0945 -0.3060 -0.3294 -0.2860 0.0274 0.1703 0.0149 -0.2789 -0.3307 -0.3092 -0.1331 0.2312 0.0722 -0.1970 -0.3193 -0.3241 -0.2316 0.1643 0.1336 -0.0162 -0.2864 -0.3309 -0.3086 -0.1435 0.2371 0.0916 -0.1064 -0.3031 -0.3308 -0.3008 -0.0855
-0.2408 -0.3317 -0.2982 -0.0779 0.0999 0.2371 -0.1567 -0.3107 -0.3307 -0.2847 -0.0129 0.1336 0.1711 -0.2259 -0.3231 -0.3211 -0.2136 0.0654 0.2252 -0.1162 -0.3063 -0.3312 -0.2842 0.0005 0.1531 0.0808 -0.2688 -0.3281 -0.3105 -0.1250 0.0946 0.2358 -0.1783 -0.3171 -0.3271 -0.2520 0.0469 0.2089 -0.0764 -0.3009 -0.3313 -0.2923 -0.0266 0.1320 0.1557 -0.2401 -0.3256 -0.3163 -0.1684 0.0806 0.1632 0.0806 -0.1684 -0.3163 -0.3256 -0.2401 0.1557 0.1320 -0.0266 -0.2923 -0.3313 -0.3009 -0.0764 0.2089 0.0469 -0.2520 -0.3271 -0.3171 -0.1783 0.2358 0.0946 -0.1250 -0.3105 -0.3281 -0.2688 0.0808 0.1531 0.0005 -0.2842 -0.3312 -0.3063 -0.1162 0.2252 0.0654 -0.2136 -0.3211 -0.3231 -0.2259 0.1711 0.1336 -0.0129 -0.2847 -0.3307 -0.3107 -0.1567 0.2371 0.0999 -0.0779 -0.2982 -0.3317 -0.2408
-0.2801 -0.2934 -0.0520 0.1091 0.2320 -0.1717 -0.3132 -0.3302 -0.2815 -0.0042 0.1381 0.1643 -0.2259 -0.3228 -0.3219 -0.2236 0.0600 0.2195 -0.1000 -0.3036 -0.3313 -0.2888 -0.0153 0.1391 0.1317 -0.2495 -0.3265 -0.3146 -0.1558 0.0859 0.2375 -0.1620 -0.3143 -0.3288 -0.2646 0.0362 0.1987 -0.0456 -0.2974 -0.3309 -0.2975 -0.0485 0.1205 0.1923 -0.2226 -0.3236 -0.3200 -0.1980 0.0731 0.2224 0.0772 0.2224 0.0731 -0.1980 -0.3200 -0.3236 -0.2226 0.1923 0.1205 -0.0485 -0.2975 -0.3309 -0.2974 -0.0456 0.1987 0.0362 -0.2646 -0.3288 -0.3143 -0.1620 0.2375 0.0859 -0.1558 -0.3146 -0.3265 -0.2495 0.1317 0.1391 -0.0153 -0.2888 -0.3313 -0.3036 -0.1000 0.2195 0.0600 -0.2236 -0.3219 -0.3228 -0.2259 0.1643 0.1381 -0.0042 -0.2815 -0.3302 -0.3132 -0.1717 0.2320 0.1091 -0.0520 -0.2934 -0.2801
-0.2611 -0.0276 0.1190 0.2192 -0.1875 -0.3159 -0.3293 -0.2765 0.0073 0.1469 0.1435 -0.2316 -0.3231 -0.3219 -0.2268 0.0571 0.2154 -0.0865 -0.3014 -0.3312 -0.2930 -0.0321 0.1279 0.1717 -0.2323 -0.3246 -0.3182 -0.1845 0.0771 0.2345 -0.1449 -0.3113 -0.3301 -0.2739 0.0243 0.1836 -0.0064 -0.2938 -0.3301 -0.3026 -0.0742 0.1104 0.2167 -0.2059 -0.3214 -0.3231 -0.2215 0.0636 0.2250 -0.1118 -0.2705 -0.1118 0.2250 0.0636 -0.2215 -0.3231 -0.3214 -0.2059 0.2167 0.1104 -0.0742 -0.3026 -0.3301 -0.2938 -0.0064 0.1836 0.0243 -0.2739 -0.3301 -0.3113 -0.1449 0.2345 0.0771 -0.1845 -0.3182 -0.3246 -0.2323 0.1717 0.1279 -0.0321 -0.2930 -0.3312 -0.3014 -0.0865 0.2154 0.0571 -0.2268 -0.3219 -0.3231 -0.2316 0.1435 0.1469 0.0073 -0.2765 -0.3293 -0.3159 -0.1875 0.2192 0.1190 -0.0276 -0.2611
-0.0398 0.1312 0.1964 -0.2037 -0.3186 -0.3278 -0.2687 0.0195 0.1597 0.1082 -0.2424 -0.3241 -0.3211 -0.2236 0.0571 0.2140 -0.0787 -0.2999 -0.3310 -0.2962 -0.0484 0.1191 0.1992 -0.2172 -0.3227 -0.3213 -0.2092 0.0684 0.2285 -0.1266 -0.3082 -0.3310 -0.2807 0.0109 0.1650 0.0423 -0.2824 -0.3290 -0.3073 -0.1031 0.1010 0.2308 -0.1897 -0.3189 -0.3256 -0.2407 0.0541 0.2158 -0.0958 -0.3048 -0.3335 -0.3048 -0.0958 0.2158 0.0541 -0.2407 -0.3256 -0.3189 -0.1897 0.2308 0.1010 -0.1031 -0.3073 -0.3290 -0.2824 0.0423 0.1650 0.0109 -0.2807 -0.3310 -0.3082 -0.1266 0.2285 0.0684 -0.2092 -0.3213 -0.3227 -0.2172 0.1992 0.1191 -0.0484 -0.2962 -0.3310 -0.2999 -0.0787 0.2140 0.0571 -0.2236 -0.3211 -0.3241 -0.2424 0.1082 0.1597 0.0195 -0.2687 -0.3278 -0.3186 -0.2037 0.1964 0.1312 -0.0398
0.1371 0.1610 -0.2203 -0.3210 -0.3259 -0.2577 0.0314 0.1764 0.0616 -0.2573 -0.3255 -0.3193 -0.2136 0.0600 0.2154 -0.0787 -0.2994 -0.3308 -0.2983 -0.0618 0.1126 0.2159 -0.2042 -0.3208 -0.3237 -0.2290 0.0597 0.2208 -0.1066 -0.3050 -0.3313 -0.2860 -0.0045 0.1485 0.0964 -0.2630 -0.3276 -0.3117 -0.1339 0.0921 0.2369 -0.1736 -0.3163 -0.3277 -0.2559 0.0439 0.2060 -0.0683 -0.3001 -0.3401 -0.3480 -0.3401 -0.3001 -0.0683 0.2060 0.0439 -0.2559 -0.3277 -0.3163 -0.1736 0.2369 0.0921 -0.1339 -0.3117 -0.3276 -0.2630 0.0964 0.1485 -0.0045 -0.2860 -0.3313 -0.3050 -0.1066 0.2208 0.0597 -0.2290 -0.3237 -0.3208 -0.2042 0.2159 0.1126 -0.0618 -0.2983 -0.3308 -0.2994 -0.0787 0.2154 0.0600 -0.2136 -0.3193 -0.3255 -0.2573 0.0616 0.1764 0.0314 -0.2577 -0.3259 -0.3210 -0.2203 0.1610 0.1371
0.1052 -0.2375 -0.3233 -0.3234 -0.2430 0.0425 0.1928 0.0126 -0.2756 -0.3271 -0.3166 -0.1970 0.0654 0.2195 -0.0865 -0.2999 -0.3308 -0.2991 -0.0693 0.1086 0.2247 -0.1941 -0.3190 -0.3256 -0.2440 0.0513 0.2124 -0.0845 -0.3018 -0.3313 -0.2911 -0.0223 0.1346 0.1464 -0.2439 -0.3260 -0.3158 -0.1644 0.0834 0.2370 -0.1572 -0.3135 -0.3293 -0.2676 0.0329 0.1949 -0.0353 -0.2964 -0.3303 -0.3125 -0.2189 -0.3125 -0.3303 -0.2964 -0.0353 0.1949 0.0329 -0.2676 -0.3293 -0.3135 -0.1572 0.2370 0.0834 -0.1644 -0.3158 -0.3260 -0.2439 0.1464 0.1346 -0.0223 -0.2911 -0.3313 -0.3018 -0.0845 0.2124 0.0513 -0.2440 -0.3256 -0.3190 -0.1941 0.2247 0.1086 -0.0693 -0.2991 -0.3308 -0.2999 -0.0865 0.2195 0.0654 -0.1970 -0.3166 -0.3271 -0.2756 0.0126 0.1928 0.0425 -0.2430 -0.3234 -0.3233 -0.2375 0.1052
-0.2031 -0.3257 -0.3205 -0.2244 0.0528 0.2046 -0.0301 -0.2899 -0.3285 -0.3132 -0.1742 0.0722 0.2252 -0.1000 -0.3014 -0.3310 -0.2983 -0.0693 0.1073 0.2282 -0.1877 -0.3177 -0.3268 -0.2545 0.0434 0.2043 -0.0602 -0.2987 -0.3310 -0.2960 -0.0428 0.1230 0.1854 -0.2262 -0.3240 -0.3193 -0.1924 0.0746 0.2331 -0.1398 -0.3105 -0.3304 -0.2761 0.0206 0.1786 0.0067 -0.2916 -0.3297 -0.3030 -0.0729 0.0551 -0.0729 -0.3030 -0.3297 -0.2916 0.0067 0.1786 0.0206 -0.2761 -0.3304 -0.3105 -0.1398 0.2331 0.0746 -0.1924 -0.3193 -0.3240 -0.2262 0.1854 0.1230 -0.0428 -0.2960 -0.3310 -0.2987 -0.0602 0.2043 0.0434 -0.2545 -0.3268 -0.3177 -0.1877 0.2282 0.1073 -0.0693 -0.2983 -0.3310 -0.3014 -0.1000 0.2252 0.0722 -0.1742 -0.3132 -0.3285 -0.2899 -0.0301 0.2046 0.0528 -0.2244 -0.3205 -0.3257 -0.2031
-0.2703 -0.3174 -0.2015 0.0623 0.2145 -0.0641 -0.2959 -0.3297 -0.3092 -0.1464 0.0800 0.2312 -0.1162 -0.3036 -0.3312 -0.2962 -0.0618 0.1086 0.2282 -0.1855 -0.3170 -0.3275 -0.2610 0.0368 0.1972 -0.0345 -0.2958 -0.3305 -0.3005 -0.0654 0.1132 0.2116 -0.2097 -0.3219 -0.3224 -0.2168 0.0656 0.2263 -0.1210 -0.3073 -0.3311 -0.2823 0.0067 0.1600 0.0577 -0.2777 -0.3287 -0.3084 -0.1096 0.0959 0.1890 0.0959 -0.1096 -0.3084 -0.3287 -0.2777 0.0577 0.1600 0.0067 -0.2823 -0.3311 -0.3073 -0.1210 0.2263 0.0656 -0.2168 -0.3224 -0.3219 -0.2097 0.2116 0.1132 -0.0654 -0.3005 -0.3305 -0.2958 -0.0345 0.1972 0.0368 -0.2610 -0.3275 -0.3170 -0.1855 0.2282 0.1086 -0.0618 -0.2962 -0.3312 -0.3036 -0.1162 0.2312 0.0800 -0.1464 -0.3092 -0.3297 -0.2959 -0.0641 0.2145 0.0623 -0.2015 -0.3174 -0.2703
-0.2759 -0.1730 0.0713 0.2235 -0.0913 -0.2994 -0.3306 -0.3046 -0.1161 0.0884 0.2358 -0.1331 -0.3063 -0.3313 -0.2930 -0.0484 0.1126 0.2247 -0.1877 -0.3170 -0.3278 -0.2641 0.0323 0.1912 -0.0105 -0.2934 -0.3298 -0.3044 -0.0890 0.1047 0.2270 -0.1945 -0.3195 -0.3250 -0.2368 0.0562 0.2178 -0.0996 -0.3040 -0.3314 -0.2875 -0.0093 0.1443 0.1116 -0.2573 -0.3272 -0.3129 -0.1427 0.0898 0.2387 -0.0201 0.2387 0.0898 -0.1427 -0.3129 -0.3272 -0.2573 0.1116 0.1443 -0.0093 -0.2875 -0.3314 -0.3040 -0.0996 0.2178 0.0562 -0.2368 -0.3250 -0.3195 -0.1945 0.2270 0.1047 -0.0890 -0.3044 -0.3298 -0.2934 -0.0105 0.1912 0.0323 -0.2641 -0.3278 -0.3170 -0.1877 0.2247 0.1126 -0.0484 -0.2930 -0.3313 -0.3063 -0.1331 0.2358 0.0884 -0.1161 -0.3046 -0.3306 -0.2994 -0.0913 0.2235 0.0713 -0.1730 -0.2759
-0.1736 0.0820 0.2310 -0.1138 -0.3029 -0.3312 -0.2997 -0.0861 0.0972 0.2375 -0.1501 -0.3092 -0.3312 -0.2888 -0.0321 0.1191 0.2159 -0.1941 -0.3177 -0.3275 -0.2641 0.0308 0.1870 0.0066 -0.2903 -0.3291 -0.3075 -0.1112 0.0974 0.2347 -0.1803 -0.3172 -0.3271 -0.2523 0.0464 0.2082 -0.0744 -0.3006 -0.3313 -0.2927 -0.0282 0.1310 0.1590 -0.2387 -0.3254 -0.3168 -0.1727 0.0809 0.2363 -0.1487 -0.2916 -0.1487 0.2363 0.0809 -0.1727 -0.3168 -0.3254 -0.2387 0.1590 0.1310 -0.0282 -0.2927 -0.3313 -0.3006 -0.0744 0.2082 0.0464 -0.2523 -0.3271 -0.3172 -0.1803 0.2347 0.0974 -0.1112 -0.3075 -0.3291 -0.2903 0.0066 0.1870 0.0308 -0.2641 -0.3275 -0.3177 -0.1941 0.2159 0.1191 -0.0321 -0.2888 -0.3312 -0.3092 -0.1501 0.2375 0.0972 -0.0861 -0.2997 -0.3312 -0.3029 -0.1138 0.2310 0.0820 -0.1736
0.0800 0.2360 -0.1335 -0.3062 -0.3314 -0.2945 -0.0590 0.1063 0.2342 -0.1667 -0.3122 -0.3307 -0.2842 -0.0153 0.1279 0.1992 -0.2042 -0.3190 -0.3268 -0.2610 0.0323 0.1870 0.0128 -0.2871 -0.3286 -0.3096 -0.1291 0.0915 0.2374 -0.1674 -0.3149 -0.3285 -0.2638 0.0364 0.1985 -0.0438 -0.2972 -0.3309 -0.2979 -0.0504 0.1197 0.1946 -0.2212 -0.3234 -0.3203 -0.1998 0.0720 0.2314 -0.1354 -0.3118 -0.3390 -0.3118 -0.1354 0.2314 0.0720 -0.1998 -0.3203 -0.3234 -0.2212 0.1946 0.1197 -0.0504 -0.2979 -0.3309 -0.2972 -0.0438 0.1985 0.0364 -0.2638 -0.3285 -0.3149 -0.1674 0.2374 0.0915 -0.1291 -0.3096 -0.3286 -0.2871 0.0128 0.1870 0.0323 -0.2610 -0.3268 -0.3190 -0.2042 0.1992 0.1279 -0.0153 -0.2842 -0.3307 -0.3122 -0.1667 0.2342 0.1063 -0.0590 -0.2945 -0.3314 -0.3062 -0.1335 0.2360 0.0800
0.2233 -0.1513 -0.3094 -0.3313 -0.2893 -0.0355 0.1161 0.2239 -0.1829 -0.3151 -0.3298 -0.2789 0.0005 0.1391 0.1717 -0.2172 -0.3208 -0.3256 -0.2545 0.0368 0.1912 0.0066 -0.2871 -0.3284 -0.3107 -0.1406 0.0873 0.2374 -0.1565 -0.3128 -0.3296 -0.2720 0.0262 0.1853 -0.0075 -0.2937 -0.3301 -0.3028 -0.0761 0.1096 0.2182 -0.2046 -0.3212 -0.3232 -0.2230 0.0629 0.2240 -0.1152 -0.3065 -0.3415 -0.3435 -0.3415 -0.3065 -0.1152 0.2240 0.0629 -0.2230 -0.3232 -0.3212 -0.2046 0.2182 0.1096 -0.0761 -0.3028 -0.3301 -0.2937 -0.0075 0.1853 0.0262 -0.2720 -0.3296 -0.3128 -0.1565 0.2374 0.0873 -0.1406 -0.3107 -0.3284 -0.2871 0.0066 0.1912 0.0368 -0.2545 -0.3256 -0.3208 -0.2172 0.1717 0.1391 0.0005 -0.2789 -0.3298 -0.3151 -0.1829 0.2239 0.1161 -0.0355 -0.2893 -0.3313 -0.3094 -0.1513 0.2233
-0.1439 -0.3128 -0.3307 -0.2841 -0.0155 0.1269 0.2041 -0.1990 -0.3178 -0.3284 -0.2715 0.0149 0.1531 0.1317 -0.2323 -0.3227 -0.3237 -0.2440 0.0434 0.1972 -0.0105 -0.2903 -0.3286 -0.3107 -0.1447 0.0851 0.2366 -0.1486 -0.3111 -0.3302 -0.2775 0.0161 0.1698 0.0336 -0.2842 -0.3290 -0.3073 -0.1043 0.1005 0.2315 -0.1885 -0.3187 -0.3257 -0.2420 0.0534 0.2151 -0.0928 -0.3031 -0.3309 -0.2989 -0.1583 -0.2989 -0.3309 -0.3031 -0.0928 0.2151 0.0534 -0.2420 -0.3257 -0.3187 -0.1885 0.2315 0.1005 -0.1043 -0.3073 -0.3290 -0.2842 0.0336 0.1698 0.0161 -0.2775 -0.3302 -0.3111 -0.1486 0.2366 0.0851 -0.1447 -0.3107 -0.3286 -0.2903 -0.0105 0.1972 0.0434 -0.2440 -0.3237 -0.3227 -0.2323 0.1317 0.1531 0.0149 -0.2715 -0.3284 -0.3178 -0.1990 0.2041 0.1269 -0.0155 -0.2841 -0.3307 -0.3128 -0.1439
-0.2546 -0.3300 -0.2784 0.0015 0.1395 0.1728 -0.2154 -0.3203 -0.3265 -0.2613 0.0279 0.1703 0.0808 -0.2495 -0.3246 -0.3213 -0.2290 0.0513 0.2043 -0.0345 -0.2934 -0.3291 -0.3096 -0.1406 0.0851 0.2362 -0.1444 -0.3100 -0.3306 -0.2808 0.0070 0.1574 0.0747 -0.2686 -0.3279 -0.3112 -0.1326 0.0921 0.2369 -0.1727 -0.3161 -0.3277 -0.2569 0.0432 0.2053 -0.0661 -0.2996 -0.3311 -0.2934 -0.0277 0.0709 -0.0277 -0.2934 -0.3311 -0.2996 -0.0661 0.2053 0.0432 -0.2569 -0.3277 -0.3161 -0.1727 0.2369 0.0921 -0.1326 -0.3112 -0.3279 -0.2686 0.0747 0.1574 0.0070 -0.2808 -0.3306 -0.3100 -0.1444 0.2362 0.0851 -0.1406 -0.3096 -0.3291 -0.2934 -0.0345 0.2043 0.0513 -0.2290 -0.3213 -0.3246 -0.2495 0.0808 0.1703 0.0279 -0.2613 -0.3265 -0.3203 -0.2154 0.1728 0.1395 0.0015 -0.2784 -0.3300 -0.2546
-0.2819 -0.2710 0.0159 0.1543 0.1291 -0.2325 -0.3227 -0.3242 -0.2477 0.0394 0.1881 0.0274 -0.2688 -0.3265 -0.3182 -0.2092 0.0597 0.2124 -0.0602 -0.2958 -0.3298 -0.3075 -0.1291 0.0873 0.2366 -0.1444 -0.3096 -0.3308 -0.2826 0.0001 0.1486 0.1088 -0.2547 -0.3266 -0.3145 -0.1587 0.0844 0.2371 -0.1573 -0.3134 -0.3292 -0.2682 0.0320 0.1938 -0.0326 -0.2961 -0.3307 -0.2992 -0.0556 0.1120 0.2072 0.1120 -0.0556 -0.2992 -0.3307 -0.2961 -0.0326 0.1938 0.0320 -0.2682 -0.3292 -0.3134 -0.1573 0.2371 0.0844 -0.1587 -0.3145 -0.3266 -0.2547 0.1088 0.1486 0.0001 -0.2826 -0.3308 -0.3096 -0.1444 0.2366 0.0873 -0.1291 -0.3075 -0.3298 -0.2958 -0.0602 0.2124 0.0597 -0.2092 -0.3182 -0.3265 -0.2688 0.0274 0.1881 0.0394 -0.2477 -0.3242 -0.3227 -0.2325 0.1291 0.1543 0.0159 -0.2710 -0.2819
-0.2483 0.0304 0.1718 0.0765 -0.2507 -0.3248 -0.3214 -0.2302 0.0499 0.2017 -0.0187 -0.2860 -0.3281 -0.3146 -0.1845 0.0684 0.2208 -0.0845 -0.2987 -0.3305 -0.3044 -0.1112 0.0915 0.2374 -0.1486 -0.3100 -0.3308 -0.2832 -0.0036 0.1434 0.1315 -0.2445 -0.3255 -0.3171 -0.1807 0.0772 0.2341 -0.1422 -0.3107 -0.3303 -0.2763 0.0199 0.1773 0.0101 -0.2906 -0.3298 -0.3043 -0.0844 0.1070 0.2280 -0.0889 0.2280 0.1070 -0.0844 -0.3043 -0.3298 -0.2906 0.0101 0.1773 0.0199 -0.2763 -0.3303 -0.3107 -0.1422 0.2341 0.0772 -0.1807 -0.3171 -0.3255 -0.2445 0.1315 0.1434 -0.0036 -0.2832 -0.3308 -0.3100 -0.1486 0.2374 0.0915 -0.1112 -0.3044 -0.3305 -0.2987 -0.0845 0.2208 0.0684 -0.1845 -0.3146 -0.3281 -0.2860 -0.0187 0.2017 0.0499 -0.2302 -0.3214 -0.3248 -0.2507 0.0765 0.1718 0.0304 -0.2483
0.0223 0.1893 0.0236 -0.2705 -0.3266 -0.3181 -0.2085 0.0596 0.2117 -0.0552 -0.2948 -0.3294 -0.3105 -0.1558 0.0771 0.2285 -0.1066 -0.3018 -0.3310 -0.3005 -0.0890 0.0974 0.2374 -0.1565 -0.3111 -0.3306 -0.2826 -0.0036 0.1418 0.1426 -0.2383 -0.3246 -0.3189 -0.1974 0.0711 0.2296 -0.1274 -0.3080 -0.3310 -0.2818 0.0069 0.1596 0.0604 -0.2763 -0.3286 -0.3090 -0.1143 0.0978 0.2333 -0.1811 -0.2996 -0.1811 0.2333 0.0978 -0.1143 -0.3090 -0.3286 -0.2763 0.0604 0.1596 0.0069 -0.2818 -0.3310 -0.3080 -0.1274 0.2296 0.0711 -0.1974 -0.3189 -0.3246 -0.2383 0.1426 0.1418 -0.0036 -0.2826 -0.3306 -0.3111 -0.1565 0.2374 0.0974 -0.0890 -0.3005 -0.3310 -0.3018 -0.1066 0.2285 0.0771 -0.1558 -0.3105 -0.3294 -0.2948 -0.0552 0.2117 0.0596 -0.2085 -0.3181 -0.3266 -0.2705 0.0236 0.1893 0.0223
0.1928 -0.0221 -0.2870 -0.3282 -0.3144 -0.1827 0.0689 0.2210 -0.0840 -0.2984 -0.3304 -0.3060 -0.1250 0.0859 0.2345 -0.1266 -0.3050 -0.3313 -0.2960 -0.0654 0.1047 0.2347 -0.1674 -0.3128 -0.3302 -0.2808 0.0001 0.1434 0.1426 -0.2362 -0.3242 -0.3200 -0.2083 0.0663 0.2250 -0.1136 -0.3056 -0.3313 -0.2861 -0.0068 0.1454 0.1103 -0.2570 -0.3271 -0.3131 -0.1450 0.0889 0.2375 -0.1684 -0.3184 -0.3436 -0.3184 -0.1684 0.2375 0.0889 -0.1450 -0.3131 -0.3271 -0.2570 0.1103 0.1454 -0.0068 -0.2861 -0.3313 -0.3056 -0.1136 0.2250 0.0663 -0.2083 -0.3200 -0.3242 -0.2362 0.1426 0.1434 0.0001 -0.2808 -0.3302 -0.3128 -0.1674 0.2347 0.1047 -0.0654 -0.2960 -0.3313 -0.3050 -0.1266 0.2345 0.0859 -0.1250 -0.3060 -0.3304 -0.2984 -0.0840 0.2210 0.0689 -0.1827 -0.3144 -0.3282 -0.2870 -0.0221 0.1928
-0.0492 -0.2955 -0.3295 -0.3102 -0.1536 0.0778 0.2290 -0.1077 -0.3019 -0.3311 -0.3011 -0.0945 0.0946 0.2375 -0.1449 -0.3082 -0.3313 -0.2911 -0.0428 0.1132 0.2270 -0.1803 -0.3149 -0.3296 -0.2775 0.0070 0.1486 0.1315 -0.2383 -0.3242 -0.3203 -0.2136 0.0632 0.2215 -0.1023 -0.3036 -0.3313 -0.2899 -0.0211 0.1341 0.1521 -0.2403 -0.3255 -0.3168 -0.1739 0.0803 0.2360 -0.1510 -0.3124 -0.3415 -0.3362 -0.3415 -0.3124 -0.1510 0.2360 0.0803 -0.1739 -0.3168 -0.3255 -0.2403 0.1521 0.1341 -0.0211 -0.2899 -0.3313 -0.3036 -0.1023 0.2215 0.0632 -0.2136 -0.3203 -0.3242 -0.2383 0.1315 0.1486 0.0070 -0.2775 -0.3296 -0.3149 -0.1803 0.2270 0.1132 -0.0428 -0.2911 -0.3313 -0.3082 -0.1449 0.2375 0.0946 -0.0945 -0.3011 -0.3311 -0.3019 -0.1077 0.2290 0.0778 -0.1536 -0.3102 -0.3295 -0.2955 -0.0492
-0.2347 -0.3309 -0.3056 -0.1227 0.0865 0.2349 -0.1280 -0.3053 -0.3314 -0.2960 -0.0664 0.1036 0.2358 -0.1620 -0.3113 -0.3310 -0.2860 -0.0223 0.1230 0.2116 -0.1945 -0.3172 -0.3285 -0.2720 0.0161 0.1574 0.1088 -0.2445 -0.3246 -0.3200 -0.2136 0.0622 0.2195 -0.0947 -0.3021 -0.3313 -0.2930 -0.0349 0.1253 0.1826 -0.2257 -0.3238 -0.3199 -0.1990 0.0719 0.2311 -0.1335 -0.3093 -0.3300 -0.2821 -0.0941 -0.2821 -0.3300 -0.3093 -0.1335 0.2311 0.0719 -0.1990 -0.3199 -0.3238 -0.2257 0.1826 0.1253 -0.0349 -0.2930 -0.3313 -0.3021 -0.0947 0.2195 0.0622 -0.2136 -0.3200 -0.3246 -0.2445 0.1088 0.1574 0.0161 -0.2720 -0.3285 -0.3172 -0.1945 0.2116 0.1230 -0.0223 -0.2860 -0.3310 -0.3113 -0.1620 0.2358 0.1036 -0.0664 -0.2960 -0.3314 -0.3053 -0.1280 0.2349 0.0865 -0.1227 -0.3056 -0.3309 -0.2347
-0.2780 -0.3011 -0.0925 0.0953 0.2375 -0.1462 -0.3085 -0.3313 -0.2908 -0.0419 0.1132 0.2277 -0.1783 -0.3143 -0.3301 -0.2807 -0.0045 0.1346 0.1854 -0.2097 -0.3195 -0.3271 -0.2638 0.0262 0.1698 0.0747 -0.2547 -0.3255 -0.3189 -0.2083 0.0632 0.2195 -0.0919 -0.3014 -0.3312 -0.2952 -0.0465 0.1187 0.2026 -0.2134 -0.3220 -0.3224 -0.2194 0.0638 0.2244 -0.1152 -0.3063 -0.3310 -0.2837 0.0055 0.0872 0.0055 -0.2837 -0.3310 -0.3063 -0.1152 0.2244 0.0638 -0.2194 -0.3224 -0.3220 -0.2134 0.2026 0.1187 -0.0465 -0.2952 -0.3312 -0.3014 -0.0919 0.2195 0.0632 -0.2083 -0.3189 -0.3255 -0.2547 0.0747 0.1698 0.0262 -0.2638 -0.3271 -0.3195 -0.2097 0.1854 0.1346 -0.0045 -0.2807 -0.3301 -0.3143 -0.1783 0.2277 0.1132 -0.0419 -0.2908 -0.3313 -0.3085 -0.1462 0.2375 0.0953 -0.0925 -0.3011 -0.2780
-0.2657 -0.0624 0.1042 0.2355 -0.1631 -0.3116 -0.3309 -0.2856 -0.0209 0.1236 0.2109 -0.1944 -0.3171 -0.3288 -0.2739 0.0109 0.1485 0.1464 -0.2262 -0.3219 -0.3250 -0.2523 0.0364 0.1853 0.0336 -0.2686 -0.3266 -0.3171 -0.1974 0.0663 0.2215 -0.0947 -0.3014 -0.3311 -0.2963 -0.0543 0.1144 0.2144 -0.2037 -0.3205 -0.3243 -0.2349 0.0561 0.2169 -0.0955 -0.3033 -0.3314 -0.2889 -0.0138 0.1311 0.2215 0.1311 -0.0138 -0.2889 -0.3314 -0.3033 -0.0955 0.2169 0.0561 -0.2349 -0.3243 -0.3205 -0.2037 0.2144 0.1144 -0.0543 -0.2963 -0.3311 -0.3014 -0.0947 0.2215 0.0663 -0.1974 -0.3171 -0.3266 -0.2686 0.0336 0.1853 0.0364 -0.2523 -0.3250 -0.3219 -0.2262 0.1464 0.1485 0.0109 -0.2739 -0.3288 -0.3171 -0.1944 0.2109 0.1236 -0.0209 -0.2856 -0.3309 -0.3116 -0.1631 0.2355 0.1042 -0.0624 -0.2657
-0.0750 0.1154 0.2268 -0.1794 -0.3145 -0.3300 -0.2802 -0.0032 0.1356 0.1830 -0.2107 -0.3196 -0.3271 -0.2646 0.0243 0.1650 0.0964 -0.2439 -0.3240 -0.3224 -0.2368 0.0464 0.1985 -0.0075 -0.2842 -0.3279 -0.3145 -0.1807 0.0711 0.2250 -0.1023 -0.3021 -0.3312 -0.2963 -0.0570 0.1123 0.2204 -0.1969 -0.3192 -0.3256 -0.2462 0.0490 0.2095 -0.0745 -0.3004 -0.3312 -0.2938 -0.0337 0.1275 0.1825 -0.1402 0.1825 0.1275 -0.0337 -0.2938 -0.3312 -0.3004 -0.0745 0.2095 0.0490 -0.2462 -0.3256 -0.3192 -0.1969 0.2204 0.1123 -0.0570 -0.2963 -0.3312 -0.3021 -0.1023 0.2250 0.0711 -0.1807 -0.3145 -0.3279 -0.2842 -0.0075 0.1985 0.0464 -0.2368 -0.3224 -0.3240 -0.2439 0.0964 0.1650 0.0243 -0.2646 -0.3271 -0.3196 -0.2107 0.1830 0.1356 -0.0032 -0.2802 -0.3300 -0.3145 -0.1794 0.2268 0.1154 -0.0750
0.1187 0.2089 -0.1956 -0.3173 -0.3287 -0.2733 0.0120 0.1497 0.1429 -0.2275 -0.3220 -0.3249 -0.2520 0.0362 0.1836 0.0423 -0.2630 -0.3260 -0.3193 -0.2168 0.0562 0.2082 -0.0438 -0.2937 -0.3290 -0.3112 -0.1587 0.0772 0.2296 -0.1136 -0.3036 -0.3313 -0.2952 -0.0543 0.1123 0.2222 -0.1935 -0.3184 -0.3265 -0.2537 0.0430 0.2029 -0.0531 -0.2977 -0.3308 -0.2982 -0.0541 0.1176 0.2001 -0.2142 -0.3076 -0.2142 0.2001 0.1176 -0.0541 -0.2982 -0.3308 -0.2977 -0.0531 0.2029 0.0430 -0.2537 -0.3265 -0.3184 -0.1935 0.2222 0.1123 -0.0543 -0.2952 -0.3313 -0.3036 -0.1136 0.2296 0.0772 -0.1587 -0.3112 -0.3290 -0.2937 -0.0438 0.2082 0.0562 -0.2168 -0.3193 -0.3260 -0.2630 0.0423 0.1836 0.0362 -0.2520 -0.3249 -0.3220 -0.2275 0.1429 0.1497 0.0120 -0.2733 -0.3287 -0.3173 -0.1956 0.2089 0.1187
0.1662 -0.2119 -0.3198 -0.3269 -0.2637 0.0253 0.1664 0.0922 -0.2454 -0.3242 -0.3223 -0.2356 0.0469 0.1987 -0.0064 -0.2824 -0.3276 -0.3158 -0.1924 0.0656 0.2178 -0.0744 -0.2972 -0.3301 -0.3073 -0.1326 0.0844 0.2341 -0.1274 -0.3056 -0.3313 -0.2930 -0.0465 0.1144 0.2204 -0.1935 -0.3181 -0.3270 -0.2579 0.0385 0.1978 -0.0331 -0.2953 -0.3303 -0.3020 -0.0753 0.1090 0.2205 -0.2020 -0.3247 -0.3473 -0.3247 -0.2020 0.2205 0.1090 -0.0753 -0.3020 -0.3303 -0.2953 -0.0331 0.1978 0.0385 -0.2579 -0.3270 -0.3181 -0.1935 0.2204 0.1144 -0.0465 -0.2930 -0.3313 -0.3056 -0.1274 0.2341 0.0844 -0.1326 -0.3073 -0.3301 -0.2972 -0.0744 0.2178 0.0656 -0.1924 -0.3158 -0.3276 -0.2824 -0.0064 0.1987 0.0469 -0.2356 -0.3223 -0.3242 -0.2454 0.0922 0.1664 0.0253 -0.2637 -0.3269 -0.3198 -0.2119 0.1662
-0.1867 -0.3226 -0.3247 -0.2508 0.0371 0.1848 0.0382 -0.2646 -0.3261 -0.3191 -0.2152 0.0569 0.2089 -0.0456 -0.2938 -0.3290 -0.3117 -0.1644 0.0746 0.2263 -0.0996 -0.3006 -0.3309 -0.3028 -0.1043 0.0921 0.2371 -0.1422 -0.3080 -0.3313 -0.2899 -0.0349 0.1187 0.2144 -0.1969 -0.3184 -0.3270 -0.2593 0.0361 0.1945 -0.0168 -0.2935 -0.3298 -0.3050 -0.0955 0.1019 0.2311 -0.1877 -0.3184 -0.3392 -0.3247 -0.3392 -0.3184 -0.1877 0.2311 0.1019 -0.0955 -0.3050 -0.3298 -0.2935 -0.0168 0.1945 0.0361 -0.2593 -0.3270 -0.3184 -0.1969 0.2144 0.1187 -0.0349 -0.2899 -0.3313 -0.3080 -0.1422 0.2371 0.0921 -0.1043 -0.3028 -0.3309 -0.3006 -0.0996 0.2263 0.0746 -0.1644 -0.3117 -0.3290 -0.2938 -0.0456 0.2089 0.0569 -0.2152 -0.3191 -0.3261 -0.2646 0.0382 0.1848 0.0371 -0.2508 -0.3247 -0.3226 -0.1867
-0.2663 -0.3224 -0.2342 0.0478 0.1995 -0.0098 -0.2834 -0.3278 -0.3155 -0.1905 0.0662 0.2185 -0.0764 -0.2974 -0.3301 -0.3073 -0.1339 0.0834 0.2331 -0.1210 -0.3040 -0.3313 -0.2979 -0.0761 0.1005 0.2369 -0.1573 -0.3107 -0.3310 -0.2861 -0.0211 0.1253 0.2026 -0.2037 -0.3192 -0.3265 -0.2579 0.0361 0.1934 -0.0075 -0.2924 -0.3293 -0.3073 -0.1126 0.0961 0.2359 -0.1755 -0.3162 -0.3269 -0.2546 -0.0369 -0.2546 -0.3269 -0.3162 -0.1755 0.2359 0.0961 -0.1126 -0.3073 -0.3293 -0.2924 -0.0075 0.1934 0.0361 -0.2579 -0.3265 -0.3192 -0.2037 0.2026 0.1253 -0.0211 -0.2861 -0.3310 -0.3107 -0.1573 0.2369 0.1005 -0.0761 -0.2979 -0.3313 -0.3040 -0.1210 0.2331 0.0834 -0.1339 -0.3073 -0.3301 -0.2974 -0.0764 0.2185 0.0662 -0.1905 -0.3155 -0.3278 -0.2834 -0.0098 0.1995 0.0478 -0.2342 -0.3224 -0.2663
-0.2787 -0.2126 0.0575 0.2097 -0.0482 -0.2941 -0.3292 -0.3115 -0.1622 0.0752 0.2269 -0.1013 -0.3009 -0.3309 -0.3026 -0.1031 0.0921 0.2370 -0.1398 -0.3073 -0.3314 -0.2927 -0.0504 0.1096 0.2315 -0.1727 -0.3134 -0.3303 -0.2818 -0.0068 0.1341 0.1826 -0.2134 -0.3205 -0.3256 -0.2537 0.0385 0.1945 -0.0075 -0.2920 -0.3290 -0.3087 -0.1250 0.0918 0.2374 -0.1651 -0.3142 -0.3287 -0.2667 0.0342 0.1071 0.0342 -0.2667 -0.3287 -0.3142 -0.1651 0.2374 0.0918 -0.1250 -0.3087 -0.3290 -0.2920 -0.0075 0.1945 0.0385 -0.2537 -0.3256 -0.3205 -0.2134 0.1826 0.1341 -0.0068 -0.2818 -0.3303 -0.3134 -0.1727 0.2315 0.1096 -0.0504 -0.2927 -0.3314 -0.3073 -0.1398 0.2370 0.0921 -0.1031 -0.3026 -0.3309 -0.3009 -0.1013 0.2269 0.0752 -0.1622 -0.3115 -0.3292 -0.2941 -0.0482 0.2097 0.0575 -0.2126 -0.2787
-0.2051 0.0686 0.2192 -0.0785 -0.2977 -0.3302 -0.3070 -0.1316 0.0840 0.2335 -0.1224 -0.3043 -0.3313 -0.2975 -0.0742 0.1010 0.2369 -0.1572 -0.3105 -0.3311 -0.2875 -0.0282 0.1197 0.2182 -0.1885 -0.3161 -0.3292 -0.2763 0.0069 0.1454 0.1521 -0.2257 -0.3220 -0.3243 -0.2462 0.0430 0.1978 -0.0168 -0.2924 -0.3290 -0.3092 -0.1316 0.0891 0.2375 -0.1572 -0.3126 -0.3297 -0.2738 0.0235 0.1612 0.2239 0.1612 0.0235 -0.2738 -0.3297 -0.3126 -0.1572 0.2375 0.0891 -0.1316 -0.3092 -0.3290 -0.2924 -0.0168 0.1978 0.0430 -0.2462 -0.3243 -0.3220 -0.2257 0.1521 0.1454 0.0069 -0.2763 -0.3292 -0.3161 -0.1885 0.2182 0.1197 -0.0282 -0.2875 -0.3311 -0.3105 -0.1572 0.2369 0.1010 -0.0742 -0.2975 -0.3313 -0.3043 -0.1224 0.2335 0.0840 -0.1316 -0.3070 -0.3302 -0.2977 -0.0785 0.2192 0.0686 -0.2051
0.0648 0.2274 -0.1030 -0.3012 -0.3310 -0.3022 -0.1009 0.0927 0.2372 -0.1411 -0.3076 -0.3314 -0.2923 -0.0485 0.1104 0.2308 -0.1736 -0.3135 -0.3304 -0.2823 -0.0093 0.1310 0.1946 -0.2046 -0.3187 -0.3277 -0.2682 0.0199 0.1596 0.1103 -0.2403 -0.3238 -0.3224 -0.2349 0.0490 0.2029 -0.0331 -0.2935 -0.3293 -0.3087 -0.1316 0.0882 0.2373 -0.1521 -0.3115 -0.3302 -0.2779 0.0142 0.1655 0.0626 -0.1975 0.0626 0.1655 0.0142 -0.2779 -0.3302 -0.3115 -0.1521 0.2372 0.0882 -0.1316 -0.3087 -0.3293 -0.2935 -0.0331 0.2029 0.0490 -0.2349 -0.3224 -0.3238 -0.2403 0.1103 0.1596 0.0199 -0.2682 -0.3277 -0.3187 -0.2046 0.1946 0.1310 -0.0093 -0.2823 -0.3304 -0.3135 -0.1736 0.2308 0.1104 -0.0485 -0.2923 -0.3314 -0.3076 -0.1411 0.2372 0.0927 -0.1009 -0.3022 -0.3310 -0.3012 -0.1030 0.2274 0.0648
0.2211 -0.1240 -0.3045 -0.3314 -0.2971 -0.0722 0.1017 0.2366 -0.1584 -0.3107 -0.3311 -0.2871 -0.0266 0.1205 0.2167 -0.1897 -0.3163 -0.3293 -0.2761 0.0067 0.1443 0.1590 -0.2212 -0.3212 -0.3257 -0.2569 0.0320 0.1773 0.0604 -0.2570 -0.3255 -0.3199 -0.2194 0.0561 0.2095 -0.0531 -0.2953 -0.3298 -0.3073 -0.1250 0.0891 0.2373 -0.1502 -0.3108 -0.3305 -0.2802 0.0074 0.1566 0.0791 -0.2627 -0.3174 -0.2627 0.0791 0.1566 0.0074 -0.2802 -0.3305 -0.3109 -0.1502 0.2372 0.0891 -0.1250 -0.3073 -0.3298 -0.2953 -0.0531 0.2095 0.0561 -0.2194 -0.3199 -0.3255 -0.2570 0.0604 0.1773 0.0320 -0.2569 -0.3257 -0.3212 -0.2212 0.1590 0.1443 0.0067 -0.2761 -0.3293 -0.3163 -0.1897 0.2167 0.1205 -0.0266 -0.2871 -0.3311 -0.3107 -0.1584 0.2366 0.1017 -0.0722 -0.2971 -0.3314 -0.3045 -0.1240 0.2211
-0.1235 -0.3082 -0.3314 -0.2919 -0.0468 0.1111 0.2301 -0.1748 -0.3137 -0.3303 -0.2818 -0.0080 0.1320 0.1923 -0.2059 -0.3189 -0.3277 -0.2676 0.0206 0.1600 0.1116 -0.2387 -0.3234 -0.3232 -0.2420 0.0432 0.1938 0.0101 -0.2763 -0.3271 -0.3168 -0.1990 0.0638 0.2169 -0.0745 -0.2977 -0.3303 -0.3050 -0.1126 0.0918 0.2375 -0.1521 -0.3108 -0.3306 -0.2813 0.0029 0.1502 0.1072 -0.2543 -0.3320 -0.3497 -0.3320 -0.2543 0.1072 0.1502 0.0029 -0.2813 -0.3305 -0.3109 -0.1521 0.2375 0.0918 -0.1126 -0.3050 -0.3303 -0.2977 -0.0745 0.2169 0.0638 -0.1990 -0.3168 -0.3271 -0.2763 0.0101 0.1938 0.0432 -0.2420 -0.3232 -0.3234 -0.2387 0.1116 0.1600 0.0206 -0.2676 -0.3277 -0.3189 -0.2059 0.1923 0.1320 -0.0080 -0.2818 -0.3303 -0.3137 -0.1748 0.2301 0.1111 -0.0468 -0.2919 -0.3314 -0.3082 -0.1235
-0.2492 -0.3314 -0.2866 -0.0251 0.1213 0.2153 -0.1909 -0.3165 -0.3291 -0.2755 0.0079 0.1454 0.1557 -0.2226 -0.3214 -0.3256 -0.2559 0.0329 0.1786 0.0577 -0.2573 -0.3254 -0.3203 -0.2230 0.0534 0.2053 -0.0326 -0.2906 -0.3286 -0.3131 -0.1739 0.0719 0.2244 -0.0955 -0.3004 -0.3308 -0.3020 -0.0955 0.0961 0.2374 -0.1572 -0.3115 -0.3305 -0.2813 0.0013 0.1471 0.1228 -0.2464 -0.3254 -0.3314 -0.3005 -0.3314 -0.3254 -0.2464 0.1228 0.1470 0.0013 -0.2813 -0.3305 -0.3115 -0.1572 0.2374 0.0961 -0.0955 -0.3020 -0.3308 -0.3004 -0.0955 0.2244 0.0719 -0.1739 -0.3131 -0.3286 -0.2906 -0.0326 0.2053 0.0534 -0.2230 -0.3203 -0.3254 -0.2573 0.0577 0.1786 0.0329 -0.2559 -0.3256 -0.3214 -0.2226 0.1557 0.1454 0.0079 -0.2755 -0.3291 -0.3165 -0.1909 0.2153 0.1213 -0.0251 -0.2866 -0.3314 -0.2492
-0.2818 -0.2818 -0.0069 0.1329 0.1900 -0.2071 -0.3191 -0.3275 -0.2668 0.0216 0.1614 0.1075 -0.2401 -0.3236 -0.3231 -0.2407 0.0439 0.1949 0.0067 -0.2777 -0.3272 -0.3168 -0.1998 0.0629 0.2151 -0.0661 -0.2961 -0.3298 -0.3090 -0.1450 0.0803 0.2311 -0.1152 -0.3033 -0.3312 -0.2982 -0.0753 0.1019 0.2359 -0.1651 -0.3126 -0.3302 -0.2802 0.0029 0.1471 0.1280 -0.2426 -0.3249 -0.3176 -0.1865 0.0155 -0.1865 -0.3176 -0.3249 -0.2426 0.1280 0.1470 0.0029 -0.2802 -0.3302 -0.3126 -0.1651 0.2359 0.1019 -0.0753 -0.2982 -0.3312 -0.3033 -0.1152 0.2311 0.0803 -0.1450 -0.3090 -0.3298 -0.2961 -0.0661 0.2151 0.0629 -0.1998 -0.3168 -0.3272 -0.2777 0.0067 0.1949 0.0439 -0.2407 -0.3231 -0.3236 -0.2401 0.1075 0.1614 0.0216 -0.2668 -0.3275 -0.3191 -0.2071 0.1900 0.1329 -0.0069 -0.2818 -0.2818
-0.2550 0.0107 0.1465 0.1525 -0.2238 -0.3215 -0.3254 -0.2549 0.0338 0.1802 0.0535 -0.2589 -0.3256 -0.3201 -0.2215 0.0541 0.2060 -0.0353 -0.2916 -0.3287 -0.3129 -0.1728 0.0720 0.2240 -0.0928 -0.2996 -0.3307 -0.3044 -0.1143 0.0889 0.2360 -0.1335 -0.3063 -0.3314 -0.2938 -0.0541 0.1090 0.2311 -0.1755 -0.3142 -0.3298 -0.2779 0.0074 0.1502 0.1228 -0.2426 -0.3248 -0.3190 -0.2022 0.0677 0.1431 0.0677 -0.2022 -0.3190 -0.3248 -0.2426 0.1228 0.1502 0.0074 -0.2779 -0.3297 -0.3142 -0.1755 0.2311 0.1090 -0.0541 -0.2938 -0.3314 -0.3063 -0.1335 0.2360 0.0889 -0.1143 -0.3043 -0.3307 -0.2996 -0.0928 0.2240 0.0720 -0.1727 -0.3129 -0.3287 -0.2916 -0.0353 0.2060 0.0541 -0.2215 -0.3200 -0.3256 -0.2589 0.0535 0.1802 0.0338 -0.2549 -0.3254 -0.3215 -0.2238 0.1525 0.1465 0.0107 -0.2549
0.0008 0.1627 0.1036 -0.2414 -0.3237 -0.3228 -0.2394 0.0448 0.1963 0.0031 -0.2794 -0.3273 -0.3166 -0.1980 0.0636 0.2158 -0.0682 -0.2964 -0.3299 -0.3086 -0.1428 0.0808 0.2314 -0.1152 -0.3031 -0.3312 -0.2994 -0.0844 0.0977 0.2375 -0.1509 -0.3094 -0.3312 -0.2891 -0.0339 0.1174 0.2208 -0.1876 -0.3162 -0.3290 -0.2739 0.0141 0.1563 0.1076 -0.2464 -0.3250 -0.3193 -0.2067 0.0659 0.2087 0.1413 0.2087 0.0660 -0.2065 -0.3190 -0.3249 -0.2464 0.1072 0.1566 0.0142 -0.2738 -0.3287 -0.3162 -0.1877 0.2205 0.1176 -0.0337 -0.2889 -0.3310 -0.3093 -0.1510 0.2375 0.0978 -0.0844 -0.2992 -0.3311 -0.3031 -0.1152 0.2314 0.0809 -0.1427 -0.3084 -0.3297 -0.2964 -0.0683 0.2158 0.0636 -0.1980 -0.3163 -0.3272 -0.2794 0.0028 0.1963 0.0448 -0.2394 -0.3226 -0.3237 -0.2414 0.1033 0.1629 0.0009
0.1730 0.0489 -0.2604 -0.3257 -0.3198 -0.2198 0.0549 0.2068 -0.0381 -0.2926 -0.3288 -0.3127 -0.1707 0.0727 0.2246 -0.0946 -0.2999 -0.3307 -0.3040 -0.1119 0.0896 0.2362 -0.1346 -0.3064 -0.3314 -0.2942 -0.0575 0.1069 0.2338 -0.1676 -0.3124 -0.3307 -0.2841 -0.0154 0.1273 0.2022 -0.2011 -0.3184 -0.3278 -0.2676 0.0224 0.1656 0.0828 -0.2535 -0.3256 -0.3187 -0.2043 0.0653 0.2224 -0.0954 -0.2567 -0.0967 0.2228 0.0660 -0.2022 -0.3176 -0.3254 -0.2543 0.0791 0.1655 0.0235 -0.2667 -0.3269 -0.3184 -0.2020 0.2001 0.1275 -0.0138 -0.2837 -0.3300 -0.3124 -0.1684 0.2333 0.1070 -0.0556 -0.2934 -0.3309 -0.3065 -0.1354 0.2363 0.0898 -0.1096 -0.3030 -0.3303 -0.3001 -0.0958 0.2250 0.0731 -0.1684 -0.3116 -0.3285 -0.2928 -0.0400 0.2072 0.0554 -0.2181 -0.3188 -0.3256 -0.2609 0.0467 0.1715
0.0021 -0.2809 -0.3274 -0.3163 -0.1960 0.0643 0.2165 -0.0705 -0.2966 -0.3300 -0.3083 -0.1406 0.0815 0.2318 -0.1166 -0.3033 -0.3313 -0.2990 -0.0822 0.0984 0.2374 -0.1523 -0.3096 -0.3312 -0.2890 -0.0342 0.1167 0.2230 -0.1838 -0.3153 -0.3297 -0.2785 0.0012 0.1394 0.1725 -0.2160 -0.3205 -0.3261 -0.2587 0.0316 0.1788 0.0495 -0.2640 -0.3264 -0.3173 -0.1971 0.0671 0.2228 -0.1012 -0.3039 -0.3356 -0.3053 -0.0967 0.2087 0.0677 -0.1865 -0.3314 -0.3320 -0.2627 0.0626 0.1612 0.0342 -0.2546 -0.3392 -0.3247 -0.2142 0.1825 0.1311 0.0055 -0.2821 -0.3415 -0.3184 -0.1811 0.2280 0.1120 -0.0277 -0.2989 -0.3415 -0.3118 -0.1487 0.2387 0.0959 -0.0729 -0.3125 -0.3401 -0.3048 -0.1118 0.2224 0.0806 -0.1294 -0.3231 -0.3374 -0.2975 -0.0627 0.2004 0.0646 -0.1861 -0.3311 -0.3335 -0.2782 0.0171
-0.2282 -0.3292 -0.3122 -0.1684 0.0734 0.2253 -0.0965 -0.3002 -0.3307 -0.3035 -0.1096 0.0902 0.2365 -0.1360 -0.3066 -0.3313 -0.2937 -0.0555 0.1077 0.2333 -0.1690 -0.3126 -0.3305 -0.2838 -0.0144 0.1276 0.2025 -0.2000 -0.3179 -0.3281 -0.2710 0.0158 0.1542 0.1296 -0.2324 -0.3226 -0.3239 -0.2464 0.0409 0.1923 0.0114 -0.2782 -0.3273 -0.3152 -0.1848 0.0705 0.2251 -0.1044 -0.3029 -0.3509 -0.3772 -0.3351 -0.2567 0.1413 0.1431 0.0155 -0.3005 -0.3497 -0.3174 -0.1975 0.2239 0.1071 -0.0369 -0.3247 -0.3473 -0.3076 -0.1402 0.2215 0.0872 -0.0941 -0.3362 -0.3436 -0.2996 -0.0889 0.2072 0.0709 -0.1583 -0.3435 -0.3390 -0.2916 -0.0201 0.1890 0.0551 -0.2189 -0.3480 -0.3335 -0.2705 0.0772 0.1632 0.0379 -0.2648 -0.3503 -0.3274 -0.2474 0.1673 0.1395 0.0169 -0.2956 -0.3506 -0.3215 -0.1907
