-23.0506 -36.3432 -44.7549 -4.1277 28.2679 -17.0860 -32.4035 -42.3233 -38.2940 15.4506 25.8742 -23.4910 -32.6704 -37.2741 -38.0291 -38.0617 -38.0628 -38.0629 -38.0629 -38.0629 -38.0629 -38.0629 -38.0629 -38.0629 -38.0629 -38.0629 -38.0629 -38.0629 -38.0629 -38.0629 -38.0629 -38.0629 -38.0629 -38.0629 -38.0629 -38.0629 -38.0629 -38.0629 -38.0629 -38.0629 -38.0629 -38.0629 -38.0629 -38.0629 -38.0629 -38.0629 -38.0629 -38.0629 -38.0629 -38.0629 -38.0629 -38.0629 -38.0629 -38.0629 -38.0629 -38.0629 -38.0629 -38.0629 -38.0629 -38.0629 -38.0629 -38.0629 -38.0629 -38.0629 -38.0629 -38.0629 -38.0629 -38.0629 -38.0629 -38.0629 -38.0629 -38.0629 -38.0629 -38.0629 -38.0629 -38.0629 -38.0629 -38.0629 -38.0629 -38.0629 -38.0629 -38.0629 -38.0629 -38.0629 -38.0628 -38.0617 -38.0291 -37.2741 -32.6704 -23.4910 25.8742 15.4506 -38.2940 -42.3233 -32.4035 -17.0860 28.2679 -4.1277 -44.7549 -36.3432 -23.0506
-36.3432 -45.8165 -4.1026 28.1407 -17.1788 -33.7789 -43.5815 -37.6782 16.7086 19.3266 -26.6591 -37.1431 -44.4290 -47.0369 -46.9802 -46.9402 -46.9383 -46.9383 -46.9383 -46.9383 -46.9383 -46.9383 -46.9383 -46.9383 -46.9383 -46.9383 -46.9383 -46.9383 -46.9383 -46.9383 -46.9383 -46.9383 -46.9383 -46.9383 -46.9383 -46.9383 -46.9383 -46.9383 -46.9383 -46.9383 -46.9383 -46.9383 -46.9383 -46.9383 -46.9383 -46.9383 -46.9383 -46.9383 -46.9383 -46.9383 -46.9383 -46.9383 -46.9383 -46.9383 -46.9383 -46.9383 -46.9383 -46.9383 -46.9383 -46.9383 -46.9383 -46.9383 -46.9383 -46.9383 -46.9383 -46.9383 -46.9383 -46.9383 -46.9383 -46.9383 -46.9383 -46.9383 -46.9383 -46.9383 -46.9383 -46.9383 -46.9383 -46.9383 -46.9383 -46.9383 -46.9383 -46.9383 -46.9383 -46.9383 -46.9383 -46.9402 -46.9802 -47.0369 -44.4290 -37.1431 -26.6591 19.3266 16.7086 -37.6782 -43.5815 -33.7789 -17.1788 28.1407 -4.1026 -45.8165 -36.3432
-44.7549 -4.1026 27.9526 -16.9000 -33.6666 -43.5099 -37.7371 17.0278 15.2676 -27.7496 -38.5152 -45.8585 -34.4395 2.8100 6.4837 6.6271 6.6331 6.6331 6.6331 6.6331 6.6331 6.6331 6.6331 6.6331 6.6331 6.6331 6.6331 6.6331 6.6331 6.6331 6.6331 6.6331 6.6331 6.6331 6.6331 6.6331 6.6331 6.6331 6.6331 6.6331 6.6331 6.6331 6.6331 6.6331 6.6331 6.6331 6.6331 6.6331 6.6331 6.6331 6.6331 6.6331 6.6331 6.6331 6.6331 6.6331 6.6331 6.6331 6.6331 6.6331 6.6331 6.6331 6.6331 6.6331 6.6331 6.6331 6.6331 6.6331 6.6331 6.6331 6.6331 6.6331 6.6331 6.6331 6.6331 6.6331 6.6331 6.6331 6.6331 6.6331 6.6331 6.6331 6.6331 6.6331 6.6331 6.6271 6.4837 2.8100 -34.4395 -45.8585 -38.5152 -27.7496 15.2676 17.0278 -37.7371 -43.5099 -33.6666 -16.9000 27.9526 -4.1026 -44.7549
-4.1277 28.1407 -16.9000 -33.6191 -43.4548 -37.9900 17.0661 13.6380 -28.2557 -39.1812 -46.1483 -11.0232 18.3528 31.3602 32.9659 32.9777 32.9782 32.9782 32.9782 32.9782 32.9782 32.9782 32.9782 32.9782 32.9782 32.9782 32.9782 32.9782 32.9782 32.9782 32.9782 32.9782 32.9782 32.9782 32.9782 32.9782 32.9782 32.9782 32.9782 32.9782 32.9782 32.9782 32.9782 32.9782 32.9782 32.9782 32.9782 32.9782 32.9782 32.9782 32.9782 32.9782 32.9782 32.9782 32.9782 32.9782 32.9782 32.9782 32.9782 32.9782 32.9782 32.9782 32.9782 32.9782 32.9782 32.9782 32.9782 32.9782 32.9782 32.9782 32.9782 32.9782 32.9782 32.9782 32.9782 32.9782 32.9782 32.9782 32.9782 32.9782 32.9782 32.9782 32.9782 32.9782 32.9782 32.9777 32.9659 31.3602 18.3528 -11.0232 -46.1483 -39.1812 -28.2557 13.6380 17.0661 -37.9900 -43.4548 -33.6191 -16.9000 28.1407 -4.1277
28.2679 -17.1788 -33.6666 -43.4548 -38.1142 17.0210 13.2733 -28.4590 -39.4937 -46.2258 -1.3982 25.3806 3.6915 -21.0940 -23.0826 -23.1815 -23.1858 -23.1858 -23.1858 -23.1858 -23.1858 -23.1858 -23.1858 -23.1858 -23.1858 -23.1858 -23.1858 -23.1858 -23.1858 -23.1858 -23.1858 -23.1858 -23.1858 -23.1858 -23.1858 -23.1858 -23.1858 -23.1858 -23.1858 -23.1858 -23.1858 -23.1858 -23.1858 -23.1858 -23.1858 -23.1858 -23.1858 -23.1858 -23.1858 -23.1858 -23.1858 -23.1858 -23.1858 -23.1858 -23.1858 -23.1858 -23.1858 -23.1858 -23.1858 -23.1858 -23.1858 -23.1858 -23.1858 -23.1858 -23.1858 -23.1858 -23.1858 -23.1858 -23.1858 -23.1858 -23.1858 -23.1858 -23.1858 -23.1858 -23.1858 -23.1858 -23.1858 -23.1858 -23.1858 -23.1858 -23.1858 -23.1858 -23.1858 -23.1858 -23.1858 -23.1815 -23.0826 -21.0940 3.6915 25.3806 -1.3982 -46.2258 -39.4937 -28.4590 13.2733 17.0210 -38.1142 -43.4548 -33.6666 -17.1788 28.2679
-17.0860 -33.7789 -43.5099 -37.9900 17.0210 13.2695 -28.5183 -39.6211 -46.2591 1.9580 28.8707 -13.6745 -29.4682 -35.0726 -36.4088 -36.4781 -36.4807 -36.4808 -36.4808 -36.4808 -36.4808 -36.4808 -36.4808 -36.4808 -36.4808 -36.4808 -36.4808 -36.4808 -36.4808 -36.4808 -36.4808 -36.4808 -36.4808 -36.4808 -36.4808 -36.4808 -36.4808 -36.4808 -36.4808 -36.4808 -36.4808 -36.4808 -36.4808 -36.4808 -36.4808 -36.4808 -36.4808 -36.4808 -36.4808 -36.4808 -36.4808 -36.4808 -36.4808 -36.4808 -36.4808 -36.4808 -36.4808 -36.4808 -36.4808 -36.4808 -36.4808 -36.4808 -36.4808 -36.4808 -36.4808 -36.4808 -36.4808 -36.4808 -36.4808 -36.4808 -36.4808 -36.4808 -36.4808 -36.4808 -36.4808 -36.4808 -36.4808 -36.4808 -36.4808 -36.4808 -36.4808 -36.4808 -36.4808 -36.4808 -36.4807 -36.4781 -36.4088 -35.0726 -29.4682 -13.6745 28.8707 1.9580 -46.2591 -39.6211 -28.5183 13.2695 17.0210 -37.9900 -43.5099 -33.7789 -17.0860
-32.4035 -43.5815 -37.7371 17.0661 13.2733 -28.5183 -39.6538 -46.2695 3.2929 30.5126 -17.4891 -32.2909 -40.5051 -45.3029 -46.1771 -46.1878 -46.1868 -46.1869 -46.1869 -46.1869 -46.1869 -46.1869 -46.1869 -46.1869 -46.1869 -46.1869 -46.1869 -46.1869 -46.1869 -46.1869 -46.1869 -46.1869 -46.1869 -46.1869 -46.1869 -46.1869 -46.1869 -46.1869 -46.1869 -46.1869 -46.1869 -46.1869 -46.1869 -46.1869 -46.1869 -46.1869 -46.1869 -46.1869 -46.1869 -46.1869 -46.1869 -46.1869 -46.1869 -46.1869 -46.1869 -46.1869 -46.1869 -46.1869 -46.1869 -46.1869 -46.1869 -46.1869 -46.1869 -46.1869 -46.1869 -46.1869 -46.1869 -46.1869 -46.1869 -46.1869 -46.1869 -46.1869 -46.1869 -46.1869 -46.1869 -46.1869 -46.1869 -46.1869 -46.1869 -46.1869 -46.1869 -46.1869 -46.1869 -46.1869 -46.1868 -46.1878 -46.1771 -45.3029 -40.5051 -32.2909 -17.4891 30.5126 3.2929 -46.2695 -39.6538 -28.5183 13.2733 17.0661 -37.7371 -43.5815 -32.4035
-42.3233 -37.6782 17.0278 13.6380 -28.4590 -39.6211 -46.2695 3.6595 31.1529 -18.9337 -33.5851 -42.6101 -46.4686 -26.0330 -10.7698 -9.9763 -9.9578 -9.9573 -9.9573 -9.9573 -9.9573 -9.9573 -9.9573 -9.9573 -9.9573 -9.9573 -9.9573 -9.9573 -9.9573 -9.9573 -9.9573 -9.9573 -9.9573 -9.9573 -9.9573 -9.9573 -9.9573 -9.9573 -9.9573 -9.9573 -9.9573 -9.9573 -9.9573 -9.9573 -9.9573 -9.9573 -9.9573 -9.9573 -9.9573 -9.9573 -9.9573 -9.9573 -9.9573 -9.9573 -9.9573 -9.9573 -9.9573 -9.9573 -9.9573 -9.9573 -9.9573 -9.9573 -9.9573 -9.9573 -9.9573 -9.9573 -9.9573 -9.9573 -9.9573 -9.9573 -9.9573 -9.9573 -9.9573 -9.9573 -9.9573 -9.9573 -9.9573 -9.9573 -9.9573 -9.9573 -9.9573 -9.9573 -9.9573 -9.9573 -9.9578 -9.9763 -10.7698 -26.0330 -46.4686 -42.6101 -33.5851 -18.9337 31.1529 3.6595 -46.2695 -39.6211 -28.4590 13.6380 17.0278 -37.6782 -42.3233
-38.2940 16.7086 15.2676 -28.2557 -39.4937 -46.2591 3.2929 31.1529 -19.3319 -34.1164 -43.4255 -43.6656 5.9862 20.8633 25.5288 25.8086 25.8138 25.8142 25.8142 25.8142 25.8142 25.8142 25.8142 25.8142 25.8142 25.8142 25.8142 25.8142 25.8142 25.8142 25.8142 25.8142 25.8142 25.8142 25.8142 25.8142 25.8142 25.8142 25.8142 25.8142 25.8142 25.8142 25.8142 25.8142 25.8142 25.8142 25.8142 25.8142 25.8142 25.8142 25.8142 25.8142 25.8142 25.8142 25.8142 25.8142 25.8142 25.8142 25.8142 25.8142 25.8142 25.8142 25.8142 25.8142 25.8142 25.8142 25.8142 25.8142 25.8142 25.8142 25.8142 25.8142 25.8142 25.8142 25.8142 25.8142 25.8142 25.8142 25.8142 25.8142 25.8142 25.8142 25.8142 25.8142 25.8138 25.8086 25.5288 20.8633 5.9862 -43.6656 -43.4255 -34.1164 -19.3319 31.1529 3.2929 -46.2591 -39.4937 -28.2557 15.2676 16.7086 -38.2940
15.4506 19.3266 -27.7496 -39.1812 -46.2258 1.9580 30.5126 -18.9337 -34.1164 -43.6462 -41.2405 11.5109 32.3012 -3.7480 -14.1497 -14.5001 -14.5085 -14.5086 -14.5086 -14.5086 -14.5086 -14.5086 -14.5086 -14.5086 -14.5086 -14.5086 -14.5086 -14.5086 -14.5086 -14.5086 -14.5086 -14.5086 -14.5086 -14.5086 -14.5086 -14.5086 -14.5086 -14.5086 -14.5086 -14.5086 -14.5086 -14.5086 -14.5086 -14.5086 -14.5086 -14.5086 -14.5086 -14.5086 -14.5086 -14.5086 -14.5086 -14.5086 -14.5086 -14.5086 -14.5086 -14.5086 -14.5086 -14.5086 -14.5086 -14.5086 -14.5086 -14.5086 -14.5086 -14.5086 -14.5086 -14.5086 -14.5086 -14.5086 -14.5086 -14.5086 -14.5086 -14.5086 -14.5086 -14.5086 -14.5086 -14.5086 -14.5086 -14.5086 -14.5086 -14.5086 -14.5086 -14.5086 -14.5086 -14.5086 -14.5085 -14.5001 -14.1497 -3.7480 32.3012 11.5109 -41.2405 -43.6462 -34.1164 -18.9337 30.5126 1.9580 -46.2258 -39.1812 -27.7496 19.3266 15.4506
25.8742 -26.6591 -38.5152 -46.1483 -1.3982 28.8707 -17.4891 -33.5851 -43.4255 -41.2405 12.9232 33.2749 -19.6484 -29.1639 -31.0556 -31.1777 -31.1819 -31.1819 -31.1819 -31.1819 -31.1819 -31.1819 -31.1819 -31.1819 -31.1819 -31.1819 -31.1819 -31.1819 -31.1819 -31.1819 -31.1819 -31.1819 -31.1819 -31.1819 -31.1819 -31.1819 -31.1819 -31.1819 -31.1819 -31.1819 -31.1819 -31.1819 -31.1819 -31.1819 -31.1819 -31.1819 -31.1819 -31.1819 -31.1819 -31.1819 -31.1819 -31.1819 -31.1819 -31.1819 -31.1819 -31.1819 -31.1819 -31.1819 -31.1819 -31.1819 -31.1819 -31.1819 -31.1819 -31.1819 -31.1819 -31.1819 -31.1819 -31.1819 -31.1819 -31.1819 -31.1819 -31.1819 -31.1819 -31.1819 -31.1819 -31.1819 -31.1819 -31.1819 -31.1819 -31.1819 -31.1819 -31.1819 -31.1819 -31.1819 -31.1819 -31.1777 -31.0556 -29.1639 -19.6484 33.2749 12.9232 -41.2405 -43.4255 -33.5851 -17.4891 28.8707 -1.3982 -46.1483 -38.5152 -26.6591 25.8742
-23.4910 -37.1431 -45.8585 -11.0232 25.3806 -13.6745 -32.2909 -42.6101 -43.6656 11.5109 33.2749 -21.8056 -33.0503 -39.2003 -41.0592 -41.1670 -41.1707 -41.1709 -41.1709 -41.1709 -41.1709 -41.1709 -41.1709 -41.1709 -41.1709 -41.1709 -41.1709 -41.1709 -41.1709 -41.1709 -41.1709 -41.1709 -41.1709 -41.1709 -41.1709 -41.1709 -41.1709 -41.1709 -41.1709 -41.1709 -41.1709 -41.1709 -41.1709 -41.1709 -41.1709 -41.1709 -41.1709 -41.1709 -41.1709 -41.1709 -41.1709 -41.1709 -41.1709 -41.1709 -41.1709 -41.1709 -41.1709 -41.1709 -41.1709 -41.1709 -41.1709 -41.1709 -41.1709 -41.1709 -41.1709 -41.1709 -41.1709 -41.1709 -41.1709 -41.1709 -41.1709 -41.1709 -41.1709 -41.1709 -41.1709 -41.1709 -41.1709 -41.1709 -41.1709 -41.1709 -41.1709 -41.1709 -41.1709 -41.1709 -41.1707 -41.1670 -41.0592 -39.2003 -33.0503 -21.8056 33.2749 11.5109 -43.6656 -42.6101 -32.2909 -13.6745 25.3806 -11.0232 -45.8585 -37.1431 -23.4910
-32.6704 -44.4290 -34.4395 18.3528 3.6915 -29.4682 -40.5051 -46.4686 5.9862 32.3012 -19.6484 -33.0503 -41.6419 -46.7405 -47.5198 -47.4989 -47.4963 -47.4963 -47.4963 -47.4963 -47.4963 -47.4963 -47.4963 -47.4963 -47.4963 -47.4963 -47.4963 -47.4963 -47.4963 -47.4963 -47.4963 -47.4963 -47.4963 -47.4963 -47.4963 -47.4963 -47.4963 -47.4963 -47.4963 -47.4963 -47.4963 -47.4963 -47.4963 -47.4963 -47.4963 -47.4963 -47.4963 -47.4963 -47.4963 -47.4963 -47.4963 -47.4963 -47.4963 -47.4963 -47.4963 -47.4963 -47.4963 -47.4963 -47.4963 -47.4963 -47.4963 -47.4963 -47.4963 -47.4963 -47.4963 -47.4963 -47.4963 -47.4963 -47.4963 -47.4963 -47.4963 -47.4963 -47.4963 -47.4963 -47.4963 -47.4963 -47.4963 -47.4963 -47.4963 -47.4963 -47.4963 -47.4963 -47.4963 -47.4963 -47.4963 -47.4989 -47.5198 -46.7405 -41.6419 -33.0503 -19.6484 32.3012 5.9862 -46.4686 -40.5051 -29.4682 3.6915 18.3528 -34.4395 -44.4290 -32.6704
-37.2741 -47.0369 2.8100 31.3602 -21.0940 -35.0726 -45.3029 -26.0330 20.8633 -3.7480 -29.1639 -39.2003 -46.7405 -45.5970 -41.6312 -41.2664 -41.2520 -41.2513 -41.2513 -41.2513 -41.2513 -41.2513 -41.2513 -41.2513 -41.2513 -41.2513 -41.2513 -41.2513 -41.2513 -41.2513 -41.2513 -41.2513 -41.2513 -41.2513 -41.2513 -41.2513 -41.2513 -41.2513 -41.2513 -41.2513 -41.2513 -41.2513 -41.2513 -41.2513 -41.2513 -41.2513 -41.2513 -41.2513 -41.2513 -41.2513 -41.2513 -41.2513 -41.2513 -41.2513 -41.2513 -41.2513 -41.2513 -41.2513 -41.2513 -41.2513 -41.2513 -41.2513 -41.2513 -41.2513 -41.2513 -41.2513 -41.2513 -41.2513 -41.2513 -41.2513 -41.2513 -41.2513 -41.2513 -41.2513 -41.2513 -41.2513 -41.2513 -41.2513 -41.2513 -41.2513 -41.2513 -41.2513 -41.2513 -41.2513 -41.2520 -41.2664 -41.6312 -45.5970 -46.7405 -39.2003 -29.1639 -3.7480 20.8633 -26.0330 -45.3029 -35.0726 -21.0940 31.3602 2.8100 -47.0369 -37.2741
-38.0291 -46.9802 6.4837 32.9659 -23.0826 -36.4088 -46.1771 -10.7698 25.5288 -14.1497 -31.0556 -41.0592 -47.5198 -41.6312 -36.4272 -36.0846 -36.0723 -36.0723 -36.0723 -36.0723 -36.0723 -36.0723 -36.0723 -36.0723 -36.0723 -36.0723 -36.0723 -36.0723 -36.0723 -36.0723 -36.0723 -36.0723 -36.0723 -36.0723 -36.0723 -36.0723 -36.0723 -36.0723 -36.0723 -36.0723 -36.0723 -36.0723 -36.0723 -36.0723 -36.0723 -36.0723 -36.0723 -36.0723 -36.0723 -36.0723 -36.0723 -36.0723 -36.0723 -36.0723 -36.0723 -36.0723 -36.0723 -36.0723 -36.0723 -36.0723 -36.0723 -36.0723 -36.0723 -36.0723 -36.0723 -36.0723 -36.0723 -36.0723 -36.0723 -36.0723 -36.0723 -36.0723 -36.0723 -36.0723 -36.0723 -36.0723 -36.0723 -36.0723 -36.0723 -36.0723 -36.0723 -36.0723 -36.0723 -36.0723 -36.0723 -36.0846 -36.4272 -41.6312 -47.5198 -41.0592 -31.0556 -14.1497 25.5288 -10.7698 -46.1771 -36.4088 -23.0826 32.9659 6.4837 -46.9802 -38.0291
-38.0617 -46.9402 6.6271 32.9777 -23.1815 -36.4781 -46.1878 -9.9763 25.8086 -14.5001 -31.1777 -41.1670 -47.4989 -41.2664 -36.0846 -35.7483 -35.7363 -35.7363 -35.7363 -35.7363 -35.7363 -35.7363 -35.7363 -35.7363 -35.7363 -35.7363 -35.7363 -35.7363 -35.7363 -35.7363 -35.7363 -35.7363 -35.7363 -35.7363 -35.7363 -35.7363 -35.7363 -35.7363 -35.7363 -35.7363 -35.7363 -35.7363 -35.7363 -35.7363 -35.7363 -35.7363 -35.7363 -35.7363 -35.7363 -35.7363 -35.7363 -35.7363 -35.7363 -35.7363 -35.7363 -35.7363 -35.7363 -35.7363 -35.7363 -35.7363 -35.7363 -35.7363 -35.7363 -35.7363 -35.7363 -35.7363 -35.7363 -35.7363 -35.7363 -35.7363 -35.7363 -35.7363 -35.7363 -35.7363 -35.7363 -35.7363 -35.7363 -35.7363 -35.7363 -35.7363 -35.7363 -35.7363 -35.7363 -35.7363 -35.7363 -35.7483 -36.0846 -41.2664 -47.4989 -41.1670 -31.1777 -14.5001 25.8086 -9.9763 -46.1878 -36.4781 -23.1815 32.9777 6.6271 -46.9402 -38.0617
-38.0628 -46.9383 6.6331 32.9782 -23.1858 -36.4807 -46.1868 -9.9578 25.8138 -14.5085 -31.1819 -41.1707 -47.4963 -41.2520 -36.0723 -35.7363 -35.7244 -35.7240 -35.7240 -35.7240 -35.7240 -35.7240 -35.7240 -35.7240 -35.7240 -35.7240 -35.7240 -35.7240 -35.7240 -35.7240 -35.7240 -35.7240 -35.7240 -35.7240 -35.7240 -35.7240 -35.7240 -35.7240 -35.7240 -35.7240 -35.7240 -35.7240 -35.7240 -35.7240 -35.7240 -35.7240 -35.7240 -35.7240 -35.7240 -35.7240 -35.7240 -35.7240 -35.7240 -35.7240 -35.7240 -35.7240 -35.7240 -35.7240 -35.7240 -35.7240 -35.7240 -35.7240 -35.7240 -35.7240 -35.7240 -35.7240 -35.7240 -35.7240 -35.7240 -35.7240 -35.7240 -35.7240 -35.7240 -35.7240 -35.7240 -35.7240 -35.7240 -35.7240 -35.7240 -35.7240 -35.7240 -35.7240 -35.7240 -35.7240 -35.7244 -35.7363 -36.0723 -41.2520 -47.4963 -41.1707 -31.1819 -14.5085 25.8138 -9.9578 -46.1868 -36.4807 -23.1858 32.9782 6.6331 -46.9383 -38.0628
-38.0629 -46.9383 6.6331 32.9782 -23.1858 -36.4808 -46.1869 -9.9573 25.8142 -14.5086 -31.1819 -41.1709 -47.4963 -41.2513 -36.0723 -35.7363 -35.7240 -35.7237 -35.7237 -35.7237 -35.7237 -35.7237 -35.7237 -35.7237 -35.7237 -35.7237 -35.7237 -35.7237 -35.7237 -35.7237 -35.7237 -35.7237 -35.7237 -35.7237 -35.7237 -35.7237 -35.7237 -35.7237 -35.7237 -35.7237 -35.7237 -35.7237 -35.7237 -35.7237 -35.7237 -35.7237 -35.7237 -35.7237 -35.7237 -35.7237 -35.7237 -35.7237 -35.7237 -35.7237 -35.7237 -35.7237 -35.7237 -35.7237 -35.7237 -35.7237 -35.7237 -35.7237 -35.7237 -35.7237 -35.7237 -35.7237 -35.7237 -35.7237 -35.7237 -35.7237 -35.7237 -35.7237 -35.7237 -35.7237 -35.7237 -35.7237 -35.7237 -35.7237 -35.7237 -35.7237 -35.7237 -35.7237 -35.7237 -35.7237 -35.7240 -35.7363 -36.0723 -41.2513 -47.4963 -41.1709 -31.1819 -14.5086 25.8142 -9.9573 -46.1869 -36.4808 -23.1858 32.9782 6.6331 -46.9383 -38.0629
-38.0629 -46.9383 6.6331 32.9782 -23.1858 -36.4808 -46.1869 -9.9573 25.8142 -14.5086 -31.1819 -41.1709 -47.4963 -41.2513 -36.0723 -35.7363 -35.7240 -35.7237 -35.7237 -35.7237 -35.7237 -35.7237 -35.7237 -35.7237 -35.7237 -35.7237 -35.7237 -35.7237 -35.7237 -35.7237 -35.7237 -35.7237 -35.7237 -35.7237 -35.7237 -35.7237 -35.7237 -35.7237 -35.7237 -35.7237 -35.7237 -35.7237 -35.7237 -35.7237 -35.7237 -35.7237 -35.7237 -35.7237 -35.7237 -35.7237 -35.7237 -35.7237 -35.7237 -35.7237 -35.7237 -35.7237 -35.7237 -35.7237 -35.7237 -35.7237 -35.7237 -35.7237 -35.7237 -35.7237 -35.7237 -35.7237 -35.7237 -35.7237 -35.7237 -35.7237 -35.7237 -35.7237 -35.7237 -35.7237 -35.7237 -35.7237 -35.7237 -35.7237 -35.7237 -35.7237 -35.7237 -35.7237 -35.7237 -35.7237 -35.7240 -35.7363 -36.0723 -41.2513 -47.4963 -41.1709 -31.1819 -14.5086 25.8142 -9.9573 -46.1869 -36.4808 -23.1858 32.9782 6.6331 -46.9383 -38.0629
-38.0629 -46.9383 6.6331 32.9782 -23.1858 -36.4808 -46.1869 -9.9573 25.8142 -14.5086 -31.1819 -41.1709 -47.4963 -41.2513 -36.0723 -35.7363 -35.7240 -35.7237 -35.7237 -35.7237 -35.7237 -35.7237 -35.7237 -35.7237 -35.7237 -35.7237 -35.7237 -35.7237 -35.7237 -35.7237 -35.7237 -35.7237 -35.7237 -35.7237 -35.7237 -35.7237 -35.7237 -35.7237 -35.7237 -35.7237 -35.7237 -35.7237 -35.7237 -35.7237 -35.7237 -35.7237 -35.7237 -35.7237 -35.7237 -35.7237 -35.7237 -35.7237 -35.7237 -35.7237 -35.7237 -35.7237 -35.7237 -35.7237 -35.7237 -35.7237 -35.7237 -35.7237 -35.7237 -35.7237 -35.7237 -35.7237 -35.7237 -35.7237 -35.7237 -35.7237 -35.7237 -35.7237 -35.7237 -35.7237 -35.7237 -35.7237 -35.7237 -35.7237 -35.7237 -35.7237 -35.7237 -35.7237 -35.7237 -35.7237 -35.7240 -35.7363 -36.0723 -41.2513 -47.4963 -41.1709 -31.1819 -14.5086 25.8142 -9.9573 -46.1869 -36.4808 -23.1858 32.9782 6.6331 -46.9383 -38.0629
-38.0629 -46.9383 6.6331 32.9782 -23.1858 -36.4808 -46.1869 -9.9573 25.8142 -14.5086 -31.1819 -41.1709 -47.4963 -41.2513 -36.0723 -35.7363 -35.7240 -35.7237 -35.7237 -35.7237 -35.7237 -35.7237 -35.7237 -35.7237 -35.7237 -35.7237 -35.7237 -35.7237 -35.7237 -35.7237 -35.7237 -35.7237 -35.7237 -35.7237 -35.7237 -35.7237 -35.7237 -35.7237 -35.7237 -35.7237 -35.7237 -35.7237 -35.7237 -35.7237 -35.7237 -35.7237 -35.7237 -35.7237 -35.7237 -35.7237 -35.7237 -35.7237 -35.7237 -35.7237 -35.7237 -35.7237 -35.7237 -35.7237 -35.7237 -35.7237 -35.7237 -35.7237 -35.7237 -35.7237 -35.7237 -35.7237 -35.7237 -35.7237 -35.7237 -35.7237 -35.7237 -35.7237 -35.7237 -35.7237 -35.7237 -35.7237 -35.7237 -35.7237 -35.7237 -35.7237 -35.7237 -35.7237 -35.7237 -35.7237 -35.7240 -35.7363 -36.0723 -41.2513 -47.4963 -41.1709 -31.1819 -14.5086 25.8142 -9.9573 -46.1869 -36.4808 -23.1858 32.9782 6.6331 -46.9383 -38.0629
-38.0629 -46.9383 6.6331 32.9782 -23.1858 -36.4808 -46.1869 -9.9573 25.8142 -14.5086 -31.1819 -41.1709 -47.4963 -41.2513 -36.0723 -35.7363 -35.7240 -35.7237 -35.7237 -35.7237 -35.7237 -35.7237 -35.7237 -35.7237 -35.7237 -35.7237 -35.7237 -35.7237 -35.7237 -35.7237 -35.7237 -35.7237 -35.7237 -35.7237 -35.7237 -35.7237 -35.7237 -35.7237 -35.7237 -35.7237 -35.7237 -35.7237 -35.7237 -35.7237 -35.7237 -35.7237 -35.7237 -35.7237 -35.7237 -35.7237 -35.7237 -35.7237 -35.7237 -35.7237 -35.7237 -35.7237 -35.7237 -35.7237 -35.7237 -35.7237 -35.7237 -35.7237 -35.7237 -35.7237 -35.7237 -35.7237 -35.7237 -35.7237 -35.7237 -35.7237 -35.7237 -35.7237 -35.7237 -35.7237 -35.7237 -35.7237 -35.7237 -35.7237 -35.7237 -35.7237 -35.7237 -35.7237 -35.7237 -35.7237 -35.7240 -35.7363 -36.0723 -41.2513 -47.4963 -41.1709 -31.1819 -14.5086 25.8142 -9.9573 -46.1869 -36.4808 -23.1858 32.9782 6.6331 -46.9383 -38.0629
-38.0629 -46.9383 6.6331 32.9782 -23.1858 -36.4808 -46.1869 -9.9573 25.8142 -14.5086 -31.1819 -41.1709 -47.4963 -41.2513 -36.0723 -35.7363 -35.7240 -35.7237 -35.7237 -35.7237 -35.7237 -35.7237 -35.7237 -35.7237 -35.7237 -35.7237 -35.7237 -35.7237 -35.7237 -35.7237 -35.7237 -35.7237 -35.7237 -35.7237 -35.7237 -35.7237 -35.7237 -35.7237 -35.7237 -35.7237 -35.7237 -35.7237 -35.7237 -35.7237 -35.7237 -35.7237 -35.7237 -35.7237 -35.7237 -35.7237 -35.7237 -35.7237 -35.7237 -35.7237 -35.7237 -35.7237 -35.7237 -35.7237 -35.7237 -35.7237 -35.7237 -35.7237 -35.7237 -35.7237 -35.7237 -35.7237 -35.7237 -35.7237 -35.7237 -35.7237 -35.7237 -35.7237 -35.7237 -35.7237 -35.7237 -35.7237 -35.7237 -35.7237 -35.7237 -35.7237 -35.7237 -35.7237 -35.7237 -35.7237 -35.7240 -35.7363 -36.0723 -41.2513 -47.4963 -41.1709 -31.1819 -14.5086 25.8142 -9.9573 -46.1869 -36.4808 -23.1858 32.9782 6.6331 -46.9383 -38.0629
-38.0629 -46.9383 6.6331 32.9782 -23.1858 -36.4808 -46.1869 -9.9573 25.8142 -14.5086 -31.1819 -41.1709 -47.4963 -41.2513 -36.0723 -35.7363 -35.7240 -35.7237 -35.7237 -35.7237 -35.7237 -35.7237 -35.7237 -35.7237 -35.7237 -35.7237 -35.7237 -35.7237 -35.7237 -35.7237 -35.7237 -35.7237 -35.7237 -35.7237 -35.7237 -35.7237 -35.7237 -35.7237 -35.7237 -35.7237 -35.7237 -35.7237 -35.7237 -35.7237 -35.7237 -35.7237 -35.7237 -35.7237 -35.7237 -35.7237 -35.7237 -35.7237 -35.7237 -35.7237 -35.7237 -35.7237 -35.7237 -35.7237 -35.7237 -35.7237 -35.7237 -35.7237 -35.7237 -35.7237 -35.7237 -35.7237 -35.7237 -35.7237 -35.7237 -35.7237 -35.7237 -35.7237 -35.7237 -35.7237 -35.7237 -35.7237 -35.7237 -35.7237 -35.7237 -35.7237 -35.7237 -35.7237 -35.7237 -35.7237 -35.7240 -35.7363 -36.0723 -41.2513 -47.4963 -41.1709 -31.1819 -14.5086 25.8142 -9.9573 -46.1869 -36.4808 -23.1858 32.9782 6.6331 -46.9383 -38.0629
-38.0629 -46.9383 6.6331 32.9782 -23.1858 -36.4808 -46.1869 -9.9573 25.8142 -14.5086 -31.1819 -41.1709 -47.4963 -41.2513 -36.0723 -35.7363 -35.7240 -35.7237 -35.7237 -35.7237 -35.7237 -35.7237 -35.7237 -35.7237 -35.7237 -35.7237 -35.7237 -35.7237 -35.7237 -35.7237 -35.7237 -35.7237 -35.7237 -35.7237 -35.7237 -35.7237 -35.7237 -35.7237 -35.7237 -35.7237 -35.7237 -35.7237 -35.7237 -35.7237 -35.7237 -35.7237 -35.7237 -35.7237 -35.7237 -35.7237 -35.7237 -35.7237 -35.7237 -35.7237 -35.7237 -35.7237 -35.7237 -35.7237 -35.7237 -35.7237 -35.7237 -35.7237 -35.7237 -35.7237 -35.7237 -35.7237 -35.7237 -35.7237 -35.7237 -35.7237 -35.7237 -35.7237 -35.7237 -35.7237 -35.7237 -35.7237 -35.7237 -35.7237 -35.7237 -35.7237 -35.7237 -35.7237 -35.7237 -35.7237 -35.7240 -35.7363 -36.0723 -41.2513 -47.4963 -41.1709 -31.1819 -14.5086 25.8142 -9.9573 -46.1869 -36.4808 -23.1858 32.9782 6.6331 -46.9383 -38.0629
-38.0629 -46.9383 6.6331 32.9782 -23.1858 -36.4808 -46.1869 -9.9573 25.8142 -14.5086 -31.1819 -41.1709 -47.4963 -41.2513 -36.0723 -35.7363 -35.7240 -35.7237 -35.7237 -35.7237 -35.7237 -35.7237 -35.7237 -35.7237 -35.7237 -35.7237 -35.7237 -35.7237 -35.7237 -35.7237 -35.7237 -35.7237 -35.7237 -35.7237 -35.7237 -35.7237 -35.7237 -35.7237 -35.7237 -35.7237 -35.7237 -35.7237 -35.7237 -35.7237 -35.7237 -35.7237 -35.7237 -35.7237 -35.7237 -35.7237 -35.7237 -35.7237 -35.7237 -35.7237 -35.7237 -35.7237 -35.7237 -35.7237 -35.7237 -35.7237 -35.7237 -35.7237 -35.7237 -35.7237 -35.7237 -35.7237 -35.7237 -35.7237 -35.7237 -35.7237 -35.7237 -35.7237 -35.7237 -35.7237 -35.7237 -35.7237 -35.7237 -35.7237 -35.7237 -35.7237 -35.7237 -35.7237 -35.7237 -35.7237 -35.7240 -35.7363 -36.0723 -41.2513 -47.4963 -41.1709 -31.1819 -14.5086 25.8142 -9.9573 -46.1869 -36.4808 -23.1858 32.9782 6.6331 -46.9383 -38.0629
-38.0629 -46.9383 6.6331 32.9782 -23.1858 -36.4808 -46.1869 -9.9573 25.8142 -14.5086 -31.1819 -41.1709 -47.4963 -41.2513 -36.0723 -35.7363 -35.7240 -35.7237 -35.7237 -35.7237 -35.7237 -35.7237 -35.7237 -35.7237 -35.7237 -35.7237 -35.7237 -35.7237 -35.7237 -35.7237 -35.7237 -35.7237 -35.7237 -35.7237 -35.7237 -35.7237 -35.7237 -35.7237 -35.7237 -35.7237 -35.7237 -35.7237 -35.7237 -35.7237 -35.7237 -35.7237 -35.7237 -35.7237 -35.7237 -35.7237 -35.7237 -35.7237 -35.7237 -35.7237 -35.7237 -35.7237 -35.7237 -35.7237 -35.7237 -35.7237 -35.7237 -35.7237 -35.7237 -35.7237 -35.7237 -35.7237 -35.7237 -35.7237 -35.7237 -35.7237 -35.7237 -35.7237 -35.7237 -35.7237 -35.7237 -35.7237 -35.7237 -35.7237 -35.7237 -35.7237 -35.7237 -35.7237 -35.7237 -35.7237 -35.7240 -35.7363 -36.0723 -41.2513 -47.4963 -41.1709 -31.1819 -14.5086 25.8142 -9.9573 -46.1869 -36.4808 -23.1858 32.9782 6.6331 -46.9383 -38.0629
-38.0629 -46.9383 6.6331 32.9782 -23.1858 -36.4808 -46.1869 -9.9573 25.8142 -14.5086 -31.1819 -41.1709 -47.4963 -41.2513 -36.0723 -35.7363 -35.7235 -35.7232 -35.7232 -35.7232 -35.7232 -35.7232 -35.7232 -35.7232 -35.7232 -35.7232 -35.7232 -35.7232 -35.7232 -35.7232 -35.7232 -35.7232 -35.7232 -35.7232 -35.7232 -35.7232 -35.7232 -35.7232 -35.7232 -35.7232 -35.7232 -35.7232 -35.7232 -35.7232 -35.7232 -35.7232 -35.7232 -35.7232 -35.7232 -35.7232 -35.7232 -35.7232 -35.7237 -35.7237 -35.7237 -35.7237 -35.7237 -35.7237 -35.7237 -35.7237 -35.7237 -35.7237 -35.7237 -35.7237 -35.7237 -35.7237 -35.7237 -35.7237 -35.7237 -35.7237 -35.7237 -35.7237 -35.7237 -35.7237 -35.7237 -35.7237 -35.7237 -35.7237 -35.7237 -35.7237 -35.7237 -35.7237 -35.7237 -35.7237 -35.7240 -35.7363 -36.0723 -41.2513 -47.4963 -41.1709 -31.1819 -14.5086 25.8142 -9.9573 -46.1869 -36.4808 -23.1858 32.9782 6.6331 -46.9383 -38.0629
-38.0629 -46.9383 6.6331 32.9782 -23.1858 -36.4808 -46.1869 -9.9573 25.8142 -14.5086 -31.1819 -41.1709 -47.4963 -41.2513 -36.0723 -35.7356 -35.7227 -35.7219 -35.7219 -35.7219 -35.7219 -35.7219 -35.7219 -35.7219 -35.7219 -35.7219 -35.7219 -35.7219 -35.7219 -35.7219 -35.7219 -35.7219 -35.7219 -35.7219 -35.7219 -35.7219 -35.7219 -35.7219 -35.7219 -35.7219 -35.7219 -35.7219 -35.7219 -35.7219 -35.7219 -35.7219 -35.7219 -35.7219 -35.7219 -35.7219 -35.7219 -35.7224 -35.7227 -35.7237 -35.7237 -35.7237 -35.7237 -35.7237 -35.7237 -35.7237 -35.7237 -35.7237 -35.7237 -35.7237 -35.7237 -35.7237 -35.7237 -35.7237 -35.7237 -35.7237 -35.7237 -35.7237 -35.7237 -35.7237 -35.7237 -35.7237 -35.7237 -35.7237 -35.7237 -35.7237 -35.7237 -35.7237 -35.7237 -35.7237 -35.7240 -35.7363 -36.0723 -41.2513 -47.4963 -41.1709 -31.1819 -14.5086 25.8142 -9.9573 -46.1869 -36.4808 -23.1858 32.9782 6.6331 -46.9383 -38.0629
-38.0629 -46.9383 6.6331 32.9782 -23.1858 -36.4808 -46.1869 -9.9573 25.8142 -14.5086 -31.1819 -41.1709 -47.4963 -41.2511 -36.0715 -35.7347 -35.7216 -35.7207 -35.7207 -35.7207 -35.7207 -35.7207 -35.7207 -35.7207 -35.7207 -35.7207 -35.7207 -35.7207 -35.7207 -35.7207 -35.7207 -35.7207 -35.7207 -35.7207 -35.7207 -35.7207 -35.7207 -35.7207 -35.7207 -35.7207 -35.7207 -35.7207 -35.7207 -35.7207 -35.7207 -35.7207 -35.7207 -35.7207 -35.7207 -35.7207 -35.7207 -35.7210 -35.7221 -35.7227 -35.7237 -35.7237 -35.7237 -35.7237 -35.7237 -35.7237 -35.7237 -35.7237 -35.7237 -35.7237 -35.7237 -35.7237 -35.7237 -35.7237 -35.7237 -35.7237 -35.7237 -35.7237 -35.7237 -35.7237 -35.7237 -35.7237 -35.7237 -35.7237 -35.7237 -35.7237 -35.7237 -35.7237 -35.7237 -35.7237 -35.7240 -35.7363 -36.0723 -41.2513 -47.4963 -41.1709 -31.1819 -14.5086 25.8142 -9.9573 -46.1869 -36.4808 -23.1858 32.9782 6.6331 -46.9383 -38.0629
-38.0629 -46.9383 6.6331 32.9782 -23.1858 -36.4808 -46.1869 -9.9573 25.8142 -14.5086 -31.1819 -41.1709 -47.4964 -41.2508 -36.0697 -35.7338 -35.7205 -35.7201 -35.7201 -35.7201 -35.7201 -35.7201 -35.7201 -35.7201 -35.7201 -35.7201 -35.7201 -35.7201 -35.7201 -35.7201 -35.7201 -35.7201 -35.7201 -35.7201 -35.7201 -35.7201 -35.7201 -35.7201 -35.7201 -35.7201 -35.7201 -35.7201 -35.7201 -35.7201 -35.7201 -35.7201 -35.7201 -35.7201 -35.7201 -35.7201 -35.7201 -35.7202 -35.7208 -35.7221 -35.7227 -35.7237 -35.7237 -35.7237 -35.7237 -35.7237 -35.7237 -35.7237 -35.7237 -35.7237 -35.7237 -35.7237 -35.7237 -35.7237 -35.7237 -35.7237 -35.7237 -35.7237 -35.7237 -35.7237 -35.7237 -35.7237 -35.7237 -35.7237 -35.7237 -35.7237 -35.7237 -35.7237 -35.7237 -35.7237 -35.7240 -35.7363 -36.0723 -41.2513 -47.4963 -41.1709 -31.1819 -14.5086 25.8142 -9.9573 -46.1869 -36.4808 -23.1858 32.9782 6.6331 -46.9383 -38.0629
-38.0629 -46.9383 6.6331 32.9782 -23.1859 -36.4808 -46.1869 -9.9573 25.8142 -14.5086 -31.1819 -41.1709 -47.4963 -41.2499 -36.0681 -35.7314 -35.7197 -35.7193 -35.7193 -35.7193 -35.7193 -35.7193 -35.7193 -35.7193 -35.7193 -35.7193 -35.7193 -35.7193 -35.7193 -35.7193 -35.7193 -35.7193 -35.7193 -35.7193 -35.7193 -35.7193 -35.7193 -35.7193 -35.7193 -35.7193 -35.7193 -35.7193 -35.7193 -35.7193 -35.7193 -35.7193 -35.7192 -35.7194 -35.7194 -35.7194 -35.7194 -35.7195 -35.7202 -35.7208 -35.7221 -35.7227 -35.7237 -35.7237 -35.7237 -35.7237 -35.7237 -35.7237 -35.7237 -35.7237 -35.7237 -35.7237 -35.7237 -35.7237 -35.7237 -35.7237 -35.7237 -35.7237 -35.7237 -35.7237 -35.7237 -35.7237 -35.7237 -35.7237 -35.7237 -35.7237 -35.7237 -35.7237 -35.7237 -35.7237 -35.7240 -35.7363 -36.0723 -41.2513 -47.4963 -41.1709 -31.1819 -14.5086 25.8142 -9.9573 -46.1869 -36.4808 -23.1858 32.9782 6.6331 -46.9383 -38.0629
-38.0631 -46.9383 6.6333 32.9782 -23.1860 -36.4808 -46.1868 -9.9571 25.8142 -14.5086 -31.1821 -41.1708 -47.4961 -41.2487 -36.0647 -35.7285 -35.7160 -35.7160 -35.7160 -35.7160 -35.7160 -35.7160 -35.7160 -35.7160 -35.7160 -35.7160 -35.7160 -35.7160 -35.7160 -35.7160 -35.7160 -35.7160 -35.7160 -35.7160 -35.7160 -35.7160 -35.7160 -35.7160 -35.7160 -35.7160 -35.7160 -35.7160 -35.7160 -35.7160 -35.7160 -35.7160 -35.7162 -35.7163 -35.7165 -35.7171 -35.7175 -35.7182 -35.7189 -35.7198 -35.7208 -35.7221 -35.7227 -35.7237 -35.7237 -35.7237 -35.7237 -35.7237 -35.7237 -35.7237 -35.7237 -35.7237 -35.7237 -35.7237 -35.7237 -35.7237 -35.7237 -35.7237 -35.7237 -35.7237 -35.7237 -35.7237 -35.7237 -35.7237 -35.7237 -35.7237 -35.7237 -35.7237 -35.7237 -35.7237 -35.7240 -35.7363 -36.0723 -41.2513 -47.4963 -41.1709 -31.1819 -14.5086 25.8142 -9.9573 -46.1869 -36.4808 -23.1858 32.9782 6.6331 -46.9383 -38.0629
-38.0647 -46.9379 6.6374 32.9785 -23.1878 -36.4826 -46.1879 -9.9513 25.8214 -14.5123 -31.1845 -41.1725 -47.4956 -41.2412 -36.0541 -35.7170 -35.7044 -35.7039 -35.7039 -35.7039 -35.7039 -35.7039 -35.7039 -35.7039 -35.7039 -35.7039 -35.7039 -35.7039 -35.7039 -35.7039 -35.7039 -35.7039 -35.7039 -35.7039 -35.7039 -35.7039 -35.7039 -35.7039 -35.7039 -35.7039 -35.7039 -35.7039 -35.7039 -35.7039 -35.7039 -35.7038 -35.7040 -35.7050 -35.7057 -35.7076 -35.7103 -35.7136 -35.7157 -35.7182 -35.7194 -35.7208 -35.7221 -35.7227 -35.7237 -35.7237 -35.7237 -35.7237 -35.7237 -35.7237 -35.7237 -35.7237 -35.7237 -35.7237 -35.7237 -35.7237 -35.7237 -35.7237 -35.7237 -35.7237 -35.7237 -35.7237 -35.7237 -35.7237 -35.7237 -35.7237 -35.7237 -35.7237 -35.7237 -35.7237 -35.7240 -35.7363 -36.0723 -41.2513 -47.4963 -41.1709 -31.1819 -14.5086 25.8142 -9.9573 -46.1869 -36.4808 -23.1858 32.9782 6.6331 -46.9383 -38.0629
-38.0724 -46.9358 6.6616 32.9804 -23.2005 -36.4907 -46.1917 -9.8871 25.8414 -14.5347 -31.1921 -41.1786 -47.4964 -41.2102 -36.0086 -35.6693 -35.6576 -35.6570 -35.6570 -35.6570 -35.6570 -35.6570 -35.6570 -35.6570 -35.6570 -35.6570 -35.6570 -35.6570 -35.6570 -35.6570 -35.6570 -35.6570 -35.6570 -35.6570 -35.6570 -35.6570 -35.6570 -35.6570 -35.6570 -35.6570 -35.6570 -35.6570 -35.6570 -35.6570 -35.6566 -35.6569 -35.6582 -35.6592 -35.6632 -35.6702 -35.6827 -35.6948 -35.7069 -35.7129 -35.7177 -35.7194 -35.7208 -35.7221 -35.7227 -35.7237 -35.7237 -35.7237 -35.7237 -35.7237 -35.7237 -35.7237 -35.7237 -35.7237 -35.7237 -35.7237 -35.7237 -35.7237 -35.7237 -35.7237 -35.7237 -35.7237 -35.7237 -35.7237 -35.7237 -35.7237 -35.7237 -35.7237 -35.7237 -35.7237 -35.7240 -35.7363 -36.0723 -41.2513 -47.4963 -41.1709 -31.1819 -14.5086 25.8142 -9.9573 -46.1869 -36.4808 -23.1858 32.9782 6.6331 -46.9383 -38.0629
-38.0997 -46.9275 6.7443 32.9862 -23.2424 -36.5165 -46.2045 -9.6714 25.9080 -14.6253 -31.2210 -41.2048 -47.4990 -41.1018 -35.8330 -35.4925 -35.4793 -35.4797 -35.4797 -35.4797 -35.4797 -35.4797 -35.4797 -35.4797 -35.4797 -35.4797 -35.4797 -35.4797 -35.4797 -35.4797 -35.4797 -35.4797 -35.4797 -35.4797 -35.4797 -35.4797 -35.4797 -35.4797 -35.4797 -35.4797 -35.4797 -35.4797 -35.4797 -35.4793 -35.4796 -35.4804 -35.4841 -35.4894 -35.5032 -35.5321 -35.5775 -35.6307 -35.6728 -35.6994 -35.7117 -35.7177 -35.7194 -35.7208 -35.7221 -35.7227 -35.7237 -35.7237 -35.7237 -35.7237 -35.7237 -35.7237 -35.7237 -35.7237 -35.7237 -35.7237 -35.7237 -35.7237 -35.7237 -35.7237 -35.7237 -35.7237 -35.7237 -35.7237 -35.7237 -35.7237 -35.7237 -35.7237 -35.7237 -35.7237 -35.7240 -35.7363 -36.0723 -41.2513 -47.4963 -41.1709 -31.1819 -14.5086 25.8142 -9.9573 -46.1869 -36.4808 -23.1858 32.9782 6.6331 -46.9383 -38.0629
-38.1869 -46.9004 7.0063 32.9938 -23.3795 -36.6051 -46.2453 -8.9453 26.1300 -14.8907 -31.3131 -41.2905 -47.5068 -40.7308 -35.2627 -34.9104 -34.8972 -34.8972 -34.8972 -34.8972 -34.8972 -34.8972 -34.8972 -34.8972 -34.8972 -34.8972 -34.8972 -34.8972 -34.8972 -34.8972 -34.8972 -34.8972 -34.8972 -34.8972 -34.8972 -34.8972 -34.8972 -34.8972 -34.8972 -34.8972 -34.8972 -34.8972 -34.8972 -34.8972 -34.8979 -34.9013 -34.9082 -34.9306 -34.9814 -35.0852 -35.2441 -35.4235 -35.5686 -35.6548 -35.6962 -35.7117 -35.7177 -35.7194 -35.7208 -35.7221 -35.7227 -35.7237 -35.7237 -35.7237 -35.7237 -35.7237 -35.7237 -35.7237 -35.7237 -35.7237 -35.7237 -35.7237 -35.7237 -35.7237 -35.7237 -35.7237 -35.7237 -35.7237 -35.7237 -35.7237 -35.7237 -35.7237 -35.7237 -35.7237 -35.7240 -35.7363 -36.0723 -41.2513 -47.4963 -41.1709 -31.1819 -14.5086 25.8142 -9.9573 -46.1869 -36.4808 -23.1858 32.9782 6.6331 -46.9383 -38.0629
-38.4230 -46.8120 7.6972 32.9315 -23.7483 -36.8503 -46.3577 -7.0917 26.7484 -15.5969 -31.5683 -41.5242 -47.5212 -39.6678 -33.6443 -33.2625 -33.2495 -33.2491 -33.2491 -33.2491 -33.2491 -33.2491 -33.2491 -33.2491 -33.2491 -33.2491 -33.2491 -33.2491 -33.2491 -33.2491 -33.2491 -33.2491 -33.2491 -33.2491 -33.2491 -33.2491 -33.2491 -33.2491 -33.2491 -33.2491 -33.2491 -33.2491 -33.2491 -33.2496 -33.2504 -33.2571 -33.2793 -33.3458 -33.5168 -33.8452 -34.3334 -34.8668 -35.2878 -35.5394 -35.6535 -35.6990 -35.7127 -35.7177 -35.7194 -35.7208 -35.7221 -35.7227 -35.7237 -35.7237 -35.7237 -35.7237 -35.7237 -35.7237 -35.7237 -35.7237 -35.7237 -35.7237 -35.7237 -35.7237 -35.7237 -35.7237 -35.7237 -35.7237 -35.7237 -35.7237 -35.7237 -35.7237 -35.7237 -35.7237 -35.7240 -35.7363 -36.0723 -41.2513 -47.4963 -41.1709 -31.1819 -14.5086 25.8142 -9.9573 -46.1869 -36.4808 -23.1858 32.9782 6.6331 -46.9383 -38.0629
-38.9466 -46.5144 9.1645 32.2747 -24.5423 -37.3840 -46.5792 -3.5439 28.0810 -16.9946 -32.1250 -42.0308 -47.4885 -36.9698 -29.6423 -29.2058 -29.1881 -29.1883 -29.1883 -29.1883 -29.1883 -29.1883 -29.1883 -29.1883 -29.1883 -29.1883 -29.1883 -29.1883 -29.1883 -29.1883 -29.1883 -29.1883 -29.1883 -29.1883 -29.1883 -29.1883 -29.1883 -29.1883 -29.1883 -29.1884 -29.1883 -29.1883 -29.1888 -29.1906 -29.1956 -29.2111 -29.2750 -29.4766 -29.9650 -30.9039 -32.2350 -33.6186 -34.6763 -35.2855 -35.5663 -35.6705 -35.7046 -35.7145 -35.7177 -35.7194 -35.7208 -35.7221 -35.7227 -35.7237 -35.7237 -35.7237 -35.7237 -35.7237 -35.7237 -35.7237 -35.7237 -35.7237 -35.7237 -35.7237 -35.7237 -35.7237 -35.7237 -35.7237 -35.7237 -35.7237 -35.7237 -35.7237 -35.7237 -35.7237 -35.7240 -35.7363 -36.0723 -41.2513 -47.4963 -41.1709 -31.1819 -14.5086 25.8142 -9.9573 -46.1869 -36.4808 -23.1858 32.9782 6.6331 -46.9383 -38.0629
-39.8404 -45.5697 11.5277 28.8852 -25.8639 -38.3065 -46.8624 1.1742 30.2767 -19.0500 -33.0827 -42.8871 -47.1788 -30.8871 -21.3325 -20.8242 -20.8079 -20.8069 -20.8069 -20.8069 -20.8069 -20.8069 -20.8069 -20.8069 -20.8069 -20.8069 -20.8069 -20.8069 -20.8069 -20.8069 -20.8069 -20.8069 -20.8069 -20.8069 -20.8069 -20.8069 -20.8069 -20.8069 -20.8069 -20.8068 -20.8073 -20.8088 -20.8110 -20.8155 -20.8276 -20.8704 -21.0342 -21.5343 -22.7689 -25.0773 -28.2424 -31.3536 -33.6037 -34.8560 -35.4163 -35.6232 -35.6904 -35.7078 -35.7139 -35.7173 -35.7194 -35.7208 -35.7221 -35.7227 -35.7237 -35.7237 -35.7237 -35.7237 -35.7237 -35.7237 -35.7237 -35.7237 -35.7237 -35.7237 -35.7237 -35.7237 -35.7237 -35.7237 -35.7237 -35.7237 -35.7237 -35.7237 -35.7237 -35.7237 -35.7240 -35.7363 -36.0723 -41.2513 -47.4963 -41.1709 -31.1819 -14.5086 25.8142 -9.9573 -46.1869 -36.4808 -23.1858 32.9782 6.6331 -46.9383 -38.0629
-41.0643 -42.9431 14.7129 17.3102 -27.6640 -39.5873 -46.9069 5.9038 32.6104 -21.4621 -34.4222 -44.0286 -45.9958 -19.4319 -9.2621 -8.8413 -8.8284 -8.8285 -8.8285 -8.8285 -8.8285 -8.8285 -8.8285 -8.8285 -8.8285 -8.8285 -8.8285 -8.8285 -8.8285 -8.8285 -8.8285 -8.8285 -8.8285 -8.8285 -8.8285 -8.8285 -8.8285 -8.8285 -8.8285 -8.8288 -8.8314 -8.8342 -8.8378 -8.8451 -8.8635 -8.9375 -9.1991 -10.0152 -12.1067 -16.2834 -22.2754 -28.1214 -32.1591 -34.2984 -35.2240 -35.5655 -35.6709 -35.6964 -35.7048 -35.7118 -35.7169 -35.7194 -35.7208 -35.7221 -35.7227 -35.7237 -35.7237 -35.7237 -35.7237 -35.7237 -35.7237 -35.7237 -35.7237 -35.7237 -35.7237 -35.7237 -35.7237 -35.7237 -35.7237 -35.7237 -35.7237 -35.7237 -35.7237 -35.7237 -35.7240 -35.7363 -36.0723 -41.2513 -47.4963 -41.1709 -31.1819 -14.5086 25.8142 -9.9573 -46.1869 -36.4808 -23.1858 32.9782 6.6331 -46.9383 -38.0629
-42.4603 -36.6002 18.5646 -1.5993 -29.6935 -41.0960 -45.9244 10.2741 32.1061 -23.9709 -36.0398 -45.2766 -42.7703 -5.8878 0.4495 0.6861 0.6933 0.6938 0.6938 0.6938 0.6938 0.6938 0.6938 0.6938 0.6938 0.6938 0.6938 0.6938 0.6938 0.6938 0.6938 0.6938 0.6938 0.6938 0.6938 0.6938 0.6938 0.6938 0.6937 0.6929 0.6906 0.6873 0.6845 0.6776 0.6509 0.5631 0.2916 -0.5325 -2.7470 -7.5731 -15.7427 -24.5958 -30.6929 -33.7650 -35.0662 -35.5329 -35.6751 -35.6879 -35.6855 -35.7004 -35.7117 -35.7173 -35.7198 -35.7208 -35.7221 -35.7227 -35.7237 -35.7237 -35.7237 -35.7237 -35.7237 -35.7237 -35.7237 -35.7237 -35.7237 -35.7237 -35.7237 -35.7237 -35.7237 -35.7237 -35.7237 -35.7237 -35.7237 -35.7237 -35.7240 -35.7363 -36.0723 -41.2513 -47.4963 -41.1709 -31.1819 -14.5086 25.8142 -9.9573 -46.1869 -36.4808 -23.1858 32.9782 6.6331 -46.9383 -38.0629
-43.8371 -23.8033 22.8042 -12.2288 -31.5307 -42.6776 -42.5884 14.4997 21.7919 -26.4566 -37.8014 -46.3808 -35.4886 2.8646 6.5984 6.7567 6.7616 6.7616 6.7616 6.7616 6.7616 6.7616 6.7616 6.7616 6.7616 6.7616 6.7616 6.7616 6.7616 6.7616 6.7616 6.7616 6.7616 6.7616 6.7616 6.7616 6.7616 6.7616 6.7616 6.7610 6.7590 6.7561 6.7543 6.7577 6.6996 6.5615 6.2587 5.3749 3.0442 -1.7327 -10.5805 -21.6564 -29.5873 -33.4075 -35.0816 -35.6359 -35.7737 -35.7324 -35.6669 -35.6875 -35.7059 -35.7154 -35.7184 -35.7202 -35.7208 -35.7221 -35.7227 -35.7237 -35.7237 -35.7237 -35.7237 -35.7237 -35.7237 -35.7237 -35.7237 -35.7237 -35.7237 -35.7237 -35.7237 -35.7237 -35.7237 -35.7237 -35.7237 -35.7237 -35.7240 -35.7363 -36.0723 -41.2513 -47.4963 -41.1709 -31.1819 -14.5086 25.8142 -9.9573 -46.1869 -36.4808 -23.1858 32.9782 6.6331 -46.9383 -38.0629
-45.0067 -7.6564 27.3504 -17.5659 -33.3883 -44.1717 -34.7551 18.8618 0.2871 -28.8494 -39.5941 -47.0511 -21.8342 8.3214 11.2077 11.3384 11.3422 11.3422 11.3422 11.3422 11.3422 11.3422 11.3422 11.3422 11.3422 11.3422 11.3422 11.3422 11.3422 11.3422 11.3422 11.3422 11.3422 11.3422 11.3422 11.3422 11.3422 11.3422 11.3419 11.3413 11.3388 11.3378 11.3425 11.3913 11.3638 10.9619 10.6316 9.4901 6.7773 2.0937 -7.4275 -19.9523 -29.2253 -33.0847 -35.5622 -36.1883 -35.7027 -35.7066 -35.7797 -35.7150 -35.7148 -35.7163 -35.7190 -35.7195 -35.7201 -35.7208 -35.7221 -35.7227 -35.7237 -35.7237 -35.7237 -35.7237 -35.7237 -35.7237 -35.7237 -35.7237 -35.7237 -35.7237 -35.7237 -35.7237 -35.7237 -35.7237 -35.7237 -35.7237 -35.7240 -35.7363 -36.0723 -41.2513 -47.4963 -41.1709 -31.1819 -14.5086 25.8142 -9.9573 -46.1869 -36.4808 -23.1858 32.9782 6.6331 -46.9383 -38.0629
-45.8079 2.0541 31.3658 -21.0190 -35.1570 -45.4282 -21.0158 23.0791 -11.3836 -30.6997 -41.2802 -46.9670 -6.7025 12.5102 15.2001 15.3239 15.3269 15.3270 15.3270 15.3270 15.3270 15.3270 15.3270 15.3270 15.3270 15.3270 15.3270 15.3270 15.3270 15.3270 15.3270 15.3270 15.3270 15.3270 15.3270 15.3270 15.3270 15.3267 15.3265 15.3254 15.3247 15.3195 15.2959 15.2529 15.2043 14.8916 14.0997 12.7719 9.0857 4.0574 -3.5583 -16.1422 -26.8292 -32.7251 -34.9844 -35.9179 -35.6675 -35.9528 -36.3968 -35.9102 -35.7569 -35.7262 -35.7200 -35.7193 -35.7199 -35.7201 -35.7208 -35.7221 -35.7227 -35.7237 -35.7237 -35.7237 -35.7237 -35.7237 -35.7237 -35.7237 -35.7237 -35.7237 -35.7237 -35.7237 -35.7237 -35.7237 -35.7237 -35.7237 -35.7240 -35.7363 -36.0723 -41.2513 -47.4963 -41.1709 -31.1819 -14.5086 25.8142 -9.9573 -46.1869 -36.4808 -23.1858 32.9782 6.6331 -46.9383 -38.0629
