0.4166 0.4895 0.2074 0.1422 0.1883 0.3359 0.5155 0.3347 0.1436 0.1635 0.2686 0.4928 0.4358 0.1580 0.1484 0.2191 0.4091 0.4949 0.2229 0.1418 0.1841 0.3251 0.5161 0.3519 0.1447 0.1608 0.2605 0.4832 0.4467 0.1620 0.1469 0.2133 0.3961 0.5002 0.2409 0.1416 0.1801 0.3147 0.5157 0.3683 0.1461 0.1582 0.2527 0.4722 0.4568 0.1671 0.1456 0.2070 0.3777 0.5100 0.4138 0.5100 0.3777 0.2070 0.1456 0.1671 0.4568 0.4722 0.2527 0.1582 0.1461 0.3683 0.5157 0.3147 0.1801 0.1416 0.2409 0.5002 0.3961 0.2133 0.1469 0.1620 0.4467 0.4832 0.2605 0.1608 0.1447 0.3519 0.5161 0.3251 0.1841 0.1418 0.2229 0.4949 0.4091 0.2191 0.1484 0.1580 0.4358 0.4928 0.2686 0.1635 0.1436 0.3347 0.5155 0.3359 0.1883 0.1422 0.2074 0.4895 0.4166
0.4895 0.2056 0.1365 0.1843 0.3337 0.5166 0.3385 0.1380 0.1588 0.2654 0.4926 0.4385 0.1536 0.1431 0.2153 0.4073 0.4966 0.2252 0.1360 0.1799 0.3225 0.5171 0.3557 0.1391 0.1560 0.2572 0.4826 0.4493 0.1581 0.1416 0.2094 0.3942 0.5018 0.2440 0.1358 0.1758 0.3119 0.5166 0.3719 0.1406 0.1534 0.2493 0.4714 0.4592 0.1637 0.1402 0.2036 0.3798 0.5078 0.2971 0.1457 0.2971 0.5078 0.3798 0.2036 0.1402 0.1637 0.4592 0.4714 0.2493 0.1534 0.1406 0.3719 0.5166 0.3119 0.1758 0.1358 0.2440 0.5018 0.3942 0.2094 0.1416 0.1581 0.4493 0.4826 0.2572 0.1560 0.1391 0.3557 0.5171 0.3225 0.1799 0.1360 0.2252 0.4966 0.4073 0.2153 0.1431 0.1536 0.4385 0.4926 0.2654 0.1588 0.1380 0.3385 0.5166 0.3337 0.1843 0.1365 0.2056 0.4895
0.2074 0.1365 0.1837 0.3311 0.5168 0.3442 0.1383 0.1578 0.2623 0.4889 0.4427 0.1552 0.1425 0.2130 0.4022 0.4987 0.2325 0.1359 0.1782 0.3183 0.5170 0.3622 0.1397 0.1550 0.2540 0.4783 0.4532 0.1601 0.1410 0.2072 0.3891 0.5037 0.2517 0.1357 0.1742 0.3079 0.5160 0.3780 0.1412 0.1524 0.2463 0.4667 0.4629 0.1663 0.1397 0.2016 0.3759 0.5082 0.2796 0.1357 0.1438 0.1357 0.2796 0.5082 0.3759 0.2016 0.1397 0.1663 0.4629 0.4667 0.2463 0.1524 0.1412 0.3780 0.5160 0.3079 0.1742 0.1357 0.2517 0.5037 0.3891 0.2072 0.1410 0.1601 0.4532 0.4783 0.2540 0.1550 0.1397 0.3622 0.5170 0.3183 0.1782 0.1359 0.2325 0.4987 0.4022 0.2130 0.1425 0.1552 0.4427 0.4889 0.2623 0.1578 0.1383 0.3442 0.5168 0.3311 0.1837 0.1365 0.2074
0.1422 0.1843 0.3311 0.5169 0.3476 0.1387 0.1569 0.2596 0.4854 0.4466 0.1569 0.1419 0.2107 0.3971 0.5007 0.2399 0.1358 0.1766 0.3141 0.5168 0.3685 0.1402 0.1539 0.2510 0.4739 0.4571 0.1624 0.1405 0.2050 0.3840 0.5054 0.2594 0.1357 0.1727 0.3039 0.5153 0.3840 0.1419 0.1515 0.2434 0.4619 0.4664 0.1693 0.1392 0.1996 0.3712 0.5094 0.2812 0.1359 0.1623 0.2188 0.1623 0.1359 0.2812 0.5094 0.3712 0.1996 0.1392 0.1693 0.4664 0.4619 0.2434 0.1515 0.1419 0.3840 0.5153 0.3039 0.1727 0.1357 0.2594 0.5054 0.3840 0.2050 0.1405 0.1624 0.4571 0.4739 0.2510 0.1539 0.1402 0.3685 0.5168 0.3141 0.1766 0.1358 0.2399 0.5007 0.3971 0.2107 0.1419 0.1569 0.4466 0.4854 0.2596 0.1569 0.1387 0.3476 0.5169 0.3311 0.1843 0.1422
0.1883 0.3337 0.5168 0.3476 0.1388 0.1565 0.2576 0.4825 0.4499 0.1586 0.1414 0.2086 0.3922 0.5026 0.2473 0.1357 0.1751 0.3101 0.5163 0.3746 0.1409 0.1530 0.2480 0.4693 0.4609 0.1649 0.1400 0.2028 0.3790 0.5070 0.2671 0.1358 0.1713 0.2999 0.5144 0.3898 0.1427 0.1506 0.2405 0.4570 0.4699 0.1725 0.1388 0.1975 0.3664 0.5107 0.2873 0.1360 0.1660 0.2742 0.4148 0.2742 0.1660 0.1360 0.2873 0.5107 0.3664 0.1975 0.1388 0.1725 0.4699 0.4570 0.2405 0.1506 0.1427 0.3898 0.5144 0.2999 0.1713 0.1358 0.2671 0.5070 0.3790 0.2028 0.1400 0.1649 0.4609 0.4693 0.2480 0.1530 0.1409 0.3746 0.5163 0.3101 0.1751 0.1357 0.2473 0.5026 0.3922 0.2086 0.1414 0.1586 0.4499 0.4825 0.2576 0.1565 0.1388 0.3476 0.5168 0.3337 0.1883
0.3359 0.5166 0.3442 0.1387 0.1565 0.2569 0.4808 0.4521 0.1599 0.1410 0.2068 0.3878 0.5042 0.2544 0.1357 0.1736 0.3062 0.5158 0.3806 0.1415 0.1520 0.2450 0.4646 0.4645 0.1676 0.1395 0.2007 0.3740 0.5085 0.2748 0.1358 0.1698 0.2961 0.5133 0.3955 0.1435 0.1497 0.2377 0.4520 0.4732 0.1762 0.1383 0.1955 0.3616 0.5119 0.2945 0.1362 0.1659 0.2825 0.4979 0.4942 0.4979 0.2825 0.1659 0.1362 0.2945 0.5119 0.3616 0.1955 0.1383 0.1762 0.4732 0.4520 0.2377 0.1497 0.1435 0.3955 0.5133 0.2961 0.1698 0.1358 0.2748 0.5085 0.3740 0.2007 0.1395 0.1676 0.4645 0.4646 0.2450 0.1520 0.1415 0.3806 0.5158 0.3062 0.1736 0.1357 0.2544 0.5042 0.3878 0.2068 0.1410 0.1599 0.4521 0.4808 0.2569 0.1565 0.1387 0.3442 0.5166 0.3359
0.5155 0.3385 0.1383 0.1569 0.2576 0.4808 0.4529 0.1607 0.1407 0.2054 0.3842 0.5056 0.2609 0.1357 0.1723 0.3024 0.5150 0.3864 0.1423 0.1511 0.2421 0.4598 0.4679 0.1706 0.1390 0.1987 0.3692 0.5099 0.2824 0.1360 0.1684 0.2923 0.5119 0.4010 0.1444 0.1488 0.2349 0.4469 0.4764 0.1802 0.1379 0.1935 0.3568 0.5130 0.3019 0.1364 0.1649 0.2818 0.5045 0.4350 0.2313 0.4350 0.5045 0.2818 0.1649 0.1364 0.3019 0.5130 0.3568 0.1935 0.1379 0.1802 0.4764 0.4469 0.2349 0.1488 0.1444 0.4010 0.5119 0.2923 0.1684 0.1360 0.2824 0.5099 0.3692 0.1987 0.1390 0.1706 0.4679 0.4598 0.2421 0.1511 0.1423 0.3864 0.5150 0.3024 0.1723 0.1357 0.2609 0.5056 0.3842 0.2054 0.1407 0.1607 0.4529 0.4808 0.2576 0.1569 0.1383 0.3385 0.5155
0.3347 0.1380 0.1578 0.2596 0.4825 0.4521 0.1607 0.1406 0.2047 0.3818 0.5066 0.2662 0.1358 0.1711 0.2991 0.5141 0.3917 0.1430 0.1502 0.2393 0.4549 0.4713 0.1740 0.1386 0.1966 0.3644 0.5112 0.2900 0.1361 0.1671 0.2886 0.5103 0.4063 0.1453 0.1480 0.2322 0.4418 0.4794 0.1847 0.1376 0.1916 0.3521 0.5139 0.3093 0.1366 0.1637 0.2790 0.5041 0.4247 0.1534 0.1345 0.1534 0.4247 0.5041 0.2790 0.1637 0.1366 0.3093 0.5139 0.3521 0.1916 0.1376 0.1847 0.4794 0.4418 0.2322 0.1480 0.1453 0.4063 0.5103 0.2886 0.1671 0.1361 0.2900 0.5112 0.3644 0.1966 0.1386 0.1740 0.4713 0.4549 0.2393 0.1502 0.1430 0.3917 0.5141 0.2991 0.1711 0.1358 0.2662 0.5066 0.3818 0.2047 0.1406 0.1607 0.4521 0.4825 0.2596 0.1578 0.1380 0.3347
0.1436 0.1588 0.2623 0.4854 0.4499 0.1599 0.1407 0.2047 0.3809 0.5071 0.2697 0.1358 0.1701 0.2963 0.5132 0.3964 0.1437 0.1494 0.2367 0.4501 0.4744 0.1777 0.1382 0.1947 0.3596 0.5123 0.2975 0.1363 0.1658 0.2850 0.5084 0.4115 0.1463 0.1472 0.2295 0.4367 0.4823 0.1896 0.1372 0.1897 0.3475 0.5148 0.3166 0.1369 0.1625 0.2757 0.5021 0.4257 0.1505 0.1415 0.1734 0.1415 0.1505 0.4257 0.5021 0.2757 0.1625 0.1369 0.3166 0.5148 0.3475 0.1897 0.1372 0.1896 0.4823 0.4367 0.2295 0.1472 0.1463 0.4115 0.5084 0.2850 0.1658 0.1363 0.2975 0.5123 0.3596 0.1947 0.1382 0.1777 0.4744 0.4501 0.2367 0.1494 0.1437 0.3964 0.5132 0.2963 0.1701 0.1358 0.2697 0.5071 0.3809 0.2047 0.1407 0.1599 0.4499 0.4854 0.2623 0.1588 0.1436
0.1635 0.2654 0.4889 0.4466 0.1586 0.1410 0.2054 0.3818 0.5071 0.2709 0.1358 0.1695 0.2942 0.5123 0.4003 0.1444 0.1487 0.2343 0.4456 0.4773 0.1817 0.1378 0.1928 0.3549 0.5134 0.3050 0.1365 0.1645 0.2814 0.5063 0.4166 0.1474 0.1464 0.2269 0.4316 0.4851 0.1950 0.1369 0.1879 0.3430 0.5155 0.3238 0.1372 0.1613 0.2724 0.4994 0.4294 0.1509 0.1436 0.2091 0.3063 0.2091 0.1436 0.1509 0.4294 0.4994 0.2724 0.1613 0.1372 0.3238 0.5155 0.3430 0.1879 0.1369 0.1950 0.4851 0.4316 0.2269 0.1464 0.1474 0.4166 0.5063 0.2814 0.1645 0.1365 0.3050 0.5134 0.3549 0.1928 0.1378 0.1817 0.4773 0.4456 0.2343 0.1487 0.1444 0.4003 0.5123 0.2942 0.1695 0.1358 0.2709 0.5071 0.3818 0.2054 0.1410 0.1586 0.4466 0.4889 0.2654 0.1635
0.2686 0.4926 0.4427 0.1569 0.1414 0.2068 0.3842 0.5066 0.2697 0.1358 0.1693 0.2931 0.5117 0.4032 0.1450 0.1481 0.2323 0.4414 0.4799 0.1858 0.1375 0.1910 0.3504 0.5143 0.3122 0.1367 0.1632 0.2779 0.5039 0.4215 0.1485 0.1457 0.2244 0.4264 0.4878 0.2008 0.1367 0.1861 0.3385 0.5161 0.3308 0.1375 0.1601 0.2690 0.4963 0.4337 0.1521 0.1436 0.2151 0.3907 0.5142 0.3907 0.2151 0.1436 0.1521 0.4337 0.4963 0.2690 0.1601 0.1375 0.3308 0.5161 0.3385 0.1861 0.1367 0.2008 0.4878 0.4264 0.2244 0.1457 0.1485 0.4215 0.5039 0.2779 0.1632 0.1367 0.3122 0.5143 0.3504 0.1910 0.1375 0.1858 0.4799 0.4414 0.2323 0.1481 0.1450 0.4032 0.5117 0.2931 0.1693 0.1358 0.2697 0.5066 0.3842 0.2068 0.1414 0.1569 0.4427 0.4926 0.2686
0.4928 0.4385 0.1552 0.1419 0.2086 0.3878 0.5056 0.2662 0.1358 0.1695 0.2931 0.5115 0.4047 0.1454 0.1477 0.2307 0.4380 0.4820 0.1898 0.1372 0.1894 0.3463 0.5150 0.3192 0.1370 0.1620 0.2744 0.5012 0.4263 0.1498 0.1449 0.2219 0.4212 0.4903 0.2070 0.1364 0.1844 0.3340 0.5165 0.3378 0.1379 0.1589 0.2657 0.4929 0.4381 0.1535 0.1431 0.2148 0.4020 0.5038 0.3908 0.5038 0.4020 0.2148 0.1431 0.1535 0.4381 0.4929 0.2657 0.1589 0.1379 0.3378 0.5165 0.3340 0.1844 0.1364 0.2070 0.4903 0.4212 0.2219 0.1449 0.1498 0.4263 0.5012 0.2744 0.1620 0.1370 0.3192 0.5150 0.3463 0.1894 0.1372 0.1898 0.4820 0.4380 0.2307 0.1477 0.1454 0.4047 0.5115 0.2931 0.1695 0.1358 0.2662 0.5056 0.3878 0.2086 0.1419 0.1552 0.4385 0.4928
0.4358 0.1536 0.1425 0.2107 0.3922 0.5042 0.2609 0.1358 0.1701 0.2942 0.5117 0.4047 0.1455 0.1475 0.2296 0.4354 0.4837 0.1933 0.1370 0.1879 0.3425 0.5156 0.3256 0.1373 0.1609 0.2712 0.4983 0.4309 0.1511 0.1443 0.2194 0.4160 0.4928 0.2136 0.1362 0.1827 0.3297 0.5169 0.3446 0.1383 0.1578 0.2625 0.4893 0.4424 0.1551 0.1425 0.2130 0.4011 0.5006 0.2648 0.1416 0.2648 0.5006 0.4011 0.2130 0.1425 0.1551 0.4424 0.4893 0.2625 0.1578 0.1383 0.3446 0.5169 0.3297 0.1827 0.1362 0.2136 0.4928 0.4160 0.2194 0.1443 0.1511 0.4309 0.4983 0.2712 0.1609 0.1373 0.3256 0.5156 0.3425 0.1879 0.1370 0.1933 0.4837 0.4354 0.2296 0.1475 0.1455 0.4047 0.5117 0.2942 0.1701 0.1358 0.2609 0.5042 0.3922 0.2107 0.1425 0.1536 0.4358
0.1580 0.1431 0.2130 0.3971 0.5026 0.2544 0.1357 0.1711 0.2963 0.5123 0.4032 0.1454 0.1475 0.2293 0.4341 0.4848 0.1960 0.1368 0.1868 0.3393 0.5161 0.3313 0.1376 0.1598 0.2681 0.4952 0.4352 0.1525 0.1436 0.2170 0.4109 0.4951 0.2204 0.1361 0.1810 0.3254 0.5170 0.3513 0.1388 0.1567 0.2593 0.4854 0.4465 0.1568 0.1420 0.2108 0.3971 0.5011 0.2473 0.1351 0.1469 0.1351 0.2473 0.5011 0.3971 0.2108 0.1420 0.1568 0.4465 0.4854 0.2593 0.1567 0.1388 0.3513 0.5170 0.3254 0.1810 0.1361 0.2204 0.4951 0.4109 0.2170 0.1436 0.1525 0.4352 0.4952 0.2681 0.1598 0.1376 0.3313 0.5161 0.3393 0.1868 0.1368 0.1960 0.4848 0.4341 0.2293 0.1475 0.1454 0.4032 0.5123 0.2963 0.1711 0.1357 0.2544 0.5026 0.3971 0.2130 0.1431 0.1580
0.1484 0.2153 0.4022 0.5007 0.2473 0.1357 0.1723 0.2991 0.5132 0.4003 0.1450 0.1477 0.2296 0.4341 0.4851 0.1975 0.1367 0.1860 0.3369 0.5164 0.3361 0.1379 0.1589 0.2653 0.4922 0.4392 0.1539 0.1430 0.2147 0.4058 0.4973 0.2275 0.1359 0.1793 0.3212 0.5171 0.3578 0.1393 0.1557 0.2561 0.4812 0.4506 0.1587 0.1414 0.2086 0.3923 0.5026 0.2489 0.1356 0.1678 0.2297 0.1678 0.1356 0.2489 0.5026 0.3923 0.2086 0.1414 0.1587 0.4506 0.4812 0.2561 0.1557 0.1393 0.3578 0.5171 0.3212 0.1793 0.1359 0.2275 0.4973 0.4058 0.2147 0.1430 0.1539 0.4392 0.4922 0.2653 0.1589 0.1379 0.3361 0.5164 0.3369 0.1860 0.1367 0.1975 0.4851 0.4341 0.2296 0.1477 0.1450 0.4003 0.5132 0.2991 0.1723 0.1357 0.2473 0.5007 0.4022 0.2153 0.1484
0.2191 0.4073 0.4987 0.2399 0.1357 0.1736 0.3024 0.5141 0.3964 0.1444 0.1481 0.2307 0.4354 0.4848 0.1975 0.1367 0.1855 0.3353 0.5165 0.3398 0.1381 0.1581 0.2629 0.4893 0.4427 0.1553 0.1424 0.2125 0.4009 0.4993 0.2346 0.1358 0.1777 0.3170 0.5169 0.3642 0.1398 0.1546 0.2531 0.4770 0.4545 0.1608 0.1408 0.2064 0.3874 0.5043 0.2549 0.1357 0.1719 0.2894 0.4368 0.2894 0.1719 0.1357 0.2549 0.5043 0.3874 0.2064 0.1408 0.1608 0.4545 0.4770 0.2531 0.1546 0.1398 0.3642 0.5169 0.3170 0.1777 0.1358 0.2346 0.4993 0.4009 0.2125 0.1424 0.1553 0.4427 0.4893 0.2629 0.1581 0.1381 0.3398 0.5165 0.3353 0.1855 0.1367 0.1975 0.4848 0.4354 0.2307 0.1481 0.1444 0.3964 0.5141 0.3024 0.1736 0.1357 0.2399 0.4987 0.4073 0.2191
0.4091 0.4966 0.2325 0.1358 0.1751 0.3062 0.5150 0.3917 0.1437 0.1487 0.2323 0.4380 0.4837 0.1960 0.1367 0.1855 0.3348 0.5166 0.3421 0.1383 0.1576 0.2610 0.4867 0.4458 0.1567 0.1419 0.2106 0.3964 0.5011 0.2416 0.1358 0.1762 0.3130 0.5166 0.3704 0.1404 0.1536 0.2500 0.4725 0.4583 0.1631 0.1403 0.2043 0.3824 0.5060 0.2621 0.1357 0.1717 0.2982 0.5084 0.4839 0.5084 0.2982 0.1717 0.1357 0.2621 0.5060 0.3824 0.2043 0.1403 0.1631 0.4583 0.4725 0.2500 0.1536 0.1404 0.3704 0.5166 0.3130 0.1762 0.1358 0.2416 0.5011 0.3964 0.2106 0.1419 0.1567 0.4458 0.4867 0.2610 0.1576 0.1383 0.3421 0.5166 0.3348 0.1855 0.1367 0.1960 0.4837 0.4380 0.2323 0.1487 0.1437 0.3917 0.5150 0.3062 0.1751 0.1358 0.2325 0.4966 0.4091
0.4949 0.2252 0.1359 0.1766 0.3101 0.5158 0.3864 0.1430 0.1494 0.2343 0.4414 0.4820 0.1933 0.1368 0.1860 0.3353 0.5166 0.3429 0.1384 0.1572 0.2596 0.4847 0.4482 0.1580 0.1415 0.2089 0.3923 0.5027 0.2482 0.1357 0.1748 0.3091 0.5162 0.3764 0.1411 0.1527 0.2471 0.4679 0.4620 0.1657 0.1398 0.2022 0.3775 0.5075 0.2696 0.1358 0.1707 0.2975 0.5125 0.4150 0.2020 0.4150 0.5125 0.2975 0.1707 0.1358 0.2696 0.5075 0.3775 0.2022 0.1398 0.1657 0.4620 0.4679 0.2471 0.1527 0.1411 0.3764 0.5162 0.3091 0.1748 0.1357 0.2482 0.5027 0.3923 0.2089 0.1415 0.1580 0.4482 0.4847 0.2596 0.1572 0.1384 0.3429 0.5166 0.3353 0.1860 0.1368 0.1933 0.4820 0.4414 0.2343 0.1494 0.1430 0.3864 0.5158 0.3101 0.1766 0.1359 0.2252 0.4949
0.2229 0.1360 0.1782 0.3141 0.5163 0.3806 0.1423 0.1502 0.2367 0.4456 0.4799 0.1898 0.1370 0.1868 0.3369 0.5165 0.3421 0.1384 0.1571 0.2589 0.4834 0.4499 0.1590 0.1412 0.2074 0.3888 0.5041 0.2542 0.1357 0.1735 0.3055 0.5156 0.3820 0.1417 0.1517 0.2442 0.4632 0.4655 0.1685 0.1393 0.2001 0.3726 0.5090 0.2772 0.1359 0.1693 0.2946 0.5124 0.4031 0.1475 0.1352 0.1475 0.4031 0.5124 0.2946 0.1693 0.1359 0.2772 0.5090 0.3726 0.2001 0.1393 0.1685 0.4655 0.4632 0.2442 0.1517 0.1417 0.3820 0.5156 0.3055 0.1735 0.1357 0.2542 0.5041 0.3888 0.2074 0.1412 0.1590 0.4499 0.4834 0.2589 0.1571 0.1384 0.3421 0.5165 0.3369 0.1868 0.1370 0.1898 0.4799 0.4456 0.2367 0.1502 0.1423 0.3806 0.5163 0.3141 0.1782 0.1360 0.2229
0.1418 0.1799 0.3183 0.5168 0.3746 0.1415 0.1511 0.2393 0.4501 0.4773 0.1858 0.1372 0.1879 0.3393 0.5164 0.3398 0.1383 0.1572 0.2589 0.4829 0.4507 0.1596 0.1410 0.2063 0.3859 0.5051 0.2595 0.1357 0.1723 0.3023 0.5149 0.3872 0.1424 0.1509 0.2414 0.4584 0.4689 0.1716 0.1389 0.1980 0.3677 0.5103 0.2847 0.1360 0.1680 0.2911 0.5113 0.4043 0.1456 0.1443 0.1802 0.1443 0.1456 0.4043 0.5113 0.2911 0.1680 0.1360 0.2847 0.5103 0.3677 0.1980 0.1389 0.1716 0.4689 0.4584 0.2414 0.1509 0.1424 0.3872 0.5149 0.3023 0.1723 0.1357 0.2595 0.5051 0.3859 0.2063 0.1410 0.1596 0.4507 0.4829 0.2589 0.1572 0.1383 0.3398 0.5164 0.3393 0.1879 0.1372 0.1858 0.4773 0.4501 0.2393 0.1511 0.1415 0.3746 0.5168 0.3183 0.1799 0.1418
0.1841 0.3225 0.5170 0.3685 0.1409 0.1520 0.2421 0.4549 0.4744 0.1817 0.1375 0.1894 0.3425 0.5161 0.3361 0.1381 0.1576 0.2596 0.4834 0.4507 0.1598 0.1409 0.2057 0.3840 0.5059 0.2637 0.1358 0.1713 0.2995 0.5142 0.3918 0.1431 0.1501 0.2388 0.4538 0.4721 0.1750 0.1384 0.1961 0.3629 0.5115 0.2923 0.1361 0.1667 0.2875 0.5097 0.4084 0.1459 0.1467 0.2192 0.3242 0.2192 0.1467 0.1459 0.4084 0.5097 0.2875 0.1667 0.1361 0.2923 0.5115 0.3629 0.1961 0.1384 0.1750 0.4721 0.4538 0.2388 0.1501 0.1431 0.3918 0.5142 0.2995 0.1713 0.1358 0.2637 0.5059 0.3840 0.2057 0.1409 0.1598 0.4507 0.4834 0.2596 0.1576 0.1381 0.3361 0.5161 0.3425 0.1894 0.1375 0.1817 0.4744 0.4549 0.2421 0.1520 0.1409 0.3685 0.5170 0.3225 0.1841
0.3251 0.5171 0.3622 0.1402 0.1530 0.2450 0.4598 0.4713 0.1777 0.1378 0.1910 0.3463 0.5156 0.3313 0.1379 0.1581 0.2610 0.4847 0.4499 0.1596 0.1409 0.2055 0.3829 0.5064 0.2667 0.1358 0.1706 0.2972 0.5134 0.3959 0.1437 0.1494 0.2365 0.4495 0.4750 0.1786 0.1381 0.1942 0.3582 0.5127 0.2998 0.1363 0.1654 0.2839 0.5078 0.4133 0.1467 0.1467 0.2257 0.4125 0.5158 0.4125 0.2257 0.1467 0.1467 0.4133 0.5078 0.2839 0.1654 0.1363 0.2998 0.5127 0.3582 0.1942 0.1381 0.1786 0.4750 0.4495 0.2365 0.1494 0.1437 0.3959 0.5134 0.2972 0.1706 0.1358 0.2667 0.5064 0.3829 0.2055 0.1409 0.1596 0.4499 0.4847 0.2610 0.1581 0.1379 0.3313 0.5156 0.3463 0.1910 0.1378 0.1777 0.4713 0.4598 0.2450 0.1530 0.1402 0.3622 0.5171 0.3251
0.5161 0.3557 0.1397 0.1539 0.2480 0.4646 0.4679 0.1740 0.1382 0.1928 0.3504 0.5150 0.3256 0.1376 0.1589 0.2629 0.4867 0.4482 0.1590 0.1410 0.2057 0.3829 0.5066 0.2682 0.1358 0.1700 0.2954 0.5127 0.3991 0.1443 0.1488 0.2344 0.4454 0.4776 0.1823 0.1377 0.1924 0.3538 0.5136 0.3070 0.1366 0.1641 0.2803 0.5056 0.4182 0.1478 0.1461 0.2253 0.4241 0.4956 0.3655 0.4956 0.4241 0.2253 0.1461 0.1478 0.4182 0.5056 0.2803 0.1641 0.1366 0.3070 0.5136 0.3538 0.1924 0.1377 0.1823 0.4776 0.4454 0.2344 0.1488 0.1443 0.3991 0.5127 0.2954 0.1700 0.1358 0.2682 0.5066 0.3829 0.2057 0.1410 0.1590 0.4482 0.4867 0.2629 0.1589 0.1376 0.3256 0.5150 0.3504 0.1928 0.1382 0.1740 0.4679 0.4646 0.2480 0.1539 0.1397 0.3557 0.5161
0.3519 0.1391 0.1550 0.2510 0.4693 0.4645 0.1706 0.1386 0.1947 0.3549 0.5143 0.3192 0.1373 0.1598 0.2653 0.4893 0.4458 0.1580 0.1412 0.2063 0.3840 0.5064 0.2682 0.1358 0.1697 0.2943 0.5122 0.4016 0.1447 0.1483 0.2327 0.4419 0.4798 0.1859 0.1374 0.1908 0.3497 0.5144 0.3139 0.1368 0.1629 0.2769 0.5031 0.4230 0.1489 0.1454 0.2233 0.4232 0.4912 0.2324 0.1385 0.2324 0.4912 0.4232 0.2233 0.1454 0.1489 0.4230 0.5031 0.2769 0.1629 0.1368 0.3139 0.5144 0.3497 0.1908 0.1374 0.1859 0.4798 0.4419 0.2327 0.1483 0.1447 0.4016 0.5122 0.2943 0.1697 0.1358 0.2682 0.5064 0.3840 0.2063 0.1412 0.1580 0.4458 0.4893 0.2653 0.1598 0.1373 0.3192 0.5143 0.3549 0.1947 0.1386 0.1706 0.4645 0.4693 0.2510 0.1550 0.1391 0.3519
0.1447 0.1560 0.2540 0.4739 0.4609 0.1676 0.1390 0.1966 0.3596 0.5134 0.3122 0.1370 0.1609 0.2681 0.4922 0.4427 0.1567 0.1415 0.2074 0.3859 0.5059 0.2667 0.1358 0.1697 0.2939 0.5119 0.4032 0.1451 0.1479 0.2313 0.4389 0.4817 0.1894 0.1372 0.1893 0.3459 0.5151 0.3202 0.1371 0.1617 0.2736 0.5004 0.4276 0.1502 0.1447 0.2210 0.4191 0.4918 0.2162 0.1351 0.1507 0.1351 0.2162 0.4918 0.4191 0.2210 0.1447 0.1502 0.4276 0.5004 0.2736 0.1617 0.1371 0.3202 0.5151 0.3459 0.1893 0.1372 0.1894 0.4817 0.4389 0.2313 0.1479 0.1451 0.4032 0.5119 0.2939 0.1697 0.1358 0.2667 0.5059 0.3859 0.2074 0.1415 0.1567 0.4427 0.4922 0.2681 0.1609 0.1370 0.3122 0.5134 0.3596 0.1966 0.1390 0.1676 0.4609 0.4739 0.2540 0.1560 0.1447
0.1608 0.2572 0.4783 0.4571 0.1649 0.1395 0.1987 0.3644 0.5123 0.3050 0.1367 0.1620 0.2712 0.4952 0.4392 0.1553 0.1419 0.2089 0.3888 0.5051 0.2637 0.1358 0.1700 0.2943 0.5119 0.4037 0.1453 0.1477 0.2303 0.4366 0.4831 0.1924 0.1370 0.1881 0.3426 0.5156 0.3260 0.1373 0.1607 0.2705 0.4976 0.4320 0.1515 0.1441 0.2186 0.4143 0.4937 0.2177 0.1358 0.1741 0.2418 0.1741 0.1358 0.2177 0.4937 0.4143 0.2186 0.1441 0.1515 0.4320 0.4976 0.2705 0.1607 0.1373 0.3260 0.5156 0.3426 0.1881 0.1370 0.1924 0.4831 0.4366 0.2303 0.1477 0.1453 0.4037 0.5119 0.2943 0.1700 0.1358 0.2637 0.5051 0.3888 0.2089 0.1419 0.1553 0.4392 0.4952 0.2712 0.1620 0.1367 0.3050 0.5123 0.3644 0.1987 0.1395 0.1649 0.4571 0.4783 0.2572 0.1608
0.2605 0.4826 0.4532 0.1624 0.1400 0.2007 0.3692 0.5112 0.2975 0.1365 0.1632 0.2744 0.4983 0.4352 0.1539 0.1424 0.2106 0.3923 0.5041 0.2595 0.1358 0.1706 0.2954 0.5122 0.4032 0.1453 0.1476 0.2298 0.4352 0.4841 0.1948 0.1369 0.1870 0.3398 0.5160 0.3311 0.1376 0.1597 0.2677 0.4947 0.4360 0.1528 0.1434 0.2163 0.4094 0.4958 0.2231 0.1359 0.1785 0.3060 0.4584 0.3060 0.1785 0.1359 0.2231 0.4958 0.4094 0.2163 0.1434 0.1528 0.4360 0.4947 0.2677 0.1597 0.1376 0.3311 0.5160 0.3398 0.1870 0.1369 0.1948 0.4841 0.4352 0.2298 0.1476 0.1453 0.4032 0.5122 0.2954 0.1706 0.1358 0.2595 0.5041 0.3923 0.2106 0.1424 0.1539 0.4352 0.4983 0.2744 0.1632 0.1365 0.2975 0.5112 0.3692 0.2007 0.1400 0.1624 0.4532 0.4826 0.2605
0.4832 0.4493 0.1601 0.1405 0.2028 0.3740 0.5099 0.2900 0.1363 0.1645 0.2779 0.5012 0.4309 0.1525 0.1430 0.2125 0.3964 0.5027 0.2542 0.1357 0.1713 0.2972 0.5127 0.4016 0.1451 0.1477 0.2298 0.4348 0.4846 0.1963 0.1368 0.1863 0.3376 0.5163 0.3355 0.1379 0.1589 0.2652 0.4919 0.4396 0.1541 0.1429 0.2142 0.4046 0.4978 0.2296 0.1359 0.1783 0.3153 0.5141 0.4714 0.5141 0.3153 0.1783 0.1359 0.2296 0.4978 0.4046 0.2142 0.1429 0.1541 0.4396 0.4919 0.2652 0.1589 0.1379 0.3355 0.5163 0.3376 0.1863 0.1368 0.1963 0.4846 0.4348 0.2298 0.1477 0.1451 0.4016 0.5127 0.2972 0.1713 0.1357 0.2542 0.5027 0.3964 0.2125 0.1430 0.1525 0.4309 0.5012 0.2779 0.1645 0.1363 0.2900 0.5099 0.3740 0.2028 0.1405 0.1601 0.4493 0.4832
0.4467 0.1581 0.1410 0.2050 0.3790 0.5085 0.2824 0.1361 0.1658 0.2814 0.5039 0.4263 0.1511 0.1436 0.2147 0.4009 0.5011 0.2482 0.1357 0.1723 0.2995 0.5134 0.3991 0.1447 0.1479 0.2303 0.4352 0.4846 0.1968 0.1367 0.1858 0.3361 0.5165 0.3388 0.1381 0.1582 0.2631 0.4893 0.4429 0.1555 0.1424 0.2122 0.4000 0.4997 0.2363 0.1358 0.1772 0.3146 0.5163 0.3922 0.1790 0.3922 0.5163 0.3146 0.1772 0.1358 0.2363 0.4997 0.4000 0.2122 0.1424 0.1555 0.4429 0.4893 0.2631 0.1582 0.1381 0.3388 0.5165 0.3361 0.1858 0.1367 0.1968 0.4846 0.4352 0.2303 0.1479 0.1447 0.3991 0.5134 0.2995 0.1723 0.1357 0.2482 0.5011 0.4009 0.2147 0.1436 0.1511 0.4263 0.5039 0.2814 0.1658 0.1361 0.2824 0.5085 0.3790 0.2050 0.1410 0.1581 0.4467
0.1620 0.1416 0.2072 0.3840 0.5070 0.2748 0.1360 0.1671 0.2850 0.5063 0.4215 0.1498 0.1443 0.2170 0.4058 0.4993 0.2416 0.1357 0.1735 0.3023 0.5142 0.3959 0.1443 0.1483 0.2313 0.4366 0.4841 0.1963 0.1367 0.1857 0.3353 0.5166 0.3410 0.1383 0.1577 0.2614 0.4870 0.4456 0.1567 0.1419 0.2104 0.3959 0.5014 0.2429 0.1358 0.1758 0.3116 0.5164 0.3786 0.1432 0.1363 0.1432 0.3786 0.5164 0.3116 0.1758 0.1358 0.2429 0.5014 0.3959 0.2104 0.1419 0.1567 0.4456 0.4870 0.2614 0.1577 0.1383 0.3410 0.5166 0.3353 0.1857 0.1367 0.1963 0.4841 0.4366 0.2313 0.1483 0.1443 0.3959 0.5142 0.3023 0.1735 0.1357 0.2416 0.4993 0.4058 0.2170 0.1443 0.1498 0.4215 0.5063 0.2850 0.1671 0.1360 0.2748 0.5070 0.3840 0.2072 0.1416 0.1620
0.1469 0.2094 0.3891 0.5054 0.2671 0.1358 0.1684 0.2886 0.5084 0.4166 0.1485 0.1449 0.2194 0.4109 0.4973 0.2346 0.1358 0.1748 0.3055 0.5149 0.3918 0.1437 0.1488 0.2327 0.4389 0.4831 0.1948 0.1368 0.1858 0.3353 0.5166 0.3422 0.1384 0.1574 0.2601 0.4852 0.4478 0.1578 0.1415 0.2088 0.3921 0.5028 0.2490 0.1357 0.1745 0.3083 0.5160 0.3795 0.1418 0.1476 0.1879 0.1476 0.1418 0.3795 0.5160 0.3083 0.1745 0.1357 0.2490 0.5028 0.3921 0.2088 0.1415 0.1578 0.4478 0.4852 0.2601 0.1574 0.1384 0.3422 0.5166 0.3353 0.1858 0.1368 0.1948 0.4831 0.4389 0.2327 0.1488 0.1437 0.3918 0.5149 0.3055 0.1748 0.1358 0.2346 0.4973 0.4109 0.2194 0.1449 0.1485 0.4166 0.5084 0.2886 0.1684 0.1358 0.2671 0.5054 0.3891 0.2094 0.1469
0.2133 0.3942 0.5037 0.2594 0.1358 0.1698 0.2923 0.5103 0.4115 0.1474 0.1457 0.2219 0.4160 0.4951 0.2275 0.1358 0.1762 0.3091 0.5156 0.3872 0.1431 0.1494 0.2344 0.4419 0.4817 0.1924 0.1369 0.1863 0.3361 0.5166 0.3422 0.1384 0.1572 0.2593 0.4838 0.4494 0.1587 0.1412 0.2076 0.3889 0.5041 0.2545 0.1357 0.1733 0.3050 0.5155 0.3836 0.1420 0.1503 0.2305 0.3438 0.2305 0.1503 0.1420 0.3836 0.5155 0.3050 0.1733 0.1357 0.2545 0.5041 0.3889 0.2076 0.1412 0.1587 0.4494 0.4838 0.2593 0.1572 0.1384 0.3422 0.5166 0.3361 0.1863 0.1369 0.1924 0.4817 0.4419 0.2344 0.1494 0.1431 0.3872 0.5156 0.3091 0.1762 0.1358 0.2275 0.4951 0.4160 0.2219 0.1457 0.1474 0.4115 0.5103 0.2923 0.1698 0.1358 0.2594 0.5037 0.3942 0.2133
0.3961 0.5018 0.2517 0.1357 0.1713 0.2961 0.5119 0.4063 0.1463 0.1464 0.2244 0.4212 0.4928 0.2204 0.1359 0.1777 0.3130 0.5162 0.3820 0.1424 0.1501 0.2365 0.4454 0.4798 0.1894 0.1370 0.1870 0.3376 0.5165 0.3410 0.1384 0.1572 0.2590 0.4832 0.4504 0.1594 0.1410 0.2065 0.3863 0.5051 0.2593 0.1357 0.1722 0.3020 0.5148 0.3881 0.1426 0.1504 0.2376 0.4355 0.5144 0.4355 0.2376 0.1504 0.1426 0.3881 0.5148 0.3020 0.1722 0.1357 0.2593 0.5051 0.3863 0.2065 0.1410 0.1594 0.4504 0.4832 0.2590 0.1572 0.1384 0.3410 0.5165 0.3376 0.1870 0.1370 0.1894 0.4798 0.4454 0.2365 0.1501 0.1424 0.3820 0.5162 0.3130 0.1777 0.1359 0.2204 0.4928 0.4212 0.2244 0.1464 0.1463 0.4063 0.5119 0.2961 0.1713 0.1357 0.2517 0.5018 0.3961
0.5002 0.2440 0.1357 0.1727 0.2999 0.5133 0.4010 0.1453 0.1472 0.2269 0.4264 0.4903 0.2136 0.1361 0.1793 0.3170 0.5166 0.3764 0.1417 0.1509 0.2388 0.4495 0.4776 0.1859 0.1372 0.1881 0.3398 0.5163 0.3388 0.1383 0.1574 0.2593 0.4832 0.4507 0.1597 0.1409 0.2059 0.3844 0.5058 0.2632 0.1358 0.1713 0.2994 0.5141 0.3923 0.1432 0.1499 0.2376 0.4474 0.4847 0.3362 0.4847 0.4474 0.2376 0.1499 0.1432 0.3923 0.5141 0.2994 0.1713 0.1358 0.2632 0.5058 0.3844 0.2059 0.1409 0.1597 0.4507 0.4832 0.2593 0.1574 0.1383 0.3388 0.5163 0.3398 0.1881 0.1372 0.1859 0.4776 0.4495 0.2388 0.1509 0.1417 0.3764 0.5166 0.3170 0.1793 0.1361 0.2136 0.4903 0.4264 0.2269 0.1472 0.1453 0.4010 0.5133 0.2999 0.1727 0.1357 0.2440 0.5002
0.2409 0.1358 0.1742 0.3039 0.5144 0.3955 0.1444 0.1480 0.2295 0.4316 0.4878 0.2070 0.1362 0.1810 0.3212 0.5169 0.3704 0.1411 0.1517 0.2414 0.4538 0.4750 0.1823 0.1374 0.1893 0.3426 0.5160 0.3355 0.1381 0.1577 0.2601 0.4838 0.4504 0.1597 0.1408 0.2055 0.3832 0.5063 0.2661 0.1358 0.1706 0.2972 0.5134 0.3960 0.1437 0.1493 0.2360 0.4473 0.4786 0.2013 0.1363 0.2013 0.4786 0.4473 0.2360 0.1493 0.1437 0.3960 0.5134 0.2972 0.1706 0.1358 0.2661 0.5063 0.3832 0.2055 0.1408 0.1597 0.4504 0.4838 0.2601 0.1577 0.1381 0.3355 0.5160 0.3426 0.1893 0.1374 0.1823 0.4750 0.4538 0.2414 0.1517 0.1411 0.3704 0.5169 0.3212 0.1810 0.1362 0.2070 0.4878 0.4316 0.2295 0.1480 0.1444 0.3955 0.5144 0.3039 0.1742 0.1358 0.2409
0.1416 0.1758 0.3079 0.5153 0.3898 0.1435 0.1488 0.2322 0.4367 0.4851 0.2008 0.1364 0.1827 0.3254 0.5171 0.3642 0.1404 0.1527 0.2442 0.4584 0.4721 0.1786 0.1377 0.1908 0.3459 0.5156 0.3311 0.1379 0.1582 0.2614 0.4852 0.4494 0.1594 0.1409 0.2055 0.3827 0.5066 0.2680 0.1358 0.1701 0.2956 0.5128 0.3991 0.1443 0.1488 0.2342 0.4446 0.4787 0.1878 0.1357 0.1553 0.1357 0.1878 0.4787 0.4446 0.2342 0.1488 0.1443 0.3991 0.5128 0.2956 0.1701 0.1358 0.2680 0.5066 0.3827 0.2055 0.1409 0.1594 0.4494 0.4852 0.2614 0.1582 0.1379 0.3311 0.5156 0.3459 0.1908 0.1377 0.1786 0.4721 0.4584 0.2442 0.1527 0.1404 0.3642 0.5171 0.3254 0.1827 0.1364 0.2008 0.4851 0.4367 0.2322 0.1488 0.1435 0.3898 0.5153 0.3079 0.1758 0.1416
0.1801 0.3119 0.5160 0.3840 0.1427 0.1497 0.2349 0.4418 0.4823 0.1950 0.1367 0.1844 0.3297 0.5170 0.3578 0.1398 0.1536 0.2471 0.4632 0.4689 0.1750 0.1381 0.1924 0.3497 0.5151 0.3260 0.1376 0.1589 0.2631 0.4870 0.4478 0.1587 0.1410 0.2059 0.3832 0.5066 0.2686 0.1358 0.1697 0.2944 0.5122 0.4015 0.1447 0.1483 0.2326 0.4416 0.4802 0.1877 0.1369 0.1818 0.2563 0.1818 0.1369 0.1877 0.4802 0.4416 0.2326 0.1483 0.1447 0.4015 0.5122 0.2944 0.1697 0.1358 0.2686 0.5066 0.3832 0.2059 0.1410 0.1587 0.4478 0.4870 0.2631 0.1589 0.1376 0.3260 0.5151 0.3497 0.1924 0.1381 0.1750 0.4689 0.4632 0.2471 0.1536 0.1398 0.3578 0.5170 0.3297 0.1844 0.1367 0.1950 0.4823 0.4418 0.2349 0.1497 0.1427 0.3840 0.5160 0.3119 0.1801
0.3147 0.5166 0.3780 0.1419 0.1506 0.2377 0.4469 0.4794 0.1896 0.1369 0.1861 0.3340 0.5169 0.3513 0.1393 0.1546 0.2500 0.4679 0.4655 0.1716 0.1384 0.1942 0.3538 0.5144 0.3202 0.1373 0.1597 0.2652 0.4893 0.4456 0.1578 0.1412 0.2065 0.3844 0.5063 0.2680 0.1358 0.1696 0.2938 0.5119 0.4031 0.1451 0.1479 0.2313 0.4388 0.4818 0.1900 0.1370 0.1870 0.3264 0.4807 0.3264 0.1870 0.1370 0.1900 0.4818 0.4388 0.2313 0.1479 0.1451 0.4031 0.5119 0.2938 0.1696 0.1358 0.2680 0.5063 0.3844 0.2065 0.1412 0.1578 0.4456 0.4893 0.2652 0.1597 0.1373 0.3202 0.5144 0.3538 0.1942 0.1384 0.1716 0.4655 0.4679 0.2500 0.1546 0.1393 0.3513 0.5169 0.3340 0.1861 0.1369 0.1896 0.4794 0.4469 0.2377 0.1506 0.1419 0.3780 0.5166 0.3147
0.5157 0.3719 0.1412 0.1515 0.2405 0.4520 0.4764 0.1847 0.1372 0.1879 0.3385 0.5165 0.3446 0.1388 0.1557 0.2531 0.4725 0.4620 0.1685 0.1389 0.1961 0.3582 0.5136 0.3139 0.1371 0.1607 0.2677 0.4919 0.4429 0.1567 0.1415 0.2076 0.3863 0.5058 0.2661 0.1358 0.1697 0.2938 0.5118 0.4039 0.1453 0.1477 0.2303 0.4366 0.4832 0.1926 0.1370 0.1874 0.3375 0.5161 0.4540 0.5161 0.3375 0.1874 0.1370 0.1926 0.4832 0.4366 0.2303 0.1477 0.1453 0.4039 0.5118 0.2938 0.1697 0.1358 0.2661 0.5058 0.3863 0.2076 0.1415 0.1567 0.4429 0.4919 0.2677 0.1607 0.1371 0.3139 0.5136 0.3582 0.1961 0.1389 0.1685 0.4620 0.4725 0.2531 0.1557 0.1388 0.3446 0.5165 0.3385 0.1879 0.1372 0.1847 0.4764 0.4520 0.2405 0.1515 0.1412 0.3719 0.5157
0.3683 0.1406 0.1524 0.2434 0.4570 0.4732 0.1802 0.1376 0.1897 0.3430 0.5161 0.3378 0.1383 0.1567 0.2561 0.4770 0.4583 0.1657 0.1393 0.1980 0.3629 0.5127 0.3070 0.1368 0.1617 0.2705 0.4947 0.4396 0.1555 0.1419 0.2088 0.3889 0.5051 0.2632 0.1358 0.1701 0.2944 0.5119 0.4039 0.1454 0.1476 0.2297 0.4351 0.4842 0.1949 0.1369 0.1869 0.3384 0.5163 0.3606 0.1616 0.3606 0.5163 0.3384 0.1869 0.1369 0.1949 0.4842 0.4351 0.2297 0.1476 0.1454 0.4039 0.5119 0.2944 0.1701 0.1358 0.2632 0.5051 0.3889 0.2088 0.1419 0.1555 0.4396 0.4947 0.2705 0.1617 0.1368 0.3070 0.5127 0.3629 0.1980 0.1393 0.1657 0.4583 0.4770 0.2561 0.1567 0.1383 0.3378 0.5161 0.3430 0.1897 0.1376 0.1802 0.4732 0.4570 0.2434 0.1524 0.1406 0.3683
0.1461 0.1534 0.2463 0.4619 0.4699 0.1762 0.1379 0.1916 0.3475 0.5155 0.3308 0.1379 0.1578 0.2593 0.4812 0.4545 0.1631 0.1398 0.2001 0.3677 0.5115 0.2998 0.1366 0.1629 0.2736 0.4976 0.4360 0.1541 0.1424 0.2104 0.3921 0.5041 0.2593 0.1358 0.1706 0.2956 0.5122 0.4031 0.1453 0.1476 0.2295 0.4344 0.4848 0.1965 0.1368 0.1862 0.3371 0.5164 0.3429 0.1393 0.1385 0.1393 0.3429 0.5164 0.3371 0.1862 0.1368 0.1965 0.4848 0.4344 0.2295 0.1476 0.1453 0.4031 0.5122 0.2956 0.1706 0.1358 0.2593 0.5041 0.3921 0.2104 0.1424 0.1541 0.4360 0.4976 0.2736 0.1629 0.1366 0.2998 0.5115 0.3677 0.2001 0.1398 0.1631 0.4545 0.4812 0.2593 0.1578 0.1379 0.3308 0.5155 0.3475 0.1916 0.1379 0.1762 0.4699 0.4619 0.2463 0.1534 0.1461
0.1582 0.2493 0.4667 0.4664 0.1725 0.1383 0.1935 0.3521 0.5148 0.3238 0.1375 0.1589 0.2625 0.4854 0.4506 0.1608 0.1403 0.2022 0.3726 0.5103 0.2923 0.1363 0.1641 0.2769 0.5004 0.4320 0.1528 0.1429 0.2122 0.3959 0.5028 0.2545 0.1357 0.1713 0.2972 0.5128 0.4015 0.1451 0.1477 0.2297 0.4344 0.4850 0.1973 0.1367 0.1857 0.3358 0.5165 0.3409 0.1384 0.1527 0.1989 0.1527 0.1384 0.3409 0.5165 0.3358 0.1857 0.1367 0.1973 0.4850 0.4344 0.2297 0.1477 0.1451 0.4015 0.5128 0.2972 0.1713 0.1357 0.2545 0.5028 0.3959 0.2122 0.1429 0.1528 0.4320 0.5004 0.2769 0.1641 0.1363 0.2923 0.5103 0.3726 0.2022 0.1403 0.1608 0.4506 0.4854 0.2625 0.1589 0.1375 0.3238 0.5148 0.3521 0.1935 0.1383 0.1725 0.4664 0.4667 0.2493 0.1582
0.2527 0.4714 0.4629 0.1693 0.1388 0.1955 0.3568 0.5139 0.3166 0.1372 0.1601 0.2657 0.4893 0.4465 0.1587 0.1408 0.2043 0.3775 0.5090 0.2847 0.1361 0.1654 0.2803 0.5031 0.4276 0.1515 0.1434 0.2142 0.4000 0.5014 0.2490 0.1357 0.1722 0.2994 0.5134 0.3991 0.1447 0.1479 0.2303 0.4351 0.4848 0.1973 0.1367 0.1855 0.3349 0.5166 0.3419 0.1383 0.1563 0.2475 0.3719 0.2475 0.1564 0.1383 0.3419 0.5166 0.3351 0.1856 0.1367 0.1973 0.4848 0.4351 0.2303 0.1479 0.1447 0.3991 0.5134 0.2994 0.1722 0.1357 0.2490 0.5014 0.4000 0.2142 0.1434 0.1515 0.4276 0.5031 0.2803 0.1654 0.1361 0.2847 0.5090 0.3775 0.2043 0.1408 0.1587 0.4465 0.4893 0.2657 0.1601 0.1372 0.3166 0.5139 0.3568 0.1955 0.1388 0.1693 0.4629 0.4714 0.2527
0.4722 0.4592 0.1663 0.1392 0.1975 0.3616 0.5130 0.3093 0.1369 0.1613 0.2690 0.4929 0.4424 0.1568 0.1414 0.2064 0.3824 0.5075 0.2772 0.1360 0.1667 0.2839 0.5056 0.4230 0.1502 0.1441 0.2163 0.4046 0.4997 0.2429 0.1357 0.1733 0.3020 0.5141 0.3960 0.1443 0.1483 0.2313 0.4366 0.4842 0.1965 0.1367 0.1855 0.3349 0.5169 0.3421 0.1383 0.1566 0.2560 0.4684 0.5077 0.4676 0.2583 0.1568 0.1383 0.3422 0.5167 0.3369 0.1864 0.1367 0.1965 0.4842 0.4366 0.2313 0.1483 0.1443 0.3960 0.5141 0.3020 0.1733 0.1357 0.2429 0.4997 0.4046 0.2163 0.1441 0.1502 0.4230 0.5056 0.2839 0.1667 0.1360 0.2772 0.5075 0.3824 0.2064 0.1414 0.1568 0.4424 0.4929 0.2690 0.1613 0.1369 0.3093 0.5130 0.3616 0.1975 0.1392 0.1663 0.4592 0.4722
0.4568 0.1637 0.1397 0.1996 0.3664 0.5119 0.3019 0.1366 0.1625 0.2724 0.4963 0.4381 0.1551 0.1420 0.2086 0.3874 0.5060 0.2696 0.1359 0.1680 0.2875 0.5078 0.4182 0.1489 0.1447 0.2186 0.4094 0.4978 0.2363 0.1358 0.1745 0.3050 0.5148 0.3923 0.1437 0.1488 0.2326 0.4388 0.4832 0.1949 0.1368 0.1857 0.3349 0.5168 0.3347 0.1384 0.1571 0.2584 0.4773 0.4665 0.2897 0.4651 0.4771 0.2580 0.1563 0.1387 0.3426 0.5162 0.3354 0.1857 0.1368 0.1949 0.4832 0.4388 0.2326 0.1488 0.1437 0.3923 0.5148 0.3050 0.1745 0.1358 0.2363 0.4978 0.4094 0.2186 0.1447 0.1489 0.4182 0.5078 0.2875 0.1680 0.1359 0.2696 0.5060 0.3874 0.2086 0.1420 0.1551 0.4381 0.4963 0.2724 0.1625 0.1366 0.3019 0.5119 0.3664 0.1996 0.1397 0.1637 0.4568
0.1671 0.1402 0.2016 0.3712 0.5107 0.2945 0.1364 0.1637 0.2757 0.4994 0.4337 0.1535 0.1425 0.2108 0.3923 0.5043 0.2621 0.1358 0.1693 0.2911 0.5097 0.4133 0.1478 0.1454 0.2210 0.4143 0.4958 0.2296 0.1358 0.1758 0.3083 0.5155 0.3881 0.1432 0.1493 0.2342 0.4416 0.4818 0.1926 0.1369 0.1862 0.3358 0.5166 0.3469 0.1384 0.1563 0.2587 0.4816 0.4555 0.1712 0.1347 0.1725 0.4552 0.4787 0.2564 0.1568 0.1384 0.3389 0.5167 0.3357 0.1862 0.1368 0.1926 0.4818 0.4416 0.2342 0.1493 0.1432 0.3881 0.5155 0.3083 0.1758 0.1358 0.2296 0.4958 0.4143 0.2210 0.1454 0.1478 0.4133 0.5097 0.2911 0.1693 0.1358 0.2621 0.5043 0.3923 0.2108 0.1425 0.1535 0.4337 0.4994 0.2757 0.1637 0.1364 0.2945 0.5107 0.3712 0.2016 0.1402 0.1671
0.1456 0.2036 0.3759 0.5094 0.2873 0.1362 0.1649 0.2790 0.5021 0.4294 0.1521 0.1431 0.2130 0.3971 0.5026 0.2549 0.1357 0.1707 0.2946 0.5113 0.4084 0.1467 0.1461 0.2233 0.4191 0.4937 0.2231 0.1359 0.1772 0.3116 0.5160 0.3836 0.1426 0.1499 0.2360 0.4446 0.4802 0.1900 0.1370 0.1869 0.3371 0.5165 0.3421 0.1386 0.1569 0.2584 0.4815 0.4538 0.1630 0.1380 0.1631 0.1378 0.1628 0.4546 0.4810 0.2588 0.1570 0.1383 0.3400 0.5165 0.3371 0.1869 0.1370 0.1900 0.4802 0.4446 0.2360 0.1499 0.1426 0.3836 0.5160 0.3116 0.1772 0.1359 0.2231 0.4937 0.4191 0.2233 0.1461 0.1467 0.4084 0.5113 0.2946 0.1707 0.1357 0.2549 0.5026 0.3971 0.2130 0.1431 0.1521 0.4294 0.5021 0.2790 0.1649 0.1362 0.2873 0.5094 0.3759 0.2036 0.1456
0.2070 0.3798 0.5082 0.2812 0.1360 0.1659 0.2818 0.5041 0.4257 0.1509 0.1436 0.2148 0.4011 0.5011 0.2489 0.1357 0.1717 0.2975 0.5124 0.4043 0.1459 0.1467 0.2253 0.4232 0.4918 0.2177 0.1359 0.1783 0.3146 0.5164 0.3795 0.1420 0.1504 0.2376 0.4473 0.4787 0.1877 0.1370 0.1874 0.3384 0.5164 0.3409 0.1384 0.1577 0.2605 0.4805 0.4538 0.1620 0.1397 0.1940 0.2795 0.1942 0.1400 0.1620 0.4521 0.4792 0.2598 0.1571 0.1382 0.3408 0.5164 0.3384 0.1874 0.1370 0.1877 0.4787 0.4473 0.2376 0.1504 0.1420 0.3795 0.5164 0.3146 0.1783 0.1359 0.2177 0.4918 0.4232 0.2253 0.1467 0.1459 0.4043 0.5124 0.2975 0.1717 0.1357 0.2489 0.5011 0.4011 0.2148 0.1436 0.1509 0.4257 0.5041 0.2818 0.1659 0.1360 0.2812 0.5082 0.3798 0.2070
0.3777 0.5078 0.2796 0.1359 0.1660 0.2825 0.5045 0.4247 0.1505 0.1436 0.2151 0.4020 0.5006 0.2473 0.1356 0.1719 0.2982 0.5125 0.4031 0.1456 0.1467 0.2257 0.4241 0.4912 0.2162 0.1358 0.1785 0.3153 0.5163 0.3786 0.1418 0.1503 0.2376 0.4474 0.4786 0.1878 0.1369 0.1870 0.3375 0.5163 0.3429 0.1384 0.1564 0.2583 0.4814 0.4549 0.1629 0.1399 0.2009 0.3569 0.5021 0.3574 0.2011 0.1397 0.1645 0.4554 0.4793 0.2573 0.1568 0.1384 0.3428 0.5163 0.3375 0.1870 0.1369 0.1878 0.4786 0.4474 0.2376 0.1503 0.1418 0.3786 0.5163 0.3153 0.1785 0.1358 0.2162 0.4912 0.4241 0.2257 0.1467 0.1456 0.4031 0.5125 0.2982 0.1719 0.1356 0.2473 0.5006 0.4020 0.2151 0.1436 0.1505 0.4247 0.5045 0.2825 0.1660 0.1359 0.2796 0.5078 0.3777
0.5100 0.2971 0.1357 0.1623 0.2742 0.4979 0.4350 0.1534 0.1415 0.2091 0.3907 0.5038 0.2648 0.1351 0.1678 0.2894 0.5084 0.4150 0.1475 0.1443 0.2192 0.4125 0.4956 0.2324 0.1351 0.1741 0.3060 0.5141 0.3922 0.1432 0.1476 0.2305 0.4355 0.4847 0.2013 0.1357 0.1818 0.3264 0.5161 0.3606 0.1393 0.1527 0.2473 0.4681 0.4637 0.1694 0.1381 0.1956 0.3581 0.5138 0.4396 0.5139 0.3604 0.1951 0.1378 0.1729 0.4654 0.4680 0.2483 0.1528 0.1393 0.3605 0.5161 0.3264 0.1818 0.1357 0.2013 0.4847 0.4355 0.2305 0.1476 0.1432 0.3922 0.5141 0.3060 0.1741 0.1351 0.2324 0.4956 0.4125 0.2192 0.1443 0.1475 0.4150 0.5084 0.2894 0.1678 0.1351 0.2648 0.5038 0.3907 0.2091 0.1415 0.1534 0.4350 0.4979 0.2742 0.1623 0.1357 0.2971 0.5100
0.4138 0.1457 0.1438 0.2188 0.4148 0.4942 0.2313 0.1345 0.1734 0.3063 0.5142 0.3908 0.1416 0.1469 0.2297 0.4368 0.4839 0.2020 0.1352 0.1802 0.3242 0.5158 0.3655 0.1385 0.1507 0.2418 0.4584 0.4714 0.1790 0.1363 0.1879 0.3438 0.5144 0.3362 0.1363 0.1553 0.2563 0.4807 0.4540 0.1616 0.1385 0.1989 0.3717 0.5080 0.2865 0.1346 0.1632 0.2807 0.5034 0.4372 0.2478 0.4390 0.5028 0.2807 0.1634 0.1346 0.2912 0.5080 0.3705 0.1989 0.1385 0.1616 0.4540 0.4807 0.2563 0.1553 0.1363 0.3362 0.5144 0.3438 0.1879 0.1363 0.1790 0.4714 0.4584 0.2418 0.1507 0.1385 0.3655 0.5158 0.3242 0.1802 0.1352 0.2020 0.4839 0.4368 0.2297 0.1469 0.1416 0.3908 0.5142 0.3063 0.1734 0.1345 0.2313 0.4942 0.4148 0.2188 0.1438 0.1457 0.4138
0.5100 0.2971 0.1357 0.1623 0.2742 0.4979 0.4350 0.1534 0.1415 0.2091 0.3907 0.5038 0.2648 0.1351 0.1678 0.2894 0.5084 0.4150 0.1475 0.1443 0.2192 0.4125 0.4956 0.2324 0.1351 0.1741 0.3060 0.5141 0.3922 0.1432 0.1476 0.2305 0.4355 0.4847 0.2013 0.1357 0.1818 0.3264 0.5161 0.3606 0.1393 0.1527 0.2474 0.4681 0.4630 0.1675 0.1382 0.1941 0.3557 0.5137 0.4371 0.5140 0.3534 0.1947 0.1379 0.1687 0.4664 0.4654 0.2477 0.1528 0.1393 0.3605 0.5161 0.3264 0.1818 0.1357 0.2013 0.4847 0.4355 0.2305 0.1476 0.1432 0.3922 0.5141 0.3060 0.1741 0.1351 0.2324 0.4956 0.4125 0.2192 0.1443 0.1475 0.4150 0.5084 0.2894 0.1678 0.1351 0.2648 0.5038 0.3907 0.2091 0.1415 0.1534 0.4350 0.4979 0.2742 0.1623 0.1357 0.2971 0.5100
0.3777 0.5078 0.2796 0.1359 0.1660 0.2825 0.5045 0.4247 0.1505 0.1436 0.2151 0.4020 0.5006 0.2473 0.1356 0.1719 0.2982 0.5125 0.4031 0.1456 0.1467 0.2257 0.4241 0.4912 0.2162 0.1358 0.1785 0.3153 0.5163 0.3786 0.1418 0.1503 0.2376 0.4474 0.4786 0.1878 0.1369 0.1870 0.3375 0.5163 0.3429 0.1384 0.1563 0.2575 0.4782 0.4539 0.1625 0.1395 0.1993 0.3569 0.5023 0.3527 0.1990 0.1399 0.1631 0.4527 0.4797 0.2537 0.1558 0.1384 0.3428 0.5163 0.3375 0.1870 0.1369 0.1878 0.4786 0.4474 0.2376 0.1503 0.1418 0.3786 0.5163 0.3153 0.1785 0.1358 0.2162 0.4912 0.4241 0.2257 0.1467 0.1456 0.4031 0.5125 0.2982 0.1719 0.1356 0.2473 0.5006 0.4020 0.2151 0.1436 0.1505 0.4247 0.5045 0.2825 0.1660 0.1359 0.2796 0.5078 0.3777
0.2070 0.3798 0.5082 0.2812 0.1360 0.1659 0.2818 0.5041 0.4257 0.1509 0.1436 0.2148 0.4011 0.5011 0.2489 0.1357 0.1717 0.2975 0.5124 0.4043 0.1459 0.1467 0.2253 0.4232 0.4918 0.2177 0.1359 0.1783 0.3146 0.5164 0.3795 0.1420 0.1504 0.2376 0.4473 0.4787 0.1877 0.1370 0.1874 0.3384 0.5164 0.3410 0.1384 0.1566 0.2583 0.4803 0.4540 0.1625 0.1395 0.1937 0.2798 0.1934 0.1396 0.1627 0.4544 0.4825 0.2588 0.1571 0.1385 0.3411 0.5164 0.3384 0.1874 0.1370 0.1877 0.4787 0.4473 0.2376 0.1504 0.1420 0.3795 0.5164 0.3146 0.1783 0.1359 0.2177 0.4918 0.4232 0.2253 0.1467 0.1459 0.4043 0.5124 0.2975 0.1717 0.1357 0.2489 0.5011 0.4011 0.2148 0.1436 0.1509 0.4257 0.5041 0.2818 0.1659 0.1360 0.2812 0.5082 0.3798 0.2070
0.1456 0.2036 0.3759 0.5094 0.2873 0.1362 0.1649 0.2790 0.5021 0.4294 0.1521 0.1431 0.2130 0.3971 0.5026 0.2549 0.1357 0.1707 0.2946 0.5113 0.4084 0.1467 0.1461 0.2233 0.4191 0.4937 0.2231 0.1359 0.1772 0.3116 0.5160 0.3836 0.1426 0.1499 0.2360 0.4446 0.4802 0.1900 0.1370 0.1869 0.3371 0.5165 0.3427 0.1387 0.1561 0.2576 0.4820 0.4529 0.1611 0.1378 0.1632 0.1378 0.1618 0.4527 0.4803 0.2580 0.1568 0.1386 0.3395 0.5166 0.3371 0.1868 0.1370 0.1900 0.4802 0.4446 0.2360 0.1499 0.1426 0.3836 0.5160 0.3116 0.1772 0.1359 0.2231 0.4937 0.4191 0.2233 0.1461 0.1467 0.4084 0.5113 0.2946 0.1707 0.1357 0.2549 0.5026 0.3971 0.2130 0.1431 0.1521 0.4294 0.5021 0.2790 0.1649 0.1362 0.2873 0.5094 0.3759 0.2036 0.1456
0.1671 0.1402 0.2016 0.3712 0.5107 0.2945 0.1364 0.1637 0.2757 0.4994 0.4337 0.1535 0.1425 0.2108 0.3923 0.5043 0.2621 0.1358 0.1693 0.2911 0.5097 0.4133 0.1478 0.1454 0.2210 0.4143 0.4958 0.2296 0.1358 0.1758 0.3083 0.5155 0.3881 0.1432 0.1493 0.2342 0.4416 0.4818 0.1926 0.1369 0.1862 0.3358 0.5166 0.3470 0.1387 0.1561 0.2575 0.4829 0.4525 0.1690 0.1347 0.1714 0.4576 0.4796 0.2581 0.1565 0.1386 0.3436 0.5166 0.3357 0.1862 0.1368 0.1926 0.4818 0.4416 0.2342 0.1493 0.1432 0.3881 0.5155 0.3083 0.1758 0.1358 0.2296 0.4958 0.4143 0.2210 0.1454 0.1478 0.4133 0.5097 0.2911 0.1693 0.1358 0.2621 0.5043 0.3923 0.2108 0.1425 0.1535 0.4337 0.4994 0.2757 0.1637 0.1364 0.2945 0.5107 0.3712 0.2016 0.1402 0.1671
