-40.5064 15.3977 17.1330 -26.9172 -38.2886 -45.3312 5.1540 32.5223 -21.2717 -34.6233 -43.8727 -18.9311 23.7830 -11.8967 -30.7502 -41.1724 -42.0201 14.1245 22.7494 -26.1938 -37.7901 -45.2681 3.2152 31.6707 -20.3092 -34.0785 -43.5452 -24.0057 22.3985 -9.4587 -30.1781 -40.7183 -43.2190 12.7503 27.2601 -25.4302 -37.2718 -45.1118 0.9409 30.5557 -19.2713 -33.5293 -43.1948 -28.6172 21.0330 -6.2931 -29.5822 -40.2141 -44.3706 8.7934 25.7415 8.7934 -44.3706 -40.2141 -29.5822 -6.2931 21.0330 -28.6172 -43.1948 -33.5293 -19.2713 30.5557 0.9409 -45.1118 -37.2718 -25.4302 27.2601 12.7503 -43.2190 -40.7183 -30.1781 -9.4587 22.3985 -24.0057 -43.5452 -34.0785 -20.3092 31.6707 3.2152 -45.2681 -37.7901 -26.1938 22.7494 14.1245 -42.0201 -41.1724 -30.7502 -11.8967 23.7830 -18.9311 -43.8727 -34.6233 -21.2717 32.5223 5.1540 -45.3312 -38.2886 -26.9172 17.1330 15.3977 -40.5064
15.3977 18.7879 -28.0037 -39.5152 -46.2799 5.0358 32.5766 -21.5932 -35.8645 -44.9567 -19.7455 23.5505 -11.2783 -32.0421 -42.3352 -42.8950 13.9840 25.1223 -27.0906 -38.9979 -46.2305 3.0330 31.5759 -20.5316 -35.3231 -44.6435 -24.8799 22.1878 -8.5346 -31.4812 -41.8901 -44.1014 12.6230 29.0614 -26.2204 -38.4850 -46.0968 0.7079 30.3632 -19.3963 -34.7802 -44.3065 -29.5031 20.8481 -4.9532 -30.9120 -41.4204 -45.0641 10.6014 33.4347 -14.8032 33.4347 10.6014 -45.0641 -41.4204 -30.9120 -4.9532 20.8481 -29.5031 -44.3065 -34.7802 -19.3963 30.3632 0.7079 -46.0968 -38.4850 -26.2204 29.0614 12.6230 -44.1014 -41.8901 -31.4812 -8.5346 22.1878 -24.8799 -44.6435 -35.3231 -20.5316 31.5759 3.0330 -46.2305 -38.9979 -27.0906 25.1223 13.9840 -42.8950 -42.3352 -32.0421 -11.2783 23.5505 -19.7455 -44.9567 -35.8645 -21.5932 32.5766 5.0358 -46.2799 -39.5152 -28.0037 18.7879 15.3977
17.1330 -28.0037 -39.4421 -46.2778 4.4823 32.2786 -21.2257 -35.6656 -44.8394 -21.7379 23.0135 -10.2930 -31.8232 -42.1612 -43.4076 13.4467 26.8531 -26.7492 -38.7970 -46.1826 2.1652 31.1175 -20.0951 -35.1098 -44.5131 -26.7677 21.6491 -7.2458 -31.2595 -41.7107 -44.4810 12.0802 30.2118 -25.8751 -38.2815 -46.0326 -0.3276 29.8496 -18.9231 -34.5658 -44.1672 -31.1343 20.3198 -3.2395 -30.6922 -41.2430 -45.2723 10.5116 32.8025 -23.4826 -32.7332 -23.4826 32.8025 10.5116 -45.2723 -41.2430 -30.6922 -3.2395 20.3198 -31.1343 -44.1672 -34.5658 -18.9231 29.8496 -0.3276 -46.0326 -38.2815 -25.8751 30.2118 12.0802 -44.4810 -41.7107 -31.2595 -7.2458 21.6491 -26.7677 -44.5131 -35.1098 -20.0951 31.1175 2.1652 -46.1826 -38.7970 -26.7492 26.8531 13.4467 -43.4076 -42.1612 -31.8232 -10.2930 23.0135 -21.7379 -44.8394 -35.6656 -21.2257 32.2786 4.4823 -46.2778 -39.4421 -28.0037 17.1330
-26.9172 -39.5152 -46.2778 4.2613 32.0849 -20.9510 -35.5012 -44.7329 -23.5323 22.5182 -9.2561 -31.6100 -41.9886 -43.8622 12.9161 28.3390 -26.4075 -38.5962 -46.1279 1.2417 30.6340 -19.6466 -34.8960 -44.3798 -28.5681 21.1228 -5.8044 -31.0367 -41.5293 -44.8177 11.5356 31.1592 -25.5271 -38.0768 -45.9646 -1.4496 29.3249 -18.4315 -34.3504 -44.0247 -32.6648 19.8017 -1.3093 -30.4685 -41.0597 -45.4899 10.0740 32.8740 -24.2654 -36.7691 -43.4079 -36.7691 -24.2654 32.8740 10.0740 -45.4899 -41.0597 -30.4685 -1.3093 19.8017 -32.6648 -44.0247 -34.3504 -18.4315 29.3249 -1.4496 -45.9646 -38.0768 -25.5271 31.1592 11.5356 -44.8177 -41.5293 -31.0367 -5.8044 21.1228 -28.5681 -44.3798 -34.8960 -19.6466 30.6340 1.2417 -46.1279 -38.5962 -26.4075 28.3390 12.9161 -43.8622 -41.9886 -31.6100 -9.2561 22.5182 -23.5323 -44.7329 -35.5012 -20.9510 32.0849 4.2613 -46.2778 -39.5152 -26.9172
-38.2886 -46.2799 4.4823 32.0849 -20.8475 -35.4062 -44.6545 -24.9343 22.0942 -8.2311 -31.4121 -41.8224 -44.2525 12.3974 29.5819 -26.0688 -38.3956 -46.0684 0.2588 30.1358 -19.1870 -34.6833 -44.2433 -30.2527 20.6040 -4.2019 -30.8140 -41.3453 -45.1110 10.9858 31.9171 -25.1766 -37.8712 -45.8916 -2.6660 28.7910 -17.9200 -34.1347 -43.8790 -34.0854 19.2695 0.8501 -30.2436 -40.8728 -45.6841 9.5392 33.1277 -24.1720 -37.1529 -45.8073 -42.4562 -45.8073 -37.1529 -24.1720 33.1277 9.5392 -45.6841 -40.8728 -30.2436 0.8501 19.2695 -34.0854 -43.8790 -34.1347 -17.9200 28.7910 -2.6660 -45.8916 -37.8712 -25.1766 31.9171 10.9858 -45.1110 -41.3453 -30.8140 -4.2019 20.6040 -30.2527 -44.2433 -34.6833 -19.1870 30.1358 0.2588 -46.0684 -38.3956 -26.0688 29.5819 12.3974 -44.2525 -41.8224 -31.4121 -8.2311 22.0942 -24.9343 -44.6545 -35.4062 -20.8475 32.0849 4.4823 -46.2799 -38.2886
-45.3312 5.0358 32.2786 -20.9510 -35.4062 -44.6246 -25.7090 21.8033 -7.3609 -31.2445 -41.6753 -44.5719 11.9109 30.5752 -25.7399 -38.1976 -46.0041 -0.8002 29.6239 -18.7105 -34.4706 -44.1039 -31.8260 20.0898 -2.4106 -30.5917 -41.1605 -45.3633 10.4309 32.5005 -24.8246 -37.6661 -45.8143 -3.9858 28.2510 -17.3868 -33.9186 -43.7302 -35.3980 18.7062 3.2380 -29.9904 -40.6838 -45.8488 8.9670 33.3263 -23.8813 -37.0863 -45.5756 -15.8229 13.8956 -15.8229 -45.5756 -37.0863 -23.8813 33.3263 8.9670 -45.8488 -40.6838 -29.9904 3.2380 18.7062 -35.3980 -43.7302 -33.9186 -17.3868 28.2510 -3.9858 -45.8143 -37.6661 -24.8246 32.5005 10.4309 -45.3633 -41.1605 -30.5917 -2.4106 20.0898 -31.8260 -44.1039 -34.4706 -18.7105 29.6239 -0.8002 -46.0041 -38.1976 -25.7399 30.5752 11.9109 -44.5719 -41.6753 -31.2445 -7.3609 21.8033 -25.7090 -44.6246 -35.4062 -20.9510 32.2786 5.0358 -45.3312
5.1540 32.5766 -21.2257 -35.5012 -44.6545 -25.7090 21.6997 -6.8543 -31.1308 -41.5615 -44.8097 11.4846 31.3213 -25.4330 -38.0112 -45.9380 -1.9106 29.1080 -18.2207 -34.2585 -43.9621 -33.2923 19.5778 -0.3991 -30.3699 -40.9761 -45.5781 9.8704 32.9269 -24.4712 -37.4621 -45.7333 -5.4107 27.7095 -16.8317 -33.7039 -43.5801 -36.5974 18.1367 5.8272 -29.6787 -40.4923 -45.9835 8.3712 33.4239 -23.5357 -36.9154 -45.4933 -11.6066 23.5861 26.9866 23.5861 -11.6066 -45.4933 -36.9154 -23.5357 33.4239 8.3712 -45.9835 -40.4923 -29.6787 5.8272 18.1367 -36.5974 -43.5801 -33.7039 -16.8317 27.7095 -5.4107 -45.7333 -37.4621 -24.4712 32.9269 9.8704 -45.5781 -40.9761 -30.3699 -0.3991 19.5778 -33.2923 -43.9621 -34.2585 -18.2207 29.1080 -1.9106 -45.9380 -38.0112 -25.4330 31.3213 11.4846 -44.8097 -41.5615 -31.1308 -6.8543 21.6997 -25.7090 -44.6545 -35.5012 -21.2257 32.5766 5.1540
32.5223 -21.5932 -35.6656 -44.7329 -24.9343 21.8033 -6.8543 -31.0908 -41.4986 -44.9557 11.1584 31.8355 -25.1680 -37.8452 -45.8743 -3.0233 28.6138 -17.7299 -34.0507 -43.8181 -34.6413 19.0406 1.8282 -30.1468 -40.7901 -45.7590 9.3013 33.2141 -24.1158 -37.2566 -45.6467 -6.9448 27.1685 -16.2523 -33.4893 -43.4266 -37.6945 17.5773 8.5496 -29.3397 -40.3002 -46.0899 7.7596 33.4205 -23.1703 -36.7165 -45.4005 -12.0274 25.1658 -10.9912 -26.8785 -10.9912 25.1658 -12.0274 -45.4005 -36.7165 -23.1703 33.4205 7.7596 -46.0899 -40.3002 -29.3397 8.5496 17.5773 -37.6945 -43.4266 -33.4893 -16.2523 27.1685 -6.9448 -45.6467 -37.2566 -24.1158 33.2141 9.3013 -45.7590 -40.7901 -30.1468 1.8282 19.0406 -34.6413 -43.8181 -34.0507 -17.7299 28.6138 -3.0233 -45.8743 -37.8452 -25.1680 31.8355 11.1584 -44.9557 -41.4986 -31.0908 -6.8543 21.8033 -24.9343 -44.7329 -35.6656 -21.5932 32.5223
-21.2717 -35.8645 -44.8394 -23.5323 22.0942 -7.3609 -31.1308 -41.4986 -45.0049 10.9794 32.1308 -24.9680 -37.7096 -45.8166 -4.0767 28.1606 -17.2543 -33.8547 -43.6768 -35.8510 18.4851 4.2545 -29.8732 -40.6021 -45.9091 8.7185 33.3789 -23.7556 -37.0496 -45.5549 -8.6022 26.6244 -15.6401 -33.2738 -43.2698 -38.7008 17.0229 11.3418 -29.0026 -40.1088 -46.1704 7.1315 33.3267 -22.7949 -36.5107 -45.2991 -13.5842 25.0510 -13.0354 -31.7573 -38.7069 -31.7573 -13.0354 25.0510 -13.5842 -45.2991 -36.5107 -22.7949 33.3267 7.1315 -46.1704 -40.1088 -29.0026 11.3418 17.0229 -38.7008 -43.2698 -33.2738 -15.6401 26.6244 -8.6022 -45.5549 -37.0496 -23.7556 33.3789 8.7185 -45.9091 -40.6021 -29.8732 4.2545 18.4851 -35.8510 -43.6768 -33.8547 -17.2543 28.1606 -4.0767 -45.8166 -37.7096 -24.9680 32.1308 10.9794 -45.0049 -41.4986 -31.1308 -7.3609 22.0942 -23.5323 -44.8394 -35.8645 -21.2717
-34.6233 -44.9567 -21.7379 22.5182 -8.2311 -31.2445 -41.5615 -44.9557 10.9794 32.2262 -24.8597 -37.6185 -45.7720 -4.9766 27.7739 -16.8233 -33.6772 -43.5454 -36.9028 17.9591 6.7650 -29.5522 -40.4164 -46.0300 8.1206 33.4341 -23.3895 -36.8434 -45.4601 -10.3789 26.0787 -14.9904 -33.0589 -43.1124 -39.6154 16.4775 14.1296 -28.6649 -39.9171 -46.2272 6.4843 33.1545 -22.4144 -36.3035 -45.1935 -15.4852 24.6227 -12.8575 -32.2610 -42.2960 -47.1417 -42.2960 -32.2610 -12.8575 24.6227 -15.4852 -45.1935 -36.3035 -22.4144 33.1545 6.4843 -46.2272 -39.9171 -28.6649 14.1296 16.4775 -39.6154 -43.1124 -33.0589 -14.9904 26.0787 -10.3789 -45.4601 -36.8434 -23.3895 33.4341 8.1206 -46.0300 -40.4164 -29.5522 6.7650 17.9591 -36.9028 -43.5454 -33.6772 -16.8233 27.7739 -4.9766 -45.7720 -37.6185 -24.8597 32.2262 10.9794 -44.9557 -41.5615 -31.2445 -8.2311 22.5182 -21.7379 -44.9567 -34.6233
-43.8727 -19.7455 23.0135 -9.2561 -31.4121 -41.6753 -44.8097 11.1584 32.1308 -24.8597 -37.5863 -45.7480 -5.5955 27.4898 -16.4683 -33.5275 -43.4286 -37.7789 17.4851 9.2074 -29.2411 -40.2376 -46.1220 7.5192 33.3930 -23.0205 -36.6362 -45.3604 -12.2548 25.5359 -14.3022 -32.8430 -42.9509 -40.4497 15.9392 16.8195 -28.3292 -39.7229 -46.2622 5.8102 32.9131 -22.0281 -36.0949 -45.0827 -17.4897 24.1157 -12.1893 -32.2135 -42.4119 -44.2940 -1.1684 -44.2940 -42.4119 -32.2135 -12.1893 24.1157 -17.4897 -45.0827 -36.0949 -22.0281 32.9131 5.8102 -46.2622 -39.7229 -28.3292 16.8195 15.9392 -40.4497 -42.9509 -32.8430 -14.3022 25.5359 -12.2548 -45.3604 -36.6362 -23.0205 33.3930 7.5192 -46.1220 -40.2376 -29.2411 9.2074 17.4851 -37.7789 -43.4286 -33.5275 -16.4683 27.4898 -5.5955 -45.7480 -37.5863 -24.8597 32.1308 11.1584 -44.8097 -41.6753 -31.4121 -9.2561 23.0135 -19.7455 -43.8727
-18.9311 23.5505 -10.2930 -31.6100 -41.8224 -44.5719 11.4846 31.8355 -24.9680 -37.6185 -45.7480 -5.8128 27.3378 -16.2274 -33.4183 -43.3346 -38.4623 17.0785 11.4261 -28.9565 -40.0691 -46.1881 6.9298 33.2738 -22.6542 -36.4307 -45.2572 -14.2203 24.9932 -13.5653 -32.6260 -42.7861 -41.2088 15.4032 19.3603 -27.9931 -39.5270 -46.2771 5.1040 32.6110 -21.6333 -35.8851 -44.9677 -19.5333 23.5881 -11.3391 -32.0411 -42.3174 -43.3954 11.5942 28.1831 11.5942 -43.3954 -42.3174 -32.0411 -11.3391 23.5881 -19.5333 -44.9677 -35.8851 -21.6333 32.6110 5.1040 -46.2771 -39.5270 -27.9931 19.3603 15.4032 -41.2088 -42.7861 -32.6260 -13.5653 24.9932 -14.2203 -45.2572 -36.4307 -22.6542 33.2738 6.9298 -46.1881 -40.0691 -28.9565 11.4261 17.0785 -38.4623 -43.3346 -33.4183 -16.2274 27.3378 -5.8128 -45.7480 -37.6185 -24.9680 31.8355 11.4846 -44.5719 -41.8224 -31.6100 -10.2930 23.5505 -18.9311
23.7830 -11.2783 -31.8232 -41.9886 -44.2525 11.9109 31.3213 -25.1680 -37.7096 -45.7720 -5.5955 27.3378 -16.1416 -33.3595 -43.2731 -38.9387 16.7584 13.2705 -28.7127 -39.9166 -46.2318 6.3635 33.0994 -22.2994 -36.2328 -45.1535 -16.2132 24.4561 -12.7724 -32.4098 -42.6210 -41.8929 14.8702 21.7047 -27.6559 -39.3316 -46.2735 4.3665 32.2584 -21.2288 -35.6755 -44.8504 -21.5687 23.0602 -10.3767 -31.8363 -42.1674 -43.5054 12.8658 31.8157 -17.4772 31.8157 12.8658 -43.5054 -42.1674 -31.8363 -10.3767 23.0602 -21.5687 -44.8504 -35.6755 -21.2288 32.2584 4.3665 -46.2735 -39.3316 -27.6559 21.7047 14.8702 -41.8929 -42.6210 -32.4098 -12.7724 24.4561 -16.2132 -45.1535 -36.2328 -22.2994 33.0994 6.3635 -46.2318 -39.9166 -28.7127 13.2705 16.7584 -38.9387 -43.2731 -33.3595 -16.1416 27.3378 -5.5955 -45.7720 -37.7096 -25.1680 31.3213 11.9109 -44.2525 -41.9886 -31.8232 -11.2783 23.7830
-11.8967 -32.0421 -42.1612 -43.8622 12.3974 30.5752 -25.4330 -37.8452 -45.8166 -4.9766 27.4898 -16.2274 -33.3595 -43.2516 -39.1867 16.5518 14.6041 -28.5207 -39.7912 -46.2575 5.8430 32.8945 -21.9674 -36.0471 -45.0508 -18.1432 23.9392 -11.9358 -32.1945 -42.4529 -42.5076 14.3413 23.8155 -27.3199 -39.1340 -46.2527 3.5876 31.8637 -20.8163 -35.4649 -44.7277 -23.5662 22.5333 -9.3079 -31.6228 -42.0006 -43.8637 12.7909 29.6160 -25.0126 -33.6717 -25.0126 29.6160 12.7909 -43.8637 -42.0006 -31.6228 -9.3079 22.5333 -23.5662 -44.7277 -35.4649 -20.8163 31.8637 3.5876 -46.2527 -39.1340 -27.3199 23.8155 14.3413 -42.5076 -42.4529 -32.1945 -11.9358 23.9392 -18.1432 -45.0508 -36.0471 -21.9674 32.8945 5.8430 -46.2575 -39.7912 -28.5207 14.6041 16.5518 -39.1867 -43.2516 -33.3595 -16.2274 27.4898 -4.9766 -45.8166 -37.8452 -25.4330 30.5752 12.3974 -43.8622 -42.1612 -32.0421 -11.8967
-30.7502 -42.3352 -43.4076 12.9161 29.5819 -25.7399 -38.0112 -45.8743 -4.0767 27.7739 -16.4683 -33.4183 -43.2731 -39.1867 16.4800 15.3024 -28.3964 -39.7015 -46.2702 5.4044 32.6890 -21.6716 -35.8798 -44.9535 -19.9443 23.4557 -11.0750 -31.9863 -42.2863 -43.0513 13.8153 25.6932 -26.9828 -38.9347 -46.2155 2.7595 31.4316 -20.3922 -35.2537 -44.6008 -25.5018 22.0048 -8.1198 -31.4053 -41.8269 -44.2464 12.3813 29.8351 -25.7492 -37.6712 -44.1798 -37.6712 -25.7492 29.8351 12.3813 -44.2464 -41.8269 -31.4053 -8.1198 22.0048 -25.5018 -44.6008 -35.2537 -20.3922 31.4316 2.7595 -46.2155 -38.9347 -26.9828 25.6932 13.8153 -43.0513 -42.2863 -31.9863 -11.0750 23.4557 -19.9443 -44.9535 -35.8798 -21.6716 32.6890 5.4044 -46.2702 -39.7015 -28.3964 15.3024 16.4800 -39.1867 -43.2731 -33.4183 -16.4683 27.7739 -4.0767 -45.8743 -38.0112 -25.7399 29.5819 12.9161 -43.4076 -42.3352 -30.7502
-41.1724 -42.8950 13.4467 28.3390 -26.0688 -38.1976 -45.9380 -3.0233 28.1606 -16.8233 -33.5275 -43.3346 -38.9387 16.5518 15.3024 -28.3538 -39.6527 -46.2753 5.0830 32.5128 -21.4247 -35.7372 -44.8651 -21.5509 23.0139 -10.2088 -31.7912 -42.1269 -43.5223 13.3042 27.3088 -26.6467 -38.7359 -46.1666 1.8812 30.9677 -19.9552 -35.0431 -44.4723 -27.3448 21.4821 -6.7958 -31.1863 -41.6504 -44.6000 11.8808 30.6400 -25.6595 -38.0258 -46.1996 -38.8958 -46.1996 -38.0258 -25.6595 30.6400 11.8808 -44.6000 -41.6504 -31.1863 -6.7958 21.4821 -27.3448 -44.4723 -35.0431 -19.9552 30.9677 1.8812 -46.1666 -38.7359 -26.6467 27.3088 13.3042 -43.5223 -42.1269 -31.7912 -10.2088 23.0139 -21.5509 -44.8651 -35.7372 -21.4247 32.5128 5.0830 -46.2753 -39.6527 -28.3538 15.3024 16.5518 -38.9387 -43.3346 -33.5275 -16.8233 28.1606 -3.0233 -45.9380 -38.1976 -26.0688 28.3390 13.4467 -42.8950 -41.1724
-42.0201 13.9840 26.8531 -26.4075 -38.3956 -46.0041 -1.9106 28.6138 -17.2543 -33.6772 -43.4286 -38.4623 16.7584 14.6041 -28.3964 -39.6527 -46.2766 4.9115 32.3930 -21.2460 -35.6268 -44.7899 -22.8924 22.6274 -9.3678 -31.6122 -41.9769 -43.9196 12.8203 28.6426 -26.3204 -38.5399 -46.1109 0.9492 30.4817 -19.5066 -34.8313 -44.3387 -29.0953 20.9620 -5.3219 -30.9662 -41.4706 -44.9158 11.3528 31.4511 -25.3823 -37.9570 -45.9194 -7.8648 16.0088 -7.8648 -45.9194 -37.9570 -25.3823 31.4511 11.3528 -44.9158 -41.4706 -30.9662 -5.3219 20.9620 -29.0953 -44.3387 -34.8313 -19.5066 30.4817 0.9492 -46.1109 -38.5399 -26.3204 28.6426 12.8203 -43.9196 -41.9769 -31.6122 -9.3678 22.6274 -22.8924 -44.7899 -35.6268 -21.2460 32.3930 4.9115 -46.2766 -39.6527 -28.3964 14.6041 16.7584 -38.4623 -43.4286 -33.6772 -17.2543 28.6138 -1.9106 -46.0041 -38.3956 -26.4075 26.8531 13.9840 -42.0201
14.1245 25.1223 -26.7492 -38.5962 -46.0684 -0.8002 29.1080 -17.7299 -33.8547 -43.5454 -37.7789 17.0785 13.2705 -28.5207 -39.7015 -46.2753 4.9115 32.3506 -21.1519 -35.5561 -44.7358 -23.9064 22.3155 -8.6011 -31.4552 -41.8407 -44.2457 12.3688 29.7124 -26.0124 -38.3517 -46.0524 -0.0238 29.9873 -19.0452 -34.6188 -44.2012 -30.7468 20.4432 -3.6669 -30.7448 -41.2881 -45.1933 10.8119 32.1270 -25.0553 -37.7900 -45.8572 -4.5535 25.9740 18.2745 25.9740 -4.5535 -45.8572 -37.7900 -25.0553 32.1270 10.8119 -45.1933 -41.2881 -30.7448 -3.6669 20.4432 -30.7468 -44.2012 -34.6188 -19.0452 29.9873 -0.0238 -46.0524 -38.3517 -26.0124 29.7124 12.3688 -44.2457 -41.8407 -31.4552 -8.6011 22.3155 -23.9064 -44.7358 -35.5561 -21.1519 32.3506 4.9115 -46.2753 -39.7015 -28.5207 13.2705 17.0785 -37.7789 -43.5454 -33.8547 -17.7299 29.1080 -0.8002 -46.0684 -38.5962 -26.7492 25.1223 14.1245
22.7494 -27.0906 -38.7970 -46.1279 0.2588 29.6239 -18.2207 -34.0507 -43.6768 -36.9028 17.4851 11.4261 -28.7127 -39.7912 -46.2702 5.0830 32.3930 -21.1519 -35.5316 -44.7083 -24.5363 22.0951 -7.9841 -31.3284 -41.7253 -44.5047 11.9639 30.5484 -25.7248 -38.1762 -45.9939 -1.0210 29.4993 -18.5808 -34.4105 -44.0624 -32.2806 19.9320 -1.8077 -30.5236 -41.1057 -45.4322 10.2616 32.6480 -24.7119 -37.5962 -45.7857 -4.8455 27.4888 -14.5132 -28.1230 -14.5132 27.4888 -4.8455 -45.7857 -37.5962 -24.7119 32.6480 10.2616 -45.4322 -41.1057 -30.5236 -1.8077 19.9320 -32.2806 -44.0624 -34.4105 -18.5808 29.4993 -1.0210 -45.9939 -38.1762 -25.7248 30.5484 11.9639 -44.5047 -41.7253 -31.3284 -7.9841 22.0951 -24.5363 -44.7083 -35.5316 -21.1519 32.3930 5.0830 -46.2702 -39.7912 -28.7127 11.4261 17.4851 -36.9028 -43.6768 -34.0507 -18.2207 29.6239 0.2588 -46.1279 -38.7970 -27.0906 22.7494
-26.1938 -38.9979 -46.1826 1.2417 30.1358 -18.7105 -34.2585 -43.8181 -35.8510 17.9591 9.2074 -28.9565 -39.9166 -46.2575 5.4044 32.5128 -21.2460 -35.5561 -44.7083 -24.7459 21.9816 -7.5821 -31.2402 -41.6386 -44.6964 11.6250 31.1734 -25.4671 -38.0168 -45.9361 -2.0203 29.0334 -18.1259 -34.2102 -43.9247 -33.6822 19.4237 0.2552 -30.3013 -40.9206 -45.6362 9.6993 33.0284 -24.3609 -37.3955 -45.7053 -6.0098 27.3767 -16.0145 -32.7070 -39.6239 -32.7070 -16.0145 27.3767 -6.0098 -45.7053 -37.3955 -24.3609 33.0284 9.6993 -45.6362 -40.9206 -30.3013 0.2552 19.4237 -33.6822 -43.9247 -34.2102 -18.1259 29.0334 -2.0203 -45.9361 -38.0168 -25.4671 31.1734 11.6250 -44.6964 -41.6386 -31.2402 -7.5821 21.9816 -24.7459 -44.7083 -35.5561 -21.2460 32.5128 5.4044 -46.2575 -39.9166 -28.9565 9.2074 17.9591 -35.8510 -43.8181 -34.2585 -18.7105 30.1358 1.2417 -46.1826 -38.9979 -26.1938
-37.7901 -46.2305 2.1652 30.6340 -19.1870 -34.4706 -43.9621 -34.6413 18.4851 6.7650 -29.2411 -40.0691 -46.2318 5.8430 32.6890 -21.4247 -35.6268 -44.7358 -24.5363 21.9816 -7.4394 -31.1946 -41.5852 -44.8227 11.3669 31.6060 -25.2542 -37.8787 -45.8823 -2.9796 28.5998 -17.6850 -34.0218 -43.7922 -34.9263 18.9017 2.4768 -30.0735 -40.7344 -45.8078 9.1236 33.2779 -24.0041 -37.1916 -45.6185 -7.4939 26.9492 -15.8799 -33.1928 -43.0753 -47.2943 -43.0753 -33.1928 -15.8799 26.9492 -7.4939 -45.6185 -37.1916 -24.0041 33.2779 9.1236 -45.8078 -40.7344 -30.0735 2.4768 18.9017 -34.9263 -43.7922 -34.0218 -17.6850 28.5998 -2.9796 -45.8823 -37.8787 -25.2542 31.6060 11.3669 -44.8227 -41.5852 -31.1946 -7.4394 21.9816 -24.5363 -44.7358 -35.6268 -21.4247 32.6890 5.8430 -46.2318 -40.0691 -29.2411 6.7650 18.4851 -34.6413 -43.9621 -34.4706 -19.1870 30.6340 2.1652 -46.2305 -37.7901
-45.2681 3.0330 31.1175 -19.6466 -34.6833 -44.1039 -33.2923 19.0406 4.2545 -29.5522 -40.2376 -46.1881 6.3635 32.8945 -21.6716 -35.7372 -44.7899 -23.9064 22.0951 -7.5821 -31.1946 -41.5675 -44.8853 11.2052 31.8793 -25.0908 -37.7679 -45.8352 -3.8546 28.2139 -17.2725 -33.8499 -43.6662 -36.0053 18.3895 4.7854 -29.7997 -40.5532 -45.9464 8.5413 33.4068 -23.6418 -36.9860 -45.5273 -9.1509 26.4371 -15.3807 -33.1426 -43.1306 -42.1851 2.9310 -42.1851 -43.1306 -33.1426 -15.3807 26.4371 -9.1509 -45.5273 -36.9860 -23.6418 33.4068 8.5413 -45.9464 -40.5532 -29.7997 4.7854 18.3895 -36.0053 -43.6662 -33.8499 -17.2725 28.2139 -3.8546 -45.8352 -37.7679 -25.0908 31.8793 11.2052 -44.8853 -41.5675 -31.1946 -7.5821 22.0951 -23.9064 -44.7899 -35.7372 -21.6716 32.8945 6.3635 -46.1881 -40.2376 -29.5522 4.2545 19.0406 -33.2923 -44.1039 -34.6833 -19.6466 31.1175 3.0330 -45.2681
3.2152 31.5759 -20.0951 -34.8960 -44.2433 -31.8260 19.5778 1.8282 -29.8732 -40.4164 -46.1220 6.9298 33.0994 -21.9674 -35.8798 -44.8651 -22.8924 22.3155 -7.9841 -31.2402 -41.5852 -44.8853 11.1512 32.0120 -24.9877 -37.6894 -45.7975 -4.5914 27.8932 -16.9108 -33.6974 -43.5509 -36.9277 17.9188 7.0848 -29.4956 -40.3788 -46.0543 7.9627 33.4318 -23.2795 -36.7805 -45.4309 -10.9424 25.9048 -14.7581 -32.9714 -43.0338 -40.7541 13.8109 30.4245 13.8109 -40.7541 -43.0338 -32.9714 -14.7581 25.9048 -10.9424 -45.4309 -36.7805 -23.2795 33.4318 7.9627 -46.0543 -40.3788 -29.4956 7.0848 17.9188 -36.9277 -43.5509 -33.6974 -16.9108 27.8932 -4.5914 -45.7975 -37.6894 -24.9877 32.0120 11.1512 -44.8853 -41.5852 -31.2402 -7.9841 22.3155 -22.8924 -44.8651 -35.8798 -21.9674 33.0994 6.9298 -46.1220 -40.4164 -29.8732 1.8282 19.5778 -31.8260 -44.2433 -34.8960 -20.0951 31.5759 3.2152
31.6707 -20.5316 -35.1098 -44.3798 -30.2527 20.0898 -0.3991 -30.1468 -40.6021 -46.0300 7.5192 33.2738 -22.2994 -36.0471 -44.9535 -21.5509 22.6274 -8.6011 -31.3284 -41.6386 -44.8227 11.2052 32.0120 -24.9533 -37.6490 -45.7735 -5.1344 27.6456 -16.6132 -33.5705 -43.4517 -37.6901 17.5004 9.2622 -29.2175 -40.2141 -46.1352 7.3968 33.3716 -22.9234 -36.5783 -45.3304 -12.8328 25.3680 -14.0697 -32.7687 -42.8899 -40.9209 15.1213 27.0105 -19.7754 27.0105 15.1213 -40.9209 -42.8899 -32.7687 -14.0697 25.3680 -12.8328 -45.3304 -36.5783 -22.9234 33.3716 7.3968 -46.1352 -40.2141 -29.2175 9.2622 17.5004 -37.6901 -43.4517 -33.5705 -16.6132 27.6456 -5.1344 -45.7735 -37.6490 -24.9533 32.0120 11.2052 -44.8227 -41.6386 -31.3284 -8.6011 22.6274 -21.5509 -44.9535 -36.0471 -22.2994 33.2738 7.5192 -46.0300 -40.6021 -30.1468 -0.3991 20.0898 -30.2527 -44.3798 -35.1098 -20.5316 31.6707
-20.3092 -35.3231 -44.5131 -28.5681 20.6040 -2.4106 -30.3699 -40.7901 -45.9091 8.1206 33.3930 -22.6542 -36.2328 -45.0508 -19.9443 23.0139 -9.3678 -31.4552 -41.7253 -44.6964 11.3669 31.8793 -24.9877 -37.6490 -45.7653 -5.4239 27.4893 -16.3958 -33.4752 -43.3718 -38.2883 17.1467 11.2177 -28.9666 -40.0635 -46.1926 6.8546 33.2486 -22.5806 -36.3844 -45.2308 -14.7565 24.8377 -13.3286 -32.5575 -42.7306 -41.4865 15.0603 22.6062 -26.5068 -34.6246 -26.5068 22.6062 15.0603 -41.4865 -42.7306 -32.5575 -13.3286 24.8377 -14.7565 -45.2308 -36.3844 -22.5806 33.2486 6.8546 -46.1926 -40.0635 -28.9666 11.2177 17.1467 -38.2883 -43.3718 -33.4752 -16.3958 27.4893 -5.4239 -45.7653 -37.6490 -24.9877 31.8793 11.3669 -44.6964 -41.7253 -31.4552 -9.3678 23.0139 -19.9443 -45.0508 -36.2328 -22.6542 33.3930 8.1206 -45.9091 -40.7901 -30.3699 -2.4106 20.6040 -28.5681 -44.5131 -35.3231 -20.3092
-34.0785 -44.6435 -26.7677 21.1228 -4.2019 -30.5917 -40.9761 -45.7590 8.7185 33.4341 -23.0205 -36.4307 -45.1535 -18.1432 23.4557 -10.2088 -31.6122 -41.8407 -44.5047 11.6250 31.6060 -25.0908 -37.6894 -45.7735 -5.4239 27.4370 -16.2822 -33.4148 -43.3146 -38.7187 16.8682 12.8268 -28.7516 -39.9306 -46.2308 6.3457 33.0847 -22.2582 -36.2018 -45.1327 -16.6470 24.3277 -12.5506 -32.3462 -42.5684 -42.1028 14.6548 23.0314 -27.2116 -38.5759 -44.9164 -38.5759 -27.2116 23.0314 14.6548 -42.1028 -42.5684 -32.3462 -12.5506 24.3277 -16.6470 -45.1327 -36.2018 -22.2582 33.0847 6.3457 -46.2308 -39.9306 -28.7516 12.8268 16.8682 -38.7187 -43.3146 -33.4148 -16.2822 27.4370 -5.4239 -45.7735 -37.6894 -25.0908 31.6060 11.6250 -44.5047 -41.8407 -31.6122 -10.2088 23.4557 -18.1432 -45.1535 -36.4307 -23.0205 33.4341 8.7185 -45.7590 -40.9761 -30.5917 -4.2019 21.1228 -26.7677 -44.6435 -34.0785
-43.5452 -24.8799 21.6491 -5.8044 -30.8140 -41.1605 -45.5781 9.3013 33.3789 -23.3895 -36.6362 -45.2572 -16.2132 23.9392 -11.0750 -31.7912 -41.9769 -44.2457 11.9639 31.1734 -25.2542 -37.7679 -45.7975 -5.1344 27.4893 -16.2822 -33.3938 -43.2856 -38.9750 16.6758 14.0145 -28.5831 -39.8204 -46.2542 5.8851 32.9013 -21.9614 -36.0328 -45.0383 -18.4425 23.8440 -11.7498 -32.1419 -42.4072 -42.6744 14.1706 24.5792 -27.1224 -38.8983 -46.4698 -33.6522 -46.4698 -38.8983 -27.1224 24.5792 14.1706 -42.6744 -42.4072 -32.1419 -11.7498 23.8440 -18.4425 -45.0383 -36.0328 -21.9614 32.9013 5.8851 -46.2542 -39.8204 -28.5831 14.0145 16.6758 -38.9750 -43.2856 -33.3938 -16.2822 27.4893 -5.1344 -45.7975 -37.7679 -25.2542 31.1734 11.9639 -44.2457 -41.9769 -31.7912 -11.0750 23.9392 -16.2132 -45.2572 -36.6362 -23.3895 33.3789 9.3013 -45.5781 -41.1605 -30.8140 -5.8044 21.6491 -24.8799 -43.5452
-24.0057 22.1878 -7.2458 -31.0367 -41.3453 -45.3633 9.8704 33.2141 -23.7556 -36.8434 -45.3604 -14.2203 24.4561 -11.9358 -31.9863 -42.1269 -43.9196 12.3688 30.5484 -25.4671 -37.8787 -45.8352 -4.5914 27.6456 -16.3958 -33.4148 -43.2856 -39.0590 16.5789 14.7460 -28.4663 -39.7381 -46.2669 5.4978 32.7194 -21.6949 -35.8835 -44.9495 -20.0872 23.3978 -10.9367 -31.9483 -42.2504 -43.1762 13.6754 26.2100 -26.8587 -38.8278 -46.1634 -1.8164 18.2062 -1.8164 -46.1634 -38.8278 -26.8587 26.2100 13.6754 -43.1762 -42.2504 -31.9483 -10.9367 23.3978 -20.0872 -44.9495 -35.8835 -21.6949 32.7194 5.4978 -46.2669 -39.7381 -28.4663 14.7460 16.5789 -39.0590 -43.2856 -33.4148 -16.3958 27.6456 -4.5914 -45.8352 -37.8787 -25.4671 30.5484 12.3688 -43.9196 -42.1269 -31.9863 -11.9358 24.4561 -14.2203 -45.3604 -36.8434 -23.7556 33.2141 9.8704 -45.3633 -41.3453 -31.0367 -7.2458 22.1878 -24.0057
22.3985 -8.5346 -31.2595 -41.5293 -45.1110 10.4309 32.9269 -24.1158 -37.0496 -45.4601 -12.2548 24.9932 -12.7724 -32.1945 -42.2863 -43.5223 12.8203 29.7124 -25.7248 -38.0168 -45.8823 -3.8546 27.8932 -16.6132 -33.4752 -43.3146 -38.9750 16.5789 14.9919 -28.4081 -39.6873 -46.2729 5.2074 32.5628 -21.4732 -35.7563 -44.8701 -21.5313 22.9963 -10.1345 -31.7681 -42.1023 -43.6059 13.1940 27.6557 -26.5549 -38.6692 -46.1362 0.5718 28.4693 6.5329 28.4693 0.5718 -46.1362 -38.6692 -26.5549 27.6557 13.1940 -43.6059 -42.1023 -31.7681 -10.1345 22.9963 -21.5313 -44.8701 -35.7563 -21.4732 32.5628 5.2074 -46.2729 -39.6873 -28.4081 14.9919 16.5789 -38.9750 -43.3146 -33.4752 -16.6132 27.8932 -3.8546 -45.8823 -38.0168 -25.7248 29.7124 12.8203 -43.5223 -42.2863 -32.1945 -12.7724 24.9932 -12.2548 -45.4601 -37.0496 -24.1158 32.9269 10.4309 -45.1110 -41.5293 -31.2595 -8.5346 22.3985
-9.4587 -31.4812 -41.7107 -44.8177 10.9858 32.5005 -24.4712 -37.2566 -45.5549 -10.3789 25.5359 -13.5653 -32.4098 -42.4529 -43.0513 13.3042 28.6426 -26.0124 -38.1762 -45.9361 -2.9796 28.2139 -16.9108 -33.5705 -43.3718 -38.7187 16.6758 14.7460 -28.4081 -39.6699 -46.2752 5.0251 32.4493 -21.3102 -35.6558 -44.8048 -22.7372 22.6480 -9.3724 -31.6048 -41.9648 -43.9654 12.7441 28.8618 -26.2507 -38.4928 -46.0927 0.4051 29.8006 -17.1987 -29.3691 -17.1987 29.8006 0.4051 -46.0927 -38.4928 -26.2507 28.8618 12.7441 -43.9654 -41.9648 -31.6048 -9.3724 22.6480 -22.7372 -44.8048 -35.6558 -21.3102 32.4493 5.0251 -46.2752 -39.6699 -28.4081 14.7460 16.6758 -38.7187 -43.3718 -33.5705 -16.9108 28.2139 -2.9796 -45.9361 -38.1762 -26.0124 28.6426 13.3042 -43.0513 -42.4529 -32.4098 -13.5653 25.5359 -10.3789 -45.5549 -37.2566 -24.4712 32.5005 10.9858 -44.8177 -41.7107 -31.4812 -9.4587
-30.1781 -41.8901 -44.4810 11.5356 31.9171 -24.8246 -37.4621 -45.6467 -8.6022 26.0787 -14.3022 -32.6260 -42.6210 -42.5076 13.8153 27.3088 -26.3204 -38.3517 -45.9939 -2.0203 28.5998 -17.2725 -33.6974 -43.4517 -38.2883 16.8682 14.0145 -28.4663 -39.6873 -46.2752 4.9601 32.3899 -21.2071 -35.5871 -44.7556 -23.6664 22.3652 -8.6829 -31.4626 -41.8416 -44.2616 12.3303 29.8309 -25.9635 -38.3188 -46.0394 -0.3381 29.7210 -18.4121 -33.6645 -40.5421 -33.6645 -18.4121 29.7210 -0.3381 -46.0394 -38.3188 -25.9635 29.8309 12.3303 -44.2616 -41.8416 -31.4626 -8.6829 22.3652 -23.6664 -44.7556 -35.5871 -21.2071 32.3899 4.9601 -46.2752 -39.6873 -28.4663 14.0145 16.8682 -38.2883 -43.4517 -33.6974 -17.2725 28.5998 -2.0203 -45.9939 -38.3517 -26.3204 27.3088 13.8153 -42.5076 -42.6210 -32.6260 -14.3022 26.0787 -8.6022 -45.6467 -37.4621 -24.8246 31.9171 11.5356 -44.4810 -41.8901 -30.1781
-40.7183 -44.1014 12.0802 31.1592 -25.1766 -37.6661 -45.7333 -6.9448 26.6244 -14.9904 -32.8430 -42.7861 -41.8929 14.3413 25.6932 -26.6467 -38.5399 -46.0524 -1.0210 29.0334 -17.6850 -33.8499 -43.5509 -37.6901 17.1467 12.8268 -28.5831 -39.7381 -46.2729 5.0251 32.3899 -21.1703 -35.5510 -44.7252 -24.2997 22.1596 -8.1165 -31.3475 -41.7379 -44.4969 11.9628 30.5853 -25.6987 -38.1545 -45.9841 -1.2307 29.3606 -18.3390 -34.1433 -43.8272 -47.1461 -43.8272 -34.1433 -18.3390 29.3606 -1.2307 -45.9841 -38.1545 -25.6987 30.5853 11.9628 -44.4969 -41.7379 -31.3475 -8.1165 22.1596 -24.2997 -44.7252 -35.5510 -21.1703 32.3899 5.0251 -46.2729 -39.7381 -28.5831 12.8268 17.1467 -37.6901 -43.5509 -33.8499 -17.6850 29.0334 -1.0210 -46.0524 -38.5399 -26.6467 25.6932 14.3413 -41.8929 -42.7861 -32.8430 -14.9904 26.6244 -6.9448 -45.7333 -37.6661 -25.1766 31.1592 12.0802 -44.1014 -40.7183
-43.2190 12.6230 30.2118 -25.5271 -37.8712 -45.8143 -5.4107 27.1685 -15.6401 -33.0589 -42.9509 -41.2088 14.8702 23.8155 -26.9828 -38.7359 -46.1109 -0.0238 29.4993 -18.1259 -34.0218 -43.6662 -36.9277 17.5004 11.2177 -28.7516 -39.8204 -46.2669 5.2074 32.4493 -21.2071 -35.5510 -44.7148 -24.6283 22.0314 -7.7105 -31.2617 -41.6562 -44.6733 11.6529 31.1540 -25.4632 -38.0070 -45.9308 -2.1546 28.9490 -18.0027 -34.1132 -43.8290 -38.7501 6.1579 -38.7501 -43.8290 -34.1132 -18.0027 28.9490 -2.1546 -45.9308 -38.0070 -25.4632 31.1540 11.6529 -44.6733 -41.6562 -31.2617 -7.7105 22.0314 -24.6283 -44.7148 -35.5510 -21.2071 32.4493 5.2074 -46.2669 -39.8204 -28.7516 11.2177 17.5004 -36.9277 -43.6662 -34.0218 -18.1259 29.4993 -0.0238 -46.1109 -38.7359 -26.9828 23.8155 14.8702 -41.2088 -42.9509 -33.0589 -15.6401 27.1685 -5.4107 -45.8143 -37.8712 -25.5271 30.2118 12.6230 -43.2190
12.7503 29.0614 -25.8751 -38.0768 -45.8916 -3.9858 27.7095 -16.2523 -33.2738 -43.1124 -40.4497 15.4032 21.7047 -27.3199 -38.9347 -46.1666 0.9492 29.9873 -18.5808 -34.2102 -43.7922 -36.0053 17.9188 9.2622 -28.9666 -39.9306 -46.2542 5.4978 32.5628 -21.3102 -35.5871 -44.7252 -24.6283 21.9849 -7.4922 -31.2080 -41.5988 -44.7971 11.4088 31.5614 -25.2665 -37.8807 -45.8810 -3.0468 28.5540 -17.6173 -33.9774 -43.7497 -36.4286 16.1196 32.3171 16.1196 -36.4286 -43.7497 -33.9774 -17.6173 28.5540 -3.0468 -45.8810 -37.8807 -25.2665 31.5614 11.4088 -44.7971 -41.5988 -31.2080 -7.4922 21.9849 -24.6283 -44.7252 -35.5871 -21.3102 32.5628 5.4978 -46.2542 -39.9306 -28.9666 9.2622 17.9188 -36.0053 -43.7922 -34.2102 -18.5808 29.9873 0.9492 -46.1666 -38.9347 -27.3199 21.7047 15.4032 -40.4497 -43.1124 -33.2738 -16.2523 27.7095 -3.9858 -45.8916 -38.0768 -25.8751 29.0614 12.7503
27.2601 -26.2204 -38.2815 -45.9646 -2.6660 28.2510 -16.8317 -33.4893 -43.2698 -39.6154 15.9392 19.3603 -27.6559 -39.1340 -46.2155 1.8812 30.4817 -19.0452 -34.4105 -43.9247 -34.9263 18.3895 7.0848 -29.2175 -40.0635 -46.2308 5.8851 32.7194 -21.4732 -35.6558 -44.7556 -24.2997 22.0314 -7.4922 -31.1899 -41.5696 -44.8718 11.2392 31.8328 -25.1125 -37.7777 -45.8372 -3.8590 28.2000 -17.2423 -33.8275 -43.6445 -36.4925 17.6045 17.3408 -21.9062 17.3408 17.6045 -36.4925 -43.6445 -33.8275 -17.2423 28.2000 -3.8590 -45.8372 -37.7777 -25.1125 31.8328 11.2392 -44.8718 -41.5696 -31.1899 -7.4922 22.0314 -24.2997 -44.7556 -35.6558 -21.4732 32.7194 5.8851 -46.2308 -40.0635 -29.2175 7.0848 18.3895 -34.9263 -43.9247 -34.4105 -19.0452 30.4817 1.8812 -46.2155 -39.1340 -27.6559 19.3603 15.9392 -39.6154 -43.2698 -33.4893 -16.8317 28.2510 -2.6660 -45.9646 -38.2815 -26.2204 27.2601
-25.4302 -38.4850 -46.0326 -1.4496 28.7910 -17.3868 -33.7039 -43.4266 -38.7008 16.4775 16.8195 -27.9931 -39.3316 -46.2527 2.7595 30.9677 -19.5066 -34.6188 -44.0624 -33.6822 18.9017 4.7854 -29.4956 -40.2141 -46.1926 6.3457 32.9013 -21.6949 -35.7563 -44.8048 -23.6664 22.1596 -7.7105 -31.2080 -41.5696 -44.8974 11.1511 31.9914 -25.0052 -37.7016 -45.8021 -4.5543 27.8970 -16.9031 -33.6884 -43.5409 -37.1060 17.6726 10.4175 -28.1022 -35.6520 -28.1022 10.4175 17.6726 -37.1060 -43.5409 -33.6884 -16.9031 27.8970 -4.5543 -45.8021 -37.7016 -25.0052 31.9914 11.1511 -44.8974 -41.5696 -31.2080 -7.7105 22.1596 -23.6664 -44.8048 -35.7563 -21.6949 32.9013 6.3457 -46.1926 -40.2141 -29.4956 4.7854 18.9017 -33.6822 -44.0624 -34.6188 -19.5066 30.9677 2.7595 -46.2527 -39.3316 -27.9931 16.8195 16.4775 -38.7008 -43.4266 -33.7039 -17.3868 28.7910 -1.4496 -46.0326 -38.4850 -25.4302
-37.2718 -46.0968 -0.3276 29.3249 -17.9200 -33.9186 -43.5801 -37.6945 17.0229 14.1296 -28.3292 -39.5270 -46.2735 3.5876 31.4316 -19.9552 -34.8313 -44.2012 -32.2806 19.4237 2.4768 -29.7997 -40.3788 -46.1352 6.8546 33.0847 -21.9614 -35.8835 -44.8701 -22.7372 22.3652 -8.1165 -31.2617 -41.5988 -44.8718 11.1511 32.0452 -24.9485 -37.6534 -45.7765 -5.0876 27.6593 -16.6190 -33.5690 -43.4486 -37.7543 17.4139 10.3103 -28.8541 -39.5689 -45.6514 -39.5689 -28.8541 10.3103 17.4139 -37.7543 -43.4486 -33.5690 -16.6190 27.6593 -5.0876 -45.7765 -37.6534 -24.9485 32.0452 11.1511 -44.8718 -41.5988 -31.2617 -8.1165 22.3652 -22.7372 -44.8701 -35.8835 -21.9614 33.0847 6.8546 -46.1352 -40.3788 -29.7997 2.4768 19.4237 -32.2806 -44.2012 -34.8313 -19.9552 31.4316 3.5876 -46.2735 -39.5270 -28.3292 14.1296 17.0229 -37.6945 -43.5801 -33.9186 -17.9200 29.3249 -0.3276 -46.0968 -37.2718
-45.1118 0.7079 29.8496 -18.4315 -34.1347 -43.7302 -36.5974 17.5773 11.3418 -28.6649 -39.7229 -46.2771 4.3665 31.8637 -20.3922 -35.0431 -44.3387 -30.7468 19.9320 0.2552 -30.0735 -40.5532 -46.0543 7.3968 33.2486 -22.2582 -36.0328 -44.9495 -21.5313 22.6480 -8.6829 -31.3475 -41.6562 -44.7971 11.2392 31.9914 -24.9485 -37.6359 -45.7635 -5.4299 27.4963 -16.4038 -33.4760 -43.3720 -38.3047 17.1163 11.5683 -28.8573 -39.8939 -46.5796 -25.3735 -46.5796 -39.8939 -28.8573 11.5683 17.1163 -38.3047 -43.3720 -33.4760 -16.4038 27.4963 -5.4299 -45.7635 -37.6359 -24.9485 31.9914 11.2392 -44.7971 -41.6562 -31.3475 -8.6829 22.6480 -21.5313 -44.9495 -36.0328 -22.2582 33.2486 7.3968 -46.0543 -40.5532 -30.0735 0.2552 19.9320 -30.7468 -44.3387 -35.0431 -20.3922 31.8637 4.3665 -46.2771 -39.7229 -28.6649 11.3418 17.5773 -36.5974 -43.7302 -34.1347 -18.4315 29.8496 0.7079 -45.1118
0.9409 30.3632 -18.9231 -34.3504 -43.8790 -35.3980 18.1367 8.5496 -29.0026 -39.9171 -46.2622 5.1040 32.2584 -20.8163 -35.2537 -44.4723 -29.0953 20.4432 -1.8077 -30.3013 -40.7344 -45.9464 7.9627 33.3716 -22.5806 -36.2018 -45.0383 -20.0872 22.9963 -9.3724 -31.4626 -41.7379 -44.6733 11.4088 31.8328 -25.0052 -37.6534 -45.7635 -5.5530 27.4134 -16.2696 -33.4129 -43.3151 -38.7203 16.8604 12.9289 -28.7173 -39.8805 -46.2567 3.1436 20.8238 3.1436 -46.2567 -39.8805 -28.7173 12.9289 16.8606 -38.7203 -43.3151 -33.4129 -16.2696 27.4134 -5.5530 -45.7635 -37.6534 -25.0052 31.8328 11.4088 -44.6733 -41.7379 -31.4626 -9.3724 22.9963 -20.0872 -45.0383 -36.2018 -22.5806 33.3716 7.9627 -45.9464 -40.7344 -30.3013 -1.8077 20.4432 -29.0953 -44.4723 -35.2537 -20.8163 32.2584 5.1040 -46.2622 -39.9171 -29.0026 8.5496 18.1367 -35.3980 -43.8790 -34.3504 -18.9231 30.3632 0.9409
30.5557 -19.3963 -34.5658 -44.0247 -34.0854 18.7062 5.8272 -29.3397 -40.1088 -46.2272 5.8102 32.6110 -21.2288 -35.4649 -44.6008 -27.3448 20.9620 -3.6669 -30.5236 -40.9206 -45.8078 8.5413 33.4318 -22.9234 -36.3844 -45.1327 -18.4425 23.3978 -10.1345 -31.6048 -41.8416 -44.4969 11.6529 31.5614 -25.1125 -37.7016 -45.7765 -5.4299 27.4134 -16.2240 -33.3812 -43.2799 -38.9947 16.6685 14.0642 -28.5702 -39.8045 -46.2604 5.0938 31.2572 -4.8497 31.2573 5.0939 -46.2604 -39.8045 -28.5703 14.0635 16.6687 -38.9947 -43.2799 -33.3812 -16.2240 27.4134 -5.4299 -45.7765 -37.7016 -25.1125 31.5614 11.6529 -44.4969 -41.8416 -31.6048 -10.1345 23.3978 -18.4425 -45.1327 -36.3844 -22.9234 33.4318 8.5413 -45.8078 -40.9206 -30.5236 -3.6669 20.9620 -27.3448 -44.6008 -35.4649 -21.2288 32.6110 5.8102 -46.2272 -40.1088 -29.3397 5.8272 18.7062 -34.0854 -44.0247 -34.5658 -19.3963 30.5557
-19.2713 -34.7802 -44.1672 -32.6648 19.2695 3.2380 -29.6787 -40.3002 -46.1704 6.4843 32.9131 -21.6333 -35.6755 -44.7277 -25.5018 21.4821 -5.3219 -30.7448 -41.1057 -45.6362 9.1236 33.4068 -23.2795 -36.5783 -45.2308 -16.6470 23.8440 -10.9367 -31.7681 -41.9648 -44.2616 11.9628 31.1540 -25.2665 -37.7777 -45.8021 -5.0876 27.4963 -16.2696 -33.3812 -43.2682 -39.1298 16.5475 14.8481 -28.4555 -39.7299 -46.2684 5.2716 32.3599 -19.9005 -30.7026 -19.9009 32.3600 5.2717 -46.2684 -39.7306 -28.4563 14.8467 16.5475 -39.1298 -43.2682 -33.3812 -16.2696 27.4963 -5.0876 -45.8021 -37.7777 -25.2665 31.1540 11.9628 -44.2616 -41.9648 -31.7681 -10.9367 23.8440 -16.6470 -45.2308 -36.5783 -23.2795 33.4068 9.1236 -45.6362 -41.1057 -30.7448 -5.3219 21.4821 -25.5018 -44.7277 -35.6755 -21.6333 32.9131 6.4843 -46.1704 -40.3002 -29.6787 3.2380 19.2695 -32.6648 -44.1672 -34.7802 -19.2713
-33.5293 -44.3065 -31.1343 19.8017 0.8501 -29.9904 -40.4923 -46.0899 7.1315 33.1545 -22.0281 -35.8851 -44.8504 -23.5662 22.0048 -6.7958 -30.9662 -41.2881 -45.4322 9.6993 33.2779 -23.6418 -36.7805 -45.3304 -14.7565 24.3277 -11.7498 -31.9483 -42.1023 -43.9654 12.3303 30.5853 -25.4632 -37.8807 -45.8372 -4.5543 27.6593 -16.4038 -33.4129 -43.2799 -39.1298 16.5058 15.2384 -28.3845 -39.6758 -46.2738 5.1158 32.4574 -21.0423 -34.9032 -41.6896 -34.9036 -21.0436 32.4582 5.1207 -46.2735 -39.6779 -28.3854 15.2383 16.5056 -39.1298 -43.2799 -33.4129 -16.4038 27.6593 -4.5543 -45.8372 -37.8807 -25.4632 30.5853 12.3303 -43.9654 -42.1023 -31.9483 -11.7498 24.3277 -14.7565 -45.3304 -36.7805 -23.6418 33.2779 9.6993 -45.4322 -41.2881 -30.9662 -6.7958 22.0048 -23.5662 -44.8504 -35.8851 -22.0281 33.1545 7.1315 -46.0899 -40.4923 -29.9904 0.8501 19.8017 -31.1343 -44.3065 -33.5293
-43.1948 -29.5031 20.3198 -1.3093 -30.2436 -40.6838 -45.9835 7.7596 33.3267 -22.4144 -36.0949 -44.9677 -21.5687 22.5333 -8.1198 -31.1863 -41.4706 -45.1933 10.2616 33.0284 -24.0041 -36.9860 -45.4309 -12.8328 24.8377 -12.5506 -32.1419 -42.2504 -43.6059 12.7441 29.8309 -25.6987 -38.0070 -45.8810 -3.8590 27.8970 -16.6190 -33.4760 -43.3151 -38.9947 16.5475 15.2384 -28.3610 -39.6532 -46.2761 4.9609 32.4037 -21.1804 -35.4473 -44.7369 -46.2051 -44.7413 -35.4471 -21.1854 32.4044 4.9515 -46.2753 -39.6480 -28.3646 15.2416 16.5473 -38.9947 -43.3151 -33.4760 -16.6190 27.8970 -3.8590 -45.8810 -38.0070 -25.6987 29.8309 12.7441 -43.6059 -42.2504 -32.1419 -12.5506 24.8377 -12.8328 -45.4309 -36.9860 -24.0041 33.0284 10.2616 -45.1933 -41.4706 -31.1863 -8.1198 22.5333 -21.5687 -44.9677 -36.0949 -22.4144 33.3267 7.7596 -45.9835 -40.6838 -30.2436 -1.3093 20.3198 -29.5031 -43.1948
-28.6172 20.8481 -3.2395 -30.4685 -40.8728 -45.8488 8.3712 33.4205 -22.7949 -36.3035 -45.0827 -19.5333 23.0602 -9.3079 -31.4053 -41.6504 -44.9158 10.8119 32.6480 -24.3609 -37.1916 -45.5273 -10.9424 25.3680 -13.3286 -32.3462 -42.4072 -43.1762 13.1940 28.8618 -25.9635 -38.1545 -45.9308 -3.0468 28.2000 -16.9031 -33.5690 -43.3720 -38.7203 16.6685 14.8477 -28.3847 -39.6530 -46.3296 4.9662 32.3741 -21.1627 -35.4524 -44.6031 -30.2433 10.0130 -30.5731 -44.7818 -35.4876 -21.2632 32.3501 4.8245 -46.3306 -39.7524 -28.3867 14.8522 16.6684 -38.7203 -43.3720 -33.5690 -16.9031 28.2000 -3.0468 -45.9308 -38.1545 -25.9635 28.8618 13.1940 -43.1762 -42.4072 -32.3462 -13.3286 25.3680 -10.9424 -45.5273 -37.1916 -24.3609 32.6480 10.8119 -44.9158 -41.6504 -31.4053 -9.3079 23.0602 -19.5333 -45.0827 -36.3035 -22.7949 33.4205 8.3712 -45.8488 -40.8728 -30.4685 -3.2395 20.8481 -28.6172
21.0330 -4.9532 -30.6922 -41.0597 -45.6841 8.9670 33.4239 -23.1703 -36.5107 -45.1935 -17.4897 23.5881 -10.3767 -31.6228 -41.8269 -44.6000 11.3528 32.1270 -24.7119 -37.3955 -45.6185 -9.1509 25.9048 -14.0697 -32.5575 -42.5684 -42.6744 13.6754 27.6557 -26.2507 -38.3188 -45.9841 -2.1546 28.5540 -17.2423 -33.6884 -43.4486 -38.3047 16.8604 14.0637 -28.4558 -39.6759 -46.2754 4.6888 32.7971 -21.1689 -35.5262 -44.6257 -26.9548 19.2896 33.0641 19.4799 -27.2511 -44.7441 -35.3736 -20.8691 32.3387 5.6827 -46.3393 -39.6719 -28.4542 14.0658 16.8604 -38.3047 -43.4486 -33.6884 -17.2423 28.5540 -2.1546 -45.9841 -38.3188 -26.2507 27.6557 13.6754 -42.6744 -42.5684 -32.5575 -14.0697 25.9048 -9.1509 -45.6185 -37.3955 -24.7119 32.1270 11.3528 -44.6000 -41.8269 -31.6228 -10.3767 23.5881 -17.4897 -45.1935 -36.5107 -23.1703 33.4239 8.9670 -45.6841 -41.0597 -30.6922 -4.9532 21.0330
-6.2931 -30.9120 -41.2430 -45.4899 9.5392 33.3263 -23.5357 -36.7165 -45.2991 -15.4852 24.1157 -11.3391 -31.8363 -42.0006 -44.2464 11.8808 31.4511 -25.0553 -37.5962 -45.7053 -7.4939 26.4371 -14.7581 -32.7687 -42.7306 -42.1028 14.1706 26.2100 -26.5549 -38.4928 -46.0394 -1.2307 28.9490 -17.6173 -33.8275 -43.5409 -37.7543 17.1163 12.9289 -28.5703 -39.7302 -46.2736 4.9285 32.1580 -21.0742 -35.3661 -44.6657 -25.4005 21.3429 0.4362 -24.5095 1.2949 21.3629 -26.5834 -44.6608 -35.5161 -21.1955 32.5596 5.0650 -46.2745 -39.7288 -28.5701 12.9288 17.1163 -37.7543 -43.5409 -33.8275 -17.6173 28.9490 -1.2307 -46.0394 -38.4928 -26.5549 26.2100 14.1706 -42.1028 -42.7306 -32.7687 -14.7581 26.4371 -7.4939 -45.7053 -37.5962 -25.0553 31.4511 11.8808 -44.2464 -42.0006 -31.8363 -11.3391 24.1157 -15.4852 -45.2991 -36.7165 -23.5357 33.3263 9.5392 -45.4899 -41.2430 -30.9120 -6.2931
