-35.2747 -44.8881 -1.9985 29.2210 -18.0899 -32.9587 -42.8116 -32.6516 19.6702 -2.0558 -29.0065 -39.7653 -44.7017 9.9100 32.1361 -23.8325 -36.2100 -44.6908 -5.1774 27.9136 -16.8594 -32.4107 -42.4245 -35.8709 18.2820 3.4918 -28.3845 -39.2774 -45.0800 8.4186 32.9325 -23.0021 -35.6761 -44.4392 -9.2607 26.5188 -15.4317 -31.8509 -42.0149 -38.4753 16.8348 10.2326 -27.6476 -38.7799 -45.2791 6.8114 32.9763 -22.0378 -34.9227 -44.1149 -43.9845 -44.1149 -34.9227 -22.0378 32.9763 6.8114 -45.2791 -38.7799 -27.6476 10.2326 16.8348 -38.4753 -42.0149 -31.8509 -15.4317 26.5188 -9.2607 -44.4392 -35.6761 -23.0021 32.9325 8.4186 -45.0800 -39.2774 -28.3845 3.4918 18.2820 -35.8709 -42.4245 -32.4107 -16.8594 27.9136 -5.1774 -44.6908 -36.2100 -23.8325 32.1361 9.9100 -44.7017 -39.7653 -29.0065 -2.0558 19.6702 -32.6516 -42.8116 -32.9587 -18.0899 29.2210 -1.9985 -44.8881 -35.2747
-44.8881 -1.7322 29.1061 -18.1736 -34.2318 -43.9390 -33.5064 19.5125 -0.0908 -30.3378 -40.9495 -45.6082 9.7929 32.9748 -24.4217 -37.4343 -45.7235 -5.6013 27.6497 -16.7604 -33.6756 -43.5594 -36.7496 18.0711 6.1555 -29.6376 -40.4683 -46.0004 8.2973 33.4286 -23.4973 -36.9056 -45.4917 -9.8262 26.2559 -15.1951 -33.1240 -43.1600 -39.3480 16.6535 13.2599 -28.7715 -39.9774 -46.2135 6.6906 33.2144 -22.5115 -36.3172 -45.2005 -23.4232 12.0852 -23.4232 -45.2005 -36.3172 -22.5115 33.2144 6.6906 -46.2135 -39.9774 -28.7715 13.2599 16.6535 -39.3480 -43.1600 -33.1240 -15.1951 26.2559 -9.8262 -45.4917 -36.9056 -23.4973 33.4286 8.2973 -46.0004 -40.4683 -29.6376 6.1555 18.0711 -36.7496 -43.5594 -33.6756 -16.7604 27.6497 -5.6013 -45.7235 -37.4343 -24.4217 32.9748 9.7929 -45.6082 -40.9495 -30.3378 -0.0908 19.5125 -33.5064 -43.9390 -34.2318 -18.1736 29.1061 -1.7322 -44.8881
-1.9985 29.1061 -17.9878 -34.1026 -43.8257 -34.6401 19.0182 2.0435 -30.1224 -40.7659 -45.7806 9.2218 33.2445 -24.0645 -37.2271 -45.6344 -7.1658 27.0940 -16.1706 -33.4591 -43.4041 -37.8392 17.5012 8.9122 -29.2959 -40.2760 -46.1016 7.6798 33.4133 -23.1248 -36.6963 -45.3916 -11.6901 25.6971 -14.5119 -32.9062 -42.9978 -40.2096 16.1012 16.0170 -28.4316 -39.7818 -46.2536 6.0184 32.9936 -22.1439 -36.1452 -45.1073 -19.0605 21.5835 31.2117 21.5835 -19.0605 -45.1073 -36.1452 -22.1439 32.9936 6.0184 -46.2536 -39.7818 -28.4316 16.0170 16.1012 -40.2096 -42.9978 -32.9062 -14.5119 25.6971 -11.6901 -45.3916 -36.6963 -23.1248 33.4133 7.6798 -46.1016 -40.2760 -29.2959 8.9122 17.5012 -37.8392 -43.4041 -33.4591 -16.1706 27.0940 -7.1658 -45.6344 -37.2271 -24.0645 33.2445 9.2218 -45.7806 -40.7659 -30.1224 2.0435 19.0182 -34.6401 -43.8257 -34.1026 -17.9878 29.1061 -1.9985
29.2210 -18.1736 -34.1026 -43.7805 -35.2868 18.6404 3.9375 -29.8901 -40.5967 -45.9183 8.6634 33.3907 -23.7095 -37.0219 -45.5426 -8.8459 26.5459 -15.5496 -33.2429 -43.2473 -38.8366 16.9467 11.7379 -28.9550 -40.0825 -46.1796 7.0435 33.3075 -22.7458 -36.4861 -45.2878 -13.6564 25.1474 -13.7806 -32.6874 -42.8329 -40.9966 15.5583 18.6396 -28.0913 -39.5847 -46.2747 5.3162 32.7073 -21.7523 -35.9454 -45.0002 -19.5071 23.1734 -6.6336 -25.7779 -6.6336 23.1734 -19.5071 -45.0002 -35.9454 -21.7523 32.7073 5.3162 -46.2747 -39.5847 -28.0913 18.6396 15.5583 -40.9966 -42.8329 -32.6874 -13.7806 25.1474 -13.6564 -45.2878 -36.4861 -22.7458 33.3075 7.0435 -46.1796 -40.0825 -28.9550 11.7379 16.9467 -38.8366 -43.2473 -33.2429 -15.5496 26.5459 -8.8459 -45.5426 -37.0219 -23.7095 33.3907 8.6634 -45.9183 -40.5967 -29.8901 3.9375 18.6404 -35.2868 -43.7805 -34.1026 -18.1736 29.2210
-18.0899 -34.2318 -43.8257 -35.2868 18.4999 5.0866 -29.6860 -40.4591 -46.0171 8.1478 33.4339 -23.3665 -36.8236 -45.4492 -10.6125 26.0048 -14.8949 -33.0278 -43.0895 -39.7388 16.4032 14.5260 -28.6165 -39.8887 -46.2335 6.3894 33.1242 -22.3627 -36.2751 -45.1786 -15.6925 24.5997 -12.9953 -32.4682 -42.6655 -41.7082 15.0188 21.0693 -27.7510 -39.3864 -46.2763 4.5797 32.3660 -21.3474 -35.7370 -44.8842 -21.1407 23.0608 -9.5504 -30.9304 -37.9059 -30.9304 -9.5504 23.0608 -21.1407 -44.8842 -35.7370 -21.3474 32.3660 4.5797 -46.2763 -39.3864 -27.7510 21.0693 15.0188 -41.7082 -42.6655 -32.4682 -12.9953 24.5997 -15.6925 -45.1786 -36.2751 -22.3627 33.1242 6.3894 -46.2335 -39.8887 -28.6165 14.5260 16.4032 -39.7388 -43.0895 -33.0278 -14.8949 26.0048 -10.6125 -45.4492 -36.8236 -23.3665 33.4339 8.1478 -46.0171 -40.4591 -29.6860 5.0866 18.4999 -35.2868 -43.8257 -34.2318 -18.0899
-32.9587 -43.9390 -34.6401 18.6404 5.0866 -29.6091 -40.3800 -46.0750 7.7348 33.4087 -23.0607 -36.6411 -45.3570 -12.3875 25.4833 -14.2141 -32.8136 -42.9280 -40.5600 15.8641 17.1969 -28.2808 -39.6941 -46.2656 5.7111 32.8741 -21.9736 -36.0645 -45.0659 -17.7605 24.0562 -12.1504 -32.2495 -42.4960 -42.3487 14.4823 23.2729 -27.4105 -39.1869 -46.2598 3.8042 31.9777 -20.9324 -35.5250 -44.7629 -23.0487 22.6381 -9.3042 -31.4499 -41.5925 -46.8701 -41.5925 -31.4499 -9.3042 22.6381 -23.0487 -44.7629 -35.5250 -20.9324 31.9777 3.8042 -46.2598 -39.1869 -27.4105 23.2729 14.4823 -42.3487 -42.4960 -32.2495 -12.1504 24.0562 -17.7605 -45.0659 -36.0645 -21.9736 32.8741 5.7111 -46.2656 -39.6941 -28.2808 17.1969 15.8641 -40.5600 -42.9280 -32.8136 -14.2141 25.4833 -12.3875 -45.3570 -36.6411 -23.0607 33.4087 7.7348 -46.0750 -40.3800 -29.6091 5.0866 18.6404 -34.6401 -43.9390 -32.9587
-42.8116 -33.5064 19.0182 3.9375 -29.6860 -40.3800 -46.0937 7.5038 33.3622 -22.8237 -36.4900 -45.2732 -14.0496 25.0007 -13.5332 -32.6080 -42.7685 -41.2958 15.3335 19.6991 -27.9449 -39.4990 -46.2778 5.0006 32.5648 -21.5755 -35.8549 -44.9512 -19.8255 23.5185 -11.2381 -32.0320 -42.3256 -42.9209 13.9508 25.2256 -27.0711 -38.9883 -46.2269 2.9851 31.5505 -20.5068 -35.3121 -44.6371 -24.9841 22.1380 -8.3635 -31.4031 -41.7564 -45.4547 -6.0386 -45.4547 -41.7564 -31.4031 -8.3635 22.1380 -24.9841 -44.6371 -35.3121 -20.5068 31.5505 2.9851 -46.2269 -38.9883 -27.0711 25.2256 13.9508 -42.9209 -42.3256 -32.0320 -11.2381 23.5185 -19.8255 -44.9512 -35.8549 -21.5755 32.5648 5.0006 -46.2778 -39.4990 -27.9449 19.6991 15.3335 -41.2958 -42.7685 -32.6080 -13.5332 25.0007 -14.0496 -45.2732 -36.4900 -22.8237 33.3622 7.5038 -46.0937 -40.3800 -29.6860 3.9375 19.0182 -33.5064 -42.8116
-32.6516 19.5125 2.0435 -29.8901 -40.4591 -46.0750 7.5038 33.3399 -22.6919 -36.3892 -45.2078 -15.4472 24.5876 -12.8879 -32.4217 -42.6180 -41.9269 14.8259 21.9537 -27.6123 -39.3040 -46.2717 4.2585 32.2070 -21.1698 -35.6453 -44.8320 -21.8597 22.9868 -10.2465 -31.8135 -42.1535 -43.4301 13.4226 26.9250 -26.7337 -38.7889 -46.1804 2.1208 31.0939 -20.0726 -35.0991 -44.5066 -26.8648 21.6187 -7.1395 -31.2276 -41.6651 -44.8473 9.5844 26.1447 9.5844 -44.8473 -41.6651 -31.2276 -7.1395 21.6187 -26.8648 -44.5066 -35.0991 -20.0726 31.0939 2.1208 -46.1804 -38.7889 -26.7337 26.9250 13.4226 -43.4301 -42.1535 -31.8135 -10.2465 22.9868 -21.8597 -44.8320 -35.6453 -21.1698 32.2070 4.2585 -46.2717 -39.3040 -27.6123 21.9537 14.8259 -41.9269 -42.6180 -32.4217 -12.8879 24.5876 -15.4472 -45.2078 -36.3892 -22.6919 33.3399 7.5038 -46.0750 -40.4591 -29.8901 2.0435 19.5125 -32.6516
19.6702 -0.0908 -30.1224 -40.5967 -46.0171 7.7348 33.3622 -22.6919 -36.3536 -45.1709 -16.3858 24.2788 -12.3328 -32.2615 -42.4833 -42.4492 14.3550 23.8809 -27.2950 -39.1138 -46.2490 3.4816 31.8073 -20.7558 -35.4348 -44.7087 -23.8486 22.4571 -9.1549 -31.5937 -41.9787 -43.8849 12.8917 28.3951 -26.3944 -38.5878 -46.1252 1.1998 30.6125 -19.6267 -34.8868 -44.3733 -28.6466 21.0960 -5.7219 -31.0183 -41.5072 -44.9230 10.8731 33.3645 -15.1000 33.3645 10.8731 -44.9230 -41.5072 -31.0183 -5.7219 21.0960 -28.6466 -44.3733 -34.8868 -19.6267 30.6125 1.1998 -46.1252 -38.5878 -26.3944 28.3951 12.8917 -43.8849 -41.9787 -31.5937 -9.1549 22.4571 -23.8486 -44.7087 -35.4348 -20.7558 31.8073 3.4816 -46.2490 -39.1138 -27.2950 23.8809 14.3550 -42.4492 -42.4833 -32.2615 -12.3328 24.2788 -16.3858 -45.1709 -36.3536 -22.6919 33.3622 7.7348 -46.0171 -40.5967 -30.1224 -0.0908 19.6702
-2.0558 -30.3378 -40.7659 -45.9183 8.1478 33.4087 -22.8237 -36.3892 -45.1709 -16.7167 24.1120 -11.9496 -32.1421 -42.3733 -42.8565 13.9450 25.4467 -27.0018 -38.9338 -46.2133 2.6895 31.3832 -20.3378 -35.2252 -44.5827 -25.7707 21.9294 -7.9444 -31.3742 -41.8026 -44.2893 12.3582 29.6464 -26.0526 -38.3874 -46.0655 0.2101 30.1118 -19.1652 -34.6753 -44.2388 -30.3191 20.5785 -4.1170 -30.8016 -41.3312 -45.1471 10.7821 32.5837 -23.6677 -32.8395 -23.6677 32.5837 10.7821 -45.1471 -41.3312 -30.8016 -4.1170 20.5785 -30.3191 -44.2388 -34.6753 -19.1652 30.1118 0.2101 -46.0655 -38.3874 -26.0526 29.6464 12.3582 -44.2893 -41.8026 -31.3742 -7.9444 21.9294 -25.7707 -44.5827 -35.2252 -20.3378 31.3832 2.6895 -46.2133 -38.9338 -27.0018 25.4467 13.9450 -42.8565 -42.3733 -32.1421 -11.9496 24.1120 -16.7167 -45.1709 -36.3892 -22.8237 33.4087 8.1478 -45.9183 -40.7659 -30.3378 -2.0558
-29.0065 -40.9495 -45.7806 8.6634 33.4339 -23.0607 -36.4900 -45.2078 -16.3858 24.1120 -11.8133 -32.0788 -42.2999 -43.1355 13.6182 26.6311 -26.7458 -38.7717 -46.1711 1.9084 30.9555 -19.9271 -35.0220 -44.4552 -27.5884 21.4088 -6.6059 -31.1548 -41.6245 -44.6452 11.8238 30.6843 -25.7105 -38.1851 -46.0009 -0.8527 29.5999 -18.6896 -34.4626 -44.0993 -31.8894 20.0662 -2.3208 -30.5817 -41.1521 -45.3797 10.3511 32.6709 -24.4420 -36.8756 -43.5005 -36.8756 -24.4420 32.6709 10.3511 -45.3797 -41.1521 -30.5817 -2.3208 20.0662 -31.8894 -44.0993 -34.4626 -18.6896 29.5999 -0.8527 -46.0009 -38.1851 -25.7105 30.6843 11.8238 -44.6452 -41.6245 -31.1548 -6.6059 21.4088 -27.5884 -44.4552 -35.0220 -19.9271 30.9555 1.9084 -46.1711 -38.7717 -26.7458 26.6311 13.6182 -43.1355 -42.2999 -32.0788 -11.8133 24.1120 -16.3858 -45.2078 -36.4900 -23.0607 33.4339 8.6634 -45.7806 -40.9495 -29.0065
-39.7653 -45.6082 9.2218 33.3907 -23.3665 -36.6411 -45.2732 -15.4472 24.2788 -11.9496 -32.0788 -42.2751 -43.2779 13.4023 27.4324 -26.5413 -38.6363 -46.1301 1.1712 30.5455 -19.5319 -34.8294 -44.3305 -29.2519 20.9036 -5.1326 -30.9357 -41.4440 -44.9575 11.2830 31.5310 -25.3655 -37.9811 -45.9312 -2.0045 29.0765 -18.1949 -34.2490 -43.9559 -33.3564 19.5557 -0.3066 -30.3595 -40.9691 -45.5885 9.8260 32.9761 -24.3512 -37.2569 -45.8604 -42.1085 -45.8604 -37.2569 -24.3512 32.9761 9.8260 -45.5885 -40.9691 -30.3595 -0.3066 19.5557 -33.3564 -43.9559 -34.2490 -18.1949 29.0765 -2.0045 -45.9312 -37.9811 -25.3655 31.5310 11.2830 -44.9575 -41.4440 -30.9357 -5.1326 20.9036 -29.2519 -44.3305 -34.8294 -19.5319 30.5455 1.1712 -46.1301 -38.6363 -26.5413 27.4324 13.4023 -43.2779 -42.2751 -32.0788 -11.9496 24.2788 -15.4472 -45.2732 -36.6411 -23.3665 33.3907 9.2218 -45.6082 -39.7653
-44.7017 9.7929 33.2445 -23.7095 -36.8236 -45.3570 -14.0496 24.5876 -12.3328 -32.1421 -42.2999 -43.2779 13.3270 27.8428 -26.4070 -38.5359 -46.0955 0.5251 30.1839 -19.1683 -34.6533 -44.2113 -30.7257 20.4250 -3.5419 -30.7223 -41.2655 -45.2276 10.7359 32.2018 -25.0168 -37.7775 -45.8571 -3.2555 28.5442 -17.6783 -34.0361 -43.8114 -34.7116 19.0147 1.9390 -30.1372 -40.7834 -45.7663 9.2677 33.2317 -24.0660 -37.1916 -45.6212 -14.7917 14.1472 -14.7917 -45.6212 -37.1916 -24.0660 33.2317 9.2677 -45.7663 -40.7834 -30.1372 1.9390 19.0147 -34.7116 -43.8114 -34.0361 -17.6783 28.5442 -3.2555 -45.8571 -37.7775 -25.0168 32.2018 10.7359 -45.2276 -41.2655 -30.7223 -3.5419 20.4250 -30.7257 -44.2113 -34.6533 -19.1683 30.1839 0.5251 -46.0955 -38.5359 -26.4070 27.8428 13.3270 -43.2779 -42.2999 -32.1421 -12.3328 24.5876 -14.0496 -45.3570 -36.8236 -23.7095 33.2445 9.7929 -44.7017
9.9100 32.9748 -24.0645 -37.0219 -45.4492 -12.3875 25.0007 -12.8879 -32.2615 -42.3733 -43.1355 13.4023 27.8428 -26.3610 -38.4817 -46.0720 0.0319 29.8944 -18.8623 -34.5022 -44.1034 -31.9904 19.9869 -1.8863 -30.5200 -41.0926 -45.4536 10.1939 32.7055 -24.6676 -37.5735 -45.7781 -4.6086 28.0088 -17.1410 -33.8222 -43.6623 -35.9588 18.4465 4.3937 -29.8613 -40.5955 -45.9145 8.6896 33.3847 -23.7263 -37.0231 -45.5413 -10.6357 23.8719 26.1470 23.8719 -10.6357 -45.5413 -37.0231 -23.7263 33.3847 8.6896 -45.9145 -40.5955 -29.8613 4.3937 18.4465 -35.9588 -43.6623 -33.8222 -17.1410 28.0088 -4.6086 -45.7781 -37.5735 -24.6676 32.7055 10.1939 -45.4536 -41.0926 -30.5200 -1.8863 19.9869 -31.9904 -44.1034 -34.5022 -18.8623 29.8944 0.0319 -46.0720 -38.4817 -26.3610 27.8428 13.4023 -43.1355 -42.3733 -32.2615 -12.8879 25.0007 -12.3875 -45.4492 -37.0219 -24.0645 32.9748 9.9100
32.1361 -24.4217 -37.2271 -45.5426 -10.6125 25.4833 -13.5332 -32.4217 -42.4833 -42.8565 13.6182 27.4324 -26.4070 -38.4817 -46.0635 -0.2370 29.7047 -18.6387 -34.3845 -44.0144 -33.0113 19.6050 -0.2553 -30.3334 -40.9297 -45.6364 9.6702 33.0553 -24.3232 -37.3720 -45.6950 -6.0788 27.4686 -16.5767 -33.6071 -43.5093 -37.1079 17.8823 7.0349 -29.5268 -40.4053 -46.0352 8.0924 33.4343 -23.3691 -36.8280 -45.4527 -11.0220 25.4537 -11.4992 -27.0317 -11.4992 25.4537 -11.0220 -45.4527 -36.8280 -23.3691 33.4343 8.0924 -46.0352 -40.4053 -29.5268 7.0349 17.8823 -37.1079 -43.5093 -33.6071 -16.5767 27.4686 -6.0788 -45.6950 -37.3720 -24.3232 33.0553 9.6702 -45.6364 -40.9297 -30.3334 -0.2553 19.6050 -33.0113 -44.0144 -34.3845 -18.6387 29.7047 -0.2370 -46.0635 -38.4817 -26.4070 27.4324 13.6182 -42.8565 -42.4833 -32.4217 -13.5332 25.4833 -10.6125 -45.5426 -37.2271 -24.4217 32.1361
-23.8325 -37.4343 -45.6344 -8.8459 26.0048 -14.2141 -32.6080 -42.6180 -42.4492 13.9450 26.6311 -26.5413 -38.5359 -46.0720 -0.2370 29.6391 -18.5194 -34.3094 -43.9489 -33.7637 19.2871 1.2433 -30.1690 -40.7833 -45.7809 9.1750 33.2734 -23.9932 -37.1772 -45.6103 -7.6420 26.9292 -15.9824 -33.3930 -43.3554 -38.1632 17.3265 9.8011 -29.1880 -40.2156 -46.1291 7.4760 33.3882 -23.0012 -36.6250 -45.3555 -12.5162 25.3444 -13.4606 -31.8768 -38.8220 -31.8768 -13.4606 25.3444 -12.5162 -45.3555 -36.6250 -23.0012 33.3882 7.4760 -46.1291 -40.2156 -29.1880 9.8011 17.3265 -38.1632 -43.3554 -33.3930 -15.9824 26.9292 -7.6420 -45.6103 -37.1772 -23.9932 33.2734 9.1750 -45.7809 -40.7833 -30.1690 1.2433 19.2871 -33.7637 -43.9489 -34.3094 -18.5194 29.6391 -0.2370 -46.0720 -38.5359 -26.5413 26.6311 13.9450 -42.4492 -42.6180 -32.6080 -14.2141 26.0048 -8.8459 -45.6344 -37.4343 -23.8325
-36.2100 -45.7235 -7.1658 26.5459 -14.8949 -32.8136 -42.7685 -41.9269 14.3550 25.4467 -26.7458 -38.6363 -46.0955 0.0319 29.7047 -18.5194 -34.2836 -43.9136 -34.2273 19.0471 2.4862 -30.0251 -40.6582 -45.8903 8.7216 33.3895 -23.6842 -36.9942 -45.5255 -9.2413 26.4067 -15.3693 -33.1799 -43.1993 -39.1245 16.7799 12.5942 -28.8517 -40.0234 -46.1988 6.8412 33.2579 -22.6259 -36.4183 -45.2525 -14.3774 24.9173 -13.2930 -32.3799 -42.3972 -47.1715 -42.3972 -32.3799 -13.2930 24.9173 -14.3774 -45.2525 -36.4183 -22.6259 33.2579 6.8412 -46.1988 -40.0234 -28.8517 12.5942 16.7799 -39.1245 -43.1993 -33.1799 -15.3693 26.4067 -9.2413 -45.5255 -36.9942 -23.6842 33.3895 8.7216 -45.8903 -40.6582 -30.0251 2.4862 19.0471 -34.2273 -43.9136 -34.2836 -18.5194 29.7047 0.0319 -46.0955 -38.6363 -26.7458 25.4467 14.3550 -41.9269 -42.7685 -32.8136 -14.8949 26.5459 -7.1658 -45.7235 -36.2100
-44.6908 -5.6013 27.0940 -15.5496 -33.0278 -42.9280 -41.2958 14.8259 23.8809 -27.0018 -38.7717 -46.1301 0.5251 29.8944 -18.6387 -34.3094 -43.9136 -34.3839 18.9136 3.3087 -29.9014 -40.5604 -45.9677 8.3296 33.4316 -23.4033 -36.8278 -45.4429 -10.8238 25.9153 -14.7524 -32.9738 -43.0443 -39.9870 16.2409 15.3434 -28.5154 -39.8291 -46.2457 6.1813 33.0533 -22.2430 -36.2097 -45.1443 -16.3693 24.4106 -12.6557 -32.3335 -42.5075 -44.0737 -0.5688 -44.0737 -42.5075 -32.3335 -12.6557 24.4106 -16.3693 -45.1443 -36.2097 -22.2430 33.0533 6.1813 -46.2457 -39.8291 -28.5154 15.3434 16.2409 -39.9870 -43.0443 -32.9738 -14.7524 25.9153 -10.8238 -45.4429 -36.8278 -23.4033 33.4316 8.3296 -45.9677 -40.5604 -29.9014 3.3087 18.9136 -34.3839 -43.9136 -34.3094 -18.6387 29.8944 0.5251 -46.1301 -38.7717 -27.0018 23.8809 14.8259 -41.2958 -42.9280 -33.0278 -15.5496 27.0940 -5.6013 -44.6908
-5.1774 27.6497 -16.1706 -33.2429 -43.0895 -40.5600 15.3335 21.9537 -27.2950 -38.9338 -46.1711 1.1712 30.1839 -18.8623 -34.3845 -43.9489 -34.2273 18.9136 3.5907 -29.8249 -40.4986 -46.0167 8.0277 33.4283 -23.1644 -36.6817 -45.3665 -12.3341 25.4593 -14.1439 -32.7805 -42.8946 -40.7454 15.7218 17.9321 -28.1815 -39.6353 -46.2714 5.4932 32.7837 -21.8516 -36.0014 -45.0326 -18.3996 23.8836 -11.8454 -32.1623 -42.4127 -43.1190 11.8816 28.4810 11.8816 -43.1190 -42.4127 -32.1623 -11.8454 23.8836 -18.3996 -45.0326 -36.0014 -21.8516 32.7837 5.4932 -46.2714 -39.6353 -28.1815 17.9321 15.7218 -40.7454 -42.8946 -32.7805 -14.1439 25.4593 -12.3341 -45.3665 -36.6817 -23.1644 33.4283 8.0277 -46.0167 -40.4986 -29.8249 3.5907 18.9136 -34.2273 -43.9489 -34.3845 -18.8623 30.1839 1.1712 -46.1711 -38.9338 -27.2950 21.9537 15.3335 -40.5600 -43.0895 -33.2429 -16.1706 27.6497 -5.1774
27.9136 -16.7604 -33.4591 -43.2473 -39.7388 15.8641 19.6991 -27.6123 -39.1138 -46.2133 1.9084 30.5455 -19.1683 -34.5022 -44.0144 -33.7637 19.0471 3.3087 -29.8249 -40.4780 -46.0402 7.8371 33.4074 -22.9832 -36.5641 -45.3008 -13.6912 25.0540 -13.5569 -32.6018 -42.7522 -41.3960 15.2338 20.2451 -27.8588 -39.4441 -46.2779 4.7787 32.4598 -21.4539 -35.7917 -44.9159 -20.4498 23.3527 -10.9322 -31.9579 -42.2624 -43.2372 13.1548 31.4039 -17.7923 31.4039 13.1548 -43.2372 -42.2624 -31.9579 -10.9322 23.3527 -20.4498 -44.9159 -35.7917 -21.4539 32.4598 4.7787 -46.2779 -39.4441 -27.8588 20.2451 15.2338 -41.3960 -42.7522 -32.6018 -13.5569 25.0540 -13.6912 -45.3008 -36.5641 -22.9832 33.4074 7.8371 -46.0402 -40.4780 -29.8249 3.3087 19.0471 -33.7637 -44.0144 -34.5022 -19.1683 30.5455 1.9084 -46.2133 -39.1138 -27.6123 19.6991 15.8641 -39.7388 -43.2473 -33.4591 -16.7604 27.9136
-16.8594 -33.6756 -43.4041 -38.8366 16.4032 17.1969 -27.9449 -39.3040 -46.2490 2.6895 30.9555 -19.5319 -34.6533 -44.1034 -33.0113 19.2871 2.4862 -29.9014 -40.4986 -46.0402 7.7704 33.3909 -22.8699 -36.4815 -45.2502 -14.7917 24.7213 -13.0239 -32.4437 -42.6226 -41.9441 14.7801 22.2437 -27.5522 -39.2606 -46.2674 4.0485 32.0948 -21.0490 -35.5813 -44.7947 -22.4851 22.8214 -9.9170 -31.7439 -42.0964 -43.6187 13.0812 28.9551 -25.2048 -33.7937 -25.2048 28.9551 13.0812 -43.6187 -42.0964 -31.7439 -9.9170 22.8214 -22.4851 -44.7947 -35.5813 -21.0490 32.0948 4.0485 -46.2674 -39.2606 -27.5522 22.2437 14.7801 -41.9441 -42.6226 -32.4437 -13.0239 24.7213 -14.7917 -45.2502 -36.4815 -22.8699 33.3909 7.7704 -46.0402 -40.4986 -29.9014 2.4862 19.2871 -33.0113 -44.1034 -34.6533 -19.5319 30.9555 2.6895 -46.2490 -39.3040 -27.9449 17.1969 16.4032 -38.8366 -43.4041 -33.6756 -16.8594
-32.4107 -43.5594 -37.8392 16.9467 14.5260 -28.2808 -39.4990 -46.2717 3.4816 31.3832 -19.9271 -34.8294 -44.2113 -31.9904 19.6050 1.2433 -30.0251 -40.5604 -46.0167 7.8371 33.3909 -22.8310 -36.4388 -45.2189 -15.5783 24.4674 -12.5802 -32.3119 -42.5110 -42.3907 14.3718 23.9226 -27.2676 -39.0884 -46.2436 3.3137 31.7053 -20.6454 -35.3752 -44.6717 -24.4441 22.2922 -8.7912 -31.5269 -41.9244 -44.0288 12.6716 29.1990 -25.9372 -37.7878 -44.2779 -37.7878 -25.9372 29.1990 12.6716 -44.0288 -41.9244 -31.5269 -8.7912 22.2922 -24.4441 -44.6717 -35.3752 -20.6454 31.7053 3.3137 -46.2436 -39.0884 -27.2676 23.9226 14.3718 -42.3907 -42.5110 -32.3119 -12.5802 24.4674 -15.5783 -45.2189 -36.4388 -22.8310 33.3909 7.8371 -46.0167 -40.5604 -30.0251 1.2433 19.6050 -31.9904 -44.2113 -34.8294 -19.9271 31.3832 3.4816 -46.2717 -39.4990 -28.2808 14.5260 16.9467 -37.8392 -43.5594 -32.4107
-42.4245 -36.7496 17.5012 11.7379 -28.6165 -39.6941 -46.2778 4.2585 31.8073 -20.3378 -35.0220 -44.3305 -30.7257 19.9869 -0.2553 -30.1690 -40.6582 -45.9677 8.0277 33.4074 -22.8699 -36.4388 -45.2087 -15.9922 24.3082 -12.2546 -32.2101 -42.4201 -42.7346 14.0259 25.2796 -27.0120 -38.9298 -46.2100 2.5881 31.3081 -20.2509 -35.1766 -44.5488 -26.2944 21.7735 -7.5532 -31.3082 -41.7484 -44.4083 12.1732 30.0896 -25.8483 -38.1390 -46.2426 -38.3126 -46.2426 -38.1390 -25.8483 30.0896 12.1732 -44.4083 -41.7484 -31.3082 -7.5532 21.7735 -26.2944 -44.5488 -35.1766 -20.2509 31.3081 2.5881 -46.2100 -38.9298 -27.0120 25.2796 14.0259 -42.7346 -42.4201 -32.2101 -12.2546 24.3082 -15.9922 -45.2087 -36.4388 -22.8699 33.4074 8.0277 -45.9677 -40.6582 -30.1690 -0.2553 19.9869 -30.7257 -44.3305 -35.0220 -20.3378 31.8073 4.2585 -46.2778 -39.6941 -28.6165 11.7379 17.5012 -36.7496 -42.4245
-35.8709 18.0711 8.9122 -28.9550 -39.8887 -46.2656 5.0006 32.2070 -20.7558 -35.2252 -44.4552 -29.2519 20.4250 -1.8863 -30.3334 -40.7833 -45.8903 8.3296 33.4283 -22.9832 -36.4815 -45.2189 -15.9922 24.2553 -12.0819 -32.1463 -42.3547 -42.9843 13.7497 26.3039 -26.7924 -38.7890 -46.1724 1.8904 30.9220 -19.8730 -34.9879 -44.4284 -27.9928 21.2741 -6.2019 -31.0906 -41.5705 -44.7462 11.6491 30.9950 -25.5723 -38.0697 -45.9576 -6.9596 16.2837 -6.9596 -45.9576 -38.0697 -25.5723 30.9950 11.6491 -44.7462 -41.5705 -31.0906 -6.2019 21.2741 -27.9928 -44.4284 -34.9879 -19.8730 30.9220 1.8904 -46.1724 -38.7890 -26.7924 26.3039 13.7497 -42.9843 -42.3547 -32.1463 -12.0819 24.2553 -15.9922 -45.2189 -36.4815 -22.9832 33.4283 8.3296 -45.8903 -40.7833 -30.3334 -1.8863 20.4250 -29.2519 -44.4552 -35.2252 -20.7558 32.2070 5.0006 -46.2656 -39.8887 -28.9550 8.9122 18.0711 -35.8709
18.2820 6.1555 -29.2959 -40.0825 -46.2335 5.7111 32.5648 -21.1698 -35.4348 -44.5827 -27.5884 20.9036 -3.5419 -30.5200 -40.9297 -45.7809 8.7216 33.4316 -23.1644 -36.5641 -45.2502 -15.5783 24.3082 -12.0819 -32.1253 -42.3210 -43.1354 13.5524 27.0261 -26.6180 -38.6713 -46.1371 1.2420 30.5597 -19.5208 -34.8141 -44.3142 -29.5060 20.8032 -4.7637 -30.8807 -41.3958 -45.0396 11.1159 31.7644 -25.2466 -37.9033 -45.8985 -3.7945 26.2877 16.8732 26.2877 -3.7945 -45.8985 -37.9033 -25.2466 31.7644 11.1159 -45.0396 -41.3958 -30.8807 -4.7637 20.8032 -29.5060 -44.3142 -34.8141 -19.5208 30.5597 1.2420 -46.1371 -38.6713 -26.6180 27.0261 13.5524 -43.1354 -42.3210 -32.1253 -12.0819 24.3082 -15.5783 -45.2502 -36.5641 -23.1644 33.4316 8.7216 -45.7809 -40.9297 -30.5200 -3.5419 20.9036 -27.5884 -44.5827 -35.4348 -21.1698 32.5648 5.7111 -46.2335 -40.0825 -29.2959 6.1555 18.2820
3.4918 -29.6376 -40.2760 -46.1796 6.3894 32.8741 -21.5755 -35.6453 -44.7087 -25.7707 21.4088 -5.1326 -30.7223 -41.0926 -45.6364 9.1750 33.3895 -23.4033 -36.6817 -45.3008 -14.7917 24.4674 -12.2546 -32.1463 -42.3210 -43.1846 13.4504 27.4608 -26.4956 -38.5829 -46.1076 0.6840 30.2420 -19.2020 -34.6591 -44.2082 -30.8294 20.3699 -3.2711 -30.6812 -41.2263 -45.2870 10.5887 32.3660 -24.9083 -37.7110 -45.8297 -4.0750 27.7875 -14.8926 -28.2809 -14.8926 27.7875 -4.0750 -45.8297 -37.7110 -24.9083 32.3660 10.5887 -45.2870 -41.2263 -30.6812 -3.2711 20.3699 -30.8294 -44.2082 -34.6591 -19.2020 30.2420 0.6840 -46.1076 -38.5829 -26.4956 27.4608 13.4504 -43.1846 -42.3210 -32.1463 -12.2546 24.4674 -14.7917 -45.3008 -36.6817 -23.4033 33.3895 9.1750 -45.6364 -41.0926 -30.7223 -5.1326 21.4088 -25.7707 -44.7087 -35.6453 -21.5755 32.8741 6.3894 -46.1796 -40.2760 -29.6376 3.4918
-28.3845 -40.4683 -46.1016 7.0435 33.1242 -21.9736 -35.8549 -44.8320 -23.8486 21.9294 -6.6059 -30.9357 -41.2655 -45.4536 9.6702 33.2734 -23.6842 -36.8278 -45.3665 -13.6912 24.7213 -12.5802 -32.2101 -42.3547 -43.1354 13.4504 27.6027 -26.4315 -38.5285 -46.0862 0.2531 29.9887 -18.9353 -34.5255 -44.1125 -31.9543 19.9792 -1.7582 -30.4957 -41.0658 -45.4917 10.0775 32.8052 -24.5723 -37.5145 -45.7533 -5.1700 27.6801 -16.3504 -32.8291 -39.7399 -32.8291 -16.3504 27.6801 -5.1700 -45.7533 -37.5145 -24.5723 32.8052 10.0775 -45.4917 -41.0658 -30.4957 -1.7582 19.9792 -31.9543 -44.1125 -34.5255 -18.9353 29.9887 0.2531 -46.0862 -38.5285 -26.4315 27.6027 13.4504 -43.1354 -42.3547 -32.2101 -12.5802 24.7213 -13.6912 -45.3665 -36.8278 -23.6842 33.2734 9.6702 -45.4536 -41.2655 -30.9357 -6.6059 21.9294 -23.8486 -44.8320 -35.8549 -21.9736 33.1242 7.0435 -46.1016 -40.4683 -28.3845
-39.2774 -46.0004 7.6798 33.3075 -22.3627 -36.0645 -44.9512 -21.8597 22.4571 -7.9444 -31.1548 -41.4440 -45.2276 10.1939 33.0553 -23.9932 -36.9942 -45.4429 -12.3341 25.0540 -13.0239 -32.3119 -42.4201 -42.9843 13.5524 27.4608 -26.4315 -38.5103 -46.0752 -0.0222 29.8107 -18.7335 -34.4200 -44.0325 -32.8712 19.6350 -0.2887 -30.3270 -40.9177 -45.6565 9.5889 33.1063 -24.2474 -37.3228 -45.6723 -6.5428 27.2666 -16.2313 -33.3154 -43.1738 -47.2959 -43.1738 -33.3154 -16.2313 27.2666 -6.5428 -45.6723 -37.3228 -24.2474 33.1063 9.5889 -45.6565 -40.9177 -30.3270 -0.2887 19.6350 -32.8712 -44.0325 -34.4200 -18.7335 29.8107 -0.0222 -46.0752 -38.5103 -26.4315 27.4608 13.5524 -42.9843 -42.4201 -32.3119 -13.0239 25.0540 -12.3341 -45.4429 -36.9942 -23.9932 33.0553 10.1939 -45.2276 -41.4440 -31.1548 -7.9444 22.4571 -21.8597 -44.9512 -36.0645 -22.3627 33.3075 7.6798 -46.0004 -39.2774
-45.0800 8.2973 33.4133 -22.7458 -36.2751 -45.0659 -19.8255 22.9868 -9.1549 -31.3742 -41.6245 -44.9575 10.7359 32.7055 -24.3232 -37.1772 -45.5255 -10.8238 25.4593 -13.5569 -32.4437 -42.5110 -42.7346 13.7497 27.0261 -26.4956 -38.5285 -46.0752 -0.1166 29.7210 -18.6057 -34.3483 -43.9744 -33.5590 19.3533 1.0523 -30.1793 -40.7848 -45.7860 9.1339 33.2930 -23.9417 -37.1404 -45.5900 -8.0260 26.7816 -15.7710 -33.2713 -43.2267 -41.8220 3.3889 -41.8220 -43.2267 -33.2713 -15.7710 26.7816 -8.0260 -45.5900 -37.1404 -23.9417 33.2930 9.1339 -45.7860 -40.7848 -30.1793 1.0523 19.3533 -33.5590 -43.9744 -34.3483 -18.6057 29.7210 -0.1166 -46.0752 -38.5285 -26.4956 27.0261 13.7497 -42.7346 -42.5110 -32.4437 -13.5569 25.4593 -10.8238 -45.5255 -37.1772 -24.3232 32.7055 10.7359 -44.9575 -41.6245 -31.3742 -9.1549 22.9868 -19.8255 -45.0659 -36.2751 -22.7458 33.4133 8.2973 -45.0800
8.4186 33.4286 -23.1248 -36.4861 -45.1786 -17.7605 23.5185 -10.2465 -31.5937 -41.8026 -44.6452 11.2830 32.2018 -24.6676 -37.3720 -45.6103 -9.2413 25.9153 -14.1439 -32.6018 -42.6226 -42.3907 14.0259 26.3039 -26.6180 -38.5829 -46.0862 -0.0222 29.7210 -18.5618 -34.3119 -43.9380 -34.0131 19.1372 2.1556 -30.0585 -40.6723 -45.8847 8.7238 33.3928 -23.6585 -36.9718 -45.5110 -9.5400 26.2952 -15.2137 -33.1112 -43.1339 -40.2771 14.1128 30.7045 14.1128 -40.2771 -43.1339 -33.1112 -15.2137 26.2952 -9.5400 -45.5110 -36.9718 -23.6585 33.3928 8.7238 -45.8847 -40.6723 -30.0585 2.1556 19.1372 -34.0131 -43.9380 -34.3119 -18.5618 29.7210 -0.0222 -46.0862 -38.5829 -26.6180 26.3039 14.0259 -42.3907 -42.6226 -32.6018 -14.1439 25.9153 -9.2413 -45.6103 -37.3720 -24.6676 32.2018 11.2830 -44.6452 -41.8026 -31.5937 -10.2465 23.5185 -17.7605 -45.1786 -36.4861 -23.1248 33.4286 8.4186
32.9325 -23.4973 -36.6963 -45.2878 -15.6925 24.0562 -11.2381 -31.8135 -41.9787 -44.2893 11.8238 31.5310 -25.0168 -37.5735 -45.6950 -7.6420 26.4067 -14.7524 -32.7805 -42.7522 -41.9441 14.3718 25.2796 -26.7924 -38.6713 -46.1076 0.2531 29.8107 -18.6057 -34.3119 -43.9240 -34.2392 18.9908 2.9417 -29.9500 -40.5841 -45.9560 8.3705 33.4308 -23.4030 -36.8191 -45.4358 -11.0210 25.8375 -14.6354 -32.9283 -43.0018 -40.4105 15.4567 25.9999 -20.0760 25.9999 15.4567 -40.4105 -43.0018 -32.9283 -14.6354 25.8375 -11.0210 -45.4358 -36.8191 -23.4030 33.4308 8.3705 -45.9560 -40.5841 -29.9500 2.9417 18.9908 -34.2392 -43.9240 -34.3119 -18.6057 29.8107 0.2531 -46.1076 -38.6713 -26.7924 25.2796 14.3718 -41.9441 -42.7522 -32.7805 -14.7524 26.4067 -7.6420 -45.6950 -37.5735 -25.0168 31.5310 11.8238 -44.2893 -41.9787 -31.8135 -11.2381 24.0562 -15.6925 -45.2878 -36.6963 -23.4973 32.9325
-23.0021 -36.9056 -45.3916 -13.6564 24.5997 -12.1504 -32.0320 -42.1535 -43.8849 12.3582 30.6843 -25.3655 -37.7775 -45.7781 -6.0788 26.9292 -15.3693 -32.9738 -42.8946 -41.3960 14.7801 23.9226 -27.0120 -38.7890 -46.1371 0.6840 29.9887 -18.7335 -34.3483 -43.9380 -34.2392 18.9386 3.3672 -29.8652 -40.5229 -46.0029 8.0916 33.4309 -23.1884 -36.6864 -45.3662 -12.4079 25.4179 -14.0657 -32.7497 -42.8659 -40.9459 15.4393 21.1125 -26.7315 -34.7699 -26.7315 21.1125 15.4393 -40.9459 -42.8659 -32.7497 -14.0657 25.4179 -12.4079 -45.3662 -36.6864 -23.1884 33.4309 8.0916 -46.0029 -40.5229 -29.8652 3.3672 18.9386 -34.2392 -43.9380 -34.3483 -18.7335 29.9887 0.6840 -46.1371 -38.7890 -27.0120 23.9226 14.7801 -41.3960 -42.8946 -32.9738 -15.3693 26.9292 -6.0788 -45.7781 -37.7775 -25.3655 30.6843 12.3582 -43.8849 -42.1535 -32.0320 -12.1504 24.5997 -13.6564 -45.3916 -36.9056 -23.0021
-35.6761 -45.4917 -11.6901 25.1474 -12.9953 -32.2495 -42.3256 -43.4301 12.8917 29.6464 -25.7105 -37.9811 -45.8571 -4.6086 27.4686 -15.9824 -33.1799 -43.0443 -40.7454 15.2338 22.2437 -27.2676 -38.9298 -46.1724 1.2420 30.2420 -18.9353 -34.4200 -43.9744 -34.0131 18.9908 3.3672 -29.8355 -40.4905 -46.0301 7.8973 33.4140 -23.0192 -36.5790 -45.3071 -13.6448 25.0472 -13.5236 -32.5851 -42.7346 -41.5063 15.1000 21.3358 -27.4597 -38.7231 -45.0266 -38.7231 -27.4597 21.3358 15.1000 -41.5063 -42.7346 -32.5851 -13.5236 25.0472 -13.6448 -45.3071 -36.5790 -23.0192 33.4140 7.8973 -46.0301 -40.4905 -29.8355 3.3672 18.9908 -34.0131 -43.9744 -34.4200 -18.9353 30.2420 1.2420 -46.1724 -38.9298 -27.2676 22.2437 15.2338 -40.7454 -43.0443 -33.1799 -15.9824 27.4686 -4.6086 -45.8571 -37.9811 -25.7105 29.6464 12.8917 -43.4301 -42.3256 -32.2495 -12.9953 25.1474 -11.6901 -45.4917 -35.6761
-44.4392 -9.8262 25.6971 -13.7806 -32.4682 -42.4960 -42.9209 13.4226 28.3951 -26.0526 -38.1851 -45.9312 -3.2555 28.0088 -16.5767 -33.3930 -43.1993 -39.9870 15.7218 20.2451 -27.5522 -39.0884 -46.2100 1.8904 30.5597 -19.2020 -34.5255 -44.0325 -33.5590 19.1372 2.9417 -29.8652 -40.4905 -46.0396 7.7949 33.3964 -22.8997 -36.4990 -45.2597 -14.6703 24.7397 -13.0326 -32.4389 -42.6149 -41.9992 14.7104 22.7087 -27.4103 -39.0584 -46.5010 -32.5507 -46.5010 -39.0584 -27.4103 22.7087 14.7104 -41.9992 -42.6149 -32.4389 -13.0326 24.7397 -14.6703 -45.2597 -36.4990 -22.8997 33.3964 7.7949 -46.0396 -40.4905 -29.8652 2.9417 19.1372 -33.5590 -44.0325 -34.5255 -19.2020 30.5597 1.8904 -46.2100 -39.0884 -27.5522 20.2451 15.7218 -39.9870 -43.1993 -33.3930 -16.5767 28.0088 -3.2555 -45.9312 -38.1851 -26.0526 28.3951 13.4226 -42.9209 -42.4960 -32.4682 -13.7806 25.6971 -9.8262 -44.4392
-9.2607 26.2559 -14.5119 -32.6874 -42.6655 -42.3487 13.9508 26.9250 -26.3944 -38.3874 -46.0009 -2.0045 28.5442 -17.1410 -33.6071 -43.3554 -39.1245 16.2409 17.9321 -27.8588 -39.2606 -46.2436 2.5881 30.9220 -19.5208 -34.6591 -44.1125 -32.8712 19.3533 2.1556 -29.9500 -40.5229 -46.0301 7.7949 33.3891 -22.8386 -36.4485 -45.2261 -15.4382 24.5009 -12.6185 -32.3156 -42.5112 -42.4064 14.3419 24.1263 -27.2069 -39.0170 -46.1994 -0.8747 18.6339 -0.8747 -46.1994 -39.0170 -27.2069 24.1263 14.3419 -42.4064 -42.5112 -32.3156 -12.6185 24.5009 -15.4382 -45.2261 -36.4485 -22.8386 33.3891 7.7949 -46.0301 -40.5229 -29.9500 2.1556 19.3533 -32.8712 -44.1125 -34.6591 -19.5208 30.9220 2.5881 -46.2436 -39.2606 -27.8588 17.9321 16.2409 -39.1245 -43.3554 -33.6071 -17.1410 28.5442 -2.0045 -46.0009 -38.3874 -26.3944 26.9250 13.9508 -42.3487 -42.6655 -32.6874 -14.5119 26.2559 -9.2607
26.5188 -15.1951 -32.9062 -42.8329 -41.7082 14.4823 25.2256 -26.7337 -38.5878 -46.0655 -0.8527 29.0765 -17.6783 -33.8222 -43.5093 -38.1632 16.7799 15.3434 -28.1815 -39.4441 -46.2674 3.3137 31.3081 -19.8730 -34.8141 -44.2082 -31.9543 19.6350 1.0523 -30.0585 -40.5841 -46.0029 7.8973 33.3964 -22.8386 -36.4306 -45.2088 -15.9263 24.3348 -12.3002 -32.2199 -42.4260 -42.7309 14.0185 25.3437 -26.9862 -38.9008 -46.1891 1.5046 29.0043 4.1995 29.0043 1.5046 -46.1891 -38.9008 -26.9862 25.3437 14.0185 -42.7309 -42.4260 -32.2199 -12.3002 24.3348 -15.9263 -45.2088 -36.4306 -22.8386 33.3964 7.8973 -46.0029 -40.5841 -30.0585 1.0523 19.6350 -31.9543 -44.2082 -34.8141 -19.8730 31.3081 3.3137 -46.2674 -39.4441 -28.1815 15.3434 16.7799 -38.1632 -43.5093 -33.8222 -17.6783 29.0765 -0.8527 -46.0655 -38.5878 -26.7337 25.2256 14.4823 -41.7082 -42.8329 -32.9062 -15.1951 26.5188
-15.4317 -33.1240 -42.9978 -40.9966 15.0188 23.2729 -27.0711 -38.7889 -46.1252 0.2101 29.5999 -18.1949 -34.0361 -43.6623 -37.1079 17.3265 12.5942 -28.5154 -39.6353 -46.2779 4.0485 31.7053 -20.2509 -34.9879 -44.3142 -30.8294 19.9792 -0.2887 -30.1793 -40.6723 -45.9560 8.0916 33.4140 -22.8997 -36.4485 -45.2088 -16.0994 24.2474 -12.0958 -32.1531 -42.3619 -42.9710 13.7548 26.3114 -26.7847 -38.7780 -46.1643 1.5434 30.3503 -17.7455 -29.6454 -17.7455 30.3503 1.5434 -46.1643 -38.7780 -26.7847 26.3114 13.7548 -42.9710 -42.3619 -32.1531 -12.0958 24.2474 -16.0994 -45.2088 -36.4485 -22.8997 33.4140 8.0916 -45.9560 -40.6723 -30.1793 -0.2887 19.9792 -30.8294 -44.3142 -34.9879 -20.2509 31.7053 4.0485 -46.2779 -39.6353 -28.5154 12.5942 17.3265 -37.1079 -43.6623 -34.0361 -18.1949 29.5999 0.2101 -46.1252 -38.7889 -27.0711 23.2729 15.0188 -40.9966 -42.9978 -33.1240 -15.4317
-31.8509 -43.1600 -40.2096 15.5583 21.0693 -27.4105 -38.9883 -46.1804 1.1998 30.1118 -18.6896 -34.2490 -43.8114 -35.9588 17.8823 9.8011 -28.8517 -39.8291 -46.2714 4.7787 32.0948 -20.6454 -35.1766 -44.4284 -29.5060 20.3699 -1.7582 -30.3270 -40.7848 -45.8847 8.3705 33.4309 -23.0192 -36.4990 -45.2261 -15.9263 24.2474 -12.0249 -32.1182 -42.3211 -43.1286 13.5593 27.0153 -26.6182 -38.6691 -46.1342 1.1218 30.3873 -18.9983 -33.9114 -40.7640 -33.9114 -18.9983 30.3873 1.1218 -46.1342 -38.6691 -26.6182 27.0153 13.5593 -43.1286 -42.3211 -32.1182 -12.0249 24.2474 -15.9263 -45.2261 -36.4990 -23.0192 33.4309 8.3705 -45.8847 -40.7848 -30.3270 -1.7582 20.3699 -29.5060 -44.4284 -35.1766 -20.6454 32.0948 4.7787 -46.2714 -39.8291 -28.8517 9.8011 17.8823 -35.9588 -43.8114 -34.2490 -18.6896 30.1118 1.1998 -46.1804 -38.9883 -27.4105 21.0693 15.5583 -40.2096 -43.1600 -31.8509
-42.0149 -39.3480 16.1012 18.6396 -27.7510 -39.1869 -46.2269 2.1208 30.6125 -19.1652 -34.4626 -43.9559 -34.7116 18.4465 7.0349 -29.1880 -40.0234 -46.2457 5.4932 32.4598 -21.0490 -35.3752 -44.5488 -27.9928 20.8032 -3.2711 -30.4957 -40.9177 -45.7860 8.7238 33.4308 -23.1884 -36.5790 -45.2597 -15.4382 24.3348 -12.0958 -32.1182 -42.3063 -43.2070 13.4393 27.4717 -26.4949 -38.5830 -46.1068 0.6473 30.1871 -19.0505 -34.4326 -44.0292 -47.0334 -44.0292 -34.4326 -19.0505 30.1871 0.6473 -46.1068 -38.5830 -26.4949 27.4717 13.4393 -43.2070 -42.3063 -32.1182 -12.0958 24.3348 -15.4382 -45.2597 -36.5790 -23.1884 33.4308 8.7238 -45.7860 -40.9177 -30.4957 -3.2711 20.8032 -27.9928 -44.5488 -35.3752 -21.0490 32.4598 5.4932 -46.2457 -40.0234 -29.1880 7.0349 18.4465 -34.7116 -43.9559 -34.4626 -19.1652 30.6125 2.1208 -46.2269 -39.1869 -27.7510 18.6396 16.1012 -39.3480 -42.0149
-38.4753 16.6535 16.0170 -28.0913 -39.3864 -46.2598 2.9851 31.0939 -19.6267 -34.6753 -44.0993 -33.3564 19.0147 4.3937 -29.5268 -40.2156 -46.1988 6.1813 32.7837 -21.4539 -35.5813 -44.6717 -26.2944 21.2741 -4.7637 -30.6812 -41.0658 -45.6565 9.1339 33.3928 -23.4030 -36.6864 -45.3071 -14.6703 24.5009 -12.3002 -32.1531 -42.3211 -43.2070 13.3988 27.6961 -26.4200 -38.5247 -46.0855 0.2348 29.9677 -18.8853 -34.4613 -44.0487 -37.3479 7.0071 -37.3479 -44.0488 -34.4613 -18.8853 29.9677 0.2348 -46.0855 -38.5247 -26.4200 27.6961 13.3988 -43.2070 -42.3211 -32.1531 -12.3002 24.5009 -14.6703 -45.3071 -36.6864 -23.4030 33.3928 9.1339 -45.6565 -41.0658 -30.6812 -4.7637 21.2741 -26.2944 -44.6717 -35.5813 -21.4539 32.7837 6.1813 -46.1988 -40.2156 -29.5268 4.3937 19.0147 -33.3564 -44.0993 -34.6753 -19.6267 31.0939 2.9851 -46.2598 -39.3864 -28.0913 16.0170 16.6535 -38.4753
16.8348 13.2599 -28.4316 -39.5847 -46.2763 3.8042 31.5505 -20.0726 -34.8868 -44.2388 -31.8894 19.5557 1.9390 -29.8613 -40.4053 -46.1291 6.8412 33.0533 -21.8516 -35.7917 -44.7947 -24.4441 21.7735 -6.2019 -30.8807 -41.2263 -45.4917 9.5889 33.2930 -23.6585 -36.8191 -45.3662 -13.6448 24.7397 -12.6185 -32.2199 -42.3619 -43.1286 13.4393 27.6961 -26.3951 -38.4958 -46.0716 -0.0604 29.7945 -18.7089 -34.3988 -44.0119 -34.3689 16.9244 32.7568 16.9262 -34.3676 -44.0120 -34.3988 -18.7089 29.7945 -0.0604 -46.0716 -38.4958 -26.3951 27.6961 13.4393 -43.1286 -42.3619 -32.2199 -12.6185 24.7397 -13.6448 -45.3662 -36.8191 -23.6585 33.2930 9.5889 -45.4917 -41.2263 -30.8807 -6.2019 21.7735 -24.4441 -44.7947 -35.7917 -21.8516 33.0533 6.8412 -46.1291 -40.4053 -29.8613 1.9390 19.5557 -31.8894 -44.2388 -34.8868 -20.0726 31.5505 3.8042 -46.2763 -39.5847 -28.4316 13.2599 16.8348
10.2326 -28.7715 -39.7818 -46.2747 4.5797 31.9777 -20.5068 -35.0991 -44.3733 -30.3191 20.0662 -0.3066 -30.1372 -40.5955 -46.0352 7.4760 33.2579 -22.2430 -36.0014 -44.9159 -22.4851 22.2922 -7.5532 -31.0906 -41.3958 -45.2870 10.0775 33.1063 -23.9417 -36.9718 -45.4358 -12.4079 25.0472 -13.0326 -32.3156 -42.4260 -42.9710 13.5593 27.4717 -26.4200 -38.4958 -46.0667 -0.2112 29.6862 -18.5790 -34.3356 -43.9643 -33.9933 18.6235 12.7323 -22.6233 12.6779 18.6347 -33.9872 -43.9645 -34.3355 -18.5778 29.6850 -0.2103 -46.0667 -38.4958 -26.4200 27.4717 13.5593 -42.9710 -42.4260 -32.3156 -13.0326 25.0472 -12.4079 -45.4358 -36.9718 -23.9417 33.1063 10.0775 -45.2870 -41.3958 -31.0906 -7.5532 22.2922 -22.4851 -44.9159 -36.0014 -22.2430 33.2579 7.4760 -46.0352 -40.5955 -30.1372 -0.3066 20.0662 -30.3191 -44.3733 -35.0991 -20.5068 31.9777 4.5797 -46.2747 -39.7818 -28.7715 10.2326
-27.6476 -39.9774 -46.2536 5.3162 32.3660 -20.9324 -35.3121 -44.5066 -28.6466 20.5785 -2.3208 -30.3595 -40.7834 -45.9145 8.0924 33.3882 -22.6259 -36.2097 -45.0326 -20.4498 22.8214 -8.7912 -31.3082 -41.5705 -45.0396 10.5887 32.8052 -24.2474 -37.1404 -45.5110 -11.0210 25.4179 -13.5236 -32.4389 -42.5112 -42.7309 13.7548 27.0153 -26.4949 -38.5247 -46.0716 -0.2113 29.6497 -18.5212 -34.2942 -43.9360 -34.2166 18.8800 4.9984 -28.7237 -36.0460 -28.7633 4.7307 18.8964 -34.2079 -43.9314 -34.2860 -18.4952 29.6498 -0.2093 -46.0716 -38.5247 -26.4949 27.0153 13.7548 -42.7309 -42.5112 -32.4389 -13.5236 25.4179 -11.0210 -45.5110 -37.1404 -24.2474 32.8052 10.5887 -45.0396 -41.5705 -31.3082 -8.7912 22.8214 -20.4498 -45.0326 -36.2097 -22.6259 33.3882 8.0924 -45.9145 -40.7834 -30.3595 -2.3208 20.5785 -28.6466 -44.5066 -35.3121 -20.9324 32.3660 5.3162 -46.2536 -39.9774 -27.6476
-38.7799 -46.2135 6.0184 32.7073 -21.3474 -35.5250 -44.6371 -26.8648 21.0960 -4.1170 -30.5817 -40.9691 -45.7663 8.6896 33.4343 -23.0012 -36.4183 -45.1443 -18.3996 23.3527 -9.9170 -31.5269 -41.7484 -44.7462 11.1159 32.3660 -24.5723 -37.3228 -45.5900 -9.5400 25.8375 -14.0657 -32.5851 -42.6149 -42.4064 14.0185 26.3114 -26.6182 -38.5830 -46.0855 -0.0604 29.6862 -18.5219 -34.3802 -43.8728 -34.9341 18.5698 4.5029 -29.6020 -39.8976 -45.9539 -40.0747 -29.8174 4.7636 18.6953 -34.6444 -43.8890 -34.2067 -18.5373 29.6874 -0.0594 -46.0855 -38.5830 -26.6182 26.3114 14.0185 -42.4064 -42.6149 -32.5851 -14.0657 25.8375 -9.5400 -45.5900 -37.3228 -24.5723 32.3660 11.1159 -44.7462 -41.7484 -31.5269 -9.9170 23.3527 -18.3996 -45.1443 -36.4183 -23.0012 33.4343 8.6896 -45.7663 -40.9691 -30.5817 -4.1170 21.0960 -26.8648 -44.6371 -35.5250 -21.3474 32.7073 6.0184 -46.2135 -38.7799
-45.2791 6.6906 32.9936 -21.7523 -35.7370 -44.7629 -24.9841 21.6187 -5.7219 -30.8016 -41.1521 -45.5885 9.2677 33.3847 -23.3691 -36.6250 -45.2525 -16.3693 23.8836 -10.9322 -31.7439 -41.9244 -44.4083 11.6491 31.7644 -24.9083 -37.5145 -45.6723 -8.0260 26.2952 -14.6354 -32.7497 -42.7346 -41.9992 14.3419 25.3437 -26.7847 -38.6691 -46.1068 0.2348 29.7945 -18.5794 -34.2982 -43.8392 -35.6509 18.6102 3.2901 -29.7837 -40.3544 -46.5298 -21.7577 -46.4011 -40.3300 -29.6801 3.6086 19.0369 -34.5046 -43.7814 -34.2751 -18.5787 29.7946 0.2348 -46.1068 -38.6691 -26.7847 25.3437 14.3419 -41.9992 -42.7346 -32.7497 -14.6354 26.2952 -8.0260 -45.6723 -37.5145 -24.9083 31.7644 11.6491 -44.4083 -41.9244 -31.7439 -10.9322 23.8836 -16.3693 -45.2525 -36.6250 -23.3691 33.3847 9.2677 -45.5885 -41.1521 -30.8016 -5.7219 21.6187 -24.9841 -44.7629 -35.7370 -21.7523 32.9936 6.6906 -45.2791
6.8114 33.2144 -22.1439 -35.9454 -44.8842 -23.0487 22.1380 -7.1395 -31.0183 -41.3312 -45.3797 9.8260 33.2317 -23.7263 -36.8280 -45.3555 -14.3774 24.4106 -11.8454 -31.9579 -42.0964 -44.0288 12.1732 30.9950 -25.2466 -37.7110 -45.7533 -6.5428 26.7816 -15.2137 -32.9283 -42.8659 -41.5063 14.7104 24.1263 -26.9862 -38.7780 -46.1342 0.6473 29.9677 -18.7086 -34.3353 -43.9139 -33.8454 18.6568 5.7327 -29.7138 -40.3702 -46.1692 4.3555 22.1190 5.4389 -45.9938 -40.2404 -29.6681 3.6240 18.6483 -34.9906 -43.8990 -34.3452 -18.7117 29.9679 0.6474 -46.1342 -38.7780 -26.9862 24.1263 14.7104 -41.5063 -42.8659 -32.9283 -15.2137 26.7816 -6.5428 -45.7533 -37.7110 -25.2466 30.9950 12.1732 -44.0288 -42.0964 -31.9579 -11.8454 24.4106 -14.3774 -45.3555 -36.8280 -23.7263 33.2317 9.8260 -45.3797 -41.3312 -31.0183 -7.1395 22.1380 -23.0487 -44.8842 -35.9454 -22.1439 33.2144 6.8114
