0.1504 0.2064 0.3807 0.5056 0.2635 0.1416 0.1757 0.3030 0.5138 0.3861 0.1480 0.1555 0.2442 0.4583 0.4675 0.1747 0.1443 0.2016 0.3689 0.5092 0.2823 0.1419 0.1722 0.2934 0.5107 0.4004 0.1500 0.1534 0.2371 0.4457 0.4758 0.1835 0.1434 0.1967 0.3569 0.5122 0.3015 0.1423 0.1689 0.2842 0.5059 0.4138 0.1524 0.1515 0.2304 0.4326 0.4835 0.1966 0.1422 0.1834 0.2558 0.1834 0.1422 0.1966 0.4835 0.4326 0.2304 0.1515 0.1524 0.4138 0.5059 0.2842 0.1689 0.1423 0.3015 0.5122 0.3569 0.1967 0.1434 0.1835 0.4758 0.4457 0.2371 0.1534 0.1500 0.4004 0.5107 0.2934 0.1722 0.1419 0.2823 0.5092 0.3689 0.2016 0.1443 0.1747 0.4675 0.4583 0.2442 0.1555 0.1480 0.3861 0.5138 0.3030 0.1757 0.1416 0.2635 0.5056 0.3807 0.2064 0.1504
0.2064 0.3810 0.5067 0.2661 0.1358 0.1714 0.3002 0.5145 0.3894 0.1427 0.1506 0.2407 0.4573 0.4697 0.1723 0.1388 0.1976 0.3667 0.5106 0.2862 0.1360 0.1678 0.2905 0.5112 0.4036 0.1448 0.1484 0.2336 0.4444 0.4779 0.1823 0.1377 0.1926 0.3545 0.5135 0.3055 0.1365 0.1644 0.2812 0.5062 0.4168 0.1474 0.1464 0.2268 0.4313 0.4853 0.1957 0.1368 0.1856 0.3235 0.4785 0.3235 0.1856 0.1368 0.1957 0.4853 0.4313 0.2268 0.1464 0.1474 0.4168 0.5062 0.2812 0.1644 0.1365 0.3055 0.5135 0.3545 0.1926 0.1377 0.1823 0.4779 0.4444 0.2336 0.1484 0.1448 0.4036 0.5112 0.2905 0.1678 0.1360 0.2862 0.5106 0.3667 0.1976 0.1388 0.1723 0.4697 0.4573 0.2407 0.1506 0.1427 0.3894 0.5145 0.3002 0.1714 0.1358 0.2661 0.5067 0.3810 0.2064
0.3807 0.5067 0.2689 0.1358 0.1703 0.2969 0.5135 0.3947 0.1434 0.1497 0.2379 0.4524 0.4730 0.1759 0.1384 0.1956 0.3619 0.5118 0.2939 0.1362 0.1664 0.2868 0.5094 0.4089 0.1458 0.1476 0.2309 0.4393 0.4809 0.1871 0.1374 0.1907 0.3499 0.5143 0.3129 0.1367 0.1631 0.2776 0.5037 0.4218 0.1486 0.1456 0.2242 0.4261 0.4879 0.2013 0.1366 0.1855 0.3333 0.5161 0.4568 0.5161 0.3333 0.1855 0.1366 0.2013 0.4879 0.4261 0.2242 0.1456 0.1486 0.4218 0.5037 0.2776 0.1631 0.1367 0.3129 0.5143 0.3499 0.1907 0.1374 0.1871 0.4809 0.4393 0.2309 0.1476 0.1458 0.4089 0.5094 0.2868 0.1664 0.1362 0.2939 0.5118 0.3619 0.1956 0.1384 0.1759 0.4730 0.4524 0.2379 0.1497 0.1434 0.3947 0.5135 0.2969 0.1703 0.1358 0.2689 0.5067 0.3807
0.5056 0.2661 0.1358 0.1699 0.2950 0.5126 0.3990 0.1442 0.1490 0.2353 0.4476 0.4761 0.1798 0.1380 0.1937 0.3572 0.5129 0.3014 0.1364 0.1651 0.2831 0.5074 0.4141 0.1469 0.1468 0.2282 0.4341 0.4837 0.1923 0.1371 0.1888 0.3452 0.5151 0.3202 0.1370 0.1619 0.2742 0.5010 0.4266 0.1499 0.1449 0.2217 0.4208 0.4905 0.2075 0.1364 0.1841 0.3324 0.5167 0.3670 0.1641 0.3670 0.5167 0.3324 0.1841 0.1364 0.2075 0.4905 0.4208 0.2217 0.1449 0.1499 0.4266 0.5010 0.2742 0.1619 0.1370 0.3202 0.5151 0.3452 0.1888 0.1371 0.1923 0.4837 0.4341 0.2282 0.1468 0.1469 0.4141 0.5074 0.2831 0.1651 0.1364 0.3014 0.5129 0.3572 0.1937 0.1380 0.1798 0.4761 0.4476 0.2353 0.1490 0.1442 0.3990 0.5126 0.2950 0.1699 0.1358 0.2661 0.5056
0.2635 0.1358 0.1703 0.2950 0.5123 0.4015 0.1447 0.1484 0.2331 0.4432 0.4788 0.1840 0.1376 0.1918 0.3526 0.5139 0.3087 0.1366 0.1638 0.2796 0.5051 0.4191 0.1480 0.1460 0.2256 0.4289 0.4865 0.1979 0.1368 0.1870 0.3407 0.5158 0.3274 0.1374 0.1607 0.2707 0.4979 0.4313 0.1512 0.1442 0.2192 0.4156 0.4929 0.2141 0.1362 0.1825 0.3290 0.5169 0.3523 0.1400 0.1380 0.1400 0.3523 0.5169 0.3290 0.1825 0.1362 0.2141 0.4929 0.4156 0.2192 0.1442 0.1512 0.4313 0.4979 0.2707 0.1607 0.1374 0.3274 0.5158 0.3407 0.1870 0.1368 0.1979 0.4865 0.4289 0.2256 0.1460 0.1480 0.4191 0.5051 0.2796 0.1638 0.1366 0.3087 0.5139 0.3526 0.1918 0.1376 0.1840 0.4788 0.4432 0.2331 0.1484 0.1447 0.4015 0.5123 0.2950 0.1703 0.1358 0.2635
0.1416 0.1714 0.2969 0.5126 0.4015 0.1449 0.1481 0.2316 0.4397 0.4811 0.1879 0.1373 0.1901 0.3482 0.5147 0.3159 0.1369 0.1626 0.2761 0.5026 0.4240 0.1492 0.1453 0.2231 0.4237 0.4891 0.2040 0.1365 0.1852 0.3362 0.5163 0.3344 0.1377 0.1595 0.2673 0.4946 0.4359 0.1527 0.1435 0.2167 0.4104 0.4953 0.2211 0.1361 0.1808 0.3249 0.5170 0.3537 0.1392 0.1513 0.1960 0.1513 0.1392 0.3537 0.5170 0.3249 0.1808 0.1361 0.2211 0.4953 0.4104 0.2167 0.1435 0.1527 0.4359 0.4946 0.2673 0.1595 0.1377 0.3344 0.5163 0.3362 0.1852 0.1365 0.2040 0.4891 0.4237 0.2231 0.1453 0.1492 0.4240 0.5026 0.2761 0.1626 0.1369 0.3159 0.5147 0.3482 0.1901 0.1373 0.1879 0.4811 0.4397 0.2316 0.1481 0.1449 0.4015 0.5126 0.2969 0.1714 0.1416
0.1757 0.3002 0.5135 0.3990 0.1447 0.1481 0.2311 0.4378 0.4825 0.1912 0.1371 0.1887 0.3444 0.5153 0.3225 0.1372 0.1614 0.2727 0.4997 0.4287 0.1504 0.1446 0.2206 0.4186 0.4916 0.2103 0.1363 0.1835 0.3318 0.5167 0.3413 0.1381 0.1584 0.2640 0.4911 0.4403 0.1542 0.1429 0.2144 0.4052 0.4975 0.2282 0.1359 0.1792 0.3207 0.5171 0.3589 0.1395 0.1542 0.2420 0.3634 0.2420 0.1542 0.1395 0.3589 0.5171 0.3207 0.1792 0.1359 0.2282 0.4975 0.4052 0.2144 0.1429 0.1542 0.4403 0.4911 0.2640 0.1584 0.1381 0.3413 0.5167 0.3318 0.1835 0.1363 0.2103 0.4916 0.4186 0.2206 0.1446 0.1504 0.4287 0.4997 0.2727 0.1614 0.1372 0.3225 0.5153 0.3444 0.1887 0.1371 0.1912 0.4825 0.4378 0.2311 0.1481 0.1447 0.3990 0.5135 0.3002 0.1757
0.3030 0.5145 0.3947 0.1442 0.1484 0.2316 0.4378 0.4831 0.1931 0.1370 0.1876 0.3412 0.5158 0.3283 0.1374 0.1603 0.2696 0.4968 0.4331 0.1518 0.1439 0.2181 0.4134 0.4940 0.2171 0.1361 0.1818 0.3275 0.5170 0.3480 0.1386 0.1572 0.2608 0.4873 0.4445 0.1559 0.1423 0.2120 0.4000 0.4996 0.2356 0.1358 0.1776 0.3166 0.5169 0.3649 0.1399 0.1542 0.2493 0.4559 0.5109 0.4559 0.2493 0.1542 0.1399 0.3649 0.5169 0.3166 0.1776 0.1358 0.2356 0.4996 0.4000 0.2120 0.1423 0.1559 0.4445 0.4873 0.2608 0.1572 0.1386 0.3480 0.5170 0.3275 0.1818 0.1361 0.2171 0.4940 0.4134 0.2181 0.1439 0.1518 0.4331 0.4968 0.2696 0.1603 0.1374 0.3283 0.5158 0.3412 0.1876 0.1370 0.1931 0.4831 0.4378 0.2316 0.1484 0.1442 0.3947 0.5145 0.3030
0.5138 0.3894 0.1434 0.1490 0.2331 0.4397 0.4825 0.1931 0.1369 0.1870 0.3392 0.5161 0.3329 0.1377 0.1594 0.2668 0.4938 0.4372 0.1532 0.1433 0.2158 0.4083 0.4962 0.2240 0.1360 0.1801 0.3232 0.5171 0.3546 0.1390 0.1562 0.2577 0.4833 0.4486 0.1578 0.1417 0.2098 0.3949 0.5015 0.2430 0.1358 0.1760 0.3125 0.5166 0.3711 0.1405 0.1534 0.2488 0.4668 0.4731 0.3077 0.4731 0.4668 0.2488 0.1534 0.1405 0.3711 0.5166 0.3125 0.1760 0.1358 0.2430 0.5015 0.3949 0.2098 0.1417 0.1578 0.4486 0.4833 0.2577 0.1562 0.1390 0.3546 0.5171 0.3232 0.1801 0.1360 0.2240 0.4962 0.4083 0.2158 0.1433 0.1532 0.4372 0.4938 0.2668 0.1594 0.1377 0.3329 0.5161 0.3392 0.1870 0.1369 0.1931 0.4825 0.4397 0.2331 0.1490 0.1434 0.3894 0.5138
0.3861 0.1427 0.1497 0.2353 0.4432 0.4811 0.1912 0.1370 0.1870 0.3384 0.5163 0.3360 0.1379 0.1587 0.2644 0.4910 0.4408 0.1546 0.1427 0.2136 0.4034 0.4983 0.2311 0.1359 0.1785 0.3190 0.5170 0.3610 0.1396 0.1551 0.2546 0.4791 0.4526 0.1598 0.1411 0.2075 0.3899 0.5034 0.2505 0.1357 0.1745 0.3084 0.5161 0.3771 0.1411 0.1525 0.2464 0.4659 0.4662 0.1807 0.1351 0.1807 0.4662 0.4659 0.2464 0.1525 0.1411 0.3771 0.5161 0.3084 0.1745 0.1357 0.2505 0.5034 0.3899 0.2075 0.1411 0.1598 0.4526 0.4791 0.2546 0.1551 0.1396 0.3610 0.5170 0.3190 0.1785 0.1359 0.2311 0.4983 0.4034 0.2136 0.1427 0.1546 0.4408 0.4910 0.2644 0.1587 0.1379 0.3360 0.5163 0.3384 0.1870 0.1370 0.1912 0.4811 0.4432 0.2353 0.1497 0.1427 0.3861
0.1480 0.1506 0.2379 0.4476 0.4788 0.1879 0.1371 0.1876 0.3392 0.5163 0.3371 0.1380 0.1582 0.2627 0.4887 0.4438 0.1559 0.1422 0.2116 0.3988 0.5002 0.2380 0.1358 0.1770 0.3149 0.5168 0.3674 0.1401 0.1541 0.2515 0.4747 0.4565 0.1620 0.1406 0.2053 0.3848 0.5051 0.2581 0.1357 0.1730 0.3045 0.5154 0.3831 0.1418 0.1516 0.2437 0.4622 0.4670 0.1722 0.1368 0.1597 0.1368 0.1722 0.4670 0.4622 0.2437 0.1516 0.1418 0.3831 0.5154 0.3045 0.1730 0.1357 0.2581 0.5051 0.3848 0.2053 0.1406 0.1620 0.4565 0.4747 0.2515 0.1541 0.1401 0.3674 0.5168 0.3149 0.1770 0.1358 0.2380 0.5002 0.3988 0.2116 0.1422 0.1559 0.4438 0.4887 0.2627 0.1582 0.1380 0.3371 0.5163 0.3392 0.1876 0.1371 0.1879 0.4788 0.4476 0.2379 0.1506 0.1480
0.1555 0.2407 0.4524 0.4761 0.1840 0.1373 0.1887 0.3412 0.5161 0.3360 0.1380 0.1581 0.2618 0.4871 0.4459 0.1570 0.1418 0.2100 0.3948 0.5018 0.2446 0.1358 0.1755 0.3110 0.5164 0.3734 0.1408 0.1531 0.2485 0.4701 0.4602 0.1644 0.1400 0.2032 0.3799 0.5068 0.2658 0.1358 0.1715 0.3006 0.5146 0.3889 0.1426 0.1507 0.2409 0.4576 0.4697 0.1730 0.1382 0.1883 0.2686 0.1883 0.1382 0.1730 0.4697 0.4576 0.2409 0.1507 0.1426 0.3889 0.5146 0.3006 0.1715 0.1358 0.2658 0.5068 0.3799 0.2032 0.1400 0.1644 0.4602 0.4701 0.2485 0.1531 0.1408 0.3734 0.5164 0.3110 0.1755 0.1358 0.2446 0.5018 0.3948 0.2100 0.1418 0.1570 0.4459 0.4871 0.2618 0.1581 0.1380 0.3360 0.5161 0.3412 0.1887 0.1373 0.1840 0.4761 0.4524 0.2407 0.1555
0.2442 0.4573 0.4730 0.1798 0.1376 0.1901 0.3444 0.5158 0.3329 0.1379 0.1582 0.2618 0.4866 0.4470 0.1577 0.1415 0.2087 0.3914 0.5031 0.2505 0.1357 0.1742 0.3074 0.5159 0.3791 0.1414 0.1522 0.2456 0.4655 0.4638 0.1671 0.1396 0.2011 0.3749 0.5083 0.2734 0.1358 0.1701 0.2967 0.5135 0.3945 0.1434 0.1498 0.2381 0.4527 0.4728 0.1759 0.1382 0.1935 0.3421 0.4944 0.3421 0.1935 0.1382 0.1759 0.4728 0.4527 0.2381 0.1498 0.1434 0.3945 0.5135 0.2967 0.1701 0.1358 0.2734 0.5083 0.3749 0.2011 0.1396 0.1671 0.4638 0.4655 0.2456 0.1522 0.1414 0.3791 0.5159 0.3074 0.1742 0.1357 0.2505 0.5031 0.3914 0.2087 0.1415 0.1577 0.4470 0.4866 0.2618 0.1582 0.1379 0.3329 0.5158 0.3444 0.1901 0.1376 0.1798 0.4730 0.4573 0.2442
0.4583 0.4697 0.1759 0.1380 0.1918 0.3482 0.5153 0.3283 0.1377 0.1587 0.2627 0.4871 0.4470 0.1580 0.1414 0.2078 0.3890 0.5042 0.2554 0.1357 0.1730 0.3042 0.5153 0.3844 0.1420 0.1513 0.2428 0.4608 0.4673 0.1700 0.1391 0.1990 0.3700 0.5097 0.2811 0.1359 0.1687 0.2930 0.5122 0.4000 0.1442 0.1490 0.2354 0.4478 0.4759 0.1796 0.1379 0.1932 0.3524 0.5152 0.4402 0.5152 0.3524 0.1932 0.1379 0.1796 0.4759 0.4478 0.2354 0.1490 0.1442 0.4000 0.5122 0.2930 0.1687 0.1359 0.2811 0.5097 0.3700 0.1990 0.1391 0.1700 0.4673 0.4608 0.2428 0.1513 0.1420 0.3844 0.5153 0.3042 0.1730 0.1357 0.2554 0.5042 0.3890 0.2078 0.1414 0.1580 0.4470 0.4871 0.2627 0.1587 0.1377 0.3283 0.5153 0.3482 0.1918 0.1380 0.1759 0.4697 0.4583
0.4675 0.1723 0.1384 0.1937 0.3526 0.5147 0.3225 0.1374 0.1594 0.2644 0.4887 0.4459 0.1577 0.1414 0.2075 0.3877 0.5048 0.2589 0.1357 0.1721 0.3015 0.5147 0.3890 0.1427 0.1505 0.2402 0.4562 0.4705 0.1733 0.1387 0.1970 0.3652 0.5110 0.2886 0.1361 0.1673 0.2893 0.5106 0.4054 0.1451 0.1481 0.2327 0.4427 0.4789 0.1839 0.1376 0.1918 0.3515 0.5145 0.3393 0.1545 0.3393 0.5145 0.3515 0.1918 0.1376 0.1839 0.4789 0.4427 0.2327 0.1481 0.1451 0.4054 0.5106 0.2893 0.1673 0.1361 0.2886 0.5110 0.3652 0.1970 0.1387 0.1733 0.4705 0.4562 0.2402 0.1505 0.1427 0.3890 0.5147 0.3015 0.1721 0.1357 0.2589 0.5048 0.3877 0.2075 0.1414 0.1577 0.4459 0.4887 0.2644 0.1594 0.1374 0.3225 0.5147 0.3526 0.1937 0.1384 0.1723 0.4675
0.1747 0.1388 0.1956 0.3572 0.5139 0.3159 0.1372 0.1603 0.2668 0.4910 0.4438 0.1570 0.1415 0.2078 0.3877 0.5050 0.2608 0.1358 0.1715 0.2994 0.5140 0.3929 0.1433 0.1498 0.2379 0.4519 0.4734 0.1767 0.1383 0.1951 0.3605 0.5121 0.2961 0.1362 0.1660 0.2856 0.5088 0.4106 0.1461 0.1473 0.2300 0.4376 0.4818 0.1887 0.1373 0.1900 0.3479 0.5148 0.3232 0.1377 0.1401 0.1377 0.3232 0.5148 0.3479 0.1900 0.1373 0.1887 0.4818 0.4376 0.2300 0.1473 0.1461 0.4106 0.5088 0.2856 0.1660 0.1362 0.2961 0.5121 0.3605 0.1951 0.1383 0.1767 0.4734 0.4519 0.2379 0.1498 0.1433 0.3929 0.5140 0.2994 0.1715 0.1358 0.2608 0.5050 0.3877 0.2078 0.1415 0.1570 0.4438 0.4910 0.2668 0.1603 0.1372 0.3159 0.5139 0.3572 0.1956 0.1388 0.1747
0.1443 0.1976 0.3619 0.5129 0.3087 0.1369 0.1614 0.2696 0.4938 0.4408 0.1559 0.1418 0.2087 0.3890 0.5048 0.2608 0.1358 0.1711 0.2981 0.5135 0.3958 0.1438 0.1493 0.2359 0.4481 0.4760 0.1801 0.1379 0.1933 0.3561 0.5131 0.3035 0.1364 0.1647 0.2820 0.5067 0.4157 0.1472 0.1465 0.2274 0.4325 0.4846 0.1940 0.1370 0.1882 0.3436 0.5154 0.3247 0.1373 0.1555 0.2050 0.1555 0.1373 0.3247 0.5154 0.3436 0.1882 0.1370 0.1940 0.4846 0.4325 0.2274 0.1465 0.1472 0.4157 0.5067 0.2820 0.1647 0.1364 0.3035 0.5131 0.3561 0.1933 0.1379 0.1801 0.4760 0.4481 0.2359 0.1493 0.1438 0.3958 0.5135 0.2981 0.1711 0.1358 0.2608 0.5048 0.3890 0.2087 0.1418 0.1559 0.4408 0.4938 0.2696 0.1614 0.1369 0.3087 0.5129 0.3619 0.1976 0.1443
0.2016 0.3667 0.5118 0.3014 0.1366 0.1626 0.2727 0.4968 0.4372 0.1546 0.1422 0.2100 0.3914 0.5042 0.2589 0.1358 0.1711 0.2977 0.5133 0.3976 0.1441 0.1488 0.2343 0.4447 0.4782 0.1835 0.1376 0.1917 0.3520 0.5140 0.3103 0.1367 0.1635 0.2786 0.5044 0.4206 0.1483 0.1458 0.2248 0.4273 0.4873 0.1998 0.1367 0.1864 0.3392 0.5160 0.3303 0.1375 0.1588 0.2549 0.3845 0.2549 0.1588 0.1375 0.3303 0.5160 0.3392 0.1864 0.1367 0.1998 0.4873 0.4273 0.2248 0.1458 0.1483 0.4206 0.5044 0.2786 0.1635 0.1367 0.3103 0.5140 0.3520 0.1917 0.1376 0.1835 0.4782 0.4447 0.2343 0.1488 0.1441 0.3976 0.5133 0.2977 0.1711 0.1358 0.2589 0.5042 0.3914 0.2100 0.1422 0.1546 0.4372 0.4968 0.2727 0.1626 0.1366 0.3014 0.5118 0.3667 0.2016
0.3689 0.5106 0.2939 0.1364 0.1638 0.2761 0.4997 0.4331 0.1532 0.1427 0.2116 0.3948 0.5031 0.2554 0.1357 0.1715 0.2981 0.5133 0.3982 0.1443 0.1486 0.2331 0.4422 0.4799 0.1865 0.1374 0.1903 0.3483 0.5147 0.3166 0.1369 0.1623 0.2753 0.5018 0.4253 0.1495 0.1451 0.2223 0.4221 0.4899 0.2059 0.1365 0.1847 0.3348 0.5165 0.3368 0.1379 0.1587 0.2626 0.4759 0.5052 0.4759 0.2626 0.1587 0.1379 0.3368 0.5165 0.3348 0.1847 0.1365 0.2059 0.4899 0.4221 0.2223 0.1451 0.1495 0.4253 0.5018 0.2753 0.1623 0.1369 0.3166 0.5147 0.3483 0.1903 0.1374 0.1865 0.4799 0.4422 0.2331 0.1486 0.1443 0.3982 0.5133 0.2981 0.1715 0.1357 0.2554 0.5031 0.3948 0.2116 0.1427 0.1532 0.4331 0.4997 0.2761 0.1638 0.1364 0.2939 0.5106 0.3689
0.5092 0.2862 0.1362 0.1651 0.2796 0.5026 0.4287 0.1518 0.1433 0.2136 0.3988 0.5018 0.2505 0.1357 0.1721 0.2994 0.5135 0.3976 0.1443 0.1485 0.2326 0.4406 0.4811 0.1890 0.1372 0.1892 0.3452 0.5153 0.3223 0.1372 0.1613 0.2722 0.4992 0.4297 0.1508 0.1444 0.2199 0.4170 0.4923 0.2124 0.1363 0.1830 0.3305 0.5168 0.3434 0.1383 0.1579 0.2620 0.4855 0.4585 0.2757 0.4585 0.4855 0.2620 0.1579 0.1383 0.3434 0.5168 0.3305 0.1830 0.1363 0.2124 0.4923 0.4170 0.2199 0.1444 0.1508 0.4297 0.4992 0.2722 0.1613 0.1372 0.3223 0.5153 0.3452 0.1892 0.1372 0.1890 0.4811 0.4406 0.2326 0.1485 0.1443 0.3976 0.5135 0.2994 0.1721 0.1357 0.2505 0.5018 0.3988 0.2136 0.1433 0.1518 0.4287 0.5026 0.2796 0.1651 0.1362 0.2862 0.5092
0.2823 0.1360 0.1664 0.2831 0.5051 0.4240 0.1504 0.1439 0.2158 0.4034 0.5002 0.2446 0.1357 0.1730 0.3015 0.5140 0.3958 0.1441 0.1486 0.2326 0.4401 0.4817 0.1905 0.1371 0.1883 0.3427 0.5157 0.3271 0.1374 0.1604 0.2695 0.4965 0.4337 0.1521 0.1438 0.2175 0.4120 0.4946 0.2191 0.1361 0.1813 0.3262 0.5170 0.3501 0.1387 0.1569 0.2595 0.4848 0.4502 0.1657 0.1345 0.1657 0.4502 0.4848 0.2595 0.1569 0.1387 0.3501 0.5170 0.3262 0.1813 0.1361 0.2191 0.4946 0.4120 0.2175 0.1438 0.1521 0.4337 0.4965 0.2695 0.1604 0.1374 0.3271 0.5157 0.3427 0.1883 0.1371 0.1905 0.4817 0.4401 0.2326 0.1486 0.1441 0.3958 0.5140 0.3015 0.1730 0.1357 0.2446 0.5002 0.4034 0.2158 0.1439 0.1504 0.4240 0.5051 0.2831 0.1664 0.1360 0.2823
0.1419 0.1678 0.2868 0.5074 0.4191 0.1492 0.1446 0.2181 0.4083 0.4983 0.2380 0.1358 0.1742 0.3042 0.5147 0.3929 0.1438 0.1488 0.2331 0.4406 0.4817 0.1911 0.1370 0.1877 0.3409 0.5159 0.3309 0.1376 0.1596 0.2671 0.4939 0.4373 0.1533 0.1432 0.2154 0.4072 0.4967 0.2259 0.1360 0.1797 0.3219 0.5171 0.3566 0.1392 0.1558 0.2566 0.4816 0.4511 0.1605 0.1385 0.1650 0.1385 0.1605 0.4511 0.4816 0.2566 0.1558 0.1392 0.3566 0.5171 0.3219 0.1797 0.1360 0.2259 0.4967 0.4072 0.2154 0.1432 0.1533 0.4373 0.4939 0.2671 0.1596 0.1376 0.3309 0.5159 0.3409 0.1877 0.1370 0.1911 0.4817 0.4406 0.2331 0.1488 0.1438 0.3929 0.5147 0.3042 0.1742 0.1358 0.2380 0.4983 0.4083 0.2181 0.1446 0.1492 0.4191 0.5074 0.2868 0.1678 0.1419
0.1722 0.2905 0.5094 0.4141 0.1480 0.1453 0.2206 0.4134 0.4962 0.2311 0.1358 0.1755 0.3074 0.5153 0.3890 0.1433 0.1493 0.2343 0.4422 0.4811 0.1905 0.1370 0.1875 0.3400 0.5161 0.3336 0.1378 0.1590 0.2652 0.4916 0.4404 0.1545 0.1427 0.2134 0.4027 0.4986 0.2326 0.1359 0.1781 0.3178 0.5170 0.3630 0.1397 0.1548 0.2536 0.4776 0.4542 0.1611 0.1402 0.1966 0.2838 0.1966 0.1402 0.1611 0.4542 0.4776 0.2536 0.1548 0.1397 0.3630 0.5170 0.3178 0.1781 0.1359 0.2326 0.4986 0.4027 0.2134 0.1427 0.1545 0.4404 0.4916 0.2652 0.1590 0.1378 0.3336 0.5161 0.3400 0.1875 0.1370 0.1905 0.4811 0.4422 0.2343 0.1493 0.1433 0.3890 0.5153 0.3074 0.1755 0.1358 0.2311 0.4962 0.4134 0.2206 0.1453 0.1480 0.4141 0.5094 0.2905 0.1722
0.2934 0.5112 0.4089 0.1469 0.1460 0.2231 0.4186 0.4940 0.2240 0.1359 0.1770 0.3110 0.5159 0.3844 0.1427 0.1498 0.2359 0.4447 0.4799 0.1890 0.1371 0.1877 0.3400 0.5162 0.3350 0.1379 0.1586 0.2637 0.4896 0.4429 0.1556 0.1423 0.2117 0.3987 0.5003 0.2389 0.1358 0.1767 0.3140 0.5167 0.3691 0.1403 0.1538 0.2506 0.4732 0.4578 0.1629 0.1402 0.2021 0.3620 0.5061 0.3620 0.2021 0.1402 0.1629 0.4578 0.4732 0.2506 0.1538 0.1403 0.3691 0.5167 0.3140 0.1767 0.1358 0.2389 0.5003 0.3987 0.2117 0.1423 0.1556 0.4429 0.4896 0.2637 0.1586 0.1379 0.3350 0.5162 0.3400 0.1877 0.1371 0.1890 0.4799 0.4447 0.2359 0.1498 0.1427 0.3844 0.5159 0.3110 0.1770 0.1359 0.2240 0.4940 0.4186 0.2231 0.1460 0.1469 0.4089 0.5112 0.2934
0.5107 0.4036 0.1458 0.1468 0.2256 0.4237 0.4916 0.2171 0.1360 0.1785 0.3149 0.5164 0.3791 0.1420 0.1505 0.2379 0.4481 0.4782 0.1865 0.1372 0.1883 0.3409 0.5161 0.3350 0.1380 0.1584 0.2627 0.4882 0.4448 0.1565 0.1419 0.2103 0.3952 0.5017 0.2447 0.1357 0.1753 0.3104 0.5164 0.3748 0.1409 0.1529 0.2476 0.4687 0.4614 0.1653 0.1398 0.2018 0.3728 0.5118 0.4210 0.5118 0.3728 0.2018 0.1398 0.1653 0.4614 0.4687 0.2476 0.1529 0.1409 0.3748 0.5164 0.3104 0.1753 0.1357 0.2447 0.5017 0.3952 0.2103 0.1419 0.1565 0.4448 0.4882 0.2627 0.1584 0.1380 0.3350 0.5161 0.3409 0.1883 0.1372 0.1865 0.4782 0.4481 0.2379 0.1505 0.1420 0.3791 0.5164 0.3149 0.1785 0.1360 0.2171 0.4916 0.4237 0.2256 0.1468 0.1458 0.4036 0.5107
0.4004 0.1448 0.1476 0.2282 0.4289 0.4891 0.2103 0.1361 0.1801 0.3190 0.5168 0.3734 0.1414 0.1513 0.2402 0.4519 0.4760 0.1835 0.1374 0.1892 0.3427 0.5159 0.3336 0.1379 0.1584 0.2624 0.4875 0.4459 0.1572 0.1417 0.2091 0.3923 0.5029 0.2499 0.1357 0.1742 0.3072 0.5159 0.3800 0.1415 0.1520 0.2449 0.4642 0.4648 0.1680 0.1394 0.2002 0.3719 0.5100 0.3088 0.1478 0.3088 0.5100 0.3719 0.2002 0.1394 0.1680 0.4648 0.4642 0.2449 0.1520 0.1415 0.3800 0.5159 0.3072 0.1742 0.1357 0.2499 0.5029 0.3923 0.2091 0.1417 0.1572 0.4459 0.4875 0.2624 0.1584 0.1379 0.3336 0.5159 0.3427 0.1892 0.1374 0.1835 0.4760 0.4519 0.2402 0.1513 0.1414 0.3734 0.5168 0.3190 0.1801 0.1361 0.2103 0.4891 0.4289 0.2282 0.1476 0.1448 0.4004
0.1500 0.1484 0.2309 0.4341 0.4865 0.2040 0.1363 0.1818 0.3232 0.5170 0.3674 0.1408 0.1522 0.2428 0.4562 0.4734 0.1801 0.1376 0.1903 0.3452 0.5157 0.3309 0.1378 0.1586 0.2627 0.4875 0.4463 0.1576 0.1415 0.2083 0.3901 0.5038 0.2542 0.1357 0.1731 0.3043 0.5153 0.3848 0.1421 0.1512 0.2423 0.4598 0.4681 0.1709 0.1390 0.1984 0.3681 0.5104 0.2916 0.1362 0.1427 0.1362 0.2916 0.5104 0.3681 0.1984 0.1390 0.1709 0.4681 0.4598 0.2423 0.1512 0.1421 0.3848 0.5153 0.3043 0.1731 0.1357 0.2542 0.5038 0.3901 0.2083 0.1415 0.1576 0.4463 0.4875 0.2627 0.1586 0.1378 0.3309 0.5157 0.3452 0.1903 0.1376 0.1801 0.4734 0.4562 0.2428 0.1522 0.1408 0.3674 0.5170 0.3232 0.1818 0.1363 0.2040 0.4865 0.4341 0.2309 0.1484 0.1500
0.1534 0.2336 0.4393 0.4837 0.1979 0.1365 0.1835 0.3275 0.5171 0.3610 0.1401 0.1531 0.2456 0.4608 0.4705 0.1767 0.1379 0.1917 0.3483 0.5153 0.3271 0.1376 0.1590 0.2637 0.4882 0.4459 0.1576 0.1415 0.2079 0.3887 0.5044 0.2574 0.1357 0.1723 0.3019 0.5147 0.3889 0.1427 0.1505 0.2399 0.4555 0.4711 0.1740 0.1385 0.1965 0.3638 0.5114 0.2931 0.1361 0.1604 0.2149 0.1604 0.1361 0.2931 0.5114 0.3638 0.1965 0.1385 0.1740 0.4711 0.4555 0.2399 0.1505 0.1427 0.3889 0.5147 0.3019 0.1723 0.1357 0.2574 0.5044 0.3887 0.2079 0.1415 0.1576 0.4459 0.4882 0.2637 0.1590 0.1376 0.3271 0.5153 0.3483 0.1917 0.1379 0.1767 0.4705 0.4608 0.2456 0.1531 0.1401 0.3610 0.5171 0.3275 0.1835 0.1365 0.1979 0.4837 0.4393 0.2336 0.1534
0.2371 0.4444 0.4809 0.1923 0.1368 0.1852 0.3318 0.5170 0.3546 0.1396 0.1541 0.2485 0.4655 0.4673 0.1733 0.1383 0.1933 0.3520 0.5147 0.3223 0.1374 0.1596 0.2652 0.4896 0.4448 0.1572 0.1415 0.2079 0.3883 0.5047 0.2594 0.1357 0.1717 0.3000 0.5142 0.3923 0.1432 0.1498 0.2378 0.4516 0.4738 0.1772 0.1382 0.1947 0.3594 0.5124 0.2987 0.1363 0.1640 0.2689 0.4066 0.2689 0.1640 0.1363 0.2987 0.5124 0.3594 0.1947 0.1382 0.1772 0.4738 0.4516 0.2378 0.1498 0.1432 0.3923 0.5142 0.3000 0.1717 0.1357 0.2594 0.5047 0.3883 0.2079 0.1415 0.1572 0.4448 0.4896 0.2652 0.1596 0.1374 0.3223 0.5147 0.3520 0.1933 0.1383 0.1733 0.4673 0.4655 0.2485 0.1541 0.1396 0.3546 0.5170 0.3318 0.1852 0.1368 0.1923 0.4809 0.4444 0.2371
0.4457 0.4779 0.1871 0.1371 0.1870 0.3362 0.5167 0.3480 0.1390 0.1551 0.2515 0.4701 0.4638 0.1700 0.1387 0.1951 0.3561 0.5140 0.3166 0.1372 0.1604 0.2671 0.4916 0.4429 0.1565 0.1417 0.2083 0.3887 0.5047 0.2601 0.1358 0.1714 0.2988 0.5137 0.3950 0.1437 0.1493 0.2360 0.4481 0.4761 0.1804 0.1379 0.1931 0.3553 0.5133 0.3052 0.1365 0.1639 0.2772 0.4929 0.4974 0.4929 0.2772 0.1639 0.1365 0.3052 0.5133 0.3553 0.1931 0.1379 0.1804 0.4761 0.4481 0.2360 0.1493 0.1437 0.3950 0.5137 0.2988 0.1714 0.1358 0.2601 0.5047 0.3887 0.2083 0.1417 0.1565 0.4429 0.4916 0.2671 0.1604 0.1372 0.3166 0.5140 0.3561 0.1951 0.1387 0.1700 0.4638 0.4701 0.2515 0.1551 0.1390 0.3480 0.5167 0.3362 0.1870 0.1371 0.1871 0.4779 0.4457
0.4758 0.1823 0.1374 0.1888 0.3407 0.5163 0.3413 0.1386 0.1562 0.2546 0.4747 0.4602 0.1671 0.1391 0.1970 0.3605 0.5131 0.3103 0.1369 0.1613 0.2695 0.4939 0.4404 0.1556 0.1419 0.2091 0.3901 0.5044 0.2594 0.1358 0.1712 0.2981 0.5134 0.3968 0.1440 0.1489 0.2345 0.4451 0.4781 0.1835 0.1376 0.1916 0.3515 0.5141 0.3115 0.1367 0.1631 0.2767 0.5006 0.4414 0.2425 0.4414 0.5006 0.2767 0.1631 0.1367 0.3115 0.5141 0.3515 0.1916 0.1376 0.1835 0.4781 0.4451 0.2345 0.1489 0.1440 0.3968 0.5134 0.2981 0.1712 0.1358 0.2594 0.5044 0.3901 0.2091 0.1419 0.1556 0.4404 0.4939 0.2695 0.1613 0.1369 0.3103 0.5131 0.3605 0.1970 0.1391 0.1671 0.4602 0.4747 0.2546 0.1562 0.1386 0.3413 0.5163 0.3407 0.1888 0.1374 0.1823 0.4758
0.1835 0.1377 0.1907 0.3452 0.5158 0.3344 0.1381 0.1572 0.2577 0.4791 0.4565 0.1644 0.1396 0.1990 0.3652 0.5121 0.3035 0.1367 0.1623 0.2722 0.4965 0.4373 0.1545 0.1423 0.2103 0.3923 0.5038 0.2574 0.1357 0.1714 0.2981 0.5133 0.3978 0.1442 0.1487 0.2335 0.4427 0.4797 0.1862 0.1374 0.1903 0.3481 0.5148 0.3174 0.1370 0.1621 0.2744 0.5004 0.4313 0.1559 0.1344 0.1559 0.4313 0.5004 0.2744 0.1621 0.1370 0.3174 0.5148 0.3481 0.1903 0.1374 0.1862 0.4797 0.4427 0.2335 0.1487 0.1442 0.3978 0.5133 0.2981 0.1714 0.1357 0.2574 0.5038 0.3923 0.2103 0.1423 0.1545 0.4373 0.4965 0.2722 0.1623 0.1367 0.3035 0.5121 0.3652 0.1990 0.1396 0.1644 0.4565 0.4791 0.2577 0.1572 0.1381 0.3344 0.5158 0.3452 0.1907 0.1377 0.1835
0.1434 0.1926 0.3499 0.5151 0.3274 0.1377 0.1584 0.2608 0.4833 0.4526 0.1620 0.1400 0.2011 0.3700 0.5110 0.2961 0.1364 0.1635 0.2753 0.4992 0.4337 0.1533 0.1427 0.2117 0.3952 0.5029 0.2542 0.1357 0.1717 0.2988 0.5134 0.3978 0.1443 0.1485 0.2328 0.4411 0.4808 0.1885 0.1372 0.1892 0.3452 0.5153 0.3226 0.1372 0.1612 0.2717 0.4984 0.4318 0.1524 0.1407 0.1712 0.1407 0.1524 0.4318 0.4984 0.2717 0.1612 0.1372 0.3226 0.5153 0.3452 0.1892 0.1372 0.1885 0.4808 0.4411 0.2328 0.1485 0.1443 0.3978 0.5134 0.2988 0.1717 0.1357 0.2542 0.5029 0.3952 0.2117 0.1427 0.1533 0.4337 0.4992 0.2753 0.1635 0.1364 0.2961 0.5110 0.3700 0.2011 0.1400 0.1620 0.4526 0.4833 0.2608 0.1584 0.1377 0.3274 0.5151 0.3499 0.1926 0.1434
0.1967 0.3545 0.5143 0.3202 0.1374 0.1595 0.2640 0.4873 0.4486 0.1598 0.1406 0.2032 0.3749 0.5097 0.2886 0.1362 0.1647 0.2786 0.5018 0.4297 0.1521 0.1432 0.2134 0.3987 0.5017 0.2499 0.1357 0.1723 0.3000 0.5137 0.3968 0.1442 0.1485 0.2326 0.4402 0.4815 0.1901 0.1371 0.1884 0.3429 0.5156 0.3270 0.1374 0.1603 0.2692 0.4960 0.4347 0.1527 0.1428 0.2061 0.3009 0.2061 0.1428 0.1527 0.4347 0.4960 0.2692 0.1603 0.1374 0.3270 0.5156 0.3429 0.1884 0.1371 0.1901 0.4815 0.4402 0.2326 0.1485 0.1442 0.3968 0.5137 0.3000 0.1723 0.1357 0.2499 0.5017 0.3987 0.2134 0.1432 0.1521 0.4297 0.5018 0.2786 0.1647 0.1362 0.2886 0.5097 0.3749 0.2032 0.1406 0.1598 0.4486 0.4873 0.2640 0.1595 0.1374 0.3202 0.5143 0.3545 0.1967
0.3569 0.5135 0.3129 0.1370 0.1607 0.2673 0.4911 0.4445 0.1578 0.1411 0.2053 0.3799 0.5083 0.2811 0.1361 0.1660 0.2820 0.5044 0.4253 0.1508 0.1438 0.2154 0.4027 0.5003 0.2447 0.1357 0.1731 0.3019 0.5142 0.3950 0.1440 0.1487 0.2328 0.4402 0.4818 0.1910 0.1370 0.1878 0.3412 0.5159 0.3306 0.1376 0.1596 0.2670 0.4937 0.4377 0.1536 0.1429 0.2123 0.3844 0.5131 0.3844 0.2123 0.1429 0.1536 0.4377 0.4937 0.2670 0.1596 0.1376 0.3306 0.5159 0.3412 0.1878 0.1370 0.1910 0.4818 0.4402 0.2328 0.1487 0.1440 0.3950 0.5142 0.3019 0.1731 0.1357 0.2447 0.5003 0.4027 0.2154 0.1438 0.1508 0.4253 0.5044 0.2820 0.1660 0.1361 0.2811 0.5083 0.3799 0.2053 0.1411 0.1578 0.4445 0.4911 0.2673 0.1607 0.1370 0.3129 0.5135 0.3569
0.5122 0.3055 0.1367 0.1619 0.2707 0.4946 0.4403 0.1559 0.1417 0.2075 0.3848 0.5068 0.2734 0.1359 0.1673 0.2856 0.5067 0.4206 0.1495 0.1444 0.2175 0.4072 0.4986 0.2389 0.1357 0.1742 0.3043 0.5147 0.3923 0.1437 0.1489 0.2335 0.4411 0.4815 0.1910 0.1370 0.1876 0.3402 0.5161 0.3332 0.1378 0.1590 0.2652 0.4915 0.4406 0.1547 0.1426 0.2125 0.3965 0.5057 0.3973 0.5057 0.3965 0.2125 0.1426 0.1547 0.4406 0.4915 0.2652 0.1590 0.1378 0.3332 0.5161 0.3402 0.1876 0.1370 0.1910 0.4815 0.4411 0.2335 0.1489 0.1437 0.3923 0.5147 0.3043 0.1742 0.1357 0.2389 0.4986 0.4072 0.2175 0.1444 0.1495 0.4206 0.5067 0.2856 0.1673 0.1359 0.2734 0.5068 0.3848 0.2075 0.1417 0.1559 0.4403 0.4946 0.2707 0.1619 0.1367 0.3055 0.5122
0.3015 0.1365 0.1631 0.2742 0.4979 0.4359 0.1542 0.1423 0.2098 0.3899 0.5051 0.2658 0.1358 0.1687 0.2893 0.5088 0.4157 0.1483 0.1451 0.2199 0.4120 0.4967 0.2326 0.1358 0.1753 0.3072 0.5153 0.3889 0.1432 0.1493 0.2345 0.4427 0.4808 0.1901 0.1370 0.1876 0.3398 0.5162 0.3348 0.1379 0.1586 0.2637 0.4897 0.4429 0.1557 0.1422 0.2114 0.3968 0.5024 0.2728 0.1426 0.2728 0.5024 0.3968 0.2114 0.1422 0.1557 0.4429 0.4897 0.2637 0.1586 0.1379 0.3348 0.5162 0.3398 0.1876 0.1370 0.1901 0.4808 0.4427 0.2345 0.1493 0.1432 0.3889 0.5153 0.3072 0.1753 0.1358 0.2326 0.4967 0.4120 0.2199 0.1451 0.1483 0.4157 0.5088 0.2893 0.1687 0.1358 0.2658 0.5051 0.3899 0.2098 0.1423 0.1542 0.4359 0.4979 0.2742 0.1631 0.1365 0.3015
0.1423 0.1644 0.2776 0.5010 0.4313 0.1527 0.1429 0.2120 0.3949 0.5034 0.2581 0.1358 0.1701 0.2930 0.5106 0.4106 0.1472 0.1458 0.2223 0.4170 0.4946 0.2259 0.1359 0.1767 0.3104 0.5159 0.3848 0.1427 0.1498 0.2360 0.4451 0.4797 0.1885 0.1371 0.1878 0.3402 0.5162 0.3354 0.1380 0.1583 0.2628 0.4883 0.4447 0.1565 0.1419 0.2101 0.3945 0.5024 0.2533 0.1352 0.1462 0.1352 0.2533 0.5024 0.3945 0.2101 0.1419 0.1565 0.4447 0.4883 0.2628 0.1583 0.1380 0.3354 0.5162 0.3402 0.1878 0.1371 0.1885 0.4797 0.4451 0.2360 0.1498 0.1427 0.3848 0.5159 0.3104 0.1767 0.1359 0.2259 0.4946 0.4170 0.2223 0.1458 0.1472 0.4106 0.5106 0.2930 0.1701 0.1358 0.2581 0.5034 0.3949 0.2120 0.1429 0.1527 0.4313 0.5010 0.2776 0.1644 0.1423
0.1689 0.2812 0.5037 0.4266 0.1512 0.1435 0.2144 0.4000 0.5015 0.2505 0.1357 0.1715 0.2967 0.5122 0.4054 0.1461 0.1465 0.2248 0.4221 0.4923 0.2191 0.1360 0.1781 0.3140 0.5164 0.3800 0.1421 0.1505 0.2378 0.4481 0.4781 0.1862 0.1372 0.1884 0.3412 0.5161 0.3348 0.1380 0.1582 0.2623 0.4874 0.4460 0.1572 0.1417 0.2091 0.3920 0.5031 0.2524 0.1356 0.1668 0.2276 0.1668 0.1356 0.2524 0.5031 0.3920 0.2091 0.1417 0.1572 0.4460 0.4874 0.2623 0.1582 0.1380 0.3348 0.5161 0.3412 0.1884 0.1372 0.1862 0.4781 0.4481 0.2378 0.1505 0.1421 0.3800 0.5164 0.3140 0.1781 0.1360 0.2191 0.4923 0.4221 0.2248 0.1465 0.1461 0.4054 0.5122 0.2967 0.1715 0.1357 0.2505 0.5015 0.4000 0.2144 0.1435 0.1512 0.4266 0.5037 0.2812 0.1689
0.2842 0.5062 0.4218 0.1499 0.1442 0.2167 0.4052 0.4996 0.2430 0.1357 0.1730 0.3006 0.5135 0.4000 0.1451 0.1473 0.2274 0.4273 0.4899 0.2124 0.1361 0.1797 0.3178 0.5167 0.3748 0.1415 0.1512 0.2399 0.4516 0.4761 0.1835 0.1374 0.1892 0.3429 0.5159 0.3332 0.1379 0.1583 0.2623 0.4871 0.4466 0.1576 0.1415 0.2083 0.3900 0.5039 0.2550 0.1357 0.1713 0.2874 0.4336 0.2874 0.1713 0.1357 0.2550 0.5039 0.3900 0.2083 0.1415 0.1576 0.4466 0.4871 0.2623 0.1583 0.1379 0.3332 0.5159 0.3429 0.1892 0.1374 0.1835 0.4761 0.4516 0.2399 0.1512 0.1415 0.3748 0.5167 0.3178 0.1797 0.1361 0.2124 0.4899 0.4273 0.2274 0.1473 0.1451 0.4000 0.5135 0.3006 0.1730 0.1357 0.2430 0.4996 0.4052 0.2167 0.1442 0.1499 0.4218 0.5062 0.2842
0.5059 0.4168 0.1486 0.1449 0.2192 0.4104 0.4975 0.2356 0.1358 0.1745 0.3045 0.5146 0.3945 0.1442 0.1481 0.2300 0.4325 0.4873 0.2059 0.1363 0.1813 0.3219 0.5170 0.3691 0.1409 0.1520 0.2423 0.4555 0.4738 0.1804 0.1376 0.1903 0.3452 0.5156 0.3306 0.1378 0.1586 0.2628 0.4874 0.4466 0.1578 0.1414 0.2078 0.3885 0.5045 0.2578 0.1357 0.1718 0.2976 0.5078 0.4850 0.5078 0.2976 0.1718 0.1357 0.2578 0.5045 0.3885 0.2078 0.1414 0.1578 0.4466 0.4874 0.2628 0.1586 0.1378 0.3306 0.5156 0.3452 0.1903 0.1376 0.1804 0.4738 0.4555 0.2423 0.1520 0.1409 0.3691 0.5170 0.3219 0.1813 0.1363 0.2059 0.4873 0.4325 0.2300 0.1481 0.1442 0.3945 0.5146 0.3045 0.1745 0.1358 0.2356 0.4975 0.4104 0.2192 0.1449 0.1486 0.4168 0.5059
0.4138 0.1474 0.1456 0.2217 0.4156 0.4953 0.2282 0.1358 0.1760 0.3084 0.5154 0.3889 0.1434 0.1490 0.2327 0.4376 0.4846 0.1998 0.1365 0.1830 0.3262 0.5171 0.3630 0.1403 0.1529 0.2449 0.4598 0.4711 0.1772 0.1379 0.1916 0.3481 0.5153 0.3270 0.1376 0.1590 0.2637 0.4883 0.4460 0.1576 0.1414 0.2076 0.3878 0.5049 0.2598 0.1357 0.1715 0.2988 0.5127 0.4153 0.2031 0.4155 0.5126 0.2988 0.1715 0.1357 0.2598 0.5048 0.3878 0.2076 0.1414 0.1576 0.4460 0.4883 0.2637 0.1590 0.1376 0.3270 0.5153 0.3481 0.1916 0.1379 0.1772 0.4711 0.4598 0.2449 0.1529 0.1403 0.3630 0.5171 0.3262 0.1830 0.1365 0.1998 0.4846 0.4376 0.2327 0.1490 0.1434 0.3889 0.5154 0.3084 0.1760 0.1358 0.2282 0.4953 0.4156 0.2217 0.1456 0.1474 0.4138
0.1524 0.1464 0.2242 0.4208 0.4929 0.2211 0.1359 0.1776 0.3125 0.5161 0.3831 0.1426 0.1498 0.2354 0.4427 0.4818 0.1940 0.1367 0.1847 0.3305 0.5170 0.3566 0.1397 0.1538 0.2476 0.4642 0.4681 0.1740 0.1382 0.1931 0.3515 0.5148 0.3226 0.1374 0.1596 0.2652 0.4897 0.4447 0.1572 0.1415 0.2078 0.3878 0.5050 0.2610 0.1357 0.1712 0.2984 0.5133 0.4007 0.1473 0.1352 0.1474 0.4014 0.5133 0.2982 0.1713 0.1357 0.2607 0.5050 0.3878 0.2078 0.1415 0.1572 0.4447 0.4897 0.2652 0.1596 0.1374 0.3226 0.5148 0.3515 0.1931 0.1382 0.1740 0.4681 0.4642 0.2476 0.1538 0.1397 0.3566 0.5170 0.3305 0.1847 0.1367 0.1940 0.4818 0.4427 0.2354 0.1498 0.1426 0.3831 0.5161 0.3125 0.1776 0.1359 0.2211 0.4929 0.4208 0.2242 0.1464 0.1524
0.1515 0.2268 0.4261 0.4905 0.2141 0.1361 0.1792 0.3166 0.5166 0.3771 0.1418 0.1507 0.2381 0.4478 0.4789 0.1887 0.1370 0.1864 0.3348 0.5168 0.3501 0.1392 0.1548 0.2506 0.4687 0.4648 0.1709 0.1385 0.1947 0.3553 0.5141 0.3174 0.1372 0.1603 0.2670 0.4915 0.4429 0.1565 0.1417 0.2083 0.3885 0.5049 0.2610 0.1358 0.1702 0.2981 0.5137 0.3994 0.1450 0.1446 0.1807 0.1444 0.1451 0.3966 0.5131 0.2979 0.1707 0.1358 0.2624 0.5048 0.3885 0.2083 0.1417 0.1565 0.4429 0.4915 0.2670 0.1603 0.1372 0.3174 0.5141 0.3553 0.1947 0.1385 0.1709 0.4648 0.4687 0.2506 0.1548 0.1392 0.3501 0.5168 0.3348 0.1864 0.1370 0.1887 0.4789 0.4478 0.2381 0.1507 0.1418 0.3771 0.5166 0.3166 0.1792 0.1361 0.2141 0.4905 0.4261 0.2268 0.1515
0.2304 0.4313 0.4879 0.2075 0.1362 0.1808 0.3207 0.5169 0.3711 0.1411 0.1516 0.2409 0.4527 0.4759 0.1839 0.1373 0.1882 0.3392 0.5165 0.3434 0.1387 0.1558 0.2536 0.4732 0.4614 0.1680 0.1390 0.1965 0.3594 0.5133 0.3115 0.1370 0.1612 0.2692 0.4937 0.4406 0.1557 0.1419 0.2091 0.3900 0.5045 0.2598 0.1358 0.1719 0.2982 0.5124 0.3999 0.1446 0.1478 0.2212 0.3267 0.2192 0.1472 0.1442 0.3990 0.5136 0.2983 0.1715 0.1357 0.2598 0.5045 0.3900 0.2091 0.1419 0.1557 0.4406 0.4937 0.2692 0.1612 0.1370 0.3115 0.5133 0.3594 0.1965 0.1390 0.1680 0.4614 0.4732 0.2536 0.1558 0.1387 0.3434 0.5165 0.3392 0.1882 0.1373 0.1839 0.4759 0.4527 0.2409 0.1516 0.1411 0.3711 0.5169 0.3207 0.1808 0.1362 0.2075 0.4879 0.4313 0.2304
0.4326 0.4853 0.2013 0.1364 0.1825 0.3249 0.5171 0.3649 0.1405 0.1525 0.2437 0.4576 0.4728 0.1796 0.1376 0.1900 0.3436 0.5160 0.3368 0.1383 0.1569 0.2566 0.4776 0.4578 0.1653 0.1394 0.1984 0.3638 0.5124 0.3052 0.1367 0.1621 0.2717 0.4960 0.4377 0.1547 0.1422 0.2101 0.3920 0.5039 0.2578 0.1358 0.1714 0.3008 0.5133 0.4001 0.1443 0.1479 0.2300 0.4218 0.5157 0.4171 0.2297 0.1482 0.1444 0.3982 0.5135 0.2987 0.1707 0.1357 0.2578 0.5039 0.3920 0.2101 0.1422 0.1547 0.4377 0.4960 0.2717 0.1621 0.1367 0.3052 0.5124 0.3638 0.1984 0.1394 0.1653 0.4578 0.4776 0.2566 0.1569 0.1383 0.3368 0.5160 0.3436 0.1900 0.1376 0.1796 0.4728 0.4576 0.2437 0.1525 0.1405 0.3649 0.5171 0.3249 0.1825 0.1364 0.2013 0.4853 0.4326
0.4835 0.1957 0.1366 0.1841 0.3290 0.5170 0.3589 0.1399 0.1534 0.2464 0.4622 0.4697 0.1759 0.1379 0.1918 0.3479 0.5154 0.3303 0.1379 0.1579 0.2595 0.4816 0.4542 0.1629 0.1398 0.2002 0.3681 0.5114 0.2987 0.1365 0.1631 0.2744 0.4984 0.4347 0.1536 0.1426 0.2114 0.3945 0.5031 0.2550 0.1357 0.1715 0.2981 0.5133 0.3981 0.1445 0.1476 0.2314 0.4364 0.4911 0.3572 0.4923 0.4334 0.2322 0.1485 0.1445 0.3980 0.5136 0.2990 0.1716 0.1357 0.2550 0.5031 0.3945 0.2114 0.1426 0.1536 0.4347 0.4984 0.2744 0.1631 0.1365 0.2987 0.5114 0.3681 0.2002 0.1398 0.1629 0.4542 0.4816 0.2595 0.1579 0.1379 0.3303 0.5154 0.3479 0.1918 0.1379 0.1759 0.4697 0.4622 0.2464 0.1534 0.1399 0.3589 0.5170 0.3290 0.1841 0.1366 0.1957 0.4835
0.1966 0.1368 0.1855 0.3324 0.5169 0.3537 0.1395 0.1542 0.2488 0.4659 0.4670 0.1730 0.1382 0.1932 0.3515 0.5148 0.3247 0.1375 0.1587 0.2620 0.4848 0.4511 0.1611 0.1402 0.2018 0.3719 0.5104 0.2931 0.1363 0.1639 0.2767 0.5004 0.4318 0.1527 0.1429 0.2125 0.3968 0.5024 0.2524 0.1357 0.1718 0.2988 0.5133 0.3968 0.1441 0.1477 0.2311 0.4403 0.4840 0.2167 0.1377 0.2186 0.4836 0.4374 0.2316 0.1479 0.1443 0.3979 0.5138 0.2989 0.1718 0.1357 0.2524 0.5024 0.3968 0.2125 0.1429 0.1527 0.4318 0.5004 0.2767 0.1639 0.1363 0.2931 0.5104 0.3719 0.2018 0.1402 0.1611 0.4511 0.4848 0.2620 0.1587 0.1375 0.3247 0.5148 0.3515 0.1932 0.1382 0.1730 0.4670 0.4659 0.2488 0.1542 0.1395 0.3537 0.5169 0.3324 0.1855 0.1368 0.1966
0.1422 0.1856 0.3333 0.5167 0.3523 0.1392 0.1542 0.2493 0.4668 0.4662 0.1722 0.1382 0.1935 0.3524 0.5145 0.3232 0.1373 0.1588 0.2626 0.4855 0.4502 0.1605 0.1402 0.2021 0.3728 0.5100 0.2916 0.1361 0.1640 0.2772 0.5006 0.4313 0.1524 0.1428 0.2123 0.3965 0.5024 0.2533 0.1356 0.1713 0.2976 0.5127 0.4009 0.1447 0.1474 0.2277 0.4324 0.4844 0.2000 0.1350 0.1522 0.1351 0.2015 0.4865 0.4347 0.2298 0.1477 0.1452 0.4046 0.5126 0.2976 0.1713 0.1356 0.2533 0.5024 0.3965 0.2123 0.1428 0.1524 0.4313 0.5006 0.2772 0.1640 0.1361 0.2916 0.5100 0.3728 0.2021 0.1402 0.1605 0.4502 0.4855 0.2626 0.1588 0.1373 0.3232 0.5145 0.3524 0.1935 0.1382 0.1722 0.4662 0.4668 0.2493 0.1542 0.1392 0.3523 0.5167 0.3333 0.1856 0.1422
0.1834 0.3235 0.5161 0.3670 0.1400 0.1513 0.2420 0.4559 0.4731 0.1807 0.1368 0.1883 0.3421 0.5152 0.3393 0.1377 0.1555 0.2549 0.4759 0.4585 0.1657 0.1385 0.1966 0.3620 0.5118 0.3088 0.1362 0.1604 0.2689 0.4929 0.4414 0.1559 0.1407 0.2061 0.3844 0.5057 0.2728 0.1352 0.1668 0.2874 0.5078 0.4154 0.1473 0.1446 0.2208 0.4155 0.4932 0.2185 0.1351 0.1720 0.2381 0.1721 0.1351 0.2194 0.4911 0.4201 0.2225 0.1446 0.1474 0.4156 0.5078 0.2874 0.1668 0.1352 0.2728 0.5057 0.3844 0.2061 0.1407 0.1559 0.4414 0.4929 0.2689 0.1604 0.1362 0.3088 0.5118 0.3620 0.1966 0.1385 0.1657 0.4585 0.4759 0.2549 0.1555 0.1377 0.3393 0.5152 0.3421 0.1883 0.1368 0.1807 0.4731 0.4559 0.2420 0.1513 0.1400 0.3670 0.5161 0.3235 0.1834
0.2558 0.4785 0.4568 0.1641 0.1380 0.1960 0.3634 0.5109 0.3077 0.1351 0.1597 0.2686 0.4944 0.4402 0.1545 0.1401 0.2050 0.3845 0.5052 0.2757 0.1345 0.1650 0.2838 0.5061 0.4210 0.1478 0.1427 0.2149 0.4066 0.4974 0.2425 0.1344 0.1712 0.3009 0.5131 0.3973 0.1426 0.1462 0.2276 0.4336 0.4850 0.2031 0.1352 0.1812 0.3280 0.5156 0.3563 0.1375 0.1518 0.2381 0.3569 0.2397 0.1523 0.1371 0.3509 0.5158 0.3291 0.1815 0.1352 0.2031 0.4850 0.4337 0.2276 0.1462 0.1426 0.3973 0.5131 0.3009 0.1712 0.1344 0.2425 0.4974 0.4066 0.2149 0.1427 0.1478 0.4210 0.5061 0.2838 0.1650 0.1345 0.2757 0.5052 0.3845 0.2050 0.1401 0.1545 0.4402 0.4944 0.2686 0.1597 0.1351 0.3077 0.5109 0.3634 0.1960 0.1380 0.1641 0.4568 0.4785 0.2558
0.1834 0.3235 0.5161 0.3670 0.1400 0.1513 0.2420 0.4559 0.4731 0.1807 0.1368 0.1883 0.3421 0.5152 0.3393 0.1377 0.1555 0.2549 0.4759 0.4585 0.1657 0.1385 0.1966 0.3620 0.5118 0.3088 0.1362 0.1604 0.2689 0.4929 0.4414 0.1559 0.1407 0.2061 0.3844 0.5057 0.2728 0.1352 0.1668 0.2874 0.5078 0.4153 0.1473 0.1444 0.2221 0.4203 0.4910 0.2145 0.1352 0.1733 0.2386 0.1721 0.1352 0.2138 0.4917 0.4202 0.2225 0.1452 0.1475 0.4154 0.5078 0.2874 0.1668 0.1352 0.2728 0.5057 0.3844 0.2061 0.1407 0.1559 0.4414 0.4929 0.2689 0.1604 0.1362 0.3088 0.5118 0.3620 0.1966 0.1385 0.1657 0.4585 0.4759 0.2549 0.1555 0.1377 0.3393 0.5152 0.3421 0.1883 0.1368 0.1807 0.4731 0.4559 0.2420 0.1513 0.1400 0.3670 0.5161 0.3235 0.1834
0.1422 0.1856 0.3333 0.5167 0.3523 0.1392 0.1542 0.2493 0.4668 0.4662 0.1722 0.1382 0.1935 0.3524 0.5145 0.3232 0.1373 0.1588 0.2626 0.4855 0.4502 0.1605 0.1402 0.2021 0.3728 0.5100 0.2916 0.1361 0.1640 0.2772 0.5006 0.4313 0.1524 0.1428 0.2123 0.3965 0.5024 0.2533 0.1356 0.1713 0.2976 0.5127 0.4007 0.1449 0.1477 0.2302 0.4359 0.4839 0.2017 0.1351 0.1519 0.1351 0.2043 0.4851 0.4371 0.2313 0.1481 0.1439 0.3974 0.5128 0.2976 0.1713 0.1356 0.2533 0.5024 0.3965 0.2123 0.1428 0.1524 0.4313 0.5006 0.2772 0.1640 0.1361 0.2916 0.5100 0.3728 0.2021 0.1402 0.1605 0.4502 0.4855 0.2626 0.1588 0.1373 0.3232 0.5145 0.3524 0.1935 0.1382 0.1722 0.4662 0.4668 0.2493 0.1542 0.1392 0.3523 0.5167 0.3333 0.1856 0.1422
0.1966 0.1368 0.1855 0.3324 0.5169 0.3537 0.1395 0.1542 0.2488 0.4659 0.4670 0.1730 0.1382 0.1932 0.3515 0.5148 0.3247 0.1375 0.1587 0.2620 0.4848 0.4511 0.1611 0.1402 0.2018 0.3719 0.5104 0.2931 0.1363 0.1639 0.2767 0.5004 0.4318 0.1527 0.1429 0.2125 0.3968 0.5024 0.2524 0.1357 0.1718 0.2989 0.5134 0.3958 0.1439 0.1483 0.2323 0.4367 0.4841 0.2191 0.1378 0.2222 0.4861 0.4369 0.2323 0.1483 0.1441 0.3950 0.5143 0.2990 0.1718 0.1357 0.2524 0.5024 0.3968 0.2125 0.1429 0.1527 0.4318 0.5004 0.2767 0.1639 0.1363 0.2931 0.5104 0.3719 0.2018 0.1402 0.1611 0.4511 0.4848 0.2620 0.1587 0.1375 0.3247 0.5148 0.3515 0.1932 0.1382 0.1730 0.4670 0.4659 0.2488 0.1542 0.1395 0.3537 0.5169 0.3324 0.1855 0.1368 0.1966
0.4835 0.1957 0.1366 0.1841 0.3290 0.5170 0.3589 0.1399 0.1534 0.2464 0.4622 0.4697 0.1759 0.1379 0.1918 0.3479 0.5154 0.3303 0.1379 0.1579 0.2595 0.4816 0.4542 0.1629 0.1398 0.2002 0.3681 0.5114 0.2987 0.1365 0.1631 0.2744 0.4984 0.4347 0.1536 0.1426 0.2114 0.3945 0.5031 0.2550 0.1357 0.1716 0.2986 0.5131 0.4001 0.1443 0.1488 0.2321 0.4365 0.4908 0.3579 0.4931 0.4290 0.2304 0.1483 0.1446 0.3965 0.5135 0.2993 0.1716 0.1357 0.2550 0.5031 0.3945 0.2114 0.1426 0.1536 0.4347 0.4984 0.2744 0.1631 0.1365 0.2987 0.5114 0.3681 0.2002 0.1398 0.1629 0.4542 0.4816 0.2595 0.1579 0.1379 0.3303 0.5154 0.3479 0.1918 0.1379 0.1759 0.4697 0.4622 0.2464 0.1534 0.1399 0.3589 0.5170 0.3290 0.1841 0.1366 0.1957 0.4835
0.4326 0.4853 0.2013 0.1364 0.1825 0.3249 0.5171 0.3649 0.1405 0.1525 0.2437 0.4576 0.4728 0.1796 0.1376 0.1900 0.3436 0.5160 0.3368 0.1383 0.1569 0.2566 0.4776 0.4578 0.1653 0.1394 0.1984 0.3638 0.5124 0.3052 0.1367 0.1621 0.2717 0.4960 0.4377 0.1547 0.1422 0.2101 0.3920 0.5039 0.2578 0.1358 0.1714 0.2989 0.5136 0.3961 0.1442 0.1480 0.2296 0.4224 0.5157 0.4140 0.2294 0.1481 0.1445 0.3986 0.5136 0.2984 0.1720 0.1358 0.2578 0.5039 0.3920 0.2101 0.1422 0.1547 0.4377 0.4960 0.2717 0.1621 0.1367 0.3052 0.5124 0.3638 0.1984 0.1394 0.1653 0.4578 0.4776 0.2566 0.1569 0.1383 0.3368 0.5160 0.3436 0.1900 0.1376 0.1796 0.4728 0.4576 0.2437 0.1525 0.1405 0.3649 0.5171 0.3249 0.1825 0.1364 0.2013 0.4853 0.4326
