0.0006 0.0095 0.1394 1.0000 1.0000 0.0003 0.0037 0.0548 0.8051 1.0000 0.0001 0.0015 0.0214 0.3146 1.0000 0.0000 0.0006 0.0084 0.1227 1.0000 1.0000 0.0002 0.0033 0.0480 0.7047 1.0000 0.0001 0.0013 0.0187 0.2749 1.0000 1.0000 0.0005 0.0073 0.1072 1.0000 1.0000 0.0002 0.0029 0.0419 0.6157 1.0000 0.0001 0.0011 0.0163 0.2397 1.0000 1.0000 0.0004 0.0051 0.0278 0.0051 0.0004 1.0000 1.0000 0.2397 0.0163 0.0011 0.0001 1.0000 0.6157 0.0419 0.0029 0.0002 1.0000 1.0000 0.1072 0.0073 0.0005 1.0000 1.0000 0.2749 0.0187 0.0013 0.0001 1.0000 0.7047 0.0480 0.0033 0.0002 1.0000 1.0000 0.1227 0.0084 0.0006 0.0000 1.0000 0.3146 0.0214 0.0015 0.0001 1.0000 0.8051 0.0548 0.0037 0.0003 1.0000 1.0000 0.1394 0.0095 0.0006
0.0095 0.1416 1.0000 1.0000 0.0003 0.0037 0.0542 0.7960 1.0000 0.0001 0.0014 0.0212 0.3111 1.0000 0.0000 0.0006 0.0083 0.1213 1.0000 1.0000 0.0002 0.0032 0.0473 0.6954 1.0000 0.0001 0.0013 0.0185 0.2718 1.0000 1.0000 0.0005 0.0072 0.1060 1.0000 1.0000 0.0002 0.0028 0.0414 0.6076 1.0000 0.0001 0.0011 0.0162 0.2370 1.0000 1.0000 0.0004 0.0059 0.0737 0.3998 0.0737 0.0059 0.0004 1.0000 1.0000 0.2370 0.0162 0.0011 0.0001 1.0000 0.6076 0.0414 0.0028 0.0002 1.0000 1.0000 0.1060 0.0072 0.0005 1.0000 1.0000 0.2718 0.0185 0.0013 0.0001 1.0000 0.6954 0.0473 0.0032 0.0002 1.0000 1.0000 0.1213 0.0083 0.0006 0.0000 1.0000 0.3111 0.0212 0.0014 0.0001 1.0000 0.7960 0.0542 0.0037 0.0003 1.0000 1.0000 0.1416 0.0095
0.1394 1.0000 1.0000 0.0002 0.0036 0.0519 0.7590 1.0000 0.0001 0.0014 0.0201 0.2949 1.0000 1.0000 0.0005 0.0078 0.1151 1.0000 1.0000 0.0002 0.0031 0.0449 0.6594 1.0000 0.0001 0.0012 0.0175 0.2577 1.0000 1.0000 0.0005 0.0068 0.1005 1.0000 1.0000 0.0002 0.0027 0.0392 0.5761 1.0000 0.0001 0.0010 0.0153 0.2251 1.0000 1.0000 0.0004 0.0059 0.0828 1.0000 1.0000 1.0000 0.0828 0.0059 0.0004 1.0000 1.0000 0.2251 0.0153 0.0010 0.0001 1.0000 0.5761 0.0392 0.0027 0.0002 1.0000 1.0000 0.1005 0.0068 0.0005 1.0000 1.0000 0.2577 0.0175 0.0012 0.0001 1.0000 0.6594 0.0449 0.0031 0.0002 1.0000 1.0000 0.1151 0.0078 0.0005 1.0000 1.0000 0.2949 0.0201 0.0014 0.0001 1.0000 0.7590 0.0519 0.0036 0.0002 1.0000 1.0000 0.1394
1.0000 1.0000 0.0002 0.0035 0.0505 0.7335 1.0000 0.0001 0.0013 0.0191 0.2807 1.0000 1.0000 0.0005 0.0074 0.1091 1.0000 1.0000 0.0002 0.0029 0.0426 0.6252 1.0000 0.0001 0.0011 0.0166 0.2443 1.0000 1.0000 0.0004 0.0065 0.0953 1.0000 1.0000 0.0002 0.0025 0.0372 0.5462 1.0000 0.0001 0.0010 0.0145 0.2135 1.0000 1.0000 0.0004 0.0056 0.0820 1.0000 1.0000 0.0000 1.0000 1.0000 0.0820 0.0056 0.0004 1.0000 1.0000 0.2135 0.0145 0.0010 0.0001 1.0000 0.5462 0.0372 0.0025 0.0002 1.0000 1.0000 0.0953 0.0065 0.0004 1.0000 1.0000 0.2443 0.0166 0.0011 0.0001 1.0000 0.6252 0.0426 0.0029 0.0002 1.0000 1.0000 0.1091 0.0074 0.0005 1.0000 1.0000 0.2807 0.0191 0.0013 0.0001 1.0000 0.7335 0.0505 0.0035 0.0002 1.0000 1.0000
1.0000 0.0003 0.0036 0.0505 0.7238 1.0000 0.0001 0.0013 0.0183 0.2682 1.0000 1.0000 0.0005 0.0071 0.1036 1.0000 1.0000 0.0002 0.0028 0.0404 0.5939 1.0000 0.0001 0.0011 0.0158 0.2317 1.0000 1.0000 0.0004 0.0062 0.0904 1.0000 1.0000 0.0002 0.0024 0.0353 0.5179 1.0000 0.0001 0.0009 0.0138 0.2024 1.0000 1.0000 0.0004 0.0054 0.0787 1.0000 1.0000 0.0001 0.0006 0.0001 1.0000 1.0000 0.0787 0.0054 0.0004 1.0000 1.0000 0.2024 0.0138 0.0009 0.0001 1.0000 0.5179 0.0353 0.0024 0.0002 1.0000 1.0000 0.0904 0.0062 0.0004 1.0000 1.0000 0.2317 0.0158 0.0011 0.0001 1.0000 0.5939 0.0404 0.0028 0.0002 1.0000 1.0000 0.1036 0.0071 0.0005 1.0000 1.0000 0.2682 0.0183 0.0013 0.0001 1.0000 0.7238 0.0505 0.0036 0.0003 1.0000
0.0003 0.0037 0.0519 0.7335 1.0000 0.0001 0.0012 0.0178 0.2587 1.0000 1.0000 0.0005 0.0067 0.0986 1.0000 1.0000 0.0002 0.0026 0.0383 0.5631 1.0000 0.0001 0.0010 0.0150 0.2196 1.0000 1.0000 0.0004 0.0058 0.0857 1.0000 1.0000 0.0002 0.0023 0.0334 0.4910 1.0000 0.0001 0.0009 0.0131 0.1919 1.0000 1.0000 0.0003 0.0051 0.0747 1.0000 1.0000 0.0001 0.0016 0.0085 0.0016 0.0001 1.0000 1.0000 0.0747 0.0051 0.0003 1.0000 1.0000 0.1919 0.0131 0.0009 0.0001 1.0000 0.4910 0.0334 0.0023 0.0002 1.0000 1.0000 0.0857 0.0058 0.0004 1.0000 1.0000 0.2196 0.0150 0.0010 0.0001 1.0000 0.5631 0.0383 0.0026 0.0002 1.0000 1.0000 0.0986 0.0067 0.0005 1.0000 1.0000 0.2587 0.0178 0.0012 0.0001 1.0000 0.7335 0.0519 0.0037 0.0003
0.0037 0.0542 0.7590 1.0000 0.0001 0.0012 0.0176 0.2538 1.0000 1.0000 0.0004 0.0065 0.0944 1.0000 1.0000 0.0002 0.0025 0.0364 0.5349 1.0000 0.0001 0.0010 0.0142 0.2083 1.0000 1.0000 0.0004 0.0055 0.0814 1.0000 1.0000 0.0001 0.0022 0.0317 0.4664 1.0000 0.0001 0.0008 0.0124 0.1820 1.0000 1.0000 0.0003 0.0048 0.0710 1.0000 1.0000 0.0001 0.0018 0.0221 0.1191 0.0221 0.0018 0.0001 1.0000 1.0000 0.0710 0.0048 0.0003 1.0000 1.0000 0.1820 0.0124 0.0008 0.0001 1.0000 0.4664 0.0317 0.0022 0.0001 1.0000 1.0000 0.0814 0.0055 0.0004 1.0000 1.0000 0.2083 0.0142 0.0010 0.0001 1.0000 0.5349 0.0364 0.0025 0.0002 1.0000 1.0000 0.0944 0.0065 0.0004 1.0000 1.0000 0.2538 0.0176 0.0012 0.0001 1.0000 0.7590 0.0542 0.0037
0.0548 0.7960 1.0000 0.0001 0.0013 0.0178 0.2538 1.0000 1.0000 0.0004 0.0063 0.0909 1.0000 1.0000 0.0002 0.0024 0.0347 0.5081 1.0000 0.0001 0.0009 0.0135 0.1978 1.0000 1.0000 0.0004 0.0053 0.0772 1.0000 1.0000 0.0001 0.0020 0.0301 0.4423 1.0000 0.0001 0.0008 0.0117 0.1725 1.0000 1.0000 0.0003 0.0046 0.0673 0.9887 1.0000 0.0001 0.0018 0.0248 0.3075 1.0000 0.3075 0.0248 0.0018 0.0001 1.0000 0.9887 0.0673 0.0046 0.0003 1.0000 1.0000 0.1725 0.0117 0.0008 0.0001 1.0000 0.4423 0.0301 0.0020 0.0001 1.0000 1.0000 0.0772 0.0053 0.0004 1.0000 1.0000 0.1978 0.0135 0.0009 0.0001 1.0000 0.5081 0.0347 0.0024 0.0002 1.0000 1.0000 0.0909 0.0063 0.0004 1.0000 1.0000 0.2538 0.0178 0.0013 0.0001 1.0000 0.7960 0.0548
0.8051 1.0000 0.0001 0.0013 0.0183 0.2587 1.0000 1.0000 0.0004 0.0062 0.0888 1.0000 1.0000 0.0002 0.0023 0.0332 0.4854 1.0000 0.0001 0.0009 0.0128 0.1876 1.0000 1.0000 0.0003 0.0050 0.0732 1.0000 1.0000 0.0001 0.0019 0.0285 0.4193 1.0000 0.0001 0.0008 0.0111 0.1636 1.0000 1.0000 0.0003 0.0043 0.0638 0.9374 1.0000 0.0001 0.0017 0.0245 0.3454 1.0000 1.0000 1.0000 0.3454 0.0245 0.0017 0.0001 1.0000 0.9374 0.0638 0.0043 0.0003 1.0000 1.0000 0.1636 0.0111 0.0008 0.0001 1.0000 0.4193 0.0285 0.0019 0.0001 1.0000 1.0000 0.0732 0.0050 0.0003 1.0000 1.0000 0.1876 0.0128 0.0009 0.0001 1.0000 0.4854 0.0332 0.0023 0.0002 1.0000 1.0000 0.0888 0.0062 0.0004 1.0000 1.0000 0.2587 0.0183 0.0013 0.0001 1.0000 0.8051
1.0000 0.0001 0.0014 0.0191 0.2682 1.0000 1.0000 0.0004 0.0062 0.0880 1.0000 1.0000 0.0002 0.0022 0.0319 0.4656 1.0000 0.0001 0.0008 0.0122 0.1785 1.0000 1.0000 0.0003 0.0047 0.0695 1.0000 1.0000 0.0001 0.0018 0.0271 0.3983 1.0000 0.0000 0.0007 0.0106 0.1554 1.0000 1.0000 0.0003 0.0041 0.0606 0.8905 1.0000 0.0001 0.0016 0.0235 0.3415 1.0000 1.0000 0.0002 1.0000 1.0000 0.3415 0.0235 0.0016 0.0001 1.0000 0.8905 0.0606 0.0041 0.0003 1.0000 1.0000 0.1554 0.0106 0.0007 0.0000 1.0000 0.3983 0.0271 0.0018 0.0001 1.0000 1.0000 0.0695 0.0047 0.0003 1.0000 1.0000 0.1785 0.0122 0.0008 0.0001 1.0000 0.4656 0.0319 0.0022 0.0002 1.0000 1.0000 0.0880 0.0062 0.0004 1.0000 1.0000 0.2682 0.0191 0.0014 0.0001 1.0000
0.0001 0.0014 0.0201 0.2807 1.0000 1.0000 0.0004 0.0063 0.0888 1.0000 1.0000 0.0001 0.0021 0.0310 0.4507 1.0000 0.0001 0.0008 0.0116 0.1702 1.0000 1.0000 0.0003 0.0045 0.0659 0.9682 1.0000 0.0001 0.0017 0.0257 0.3777 1.0000 0.0000 0.0007 0.0100 0.1473 1.0000 1.0000 0.0003 0.0039 0.0575 0.8443 1.0000 0.0001 0.0015 0.0224 0.3275 1.0000 0.0000 0.0005 0.0026 0.0005 0.0000 1.0000 0.3275 0.0224 0.0015 0.0001 1.0000 0.8443 0.0575 0.0039 0.0003 1.0000 1.0000 0.1473 0.0100 0.0007 0.0000 1.0000 0.3777 0.0257 0.0017 0.0001 1.0000 0.9682 0.0659 0.0045 0.0003 1.0000 1.0000 0.1702 0.0116 0.0008 0.0001 1.0000 0.4507 0.0310 0.0021 0.0001 1.0000 1.0000 0.0888 0.0063 0.0004 1.0000 1.0000 0.2807 0.0201 0.0014 0.0001
0.0015 0.0212 0.2949 1.0000 1.0000 0.0005 0.0065 0.0909 1.0000 1.0000 0.0001 0.0021 0.0306 0.4414 1.0000 0.0001 0.0008 0.0112 0.1633 1.0000 1.0000 0.0003 0.0043 0.0627 0.9197 1.0000 0.0001 0.0017 0.0244 0.3581 1.0000 0.0000 0.0006 0.0095 0.1397 1.0000 1.0000 0.0003 0.0037 0.0545 0.8005 1.0000 0.0001 0.0014 0.0213 0.3117 1.0000 0.0000 0.0005 0.0066 0.0357 0.0066 0.0005 0.0000 1.0000 0.3117 0.0213 0.0014 0.0001 1.0000 0.8005 0.0545 0.0037 0.0003 1.0000 1.0000 0.1397 0.0095 0.0006 0.0000 1.0000 0.3581 0.0244 0.0017 0.0001 1.0000 0.9197 0.0627 0.0043 0.0003 1.0000 1.0000 0.1633 0.0112 0.0008 0.0001 1.0000 0.4414 0.0306 0.0021 0.0001 1.0000 1.0000 0.0909 0.0065 0.0005 1.0000 1.0000 0.2949 0.0212 0.0015
0.0214 0.3111 1.0000 1.0000 0.0005 0.0067 0.0944 1.0000 1.0000 0.0002 0.0021 0.0306 0.4381 1.0000 0.0001 0.0007 0.0109 0.1578 1.0000 1.0000 0.0003 0.0041 0.0598 0.8754 1.0000 0.0001 0.0016 0.0232 0.3402 1.0000 0.0000 0.0006 0.0090 0.1327 1.0000 1.0000 0.0002 0.0035 0.0518 0.7604 1.0000 0.0001 0.0014 0.0202 0.2961 1.0000 1.0000 0.0005 0.0074 0.0921 0.4967 0.0921 0.0074 0.0005 1.0000 1.0000 0.2961 0.0202 0.0014 0.0001 1.0000 0.7604 0.0518 0.0035 0.0002 1.0000 1.0000 0.1327 0.0090 0.0006 0.0000 1.0000 0.3402 0.0232 0.0016 0.0001 1.0000 0.8754 0.0598 0.0041 0.0003 1.0000 1.0000 0.1578 0.0109 0.0007 0.0001 1.0000 0.4381 0.0306 0.0021 0.0002 1.0000 1.0000 0.0944 0.0067 0.0005 1.0000 1.0000 0.3111 0.0214
0.3146 1.0000 1.0000 0.0005 0.0071 0.0986 1.0000 1.0000 0.0002 0.0022 0.0310 0.4414 1.0000 0.0001 0.0007 0.0106 0.1539 1.0000 1.0000 0.0003 0.0039 0.0573 0.8379 1.0000 0.0001 0.0015 0.0220 0.3225 1.0000 0.0000 0.0006 0.0086 0.1258 1.0000 1.0000 0.0002 0.0033 0.0491 0.7210 1.0000 0.0001 0.0013 0.0191 0.2813 1.0000 1.0000 0.0005 0.0074 0.1034 1.0000 1.0000 1.0000 0.1034 0.0074 0.0005 1.0000 1.0000 0.2813 0.0191 0.0013 0.0001 1.0000 0.7210 0.0491 0.0033 0.0002 1.0000 1.0000 0.1258 0.0086 0.0006 0.0000 1.0000 0.3225 0.0220 0.0015 0.0001 1.0000 0.8379 0.0573 0.0039 0.0003 1.0000 1.0000 0.1539 0.0106 0.0007 0.0001 1.0000 0.4414 0.0310 0.0022 0.0002 1.0000 1.0000 0.0986 0.0071 0.0005 1.0000 1.0000 0.3146
1.0000 0.0000 0.0005 0.0074 0.1036 1.0000 1.0000 0.0002 0.0023 0.0319 0.4507 1.0000 0.0001 0.0007 0.0106 0.1519 1.0000 1.0000 0.0003 0.0038 0.0552 0.8051 1.0000 0.0001 0.0014 0.0210 0.3075 1.0000 0.0000 0.0006 0.0081 0.1193 1.0000 1.0000 0.0002 0.0032 0.0465 0.6836 1.0000 0.0001 0.0012 0.0182 0.2667 1.0000 1.0000 0.0005 0.0071 0.1025 1.0000 1.0000 0.0001 1.0000 1.0000 0.1025 0.0071 0.0005 1.0000 1.0000 0.2667 0.0182 0.0012 0.0001 1.0000 0.6836 0.0465 0.0032 0.0002 1.0000 1.0000 0.1193 0.0081 0.0006 0.0000 1.0000 0.3075 0.0210 0.0014 0.0001 1.0000 0.8051 0.0552 0.0038 0.0003 1.0000 1.0000 0.1519 0.0106 0.0007 0.0001 1.0000 0.4507 0.0319 0.0023 0.0002 1.0000 1.0000 0.1036 0.0074 0.0005 0.0000 1.0000
0.0000 0.0006 0.0078 0.1091 1.0000 1.0000 0.0002 0.0024 0.0332 0.4656 1.0000 0.0001 0.0007 0.0106 0.1519 1.0000 1.0000 0.0003 0.0037 0.0537 0.7795 1.0000 0.0001 0.0014 0.0201 0.2938 1.0000 1.0000 0.0005 0.0077 0.1133 1.0000 1.0000 0.0002 0.0030 0.0442 0.6494 1.0000 0.0001 0.0012 0.0172 0.2533 1.0000 1.0000 0.0005 0.0067 0.0983 1.0000 1.0000 0.0001 0.0008 0.0001 1.0000 1.0000 0.0983 0.0067 0.0005 1.0000 1.0000 0.2533 0.0172 0.0012 0.0001 1.0000 0.6494 0.0442 0.0030 0.0002 1.0000 1.0000 0.1133 0.0077 0.0005 1.0000 1.0000 0.2938 0.0201 0.0014 0.0001 1.0000 0.7795 0.0537 0.0037 0.0003 1.0000 1.0000 0.1519 0.0106 0.0007 0.0001 1.0000 0.4656 0.0332 0.0024 0.0002 1.0000 1.0000 0.1091 0.0078 0.0006 0.0000
0.0006 0.0083 0.1151 1.0000 1.0000 0.0002 0.0025 0.0347 0.4854 1.0000 0.0001 0.0008 0.0109 0.1539 1.0000 1.0000 0.0003 0.0037 0.0528 0.7619 1.0000 0.0001 0.0013 0.0193 0.2818 1.0000 1.0000 0.0005 0.0074 0.1078 1.0000 1.0000 0.0002 0.0029 0.0419 0.6157 1.0000 0.0001 0.0011 0.0163 0.2402 1.0000 1.0000 0.0004 0.0064 0.0935 1.0000 1.0000 0.0002 0.0020 0.0107 0.0020 0.0002 1.0000 1.0000 0.0935 0.0064 0.0004 1.0000 1.0000 0.2402 0.0163 0.0011 0.0001 1.0000 0.6157 0.0419 0.0029 0.0002 1.0000 1.0000 0.1078 0.0074 0.0005 1.0000 1.0000 0.2818 0.0193 0.0013 0.0001 1.0000 0.7619 0.0528 0.0037 0.0003 1.0000 1.0000 0.1539 0.0109 0.0008 0.0001 1.0000 0.4854 0.0347 0.0025 0.0002 1.0000 1.0000 0.1151 0.0083 0.0006
0.0084 0.1213 1.0000 1.0000 0.0002 0.0026 0.0364 0.5081 1.0000 0.0001 0.0008 0.0112 0.1578 1.0000 1.0000 0.0003 0.0037 0.0524 0.7518 1.0000 0.0001 0.0013 0.0187 0.2723 1.0000 1.0000 0.0005 0.0070 0.1030 1.0000 1.0000 0.0002 0.0027 0.0398 0.5838 1.0000 0.0001 0.0011 0.0155 0.2277 1.0000 1.0000 0.0004 0.0060 0.0888 1.0000 1.0000 0.0002 0.0022 0.0276 0.1490 0.0276 0.0022 0.0002 1.0000 1.0000 0.0888 0.0060 0.0004 1.0000 1.0000 0.2277 0.0155 0.0011 0.0001 1.0000 0.5838 0.0398 0.0027 0.0002 1.0000 1.0000 0.1030 0.0070 0.0005 1.0000 1.0000 0.2723 0.0187 0.0013 0.0001 1.0000 0.7518 0.0524 0.0037 0.0003 1.0000 1.0000 0.1578 0.0112 0.0008 0.0001 1.0000 0.5081 0.0364 0.0026 0.0002 1.0000 1.0000 0.1213 0.0084
0.1227 1.0000 1.0000 0.0002 0.0028 0.0383 0.5349 1.0000 0.0001 0.0008 0.0116 0.1633 1.0000 1.0000 0.0003 0.0037 0.0528 0.7518 1.0000 0.0001 0.0013 0.0183 0.2651 1.0000 1.0000 0.0005 0.0068 0.0988 1.0000 1.0000 0.0002 0.0026 0.0379 0.5556 1.0000 0.0001 0.0010 0.0147 0.2163 1.0000 1.0000 0.0004 0.0057 0.0844 1.0000 1.0000 0.0002 0.0022 0.0310 0.3849 1.0000 0.3849 0.0310 0.0022 0.0002 1.0000 1.0000 0.0844 0.0057 0.0004 1.0000 1.0000 0.2163 0.0147 0.0010 0.0001 1.0000 0.5556 0.0379 0.0026 0.0002 1.0000 1.0000 0.0988 0.0068 0.0005 1.0000 1.0000 0.2651 0.0183 0.0013 0.0001 1.0000 0.7518 0.0528 0.0037 0.0003 1.0000 1.0000 0.1633 0.0116 0.0008 0.0001 1.0000 0.5349 0.0383 0.0028 0.0002 1.0000 1.0000 0.1227
1.0000 1.0000 0.0002 0.0029 0.0404 0.5631 1.0000 0.0001 0.0009 0.0122 0.1702 1.0000 1.0000 0.0003 0.0038 0.0537 0.7619 1.0000 0.0001 0.0013 0.0181 0.2611 1.0000 1.0000 0.0005 0.0065 0.0953 1.0000 1.0000 0.0002 0.0025 0.0361 0.5288 1.0000 0.0001 0.0010 0.0140 0.2051 1.0000 1.0000 0.0004 0.0054 0.0800 1.0000 1.0000 0.0001 0.0021 0.0307 0.4323 1.0000 1.0000 1.0000 0.4323 0.0307 0.0021 0.0001 1.0000 1.0000 0.0800 0.0054 0.0004 1.0000 1.0000 0.2051 0.0140 0.0010 0.0001 1.0000 0.5288 0.0361 0.0025 0.0002 1.0000 1.0000 0.0953 0.0065 0.0005 1.0000 1.0000 0.2611 0.0181 0.0013 0.0001 1.0000 0.7619 0.0537 0.0038 0.0003 1.0000 1.0000 0.1702 0.0122 0.0009 0.0001 1.0000 0.5631 0.0404 0.0029 0.0002 1.0000 1.0000
1.0000 0.0002 0.0031 0.0426 0.5939 1.0000 0.0001 0.0009 0.0128 0.1785 1.0000 1.0000 0.0003 0.0039 0.0552 0.7795 1.0000 0.0001 0.0013 0.0181 0.2597 1.0000 1.0000 0.0004 0.0064 0.0925 1.0000 1.0000 0.0002 0.0024 0.0346 0.5062 1.0000 0.0001 0.0009 0.0133 0.1948 1.0000 1.0000 0.0004 0.0052 0.0759 1.0000 1.0000 0.0001 0.0020 0.0295 0.4282 1.0000 0.0000 0.0002 0.0000 1.0000 0.4282 0.0295 0.0020 0.0001 1.0000 1.0000 0.0759 0.0052 0.0004 1.0000 1.0000 0.1948 0.0133 0.0009 0.0001 1.0000 0.5062 0.0346 0.0024 0.0002 1.0000 1.0000 0.0925 0.0064 0.0004 1.0000 1.0000 0.2597 0.0181 0.0013 0.0001 1.0000 0.7795 0.0552 0.0039 0.0003 1.0000 1.0000 0.1785 0.0128 0.0009 0.0001 1.0000 0.5939 0.0426 0.0031 0.0002 1.0000
0.0002 0.0032 0.0449 0.6252 1.0000 0.0001 0.0010 0.0135 0.1876 1.0000 1.0000 0.0003 0.0041 0.0573 0.8051 1.0000 0.0001 0.0013 0.0183 0.2611 1.0000 1.0000 0.0004 0.0063 0.0907 1.0000 1.0000 0.0002 0.0023 0.0333 0.4864 1.0000 0.0001 0.0009 0.0127 0.1858 1.0000 1.0000 0.0003 0.0049 0.0721 1.0000 1.0000 0.0001 0.0019 0.0281 0.4106 1.0000 0.0000 0.0006 0.0032 0.0006 0.0000 1.0000 0.4106 0.0281 0.0019 0.0001 1.0000 1.0000 0.0721 0.0049 0.0003 1.0000 1.0000 0.1858 0.0127 0.0009 0.0001 1.0000 0.4864 0.0333 0.0023 0.0002 1.0000 1.0000 0.0907 0.0063 0.0004 1.0000 1.0000 0.2611 0.0183 0.0013 0.0001 1.0000 0.8051 0.0573 0.0041 0.0003 1.0000 1.0000 0.1876 0.0135 0.0010 0.0001 1.0000 0.6252 0.0449 0.0032 0.0002
0.0033 0.0473 0.6594 1.0000 0.0001 0.0010 0.0142 0.1978 1.0000 1.0000 0.0003 0.0043 0.0598 0.8379 1.0000 0.0001 0.0013 0.0187 0.2651 1.0000 1.0000 0.0004 0.0062 0.0897 1.0000 1.0000 0.0002 0.0022 0.0323 0.4691 1.0000 0.0001 0.0008 0.0121 0.1775 1.0000 1.0000 0.0003 0.0047 0.0685 1.0000 1.0000 0.0001 0.0018 0.0267 0.3908 1.0000 0.0000 0.0007 0.0083 0.0447 0.0083 0.0007 0.0000 1.0000 0.3908 0.0267 0.0018 0.0001 1.0000 1.0000 0.0685 0.0047 0.0003 1.0000 1.0000 0.1775 0.0121 0.0008 0.0001 1.0000 0.4691 0.0323 0.0022 0.0002 1.0000 1.0000 0.0897 0.0062 0.0004 1.0000 1.0000 0.2651 0.0187 0.0013 0.0001 1.0000 0.8379 0.0598 0.0043 0.0003 1.0000 1.0000 0.1978 0.0142 0.0010 0.0001 1.0000 0.6594 0.0473 0.0033
0.0480 0.6954 1.0000 0.0001 0.0011 0.0150 0.2083 1.0000 1.0000 0.0003 0.0045 0.0627 0.8754 1.0000 0.0001 0.0014 0.0193 0.2723 1.0000 1.0000 0.0004 0.0063 0.0897 1.0000 1.0000 0.0002 0.0022 0.0315 0.4568 1.0000 0.0001 0.0008 0.0117 0.1702 1.0000 1.0000 0.0003 0.0044 0.0652 0.9554 1.0000 0.0001 0.0017 0.0253 0.3713 1.0000 0.0000 0.0007 0.0093 0.1155 0.6228 0.1155 0.0093 0.0007 0.0000 1.0000 0.3713 0.0253 0.0017 0.0001 1.0000 0.9554 0.0652 0.0044 0.0003 1.0000 1.0000 0.1702 0.0117 0.0008 0.0001 1.0000 0.4568 0.0315 0.0022 0.0002 1.0000 1.0000 0.0897 0.0063 0.0004 1.0000 1.0000 0.2723 0.0193 0.0014 0.0001 1.0000 0.8754 0.0627 0.0045 0.0003 1.0000 1.0000 0.2083 0.0150 0.0011 0.0001 1.0000 0.6954 0.0480
0.7047 1.0000 0.0001 0.0011 0.0158 0.2196 1.0000 1.0000 0.0003 0.0047 0.0659 0.9197 1.0000 0.0001 0.0014 0.0201 0.2818 1.0000 1.0000 0.0005 0.0064 0.0907 1.0000 1.0000 0.0002 0.0022 0.0310 0.4482 1.0000 0.0001 0.0008 0.0113 0.1642 1.0000 1.0000 0.0003 0.0042 0.0621 0.9110 1.0000 0.0001 0.0016 0.0240 0.3527 1.0000 0.0000 0.0006 0.0092 0.1297 1.0000 1.0000 1.0000 0.1297 0.0092 0.0006 0.0000 1.0000 0.3527 0.0240 0.0016 0.0001 1.0000 0.9110 0.0621 0.0042 0.0003 1.0000 1.0000 0.1642 0.0113 0.0008 0.0001 1.0000 0.4482 0.0310 0.0022 0.0002 1.0000 1.0000 0.0907 0.0064 0.0005 1.0000 1.0000 0.2818 0.0201 0.0014 0.0001 1.0000 0.9197 0.0659 0.0047 0.0003 1.0000 1.0000 0.2196 0.0158 0.0011 0.0001 1.0000 0.7047
1.0000 0.0001 0.0012 0.0166 0.2317 1.0000 1.0000 0.0004 0.0050 0.0695 0.9682 1.0000 0.0001 0.0015 0.0210 0.2938 1.0000 1.0000 0.0005 0.0065 0.0925 1.0000 1.0000 0.0002 0.0022 0.0309 0.4431 1.0000 0.0001 0.0008 0.0110 0.1593 1.0000 1.0000 0.0003 0.0041 0.0596 0.8704 1.0000 0.0001 0.0016 0.0228 0.3350 1.0000 0.0000 0.0006 0.0088 0.1285 1.0000 1.0000 0.0001 1.0000 1.0000 0.1285 0.0088 0.0006 0.0000 1.0000 0.3350 0.0228 0.0016 0.0001 1.0000 0.8704 0.0596 0.0041 0.0003 1.0000 1.0000 0.1593 0.0110 0.0008 0.0001 1.0000 0.4431 0.0309 0.0022 0.0002 1.0000 1.0000 0.0925 0.0065 0.0005 1.0000 1.0000 0.2938 0.0210 0.0015 0.0001 1.0000 0.9682 0.0695 0.0050 0.0004 1.0000 1.0000 0.2317 0.0166 0.0012 0.0001 1.0000
0.0001 0.0013 0.0175 0.2443 1.0000 1.0000 0.0004 0.0053 0.0732 1.0000 1.0000 0.0001 0.0016 0.0220 0.3075 1.0000 1.0000 0.0005 0.0068 0.0953 1.0000 1.0000 0.0002 0.0022 0.0310 0.4431 1.0000 0.0001 0.0007 0.0108 0.1557 1.0000 1.0000 0.0003 0.0039 0.0574 0.8363 1.0000 0.0001 0.0015 0.0218 0.3195 1.0000 0.0000 0.0006 0.0084 0.1232 1.0000 1.0000 0.0002 0.0010 0.0002 1.0000 1.0000 0.1232 0.0084 0.0006 0.0000 1.0000 0.3195 0.0218 0.0015 0.0001 1.0000 0.8363 0.0574 0.0039 0.0003 1.0000 1.0000 0.1557 0.0108 0.0007 0.0001 1.0000 0.4431 0.0310 0.0022 0.0002 1.0000 1.0000 0.0953 0.0068 0.0005 1.0000 1.0000 0.3075 0.0220 0.0016 0.0001 1.0000 1.0000 0.0732 0.0053 0.0004 1.0000 1.0000 0.2443 0.0175 0.0013 0.0001
0.0013 0.0185 0.2577 1.0000 1.0000 0.0004 0.0055 0.0772 1.0000 1.0000 0.0001 0.0017 0.0232 0.3225 1.0000 1.0000 0.0005 0.0070 0.0988 1.0000 1.0000 0.0002 0.0022 0.0315 0.4482 1.0000 0.0001 0.0007 0.0107 0.1533 1.0000 1.0000 0.0003 0.0038 0.0555 0.8066 1.0000 0.0001 0.0014 0.0209 0.3052 1.0000 0.0000 0.0005 0.0080 0.1175 1.0000 1.0000 0.0002 0.0025 0.0134 0.0025 0.0002 1.0000 1.0000 0.1175 0.0080 0.0005 0.0000 1.0000 0.3052 0.0209 0.0014 0.0001 1.0000 0.8066 0.0555 0.0038 0.0003 1.0000 1.0000 0.1533 0.0107 0.0007 0.0001 1.0000 0.4482 0.0315 0.0022 0.0002 1.0000 1.0000 0.0988 0.0070 0.0005 1.0000 1.0000 0.3225 0.0232 0.0017 0.0001 1.0000 1.0000 0.0772 0.0055 0.0004 1.0000 1.0000 0.2577 0.0185 0.0013
0.0187 0.2718 1.0000 1.0000 0.0004 0.0058 0.0814 1.0000 1.0000 0.0001 0.0017 0.0244 0.3402 1.0000 0.0000 0.0005 0.0074 0.1030 1.0000 1.0000 0.0002 0.0023 0.0323 0.4568 1.0000 0.0001 0.0007 0.0107 0.1527 1.0000 1.0000 0.0003 0.0037 0.0541 0.7839 1.0000 0.0001 0.0014 0.0200 0.2927 1.0000 1.0000 0.0005 0.0076 0.1120 1.0000 1.0000 0.0002 0.0028 0.0347 0.1869 0.0347 0.0028 0.0002 1.0000 1.0000 0.1120 0.0076 0.0005 1.0000 1.0000 0.2927 0.0200 0.0014 0.0001 1.0000 0.7839 0.0541 0.0037 0.0003 1.0000 1.0000 0.1527 0.0107 0.0007 0.0001 1.0000 0.4568 0.0323 0.0023 0.0002 1.0000 1.0000 0.1030 0.0074 0.0005 0.0000 1.0000 0.3402 0.0244 0.0017 0.0001 1.0000 1.0000 0.0814 0.0058 0.0004 1.0000 1.0000 0.2718 0.0187
0.2749 1.0000 1.0000 0.0004 0.0062 0.0857 1.0000 1.0000 0.0001 0.0018 0.0257 0.3581 1.0000 0.0000 0.0006 0.0077 0.1078 1.0000 1.0000 0.0002 0.0024 0.0333 0.4691 1.0000 0.0001 0.0008 0.0108 0.1533 1.0000 1.0000 0.0003 0.0037 0.0532 0.7677 1.0000 0.0001 0.0013 0.0194 0.2823 1.0000 1.0000 0.0005 0.0073 0.1068 1.0000 1.0000 0.0002 0.0028 0.0390 0.4836 1.0000 0.4836 0.0390 0.0028 0.0002 1.0000 1.0000 0.1068 0.0073 0.0005 1.0000 1.0000 0.2823 0.0194 0.0013 0.0001 1.0000 0.7677 0.0532 0.0037 0.0003 1.0000 1.0000 0.1533 0.0108 0.0008 0.0001 1.0000 0.4691 0.0333 0.0024 0.0002 1.0000 1.0000 0.1078 0.0077 0.0006 0.0000 1.0000 0.3581 0.0257 0.0018 0.0001 1.0000 1.0000 0.0857 0.0062 0.0004 1.0000 1.0000 0.2749
1.0000 1.0000 0.0005 0.0065 0.0904 1.0000 1.0000 0.0001 0.0019 0.0271 0.3777 1.0000 0.0000 0.0006 0.0081 0.1133 1.0000 1.0000 0.0002 0.0025 0.0346 0.4864 1.0000 0.0001 0.0008 0.0110 0.1557 1.0000 1.0000 0.0003 0.0037 0.0527 0.7576 1.0000 0.0001 0.0013 0.0188 0.2733 1.0000 1.0000 0.0005 0.0070 0.1025 1.0000 1.0000 0.0002 0.0027 0.0387 0.5441 1.0000 1.0000 1.0000 0.5441 0.0387 0.0027 0.0002 1.0000 1.0000 0.1025 0.0070 0.0005 1.0000 1.0000 0.2733 0.0188 0.0013 0.0001 1.0000 0.7576 0.0527 0.0037 0.0003 1.0000 1.0000 0.1557 0.0110 0.0008 0.0001 1.0000 0.4864 0.0346 0.0025 0.0002 1.0000 1.0000 0.1133 0.0081 0.0006 0.0000 1.0000 0.3777 0.0271 0.0019 0.0001 1.0000 1.0000 0.0904 0.0065 0.0005 1.0000 1.0000
1.0000 0.0005 0.0068 0.0953 1.0000 1.0000 0.0001 0.0020 0.0285 0.3983 1.0000 0.0000 0.0006 0.0086 0.1193 1.0000 1.0000 0.0002 0.0026 0.0361 0.5062 1.0000 0.0001 0.0008 0.0113 0.1593 1.0000 1.0000 0.0003 0.0037 0.0527 0.7547 1.0000 0.0001 0.0013 0.0185 0.2667 1.0000 1.0000 0.0005 0.0068 0.0986 1.0000 1.0000 0.0002 0.0026 0.0373 0.5410 1.0000 0.0001 0.0003 0.0001 1.0000 0.5410 0.0373 0.0026 0.0002 1.0000 1.0000 0.0986 0.0068 0.0005 1.0000 1.0000 0.2667 0.0185 0.0013 0.0001 1.0000 0.7547 0.0527 0.0037 0.0003 1.0000 1.0000 0.1593 0.0113 0.0008 0.0001 1.0000 0.5062 0.0361 0.0026 0.0002 1.0000 1.0000 0.1193 0.0086 0.0006 0.0000 1.0000 0.3983 0.0285 0.0020 0.0001 1.0000 1.0000 0.0953 0.0068 0.0005 1.0000
0.0005 0.0072 0.1005 1.0000 1.0000 0.0002 0.0022 0.0301 0.4193 1.0000 0.0000 0.0006 0.0090 0.1258 1.0000 1.0000 0.0002 0.0027 0.0379 0.5288 1.0000 0.0001 0.0008 0.0117 0.1642 1.0000 1.0000 0.0003 0.0037 0.0532 0.7576 1.0000 0.0001 0.0013 0.0182 0.2621 1.0000 1.0000 0.0005 0.0066 0.0953 1.0000 1.0000 0.0002 0.0025 0.0359 0.5228 1.0000 0.0001 0.0008 0.0040 0.0008 0.0001 1.0000 0.5228 0.0359 0.0025 0.0002 1.0000 1.0000 0.0953 0.0066 0.0005 1.0000 1.0000 0.2621 0.0182 0.0013 0.0001 1.0000 0.7576 0.0532 0.0037 0.0003 1.0000 1.0000 0.1642 0.0117 0.0008 0.0001 1.0000 0.5288 0.0379 0.0027 0.0002 1.0000 1.0000 0.1258 0.0090 0.0006 0.0000 1.0000 0.4193 0.0301 0.0022 0.0002 1.0000 1.0000 0.1005 0.0072 0.0005
0.0073 0.1060 1.0000 1.0000 0.0002 0.0023 0.0317 0.4423 1.0000 0.0000 0.0007 0.0095 0.1327 1.0000 1.0000 0.0002 0.0029 0.0398 0.5556 1.0000 0.0001 0.0009 0.0121 0.1702 1.0000 1.0000 0.0003 0.0038 0.0541 0.7677 1.0000 0.0001 0.0013 0.0181 0.2602 1.0000 1.0000 0.0004 0.0064 0.0928 1.0000 1.0000 0.0002 0.0024 0.0345 0.5024 1.0000 0.0001 0.0008 0.0105 0.0566 0.0105 0.0008 0.0001 1.0000 0.5024 0.0345 0.0024 0.0002 1.0000 1.0000 0.0928 0.0064 0.0004 1.0000 1.0000 0.2602 0.0181 0.0013 0.0001 1.0000 0.7677 0.0541 0.0038 0.0003 1.0000 1.0000 0.1702 0.0121 0.0009 0.0001 1.0000 0.5556 0.0398 0.0029 0.0002 1.0000 1.0000 0.1327 0.0095 0.0007 0.0000 1.0000 0.4423 0.0317 0.0023 0.0002 1.0000 1.0000 0.1060 0.0073
0.1072 1.0000 1.0000 0.0002 0.0024 0.0334 0.4664 1.0000 0.0001 0.0007 0.0100 0.1397 1.0000 1.0000 0.0002 0.0030 0.0419 0.5838 1.0000 0.0001 0.0009 0.0127 0.1775 1.0000 1.0000 0.0003 0.0039 0.0555 0.7839 1.0000 0.0001 0.0013 0.0182 0.2602 1.0000 1.0000 0.0004 0.0063 0.0909 1.0000 1.0000 0.0002 0.0023 0.0333 0.4845 1.0000 0.0001 0.0008 0.0119 0.1470 0.7914 0.1470 0.0119 0.0008 0.0001 1.0000 0.4845 0.0333 0.0023 0.0002 1.0000 1.0000 0.0909 0.0063 0.0004 1.0000 1.0000 0.2602 0.0182 0.0013 0.0001 1.0000 0.7839 0.0555 0.0039 0.0003 1.0000 1.0000 0.1775 0.0127 0.0009 0.0001 1.0000 0.5838 0.0419 0.0030 0.0002 1.0000 1.0000 0.1397 0.0100 0.0007 0.0001 1.0000 0.4664 0.0334 0.0024 0.0002 1.0000 1.0000 0.1072
1.0000 1.0000 0.0002 0.0025 0.0353 0.4910 1.0000 0.0001 0.0008 0.0106 0.1473 1.0000 1.0000 0.0002 0.0032 0.0442 0.6157 1.0000 0.0001 0.0010 0.0133 0.1858 1.0000 1.0000 0.0003 0.0041 0.0574 0.8066 1.0000 0.0001 0.0013 0.0185 0.2621 1.0000 1.0000 0.0004 0.0062 0.0899 1.0000 1.0000 0.0002 0.0022 0.0323 0.4691 1.0000 0.0001 0.0008 0.0119 0.1664 1.0000 1.0000 1.0000 0.1664 0.0119 0.0008 0.0001 1.0000 0.4691 0.0323 0.0022 0.0002 1.0000 1.0000 0.0899 0.0062 0.0004 1.0000 1.0000 0.2621 0.0185 0.0013 0.0001 1.0000 0.8066 0.0574 0.0041 0.0003 1.0000 1.0000 0.1858 0.0133 0.0010 0.0001 1.0000 0.6157 0.0442 0.0032 0.0002 1.0000 1.0000 0.1473 0.0106 0.0008 0.0001 1.0000 0.4910 0.0353 0.0025 0.0002 1.0000 1.0000
1.0000 0.0002 0.0027 0.0372 0.5179 1.0000 0.0001 0.0008 0.0111 0.1554 1.0000 1.0000 0.0002 0.0033 0.0465 0.6494 1.0000 0.0001 0.0010 0.0140 0.1948 1.0000 1.0000 0.0003 0.0042 0.0596 0.8363 1.0000 0.0001 0.0013 0.0188 0.2667 1.0000 1.0000 0.0004 0.0062 0.0895 1.0000 1.0000 0.0002 0.0022 0.0316 0.4568 1.0000 0.0001 0.0008 0.0116 0.1667 1.0000 1.0000 0.0001 1.0000 1.0000 0.1667 0.0116 0.0008 0.0001 1.0000 0.4568 0.0316 0.0022 0.0002 1.0000 1.0000 0.0895 0.0062 0.0004 1.0000 1.0000 0.2667 0.0188 0.0013 0.0001 1.0000 0.8363 0.0596 0.0042 0.0003 1.0000 1.0000 0.1948 0.0140 0.0010 0.0001 1.0000 0.6494 0.0465 0.0033 0.0002 1.0000 1.0000 0.1554 0.0111 0.0008 0.0001 1.0000 0.5179 0.0372 0.0027 0.0002 1.0000
0.0002 0.0028 0.0392 0.5462 1.0000 0.0001 0.0008 0.0117 0.1636 1.0000 1.0000 0.0003 0.0035 0.0491 0.6836 1.0000 0.0001 0.0011 0.0147 0.2051 1.0000 1.0000 0.0003 0.0044 0.0621 0.8704 1.0000 0.0001 0.0014 0.0194 0.2733 1.0000 1.0000 0.0004 0.0063 0.0899 1.0000 1.0000 0.0002 0.0022 0.0311 0.4482 1.0000 0.0001 0.0008 0.0112 0.1629 1.0000 1.0000 0.0002 0.0012 0.0002 1.0000 1.0000 0.1629 0.0112 0.0008 0.0001 1.0000 0.4482 0.0311 0.0022 0.0002 1.0000 1.0000 0.0899 0.0063 0.0004 1.0000 1.0000 0.2733 0.0194 0.0014 0.0001 1.0000 0.8704 0.0621 0.0044 0.0003 1.0000 1.0000 0.2051 0.0147 0.0011 0.0001 1.0000 0.6836 0.0491 0.0035 0.0003 1.0000 1.0000 0.1636 0.0117 0.0008 0.0001 1.0000 0.5462 0.0392 0.0028 0.0002
0.0029 0.0414 0.5761 1.0000 0.0001 0.0009 0.0124 0.1725 1.0000 1.0000 0.0003 0.0037 0.0518 0.7210 1.0000 0.0001 0.0011 0.0155 0.2163 1.0000 1.0000 0.0003 0.0047 0.0652 0.9110 1.0000 0.0001 0.0014 0.0200 0.2823 1.0000 1.0000 0.0005 0.0064 0.0909 1.0000 1.0000 0.0002 0.0021 0.0308 0.4431 1.0000 0.0001 0.0008 0.0110 0.1587 1.0000 1.0000 0.0003 0.0032 0.0175 0.0032 0.0003 1.0000 1.0000 0.1587 0.0110 0.0008 0.0001 1.0000 0.4431 0.0308 0.0021 0.0002 1.0000 1.0000 0.0909 0.0064 0.0005 1.0000 1.0000 0.2823 0.0200 0.0014 0.0001 1.0000 0.9110 0.0652 0.0047 0.0003 1.0000 1.0000 0.2163 0.0155 0.0011 0.0001 1.0000 0.7210 0.0518 0.0037 0.0003 1.0000 1.0000 0.1725 0.0124 0.0009 0.0001 1.0000 0.5761 0.0414 0.0029
0.0419 0.6076 1.0000 0.0001 0.0009 0.0131 0.1820 1.0000 1.0000 0.0003 0.0039 0.0545 0.7604 1.0000 0.0001 0.0012 0.0163 0.2277 1.0000 1.0000 0.0004 0.0049 0.0685 0.9554 1.0000 0.0001 0.0015 0.0209 0.2927 1.0000 1.0000 0.0005 0.0066 0.0928 1.0000 1.0000 0.0002 0.0022 0.0308 0.4414 1.0000 0.0001 0.0007 0.0108 0.1554 1.0000 1.0000 0.0003 0.0037 0.0457 0.2457 0.0457 0.0037 0.0003 1.0000 1.0000 0.1554 0.0108 0.0007 0.0001 1.0000 0.4414 0.0308 0.0022 0.0002 1.0000 1.0000 0.0928 0.0066 0.0005 1.0000 1.0000 0.2927 0.0209 0.0015 0.0001 1.0000 0.9554 0.0685 0.0049 0.0004 1.0000 1.0000 0.2277 0.0163 0.0012 0.0001 1.0000 0.7604 0.0545 0.0039 0.0003 1.0000 1.0000 0.1820 0.0131 0.0009 0.0001 1.0000 0.6076 0.0419
0.6157 1.0000 0.0001 0.0010 0.0138 0.1919 1.0000 1.0000 0.0003 0.0041 0.0575 0.8005 1.0000 0.0001 0.0012 0.0172 0.2402 1.0000 1.0000 0.0004 0.0052 0.0721 1.0000 1.0000 0.0001 0.0016 0.0218 0.3052 1.0000 1.0000 0.0005 0.0068 0.0953 1.0000 1.0000 0.0002 0.0022 0.0311 0.4431 1.0000 0.0001 0.0007 0.0106 0.1530 1.0000 1.0000 0.0003 0.0038 0.0524 0.6445 1.0000 0.6445 0.0524 0.0038 0.0003 1.0000 1.0000 0.1530 0.0106 0.0007 0.0001 1.0000 0.4431 0.0311 0.0022 0.0002 1.0000 1.0000 0.0953 0.0068 0.0005 1.0000 1.0000 0.3052 0.0218 0.0016 0.0001 1.0000 1.0000 0.0721 0.0052 0.0004 1.0000 1.0000 0.2402 0.0172 0.0012 0.0001 1.0000 0.8005 0.0575 0.0041 0.0003 1.0000 1.0000 0.1919 0.0138 0.0010 0.0001 1.0000 0.6157
1.0000 0.0001 0.0010 0.0145 0.2024 1.0000 1.0000 0.0003 0.0043 0.0606 0.8443 1.0000 0.0001 0.0013 0.0182 0.2533 1.0000 1.0000 0.0004 0.0054 0.0759 1.0000 1.0000 0.0001 0.0016 0.0228 0.3195 1.0000 1.0000 0.0005 0.0070 0.0986 1.0000 1.0000 0.0002 0.0022 0.0316 0.4482 1.0000 0.0001 0.0007 0.0106 0.1519 1.0000 1.0000 0.0003 0.0037 0.0533 0.7405 1.0000 1.0000 1.0000 0.7405 0.0532 0.0037 0.0003 1.0000 1.0000 0.1519 0.0106 0.0007 0.0001 1.0000 0.4482 0.0316 0.0022 0.0002 1.0000 1.0000 0.0986 0.0070 0.0005 1.0000 1.0000 0.3195 0.0228 0.0016 0.0001 1.0000 1.0000 0.0759 0.0054 0.0004 1.0000 1.0000 0.2533 0.0182 0.0013 0.0001 1.0000 0.8443 0.0606 0.0043 0.0003 1.0000 1.0000 0.2024 0.0145 0.0010 0.0001 1.0000
0.0001 0.0011 0.0153 0.2135 1.0000 1.0000 0.0003 0.0046 0.0638 0.8905 1.0000 0.0001 0.0014 0.0191 0.2667 1.0000 1.0000 0.0004 0.0057 0.0800 1.0000 1.0000 0.0001 0.0017 0.0240 0.3350 1.0000 0.0000 0.0005 0.0073 0.1025 1.0000 1.0000 0.0002 0.0023 0.0323 0.4568 1.0000 0.0001 0.0007 0.0106 0.1519 1.0000 1.0000 0.0003 0.0037 0.0529 0.7561 1.0000 0.0001 0.0004 0.0001 1.0000 0.7532 0.0528 0.0037 0.0003 1.0000 1.0000 0.1519 0.0106 0.0007 0.0001 1.0000 0.4568 0.0323 0.0023 0.0002 1.0000 1.0000 0.1025 0.0073 0.0005 0.0000 1.0000 0.3350 0.0240 0.0017 0.0001 1.0000 1.0000 0.0800 0.0057 0.0004 1.0000 1.0000 0.2667 0.0191 0.0014 0.0001 1.0000 0.8905 0.0638 0.0046 0.0003 1.0000 1.0000 0.2135 0.0153 0.0011 0.0001
0.0011 0.0162 0.2251 1.0000 1.0000 0.0003 0.0048 0.0673 0.9374 1.0000 0.0001 0.0014 0.0202 0.2813 1.0000 1.0000 0.0004 0.0060 0.0844 1.0000 1.0000 0.0001 0.0018 0.0253 0.3527 1.0000 0.0000 0.0005 0.0076 0.1068 1.0000 1.0000 0.0002 0.0024 0.0333 0.4691 1.0000 0.0001 0.0008 0.0108 0.1530 1.0000 1.0000 0.0003 0.0035 0.0527 0.7692 1.0000 0.0001 0.0010 0.0055 0.0010 0.0001 1.0000 0.7490 0.0526 0.0036 0.0003 1.0000 1.0000 0.1530 0.0108 0.0008 0.0001 1.0000 0.4691 0.0333 0.0024 0.0002 1.0000 1.0000 0.1068 0.0076 0.0005 0.0000 1.0000 0.3527 0.0253 0.0018 0.0001 1.0000 1.0000 0.0844 0.0060 0.0004 1.0000 1.0000 0.2813 0.0202 0.0014 0.0001 1.0000 0.9374 0.0673 0.0048 0.0003 1.0000 1.0000 0.2251 0.0162 0.0011
0.0163 0.2370 1.0000 1.0000 0.0004 0.0051 0.0710 0.9887 1.0000 0.0001 0.0015 0.0213 0.2961 1.0000 1.0000 0.0005 0.0064 0.0888 1.0000 1.0000 0.0001 0.0019 0.0267 0.3713 1.0000 0.0000 0.0006 0.0080 0.1120 1.0000 1.0000 0.0002 0.0025 0.0345 0.4845 1.0000 0.0001 0.0008 0.0110 0.1554 1.0000 1.0000 0.0003 0.0038 0.0529 0.7279 1.0000 0.0001 0.0012 0.0147 0.0784 0.0140 0.0012 0.0001 1.0000 0.7648 0.0528 0.0037 0.0003 1.0000 1.0000 0.1554 0.0110 0.0008 0.0001 1.0000 0.4845 0.0345 0.0025 0.0002 1.0000 1.0000 0.1120 0.0080 0.0006 0.0000 1.0000 0.3713 0.0267 0.0019 0.0001 1.0000 1.0000 0.0888 0.0064 0.0005 1.0000 1.0000 0.2961 0.0213 0.0015 0.0001 1.0000 0.9887 0.0710 0.0051 0.0004 1.0000 1.0000 0.2370 0.0163
0.2397 1.0000 1.0000 0.0004 0.0054 0.0747 1.0000 1.0000 0.0001 0.0016 0.0224 0.3117 1.0000 1.0000 0.0005 0.0067 0.0935 1.0000 1.0000 0.0001 0.0020 0.0281 0.3908 1.0000 0.0000 0.0006 0.0084 0.1175 1.0000 1.0000 0.0002 0.0026 0.0359 0.5024 1.0000 0.0001 0.0008 0.0112 0.1587 1.0000 1.0000 0.0003 0.0037 0.0547 0.7561 1.0000 0.0001 0.0012 0.0172 0.2159 1.0000 0.2059 0.0171 0.0013 0.0001 1.0000 0.7633 0.0532 0.0036 0.0003 1.0000 1.0000 0.1587 0.0112 0.0008 0.0001 1.0000 0.5024 0.0359 0.0026 0.0002 1.0000 1.0000 0.1175 0.0084 0.0006 0.0000 1.0000 0.3908 0.0281 0.0020 0.0001 1.0000 1.0000 0.0935 0.0067 0.0005 1.0000 1.0000 0.3117 0.0224 0.0016 0.0001 1.0000 1.0000 0.0747 0.0054 0.0004 1.0000 1.0000 0.2397
1.0000 1.0000 0.0004 0.0056 0.0787 1.0000 1.0000 0.0001 0.0017 0.0235 0.3275 1.0000 1.0000 0.0005 0.0071 0.0983 1.0000 1.0000 0.0002 0.0021 0.0295 0.4106 1.0000 0.0000 0.0006 0.0088 0.1232 1.0000 1.0000 0.0002 0.0027 0.0373 0.5228 1.0000 0.0001 0.0008 0.0116 0.1629 1.0000 1.0000 0.0003 0.0037 0.0528 0.7518 1.0000 0.0001 0.0012 0.0176 0.2500 1.0000 1.0000 1.0000 0.2425 0.0180 0.0013 0.0001 1.0000 0.7619 0.0533 0.0037 0.0003 1.0000 1.0000 0.1629 0.0116 0.0008 0.0001 1.0000 0.5228 0.0373 0.0027 0.0002 1.0000 1.0000 0.1232 0.0088 0.0006 0.0000 1.0000 0.4106 0.0295 0.0021 0.0002 1.0000 1.0000 0.0983 0.0071 0.0005 1.0000 1.0000 0.3275 0.0235 0.0017 0.0001 1.0000 1.0000 0.0787 0.0056 0.0004 1.0000 1.0000
1.0000 0.0004 0.0059 0.0820 1.0000 1.0000 0.0001 0.0018 0.0245 0.3415 1.0000 0.0000 0.0005 0.0074 0.1025 1.0000 1.0000 0.0002 0.0022 0.0307 0.4282 1.0000 0.0000 0.0007 0.0092 0.1285 1.0000 1.0000 0.0002 0.0028 0.0387 0.5410 1.0000 0.0001 0.0008 0.0119 0.1667 1.0000 1.0000 0.0003 0.0038 0.0532 0.7547 1.0000 0.0001 0.0012 0.0177 0.2602 1.0000 1.0000 0.0001 1.0000 1.0000 0.2528 0.0178 0.0012 0.0001 1.0000 0.7706 0.0533 0.0038 0.0003 1.0000 1.0000 0.1667 0.0119 0.0008 0.0001 1.0000 0.5410 0.0387 0.0028 0.0002 1.0000 1.0000 0.1285 0.0092 0.0007 0.0000 1.0000 0.4282 0.0307 0.0022 0.0002 1.0000 1.0000 0.1025 0.0074 0.0005 0.0000 1.0000 0.3415 0.0245 0.0018 0.0001 1.0000 1.0000 0.0820 0.0059 0.0004 1.0000
0.0004 0.0059 0.0828 1.0000 1.0000 0.0001 0.0018 0.0248 0.3454 1.0000 0.0000 0.0005 0.0074 0.1034 1.0000 1.0000 0.0002 0.0022 0.0310 0.4323 1.0000 0.0000 0.0007 0.0093 0.1297 1.0000 1.0000 0.0002 0.0028 0.0390 0.5441 1.0000 0.0001 0.0008 0.0119 0.1664 1.0000 1.0000 0.0003 0.0037 0.0524 0.7405 1.0000 0.0001 0.0012 0.0165 0.2402 1.0000 1.0000 0.0003 0.0018 0.0003 1.0000 1.0000 0.2457 0.0172 0.0012 0.0001 1.0000 0.7391 0.0524 0.0037 0.0003 1.0000 1.0000 0.1664 0.0119 0.0008 0.0001 1.0000 0.5441 0.0390 0.0028 0.0002 1.0000 1.0000 0.1297 0.0093 0.0007 0.0000 1.0000 0.4323 0.0310 0.0022 0.0002 1.0000 1.0000 0.1034 0.0074 0.0005 0.0000 1.0000 0.3454 0.0248 0.0018 0.0001 1.0000 1.0000 0.0828 0.0059 0.0004
0.0051 0.0737 1.0000 1.0000 0.0001 0.0016 0.0221 0.3075 1.0000 1.0000 0.0005 0.0066 0.0921 1.0000 1.0000 0.0001 0.0020 0.0276 0.3849 1.0000 0.0000 0.0006 0.0083 0.1155 1.0000 1.0000 0.0002 0.0025 0.0347 0.4836 1.0000 0.0001 0.0008 0.0105 0.1470 1.0000 1.0000 0.0002 0.0032 0.0457 0.6445 1.0000 0.0001 0.0010 0.0145 0.2024 1.0000 1.0000 0.0003 0.0041 0.0217 0.0041 0.0003 1.0000 1.0000 0.2123 0.0151 0.0010 0.0001 1.0000 0.6445 0.0457 0.0032 0.0002 1.0000 1.0000 0.1470 0.0105 0.0008 0.0001 1.0000 0.4836 0.0347 0.0025 0.0002 1.0000 1.0000 0.1155 0.0083 0.0006 0.0000 1.0000 0.3849 0.0276 0.0020 0.0001 1.0000 1.0000 0.0921 0.0066 0.0005 1.0000 1.0000 0.3075 0.0221 0.0016 0.0001 1.0000 1.0000 0.0737 0.0051
0.0278 0.3998 1.0000 0.0000 0.0006 0.0085 0.1191 1.0000 1.0000 0.0002 0.0026 0.0357 0.4967 1.0000 0.0001 0.0008 0.0107 0.1490 1.0000 1.0000 0.0002 0.0032 0.0447 0.6228 1.0000 0.0001 0.0010 0.0134 0.1869 1.0000 1.0000 0.0003 0.0040 0.0566 0.7914 1.0000 0.0001 0.0012 0.0175 0.2457 1.0000 1.0000 0.0004 0.0056 0.0797 1.0000 1.0000 0.0001 0.0017 0.0218 0.1129 0.0224 0.0018 0.0001 1.0000 1.0000 0.0806 0.0057 0.0004 1.0000 1.0000 0.2457 0.0175 0.0012 0.0001 1.0000 0.7914 0.0566 0.0040 0.0003 1.0000 1.0000 0.1869 0.0134 0.0010 0.0001 1.0000 0.6228 0.0447 0.0032 0.0002 1.0000 1.0000 0.1490 0.0107 0.0008 0.0001 1.0000 0.4967 0.0357 0.0026 0.0002 1.0000 1.0000 0.1191 0.0085 0.0006 0.0000 1.0000 0.3998 0.0278
0.0051 0.0737 1.0000 1.0000 0.0001 0.0016 0.0221 0.3075 1.0000 1.0000 0.0005 0.0066 0.0921 1.0000 1.0000 0.0001 0.0020 0.0276 0.3849 1.0000 0.0000 0.0006 0.0083 0.1155 1.0000 1.0000 0.0002 0.0025 0.0347 0.4836 1.0000 0.0001 0.0008 0.0105 0.1470 1.0000 1.0000 0.0002 0.0032 0.0457 0.6445 1.0000 0.0001 0.0010 0.0150 0.2127 1.0000 1.0000 0.0003 0.0043 0.0220 0.0041 0.0003 1.0000 1.0000 0.2123 0.0151 0.0011 0.0001 1.0000 0.6445 0.0457 0.0032 0.0002 1.0000 1.0000 0.1470 0.0105 0.0008 0.0001 1.0000 0.4836 0.0347 0.0025 0.0002 1.0000 1.0000 0.1155 0.0083 0.0006 0.0000 1.0000 0.3849 0.0276 0.0020 0.0001 1.0000 1.0000 0.0921 0.0066 0.0005 1.0000 1.0000 0.3075 0.0221 0.0016 0.0001 1.0000 1.0000 0.0737 0.0051
0.0004 0.0059 0.0828 1.0000 1.0000 0.0001 0.0018 0.0248 0.3454 1.0000 0.0000 0.0005 0.0074 0.1034 1.0000 1.0000 0.0002 0.0022 0.0310 0.4323 1.0000 0.0000 0.0007 0.0093 0.1297 1.0000 1.0000 0.0002 0.0028 0.0390 0.5441 1.0000 0.0001 0.0008 0.0119 0.1664 1.0000 1.0000 0.0003 0.0037 0.0524 0.7405 1.0000 0.0001 0.0012 0.0174 0.2490 1.0000 1.0000 0.0003 0.0018 0.0003 1.0000 1.0000 0.2524 0.0177 0.0013 0.0001 1.0000 0.7419 0.0524 0.0037 0.0003 1.0000 1.0000 0.1664 0.0119 0.0008 0.0001 1.0000 0.5441 0.0390 0.0028 0.0002 1.0000 1.0000 0.1297 0.0093 0.0007 0.0000 1.0000 0.4323 0.0310 0.0022 0.0002 1.0000 1.0000 0.1034 0.0074 0.0005 0.0000 1.0000 0.3454 0.0248 0.0018 0.0001 1.0000 1.0000 0.0828 0.0059 0.0004
1.0000 0.0004 0.0059 0.0820 1.0000 1.0000 0.0001 0.0018 0.0245 0.3415 1.0000 0.0000 0.0005 0.0074 0.1025 1.0000 1.0000 0.0002 0.0022 0.0307 0.4282 1.0000 0.0000 0.0007 0.0092 0.1285 1.0000 1.0000 0.0002 0.0028 0.0387 0.5410 1.0000 0.0001 0.0008 0.0119 0.1667 1.0000 1.0000 0.0003 0.0038 0.0533 0.7576 1.0000 0.0001 0.0013 0.0182 0.2509 1.0000 1.0000 0.0001 1.0000 1.0000 0.2514 0.0181 0.0013 0.0001 1.0000 0.7795 0.0534 0.0038 0.0003 1.0000 1.0000 0.1667 0.0119 0.0008 0.0001 1.0000 0.5410 0.0387 0.0028 0.0002 1.0000 1.0000 0.1285 0.0092 0.0007 0.0000 1.0000 0.4282 0.0307 0.0022 0.0002 1.0000 1.0000 0.1025 0.0074 0.0005 0.0000 1.0000 0.3415 0.0245 0.0018 0.0001 1.0000 1.0000 0.0820 0.0059 0.0004 1.0000
1.0000 1.0000 0.0004 0.0056 0.0787 1.0000 1.0000 0.0001 0.0017 0.0235 0.3275 1.0000 1.0000 0.0005 0.0071 0.0983 1.0000 1.0000 0.0002 0.0021 0.0295 0.4106 1.0000 0.0000 0.0006 0.0088 0.1232 1.0000 1.0000 0.0002 0.0027 0.0373 0.5228 1.0000 0.0001 0.0008 0.0116 0.1629 1.0000 1.0000 0.0003 0.0037 0.0531 0.7532 1.0000 0.0001 0.0013 0.0180 0.2504 1.0000 1.0000 1.0000 0.2321 0.0174 0.0012 0.0001 1.0000 0.7561 0.0537 0.0037 0.0003 1.0000 1.0000 0.1629 0.0116 0.0008 0.0001 1.0000 0.5228 0.0373 0.0027 0.0002 1.0000 1.0000 0.1232 0.0088 0.0006 0.0000 1.0000 0.4106 0.0295 0.0021 0.0002 1.0000 1.0000 0.0983 0.0071 0.0005 1.0000 1.0000 0.3275 0.0235 0.0017 0.0001 1.0000 1.0000 0.0787 0.0056 0.0004 1.0000 1.0000
0.2397 1.0000 1.0000 0.0004 0.0054 0.0747 1.0000 1.0000 0.0001 0.0016 0.0224 0.3117 1.0000 1.0000 0.0005 0.0067 0.0935 1.0000 1.0000 0.0001 0.0020 0.0281 0.3908 1.0000 0.0000 0.0006 0.0084 0.1175 1.0000 1.0000 0.0002 0.0026 0.0359 0.5024 1.0000 0.0001 0.0008 0.0112 0.1587 1.0000 1.0000 0.0003 0.0037 0.0533 0.7648 1.0000 0.0001 0.0012 0.0171 0.2176 1.0000 0.1993 0.0171 0.0012 0.0001 1.0000 0.7662 0.0531 0.0038 0.0003 1.0000 1.0000 0.1587 0.0112 0.0008 0.0001 1.0000 0.5024 0.0359 0.0026 0.0002 1.0000 1.0000 0.1175 0.0084 0.0006 0.0000 1.0000 0.3908 0.0281 0.0020 0.0001 1.0000 1.0000 0.0935 0.0067 0.0005 1.0000 1.0000 0.3117 0.0224 0.0016 0.0001 1.0000 1.0000 0.0747 0.0054 0.0004 1.0000 1.0000 0.2397
