0.1223 1.0000 1.0000 0.0002 0.0034 0.0506 0.7447 1.0000 0.0001 0.0013 0.0198 0.2910 1.0000 0.0000 0.0005 0.0077 0.1135 1.0000 1.0000 0.0002 0.0030 0.0442 0.6482 1.0000 0.0001 0.0012 0.0168 0.2420 1.0000 1.0000 0.0004 0.0051 0.0653 0.7677 1.0000 1.0000 0.0001 0.0002 0.0002 0.0002 0.0002 0.0002 0.0002 0.0002 0.0002 0.0002 0.0002 0.0002 0.0002 0.0002 0.0002 0.0002 0.0002 0.0002 0.0002 0.0002 0.0002 0.0002 0.0002 0.0002 0.0002 0.0002 0.0002 0.0002 0.0001 1.0000 1.0000 0.7677 0.0653 0.0051 0.0004 1.0000 1.0000 0.2420 0.0168 0.0012 0.0001 1.0000 0.6482 0.0442 0.0030 0.0002 1.0000 1.0000 0.1135 0.0077 0.0005 0.0000 1.0000 0.2910 0.0198 0.0013 0.0001 1.0000 0.7447 0.0506 0.0034 0.0002 1.0000 1.0000 0.1223
1.0000 1.0000 0.0002 0.0034 0.0502 0.7376 1.0000 0.0001 0.0013 0.0196 0.2877 1.0000 1.0000 0.0005 0.0076 0.1122 1.0000 1.0000 0.0002 0.0030 0.0438 0.6420 1.0000 0.0001 0.0011 0.0168 0.2434 1.0000 1.0000 0.0004 0.0056 0.0744 0.9499 1.0000 0.0001 0.0005 0.0020 0.0030 0.0031 0.0031 0.0031 0.0031 0.0031 0.0031 0.0031 0.0031 0.0031 0.0031 0.0031 0.0031 0.0031 0.0031 0.0031 0.0031 0.0031 0.0031 0.0031 0.0031 0.0031 0.0031 0.0031 0.0031 0.0031 0.0030 0.0020 0.0005 0.0001 1.0000 0.9499 0.0744 0.0056 0.0004 1.0000 1.0000 0.2434 0.0168 0.0011 0.0001 1.0000 0.6420 0.0438 0.0030 0.0002 1.0000 1.0000 0.1122 0.0076 0.0005 1.0000 1.0000 0.2877 0.0196 0.0013 0.0001 1.0000 0.7376 0.0502 0.0034 0.0002 1.0000 1.0000
1.0000 0.0002 0.0034 0.0487 0.7088 1.0000 0.0001 0.0013 0.0186 0.2728 1.0000 1.0000 0.0005 0.0072 0.1064 1.0000 1.0000 0.0002 0.0028 0.0415 0.6099 1.0000 0.0001 0.0011 0.0160 0.2334 1.0000 1.0000 0.0004 0.0056 0.0776 1.0000 1.0000 0.0001 0.0009 0.0070 0.0306 0.0482 0.0496 0.0496 0.0496 0.0496 0.0496 0.0496 0.0496 0.0496 0.0496 0.0496 0.0496 0.0496 0.0497 0.0496 0.0496 0.0496 0.0496 0.0496 0.0496 0.0496 0.0496 0.0496 0.0496 0.0496 0.0496 0.0482 0.0306 0.0070 0.0009 0.0001 1.0000 1.0000 0.0776 0.0056 0.0004 1.0000 1.0000 0.2334 0.0160 0.0011 0.0001 1.0000 0.6099 0.0415 0.0028 0.0002 1.0000 1.0000 0.1064 0.0072 0.0005 1.0000 1.0000 0.2728 0.0186 0.0013 0.0001 1.0000 0.7088 0.0487 0.0034 0.0002 1.0000
0.0002 0.0034 0.0487 0.6981 1.0000 0.0001 0.0012 0.0178 0.2606 1.0000 1.0000 0.0005 0.0069 0.1011 1.0000 1.0000 0.0002 0.0027 0.0394 0.5783 1.0000 0.0001 0.0010 0.0153 0.2230 1.0000 1.0000 0.0004 0.0055 0.0782 1.0000 1.0000 0.0001 0.0012 0.0126 0.1011 0.4638 0.7721 0.7990 0.8005 0.8005 0.8005 0.8005 0.8005 0.8005 0.8005 0.8005 0.8005 0.8005 0.8005 0.8005 0.8005 0.8005 0.8005 0.8005 0.8005 0.8005 0.8005 0.8005 0.8005 0.8005 0.8005 0.7990 0.7721 0.4638 0.1011 0.0126 0.0012 0.0001 1.0000 1.0000 0.0782 0.0055 0.0004 1.0000 1.0000 0.2230 0.0153 0.0010 0.0001 1.0000 0.5783 0.0394 0.0027 0.0002 1.0000 1.0000 0.1011 0.0069 0.0005 1.0000 1.0000 0.2606 0.0178 0.0012 0.0001 1.0000 0.6981 0.0487 0.0034 0.0002
0.0034 0.0502 0.7088 1.0000 0.0001 0.0012 0.0172 0.2509 1.0000 1.0000 0.0004 0.0065 0.0960 1.0000 1.0000 0.0002 0.0025 0.0374 0.5483 1.0000 0.0001 0.0010 0.0145 0.2127 1.0000 1.0000 0.0004 0.0054 0.0772 1.0000 1.0000 0.0001 0.0015 0.0172 0.1789 1.0000 1.0000 1.0000 1.0000 1.0000 1.0000 1.0000 1.0000 1.0000 1.0000 1.0000 1.0000 1.0000 1.0000 1.0000 1.0000 1.0000 1.0000 1.0000 1.0000 1.0000 1.0000 1.0000 1.0000 1.0000 1.0000 1.0000 1.0000 1.0000 1.0000 1.0000 0.1789 0.0172 0.0015 0.0001 1.0000 1.0000 0.0772 0.0054 0.0004 1.0000 1.0000 0.2127 0.0145 0.0010 0.0001 1.0000 0.5483 0.0374 0.0025 0.0002 1.0000 1.0000 0.0960 0.0065 0.0004 1.0000 1.0000 0.2509 0.0172 0.0012 0.0001 1.0000 0.7088 0.0502 0.0034
0.0506 0.7376 1.0000 0.0001 0.0012 0.0170 0.2453 1.0000 1.0000 0.0004 0.0063 0.0918 1.0000 1.0000 0.0002 0.0024 0.0355 0.5208 1.0000 0.0001 0.0009 0.0138 0.2020 1.0000 1.0000 0.0004 0.0052 0.0753 1.0000 1.0000 0.0001 0.0016 0.0204 0.2420 1.0000 1.0000 0.0001 0.0001 0.0001 0.0001 0.0001 0.0001 0.0001 0.0001 0.0001 0.0001 0.0001 0.0001 0.0001 0.0001 0.0001 0.0001 0.0001 0.0001 0.0001 0.0001 0.0001 0.0001 0.0001 0.0001 0.0001 0.0001 0.0001 0.0001 0.0001 1.0000 1.0000 0.2420 0.0204 0.0016 0.0001 1.0000 1.0000 0.0753 0.0052 0.0004 1.0000 1.0000 0.2020 0.0138 0.0009 0.0001 1.0000 0.5208 0.0355 0.0024 0.0002 1.0000 1.0000 0.0918 0.0063 0.0004 1.0000 1.0000 0.2453 0.0170 0.0012 0.0001 1.0000 0.7376 0.0506
0.7447 1.0000 0.0001 0.0012 0.0172 0.2453 1.0000 1.0000 0.0004 0.0061 0.0883 1.0000 1.0000 0.0002 0.0023 0.0337 0.4948 1.0000 0.0001 0.0009 0.0131 0.1923 1.0000 1.0000 0.0003 0.0050 0.0726 1.0000 1.0000 0.0001 0.0017 0.0223 0.2856 1.0000 1.0000 0.0002 0.0008 0.0014 0.0015 0.0015 0.0015 0.0015 0.0015 0.0015 0.0015 0.0015 0.0015 0.0015 0.0015 0.0015 0.0015 0.0015 0.0015 0.0015 0.0015 0.0015 0.0015 0.0015 0.0015 0.0015 0.0015 0.0015 0.0015 0.0014 0.0008 0.0002 1.0000 1.0000 0.2856 0.0223 0.0017 0.0001 1.0000 1.0000 0.0726 0.0050 0.0003 1.0000 1.0000 0.1923 0.0131 0.0009 0.0001 1.0000 0.4948 0.0337 0.0023 0.0002 1.0000 1.0000 0.0883 0.0061 0.0004 1.0000 1.0000 0.2453 0.0172 0.0012 0.0001 1.0000 0.7447
1.0000 0.0001 0.0013 0.0178 0.2509 1.0000 1.0000 0.0004 0.0060 0.0860 1.0000 1.0000 0.0002 0.0022 0.0322 0.4727 1.0000 0.0001 0.0008 0.0125 0.1826 1.0000 1.0000 0.0003 0.0048 0.0698 1.0000 1.0000 0.0001 0.0017 0.0232 0.3117 1.0000 1.0000 0.0003 0.0023 0.0119 0.0228 0.0241 0.0241 0.0241 0.0241 0.0241 0.0241 0.0241 0.0241 0.0241 0.0241 0.0241 0.0241 0.0241 0.0241 0.0241 0.0241 0.0241 0.0241 0.0241 0.0241 0.0241 0.0241 0.0241 0.0241 0.0241 0.0228 0.0119 0.0023 0.0003 1.0000 1.0000 0.3117 0.0232 0.0017 0.0001 1.0000 1.0000 0.0698 0.0048 0.0003 1.0000 1.0000 0.1826 0.0125 0.0008 0.0001 1.0000 0.4727 0.0322 0.0022 0.0002 1.0000 1.0000 0.0860 0.0060 0.0004 1.0000 1.0000 0.2509 0.0178 0.0013 0.0001 1.0000
0.0001 0.0013 0.0186 0.2606 1.0000 1.0000 0.0004 0.0060 0.0854 1.0000 1.0000 0.0001 0.0021 0.0310 0.4525 1.0000 0.0001 0.0008 0.0119 0.1738 1.0000 1.0000 0.0003 0.0046 0.0667 0.9719 1.0000 0.0001 0.0017 0.0234 0.3238 1.0000 1.0000 0.0004 0.0039 0.0334 0.1778 0.3629 0.3879 0.3886 0.3886 0.3893 0.3893 0.3893 0.3893 0.3893 0.3893 0.3893 0.3893 0.3893 0.3893 0.3893 0.3893 0.3893 0.3893 0.3893 0.3893 0.3893 0.3893 0.3893 0.3886 0.3886 0.3879 0.3629 0.1778 0.0334 0.0039 0.0004 1.0000 1.0000 0.3238 0.0234 0.0017 0.0001 1.0000 0.9719 0.0667 0.0046 0.0003 1.0000 1.0000 0.1738 0.0119 0.0008 0.0001 1.0000 0.4525 0.0310 0.0021 0.0001 1.0000 1.0000 0.0854 0.0060 0.0004 1.0000 1.0000 0.2606 0.0186 0.0013 0.0001
0.0013 0.0196 0.2728 1.0000 1.0000 0.0004 0.0061 0.0860 1.0000 1.0000 0.0001 0.0021 0.0302 0.4381 1.0000 0.0001 0.0008 0.0113 0.1658 1.0000 1.0000 0.0003 0.0044 0.0637 0.9303 1.0000 0.0001 0.0016 0.0231 0.3262 1.0000 1.0000 0.0004 0.0053 0.0561 0.4818 1.0000 1.0000 1.0000 1.0000 1.0000 1.0000 1.0000 1.0000 1.0000 1.0000 1.0000 1.0000 1.0000 1.0000 1.0000 1.0000 1.0000 1.0000 1.0000 1.0000 1.0000 1.0000 1.0000 1.0000 1.0000 1.0000 1.0000 1.0000 1.0000 0.4818 0.0561 0.0053 0.0004 1.0000 1.0000 0.3262 0.0231 0.0016 0.0001 1.0000 0.9303 0.0637 0.0044 0.0003 1.0000 1.0000 0.1658 0.0113 0.0008 0.0001 1.0000 0.4381 0.0302 0.0021 0.0001 1.0000 1.0000 0.0860 0.0061 0.0004 1.0000 1.0000 0.2728 0.0196 0.0013
0.0198 0.2877 1.0000 1.0000 0.0004 0.0063 0.0883 1.0000 1.0000 0.0001 0.0021 0.0297 0.4282 1.0000 0.0001 0.0007 0.0109 0.1590 1.0000 1.0000 0.0003 0.0041 0.0607 0.8888 1.0000 0.0001 0.0016 0.0225 0.3219 1.0000 1.0000 0.0005 0.0062 0.0740 0.7944 1.0000 1.0000 0.0000 0.0000 0.0000 0.0000 0.0000 0.0000 0.0000 0.0000 0.0000 0.0000 0.0000 0.0000 0.0000 0.0000 0.0000 0.0000 0.0000 0.0000 0.0000 0.0000 0.0000 0.0000 0.0000 0.0000 0.0000 0.0000 0.0000 1.0000 1.0000 0.7944 0.0740 0.0062 0.0005 1.0000 1.0000 0.3219 0.0225 0.0016 0.0001 1.0000 0.8888 0.0607 0.0041 0.0003 1.0000 1.0000 0.1590 0.0109 0.0007 0.0001 1.0000 0.4282 0.0297 0.0021 0.0001 1.0000 1.0000 0.0883 0.0063 0.0004 1.0000 1.0000 0.2877 0.0198
0.2910 1.0000 1.0000 0.0005 0.0065 0.0918 1.0000 1.0000 0.0001 0.0021 0.0297 0.4249 1.0000 0.0001 0.0007 0.0106 0.1533 1.0000 1.0000 0.0003 0.0040 0.0580 0.8491 1.0000 0.0001 0.0015 0.0218 0.3141 1.0000 1.0000 0.0005 0.0067 0.0865 1.0000 1.0000 0.0001 0.0003 0.0007 0.0007 0.0007 0.0007 0.0007 0.0007 0.0007 0.0007 0.0007 0.0007 0.0007 0.0007 0.0007 0.0007 0.0007 0.0007 0.0007 0.0007 0.0007 0.0007 0.0007 0.0007 0.0007 0.0007 0.0007 0.0007 0.0007 0.0003 0.0001 1.0000 1.0000 0.0865 0.0067 0.0005 1.0000 1.0000 0.3141 0.0218 0.0015 0.0001 1.0000 0.8491 0.0580 0.0040 0.0003 1.0000 1.0000 0.1533 0.0106 0.0007 0.0001 1.0000 0.4249 0.0297 0.0021 0.0001 1.0000 1.0000 0.0918 0.0065 0.0005 1.0000 1.0000 0.2910
1.0000 1.0000 0.0005 0.0069 0.0960 1.0000 1.0000 0.0002 0.0021 0.0302 0.4282 1.0000 0.0000 0.0007 0.0103 0.1493 1.0000 1.0000 0.0003 0.0038 0.0556 0.8128 1.0000 0.0001 0.0014 0.0210 0.3041 1.0000 1.0000 0.0005 0.0070 0.0939 1.0000 1.0000 0.0001 0.0008 0.0045 0.0106 0.0117 0.0117 0.0117 0.0117 0.0117 0.0117 0.0117 0.0117 0.0117 0.0117 0.0117 0.0117 0.0117 0.0117 0.0117 0.0117 0.0117 0.0117 0.0117 0.0117 0.0117 0.0117 0.0117 0.0117 0.0117 0.0106 0.0045 0.0008 0.0001 1.0000 1.0000 0.0939 0.0070 0.0005 1.0000 1.0000 0.3041 0.0210 0.0014 0.0001 1.0000 0.8128 0.0556 0.0038 0.0003 1.0000 1.0000 0.1493 0.0103 0.0007 0.0000 1.0000 0.4282 0.0302 0.0021 0.0002 1.0000 1.0000 0.0960 0.0069 0.0005 1.0000 1.0000
0.0000 0.0005 0.0072 0.1011 1.0000 1.0000 0.0002 0.0022 0.0310 0.4381 1.0000 0.0001 0.0007 0.0103 0.1473 1.0000 1.0000 0.0003 0.0037 0.0537 0.7810 1.0000 0.0001 0.0014 0.0202 0.2927 1.0000 1.0000 0.0005 0.0070 0.0973 1.0000 1.0000 0.0001 0.0012 0.0111 0.0665 0.1670 0.1883 0.1890 0.1890 0.1890 0.1890 0.1890 0.1890 0.1894 0.1894 0.1894 0.1894 0.1894 0.1894 0.1894 0.1894 0.1894 0.1894 0.1894 0.1890 0.1890 0.1890 0.1890 0.1890 0.1890 0.1883 0.1670 0.0665 0.0111 0.0012 0.0001 1.0000 1.0000 0.0973 0.0070 0.0005 1.0000 1.0000 0.2927 0.0202 0.0014 0.0001 1.0000 0.7810 0.0537 0.0037 0.0003 1.0000 1.0000 0.1473 0.0103 0.0007 0.0001 1.0000 0.4381 0.0310 0.0022 0.0002 1.0000 1.0000 0.1011 0.0072 0.0005 0.0000
0.0005 0.0076 0.1064 1.0000 1.0000 0.0002 0.0023 0.0322 0.4525 1.0000 0.0001 0.0007 0.0103 0.1473 1.0000 1.0000 0.0002 0.0036 0.0522 0.7576 1.0000 0.0001 0.0013 0.0194 0.2818 1.0000 1.0000 0.0005 0.0069 0.0981 1.0000 1.0000 0.0001 0.0016 0.0177 0.1596 0.9887 1.0000 1.0000 1.0000 1.0000 1.0000 1.0000 1.0000 1.0000 1.0000 1.0000 1.0000 1.0000 1.0000 1.0000 1.0000 1.0000 1.0000 1.0000 1.0000 1.0000 1.0000 1.0000 1.0000 1.0000 1.0000 1.0000 1.0000 0.9887 0.1596 0.0177 0.0016 0.0001 1.0000 1.0000 0.0981 0.0069 0.0005 1.0000 1.0000 0.2818 0.0194 0.0013 0.0001 1.0000 0.7576 0.0522 0.0036 0.0002 1.0000 1.0000 0.1473 0.0103 0.0007 0.0001 1.0000 0.4525 0.0322 0.0023 0.0002 1.0000 1.0000 0.1064 0.0076 0.0005
0.0077 0.1122 1.0000 1.0000 0.0002 0.0024 0.0337 0.4727 1.0000 0.0001 0.0007 0.0106 0.1493 1.0000 1.0000 0.0002 0.0036 0.0512 0.7391 1.0000 0.0001 0.0013 0.0187 0.2718 1.0000 1.0000 0.0005 0.0068 0.0973 1.0000 1.0000 0.0001 0.0019 0.0228 0.2504 1.0000 1.0000 1.0000 1.0000 1.0000 1.0000 1.0000 1.0000 1.0000 1.0000 1.0000 1.0000 1.0000 1.0000 1.0000 1.0000 1.0000 1.0000 1.0000 1.0000 1.0000 1.0000 1.0000 1.0000 1.0000 1.0000 1.0000 1.0000 1.0000 1.0000 1.0000 0.2504 0.0228 0.0019 0.0001 1.0000 1.0000 0.0973 0.0068 0.0005 1.0000 1.0000 0.2718 0.0187 0.0013 0.0001 1.0000 0.7391 0.0512 0.0036 0.0002 1.0000 1.0000 0.1493 0.0106 0.0007 0.0001 1.0000 0.4727 0.0337 0.0024 0.0002 1.0000 1.0000 0.1122 0.0077
0.1135 1.0000 1.0000 0.0002 0.0025 0.0355 0.4948 1.0000 0.0001 0.0008 0.0109 0.1533 1.0000 1.0000 0.0002 0.0036 0.0509 0.7307 1.0000 0.0001 0.0013 0.0182 0.2636 1.0000 1.0000 0.0005 0.0066 0.0953 1.0000 1.0000 0.0002 0.0020 0.0264 0.3219 1.0000 1.0000 0.0001 0.0003 0.0004 0.0004 0.0004 0.0004 0.0004 0.0004 0.0004 0.0004 0.0004 0.0004 0.0004 0.0004 0.0004 0.0004 0.0004 0.0004 0.0004 0.0004 0.0004 0.0004 0.0004 0.0004 0.0004 0.0004 0.0004 0.0003 0.0001 1.0000 1.0000 0.3219 0.0264 0.0020 0.0002 1.0000 1.0000 0.0953 0.0066 0.0005 1.0000 1.0000 0.2636 0.0182 0.0013 0.0001 1.0000 0.7307 0.0509 0.0036 0.0002 1.0000 1.0000 0.1533 0.0109 0.0008 0.0001 1.0000 0.4948 0.0355 0.0025 0.0002 1.0000 1.0000 0.1135
1.0000 1.0000 0.0002 0.0027 0.0374 0.5208 1.0000 0.0001 0.0008 0.0113 0.1590 1.0000 1.0000 0.0003 0.0036 0.0512 0.7307 1.0000 0.0001 0.0012 0.0178 0.2572 1.0000 1.0000 0.0004 0.0064 0.0930 1.0000 1.0000 0.0002 0.0021 0.0285 0.3706 1.0000 1.0000 0.0003 0.0016 0.0048 0.0057 0.0057 0.0057 0.0057 0.0057 0.0057 0.0057 0.0057 0.0057 0.0057 0.0057 0.0057 0.0057 0.0057 0.0057 0.0057 0.0057 0.0057 0.0057 0.0057 0.0057 0.0057 0.0057 0.0057 0.0057 0.0048 0.0016 0.0003 1.0000 1.0000 0.3706 0.0285 0.0021 0.0002 1.0000 1.0000 0.0930 0.0064 0.0004 1.0000 1.0000 0.2572 0.0178 0.0012 0.0001 1.0000 0.7307 0.0512 0.0036 0.0003 1.0000 1.0000 0.1590 0.0113 0.0008 0.0001 1.0000 0.5208 0.0374 0.0027 0.0002 1.0000 1.0000
1.0000 0.0002 0.0028 0.0394 0.5483 1.0000 0.0001 0.0008 0.0119 0.1658 1.0000 1.0000 0.0003 0.0037 0.0522 0.7391 1.0000 0.0001 0.0012 0.0176 0.2533 1.0000 1.0000 0.0004 0.0063 0.0907 1.0000 1.0000 0.0002 0.0021 0.0296 0.4006 1.0000 1.0000 0.0004 0.0037 0.0243 0.0746 0.0912 0.0919 0.0919 0.0919 0.0919 0.0919 0.0919 0.0919 0.0919 0.0919 0.0919 0.0919 0.0919 0.0919 0.0919 0.0919 0.0919 0.0919 0.0919 0.0919 0.0919 0.0919 0.0919 0.0919 0.0912 0.0746 0.0243 0.0037 0.0004 1.0000 1.0000 0.4006 0.0296 0.0021 0.0002 1.0000 1.0000 0.0907 0.0063 0.0004 1.0000 1.0000 0.2533 0.0176 0.0012 0.0001 1.0000 0.7391 0.0522 0.0037 0.0003 1.0000 1.0000 0.1658 0.0119 0.0008 0.0001 1.0000 0.5483 0.0394 0.0028 0.0002 1.0000
0.0002 0.0030 0.0415 0.5783 1.0000 0.0001 0.0009 0.0125 0.1738 1.0000 1.0000 0.0003 0.0038 0.0537 0.7576 1.0000 0.0001 0.0012 0.0176 0.2519 1.0000 1.0000 0.0004 0.0062 0.0887 1.0000 1.0000 0.0002 0.0021 0.0300 0.4161 1.0000 0.0000 0.0005 0.0056 0.0529 0.3588 1.0000 1.0000 1.0000 1.0000 1.0000 1.0000 1.0000 1.0000 1.0000 1.0000 1.0000 1.0000 1.0000 1.0000 1.0000 1.0000 1.0000 1.0000 1.0000 1.0000 1.0000 1.0000 1.0000 1.0000 1.0000 1.0000 1.0000 0.3588 0.0529 0.0056 0.0005 0.0000 1.0000 0.4161 0.0300 0.0021 0.0002 1.0000 1.0000 0.0887 0.0062 0.0004 1.0000 1.0000 0.2519 0.0176 0.0012 0.0001 1.0000 0.7576 0.0537 0.0038 0.0003 1.0000 1.0000 0.1738 0.0125 0.0009 0.0001 1.0000 0.5783 0.0415 0.0030 0.0002
0.0030 0.0438 0.6099 1.0000 0.0001 0.0009 0.0131 0.1826 1.0000 1.0000 0.0003 0.0040 0.0556 0.7810 1.0000 0.0001 0.0013 0.0178 0.2533 1.0000 1.0000 0.0004 0.0061 0.0873 1.0000 1.0000 0.0001 0.0021 0.0300 0.4225 1.0000 0.0000 0.0006 0.0071 0.0797 0.7590 1.0000 1.0000 1.0000 1.0000 1.0000 1.0000 1.0000 1.0000 1.0000 1.0000 1.0000 1.0000 1.0000 1.0000 1.0000 1.0000 1.0000 1.0000 1.0000 1.0000 1.0000 1.0000 1.0000 1.0000 1.0000 1.0000 1.0000 1.0000 1.0000 0.7590 0.0797 0.0071 0.0006 0.0000 1.0000 0.4225 0.0300 0.0021 0.0001 1.0000 1.0000 0.0873 0.0061 0.0004 1.0000 1.0000 0.2533 0.0178 0.0013 0.0001 1.0000 0.7810 0.0556 0.0040 0.0003 1.0000 1.0000 0.1826 0.0131 0.0009 0.0001 1.0000 0.6099 0.0438 0.0030
0.0442 0.6420 1.0000 0.0001 0.0010 0.0138 0.1923 1.0000 1.0000 0.0003 0.0041 0.0580 0.8128 1.0000 0.0001 0.0013 0.0182 0.2572 1.0000 1.0000 0.0004 0.0060 0.0865 1.0000 1.0000 0.0001 0.0021 0.0298 0.4233 1.0000 0.0000 0.0006 0.0082 0.1007 1.0000 1.0000 0.0000 0.0001 0.0002 0.0002 0.0002 0.0002 0.0002 0.0002 0.0002 0.0002 0.0002 0.0002 0.0002 0.0002 0.0002 0.0002 0.0002 0.0002 0.0002 0.0002 0.0002 0.0002 0.0002 0.0002 0.0002 0.0002 0.0002 0.0001 0.0000 1.0000 1.0000 0.1007 0.0082 0.0006 0.0000 1.0000 0.4233 0.0298 0.0021 0.0001 1.0000 1.0000 0.0865 0.0060 0.0004 1.0000 1.0000 0.2572 0.0182 0.0013 0.0001 1.0000 0.8128 0.0580 0.0041 0.0003 1.0000 1.0000 0.1923 0.0138 0.0010 0.0001 1.0000 0.6420 0.0442
0.6482 1.0000 0.0001 0.0010 0.0145 0.2020 1.0000 1.0000 0.0003 0.0044 0.0607 0.8491 1.0000 0.0001 0.0013 0.0187 0.2636 1.0000 1.0000 0.0004 0.0061 0.0865 1.0000 1.0000 0.0001 0.0021 0.0296 0.4217 1.0000 0.0000 0.0007 0.0089 0.1155 1.0000 1.0000 0.0001 0.0006 0.0021 0.0027 0.0028 0.0028 0.0028 0.0028 0.0028 0.0028 0.0028 0.0028 0.0028 0.0028 0.0028 0.0028 0.0028 0.0028 0.0028 0.0028 0.0028 0.0028 0.0028 0.0028 0.0028 0.0028 0.0028 0.0027 0.0021 0.0006 0.0001 1.0000 1.0000 0.1155 0.0089 0.0007 0.0000 1.0000 0.4217 0.0296 0.0021 0.0001 1.0000 1.0000 0.0865 0.0061 0.0004 1.0000 1.0000 0.2636 0.0187 0.0013 0.0001 1.0000 0.8491 0.0607 0.0044 0.0003 1.0000 1.0000 0.2020 0.0145 0.0010 0.0001 1.0000 0.6482
1.0000 0.0001 0.0011 0.0153 0.2127 1.0000 1.0000 0.0003 0.0046 0.0637 0.8888 1.0000 0.0001 0.0014 0.0194 0.2718 1.0000 1.0000 0.0004 0.0062 0.0873 1.0000 1.0000 0.0001 0.0021 0.0294 0.4193 1.0000 0.0000 0.0007 0.0093 0.1251 1.0000 1.0000 0.0001 0.0012 0.0088 0.0320 0.0437 0.0443 0.0444 0.0444 0.0444 0.0444 0.0444 0.0444 0.0444 0.0444 0.0444 0.0444 0.0444 0.0444 0.0444 0.0444 0.0444 0.0444 0.0444 0.0444 0.0444 0.0444 0.0444 0.0443 0.0437 0.0320 0.0088 0.0012 0.0001 1.0000 1.0000 0.1251 0.0093 0.0007 0.0000 1.0000 0.4193 0.0294 0.0021 0.0001 1.0000 1.0000 0.0873 0.0062 0.0004 1.0000 1.0000 0.2718 0.0194 0.0014 0.0001 1.0000 0.8888 0.0637 0.0046 0.0003 1.0000 1.0000 0.2127 0.0153 0.0011 0.0001 1.0000
0.0001 0.0011 0.0160 0.2230 1.0000 1.0000 0.0003 0.0048 0.0667 0.9303 1.0000 0.0001 0.0014 0.0202 0.2818 1.0000 1.0000 0.0004 0.0063 0.0887 1.0000 1.0000 0.0001 0.0021 0.0293 0.4177 1.0000 0.0000 0.0007 0.0095 0.1307 1.0000 1.0000 0.0002 0.0018 0.0176 0.1282 0.4929 0.6981 0.7101 0.7101 0.7101 0.7101 0.7101 0.7101 0.7101 0.7101 0.7101 0.7101 0.7101 0.7101 0.7101 0.7101 0.7101 0.7101 0.7101 0.7101 0.7101 0.7101 0.7101 0.7101 0.7101 0.6981 0.4929 0.1282 0.0176 0.0018 0.0002 1.0000 1.0000 0.1307 0.0095 0.0007 0.0000 1.0000 0.4177 0.0293 0.0021 0.0001 1.0000 1.0000 0.0887 0.0063 0.0004 1.0000 1.0000 0.2818 0.0202 0.0014 0.0001 1.0000 0.9303 0.0667 0.0048 0.0003 1.0000 1.0000 0.2230 0.0160 0.0011 0.0001
0.0012 0.0168 0.2334 1.0000 1.0000 0.0004 0.0050 0.0698 0.9719 1.0000 0.0001 0.0015 0.0210 0.2927 1.0000 1.0000 0.0005 0.0064 0.0907 1.0000 1.0000 0.0001 0.0021 0.0294 0.4177 1.0000 0.0000 0.0007 0.0096 0.1340 1.0000 1.0000 0.0002 0.0023 0.0256 0.2519 1.0000 1.0000 1.0000 1.0000 1.0000 1.0000 1.0000 1.0000 1.0000 1.0000 1.0000 1.0000 1.0000 1.0000 1.0000 1.0000 1.0000 1.0000 1.0000 1.0000 1.0000 1.0000 1.0000 1.0000 1.0000 1.0000 1.0000 1.0000 1.0000 0.2519 0.0256 0.0023 0.0002 1.0000 1.0000 0.1340 0.0096 0.0007 0.0000 1.0000 0.4177 0.0294 0.0021 0.0001 1.0000 1.0000 0.0907 0.0064 0.0005 1.0000 1.0000 0.2927 0.0210 0.0015 0.0001 1.0000 0.9719 0.0698 0.0050 0.0004 1.0000 1.0000 0.2334 0.0168 0.0012
0.0168 0.2434 1.0000 1.0000 0.0004 0.0052 0.0726 1.0000 1.0000 0.0001 0.0016 0.0218 0.3041 1.0000 1.0000 0.0005 0.0066 0.0930 1.0000 1.0000 0.0001 0.0021 0.0296 0.4193 1.0000 0.0000 0.0007 0.0096 0.1355 1.0000 1.0000 0.0002 0.0026 0.0319 0.3636 1.0000 1.0000 0.0001 0.0001 0.0001 0.0001 0.0001 0.0001 0.0001 0.0001 0.0001 0.0001 0.0001 0.0001 0.0001 0.0001 0.0001 0.0001 0.0001 0.0001 0.0001 0.0001 0.0001 0.0001 0.0001 0.0001 0.0001 0.0001 0.0001 1.0000 1.0000 0.3636 0.0319 0.0026 0.0002 1.0000 1.0000 0.1355 0.0096 0.0007 0.0000 1.0000 0.4193 0.0296 0.0021 0.0001 1.0000 1.0000 0.0930 0.0066 0.0005 1.0000 1.0000 0.3041 0.0218 0.0016 0.0001 1.0000 1.0000 0.0726 0.0052 0.0004 1.0000 1.0000 0.2434 0.0168
0.2420 1.0000 1.0000 0.0004 0.0054 0.0753 1.0000 1.0000 0.0001 0.0016 0.0225 0.3141 1.0000 1.0000 0.0005 0.0068 0.0953 1.0000 1.0000 0.0002 0.0021 0.0298 0.4217 1.0000 0.0000 0.0007 0.0096 0.1360 1.0000 1.0000 0.0002 0.0028 0.0363 0.4490 1.0000 1.0000 0.0002 0.0008 0.0013 0.0013 0.0013 0.0013 0.0013 0.0013 0.0013 0.0013 0.0013 0.0013 0.0013 0.0013 0.0013 0.0013 0.0013 0.0013 0.0013 0.0013 0.0013 0.0013 0.0013 0.0013 0.0013 0.0013 0.0013 0.0008 0.0002 1.0000 1.0000 0.4490 0.0363 0.0028 0.0002 1.0000 1.0000 0.1360 0.0096 0.0007 0.0000 1.0000 0.4217 0.0298 0.0021 0.0002 1.0000 1.0000 0.0953 0.0068 0.0005 1.0000 1.0000 0.3141 0.0225 0.0016 0.0001 1.0000 1.0000 0.0753 0.0054 0.0004 1.0000 1.0000 0.2420
1.0000 1.0000 0.0004 0.0055 0.0772 1.0000 1.0000 0.0001 0.0017 0.0231 0.3219 1.0000 1.0000 0.0005 0.0069 0.0973 1.0000 1.0000 0.0002 0.0021 0.0300 0.4233 1.0000 0.0000 0.0007 0.0096 0.1355 1.0000 1.0000 0.0002 0.0029 0.0389 0.5072 1.0000 0.0000 0.0004 0.0030 0.0127 0.0195 0.0200 0.0200 0.0200 0.0200 0.0200 0.0200 0.0200 0.0200 0.0200 0.0200 0.0200 0.0200 0.0200 0.0200 0.0200 0.0200 0.0200 0.0200 0.0200 0.0200 0.0200 0.0200 0.0200 0.0195 0.0127 0.0030 0.0004 0.0000 1.0000 0.5072 0.0389 0.0029 0.0002 1.0000 1.0000 0.1355 0.0096 0.0007 0.0000 1.0000 0.4233 0.0300 0.0021 0.0002 1.0000 1.0000 0.0973 0.0069 0.0005 1.0000 1.0000 0.3219 0.0231 0.0017 0.0001 1.0000 1.0000 0.0772 0.0055 0.0004 1.0000 1.0000
1.0000 0.0004 0.0056 0.0782 1.0000 1.0000 0.0001 0.0017 0.0234 0.3262 1.0000 1.0000 0.0005 0.0070 0.0981 1.0000 1.0000 0.0002 0.0021 0.0300 0.4225 1.0000 0.0000 0.0007 0.0095 0.1340 1.0000 1.0000 0.0002 0.0029 0.0402 0.5400 1.0000 0.0000 0.0006 0.0056 0.0429 0.1876 0.3006 0.3093 0.3093 0.3093 0.3093 0.3093 0.3093 0.3093 0.3093 0.3093 0.3093 0.3093 0.3093 0.3093 0.3093 0.3093 0.3093 0.3093 0.3093 0.3093 0.3093 0.3093 0.3093 0.3093 0.3006 0.1876 0.0429 0.0056 0.0006 0.0000 1.0000 0.5400 0.0402 0.0029 0.0002 1.0000 1.0000 0.1340 0.0095 0.0007 0.0000 1.0000 0.4225 0.0300 0.0021 0.0002 1.0000 1.0000 0.0981 0.0070 0.0005 1.0000 1.0000 0.3262 0.0234 0.0017 0.0001 1.0000 1.0000 0.0782 0.0056 0.0004 1.0000
0.0004 0.0056 0.0776 1.0000 1.0000 0.0001 0.0017 0.0232 0.3238 1.0000 1.0000 0.0005 0.0070 0.0973 1.0000 1.0000 0.0002 0.0021 0.0296 0.4161 1.0000 0.0000 0.0007 0.0093 0.1307 1.0000 1.0000 0.0002 0.0029 0.0402 0.5504 1.0000 0.0001 0.0007 0.0077 0.0770 0.6018 1.0000 1.0000 1.0000 1.0000 1.0000 1.0000 1.0000 1.0000 1.0000 1.0000 1.0000 1.0000 1.0000 1.0000 1.0000 1.0000 1.0000 1.0000 1.0000 1.0000 1.0000 1.0000 1.0000 1.0000 1.0000 1.0000 1.0000 0.6018 0.0770 0.0077 0.0007 0.0001 1.0000 0.5504 0.0402 0.0029 0.0002 1.0000 1.0000 0.1307 0.0093 0.0007 0.0000 1.0000 0.4161 0.0296 0.0021 0.0002 1.0000 1.0000 0.0973 0.0070 0.0005 1.0000 1.0000 0.3238 0.0232 0.0017 0.0001 1.0000 1.0000 0.0776 0.0056 0.0004
0.0051 0.0744 1.0000 1.0000 0.0001 0.0016 0.0223 0.3117 1.0000 1.0000 0.0005 0.0067 0.0939 1.0000 1.0000 0.0001 0.0020 0.0285 0.4006 1.0000 0.0000 0.0006 0.0089 0.1251 1.0000 1.0000 0.0002 0.0028 0.0389 0.5400 1.0000 0.0001 0.0007 0.0090 0.1034 1.0000 1.0000 1.0000 0.0000 0.0000 0.0000 0.0000 0.0000 0.0000 0.0000 0.0000 0.0000 0.0000 0.0000 0.0000 0.0000 0.0000 0.0000 0.0000 0.0000 0.0000 0.0000 0.0000 0.0000 0.0000 0.0000 0.0000 0.0000 1.0000 1.0000 1.0000 0.1034 0.0090 0.0007 0.0001 1.0000 0.5400 0.0389 0.0028 0.0002 1.0000 1.0000 0.1251 0.0089 0.0006 0.0000 1.0000 0.4006 0.0285 0.0020 0.0001 1.0000 1.0000 0.0939 0.0067 0.0005 1.0000 1.0000 0.3117 0.0223 0.0016 0.0001 1.0000 1.0000 0.0744 0.0051
0.0653 0.9499 1.0000 0.0001 0.0015 0.0204 0.2861 1.0000 1.0000 0.0004 0.0062 0.0865 1.0000 1.0000 0.0001 0.0019 0.0264 0.3713 1.0000 0.0000 0.0006 0.0082 0.1155 1.0000 1.0000 0.0002 0.0026 0.0363 0.5072 1.0000 0.0001 0.0007 0.0095 0.1175 1.0000 1.0000 0.0001 0.0003 0.0004 0.0004 0.0004 0.0004 0.0004 0.0004 0.0004 0.0004 0.0004 0.0004 0.0004 0.0004 0.0004 0.0004 0.0004 0.0004 0.0004 0.0004 0.0004 0.0004 0.0004 0.0004 0.0004 0.0004 0.0004 0.0003 0.0001 1.0000 1.0000 0.1175 0.0095 0.0007 0.0001 1.0000 0.5072 0.0363 0.0026 0.0002 1.0000 1.0000 0.1155 0.0082 0.0006 0.0000 1.0000 0.3706 0.0264 0.0019 0.0001 1.0000 1.0000 0.0865 0.0062 0.0004 1.0000 1.0000 0.2856 0.0204 0.0015 0.0001 1.0000 0.9499 0.0653
0.7692 1.0000 0.0001 0.0012 0.0172 0.2425 1.0000 1.0000 0.0004 0.0053 0.0741 1.0000 1.0000 0.0001 0.0016 0.0228 0.3219 1.0000 1.0000 0.0005 0.0071 0.1009 1.0000 1.0000 0.0002 0.0023 0.0319 0.4490 1.0000 0.0000 0.0007 0.0090 0.1175 1.0000 1.0000 0.0001 0.0007 0.0032 0.0053 0.0055 0.0055 0.0055 0.0055 0.0055 0.0055 0.0055 0.0055 0.0055 0.0055 0.0055 0.0055 0.0055 0.0055 0.0055 0.0055 0.0055 0.0055 0.0055 0.0055 0.0055 0.0055 0.0055 0.0053 0.0032 0.0007 0.0001 1.0000 1.0000 0.1175 0.0090 0.0007 0.0000 1.0000 0.4490 0.0319 0.0023 0.0002 1.0000 1.0000 0.1007 0.0071 0.0005 1.0000 1.0000 0.3219 0.0228 0.0016 0.0001 1.0000 1.0000 0.0740 0.0053 0.0004 1.0000 1.0000 0.2420 0.0172 0.0012 0.0001 1.0000 0.7677
1.0000 0.0001 0.0009 0.0127 0.1795 1.0000 1.0000 0.0003 0.0040 0.0562 0.7960 1.0000 0.0001 0.0012 0.0177 0.2514 1.0000 1.0000 0.0004 0.0056 0.0800 1.0000 1.0000 0.0001 0.0018 0.0257 0.3643 1.0000 0.0000 0.0006 0.0077 0.1036 1.0000 1.0000 0.0001 0.0011 0.0082 0.0364 0.0604 0.0624 0.0625 0.0625 0.0625 0.0625 0.0625 0.0625 0.0625 0.0625 0.0625 0.0624 0.0624 0.0624 0.0622 0.0622 0.0621 0.0621 0.0621 0.0621 0.0621 0.0621 0.0621 0.0621 0.0600 0.0362 0.0081 0.0011 0.0001 1.0000 1.0000 0.1034 0.0077 0.0006 0.0000 1.0000 0.3636 0.0256 0.0018 0.0001 1.0000 1.0000 0.0797 0.0056 0.0004 1.0000 1.0000 0.2504 0.0177 0.0012 0.0001 1.0000 0.7944 0.0561 0.0039 0.0003 1.0000 1.0000 0.1789 0.0126 0.0009 0.0001 1.0000
0.0000 0.0005 0.0071 0.1028 1.0000 1.0000 0.0002 0.0024 0.0339 0.4882 1.0000 0.0001 0.0008 0.0112 0.1614 1.0000 1.0000 0.0003 0.0037 0.0535 0.7677 1.0000 0.0001 0.0012 0.0177 0.2538 1.0000 1.0000 0.0004 0.0056 0.0776 1.0000 1.0000 0.0001 0.0011 0.0105 0.0793 0.3376 0.5400 0.5567 0.5577 0.5577 0.5577 0.5577 0.5567 0.5567 0.5567 0.5556 0.5546 0.5535 0.5525 0.5514 0.5504 0.5493 0.5483 0.5483 0.5472 0.5472 0.5472 0.5472 0.5472 0.5462 0.5298 0.3325 0.0785 0.0104 0.0011 0.0001 1.0000 1.0000 0.0770 0.0056 0.0004 1.0000 1.0000 0.2519 0.0176 0.0012 0.0001 1.0000 0.7590 0.0529 0.0037 0.0003 1.0000 1.0000 0.1596 0.0111 0.0008 0.0001 1.0000 0.4818 0.0334 0.0023 0.0002 1.0000 1.0000 0.1011 0.0070 0.0005 1.0000
0.0001 0.0022 0.0331 0.4985 1.0000 0.0001 0.0008 0.0126 0.1886 1.0000 1.0000 0.0003 0.0047 0.0699 1.0000 1.0000 0.0001 0.0017 0.0254 0.3734 1.0000 0.0000 0.0006 0.0091 0.1327 1.0000 1.0000 0.0002 0.0031 0.0442 0.6192 1.0000 0.0001 0.0007 0.0084 0.0809 0.5728 1.0000 1.0000 1.0000 1.0000 1.0000 1.0000 1.0000 1.0000 1.0000 1.0000 1.0000 1.0000 1.0000 1.0000 1.0000 1.0000 1.0000 1.0000 1.0000 1.0000 1.0000 1.0000 1.0000 1.0000 1.0000 1.0000 1.0000 0.5504 0.0785 0.0081 0.0007 0.0001 1.0000 0.6018 0.0429 0.0030 0.0002 1.0000 1.0000 0.1282 0.0088 0.0006 0.0000 1.0000 0.3588 0.0243 0.0016 0.0001 1.0000 0.9887 0.0665 0.0045 0.0003 1.0000 1.0000 0.1778 0.0119 0.0008 0.0001 1.0000 0.4638 0.0306 0.0020 0.0001
0.0002 0.0038 0.0608 0.9700 1.0000 0.0001 0.0018 0.0283 0.4490 1.0000 0.0001 0.0008 0.0129 0.2024 1.0000 1.0000 0.0004 0.0057 0.0882 1.0000 1.0000 0.0002 0.0024 0.0370 0.5652 1.0000 0.0001 0.0010 0.0144 0.2114 1.0000 1.0000 0.0003 0.0036 0.0407 0.3762 1.0000 1.0000 1.0000 1.0000 1.0000 1.0000 1.0000 1.0000 1.0000 1.0000 1.0000 1.0000 1.0000 1.0000 1.0000 1.0000 1.0000 1.0000 1.0000 1.0000 1.0000 1.0000 1.0000 1.0000 1.0000 1.0000 1.0000 1.0000 1.0000 0.3325 0.0362 0.0032 0.0003 1.0000 1.0000 0.1876 0.0127 0.0008 0.0001 1.0000 0.4929 0.0320 0.0021 0.0001 1.0000 1.0000 0.0746 0.0048 0.0003 1.0000 1.0000 0.1670 0.0106 0.0007 0.0000 1.0000 0.3629 0.0228 0.0014 0.0001 1.0000 0.7721 0.0482 0.0030 0.0002
0.0003 0.0045 0.0729 1.0000 1.0000 0.0001 0.0022 0.0353 0.5685 1.0000 0.0001 0.0011 0.0171 0.2749 1.0000 0.0000 0.0005 0.0082 0.1322 1.0000 1.0000 0.0002 0.0039 0.0627 1.0000 1.0000 0.0001 0.0018 0.0277 0.4249 1.0000 0.0000 0.0006 0.0075 0.0847 0.7532 1.0000 1.0000 1.0000 1.0000 1.0000 1.0000 1.0000 1.0000 1.0000 1.0000 1.0000 1.0000 1.0000 1.0000 1.0000 1.0000 1.0000 1.0000 1.0000 1.0000 1.0000 1.0000 1.0000 1.0000 1.0000 1.0000 1.0000 1.0000 1.0000 0.5298 0.0600 0.0053 0.0004 0.0000 1.0000 0.3006 0.0195 0.0013 0.0001 1.0000 0.6981 0.0437 0.0027 0.0002 1.0000 1.0000 0.0912 0.0057 0.0004 1.0000 1.0000 0.1883 0.0117 0.0007 0.0000 1.0000 0.3879 0.0241 0.0015 0.0001 1.0000 0.7990 0.0496 0.0031 0.0002
0.0003 0.0054 0.0873 1.0000 1.0000 0.0002 0.0026 0.0424 0.6823 1.0000 0.0001 0.0013 0.0205 0.3306 1.0000 0.0000 0.0006 0.0100 0.1602 1.0000 1.0000 0.0003 0.0048 0.0770 1.0000 1.0000 0.0001 0.0022 0.0347 0.5359 1.0000 0.0001 0.0007 0.0095 0.1078 0.9554 1.0000 1.0000 1.0000 1.0000 1.0000 1.0000 1.0000 1.0000 1.0000 1.0000 1.0000 1.0000 1.0000 1.0000 1.0000 1.0000 1.0000 1.0000 1.0000 1.0000 1.0000 1.0000 1.0000 1.0000 1.0000 1.0000 1.0000 1.0000 1.0000 0.5462 0.0621 0.0055 0.0004 0.0000 1.0000 0.3093 0.0200 0.0013 0.0001 1.0000 0.7101 0.0443 0.0028 0.0002 1.0000 1.0000 0.0919 0.0057 0.0004 1.0000 1.0000 0.1890 0.0117 0.0007 0.0000 1.0000 0.3886 0.0241 0.0015 0.0001 1.0000 0.8005 0.0496 0.0031 0.0002
0.0004 0.0068 0.1087 1.0000 1.0000 0.0002 0.0033 0.0527 0.8475 1.0000 0.0001 0.0016 0.0256 0.4114 1.0000 0.0000 0.0008 0.0124 0.1990 1.0000 1.0000 0.0004 0.0060 0.0957 1.0000 1.0000 0.0002 0.0028 0.0430 0.6644 1.0000 0.0001 0.0009 0.0118 0.1340 1.0000 1.0000 1.0000 1.0000 1.0000 1.0000 1.0000 1.0000 1.0000 1.0000 1.0000 1.0000 1.0000 1.0000 1.0000 1.0000 1.0000 1.0000 1.0000 1.0000 1.0000 1.0000 1.0000 1.0000 1.0000 1.0000 1.0000 1.0000 1.0000 1.0000 0.5472 0.0621 0.0055 0.0004 0.0000 1.0000 0.3093 0.0200 0.0013 0.0001 1.0000 0.7101 0.0444 0.0028 0.0002 1.0000 1.0000 0.0919 0.0057 0.0004 1.0000 1.0000 0.1890 0.0117 0.0007 0.0000 1.0000 0.3886 0.0241 0.0015 0.0001 1.0000 0.8005 0.0496 0.0031 0.0002
0.0005 0.0087 0.1400 1.0000 1.0000 0.0003 0.0042 0.0677 1.0000 1.0000 0.0001 0.0020 0.0328 0.5278 1.0000 0.0001 0.0010 0.0159 0.2553 1.0000 0.0000 0.0005 0.0076 0.1225 1.0000 1.0000 0.0002 0.0035 0.0551 0.8507 1.0000 0.0001 0.0012 0.0151 0.1715 1.0000 1.0000 1.0000 1.0000 1.0000 1.0000 1.0000 1.0000 1.0000 1.0000 1.0000 1.0000 1.0000 1.0000 1.0000 1.0000 1.0000 1.0000 1.0000 1.0000 1.0000 1.0000 1.0000 1.0000 1.0000 1.0000 1.0000 1.0000 1.0000 1.0000 0.5472 0.0621 0.0055 0.0004 0.0000 1.0000 0.3093 0.0200 0.0013 0.0001 1.0000 0.7101 0.0444 0.0028 0.0002 1.0000 1.0000 0.0919 0.0057 0.0004 1.0000 1.0000 0.1890 0.0117 0.0007 0.0000 1.0000 0.3893 0.0241 0.0015 0.0001 1.0000 0.8005 0.0496 0.0031 0.0002
0.0007 0.0114 0.1837 1.0000 1.0000 0.0003 0.0055 0.0888 1.0000 1.0000 0.0002 0.0027 0.0430 0.6928 1.0000 0.0001 0.0013 0.0208 0.3344 1.0000 0.0000 0.0006 0.0100 0.1602 1.0000 1.0000 0.0003 0.0046 0.0719 1.0000 1.0000 0.0001 0.0015 0.0198 0.2243 1.0000 1.0000 1.0000 1.0000 1.0000 1.0000 1.0000 1.0000 1.0000 1.0000 1.0000 1.0000 1.0000 1.0000 1.0000 1.0000 1.0000 1.0000 1.0000 1.0000 1.0000 1.0000 1.0000 1.0000 1.0000 1.0000 1.0000 1.0000 1.0000 1.0000 0.5472 0.0621 0.0055 0.0004 0.0000 1.0000 0.3093 0.0200 0.0013 0.0001 1.0000 0.7101 0.0444 0.0028 0.0002 1.0000 1.0000 0.0919 0.0057 0.0004 1.0000 1.0000 0.1890 0.0117 0.0007 0.0000 1.0000 0.3893 0.0241 0.0015 0.0001 1.0000 0.8005 0.0496 0.0031 0.0002
0.0009 0.0149 0.2397 1.0000 1.0000 0.0004 0.0072 0.1162 1.0000 1.0000 0.0002 0.0035 0.0562 0.9041 1.0000 0.0001 0.0017 0.0272 0.4364 1.0000 0.0001 0.0008 0.0130 0.2090 1.0000 1.0000 0.0004 0.0060 0.0937 1.0000 1.0000 0.0001 0.0020 0.0258 0.2922 1.0000 1.0000 1.0000 1.0000 1.0000 1.0000 1.0000 1.0000 1.0000 1.0000 1.0000 1.0000 1.0000 1.0000 1.0000 1.0000 1.0000 1.0000 1.0000 1.0000 1.0000 1.0000 1.0000 1.0000 1.0000 1.0000 1.0000 1.0000 1.0000 1.0000 0.5472 0.0621 0.0055 0.0004 0.0000 1.0000 0.3093 0.0200 0.0013 0.0001 1.0000 0.7101 0.0444 0.0028 0.0002 1.0000 1.0000 0.0919 0.0057 0.0004 1.0000 1.0000 0.1890 0.0117 0.0007 0.0000 1.0000 0.3893 0.0241 0.0015 0.0001 1.0000 0.8005 0.0496 0.0031 0.0002
0.0011 0.0185 0.2978 1.0000 0.0000 0.0006 0.0090 0.1445 1.0000 1.0000 0.0003 0.0044 0.0700 1.0000 1.0000 0.0001 0.0021 0.0338 0.5431 1.0000 0.0001 0.0010 0.0163 0.2602 1.0000 0.0000 0.0005 0.0075 0.1168 1.0000 1.0000 0.0002 0.0025 0.0321 0.3636 1.0000 1.0000 1.0000 1.0000 1.0000 1.0000 1.0000 1.0000 1.0000 1.0000 1.0000 1.0000 1.0000 1.0000 1.0000 1.0000 1.0000 1.0000 1.0000 1.0000 1.0000 1.0000 1.0000 1.0000 1.0000 1.0000 1.0000 1.0000 1.0000 1.0000 0.5472 0.0621 0.0055 0.0004 0.0000 1.0000 0.3093 0.0200 0.0013 0.0001 1.0000 0.7101 0.0444 0.0028 0.0002 1.0000 1.0000 0.0919 0.0057 0.0004 1.0000 1.0000 0.1890 0.0117 0.0007 0.0000 1.0000 0.3893 0.0241 0.0015 0.0001 1.0000 0.8005 0.0496 0.0031 0.0002
0.0012 0.0205 0.3293 1.0000 0.0000 0.0006 0.0100 0.1602 1.0000 1.0000 0.0003 0.0048 0.0776 1.0000 1.0000 0.0001 0.0023 0.0375 0.6030 1.0000 0.0001 0.0011 0.0180 0.2888 1.0000 0.0000 0.0005 0.0083 0.1295 1.0000 1.0000 0.0002 0.0028 0.0356 0.4037 1.0000 1.0000 1.0000 1.0000 1.0000 1.0000 1.0000 1.0000 1.0000 1.0000 1.0000 1.0000 1.0000 1.0000 1.0000 1.0000 1.0000 1.0000 1.0000 1.0000 1.0000 1.0000 1.0000 1.0000 1.0000 1.0000 1.0000 1.0000 1.0000 1.0000 0.5472 0.0621 0.0055 0.0004 0.0000 1.0000 0.3093 0.0200 0.0013 0.0001 1.0000 0.7101 0.0444 0.0028 0.0002 1.0000 1.0000 0.0919 0.0057 0.0004 1.0000 1.0000 0.1894 0.0117 0.0007 0.0000 1.0000 0.3893 0.0241 0.0015 0.0001 1.0000 0.8005 0.0496 0.0031 0.0002
0.0011 0.0192 0.3093 1.0000 0.0000 0.0006 0.0093 0.1502 1.0000 1.0000 0.0003 0.0045 0.0728 1.0000 1.0000 0.0001 0.0022 0.0351 0.5641 1.0000 0.0001 0.0011 0.0169 0.2702 1.0000 0.0000 0.0005 0.0077 0.1211 1.0000 1.0000 0.0002 0.0026 0.0333 0.3784 1.0000 1.0000 1.0000 1.0000 1.0000 1.0000 1.0000 1.0000 1.0000 1.0000 1.0000 1.0000 1.0000 1.0000 1.0000 1.0000 1.0000 1.0000 1.0000 1.0000 1.0000 1.0000 1.0000 1.0000 1.0000 1.0000 1.0000 1.0000 1.0000 1.0000 0.5472 0.0621 0.0055 0.0004 0.0000 1.0000 0.3093 0.0200 0.0013 0.0001 1.0000 0.7101 0.0444 0.0028 0.0002 1.0000 1.0000 0.0919 0.0057 0.0004 1.0000 1.0000 0.1894 0.0117 0.0007 0.0000 1.0000 0.3893 0.0241 0.0015 0.0001 1.0000 0.8005 0.0496 0.0031 0.0002
0.0009 0.0157 0.2528 1.0000 0.0000 0.0005 0.0076 0.1225 1.0000 1.0000 0.0002 0.0037 0.0592 0.9536 1.0000 0.0001 0.0018 0.0286 0.4594 1.0000 0.0001 0.0009 0.0137 0.2201 1.0000 1.0000 0.0004 0.0063 0.0986 1.0000 1.0000 0.0002 0.0021 0.0271 0.3081 1.0000 1.0000 1.0000 1.0000 1.0000 1.0000 1.0000 1.0000 1.0000 1.0000 1.0000 1.0000 1.0000 1.0000 1.0000 1.0000 1.0000 1.0000 1.0000 1.0000 1.0000 1.0000 1.0000 1.0000 1.0000 1.0000 1.0000 1.0000 1.0000 1.0000 0.5472 0.0621 0.0055 0.0004 0.0000 1.0000 0.3093 0.0200 0.0013 0.0001 1.0000 0.7101 0.0444 0.0028 0.0002 1.0000 1.0000 0.0919 0.0057 0.0004 1.0000 1.0000 0.1894 0.0117 0.0007 0.0000 1.0000 0.3893 0.0241 0.0015 0.0001 1.0000 0.8005 0.0496 0.0031 0.0002
0.0007 0.0120 0.1930 1.0000 1.0000 0.0004 0.0058 0.0933 1.0000 1.0000 0.0002 0.0028 0.0451 0.7265 1.0000 0.0001 0.0014 0.0218 0.3507 1.0000 0.0000 0.0007 0.0105 0.1677 1.0000 1.0000 0.0003 0.0048 0.0753 1.0000 1.0000 0.0001 0.0016 0.0207 0.2357 1.0000 1.0000 1.0000 1.0000 1.0000 1.0000 1.0000 1.0000 1.0000 1.0000 1.0000 1.0000 1.0000 1.0000 1.0000 1.0000 1.0000 1.0000 1.0000 1.0000 1.0000 1.0000 1.0000 1.0000 1.0000 1.0000 1.0000 1.0000 1.0000 1.0000 0.5472 0.0621 0.0055 0.0004 0.0000 1.0000 0.3093 0.0200 0.0013 0.0001 1.0000 0.7101 0.0444 0.0028 0.0002 1.0000 1.0000 0.0919 0.0057 0.0004 1.0000 1.0000 0.1894 0.0117 0.0007 0.0000 1.0000 0.3893 0.0241 0.0015 0.0001 1.0000 0.8005 0.0496 0.0031 0.0002
0.0005 0.0090 0.1448 1.0000 1.0000 0.0003 0.0044 0.0702 1.0000 1.0000 0.0001 0.0021 0.0339 0.5462 1.0000 0.0001 0.0010 0.0164 0.2641 1.0000 0.0000 0.0005 0.0079 0.1265 1.0000 1.0000 0.0002 0.0036 0.0568 0.8770 1.0000 0.0001 0.0012 0.0156 0.1778 1.0000 1.0000 1.0000 1.0000 1.0000 1.0000 1.0000 1.0000 1.0000 1.0000 1.0000 1.0000 1.0000 1.0000 1.0000 1.0000 1.0000 1.0000 1.0000 1.0000 1.0000 1.0000 1.0000 1.0000 1.0000 1.0000 1.0000 1.0000 1.0000 1.0000 0.5472 0.0621 0.0055 0.0004 0.0000 1.0000 0.3093 0.0200 0.0013 0.0001 1.0000 0.7101 0.0444 0.0028 0.0002 1.0000 1.0000 0.0919 0.0057 0.0004 1.0000 1.0000 0.1894 0.0117 0.0007 0.0000 1.0000 0.3893 0.0241 0.0015 0.0001 1.0000 0.8005 0.0496 0.0031 0.0002
0.0004 0.0069 0.1110 1.0000 1.0000 0.0002 0.0033 0.0538 0.8654 1.0000 0.0001 0.0016 0.0261 0.4185 1.0000 0.0000 0.0008 0.0126 0.2028 1.0000 1.0000 0.0004 0.0061 0.0973 1.0000 1.0000 0.0002 0.0028 0.0438 0.6759 1.0000 0.0001 0.0009 0.0121 0.1368 1.0000 1.0000 1.0000 1.0000 1.0000 1.0000 1.0000 1.0000 1.0000 1.0000 1.0000 1.0000 1.0000 1.0000 1.0000 1.0000 1.0000 1.0000 1.0000 1.0000 1.0000 1.0000 1.0000 1.0000 1.0000 1.0000 1.0000 1.0000 1.0000 1.0000 0.5472 0.0621 0.0055 0.0004 0.0000 1.0000 0.3093 0.0200 0.0013 0.0001 1.0000 0.7101 0.0444 0.0028 0.0002 1.0000 1.0000 0.0919 0.0057 0.0004 1.0000 1.0000 0.1894 0.0117 0.0007 0.0000 1.0000 0.3893 0.0241 0.0015 0.0001 1.0000 0.8005 0.0497 0.0031 0.0002
0.0003 0.0055 0.0880 1.0000 1.0000 0.0002 0.0026 0.0426 0.6862 1.0000 0.0001 0.0013 0.0207 0.3331 1.0000 0.0000 0.0006 0.0100 0.1614 1.0000 1.0000 0.0003 0.0048 0.0776 1.0000 1.0000 0.0001 0.0022 0.0350 0.5400 1.0000 0.0001 0.0007 0.0096 0.1091 0.9682 1.0000 1.0000 1.0000 1.0000 1.0000 1.0000 1.0000 1.0000 1.0000 1.0000 1.0000 1.0000 1.0000 1.0000 1.0000 1.0000 1.0000 1.0000 1.0000 1.0000 1.0000 1.0000 1.0000 1.0000 1.0000 1.0000 1.0000 1.0000 1.0000 0.5472 0.0621 0.0055 0.0004 0.0000 1.0000 0.3093 0.0200 0.0013 0.0001 1.0000 0.7101 0.0444 0.0028 0.0002 1.0000 1.0000 0.0919 0.0057 0.0004 1.0000 1.0000 0.1894 0.0117 0.0007 0.0000 1.0000 0.3893 0.0241 0.0015 0.0001 1.0000 0.8005 0.0496 0.0031 0.0002
0.0003 0.0045 0.0729 1.0000 1.0000 0.0001 0.0022 0.0354 0.5695 1.0000 0.0001 0.0011 0.0172 0.2765 1.0000 0.0000 0.0005 0.0083 0.1342 1.0000 1.0000 0.0003 0.0040 0.0647 1.0000 1.0000 0.0001 0.0019 0.0291 0.4507 1.0000 0.0000 0.0006 0.0080 0.0909 0.8036 1.0000 1.0000 1.0000 1.0000 1.0000 1.0000 1.0000 1.0000 1.0000 1.0000 1.0000 1.0000 1.0000 1.0000 1.0000 1.0000 1.0000 1.0000 1.0000 1.0000 1.0000 1.0000 1.0000 1.0000 1.0000 1.0000 1.0000 1.0000 1.0000 0.5472 0.0621 0.0055 0.0004 0.0000 1.0000 0.3093 0.0200 0.0013 0.0001 1.0000 0.7101 0.0444 0.0028 0.0002 1.0000 1.0000 0.0919 0.0057 0.0004 1.0000 1.0000 0.1894 0.0117 0.0007 0.0000 1.0000 0.3893 0.0241 0.0015 0.0001 1.0000 0.8005 0.0496 0.0031 0.0002
0.0002 0.0039 0.0632 1.0000 1.0000 0.0001 0.0019 0.0307 0.4948 1.0000 0.0001 0.0009 0.0149 0.2406 1.0000 1.0000 0.0005 0.0073 0.1168 1.0000 1.0000 0.0002 0.0035 0.0563 0.9007 1.0000 0.0001 0.0016 0.0254 0.3923 1.0000 0.0000 0.0005 0.0070 0.0791 0.6981 1.0000 1.0000 1.0000 1.0000 1.0000 1.0000 1.0000 1.0000 1.0000 1.0000 1.0000 1.0000 1.0000 1.0000 1.0000 1.0000 1.0000 1.0000 1.0000 1.0000 1.0000 1.0000 1.0000 1.0000 1.0000 1.0000 1.0000 1.0000 1.0000 0.5472 0.0621 0.0055 0.0004 0.0000 1.0000 0.3093 0.0200 0.0013 0.0001 1.0000 0.7101 0.0444 0.0028 0.0002 1.0000 1.0000 0.0919 0.0057 0.0004 1.0000 1.0000 0.1894 0.0117 0.0007 0.0000 1.0000 0.3893 0.0241 0.0015 0.0001 1.0000 0.8005 0.0496 0.0031 0.0002
0.0002 0.0036 0.0573 0.9232 1.0000 0.0001 0.0017 0.0278 0.4482 1.0000 0.0001 0.0008 0.0135 0.2180 1.0000 1.0000 0.0004 0.0066 0.1058 1.0000 1.0000 0.0002 0.0032 0.0511 0.8174 1.0000 0.0001 0.0015 0.0231 0.3561 1.0000 0.0000 0.0005 0.0063 0.0717 0.6323 1.0000 1.0000 1.0000 1.0000 1.0000 1.0000 1.0000 1.0000 1.0000 1.0000 1.0000 1.0000 1.0000 1.0000 1.0000 1.0000 1.0000 1.0000 1.0000 1.0000 1.0000 1.0000 1.0000 1.0000 1.0000 1.0000 1.0000 1.0000 1.0000 0.5472 0.0621 0.0055 0.0004 0.0000 1.0000 0.3093 0.0200 0.0013 0.0001 1.0000 0.7101 0.0444 0.0028 0.0002 1.0000 1.0000 0.0919 0.0057 0.0004 1.0000 1.0000 0.1894 0.0117 0.0007 0.0000 1.0000 0.3893 0.0241 0.0015 0.0001 1.0000 0.8005 0.0496 0.0031 0.0002
0.0002 0.0033 0.0537 0.8654 1.0000 0.0001 0.0016 0.0261 0.4209 1.0000 0.0000 0.0008 0.0127 0.2043 1.0000 1.0000 0.0004 0.0062 0.0994 1.0000 1.0000 0.0002 0.0030 0.0479 0.7677 1.0000 0.0001 0.0014 0.0216 0.3344 1.0000 0.0000 0.0005 0.0059 0.0673 0.5927 1.0000 1.0000 1.0000 1.0000 1.0000 1.0000 1.0000 1.0000 1.0000 1.0000 1.0000 1.0000 1.0000 1.0000 1.0000 1.0000 1.0000 1.0000 1.0000 1.0000 1.0000 1.0000 1.0000 1.0000 1.0000 1.0000 1.0000 1.0000 1.0000 0.5472 0.0621 0.0055 0.0004 0.0000 1.0000 0.3093 0.0200 0.0013 0.0001 1.0000 0.7101 0.0444 0.0028 0.0002 1.0000 1.0000 0.0919 0.0057 0.0004 1.0000 1.0000 0.1894 0.0117 0.0007 0.0000 1.0000 0.3893 0.0241 0.0015 0.0001 1.0000 0.8005 0.0496 0.0031 0.0002
