0.0022 0.0334 0.4920 1.0000 0.0001 0.0009 0.0132 0.1934 1.0000 1.0000 0.0004 0.0051 0.0756 1.0000 1.0000 0.0001 0.0020 0.0295 0.4331 1.0000 0.0001 0.0008 0.0115 0.1693 1.0000 1.0000 0.0003 0.0045 0.0660 0.9700 1.0000 0.0001 0.0017 0.0257 0.3762 1.0000 0.0000 0.0007 0.0096 0.1386 1.0000 1.0000 0.0002 0.0028 0.0347 0.3886 1.0000 1.0000 0.0000 0.0000 0.0000 0.0000 0.0000 1.0000 1.0000 0.3886 0.0347 0.0028 0.0002 1.0000 1.0000 0.1386 0.0096 0.0007 0.0000 1.0000 0.3762 0.0257 0.0017 0.0001 1.0000 0.9700 0.0660 0.0045 0.0003 1.0000 1.0000 0.1693 0.0115 0.0008 0.0001 1.0000 0.4331 0.0295 0.0020 0.0001 1.0000 1.0000 0.0756 0.0051 0.0004 1.0000 1.0000 0.1934 0.0132 0.0009 0.0001 1.0000 0.4920 0.0334 0.0022
0.0334 0.4995 1.0000 0.0001 0.0009 0.0130 0.1912 1.0000 1.0000 0.0003 0.0051 0.0747 1.0000 1.0000 0.0001 0.0020 0.0291 0.4282 1.0000 0.0001 0.0008 0.0114 0.1670 1.0000 1.0000 0.0003 0.0044 0.0653 0.9590 1.0000 0.0001 0.0017 0.0254 0.3727 1.0000 0.0000 0.0007 0.0097 0.1400 1.0000 1.0000 0.0002 0.0031 0.0407 0.5052 1.0000 1.0000 0.0002 0.0005 0.0006 0.0006 0.0006 0.0005 0.0002 1.0000 1.0000 0.5052 0.0407 0.0031 0.0002 1.0000 1.0000 0.1400 0.0097 0.0007 0.0000 1.0000 0.3727 0.0254 0.0017 0.0001 1.0000 0.9590 0.0653 0.0044 0.0003 1.0000 1.0000 0.1670 0.0114 0.0008 0.0001 1.0000 0.4282 0.0291 0.0020 0.0001 1.0000 1.0000 0.0747 0.0051 0.0003 1.0000 1.0000 0.1912 0.0130 0.0009 0.0001 1.0000 0.4995 0.0334
0.4920 1.0000 0.0001 0.0009 0.0125 0.1830 1.0000 1.0000 0.0003 0.0048 0.0708 1.0000 1.0000 0.0001 0.0019 0.0276 0.4060 1.0000 0.0000 0.0007 0.0108 0.1584 1.0000 1.0000 0.0003 0.0042 0.0619 0.9093 1.0000 0.0001 0.0016 0.0241 0.3540 1.0000 0.0000 0.0006 0.0093 0.1347 1.0000 1.0000 0.0002 0.0032 0.0432 0.5685 1.0000 0.0000 0.0004 0.0027 0.0078 0.0093 0.0094 0.0093 0.0078 0.0027 0.0004 0.0000 1.0000 0.5685 0.0432 0.0032 0.0002 1.0000 1.0000 0.1347 0.0093 0.0006 0.0000 1.0000 0.3540 0.0241 0.0016 0.0001 1.0000 0.9093 0.0619 0.0042 0.0003 1.0000 1.0000 0.1584 0.0108 0.0007 0.0000 1.0000 0.4060 0.0276 0.0019 0.0001 1.0000 1.0000 0.0708 0.0048 0.0003 1.0000 1.0000 0.1830 0.0125 0.0009 0.0001 1.0000 0.4920
1.0000 0.0001 0.0009 0.0123 0.1782 1.0000 1.0000 0.0003 0.0046 0.0674 0.9905 1.0000 0.0001 0.0018 0.0262 0.3849 1.0000 0.0000 0.0007 0.0102 0.1502 1.0000 1.0000 0.0003 0.0040 0.0587 0.8621 1.0000 0.0001 0.0016 0.0229 0.3357 1.0000 0.0000 0.0006 0.0088 0.1290 1.0000 1.0000 0.0002 0.0032 0.0441 0.6030 1.0000 0.0001 0.0006 0.0059 0.0395 0.1223 0.1499 0.1510 0.1499 0.1223 0.0395 0.0059 0.0006 0.0001 1.0000 0.6030 0.0441 0.0032 0.0002 1.0000 1.0000 0.1290 0.0088 0.0006 0.0000 1.0000 0.3357 0.0229 0.0016 0.0001 1.0000 0.8621 0.0587 0.0040 0.0003 1.0000 1.0000 0.1502 0.0102 0.0007 0.0000 1.0000 0.3849 0.0262 0.0018 0.0001 1.0000 0.9905 0.0674 0.0046 0.0003 1.0000 1.0000 0.1782 0.0123 0.0009 0.0001 1.0000
0.0001 0.0009 0.0125 0.1782 1.0000 1.0000 0.0003 0.0044 0.0647 0.9463 1.0000 0.0001 0.0017 0.0249 0.3657 1.0000 0.0000 0.0007 0.0097 0.1426 1.0000 1.0000 0.0003 0.0038 0.0556 0.8174 1.0000 0.0001 0.0015 0.0217 0.3189 1.0000 0.0000 0.0006 0.0084 0.1230 1.0000 1.0000 0.0002 0.0031 0.0440 0.6157 1.0000 0.0001 0.0008 0.0087 0.0836 0.5772 1.0000 1.0000 1.0000 1.0000 1.0000 0.5772 0.0836 0.0087 0.0008 0.0001 1.0000 0.6157 0.0440 0.0031 0.0002 1.0000 1.0000 0.1230 0.0084 0.0006 0.0000 1.0000 0.3189 0.0217 0.0015 0.0001 1.0000 0.8174 0.0556 0.0038 0.0003 1.0000 1.0000 0.1426 0.0097 0.0007 0.0000 1.0000 0.3657 0.0249 0.0017 0.0001 1.0000 0.9463 0.0647 0.0044 0.0003 1.0000 1.0000 0.1782 0.0125 0.0009 0.0001
0.0009 0.0130 0.1830 1.0000 1.0000 0.0003 0.0043 0.0628 0.9128 1.0000 0.0001 0.0016 0.0237 0.3480 1.0000 0.0000 0.0006 0.0092 0.1352 1.0000 1.0000 0.0002 0.0036 0.0528 0.7750 1.0000 0.0001 0.0014 0.0206 0.3023 1.0000 0.0000 0.0005 0.0080 0.1173 1.0000 1.0000 0.0002 0.0030 0.0431 0.6122 1.0000 0.0001 0.0009 0.0109 0.1232 1.0000 1.0000 1.0000 1.0000 1.0000 1.0000 1.0000 1.0000 1.0000 0.1232 0.0109 0.0009 0.0001 1.0000 0.6122 0.0431 0.0030 0.0002 1.0000 1.0000 0.1173 0.0080 0.0005 0.0000 1.0000 0.3023 0.0206 0.0014 0.0001 1.0000 0.7750 0.0528 0.0036 0.0002 1.0000 1.0000 0.1352 0.0092 0.0006 0.0000 1.0000 0.3480 0.0237 0.0016 0.0001 1.0000 0.9128 0.0628 0.0043 0.0003 1.0000 1.0000 0.1830 0.0130 0.0009
0.0132 0.1912 1.0000 1.0000 0.0003 0.0043 0.0621 0.8956 1.0000 0.0001 0.0016 0.0228 0.3331 1.0000 0.0000 0.0006 0.0087 0.1285 1.0000 1.0000 0.0002 0.0034 0.0500 0.7348 1.0000 0.0001 0.0013 0.0195 0.2867 1.0000 1.0000 0.0005 0.0076 0.1114 1.0000 1.0000 0.0002 0.0029 0.0418 0.6007 1.0000 0.0001 0.0009 0.0122 0.1522 1.0000 1.0000 0.0001 0.0002 0.0003 0.0003 0.0003 0.0002 0.0001 1.0000 1.0000 0.1522 0.0122 0.0009 0.0001 1.0000 0.6007 0.0418 0.0029 0.0002 1.0000 1.0000 0.1114 0.0076 0.0005 1.0000 1.0000 0.2867 0.0195 0.0013 0.0001 1.0000 0.7348 0.0500 0.0034 0.0002 1.0000 1.0000 0.1285 0.0087 0.0006 0.0000 1.0000 0.3331 0.0228 0.0016 0.0001 1.0000 0.8956 0.0621 0.0043 0.0003 1.0000 1.0000 0.1912 0.0132
0.1934 1.0000 1.0000 0.0003 0.0044 0.0628 0.8956 1.0000 0.0001 0.0015 0.0221 0.3207 1.0000 0.0000 0.0006 0.0084 0.1223 1.0000 1.0000 0.0002 0.0032 0.0475 0.6981 1.0000 0.0001 0.0013 0.0185 0.2718 1.0000 1.0000 0.0005 0.0072 0.1058 1.0000 1.0000 0.0002 0.0028 0.0402 0.5827 1.0000 0.0001 0.0009 0.0129 0.1706 1.0000 1.0000 0.0001 0.0009 0.0034 0.0045 0.0046 0.0045 0.0034 0.0009 0.0001 1.0000 1.0000 0.1706 0.0129 0.0009 0.0001 1.0000 0.5827 0.0402 0.0028 0.0002 1.0000 1.0000 0.1058 0.0072 0.0005 1.0000 1.0000 0.2718 0.0185 0.0013 0.0001 1.0000 0.6981 0.0475 0.0032 0.0002 1.0000 1.0000 0.1223 0.0084 0.0006 0.0000 1.0000 0.3207 0.0221 0.0015 0.0001 1.0000 0.8956 0.0628 0.0044 0.0003 1.0000 1.0000 0.1934
1.0000 1.0000 0.0003 0.0046 0.0647 0.9128 1.0000 0.0001 0.0015 0.0217 0.3135 1.0000 0.0000 0.0005 0.0080 0.1170 1.0000 1.0000 0.0002 0.0031 0.0451 0.6619 1.0000 0.0001 0.0012 0.0176 0.2582 1.0000 1.0000 0.0005 0.0068 0.1005 1.0000 1.0000 0.0002 0.0026 0.0385 0.5599 1.0000 0.0001 0.0009 0.0132 0.1802 1.0000 1.0000 0.0002 0.0019 0.0136 0.0518 0.0723 0.0734 0.0723 0.0518 0.0136 0.0019 0.0002 1.0000 1.0000 0.1802 0.0132 0.0009 0.0001 1.0000 0.5599 0.0385 0.0026 0.0002 1.0000 1.0000 0.1005 0.0068 0.0005 1.0000 1.0000 0.2582 0.0176 0.0012 0.0001 1.0000 0.6619 0.0451 0.0031 0.0002 1.0000 1.0000 0.1170 0.0080 0.0005 0.0000 1.0000 0.3135 0.0217 0.0015 0.0001 1.0000 0.9128 0.0647 0.0046 0.0003 1.0000 1.0000
1.0000 0.0003 0.0048 0.0674 0.9463 1.0000 0.0001 0.0015 0.0217 0.3105 1.0000 1.0000 0.0005 0.0077 0.1127 1.0000 1.0000 0.0002 0.0029 0.0430 0.6299 1.0000 0.0001 0.0011 0.0167 0.2448 1.0000 1.0000 0.0004 0.0065 0.0953 1.0000 1.0000 0.0002 0.0025 0.0368 0.5369 1.0000 0.0001 0.0009 0.0131 0.1840 1.0000 1.0000 0.0002 0.0027 0.0266 0.1990 0.7944 1.0000 1.0000 1.0000 0.7944 0.1990 0.0266 0.0027 0.0002 1.0000 1.0000 0.1840 0.0131 0.0009 0.0001 1.0000 0.5369 0.0368 0.0025 0.0002 1.0000 1.0000 0.0953 0.0065 0.0004 1.0000 1.0000 0.2448 0.0167 0.0011 0.0001 1.0000 0.6299 0.0430 0.0029 0.0002 1.0000 1.0000 0.1127 0.0077 0.0005 1.0000 1.0000 0.3105 0.0217 0.0015 0.0001 1.0000 0.9463 0.0674 0.0048 0.0003 1.0000
0.0004 0.0051 0.0708 0.9905 1.0000 0.0001 0.0016 0.0221 0.3135 1.0000 1.0000 0.0005 0.0076 0.1095 1.0000 1.0000 0.0002 0.0028 0.0410 0.6007 1.0000 0.0001 0.0011 0.0158 0.2325 1.0000 1.0000 0.0004 0.0062 0.0904 1.0000 1.0000 0.0002 0.0024 0.0350 0.5120 1.0000 0.0001 0.0009 0.0129 0.1830 1.0000 1.0000 0.0003 0.0033 0.0380 0.3791 1.0000 1.0000 1.0000 1.0000 1.0000 1.0000 1.0000 0.3791 0.0380 0.0033 0.0003 1.0000 1.0000 0.1830 0.0129 0.0009 0.0001 1.0000 0.5120 0.0350 0.0024 0.0002 1.0000 1.0000 0.0904 0.0062 0.0004 1.0000 1.0000 0.2325 0.0158 0.0011 0.0001 1.0000 0.6007 0.0410 0.0028 0.0002 1.0000 1.0000 0.1095 0.0076 0.0005 1.0000 1.0000 0.3135 0.0221 0.0016 0.0001 1.0000 0.9905 0.0708 0.0051 0.0004
0.0051 0.0747 1.0000 1.0000 0.0001 0.0016 0.0228 0.3207 1.0000 1.0000 0.0005 0.0075 0.1078 1.0000 1.0000 0.0002 0.0027 0.0395 0.5761 1.0000 0.0001 0.0010 0.0151 0.2213 1.0000 1.0000 0.0004 0.0058 0.0858 1.0000 1.0000 0.0002 0.0023 0.0333 0.4882 1.0000 0.0001 0.0009 0.0125 0.1792 1.0000 1.0000 0.0003 0.0037 0.0462 0.5349 1.0000 1.0000 0.0001 0.0001 0.0001 0.0001 0.0001 1.0000 1.0000 0.5349 0.0462 0.0037 0.0003 1.0000 1.0000 0.1792 0.0125 0.0009 0.0001 1.0000 0.4882 0.0333 0.0023 0.0002 1.0000 1.0000 0.0858 0.0058 0.0004 1.0000 1.0000 0.2213 0.0151 0.0010 0.0001 1.0000 0.5761 0.0395 0.0027 0.0002 1.0000 1.0000 0.1078 0.0075 0.0005 1.0000 1.0000 0.3207 0.0228 0.0016 0.0001 1.0000 1.0000 0.0747 0.0051
0.0756 1.0000 1.0000 0.0001 0.0017 0.0237 0.3331 1.0000 0.0000 0.0005 0.0076 0.1078 1.0000 1.0000 0.0002 0.0026 0.0383 0.5567 1.0000 0.0001 0.0010 0.0144 0.2110 1.0000 1.0000 0.0004 0.0056 0.0815 1.0000 1.0000 0.0001 0.0022 0.0317 0.4638 1.0000 0.0001 0.0008 0.0120 0.1738 1.0000 1.0000 0.0003 0.0039 0.0514 0.6482 1.0000 0.0000 0.0003 0.0014 0.0022 0.0022 0.0022 0.0014 0.0003 0.0000 1.0000 0.6482 0.0514 0.0039 0.0003 1.0000 1.0000 0.1738 0.0120 0.0008 0.0001 1.0000 0.4638 0.0317 0.0022 0.0001 1.0000 1.0000 0.0815 0.0056 0.0004 1.0000 1.0000 0.2110 0.0144 0.0010 0.0001 1.0000 0.5567 0.0383 0.0026 0.0002 1.0000 1.0000 0.1078 0.0076 0.0005 0.0000 1.0000 0.3331 0.0237 0.0017 0.0001 1.0000 1.0000 0.0756
1.0000 1.0000 0.0001 0.0018 0.0249 0.3480 1.0000 0.0000 0.0005 0.0077 0.1095 1.0000 1.0000 0.0002 0.0026 0.0375 0.5431 1.0000 0.0001 0.0009 0.0138 0.2020 1.0000 1.0000 0.0004 0.0053 0.0776 1.0000 1.0000 0.0001 0.0020 0.0300 0.4414 1.0000 0.0001 0.0008 0.0115 0.1673 1.0000 1.0000 0.0003 0.0039 0.0542 0.7183 1.0000 0.0001 0.0006 0.0047 0.0211 0.0346 0.0357 0.0346 0.0211 0.0047 0.0006 0.0001 1.0000 0.7183 0.0542 0.0039 0.0003 1.0000 1.0000 0.1673 0.0115 0.0008 0.0001 1.0000 0.4414 0.0300 0.0020 0.0001 1.0000 1.0000 0.0776 0.0053 0.0004 1.0000 1.0000 0.2020 0.0138 0.0009 0.0001 1.0000 0.5431 0.0375 0.0026 0.0002 1.0000 1.0000 0.1095 0.0077 0.0005 0.0000 1.0000 0.3480 0.0249 0.0018 0.0001 1.0000 1.0000
1.0000 0.0001 0.0019 0.0262 0.3657 1.0000 0.0000 0.0006 0.0080 0.1127 1.0000 1.0000 0.0002 0.0026 0.0372 0.5359 1.0000 0.0001 0.0009 0.0134 0.1948 1.0000 1.0000 0.0003 0.0051 0.0740 1.0000 1.0000 0.0001 0.0020 0.0286 0.4193 1.0000 0.0001 0.0008 0.0110 0.1605 1.0000 1.0000 0.0003 0.0039 0.0551 0.7561 1.0000 0.0001 0.0008 0.0085 0.0681 0.3201 0.5535 0.5750 0.5535 0.3201 0.0681 0.0085 0.0008 0.0001 1.0000 0.7561 0.0551 0.0039 0.0003 1.0000 1.0000 0.1605 0.0110 0.0008 0.0001 1.0000 0.4193 0.0286 0.0020 0.0001 1.0000 1.0000 0.0740 0.0051 0.0003 1.0000 1.0000 0.1948 0.0134 0.0009 0.0001 1.0000 0.5359 0.0372 0.0026 0.0002 1.0000 1.0000 0.1127 0.0080 0.0006 0.0000 1.0000 0.3657 0.0262 0.0019 0.0001 1.0000
0.0001 0.0020 0.0276 0.3849 1.0000 0.0000 0.0006 0.0084 0.1170 1.0000 1.0000 0.0002 0.0026 0.0375 0.5359 1.0000 0.0001 0.0009 0.0131 0.1894 1.0000 1.0000 0.0003 0.0048 0.0708 1.0000 1.0000 0.0001 0.0019 0.0272 0.3991 1.0000 0.0000 0.0007 0.0105 0.1533 1.0000 1.0000 0.0003 0.0039 0.0548 0.7692 1.0000 0.0001 0.0010 0.0117 0.1211 0.9868 1.0000 1.0000 1.0000 1.0000 1.0000 0.9868 0.1211 0.0117 0.0010 0.0001 1.0000 0.7692 0.0548 0.0039 0.0003 1.0000 1.0000 0.1533 0.0105 0.0007 0.0000 1.0000 0.3991 0.0272 0.0019 0.0001 1.0000 1.0000 0.0708 0.0048 0.0003 1.0000 1.0000 0.1894 0.0131 0.0009 0.0001 1.0000 0.5359 0.0375 0.0026 0.0002 1.0000 1.0000 0.1170 0.0084 0.0006 0.0000 1.0000 0.3849 0.0276 0.0020 0.0001
0.0020 0.0291 0.4060 1.0000 0.0000 0.0006 0.0087 0.1223 1.0000 1.0000 0.0002 0.0027 0.0383 0.5431 1.0000 0.0001 0.0009 0.0129 0.1862 1.0000 1.0000 0.0003 0.0047 0.0682 0.9943 1.0000 0.0001 0.0018 0.0260 0.3798 1.0000 0.0000 0.0007 0.0100 0.1462 1.0000 1.0000 0.0003 0.0037 0.0537 0.7648 1.0000 0.0001 0.0011 0.0141 0.1658 1.0000 1.0000 0.0000 0.0001 0.0001 0.0001 0.0000 1.0000 1.0000 0.1658 0.0141 0.0011 0.0001 1.0000 0.7648 0.0537 0.0037 0.0003 1.0000 1.0000 0.1462 0.0100 0.0007 0.0000 1.0000 0.3798 0.0260 0.0018 0.0001 1.0000 0.9943 0.0682 0.0047 0.0003 1.0000 1.0000 0.1862 0.0129 0.0009 0.0001 1.0000 0.5431 0.0383 0.0027 0.0002 1.0000 1.0000 0.1223 0.0087 0.0006 0.0000 1.0000 0.4060 0.0291 0.0020
0.0295 0.4282 1.0000 0.0000 0.0007 0.0092 0.1285 1.0000 1.0000 0.0002 0.0028 0.0395 0.5567 1.0000 0.0001 0.0009 0.0129 0.1847 1.0000 1.0000 0.0003 0.0046 0.0662 0.9608 1.0000 0.0001 0.0017 0.0248 0.3629 1.0000 0.0000 0.0006 0.0095 0.1394 1.0000 1.0000 0.0002 0.0036 0.0521 0.7490 1.0000 0.0001 0.0012 0.0155 0.1975 1.0000 1.0000 0.0001 0.0005 0.0010 0.0011 0.0010 0.0005 0.0001 1.0000 1.0000 0.1975 0.0155 0.0012 0.0001 1.0000 0.7490 0.0521 0.0036 0.0002 1.0000 1.0000 0.1394 0.0095 0.0006 0.0000 1.0000 0.3629 0.0248 0.0017 0.0001 1.0000 0.9608 0.0662 0.0046 0.0003 1.0000 1.0000 0.1847 0.0129 0.0009 0.0001 1.0000 0.5567 0.0395 0.0028 0.0002 1.0000 1.0000 0.1285 0.0092 0.0007 0.0000 1.0000 0.4282 0.0295
0.4331 1.0000 0.0000 0.0007 0.0097 0.1352 1.0000 1.0000 0.0002 0.0029 0.0410 0.5761 1.0000 0.0001 0.0009 0.0131 0.1862 1.0000 1.0000 0.0003 0.0045 0.0647 0.9356 1.0000 0.0001 0.0016 0.0239 0.3480 1.0000 0.0000 0.0006 0.0091 0.1329 1.0000 1.0000 0.0002 0.0035 0.0502 0.7265 1.0000 0.0001 0.0012 0.0163 0.2176 1.0000 1.0000 0.0002 0.0016 0.0083 0.0163 0.0173 0.0163 0.0083 0.0016 0.0002 1.0000 1.0000 0.2176 0.0163 0.0012 0.0001 1.0000 0.7265 0.0502 0.0035 0.0002 1.0000 1.0000 0.1329 0.0091 0.0006 0.0000 1.0000 0.3480 0.0239 0.0016 0.0001 1.0000 0.9356 0.0647 0.0045 0.0003 1.0000 1.0000 0.1862 0.0131 0.0009 0.0001 1.0000 0.5761 0.0410 0.0029 0.0002 1.0000 1.0000 0.1352 0.0097 0.0007 0.0000 1.0000 0.4331
1.0000 0.0001 0.0007 0.0102 0.1426 1.0000 1.0000 0.0002 0.0031 0.0430 0.6007 1.0000 0.0001 0.0009 0.0134 0.1894 1.0000 1.0000 0.0003 0.0045 0.0639 0.9215 1.0000 0.0001 0.0016 0.0231 0.3357 1.0000 0.0000 0.0006 0.0087 0.1270 1.0000 1.0000 0.0002 0.0033 0.0482 0.7007 1.0000 0.0001 0.0012 0.0166 0.2277 1.0000 1.0000 0.0003 0.0027 0.0231 0.1244 0.2602 0.2786 0.2602 0.1244 0.0231 0.0027 0.0003 1.0000 1.0000 0.2277 0.0166 0.0012 0.0001 1.0000 0.7007 0.0482 0.0033 0.0002 1.0000 1.0000 0.1270 0.0087 0.0006 0.0000 1.0000 0.3357 0.0231 0.0016 0.0001 1.0000 0.9215 0.0639 0.0045 0.0003 1.0000 1.0000 0.1894 0.0134 0.0009 0.0001 1.0000 0.6007 0.0430 0.0031 0.0002 1.0000 1.0000 0.1426 0.0102 0.0007 0.0001 1.0000
0.0001 0.0008 0.0108 0.1502 1.0000 1.0000 0.0002 0.0032 0.0451 0.6299 1.0000 0.0001 0.0010 0.0138 0.1948 1.0000 1.0000 0.0003 0.0045 0.0639 0.9162 1.0000 0.0001 0.0016 0.0225 0.3262 1.0000 0.0000 0.0006 0.0084 0.1218 1.0000 1.0000 0.0002 0.0032 0.0462 0.6733 1.0000 0.0001 0.0012 0.0165 0.2312 1.0000 1.0000 0.0003 0.0036 0.0387 0.3331 1.0000 1.0000 1.0000 1.0000 1.0000 0.3331 0.0387 0.0036 0.0003 1.0000 1.0000 0.2312 0.0165 0.0012 0.0001 1.0000 0.6733 0.0462 0.0032 0.0002 1.0000 1.0000 0.1218 0.0084 0.0006 0.0000 1.0000 0.3262 0.0225 0.0016 0.0001 1.0000 0.9162 0.0639 0.0045 0.0003 1.0000 1.0000 0.1948 0.0138 0.0010 0.0001 1.0000 0.6299 0.0451 0.0032 0.0002 1.0000 1.0000 0.1502 0.0108 0.0008 0.0001
0.0008 0.0114 0.1584 1.0000 1.0000 0.0002 0.0034 0.0475 0.6619 1.0000 0.0001 0.0010 0.0144 0.2020 1.0000 1.0000 0.0003 0.0046 0.0647 0.9215 1.0000 0.0001 0.0015 0.0222 0.3201 1.0000 0.0000 0.0006 0.0081 0.1175 1.0000 1.0000 0.0002 0.0030 0.0443 0.6457 1.0000 0.0001 0.0011 0.0162 0.2299 1.0000 1.0000 0.0003 0.0043 0.0515 0.5504 1.0000 1.0000 0.0000 0.0000 0.0000 1.0000 1.0000 0.5504 0.0515 0.0043 0.0003 1.0000 1.0000 0.2299 0.0162 0.0011 0.0001 1.0000 0.6457 0.0443 0.0030 0.0002 1.0000 1.0000 0.1175 0.0081 0.0006 0.0000 1.0000 0.3201 0.0222 0.0015 0.0001 1.0000 0.9215 0.0647 0.0046 0.0003 1.0000 1.0000 0.2020 0.0144 0.0010 0.0001 1.0000 0.6619 0.0475 0.0034 0.0002 1.0000 1.0000 0.1584 0.0114 0.0008
0.0115 0.1670 1.0000 1.0000 0.0003 0.0036 0.0500 0.6981 1.0000 0.0001 0.0011 0.0151 0.2110 1.0000 1.0000 0.0003 0.0047 0.0662 0.9356 1.0000 0.0001 0.0015 0.0220 0.3164 1.0000 0.0000 0.0005 0.0078 0.1137 1.0000 1.0000 0.0002 0.0029 0.0426 0.6204 1.0000 0.0001 0.0011 0.0157 0.2256 1.0000 1.0000 0.0004 0.0047 0.0605 0.7265 1.0000 0.0000 0.0002 0.0005 0.0005 0.0005 0.0002 0.0000 1.0000 0.7265 0.0605 0.0047 0.0004 1.0000 1.0000 0.2256 0.0157 0.0011 0.0001 1.0000 0.6204 0.0426 0.0029 0.0002 1.0000 1.0000 0.1137 0.0078 0.0005 0.0000 1.0000 0.3164 0.0220 0.0015 0.0001 1.0000 0.9356 0.0662 0.0047 0.0003 1.0000 1.0000 0.2110 0.0151 0.0011 0.0001 1.0000 0.6981 0.0500 0.0036 0.0003 1.0000 1.0000 0.1670 0.0115
0.1693 1.0000 1.0000 0.0003 0.0038 0.0528 0.7348 1.0000 0.0001 0.0011 0.0158 0.2213 1.0000 1.0000 0.0003 0.0048 0.0682 0.9608 1.0000 0.0001 0.0016 0.0222 0.3164 1.0000 1.0000 0.0005 0.0077 0.1112 1.0000 1.0000 0.0002 0.0028 0.0410 0.5961 1.0000 0.0001 0.0010 0.0152 0.2196 1.0000 1.0000 0.0004 0.0049 0.0662 0.8507 1.0000 0.0001 0.0005 0.0031 0.0076 0.0084 0.0076 0.0031 0.0005 0.0001 1.0000 0.8507 0.0662 0.0049 0.0004 1.0000 1.0000 0.2196 0.0152 0.0010 0.0001 1.0000 0.5961 0.0410 0.0028 0.0002 1.0000 1.0000 0.1112 0.0077 0.0005 1.0000 1.0000 0.3164 0.0222 0.0016 0.0001 1.0000 0.9608 0.0682 0.0048 0.0003 1.0000 1.0000 0.2213 0.0158 0.0011 0.0001 1.0000 0.7348 0.0528 0.0038 0.0003 1.0000 1.0000 0.1693
1.0000 1.0000 0.0003 0.0040 0.0556 0.7750 1.0000 0.0001 0.0012 0.0167 0.2325 1.0000 1.0000 0.0004 0.0051 0.0708 0.9943 1.0000 0.0001 0.0016 0.0225 0.3201 1.0000 1.0000 0.0005 0.0076 0.1095 1.0000 1.0000 0.0002 0.0027 0.0397 0.5761 1.0000 0.0001 0.0010 0.0147 0.2127 1.0000 1.0000 0.0004 0.0050 0.0691 0.9267 1.0000 0.0001 0.0009 0.0078 0.0469 0.1195 0.1350 0.1195 0.0469 0.0078 0.0009 0.0001 1.0000 0.9267 0.0691 0.0050 0.0004 1.0000 1.0000 0.2127 0.0147 0.0010 0.0001 1.0000 0.5761 0.0397 0.0027 0.0002 1.0000 1.0000 0.1095 0.0076 0.0005 1.0000 1.0000 0.3201 0.0225 0.0016 0.0001 1.0000 0.9943 0.0708 0.0051 0.0004 1.0000 1.0000 0.2325 0.0167 0.0012 0.0001 1.0000 0.7750 0.0556 0.0040 0.0003 1.0000 1.0000
1.0000 0.0003 0.0042 0.0587 0.8174 1.0000 0.0001 0.0013 0.0176 0.2448 1.0000 1.0000 0.0004 0.0053 0.0740 1.0000 1.0000 0.0001 0.0016 0.0231 0.3262 1.0000 0.0000 0.0005 0.0076 0.1091 1.0000 1.0000 0.0002 0.0027 0.0386 0.5599 1.0000 0.0001 0.0010 0.0142 0.2059 1.0000 1.0000 0.0004 0.0050 0.0702 0.9682 1.0000 0.0001 0.0011 0.0124 0.1118 0.6954 1.0000 1.0000 1.0000 0.6954 0.1118 0.0124 0.0011 0.0001 1.0000 0.9682 0.0702 0.0050 0.0004 1.0000 1.0000 0.2059 0.0142 0.0010 0.0001 1.0000 0.5599 0.0386 0.0027 0.0002 1.0000 1.0000 0.1091 0.0076 0.0005 0.0000 1.0000 0.3262 0.0231 0.0016 0.0001 1.0000 1.0000 0.0740 0.0053 0.0004 1.0000 1.0000 0.2448 0.0176 0.0013 0.0001 1.0000 0.8174 0.0587 0.0042 0.0003 1.0000
0.0003 0.0044 0.0619 0.8621 1.0000 0.0001 0.0013 0.0185 0.2582 1.0000 1.0000 0.0004 0.0056 0.0776 1.0000 1.0000 0.0001 0.0017 0.0239 0.3357 1.0000 0.0000 0.0005 0.0077 0.1095 1.0000 1.0000 0.0002 0.0026 0.0380 0.5483 1.0000 0.0001 0.0009 0.0138 0.1993 1.0000 1.0000 0.0003 0.0049 0.0700 0.9830 1.0000 0.0001 0.0013 0.0161 0.1758 1.0000 1.0000 1.0000 1.0000 1.0000 1.0000 1.0000 0.1758 0.0161 0.0013 0.0001 1.0000 0.9830 0.0700 0.0049 0.0003 1.0000 1.0000 0.1993 0.0138 0.0009 0.0001 1.0000 0.5483 0.0380 0.0026 0.0002 1.0000 1.0000 0.1095 0.0077 0.0005 0.0000 1.0000 0.3357 0.0239 0.0017 0.0001 1.0000 1.0000 0.0776 0.0056 0.0004 1.0000 1.0000 0.2582 0.0185 0.0013 0.0001 1.0000 0.8621 0.0619 0.0044 0.0003
0.0045 0.0653 0.9093 1.0000 0.0001 0.0014 0.0195 0.2718 1.0000 1.0000 0.0004 0.0058 0.0815 1.0000 1.0000 0.0001 0.0018 0.0248 0.3480 1.0000 0.0000 0.0006 0.0078 0.1112 1.0000 1.0000 0.0002 0.0026 0.0376 0.5410 1.0000 0.0001 0.0009 0.0134 0.1941 1.0000 1.0000 0.0003 0.0048 0.0690 0.9812 1.0000 0.0001 0.0014 0.0187 0.2269 1.0000 1.0000 0.0001 0.0002 0.0003 0.0002 0.0001 1.0000 1.0000 0.2269 0.0187 0.0014 0.0001 1.0000 0.9812 0.0690 0.0048 0.0003 1.0000 1.0000 0.1941 0.0134 0.0009 0.0001 1.0000 0.5410 0.0376 0.0026 0.0002 1.0000 1.0000 0.1112 0.0078 0.0006 0.0000 1.0000 0.3480 0.0248 0.0018 0.0001 1.0000 1.0000 0.0815 0.0058 0.0004 1.0000 1.0000 0.2718 0.0195 0.0014 0.0001 1.0000 0.9093 0.0653 0.0045
0.0660 0.9590 1.0000 0.0001 0.0015 0.0206 0.2867 1.0000 1.0000 0.0004 0.0062 0.0858 1.0000 1.0000 0.0001 0.0019 0.0260 0.3629 1.0000 0.0000 0.0006 0.0081 0.1137 1.0000 1.0000 0.0002 0.0026 0.0376 0.5380 1.0000 0.0001 0.0009 0.0131 0.1897 1.0000 1.0000 0.0003 0.0047 0.0677 0.9700 1.0000 0.0001 0.0015 0.0203 0.2631 1.0000 1.0000 0.0002 0.0012 0.0034 0.0041 0.0034 0.0012 0.0002 1.0000 1.0000 0.2631 0.0203 0.0015 0.0001 1.0000 0.9700 0.0677 0.0047 0.0003 1.0000 1.0000 0.1897 0.0131 0.0009 0.0001 1.0000 0.5380 0.0376 0.0026 0.0002 1.0000 1.0000 0.1137 0.0081 0.0006 0.0000 1.0000 0.3629 0.0260 0.0019 0.0001 1.0000 1.0000 0.0858 0.0062 0.0004 1.0000 1.0000 0.2867 0.0206 0.0015 0.0001 1.0000 0.9590 0.0660
0.9700 1.0000 0.0001 0.0016 0.0217 0.3023 1.0000 1.0000 0.0005 0.0065 0.0904 1.0000 1.0000 0.0001 0.0020 0.0272 0.3798 1.0000 0.0000 0.0006 0.0084 0.1175 1.0000 1.0000 0.0002 0.0027 0.0380 0.5410 1.0000 0.0001 0.0009 0.0130 0.1869 1.0000 1.0000 0.0003 0.0046 0.0663 0.9536 1.0000 0.0001 0.0015 0.0213 0.2861 1.0000 1.0000 0.0003 0.0026 0.0172 0.0534 0.0650 0.0534 0.0172 0.0026 0.0003 1.0000 1.0000 0.2861 0.0213 0.0015 0.0001 1.0000 0.9536 0.0663 0.0046 0.0003 1.0000 1.0000 0.1869 0.0130 0.0009 0.0001 1.0000 0.5410 0.0380 0.0027 0.0002 1.0000 1.0000 0.1175 0.0084 0.0006 0.0000 1.0000 0.3798 0.0272 0.0020 0.0001 1.0000 1.0000 0.0904 0.0065 0.0005 1.0000 1.0000 0.3023 0.0217 0.0016 0.0001 1.0000 0.9700
1.0000 0.0001 0.0016 0.0229 0.3189 1.0000 1.0000 0.0005 0.0068 0.0953 1.0000 1.0000 0.0001 0.0020 0.0286 0.3991 1.0000 0.0000 0.0006 0.0087 0.1218 1.0000 1.0000 0.0002 0.0027 0.0386 0.5483 1.0000 0.0001 0.0009 0.0129 0.1851 1.0000 1.0000 0.0003 0.0045 0.0650 0.9356 1.0000 0.0001 0.0015 0.0217 0.2989 1.0000 1.0000 0.0004 0.0040 0.0374 0.2548 0.8315 1.0000 0.8315 0.2548 0.0374 0.0040 0.0004 1.0000 1.0000 0.2989 0.0217 0.0015 0.0001 1.0000 0.9356 0.0650 0.0045 0.0003 1.0000 1.0000 0.1851 0.0129 0.0009 0.0001 1.0000 0.5483 0.0386 0.0027 0.0002 1.0000 1.0000 0.1218 0.0087 0.0006 0.0000 1.0000 0.3991 0.0286 0.0020 0.0001 1.0000 1.0000 0.0953 0.0068 0.0005 1.0000 1.0000 0.3189 0.0229 0.0016 0.0001 1.0000
0.0001 0.0017 0.0241 0.3357 1.0000 0.0000 0.0005 0.0072 0.1005 1.0000 1.0000 0.0002 0.0022 0.0300 0.4193 1.0000 0.0000 0.0006 0.0091 0.1270 1.0000 1.0000 0.0002 0.0028 0.0397 0.5599 1.0000 0.0001 0.0009 0.0130 0.1851 1.0000 1.0000 0.0003 0.0045 0.0640 0.9215 1.0000 0.0001 0.0015 0.0218 0.3052 1.0000 1.0000 0.0004 0.0051 0.0566 0.5390 1.0000 1.0000 1.0000 1.0000 1.0000 0.5390 0.0566 0.0051 0.0004 1.0000 1.0000 0.3052 0.0218 0.0015 0.0001 1.0000 0.9215 0.0640 0.0045 0.0003 1.0000 1.0000 0.1851 0.0130 0.0009 0.0001 1.0000 0.5599 0.0397 0.0028 0.0002 1.0000 1.0000 0.1270 0.0091 0.0006 0.0000 1.0000 0.4193 0.0300 0.0022 0.0002 1.0000 1.0000 0.1005 0.0072 0.0005 0.0000 1.0000 0.3357 0.0241 0.0017 0.0001
0.0017 0.0254 0.3540 1.0000 0.0000 0.0005 0.0076 0.1058 1.0000 1.0000 0.0002 0.0023 0.0317 0.4414 1.0000 0.0000 0.0007 0.0095 0.1329 1.0000 1.0000 0.0002 0.0029 0.0410 0.5761 1.0000 0.0001 0.0009 0.0131 0.1869 1.0000 1.0000 0.0003 0.0044 0.0634 0.9110 1.0000 0.0001 0.0015 0.0217 0.3075 1.0000 1.0000 0.0005 0.0059 0.0718 0.8066 1.0000 1.0000 0.0001 0.0001 0.0001 1.0000 1.0000 0.8066 0.0718 0.0059 0.0005 1.0000 1.0000 0.3075 0.0217 0.0015 0.0001 1.0000 0.9110 0.0634 0.0044 0.0003 1.0000 1.0000 0.1869 0.0131 0.0009 0.0001 1.0000 0.5761 0.0410 0.0029 0.0002 1.0000 1.0000 0.1329 0.0095 0.0007 0.0000 1.0000 0.4414 0.0317 0.0023 0.0002 1.0000 1.0000 0.1058 0.0076 0.0005 0.0000 1.0000 0.3540 0.0254 0.0017
0.0257 0.3727 1.0000 0.0000 0.0006 0.0080 0.1114 1.0000 1.0000 0.0002 0.0024 0.0333 0.4638 1.0000 0.0001 0.0007 0.0100 0.1394 1.0000 1.0000 0.0002 0.0030 0.0426 0.5961 1.0000 0.0001 0.0009 0.0134 0.1897 1.0000 1.0000 0.0003 0.0044 0.0633 0.9058 1.0000 0.0001 0.0015 0.0216 0.3070 1.0000 1.0000 0.0005 0.0064 0.0828 1.0000 1.0000 0.0001 0.0004 0.0015 0.0019 0.0015 0.0004 0.0001 1.0000 1.0000 0.0828 0.0064 0.0005 1.0000 1.0000 0.3070 0.0216 0.0015 0.0001 1.0000 0.9058 0.0633 0.0044 0.0003 1.0000 1.0000 0.1897 0.0134 0.0009 0.0001 1.0000 0.5961 0.0426 0.0030 0.0002 1.0000 1.0000 0.1394 0.0100 0.0007 0.0001 1.0000 0.4638 0.0333 0.0024 0.0002 1.0000 1.0000 0.1114 0.0080 0.0006 0.0000 1.0000 0.3727 0.0257
0.3762 1.0000 0.0000 0.0006 0.0084 0.1173 1.0000 1.0000 0.0002 0.0025 0.0350 0.4882 1.0000 0.0001 0.0008 0.0105 0.1462 1.0000 1.0000 0.0002 0.0032 0.0443 0.6204 1.0000 0.0001 0.0010 0.0138 0.1941 1.0000 1.0000 0.0003 0.0045 0.0634 0.9058 1.0000 0.0001 0.0015 0.0215 0.3058 1.0000 1.0000 0.0005 0.0067 0.0900 1.0000 1.0000 0.0001 0.0009 0.0063 0.0229 0.0310 0.0229 0.0063 0.0009 0.0001 1.0000 1.0000 0.0900 0.0067 0.0005 1.0000 1.0000 0.3058 0.0215 0.0015 0.0001 1.0000 0.9058 0.0634 0.0045 0.0003 1.0000 1.0000 0.1941 0.0138 0.0010 0.0001 1.0000 0.6204 0.0443 0.0032 0.0002 1.0000 1.0000 0.1462 0.0105 0.0008 0.0001 1.0000 0.4882 0.0350 0.0025 0.0002 1.0000 1.0000 0.1173 0.0084 0.0006 0.0000 1.0000 0.3762
1.0000 0.0000 0.0006 0.0088 0.1230 1.0000 1.0000 0.0002 0.0026 0.0368 0.5130 1.0000 0.0001 0.0008 0.0110 0.1533 1.0000 1.0000 0.0002 0.0033 0.0462 0.6457 1.0000 0.0001 0.0010 0.0142 0.1993 1.0000 1.0000 0.0003 0.0045 0.0640 0.9110 1.0000 0.0001 0.0015 0.0214 0.3052 1.0000 1.0000 0.0005 0.0069 0.0946 1.0000 1.0000 0.0001 0.0013 0.0126 0.0918 0.3534 0.4938 0.3534 0.0918 0.0126 0.0013 0.0001 1.0000 1.0000 0.0946 0.0069 0.0005 1.0000 1.0000 0.3052 0.0214 0.0015 0.0001 1.0000 0.9110 0.0640 0.0045 0.0003 1.0000 1.0000 0.1993 0.0142 0.0010 0.0001 1.0000 0.6457 0.0462 0.0033 0.0002 1.0000 1.0000 0.1533 0.0110 0.0008 0.0001 1.0000 0.5120 0.0368 0.0026 0.0002 1.0000 1.0000 0.1230 0.0088 0.0006 0.0000 1.0000
0.0000 0.0007 0.0093 0.1290 1.0000 1.0000 0.0002 0.0028 0.0385 0.5369 1.0000 0.0001 0.0008 0.0115 0.1605 1.0000 1.0000 0.0002 0.0035 0.0482 0.6733 1.0000 0.0001 0.0010 0.0147 0.2059 1.0000 1.0000 0.0003 0.0046 0.0650 0.9215 1.0000 0.0001 0.0015 0.0214 0.3046 1.0000 1.0000 0.0005 0.0070 0.0973 1.0000 1.0000 0.0001 0.0016 0.0184 0.1806 1.0000 1.0000 1.0000 1.0000 1.0000 0.1806 0.0184 0.0016 0.0001 1.0000 1.0000 0.0973 0.0070 0.0005 1.0000 1.0000 0.3046 0.0214 0.0015 0.0001 1.0000 0.9215 0.0650 0.0046 0.0003 1.0000 1.0000 0.2059 0.0147 0.0010 0.0001 1.0000 0.6733 0.0482 0.0035 0.0002 1.0000 1.0000 0.1605 0.0115 0.0008 0.0001 1.0000 0.5369 0.0385 0.0028 0.0002 1.0000 1.0000 0.1290 0.0093 0.0007 0.0000
0.0007 0.0097 0.1347 1.0000 1.0000 0.0002 0.0029 0.0402 0.5609 1.0000 0.0001 0.0009 0.0120 0.1673 1.0000 1.0000 0.0003 0.0036 0.0502 0.7007 1.0000 0.0001 0.0011 0.0152 0.2127 1.0000 1.0000 0.0003 0.0047 0.0664 0.9356 1.0000 0.0001 0.0015 0.0215 0.3052 1.0000 1.0000 0.0005 0.0070 0.0988 1.0000 1.0000 0.0001 0.0019 0.0230 0.2616 1.0000 1.0000 0.0000 0.0001 0.0000 1.0000 1.0000 0.2616 0.0230 0.0019 0.0001 1.0000 1.0000 0.0988 0.0070 0.0005 1.0000 1.0000 0.3052 0.0215 0.0015 0.0001 1.0000 0.9356 0.0663 0.0047 0.0003 1.0000 1.0000 0.2127 0.0152 0.0011 0.0001 1.0000 0.7007 0.0502 0.0036 0.0003 1.0000 1.0000 0.1673 0.0120 0.0009 0.0001 1.0000 0.5599 0.0402 0.0029 0.0002 1.0000 1.0000 0.1347 0.0097 0.0007
0.0096 0.1400 1.0000 1.0000 0.0002 0.0030 0.0418 0.5827 1.0000 0.0001 0.0009 0.0125 0.1742 1.0000 1.0000 0.0003 0.0037 0.0522 0.7265 1.0000 0.0001 0.0011 0.0157 0.2196 1.0000 1.0000 0.0003 0.0048 0.0678 0.9536 1.0000 0.0001 0.0015 0.0216 0.3064 1.0000 1.0000 0.0005 0.0070 0.0994 1.0000 1.0000 0.0002 0.0020 0.0263 0.3250 1.0000 1.0000 0.0002 0.0006 0.0009 0.0006 0.0002 1.0000 1.0000 0.3250 0.0263 0.0020 0.0002 1.0000 1.0000 0.0994 0.0070 0.0005 1.0000 1.0000 0.3058 0.0216 0.0015 0.0001 1.0000 0.9536 0.0677 0.0048 0.0003 1.0000 1.0000 0.2196 0.0157 0.0011 0.0001 1.0000 0.7265 0.0521 0.0037 0.0003 1.0000 1.0000 0.1738 0.0125 0.0009 0.0001 1.0000 0.5827 0.0418 0.0030 0.0002 1.0000 1.0000 0.1400 0.0096
0.1386 1.0000 1.0000 0.0002 0.0031 0.0432 0.6018 1.0000 0.0001 0.0009 0.0129 0.1795 1.0000 1.0000 0.0003 0.0039 0.0538 0.7490 1.0000 0.0001 0.0012 0.0162 0.2260 1.0000 1.0000 0.0004 0.0049 0.0691 0.9700 1.0000 0.0001 0.0015 0.0217 0.3075 1.0000 1.0000 0.0005 0.0070 0.0994 1.0000 1.0000 0.0002 0.0021 0.0284 0.3699 1.0000 1.0000 0.0003 0.0022 0.0092 0.0139 0.0092 0.0022 0.0003 1.0000 1.0000 0.3699 0.0284 0.0021 0.0002 1.0000 1.0000 0.0994 0.0070 0.0005 1.0000 1.0000 0.3070 0.0217 0.0015 0.0001 1.0000 0.9700 0.0690 0.0049 0.0004 1.0000 1.0000 0.2256 0.0162 0.0012 0.0001 1.0000 0.7490 0.0537 0.0039 0.0003 1.0000 1.0000 0.1792 0.0129 0.0009 0.0001 1.0000 0.6007 0.0431 0.0031 0.0002 1.0000 1.0000 0.1386
1.0000 1.0000 0.0002 0.0032 0.0441 0.6146 1.0000 0.0001 0.0009 0.0132 0.1837 1.0000 1.0000 0.0003 0.0039 0.0550 0.7662 1.0000 0.0001 0.0012 0.0165 0.2308 1.0000 1.0000 0.0004 0.0050 0.0702 0.9830 1.0000 0.0001 0.0016 0.0218 0.3081 1.0000 1.0000 0.0005 0.0070 0.0990 1.0000 1.0000 0.0002 0.0022 0.0296 0.3976 1.0000 1.0000 0.0004 0.0041 0.0315 0.1378 0.2151 0.1376 0.0314 0.0041 0.0004 1.0000 1.0000 0.3976 0.0296 0.0022 0.0002 1.0000 1.0000 0.0988 0.0070 0.0005 1.0000 1.0000 0.3075 0.0218 0.0015 0.0001 1.0000 0.9812 0.0700 0.0050 0.0004 1.0000 1.0000 0.2299 0.0165 0.0012 0.0001 1.0000 0.7648 0.0548 0.0039 0.0003 1.0000 1.0000 0.1830 0.0131 0.0009 0.0001 1.0000 0.6122 0.0440 0.0032 0.0002 1.0000 1.0000
1.0000 0.0002 0.0032 0.0445 0.6192 1.0000 0.0001 0.0010 0.0133 0.1851 1.0000 1.0000 0.0003 0.0040 0.0554 0.7736 1.0000 0.0001 0.0012 0.0167 0.2325 1.0000 1.0000 0.0004 0.0050 0.0706 0.9887 1.0000 0.0001 0.0015 0.0218 0.3070 1.0000 1.0000 0.0005 0.0069 0.0977 1.0000 1.0000 0.0002 0.0022 0.0301 0.4122 1.0000 0.0000 0.0005 0.0057 0.0574 0.4482 1.0000 1.0000 1.0000 0.4465 0.0571 0.0057 0.0005 0.0000 1.0000 0.4106 0.0300 0.0022 0.0002 1.0000 1.0000 0.0973 0.0069 0.0005 1.0000 1.0000 0.3052 0.0217 0.0015 0.0001 1.0000 0.9830 0.0702 0.0050 0.0004 1.0000 1.0000 0.2312 0.0166 0.0012 0.0001 1.0000 0.7692 0.0551 0.0039 0.0003 1.0000 1.0000 0.1840 0.0132 0.0009 0.0001 1.0000 0.6157 0.0441 0.0032 0.0002 1.0000
0.0002 0.0031 0.0439 0.6122 1.0000 0.0001 0.0009 0.0131 0.1830 1.0000 1.0000 0.0003 0.0039 0.0549 0.7662 1.0000 0.0001 0.0012 0.0165 0.2303 1.0000 1.0000 0.0004 0.0050 0.0699 0.9774 1.0000 0.0001 0.0015 0.0215 0.3018 1.0000 1.0000 0.0005 0.0068 0.0955 1.0000 1.0000 0.0002 0.0021 0.0298 0.4138 1.0000 0.0000 0.0006 0.0069 0.0790 0.7960 1.0000 1.0000 1.0000 1.0000 1.0000 0.7854 0.0781 0.0068 0.0006 0.0000 1.0000 0.4106 0.0296 0.0021 0.0002 1.0000 1.0000 0.0946 0.0067 0.0005 1.0000 1.0000 0.2989 0.0213 0.0015 0.0001 1.0000 0.9682 0.0691 0.0049 0.0004 1.0000 1.0000 0.2277 0.0163 0.0012 0.0001 1.0000 0.7561 0.0542 0.0039 0.0003 1.0000 1.0000 0.1802 0.0129 0.0009 0.0001 1.0000 0.6030 0.0432 0.0031 0.0002
0.0029 0.0420 0.5860 1.0000 0.0001 0.0009 0.0126 0.1755 1.0000 1.0000 0.0003 0.0038 0.0528 0.7376 1.0000 0.0001 0.0011 0.0159 0.2226 1.0000 1.0000 0.0003 0.0048 0.0676 0.9463 1.0000 0.0001 0.0015 0.0207 0.2910 1.0000 1.0000 0.0005 0.0065 0.0916 1.0000 1.0000 0.0001 0.0021 0.0289 0.4029 1.0000 0.0000 0.0006 0.0075 0.0935 1.0000 1.0000 0.0000 0.0002 0.0003 0.0002 0.0000 1.0000 1.0000 0.0875 0.0074 0.0006 0.0000 1.0000 0.3976 0.0284 0.0020 0.0001 1.0000 1.0000 0.0900 0.0064 0.0005 1.0000 1.0000 0.2861 0.0203 0.0014 0.0001 1.0000 0.9267 0.0662 0.0047 0.0003 1.0000 1.0000 0.2176 0.0155 0.0011 0.0001 1.0000 0.7183 0.0514 0.0037 0.0003 1.0000 1.0000 0.1706 0.0122 0.0009 0.0001 1.0000 0.5685 0.0407 0.0028
0.0368 0.5369 1.0000 0.0001 0.0008 0.0115 0.1608 1.0000 1.0000 0.0002 0.0035 0.0486 0.6797 1.0000 0.0001 0.0011 0.0147 0.2063 1.0000 1.0000 0.0003 0.0045 0.0630 0.8837 1.0000 0.0001 0.0014 0.0194 0.2723 1.0000 1.0000 0.0004 0.0060 0.0854 1.0000 1.0000 0.0001 0.0019 0.0271 0.3798 1.0000 0.0000 0.0006 0.0076 0.0975 1.0000 1.0000 0.0001 0.0006 0.0027 0.0043 0.0027 0.0006 0.0001 1.0000 1.0000 0.0939 0.0073 0.0005 0.0000 1.0000 0.3699 0.0263 0.0019 0.0001 1.0000 1.0000 0.0828 0.0059 0.0004 1.0000 1.0000 0.2631 0.0187 0.0013 0.0001 1.0000 0.8507 0.0605 0.0043 0.0003 1.0000 1.0000 0.1975 0.0141 0.0010 0.0001 1.0000 0.6482 0.0462 0.0033 0.0002 1.0000 1.0000 0.1522 0.0109 0.0008 0.0001 1.0000 0.5052 0.0347
0.4372 1.0000 0.0000 0.0007 0.0098 0.1373 1.0000 1.0000 0.0002 0.0030 0.0418 0.5882 1.0000 0.0001 0.0009 0.0128 0.1802 1.0000 1.0000 0.0003 0.0039 0.0555 0.7810 1.0000 0.0001 0.0012 0.0172 0.2425 1.0000 1.0000 0.0004 0.0054 0.0763 1.0000 1.0000 0.0001 0.0017 0.0243 0.3428 1.0000 0.0000 0.0005 0.0072 0.0949 1.0000 1.0000 0.0001 0.0010 0.0075 0.0345 0.0557 0.0332 0.0073 0.0009 0.0001 1.0000 1.0000 0.0923 0.0067 0.0005 1.0000 1.0000 0.3250 0.0230 0.0016 0.0001 1.0000 1.0000 0.0718 0.0051 0.0004 1.0000 1.0000 0.2269 0.0161 0.0011 0.0001 1.0000 0.7265 0.0515 0.0036 0.0003 1.0000 1.0000 0.1658 0.0117 0.0008 0.0001 1.0000 0.5349 0.0380 0.0027 0.0002 1.0000 1.0000 0.1232 0.0087 0.0006 0.0000 1.0000 0.3886
1.0000 0.0000 0.0005 0.0073 0.1036 1.0000 1.0000 0.0002 0.0023 0.0322 0.4550 1.0000 0.0001 0.0007 0.0101 0.1424 1.0000 1.0000 0.0002 0.0032 0.0447 0.6323 1.0000 0.0001 0.0010 0.0141 0.1990 1.0000 1.0000 0.0003 0.0045 0.0632 0.8973 1.0000 0.0001 0.0014 0.0203 0.2883 1.0000 1.0000 0.0005 0.0062 0.0855 1.0000 1.0000 0.0001 0.0012 0.0115 0.0890 0.3791 0.6216 0.3699 0.0825 0.0106 0.0011 0.0001 1.0000 1.0000 0.0800 0.0057 0.0004 1.0000 1.0000 0.2616 0.0184 0.0013 0.0001 1.0000 0.8066 0.0566 0.0040 0.0003 1.0000 1.0000 0.1758 0.0124 0.0009 0.0001 1.0000 0.5504 0.0387 0.0027 0.0002 1.0000 1.0000 0.1211 0.0085 0.0006 0.0000 1.0000 0.3791 0.0266 0.0019 0.0001 1.0000 1.0000 0.0836 0.0059 0.0004 1.0000 1.0000
1.0000 0.0003 0.0043 0.0612 0.8770 1.0000 0.0001 0.0014 0.0200 0.2861 1.0000 1.0000 0.0005 0.0065 0.0935 1.0000 1.0000 0.0001 0.0021 0.0304 0.4356 1.0000 0.0000 0.0007 0.0099 0.1416 1.0000 1.0000 0.0002 0.0032 0.0461 0.6594 1.0000 0.0001 0.0011 0.0152 0.2163 1.0000 1.0000 0.0003 0.0048 0.0674 0.9267 1.0000 0.0001 0.0011 0.0125 0.1179 0.8654 1.0000 1.0000 1.0000 0.7633 0.1056 0.0105 0.0010 0.0001 1.0000 0.8036 0.0574 0.0041 0.0003 1.0000 1.0000 0.1806 0.0126 0.0009 0.0001 1.0000 0.5390 0.0374 0.0026 0.0002 1.0000 1.0000 0.1118 0.0078 0.0005 0.0000 1.0000 0.3331 0.0231 0.0016 0.0001 1.0000 0.9868 0.0681 0.0047 0.0003 1.0000 1.0000 0.1990 0.0136 0.0009 0.0001 1.0000 0.5772 0.0395 0.0027 0.0002 1.0000
0.0001 0.0013 0.0194 0.2922 1.0000 1.0000 0.0005 0.0074 0.1101 1.0000 1.0000 0.0002 0.0027 0.0404 0.5961 1.0000 0.0001 0.0010 0.0145 0.2127 1.0000 1.0000 0.0003 0.0051 0.0744 1.0000 1.0000 0.0001 0.0018 0.0259 0.3755 1.0000 0.0000 0.0006 0.0089 0.1295 1.0000 1.0000 0.0002 0.0030 0.0428 0.6030 1.0000 0.0001 0.0008 0.0094 0.1070 1.0000 1.0000 1.0000 1.0000 1.0000 1.0000 0.7576 0.0811 0.0071 0.0006 0.0000 1.0000 0.4473 0.0314 0.0022 0.0002 1.0000 1.0000 0.0918 0.0063 0.0004 1.0000 1.0000 0.2548 0.0172 0.0012 0.0001 1.0000 0.6954 0.0469 0.0031 0.0002 1.0000 1.0000 0.1244 0.0083 0.0005 0.0000 1.0000 0.3201 0.0211 0.0014 0.0001 1.0000 0.7944 0.0518 0.0034 0.0002 1.0000 1.0000 0.1223 0.0078 0.0005 0.0000
0.0001 0.0016 0.0256 0.4099 1.0000 0.0000 0.0008 0.0122 0.1937 1.0000 1.0000 0.0004 0.0057 0.0899 1.0000 1.0000 0.0002 0.0026 0.0404 0.6323 1.0000 0.0001 0.0011 0.0175 0.2713 1.0000 1.0000 0.0005 0.0073 0.1118 1.0000 1.0000 0.0002 0.0029 0.0445 0.6695 1.0000 0.0001 0.0011 0.0167 0.2443 1.0000 1.0000 0.0003 0.0045 0.0556 0.6111 1.0000 1.0000 1.0000 1.0000 1.0000 1.0000 1.0000 0.3480 0.0320 0.0027 0.0002 1.0000 1.0000 0.1376 0.0092 0.0006 0.0000 1.0000 0.3534 0.0229 0.0015 0.0001 1.0000 0.8315 0.0534 0.0034 0.0002 1.0000 1.0000 0.1195 0.0076 0.0005 0.0000 1.0000 0.2602 0.0163 0.0010 0.0001 1.0000 0.5535 0.0346 0.0022 0.0001 1.0000 1.0000 0.0723 0.0045 0.0003 1.0000 1.0000 0.1499 0.0093 0.0006 0.0000
0.0001 0.0013 0.0209 0.3363 1.0000 0.0000 0.0006 0.0101 0.1629 1.0000 1.0000 0.0003 0.0049 0.0787 1.0000 1.0000 0.0001 0.0024 0.0380 0.6087 1.0000 0.0001 0.0011 0.0182 0.2910 1.0000 0.0000 0.0005 0.0086 0.1376 1.0000 1.0000 0.0003 0.0040 0.0637 1.0000 1.0000 0.0001 0.0018 0.0276 0.4209 1.0000 0.0000 0.0006 0.0083 0.1007 1.0000 1.0000 1.0000 1.0000 1.0000 1.0000 1.0000 1.0000 0.5535 0.0541 0.0043 0.0003 1.0000 1.0000 0.2147 0.0139 0.0009 0.0001 1.0000 0.4938 0.0310 0.0019 0.0001 1.0000 1.0000 0.0650 0.0041 0.0003 1.0000 1.0000 0.1350 0.0084 0.0005 0.0000 1.0000 0.2786 0.0173 0.0011 0.0001 1.0000 0.5750 0.0357 0.0022 0.0001 1.0000 1.0000 0.0734 0.0046 0.0003 1.0000 1.0000 0.1510 0.0094 0.0006 0.0000
0.0001 0.0010 0.0168 0.2687 1.0000 0.0000 0.0005 0.0080 0.1270 1.0000 1.0000 0.0002 0.0037 0.0592 0.9374 1.0000 0.0001 0.0017 0.0269 0.4233 1.0000 0.0000 0.0008 0.0119 0.1851 1.0000 1.0000 0.0003 0.0051 0.0782 1.0000 1.0000 0.0001 0.0021 0.0319 0.4845 1.0000 0.0001 0.0008 0.0123 0.1809 1.0000 1.0000 0.0003 0.0035 0.0425 0.4611 1.0000 1.0000 1.0000 1.0000 1.0000 1.0000 1.0000 0.3487 0.0327 0.0026 0.0002 1.0000 1.0000 0.1376 0.0092 0.0006 0.0000 1.0000 0.3534 0.0229 0.0015 0.0001 1.0000 0.8315 0.0534 0.0034 0.0002 1.0000 1.0000 0.1195 0.0076 0.0005 0.0000 1.0000 0.2602 0.0163 0.0010 0.0001 1.0000 0.5535 0.0346 0.0022 0.0001 1.0000 1.0000 0.0723 0.0045 0.0003 1.0000 1.0000 0.1499 0.0093 0.0006 0.0000
0.0000 0.0007 0.0106 0.1629 1.0000 1.0000 0.0003 0.0043 0.0659 1.0000 1.0000 0.0001 0.0017 0.0258 0.3879 1.0000 0.0000 0.0007 0.0098 0.1459 1.0000 1.0000 0.0002 0.0036 0.0536 0.7899 1.0000 0.0001 0.0013 0.0193 0.2839 1.0000 1.0000 0.0005 0.0069 0.1009 1.0000 1.0000 0.0002 0.0024 0.0341 0.4836 1.0000 0.0000 0.0006 0.0080 0.0914 0.8190 1.0000 1.0000 1.0000 1.0000 1.0000 0.7633 0.0814 0.0072 0.0006 0.0000 1.0000 0.4456 0.0314 0.0022 0.0002 1.0000 1.0000 0.0918 0.0063 0.0004 1.0000 1.0000 0.2548 0.0172 0.0012 0.0001 1.0000 0.6954 0.0469 0.0031 0.0002 1.0000 1.0000 0.1244 0.0083 0.0005 0.0000 1.0000 0.3201 0.0211 0.0014 0.0001 1.0000 0.7944 0.0518 0.0034 0.0002 1.0000 1.0000 0.1223 0.0078 0.0005 0.0000
1.0000 0.0002 0.0029 0.0429 0.6228 1.0000 0.0001 0.0010 0.0146 0.2123 1.0000 1.0000 0.0003 0.0050 0.0719 1.0000 1.0000 0.0001 0.0017 0.0242 0.3487 1.0000 0.0000 0.0006 0.0081 0.1164 1.0000 1.0000 0.0002 0.0027 0.0388 0.5567 1.0000 0.0001 0.0009 0.0129 0.1858 1.0000 1.0000 0.0003 0.0042 0.0587 0.8097 1.0000 0.0001 0.0009 0.0111 0.1076 0.7854 1.0000 1.0000 1.0000 0.7475 0.0990 0.0104 0.0009 0.0001 1.0000 0.7795 0.0570 0.0041 0.0003 1.0000 1.0000 0.1806 0.0126 0.0009 0.0001 1.0000 0.5390 0.0374 0.0026 0.0002 1.0000 1.0000 0.1118 0.0078 0.0005 0.0000 1.0000 0.3331 0.0231 0.0016 0.0001 1.0000 0.9868 0.0681 0.0047 0.0003 1.0000 1.0000 0.1990 0.0136 0.0009 0.0001 1.0000 0.5772 0.0395 0.0027 0.0002 1.0000
1.0000 1.0000 0.0004 0.0060 0.0857 1.0000 1.0000 0.0001 0.0019 0.0272 0.3864 1.0000 0.0000 0.0006 0.0087 0.1232 1.0000 1.0000 0.0002 0.0028 0.0393 0.5577 1.0000 0.0001 0.0009 0.0126 0.1782 1.0000 1.0000 0.0003 0.0040 0.0573 0.8159 1.0000 0.0001 0.0013 0.0186 0.2641 1.0000 1.0000 0.0004 0.0058 0.0790 1.0000 1.0000 0.0001 0.0011 0.0108 0.0833 0.3608 0.5663 0.3513 0.0781 0.0101 0.0010 0.0001 1.0000 1.0000 0.0770 0.0057 0.0004 1.0000 1.0000 0.2616 0.0184 0.0013 0.0001 1.0000 0.8066 0.0566 0.0040 0.0003 1.0000 1.0000 0.1758 0.0124 0.0009 0.0001 1.0000 0.5504 0.0387 0.0027 0.0002 1.0000 1.0000 0.1211 0.0085 0.0006 0.0000 1.0000 0.3791 0.0266 0.0019 0.0001 1.0000 1.0000 0.0836 0.0059 0.0004 1.0000 1.0000
0.3916 1.0000 0.0000 0.0006 0.0088 0.1241 1.0000 1.0000 0.0002 0.0027 0.0382 0.5380 1.0000 0.0001 0.0008 0.0118 0.1667 1.0000 1.0000 0.0003 0.0037 0.0518 0.7293 1.0000 0.0001 0.0011 0.0161 0.2277 1.0000 1.0000 0.0004 0.0051 0.0722 1.0000 1.0000 0.0001 0.0016 0.0231 0.3262 1.0000 1.0000 0.0005 0.0069 0.0923 1.0000 1.0000 0.0001 0.0009 0.0074 0.0331 0.0532 0.0321 0.0070 0.0009 0.0001 1.0000 1.0000 0.0882 0.0066 0.0005 1.0000 1.0000 0.3250 0.0230 0.0016 0.0001 1.0000 1.0000 0.0718 0.0051 0.0004 1.0000 1.0000 0.2269 0.0161 0.0011 0.0001 1.0000 0.7265 0.0515 0.0036 0.0003 1.0000 1.0000 0.1658 0.0117 0.0008 0.0001 1.0000 0.5349 0.0380 0.0027 0.0002 1.0000 1.0000 0.1232 0.0087 0.0006 0.0000 1.0000 0.3886
