0.0004 0.0057 0.0842 1.0000 1.0000 0.0002 0.0023 0.0331 0.4864 1.0000 0.0001 0.0009 0.0129 0.1901 1.0000 1.0000 0.0003 0.0050 0.0741 1.0000 1.0000 0.0001 0.0020 0.0289 0.4249 1.0000 0.0001 0.0008 0.0113 0.1661 1.0000 1.0000 0.0003 0.0044 0.0648 0.9518 1.0000 0.0001 0.0017 0.0253 0.3713 1.0000 0.0000 0.0007 0.0099 0.1448 1.0000 1.0000 0.0002 0.0031 0.0168 0.0031 0.0002 1.0000 1.0000 0.1448 0.0099 0.0007 0.0000 1.0000 0.3713 0.0253 0.0017 0.0001 1.0000 0.9518 0.0648 0.0044 0.0003 1.0000 1.0000 0.1661 0.0113 0.0008 0.0001 1.0000 0.4249 0.0289 0.0020 0.0001 1.0000 1.0000 0.0741 0.0050 0.0003 1.0000 1.0000 0.1901 0.0129 0.0009 0.0001 1.0000 0.4864 0.0331 0.0023 0.0002 1.0000 1.0000 0.0842 0.0057 0.0004
0.0057 0.0854 1.0000 1.0000 0.0002 0.0022 0.0327 0.4809 1.0000 0.0001 0.0009 0.0128 0.1876 1.0000 1.0000 0.0003 0.0050 0.0733 1.0000 1.0000 0.0001 0.0019 0.0286 0.4201 1.0000 0.0001 0.0008 0.0112 0.1639 1.0000 1.0000 0.0003 0.0044 0.0640 0.9410 1.0000 0.0001 0.0017 0.0250 0.3671 1.0000 0.0000 0.0007 0.0097 0.1432 1.0000 1.0000 0.0003 0.0036 0.0445 0.2411 0.0445 0.0036 0.0003 1.0000 1.0000 0.1432 0.0097 0.0007 0.0000 1.0000 0.3671 0.0250 0.0017 0.0001 1.0000 0.9410 0.0640 0.0044 0.0003 1.0000 1.0000 0.1639 0.0112 0.0008 0.0001 1.0000 0.4201 0.0286 0.0019 0.0001 1.0000 1.0000 0.0733 0.0050 0.0003 1.0000 1.0000 0.1876 0.0128 0.0009 0.0001 1.0000 0.4809 0.0327 0.0022 0.0002 1.0000 1.0000 0.0854 0.0057
0.0842 1.0000 1.0000 0.0001 0.0021 0.0313 0.4585 1.0000 0.0001 0.0008 0.0121 0.1782 1.0000 1.0000 0.0003 0.0047 0.0695 1.0000 1.0000 0.0001 0.0018 0.0271 0.3983 1.0000 0.0000 0.0007 0.0106 0.1554 1.0000 1.0000 0.0003 0.0041 0.0607 0.8922 1.0000 0.0001 0.0016 0.0237 0.3480 1.0000 0.0000 0.0006 0.0092 0.1358 1.0000 1.0000 0.0002 0.0036 0.0500 0.6204 1.0000 0.6204 0.0500 0.0036 0.0002 1.0000 1.0000 0.1358 0.0092 0.0006 0.0000 1.0000 0.3480 0.0237 0.0016 0.0001 1.0000 0.8922 0.0607 0.0041 0.0003 1.0000 1.0000 0.1554 0.0106 0.0007 0.0000 1.0000 0.3983 0.0271 0.0018 0.0001 1.0000 1.0000 0.0695 0.0047 0.0003 1.0000 1.0000 0.1782 0.0121 0.0008 0.0001 1.0000 0.4585 0.0313 0.0021 0.0001 1.0000 1.0000 0.0842
1.0000 1.0000 0.0001 0.0021 0.0305 0.4431 1.0000 0.0001 0.0008 0.0115 0.1693 1.0000 1.0000 0.0003 0.0045 0.0659 0.9682 1.0000 0.0001 0.0017 0.0257 0.3777 1.0000 0.0000 0.0007 0.0100 0.1473 1.0000 1.0000 0.0003 0.0039 0.0576 0.8459 1.0000 0.0001 0.0015 0.0225 0.3300 1.0000 0.0000 0.0006 0.0088 0.1287 1.0000 1.0000 0.0002 0.0034 0.0495 0.6967 1.0000 1.0000 1.0000 0.6967 0.0495 0.0034 0.0002 1.0000 1.0000 0.1287 0.0088 0.0006 0.0000 1.0000 0.3300 0.0225 0.0015 0.0001 1.0000 0.8459 0.0576 0.0039 0.0003 1.0000 1.0000 0.1473 0.0100 0.0007 0.0000 1.0000 0.3777 0.0257 0.0017 0.0001 1.0000 0.9682 0.0659 0.0045 0.0003 1.0000 1.0000 0.1693 0.0115 0.0008 0.0001 1.0000 0.4431 0.0305 0.0021 0.0001 1.0000 1.0000
1.0000 0.0002 0.0021 0.0305 0.4372 1.0000 0.0001 0.0008 0.0111 0.1617 1.0000 1.0000 0.0003 0.0043 0.0626 0.9180 1.0000 0.0001 0.0017 0.0244 0.3581 1.0000 0.0000 0.0006 0.0095 0.1400 1.0000 1.0000 0.0003 0.0037 0.0546 0.8020 1.0000 0.0001 0.0014 0.0213 0.3129 1.0000 0.0000 0.0006 0.0083 0.1220 1.0000 1.0000 0.0002 0.0032 0.0474 0.6888 1.0000 0.0001 0.0004 0.0001 1.0000 0.6888 0.0474 0.0032 0.0002 1.0000 1.0000 0.1220 0.0083 0.0006 0.0000 1.0000 0.3129 0.0213 0.0014 0.0001 1.0000 0.8020 0.0546 0.0037 0.0003 1.0000 1.0000 0.1400 0.0095 0.0006 0.0000 1.0000 0.3581 0.0244 0.0017 0.0001 1.0000 0.9180 0.0626 0.0043 0.0003 1.0000 1.0000 0.1617 0.0111 0.0008 0.0001 1.0000 0.4372 0.0305 0.0021 0.0002 1.0000
0.0002 0.0022 0.0313 0.4431 1.0000 0.0001 0.0007 0.0108 0.1563 1.0000 1.0000 0.0003 0.0041 0.0596 0.8737 1.0000 0.0001 0.0016 0.0232 0.3402 1.0000 0.0000 0.0006 0.0090 0.1327 1.0000 1.0000 0.0002 0.0035 0.0518 0.7604 1.0000 0.0001 0.0014 0.0202 0.2966 1.0000 1.0000 0.0005 0.0079 0.1157 1.0000 1.0000 0.0002 0.0031 0.0451 0.6606 1.0000 0.0001 0.0010 0.0052 0.0010 0.0001 1.0000 0.6606 0.0451 0.0031 0.0002 1.0000 1.0000 0.1157 0.0079 0.0005 1.0000 1.0000 0.2966 0.0202 0.0014 0.0001 1.0000 0.7604 0.0518 0.0035 0.0002 1.0000 1.0000 0.1327 0.0090 0.0006 0.0000 1.0000 0.3402 0.0232 0.0016 0.0001 1.0000 0.8737 0.0596 0.0041 0.0003 1.0000 1.0000 0.1563 0.0108 0.0007 0.0001 1.0000 0.4431 0.0313 0.0022 0.0002
0.0023 0.0327 0.4585 1.0000 0.0001 0.0007 0.0106 0.1530 1.0000 1.0000 0.0003 0.0039 0.0569 0.8331 1.0000 0.0001 0.0015 0.0220 0.3225 1.0000 0.0000 0.0006 0.0086 0.1258 1.0000 1.0000 0.0002 0.0033 0.0491 0.7210 1.0000 0.0001 0.0013 0.0191 0.2813 1.0000 1.0000 0.0005 0.0075 0.1097 1.0000 1.0000 0.0002 0.0029 0.0428 0.6287 1.0000 0.0001 0.0011 0.0133 0.0719 0.0133 0.0011 0.0001 1.0000 0.6287 0.0428 0.0029 0.0002 1.0000 1.0000 0.1097 0.0075 0.0005 1.0000 1.0000 0.2813 0.0191 0.0013 0.0001 1.0000 0.7210 0.0491 0.0033 0.0002 1.0000 1.0000 0.1258 0.0086 0.0006 0.0000 1.0000 0.3225 0.0220 0.0015 0.0001 1.0000 0.8331 0.0569 0.0039 0.0003 1.0000 1.0000 0.1530 0.0106 0.0007 0.0001 1.0000 0.4585 0.0327 0.0023
0.0331 0.4809 1.0000 0.0001 0.0008 0.0108 0.1530 1.0000 1.0000 0.0003 0.0038 0.0549 0.8005 1.0000 0.0001 0.0014 0.0209 0.3070 1.0000 0.0000 0.0006 0.0081 0.1193 1.0000 1.0000 0.0002 0.0032 0.0466 0.6836 1.0000 0.0001 0.0012 0.0182 0.2672 1.0000 1.0000 0.0005 0.0071 0.1042 1.0000 1.0000 0.0002 0.0028 0.0407 0.5973 1.0000 0.0001 0.0011 0.0150 0.1858 1.0000 0.1858 0.0150 0.0011 0.0001 1.0000 0.5973 0.0407 0.0028 0.0002 1.0000 1.0000 0.1042 0.0071 0.0005 1.0000 1.0000 0.2672 0.0182 0.0012 0.0001 1.0000 0.6836 0.0466 0.0032 0.0002 1.0000 1.0000 0.1193 0.0081 0.0006 0.0000 1.0000 0.3070 0.0209 0.0014 0.0001 1.0000 0.8005 0.0549 0.0038 0.0003 1.0000 1.0000 0.1530 0.0108 0.0008 0.0001 1.0000 0.4809 0.0331
0.4864 1.0000 0.0001 0.0008 0.0111 0.1563 1.0000 1.0000 0.0003 0.0037 0.0536 0.7765 1.0000 0.0001 0.0014 0.0200 0.2927 1.0000 1.0000 0.0005 0.0077 0.1133 1.0000 1.0000 0.0002 0.0030 0.0442 0.6494 1.0000 0.0001 0.0012 0.0172 0.2533 1.0000 1.0000 0.0005 0.0067 0.0988 1.0000 1.0000 0.0002 0.0026 0.0385 0.5663 1.0000 0.0001 0.0010 0.0148 0.2083 1.0000 1.0000 1.0000 0.2083 0.0148 0.0010 0.0001 1.0000 0.5663 0.0385 0.0026 0.0002 1.0000 1.0000 0.0988 0.0067 0.0005 1.0000 1.0000 0.2533 0.0172 0.0012 0.0001 1.0000 0.6494 0.0442 0.0030 0.0002 1.0000 1.0000 0.1133 0.0077 0.0005 1.0000 1.0000 0.2927 0.0200 0.0014 0.0001 1.0000 0.7765 0.0536 0.0037 0.0003 1.0000 1.0000 0.1563 0.0111 0.0008 0.0001 1.0000 0.4864
1.0000 0.0001 0.0008 0.0115 0.1617 1.0000 1.0000 0.0003 0.0037 0.0532 0.7648 1.0000 0.0001 0.0013 0.0193 0.2813 1.0000 1.0000 0.0005 0.0074 0.1078 1.0000 1.0000 0.0002 0.0029 0.0419 0.6157 1.0000 0.0001 0.0011 0.0163 0.2402 1.0000 1.0000 0.0004 0.0064 0.0937 1.0000 1.0000 0.0002 0.0025 0.0365 0.5369 1.0000 0.0001 0.0010 0.0142 0.2063 1.0000 1.0000 0.0001 1.0000 1.0000 0.2063 0.0142 0.0010 0.0001 1.0000 0.5369 0.0365 0.0025 0.0002 1.0000 1.0000 0.0937 0.0064 0.0004 1.0000 1.0000 0.2402 0.0163 0.0011 0.0001 1.0000 0.6157 0.0419 0.0029 0.0002 1.0000 1.0000 0.1078 0.0074 0.0005 1.0000 1.0000 0.2813 0.0193 0.0013 0.0001 1.0000 0.7648 0.0532 0.0037 0.0003 1.0000 1.0000 0.1617 0.0115 0.0008 0.0001 1.0000
0.0001 0.0009 0.0121 0.1693 1.0000 1.0000 0.0003 0.0038 0.0536 0.7648 1.0000 0.0001 0.0013 0.0187 0.2723 1.0000 1.0000 0.0005 0.0070 0.1028 1.0000 1.0000 0.0002 0.0027 0.0398 0.5849 1.0000 0.0001 0.0011 0.0155 0.2282 1.0000 1.0000 0.0004 0.0061 0.0890 1.0000 1.0000 0.0002 0.0024 0.0347 0.5101 1.0000 0.0001 0.0009 0.0135 0.1978 1.0000 1.0000 0.0003 0.0015 0.0003 1.0000 1.0000 0.1978 0.0135 0.0009 0.0001 1.0000 0.5101 0.0347 0.0024 0.0002 1.0000 1.0000 0.0890 0.0061 0.0004 1.0000 1.0000 0.2282 0.0155 0.0011 0.0001 1.0000 0.5849 0.0398 0.0027 0.0002 1.0000 1.0000 0.1028 0.0070 0.0005 1.0000 1.0000 0.2723 0.0187 0.0013 0.0001 1.0000 0.7648 0.0536 0.0038 0.0003 1.0000 1.0000 0.1693 0.0121 0.0009 0.0001
0.0009 0.0128 0.1782 1.0000 1.0000 0.0003 0.0039 0.0549 0.7765 1.0000 0.0001 0.0013 0.0185 0.2662 1.0000 1.0000 0.0005 0.0068 0.0986 1.0000 1.0000 0.0002 0.0026 0.0378 0.5556 1.0000 0.0001 0.0010 0.0147 0.2163 1.0000 1.0000 0.0004 0.0057 0.0844 1.0000 1.0000 0.0002 0.0022 0.0329 0.4836 1.0000 0.0001 0.0009 0.0128 0.1883 1.0000 1.0000 0.0003 0.0040 0.0215 0.0040 0.0003 1.0000 1.0000 0.1883 0.0128 0.0009 0.0001 1.0000 0.4836 0.0329 0.0022 0.0002 1.0000 1.0000 0.0844 0.0057 0.0004 1.0000 1.0000 0.2163 0.0147 0.0010 0.0001 1.0000 0.5556 0.0378 0.0026 0.0002 1.0000 1.0000 0.0986 0.0068 0.0005 1.0000 1.0000 0.2662 0.0185 0.0013 0.0001 1.0000 0.7765 0.0549 0.0039 0.0003 1.0000 1.0000 0.1782 0.0128 0.0009
0.0129 0.1876 1.0000 1.0000 0.0003 0.0041 0.0569 0.8005 1.0000 0.0001 0.0013 0.0185 0.2641 1.0000 1.0000 0.0005 0.0065 0.0953 1.0000 1.0000 0.0002 0.0025 0.0361 0.5288 1.0000 0.0001 0.0010 0.0140 0.2051 1.0000 1.0000 0.0004 0.0054 0.0800 1.0000 1.0000 0.0001 0.0021 0.0312 0.4585 1.0000 0.0001 0.0008 0.0122 0.1789 1.0000 1.0000 0.0003 0.0045 0.0556 0.3000 0.0556 0.0045 0.0003 1.0000 1.0000 0.1789 0.0122 0.0008 0.0001 1.0000 0.4585 0.0312 0.0021 0.0001 1.0000 1.0000 0.0800 0.0054 0.0004 1.0000 1.0000 0.2051 0.0140 0.0010 0.0001 1.0000 0.5288 0.0361 0.0025 0.0002 1.0000 1.0000 0.0953 0.0065 0.0005 1.0000 1.0000 0.2641 0.0185 0.0013 0.0001 1.0000 0.8005 0.0569 0.0041 0.0003 1.0000 1.0000 0.1876 0.0129
0.1901 1.0000 1.0000 0.0003 0.0043 0.0596 0.8331 1.0000 0.0001 0.0013 0.0187 0.2662 1.0000 1.0000 0.0004 0.0064 0.0928 1.0000 1.0000 0.0002 0.0024 0.0346 0.5052 1.0000 0.0001 0.0009 0.0133 0.1948 1.0000 1.0000 0.0004 0.0052 0.0760 1.0000 1.0000 0.0001 0.0020 0.0296 0.4356 1.0000 0.0001 0.0008 0.0116 0.1699 1.0000 1.0000 0.0003 0.0044 0.0625 0.7750 1.0000 0.7750 0.0625 0.0044 0.0003 1.0000 1.0000 0.1699 0.0116 0.0008 0.0001 1.0000 0.4356 0.0296 0.0020 0.0001 1.0000 1.0000 0.0760 0.0052 0.0004 1.0000 1.0000 0.1948 0.0133 0.0009 0.0001 1.0000 0.5052 0.0346 0.0024 0.0002 1.0000 1.0000 0.0928 0.0064 0.0004 1.0000 1.0000 0.2662 0.0187 0.0013 0.0001 1.0000 0.8331 0.0596 0.0043 0.0003 1.0000 1.0000 0.1901
1.0000 1.0000 0.0003 0.0045 0.0626 0.8737 1.0000 0.0001 0.0014 0.0193 0.2723 1.0000 1.0000 0.0004 0.0064 0.0916 1.0000 1.0000 0.0002 0.0023 0.0334 0.4864 1.0000 0.0001 0.0009 0.0127 0.1854 1.0000 1.0000 0.0003 0.0049 0.0721 1.0000 1.0000 0.0001 0.0019 0.0281 0.4130 1.0000 0.0001 0.0007 0.0110 0.1611 1.0000 1.0000 0.0003 0.0043 0.0618 0.8704 1.0000 1.0000 1.0000 0.8704 0.0618 0.0043 0.0003 1.0000 1.0000 0.1611 0.0110 0.0007 0.0001 1.0000 0.4130 0.0281 0.0019 0.0001 1.0000 1.0000 0.0721 0.0049 0.0003 1.0000 1.0000 0.1854 0.0127 0.0009 0.0001 1.0000 0.4864 0.0334 0.0023 0.0002 1.0000 1.0000 0.0916 0.0064 0.0004 1.0000 1.0000 0.2723 0.0193 0.0014 0.0001 1.0000 0.8737 0.0626 0.0045 0.0003 1.0000 1.0000
1.0000 0.0003 0.0047 0.0659 0.9180 1.0000 0.0001 0.0014 0.0200 0.2813 1.0000 1.0000 0.0005 0.0064 0.0916 1.0000 1.0000 0.0002 0.0022 0.0324 0.4700 1.0000 0.0001 0.0008 0.0121 0.1772 1.0000 1.0000 0.0003 0.0047 0.0685 1.0000 1.0000 0.0001 0.0018 0.0267 0.3916 1.0000 0.0000 0.0007 0.0104 0.1527 1.0000 1.0000 0.0003 0.0041 0.0594 0.8621 1.0000 0.0001 0.0005 0.0001 1.0000 0.8621 0.0594 0.0041 0.0003 1.0000 1.0000 0.1527 0.0104 0.0007 0.0000 1.0000 0.3916 0.0267 0.0018 0.0001 1.0000 1.0000 0.0685 0.0047 0.0003 1.0000 1.0000 0.1772 0.0121 0.0008 0.0001 1.0000 0.4700 0.0324 0.0022 0.0002 1.0000 1.0000 0.0916 0.0064 0.0005 1.0000 1.0000 0.2813 0.0200 0.0014 0.0001 1.0000 0.9180 0.0659 0.0047 0.0003 1.0000
0.0003 0.0050 0.0695 0.9682 1.0000 0.0001 0.0015 0.0209 0.2927 1.0000 1.0000 0.0005 0.0065 0.0928 1.0000 1.0000 0.0002 0.0022 0.0318 0.4594 1.0000 0.0001 0.0008 0.0117 0.1702 1.0000 1.0000 0.0003 0.0044 0.0652 0.9554 1.0000 0.0001 0.0017 0.0253 0.3720 1.0000 0.0000 0.0007 0.0099 0.1451 1.0000 1.0000 0.0003 0.0038 0.0565 0.8268 1.0000 0.0001 0.0012 0.0065 0.0012 0.0001 1.0000 0.8268 0.0565 0.0038 0.0003 1.0000 1.0000 0.1451 0.0099 0.0007 0.0000 1.0000 0.3720 0.0253 0.0017 0.0001 1.0000 0.9554 0.0652 0.0044 0.0003 1.0000 1.0000 0.1702 0.0117 0.0008 0.0001 1.0000 0.4594 0.0318 0.0022 0.0002 1.0000 1.0000 0.0928 0.0065 0.0005 1.0000 1.0000 0.2927 0.0209 0.0015 0.0001 1.0000 0.9682 0.0695 0.0050 0.0003
0.0050 0.0733 1.0000 1.0000 0.0001 0.0016 0.0220 0.3070 1.0000 1.0000 0.0005 0.0068 0.0953 1.0000 1.0000 0.0002 0.0022 0.0316 0.4542 1.0000 0.0001 0.0008 0.0113 0.1645 1.0000 1.0000 0.0003 0.0043 0.0621 0.9110 1.0000 0.0001 0.0016 0.0240 0.3527 1.0000 0.0000 0.0006 0.0094 0.1376 1.0000 1.0000 0.0002 0.0037 0.0537 0.7869 1.0000 0.0001 0.0013 0.0167 0.0900 0.0167 0.0013 0.0001 1.0000 0.7869 0.0537 0.0037 0.0002 1.0000 1.0000 0.1376 0.0094 0.0006 0.0000 1.0000 0.3527 0.0240 0.0016 0.0001 1.0000 0.9110 0.0621 0.0043 0.0003 1.0000 1.0000 0.1645 0.0113 0.0008 0.0001 1.0000 0.4542 0.0316 0.0022 0.0002 1.0000 1.0000 0.0953 0.0068 0.0005 1.0000 1.0000 0.3070 0.0220 0.0016 0.0001 1.0000 1.0000 0.0733 0.0050
0.0741 1.0000 1.0000 0.0001 0.0017 0.0232 0.3225 1.0000 1.0000 0.0005 0.0070 0.0986 1.0000 1.0000 0.0002 0.0022 0.0318 0.4542 1.0000 0.0001 0.0008 0.0111 0.1602 1.0000 1.0000 0.0003 0.0041 0.0596 0.8720 1.0000 0.0001 0.0016 0.0228 0.3350 1.0000 0.0000 0.0006 0.0089 0.1304 1.0000 1.0000 0.0002 0.0035 0.0509 0.7475 1.0000 0.0001 0.0013 0.0187 0.2325 1.0000 0.2325 0.0187 0.0013 0.0001 1.0000 0.7475 0.0509 0.0035 0.0002 1.0000 1.0000 0.1304 0.0089 0.0006 0.0000 1.0000 0.3350 0.0228 0.0016 0.0001 1.0000 0.8720 0.0596 0.0041 0.0003 1.0000 1.0000 0.1602 0.0111 0.0008 0.0001 1.0000 0.4542 0.0318 0.0022 0.0002 1.0000 1.0000 0.0986 0.0070 0.0005 1.0000 1.0000 0.3225 0.0232 0.0017 0.0001 1.0000 1.0000 0.0741
1.0000 1.0000 0.0001 0.0017 0.0244 0.3402 1.0000 0.0000 0.0005 0.0074 0.1028 1.0000 1.0000 0.0002 0.0023 0.0324 0.4594 1.0000 0.0001 0.0008 0.0109 0.1575 1.0000 1.0000 0.0003 0.0039 0.0575 0.8379 1.0000 0.0001 0.0015 0.0218 0.3195 1.0000 0.0000 0.0006 0.0084 0.1239 1.0000 1.0000 0.0002 0.0033 0.0483 0.7101 1.0000 0.0001 0.0013 0.0185 0.2611 1.0000 1.0000 1.0000 0.2611 0.0185 0.0013 0.0001 1.0000 0.7101 0.0483 0.0033 0.0002 1.0000 1.0000 0.1239 0.0084 0.0006 0.0000 1.0000 0.3195 0.0218 0.0015 0.0001 1.0000 0.8379 0.0575 0.0039 0.0003 1.0000 1.0000 0.1575 0.0109 0.0008 0.0001 1.0000 0.4594 0.0324 0.0023 0.0002 1.0000 1.0000 0.1028 0.0074 0.0005 0.0000 1.0000 0.3402 0.0244 0.0017 0.0001 1.0000 1.0000
1.0000 0.0001 0.0018 0.0257 0.3581 1.0000 0.0000 0.0006 0.0077 0.1078 1.0000 1.0000 0.0002 0.0024 0.0334 0.4700 1.0000 0.0001 0.0008 0.0109 0.1566 1.0000 1.0000 0.0003 0.0039 0.0559 0.8112 1.0000 0.0001 0.0014 0.0209 0.3052 1.0000 0.0000 0.0005 0.0080 0.1177 1.0000 1.0000 0.0002 0.0031 0.0458 0.6733 1.0000 0.0001 0.0012 0.0178 0.2582 1.0000 1.0000 0.0001 1.0000 1.0000 0.2582 0.0178 0.0012 0.0001 1.0000 0.6733 0.0458 0.0031 0.0002 1.0000 1.0000 0.1177 0.0080 0.0005 0.0000 1.0000 0.3052 0.0209 0.0014 0.0001 1.0000 0.8112 0.0559 0.0039 0.0003 1.0000 1.0000 0.1566 0.0109 0.0008 0.0001 1.0000 0.4700 0.0334 0.0024 0.0002 1.0000 1.0000 0.1078 0.0077 0.0006 0.0000 1.0000 0.3581 0.0257 0.0018 0.0001 1.0000
0.0001 0.0019 0.0271 0.3777 1.0000 0.0000 0.0006 0.0081 0.1133 1.0000 1.0000 0.0002 0.0025 0.0346 0.4864 1.0000 0.0001 0.0008 0.0111 0.1575 1.0000 1.0000 0.0003 0.0038 0.0547 0.7914 1.0000 0.0001 0.0014 0.0201 0.2933 1.0000 1.0000 0.0005 0.0077 0.1120 1.0000 1.0000 0.0002 0.0030 0.0435 0.6384 1.0000 0.0001 0.0012 0.0169 0.2481 1.0000 1.0000 0.0004 0.0019 0.0004 1.0000 1.0000 0.2481 0.0169 0.0012 0.0001 1.0000 0.6384 0.0435 0.0030 0.0002 1.0000 1.0000 0.1120 0.0077 0.0005 1.0000 1.0000 0.2933 0.0201 0.0014 0.0001 1.0000 0.7914 0.0547 0.0038 0.0003 1.0000 1.0000 0.1575 0.0111 0.0008 0.0001 1.0000 0.4864 0.0346 0.0025 0.0002 1.0000 1.0000 0.1133 0.0081 0.0006 0.0000 1.0000 0.3777 0.0271 0.0019 0.0001
0.0020 0.0286 0.3983 1.0000 0.0000 0.0006 0.0086 0.1193 1.0000 1.0000 0.0002 0.0026 0.0361 0.5052 1.0000 0.0001 0.0008 0.0113 0.1602 1.0000 1.0000 0.0003 0.0038 0.0542 0.7795 1.0000 0.0001 0.0013 0.0195 0.2834 1.0000 1.0000 0.0005 0.0073 0.1070 1.0000 1.0000 0.0002 0.0028 0.0413 0.6064 1.0000 0.0001 0.0011 0.0161 0.2361 1.0000 1.0000 0.0004 0.0050 0.0270 0.0050 0.0004 1.0000 1.0000 0.2361 0.0161 0.0011 0.0001 1.0000 0.6064 0.0413 0.0028 0.0002 1.0000 1.0000 0.1070 0.0073 0.0005 1.0000 1.0000 0.2834 0.0195 0.0013 0.0001 1.0000 0.7795 0.0542 0.0038 0.0003 1.0000 1.0000 0.1602 0.0113 0.0008 0.0001 1.0000 0.5052 0.0361 0.0026 0.0002 1.0000 1.0000 0.1193 0.0086 0.0006 0.0000 1.0000 0.3983 0.0286 0.0020
0.0289 0.4201 1.0000 0.0000 0.0006 0.0090 0.1258 1.0000 1.0000 0.0002 0.0027 0.0378 0.5288 1.0000 0.0001 0.0008 0.0117 0.1645 1.0000 1.0000 0.0003 0.0038 0.0542 0.7750 1.0000 0.0001 0.0013 0.0190 0.2760 1.0000 1.0000 0.0005 0.0070 0.1026 1.0000 1.0000 0.0002 0.0027 0.0393 0.5761 1.0000 0.0001 0.0010 0.0153 0.2243 1.0000 1.0000 0.0004 0.0056 0.0698 0.3762 0.0698 0.0056 0.0004 1.0000 1.0000 0.2243 0.0153 0.0010 0.0001 1.0000 0.5761 0.0393 0.0027 0.0002 1.0000 1.0000 0.1026 0.0070 0.0005 1.0000 1.0000 0.2760 0.0190 0.0013 0.0001 1.0000 0.7750 0.0542 0.0038 0.0003 1.0000 1.0000 0.1645 0.0117 0.0008 0.0001 1.0000 0.5288 0.0378 0.0027 0.0002 1.0000 1.0000 0.1258 0.0090 0.0006 0.0000 1.0000 0.4201 0.0289
0.4249 1.0000 0.0000 0.0007 0.0095 0.1327 1.0000 1.0000 0.0002 0.0029 0.0398 0.5556 1.0000 0.0001 0.0009 0.0121 0.1702 1.0000 1.0000 0.0003 0.0039 0.0547 0.7795 1.0000 0.0001 0.0013 0.0187 0.2702 1.0000 1.0000 0.0005 0.0068 0.0990 1.0000 1.0000 0.0002 0.0026 0.0375 0.5493 1.0000 0.0001 0.0010 0.0145 0.2127 1.0000 1.0000 0.0004 0.0056 0.0784 0.9719 1.0000 0.9719 0.0784 0.0056 0.0004 1.0000 1.0000 0.2127 0.0145 0.0010 0.0001 1.0000 0.5493 0.0375 0.0026 0.0002 1.0000 1.0000 0.0990 0.0068 0.0005 1.0000 1.0000 0.2702 0.0187 0.0013 0.0001 1.0000 0.7795 0.0547 0.0039 0.0003 1.0000 1.0000 0.1702 0.0121 0.0009 0.0001 1.0000 0.5556 0.0398 0.0029 0.0002 1.0000 1.0000 0.1327 0.0095 0.0007 0.0000 1.0000 0.4249
1.0000 0.0001 0.0007 0.0100 0.1400 1.0000 1.0000 0.0002 0.0030 0.0419 0.5849 1.0000 0.0001 0.0009 0.0127 0.1772 1.0000 1.0000 0.0003 0.0039 0.0559 0.7914 1.0000 0.0001 0.0013 0.0186 0.2677 1.0000 1.0000 0.0005 0.0066 0.0960 1.0000 1.0000 0.0002 0.0025 0.0360 0.5258 1.0000 0.0001 0.0009 0.0138 0.2024 1.0000 1.0000 0.0004 0.0053 0.0775 1.0000 1.0000 0.0000 1.0000 1.0000 0.0775 0.0053 0.0004 1.0000 1.0000 0.2024 0.0138 0.0009 0.0001 1.0000 0.5258 0.0360 0.0025 0.0002 1.0000 1.0000 0.0960 0.0066 0.0005 1.0000 1.0000 0.2677 0.0186 0.0013 0.0001 1.0000 0.7914 0.0559 0.0039 0.0003 1.0000 1.0000 0.1772 0.0127 0.0009 0.0001 1.0000 0.5849 0.0419 0.0030 0.0002 1.0000 1.0000 0.1400 0.0100 0.0007 0.0001 1.0000
0.0001 0.0008 0.0106 0.1473 1.0000 1.0000 0.0002 0.0032 0.0442 0.6157 1.0000 0.0001 0.0010 0.0133 0.1854 1.0000 1.0000 0.0003 0.0041 0.0575 0.8112 1.0000 0.0001 0.0013 0.0187 0.2677 1.0000 1.0000 0.0005 0.0065 0.0939 1.0000 1.0000 0.0002 0.0024 0.0346 0.5052 1.0000 0.0001 0.0009 0.0132 0.1926 1.0000 1.0000 0.0003 0.0051 0.0744 1.0000 1.0000 0.0001 0.0006 0.0001 1.0000 1.0000 0.0744 0.0051 0.0003 1.0000 1.0000 0.1926 0.0132 0.0009 0.0001 1.0000 0.5052 0.0346 0.0024 0.0002 1.0000 1.0000 0.0939 0.0065 0.0005 1.0000 1.0000 0.2677 0.0187 0.0013 0.0001 1.0000 0.8112 0.0575 0.0041 0.0003 1.0000 1.0000 0.1854 0.0133 0.0010 0.0001 1.0000 0.6157 0.0442 0.0032 0.0002 1.0000 1.0000 0.1473 0.0106 0.0008 0.0001
0.0008 0.0112 0.1554 1.0000 1.0000 0.0002 0.0033 0.0466 0.6494 1.0000 0.0001 0.0010 0.0140 0.1948 1.0000 1.0000 0.0003 0.0043 0.0596 0.8379 1.0000 0.0001 0.0013 0.0190 0.2702 1.0000 1.0000 0.0004 0.0064 0.0926 1.0000 1.0000 0.0002 0.0023 0.0335 0.4873 1.0000 0.0001 0.0009 0.0126 0.1840 1.0000 1.0000 0.0003 0.0048 0.0710 1.0000 1.0000 0.0001 0.0015 0.0081 0.0015 0.0001 1.0000 1.0000 0.0710 0.0048 0.0003 1.0000 1.0000 0.1840 0.0126 0.0009 0.0001 1.0000 0.4873 0.0335 0.0023 0.0002 1.0000 1.0000 0.0926 0.0064 0.0004 1.0000 1.0000 0.2702 0.0190 0.0013 0.0001 1.0000 0.8379 0.0596 0.0043 0.0003 1.0000 1.0000 0.1948 0.0140 0.0010 0.0001 1.0000 0.6494 0.0466 0.0033 0.0002 1.0000 1.0000 0.1554 0.0112 0.0008
0.0113 0.1639 1.0000 1.0000 0.0003 0.0035 0.0491 0.6836 1.0000 0.0001 0.0011 0.0147 0.2051 1.0000 1.0000 0.0003 0.0044 0.0621 0.8720 1.0000 0.0001 0.0014 0.0195 0.2760 1.0000 1.0000 0.0005 0.0064 0.0923 1.0000 1.0000 0.0002 0.0023 0.0327 0.4736 1.0000 0.0001 0.0008 0.0121 0.1765 1.0000 1.0000 0.0003 0.0046 0.0676 0.9905 1.0000 0.0001 0.0017 0.0209 0.1129 0.0209 0.0017 0.0001 1.0000 0.9905 0.0676 0.0046 0.0003 1.0000 1.0000 0.1765 0.0121 0.0008 0.0001 1.0000 0.4736 0.0327 0.0023 0.0002 1.0000 1.0000 0.0923 0.0064 0.0005 1.0000 1.0000 0.2760 0.0195 0.0014 0.0001 1.0000 0.8720 0.0621 0.0044 0.0003 1.0000 1.0000 0.2051 0.0147 0.0011 0.0001 1.0000 0.6836 0.0491 0.0035 0.0003 1.0000 1.0000 0.1639 0.0113
0.1661 1.0000 1.0000 0.0003 0.0037 0.0518 0.7210 1.0000 0.0001 0.0011 0.0155 0.2163 1.0000 1.0000 0.0003 0.0047 0.0652 0.9110 1.0000 0.0001 0.0014 0.0201 0.2834 1.0000 1.0000 0.0005 0.0065 0.0926 1.0000 1.0000 0.0002 0.0022 0.0321 0.4638 1.0000 0.0001 0.0008 0.0117 0.1702 1.0000 1.0000 0.0003 0.0044 0.0645 0.9445 1.0000 0.0001 0.0017 0.0236 0.2922 1.0000 0.2922 0.0236 0.0017 0.0001 1.0000 0.9445 0.0645 0.0044 0.0003 1.0000 1.0000 0.1702 0.0117 0.0008 0.0001 1.0000 0.4638 0.0321 0.0022 0.0002 1.0000 1.0000 0.0926 0.0065 0.0005 1.0000 1.0000 0.2834 0.0201 0.0014 0.0001 1.0000 0.9110 0.0652 0.0047 0.0003 1.0000 1.0000 0.2163 0.0155 0.0011 0.0001 1.0000 0.7210 0.0518 0.0037 0.0003 1.0000 1.0000 0.1661
1.0000 1.0000 0.0003 0.0039 0.0546 0.7604 1.0000 0.0001 0.0012 0.0163 0.2282 1.0000 1.0000 0.0004 0.0049 0.0685 0.9554 1.0000 0.0001 0.0015 0.0209 0.2933 1.0000 1.0000 0.0005 0.0066 0.0939 1.0000 1.0000 0.0002 0.0022 0.0318 0.4577 1.0000 0.0001 0.0008 0.0114 0.1651 1.0000 1.0000 0.0003 0.0042 0.0619 0.9041 1.0000 0.0001 0.0016 0.0234 0.3287 1.0000 1.0000 1.0000 0.3287 0.0234 0.0016 0.0001 1.0000 0.9041 0.0619 0.0042 0.0003 1.0000 1.0000 0.1651 0.0114 0.0008 0.0001 1.0000 0.4577 0.0318 0.0022 0.0002 1.0000 1.0000 0.0939 0.0066 0.0005 1.0000 1.0000 0.2933 0.0209 0.0015 0.0001 1.0000 0.9554 0.0685 0.0049 0.0004 1.0000 1.0000 0.2282 0.0163 0.0012 0.0001 1.0000 0.7604 0.0546 0.0039 0.0003 1.0000 1.0000
1.0000 0.0003 0.0041 0.0576 0.8020 1.0000 0.0001 0.0012 0.0172 0.2402 1.0000 1.0000 0.0004 0.0052 0.0721 1.0000 1.0000 0.0001 0.0016 0.0218 0.3052 1.0000 1.0000 0.0005 0.0068 0.0960 1.0000 1.0000 0.0002 0.0022 0.0318 0.4550 1.0000 0.0001 0.0008 0.0111 0.1611 1.0000 1.0000 0.0003 0.0041 0.0595 0.8687 1.0000 0.0001 0.0015 0.0225 0.3262 1.0000 1.0000 0.0002 1.0000 1.0000 0.3262 0.0225 0.0015 0.0001 1.0000 0.8687 0.0595 0.0041 0.0003 1.0000 1.0000 0.1611 0.0111 0.0008 0.0001 1.0000 0.4550 0.0318 0.0022 0.0002 1.0000 1.0000 0.0960 0.0068 0.0005 1.0000 1.0000 0.3052 0.0218 0.0016 0.0001 1.0000 1.0000 0.0721 0.0052 0.0004 1.0000 1.0000 0.2402 0.0172 0.0012 0.0001 1.0000 0.8020 0.0576 0.0041 0.0003 1.0000
0.0003 0.0044 0.0607 0.8459 1.0000 0.0001 0.0013 0.0182 0.2533 1.0000 1.0000 0.0004 0.0054 0.0760 1.0000 1.0000 0.0001 0.0016 0.0228 0.3195 1.0000 1.0000 0.0005 0.0070 0.0990 1.0000 1.0000 0.0002 0.0023 0.0321 0.4577 1.0000 0.0001 0.0008 0.0110 0.1584 1.0000 1.0000 0.0003 0.0040 0.0576 0.8379 1.0000 0.0001 0.0015 0.0216 0.3152 1.0000 1.0000 0.0005 0.0024 0.0005 1.0000 1.0000 0.3152 0.0216 0.0015 0.0001 1.0000 0.8379 0.0576 0.0040 0.0003 1.0000 1.0000 0.1584 0.0110 0.0008 0.0001 1.0000 0.4577 0.0321 0.0023 0.0002 1.0000 1.0000 0.0990 0.0070 0.0005 1.0000 1.0000 0.3195 0.0228 0.0016 0.0001 1.0000 1.0000 0.0760 0.0054 0.0004 1.0000 1.0000 0.2533 0.0182 0.0013 0.0001 1.0000 0.8459 0.0607 0.0044 0.0003
0.0044 0.0640 0.8922 1.0000 0.0001 0.0014 0.0191 0.2672 1.0000 1.0000 0.0004 0.0057 0.0800 1.0000 1.0000 0.0001 0.0017 0.0240 0.3350 1.0000 0.0000 0.0005 0.0073 0.1026 1.0000 1.0000 0.0002 0.0023 0.0327 0.4638 1.0000 0.0001 0.0008 0.0109 0.1569 1.0000 1.0000 0.0003 0.0039 0.0561 0.8128 1.0000 0.0001 0.0014 0.0208 0.3035 1.0000 1.0000 0.0005 0.0063 0.0341 0.0063 0.0005 1.0000 1.0000 0.3035 0.0208 0.0014 0.0001 1.0000 0.8128 0.0561 0.0039 0.0003 1.0000 1.0000 0.1569 0.0109 0.0008 0.0001 1.0000 0.4638 0.0327 0.0023 0.0002 1.0000 1.0000 0.1026 0.0073 0.0005 0.0000 1.0000 0.3350 0.0240 0.0017 0.0001 1.0000 1.0000 0.0800 0.0057 0.0004 1.0000 1.0000 0.2672 0.0191 0.0014 0.0001 1.0000 0.8922 0.0640 0.0044
0.0648 0.9410 1.0000 0.0001 0.0014 0.0202 0.2813 1.0000 1.0000 0.0004 0.0061 0.0844 1.0000 1.0000 0.0001 0.0018 0.0253 0.3527 1.0000 0.0000 0.0005 0.0077 0.1070 1.0000 1.0000 0.0002 0.0024 0.0335 0.4736 1.0000 0.0001 0.0008 0.0110 0.1569 1.0000 1.0000 0.0003 0.0038 0.0549 0.7944 1.0000 0.0001 0.0014 0.0201 0.2927 1.0000 1.0000 0.0005 0.0072 0.0887 0.4781 0.0887 0.0072 0.0005 1.0000 1.0000 0.2927 0.0201 0.0014 0.0001 1.0000 0.7944 0.0549 0.0038 0.0003 1.0000 1.0000 0.1569 0.0110 0.0008 0.0001 1.0000 0.4736 0.0335 0.0024 0.0002 1.0000 1.0000 0.1070 0.0077 0.0005 0.0000 1.0000 0.3527 0.0253 0.0018 0.0001 1.0000 1.0000 0.0844 0.0061 0.0004 1.0000 1.0000 0.2813 0.0202 0.0014 0.0001 1.0000 0.9410 0.0648
0.9518 1.0000 0.0001 0.0015 0.0213 0.2966 1.0000 1.0000 0.0005 0.0064 0.0890 1.0000 1.0000 0.0001 0.0019 0.0267 0.3720 1.0000 0.0000 0.0006 0.0080 0.1120 1.0000 1.0000 0.0002 0.0025 0.0346 0.4873 1.0000 0.0001 0.0008 0.0111 0.1584 1.0000 1.0000 0.0003 0.0038 0.0543 0.7810 1.0000 0.0001 0.0013 0.0195 0.2834 1.0000 1.0000 0.0005 0.0072 0.1005 1.0000 1.0000 1.0000 0.1005 0.0072 0.0005 1.0000 1.0000 0.2834 0.0195 0.0013 0.0001 1.0000 0.7810 0.0543 0.0038 0.0003 1.0000 1.0000 0.1584 0.0111 0.0008 0.0001 1.0000 0.4873 0.0346 0.0025 0.0002 1.0000 1.0000 0.1120 0.0080 0.0006 0.0000 1.0000 0.3720 0.0267 0.0019 0.0001 1.0000 1.0000 0.0890 0.0064 0.0005 1.0000 1.0000 0.2966 0.0213 0.0015 0.0001 1.0000 0.9518
1.0000 0.0001 0.0016 0.0225 0.3129 1.0000 1.0000 0.0005 0.0067 0.0937 1.0000 1.0000 0.0001 0.0020 0.0281 0.3916 1.0000 0.0000 0.0006 0.0084 0.1177 1.0000 1.0000 0.0002 0.0026 0.0360 0.5052 1.0000 0.0001 0.0008 0.0114 0.1611 1.0000 1.0000 0.0003 0.0038 0.0540 0.7750 1.0000 0.0001 0.0013 0.0191 0.2760 1.0000 1.0000 0.0005 0.0070 0.1007 1.0000 1.0000 0.0001 1.0000 1.0000 0.1007 0.0070 0.0005 1.0000 1.0000 0.2760 0.0191 0.0013 0.0001 1.0000 0.7750 0.0540 0.0038 0.0003 1.0000 1.0000 0.1611 0.0114 0.0008 0.0001 1.0000 0.5052 0.0360 0.0026 0.0002 1.0000 1.0000 0.1177 0.0084 0.0006 0.0000 1.0000 0.3916 0.0281 0.0020 0.0001 1.0000 1.0000 0.0937 0.0067 0.0005 1.0000 1.0000 0.3129 0.0225 0.0016 0.0001 1.0000
0.0001 0.0017 0.0237 0.3300 1.0000 1.0000 0.0005 0.0071 0.0988 1.0000 1.0000 0.0002 0.0021 0.0296 0.4130 1.0000 0.0000 0.0006 0.0089 0.1239 1.0000 1.0000 0.0002 0.0027 0.0375 0.5258 1.0000 0.0001 0.0008 0.0117 0.1651 1.0000 1.0000 0.0003 0.0038 0.0543 0.7750 1.0000 0.0001 0.0013 0.0187 0.2708 1.0000 1.0000 0.0005 0.0068 0.0984 1.0000 1.0000 0.0001 0.0008 0.0001 1.0000 1.0000 0.0984 0.0068 0.0005 1.0000 1.0000 0.2708 0.0187 0.0013 0.0001 1.0000 0.7750 0.0543 0.0038 0.0003 1.0000 1.0000 0.1651 0.0117 0.0008 0.0001 1.0000 0.5258 0.0375 0.0027 0.0002 1.0000 1.0000 0.1239 0.0089 0.0006 0.0000 1.0000 0.4130 0.0296 0.0021 0.0002 1.0000 1.0000 0.0988 0.0071 0.0005 1.0000 1.0000 0.3300 0.0237 0.0017 0.0001
0.0017 0.0250 0.3480 1.0000 0.0000 0.0005 0.0075 0.1042 1.0000 1.0000 0.0002 0.0022 0.0312 0.4356 1.0000 0.0000 0.0007 0.0094 0.1304 1.0000 1.0000 0.0002 0.0028 0.0393 0.5493 1.0000 0.0001 0.0009 0.0121 0.1702 1.0000 1.0000 0.0003 0.0039 0.0549 0.7810 1.0000 0.0001 0.0013 0.0186 0.2672 1.0000 1.0000 0.0005 0.0066 0.0959 1.0000 1.0000 0.0002 0.0020 0.0105 0.0020 0.0002 1.0000 1.0000 0.0959 0.0066 0.0005 1.0000 1.0000 0.2672 0.0186 0.0013 0.0001 1.0000 0.7810 0.0549 0.0039 0.0003 1.0000 1.0000 0.1702 0.0121 0.0009 0.0001 1.0000 0.5493 0.0393 0.0028 0.0002 1.0000 1.0000 0.1304 0.0094 0.0007 0.0000 1.0000 0.4356 0.0312 0.0022 0.0002 1.0000 1.0000 0.1042 0.0075 0.0005 0.0000 1.0000 0.3480 0.0250 0.0017
0.0253 0.3671 1.0000 0.0000 0.0006 0.0079 0.1097 1.0000 1.0000 0.0002 0.0024 0.0329 0.4585 1.0000 0.0001 0.0007 0.0099 0.1376 1.0000 1.0000 0.0002 0.0030 0.0413 0.5761 1.0000 0.0001 0.0009 0.0126 0.1765 1.0000 1.0000 0.0003 0.0040 0.0561 0.7944 1.0000 0.0001 0.0013 0.0186 0.2662 1.0000 1.0000 0.0005 0.0065 0.0939 1.0000 1.0000 0.0002 0.0022 0.0276 0.1482 0.0276 0.0022 0.0002 1.0000 1.0000 0.0939 0.0065 0.0005 1.0000 1.0000 0.2662 0.0186 0.0013 0.0001 1.0000 0.7944 0.0561 0.0040 0.0003 1.0000 1.0000 0.1765 0.0126 0.0009 0.0001 1.0000 0.5761 0.0413 0.0030 0.0002 1.0000 1.0000 0.1376 0.0099 0.0007 0.0001 1.0000 0.4585 0.0329 0.0024 0.0002 1.0000 1.0000 0.1097 0.0079 0.0006 0.0000 1.0000 0.3671 0.0253
0.3713 1.0000 0.0000 0.0006 0.0083 0.1157 1.0000 1.0000 0.0002 0.0025 0.0347 0.4836 1.0000 0.0001 0.0007 0.0104 0.1451 1.0000 1.0000 0.0002 0.0031 0.0435 0.6064 1.0000 0.0001 0.0009 0.0132 0.1840 1.0000 1.0000 0.0003 0.0041 0.0576 0.8128 1.0000 0.0001 0.0013 0.0187 0.2672 1.0000 1.0000 0.0004 0.0064 0.0925 1.0000 1.0000 0.0002 0.0023 0.0316 0.3893 1.0000 0.3893 0.0316 0.0023 0.0002 1.0000 1.0000 0.0925 0.0064 0.0004 1.0000 1.0000 0.2672 0.0187 0.0013 0.0001 1.0000 0.8128 0.0576 0.0041 0.0003 1.0000 1.0000 0.1840 0.0132 0.0009 0.0001 1.0000 0.6064 0.0435 0.0031 0.0002 1.0000 1.0000 0.1451 0.0104 0.0007 0.0001 1.0000 0.4836 0.0347 0.0025 0.0002 1.0000 1.0000 0.1157 0.0083 0.0006 0.0000 1.0000 0.3713
1.0000 0.0000 0.0006 0.0088 0.1220 1.0000 1.0000 0.0002 0.0026 0.0365 0.5101 1.0000 0.0001 0.0008 0.0110 0.1527 1.0000 1.0000 0.0002 0.0033 0.0458 0.6384 1.0000 0.0001 0.0010 0.0138 0.1926 1.0000 1.0000 0.0003 0.0042 0.0595 0.8379 1.0000 0.0001 0.0013 0.0191 0.2708 1.0000 1.0000 0.0004 0.0064 0.0918 1.0000 1.0000 0.0002 0.0022 0.0321 0.4465 1.0000 1.0000 1.0000 0.4465 0.0321 0.0022 0.0002 1.0000 1.0000 0.0918 0.0064 0.0004 1.0000 1.0000 0.2708 0.0191 0.0013 0.0001 1.0000 0.8379 0.0595 0.0042 0.0003 1.0000 1.0000 0.1926 0.0138 0.0010 0.0001 1.0000 0.6384 0.0458 0.0033 0.0002 1.0000 1.0000 0.1527 0.0110 0.0008 0.0001 1.0000 0.5101 0.0365 0.0026 0.0002 1.0000 1.0000 0.1220 0.0088 0.0006 0.0000 1.0000
0.0000 0.0007 0.0092 0.1287 1.0000 1.0000 0.0002 0.0028 0.0385 0.5369 1.0000 0.0001 0.0008 0.0116 0.1611 1.0000 1.0000 0.0002 0.0035 0.0483 0.6733 1.0000 0.0001 0.0010 0.0145 0.2024 1.0000 1.0000 0.0003 0.0044 0.0619 0.8687 1.0000 0.0001 0.0014 0.0195 0.2760 1.0000 1.0000 0.0005 0.0064 0.0918 1.0000 1.0000 0.0002 0.0022 0.0319 0.4550 1.0000 0.0000 0.0002 0.0000 1.0000 0.4550 0.0318 0.0022 0.0002 1.0000 1.0000 0.0916 0.0064 0.0005 1.0000 1.0000 0.2760 0.0195 0.0014 0.0001 1.0000 0.8687 0.0619 0.0044 0.0003 1.0000 1.0000 0.2024 0.0145 0.0010 0.0001 1.0000 0.6733 0.0483 0.0035 0.0002 1.0000 1.0000 0.1611 0.0116 0.0008 0.0001 1.0000 0.5369 0.0385 0.0028 0.0002 1.0000 1.0000 0.1287 0.0092 0.0007 0.0000
0.0007 0.0097 0.1358 1.0000 1.0000 0.0002 0.0029 0.0407 0.5663 1.0000 0.0001 0.0009 0.0122 0.1699 1.0000 1.0000 0.0003 0.0037 0.0509 0.7101 1.0000 0.0001 0.0011 0.0153 0.2127 1.0000 1.0000 0.0003 0.0046 0.0645 0.9041 1.0000 0.0001 0.0014 0.0201 0.2834 1.0000 1.0000 0.0005 0.0065 0.0925 1.0000 1.0000 0.0002 0.0022 0.0306 0.4507 1.0000 0.0001 0.0006 0.0034 0.0006 0.0001 1.0000 0.4490 0.0307 0.0021 0.0001 1.0000 1.0000 0.0925 0.0065 0.0005 1.0000 1.0000 0.2834 0.0201 0.0014 0.0001 1.0000 0.9041 0.0645 0.0046 0.0003 1.0000 1.0000 0.2127 0.0153 0.0011 0.0001 1.0000 0.7101 0.0509 0.0037 0.0003 1.0000 1.0000 0.1699 0.0122 0.0009 0.0001 1.0000 0.5663 0.0407 0.0029 0.0002 1.0000 1.0000 0.1358 0.0097 0.0007
0.0099 0.1432 1.0000 1.0000 0.0002 0.0031 0.0428 0.5973 1.0000 0.0001 0.0009 0.0128 0.1789 1.0000 1.0000 0.0003 0.0038 0.0537 0.7475 1.0000 0.0001 0.0012 0.0161 0.2243 1.0000 1.0000 0.0003 0.0048 0.0676 0.9445 1.0000 0.0001 0.0015 0.0208 0.2927 1.0000 1.0000 0.0005 0.0066 0.0939 1.0000 1.0000 0.0002 0.0022 0.0317 0.4423 1.0000 0.0001 0.0007 0.0087 0.0482 0.0088 0.0007 0.0001 1.0000 0.4482 0.0302 0.0021 0.0001 1.0000 1.0000 0.0939 0.0066 0.0005 1.0000 1.0000 0.2927 0.0208 0.0015 0.0001 1.0000 0.9445 0.0676 0.0048 0.0003 1.0000 1.0000 0.2243 0.0161 0.0012 0.0001 1.0000 0.7475 0.0537 0.0038 0.0003 1.0000 1.0000 0.1789 0.0128 0.0009 0.0001 1.0000 0.5973 0.0428 0.0031 0.0002 1.0000 1.0000 0.1432 0.0099
0.1448 1.0000 1.0000 0.0002 0.0032 0.0451 0.6287 1.0000 0.0001 0.0010 0.0135 0.1883 1.0000 1.0000 0.0003 0.0041 0.0565 0.7869 1.0000 0.0001 0.0012 0.0169 0.2361 1.0000 1.0000 0.0004 0.0051 0.0710 0.9905 1.0000 0.0001 0.0015 0.0216 0.3035 1.0000 1.0000 0.0005 0.0068 0.0959 1.0000 1.0000 0.0002 0.0022 0.0324 0.4611 1.0000 0.0001 0.0008 0.0101 0.1270 0.6707 0.1223 0.0101 0.0007 0.0001 1.0000 0.4482 0.0310 0.0021 0.0002 1.0000 1.0000 0.0959 0.0068 0.0005 1.0000 1.0000 0.3035 0.0216 0.0015 0.0001 1.0000 0.9905 0.0710 0.0051 0.0004 1.0000 1.0000 0.2361 0.0169 0.0012 0.0001 1.0000 0.7869 0.0565 0.0041 0.0003 1.0000 1.0000 0.1883 0.0135 0.0010 0.0001 1.0000 0.6287 0.0451 0.0032 0.0002 1.0000 1.0000 0.1448
1.0000 1.0000 0.0002 0.0034 0.0474 0.6606 1.0000 0.0001 0.0010 0.0142 0.1978 1.0000 1.0000 0.0003 0.0043 0.0594 0.8268 1.0000 0.0001 0.0013 0.0178 0.2481 1.0000 1.0000 0.0004 0.0053 0.0744 1.0000 1.0000 0.0001 0.0016 0.0225 0.3152 1.0000 1.0000 0.0005 0.0070 0.0984 1.0000 1.0000 0.0002 0.0022 0.0320 0.4559 1.0000 0.0001 0.0008 0.0109 0.1465 1.0000 1.0000 1.0000 0.1507 0.0104 0.0008 0.0001 1.0000 0.4656 0.0331 0.0022 0.0002 1.0000 1.0000 0.0984 0.0070 0.0005 1.0000 1.0000 0.3152 0.0225 0.0016 0.0001 1.0000 1.0000 0.0744 0.0053 0.0004 1.0000 1.0000 0.2481 0.0178 0.0013 0.0001 1.0000 0.8268 0.0594 0.0043 0.0003 1.0000 1.0000 0.1978 0.0142 0.0010 0.0001 1.0000 0.6606 0.0474 0.0034 0.0002 1.0000 1.0000
1.0000 0.0003 0.0036 0.0495 0.6888 1.0000 0.0001 0.0011 0.0148 0.2063 1.0000 1.0000 0.0003 0.0044 0.0618 0.8621 1.0000 0.0001 0.0013 0.0185 0.2582 1.0000 1.0000 0.0004 0.0056 0.0775 1.0000 1.0000 0.0001 0.0017 0.0234 0.3262 1.0000 1.0000 0.0005 0.0072 0.1007 1.0000 1.0000 0.0002 0.0023 0.0322 0.4568 1.0000 0.0001 0.0008 0.0107 0.1578 1.0000 1.0000 0.0001 1.0000 1.0000 0.1502 0.0108 0.0008 0.0001 1.0000 0.4507 0.0321 0.0023 0.0002 1.0000 1.0000 0.1007 0.0072 0.0005 1.0000 1.0000 0.3262 0.0234 0.0017 0.0001 1.0000 1.0000 0.0775 0.0056 0.0004 1.0000 1.0000 0.2582 0.0185 0.0013 0.0001 1.0000 0.8621 0.0618 0.0044 0.0003 1.0000 1.0000 0.2063 0.0148 0.0011 0.0001 1.0000 0.6888 0.0495 0.0036 0.0003 1.0000
0.0002 0.0036 0.0500 0.6967 1.0000 0.0001 0.0011 0.0150 0.2083 1.0000 1.0000 0.0003 0.0045 0.0625 0.8704 1.0000 0.0001 0.0013 0.0187 0.2611 1.0000 1.0000 0.0004 0.0056 0.0784 1.0000 1.0000 0.0001 0.0017 0.0236 0.3287 1.0000 1.0000 0.0005 0.0072 0.1005 1.0000 1.0000 0.0002 0.0022 0.0316 0.4473 1.0000 0.0001 0.0008 0.0104 0.1454 1.0000 1.0000 0.0002 0.0011 0.0002 1.0000 1.0000 0.1516 0.0106 0.0008 0.0001 1.0000 0.4465 0.0316 0.0022 0.0002 1.0000 1.0000 0.1005 0.0072 0.0005 1.0000 1.0000 0.3287 0.0236 0.0017 0.0001 1.0000 1.0000 0.0784 0.0056 0.0004 1.0000 1.0000 0.2611 0.0187 0.0013 0.0001 1.0000 0.8704 0.0625 0.0045 0.0003 1.0000 1.0000 0.2083 0.0150 0.0011 0.0001 1.0000 0.6967 0.0500 0.0036 0.0002
0.0031 0.0445 0.6204 1.0000 0.0001 0.0010 0.0133 0.1858 1.0000 1.0000 0.0003 0.0040 0.0556 0.7750 1.0000 0.0001 0.0012 0.0167 0.2325 1.0000 1.0000 0.0004 0.0050 0.0698 0.9719 1.0000 0.0001 0.0015 0.0209 0.2922 1.0000 1.0000 0.0005 0.0063 0.0887 1.0000 1.0000 0.0001 0.0020 0.0276 0.3893 1.0000 0.0000 0.0006 0.0092 0.1227 1.0000 1.0000 0.0002 0.0024 0.0132 0.0025 0.0002 1.0000 1.0000 0.1314 0.0091 0.0006 0.0000 1.0000 0.3893 0.0276 0.0020 0.0001 1.0000 1.0000 0.0887 0.0063 0.0005 1.0000 1.0000 0.2922 0.0209 0.0015 0.0001 1.0000 0.9719 0.0698 0.0050 0.0004 1.0000 1.0000 0.2325 0.0167 0.0012 0.0001 1.0000 0.7750 0.0556 0.0040 0.0003 1.0000 1.0000 0.1858 0.0133 0.0010 0.0001 1.0000 0.6204 0.0445 0.0031
0.0168 0.2411 1.0000 1.0000 0.0004 0.0052 0.0719 1.0000 1.0000 0.0001 0.0015 0.0215 0.3000 1.0000 1.0000 0.0005 0.0065 0.0900 1.0000 1.0000 0.0001 0.0019 0.0270 0.3762 1.0000 0.0000 0.0006 0.0081 0.1129 1.0000 1.0000 0.0002 0.0024 0.0341 0.4781 1.0000 0.0001 0.0008 0.0106 0.1482 1.0000 1.0000 0.0002 0.0033 0.0487 0.6810 1.0000 0.0001 0.0010 0.0127 0.0688 0.0129 0.0011 0.0001 1.0000 0.6928 0.0477 0.0033 0.0002 1.0000 1.0000 0.1484 0.0106 0.0008 0.0001 1.0000 0.4781 0.0341 0.0024 0.0002 1.0000 1.0000 0.1129 0.0081 0.0006 0.0000 1.0000 0.3762 0.0270 0.0019 0.0001 1.0000 1.0000 0.0900 0.0065 0.0005 1.0000 1.0000 0.3000 0.0215 0.0015 0.0001 1.0000 1.0000 0.0719 0.0052 0.0004 1.0000 1.0000 0.2411 0.0168
0.0031 0.0445 0.6204 1.0000 0.0001 0.0010 0.0133 0.1858 1.0000 1.0000 0.0003 0.0040 0.0556 0.7750 1.0000 0.0001 0.0012 0.0167 0.2325 1.0000 1.0000 0.0004 0.0050 0.0698 0.9719 1.0000 0.0001 0.0015 0.0209 0.2922 1.0000 1.0000 0.0005 0.0063 0.0887 1.0000 1.0000 0.0001 0.0020 0.0276 0.3893 1.0000 0.0000 0.0006 0.0091 0.1312 1.0000 1.0000 0.0002 0.0024 0.0130 0.0024 0.0002 1.0000 1.0000 0.1277 0.0087 0.0006 0.0000 1.0000 0.3893 0.0276 0.0020 0.0001 1.0000 1.0000 0.0887 0.0063 0.0005 1.0000 1.0000 0.2922 0.0209 0.0015 0.0001 1.0000 0.9719 0.0698 0.0050 0.0004 1.0000 1.0000 0.2325 0.0167 0.0012 0.0001 1.0000 0.7750 0.0556 0.0040 0.0003 1.0000 1.0000 0.1858 0.0133 0.0010 0.0001 1.0000 0.6204 0.0445 0.0031
0.0002 0.0036 0.0500 0.6967 1.0000 0.0001 0.0011 0.0150 0.2083 1.0000 1.0000 0.0003 0.0045 0.0625 0.8704 1.0000 0.0001 0.0013 0.0187 0.2611 1.0000 1.0000 0.0004 0.0056 0.0784 1.0000 1.0000 0.0001 0.0017 0.0236 0.3287 1.0000 1.0000 0.0005 0.0072 0.1005 1.0000 1.0000 0.0002 0.0022 0.0316 0.4473 1.0000 0.0001 0.0007 0.0106 0.1473 1.0000 1.0000 0.0002 0.0010 0.0002 1.0000 1.0000 0.1402 0.0101 0.0007 0.0001 1.0000 0.4456 0.0316 0.0022 0.0002 1.0000 1.0000 0.1005 0.0072 0.0005 1.0000 1.0000 0.3287 0.0236 0.0017 0.0001 1.0000 1.0000 0.0784 0.0056 0.0004 1.0000 1.0000 0.2611 0.0187 0.0013 0.0001 1.0000 0.8704 0.0625 0.0045 0.0003 1.0000 1.0000 0.2083 0.0150 0.0011 0.0001 1.0000 0.6967 0.0500 0.0036 0.0002
1.0000 0.0003 0.0036 0.0495 0.6888 1.0000 0.0001 0.0011 0.0148 0.2063 1.0000 1.0000 0.0003 0.0044 0.0618 0.8621 1.0000 0.0001 0.0013 0.0185 0.2582 1.0000 1.0000 0.0004 0.0056 0.0775 1.0000 1.0000 0.0001 0.0017 0.0234 0.3262 1.0000 1.0000 0.0005 0.0072 0.1007 1.0000 1.0000 0.0002 0.0023 0.0321 0.4559 1.0000 0.0001 0.0008 0.0107 0.1502 1.0000 1.0000 0.0001 1.0000 1.0000 0.1513 0.0103 0.0007 0.0001 1.0000 0.4542 0.0321 0.0023 0.0002 1.0000 1.0000 0.1007 0.0072 0.0005 1.0000 1.0000 0.3262 0.0234 0.0017 0.0001 1.0000 1.0000 0.0775 0.0056 0.0004 1.0000 1.0000 0.2582 0.0185 0.0013 0.0001 1.0000 0.8621 0.0618 0.0044 0.0003 1.0000 1.0000 0.2063 0.0148 0.0011 0.0001 1.0000 0.6888 0.0495 0.0036 0.0003 1.0000
1.0000 1.0000 0.0002 0.0034 0.0474 0.6606 1.0000 0.0001 0.0010 0.0142 0.1978 1.0000 1.0000 0.0003 0.0043 0.0594 0.8268 1.0000 0.0001 0.0013 0.0178 0.2481 1.0000 1.0000 0.0004 0.0053 0.0744 1.0000 1.0000 0.0001 0.0016 0.0225 0.3152 1.0000 1.0000 0.0005 0.0070 0.0984 1.0000 1.0000 0.0002 0.0022 0.0319 0.4559 1.0000 0.0001 0.0008 0.0107 0.1443 1.0000 1.0000 1.0000 0.1459 0.0109 0.0007 0.0001 1.0000 0.4507 0.0318 0.0022 0.0002 1.0000 1.0000 0.0984 0.0070 0.0005 1.0000 1.0000 0.3152 0.0225 0.0016 0.0001 1.0000 1.0000 0.0744 0.0053 0.0004 1.0000 1.0000 0.2481 0.0178 0.0013 0.0001 1.0000 0.8268 0.0594 0.0043 0.0003 1.0000 1.0000 0.1978 0.0142 0.0010 0.0001 1.0000 0.6606 0.0474 0.0034 0.0002 1.0000 1.0000
0.1448 1.0000 1.0000 0.0002 0.0032 0.0451 0.6287 1.0000 0.0001 0.0010 0.0135 0.1883 1.0000 1.0000 0.0003 0.0041 0.0565 0.7869 1.0000 0.0001 0.0012 0.0169 0.2361 1.0000 1.0000 0.0004 0.0051 0.0710 0.9905 1.0000 0.0001 0.0015 0.0216 0.3035 1.0000 1.0000 0.0005 0.0068 0.0959 1.0000 1.0000 0.0002 0.0022 0.0323 0.4542 1.0000 0.0001 0.0007 0.0103 0.1273 0.6669 0.1220 0.0103 0.0008 0.0001 1.0000 0.4448 0.0315 0.0022 0.0002 1.0000 1.0000 0.0959 0.0068 0.0005 1.0000 1.0000 0.3035 0.0216 0.0015 0.0001 1.0000 0.9905 0.0710 0.0051 0.0004 1.0000 1.0000 0.2361 0.0169 0.0012 0.0001 1.0000 0.7869 0.0565 0.0041 0.0003 1.0000 1.0000 0.1883 0.0135 0.0010 0.0001 1.0000 0.6287 0.0451 0.0032 0.0002 1.0000 1.0000 0.1448
