-42.5416 19.2817 -28.9541 -48.8079 7.9542 -36.2463 -10.3419 -23.1613 -43.8379 24.1926 -30.4272 -48.7164 -8.0277 -37.5998 2.0057 -24.6715 -45.3866 29.0429 -31.9175 -47.2092 -14.6381 -39.0146 8.7282 -25.9850 -46.8437 32.1691 -33.4112 -42.3608 -18.3164 -40.4985 13.7973 -27.3427 -48.0596 28.7563 -34.8427 -31.2704 -20.8978 -42.0323 18.5572 -28.7486 -48.7691 11.4402 -36.0867 -13.0280 -22.8967 -43.6005 23.4378 -30.2036 -48.7699 -8.4640 -40.2084 -8.4640 -48.7699 -30.2036 23.4378 -43.6005 -22.8967 -13.0280 -36.0867 11.4402 -48.7691 -28.7486 18.5572 -42.0323 -20.8978 -31.2704 -34.8427 28.7563 -48.0596 -27.3427 13.7973 -40.4985 -18.3164 -42.3608 -33.4112 32.1691 -46.8437 -25.9850 8.7282 -39.0146 -14.6381 -47.2092 -31.9175 29.0429 -45.3866 -24.6715 2.0057 -37.5998 -8.0277 -48.7164 -30.4272 24.1926 -43.8379 -23.1613 -10.3419 -36.2463 7.9542 -48.8079 -28.9541 19.2817 -42.5416
19.2817 -29.8703 -48.9958 17.4803 -36.0196 -6.4977 -24.7292 -43.9516 24.6532 -31.3545 -48.5012 -4.9538 -37.0748 3.7214 -26.1822 -45.6058 29.8473 -32.6804 -46.2982 -14.3140 -38.6668 9.6436 -27.3456 -47.1269 34.1709 -33.9632 -40.1095 -19.0354 -40.3131 14.3981 -28.5675 -48.3518 33.7934 -35.1117 -26.9329 -22.1702 -41.9983 19.0033 -29.8409 -48.9711 20.5924 -35.9453 -8.7202 -24.4501 -43.6969 23.8828 -31.1552 -48.6241 -2.5358 -37.1336 16.4187 -37.1336 -2.5358 -48.6241 -31.1552 23.8828 -43.6969 -24.4501 -8.7202 -35.9453 20.5924 -48.9711 -29.8409 19.0033 -41.9983 -22.1702 -26.9329 -35.1117 33.7934 -48.3518 -28.5675 14.3981 -40.3131 -19.0354 -40.1095 -33.9632 34.1709 -47.1269 -27.3456 9.6436 -38.6668 -14.3140 -46.2982 -32.6804 29.8473 -45.6058 -26.1822 3.7214 -37.0748 -4.9538 -48.5012 -31.3545 24.6532 -43.9516 -24.7292 -6.4977 -36.0196 17.4803 -48.9958 -29.8703 19.2817
-28.9541 -48.9958 16.1437 -36.3785 -4.8914 -24.9530 -44.1862 25.3988 -31.6212 -48.3399 -6.9122 -37.3061 4.7577 -26.3356 -45.8440 30.6017 -32.9888 -45.6913 -15.1750 -38.9093 10.3903 -27.5268 -47.3339 34.5631 -34.3046 -38.6760 -19.5749 -40.5600 15.0802 -28.7763 -48.4930 32.9012 -35.4796 -24.2718 -22.5561 -42.2518 19.7070 -30.0800 -48.9799 17.1773 -36.3333 -6.4924 -24.7236 -43.9487 24.6438 -31.4241 -48.5045 -4.9050 -37.0699 4.8324 -31.6765 4.8324 -37.0699 -4.9050 -48.5045 -31.4241 24.6438 -43.9487 -24.7236 -6.4924 -36.3333 17.1773 -48.9799 -30.0800 19.7070 -42.2518 -22.5561 -24.2718 -35.4796 32.9012 -48.4930 -28.7763 15.0802 -40.5600 -19.5749 -38.6760 -34.3046 34.5631 -47.3339 -27.5268 10.3903 -38.9093 -15.1750 -45.6913 -32.9888 30.6017 -45.8440 -26.3356 4.7577 -37.3061 -6.9122 -48.3399 -31.6212 25.3988 -44.1862 -24.9530 -4.8914 -36.3785 16.1437 -48.9958 -28.9541
-48.8079 17.4803 -36.3785 -4.2825 -25.0900 -44.3657 26.0371 -31.7994 -48.1428 -8.5552 -37.5348 5.7009 -26.5062 -46.0763 31.3314 -33.1893 -44.9917 -15.9754 -39.1503 11.1184 -27.7084 -47.5336 34.8371 -34.4930 -37.0612 -20.0810 -40.8103 15.7540 -28.9676 -48.6203 31.6734 -35.6315 -21.5209 -22.9249 -42.5030 20.4186 -30.2768 -48.9598 13.4287 -36.4157 -4.4668 -24.9832 -44.1996 25.4111 -31.6274 -48.3404 -6.8907 -37.3031 4.7270 -27.1196 -48.5956 -27.1196 4.7270 -37.3031 -6.8907 -48.3404 -31.6274 25.4111 -44.1996 -24.9832 -4.4668 -36.4157 13.4287 -48.9598 -30.2768 20.4186 -42.5030 -22.9249 -21.5209 -35.6315 31.6734 -48.6203 -28.9676 15.7540 -40.8103 -20.0810 -37.0612 -34.4930 34.8371 -47.5336 -27.7084 11.1184 -39.1503 -15.9754 -44.9917 -33.1893 31.3314 -46.0763 -26.5062 5.7009 -37.5348 -8.5552 -48.1428 -31.7994 26.0371 -44.3657 -25.0900 -4.2825 -36.3785 17.4803 -48.8079
7.9542 -36.0196 -4.8914 -25.0900 -44.4345 26.4230 -31.9322 -47.9420 -9.8668 -37.7490 6.5521 -26.6733 -46.3018 32.0136 -33.3858 -44.1986 -16.7120 -39.3945 11.8248 -27.8916 -47.7236 34.9732 -34.6748 -35.2666 -20.5653 -41.0611 16.4367 -29.1586 -48.7312 30.0892 -35.7795 -18.6794 -23.2747 -42.7566 21.1321 -30.4751 -48.9088 9.5870 -36.4829 -2.6578 -25.2283 -44.4468 26.1862 -31.8291 -48.1272 -8.6135 -37.5379 5.7020 -26.5288 -46.0104 25.8558 -46.0104 -26.5288 5.7020 -37.5379 -8.6135 -48.1272 -31.8291 26.1862 -44.4468 -25.2283 -2.6578 -36.4829 9.5870 -48.9088 -30.4751 21.1321 -42.7566 -23.2747 -18.6794 -35.7795 30.0892 -48.7312 -29.1586 16.4367 -41.0611 -20.5653 -35.2666 -34.6748 34.9732 -47.7236 -27.8916 11.8248 -39.3945 -16.7120 -44.1986 -33.3858 32.0136 -46.3018 -26.6733 6.5521 -37.7490 -9.8668 -47.9420 -31.9322 26.4230 -44.4345 -25.0900 -4.8914 -36.0196 7.9542
-36.2463 -6.4977 -24.9530 -44.3657 26.4230 -31.9828 -47.8065 -10.7267 -37.9246 7.2682 -26.8286 -46.5109 32.6401 -33.5750 -43.3078 -17.3783 -39.6365 12.5164 -28.0734 -47.9050 34.9464 -34.8535 -33.3049 -21.0256 -41.3124 17.1211 -29.3509 -48.8229 28.1102 -35.9151 -15.8348 -23.6101 -43.0100 21.8608 -30.6751 -48.8215 5.8922 -36.5360 -1.0420 -25.4573 -44.6950 26.9567 -32.0311 -47.8633 -10.1109 -37.7716 6.6107 -26.6802 -46.2931 32.7642 -36.9836 32.7642 -46.2931 -26.6802 6.6107 -37.7716 -10.1109 -47.8633 -32.0311 26.9567 -44.6950 -25.4573 -1.0420 -36.5360 5.8922 -48.8215 -30.6751 21.8608 -43.0100 -23.6101 -15.8348 -35.9151 28.1102 -48.8229 -29.3509 17.1211 -41.3124 -21.0256 -33.3049 -34.8535 34.9464 -47.9050 -28.0734 12.5164 -39.6365 -17.3783 -43.3078 -33.5750 32.6401 -46.5109 -26.8286 7.2682 -37.9246 -10.7267 -47.8065 -31.9828 26.4230 -44.3657 -24.9530 -6.4977 -36.2463
-10.3419 -24.7292 -44.1862 26.0371 -31.9322 -47.8065 -11.0260 -38.0253 7.7615 -26.9525 -46.6894 33.1723 -33.7507 -42.3431 -17.9837 -39.8734 13.1902 -28.2523 -48.0744 34.7359 -35.0267 -31.1577 -21.4590 -41.5649 17.8089 -29.5460 -48.8972 25.7458 -36.0421 -13.0992 -23.9308 -43.2605 22.5979 -30.8757 -48.7450 2.4425 -36.5652 0.4107 -25.6676 -44.9422 27.7358 -32.2349 -47.5379 -11.4098 -38.0093 7.4630 -26.8573 -46.5319 32.6670 -34.6034 -7.0660 -34.6034 32.6670 -46.5319 -26.8573 7.4630 -38.0093 -11.4098 -47.5379 -32.2349 27.7358 -44.9422 -25.6676 0.4107 -36.5652 2.4425 -48.7450 -30.8757 22.5979 -43.2605 -23.9308 -13.0992 -36.0421 25.7458 -48.8972 -29.5460 17.8089 -41.5649 -21.4590 -31.1577 -35.0267 34.7359 -48.0744 -28.2523 13.1902 -39.8734 -17.9837 -42.3431 -33.7507 33.1723 -46.6894 -26.9525 7.7615 -38.0253 -11.0260 -47.8065 -31.9322 26.0371 -44.1862 -24.7292 -10.3419
-23.1613 -43.9516 25.3988 -31.7994 -47.9420 -10.7267 -38.0253 7.9408 -27.0227 -46.8142 33.5552 -33.8992 -41.3772 -18.5206 -40.1010 13.8410 -28.4325 -48.2312 34.3213 -35.1907 -28.8612 -21.8665 -41.8115 18.4935 -29.7395 -48.9502 22.9349 -36.1616 -10.4877 -24.2340 -43.5136 23.3359 -31.0779 -48.6864 -0.6059 -36.6805 1.7080 -25.8604 -45.1850 28.5157 -32.4361 -47.1475 -12.5710 -38.2481 8.2859 -27.0337 -46.7545 33.2832 -33.8284 -41.1222 -26.4456 -41.1222 -33.8284 33.2832 -46.7545 -27.0337 8.2859 -38.2481 -12.5710 -47.1475 -32.4361 28.5157 -45.1850 -25.8604 1.7080 -36.6805 -0.6059 -48.6864 -31.0779 23.3359 -43.5136 -24.2340 -10.4877 -36.1616 22.9349 -48.9502 -29.7395 18.4935 -41.8115 -21.8665 -28.8612 -35.1907 34.3213 -48.2312 -28.4325 13.8410 -40.1010 -18.5206 -41.3772 -33.8992 33.5552 -46.8142 -27.0227 7.9408 -38.0253 -10.7267 -47.9420 -31.7994 25.3988 -43.9516 -23.1613
-43.8379 24.6532 -31.6212 -48.1428 -9.8668 -37.9246 7.7615 -27.0227 -46.8594 33.7588 -34.0013 -40.5455 -18.9522 -40.3055 14.4413 -28.6050 -48.3752 33.6704 -35.3495 -26.4281 -22.2509 -42.0544 19.1663 -29.9299 -48.9780 19.7538 -36.2663 -8.0792 -24.5233 -43.7659 24.0912 -31.2784 -48.5949 -3.2352 -36.9029 2.9004 -26.0375 -45.4278 29.2826 -32.6376 -46.6903 -13.6086 -38.4880 9.0756 -27.2119 -46.9694 33.8269 -33.9714 -41.0981 -19.3311 -43.5788 -19.3311 -41.0981 -33.9714 33.8269 -46.9694 -27.2119 9.0756 -38.4880 -13.6086 -46.6903 -32.6376 29.2826 -45.4278 -26.0375 2.9004 -36.9029 -3.2352 -48.5949 -31.2784 24.0912 -43.7659 -24.5233 -8.0792 -36.2663 19.7538 -48.9780 -29.9299 19.1663 -42.0544 -22.2509 -26.4281 -35.3495 33.6704 -48.3752 -28.6050 14.4413 -40.3055 -18.9522 -40.5455 -34.0013 33.7588 -46.8594 -27.0227 7.7615 -37.9246 -9.8668 -48.1428 -31.6212 24.6532 -43.8379
24.1926 -31.3545 -48.3399 -8.5552 -37.7490 7.2682 -26.9525 -46.8142 33.7588 -34.0370 -40.0483 -19.2326 -40.4628 14.9372 -28.7553 -48.4970 32.8100 -35.4969 -23.8855 -22.6187 -42.2976 19.8438 -30.1195 -48.9803 16.3278 -36.3564 -5.9478 -24.7927 -44.0138 24.8518 -31.4764 -48.4640 -5.4862 -37.1334 3.9985 -26.2077 -45.6680 30.0463 -32.8396 -46.1485 -14.5357 -38.7297 9.8382 -27.3924 -47.1810 34.2842 -34.1639 -39.7611 -19.1765 -40.5889 26.8487 -40.5889 -19.1765 -39.7611 -34.1639 34.2842 -47.1810 -27.3924 9.8382 -38.7297 -14.5357 -46.1485 -32.8396 30.0463 -45.6680 -26.2077 3.9985 -37.1334 -5.4862 -48.4640 -31.4764 24.8518 -44.0138 -24.7927 -5.9478 -36.3564 16.3278 -48.9803 -30.1195 19.8438 -42.2976 -22.6187 -23.8855 -35.4969 32.8100 -48.4970 -28.7553 14.9372 -40.4628 -19.2326 -40.0483 -34.0370 33.7588 -46.8142 -26.9525 7.2682 -37.7490 -8.5552 -48.3399 -31.3545 24.1926
-30.4272 -48.5012 -6.9122 -37.5348 6.5521 -26.8286 -46.6894 33.5552 -34.0013 -40.0483 -19.3297 -40.5483 15.2646 -28.8692 -48.5880 31.8561 -35.6263 -21.3944 -22.9604 -42.5374 20.5284 -30.3101 -48.9555 12.6958 -36.4330 -4.0553 -25.0403 -44.2574 25.5996 -31.6725 -48.2921 -7.3653 -37.3642 5.0045 -26.3798 -45.9028 30.7932 -33.0408 -45.5195 -15.3896 -38.9699 10.5807 -27.5730 -47.3864 34.6456 -34.3546 -38.2733 -19.7057 -40.6235 15.9121 -33.7838 15.9121 -40.6235 -19.7057 -38.2733 -34.3546 34.6456 -47.3864 -27.5730 10.5807 -38.9699 -15.3896 -45.5195 -33.0408 30.7932 -45.9028 -26.3798 5.0045 -37.3642 -7.3653 -48.2921 -31.6725 25.5996 -44.2574 -25.0403 -4.0553 -36.4330 12.6958 -48.9555 -30.3101 20.5284 -42.5374 -22.9604 -21.3944 -35.6263 31.8561 -48.5880 -28.8692 15.2646 -40.5483 -19.3297 -40.0483 -34.0013 33.5552 -46.6894 -26.8286 6.5521 -37.5348 -6.9122 -48.5012 -30.4272
-48.7164 -4.9538 -37.3061 5.7009 -26.6733 -46.5109 33.1723 -33.8992 -40.5455 -19.2326 -40.5483 15.3769 -28.9309 -48.6449 30.9979 -35.7256 -19.2096 -23.2549 -42.7629 21.1908 -30.4976 -48.9006 9.0095 -36.4950 -2.3568 -25.2727 -44.4970 26.3439 -31.8673 -48.0764 -8.9638 -37.5929 5.9304 -26.5506 -46.1341 31.5077 -33.2409 -44.7944 -16.1721 -39.2133 11.2974 -27.7553 -47.5822 34.8867 -34.5390 -36.6137 -20.2092 -40.8752 15.9259 -30.0098 -47.2782 -30.0098 15.9259 -40.8752 -20.2092 -36.6137 -34.5390 34.8867 -47.5822 -27.7553 11.2974 -39.2133 -16.1721 -44.7944 -33.2409 31.5077 -46.1341 -26.5506 5.9304 -37.5929 -8.9638 -48.0764 -31.8673 26.3439 -44.4970 -25.2727 -2.3568 -36.4950 9.0095 -48.9006 -30.4976 21.1908 -42.7629 -23.2549 -19.2096 -35.7256 30.9979 -48.6449 -28.9309 15.3769 -40.5483 -19.2326 -40.5455 -33.8992 33.1723 -46.5109 -26.6733 5.7009 -37.3061 -4.9538 -48.7164
-8.0277 -37.0748 4.7577 -26.5062 -46.3018 32.6401 -33.7507 -41.3772 -18.9522 -40.4628 15.2646 -28.9309 -48.6645 30.4852 -35.7896 -17.5701 -23.4800 -42.9541 21.7883 -30.6689 -48.8187 5.5429 -36.5380 -0.8314 -25.4896 -44.7353 27.0916 -32.0623 -47.8103 -10.3601 -37.8200 6.7920 -26.7189 -46.3583 32.1809 -33.4352 -43.9734 -16.8858 -39.4578 12.0067 -27.9388 -47.7725 34.9830 -34.7207 -34.7913 -20.6869 -41.1261 16.6138 -29.2429 -48.5456 -13.4121 -48.5456 -29.2429 16.6138 -41.1261 -20.6869 -34.7913 -34.7207 34.9830 -47.7725 -27.9388 12.0067 -39.4578 -16.8858 -43.9734 -33.4352 32.1809 -46.3583 -26.7189 6.7920 -37.8200 -10.3601 -47.8103 -32.0623 27.0916 -44.7353 -25.4896 -0.8314 -36.5380 5.5429 -48.8187 -30.6689 21.7883 -42.9541 -23.4800 -17.5701 -35.7896 30.4852 -48.6645 -28.9309 15.2646 -40.4628 -18.9522 -41.3772 -33.7507 32.6401 -46.3018 -26.5062 4.7577 -37.0748 -8.0277
-37.5998 3.7214 -26.3356 -46.0763 32.0136 -33.5750 -42.3431 -18.5206 -40.3055 14.9372 -28.8692 -48.6449 30.4852 -35.8143 -16.6784 -23.6253 -43.0938 22.2717 -30.8142 -48.7530 2.6100 -36.5635 0.4910 -25.6875 -44.9720 27.8406 -32.2572 -47.4887 -11.5921 -38.0483 7.6112 -26.8883 -46.5755 32.8050 -33.6252 -43.0634 -17.5400 -39.6973 12.6961 -28.1193 -47.9513 34.9114 -34.8996 -32.7575 -21.1369 -41.3781 17.2987 -29.4018 -48.8187 25.6893 -38.4567 25.6893 -48.8187 -29.4018 17.2987 -41.3781 -21.1369 -32.7575 -34.8996 34.9114 -47.9513 -28.1193 12.6961 -39.6973 -17.5400 -43.0634 -33.6252 32.8050 -46.5755 -26.8883 7.6112 -38.0483 -11.5921 -47.4887 -32.2572 27.8406 -44.9720 -25.6875 0.4910 -36.5635 2.6100 -48.7530 -30.8142 22.2717 -43.0938 -23.6253 -16.6784 -35.8143 30.4852 -48.6449 -28.8692 14.9372 -40.3055 -18.5206 -42.3431 -33.5750 32.0136 -46.0763 -26.3356 3.7214 -37.5998
2.0057 -26.1822 -45.8440 31.3314 -33.3858 -43.3078 -17.9837 -40.1010 14.4413 -28.7553 -48.5880 30.9979 -35.7896 -16.6784 -23.6782 -43.1704 22.5882 -30.9232 -48.7182 0.3404 -36.6431 1.5919 -25.8576 -45.1970 28.5773 -32.4519 -47.1061 -12.6896 -38.2777 8.3953 -27.0591 -46.7884 33.3789 -33.8135 -42.0376 -18.1438 -39.9344 13.3604 -28.2985 -48.1157 34.6501 -35.0694 -30.5638 -21.5646 -41.6278 17.9890 -29.5955 -48.9129 25.1079 -36.4274 10.3548 -36.4273 25.1080 -48.9129 -29.5955 17.9890 -41.6278 -21.5646 -30.5638 -35.0694 34.6501 -48.1157 -28.2985 13.3604 -39.9344 -18.1438 -42.0376 -33.8135 33.3789 -46.7884 -27.0591 8.3953 -38.2777 -12.6896 -47.1061 -32.4519 28.5773 -45.1970 -25.8576 1.5919 -36.6431 0.3404 -48.7182 -30.9232 22.5882 -43.1704 -23.6782 -16.6784 -35.7896 30.9979 -48.5880 -28.7553 14.4413 -40.1010 -17.9837 -43.3078 -33.3858 31.3314 -45.8440 -26.1822 2.0057
-24.6715 -45.6058 30.6017 -33.1893 -44.1986 -17.3783 -39.8734 13.8410 -28.6050 -48.4970 31.8561 -35.7256 -17.5701 -23.6253 -43.1704 22.7005 -30.9831 -48.6920 -1.1905 -36.7732 2.4615 -25.9945 -45.3977 29.2562 -32.6380 -46.6634 -13.6764 -38.5084 9.1503 -27.2310 -46.9964 33.8898 -34.0000 -40.8833 -18.7113 -40.1724 14.0194 -28.4790 -48.2698 34.1778 -35.2321 -28.2506 -21.9670 -41.8739 18.6672 -29.7879 -48.9587 22.1313 -36.2142 -7.6319 -30.3431 -7.6351 -36.2529 22.1339 -48.9587 -29.7879 18.6672 -41.8739 -21.9670 -28.2506 -35.2321 34.1778 -48.2698 -28.4790 14.0194 -40.1724 -18.7113 -40.8833 -34.0000 33.8898 -46.9964 -27.2310 9.1503 -38.5084 -13.6764 -46.6634 -32.6380 29.2562 -45.3977 -25.9945 2.4615 -36.7732 -1.1905 -48.6920 -30.9831 22.7005 -43.1704 -23.6253 -17.5701 -35.7256 31.8561 -48.4970 -28.6050 13.8410 -39.8734 -17.3783 -44.1986 -33.1893 30.6017 -45.6058 -24.6715
-45.3866 29.8473 -32.9888 -44.9917 -16.7120 -39.6365 13.1902 -28.4325 -48.3752 32.8100 -35.6263 -19.2096 -23.4800 -43.0938 22.5882 -30.9831 -48.6812 -1.9648 -36.8683 3.0630 -26.0988 -45.5643 29.8357 -32.8038 -46.1887 -14.5347 -38.7369 9.8813 -27.4042 -47.1990 34.3234 -34.1842 -39.5898 -19.2469 -40.4113 14.6752 -28.6605 -48.4127 33.4619 -35.3894 -25.7782 -22.3470 -42.1169 19.3399 -29.9785 -48.9810 18.8947 -36.2874 -7.5636 -25.3265 -46.8695 -27.4128 -4.8647 -36.3841 18.9019 -48.9810 -29.9785 19.3399 -42.1169 -22.3470 -25.7782 -35.3894 33.4619 -48.4127 -28.6605 14.6752 -40.4113 -19.2469 -39.5898 -34.1842 34.3234 -47.1990 -27.4042 9.8813 -38.7369 -14.5347 -46.1887 -32.8038 29.8357 -45.5643 -26.0988 3.0630 -36.8683 -1.9648 -48.6812 -30.9831 22.5882 -43.0938 -23.4800 -19.2096 -35.6263 32.8100 -48.3752 -28.4325 13.1902 -39.6365 -16.7120 -44.9917 -32.9888 29.8473 -45.3866
29.0429 -32.6804 -45.6913 -15.9754 -39.3945 12.5164 -28.2523 -48.2312 33.6704 -35.4969 -21.3944 -23.2549 -42.9541 22.2717 -30.9232 -48.6920 -1.9648 -36.9031 3.3820 -26.1682 -45.6859 30.2849 -32.9416 -45.7273 -15.2327 -38.9469 10.5537 -27.5728 -47.3928 34.6629 -34.3660 -38.1462 -19.7538 -40.6509 15.3293 -28.8433 -48.5431 32.4704 -35.5408 -23.1716 -22.7107 -42.3601 20.0192 -30.1685 -48.9766 15.4087 -36.3774 -5.4414 -24.8817 -43.7270 3.8588 -47.3457 -31.9016 -1.3836 -36.4682 15.4161 -48.9766 -30.1685 20.0192 -42.3601 -22.7107 -23.1716 -35.5408 32.4704 -48.5431 -28.8433 15.3293 -40.6509 -19.7538 -38.1462 -34.3660 34.6629 -47.3928 -27.5728 10.5537 -38.9469 -15.2327 -45.7273 -32.9416 30.2849 -45.6859 -26.1682 3.3820 -36.9031 -1.9648 -48.6920 -30.9232 22.2717 -42.9541 -23.2549 -21.3944 -35.4969 33.6704 -48.2312 -28.2523 12.5164 -39.3945 -15.9754 -45.6913 -32.6804 29.0429
-31.9175 -46.2982 -15.1750 -39.1503 11.8248 -28.0734 -48.0744 34.3213 -35.3495 -23.8855 -22.9604 -42.7629 21.7883 -30.8142 -48.7182 -1.1905 -36.8683 3.3820 -26.1935 -45.7536 30.5803 -33.0387 -45.3296 -15.7744 -39.1272 11.1326 -27.7277 -47.5697 34.8827 -34.5423 -36.5423 -20.2350 -40.8913 15.9834 -29.0271 -48.6597 31.1706 -35.6857 -20.4713 -23.0587 -42.6035 20.7056 -30.3592 -48.9443 11.7458 -36.4504 -3.6008 -25.1015 -44.3122 26.4791 -29.9233 -36.9225 0.9029 -32.4203 -1.0617 -36.4858 11.7485 -48.9443 -30.3592 20.7056 -42.6035 -23.0587 -20.4713 -35.6857 31.1706 -48.6597 -29.0271 15.9834 -40.8913 -20.2350 -36.5423 -34.5423 34.8827 -47.5697 -27.7277 11.1326 -39.1272 -15.7744 -45.3296 -33.0387 30.5803 -45.7536 -26.1935 3.3820 -36.8683 -1.1905 -48.7182 -30.8142 21.7883 -42.7629 -22.9604 -23.8855 -35.3495 34.3213 -48.0744 -28.0734 11.8248 -39.1503 -15.1750 -46.2982 -31.9175
-47.2092 -14.3140 -38.9093 11.1184 -27.8916 -47.9050 34.7359 -35.1907 -26.4281 -22.6187 -42.5374 21.1908 -30.6689 -48.7530 0.3404 -36.7732 3.0630 -26.1682 -45.7536 30.6892 -33.0887 -45.0608 -16.1433 -39.2680 11.6037 -27.8626 -47.7225 34.9769 -34.7018 -34.8485 -20.6864 -41.1323 16.6389 -29.2120 -48.7611 29.5307 -35.8232 -17.7328 -23.3916 -42.8469 21.3997 -30.5508 -48.8812 8.0753 -36.5085 -1.9490 -25.3300 -44.5584 26.5329 -32.2401 -46.9239 32.3716 -34.7063 -45.0884 -28.6951 -1.6713 -36.5110 8.0754 -48.8812 -30.5508 21.3997 -42.8469 -23.3916 -17.7328 -35.8232 29.5307 -48.7611 -29.2120 16.6389 -41.1323 -20.6864 -34.8485 -34.7018 34.9769 -47.7225 -27.8626 11.6037 -39.2680 -16.1433 -45.0608 -33.0887 30.6892 -45.7536 -26.1682 3.0630 -36.7732 0.3404 -48.7530 -30.6689 21.1908 -42.5374 -22.6187 -26.4281 -35.1907 34.7359 -47.9050 -27.8916 11.1184 -38.9093 -14.3140 -47.2092
-14.6381 -38.6668 10.3903 -27.7084 -47.7236 34.9464 -35.0267 -28.8612 -22.2509 -42.2976 20.5284 -30.4976 -48.8187 2.6100 -36.6431 2.4615 -26.0988 -45.6859 30.5803 -33.0887 -44.9672 -16.3274 -39.3557 11.9422 -27.9675 -47.8439 34.9648 -34.8412 -33.1941 -21.0867 -41.3636 17.2875 -29.3979 -48.8457 27.5227 -35.9527 -15.0219 -23.7096 -43.0902 22.1019 -30.7431 -48.7958 4.5785 -36.5503 -0.4644 -25.5427 -44.7963 27.2842 -32.1230 -47.6643 -13.8278 -38.1644 -9.3900 -23.8484 -47.4432 -26.1928 -0.4738 -36.5503 4.5785 -48.7958 -30.7431 22.1019 -43.0902 -23.7096 -15.0219 -35.9527 27.5227 -48.8457 -29.3979 17.2875 -41.3636 -21.0867 -33.1941 -34.8412 34.9648 -47.8439 -27.9675 11.9422 -39.3557 -16.3274 -44.9672 -33.0887 30.5803 -45.6859 -26.0988 2.4615 -36.6431 2.6100 -48.8187 -30.4976 20.5284 -42.2976 -22.2509 -28.8612 -35.0267 34.9464 -47.7236 -27.7084 10.3903 -38.6668 -14.6381
-39.0146 9.6436 -27.5268 -47.5336 34.9732 -34.8535 -31.1577 -21.8665 -42.0544 19.8438 -30.3101 -48.9006 5.5429 -36.5635 1.5919 -25.9945 -45.5643 30.2849 -33.0387 -45.0608 -16.3274 -39.3859 12.1148 -28.0336 -47.9278 34.8886 -34.9539 -31.6537 -21.4233 -41.5712 17.8924 -29.5768 -48.9110 25.1267 -36.0731 -12.4059 -24.0132 -43.3332 22.8123 -30.9360 -48.7273 1.3954 -36.5987 0.8763 -25.7391 -45.0326 28.0331 -32.3072 -47.3967 -12.0043 -38.4605 7.5615 -26.8145 -46.3210 31.0471 -45.3242 -25.7919 0.8754 -36.5987 1.3954 -48.7273 -30.9360 22.8123 -43.3332 -24.0132 -12.4059 -36.0731 25.1267 -48.9110 -29.5768 17.8924 -41.5712 -21.4233 -31.6537 -34.9539 34.8886 -47.9278 -28.0336 12.1148 -39.3859 -16.3274 -45.0608 -33.0387 30.2849 -45.5643 -25.9945 1.5919 -36.5635 5.5429 -48.9006 -30.3101 19.8438 -42.0544 -21.8665 -31.1577 -34.8535 34.9732 -47.5336 -27.5268 9.6436 -39.0146
8.7282 -27.3456 -47.3339 34.8371 -34.6748 -33.3049 -21.4590 -41.8115 19.1663 -30.1195 -48.9555 9.0095 -36.5380 0.4910 -25.8576 -45.3977 29.8357 -32.9416 -45.3296 -16.1433 -39.3557 12.1148 -28.0565 -47.9718 34.8070 -35.0301 -30.3985 -21.6908 -41.7485 18.4171 -29.7369 -48.9548 22.4660 -36.1809 -9.9488 -24.3022 -43.5758 23.5308 -31.1295 -48.6650 -1.4071 -36.7414 2.0952 -25.9184 -45.2671 28.7794 -32.5019 -46.9971 -12.9526 -38.3502 9.2067 -27.4197 -47.2967 35.1085 -38.2892 31.1905 -45.2667 -25.9197 2.0947 -36.7414 -1.4071 -48.6650 -31.1295 23.5308 -43.5758 -24.3022 -9.9488 -36.1809 22.4660 -48.9548 -29.7369 18.4171 -41.7485 -21.6908 -30.3985 -35.0301 34.8070 -47.9718 -28.0565 12.1148 -39.3557 -16.1433 -45.3296 -32.9416 29.8357 -45.3977 -25.8576 0.4910 -36.5380 9.0095 -48.9555 -30.1195 19.1663 -41.8115 -21.4590 -33.3049 -34.6748 34.8371 -47.3339 -27.3456 8.7282
-25.9850 -47.1269 34.5631 -34.4930 -35.2666 -21.0256 -41.5649 18.4935 -29.9299 -48.9803 12.6958 -36.4950 -0.8314 -25.6875 -45.1970 29.2562 -32.8038 -45.7273 -15.7744 -39.2680 11.9422 -28.0336 -47.9718 34.7727 -35.0724 -29.5870 -21.8731 -41.8844 18.8493 -29.8734 -48.9778 19.8398 -36.2704 -7.8051 -24.5675 -43.8145 24.2572 -31.3235 -48.5675 -3.8295 -36.9636 3.2119 -26.0857 -45.4995 29.5194 -32.6962 -46.5291 -13.9146 -38.5679 9.3592 -27.3738 -47.3145 34.9540 -36.4732 3.0469 -34.9474 29.6284 -45.4834 -26.1440 3.2102 -36.9636 -3.8295 -48.5675 -31.3235 24.2572 -43.8145 -24.5675 -7.8051 -36.2704 19.8398 -48.9778 -29.8734 18.8493 -41.8844 -21.8731 -29.5870 -35.0724 34.7727 -47.9718 -28.0336 11.9422 -39.2680 -15.7744 -45.7273 -32.8038 29.2562 -45.1970 -25.6875 -0.8314 -36.4950 12.6958 -48.9803 -29.9299 18.4935 -41.5649 -21.0256 -35.2666 -34.4930 34.5631 -47.1269 -25.9850
-46.8437 34.1709 -34.3046 -37.0612 -20.5653 -41.3124 17.8089 -29.7395 -48.9780 16.3278 -36.4330 -2.3568 -25.4896 -44.9720 28.5773 -32.6380 -46.1887 -15.2327 -39.1272 11.6037 -27.9675 -47.9278 34.8070 -35.0724 -29.2933 -21.9677 -41.9682 19.1568 -29.9788 -48.9849 17.4317 -36.3407 -6.0689 -24.7970 -44.0356 24.9593 -31.5151 -48.4314 -5.9107 -37.1872 4.2434 -26.2504 -45.7294 30.2484 -32.8900 -45.9855 -14.7883 -38.8000 10.0657 -27.4583 -47.2928 34.7409 -35.2063 -22.8767 -28.5525 -40.1176 -34.0709 32.7729 -45.8706 -26.4201 4.2407 -37.1871 -5.9107 -48.4314 -31.5151 24.9593 -44.0356 -24.7970 -6.0689 -36.3407 17.4317 -48.9849 -29.9788 19.1568 -41.9682 -21.9677 -29.2933 -35.0724 34.8070 -47.9278 -27.9675 11.6037 -39.1272 -15.2327 -46.1887 -32.6380 28.5773 -44.9720 -25.4896 -2.3568 -36.4330 16.3278 -48.9780 -29.7395 17.8089 -41.3124 -20.5653 -37.0612 -34.3046 34.1709 -46.8437
32.1691 -33.9632 -38.6760 -20.0810 -41.0611 17.1211 -29.5460 -48.9502 19.7538 -36.3564 -4.0553 -25.2727 -44.7353 27.8406 -32.4519 -46.6634 -14.5347 -38.9469 11.1326 -27.8626 -47.8439 34.8886 -35.0301 -29.5870 -21.9677 -41.9965 19.3111 -30.0438 -48.9835 15.4606 -36.3935 -4.6885 -24.9887 -44.2320 25.5942 -31.6932 -48.2614 -7.6792 -37.4119 5.2040 -26.4164 -45.9565 30.9605 -33.0830 -45.3588 -15.5883 -39.0332 10.7726 -27.6245 -47.4457 34.7751 -34.6633 -33.1247 -23.2497 -46.4261 -22.1191 -31.0734 -38.0514 19.9656 -46.0408 -26.6057 5.2020 -37.4119 -7.6792 -48.2614 -31.6932 25.5942 -44.2320 -24.9887 -4.6885 -36.3935 15.4606 -48.9835 -30.0438 19.3111 -41.9965 -21.9677 -29.5870 -35.0301 34.8886 -47.8439 -27.8626 11.1326 -38.9469 -14.5347 -46.6634 -32.4519 27.8406 -44.7353 -25.2727 -4.0553 -36.3564 19.7538 -48.9502 -29.5460 17.1211 -41.0611 -20.0810 -38.6760 -33.9632 32.1691
-33.4112 -40.1095 -19.5749 -40.8103 16.4367 -29.3509 -48.8972 22.9349 -36.2663 -5.9478 -25.0403 -44.4970 27.0916 -32.2572 -47.1061 -13.6764 -38.7369 10.5537 -27.7277 -47.7225 34.9648 -34.9539 -30.3985 -21.8731 -41.9682 19.3111 -30.0655 -48.9807 14.2178 -36.4278 -3.6825 -25.1419 -44.4032 26.1585 -31.8485 -48.0730 -9.1115 -37.6283 6.0931 -26.5836 -46.1805 31.6489 -33.2751 -44.6409 -16.3257 -39.2675 11.4642 -27.7996 -47.6325 34.9300 -34.6310 -35.1600 -21.4467 -43.1545 33.5425 -40.8686 25.9453 -27.9511 -48.5042 10.8641 -46.2762 -26.6719 6.0926 -37.6283 -9.1115 -48.0730 -31.8485 26.1585 -44.4032 -25.1419 -3.6825 -36.4278 14.2178 -48.9807 -30.0655 19.3111 -41.9682 -21.8731 -30.3985 -34.9539 34.9648 -47.7225 -27.7277 10.5537 -38.7369 -13.6764 -47.1061 -32.2572 27.0916 -44.4970 -25.0403 -5.9478 -36.2663 22.9349 -48.8972 -29.3509 16.4367 -40.8103 -19.5749 -40.1095 -33.4112
-42.3608 -19.0354 -40.5600 15.7540 -29.1586 -48.8229 25.7458 -36.1616 -8.0792 -24.7927 -44.2574 26.3439 -32.0623 -47.4887 -12.6896 -38.5084 9.8813 -27.5728 -47.5697 34.9769 -34.8412 -31.6537 -21.6908 -41.8844 19.1568 -30.0438 -48.9807 13.7999 -36.4439 -3.0930 -25.2472 -44.5361 26.6374 -31.9837 -47.8798 -10.2282 -37.8230 6.8748 -26.7448 -46.3978 32.3055 -33.4661 -43.8228 -17.0095 -39.5028 12.1437 -27.9768 -47.8132 34.9823 -34.7712 -34.1500 -21.4319 -42.8940 32.2889 -38.3177 12.7473 -35.0092 -40.2505 -17.9355 -43.1266 35.6430 -46.3969 -26.7556 6.8750 -37.8230 -10.2282 -47.8798 -31.9837 26.6374 -44.5361 -25.2472 -3.0930 -36.4439 13.7999 -48.9807 -30.0438 19.1568 -41.8844 -21.6908 -31.6537 -34.8412 34.9769 -47.5697 -27.5728 9.8813 -38.5084 -12.6896 -47.4887 -32.0623 26.3439 -44.2574 -24.7927 -8.0792 -36.1616 25.7458 -48.8229 -29.1586 15.7540 -40.5600 -19.0354 -42.3608
-18.3164 -40.3131 15.0802 -28.9676 -48.7312 28.1102 -36.0421 -10.4877 -24.5233 -44.0138 25.5996 -31.8673 -47.8103 -11.5921 -38.2777 9.1503 -27.4042 -47.3928 34.8827 -34.7018 -33.1941 -21.4233 -41.7485 18.8493 -29.9788 -48.9835 14.2178 -36.4439 -2.9013 -25.2987 -44.6180 26.9783 -32.0917 -47.6931 -11.0997 -37.9925 7.5303 -26.8894 -46.5962 32.8953 -33.6530 -42.8952 -17.6470 -39.7391 12.8139 -28.1551 -47.9850 34.8730 -34.9369 -32.2749 -21.8254 -43.2583 29.3638 -43.4720 20.3767 -35.1290 -31.4702 -24.6099 -46.6723 34.0845 -38.9568 34.1073 -46.5813 -26.8892 7.5303 -37.9925 -11.0997 -47.6931 -32.0917 26.9783 -44.6180 -25.2987 -2.9013 -36.4439 14.2178 -48.9835 -29.9788 18.8493 -41.7485 -21.4233 -33.1941 -34.7018 34.8827 -47.3928 -27.4042 9.1503 -38.2777 -11.5921 -47.8103 -31.8673 25.5996 -44.0138 -24.5233 -10.4877 -36.0421 28.1102 -48.7312 -28.9676 15.0802 -40.3131 -18.3164
-40.4985 14.3981 -28.7763 -48.6203 30.0892 -35.9151 -13.0992 -24.2340 -43.7659 24.8518 -31.6725 -48.0764 -10.3601 -38.0483 8.3953 -27.2310 -47.1990 34.6629 -34.5423 -34.8485 -21.0867 -41.5712 18.4171 -29.8734 -48.9849 15.4606 -36.4278 -3.0930 -25.2987 -44.6452 27.1495 -32.1585 -47.5430 -11.7407 -38.1332 8.0630 -27.0132 -46.7644 33.3772 -33.8246 -41.8958 -18.2355 -39.9757 13.4772 -28.3347 -48.1473 34.5737 -35.1021 -30.1334 -22.0225 -43.3248 5.3878 -48.5262 -20.1770 -37.2319 -5.2105 -26.7172 -48.0433 32.6287 -39.7430 11.9767 -36.3304 33.4873 -46.7631 -27.0131 8.0630 -38.1332 -11.7407 -47.5430 -32.1585 27.1495 -44.6452 -25.2987 -3.0930 -36.4278 15.4606 -48.9849 -29.8734 18.4171 -41.5712 -21.0867 -34.8485 -34.5423 34.6629 -47.1990 -27.2310 8.3953 -38.0483 -10.3601 -48.0764 -31.6725 24.8518 -43.7659 -24.2340 -13.0992 -35.9151 30.0892 -48.6203 -28.7763 14.3981 -40.4985
13.7973 -28.5675 -48.4930 31.6734 -35.7795 -15.8348 -23.9308 -43.5136 24.0912 -31.4764 -48.2921 -8.9638 -37.8200 7.6112 -27.0591 -46.9964 34.3234 -34.3660 -36.5423 -20.6864 -41.3636 17.8924 -29.7369 -48.9778 17.4317 -36.3935 -3.6825 -25.2472 -44.6180 27.1495 -32.1808 -47.4634 -12.1252 -38.2350 8.4723 -27.1162 -46.9028 33.7510 -33.9709 -40.9177 -18.7427 -40.1996 14.1150 -28.5128 -48.2993 34.0552 -35.2638 -27.7785 -22.1617 -42.9644 33.0607 -47.9637 -28.8685 17.6390 -49.7581 -22.3814 -47.6589 29.5556 -40.5373 13.8924 -33.7772 -16.4539 -34.8125 33.7546 -46.9027 -27.1162 8.4723 -38.2350 -12.1252 -47.4634 -32.1808 27.1495 -44.6180 -25.2472 -3.6825 -36.3935 17.4317 -48.9778 -29.7369 17.8924 -41.3636 -20.6864 -36.5423 -34.3660 34.3234 -46.9964 -27.0591 7.6112 -37.8200 -8.9638 -48.2921 -31.4764 24.0912 -43.5136 -23.9308 -15.8348 -35.7795 31.6734 -48.4930 -28.5675 13.7973
-27.3427 -48.3518 32.9012 -35.6315 -18.6794 -23.6101 -43.2605 23.3359 -31.2784 -48.4640 -7.3653 -37.5929 6.7920 -26.8883 -46.7884 33.8898 -34.1842 -38.1462 -20.2350 -41.1323 17.2875 -29.5768 -48.9548 19.8398 -36.3407 -4.6885 -25.1419 -44.5361 26.9783 -32.1585 -47.4634 -12.2501 -38.2876 8.7332 -27.1924 -47.0119 34.0351 -34.0925 -40.0116 -19.1572 -40.3976 14.6940 -28.6788 -48.4341 33.2998 -35.4200 -25.2713 -22.4405 -42.4779 30.5889 -42.6519 -17.9613 -32.0188 -37.2334 33.9612 -43.9124 34.9516 -39.9074 14.3393 -33.5580 -42.4719 -27.4851 -36.7734 -34.2194 34.0350 -47.0119 -27.1924 8.7332 -38.2876 -12.2501 -47.4634 -32.1585 26.9783 -44.5361 -25.1419 -4.6885 -36.3407 19.8398 -48.9548 -29.5768 17.2875 -41.1323 -20.2350 -38.1462 -34.1842 33.8898 -46.7884 -26.8883 6.7920 -37.5929 -7.3653 -48.4640 -31.2784 23.3359 -43.2605 -23.6101 -18.6794 -35.6315 32.9012 -48.3518 -27.3427
-48.0596 33.7934 -35.4796 -21.5209 -23.2747 -43.0100 22.5979 -31.0779 -48.5949 -5.4862 -37.3642 5.9304 -26.7189 -46.5755 33.3789 -34.0000 -39.5898 -19.7538 -40.8913 16.6389 -29.3979 -48.9110 22.4660 -36.2704 -6.0689 -24.9887 -44.4032 26.6374 -32.0917 -47.5430 -12.1252 -38.2876 8.8194 -27.2318 -47.0819 34.2260 -34.1897 -39.1927 -19.4965 -40.5687 15.1988 -28.8265 -48.5450 32.3552 -35.5641 -22.6799 -22.7905 -42.4710 23.4552 -38.3717 33.4040 -47.0895 -27.1510 0.1445 -37.3429 18.2411 -37.3440 7.9310 -33.0206 -40.7665 -25.6545 -47.5149 -22.4020 -38.9334 -34.1989 34.2260 -47.0819 -27.2318 8.8194 -38.2876 -12.1252 -47.5430 -32.0917 26.6374 -44.4032 -24.9887 -6.0689 -36.2704 22.4660 -48.9110 -29.3979 16.6389 -40.8913 -19.7538 -39.5898 -34.0000 33.3789 -46.5755 -26.7189 5.9304 -37.3642 -5.4862 -48.5949 -31.0779 22.5979 -43.0100 -23.2747 -21.5209 -35.4796 33.7934 -48.0596
28.7563 -35.1117 -24.2718 -22.9249 -42.7566 21.8608 -30.8757 -48.6864 -3.2352 -37.1334 5.0045 -26.5506 -46.3583 32.8050 -33.8135 -40.8833 -19.2469 -40.6509 15.9834 -29.2120 -48.8457 25.1267 -36.1809 -7.8051 -24.7970 -44.2320 26.1585 -31.9837 -47.6931 -11.7407 -38.2350 8.7332 -27.2318 -47.1051 34.3178 -34.2524 -38.5531 -19.7610 -40.7126 15.6282 -28.9586 -48.6346 31.3157 -35.6880 -20.2036 -23.1331 -42.7397 22.1567 -35.8222 10.3552 -39.7151 27.8585 -48.6635 -27.5344 -26.5895 -31.9821 -24.4736 -30.4036 -44.2826 -28.8861 -46.8974 -13.6806 -44.0045 -20.4570 -38.5571 -34.2522 34.3178 -47.1051 -27.2318 8.7332 -38.2350 -11.7407 -47.6931 -31.9837 26.1585 -44.2320 -24.7970 -7.8051 -36.1809 25.1267 -48.8457 -29.2120 15.9834 -40.6509 -19.2469 -40.8833 -33.8135 32.8050 -46.3583 -26.5506 5.0045 -37.1334 -3.2352 -48.6864 -30.8757 21.8608 -42.7566 -22.9249 -24.2718 -35.1117 28.7563
-34.8427 -26.9329 -22.5561 -42.5030 21.1321 -30.6751 -48.7450 -0.6059 -36.9029 3.9985 -26.3798 -46.1341 32.1809 -33.6252 -42.0376 -18.7113 -40.4113 15.3293 -29.0271 -48.7611 27.5227 -36.0731 -9.9488 -24.5675 -44.0356 25.5942 -31.8485 -47.8798 -11.0997 -38.1332 8.4723 -27.1924 -47.0819 34.3178 -34.2732 -38.2109 -19.9287 -40.8186 15.9746 -29.1465 -48.6539 30.1923 -35.8043 -18.0141 -23.4264 -43.0609 23.7732 -35.6973 -11.7252 -34.9873 15.0020 -40.6535 24.8107 -47.5809 -21.0399 -48.7960 -23.8836 -48.6084 -28.6957 -22.3786 -31.7414 -45.9857 35.5967 -41.8569 -20.0013 -38.2135 -34.2732 34.3178 -47.0819 -27.1924 8.4723 -38.1332 -11.0997 -47.8798 -31.8485 25.5942 -44.0356 -24.5675 -9.9488 -36.0731 27.5227 -48.7611 -29.0271 15.3293 -40.4113 -18.7113 -42.0376 -33.6252 32.1809 -46.1341 -26.3798 3.9985 -36.9029 -0.6059 -48.7450 -30.6751 21.1321 -42.5030 -22.5561 -26.9329 -34.8427
-31.2704 -22.1702 -42.2518 20.4186 -30.4751 -48.8215 2.4425 -36.6805 2.9004 -26.2077 -45.9028 31.5077 -33.4352 -43.0634 -18.1438 -40.1724 14.6752 -28.8433 -48.6597 29.5307 -35.9527 -12.4059 -24.3022 -43.8145 24.9593 -31.6932 -48.0730 -10.2282 -37.9925 8.0630 -27.1162 -47.0119 34.2260 -34.2524 -38.2109 -19.9839 -40.8735 16.2272 -31.1814 -48.1369 24.0121 -35.0807 -15.2688 -23.6883 -43.2852 26.5400 -37.2353 0.6900 -34.1749 -15.4880 -35.5888 15.9299 -40.1172 35.4600 -44.0173 4.1964 -46.6765 -22.4765 -37.2704 -35.8897 31.6551 -47.5518 -32.8127 19.0995 -40.9333 -19.9848 -38.2109 -34.2524 34.2260 -47.0119 -27.1162 8.0630 -37.9925 -10.2282 -48.0730 -31.6932 24.9593 -43.8145 -24.3022 -12.4059 -35.9527 29.5307 -48.6597 -28.8433 14.6752 -40.1724 -18.1438 -43.0634 -33.4352 31.5077 -45.9028 -26.2077 2.9004 -36.6805 2.4425 -48.8215 -30.4751 20.4186 -42.2518 -22.1702 -31.2704
-20.8978 -41.9983 19.7070 -30.2768 -48.9088 5.8922 -36.5652 1.7080 -26.0375 -45.6680 30.7932 -33.2409 -43.9734 -17.5400 -39.9344 14.0194 -28.6605 -48.5431 31.1706 -35.8232 -15.0219 -24.0132 -43.5758 24.2572 -31.5151 -48.2614 -9.1115 -37.8230 7.5303 -27.0132 -46.9028 34.0351 -34.1897 -38.5531 -19.9287 -40.8739 16.3297 -32.2850 -28.8279 -45.0125 -23.5812 -44.8589 -21.2793 -42.9588 26.6057 -39.2851 15.5776 -36.8120 0.4154 -34.7815 -5.3869 -35.7792 11.9741 -38.7496 27.4134 -41.7566 13.9936 -48.5506 -29.6378 9.6543 -40.5864 -7.2071 -46.5492 -30.9263 16.4353 -40.8733 -19.9285 -38.5535 -34.1897 34.0351 -46.9028 -27.0132 7.5303 -37.8230 -9.1115 -48.2614 -31.5151 24.2572 -43.5758 -24.0132 -15.0219 -35.8232 31.1706 -48.5431 -28.6605 14.0194 -39.9344 -17.5400 -43.9734 -33.2409 30.7932 -45.6680 -26.0375 1.7080 -36.5652 5.8922 -48.9088 -30.2768 19.7070 -41.9983 -20.8978
-42.0323 19.0033 -30.0800 -48.9598 9.5870 -36.5360 0.4107 -25.8604 -45.4278 30.0463 -33.0408 -44.7944 -16.8858 -39.6973 13.3604 -28.4790 -48.4127 32.4704 -35.6857 -17.7328 -23.7096 -43.3332 23.5308 -31.3235 -48.4314 -7.6792 -37.6283 6.8748 -26.8894 -46.7644 33.7510 -34.0925 -39.1927 -19.7609 -40.8192 16.2390 -31.0304 -44.2628 -32.3302 34.2197 -44.8887 22.7385 -40.2561 20.4321 -36.5435 31.5519 -40.8731 17.9632 -37.6171 9.6608 -36.2283 1.2687 -35.5084 6.9658 -37.9585 26.4010 -43.3106 -16.0992 -45.2844 -34.1234 19.3420 -41.3343 -10.4232 -48.7147 -29.7544 16.2307 -40.8237 -19.7664 -39.1980 -34.0950 33.7510 -46.7644 -26.8894 6.8748 -37.6283 -7.6792 -48.4314 -31.3235 23.5308 -43.3332 -23.7096 -17.7328 -35.6857 32.4704 -48.4127 -28.4790 13.3604 -39.6973 -16.8858 -44.7944 -33.0408 30.0463 -45.4278 -25.8604 0.4107 -36.5360 9.5870 -48.9598 -30.0800 19.0033 -42.0323
18.5572 -29.8409 -48.9799 13.4287 -36.4829 -1.0420 -25.6676 -45.1850 29.2826 -32.8396 -45.5195 -16.1721 -39.4578 12.6961 -28.2985 -48.2698 33.4619 -35.5408 -20.4713 -23.3916 -43.0902 22.8123 -31.1295 -48.5675 -5.9107 -37.4119 6.0931 -26.7448 -46.5962 33.3772 -33.9709 -40.0116 -19.4965 -40.7126 15.9866 -29.8153 -48.7331 -24.2595 -36.6791 -34.7439 14.6906 -34.7193 3.2911 -28.5248 -24.6897 -46.8476 35.4086 -40.8653 22.2448 -39.8016 20.1455 -37.5332 4.1764 -35.3748 7.9418 -38.9255 34.6574 -46.2185 -24.2931 -29.2321 -35.8687 20.6610 -40.4026 -0.6656 -48.7322 -30.8882 16.9028 -40.9209 -19.6469 -39.9651 -34.0300 33.3771 -46.5962 -26.7447 6.0931 -37.4119 -5.9107 -48.5675 -31.1295 22.8123 -43.0902 -23.3916 -20.4713 -35.5408 33.4619 -48.2698 -28.2985 12.6961 -39.4578 -16.1721 -45.5195 -32.8396 29.2826 -45.1850 -25.6676 -1.0420 -36.4829 13.4287 -48.9799 -29.8409 18.5572
-28.7486 -48.9711 17.1773 -36.4157 -2.6578 -25.4573 -44.9422 28.5157 -32.6376 -46.1485 -15.3896 -39.2133 12.0067 -28.1193 -48.1157 34.1778 -35.3894 -23.1716 -23.0587 -42.8469 22.1019 -30.9360 -48.6650 -3.8295 -37.1872 5.2040 -26.5836 -46.3978 32.8953 -33.8246 -40.9185 -19.1571 -40.5685 15.6376 -29.3697 -48.6357 -9.7984 -46.4426 -21.6127 -46.7299 -27.0544 -47.2643 -22.9035 -47.4528 23.9378 -25.0476 -45.7901 33.1062 -41.8726 35.1721 -43.0751 29.8694 -37.8486 5.4302 -36.2500 16.8961 -41.1934 16.8112 -48.4643 -28.8600 -7.1189 -37.2736 26.5497 -42.5334 -18.5830 -44.9153 -34.2951 22.1014 -42.0912 -20.7325 -39.5027 -34.2984 32.9113 -46.3958 -26.5835 5.2040 -37.1872 -3.8295 -48.6650 -30.9360 22.1019 -42.8469 -23.0587 -23.1716 -35.3894 34.1778 -48.1157 -28.1193 12.0067 -39.2133 -15.3896 -46.1485 -32.6376 28.5157 -44.9422 -25.4573 -2.6578 -36.4157 17.1773 -48.9711 -28.7486
-48.7691 20.5924 -36.3333 -4.4668 -25.2283 -44.6950 27.7358 -32.4361 -46.6903 -14.5357 -38.9699 11.2974 -27.9388 -47.9513 34.6501 -35.2321 -25.7782 -22.7107 -42.6035 21.3997 -30.7431 -48.7273 -1.4071 -36.9636 4.2434 -26.4164 -46.1805 32.3055 -33.6530 -41.8984 -18.7485 -40.4203 15.3513 -29.6136 -48.5174 8.9794 -41.7367 35.8357 -44.1430 -0.9122 -45.5450 6.6959 -42.8735 32.3436 -35.8655 -47.3106 8.6556 -41.1682 35.3988 -49.0358 -18.4869 -45.7255 31.3775 -37.6382 11.3235 -38.8711 31.9143 -44.5678 -19.1098 -46.1125 -33.6558 13.8427 -40.5819 14.7939 -48.7334 -30.3386 5.8893 -38.8948 35.8022 -45.7829 -25.4644 -30.2003 -35.3588 32.4987 -46.1741 -26.4162 4.2434 -36.9636 -1.4071 -48.7273 -30.7431 21.3997 -42.6035 -22.7107 -25.7782 -35.2321 34.6501 -47.9513 -27.9388 11.2974 -38.9699 -14.5357 -46.6903 -32.4361 27.7358 -44.6950 -25.2283 -4.4668 -36.3333 20.5924 -48.7691
11.4402 -35.9453 -6.4924 -24.9832 -44.4468 26.9567 -32.2349 -47.1475 -13.6086 -38.7297 10.5807 -27.7553 -47.7725 34.9114 -35.0694 -28.2506 -22.3470 -42.3601 20.7056 -30.5508 -48.7958 1.3954 -36.7414 3.2119 -26.2504 -45.9565 31.6489 -33.4661 -42.8994 -18.2928 -40.4358 16.2061 -31.4715 -48.7636 -3.2012 -40.7455 25.4866 -39.9308 26.5359 -40.4841 31.7209 -41.1413 30.2190 -39.9784 5.6146 -24.7433 -42.6505 24.4664 -37.1244 -29.0365 -28.5982 -24.0720 -44.2867 30.6797 -38.5468 25.2104 -41.7935 3.5404 -48.7660 -30.0516 1.5604 -38.6967 35.5753 -47.2615 -26.9088 -5.5038 -37.9965 32.7372 -45.2693 -20.2694 -47.0078 -32.0498 0.9637 -36.7741 32.2158 -45.9482 -26.2507 3.2116 -36.7414 1.3955 -48.7958 -30.5508 20.7056 -42.3601 -22.3470 -28.2506 -35.0694 34.9114 -47.7725 -27.7553 10.5807 -38.7297 -13.6086 -47.1475 -32.2349 26.9567 -44.4468 -24.9832 -6.4924 -35.9453 11.4402
-36.0867 -8.7202 -24.7236 -44.1996 26.1862 -32.0311 -47.5379 -12.5710 -38.4880 9.8382 -27.5730 -47.5822 34.9830 -34.8996 -30.5638 -21.9670 -42.1169 20.0192 -30.3592 -48.8812 4.5785 -36.5987 2.0952 -26.0857 -45.7294 30.9605 -33.2751 -43.8265 -17.7686 -40.9205 21.7494 -35.0980 -39.0953 -21.8238 -44.1042 32.3539 -39.2163 14.5176 -37.7953 17.4703 -40.1529 29.7018 -42.9130 34.8081 -33.3095 -47.9302 25.1670 -37.3132 16.4763 -26.6298 -31.2819 -37.5776 -19.1463 -46.0451 30.3116 -42.8138 10.7251 -44.4612 -25.3828 -11.0589 -36.6026 25.8213 -44.1987 -21.1825 -34.7524 -36.0924 27.2806 -44.4762 -20.2969 -43.4819 -32.8673 9.8724 -37.5909 16.6226 -37.4610 31.6599 -45.7292 -26.0934 2.0996 -36.5994 4.5792 -48.8812 -30.3592 20.0192 -42.1169 -21.9670 -30.5638 -34.8996 34.9830 -47.5822 -27.5730 9.8382 -38.4880 -12.5710 -47.5379 -32.0311 26.1862 -44.1996 -24.7236 -8.7202 -36.0867
-13.0280 -24.4501 -43.9487 25.4111 -31.8291 -47.8633 -11.4098 -38.2481 9.0756 -27.3924 -47.3864 34.8867 -34.7207 -32.7575 -21.5646 -41.8739 19.3399 -30.1685 -48.9443 8.0753 -36.5503 0.8763 -25.9184 -45.4995 30.2484 -33.0830 -44.6424 -17.1021 -40.9165 33.3215 -39.5300 14.1218 -32.1988 -48.5962 -8.1454 -42.2262 23.8801 -37.3658 7.2400 -37.4673 20.9609 -42.2273 25.0804 -68.7865 -51.1297 -100.9666 -47.0059 -50.9755 -74.7342 44.6983 12.7903 -23.5281 -72.1928 24.6884 -53.4941 -12.4221 9.3176 -46.9363 -51.4268 -36.1013 16.7613 -41.0472 -3.4009 -48.3756 -32.8117 17.4363 -42.1557 -14.2068 -46.3492 -33.2248 16.8633 -40.3449 35.2863 -42.6603 18.6523 -36.9533 30.7716 -45.5408 -25.9583 0.9189 -36.5542 8.0760 -48.9443 -30.1685 19.3399 -41.8739 -21.5644 -32.7571 -34.7193 34.8865 -47.3864 -27.3924 9.0756 -38.2481 -11.4097 -47.8633 -31.8277 25.4112 -43.9489 -24.4502 -13.0281
-22.8967 -43.6969 24.6438 -31.6274 -48.1272 -10.1109 -38.0093 8.2859 -27.2119 -47.1810 34.6456 -34.5390 -34.7913 -21.1369 -41.6278 18.6672 -29.9785 -48.9766 11.7458 -36.5085 -0.4644 -25.7391 -45.2671 29.5194 -32.8900 -45.3590 -16.3443 -40.1467 31.0231 -46.5292 -3.6705 -40.0508 6.6465 -28.1819 -48.1168 -1.4936 -41.0300 15.3499 -36.0013 7.4472 -38.9921 31.2136 -45.3526 -29.5125 -79.0519 3.7752 41.8560 -38.2428 43.5678 55.1869 -81.4850 -80.4788 -58.0519 -82.2270 -59.2142 -28.5858 -26.7000 -14.9085 -14.3144 19.9587 -39.6242 35.6651 -47.3237 -27.7375 3.6358 -39.3842 26.4229 -48.9193 -30.9238 13.1472 -40.7193 0.6146 -48.9384 -19.0968 -37.6675 5.2847 -35.4754 30.2950 -45.4322 -25.8909 -0.3563 -36.5398 11.8259 -48.9071 -30.0585 18.6525 -41.6220 -21.1458 -34.8342 -34.6108 34.6541 -47.1626 -27.2536 8.2778 -38.0094 -10.0775 -48.1321 -31.7007 24.6376 -43.6905 -22.9422
