-22.6794 -45.0159 27.9118 -31.5421 -47.8070 -13.4023 -38.6600 7.3142 -25.6576 -46.5001 31.7448 -33.0471 -44.0083 -17.5478 -40.1245 12.6084 -27.0044 -47.7942 30.6305 -34.5001 -34.7636 -20.3273 -41.6507 17.3820 -28.3974 -48.6657 17.0244 -35.8086 -17.7449 -22.4467 -43.2137 22.2189 -29.8405 -48.7875 -3.3694 -37.0290 -1.8686 -24.1208 -44.7767 27.1857 -31.3216 -48.0911 -12.5508 -38.4439 6.3877 -25.4578 -46.2834 31.3421 -32.8973 -43.6610 -25.0205 -43.6610 -32.8973 31.3421 -46.2834 -25.4578 6.3877 -38.4439 -12.5508 -48.0911 -31.3216 27.1857 -44.7767 -24.1208 -1.8686 -37.0290 -3.3694 -48.7875 -29.8405 22.2189 -43.2137 -22.4467 -17.7449 -35.8086 17.0244 -48.6657 -28.3974 17.3820 -41.6507 -20.3273 -34.7636 -34.5001 30.6305 -47.7942 -27.0044 12.6084 -40.1245 -17.5478 -44.0083 -33.0471 31.7448 -46.5001 -25.6576 7.3142 -38.6600 -13.4023 -47.8070 -31.5421 27.9118 -45.0159 -22.6794
-45.0159 28.2049 -32.2889 -47.1600 -12.6056 -38.2611 8.3488 -27.0523 -46.7723 33.3265 -33.6563 -42.1603 -18.0699 -39.9018 13.2603 -28.2623 -48.0920 34.6903 -34.8471 -30.9729 -21.4918 -41.5795 17.8559 -29.5223 -48.9008 25.5311 -35.7832 -12.9189 -23.9534 -43.2802 22.6478 -30.8287 -48.7396 2.1899 -36.4564 0.4899 -25.6936 -44.9563 27.7895 -32.1556 -47.5138 -11.4997 -38.0256 7.5283 -26.8756 -46.5466 32.7139 -33.4639 -43.2257 -18.3244 -43.1889 -18.3244 -43.2257 -33.4639 32.7139 -46.5466 -26.8756 7.5283 -38.0256 -11.4997 -47.5138 -32.1556 27.7895 -44.9563 -25.6936 0.4899 -36.4564 2.1899 -48.7396 -30.8287 22.6478 -43.2802 -23.9534 -12.9189 -35.7832 25.5311 -48.9008 -29.5223 17.8559 -41.5795 -21.4918 -30.9729 -34.8471 34.6903 -48.0920 -28.2623 13.2603 -39.9018 -18.0699 -42.1603 -33.6563 33.3265 -46.7723 -27.0523 8.3488 -38.2611 -12.6056 -47.1600 -32.2889 28.2049 -45.0159
27.9118 -32.2889 -46.9920 -13.2767 -38.4489 9.0352 -27.2122 -46.9819 33.8610 -33.9868 -40.9728 -18.6637 -40.1497 13.9485 -28.4629 -48.2539 34.2440 -35.2123 -28.5939 -21.9060 -41.8326 18.5440 -29.7529 -48.9509 22.7208 -36.1669 -10.3190 -24.2542 -43.5307 23.3950 -31.0898 -48.6814 -0.7984 -36.6908 1.7948 -25.8726 -45.2016 28.5612 -32.4516 -47.1184 -12.6443 -38.2644 8.3403 -27.0454 -46.7672 33.3227 -33.7905 -42.1759 -18.0634 -40.1488 25.5497 -40.1488 -18.0634 -42.1759 -33.7905 33.3227 -46.7672 -27.0454 8.3403 -38.2644 -12.6443 -47.1184 -32.4516 28.5612 -45.2016 -25.8726 1.7948 -36.6908 -0.7984 -48.6814 -31.0898 23.3950 -43.5307 -24.2542 -10.3190 -36.1669 22.7208 -48.9509 -29.7529 18.5440 -41.8326 -21.9060 -28.5939 -35.2123 34.2440 -48.2539 -28.4629 13.9485 -40.1497 -18.6637 -40.9728 -33.9868 33.8610 -46.9819 -27.2122 9.0352 -38.4489 -13.2767 -46.9920 -32.2889 27.9118
-31.5421 -47.1600 -13.2767 -38.5249 9.4582 -27.3374 -47.1575 34.2718 -34.1650 -39.6919 -19.2139 -40.3920 14.6222 -28.6486 -48.4023 33.5236 -35.3750 -26.0383 -22.3032 -42.0855 19.2440 -29.9496 -48.9771 19.5084 -36.2740 -7.9257 -24.5424 -43.7827 24.1426 -31.2912 -48.5883 -3.4018 -36.9165 2.9808 -26.0492 -45.4441 29.3348 -32.6526 -46.6507 -13.6738 -38.5046 9.1271 -27.2245 -46.9843 33.8566 -33.9847 -41.0021 -18.6566 -40.1450 14.6535 -33.5107 14.6535 -40.1450 -18.6566 -41.0021 -33.9847 33.8566 -46.9843 -27.2245 9.1271 -38.5046 -13.6738 -46.6507 -32.6526 29.3348 -45.4441 -26.0492 2.9808 -36.9165 -3.4018 -48.5883 -31.2912 24.1426 -43.7827 -24.5424 -7.9257 -36.2740 19.5084 -48.9771 -29.9496 19.2440 -42.0855 -22.3032 -26.0383 -35.3750 33.5236 -48.4023 -28.6486 14.6222 -40.3920 -19.2139 -39.6919 -34.1650 34.2718 -47.1575 -27.3374 9.4582 -38.5249 -13.2767 -47.1600 -31.5421
-47.8070 -12.6056 -38.4489 9.4582 -27.3854 -47.2614 34.5244 -34.3094 -38.4092 -19.6943 -40.6252 15.2686 -28.8331 -48.5360 32.5352 -35.5300 -23.3616 -22.6838 -42.3361 19.9506 -30.1472 -48.9764 15.9175 -36.3637 -5.7523 -24.8139 -44.0346 24.9047 -31.4942 -48.4532 -5.6073 -37.1493 4.0599 -26.2207 -45.6840 30.0972 -32.8531 -46.1088 -14.6055 -38.7440 9.8898 -27.4035 -47.1954 34.3127 -34.1767 -39.6651 -19.2112 -40.3949 14.6163 -29.6269 -47.9088 -29.6269 14.6163 -40.3949 -19.2112 -39.6651 -34.1767 34.3127 -47.1954 -27.4035 9.8898 -38.7440 -14.6055 -46.1088 -32.8531 30.0972 -45.6840 -26.2207 4.0599 -37.1493 -5.6073 -48.4532 -31.4942 24.9047 -44.0346 -24.8139 -5.7523 -36.3637 15.9175 -48.9764 -30.1472 19.9506 -42.3361 -22.6838 -23.3616 -35.5300 32.5352 -48.5360 -28.8331 15.2686 -40.6252 -19.6943 -38.4092 -34.3094 34.5244 -47.2614 -27.3854 9.4582 -38.4489 -12.6056 -47.8070
-13.4023 -38.2611 9.0352 -27.3374 -47.2614 34.6067 -34.3923 -37.4118 -20.0696 -40.8317 15.8760 -29.0080 -48.6519 31.2528 -35.6776 -20.6277 -23.0391 -42.5863 20.6559 -30.3449 -48.9469 12.1165 -36.4403 -3.8248 -25.0701 -44.2829 25.6760 -31.6954 -48.2727 -7.5128 -37.3832 5.0724 -26.3923 -45.9214 30.8421 -33.0556 -45.4743 -15.4448 -38.9868 10.6236 -27.5847 -47.3979 34.6671 -34.3658 -38.1673 -19.7407 -40.6419 15.3031 -28.8711 -48.3070 -11.1298 -48.3070 -28.8711 15.3031 -40.6419 -19.7407 -38.1673 -34.3658 34.6671 -47.3979 -27.5847 10.6236 -38.9868 -15.4448 -45.4743 -33.0556 30.8421 -45.9214 -26.3923 5.0724 -37.3832 -7.5128 -48.2727 -31.6954 25.6760 -44.2829 -25.0701 -3.8248 -36.4403 12.1165 -48.9469 -30.3449 20.6559 -42.5863 -23.0391 -20.6277 -35.6776 31.2528 -48.6519 -29.0080 15.8760 -40.8317 -20.0696 -37.4118 -34.3923 34.6067 -47.2614 -27.3374 9.0352 -38.2611 -13.4023
-38.6600 8.3488 -27.2122 -47.1575 34.5244 -34.3923 -37.0385 -20.2796 -40.9792 16.3617 -29.1590 -48.7459 29.7309 -35.8091 -17.9246 -23.3729 -42.8327 21.3591 -30.5391 -48.8856 8.3415 -36.5010 -2.1050 -25.3083 -44.5325 26.4451 -31.8974 -48.0448 -9.1528 -37.6183 6.0182 -26.5656 -46.1527 31.5642 -33.2545 -44.7404 -16.2218 -39.2306 11.3472 -27.7677 -47.5954 34.8972 -34.5535 -36.4968 -20.2422 -40.8919 15.9775 -29.0284 -48.6351 30.0001 -38.2345 30.0001 -48.6351 -29.0284 15.9775 -40.8919 -20.2422 -36.4968 -34.5535 34.8972 -47.5954 -27.7677 11.3472 -39.2306 -16.2218 -44.7404 -33.2545 31.5642 -46.1527 -26.5656 6.0182 -37.6183 -9.1528 -48.0448 -31.8974 26.4451 -44.5325 -25.3083 -2.1050 -36.5010 8.3415 -48.8856 -30.5391 21.3591 -42.8327 -23.3729 -17.9246 -35.8091 29.7309 -48.7459 -29.1590 16.3617 -40.9792 -20.2796 -37.0385 -34.3923 34.5244 -47.1575 -27.2122 8.3488 -38.6600
7.3142 -27.0523 -46.9819 34.2718 -34.3094 -37.4118 -20.2796 -41.0339 16.6337 -29.2654 -48.8111 28.1882 -35.9206 -15.4009 -23.6790 -43.0726 22.0608 -30.7314 -48.7995 4.7858 -36.5419 -0.5842 -25.5257 -44.7771 27.2145 -32.0998 -47.7590 -10.5653 -37.8553 6.9092 -26.7411 -46.3825 32.2455 -33.4524 -43.9082 -16.9414 -39.4729 12.0566 -27.9520 -47.7845 34.9837 -34.7343 -34.6383 -20.7176 -41.1434 16.6593 -29.2214 -48.7631 29.5441 -36.2658 8.9171 -36.2658 29.5441 -48.7631 -29.2214 16.6593 -41.1434 -20.7176 -34.6383 -34.7343 34.9837 -47.7845 -27.9520 12.0566 -39.4729 -16.9414 -43.9082 -33.4524 32.2455 -46.3825 -26.7411 6.9092 -37.8553 -10.5653 -47.7590 -32.0998 27.2145 -44.7771 -25.5257 -0.5842 -36.5419 4.7858 -48.7995 -30.7314 22.0608 -43.0726 -23.6790 -15.4009 -35.9206 28.1882 -48.8111 -29.2654 16.6337 -41.0339 -20.2796 -37.4118 -34.3094 34.2718 -46.9819 -27.0523 7.3142
-25.6576 -46.7723 33.8610 -34.1650 -38.4092 -20.0696 -40.9792 16.6337 -29.3042 -48.8451 26.9720 -36.0059 -13.3246 -23.9407 -43.2949 22.7402 -30.9203 -48.7300 1.5808 -36.5854 0.7678 -25.7234 -45.0137 27.9731 -32.2975 -47.4174 -11.8067 -38.0908 7.7573 -26.9168 -46.6085 32.8889 -33.6511 -42.9505 -17.6039 -39.7191 12.7481 -28.1379 -47.9648 34.8975 -34.9111 -32.6130 -21.1709 -41.3929 17.3460 -29.4138 -48.8494 27.3935 -35.9919 -12.3305 -29.9219 -12.3305 -35.9919 27.3935 -48.8494 -29.4138 17.3460 -41.3929 -21.1709 -32.6130 -34.9111 34.8975 -47.9648 -28.1379 12.7481 -39.7191 -17.6039 -42.9505 -33.6511 32.8889 -46.6085 -26.9168 7.7573 -38.0908 -11.8067 -47.4174 -32.2975 27.9731 -45.0137 -25.7234 0.7678 -36.5854 1.5808 -48.7300 -30.9203 22.7402 -43.2949 -23.9407 -13.3246 -36.0059 26.9720 -48.8451 -29.3042 16.6337 -40.9792 -20.0696 -38.4092 -34.1650 33.8610 -46.7723 -25.6576
-46.5001 33.3265 -33.9868 -39.6919 -19.6943 -40.8317 16.3617 -29.2654 -48.8451 26.5037 -36.0521 -11.9649 -24.1344 -43.4789 23.3345 -31.0931 -48.6741 -1.1711 -36.7199 1.9961 -25.9042 -45.2484 28.7198 -32.4923 -47.0218 -12.8951 -38.3237 8.5484 -27.0918 -46.8271 33.4773 -33.8448 -41.8644 -18.2282 -39.9661 13.4400 -28.3236 -48.1351 34.6085 -35.0868 -30.3773 -21.5989 -41.6454 18.0297 -29.6078 -48.9156 24.8676 -36.0802 -12.2782 -24.7133 -46.8079 -24.7133 -12.2782 -36.0802 24.8676 -48.9156 -29.6078 18.0297 -41.6454 -21.5989 -30.3773 -35.0868 34.6085 -48.1351 -28.3236 13.4400 -39.9661 -18.2282 -41.8644 -33.8448 33.4773 -46.8271 -27.0918 8.5484 -38.3237 -12.8951 -47.0218 -32.4923 28.7198 -45.2484 -25.9042 1.9961 -36.7199 -1.1711 -48.6741 -31.0931 23.3345 -43.4789 -24.1344 -11.9649 -36.0521 26.5037 -48.8451 -29.2654 16.3617 -40.8317 -19.6943 -39.6919 -33.9868 33.3265 -46.5001
31.7448 -33.6563 -40.9728 -19.2139 -40.6252 15.8760 -29.1590 -48.8111 26.9720 -36.0521 -11.4943 -24.2371 -43.6007 23.7890 -31.2331 -48.6011 -3.3647 -36.9265 3.0900 -26.0699 -45.4809 29.4606 -32.6867 -46.5579 -13.8621 -38.5546 9.2982 -27.2655 -47.0372 33.9828 -34.0344 -40.6560 -18.8115 -40.2111 14.1258 -28.5108 -48.2920 34.0835 -35.2538 -27.9473 -22.0101 -41.8981 18.7252 -29.8039 -48.9601 21.9496 -36.1974 -9.6785 -24.3406 -43.7127 35.3890 -43.7127 -24.3406 -9.6785 -36.1974 21.9496 -48.9601 -29.8039 18.7252 -41.8981 -22.0101 -27.9473 -35.2538 34.0835 -48.2920 -28.5108 14.1258 -40.2111 -18.8115 -40.6560 -34.0344 33.9828 -47.0372 -27.2655 9.2982 -38.5546 -13.8621 -46.5579 -32.6867 29.4606 -45.4809 -26.0699 3.0900 -36.9265 -3.3647 -48.6011 -31.2331 23.7890 -43.6007 -24.2371 -11.4943 -36.0521 26.9720 -48.8111 -29.1590 15.8760 -40.6252 -19.2139 -40.9728 -33.6563 31.7448
-33.0471 -42.1603 -18.6637 -40.3920 15.2686 -29.0080 -48.7459 28.1882 -36.0059 -11.9649 -24.2371 -43.6427 24.0382 -31.3261 -48.5296 -4.9324 -37.1050 4.0012 -26.2219 -45.7012 30.1803 -32.8806 -46.0188 -14.7405 -38.7867 10.0248 -27.4389 -47.2386 34.3990 -34.2201 -39.3193 -19.3473 -40.4535 14.7908 -28.6970 -48.4373 33.2995 -35.4155 -25.3729 -22.4038 -42.1485 19.4265 -30.0007 -48.9796 18.6030 -36.2969 -7.3377 -24.6133 -43.8418 25.0975 -35.7125 25.0975 -43.8418 -24.6133 -7.3377 -36.2969 18.6030 -48.9796 -30.0007 19.4265 -42.1485 -22.4038 -25.3729 -35.4155 33.2995 -48.4373 -28.6970 14.7908 -40.4535 -19.3473 -39.3193 -34.2201 34.3990 -47.2386 -27.4389 10.0248 -38.7867 -14.7405 -46.0188 -32.8806 30.1803 -45.7012 -26.2219 4.0012 -37.1050 -4.9324 -48.5296 -31.3261 24.0382 -43.6427 -24.2371 -11.9649 -36.0059 28.1882 -48.7459 -29.0080 15.2686 -40.3920 -18.6637 -42.1603 -33.0471
-44.0083 -18.0699 -40.1497 14.6222 -28.8331 -48.6519 29.7309 -35.9206 -13.3246 -24.1344 -43.6007 24.0382 -31.3594 -48.4853 -5.8773 -37.2390 4.6799 -26.3514 -45.8965 30.8336 -33.0638 -45.4081 -15.5423 -39.0198 10.7325 -27.6136 -47.4339 34.7176 -34.4013 -37.8451 -19.8489 -40.6933 15.4449 -28.8802 -48.5676 32.2362 -35.5702 -22.6724 -22.7764 -42.4020 20.1275 -30.1993 -48.9725 14.9466 -36.3842 -5.2468 -24.8819 -44.0974 25.0923 -32.6550 -33.2538 -32.6550 25.0923 -44.0974 -24.8819 -5.2468 -36.3842 14.9466 -48.9725 -30.1993 20.1275 -42.4020 -22.7764 -22.6724 -35.5702 32.2362 -48.5676 -28.8802 15.4449 -40.6933 -19.8489 -37.8451 -34.4013 34.7176 -47.4339 -27.6136 10.7325 -39.0198 -15.5423 -45.4081 -33.0638 30.8336 -45.8965 -26.3514 4.6799 -37.2390 -5.8773 -48.4853 -31.3594 24.0382 -43.6007 -24.1344 -13.3246 -35.9206 29.7309 -48.6519 -28.8331 14.6222 -40.1497 -18.0699 -44.0083
-17.5478 -39.9018 13.9485 -28.6486 -48.5360 31.2528 -35.8091 -15.4009 -23.9407 -43.4789 23.7890 -31.3261 -48.4853 -6.2034 -37.3124 5.1139 -26.4459 -46.0514 31.3704 -33.2227 -44.7741 -16.2421 -39.2468 11.4151 -27.7895 -47.6222 34.9195 -34.5795 -36.2087 -20.3253 -40.9338 16.0991 -29.0643 -48.6813 30.8708 -35.7138 -19.9252 -23.1264 -42.6519 20.8345 -30.3956 -48.9348 11.1211 -36.4601 -3.3566 -25.1327 -44.3478 25.8700 -31.7927 -47.9879 -22.3081 -47.9879 -31.7927 25.8700 -44.3478 -25.1327 -3.3566 -36.4601 11.1211 -48.9348 -30.3956 20.8345 -42.6519 -23.1264 -19.9252 -35.7138 30.8708 -48.6813 -29.0643 16.0991 -40.9338 -20.3253 -36.2087 -34.5795 34.9195 -47.6222 -27.7895 11.4151 -39.2468 -16.2421 -44.7741 -33.2227 31.3704 -46.0514 -26.4459 5.1139 -37.3124 -6.2034 -48.4853 -31.3261 23.7890 -43.4789 -23.9407 -15.4009 -35.8091 31.2528 -48.5360 -28.6486 13.9485 -39.9018 -17.5478
-40.1245 13.2603 -28.4629 -48.4023 32.5352 -35.6776 -17.9246 -23.6790 -43.2949 23.3345 -31.2331 -48.5296 -5.8773 -37.3124 5.2718 -26.4977 -46.1508 31.7499 -33.3468 -44.1877 -16.8093 -39.4546 12.0470 -27.9589 -47.8004 34.9830 -34.7543 -34.4013 -20.7787 -41.1750 16.7550 -29.2495 -48.7794 29.1594 -35.8498 -17.1867 -23.4563 -42.8953 21.5388 -30.5885 -48.8646 7.3723 -36.5142 -1.6855 -25.3654 -44.5969 26.6474 -31.9500 -47.9784 -10.8194 -40.7968 -10.8194 -47.9784 -31.9500 26.6474 -44.5969 -25.3654 -1.6855 -36.5142 7.3723 -48.8646 -30.5885 21.5388 -42.8953 -23.4563 -17.1867 -35.8498 29.1594 -48.7794 -29.2495 16.7550 -41.1750 -20.7787 -34.4013 -34.7543 34.9830 -47.8004 -27.9589 12.0470 -39.4546 -16.8093 -44.1877 -33.3468 31.7499 -46.1508 -26.4977 5.2718 -37.3124 -5.8773 -48.5296 -31.2331 23.3345 -43.2949 -23.6790 -17.9246 -35.6776 32.5352 -48.4023 -28.4629 13.2603 -40.1245
12.6084 -28.2623 -48.2539 33.5236 -35.5300 -20.6277 -23.3729 -43.0726 22.7402 -31.0931 -48.6011 -4.9324 -37.2390 5.1139 -26.4977 -46.1860 31.9495 -33.4292 -43.7201 -17.2343 -39.6275 12.5942 -28.1130 -47.9585 34.8918 -34.9216 -32.4171 -21.2111 -41.4167 17.4136 -29.4357 -48.8605 27.0751 -35.9775 -14.4895 -23.7714 -43.1386 22.2426 -30.7809 -48.7826 3.9281 -36.5501 -0.2236 -25.5781 -44.8382 27.4164 -32.1506 -47.6752 -10.8939 -38.1532 19.2561 -38.1532 -10.8939 -47.6752 -32.1506 27.4164 -44.8382 -25.5781 -0.2236 -36.5501 3.9281 -48.7826 -30.7809 22.2426 -43.1386 -23.7714 -14.4895 -35.9775 27.0751 -48.8605 -29.4357 17.4136 -41.4167 -21.2111 -32.4171 -34.9216 34.8918 -47.9585 -28.1130 12.5942 -39.6275 -17.2343 -43.7201 -33.4292 31.9495 -46.1860 -26.4977 5.1139 -37.2390 -4.9324 -48.6011 -31.0931 22.7402 -43.0726 -23.3729 -20.6277 -35.5300 33.5236 -48.2539 -28.2623 12.6084
-27.0044 -48.0920 34.2440 -35.3750 -23.3616 -23.0391 -42.8327 22.0608 -30.9203 -48.6741 -3.3647 -37.1050 4.6799 -26.4459 -46.1508 31.9495 -33.4600 -43.4500 -17.5064 -39.7536 13.0227 -28.2423 -48.0906 34.6650 -35.0698 -30.3764 -21.6142 -41.6591 18.0762 -29.6229 -48.9226 24.6003 -36.0960 -11.8999 -24.0720 -43.3815 22.9546 -30.9739 -48.7177 0.8168 -36.6168 1.0946 -25.7716 -45.0742 28.1655 -32.3477 -47.3217 -12.1082 -38.1491 8.7328 -32.2828 8.7328 -38.1491 -12.1082 -47.3217 -32.3477 28.1655 -45.0742 -25.7716 1.0946 -36.6168 0.8168 -48.7177 -30.9739 22.9546 -43.3815 -24.0720 -11.8999 -36.0960 24.6003 -48.9226 -29.6229 18.0762 -41.6591 -21.6142 -30.3764 -35.0698 34.6650 -48.0906 -28.2423 13.0227 -39.7536 -17.5064 -43.4500 -33.4600 31.9495 -46.1508 -26.4459 4.6799 -37.1050 -3.3647 -48.6741 -30.9203 22.0608 -42.8327 -23.0391 -23.3616 -35.3750 34.2440 -48.0920 -27.0044
-47.7942 34.6903 -35.2123 -26.0383 -22.6838 -42.5863 21.3591 -30.7314 -48.7300 -1.1711 -36.9265 4.0012 -26.3514 -46.0514 31.7499 -33.4292 -43.4500 -17.6030 -39.8242 13.2978 -28.3364 -48.1901 34.3588 -35.1947 -28.4495 -21.9678 -41.8884 18.7259 -29.8083 -48.9638 21.7352 -36.2045 -9.4724 -24.3582 -43.6241 23.6748 -31.1676 -48.6489 -1.9096 -36.7796 2.2945 -25.9482 -45.3084 28.9111 -32.5423 -46.9093 -13.1531 -38.3830 8.7355 -27.9798 -48.8355 -27.9798 8.7355 -38.3830 -13.1531 -46.9093 -32.5423 28.9111 -45.3084 -25.9482 2.2945 -36.7796 -1.9096 -48.6489 -31.1676 23.6748 -43.6241 -24.3582 -9.4724 -36.2045 21.7352 -48.9638 -29.8083 18.7259 -41.8884 -21.9678 -28.4495 -35.1947 34.3588 -48.1901 -28.3364 13.2978 -39.8242 -17.6030 -43.4500 -33.4292 31.7499 -46.0514 -26.3514 4.0012 -36.9265 -1.1711 -48.7300 -30.7314 21.3591 -42.5863 -22.6838 -26.0383 -35.2123 34.6903 -47.7942
30.6305 -34.8471 -28.5939 -22.3032 -42.3361 20.6559 -30.5391 -48.7995 1.5808 -36.7199 3.0900 -26.2219 -45.8965 31.3704 -33.3468 -43.7201 -17.5064 -39.8242 13.3925 -28.3872 -48.2521 34.0652 -35.2928 -26.7431 -22.2625 -42.0901 19.3314 -29.9851 -48.9826 18.5575 -36.3017 -7.2415 -24.6298 -43.8661 24.4027 -31.3616 -48.5441 -4.2613 -37.0021 3.3954 -26.1144 -45.5403 29.6495 -32.7366 -46.4267 -14.0958 -38.6142 9.4871 -27.3371 -46.8726 10.0181 -46.8726 -27.3371 9.4871 -38.6142 -14.0958 -46.4267 -32.7366 29.6495 -45.5403 -26.1144 3.3954 -37.0021 -4.2613 -48.5441 -31.3616 24.4027 -43.8661 -24.6298 -7.2415 -36.3017 18.5575 -48.9826 -29.9851 19.3314 -42.0901 -22.2625 -26.7431 -35.2928 34.0652 -48.2521 -28.3872 13.3925 -39.8242 -17.5064 -43.7201 -33.3468 31.3704 -45.8965 -26.2219 3.0900 -36.7199 1.5808 -48.7995 -30.5391 20.6559 -42.3361 -22.3032 -28.5939 -34.8471 30.6305
-34.5001 -30.9729 -21.9060 -42.0855 19.9506 -30.3449 -48.8856 4.7858 -36.5854 1.9961 -26.0699 -45.7012 30.8336 -33.2227 -44.1877 -17.2343 -39.7536 13.2978 -28.3872 -48.2744 33.8826 -35.3558 -25.4541 -22.4877 -42.2569 19.8535 -30.1438 -48.9793 15.3125 -36.3836 -5.2470 -24.8868 -44.1073 25.1377 -31.5561 -48.4000 -6.2818 -37.2258 4.4138 -26.2794 -45.7698 30.3759 -32.9303 -45.8671 -14.9538 -38.8465 10.2085 -27.4837 -47.2775 34.9648 -37.3303 34.9648 -47.2775 -27.4837 10.2085 -38.8465 -14.9538 -45.8671 -32.9303 30.3759 -45.7698 -26.2794 4.4138 -37.2258 -6.2818 -48.4000 -31.5561 25.1377 -44.1073 -24.8868 -5.2470 -36.3836 15.3125 -48.9793 -30.1438 19.8535 -42.2569 -22.4877 -25.4541 -35.3558 33.8826 -48.2744 -28.3872 13.2978 -39.7536 -17.2343 -44.1877 -33.2227 30.8336 -45.7012 -26.0699 1.9961 -36.5854 4.7858 -48.8856 -30.3449 19.9506 -42.0855 -21.9060 -30.9729 -34.5001
-34.7636 -21.4918 -41.8326 19.2440 -30.1472 -48.9469 8.3415 -36.5419 0.7678 -25.9042 -45.4809 30.1803 -33.0638 -44.7741 -16.8093 -39.6275 13.0227 -28.3364 -48.2521 33.8826 -35.3780 -24.7612 -22.6260 -42.3782 20.2540 -30.2716 -48.9586 12.2878 -36.4443 -3.5745 -25.1191 -44.3441 25.8788 -31.7509 -48.2126 -8.0237 -37.4508 5.3634 -26.4456 -45.9964 31.0844 -33.1233 -45.2228 -15.7404 -39.0800 10.9119 -27.6587 -47.4830 34.7885 -35.3086 0.7311 -35.3086 34.7885 -47.4830 -27.6587 10.9119 -39.0800 -15.7404 -45.2228 -33.1233 31.0844 -45.9964 -26.4456 5.3634 -37.4508 -8.0237 -48.2126 -31.7509 25.8788 -44.3441 -25.1191 -3.5745 -36.4443 12.2878 -48.9586 -30.2716 20.2540 -42.3782 -22.6260 -24.7612 -35.3780 33.8826 -48.2521 -28.3364 13.0227 -39.6275 -16.8093 -44.7741 -33.0638 30.1803 -45.4809 -25.9042 0.7678 -36.5419 8.3415 -48.9469 -30.1472 19.2440 -41.8326 -21.4918 -34.7636
-20.3273 -41.5795 18.5440 -29.9496 -48.9764 12.1165 -36.5010 -0.5842 -25.7234 -45.2484 29.4606 -32.8806 -45.4081 -16.2421 -39.4546 12.5942 -28.2423 -48.1901 34.0652 -35.3558 -24.7612 -22.6722 -42.4403 20.5092 -30.3616 -48.9319 9.8074 -36.4871 -2.2408 -25.3148 -44.5630 26.5926 -31.9417 -47.9776 -9.5371 -37.6771 6.2559 -26.6130 -46.2197 31.7679 -33.3153 -44.4856 -16.4664 -39.3144 11.6009 -27.8349 -47.6694 34.9500 -34.6747 -33.8727 -27.8487 -33.8727 -34.6747 34.9500 -47.6694 -27.8349 11.6009 -39.3144 -16.4664 -44.4856 -33.3153 31.7679 -46.2197 -26.6130 6.2559 -37.6771 -9.5371 -47.9776 -31.9417 26.5926 -44.5630 -25.3148 -2.2408 -36.4871 9.8074 -48.9319 -30.3616 20.5092 -42.4403 -22.6722 -24.7612 -35.3558 34.0652 -48.1901 -28.2423 12.5942 -39.4546 -16.2421 -45.4081 -32.8806 29.4606 -45.2484 -25.7234 -0.5842 -36.5010 12.1165 -48.9764 -29.9496 18.5440 -41.5795 -20.3273
-41.6507 17.8559 -29.7529 -48.9771 15.9175 -36.4403 -2.1050 -25.5257 -45.0137 28.7198 -32.6867 -46.0188 -15.5423 -39.2468 12.0470 -28.1130 -48.0906 34.3588 -35.2928 -25.4541 -22.6260 -42.4403 20.5977 -30.4099 -48.9099 8.0867 -36.5186 -1.2277 -25.4721 -44.7503 27.2239 -32.1162 -47.7073 -10.8321 -37.9045 7.1008 -26.7817 -46.4395 32.4180 -33.5061 -43.6464 -17.1404 -39.5500 12.2783 -28.0123 -47.8481 34.9741 -34.7987 -33.9215 -21.5748 -44.7681 -21.5748 -33.9215 -34.7987 34.9741 -47.8481 -28.0123 12.2783 -39.5500 -17.1404 -43.6464 -33.5061 32.4180 -46.4395 -26.7817 7.1008 -37.9045 -10.8321 -47.7073 -32.1162 27.2239 -44.7503 -25.4721 -1.2277 -36.5186 8.0867 -48.9099 -30.4099 20.5977 -42.4403 -22.6260 -25.4541 -35.2928 34.3588 -48.0906 -28.1130 12.0470 -39.2468 -15.5423 -46.0188 -32.6867 28.7198 -45.0137 -25.5257 -2.1050 -36.4403 15.9175 -48.9771 -29.7529 17.8559 -41.6507
17.3820 -29.5223 -48.9509 19.5084 -36.3637 -3.8248 -25.3083 -44.7771 27.9731 -32.4923 -46.5579 -14.7405 -39.0198 11.4151 -27.9589 -47.9585 34.6650 -35.1947 -26.7431 -22.4877 -42.3782 20.5092 -30.4099 -48.9010 7.2070 -36.5349 -0.5465 -25.5872 -44.9028 27.7594 -32.2670 -47.4276 -11.8864 -38.1200 7.8835 -26.9492 -46.6552 33.0248 -33.6955 -42.6957 -17.7695 -39.7865 12.9470 -28.1909 -48.0181 34.8294 -34.9686 -31.8780 -21.3267 -41.6750 30.3647 -41.6750 -21.3267 -31.8780 -34.9686 34.8294 -48.0181 -28.1909 12.9470 -39.7865 -17.7695 -42.6957 -33.6955 33.0248 -46.6552 -26.9492 7.8835 -38.1200 -11.8864 -47.4276 -32.2670 27.7594 -44.9028 -25.5872 -0.5465 -36.5349 7.2070 -48.9010 -30.4099 20.5092 -42.3782 -22.4877 -26.7431 -35.1947 34.6650 -47.9585 -27.9589 11.4151 -39.0198 -14.7405 -46.5579 -32.4923 27.9731 -44.7771 -25.3083 -3.8248 -36.3637 19.5084 -48.9509 -29.5223 17.3820
-28.3974 -48.9008 22.7208 -36.2740 -5.7523 -25.0701 -44.5325 27.2145 -32.2975 -47.0218 -13.8621 -38.7867 10.7325 -27.7895 -47.8004 34.8918 -35.0698 -28.4495 -22.2625 -42.2569 20.2540 -30.3616 -48.9099 7.2070 -36.5380 -0.2063 -25.6564 -45.0108 28.1763 -32.3923 -47.1531 -12.7194 -38.3104 8.5699 -27.1070 -46.8574 33.5694 -33.8832 -41.6233 -18.3592 -40.0239 13.6090 -28.3706 -48.1784 34.4888 -35.1342 -29.6702 -21.7272 -41.7197 18.9420 -34.4578 18.9420 -41.7197 -21.7272 -29.6702 -35.1342 34.4888 -48.1784 -28.3706 13.6090 -40.0239 -18.3592 -41.6233 -33.8832 33.5694 -46.8574 -27.1070 8.5699 -38.3104 -12.7194 -47.1531 -32.3923 28.1763 -45.0108 -25.6564 -0.2063 -36.5380 7.2070 -48.9099 -30.3616 20.2540 -42.2569 -22.2625 -28.4495 -35.0698 34.8918 -47.8004 -27.7895 10.7325 -38.7867 -13.8621 -47.0218 -32.2975 27.2145 -44.5325 -25.0701 -5.7523 -36.2740 22.7208 -48.9008 -28.3974
-48.6657 25.5311 -36.1669 -7.9257 -24.8139 -44.2829 26.4451 -32.0998 -47.4174 -12.8951 -38.5546 10.0248 -27.6136 -47.6222 34.9830 -34.9216 -30.3764 -21.9678 -42.0901 19.8535 -30.2716 -48.9319 8.0867 -36.5349 -0.2063 -25.6796 -45.0646 28.4325 -32.4814 -46.9156 -13.3633 -38.4752 9.1499 -27.2486 -47.0373 34.0160 -34.0610 -40.4366 -18.9144 -40.2622 14.2666 -28.5516 -48.3282 33.9230 -35.2947 -27.2926 -22.1174 -41.9642 18.9123 -30.9139 -44.7262 -30.9139 18.9123 -41.9642 -22.1174 -27.2926 -35.2947 33.9230 -48.3282 -28.5516 14.2666 -40.2622 -18.9144 -40.4366 -34.0610 34.0160 -47.0373 -27.2486 9.1499 -38.4752 -13.3633 -46.9156 -32.4814 28.4325 -45.0646 -25.6796 -0.2063 -36.5349 8.0867 -48.9319 -30.2716 19.8535 -42.0901 -21.9678 -30.3764 -34.9216 34.9830 -47.6222 -27.6136 10.0248 -38.5546 -12.8951 -47.4174 -32.0998 26.4451 -44.2829 -24.8139 -7.9257 -36.1669 25.5311 -48.6657
17.0244 -35.7832 -10.3190 -24.5424 -44.0346 25.6760 -31.8974 -47.7590 -11.8067 -38.3237 9.2982 -27.4389 -47.4339 34.9195 -34.7543 -32.4171 -21.6142 -41.8884 19.3314 -30.1438 -48.9586 9.8074 -36.5186 -0.5465 -25.6564 -45.0646 28.5178 -32.5259 -46.7587 -13.7965 -38.6041 9.6222 -27.3722 -47.1931 34.3553 -34.2185 -39.2119 -19.4171 -40.4980 14.9216 -28.7336 -48.4662 33.1010 -35.4498 -24.7633 -22.4908 -42.2072 19.5914 -30.0893 -48.8222 -17.3172 -48.8222 -30.0893 19.5914 -42.2072 -22.4908 -24.7633 -35.4498 33.1010 -48.4662 -28.7336 14.9216 -40.4980 -19.4171 -39.2119 -34.2185 34.3553 -47.1931 -27.3722 9.6222 -38.6041 -13.7965 -46.7587 -32.5259 28.5178 -45.0646 -25.6564 -0.5465 -36.5186 9.8074 -48.9586 -30.1438 19.3314 -41.8884 -21.6142 -32.4171 -34.7543 34.9195 -47.4339 -27.4389 9.2982 -38.3237 -11.8067 -47.7590 -31.8974 25.6760 -44.0346 -24.5424 -10.3190 -35.7832 17.0244
-35.8086 -12.9189 -24.2542 -43.7827 24.9047 -31.6954 -48.0448 -10.5653 -38.0908 8.5484 -27.2655 -47.2386 34.7176 -34.5795 -34.4013 -21.2111 -41.6591 18.7259 -29.9851 -48.9793 12.2878 -36.4871 -1.2277 -25.5872 -45.0108 28.4325 -32.5259 -46.7046 -14.0059 -38.6836 9.9527 -27.4690 -47.3204 34.6011 -34.3525 -38.0357 -19.8458 -40.7173 15.5475 -28.9142 -48.5913 31.9904 -35.5986 -22.1140 -22.8481 -42.4505 20.2733 -30.2392 -48.9309 10.8461 -38.9251 10.8461 -48.9309 -30.2392 20.2733 -42.4505 -22.8481 -22.1140 -35.5986 31.9904 -48.5913 -28.9142 15.5475 -40.7173 -19.8458 -38.0357 -34.3525 34.6011 -47.3204 -27.4690 9.9527 -38.6836 -14.0059 -46.7046 -32.5259 28.4325 -45.0108 -25.5872 -1.2277 -36.4871 12.2878 -48.9793 -29.9851 18.7259 -41.6591 -21.2111 -34.4013 -34.5795 34.7176 -47.2386 -27.2655 8.5484 -38.0908 -10.5653 -48.0448 -31.6954 24.9047 -43.7827 -24.2542 -12.9189 -35.8086
-17.7449 -23.9534 -43.5307 24.1426 -31.4942 -48.2727 -9.1528 -37.8553 7.7573 -27.0918 -47.0372 34.3990 -34.4013 -36.2087 -20.7787 -41.4167 18.0762 -29.8083 -48.9826 15.3125 -36.4443 -2.2408 -25.4721 -44.9028 28.1763 -32.4814 -46.7587 -14.0059 -38.7101 10.1164 -27.5288 -47.4092 34.7556 -34.4628 -36.9453 -20.2021 -40.9097 16.1084 -29.0816 -48.6984 30.5807 -35.7395 -19.3913 -23.1900 -42.6939 20.9625 -30.4303 -48.9247 10.4258 -36.6828 13.4272 -36.6828 10.4258 -48.9247 -30.4303 20.9625 -42.6939 -23.1900 -19.3913 -35.7395 30.5807 -48.6984 -29.0816 16.1084 -40.9097 -20.2021 -36.9453 -34.4628 34.7556 -47.4092 -27.5288 10.1164 -38.7101 -14.0059 -46.7587 -32.4814 28.1763 -44.9028 -25.4721 -2.2408 -36.4443 15.3125 -48.9826 -29.8083 18.0762 -41.4167 -20.7787 -36.2087 -34.4013 34.3990 -47.0372 -27.0918 7.7573 -37.8553 -9.1528 -48.2727 -31.4942 24.1426 -43.5307 -23.9534 -17.7449
-22.4467 -43.2802 23.3950 -31.2912 -48.4532 -7.5128 -37.6183 6.9092 -26.9168 -46.8271 33.9828 -34.2201 -37.8451 -20.3253 -41.1750 17.4136 -29.6229 -48.9638 18.5575 -36.3836 -3.5745 -25.3148 -44.7503 27.7594 -32.3923 -46.9156 -13.7965 -38.6836 10.1164 -27.5487 -47.4531 34.8326 -34.5426 -36.0262 -20.4869 -41.0716 16.5862 -29.2261 -48.7811 28.9949 -35.8661 -16.7259 -23.5138 -42.9373 21.6596 -30.6221 -48.8493 6.7468 -36.5392 0.0787 -31.1088 0.0787 -36.5392 6.7468 -48.8493 -30.6221 21.6596 -42.9373 -23.5138 -16.7259 -35.8661 28.9949 -48.7811 -29.2261 16.5862 -41.0716 -20.4869 -36.0262 -34.5426 34.8326 -47.4531 -27.5487 10.1164 -38.6836 -13.7965 -46.9156 -32.3923 27.7594 -44.7503 -25.3148 -3.5745 -36.3836 18.5575 -48.9638 -29.6229 17.4136 -41.1750 -20.3253 -37.8451 -34.2201 33.9828 -46.8271 -26.9168 6.9092 -37.6183 -7.5128 -48.4532 -31.2912 23.3950 -43.2802 -22.4467
-43.2137 22.6478 -31.0898 -48.5883 -5.6073 -37.3832 6.0182 -26.7411 -46.6085 33.4773 -34.0344 -39.3193 -19.8489 -40.9338 16.7550 -29.4357 -48.9226 21.7352 -36.3017 -5.2470 -25.1191 -44.5630 27.2239 -32.2670 -47.1531 -13.3633 -38.6041 9.9527 -27.5288 -47.4531 34.8550 -34.5831 -35.4199 -20.6872 -41.1992 16.9806 -29.3483 -48.8411 27.3947 -35.9725 -14.3372 -23.8060 -43.1735 22.3547 -30.8147 -48.7700 3.3538 -36.5615 0.0411 -26.3472 -48.0372 -26.3472 0.0411 -36.5615 3.3538 -48.7700 -30.8147 22.3547 -43.1735 -23.8060 -14.3372 -35.9725 27.3947 -48.8411 -29.3483 16.9806 -41.1992 -20.6872 -35.4199 -34.5831 34.8550 -47.4531 -27.5288 9.9527 -38.6041 -13.3633 -47.1531 -32.2670 27.2239 -44.5630 -25.1191 -5.2470 -36.3017 21.7352 -48.9226 -29.4357 16.7550 -40.9338 -19.8489 -39.3193 -34.0344 33.4773 -46.6085 -26.7411 6.0182 -37.3832 -5.6073 -48.5883 -31.0898 22.6478 -43.2137
22.2189 -30.8287 -48.6814 -3.4018 -37.1493 5.0724 -26.5656 -46.3825 32.8889 -33.8448 -40.6560 -19.3473 -40.6933 16.0991 -29.2495 -48.8605 24.6003 -36.2045 -7.2415 -24.8868 -44.3441 26.5926 -32.1162 -47.4276 -12.7194 -38.4752 9.6222 -27.4690 -47.4092 34.8326 -34.5831 -35.2133 -20.7889 -41.2821 17.2724 -29.4468 -48.8842 25.8498 -36.0587 -12.3328 -24.0550 -43.3887 23.0164 -30.9995 -48.7089 0.3084 -36.6438 1.3431 -25.8278 -45.1482 33.4211 -45.1482 -25.8278 1.3431 -36.6438 0.3084 -48.7089 -30.9995 23.0164 -43.3887 -24.0550 -12.3328 -36.0587 25.8498 -48.8842 -29.4468 17.2724 -41.2821 -20.7889 -35.2133 -34.5831 34.8326 -47.4092 -27.4690 9.6222 -38.4752 -12.7194 -47.4276 -32.1162 26.5926 -44.3441 -24.8868 -7.2415 -36.2045 24.6003 -48.8605 -29.2495 16.0991 -40.6933 -19.3473 -40.6560 -33.8448 32.8889 -46.3825 -26.5656 5.0724 -37.1493 -3.4018 -48.6814 -30.8287 22.2189
-29.8405 -48.7396 -0.7984 -36.9165 4.0599 -26.3923 -46.1527 32.2455 -33.6511 -41.8644 -18.8115 -40.4535 15.4449 -29.0643 -48.7794 27.0751 -36.0960 -9.4724 -24.6298 -44.1073 25.8788 -31.9417 -47.7073 -11.8864 -38.3104 9.1499 -27.3722 -47.3204 34.7556 -34.5426 -35.4199 -20.7889 -41.3097 17.4233 -29.5109 -48.9116 24.4837 -36.1274 -10.6972 -24.2616 -43.5758 23.6129 -31.1666 -48.6422 -2.2439 -36.8208 2.5218 -25.9819 -45.3485 29.8720 -36.5353 29.8720 -45.3485 -25.9819 2.5218 -36.8208 -2.2439 -48.6422 -31.1666 23.6129 -43.5758 -24.2616 -10.6972 -36.1274 24.4837 -48.9116 -29.5109 17.4233 -41.3097 -20.7889 -35.4199 -34.5426 34.7556 -47.3204 -27.3722 9.1499 -38.3104 -11.8864 -47.7073 -31.9417 25.8788 -44.1073 -24.6298 -9.4724 -36.0960 27.0751 -48.7794 -29.0643 15.4449 -40.4535 -18.8115 -41.8644 -33.6511 32.2455 -46.1527 -26.3923 4.0599 -36.9165 -0.7984 -48.7396 -29.8405
-48.7875 2.1899 -36.6908 2.9808 -26.2207 -45.9214 31.5642 -33.4524 -42.9505 -18.2282 -40.2111 14.7908 -28.8802 -48.6813 29.1594 -35.9775 -11.8999 -24.3582 -43.8661 25.1377 -31.7509 -47.9776 -10.8321 -38.1200 8.5699 -27.2486 -47.1931 34.6011 -34.4628 -36.0262 -20.6872 -41.2821 17.4233 -29.5323 -48.9242 23.5389 -36.1758 -9.4384 -24.4295 -43.7350 24.1316 -31.3147 -48.5577 -4.2405 -37.0244 3.5603 -26.1448 -45.5862 29.7930 -33.8660 -17.5076 -33.8660 29.7930 -45.5862 -26.1448 3.5603 -37.0244 -4.2405 -48.5577 -31.3147 24.1316 -43.7350 -24.4295 -9.4384 -36.1758 23.5389 -48.9242 -29.5323 17.4233 -41.2821 -20.6872 -36.0262 -34.4628 34.6011 -47.1931 -27.2486 8.5699 -38.1200 -10.8321 -47.9776 -31.7509 25.1377 -43.8661 -24.3582 -11.8999 -35.9775 29.1594 -48.6813 -28.8802 14.7908 -40.2111 -18.2282 -42.9505 -33.4524 31.5642 -45.9214 -26.2207 2.9808 -36.6908 2.1899 -48.7875
-3.3694 -36.4564 1.7948 -26.0492 -45.6840 30.8421 -33.2545 -43.9082 -17.6039 -39.9661 14.1258 -28.6970 -48.5676 30.8708 -35.8498 -14.4895 -24.0720 -43.6241 24.4027 -31.5561 -48.2126 -9.5371 -37.9045 7.8835 -27.1070 -47.0373 34.3553 -34.3525 -36.9453 -20.4869 -41.1992 17.2724 -29.5109 -48.9242 23.2139 -36.2000 -8.6514 -24.5503 -43.8629 24.5703 -31.4424 -48.4626 -5.7955 -37.2033 4.4276 -26.2958 -45.8053 30.5083 -33.0169 -45.0747 -24.9570 -45.0747 -33.0169 30.5083 -45.8053 -26.2958 4.4276 -37.2033 -5.7955 -48.4626 -31.4424 24.5703 -43.8629 -24.5503 -8.6514 -36.2000 23.2139 -48.9242 -29.5109 17.2724 -41.1992 -20.4869 -36.9453 -34.3525 34.3553 -47.0373 -27.1070 7.8835 -37.9045 -9.5371 -48.2126 -31.5561 24.4027 -43.6241 -24.0720 -14.4895 -35.8498 30.8708 -48.5676 -28.6970 14.1258 -39.9661 -17.6039 -43.9082 -33.2545 30.8421 -45.6840 -26.0492 1.7948 -36.4564 -3.3694
-37.0290 0.4899 -25.8726 -45.4441 30.0972 -33.0556 -44.7404 -16.9414 -39.7191 13.4400 -28.5108 -48.4373 32.2362 -35.7138 -17.1867 -23.7714 -43.3815 23.6748 -31.3616 -48.4000 -8.0237 -37.6771 7.1008 -26.9492 -46.8574 34.0160 -34.2185 -38.0357 -20.2021 -41.0716 16.9806 -29.4468 -48.9116 23.5389 -36.2000 -8.3943 -24.6115 -43.9457 24.8957 -31.5452 -48.3661 -7.0094 -37.3574 5.1382 -26.4287 -45.9994 31.1533 -33.1514 -45.1017 -16.7109 -42.4647 -16.7109 -45.1017 -33.1514 31.1533 -45.9994 -26.4287 5.1382 -37.3574 -7.0094 -48.3661 -31.5452 24.8957 -43.9457 -24.6115 -8.3943 -36.2000 23.5389 -48.9116 -29.4468 16.9806 -41.0716 -20.2021 -38.0357 -34.2185 34.0160 -46.8574 -26.9492 7.1008 -37.6771 -8.0237 -48.4000 -31.3616 23.6748 -43.3815 -23.7714 -17.1867 -35.7138 32.2362 -48.4373 -28.5108 13.4400 -39.7191 -16.9414 -44.7404 -33.0556 30.0972 -45.4441 -25.8726 0.4899 -37.0290
-1.8686 -25.6936 -45.2016 29.3348 -32.8531 -45.4743 -16.2218 -39.4729 12.7481 -28.3236 -48.2920 33.2995 -35.5702 -19.9252 -23.4563 -43.1386 22.9546 -31.1676 -48.5441 -6.2818 -37.4508 6.2559 -26.7817 -46.6552 33.5694 -34.0610 -39.2119 -19.8458 -40.9097 16.5862 -29.3483 -48.8842 24.4837 -36.1758 -8.6514 -24.6115 -43.9733 25.0641 -31.6120 -48.2847 -7.9083 -37.4895 5.7137 -26.5432 -46.1657 31.7003 -33.3174 -44.4106 -16.5631 -39.5836 23.6574 -39.5836 -16.5631 -44.4106 -33.3174 31.7003 -46.1657 -26.5432 5.7137 -37.4895 -7.9083 -48.2847 -31.6120 25.0641 -43.9733 -24.6115 -8.6514 -36.1758 24.4837 -48.8842 -29.3483 16.5862 -40.9097 -19.8458 -39.2119 -34.0610 33.5694 -46.6552 -26.7817 6.2559 -37.4508 -6.2818 -48.5441 -31.1676 22.9546 -43.1386 -23.4563 -19.9252 -35.5702 33.2995 -48.2920 -28.3236 12.7481 -39.4729 -16.2218 -45.4743 -32.8531 29.3348 -45.2016 -25.6936 -1.8686
-24.1208 -44.9563 28.5612 -32.6526 -46.1088 -15.4448 -39.2306 12.0566 -28.1379 -48.1351 34.0835 -35.4155 -22.6724 -23.1264 -42.8953 22.2426 -30.9739 -48.6489 -4.2613 -37.2258 5.3634 -26.6130 -46.4395 33.0248 -33.8832 -40.4366 -19.4171 -40.7173 16.1084 -29.2261 -48.8411 25.8498 -36.1274 -9.4384 -24.5503 -43.9457 25.0641 -31.6343 -48.2392 -8.4560 -37.5897 6.1690 -26.6385 -46.3051 32.1527 -33.4578 -43.7398 -17.1458 -39.5663 13.0508 -33.1554 13.0508 -39.5663 -17.1458 -43.7398 -33.4578 32.1527 -46.3051 -26.6385 6.1690 -37.5897 -8.4560 -48.2392 -31.6343 25.0641 -43.9457 -24.5503 -9.4384 -36.1274 25.8498 -48.8411 -29.2261 16.1084 -40.7173 -19.4171 -40.4366 -33.8832 33.0248 -46.4395 -26.6130 5.3634 -37.2258 -4.2613 -48.6489 -30.9739 22.2426 -42.8953 -23.1264 -22.6724 -35.4155 34.0835 -48.1351 -28.1379 12.0566 -39.2306 -15.4448 -46.1088 -32.6526 28.5612 -44.9563 -24.1208
-44.7767 27.7895 -32.4516 -46.6507 -14.6055 -38.9868 11.3472 -27.9520 -47.9648 34.6085 -35.2538 -25.3729 -22.7764 -42.6519 21.5388 -30.7809 -48.7177 -1.9096 -37.0021 4.4138 -26.4456 -46.2197 32.4180 -33.6955 -41.6233 -18.9144 -40.4980 15.5475 -29.0816 -48.7811 27.3947 -36.0587 -10.6972 -24.4295 -43.8629 24.8957 -31.6120 -48.2392 -8.6328 -37.6414 6.4654 -26.7101 -46.4151 32.5073 -33.5736 -43.1199 -17.6098 -39.7559 12.9331 -29.1421 -48.4359 -29.1421 12.9331 -39.7559 -17.6098 -43.1199 -33.5736 32.5073 -46.4151 -26.7101 6.4654 -37.6414 -8.6328 -48.2392 -31.6120 24.8957 -43.8629 -24.4295 -10.6972 -36.0587 27.3947 -48.7811 -29.0816 15.5475 -40.4980 -18.9144 -41.6233 -33.6955 32.4180 -46.2197 -26.4456 4.4138 -37.0021 -1.9096 -48.7177 -30.7809 21.5388 -42.6519 -22.7764 -25.3729 -35.2538 34.6085 -47.9648 -27.9520 11.3472 -38.9868 -14.6055 -46.6507 -32.4516 27.7895 -44.7767
27.1857 -32.1556 -47.1184 -13.6738 -38.7440 10.6236 -27.7677 -47.7845 34.8975 -35.0868 -27.9473 -22.4038 -42.4020 20.8345 -30.5885 -48.7826 0.8168 -36.7796 3.3954 -26.2794 -45.9964 31.7679 -33.5061 -42.6957 -18.3592 -40.2622 14.9216 -28.9142 -48.6984 28.9949 -35.9725 -12.3328 -24.2616 -43.7350 24.5703 -31.5452 -48.2847 -8.4560 -37.6414 6.5629 -26.7487 -46.4868 32.7622 -33.6660 -42.5794 -17.9759 -39.9151 13.4201 -28.3750 -47.9183 -7.2516 -47.9165 -28.3805 13.4199 -39.9151 -17.9759 -42.5794 -33.6660 32.7622 -46.4868 -26.7487 6.5629 -37.6414 -8.4560 -48.2847 -31.5452 24.5703 -43.7350 -24.2616 -12.3328 -35.9725 28.9949 -48.6984 -28.9142 14.9216 -40.2622 -18.3592 -42.6957 -33.5061 31.7679 -45.9964 -26.2794 3.3954 -36.7796 0.8168 -48.7826 -30.5885 20.8345 -42.4020 -22.4038 -27.9473 -35.0868 34.8975 -47.7845 -27.7677 10.6236 -38.7440 -13.6738 -47.1184 -32.1556 27.1857
-31.3216 -47.5138 -12.6443 -38.5046 9.8898 -27.5847 -47.5954 34.9837 -34.9111 -30.3773 -22.0101 -42.1485 20.1275 -30.3956 -48.8646 3.9281 -36.6168 2.2945 -26.1144 -45.7698 31.0844 -33.3153 -43.6464 -17.7695 -40.0239 14.2666 -28.7336 -48.5913 30.5807 -35.8661 -14.3372 -24.0550 -43.5758 24.1316 -31.4424 -48.3661 -7.9083 -37.5897 6.4654 -26.7487 -46.5116 32.8991 -33.7280 -42.1470 -18.2657 -40.0440 13.8190 -28.5395 -48.2097 33.6449 -37.9144 33.5875 -48.0748 -28.6046 13.8148 -40.0451 -18.2682 -42.1463 -33.7452 32.8990 -46.5116 -26.7487 6.4654 -37.5897 -7.9083 -48.3661 -31.4424 24.1316 -43.5758 -24.0550 -14.3372 -35.8661 30.5807 -48.5913 -28.7336 14.2666 -40.0239 -17.7695 -43.6464 -33.3153 31.0844 -45.7698 -26.1144 2.2945 -36.6168 3.9281 -48.8646 -30.3956 20.1275 -42.1485 -22.0101 -30.3773 -34.9111 34.9837 -47.5954 -27.5847 9.8898 -38.5046 -12.6443 -47.5138 -31.3216
-48.0911 -11.4997 -38.2644 9.1271 -27.4035 -47.3979 34.8972 -34.7343 -32.6130 -21.5989 -41.8981 19.4265 -30.1993 -48.9348 7.3723 -36.5501 1.0946 -25.9482 -45.5403 30.3759 -33.1233 -44.4856 -17.1404 -39.7865 13.6090 -28.5516 -48.4662 31.9904 -35.7395 -16.7259 -23.8060 -43.3887 23.6129 -31.3147 -48.4626 -7.0094 -37.4895 6.1690 -26.7101 -46.4868 32.8991 -33.7495 -41.9025 -18.9597 -40.3188 14.9128 -30.9770 -48.3060 30.8565 -36.9535 10.7135 -36.6960 16.6247 -48.3638 -30.7406 15.1358 -40.4434 -18.7166 -41.5059 -33.7979 32.8990 -46.4868 -26.7101 6.1690 -37.4895 -7.0094 -48.4626 -31.3147 23.6129 -43.3887 -23.8060 -16.7259 -35.7395 31.9904 -48.4662 -28.5516 13.6090 -39.7865 -17.1404 -44.4856 -33.1233 30.3759 -45.5403 -25.9482 1.0946 -36.5501 7.3723 -48.9348 -30.1993 19.4265 -41.8981 -21.5989 -32.6130 -34.7343 34.8972 -47.3979 -27.4035 9.1271 -38.2644 -11.4997 -48.0911
-12.5508 -38.0256 8.3403 -27.2245 -47.1954 34.6671 -34.5535 -34.6383 -21.1709 -41.6454 18.7252 -30.0007 -48.9725 11.1211 -36.5142 -0.2236 -25.7716 -45.3084 29.6495 -32.9303 -45.2228 -16.4664 -39.5500 12.9470 -28.3706 -48.3282 33.1010 -35.5986 -19.3913 -23.5138 -43.1735 23.0164 -31.1666 -48.5577 -5.7955 -37.3574 5.7137 -26.6385 -46.4151 32.7622 -33.7280 -41.9024 -19.4190 -44.2219 31.9515 -32.6627 -29.0148 -22.4785 -41.0516 20.5056 -36.3875 23.6481 -45.7434 -17.4728 -34.1923 -33.5966 28.7748 -41.4858 -24.0691 -41.1903 -33.7764 32.7622 -46.4151 -26.6385 5.7137 -37.3574 -5.7955 -48.5577 -31.1666 23.0164 -43.1735 -23.5138 -19.3913 -35.5986 33.1010 -48.3282 -28.3706 12.9470 -39.5500 -16.4664 -45.2228 -32.9303 29.6495 -45.3084 -25.7716 -0.2236 -36.5142 11.1211 -48.9725 -30.0007 18.7252 -41.6454 -21.1709 -34.6383 -34.5535 34.6671 -47.1954 -27.2245 8.3403 -38.0256 -12.5508
-38.4439 7.5283 -27.0454 -46.9843 34.3127 -34.3658 -36.4968 -20.7176 -41.3929 18.0297 -29.8039 -48.9796 14.9466 -36.4601 -1.6855 -25.5781 -45.0742 28.9111 -32.7366 -45.8671 -15.7404 -39.3144 12.2783 -28.1909 -48.1784 33.9230 -35.4498 -22.1140 -23.1900 -42.9373 22.3547 -30.9995 -48.6422 -4.2405 -37.2033 5.1382 -26.5432 -46.3051 32.5073 -33.6660 -42.1470 -18.9565 -44.2690 12.6150 -28.4358 42.8612 -24.6240 -38.4183 16.6299 -82.5986 15.6974 -28.8414 -54.4014 -17.7301 -120.6440 12.6550 23.3810 -65.9622 65.1900 -24.2372 -41.7787 -33.6831 32.5072 -46.3053 -26.5426 5.1384 -37.2033 -4.2413 -48.6421 -30.9995 22.3547 -42.9373 -23.1900 -22.1140 -35.4485 33.9225 -48.1785 -28.1909 12.2784 -39.3145 -15.7404 -45.8671 -32.7366 28.9111 -45.0742 -25.5780 -1.6852 -36.4601 14.9464 -48.9806 -29.8038 18.0297 -41.3929 -20.7174 -36.4965 -34.3644 34.3125 -46.9846 -27.0454 7.5283 -38.4439
6.3877 -26.8756 -46.7672 33.8566 -34.1767 -38.1673 -20.2422 -41.1434 17.3460 -29.6078 -48.9601 18.6030 -36.3842 -3.3566 -25.3654 -44.8382 28.1655 -32.5423 -46.4267 -14.9538 -39.0800 11.6009 -28.0123 -48.0181 34.4888 -35.2947 -24.7633 -22.8481 -42.6939 21.6596 -30.8147 -48.7089 -2.2439 -37.0244 4.4276 -26.4287 -46.1657 32.1527 -33.5736 -42.5794 -18.2614 -40.2096 19.5767 84.0112 31.4343 -68.7347 -39.2202 34.0163 27.7627 -8.8786 -55.9935 -45.9312 -52.2899 -58.8041 34.3045 25.6474 -68.9260 -50.5925 -42.5863 -44.4386 -19.2425 -42.5959 -33.6540 32.1453 -46.1502 -26.4627 4.4058 -37.0222 -2.1961 -48.7094 -30.8831 21.6547 -42.6903 -22.8627 -24.8164 -35.3622 34.5140 -47.9919 -28.0611 11.5949 -39.0799 -14.9504 -46.4313 -32.6197 28.1609 -44.8269 -25.3915 -3.3758 -36.4214 18.6843 -48.9116 -29.6673 17.3328 -41.1388 -20.2455 -38.2017 -34.2549 33.8602 -46.7508 -26.9219 6.3961
