0.1223 0.1849 0.4155 0.1111 0.3297 0.1538 0.1330 0.5047 0.1159 0.2044 0.3678 0.1126 0.3721 0.1402 0.1420 0.4986 0.1133 0.2277 0.3094 0.1154 0.4176 0.1313 0.1529 0.4824 0.1116 0.2550 0.2438 0.1195 0.4617 0.1248 0.1662 0.4570 0.1108 0.2870 0.1867 0.1250 0.4937 0.1200 0.1822 0.4218 0.1110 0.3237 0.1566 0.1318 0.5046 0.1164 0.2012 0.3758 0.1122 0.3746 0.1135 0.3746 0.1122 0.3758 0.2012 0.1164 0.5046 0.1318 0.1566 0.3237 0.1110 0.4218 0.1822 0.1200 0.4937 0.1250 0.1867 0.2870 0.1108 0.4570 0.1662 0.1248 0.4617 0.1195 0.2438 0.2550 0.1116 0.4824 0.1529 0.1313 0.4176 0.1154 0.3094 0.2277 0.1133 0.4986 0.1420 0.1402 0.3721 0.1126 0.3678 0.2044 0.1159 0.5047 0.1330 0.1538 0.3297 0.1111 0.4155 0.1849 0.1223
0.1849 0.4372 0.1135 0.3486 0.1517 0.1390 0.5209 0.1143 0.2153 0.3880 0.1159 0.3940 0.1358 0.1485 0.5144 0.1127 0.2402 0.3300 0.1195 0.4412 0.1267 0.1602 0.4988 0.1119 0.2696 0.2623 0.1244 0.4847 0.1209 0.1743 0.4743 0.1121 0.3038 0.1958 0.1305 0.5130 0.1171 0.1914 0.4403 0.1132 0.3430 0.1551 0.1378 0.5210 0.1146 0.2118 0.3957 0.1155 0.3870 0.1328 0.1828 0.1328 0.3870 0.1155 0.3957 0.2118 0.1146 0.5210 0.1378 0.1551 0.3430 0.1132 0.4403 0.1914 0.1171 0.5130 0.1305 0.1958 0.3038 0.1121 0.4743 0.1743 0.1209 0.4847 0.1244 0.2623 0.2696 0.1119 0.4988 0.1602 0.1267 0.4412 0.1195 0.3300 0.2402 0.1127 0.5144 0.1485 0.1358 0.3940 0.1159 0.3880 0.2153 0.1143 0.5209 0.1390 0.1517 0.3486 0.1135 0.4372 0.1849
0.4155 0.1135 0.3511 0.1496 0.1400 0.5207 0.1137 0.2186 0.3802 0.1160 0.4009 0.1340 0.1501 0.5126 0.1122 0.2443 0.3204 0.1198 0.4481 0.1255 0.1621 0.4957 0.1115 0.2743 0.2518 0.1250 0.4902 0.1200 0.1767 0.4699 0.1118 0.3092 0.1875 0.1314 0.5153 0.1164 0.1942 0.4343 0.1131 0.3493 0.1515 0.1391 0.5209 0.1140 0.2152 0.3881 0.1155 0.3939 0.1355 0.1507 0.4568 0.1507 0.1355 0.3939 0.1155 0.3881 0.2152 0.1140 0.5209 0.1391 0.1515 0.3493 0.1131 0.4343 0.1942 0.1164 0.5153 0.1314 0.1875 0.3092 0.1118 0.4699 0.1767 0.1200 0.4902 0.1250 0.2518 0.2743 0.1115 0.4957 0.1621 0.1255 0.4481 0.1198 0.3204 0.2443 0.1122 0.5126 0.1501 0.1340 0.4009 0.1160 0.3802 0.2186 0.1137 0.5207 0.1400 0.1496 0.3511 0.1135 0.4155
0.1111 0.3486 0.1496 0.1405 0.5204 0.1135 0.2215 0.3730 0.1165 0.4077 0.1325 0.1517 0.5107 0.1120 0.2484 0.3107 0.1205 0.4549 0.1245 0.1641 0.4924 0.1115 0.2792 0.2414 0.1258 0.4954 0.1194 0.1791 0.4652 0.1119 0.3149 0.1800 0.1325 0.5172 0.1160 0.1971 0.4282 0.1134 0.3556 0.1483 0.1403 0.5206 0.1137 0.2187 0.3802 0.1160 0.4009 0.1340 0.1501 0.5107 0.1101 0.5107 0.1501 0.1340 0.4009 0.1160 0.3802 0.2187 0.1137 0.5206 0.1403 0.1483 0.3556 0.1134 0.4282 0.1971 0.1160 0.5172 0.1325 0.1800 0.3149 0.1119 0.4652 0.1791 0.1194 0.4954 0.1258 0.2414 0.2792 0.1115 0.4924 0.1641 0.1245 0.4549 0.1205 0.3107 0.2484 0.1120 0.5107 0.1517 0.1325 0.4077 0.1165 0.3730 0.2215 0.1135 0.5204 0.1405 0.1496 0.3486 0.1111
0.3297 0.1517 0.1400 0.5204 0.1135 0.2233 0.3675 0.1169 0.4137 0.1312 0.1533 0.5086 0.1119 0.2526 0.3008 0.1212 0.4615 0.1236 0.1662 0.4889 0.1115 0.2842 0.2312 0.1267 0.5000 0.1188 0.1816 0.4603 0.1121 0.3206 0.1733 0.1335 0.5186 0.1156 0.2001 0.4218 0.1137 0.3621 0.1456 0.1416 0.5200 0.1134 0.2222 0.3721 0.1165 0.4078 0.1325 0.1517 0.5107 0.1096 0.3356 0.1096 0.5107 0.1517 0.1325 0.4078 0.1165 0.3721 0.2222 0.1134 0.5200 0.1416 0.1456 0.3621 0.1137 0.4218 0.2001 0.1156 0.5186 0.1335 0.1733 0.3206 0.1121 0.4603 0.1816 0.1188 0.5000 0.1267 0.2312 0.2842 0.1115 0.4889 0.1662 0.1236 0.4615 0.1212 0.3008 0.2526 0.1119 0.5086 0.1533 0.1312 0.4137 0.1169 0.3675 0.2233 0.1135 0.5204 0.1400 0.1517 0.3297
0.1538 0.1390 0.5207 0.1135 0.2233 0.3654 0.1171 0.4181 0.1302 0.1547 0.5065 0.1118 0.2568 0.2909 0.1219 0.4679 0.1228 0.1682 0.4853 0.1115 0.2893 0.2212 0.1277 0.5042 0.1182 0.1841 0.4553 0.1122 0.3265 0.1674 0.1347 0.5197 0.1152 0.2031 0.4151 0.1140 0.3687 0.1431 0.1430 0.5193 0.1132 0.2258 0.3637 0.1170 0.4149 0.1311 0.1534 0.5085 0.1118 0.2573 0.1497 0.2573 0.1118 0.5085 0.1534 0.1311 0.4149 0.1170 0.3637 0.2258 0.1132 0.5193 0.1430 0.1431 0.3687 0.1140 0.4151 0.2031 0.1152 0.5197 0.1347 0.1674 0.3265 0.1122 0.4553 0.1841 0.1182 0.5042 0.1277 0.2212 0.2893 0.1115 0.4853 0.1682 0.1228 0.4679 0.1219 0.2909 0.2568 0.1118 0.5065 0.1547 0.1302 0.4181 0.1171 0.3654 0.2233 0.1135 0.5207 0.1390 0.1538
0.1330 0.5209 0.1137 0.2215 0.3675 0.1171 0.4197 0.1297 0.1558 0.5048 0.1117 0.2607 0.2816 0.1226 0.4739 0.1220 0.1703 0.4816 0.1116 0.2944 0.2115 0.1286 0.5079 0.1177 0.1867 0.4500 0.1124 0.3325 0.1622 0.1358 0.5204 0.1148 0.2063 0.4082 0.1144 0.3753 0.1408 0.1444 0.5182 0.1129 0.2295 0.3550 0.1175 0.4220 0.1297 0.1551 0.5062 0.1118 0.2570 0.2802 0.1404 0.2802 0.2570 0.1118 0.5062 0.1551 0.1297 0.4220 0.1175 0.3550 0.2295 0.1129 0.5182 0.1444 0.1408 0.3753 0.1144 0.4082 0.2063 0.1148 0.5204 0.1358 0.1622 0.3325 0.1124 0.4500 0.1867 0.1177 0.5079 0.1286 0.2115 0.2944 0.1116 0.4816 0.1703 0.1220 0.4739 0.1226 0.2816 0.2607 0.1117 0.5048 0.1558 0.1297 0.4197 0.1171 0.3675 0.2215 0.1137 0.5209 0.1330
0.5047 0.1143 0.2186 0.3730 0.1169 0.4181 0.1297 0.1562 0.5037 0.1117 0.2637 0.2736 0.1233 0.4794 0.1213 0.1724 0.4777 0.1116 0.2995 0.2026 0.1296 0.5110 0.1172 0.1894 0.4445 0.1127 0.3385 0.1578 0.1370 0.5209 0.1145 0.2095 0.4011 0.1148 0.3821 0.1388 0.1459 0.5170 0.1127 0.2333 0.3461 0.1181 0.4290 0.1285 0.1569 0.5036 0.1117 0.2615 0.2805 0.1235 0.5208 0.1235 0.2805 0.2615 0.1117 0.5036 0.1569 0.1285 0.4290 0.1181 0.3461 0.2333 0.1127 0.5170 0.1459 0.1388 0.3821 0.1148 0.4011 0.2095 0.1145 0.5209 0.1370 0.1578 0.3385 0.1127 0.4445 0.1894 0.1172 0.5110 0.1296 0.2026 0.2995 0.1116 0.4777 0.1724 0.1213 0.4794 0.1233 0.2736 0.2637 0.1117 0.5037 0.1562 0.1297 0.4181 0.1169 0.3730 0.2186 0.1143 0.5047
0.1159 0.2153 0.3802 0.1165 0.4137 0.1302 0.1558 0.5037 0.1117 0.2655 0.2680 0.1238 0.4838 0.1207 0.1745 0.4738 0.1117 0.3048 0.1941 0.1306 0.5135 0.1167 0.1921 0.4388 0.1129 0.3446 0.1540 0.1381 0.5210 0.1142 0.2128 0.3936 0.1152 0.3889 0.1369 0.1474 0.5156 0.1125 0.2372 0.3370 0.1187 0.4360 0.1273 0.1588 0.5009 0.1116 0.2661 0.2700 0.1235 0.4860 0.1070 0.4860 0.1235 0.2700 0.2661 0.1116 0.5009 0.1588 0.1273 0.4360 0.1187 0.3370 0.2372 0.1125 0.5156 0.1474 0.1369 0.3889 0.1152 0.3936 0.2128 0.1142 0.5210 0.1381 0.1540 0.3446 0.1129 0.4388 0.1921 0.1167 0.5135 0.1306 0.1941 0.3048 0.1117 0.4738 0.1745 0.1207 0.4838 0.1238 0.2680 0.2655 0.1117 0.5037 0.1558 0.1302 0.4137 0.1165 0.3802 0.2153 0.1159
0.2044 0.3880 0.1160 0.4077 0.1312 0.1547 0.5048 0.1117 0.2655 0.2660 0.1242 0.4867 0.1203 0.1762 0.4702 0.1118 0.3098 0.1865 0.1316 0.5157 0.1163 0.1948 0.4331 0.1132 0.3507 0.1507 0.1394 0.5209 0.1139 0.2161 0.3860 0.1156 0.3958 0.1352 0.1489 0.5140 0.1123 0.2412 0.3275 0.1193 0.4430 0.1263 0.1607 0.4980 0.1116 0.2708 0.2596 0.1243 0.4861 0.1171 0.2253 0.1171 0.4861 0.1243 0.2596 0.2708 0.1116 0.4980 0.1607 0.1263 0.4430 0.1193 0.3275 0.2412 0.1123 0.5140 0.1489 0.1352 0.3958 0.1156 0.3860 0.2161 0.1139 0.5209 0.1394 0.1507 0.3507 0.1132 0.4331 0.1948 0.1163 0.5157 0.1316 0.1865 0.3098 0.1118 0.4702 0.1762 0.1203 0.4867 0.1242 0.2660 0.2655 0.1117 0.5048 0.1547 0.1312 0.4077 0.1160 0.3880 0.2044
0.3678 0.1159 0.4009 0.1325 0.1533 0.5065 0.1117 0.2637 0.2680 0.1242 0.4877 0.1201 0.1773 0.4675 0.1119 0.3142 0.1801 0.1325 0.5173 0.1159 0.1976 0.4271 0.1134 0.3569 0.1478 0.1406 0.5205 0.1136 0.2195 0.3783 0.1161 0.4027 0.1336 0.1505 0.5121 0.1121 0.2453 0.3180 0.1200 0.4498 0.1252 0.1626 0.4948 0.1115 0.2756 0.2491 0.1252 0.4916 0.1197 0.1802 0.3574 0.1802 0.1197 0.4916 0.1252 0.2491 0.2756 0.1115 0.4948 0.1626 0.1252 0.4498 0.1200 0.3180 0.2453 0.1121 0.5121 0.1505 0.1336 0.4027 0.1161 0.3783 0.2195 0.1136 0.5205 0.1406 0.1478 0.3569 0.1134 0.4271 0.1976 0.1159 0.5173 0.1325 0.1801 0.3142 0.1119 0.4675 0.1773 0.1201 0.4877 0.1242 0.2680 0.2637 0.1117 0.5065 0.1533 0.1325 0.4009 0.1159 0.3678
0.1126 0.3940 0.1340 0.1517 0.5086 0.1118 0.2607 0.2736 0.1238 0.4867 0.1201 0.1777 0.4659 0.1120 0.3176 0.1754 0.1334 0.5185 0.1156 0.2004 0.4210 0.1137 0.3631 0.1452 0.1419 0.5199 0.1134 0.2229 0.3704 0.1166 0.4095 0.1321 0.1521 0.5101 0.1120 0.2495 0.3081 0.1207 0.4567 0.1243 0.1646 0.4915 0.1115 0.2805 0.2388 0.1261 0.4966 0.1192 0.1797 0.4594 0.1176 0.4594 0.1797 0.1192 0.4966 0.1261 0.2388 0.2805 0.1115 0.4915 0.1646 0.1243 0.4567 0.1207 0.3081 0.2495 0.1120 0.5101 0.1521 0.1321 0.4095 0.1166 0.3704 0.2229 0.1134 0.5199 0.1419 0.1452 0.3631 0.1137 0.4210 0.2004 0.1156 0.5185 0.1334 0.1754 0.3176 0.1120 0.4659 0.1777 0.1201 0.4867 0.1238 0.2736 0.2607 0.1118 0.5086 0.1517 0.1340 0.3940 0.1126
0.3721 0.1358 0.1501 0.5107 0.1119 0.2568 0.2816 0.1233 0.4838 0.1203 0.1773 0.4659 0.1120 0.3194 0.1725 0.1340 0.5193 0.1153 0.2028 0.4152 0.1141 0.3693 0.1428 0.1432 0.5191 0.1131 0.2264 0.3622 0.1171 0.4163 0.1308 0.1538 0.5080 0.1119 0.2537 0.2982 0.1214 0.4632 0.1234 0.1667 0.4880 0.1115 0.2855 0.2286 0.1270 0.5011 0.1186 0.1822 0.4592 0.1108 0.4339 0.1108 0.4592 0.1822 0.1186 0.5011 0.1270 0.2286 0.2855 0.1115 0.4880 0.1667 0.1234 0.4632 0.1214 0.2982 0.2537 0.1119 0.5080 0.1538 0.1308 0.4163 0.1171 0.3622 0.2264 0.1131 0.5191 0.1432 0.1428 0.3693 0.1141 0.4152 0.2028 0.1153 0.5193 0.1340 0.1725 0.3194 0.1120 0.4659 0.1773 0.1203 0.4838 0.1233 0.2816 0.2568 0.1119 0.5107 0.1501 0.1358 0.3721
0.1402 0.1485 0.5126 0.1120 0.2526 0.2909 0.1226 0.4794 0.1207 0.1762 0.4675 0.1120 0.3194 0.1715 0.1343 0.5198 0.1151 0.2048 0.4102 0.1143 0.3750 0.1408 0.1445 0.5181 0.1129 0.2300 0.3539 0.1176 0.4230 0.1295 0.1554 0.5057 0.1118 0.2579 0.2884 0.1221 0.4695 0.1226 0.1688 0.4844 0.1115 0.2906 0.2186 0.1279 0.5052 0.1181 0.1848 0.4540 0.1122 0.3337 0.1189 0.3337 0.1122 0.4540 0.1848 0.1181 0.5052 0.1279 0.2186 0.2906 0.1115 0.4844 0.1688 0.1226 0.4695 0.1221 0.2884 0.2579 0.1118 0.5057 0.1554 0.1295 0.4230 0.1176 0.3539 0.2300 0.1129 0.5181 0.1445 0.1408 0.3750 0.1143 0.4102 0.2048 0.1151 0.5198 0.1343 0.1715 0.3194 0.1120 0.4675 0.1762 0.1207 0.4794 0.1226 0.2909 0.2526 0.1120 0.5126 0.1485 0.1402
0.1420 0.5144 0.1122 0.2484 0.3008 0.1219 0.4739 0.1213 0.1745 0.4702 0.1119 0.3176 0.1725 0.1343 0.5199 0.1150 0.2062 0.4063 0.1146 0.3799 0.1392 0.1457 0.5171 0.1127 0.2336 0.3453 0.1182 0.4298 0.1283 0.1572 0.5032 0.1117 0.2623 0.2785 0.1229 0.4755 0.1218 0.1709 0.4806 0.1116 0.2957 0.2092 0.1289 0.5087 0.1175 0.1874 0.4486 0.1125 0.3339 0.1548 0.1639 0.1548 0.3339 0.1125 0.4486 0.1874 0.1175 0.5087 0.1289 0.2092 0.2957 0.1116 0.4806 0.1709 0.1218 0.4755 0.1229 0.2785 0.2623 0.1117 0.5032 0.1572 0.1283 0.4298 0.1182 0.3453 0.2336 0.1127 0.5171 0.1457 0.1392 0.3799 0.1146 0.4063 0.2062 0.1150 0.5199 0.1343 0.1725 0.3176 0.1119 0.4702 0.1745 0.1213 0.4739 0.1219 0.3008 0.2484 0.1122 0.5144 0.1420
0.4986 0.1127 0.2443 0.3107 0.1212 0.4679 0.1220 0.1724 0.4738 0.1118 0.3142 0.1754 0.1340 0.5198 0.1150 0.2068 0.4042 0.1148 0.3835 0.1380 0.1468 0.5160 0.1125 0.2370 0.3368 0.1187 0.4366 0.1272 0.1590 0.5006 0.1116 0.2667 0.2685 0.1236 0.4813 0.1211 0.1730 0.4766 0.1117 0.3009 0.2004 0.1298 0.5117 0.1171 0.1901 0.4431 0.1127 0.3401 0.1568 0.1388 0.4927 0.1388 0.1568 0.3401 0.1127 0.4431 0.1901 0.1171 0.5117 0.1298 0.2004 0.3009 0.1117 0.4766 0.1730 0.1211 0.4813 0.1236 0.2685 0.2667 0.1116 0.5006 0.1590 0.1272 0.4366 0.1187 0.3368 0.2370 0.1125 0.5160 0.1468 0.1380 0.3835 0.1148 0.4042 0.2068 0.1150 0.5198 0.1340 0.1754 0.3142 0.1118 0.4738 0.1724 0.1220 0.4679 0.1212 0.3107 0.2443 0.1127 0.4986
0.1133 0.2402 0.3204 0.1205 0.4615 0.1228 0.1703 0.4777 0.1117 0.3098 0.1801 0.1334 0.5193 0.1151 0.2062 0.4042 0.1148 0.3855 0.1372 0.1476 0.5150 0.1124 0.2401 0.3291 0.1193 0.4430 0.1262 0.1608 0.4977 0.1116 0.2712 0.2584 0.1244 0.4868 0.1204 0.1753 0.4725 0.1117 0.3061 0.1921 0.1308 0.5141 0.1166 0.1928 0.4374 0.1130 0.3462 0.1531 0.1385 0.5208 0.1078 0.5208 0.1385 0.1531 0.3462 0.1130 0.4374 0.1928 0.1166 0.5141 0.1308 0.1921 0.3061 0.1117 0.4725 0.1753 0.1204 0.4868 0.1244 0.2584 0.2712 0.1116 0.4977 0.1608 0.1262 0.4430 0.1193 0.3291 0.2401 0.1124 0.5150 0.1476 0.1372 0.3855 0.1148 0.4042 0.2062 0.1151 0.5193 0.1334 0.1801 0.3098 0.1117 0.4777 0.1703 0.1228 0.4615 0.1205 0.3204 0.2402 0.1133
0.2277 0.3300 0.1198 0.4549 0.1236 0.1682 0.4816 0.1116 0.3048 0.1865 0.1325 0.5185 0.1153 0.2048 0.4063 0.1148 0.3855 0.1369 0.1480 0.5143 0.1123 0.2426 0.3225 0.1198 0.4486 0.1253 0.1626 0.4948 0.1115 0.2759 0.2484 0.1252 0.4920 0.1198 0.1775 0.4682 0.1118 0.3115 0.1844 0.1318 0.5162 0.1162 0.1955 0.4316 0.1132 0.3523 0.1499 0.1397 0.5208 0.1110 0.2892 0.1110 0.5208 0.1397 0.1499 0.3523 0.1132 0.4316 0.1955 0.1162 0.5162 0.1318 0.1844 0.3115 0.1118 0.4682 0.1775 0.1198 0.4920 0.1252 0.2484 0.2759 0.1115 0.4948 0.1626 0.1253 0.4486 0.1198 0.3225 0.2426 0.1123 0.5143 0.1480 0.1369 0.3855 0.1148 0.4063 0.2048 0.1153 0.5185 0.1325 0.1865 0.3048 0.1116 0.4816 0.1682 0.1236 0.4549 0.1198 0.3300 0.2277
0.3094 0.1195 0.4481 0.1245 0.1662 0.4853 0.1116 0.2995 0.1941 0.1316 0.5173 0.1156 0.2028 0.4102 0.1146 0.3835 0.1372 0.1480 0.5141 0.1123 0.2441 0.3177 0.1202 0.4532 0.1246 0.1642 0.4920 0.1115 0.2804 0.2386 0.1261 0.4968 0.1192 0.1799 0.4636 0.1120 0.3169 0.1774 0.1329 0.5178 0.1158 0.1984 0.4255 0.1135 0.3585 0.1471 0.1409 0.5204 0.1134 0.2244 0.2091 0.2244 0.1134 0.5204 0.1409 0.1471 0.3585 0.1135 0.4255 0.1984 0.1158 0.5178 0.1329 0.1774 0.3169 0.1120 0.4636 0.1799 0.1192 0.4968 0.1261 0.2386 0.2804 0.1115 0.4920 0.1642 0.1246 0.4532 0.1202 0.3177 0.2441 0.1123 0.5141 0.1480 0.1372 0.3835 0.1146 0.4102 0.2028 0.1156 0.5173 0.1316 0.1941 0.2995 0.1116 0.4853 0.1662 0.1245 0.4481 0.1195 0.3094
0.1154 0.4412 0.1255 0.1641 0.4889 0.1115 0.2944 0.2026 0.1306 0.5157 0.1159 0.2004 0.4152 0.1143 0.3799 0.1380 0.1476 0.5143 0.1123 0.2447 0.3151 0.1205 0.4565 0.1241 0.1655 0.4895 0.1115 0.2846 0.2296 0.1269 0.5011 0.1186 0.1823 0.4589 0.1121 0.3225 0.1713 0.1339 0.5190 0.1154 0.2012 0.4193 0.1138 0.3648 0.1445 0.1422 0.5197 0.1133 0.2238 0.3598 0.1305 0.3598 0.2238 0.1133 0.5197 0.1422 0.1445 0.3648 0.1138 0.4193 0.2012 0.1154 0.5190 0.1339 0.1713 0.3225 0.1121 0.4589 0.1823 0.1186 0.5011 0.1269 0.2296 0.2846 0.1115 0.4895 0.1655 0.1241 0.4565 0.1205 0.3151 0.2447 0.1123 0.5143 0.1476 0.1380 0.3799 0.1143 0.4152 0.2004 0.1159 0.5157 0.1306 0.2026 0.2944 0.1115 0.4889 0.1641 0.1255 0.4412 0.1154
0.4176 0.1267 0.1621 0.4924 0.1115 0.2893 0.2115 0.1296 0.5135 0.1163 0.1976 0.4210 0.1141 0.3750 0.1392 0.1468 0.5150 0.1123 0.2441 0.3151 0.1205 0.4581 0.1238 0.1665 0.4874 0.1115 0.2883 0.2217 0.1277 0.5047 0.1181 0.1847 0.4540 0.1123 0.3281 0.1658 0.1350 0.5200 0.1151 0.2042 0.4128 0.1142 0.3711 0.1422 0.1435 0.5189 0.1131 0.2273 0.3602 0.1173 0.5135 0.1173 0.3602 0.2273 0.1131 0.5189 0.1435 0.1422 0.3711 0.1142 0.4128 0.2042 0.1151 0.5200 0.1350 0.1658 0.3281 0.1123 0.4540 0.1847 0.1181 0.5047 0.1277 0.2217 0.2883 0.1115 0.4874 0.1665 0.1238 0.4581 0.1205 0.3151 0.2441 0.1123 0.5150 0.1468 0.1392 0.3750 0.1141 0.4210 0.1976 0.1163 0.5135 0.1296 0.2115 0.2893 0.1115 0.4924 0.1621 0.1267 0.4176
0.1313 0.1602 0.4957 0.1115 0.2842 0.2212 0.1286 0.5110 0.1167 0.1948 0.4271 0.1137 0.3693 0.1408 0.1457 0.5160 0.1124 0.2426 0.3177 0.1205 0.4581 0.1237 0.1670 0.4861 0.1115 0.2912 0.2154 0.1284 0.5075 0.1177 0.1870 0.4490 0.1125 0.3339 0.1611 0.1361 0.5206 0.1147 0.2072 0.4060 0.1145 0.3776 0.1401 0.1449 0.5178 0.1128 0.2309 0.3517 0.1177 0.4317 0.1089 0.4317 0.1177 0.3517 0.2309 0.1128 0.5178 0.1449 0.1401 0.3776 0.1145 0.4060 0.2072 0.1147 0.5206 0.1361 0.1611 0.3339 0.1125 0.4490 0.1870 0.1177 0.5075 0.1284 0.2154 0.2912 0.1115 0.4861 0.1670 0.1237 0.4581 0.1205 0.3177 0.2426 0.1124 0.5160 0.1457 0.1408 0.3693 0.1137 0.4271 0.1948 0.1167 0.5110 0.1286 0.2212 0.2842 0.1115 0.4957 0.1602 0.1313
0.1529 0.4988 0.1115 0.2792 0.2312 0.1277 0.5079 0.1172 0.1921 0.4331 0.1134 0.3631 0.1428 0.1445 0.5171 0.1125 0.2401 0.3225 0.1202 0.4565 0.1238 0.1670 0.4856 0.1116 0.2930 0.2110 0.1290 0.5097 0.1173 0.1891 0.4445 0.1127 0.3394 0.1571 0.1372 0.5209 0.1144 0.2103 0.3991 0.1149 0.3841 0.1382 0.1463 0.5166 0.1126 0.2346 0.3430 0.1183 0.4315 0.1242 0.1985 0.1242 0.4315 0.1183 0.3430 0.2346 0.1126 0.5166 0.1463 0.1382 0.3841 0.1149 0.3991 0.2103 0.1144 0.5209 0.1372 0.1571 0.3394 0.1127 0.4445 0.1891 0.1173 0.5097 0.1290 0.2110 0.2930 0.1116 0.4856 0.1670 0.1238 0.4565 0.1202 0.3225 0.2401 0.1125 0.5171 0.1445 0.1428 0.3631 0.1134 0.4331 0.1921 0.1172 0.5079 0.1277 0.2312 0.2792 0.1115 0.4988 0.1529
0.4824 0.1119 0.2743 0.2414 0.1267 0.5042 0.1177 0.1894 0.4388 0.1132 0.3569 0.1452 0.1432 0.5181 0.1127 0.2370 0.3291 0.1198 0.4532 0.1241 0.1665 0.4861 0.1116 0.2936 0.2088 0.1293 0.5110 0.1170 0.1908 0.4405 0.1129 0.3444 0.1538 0.1383 0.5210 0.1141 0.2135 0.3918 0.1153 0.3907 0.1364 0.1478 0.5152 0.1125 0.2384 0.3341 0.1189 0.4383 0.1268 0.1619 0.4211 0.1619 0.1268 0.4383 0.1189 0.3341 0.2384 0.1125 0.5152 0.1478 0.1364 0.3907 0.1153 0.3918 0.2135 0.1141 0.5210 0.1383 0.1538 0.3444 0.1129 0.4405 0.1908 0.1170 0.5110 0.1293 0.2088 0.2936 0.1116 0.4861 0.1665 0.1241 0.4532 0.1198 0.3291 0.2370 0.1127 0.5181 0.1432 0.1452 0.3569 0.1132 0.4388 0.1894 0.1177 0.5042 0.1267 0.2414 0.2743 0.1119 0.4824
0.1116 0.2696 0.2518 0.1258 0.5000 0.1182 0.1867 0.4445 0.1129 0.3507 0.1478 0.1419 0.5191 0.1129 0.2336 0.3368 0.1193 0.4486 0.1246 0.1655 0.4874 0.1115 0.2930 0.2088 0.1294 0.5117 0.1169 0.1920 0.4373 0.1130 0.3487 0.1513 0.1393 0.5209 0.1139 0.2167 0.3845 0.1157 0.3973 0.1348 0.1493 0.5136 0.1123 0.2423 0.3250 0.1195 0.4450 0.1259 0.1613 0.4939 0.1127 0.4939 0.1613 0.1259 0.4450 0.1195 0.3250 0.2423 0.1123 0.5136 0.1493 0.1348 0.3973 0.1157 0.3845 0.2167 0.1139 0.5209 0.1393 0.1513 0.3487 0.1130 0.4373 0.1920 0.1169 0.5117 0.1294 0.2088 0.2930 0.1115 0.4874 0.1655 0.1246 0.4486 0.1193 0.3368 0.2336 0.1129 0.5191 0.1419 0.1478 0.3507 0.1129 0.4445 0.1867 0.1182 0.5000 0.1258 0.2518 0.2696 0.1116
0.2550 0.2623 0.1250 0.4954 0.1188 0.1841 0.4500 0.1127 0.3446 0.1507 0.1406 0.5199 0.1131 0.2300 0.3453 0.1187 0.4430 0.1253 0.1642 0.4895 0.1115 0.2912 0.2110 0.1293 0.5117 0.1168 0.1927 0.4353 0.1132 0.3521 0.1493 0.1402 0.5206 0.1137 0.2195 0.3775 0.1162 0.4040 0.1333 0.1508 0.5118 0.1121 0.2462 0.3157 0.1202 0.4516 0.1250 0.1632 0.4939 0.1095 0.3756 0.1095 0.4939 0.1632 0.1250 0.4516 0.1202 0.3157 0.2462 0.1121 0.5118 0.1508 0.1333 0.4040 0.1162 0.3775 0.2195 0.1137 0.5206 0.1402 0.1493 0.3521 0.1132 0.4353 0.1927 0.1168 0.5117 0.1293 0.2110 0.2912 0.1115 0.4895 0.1642 0.1253 0.4430 0.1187 0.3453 0.2300 0.1131 0.5199 0.1406 0.1507 0.3446 0.1127 0.4500 0.1841 0.1188 0.4954 0.1250 0.2623 0.2550
0.2438 0.1244 0.4902 0.1194 0.1816 0.4553 0.1124 0.3385 0.1540 0.1394 0.5205 0.1134 0.2264 0.3539 0.1182 0.4366 0.1262 0.1626 0.4920 0.1115 0.2883 0.2154 0.1290 0.5110 0.1169 0.1927 0.4347 0.1132 0.3542 0.1480 0.1409 0.5203 0.1135 0.2221 0.3712 0.1166 0.4101 0.1319 0.1524 0.5098 0.1120 0.2503 0.3062 0.1208 0.4581 0.1241 0.1651 0.4907 0.1114 0.2869 0.1316 0.2869 0.1114 0.4907 0.1651 0.1241 0.4581 0.1208 0.3062 0.2503 0.1120 0.5098 0.1524 0.1319 0.4101 0.1166 0.3712 0.2221 0.1135 0.5203 0.1409 0.1480 0.3542 0.1132 0.4347 0.1927 0.1169 0.5110 0.1290 0.2154 0.2883 0.1115 0.4920 0.1626 0.1262 0.4366 0.1182 0.3539 0.2264 0.1134 0.5205 0.1394 0.1540 0.3385 0.1124 0.4553 0.1816 0.1194 0.4902 0.1244 0.2438
0.1195 0.4847 0.1200 0.1791 0.4603 0.1122 0.3325 0.1578 0.1381 0.5209 0.1136 0.2229 0.3622 0.1176 0.4298 0.1272 0.1608 0.4948 0.1115 0.2846 0.2217 0.1284 0.5097 0.1170 0.1920 0.4353 0.1132 0.3549 0.1474 0.1413 0.5200 0.1133 0.2243 0.3655 0.1170 0.4155 0.1308 0.1539 0.5077 0.1119 0.2545 0.2965 0.1215 0.4645 0.1232 0.1671 0.4872 0.1115 0.2867 0.2155 0.1494 0.2155 0.2867 0.1115 0.4872 0.1671 0.1232 0.4645 0.1215 0.2965 0.2545 0.1119 0.5077 0.1539 0.1308 0.4155 0.1170 0.3655 0.2243 0.1133 0.5200 0.1413 0.1474 0.3549 0.1132 0.4353 0.1920 0.1170 0.5097 0.1284 0.2217 0.2846 0.1115 0.4948 0.1608 0.1272 0.4298 0.1176 0.3622 0.2229 0.1136 0.5209 0.1381 0.1578 0.3325 0.1122 0.4603 0.1791 0.1200 0.4847 0.1195
0.4617 0.1209 0.1767 0.4652 0.1121 0.3265 0.1622 0.1370 0.5210 0.1139 0.2195 0.3704 0.1171 0.4230 0.1283 0.1590 0.4977 0.1115 0.2804 0.2296 0.1277 0.5075 0.1173 0.1908 0.4373 0.1132 0.3542 0.1474 0.1414 0.5198 0.1132 0.2259 0.3609 0.1173 0.4202 0.1298 0.1552 0.5057 0.1118 0.2585 0.2868 0.1223 0.4707 0.1224 0.1692 0.4836 0.1115 0.2916 0.2166 0.1293 0.5142 0.1293 0.2166 0.2916 0.1115 0.4836 0.1692 0.1224 0.4707 0.1223 0.2868 0.2585 0.1118 0.5057 0.1552 0.1298 0.4202 0.1173 0.3609 0.2259 0.1132 0.5198 0.1414 0.1474 0.3542 0.1132 0.4373 0.1908 0.1173 0.5075 0.1277 0.2296 0.2804 0.1115 0.4977 0.1590 0.1283 0.4230 0.1171 0.3704 0.2195 0.1139 0.5210 0.1370 0.1622 0.3265 0.1121 0.4652 0.1767 0.1209 0.4617
0.1248 0.1743 0.4699 0.1119 0.3206 0.1674 0.1358 0.5209 0.1142 0.2161 0.3783 0.1166 0.4163 0.1295 0.1572 0.5006 0.1116 0.2759 0.2386 0.1269 0.5047 0.1177 0.1891 0.4405 0.1130 0.3521 0.1480 0.1413 0.5198 0.1132 0.2268 0.3581 0.1175 0.4239 0.1291 0.1564 0.5039 0.1117 0.2622 0.2777 0.1230 0.4765 0.1217 0.1713 0.4798 0.1116 0.2967 0.2074 0.1291 0.5122 0.1068 0.5122 0.1291 0.2074 0.2967 0.1116 0.4798 0.1713 0.1217 0.4765 0.1230 0.2777 0.2622 0.1117 0.5039 0.1564 0.1291 0.4239 0.1175 0.3581 0.2268 0.1132 0.5198 0.1413 0.1480 0.3521 0.1130 0.4405 0.1891 0.1177 0.5047 0.1269 0.2386 0.2759 0.1116 0.5006 0.1572 0.1295 0.4163 0.1166 0.3783 0.2161 0.1142 0.5209 0.1358 0.1674 0.3206 0.1119 0.4699 0.1743 0.1248
0.1662 0.4743 0.1118 0.3149 0.1733 0.1347 0.5204 0.1145 0.2128 0.3860 0.1161 0.4095 0.1308 0.1554 0.5032 0.1116 0.2712 0.2484 0.1261 0.5011 0.1181 0.1870 0.4445 0.1129 0.3487 0.1493 0.1409 0.5200 0.1132 0.2268 0.3571 0.1177 0.4262 0.1286 0.1573 0.5023 0.1116 0.2654 0.2699 0.1236 0.4816 0.1210 0.1734 0.4759 0.1117 0.3019 0.1987 0.1300 0.5121 0.1138 0.2495 0.1138 0.5121 0.1300 0.1987 0.3019 0.1117 0.4759 0.1734 0.1210 0.4816 0.1236 0.2699 0.2654 0.1116 0.5023 0.1573 0.1286 0.4262 0.1177 0.3571 0.2268 0.1132 0.5200 0.1409 0.1493 0.3487 0.1129 0.4445 0.1870 0.1181 0.5011 0.1261 0.2484 0.2712 0.1116 0.5032 0.1554 0.1308 0.4095 0.1161 0.3860 0.2128 0.1145 0.5204 0.1347 0.1733 0.3149 0.1118 0.4743 0.1662
0.4570 0.1121 0.3092 0.1800 0.1335 0.5197 0.1148 0.2095 0.3936 0.1156 0.4027 0.1321 0.1538 0.5057 0.1117 0.2667 0.2584 0.1252 0.4968 0.1186 0.1847 0.4490 0.1127 0.3444 0.1513 0.1402 0.5203 0.1133 0.2259 0.3581 0.1177 0.4270 0.1283 0.1580 0.5012 0.1116 0.2681 0.2633 0.1242 0.4859 0.1205 0.1753 0.4721 0.1118 0.3071 0.1905 0.1310 0.5145 0.1164 0.1967 0.2984 0.1967 0.1164 0.5145 0.1310 0.1905 0.3071 0.1118 0.4721 0.1753 0.1205 0.4859 0.1242 0.2633 0.2681 0.1116 0.5012 0.1580 0.1283 0.4270 0.1177 0.3581 0.2259 0.1133 0.5203 0.1402 0.1513 0.3444 0.1127 0.4490 0.1847 0.1186 0.4968 0.1252 0.2584 0.2667 0.1117 0.5057 0.1538 0.1321 0.4027 0.1156 0.3936 0.2095 0.1148 0.5197 0.1335 0.1800 0.3092 0.1121 0.4570
0.1108 0.3038 0.1875 0.1325 0.5186 0.1152 0.2063 0.4011 0.1152 0.3958 0.1336 0.1521 0.5080 0.1118 0.2623 0.2685 0.1244 0.4920 0.1192 0.1823 0.4540 0.1125 0.3394 0.1538 0.1393 0.5206 0.1135 0.2243 0.3609 0.1175 0.4262 0.1283 0.1582 0.5005 0.1116 0.2701 0.2580 0.1247 0.4894 0.1200 0.1771 0.4685 0.1118 0.3120 0.1833 0.1320 0.5165 0.1161 0.1960 0.4243 0.1223 0.4243 0.1960 0.1161 0.5165 0.1320 0.1833 0.3120 0.1118 0.4685 0.1771 0.1200 0.4894 0.1247 0.2580 0.2701 0.1116 0.5005 0.1582 0.1283 0.4262 0.1175 0.3609 0.2243 0.1135 0.5206 0.1393 0.1538 0.3394 0.1125 0.4540 0.1823 0.1192 0.4920 0.1244 0.2685 0.2623 0.1118 0.5080 0.1521 0.1336 0.3958 0.1152 0.4011 0.2063 0.1152 0.5186 0.1325 0.1875 0.3038 0.1108
0.2870 0.1958 0.1314 0.5172 0.1156 0.2031 0.4082 0.1148 0.3889 0.1352 0.1505 0.5101 0.1119 0.2579 0.2785 0.1236 0.4868 0.1198 0.1799 0.4589 0.1123 0.3339 0.1571 0.1383 0.5209 0.1137 0.2221 0.3655 0.1173 0.4239 0.1286 0.1580 0.5005 0.1116 0.2712 0.2546 0.1250 0.4921 0.1196 0.1786 0.4653 0.1119 0.3164 0.1774 0.1329 0.5180 0.1157 0.1988 0.4245 0.1128 0.4750 0.1128 0.4245 0.1988 0.1157 0.5180 0.1329 0.1774 0.3164 0.1119 0.4653 0.1786 0.1196 0.4921 0.1250 0.2546 0.2712 0.1116 0.5005 0.1580 0.1286 0.4239 0.1173 0.3655 0.2221 0.1137 0.5209 0.1383 0.1571 0.3339 0.1123 0.4589 0.1799 0.1198 0.4868 0.1236 0.2785 0.2579 0.1119 0.5101 0.1505 0.1352 0.3889 0.1148 0.4082 0.2031 0.1156 0.5172 0.1314 0.1958 0.2870
0.1867 0.1305 0.5153 0.1160 0.2001 0.4151 0.1144 0.3821 0.1369 0.1489 0.5121 0.1120 0.2537 0.2884 0.1229 0.4813 0.1204 0.1775 0.4636 0.1121 0.3281 0.1611 0.1372 0.5210 0.1139 0.2195 0.3712 0.1170 0.4202 0.1291 0.1573 0.5012 0.1116 0.2712 0.2534 0.1252 0.4937 0.1194 0.1798 0.4626 0.1120 0.3202 0.1727 0.1338 0.5190 0.1154 0.2016 0.4182 0.1138 0.3724 0.1134 0.3724 0.1138 0.4182 0.2016 0.1154 0.5190 0.1338 0.1727 0.3202 0.1120 0.4626 0.1798 0.1194 0.4937 0.1252 0.2534 0.2712 0.1116 0.5012 0.1573 0.1291 0.4202 0.1170 0.3712 0.2195 0.1139 0.5210 0.1372 0.1611 0.3281 0.1121 0.4636 0.1775 0.1204 0.4813 0.1229 0.2884 0.2537 0.1120 0.5121 0.1489 0.1369 0.3821 0.1144 0.4151 0.2001 0.1160 0.5153 0.1305 0.1867
0.1250 0.5130 0.1164 0.1971 0.4218 0.1140 0.3753 0.1388 0.1474 0.5140 0.1121 0.2495 0.2982 0.1221 0.4755 0.1211 0.1753 0.4682 0.1120 0.3225 0.1658 0.1361 0.5209 0.1141 0.2167 0.3775 0.1166 0.4155 0.1298 0.1564 0.5023 0.1116 0.2701 0.2546 0.1252 0.4943 0.1192 0.1807 0.4605 0.1121 0.3236 0.1690 0.1345 0.5198 0.1151 0.2042 0.4123 0.1142 0.3721 0.1372 0.1765 0.1372 0.3721 0.1142 0.4123 0.2042 0.1151 0.5198 0.1345 0.1690 0.3236 0.1121 0.4605 0.1807 0.1192 0.4943 0.1252 0.2546 0.2701 0.1116 0.5023 0.1564 0.1298 0.4155 0.1166 0.3775 0.2167 0.1141 0.5209 0.1361 0.1658 0.3225 0.1120 0.4682 0.1753 0.1211 0.4755 0.1221 0.2982 0.2495 0.1121 0.5140 0.1474 0.1388 0.3753 0.1140 0.4218 0.1971 0.1164 0.5130 0.1250
0.4937 0.1171 0.1942 0.4282 0.1137 0.3687 0.1408 0.1459 0.5156 0.1123 0.2453 0.3081 0.1214 0.4695 0.1218 0.1730 0.4725 0.1118 0.3169 0.1713 0.1350 0.5206 0.1144 0.2135 0.3845 0.1162 0.4101 0.1308 0.1552 0.5039 0.1116 0.2681 0.2580 0.1250 0.4937 0.1192 0.1809 0.4594 0.1122 0.3261 0.1662 0.1352 0.5202 0.1149 0.2064 0.4069 0.1145 0.3781 0.1398 0.1471 0.4687 0.1471 0.1398 0.3781 0.1145 0.4069 0.2064 0.1149 0.5202 0.1352 0.1662 0.3261 0.1122 0.4594 0.1809 0.1192 0.4937 0.1250 0.2580 0.2681 0.1116 0.5039 0.1552 0.1308 0.4101 0.1162 0.3845 0.2135 0.1144 0.5206 0.1350 0.1713 0.3169 0.1118 0.4725 0.1730 0.1218 0.4695 0.1214 0.3081 0.2453 0.1123 0.5156 0.1459 0.1408 0.3687 0.1137 0.4282 0.1942 0.1171 0.4937
0.1200 0.1914 0.4343 0.1134 0.3621 0.1431 0.1444 0.5170 0.1125 0.2412 0.3180 0.1207 0.4632 0.1226 0.1709 0.4766 0.1117 0.3115 0.1774 0.1339 0.5200 0.1147 0.2103 0.3918 0.1157 0.4040 0.1319 0.1539 0.5057 0.1117 0.2654 0.2633 0.1247 0.4921 0.1194 0.1807 0.4594 0.1122 0.3274 0.1645 0.1357 0.5205 0.1147 0.2083 0.4022 0.1148 0.3833 0.1382 0.1465 0.5149 0.1093 0.5149 0.1465 0.1382 0.3833 0.1148 0.4022 0.2083 0.1147 0.5205 0.1357 0.1645 0.3274 0.1122 0.4594 0.1807 0.1194 0.4921 0.1247 0.2633 0.2654 0.1117 0.5057 0.1539 0.1319 0.4040 0.1157 0.3918 0.2103 0.1147 0.5200 0.1339 0.1774 0.3115 0.1117 0.4766 0.1709 0.1226 0.4632 0.1207 0.3180 0.2412 0.1125 0.5170 0.1444 0.1431 0.3621 0.1134 0.4343 0.1914 0.1200
0.1822 0.4403 0.1131 0.3556 0.1456 0.1430 0.5182 0.1127 0.2372 0.3275 0.1200 0.4567 0.1234 0.1688 0.4806 0.1117 0.3061 0.1844 0.1329 0.5190 0.1151 0.2072 0.3991 0.1153 0.3973 0.1333 0.1524 0.5077 0.1118 0.2622 0.2699 0.1242 0.4894 0.1196 0.1798 0.4605 0.1122 0.3274 0.1639 0.1359 0.5207 0.1146 0.2099 0.3982 0.1150 0.3877 0.1369 0.1476 0.5152 0.1099 0.3214 0.1099 0.5152 0.1476 0.1369 0.3877 0.1150 0.3982 0.2099 0.1146 0.5207 0.1359 0.1639 0.3274 0.1122 0.4605 0.1798 0.1196 0.4894 0.1242 0.2699 0.2622 0.1118 0.5077 0.1524 0.1333 0.3973 0.1153 0.3991 0.2072 0.1151 0.5190 0.1329 0.1844 0.3061 0.1117 0.4806 0.1688 0.1234 0.4567 0.1200 0.3275 0.2372 0.1127 0.5182 0.1430 0.1456 0.3556 0.1131 0.4403 0.1822
0.4218 0.1132 0.3493 0.1483 0.1416 0.5193 0.1129 0.2333 0.3370 0.1193 0.4498 0.1243 0.1667 0.4844 0.1116 0.3009 0.1921 0.1318 0.5178 0.1154 0.2042 0.4060 0.1149 0.3907 0.1348 0.1508 0.5098 0.1119 0.2585 0.2777 0.1236 0.4859 0.1200 0.1786 0.4626 0.1121 0.3261 0.1645 0.1359 0.5207 0.1145 0.2110 0.3951 0.1152 0.3913 0.1359 0.1486 0.5140 0.1122 0.2467 0.1619 0.2467 0.1122 0.5140 0.1486 0.1359 0.3913 0.1152 0.3951 0.2110 0.1145 0.5207 0.1359 0.1645 0.3261 0.1121 0.4626 0.1786 0.1200 0.4859 0.1236 0.2777 0.2585 0.1119 0.5098 0.1508 0.1348 0.3907 0.1149 0.4060 0.2042 0.1154 0.5178 0.1318 0.1921 0.3009 0.1116 0.4844 0.1667 0.1243 0.4498 0.1193 0.3370 0.2333 0.1129 0.5193 0.1416 0.1483 0.3493 0.1132 0.4218
0.1110 0.3430 0.1515 0.1403 0.5200 0.1132 0.2295 0.3461 0.1187 0.4430 0.1252 0.1646 0.4880 0.1115 0.2957 0.2004 0.1308 0.5162 0.1158 0.2012 0.4128 0.1145 0.3841 0.1364 0.1493 0.5118 0.1120 0.2545 0.2868 0.1230 0.4816 0.1205 0.1771 0.4653 0.1120 0.3236 0.1662 0.1357 0.5207 0.1145 0.2114 0.3934 0.1154 0.3940 0.1350 0.1494 0.5130 0.1121 0.2450 0.3072 0.1372 0.3073 0.2451 0.1119 0.5130 0.1494 0.1346 0.3940 0.1154 0.3934 0.2114 0.1145 0.5207 0.1357 0.1662 0.3236 0.1120 0.4653 0.1771 0.1205 0.4816 0.1230 0.2868 0.2545 0.1120 0.5118 0.1493 0.1364 0.3841 0.1145 0.4128 0.2012 0.1158 0.5162 0.1308 0.2004 0.2957 0.1115 0.4880 0.1646 0.1252 0.4430 0.1187 0.3461 0.2295 0.1132 0.5200 0.1403 0.1515 0.3430 0.1110
0.3237 0.1551 0.1391 0.5206 0.1134 0.2258 0.3550 0.1181 0.4360 0.1263 0.1626 0.4915 0.1115 0.2906 0.2092 0.1298 0.5141 0.1162 0.1984 0.4193 0.1142 0.3776 0.1382 0.1478 0.5136 0.1121 0.2503 0.2965 0.1223 0.4765 0.1210 0.1753 0.4685 0.1119 0.3202 0.1690 0.1352 0.5205 0.1146 0.2110 0.3934 0.1154 0.3955 0.1341 0.1518 0.5113 0.1102 0.2516 0.3006 0.1242 0.5206 0.1232 0.2649 0.2573 0.1106 0.5082 0.1578 0.1297 0.3971 0.1154 0.3934 0.2110 0.1146 0.5205 0.1352 0.1690 0.3202 0.1119 0.4685 0.1753 0.1210 0.4765 0.1223 0.2965 0.2503 0.1121 0.5136 0.1478 0.1382 0.3776 0.1142 0.4193 0.1984 0.1162 0.5141 0.1298 0.2092 0.2906 0.1115 0.4915 0.1626 0.1263 0.4360 0.1181 0.3550 0.2258 0.1134 0.5206 0.1391 0.1551 0.3237
0.1566 0.1378 0.5209 0.1137 0.2222 0.3637 0.1175 0.4290 0.1273 0.1607 0.4948 0.1115 0.2855 0.2186 0.1289 0.5117 0.1166 0.1955 0.4255 0.1138 0.3711 0.1401 0.1463 0.5152 0.1123 0.2462 0.3062 0.1215 0.4707 0.1217 0.1734 0.4721 0.1118 0.3164 0.1727 0.1345 0.5202 0.1147 0.2099 0.3951 0.1154 0.3955 0.1336 0.1505 0.4217 0.1090 0.3086 0.1448 0.1299 0.5031 0.1094 0.5033 0.1742 0.1303 0.2933 0.1192 0.3379 0.1860 0.1224 0.3984 0.1153 0.3951 0.2099 0.1147 0.5202 0.1345 0.1727 0.3164 0.1118 0.4721 0.1734 0.1217 0.4707 0.1215 0.3062 0.2462 0.1123 0.5152 0.1463 0.1401 0.3711 0.1138 0.4255 0.1955 0.1166 0.5117 0.1289 0.2186 0.2855 0.1115 0.4948 0.1607 0.1273 0.4290 0.1175 0.3637 0.2222 0.1137 0.5209 0.1378 0.1566
0.1318 0.5210 0.1140 0.2187 0.3721 0.1170 0.4220 0.1285 0.1588 0.4980 0.1115 0.2805 0.2286 0.1279 0.5087 0.1171 0.1928 0.4316 0.1135 0.3648 0.1422 0.1449 0.5166 0.1125 0.2423 0.3157 0.1208 0.4645 0.1224 0.1713 0.4759 0.1118 0.3120 0.1774 0.1338 0.5198 0.1149 0.2083 0.3982 0.1152 0.3940 0.1340 0.1504 0.2320 0.1075 0.5910 0.0643 0.2903 0.4707 0.1979 0.5993 0.1523 0.4528 0.3694 0.2191 0.0829 0.1884 0.5742 0.0733 0.1223 0.3957 0.1152 0.3982 0.2083 0.1149 0.5198 0.1338 0.1774 0.3120 0.1118 0.4759 0.1713 0.1224 0.4645 0.1208 0.3157 0.2423 0.1125 0.5166 0.1449 0.1422 0.3648 0.1135 0.4316 0.1928 0.1171 0.5087 0.1279 0.2286 0.2805 0.1115 0.4980 0.1588 0.1285 0.4220 0.1170 0.3721 0.2187 0.1140 0.5210 0.1318
0.5046 0.1146 0.2152 0.3802 0.1165 0.4149 0.1297 0.1569 0.5009 0.1116 0.2756 0.2388 0.1270 0.5052 0.1175 0.1901 0.4374 0.1132 0.3585 0.1445 0.1435 0.5178 0.1126 0.2384 0.3250 0.1202 0.4581 0.1232 0.1692 0.4798 0.1117 0.3071 0.1833 0.1329 0.5190 0.1151 0.2064 0.4022 0.1150 0.3913 0.1349 0.1528 0.4692 0.2599 0.0655 0.1487 0.3685 0.2577 0.3838 0.1674 0.4253 0.4139 0.1986 0.2648 0.5020 0.1521 0.3766 0.2841 0.4659 0.1830 0.1295 0.3912 0.1149 0.4023 0.2064 0.1149 0.5190 0.1330 0.1833 0.3070 0.1115 0.4799 0.1692 0.1230 0.4581 0.1201 0.3251 0.2384 0.1124 0.5179 0.1435 0.1444 0.3584 0.1131 0.4374 0.1901 0.1173 0.5051 0.1270 0.2390 0.2755 0.1114 0.5010 0.1569 0.1295 0.4148 0.1164 0.3803 0.2152 0.1143 0.5046
0.1164 0.2118 0.3881 0.1160 0.4078 0.1311 0.1551 0.5036 0.1116 0.2708 0.2491 0.1261 0.5011 0.1181 0.1874 0.4431 0.1130 0.3523 0.1471 0.1422 0.5189 0.1128 0.2346 0.3341 0.1195 0.4516 0.1241 0.1671 0.4836 0.1116 0.3019 0.1905 0.1320 0.5180 0.1154 0.2042 0.4069 0.1148 0.3877 0.1359 0.1495 0.5036 0.1188 0.0976 0.5714 0.0502 0.1224 0.3326 0.0547 0.4251 0.3513 0.4111 0.2110 0.1483 0.1307 0.5702 0.3757 0.1528 0.3619 0.2737 0.1614 0.1295 0.3986 0.1146 0.3957 0.2097 0.1116 0.5198 0.1341 0.1770 0.3102 0.1097 0.4775 0.1711 0.1193 0.4619 0.1204 0.3192 0.2412 0.1096 0.5172 0.1449 0.1402 0.3620 0.1121 0.4341 0.1923 0.1139 0.5070 0.1277 0.2327 0.2782 0.1091 0.4995 0.1585 0.1258 0.4188 0.1162 0.3748 0.2186 0.1118
0.2012 0.3957 0.1155 0.4009 0.1325 0.1534 0.5062 0.1117 0.2661 0.2596 0.1252 0.4966 0.1186 0.1848 0.4486 0.1127 0.3462 0.1499 0.1409 0.5197 0.1131 0.2309 0.3430 0.1189 0.4450 0.1250 0.1651 0.4872 0.1115 0.2967 0.1987 0.1310 0.5165 0.1157 0.2016 0.4123 0.1145 0.3833 0.1369 0.1486 0.5130 0.1080 0.4843 0.0695 0.4238 0.1865 0.2103 0.4232 0.1256 0.3626 0.1617 0.2880 0.3102 0.0865 0.5234 0.5498 0.4495 0.2224 0.0238 0.1362 0.4080 0.1946 0.1095 0.5100 0.1292 0.2207 0.2836 0.1076 0.4960 0.1620 0.1201 0.4273 0.1170 0.3649 0.2223 0.1072 0.5210 0.1394 0.1533 0.3307 0.1098 0.4616 0.1800 0.1125 0.4837 0.1235 0.2839 0.2554 0.1069 0.5117 0.1514 0.1293 0.3839 0.1133 0.4130 0.2020 0.1086 0.5162 0.1320 0.1944 0.2883
0.3758 0.1155 0.3939 0.1340 0.1517 0.5085 0.1118 0.2615 0.2700 0.1243 0.4916 0.1192 0.1822 0.4539 0.1125 0.3401 0.1531 0.1397 0.5204 0.1133 0.2273 0.3517 0.1183 0.4383 0.1259 0.1632 0.4907 0.1115 0.2916 0.2074 0.1300 0.5145 0.1161 0.1988 0.4182 0.1142 0.3781 0.1382 0.1476 0.5140 0.1119 0.2576 0.1385 0.5171 0.1920 0.2729 0.3025 0.3657 0.1073 0.4403 0.2382 0.2928 0.2806 0.5046 0.4051 0.0847 0.3234 0.3922 0.4222 0.2830 0.1755 0.1225 0.4436 0.1184 0.3446 0.2307 0.1111 0.5199 0.1410 0.1487 0.3450 0.1115 0.4495 0.1849 0.1164 0.4962 0.1252 0.2594 0.2664 0.1099 0.5061 0.1539 0.1302 0.4017 0.1149 0.3948 0.2095 0.1127 0.5196 0.1336 0.1799 0.3084 0.1102 0.4792 0.1699 0.1209 0.4590 0.1200 0.3235 0.2396 0.1110
0.1123 0.3870 0.1356 0.1501 0.5107 0.1119 0.2570 0.2804 0.1235 0.4862 0.1198 0.1797 0.4591 0.1123 0.3340 0.1568 0.1385 0.5208 0.1136 0.2238 0.3601 0.1178 0.4316 0.1270 0.1613 0.4939 0.1115 0.2867 0.2166 0.1291 0.5121 0.1165 0.1960 0.4245 0.1139 0.3722 0.1399 0.1465 0.5152 0.1123 0.2451 0.2989 0.1245 0.5064 0.2029 0.3566 0.0512 0.4735 0.3488 0.2623 0.4666 0.1242 0.0299 0.5409 0.3448 0.0900 0.1412 0.2454 0.0700 0.2499 0.1171 0.4462 0.1190 0.3413 0.2317 0.1129 0.5196 0.1412 0.1493 0.3473 0.1127 0.4475 0.1854 0.1184 0.4979 0.1255 0.2559 0.2679 0.1116 0.5051 0.1542 0.1317 0.4044 0.1157 0.3918 0.2103 0.1147 0.5199 0.1338 0.1782 0.3107 0.1117 0.4775 0.1704 0.1227 0.4615 0.1205 0.3207 0.2401 0.1128 0.5002
0.3654 0.1376 0.1485 0.5127 0.1120 0.2526 0.2907 0.1227 0.4804 0.1205 0.1773 0.4640 0.1121 0.3280 0.1610 0.1373 0.5210 0.1138 0.2204 0.3683 0.1172 0.4248 0.1281 0.1594 0.4970 0.1115 0.2818 0.2261 0.1281 0.5093 0.1170 0.1933 0.4305 0.1136 0.3659 0.1418 0.1452 0.5164 0.1124 0.2422 0.3172 0.1213 0.5094 0.1477 0.0526 0.2257 0.1800 0.1940 0.3957 0.0793 0.1913 0.4079 0.0560 0.1201 0.0348 0.3120 0.0792 0.0795 0.3820 0.1074 0.4730 0.1195 0.3326 0.2354 0.1128 0.5187 0.1425 0.1466 0.3534 0.1130 0.4420 0.1880 0.1179 0.5022 0.1263 0.2458 0.2724 0.1116 0.5026 0.1559 0.1305 0.4112 0.1162 0.3841 0.2136 0.1144 0.5206 0.1350 0.1717 0.3164 0.1118 0.4732 0.1726 0.1220 0.4681 0.1212 0.3108 0.2442 0.1124 0.5160 0.1405
0.1419 0.1469 0.5144 0.1122 0.2484 0.3008 0.1220 0.4744 0.1212 0.1749 0.4687 0.1120 0.3221 0.1660 0.1361 0.5209 0.1141 0.2170 0.3763 0.1167 0.4180 0.1292 0.1576 0.4999 0.1115 0.2771 0.2359 0.1272 0.5060 0.1174 0.1906 0.4364 0.1133 0.3596 0.1441 0.1438 0.5176 0.1126 0.2389 0.3245 0.1201 0.4708 0.1076 0.4520 0.1854 0.1435 0.5000 0.1341 0.0611 0.4796 0.2219 0.2847 0.2271 0.3680 0.3624 0.1809 0.1832 0.1696 0.1895 0.5120 0.1225 0.3242 0.2389 0.1126 0.5176 0.1438 0.1441 0.3596 0.1133 0.4364 0.1906 0.1174 0.5060 0.1272 0.2359 0.2771 0.1115 0.4999 0.1576 0.1292 0.4180 0.1167 0.3763 0.2170 0.1141 0.5209 0.1361 0.1660 0.3221 0.1120 0.4687 0.1749 0.1212 0.4744 0.1220 0.3008 0.2484 0.1122 0.5144 0.1469 0.1419
0.1405 0.5160 0.1124 0.2442 0.3108 0.1212 0.4681 0.1220 0.1726 0.4732 0.1118 0.3164 0.1717 0.1350 0.5206 0.1144 0.2136 0.3841 0.1162 0.4112 0.1305 0.1559 0.5026 0.1116 0.2724 0.2458 0.1263 0.5022 0.1179 0.1880 0.4420 0.1130 0.3534 0.1466 0.1425 0.5187 0.1128 0.2354 0.3326 0.1196 0.4518 0.1197 0.2073 0.2836 0.2973 0.5497 0.0616 0.5256 0.0971 0.3597 0.1214 0.5262 0.3189 0.0423 0.1845 0.4278 0.1575 0.2681 0.2842 0.1325 0.3019 0.2423 0.1124 0.5164 0.1452 0.1418 0.3659 0.1136 0.4305 0.1933 0.1170 0.5093 0.1281 0.2261 0.2818 0.1115 0.4970 0.1594 0.1281 0.4248 0.1172 0.3683 0.2204 0.1138 0.5210 0.1373 0.1610 0.3280 0.1121 0.4640 0.1773 0.1205 0.4804 0.1227 0.2907 0.2526 0.1120 0.5127 0.1485 0.1376 0.3654
0.5002 0.1128 0.2401 0.3207 0.1205 0.4615 0.1227 0.1704 0.4775 0.1117 0.3107 0.1782 0.1338 0.5199 0.1147 0.2103 0.3918 0.1157 0.4044 0.1317 0.1542 0.5051 0.1116 0.2679 0.2559 0.1255 0.4979 0.1184 0.1854 0.4475 0.1127 0.3473 0.1493 0.1412 0.5196 0.1129 0.2317 0.3413 0.1190 0.4460 0.1244 0.1720 0.3080 0.1919 0.5396 0.3029 0.2754 0.4466 0.1525 0.3333 0.3521 0.0895 0.3191 0.3201 0.3539 0.4015 0.1460 0.3900 0.3499 0.1575 0.2526 0.1121 0.5152 0.1465 0.1399 0.3722 0.1139 0.4245 0.1960 0.1165 0.5121 0.1291 0.2166 0.2867 0.1115 0.4939 0.1613 0.1270 0.4316 0.1178 0.3601 0.2238 0.1136 0.5208 0.1385 0.1568 0.3340 0.1123 0.4591 0.1797 0.1198 0.4862 0.1235 0.2804 0.2570 0.1119 0.5107 0.1501 0.1356 0.3870 0.1123
0.1110 0.2396 0.3235 0.1200 0.4590 0.1209 0.1699 0.4792 0.1102 0.3084 0.1799 0.1336 0.5196 0.1127 0.2095 0.3948 0.1149 0.4017 0.1302 0.1539 0.5061 0.1099 0.2664 0.2594 0.1252 0.4962 0.1164 0.1849 0.4495 0.1115 0.3450 0.1487 0.1410 0.5199 0.1111 0.2307 0.3446 0.1184 0.4436 0.1231 0.1651 0.4795 0.1190 0.1332 0.1003 0.3547 0.3932 0.3868 0.0710 0.3026 0.3880 0.4368 0.2965 0.2666 0.3047 0.0587 0.3672 0.3596 0.2698 0.2685 0.1110 0.5140 0.1476 0.1382 0.3781 0.1142 0.4182 0.1988 0.1161 0.5145 0.1300 0.2074 0.2916 0.1115 0.4907 0.1632 0.1259 0.4383 0.1183 0.3517 0.2273 0.1133 0.5204 0.1397 0.1531 0.3401 0.1125 0.4539 0.1822 0.1192 0.4916 0.1243 0.2700 0.2615 0.1118 0.5085 0.1517 0.1340 0.3939 0.1155 0.3758
0.2883 0.1944 0.1320 0.5162 0.1086 0.2020 0.4130 0.1133 0.3839 0.1293 0.1514 0.5117 0.1069 0.2554 0.2839 0.1235 0.4837 0.1125 0.1800 0.4616 0.1098 0.3307 0.1533 0.1394 0.5210 0.1072 0.2223 0.3649 0.1170 0.4273 0.1201 0.1620 0.4960 0.1076 0.2836 0.2207 0.1292 0.5100 0.1095 0.1946 0.4309 0.1125 0.5137 0.0472 0.2511 0.4681 0.2205 0.2329 0.4155 0.2761 0.2881 0.1508 0.3731 0.3217 0.4553 0.1254 0.4154 0.4144 0.2556 0.1147 0.5123 0.1486 0.1369 0.3833 0.1145 0.4123 0.2016 0.1157 0.5165 0.1310 0.1987 0.2967 0.1115 0.4872 0.1651 0.1250 0.4450 0.1189 0.3430 0.2309 0.1131 0.5197 0.1409 0.1499 0.3462 0.1127 0.4486 0.1848 0.1186 0.4966 0.1252 0.2596 0.2661 0.1117 0.5062 0.1534 0.1325 0.4009 0.1155 0.3957 0.2012
0.1118 0.2186 0.3748 0.1162 0.4188 0.1258 0.1585 0.4995 0.1091 0.2782 0.2327 0.1277 0.5070 0.1139 0.1923 0.4341 0.1121 0.3620 0.1402 0.1449 0.5172 0.1096 0.2412 0.3192 0.1204 0.4619 0.1193 0.1711 0.4775 0.1097 0.3102 0.1770 0.1341 0.5198 0.1116 0.2097 0.3957 0.1146 0.3986 0.1300 0.1528 0.5012 0.1160 0.2309 0.3705 0.0973 0.0863 0.3722 0.2457 0.1948 0.2343 0.2541 0.3453 0.2902 0.3574 0.4018 0.4367 0.1711 0.2376 0.2602 0.1518 0.1359 0.3877 0.1148 0.4069 0.2042 0.1154 0.5180 0.1320 0.1905 0.3019 0.1116 0.4836 0.1671 0.1241 0.4516 0.1195 0.3341 0.2346 0.1128 0.5189 0.1422 0.1471 0.3523 0.1130 0.4431 0.1874 0.1181 0.5011 0.1261 0.2491 0.2708 0.1116 0.5036 0.1551 0.1311 0.4078 0.1160 0.3881 0.2118 0.1164
