-20.3281 -42.8049 20.9454 -29.4540 -48.8119 0.8666 -36.6235 -5.1010 -23.7263 -44.3742 25.9041 -30.9347 -48.4523 -10.8709 -38.0748 4.6552 -25.1156 -45.9019 30.4651 -32.4311 -46.0418 -16.0801 -39.5160 10.5558 -26.4447 -47.2975 32.1128 -33.9138 -39.4545 -19.2865 -41.0162 15.4306 -27.8194 -48.3801 24.5824 -35.2972 -25.5251 -21.6355 -42.5677 20.2069 -29.2412 -48.8118 3.8174 -36.4381 -7.2831 -23.4831 -44.1378 25.1512 -30.7785 -48.3907 -21.5882 -48.3907 -30.7785 25.1512 -44.1378 -23.4831 -7.2831 -36.4381 3.8174 -48.8118 -29.2412 20.2069 -42.5677 -21.6355 -25.5251 -35.2972 24.5824 -48.3801 -27.8194 15.4306 -41.0162 -19.2865 -39.4545 -33.9138 32.1128 -47.2975 -26.4447 10.5558 -39.5160 -16.0801 -46.0418 -32.4311 30.4651 -45.9019 -25.1156 4.6552 -38.0748 -10.8709 -48.4523 -30.9347 25.9041 -44.3742 -23.7263 -5.1010 -36.6235 0.8666 -48.8119 -29.4540 20.9454 -42.8049 -20.3281
-42.8049 21.0191 -30.4199 -48.9074 8.5875 -36.2115 -2.1496 -25.3114 -44.5275 26.4311 -31.8093 -48.0493 -9.1236 -37.6125 5.9941 -26.5730 -46.1464 31.5432 -33.1291 -44.7604 -16.2053 -39.2241 11.3345 -27.7576 -47.5918 34.8850 -34.3784 -36.5410 -20.2289 -40.8857 15.9593 -28.9993 -48.6556 31.2083 -35.4425 -20.6657 -23.0338 -42.5793 20.6344 -30.2866 -48.9477 12.2312 -36.1145 -3.9008 -25.0668 -44.2748 25.6443 -31.6095 -48.2837 -9.2906 -40.5775 -9.2906 -48.2837 -31.6095 25.6443 -44.2748 -25.0668 -3.9008 -36.1145 12.2312 -48.9477 -30.2866 20.6344 -42.5793 -23.0338 -20.6657 -35.4425 31.2083 -48.6556 -28.9993 15.9593 -40.8857 -20.2289 -36.5410 -34.3784 34.8850 -47.5918 -27.7576 11.3345 -39.2241 -16.2053 -44.7604 -33.1291 31.5432 -46.1464 -26.5730 5.9941 -37.6125 -9.1236 -48.0493 -31.8093 26.4311 -44.5275 -25.3114 -2.1496 -36.2115 8.5875 -48.9074 -30.4199 21.0191 -42.8049
20.9454 -30.4199 -48.8827 6.2741 -36.5385 -0.7652 -25.5099 -44.7660 27.1988 -32.0901 -47.7686 -10.5287 -37.8492 6.8886 -26.7366 -46.3769 32.2280 -33.4501 -43.9226 -16.9240 -39.4689 12.0376 -27.9474 -47.7798 34.9832 -34.7282 -34.6882 -20.7067 -41.1369 16.6431 -29.2169 -48.7613 29.5325 -35.8219 -17.8141 -23.3779 -42.8332 21.3509 -30.5354 -48.8864 8.4394 -36.5002 -2.1508 -25.2993 -44.5219 26.4208 -31.8897 -48.0527 -9.0704 -37.8793 18.5435 -37.8793 -9.0704 -48.0527 -31.8897 26.4208 -44.5219 -25.2993 -2.1508 -36.5002 8.4394 -48.8864 -30.5354 21.3509 -42.8332 -23.3779 -17.8141 -35.8219 29.5325 -48.7613 -29.2169 16.6431 -41.1369 -20.7067 -34.6882 -34.7282 34.9832 -47.7798 -27.9474 12.0376 -39.4689 -16.9240 -43.9226 -33.4501 32.2280 -46.3769 -26.7366 6.8886 -37.8492 -10.5287 -47.7686 -32.0901 27.1988 -44.7660 -25.5099 -0.7652 -36.5385 6.2741 -48.8827 -30.4199 20.9454
-29.4540 -48.9074 6.2741 -36.5509 0.0356 -25.6583 -44.9699 27.8944 -32.2768 -47.4423 -11.7568 -38.0810 7.7249 -26.9110 -46.6028 32.8740 -33.6460 -42.9677 -17.5923 -39.7149 12.7360 -28.1331 -47.9603 34.9019 -34.9070 -32.6689 -21.1602 -41.3884 17.3284 -29.4095 -48.8473 27.4331 -35.9547 -14.9902 -23.7085 -43.0865 22.0823 -30.7356 -48.7994 4.8151 -36.5477 -0.5880 -25.5229 -44.7697 27.1920 -32.0923 -47.7717 -10.5235 -37.8428 7.7537 -32.1200 7.7537 -37.8428 -10.5235 -47.7717 -32.0923 27.1920 -44.7697 -25.5229 -0.5880 -36.5477 4.8151 -48.7994 -30.7356 22.0823 -43.0865 -23.7085 -14.9902 -35.9547 27.4331 -48.8473 -29.4095 17.3284 -41.3884 -21.1602 -32.6689 -34.9070 34.9019 -47.9603 -28.1331 12.7360 -39.7149 -17.5923 -42.9677 -33.6460 32.8740 -46.6028 -26.9110 7.7249 -38.0810 -11.7568 -47.4423 -32.2768 27.8944 -44.9699 -25.6583 0.0356 -36.5509 6.2741 -48.9074 -29.4540
-48.8119 8.5875 -36.5385 0.0356 -25.7130 -45.0922 28.4090 -32.4313 -47.0931 -12.7808 -38.3045 8.4954 -27.0836 -46.8185 33.4559 -33.8381 -41.8955 -18.2176 -39.9598 13.4283 -28.3186 -48.1305 34.6181 -35.0809 -30.4333 -21.5881 -41.6411 18.0175 -29.6050 -48.9153 24.9415 -36.0787 -12.2931 -24.0244 -43.3369 22.8221 -30.9364 -48.7279 1.4783 -36.5953 0.8196 -25.7278 -45.0163 27.9711 -32.2961 -47.4273 -11.7743 -38.0808 7.7069 -27.7426 -48.8188 -27.7426 7.7069 -38.0808 -11.7743 -47.4273 -32.2961 27.9711 -45.0163 -25.7278 0.8196 -36.5953 1.4783 -48.7279 -30.9364 22.8221 -43.3369 -24.0244 -12.2931 -36.0787 24.9415 -48.9153 -29.6050 18.0175 -41.6411 -21.5881 -30.4333 -35.0809 34.6181 -48.1305 -28.3186 13.4283 -39.9598 -18.2176 -41.8955 -33.8381 33.4559 -46.8185 -27.0836 8.4954 -38.3045 -12.7808 -47.0931 -32.4313 28.4090 -45.0922 -25.7130 0.0356 -36.5385 8.5875 -48.8119
0.8666 -36.2115 -0.7652 -25.6583 -45.0922 28.6028 -32.5234 -46.8059 -13.5439 -38.5028 9.1942 -27.2478 -47.0229 33.9569 -34.0266 -40.7063 -18.7903 -40.2045 14.1070 -28.5057 -48.2877 34.1003 -35.2495 -28.0117 -22.0006 -41.8913 18.7134 -29.7998 -48.9603 22.0038 -36.1949 -9.7379 -24.3230 -43.5898 23.5628 -31.1388 -48.6629 -1.4430 -36.7411 2.0796 -25.9150 -45.2584 28.7498 -32.4973 -47.0159 -12.8960 -38.3204 8.5264 -27.1117 -46.6511 14.8541 -46.6511 -27.1117 8.5264 -38.3204 -12.8960 -47.0159 -32.4973 28.7498 -45.2584 -25.9150 2.0796 -36.7411 -1.4430 -48.6629 -31.1388 23.5628 -43.5898 -24.3230 -9.7379 -36.1949 22.0038 -48.9603 -29.7998 18.7134 -41.8913 -22.0006 -28.0117 -35.2495 34.1003 -48.2877 -28.5057 14.1070 -40.2045 -18.7903 -40.7063 -34.0266 33.9569 -47.0229 -27.2478 9.1942 -38.5028 -13.5439 -46.8059 -32.5234 28.6028 -45.0922 -25.6583 -0.7652 -36.2115 0.8666
-36.6235 -2.1496 -25.5099 -44.9699 28.4090 -32.5234 -46.6926 -13.9652 -38.6445 9.7374 -27.3898 -47.2053 34.3569 -34.2030 -39.4095 -19.3215 -40.4464 14.7715 -28.6914 -48.4330 33.3267 -35.4092 -25.4503 -22.3944 -42.1440 19.4075 -29.9958 -48.9796 18.6616 -36.2946 -7.3947 -24.6075 -43.8419 24.3205 -31.3394 -48.5594 -3.9514 -36.9729 3.2407 -26.0893 -45.5006 29.5142 -32.6986 -46.5357 -13.9010 -38.5607 9.3084 -27.2653 -47.0207 34.5459 -37.2599 34.5459 -47.0207 -27.2653 9.3084 -38.5607 -13.9010 -46.5357 -32.6986 29.5142 -45.5006 -26.0893 3.2407 -36.9729 -3.9514 -48.5594 -31.3394 24.3205 -43.8419 -24.6075 -7.3947 -36.2946 18.6616 -48.9796 -29.9958 19.4075 -42.1440 -22.3944 -25.4503 -35.4092 33.3267 -48.4330 -28.6914 14.7715 -40.4464 -19.3215 -39.4095 -34.2030 34.3569 -47.2053 -27.3898 9.7374 -38.6445 -13.9652 -46.6926 -32.5234 28.4090 -44.9699 -25.5099 -2.1496 -36.6235
-5.1010 -25.3114 -44.7660 27.8944 -32.4313 -46.8059 -13.9652 -38.6971 10.0360 -27.4898 -47.3446 34.6296 -34.3590 -38.0552 -19.8043 -40.6828 15.4255 -28.8743 -48.5632 32.2747 -35.5584 -22.7904 -22.7614 -42.3943 20.1069 -30.1930 -48.9733 15.0423 -36.3828 -5.2992 -24.8764 -44.0930 25.0854 -31.5406 -48.4155 -6.0978 -37.2038 4.3128 -26.2597 -45.7399 30.2737 -32.9005 -45.9683 -14.8014 -38.8028 10.0640 -27.4470 -47.2439 34.4043 -35.1354 -1.0117 -35.1354 34.4043 -47.2439 -27.4470 10.0640 -38.8028 -14.8014 -45.9683 -32.9005 30.2737 -45.7399 -26.2597 4.3128 -37.2038 -6.0978 -48.4155 -31.5406 25.0854 -44.0930 -24.8764 -5.2992 -36.3828 15.0423 -48.9733 -30.1930 20.1069 -42.3943 -22.7614 -22.7904 -35.5584 32.2747 -48.5632 -28.8743 15.4255 -40.6828 -19.8043 -38.0552 -34.3590 34.6296 -47.3446 -27.4898 10.0360 -38.6971 -13.9652 -46.8059 -32.4313 27.8944 -44.7660 -25.3114 -5.1010
-23.7263 -44.5275 27.1988 -32.2768 -47.0931 -13.5439 -38.6445 10.0360 -27.5262 -47.4229 34.7778 -34.4804 -36.8032 -20.2158 -40.9026 16.0518 -29.0547 -48.6782 30.9204 -35.7021 -20.0810 -23.1072 -42.6383 20.8043 -30.3865 -48.9373 11.2655 -36.4586 -3.3997 -25.1268 -44.3436 25.8564 -31.7443 -48.2241 -7.9152 -37.4382 5.2989 -26.4322 -45.9738 31.0143 -33.1014 -45.3111 -15.6327 -39.0433 10.8008 -27.6281 -47.4468 34.7320 -34.4576 -36.1500 -27.4982 -36.1500 -34.4576 34.7320 -47.4468 -27.6281 10.8008 -39.0433 -15.6327 -45.3111 -33.1014 31.0143 -45.9738 -26.4322 5.2989 -37.4382 -7.9152 -48.2241 -31.7443 25.8564 -44.3436 -25.1268 -3.3997 -36.4586 11.2655 -48.9373 -30.3865 20.8043 -42.6383 -23.1072 -20.0810 -35.7021 30.9204 -48.6782 -29.0547 16.0518 -40.9026 -20.2158 -36.8032 -34.4804 34.7778 -47.4229 -27.5262 10.0360 -38.6445 -13.5439 -47.0931 -32.2768 27.1988 -44.5275 -23.7263
-44.3742 26.4311 -32.0901 -47.4423 -12.7808 -38.5028 9.7374 -27.4898 -47.4229 34.8221 -34.5474 -35.8975 -20.5199 -41.0852 16.5951 -29.2202 -48.7726 29.2740 -35.8368 -17.3422 -23.4379 -42.8816 21.4995 -30.5782 -48.8695 7.5612 -36.5155 -1.7272 -25.3592 -44.5896 26.6321 -31.9445 -47.9806 -9.4999 -37.6738 6.2318 -26.6066 -46.2068 31.7211 -33.3027 -44.5547 -16.3960 -39.2870 11.5131 -27.8108 -47.6404 34.9321 -34.5932 -36.1131 -21.0310 -44.4593 -21.0310 -36.1131 -34.5932 34.9321 -47.6404 -27.8108 11.5131 -39.2870 -16.3960 -44.5547 -33.3027 31.7211 -46.2068 -26.6066 6.2318 -37.6738 -9.4999 -47.9806 -31.9445 26.6321 -44.5896 -25.3592 -1.7272 -36.5155 7.5612 -48.8695 -30.5782 21.4995 -42.8816 -23.4379 -17.3422 -35.8368 29.2740 -48.7726 -29.2202 16.5951 -41.0852 -20.5199 -35.8975 -34.5474 34.8221 -47.4229 -27.4898 9.7374 -38.5028 -12.7808 -47.4423 -32.0901 26.4311 -44.3742
25.9041 -31.8093 -47.7686 -11.7568 -38.3045 9.1942 -27.3898 -47.3446 34.7778 -34.5474 -35.5654 -20.6810 -41.2064 17.0083 -29.3546 -48.8423 27.4674 -35.9567 -14.7178 -23.7495 -43.1249 22.2029 -30.7706 -48.7864 4.1021 -36.5548 -0.2646 -25.5718 -44.8302 27.3912 -32.1402 -47.6886 -10.8677 -37.9079 7.1122 -26.7822 -46.4358 32.4005 -33.4998 -43.6868 -17.1014 -39.5326 12.2190 -27.9955 -47.8276 34.9801 -34.7751 -34.1982 -20.8268 -41.3978 29.4655 -41.3978 -20.8268 -34.1982 -34.7751 34.9801 -47.8276 -27.9955 12.2190 -39.5326 -17.1014 -43.6868 -33.4998 32.4005 -46.4358 -26.7822 7.1122 -37.9079 -10.8677 -47.6886 -32.1402 27.3912 -44.8302 -25.5718 -0.2646 -36.5548 4.1021 -48.7864 -30.7706 22.2029 -43.1249 -23.7495 -14.7178 -35.9567 27.4674 -48.8423 -29.3546 17.0083 -41.2064 -20.6810 -35.5654 -34.5474 34.7778 -47.3446 -27.3898 9.1942 -38.3045 -11.7568 -47.7686 -31.8093 25.9041
-30.9347 -48.0493 -10.5287 -38.0810 8.4954 -27.2478 -47.2053 34.6296 -34.4804 -35.8975 -20.6810 -41.2482 17.2342 -29.4441 -48.8872 25.7869 -36.0528 -12.4429 -24.0296 -43.3576 22.9043 -30.9624 -48.7204 0.9711 -36.6161 1.0574 -25.7657 -45.0662 28.1399 -32.3351 -47.3433 -12.0457 -38.1399 7.9288 -26.9562 -46.6579 33.0328 -33.6954 -42.7102 -17.7591 -39.7768 12.9169 -28.1801 -48.0054 34.8488 -34.9525 -32.1063 -21.2696 -41.4498 18.1749 -34.2880 18.1749 -41.4498 -21.2696 -32.1063 -34.9525 34.8488 -48.0054 -28.1801 12.9169 -39.7768 -17.7591 -42.7102 -33.6954 33.0328 -46.6579 -26.9562 7.9288 -38.1399 -12.0457 -47.3433 -32.3351 28.1399 -45.0662 -25.7657 1.0574 -36.6161 0.9711 -48.7204 -30.9624 22.9043 -43.3576 -24.0296 -12.4429 -36.0528 25.7869 -48.8872 -29.4441 17.2342 -41.2482 -20.6810 -35.8975 -34.4804 34.6296 -47.2053 -27.2478 8.4954 -38.0810 -10.5287 -48.0493 -30.9347
-48.4523 -9.1236 -37.8492 7.7249 -27.0836 -47.0229 34.3569 -34.3590 -36.8032 -20.5199 -41.2064 17.2342 -29.4760 -48.9078 24.5680 -36.1194 -10.7271 -24.2573 -43.5650 23.5602 -31.1447 -48.6556 -1.7437 -36.7731 2.2605 -25.9428 -45.3004 28.8857 -32.5297 -46.9346 -13.0964 -38.3699 8.7006 -27.1277 -46.8723 33.5917 -33.8881 -41.6073 -18.3673 -40.0242 13.6007 -28.3666 -48.1712 34.5080 -35.1250 -29.8231 -21.6969 -41.7040 18.1860 -30.6907 -45.5236 -30.6907 18.1860 -41.7040 -21.6969 -29.8231 -35.1250 34.5080 -48.1712 -28.3666 13.6007 -40.0242 -18.3673 -41.6073 -33.8881 33.5917 -46.8723 -27.1277 8.7006 -38.3699 -13.0964 -46.9346 -32.5297 28.8857 -45.3004 -25.9428 2.2605 -36.7731 -1.7437 -48.6556 -31.1447 23.5602 -43.5650 -24.2573 -10.7271 -36.1194 24.5680 -48.9078 -29.4760 17.2342 -41.2064 -20.5199 -36.8032 -34.3590 34.3569 -47.0229 -27.0836 7.7249 -37.8492 -9.1236 -48.4523
-10.8709 -37.6125 6.8886 -26.9110 -46.8185 33.9569 -34.2030 -38.0552 -20.2158 -41.0852 17.0083 -29.4441 -48.9078 24.1048 -36.1544 -9.6336 -24.4176 -43.7312 24.1181 -31.3048 -48.5671 -3.9883 -36.9865 3.3490 -26.1092 -45.5325 29.6244 -32.7239 -46.4563 -14.0444 -38.6010 9.4453 -27.3002 -47.0782 34.0735 -34.0741 -40.3822 -18.9297 -40.2688 14.2767 -28.5539 -48.3276 33.9328 -35.2929 -27.3564 -22.1047 -41.9565 18.8875 -29.8881 -48.7954 -16.4910 -48.7954 -29.8881 18.8875 -41.9565 -22.1047 -27.3564 -35.2929 33.9328 -48.3276 -28.5539 14.2767 -40.2688 -18.9297 -40.3822 -34.0741 34.0735 -47.0782 -27.3002 9.4453 -38.6010 -14.0444 -46.4563 -32.7239 29.6244 -45.5325 -26.1092 3.3490 -36.9865 -3.9883 -48.5671 -31.3048 24.1181 -43.7312 -24.4176 -9.6336 -36.1544 24.1048 -48.9078 -29.4441 17.0083 -41.0852 -20.2158 -38.0552 -34.2030 33.9569 -46.8185 -26.9110 6.8886 -37.6125 -10.8709
-38.0748 5.9941 -26.7366 -46.6028 33.4559 -34.0266 -39.4095 -19.8043 -40.9026 16.5951 -29.3546 -48.8872 24.5680 -36.1544 -9.2382 -24.5034 -43.8391 24.5285 -31.4330 -48.4678 -5.7132 -37.1818 4.3003 -26.2670 -45.7587 30.3513 -32.9176 -45.9013 -14.9069 -38.8333 10.1679 -27.4739 -47.2784 34.4715 -34.2574 -39.0298 -19.4534 -40.5080 14.9397 -28.7383 -48.4693 33.0881 -35.4489 -24.7562 -22.4894 -42.2101 19.5896 -30.0474 -48.9482 14.7818 -38.8212 14.7818 -48.9482 -30.0474 19.5896 -42.2101 -22.4894 -24.7562 -35.4489 33.0881 -48.4693 -28.7383 14.9397 -40.5080 -19.4534 -39.0298 -34.2574 34.4715 -47.2784 -27.4739 10.1679 -38.8333 -14.9069 -45.9013 -32.9176 30.3513 -45.7587 -26.2670 4.3003 -37.1818 -5.7132 -48.4678 -31.4330 24.5285 -43.8391 -24.5034 -9.2382 -36.1544 24.5680 -48.8872 -29.3546 16.5951 -40.9026 -19.8043 -39.4095 -34.0266 33.4559 -46.6028 -26.7366 5.9941 -38.0748
4.6552 -26.5730 -46.3769 32.8740 -33.8381 -40.7063 -19.3215 -40.6828 16.0518 -29.2202 -48.8423 25.7869 -36.1194 -9.6336 -24.5034 -43.8772 24.7507 -31.5184 -48.3796 -6.9204 -37.3486 5.0844 -26.4109 -45.9663 31.0305 -33.1078 -45.2620 -15.6972 -39.0666 10.8723 -27.6488 -47.4723 34.7683 -34.4380 -37.5231 -19.9497 -40.7480 15.5937 -28.9216 -48.5940 31.9577 -35.5960 -22.0999 -22.8518 -42.4575 20.2911 -30.2431 -48.9676 14.1170 -36.6419 12.7264 -36.6419 14.1170 -48.9676 -30.2431 20.2911 -42.4575 -22.8518 -22.0999 -35.5960 31.9577 -48.5940 -28.9216 15.5937 -40.7480 -19.9497 -37.5231 -34.4380 34.7683 -47.4723 -27.6488 10.8723 -39.0666 -15.6972 -45.2620 -33.1078 31.0305 -45.9663 -26.4109 5.0844 -37.3486 -6.9204 -48.3796 -31.5184 24.7507 -43.8772 -24.5034 -9.6336 -36.1194 25.7869 -48.8423 -29.2202 16.0518 -40.6828 -19.3215 -40.7063 -33.8381 32.8740 -46.3769 -26.5730 4.6552
-25.1156 -46.1464 32.2280 -33.6460 -41.8955 -18.7903 -40.4464 15.4255 -29.0547 -48.7726 27.4674 -36.0528 -10.7271 -24.4176 -43.8391 24.7507 -31.5490 -48.3265 -7.6596 -37.4710 5.6731 -26.5319 -46.1459 31.6201 -33.2821 -44.5635 -16.4165 -39.3011 11.5620 -27.8249 -47.6592 34.9442 -34.6156 -35.8523 -20.4213 -40.9886 16.2482 -29.1059 -48.7043 30.5175 -35.7378 -19.3770 -23.1937 -42.7009 20.9823 -30.4358 -48.9230 10.2699 -36.4922 -1.3615 -30.9494 -1.3615 -36.4922 10.2699 -48.9230 -30.4358 20.9823 -42.7009 -23.1937 -19.3770 -35.7378 30.5175 -48.7043 -29.1059 16.2482 -40.9886 -20.4213 -35.8523 -34.6156 34.9442 -47.6592 -27.8249 11.5620 -39.3011 -16.4165 -44.5635 -33.2821 31.6201 -46.1459 -26.5319 5.6731 -37.4710 -7.6596 -48.3265 -31.5490 24.7507 -43.8391 -24.4176 -10.7271 -36.0528 27.4674 -48.7726 -29.0547 15.4255 -40.4464 -18.7903 -41.8955 -33.6460 32.2280 -46.1464 -25.1156
-45.9019 31.5432 -33.4501 -42.9677 -18.2176 -40.2045 14.7715 -28.8743 -48.6782 29.2740 -35.9567 -12.4429 -24.2573 -43.7312 24.5285 -31.5184 -48.3265 -7.9170 -37.5382 6.0419 -26.6187 -46.2856 32.0940 -33.4309 -43.8706 -17.0297 -39.5235 12.2220 -27.9996 -47.8383 34.9771 -34.7897 -34.0090 -20.8703 -41.2300 16.9046 -29.2913 -48.7988 28.7247 -35.8720 -16.6413 -23.5206 -42.9442 21.6796 -30.6276 -48.8466 6.6464 -36.5272 -1.3521 -26.1335 -47.8678 -26.1335 -1.3521 -36.5272 6.6464 -48.8466 -30.6276 21.6796 -42.9442 -23.5206 -16.6413 -35.8720 28.7247 -48.7988 -29.2913 16.9046 -41.2300 -20.8703 -34.0090 -34.7897 34.9771 -47.8383 -27.9996 12.2220 -39.5235 -17.0297 -43.8706 -33.4309 32.0940 -46.2856 -26.6187 6.0419 -37.5382 -7.9170 -48.3265 -31.5184 24.5285 -43.7312 -24.2573 -12.4429 -35.9567 29.2740 -48.6782 -28.8743 14.7715 -40.2045 -18.2176 -42.9677 -33.4501 31.5432 -45.9019
30.4651 -33.1291 -43.9226 -17.5923 -39.9598 14.1070 -28.6914 -48.5632 30.9204 -35.8368 -14.7178 -24.0296 -43.5650 24.1181 -31.4330 -48.3796 -7.6596 -37.5382 6.1687 -26.6660 -46.3739 32.4234 -33.5463 -43.2376 -17.5242 -39.7197 12.8233 -28.1646 -48.0020 34.8458 -34.9599 -31.9882 -21.2987 -41.4718 17.5640 -29.4777 -48.8757 26.5541 -35.9978 -13.9605 -23.8328 -43.1874 22.3850 -30.8202 -48.7678 3.2621 -36.5621 0.0879 -25.6414 -44.9336 34.3519 -44.9336 -25.6414 0.0879 -36.5621 3.2621 -48.7678 -30.8202 22.3850 -43.1874 -23.8328 -13.9605 -35.9978 26.5541 -48.8757 -29.4777 17.5640 -41.4718 -21.2987 -31.9882 -34.9599 34.8458 -48.0020 -28.1646 12.8233 -39.7197 -17.5242 -43.2376 -33.5463 32.4234 -46.3739 -26.6660 6.1687 -37.5382 -7.6596 -48.3796 -31.4330 24.1181 -43.5650 -24.0296 -14.7178 -35.8368 30.9204 -48.5632 -28.6914 14.1070 -39.9598 -17.5923 -43.9226 -33.1291 30.4651
-32.4311 -44.7604 -16.9240 -39.7149 13.4283 -28.5057 -48.4330 32.2747 -35.7021 -17.3422 -23.7495 -43.3576 23.5602 -31.3048 -48.4678 -6.9204 -37.4710 6.0419 -26.6660 -46.4055 32.5927 -33.6184 -42.7507 -17.8918 -39.8823 13.3341 -28.3123 -48.1436 34.5554 -35.1189 -29.8222 -21.7078 -41.7142 18.2277 -29.6652 -48.9333 23.9911 -36.1142 -11.3996 -24.1305 -43.4303 23.0987 -31.0133 -48.7064 0.2275 -36.6471 1.3773 -25.8128 -45.1211 29.1389 -36.4167 29.1389 -45.1211 -25.8128 1.3773 -36.6471 0.2275 -48.7064 -31.0133 23.0987 -43.4303 -24.1305 -11.3996 -36.1142 23.9911 -48.9333 -29.6652 18.2277 -41.7142 -21.7078 -29.8222 -35.1189 34.5554 -48.1436 -28.3123 13.3341 -39.8823 -17.8918 -42.7507 -33.6184 32.5927 -46.4055 -26.6660 6.0419 -37.4710 -6.9204 -48.4678 -31.3048 23.5602 -43.3576 -23.7495 -17.3422 -35.7021 32.2747 -48.4330 -28.5057 13.4283 -39.7149 -16.9240 -44.7604 -32.4311
-46.0418 -16.2053 -39.4689 12.7360 -28.3186 -48.2877 33.3267 -35.5584 -20.0810 -23.4379 -43.1249 22.9043 -31.1447 -48.5671 -5.7132 -37.3486 5.6731 -26.6187 -46.3739 32.5927 -33.6431 -42.4889 -18.1135 -40.0007 13.7223 -28.4347 -48.2603 34.1423 -35.2558 -27.6647 -22.0828 -41.9535 18.8965 -29.8536 -48.9695 21.0413 -36.2203 -9.0094 -24.4138 -43.6728 23.8205 -31.2070 -48.6304 -2.4200 -36.8302 2.5531 -25.9863 -45.3603 29.0739 -33.6825 -20.2145 -33.6825 29.0739 -45.3603 -25.9863 2.5531 -36.8302 -2.4200 -48.6304 -31.2070 23.8205 -43.6728 -24.4138 -9.0094 -36.2203 21.0413 -48.9695 -29.8536 18.8965 -41.9535 -22.0828 -27.6647 -35.2558 34.1423 -48.2603 -28.4347 13.7223 -40.0007 -18.1135 -42.4889 -33.6431 32.5927 -46.3739 -26.6187 5.6731 -37.3486 -5.7132 -48.5671 -31.1447 22.9043 -43.1249 -23.4379 -20.0810 -35.5584 33.3267 -48.2877 -28.3186 12.7360 -39.4689 -16.2053 -46.0418
-16.0801 -39.2241 12.0376 -28.1331 -48.1305 34.1003 -35.4092 -22.7904 -23.1072 -42.8816 22.2029 -30.9624 -48.6556 -3.9883 -37.1818 5.0844 -26.5319 -46.2856 32.4234 -33.6184 -42.4889 -18.1886 -40.0614 13.9670 -28.5226 -48.3466 33.6797 -35.3716 -25.6690 -22.4052 -42.1758 19.5424 -30.0390 -48.9832 17.7428 -36.3149 -6.8199 -24.6825 -43.9146 24.5499 -31.4012 -48.5179 -4.7000 -37.0529 3.6339 -26.1514 -45.5917 29.8126 -32.8235 -45.7340 -24.5780 -45.7340 -32.8235 29.8126 -45.5917 -26.1514 3.6339 -37.0529 -4.7000 -48.5179 -31.4012 24.5499 -43.9146 -24.6825 -6.8199 -36.3149 17.7428 -48.9832 -30.0390 19.5424 -42.1758 -22.4052 -25.6690 -35.3716 33.6797 -48.3466 -28.5226 13.9670 -40.0614 -18.1886 -42.4889 -33.6184 32.4234 -46.2856 -26.5319 5.0844 -37.1818 -3.9883 -48.6556 -30.9624 22.2029 -42.8816 -23.1072 -22.7904 -35.4092 34.1003 -48.1305 -28.1331 12.0376 -39.2241 -16.0801
-39.5160 11.3345 -27.9474 -47.9603 34.6181 -35.2495 -25.4503 -22.7614 -42.6383 21.4995 -30.7706 -48.7204 -1.7437 -36.9865 4.3003 -26.4109 -46.1459 32.0940 -33.5463 -42.7507 -18.1135 -40.0614 14.0515 -28.5693 -48.3992 33.2726 -35.4585 -23.9648 -22.6698 -42.3671 20.1166 -30.2093 -48.9727 14.2758 -36.3989 -4.8397 -24.9365 -44.1556 25.2862 -31.5958 -48.3653 -6.6593 -37.2769 4.6355 -26.3167 -45.8206 30.5356 -32.9673 -45.7495 -15.9919 -42.2076 -15.9919 -45.7495 -32.9673 30.5356 -45.8206 -26.3167 4.6355 -37.2769 -6.6593 -48.3653 -31.5958 25.2862 -44.1556 -24.9365 -4.8397 -36.3989 14.2758 -48.9727 -30.2093 20.1166 -42.3671 -22.6698 -23.9648 -35.4585 33.2726 -48.3992 -28.5693 14.0515 -40.0614 -18.1135 -42.7507 -33.5463 32.0940 -46.1459 -26.4109 4.3003 -36.9865 -1.7437 -48.7204 -30.7706 21.4995 -42.6383 -22.7614 -25.4503 -35.2495 34.6181 -47.9603 -27.9474 11.3345 -39.5160
10.5558 -27.7576 -47.7798 34.9019 -35.0809 -28.0117 -22.3944 -42.3943 20.8043 -30.5782 -48.7864 0.9711 -36.7731 3.3490 -26.2670 -45.9663 31.6201 -33.4309 -43.2376 -17.8918 -40.0007 13.9670 -28.5693 -48.4169 33.0311 -35.5111 -22.7193 -22.8669 -42.5237 20.6073 -30.3569 -48.9415 11.0037 -36.4662 -3.1094 -25.1723 -44.3957 26.0284 -31.7906 -48.1685 -8.3507 -37.5022 5.5711 -26.4831 -46.0465 31.2391 -33.1600 -45.0831 -15.8886 -39.3612 22.9525 -39.3612 -15.8886 -45.0831 -33.1600 31.2391 -46.0465 -26.4831 5.5711 -37.5022 -8.3507 -48.1685 -31.7906 26.0284 -44.3957 -25.1723 -3.1094 -36.4662 11.0037 -48.9415 -30.3569 20.6073 -42.5237 -22.8669 -22.7193 -35.5111 33.0311 -48.4169 -28.5693 13.9670 -40.0007 -17.8918 -43.2376 -33.4309 31.6201 -45.9663 -26.2670 3.3490 -36.7731 0.9711 -48.7864 -30.5782 20.8043 -42.3943 -22.3944 -28.0117 -35.0809 34.9019 -47.7798 -27.7576 10.5558
-26.4447 -47.5918 34.9832 -34.9070 -30.4333 -22.0006 -42.1440 20.1069 -30.3865 -48.8695 4.1021 -36.6161 2.2605 -26.1092 -45.7587 31.0305 -33.2821 -43.8706 -17.5242 -39.8823 13.7223 -28.5226 -48.3992 33.0311 -35.5303 -22.0662 -22.9890 -42.6350 20.9924 -30.4799 -48.8974 8.1762 -36.5129 -1.6828 -25.3801 -44.6244 26.7643 -31.9856 -47.9231 -9.8230 -37.7288 6.4520 -26.6509 -46.2691 31.9158 -33.3517 -44.3262 -16.6052 -39.3611 12.4312 -33.0209 12.4312 -39.3611 -16.6052 -44.3262 -33.3517 31.9158 -46.2691 -26.6509 6.4520 -37.7288 -9.8230 -47.9231 -31.9856 26.7643 -44.6244 -25.3801 -1.6828 -36.5129 8.1762 -48.8974 -30.4799 20.9924 -42.6350 -22.9890 -22.0662 -35.5303 33.0311 -48.3992 -28.5226 13.7223 -39.8823 -17.5242 -43.8706 -33.2821 31.0305 -45.7587 -26.1092 2.2605 -36.6161 4.1021 -48.8695 -30.3865 20.1069 -42.1440 -22.0006 -30.4333 -34.9070 34.9832 -47.5918 -26.4447
-47.2975 34.8850 -34.7282 -32.6689 -21.5881 -41.8913 19.4075 -30.1930 -48.9373 7.5612 -36.5548 1.0574 -25.9428 -45.5325 30.3513 -33.1078 -44.5635 -17.0297 -39.7197 13.3341 -28.4347 -48.3466 33.2726 -35.5111 -22.0662 -23.0315 -42.6906 21.2306 -30.5676 -48.8514 5.8941 -36.5442 -0.5447 -25.5541 -44.8309 27.4489 -32.1722 -47.6291 -11.1167 -37.9566 7.2873 -26.8198 -46.4880 32.5571 -33.5421 -43.4655 -17.2697 -39.5972 12.4084 -28.9746 -48.5608 -28.9746 12.4084 -39.5972 -17.2697 -43.4655 -33.5421 32.5571 -46.4880 -26.8198 7.2873 -37.9566 -11.1167 -47.6291 -32.1722 27.4489 -44.8309 -25.5541 -0.5447 -36.5442 5.8941 -48.8514 -30.5676 21.2306 -42.6906 -23.0315 -22.0662 -35.5111 33.2726 -48.3466 -28.4347 13.3341 -39.7197 -17.0297 -44.5635 -33.1078 30.3513 -45.5325 -25.9428 1.0574 -36.5548 7.5612 -48.9373 -30.1930 19.4075 -41.8913 -21.5881 -32.6689 -34.7282 34.8850 -47.2975
32.1128 -34.3784 -34.6882 -21.1602 -41.6411 18.7134 -29.9958 -48.9733 11.2655 -36.5155 -0.2646 -25.7657 -45.3004 29.6244 -32.9176 -45.2620 -16.4165 -39.5235 12.8233 -28.3123 -48.2603 33.6797 -35.4585 -22.7193 -22.9890 -42.6906 21.3102 -30.6115 -48.8176 4.3375 -36.5627 0.3373 -25.6957 -45.0128 28.0565 -32.3393 -47.3055 -12.2183 -38.1823 8.0848 -26.9901 -46.7027 33.1527 -33.7310 -42.4913 -17.8904 -39.8339 13.0800 -28.2588 -47.7831 -5.6578 -47.7831 -28.2588 13.0800 -39.8339 -17.8904 -42.4913 -33.7310 33.1527 -46.7027 -26.9901 8.0848 -38.1823 -12.2183 -47.3055 -32.3393 28.0565 -45.0128 -25.6957 0.3373 -36.5627 4.3375 -48.8176 -30.6115 21.3102 -42.6906 -22.9890 -22.7193 -35.4585 33.6797 -48.2603 -28.3123 12.8233 -39.5235 -16.4165 -45.2620 -32.9176 29.6244 -45.3004 -25.7657 -0.2646 -36.5155 11.2655 -48.9733 -29.9958 18.7134 -41.6411 -21.1602 -34.6882 -34.3784 32.1128
-33.9138 -36.5410 -20.7067 -41.3884 18.0175 -29.7998 -48.9796 15.0423 -36.4586 -1.7272 -25.5718 -45.0662 28.8857 -32.7239 -45.9013 -15.6972 -39.3011 12.2220 -28.1646 -48.1436 34.1423 -35.3716 -23.9648 -22.8669 -42.6350 21.2306 -30.6115 -48.8055 3.5842 -36.5714 0.9313 -25.8004 -45.1639 28.5881 -32.4833 -46.9786 -13.1105 -38.3927 8.8185 -27.1590 -46.9127 33.6907 -33.9182 -41.3932 -18.4729 -40.0715 13.7410 -28.4068 -48.1919 34.0844 -37.8182 34.0844 -48.1919 -28.4068 13.7410 -40.0715 -18.4729 -41.3932 -33.9182 33.6907 -46.9127 -27.1590 8.8185 -38.3927 -13.1105 -46.9786 -32.4833 28.5881 -45.1639 -25.8004 0.9313 -36.5714 3.5842 -48.8055 -30.6115 21.2306 -42.6350 -22.8669 -23.9648 -35.3716 34.1423 -48.1436 -28.1646 12.2220 -39.3011 -15.6972 -45.9013 -32.7239 28.8857 -45.0662 -25.5718 -1.7272 -36.4586 15.0423 -48.9796 -29.7998 18.0175 -41.3884 -20.7067 -36.5410 -33.9138
-39.4545 -20.2289 -41.1369 17.3284 -29.6050 -48.9603 18.6616 -36.3828 -3.3997 -25.3592 -44.8302 28.1399 -32.5297 -46.4563 -14.9069 -39.0666 11.5620 -27.9996 -48.0020 34.5554 -35.2558 -25.6690 -22.6698 -42.5237 20.9924 -30.5676 -48.8176 3.5842 -36.5737 1.2187 -25.8622 -45.2709 29.0025 -32.6034 -46.6634 -13.8227 -38.5776 9.4551 -27.3160 -47.1092 34.1513 -34.1034 -40.1606 -19.0217 -40.3100 14.3979 -28.5880 -48.3570 33.8003 -35.9279 6.1978 -35.9279 33.8003 -48.3570 -28.5880 14.3979 -40.3100 -19.0217 -40.1606 -34.1034 34.1513 -47.1092 -27.3160 9.4551 -38.5776 -13.8227 -46.6634 -32.6034 29.0025 -45.2709 -25.8622 1.2187 -36.5737 3.5842 -48.8176 -30.5676 20.9924 -42.5237 -22.6698 -25.6690 -35.2558 34.5554 -48.0020 -27.9996 11.5620 -39.0666 -14.9069 -46.4563 -32.5297 28.1399 -44.8302 -25.3592 -3.3997 -36.3828 18.6616 -48.9603 -29.6050 17.3284 -41.1369 -20.2289 -39.4545
-19.2865 -40.8857 16.6431 -29.4095 -48.9153 22.0038 -36.2946 -5.2992 -25.1268 -44.5896 27.3912 -32.3351 -46.9346 -14.0444 -38.8333 10.8723 -27.8249 -47.8383 34.8458 -35.1189 -27.6647 -22.4052 -42.3671 20.6073 -30.4799 -48.8514 4.3375 -36.5714 1.2187 -25.8823 -45.3242 29.2564 -32.6908 -46.3892 -14.3742 -38.7335 9.9838 -27.4519 -47.2786 34.4998 -34.2782 -38.8038 -19.5400 -40.5493 15.0525 -28.7703 -48.4925 32.9022 -35.5258 -21.5063 -29.1567 -21.5063 -35.5258 32.9022 -48.4925 -28.7703 15.0525 -40.5493 -19.5400 -38.8038 -34.2782 34.4998 -47.2786 -27.4519 9.9838 -38.7335 -14.3742 -46.3892 -32.6908 29.2564 -45.3242 -25.8823 1.2187 -36.5714 4.3375 -48.8514 -30.4799 20.6073 -42.3671 -22.4052 -27.6647 -35.1189 34.8458 -47.8383 -27.8249 10.8723 -38.8333 -14.0444 -46.9346 -32.3351 27.3912 -44.5896 -25.1268 -5.2992 -36.2946 22.0038 -48.9153 -29.4095 16.6431 -40.8857 -19.2865
-41.0162 15.9593 -29.2169 -48.8473 24.9415 -36.1949 -7.3947 -24.8764 -44.3436 26.6321 -32.1402 -47.3433 -13.0964 -38.6010 10.1679 -27.6488 -47.6592 34.9771 -34.9599 -29.8222 -22.0828 -42.1758 20.1166 -30.3569 -48.8974 5.8941 -36.5627 0.9313 -25.8622 -45.3242 29.3408 -32.7352 -46.2045 -14.7529 -38.8566 10.4114 -27.5669 -47.4185 34.7325 -34.4302 -37.4329 -20.0041 -40.7820 15.6971 -28.9537 -48.6148 31.7296 -35.6286 -21.5784 -23.6019 -46.0405 -23.6019 -21.5784 -35.6286 31.7296 -48.6148 -28.9537 15.6971 -40.7820 -20.0041 -37.4329 -34.4302 34.7325 -47.4185 -27.5669 10.4114 -38.8566 -14.7529 -46.2045 -32.7352 29.3408 -45.3242 -25.8622 0.9313 -36.5627 5.8941 -48.8974 -30.3569 20.1166 -42.1758 -22.0828 -29.8222 -34.9599 34.9771 -47.6592 -27.6488 10.1679 -38.6010 -13.0964 -47.3433 -32.1402 26.6321 -44.3436 -24.8764 -7.3947 -36.1949 24.9415 -48.8473 -29.2169 15.9593 -41.0162
15.4306 -28.9993 -48.7613 27.4331 -36.0787 -9.7379 -24.6075 -44.0930 25.8564 -31.9445 -47.6886 -12.0457 -38.3699 9.4453 -27.4739 -47.4723 34.9442 -34.7897 -31.9882 -21.7078 -41.9535 19.5424 -30.2093 -48.9415 8.1762 -36.5442 0.3373 -25.8004 -45.2709 29.2564 -32.7352 -46.1408 -14.9425 -38.9365 10.7229 -27.6595 -47.5328 34.8749 -34.5576 -36.1516 -20.3944 -40.9947 16.3034 -29.1303 -48.7211 30.2294 -35.7691 -18.8292 -23.2719 -42.9071 33.9109 -42.9071 -23.2719 -18.8292 -35.7691 30.2294 -48.7211 -29.1303 16.3034 -40.9947 -20.3944 -36.1516 -34.5576 34.8749 -47.5328 -27.6595 10.7229 -38.9365 -14.9425 -46.1408 -32.7352 29.2564 -45.2709 -25.8004 0.3373 -36.5442 8.1762 -48.9415 -30.2093 19.5424 -41.9535 -21.7078 -31.9882 -34.7897 34.9442 -47.4723 -27.4739 9.4453 -38.3699 -12.0457 -47.6886 -31.9445 25.8564 -44.0930 -24.6075 -9.7379 -36.0787 27.4331 -48.7613 -28.9993 15.4306
-27.8194 -48.6556 29.5325 -35.9547 -12.2931 -24.3230 -43.8419 25.0854 -31.7443 -47.9806 -10.8677 -38.1399 8.7006 -27.3002 -47.2784 34.7683 -34.6156 -34.0090 -21.2987 -41.7142 18.8965 -30.0390 -48.9727 11.0037 -36.5129 -0.5447 -25.6957 -45.1639 29.0025 -32.6908 -46.2045 -14.9425 -38.9632 10.8824 -27.7197 -47.6155 34.9484 -34.6633 -34.9799 -20.7183 -41.1808 16.8459 -29.2892 -48.8058 28.4591 -35.9001 -16.0990 -23.5841 -42.9898 22.5602 -35.2178 22.5602 -42.9898 -23.5841 -16.0990 -35.9001 28.4591 -48.8058 -29.2892 16.8459 -41.1808 -20.7183 -34.9799 -34.6633 34.9484 -47.6155 -27.7197 10.8824 -38.9632 -14.9425 -46.2045 -32.6908 29.0025 -45.1639 -25.6957 -0.5447 -36.5129 11.0037 -48.9727 -30.0390 18.8965 -41.7142 -21.2987 -34.0090 -34.6156 34.7683 -47.2784 -27.3002 8.7006 -38.1399 -10.8677 -47.9806 -31.7443 25.0854 -43.8419 -24.3230 -12.2931 -35.9547 29.5325 -48.6556 -27.8194
-48.3801 31.2083 -35.8219 -14.9902 -24.0244 -43.5898 24.3205 -31.5406 -48.2241 -9.4999 -37.9079 7.9288 -27.1277 -47.0782 34.4715 -34.4380 -35.8523 -20.8703 -41.4718 18.2277 -29.8536 -48.9832 14.2758 -36.4662 -1.6828 -25.5541 -45.0128 28.5881 -32.6034 -46.3892 -14.7529 -38.9365 10.8824 -27.7398 -47.6577 34.9749 -34.7406 -33.9824 -20.9820 -41.3396 17.3164 -29.4292 -48.8680 26.5783 -36.0145 -13.5492 -23.8891 -43.2358 22.5224 -31.9565 -39.2012 -31.9565 22.5224 -43.2358 -23.8891 -13.5492 -36.0145 26.5783 -48.8680 -29.4292 17.3164 -41.3396 -20.9820 -33.9824 -34.7406 34.9749 -47.6577 -27.7398 10.8824 -38.9365 -14.7529 -46.3892 -32.6034 28.5881 -45.0128 -25.5541 -1.6828 -36.4662 14.2758 -48.9832 -29.8536 18.2277 -41.4718 -20.8703 -35.8523 -34.4380 34.4715 -47.0782 -27.1277 7.9288 -37.9079 -9.4999 -48.2241 -31.5406 24.3205 -43.5898 -24.0244 -14.9902 -35.8219 31.2083 -48.3801
24.5824 -35.4425 -17.8141 -23.7085 -43.3369 23.5628 -31.3394 -48.4155 -7.9152 -37.6738 7.1122 -26.9562 -46.8723 34.0735 -34.2574 -37.5231 -20.4213 -41.2300 17.5640 -29.6652 -48.9695 17.7428 -36.3989 -3.1094 -25.3801 -44.8309 28.0565 -32.4833 -46.6634 -14.3742 -38.8566 10.7229 -27.7197 -47.6577 34.9798 -34.7802 -33.3089 -21.1720 -41.4675 17.7127 -29.5509 -48.9125 24.7104 -36.1081 -11.3647 -24.1597 -43.4682 23.2314 -31.0944 -48.6107 -20.5405 -48.6107 -31.0944 23.2314 -43.4682 -24.1597 -11.3647 -36.1081 24.7104 -48.9125 -29.5509 17.7127 -41.4675 -21.1720 -33.3089 -34.7802 34.9798 -47.6577 -27.7197 10.7229 -38.8566 -14.3742 -46.6634 -32.4833 28.0565 -44.8309 -25.3801 -3.1094 -36.3989 17.7428 -48.9695 -29.6652 17.5640 -41.2300 -20.4213 -37.5231 -34.2574 34.0735 -46.8723 -26.9562 7.1122 -37.6738 -7.9152 -48.4155 -31.3394 23.5628 -43.3369 -23.7085 -17.8141 -35.4425 24.5824
-35.2972 -20.6657 -23.3779 -43.0865 22.8221 -31.1388 -48.5594 -6.0978 -37.4382 6.2318 -26.7822 -46.6579 33.5917 -34.0741 -39.0298 -19.9497 -40.9886 16.9046 -29.4777 -48.9333 21.0413 -36.3149 -4.8397 -25.1723 -44.6244 27.4489 -32.3393 -46.9786 -13.8227 -38.7335 10.4114 -27.6595 -47.6155 34.9749 -34.7802 -33.0797 -21.2685 -41.5505 18.0064 -29.6497 -48.9432 22.9165 -36.1809 -9.5727 -24.3866 -43.6760 23.8923 -31.2356 -48.6136 -4.9320 -39.8477 -4.9320 -48.6136 -31.2356 23.8923 -43.6760 -24.3866 -9.5727 -36.1809 22.9165 -48.9432 -29.6497 18.0064 -41.5505 -21.2685 -33.0797 -34.7802 34.9749 -47.6155 -27.6595 10.4114 -38.7335 -13.8227 -46.9786 -32.3393 27.4489 -44.6244 -25.1723 -4.8397 -36.3149 21.0413 -48.9333 -29.4777 16.9046 -40.9886 -19.9497 -39.0298 -34.0741 33.5917 -46.6579 -26.7822 6.2318 -37.4382 -6.0978 -48.5594 -31.1388 22.8221 -43.0865 -23.3779 -20.6657 -35.2972
-25.5251 -23.0338 -42.8332 22.0823 -30.9364 -48.6629 -3.9514 -37.2038 5.2989 -26.6066 -46.4358 33.0328 -33.8881 -40.3822 -19.4534 -40.7480 16.2482 -29.2913 -48.8757 23.9911 -36.2203 -6.8199 -24.9365 -44.3957 26.7643 -32.1722 -47.3055 -13.1105 -38.5776 9.9838 -27.5669 -47.5328 34.9484 -34.7406 -33.3089 -21.2685 -41.5782 18.1584 -29.7141 -48.9612 21.3323 -36.2402 -8.1405 -24.5737 -43.8557 24.4759 -31.4033 -48.5052 -4.9693 -37.3360 16.8470 -37.3360 -4.9693 -48.5052 -31.4033 24.4759 -43.8557 -24.5737 -8.1405 -36.2402 21.3323 -48.9612 -29.7141 18.1584 -41.5782 -21.2685 -33.3089 -34.7406 34.9484 -47.5328 -27.5669 9.9838 -38.5776 -13.1105 -47.3055 -32.1722 26.7643 -44.3957 -24.9365 -6.8199 -36.2203 23.9911 -48.8757 -29.2913 16.2482 -40.7480 -19.4534 -40.3822 -33.8881 33.0328 -46.4358 -26.6066 5.2989 -37.2038 -3.9514 -48.6629 -30.9364 22.0823 -42.8332 -23.0338 -25.5251
-21.6355 -42.5793 21.3509 -30.7356 -48.7279 -1.4430 -36.9729 4.3128 -26.4322 -46.2068 32.4005 -33.6954 -41.6073 -18.9297 -40.5080 15.5937 -29.1059 -48.7988 26.5541 -36.1142 -9.0094 -24.6825 -44.1556 26.0284 -31.9856 -47.6291 -12.2183 -38.3927 9.4551 -27.4519 -47.4185 34.8749 -34.6633 -33.9824 -21.1720 -41.5505 18.1584 -29.7356 -48.9684 20.2539 -36.2847 -7.0293 -24.7240 -44.0076 24.9797 -31.5465 -48.3833 -6.6766 -37.2934 5.7081 -31.7906 5.7081 -37.2934 -6.6766 -48.3833 -31.5465 24.9797 -44.0076 -24.7240 -7.0293 -36.2847 20.2539 -48.9684 -29.7356 18.1584 -41.5505 -21.1720 -33.9824 -34.6633 34.8749 -47.4185 -27.4519 9.4551 -38.3927 -12.2183 -47.6291 -31.9856 26.0284 -44.1556 -24.6825 -9.0094 -36.1142 26.5541 -48.7988 -29.1059 15.5937 -40.5080 -18.9297 -41.6073 -33.6954 32.4005 -46.2068 -26.4322 4.3128 -36.9729 -1.4430 -48.7279 -30.7356 21.3509 -42.5793 -21.6355
-42.5677 20.6344 -30.5354 -48.7994 1.4783 -36.7411 3.2407 -26.2597 -45.9738 31.7211 -33.4998 -42.7102 -18.3673 -40.2688 14.9397 -28.9216 -48.7043 28.7247 -35.9978 -11.3996 -24.4138 -43.9146 25.2862 -31.7906 -47.9231 -11.1167 -38.1823 8.8185 -27.3160 -47.2786 34.7325 -34.5576 -34.9799 -20.9820 -41.4675 18.0064 -29.7141 -48.9684 19.8838 -36.3060 -6.3193 -24.8335 -44.1283 25.3917 -31.6652 -48.2590 -7.9351 -37.4733 5.5529 -27.2837 -48.6769 -27.2837 5.5529 -37.4733 -7.9351 -48.2590 -31.6652 25.3917 -44.1283 -24.8335 -6.3193 -36.3060 19.8838 -48.9684 -29.7141 18.0064 -41.4675 -20.9820 -34.9799 -34.5576 34.7325 -47.2786 -27.3160 8.8185 -38.1823 -11.1167 -47.9231 -31.7906 25.2862 -43.9146 -24.4138 -11.3996 -35.9978 28.7247 -48.7043 -28.9216 14.9397 -40.2688 -18.3673 -42.7102 -33.4998 31.7211 -45.9738 -26.2597 3.2407 -36.7411 1.4783 -48.7994 -30.5354 20.6344 -42.5677
20.2069 -30.2866 -48.8864 4.8151 -36.5953 2.0796 -26.0893 -45.7399 31.0143 -33.3027 -43.6868 -17.7591 -40.0242 14.2767 -28.7383 -48.5940 30.5175 -35.8720 -13.9605 -24.1305 -43.6728 24.5499 -31.5958 -48.1685 -9.8230 -37.9566 8.0848 -27.1590 -47.1092 34.4998 -34.4302 -36.1516 -20.7183 -41.3396 17.7127 -29.6497 -48.9612 20.2539 -36.3060 -6.0883 -24.8911 -44.2075 25.6993 -31.7602 -48.1429 -8.8788 -37.6250 6.2056 -26.6492 -46.1724 23.4828 -46.1724 -26.6500 6.2054 -37.6250 -8.8788 -48.1429 -31.7602 25.6993 -44.2075 -24.8911 -6.0883 -36.3060 20.2539 -48.9612 -29.6497 17.7127 -41.3396 -20.7183 -36.1516 -34.4302 34.4998 -47.1092 -27.1590 8.0848 -37.9566 -9.8230 -48.1685 -31.5958 24.5499 -43.6728 -24.1305 -13.9605 -35.8720 30.5175 -48.5940 -28.7383 14.2767 -40.0242 -17.7591 -43.6868 -33.3027 31.0143 -45.7399 -26.0893 2.0796 -36.5953 4.8151 -48.8864 -30.2866 20.2069
-29.2412 -48.9477 8.4394 -36.5477 0.8196 -25.9150 -45.5006 30.2737 -33.1014 -44.5547 -17.1014 -39.7768 13.6007 -28.5539 -48.4693 31.9577 -35.7378 -16.6413 -23.8328 -43.4303 23.8205 -31.4012 -48.3653 -8.3507 -37.7288 7.2873 -26.9901 -46.9127 34.1513 -34.2782 -37.4329 -20.3944 -41.1808 17.3164 -29.5509 -48.9432 21.3323 -36.2847 -6.3193 -24.8911 -44.2350 25.8692 -31.8242 -48.0459 -9.5731 -37.7491 6.7165 -26.7779 -46.3918 33.1987 -37.0929 33.1960 -46.3785 -26.8302 6.7166 -37.7505 -9.5713 -48.0457 -31.8452 25.8691 -44.2350 -24.8911 -6.3193 -36.2847 21.3323 -48.9432 -29.5509 17.3164 -41.1808 -20.3944 -37.4329 -34.2782 34.1513 -46.9127 -26.9901 7.2873 -37.7288 -8.3507 -48.3653 -31.4012 23.8205 -43.4303 -23.8328 -16.6413 -35.7378 31.9577 -48.4693 -28.5539 13.6007 -39.7768 -17.1014 -44.5547 -33.1014 30.2737 -45.5006 -25.9150 0.8196 -36.5477 8.4394 -48.9477 -29.2412
-48.8118 12.2312 -36.5002 -0.5880 -25.7278 -45.2584 29.5142 -32.9005 -45.3111 -16.3960 -39.5326 12.9169 -28.3666 -48.3276 33.0881 -35.5960 -19.3770 -23.5206 -43.1874 23.0987 -31.2070 -48.5179 -6.6593 -37.5022 6.4520 -26.8198 -46.7027 33.6907 -34.1034 -38.8038 -20.0041 -40.9947 16.8459 -29.4292 -48.9125 22.9165 -36.2402 -7.0293 -24.8335 -44.2075 25.8692 -31.8464 -47.9896 -10.4932 -38.1527 8.0061 -28.1449 -46.2992 34.4457 -36.0119 -1.5819 -35.8070 35.0877 -46.8471 -27.9972 8.7072 -38.2796 -10.4685 -47.8606 -31.9055 25.8690 -44.2075 -24.8335 -7.0293 -36.2402 22.9165 -48.9125 -29.4292 16.8459 -40.9947 -20.0041 -38.8038 -34.1034 33.6907 -46.7027 -26.8198 6.4520 -37.5022 -6.6593 -48.5179 -31.2070 23.0987 -43.1874 -23.5206 -19.3770 -35.5960 33.0881 -48.3276 -28.3666 12.9169 -39.5326 -16.3960 -45.3111 -32.9005 29.5142 -45.2584 -25.7278 -0.5880 -36.5002 12.2312 -48.8118
3.8174 -36.1145 -2.1508 -25.5229 -45.0163 28.7498 -32.6986 -45.9683 -15.6327 -39.2870 12.2190 -28.1801 -48.1712 33.9328 -35.4489 -22.0999 -23.1937 -42.9442 22.3850 -31.0133 -48.6304 -4.7000 -37.2769 5.5711 -26.6509 -46.4880 33.1527 -33.9182 -40.1606 -19.5400 -40.7820 16.3034 -29.2892 -48.8680 24.7104 -36.1809 -8.1405 -24.7240 -44.1283 25.6993 -31.8242 -47.9896 -10.9770 -41.1507 19.6743 -30.7749 -48.1715 -4.6931 -37.8475 10.3828 -32.5346 6.3139 -40.4914 12.5592 -49.2347 -30.6000 19.2007 -37.7419 -23.4165 -47.7579 -31.8832 25.6992 -44.1283 -24.7240 -8.1405 -36.1809 24.7104 -48.8680 -29.2892 16.3034 -40.7820 -19.5400 -40.1606 -33.9182 33.1527 -46.4880 -26.6509 5.5711 -37.2769 -4.7000 -48.6304 -31.0133 22.3850 -42.9442 -23.1937 -22.0999 -35.4489 33.9328 -48.1712 -28.1801 12.2190 -39.2870 -15.6327 -45.9683 -32.6986 28.7498 -45.0163 -25.5229 -2.1508 -36.1145 3.8174
-36.4381 -3.9008 -25.2993 -44.7697 27.9711 -32.4973 -46.5357 -14.8014 -39.0433 11.5131 -27.9955 -48.0054 34.5080 -35.2929 -24.7562 -22.8518 -42.7009 21.6796 -30.8202 -48.7064 -2.4200 -37.0529 4.6355 -26.4831 -46.2691 32.5571 -33.7310 -41.3932 -19.0217 -40.5493 15.6971 -29.1303 -48.8058 26.5783 -36.1081 -9.5727 -24.5737 -44.0076 25.3917 -31.7602 -48.0458 -10.4792 -41.0736 10.3295 28.4570 -60.2424 12.4793 -38.6927 -23.5528 -22.0661 -65.9735 -59.1947 23.7744 -71.8341 -48.0388 -45.0561 11.3706 -36.2154 30.8301 -23.5030 -47.9251 -31.7811 25.3917 -44.0077 -24.5733 -9.5722 -36.1071 26.5771 -48.8065 -29.1302 15.6971 -40.5493 -19.0217 -41.3932 -33.7310 32.5571 -46.2693 -26.4825 4.6356 -37.0529 -2.4201 -48.7064 -30.8202 21.6796 -42.7009 -22.8517 -24.7556 -35.2929 34.5080 -48.0058 -27.9955 11.5130 -39.0432 -14.8015 -46.5356 -32.4959 27.9712 -44.7698 -25.2988 -3.9007 -36.4381
-7.2831 -25.0668 -44.5219 27.1920 -32.2961 -47.0159 -13.9010 -38.8028 10.8008 -27.8108 -47.8276 34.8488 -35.1250 -27.3564 -22.4894 -42.4575 20.9823 -30.6276 -48.7678 0.2275 -36.8302 3.6339 -26.3167 -46.0465 31.9158 -33.5421 -42.4913 -18.4729 -40.3100 15.0525 -28.9537 -48.7211 28.4591 -36.0145 -11.3647 -24.3866 -43.8557 24.9797 -31.6652 -48.1429 -9.5810 -37.9143 18.9177 -5.3443 -0.7248 -66.3338 -33.7169 44.5530 -16.7030 47.7683 -46.1933 23.2699 -57.7869 -55.7344 58.5886 22.7902 -66.4965 15.0917 -49.3319 -43.7538 -12.2417 -48.1466 -31.7391 24.9653 -43.8469 -24.4062 -11.4199 -36.0679 28.5160 -48.6836 -29.0097 15.0472 -40.3091 -18.4784 -42.5003 -33.6229 31.9091 -46.0320 -26.3498 3.6227 -36.8308 0.2807 -48.7493 -30.6949 20.9759 -42.4508 -22.5038 -27.3841 -35.1990 34.8699 -47.8045 -27.8571 10.7865 -38.8001 -13.8819 -47.0256 -32.3710 27.1775 -44.5138 -25.0974 -7.2636
