0.1587 0.1324 0.5047 0.1162 0.2027 0.3722 0.1125 0.3685 0.1411 0.1412 0.4995 0.1135 0.2256 0.3145 0.1151 0.4138 0.1319 0.1519 0.4841 0.1117 0.2526 0.2492 0.1191 0.4584 0.1253 0.1650 0.4594 0.1108 0.2842 0.1904 0.1245 0.4919 0.1204 0.1807 0.4250 0.1109 0.3205 0.1583 0.1312 0.5044 0.1167 0.1995 0.3800 0.1122 0.3618 0.1428 0.1397 0.5010 0.1136 0.2274 0.1640 0.2274 0.1136 0.5010 0.1397 0.1428 0.3618 0.1122 0.3800 0.1995 0.1167 0.5044 0.1312 0.1583 0.3205 0.1109 0.4250 0.1807 0.1204 0.4919 0.1245 0.1904 0.2842 0.1108 0.4594 0.1650 0.1253 0.4584 0.1191 0.2492 0.2526 0.1117 0.4841 0.1519 0.1319 0.4138 0.1151 0.3145 0.2256 0.1135 0.4995 0.1412 0.1411 0.3685 0.1125 0.3722 0.2027 0.1162 0.5047 0.1324 0.1587
0.1324 0.5210 0.1145 0.2130 0.3926 0.1156 0.3901 0.1368 0.1477 0.5153 0.1128 0.2380 0.3352 0.1192 0.4373 0.1273 0.1591 0.5004 0.1120 0.2669 0.2680 0.1239 0.4816 0.1213 0.1731 0.4766 0.1120 0.3008 0.2007 0.1299 0.5115 0.1173 0.1899 0.4435 0.1131 0.3396 0.1572 0.1372 0.5209 0.1147 0.2100 0.3998 0.1152 0.3833 0.1386 0.1461 0.5168 0.1130 0.2340 0.3333 0.1342 0.3333 0.2340 0.1130 0.5168 0.1461 0.1386 0.3833 0.1152 0.3998 0.2100 0.1147 0.5209 0.1372 0.1572 0.3396 0.1131 0.4435 0.1899 0.1173 0.5115 0.1299 0.2007 0.3008 0.1120 0.4766 0.1731 0.1213 0.4816 0.1239 0.2680 0.2669 0.1120 0.5004 0.1591 0.1273 0.4373 0.1192 0.3352 0.2380 0.1128 0.5153 0.1477 0.1368 0.3901 0.1156 0.3926 0.2130 0.1145 0.5210 0.1324
0.5047 0.1145 0.2143 0.3877 0.1156 0.3962 0.1350 0.1492 0.5137 0.1123 0.2420 0.3257 0.1195 0.4443 0.1261 0.1610 0.4974 0.1116 0.2717 0.2576 0.1245 0.4873 0.1204 0.1754 0.4723 0.1117 0.3062 0.1920 0.1308 0.5141 0.1166 0.1927 0.4377 0.1129 0.3458 0.1533 0.1384 0.5210 0.1141 0.2134 0.3924 0.1153 0.3901 0.1366 0.1476 0.5153 0.1125 0.2379 0.3354 0.1192 0.5189 0.1192 0.3354 0.2379 0.1125 0.5153 0.1476 0.1366 0.3901 0.1153 0.3924 0.2134 0.1141 0.5210 0.1384 0.1533 0.3458 0.1129 0.4377 0.1927 0.1166 0.5141 0.1308 0.1920 0.3062 0.1117 0.4723 0.1754 0.1204 0.4873 0.1245 0.2576 0.2717 0.1116 0.4974 0.1610 0.1261 0.4443 0.1195 0.3257 0.2420 0.1123 0.5137 0.1492 0.1350 0.3962 0.1156 0.3877 0.2143 0.1145 0.5047
0.1162 0.2130 0.3877 0.1158 0.4001 0.1338 0.1505 0.5120 0.1121 0.2459 0.3162 0.1201 0.4511 0.1251 0.1630 0.4942 0.1115 0.2765 0.2472 0.1254 0.4926 0.1197 0.1778 0.4678 0.1119 0.3118 0.1841 0.1319 0.5162 0.1162 0.1955 0.4316 0.1132 0.3521 0.1500 0.1396 0.5208 0.1138 0.2168 0.3846 0.1157 0.3970 0.1349 0.1492 0.5137 0.1123 0.2419 0.3259 0.1194 0.4513 0.1080 0.4513 0.1194 0.3259 0.2419 0.1123 0.5137 0.1492 0.1349 0.3970 0.1157 0.3846 0.2168 0.1138 0.5208 0.1396 0.1500 0.3521 0.1132 0.4316 0.1955 0.1162 0.5162 0.1319 0.1841 0.3118 0.1119 0.4678 0.1778 0.1197 0.4926 0.1254 0.2472 0.2765 0.1115 0.4942 0.1630 0.1251 0.4511 0.1201 0.3162 0.2459 0.1121 0.5120 0.1505 0.1338 0.4001 0.1158 0.3877 0.2130 0.1162
0.2027 0.3926 0.1156 0.4001 0.1334 0.1513 0.5107 0.1120 0.2496 0.3073 0.1208 0.4576 0.1241 0.1649 0.4909 0.1115 0.2814 0.2368 0.1262 0.4975 0.1191 0.1802 0.4630 0.1120 0.3175 0.1769 0.1329 0.5179 0.1158 0.1985 0.4254 0.1135 0.3585 0.1471 0.1409 0.5204 0.1136 0.2202 0.3766 0.1162 0.4040 0.1333 0.1508 0.5118 0.1121 0.2461 0.3162 0.1201 0.4510 0.1214 0.2071 0.1214 0.4510 0.1201 0.3162 0.2461 0.1121 0.5118 0.1508 0.1333 0.4040 0.1162 0.3766 0.2202 0.1136 0.5204 0.1409 0.1471 0.3585 0.1135 0.4254 0.1985 0.1158 0.5179 0.1329 0.1769 0.3175 0.1120 0.4630 0.1802 0.1191 0.4975 0.1262 0.2368 0.2814 0.1115 0.4909 0.1649 0.1241 0.4576 0.1208 0.3073 0.2496 0.1120 0.5107 0.1513 0.1334 0.4001 0.1156 0.3926 0.2027
0.3722 0.1156 0.3962 0.1338 0.1513 0.5102 0.1120 0.2522 0.2998 0.1214 0.4635 0.1233 0.1669 0.4875 0.1115 0.2863 0.2269 0.1272 0.5019 0.1185 0.1827 0.4581 0.1121 0.3232 0.1705 0.1340 0.5192 0.1154 0.2015 0.4188 0.1138 0.3650 0.1444 0.1423 0.5197 0.1133 0.2238 0.3684 0.1167 0.4110 0.1318 0.1524 0.5098 0.1120 0.2502 0.3063 0.1208 0.4579 0.1240 0.1676 0.4014 0.1676 0.1240 0.4579 0.1208 0.3063 0.2502 0.1120 0.5098 0.1524 0.1318 0.4110 0.1167 0.3684 0.2238 0.1133 0.5197 0.1423 0.1444 0.3650 0.1138 0.4188 0.2015 0.1154 0.5192 0.1340 0.1705 0.3232 0.1121 0.4581 0.1827 0.1185 0.5019 0.1272 0.2269 0.2863 0.1115 0.4875 0.1669 0.1233 0.4635 0.1214 0.2998 0.2522 0.1120 0.5102 0.1513 0.1338 0.3962 0.1156 0.3722
0.1125 0.3901 0.1350 0.1505 0.5107 0.1120 0.2532 0.2955 0.1218 0.4682 0.1227 0.1688 0.4841 0.1115 0.2912 0.2174 0.1281 0.5058 0.1180 0.1853 0.4530 0.1123 0.3291 0.1650 0.1352 0.5201 0.1150 0.2045 0.4121 0.1142 0.3716 0.1421 0.1436 0.5188 0.1131 0.2275 0.3599 0.1172 0.4181 0.1305 0.1542 0.5075 0.1119 0.2546 0.2963 0.1215 0.4644 0.1232 0.1671 0.4837 0.1142 0.4837 0.1671 0.1232 0.4644 0.1215 0.2963 0.2546 0.1119 0.5075 0.1542 0.1305 0.4181 0.1172 0.3599 0.2275 0.1131 0.5188 0.1436 0.1421 0.3716 0.1142 0.4121 0.2045 0.1150 0.5201 0.1352 0.1650 0.3291 0.1123 0.4530 0.1853 0.1180 0.5058 0.1281 0.2174 0.2912 0.1115 0.4841 0.1688 0.1227 0.4682 0.1218 0.2955 0.2532 0.1120 0.5107 0.1505 0.1350 0.3901 0.1125
0.3685 0.1368 0.1492 0.5120 0.1120 0.2522 0.2955 0.1220 0.4708 0.1222 0.1702 0.4811 0.1116 0.2959 0.2085 0.1290 0.5091 0.1175 0.1878 0.4478 0.1125 0.3350 0.1603 0.1363 0.5207 0.1147 0.2077 0.4051 0.1146 0.3783 0.1399 0.1451 0.5177 0.1128 0.2312 0.3511 0.1178 0.4251 0.1292 0.1559 0.5051 0.1117 0.2590 0.2861 0.1223 0.4709 0.1224 0.1692 0.4837 0.1098 0.3951 0.1098 0.4837 0.1692 0.1224 0.4709 0.1223 0.2861 0.2590 0.1117 0.5051 0.1559 0.1292 0.4251 0.1178 0.3511 0.2312 0.1128 0.5177 0.1451 0.1399 0.3783 0.1146 0.4051 0.2077 0.1147 0.5207 0.1363 0.1603 0.3350 0.1125 0.4478 0.1878 0.1175 0.5091 0.1290 0.2085 0.2959 0.1116 0.4811 0.1702 0.1222 0.4708 0.1220 0.2955 0.2522 0.1120 0.5120 0.1492 0.1368 0.3685
0.1411 0.1477 0.5137 0.1121 0.2496 0.2998 0.1218 0.4708 0.1221 0.1711 0.4790 0.1116 0.2999 0.2010 0.1299 0.5118 0.1170 0.1904 0.4423 0.1127 0.3409 0.1562 0.1374 0.5209 0.1144 0.2109 0.3978 0.1150 0.3852 0.1379 0.1465 0.5164 0.1126 0.2351 0.3420 0.1184 0.4321 0.1280 0.1577 0.5024 0.1117 0.2635 0.2757 0.1231 0.4771 0.1216 0.1714 0.4797 0.1115 0.3020 0.1264 0.3020 0.1115 0.4797 0.1714 0.1216 0.4771 0.1231 0.2757 0.2635 0.1117 0.5024 0.1577 0.1280 0.4321 0.1184 0.3420 0.2351 0.1126 0.5164 0.1465 0.1379 0.3852 0.1150 0.3978 0.2109 0.1144 0.5209 0.1374 0.1562 0.3409 0.1127 0.4423 0.1904 0.1170 0.5118 0.1299 0.2010 0.2999 0.1116 0.4790 0.1711 0.1221 0.4708 0.1218 0.2998 0.2496 0.1121 0.5137 0.1477 0.1411
0.1412 0.5153 0.1123 0.2459 0.3073 0.1214 0.4682 0.1222 0.1711 0.4782 0.1117 0.3027 0.1954 0.1306 0.5139 0.1166 0.1929 0.4369 0.1130 0.3469 0.1527 0.1386 0.5210 0.1141 0.2141 0.3906 0.1154 0.3919 0.1361 0.1480 0.5149 0.1124 0.2390 0.3327 0.1190 0.4392 0.1269 0.1596 0.4996 0.1116 0.2681 0.2654 0.1239 0.4831 0.1209 0.1737 0.4755 0.1117 0.3021 0.1888 0.1540 0.1888 0.3021 0.1117 0.4755 0.1737 0.1209 0.4831 0.1239 0.2654 0.2681 0.1116 0.4996 0.1596 0.1269 0.4392 0.1190 0.3327 0.2390 0.1124 0.5149 0.1480 0.1361 0.3919 0.1154 0.3906 0.2141 0.1141 0.5210 0.1386 0.1527 0.3469 0.1130 0.4369 0.1929 0.1166 0.5139 0.1306 0.1954 0.3027 0.1117 0.4782 0.1711 0.1222 0.4682 0.1214 0.3073 0.2459 0.1123 0.5153 0.1412
0.4995 0.1128 0.2420 0.3162 0.1208 0.4635 0.1227 0.1702 0.4790 0.1117 0.3036 0.1925 0.1311 0.5153 0.1163 0.1952 0.4317 0.1132 0.3528 0.1496 0.1398 0.5208 0.1138 0.2174 0.3831 0.1158 0.3985 0.1345 0.1496 0.5132 0.1122 0.2430 0.3233 0.1196 0.4460 0.1258 0.1615 0.4966 0.1115 0.2729 0.2549 0.1247 0.4887 0.1202 0.1760 0.4712 0.1118 0.3076 0.1899 0.1324 0.5083 0.1324 0.1899 0.3076 0.1118 0.4712 0.1760 0.1202 0.4887 0.1247 0.2549 0.2729 0.1115 0.4966 0.1615 0.1258 0.4460 0.1196 0.3233 0.2430 0.1122 0.5132 0.1496 0.1345 0.3985 0.1158 0.3831 0.2174 0.1138 0.5208 0.1398 0.1496 0.3528 0.1132 0.4317 0.1952 0.1163 0.5153 0.1311 0.1925 0.3036 0.1117 0.4790 0.1702 0.1227 0.4635 0.1208 0.3162 0.2420 0.1128 0.4995
0.1135 0.2380 0.3257 0.1201 0.4576 0.1233 0.1688 0.4811 0.1116 0.3027 0.1925 0.1313 0.5159 0.1161 0.1969 0.4274 0.1135 0.3581 0.1470 0.1410 0.5203 0.1135 0.2207 0.3754 0.1163 0.4052 0.1330 0.1511 0.5114 0.1121 0.2470 0.3138 0.1203 0.4528 0.1248 0.1635 0.4934 0.1115 0.2778 0.2445 0.1256 0.4939 0.1195 0.1784 0.4666 0.1119 0.3132 0.1821 0.1321 0.5182 0.1070 0.5182 0.1321 0.1821 0.3132 0.1119 0.4666 0.1784 0.1195 0.4939 0.1256 0.2445 0.2778 0.1115 0.4934 0.1635 0.1248 0.4528 0.1203 0.3138 0.2470 0.1121 0.5114 0.1511 0.1330 0.4052 0.1163 0.3754 0.2207 0.1135 0.5203 0.1410 0.1470 0.3581 0.1135 0.4274 0.1969 0.1161 0.5159 0.1313 0.1925 0.3027 0.1116 0.4811 0.1688 0.1233 0.4576 0.1201 0.3257 0.2380 0.1135
0.2256 0.3352 0.1195 0.4511 0.1241 0.1669 0.4841 0.1116 0.2999 0.1954 0.1311 0.5159 0.1161 0.1978 0.4245 0.1137 0.3624 0.1450 0.1421 0.5197 0.1133 0.2241 0.3674 0.1168 0.4120 0.1316 0.1527 0.5094 0.1120 0.2511 0.3043 0.1210 0.4594 0.1239 0.1655 0.4901 0.1115 0.2827 0.2343 0.1265 0.4987 0.1189 0.1808 0.4618 0.1120 0.3189 0.1751 0.1332 0.5182 0.1126 0.2624 0.1126 0.5182 0.1332 0.1751 0.3189 0.1120 0.4618 0.1808 0.1189 0.4987 0.1265 0.2343 0.2827 0.1115 0.4901 0.1655 0.1239 0.4594 0.1210 0.3043 0.2511 0.1120 0.5094 0.1527 0.1316 0.4120 0.1168 0.3674 0.2241 0.1133 0.5197 0.1421 0.1450 0.3624 0.1137 0.4245 0.1978 0.1161 0.5159 0.1311 0.1954 0.2999 0.1116 0.4841 0.1669 0.1241 0.4511 0.1195 0.3352 0.2256
0.3145 0.1192 0.4443 0.1251 0.1649 0.4875 0.1115 0.2959 0.2010 0.1306 0.5153 0.1161 0.1978 0.4235 0.1138 0.3654 0.1437 0.1430 0.5191 0.1131 0.2273 0.3596 0.1173 0.4187 0.1303 0.1544 0.5072 0.1118 0.2553 0.2945 0.1217 0.4657 0.1231 0.1675 0.4866 0.1115 0.2875 0.2244 0.1274 0.5030 0.1184 0.1834 0.4568 0.1122 0.3247 0.1691 0.1343 0.5194 0.1152 0.2058 0.2670 0.2058 0.1152 0.5194 0.1343 0.1691 0.3247 0.1122 0.4568 0.1834 0.1184 0.5030 0.1274 0.2244 0.2875 0.1115 0.4866 0.1675 0.1231 0.4657 0.1217 0.2945 0.2553 0.1118 0.5072 0.1544 0.1303 0.4187 0.1173 0.3596 0.2273 0.1131 0.5191 0.1430 0.1437 0.3654 0.1138 0.4235 0.1978 0.1161 0.5153 0.1306 0.2010 0.2959 0.1115 0.4875 0.1649 0.1251 0.4443 0.1192 0.3145
0.1151 0.4373 0.1261 0.1630 0.4909 0.1115 0.2912 0.2085 0.1299 0.5139 0.1163 0.1969 0.4245 0.1138 0.3665 0.1429 0.1436 0.5186 0.1130 0.2300 0.3528 0.1177 0.4250 0.1291 0.1561 0.5048 0.1117 0.2596 0.2847 0.1224 0.4719 0.1223 0.1695 0.4830 0.1116 0.2925 0.2150 0.1283 0.5067 0.1178 0.1859 0.4516 0.1124 0.3307 0.1637 0.1355 0.5203 0.1149 0.2053 0.4035 0.1250 0.4035 0.2053 0.1149 0.5203 0.1355 0.1637 0.3307 0.1124 0.4516 0.1859 0.1178 0.5067 0.1283 0.2150 0.2925 0.1116 0.4830 0.1695 0.1223 0.4719 0.1224 0.2847 0.2596 0.1117 0.5048 0.1561 0.1291 0.4250 0.1177 0.3528 0.2300 0.1130 0.5186 0.1436 0.1429 0.3665 0.1138 0.4245 0.1969 0.1163 0.5139 0.1299 0.2085 0.2912 0.1115 0.4909 0.1630 0.1261 0.4373 0.1151
0.4138 0.1273 0.1610 0.4942 0.1115 0.2863 0.2174 0.1290 0.5118 0.1166 0.1952 0.4274 0.1137 0.3654 0.1429 0.1438 0.5182 0.1129 0.2320 0.3471 0.1182 0.4305 0.1281 0.1577 0.5024 0.1117 0.2639 0.2747 0.1232 0.4778 0.1215 0.1717 0.4792 0.1116 0.2976 0.2058 0.1292 0.5099 0.1173 0.1885 0.4464 0.1126 0.3365 0.1592 0.1366 0.5208 0.1146 0.2085 0.4033 0.1142 0.4924 0.1142 0.4033 0.2085 0.1146 0.5208 0.1366 0.1592 0.3365 0.1126 0.4464 0.1885 0.1173 0.5099 0.1292 0.2058 0.2976 0.1116 0.4792 0.1717 0.1215 0.4778 0.1232 0.2747 0.2639 0.1117 0.5024 0.1577 0.1281 0.4305 0.1182 0.3471 0.2320 0.1129 0.5182 0.1438 0.1429 0.3654 0.1137 0.4274 0.1952 0.1166 0.5118 0.1290 0.2174 0.2863 0.1115 0.4942 0.1610 0.1273 0.4138
0.1319 0.1591 0.4974 0.1115 0.2814 0.2269 0.1281 0.5091 0.1170 0.1929 0.4317 0.1135 0.3624 0.1437 0.1436 0.5182 0.1128 0.2331 0.3434 0.1185 0.4348 0.1273 0.1591 0.5001 0.1116 0.2682 0.2649 0.1239 0.4835 0.1208 0.1739 0.4751 0.1117 0.3028 0.1972 0.1302 0.5126 0.1169 0.1911 0.4409 0.1128 0.3425 0.1553 0.1377 0.5210 0.1143 0.2117 0.3960 0.1150 0.3935 0.1114 0.3935 0.1150 0.3960 0.2117 0.1143 0.5210 0.1377 0.1553 0.3425 0.1128 0.4409 0.1911 0.1169 0.5126 0.1302 0.1972 0.3028 0.1117 0.4751 0.1739 0.1208 0.4835 0.1239 0.2649 0.2682 0.1116 0.5001 0.1591 0.1273 0.4348 0.1185 0.3434 0.2331 0.1128 0.5182 0.1436 0.1437 0.3624 0.1135 0.4317 0.1929 0.1170 0.5091 0.1281 0.2269 0.2814 0.1115 0.4974 0.1591 0.1319
0.1519 0.5004 0.1116 0.2765 0.2368 0.1272 0.5058 0.1175 0.1904 0.4369 0.1132 0.3581 0.1450 0.1430 0.5186 0.1129 0.2331 0.3421 0.1186 0.4376 0.1268 0.1602 0.4980 0.1116 0.2720 0.2558 0.1247 0.4887 0.1202 0.1761 0.4709 0.1118 0.3081 0.1891 0.1312 0.5149 0.1165 0.1938 0.4352 0.1131 0.3485 0.1518 0.1389 0.5209 0.1140 0.2149 0.3887 0.1155 0.3935 0.1315 0.1839 0.1315 0.3935 0.1155 0.3887 0.2149 0.1140 0.5209 0.1389 0.1518 0.3485 0.1131 0.4352 0.1938 0.1165 0.5149 0.1312 0.1891 0.3081 0.1118 0.4709 0.1761 0.1202 0.4887 0.1247 0.2558 0.2720 0.1116 0.4980 0.1602 0.1268 0.4376 0.1186 0.3421 0.2331 0.1129 0.5186 0.1430 0.1450 0.3581 0.1132 0.4369 0.1904 0.1175 0.5058 0.1272 0.2368 0.2765 0.1116 0.5004 0.1519
0.4841 0.1120 0.2717 0.2472 0.1262 0.5019 0.1180 0.1878 0.4423 0.1130 0.3528 0.1470 0.1421 0.5191 0.1130 0.2320 0.3434 0.1186 0.4386 0.1265 0.1610 0.4965 0.1115 0.2753 0.2481 0.1254 0.4932 0.1196 0.1783 0.4666 0.1119 0.3135 0.1817 0.1322 0.5168 0.1160 0.1966 0.4293 0.1133 0.3546 0.1488 0.1401 0.5207 0.1137 0.2182 0.3811 0.1159 0.4003 0.1340 0.1520 0.4533 0.1520 0.1340 0.4003 0.1159 0.3811 0.2182 0.1137 0.5207 0.1401 0.1488 0.3546 0.1133 0.4293 0.1966 0.1160 0.5168 0.1322 0.1817 0.3135 0.1119 0.4666 0.1783 0.1196 0.4932 0.1254 0.2481 0.2753 0.1115 0.4965 0.1610 0.1265 0.4386 0.1186 0.3434 0.2320 0.1130 0.5191 0.1421 0.1470 0.3528 0.1130 0.4423 0.1878 0.1180 0.5019 0.1262 0.2472 0.2717 0.1120 0.4841
0.1117 0.2669 0.2576 0.1254 0.4975 0.1185 0.1853 0.4478 0.1127 0.3469 0.1496 0.1410 0.5197 0.1131 0.2300 0.3471 0.1185 0.4376 0.1265 0.1612 0.4957 0.1115 0.2776 0.2421 0.1260 0.4968 0.1191 0.1804 0.4623 0.1120 0.3189 0.1751 0.1333 0.5183 0.1157 0.1994 0.4232 0.1136 0.3608 0.1461 0.1414 0.5202 0.1135 0.2216 0.3733 0.1164 0.4070 0.1326 0.1515 0.5088 0.1104 0.5088 0.1515 0.1326 0.4070 0.1164 0.3733 0.2216 0.1135 0.5202 0.1414 0.1461 0.3608 0.1136 0.4232 0.1994 0.1157 0.5183 0.1333 0.1751 0.3189 0.1120 0.4623 0.1804 0.1191 0.4968 0.1260 0.2421 0.2776 0.1115 0.4957 0.1612 0.1265 0.4376 0.1185 0.3471 0.2300 0.1131 0.5197 0.1410 0.1496 0.3469 0.1127 0.4478 0.1853 0.1185 0.4975 0.1254 0.2576 0.2669 0.1117
0.2526 0.2680 0.1245 0.4926 0.1191 0.1827 0.4530 0.1125 0.3409 0.1527 0.1398 0.5203 0.1133 0.2273 0.3528 0.1182 0.4348 0.1268 0.1610 0.4957 0.1115 0.2788 0.2384 0.1264 0.4994 0.1187 0.1822 0.4583 0.1122 0.3240 0.1694 0.1343 0.5194 0.1153 0.2023 0.4169 0.1139 0.3671 0.1437 0.1427 0.5194 0.1132 0.2251 0.3653 0.1169 0.4137 0.1313 0.1532 0.5088 0.1095 0.3407 0.1095 0.5088 0.1532 0.1313 0.4137 0.1169 0.3653 0.2251 0.1132 0.5194 0.1427 0.1437 0.3671 0.1139 0.4169 0.2023 0.1153 0.5194 0.1343 0.1694 0.3240 0.1122 0.4583 0.1822 0.1187 0.4994 0.1264 0.2384 0.2788 0.1115 0.4957 0.1610 0.1268 0.4348 0.1182 0.3528 0.2273 0.1133 0.5203 0.1398 0.1527 0.3409 0.1125 0.4530 0.1827 0.1191 0.4926 0.1245 0.2680 0.2526
0.2492 0.1239 0.4873 0.1197 0.1802 0.4581 0.1123 0.3350 0.1562 0.1386 0.5208 0.1135 0.2241 0.3596 0.1177 0.4305 0.1273 0.1602 0.4965 0.1115 0.2788 0.2371 0.1266 0.5010 0.1185 0.1837 0.4550 0.1123 0.3286 0.1649 0.1353 0.5202 0.1150 0.2053 0.4103 0.1143 0.3735 0.1414 0.1440 0.5185 0.1130 0.2286 0.3570 0.1174 0.4205 0.1300 0.1548 0.5066 0.1117 0.2611 0.1464 0.2611 0.1117 0.5066 0.1548 0.1300 0.4205 0.1174 0.3570 0.2286 0.1130 0.5185 0.1440 0.1414 0.3735 0.1143 0.4103 0.2053 0.1150 0.5202 0.1353 0.1649 0.3286 0.1123 0.4550 0.1837 0.1185 0.5010 0.1266 0.2371 0.2788 0.1115 0.4965 0.1602 0.1273 0.4305 0.1177 0.3596 0.2241 0.1135 0.5208 0.1386 0.1562 0.3350 0.1123 0.4581 0.1802 0.1197 0.4873 0.1239 0.2492
0.1191 0.4816 0.1204 0.1778 0.4630 0.1121 0.3291 0.1603 0.1374 0.5210 0.1138 0.2207 0.3674 0.1173 0.4250 0.1281 0.1591 0.4980 0.1115 0.2776 0.2384 0.1266 0.5015 0.1183 0.1846 0.4527 0.1124 0.3325 0.1614 0.1362 0.5207 0.1147 0.2082 0.4037 0.1147 0.3800 0.1394 0.1454 0.5174 0.1128 0.2323 0.3485 0.1180 0.4273 0.1288 0.1565 0.5042 0.1117 0.2607 0.2715 0.1416 0.2715 0.2607 0.1117 0.5042 0.1565 0.1288 0.4273 0.1180 0.3485 0.2323 0.1128 0.5174 0.1454 0.1394 0.3800 0.1147 0.4037 0.2082 0.1147 0.5207 0.1362 0.1614 0.3325 0.1124 0.4527 0.1846 0.1183 0.5015 0.1266 0.2384 0.2776 0.1115 0.4980 0.1591 0.1281 0.4250 0.1173 0.3674 0.2207 0.1138 0.5210 0.1374 0.1603 0.3291 0.1121 0.4630 0.1778 0.1204 0.4816 0.1191
0.4584 0.1213 0.1754 0.4678 0.1120 0.3232 0.1650 0.1363 0.5209 0.1141 0.2174 0.3754 0.1168 0.4187 0.1291 0.1577 0.5001 0.1116 0.2753 0.2421 0.1264 0.5010 0.1183 0.1849 0.4514 0.1125 0.3351 0.1590 0.1369 0.5209 0.1144 0.2108 0.3974 0.1150 0.3863 0.1376 0.1468 0.5161 0.1126 0.2360 0.3397 0.1185 0.4341 0.1276 0.1583 0.5016 0.1116 0.2651 0.2722 0.1242 0.5204 0.1242 0.2722 0.2651 0.1116 0.5016 0.1583 0.1276 0.4341 0.1185 0.3397 0.2360 0.1126 0.5161 0.1468 0.1376 0.3863 0.1150 0.3974 0.2108 0.1144 0.5209 0.1369 0.1590 0.3351 0.1125 0.4514 0.1849 0.1183 0.5010 0.1264 0.2421 0.2753 0.1116 0.5001 0.1577 0.1291 0.4187 0.1168 0.3754 0.2174 0.1141 0.5209 0.1363 0.1650 0.3232 0.1120 0.4678 0.1754 0.1213 0.4584
0.1253 0.1731 0.4723 0.1119 0.3175 0.1705 0.1352 0.5207 0.1144 0.2141 0.3831 0.1163 0.4120 0.1303 0.1561 0.5024 0.1116 0.2720 0.2481 0.1260 0.4994 0.1185 0.1846 0.4514 0.1125 0.3366 0.1576 0.1374 0.5210 0.1142 0.2131 0.3918 0.1154 0.3921 0.1360 0.1483 0.5146 0.1124 0.2398 0.3308 0.1191 0.4408 0.1266 0.1601 0.4988 0.1116 0.2696 0.2621 0.1241 0.4903 0.1069 0.4903 0.1241 0.2621 0.2696 0.1116 0.4988 0.1601 0.1266 0.4408 0.1191 0.3308 0.2398 0.1124 0.5146 0.1483 0.1360 0.3921 0.1154 0.3918 0.2131 0.1142 0.5210 0.1374 0.1576 0.3366 0.1125 0.4514 0.1846 0.1185 0.4994 0.1260 0.2481 0.2720 0.1116 0.5024 0.1561 0.1303 0.4120 0.1163 0.3831 0.2141 0.1144 0.5207 0.1352 0.1705 0.3175 0.1119 0.4723 0.1731 0.1253
0.1650 0.4766 0.1117 0.3118 0.1769 0.1340 0.5201 0.1147 0.2109 0.3906 0.1158 0.4052 0.1316 0.1544 0.5048 0.1117 0.2682 0.2558 0.1254 0.4968 0.1187 0.1837 0.4527 0.1125 0.3366 0.1571 0.1377 0.5210 0.1141 0.2149 0.3871 0.1157 0.3972 0.1347 0.1496 0.5131 0.1122 0.2437 0.3216 0.1198 0.4475 0.1256 0.1620 0.4959 0.1115 0.2741 0.2521 0.1250 0.4902 0.1166 0.2282 0.1166 0.4902 0.1250 0.2521 0.2741 0.1115 0.4959 0.1620 0.1256 0.4475 0.1198 0.3216 0.2437 0.1122 0.5131 0.1496 0.1347 0.3972 0.1157 0.3871 0.2149 0.1141 0.5210 0.1377 0.1571 0.3366 0.1125 0.4527 0.1837 0.1187 0.4968 0.1254 0.2558 0.2682 0.1117 0.5048 0.1544 0.1316 0.4052 0.1158 0.3906 0.2109 0.1147 0.5201 0.1340 0.1769 0.3118 0.1117 0.4766 0.1650
0.4594 0.1120 0.3062 0.1841 0.1329 0.5192 0.1150 0.2077 0.3978 0.1154 0.3985 0.1330 0.1527 0.5072 0.1117 0.2639 0.2649 0.1247 0.4932 0.1191 0.1822 0.4550 0.1124 0.3351 0.1576 0.1377 0.5210 0.1140 0.2160 0.3836 0.1159 0.4015 0.1336 0.1508 0.5116 0.1121 0.2473 0.3126 0.1204 0.4541 0.1246 0.1639 0.4927 0.1115 0.2788 0.2421 0.1258 0.4951 0.1193 0.1820 0.3506 0.1820 0.1193 0.4951 0.1258 0.2421 0.2788 0.1115 0.4927 0.1639 0.1246 0.4541 0.1204 0.3126 0.2473 0.1121 0.5116 0.1508 0.1336 0.4015 0.1159 0.3836 0.2160 0.1140 0.5210 0.1377 0.1576 0.3351 0.1124 0.4550 0.1822 0.1191 0.4932 0.1247 0.2649 0.2639 0.1117 0.5072 0.1527 0.1330 0.3985 0.1154 0.3978 0.2077 0.1150 0.5192 0.1329 0.1841 0.3062 0.1120 0.4594
0.1108 0.3008 0.1920 0.1319 0.5179 0.1154 0.2045 0.4051 0.1150 0.3919 0.1345 0.1511 0.5094 0.1118 0.2596 0.2747 0.1239 0.4887 0.1196 0.1804 0.4583 0.1123 0.3325 0.1590 0.1374 0.5210 0.1140 0.2164 0.3819 0.1161 0.4046 0.1328 0.1518 0.5102 0.1120 0.2506 0.3044 0.1210 0.4602 0.1238 0.1659 0.4894 0.1115 0.2836 0.2322 0.1267 0.4997 0.1188 0.1814 0.4557 0.1181 0.4557 0.1814 0.1188 0.4997 0.1267 0.2322 0.2836 0.1115 0.4894 0.1659 0.1238 0.4602 0.1210 0.3044 0.2506 0.1120 0.5102 0.1518 0.1328 0.4046 0.1161 0.3819 0.2164 0.1140 0.5210 0.1374 0.1590 0.3325 0.1123 0.4583 0.1804 0.1196 0.4887 0.1239 0.2747 0.2596 0.1118 0.5094 0.1511 0.1345 0.3919 0.1150 0.4051 0.2045 0.1154 0.5179 0.1319 0.1920 0.3008 0.1108
0.2842 0.2007 0.1308 0.5162 0.1158 0.2015 0.4121 0.1146 0.3852 0.1361 0.1496 0.5114 0.1120 0.2553 0.2847 0.1232 0.4835 0.1202 0.1783 0.4623 0.1122 0.3286 0.1614 0.1369 0.5210 0.1141 0.2160 0.3819 0.1161 0.4061 0.1323 0.1525 0.5090 0.1119 0.2535 0.2972 0.1216 0.4657 0.1230 0.1678 0.4860 0.1115 0.2885 0.2225 0.1276 0.5037 0.1183 0.1838 0.4558 0.1110 0.4388 0.1110 0.4558 0.1838 0.1183 0.5037 0.1276 0.2225 0.2885 0.1115 0.4860 0.1678 0.1230 0.4657 0.1216 0.2972 0.2535 0.1119 0.5090 0.1525 0.1323 0.4061 0.1161 0.3819 0.2160 0.1141 0.5210 0.1369 0.1614 0.3286 0.1122 0.4623 0.1783 0.1202 0.4835 0.1232 0.2847 0.2553 0.1120 0.5114 0.1496 0.1361 0.3852 0.1146 0.4121 0.2015 0.1158 0.5162 0.1308 0.2007 0.2842
0.1904 0.1299 0.5141 0.1162 0.1985 0.4188 0.1142 0.3783 0.1379 0.1480 0.5132 0.1121 0.2511 0.2945 0.1224 0.4778 0.1208 0.1761 0.4666 0.1120 0.3240 0.1649 0.1362 0.5209 0.1142 0.2149 0.3836 0.1161 0.4061 0.1321 0.1529 0.5083 0.1119 0.2558 0.2911 0.1221 0.4702 0.1224 0.1695 0.4827 0.1116 0.2934 0.2132 0.1285 0.5073 0.1178 0.1863 0.4507 0.1123 0.3377 0.1182 0.3377 0.1123 0.4507 0.1863 0.1178 0.5073 0.1285 0.2132 0.2934 0.1116 0.4827 0.1695 0.1224 0.4702 0.1221 0.2911 0.2558 0.1119 0.5083 0.1529 0.1321 0.4061 0.1161 0.3836 0.2149 0.1142 0.5209 0.1362 0.1649 0.3240 0.1120 0.4666 0.1761 0.1208 0.4778 0.1224 0.2945 0.2511 0.1121 0.5132 0.1480 0.1379 0.3783 0.1142 0.4188 0.1985 0.1162 0.5141 0.1299 0.1904
0.1245 0.5115 0.1166 0.1955 0.4254 0.1138 0.3716 0.1399 0.1465 0.5149 0.1122 0.2470 0.3043 0.1217 0.4719 0.1215 0.1739 0.4709 0.1119 0.3189 0.1694 0.1353 0.5207 0.1144 0.2131 0.3871 0.1159 0.4046 0.1323 0.1529 0.5080 0.1118 0.2573 0.2866 0.1225 0.4738 0.1219 0.1711 0.4797 0.1116 0.2979 0.2048 0.1294 0.5104 0.1173 0.1889 0.4455 0.1126 0.3375 0.1523 0.1651 0.1523 0.3375 0.1126 0.4455 0.1889 0.1173 0.5104 0.1294 0.2048 0.2979 0.1116 0.4797 0.1711 0.1219 0.4738 0.1225 0.2866 0.2573 0.1118 0.5080 0.1529 0.1323 0.4046 0.1159 0.3871 0.2131 0.1144 0.5207 0.1353 0.1694 0.3189 0.1119 0.4709 0.1739 0.1215 0.4719 0.1217 0.3043 0.2470 0.1122 0.5149 0.1465 0.1399 0.3716 0.1138 0.4254 0.1955 0.1166 0.5115 0.1245
0.4919 0.1173 0.1927 0.4316 0.1135 0.3650 0.1421 0.1451 0.5164 0.1124 0.2430 0.3138 0.1210 0.4657 0.1223 0.1717 0.4751 0.1118 0.3135 0.1751 0.1343 0.5202 0.1147 0.2108 0.3918 0.1157 0.4015 0.1328 0.1525 0.5083 0.1118 0.2578 0.2843 0.1227 0.4765 0.1215 0.1723 0.4771 0.1117 0.3019 0.1977 0.1302 0.5129 0.1168 0.1915 0.4400 0.1129 0.3435 0.1545 0.1396 0.4905 0.1396 0.1545 0.3435 0.1129 0.4400 0.1915 0.1168 0.5129 0.1302 0.1977 0.3019 0.1117 0.4771 0.1723 0.1215 0.4765 0.1227 0.2843 0.2578 0.1118 0.5083 0.1525 0.1328 0.4015 0.1157 0.3918 0.2108 0.1147 0.5202 0.1343 0.1751 0.3135 0.1118 0.4751 0.1717 0.1223 0.4657 0.1210 0.3138 0.2430 0.1124 0.5164 0.1451 0.1421 0.3650 0.1135 0.4316 0.1927 0.1173 0.4919
0.1204 0.1899 0.4377 0.1132 0.3585 0.1444 0.1436 0.5177 0.1126 0.2390 0.3233 0.1203 0.4594 0.1231 0.1695 0.4792 0.1117 0.3081 0.1817 0.1333 0.5194 0.1150 0.2082 0.3974 0.1154 0.3972 0.1336 0.1518 0.5090 0.1119 0.2573 0.2843 0.1228 0.4778 0.1213 0.1733 0.4750 0.1117 0.3054 0.1918 0.1310 0.5147 0.1165 0.1940 0.4345 0.1131 0.3495 0.1513 0.1392 0.5206 0.1080 0.5206 0.1392 0.1513 0.3495 0.1131 0.4345 0.1940 0.1165 0.5147 0.1310 0.1918 0.3054 0.1117 0.4750 0.1733 0.1213 0.4778 0.1228 0.2843 0.2573 0.1119 0.5090 0.1518 0.1336 0.3972 0.1154 0.3974 0.2082 0.1150 0.5194 0.1333 0.1817 0.3081 0.1117 0.4792 0.1695 0.1231 0.4594 0.1203 0.3233 0.2390 0.1126 0.5177 0.1436 0.1444 0.3585 0.1132 0.4377 0.1899 0.1204
0.1807 0.4435 0.1129 0.3521 0.1471 0.1423 0.5188 0.1128 0.2351 0.3327 0.1196 0.4528 0.1239 0.1675 0.4830 0.1116 0.3028 0.1891 0.1322 0.5183 0.1153 0.2053 0.4037 0.1150 0.3921 0.1347 0.1508 0.5102 0.1119 0.2558 0.2866 0.1227 0.4778 0.1212 0.1738 0.4735 0.1118 0.3082 0.1872 0.1317 0.5162 0.1161 0.1963 0.4294 0.1134 0.3554 0.1483 0.1404 0.5206 0.1108 0.2921 0.1108 0.5206 0.1404 0.1483 0.3554 0.1134 0.4294 0.1963 0.1161 0.5162 0.1317 0.1872 0.3082 0.1118 0.4735 0.1738 0.1212 0.4778 0.1227 0.2866 0.2558 0.1119 0.5102 0.1508 0.1347 0.3921 0.1150 0.4037 0.2053 0.1153 0.5183 0.1322 0.1891 0.3028 0.1116 0.4830 0.1675 0.1239 0.4528 0.1196 0.3327 0.2351 0.1128 0.5188 0.1423 0.1471 0.3521 0.1129 0.4435 0.1807
0.4250 0.1131 0.3458 0.1500 0.1409 0.5197 0.1131 0.2312 0.3420 0.1190 0.4460 0.1248 0.1655 0.4866 0.1116 0.2976 0.1972 0.1312 0.5168 0.1157 0.2023 0.4103 0.1147 0.3863 0.1360 0.1496 0.5116 0.1120 0.2535 0.2911 0.1225 0.4765 0.1213 0.1738 0.4730 0.1118 0.3100 0.1839 0.1322 0.5172 0.1159 0.1983 0.4248 0.1136 0.3607 0.1459 0.1416 0.5200 0.1133 0.2264 0.2036 0.2264 0.1133 0.5200 0.1416 0.1459 0.3607 0.1136 0.4248 0.1983 0.1159 0.5172 0.1322 0.1839 0.3100 0.1118 0.4730 0.1738 0.1213 0.4765 0.1225 0.2911 0.2535 0.1120 0.5116 0.1496 0.1360 0.3863 0.1147 0.4103 0.2023 0.1157 0.5168 0.1312 0.1972 0.2976 0.1116 0.4866 0.1655 0.1248 0.4460 0.1190 0.3420 0.2312 0.1131 0.5197 0.1409 0.1500 0.3458 0.1131 0.4250
0.1109 0.3396 0.1533 0.1396 0.5204 0.1133 0.2275 0.3511 0.1184 0.4392 0.1258 0.1635 0.4901 0.1115 0.2925 0.2058 0.1302 0.5149 0.1160 0.1994 0.4169 0.1143 0.3800 0.1376 0.1483 0.5131 0.1121 0.2506 0.2972 0.1221 0.4738 0.1215 0.1733 0.4735 0.1118 0.3106 0.1822 0.1326 0.5178 0.1157 0.2000 0.4207 0.1138 0.3654 0.1439 0.1427 0.5194 0.1132 0.2258 0.3551 0.1311 0.3551 0.2258 0.1132 0.5194 0.1427 0.1439 0.3654 0.1138 0.4207 0.2000 0.1157 0.5178 0.1326 0.1822 0.3106 0.1118 0.4735 0.1733 0.1215 0.4738 0.1221 0.2972 0.2506 0.1121 0.5131 0.1483 0.1376 0.3800 0.1143 0.4169 0.1994 0.1160 0.5149 0.1302 0.2058 0.2925 0.1115 0.4901 0.1635 0.1258 0.4392 0.1184 0.3511 0.2275 0.1133 0.5204 0.1396 0.1533 0.3396 0.1109
0.3205 0.1572 0.1384 0.5208 0.1136 0.2238 0.3599 0.1178 0.4321 0.1269 0.1615 0.4934 0.1115 0.2875 0.2150 0.1292 0.5126 0.1165 0.1966 0.4232 0.1139 0.3735 0.1394 0.1468 0.5146 0.1122 0.2473 0.3044 0.1216 0.4702 0.1219 0.1723 0.4750 0.1118 0.3100 0.1822 0.1327 0.5182 0.1156 0.2013 0.4173 0.1140 0.3695 0.1424 0.1437 0.5186 0.1130 0.2290 0.3558 0.1176 0.5147 0.1176 0.3558 0.2290 0.1130 0.5186 0.1437 0.1424 0.3695 0.1140 0.4173 0.2013 0.1156 0.5182 0.1327 0.1822 0.3100 0.1118 0.4750 0.1723 0.1219 0.4702 0.1216 0.3044 0.2473 0.1122 0.5146 0.1468 0.1394 0.3735 0.1139 0.4232 0.1966 0.1165 0.5126 0.1292 0.2150 0.2875 0.1115 0.4934 0.1615 0.1269 0.4321 0.1178 0.3599 0.2238 0.1136 0.5208 0.1384 0.1572 0.3205
0.1583 0.1372 0.5210 0.1138 0.2202 0.3684 0.1172 0.4251 0.1280 0.1596 0.4966 0.1115 0.2827 0.2244 0.1283 0.5099 0.1169 0.1938 0.4293 0.1136 0.3671 0.1414 0.1454 0.5161 0.1124 0.2437 0.3126 0.1210 0.4657 0.1224 0.1711 0.4771 0.1117 0.3082 0.1839 0.1326 0.5182 0.1155 0.2020 0.4151 0.1142 0.3729 0.1411 0.1446 0.5179 0.1128 0.2319 0.3484 0.1180 0.4351 0.1087 0.4351 0.1180 0.3484 0.2319 0.1128 0.5179 0.1446 0.1411 0.3729 0.1142 0.4151 0.2020 0.1155 0.5182 0.1326 0.1839 0.3082 0.1117 0.4771 0.1711 0.1224 0.4657 0.1210 0.3126 0.2437 0.1124 0.5161 0.1454 0.1414 0.3671 0.1136 0.4293 0.1938 0.1169 0.5099 0.1283 0.2244 0.2827 0.1115 0.4966 0.1596 0.1280 0.4251 0.1172 0.3684 0.2202 0.1138 0.5210 0.1372 0.1583
0.1312 0.5209 0.1141 0.2168 0.3766 0.1167 0.4181 0.1292 0.1577 0.4996 0.1115 0.2778 0.2343 0.1274 0.5067 0.1173 0.1911 0.4352 0.1133 0.3608 0.1437 0.1440 0.5174 0.1126 0.2398 0.3216 0.1204 0.4602 0.1230 0.1695 0.4797 0.1117 0.3054 0.1872 0.1322 0.5178 0.1156 0.2020 0.4144 0.1142 0.3751 0.1402 0.1453 0.5172 0.1127 0.2344 0.3420 0.1185 0.4339 0.1238 0.1999 0.1238 0.4339 0.1185 0.3420 0.2344 0.1127 0.5172 0.1453 0.1402 0.3751 0.1142 0.4144 0.2020 0.1156 0.5178 0.1322 0.1872 0.3054 0.1117 0.4797 0.1695 0.1230 0.4602 0.1204 0.3216 0.2398 0.1126 0.5174 0.1440 0.1437 0.3608 0.1133 0.4352 0.1911 0.1173 0.5067 0.1274 0.2343 0.2778 0.1115 0.4996 0.1577 0.1292 0.4181 0.1167 0.3766 0.2168 0.1141 0.5209 0.1312
0.5044 0.1147 0.2134 0.3846 0.1162 0.4110 0.1305 0.1559 0.5024 0.1116 0.2729 0.2445 0.1265 0.5030 0.1178 0.1885 0.4409 0.1131 0.3546 0.1461 0.1427 0.5185 0.1128 0.2360 0.3308 0.1198 0.4541 0.1238 0.1678 0.4827 0.1116 0.3019 0.1918 0.1317 0.5172 0.1157 0.2013 0.4151 0.1142 0.3758 0.1398 0.1457 0.5167 0.1126 0.2364 0.3367 0.1189 0.4389 0.1266 0.1625 0.4185 0.1625 0.1266 0.4389 0.1189 0.3367 0.2364 0.1126 0.5167 0.1457 0.1398 0.3758 0.1142 0.4151 0.2013 0.1157 0.5172 0.1317 0.1918 0.3019 0.1116 0.4827 0.1678 0.1238 0.4541 0.1198 0.3308 0.2360 0.1128 0.5185 0.1427 0.1461 0.3546 0.1131 0.4409 0.1885 0.1178 0.5030 0.1265 0.2445 0.2729 0.1116 0.5024 0.1559 0.1305 0.4110 0.1162 0.3846 0.2134 0.1147 0.5044
0.1167 0.2100 0.3924 0.1157 0.4040 0.1318 0.1542 0.5051 0.1117 0.2681 0.2549 0.1256 0.4987 0.1184 0.1859 0.4464 0.1128 0.3485 0.1488 0.1414 0.5194 0.1130 0.2323 0.3397 0.1191 0.4475 0.1246 0.1659 0.4860 0.1116 0.2979 0.1977 0.1310 0.5162 0.1159 0.2000 0.4173 0.1142 0.3751 0.1398 0.1459 0.5164 0.1125 0.2380 0.3323 0.1192 0.4429 0.1258 0.1614 0.4932 0.1126 0.4932 0.1615 0.1258 0.4429 0.1190 0.3323 0.2380 0.1125 0.5164 0.1459 0.1398 0.3751 0.1142 0.4173 0.2000 0.1159 0.5162 0.1310 0.1977 0.2979 0.1116 0.4860 0.1659 0.1246 0.4475 0.1191 0.3397 0.2323 0.1130 0.5194 0.1414 0.1488 0.3485 0.1128 0.4464 0.1859 0.1184 0.4987 0.1256 0.2549 0.2681 0.1117 0.5051 0.1542 0.1318 0.4040 0.1157 0.3924 0.2100 0.1167
0.1995 0.3998 0.1153 0.3970 0.1333 0.1524 0.5075 0.1117 0.2635 0.2654 0.1247 0.4939 0.1189 0.1834 0.4516 0.1126 0.3425 0.1518 0.1401 0.5202 0.1132 0.2286 0.3485 0.1185 0.4408 0.1256 0.1639 0.4894 0.1115 0.2934 0.2048 0.1302 0.5147 0.1161 0.1983 0.4207 0.1140 0.3729 0.1402 0.1457 0.5164 0.1125 0.2389 0.3191 0.1198 0.4496 0.1218 0.1677 0.4903 0.1070 0.4060 0.1078 0.4876 0.1669 0.1211 0.4745 0.1199 0.3266 0.2412 0.1123 0.5164 0.1457 0.1402 0.3729 0.1140 0.4207 0.1983 0.1161 0.5147 0.1302 0.2048 0.2934 0.1115 0.4894 0.1639 0.1256 0.4408 0.1185 0.3485 0.2286 0.1132 0.5202 0.1401 0.1518 0.3425 0.1126 0.4516 0.1834 0.1189 0.4939 0.1247 0.2654 0.2635 0.1117 0.5075 0.1524 0.1333 0.3970 0.1153 0.3998 0.1995
0.3800 0.1152 0.3901 0.1349 0.1508 0.5098 0.1119 0.2590 0.2757 0.1239 0.4887 0.1195 0.1808 0.4568 0.1124 0.3365 0.1553 0.1389 0.5207 0.1135 0.2251 0.3570 0.1180 0.4341 0.1266 0.1620 0.4927 0.1115 0.2885 0.2132 0.1294 0.5129 0.1165 0.1963 0.4248 0.1138 0.3695 0.1411 0.1453 0.5167 0.1125 0.2389 0.3107 0.1388 0.4870 0.1094 0.2020 0.2586 0.1157 0.4708 0.1057 0.4235 0.1131 0.3166 0.2012 0.1088 0.5022 0.1255 0.1528 0.2432 0.1124 0.5167 0.1453 0.1411 0.3695 0.1138 0.4248 0.1963 0.1165 0.5129 0.1294 0.2132 0.2885 0.1115 0.4927 0.1620 0.1266 0.4341 0.1180 0.3570 0.2251 0.1135 0.5207 0.1389 0.1553 0.3365 0.1124 0.4568 0.1808 0.1195 0.4887 0.1239 0.2757 0.2590 0.1119 0.5098 0.1508 0.1349 0.3901 0.1152 0.3800
0.1122 0.3833 0.1366 0.1492 0.5118 0.1120 0.2546 0.2861 0.1231 0.4831 0.1202 0.1784 0.4618 0.1122 0.3307 0.1592 0.1377 0.5209 0.1137 0.2216 0.3653 0.1174 0.4273 0.1276 0.1601 0.4959 0.1115 0.2836 0.2225 0.1285 0.5104 0.1168 0.1940 0.4294 0.1136 0.3654 0.1424 0.1446 0.5172 0.1126 0.2380 0.3193 0.1389 0.4515 0.4999 0.3930 0.4687 0.2209 0.0851 0.1173 0.2651 0.5529 0.4880 0.3016 0.2509 0.3938 0.1787 0.1368 0.4325 0.1532 0.2404 0.1125 0.5172 0.1446 0.1424 0.3654 0.1136 0.4294 0.1940 0.1168 0.5104 0.1285 0.2225 0.2836 0.1115 0.4959 0.1601 0.1276 0.4273 0.1174 0.3653 0.2216 0.1137 0.5209 0.1377 0.1592 0.3307 0.1122 0.4618 0.1784 0.1202 0.4831 0.1231 0.2861 0.2546 0.1120 0.5118 0.1492 0.1366 0.3833 0.1122
0.3618 0.1386 0.1476 0.5137 0.1121 0.2502 0.2963 0.1223 0.4771 0.1209 0.1760 0.4666 0.1120 0.3247 0.1637 0.1366 0.5210 0.1140 0.2182 0.3733 0.1169 0.4205 0.1288 0.1583 0.4988 0.1115 0.2788 0.2322 0.1276 0.5073 0.1173 0.1915 0.4345 0.1134 0.3607 0.1439 0.1437 0.5179 0.1127 0.2364 0.3323 0.1208 0.4980 0.2046 0.1918 0.4967 0.0182 0.2919 0.3092 0.0317 0.0785 0.3288 0.3721 0.5540 0.0530 0.3245 0.2004 0.0582 0.3635 0.1300 0.3284 0.2365 0.1125 0.5179 0.1437 0.1438 0.3606 0.1132 0.4346 0.1916 0.1170 0.5073 0.1275 0.2322 0.2788 0.1113 0.4988 0.1583 0.1286 0.4205 0.1168 0.3734 0.2183 0.1138 0.5210 0.1366 0.1636 0.3247 0.1119 0.4667 0.1760 0.1207 0.4770 0.1222 0.2965 0.2502 0.1119 0.5137 0.1477 0.1384 0.3619
0.1428 0.1461 0.5153 0.1123 0.2461 0.3063 0.1215 0.4709 0.1216 0.1737 0.4712 0.1119 0.3189 0.1691 0.1355 0.5208 0.1143 0.2149 0.3811 0.1164 0.4137 0.1300 0.1565 0.5016 0.1116 0.2741 0.2421 0.1267 0.5037 0.1178 0.1889 0.4400 0.1131 0.3554 0.1459 0.1427 0.5186 0.1128 0.2344 0.3367 0.1191 0.4585 0.1187 0.1089 0.1532 0.4145 0.2536 0.4175 0.2937 0.0247 0.3745 0.5645 0.0366 0.3371 0.3396 0.5286 0.1387 0.2744 0.4049 0.4807 0.1207 0.3213 0.2411 0.1095 0.5168 0.1454 0.1391 0.3653 0.1123 0.4307 0.1939 0.1136 0.5092 0.1284 0.2254 0.2818 0.1091 0.4971 0.1600 0.1248 0.4246 0.1167 0.3685 0.2209 0.1107 0.5210 0.1377 0.1587 0.3278 0.1103 0.4642 0.1779 0.1171 0.4802 0.1227 0.2905 0.2530 0.1092 0.5125 0.1495 0.1355
0.1397 0.5168 0.1125 0.2419 0.3162 0.1208 0.4644 0.1224 0.1714 0.4755 0.1118 0.3132 0.1751 0.1343 0.5203 0.1146 0.2117 0.3887 0.1159 0.4070 0.1313 0.1548 0.5042 0.1116 0.2696 0.2521 0.1258 0.4997 0.1183 0.1863 0.4455 0.1129 0.3495 0.1483 0.1416 0.5194 0.1130 0.2319 0.3420 0.1189 0.4429 0.1219 0.1957 0.2526 0.1549 0.3121 0.0221 0.5210 0.3506 0.4274 0.5262 0.3644 0.4759 0.3045 0.1819 0.5123 0.2306 0.3442 0.5013 0.1081 0.5191 0.1398 0.1519 0.3330 0.1100 0.4592 0.1812 0.1122 0.4869 0.1241 0.2772 0.2583 0.1069 0.5103 0.1526 0.1279 0.3894 0.1137 0.4072 0.2046 0.1083 0.5176 0.1328 0.1901 0.2997 0.1083 0.4855 0.1678 0.1169 0.4480 0.1190 0.3390 0.2328 0.1069 0.5196 0.1432 0.1425 0.3483 0.1109 0.4448 0.1825
0.5010 0.1130 0.2379 0.3259 0.1201 0.4579 0.1232 0.1692 0.4797 0.1117 0.3076 0.1821 0.1332 0.5194 0.1149 0.2085 0.3960 0.1155 0.4003 0.1326 0.1532 0.5066 0.1117 0.2651 0.2621 0.1250 0.4951 0.1188 0.1838 0.4507 0.1126 0.3435 0.1513 0.1404 0.5200 0.1132 0.2290 0.3484 0.1185 0.4389 0.1257 0.1692 0.2664 0.6279 0.4167 0.2373 0.2709 0.1076 0.0929 0.2569 0.2789 0.4544 0.0730 0.0879 0.3228 0.2071 0.4004 0.3826 0.3672 0.4819 0.1324 0.2523 0.2688 0.1099 0.5047 0.1549 0.1294 0.4056 0.1152 0.3900 0.2116 0.1125 0.5202 0.1345 0.1745 0.3128 0.1103 0.4757 0.1719 0.1202 0.4649 0.1207 0.3150 0.2428 0.1105 0.5166 0.1452 0.1405 0.3640 0.1125 0.4326 0.1927 0.1149 0.5079 0.1279 0.2304 0.2795 0.1098 0.4984 0.1591 0.1293
0.1139 0.2340 0.3353 0.1195 0.4511 0.1241 0.1671 0.4836 0.1116 0.3021 0.1899 0.1321 0.5182 0.1153 0.2054 0.4032 0.1151 0.3936 0.1341 0.1515 0.5088 0.1118 0.2607 0.2722 0.1241 0.4902 0.1194 0.1814 0.4558 0.1124 0.3376 0.1546 0.1391 0.5206 0.1134 0.2257 0.3557 0.1180 0.4341 0.1267 0.1614 0.4865 0.1179 0.3410 0.1591 0.4427 0.3495 0.2870 0.1304 0.3579 0.3003 0.2235 0.0992 0.3522 0.0950 0.3962 0.4219 0.0960 0.4636 0.1741 0.1895 0.2713 0.1115 0.5037 0.1551 0.1309 0.4083 0.1160 0.3872 0.2123 0.1145 0.5204 0.1346 0.1734 0.3149 0.1117 0.4741 0.1722 0.1220 0.4673 0.1211 0.3114 0.2440 0.1123 0.5160 0.1454 0.1414 0.3667 0.1135 0.4301 0.1934 0.1169 0.5093 0.1281 0.2269 0.2813 0.1114 0.4975 0.1591 0.1284 0.4069
0.2219 0.3445 0.1188 0.4442 0.1251 0.1650 0.4874 0.1115 0.2968 0.1983 0.1311 0.5167 0.1157 0.2022 0.4103 0.1147 0.3868 0.1357 0.1500 0.5109 0.1119 0.2564 0.2821 0.1234 0.4849 0.1200 0.1790 0.4607 0.1122 0.3317 0.1584 0.1380 0.5209 0.1137 0.2223 0.3637 0.1175 0.4283 0.1276 0.1600 0.4964 0.1093 0.4048 0.2547 0.4802 0.3085 0.2336 0.4733 0.0486 0.1686 0.1522 0.4583 0.3077 0.3445 0.1852 0.4519 0.0990 0.3061 0.2787 0.1191 0.3042 0.1108 0.5012 0.1568 0.1298 0.4151 0.1165 0.3796 0.2156 0.1142 0.5208 0.1357 0.1678 0.3204 0.1119 0.4698 0.1744 0.1214 0.4734 0.1219 0.3018 0.2481 0.1122 0.5145 0.1469 0.1394 0.3734 0.1139 0.4237 0.1963 0.1165 0.5122 0.1291 0.2170 0.2864 0.1115 0.4943 0.1610 0.1272 0.4302 0.1146
0.3239 0.1186 0.4372 0.1261 0.1629 0.4909 0.1115 0.2915 0.2074 0.1301 0.5147 0.1161 0.1992 0.4171 0.1143 0.3801 0.1374 0.1484 0.5128 0.1121 0.2522 0.2920 0.1226 0.4793 0.1207 0.1767 0.4653 0.1121 0.3260 0.1628 0.1368 0.5210 0.1140 0.2189 0.3717 0.1170 0.4218 0.1286 0.1585 0.4986 0.1114 0.2849 0.1276 0.4242 0.4599 0.2825 0.0929 0.1517 0.0671 0.2506 0.4882 0.4506 0.2540 0.2071 0.1051 0.0953 0.4611 0.4162 0.0157 0.3770 0.1093 0.4986 0.1585 0.1286 0.4218 0.1170 0.3717 0.2189 0.1140 0.5210 0.1368 0.1628 0.3260 0.1121 0.4653 0.1767 0.1207 0.4793 0.1226 0.2920 0.2522 0.1121 0.5128 0.1484 0.1374 0.3801 0.1143 0.4171 0.1992 0.1161 0.5147 0.1301 0.2074 0.2915 0.1115 0.4909 0.1629 0.1261 0.4372 0.1186 0.3239
0.1146 0.4302 0.1272 0.1610 0.4943 0.1115 0.2864 0.2170 0.1291 0.5122 0.1165 0.1963 0.4237 0.1139 0.3734 0.1394 0.1469 0.5145 0.1122 0.2481 0.3018 0.1219 0.4734 0.1214 0.1744 0.4698 0.1119 0.3204 0.1678 0.1357 0.5208 0.1142 0.2156 0.3796 0.1165 0.4151 0.1298 0.1568 0.5012 0.1116 0.2743 0.2265 0.1436 0.2400 0.1190 0.6139 0.3858 0.4916 0.1988 0.3015 0.4121 0.1663 0.3899 0.0469 0.1115 0.4253 0.2229 0.1264 0.5158 0.1154 0.4868 0.1602 0.1276 0.4283 0.1175 0.3637 0.2223 0.1137 0.5209 0.1380 0.1584 0.3317 0.1122 0.4607 0.1790 0.1200 0.4849 0.1234 0.2821 0.2564 0.1119 0.5109 0.1500 0.1357 0.3868 0.1147 0.4103 0.2022 0.1157 0.5167 0.1311 0.1983 0.2968 0.1115 0.4874 0.1650 0.1251 0.4442 0.1188 0.3445 0.2219
0.4069 0.1284 0.1591 0.4975 0.1114 0.2813 0.2269 0.1281 0.5093 0.1169 0.1934 0.4301 0.1135 0.3667 0.1414 0.1454 0.5160 0.1123 0.2440 0.3114 0.1211 0.4673 0.1220 0.1722 0.4741 0.1117 0.3149 0.1734 0.1346 0.5204 0.1145 0.2123 0.3872 0.1160 0.4083 0.1309 0.1551 0.5037 0.1115 0.2702 0.2512 0.1286 0.4680 0.2855 0.1210 0.1307 0.2992 0.2442 0.3866 0.3184 0.0750 0.1929 0.0816 0.4133 0.3454 0.5028 0.2339 0.3347 0.2800 0.1959 0.1727 0.1260 0.4340 0.1180 0.3557 0.2257 0.1134 0.5206 0.1391 0.1546 0.3376 0.1124 0.4558 0.1814 0.1194 0.4902 0.1241 0.2722 0.2607 0.1118 0.5088 0.1515 0.1341 0.3936 0.1151 0.4032 0.2054 0.1153 0.5182 0.1321 0.1899 0.3021 0.1116 0.4836 0.1671 0.1241 0.4511 0.1195 0.3353 0.2340 0.1139
0.1293 0.1591 0.4984 0.1098 0.2795 0.2304 0.1279 0.5079 0.1149 0.1927 0.4326 0.1125 0.3640 0.1405 0.1452 0.5166 0.1105 0.2428 0.3150 0.1207 0.4649 0.1202 0.1719 0.4757 0.1103 0.3128 0.1745 0.1345 0.5202 0.1125 0.2116 0.3900 0.1152 0.4056 0.1294 0.1549 0.5047 0.1099 0.2688 0.2540 0.1256 0.5044 0.1082 0.5113 0.1176 0.3080 0.3210 0.2771 0.1406 0.4429 0.4606 0.3940 0.1119 0.4653 0.0329 0.4249 0.1761 0.2683 0.2331 0.2485 0.1171 0.4393 0.1185 0.3484 0.2290 0.1132 0.5200 0.1404 0.1513 0.3435 0.1126 0.4507 0.1838 0.1188 0.4951 0.1250 0.2621 0.2651 0.1117 0.5066 0.1532 0.1326 0.4003 0.1155 0.3960 0.2085 0.1149 0.5194 0.1332 0.1821 0.3076 0.1117 0.4797 0.1692 0.1232 0.4579 0.1201 0.3259 0.2379 0.1130 0.5010
0.1825 0.4448 0.1109 0.3483 0.1425 0.1432 0.5196 0.1069 0.2328 0.3390 0.1190 0.4480 0.1169 0.1678 0.4855 0.1083 0.2997 0.1901 0.1328 0.5176 0.1083 0.2046 0.4072 0.1137 0.3894 0.1279 0.1526 0.5103 0.1069 0.2583 0.2772 0.1241 0.4869 0.1122 0.1812 0.4592 0.1100 0.3330 0.1519 0.1397 0.5210 0.1061 0.2531 0.3755 0.2004 0.5550 0.2760 0.4868 0.4362 0.3144 0.4131 0.0804 0.5416 0.1214 0.3657 0.0688 0.2032 0.4633 0.2332 0.1094 0.4623 0.1187 0.3420 0.2319 0.1130 0.5194 0.1416 0.1483 0.3495 0.1129 0.4455 0.1863 0.1183 0.4997 0.1258 0.2521 0.2696 0.1116 0.5042 0.1548 0.1313 0.4070 0.1159 0.3887 0.2117 0.1146 0.5203 0.1343 0.1751 0.3132 0.1118 0.4755 0.1714 0.1224 0.4644 0.1208 0.3162 0.2419 0.1125 0.5168 0.1397
0.1355 0.1495 0.5125 0.1092 0.2530 0.2905 0.1227 0.4802 0.1171 0.1779 0.4642 0.1103 0.3278 0.1587 0.1377 0.5210 0.1107 0.2209 0.3685 0.1167 0.4246 0.1248 0.1600 0.4971 0.1091 0.2818 0.2254 0.1284 0.5092 0.1136 0.1939 0.4307 0.1123 0.3653 0.1391 0.1454 0.5168 0.1095 0.2411 0.3212 0.1201 0.4651 0.1127 0.1416 0.3651 0.1493 0.0495 0.1650 0.1686 0.3137 0.3360 0.2603 0.2944 0.2483 0.2033 0.2466 0.1754 0.1828 0.2309 0.5107 0.1209 0.3367 0.2344 0.1128 0.5186 0.1427 0.1459 0.3554 0.1131 0.4400 0.1889 0.1178 0.5037 0.1267 0.2421 0.2741 0.1116 0.5016 0.1565 0.1300 0.4137 0.1164 0.3811 0.2149 0.1143 0.5208 0.1355 0.1691 0.3189 0.1119 0.4712 0.1737 0.1216 0.4709 0.1215 0.3063 0.2461 0.1123 0.5153 0.1461 0.1428
