27.5476 -33.6102 -39.8907 -19.1594 -40.9458 15.2001 -27.7519 -48.3413 25.2892 -35.2363 -26.3942 -21.5366 -42.4919 19.9746 -29.1719 -48.8132 4.7799 -36.3902 -7.9928 -23.4034 -44.0627 24.9186 -30.6385 -48.6314 -9.3175 -37.7992 3.1740 -24.8573 -45.6032 29.6646 -32.1347 -46.7724 -15.2749 -39.2229 9.5098 -26.1766 -47.0370 32.2493 -33.6219 -41.2314 -18.7347 -40.7155 14.4812 -27.5424 -48.2034 27.2462 -35.0362 -28.9904 -21.2383 -42.4746 31.9809 -42.4746 -21.2383 -28.9904 -35.0362 27.2462 -48.2034 -27.5424 14.4812 -40.7155 -18.7347 -41.2314 -33.6219 32.2493 -47.0370 -26.1766 9.5098 -39.2229 -15.2749 -46.7724 -32.1347 29.6646 -45.6032 -24.8573 3.1740 -37.7992 -9.3175 -48.6314 -30.6385 24.9186 -44.0627 -23.4034 -7.9928 -36.3902 4.7799 -48.8132 -29.1719 19.9746 -42.4919 -21.5366 -26.3942 -35.2363 25.2892 -48.3413 -27.7519 15.2001 -40.9458 -19.1594 -39.8907 -33.6102 27.5476
-33.6102 -37.8840 -19.9542 -40.7785 15.7062 -28.9289 -48.6183 31.6843 -35.3996 -21.5659 -22.9177 -42.4992 20.4014 -30.2243 -48.9609 13.4483 -36.0958 -4.4948 -24.9861 -44.1934 25.3997 -31.5454 -48.3433 -6.8768 -37.2994 4.7190 -26.3453 -45.8345 30.5690 -32.8714 -45.7114 -15.1540 -38.8994 10.3611 -27.5173 -47.3256 34.5453 -34.1384 -38.7227 -19.5546 -40.5528 15.0527 -28.7477 -48.4889 32.9124 -35.2541 -24.3839 -22.5421 -42.2417 20.5406 -34.7061 20.5406 -42.2417 -22.5421 -24.3839 -35.2541 32.9124 -48.4889 -28.7477 15.0527 -40.5528 -19.5546 -38.7227 -34.1384 34.5453 -47.3256 -27.5173 10.3611 -38.8994 -15.1540 -45.7114 -32.8714 30.5690 -45.8345 -26.3453 4.7190 -37.2994 -6.8768 -48.3433 -31.5454 25.3997 -44.1934 -24.9861 -4.4948 -36.0958 13.4483 -48.9609 -30.2243 20.4014 -42.4992 -22.9177 -21.5659 -35.3996 31.6843 -48.6183 -28.9289 15.7062 -40.7785 -19.9542 -37.8840 -33.6102
-39.8907 -19.9542 -40.8747 16.1439 -29.0990 -48.7187 30.2490 -35.7699 -18.7581 -23.2654 -42.7522 21.1204 -30.4714 -48.9110 9.6856 -36.4847 -2.6821 -25.2250 -44.4432 26.1668 -31.8250 -48.1329 -8.5921 -37.5319 5.6877 -26.5035 -46.0696 31.3031 -33.1829 -45.0135 -15.9527 -39.1430 11.0897 -27.7024 -47.5259 34.8293 -34.4844 -37.1305 -20.0664 -40.8029 15.7342 -28.9597 -48.6151 31.7133 -35.6256 -21.6046 -22.9107 -42.4956 20.3871 -31.3751 -42.5976 -31.3751 20.3871 -42.4956 -22.9107 -21.6046 -35.6256 31.7133 -48.6151 -28.9597 15.7342 -40.8029 -20.0664 -37.1305 -34.4844 34.8293 -47.5259 -27.7024 11.0897 -39.1430 -15.9527 -45.0135 -33.1829 31.3031 -46.0696 -26.5035 5.6877 -37.5319 -8.5921 -48.1329 -31.8250 26.1668 -44.4432 -25.2250 -2.6821 -36.4847 9.6856 -48.9110 -30.4714 21.1204 -42.7522 -23.2654 -18.7581 -35.7699 30.2490 -48.7187 -29.0990 16.1439 -40.8747 -19.9542 -39.8907
-19.1594 -40.7785 16.1439 -29.1567 -48.7772 28.9074 -35.8815 -16.2160 -23.5830 -42.9953 21.8365 -30.6656 -48.8272 5.9907 -36.5356 -1.0630 -25.4530 -44.6917 26.9440 -32.0287 -47.8675 -10.0779 -37.7683 6.5880 -26.6784 -46.3010 32.0041 -33.3809 -44.2216 -16.6914 -39.3854 11.8036 -27.8849 -47.7180 34.9712 -34.6682 -35.3416 -20.5464 -41.0537 16.4157 -29.1522 -48.7270 30.1580 -35.7725 -18.7856 -23.2636 -42.7463 21.1108 -30.5138 -48.7751 -18.8582 -48.7751 -30.5138 21.1108 -42.7463 -23.2636 -18.7856 -35.7725 30.1580 -48.7270 -29.1522 16.4157 -41.0537 -20.5464 -35.3416 -34.6682 34.9712 -47.7180 -27.8849 11.8036 -39.3854 -16.6914 -44.2216 -33.3809 32.0041 -46.3010 -26.6784 6.5880 -37.7683 -10.0779 -47.8675 -32.0287 26.9440 -44.6917 -25.4530 -1.0630 -36.5356 5.9907 -48.8272 -30.6656 21.8365 -42.9953 -23.5830 -16.2160 -35.8815 28.9074 -48.7772 -29.1567 16.1439 -40.7785 -19.1594
-40.9458 15.7062 -29.0990 -48.7772 28.3349 -35.9448 -14.3743 -23.8354 -43.2144 22.5036 -30.8514 -48.7522 2.6244 -36.5671 0.3570 -25.6617 -44.9361 27.7251 -32.2301 -47.5433 -11.3922 -38.0057 7.4511 -26.8535 -46.5285 32.6649 -33.5804 -43.3093 -17.3700 -39.6312 12.5000 -28.0694 -47.8996 34.9499 -34.8480 -33.3655 -21.0076 -41.3027 17.1010 -29.3445 -48.8210 28.2006 -35.9120 -15.9416 -23.5985 -43.0000 21.8310 -30.6698 -48.7816 2.9212 -39.1187 2.9212 -48.7816 -30.6698 21.8310 -43.0000 -23.5985 -15.9416 -35.9120 28.2006 -48.8210 -29.3445 17.1010 -41.3027 -21.0076 -33.3655 -34.8480 34.9499 -47.8996 -28.0694 12.5000 -39.6312 -17.3700 -43.3093 -33.5804 32.6649 -46.5285 -26.8535 7.4511 -38.0057 -11.3922 -47.5433 -32.2301 27.7251 -44.9361 -25.6617 0.3570 -36.5671 2.6244 -48.7522 -30.8514 22.5036 -43.2144 -23.8354 -14.3743 -35.9448 28.3349 -48.7772 -29.0990 15.7062 -40.9458
15.2001 -28.9289 -48.7187 28.9074 -35.9448 -13.6949 -23.9773 -43.3713 23.0545 -31.0149 -48.6993 -0.2212 -36.6679 1.6224 -25.8492 -45.1748 28.4855 -32.4291 -47.1592 -12.5540 -38.2443 8.2738 -27.0303 -46.7487 33.2753 -33.7755 -42.2694 -18.0081 -39.8779 13.1942 -28.2559 -48.0736 34.7404 -35.0253 -31.1974 -21.4470 -41.5545 17.7822 -29.5382 -48.8942 25.8217 -36.0381 -13.1784 -23.9197 -43.2532 22.5684 -30.8690 -48.7489 2.5861 -36.7262 14.9027 -36.7262 2.5861 -48.7489 -30.8690 22.5684 -43.2532 -23.9197 -13.1784 -36.0381 25.8217 -48.8942 -29.5382 17.7822 -41.5545 -21.4470 -31.1974 -35.0253 34.7404 -48.0736 -28.2559 13.1942 -39.8779 -18.0081 -42.2694 -33.7755 33.2753 -46.7487 -27.0303 8.2738 -38.2443 -12.5540 -47.1592 -32.4291 28.4855 -45.1748 -25.8492 1.6224 -36.6679 -0.2212 -48.6993 -31.0149 23.0545 -43.3713 -23.9773 -13.6949 -35.9448 28.9074 -48.7187 -28.9289 15.2001
-27.7519 -48.6183 30.2490 -35.8815 -14.3743 -23.9773 -43.4273 23.3746 -31.1309 -48.6433 -2.3974 -36.8495 2.7166 -26.0154 -45.4051 29.2285 -32.6255 -46.7119 -13.5676 -38.4808 9.0527 -27.2062 -46.9638 33.8144 -33.9687 -41.1049 -18.6075 -40.1229 13.8817 -28.4435 -48.2366 34.3058 -35.1940 -28.8334 -21.8653 -41.8074 18.4743 -29.7342 -48.9470 23.0472 -36.1551 -10.5904 -24.2253 -43.5059 23.3140 -31.0691 -48.6892 -0.5231 -36.6775 2.8267 -31.4111 2.8267 -36.6775 -0.5231 -48.6892 -31.0691 23.3140 -43.5059 -24.2253 -10.5904 -36.1551 23.0472 -48.9470 -29.7342 18.4743 -41.8074 -21.8653 -28.8334 -35.1940 34.3058 -48.2366 -28.4435 13.8817 -40.1229 -18.6075 -41.1049 -33.9687 33.8144 -46.9638 -27.2062 9.0527 -38.4808 -13.5676 -46.7119 -32.6255 29.2285 -45.4051 -26.0154 2.7166 -36.8495 -2.3974 -48.6433 -31.1309 23.3746 -43.4273 -23.9773 -14.3743 -35.8815 30.2490 -48.6183 -27.7519
-48.3413 31.6843 -35.7699 -16.2160 -23.8354 -43.3713 23.3746 -31.1736 -48.6035 -3.7734 -37.0057 3.5778 -26.1585 -45.6198 29.9324 -32.8168 -46.1973 -14.4722 -38.7125 9.7950 -27.3795 -47.1705 34.2669 -34.1581 -39.7996 -19.1653 -40.3717 14.5579 -28.6329 -48.3880 33.6156 -35.3575 -26.3206 -22.2656 -42.0582 19.1743 -29.9293 -48.9757 19.8366 -36.2611 -8.1700 -24.5125 -43.7585 24.0678 -31.2718 -48.5994 -3.1407 -36.8942 2.8455 -26.7727 -48.3663 -26.7727 2.8455 -36.8942 -3.1407 -48.5994 -31.2718 24.0678 -43.7585 -24.5125 -8.1700 -36.2611 19.8366 -48.9757 -29.9293 19.1743 -42.0582 -22.2656 -26.3206 -35.3575 33.6156 -48.3880 -28.6329 14.5579 -40.3717 -19.1653 -39.7996 -34.1581 34.2669 -47.1705 -27.3795 9.7950 -38.7125 -14.4722 -46.1973 -32.8168 29.9324 -45.6198 -26.1585 3.5778 -37.0057 -3.7734 -48.6035 -31.1736 23.3746 -43.3713 -23.8354 -16.2160 -35.7699 31.6843 -48.3413
25.2892 -35.3996 -18.7581 -23.5830 -43.2144 23.0545 -31.1309 -48.6035 -4.2447 -37.0949 4.1456 -26.2700 -45.7997 30.5509 -32.9923 -45.6296 -15.2869 -38.9453 10.5084 -27.5537 -47.3679 34.6209 -34.3403 -38.3605 -19.6836 -40.6177 15.2309 -28.8210 -48.5266 32.6331 -35.5182 -23.6335 -22.6447 -42.3117 19.8741 -30.1260 -48.9780 16.2792 -36.3543 -5.9755 -24.7862 -44.0075 24.8313 -31.4729 -48.4686 -5.4001 -37.1266 3.9586 -26.2209 -45.6345 30.1299 -45.6345 -26.2209 3.9586 -37.1266 -5.4001 -48.4686 -31.4729 24.8313 -44.0075 -24.7862 -5.9755 -36.3543 16.2792 -48.9780 -30.1260 19.8741 -42.3117 -22.6447 -23.6335 -35.5182 32.6331 -48.5266 -28.8210 15.2309 -40.6177 -19.6836 -38.3605 -34.3403 34.6209 -47.3679 -27.5537 10.5084 -38.9453 -15.2869 -45.6296 -32.9923 30.5509 -45.7997 -26.2700 4.1456 -37.0949 -4.2447 -48.6035 -31.1309 23.0545 -43.2144 -23.5830 -18.7581 -35.3996 25.2892
-35.2363 -21.5659 -23.2654 -42.9953 22.5036 -31.0149 -48.6433 -3.7734 -37.0949 4.3447 -26.3322 -45.9205 31.0159 -33.1356 -45.0734 -15.9741 -39.1659 11.1858 -27.7268 -47.5587 34.8650 -34.5196 -36.7799 -20.1683 -40.8581 15.8934 -29.0063 -48.6471 31.3390 -35.6685 -20.8301 -23.0086 -42.5651 20.5880 -30.3246 -48.9507 12.5335 -36.4361 -4.0071 -25.0444 -44.2579 25.5931 -31.6746 -48.2945 -7.3368 -37.3578 4.9770 -26.3741 -45.8858 31.5351 -36.7959 31.5351 -45.8858 -26.3741 4.9770 -37.3578 -7.3368 -48.2945 -31.6746 25.5931 -44.2579 -25.0444 -4.0071 -36.4361 12.5335 -48.9507 -30.3246 20.5880 -42.5651 -23.0086 -20.8301 -35.6685 31.3390 -48.6471 -29.0063 15.8934 -40.8581 -20.1683 -36.7799 -34.5196 34.8650 -47.5587 -27.7268 11.1858 -39.1659 -15.9741 -45.0734 -33.1356 31.0159 -45.9205 -26.3322 4.3447 -37.0949 -3.7734 -48.6433 -31.0149 22.5036 -42.9953 -23.2654 -21.5659 -35.2363
-26.3942 -22.9177 -42.7522 21.8365 -30.8514 -48.6993 -2.3974 -37.0057 4.1456 -26.3322 -45.9630 31.2642 -33.2297 -44.6083 -16.4958 -39.3571 11.7924 -27.8910 -47.7374 34.9778 -34.6957 -35.0311 -20.6293 -41.0991 16.5486 -29.1912 -48.7503 29.7366 -35.8077 -18.0484 -23.3525 -42.8149 21.3078 -30.5210 -48.8920 8.6935 -36.4971 -2.2447 -25.2850 -44.5078 26.3673 -31.8783 -48.0693 -8.9872 -37.5932 5.9189 -26.5487 -46.1302 31.4776 -34.2879 -11.3605 -34.2879 31.4776 -46.1302 -26.5487 5.9189 -37.5932 -8.9872 -48.0693 -31.8783 26.3673 -44.5078 -25.2850 -2.2447 -36.4971 8.6935 -48.8920 -30.5210 21.3078 -42.8149 -23.3525 -18.0484 -35.8077 29.7366 -48.7503 -29.1912 16.5486 -41.0991 -20.6293 -35.0311 -34.6957 34.9778 -47.7374 -27.8910 11.7924 -39.3571 -16.4958 -44.6083 -33.2297 31.2642 -45.9630 -26.3322 4.1456 -37.0057 -2.3974 -48.6993 -30.8514 21.8365 -42.7522 -22.9177 -26.3942
-21.5366 -42.4992 21.1204 -30.6656 -48.7522 -0.2212 -36.8495 3.5778 -26.2700 -45.9205 31.2642 -33.2619 -44.3380 -16.8283 -39.5017 12.2756 -28.0321 -47.8914 34.9478 -34.8609 -33.1356 -21.0687 -41.3407 17.2062 -29.3770 -48.8369 27.7720 -35.9381 -15.3308 -23.6735 -43.0611 22.0174 -30.7147 -48.8045 5.0623 -36.5425 -0.6861 -25.5094 -44.7536 27.1473 -32.0797 -47.7894 -10.4357 -37.8297 6.8167 -26.7228 -46.3606 32.1793 -33.4806 -43.1017 -25.8172 -43.1017 -33.4806 32.1793 -46.3606 -26.7228 6.8167 -37.8297 -10.4357 -47.7894 -32.0797 27.1473 -44.7536 -25.5094 -0.6861 -36.5425 5.0623 -48.8045 -30.7147 22.0174 -43.0611 -23.6735 -15.3308 -35.9381 27.7720 -48.8369 -29.3770 17.2062 -41.3407 -21.0687 -33.1356 -34.8609 34.9478 -47.8914 -28.0321 12.2756 -39.5017 -16.8283 -44.3380 -33.2619 31.2642 -45.9205 -26.2700 3.5778 -36.8495 -0.2212 -48.7522 -30.6656 21.1204 -42.4992 -21.5366
-42.4919 20.4014 -30.4714 -48.8272 2.6244 -36.6679 2.7166 -26.1585 -45.7997 31.0159 -33.2297 -44.3380 -16.9428 -39.5792 12.5919 -28.1371 -48.0080 34.8039 -35.0043 -31.2234 -21.4702 -41.5788 17.8659 -29.5639 -48.9052 25.4210 -36.0596 -12.7006 -23.9787 -43.3042 22.7268 -30.9075 -48.7335 1.8270 -36.5813 0.6940 -25.7125 -44.9971 27.9196 -32.2816 -47.4528 -11.7067 -38.0673 7.6679 -26.8986 -46.5843 32.8293 -33.6286 -43.0694 -18.2829 -43.0983 -18.2829 -43.0694 -33.6286 32.8293 -46.5843 -26.8986 7.6679 -38.0673 -11.7067 -47.4528 -32.2816 27.9196 -44.9971 -25.7125 0.6940 -36.5813 1.8270 -48.7335 -30.9075 22.7268 -43.3042 -23.9787 -12.7006 -36.0596 25.4210 -48.9052 -29.5639 17.8659 -41.5788 -21.4702 -31.2234 -35.0043 34.8039 -48.0080 -28.1371 12.5919 -39.5792 -16.9428 -44.3380 -33.2297 31.0159 -45.7997 -26.1585 2.7166 -36.6679 2.6244 -48.8272 -30.4714 20.4014 -42.4919
19.9746 -30.2243 -48.9110 5.9907 -36.5671 1.6224 -26.0154 -45.6198 30.5509 -33.1356 -44.6083 -16.8283 -39.5792 12.7061 -28.1948 -48.0835 34.6228 -35.1153 -29.4951 -21.8092 -41.7966 18.4934 -29.7450 -48.9527 22.6771 -36.1714 -10.2173 -24.2694 -43.5469 23.4444 -31.1009 -48.6760 -1.0311 -36.7100 1.9289 -25.8943 -45.2350 28.6772 -32.4810 -47.0518 -12.8215 -38.3062 8.4809 -27.0759 -46.8056 33.4178 -33.8249 -41.9882 -18.1631 -40.1597 25.4641 -40.1597 -18.1631 -41.9882 -33.8249 33.4178 -46.8056 -27.0759 8.4809 -38.3062 -12.8215 -47.0518 -32.4810 28.6772 -45.2350 -25.8943 1.9289 -36.7100 -1.0311 -48.6760 -31.1009 23.4444 -43.5469 -24.2694 -10.2173 -36.1714 22.6771 -48.9527 -29.7450 18.4934 -41.7966 -21.8092 -29.4951 -35.1153 34.6228 -48.0835 -28.1948 12.7061 -39.5792 -16.8283 -44.6083 -33.1356 30.5509 -45.6198 -26.0154 1.6224 -36.5671 5.9907 -48.9110 -30.2243 19.9746
-29.1719 -48.9609 9.6856 -36.5356 0.3570 -25.8492 -45.4051 29.9324 -32.9923 -45.0734 -16.4958 -39.5017 12.5919 -28.1948 -48.1113 34.4934 -35.1864 -28.1771 -22.0662 -41.9777 19.0412 -29.9108 -48.9787 19.6998 -36.2710 -7.9221 -24.5456 -43.7890 24.1699 -31.2947 -48.5837 -3.5059 -36.9320 3.0590 -26.0628 -45.4676 29.4183 -32.6755 -46.5868 -13.8085 -38.5403 9.2522 -27.2508 -47.0194 33.9371 -34.0186 -40.7757 -18.7521 -40.1862 14.7148 -33.5170 14.7148 -40.1862 -18.7521 -40.7757 -34.0186 33.9371 -47.0194 -27.2508 9.2522 -38.5403 -13.8085 -46.5868 -32.6755 29.4183 -45.4676 -26.0628 3.0590 -36.9320 -3.5059 -48.5837 -31.2947 24.1699 -43.7890 -24.5456 -7.9221 -36.2710 19.6998 -48.9787 -29.9108 19.0412 -41.9777 -22.0662 -28.1771 -35.1864 34.4934 -48.1113 -28.1948 12.5919 -39.5017 -16.4958 -45.0734 -32.9923 29.9324 -45.4051 -25.8492 0.3570 -36.5356 9.6856 -48.9609 -29.1719
-48.8132 13.4483 -36.4847 -1.0630 -25.6617 -45.1748 29.2285 -32.8168 -45.6296 -15.9741 -39.3571 12.2756 -28.1371 -48.0835 34.4934 -35.2117 -27.4486 -22.2297 -42.1107 19.4767 -30.0490 -48.9844 16.7322 -36.3534 -5.9192 -24.8032 -44.0306 24.9027 -31.4890 -48.4533 -5.6326 -37.1554 4.1017 -26.2274 -45.6979 30.1491 -32.8694 -46.0523 -14.6916 -38.7722 9.9802 -27.4242 -47.2218 34.3673 -34.2053 -39.4319 -19.3002 -40.4363 14.7297 -29.6503 -47.8852 -29.6503 14.7297 -40.4363 -19.3002 -39.4319 -34.2053 34.3673 -47.2218 -27.4242 9.9802 -38.7722 -14.6916 -46.0523 -32.8694 30.1491 -45.6979 -26.2274 4.1017 -37.1554 -5.6326 -48.4533 -31.4890 24.9027 -44.0306 -24.8032 -5.9192 -36.3534 16.7322 -48.9844 -30.0490 19.4767 -42.1107 -22.2297 -27.4486 -35.2117 34.4934 -48.0835 -28.1371 12.2756 -39.3571 -15.9741 -45.6296 -32.8168 29.2285 -45.1748 -25.6617 -1.0630 -36.4847 13.4483 -48.8132
4.7799 -36.0958 -2.6821 -25.4530 -44.9361 28.4855 -32.6255 -46.1973 -15.2869 -39.1659 11.7924 -28.0321 -48.0080 34.6228 -35.1864 -27.4486 -22.2882 -42.1837 19.7676 -30.1497 -48.9770 14.1130 -36.4156 -4.2905 -25.0278 -44.2582 25.6231 -31.6830 -48.2810 -7.4630 -37.3800 5.0716 -26.3932 -45.9254 30.8640 -33.0626 -45.4356 -15.4994 -39.0053 10.6890 -27.5987 -47.4176 34.6950 -34.3867 -37.9697 -19.8106 -40.6796 15.4071 -28.9017 -48.3277 -11.3030 -48.3277 -28.9017 15.4071 -40.6796 -19.8106 -37.9697 -34.3867 34.6950 -47.4176 -27.5987 10.6890 -39.0053 -15.4994 -45.4356 -33.0626 30.8640 -45.9254 -26.3932 5.0716 -37.3800 -7.4630 -48.2810 -31.6830 25.6231 -44.2582 -25.0278 -4.2905 -36.4156 14.1130 -48.9770 -30.1497 19.7676 -42.1837 -22.2882 -27.4486 -35.1864 34.6228 -48.0080 -28.0321 11.7924 -39.1659 -15.2869 -46.1973 -32.6255 28.4855 -44.9361 -25.4530 -2.6821 -36.0958 4.7799
-36.3902 -4.4948 -25.2250 -44.6917 27.7251 -32.4291 -46.7119 -14.4722 -38.9453 11.1858 -27.8910 -47.8914 34.8039 -35.1153 -28.1771 -22.2297 -42.1837 19.8735 -30.2057 -48.9655 12.1672 -36.4585 -3.0445 -25.2109 -44.4579 26.2857 -31.8670 -48.0690 -9.0303 -37.6059 5.9809 -26.5602 -46.1499 31.5561 -33.2549 -44.7286 -16.2435 -39.2395 11.3822 -27.7744 -47.6066 34.9075 -34.5652 -36.3466 -20.2890 -40.9201 16.0617 -29.0537 -48.6523 29.7159 -38.2494 29.7159 -48.6523 -29.0537 16.0617 -40.9201 -20.2890 -36.3466 -34.5652 34.9075 -47.6066 -27.7744 11.3822 -39.2395 -16.2435 -44.7286 -33.2549 31.5561 -46.1499 -26.5602 5.9809 -37.6059 -9.0303 -48.0690 -31.8670 26.2857 -44.4579 -25.2109 -3.0445 -36.4585 12.1672 -48.9655 -30.2057 19.8735 -42.1837 -22.2297 -28.1771 -35.1153 34.8039 -47.8914 -27.8910 11.1858 -38.9453 -14.4722 -46.7119 -32.4291 27.7251 -44.6917 -25.2250 -4.4948 -36.3902
-7.9928 -24.9861 -44.4432 26.9440 -32.2301 -47.1592 -13.5676 -38.7125 10.5084 -27.7268 -47.7374 34.9478 -35.0043 -29.4951 -22.0662 -42.1107 19.7676 -30.2057 -48.9592 11.1083 -36.4807 -2.2026 -25.3488 -44.6252 26.8620 -32.0295 -47.8306 -10.3436 -37.8259 6.8279 -26.7285 -46.3708 32.2177 -33.4461 -43.9226 -16.9330 -39.4747 12.0631 -27.9514 -47.7880 34.9837 -34.7404 -34.5533 -20.7443 -41.1612 16.7174 -29.2388 -48.7742 29.3033 -36.2784 9.0218 -36.2784 29.3033 -48.7742 -29.2388 16.7174 -41.1612 -20.7443 -34.5533 -34.7404 34.9837 -47.7880 -27.9514 12.0631 -39.4747 -16.9330 -43.9226 -33.4461 32.2177 -46.3708 -26.7285 6.8279 -37.8259 -10.3436 -47.8306 -32.0295 26.8620 -44.6252 -25.3488 -2.2026 -36.4807 11.1083 -48.9592 -30.2057 19.7676 -42.1107 -22.0662 -29.4951 -35.0043 34.9478 -47.7374 -27.7268 10.5084 -38.7125 -13.5676 -47.1592 -32.2301 26.9440 -44.4432 -24.9861 -7.9928
-23.4034 -44.1934 26.1668 -32.0287 -47.5433 -12.5540 -38.4808 9.7950 -27.5537 -47.5587 34.9778 -34.8609 -31.2234 -21.8092 -41.9777 19.4767 -30.1497 -48.9655 11.1083 -36.4863 -1.7733 -25.4338 -44.7467 27.3189 -32.1619 -47.5914 -11.3906 -38.0276 7.5865 -26.8907 -46.5848 32.8393 -33.6360 -43.0081 -17.5756 -39.7108 12.7342 -28.1295 -47.9610 34.8996 -34.9117 -32.5834 -21.1784 -41.4029 17.3759 -29.4250 -48.8563 27.2049 -36.0079 -12.0077 -29.9508 -12.0077 -36.0079 27.2049 -48.8563 -29.4250 17.3759 -41.4029 -21.1784 -32.5834 -34.9117 34.8996 -47.9610 -28.1295 12.7342 -39.7108 -17.5756 -43.0081 -33.6360 32.8393 -46.5848 -26.8907 7.5865 -38.0276 -11.3906 -47.5914 -32.1619 27.3189 -44.7467 -25.4338 -1.7733 -36.4863 11.1083 -48.9655 -30.1497 19.4767 -41.9777 -21.8092 -31.2234 -34.8609 34.9778 -47.5587 -27.5537 9.7950 -38.4808 -12.5540 -47.5433 -32.0287 26.1668 -44.1934 -23.4034
-44.0627 25.3997 -31.8250 -47.8675 -11.3922 -38.2443 9.0527 -27.3795 -47.3679 34.8650 -34.6957 -33.1356 -21.4702 -41.7966 19.0412 -30.0490 -48.9770 12.1672 -36.4807 -1.7733 -25.4624 -44.8106 27.6060 -32.2571 -47.3857 -12.1576 -38.2011 8.2373 -27.0372 -46.7795 33.3867 -33.8216 -41.9752 -18.1771 -39.9480 13.3982 -28.3088 -48.1248 34.6291 -35.0789 -30.4352 -21.5929 -41.6451 18.0382 -29.6122 -48.9195 24.7528 -36.0894 -12.0633 -24.7468 -46.8343 -24.7468 -12.0633 -36.0894 24.7528 -48.9195 -29.6122 18.0382 -41.6451 -21.5929 -30.4352 -35.0789 34.6291 -48.1248 -28.3088 13.3982 -39.9480 -18.1771 -41.9752 -33.8216 33.3867 -46.7795 -27.0372 8.2373 -38.2011 -12.1576 -47.3857 -32.2571 27.6060 -44.8106 -25.4624 -1.7733 -36.4807 12.1672 -48.9770 -30.0490 19.0412 -41.7966 -21.4702 -33.1356 -34.6957 34.8650 -47.3679 -27.3795 9.0527 -38.2443 -11.3922 -47.8675 -31.8250 25.3997 -44.0627
24.9186 -31.5454 -48.1329 -10.0779 -38.0057 8.2738 -27.2062 -47.1705 34.6209 -34.5196 -35.0311 -21.0687 -41.5788 18.4934 -29.9108 -48.9844 14.1130 -36.4585 -2.2026 -25.4338 -44.8106 27.7023 -32.3069 -47.2442 -12.6636 -38.3334 8.7511 -27.1640 -46.9468 33.8281 -33.9907 -40.8657 -18.7348 -40.1860 14.0570 -28.4893 -48.2783 34.1438 -35.2412 -28.1135 -21.9892 -41.8878 18.7055 -29.8003 -48.9620 21.9095 -36.1984 -9.6080 -24.3563 -43.7311 35.4125 -43.7311 -24.3563 -9.6080 -36.1984 21.9095 -48.9620 -29.8003 18.7055 -41.8878 -21.9892 -28.1135 -35.2412 34.1438 -48.2783 -28.4893 14.0570 -40.1860 -18.7348 -40.8657 -33.9907 33.8281 -46.9468 -27.1640 8.7511 -38.3334 -12.6636 -47.2442 -32.3069 27.7023 -44.8106 -25.4338 -2.2026 -36.4585 14.1130 -48.9844 -29.9108 18.4934 -41.5788 -21.0687 -35.0311 -34.5196 34.6209 -47.1705 -27.2062 8.2738 -38.0057 -10.0779 -48.1329 -31.5454 24.9186
-30.6385 -48.3433 -8.5921 -37.7683 7.4511 -27.0303 -46.9638 34.2669 -34.3403 -36.7799 -20.6293 -41.3407 17.8659 -29.7450 -48.9787 16.7322 -36.4156 -3.0445 -25.3488 -44.7467 27.6060 -32.3069 -47.1932 -12.9263 -38.4168 9.1047 -27.2629 -47.0819 34.1602 -34.1346 -39.7825 -19.2173 -40.4119 14.6957 -28.6700 -48.4205 33.4130 -35.3982 -25.6326 -22.3683 -42.1308 19.3786 -29.9894 -48.9815 18.7026 -36.2963 -7.3651 -24.6143 -43.8474 25.1367 -35.7158 25.1367 -43.8474 -24.6143 -7.3651 -36.2963 18.7026 -48.9815 -29.9894 19.3786 -42.1308 -22.3683 -25.6326 -35.3982 33.4130 -48.4205 -28.6700 14.6957 -40.4119 -19.2173 -39.7825 -34.1346 34.1602 -47.0819 -27.2629 9.1047 -38.4168 -12.9263 -47.1932 -32.3069 27.6060 -44.7467 -25.3488 -3.0445 -36.4156 16.7322 -48.9787 -29.7450 17.8659 -41.3407 -20.6293 -36.7799 -34.3403 34.2669 -46.9638 -27.0303 7.4511 -37.7683 -8.5921 -48.3433 -30.6385
-48.6314 -6.8768 -37.5319 6.5880 -26.8535 -46.7487 33.8144 -34.1581 -38.3605 -20.1683 -41.0991 17.2062 -29.5639 -48.9527 19.6998 -36.3534 -4.2905 -25.2109 -44.6252 27.3189 -32.2571 -47.2442 -12.9263 -38.4465 9.2864 -27.3248 -47.1769 34.3834 -34.2524 -38.7821 -19.6123 -40.6110 15.2768 -28.8414 -48.5473 32.4213 -35.5493 -23.0193 -22.7310 -42.3740 20.0582 -30.1793 -48.9755 15.2027 -36.3820 -5.3311 -24.8721 -44.0925 25.0885 -32.6548 -33.2084 -32.6548 25.0885 -44.0925 -24.8721 -5.3311 -36.3820 15.2027 -48.9755 -30.1793 20.0582 -42.3740 -22.7310 -23.0193 -35.5493 32.4213 -48.5473 -28.8414 15.2768 -40.6110 -19.6123 -38.7821 -34.2524 34.3834 -47.1769 -27.3248 9.2864 -38.4465 -12.9263 -47.2442 -32.2571 27.3189 -44.6252 -25.2109 -4.2905 -36.3534 19.6998 -48.9527 -29.5639 17.2062 -41.0991 -20.1683 -38.3605 -34.1581 33.8144 -46.7487 -26.8535 6.5880 -37.5319 -6.8768 -48.6314
-9.3175 -37.2994 5.6877 -26.6784 -46.5285 33.2753 -33.9687 -39.7996 -19.6836 -40.8581 16.5486 -29.3770 -48.9052 22.6771 -36.2710 -5.9192 -25.0278 -44.4579 26.8620 -32.1619 -47.3857 -12.6636 -38.4168 9.2864 -27.3459 -47.2255 34.5097 -34.3355 -37.9472 -19.9291 -40.7826 15.7813 -28.9937 -48.6517 31.2123 -35.6879 -20.3543 -23.0781 -42.6174 20.7450 -30.3702 -48.9416 11.5345 -36.4541 -3.5015 -25.1150 -44.3328 25.8330 -31.7806 -47.9944 -22.3040 -47.9944 -31.7806 25.8330 -44.3328 -25.1150 -3.5015 -36.4541 11.5345 -48.9416 -30.3702 20.7450 -42.6174 -23.0781 -20.3543 -35.6879 31.2123 -48.6517 -28.9937 15.7813 -40.7826 -19.9291 -37.9472 -34.3355 34.5097 -47.2255 -27.3459 9.2864 -38.4168 -12.6636 -47.3857 -32.1619 26.8620 -44.4579 -25.0278 -5.9192 -36.2710 22.6771 -48.9052 -29.3770 16.5486 -40.8581 -19.6836 -39.7996 -33.9687 33.2753 -46.5285 -26.6784 5.6877 -37.2994 -9.3175
-37.7992 4.7190 -26.5035 -46.3010 32.6649 -33.7755 -41.1049 -19.1653 -40.6177 15.8934 -29.1912 -48.8369 25.4210 -36.1714 -7.9221 -24.8032 -44.2582 26.2857 -32.0295 -47.5914 -12.1576 -38.3334 9.1047 -27.3248 -47.2255 34.5513 -34.3755 -37.4087 -20.1482 -40.9167 16.2021 -29.1255 -48.7326 29.8872 -35.8067 -17.8502 -23.3964 -42.8573 21.4396 -30.5617 -48.8766 7.8692 -36.5113 -1.8598 -25.3426 -44.5720 26.5786 -31.9286 -48.0002 -10.7505 -40.7885 -10.7505 -48.0002 -31.9286 26.5786 -44.5720 -25.3426 -1.8598 -36.5113 7.8692 -48.8766 -30.5617 21.4396 -42.8573 -23.3964 -17.8502 -35.8067 29.8872 -48.7326 -29.1255 16.2021 -40.9167 -20.1482 -37.4087 -34.3755 34.5513 -47.2255 -27.3248 9.1047 -38.3334 -12.1576 -47.5914 -32.0295 26.2857 -44.2582 -24.8032 -7.9221 -36.1714 25.4210 -48.8369 -29.1912 15.8934 -40.6177 -19.1653 -41.1049 -33.7755 32.6649 -46.3010 -26.5035 4.7190 -37.7992
3.1740 -26.3453 -46.0696 32.0041 -33.5804 -42.2694 -18.6075 -40.3717 15.2309 -29.0063 -48.7503 27.7720 -36.0596 -10.2173 -24.5456 -44.0306 25.6231 -31.8670 -47.8306 -11.3906 -38.2011 8.7511 -27.2629 -47.1769 34.5097 -34.3755 -37.2248 -20.2559 -40.9993 16.5018 -29.2286 -48.7926 28.5456 -35.9069 -15.6419 -23.6700 -43.0798 22.1120 -30.7513 -48.7922 4.3871 -36.5522 -0.3841 -25.5544 -44.8098 27.3270 -32.1235 -47.7154 -10.7523 -38.1356 19.2153 -38.1356 -10.7523 -47.7154 -32.1235 27.3270 -44.8098 -25.5544 -0.3841 -36.5522 4.3871 -48.7922 -30.7513 22.1120 -43.0798 -23.6700 -15.6419 -35.9069 28.5456 -48.7926 -29.2286 16.5018 -40.9993 -20.2559 -37.2248 -34.3755 34.5097 -47.1769 -27.2629 8.7511 -38.2011 -11.3906 -47.8306 -31.8670 25.6231 -44.0306 -24.5456 -10.2173 -36.0596 27.7720 -48.7503 -29.0063 15.2309 -40.3717 -18.6075 -42.2694 -33.5804 32.0041 -46.0696 -26.3453 3.1740
-24.8573 -45.8345 31.3031 -33.3809 -43.3093 -18.0081 -40.1229 14.5579 -28.8210 -48.6471 29.7366 -35.9381 -12.7006 -24.2694 -43.7890 24.9027 -31.6830 -48.0690 -10.3436 -38.0276 8.2373 -27.1640 -47.0819 34.3834 -34.3355 -37.4087 -20.2559 -41.0268 16.6518 -29.2923 -48.8310 27.3651 -35.9878 -13.7481 -23.9010 -43.2742 22.7205 -30.9277 -48.7266 1.2673 -36.6057 0.9490 -25.7498 -45.0461 28.0758 -32.3184 -47.3753 -11.9502 -38.1203 8.6538 -32.2730 8.6538 -38.1203 -11.9502 -47.3753 -32.3184 28.0758 -45.0461 -25.7498 0.9490 -36.6057 1.2673 -48.7266 -30.9277 22.7205 -43.2742 -23.9010 -13.7481 -35.9878 27.3651 -48.8310 -29.2923 16.6518 -41.0268 -20.2559 -37.4087 -34.3355 34.3834 -47.0819 -27.1640 8.2373 -38.0276 -10.3436 -48.0690 -31.6830 24.9027 -43.7890 -24.2694 -12.7006 -35.9381 29.7366 -48.6471 -28.8210 14.5579 -40.1229 -18.0081 -43.3093 -33.3809 31.3031 -45.8345 -24.8573
-45.6032 30.5690 -33.1829 -44.2216 -17.3700 -39.8779 13.8817 -28.6329 -48.5266 31.3390 -35.8077 -15.3308 -23.9787 -43.5469 24.1699 -31.4890 -48.2810 -9.0303 -37.8259 7.5865 -27.0372 -46.9468 34.1602 -34.2524 -37.9472 -20.1482 -40.9993 16.6518 -29.3135 -48.8488 26.5786 -36.0431 -12.3093 -24.0899 -43.4409 23.2528 -31.0812 -48.6749 -1.2957 -36.7446 2.1451 -25.9275 -45.2804 28.8219 -32.5130 -46.9723 -13.0107 -38.3501 8.6304 -27.9596 -48.8364 -27.9596 8.6304 -38.3501 -13.0107 -46.9723 -32.5130 28.8219 -45.2804 -25.9275 2.1451 -36.7446 -1.2957 -48.6749 -31.0812 23.2528 -43.4409 -24.0899 -12.3093 -36.0431 26.5786 -48.8488 -29.3135 16.6518 -40.9993 -20.1482 -37.9472 -34.2524 34.1602 -46.9468 -27.0372 7.5865 -37.8259 -9.0303 -48.2810 -31.4890 24.1699 -43.5469 -23.9787 -15.3308 -35.8077 31.3390 -48.5266 -28.6329 13.8817 -39.8779 -17.3700 -44.2216 -33.1829 30.5690 -45.6032
29.6646 -32.8714 -45.0135 -16.6914 -39.6312 13.1942 -28.4435 -48.3880 32.6331 -35.6685 -18.0484 -23.6735 -43.3042 23.4444 -31.2947 -48.4533 -7.4630 -37.6059 6.8279 -26.8907 -46.7795 33.8281 -34.1346 -38.7821 -19.9291 -40.9167 16.5018 -29.2923 -48.8488 26.3061 -36.0701 -11.4473 -24.2217 -43.5727 23.6964 -31.2101 -48.6109 -3.2427 -36.9319 3.1514 -26.0847 -45.5069 29.5530 -32.7073 -46.5002 -13.9667 -38.5811 9.3824 -27.3126 -46.8515 10.4608 -46.8515 -27.3126 9.3824 -38.5811 -13.9667 -46.5002 -32.7073 29.5530 -45.5069 -26.0847 3.1514 -36.9319 -3.2427 -48.6109 -31.2101 23.6964 -43.5727 -24.2217 -11.4473 -36.0701 26.3061 -48.8488 -29.2923 16.5018 -40.9167 -19.9291 -38.7821 -34.1346 33.8281 -46.7795 -26.8907 6.8279 -37.6059 -7.4630 -48.4533 -31.2947 23.4444 -43.3042 -23.6735 -18.0484 -35.6685 32.6331 -48.3880 -28.4435 13.1942 -39.6312 -16.6914 -45.0135 -32.8714 29.6646
-32.1347 -45.7114 -15.9527 -39.3854 12.5000 -28.2559 -48.2366 33.6156 -35.5182 -20.8301 -23.3525 -43.0611 22.7268 -31.1009 -48.5837 -5.6326 -37.3800 5.9809 -26.7285 -46.5848 33.3867 -33.9907 -39.7825 -19.6123 -40.7826 16.2021 -29.2286 -48.8310 26.5786 -36.0701 -11.1644 -24.2868 -43.6558 24.0179 -31.3127 -48.5435 -4.7016 -37.0914 3.9578 -26.2213 -45.7114 30.2318 -32.8949 -45.9604 -14.8359 -38.8133 10.1067 -27.4589 -47.2497 34.9296 -37.3253 34.9296 -47.2497 -27.4589 10.1067 -38.8133 -14.8359 -45.9604 -32.8949 30.2318 -45.7114 -26.2213 3.9578 -37.0914 -4.7016 -48.5435 -31.3127 24.0179 -43.6558 -24.2868 -11.1644 -36.0701 26.5786 -48.8310 -29.2286 16.2021 -40.7826 -19.6123 -39.7825 -33.9907 33.3867 -46.5848 -26.7285 5.9809 -37.3800 -5.6326 -48.5837 -31.1009 22.7268 -43.0611 -23.3525 -20.8301 -35.5182 33.6156 -48.2366 -28.2559 12.5000 -39.3854 -15.9527 -45.7114 -32.1347
-46.7724 -15.1540 -39.1430 11.8036 -28.0694 -48.0736 34.3058 -35.3575 -23.6335 -23.0086 -42.8149 22.0174 -30.9075 -48.6760 -3.5059 -37.1554 5.0716 -26.5602 -46.3708 32.8393 -33.8216 -40.8657 -19.2173 -40.6110 15.7813 -29.1255 -48.7926 27.3651 -36.0431 -11.4473 -24.2868 -43.6834 24.1845 -31.3793 -48.4846 -5.7736 -37.2258 4.6090 -26.3395 -45.8871 30.8238 -33.0654 -45.3782 -15.5993 -39.0432 10.8125 -27.6337 -47.4559 34.7540 -35.2905 0.5610 -35.2905 34.7540 -47.4559 -27.6337 10.8125 -39.0432 -15.5993 -45.3782 -33.0654 30.8238 -45.8871 -26.3395 4.6090 -37.2258 -5.7736 -48.4846 -31.3793 24.1845 -43.6834 -24.2868 -11.4473 -36.0431 27.3651 -48.7926 -29.1255 15.7813 -40.6110 -19.2173 -40.8657 -33.8216 32.8393 -46.3708 -26.5602 5.0716 -37.1554 -3.5059 -48.6760 -30.9075 22.0174 -42.8149 -23.0086 -23.6335 -35.3575 34.3058 -48.0736 -28.0694 11.8036 -39.1430 -15.1540 -46.7724
-15.2749 -38.8994 11.0897 -27.8849 -47.8996 34.7404 -35.1940 -26.3206 -22.6447 -42.5651 21.3078 -30.7147 -48.7335 -1.0311 -36.9320 4.1017 -26.3932 -46.1499 32.2177 -33.6360 -41.9752 -18.7348 -40.4119 15.2768 -28.9937 -48.7326 28.5456 -35.9878 -12.3093 -24.2217 -43.6558 24.1845 -31.4015 -48.4511 -6.4248 -37.3253 5.1120 -26.4393 -46.0354 31.3220 -33.2139 -44.7927 -16.2439 -39.2574 11.4740 -27.8072 -47.6434 34.9343 -34.6503 -34.1410 -27.8113 -34.1410 -34.6503 34.9343 -47.6434 -27.8072 11.4740 -39.2574 -16.2439 -44.7927 -33.2139 31.3220 -46.0354 -26.4393 5.1120 -37.3253 -6.4248 -48.4511 -31.4015 24.1845 -43.6558 -24.2217 -12.3093 -35.9878 28.5456 -48.7326 -28.9937 15.2768 -40.4119 -18.7348 -41.9752 -33.6360 32.2177 -46.1499 -26.3932 4.1017 -36.9320 -1.0311 -48.7335 -30.7147 21.3078 -42.5651 -22.6447 -26.3206 -35.1940 34.7404 -47.8996 -27.8849 11.0897 -38.8994 -15.2749
-39.2229 10.3611 -27.7024 -47.7180 34.9499 -35.0253 -28.8334 -22.2656 -42.3117 20.5880 -30.5210 -48.8045 1.8270 -36.7100 3.0590 -26.2274 -45.9254 31.5561 -33.4461 -43.0081 -18.1771 -40.1860 14.6957 -28.8414 -48.6517 29.8872 -35.9069 -13.7481 -24.0899 -43.5727 24.0179 -31.3793 -48.4511 -6.6346 -37.3767 5.4291 -26.5132 -46.1537 31.7297 -33.3399 -44.2338 -16.7799 -39.4483 12.0569 -27.9691 -47.8158 34.9809 -34.7748 -34.1886 -21.5152 -44.7363 -21.5152 -34.1886 -34.7748 34.9809 -47.8158 -27.9691 12.0569 -39.4483 -16.7799 -44.2338 -33.3399 31.7297 -46.1537 -26.5132 5.4291 -37.3767 -6.6346 -48.4511 -31.3793 24.0179 -43.5727 -24.0899 -13.7481 -35.9069 29.8872 -48.6517 -28.8414 14.6957 -40.1860 -18.1771 -43.0081 -33.4461 31.5561 -45.9254 -26.2274 3.0590 -36.7100 1.8270 -48.8045 -30.5210 20.5880 -42.3117 -22.2656 -28.8334 -35.0253 34.9499 -47.7180 -27.7024 10.3611 -39.2229
9.5098 -27.5173 -47.5259 34.9712 -34.8480 -31.1974 -21.8653 -42.0582 19.8741 -30.3246 -48.8920 5.0623 -36.5813 1.9289 -26.0628 -45.6979 30.8640 -33.2549 -43.9226 -17.5756 -39.9480 14.0570 -28.6700 -48.5473 31.2123 -35.8067 -15.6419 -23.9010 -43.4409 23.6964 -31.3127 -48.4846 -6.4248 -37.3767 5.5334 -26.5515 -46.2298 32.0231 -33.4409 -43.7232 -17.2140 -39.6162 12.5642 -28.1116 -47.9635 34.8815 -34.9382 -32.2000 -21.2696 -41.6463 30.2703 -41.6463 -21.2696 -32.2000 -34.9382 34.8815 -47.9635 -28.1116 12.5642 -39.6162 -17.2140 -43.7232 -33.4409 32.0231 -46.2298 -26.5515 5.5334 -37.3767 -6.4248 -48.4846 -31.3127 23.6964 -43.4409 -23.9010 -15.6419 -35.8067 31.2123 -48.5473 -28.6700 14.0570 -39.9480 -17.5756 -43.9226 -33.2549 30.8640 -45.6979 -26.0628 1.9289 -36.5813 5.0623 -48.8920 -30.3246 19.8741 -42.0582 -21.8653 -31.1974 -34.8480 34.9712 -47.5259 -27.5173 9.5098
-26.1766 -47.3256 34.8293 -34.6682 -33.3655 -21.4470 -41.8074 19.1743 -30.1260 -48.9507 8.6935 -36.5425 0.6940 -25.8943 -45.4676 30.1491 -33.0626 -44.7286 -16.9330 -39.7108 13.3982 -28.4893 -48.4205 32.4213 -35.6879 -17.8502 -23.6700 -43.2742 23.2528 -31.2101 -48.5435 -5.7736 -37.3253 5.4291 -26.5515 -46.2552 32.1718 -33.5062 -43.3209 -17.5491 -39.7582 13.0006 -28.2343 -48.0861 34.6656 -35.0814 -30.2130 -21.6557 -41.6872 18.8531 -34.4361 18.8531 -41.6872 -21.6557 -30.2130 -35.0814 34.6656 -48.0861 -28.2343 13.0006 -39.7582 -17.5491 -43.3209 -33.5062 32.1718 -46.2552 -26.5515 5.4291 -37.3253 -5.7736 -48.5435 -31.2101 23.2528 -43.2742 -23.6700 -17.8502 -35.6879 32.4213 -48.4205 -28.4893 13.3982 -39.7108 -16.9330 -44.7286 -33.0626 30.1491 -45.4676 -25.8943 0.6940 -36.5425 8.6935 -48.9507 -30.1260 19.1743 -41.8074 -21.4470 -33.3655 -34.6682 34.8293 -47.3256 -26.1766
-47.0370 34.5453 -34.4844 -35.3416 -21.0076 -41.5545 18.4743 -29.9293 -48.9780 12.5335 -36.4971 -0.6861 -25.7125 -45.2350 29.4183 -32.8694 -45.4356 -16.2435 -39.4747 12.7342 -28.3088 -48.2783 33.4130 -35.5493 -20.3543 -23.3964 -43.0798 22.7205 -31.0812 -48.6109 -4.7016 -37.2258 5.1120 -26.5132 -46.2298 32.1718 -33.5279 -43.1044 -17.7604 -39.8632 13.3511 -28.3386 -48.1855 34.3732 -35.2026 -28.3557 -21.9944 -41.9108 18.7953 -30.8830 -44.8344 -30.8830 18.7953 -41.9108 -21.9944 -28.3557 -35.2026 34.3732 -48.1855 -28.3386 13.3511 -39.8632 -17.7604 -43.1044 -33.5279 32.1718 -46.2298 -26.5132 5.1120 -37.2258 -4.7016 -48.6109 -31.0812 22.7205 -43.0798 -23.3964 -20.3543 -35.5493 33.4130 -48.2783 -28.3088 12.7342 -39.4747 -16.2435 -45.4356 -32.8694 29.4183 -45.2350 -25.7125 -0.6861 -36.4971 12.5335 -48.9780 -29.9293 18.4743 -41.5545 -21.0076 -35.3416 -34.4844 34.5453 -47.0370
32.2493 -34.1384 -37.1305 -20.5464 -41.3027 17.7822 -29.7342 -48.9757 16.2792 -36.4361 -2.2447 -25.5094 -44.9971 28.6772 -32.6755 -46.0523 -15.4994 -39.2395 12.0631 -28.1295 -48.1248 34.1438 -35.3982 -23.0193 -23.0781 -42.8573 22.1120 -30.9277 -48.6749 -3.2427 -37.0914 4.6090 -26.4393 -46.1537 32.0231 -33.5062 -43.1044 -17.8297 -39.9175 13.5776 -28.4176 -48.2643 34.0459 -35.3016 -26.6806 -22.2773 -42.1053 19.3846 -30.0427 -48.8229 -17.1999 -48.8229 -30.0427 19.3846 -42.1053 -22.2773 -26.6806 -35.3016 34.0459 -48.2643 -28.4176 13.5776 -39.9175 -17.8297 -43.1044 -33.5062 32.0231 -46.1537 -26.4393 4.6090 -37.0914 -3.2427 -48.6749 -30.9277 22.1120 -42.8573 -23.0781 -23.0193 -35.3982 34.1438 -48.1248 -28.1295 12.0631 -39.2395 -15.4994 -46.0523 -32.6755 28.6772 -44.9971 -25.5094 -2.2447 -36.4361 16.2792 -48.9757 -29.7342 17.7822 -41.3027 -20.5464 -37.1305 -34.1384 32.2493
-33.6219 -38.7227 -20.0664 -41.0537 17.1010 -29.5382 -48.9470 19.8366 -36.3543 -4.0071 -25.2850 -44.7536 27.9196 -32.4810 -46.5868 -14.6916 -39.0053 11.3822 -27.9514 -47.9610 34.6291 -35.2412 -25.6326 -22.7310 -42.6174 21.4396 -30.7513 -48.7266 -1.2957 -36.9319 3.9578 -26.3395 -46.0354 31.7297 -33.4409 -43.3209 -17.7604 -39.9175 13.6530 -28.4589 -48.3154 33.7469 -35.3788 -25.2672 -22.5046 -42.2692 19.8810 -30.1533 -48.9420 11.7478 -38.9139 11.7478 -48.9420 -30.1533 19.8810 -42.2692 -22.5046 -25.2672 -35.3788 33.7469 -48.3154 -28.4589 13.6530 -39.9175 -17.7604 -43.3209 -33.4409 31.7297 -46.0354 -26.3395 3.9578 -36.9319 -1.2957 -48.7266 -30.7513 21.4396 -42.6174 -22.7310 -25.6326 -35.2412 34.6291 -47.9610 -27.9514 11.3822 -39.0053 -14.6916 -46.5868 -32.4810 27.9196 -44.7536 -25.2850 -4.0071 -36.3543 19.8366 -48.9470 -29.5382 17.1010 -41.0537 -20.0664 -38.7227 -33.6219
-41.2314 -19.5546 -40.8029 16.4157 -29.3445 -48.8942 23.0472 -36.2611 -5.9755 -25.0444 -44.5078 27.1473 -32.2816 -47.0518 -13.8085 -38.7722 10.6890 -27.7744 -47.7880 34.8996 -35.0789 -28.1135 -22.3683 -42.3740 20.7450 -30.5617 -48.7922 1.2673 -36.7446 3.1514 -26.2213 -45.8871 31.3220 -33.3399 -43.7232 -17.5491 -39.8632 13.5776 -28.4589 -48.3320 33.5681 -35.4296 -24.1900 -22.6803 -42.4020 20.2929 -30.2804 -48.9571 12.1171 -36.6708 13.2347 -36.6714 12.1187 -48.9571 -30.2815 20.2929 -42.4020 -22.6802 -24.1900 -35.4296 33.5681 -48.3320 -28.4589 13.5776 -39.8632 -17.5491 -43.7232 -33.3399 31.3220 -45.8871 -26.2213 3.1514 -36.7446 1.2673 -48.7922 -30.5617 20.7450 -42.3740 -22.3683 -28.1135 -35.0789 34.8996 -47.7880 -27.7744 10.6890 -38.7722 -13.8085 -47.0518 -32.2816 27.1473 -44.5078 -25.0444 -5.9755 -36.2611 23.0472 -48.8942 -29.3445 16.4157 -40.8029 -19.5546 -41.2314
-18.7347 -40.5528 15.7342 -29.1522 -48.8210 25.8217 -36.1551 -8.1700 -24.7862 -44.2579 26.3673 -32.0797 -47.4528 -12.8215 -38.5403 9.9802 -27.5987 -47.6066 34.9837 -34.9117 -30.4352 -21.9892 -42.1308 20.0582 -30.3702 -48.8766 4.3871 -36.6057 2.1451 -26.0847 -45.7114 30.8238 -33.2139 -44.2338 -17.2140 -39.7582 13.3511 -28.4176 -48.3154 33.5681 -35.4471 -23.5880 -22.7969 -42.5027 20.6251 -30.5004 -48.8489 9.7001 -36.5346 -0.5981 -31.1266 -0.5336 -36.5468 9.6705 -48.8491 -30.5133 20.6260 -42.4998 -22.7984 -23.5883 -35.4471 33.5681 -48.3154 -28.4176 13.3511 -39.7582 -17.2140 -44.2338 -33.2139 30.8238 -45.7114 -26.0847 2.1451 -36.6057 4.3871 -48.8766 -30.3702 20.0582 -42.1308 -21.9892 -30.4352 -34.9117 34.9837 -47.6066 -27.5987 9.9802 -38.5403 -12.8215 -47.4528 -32.0797 26.3673 -44.2579 -24.7862 -8.1700 -36.1551 25.8217 -48.8210 -29.1522 15.7342 -40.5528 -18.7347
-40.7155 15.0527 -28.9597 -48.7270 28.2006 -36.0381 -10.5904 -24.5125 -44.0075 25.5931 -31.8783 -47.7894 -11.7067 -38.3062 9.2522 -27.4242 -47.4176 34.9075 -34.7404 -32.5834 -21.5929 -41.8878 19.3786 -30.1793 -48.9416 7.8692 -36.5522 0.9490 -25.9275 -45.5069 30.2318 -33.0654 -44.7927 -16.7799 -39.6162 13.0006 -28.3386 -48.2643 33.7469 -35.4296 -23.5880 -22.8371 -42.5581 20.8547 -31.3605 -48.7027 -0.9462 -37.4657 3.2435 -27.3857 -48.0990 -28.2723 5.4727 -37.4299 -6.1465 -48.6846 -32.6260 22.2600 -42.5415 -22.8419 -23.5887 -35.4296 33.7469 -48.2643 -28.3386 13.0006 -39.6162 -16.7799 -44.7927 -33.0654 30.2318 -45.5069 -25.9275 0.9490 -36.5522 7.8692 -48.9416 -30.1793 19.3786 -41.8878 -21.5929 -32.5834 -34.7404 34.9075 -47.4176 -27.4242 9.2522 -38.3062 -11.7067 -47.7894 -31.8783 25.5931 -44.0075 -24.5125 -10.5904 -36.0381 28.2006 -48.7270 -28.9597 15.0527 -40.7155
14.4812 -28.7477 -48.6151 30.1580 -35.9120 -13.1784 -24.2253 -43.7585 24.8313 -31.6746 -48.0693 -10.4357 -38.0673 8.4809 -27.2508 -47.2218 34.6950 -34.5652 -34.5533 -21.1784 -41.6451 18.7055 -29.9894 -48.9755 11.5345 -36.5113 -0.3841 -25.7498 -45.2804 29.5530 -32.8949 -45.3782 -16.2439 -39.4483 12.5642 -28.2343 -48.1855 34.0459 -35.3788 -24.1900 -22.7969 -42.5581 20.9376 -31.3215 -45.6175 -21.1600 -41.4214 28.6435 -29.2601 -49.1246 -14.6427 -49.0315 -34.3070 18.4681 -44.9942 -25.5643 -10.1579 -37.2660 29.3593 -42.5258 -22.8020 -24.1904 -35.3788 34.0459 -48.1855 -28.2343 12.5642 -39.4483 -16.2439 -45.3782 -32.8949 29.5530 -45.2804 -25.7498 -0.3841 -36.5113 11.5345 -48.9755 -29.9894 18.7055 -41.6451 -21.1784 -34.5533 -34.5652 34.6950 -47.2218 -27.2508 8.4809 -38.0673 -10.4357 -48.0693 -31.6746 24.8313 -43.7585 -24.2253 -13.1784 -35.9120 30.1580 -48.6151 -28.7477 14.4812
-27.5424 -48.4889 31.7133 -35.7725 -15.9416 -23.9197 -43.5059 24.0678 -31.4729 -48.2945 -8.9872 -37.8297 7.6679 -27.0759 -47.0194 34.3673 -34.3867 -36.3466 -20.7443 -41.4029 18.0382 -29.8003 -48.9815 15.2027 -36.4541 -1.8598 -25.5544 -45.0461 28.8219 -32.7073 -45.9604 -15.5993 -39.2574 12.0569 -28.1116 -48.0861 34.3732 -35.3016 -25.2672 -22.6803 -42.5027 20.8545 -31.4107 13.5784 41.5852 -22.8201 -20.9787 -11.4795 -61.7519 15.7048 0.1439 32.1675 72.7111 23.1898 -40.9194 -60.5995 -56.4700 52.8492 -44.4188 28.8588 -42.4938 -22.6821 -25.2675 -35.3003 34.3727 -48.0866 -28.1108 12.0571 -39.2575 -15.5992 -45.9604 -32.7073 28.8219 -45.0462 -25.5539 -1.8596 -36.4541 15.2026 -48.9815 -29.8003 18.0382 -41.4029 -20.7443 -36.3466 -34.3867 34.3673 -47.0197 -27.0760 7.6679 -37.8297 -8.9870 -48.2945 -31.4716 24.0679 -43.5060 -23.9193 -15.9411 -35.7713 31.7134 -48.4895 -27.5433
-48.2034 32.9124 -35.6256 -18.7856 -23.5985 -43.2532 23.3140 -31.2718 -48.4686 -7.3368 -37.5932 6.8167 -26.8986 -46.8056 33.9371 -34.2053 -37.9697 -20.2890 -41.1612 17.3759 -29.6122 -48.9620 18.7026 -36.3820 -3.5015 -25.3426 -44.8098 28.0758 -32.5130 -46.5002 -14.8359 -39.0432 11.4740 -27.9691 -47.9635 34.6656 -35.2026 -26.6806 -22.5046 -42.4020 20.6245 -31.4272 -43.5966 -15.3277 31.0984 -82.5135 -72.8158 -73.5149 -39.9950 0.5353 -57.2403 -37.5415 -34.8278 -24.2576 -43.4673 -10.1283 -96.1883 -50.2919 43.1303 -34.2366 21.1380 -42.3968 -22.5173 -26.7362 -35.2723 34.6935 -47.9365 -28.0146 11.4670 -39.0432 -14.8321 -46.5047 -32.5910 28.0640 -44.7993 -25.3689 -3.5202 -36.4178 18.7789 -48.9116 -29.6728 17.3707 -41.1595 -20.2992 -37.9863 -34.2821 33.9413 -46.7898 -26.9379 6.8079 -37.5935 -7.2899 -48.4717 -31.3392 23.2992 -43.2453 -23.6146 -18.8219 -35.6974 32.9446 -48.1549
