14.8419 -27.5672 -48.2710 26.3970 -35.1260 -27.8209 -21.3629 -42.3639 19.5789 -29.0539 -48.8107 6.5768 -36.3095 -9.3100 -23.2658 -43.9342 24.4989 -30.5180 -48.6842 -8.6007 -37.6846 2.5182 -24.7511 -45.4797 29.3131 -32.0095 -47.0309 -14.9170 -39.1037 9.0657 -26.0670 -46.9272 32.2201 -33.5016 -41.8961 -18.4980 -40.5914 14.0910 -27.4275 -48.1216 28.1507 -34.9261 -30.3150 -21.0344 -42.1278 18.8511 -28.8364 -48.7872 10.0565 -36.6303 11.7255 -36.6303 10.0565 -48.7872 -28.8364 18.8511 -42.1278 -21.0344 -30.3150 -34.9261 28.1507 -48.1216 -27.4275 14.0910 -40.5914 -18.4980 -41.8961 -33.5016 32.2201 -46.9272 -26.0670 9.0657 -39.1037 -14.9170 -47.0309 -32.0095 29.3131 -45.4797 -24.7511 2.5182 -37.6846 -8.6007 -48.6842 -30.5180 24.4989 -43.9342 -23.2658 -9.3100 -36.3095 6.5768 -48.8107 -29.0539 19.5789 -42.3639 -21.3629 -27.8209 -35.1260 26.3970 -48.2710 -27.5672 14.8419
-27.5672 -48.4952 32.6625 -35.2919 -23.2773 -22.7051 -42.3563 20.0073 -30.1146 -48.9763 15.5323 -36.0580 -5.5824 -24.8434 -44.0558 24.9698 -31.4375 -48.4387 -5.8133 -37.1707 4.1568 -26.2519 -45.7042 30.1586 -32.7610 -46.0599 -14.6826 -38.7664 9.9533 -27.4189 -47.2128 34.3431 -34.0386 -39.5349 -19.2608 -40.4156 14.6789 -28.6442 -48.4116 33.4553 -35.1743 -25.8569 -22.3315 -42.1025 19.2922 -29.9205 -48.9781 19.1981 -36.0180 -5.2519 -30.5809 -5.2519 -36.0180 19.1981 -48.9781 -29.9205 19.2922 -42.1025 -22.3315 -25.8569 -35.1743 33.4553 -48.4116 -28.6442 14.6789 -40.4156 -19.2608 -39.5349 -34.0386 34.3431 -47.2128 -27.4189 9.9533 -38.7664 -14.6826 -46.0599 -32.7610 30.1586 -45.7042 -26.2519 4.1568 -37.1707 -5.8133 -48.4387 -31.4375 24.9698 -44.0558 -24.8434 -5.5824 -36.0580 15.5323 -48.9763 -30.1146 20.0073 -42.3563 -22.7051 -23.2773 -35.2919 32.6625 -48.4952 -27.5672
-48.2710 32.6625 -35.5686 -21.5105 -22.9887 -42.5794 20.6744 -30.3494 -48.9457 11.8511 -36.4461 -3.6742 -25.0916 -44.3063 25.7412 -31.7132 -48.2556 -7.6756 -37.4029 5.1628 -26.4069 -45.9411 30.9052 -33.0715 -45.4152 -15.5124 -39.0093 10.6919 -27.6018 -47.4170 34.6912 -34.3820 -38.0333 -19.7881 -40.6628 15.3605 -28.8548 -48.5470 32.4365 -35.5436 -23.1399 -22.7100 -42.3561 19.9989 -30.1615 -48.9754 15.6597 -36.3691 -5.6468 -25.5742 -47.4669 -25.5742 -5.6468 -36.3691 15.6597 -48.9754 -30.1615 19.9989 -42.3561 -22.7100 -23.1399 -35.5436 32.4365 -48.5470 -28.8548 15.3605 -40.6628 -19.7881 -38.0333 -34.3820 34.6912 -47.4170 -27.6018 10.6919 -39.0093 -15.5124 -45.4152 -33.0715 30.9052 -45.9411 -26.4069 5.1628 -37.4029 -7.6756 -48.2556 -31.7132 25.7412 -44.3063 -25.0916 -3.6742 -36.4461 11.8511 -48.9457 -30.3494 20.6744 -42.5794 -22.9887 -21.5105 -35.5686 32.6625 -48.2710
26.3970 -35.2919 -21.5105 -23.1002 -42.7193 21.1911 -30.5112 -48.8919 8.2785 -36.5040 -1.9917 -25.3242 -44.5522 26.5079 -31.9156 -48.0208 -9.2783 -37.6385 6.0953 -26.5804 -46.1720 31.6237 -33.2716 -44.6741 -16.2857 -39.2508 11.4136 -27.7839 -47.6136 34.9113 -34.5691 -36.3452 -20.2832 -40.9134 16.0345 -29.0466 -48.6679 31.0664 -35.6925 -20.3545 -23.0719 -42.6073 20.7138 -30.3587 -48.9425 11.8478 -36.4454 -3.6977 -25.1031 -44.3971 35.4881 -44.3971 -25.1031 -3.6977 -36.4454 11.8478 -48.9425 -30.3587 20.7138 -42.6073 -23.0719 -20.3545 -35.6925 31.0664 -48.6679 -29.0466 16.0345 -40.9134 -20.2832 -36.3452 -34.5691 34.9113 -47.6136 -27.7839 11.4136 -39.2508 -16.2857 -44.6741 -33.2716 31.6237 -46.1720 -26.5804 6.0953 -37.6385 -9.2783 -48.0208 -31.9156 26.5079 -44.5522 -25.3242 -1.9917 -36.5040 8.2785 -48.8919 -30.5112 21.1911 -42.7193 -23.1002 -21.5105 -35.2919 26.3970
-35.1260 -23.2773 -22.9887 -42.7193 21.3907 -30.6095 -48.8362 5.3960 -36.5431 -0.5808 -25.5317 -44.7879 27.2669 -32.1137 -47.7339 -10.6727 -37.8751 6.9834 -26.7560 -46.4021 32.3012 -33.4718 -43.8251 -16.9998 -39.4955 12.1148 -27.9677 -47.8001 34.9830 -34.7493 -34.4735 -20.7574 -41.1645 16.7180 -29.2381 -48.7718 29.3254 -35.8371 -17.5057 -23.4151 -42.8609 21.4307 -30.5573 -48.8774 8.0258 -36.5057 -1.9706 -25.3242 -44.5439 27.3235 -36.1149 27.3235 -44.5439 -25.3242 -1.9706 -36.5057 8.0258 -48.8774 -30.5573 21.4307 -42.8609 -23.4151 -17.5057 -35.8371 29.3254 -48.7718 -29.2381 16.7180 -41.1645 -20.7574 -34.4735 -34.7493 34.9830 -47.8001 -27.9677 12.1148 -39.4955 -16.9998 -43.8251 -33.4718 32.3012 -46.4021 -26.7560 6.9834 -37.8751 -10.6727 -47.7339 -32.1137 27.2669 -44.7879 -25.5317 -0.5808 -36.5431 5.3960 -48.8362 -30.6095 21.3907 -42.7193 -22.9887 -23.2773 -35.1260
-27.8209 -22.7051 -42.5794 21.1911 -30.6095 -48.8108 3.7718 -36.5634 0.4737 -25.7018 -45.0077 27.9851 -32.3046 -47.3964 -11.8859 -38.1069 7.8152 -26.9302 -46.6270 32.9402 -33.6673 -42.8554 -17.6629 -39.7420 12.8122 -28.1536 -47.9795 34.8812 -34.9263 -32.4333 -21.2086 -41.4161 17.4038 -29.4309 -48.8557 27.1773 -35.9689 -14.6854 -23.7439 -43.1143 22.1631 -30.7576 -48.7921 4.4309 -36.5514 -0.4265 -25.5464 -44.7970 27.2711 -33.2296 -26.5241 -33.2296 27.2711 -44.7970 -25.5464 -0.4265 -36.5514 4.4309 -48.7921 -30.7576 22.1631 -43.1143 -23.7439 -14.6854 -35.9689 27.1773 -48.8557 -29.4309 17.4038 -41.4161 -21.2086 -32.4333 -34.9263 34.8812 -47.9795 -28.1536 12.8122 -39.7420 -17.6629 -42.8554 -33.6673 32.9402 -46.6270 -26.9302 7.8152 -38.1069 -11.8859 -47.3964 -32.3046 27.9851 -45.0077 -25.7018 0.4737 -36.5634 3.7718 -48.8108 -30.6095 21.1911 -42.5794 -22.7051 -27.8209
-21.3629 -42.3563 20.6744 -30.5112 -48.8362 3.7718 -36.5666 1.0419 -25.8153 -45.1822 28.6053 -32.4772 -47.0210 -12.9257 -38.3335 8.5913 -27.1026 -46.8412 33.5135 -33.8553 -41.7844 -18.2755 -39.9866 13.5037 -28.3392 -48.1485 34.5734 -35.0997 -30.1766 -21.6343 -41.6688 18.0935 -29.6264 -48.9214 24.6393 -36.0918 -12.0037 -24.0581 -43.3646 22.9038 -30.9585 -48.7226 1.1370 -36.6093 0.9653 -25.7493 -45.0432 28.0567 -32.3641 -46.9839 -23.6140 -46.9839 -32.3641 28.0567 -45.0432 -25.7493 0.9653 -36.6093 1.1370 -48.7226 -30.9585 22.9038 -43.3646 -24.0581 -12.0037 -36.0918 24.6393 -48.9214 -29.6264 18.0935 -41.6688 -21.6343 -30.1766 -35.0997 34.5734 -48.1485 -28.3392 13.5037 -39.9866 -18.2755 -41.7844 -33.8553 33.5135 -46.8412 -27.1026 8.5913 -38.3335 -12.9257 -47.0210 -32.4772 28.6053 -45.1822 -25.8153 1.0419 -36.5666 3.7718 -48.8362 -30.5112 20.6744 -42.3563 -21.3629
-42.3639 20.0073 -30.3494 -48.8919 5.3960 -36.5634 1.0419 -25.8556 -45.2795 29.0397 -32.6115 -46.6555 -13.7728 -38.5479 9.3081 -27.2724 -47.0479 34.0063 -34.0401 -40.5990 -18.8371 -40.2282 14.1729 -28.5242 -48.3050 34.0278 -35.2676 -27.7351 -22.0447 -41.9190 18.7900 -29.8213 -48.9638 21.6561 -36.2067 -9.4700 -24.3550 -43.6175 23.6454 -31.1609 -48.6535 -1.7380 -36.7664 2.2122 -25.9345 -45.2851 28.8348 -32.5182 -46.9755 -14.0088 -41.5794 -14.0088 -46.9755 -32.5182 28.8348 -45.2851 -25.9345 2.2122 -36.7664 -1.7380 -48.6535 -31.1609 23.6454 -43.6175 -24.3550 -9.4700 -36.2067 21.6561 -48.9638 -29.8213 18.7900 -41.9190 -22.0447 -27.7351 -35.2676 34.0278 -48.3050 -28.5242 14.1729 -40.2282 -18.8371 -40.5990 -34.0401 34.0063 -47.0479 -27.2724 9.3081 -38.5479 -13.7728 -46.6555 -32.6115 29.0397 -45.2795 -25.8556 1.0419 -36.5634 5.3960 -48.8919 -30.3494 20.0073 -42.3639
19.5789 -30.1146 -48.9457 8.2785 -36.5431 0.4737 -25.8153 -45.2795 29.1974 -32.6878 -46.3739 -14.3882 -38.7300 9.9322 -27.4301 -47.2410 34.4124 -34.2224 -39.2720 -19.3658 -40.4672 14.8282 -28.7077 -48.4474 33.2347 -35.4283 -25.1580 -22.4362 -42.1718 19.4849 -30.0174 -48.9802 18.2742 -36.3050 -7.1513 -24.6378 -43.8695 24.4040 -31.3616 -48.5456 -4.2035 -36.9984 3.3623 -26.1080 -45.5270 29.5982 -32.7208 -46.4776 -13.9876 -38.8223 21.2762 -38.8223 -13.9876 -46.4776 -32.7208 29.5982 -45.5270 -26.1080 3.3623 -36.9984 -4.2035 -48.5456 -31.3616 24.4040 -43.8695 -24.6378 -7.1513 -36.3050 18.2742 -48.9802 -30.0174 19.4849 -42.1718 -22.4362 -25.1580 -35.4283 33.2347 -48.4474 -28.7077 14.8282 -40.4672 -19.3658 -39.2720 -34.2224 34.4124 -47.2410 -27.4301 9.9322 -38.7300 -14.3882 -46.3739 -32.6878 29.1974 -45.2795 -25.8153 0.4737 -36.5431 8.2785 -48.9457 -30.1146 19.5789
-29.0539 -48.9763 11.8511 -36.5040 -0.5808 -25.7018 -45.1822 29.0397 -32.6878 -46.2667 -14.7172 -38.8534 10.4021 -27.5605 -47.4037 34.7002 -34.3922 -37.8341 -19.8605 -40.7070 15.4822 -28.8907 -48.5744 32.1671 -35.5786 -22.4869 -22.8011 -42.4214 20.1833 -30.2116 -48.9711 14.6327 -36.3916 -5.0804 -24.9049 -44.1205 25.1697 -31.5628 -48.3968 -6.3131 -37.2295 4.4254 -26.2786 -45.7660 30.3560 -32.9226 -45.9008 -14.8963 -38.8264 10.8488 -32.6912 10.8488 -38.8264 -14.8963 -45.9008 -32.9226 30.3560 -45.7660 -26.2786 4.4254 -37.2295 -6.3131 -48.3968 -31.5628 25.1697 -44.1205 -24.9049 -5.0804 -36.3916 14.6327 -48.9711 -30.2116 20.1833 -42.4214 -22.8011 -22.4869 -35.5786 32.1671 -48.5744 -28.8907 15.4822 -40.7070 -19.8605 -37.8341 -34.3922 34.7002 -47.4037 -27.5605 10.4021 -38.8534 -14.7172 -46.2667 -32.6878 29.0397 -45.1822 -25.7018 -0.5808 -36.5040 11.8511 -48.9763 -29.0539
-48.8107 15.5323 -36.4461 -1.9917 -25.5317 -45.0077 28.6053 -32.6115 -46.3739 -14.7172 -38.8971 10.6536 -27.6473 -47.5241 34.8652 -34.5363 -36.3919 -20.3042 -40.9401 16.1272 -29.0749 -48.6873 30.7828 -35.7216 -19.7710 -23.1452 -42.6648 20.8796 -30.4022 -48.9327 10.9001 -36.4651 -3.2276 -25.1527 -44.3711 25.9414 -31.7666 -48.2000 -8.1006 -37.4640 5.4041 -26.4513 -45.9995 31.0941 -33.1234 -45.2330 -15.7195 -39.0700 10.8675 -28.5355 -48.7405 -28.5355 10.8675 -39.0700 -15.7195 -45.2330 -33.1234 31.0941 -45.9995 -26.4513 5.4041 -37.4640 -8.1006 -48.2000 -31.7666 25.9414 -44.3711 -25.1527 -3.2276 -36.4651 10.9001 -48.9327 -30.4022 20.8796 -42.6648 -23.1452 -19.7710 -35.7216 30.7828 -48.6873 -29.0749 16.1272 -40.9401 -20.3042 -36.3919 -34.5363 34.8652 -47.5241 -27.6473 10.6536 -38.8971 -14.7172 -46.3739 -32.6115 28.6053 -45.0077 -25.5317 -1.9917 -36.4461 15.5323 -48.8107
6.5768 -36.0580 -3.6742 -25.3242 -44.7879 27.9851 -32.4772 -46.6555 -14.3882 -38.8534 10.6536 -27.6774 -47.5888 34.9371 -34.6430 -35.1311 -20.6696 -41.1502 16.7345 -29.2511 -48.7833 29.0500 -35.8571 -17.0331 -23.4742 -42.9082 21.5758 -30.5939 -48.8622 7.2540 -36.5198 -1.5942 -25.3806 -44.6141 26.7089 -31.9674 -47.9506 -9.6608 -37.6998 6.3308 -26.6258 -46.2322 31.7975 -33.3246 -44.4651 -16.4761 -39.3139 11.5911 -27.8598 -47.3622 -0.0619 -47.3622 -27.8598 11.5911 -39.3139 -16.4761 -44.4651 -33.3246 31.7975 -46.2322 -26.6258 6.3308 -37.6998 -9.6608 -47.9506 -31.9674 26.7089 -44.6141 -25.3806 -1.5942 -36.5198 7.2540 -48.8622 -30.5939 21.5758 -42.9082 -23.4742 -17.0331 -35.8571 29.0500 -48.7833 -29.2511 16.7345 -41.1502 -20.6696 -35.1311 -34.6430 34.9371 -47.5888 -27.6774 10.6536 -38.8534 -14.3882 -46.6555 -32.4772 27.9851 -44.7879 -25.3242 -3.6742 -36.0580 6.5768
-36.3095 -5.5824 -25.0916 -44.5522 27.2669 -32.3046 -47.0210 -13.7728 -38.7300 10.4021 -27.6473 -47.5888 34.9547 -34.7005 -34.2504 -20.9335 -41.3170 17.2515 -29.4067 -48.8566 27.0690 -35.9780 -14.3766 -23.7885 -43.1514 22.2800 -30.7862 -48.7805 3.8190 -36.5576 -0.1447 -25.5896 -44.8517 27.4596 -32.1639 -47.6522 -11.0090 -37.9339 7.2056 -26.8016 -46.4607 32.4724 -33.5215 -43.5845 -17.1758 -39.5596 12.2959 -28.0158 -47.8333 35.0834 -37.5204 35.0834 -47.8333 -28.0158 12.2959 -39.5596 -17.1758 -43.5845 -33.5215 32.4724 -46.4607 -26.8016 7.2056 -37.9339 -11.0090 -47.6522 -32.1639 27.4596 -44.8517 -25.5896 -0.1447 -36.5576 3.8190 -48.7805 -30.7862 22.2800 -43.1514 -23.7885 -14.3766 -35.9780 27.0690 -48.8566 -29.4067 17.2515 -41.3170 -20.9335 -34.2504 -34.7005 34.9547 -47.5888 -27.6473 10.4021 -38.7300 -13.7728 -47.0210 -32.3046 27.2669 -44.5522 -25.0916 -5.5824 -36.3095
-9.3100 -24.8434 -44.3063 26.5079 -32.1137 -47.3964 -12.9257 -38.5479 9.9322 -27.5605 -47.5241 34.9371 -34.7005 -33.9245 -21.0747 -41.4277 17.6309 -29.5333 -48.9073 25.0457 -36.0811 -11.9664 -24.0768 -43.3910 22.9924 -30.9793 -48.7160 0.7199 -36.6267 1.1661 -25.7821 -45.0877 28.2082 -32.3588 -47.3000 -12.1714 -38.1659 8.0177 -26.9754 -46.6817 33.0970 -33.7136 -42.5941 -17.8283 -39.8038 12.9929 -28.2006 -48.0247 34.8363 -35.6800 4.1239 -35.6800 34.8363 -48.0247 -28.2006 12.9929 -39.8038 -17.8283 -42.5941 -33.7136 33.0970 -46.6817 -26.9754 8.0177 -38.1659 -12.1714 -47.3000 -32.3588 28.2082 -45.0877 -25.7821 1.1661 -36.6267 0.7199 -48.7160 -30.9793 22.9924 -43.3910 -24.0768 -11.9664 -36.0811 25.0457 -48.9073 -29.5333 17.6309 -41.4277 -21.0747 -33.9245 -34.7005 34.9371 -47.5241 -27.5605 9.9322 -38.5479 -12.9257 -47.3964 -32.1137 26.5079 -44.3063 -24.8434 -9.3100
-23.2658 -44.0558 25.7412 -31.9156 -47.7339 -11.8859 -38.3335 9.3081 -27.4301 -47.4037 34.8652 -34.6430 -34.2504 -21.0747 -41.4688 17.8395 -29.6181 -48.9382 23.2125 -36.1665 -9.9378 -24.3278 -43.6164 23.6821 -31.1701 -48.6459 -1.9938 -36.7923 2.3599 -25.9579 -45.3217 28.9535 -32.5534 -46.8837 -13.2094 -38.3960 8.7862 -27.1468 -46.8949 33.6471 -33.9023 -41.4925 -18.4243 -40.0481 13.6751 -28.3872 -48.1889 34.4564 -35.1913 -27.1692 -28.6277 -27.1692 -35.1913 34.4564 -48.1889 -28.3872 13.6751 -40.0481 -18.4243 -41.4925 -33.9023 33.6471 -46.8949 -27.1468 8.7862 -38.3960 -13.2094 -46.8837 -32.5534 28.9535 -45.3217 -25.9579 2.3599 -36.7923 -1.9938 -48.6459 -31.1701 23.6821 -43.6164 -24.3278 -9.9378 -36.1665 23.2125 -48.9382 -29.6181 17.8395 -41.4688 -21.0747 -34.2504 -34.6430 34.8652 -47.4037 -27.4301 9.3081 -38.3335 -11.8859 -47.7339 -31.9156 25.7412 -44.0558 -23.2658
-43.9342 24.9698 -31.7132 -48.0208 -10.6727 -38.1069 8.5913 -27.2724 -47.2410 34.7002 -34.5363 -35.1311 -20.9335 -41.4277 17.8395 -29.6480 -48.9528 21.9050 -36.2234 -8.4254 -24.5321 -43.8136 24.3162 -31.3477 -48.5453 -4.3028 -37.0148 3.4557 -26.1238 -45.5535 29.6914 -32.7477 -46.3970 -14.1469 -38.6273 9.5282 -27.3194 -47.1002 34.1205 -34.0876 -40.2718 -18.9759 -40.2895 14.3417 -28.5724 -48.3424 33.8529 -35.3109 -27.0939 -22.8166 -45.5205 -22.8166 -27.0939 -35.3109 33.8529 -48.3424 -28.5724 14.3417 -40.2895 -18.9759 -40.2718 -34.0876 34.1205 -47.1002 -27.3194 9.5282 -38.6273 -14.1469 -46.3970 -32.7477 29.6914 -45.5535 -26.1238 3.4557 -37.0148 -4.3028 -48.5453 -31.3477 24.3162 -43.8136 -24.5321 -8.4254 -36.2234 21.9050 -48.9528 -29.6480 17.8395 -41.4277 -20.9335 -35.1311 -34.5363 34.7002 -47.2410 -27.2724 8.5913 -38.1069 -10.6727 -48.0208 -31.7132 24.9698 -43.9342
24.4989 -31.4375 -48.2556 -9.2783 -37.8751 7.8152 -27.1026 -47.0479 34.4124 -34.3922 -36.3919 -20.6696 -41.3170 17.6309 -29.6181 -48.9528 21.4239 -36.2534 -7.4849 -24.6758 -43.9664 24.8506 -31.5019 -48.4246 -6.1572 -37.2290 4.4559 -26.2882 -45.7828 30.4169 -32.9414 -45.8327 -15.0004 -38.8597 10.2485 -27.4932 -47.2998 34.5083 -34.2705 -38.9066 -19.4971 -40.5288 14.9964 -28.7546 -48.4814 32.9886 -35.4679 -24.4603 -22.5387 -42.4034 32.5599 -42.4034 -22.5387 -24.4603 -35.4679 32.9886 -48.4814 -28.7546 14.9964 -40.5288 -19.4971 -38.9066 -34.2705 34.5083 -47.2998 -27.4932 10.2485 -38.8597 -15.0004 -45.8327 -32.9414 30.4169 -45.7828 -26.2882 4.4559 -37.2290 -6.1572 -48.4246 -31.5019 24.8506 -43.9664 -24.6758 -7.4849 -36.2534 21.4239 -48.9528 -29.6181 17.6309 -41.3170 -20.6696 -36.3919 -34.3922 34.4124 -47.0479 -27.1026 7.8152 -37.8751 -9.2783 -48.2556 -31.4375 24.4989
-30.5180 -48.4387 -7.6756 -37.6385 6.9834 -26.9302 -46.8412 34.0063 -34.2224 -37.8341 -20.3042 -41.1502 17.2515 -29.5333 -48.9382 21.9050 -36.2534 -7.1508 -24.7527 -44.0666 25.2331 -31.6230 -48.3002 -7.5608 -37.4187 5.3126 -26.4444 -46.0028 31.1143 -33.1343 -45.1834 -15.7833 -39.0931 10.9511 -27.6682 -47.4929 34.7928 -34.4508 -37.3862 -19.9912 -40.7688 15.6504 -28.9380 -48.6048 31.8427 -35.6160 -21.7941 -22.8910 -42.4788 21.0682 -34.9114 21.0682 -42.4788 -22.8910 -21.7941 -35.6160 31.8427 -48.6048 -28.9380 15.6504 -40.7688 -19.9912 -37.3862 -34.4508 34.7928 -47.4929 -27.6682 10.9511 -39.0931 -15.7833 -45.1834 -33.1343 31.1143 -46.0028 -26.4444 5.3126 -37.4187 -7.5608 -48.3002 -31.6230 25.2331 -44.0666 -24.7527 -7.1508 -36.2534 21.9050 -48.9382 -29.5333 17.2515 -41.1502 -20.3042 -37.8341 -34.2224 34.0063 -46.8412 -26.9302 6.9834 -37.6385 -7.6756 -48.4387 -30.5180
-48.6842 -5.8133 -37.4029 6.0953 -26.7560 -46.6270 33.5135 -34.0401 -39.2720 -19.8605 -40.9401 16.7345 -29.4067 -48.9073 23.2125 -36.2234 -7.4849 -24.7527 -44.1036 25.4444 -31.6999 -48.1962 -8.5531 -37.5769 6.0079 -26.5832 -46.2012 31.7498 -33.3171 -44.4519 -16.5062 -39.3277 11.6393 -27.8445 -47.6790 34.9541 -34.6280 -35.7008 -20.4607 -41.0095 16.3050 -29.1224 -48.7138 30.3719 -35.7572 -19.0665 -23.2312 -42.7274 21.0527 -31.5341 -41.8557 -31.5341 21.0527 -42.7274 -23.2312 -19.0665 -35.7572 30.3719 -48.7138 -29.1224 16.3050 -41.0095 -20.4607 -35.7008 -34.6280 34.9541 -47.6790 -27.8445 11.6393 -39.3277 -16.5062 -44.4519 -33.3171 31.7498 -46.2012 -26.5832 6.0079 -37.5769 -8.5531 -48.1962 -31.6999 25.4444 -44.1036 -24.7527 -7.4849 -36.2234 23.2125 -48.9073 -29.4067 16.7345 -40.9401 -19.8605 -39.2720 -34.0401 33.5135 -46.6270 -26.7560 6.0953 -37.4029 -5.8133 -48.6842
-8.6007 -37.1707 5.1628 -26.5804 -46.4021 32.9402 -33.8553 -40.5990 -19.3658 -40.7070 16.1272 -29.2511 -48.8566 25.0457 -36.1665 -8.4254 -24.6758 -44.0666 25.4444 -31.7265 -48.1363 -9.1377 -37.6906 6.5281 -26.6987 -46.3713 32.2921 -33.4811 -43.6847 -17.1497 -39.5599 12.3162 -28.0219 -47.8572 34.9698 -34.8016 -33.8424 -20.9079 -41.2509 16.9616 -29.3079 -48.8068 28.5459 -35.8907 -16.3335 -23.5564 -42.9707 21.7561 -30.6860 -48.7471 -19.3447 -48.7471 -30.6860 21.7561 -42.9707 -23.5564 -16.3335 -35.8907 28.5459 -48.8068 -29.3079 16.9616 -41.2509 -20.9079 -33.8424 -34.8016 34.9698 -47.8572 -28.0219 12.3162 -39.5599 -17.1497 -43.6847 -33.4811 32.2921 -46.3713 -26.6987 6.5281 -37.6906 -9.1377 -48.1363 -31.7265 25.4444 -44.0666 -24.6758 -8.4254 -36.1665 25.0457 -48.8566 -29.2511 16.1272 -40.7070 -19.3658 -40.5990 -33.8553 32.9402 -46.4021 -26.5804 5.1628 -37.1707 -8.6007
-37.6846 4.1568 -26.4069 -46.1720 32.3012 -33.6673 -41.7844 -18.8371 -40.4672 15.4822 -29.0749 -48.7833 27.0690 -36.0811 -9.9378 -24.5321 -43.9664 25.2331 -31.6999 -48.1363 -9.3275 -37.7489 6.8433 -26.7821 -46.5019 32.7186 -33.6244 -42.9232 -17.6910 -39.7761 12.9559 -28.1980 -48.0267 34.8153 -34.9713 -31.8062 -21.3346 -41.4928 17.6214 -29.4944 -48.8821 26.3402 -36.0156 -13.6633 -23.8670 -43.2139 22.4624 -30.8358 -48.7468 0.2607 -39.2956 0.2607 -48.7468 -30.8358 22.4624 -43.2139 -23.8670 -13.6633 -36.0156 26.3402 -48.8821 -29.4944 17.6214 -41.4928 -21.3346 -31.8062 -34.9713 34.8153 -48.0267 -28.1980 12.9559 -39.7761 -17.6910 -42.9232 -33.6244 32.7186 -46.5019 -26.7821 6.8433 -37.7489 -9.3275 -48.1363 -31.6999 25.2331 -43.9664 -24.5321 -9.9378 -36.0811 27.0690 -48.7833 -29.0749 15.4822 -40.4672 -18.8371 -41.7844 -33.6673 32.3012 -46.1720 -26.4069 4.1568 -37.6846
2.5182 -26.2519 -45.9411 31.6237 -33.4718 -42.8554 -18.2755 -40.2282 14.8282 -28.8907 -48.6873 29.0500 -35.9780 -11.9664 -24.3278 -43.8136 24.8506 -31.6230 -48.1962 -9.1377 -37.7489 6.9505 -26.8253 -46.5823 33.0079 -33.7335 -42.2344 -18.1362 -39.9661 13.5237 -28.3614 -48.1804 34.4700 -35.1366 -29.5926 -21.7422 -41.7352 18.2854 -29.6819 -48.9379 23.7417 -36.1311 -11.1195 -24.1631 -43.4568 23.1769 -31.0290 -48.7012 0.0212 -36.8767 15.4765 -36.8767 0.0212 -48.7012 -31.0290 23.1769 -43.4568 -24.1631 -11.1195 -36.1311 23.7417 -48.9379 -29.6819 18.2854 -41.7352 -21.7422 -29.5926 -35.1366 34.4700 -48.1804 -28.3614 13.5237 -39.9661 -18.1362 -42.2344 -33.7335 33.0079 -46.5823 -26.8253 6.9505 -37.7489 -9.1377 -48.1962 -31.6230 24.8506 -43.8136 -24.3278 -11.9664 -35.9780 29.0500 -48.6873 -28.8907 14.8282 -40.2282 -18.2755 -42.8554 -33.4718 31.6237 -45.9411 -26.2519 2.5182
-24.7511 -45.7042 30.9052 -33.2716 -43.8251 -17.6629 -39.9866 14.1729 -28.7077 -48.5744 30.7828 -35.8571 -14.3766 -24.0768 -43.6164 24.3162 -31.5019 -48.3002 -8.5531 -37.6906 6.8433 -26.8253 -46.6100 33.1559 -33.8009 -41.7178 -18.4661 -40.1226 14.0040 -28.5028 -48.3085 33.9621 -35.2906 -27.2456 -22.1313 -41.9780 18.9548 -29.8704 -48.9720 20.7582 -36.2361 -8.7509 -24.4447 -43.6992 23.8995 -31.2227 -48.6223 -2.6298 -36.8498 3.7464 -31.5227 3.7464 -36.8498 -2.6298 -48.6223 -31.2227 23.8995 -43.6992 -24.4447 -8.7509 -36.2361 20.7582 -48.9720 -29.8704 18.9548 -41.9780 -22.1313 -27.2456 -35.2906 33.9621 -48.3085 -28.5028 14.0040 -40.1226 -18.4661 -41.7178 -33.8009 33.1559 -46.6100 -26.8253 6.8433 -37.6906 -8.5531 -48.3002 -31.5019 24.3162 -43.6164 -24.0768 -14.3766 -35.8571 30.7828 -48.5744 -28.7077 14.1729 -39.9866 -17.6629 -43.8251 -33.2716 30.9052 -45.7042 -24.7511
-45.4797 30.1586 -33.0715 -44.6741 -16.9998 -39.7420 13.5037 -28.5242 -48.4474 32.1671 -35.7216 -17.0331 -23.7885 -43.3910 23.6821 -31.3477 -48.4246 -7.5608 -37.5769 6.5281 -26.7821 -46.5823 33.1559 -33.8250 -41.4261 -18.6667 -40.2321 14.3700 -28.6198 -48.4102 33.3623 -35.4223 -24.9736 -22.4830 -42.2136 19.6205 -30.0598 -48.9824 17.4314 -36.3296 -6.5851 -24.7118 -43.9409 24.6297 -31.4168 -48.5065 -4.8802 -37.0723 3.7167 -26.9251 -48.4726 -26.9251 3.7167 -37.0723 -4.8802 -48.5065 -31.4168 24.6297 -43.9409 -24.7118 -6.5851 -36.3296 17.4314 -48.9824 -30.0598 19.6205 -42.2136 -22.4830 -24.9736 -35.4223 33.3623 -48.4102 -28.6198 14.3700 -40.2321 -18.6667 -41.4261 -33.8250 33.1559 -46.5823 -26.7821 6.5281 -37.5769 -7.5608 -48.4246 -31.3477 23.6821 -43.3910 -23.7885 -17.0331 -35.7216 32.1671 -48.4474 -28.5242 13.5037 -39.7420 -16.9998 -44.6741 -33.0715 30.1586 -45.4797
29.3131 -32.7610 -45.4152 -16.2857 -39.4955 12.8122 -28.3392 -48.3050 33.2347 -35.5786 -19.7710 -23.4742 -43.1514 22.9924 -31.1701 -48.5453 -6.1572 -37.4187 6.0079 -26.6987 -46.5019 33.0079 -33.8009 -41.4261 -18.7374 -40.2901 14.5958 -28.7030 -48.4848 32.7375 -35.5304 -22.9449 -22.7808 -42.4285 20.2518 -30.2419 -48.9668 13.8515 -36.4104 -4.6284 -24.9641 -44.1819 25.3667 -31.6113 -48.3502 -6.8144 -37.2964 4.7190 -26.3539 -45.8023 28.4383 -45.8023 -26.3539 4.7190 -37.2964 -6.8144 -48.3502 -31.6113 25.3667 -44.1819 -24.9641 -4.6284 -36.4104 13.8515 -48.9668 -30.2419 20.2518 -42.4285 -22.7808 -22.9449 -35.5304 32.7375 -48.4848 -28.7030 14.5958 -40.2901 -18.7374 -41.4261 -33.8009 33.0079 -46.5019 -26.6987 6.0079 -37.4187 -6.1572 -48.5453 -31.1701 22.9924 -43.1514 -23.4742 -19.7710 -35.5786 33.2347 -48.3050 -28.3392 12.8122 -39.4955 -16.2857 -45.4152 -32.7610 29.3131
-32.0095 -46.0599 -15.5124 -39.2508 12.1148 -28.1536 -48.1485 34.0278 -35.4283 -22.4869 -23.1452 -42.9082 22.2800 -30.9793 -48.6459 -4.3028 -37.2290 5.3126 -26.5832 -46.3713 32.7186 -33.7335 -41.7178 -18.6667 -40.2901 14.6719 -28.7447 -48.5287 32.2182 -35.6125 -21.2125 -23.0289 -42.6163 20.8204 -30.4053 -48.9274 10.3209 -36.4765 -2.8709 -25.2013 -44.4218 26.1095 -31.8061 -48.1494 -8.4852 -37.5218 5.6496 -26.4980 -46.0592 32.0812 -36.8805 32.0812 -46.0592 -26.4980 5.6496 -37.5218 -8.4852 -48.1494 -31.8061 26.1095 -44.4218 -25.2013 -2.8709 -36.4765 10.3209 -48.9274 -30.4053 20.8204 -42.6163 -23.0289 -21.2125 -35.6125 32.2182 -48.5287 -28.7447 14.6719 -40.2901 -18.6667 -41.7178 -33.7335 32.7186 -46.3713 -26.5832 5.3126 -37.2290 -4.3028 -48.6459 -30.9793 22.2800 -42.9082 -23.1452 -22.4869 -35.4283 34.0278 -48.1485 -28.1536 12.1148 -39.2508 -15.5124 -46.0599 -32.0095
-47.0309 -14.6826 -39.0093 11.4136 -27.9677 -47.9795 34.5734 -35.2676 -25.1580 -22.8011 -42.6648 21.5758 -30.7862 -48.7160 -1.9938 -37.0148 4.4559 -26.4444 -46.2012 32.2921 -33.6244 -42.2344 -18.4661 -40.2321 14.5958 -28.7447 -48.5430 31.9340 -35.6620 -19.9657 -23.2171 -42.7728 21.3165 -30.5488 -48.8711 7.2040 -36.5248 -1.3578 -25.4202 -44.6605 26.8563 -32.0010 -47.8996 -9.9406 -37.7485 6.5261 -26.6659 -46.2892 31.9760 -34.4214 -9.4496 -34.4214 31.9760 -46.2892 -26.6659 6.5261 -37.7485 -9.9406 -47.8996 -32.0010 26.8563 -44.6605 -25.4202 -1.3578 -36.5248 7.2040 -48.8711 -30.5488 21.3165 -42.7728 -23.2171 -19.9657 -35.6620 31.9340 -48.5430 -28.7447 14.5958 -40.2321 -18.4661 -42.2344 -33.6244 32.2921 -46.2012 -26.4444 4.4559 -37.0148 -1.9938 -48.7160 -30.7862 21.5758 -42.6648 -22.8011 -25.1580 -35.2676 34.5734 -47.9795 -27.9677 11.4136 -39.0093 -14.6826 -47.0309
-14.9170 -38.7664 10.6919 -27.7839 -47.8001 34.8812 -35.0997 -27.7351 -22.4362 -42.4214 20.8796 -30.5939 -48.7805 0.7199 -36.7923 3.4557 -26.2882 -46.0028 31.7498 -33.4811 -42.9232 -18.1362 -40.1226 14.3700 -28.7030 -48.5287 31.9340 -35.6783 -19.3398 -23.3307 -42.8841 21.7061 -30.6711 -48.8052 4.6264 -36.5556 -0.1265 -25.6096 -44.8877 27.5945 -32.1959 -47.5961 -11.2207 -37.9764 7.3579 -26.8350 -46.5077 32.6139 -33.6167 -42.3528 -26.0790 -42.3528 -33.6167 32.6139 -46.5077 -26.8350 7.3579 -37.9764 -11.2207 -47.5961 -32.1959 27.5945 -44.8877 -25.6096 -0.1265 -36.5556 4.6264 -48.8052 -30.6711 21.7061 -42.8841 -23.3307 -19.3398 -35.6783 31.9340 -48.5287 -28.7030 14.3700 -40.1226 -18.1362 -42.9232 -33.4811 31.7498 -46.0028 -26.2882 3.4557 -36.7923 0.7199 -48.7805 -30.5939 20.8796 -42.4214 -22.4362 -27.7351 -35.0997 34.8812 -47.8001 -27.7839 10.6919 -38.7664 -14.9170
-39.1037 9.9533 -27.6018 -47.6136 34.9830 -34.9263 -30.1766 -22.0447 -42.1718 20.1833 -30.4022 -48.8622 3.8190 -36.6267 2.3599 -26.1238 -45.7828 31.1143 -33.3171 -43.6847 -17.6910 -39.9661 14.0040 -28.6198 -48.4848 32.2182 -35.6620 -19.3398 -23.3681 -42.9397 21.9472 -30.7590 -48.7567 2.5787 -36.5729 0.8582 -25.7634 -45.0899 28.2788 -32.3824 -47.2389 -12.3576 -38.2055 8.1523 -27.0053 -46.7221 33.2048 -33.7546 -42.3796 -18.7048 -43.2911 -18.7048 -42.3796 -33.7546 33.2048 -46.7221 -27.0053 8.1523 -38.2055 -12.3576 -47.2389 -32.3824 28.2788 -45.0899 -25.7634 0.8582 -36.5729 2.5787 -48.7567 -30.7590 21.9472 -42.9397 -23.3681 -19.3398 -35.6620 32.2182 -48.4848 -28.6198 14.0040 -39.9661 -17.6910 -43.6847 -33.3171 31.1143 -45.7828 -26.1238 2.3599 -36.6267 3.8190 -48.8622 -30.4022 20.1833 -42.1718 -22.0447 -30.1766 -34.9263 34.9830 -47.6136 -27.6018 9.9533 -39.1037
9.0657 -27.4189 -47.4170 34.9113 -34.7493 -32.4333 -21.6343 -41.9190 19.4849 -30.2116 -48.9327 7.2540 -36.5576 1.1661 -25.9579 -45.5535 30.4169 -33.1343 -44.4519 -17.1497 -39.7761 13.5237 -28.5028 -48.4102 32.7375 -35.6125 -19.9657 -23.3307 -42.9397 22.0277 -30.8031 -48.7385 1.1801 -36.6143 1.6218 -25.8843 -45.2614 28.8665 -32.5485 -46.8514 -13.3351 -38.4319 8.9139 -27.1769 -46.9317 33.7369 -33.9417 -41.2596 -18.5399 -40.3205 25.9967 -40.3205 -18.5399 -41.2596 -33.9417 33.7369 -46.9317 -27.1769 8.9139 -38.4319 -13.3351 -46.8514 -32.5485 28.8665 -45.2614 -25.8843 1.6218 -36.6143 1.1801 -48.7385 -30.8031 22.0277 -42.9397 -23.3307 -19.9657 -35.6125 32.7375 -48.4102 -28.5028 13.5237 -39.7761 -17.1497 -44.4519 -33.1343 30.4169 -45.5535 -25.9579 1.1661 -36.5576 7.2540 -48.9327 -30.2116 19.4849 -41.9190 -21.6343 -32.4333 -34.7493 34.9113 -47.4170 -27.4189 9.0657
-26.0670 -47.2128 34.6912 -34.5691 -34.4735 -21.2086 -41.6688 18.7900 -30.0174 -48.9711 10.9001 -36.5198 -0.1447 -25.7821 -45.3217 29.6914 -32.9414 -45.1834 -16.5062 -39.5599 12.9559 -28.3614 -48.3085 33.3623 -35.5304 -21.2125 -23.2171 -42.8841 21.9472 -30.8031 -48.7340 0.5115 -36.6752 2.1465 -25.9746 -45.4018 29.3553 -32.6895 -46.4713 -14.1209 -38.6396 9.6089 -27.3424 -47.1331 34.1965 -34.1267 -40.0109 -19.0823 -40.3362 15.1456 -33.6123 15.1456 -40.3362 -19.0823 -40.0109 -34.1267 34.1965 -47.1331 -27.3424 9.6089 -38.6396 -14.1209 -46.4713 -32.6895 29.3553 -45.4018 -25.9746 2.1465 -36.6752 0.5115 -48.7340 -30.8031 21.9472 -42.8841 -23.2171 -21.2125 -35.5304 33.3623 -48.3085 -28.3614 12.9559 -39.5599 -16.5062 -45.1834 -32.9414 29.6914 -45.3217 -25.7821 -0.1447 -36.5198 10.9001 -48.9711 -30.0174 18.7900 -41.6688 -21.2086 -34.4735 -34.5691 34.6912 -47.2128 -26.0670
-46.9272 34.3431 -34.3820 -36.3452 -20.7574 -41.4161 18.0935 -29.8213 -48.9802 14.6327 -36.4651 -1.5942 -25.5896 -45.0877 28.9535 -32.7477 -45.8327 -15.7833 -39.3277 12.3162 -28.1980 -48.1804 33.9621 -35.4223 -22.9449 -23.0289 -42.7728 21.7061 -30.7590 -48.7385 0.5115 -36.7005 2.4090 -26.0310 -45.5045 29.7437 -32.8059 -46.1172 -14.7399 -38.8188 10.2055 -27.4933 -47.3153 34.5537 -34.3067 -38.6155 -19.5979 -40.5765 15.1224 -29.7730 -47.6943 -29.7730 15.1224 -40.5765 -19.5979 -38.6155 -34.3067 34.5537 -47.3153 -27.4933 10.2055 -38.8188 -14.7399 -46.1172 -32.8059 29.7437 -45.5045 -26.0310 2.4090 -36.7005 0.5115 -48.7385 -30.7590 21.7061 -42.7728 -23.0289 -22.9449 -35.4223 33.9621 -48.1804 -28.1980 12.3162 -39.3277 -15.7833 -45.8327 -32.7477 28.9535 -45.0877 -25.5896 -1.5942 -36.4651 14.6327 -48.9802 -29.8213 18.0935 -41.4161 -20.7574 -36.3452 -34.3820 34.3431 -46.9272
32.2201 -34.0386 -38.0333 -20.2832 -41.1645 17.4038 -29.6264 -48.9638 18.2742 -36.3916 -3.2276 -25.3806 -44.8517 28.2082 -32.5534 -46.3970 -15.0004 -39.0931 11.6393 -28.0219 -48.0267 34.4700 -35.2906 -24.9736 -22.7808 -42.6163 21.3165 -30.6711 -48.7567 1.1801 -36.6752 2.4090 -26.0497 -45.5573 29.9939 -32.8917 -45.8070 -15.2304 -38.9720 10.7093 -27.6273 -47.4731 34.7920 -34.4714 -37.1328 -20.0801 -40.8167 15.7806 -29.0096 -48.4056 -12.0588 -48.4056 -29.0096 15.7806 -40.8167 -20.0801 -37.1328 -34.4714 34.7920 -47.4731 -27.6273 10.7093 -38.9720 -15.2304 -45.8070 -32.8917 29.9939 -45.5573 -26.0497 2.4090 -36.6752 1.1801 -48.7567 -30.6711 21.3165 -42.6163 -22.7808 -24.9736 -35.2906 34.4700 -48.0267 -28.0219 11.6393 -39.0931 -15.0004 -46.3970 -32.5534 28.2082 -44.8517 -25.3806 -3.2276 -36.3916 18.2742 -48.9638 -29.6264 17.4038 -41.1645 -20.2832 -38.0333 -34.0386 32.2201
-33.5016 -39.5349 -19.7881 -40.9134 16.7180 -29.4309 -48.9214 21.6561 -36.3050 -5.0804 -25.1527 -44.6141 27.4596 -32.3588 -46.8837 -14.1469 -38.8597 10.9511 -27.8445 -47.8572 34.8153 -35.1366 -27.2456 -22.4830 -42.4285 20.8204 -30.5488 -48.8052 2.5787 -36.6143 2.1465 -26.0310 -45.5573 30.0769 -32.9359 -45.5932 -15.5768 -39.0955 11.1266 -27.7425 -47.6071 34.9273 -34.6120 -35.6759 -20.5065 -41.0472 16.4261 -29.1588 -48.7091 28.5779 -38.3184 28.5779 -48.7091 -29.1588 16.4261 -41.0472 -20.5065 -35.6759 -34.6120 34.9273 -47.6071 -27.7425 11.1266 -39.0955 -15.5768 -45.5932 -32.9359 30.0769 -45.5573 -26.0310 2.1465 -36.6143 2.5787 -48.8052 -30.5488 20.8204 -42.4285 -22.4830 -27.2456 -35.1366 34.8153 -47.8572 -27.8445 10.9511 -38.8597 -14.1469 -46.8837 -32.3588 27.4596 -44.6141 -25.1527 -5.0804 -36.3050 21.6561 -48.9214 -29.4309 16.7180 -40.9134 -19.7881 -39.5349 -33.5016
-41.8961 -19.2608 -40.6628 16.0345 -29.2381 -48.8557 24.6393 -36.2067 -7.1513 -24.9049 -44.3711 26.7089 -32.1639 -47.3000 -13.2094 -38.6273 10.2485 -27.6682 -47.6790 34.9698 -34.9713 -29.5926 -22.1313 -42.2136 20.2518 -30.4053 -48.8711 4.6264 -36.5729 1.6218 -25.9746 -45.5045 29.9939 -32.9359 -45.5196 -15.7508 -39.1758 11.4314 -27.8356 -47.7171 34.9800 -34.7316 -34.3102 -20.8643 -41.2541 17.0268 -29.3365 -48.8215 28.1820 -36.3233 9.4432 -36.3233 28.1820 -48.8215 -29.3365 17.0268 -41.2541 -20.8643 -34.3102 -34.7316 34.9800 -47.7171 -27.8356 11.4314 -39.1758 -15.7508 -45.5196 -32.9359 29.9939 -45.5045 -25.9746 1.6218 -36.5729 4.6264 -48.8711 -30.4053 20.2518 -42.2136 -22.1313 -29.5926 -34.9713 34.9698 -47.6790 -27.6682 10.2485 -38.6273 -13.2094 -47.3000 -32.1639 26.7089 -44.3711 -24.9049 -7.1513 -36.2067 24.6393 -48.8557 -29.2381 16.0345 -40.6628 -19.2608 -41.8961
-18.4980 -40.4156 15.3605 -29.0466 -48.7718 27.1773 -36.0918 -9.4700 -24.6378 -44.1205 25.9414 -31.9674 -47.6522 -12.1714 -38.3960 9.5282 -27.4932 -47.4929 34.9541 -34.8016 -31.8062 -21.7422 -41.9780 19.6205 -30.2419 -48.9274 7.2040 -36.5556 0.8582 -25.8843 -45.4018 29.7437 -32.8917 -45.5932 -15.7508 -39.2026 11.5879 -27.8963 -47.7967 34.9746 -34.8352 -33.0492 -21.1606 -41.4338 17.5546 -29.4964 -48.8881 25.9680 -36.0667 -10.6483 -30.0674 -10.6483 -36.0667 25.9680 -48.8881 -29.4964 17.5546 -41.4338 -21.1606 -33.0492 -34.8352 34.9746 -47.7967 -27.8963 11.5879 -39.2026 -15.7508 -45.5932 -32.8917 29.7437 -45.4018 -25.8843 0.8582 -36.5556 7.2040 -48.9274 -30.2419 19.6205 -41.9780 -21.7422 -31.8062 -34.8016 34.9541 -47.4929 -27.4932 9.5282 -38.3960 -12.1714 -47.6522 -31.9674 25.9414 -44.1205 -24.6378 -9.4700 -36.0918 27.1773 -48.7718 -29.0466 15.3605 -40.4156 -18.4980
-40.5914 14.6789 -28.8548 -48.6679 29.3254 -35.9689 -12.0037 -24.3550 -43.8695 25.1697 -31.7666 -47.9506 -11.0090 -38.1659 8.7862 -27.3194 -47.2998 34.7928 -34.6280 -33.8424 -21.3346 -41.7352 18.9548 -30.0598 -48.9668 10.3209 -36.5248 -0.1265 -25.7634 -45.2614 29.3553 -32.8059 -45.8070 -15.5768 -39.1758 11.5879 -27.9165 -47.8370 34.9461 -34.9121 -31.9570 -21.4060 -41.5862 18.0091 -29.6356 -48.9329 23.7135 -36.1352 -10.8186 -24.9052 -46.9529 -24.9052 -10.8186 -36.1352 23.7135 -48.9329 -29.6356 18.0091 -41.5862 -21.4060 -31.9570 -34.9121 34.9461 -47.8370 -27.9165 11.5879 -39.1758 -15.5768 -45.8070 -32.8059 29.3553 -45.2614 -25.7634 -0.1265 -36.5248 10.3209 -48.9668 -30.0598 18.9548 -41.7352 -21.3346 -33.8424 -34.6280 34.7928 -47.2998 -27.3194 8.7862 -38.1659 -11.0090 -47.9506 -31.7666 25.1697 -43.8695 -24.3550 -12.0037 -35.9689 29.3254 -48.6679 -28.8548 14.6789 -40.5914
14.0910 -28.6442 -48.5470 31.0664 -35.8371 -14.6854 -24.0581 -43.6175 24.4040 -31.5628 -48.2000 -9.6608 -37.9339 8.0177 -27.1468 -47.1002 34.5083 -34.4508 -35.7008 -20.9079 -41.4928 18.2854 -29.8704 -48.9824 13.8515 -36.4765 -1.3578 -25.6096 -45.0899 28.8665 -32.6895 -46.1172 -15.2304 -39.0955 11.4314 -27.8963 -47.8370 34.9321 -34.9508 -31.2222 -21.5873 -41.7111 18.3900 -29.7527 -48.9615 21.5299 -36.2197 -8.7811 -24.4800 -43.8474 35.5251 -43.8474 -24.4800 -8.7811 -36.2197 21.5299 -48.9615 -29.7527 18.3900 -41.7111 -21.5873 -31.2222 -34.9508 34.9321 -47.8370 -27.8963 11.4314 -39.0955 -15.2304 -46.1172 -32.6895 28.8665 -45.0899 -25.6096 -1.3578 -36.4765 13.8515 -48.9824 -29.8704 18.2854 -41.4928 -20.9079 -35.7008 -34.4508 34.5083 -47.1002 -27.1468 8.0177 -37.9339 -9.6608 -48.2000 -31.5628 24.4040 -43.6175 -24.0581 -14.6854 -35.8371 31.0664 -48.5470 -28.6442 14.0910
-27.4275 -48.4116 32.4365 -35.6925 -17.5057 -23.7439 -43.3646 23.6454 -31.3616 -48.3968 -8.1006 -37.6998 7.2056 -26.9754 -46.8949 34.1205 -34.2705 -37.3862 -20.4607 -41.2509 17.6214 -29.6819 -48.9720 17.4314 -36.4104 -2.8709 -25.4202 -44.8877 28.2788 -32.5485 -46.4713 -14.7399 -38.9720 11.1266 -27.8356 -47.7967 34.9461 -34.9508 -30.9726 -21.6796 -41.7943 18.6770 -29.8462 -48.9773 19.5651 -36.2879 -7.1509 -24.6787 -43.9343 25.4663 -35.7792 25.4663 -43.9343 -24.6787 -7.1509 -36.2879 19.5651 -48.9773 -29.8462 18.6770 -41.7943 -21.6796 -30.9726 -34.9508 34.9461 -47.7967 -27.8356 11.1266 -38.9720 -14.7399 -46.4713 -32.5485 28.2788 -44.8877 -25.4202 -2.8709 -36.4104 17.4314 -48.9720 -29.6819 17.6214 -41.2509 -20.4607 -37.3862 -34.2705 34.1205 -46.8949 -26.9754 7.2056 -37.6998 -8.1006 -48.3968 -31.3616 23.6454 -43.3646 -23.7439 -17.5057 -35.6925 32.4365 -48.4116 -27.4275
-48.1216 33.4553 -35.5436 -20.3545 -23.4151 -43.1143 22.9038 -31.1609 -48.5456 -6.3131 -37.4640 6.3308 -26.8016 -46.6817 33.6471 -34.0876 -38.9066 -19.9912 -41.0095 16.9616 -29.4944 -48.9379 20.7582 -36.3296 -4.6284 -25.2013 -44.6605 27.5945 -32.3824 -46.8514 -14.1209 -38.8188 10.7093 -27.7425 -47.7171 34.9746 -34.9121 -31.2222 -21.6796 -41.8220 18.8302 -29.9086 -48.9835 17.9227 -36.3396 -5.8903 -24.8506 -44.1133 25.2564 -32.7225 -32.3937 -32.7201 25.2567 -44.1134 -24.8506 -5.8904 -36.3396 17.9228 -48.9835 -29.9086 18.8302 -41.8220 -21.6796 -31.2222 -34.9121 34.9746 -47.7171 -27.7425 10.7093 -38.8188 -14.1209 -46.8514 -32.3824 27.5945 -44.6605 -25.2013 -4.6284 -36.3296 20.7582 -48.9379 -29.4944 16.9616 -41.0095 -19.9912 -38.9066 -34.0876 33.6471 -46.6817 -26.8016 6.3308 -37.4640 -6.3131 -48.5456 -31.1609 22.9038 -43.1143 -23.4151 -20.3545 -35.5436 33.4553 -48.1216
28.1507 -35.1743 -23.1399 -23.0719 -42.8609 22.1631 -30.9585 -48.6535 -4.2035 -37.2295 5.4041 -26.6258 -46.4607 33.0970 -33.9023 -40.2718 -19.4971 -40.7688 16.3050 -29.3079 -48.8821 23.7417 -36.2361 -6.5851 -24.9641 -44.4218 26.8563 -32.1959 -47.2389 -13.3351 -38.6396 10.2055 -27.6273 -47.6071 34.9800 -34.8352 -31.9570 -21.5873 -41.7943 18.8302 -29.9302 -48.9851 16.7800 -36.3829 -4.9552 -24.9976 -44.2487 25.7528 -32.0586 -47.9301 -22.4511 -47.9409 -31.8778 25.7513 -44.2446 -25.0585 -4.9569 -36.4002 16.8001 -48.9861 -29.9302 18.8302 -41.7943 -21.5873 -31.9570 -34.8352 34.9800 -47.6071 -27.6273 10.2055 -38.6396 -13.3351 -47.2389 -32.1959 26.8563 -44.4218 -24.9641 -6.5851 -36.2361 23.7417 -48.8821 -29.3079 16.3050 -40.7688 -19.4971 -40.2718 -33.9023 33.0970 -46.4607 -26.6258 5.4041 -37.2295 -4.2035 -48.6535 -30.9585 22.1631 -42.8609 -23.0719 -23.1399 -35.1743 28.1507
-34.9261 -25.8569 -22.7100 -42.6073 21.4307 -30.7576 -48.7226 -1.7380 -36.9984 4.4254 -26.4513 -46.2322 32.4724 -33.7136 -41.4925 -18.9759 -40.5288 15.6504 -29.1224 -48.8068 26.3402 -36.1311 -8.7509 -24.7118 -44.1819 26.1095 -32.0010 -47.5961 -12.3576 -38.4319 9.6089 -27.4933 -47.4731 34.9273 -34.7316 -33.0492 -21.4060 -41.7111 18.6770 -29.9086 -48.9851 16.3764 -36.4172 -3.6658 -25.5033 -44.2259 28.0871 -33.8936 -45.9444 -17.1495 -40.9781 -12.6059 -47.4969 -33.2746 28.9605 -44.8150 -26.6042 -2.2936 -36.5694 16.4329 -48.9861 -29.9086 18.6770 -41.7111 -21.4060 -33.0492 -34.7316 34.9273 -47.4731 -27.4933 9.6089 -38.4319 -12.3576 -47.5961 -32.0010 26.1095 -44.1819 -24.7118 -8.7509 -36.1311 26.3402 -48.8068 -29.1224 15.6504 -40.5288 -18.9759 -41.4925 -33.7136 32.4724 -46.2322 -26.4513 4.4254 -36.9984 -1.7380 -48.7226 -30.7576 21.4307 -42.6073 -22.7100 -25.8569 -34.9261
-30.3150 -22.3315 -42.3561 20.7138 -30.5573 -48.7921 1.1370 -36.7664 3.3623 -26.2786 -45.9995 31.7975 -33.5215 -42.5941 -18.4243 -40.2895 14.9964 -28.9380 -48.7138 28.5459 -36.0156 -11.1195 -24.4447 -43.9409 25.3667 -31.8061 -47.8996 -11.2207 -38.2055 8.9139 -27.3424 -47.3153 34.7920 -34.6120 -34.3102 -21.1606 -41.5862 18.3900 -29.8462 -48.9835 16.7800 -36.4191 -2.8410 -30.0613 -45.9455 27.0587 -38.6417 12.1080 -27.0769 -47.4006 18.8063 -40.6395 -19.6869 -20.7989 -36.5804 19.2006 -49.2288 -30.8096 4.8440 -36.6797 16.8355 -48.9835 -29.8462 18.3900 -41.5862 -21.1606 -34.3102 -34.6120 34.7920 -47.3153 -27.3424 8.9139 -38.2055 -11.2207 -47.8996 -31.8061 25.3667 -43.9409 -24.4447 -11.1195 -36.0156 28.5459 -48.7138 -28.9380 14.9964 -40.2895 -18.4243 -42.5941 -33.5215 31.7975 -45.9995 -26.2786 3.3623 -36.7664 1.1370 -48.7921 -30.5573 20.7138 -42.3561 -22.3315 -30.3150
-21.0344 -42.1025 19.9989 -30.3587 -48.8774 4.4309 -36.6093 2.2122 -26.1080 -45.7660 31.0941 -33.3246 -43.5845 -17.8283 -40.0481 14.3417 -28.7546 -48.6048 30.3719 -35.8907 -13.6633 -24.1631 -43.6992 24.6297 -31.6113 -48.1494 -9.9406 -37.9764 8.1523 -27.1769 -47.1331 34.5537 -34.4714 -35.6759 -20.8643 -41.4338 18.0091 -29.7527 -48.9773 17.9227 -36.3848 -3.5312 -30.8885 6.7692 -38.9945 -11.3640 -9.5568 -58.0861 -29.9802 -1.9218 -47.5082 -56.9671 -0.3875 -58.1253 -21.7737 -17.1182 20.3790 8.2075 -50.0316 4.8368 -36.5368 17.9401 -48.9783 -29.7516 18.0092 -41.4339 -20.8642 -35.6755 -34.4700 34.5536 -47.1331 -27.1769 8.1523 -37.9764 -9.9406 -48.1494 -31.6113 24.6297 -43.6992 -24.1627 -13.6628 -35.8907 30.3718 -48.6048 -28.7546 14.3416 -40.0481 -17.8283 -43.5843 -33.3246 31.0941 -45.7662 -26.1080 2.2121 -36.6090 4.4298 -48.8787 -30.3575 19.9990 -42.1026 -21.0344
-42.1278 19.2922 -30.1615 -48.9425 8.0258 -36.5514 0.9653 -25.9345 -45.5270 30.3560 -33.1234 -44.4651 -17.1758 -39.8038 13.6751 -28.5724 -48.4814 31.8427 -35.7572 -16.3335 -23.8670 -43.4568 23.8995 -31.4168 -48.3502 -8.4852 -37.7485 7.3579 -27.0053 -46.9317 34.1965 -34.3067 -37.1328 -20.5065 -41.2541 17.5546 -29.6356 -48.9615 19.5651 -36.3396 -4.9551 -26.9402 -48.5955 -43.5917 -29.7023 -74.1867 12.0103 4.9082 26.5274 37.2617 -4.5051 48.0822 16.7369 -85.0355 -3.2414 22.9990 -54.0866 18.5242 30.7429 -29.3908 -4.3015 -36.3874 19.6837 -48.9113 -29.6932 17.5405 -41.2491 -20.5107 -37.1532 -34.3845 34.2036 -46.9151 -27.0465 7.3510 -37.7492 -8.4632 -48.3518 -31.4894 23.8864 -43.4491 -23.8865 -16.3629 -35.8207 31.8847 -48.4490 -28.6230 13.6601 -39.7999 -17.1756 -44.4741 -33.2016 30.3532 -45.5168 -25.9658 0.9389 -36.5634 8.1502 -48.8798 -30.2276 19.2855 -42.1277
