-30.8957 -21.1667 -42.2369 19.1842 -28.9336 -48.8015 8.4191 -36.2251 -10.7080 -23.1257 -43.8059 24.0906 -30.3952 -48.7267 -7.8257 -37.5716 1.8301 -24.6442 -45.3553 28.9516 -31.8868 -47.2662 -14.5389 -38.9844 8.6145 -25.9569 -46.8155 32.1450 -33.3825 -42.5105 -18.2549 -40.4663 13.6986 -27.3145 -48.0386 28.9459 -34.8120 -31.5868 -20.8518 -42.0004 18.4579 -28.7192 -48.7626 11.9134 -36.0641 -13.4204 -22.8599 -43.5683 23.3398 -31.4757 -37.9486 -31.4757 23.3398 -43.5683 -22.8599 -13.4204 -36.0641 11.9134 -48.7626 -28.7192 18.4579 -42.0004 -20.8518 -31.5868 -34.8120 28.9459 -48.0386 -27.3145 13.6986 -40.4663 -18.2549 -42.5105 -33.3825 32.1450 -46.8155 -25.9569 8.6145 -38.9844 -14.5389 -47.2662 -31.8868 28.9516 -45.3553 -24.6442 1.8301 -37.5716 -7.8257 -48.7267 -30.3952 24.0906 -43.8059 -23.1257 -10.7080 -36.2251 8.4191 -48.8015 -28.9336 19.1842 -42.2369 -21.1667 -30.8957
-21.1667 -42.0972 19.4556 -29.9770 -48.9861 17.6433 -36.0147 -6.7641 -24.6927 -43.9176 24.5499 -31.3276 -48.5218 -4.6294 -37.0429 3.5732 -26.1588 -45.5726 29.7427 -32.6535 -46.3742 -14.1861 -38.6310 9.5383 -27.3212 -47.0979 34.1055 -33.9393 -40.2951 -18.9591 -40.2785 14.3030 -28.5417 -48.3314 33.8947 -35.0873 -27.3144 -22.1153 -41.9636 18.9070 -29.8141 -48.9678 21.0434 -35.9330 -9.0505 -24.4094 -43.6619 23.7791 -31.1825 -48.4985 -21.1667 -48.4985 -31.1825 23.7791 -43.6619 -24.4094 -9.0505 -35.9330 21.0434 -48.9678 -29.8141 18.9070 -41.9636 -22.1153 -27.3144 -35.0873 33.8947 -48.3314 -28.5417 14.3030 -40.2785 -18.9591 -40.2951 -33.9393 34.1055 -47.0979 -27.3212 9.5383 -38.6310 -14.1861 -46.3742 -32.6535 29.7427 -45.5726 -26.1588 3.5732 -37.0429 -4.6294 -48.5218 -31.3276 24.5499 -43.9176 -24.6927 -6.7641 -36.0147 17.6433 -48.9861 -29.9770 19.4556 -42.0972 -21.1667
-42.2369 19.4556 -30.0921 -48.9877 14.7794 -36.3914 -4.8401 -24.9400 -44.1626 25.3070 -31.5995 -48.3629 -6.6615 -37.2740 4.6202 -26.3119 -45.8113 30.4980 -32.9621 -45.7797 -15.0600 -38.8735 10.2806 -27.5018 -47.3059 34.5157 -34.2782 -38.8861 -19.5028 -40.5258 14.9855 -28.7487 -48.4745 33.0439 -35.4566 -24.6725 -22.5007 -42.2171 19.6101 -30.0526 -48.9813 17.6793 -36.3209 -6.7871 -24.6849 -43.9113 24.5390 -31.3962 -48.5246 -6.6698 -40.1178 -6.6698 -48.5246 -31.3962 24.5390 -43.9113 -24.6849 -6.7871 -36.3209 17.6793 -48.9813 -30.0526 19.6101 -42.2171 -22.5007 -24.6725 -35.4566 33.0439 -48.4745 -28.7487 14.9855 -40.5258 -19.5028 -38.8861 -34.2782 34.5157 -47.3059 -27.5018 10.2806 -38.8735 -15.0600 -45.7797 -32.9621 30.4980 -45.8113 -26.3119 4.6202 -37.2740 -6.6615 -48.3629 -31.5995 25.3070 -44.1626 -24.9400 -4.8401 -36.3914 14.7794 -48.9877 -30.0921 19.4556 -42.2369
19.1842 -29.9770 -48.9877 13.5756 -36.4349 -3.4778 -25.1459 -44.3858 26.0286 -31.7915 -48.1621 -8.3950 -37.5056 5.5845 -26.4844 -46.0441 31.2314 -33.1612 -45.0936 -15.8696 -39.1167 11.0119 -27.6831 -47.5067 34.8071 -34.4671 -37.2987 -20.0120 -40.7759 15.6607 -28.9390 -48.6021 31.8622 -35.6109 -21.9087 -22.8721 -42.4678 20.3205 -30.2496 -48.9654 13.9655 -36.4079 -4.7312 -24.9478 -44.1626 25.2978 -31.5996 -48.3657 -6.6076 -37.5283 17.4570 -37.5283 -6.6076 -48.3657 -31.5996 25.2978 -44.1626 -24.9478 -4.7312 -36.4079 13.9655 -48.9654 -30.2496 20.3205 -42.4678 -22.8721 -21.9087 -35.6109 31.8622 -48.6021 -28.9390 15.6607 -40.7759 -20.0120 -37.2987 -34.4671 34.8071 -47.5067 -27.6831 11.0119 -39.1167 -15.8696 -45.0936 -33.1612 31.2314 -46.0441 -26.4844 5.5845 -37.5056 -8.3950 -48.1621 -31.7915 26.0286 -44.3858 -25.1459 -3.4778 -36.4349 13.5756 -48.9877 -29.9770 19.1842
-28.9336 -48.9861 14.7794 -36.4349 -2.9870 -25.2656 -44.5506 26.6366 -31.9630 -47.9303 -9.8255 -37.7320 6.4765 -26.6557 -46.2726 31.9271 -33.3560 -44.3148 -16.6146 -39.3609 11.7272 -27.8659 -47.6974 34.9636 -34.6499 -35.5272 -20.4985 -41.0267 16.3430 -29.1312 -48.7154 30.3468 -35.7600 -19.0710 -23.2271 -42.7210 21.0318 -30.4477 -48.9179 10.1181 -36.4750 -2.8940 -25.1956 -44.4125 26.0716 -31.8010 -48.1595 -8.3921 -37.5026 6.4860 -31.9111 6.4860 -37.5026 -8.3921 -48.1595 -31.8010 26.0716 -44.4125 -25.1956 -2.8940 -36.4750 10.1181 -48.9179 -30.4477 21.0318 -42.7210 -23.2271 -19.0710 -35.7600 30.3468 -48.7154 -29.1312 16.3430 -41.0267 -20.4985 -35.5272 -34.6499 34.9636 -47.6974 -27.8659 11.7272 -39.3609 -16.6146 -44.3148 -33.3560 31.9271 -46.2726 -26.6557 6.4765 -37.7320 -9.8255 -47.9303 -31.9630 26.6366 -44.5506 -25.2656 -2.9870 -36.4349 14.7794 -48.9861 -28.9336
-48.8015 17.6433 -36.3914 -3.4778 -25.2656 -44.6126 26.9894 -32.0859 -47.7058 -10.9467 -37.9407 7.2759 -26.8215 -46.4945 32.5748 -33.5475 -43.4393 -17.2880 -39.6034 12.4223 -28.0503 -47.8820 34.9611 -34.8291 -33.5878 -20.9624 -41.2754 17.0271 -29.3244 -48.8112 28.4284 -35.8965 -16.2213 -23.5649 -42.9749 21.7579 -30.6481 -48.8357 6.3896 -36.5276 -1.2689 -25.4269 -44.6610 26.8494 -32.0026 -47.9036 -9.9178 -37.7391 6.4713 -27.4616 -48.7444 -27.4616 6.4713 -37.7391 -9.9178 -47.9036 -32.0026 26.8494 -44.6610 -25.4269 -1.2689 -36.5276 6.3896 -48.8357 -30.6481 21.7579 -42.9749 -23.5649 -16.2213 -35.8965 28.4284 -48.8112 -29.3244 17.0271 -41.2754 -20.9624 -33.5878 -34.8291 34.9611 -47.8820 -28.0503 12.4223 -39.6034 -17.2880 -43.4393 -33.5475 32.5748 -46.4945 -26.8215 7.2759 -37.9407 -10.9467 -47.7058 -32.0859 26.9894 -44.6126 -25.2656 -3.4778 -36.3914 17.6433 -48.8015
8.4191 -36.0147 -4.8401 -25.1459 -44.5506 26.9894 -32.1300 -47.5622 -11.6778 -38.1107 7.9397 -26.9732 -46.6973 33.1529 -33.7341 -42.4617 -17.9076 -39.8407 13.0989 -28.2320 -48.0553 34.7741 -35.0053 -31.4375 -21.4006 -41.5276 17.7074 -29.5193 -48.8883 26.0996 -36.0244 -13.4743 -23.8878 -43.2259 22.4949 -30.8472 -48.7570 2.8931 -36.5617 0.2059 -25.6391 -44.9085 27.6288 -32.2067 -47.5874 -11.2377 -37.9767 7.3474 -26.8557 -46.3782 20.2426 -46.3782 -26.8557 7.3474 -37.9767 -11.2377 -47.5874 -32.2067 27.6288 -44.9085 -25.6391 0.2059 -36.5617 2.8931 -48.7570 -30.8472 22.4949 -43.2259 -23.8878 -13.4743 -36.0244 26.0996 -48.8883 -29.5193 17.7074 -41.5276 -21.4006 -31.4375 -35.0053 34.7741 -48.0553 -28.2320 13.0989 -39.8407 -17.9076 -42.4617 -33.7341 33.1529 -46.6973 -26.9732 7.9397 -38.1107 -11.6778 -47.5622 -32.1300 26.9894 -44.5506 -25.1459 -4.8401 -36.0147 8.4191
-36.2251 -6.7641 -24.9400 -44.3858 26.6366 -32.0859 -47.5622 -11.9355 -38.2086 8.3953 -27.0922 -46.8663 33.6256 -33.9066 -41.4076 -18.4810 -40.0783 13.7598 -28.4120 -48.2138 34.3800 -35.1722 -29.1306 -21.8165 -41.7801 18.4004 -29.7135 -48.9435 23.3457 -36.1457 -10.8433 -24.1928 -43.4789 23.2332 -31.0475 -48.6966 -0.2127 -36.6637 1.5350 -25.8342 -45.1511 28.4091 -32.4083 -47.2059 -12.4158 -38.2153 8.1752 -27.0085 -46.7121 33.8663 -37.1468 33.8663 -46.7121 -27.0085 8.1752 -38.2153 -12.4158 -47.2059 -32.4083 28.4091 -45.1511 -25.8342 1.5350 -36.6637 -0.2127 -48.6966 -31.0475 23.2332 -43.4789 -24.1928 -10.8433 -36.1457 23.3457 -48.9435 -29.7135 18.4004 -41.7801 -21.8165 -29.1306 -35.1722 34.3800 -48.2138 -28.4120 13.7598 -40.0783 -18.4810 -41.4076 -33.9066 33.6256 -46.8663 -27.0922 8.3953 -38.2086 -11.9355 -47.5622 -32.0859 26.6366 -44.3858 -24.9400 -6.7641 -36.2251
-10.7080 -24.6927 -44.1626 26.0286 -31.9630 -47.7058 -11.6778 -38.2086 8.5594 -27.1601 -46.9825 33.9604 -34.0493 -40.3607 -18.9835 -40.3067 14.4074 -28.5923 -48.3610 33.7583 -35.3316 -26.7144 -22.2077 -42.0264 19.0887 -29.9060 -48.9746 20.1785 -36.2502 -8.4003 -24.4832 -43.7313 23.9872 -31.2494 -48.6109 -2.8730 -36.8712 2.7428 -26.0135 -45.3940 29.1759 -32.6098 -46.7581 -13.4708 -38.4527 8.9690 -27.1872 -46.9401 33.7533 -34.9105 -3.4215 -34.9105 33.7533 -46.9401 -27.1872 8.9690 -38.4527 -13.4708 -46.7581 -32.6098 29.1759 -45.3940 -26.0135 2.7428 -36.8712 -2.8730 -48.6109 -31.2494 23.9872 -43.7313 -24.4832 -8.4003 -36.2502 20.1785 -48.9746 -29.9060 19.0887 -42.0264 -22.2077 -26.7144 -35.3316 33.7583 -48.3610 -28.5923 14.4074 -40.3067 -18.9835 -40.3607 -34.0493 33.9604 -46.9825 -27.1601 8.5594 -38.2086 -11.6778 -47.7058 -31.9630 26.0286 -44.1626 -24.6927 -10.7080
-23.1257 -43.9176 25.3070 -31.7915 -47.9303 -10.9467 -38.1107 8.3953 -27.1601 -47.0239 34.1325 -34.1443 -39.4866 -19.3803 -40.5054 14.9968 -28.7631 -48.4929 32.8858 -35.4853 -24.1537 -22.5774 -42.2695 19.7654 -30.0972 -48.9810 16.7468 -36.3397 -6.2331 -24.7553 -43.9800 24.7487 -31.4516 -48.4848 -5.1762 -37.1011 3.8532 -26.1842 -45.6349 29.9399 -32.8128 -46.2278 -14.4126 -38.6941 9.7274 -27.3676 -47.1523 34.2260 -34.1871 -38.5576 -27.0528 -38.5576 -34.1871 34.2260 -47.1523 -27.3676 9.7274 -38.6941 -14.4126 -46.2278 -32.8128 29.9399 -45.6349 -26.1842 3.8532 -37.1011 -5.1762 -48.4848 -31.4516 24.7487 -43.9800 -24.7553 -6.2331 -36.3397 16.7468 -48.9810 -30.0972 19.7654 -42.2695 -22.5774 -24.1537 -35.4853 32.8858 -48.4929 -28.7631 14.9968 -40.5054 -19.3803 -39.4866 -34.1443 34.1325 -47.0239 -27.1601 8.3953 -38.1107 -10.9467 -47.9303 -31.7915 25.3070 -43.9176 -23.1257
-43.8059 24.5499 -31.5995 -48.1621 -9.8255 -37.9407 7.9397 -27.0922 -46.9825 34.1325 -34.1774 -38.9848 -19.6346 -40.6561 15.4733 -28.9113 -48.6027 31.7996 -35.6251 -21.5212 -22.9312 -42.5129 20.4491 -30.2876 -48.9595 13.1329 -36.4180 -4.3116 -25.0064 -44.2243 25.4977 -31.6511 -48.3164 -7.1421 -37.3344 4.8692 -26.3561 -45.8705 30.6905 -33.0125 -45.6113 -15.2771 -38.9364 10.4724 -27.5478 -47.3586 34.6026 -34.3284 -38.5066 -20.3230 -44.0716 -20.3230 -38.5066 -34.3284 34.6026 -47.3586 -27.5478 10.4724 -38.9364 -15.2771 -45.6113 -33.0125 30.6905 -45.8705 -26.3561 4.8692 -37.3344 -7.1421 -48.3164 -31.6511 25.4977 -44.2243 -25.0064 -4.3116 -36.4180 13.1329 -48.9595 -30.2876 20.4491 -42.5129 -22.9312 -21.5212 -35.6251 31.7996 -48.6027 -28.9113 15.4733 -40.6561 -19.6346 -38.9848 -34.1774 34.1325 -46.9825 -27.0922 7.9397 -37.9407 -9.8255 -48.1621 -31.5995 24.5499 -43.8059
24.0906 -31.3276 -48.3629 -8.3950 -37.7320 7.2759 -26.9732 -46.8663 33.9604 -34.1443 -38.9848 -19.7209 -40.7381 15.7911 -29.0234 -48.6833 30.6404 -35.7455 -19.0245 -23.2552 -42.7528 21.1403 -30.4789 -48.9083 9.4437 -36.4820 -2.5867 -25.2410 -44.4641 26.2414 -31.8463 -48.1035 -8.7918 -37.5663 5.8155 -26.5288 -46.1048 31.4103 -33.2118 -44.9074 -16.0685 -39.1798 11.1987 -27.7297 -47.5552 34.8617 -34.5137 -36.8554 -20.1430 -41.0402 28.3106 -41.0402 -20.1430 -36.8554 -34.5137 34.8617 -47.5552 -27.7297 11.1987 -39.1798 -16.0685 -44.9074 -33.2118 31.4103 -46.1048 -26.5288 5.8155 -37.5663 -8.7918 -48.1035 -31.8463 26.2414 -44.4641 -25.2410 -2.5867 -36.4820 9.4437 -48.9083 -30.4789 21.1403 -42.7528 -23.2552 -19.0245 -35.7455 30.6404 -48.6833 -29.0234 15.7911 -40.7381 -19.7209 -38.9848 -34.1443 33.9604 -46.8663 -26.9732 7.2759 -37.7320 -8.3950 -48.3629 -31.3276 24.0906
-30.3952 -48.5218 -6.6615 -37.5056 6.4765 -26.8215 -46.6973 33.6256 -34.0493 -39.4866 -19.6346 -40.7381 15.9032 -29.0839 -48.7325 29.6283 -35.8395 -16.8809 -23.5294 -42.9721 21.7999 -30.6646 -48.8259 5.8620 -36.5302 -1.0382 -25.4601 -44.7026 26.9888 -32.0413 -47.8434 -10.2092 -37.7937 6.6950 -26.6990 -46.3320 32.0957 -33.4071 -44.1021 -16.7902 -39.4248 11.9102 -27.9140 -47.7462 34.9792 -34.6959 -35.0548 -20.6210 -41.0840 17.1708 -34.0652 17.1708 -41.0840 -20.6210 -35.0548 -34.6959 34.9792 -47.7462 -27.9140 11.9102 -39.4248 -16.7902 -44.1021 -33.4071 32.0957 -46.3320 -26.6990 6.6950 -37.7937 -10.2092 -47.8434 -32.0413 26.9888 -44.7026 -25.4601 -1.0382 -36.5302 5.8620 -48.8259 -30.6646 21.7999 -42.9721 -23.5294 -16.8809 -35.8395 29.6283 -48.7325 -29.0839 15.9032 -40.7381 -19.6346 -39.4866 -34.0493 33.6256 -46.6973 -26.8215 6.4765 -37.5056 -6.6615 -48.5218 -30.3952
-48.7267 -4.6294 -37.2740 5.5845 -26.6557 -46.4945 33.1529 -33.9066 -40.3607 -19.3803 -40.6561 15.7911 -29.0839 -48.7497 29.0200 -35.9001 -15.2958 -23.7432 -43.1564 22.3854 -30.8340 -48.7535 2.6706 -36.5610 0.3572 -25.6631 -44.9396 27.7378 -32.2363 -47.5285 -11.4584 -38.0219 7.5187 -26.8683 -46.5497 32.7324 -33.5962 -43.1992 -17.4512 -39.6647 12.6025 -28.0973 -47.9290 34.9308 -34.8767 -33.0477 -21.0756 -41.3406 17.1832 -30.3895 -46.4088 -30.3895 17.1832 -41.3406 -21.0756 -33.0477 -34.8767 34.9308 -47.9290 -28.0973 12.6025 -39.6647 -17.4512 -43.1992 -33.5962 32.7324 -46.5497 -26.8683 7.5187 -38.0219 -11.4584 -47.5285 -32.2363 27.7378 -44.9396 -25.6631 0.3572 -36.5610 2.6706 -48.7535 -30.8340 22.3854 -43.1564 -23.7432 -15.2958 -35.9001 29.0200 -48.7497 -29.0839 15.7911 -40.6561 -19.3803 -40.3607 -33.9066 33.1529 -46.4945 -26.6557 5.5845 -37.2740 -4.6294 -48.7267
-7.8257 -37.0429 4.6202 -26.4844 -46.2726 32.5748 -33.7341 -41.4076 -18.9835 -40.5054 15.4733 -29.0234 -48.7325 29.0200 -35.9228 -14.4499 -23.8829 -43.2953 22.8633 -30.9786 -48.7081 0.0589 -36.6520 1.5703 -25.8468 -45.1748 28.4856 -32.4311 -47.1532 -12.5699 -38.2512 8.3066 -27.0389 -46.7632 33.3128 -33.7847 -42.1906 -18.0605 -39.9017 13.2694 -28.2782 -48.0974 34.6905 -35.0494 -30.8488 -21.5119 -41.5931 17.8861 -29.6020 -48.7144 -15.2437 -48.7144 -29.6020 17.8861 -41.5931 -21.5119 -30.8488 -35.0494 34.6905 -48.0974 -28.2782 13.2694 -39.9017 -18.0605 -42.1906 -33.7847 33.3128 -46.7632 -27.0389 8.3066 -38.2512 -12.5699 -47.1532 -32.4311 28.4856 -45.1748 -25.8468 1.5703 -36.6520 0.0589 -48.7081 -30.9786 22.8633 -43.2953 -23.8829 -14.4499 -35.9228 29.0200 -48.7325 -29.0234 15.4733 -40.5054 -18.9835 -41.4076 -33.7341 32.5748 -46.2726 -26.4844 4.6202 -37.0429 -7.8257
-37.5716 3.5732 -26.3119 -46.0441 31.9271 -33.5475 -42.4617 -18.4810 -40.3067 14.9968 -28.9113 -48.6833 29.6283 -35.9001 -14.4499 -23.9318 -43.3716 23.1805 -31.0851 -48.6629 -1.9231 -36.8145 2.5865 -26.0038 -45.3981 29.2181 -32.6256 -46.7115 -13.5684 -38.4818 9.0646 -27.2107 -46.9718 33.8319 -33.9713 -41.0552 -18.6330 -40.1396 13.9290 -28.4585 -48.2528 34.2436 -35.2137 -28.5238 -21.9221 -41.8425 18.5805 -29.7623 -48.9237 20.0735 -38.6701 20.0735 -48.9237 -29.7623 18.5805 -41.8425 -21.9221 -28.5238 -35.2137 34.2436 -48.2528 -28.4585 13.9290 -40.1396 -18.6330 -41.0552 -33.9713 33.8319 -46.9718 -27.2107 9.0646 -38.4818 -13.5684 -46.7115 -32.6256 29.2181 -45.3981 -26.0038 2.5865 -36.8145 -1.9231 -48.6629 -31.0851 23.1805 -43.3716 -23.9318 -14.4499 -35.9001 29.6283 -48.6833 -28.9113 14.9968 -40.3067 -18.4810 -42.4617 -33.5475 31.9271 -46.0441 -26.3119 3.5732 -37.5716
1.8301 -26.1588 -45.8113 31.2314 -33.3560 -43.4393 -17.9076 -40.0783 14.4074 -28.7631 -48.6027 30.6404 -35.8395 -15.2958 -23.8829 -43.3716 23.2935 -31.1432 -48.6252 -3.2426 -36.9575 3.3826 -26.1348 -45.5965 29.8898 -32.8100 -46.2047 -14.4730 -38.7134 9.7981 -27.3838 -47.1750 34.2754 -34.1558 -39.7821 -19.1728 -40.3783 14.5851 -28.6400 -48.3970 33.5571 -35.3717 -26.0687 -22.3043 -42.0889 19.2621 -29.9562 -48.9794 19.4290 -36.5638 11.7053 -36.5638 19.4290 -48.9794 -29.9562 19.2621 -42.0889 -22.3043 -26.0687 -35.3717 33.5571 -48.3970 -28.6400 14.5851 -40.3783 -19.1728 -39.7821 -34.1558 34.2754 -47.1750 -27.3838 9.7981 -38.7134 -14.4730 -46.2047 -32.8100 29.8898 -45.5965 -26.1348 3.3826 -36.9575 -3.2426 -48.6252 -31.1432 23.2935 -43.3716 -23.8829 -15.2958 -35.8395 30.6404 -48.6027 -28.7631 14.4074 -40.0783 -17.9076 -43.4393 -33.3560 31.2314 -45.8113 -26.1588 1.8301
-24.6442 -45.5726 30.4980 -33.1612 -44.3148 -17.2880 -39.8407 13.7598 -28.5923 -48.4929 31.7996 -35.7455 -16.8809 -23.7432 -43.2953 23.1805 -31.1432 -48.6100 -3.9220 -37.0500 3.9308 -26.2381 -45.7605 30.4580 -32.9719 -45.6740 -15.2537 -38.9396 10.5013 -27.5581 -47.3723 34.6270 -34.3378 -38.3605 -19.6836 -40.6179 15.2394 -28.8226 -48.5289 32.5987 -35.5238 -23.4756 -22.6699 -42.3321 19.9405 -30.1461 -48.9781 15.8341 -36.3885 -3.8406 -30.6948 -3.8406 -36.3885 15.8341 -48.9781 -30.1461 19.9405 -42.3321 -22.6699 -23.4756 -35.5238 32.5987 -48.5289 -28.8226 15.2394 -40.6179 -19.6836 -38.3605 -34.3378 34.6270 -47.3723 -27.5581 10.5013 -38.9396 -15.2537 -45.6740 -32.9719 30.4580 -45.7605 -26.2381 3.9308 -37.0500 -3.9220 -48.6100 -31.1432 23.1805 -43.2953 -23.7432 -16.8809 -35.7455 31.7996 -48.4929 -28.5923 13.7598 -39.8407 -17.2880 -44.3148 -33.1612 30.4980 -45.5726 -24.6442
-45.3553 29.7427 -32.9621 -45.0936 -16.6146 -39.6034 13.0989 -28.4120 -48.3610 32.8858 -35.6251 -19.0245 -23.5294 -43.1564 22.8633 -31.0851 -48.6252 -3.9220 -37.0819 4.2166 -26.3040 -45.8776 30.8945 -33.1056 -45.1632 -15.8914 -39.1468 11.1495 -27.7263 -47.5602 34.8682 -34.5170 -36.7799 -20.1683 -40.8582 15.8934 -29.0063 -48.6471 31.3358 -35.6695 -20.7835 -23.0196 -42.5754 20.6261 -30.3367 -48.9493 12.1843 -36.4358 -3.8620 -25.7802 -47.5994 -25.7802 -3.8620 -36.4358 12.1843 -48.9493 -30.3367 20.6261 -42.5754 -23.0196 -20.7835 -35.6695 31.3358 -48.6471 -29.0063 15.8934 -40.8582 -20.1683 -36.7799 -34.5170 34.8682 -47.5602 -27.7263 11.1495 -39.1468 -15.8914 -45.1632 -33.1056 30.8945 -45.8776 -26.3040 4.2166 -37.0819 -3.9220 -48.6252 -31.0851 22.8633 -43.1564 -23.5294 -19.0245 -35.6251 32.8858 -48.3610 -28.4120 13.0989 -39.6034 -16.6146 -45.0936 -32.9621 29.7427 -45.3553
28.9516 -32.6535 -45.7797 -15.8696 -39.3609 12.4223 -28.2320 -48.2138 33.7583 -35.4853 -21.5212 -23.2552 -42.9721 22.3854 -30.9786 -48.6629 -3.2426 -37.0500 4.2166 -26.3272 -45.9393 31.1656 -33.2011 -44.7262 -16.3886 -39.3246 11.7181 -27.8796 -47.7288 34.9765 -34.6904 -35.0311 -20.6293 -41.0991 16.5486 -29.1912 -48.7503 29.7363 -35.8079 -18.0462 -23.3542 -42.8188 21.3193 -30.5282 -48.8900 8.5051 -36.4959 -2.1726 -25.3165 -44.5963 35.2355 -44.5963 -25.3165 -2.1726 -36.4959 8.5051 -48.8900 -30.5282 21.3193 -42.8188 -23.3542 -18.0462 -35.8079 29.7363 -48.7503 -29.1912 16.5486 -41.0991 -20.6293 -35.0311 -34.6904 34.9765 -47.7288 -27.8796 11.7181 -39.3246 -16.3886 -44.7262 -33.2011 31.1656 -45.9393 -26.3272 4.2166 -37.0500 -3.2426 -48.6629 -30.9786 22.3854 -42.9721 -23.2552 -21.5212 -35.4853 33.7583 -48.2138 -28.2320 12.4223 -39.3609 -15.8696 -45.7797 -32.6535 28.9516
-31.8868 -46.3742 -15.0600 -39.1167 11.7272 -28.0503 -48.0553 34.3800 -35.3316 -24.1537 -22.9312 -42.7528 21.7999 -30.8340 -48.7081 -1.9231 -36.9575 3.9308 -26.3040 -45.9393 31.2559 -33.2505 -44.4375 -16.7315 -39.4628 12.1741 -28.0131 -47.8737 34.9549 -34.8483 -33.1931 -21.0626 -41.3407 17.2062 -29.3771 -48.8370 27.7717 -35.9383 -15.3286 -23.6739 -43.0621 22.0205 -30.7204 -48.8029 4.9792 -36.5399 -0.6657 -25.5139 -44.7586 27.9926 -36.2287 27.9926 -44.7586 -25.5139 -0.6657 -36.5399 4.9792 -48.8029 -30.7204 22.0205 -43.0621 -23.6739 -15.3286 -35.9383 27.7717 -48.8370 -29.3771 17.2062 -41.3407 -21.0626 -33.1931 -34.8483 34.9549 -47.8737 -28.0131 12.1741 -39.4628 -16.7315 -44.4375 -33.2505 31.2559 -45.9393 -26.3040 3.9308 -36.9575 -1.9231 -48.7081 -30.8340 21.7999 -42.7528 -22.9312 -24.1537 -35.3316 34.3800 -48.0553 -28.0503 11.7272 -39.1167 -15.0600 -46.3742 -31.8868
-47.2662 -14.1861 -38.8735 11.0119 -27.8659 -47.8820 34.7741 -35.1722 -26.7144 -22.5774 -42.5129 21.1403 -30.6646 -48.7535 0.0589 -36.8145 3.3826 -26.2381 -45.8776 31.1656 -33.2505 -44.3347 -16.9034 -39.5508 12.4989 -28.1164 -47.9886 34.8321 -34.9861 -31.4084 -21.4472 -41.5725 17.8581 -29.5629 -48.9052 25.4207 -36.0598 -12.6986 -23.9791 -43.3052 22.7300 -30.9132 -48.7325 1.7541 -36.5784 0.6940 -25.7126 -45.0002 27.9273 -33.3979 -24.2827 -33.3979 27.9273 -45.0002 -25.7126 0.6940 -36.5784 1.7541 -48.7325 -30.9132 22.7300 -43.3052 -23.9791 -12.6986 -36.0598 25.4207 -48.9052 -29.5629 17.8581 -41.5725 -21.4472 -31.4084 -34.9861 34.8321 -47.9886 -28.1164 12.4989 -39.5508 -16.9034 -44.3347 -33.2505 31.1656 -45.8776 -26.2381 3.3826 -36.8145 0.0589 -48.7535 -30.6646 21.1403 -42.5129 -22.5774 -26.7144 -35.1722 34.7741 -47.8820 -27.8659 11.0119 -38.8735 -14.1861 -47.2662
-14.5389 -38.6310 10.2806 -27.6831 -47.6974 34.9611 -35.0053 -29.1306 -22.2077 -42.2695 20.4491 -30.4789 -48.8259 2.6706 -36.6520 2.5865 -26.1348 -45.7605 30.8945 -33.2011 -44.4375 -16.9034 -39.5813 12.6698 -28.1804 -48.0664 34.6642 -35.0978 -29.7573 -21.7704 -41.7798 18.4650 -29.7387 -48.9522 22.7186 -36.1715 -10.2154 -24.2698 -43.5479 23.4476 -31.1067 -48.6742 -1.0945 -36.7100 1.9289 -25.8943 -45.2350 28.6773 -32.5302 -46.5777 -23.9738 -46.5777 -32.5302 28.6773 -45.2350 -25.8943 1.9289 -36.7100 -1.0945 -48.6742 -31.1067 23.4476 -43.5479 -24.2698 -10.2154 -36.1715 22.7186 -48.9522 -29.7387 18.4650 -41.7798 -21.7704 -29.7573 -35.0978 34.6642 -48.0664 -28.1804 12.6698 -39.5813 -16.9034 -44.4375 -33.2011 30.8945 -45.7605 -26.1348 2.5865 -36.6520 2.6706 -48.8259 -30.4789 20.4491 -42.2695 -22.2077 -29.1306 -35.0053 34.9611 -47.6974 -27.6831 10.2806 -38.6310 -14.5389
-38.9844 9.5383 -27.5018 -47.5067 34.9636 -34.8291 -31.4375 -21.8165 -42.0264 19.7654 -30.2876 -48.9083 5.8620 -36.5610 1.5703 -26.0038 -45.5965 30.4580 -33.1056 -44.7262 -16.7315 -39.5508 12.6698 -28.2021 -48.1057 34.5242 -35.1713 -28.4230 -22.0273 -41.9561 18.9898 -29.8947 -48.9768 19.8326 -36.2663 -7.9516 -24.5460 -43.7901 24.1731 -31.3006 -48.5811 -3.5603 -36.9320 3.0590 -26.0628 -45.4677 29.4184 -32.6756 -46.5898 -14.7664 -41.8057 -14.7664 -46.5898 -32.6756 29.4184 -45.4677 -26.0628 3.0590 -36.9320 -3.5603 -48.5811 -31.3006 24.1731 -43.7901 -24.5460 -7.9516 -36.2663 19.8326 -48.9768 -29.8947 18.9898 -41.9561 -22.0273 -28.4230 -35.1713 34.5242 -48.1057 -28.2021 12.6698 -39.5508 -16.7315 -44.7262 -33.1056 30.4580 -45.5965 -26.0038 1.5703 -36.5610 5.8620 -48.9083 -30.2876 19.7654 -42.0264 -21.8165 -31.4375 -34.8291 34.9636 -47.5067 -27.5018 9.5383 -38.9844
8.6145 -27.3212 -47.3059 34.8071 -34.6499 -33.5878 -21.4006 -41.7801 19.0887 -30.0972 -48.9595 9.4437 -36.5302 0.3572 -25.8468 -45.3981 29.8898 -32.9719 -45.1632 -16.3886 -39.4628 12.4989 -28.1804 -48.1057 34.4675 -35.2094 -27.5906 -22.2021 -42.0915 19.4235 -30.0298 -48.9838 17.0239 -36.3421 -6.0317 -24.7970 -44.0281 24.9060 -31.4950 -48.4498 -5.6793 -37.1554 4.1017 -26.2274 -45.6979 30.1492 -32.8695 -46.0518 -14.6886 -39.0106 21.8676 -39.0106 -14.6886 -46.0518 -32.8695 30.1492 -45.6979 -26.2274 4.1017 -37.1554 -5.6793 -48.4498 -31.4950 24.9060 -44.0281 -24.7970 -6.0317 -36.3421 17.0239 -48.9838 -30.0298 19.4235 -42.0915 -22.2021 -27.5906 -35.2094 34.4675 -48.1057 -28.1804 12.4989 -39.4628 -16.3886 -45.1632 -32.9719 29.8898 -45.3981 -25.8468 0.3572 -36.5302 9.4437 -48.9595 -30.0972 19.0887 -41.7801 -21.4006 -33.5878 -34.6499 34.8071 -47.3059 -27.3212 8.6145
-25.9569 -47.0979 34.5157 -34.4671 -35.5272 -20.9624 -41.5276 18.4004 -29.9060 -48.9810 13.1329 -36.4820 -1.0382 -25.6631 -45.1748 29.2181 -32.8100 -45.6740 -15.8914 -39.3246 12.1741 -28.1164 -48.0664 34.5242 -35.2094 -27.3051 -22.2885 -42.1749 19.7335 -30.1356 -48.9780 14.4745 -36.4058 -4.4681 -25.0104 -44.2482 25.6135 -31.6869 -48.2764 -7.5031 -37.3800 5.0716 -26.3932 -45.9255 30.8641 -33.0627 -45.4350 -15.5001 -39.0060 11.4021 -32.8035 11.4021 -39.0060 -15.5001 -45.4350 -33.0627 30.8641 -45.9255 -26.3932 5.0716 -37.3800 -7.5031 -48.2764 -31.6869 25.6135 -44.2482 -25.0104 -4.4681 -36.4058 14.4745 -48.9780 -30.1356 19.7335 -42.1749 -22.2885 -27.3051 -35.2094 34.5242 -48.0664 -28.1164 12.1741 -39.3246 -15.8914 -45.6740 -32.8100 29.2181 -45.1748 -25.6631 -1.0382 -36.4820 13.1329 -48.9810 -29.9060 18.4004 -41.5276 -20.9624 -35.5272 -34.4671 34.5157 -47.0979 -25.9569
-46.8155 34.1055 -34.2782 -37.2987 -20.4985 -41.2754 17.7074 -29.7135 -48.9746 16.7468 -36.4180 -2.5867 -25.4601 -44.9396 28.4856 -32.6256 -46.2047 -15.2537 -39.1468 11.7181 -28.0131 -47.9886 34.6642 -35.1713 -27.5906 -22.2885 -42.2027 19.8891 -30.2008 -48.9662 12.4292 -36.4538 -3.2051 -25.1891 -44.4401 26.2513 -31.8651 -48.0673 -9.0623 -37.6059 5.9809 -26.5602 -46.1499 31.5563 -33.2551 -44.7280 -16.2441 -39.2404 11.3806 -28.6816 -48.7003 -28.6816 11.3806 -39.2404 -16.2441 -44.7280 -33.2551 31.5563 -46.1499 -26.5602 5.9809 -37.6059 -9.0623 -48.0673 -31.8651 26.2513 -44.4401 -25.1891 -3.2051 -36.4538 12.4292 -48.9662 -30.2008 19.8891 -42.2027 -22.2885 -27.5906 -35.1713 34.6642 -47.9886 -28.0131 11.7181 -39.1468 -15.2537 -46.2047 -32.6256 28.4856 -44.9396 -25.4601 -2.5867 -36.4180 16.7468 -48.9746 -29.7135 17.7074 -41.2754 -20.4985 -37.2987 -34.2782 34.1055 -46.8155
32.1450 -33.9393 -38.8861 -20.0120 -41.0267 17.0271 -29.5193 -48.9435 20.1785 -36.3397 -4.3116 -25.2410 -44.7026 27.7378 -32.4311 -46.7115 -14.4730 -38.9396 11.1495 -27.8796 -47.8737 34.8321 -35.0978 -28.4230 -22.2021 -42.1749 19.8891 -30.2226 -48.9580 11.1619 -36.4827 -2.2860 -25.3339 -44.6076 26.8067 -32.0211 -47.8408 -10.3347 -37.8232 6.8279 -26.7285 -46.3708 32.2178 -33.4463 -43.9219 -16.9336 -39.4756 12.0659 -27.9865 -47.5051 -2.1285 -47.5051 -27.9865 12.0659 -39.4756 -16.9336 -43.9219 -33.4463 32.2178 -46.3708 -26.7285 6.8279 -37.8232 -10.3347 -47.8408 -32.0211 26.8067 -44.6076 -25.3339 -2.2860 -36.4827 11.1619 -48.9580 -30.2226 19.8891 -42.1749 -22.2021 -28.4230 -35.0978 34.8321 -47.8737 -27.8796 11.1495 -38.9396 -14.4730 -46.7115 -32.4311 27.7378 -44.7026 -25.2410 -4.3116 -36.3397 20.1785 -48.9435 -29.5193 17.0271 -41.0267 -20.0120 -38.8861 -33.9393 32.1450
-33.3825 -40.2951 -19.5028 -40.7759 16.3430 -29.3244 -48.8883 23.3457 -36.2502 -6.2331 -25.0064 -44.4641 26.9888 -32.2363 -47.1532 -13.5684 -38.7134 10.5013 -27.7263 -47.7288 34.9549 -34.9861 -29.7573 -22.0273 -42.0915 19.7335 -30.2008 -48.9580 10.7397 -36.4959 -1.7472 -25.4334 -44.7403 27.2778 -32.1539 -47.6120 -11.3342 -38.0189 7.5769 -26.8908 -46.5848 32.8393 -33.6361 -43.0073 -17.5761 -39.7118 12.7371 -28.1341 -47.9491 34.8840 -37.6140 34.8840 -47.9491 -28.1341 12.7371 -39.7118 -17.5761 -43.0073 -33.6361 32.8393 -46.5848 -26.8908 7.5769 -38.0189 -11.3342 -47.6120 -32.1539 27.2778 -44.7403 -25.4334 -1.7472 -36.4959 10.7397 -48.9580 -30.2008 19.7335 -42.0915 -22.0273 -29.7573 -34.9861 34.9549 -47.7288 -27.7263 10.5013 -38.7134 -13.5684 -47.1532 -32.2363 26.9888 -44.4641 -25.0064 -6.2331 -36.2502 23.3457 -48.8883 -29.3244 16.3430 -40.7759 -19.5028 -40.2951 -33.3825
-42.5105 -18.9591 -40.5258 15.6607 -29.1312 -48.8112 26.0996 -36.1457 -8.4003 -24.7553 -44.2243 26.2414 -32.0413 -47.5285 -12.5699 -38.4818 9.7981 -27.5581 -47.5602 34.9765 -34.8483 -31.4084 -21.7704 -41.9561 19.4235 -30.1356 -48.9662 11.1619 -36.4959 -1.5720 -25.4819 -44.8217 27.6203 -32.2587 -47.3973 -12.1062 -38.1890 8.2076 -27.0360 -46.7792 33.3849 -33.8165 -41.9898 -18.1777 -39.9490 13.4010 -28.3135 -48.1283 34.6348 -35.7526 4.7901 -35.7526 34.6348 -48.1283 -28.3135 13.4010 -39.9490 -18.1777 -41.9898 -33.8165 33.3849 -46.7792 -27.0360 8.2076 -38.1890 -12.1062 -47.3973 -32.2587 27.6203 -44.8217 -25.4819 -1.5720 -36.4959 11.1619 -48.9662 -30.1356 19.4235 -41.9561 -21.7704 -31.4084 -34.8483 34.9765 -47.5602 -27.5581 9.7981 -38.4818 -12.5699 -47.5285 -32.0413 26.2414 -44.2243 -24.7553 -8.4003 -36.1457 26.0996 -48.8112 -29.1312 15.6607 -40.5258 -18.9591 -42.5105
-18.2549 -40.2785 14.9855 -28.9390 -48.7154 28.4284 -36.0244 -10.8433 -24.4832 -43.9800 25.4977 -31.8463 -47.8434 -11.4584 -38.2512 9.0646 -27.3838 -47.3723 34.8682 -34.6904 -33.1931 -21.4472 -41.7798 18.9898 -30.0298 -48.9780 12.4292 -36.4827 -1.7472 -25.4819 -44.8488 27.7915 -32.3256 -47.2276 -12.6750 -38.3301 8.7217 -27.1599 -46.9430 33.8180 -33.9793 -40.9168 -18.7199 -40.1836 14.0598 -28.4941 -48.2816 34.1281 -35.2849 -25.5817 -28.7854 -25.5817 -35.2849 34.1281 -48.2816 -28.4941 14.0598 -40.1836 -18.7199 -40.9168 -33.9793 33.8180 -46.9430 -27.1599 8.7217 -38.3301 -12.6750 -47.2276 -32.3256 27.7915 -44.8488 -25.4819 -1.7472 -36.4827 12.4292 -48.9780 -30.0298 18.9898 -41.7798 -21.4472 -33.1931 -34.6904 34.8682 -47.3723 -27.3838 9.0646 -38.2512 -11.4584 -47.8434 -31.8463 25.4977 -43.9800 -24.4832 -10.8433 -36.0244 28.4284 -48.7154 -28.9390 14.9855 -40.2785 -18.2549
-40.4663 14.3030 -28.7487 -48.6021 30.3468 -35.8965 -13.4743 -24.1928 -43.7313 24.7487 -31.6511 -48.1035 -10.2092 -38.0219 8.3066 -27.2107 -47.1750 34.6270 -34.5170 -35.0311 -21.0626 -41.5725 18.4650 -29.8947 -48.9838 14.4745 -36.4538 -2.2860 -25.4334 -44.8217 27.7915 -32.3479 -47.1356 -13.0253 -38.4323 9.1180 -27.2633 -47.0778 34.1451 -34.1218 -39.8584 -19.1878 -40.4021 14.6873 -28.6732 -48.4235 33.3911 -35.3948 -25.6500 -23.0466 -45.6752 -23.0466 -25.6500 -35.3948 33.3911 -48.4235 -28.6732 14.6873 -40.4021 -19.1878 -39.8584 -34.1218 34.1451 -47.0778 -27.2633 9.1180 -38.4323 -13.0253 -47.1356 -32.3479 27.7915 -44.8217 -25.4334 -2.2860 -36.4538 14.4745 -48.9838 -29.8947 18.4650 -41.5725 -21.0626 -35.0311 -34.5170 34.6270 -47.1750 -27.2107 8.3066 -38.0219 -10.2092 -48.1035 -31.6511 24.7487 -43.7313 -24.1928 -13.4743 -35.8965 30.3468 -48.6021 -28.7487 14.3030 -40.4663
13.6986 -28.5417 -48.4745 31.8622 -35.7600 -16.2213 -23.8878 -43.4789 23.9872 -31.4516 -48.3164 -8.7918 -37.7937 7.5187 -27.0389 -46.9718 34.2754 -34.3378 -36.7799 -20.6293 -41.3407 17.8581 -29.7387 -48.9768 17.0239 -36.4058 -3.2051 -25.3339 -44.7403 27.6203 -32.3256 -47.1356 -13.1393 -38.4851 9.3714 -27.3399 -47.1845 34.3860 -34.2421 -38.8649 -19.5836 -40.5973 15.2484 -28.8402 -48.5476 32.3924 -35.5457 -23.0193 -22.7416 -42.5451 32.9702 -42.5451 -22.7416 -23.0193 -35.5457 32.3924 -48.5476 -28.8402 15.2484 -40.5973 -19.5836 -38.8649 -34.2421 34.3860 -47.1845 -27.3399 9.3714 -38.4851 -13.1393 -47.1356 -32.3256 27.6203 -44.7403 -25.3339 -3.2051 -36.4058 17.0239 -48.9768 -29.7387 17.8581 -41.3407 -20.6293 -36.7799 -34.3378 34.2754 -46.9718 -27.0389 7.5187 -37.7937 -8.7918 -48.3164 -31.4516 23.9872 -43.4789 -23.8878 -16.2213 -35.7600 31.8622 -48.4745 -28.5417 13.6986
-27.3145 -48.3314 33.0439 -35.6109 -19.0710 -23.5649 -43.2259 23.2332 -31.2494 -48.4848 -7.1421 -37.5663 6.6950 -26.8683 -46.7632 33.8319 -34.1558 -38.3605 -20.1683 -41.0991 17.2062 -29.5629 -48.9522 19.8326 -36.3421 -4.4681 -25.1891 -44.6076 27.2778 -32.2587 -47.2276 -13.0253 -38.4851 9.4553 -27.3795 -47.2528 34.5416 -34.3381 -37.9692 -19.9083 -40.7689 15.7439 -28.9875 -48.6480 31.1972 -35.6842 -20.3543 -23.0782 -42.6150 21.4713 -34.9976 21.4713 -42.6150 -23.0782 -20.3543 -35.6842 31.1972 -48.6480 -28.9875 15.7439 -40.7689 -19.9083 -37.9692 -34.3381 34.5416 -47.2528 -27.3795 9.4553 -38.4851 -13.0253 -47.2276 -32.2587 27.2778 -44.6076 -25.1891 -4.4681 -36.3421 19.8326 -48.9522 -29.5629 17.2062 -41.0991 -20.1683 -38.3605 -34.1558 33.8319 -46.7632 -26.8683 6.6950 -37.5663 -7.1421 -48.4848 -31.2494 23.2332 -43.2259 -23.5649 -19.0710 -35.6109 33.0439 -48.3314 -27.3145
-48.0386 33.8947 -35.4566 -21.9087 -23.2271 -42.9749 22.4949 -31.0475 -48.6109 -5.1762 -37.3344 5.8155 -26.6990 -46.5497 33.3128 -33.9713 -39.7821 -19.6836 -40.8582 16.5486 -29.3771 -48.9052 22.7186 -36.2663 -6.0317 -25.0104 -44.4401 26.8067 -32.1539 -47.3973 -12.6750 -38.4323 9.3714 -27.3795 -47.2754 34.6140 -34.3999 -37.2709 -20.1617 -40.9132 16.1742 -29.1160 -48.7266 29.9195 -35.8026 -17.8501 -23.3964 -42.8573 21.4356 -31.6508 -41.1864 -31.6508 21.4356 -42.8573 -23.3964 -17.8501 -35.8026 29.9195 -48.7266 -29.1160 16.1742 -40.9132 -20.1617 -37.2709 -34.3999 34.6140 -47.2754 -27.3795 9.3714 -38.4323 -12.6750 -47.3973 -32.1539 26.8067 -44.4401 -25.0104 -6.0317 -36.2663 22.7186 -48.9052 -29.3771 16.5486 -40.8582 -19.6836 -39.7821 -33.9713 33.3128 -46.5497 -26.6990 5.8155 -37.3344 -5.1762 -48.6109 -31.0475 22.4949 -42.9749 -23.2271 -21.9087 -35.4566 33.8947 -48.0386
28.9459 -35.0873 -24.6725 -22.8721 -42.7210 21.7579 -30.8472 -48.6966 -2.8730 -37.1011 4.8692 -26.5288 -46.3320 32.7324 -33.7847 -41.0552 -19.1728 -40.6179 15.8934 -29.1912 -48.8370 25.4207 -36.1715 -7.9516 -24.7970 -44.2482 26.2513 -32.0211 -47.6120 -12.1062 -38.3301 9.1180 -27.3399 -47.2528 34.6140 -34.4205 -36.8979 -20.3225 -41.0200 16.5206 -29.2261 -48.7882 28.6351 -35.9005 -15.6741 -23.6700 -43.0798 22.1120 -30.7946 -48.7247 -19.6860 -48.7247 -30.7946 22.1120 -43.0798 -23.6700 -15.6741 -35.9005 28.6351 -48.7882 -29.2261 16.5206 -41.0200 -20.3225 -36.8979 -34.4205 34.6140 -47.2528 -27.3399 9.1180 -38.3301 -12.1062 -47.6120 -32.0211 26.2513 -44.2482 -24.7970 -7.9516 -36.1715 25.4207 -48.8370 -29.1912 15.8934 -40.6179 -19.1728 -41.0552 -33.7847 32.7324 -46.3320 -26.5288 4.8692 -37.1011 -2.8730 -48.6966 -30.8472 21.7579 -42.7210 -22.8721 -24.6725 -35.0873 28.9459
-34.8120 -27.3144 -22.5007 -42.4678 21.0318 -30.6481 -48.7570 -0.2127 -36.8712 3.8532 -26.3561 -46.1048 32.0957 -33.5962 -42.1906 -18.6330 -40.3783 15.2394 -29.0063 -48.7503 27.7717 -36.0598 -10.2154 -24.5460 -44.0281 25.6135 -31.8651 -47.8408 -11.3342 -38.1890 8.7217 -27.2633 -47.1845 34.5416 -34.3999 -36.8979 -20.3755 -41.0751 16.7457 -29.3083 -48.8334 27.3952 -35.9824 -13.8480 -23.8984 -43.2742 22.7205 -30.9277 -48.7270 -1.2823 -39.4457 -1.2823 -48.7270 -30.9277 22.7205 -43.2742 -23.8984 -13.8480 -35.9824 27.3952 -48.8334 -29.3083 16.7457 -41.0751 -20.3755 -36.8979 -34.3999 34.5416 -47.1845 -27.2633 8.7217 -38.1890 -11.3342 -47.8408 -31.8651 25.6135 -44.0281 -24.5460 -10.2154 -36.0598 27.7717 -48.7503 -29.0063 15.2394 -40.3783 -18.6330 -42.1906 -33.5962 32.0957 -46.1048 -26.3561 3.8532 -36.8712 -0.2127 -48.7570 -30.6481 21.0318 -42.4678 -22.5007 -27.3144 -34.8120
-31.5868 -22.1153 -42.2171 20.3205 -30.4477 -48.8357 2.8931 -36.6637 2.7428 -26.1842 -45.8705 31.4103 -33.4071 -43.1992 -18.0605 -40.1396 14.5851 -28.8226 -48.6471 29.7363 -35.9383 -12.6986 -24.2698 -43.7901 24.9060 -31.6869 -48.0673 -10.3347 -38.0189 8.2076 -27.1599 -47.0778 34.3860 -34.3381 -37.2709 -20.3225 -41.0751 16.8209 -29.3509 -48.8595 26.3729 -36.0472 -12.3342 -24.0855 -43.4408 23.2528 -31.0812 -48.6749 -1.2628 -36.9914 15.8277 -36.9914 -1.2628 -48.6749 -31.0812 23.2528 -43.4408 -24.0855 -12.3342 -36.0472 26.3729 -48.8595 -29.3509 16.8209 -41.0751 -20.3225 -37.2709 -34.3381 34.3860 -47.0778 -27.1599 8.2076 -38.0189 -10.3347 -48.0673 -31.6869 24.9060 -43.7901 -24.2698 -12.6986 -35.9383 29.7363 -48.6471 -28.8226 14.5851 -40.1396 -18.0605 -43.1992 -33.4071 31.4103 -45.8705 -26.1842 2.7428 -36.6637 2.8931 -48.8357 -30.4477 20.3205 -42.2171 -22.1153 -31.5868
-20.8518 -41.9636 19.6101 -30.2496 -48.9179 6.3896 -36.5617 1.5350 -26.0135 -45.6349 30.6905 -33.2118 -44.1021 -17.4512 -39.9017 13.9290 -28.6400 -48.5289 31.3358 -35.8079 -15.3286 -23.9791 -43.5479 24.1731 -31.4950 -48.2764 -9.0623 -37.8232 7.5769 -27.0360 -46.9430 34.1451 -34.2421 -37.9692 -20.1617 -41.0200 16.7457 -29.3509 -48.8677 25.8150 -36.0873 -11.2245 -24.2337 -43.5789 23.7048 -31.2096 -48.6109 -3.2429 -36.9314 4.1988 -31.5818 4.1988 -36.9314 -3.2429 -48.6109 -31.2096 23.7048 -43.5789 -24.2337 -11.2245 -36.0873 25.8150 -48.8677 -29.3509 16.7457 -41.0200 -20.1617 -37.9692 -34.2421 34.1451 -46.9430 -27.0360 7.5769 -37.8232 -9.0623 -48.2764 -31.4950 24.1731 -43.5479 -23.9791 -15.3286 -35.8079 31.3358 -48.5289 -28.6400 13.9290 -39.9017 -17.4512 -44.1021 -33.2118 30.6905 -45.6349 -26.0135 1.5350 -36.5617 6.3896 -48.9179 -30.2496 19.6101 -41.9636 -20.8518
-42.0004 18.9070 -30.0526 -48.9654 10.1181 -36.5276 0.2059 -25.8342 -45.3940 29.9399 -33.0125 -44.9074 -16.7902 -39.6647 13.2694 -28.4585 -48.3970 32.5987 -35.6695 -18.0462 -23.6739 -43.3052 23.4476 -31.3006 -48.4498 -7.5031 -37.6059 6.8279 -26.8908 -46.7792 33.8180 -34.1218 -38.8649 -19.9083 -40.9132 16.5206 -29.3083 -48.8595 25.8150 -36.1005 -10.6646 -24.3302 -43.6821 24.0660 -31.3144 -48.5435 -4.7016 -37.0913 3.9512 -26.9878 -48.5223 -26.9872 3.9514 -37.0914 -4.7008 -48.5435 -31.3157 24.0659 -43.6822 -24.3302 -10.6646 -36.1005 25.8150 -48.8595 -29.3083 16.5206 -40.9132 -19.9083 -38.8649 -34.1218 33.8180 -46.7792 -26.8908 6.8279 -37.6059 -7.5031 -48.4498 -31.3006 23.4476 -43.3052 -23.6739 -18.0462 -35.6695 32.5987 -48.3970 -28.4585 13.2694 -39.6647 -16.7902 -44.9074 -33.0125 29.9399 -45.3940 -25.8342 0.2059 -36.5276 10.1181 -48.9654 -30.0526 18.9070 -42.0004
18.4579 -29.8141 -48.9813 13.9655 -36.4750 -1.2689 -25.6391 -45.1511 29.1759 -32.8128 -45.6113 -16.0685 -39.4248 12.6025 -28.2782 -48.2528 33.5571 -35.5238 -20.7835 -23.3542 -43.0621 22.7300 -31.1067 -48.5811 -5.6793 -37.3800 5.9809 -26.7285 -46.5848 33.3849 -33.9793 -39.8584 -19.5836 -40.7689 16.1742 -29.2261 -48.8334 26.3729 -36.0873 -10.6646 -24.3622 -43.7375 24.3056 -31.3960 -48.4788 -5.7881 -37.2272 4.6146 -26.4311 -45.8304 27.8583 -45.8217 -26.4688 4.6440 -37.2363 -5.7982 -48.4759 -31.4920 24.3033 -43.7376 -24.3622 -10.6646 -36.0873 26.3729 -48.8334 -29.2261 16.1742 -40.7689 -19.5836 -39.8584 -33.9793 33.3849 -46.5848 -26.7285 5.9809 -37.3800 -5.6793 -48.5811 -31.1067 22.7300 -43.0621 -23.3542 -20.7835 -35.5238 33.5571 -48.2528 -28.2782 12.6025 -39.4248 -16.0685 -45.6113 -32.8128 29.1759 -45.1511 -25.6391 -1.2689 -36.4750 13.9655 -48.9813 -29.8141 18.4579
-28.7192 -48.9678 17.6793 -36.4079 -2.8940 -25.4269 -44.9085 28.4091 -32.6098 -46.2278 -15.2771 -39.1798 11.9102 -28.0973 -48.0974 34.2436 -35.3717 -23.4756 -23.0196 -42.8188 22.0205 -30.9132 -48.6742 -3.5603 -37.1554 5.0716 -26.5602 -46.3708 32.8393 -33.8165 -40.9168 -19.1878 -40.5973 15.7439 -29.1160 -48.7882 27.3952 -36.0472 -11.2245 -24.3302 -43.7375 24.3892 -31.4439 -48.4224 -6.9663 -37.4996 6.2643 -27.5876 -46.4574 33.3220 -37.2400 33.6952 -46.3499 -29.3203 7.8455 -37.9198 -12.7903 -48.0154 -32.5315 24.3838 -43.7375 -24.3302 -11.2245 -36.0472 27.3952 -48.7882 -29.1160 15.7439 -40.5973 -19.1878 -40.9168 -33.8165 32.8393 -46.3708 -26.5602 5.0716 -37.1554 -3.5603 -48.6742 -30.9132 22.0205 -42.8188 -23.0196 -23.4756 -35.3717 34.2436 -48.0974 -28.0973 11.9102 -39.1798 -15.2771 -46.2278 -32.6098 28.4091 -44.9085 -25.4269 -2.8940 -36.4079 17.6793 -48.9678 -28.7192
-48.7626 21.0434 -36.3209 -4.7312 -25.1956 -44.6610 27.6288 -32.4083 -46.7581 -14.4126 -38.9364 11.1987 -27.9140 -47.9290 34.6905 -35.2137 -26.0687 -22.6699 -42.5754 21.3193 -30.7204 -48.7325 -1.0945 -36.9320 4.1017 -26.3932 -46.1499 32.2178 -33.6361 -41.9898 -18.7199 -40.4021 15.2484 -28.9875 -48.7266 28.6351 -35.9824 -12.3342 -24.2337 -43.6821 24.3056 -31.4439 -48.3977 -21.2220 -39.6057 19.1346 -30.2207 -48.4988 32.0959 -36.7421 19.8498 -35.1140 -19.8605 -39.5763 -31.9393 31.9742 -45.4187 -25.2496 -34.8830 -33.3260 24.3005 -43.6822 -24.2337 -12.3342 -35.9824 28.6351 -48.7266 -28.9875 15.2484 -40.4021 -18.7199 -41.9898 -33.6361 32.2178 -46.1499 -26.3932 4.1017 -36.9320 -1.0945 -48.7325 -30.7204 21.3193 -42.5754 -22.6699 -26.0687 -35.2137 34.6905 -47.9290 -27.9140 11.1987 -38.9364 -14.4126 -46.7581 -32.4083 27.6288 -44.6610 -25.1956 -4.7312 -36.3209 21.0434 -48.7626
11.9134 -35.9330 -6.7871 -24.9478 -44.4125 26.8494 -32.2067 -47.2059 -13.4708 -38.6941 10.4724 -27.7297 -47.7462 34.9308 -35.0494 -28.5238 -22.3043 -42.3321 20.6261 -30.5282 -48.8029 1.7541 -36.7100 3.0590 -26.2274 -45.9255 31.5563 -33.4463 -43.0073 -18.1777 -40.1836 14.6873 -28.8402 -48.6480 29.9195 -35.9005 -13.8480 -24.0855 -43.5789 24.0660 -31.3960 -48.4228 -21.2317 -20.6360 39.0869 18.3233 47.7740 -81.3455 -67.4939 -62.2673 31.3278 -43.6121 -31.6352 -31.1941 33.9302 -34.1837 -22.6877 8.4766 -47.1842 -35.3060 -32.4648 24.0638 -43.5789 -24.0852 -13.8474 -35.8994 29.9196 -48.6487 -28.8393 14.6874 -40.1837 -18.1777 -43.0073 -33.4463 31.5563 -45.9255 -26.2274 3.0590 -36.7100 1.7541 -48.8043 -30.5270 20.6262 -42.3321 -22.3044 -28.5240 -35.0481 34.9305 -47.7467 -27.7289 10.4725 -38.6941 -13.4710 -47.2058 -32.2067 26.8494 -44.4126 -24.9477 -6.7874 -35.9320 11.9139
-36.0641 -9.0505 -24.6849 -44.1626 26.0716 -32.0026 -47.5874 -12.4158 -38.4527 9.7274 -27.5478 -47.5552 34.9792 -34.8767 -30.8488 -21.9221 -42.0889 19.9405 -30.3367 -48.8900 4.9792 -36.5784 1.9289 -26.0628 -45.6979 30.8641 -33.2551 -43.9219 -17.5761 -39.9490 14.0598 -28.6732 -48.5476 31.1972 -35.8026 -15.6741 -23.8984 -43.4408 23.7048 -31.3144 -48.4791 -7.2622 -38.9159 -41.1479 36.8633 18.3055 -56.9612 -19.8628 -1.8054 -39.6047 36.6918 -21.8141 -20.2727 -36.0533 32.1210 -38.3868 -42.5020 -29.4955 16.1017 -19.8676 -48.1689 -31.4696 23.6904 -43.4327 -23.9158 -15.7066 -35.8655 31.2597 -48.5128 -28.7237 14.0530 -39.9479 -17.5791 -43.9297 -33.3344 30.8633 -45.6872 -26.0965 1.9187 -36.5860 5.0865 -48.8246 -30.3983 19.9340 -42.0852 -21.9315 -30.8990 -34.9493 34.9939 -47.5322 -27.5891 9.7110 -38.4497 -12.4029 -47.5913 -32.0765 26.0660 -44.1558 -24.7098 -9.0713 -36.1373
