0.2759 0.1868 0.1250 0.4938 0.1200 0.1822 0.4218 0.1110 0.3237 0.1566 0.1318 0.5046 0.1164 0.2012 0.3758 0.1123 0.3654 0.1419 0.1405 0.5002 0.1137 0.2239 0.3189 0.1149 0.4106 0.1324 0.1511 0.4855 0.1118 0.2506 0.2537 0.1188 0.4555 0.1257 0.1640 0.4614 0.1108 0.2818 0.1937 0.1240 0.4903 0.1207 0.1796 0.4278 0.1109 0.3178 0.1598 0.1307 0.5041 0.1131 0.2661 0.1131 0.5041 0.1307 0.1598 0.3178 0.1109 0.4278 0.1796 0.1207 0.4903 0.1240 0.1937 0.2818 0.1108 0.4614 0.1640 0.1257 0.4555 0.1188 0.2537 0.2506 0.1118 0.4855 0.1511 0.1324 0.4106 0.1149 0.3189 0.2239 0.1137 0.5002 0.1405 0.1419 0.3654 0.1123 0.3758 0.2012 0.1164 0.5046 0.1318 0.1566 0.3237 0.1110 0.4218 0.1822 0.1200 0.4938 0.1250 0.1868 0.2759
0.1868 0.1301 0.5124 0.1172 0.1913 0.4404 0.1132 0.3429 0.1551 0.1378 0.5210 0.1146 0.2119 0.3957 0.1155 0.3870 0.1376 0.1469 0.5160 0.1129 0.2362 0.3395 0.1189 0.4341 0.1278 0.1583 0.5017 0.1120 0.2648 0.2729 0.1235 0.4788 0.1216 0.1720 0.4785 0.1120 0.2983 0.2049 0.1295 0.5102 0.1175 0.1887 0.4461 0.1130 0.3367 0.1592 0.1366 0.5208 0.1147 0.2131 0.2402 0.2131 0.1147 0.5208 0.1366 0.1592 0.3367 0.1130 0.4461 0.1887 0.1175 0.5102 0.1295 0.2049 0.2983 0.1120 0.4785 0.1720 0.1216 0.4788 0.1235 0.2729 0.2648 0.1120 0.5017 0.1583 0.1278 0.4341 0.1189 0.3395 0.2362 0.1129 0.5160 0.1469 0.1376 0.3870 0.1155 0.3957 0.2119 0.1146 0.5210 0.1378 0.1551 0.3429 0.1132 0.4404 0.1913 0.1172 0.5124 0.1301 0.1868
0.1250 0.5124 0.1168 0.1931 0.4357 0.1131 0.3488 0.1516 0.1390 0.5209 0.1140 0.2152 0.3881 0.1155 0.3939 0.1356 0.1485 0.5144 0.1124 0.2401 0.3301 0.1192 0.4411 0.1266 0.1601 0.4988 0.1116 0.2695 0.2624 0.1241 0.4847 0.1207 0.1743 0.4744 0.1117 0.3037 0.1959 0.1304 0.5129 0.1168 0.1914 0.4404 0.1128 0.3429 0.1550 0.1378 0.5210 0.1143 0.2119 0.3874 0.1272 0.3874 0.2119 0.1143 0.5210 0.1378 0.1550 0.3429 0.1128 0.4404 0.1914 0.1168 0.5129 0.1304 0.1959 0.3037 0.1117 0.4744 0.1743 0.1207 0.4847 0.1241 0.2624 0.2695 0.1116 0.4988 0.1601 0.1266 0.4411 0.1192 0.3301 0.2401 0.1124 0.5144 0.1485 0.1356 0.3939 0.1155 0.3881 0.2152 0.1140 0.5209 0.1390 0.1516 0.3488 0.1131 0.4357 0.1931 0.1168 0.5124 0.1250
0.4938 0.1172 0.1931 0.4338 0.1132 0.3534 0.1490 0.1402 0.5206 0.1137 0.2186 0.3803 0.1160 0.4009 0.1340 0.1501 0.5127 0.1122 0.2442 0.3206 0.1198 0.4480 0.1255 0.1621 0.4957 0.1115 0.2742 0.2519 0.1250 0.4902 0.1200 0.1766 0.4699 0.1118 0.3092 0.1876 0.1314 0.5153 0.1164 0.1942 0.4345 0.1131 0.3491 0.1515 0.1390 0.5209 0.1140 0.2152 0.3882 0.1153 0.5025 0.1153 0.3882 0.2152 0.1140 0.5209 0.1390 0.1515 0.3491 0.1131 0.4345 0.1942 0.1164 0.5153 0.1314 0.1876 0.3092 0.1118 0.4699 0.1766 0.1200 0.4902 0.1250 0.2519 0.2742 0.1115 0.4957 0.1621 0.1255 0.4480 0.1198 0.3206 0.2442 0.1122 0.5127 0.1501 0.1340 0.4009 0.1160 0.3803 0.2186 0.1137 0.5206 0.1402 0.1490 0.3534 0.1132 0.4338 0.1931 0.1172 0.4938
0.1200 0.1913 0.4357 0.1132 0.3552 0.1475 0.1410 0.5202 0.1135 0.2218 0.3727 0.1165 0.4077 0.1325 0.1517 0.5107 0.1120 0.2484 0.3108 0.1205 0.4549 0.1245 0.1641 0.4925 0.1115 0.2791 0.2416 0.1258 0.4952 0.1194 0.1791 0.4653 0.1119 0.3148 0.1800 0.1324 0.5172 0.1160 0.1971 0.4283 0.1134 0.3555 0.1484 0.1403 0.5206 0.1137 0.2186 0.3804 0.1159 0.4078 0.1103 0.4078 0.1159 0.3804 0.2186 0.1137 0.5206 0.1403 0.1484 0.3555 0.1134 0.4283 0.1971 0.1160 0.5172 0.1324 0.1800 0.3148 0.1119 0.4653 0.1791 0.1194 0.4952 0.1258 0.2416 0.2791 0.1115 0.4925 0.1641 0.1245 0.4549 0.1205 0.3108 0.2484 0.1120 0.5107 0.1517 0.1325 0.4077 0.1165 0.3727 0.2218 0.1135 0.5202 0.1410 0.1475 0.3552 0.1132 0.4357 0.1913 0.1200
0.1822 0.4404 0.1131 0.3534 0.1475 0.1414 0.5199 0.1133 0.2245 0.3657 0.1169 0.4142 0.1312 0.1533 0.5086 0.1119 0.2525 0.3009 0.1212 0.4615 0.1236 0.1661 0.4890 0.1115 0.2841 0.2313 0.1267 0.4999 0.1188 0.1816 0.4604 0.1121 0.3206 0.1734 0.1335 0.5186 0.1156 0.2000 0.4219 0.1137 0.3620 0.1456 0.1416 0.5200 0.1134 0.2222 0.3722 0.1165 0.4077 0.1284 0.1892 0.1284 0.4077 0.1165 0.3722 0.2222 0.1134 0.5200 0.1416 0.1456 0.3620 0.1137 0.4219 0.2000 0.1156 0.5186 0.1335 0.1734 0.3206 0.1121 0.4604 0.1816 0.1188 0.4999 0.1267 0.2313 0.2841 0.1115 0.4890 0.1661 0.1236 0.4615 0.1212 0.3009 0.2525 0.1119 0.5086 0.1533 0.1312 0.4142 0.1169 0.3657 0.2245 0.1133 0.5199 0.1414 0.1475 0.3534 0.1131 0.4404 0.1822
0.4218 0.1132 0.3488 0.1490 0.1410 0.5199 0.1133 0.2260 0.3607 0.1173 0.4198 0.1300 0.1549 0.5064 0.1118 0.2567 0.2912 0.1219 0.4679 0.1228 0.1682 0.4854 0.1115 0.2892 0.2213 0.1277 0.5041 0.1182 0.1841 0.4553 0.1122 0.3264 0.1675 0.1346 0.5197 0.1152 0.2031 0.4153 0.1140 0.3686 0.1431 0.1430 0.5193 0.1132 0.2258 0.3638 0.1170 0.4148 0.1310 0.1556 0.4420 0.1556 0.1310 0.4148 0.1170 0.3638 0.2258 0.1132 0.5193 0.1430 0.1431 0.3686 0.1140 0.4153 0.2031 0.1152 0.5197 0.1346 0.1675 0.3264 0.1122 0.4553 0.1841 0.1182 0.5041 0.1277 0.2213 0.2892 0.1115 0.4854 0.1682 0.1228 0.4679 0.1219 0.2912 0.2567 0.1118 0.5064 0.1549 0.1300 0.4198 0.1173 0.3607 0.2260 0.1133 0.5199 0.1410 0.1490 0.3488 0.1132 0.4218
0.1110 0.3429 0.1516 0.1402 0.5202 0.1133 0.2260 0.3588 0.1175 0.4238 0.1292 0.1562 0.5043 0.1117 0.2609 0.2814 0.1227 0.4740 0.1220 0.1703 0.4816 0.1116 0.2943 0.2117 0.1286 0.5078 0.1177 0.1867 0.4501 0.1124 0.3323 0.1623 0.1358 0.5204 0.1148 0.2062 0.4083 0.1144 0.3753 0.1409 0.1444 0.5183 0.1129 0.2295 0.3552 0.1175 0.4218 0.1297 0.1551 0.5038 0.1112 0.5038 0.1551 0.1297 0.4218 0.1175 0.3552 0.2295 0.1129 0.5183 0.1444 0.1409 0.3753 0.1144 0.4083 0.2062 0.1148 0.5204 0.1358 0.1623 0.3323 0.1124 0.4501 0.1867 0.1177 0.5078 0.1286 0.2117 0.2943 0.1116 0.4816 0.1703 0.1220 0.4740 0.1227 0.2814 0.2609 0.1117 0.5043 0.1562 0.1292 0.4238 0.1175 0.3588 0.2260 0.1133 0.5202 0.1402 0.1516 0.3429 0.1110
0.3237 0.1551 0.1390 0.5206 0.1135 0.2245 0.3607 0.1175 0.4252 0.1287 0.1572 0.5026 0.1117 0.2646 0.2723 0.1234 0.4798 0.1213 0.1725 0.4777 0.1116 0.2995 0.2026 0.1296 0.5109 0.1172 0.1894 0.4446 0.1127 0.3384 0.1579 0.1369 0.5209 0.1145 0.2094 0.4012 0.1148 0.3820 0.1388 0.1458 0.5170 0.1127 0.2333 0.3463 0.1181 0.4289 0.1285 0.1569 0.5037 0.1095 0.3537 0.1095 0.5037 0.1569 0.1285 0.4289 0.1181 0.3463 0.2333 0.1127 0.5170 0.1458 0.1388 0.3820 0.1148 0.4012 0.2094 0.1145 0.5209 0.1369 0.1579 0.3384 0.1127 0.4446 0.1894 0.1172 0.5109 0.1296 0.2026 0.2995 0.1116 0.4777 0.1725 0.1213 0.4798 0.1234 0.2723 0.2646 0.1117 0.5026 0.1572 0.1287 0.4252 0.1175 0.3607 0.2245 0.1135 0.5206 0.1390 0.1551 0.3237
0.1566 0.1378 0.5209 0.1137 0.2218 0.3657 0.1173 0.4238 0.1287 0.1576 0.5016 0.1116 0.2676 0.2647 0.1240 0.4848 0.1206 0.1746 0.4737 0.1117 0.3047 0.1942 0.1306 0.5135 0.1167 0.1920 0.4390 0.1129 0.3445 0.1541 0.1381 0.5210 0.1142 0.2128 0.3937 0.1152 0.3888 0.1369 0.1473 0.5156 0.1125 0.2372 0.3371 0.1187 0.4359 0.1274 0.1587 0.5009 0.1115 0.2708 0.1396 0.2708 0.1115 0.5009 0.1587 0.1274 0.4359 0.1187 0.3371 0.2372 0.1125 0.5156 0.1473 0.1369 0.3888 0.1152 0.3937 0.2128 0.1142 0.5210 0.1381 0.1541 0.3445 0.1129 0.4390 0.1920 0.1167 0.5135 0.1306 0.1942 0.3047 0.1117 0.4737 0.1746 0.1206 0.4848 0.1240 0.2647 0.2676 0.1116 0.5016 0.1576 0.1287 0.4238 0.1173 0.3657 0.2218 0.1137 0.5209 0.1378 0.1566
0.1318 0.5210 0.1140 0.2186 0.3727 0.1169 0.4198 0.1292 0.1572 0.5016 0.1116 0.2692 0.2596 0.1246 0.4887 0.1201 0.1766 0.4697 0.1118 0.3100 0.1863 0.1316 0.5156 0.1163 0.1947 0.4332 0.1132 0.3506 0.1507 0.1394 0.5209 0.1139 0.2161 0.3860 0.1156 0.3957 0.1352 0.1489 0.5140 0.1123 0.2412 0.3278 0.1193 0.4429 0.1263 0.1606 0.4980 0.1116 0.2707 0.2490 0.1445 0.2490 0.2707 0.1116 0.4980 0.1606 0.1263 0.4429 0.1193 0.3278 0.2412 0.1123 0.5140 0.1489 0.1352 0.3957 0.1156 0.3860 0.2161 0.1139 0.5209 0.1394 0.1507 0.3506 0.1132 0.4332 0.1947 0.1163 0.5156 0.1316 0.1863 0.3100 0.1118 0.4697 0.1766 0.1201 0.4887 0.1246 0.2596 0.2692 0.1116 0.5016 0.1572 0.1292 0.4198 0.1169 0.3727 0.2186 0.1140 0.5210 0.1318
0.5046 0.1146 0.2152 0.3803 0.1165 0.4142 0.1300 0.1562 0.5026 0.1116 0.2692 0.2579 0.1248 0.4912 0.1197 0.1783 0.4661 0.1119 0.3150 0.1795 0.1326 0.5174 0.1159 0.1975 0.4273 0.1134 0.3567 0.1478 0.1406 0.5205 0.1136 0.2195 0.3783 0.1161 0.4026 0.1336 0.1505 0.5122 0.1122 0.2453 0.3181 0.1200 0.4498 0.1253 0.1626 0.4949 0.1115 0.2755 0.2494 0.1262 0.5187 0.1262 0.2494 0.2755 0.1115 0.4949 0.1626 0.1253 0.4498 0.1200 0.3181 0.2453 0.1122 0.5122 0.1505 0.1336 0.4026 0.1161 0.3783 0.2195 0.1136 0.5205 0.1406 0.1478 0.3567 0.1134 0.4273 0.1975 0.1159 0.5174 0.1326 0.1795 0.3150 0.1119 0.4661 0.1783 0.1197 0.4912 0.1248 0.2579 0.2692 0.1116 0.5026 0.1562 0.1300 0.4142 0.1165 0.3803 0.2152 0.1146 0.5046
0.1164 0.2119 0.3881 0.1160 0.4077 0.1312 0.1549 0.5043 0.1117 0.2676 0.2596 0.1248 0.4921 0.1195 0.1794 0.4634 0.1120 0.3192 0.1740 0.1335 0.5187 0.1155 0.2004 0.4211 0.1137 0.3630 0.1452 0.1419 0.5199 0.1134 0.2229 0.3704 0.1166 0.4095 0.1321 0.1521 0.5102 0.1120 0.2494 0.3082 0.1207 0.4566 0.1243 0.1646 0.4916 0.1115 0.2804 0.2389 0.1260 0.5009 0.1068 0.5009 0.1260 0.2389 0.2804 0.1115 0.4916 0.1646 0.1243 0.4566 0.1207 0.3082 0.2494 0.1120 0.5102 0.1521 0.1321 0.4095 0.1166 0.3704 0.2229 0.1134 0.5199 0.1419 0.1452 0.3630 0.1137 0.4211 0.2004 0.1155 0.5187 0.1335 0.1740 0.3192 0.1120 0.4634 0.1794 0.1195 0.4921 0.1248 0.2596 0.2676 0.1117 0.5043 0.1549 0.1312 0.4077 0.1160 0.3881 0.2119 0.1164
0.2012 0.3957 0.1155 0.4009 0.1325 0.1533 0.5064 0.1117 0.2646 0.2647 0.1246 0.4912 0.1195 0.1798 0.4618 0.1121 0.3225 0.1700 0.1343 0.5196 0.1152 0.2032 0.4148 0.1141 0.3693 0.1428 0.1432 0.5191 0.1131 0.2264 0.3622 0.1171 0.4162 0.1308 0.1537 0.5081 0.1119 0.2536 0.2984 0.1214 0.4632 0.1234 0.1667 0.4881 0.1115 0.2854 0.2287 0.1270 0.5010 0.1153 0.2365 0.1153 0.5010 0.1270 0.2287 0.2854 0.1115 0.4881 0.1667 0.1234 0.4632 0.1214 0.2984 0.2536 0.1119 0.5081 0.1537 0.1308 0.4162 0.1171 0.3622 0.2264 0.1131 0.5191 0.1432 0.1428 0.3693 0.1141 0.4148 0.2032 0.1152 0.5196 0.1343 0.1700 0.3225 0.1121 0.4618 0.1798 0.1195 0.4912 0.1246 0.2647 0.2646 0.1117 0.5064 0.1533 0.1325 0.4009 0.1155 0.3957 0.2012
0.3758 0.1155 0.3939 0.1340 0.1517 0.5086 0.1118 0.2609 0.2723 0.1240 0.4887 0.1197 0.1794 0.4618 0.1121 0.3243 0.1675 0.1349 0.5201 0.1150 0.2056 0.4089 0.1144 0.3755 0.1407 0.1445 0.5181 0.1129 0.2300 0.3539 0.1176 0.4230 0.1295 0.1554 0.5058 0.1118 0.2578 0.2886 0.1221 0.4695 0.1226 0.1688 0.4844 0.1115 0.2905 0.2188 0.1279 0.5051 0.1179 0.1879 0.3299 0.1879 0.1179 0.5051 0.1279 0.2188 0.2905 0.1115 0.4844 0.1688 0.1226 0.4695 0.1221 0.2886 0.2578 0.1118 0.5058 0.1554 0.1295 0.4230 0.1176 0.3539 0.2300 0.1129 0.5181 0.1445 0.1407 0.3755 0.1144 0.4089 0.2056 0.1150 0.5201 0.1349 0.1675 0.3243 0.1121 0.4618 0.1794 0.1197 0.4887 0.1240 0.2723 0.2609 0.1118 0.5086 0.1517 0.1340 0.3939 0.1155 0.3758
0.1123 0.3870 0.1356 0.1501 0.5107 0.1119 0.2567 0.2814 0.1234 0.4848 0.1201 0.1783 0.4634 0.1121 0.3243 0.1667 0.1353 0.5204 0.1148 0.2076 0.4039 0.1147 0.3811 0.1389 0.1459 0.5170 0.1127 0.2337 0.3453 0.1182 0.4298 0.1284 0.1571 0.5033 0.1117 0.2622 0.2787 0.1229 0.4755 0.1218 0.1709 0.4806 0.1116 0.2957 0.2093 0.1289 0.5086 0.1175 0.1874 0.4433 0.1197 0.4433 0.1874 0.1175 0.5086 0.1289 0.2093 0.2957 0.1116 0.4806 0.1709 0.1218 0.4755 0.1229 0.2787 0.2622 0.1117 0.5033 0.1571 0.1284 0.4298 0.1182 0.3453 0.2337 0.1127 0.5170 0.1459 0.1389 0.3811 0.1147 0.4039 0.2076 0.1148 0.5204 0.1353 0.1667 0.3243 0.1121 0.4634 0.1783 0.1201 0.4848 0.1234 0.2814 0.2567 0.1119 0.5107 0.1501 0.1356 0.3870 0.1123
0.3654 0.1376 0.1485 0.5127 0.1120 0.2525 0.2912 0.1227 0.4798 0.1206 0.1766 0.4661 0.1120 0.3225 0.1675 0.1353 0.5205 0.1147 0.2090 0.4001 0.1149 0.3859 0.1374 0.1471 0.5157 0.1125 0.2374 0.3365 0.1188 0.4365 0.1273 0.1589 0.5006 0.1116 0.2666 0.2687 0.1236 0.4813 0.1211 0.1730 0.4767 0.1117 0.3008 0.2004 0.1298 0.5116 0.1171 0.1900 0.4432 0.1117 0.4546 0.1117 0.4432 0.1900 0.1171 0.5116 0.1298 0.2004 0.3008 0.1117 0.4767 0.1730 0.1211 0.4813 0.1236 0.2687 0.2666 0.1116 0.5006 0.1589 0.1273 0.4365 0.1188 0.3365 0.2374 0.1125 0.5157 0.1471 0.1374 0.3859 0.1149 0.4001 0.2090 0.1147 0.5205 0.1353 0.1675 0.3225 0.1120 0.4661 0.1766 0.1206 0.4798 0.1227 0.2912 0.2525 0.1120 0.5127 0.1485 0.1376 0.3654
0.1419 0.1469 0.5144 0.1122 0.2484 0.3009 0.1219 0.4740 0.1213 0.1746 0.4697 0.1119 0.3192 0.1700 0.1349 0.5204 0.1147 0.2094 0.3980 0.1151 0.3894 0.1364 0.1482 0.5145 0.1124 0.2408 0.3279 0.1193 0.4432 0.1262 0.1607 0.4978 0.1116 0.2711 0.2587 0.1244 0.4868 0.1204 0.1753 0.4725 0.1117 0.3061 0.1921 0.1308 0.5141 0.1166 0.1927 0.4375 0.1129 0.3522 0.1160 0.3522 0.1129 0.4375 0.1927 0.1166 0.5141 0.1308 0.1921 0.3061 0.1117 0.4725 0.1753 0.1204 0.4868 0.1244 0.2587 0.2711 0.1116 0.4978 0.1607 0.1262 0.4432 0.1193 0.3279 0.2408 0.1124 0.5145 0.1482 0.1364 0.3894 0.1151 0.3980 0.2094 0.1147 0.5204 0.1349 0.1700 0.3192 0.1119 0.4697 0.1746 0.1213 0.4740 0.1219 0.3009 0.2484 0.1122 0.5144 0.1469 0.1419
0.1405 0.5160 0.1124 0.2442 0.3108 0.1212 0.4679 0.1220 0.1725 0.4737 0.1118 0.3150 0.1740 0.1343 0.5201 0.1148 0.2090 0.3980 0.1152 0.3913 0.1357 0.1489 0.5135 0.1122 0.2438 0.3203 0.1199 0.4493 0.1253 0.1626 0.4948 0.1115 0.2757 0.2486 0.1252 0.4920 0.1198 0.1775 0.4682 0.1118 0.3114 0.1844 0.1318 0.5161 0.1162 0.1955 0.4317 0.1132 0.3521 0.1447 0.1698 0.1447 0.3521 0.1132 0.4317 0.1955 0.1162 0.5161 0.1318 0.1844 0.3114 0.1118 0.4682 0.1775 0.1198 0.4920 0.1252 0.2486 0.2757 0.1115 0.4948 0.1626 0.1253 0.4493 0.1199 0.3203 0.2438 0.1122 0.5135 0.1489 0.1357 0.3913 0.1152 0.3980 0.2090 0.1148 0.5201 0.1343 0.1740 0.3150 0.1118 0.4737 0.1725 0.1220 0.4679 0.1212 0.3108 0.2442 0.1124 0.5160 0.1405
0.5002 0.1129 0.2401 0.3206 0.1205 0.4615 0.1228 0.1703 0.4777 0.1117 0.3100 0.1795 0.1335 0.5196 0.1150 0.2076 0.4001 0.1151 0.3913 0.1355 0.1494 0.5128 0.1122 0.2462 0.3138 0.1204 0.4548 0.1245 0.1644 0.4917 0.1115 0.2805 0.2387 0.1261 0.4968 0.1192 0.1799 0.4636 0.1120 0.3169 0.1775 0.1328 0.5177 0.1158 0.1983 0.4257 0.1135 0.3583 0.1470 0.1427 0.4819 0.1427 0.1470 0.3583 0.1135 0.4257 0.1983 0.1158 0.5177 0.1328 0.1775 0.3169 0.1120 0.4636 0.1799 0.1192 0.4968 0.1261 0.2387 0.2805 0.1115 0.4917 0.1644 0.1245 0.4548 0.1204 0.3138 0.2462 0.1122 0.5128 0.1494 0.1355 0.3913 0.1151 0.4001 0.2076 0.1150 0.5196 0.1335 0.1795 0.3100 0.1117 0.4777 0.1703 0.1228 0.4615 0.1205 0.3206 0.2401 0.1129 0.5002
0.1137 0.2362 0.3301 0.1198 0.4549 0.1236 0.1682 0.4816 0.1116 0.3047 0.1863 0.1326 0.5187 0.1152 0.2056 0.4039 0.1149 0.3894 0.1357 0.1494 0.5126 0.1121 0.2477 0.3092 0.1208 0.4591 0.1238 0.1660 0.4888 0.1115 0.2851 0.2290 0.1270 0.5011 0.1186 0.1823 0.4589 0.1121 0.3225 0.1713 0.1339 0.5190 0.1154 0.2012 0.4194 0.1138 0.3646 0.1446 0.1422 0.5189 0.1085 0.5189 0.1422 0.1446 0.3646 0.1138 0.4194 0.2012 0.1154 0.5190 0.1339 0.1713 0.3225 0.1121 0.4589 0.1823 0.1186 0.5011 0.1270 0.2290 0.2851 0.1115 0.4888 0.1660 0.1238 0.4591 0.1208 0.3092 0.2477 0.1121 0.5126 0.1494 0.1357 0.3894 0.1149 0.4039 0.2056 0.1152 0.5187 0.1326 0.1863 0.3047 0.1116 0.4816 0.1682 0.1236 0.4549 0.1198 0.3301 0.2362 0.1137
0.2239 0.3395 0.1192 0.4480 0.1245 0.1661 0.4854 0.1116 0.2995 0.1942 0.1316 0.5174 0.1155 0.2032 0.4089 0.1147 0.3859 0.1364 0.1489 0.5128 0.1121 0.2483 0.3067 0.1211 0.4622 0.1233 0.1674 0.4862 0.1115 0.2893 0.2202 0.1278 0.5050 0.1181 0.1848 0.4540 0.1123 0.3281 0.1659 0.1350 0.5199 0.1151 0.2041 0.4129 0.1142 0.3710 0.1423 0.1435 0.5189 0.1103 0.3046 0.1103 0.5189 0.1435 0.1423 0.3710 0.1142 0.4129 0.2041 0.1151 0.5199 0.1350 0.1659 0.3281 0.1123 0.4540 0.1848 0.1181 0.5050 0.1278 0.2202 0.2893 0.1115 0.4862 0.1674 0.1233 0.4622 0.1211 0.3067 0.2483 0.1121 0.5128 0.1489 0.1364 0.3859 0.1147 0.4089 0.2032 0.1155 0.5174 0.1316 0.1942 0.2995 0.1116 0.4854 0.1661 0.1245 0.4480 0.1192 0.3395 0.2239
0.3189 0.1189 0.4411 0.1255 0.1641 0.4890 0.1115 0.2943 0.2026 0.1306 0.5156 0.1159 0.2004 0.4148 0.1144 0.3811 0.1374 0.1482 0.5135 0.1122 0.2477 0.3067 0.1212 0.4638 0.1230 0.1683 0.4841 0.1116 0.2930 0.2127 0.1286 0.5081 0.1176 0.1872 0.4489 0.1125 0.3339 0.1611 0.1361 0.5206 0.1148 0.2072 0.4062 0.1145 0.3774 0.1402 0.1449 0.5178 0.1127 0.2352 0.1825 0.2352 0.1127 0.5178 0.1449 0.1402 0.3774 0.1145 0.4062 0.2072 0.1148 0.5206 0.1361 0.1611 0.3339 0.1125 0.4489 0.1872 0.1176 0.5081 0.1286 0.2127 0.2930 0.1116 0.4841 0.1683 0.1230 0.4638 0.1212 0.3067 0.2477 0.1122 0.5135 0.1482 0.1374 0.3811 0.1144 0.4148 0.2004 0.1159 0.5156 0.1306 0.2026 0.2943 0.1115 0.4890 0.1641 0.1255 0.4411 0.1189 0.3189
0.1149 0.4341 0.1266 0.1621 0.4925 0.1115 0.2892 0.2117 0.1296 0.5135 0.1163 0.1975 0.4211 0.1141 0.3755 0.1389 0.1471 0.5145 0.1122 0.2462 0.3092 0.1211 0.4638 0.1229 0.1688 0.4828 0.1116 0.2959 0.2068 0.1293 0.5105 0.1172 0.1895 0.4439 0.1127 0.3396 0.1570 0.1372 0.5209 0.1144 0.2103 0.3993 0.1149 0.3839 0.1383 0.1463 0.5166 0.1126 0.2346 0.3338 0.1338 0.3338 0.2346 0.1126 0.5166 0.1463 0.1383 0.3839 0.1149 0.3993 0.2103 0.1144 0.5209 0.1372 0.1570 0.3396 0.1127 0.4439 0.1895 0.1172 0.5105 0.1293 0.2068 0.2959 0.1116 0.4828 0.1688 0.1229 0.4638 0.1211 0.3092 0.2462 0.1122 0.5145 0.1471 0.1389 0.3755 0.1141 0.4211 0.1975 0.1163 0.5135 0.1296 0.2117 0.2892 0.1115 0.4925 0.1621 0.1266 0.4341 0.1149
0.4106 0.1278 0.1601 0.4957 0.1115 0.2841 0.2213 0.1286 0.5109 0.1167 0.1947 0.4273 0.1137 0.3693 0.1407 0.1459 0.5157 0.1124 0.2438 0.3138 0.1208 0.4622 0.1230 0.1688 0.4823 0.1116 0.2977 0.2028 0.1298 0.5122 0.1169 0.1916 0.4393 0.1129 0.3451 0.1535 0.1383 0.5210 0.1141 0.2134 0.3921 0.1153 0.3905 0.1365 0.1478 0.5152 0.1125 0.2384 0.3342 0.1193 0.5188 0.1193 0.3342 0.2384 0.1125 0.5152 0.1478 0.1365 0.3905 0.1153 0.3921 0.2134 0.1141 0.5210 0.1383 0.1535 0.3451 0.1129 0.4393 0.1916 0.1169 0.5122 0.1298 0.2028 0.2977 0.1116 0.4823 0.1688 0.1230 0.4622 0.1208 0.3138 0.2438 0.1124 0.5157 0.1459 0.1407 0.3693 0.1137 0.4273 0.1947 0.1167 0.5109 0.1286 0.2213 0.2841 0.1115 0.4957 0.1601 0.1278 0.4106
0.1324 0.1583 0.4988 0.1115 0.2791 0.2313 0.1277 0.5078 0.1172 0.1920 0.4332 0.1134 0.3630 0.1428 0.1445 0.5170 0.1125 0.2408 0.3203 0.1204 0.4591 0.1233 0.1683 0.4828 0.1116 0.2983 0.2007 0.1302 0.5134 0.1166 0.1933 0.4352 0.1131 0.3501 0.1507 0.1394 0.5208 0.1139 0.2167 0.3846 0.1157 0.3972 0.1348 0.1493 0.5136 0.1123 0.2423 0.3250 0.1195 0.4517 0.1080 0.4517 0.1195 0.3250 0.2423 0.1123 0.5136 0.1493 0.1348 0.3972 0.1157 0.3846 0.2167 0.1139 0.5208 0.1394 0.1507 0.3501 0.1131 0.4352 0.1933 0.1166 0.5134 0.1302 0.2007 0.2983 0.1116 0.4828 0.1683 0.1233 0.4591 0.1204 0.3203 0.2408 0.1125 0.5170 0.1445 0.1428 0.3630 0.1134 0.4332 0.1920 0.1172 0.5078 0.1277 0.2313 0.2791 0.1115 0.4988 0.1583 0.1324
0.1511 0.5017 0.1116 0.2742 0.2416 0.1267 0.5041 0.1177 0.1894 0.4390 0.1132 0.3567 0.1452 0.1432 0.5181 0.1127 0.2374 0.3279 0.1199 0.4548 0.1238 0.1674 0.4841 0.1116 0.2977 0.2007 0.1303 0.5139 0.1165 0.1946 0.4320 0.1133 0.3544 0.1485 0.1404 0.5205 0.1136 0.2199 0.3770 0.1162 0.4039 0.1333 0.1508 0.5118 0.1121 0.2462 0.3157 0.1202 0.4515 0.1213 0.2071 0.1213 0.4515 0.1202 0.3157 0.2462 0.1121 0.5118 0.1508 0.1333 0.4039 0.1162 0.3770 0.2199 0.1136 0.5205 0.1404 0.1485 0.3544 0.1133 0.4320 0.1946 0.1165 0.5139 0.1303 0.2007 0.2977 0.1116 0.4841 0.1674 0.1238 0.4548 0.1199 0.3279 0.2374 0.1127 0.5181 0.1432 0.1452 0.3567 0.1132 0.4390 0.1894 0.1177 0.5041 0.1267 0.2416 0.2742 0.1116 0.5017 0.1511
0.4855 0.1120 0.2695 0.2519 0.1258 0.4999 0.1182 0.1867 0.4446 0.1129 0.3506 0.1478 0.1419 0.5191 0.1129 0.2337 0.3365 0.1193 0.4493 0.1245 0.1660 0.4862 0.1116 0.2959 0.2028 0.1302 0.5139 0.1164 0.1952 0.4299 0.1134 0.3579 0.1467 0.1413 0.5201 0.1134 0.2229 0.3698 0.1166 0.4105 0.1319 0.1524 0.5098 0.1120 0.2503 0.3062 0.1208 0.4581 0.1240 0.1677 0.4012 0.1677 0.1240 0.4581 0.1208 0.3062 0.2503 0.1120 0.5098 0.1524 0.1319 0.4105 0.1166 0.3698 0.2229 0.1134 0.5201 0.1413 0.1467 0.3579 0.1134 0.4299 0.1952 0.1164 0.5139 0.1302 0.2028 0.2959 0.1116 0.4862 0.1660 0.1245 0.4493 0.1193 0.3365 0.2337 0.1129 0.5191 0.1419 0.1478 0.3506 0.1129 0.4446 0.1867 0.1182 0.4999 0.1258 0.2519 0.2695 0.1120 0.4855
0.1118 0.2648 0.2624 0.1250 0.4952 0.1188 0.1841 0.4501 0.1127 0.3445 0.1507 0.1406 0.5199 0.1131 0.2300 0.3453 0.1188 0.4432 0.1253 0.1644 0.4888 0.1115 0.2930 0.2068 0.1298 0.5134 0.1165 0.1952 0.4293 0.1135 0.3600 0.1455 0.1421 0.5196 0.1132 0.2254 0.3633 0.1171 0.4167 0.1306 0.1540 0.5076 0.1119 0.2544 0.2965 0.1215 0.4645 0.1232 0.1671 0.4837 0.1142 0.4837 0.1671 0.1232 0.4645 0.1215 0.2965 0.2544 0.1119 0.5076 0.1540 0.1306 0.4167 0.1171 0.3633 0.2254 0.1132 0.5196 0.1421 0.1455 0.3600 0.1135 0.4293 0.1952 0.1165 0.5134 0.1298 0.2068 0.2930 0.1115 0.4888 0.1644 0.1253 0.4432 0.1188 0.3453 0.2300 0.1131 0.5199 0.1406 0.1507 0.3445 0.1127 0.4501 0.1841 0.1188 0.4952 0.1250 0.2624 0.2648 0.1118
0.2506 0.2729 0.1241 0.4902 0.1194 0.1816 0.4553 0.1124 0.3384 0.1541 0.1394 0.5205 0.1134 0.2264 0.3539 0.1182 0.4365 0.1262 0.1626 0.4917 0.1115 0.2893 0.2127 0.1293 0.5122 0.1166 0.1946 0.4299 0.1135 0.3607 0.1450 0.1425 0.5193 0.1131 0.2277 0.3576 0.1175 0.4221 0.1296 0.1555 0.5054 0.1118 0.2586 0.2867 0.1223 0.4707 0.1224 0.1691 0.4838 0.1098 0.3952 0.1098 0.4838 0.1691 0.1224 0.4707 0.1223 0.2867 0.2586 0.1118 0.5054 0.1555 0.1296 0.4221 0.1175 0.3576 0.2277 0.1131 0.5193 0.1425 0.1450 0.3607 0.1135 0.4299 0.1946 0.1166 0.5122 0.1293 0.2127 0.2893 0.1115 0.4917 0.1626 0.1262 0.4365 0.1182 0.3539 0.2264 0.1134 0.5205 0.1394 0.1541 0.3384 0.1124 0.4553 0.1816 0.1194 0.4902 0.1241 0.2729 0.2506
0.2537 0.1235 0.4847 0.1200 0.1791 0.4604 0.1122 0.3323 0.1579 0.1381 0.5209 0.1136 0.2229 0.3622 0.1176 0.4298 0.1273 0.1607 0.4948 0.1115 0.2851 0.2202 0.1286 0.5105 0.1169 0.1933 0.4320 0.1134 0.3600 0.1450 0.1427 0.5191 0.1130 0.2293 0.3531 0.1178 0.4265 0.1287 0.1569 0.5034 0.1117 0.2627 0.2772 0.1230 0.4767 0.1217 0.1712 0.4799 0.1115 0.3019 0.1264 0.3019 0.1115 0.4799 0.1712 0.1217 0.4767 0.1230 0.2772 0.2627 0.1117 0.5034 0.1569 0.1287 0.4265 0.1178 0.3531 0.2293 0.1130 0.5191 0.1427 0.1450 0.3600 0.1134 0.4320 0.1933 0.1169 0.5105 0.1286 0.2202 0.2851 0.1115 0.4948 0.1607 0.1273 0.4298 0.1176 0.3622 0.2229 0.1136 0.5209 0.1381 0.1579 0.3323 0.1122 0.4604 0.1791 0.1200 0.4847 0.1235 0.2537
0.1188 0.4788 0.1207 0.1766 0.4653 0.1121 0.3264 0.1623 0.1369 0.5210 0.1139 0.2195 0.3704 0.1171 0.4230 0.1284 0.1589 0.4978 0.1115 0.2805 0.2290 0.1278 0.5081 0.1172 0.1916 0.4352 0.1133 0.3579 0.1455 0.1425 0.5191 0.1130 0.2301 0.3501 0.1180 0.4301 0.1280 0.1580 0.5015 0.1116 0.2663 0.2684 0.1237 0.4822 0.1210 0.1734 0.4760 0.1117 0.3017 0.1892 0.1540 0.1892 0.3017 0.1117 0.4760 0.1734 0.1210 0.4822 0.1237 0.2684 0.2663 0.1116 0.5015 0.1580 0.1280 0.4301 0.1180 0.3501 0.2301 0.1130 0.5191 0.1425 0.1455 0.3579 0.1133 0.4352 0.1916 0.1172 0.5081 0.1278 0.2290 0.2805 0.1115 0.4978 0.1589 0.1284 0.4230 0.1171 0.3704 0.2195 0.1139 0.5210 0.1369 0.1623 0.3264 0.1121 0.4653 0.1766 0.1207 0.4788 0.1188
0.4555 0.1216 0.1743 0.4699 0.1119 0.3206 0.1675 0.1358 0.5209 0.1142 0.2161 0.3783 0.1166 0.4162 0.1295 0.1571 0.5006 0.1116 0.2757 0.2387 0.1270 0.5050 0.1176 0.1895 0.4393 0.1131 0.3544 0.1467 0.1421 0.5193 0.1130 0.2301 0.3492 0.1182 0.4324 0.1275 0.1590 0.4999 0.1116 0.2696 0.2607 0.1244 0.4869 0.1204 0.1755 0.4718 0.1118 0.3070 0.1907 0.1324 0.5084 0.1324 0.1907 0.3070 0.1118 0.4718 0.1755 0.1204 0.4869 0.1244 0.2607 0.2696 0.1116 0.4999 0.1590 0.1275 0.4324 0.1182 0.3492 0.2301 0.1130 0.5193 0.1421 0.1467 0.3544 0.1131 0.4393 0.1895 0.1176 0.5050 0.1270 0.2387 0.2757 0.1116 0.5006 0.1571 0.1295 0.4162 0.1166 0.3783 0.2161 0.1142 0.5209 0.1358 0.1675 0.3206 0.1119 0.4699 0.1743 0.1216 0.4555
0.1257 0.1720 0.4744 0.1118 0.3148 0.1734 0.1346 0.5204 0.1145 0.2128 0.3860 0.1161 0.4095 0.1308 0.1554 0.5033 0.1116 0.2711 0.2486 0.1261 0.5011 0.1181 0.1872 0.4439 0.1129 0.3501 0.1485 0.1413 0.5196 0.1131 0.2293 0.3501 0.1182 0.4332 0.1273 0.1596 0.4986 0.1116 0.2723 0.2541 0.1249 0.4908 0.1199 0.1775 0.4679 0.1119 0.3123 0.1831 0.1320 0.5181 0.1070 0.5181 0.1320 0.1831 0.3123 0.1119 0.4679 0.1775 0.1199 0.4908 0.1249 0.2541 0.2723 0.1116 0.4986 0.1596 0.1273 0.4332 0.1182 0.3501 0.2293 0.1131 0.5196 0.1413 0.1485 0.3501 0.1129 0.4439 0.1872 0.1181 0.5011 0.1261 0.2486 0.2711 0.1116 0.5033 0.1554 0.1308 0.4095 0.1161 0.3860 0.2128 0.1145 0.5204 0.1346 0.1734 0.3148 0.1118 0.4744 0.1720 0.1257
0.1640 0.4785 0.1117 0.3092 0.1800 0.1335 0.5197 0.1148 0.2094 0.3937 0.1156 0.4026 0.1321 0.1537 0.5058 0.1117 0.2666 0.2587 0.1252 0.4968 0.1186 0.1848 0.4489 0.1127 0.3451 0.1507 0.1404 0.5201 0.1132 0.2277 0.3531 0.1180 0.4324 0.1273 0.1598 0.4979 0.1116 0.2744 0.2488 0.1254 0.4941 0.1194 0.1793 0.4642 0.1120 0.3173 0.1766 0.1330 0.5180 0.1126 0.2620 0.1126 0.5180 0.1330 0.1766 0.3173 0.1120 0.4642 0.1793 0.1194 0.4941 0.1254 0.2488 0.2744 0.1116 0.4979 0.1598 0.1273 0.4324 0.1180 0.3531 0.2277 0.1132 0.5201 0.1404 0.1507 0.3451 0.1127 0.4489 0.1848 0.1186 0.4968 0.1252 0.2587 0.2666 0.1117 0.5058 0.1537 0.1321 0.4026 0.1156 0.3937 0.2094 0.1148 0.5197 0.1335 0.1800 0.3092 0.1117 0.4785 0.1640
0.4614 0.1120 0.3037 0.1876 0.1324 0.5186 0.1152 0.2062 0.4012 0.1152 0.3957 0.1336 0.1521 0.5081 0.1118 0.2622 0.2687 0.1244 0.4920 0.1192 0.1823 0.4540 0.1125 0.3396 0.1535 0.1394 0.5205 0.1134 0.2254 0.3576 0.1178 0.4301 0.1275 0.1596 0.4979 0.1115 0.2754 0.2453 0.1258 0.4966 0.1191 0.1808 0.4610 0.1121 0.3218 0.1713 0.1340 0.5192 0.1152 0.2054 0.2683 0.2054 0.1152 0.5192 0.1340 0.1713 0.3218 0.1121 0.4610 0.1808 0.1191 0.4966 0.1258 0.2453 0.2754 0.1115 0.4979 0.1596 0.1275 0.4301 0.1178 0.3576 0.2254 0.1134 0.5205 0.1394 0.1535 0.3396 0.1125 0.4540 0.1823 0.1192 0.4920 0.1244 0.2687 0.2622 0.1118 0.5081 0.1521 0.1336 0.3957 0.1152 0.4012 0.2062 0.1152 0.5186 0.1324 0.1876 0.3037 0.1120 0.4614
0.1108 0.2983 0.1959 0.1314 0.5172 0.1156 0.2031 0.4083 0.1148 0.3888 0.1352 0.1505 0.5102 0.1119 0.2578 0.2787 0.1236 0.4868 0.1198 0.1799 0.4589 0.1123 0.3339 0.1570 0.1383 0.5208 0.1136 0.2229 0.3633 0.1175 0.4265 0.1280 0.1590 0.4986 0.1116 0.2754 0.2442 0.1260 0.4981 0.1188 0.1821 0.4581 0.1122 0.3256 0.1672 0.1349 0.5200 0.1151 0.2046 0.4048 0.1248 0.4048 0.2046 0.1151 0.5200 0.1349 0.1672 0.3256 0.1122 0.4581 0.1821 0.1188 0.4981 0.1260 0.2442 0.2754 0.1116 0.4986 0.1590 0.1280 0.4265 0.1175 0.3633 0.2229 0.1136 0.5208 0.1383 0.1570 0.3339 0.1123 0.4589 0.1799 0.1198 0.4868 0.1236 0.2787 0.2578 0.1119 0.5102 0.1505 0.1352 0.3888 0.1148 0.4083 0.2031 0.1156 0.5172 0.1314 0.1959 0.2983 0.1108
0.2818 0.2049 0.1304 0.5153 0.1160 0.2000 0.4153 0.1144 0.3820 0.1369 0.1489 0.5122 0.1120 0.2536 0.2886 0.1229 0.4813 0.1204 0.1775 0.4636 0.1121 0.3281 0.1611 0.1372 0.5210 0.1139 0.2199 0.3698 0.1171 0.4221 0.1287 0.1580 0.4999 0.1116 0.2744 0.2453 0.1260 0.4986 0.1187 0.1829 0.4559 0.1123 0.3289 0.1641 0.1356 0.5204 0.1148 0.2072 0.4057 0.1141 0.4913 0.1141 0.4057 0.2072 0.1148 0.5204 0.1356 0.1641 0.3289 0.1123 0.4559 0.1829 0.1187 0.4986 0.1260 0.2453 0.2744 0.1116 0.4999 0.1580 0.1287 0.4221 0.1171 0.3698 0.2199 0.1139 0.5210 0.1372 0.1611 0.3281 0.1121 0.4636 0.1775 0.1204 0.4813 0.1229 0.2886 0.2536 0.1120 0.5122 0.1489 0.1369 0.3820 0.1144 0.4153 0.2000 0.1160 0.5153 0.1304 0.2049 0.2818
0.1937 0.1295 0.5129 0.1164 0.1971 0.4219 0.1140 0.3753 0.1388 0.1473 0.5140 0.1122 0.2494 0.2984 0.1221 0.4755 0.1211 0.1753 0.4682 0.1120 0.3225 0.1659 0.1361 0.5209 0.1141 0.2167 0.3770 0.1166 0.4167 0.1296 0.1569 0.5015 0.1116 0.2723 0.2488 0.1258 0.4981 0.1187 0.1832 0.4547 0.1123 0.3315 0.1617 0.1362 0.5207 0.1146 0.2095 0.4001 0.1148 0.3912 0.1116 0.3912 0.1148 0.4001 0.2095 0.1146 0.5207 0.1362 0.1617 0.3315 0.1123 0.4547 0.1832 0.1187 0.4981 0.1258 0.2488 0.2723 0.1116 0.5015 0.1569 0.1296 0.4167 0.1166 0.3770 0.2167 0.1141 0.5209 0.1361 0.1659 0.3225 0.1120 0.4682 0.1753 0.1211 0.4755 0.1221 0.2984 0.2494 0.1122 0.5140 0.1473 0.1388 0.3753 0.1140 0.4219 0.1971 0.1164 0.5129 0.1295 0.1937
0.1240 0.5102 0.1168 0.1942 0.4283 0.1137 0.3686 0.1409 0.1458 0.5156 0.1123 0.2453 0.3082 0.1214 0.4695 0.1218 0.1730 0.4725 0.1118 0.3169 0.1713 0.1350 0.5206 0.1144 0.2134 0.3846 0.1162 0.4105 0.1306 0.1555 0.5034 0.1116 0.2696 0.2541 0.1254 0.4966 0.1188 0.1829 0.4547 0.1124 0.3328 0.1602 0.1367 0.5209 0.1144 0.2113 0.3954 0.1152 0.3895 0.1322 0.1830 0.1322 0.3895 0.1152 0.3954 0.2113 0.1144 0.5209 0.1367 0.1602 0.3328 0.1124 0.4547 0.1829 0.1188 0.4966 0.1254 0.2541 0.2696 0.1116 0.5034 0.1555 0.1306 0.4105 0.1162 0.3846 0.2134 0.1144 0.5206 0.1350 0.1713 0.3169 0.1118 0.4725 0.1730 0.1218 0.4695 0.1214 0.3082 0.2453 0.1123 0.5156 0.1458 0.1409 0.3686 0.1137 0.4283 0.1942 0.1168 0.5102 0.1240
0.4903 0.1175 0.1914 0.4345 0.1134 0.3620 0.1431 0.1444 0.5170 0.1125 0.2412 0.3181 0.1207 0.4632 0.1226 0.1709 0.4767 0.1117 0.3114 0.1775 0.1339 0.5199 0.1148 0.2103 0.3921 0.1157 0.4039 0.1319 0.1540 0.5054 0.1117 0.2663 0.2607 0.1249 0.4941 0.1191 0.1821 0.4559 0.1123 0.3328 0.1597 0.1369 0.5209 0.1141 0.2130 0.3914 0.1153 0.3939 0.1351 0.1511 0.4560 0.1512 0.1349 0.3940 0.1153 0.3914 0.2130 0.1141 0.5209 0.1369 0.1597 0.3328 0.1123 0.4559 0.1821 0.1191 0.4941 0.1249 0.2607 0.2663 0.1117 0.5054 0.1540 0.1319 0.4039 0.1157 0.3921 0.2103 0.1148 0.5199 0.1339 0.1775 0.3114 0.1117 0.4767 0.1709 0.1226 0.4632 0.1207 0.3181 0.2412 0.1125 0.5170 0.1444 0.1431 0.3620 0.1134 0.4345 0.1914 0.1175 0.4903
0.1207 0.1887 0.4404 0.1131 0.3555 0.1456 0.1430 0.5183 0.1127 0.2372 0.3278 0.1200 0.4566 0.1234 0.1688 0.4806 0.1117 0.3061 0.1844 0.1328 0.5190 0.1151 0.2072 0.3993 0.1153 0.3972 0.1333 0.1524 0.5076 0.1118 0.2627 0.2684 0.1244 0.4908 0.1194 0.1808 0.4581 0.1123 0.3315 0.1602 0.1369 0.5210 0.1138 0.2176 0.3654 0.1160 0.4090 0.1285 0.1523 0.5090 0.1098 0.5049 0.1545 0.1291 0.4061 0.1161 0.3691 0.2187 0.1132 0.5210 0.1369 0.1602 0.3315 0.1123 0.4581 0.1808 0.1194 0.4908 0.1244 0.2684 0.2627 0.1118 0.5076 0.1524 0.1333 0.3972 0.1153 0.3993 0.2072 0.1151 0.5190 0.1328 0.1844 0.3061 0.1117 0.4806 0.1688 0.1234 0.4566 0.1200 0.3278 0.2372 0.1127 0.5183 0.1430 0.1456 0.3555 0.1131 0.4404 0.1887 0.1207
0.1796 0.4461 0.1128 0.3491 0.1484 0.1416 0.5193 0.1129 0.2333 0.3371 0.1193 0.4498 0.1243 0.1667 0.4844 0.1116 0.3008 0.1921 0.1318 0.5177 0.1154 0.2041 0.4062 0.1149 0.3905 0.1348 0.1508 0.5098 0.1119 0.2586 0.2772 0.1237 0.4869 0.1199 0.1793 0.4610 0.1122 0.3289 0.1617 0.1367 0.5209 0.1138 0.2206 0.3202 0.1424 0.5042 0.1131 0.2006 0.4092 0.1136 0.4090 0.1134 0.4603 0.1854 0.1247 0.5015 0.1415 0.2711 0.2302 0.1123 0.5209 0.1367 0.1617 0.3289 0.1122 0.4610 0.1793 0.1199 0.4869 0.1237 0.2772 0.2586 0.1119 0.5098 0.1508 0.1348 0.3905 0.1149 0.4062 0.2041 0.1154 0.5177 0.1318 0.1921 0.3008 0.1116 0.4844 0.1667 0.1243 0.4498 0.1193 0.3371 0.2333 0.1129 0.5193 0.1416 0.1484 0.3491 0.1128 0.4461 0.1796
0.4278 0.1130 0.3429 0.1515 0.1403 0.5200 0.1132 0.2295 0.3463 0.1187 0.4429 0.1253 0.1646 0.4881 0.1115 0.2957 0.2004 0.1308 0.5161 0.1158 0.2012 0.4129 0.1145 0.3839 0.1365 0.1493 0.5118 0.1120 0.2544 0.2867 0.1230 0.4822 0.1204 0.1775 0.4642 0.1121 0.3256 0.1641 0.1362 0.5209 0.1141 0.2176 0.3209 0.1233 0.1536 0.2886 0.2069 0.0934 0.3601 0.2093 0.0218 0.2888 0.2467 0.3785 0.1345 0.5664 0.1286 0.2183 0.0935 0.2361 0.1128 0.5209 0.1362 0.1641 0.3256 0.1121 0.4642 0.1775 0.1204 0.4822 0.1230 0.2867 0.2544 0.1120 0.5118 0.1493 0.1365 0.3839 0.1145 0.4129 0.2012 0.1158 0.5161 0.1308 0.2004 0.2957 0.1115 0.4881 0.1646 0.1253 0.4429 0.1187 0.3463 0.2295 0.1132 0.5200 0.1403 0.1515 0.3429 0.1130 0.4278
0.1109 0.3367 0.1550 0.1390 0.5206 0.1134 0.2258 0.3552 0.1181 0.4359 0.1263 0.1626 0.4916 0.1115 0.2905 0.2093 0.1298 0.5141 0.1162 0.1983 0.4194 0.1142 0.3774 0.1383 0.1478 0.5136 0.1121 0.2503 0.2965 0.1223 0.4767 0.1210 0.1755 0.4679 0.1120 0.3218 0.1672 0.1356 0.5207 0.1144 0.2130 0.3667 0.1408 0.4347 0.5037 0.3632 0.4347 0.3906 0.2252 0.1729 0.3925 0.2106 0.4378 0.0995 0.4813 0.4637 0.1002 0.1341 0.0928 0.2468 0.2237 0.1137 0.5207 0.1356 0.1672 0.3216 0.1118 0.4679 0.1756 0.1208 0.4766 0.1222 0.2966 0.2503 0.1119 0.5136 0.1478 0.1381 0.3774 0.1140 0.4195 0.1983 0.1160 0.5140 0.1298 0.2094 0.2905 0.1113 0.4916 0.1626 0.1261 0.4357 0.1180 0.3554 0.2257 0.1132 0.5206 0.1391 0.1549 0.3367 0.1107
0.3178 0.1592 0.1378 0.5209 0.1137 0.2222 0.3638 0.1175 0.4289 0.1274 0.1606 0.4949 0.1115 0.2854 0.2188 0.1289 0.5116 0.1166 0.1955 0.4257 0.1138 0.3710 0.1402 0.1463 0.5152 0.1123 0.2462 0.3062 0.1215 0.4707 0.1217 0.1734 0.4718 0.1119 0.3173 0.1713 0.1349 0.5204 0.1146 0.2113 0.3913 0.1172 0.5176 0.0541 0.2230 0.2155 0.1060 0.0375 0.4934 0.0672 0.2828 0.3502 0.4715 0.4781 0.3792 0.4627 0.3890 0.0560 0.2518 0.1401 0.3545 0.2175 0.1108 0.5210 0.1371 0.1606 0.3261 0.1103 0.4648 0.1777 0.1171 0.4800 0.1227 0.2903 0.2531 0.1092 0.5126 0.1493 0.1340 0.3813 0.1133 0.4156 0.2007 0.1126 0.5153 0.1307 0.2030 0.2933 0.1093 0.4899 0.1643 0.1224 0.4394 0.1180 0.3505 0.2283 0.1102 0.5203 0.1404 0.1496 0.3297
0.1598 0.1366 0.5210 0.1140 0.2186 0.3722 0.1170 0.4218 0.1285 0.1587 0.4980 0.1115 0.2804 0.2287 0.1279 0.5086 0.1171 0.1927 0.4317 0.1135 0.3646 0.1423 0.1449 0.5166 0.1125 0.2423 0.3157 0.1208 0.4645 0.1224 0.1712 0.4760 0.1118 0.3123 0.1766 0.1340 0.5200 0.1148 0.2095 0.3954 0.1153 0.4152 0.1165 0.1503 0.3347 0.2786 0.2876 0.2749 0.0978 0.0810 0.2310 0.2842 0.3886 0.4400 0.0668 0.5238 0.1098 0.3521 0.1864 0.5045 0.1340 0.1949 0.2974 0.1082 0.4865 0.1674 0.1171 0.4473 0.1190 0.3393 0.2328 0.1069 0.5196 0.1432 0.1423 0.3484 0.1109 0.4465 0.1871 0.1108 0.4988 0.1262 0.2526 0.2687 0.1072 0.5050 0.1563 0.1243 0.4046 0.1149 0.3915 0.2112 0.1078 0.5200 0.1352 0.1733 0.3111 0.1088 0.4764 0.1731 0.1167
0.1307 0.5208 0.1143 0.2152 0.3804 0.1165 0.4148 0.1297 0.1569 0.5009 0.1116 0.2755 0.2389 0.1270 0.5051 0.1175 0.1900 0.4375 0.1132 0.3583 0.1446 0.1435 0.5178 0.1126 0.2384 0.3250 0.1202 0.4581 0.1232 0.1691 0.4799 0.1117 0.3070 0.1831 0.1330 0.5192 0.1151 0.2072 0.4001 0.1152 0.3939 0.1240 0.2397 0.2171 0.0736 0.2490 0.2504 0.2787 0.0744 0.4184 0.1477 0.2935 0.2393 0.2517 0.3708 0.0824 0.4733 0.4567 0.3975 0.1325 0.3033 0.2418 0.1105 0.5169 0.1449 0.1408 0.3633 0.1124 0.4328 0.1927 0.1149 0.5081 0.1279 0.2294 0.2801 0.1098 0.4982 0.1591 0.1264 0.4221 0.1165 0.3714 0.2195 0.1118 0.5210 0.1371 0.1615 0.3255 0.1107 0.4660 0.1767 0.1186 0.4778 0.1223 0.2948 0.2512 0.1102 0.5134 0.1484 0.1360 0.3648
0.5041 0.1149 0.2118 0.3882 0.1160 0.4078 0.1311 0.1551 0.5037 0.1116 0.2707 0.2493 0.1261 0.5011 0.1181 0.1874 0.4431 0.1130 0.3522 0.1471 0.1422 0.5189 0.1128 0.2346 0.3341 0.1195 0.4516 0.1241 0.1671 0.4837 0.1116 0.3018 0.1907 0.1320 0.5180 0.1154 0.2046 0.4055 0.1149 0.3896 0.1349 0.1572 0.3196 0.2121 0.0900 0.5243 0.2982 0.3261 0.3394 0.4603 0.1143 0.1121 0.0788 0.3941 0.1440 0.4519 0.4554 0.0590 0.3577 0.1363 0.2542 0.1120 0.5164 0.1451 0.1418 0.3658 0.1135 0.4306 0.1933 0.1169 0.5093 0.1281 0.2264 0.2817 0.1114 0.4971 0.1594 0.1280 0.4247 0.1172 0.3683 0.2204 0.1138 0.5210 0.1372 0.1611 0.3279 0.1120 0.4641 0.1773 0.1204 0.4803 0.1227 0.2909 0.2525 0.1120 0.5127 0.1485 0.1374 0.3801 0.1120
0.1169 0.2086 0.3958 0.1155 0.4007 0.1325 0.1534 0.5062 0.1117 0.2660 0.2597 0.1252 0.4965 0.1186 0.1848 0.4487 0.1127 0.3461 0.1500 0.1409 0.5197 0.1131 0.2309 0.3430 0.1189 0.4450 0.1250 0.1651 0.4873 0.1115 0.2966 0.1989 0.1310 0.5165 0.1157 0.2017 0.4117 0.1146 0.3845 0.1365 0.1491 0.5029 0.1207 0.1846 0.3984 0.2088 0.2879 0.1386 0.4702 0.1553 0.1657 0.1771 0.3415 0.3557 0.4634 0.4784 0.1635 0.4492 0.1731 0.3841 0.1087 0.5150 0.1465 0.1398 0.3722 0.1139 0.4245 0.1960 0.1165 0.5121 0.1291 0.2168 0.2866 0.1115 0.4940 0.1612 0.1270 0.4315 0.1178 0.3601 0.2238 0.1136 0.5208 0.1384 0.1568 0.3339 0.1123 0.4591 0.1797 0.1198 0.4861 0.1235 0.2806 0.2569 0.1119 0.5107 0.1500 0.1357 0.3869 0.1150 0.3834
0.1981 0.4032 0.1151 0.3938 0.1340 0.1517 0.5086 0.1118 0.2614 0.2702 0.1243 0.4915 0.1192 0.1822 0.4540 0.1125 0.3400 0.1531 0.1397 0.5204 0.1133 0.2273 0.3517 0.1183 0.4383 0.1260 0.1631 0.4908 0.1115 0.2915 0.2076 0.1300 0.5145 0.1161 0.1988 0.4182 0.1142 0.3786 0.1380 0.1478 0.5137 0.1084 0.4064 0.5956 0.3587 0.2008 0.1828 0.3683 0.1098 0.5653 0.2960 0.2423 0.4783 0.1240 0.2590 0.0703 0.3370 0.5454 0.3463 0.1134 0.5081 0.1480 0.1380 0.3786 0.1142 0.4182 0.1988 0.1161 0.5145 0.1300 0.2076 0.2915 0.1115 0.4908 0.1631 0.1260 0.4383 0.1183 0.3517 0.2273 0.1133 0.5204 0.1397 0.1531 0.3400 0.1125 0.4540 0.1822 0.1192 0.4915 0.1243 0.2702 0.2614 0.1118 0.5086 0.1517 0.1340 0.3938 0.1151 0.4032 0.1981
0.3834 0.1150 0.3869 0.1357 0.1500 0.5107 0.1119 0.2569 0.2806 0.1235 0.4861 0.1198 0.1797 0.4591 0.1123 0.3339 0.1568 0.1384 0.5208 0.1136 0.2238 0.3601 0.1178 0.4315 0.1270 0.1612 0.4940 0.1115 0.2866 0.2168 0.1291 0.5121 0.1165 0.1960 0.4245 0.1139 0.3722 0.1398 0.1465 0.5150 0.1118 0.2593 0.1430 0.1422 0.5108 0.2600 0.0456 0.1140 0.2984 0.4399 0.2247 0.1955 0.4992 0.2317 0.1581 0.0165 0.2137 0.4277 0.0932 0.3890 0.1558 0.1360 0.3845 0.1146 0.4117 0.2017 0.1157 0.5165 0.1310 0.1989 0.2966 0.1115 0.4873 0.1651 0.1250 0.4450 0.1189 0.3430 0.2309 0.1131 0.5197 0.1409 0.1500 0.3461 0.1127 0.4487 0.1848 0.1186 0.4965 0.1252 0.2597 0.2660 0.1117 0.5062 0.1534 0.1325 0.4007 0.1155 0.3958 0.2086 0.1169
0.1120 0.3801 0.1374 0.1485 0.5127 0.1120 0.2525 0.2909 0.1227 0.4803 0.1204 0.1773 0.4641 0.1120 0.3279 0.1611 0.1372 0.5210 0.1138 0.2204 0.3683 0.1172 0.4247 0.1280 0.1594 0.4971 0.1114 0.2817 0.2264 0.1281 0.5093 0.1169 0.1933 0.4306 0.1135 0.3658 0.1418 0.1451 0.5164 0.1123 0.2429 0.2723 0.1615 0.4333 0.3198 0.1855 0.3617 0.1207 0.3874 0.1913 0.2489 0.3701 0.2363 0.2930 0.2120 0.2538 0.2060 0.2150 0.3613 0.2059 0.1275 0.3897 0.1149 0.4055 0.2046 0.1154 0.5180 0.1320 0.1907 0.3018 0.1116 0.4837 0.1671 0.1241 0.4516 0.1195 0.3341 0.2346 0.1128 0.5189 0.1422 0.1471 0.3522 0.1130 0.4431 0.1874 0.1181 0.5011 0.1261 0.2493 0.2707 0.1116 0.5037 0.1551 0.1311 0.4078 0.1160 0.3882 0.2118 0.1149 0.5041
0.3648 0.1360 0.1484 0.5134 0.1102 0.2512 0.2948 0.1223 0.4778 0.1186 0.1767 0.4660 0.1107 0.3255 0.1615 0.1371 0.5210 0.1118 0.2195 0.3714 0.1165 0.4221 0.1264 0.1591 0.4982 0.1098 0.2801 0.2294 0.1279 0.5081 0.1149 0.1927 0.4328 0.1124 0.3633 0.1408 0.1449 0.5169 0.1105 0.2417 0.3176 0.1253 0.4871 0.1458 0.1647 0.4804 0.1551 0.4039 0.5170 0.1402 0.5475 0.4276 0.1901 0.1610 0.1985 0.3908 0.0554 0.4060 0.3141 0.1158 0.4047 0.1151 0.4001 0.2072 0.1151 0.5192 0.1330 0.1831 0.3070 0.1117 0.4799 0.1691 0.1232 0.4581 0.1202 0.3250 0.2384 0.1126 0.5178 0.1435 0.1446 0.3583 0.1132 0.4375 0.1900 0.1175 0.5051 0.1270 0.2389 0.2755 0.1116 0.5009 0.1569 0.1297 0.4148 0.1165 0.3804 0.2152 0.1143 0.5208 0.1307
0.1167 0.1731 0.4764 0.1088 0.3111 0.1733 0.1352 0.5200 0.1078 0.2112 0.3915 0.1149 0.4046 0.1243 0.1563 0.5050 0.1072 0.2687 0.2526 0.1262 0.4988 0.1108 0.1871 0.4465 0.1109 0.3484 0.1423 0.1432 0.5196 0.1069 0.2328 0.3393 0.1190 0.4473 0.1171 0.1674 0.4865 0.1082 0.2974 0.1948 0.1321 0.5206 0.1080 0.4374 0.2368 0.3968 0.3145 0.1661 0.4306 0.0962 0.1307 0.2773 0.3795 0.1304 0.1319 0.1729 0.4951 0.5065 0.3044 0.4911 0.1172 0.3953 0.2095 0.1148 0.5200 0.1340 0.1766 0.3123 0.1118 0.4760 0.1712 0.1224 0.4645 0.1208 0.3157 0.2423 0.1125 0.5166 0.1449 0.1423 0.3646 0.1135 0.4317 0.1927 0.1171 0.5086 0.1279 0.2287 0.2804 0.1115 0.4980 0.1587 0.1285 0.4218 0.1170 0.3722 0.2186 0.1140 0.5210 0.1366 0.1598
0.3297 0.1496 0.1404 0.5203 0.1102 0.2283 0.3505 0.1180 0.4394 0.1224 0.1643 0.4899 0.1093 0.2933 0.2030 0.1307 0.5153 0.1126 0.2007 0.4156 0.1133 0.3813 0.1340 0.1493 0.5126 0.1092 0.2531 0.2903 0.1227 0.4800 0.1171 0.1777 0.4648 0.1103 0.3261 0.1606 0.1371 0.5210 0.1108 0.2174 0.3786 0.1173 0.5032 0.3044 0.3882 0.2732 0.0941 0.2626 0.0469 0.3666 0.1303 0.4191 0.1042 0.1045 0.4416 0.0955 0.0765 0.4923 0.5279 0.1583 0.3512 0.2115 0.1146 0.5204 0.1349 0.1713 0.3173 0.1119 0.4718 0.1734 0.1217 0.4707 0.1215 0.3062 0.2462 0.1123 0.5152 0.1463 0.1402 0.3710 0.1138 0.4257 0.1955 0.1166 0.5116 0.1289 0.2188 0.2854 0.1115 0.4949 0.1606 0.1274 0.4289 0.1175 0.3638 0.2222 0.1137 0.5209 0.1378 0.1592 0.3178
