-44.7423 26.7811 -31.1859 -48.2207 -12.0525 -38.3277 5.8646 -25.3493 -46.1649 31.0877 -32.6993 -45.2600 -16.7496 -39.7770 11.4558 -26.6865 -47.5193 31.6915 -34.1695 -37.5867 -19.7528 -41.2911 16.2767 -28.0681 -48.5196 21.6538 -35.5250 -22.2445 -21.9959 -42.8478 21.0721 -29.5003 -48.8102 0.3607 -36.6656 -4.7232 -23.7674 -44.4145 26.0420 -30.9735 -48.4209 -11.0494 -38.1141 4.8475 -25.1518 -45.9425 30.5601 -32.4728 -45.9363 -17.1436 -42.8093 -17.1436 -45.9363 -32.4728 30.5601 -45.9425 -25.1518 4.8475 -38.1141 -11.0494 -48.4209 -30.9735 26.0420 -44.4145 -23.7674 -4.7232 -36.6656 0.3607 -48.8102 -29.5003 21.0721 -42.8478 -21.9959 -22.2445 -35.5250 21.6538 -48.5196 -28.0681 16.2767 -41.2911 -19.7528 -37.5867 -34.1695 31.6915 -47.5193 -26.6865 11.4558 -39.7770 -16.7496 -45.2600 -32.6993 31.0877 -46.1649 -25.3493 5.8646 -38.3277 -12.0525 -48.2207 -31.1859 26.7811 -44.7423
26.7811 -31.8267 -47.7767 -10.6517 -37.8820 7.0396 -26.7756 -46.4205 32.3528 -33.3587 -43.7480 -17.0582 -39.5164 12.1731 -27.9756 -47.8174 34.9709 -34.5854 -34.3097 -20.7989 -41.1855 16.7810 -29.2238 -48.7790 29.1305 -35.5993 -17.2647 -23.4453 -42.8842 21.4982 -30.5215 -48.8706 7.6742 -36.2399 -1.8352 -25.3544 -44.5698 26.5705 -31.8461 -48.0022 -9.3924 -37.6546 6.1659 -26.6045 -46.1900 31.6681 -33.1639 -44.6192 -16.3364 -39.5502 23.7453 -39.5502 -16.3364 -44.6192 -33.1639 31.6681 -46.1900 -26.6045 6.1659 -37.6546 -9.3924 -48.0022 -31.8461 26.5705 -44.5698 -25.3544 -1.8352 -36.2399 7.6742 -48.8706 -30.5215 21.4982 -42.8842 -23.4453 -17.2647 -35.5993 29.1305 -48.7790 -29.2238 16.7810 -41.1855 -20.7989 -34.3097 -34.5854 34.9709 -47.8174 -27.9756 12.1731 -39.5164 -17.0582 -43.7480 -33.3587 32.3528 -46.4205 -26.7756 7.0396 -37.8820 -10.6517 -47.7767 -31.8267 26.7811
-31.1859 -47.7767 -11.1423 -38.0322 7.7033 -26.9200 -46.6315 32.9672 -33.6779 -42.7823 -17.7095 -39.7627 12.8718 -28.1697 -47.9959 34.8614 -34.9440 -32.2302 -21.2450 -41.4378 17.4618 -29.4474 -48.8620 26.9789 -35.9797 -14.4526 -23.7720 -43.1352 22.2315 -30.7752 -48.7862 4.1052 -36.5546 -0.3013 -25.5643 -44.8179 27.3429 -32.1343 -47.7069 -10.7807 -37.8914 7.0418 -26.7682 -46.4176 32.3531 -33.4828 -43.7608 -17.0478 -39.5124 12.9329 -33.1388 12.9329 -39.5124 -17.0478 -43.7608 -33.4828 32.3531 -46.4176 -26.7682 7.0418 -37.8914 -10.7807 -47.7069 -32.1343 27.3429 -44.8179 -25.5643 -0.3013 -36.5546 4.1052 -48.7862 -30.7752 22.2315 -43.1352 -23.7720 -14.4526 -35.9797 26.9789 -48.8620 -29.4474 17.4618 -41.4378 -21.2450 -32.2302 -34.9440 34.8614 -47.9959 -28.1697 12.8718 -39.7627 -17.7095 -42.7823 -33.6779 32.9672 -46.6315 -26.9200 7.7033 -38.0322 -11.1423 -47.7767 -31.1859
-48.2207 -10.6517 -38.0322 7.9637 -27.0165 -46.7931 33.4544 -33.8497 -41.7519 -18.3027 -40.0035 13.5522 -28.3535 -48.1625 34.5330 -35.1151 -29.9579 -21.6723 -41.6900 18.1528 -29.6425 -48.9252 24.4061 -36.1045 -11.7626 -24.0848 -43.3880 22.9655 -30.9756 -48.7181 0.8518 -36.6200 1.0759 -25.7665 -45.0638 28.1234 -32.3357 -47.3496 -12.0110 -38.1296 7.8816 -26.9451 -46.6427 32.9841 -33.6799 -42.7948 -17.7082 -39.7588 12.8553 -29.1148 -48.4555 -29.1148 12.8553 -39.7588 -17.7082 -42.7948 -33.6799 32.9841 -46.6427 -26.9451 7.8816 -38.1296 -12.0110 -47.3496 -32.3357 28.1234 -45.0638 -25.7665 1.0759 -36.6200 0.8518 -48.7181 -30.9756 22.9655 -43.3880 -24.0848 -11.7626 -36.1045 24.4061 -48.9252 -29.6425 18.1528 -41.6900 -21.6723 -29.9579 -35.1151 34.5330 -48.1625 -28.3535 13.5522 -40.0035 -18.3027 -41.7519 -33.8497 33.4544 -46.7931 -27.0165 7.9637 -38.0322 -10.6517 -48.2207
-12.0525 -37.8820 7.7033 -27.0165 -46.8540 33.7276 -33.9726 -40.7933 -18.8066 -40.2286 14.1927 -28.5333 -48.3158 33.9811 -35.2791 -27.5315 -22.0795 -41.9398 18.8489 -29.8386 -48.9654 21.3813 -36.2141 -9.2454 -24.3811 -43.6410 23.7149 -31.1779 -48.6459 -1.9613 -36.7863 2.3123 -25.9509 -45.3076 28.9001 -32.5370 -46.9284 -13.1081 -38.3670 8.6879 -27.1221 -46.8627 33.5624 -33.8754 -41.6870 -18.3193 -40.0064 13.5510 -28.3844 -47.9033 -7.0862 -47.9033 -28.3844 13.5510 -40.0064 -18.3193 -41.6870 -33.8754 33.5624 -46.8627 -27.1221 8.6879 -38.3670 -13.1081 -46.9284 -32.5370 28.9001 -45.3076 -25.9509 2.3123 -36.7863 -1.9613 -48.6459 -31.1779 23.7149 -43.6410 -24.3811 -9.2454 -36.2141 21.3813 -48.9654 -29.8386 18.8489 -41.9398 -22.0795 -27.5315 -35.2791 33.9811 -48.3158 -28.5333 14.1927 -40.2286 -18.8066 -40.7933 -33.9726 33.7276 -46.8540 -27.0165 7.7033 -37.8820 -12.0525
-38.3277 7.0396 -26.9200 -46.7931 33.7276 -34.0167 -40.1962 -19.1511 -40.4130 14.7559 -28.6987 -48.4499 33.1951 -35.4355 -24.9853 -22.4594 -42.1864 19.5333 -30.0324 -48.9814 17.9749 -36.3124 -6.9695 -24.6624 -43.8907 24.4748 -31.3785 -48.5346 -4.3973 -37.0180 3.4566 -26.1229 -45.5494 29.6685 -32.7404 -46.4281 -14.0830 -38.6079 9.4569 -27.3012 -47.0750 34.0671 -34.0687 -40.4373 -18.8995 -40.2521 14.2370 -28.5398 -48.2969 33.5092 -37.9122 33.5092 -48.2969 -28.5398 14.2370 -40.2521 -18.8995 -40.4373 -34.0687 34.0671 -47.0750 -27.3012 9.4569 -38.6079 -14.0830 -46.4281 -32.7404 29.6685 -45.5494 -26.1229 3.4566 -37.0180 -4.3973 -48.5346 -31.3785 24.4748 -43.8907 -24.6624 -6.9695 -36.3124 17.9749 -48.9814 -30.0324 19.5333 -42.1864 -22.4594 -24.9853 -35.4355 33.1951 -48.4499 -28.6987 14.7559 -40.4130 -19.1511 -40.1962 -34.0167 33.7276 -46.7931 -26.9200 7.0396 -38.3277
5.8646 -26.7756 -46.6315 33.4544 -33.9726 -40.1962 -19.2715 -40.5187 15.1569 -28.8317 -48.5574 32.2352 -35.5757 -22.4197 -22.8134 -42.4297 20.2146 -30.2229 -48.9704 14.3729 -36.3994 -4.9208 -24.9259 -44.1420 25.2345 -31.5800 -48.3822 -6.4754 -37.2509 4.5111 -26.2941 -45.7857 30.4254 -32.9408 -45.8428 -14.9750 -38.8499 10.2092 -27.4822 -47.2835 34.4773 -34.2610 -39.0333 -19.4461 -40.5008 14.9123 -28.7296 -48.4604 33.1789 -36.0059 6.8203 -36.0059 33.1789 -48.4604 -28.7296 14.9123 -40.5008 -19.4461 -39.0333 -34.2610 34.4773 -47.2835 -27.4822 10.2092 -38.8499 -14.9750 -45.8428 -32.9408 30.4254 -45.7857 -26.2941 4.5111 -37.2509 -6.4754 -48.3822 -31.5800 25.2345 -44.1420 -24.9259 -4.9208 -36.3994 14.3729 -48.9704 -30.2229 20.2146 -42.4297 -22.8134 -22.4197 -35.5757 32.2352 -48.5574 -28.8317 15.1569 -40.5187 -19.2715 -40.1962 -33.9726 33.4544 -46.6315 -26.7756 5.8646
-25.3493 -46.4205 32.9672 -33.8497 -40.7933 -19.1511 -40.5187 15.3053 -28.9082 -48.6283 31.3112 -35.6899 -20.0529 -23.1325 -42.6631 20.8932 -30.4139 -48.9296 10.6891 -36.4687 -3.1088 -25.1689 -44.3887 25.9975 -31.7822 -48.1808 -8.2398 -37.4858 5.4917 -26.4675 -46.0212 31.1541 -33.1405 -45.1723 -15.7922 -39.0904 10.9415 -27.6644 -47.4851 34.7821 -34.4472 -37.4586 -19.9622 -40.7511 15.5926 -28.9206 -48.5903 32.0059 -35.6387 -19.4588 -29.3298 -19.4588 -35.6387 32.0059 -48.5903 -28.9206 15.5926 -40.7511 -19.9622 -37.4586 -34.4472 34.7821 -47.4851 -27.6644 10.9415 -39.0904 -15.7922 -45.1723 -33.1405 31.1541 -46.0212 -26.4675 5.4917 -37.4858 -8.2398 -48.1808 -31.7822 25.9975 -44.3887 -25.1689 -3.1088 -36.4687 10.6891 -48.9296 -30.4139 20.8932 -42.6631 -23.1325 -20.0529 -35.6899 31.3112 -48.6283 -28.9082 15.3053 -40.5187 -19.1511 -40.7933 -33.8497 32.9672 -46.4205 -25.3493
-46.1649 32.3528 -33.6779 -41.7519 -18.8066 -40.4130 15.1569 -28.9082 -48.6532 30.7106 -35.7655 -18.1743 -23.3921 -42.8719 21.5296 -30.5963 -48.8584 7.0489 -36.5224 -1.5073 -25.3929 -44.6277 26.7535 -31.9799 -47.9311 -9.7652 -37.7187 6.4117 -26.6402 -46.2539 31.8612 -33.3413 -44.3943 -16.5372 -39.3349 11.6506 -27.8482 -47.6791 34.9545 -34.6302 -35.7262 -20.4527 -40.9996 16.2753 -29.1112 -48.7051 30.5099 -35.7426 -19.3987 -23.8653 -46.2141 -23.8653 -19.3987 -35.7426 30.5099 -48.7051 -29.1112 16.2753 -40.9996 -20.4527 -35.7262 -34.6302 34.9545 -47.6791 -27.8482 11.6506 -39.3349 -16.5372 -44.3943 -33.3413 31.8612 -46.2539 -26.6402 6.4117 -37.7187 -9.7652 -47.9311 -31.9799 26.7535 -44.6277 -25.3929 -1.5073 -36.5224 7.0489 -48.8584 -30.5963 21.5296 -42.8719 -23.3921 -18.1743 -35.7655 30.7106 -48.6532 -28.9082 15.1569 -40.4130 -18.8066 -41.7519 -33.6779 32.3528 -46.1649
31.0877 -33.3587 -42.7823 -18.3027 -40.2286 14.7559 -28.8317 -48.6283 30.7106 -35.7919 -17.1193 -23.5618 -43.0319 22.0619 -30.7543 -48.7803 3.8104 -36.5561 -0.0838 -25.6010 -44.8652 27.5022 -32.1749 -47.6340 -11.0809 -37.9491 7.2606 -26.8109 -46.4768 32.5237 -33.5374 -43.5051 -17.2335 -39.5803 12.3559 -28.0319 -47.8647 34.9689 -34.8128 -33.7920 -20.9144 -41.2511 16.9532 -29.3036 -48.8018 28.6331 -35.8820 -16.5264 -23.5413 -43.0933 34.3317 -43.0933 -23.5413 -16.5264 -35.8820 28.6331 -48.8018 -29.3036 16.9532 -41.2511 -20.9144 -33.7920 -34.8128 34.9689 -47.8647 -28.0319 12.3559 -39.5803 -17.2335 -43.5051 -33.5374 32.5237 -46.4768 -26.8109 7.2606 -37.9491 -11.0809 -47.6340 -32.1749 27.5022 -44.8652 -25.6010 -0.0838 -36.5561 3.8104 -48.7803 -30.7543 22.0619 -43.0319 -23.5618 -17.1193 -35.7919 30.7106 -48.6283 -28.8317 14.7559 -40.2286 -18.3027 -42.7823 -33.3587 31.0877
-32.6993 -43.7480 -17.7095 -40.0035 14.1927 -28.6987 -48.5574 31.3112 -35.7655 -17.1193 -23.6206 -43.1189 22.4173 -30.8742 -48.7316 1.2582 -36.6053 1.1347 -25.7856 -45.0977 28.2508 -32.3698 -47.2783 -12.2329 -38.1781 8.0591 -26.9810 -46.6917 33.1237 -33.7278 -42.5208 -17.8729 -39.8237 13.0511 -28.2171 -48.0385 34.7974 -34.9877 -31.6592 -21.3571 -41.5031 17.6409 -29.4979 -48.8805 26.3720 -36.0145 -13.7425 -23.8546 -43.1970 23.1498 -35.3327 23.1498 -43.1970 -23.8546 -13.7425 -36.0145 26.3720 -48.8805 -29.4979 17.6409 -41.5031 -21.3571 -31.6592 -34.9877 34.7974 -48.0385 -28.2171 13.0511 -39.8237 -17.8729 -42.5208 -33.7278 33.1237 -46.6917 -26.9810 8.0591 -38.1781 -12.2329 -47.2783 -32.3698 28.2508 -45.0977 -25.7856 1.1347 -36.6053 1.2582 -48.7316 -30.8742 22.4173 -43.1189 -23.6206 -17.1193 -35.7655 31.3112 -48.5574 -28.6987 14.1927 -40.0035 -17.7095 -43.7480 -32.6993
-45.2600 -17.0582 -39.7627 13.5522 -28.5333 -48.4499 32.2352 -35.6899 -18.1743 -23.5618 -43.1189 22.5404 -30.9394 -48.7072 -0.4946 -36.7104 2.1010 -25.9380 -45.3119 28.9640 -32.5602 -46.8582 -13.2647 -38.4082 8.8261 -27.1524 -46.9020 33.6650 -33.9151 -41.4264 -18.4567 -40.0647 13.7220 -28.4013 -48.2023 34.4154 -35.1578 -29.3616 -21.7804 -41.7529 18.3327 -29.6932 -48.9379 23.6590 -36.1324 -11.0879 -24.1625 -43.4539 23.1523 -32.1224 -37.9952 -32.1224 23.1523 -43.4539 -24.1625 -11.0879 -36.1324 23.6590 -48.9379 -29.6932 18.3327 -41.7529 -21.7804 -29.3616 -35.1578 34.4154 -48.2023 -28.4013 13.7220 -40.0647 -18.4567 -41.4264 -33.9151 33.6650 -46.9020 -27.1524 8.8261 -38.4082 -13.2647 -46.8582 -32.5602 28.9640 -45.3119 -25.9380 2.1010 -36.7104 -0.4946 -48.7072 -30.9394 22.5404 -43.1189 -23.5618 -18.1743 -35.6899 32.2352 -48.4499 -28.5333 13.5522 -39.7627 -17.0582 -45.2600
-16.7496 -39.5164 12.8718 -28.3535 -48.3158 33.1951 -35.5757 -20.0529 -23.3921 -43.0319 22.4173 -30.9394 -48.6967 -1.3735 -36.8149 2.7800 -26.0539 -45.4941 29.5867 -32.7339 -46.3969 -14.1723 -38.6368 9.5668 -27.3250 -47.1072 34.1359 -34.1004 -40.1978 -19.0064 -40.3032 14.3791 -28.5827 -48.3527 33.8012 -35.3217 -26.8982 -22.1789 -42.0027 19.0219 -29.8890 -48.9726 20.5331 -36.2399 -8.6517 -24.4556 -43.7041 23.9118 -31.2676 -48.5090 -20.9889 -48.5090 -31.2676 23.9118 -43.7041 -24.4556 -8.6517 -36.2399 20.5331 -48.9726 -29.8890 19.0219 -42.0027 -22.1789 -26.8982 -35.3217 33.8012 -48.3527 -28.5827 14.3791 -40.3032 -19.0064 -40.1978 -34.1004 34.1359 -47.1072 -27.3250 9.5668 -38.6368 -14.1723 -46.3969 -32.7339 29.5867 -45.4941 -26.0539 2.7800 -36.8149 -1.3735 -48.6967 -30.9394 22.4173 -43.0319 -23.3921 -20.0529 -35.5757 33.1951 -48.3158 -28.3535 12.8718 -39.5164 -16.7496
-39.7770 12.1731 -28.1697 -48.1625 33.9811 -35.4355 -22.4197 -23.1325 -42.8719 22.0619 -30.8742 -48.7072 -1.3735 -36.8525 3.1369 -26.1292 -45.6294 30.0852 -32.8808 -45.9349 -14.9322 -38.8536 10.2587 -27.4963 -47.3065 34.5206 -34.2834 -38.8240 -19.5260 -40.5425 15.0337 -28.7650 -48.4886 32.9321 -35.4758 -24.3165 -22.5532 -42.2489 19.7078 -30.0816 -48.9817 17.0836 -36.3379 -6.4127 -24.7312 -43.9561 24.6662 -31.4284 -48.5035 -6.7049 -40.0843 -6.7049 -48.5035 -31.4284 24.6662 -43.9561 -24.7312 -6.4127 -36.3379 17.0836 -48.9817 -30.0816 19.7078 -42.2489 -22.5532 -24.3165 -35.4758 32.9321 -48.4886 -28.7650 15.0337 -40.5425 -19.5260 -38.8240 -34.2834 34.5206 -47.3065 -27.4963 10.2587 -38.8536 -14.9322 -45.9349 -32.8808 30.0852 -45.6294 -26.1292 3.1369 -36.8525 -1.3735 -48.7072 -30.8742 22.0619 -42.8719 -23.1325 -22.4197 -35.4355 33.9811 -48.1625 -28.1697 12.1731 -39.7770
11.4558 -27.9756 -47.9959 34.5330 -35.2791 -24.9853 -22.8134 -42.6631 21.5296 -30.7543 -48.7316 -0.4946 -36.8149 3.1369 -26.1564 -45.7021 30.4151 -32.9898 -45.5191 -15.5346 -39.0464 10.8735 -27.6579 -47.4914 34.7982 -34.4636 -37.2945 -20.0186 -40.7825 15.6877 -28.9484 -48.6113 31.7686 -35.6235 -21.6509 -22.9078 -42.4923 20.3909 -30.2719 -48.9627 13.4316 -36.4190 -4.4205 -24.9894 -44.2070 25.4349 -31.6326 -48.3348 -6.8966 -37.5492 17.4575 -37.5492 -6.8966 -48.3348 -31.6326 25.4349 -44.2070 -24.9894 -4.4205 -36.4190 13.4316 -48.9627 -30.2719 20.3909 -42.4923 -22.9078 -21.6509 -35.6235 31.7686 -48.6113 -28.9484 15.6877 -40.7825 -20.0186 -37.2945 -34.4636 34.7982 -47.4914 -27.6579 10.8735 -39.0464 -15.5346 -45.5191 -32.9898 30.4151 -45.7021 -26.1564 3.1369 -36.8149 -0.4946 -48.7316 -30.7543 21.5296 -42.6631 -22.8134 -24.9853 -35.2791 34.5330 -47.9959 -27.9756 11.4558
-26.6865 -47.8174 34.8614 -35.1151 -27.5315 -22.4594 -42.4297 20.8932 -30.5963 -48.7803 1.2582 -36.7104 2.7800 -26.1292 -45.7021 30.5296 -33.0490 -45.2230 -15.9533 -39.1998 11.3859 -27.8004 -47.6545 34.9488 -34.6333 -35.6248 -20.4868 -41.0233 16.3423 -29.1328 -48.7195 30.2786 -35.7642 -18.9214 -23.2471 -42.7356 21.0814 -30.4631 -48.9141 9.7416 -36.4841 -2.6803 -25.2280 -44.4504 26.1983 -31.8330 -48.1203 -8.6608 -37.5414 6.5925 -31.9230 6.5925 -37.5414 -8.6608 -48.1203 -31.8330 26.1983 -44.4504 -25.2280 -2.6803 -36.4841 9.7416 -48.9141 -30.4631 21.0814 -42.7356 -23.2471 -18.9214 -35.7642 30.2786 -48.7195 -29.1328 16.3423 -41.0233 -20.4868 -35.6248 -34.6333 34.9488 -47.6545 -27.8004 11.3859 -39.1998 -15.9533 -45.2230 -33.0490 30.5296 -45.7021 -26.1292 2.7800 -36.7104 1.2582 -48.7803 -30.5963 20.8932 -42.4297 -22.4594 -27.5315 -35.1151 34.8614 -47.8174 -26.6865
-47.5193 34.9709 -34.9440 -29.9579 -22.0795 -42.1864 20.2146 -30.4139 -48.8584 3.8104 -36.6053 2.1010 -26.0539 -45.6294 30.4151 -33.0490 -45.1136 -16.1721 -39.3004 11.7567 -27.9133 -47.7869 34.9822 -34.7812 -33.9255 -20.9140 -41.2613 16.9992 -29.3184 -48.8115 28.4318 -35.8972 -16.1900 -23.5714 -42.9790 21.7799 -30.6551 -48.8329 6.1444 -36.5335 -1.1223 -25.4480 -44.6889 26.9459 -32.0300 -47.8600 -10.1320 -37.7771 6.6153 -27.4865 -48.7512 -27.4865 6.6153 -37.7771 -10.1320 -47.8600 -32.0300 26.9459 -44.6889 -25.4480 -1.1223 -36.5335 6.1444 -48.8329 -30.6551 21.7799 -42.9790 -23.5714 -16.1900 -35.8972 28.4318 -48.8115 -29.3184 16.9992 -41.2613 -20.9140 -33.9255 -34.7812 34.9822 -47.7869 -27.9133 11.7567 -39.3004 -16.1721 -45.1136 -33.0490 30.4151 -45.6294 -26.0539 2.1010 -36.6053 3.8104 -48.8584 -30.4139 20.2146 -42.1864 -22.0795 -29.9579 -34.9440 34.9709 -47.5193
31.6915 -34.5854 -32.2302 -21.6723 -41.9398 19.5333 -30.2229 -48.9296 7.0489 -36.5561 1.1347 -25.9380 -45.4941 30.0852 -32.9898 -45.2230 -16.1721 -39.3368 11.9587 -27.9860 -47.8801 34.9353 -34.9022 -32.3463 -21.2747 -41.4790 17.6215 -29.4985 -48.8848 26.2041 -36.0216 -13.5250 -23.8811 -43.2221 22.4865 -30.8477 -48.7565 2.8049 -36.5658 0.2811 -25.6519 -44.9260 27.6949 -32.2250 -47.5483 -11.3900 -38.0079 7.4693 -26.8795 -46.4062 19.7930 -46.4062 -26.8795 7.4693 -38.0079 -11.3900 -47.5483 -32.2250 27.6949 -44.9260 -25.6519 0.2811 -36.5658 2.8049 -48.7565 -30.8477 22.4865 -43.2221 -23.8811 -13.5250 -36.0216 26.2041 -48.8848 -29.4985 17.6215 -41.4790 -21.2747 -32.3463 -34.9022 34.9353 -47.8801 -27.9860 11.9587 -39.3368 -16.1721 -45.2230 -32.9898 30.0852 -45.4941 -25.9380 1.1347 -36.5561 7.0489 -48.9296 -30.2229 19.5333 -41.9398 -21.6723 -32.2302 -34.5854 31.6915
-34.1695 -34.3097 -21.2450 -41.6900 18.8489 -30.0324 -48.9704 10.6891 -36.5224 -0.0838 -25.7856 -45.3119 29.5867 -32.8808 -45.5191 -15.9533 -39.3004 11.9587 -28.0113 -47.9293 34.8684 -34.9878 -31.0346 -21.5638 -41.6660 18.1724 -29.6633 -48.9376 23.7026 -36.1351 -10.9894 -24.1763 -43.4650 23.2014 -31.0410 -48.6976 -0.1749 -36.6642 1.5530 -25.8391 -45.1614 28.4428 -32.4199 -47.1767 -12.5088 -38.2371 8.2591 -27.0250 -46.7365 33.9338 -37.1604 33.9338 -46.7365 -27.0250 8.2591 -38.2371 -12.5088 -47.1767 -32.4199 28.4428 -45.1614 -25.8391 1.5530 -36.6642 -0.1749 -48.6976 -31.0410 23.2014 -43.4650 -24.1763 -10.9894 -36.1351 23.7026 -48.9376 -29.6633 18.1724 -41.6660 -21.5638 -31.0346 -34.9878 34.8684 -47.9293 -28.0113 11.9587 -39.3004 -15.9533 -45.5191 -32.8808 29.5867 -45.3119 -25.7856 -0.0838 -36.5224 10.6891 -48.9704 -30.0324 18.8489 -41.6900 -21.2450 -34.3097 -34.1695
-37.5867 -20.7989 -41.4378 18.1528 -29.8386 -48.9814 14.3729 -36.4687 -1.5073 -25.6010 -45.0977 28.9640 -32.7339 -45.9349 -15.5346 -39.1998 11.7567 -27.9860 -47.9293 34.8370 -35.0319 -30.1724 -21.7656 -41.8121 18.6313 -29.8056 -48.9693 21.1161 -36.2320 -8.7281 -24.4532 -43.7074 23.9242 -31.2348 -48.6167 -2.7678 -36.8621 2.7140 -26.0108 -45.3947 29.1863 -32.6144 -46.7390 -13.5132 -38.4676 9.0188 -27.1967 -46.9553 33.7963 -34.9284 -3.2031 -34.9284 33.7963 -46.9553 -27.1967 9.0188 -38.4676 -13.5132 -46.7390 -32.6144 29.1863 -45.3947 -26.0108 2.7140 -36.8621 -2.7678 -48.6167 -31.2348 23.9242 -43.7074 -24.4532 -8.7281 -36.2320 21.1161 -48.9693 -29.8056 18.6313 -41.8121 -21.7656 -30.1724 -35.0319 34.8370 -47.9293 -27.9860 11.7567 -39.1998 -15.5346 -45.9349 -32.7339 28.9640 -45.0977 -25.6010 -1.5073 -36.4687 14.3729 -48.9814 -29.8386 18.1528 -41.4378 -20.7989 -37.5867
-19.7528 -41.1855 17.4618 -29.6425 -48.9654 17.9749 -36.3994 -3.1088 -25.3929 -44.8652 28.2508 -32.5602 -46.3969 -14.9322 -39.0464 11.3859 -27.9133 -47.8801 34.8684 -35.0319 -29.8767 -21.8673 -41.9027 18.9640 -29.9164 -48.9827 18.6516 -36.3096 -6.8551 -24.6977 -43.9388 24.6442 -31.4290 -48.4987 -4.9987 -37.0850 3.7825 -26.1755 -45.6258 29.9209 -32.8085 -46.2288 -14.4227 -38.6992 9.7537 -27.3696 -47.1590 34.2437 -34.1986 -38.4172 -27.0849 -38.4172 -34.1986 34.2437 -47.1590 -27.3696 9.7537 -38.6992 -14.4227 -46.2288 -32.8085 29.9209 -45.6258 -26.1755 3.7825 -37.0850 -4.9987 -48.4987 -31.4290 24.6442 -43.9388 -24.6977 -6.8551 -36.3096 18.6516 -48.9827 -29.9164 18.9640 -41.9027 -21.8673 -29.8767 -35.0319 34.8684 -47.8801 -27.9133 11.3859 -39.0464 -14.9322 -46.3969 -32.5602 28.2508 -44.8652 -25.3929 -3.1088 -36.3994 17.9749 -48.9654 -29.6425 17.4618 -41.1855 -19.7528
-41.2911 16.7810 -29.4474 -48.9252 21.3813 -36.3124 -4.9208 -25.1689 -44.6277 27.5022 -32.3698 -46.8582 -14.1723 -38.8536 10.8735 -27.8004 -47.7869 34.9353 -34.9878 -30.1724 -21.8673 -41.9339 19.1360 -29.9869 -48.9862 16.6278 -36.3672 -5.3565 -24.9029 -44.1454 25.3180 -31.6153 -48.3425 -6.9169 -37.3092 4.7738 -26.3409 -45.8542 30.6414 -33.0020 -45.6387 -15.2529 -38.9319 10.4681 -27.5437 -47.3568 34.6034 -34.3300 -38.4562 -20.3566 -44.0995 -20.3566 -38.4562 -34.3300 34.6034 -47.3568 -27.5437 10.4681 -38.9319 -15.2529 -45.6387 -33.0020 30.6414 -45.8542 -26.3409 4.7738 -37.3092 -6.9169 -48.3425 -31.6153 25.3180 -44.1454 -24.9029 -5.3565 -36.3672 16.6278 -48.9862 -29.9869 19.1360 -41.9339 -21.8673 -30.1724 -34.9878 34.9353 -47.7869 -27.8004 10.8735 -38.8536 -14.1723 -46.8582 -32.3698 27.5022 -44.6277 -25.1689 -4.9208 -36.3124 21.3813 -48.9252 -29.4474 16.7810 -41.2911
16.2767 -29.2238 -48.8620 24.4061 -36.2141 -6.9695 -24.9259 -44.3887 26.7535 -32.1749 -47.2783 -13.2647 -38.6368 10.2587 -27.6579 -47.6545 34.9822 -34.9022 -31.0346 -21.7656 -41.9027 19.1360 -30.0113 -48.9851 15.3092 -36.4042 -4.2824 -25.0648 -44.3239 25.9112 -31.7806 -48.1595 -8.5045 -37.5283 5.6881 -26.5076 -46.0797 31.3415 -33.1946 -44.9610 -16.0159 -39.1658 11.1658 -27.7191 -47.5480 34.8544 -34.5094 -36.8747 -20.1468 -41.0540 28.3710 -41.0540 -20.1468 -36.8747 -34.5094 34.8544 -47.5480 -27.7191 11.1658 -39.1658 -16.0159 -44.9610 -33.1946 31.3415 -46.0797 -26.5076 5.6881 -37.5283 -8.5045 -48.1595 -31.7806 25.9112 -44.3239 -25.0648 -4.2824 -36.4042 15.3092 -48.9851 -30.0113 19.1360 -41.9027 -21.7656 -31.0346 -34.9022 34.9822 -47.6545 -27.6579 10.2587 -38.6368 -13.2647 -47.2783 -32.1749 26.7535 -44.3887 -24.9259 -6.9695 -36.2141 24.4061 -48.8620 -29.2238 16.2767
-28.0681 -48.7790 26.9789 -36.1045 -9.2454 -24.6624 -44.1420 25.9975 -31.9799 -47.6340 -12.2329 -38.4082 9.5668 -27.4963 -47.4914 34.9488 -34.7812 -32.3463 -21.5638 -41.8121 18.9640 -29.9869 -48.9851 14.8518 -36.4199 -3.6452 -25.1731 -44.4608 26.4007 -31.9210 -47.9701 -9.7381 -37.7291 6.5032 -26.6683 -46.2986 32.0136 -33.3862 -44.1871 -16.7217 -39.4006 11.8503 -27.8956 -47.7318 34.9758 -34.6857 -35.1357 -20.6036 -41.0840 17.1909 -34.0709 17.1909 -41.0840 -20.6036 -35.1357 -34.6857 34.9758 -47.7318 -27.8956 11.8503 -39.4006 -16.7217 -44.1871 -33.3862 32.0136 -46.2986 -26.6683 6.5032 -37.7291 -9.7381 -47.9701 -31.9210 26.4007 -44.4608 -25.1731 -3.6452 -36.4199 14.8518 -48.9851 -29.9869 18.9640 -41.8121 -21.5638 -32.3463 -34.7812 34.9488 -47.4914 -27.4963 9.5668 -38.4082 -12.2329 -47.6340 -31.9799 25.9975 -44.1420 -24.6624 -9.2454 -36.1045 26.9789 -48.7790 -28.0681
-48.5196 29.1305 -35.9797 -11.7626 -24.3811 -43.8907 25.2345 -31.7822 -47.9311 -11.0809 -38.1781 8.8261 -27.3250 -47.3065 34.7982 -34.6333 -33.9255 -21.2747 -41.6660 18.6313 -29.9164 -48.9862 15.3092 -36.4199 -3.4242 -25.2286 -44.5433 26.7424 -32.0296 -47.7907 -10.6854 -37.9047 7.1963 -26.8150 -46.4985 32.6226 -33.5738 -43.3078 -17.3783 -39.6365 12.5242 -28.0734 -47.9076 34.9448 -34.8583 -33.2218 -21.0441 -41.3268 17.1643 -30.3902 -46.3978 -30.3902 17.1643 -41.3268 -21.0441 -33.2218 -34.8583 34.9448 -47.9076 -28.0734 12.5242 -39.6365 -17.3783 -43.3078 -33.5738 32.6226 -46.4985 -26.8150 7.1963 -37.9047 -10.6854 -47.7907 -32.0296 26.7424 -44.5433 -25.2286 -3.4242 -36.4199 15.3092 -48.9862 -29.9164 18.6313 -41.6660 -21.2747 -33.9255 -34.6333 34.7982 -47.3065 -27.3250 8.8261 -38.1781 -11.0809 -47.9311 -31.7822 25.2345 -43.8907 -24.3811 -11.7626 -35.9797 29.1305 -48.5196
21.6538 -35.5993 -14.4526 -24.0848 -43.6410 24.4748 -31.5800 -48.1808 -9.7652 -37.9491 8.0591 -27.1524 -47.1072 34.5206 -34.4636 -35.6248 -20.9140 -41.4790 18.1724 -29.8056 -48.9827 16.6278 -36.4042 -3.6452 -25.2286 -44.5712 26.9138 -32.0965 -47.6491 -11.3686 -38.0515 7.7709 -26.9453 -46.6738 33.1319 -33.7466 -42.3583 -17.9837 -39.8734 13.1902 -28.2523 -48.0744 34.7359 -35.0268 -31.1295 -21.4646 -41.5689 17.8295 -29.5912 -48.7134 -15.2366 -48.7134 -29.5912 17.8295 -41.5689 -21.4646 -31.1295 -35.0268 34.7359 -48.0744 -28.2523 13.1902 -39.8734 -17.9837 -42.3583 -33.7466 33.1319 -46.6738 -26.9453 7.7709 -38.0515 -11.3686 -47.6491 -32.0965 26.9138 -44.5712 -25.2286 -3.6452 -36.4042 16.6278 -48.9827 -29.8056 18.1724 -41.4790 -20.9140 -35.6248 -34.4636 34.5206 -47.1072 -27.1524 8.0591 -37.9491 -9.7652 -48.1808 -31.5800 24.4748 -43.6410 -24.0848 -14.4526 -35.5993 21.6538
-35.5250 -17.2647 -23.7720 -43.3880 23.7149 -31.3785 -48.3822 -8.2398 -37.7187 7.2606 -26.9810 -46.9020 34.1359 -34.2834 -37.2945 -20.4868 -41.2613 17.6215 -29.6633 -48.9693 18.6516 -36.3672 -4.2824 -25.1731 -44.5433 26.9138 -32.1188 -47.5738 -11.7673 -38.1563 8.2081 -27.0550 -46.8252 33.5470 -33.8966 -41.4110 -18.5126 -40.1009 13.8410 -28.4325 -48.2312 34.3213 -35.1907 -28.8613 -21.8665 -41.8115 18.4951 -29.7410 -48.9207 20.2607 -38.6667 20.2607 -48.9207 -29.7410 18.4951 -41.8115 -21.8665 -28.8613 -35.1907 34.3213 -48.2312 -28.4325 13.8410 -40.1009 -18.5126 -41.4110 -33.8966 33.5470 -46.8252 -27.0550 8.2081 -38.1563 -11.7673 -47.5738 -32.1188 26.9138 -44.5433 -25.1731 -4.2824 -36.3672 18.6516 -48.9693 -29.6633 17.6215 -41.2613 -20.4868 -37.2945 -34.2834 34.1359 -46.9020 -26.9810 7.2606 -37.7187 -8.2398 -48.3822 -31.3785 23.7149 -43.3880 -23.7720 -17.2647 -35.5250
-22.2445 -23.4453 -43.1352 22.9655 -31.1779 -48.5346 -6.4754 -37.4858 6.4117 -26.8109 -46.6917 33.6650 -34.1004 -38.8240 -20.0186 -41.0233 16.9992 -29.4985 -48.9376 21.1161 -36.3096 -5.3565 -25.0648 -44.4608 26.7424 -32.0965 -47.5738 -11.8968 -38.2088 8.4723 -27.1334 -46.9413 33.8695 -34.0255 -40.5097 -18.9525 -40.3054 14.4413 -28.6059 -48.3751 33.6710 -35.3495 -26.4282 -22.2509 -42.0544 19.1662 -29.9297 -48.9779 19.8002 -36.5572 11.6537 -36.5572 19.8002 -48.9779 -29.9297 19.1662 -42.0544 -22.2509 -26.4282 -35.3495 33.6710 -48.3751 -28.6059 14.4413 -40.3054 -18.9525 -40.5097 -34.0255 33.8695 -46.9413 -27.1334 8.4723 -38.2088 -11.8968 -47.5738 -32.0965 26.7424 -44.4608 -25.0648 -5.3565 -36.3096 21.1161 -48.9376 -29.4985 16.9992 -41.0233 -20.0186 -38.8240 -34.1004 33.6650 -46.6917 -26.8109 6.4117 -37.4858 -6.4754 -48.5346 -31.1779 22.9655 -43.1352 -23.4453 -22.2445
-21.9959 -42.8842 22.2315 -30.9756 -48.6459 -4.3973 -37.2509 5.4917 -26.6402 -46.4768 33.1237 -33.9151 -40.1978 -19.5260 -40.7825 16.3423 -29.3184 -48.8848 23.7026 -36.2320 -6.8551 -24.9029 -44.3239 26.4007 -32.0296 -47.6491 -11.7673 -38.2088 8.5596 -27.1727 -47.0120 34.0798 -34.1269 -39.6855 -19.3140 -40.4831 14.9650 -28.7621 -48.4981 32.7988 -35.5004 -23.8524 -22.6187 -42.2975 19.8437 -30.1194 -48.9802 16.3305 -36.3811 -4.0281 -30.6744 -4.0281 -36.3811 16.3305 -48.9802 -30.1194 19.8437 -42.2975 -22.6187 -23.8524 -35.5004 32.7988 -48.4981 -28.7621 14.9650 -40.4831 -19.3140 -39.6855 -34.1269 34.0798 -47.0120 -27.1727 8.5596 -38.2088 -11.7673 -47.6491 -32.0296 26.4007 -44.3239 -24.9029 -6.8551 -36.2320 23.7026 -48.8848 -29.3184 16.3423 -40.7825 -19.5260 -40.1978 -33.9151 33.1237 -46.4768 -26.6402 5.4917 -37.2509 -4.3973 -48.6459 -30.9756 22.2315 -42.8842 -21.9959
-42.8478 21.4982 -30.7752 -48.7181 -1.9613 -37.0180 4.5111 -26.4675 -46.2539 32.5237 -33.7278 -41.4264 -19.0064 -40.5425 15.6877 -29.1328 -48.8115 26.2041 -36.1351 -8.7281 -24.6977 -44.1454 25.9112 -31.9210 -47.7907 -11.3686 -38.1563 8.4723 -27.1727 -47.0354 34.1785 -34.1899 -39.0496 -19.5909 -40.6310 15.4058 -28.8973 -48.5973 31.7864 -35.6334 -21.2945 -22.9636 -42.5374 20.5283 -30.3100 -48.9554 12.6986 -36.4321 -4.0752 -25.7496 -47.5751 -25.7496 -4.0752 -36.4321 12.6986 -48.9554 -30.3100 20.5283 -42.5374 -22.9636 -21.2945 -35.6334 31.7864 -48.5973 -28.8973 15.4058 -40.6310 -19.5909 -39.0496 -34.1899 34.1785 -47.0354 -27.1727 8.4723 -38.1563 -11.3686 -47.7907 -31.9210 25.9112 -44.1454 -24.6977 -8.7281 -36.1351 26.2041 -48.8115 -29.1328 15.6877 -40.5425 -19.0064 -41.4264 -33.7278 32.5237 -46.2539 -26.4675 4.5111 -37.0180 -1.9613 -48.7181 -30.7752 21.4982 -42.8478
21.0721 -30.5215 -48.7862 0.8518 -36.7863 3.4566 -26.2941 -46.0212 31.8612 -33.5374 -42.5208 -18.4567 -40.3032 15.0337 -28.9484 -48.7195 28.4318 -36.0216 -10.9894 -24.4532 -43.9388 25.3180 -31.7806 -47.9701 -10.6854 -38.0515 8.2081 -27.1334 -47.0120 34.1785 -34.2109 -38.7197 -19.7617 -40.7380 15.7533 -29.0094 -48.6737 30.7381 -35.7429 -18.9988 -23.2657 -42.7635 21.1906 -30.4986 -48.9006 9.0124 -36.4942 -2.3636 -25.2867 -44.5645 35.2867 -44.5645 -25.2867 -2.3636 -36.4942 9.0124 -48.9006 -30.4986 21.1906 -42.7635 -23.2657 -18.9988 -35.7429 30.7381 -48.6737 -29.0094 15.7533 -40.7380 -19.7617 -38.7197 -34.2109 34.1785 -47.0120 -27.1334 8.2081 -38.0515 -10.6854 -47.9701 -31.7806 25.3180 -43.9388 -24.4532 -10.9894 -36.0216 28.4318 -48.7195 -28.9484 15.0337 -40.3032 -18.4567 -42.5208 -33.5374 31.8612 -46.0212 -26.2941 3.4566 -36.7863 0.8518 -48.7862 -30.5215 21.0721
-29.5003 -48.8706 4.1052 -36.6200 2.3123 -26.1229 -45.7857 31.1541 -33.3413 -43.5051 -17.8729 -40.0647 14.3791 -28.7650 -48.6113 30.2786 -35.8972 -13.5250 -24.1763 -43.7074 24.6442 -31.6153 -48.1595 -9.7381 -37.9047 7.7709 -27.0550 -46.9413 34.0798 -34.1899 -38.7197 -19.8179 -40.7929 15.9776 -29.0911 -48.7284 29.7365 -35.8323 -17.0437 -23.5167 -42.9653 21.8001 -30.6743 -48.8172 5.5040 -36.5403 -0.8376 -25.4860 -44.7247 27.8850 -36.2106 27.8850 -44.7247 -25.4860 -0.8376 -36.5403 5.5040 -48.8172 -30.6743 21.8001 -42.9653 -23.5167 -17.0437 -35.8323 29.7365 -48.7284 -29.0911 15.9776 -40.7929 -19.8179 -38.7197 -34.1899 34.0798 -46.9413 -27.0550 7.7709 -37.9047 -9.7381 -48.1595 -31.6153 24.6442 -43.7074 -24.1763 -13.5250 -35.8972 30.2786 -48.6113 -28.7650 14.3791 -40.0647 -17.8729 -43.5051 -33.3413 31.1541 -45.7857 -26.1229 2.3123 -36.6200 4.1052 -48.8706 -29.5003
-48.8102 7.6742 -36.5546 1.0759 -25.9509 -45.5494 30.4254 -33.1405 -44.3943 -17.2335 -39.8237 13.7220 -28.5827 -48.4886 31.7686 -35.7642 -16.1900 -23.8811 -43.4650 23.9242 -31.4290 -48.3425 -8.5045 -37.7291 7.1963 -26.9453 -46.8252 33.8695 -34.1269 -39.0496 -19.7617 -40.7929 16.0524 -29.1333 -48.7616 28.9132 -35.9017 -15.4181 -23.7237 -43.1390 22.3447 -30.8300 -48.7503 2.4929 -36.5685 0.5198 -25.6866 -44.9666 27.8203 -33.3707 -24.6551 -33.3707 27.8203 -44.9666 -25.6866 0.5198 -36.5685 2.4929 -48.7503 -30.8300 22.3447 -43.1390 -23.7237 -15.4181 -35.9017 28.9132 -48.7616 -29.1333 16.0524 -40.7929 -19.7617 -39.0496 -34.1269 33.8695 -46.8252 -26.9453 7.1963 -37.7291 -8.5045 -48.3425 -31.4290 23.9242 -43.4650 -23.8811 -16.1900 -35.7642 31.7686 -48.4886 -28.5827 13.7220 -39.8237 -17.2335 -44.3943 -33.1405 30.4254 -45.5494 -25.9509 1.0759 -36.5546 7.6742 -48.8102
0.3607 -36.2399 -0.3013 -25.7665 -45.3076 29.6685 -32.9408 -45.1723 -16.5372 -39.5803 13.0511 -28.4013 -48.3527 32.9321 -35.6235 -18.9214 -23.5714 -43.2221 23.2014 -31.2348 -48.4987 -6.9169 -37.5283 6.5032 -26.8150 -46.6738 33.5470 -34.0255 -39.6855 -19.5909 -40.7380 15.9776 -29.1333 -48.7722 28.4595 -35.9456 -14.2372 -23.8856 -43.2849 22.8125 -30.9667 -48.7113 0.1071 -36.6544 1.6674 -25.8631 -45.1983 28.5709 -32.5023 -46.6478 -23.9154 -46.6478 -32.5023 28.5709 -45.1983 -25.8631 1.6674 -36.6544 0.1071 -48.7113 -30.9667 22.8125 -43.2849 -23.8856 -14.2372 -35.9456 28.4595 -48.7722 -29.1333 15.9776 -40.7380 -19.5909 -39.6855 -34.0255 33.5470 -46.6738 -26.8150 6.5032 -37.5283 -6.9169 -48.4987 -31.2348 23.2014 -43.2221 -23.5714 -18.9214 -35.6235 32.9321 -48.3527 -28.4013 13.0511 -39.5803 -16.5372 -45.1723 -32.9408 29.6685 -45.3076 -25.7665 -0.3013 -36.2399 0.3607
-36.6656 -1.8352 -25.5643 -45.0638 28.9001 -32.7404 -45.8428 -15.7922 -39.3349 12.3559 -28.2171 -48.2023 33.8012 -35.4758 -21.6509 -23.2471 -42.9790 22.4865 -31.0410 -48.6167 -4.9987 -37.3092 5.6881 -26.6683 -46.4985 33.1319 -33.8966 -40.5097 -19.3140 -40.6310 15.7533 -29.0911 -48.7616 28.4595 -35.9600 -13.6362 -23.9886 -43.3924 23.1913 -31.0828 -48.6672 -1.7769 -36.8076 2.5965 -26.0091 -45.4114 29.2815 -32.6451 -46.6598 -14.6428 -41.7681 -14.6428 -46.6598 -32.6451 29.2815 -45.4114 -26.0091 2.5965 -36.8076 -1.7769 -48.6672 -31.0828 23.1913 -43.3924 -23.9886 -13.6362 -35.9600 28.4595 -48.7616 -29.0911 15.7533 -40.6310 -19.3140 -40.5097 -33.8966 33.1319 -46.4985 -26.6683 5.6881 -37.3092 -4.9987 -48.6167 -31.0410 22.4865 -42.9790 -23.2471 -21.6509 -35.4758 33.8012 -48.2023 -28.2171 12.3559 -39.3349 -15.7922 -45.8428 -32.7404 28.9001 -45.0638 -25.5643 -1.8352 -36.6656
-4.7232 -25.3544 -44.8179 28.1234 -32.5370 -46.4281 -14.9750 -39.0904 11.6506 -28.0319 -48.0385 34.4154 -35.3217 -24.3165 -22.9078 -42.7356 21.7799 -30.8477 -48.6976 -2.7678 -37.0850 4.7738 -26.5076 -46.2986 32.6226 -33.7466 -41.4110 -18.9525 -40.4831 15.4058 -29.0094 -48.7284 28.9132 -35.9456 -13.6362 -24.0225 -43.4479 23.4382 -31.1686 -48.6208 -3.2428 -36.9511 3.3473 -26.1311 -45.5963 29.9107 -32.8226 -46.1570 -14.5551 -38.9782 21.7673 -38.9782 -14.5551 -46.1570 -32.8226 29.9107 -45.5963 -26.1311 3.3473 -36.9511 -3.2428 -48.6208 -31.1686 23.4382 -43.4479 -24.0225 -13.6362 -35.9456 28.9132 -48.7284 -29.0094 15.4058 -40.4831 -18.9525 -41.4110 -33.7466 32.6226 -46.2986 -26.5076 4.7738 -37.0850 -2.7678 -48.6976 -30.8477 21.7799 -42.7356 -22.9078 -24.3165 -35.3217 34.4154 -48.0385 -28.0319 11.6506 -39.0904 -14.9750 -46.4281 -32.5370 28.1234 -44.8179 -25.3544 -4.7232
-23.7674 -44.5698 27.3429 -32.3357 -46.9284 -14.0830 -38.8499 10.9415 -27.8482 -47.8647 34.7974 -35.1578 -26.8982 -22.5532 -42.4923 21.0814 -30.6551 -48.7565 -0.1749 -36.8621 3.7825 -26.3409 -46.0797 32.0136 -33.5738 -42.3583 -18.5126 -40.3054 14.9650 -28.8973 -48.6737 29.7365 -35.9017 -14.2372 -23.9886 -43.4479 23.5207 -31.2129 -48.5853 -4.2418 -37.0690 3.9576 -26.2362 -45.7535 30.4478 -32.9774 -45.6472 -15.3104 -38.9628 11.2962 -32.7842 11.2962 -38.9628 -15.3104 -45.6472 -32.9774 30.4478 -45.7535 -26.2362 3.9576 -37.0690 -4.2418 -48.5853 -31.2129 23.5207 -43.4479 -23.9886 -14.2372 -35.9017 29.7365 -48.6737 -28.8973 14.9650 -40.3054 -18.5126 -42.3583 -33.5738 32.0136 -46.0797 -26.3409 3.7825 -36.8621 -0.1749 -48.7565 -30.6551 21.0814 -42.4923 -22.5532 -26.8982 -35.1578 34.7974 -47.8647 -27.8482 10.9415 -38.8499 -14.0830 -46.9284 -32.3357 27.3429 -44.5698 -23.7674
-44.4145 26.5705 -32.1343 -47.3496 -13.1081 -38.6079 10.2092 -27.6644 -47.6791 34.9689 -34.9877 -29.3616 -22.1789 -42.2489 20.3909 -30.4631 -48.8329 2.8049 -36.6642 2.7140 -26.1755 -45.8542 31.3415 -33.3862 -43.3078 -17.9837 -40.1009 14.4413 -28.7621 -48.5973 30.7381 -35.8323 -15.4181 -23.8856 -43.3924 23.4382 -31.2129 -48.5724 -4.7316 -37.1457 4.3998 -26.3228 -45.8869 30.8944 -33.1098 -45.1533 -15.9221 -39.1636 11.2141 -28.6463 -48.7105 -28.6463 11.2141 -39.1636 -15.9221 -45.1533 -33.1098 30.8944 -45.8869 -26.3228 4.3998 -37.1457 -4.7316 -48.5724 -31.2129 23.4382 -43.3924 -23.8856 -15.4181 -35.8323 30.7381 -48.5973 -28.7621 14.4413 -40.1009 -17.9837 -43.3078 -33.3862 31.3415 -45.8542 -26.1755 2.7140 -36.6642 2.8049 -48.8329 -30.4631 20.3909 -42.2489 -22.1789 -29.3616 -34.9877 34.9689 -47.6791 -27.6644 10.2092 -38.6079 -13.1081 -47.3496 -32.1343 26.5705 -44.4145
26.0420 -31.8461 -47.7069 -12.0110 -38.3670 9.4569 -27.4822 -47.4851 34.9545 -34.8128 -31.6592 -21.7804 -42.0027 19.7078 -30.2719 -48.9141 6.1444 -36.5658 1.5530 -26.0108 -45.6258 30.6414 -33.1946 -44.1871 -17.3783 -39.8734 13.8410 -28.6059 -48.4981 31.7864 -35.7429 -17.0437 -23.7237 -43.2849 23.1913 -31.1686 -48.5853 -4.7316 -37.1713 4.6227 -26.3797 -45.9871 31.2528 -33.2179 -44.6971 -16.4145 -39.3346 11.7570 -27.9238 -47.4571 -1.5646 -47.4571 -27.9238 11.7570 -39.3346 -16.4145 -44.6971 -33.2179 31.2528 -45.9871 -26.3797 4.6227 -37.1713 -4.7316 -48.5853 -31.1686 23.1913 -43.2849 -23.7237 -17.0437 -35.7429 31.7864 -48.4981 -28.6059 13.8410 -39.8734 -17.3783 -44.1871 -33.1946 30.6414 -45.6258 -26.0108 1.5530 -36.5658 6.1444 -48.9141 -30.2719 19.7078 -42.0027 -21.7804 -31.6592 -34.8128 34.9545 -47.4851 -27.4822 9.4569 -38.3670 -12.0110 -47.7069 -31.8461 26.0420
-30.9735 -48.0022 -10.7807 -38.1296 8.6879 -27.3012 -47.2835 34.7821 -34.6302 -33.7920 -21.3571 -41.7529 19.0219 -30.0816 -48.9627 9.7416 -36.5335 0.2811 -25.8391 -45.3947 29.9209 -33.0020 -44.9610 -16.7217 -39.6365 13.1902 -28.4325 -48.3751 32.7988 -35.6334 -18.9988 -23.5167 -43.1390 22.8125 -31.0828 -48.6208 -4.2418 -37.1457 4.6227 -26.3987 -46.0385 31.4877 -33.2983 -44.3071 -16.7959 -39.4759 12.2018 -28.0207 -47.8689 34.9986 -37.5832 34.9986 -47.8685 -28.0225 12.2015 -39.4759 -16.7959 -44.3071 -33.2983 31.4877 -46.0385 -26.3987 4.6227 -37.1457 -4.2418 -48.6208 -31.0828 22.8125 -43.1390 -23.5167 -18.9988 -35.6334 32.7988 -48.3751 -28.4325 13.1902 -39.6365 -16.7217 -44.9610 -33.0020 29.9209 -45.3947 -25.8391 0.2811 -36.5335 9.7416 -48.9627 -30.0816 19.0219 -41.7529 -21.3571 -33.7920 -34.6302 34.7821 -47.2835 -27.3012 8.6879 -38.1296 -10.7807 -48.0022 -30.9735
-48.4209 -9.3924 -37.8914 7.8816 -27.1221 -47.0750 34.4773 -34.4472 -35.7262 -20.9144 -41.5031 18.3327 -29.8890 -48.9817 13.4316 -36.4841 -1.1223 -25.6519 -45.1614 29.1863 -32.8085 -45.6387 -16.0159 -39.4006 12.5242 -28.2523 -48.2312 33.6710 -35.5004 -21.2945 -23.2657 -42.9653 22.3447 -30.9667 -48.6672 -3.2428 -37.0690 4.3998 -26.3797 -46.0385 31.5654 -33.3421 -44.0355 -17.0712 -39.5932 12.5698 -28.3535 -47.9152 34.8502 -35.7363 4.3824 -35.8537 34.9007 -47.9384 -28.1966 12.5641 -39.5902 -17.0713 -44.0363 -33.3421 31.5654 -46.0385 -26.3797 4.3998 -37.0690 -3.2428 -48.6672 -30.9667 22.3447 -42.9653 -23.2657 -21.2945 -35.5004 33.6710 -48.2312 -28.2523 12.5242 -39.4006 -16.0159 -45.6387 -32.8085 29.1863 -45.1614 -25.6519 -1.1223 -36.4841 13.4316 -48.9817 -29.8890 18.3327 -41.5031 -20.9144 -35.7262 -34.4472 34.4773 -47.0750 -27.1221 7.8816 -37.8914 -9.3924 -48.4209
-11.0494 -37.6546 7.0418 -26.9451 -46.8627 34.0671 -34.2610 -37.4586 -20.4527 -41.2511 17.6409 -29.6932 -48.9726 17.0836 -36.4190 -2.6803 -25.4480 -44.9260 28.4428 -32.6144 -46.2288 -15.2529 -39.1658 11.8503 -28.0734 -48.0744 34.3213 -35.3495 -23.8524 -22.9636 -42.7635 21.8001 -30.8300 -48.7113 -1.7769 -36.9511 3.9576 -26.3228 -45.9871 31.4877 -33.3421 -43.9384 -17.2196 -39.7427 14.8777 -29.9028 -48.6153 31.3477 -35.6017 -24.8003 -29.6341 -17.4790 -36.6804 32.5271 -47.9585 -29.1363 13.2310 -39.7069 -17.3115 -43.9409 -33.3421 31.4877 -45.9871 -26.3228 3.9576 -36.9511 -1.7769 -48.7113 -30.8300 21.8001 -42.7635 -22.9636 -23.8524 -35.3495 34.3213 -48.0744 -28.0734 11.8503 -39.1658 -15.2529 -46.2288 -32.6144 28.4428 -44.9260 -25.4480 -2.6803 -36.4190 17.0836 -48.9726 -29.6932 17.6409 -41.2511 -20.4527 -37.4586 -34.2610 34.0671 -46.8627 -26.9451 7.0418 -37.6546 -11.0494
-38.1141 6.1659 -26.7682 -46.6427 33.5624 -34.0687 -39.0333 -19.9622 -40.9996 16.9532 -29.4979 -48.9379 20.5331 -36.3379 -4.4205 -25.2280 -44.6889 27.6949 -32.4199 -46.7390 -14.4227 -38.9319 11.1658 -27.8956 -47.9076 34.7359 -35.1907 -26.4282 -22.6187 -42.5374 21.1906 -30.6743 -48.7503 0.1071 -36.8076 3.3473 -26.2362 -45.8869 31.2528 -33.2983 -44.0355 -17.2196 -39.8134 19.9170 -34.5137 -47.4594 -15.9766 -39.6282 1.4838 -27.5907 -48.8808 -30.3884 16.7613 -40.2264 -19.2022 -49.2286 -32.1758 17.7196 -40.5710 -17.3950 -44.0380 -33.2983 31.2528 -45.8869 -26.2362 3.3473 -36.8076 0.1071 -48.7503 -30.6743 21.1906 -42.5374 -22.6187 -26.4282 -35.1907 34.7359 -47.9076 -27.8956 11.1658 -38.9319 -14.4227 -46.7390 -32.4199 27.6949 -44.6889 -25.2280 -4.4205 -36.3379 20.5331 -48.9379 -29.4979 16.9532 -40.9996 -19.9622 -39.0333 -34.0687 33.5624 -46.6427 -26.7682 6.1659 -38.1141
4.8475 -26.6045 -46.4176 32.9841 -33.8754 -40.4373 -19.4461 -40.7511 16.2753 -29.3036 -48.8805 23.6590 -36.2399 -6.4127 -24.9894 -44.4504 26.9459 -32.2250 -47.1767 -13.5132 -38.6992 10.4681 -27.7191 -47.7318 34.9448 -35.0268 -28.8613 -22.2509 -42.2975 20.5283 -30.4986 -48.8172 2.4929 -36.6544 2.5965 -26.1311 -45.7535 30.8944 -33.2179 -44.3071 -17.0711 -39.7283 18.5277 25.8095 -30.9036 -17.5186 -47.2451 -30.0996 19.5237 3.4112 -11.3369 4.0130 -7.4543 -70.4164 23.4372 35.3230 25.1137 -48.5589 -36.4757 -40.5348 -17.1650 -44.3079 -33.2164 30.8944 -45.7538 -26.1305 2.5964 -36.6543 2.4919 -48.8185 -30.4986 20.5283 -42.2975 -22.2509 -28.8613 -35.0268 34.9448 -47.7318 -27.7191 10.4681 -38.6992 -13.5134 -47.1766 -32.2250 26.9459 -44.4504 -24.9889 -6.4123 -36.2390 23.6576 -48.8813 -29.3026 16.2754 -40.7511 -19.4461 -40.4372 -33.8754 32.9840 -46.4178 -26.6038 4.8473
-25.1518 -46.1900 32.3531 -33.6799 -41.6870 -18.8995 -40.5008 15.5926 -29.1112 -48.8018 26.3720 -36.1324 -8.6517 -24.7312 -44.2070 26.1983 -32.0300 -47.5483 -12.5088 -38.4676 9.7537 -27.5437 -47.5480 34.9758 -34.8583 -31.1295 -21.8665 -42.0544 19.8437 -30.3100 -48.9006 5.5040 -36.5685 1.6674 -26.0091 -45.5963 30.4478 -33.1098 -44.6971 -16.7959 -39.5900 13.2364 -30.9834 -56.5886 30.0025 34.7871 29.0314 -42.8962 -62.5090 -25.9876 -52.7560 -9.7820 -30.4198 28.3133 -78.4447 -28.2690 -48.7308 46.8376 -26.5207 21.5973 -39.8015 -16.7919 -44.7139 -33.1864 30.4369 -45.5854 -26.0415 1.6426 -36.5742 5.5767 -48.8346 -30.3751 19.8384 -42.0516 -21.8811 -31.1487 -34.9348 34.9912 -47.5270 -27.5891 9.7391 -38.4652 -12.4966 -47.5521 -32.1039 26.1839 -44.1974 -24.7522 -8.7039 -36.1805 26.4647 -48.7613 -29.1634 15.5857 -40.4991 -18.9047 -41.6993 -33.7633 32.3476 -46.1756 -25.2129
