0.0001 0.0008 0.0094 0.1142 1.0000 1.0000 0.0002 0.0023 0.0278 0.3363 1.0000 1.0000 0.0006 0.0067 0.0815 0.9887 1.0000 0.0001 0.0016 0.0198 0.2393 1.0000 1.0000 0.0004 0.0048 0.0580 0.7034 1.0000 0.0001 0.0012 0.0141 0.1702 1.0000 1.0000 0.0003 0.0034 0.0413 0.5004 1.0000 0.0001 0.0008 0.0100 0.1211 1.0000 1.0000 0.0002 0.0024 0.0291 0.3428 1.0000 1.0000 1.0000 0.3428 0.0291 0.0024 0.0002 1.0000 1.0000 0.1211 0.0100 0.0008 0.0001 1.0000 0.5004 0.0413 0.0034 0.0003 1.0000 1.0000 0.1702 0.0141 0.0012 0.0001 1.0000 0.7034 0.0580 0.0048 0.0004 1.0000 1.0000 0.2393 0.0198 0.0016 0.0001 1.0000 0.9887 0.0815 0.0067 0.0006 1.0000 1.0000 0.3363 0.0278 0.0023 0.0002 1.0000 1.0000 0.1142 0.0094 0.0008 0.0001
0.0008 0.0098 0.1159 1.0000 1.0000 0.0002 0.0023 0.0276 0.3350 1.0000 1.0000 0.0006 0.0067 0.0811 0.9812 1.0000 0.0001 0.0016 0.0197 0.2379 1.0000 1.0000 0.0004 0.0048 0.0577 0.6981 1.0000 0.0001 0.0012 0.0140 0.1693 1.0000 1.0000 0.0003 0.0034 0.0410 0.4967 1.0000 0.0001 0.0008 0.0100 0.1204 1.0000 1.0000 0.0002 0.0024 0.0291 0.3507 1.0000 1.0000 0.0002 1.0000 1.0000 0.3507 0.0291 0.0024 0.0002 1.0000 1.0000 0.1204 0.0100 0.0008 0.0001 1.0000 0.4967 0.0410 0.0034 0.0003 1.0000 1.0000 0.1693 0.0140 0.0012 0.0001 1.0000 0.6981 0.0577 0.0048 0.0004 1.0000 1.0000 0.2379 0.0197 0.0016 0.0001 1.0000 0.9812 0.0811 0.0067 0.0006 1.0000 1.0000 0.3350 0.0276 0.0023 0.0002 1.0000 1.0000 0.1159 0.0098 0.0008
0.0094 0.1159 1.0000 1.0000 0.0002 0.0021 0.0254 0.3070 1.0000 1.0000 0.0005 0.0061 0.0740 0.8956 1.0000 0.0001 0.0015 0.0179 0.2167 1.0000 1.0000 0.0004 0.0043 0.0526 0.6372 1.0000 0.0001 0.0011 0.0127 0.1542 1.0000 1.0000 0.0003 0.0031 0.0374 0.4533 1.0000 0.0001 0.0007 0.0091 0.1097 1.0000 1.0000 0.0002 0.0022 0.0266 0.3213 1.0000 1.0000 0.0005 0.0022 0.0005 1.0000 1.0000 0.3213 0.0266 0.0022 0.0002 1.0000 1.0000 0.1097 0.0091 0.0007 0.0001 1.0000 0.4533 0.0374 0.0031 0.0003 1.0000 1.0000 0.1542 0.0127 0.0011 0.0001 1.0000 0.6372 0.0526 0.0043 0.0004 1.0000 1.0000 0.2167 0.0179 0.0015 0.0001 1.0000 0.8956 0.0740 0.0061 0.0005 1.0000 1.0000 0.3070 0.0254 0.0021 0.0002 1.0000 1.0000 0.1159 0.0094
0.1142 1.0000 1.0000 0.0002 0.0020 0.0239 0.2856 1.0000 1.0000 0.0005 0.0056 0.0677 0.8190 1.0000 0.0001 0.0013 0.0163 0.1978 1.0000 1.0000 0.0003 0.0040 0.0480 0.5805 1.0000 0.0001 0.0010 0.0116 0.1408 1.0000 1.0000 0.0002 0.0028 0.0341 0.4130 1.0000 1.0000 0.0007 0.0083 0.1001 1.0000 1.0000 0.0002 0.0020 0.0243 0.2938 1.0000 1.0000 0.0005 0.0051 0.0245 0.0051 0.0005 1.0000 1.0000 0.2938 0.0243 0.0020 0.0002 1.0000 1.0000 0.1001 0.0083 0.0007 1.0000 1.0000 0.4130 0.0341 0.0028 0.0002 1.0000 1.0000 0.1408 0.0116 0.0010 0.0001 1.0000 0.5805 0.0480 0.0040 0.0003 1.0000 1.0000 0.1978 0.0163 0.0013 0.0001 1.0000 0.8190 0.0677 0.0056 0.0005 1.0000 1.0000 0.2856 0.0239 0.0020 0.0002 1.0000 1.0000 0.1142
1.0000 1.0000 0.0002 0.0020 0.0234 0.2739 1.0000 1.0000 0.0004 0.0052 0.0622 0.7504 1.0000 0.0001 0.0012 0.0149 0.1806 1.0000 1.0000 0.0003 0.0036 0.0437 0.5298 1.0000 0.0001 0.0009 0.0106 0.1285 1.0000 1.0000 0.0002 0.0026 0.0311 0.3770 1.0000 1.0000 0.0006 0.0075 0.0914 1.0000 1.0000 0.0002 0.0018 0.0221 0.2682 1.0000 1.0000 0.0004 0.0052 0.0562 0.2702 0.0562 0.0052 0.0004 1.0000 1.0000 0.2682 0.0221 0.0018 0.0002 1.0000 1.0000 0.0914 0.0075 0.0006 1.0000 1.0000 0.3770 0.0311 0.0026 0.0002 1.0000 1.0000 0.1285 0.0106 0.0009 0.0001 1.0000 0.5298 0.0437 0.0036 0.0003 1.0000 1.0000 0.1806 0.0149 0.0012 0.0001 1.0000 0.7504 0.0622 0.0052 0.0004 1.0000 1.0000 0.2739 0.0234 0.0020 0.0002 1.0000 1.0000
1.0000 0.0002 0.0021 0.0239 0.2739 1.0000 1.0000 0.0004 0.0048 0.0579 0.6954 1.0000 0.0001 0.0011 0.0136 0.1651 1.0000 1.0000 0.0003 0.0033 0.0399 0.4827 1.0000 0.0001 0.0008 0.0097 0.1170 1.0000 1.0000 0.0002 0.0023 0.0284 0.3434 1.0000 1.0000 0.0006 0.0069 0.0833 1.0000 1.0000 0.0001 0.0017 0.0202 0.2443 1.0000 1.0000 0.0004 0.0048 0.0574 0.6204 1.0000 0.6204 0.0574 0.0048 0.0004 1.0000 1.0000 0.2443 0.0202 0.0017 0.0001 1.0000 1.0000 0.0833 0.0069 0.0006 1.0000 1.0000 0.3434 0.0284 0.0023 0.0002 1.0000 1.0000 0.1170 0.0097 0.0008 0.0001 1.0000 0.4827 0.0399 0.0033 0.0003 1.0000 1.0000 0.1651 0.0136 0.0011 0.0001 1.0000 0.6954 0.0579 0.0048 0.0004 1.0000 1.0000 0.2739 0.0239 0.0021 0.0002 1.0000
0.0002 0.0023 0.0254 0.2856 1.0000 1.0000 0.0004 0.0047 0.0551 0.6544 1.0000 0.0001 0.0010 0.0126 0.1516 1.0000 1.0000 0.0002 0.0030 0.0364 0.4406 1.0000 0.0001 0.0007 0.0088 0.1068 1.0000 1.0000 0.0002 0.0021 0.0259 0.3135 1.0000 1.0000 0.0005 0.0063 0.0760 0.9197 1.0000 0.0001 0.0015 0.0184 0.2230 1.0000 1.0000 0.0004 0.0045 0.0536 0.6335 1.0000 1.0000 1.0000 0.6335 0.0536 0.0045 0.0004 1.0000 1.0000 0.2230 0.0184 0.0015 0.0001 1.0000 0.9197 0.0760 0.0063 0.0005 1.0000 1.0000 0.3135 0.0259 0.0021 0.0002 1.0000 1.0000 0.1068 0.0088 0.0007 0.0001 1.0000 0.4406 0.0364 0.0030 0.0002 1.0000 1.0000 0.1516 0.0126 0.0010 0.0001 1.0000 0.6544 0.0551 0.0047 0.0004 1.0000 1.0000 0.2856 0.0254 0.0023 0.0002
0.0023 0.0276 0.3070 1.0000 1.0000 0.0004 0.0047 0.0542 0.6335 1.0000 0.0001 0.0010 0.0117 0.1405 1.0000 1.0000 0.0002 0.0028 0.0333 0.4029 1.0000 1.0000 0.0007 0.0080 0.0973 1.0000 1.0000 0.0002 0.0020 0.0236 0.2861 1.0000 1.0000 0.0005 0.0057 0.0692 0.8395 1.0000 0.0001 0.0014 0.0168 0.2036 1.0000 1.0000 0.0003 0.0041 0.0492 0.5916 1.0000 0.0001 0.0003 0.0001 1.0000 0.5916 0.0492 0.0041 0.0003 1.0000 1.0000 0.2036 0.0168 0.0014 0.0001 1.0000 0.8395 0.0692 0.0057 0.0005 1.0000 1.0000 0.2861 0.0236 0.0020 0.0002 1.0000 1.0000 0.0973 0.0080 0.0007 1.0000 1.0000 0.4029 0.0333 0.0028 0.0002 1.0000 1.0000 0.1405 0.0117 0.0010 0.0001 1.0000 0.6335 0.0542 0.0047 0.0004 1.0000 1.0000 0.3070 0.0276 0.0023
0.0278 0.3350 1.0000 1.0000 0.0004 0.0048 0.0551 0.6335 1.0000 0.0001 0.0009 0.0111 0.1319 1.0000 1.0000 0.0002 0.0025 0.0306 0.3692 1.0000 1.0000 0.0006 0.0073 0.0888 1.0000 1.0000 0.0001 0.0018 0.0215 0.2606 1.0000 1.0000 0.0004 0.0052 0.0632 0.7648 1.0000 0.0001 0.0013 0.0153 0.1854 1.0000 1.0000 0.0003 0.0037 0.0449 0.5431 1.0000 0.0001 0.0008 0.0037 0.0008 0.0001 1.0000 0.5431 0.0449 0.0037 0.0003 1.0000 1.0000 0.1854 0.0153 0.0013 0.0001 1.0000 0.7648 0.0632 0.0052 0.0004 1.0000 1.0000 0.2606 0.0215 0.0018 0.0001 1.0000 1.0000 0.0888 0.0073 0.0006 1.0000 1.0000 0.3692 0.0306 0.0025 0.0002 1.0000 1.0000 0.1319 0.0111 0.0009 0.0001 1.0000 0.6335 0.0551 0.0048 0.0004 1.0000 1.0000 0.3350 0.0278
0.3363 1.0000 1.0000 0.0005 0.0052 0.0579 0.6544 1.0000 0.0001 0.0009 0.0108 0.1265 1.0000 1.0000 0.0002 0.0024 0.0283 0.3402 1.0000 1.0000 0.0006 0.0067 0.0812 0.9830 1.0000 0.0001 0.0016 0.0196 0.2379 1.0000 1.0000 0.0004 0.0048 0.0577 0.6981 1.0000 0.0001 0.0012 0.0140 0.1693 1.0000 1.0000 0.0003 0.0034 0.0410 0.4957 1.0000 0.0001 0.0008 0.0086 0.0414 0.0086 0.0008 0.0001 1.0000 0.4957 0.0410 0.0034 0.0003 1.0000 1.0000 0.1693 0.0140 0.0012 0.0001 1.0000 0.6981 0.0577 0.0048 0.0004 1.0000 1.0000 0.2379 0.0196 0.0016 0.0001 1.0000 0.9830 0.0812 0.0067 0.0006 1.0000 1.0000 0.3402 0.0283 0.0024 0.0002 1.0000 1.0000 0.1265 0.0108 0.0009 0.0001 1.0000 0.6544 0.0579 0.0052 0.0005 1.0000 1.0000 0.3363
1.0000 1.0000 0.0005 0.0056 0.0622 0.6954 1.0000 0.0001 0.0009 0.0108 0.1246 1.0000 1.0000 0.0002 0.0022 0.0265 0.3171 1.0000 1.0000 0.0005 0.0062 0.0744 0.8990 1.0000 0.0001 0.0015 0.0179 0.2167 1.0000 1.0000 0.0004 0.0043 0.0526 0.6372 1.0000 0.0001 0.0011 0.0127 0.1542 1.0000 1.0000 0.0003 0.0031 0.0374 0.4525 1.0000 0.0001 0.0007 0.0088 0.0949 0.4568 0.0949 0.0088 0.0007 0.0001 1.0000 0.4525 0.0374 0.0031 0.0003 1.0000 1.0000 0.1542 0.0127 0.0011 0.0001 1.0000 0.6372 0.0526 0.0043 0.0004 1.0000 1.0000 0.2167 0.0179 0.0015 0.0001 1.0000 0.8990 0.0744 0.0062 0.0005 1.0000 1.0000 0.3171 0.0265 0.0022 0.0002 1.0000 1.0000 0.1246 0.0108 0.0009 0.0001 1.0000 0.6954 0.0622 0.0056 0.0005 1.0000 1.0000
1.0000 0.0006 0.0061 0.0677 0.7504 1.0000 0.0001 0.0010 0.0111 0.1265 1.0000 1.0000 0.0002 0.0021 0.0253 0.2995 1.0000 1.0000 0.0005 0.0057 0.0686 0.8268 1.0000 0.0001 0.0014 0.0164 0.1982 1.0000 1.0000 0.0003 0.0040 0.0480 0.5805 1.0000 0.0001 0.0010 0.0116 0.1408 1.0000 1.0000 0.0002 0.0028 0.0341 0.4130 1.0000 1.0000 0.0007 0.0082 0.0970 1.0000 1.0000 1.0000 0.0970 0.0082 0.0007 1.0000 1.0000 0.4130 0.0341 0.0028 0.0002 1.0000 1.0000 0.1408 0.0116 0.0010 0.0001 1.0000 0.5805 0.0480 0.0040 0.0003 1.0000 1.0000 0.1982 0.0164 0.0014 0.0001 1.0000 0.8268 0.0686 0.0057 0.0005 1.0000 1.0000 0.2995 0.0253 0.0021 0.0002 1.0000 1.0000 0.1265 0.0111 0.0010 0.0001 1.0000 0.7504 0.0677 0.0061 0.0006 1.0000
0.0006 0.0067 0.0740 0.8190 1.0000 0.0001 0.0010 0.0117 0.1319 1.0000 1.0000 0.0002 0.0021 0.0246 0.2888 1.0000 1.0000 0.0004 0.0053 0.0638 0.7648 1.0000 0.0001 0.0012 0.0150 0.1813 1.0000 1.0000 0.0003 0.0036 0.0437 0.5298 1.0000 0.0001 0.0009 0.0106 0.1285 1.0000 1.0000 0.0002 0.0026 0.0311 0.3770 1.0000 1.0000 0.0006 0.0075 0.0905 1.0000 1.0000 1.0000 1.0000 1.0000 0.0905 0.0075 0.0006 1.0000 1.0000 0.3770 0.0311 0.0026 0.0002 1.0000 1.0000 0.1285 0.0106 0.0009 0.0001 1.0000 0.5298 0.0437 0.0036 0.0003 1.0000 1.0000 0.1813 0.0150 0.0012 0.0001 1.0000 0.7648 0.0638 0.0053 0.0004 1.0000 1.0000 0.2888 0.0246 0.0021 0.0002 1.0000 1.0000 0.1319 0.0117 0.0010 0.0001 1.0000 0.8190 0.0740 0.0067 0.0006
0.0067 0.0811 0.8956 1.0000 0.0001 0.0011 0.0126 0.1405 1.0000 1.0000 0.0002 0.0021 0.0246 0.2850 1.0000 1.0000 0.0004 0.0050 0.0600 0.7155 1.0000 0.0001 0.0011 0.0138 0.1664 1.0000 1.0000 0.0003 0.0033 0.0400 0.4836 1.0000 0.0001 0.0008 0.0097 0.1170 1.0000 1.0000 0.0002 0.0023 0.0284 0.3434 1.0000 1.0000 0.0006 0.0069 0.0831 1.0000 1.0000 0.0001 0.0006 0.0001 1.0000 1.0000 0.0831 0.0069 0.0006 1.0000 1.0000 0.3434 0.0284 0.0023 0.0002 1.0000 1.0000 0.1170 0.0097 0.0008 0.0001 1.0000 0.4836 0.0400 0.0033 0.0003 1.0000 1.0000 0.1664 0.0138 0.0011 0.0001 1.0000 0.7155 0.0600 0.0050 0.0004 1.0000 1.0000 0.2850 0.0246 0.0021 0.0002 1.0000 1.0000 0.1405 0.0126 0.0011 0.0001 1.0000 0.8956 0.0811 0.0067
0.0815 0.9812 1.0000 0.0001 0.0012 0.0136 0.1516 1.0000 1.0000 0.0002 0.0022 0.0253 0.2888 1.0000 1.0000 0.0004 0.0049 0.0575 0.6797 1.0000 0.0001 0.0011 0.0128 0.1539 1.0000 1.0000 0.0003 0.0030 0.0365 0.4423 1.0000 0.0001 0.0007 0.0088 0.1068 1.0000 1.0000 0.0002 0.0021 0.0259 0.3135 1.0000 1.0000 0.0005 0.0063 0.0759 0.9180 1.0000 0.0001 0.0013 0.0063 0.0013 0.0001 1.0000 0.9180 0.0759 0.0063 0.0005 1.0000 1.0000 0.3135 0.0259 0.0021 0.0002 1.0000 1.0000 0.1068 0.0088 0.0007 0.0001 1.0000 0.4423 0.0365 0.0030 0.0003 1.0000 1.0000 0.1539 0.0128 0.0011 0.0001 1.0000 0.6797 0.0575 0.0049 0.0004 1.0000 1.0000 0.2888 0.0253 0.0022 0.0002 1.0000 1.0000 0.1516 0.0136 0.0012 0.0001 1.0000 0.9812 0.0815
0.9887 1.0000 0.0001 0.0013 0.0149 0.1651 1.0000 1.0000 0.0002 0.0024 0.0265 0.2995 1.0000 1.0000 0.0004 0.0048 0.0562 0.6581 1.0000 0.0001 0.0010 0.0120 0.1437 1.0000 1.0000 0.0002 0.0028 0.0335 0.4052 1.0000 1.0000 0.0007 0.0081 0.0975 1.0000 1.0000 0.0002 0.0020 0.0236 0.2861 1.0000 1.0000 0.0005 0.0057 0.0692 0.8379 1.0000 0.0001 0.0013 0.0145 0.0699 0.0145 0.0013 0.0001 1.0000 0.8379 0.0692 0.0057 0.0005 1.0000 1.0000 0.2861 0.0236 0.0020 0.0002 1.0000 1.0000 0.0975 0.0081 0.0007 1.0000 1.0000 0.4052 0.0335 0.0028 0.0002 1.0000 1.0000 0.1437 0.0120 0.0010 0.0001 1.0000 0.6581 0.0562 0.0048 0.0004 1.0000 1.0000 0.2995 0.0265 0.0024 0.0002 1.0000 1.0000 0.1651 0.0149 0.0013 0.0001 1.0000 0.9887
1.0000 0.0001 0.0015 0.0163 0.1806 1.0000 1.0000 0.0002 0.0025 0.0283 0.3171 1.0000 1.0000 0.0004 0.0049 0.0562 0.6506 1.0000 0.0001 0.0010 0.0115 0.1358 1.0000 1.0000 0.0002 0.0026 0.0310 0.3727 1.0000 1.0000 0.0006 0.0074 0.0892 1.0000 1.0000 0.0001 0.0018 0.0215 0.2606 1.0000 1.0000 0.0004 0.0052 0.0632 0.7648 1.0000 0.0001 0.0013 0.0148 0.1602 0.7721 0.1602 0.0148 0.0013 0.0001 1.0000 0.7648 0.0632 0.0052 0.0004 1.0000 1.0000 0.2606 0.0215 0.0018 0.0001 1.0000 1.0000 0.0892 0.0074 0.0006 1.0000 1.0000 0.3727 0.0310 0.0026 0.0002 1.0000 1.0000 0.1358 0.0115 0.0010 0.0001 1.0000 0.6506 0.0562 0.0049 0.0004 1.0000 1.0000 0.3171 0.0283 0.0025 0.0002 1.0000 1.0000 0.1806 0.0163 0.0015 0.0001 1.0000
0.0001 0.0016 0.0179 0.1978 1.0000 1.0000 0.0002 0.0028 0.0306 0.3402 1.0000 1.0000 0.0004 0.0050 0.0575 0.6581 1.0000 0.0001 0.0009 0.0111 0.1304 1.0000 1.0000 0.0002 0.0024 0.0288 0.3454 1.0000 1.0000 0.0006 0.0068 0.0815 0.9868 1.0000 0.0001 0.0016 0.0197 0.2379 1.0000 1.0000 0.0004 0.0048 0.0577 0.6981 1.0000 0.0001 0.0012 0.0139 0.1639 1.0000 1.0000 1.0000 0.1639 0.0139 0.0012 0.0001 1.0000 0.6981 0.0577 0.0048 0.0004 1.0000 1.0000 0.2379 0.0197 0.0016 0.0001 1.0000 0.9868 0.0815 0.0068 0.0006 1.0000 1.0000 0.3454 0.0288 0.0024 0.0002 1.0000 1.0000 0.1304 0.0111 0.0009 0.0001 1.0000 0.6581 0.0575 0.0050 0.0004 1.0000 1.0000 0.3402 0.0306 0.0028 0.0002 1.0000 1.0000 0.1978 0.0179 0.0016 0.0001
0.0016 0.0197 0.2167 1.0000 1.0000 0.0003 0.0030 0.0333 0.3692 1.0000 1.0000 0.0005 0.0053 0.0600 0.6797 1.0000 0.0001 0.0009 0.0110 0.1277 1.0000 1.0000 0.0002 0.0023 0.0271 0.3231 1.0000 1.0000 0.0005 0.0062 0.0750 0.9041 1.0000 0.0001 0.0015 0.0180 0.2176 1.0000 1.0000 0.0004 0.0043 0.0526 0.6372 1.0000 0.0001 0.0011 0.0127 0.1530 1.0000 1.0000 0.0001 1.0000 1.0000 0.1530 0.0127 0.0011 0.0001 1.0000 0.6372 0.0526 0.0043 0.0004 1.0000 1.0000 0.2176 0.0180 0.0015 0.0001 1.0000 0.9041 0.0750 0.0062 0.0005 1.0000 1.0000 0.3231 0.0271 0.0023 0.0002 1.0000 1.0000 0.1277 0.0110 0.0009 0.0001 1.0000 0.6797 0.0600 0.0053 0.0005 1.0000 1.0000 0.3692 0.0333 0.0030 0.0003 1.0000 1.0000 0.2167 0.0197 0.0016
0.0198 0.2379 1.0000 1.0000 0.0003 0.0033 0.0364 0.4029 1.0000 1.0000 0.0005 0.0057 0.0638 0.7155 1.0000 0.0001 0.0010 0.0111 0.1277 1.0000 1.0000 0.0002 0.0022 0.0259 0.3070 1.0000 1.0000 0.0005 0.0058 0.0695 0.8347 1.0000 0.0001 0.0014 0.0164 0.1990 1.0000 1.0000 0.0003 0.0040 0.0480 0.5805 1.0000 0.0001 0.0010 0.0116 0.1405 1.0000 1.0000 0.0002 0.0010 0.0002 1.0000 1.0000 0.1405 0.0116 0.0010 0.0001 1.0000 0.5805 0.0480 0.0040 0.0003 1.0000 1.0000 0.1990 0.0164 0.0014 0.0001 1.0000 0.8347 0.0695 0.0058 0.0005 1.0000 1.0000 0.3070 0.0259 0.0022 0.0002 1.0000 1.0000 0.1277 0.0111 0.0010 0.0001 1.0000 0.7155 0.0638 0.0057 0.0005 1.0000 1.0000 0.4029 0.0364 0.0033 0.0003 1.0000 1.0000 0.2379 0.0198
0.2393 1.0000 1.0000 0.0003 0.0036 0.0399 0.4406 1.0000 1.0000 0.0006 0.0062 0.0686 0.7648 1.0000 0.0001 0.0010 0.0115 0.1304 1.0000 1.0000 0.0002 0.0022 0.0252 0.2955 1.0000 1.0000 0.0005 0.0054 0.0648 0.7750 1.0000 0.0001 0.0013 0.0151 0.1823 1.0000 1.0000 0.0003 0.0036 0.0438 0.5298 1.0000 0.0001 0.0009 0.0106 0.1282 1.0000 1.0000 0.0002 0.0022 0.0107 0.0022 0.0002 1.0000 1.0000 0.1282 0.0106 0.0009 0.0001 1.0000 0.5298 0.0438 0.0036 0.0003 1.0000 1.0000 0.1823 0.0151 0.0013 0.0001 1.0000 0.7750 0.0648 0.0054 0.0005 1.0000 1.0000 0.2955 0.0252 0.0022 0.0002 1.0000 1.0000 0.1304 0.0115 0.0010 0.0001 1.0000 0.7648 0.0686 0.0062 0.0006 1.0000 1.0000 0.4406 0.0399 0.0036 0.0003 1.0000 1.0000 0.2393
1.0000 1.0000 0.0004 0.0040 0.0437 0.4827 1.0000 1.0000 0.0006 0.0067 0.0744 0.8268 1.0000 0.0001 0.0011 0.0120 0.1358 1.0000 1.0000 0.0002 0.0022 0.0249 0.2894 1.0000 1.0000 0.0004 0.0052 0.0612 0.7279 1.0000 0.0001 0.0012 0.0139 0.1677 1.0000 1.0000 0.0003 0.0033 0.0400 0.4845 1.0000 0.0001 0.0008 0.0097 0.1170 1.0000 1.0000 0.0002 0.0023 0.0245 0.1182 0.0245 0.0023 0.0002 1.0000 1.0000 0.1170 0.0097 0.0008 0.0001 1.0000 0.4845 0.0400 0.0033 0.0003 1.0000 1.0000 0.1677 0.0139 0.0012 0.0001 1.0000 0.7279 0.0612 0.0052 0.0004 1.0000 1.0000 0.2894 0.0249 0.0022 0.0002 1.0000 1.0000 0.1358 0.0120 0.0011 0.0001 1.0000 0.8268 0.0744 0.0067 0.0006 1.0000 1.0000 0.4827 0.0437 0.0040 0.0004 1.0000 1.0000
1.0000 0.0004 0.0043 0.0480 0.5298 1.0000 0.0001 0.0007 0.0073 0.0812 0.8990 1.0000 0.0001 0.0011 0.0128 0.1437 1.0000 1.0000 0.0002 0.0022 0.0252 0.2894 1.0000 1.0000 0.0004 0.0050 0.0586 0.6928 1.0000 0.0001 0.0011 0.0130 0.1557 1.0000 1.0000 0.0003 0.0030 0.0367 0.4431 1.0000 0.0001 0.0007 0.0088 0.1068 1.0000 1.0000 0.0002 0.0021 0.0251 0.2713 1.0000 0.2713 0.0251 0.0021 0.0002 1.0000 1.0000 0.1068 0.0088 0.0007 0.0001 1.0000 0.4431 0.0367 0.0030 0.0003 1.0000 1.0000 0.1557 0.0130 0.0011 0.0001 1.0000 0.6928 0.0586 0.0050 0.0004 1.0000 1.0000 0.2894 0.0252 0.0022 0.0002 1.0000 1.0000 0.1437 0.0128 0.0011 0.0001 1.0000 0.8990 0.0812 0.0073 0.0007 0.0001 1.0000 0.5298 0.0480 0.0043 0.0004 1.0000
0.0004 0.0048 0.0526 0.5805 1.0000 0.0001 0.0007 0.0080 0.0888 0.9830 1.0000 0.0001 0.0012 0.0138 0.1539 1.0000 1.0000 0.0002 0.0023 0.0259 0.2955 1.0000 1.0000 0.0004 0.0049 0.0569 0.6682 1.0000 0.0001 0.0010 0.0122 0.1457 1.0000 1.0000 0.0002 0.0028 0.0338 0.4075 1.0000 1.0000 0.0007 0.0081 0.0977 1.0000 1.0000 0.0002 0.0019 0.0234 0.2770 1.0000 1.0000 1.0000 0.2770 0.0234 0.0019 0.0002 1.0000 1.0000 0.0977 0.0081 0.0007 1.0000 1.0000 0.4075 0.0338 0.0028 0.0002 1.0000 1.0000 0.1457 0.0122 0.0010 0.0001 1.0000 0.6682 0.0569 0.0049 0.0004 1.0000 1.0000 0.2955 0.0259 0.0023 0.0002 1.0000 1.0000 0.1539 0.0138 0.0012 0.0001 1.0000 0.9830 0.0888 0.0080 0.0007 0.0001 1.0000 0.5805 0.0526 0.0048 0.0004
0.0048 0.0577 0.6372 1.0000 0.0001 0.0008 0.0088 0.0973 1.0000 1.0000 0.0001 0.0014 0.0150 0.1664 1.0000 1.0000 0.0002 0.0024 0.0271 0.3070 1.0000 1.0000 0.0004 0.0049 0.0564 0.6556 1.0000 0.0001 0.0010 0.0116 0.1376 1.0000 1.0000 0.0002 0.0026 0.0313 0.3762 1.0000 1.0000 0.0006 0.0074 0.0893 1.0000 1.0000 0.0001 0.0018 0.0215 0.2587 1.0000 1.0000 0.0001 1.0000 1.0000 0.2587 0.0215 0.0018 0.0001 1.0000 1.0000 0.0893 0.0074 0.0006 1.0000 1.0000 0.3762 0.0313 0.0026 0.0002 1.0000 1.0000 0.1376 0.0116 0.0010 0.0001 1.0000 0.6556 0.0564 0.0049 0.0004 1.0000 1.0000 0.3070 0.0271 0.0024 0.0002 1.0000 1.0000 0.1664 0.0150 0.0014 0.0001 1.0000 1.0000 0.0973 0.0088 0.0008 0.0001 1.0000 0.6372 0.0577 0.0048
0.0580 0.6981 1.0000 0.0001 0.0009 0.0097 0.1068 1.0000 1.0000 0.0001 0.0015 0.0164 0.1813 1.0000 1.0000 0.0002 0.0026 0.0288 0.3231 1.0000 1.0000 0.0004 0.0050 0.0569 0.6556 1.0000 0.0001 0.0010 0.0112 0.1319 1.0000 1.0000 0.0002 0.0024 0.0291 0.3493 1.0000 1.0000 0.0006 0.0068 0.0820 0.9905 1.0000 0.0001 0.0016 0.0197 0.2379 1.0000 1.0000 0.0003 0.0016 0.0003 1.0000 1.0000 0.2379 0.0197 0.0016 0.0001 1.0000 0.9905 0.0820 0.0068 0.0006 1.0000 1.0000 0.3493 0.0291 0.0024 0.0002 1.0000 1.0000 0.1319 0.0112 0.0010 0.0001 1.0000 0.6556 0.0569 0.0050 0.0004 1.0000 1.0000 0.3231 0.0288 0.0026 0.0002 1.0000 1.0000 0.1813 0.0164 0.0015 0.0001 1.0000 1.0000 0.1068 0.0097 0.0009 0.0001 1.0000 0.6981 0.0580
0.7034 1.0000 0.0001 0.0010 0.0106 0.1170 1.0000 1.0000 0.0001 0.0016 0.0179 0.1982 1.0000 1.0000 0.0003 0.0028 0.0310 0.3454 1.0000 1.0000 0.0005 0.0052 0.0586 0.6682 1.0000 0.0001 0.0009 0.0110 0.1287 1.0000 1.0000 0.0002 0.0023 0.0274 0.3268 1.0000 1.0000 0.0005 0.0063 0.0754 0.9093 1.0000 0.0001 0.0015 0.0180 0.2180 1.0000 1.0000 0.0003 0.0038 0.0181 0.0038 0.0003 1.0000 1.0000 0.2180 0.0180 0.0015 0.0001 1.0000 0.9093 0.0754 0.0063 0.0005 1.0000 1.0000 0.3268 0.0274 0.0023 0.0002 1.0000 1.0000 0.1287 0.0110 0.0009 0.0001 1.0000 0.6682 0.0586 0.0052 0.0005 1.0000 1.0000 0.3454 0.0310 0.0028 0.0003 1.0000 1.0000 0.1982 0.0179 0.0016 0.0001 1.0000 1.0000 0.1170 0.0106 0.0010 0.0001 1.0000 0.7034
1.0000 0.0001 0.0011 0.0116 0.1285 1.0000 1.0000 0.0002 0.0018 0.0196 0.2167 1.0000 1.0000 0.0003 0.0030 0.0335 0.3727 1.0000 1.0000 0.0005 0.0054 0.0612 0.6928 1.0000 0.0001 0.0010 0.0110 0.1275 1.0000 1.0000 0.0002 0.0022 0.0262 0.3099 1.0000 1.0000 0.0005 0.0058 0.0699 0.8395 1.0000 0.0001 0.0014 0.0165 0.1993 1.0000 1.0000 0.0003 0.0039 0.0416 0.2005 0.0416 0.0039 0.0003 1.0000 1.0000 0.1993 0.0165 0.0014 0.0001 1.0000 0.8395 0.0699 0.0058 0.0005 1.0000 1.0000 0.3099 0.0262 0.0022 0.0002 1.0000 1.0000 0.1275 0.0110 0.0010 0.0001 1.0000 0.6928 0.0612 0.0054 0.0005 1.0000 1.0000 0.3727 0.0335 0.0030 0.0003 1.0000 1.0000 0.2167 0.0196 0.0018 0.0002 1.0000 1.0000 0.1285 0.0116 0.0011 0.0001 1.0000
0.0001 0.0012 0.0127 0.1408 1.0000 1.0000 0.0002 0.0020 0.0215 0.2379 1.0000 1.0000 0.0003 0.0033 0.0365 0.4052 1.0000 1.0000 0.0005 0.0058 0.0648 0.7279 1.0000 0.0001 0.0010 0.0112 0.1287 1.0000 1.0000 0.0002 0.0022 0.0253 0.2978 1.0000 1.0000 0.0005 0.0055 0.0654 0.7824 1.0000 0.0001 0.0013 0.0152 0.1830 1.0000 1.0000 0.0003 0.0036 0.0426 0.4603 1.0000 0.4603 0.0426 0.0036 0.0003 1.0000 1.0000 0.1830 0.0152 0.0013 0.0001 1.0000 0.7824 0.0654 0.0055 0.0005 1.0000 1.0000 0.2978 0.0253 0.0022 0.0002 1.0000 1.0000 0.1287 0.0112 0.0010 0.0001 1.0000 0.7279 0.0648 0.0058 0.0005 1.0000 1.0000 0.4052 0.0365 0.0033 0.0003 1.0000 1.0000 0.2379 0.0215 0.0020 0.0002 1.0000 1.0000 0.1408 0.0127 0.0012 0.0001
0.0012 0.0140 0.1542 1.0000 1.0000 0.0002 0.0021 0.0236 0.2606 1.0000 1.0000 0.0003 0.0036 0.0400 0.4423 1.0000 1.0000 0.0006 0.0062 0.0695 0.7750 1.0000 0.0001 0.0010 0.0116 0.1319 1.0000 1.0000 0.0002 0.0021 0.0249 0.2905 1.0000 1.0000 0.0004 0.0052 0.0617 0.7348 1.0000 0.0001 0.0012 0.0140 0.1689 1.0000 1.0000 0.0003 0.0033 0.0399 0.4709 1.0000 1.0000 1.0000 0.4709 0.0399 0.0033 0.0003 1.0000 1.0000 0.1689 0.0140 0.0012 0.0001 1.0000 0.7348 0.0617 0.0052 0.0004 1.0000 1.0000 0.2905 0.0249 0.0021 0.0002 1.0000 1.0000 0.1319 0.0116 0.0010 0.0001 1.0000 0.7750 0.0695 0.0062 0.0006 1.0000 1.0000 0.4423 0.0400 0.0036 0.0003 1.0000 1.0000 0.2606 0.0236 0.0021 0.0002 1.0000 1.0000 0.1542 0.0140 0.0012
0.0141 0.1693 1.0000 1.0000 0.0002 0.0023 0.0259 0.2861 1.0000 1.0000 0.0004 0.0040 0.0437 0.4836 1.0000 1.0000 0.0006 0.0068 0.0750 0.8347 1.0000 0.0001 0.0011 0.0122 0.1376 1.0000 1.0000 0.0002 0.0022 0.0249 0.2883 1.0000 1.0000 0.0004 0.0050 0.0589 0.6967 1.0000 0.0001 0.0011 0.0131 0.1569 1.0000 1.0000 0.0003 0.0031 0.0368 0.4423 1.0000 1.0000 0.0003 1.0000 1.0000 0.4423 0.0368 0.0031 0.0003 1.0000 1.0000 0.1569 0.0131 0.0011 0.0001 1.0000 0.6967 0.0589 0.0050 0.0004 1.0000 1.0000 0.2883 0.0249 0.0022 0.0002 1.0000 1.0000 0.1376 0.0122 0.0011 0.0001 1.0000 0.8347 0.0750 0.0068 0.0006 1.0000 1.0000 0.4836 0.0437 0.0040 0.0004 1.0000 1.0000 0.2861 0.0259 0.0023 0.0002 1.0000 1.0000 0.1693 0.0141
0.1702 1.0000 1.0000 0.0002 0.0026 0.0284 0.3135 1.0000 1.0000 0.0004 0.0043 0.0480 0.5298 1.0000 0.0001 0.0007 0.0074 0.0815 0.9041 1.0000 0.0001 0.0012 0.0130 0.1457 1.0000 1.0000 0.0002 0.0022 0.0253 0.2905 1.0000 1.0000 0.0004 0.0049 0.0571 0.6707 1.0000 0.0001 0.0010 0.0123 0.1468 1.0000 1.0000 0.0002 0.0028 0.0339 0.4091 1.0000 1.0000 0.0006 0.0028 0.0006 1.0000 1.0000 0.4091 0.0339 0.0028 0.0002 1.0000 1.0000 0.1468 0.0123 0.0010 0.0001 1.0000 0.6707 0.0571 0.0049 0.0004 1.0000 1.0000 0.2905 0.0253 0.0022 0.0002 1.0000 1.0000 0.1457 0.0130 0.0012 0.0001 1.0000 0.9041 0.0815 0.0074 0.0007 0.0001 1.0000 0.5298 0.0480 0.0043 0.0004 1.0000 1.0000 0.3135 0.0284 0.0026 0.0002 1.0000 1.0000 0.1702
1.0000 1.0000 0.0003 0.0028 0.0311 0.3434 1.0000 1.0000 0.0004 0.0048 0.0526 0.5805 1.0000 0.0001 0.0007 0.0081 0.0892 0.9868 1.0000 0.0001 0.0013 0.0139 0.1557 1.0000 1.0000 0.0002 0.0023 0.0262 0.2978 1.0000 1.0000 0.0004 0.0048 0.0562 0.6556 1.0000 0.0001 0.0010 0.0117 0.1386 1.0000 1.0000 0.0002 0.0026 0.0314 0.3777 1.0000 1.0000 0.0006 0.0064 0.0310 0.0064 0.0006 1.0000 1.0000 0.3777 0.0314 0.0026 0.0002 1.0000 1.0000 0.1386 0.0117 0.0010 0.0001 1.0000 0.6556 0.0562 0.0048 0.0004 1.0000 1.0000 0.2978 0.0262 0.0023 0.0002 1.0000 1.0000 0.1557 0.0139 0.0013 0.0001 1.0000 0.9868 0.0892 0.0081 0.0007 0.0001 1.0000 0.5805 0.0526 0.0048 0.0004 1.0000 1.0000 0.3434 0.0311 0.0028 0.0003 1.0000 1.0000
1.0000 0.0003 0.0031 0.0341 0.3770 1.0000 1.0000 0.0005 0.0052 0.0577 0.6372 1.0000 0.0001 0.0008 0.0088 0.0975 1.0000 1.0000 0.0001 0.0014 0.0151 0.1677 1.0000 1.0000 0.0002 0.0024 0.0274 0.3099 1.0000 1.0000 0.0004 0.0049 0.0562 0.6494 1.0000 0.0001 0.0010 0.0112 0.1324 1.0000 1.0000 0.0002 0.0025 0.0294 0.3513 1.0000 1.0000 0.0006 0.0066 0.0715 0.3441 0.0715 0.0066 0.0006 1.0000 1.0000 0.3513 0.0294 0.0025 0.0002 1.0000 1.0000 0.1324 0.0112 0.0010 0.0001 1.0000 0.6494 0.0562 0.0049 0.0004 1.0000 1.0000 0.3099 0.0274 0.0024 0.0002 1.0000 1.0000 0.1677 0.0151 0.0014 0.0001 1.0000 1.0000 0.0975 0.0088 0.0008 0.0001 1.0000 0.6372 0.0577 0.0052 0.0005 1.0000 1.0000 0.3770 0.0341 0.0031 0.0003 1.0000
0.0003 0.0034 0.0374 0.4130 1.0000 1.0000 0.0005 0.0057 0.0632 0.6981 1.0000 0.0001 0.0009 0.0097 0.1068 1.0000 1.0000 0.0001 0.0015 0.0164 0.1823 1.0000 1.0000 0.0002 0.0026 0.0291 0.3268 1.0000 1.0000 0.0004 0.0050 0.0571 0.6556 1.0000 0.0001 0.0009 0.0110 0.1285 1.0000 1.0000 0.0002 0.0023 0.0276 0.3293 1.0000 1.0000 0.0005 0.0063 0.0737 0.7944 1.0000 0.7944 0.0737 0.0063 0.0005 1.0000 1.0000 0.3293 0.0276 0.0023 0.0002 1.0000 1.0000 0.1285 0.0110 0.0009 0.0001 1.0000 0.6556 0.0571 0.0050 0.0004 1.0000 1.0000 0.3268 0.0291 0.0026 0.0002 1.0000 1.0000 0.1823 0.0164 0.0015 0.0001 1.0000 1.0000 0.1068 0.0097 0.0009 0.0001 1.0000 0.6981 0.0632 0.0057 0.0005 1.0000 1.0000 0.4130 0.0374 0.0034 0.0003
0.0034 0.0410 0.4533 1.0000 1.0000 0.0006 0.0063 0.0692 0.7648 1.0000 0.0001 0.0010 0.0106 0.1170 1.0000 1.0000 0.0001 0.0016 0.0180 0.1990 1.0000 1.0000 0.0003 0.0028 0.0313 0.3493 1.0000 1.0000 0.0005 0.0052 0.0589 0.6707 1.0000 0.0001 0.0009 0.0109 0.1265 1.0000 1.0000 0.0002 0.0022 0.0262 0.3111 1.0000 1.0000 0.0005 0.0059 0.0700 0.8221 1.0000 1.0000 1.0000 0.8221 0.0700 0.0059 0.0005 1.0000 1.0000 0.3111 0.0262 0.0022 0.0002 1.0000 1.0000 0.1265 0.0109 0.0009 0.0001 1.0000 0.6707 0.0589 0.0052 0.0005 1.0000 1.0000 0.3493 0.0313 0.0028 0.0003 1.0000 1.0000 0.1990 0.0180 0.0016 0.0001 1.0000 1.0000 0.1170 0.0106 0.0010 0.0001 1.0000 0.7648 0.0692 0.0063 0.0006 1.0000 1.0000 0.4533 0.0410 0.0034
0.0413 0.4967 1.0000 1.0000 0.0006 0.0069 0.0760 0.8395 1.0000 0.0001 0.0011 0.0116 0.1285 1.0000 1.0000 0.0002 0.0018 0.0197 0.2176 1.0000 1.0000 0.0003 0.0030 0.0338 0.3762 1.0000 1.0000 0.0005 0.0055 0.0617 0.6967 1.0000 0.0001 0.0010 0.0110 0.1265 1.0000 1.0000 0.0002 0.0021 0.0252 0.2972 1.0000 1.0000 0.0005 0.0055 0.0657 0.7824 1.0000 0.0001 0.0004 0.0001 1.0000 0.7824 0.0657 0.0055 0.0005 1.0000 1.0000 0.2972 0.0252 0.0021 0.0002 1.0000 1.0000 0.1265 0.0110 0.0010 0.0001 1.0000 0.6967 0.0617 0.0055 0.0005 1.0000 1.0000 0.3762 0.0338 0.0030 0.0003 1.0000 1.0000 0.2176 0.0197 0.0018 0.0002 1.0000 1.0000 0.1285 0.0116 0.0011 0.0001 1.0000 0.8395 0.0760 0.0069 0.0006 1.0000 1.0000 0.4967 0.0413
0.5004 1.0000 0.0001 0.0007 0.0075 0.0833 0.9197 1.0000 0.0001 0.0012 0.0127 0.1408 1.0000 1.0000 0.0002 0.0020 0.0215 0.2379 1.0000 1.0000 0.0003 0.0033 0.0367 0.4075 1.0000 1.0000 0.0005 0.0058 0.0654 0.7348 1.0000 0.0001 0.0010 0.0112 0.1285 1.0000 1.0000 0.0002 0.0021 0.0247 0.2883 1.0000 1.0000 0.0004 0.0052 0.0620 0.7376 1.0000 0.0001 0.0010 0.0049 0.0010 0.0001 1.0000 0.7376 0.0620 0.0052 0.0004 1.0000 1.0000 0.2883 0.0247 0.0021 0.0002 1.0000 1.0000 0.1285 0.0112 0.0010 0.0001 1.0000 0.7348 0.0654 0.0058 0.0005 1.0000 1.0000 0.4075 0.0367 0.0033 0.0003 1.0000 1.0000 0.2379 0.0215 0.0020 0.0002 1.0000 1.0000 0.1408 0.0127 0.0012 0.0001 1.0000 0.9197 0.0833 0.0075 0.0007 0.0001 1.0000 0.5004
1.0000 0.0001 0.0007 0.0083 0.0914 1.0000 1.0000 0.0001 0.0013 0.0140 0.1542 1.0000 1.0000 0.0002 0.0021 0.0236 0.2606 1.0000 1.0000 0.0003 0.0036 0.0400 0.4431 1.0000 1.0000 0.0006 0.0063 0.0699 0.7824 1.0000 0.0001 0.0010 0.0117 0.1324 1.0000 1.0000 0.0002 0.0021 0.0245 0.2839 1.0000 1.0000 0.0004 0.0050 0.0589 0.6994 1.0000 0.0001 0.0011 0.0115 0.0549 0.0115 0.0011 0.0001 1.0000 0.6994 0.0589 0.0050 0.0004 1.0000 1.0000 0.2839 0.0245 0.0021 0.0002 1.0000 1.0000 0.1324 0.0117 0.0010 0.0001 1.0000 0.7824 0.0699 0.0063 0.0006 1.0000 1.0000 0.4431 0.0400 0.0036 0.0003 1.0000 1.0000 0.2606 0.0236 0.0021 0.0002 1.0000 1.0000 0.1542 0.0140 0.0013 0.0001 1.0000 1.0000 0.0914 0.0083 0.0007 0.0001 1.0000
0.0001 0.0008 0.0091 0.1001 1.0000 1.0000 0.0001 0.0014 0.0153 0.1693 1.0000 1.0000 0.0002 0.0023 0.0259 0.2861 1.0000 1.0000 0.0004 0.0040 0.0438 0.4845 1.0000 1.0000 0.0006 0.0068 0.0754 0.8395 1.0000 0.0001 0.0011 0.0123 0.1386 1.0000 1.0000 0.0002 0.0021 0.0247 0.2839 1.0000 1.0000 0.0004 0.0048 0.0567 0.6682 1.0000 0.0001 0.0010 0.0120 0.1285 0.6157 0.1285 0.0120 0.0010 0.0001 1.0000 0.6682 0.0567 0.0048 0.0004 1.0000 1.0000 0.2839 0.0247 0.0021 0.0002 1.0000 1.0000 0.1386 0.0123 0.0011 0.0001 1.0000 0.8395 0.0754 0.0068 0.0006 1.0000 1.0000 0.4845 0.0438 0.0040 0.0004 1.0000 1.0000 0.2861 0.0259 0.0023 0.0002 1.0000 1.0000 0.1693 0.0153 0.0014 0.0001 1.0000 1.0000 0.1001 0.0091 0.0008 0.0001
0.0008 0.0100 0.1097 1.0000 1.0000 0.0001 0.0015 0.0168 0.1854 1.0000 1.0000 0.0002 0.0026 0.0284 0.3135 1.0000 1.0000 0.0004 0.0043 0.0480 0.5298 1.0000 0.0001 0.0007 0.0074 0.0820 0.9093 1.0000 0.0001 0.0012 0.0131 0.1468 1.0000 1.0000 0.0002 0.0022 0.0252 0.2883 1.0000 1.0000 0.0004 0.0048 0.0554 0.6482 1.0000 0.0001 0.0010 0.0116 0.1352 1.0000 1.0000 1.0000 0.1352 0.0116 0.0010 0.0001 1.0000 0.6482 0.0554 0.0048 0.0004 1.0000 1.0000 0.2883 0.0252 0.0022 0.0002 1.0000 1.0000 0.1468 0.0131 0.0012 0.0001 1.0000 0.9093 0.0820 0.0074 0.0007 0.0001 1.0000 0.5298 0.0480 0.0043 0.0004 1.0000 1.0000 0.3135 0.0284 0.0026 0.0002 1.0000 1.0000 0.1854 0.0168 0.0015 0.0001 1.0000 1.0000 0.1097 0.0100 0.0008
0.0100 0.1204 1.0000 1.0000 0.0002 0.0017 0.0184 0.2036 1.0000 1.0000 0.0003 0.0028 0.0311 0.3434 1.0000 1.0000 0.0004 0.0048 0.0526 0.5805 1.0000 0.0001 0.0007 0.0081 0.0893 0.9905 1.0000 0.0001 0.0013 0.0140 0.1569 1.0000 1.0000 0.0002 0.0023 0.0262 0.2972 1.0000 1.0000 0.0004 0.0048 0.0550 0.6384 1.0000 0.0001 0.0010 0.0112 0.1317 1.0000 1.0000 0.0001 1.0000 1.0000 0.1317 0.0112 0.0010 0.0001 1.0000 0.6384 0.0550 0.0048 0.0004 1.0000 1.0000 0.2972 0.0262 0.0023 0.0002 1.0000 1.0000 0.1569 0.0140 0.0013 0.0001 1.0000 0.9905 0.0893 0.0081 0.0007 0.0001 1.0000 0.5805 0.0526 0.0048 0.0004 1.0000 1.0000 0.3434 0.0311 0.0028 0.0003 1.0000 1.0000 0.2036 0.0184 0.0017 0.0002 1.0000 1.0000 0.1204 0.0100
0.1211 1.0000 1.0000 0.0002 0.0018 0.0202 0.2230 1.0000 1.0000 0.0003 0.0031 0.0341 0.3770 1.0000 1.0000 0.0005 0.0052 0.0577 0.6372 1.0000 0.0001 0.0008 0.0088 0.0977 1.0000 1.0000 0.0001 0.0014 0.0152 0.1689 1.0000 1.0000 0.0002 0.0025 0.0276 0.3111 1.0000 1.0000 0.0004 0.0048 0.0554 0.6384 1.0000 0.0001 0.0009 0.0108 0.1270 1.0000 1.0000 0.0002 0.0008 0.0002 1.0000 1.0000 0.1277 0.0109 0.0009 0.0001 1.0000 0.6384 0.0554 0.0048 0.0004 1.0000 1.0000 0.3111 0.0276 0.0025 0.0002 1.0000 1.0000 0.1689 0.0152 0.0014 0.0001 1.0000 1.0000 0.0977 0.0088 0.0008 0.0001 1.0000 0.6372 0.0577 0.0052 0.0005 1.0000 1.0000 0.3770 0.0341 0.0031 0.0003 1.0000 1.0000 0.2230 0.0202 0.0018 0.0002 1.0000 1.0000 0.1211
1.0000 1.0000 0.0002 0.0020 0.0221 0.2443 1.0000 1.0000 0.0003 0.0034 0.0374 0.4130 1.0000 1.0000 0.0005 0.0057 0.0632 0.6981 1.0000 0.0001 0.0009 0.0097 0.1068 1.0000 1.0000 0.0001 0.0015 0.0165 0.1830 1.0000 1.0000 0.0002 0.0026 0.0294 0.3293 1.0000 1.0000 0.0004 0.0050 0.0567 0.6482 1.0000 0.0001 0.0009 0.0108 0.1207 1.0000 1.0000 0.0002 0.0019 0.0092 0.0020 0.0002 1.0000 1.0000 0.1249 0.0107 0.0009 0.0001 1.0000 0.6482 0.0567 0.0050 0.0004 1.0000 1.0000 0.3293 0.0294 0.0026 0.0002 1.0000 1.0000 0.1830 0.0165 0.0015 0.0001 1.0000 1.0000 0.1068 0.0097 0.0009 0.0001 1.0000 0.6981 0.0632 0.0057 0.0005 1.0000 1.0000 0.4130 0.0374 0.0034 0.0003 1.0000 1.0000 0.2443 0.0221 0.0020 0.0002 1.0000 1.0000
1.0000 0.0002 0.0022 0.0243 0.2682 1.0000 1.0000 0.0003 0.0037 0.0410 0.4525 1.0000 1.0000 0.0006 0.0063 0.0692 0.7648 1.0000 0.0001 0.0010 0.0106 0.1170 1.0000 1.0000 0.0001 0.0016 0.0180 0.1993 1.0000 1.0000 0.0003 0.0028 0.0314 0.3513 1.0000 1.0000 0.0005 0.0052 0.0589 0.6682 1.0000 0.0001 0.0009 0.0106 0.1173 1.0000 1.0000 0.0002 0.0021 0.0216 0.1040 0.0227 0.0021 0.0002 1.0000 1.0000 0.1265 0.0105 0.0009 0.0001 1.0000 0.6682 0.0589 0.0052 0.0005 1.0000 1.0000 0.3513 0.0314 0.0028 0.0003 1.0000 1.0000 0.1993 0.0180 0.0016 0.0001 1.0000 1.0000 0.1170 0.0106 0.0010 0.0001 1.0000 0.7648 0.0692 0.0063 0.0006 1.0000 1.0000 0.4525 0.0410 0.0037 0.0003 1.0000 1.0000 0.2682 0.0243 0.0022 0.0002 1.0000
0.0002 0.0024 0.0266 0.2938 1.0000 1.0000 0.0004 0.0041 0.0449 0.4957 1.0000 1.0000 0.0006 0.0069 0.0759 0.8379 1.0000 0.0001 0.0011 0.0116 0.1282 1.0000 1.0000 0.0002 0.0018 0.0197 0.2180 1.0000 1.0000 0.0003 0.0031 0.0339 0.3777 1.0000 1.0000 0.0005 0.0055 0.0620 0.6994 1.0000 0.0001 0.0010 0.0108 0.1256 1.0000 1.0000 0.0002 0.0020 0.0232 0.2509 1.0000 0.2567 0.0242 0.0021 0.0002 1.0000 1.0000 0.1227 0.0106 0.0010 0.0001 1.0000 0.6994 0.0620 0.0055 0.0005 1.0000 1.0000 0.3777 0.0339 0.0031 0.0003 1.0000 1.0000 0.2180 0.0197 0.0018 0.0002 1.0000 1.0000 0.1282 0.0116 0.0011 0.0001 1.0000 0.8379 0.0759 0.0069 0.0006 1.0000 1.0000 0.4957 0.0449 0.0041 0.0004 1.0000 1.0000 0.2938 0.0266 0.0024 0.0002
0.0024 0.0291 0.3213 1.0000 1.0000 0.0004 0.0045 0.0492 0.5431 1.0000 0.0001 0.0007 0.0075 0.0831 0.9180 1.0000 0.0001 0.0012 0.0127 0.1405 1.0000 1.0000 0.0002 0.0019 0.0215 0.2379 1.0000 1.0000 0.0003 0.0033 0.0368 0.4091 1.0000 1.0000 0.0005 0.0059 0.0657 0.7376 1.0000 0.0001 0.0010 0.0112 0.1273 1.0000 1.0000 0.0002 0.0021 0.0237 0.2677 1.0000 1.0000 1.0000 0.2834 0.0244 0.0020 0.0002 1.0000 1.0000 0.1290 0.0112 0.0010 0.0001 1.0000 0.7376 0.0657 0.0059 0.0005 1.0000 1.0000 0.4091 0.0368 0.0033 0.0003 1.0000 1.0000 0.2379 0.0215 0.0019 0.0002 1.0000 1.0000 0.1405 0.0127 0.0012 0.0001 1.0000 0.9180 0.0831 0.0075 0.0007 0.0001 1.0000 0.5431 0.0492 0.0045 0.0004 1.0000 1.0000 0.3213 0.0291 0.0024
0.0291 0.3507 1.0000 1.0000 0.0004 0.0048 0.0536 0.5916 1.0000 0.0001 0.0007 0.0082 0.0905 1.0000 1.0000 0.0001 0.0013 0.0139 0.1530 1.0000 1.0000 0.0002 0.0021 0.0234 0.2587 1.0000 1.0000 0.0003 0.0036 0.0399 0.4423 1.0000 1.0000 0.0006 0.0063 0.0700 0.7824 1.0000 0.0001 0.0010 0.0116 0.1317 1.0000 1.0000 0.0002 0.0021 0.0237 0.2744 1.0000 1.0000 0.0001 1.0000 1.0000 0.2807 0.0227 0.0020 0.0002 1.0000 1.0000 0.1314 0.0116 0.0010 0.0001 1.0000 0.7824 0.0700 0.0063 0.0006 1.0000 1.0000 0.4423 0.0399 0.0036 0.0003 1.0000 1.0000 0.2587 0.0234 0.0021 0.0002 1.0000 1.0000 0.1530 0.0139 0.0013 0.0001 1.0000 1.0000 0.0905 0.0082 0.0007 0.0001 1.0000 0.5916 0.0536 0.0048 0.0004 1.0000 1.0000 0.3507 0.0291
0.3428 1.0000 1.0000 0.0005 0.0052 0.0574 0.6335 1.0000 0.0001 0.0008 0.0088 0.0970 1.0000 1.0000 0.0001 0.0013 0.0148 0.1639 1.0000 1.0000 0.0002 0.0023 0.0251 0.2770 1.0000 1.0000 0.0003 0.0039 0.0426 0.4709 1.0000 1.0000 0.0006 0.0066 0.0737 0.8221 1.0000 0.0001 0.0011 0.0120 0.1352 1.0000 1.0000 0.0002 0.0021 0.0234 0.2616 1.0000 1.0000 0.0004 0.0016 0.0003 1.0000 1.0000 0.2718 0.0231 0.0021 0.0002 1.0000 1.0000 0.1352 0.0120 0.0011 0.0001 1.0000 0.8221 0.0737 0.0066 0.0006 1.0000 1.0000 0.4709 0.0426 0.0039 0.0003 1.0000 1.0000 0.2770 0.0251 0.0023 0.0002 1.0000 1.0000 0.1639 0.0148 0.0013 0.0001 1.0000 1.0000 0.0970 0.0088 0.0008 0.0001 1.0000 0.6335 0.0574 0.0052 0.0005 1.0000 1.0000 0.3428
1.0000 1.0000 0.0005 0.0051 0.0562 0.6204 1.0000 0.0001 0.0008 0.0086 0.0949 1.0000 1.0000 0.0001 0.0013 0.0145 0.1602 1.0000 1.0000 0.0002 0.0022 0.0245 0.2713 1.0000 1.0000 0.0003 0.0038 0.0416 0.4603 1.0000 1.0000 0.0006 0.0064 0.0715 0.7944 1.0000 0.0001 0.0010 0.0115 0.1285 1.0000 1.0000 0.0002 0.0020 0.0217 0.2448 1.0000 1.0000 0.0003 0.0037 0.0173 0.0037 0.0004 1.0000 1.0000 0.2457 0.0218 0.0019 0.0002 1.0000 1.0000 0.1285 0.0115 0.0010 0.0001 1.0000 0.7944 0.0715 0.0064 0.0006 1.0000 1.0000 0.4603 0.0416 0.0038 0.0003 1.0000 1.0000 0.2713 0.0245 0.0022 0.0002 1.0000 1.0000 0.1602 0.0145 0.0013 0.0001 1.0000 1.0000 0.0949 0.0086 0.0008 0.0001 1.0000 0.6204 0.0562 0.0051 0.0005 1.0000 1.0000
1.0000 0.0002 0.0022 0.0245 0.2702 1.0000 1.0000 0.0003 0.0037 0.0414 0.4568 1.0000 1.0000 0.0006 0.0063 0.0699 0.7721 1.0000 0.0001 0.0010 0.0107 0.1182 1.0000 1.0000 0.0001 0.0016 0.0181 0.2005 1.0000 1.0000 0.0003 0.0028 0.0310 0.3441 1.0000 1.0000 0.0004 0.0049 0.0549 0.6157 1.0000 0.0001 0.0008 0.0093 0.1040 1.0000 1.0000 0.0001 0.0016 0.0171 0.0799 0.0171 0.0016 0.0001 1.0000 1.0000 0.1052 0.0091 0.0008 0.0001 1.0000 0.6157 0.0549 0.0049 0.0004 1.0000 1.0000 0.3441 0.0310 0.0028 0.0003 1.0000 1.0000 0.2005 0.0181 0.0016 0.0001 1.0000 1.0000 0.1182 0.0107 0.0010 0.0001 1.0000 0.7721 0.0699 0.0063 0.0006 1.0000 1.0000 0.4568 0.0414 0.0037 0.0003 1.0000 1.0000 0.2702 0.0245 0.0022 0.0002 1.0000
1.0000 1.0000 0.0005 0.0051 0.0562 0.6204 1.0000 0.0001 0.0008 0.0086 0.0949 1.0000 1.0000 0.0001 0.0013 0.0145 0.1602 1.0000 1.0000 0.0002 0.0022 0.0245 0.2713 1.0000 1.0000 0.0003 0.0038 0.0416 0.4603 1.0000 1.0000 0.0006 0.0064 0.0715 0.7944 1.0000 0.0001 0.0010 0.0115 0.1285 1.0000 1.0000 0.0002 0.0019 0.0222 0.2524 1.0000 1.0000 0.0003 0.0038 0.0174 0.0037 0.0003 1.0000 1.0000 0.2524 0.0217 0.0020 0.0002 1.0000 1.0000 0.1285 0.0115 0.0010 0.0001 1.0000 0.7944 0.0715 0.0064 0.0006 1.0000 1.0000 0.4603 0.0416 0.0038 0.0003 1.0000 1.0000 0.2713 0.0245 0.0022 0.0002 1.0000 1.0000 0.1602 0.0145 0.0013 0.0001 1.0000 1.0000 0.0949 0.0086 0.0008 0.0001 1.0000 0.6204 0.0562 0.0051 0.0005 1.0000 1.0000
0.3428 1.0000 1.0000 0.0005 0.0052 0.0574 0.6335 1.0000 0.0001 0.0008 0.0088 0.0970 1.0000 1.0000 0.0001 0.0013 0.0148 0.1639 1.0000 1.0000 0.0002 0.0023 0.0251 0.2770 1.0000 1.0000 0.0003 0.0039 0.0426 0.4709 1.0000 1.0000 0.0006 0.0066 0.0737 0.8221 1.0000 0.0001 0.0011 0.0120 0.1352 1.0000 1.0000 0.0002 0.0021 0.0235 0.2592 1.0000 1.0000 0.0003 0.0016 0.0004 1.0000 1.0000 0.2872 0.0253 0.0021 0.0002 1.0000 1.0000 0.1352 0.0120 0.0011 0.0001 1.0000 0.8221 0.0737 0.0066 0.0006 1.0000 1.0000 0.4709 0.0426 0.0039 0.0003 1.0000 1.0000 0.2770 0.0251 0.0023 0.0002 1.0000 1.0000 0.1639 0.0148 0.0013 0.0001 1.0000 1.0000 0.0970 0.0088 0.0008 0.0001 1.0000 0.6335 0.0574 0.0052 0.0005 1.0000 1.0000 0.3428
0.0291 0.3507 1.0000 1.0000 0.0004 0.0048 0.0536 0.5916 1.0000 0.0001 0.0007 0.0082 0.0905 1.0000 1.0000 0.0001 0.0013 0.0139 0.1530 1.0000 1.0000 0.0002 0.0021 0.0234 0.2587 1.0000 1.0000 0.0003 0.0036 0.0399 0.4423 1.0000 1.0000 0.0006 0.0063 0.0700 0.7824 1.0000 0.0001 0.0010 0.0116 0.1317 1.0000 1.0000 0.0002 0.0021 0.0231 0.2770 1.0000 1.0000 0.0001 1.0000 1.0000 0.2839 0.0252 0.0022 0.0002 1.0000 1.0000 0.1319 0.0116 0.0010 0.0001 1.0000 0.7824 0.0700 0.0063 0.0006 1.0000 1.0000 0.4423 0.0399 0.0036 0.0003 1.0000 1.0000 0.2587 0.0234 0.0021 0.0002 1.0000 1.0000 0.1530 0.0139 0.0013 0.0001 1.0000 1.0000 0.0905 0.0082 0.0007 0.0001 1.0000 0.5916 0.0536 0.0048 0.0004 1.0000 1.0000 0.3507 0.0291
0.0024 0.0291 0.3213 1.0000 1.0000 0.0004 0.0045 0.0492 0.5431 1.0000 0.0001 0.0007 0.0075 0.0831 0.9180 1.0000 0.0001 0.0012 0.0127 0.1405 1.0000 1.0000 0.0002 0.0019 0.0215 0.2379 1.0000 1.0000 0.0003 0.0033 0.0368 0.4091 1.0000 1.0000 0.0005 0.0059 0.0657 0.7376 1.0000 0.0001 0.0010 0.0112 0.1273 1.0000 1.0000 0.0002 0.0020 0.0235 0.2829 1.0000 1.0000 1.0000 0.2823 0.0246 0.0021 0.0002 1.0000 1.0000 0.1304 0.0112 0.0010 0.0001 1.0000 0.7376 0.0657 0.0059 0.0005 1.0000 1.0000 0.4091 0.0368 0.0033 0.0003 1.0000 1.0000 0.2379 0.0215 0.0019 0.0002 1.0000 1.0000 0.1405 0.0127 0.0012 0.0001 1.0000 0.9180 0.0831 0.0075 0.0007 0.0001 1.0000 0.5431 0.0492 0.0045 0.0004 1.0000 1.0000 0.3213 0.0291 0.0024
0.0002 0.0024 0.0266 0.2938 1.0000 1.0000 0.0004 0.0041 0.0449 0.4957 1.0000 1.0000 0.0006 0.0069 0.0759 0.8379 1.0000 0.0001 0.0011 0.0116 0.1282 1.0000 1.0000 0.0002 0.0018 0.0197 0.2180 1.0000 1.0000 0.0003 0.0031 0.0339 0.3777 1.0000 1.0000 0.0005 0.0055 0.0620 0.6994 1.0000 0.0001 0.0010 0.0109 0.1204 1.0000 1.0000 0.0002 0.0021 0.0243 0.2524 1.0000 0.2528 0.0246 0.0020 0.0002 1.0000 1.0000 0.1270 0.0109 0.0010 0.0001 1.0000 0.6994 0.0620 0.0055 0.0005 1.0000 1.0000 0.3777 0.0339 0.0031 0.0003 1.0000 1.0000 0.2180 0.0197 0.0018 0.0002 1.0000 1.0000 0.1282 0.0116 0.0011 0.0001 1.0000 0.8379 0.0759 0.0069 0.0006 1.0000 1.0000 0.4957 0.0449 0.0041 0.0004 1.0000 1.0000 0.2938 0.0266 0.0024 0.0002
