0.1854 0.2811 0.4809 0.4518 0.1804 0.1549 0.2123 0.3588 0.5084 0.3470 0.1536 0.1713 0.2622 0.4546 0.4731 0.2066 0.1522 0.2002 0.3320 0.5088 0.3861 0.1579 0.1648 0.2444 0.4240 0.4895 0.2481 0.1510 0.1895 0.3075 0.5019 0.4195 0.1650 0.1596 0.2286 0.3930 0.5011 0.2950 0.1512 0.1803 0.2853 0.4851 0.4474 0.1774 0.1555 0.2145 0.3633 0.5078 0.3445 0.1537 0.1530 0.1537 0.3445 0.5078 0.3633 0.2145 0.1555 0.1774 0.4474 0.4851 0.2853 0.1803 0.1512 0.2950 0.5011 0.3930 0.2286 0.1596 0.1650 0.4195 0.5019 0.3075 0.1895 0.1510 0.2481 0.4895 0.4240 0.2444 0.1648 0.1579 0.3861 0.5088 0.3320 0.2002 0.1522 0.2066 0.4731 0.4546 0.2622 0.1713 0.1536 0.3470 0.5084 0.3588 0.2123 0.1549 0.1804 0.4518 0.4809 0.2811 0.1854
0.2811 0.4844 0.4536 0.1742 0.1439 0.2049 0.3558 0.5102 0.3523 0.1426 0.1618 0.2563 0.4540 0.4759 0.2068 0.1407 0.1921 0.3281 0.5104 0.3909 0.1476 0.1549 0.2380 0.4225 0.4919 0.2523 0.1393 0.1810 0.3030 0.5031 0.4236 0.1561 0.1491 0.2216 0.3908 0.5031 0.3006 0.1397 0.1714 0.2801 0.4855 0.4509 0.1712 0.1445 0.2070 0.3604 0.5096 0.3466 0.1422 0.1579 0.2019 0.1579 0.1422 0.3466 0.5096 0.3604 0.2070 0.1445 0.1712 0.4509 0.4855 0.2801 0.1714 0.1397 0.3006 0.5031 0.3908 0.2216 0.1491 0.1561 0.4236 0.5031 0.3030 0.1810 0.1393 0.2523 0.4919 0.4225 0.2380 0.1549 0.1476 0.3909 0.5104 0.3281 0.1921 0.1407 0.2068 0.4759 0.4540 0.2563 0.1618 0.1426 0.3523 0.5102 0.3558 0.2049 0.1439 0.1742 0.4536 0.4844 0.2811
0.4809 0.4536 0.1765 0.1433 0.2022 0.3493 0.5107 0.3627 0.1437 0.1599 0.2512 0.4457 0.4806 0.2182 0.1401 0.1890 0.3210 0.5092 0.4003 0.1495 0.1532 0.2333 0.4138 0.4952 0.2655 0.1392 0.1783 0.2965 0.4993 0.4315 0.1593 0.1478 0.2174 0.3823 0.5052 0.3133 0.1402 0.1690 0.2743 0.4789 0.4573 0.1773 0.1434 0.2033 0.3525 0.5104 0.3572 0.1431 0.1600 0.2441 0.3498 0.2441 0.1600 0.1431 0.3572 0.5104 0.3525 0.2033 0.1434 0.1773 0.4573 0.4789 0.2743 0.1690 0.1402 0.3133 0.5052 0.3823 0.2174 0.1478 0.1593 0.4315 0.4993 0.2965 0.1783 0.1392 0.2655 0.4952 0.4138 0.2333 0.1532 0.1495 0.4003 0.5092 0.3210 0.1890 0.1401 0.2182 0.4806 0.4457 0.2512 0.1599 0.1437 0.3627 0.5107 0.3493 0.2022 0.1433 0.1765 0.4536 0.4809
0.4518 0.1742 0.1433 0.2012 0.3454 0.5110 0.3710 0.1448 0.1581 0.2465 0.4376 0.4849 0.2302 0.1397 0.1860 0.3142 0.5075 0.4093 0.1517 0.1516 0.2288 0.4051 0.4984 0.2786 0.1393 0.1756 0.2903 0.4948 0.4389 0.1631 0.1465 0.2135 0.3740 0.5071 0.3256 0.1407 0.1667 0.2686 0.4718 0.4634 0.1847 0.1424 0.1998 0.3449 0.5109 0.3678 0.1442 0.1588 0.2471 0.4281 0.5084 0.4281 0.2471 0.1588 0.1442 0.3678 0.5109 0.3449 0.1998 0.1424 0.1847 0.4634 0.4718 0.2686 0.1667 0.1407 0.3256 0.5071 0.3740 0.2135 0.1465 0.1631 0.4389 0.4948 0.2903 0.1756 0.1393 0.2786 0.4984 0.4051 0.2288 0.1516 0.1517 0.4093 0.5075 0.3142 0.1860 0.1397 0.2302 0.4849 0.4376 0.2465 0.1581 0.1448 0.3710 0.5110 0.3454 0.2012 0.1433 0.1742 0.4518
0.1804 0.1439 0.2022 0.3454 0.5110 0.3757 0.1456 0.1568 0.2426 0.4301 0.4886 0.2421 0.1395 0.1831 0.3076 0.5051 0.4178 0.1542 0.1501 0.2245 0.3966 0.5012 0.2916 0.1395 0.1731 0.2842 0.4896 0.4461 0.1675 0.1453 0.2096 0.3660 0.5086 0.3375 0.1415 0.1645 0.2631 0.4642 0.4690 0.1935 0.1416 0.1964 0.3375 0.5109 0.3781 0.1456 0.1571 0.2436 0.4305 0.4913 0.3815 0.4913 0.4305 0.2436 0.1571 0.1456 0.3781 0.5109 0.3375 0.1964 0.1416 0.1935 0.4690 0.4642 0.2631 0.1645 0.1415 0.3375 0.5086 0.3660 0.2096 0.1453 0.1675 0.4461 0.4896 0.2842 0.1731 0.1395 0.2916 0.5012 0.3966 0.2245 0.1501 0.1542 0.4178 0.5051 0.3076 0.1831 0.1395 0.2421 0.4886 0.4301 0.2426 0.1568 0.1456 0.3757 0.5110 0.3454 0.2022 0.1439 0.1804
0.1549 0.2049 0.3493 0.5110 0.3757 0.1460 0.1561 0.2398 0.4242 0.4916 0.2530 0.1393 0.1805 0.3015 0.5022 0.4257 0.1570 0.1487 0.2203 0.3882 0.5037 0.3045 0.1399 0.1706 0.2783 0.4835 0.4528 0.1729 0.1441 0.2059 0.3580 0.5098 0.3491 0.1423 0.1624 0.2578 0.4563 0.4743 0.2035 0.1409 0.1931 0.3302 0.5105 0.3880 0.1471 0.1554 0.2392 0.4242 0.4916 0.2712 0.1439 0.2712 0.4916 0.4242 0.2392 0.1554 0.1471 0.3880 0.5105 0.3302 0.1931 0.1409 0.2035 0.4743 0.4563 0.2578 0.1624 0.1423 0.3491 0.5098 0.3580 0.2059 0.1441 0.1729 0.4528 0.4835 0.2783 0.1706 0.1399 0.3045 0.5037 0.3882 0.2203 0.1487 0.1570 0.4257 0.5022 0.3015 0.1805 0.1393 0.2530 0.4916 0.4242 0.2398 0.1561 0.1460 0.3757 0.5110 0.3493 0.2049 0.1549
0.2123 0.3558 0.5107 0.3710 0.1456 0.1561 0.2389 0.4208 0.4935 0.2616 0.1393 0.1783 0.2960 0.4987 0.4329 0.1601 0.1474 0.2163 0.3799 0.5058 0.3169 0.1403 0.1683 0.2725 0.4768 0.4592 0.1794 0.1431 0.2022 0.3502 0.5106 0.3601 0.1434 0.1604 0.2526 0.4480 0.4792 0.2147 0.1403 0.1899 0.3231 0.5096 0.3975 0.1489 0.1537 0.2346 0.4161 0.4945 0.2661 0.1381 0.1500 0.1381 0.2661 0.4945 0.4161 0.2346 0.1537 0.1489 0.3975 0.5096 0.3231 0.1899 0.1403 0.2147 0.4792 0.4480 0.2526 0.1604 0.1434 0.3601 0.5106 0.3502 0.2022 0.1431 0.1794 0.4592 0.4768 0.2725 0.1683 0.1403 0.3169 0.5058 0.3799 0.2163 0.1474 0.1601 0.4329 0.4987 0.2960 0.1783 0.1393 0.2616 0.4935 0.4208 0.2389 0.1561 0.1456 0.3710 0.5107 0.3558 0.2123
0.3588 0.5102 0.3627 0.1448 0.1568 0.2398 0.4208 0.4942 0.2663 0.1393 0.1767 0.2916 0.4953 0.4391 0.1635 0.1463 0.2127 0.3721 0.5075 0.3289 0.1409 0.1660 0.2670 0.4696 0.4651 0.1872 0.1422 0.1988 0.3427 0.5109 0.3709 0.1446 0.1585 0.2476 0.4396 0.4837 0.2267 0.1398 0.1868 0.3162 0.5080 0.4066 0.1510 0.1521 0.2301 0.4076 0.4976 0.2758 0.1391 0.1703 0.2247 0.1703 0.1391 0.2758 0.4976 0.4076 0.2301 0.1521 0.1510 0.4066 0.5080 0.3162 0.1868 0.1398 0.2267 0.4837 0.4396 0.2476 0.1585 0.1446 0.3709 0.5109 0.3427 0.1988 0.1422 0.1872 0.4651 0.4696 0.2670 0.1660 0.1409 0.3289 0.5075 0.3721 0.2127 0.1463 0.1635 0.4391 0.4953 0.2916 0.1767 0.1393 0.2663 0.4942 0.4208 0.2398 0.1568 0.1448 0.3627 0.5102 0.3588
0.5084 0.3523 0.1437 0.1581 0.2426 0.4242 0.4935 0.2663 0.1393 0.1758 0.2887 0.4923 0.4440 0.1669 0.1453 0.2094 0.3649 0.5089 0.3401 0.1417 0.1639 0.2616 0.4620 0.4706 0.1964 0.1413 0.1954 0.3353 0.5109 0.3811 0.1460 0.1566 0.2427 0.4310 0.4879 0.2394 0.1395 0.1839 0.3095 0.5059 0.4153 0.1534 0.1506 0.2258 0.3991 0.5004 0.2881 0.1394 0.1726 0.2751 0.3974 0.2751 0.1726 0.1394 0.2881 0.5004 0.3991 0.2258 0.1506 0.1534 0.4153 0.5059 0.3095 0.1839 0.1395 0.2394 0.4879 0.4310 0.2427 0.1566 0.1460 0.3811 0.5109 0.3353 0.1954 0.1413 0.1964 0.4706 0.4620 0.2616 0.1639 0.1417 0.3401 0.5089 0.3649 0.2094 0.1453 0.1669 0.4440 0.4923 0.2887 0.1758 0.1393 0.2663 0.4935 0.4242 0.2426 0.1581 0.1437 0.3523 0.5084
0.3470 0.1426 0.1599 0.2465 0.4301 0.4916 0.2616 0.1393 0.1758 0.2877 0.4905 0.4472 0.1697 0.1446 0.2066 0.3586 0.5099 0.3502 0.1425 0.1620 0.2566 0.4542 0.4757 0.2066 0.1407 0.1921 0.3281 0.5103 0.3909 0.1477 0.1549 0.2379 0.4224 0.4918 0.2523 0.1393 0.1810 0.3029 0.5030 0.4236 0.1561 0.1491 0.2216 0.3907 0.5030 0.3008 0.1397 0.1711 0.2778 0.4739 0.5004 0.4739 0.2778 0.1711 0.1397 0.3008 0.5030 0.3907 0.2216 0.1491 0.1561 0.4236 0.5030 0.3029 0.1810 0.1393 0.2523 0.4918 0.4224 0.2379 0.1549 0.1477 0.3909 0.5103 0.3281 0.1921 0.1407 0.2066 0.4757 0.4542 0.2566 0.1620 0.1425 0.3502 0.5099 0.3586 0.2066 0.1446 0.1697 0.4472 0.4905 0.2877 0.1758 0.1393 0.2616 0.4916 0.4301 0.2465 0.1599 0.1426 0.3470
0.1536 0.1618 0.2512 0.4376 0.4886 0.2530 0.1393 0.1767 0.2887 0.4905 0.4483 0.1714 0.1441 0.2047 0.3536 0.5104 0.3588 0.1434 0.1602 0.2519 0.4465 0.4803 0.2176 0.1401 0.1890 0.3211 0.5092 0.4003 0.1495 0.1532 0.2333 0.4138 0.4952 0.2655 0.1392 0.1783 0.2965 0.4993 0.4315 0.1593 0.1478 0.2174 0.3823 0.5052 0.3133 0.1402 0.1689 0.2737 0.4763 0.4659 0.3188 0.4659 0.4763 0.2737 0.1689 0.1402 0.3133 0.5052 0.3823 0.2174 0.1478 0.1593 0.4315 0.4993 0.2965 0.1783 0.1392 0.2655 0.4952 0.4138 0.2333 0.1532 0.1495 0.4003 0.5092 0.3211 0.1890 0.1401 0.2176 0.4803 0.4465 0.2519 0.1602 0.1434 0.3588 0.5104 0.3536 0.2047 0.1441 0.1714 0.4483 0.4905 0.2887 0.1767 0.1393 0.2530 0.4886 0.4376 0.2512 0.1618 0.1536
0.1713 0.2563 0.4457 0.4849 0.2421 0.1393 0.1783 0.2916 0.4923 0.4472 0.1714 0.1439 0.2036 0.3504 0.5107 0.3655 0.1442 0.1588 0.2478 0.4393 0.4842 0.2288 0.1398 0.1861 0.3145 0.5075 0.4091 0.1517 0.1516 0.2288 0.4051 0.4984 0.2786 0.1393 0.1756 0.2903 0.4948 0.4389 0.1631 0.1465 0.2135 0.3740 0.5071 0.3256 0.1407 0.1666 0.2685 0.4711 0.4653 0.2004 0.1374 0.2004 0.4653 0.4711 0.2685 0.1666 0.1407 0.3256 0.5071 0.3740 0.2135 0.1465 0.1631 0.4389 0.4948 0.2903 0.1756 0.1393 0.2786 0.4984 0.4051 0.2288 0.1516 0.1517 0.4091 0.5075 0.3145 0.1861 0.1398 0.2288 0.4842 0.4393 0.2478 0.1588 0.1442 0.3655 0.5107 0.3504 0.2036 0.1439 0.1714 0.4472 0.4923 0.2916 0.1783 0.1393 0.2421 0.4849 0.4457 0.2563 0.1713
0.2622 0.4540 0.4806 0.2302 0.1395 0.1805 0.2960 0.4953 0.4440 0.1697 0.1441 0.2036 0.3493 0.5109 0.3697 0.1449 0.1577 0.2445 0.4329 0.4876 0.2394 0.1395 0.1835 0.3082 0.5053 0.4174 0.1541 0.1502 0.2246 0.3967 0.5012 0.2916 0.1395 0.1731 0.2842 0.4896 0.4461 0.1675 0.1453 0.2096 0.3660 0.5086 0.3375 0.1415 0.1645 0.2631 0.4640 0.4695 0.1968 0.1391 0.1603 0.1391 0.1968 0.4695 0.4640 0.2631 0.1645 0.1415 0.3375 0.5086 0.3660 0.2096 0.1453 0.1675 0.4461 0.4896 0.2842 0.1731 0.1395 0.2916 0.5012 0.3967 0.2246 0.1502 0.1541 0.4174 0.5053 0.3082 0.1835 0.1395 0.2394 0.4876 0.4329 0.2445 0.1577 0.1449 0.3697 0.5109 0.3493 0.2036 0.1441 0.1697 0.4440 0.4953 0.2960 0.1805 0.1395 0.2302 0.4806 0.4540 0.2622
0.4546 0.4759 0.2182 0.1397 0.1831 0.3015 0.4987 0.4391 0.1669 0.1446 0.2047 0.3504 0.5109 0.3712 0.1452 0.1570 0.2422 0.4280 0.4901 0.2487 0.1393 0.1811 0.3025 0.5026 0.4250 0.1568 0.1488 0.2205 0.3884 0.5037 0.3044 0.1398 0.1706 0.2783 0.4835 0.4528 0.1729 0.1441 0.2059 0.3580 0.5098 0.3491 0.1423 0.1624 0.2578 0.4562 0.4744 0.2044 0.1404 0.1859 0.2525 0.1859 0.1404 0.2044 0.4744 0.4562 0.2578 0.1624 0.1423 0.3491 0.5098 0.3580 0.2059 0.1441 0.1729 0.4528 0.4835 0.2783 0.1706 0.1398 0.3044 0.5037 0.3884 0.2205 0.1488 0.1568 0.4250 0.5026 0.3025 0.1811 0.1393 0.2487 0.4901 0.4280 0.2422 0.1570 0.1452 0.3712 0.5109 0.3504 0.2047 0.1446 0.1669 0.4391 0.4987 0.3015 0.1831 0.1397 0.2182 0.4759 0.4546
0.4731 0.2068 0.1401 0.1860 0.3076 0.5022 0.4329 0.1635 0.1453 0.2066 0.3536 0.5107 0.3697 0.1452 0.1568 0.2410 0.4248 0.4919 0.2561 0.1393 0.1792 0.2976 0.4996 0.4317 0.1597 0.1476 0.2167 0.3804 0.5057 0.3166 0.1403 0.1683 0.2726 0.4768 0.4592 0.1794 0.1431 0.2022 0.3502 0.5106 0.3601 0.1434 0.1604 0.2526 0.4480 0.4793 0.2150 0.1402 0.1885 0.3113 0.4470 0.3113 0.1885 0.1402 0.2150 0.4793 0.4480 0.2526 0.1604 0.1434 0.3601 0.5106 0.3502 0.2022 0.1431 0.1794 0.4592 0.4768 0.2726 0.1683 0.1403 0.3166 0.5057 0.3804 0.2167 0.1476 0.1597 0.4317 0.4996 0.2976 0.1792 0.1393 0.2561 0.4919 0.4248 0.2410 0.1568 0.1452 0.3697 0.5107 0.3536 0.2066 0.1453 0.1635 0.4329 0.5022 0.3076 0.1860 0.1401 0.2068 0.4731
0.2066 0.1407 0.1890 0.3142 0.5051 0.4257 0.1601 0.1463 0.2094 0.3586 0.5104 0.3655 0.1449 0.1570 0.2410 0.4237 0.4928 0.2608 0.1393 0.1777 0.2937 0.4966 0.4373 0.1627 0.1465 0.2132 0.3730 0.5074 0.3282 0.1409 0.1661 0.2671 0.4697 0.4651 0.1871 0.1422 0.1988 0.3427 0.5109 0.3709 0.1446 0.1585 0.2476 0.4396 0.4837 0.2269 0.1398 0.1865 0.3137 0.5029 0.4819 0.5029 0.3137 0.1865 0.1398 0.2269 0.4837 0.4396 0.2476 0.1585 0.1446 0.3709 0.5109 0.3427 0.1988 0.1422 0.1871 0.4651 0.4697 0.2671 0.1661 0.1409 0.3282 0.5074 0.3730 0.2132 0.1465 0.1627 0.4373 0.4966 0.2937 0.1777 0.1393 0.2608 0.4928 0.4237 0.2410 0.1570 0.1449 0.3655 0.5104 0.3586 0.2094 0.1463 0.1601 0.4257 0.5051 0.3142 0.1890 0.1407 0.2066
0.1522 0.1921 0.3210 0.5075 0.4178 0.1570 0.1474 0.2127 0.3649 0.5099 0.3588 0.1442 0.1577 0.2422 0.4248 0.4928 0.2624 0.1393 0.1768 0.2909 0.4940 0.4418 0.1656 0.1456 0.2101 0.3662 0.5087 0.3389 0.1416 0.1640 0.2619 0.4622 0.4705 0.1961 0.1414 0.1954 0.3353 0.5109 0.3811 0.1460 0.1566 0.2427 0.4310 0.4879 0.2394 0.1395 0.1838 0.3089 0.5046 0.4287 0.2455 0.4287 0.5046 0.3089 0.1838 0.1395 0.2394 0.4879 0.4310 0.2427 0.1566 0.1460 0.3811 0.5109 0.3353 0.1954 0.1414 0.1961 0.4705 0.4622 0.2619 0.1640 0.1416 0.3389 0.5087 0.3662 0.2101 0.1456 0.1656 0.4418 0.4940 0.2909 0.1768 0.1393 0.2624 0.4928 0.4248 0.2422 0.1577 0.1442 0.3588 0.5099 0.3649 0.2127 0.1474 0.1570 0.4178 0.5075 0.3210 0.1921 0.1522
0.2002 0.3281 0.5092 0.4093 0.1542 0.1487 0.2163 0.3721 0.5089 0.3502 0.1434 0.1588 0.2445 0.4280 0.4919 0.2608 0.1393 0.1764 0.2895 0.4923 0.4449 0.1681 0.1449 0.2076 0.3604 0.5096 0.3484 0.1424 0.1622 0.2570 0.4547 0.4754 0.2062 0.1407 0.1922 0.3282 0.5103 0.3909 0.1477 0.1549 0.2379 0.4224 0.4918 0.2523 0.1393 0.1810 0.3027 0.5026 0.4264 0.1611 0.1366 0.1611 0.4264 0.5026 0.3027 0.1810 0.1393 0.2523 0.4918 0.4224 0.2379 0.1549 0.1477 0.3909 0.5103 0.3282 0.1922 0.1407 0.2062 0.4754 0.4547 0.2570 0.1622 0.1424 0.3484 0.5096 0.3604 0.2076 0.1449 0.1681 0.4449 0.4923 0.2895 0.1764 0.1393 0.2608 0.4919 0.4280 0.2445 0.1588 0.1434 0.3502 0.5089 0.3721 0.2163 0.1487 0.1542 0.4093 0.5092 0.3281 0.2002
0.3320 0.5104 0.4003 0.1517 0.1501 0.2203 0.3799 0.5075 0.3401 0.1425 0.1602 0.2478 0.4329 0.4901 0.2561 0.1393 0.1768 0.2895 0.4917 0.4465 0.1698 0.1444 0.2057 0.3558 0.5103 0.3564 0.1432 0.1606 0.2526 0.4474 0.4798 0.2168 0.1402 0.1892 0.3213 0.5092 0.4001 0.1495 0.1532 0.2333 0.4138 0.4952 0.2655 0.1392 0.1783 0.2964 0.4992 0.4321 0.1604 0.1442 0.1735 0.1442 0.1604 0.4321 0.4992 0.2964 0.1783 0.1392 0.2655 0.4952 0.4138 0.2333 0.1532 0.1495 0.4001 0.5092 0.3213 0.1892 0.1402 0.2168 0.4798 0.4474 0.2526 0.1606 0.1432 0.3564 0.5103 0.3558 0.2057 0.1444 0.1698 0.4465 0.4917 0.2895 0.1768 0.1393 0.2561 0.4901 0.4329 0.2478 0.1602 0.1425 0.3401 0.5075 0.3799 0.2203 0.1501 0.1517 0.4003 0.5104 0.3320
0.5088 0.3909 0.1495 0.1516 0.2245 0.3882 0.5058 0.3289 0.1417 0.1620 0.2519 0.4393 0.4876 0.2487 0.1393 0.1777 0.2909 0.4923 0.4465 0.1704 0.1442 0.2045 0.3525 0.5106 0.3627 0.1439 0.1592 0.2487 0.4406 0.4836 0.2275 0.1398 0.1863 0.3148 0.5076 0.4088 0.1516 0.1517 0.2289 0.4052 0.4984 0.2786 0.1393 0.1756 0.2903 0.4948 0.4391 0.1634 0.1458 0.2052 0.2856 0.2052 0.1458 0.1634 0.4391 0.4948 0.2903 0.1756 0.1393 0.2786 0.4984 0.4052 0.2289 0.1517 0.1516 0.4088 0.5076 0.3148 0.1863 0.1398 0.2275 0.4836 0.4406 0.2487 0.1592 0.1439 0.3627 0.5106 0.3525 0.2045 0.1442 0.1704 0.4465 0.4923 0.2909 0.1777 0.1393 0.2487 0.4876 0.4393 0.2519 0.1620 0.1417 0.3289 0.5058 0.3882 0.2245 0.1516 0.1495 0.3909 0.5088
0.3861 0.1476 0.1532 0.2288 0.3966 0.5037 0.3169 0.1409 0.1639 0.2566 0.4465 0.4842 0.2394 0.1393 0.1792 0.2937 0.4940 0.4449 0.1698 0.1442 0.2041 0.3508 0.5108 0.3671 0.1445 0.1581 0.2456 0.4346 0.4868 0.2375 0.1395 0.1838 0.3088 0.5055 0.4169 0.1539 0.1502 0.2247 0.3969 0.5012 0.2915 0.1395 0.1731 0.2842 0.4895 0.4461 0.1676 0.1451 0.2080 0.3530 0.4883 0.3530 0.2080 0.1451 0.1676 0.4461 0.4895 0.2842 0.1731 0.1395 0.2915 0.5012 0.3969 0.2247 0.1502 0.1539 0.4169 0.5055 0.3088 0.1838 0.1395 0.2375 0.4868 0.4346 0.2456 0.1581 0.1445 0.3671 0.5108 0.3508 0.2041 0.1442 0.1698 0.4449 0.4940 0.2937 0.1792 0.1393 0.2394 0.4842 0.4465 0.2566 0.1639 0.1409 0.3169 0.5037 0.3966 0.2288 0.1532 0.1476 0.3861
0.1579 0.1549 0.2333 0.4051 0.5012 0.3045 0.1403 0.1660 0.2616 0.4542 0.4803 0.2288 0.1395 0.1811 0.2976 0.4966 0.4418 0.1681 0.1444 0.2045 0.3508 0.5108 0.3694 0.1449 0.1574 0.2432 0.4298 0.4893 0.2464 0.1394 0.1815 0.3033 0.5029 0.4243 0.1565 0.1489 0.2207 0.3887 0.5036 0.3041 0.1398 0.1707 0.2783 0.4836 0.4528 0.1730 0.1441 0.2055 0.3552 0.5092 0.4527 0.5092 0.3552 0.2055 0.1441 0.1730 0.4528 0.4836 0.2783 0.1707 0.1398 0.3041 0.5036 0.3887 0.2207 0.1489 0.1565 0.4243 0.5029 0.3033 0.1815 0.1394 0.2464 0.4893 0.4298 0.2432 0.1574 0.1449 0.3694 0.5108 0.3508 0.2045 0.1444 0.1681 0.4418 0.4966 0.2976 0.1811 0.1395 0.2288 0.4803 0.4542 0.2616 0.1660 0.1403 0.3045 0.5012 0.4051 0.2333 0.1549 0.1579
0.1648 0.2380 0.4138 0.4984 0.2916 0.1399 0.1683 0.2670 0.4620 0.4757 0.2176 0.1398 0.1835 0.3025 0.4996 0.4373 0.1656 0.1449 0.2057 0.3525 0.5108 0.3694 0.1451 0.1570 0.2418 0.4264 0.4912 0.2535 0.1393 0.1796 0.2986 0.5001 0.4308 0.1593 0.1477 0.2169 0.3809 0.5056 0.3161 0.1403 0.1684 0.2727 0.4770 0.4591 0.1794 0.1431 0.2022 0.3496 0.5104 0.3785 0.1810 0.3785 0.5104 0.3496 0.2022 0.1431 0.1794 0.4591 0.4770 0.2727 0.1684 0.1403 0.3161 0.5056 0.3809 0.2169 0.1477 0.1593 0.4308 0.5001 0.2986 0.1796 0.1393 0.2535 0.4912 0.4264 0.2418 0.1570 0.1451 0.3694 0.5108 0.3525 0.2057 0.1449 0.1656 0.4373 0.4996 0.3025 0.1835 0.1398 0.2176 0.4757 0.4620 0.2670 0.1683 0.1399 0.2916 0.4984 0.4138 0.2380 0.1648
0.2444 0.4225 0.4952 0.2786 0.1395 0.1706 0.2725 0.4696 0.4706 0.2066 0.1401 0.1861 0.3082 0.5026 0.4317 0.1627 0.1456 0.2076 0.3558 0.5106 0.3671 0.1449 0.1570 0.2413 0.4247 0.4922 0.2586 0.1393 0.1781 0.2947 0.4973 0.4363 0.1622 0.1466 0.2136 0.3736 0.5073 0.3274 0.1409 0.1662 0.2673 0.4699 0.4649 0.1870 0.1422 0.1988 0.3425 0.5109 0.3744 0.1460 0.1394 0.1460 0.3744 0.5109 0.3425 0.1988 0.1422 0.1870 0.4649 0.4699 0.2673 0.1662 0.1409 0.3274 0.5073 0.3736 0.2136 0.1466 0.1622 0.4363 0.4973 0.2947 0.1781 0.1393 0.2586 0.4922 0.4247 0.2413 0.1570 0.1449 0.3671 0.5106 0.3558 0.2076 0.1456 0.1627 0.4317 0.5026 0.3082 0.1861 0.1401 0.2066 0.4706 0.4696 0.2725 0.1706 0.1395 0.2786 0.4952 0.4225 0.2444
0.4240 0.4919 0.2655 0.1393 0.1731 0.2783 0.4768 0.4651 0.1964 0.1407 0.1890 0.3145 0.5053 0.4250 0.1597 0.1465 0.2101 0.3604 0.5103 0.3627 0.1445 0.1574 0.2418 0.4247 0.4926 0.2613 0.1393 0.1771 0.2919 0.4948 0.4407 0.1649 0.1458 0.2106 0.3671 0.5086 0.3378 0.1415 0.1642 0.2621 0.4626 0.4703 0.1959 0.1414 0.1955 0.3354 0.5108 0.3819 0.1463 0.1521 0.1903 0.1521 0.1463 0.3819 0.5108 0.3354 0.1955 0.1414 0.1959 0.4703 0.4626 0.2621 0.1642 0.1415 0.3378 0.5086 0.3671 0.2106 0.1458 0.1649 0.4407 0.4948 0.2919 0.1771 0.1393 0.2613 0.4926 0.4247 0.2418 0.1574 0.1445 0.3627 0.5103 0.3604 0.2101 0.1465 0.1597 0.4250 0.5053 0.3145 0.1890 0.1407 0.1964 0.4651 0.4768 0.2783 0.1731 0.1393 0.2655 0.4919 0.4240
0.4895 0.2523 0.1392 0.1756 0.2842 0.4835 0.4592 0.1872 0.1413 0.1921 0.3211 0.5075 0.4174 0.1568 0.1476 0.2132 0.3662 0.5096 0.3564 0.1439 0.1581 0.2432 0.4264 0.4922 0.2613 0.1393 0.1766 0.2901 0.4929 0.4439 0.1674 0.1451 0.2081 0.3614 0.5095 0.3471 0.1423 0.1624 0.2574 0.4552 0.4752 0.2057 0.1407 0.1923 0.3283 0.5103 0.3909 0.1477 0.1541 0.2287 0.3246 0.2287 0.1541 0.1477 0.3909 0.5103 0.3283 0.1923 0.1407 0.2057 0.4752 0.4552 0.2574 0.1624 0.1423 0.3471 0.5095 0.3614 0.2081 0.1451 0.1674 0.4439 0.4929 0.2901 0.1766 0.1393 0.2613 0.4922 0.4264 0.2432 0.1581 0.1439 0.3564 0.5096 0.3662 0.2132 0.1476 0.1568 0.4174 0.5075 0.3211 0.1921 0.1413 0.1872 0.4592 0.4835 0.2842 0.1756 0.1392 0.2523 0.4895
0.2481 0.1393 0.1783 0.2903 0.4896 0.4528 0.1794 0.1422 0.1954 0.3281 0.5092 0.4091 0.1541 0.1488 0.2167 0.3730 0.5087 0.3484 0.1432 0.1592 0.2456 0.4298 0.4912 0.2586 0.1393 0.1766 0.2895 0.4919 0.4459 0.1692 0.1445 0.2061 0.3567 0.5102 0.3551 0.1430 0.1608 0.2531 0.4480 0.4795 0.2161 0.1402 0.1893 0.3216 0.5093 0.3999 0.1495 0.1531 0.2316 0.4001 0.5070 0.4001 0.2316 0.1531 0.1495 0.3999 0.5093 0.3216 0.1893 0.1402 0.2161 0.4795 0.4480 0.2531 0.1608 0.1430 0.3551 0.5102 0.3567 0.2061 0.1445 0.1692 0.4459 0.4919 0.2895 0.1766 0.1393 0.2586 0.4912 0.4298 0.2456 0.1592 0.1432 0.3484 0.5087 0.3730 0.2167 0.1488 0.1541 0.4091 0.5092 0.3281 0.1954 0.1422 0.1794 0.4528 0.4896 0.2903 0.1783 0.1393 0.2481
0.1510 0.1810 0.2965 0.4948 0.4461 0.1729 0.1431 0.1988 0.3353 0.5103 0.4003 0.1517 0.1502 0.2205 0.3804 0.5074 0.3389 0.1424 0.1606 0.2487 0.4346 0.4893 0.2535 0.1393 0.1771 0.2901 0.4919 0.4465 0.1702 0.1442 0.2048 0.3533 0.5105 0.3615 0.1438 0.1594 0.2493 0.4414 0.4833 0.2266 0.1398 0.1865 0.3152 0.5077 0.4085 0.1515 0.1517 0.2287 0.4025 0.5010 0.4110 0.5010 0.4025 0.2287 0.1517 0.1515 0.4085 0.5077 0.3152 0.1865 0.1398 0.2266 0.4833 0.4414 0.2493 0.1594 0.1438 0.3615 0.5105 0.3533 0.2048 0.1442 0.1702 0.4465 0.4919 0.2901 0.1771 0.1393 0.2535 0.4893 0.4346 0.2487 0.1606 0.1424 0.3389 0.5074 0.3804 0.2205 0.1502 0.1517 0.4003 0.5103 0.3353 0.1988 0.1431 0.1729 0.4461 0.4948 0.2965 0.1810 0.1510
0.1895 0.3030 0.4993 0.4389 0.1675 0.1441 0.2022 0.3427 0.5109 0.3909 0.1495 0.1516 0.2246 0.3884 0.5057 0.3282 0.1416 0.1622 0.2526 0.4406 0.4868 0.2464 0.1393 0.1781 0.2919 0.4929 0.4459 0.1702 0.1441 0.2042 0.3512 0.5107 0.3662 0.1444 0.1583 0.2461 0.4355 0.4864 0.2363 0.1395 0.1840 0.3092 0.5056 0.4165 0.1538 0.1503 0.2248 0.3964 0.5016 0.3131 0.1515 0.3131 0.5016 0.3964 0.2248 0.1503 0.1538 0.4165 0.5056 0.3092 0.1840 0.1395 0.2363 0.4864 0.4355 0.2461 0.1583 0.1444 0.3662 0.5107 0.3512 0.2042 0.1441 0.1702 0.4459 0.4929 0.2919 0.1781 0.1393 0.2464 0.4868 0.4406 0.2526 0.1622 0.1416 0.3282 0.5057 0.3884 0.2246 0.1516 0.1495 0.3909 0.5109 0.3427 0.2022 0.1441 0.1675 0.4389 0.4993 0.3030 0.1895
0.3075 0.5031 0.4315 0.1631 0.1453 0.2059 0.3502 0.5109 0.3811 0.1477 0.1532 0.2288 0.3967 0.5037 0.3166 0.1409 0.1640 0.2570 0.4474 0.4836 0.2375 0.1394 0.1796 0.2947 0.4948 0.4439 0.1692 0.1442 0.2042 0.3505 0.5108 0.3690 0.1449 0.1575 0.2437 0.4306 0.4890 0.2451 0.1394 0.1818 0.3039 0.5032 0.4237 0.1564 0.1490 0.2209 0.3889 0.5036 0.3078 0.1395 0.1455 0.1395 0.3078 0.5036 0.3889 0.2209 0.1490 0.1564 0.4237 0.5032 0.3039 0.1818 0.1394 0.2451 0.4890 0.4306 0.2437 0.1575 0.1449 0.3690 0.5108 0.3505 0.2042 0.1442 0.1692 0.4439 0.4948 0.2947 0.1796 0.1394 0.2375 0.4836 0.4474 0.2570 0.1640 0.1409 0.3166 0.5037 0.3967 0.2288 0.1532 0.1477 0.3811 0.5109 0.3502 0.2059 0.1453 0.1631 0.4315 0.5031 0.3075
0.5019 0.4236 0.1593 0.1465 0.2096 0.3580 0.5106 0.3709 0.1460 0.1549 0.2333 0.4051 0.5012 0.3044 0.1403 0.1661 0.2619 0.4547 0.4798 0.2275 0.1395 0.1815 0.2986 0.4973 0.4407 0.1674 0.1445 0.2048 0.3512 0.5108 0.3700 0.1451 0.1570 0.2420 0.4270 0.4909 0.2525 0.1393 0.1799 0.2992 0.5005 0.4301 0.1590 0.1478 0.2172 0.3813 0.5056 0.3165 0.1402 0.1630 0.2112 0.1630 0.1402 0.3165 0.5056 0.3813 0.2172 0.1478 0.1590 0.4301 0.5005 0.2992 0.1799 0.1393 0.2525 0.4909 0.4270 0.2420 0.1570 0.1451 0.3700 0.5108 0.3512 0.2048 0.1445 0.1674 0.4407 0.4973 0.2986 0.1815 0.1395 0.2275 0.4798 0.4547 0.2619 0.1661 0.1403 0.3044 0.5012 0.4051 0.2333 0.1549 0.1460 0.3709 0.5106 0.3580 0.2096 0.1465 0.1593 0.4236 0.5019
0.4195 0.1561 0.1478 0.2135 0.3660 0.5098 0.3601 0.1446 0.1566 0.2379 0.4138 0.4984 0.2916 0.1398 0.1683 0.2671 0.4622 0.4754 0.2168 0.1398 0.1838 0.3033 0.5001 0.4363 0.1649 0.1451 0.2061 0.3533 0.5107 0.3690 0.1451 0.1569 0.2412 0.4247 0.4921 0.2580 0.1393 0.1783 0.2952 0.4977 0.4356 0.1618 0.1467 0.2139 0.3742 0.5072 0.3270 0.1408 0.1653 0.2573 0.3703 0.2573 0.1653 0.1408 0.3270 0.5072 0.3742 0.2139 0.1467 0.1618 0.4356 0.4977 0.2952 0.1783 0.1393 0.2580 0.4921 0.4247 0.2412 0.1569 0.1451 0.3690 0.5107 0.3533 0.2061 0.1451 0.1649 0.4363 0.5001 0.3033 0.1838 0.1398 0.2168 0.4754 0.4622 0.2671 0.1683 0.1398 0.2916 0.4984 0.4138 0.2379 0.1566 0.1446 0.3601 0.5098 0.3660 0.2135 0.1478 0.1561 0.4195
0.1650 0.1491 0.2174 0.3740 0.5086 0.3491 0.1434 0.1585 0.2427 0.4224 0.4952 0.2786 0.1395 0.1706 0.2726 0.4697 0.4705 0.2062 0.1402 0.1863 0.3088 0.5029 0.4308 0.1622 0.1458 0.2081 0.3567 0.5105 0.3662 0.1449 0.1570 0.2412 0.4240 0.4928 0.2613 0.1393 0.1772 0.2921 0.4951 0.4402 0.1646 0.1459 0.2109 0.3678 0.5085 0.3371 0.1415 0.1641 0.2605 0.4498 0.5062 0.4498 0.2605 0.1641 0.1415 0.3371 0.5085 0.3678 0.2109 0.1459 0.1646 0.4402 0.4951 0.2921 0.1772 0.1393 0.2613 0.4928 0.4240 0.2412 0.1570 0.1449 0.3662 0.5105 0.3567 0.2081 0.1458 0.1622 0.4308 0.5029 0.3088 0.1863 0.1402 0.2062 0.4705 0.4697 0.2726 0.1706 0.1395 0.2786 0.4952 0.4224 0.2427 0.1585 0.1434 0.3491 0.5086 0.3740 0.2174 0.1491 0.1650
0.1596 0.2216 0.3823 0.5071 0.3375 0.1423 0.1604 0.2476 0.4310 0.4918 0.2655 0.1393 0.1731 0.2783 0.4768 0.4651 0.1961 0.1407 0.1892 0.3148 0.5055 0.4243 0.1593 0.1466 0.2106 0.3614 0.5102 0.3615 0.1444 0.1575 0.2420 0.4247 0.4928 0.2625 0.1393 0.1766 0.2901 0.4930 0.4437 0.1671 0.1451 0.2084 0.3620 0.5094 0.3462 0.1422 0.1625 0.2573 0.4529 0.4809 0.3545 0.4809 0.4529 0.2573 0.1625 0.1422 0.3462 0.5094 0.3620 0.2084 0.1451 0.1671 0.4437 0.4930 0.2901 0.1766 0.1393 0.2625 0.4928 0.4247 0.2420 0.1575 0.1444 0.3615 0.5102 0.3614 0.2106 0.1466 0.1593 0.4243 0.5055 0.3148 0.1892 0.1407 0.1961 0.4651 0.4768 0.2783 0.1731 0.1393 0.2655 0.4918 0.4310 0.2476 0.1604 0.1423 0.3375 0.5071 0.3823 0.2216 0.1596
0.2286 0.3908 0.5052 0.3256 0.1415 0.1624 0.2526 0.4396 0.4879 0.2523 0.1392 0.1756 0.2842 0.4835 0.4592 0.1871 0.1414 0.1922 0.3213 0.5076 0.4169 0.1565 0.1477 0.2136 0.3671 0.5095 0.3551 0.1438 0.1583 0.2437 0.4270 0.4921 0.2613 0.1393 0.1763 0.2891 0.4917 0.4460 0.1692 0.1446 0.2063 0.3571 0.5101 0.3543 0.1430 0.1609 0.2533 0.4480 0.4805 0.2360 0.1400 0.2360 0.4805 0.4480 0.2533 0.1609 0.1430 0.3543 0.5101 0.3571 0.2063 0.1446 0.1692 0.4460 0.4917 0.2891 0.1763 0.1393 0.2613 0.4921 0.4270 0.2437 0.1583 0.1438 0.3551 0.5095 0.3671 0.2136 0.1477 0.1565 0.4169 0.5076 0.3213 0.1922 0.1414 0.1871 0.4592 0.4835 0.2842 0.1756 0.1392 0.2523 0.4879 0.4396 0.2526 0.1624 0.1415 0.3256 0.5052 0.3908 0.2286
0.3930 0.5031 0.3133 0.1407 0.1645 0.2578 0.4480 0.4837 0.2394 0.1393 0.1783 0.2903 0.4896 0.4528 0.1794 0.1422 0.1954 0.3282 0.5092 0.4088 0.1539 0.1489 0.2169 0.3736 0.5086 0.3471 0.1430 0.1594 0.2461 0.4306 0.4909 0.2580 0.1393 0.1766 0.2891 0.4912 0.4472 0.1705 0.1442 0.2048 0.3533 0.5105 0.3611 0.1437 0.1595 0.2496 0.4419 0.4832 0.2295 0.1381 0.1546 0.1381 0.2295 0.4832 0.4419 0.2496 0.1595 0.1437 0.3611 0.5105 0.3533 0.2048 0.1442 0.1705 0.4472 0.4912 0.2891 0.1766 0.1393 0.2580 0.4909 0.4306 0.2461 0.1594 0.1430 0.3471 0.5086 0.3736 0.2169 0.1489 0.1539 0.4088 0.5092 0.3282 0.1954 0.1422 0.1794 0.4528 0.4896 0.2903 0.1783 0.1393 0.2394 0.4837 0.4480 0.2578 0.1645 0.1407 0.3133 0.5031 0.3930
0.5011 0.3006 0.1402 0.1667 0.2631 0.4563 0.4792 0.2267 0.1395 0.1810 0.2965 0.4948 0.4461 0.1729 0.1431 0.1988 0.3353 0.5103 0.4001 0.1516 0.1502 0.2207 0.3809 0.5073 0.3378 0.1423 0.1608 0.2493 0.4355 0.4890 0.2525 0.1393 0.1772 0.2901 0.4917 0.4472 0.1710 0.1440 0.2039 0.3508 0.5107 0.3663 0.1444 0.1584 0.2464 0.4360 0.4862 0.2363 0.1393 0.1777 0.2380 0.1777 0.1393 0.2363 0.4862 0.4360 0.2464 0.1584 0.1444 0.3663 0.5107 0.3508 0.2039 0.1440 0.1710 0.4472 0.4917 0.2901 0.1772 0.1393 0.2525 0.4890 0.4355 0.2493 0.1608 0.1423 0.3378 0.5073 0.3809 0.2207 0.1502 0.1516 0.4001 0.5103 0.3353 0.1988 0.1431 0.1729 0.4461 0.4948 0.2965 0.1810 0.1395 0.2267 0.4792 0.4563 0.2631 0.1667 0.1402 0.3006 0.5011
0.2950 0.1397 0.1690 0.2686 0.4642 0.4743 0.2147 0.1398 0.1839 0.3029 0.4993 0.4389 0.1675 0.1441 0.2022 0.3427 0.5109 0.3909 0.1495 0.1517 0.2247 0.3887 0.5056 0.3274 0.1415 0.1624 0.2531 0.4414 0.4864 0.2451 0.1393 0.1783 0.2921 0.4930 0.4460 0.1705 0.1440 0.2036 0.3495 0.5108 0.3698 0.1449 0.1575 0.2437 0.4309 0.4888 0.2445 0.1393 0.1808 0.2934 0.4232 0.2934 0.1808 0.1393 0.2445 0.4888 0.4309 0.2437 0.1575 0.1449 0.3698 0.5108 0.3495 0.2036 0.1440 0.1705 0.4460 0.4930 0.2921 0.1783 0.1393 0.2451 0.4864 0.4414 0.2531 0.1624 0.1415 0.3274 0.5056 0.3887 0.2247 0.1517 0.1495 0.3909 0.5109 0.3427 0.2022 0.1441 0.1675 0.4389 0.4993 0.3029 0.1839 0.1398 0.2147 0.4743 0.4642 0.2686 0.1690 0.1397 0.2950
0.1512 0.1714 0.2743 0.4718 0.4690 0.2035 0.1403 0.1868 0.3095 0.5030 0.4315 0.1631 0.1453 0.2059 0.3502 0.5109 0.3811 0.1477 0.1532 0.2289 0.3969 0.5036 0.3161 0.1409 0.1642 0.2574 0.4480 0.4833 0.2363 0.1394 0.1799 0.2952 0.4951 0.4437 0.1692 0.1442 0.2039 0.3495 0.5109 0.3715 0.1453 0.1569 0.2417 0.4267 0.4909 0.2522 0.1393 0.1798 0.2975 0.4929 0.4917 0.4929 0.2975 0.1798 0.1393 0.2522 0.4909 0.4267 0.2417 0.1569 0.1453 0.3715 0.5109 0.3495 0.2039 0.1442 0.1692 0.4437 0.4951 0.2952 0.1799 0.1394 0.2363 0.4833 0.4480 0.2574 0.1642 0.1409 0.3161 0.5036 0.3969 0.2289 0.1532 0.1477 0.3811 0.5109 0.3502 0.2059 0.1453 0.1631 0.4315 0.5030 0.3095 0.1868 0.1403 0.2035 0.4690 0.4718 0.2743 0.1714 0.1512
0.1803 0.2801 0.4789 0.4634 0.1935 0.1409 0.1899 0.3162 0.5059 0.4236 0.1593 0.1465 0.2096 0.3580 0.5106 0.3709 0.1460 0.1549 0.2333 0.4052 0.5012 0.3041 0.1403 0.1662 0.2621 0.4552 0.4795 0.2266 0.1395 0.1818 0.2992 0.4977 0.4402 0.1671 0.1446 0.2048 0.3508 0.5108 0.3715 0.1454 0.1566 0.2405 0.4239 0.4924 0.2584 0.1393 0.1784 0.2951 0.4963 0.4460 0.2779 0.4460 0.4963 0.2951 0.1784 0.1393 0.2584 0.4924 0.4239 0.2405 0.1566 0.1454 0.3715 0.5108 0.3508 0.2048 0.1446 0.1671 0.4402 0.4977 0.2992 0.1818 0.1395 0.2266 0.4795 0.4552 0.2621 0.1662 0.1403 0.3041 0.5012 0.4052 0.2333 0.1549 0.1460 0.3709 0.5106 0.3580 0.2096 0.1465 0.1593 0.4236 0.5059 0.3162 0.1899 0.1409 0.1935 0.4634 0.4789 0.2801 0.1803
0.2853 0.4855 0.4573 0.1847 0.1416 0.1931 0.3231 0.5080 0.4153 0.1561 0.1478 0.2135 0.3660 0.5098 0.3601 0.1446 0.1566 0.2379 0.4138 0.4984 0.2915 0.1398 0.1684 0.2673 0.4626 0.4752 0.2161 0.1398 0.1840 0.3039 0.5005 0.4356 0.1646 0.1451 0.2063 0.3533 0.5107 0.3698 0.1453 0.1566 0.2401 0.4224 0.4933 0.2628 0.1393 0.1771 0.2921 0.4949 0.4421 0.1719 0.1364 0.1719 0.4421 0.4949 0.2921 0.1771 0.1393 0.2628 0.4933 0.4224 0.2401 0.1566 0.1453 0.3698 0.5107 0.3533 0.2063 0.1451 0.1646 0.4356 0.5005 0.3039 0.1840 0.1398 0.2161 0.4752 0.4626 0.2673 0.1684 0.1398 0.2915 0.4984 0.4138 0.2379 0.1566 0.1446 0.3601 0.5098 0.3660 0.2135 0.1478 0.1561 0.4153 0.5080 0.3231 0.1931 0.1416 0.1847 0.4573 0.4855 0.2853
0.4851 0.4509 0.1773 0.1424 0.1964 0.3302 0.5096 0.4066 0.1534 0.1491 0.2174 0.3740 0.5086 0.3491 0.1434 0.1585 0.2427 0.4224 0.4952 0.2786 0.1395 0.1707 0.2727 0.4699 0.4703 0.2057 0.1402 0.1865 0.3092 0.5032 0.4301 0.1618 0.1459 0.2084 0.3571 0.5105 0.3663 0.1449 0.1569 0.2405 0.4224 0.4936 0.2650 0.1393 0.1762 0.2896 0.4928 0.4441 0.1684 0.1421 0.1683 0.1421 0.1683 0.4441 0.4928 0.2897 0.1763 0.1393 0.2649 0.4936 0.4224 0.2405 0.1569 0.1449 0.3663 0.5105 0.3571 0.2084 0.1459 0.1618 0.4301 0.5032 0.3092 0.1865 0.1402 0.2057 0.4703 0.4699 0.2727 0.1707 0.1395 0.2786 0.4952 0.4224 0.2427 0.1585 0.1434 0.3491 0.5086 0.3740 0.2174 0.1491 0.1534 0.4066 0.5096 0.3302 0.1964 0.1424 0.1773 0.4509 0.4851
0.4474 0.1712 0.1434 0.1998 0.3375 0.5105 0.3975 0.1510 0.1506 0.2216 0.3823 0.5071 0.3375 0.1423 0.1604 0.2476 0.4310 0.4918 0.2655 0.1393 0.1731 0.2783 0.4770 0.4649 0.1959 0.1407 0.1893 0.3152 0.5056 0.4237 0.1590 0.1467 0.2109 0.3620 0.5101 0.3611 0.1444 0.1575 0.2417 0.4239 0.4933 0.2650 0.1393 0.1758 0.2882 0.4911 0.4467 0.1696 0.1440 0.1987 0.2741 0.1989 0.1440 0.1696 0.4466 0.4910 0.2882 0.1759 0.1392 0.2649 0.4933 0.4239 0.2417 0.1575 0.1444 0.3611 0.5101 0.3620 0.2109 0.1467 0.1590 0.4237 0.5056 0.3152 0.1893 0.1407 0.1959 0.4649 0.4770 0.2783 0.1731 0.1393 0.2655 0.4918 0.4310 0.2476 0.1604 0.1423 0.3375 0.5071 0.3823 0.2216 0.1506 0.1510 0.3975 0.5105 0.3375 0.1998 0.1434 0.1712 0.4474
0.1774 0.1445 0.2033 0.3449 0.5109 0.3880 0.1489 0.1521 0.2258 0.3907 0.5052 0.3256 0.1415 0.1624 0.2526 0.4396 0.4879 0.2523 0.1392 0.1756 0.2842 0.4836 0.4591 0.1870 0.1414 0.1923 0.3216 0.5077 0.4165 0.1564 0.1478 0.2139 0.3678 0.5094 0.3543 0.1437 0.1584 0.2437 0.4267 0.4924 0.2628 0.1393 0.1758 0.2862 0.4901 0.4493 0.1720 0.1444 0.2039 0.3395 0.4764 0.3424 0.2034 0.1439 0.1730 0.4500 0.4892 0.2872 0.1750 0.1392 0.2628 0.4924 0.4267 0.2437 0.1584 0.1437 0.3543 0.5094 0.3678 0.2139 0.1478 0.1564 0.4165 0.5077 0.3216 0.1923 0.1414 0.1870 0.4591 0.4836 0.2842 0.1756 0.1392 0.2523 0.4879 0.4396 0.2526 0.1624 0.1415 0.3256 0.5052 0.3907 0.2258 0.1521 0.1489 0.3880 0.5109 0.3449 0.2033 0.1445 0.1774
0.1555 0.2070 0.3525 0.5109 0.3781 0.1471 0.1537 0.2301 0.3991 0.5030 0.3133 0.1407 0.1645 0.2578 0.4480 0.4837 0.2394 0.1393 0.1783 0.2903 0.4895 0.4528 0.1794 0.1422 0.1955 0.3283 0.5093 0.4085 0.1538 0.1490 0.2172 0.3742 0.5085 0.3462 0.1430 0.1595 0.2464 0.4309 0.4909 0.2584 0.1393 0.1762 0.2881 0.4905 0.4460 0.1697 0.1437 0.2040 0.3493 0.5093 0.4603 0.5090 0.3473 0.2017 0.1436 0.1726 0.4506 0.4898 0.2895 0.1764 0.1393 0.2584 0.4909 0.4309 0.2464 0.1595 0.1430 0.3462 0.5085 0.3742 0.2172 0.1490 0.1538 0.4085 0.5093 0.3283 0.1955 0.1422 0.1794 0.4528 0.4895 0.2903 0.1783 0.1393 0.2394 0.4837 0.4480 0.2578 0.1645 0.1407 0.3133 0.5030 0.3991 0.2301 0.1537 0.1471 0.3781 0.5109 0.3525 0.2070 0.1555
0.2145 0.3604 0.5104 0.3678 0.1456 0.1554 0.2346 0.4076 0.5004 0.3008 0.1402 0.1666 0.2631 0.4562 0.4793 0.2269 0.1395 0.1810 0.2964 0.4948 0.4461 0.1730 0.1431 0.1988 0.3354 0.5103 0.3999 0.1515 0.1503 0.2209 0.3813 0.5072 0.3371 0.1422 0.1609 0.2496 0.4360 0.4888 0.2522 0.1393 0.1771 0.2896 0.4911 0.4486 0.1718 0.1438 0.2020 0.3453 0.5107 0.3906 0.1940 0.3873 0.5108 0.3477 0.2028 0.1439 0.1743 0.4487 0.4918 0.2899 0.1772 0.1393 0.2522 0.4888 0.4360 0.2496 0.1609 0.1422 0.3371 0.5072 0.3813 0.2209 0.1503 0.1515 0.3999 0.5103 0.3354 0.1988 0.1431 0.1730 0.4461 0.4948 0.2964 0.1810 0.1395 0.2269 0.4793 0.4562 0.2631 0.1666 0.1402 0.3008 0.5004 0.4076 0.2346 0.1554 0.1456 0.3678 0.5104 0.3604 0.2145
0.3633 0.5096 0.3572 0.1442 0.1571 0.2392 0.4161 0.4976 0.2881 0.1397 0.1689 0.2685 0.4640 0.4744 0.2150 0.1398 0.1838 0.3027 0.4992 0.4391 0.1676 0.1441 0.2022 0.3425 0.5108 0.3909 0.1495 0.1517 0.2248 0.3889 0.5056 0.3270 0.1415 0.1625 0.2533 0.4419 0.4862 0.2445 0.1393 0.1784 0.2921 0.4928 0.4467 0.1719 0.1435 0.2007 0.3450 0.5112 0.3792 0.1472 0.1391 0.1475 0.3763 0.5108 0.3460 0.2023 0.1440 0.1727 0.4474 0.4929 0.2921 0.1784 0.1393 0.2445 0.4862 0.4419 0.2533 0.1625 0.1415 0.3270 0.5056 0.3889 0.2248 0.1517 0.1495 0.3909 0.5108 0.3425 0.2022 0.1441 0.1676 0.4391 0.4992 0.3027 0.1838 0.1398 0.2150 0.4744 0.4640 0.2685 0.1689 0.1397 0.2881 0.4976 0.4161 0.2392 0.1571 0.1442 0.3572 0.5096 0.3633
0.5078 0.3466 0.1431 0.1588 0.2436 0.4242 0.4945 0.2758 0.1394 0.1711 0.2737 0.4711 0.4695 0.2044 0.1402 0.1865 0.3089 0.5026 0.4321 0.1634 0.1451 0.2055 0.3496 0.5109 0.3819 0.1477 0.1531 0.2287 0.3964 0.5036 0.3165 0.1408 0.1641 0.2573 0.4480 0.4832 0.2363 0.1393 0.1798 0.2951 0.4949 0.4441 0.1697 0.1439 0.2022 0.3483 0.5113 0.3752 0.1461 0.1524 0.1906 0.1525 0.1462 0.3753 0.5111 0.3463 0.2027 0.1441 0.1707 0.4441 0.4949 0.2951 0.1798 0.1393 0.2363 0.4832 0.4480 0.2573 0.1641 0.1408 0.3165 0.5036 0.3964 0.2287 0.1531 0.1477 0.3819 0.5109 0.3496 0.2055 0.1451 0.1634 0.4321 0.5026 0.3089 0.1865 0.1402 0.2044 0.4695 0.4711 0.2737 0.1711 0.1394 0.2758 0.4945 0.4242 0.2436 0.1588 0.1431 0.3466 0.5078
0.3445 0.1422 0.1600 0.2471 0.4305 0.4916 0.2661 0.1391 0.1726 0.2778 0.4763 0.4653 0.1968 0.1404 0.1885 0.3137 0.5046 0.4264 0.1604 0.1458 0.2080 0.3552 0.5104 0.3744 0.1463 0.1541 0.2316 0.4025 0.5016 0.3078 0.1402 0.1653 0.2605 0.4529 0.4805 0.2295 0.1393 0.1808 0.2975 0.4963 0.4421 0.1683 0.1440 0.2028 0.3465 0.5106 0.3743 0.1458 0.1552 0.2303 0.3271 0.2307 0.1548 0.1460 0.3771 0.5107 0.3490 0.2038 0.1441 0.1683 0.4420 0.4963 0.2975 0.1808 0.1393 0.2295 0.4805 0.4529 0.2605 0.1653 0.1402 0.3078 0.5016 0.4025 0.2316 0.1541 0.1463 0.3744 0.5104 0.3552 0.2080 0.1458 0.1604 0.4264 0.5046 0.3137 0.1885 0.1404 0.1968 0.4653 0.4763 0.2778 0.1726 0.1391 0.2661 0.4916 0.4305 0.2471 0.1600 0.1422 0.3445
0.1537 0.1579 0.2441 0.4281 0.4913 0.2712 0.1381 0.1703 0.2751 0.4739 0.4659 0.2004 0.1391 0.1859 0.3113 0.5029 0.4287 0.1611 0.1442 0.2052 0.3530 0.5092 0.3785 0.1460 0.1521 0.2287 0.4001 0.5010 0.3131 0.1395 0.1630 0.2573 0.4498 0.4809 0.2360 0.1381 0.1777 0.2934 0.4929 0.4460 0.1719 0.1421 0.1988 0.3408 0.5094 0.3853 0.1469 0.1520 0.2301 0.3981 0.5050 0.3963 0.2288 0.1520 0.1466 0.3857 0.5093 0.3411 0.1998 0.1422 0.1719 0.4460 0.4929 0.2934 0.1777 0.1381 0.2360 0.4809 0.4498 0.2573 0.1630 0.1395 0.3131 0.5010 0.4001 0.2287 0.1521 0.1460 0.3785 0.5092 0.3530 0.2052 0.1442 0.1611 0.4287 0.5029 0.3113 0.1859 0.1391 0.2004 0.4659 0.4739 0.2751 0.1703 0.1381 0.2712 0.4913 0.4281 0.2441 0.1579 0.1537
0.1530 0.2019 0.3498 0.5084 0.3815 0.1439 0.1500 0.2247 0.3974 0.5004 0.3188 0.1374 0.1603 0.2525 0.4470 0.4819 0.2455 0.1366 0.1735 0.2856 0.4883 0.4527 0.1810 0.1394 0.1903 0.3246 0.5070 0.4110 0.1515 0.1455 0.2112 0.3703 0.5062 0.3545 0.1400 0.1546 0.2380 0.4232 0.4917 0.2779 0.1364 0.1683 0.2743 0.4809 0.4583 0.1891 0.1390 0.1891 0.3234 0.5040 0.4776 0.5044 0.3213 0.1891 0.1389 0.1889 0.4613 0.4779 0.2745 0.1684 0.1364 0.2779 0.4917 0.4232 0.2380 0.1546 0.1400 0.3545 0.5062 0.3703 0.2112 0.1455 0.1515 0.4110 0.5070 0.3246 0.1903 0.1394 0.1810 0.4527 0.4883 0.2856 0.1735 0.1366 0.2455 0.4819 0.4470 0.2525 0.1603 0.1374 0.3188 0.5004 0.3974 0.2247 0.1500 0.1439 0.3815 0.5084 0.3498 0.2019 0.1530
0.1537 0.1579 0.2441 0.4281 0.4913 0.2712 0.1381 0.1703 0.2751 0.4739 0.4659 0.2004 0.1391 0.1859 0.3113 0.5029 0.4287 0.1611 0.1442 0.2052 0.3530 0.5092 0.3785 0.1460 0.1521 0.2287 0.4001 0.5010 0.3131 0.1395 0.1630 0.2573 0.4498 0.4809 0.2360 0.1381 0.1777 0.2934 0.4929 0.4460 0.1719 0.1421 0.1989 0.3415 0.5093 0.3891 0.1468 0.1520 0.2273 0.3948 0.5045 0.3926 0.2274 0.1514 0.1468 0.3886 0.5093 0.3422 0.1992 0.1421 0.1719 0.4460 0.4929 0.2934 0.1777 0.1381 0.2360 0.4809 0.4498 0.2573 0.1630 0.1395 0.3131 0.5010 0.4001 0.2287 0.1521 0.1460 0.3785 0.5092 0.3530 0.2052 0.1442 0.1611 0.4287 0.5029 0.3113 0.1859 0.1391 0.2004 0.4659 0.4739 0.2751 0.1703 0.1381 0.2712 0.4913 0.4281 0.2441 0.1579 0.1537
0.3445 0.1422 0.1600 0.2471 0.4305 0.4916 0.2661 0.1391 0.1726 0.2778 0.4763 0.4653 0.1968 0.1404 0.1885 0.3137 0.5046 0.4264 0.1604 0.1458 0.2080 0.3552 0.5104 0.3744 0.1463 0.1541 0.2316 0.4025 0.5016 0.3078 0.1402 0.1653 0.2605 0.4529 0.4805 0.2295 0.1393 0.1808 0.2975 0.4963 0.4421 0.1683 0.1440 0.2024 0.3459 0.5106 0.3765 0.1461 0.1544 0.2299 0.3251 0.2303 0.1544 0.1462 0.3756 0.5106 0.3476 0.2026 0.1440 0.1682 0.4420 0.4963 0.2975 0.1808 0.1393 0.2295 0.4805 0.4529 0.2605 0.1653 0.1402 0.3078 0.5016 0.4025 0.2316 0.1541 0.1463 0.3744 0.5104 0.3552 0.2080 0.1458 0.1604 0.4264 0.5046 0.3137 0.1885 0.1404 0.1968 0.4653 0.4763 0.2778 0.1726 0.1391 0.2661 0.4916 0.4305 0.2471 0.1600 0.1422 0.3445
0.5078 0.3466 0.1431 0.1588 0.2436 0.4242 0.4945 0.2758 0.1394 0.1711 0.2737 0.4711 0.4695 0.2044 0.1402 0.1865 0.3089 0.5026 0.4321 0.1634 0.1451 0.2055 0.3496 0.5109 0.3819 0.1477 0.1531 0.2287 0.3964 0.5036 0.3165 0.1408 0.1641 0.2573 0.4480 0.4832 0.2363 0.1393 0.1798 0.2951 0.4949 0.4441 0.1697 0.1439 0.2025 0.3463 0.5109 0.3743 0.1459 0.1520 0.1894 0.1521 0.1460 0.3765 0.5107 0.3474 0.2029 0.1440 0.1680 0.4437 0.4949 0.2951 0.1798 0.1393 0.2363 0.4832 0.4480 0.2573 0.1641 0.1408 0.3165 0.5036 0.3964 0.2287 0.1531 0.1477 0.3819 0.5109 0.3496 0.2055 0.1451 0.1634 0.4321 0.5026 0.3089 0.1865 0.1402 0.2044 0.4695 0.4711 0.2737 0.1711 0.1394 0.2758 0.4945 0.4242 0.2436 0.1588 0.1431 0.3466 0.5078
0.3633 0.5096 0.3572 0.1442 0.1571 0.2392 0.4161 0.4976 0.2881 0.1397 0.1689 0.2685 0.4640 0.4744 0.2150 0.1398 0.1838 0.3027 0.4992 0.4391 0.1676 0.1441 0.2022 0.3425 0.5108 0.3909 0.1495 0.1517 0.2248 0.3889 0.5056 0.3270 0.1415 0.1625 0.2533 0.4419 0.4862 0.2445 0.1393 0.1784 0.2921 0.4928 0.4466 0.1703 0.1438 0.2025 0.3460 0.5109 0.3776 0.1463 0.1389 0.1467 0.3752 0.5110 0.3444 0.2015 0.1439 0.1710 0.4454 0.4930 0.2921 0.1784 0.1393 0.2445 0.4862 0.4419 0.2533 0.1625 0.1415 0.3270 0.5056 0.3889 0.2248 0.1517 0.1495 0.3909 0.5108 0.3425 0.2022 0.1441 0.1676 0.4391 0.4992 0.3027 0.1838 0.1398 0.2150 0.4744 0.4640 0.2685 0.1689 0.1397 0.2881 0.4976 0.4161 0.2392 0.1571 0.1442 0.3572 0.5096 0.3633
0.2145 0.3604 0.5104 0.3678 0.1456 0.1554 0.2346 0.4076 0.5004 0.3008 0.1402 0.1666 0.2631 0.4562 0.4793 0.2269 0.1395 0.1810 0.2964 0.4948 0.4461 0.1730 0.1431 0.1988 0.3354 0.5103 0.3999 0.1515 0.1503 0.2209 0.3813 0.5072 0.3371 0.1422 0.1609 0.2496 0.4360 0.4888 0.2522 0.1393 0.1771 0.2896 0.4910 0.4489 0.1742 0.1437 0.2021 0.3485 0.5106 0.3844 0.1899 0.3864 0.5105 0.3500 0.2035 0.1437 0.1736 0.4500 0.4925 0.2898 0.1771 0.1393 0.2522 0.4888 0.4360 0.2496 0.1609 0.1422 0.3371 0.5072 0.3813 0.2209 0.1503 0.1515 0.3999 0.5103 0.3354 0.1988 0.1431 0.1730 0.4461 0.4948 0.2964 0.1810 0.1395 0.2269 0.4793 0.4562 0.2631 0.1666 0.1402 0.3008 0.5004 0.4076 0.2346 0.1554 0.1456 0.3678 0.5104 0.3604 0.2145
