0.4393 0.4777 0.2148 0.1519 0.1979 0.3268 0.5081 0.3932 0.1590 0.1637 0.2412 0.4179 0.4922 0.2573 0.1509 0.1876 0.3029 0.4995 0.4254 0.1669 0.1587 0.2257 0.3871 0.5028 0.3042 0.1515 0.1786 0.2812 0.4806 0.4523 0.1809 0.1548 0.2119 0.3579 0.5085 0.3484 0.1538 0.1710 0.2615 0.4535 0.4738 0.2078 0.1522 0.1998 0.3311 0.5087 0.3876 0.1582 0.1638 0.2344 0.3296 0.2344 0.1638 0.1582 0.3876 0.5087 0.3311 0.1998 0.1522 0.2078 0.4738 0.4535 0.2615 0.1710 0.1538 0.3484 0.5085 0.3579 0.2119 0.1548 0.1809 0.4523 0.4806 0.2812 0.1786 0.1515 0.3042 0.5028 0.3871 0.2257 0.1587 0.1669 0.4254 0.4995 0.3029 0.1876 0.1509 0.2573 0.4922 0.4179 0.2412 0.1637 0.1590 0.3932 0.5081 0.3268 0.1979 0.1519 0.2148 0.4777 0.4393
0.4777 0.2105 0.1404 0.1902 0.3233 0.5097 0.3976 0.1490 0.1537 0.2346 0.4163 0.4944 0.2618 0.1393 0.1790 0.2982 0.5005 0.4294 0.1584 0.1481 0.2185 0.3846 0.5048 0.3099 0.1400 0.1696 0.2758 0.4809 0.4557 0.1755 0.1437 0.2043 0.3547 0.5103 0.3538 0.1428 0.1615 0.2556 0.4529 0.4765 0.2082 0.1406 0.1917 0.3272 0.5103 0.3922 0.1479 0.1544 0.2354 0.4070 0.5081 0.4070 0.2354 0.1544 0.1479 0.3922 0.5103 0.3272 0.1917 0.1406 0.2082 0.4765 0.4529 0.2556 0.1615 0.1428 0.3538 0.5103 0.3547 0.2043 0.1437 0.1755 0.4557 0.4809 0.2758 0.1696 0.1400 0.3099 0.5048 0.3846 0.2185 0.1481 0.1584 0.4294 0.5005 0.2982 0.1790 0.1393 0.2618 0.4944 0.4163 0.2346 0.1537 0.1490 0.3976 0.5097 0.3233 0.1902 0.1404 0.2105 0.4777
0.2148 0.1404 0.1891 0.3191 0.5085 0.4054 0.1509 0.1522 0.2303 0.4077 0.4975 0.2748 0.1393 0.1763 0.2919 0.4961 0.4370 0.1620 0.1468 0.2145 0.3762 0.5066 0.3223 0.1406 0.1673 0.2701 0.4738 0.4618 0.1826 0.1427 0.2007 0.3470 0.5108 0.3648 0.1439 0.1595 0.2504 0.4444 0.4812 0.2198 0.1401 0.1886 0.3201 0.5090 0.4015 0.1498 0.1530 0.2323 0.4094 0.4989 0.4038 0.4989 0.4094 0.2323 0.1530 0.1498 0.4015 0.5090 0.3201 0.1886 0.1401 0.2198 0.4812 0.4444 0.2504 0.1595 0.1439 0.3648 0.5108 0.3470 0.2007 0.1427 0.1826 0.4618 0.4738 0.2701 0.1673 0.1406 0.3223 0.5066 0.3762 0.2145 0.1468 0.1620 0.4370 0.4961 0.2919 0.1763 0.1393 0.2748 0.4975 0.4077 0.2303 0.1522 0.1509 0.4054 0.5085 0.3191 0.1891 0.1404 0.2148
0.1519 0.1902 0.3191 0.5080 0.4099 0.1524 0.1510 0.2265 0.4000 0.5003 0.2874 0.1394 0.1738 0.2859 0.4911 0.4442 0.1662 0.1456 0.2106 0.3681 0.5083 0.3343 0.1412 0.1651 0.2646 0.4663 0.4676 0.1910 0.1418 0.1973 0.3395 0.5110 0.3753 0.1452 0.1577 0.2454 0.4359 0.4856 0.2321 0.1397 0.1855 0.3133 0.5072 0.4104 0.1520 0.1514 0.2282 0.4033 0.4995 0.3029 0.1492 0.3029 0.4995 0.4033 0.2282 0.1514 0.1520 0.4104 0.5072 0.3133 0.1855 0.1397 0.2321 0.4856 0.4359 0.2454 0.1577 0.1452 0.3753 0.5110 0.3395 0.1973 0.1418 0.1910 0.4676 0.4663 0.2646 0.1651 0.1412 0.3343 0.5083 0.3681 0.2106 0.1456 0.1662 0.4442 0.4911 0.2859 0.1738 0.1394 0.2874 0.5003 0.4000 0.2265 0.1510 0.1524 0.4099 0.5080 0.3191 0.1902 0.1519
0.1979 0.3233 0.5085 0.4099 0.1530 0.1503 0.2239 0.3938 0.5024 0.2986 0.1397 0.1715 0.2802 0.4854 0.4509 0.1713 0.1445 0.2069 0.3601 0.5095 0.3460 0.1421 0.1629 0.2592 0.4584 0.4729 0.2007 0.1410 0.1940 0.3321 0.5107 0.3854 0.1467 0.1559 0.2406 0.4273 0.4896 0.2449 0.1394 0.1826 0.3066 0.5047 0.4189 0.1545 0.1499 0.2239 0.3953 0.5017 0.2978 0.1390 0.1465 0.1390 0.2978 0.5017 0.3953 0.2239 0.1499 0.1545 0.4189 0.5047 0.3066 0.1826 0.1394 0.2449 0.4896 0.4273 0.2406 0.1559 0.1467 0.3854 0.5107 0.3321 0.1940 0.1410 0.2007 0.4729 0.4584 0.2592 0.1629 0.1421 0.3460 0.5095 0.3601 0.2069 0.1445 0.1713 0.4509 0.4854 0.2802 0.1715 0.1397 0.2986 0.5024 0.3938 0.2239 0.1503 0.1530 0.4099 0.5085 0.3233 0.1979
0.3268 0.5097 0.4054 0.1524 0.1503 0.2230 0.3902 0.5038 0.3074 0.1400 0.1695 0.2751 0.4795 0.4570 0.1772 0.1434 0.2033 0.3524 0.5104 0.3572 0.1431 0.1609 0.2540 0.4503 0.4779 0.2116 0.1404 0.1907 0.3250 0.5099 0.3950 0.1484 0.1541 0.2359 0.4187 0.4933 0.2580 0.1393 0.1798 0.3001 0.5015 0.4270 0.1574 0.1485 0.2198 0.3870 0.5040 0.3072 0.1398 0.1646 0.2143 0.1646 0.1398 0.3072 0.5040 0.3870 0.2198 0.1485 0.1574 0.4270 0.5015 0.3001 0.1798 0.1393 0.2580 0.4933 0.4187 0.2359 0.1541 0.1484 0.3950 0.5099 0.3250 0.1907 0.1404 0.2116 0.4779 0.4503 0.2540 0.1609 0.1431 0.3572 0.5104 0.3524 0.2033 0.1434 0.1772 0.4570 0.4795 0.2751 0.1695 0.1400 0.3074 0.5038 0.3902 0.2230 0.1503 0.1524 0.4054 0.5097 0.3268
0.5081 0.3976 0.1509 0.1510 0.2239 0.3902 0.5043 0.3122 0.1403 0.1680 0.2709 0.4739 0.4623 0.1837 0.1425 0.1999 0.3451 0.5109 0.3678 0.1442 0.1590 0.2489 0.4419 0.4826 0.2234 0.1399 0.1876 0.3180 0.5085 0.4042 0.1504 0.1525 0.2314 0.4101 0.4966 0.2711 0.1393 0.1771 0.2938 0.4975 0.4347 0.1608 0.1472 0.2157 0.3787 0.5061 0.3189 0.1404 0.1669 0.2613 0.3765 0.2613 0.1669 0.1404 0.3189 0.5061 0.3787 0.2157 0.1472 0.1608 0.4347 0.4975 0.2938 0.1771 0.1393 0.2711 0.4966 0.4101 0.2314 0.1525 0.1504 0.4042 0.5085 0.3180 0.1876 0.1399 0.2234 0.4826 0.4419 0.2489 0.1590 0.1442 0.3678 0.5109 0.3451 0.1999 0.1425 0.1837 0.4623 0.4739 0.2709 0.1680 0.1403 0.3122 0.5043 0.3902 0.2239 0.1510 0.1509 0.3976 0.5081
0.3932 0.1490 0.1522 0.2265 0.3938 0.5038 0.3122 0.1404 0.1672 0.2681 0.4693 0.4664 0.1903 0.1418 0.1970 0.3383 0.5109 0.3777 0.1456 0.1572 0.2441 0.4334 0.4868 0.2359 0.1396 0.1847 0.3112 0.5065 0.4130 0.1527 0.1510 0.2270 0.4015 0.4996 0.2842 0.1394 0.1745 0.2876 0.4927 0.4421 0.1649 0.1460 0.2118 0.3705 0.5078 0.3308 0.1410 0.1655 0.2641 0.4555 0.5052 0.4555 0.2641 0.1655 0.1410 0.3308 0.5078 0.3705 0.2118 0.1460 0.1649 0.4421 0.4927 0.2876 0.1745 0.1394 0.2842 0.4996 0.4015 0.2270 0.1510 0.1527 0.4130 0.5065 0.3112 0.1847 0.1396 0.2359 0.4868 0.4334 0.2441 0.1572 0.1456 0.3777 0.5109 0.3383 0.1970 0.1418 0.1903 0.4664 0.4693 0.2681 0.1672 0.1404 0.3122 0.5038 0.3938 0.2265 0.1522 0.1490 0.3932
0.1590 0.1537 0.2303 0.4000 0.5024 0.3074 0.1403 0.1672 0.2671 0.4668 0.4690 0.1958 0.1413 0.1945 0.3323 0.5107 0.3867 0.1470 0.1555 0.2394 0.4250 0.4907 0.2486 0.1394 0.1818 0.3046 0.5038 0.4214 0.1553 0.1495 0.2227 0.3930 0.5023 0.2972 0.1396 0.1720 0.2816 0.4870 0.4490 0.1697 0.1448 0.2080 0.3625 0.5092 0.3425 0.1418 0.1635 0.2603 0.4579 0.4781 0.3473 0.4781 0.4579 0.2603 0.1635 0.1418 0.3425 0.5092 0.3625 0.2080 0.1448 0.1697 0.4490 0.4870 0.2816 0.1720 0.1396 0.2972 0.5023 0.3930 0.2227 0.1495 0.1553 0.4214 0.5038 0.3046 0.1818 0.1394 0.2486 0.4907 0.4250 0.2394 0.1555 0.1470 0.3867 0.5107 0.3323 0.1945 0.1413 0.1958 0.4690 0.4668 0.2671 0.1672 0.1403 0.3074 0.5024 0.4000 0.2303 0.1537 0.1590
0.1637 0.2346 0.4077 0.5003 0.2986 0.1400 0.1680 0.2681 0.4668 0.4699 0.1990 0.1410 0.1926 0.3276 0.5101 0.3943 0.1485 0.1540 0.2352 0.4169 0.4941 0.2613 0.1393 0.1790 0.2983 0.5004 0.4294 0.1584 0.1481 0.2185 0.3845 0.5047 0.3099 0.1400 0.1696 0.2758 0.4807 0.4556 0.1756 0.1437 0.2043 0.3546 0.5102 0.3539 0.1428 0.1615 0.2554 0.4520 0.4779 0.2287 0.1393 0.2287 0.4779 0.4520 0.2554 0.1615 0.1428 0.3539 0.5102 0.3546 0.2043 0.1437 0.1756 0.4556 0.4807 0.2758 0.1696 0.1400 0.3099 0.5047 0.3845 0.2185 0.1481 0.1584 0.4294 0.5004 0.2983 0.1790 0.1393 0.2613 0.4941 0.4169 0.2352 0.1540 0.1485 0.3943 0.5101 0.3276 0.1926 0.1410 0.1990 0.4699 0.4668 0.2681 0.1680 0.1400 0.2986 0.5003 0.4077 0.2346 0.1637
0.2412 0.4163 0.4975 0.2874 0.1397 0.1695 0.2709 0.4693 0.4690 0.1990 0.1409 0.1916 0.3246 0.5095 0.4002 0.1499 0.1527 0.2315 0.4094 0.4971 0.2736 0.1393 0.1765 0.2921 0.4962 0.4369 0.1620 0.1468 0.2145 0.3762 0.5066 0.3223 0.1406 0.1673 0.2701 0.4738 0.4618 0.1826 0.1427 0.2007 0.3470 0.5108 0.3648 0.1439 0.1595 0.2504 0.4442 0.4816 0.2240 0.1382 0.1555 0.1382 0.2240 0.4816 0.4442 0.2504 0.1595 0.1439 0.3648 0.5108 0.3470 0.2007 0.1427 0.1826 0.4618 0.4738 0.2701 0.1673 0.1406 0.3223 0.5066 0.3762 0.2145 0.1468 0.1620 0.4369 0.4962 0.2921 0.1765 0.1393 0.2736 0.4971 0.4094 0.2315 0.1527 0.1499 0.4002 0.5095 0.3246 0.1916 0.1409 0.1990 0.4690 0.4693 0.2709 0.1695 0.1397 0.2874 0.4975 0.4163 0.2412
0.4179 0.4944 0.2748 0.1394 0.1715 0.2751 0.4739 0.4664 0.1958 0.1410 0.1916 0.3235 0.5091 0.4040 0.1510 0.1518 0.2284 0.4029 0.4995 0.2848 0.1394 0.1741 0.2864 0.4914 0.4439 0.1661 0.1456 0.2107 0.3682 0.5083 0.3343 0.1412 0.1651 0.2646 0.4663 0.4676 0.1910 0.1418 0.1973 0.3395 0.5110 0.3753 0.1452 0.1577 0.2454 0.4359 0.4857 0.2333 0.1393 0.1788 0.2400 0.1788 0.1393 0.2333 0.4857 0.4359 0.2454 0.1577 0.1452 0.3753 0.5110 0.3395 0.1973 0.1418 0.1910 0.4676 0.4663 0.2646 0.1651 0.1412 0.3343 0.5083 0.3682 0.2107 0.1456 0.1661 0.4439 0.4914 0.2864 0.1741 0.1394 0.2848 0.4995 0.4029 0.2284 0.1518 0.1510 0.4040 0.5091 0.3235 0.1916 0.1410 0.1958 0.4664 0.4739 0.2751 0.1715 0.1394 0.2748 0.4944 0.4179
0.4922 0.2618 0.1393 0.1738 0.2802 0.4795 0.4623 0.1903 0.1413 0.1926 0.3246 0.5091 0.4053 0.1516 0.1512 0.2262 0.3978 0.5014 0.2944 0.1396 0.1720 0.2811 0.4862 0.4503 0.1709 0.1445 0.2070 0.3603 0.5095 0.3459 0.1421 0.1629 0.2592 0.4584 0.4729 0.2007 0.1410 0.1940 0.3321 0.5107 0.3854 0.1467 0.1559 0.2406 0.4273 0.4896 0.2452 0.1393 0.1813 0.2952 0.4260 0.2952 0.1813 0.1393 0.2452 0.4896 0.4273 0.2406 0.1559 0.1467 0.3854 0.5107 0.3321 0.1940 0.1410 0.2007 0.4729 0.4584 0.2592 0.1629 0.1421 0.3459 0.5095 0.3603 0.2070 0.1445 0.1709 0.4503 0.4862 0.2811 0.1720 0.1396 0.2944 0.5014 0.3978 0.2262 0.1512 0.1516 0.4053 0.5091 0.3246 0.1926 0.1413 0.1903 0.4623 0.4795 0.2802 0.1738 0.1393 0.2618 0.4922
0.2573 0.1393 0.1763 0.2859 0.4854 0.4570 0.1837 0.1418 0.1945 0.3276 0.5095 0.4040 0.1516 0.1510 0.2250 0.3945 0.5026 0.3018 0.1399 0.1703 0.2766 0.4809 0.4560 0.1764 0.1435 0.2035 0.3528 0.5104 0.3569 0.1431 0.1609 0.2540 0.4503 0.4779 0.2116 0.1404 0.1907 0.3250 0.5099 0.3950 0.1484 0.1541 0.2359 0.4187 0.4933 0.2581 0.1393 0.1795 0.2978 0.4936 0.4910 0.4936 0.2978 0.1795 0.1393 0.2581 0.4933 0.4187 0.2359 0.1541 0.1484 0.3950 0.5099 0.3250 0.1907 0.1404 0.2116 0.4779 0.4503 0.2540 0.1609 0.1431 0.3569 0.5104 0.3528 0.2035 0.1435 0.1764 0.4560 0.4809 0.2766 0.1703 0.1399 0.3018 0.5026 0.3945 0.2250 0.1510 0.1516 0.4040 0.5095 0.3276 0.1945 0.1418 0.1837 0.4570 0.4854 0.2859 0.1763 0.1393 0.2573
0.1509 0.1790 0.2919 0.4911 0.4509 0.1772 0.1425 0.1970 0.3323 0.5101 0.4002 0.1510 0.1512 0.2250 0.3934 0.5033 0.3065 0.1401 0.1689 0.2729 0.4761 0.4607 0.1821 0.1426 0.2004 0.3458 0.5109 0.3672 0.1442 0.1590 0.2490 0.4420 0.4825 0.2234 0.1399 0.1876 0.3180 0.5085 0.4042 0.1504 0.1525 0.2314 0.4101 0.4967 0.2712 0.1393 0.1770 0.2932 0.4956 0.4461 0.2774 0.4461 0.4956 0.2932 0.1770 0.1393 0.2712 0.4967 0.4101 0.2314 0.1525 0.1504 0.4042 0.5085 0.3180 0.1876 0.1399 0.2234 0.4825 0.4420 0.2490 0.1590 0.1442 0.3672 0.5109 0.3458 0.2004 0.1426 0.1821 0.4607 0.4761 0.2729 0.1689 0.1401 0.3065 0.5033 0.3934 0.2250 0.1512 0.1510 0.4002 0.5101 0.3323 0.1970 0.1425 0.1772 0.4509 0.4911 0.2919 0.1790 0.1509
0.1876 0.2982 0.4961 0.4442 0.1713 0.1434 0.1999 0.3383 0.5107 0.3943 0.1499 0.1518 0.2262 0.3945 0.5033 0.3081 0.1402 0.1681 0.2703 0.4721 0.4644 0.1877 0.1420 0.1976 0.3395 0.5110 0.3767 0.1454 0.1573 0.2443 0.4337 0.4867 0.2357 0.1396 0.1847 0.3112 0.5065 0.4130 0.1527 0.1510 0.2270 0.4015 0.4996 0.2843 0.1394 0.1745 0.2875 0.4921 0.4445 0.1731 0.1364 0.1731 0.4445 0.4921 0.2875 0.1745 0.1394 0.2843 0.4996 0.4015 0.2270 0.1510 0.1527 0.4130 0.5065 0.3112 0.1847 0.1396 0.2357 0.4867 0.4337 0.2443 0.1573 0.1454 0.3767 0.5110 0.3395 0.1976 0.1420 0.1877 0.4644 0.4721 0.2703 0.1681 0.1402 0.3081 0.5033 0.3945 0.2262 0.1518 0.1499 0.3943 0.5107 0.3383 0.1999 0.1434 0.1713 0.4442 0.4961 0.2982 0.1876
0.3029 0.5005 0.4370 0.1662 0.1445 0.2033 0.3451 0.5109 0.3867 0.1485 0.1527 0.2284 0.3978 0.5026 0.3065 0.1402 0.1678 0.2690 0.4696 0.4670 0.1925 0.1415 0.1954 0.3340 0.5107 0.3851 0.1468 0.1557 0.2398 0.4256 0.4905 0.2482 0.1394 0.1818 0.3047 0.5038 0.4213 0.1553 0.1495 0.2227 0.3930 0.5023 0.2972 0.1396 0.1720 0.2815 0.4869 0.4496 0.1715 0.1416 0.1675 0.1416 0.1715 0.4496 0.4869 0.2815 0.1720 0.1396 0.2972 0.5023 0.3930 0.2227 0.1495 0.1553 0.4213 0.5038 0.3047 0.1818 0.1394 0.2482 0.4905 0.4256 0.2398 0.1557 0.1468 0.3851 0.5107 0.3340 0.1954 0.1415 0.1925 0.4670 0.4696 0.2690 0.1678 0.1402 0.3065 0.5026 0.3978 0.2284 0.1527 0.1485 0.3867 0.5109 0.3451 0.2033 0.1445 0.1662 0.4370 0.5005 0.3029
0.4995 0.4294 0.1620 0.1456 0.2069 0.3524 0.5109 0.3777 0.1470 0.1540 0.2315 0.4029 0.5014 0.3018 0.1401 0.1681 0.2690 0.4687 0.4683 0.1957 0.1412 0.1936 0.3297 0.5103 0.3922 0.1481 0.1543 0.2358 0.4178 0.4938 0.2605 0.1393 0.1792 0.2984 0.5005 0.4293 0.1584 0.1481 0.2185 0.3845 0.5047 0.3099 0.1400 0.1696 0.2758 0.4806 0.4558 0.1761 0.1431 0.1965 0.2708 0.1965 0.1431 0.1761 0.4558 0.4806 0.2758 0.1696 0.1400 0.3099 0.5047 0.3845 0.2185 0.1481 0.1584 0.4293 0.5005 0.2984 0.1792 0.1393 0.2605 0.4938 0.4178 0.2358 0.1543 0.1481 0.3922 0.5103 0.3297 0.1936 0.1412 0.1957 0.4683 0.4687 0.2690 0.1681 0.1401 0.3018 0.5014 0.4029 0.2315 0.1540 0.1470 0.3777 0.5109 0.3524 0.2069 0.1456 0.1620 0.4294 0.4995
0.4254 0.1584 0.1468 0.2106 0.3601 0.5104 0.3678 0.1456 0.1555 0.2352 0.4094 0.4995 0.2944 0.1399 0.1689 0.2703 0.4696 0.4683 0.1968 0.1410 0.1926 0.3267 0.5098 0.3977 0.1494 0.1531 0.2323 0.4108 0.4967 0.2722 0.1393 0.1767 0.2925 0.4964 0.4367 0.1619 0.1469 0.2146 0.3763 0.5066 0.3223 0.1406 0.1673 0.2701 0.4737 0.4619 0.1828 0.1425 0.1992 0.3345 0.4727 0.3345 0.1992 0.1425 0.1828 0.4619 0.4737 0.2701 0.1673 0.1406 0.3223 0.5066 0.3763 0.2146 0.1469 0.1619 0.4367 0.4964 0.2925 0.1767 0.1393 0.2722 0.4967 0.4108 0.2323 0.1531 0.1494 0.3977 0.5098 0.3267 0.1926 0.1410 0.1968 0.4683 0.4696 0.2703 0.1689 0.1399 0.2944 0.4995 0.4094 0.2352 0.1555 0.1456 0.3678 0.5104 0.3601 0.2106 0.1468 0.1584 0.4254
0.1669 0.1481 0.2145 0.3681 0.5095 0.3572 0.1442 0.1572 0.2394 0.4169 0.4971 0.2848 0.1396 0.1703 0.2729 0.4721 0.4670 0.1957 0.1410 0.1922 0.3251 0.5095 0.4015 0.1504 0.1522 0.2294 0.4047 0.4990 0.2827 0.1394 0.1744 0.2869 0.4918 0.4435 0.1659 0.1457 0.2108 0.3683 0.5082 0.3342 0.1413 0.1651 0.2646 0.4663 0.4676 0.1911 0.1418 0.1969 0.3368 0.5087 0.4665 0.5087 0.3368 0.1969 0.1418 0.1911 0.4676 0.4663 0.2646 0.1651 0.1413 0.3342 0.5082 0.3683 0.2108 0.1457 0.1659 0.4435 0.4918 0.2869 0.1744 0.1394 0.2827 0.4990 0.4047 0.2294 0.1522 0.1504 0.4015 0.5095 0.3251 0.1922 0.1410 0.1957 0.4670 0.4721 0.2729 0.1703 0.1396 0.2848 0.4971 0.4169 0.2394 0.1572 0.1442 0.3572 0.5095 0.3681 0.2145 0.1481 0.1669
0.1587 0.2185 0.3762 0.5083 0.3460 0.1431 0.1590 0.2441 0.4250 0.4941 0.2736 0.1394 0.1720 0.2766 0.4761 0.4644 0.1925 0.1412 0.1926 0.3251 0.5093 0.4035 0.1511 0.1515 0.2272 0.3998 0.5008 0.2918 0.1396 0.1724 0.2819 0.4868 0.4497 0.1706 0.1446 0.2072 0.3606 0.5095 0.3456 0.1421 0.1630 0.2592 0.4585 0.4729 0.2008 0.1410 0.1939 0.3315 0.5101 0.4017 0.2050 0.4017 0.5101 0.3315 0.1939 0.1410 0.2008 0.4729 0.4585 0.2592 0.1630 0.1421 0.3456 0.5095 0.3606 0.2072 0.1446 0.1706 0.4497 0.4868 0.2819 0.1724 0.1396 0.2918 0.5008 0.3998 0.2272 0.1515 0.1511 0.4035 0.5093 0.3251 0.1926 0.1412 0.1925 0.4644 0.4761 0.2766 0.1720 0.1394 0.2736 0.4941 0.4250 0.2441 0.1590 0.1431 0.3460 0.5083 0.3762 0.2185 0.1587
0.2257 0.3846 0.5066 0.3343 0.1421 0.1609 0.2489 0.4334 0.4907 0.2613 0.1393 0.1741 0.2811 0.4809 0.4607 0.1877 0.1415 0.1936 0.3267 0.5095 0.4035 0.1514 0.1512 0.2259 0.3964 0.5021 0.2990 0.1398 0.1707 0.2775 0.4819 0.4552 0.1757 0.1436 0.2038 0.3532 0.5104 0.3565 0.1430 0.1610 0.2541 0.4504 0.4779 0.2116 0.1404 0.1907 0.3248 0.5097 0.3983 0.1510 0.1378 0.1510 0.3983 0.5097 0.3248 0.1907 0.1404 0.2116 0.4779 0.4504 0.2541 0.1610 0.1430 0.3565 0.5104 0.3532 0.2038 0.1436 0.1757 0.4552 0.4819 0.2775 0.1707 0.1398 0.2990 0.5021 0.3964 0.2259 0.1512 0.1514 0.4035 0.5095 0.3267 0.1936 0.1415 0.1877 0.4607 0.4809 0.2811 0.1741 0.1393 0.2613 0.4907 0.4334 0.2489 0.1609 0.1421 0.3343 0.5066 0.3846 0.2257
0.3871 0.5048 0.3223 0.1412 0.1629 0.2540 0.4419 0.4868 0.2486 0.1393 0.1765 0.2864 0.4862 0.4560 0.1821 0.1420 0.1954 0.3297 0.5098 0.4015 0.1511 0.1512 0.2255 0.3947 0.5028 0.3040 0.1400 0.1694 0.2740 0.4773 0.4598 0.1811 0.1428 0.2007 0.3464 0.5108 0.3666 0.1441 0.1591 0.2492 0.4422 0.4824 0.2232 0.1399 0.1877 0.3180 0.5085 0.4050 0.1510 0.1484 0.1827 0.1484 0.1510 0.4050 0.5085 0.3180 0.1877 0.1399 0.2232 0.4824 0.4422 0.2492 0.1591 0.1441 0.3666 0.5108 0.3464 0.2007 0.1428 0.1811 0.4598 0.4773 0.2740 0.1694 0.1400 0.3040 0.5028 0.3947 0.2255 0.1512 0.1511 0.4015 0.5098 0.3297 0.1954 0.1420 0.1821 0.4560 0.4862 0.2864 0.1765 0.1393 0.2486 0.4868 0.4419 0.2540 0.1629 0.1412 0.3223 0.5048 0.3871
0.5028 0.3099 0.1406 0.1651 0.2592 0.4503 0.4826 0.2359 0.1394 0.1790 0.2921 0.4914 0.4503 0.1764 0.1426 0.1976 0.3340 0.5103 0.3977 0.1504 0.1515 0.2259 0.3947 0.5031 0.3066 0.1401 0.1685 0.2714 0.4734 0.4635 0.1864 0.1421 0.1981 0.3403 0.5110 0.3758 0.1453 0.1574 0.2445 0.4341 0.4866 0.2353 0.1396 0.1847 0.3114 0.5065 0.4131 0.1529 0.1502 0.2181 0.3072 0.2181 0.1502 0.1529 0.4131 0.5065 0.3114 0.1847 0.1396 0.2353 0.4866 0.4341 0.2445 0.1574 0.1453 0.3758 0.5110 0.3403 0.1981 0.1421 0.1864 0.4635 0.4734 0.2714 0.1685 0.1401 0.3066 0.5031 0.3947 0.2259 0.1515 0.1504 0.3977 0.5103 0.3340 0.1976 0.1426 0.1764 0.4503 0.4914 0.2921 0.1790 0.1394 0.2359 0.4826 0.4503 0.2592 0.1651 0.1406 0.3099 0.5028
0.3042 0.1400 0.1673 0.2646 0.4584 0.4779 0.2234 0.1396 0.1818 0.2983 0.4962 0.4439 0.1709 0.1435 0.2004 0.3395 0.5107 0.3922 0.1494 0.1522 0.2272 0.3964 0.5028 0.3066 0.1402 0.1680 0.2697 0.4706 0.4661 0.1911 0.1416 0.1958 0.3350 0.5108 0.3840 0.1466 0.1558 0.2402 0.4261 0.4903 0.2476 0.1394 0.1819 0.3049 0.5039 0.4212 0.1554 0.1493 0.2210 0.3794 0.5021 0.3794 0.2210 0.1493 0.1554 0.4212 0.5039 0.3049 0.1819 0.1394 0.2476 0.4903 0.4261 0.2402 0.1558 0.1466 0.3840 0.5108 0.3350 0.1958 0.1416 0.1911 0.4661 0.4706 0.2697 0.1680 0.1402 0.3066 0.5028 0.3964 0.2272 0.1522 0.1494 0.3922 0.5107 0.3395 0.2004 0.1435 0.1709 0.4439 0.4962 0.2983 0.1818 0.1396 0.2234 0.4779 0.4584 0.2646 0.1673 0.1400 0.3042
0.1515 0.1696 0.2701 0.4663 0.4729 0.2116 0.1399 0.1847 0.3046 0.5004 0.4369 0.1661 0.1445 0.2035 0.3458 0.5110 0.3851 0.1481 0.1531 0.2294 0.3998 0.5021 0.3040 0.1401 0.1680 0.2691 0.4692 0.4677 0.1946 0.1413 0.1941 0.3306 0.5104 0.3910 0.1479 0.1544 0.2363 0.4187 0.4936 0.2596 0.1393 0.1793 0.2987 0.5006 0.4290 0.1583 0.1481 0.2182 0.3817 0.5059 0.4304 0.5059 0.3817 0.2182 0.1481 0.1583 0.4290 0.5006 0.2987 0.1793 0.1393 0.2596 0.4936 0.4187 0.2363 0.1544 0.1479 0.3910 0.5104 0.3306 0.1941 0.1413 0.1946 0.4677 0.4692 0.2691 0.1680 0.1401 0.3040 0.5021 0.3998 0.2294 0.1531 0.1481 0.3851 0.5110 0.3458 0.2035 0.1445 0.1661 0.4369 0.5004 0.3046 0.1847 0.1399 0.2116 0.4729 0.4663 0.2701 0.1696 0.1515
0.1786 0.2758 0.4738 0.4676 0.2007 0.1404 0.1876 0.3112 0.5038 0.4294 0.1620 0.1456 0.2070 0.3528 0.5109 0.3767 0.1468 0.1543 0.2323 0.4047 0.5008 0.2990 0.1400 0.1685 0.2697 0.4692 0.4683 0.1964 0.1411 0.1929 0.3275 0.5100 0.3966 0.1491 0.1533 0.2328 0.4118 0.4963 0.2710 0.1393 0.1768 0.2928 0.4966 0.4363 0.1617 0.1469 0.2146 0.3758 0.5069 0.3427 0.1605 0.3427 0.5069 0.3758 0.2146 0.1469 0.1617 0.4363 0.4966 0.2928 0.1768 0.1393 0.2710 0.4963 0.4118 0.2328 0.1533 0.1491 0.3966 0.5100 0.3275 0.1929 0.1411 0.1964 0.4683 0.4692 0.2697 0.1685 0.1400 0.2990 0.5008 0.4047 0.2323 0.1543 0.1468 0.3767 0.5109 0.3528 0.2070 0.1456 0.1620 0.4294 0.5038 0.3112 0.1876 0.1404 0.2007 0.4676 0.4738 0.2758 0.1786
0.2812 0.4809 0.4618 0.1910 0.1410 0.1907 0.3180 0.5065 0.4214 0.1584 0.1468 0.2107 0.3603 0.5104 0.3672 0.1454 0.1557 0.2358 0.4108 0.4990 0.2918 0.1398 0.1694 0.2714 0.4706 0.4677 0.1964 0.1410 0.1923 0.3255 0.5096 0.4006 0.1502 0.1523 0.2299 0.4057 0.4987 0.2814 0.1394 0.1746 0.2873 0.4921 0.4431 0.1657 0.1457 0.2109 0.3684 0.5083 0.3378 0.1415 0.1426 0.1415 0.3378 0.5083 0.3684 0.2109 0.1457 0.1657 0.4431 0.4921 0.2873 0.1746 0.1394 0.2814 0.4987 0.4057 0.2299 0.1523 0.1502 0.4006 0.5096 0.3255 0.1923 0.1410 0.1964 0.4677 0.4706 0.2714 0.1694 0.1398 0.2918 0.4990 0.4108 0.2358 0.1557 0.1454 0.3672 0.5104 0.3603 0.2107 0.1468 0.1584 0.4214 0.5065 0.3180 0.1907 0.1410 0.1910 0.4618 0.4809 0.2812
0.4806 0.4557 0.1826 0.1418 0.1940 0.3250 0.5085 0.4130 0.1553 0.1481 0.2145 0.3682 0.5095 0.3569 0.1442 0.1573 0.2398 0.4178 0.4967 0.2827 0.1396 0.1707 0.2740 0.4734 0.4661 0.1946 0.1411 0.1923 0.3249 0.5093 0.4031 0.1509 0.1517 0.2277 0.4007 0.5005 0.2905 0.1395 0.1726 0.2824 0.4873 0.4493 0.1702 0.1446 0.2073 0.3609 0.5095 0.3461 0.1421 0.1580 0.2018 0.1580 0.1421 0.3461 0.5095 0.3609 0.2073 0.1446 0.1702 0.4493 0.4873 0.2824 0.1726 0.1395 0.2905 0.5005 0.4007 0.2277 0.1517 0.1509 0.4031 0.5093 0.3249 0.1923 0.1411 0.1946 0.4661 0.4734 0.2740 0.1707 0.1396 0.2827 0.4967 0.4178 0.2398 0.1573 0.1442 0.3569 0.5095 0.3682 0.2145 0.1481 0.1553 0.4130 0.5085 0.3250 0.1940 0.1418 0.1826 0.4557 0.4806
0.4523 0.1755 0.1427 0.1973 0.3321 0.5099 0.4042 0.1527 0.1495 0.2185 0.3762 0.5083 0.3459 0.1431 0.1590 0.2443 0.4256 0.4938 0.2722 0.1394 0.1724 0.2775 0.4773 0.4635 0.1911 0.1413 0.1929 0.3255 0.5093 0.4039 0.1513 0.1512 0.2262 0.3971 0.5018 0.2979 0.1397 0.1709 0.2781 0.4825 0.4546 0.1752 0.1437 0.2040 0.3537 0.5103 0.3562 0.1430 0.1601 0.2445 0.3501 0.2445 0.1601 0.1430 0.3562 0.5103 0.3537 0.2040 0.1437 0.1752 0.4546 0.4825 0.2781 0.1709 0.1397 0.2979 0.5018 0.3971 0.2262 0.1512 0.1513 0.4039 0.5093 0.3255 0.1929 0.1413 0.1911 0.4635 0.4773 0.2775 0.1724 0.1394 0.2722 0.4938 0.4256 0.2443 0.1590 0.1431 0.3459 0.5083 0.3762 0.2185 0.1495 0.1527 0.4042 0.5099 0.3321 0.1973 0.1427 0.1755 0.4523
0.1809 0.1437 0.2007 0.3395 0.5107 0.3950 0.1504 0.1510 0.2227 0.3845 0.5066 0.3343 0.1421 0.1609 0.2490 0.4337 0.4905 0.2605 0.1393 0.1744 0.2819 0.4819 0.4598 0.1864 0.1416 0.1941 0.3275 0.5096 0.4031 0.1513 0.1511 0.2254 0.3948 0.5027 0.3032 0.1399 0.1696 0.2745 0.4779 0.4592 0.1804 0.1428 0.2010 0.3470 0.5108 0.3661 0.1441 0.1590 0.2475 0.4287 0.5083 0.4287 0.2475 0.1590 0.1441 0.3661 0.5108 0.3470 0.2010 0.1428 0.1804 0.4592 0.4779 0.2745 0.1696 0.1399 0.3032 0.5027 0.3948 0.2254 0.1511 0.1513 0.4031 0.5096 0.3275 0.1941 0.1416 0.1864 0.4598 0.4819 0.2819 0.1744 0.1393 0.2605 0.4905 0.4337 0.2490 0.1609 0.1421 0.3343 0.5066 0.3845 0.2227 0.1510 0.1504 0.3950 0.5107 0.3395 0.2007 0.1437 0.1809
0.1548 0.2043 0.3470 0.5110 0.3854 0.1484 0.1525 0.2270 0.3930 0.5047 0.3223 0.1412 0.1629 0.2540 0.4420 0.4867 0.2482 0.1393 0.1767 0.2869 0.4868 0.4552 0.1811 0.1421 0.1958 0.3306 0.5100 0.4006 0.1509 0.1512 0.2254 0.3941 0.5031 0.3065 0.1401 0.1686 0.2716 0.4739 0.4630 0.1857 0.1422 0.1984 0.3410 0.5110 0.3751 0.1453 0.1574 0.2444 0.4315 0.4909 0.3805 0.4909 0.4315 0.2444 0.1574 0.1453 0.3751 0.5110 0.3410 0.1984 0.1422 0.1857 0.4630 0.4739 0.2716 0.1686 0.1401 0.3065 0.5031 0.3941 0.2254 0.1512 0.1509 0.4006 0.5100 0.3306 0.1958 0.1421 0.1811 0.4552 0.4868 0.2869 0.1767 0.1393 0.2482 0.4867 0.4420 0.2540 0.1629 0.1412 0.3223 0.5047 0.3930 0.2270 0.1525 0.1484 0.3854 0.5110 0.3470 0.2043 0.1548
0.2119 0.3547 0.5108 0.3753 0.1467 0.1541 0.2314 0.4015 0.5023 0.3099 0.1406 0.1651 0.2592 0.4503 0.4825 0.2357 0.1394 0.1792 0.2925 0.4918 0.4497 0.1757 0.1428 0.1981 0.3350 0.5104 0.3966 0.1502 0.1517 0.2262 0.3948 0.5031 0.3076 0.1402 0.1680 0.2698 0.4709 0.4659 0.1905 0.1417 0.1961 0.3356 0.5108 0.3831 0.1465 0.1559 0.2404 0.4259 0.4910 0.2693 0.1437 0.2693 0.4910 0.4259 0.2404 0.1559 0.1465 0.3831 0.5108 0.3356 0.1961 0.1417 0.1905 0.4659 0.4709 0.2698 0.1680 0.1402 0.3076 0.5031 0.3948 0.2262 0.1517 0.1502 0.3966 0.5104 0.3350 0.1981 0.1428 0.1757 0.4497 0.4918 0.2925 0.1792 0.1394 0.2357 0.4825 0.4503 0.2592 0.1651 0.1406 0.3099 0.5023 0.4015 0.2314 0.1541 0.1467 0.3753 0.5108 0.3547 0.2119
0.3579 0.5103 0.3648 0.1452 0.1559 0.2359 0.4101 0.4996 0.2972 0.1400 0.1673 0.2646 0.4584 0.4779 0.2234 0.1396 0.1818 0.2984 0.4964 0.4435 0.1706 0.1436 0.2007 0.3403 0.5108 0.3910 0.1491 0.1523 0.2277 0.3971 0.5027 0.3065 0.1402 0.1678 0.2688 0.4690 0.4677 0.1944 0.1413 0.1942 0.3311 0.5105 0.3901 0.1478 0.1546 0.2365 0.4190 0.4936 0.2631 0.1381 0.1503 0.1381 0.2631 0.4936 0.4190 0.2365 0.1546 0.1478 0.3901 0.5105 0.3311 0.1942 0.1413 0.1944 0.4677 0.4690 0.2688 0.1678 0.1402 0.3065 0.5027 0.3971 0.2277 0.1523 0.1491 0.3910 0.5108 0.3403 0.2007 0.1436 0.1706 0.4435 0.4964 0.2984 0.1818 0.1396 0.2234 0.4779 0.4584 0.2646 0.1673 0.1400 0.2972 0.4996 0.4101 0.2359 0.1559 0.1452 0.3648 0.5103 0.3579
0.5085 0.3538 0.1439 0.1577 0.2406 0.4187 0.4966 0.2842 0.1396 0.1696 0.2701 0.4663 0.4729 0.2116 0.1399 0.1847 0.3047 0.5005 0.4367 0.1659 0.1446 0.2038 0.3464 0.5110 0.3840 0.1479 0.1533 0.2299 0.4007 0.5018 0.3032 0.1401 0.1680 0.2688 0.4684 0.4686 0.1968 0.1410 0.1929 0.3276 0.5100 0.3960 0.1490 0.1534 0.2331 0.4123 0.4962 0.2711 0.1391 0.1709 0.2258 0.1709 0.1391 0.2711 0.4962 0.4123 0.2331 0.1534 0.1490 0.3960 0.5100 0.3276 0.1929 0.1410 0.1968 0.4686 0.4684 0.2688 0.1680 0.1401 0.3032 0.5018 0.4007 0.2299 0.1533 0.1479 0.3840 0.5110 0.3464 0.2038 0.1446 0.1659 0.4367 0.5005 0.3047 0.1847 0.1399 0.2116 0.4729 0.4663 0.2701 0.1696 0.1396 0.2842 0.4966 0.4187 0.2406 0.1577 0.1439 0.3538 0.5085
0.3484 0.1428 0.1595 0.2454 0.4273 0.4933 0.2711 0.1394 0.1720 0.2758 0.4738 0.4676 0.2007 0.1404 0.1876 0.3112 0.5038 0.4293 0.1619 0.1457 0.2072 0.3532 0.5108 0.3758 0.1466 0.1544 0.2328 0.4057 0.5005 0.2979 0.1399 0.1686 0.2698 0.4690 0.4686 0.1976 0.1409 0.1921 0.3253 0.5095 0.4005 0.1501 0.1524 0.2302 0.4062 0.4985 0.2808 0.1393 0.1737 0.2771 0.4002 0.2771 0.1737 0.1393 0.2808 0.4985 0.4062 0.2302 0.1524 0.1501 0.4005 0.5095 0.3253 0.1921 0.1409 0.1976 0.4686 0.4690 0.2698 0.1686 0.1399 0.2979 0.5005 0.4057 0.2328 0.1544 0.1466 0.3758 0.5108 0.3532 0.2072 0.1457 0.1619 0.4293 0.5038 0.3112 0.1876 0.1404 0.2007 0.4676 0.4738 0.2758 0.1720 0.1394 0.2711 0.4933 0.4273 0.2454 0.1595 0.1428 0.3484
0.1538 0.1615 0.2504 0.4359 0.4896 0.2580 0.1393 0.1745 0.2816 0.4807 0.4618 0.1910 0.1410 0.1907 0.3180 0.5065 0.4213 0.1584 0.1469 0.2108 0.3606 0.5104 0.3666 0.1453 0.1558 0.2363 0.4118 0.4987 0.2905 0.1397 0.1696 0.2716 0.4709 0.4677 0.1968 0.1409 0.1918 0.3241 0.5092 0.4035 0.1510 0.1517 0.2277 0.4010 0.5004 0.2897 0.1395 0.1725 0.2808 0.4770 0.4995 0.4770 0.2808 0.1725 0.1395 0.2897 0.5004 0.4010 0.2277 0.1517 0.1510 0.4035 0.5092 0.3241 0.1918 0.1409 0.1968 0.4677 0.4709 0.2716 0.1696 0.1397 0.2905 0.4987 0.4118 0.2363 0.1558 0.1453 0.3666 0.5104 0.3606 0.2108 0.1469 0.1584 0.4213 0.5065 0.3180 0.1907 0.1410 0.1910 0.4618 0.4807 0.2816 0.1745 0.1393 0.2580 0.4896 0.4359 0.2504 0.1615 0.1538
0.1710 0.2556 0.4444 0.4856 0.2449 0.1393 0.1771 0.2876 0.4870 0.4556 0.1826 0.1418 0.1940 0.3250 0.5085 0.4130 0.1553 0.1481 0.2146 0.3683 0.5095 0.3565 0.1441 0.1574 0.2402 0.4187 0.4963 0.2814 0.1395 0.1709 0.2745 0.4739 0.4659 0.1944 0.1410 0.1921 0.3241 0.5091 0.4050 0.1516 0.1511 0.2260 0.3969 0.5018 0.2974 0.1397 0.1710 0.2780 0.4806 0.4628 0.3125 0.4628 0.4806 0.2780 0.1710 0.1397 0.2974 0.5018 0.3969 0.2260 0.1511 0.1516 0.4050 0.5091 0.3241 0.1921 0.1410 0.1944 0.4659 0.4739 0.2745 0.1709 0.1395 0.2814 0.4963 0.4187 0.2402 0.1574 0.1441 0.3565 0.5095 0.3683 0.2146 0.1481 0.1553 0.4130 0.5085 0.3250 0.1940 0.1418 0.1826 0.4556 0.4870 0.2876 0.1771 0.1393 0.2449 0.4856 0.4444 0.2556 0.1710
0.2615 0.4529 0.4812 0.2321 0.1394 0.1798 0.2938 0.4927 0.4490 0.1756 0.1427 0.1973 0.3321 0.5099 0.4042 0.1527 0.1495 0.2185 0.3763 0.5082 0.3456 0.1430 0.1591 0.2445 0.4261 0.4936 0.2710 0.1394 0.1726 0.2781 0.4779 0.4630 0.1905 0.1413 0.1929 0.3253 0.5092 0.4050 0.1517 0.1509 0.2249 0.3941 0.5028 0.3036 0.1399 0.1696 0.2747 0.4778 0.4606 0.1934 0.1371 0.1934 0.4606 0.4778 0.2747 0.1696 0.1399 0.3036 0.5028 0.3941 0.2249 0.1509 0.1517 0.4050 0.5092 0.3253 0.1929 0.1413 0.1905 0.4630 0.4779 0.2781 0.1726 0.1394 0.2710 0.4936 0.4261 0.2445 0.1591 0.1430 0.3456 0.5082 0.3763 0.2185 0.1495 0.1527 0.4042 0.5099 0.3321 0.1973 0.1427 0.1756 0.4490 0.4927 0.2938 0.1798 0.1394 0.2321 0.4812 0.4529 0.2615
0.4535 0.4765 0.2198 0.1397 0.1826 0.3001 0.4975 0.4421 0.1697 0.1437 0.2007 0.3395 0.5107 0.3950 0.1504 0.1510 0.2227 0.3845 0.5066 0.3342 0.1421 0.1610 0.2492 0.4341 0.4903 0.2596 0.1393 0.1746 0.2824 0.4825 0.4592 0.1857 0.1417 0.1942 0.3276 0.5095 0.4035 0.1516 0.1509 0.2245 0.3927 0.5034 0.3077 0.1401 0.1685 0.2716 0.4740 0.4631 0.1877 0.1397 0.1620 0.1397 0.1877 0.4631 0.4740 0.2716 0.1685 0.1401 0.3077 0.5034 0.3927 0.2245 0.1509 0.1516 0.4035 0.5095 0.3276 0.1942 0.1417 0.1857 0.4592 0.4825 0.2824 0.1746 0.1393 0.2596 0.4903 0.4341 0.2492 0.1610 0.1421 0.3342 0.5066 0.3845 0.2227 0.1510 0.1504 0.3950 0.5107 0.3395 0.2007 0.1437 0.1697 0.4421 0.4975 0.3001 0.1826 0.1397 0.2198 0.4765 0.4535
0.4738 0.2082 0.1401 0.1855 0.3066 0.5015 0.4347 0.1649 0.1448 0.2043 0.3470 0.5110 0.3854 0.1484 0.1525 0.2270 0.3930 0.5047 0.3223 0.1413 0.1630 0.2541 0.4422 0.4866 0.2476 0.1393 0.1768 0.2873 0.4873 0.4546 0.1804 0.1422 0.1961 0.3311 0.5100 0.4005 0.1510 0.1511 0.2249 0.3927 0.5036 0.3098 0.1402 0.1677 0.2693 0.4706 0.4659 0.1908 0.1412 0.1892 0.2578 0.1892 0.1412 0.1908 0.4659 0.4706 0.2693 0.1677 0.1402 0.3098 0.5036 0.3927 0.2249 0.1511 0.1510 0.4005 0.5100 0.3311 0.1961 0.1422 0.1804 0.4546 0.4873 0.2873 0.1768 0.1393 0.2476 0.4866 0.4422 0.2541 0.1630 0.1413 0.3223 0.5047 0.3930 0.2270 0.1525 0.1484 0.3854 0.5110 0.3470 0.2043 0.1448 0.1649 0.4347 0.5015 0.3066 0.1855 0.1401 0.2082 0.4738
0.2078 0.1406 0.1886 0.3133 0.5047 0.4270 0.1608 0.1460 0.2080 0.3546 0.5108 0.3753 0.1467 0.1541 0.2314 0.4015 0.5023 0.3099 0.1406 0.1651 0.2592 0.4504 0.4824 0.2353 0.1394 0.1793 0.2928 0.4921 0.4493 0.1752 0.1428 0.1984 0.3356 0.5105 0.3960 0.1501 0.1517 0.2260 0.3941 0.5034 0.3098 0.1403 0.1674 0.2680 0.4681 0.4681 0.1948 0.1412 0.1931 0.3200 0.4568 0.3200 0.1931 0.1412 0.1948 0.4682 0.4681 0.2680 0.1674 0.1403 0.3098 0.5034 0.3941 0.2260 0.1517 0.1501 0.3960 0.5105 0.3356 0.1984 0.1428 0.1752 0.4493 0.4921 0.2928 0.1793 0.1394 0.2353 0.4824 0.4504 0.2592 0.1651 0.1406 0.3099 0.5023 0.4015 0.2314 0.1541 0.1467 0.3753 0.5108 0.3546 0.2080 0.1460 0.1608 0.4270 0.5047 0.3133 0.1886 0.1406 0.2078
0.1522 0.1917 0.3201 0.5072 0.4189 0.1574 0.1472 0.2118 0.3625 0.5102 0.3648 0.1452 0.1559 0.2359 0.4101 0.4996 0.2972 0.1400 0.1673 0.2646 0.4585 0.4779 0.2232 0.1396 0.1819 0.2987 0.4966 0.4431 0.1702 0.1437 0.2010 0.3410 0.5108 0.3901 0.1490 0.1524 0.2277 0.3969 0.5028 0.3077 0.1402 0.1674 0.2675 0.4670 0.4695 0.1980 0.1410 0.1927 0.3256 0.5065 0.4756 0.5065 0.3256 0.1926 0.1410 0.1980 0.4695 0.4670 0.2675 0.1674 0.1402 0.3077 0.5028 0.3969 0.2277 0.1524 0.1490 0.3901 0.5108 0.3410 0.2010 0.1437 0.1702 0.4431 0.4966 0.2987 0.1819 0.1396 0.2232 0.4779 0.4585 0.2646 0.1673 0.1400 0.2972 0.4996 0.4101 0.2359 0.1559 0.1452 0.3648 0.5102 0.3625 0.2118 0.1472 0.1574 0.4189 0.5072 0.3201 0.1917 0.1522
0.1998 0.3272 0.5090 0.4104 0.1545 0.1485 0.2157 0.3705 0.5092 0.3539 0.1439 0.1577 0.2406 0.4187 0.4967 0.2843 0.1396 0.1696 0.2701 0.4663 0.4729 0.2116 0.1399 0.1847 0.3049 0.5006 0.4363 0.1657 0.1446 0.2040 0.3470 0.5110 0.3831 0.1478 0.1534 0.2302 0.4010 0.5018 0.3036 0.1401 0.1677 0.2680 0.4671 0.4697 0.2001 0.1408 0.1915 0.3277 0.5094 0.4117 0.2199 0.4143 0.5092 0.3257 0.1926 0.1409 0.1997 0.4703 0.4643 0.2680 0.1678 0.1401 0.3036 0.5018 0.4010 0.2302 0.1534 0.1478 0.3831 0.5110 0.3470 0.2040 0.1446 0.1657 0.4363 0.5006 0.3049 0.1847 0.1399 0.2116 0.4729 0.4663 0.2701 0.1696 0.1396 0.2843 0.4967 0.4187 0.2406 0.1577 0.1439 0.3539 0.5092 0.3705 0.2157 0.1485 0.1545 0.4104 0.5090 0.3272 0.1998
0.3311 0.5103 0.4015 0.1520 0.1499 0.2198 0.3787 0.5078 0.3425 0.1428 0.1595 0.2454 0.4273 0.4933 0.2712 0.1394 0.1720 0.2758 0.4737 0.4676 0.2008 0.1404 0.1877 0.3114 0.5039 0.4290 0.1617 0.1457 0.2073 0.3537 0.5108 0.3751 0.1465 0.1546 0.2331 0.4062 0.5004 0.2974 0.1399 0.1685 0.2693 0.4682 0.4692 0.2002 0.1408 0.1907 0.3230 0.5094 0.4050 0.1535 0.1373 0.1546 0.4077 0.5086 0.3252 0.1911 0.1409 0.2028 0.4720 0.4680 0.2693 0.1685 0.1399 0.2974 0.5004 0.4062 0.2331 0.1546 0.1465 0.3751 0.5108 0.3537 0.2073 0.1457 0.1617 0.4290 0.5039 0.3114 0.1877 0.1404 0.2008 0.4676 0.4737 0.2758 0.1720 0.1394 0.2712 0.4933 0.4273 0.2454 0.1595 0.1428 0.3425 0.5078 0.3787 0.2198 0.1499 0.1520 0.4015 0.5103 0.3311
0.5087 0.3922 0.1498 0.1514 0.2239 0.3870 0.5061 0.3308 0.1418 0.1615 0.2504 0.4359 0.4896 0.2581 0.1393 0.1745 0.2815 0.4806 0.4619 0.1911 0.1410 0.1907 0.3180 0.5065 0.4212 0.1583 0.1469 0.2109 0.3609 0.5103 0.3661 0.1453 0.1559 0.2365 0.4123 0.4985 0.2897 0.1397 0.1696 0.2716 0.4706 0.4681 0.1976 0.1410 0.1920 0.3247 0.5090 0.4063 0.1527 0.1475 0.1812 0.1480 0.1520 0.4064 0.5093 0.3248 0.1920 0.1408 0.1981 0.4681 0.4706 0.2716 0.1696 0.1397 0.2897 0.4985 0.4123 0.2365 0.1559 0.1453 0.3661 0.5103 0.3609 0.2109 0.1469 0.1583 0.4212 0.5065 0.3180 0.1907 0.1410 0.1911 0.4619 0.4806 0.2815 0.1745 0.1393 0.2581 0.4896 0.4359 0.2504 0.1615 0.1418 0.3308 0.5061 0.3870 0.2239 0.1514 0.1498 0.3922 0.5087
0.3876 0.1479 0.1530 0.2282 0.3953 0.5040 0.3189 0.1410 0.1635 0.2554 0.4442 0.4857 0.2452 0.1393 0.1770 0.2875 0.4869 0.4558 0.1828 0.1418 0.1939 0.3248 0.5085 0.4131 0.1554 0.1481 0.2146 0.3684 0.5095 0.3562 0.1441 0.1574 0.2404 0.4190 0.4962 0.2808 0.1395 0.1710 0.2747 0.4740 0.4659 0.1948 0.1410 0.1919 0.3239 0.5092 0.4049 0.1519 0.1500 0.2148 0.3039 0.2177 0.1500 0.1522 0.4072 0.5088 0.3230 0.1907 0.1408 0.1948 0.4659 0.4740 0.2747 0.1710 0.1395 0.2808 0.4962 0.4190 0.2404 0.1574 0.1441 0.3562 0.5095 0.3684 0.2146 0.1481 0.1554 0.4131 0.5085 0.3248 0.1939 0.1418 0.1828 0.4558 0.4869 0.2875 0.1770 0.1393 0.2452 0.4857 0.4442 0.2554 0.1635 0.1410 0.3189 0.5040 0.3953 0.2282 0.1530 0.1479 0.3876
0.1582 0.1544 0.2323 0.4033 0.5017 0.3072 0.1404 0.1655 0.2603 0.4520 0.4816 0.2333 0.1393 0.1795 0.2932 0.4921 0.4496 0.1761 0.1425 0.1969 0.3315 0.5097 0.4050 0.1529 0.1493 0.2182 0.3758 0.5083 0.3461 0.1430 0.1590 0.2444 0.4259 0.4936 0.2711 0.1393 0.1725 0.2780 0.4778 0.4631 0.1908 0.1412 0.1926 0.3253 0.5086 0.4047 0.1516 0.1507 0.2224 0.3790 0.5018 0.3809 0.2209 0.1503 0.1518 0.4055 0.5093 0.3228 0.1931 0.1412 0.1908 0.4631 0.4778 0.2780 0.1725 0.1393 0.2711 0.4936 0.4259 0.2444 0.1590 0.1430 0.3461 0.5083 0.3758 0.2182 0.1493 0.1529 0.4050 0.5097 0.3315 0.1969 0.1425 0.1761 0.4496 0.4921 0.2932 0.1795 0.1393 0.2333 0.4816 0.4520 0.2603 0.1655 0.1404 0.3072 0.5017 0.4033 0.2323 0.1544 0.1582
0.1638 0.2354 0.4094 0.4995 0.2978 0.1398 0.1669 0.2641 0.4579 0.4779 0.2240 0.1393 0.1813 0.2978 0.4956 0.4445 0.1715 0.1431 0.1992 0.3368 0.5101 0.3983 0.1510 0.1502 0.2210 0.3817 0.5069 0.3378 0.1421 0.1601 0.2475 0.4315 0.4910 0.2631 0.1391 0.1737 0.2808 0.4806 0.4606 0.1877 0.1412 0.1930 0.3254 0.5093 0.4067 0.1527 0.1499 0.2226 0.3848 0.5054 0.4306 0.5051 0.3868 0.2222 0.1503 0.1518 0.4079 0.5085 0.3263 0.1932 0.1413 0.1877 0.4606 0.4806 0.2808 0.1737 0.1391 0.2631 0.4910 0.4315 0.2475 0.1601 0.1421 0.3378 0.5069 0.3817 0.2210 0.1502 0.1510 0.3983 0.5101 0.3368 0.1992 0.1431 0.1715 0.4445 0.4956 0.2978 0.1813 0.1393 0.2240 0.4779 0.4579 0.2641 0.1669 0.1398 0.2978 0.4995 0.4094 0.2354 0.1638
0.2344 0.4070 0.4989 0.3029 0.1390 0.1646 0.2613 0.4555 0.4781 0.2287 0.1382 0.1788 0.2952 0.4936 0.4461 0.1731 0.1416 0.1965 0.3345 0.5087 0.4017 0.1510 0.1484 0.2181 0.3794 0.5059 0.3427 0.1415 0.1580 0.2445 0.4287 0.4909 0.2693 0.1381 0.1709 0.2771 0.4770 0.4628 0.1934 0.1397 0.1892 0.3200 0.5064 0.4144 0.1542 0.1471 0.2165 0.3783 0.5056 0.3492 0.1629 0.3476 0.5053 0.3785 0.2162 0.1475 0.1536 0.4139 0.5068 0.3204 0.1892 0.1397 0.1934 0.4628 0.4770 0.2771 0.1709 0.1381 0.2693 0.4909 0.4287 0.2445 0.1580 0.1415 0.3427 0.5059 0.3794 0.2181 0.1484 0.1510 0.4017 0.5087 0.3345 0.1965 0.1416 0.1731 0.4461 0.4936 0.2952 0.1788 0.1382 0.2287 0.4781 0.4555 0.2613 0.1646 0.1390 0.3029 0.4989 0.4070 0.2344
0.3296 0.5081 0.4038 0.1492 0.1465 0.2143 0.3765 0.5052 0.3473 0.1393 0.1555 0.2400 0.4260 0.4910 0.2774 0.1364 0.1675 0.2708 0.4727 0.4665 0.2050 0.1378 0.1827 0.3072 0.5021 0.4304 0.1605 0.1426 0.2018 0.3501 0.5083 0.3805 0.1437 0.1503 0.2258 0.4002 0.4995 0.3125 0.1371 0.1620 0.2578 0.4568 0.4758 0.2247 0.1373 0.1797 0.3033 0.5004 0.4326 0.1640 0.1334 0.1626 0.4305 0.5009 0.3037 0.1804 0.1373 0.2202 0.4741 0.4570 0.2579 0.1620 0.1371 0.3125 0.4995 0.4002 0.2258 0.1503 0.1437 0.3805 0.5083 0.3501 0.2018 0.1426 0.1605 0.4304 0.5021 0.3072 0.1827 0.1378 0.2050 0.4665 0.4727 0.2708 0.1675 0.1364 0.2774 0.4910 0.4260 0.2400 0.1555 0.1393 0.3473 0.5052 0.3765 0.2143 0.1465 0.1492 0.4038 0.5081 0.3296
0.2344 0.4070 0.4989 0.3029 0.1390 0.1646 0.2613 0.4555 0.4781 0.2287 0.1382 0.1788 0.2952 0.4936 0.4461 0.1731 0.1416 0.1965 0.3345 0.5087 0.4017 0.1510 0.1484 0.2181 0.3794 0.5059 0.3427 0.1415 0.1580 0.2445 0.4287 0.4909 0.2693 0.1381 0.1709 0.2771 0.4770 0.4628 0.1934 0.1397 0.1892 0.3200 0.5064 0.4148 0.1555 0.1475 0.2171 0.3783 0.5053 0.3502 0.1637 0.3499 0.5057 0.3770 0.2155 0.1471 0.1546 0.4150 0.5063 0.3200 0.1892 0.1397 0.1934 0.4628 0.4770 0.2771 0.1709 0.1381 0.2693 0.4909 0.4287 0.2445 0.1580 0.1415 0.3427 0.5059 0.3794 0.2181 0.1484 0.1510 0.4017 0.5087 0.3345 0.1965 0.1416 0.1731 0.4461 0.4936 0.2952 0.1788 0.1382 0.2287 0.4781 0.4555 0.2613 0.1646 0.1390 0.3029 0.4989 0.4070 0.2344
0.1638 0.2354 0.4094 0.4995 0.2978 0.1398 0.1669 0.2641 0.4579 0.4779 0.2240 0.1393 0.1813 0.2978 0.4956 0.4445 0.1715 0.1431 0.1992 0.3368 0.5101 0.3983 0.1510 0.1502 0.2210 0.3817 0.5069 0.3378 0.1421 0.1601 0.2475 0.4315 0.4910 0.2631 0.1391 0.1737 0.2808 0.4806 0.4606 0.1877 0.1412 0.1931 0.3253 0.5089 0.4065 0.1519 0.1497 0.2222 0.3884 0.5056 0.4303 0.5060 0.3829 0.2208 0.1496 0.1526 0.4062 0.5088 0.3258 0.1931 0.1412 0.1877 0.4606 0.4806 0.2808 0.1737 0.1391 0.2631 0.4910 0.4315 0.2475 0.1601 0.1421 0.3378 0.5069 0.3817 0.2210 0.1502 0.1510 0.3983 0.5101 0.3368 0.1992 0.1431 0.1715 0.4445 0.4956 0.2978 0.1813 0.1393 0.2240 0.4779 0.4579 0.2641 0.1669 0.1398 0.2978 0.4995 0.4094 0.2354 0.1638
0.1582 0.1544 0.2323 0.4033 0.5017 0.3072 0.1404 0.1655 0.2603 0.4520 0.4816 0.2333 0.1393 0.1795 0.2932 0.4921 0.4496 0.1761 0.1425 0.1969 0.3315 0.5097 0.4050 0.1529 0.1493 0.2182 0.3758 0.5083 0.3461 0.1430 0.1590 0.2444 0.4259 0.4936 0.2711 0.1393 0.1725 0.2780 0.4778 0.4631 0.1908 0.1412 0.1925 0.3230 0.5095 0.4052 0.1524 0.1504 0.2225 0.3774 0.5011 0.3767 0.2220 0.1500 0.1528 0.4101 0.5090 0.3248 0.1928 0.1412 0.1908 0.4631 0.4778 0.2780 0.1725 0.1393 0.2711 0.4936 0.4259 0.2444 0.1590 0.1430 0.3461 0.5083 0.3758 0.2182 0.1493 0.1529 0.4050 0.5097 0.3315 0.1969 0.1425 0.1761 0.4496 0.4921 0.2932 0.1795 0.1393 0.2333 0.4816 0.4520 0.2603 0.1655 0.1404 0.3072 0.5017 0.4033 0.2323 0.1544 0.1582
0.3876 0.1479 0.1530 0.2282 0.3953 0.5040 0.3189 0.1410 0.1635 0.2554 0.4442 0.4857 0.2452 0.1393 0.1770 0.2875 0.4869 0.4558 0.1828 0.1418 0.1939 0.3248 0.5085 0.4131 0.1554 0.1481 0.2146 0.3684 0.5095 0.3562 0.1441 0.1574 0.2404 0.4190 0.4962 0.2808 0.1395 0.1710 0.2747 0.4740 0.4659 0.1947 0.1409 0.1910 0.3213 0.5088 0.4067 0.1517 0.1504 0.2166 0.3029 0.2163 0.1501 0.1526 0.4079 0.5090 0.3221 0.1918 0.1411 0.1948 0.4659 0.4740 0.2747 0.1710 0.1395 0.2808 0.4962 0.4190 0.2404 0.1574 0.1441 0.3562 0.5095 0.3684 0.2146 0.1481 0.1554 0.4131 0.5085 0.3248 0.1939 0.1418 0.1828 0.4558 0.4869 0.2875 0.1770 0.1393 0.2452 0.4857 0.4442 0.2554 0.1635 0.1410 0.3189 0.5040 0.3953 0.2282 0.1530 0.1479 0.3876
0.5087 0.3922 0.1498 0.1514 0.2239 0.3870 0.5061 0.3308 0.1418 0.1615 0.2504 0.4359 0.4896 0.2581 0.1393 0.1745 0.2815 0.4806 0.4619 0.1911 0.1410 0.1907 0.3180 0.5065 0.4212 0.1583 0.1469 0.2109 0.3609 0.5103 0.3661 0.1453 0.1559 0.2365 0.4123 0.4985 0.2897 0.1397 0.1696 0.2716 0.4706 0.4681 0.1976 0.1408 0.1919 0.3224 0.5086 0.4048 0.1529 0.1470 0.1796 0.1478 0.1523 0.4070 0.5085 0.3227 0.1909 0.1407 0.1996 0.4681 0.4706 0.2716 0.1696 0.1397 0.2897 0.4985 0.4123 0.2365 0.1559 0.1453 0.3661 0.5103 0.3609 0.2109 0.1469 0.1583 0.4212 0.5065 0.3180 0.1907 0.1410 0.1911 0.4619 0.4806 0.2815 0.1745 0.1393 0.2581 0.4896 0.4359 0.2504 0.1615 0.1418 0.3308 0.5061 0.3870 0.2239 0.1514 0.1498 0.3922 0.5087
