0.3581 0.1540 0.1709 0.2611 0.4530 0.4741 0.2083 0.1521 0.1997 0.3308 0.5087 0.3876 0.1581 0.1646 0.2437 0.4226 0.4901 0.2501 0.1510 0.1891 0.3065 0.5014 0.4208 0.1655 0.1594 0.2279 0.3917 0.5015 0.2971 0.1513 0.1799 0.2844 0.4841 0.4485 0.1781 0.1554 0.2139 0.3622 0.5080 0.3419 0.1533 0.1721 0.2644 0.4580 0.4709 0.2026 0.1524 0.2012 0.3322 0.5059 0.4683 0.5059 0.3322 0.2012 0.1524 0.2026 0.4709 0.4580 0.2644 0.1721 0.1533 0.3419 0.5080 0.3622 0.2139 0.1554 0.1781 0.4485 0.4841 0.2844 0.1799 0.1513 0.2971 0.5015 0.3917 0.2279 0.1594 0.1655 0.4208 0.5014 0.3065 0.1891 0.1510 0.2501 0.4901 0.4226 0.2437 0.1646 0.1581 0.3876 0.5087 0.3308 0.1997 0.1521 0.2083 0.4741 0.4530 0.2611 0.1709 0.1540 0.3581
0.1540 0.1624 0.2565 0.4535 0.4765 0.2083 0.1406 0.1917 0.3270 0.5103 0.3924 0.1479 0.1546 0.2372 0.4211 0.4925 0.2544 0.1393 0.1806 0.3019 0.5026 0.4249 0.1566 0.1489 0.2209 0.3894 0.5035 0.3027 0.1398 0.1710 0.2791 0.4845 0.4520 0.1721 0.1443 0.2064 0.3592 0.5098 0.3474 0.1422 0.1627 0.2586 0.4575 0.4737 0.2021 0.1409 0.1934 0.3306 0.5101 0.4032 0.2057 0.4032 0.5101 0.3306 0.1934 0.1409 0.2021 0.4737 0.4575 0.2586 0.1627 0.1422 0.3474 0.5098 0.3592 0.2064 0.1443 0.1721 0.4520 0.4845 0.2791 0.1710 0.1398 0.3027 0.5035 0.3894 0.2209 0.1489 0.1566 0.4249 0.5026 0.3019 0.1806 0.1393 0.2544 0.4925 0.4211 0.2372 0.1546 0.1479 0.3924 0.5103 0.3270 0.1917 0.1406 0.2083 0.4765 0.4535 0.2565 0.1624 0.1540
0.1709 0.2565 0.4504 0.4793 0.2170 0.1402 0.1888 0.3203 0.5090 0.4015 0.1498 0.1530 0.2326 0.4124 0.4958 0.2676 0.1392 0.1778 0.2955 0.4986 0.4327 0.1599 0.1475 0.2168 0.3809 0.5056 0.3153 0.1402 0.1686 0.2733 0.4778 0.4584 0.1784 0.1432 0.2027 0.3513 0.5105 0.3587 0.1432 0.1606 0.2533 0.4492 0.4786 0.2131 0.1403 0.1903 0.3239 0.5096 0.3996 0.1513 0.1377 0.1513 0.3996 0.5096 0.3239 0.1903 0.1403 0.2131 0.4786 0.4492 0.2533 0.1606 0.1432 0.3587 0.5105 0.3513 0.2027 0.1432 0.1784 0.4584 0.4778 0.2733 0.1686 0.1402 0.3153 0.5056 0.3809 0.2168 0.1475 0.1599 0.4327 0.4986 0.2955 0.1778 0.1392 0.2676 0.4958 0.4124 0.2326 0.1530 0.1498 0.4015 0.5090 0.3203 0.1888 0.1402 0.2170 0.4793 0.4504 0.2565 0.1709
0.2611 0.4535 0.4793 0.2205 0.1400 0.1868 0.3150 0.5075 0.4096 0.1519 0.1515 0.2283 0.4040 0.4988 0.2807 0.1393 0.1752 0.2892 0.4940 0.4401 0.1638 0.1463 0.2128 0.3727 0.5074 0.3276 0.1408 0.1663 0.2677 0.4706 0.4643 0.1861 0.1423 0.1992 0.3437 0.5109 0.3694 0.1444 0.1587 0.2482 0.4408 0.4831 0.2251 0.1399 0.1872 0.3171 0.5082 0.4062 0.1513 0.1482 0.1822 0.1482 0.1513 0.4062 0.5082 0.3171 0.1872 0.1399 0.2251 0.4831 0.4408 0.2482 0.1587 0.1444 0.3694 0.5109 0.3437 0.1992 0.1423 0.1861 0.4643 0.4706 0.2677 0.1663 0.1408 0.3276 0.5074 0.3727 0.2128 0.1463 0.1638 0.4401 0.4940 0.2892 0.1752 0.1393 0.2807 0.4988 0.4040 0.2283 0.1515 0.1519 0.4096 0.5075 0.3150 0.1868 0.1400 0.2205 0.4793 0.4535 0.2611
0.4530 0.4765 0.2170 0.1400 0.1860 0.3119 0.5062 0.4159 0.1539 0.1502 0.2244 0.3960 0.5015 0.2933 0.1396 0.1727 0.2833 0.4886 0.4472 0.1683 0.1451 0.2090 0.3646 0.5089 0.3394 0.1416 0.1641 0.2622 0.4629 0.4699 0.1950 0.1414 0.1958 0.3363 0.5109 0.3797 0.1458 0.1569 0.2433 0.4322 0.4874 0.2376 0.1395 0.1843 0.3104 0.5062 0.4143 0.1532 0.1500 0.2175 0.3062 0.2175 0.1500 0.1532 0.4143 0.5062 0.3104 0.1843 0.1395 0.2376 0.4874 0.4322 0.2433 0.1569 0.1458 0.3797 0.5109 0.3363 0.1958 0.1414 0.1950 0.4699 0.4629 0.2622 0.1641 0.1416 0.3394 0.5089 0.3646 0.2090 0.1451 0.1683 0.4472 0.4886 0.2833 0.1727 0.1396 0.2933 0.5015 0.3960 0.2244 0.1502 0.1539 0.4159 0.5062 0.3119 0.1860 0.1400 0.2170 0.4765 0.4530
0.4741 0.2083 0.1402 0.1868 0.3119 0.5056 0.4194 0.1555 0.1492 0.2211 0.3889 0.5037 0.3050 0.1399 0.1703 0.2775 0.4826 0.4538 0.1738 0.1440 0.2053 0.3567 0.5100 0.3509 0.1425 0.1620 0.2569 0.4549 0.4751 0.2053 0.1408 0.1926 0.3290 0.5104 0.3896 0.1474 0.1551 0.2386 0.4236 0.4913 0.2505 0.1393 0.1814 0.3038 0.5034 0.4225 0.1558 0.1491 0.2204 0.3782 0.5016 0.3782 0.2204 0.1491 0.1558 0.4225 0.5034 0.3038 0.1814 0.1393 0.2505 0.4913 0.4236 0.2386 0.1551 0.1474 0.3896 0.5104 0.3290 0.1926 0.1408 0.2053 0.4751 0.4549 0.2569 0.1620 0.1425 0.3509 0.5100 0.3567 0.2053 0.1440 0.1738 0.4538 0.4826 0.2775 0.1703 0.1399 0.3050 0.5037 0.3889 0.2211 0.1492 0.1555 0.4194 0.5056 0.3119 0.1868 0.1402 0.2083 0.4741
0.2083 0.1406 0.1888 0.3150 0.5062 0.4194 0.1561 0.1487 0.2189 0.3834 0.5053 0.3151 0.1403 0.1683 0.2722 0.4762 0.4599 0.1804 0.1429 0.2017 0.3490 0.5107 0.3619 0.1436 0.1601 0.2518 0.4467 0.4800 0.2166 0.1402 0.1894 0.3220 0.5094 0.3990 0.1493 0.1534 0.2339 0.4149 0.4948 0.2637 0.1392 0.1786 0.2974 0.4999 0.4304 0.1589 0.1479 0.2176 0.3804 0.5062 0.4316 0.5062 0.3804 0.2176 0.1479 0.1589 0.4304 0.4999 0.2974 0.1786 0.1392 0.2637 0.4948 0.4149 0.2339 0.1534 0.1493 0.3990 0.5094 0.3220 0.1894 0.1402 0.2166 0.4800 0.4467 0.2518 0.1601 0.1436 0.3619 0.5107 0.3490 0.2017 0.1429 0.1804 0.4599 0.4762 0.2722 0.1683 0.1403 0.3151 0.5053 0.3834 0.2189 0.1487 0.1561 0.4194 0.5062 0.3150 0.1888 0.1406 0.2083
0.1521 0.1917 0.3203 0.5075 0.4159 0.1555 0.1487 0.2181 0.3804 0.5063 0.3228 0.1407 0.1665 0.2676 0.4698 0.4653 0.1878 0.1421 0.1983 0.3416 0.5110 0.3725 0.1448 0.1581 0.2468 0.4382 0.4845 0.2288 0.1398 0.1863 0.3151 0.5077 0.4081 0.1514 0.1518 0.2294 0.4063 0.4980 0.2768 0.1393 0.1760 0.2911 0.4955 0.4380 0.1625 0.1466 0.2139 0.3744 0.5071 0.3447 0.1613 0.3447 0.5071 0.3744 0.2139 0.1466 0.1625 0.4380 0.4955 0.2911 0.1760 0.1393 0.2768 0.4980 0.4063 0.2294 0.1518 0.1514 0.4081 0.5077 0.3151 0.1863 0.1398 0.2288 0.4845 0.4382 0.2468 0.1581 0.1448 0.3725 0.5110 0.3416 0.1983 0.1421 0.1878 0.4653 0.4698 0.2676 0.1665 0.1407 0.3228 0.5063 0.3804 0.2181 0.1487 0.1555 0.4159 0.5075 0.3203 0.1917 0.1521
0.1997 0.3270 0.5090 0.4096 0.1539 0.1492 0.2189 0.3804 0.5066 0.3269 0.1411 0.1652 0.2639 0.4641 0.4698 0.1957 0.1414 0.1952 0.3346 0.5108 0.3824 0.1462 0.1563 0.2419 0.4296 0.4886 0.2415 0.1395 0.1834 0.3084 0.5054 0.4167 0.1538 0.1503 0.2251 0.3978 0.5008 0.2899 0.1395 0.1734 0.2850 0.4903 0.4451 0.1669 0.1454 0.2101 0.3668 0.5085 0.3400 0.1417 0.1424 0.1417 0.3400 0.5085 0.3668 0.2101 0.1454 0.1669 0.4451 0.4903 0.2850 0.1734 0.1395 0.2899 0.5008 0.3978 0.2251 0.1503 0.1538 0.4167 0.5054 0.3084 0.1834 0.1395 0.2415 0.4886 0.4296 0.2419 0.1563 0.1462 0.3824 0.5108 0.3346 0.1952 0.1414 0.1957 0.4698 0.4641 0.2639 0.1652 0.1411 0.3269 0.5066 0.3804 0.2189 0.1492 0.1539 0.4096 0.5090 0.3270 0.1997
0.3308 0.5103 0.4015 0.1519 0.1502 0.2211 0.3834 0.5063 0.3269 0.1412 0.1645 0.2614 0.4596 0.4733 0.2031 0.1408 0.1925 0.3283 0.5103 0.3916 0.1478 0.1547 0.2373 0.4211 0.4923 0.2544 0.1393 0.1806 0.3018 0.5024 0.4249 0.1566 0.1489 0.2209 0.3893 0.5034 0.3027 0.1398 0.1709 0.2791 0.4844 0.4519 0.1721 0.1443 0.2063 0.3590 0.5097 0.3485 0.1423 0.1576 0.2010 0.1576 0.1423 0.3485 0.5097 0.3590 0.2063 0.1443 0.1721 0.4519 0.4844 0.2791 0.1709 0.1398 0.3027 0.5034 0.3893 0.2209 0.1489 0.1566 0.4249 0.5024 0.3018 0.1806 0.1393 0.2544 0.4923 0.4211 0.2373 0.1547 0.1478 0.3916 0.5103 0.3283 0.1925 0.1408 0.2031 0.4733 0.4596 0.2614 0.1645 0.1412 0.3269 0.5063 0.3834 0.2211 0.1502 0.1519 0.4015 0.5103 0.3308
0.5087 0.3924 0.1498 0.1515 0.2244 0.3889 0.5053 0.3228 0.1411 0.1645 0.2606 0.4571 0.4755 0.2091 0.1404 0.1902 0.3228 0.5094 0.3997 0.1495 0.1531 0.2329 0.4128 0.4957 0.2673 0.1392 0.1778 0.2955 0.4986 0.4327 0.1599 0.1475 0.2168 0.3809 0.5056 0.3153 0.1402 0.1686 0.2733 0.4778 0.4584 0.1784 0.1432 0.2027 0.3513 0.5105 0.3590 0.1433 0.1597 0.2434 0.3484 0.2434 0.1597 0.1433 0.3590 0.5105 0.3513 0.2027 0.1432 0.1784 0.4584 0.4778 0.2733 0.1686 0.1402 0.3153 0.5056 0.3809 0.2168 0.1475 0.1599 0.4327 0.4986 0.2955 0.1778 0.1392 0.2673 0.4957 0.4128 0.2329 0.1531 0.1495 0.3997 0.5094 0.3228 0.1902 0.1404 0.2091 0.4755 0.4571 0.2606 0.1645 0.1411 0.3228 0.5053 0.3889 0.2244 0.1515 0.1498 0.3924 0.5087
0.3876 0.1479 0.1530 0.2283 0.3960 0.5037 0.3151 0.1407 0.1652 0.2614 0.4571 0.4762 0.2123 0.1402 0.1886 0.3185 0.5083 0.4065 0.1513 0.1518 0.2289 0.4049 0.4986 0.2799 0.1393 0.1753 0.2893 0.4941 0.4401 0.1638 0.1463 0.2128 0.3727 0.5074 0.3276 0.1408 0.1663 0.2677 0.4706 0.4643 0.1861 0.1423 0.1992 0.3437 0.5109 0.3695 0.1444 0.1585 0.2463 0.4267 0.5084 0.4267 0.2463 0.1585 0.1444 0.3695 0.5109 0.3437 0.1992 0.1423 0.1861 0.4643 0.4706 0.2677 0.1663 0.1408 0.3276 0.5074 0.3727 0.2128 0.1463 0.1638 0.4401 0.4941 0.2893 0.1753 0.1393 0.2799 0.4986 0.4049 0.2289 0.1518 0.1513 0.4065 0.5083 0.3185 0.1886 0.1402 0.2123 0.4762 0.4571 0.2614 0.1652 0.1407 0.3151 0.5037 0.3960 0.2283 0.1530 0.1479 0.3876
0.1581 0.1546 0.2326 0.4040 0.5015 0.3050 0.1403 0.1665 0.2639 0.4596 0.4755 0.2123 0.1402 0.1878 0.3158 0.5074 0.4118 0.1528 0.1507 0.2255 0.3977 0.5011 0.2917 0.1395 0.1729 0.2835 0.4888 0.4471 0.1683 0.1451 0.2090 0.3646 0.5089 0.3394 0.1416 0.1641 0.2622 0.4629 0.4699 0.1950 0.1414 0.1958 0.3363 0.5109 0.3798 0.1458 0.1568 0.2428 0.4291 0.4918 0.3831 0.4918 0.4291 0.2428 0.1568 0.1458 0.3798 0.5109 0.3363 0.1958 0.1414 0.1950 0.4699 0.4629 0.2622 0.1641 0.1416 0.3394 0.5089 0.3646 0.2090 0.1451 0.1683 0.4471 0.4888 0.2835 0.1729 0.1395 0.2917 0.5011 0.3977 0.2255 0.1507 0.1528 0.4118 0.5074 0.3158 0.1878 0.1402 0.2123 0.4755 0.4596 0.2639 0.1665 0.1403 0.3050 0.5015 0.4040 0.2326 0.1546 0.1581
0.1646 0.2372 0.4124 0.4988 0.2933 0.1399 0.1683 0.2676 0.4641 0.4733 0.2091 0.1402 0.1878 0.3149 0.5068 0.4151 0.1541 0.1498 0.2227 0.3916 0.5031 0.3023 0.1398 0.1707 0.2781 0.4830 0.4535 0.1736 0.1440 0.2053 0.3568 0.5100 0.3509 0.1425 0.1620 0.2569 0.4549 0.4751 0.2053 0.1408 0.1926 0.3290 0.5104 0.3896 0.1474 0.1551 0.2384 0.4228 0.4922 0.2734 0.1442 0.2734 0.4922 0.4228 0.2384 0.1551 0.1474 0.3896 0.5104 0.3290 0.1926 0.1408 0.2053 0.4751 0.4549 0.2569 0.1620 0.1425 0.3509 0.5100 0.3568 0.2053 0.1440 0.1736 0.4535 0.4830 0.2781 0.1707 0.1398 0.3023 0.5031 0.3916 0.2227 0.1498 0.1541 0.4151 0.5068 0.3149 0.1878 0.1402 0.2091 0.4733 0.4641 0.2676 0.1683 0.1399 0.2933 0.4988 0.4124 0.2372 0.1646
0.2437 0.4211 0.4958 0.2807 0.1396 0.1703 0.2722 0.4698 0.4698 0.2031 0.1404 0.1886 0.3158 0.5068 0.4162 0.1548 0.1493 0.2207 0.3868 0.5045 0.3113 0.1402 0.1687 0.2731 0.4771 0.4593 0.1798 0.1430 0.2019 0.3492 0.5107 0.3618 0.1436 0.1601 0.2518 0.4467 0.4800 0.2166 0.1402 0.1894 0.3220 0.5094 0.3990 0.1493 0.1534 0.2339 0.4147 0.4950 0.2682 0.1381 0.1498 0.1381 0.2682 0.4950 0.4147 0.2339 0.1534 0.1493 0.3990 0.5094 0.3220 0.1894 0.1402 0.2166 0.4800 0.4467 0.2518 0.1601 0.1436 0.3618 0.5107 0.3492 0.2019 0.1430 0.1798 0.4593 0.4771 0.2731 0.1687 0.1402 0.3113 0.5045 0.3868 0.2207 0.1493 0.1548 0.4162 0.5068 0.3158 0.1886 0.1404 0.2031 0.4698 0.4698 0.2722 0.1703 0.1396 0.2807 0.4958 0.4211 0.2437
0.4226 0.4925 0.2676 0.1393 0.1727 0.2775 0.4762 0.4653 0.1957 0.1408 0.1902 0.3185 0.5074 0.4151 0.1548 0.1491 0.2197 0.3838 0.5055 0.3181 0.1405 0.1672 0.2689 0.4713 0.4643 0.1867 0.1422 0.1986 0.3421 0.5110 0.3722 0.1448 0.1582 0.2468 0.4382 0.4845 0.2288 0.1398 0.1863 0.3151 0.5077 0.4081 0.1514 0.1518 0.2294 0.4062 0.4981 0.2780 0.1391 0.1699 0.2240 0.1699 0.1391 0.2780 0.4981 0.4062 0.2294 0.1518 0.1514 0.4081 0.5077 0.3151 0.1863 0.1398 0.2288 0.4845 0.4382 0.2468 0.1582 0.1448 0.3722 0.5110 0.3421 0.1986 0.1422 0.1867 0.4643 0.4713 0.2689 0.1672 0.1405 0.3181 0.5055 0.3838 0.2197 0.1491 0.1548 0.4151 0.5074 0.3185 0.1902 0.1408 0.1957 0.4653 0.4762 0.2775 0.1727 0.1393 0.2676 0.4925 0.4226
0.4901 0.2544 0.1392 0.1752 0.2833 0.4826 0.4599 0.1878 0.1414 0.1925 0.3228 0.5083 0.4118 0.1541 0.1493 0.2197 0.3828 0.5060 0.3224 0.1408 0.1660 0.2656 0.4662 0.4685 0.1938 0.1415 0.1957 0.3354 0.5108 0.3818 0.1462 0.1564 0.2420 0.4298 0.4885 0.2414 0.1395 0.1834 0.3084 0.5054 0.4167 0.1538 0.1503 0.2251 0.3977 0.5009 0.2902 0.1395 0.1722 0.2741 0.3960 0.2741 0.1722 0.1395 0.2902 0.5009 0.3977 0.2251 0.1503 0.1538 0.4167 0.5054 0.3084 0.1834 0.1395 0.2414 0.4885 0.4298 0.2420 0.1564 0.1462 0.3818 0.5108 0.3354 0.1957 0.1415 0.1938 0.4685 0.4662 0.2656 0.1660 0.1408 0.3224 0.5060 0.3828 0.2197 0.1493 0.1541 0.4118 0.5083 0.3228 0.1925 0.1414 0.1878 0.4599 0.4826 0.2833 0.1752 0.1392 0.2544 0.4901
0.2501 0.1393 0.1778 0.2892 0.4886 0.4538 0.1804 0.1421 0.1952 0.3283 0.5094 0.4065 0.1528 0.1498 0.2207 0.3838 0.5060 0.3238 0.1409 0.1652 0.2632 0.4621 0.4718 0.2004 0.1410 0.1931 0.3294 0.5104 0.3906 0.1477 0.1548 0.2375 0.4215 0.4922 0.2542 0.1393 0.1806 0.3019 0.5024 0.4249 0.1566 0.1489 0.2209 0.3893 0.5034 0.3029 0.1398 0.1707 0.2769 0.4728 0.5008 0.4728 0.2769 0.1707 0.1398 0.3029 0.5034 0.3893 0.2209 0.1489 0.1566 0.4249 0.5024 0.3019 0.1806 0.1393 0.2542 0.4922 0.4215 0.2375 0.1548 0.1477 0.3906 0.5104 0.3294 0.1931 0.1410 0.2004 0.4718 0.4621 0.2632 0.1652 0.1409 0.3238 0.5060 0.3838 0.2207 0.1498 0.1528 0.4065 0.5094 0.3283 0.1952 0.1421 0.1804 0.4538 0.4886 0.2892 0.1778 0.1393 0.2501
0.1510 0.1806 0.2955 0.4940 0.4472 0.1738 0.1429 0.1983 0.3346 0.5103 0.3997 0.1513 0.1507 0.2227 0.3868 0.5055 0.3224 0.1409 0.1650 0.2620 0.4595 0.4740 0.2058 0.1406 0.1910 0.3243 0.5096 0.3983 0.1493 0.1533 0.2333 0.4134 0.4955 0.2669 0.1393 0.1779 0.2956 0.4987 0.4327 0.1599 0.1475 0.2168 0.3809 0.5056 0.3154 0.1403 0.1685 0.2728 0.4751 0.4668 0.3208 0.4668 0.4751 0.2728 0.1685 0.1403 0.3154 0.5056 0.3809 0.2168 0.1475 0.1599 0.4327 0.4987 0.2956 0.1779 0.1393 0.2669 0.4955 0.4134 0.2333 0.1533 0.1493 0.3983 0.5096 0.3243 0.1910 0.1406 0.2058 0.4740 0.4595 0.2620 0.1650 0.1409 0.3224 0.5055 0.3868 0.2227 0.1507 0.1513 0.3997 0.5103 0.3346 0.1983 0.1429 0.1738 0.4472 0.4940 0.2955 0.1806 0.1510
0.1891 0.3019 0.4986 0.4401 0.1683 0.1440 0.2017 0.3416 0.5108 0.3916 0.1495 0.1518 0.2255 0.3916 0.5045 0.3181 0.1408 0.1652 0.2620 0.4586 0.4751 0.2094 0.1404 0.1894 0.3203 0.5087 0.4047 0.1509 0.1520 0.2296 0.4059 0.4984 0.2790 0.1393 0.1754 0.2896 0.4942 0.4400 0.1637 0.1463 0.2128 0.3727 0.5074 0.3276 0.1409 0.1663 0.2675 0.4699 0.4662 0.2022 0.1375 0.2022 0.4662 0.4699 0.2675 0.1663 0.1409 0.3276 0.5074 0.3727 0.2128 0.1463 0.1637 0.4400 0.4942 0.2896 0.1754 0.1393 0.2790 0.4984 0.4059 0.2296 0.1520 0.1509 0.4047 0.5087 0.3203 0.1894 0.1404 0.2094 0.4751 0.4586 0.2620 0.1652 0.1408 0.3181 0.5045 0.3916 0.2255 0.1518 0.1495 0.3916 0.5108 0.3416 0.2017 0.1440 0.1683 0.4401 0.4986 0.3019 0.1891
0.3065 0.5026 0.4327 0.1638 0.1451 0.2053 0.3490 0.5110 0.3824 0.1478 0.1531 0.2289 0.3977 0.5031 0.3113 0.1405 0.1660 0.2632 0.4595 0.4751 0.2106 0.1402 0.1885 0.3175 0.5079 0.4097 0.1523 0.1510 0.2263 0.3990 0.5007 0.2903 0.1395 0.1730 0.2838 0.4891 0.4468 0.1682 0.1451 0.2091 0.3647 0.5089 0.3394 0.1416 0.1641 0.2622 0.4627 0.4704 0.1984 0.1390 0.1599 0.1390 0.1984 0.4704 0.4627 0.2622 0.1641 0.1416 0.3394 0.5089 0.3647 0.2091 0.1451 0.1682 0.4468 0.4891 0.2838 0.1730 0.1395 0.2903 0.5007 0.3990 0.2263 0.1510 0.1523 0.4097 0.5079 0.3175 0.1885 0.1402 0.2106 0.4751 0.4595 0.2632 0.1660 0.1405 0.3113 0.5031 0.3977 0.2289 0.1531 0.1478 0.3824 0.5110 0.3490 0.2053 0.1451 0.1638 0.4327 0.5026 0.3065
0.5014 0.4249 0.1599 0.1463 0.2090 0.3567 0.5107 0.3725 0.1462 0.1547 0.2329 0.4049 0.5011 0.3023 0.1402 0.1672 0.2656 0.4621 0.4740 0.2094 0.1402 0.1881 0.3161 0.5072 0.4132 0.1535 0.1501 0.2236 0.3931 0.5027 0.3005 0.1398 0.1709 0.2785 0.4835 0.4531 0.1734 0.1440 0.2054 0.3570 0.5099 0.3507 0.1425 0.1621 0.2569 0.4548 0.4753 0.2062 0.1403 0.1854 0.2517 0.1854 0.1403 0.2062 0.4753 0.4548 0.2569 0.1621 0.1425 0.3507 0.5099 0.3570 0.2054 0.1440 0.1734 0.4531 0.4835 0.2785 0.1709 0.1398 0.3005 0.5027 0.3931 0.2236 0.1501 0.1535 0.4132 0.5072 0.3161 0.1881 0.1402 0.2094 0.4740 0.4621 0.2656 0.1672 0.1402 0.3023 0.5011 0.4049 0.2329 0.1547 0.1462 0.3725 0.5107 0.3567 0.2090 0.1463 0.1599 0.4249 0.5014
0.4208 0.1566 0.1475 0.2128 0.3646 0.5100 0.3619 0.1448 0.1563 0.2373 0.4128 0.4986 0.2917 0.1398 0.1687 0.2689 0.4662 0.4718 0.2058 0.1404 0.1885 0.3161 0.5070 0.4150 0.1543 0.1496 0.2216 0.3885 0.5041 0.3092 0.1401 0.1691 0.2738 0.4778 0.4588 0.1793 0.1431 0.2020 0.3495 0.5106 0.3615 0.1435 0.1601 0.2518 0.4467 0.4800 0.2169 0.1401 0.1880 0.3102 0.4456 0.3102 0.1880 0.1401 0.2169 0.4800 0.4467 0.2518 0.1601 0.1435 0.3615 0.5106 0.3495 0.2020 0.1431 0.1793 0.4588 0.4778 0.2738 0.1691 0.1401 0.3092 0.5041 0.3885 0.2216 0.1496 0.1543 0.4150 0.5070 0.3161 0.1885 0.1404 0.2058 0.4718 0.4662 0.2689 0.1687 0.1398 0.2917 0.4986 0.4128 0.2373 0.1563 0.1448 0.3619 0.5100 0.3646 0.2128 0.1475 0.1566 0.4208
0.1655 0.1489 0.2168 0.3727 0.5089 0.3509 0.1436 0.1581 0.2419 0.4211 0.4957 0.2799 0.1395 0.1707 0.2731 0.4713 0.4685 0.2004 0.1406 0.1894 0.3175 0.5072 0.4150 0.1546 0.1493 0.2203 0.3853 0.5051 0.3159 0.1404 0.1675 0.2697 0.4723 0.4637 0.1858 0.1422 0.1989 0.3425 0.5110 0.3717 0.1447 0.1582 0.2469 0.4384 0.4844 0.2287 0.1397 0.1860 0.3127 0.5024 0.4825 0.5024 0.3127 0.1860 0.1397 0.2287 0.4844 0.4384 0.2469 0.1582 0.1447 0.3717 0.5110 0.3425 0.1989 0.1422 0.1858 0.4637 0.4723 0.2697 0.1675 0.1404 0.3159 0.5051 0.3853 0.2203 0.1493 0.1546 0.4150 0.5072 0.3175 0.1894 0.1406 0.2004 0.4685 0.4713 0.2731 0.1707 0.1395 0.2799 0.4957 0.4211 0.2419 0.1581 0.1436 0.3509 0.5089 0.3727 0.2168 0.1489 0.1655
0.1594 0.2209 0.3809 0.5074 0.3394 0.1425 0.1601 0.2468 0.4296 0.4923 0.2673 0.1393 0.1729 0.2781 0.4771 0.4643 0.1938 0.1410 0.1910 0.3203 0.5079 0.4132 0.1543 0.1493 0.2199 0.3836 0.5057 0.3206 0.1407 0.1663 0.2664 0.4673 0.4678 0.1926 0.1416 0.1960 0.3361 0.5109 0.3811 0.1461 0.1565 0.2422 0.4300 0.4884 0.2411 0.1395 0.1833 0.3078 0.5042 0.4299 0.2475 0.4299 0.5042 0.3078 0.1833 0.1395 0.2411 0.4884 0.4300 0.2422 0.1565 0.1461 0.3811 0.5109 0.3361 0.1960 0.1416 0.1926 0.4678 0.4673 0.2664 0.1663 0.1407 0.3206 0.5057 0.3836 0.2199 0.1493 0.1543 0.4132 0.5079 0.3203 0.1910 0.1410 0.1938 0.4643 0.4771 0.2781 0.1729 0.1393 0.2673 0.4923 0.4296 0.2468 0.1601 0.1425 0.3394 0.5074 0.3809 0.2209 0.1594
0.2279 0.3894 0.5056 0.3276 0.1416 0.1620 0.2518 0.4382 0.4886 0.2544 0.1392 0.1753 0.2835 0.4830 0.4593 0.1867 0.1415 0.1931 0.3243 0.5087 0.4097 0.1535 0.1496 0.2203 0.3836 0.5059 0.3230 0.1409 0.1655 0.2639 0.4632 0.4711 0.1990 0.1410 0.1935 0.3303 0.5105 0.3897 0.1475 0.1549 0.2378 0.4218 0.4921 0.2537 0.1393 0.1806 0.3018 0.5021 0.4275 0.1616 0.1366 0.1616 0.4275 0.5021 0.3018 0.1806 0.1393 0.2537 0.4921 0.4218 0.2378 0.1549 0.1475 0.3897 0.5105 0.3303 0.1935 0.1410 0.1990 0.4711 0.4632 0.2639 0.1655 0.1409 0.3230 0.5059 0.3836 0.2203 0.1496 0.1535 0.4097 0.5087 0.3243 0.1931 0.1415 0.1867 0.4593 0.4830 0.2835 0.1753 0.1392 0.2544 0.4886 0.4382 0.2518 0.1620 0.1416 0.3276 0.5056 0.3894 0.2279
0.3917 0.5035 0.3153 0.1408 0.1641 0.2569 0.4467 0.4845 0.2415 0.1393 0.1778 0.2893 0.4888 0.4535 0.1798 0.1422 0.1957 0.3294 0.5096 0.4047 0.1523 0.1501 0.2216 0.3853 0.5057 0.3230 0.1409 0.1651 0.2624 0.4603 0.4734 0.2045 0.1407 0.1914 0.3252 0.5098 0.3972 0.1491 0.1534 0.2336 0.4139 0.4953 0.2662 0.1392 0.1780 0.2957 0.4987 0.4331 0.1608 0.1441 0.1732 0.1441 0.1608 0.4331 0.4987 0.2957 0.1780 0.1392 0.2662 0.4953 0.4139 0.2336 0.1534 0.1491 0.3972 0.5098 0.3252 0.1914 0.1407 0.2045 0.4734 0.4603 0.2624 0.1651 0.1409 0.3230 0.5057 0.3853 0.2216 0.1501 0.1523 0.4047 0.5096 0.3294 0.1957 0.1422 0.1798 0.4535 0.4888 0.2893 0.1778 0.1393 0.2415 0.4845 0.4467 0.2569 0.1641 0.1408 0.3153 0.5035 0.3917
0.5015 0.3027 0.1402 0.1663 0.2622 0.4549 0.4800 0.2288 0.1395 0.1806 0.2955 0.4941 0.4471 0.1736 0.1430 0.1986 0.3354 0.5104 0.3983 0.1509 0.1510 0.2236 0.3885 0.5051 0.3206 0.1409 0.1651 0.2619 0.4588 0.4748 0.2084 0.1404 0.1898 0.3211 0.5089 0.4037 0.1506 0.1522 0.2299 0.4065 0.4982 0.2782 0.1393 0.1755 0.2898 0.4944 0.4399 0.1638 0.1457 0.2047 0.2849 0.2047 0.1457 0.1638 0.4399 0.4944 0.2898 0.1755 0.1393 0.2782 0.4982 0.4065 0.2299 0.1522 0.1506 0.4037 0.5089 0.3211 0.1898 0.1404 0.2084 0.4748 0.4588 0.2619 0.1651 0.1409 0.3206 0.5051 0.3885 0.2236 0.1510 0.1509 0.3983 0.5104 0.3354 0.1986 0.1430 0.1736 0.4471 0.4941 0.2955 0.1806 0.1395 0.2288 0.4800 0.4549 0.2622 0.1663 0.1402 0.3027 0.5015
0.2971 0.1398 0.1686 0.2677 0.4629 0.4751 0.2166 0.1398 0.1834 0.3018 0.4986 0.4401 0.1683 0.1440 0.2019 0.3421 0.5108 0.3906 0.1493 0.1520 0.2263 0.3931 0.5041 0.3159 0.1407 0.1655 0.2624 0.4588 0.4752 0.2105 0.1403 0.1887 0.3181 0.5080 0.4088 0.1521 0.1511 0.2267 0.3998 0.5005 0.2894 0.1395 0.1732 0.2842 0.4893 0.4465 0.1680 0.1450 0.2076 0.3522 0.4877 0.3522 0.2076 0.1450 0.1680 0.4465 0.4893 0.2842 0.1732 0.1395 0.2894 0.5005 0.3998 0.2267 0.1511 0.1521 0.4088 0.5080 0.3181 0.1887 0.1403 0.2105 0.4752 0.4588 0.2624 0.1655 0.1407 0.3159 0.5041 0.3931 0.2263 0.1520 0.1493 0.3906 0.5108 0.3421 0.2019 0.1440 0.1683 0.4401 0.4986 0.3018 0.1834 0.1398 0.2166 0.4751 0.4629 0.2677 0.1686 0.1398 0.2971
0.1513 0.1710 0.2733 0.4706 0.4699 0.2053 0.1402 0.1863 0.3084 0.5024 0.4327 0.1638 0.1451 0.2053 0.3492 0.5110 0.3818 0.1477 0.1533 0.2296 0.3990 0.5027 0.3092 0.1404 0.1663 0.2639 0.4603 0.4748 0.2105 0.1402 0.1881 0.3162 0.5074 0.4125 0.1533 0.1503 0.2240 0.3939 0.5024 0.2994 0.1397 0.1711 0.2790 0.4839 0.4528 0.1731 0.1441 0.2052 0.3546 0.5092 0.4533 0.5092 0.3546 0.2052 0.1441 0.1731 0.4528 0.4839 0.2790 0.1711 0.1397 0.2994 0.5024 0.3939 0.2240 0.1503 0.1533 0.4125 0.5074 0.3162 0.1881 0.1402 0.2105 0.4748 0.4603 0.2639 0.1663 0.1404 0.3092 0.5027 0.3990 0.2296 0.1533 0.1477 0.3818 0.5110 0.3492 0.2053 0.1451 0.1638 0.4327 0.5024 0.3084 0.1863 0.1402 0.2053 0.4699 0.4706 0.2733 0.1710 0.1513
0.1799 0.2791 0.4778 0.4643 0.1950 0.1408 0.1894 0.3151 0.5054 0.4249 0.1599 0.1463 0.2090 0.3568 0.5107 0.3722 0.1462 0.1548 0.2333 0.4059 0.5007 0.3005 0.1401 0.1675 0.2664 0.4632 0.4734 0.2084 0.1403 0.1881 0.3156 0.5070 0.4148 0.1542 0.1497 0.2219 0.3891 0.5039 0.3080 0.1400 0.1693 0.2743 0.4783 0.4583 0.1789 0.1431 0.2021 0.3493 0.5105 0.3792 0.1816 0.3792 0.5105 0.3493 0.2021 0.1431 0.1789 0.4583 0.4783 0.2743 0.1693 0.1400 0.3080 0.5039 0.3891 0.2219 0.1497 0.1542 0.4148 0.5070 0.3156 0.1881 0.1403 0.2084 0.4734 0.4632 0.2664 0.1675 0.1401 0.3005 0.5007 0.4059 0.2333 0.1548 0.1462 0.3722 0.5107 0.3568 0.2090 0.1463 0.1599 0.4249 0.5054 0.3151 0.1894 0.1408 0.1950 0.4643 0.4778 0.2791 0.1799
0.2844 0.4845 0.4584 0.1861 0.1414 0.1926 0.3220 0.5077 0.4167 0.1566 0.1475 0.2128 0.3646 0.5100 0.3618 0.1448 0.1564 0.2375 0.4134 0.4984 0.2903 0.1398 0.1691 0.2697 0.4673 0.4711 0.2045 0.1404 0.1887 0.3162 0.5070 0.4156 0.1547 0.1493 0.2205 0.3857 0.5050 0.3151 0.1404 0.1677 0.2702 0.4729 0.4632 0.1852 0.1423 0.1990 0.3428 0.5109 0.3746 0.1461 0.1394 0.1461 0.3746 0.5109 0.3428 0.1990 0.1423 0.1852 0.4632 0.4729 0.2702 0.1677 0.1404 0.3151 0.5050 0.3857 0.2205 0.1493 0.1547 0.4156 0.5070 0.3162 0.1887 0.1404 0.2045 0.4711 0.4673 0.2697 0.1691 0.1398 0.2903 0.4984 0.4134 0.2375 0.1564 0.1448 0.3618 0.5100 0.3646 0.2128 0.1475 0.1566 0.4167 0.5077 0.3220 0.1926 0.1414 0.1861 0.4584 0.4845 0.2844
0.4841 0.4520 0.1784 0.1423 0.1958 0.3290 0.5094 0.4081 0.1538 0.1489 0.2168 0.3727 0.5089 0.3509 0.1436 0.1582 0.2420 0.4215 0.4955 0.2790 0.1395 0.1709 0.2738 0.4723 0.4678 0.1990 0.1407 0.1898 0.3181 0.5074 0.4148 0.1547 0.1492 0.2198 0.3836 0.5057 0.3202 0.1407 0.1664 0.2667 0.4679 0.4673 0.1918 0.1416 0.1962 0.3365 0.5109 0.3813 0.1463 0.1521 0.1902 0.1521 0.1463 0.3813 0.5109 0.3365 0.1962 0.1416 0.1918 0.4673 0.4679 0.2667 0.1664 0.1407 0.3202 0.5057 0.3836 0.2198 0.1492 0.1547 0.4148 0.5074 0.3181 0.1898 0.1407 0.1990 0.4678 0.4723 0.2738 0.1709 0.1395 0.2790 0.4955 0.4215 0.2420 0.1582 0.1436 0.3509 0.5089 0.3727 0.2168 0.1489 0.1538 0.4081 0.5094 0.3290 0.1958 0.1423 0.1784 0.4520 0.4841
0.4485 0.1721 0.1432 0.1992 0.3363 0.5104 0.3990 0.1514 0.1503 0.2209 0.3809 0.5074 0.3394 0.1425 0.1601 0.2468 0.4298 0.4922 0.2669 0.1393 0.1730 0.2785 0.4778 0.4637 0.1926 0.1410 0.1914 0.3211 0.5080 0.4125 0.1542 0.1493 0.2198 0.3828 0.5060 0.3233 0.1409 0.1655 0.2641 0.4636 0.4707 0.1982 0.1411 0.1938 0.3308 0.5105 0.3893 0.1475 0.1542 0.2289 0.3248 0.2289 0.1542 0.1475 0.3893 0.5105 0.3308 0.1938 0.1411 0.1982 0.4707 0.4636 0.2641 0.1655 0.1409 0.3233 0.5060 0.3828 0.2198 0.1493 0.1542 0.4125 0.5080 0.3211 0.1914 0.1410 0.1926 0.4637 0.4778 0.2785 0.1730 0.1393 0.2669 0.4922 0.4298 0.2468 0.1601 0.1425 0.3394 0.5074 0.3809 0.2209 0.1503 0.1514 0.3990 0.5104 0.3363 0.1992 0.1432 0.1721 0.4485
0.1781 0.1443 0.2027 0.3437 0.5109 0.3896 0.1493 0.1518 0.2251 0.3893 0.5056 0.3276 0.1416 0.1620 0.2518 0.4382 0.4885 0.2542 0.1393 0.1754 0.2838 0.4835 0.4588 0.1858 0.1416 0.1935 0.3252 0.5089 0.4088 0.1533 0.1497 0.2205 0.3836 0.5060 0.3243 0.1410 0.1650 0.2623 0.4603 0.4733 0.2041 0.1407 0.1916 0.3257 0.5098 0.3967 0.1490 0.1534 0.2323 0.4009 0.5071 0.4009 0.2323 0.1534 0.1490 0.3967 0.5098 0.3257 0.1916 0.1407 0.2041 0.4733 0.4603 0.2623 0.1650 0.1410 0.3243 0.5060 0.3836 0.2205 0.1497 0.1533 0.4088 0.5089 0.3252 0.1935 0.1416 0.1858 0.4588 0.4835 0.2838 0.1754 0.1393 0.2542 0.4885 0.4382 0.2518 0.1620 0.1416 0.3276 0.5056 0.3893 0.2251 0.1518 0.1493 0.3896 0.5109 0.3437 0.2027 0.1443 0.1781
0.1554 0.2064 0.3513 0.5109 0.3797 0.1474 0.1534 0.2294 0.3978 0.5034 0.3153 0.1408 0.1641 0.2569 0.4467 0.4845 0.2414 0.1393 0.1779 0.2896 0.4891 0.4531 0.1793 0.1422 0.1960 0.3303 0.5098 0.4037 0.1521 0.1503 0.2219 0.3857 0.5057 0.3233 0.1410 0.1648 0.2614 0.4583 0.4749 0.2086 0.1404 0.1899 0.3214 0.5090 0.4031 0.1505 0.1523 0.2299 0.4043 0.5006 0.4098 0.5006 0.4043 0.2299 0.1523 0.1505 0.4031 0.5090 0.3214 0.1899 0.1404 0.2086 0.4749 0.4583 0.2614 0.1648 0.1410 0.3233 0.5057 0.3857 0.2219 0.1503 0.1521 0.4037 0.5098 0.3303 0.1960 0.1422 0.1793 0.4531 0.4891 0.2896 0.1779 0.1393 0.2414 0.4845 0.4467 0.2569 0.1641 0.1408 0.3153 0.5034 0.3978 0.2294 0.1534 0.1474 0.3797 0.5109 0.3513 0.2064 0.1554
0.2139 0.3592 0.5105 0.3694 0.1458 0.1551 0.2339 0.4063 0.5008 0.3027 0.1402 0.1663 0.2622 0.4549 0.4800 0.2288 0.1395 0.1806 0.2956 0.4942 0.4468 0.1734 0.1431 0.1989 0.3361 0.5105 0.3972 0.1506 0.1511 0.2240 0.3891 0.5050 0.3202 0.1409 0.1650 0.2614 0.4577 0.4758 0.2114 0.1402 0.1886 0.3181 0.5081 0.4085 0.1519 0.1512 0.2269 0.3998 0.5008 0.3100 0.1509 0.3100 0.5008 0.3998 0.2269 0.1512 0.1519 0.4085 0.5081 0.3181 0.1886 0.1402 0.2114 0.4758 0.4577 0.2614 0.1650 0.1409 0.3202 0.5050 0.3891 0.2240 0.1511 0.1506 0.3972 0.5105 0.3361 0.1989 0.1431 0.1734 0.4468 0.4942 0.2956 0.1806 0.1395 0.2288 0.4800 0.4549 0.2622 0.1663 0.1402 0.3027 0.5008 0.4063 0.2339 0.1551 0.1458 0.3694 0.5105 0.3592 0.2139
0.3622 0.5098 0.3587 0.1444 0.1569 0.2386 0.4149 0.4980 0.2899 0.1398 0.1686 0.2677 0.4629 0.4751 0.2166 0.1398 0.1834 0.3019 0.4987 0.4400 0.1682 0.1440 0.2020 0.3425 0.5109 0.3897 0.1491 0.1522 0.2267 0.3939 0.5039 0.3151 0.1407 0.1655 0.2623 0.4583 0.4758 0.2123 0.1402 0.1878 0.3158 0.5073 0.4127 0.1533 0.1503 0.2242 0.3944 0.5024 0.3025 0.1393 0.1459 0.1393 0.3025 0.5024 0.3944 0.2242 0.1503 0.1533 0.4127 0.5073 0.3158 0.1878 0.1402 0.2123 0.4758 0.4583 0.2623 0.1655 0.1407 0.3151 0.5039 0.3939 0.2267 0.1522 0.1491 0.3897 0.5109 0.3425 0.2020 0.1440 0.1682 0.4400 0.4987 0.3019 0.1834 0.1398 0.2166 0.4751 0.4629 0.2677 0.1686 0.1398 0.2899 0.4980 0.4149 0.2386 0.1569 0.1444 0.3587 0.5098 0.3622
0.5080 0.3474 0.1432 0.1587 0.2433 0.4236 0.4948 0.2768 0.1395 0.1709 0.2733 0.4706 0.4699 0.2053 0.1402 0.1863 0.3084 0.5024 0.4327 0.1637 0.1451 0.2054 0.3495 0.5110 0.3811 0.1475 0.1534 0.2299 0.3998 0.5024 0.3080 0.1404 0.1664 0.2641 0.4603 0.4749 0.2114 0.1402 0.1876 0.3147 0.5067 0.4155 0.1543 0.1496 0.2219 0.3894 0.5038 0.3081 0.1399 0.1640 0.2129 0.1640 0.1399 0.3081 0.5038 0.3894 0.2219 0.1496 0.1543 0.4155 0.5067 0.3147 0.1876 0.1402 0.2114 0.4749 0.4603 0.2641 0.1664 0.1404 0.3080 0.5024 0.3998 0.2299 0.1534 0.1475 0.3811 0.5110 0.3495 0.2054 0.1451 0.1637 0.4327 0.5024 0.3084 0.1863 0.1402 0.2053 0.4699 0.4706 0.2733 0.1709 0.1395 0.2768 0.4948 0.4236 0.2433 0.1587 0.1432 0.3474 0.5080
0.3419 0.1422 0.1606 0.2482 0.4322 0.4913 0.2637 0.1393 0.1734 0.2791 0.4778 0.4643 0.1950 0.1408 0.1894 0.3151 0.5054 0.4249 0.1599 0.1463 0.2091 0.3570 0.5106 0.3717 0.1461 0.1549 0.2336 0.4065 0.5005 0.2994 0.1400 0.1677 0.2667 0.4636 0.4733 0.2086 0.1402 0.1878 0.3147 0.5065 0.4169 0.1550 0.1491 0.2202 0.3853 0.5050 0.3149 0.1403 0.1669 0.2605 0.3748 0.2605 0.1669 0.1403 0.3149 0.5050 0.3853 0.2202 0.1491 0.1550 0.4169 0.5065 0.3147 0.1878 0.1402 0.2086 0.4733 0.4636 0.2667 0.1677 0.1400 0.2994 0.5005 0.4065 0.2336 0.1549 0.1461 0.3717 0.5106 0.3570 0.2091 0.1463 0.1599 0.4249 0.5054 0.3151 0.1894 0.1408 0.1950 0.4643 0.4778 0.2791 0.1734 0.1393 0.2637 0.4913 0.4322 0.2482 0.1606 0.1422 0.3419
0.1533 0.1627 0.2533 0.4408 0.4874 0.2505 0.1392 0.1760 0.2850 0.4844 0.4584 0.1861 0.1414 0.1926 0.3220 0.5077 0.4167 0.1566 0.1475 0.2128 0.3647 0.5099 0.3615 0.1447 0.1565 0.2378 0.4139 0.4982 0.2894 0.1397 0.1693 0.2702 0.4679 0.4707 0.2041 0.1404 0.1886 0.3158 0.5067 0.4169 0.1552 0.1489 0.2191 0.3826 0.5059 0.3207 0.1407 0.1663 0.2651 0.4559 0.5053 0.4559 0.2651 0.1663 0.1407 0.3207 0.5058 0.3826 0.2191 0.1489 0.1552 0.4169 0.5067 0.3158 0.1886 0.1404 0.2041 0.4707 0.4679 0.2702 0.1693 0.1397 0.2894 0.4982 0.4139 0.2378 0.1565 0.1447 0.3615 0.5099 0.3647 0.2128 0.1475 0.1566 0.4167 0.5077 0.3220 0.1926 0.1414 0.1861 0.4584 0.4844 0.2850 0.1760 0.1392 0.2505 0.4874 0.4408 0.2533 0.1627 0.1533
0.1721 0.2586 0.4492 0.4831 0.2376 0.1393 0.1786 0.2911 0.4903 0.4519 0.1784 0.1423 0.1958 0.3290 0.5094 0.4081 0.1538 0.1489 0.2168 0.3727 0.5089 0.3507 0.1435 0.1582 0.2422 0.4218 0.4953 0.2782 0.1395 0.1711 0.2743 0.4729 0.4673 0.1982 0.1407 0.1899 0.3181 0.5073 0.4155 0.1550 0.1489 0.2188 0.3812 0.5063 0.3247 0.1409 0.1654 0.2637 0.4613 0.4769 0.3451 0.4769 0.4612 0.2637 0.1654 0.1409 0.3248 0.5063 0.3812 0.2188 0.1489 0.1550 0.4155 0.5073 0.3181 0.1899 0.1407 0.1982 0.4673 0.4729 0.2743 0.1711 0.1395 0.2782 0.4953 0.4218 0.2422 0.1582 0.1435 0.3507 0.5089 0.3727 0.2168 0.1489 0.1538 0.4081 0.5094 0.3290 0.1958 0.1423 0.1784 0.4519 0.4903 0.2911 0.1786 0.1393 0.2376 0.4831 0.4492 0.2586 0.1721
0.2644 0.4575 0.4786 0.2251 0.1395 0.1814 0.2974 0.4955 0.4451 0.1721 0.1432 0.1992 0.3363 0.5104 0.3990 0.1514 0.1503 0.2209 0.3809 0.5074 0.3394 0.1425 0.1601 0.2469 0.4300 0.4921 0.2662 0.1393 0.1732 0.2790 0.4783 0.4632 0.1918 0.1411 0.1916 0.3214 0.5081 0.4127 0.1543 0.1491 0.2191 0.3812 0.5065 0.3266 0.1411 0.1648 0.2619 0.4598 0.4746 0.2224 0.1390 0.2228 0.4747 0.4594 0.2618 0.1646 0.1411 0.3269 0.5064 0.3812 0.2191 0.1491 0.1543 0.4127 0.5081 0.3214 0.1916 0.1411 0.1918 0.4632 0.4783 0.2790 0.1732 0.1393 0.2662 0.4921 0.4300 0.2469 0.1601 0.1425 0.3394 0.5074 0.3809 0.2209 0.1503 0.1514 0.3990 0.5104 0.3363 0.1992 0.1432 0.1721 0.4451 0.4955 0.2974 0.1814 0.1395 0.2251 0.4786 0.4575 0.2644
0.4580 0.4737 0.2131 0.1399 0.1843 0.3038 0.4999 0.4380 0.1669 0.1443 0.2027 0.3437 0.5109 0.3896 0.1493 0.1518 0.2251 0.3893 0.5056 0.3276 0.1416 0.1621 0.2518 0.4384 0.4884 0.2537 0.1392 0.1755 0.2842 0.4839 0.4583 0.1852 0.1416 0.1938 0.3257 0.5090 0.4085 0.1533 0.1496 0.2202 0.3826 0.5063 0.3266 0.1411 0.1648 0.2605 0.4551 0.4762 0.2105 0.1384 0.1565 0.1384 0.2124 0.4753 0.4574 0.2593 0.1643 0.1412 0.3290 0.5063 0.3826 0.2202 0.1496 0.1533 0.4085 0.5090 0.3257 0.1938 0.1416 0.1852 0.4583 0.4839 0.2842 0.1755 0.1392 0.2537 0.4884 0.4384 0.2518 0.1621 0.1416 0.3276 0.5056 0.3893 0.2251 0.1518 0.1493 0.3896 0.5109 0.3437 0.2027 0.1443 0.1669 0.4380 0.4999 0.3038 0.1843 0.1399 0.2131 0.4737 0.4580
0.4709 0.2021 0.1403 0.1872 0.3104 0.5034 0.4304 0.1625 0.1454 0.2063 0.3513 0.5109 0.3798 0.1474 0.1534 0.2294 0.3977 0.5034 0.3154 0.1409 0.1641 0.2569 0.4467 0.4844 0.2411 0.1393 0.1780 0.2898 0.4893 0.4528 0.1789 0.1423 0.1962 0.3308 0.5098 0.4031 0.1519 0.1503 0.2219 0.3853 0.5058 0.3246 0.1411 0.1648 0.2604 0.4584 0.4751 0.2120 0.1398 0.1824 0.2450 0.1817 0.1396 0.2126 0.4762 0.4581 0.2608 0.1644 0.1412 0.3246 0.5059 0.3853 0.2219 0.1503 0.1519 0.4031 0.5098 0.3308 0.1962 0.1423 0.1789 0.4528 0.4893 0.2898 0.1780 0.1393 0.2411 0.4844 0.4467 0.2569 0.1641 0.1409 0.3154 0.5034 0.3977 0.2294 0.1534 0.1474 0.3798 0.5109 0.3513 0.2063 0.1454 0.1625 0.4304 0.5034 0.3104 0.1872 0.1403 0.2021 0.4709
0.2026 0.1409 0.1903 0.3171 0.5062 0.4225 0.1589 0.1466 0.2101 0.3590 0.5105 0.3695 0.1458 0.1551 0.2339 0.4062 0.5009 0.3029 0.1403 0.1663 0.2622 0.4548 0.4800 0.2287 0.1395 0.1806 0.2957 0.4944 0.4465 0.1731 0.1431 0.1990 0.3365 0.5105 0.3967 0.1505 0.1512 0.2242 0.3894 0.5050 0.3207 0.1409 0.1648 0.2610 0.4583 0.4756 0.2145 0.1402 0.1875 0.3063 0.4393 0.3054 0.1856 0.1398 0.2112 0.4758 0.4575 0.2614 0.1653 0.1409 0.3206 0.5050 0.3894 0.2242 0.1512 0.1505 0.3967 0.5105 0.3365 0.1990 0.1431 0.1731 0.4465 0.4944 0.2957 0.1806 0.1395 0.2287 0.4800 0.4548 0.2622 0.1663 0.1403 0.3029 0.5009 0.4062 0.2339 0.1551 0.1458 0.3695 0.5105 0.3590 0.2101 0.1466 0.1589 0.4225 0.5062 0.3171 0.1903 0.1409 0.2026
0.1524 0.1934 0.3239 0.5082 0.4143 0.1558 0.1479 0.2139 0.3668 0.5097 0.3590 0.1444 0.1568 0.2384 0.4147 0.4981 0.2902 0.1398 0.1685 0.2675 0.4627 0.4753 0.2169 0.1397 0.1833 0.3018 0.4987 0.4399 0.1680 0.1441 0.2021 0.3428 0.5109 0.3893 0.1490 0.1523 0.2269 0.3944 0.5038 0.3149 0.1407 0.1654 0.2621 0.4571 0.4740 0.2087 0.1402 0.1879 0.3141 0.5017 0.4852 0.5009 0.3099 0.1858 0.1400 0.2153 0.4762 0.4569 0.2606 0.1654 0.1406 0.3149 0.5038 0.3944 0.2269 0.1523 0.1490 0.3893 0.5109 0.3428 0.2021 0.1441 0.1680 0.4399 0.4987 0.3018 0.1833 0.1397 0.2169 0.4753 0.4627 0.2675 0.1685 0.1398 0.2902 0.4981 0.4147 0.2384 0.1568 0.1444 0.3590 0.5097 0.3668 0.2139 0.1479 0.1558 0.4143 0.5082 0.3239 0.1934 0.1524
0.2012 0.3306 0.5096 0.4062 0.1532 0.1491 0.2176 0.3744 0.5085 0.3485 0.1433 0.1585 0.2428 0.4228 0.4950 0.2780 0.1395 0.1707 0.2728 0.4699 0.4704 0.2062 0.1401 0.1860 0.3078 0.5021 0.4331 0.1638 0.1450 0.2052 0.3493 0.5109 0.3813 0.1475 0.1534 0.2299 0.3998 0.5024 0.3081 0.1403 0.1663 0.2638 0.4601 0.4739 0.2097 0.1399 0.1866 0.3136 0.5044 0.4297 0.2493 0.4323 0.5041 0.3122 0.1875 0.1402 0.2135 0.4746 0.4583 0.2636 0.1663 0.1403 0.3081 0.5024 0.3998 0.2299 0.1534 0.1475 0.3813 0.5109 0.3493 0.2052 0.1450 0.1638 0.4331 0.5021 0.3078 0.1860 0.1401 0.2062 0.4704 0.4699 0.2728 0.1707 0.1395 0.2780 0.4950 0.4228 0.2428 0.1585 0.1433 0.3485 0.5085 0.3744 0.2176 0.1491 0.1532 0.4062 0.5096 0.3306 0.2012
0.3322 0.5101 0.3996 0.1513 0.1500 0.2204 0.3804 0.5071 0.3400 0.1423 0.1597 0.2463 0.4291 0.4922 0.2682 0.1391 0.1722 0.2769 0.4751 0.4662 0.1984 0.1403 0.1880 0.3127 0.5042 0.4275 0.1608 0.1457 0.2076 0.3546 0.5105 0.3746 0.1463 0.1542 0.2323 0.4043 0.5008 0.3025 0.1399 0.1669 0.2651 0.4613 0.4745 0.2104 0.1398 0.1862 0.3100 0.5049 0.4218 0.1603 0.1365 0.1609 0.4247 0.5052 0.3140 0.1870 0.1399 0.2104 0.4769 0.4610 0.2652 0.1669 0.1399 0.3025 0.5008 0.4043 0.2323 0.1542 0.1463 0.3746 0.5105 0.3546 0.2076 0.1457 0.1608 0.4275 0.5042 0.3127 0.1880 0.1403 0.1984 0.4662 0.4751 0.2769 0.1722 0.1391 0.2682 0.4922 0.4291 0.2463 0.1597 0.1423 0.3400 0.5071 0.3804 0.2204 0.1500 0.1513 0.3996 0.5101 0.3322
0.5059 0.4032 0.1513 0.1482 0.2175 0.3782 0.5062 0.3447 0.1417 0.1576 0.2434 0.4267 0.4918 0.2734 0.1381 0.1699 0.2741 0.4728 0.4668 0.2022 0.1390 0.1854 0.3102 0.5024 0.4299 0.1616 0.1441 0.2047 0.3522 0.5092 0.3792 0.1461 0.1521 0.2289 0.4009 0.5006 0.3100 0.1393 0.1640 0.2605 0.4559 0.4769 0.2224 0.1382 0.1814 0.3052 0.5010 0.4291 0.1617 0.1420 0.1686 0.1418 0.1609 0.4293 0.5018 0.3018 0.1818 0.1384 0.2308 0.4769 0.4559 0.2605 0.1640 0.1393 0.3100 0.5006 0.4009 0.2289 0.1521 0.1461 0.3792 0.5092 0.3522 0.2047 0.1441 0.1616 0.4299 0.5024 0.3102 0.1854 0.1390 0.2022 0.4668 0.4728 0.2741 0.1699 0.1381 0.2734 0.4918 0.4267 0.2434 0.1576 0.1417 0.3447 0.5062 0.3782 0.2175 0.1482 0.1513 0.4032 0.5059
0.4683 0.2057 0.1377 0.1822 0.3062 0.5016 0.4316 0.1613 0.1424 0.2010 0.3484 0.5084 0.3831 0.1442 0.1498 0.2240 0.3960 0.5008 0.3208 0.1375 0.1599 0.2517 0.4456 0.4825 0.2475 0.1366 0.1732 0.2849 0.4877 0.4533 0.1816 0.1394 0.1902 0.3248 0.5071 0.4098 0.1509 0.1459 0.2129 0.3748 0.5053 0.3451 0.1390 0.1566 0.2426 0.4369 0.4852 0.2517 0.1365 0.1689 0.2244 0.1693 0.1364 0.2492 0.4847 0.4373 0.2458 0.1566 0.1392 0.3452 0.5053 0.3748 0.2129 0.1459 0.1509 0.4098 0.5071 0.3248 0.1902 0.1394 0.1816 0.4533 0.4877 0.2849 0.1732 0.1366 0.2475 0.4825 0.4456 0.2517 0.1599 0.1375 0.3208 0.5008 0.3960 0.2240 0.1498 0.1442 0.3831 0.5084 0.3484 0.2010 0.1424 0.1613 0.4316 0.5016 0.3062 0.1822 0.1377 0.2057 0.4683
0.5059 0.4032 0.1513 0.1482 0.2175 0.3782 0.5062 0.3447 0.1417 0.1576 0.2434 0.4267 0.4918 0.2734 0.1381 0.1699 0.2741 0.4728 0.4668 0.2022 0.1390 0.1854 0.3102 0.5024 0.4299 0.1616 0.1441 0.2047 0.3522 0.5092 0.3792 0.1461 0.1521 0.2289 0.4009 0.5006 0.3100 0.1393 0.1640 0.2605 0.4559 0.4769 0.2220 0.1385 0.1815 0.3044 0.5008 0.4326 0.1620 0.1420 0.1696 0.1422 0.1607 0.4290 0.5017 0.3057 0.1827 0.1386 0.2208 0.4768 0.4559 0.2605 0.1640 0.1393 0.3100 0.5006 0.4009 0.2289 0.1521 0.1461 0.3792 0.5092 0.3522 0.2047 0.1441 0.1616 0.4299 0.5024 0.3102 0.1854 0.1390 0.2022 0.4668 0.4728 0.2741 0.1699 0.1381 0.2734 0.4918 0.4267 0.2434 0.1576 0.1417 0.3447 0.5062 0.3782 0.2175 0.1482 0.1513 0.4032 0.5059
0.3322 0.5101 0.3996 0.1513 0.1500 0.2204 0.3804 0.5071 0.3400 0.1423 0.1597 0.2463 0.4291 0.4922 0.2682 0.1391 0.1722 0.2769 0.4751 0.4662 0.1984 0.1403 0.1880 0.3127 0.5042 0.4275 0.1608 0.1457 0.2076 0.3546 0.5105 0.3746 0.1463 0.1542 0.2323 0.4043 0.5008 0.3025 0.1399 0.1669 0.2651 0.4613 0.4744 0.2104 0.1400 0.1861 0.3128 0.5053 0.4217 0.1609 0.1366 0.1593 0.4246 0.5043 0.3118 0.1863 0.1398 0.2133 0.4739 0.4614 0.2652 0.1669 0.1399 0.3025 0.5008 0.4043 0.2323 0.1542 0.1463 0.3746 0.5105 0.3546 0.2076 0.1457 0.1608 0.4275 0.5042 0.3127 0.1880 0.1403 0.1984 0.4662 0.4751 0.2769 0.1722 0.1391 0.2682 0.4922 0.4291 0.2463 0.1597 0.1423 0.3400 0.5071 0.3804 0.2204 0.1500 0.1513 0.3996 0.5101 0.3322
0.2012 0.3306 0.5096 0.4062 0.1532 0.1491 0.2176 0.3744 0.5085 0.3485 0.1433 0.1585 0.2428 0.4228 0.4950 0.2780 0.1395 0.1707 0.2728 0.4699 0.4704 0.2062 0.1401 0.1860 0.3078 0.5021 0.4331 0.1638 0.1450 0.2052 0.3493 0.5109 0.3813 0.1475 0.1534 0.2299 0.3998 0.5024 0.3081 0.1403 0.1663 0.2637 0.4596 0.4747 0.2147 0.1399 0.1868 0.3116 0.5056 0.4305 0.2515 0.4310 0.5050 0.3104 0.1862 0.1398 0.2117 0.4760 0.4599 0.2639 0.1663 0.1403 0.3081 0.5024 0.3998 0.2299 0.1534 0.1475 0.3813 0.5109 0.3493 0.2052 0.1450 0.1638 0.4331 0.5021 0.3078 0.1860 0.1401 0.2062 0.4704 0.4699 0.2728 0.1707 0.1395 0.2780 0.4950 0.4228 0.2428 0.1585 0.1433 0.3485 0.5085 0.3744 0.2176 0.1491 0.1532 0.4062 0.5096 0.3306 0.2012
0.1524 0.1934 0.3239 0.5082 0.4143 0.1558 0.1479 0.2139 0.3668 0.5097 0.3590 0.1444 0.1568 0.2384 0.4147 0.4981 0.2902 0.1398 0.1685 0.2675 0.4627 0.4753 0.2169 0.1397 0.1833 0.3018 0.4987 0.4399 0.1680 0.1441 0.2021 0.3428 0.5109 0.3893 0.1490 0.1523 0.2269 0.3944 0.5038 0.3149 0.1407 0.1654 0.2618 0.4572 0.4777 0.2148 0.1402 0.1868 0.3125 0.5011 0.4838 0.5017 0.3119 0.1867 0.1401 0.2102 0.4756 0.4549 0.2616 0.1654 0.1407 0.3149 0.5038 0.3944 0.2269 0.1523 0.1490 0.3893 0.5109 0.3428 0.2021 0.1441 0.1680 0.4399 0.4987 0.3018 0.1833 0.1397 0.2169 0.4753 0.4627 0.2675 0.1685 0.1398 0.2902 0.4981 0.4147 0.2384 0.1568 0.1444 0.3590 0.5097 0.3668 0.2139 0.1479 0.1558 0.4143 0.5082 0.3239 0.1934 0.1524
0.2026 0.1409 0.1903 0.3171 0.5062 0.4225 0.1589 0.1466 0.2101 0.3590 0.5105 0.3695 0.1458 0.1551 0.2339 0.4062 0.5009 0.3029 0.1403 0.1663 0.2622 0.4548 0.4800 0.2287 0.1395 0.1806 0.2957 0.4944 0.4465 0.1731 0.1431 0.1990 0.3365 0.5105 0.3967 0.1505 0.1512 0.2242 0.3894 0.5050 0.3207 0.1409 0.1646 0.2590 0.4525 0.4780 0.2171 0.1400 0.1867 0.3076 0.4410 0.3046 0.1858 0.1399 0.2132 0.4750 0.4577 0.2599 0.1647 0.1409 0.3206 0.5050 0.3894 0.2242 0.1512 0.1505 0.3967 0.5105 0.3365 0.1990 0.1431 0.1731 0.4465 0.4944 0.2957 0.1806 0.1395 0.2287 0.4800 0.4548 0.2622 0.1663 0.1403 0.3029 0.5009 0.4062 0.2339 0.1551 0.1458 0.3695 0.5105 0.3590 0.2101 0.1466 0.1589 0.4225 0.5062 0.3171 0.1903 0.1409 0.2026
