0.0016 0.0022 0.0030 0.0041 0.0054 0.0069 0.0084 0.0098 0.0109 0.0118 0.0124 0.0128 0.0130 0.0132 0.0133 0.0133 0.0133 0.0133 0.0134 0.0134 0.0134 0.0134 0.0134 0.0134 0.0134 0.0134 0.0134 0.0134 0.0134 0.0134 0.0134 0.0134 0.0134 0.0134 0.0134 0.0134 0.0134 0.0134 0.0134 0.0134 0.0134 0.0134 0.0134 0.0134 0.0134 0.0134 0.0134 0.0134 0.0134 0.0134 0.0134 0.0134 0.0134 0.0134 0.0134 0.0134 0.0134 0.0134 0.0134 0.0134 0.0134 0.0134 0.0134 0.0134 0.0134 0.0134 0.0134 0.0134 0.0134 0.0134 0.0134 0.0134 0.0134 0.0134 0.0134 0.0134 0.0134 0.0134 0.0134 0.0134 0.0134 0.0134 0.0134 0.0133 0.0133 0.0133 0.0133 0.0132 0.0130 0.0128 0.0124 0.0118 0.0109 0.0098 0.0084 0.0069 0.0054 0.0041 0.0030 0.0022 0.0016
0.0022 0.0030 0.0042 0.0058 0.0076 0.0097 0.0118 0.0138 0.0154 0.0166 0.0175 0.0180 0.0184 0.0186 0.0187 0.0187 0.0188 0.0188 0.0188 0.0188 0.0188 0.0188 0.0188 0.0188 0.0188 0.0188 0.0188 0.0188 0.0188 0.0188 0.0188 0.0188 0.0188 0.0188 0.0188 0.0188 0.0188 0.0188 0.0188 0.0188 0.0188 0.0188 0.0188 0.0188 0.0188 0.0188 0.0188 0.0188 0.0188 0.0188 0.0188 0.0188 0.0188 0.0188 0.0188 0.0188 0.0188 0.0188 0.0188 0.0188 0.0188 0.0188 0.0188 0.0188 0.0188 0.0188 0.0188 0.0188 0.0188 0.0188 0.0188 0.0188 0.0188 0.0188 0.0188 0.0188 0.0188 0.0188 0.0188 0.0188 0.0188 0.0188 0.0188 0.0188 0.0188 0.0187 0.0187 0.0186 0.0184 0.0180 0.0175 0.0166 0.0154 0.0138 0.0118 0.0097 0.0076 0.0058 0.0042 0.0030 0.0022
0.0030 0.0042 0.0059 0.0080 0.0106 0.0135 0.0165 0.0193 0.0215 0.0232 0.0244 0.0251 0.0256 0.0259 0.0261 0.0262 0.0262 0.0262 0.0263 0.0263 0.0263 0.0263 0.0263 0.0263 0.0263 0.0263 0.0263 0.0263 0.0263 0.0263 0.0263 0.0263 0.0263 0.0263 0.0263 0.0263 0.0263 0.0263 0.0263 0.0263 0.0263 0.0263 0.0263 0.0263 0.0263 0.0263 0.0263 0.0263 0.0263 0.0263 0.0263 0.0263 0.0263 0.0263 0.0263 0.0263 0.0263 0.0263 0.0263 0.0263 0.0263 0.0263 0.0263 0.0263 0.0263 0.0263 0.0263 0.0263 0.0263 0.0263 0.0263 0.0263 0.0263 0.0263 0.0263 0.0263 0.0263 0.0263 0.0263 0.0263 0.0263 0.0263 0.0263 0.0262 0.0262 0.0262 0.0261 0.0259 0.0256 0.0251 0.0244 0.0232 0.0215 0.0193 0.0165 0.0135 0.0106 0.0080 0.0059 0.0042 0.0030
0.0041 0.0058 0.0080 0.0109 0.0145 0.0185 0.0225 0.0263 0.0294 0.0317 0.0333 0.0344 0.0350 0.0354 0.0356 0.0357 0.0358 0.0358 0.0359 0.0359 0.0359 0.0359 0.0359 0.0359 0.0359 0.0359 0.0359 0.0359 0.0359 0.0359 0.0359 0.0359 0.0359 0.0359 0.0359 0.0359 0.0359 0.0359 0.0359 0.0359 0.0359 0.0359 0.0359 0.0359 0.0359 0.0359 0.0359 0.0359 0.0359 0.0359 0.0359 0.0359 0.0359 0.0359 0.0359 0.0359 0.0359 0.0359 0.0359 0.0359 0.0359 0.0359 0.0359 0.0359 0.0359 0.0359 0.0359 0.0359 0.0359 0.0359 0.0359 0.0359 0.0359 0.0359 0.0359 0.0359 0.0359 0.0359 0.0359 0.0359 0.0359 0.0359 0.0359 0.0358 0.0358 0.0357 0.0356 0.0354 0.0350 0.0344 0.0333 0.0317 0.0294 0.0263 0.0225 0.0185 0.0145 0.0109 0.0080 0.0058 0.0041
0.0054 0.0076 0.0106 0.0145 0.0192 0.0245 0.0299 0.0349 0.0390 0.0421 0.0442 0.0456 0.0464 0.0470 0.0472 0.0474 0.0475 0.0475 0.0475 0.0476 0.0476 0.0476 0.0476 0.0476 0.0476 0.0476 0.0476 0.0476 0.0476 0.0476 0.0476 0.0476 0.0476 0.0476 0.0476 0.0476 0.0476 0.0476 0.0476 0.0476 0.0476 0.0476 0.0476 0.0476 0.0476 0.0476 0.0476 0.0476 0.0476 0.0476 0.0476 0.0476 0.0476 0.0476 0.0476 0.0476 0.0476 0.0476 0.0476 0.0476 0.0476 0.0476 0.0476 0.0476 0.0476 0.0476 0.0476 0.0476 0.0476 0.0476 0.0476 0.0476 0.0476 0.0476 0.0476 0.0476 0.0476 0.0476 0.0476 0.0476 0.0476 0.0476 0.0475 0.0475 0.0475 0.0474 0.0472 0.0470 0.0464 0.0456 0.0442 0.0421 0.0390 0.0349 0.0299 0.0245 0.0192 0.0145 0.0106 0.0076 0.0054
0.0069 0.0097 0.0135 0.0185 0.0245 0.0312 0.0381 0.0445 0.0497 0.0538 0.0565 0.0582 0.0594 0.0600 0.0604 0.0606 0.0607 0.0607 0.0607 0.0607 0.0608 0.0608 0.0608 0.0608 0.0608 0.0608 0.0608 0.0608 0.0608 0.0608 0.0608 0.0608 0.0608 0.0608 0.0608 0.0608 0.0608 0.0608 0.0608 0.0608 0.0608 0.0608 0.0608 0.0608 0.0608 0.0608 0.0608 0.0608 0.0608 0.0608 0.0608 0.0608 0.0608 0.0608 0.0608 0.0608 0.0608 0.0608 0.0608 0.0608 0.0608 0.0608 0.0608 0.0608 0.0608 0.0608 0.0608 0.0608 0.0608 0.0608 0.0608 0.0608 0.0608 0.0608 0.0608 0.0608 0.0608 0.0608 0.0608 0.0608 0.0608 0.0607 0.0607 0.0607 0.0607 0.0606 0.0604 0.0600 0.0594 0.0582 0.0565 0.0538 0.0497 0.0445 0.0381 0.0312 0.0245 0.0185 0.0135 0.0097 0.0069
0.0084 0.0118 0.0165 0.0225 0.0299 0.0381 0.0466 0.0544 0.0608 0.0657 0.0690 0.0712 0.0726 0.0733 0.0739 0.0740 0.0741 0.0743 0.0743 0.0743 0.0743 0.0744 0.0744 0.0744 0.0744 0.0744 0.0744 0.0744 0.0744 0.0744 0.0744 0.0744 0.0744 0.0744 0.0744 0.0744 0.0744 0.0744 0.0744 0.0744 0.0744 0.0744 0.0744 0.0744 0.0744 0.0744 0.0744 0.0744 0.0744 0.0744 0.0744 0.0744 0.0744 0.0744 0.0744 0.0744 0.0744 0.0744 0.0744 0.0744 0.0744 0.0744 0.0744 0.0744 0.0744 0.0744 0.0744 0.0744 0.0744 0.0744 0.0744 0.0744 0.0744 0.0744 0.0744 0.0744 0.0744 0.0744 0.0744 0.0744 0.0743 0.0743 0.0743 0.0743 0.0741 0.0740 0.0739 0.0733 0.0726 0.0712 0.0690 0.0657 0.0608 0.0544 0.0466 0.0381 0.0299 0.0225 0.0165 0.0118 0.0084
0.0098 0.0138 0.0193 0.0263 0.0349 0.0445 0.0544 0.0634 0.0710 0.0767 0.0806 0.0831 0.0847 0.0857 0.0862 0.0865 0.0867 0.0868 0.0868 0.0868 0.0868 0.0868 0.0868 0.0868 0.0868 0.0868 0.0868 0.0868 0.0868 0.0868 0.0868 0.0868 0.0868 0.0868 0.0868 0.0868 0.0868 0.0868 0.0868 0.0868 0.0868 0.0868 0.0868 0.0868 0.0868 0.0868 0.0868 0.0868 0.0868 0.0868 0.0868 0.0868 0.0868 0.0868 0.0868 0.0868 0.0868 0.0868 0.0868 0.0868 0.0868 0.0868 0.0868 0.0868 0.0868 0.0868 0.0868 0.0868 0.0868 0.0868 0.0868 0.0868 0.0868 0.0868 0.0868 0.0868 0.0868 0.0868 0.0868 0.0868 0.0868 0.0868 0.0868 0.0868 0.0867 0.0865 0.0862 0.0857 0.0847 0.0831 0.0806 0.0767 0.0710 0.0634 0.0544 0.0445 0.0349 0.0263 0.0193 0.0138 0.0098
0.0109 0.0154 0.0215 0.0294 0.0390 0.0497 0.0608 0.0710 0.0794 0.0858 0.0902 0.0930 0.0948 0.0959 0.0964 0.0968 0.0970 0.0971 0.0971 0.0971 0.0971 0.0973 0.0973 0.0973 0.0973 0.0973 0.0973 0.0973 0.0973 0.0973 0.0973 0.0973 0.0973 0.0973 0.0973 0.0973 0.0973 0.0973 0.0973 0.0973 0.0973 0.0973 0.0973 0.0973 0.0973 0.0973 0.0973 0.0973 0.0973 0.0973 0.0973 0.0973 0.0973 0.0973 0.0973 0.0973 0.0973 0.0973 0.0973 0.0973 0.0973 0.0973 0.0973 0.0973 0.0973 0.0973 0.0973 0.0973 0.0973 0.0973 0.0973 0.0973 0.0973 0.0973 0.0973 0.0973 0.0973 0.0973 0.0973 0.0973 0.0971 0.0971 0.0971 0.0971 0.0970 0.0968 0.0964 0.0959 0.0948 0.0930 0.0902 0.0858 0.0794 0.0710 0.0608 0.0497 0.0390 0.0294 0.0215 0.0154 0.0109
0.0118 0.0166 0.0232 0.0317 0.0421 0.0538 0.0657 0.0767 0.0858 0.0926 0.0975 0.1005 0.1025 0.1036 0.1042 0.1046 0.1048 0.1048 0.1050 0.1050 0.1050 0.1050 0.1050 0.1050 0.1050 0.1050 0.1050 0.1050 0.1050 0.1050 0.1050 0.1050 0.1050 0.1050 0.1050 0.1050 0.1050 0.1050 0.1050 0.1050 0.1050 0.1050 0.1050 0.1050 0.1050 0.1050 0.1050 0.1050 0.1050 0.1050 0.1050 0.1050 0.1050 0.1050 0.1050 0.1050 0.1050 0.1050 0.1050 0.1050 0.1050 0.1050 0.1050 0.1050 0.1050 0.1050 0.1050 0.1050 0.1050 0.1050 0.1050 0.1050 0.1050 0.1050 0.1050 0.1050 0.1050 0.1050 0.1050 0.1050 0.1050 0.1050 0.1050 0.1048 0.1048 0.1046 0.1042 0.1036 0.1025 0.1005 0.0975 0.0926 0.0858 0.0767 0.0657 0.0538 0.0421 0.0317 0.0232 0.0166 0.0118
0.0124 0.0175 0.0244 0.0333 0.0442 0.0565 0.0690 0.0806 0.0902 0.0975 0.1025 0.1056 0.1076 0.1089 0.1095 0.1099 0.1101 0.1103 0.1103 0.1103 0.1105 0.1105 0.1105 0.1105 0.1105 0.1105 0.1105 0.1105 0.1105 0.1105 0.1105 0.1105 0.1105 0.1105 0.1105 0.1105 0.1105 0.1105 0.1105 0.1105 0.1105 0.1105 0.1105 0.1105 0.1105 0.1105 0.1105 0.1105 0.1105 0.1105 0.1105 0.1105 0.1105 0.1105 0.1105 0.1105 0.1105 0.1105 0.1105 0.1105 0.1105 0.1105 0.1105 0.1105 0.1105 0.1105 0.1105 0.1105 0.1105 0.1105 0.1105 0.1105 0.1105 0.1105 0.1105 0.1105 0.1105 0.1105 0.1105 0.1105 0.1105 0.1103 0.1103 0.1103 0.1101 0.1099 0.1095 0.1089 0.1076 0.1056 0.1025 0.0975 0.0902 0.0806 0.0690 0.0565 0.0442 0.0333 0.0244 0.0175 0.0124
0.0128 0.0180 0.0251 0.0344 0.0456 0.0582 0.0712 0.0831 0.0930 0.1005 0.1056 0.1091 0.1112 0.1122 0.1131 0.1135 0.1137 0.1137 0.1140 0.1140 0.1140 0.1140 0.1140 0.1142 0.1142 0.1142 0.1142 0.1142 0.1142 0.1142 0.1142 0.1142 0.1142 0.1142 0.1142 0.1142 0.1142 0.1142 0.1142 0.1142 0.1142 0.1142 0.1142 0.1142 0.1142 0.1142 0.1142 0.1142 0.1142 0.1142 0.1142 0.1142 0.1142 0.1142 0.1142 0.1142 0.1142 0.1142 0.1142 0.1142 0.1142 0.1142 0.1142 0.1142 0.1142 0.1142 0.1142 0.1142 0.1142 0.1142 0.1142 0.1142 0.1142 0.1142 0.1142 0.1142 0.1142 0.1142 0.1140 0.1140 0.1140 0.1140 0.1140 0.1137 0.1137 0.1135 0.1131 0.1122 0.1112 0.1091 0.1056 0.1005 0.0930 0.0831 0.0712 0.0582 0.0456 0.0344 0.0251 0.0180 0.0128
0.0130 0.0184 0.0256 0.0350 0.0464 0.0594 0.0726 0.0847 0.0948 0.1025 0.1076 0.1112 0.1133 0.1144 0.1153 0.1155 0.1157 0.1159 0.1159 0.1162 0.1162 0.1162 0.1164 0.1164 0.1164 0.1164 0.1164 0.1164 0.1164 0.1164 0.1164 0.1164 0.1164 0.1164 0.1164 0.1164 0.1164 0.1164 0.1164 0.1164 0.1164 0.1164 0.1164 0.1164 0.1164 0.1164 0.1164 0.1164 0.1164 0.1164 0.1164 0.1164 0.1164 0.1164 0.1164 0.1164 0.1164 0.1164 0.1164 0.1164 0.1164 0.1164 0.1164 0.1164 0.1164 0.1164 0.1164 0.1164 0.1164 0.1164 0.1164 0.1164 0.1164 0.1164 0.1164 0.1164 0.1164 0.1164 0.1164 0.1162 0.1162 0.1162 0.1159 0.1159 0.1157 0.1155 0.1153 0.1144 0.1133 0.1112 0.1076 0.1025 0.0948 0.0847 0.0726 0.0594 0.0464 0.0350 0.0256 0.0184 0.0130
0.0132 0.0186 0.0259 0.0354 0.0470 0.0600 0.0733 0.0857 0.0959 0.1036 0.1089 0.1122 0.1144 0.1157 0.1164 0.1168 0.1170 0.1173 0.1173 0.1175 0.1175 0.1175 0.1175 0.1177 0.1177 0.1177 0.1177 0.1177 0.1177 0.1177 0.1177 0.1177 0.1177 0.1177 0.1177 0.1177 0.1177 0.1177 0.1177 0.1177 0.1177 0.1177 0.1177 0.1177 0.1177 0.1177 0.1177 0.1177 0.1177 0.1177 0.1177 0.1177 0.1177 0.1177 0.1177 0.1177 0.1177 0.1177 0.1177 0.1177 0.1177 0.1177 0.1177 0.1177 0.1177 0.1177 0.1177 0.1177 0.1177 0.1177 0.1177 0.1177 0.1177 0.1177 0.1177 0.1177 0.1177 0.1177 0.1175 0.1175 0.1175 0.1175 0.1173 0.1173 0.1170 0.1168 0.1164 0.1157 0.1144 0.1122 0.1089 0.1036 0.0959 0.0857 0.0733 0.0600 0.0470 0.0354 0.0259 0.0186 0.0132
0.0133 0.0187 0.0261 0.0356 0.0472 0.0604 0.0739 0.0862 0.0964 0.1042 0.1095 0.1131 0.1153 0.1164 0.1173 0.1177 0.1179 0.1179 0.1179 0.1182 0.1182 0.1182 0.1184 0.1184 0.1184 0.1184 0.1186 0.1186 0.1186 0.1186 0.1186 0.1186 0.1186 0.1186 0.1186 0.1186 0.1186 0.1186 0.1186 0.1186 0.1186 0.1186 0.1186 0.1186 0.1186 0.1186 0.1186 0.1186 0.1186 0.1186 0.1186 0.1186 0.1186 0.1186 0.1186 0.1186 0.1186 0.1186 0.1186 0.1186 0.1186 0.1186 0.1186 0.1186 0.1186 0.1186 0.1186 0.1186 0.1186 0.1186 0.1186 0.1186 0.1186 0.1186 0.1186 0.1184 0.1184 0.1184 0.1184 0.1182 0.1182 0.1182 0.1179 0.1179 0.1179 0.1177 0.1173 0.1164 0.1153 0.1131 0.1095 0.1042 0.0964 0.0862 0.0739 0.0604 0.0472 0.0356 0.0261 0.0187 0.0133
0.0133 0.0187 0.0262 0.0357 0.0474 0.0606 0.0740 0.0865 0.0968 0.1046 0.1099 0.1135 0.1155 0.1168 0.1177 0.1179 0.1182 0.1184 0.1184 0.1186 0.1186 0.1186 0.1188 0.1188 0.1188 0.1188 0.1188 0.1191 0.1191 0.1191 0.1191 0.1191 0.1191 0.1191 0.1191 0.1191 0.1191 0.1191 0.1191 0.1191 0.1191 0.1191 0.1191 0.1191 0.1191 0.1191 0.1191 0.1191 0.1191 0.1191 0.1191 0.1191 0.1191 0.1191 0.1191 0.1191 0.1191 0.1191 0.1191 0.1191 0.1191 0.1191 0.1191 0.1191 0.1191 0.1191 0.1191 0.1191 0.1191 0.1191 0.1191 0.1191 0.1191 0.1191 0.1188 0.1188 0.1188 0.1188 0.1188 0.1186 0.1186 0.1186 0.1184 0.1184 0.1182 0.1179 0.1177 0.1168 0.1155 0.1135 0.1099 0.1046 0.0968 0.0865 0.0740 0.0606 0.0474 0.0357 0.0262 0.0187 0.0133
0.0133 0.0188 0.0262 0.0358 0.0475 0.0607 0.0741 0.0867 0.0970 0.1048 0.1101 0.1137 0.1157 0.1170 0.1179 0.1182 0.1184 0.1186 0.1186 0.1188 0.1188 0.1188 0.1191 0.1191 0.1191 0.1191 0.1191 0.1193 0.1193 0.1193 0.1193 0.1193 0.1193 0.1193 0.1193 0.1193 0.1193 0.1193 0.1193 0.1193 0.1193 0.1193 0.1193 0.1193 0.1193 0.1193 0.1193 0.1193 0.1193 0.1193 0.1193 0.1193 0.1193 0.1193 0.1193 0.1193 0.1193 0.1193 0.1193 0.1193 0.1193 0.1193 0.1193 0.1193 0.1193 0.1193 0.1193 0.1193 0.1193 0.1193 0.1193 0.1193 0.1193 0.1193 0.1191 0.1191 0.1191 0.1191 0.1191 0.1188 0.1188 0.1188 0.1186 0.1186 0.1184 0.1182 0.1179 0.1170 0.1157 0.1137 0.1101 0.1048 0.0970 0.0867 0.0741 0.0607 0.0475 0.0358 0.0262 0.0188 0.0133
0.0133 0.0188 0.0262 0.0358 0.0475 0.0607 0.0743 0.0868 0.0971 0.1048 0.1103 0.1137 0.1159 0.1173 0.1179 0.1184 0.1186 0.1186 0.1188 0.1188 0.1188 0.1191 0.1191 0.1191 0.1191 0.1193 0.1193 0.1193 0.1193 0.1193 0.1193 0.1193 0.1193 0.1193 0.1193 0.1193 0.1193 0.1193 0.1193 0.1193 0.1193 0.1193 0.1193 0.1193 0.1193 0.1193 0.1193 0.1193 0.1193 0.1193 0.1193 0.1193 0.1193 0.1193 0.1193 0.1193 0.1193 0.1193 0.1193 0.1193 0.1193 0.1193 0.1193 0.1193 0.1193 0.1193 0.1193 0.1193 0.1193 0.1193 0.1193 0.1193 0.1193 0.1193 0.1193 0.1193 0.1191 0.1191 0.1191 0.1191 0.1188 0.1188 0.1188 0.1186 0.1186 0.1184 0.1179 0.1173 0.1159 0.1137 0.1103 0.1048 0.0971 0.0868 0.0743 0.0607 0.0475 0.0358 0.0262 0.0188 0.0133
0.0134 0.0188 0.0263 0.0359 0.0475 0.0607 0.0743 0.0868 0.0971 0.1050 0.1103 0.1140 0.1159 0.1173 0.1179 0.1184 0.1186 0.1188 0.1188 0.1188 0.1191 0.1191 0.1191 0.1193 0.1193 0.1193 0.1193 0.1193 0.1193 0.1193 0.1193 0.1193 0.1193 0.1193 0.1193 0.1193 0.1193 0.1193 0.1193 0.1193 0.1193 0.1193 0.1193 0.1193 0.1193 0.1193 0.1193 0.1193 0.1193 0.1193 0.1193 0.1193 0.1193 0.1193 0.1193 0.1193 0.1193 0.1193 0.1193 0.1193 0.1193 0.1193 0.1193 0.1193 0.1193 0.1193 0.1193 0.1193 0.1193 0.1193 0.1193 0.1193 0.1193 0.1193 0.1193 0.1193 0.1193 0.1193 0.1191 0.1191 0.1191 0.1188 0.1188 0.1188 0.1186 0.1184 0.1179 0.1173 0.1159 0.1140 0.1103 0.1050 0.0971 0.0868 0.0743 0.0607 0.0475 0.0359 0.0263 0.0188 0.0134
0.0134 0.0188 0.0263 0.0359 0.0476 0.0608 0.0743 0.0868 0.0971 0.1050 0.1103 0.1140 0.1162 0.1175 0.1182 0.1186 0.1188 0.1188 0.1188 0.1191 0.1191 0.1191 0.1193 0.1193 0.1193 0.1193 0.1193 0.1193 0.1193 0.1193 0.1193 0.1193 0.1193 0.1193 0.1193 0.1193 0.1193 0.1193 0.1193 0.1193 0.1193 0.1193 0.1193 0.1193 0.1193 0.1193 0.1193 0.1193 0.1193 0.1193 0.1193 0.1193 0.1193 0.1193 0.1193 0.1193 0.1193 0.1193 0.1193 0.1193 0.1193 0.1193 0.1193 0.1193 0.1193 0.1193 0.1193 0.1193 0.1193 0.1193 0.1193 0.1193 0.1193 0.1193 0.1193 0.1193 0.1193 0.1193 0.1193 0.1191 0.1191 0.1191 0.1188 0.1188 0.1188 0.1186 0.1182 0.1175 0.1162 0.1140 0.1103 0.1050 0.0971 0.0868 0.0743 0.0607 0.0476 0.0359 0.0263 0.0188 0.0134
0.0134 0.0188 0.0263 0.0359 0.0476 0.0608 0.0744 0.0868 0.0971 0.1050 0.1105 0.1140 0.1162 0.1175 0.1182 0.1186 0.1188 0.1188 0.1191 0.1191 0.1191 0.1193 0.1193 0.1193 0.1193 0.1193 0.1193 0.1193 0.1193 0.1193 0.1193 0.1193 0.1193 0.1193 0.1193 0.1193 0.1193 0.1193 0.1193 0.1193 0.1193 0.1193 0.1193 0.1193 0.1193 0.1193 0.1193 0.1193 0.1193 0.1193 0.1193 0.1193 0.1193 0.1193 0.1193 0.1193 0.1193 0.1193 0.1193 0.1193 0.1193 0.1193 0.1193 0.1193 0.1193 0.1193 0.1193 0.1193 0.1193 0.1193 0.1193 0.1193 0.1193 0.1193 0.1193 0.1193 0.1193 0.1193 0.1193 0.1193 0.1191 0.1191 0.1191 0.1188 0.1188 0.1186 0.1182 0.1175 0.1162 0.1140 0.1105 0.1050 0.0971 0.0868 0.0743 0.0608 0.0476 0.0359 0.0263 0.0188 0.0134
0.0134 0.0188 0.0263 0.0359 0.0476 0.0608 0.0744 0.0868 0.0973 0.1050 0.1105 0.1140 0.1162 0.1175 0.1182 0.1186 0.1188 0.1191 0.1191 0.1191 0.1193 0.1193 0.1193 0.1193 0.1193 0.1193 0.1193 0.1193 0.1193 0.1193 0.1193 0.1193 0.1193 0.1193 0.1193 0.1193 0.1193 0.1193 0.1193 0.1193 0.1193 0.1193 0.1193 0.1193 0.1193 0.1193 0.1193 0.1193 0.1193 0.1193 0.1193 0.1193 0.1193 0.1193 0.1193 0.1193 0.1193 0.1193 0.1193 0.1193 0.1193 0.1193 0.1193 0.1193 0.1193 0.1193 0.1193 0.1193 0.1193 0.1193 0.1193 0.1193 0.1193 0.1193 0.1193 0.1193 0.1193 0.1193 0.1193 0.1193 0.1193 0.1191 0.1191 0.1191 0.1188 0.1186 0.1182 0.1175 0.1162 0.1140 0.1105 0.1050 0.0973 0.0868 0.0744 0.0608 0.0476 0.0359 0.0263 0.0188 0.0134
0.0134 0.0188 0.0263 0.0359 0.0476 0.0608 0.0744 0.0868 0.0973 0.1050 0.1105 0.1142 0.1164 0.1175 0.1184 0.1188 0.1191 0.1191 0.1191 0.1193 0.1193 0.1193 0.1193 0.1193 0.1193 0.1193 0.1193 0.1193 0.1193 0.1193 0.1193 0.1193 0.1193 0.1193 0.1193 0.1193 0.1193 0.1193 0.1193 0.1193 0.1193 0.1193 0.1193 0.1193 0.1193 0.1193 0.1193 0.1193 0.1193 0.1193 0.1193 0.1193 0.1193 0.1193 0.1193 0.1193 0.1193 0.1193 0.1193 0.1193 0.1193 0.1193 0.1193 0.1193 0.1193 0.1193 0.1193 0.1193 0.1193 0.1193 0.1193 0.1193 0.1193 0.1193 0.1193 0.1193 0.1193 0.1193 0.1193 0.1193 0.1193 0.1193 0.1191 0.1191 0.1191 0.1188 0.1184 0.1175 0.1164 0.1140 0.1105 0.1050 0.0973 0.0868 0.0744 0.0608 0.0476 0.0359 0.0263 0.0188 0.0134
0.0134 0.0188 0.0263 0.0359 0.0476 0.0608 0.0744 0.0870 0.0973 0.1052 0.1105 0.1142 0.1164 0.1177 0.1184 0.1188 0.1191 0.1191 0.1193 0.1193 0.1193 0.1193 0.1193 0.1193 0.1193 0.1193 0.1193 0.1193 0.1193 0.1193 0.1193 0.1193 0.1193 0.1193 0.1193 0.1193 0.1193 0.1193 0.1193 0.1193 0.1193 0.1193 0.1193 0.1193 0.1193 0.1193 0.1193 0.1193 0.1193 0.1193 0.1193 0.1193 0.1193 0.1193 0.1193 0.1193 0.1193 0.1193 0.1193 0.1193 0.1193 0.1193 0.1193 0.1193 0.1193 0.1193 0.1193 0.1193 0.1193 0.1193 0.1193 0.1193 0.1193 0.1193 0.1193 0.1193 0.1193 0.1193 0.1193 0.1193 0.1193 0.1193 0.1193 0.1191 0.1191 0.1188 0.1184 0.1177 0.1164 0.1142 0.1105 0.1050 0.0973 0.0868 0.0744 0.0608 0.0476 0.0359 0.0263 0.0188 0.0134
0.0134 0.0189 0.0263 0.0359 0.0477 0.0610 0.0744 0.0870 0.0973 0.1052 0.1105 0.1142 0.1164 0.1177 0.1184 0.1188 0.1191 0.1191 0.1193 0.1193 0.1193 0.1193 0.1193 0.1193 0.1193 0.1193 0.1193 0.1193 0.1193 0.1193 0.1193 0.1193 0.1193 0.1193 0.1193 0.1193 0.1193 0.1193 0.1193 0.1193 0.1193 0.1193 0.1193 0.1193 0.1193 0.1193 0.1193 0.1193 0.1193 0.1193 0.1193 0.1193 0.1193 0.1193 0.1193 0.1193 0.1193 0.1193 0.1193 0.1193 0.1193 0.1193 0.1193 0.1193 0.1193 0.1193 0.1193 0.1193 0.1193 0.1193 0.1193 0.1193 0.1193 0.1193 0.1193 0.1193 0.1193 0.1193 0.1193 0.1193 0.1193 0.1193 0.1193 0.1191 0.1191 0.1188 0.1184 0.1177 0.1164 0.1142 0.1105 0.1050 0.0973 0.0868 0.0744 0.0608 0.0476 0.0359 0.0263 0.0188 0.0134
0.0134 0.0189 0.0263 0.0359 0.0477 0.0610 0.0746 0.0872 0.0975 0.1052 0.1108 0.1142 0.1164 0.1177 0.1184 0.1188 0.1191 0.1193 0.1193 0.1193 0.1193 0.1193 0.1193 0.1193 0.1193 0.1193 0.1193 0.1193 0.1193 0.1193 0.1193 0.1193 0.1193 0.1193 0.1193 0.1193 0.1193 0.1193 0.1193 0.1193 0.1193 0.1193 0.1193 0.1193 0.1193 0.1193 0.1193 0.1193 0.1193 0.1193 0.1193 0.1193 0.1193 0.1193 0.1193 0.1193 0.1193 0.1193 0.1193 0.1193 0.1193 0.1193 0.1193 0.1193 0.1193 0.1193 0.1193 0.1193 0.1193 0.1193 0.1193 0.1193 0.1193 0.1193 0.1193 0.1193 0.1193 0.1193 0.1193 0.1193 0.1193 0.1193 0.1193 0.1193 0.1191 0.1188 0.1184 0.1177 0.1164 0.1142 0.1105 0.1050 0.0973 0.0868 0.0744 0.0608 0.0476 0.0359 0.0263 0.0188 0.0134
0.0134 0.0189 0.0264 0.0360 0.0478 0.0611 0.0747 0.0873 0.0977 0.1054 0.1110 0.1144 0.1166 0.1179 0.1186 0.1191 0.1191 0.1193 0.1193 0.1193 0.1193 0.1193 0.1193 0.1193 0.1193 0.1193 0.1193 0.1193 0.1193 0.1193 0.1193 0.1193 0.1193 0.1193 0.1193 0.1193 0.1193 0.1193 0.1193 0.1193 0.1193 0.1193 0.1193 0.1193 0.1193 0.1193 0.1193 0.1193 0.1193 0.1193 0.1193 0.1193 0.1193 0.1193 0.1193 0.1193 0.1193 0.1193 0.1193 0.1193 0.1193 0.1193 0.1193 0.1193 0.1193 0.1193 0.1193 0.1193 0.1193 0.1193 0.1193 0.1193 0.1193 0.1193 0.1193 0.1193 0.1193 0.1193 0.1193 0.1193 0.1193 0.1193 0.1193 0.1193 0.1191 0.1188 0.1186 0.1177 0.1164 0.1142 0.1105 0.1050 0.0973 0.0868 0.0744 0.0608 0.0476 0.0359 0.0263 0.0188 0.0134
0.0135 0.0190 0.0265 0.0361 0.0480 0.0613 0.0750 0.0875 0.0979 0.1058 0.1112 0.1148 0.1170 0.1182 0.1188 0.1193 0.1193 0.1193 0.1193 0.1193 0.1193 0.1193 0.1193 0.1193 0.1193 0.1193 0.1193 0.1193 0.1193 0.1193 0.1193 0.1193 0.1193 0.1193 0.1193 0.1193 0.1193 0.1193 0.1193 0.1193 0.1193 0.1193 0.1193 0.1193 0.1193 0.1193 0.1193 0.1193 0.1193 0.1193 0.1193 0.1193 0.1193 0.1193 0.1193 0.1193 0.1193 0.1193 0.1193 0.1193 0.1193 0.1193 0.1193 0.1193 0.1193 0.1193 0.1193 0.1193 0.1193 0.1193 0.1193 0.1193 0.1193 0.1193 0.1193 0.1193 0.1193 0.1193 0.1193 0.1193 0.1193 0.1193 0.1193 0.1193 0.1193 0.1191 0.1186 0.1177 0.1164 0.1142 0.1105 0.1050 0.0973 0.0868 0.0744 0.0608 0.0476 0.0359 0.0263 0.0188 0.0134
0.0135 0.0191 0.0266 0.0363 0.0482 0.0615 0.0753 0.0880 0.0984 0.1062 0.1118 0.1153 0.1175 0.1188 0.1195 0.1197 0.1197 0.1197 0.1197 0.1197 0.1197 0.1197 0.1197 0.1197 0.1197 0.1197 0.1197 0.1197 0.1197 0.1197 0.1197 0.1197 0.1197 0.1197 0.1197 0.1197 0.1197 0.1197 0.1197 0.1197 0.1197 0.1197 0.1197 0.1197 0.1197 0.1197 0.1197 0.1197 0.1197 0.1197 0.1195 0.1195 0.1193 0.1193 0.1193 0.1193 0.1193 0.1193 0.1193 0.1193 0.1193 0.1193 0.1193 0.1193 0.1193 0.1193 0.1193 0.1193 0.1193 0.1193 0.1193 0.1193 0.1193 0.1193 0.1193 0.1193 0.1193 0.1193 0.1193 0.1193 0.1193 0.1193 0.1193 0.1193 0.1193 0.1191 0.1186 0.1177 0.1164 0.1142 0.1105 0.1050 0.0973 0.0868 0.0744 0.0608 0.0476 0.0359 0.0263 0.0188 0.0134
0.0136 0.0192 0.0268 0.0366 0.0486 0.0621 0.0759 0.0887 0.0992 0.1070 0.1127 0.1162 0.1184 0.1195 0.1202 0.1207 0.1207 0.1207 0.1207 0.1207 0.1207 0.1207 0.1207 0.1207 0.1207 0.1207 0.1207 0.1207 0.1207 0.1207 0.1207 0.1207 0.1207 0.1207 0.1207 0.1207 0.1207 0.1207 0.1207 0.1207 0.1207 0.1207 0.1207 0.1207 0.1207 0.1207 0.1204 0.1204 0.1204 0.1202 0.1200 0.1197 0.1195 0.1195 0.1193 0.1193 0.1193 0.1193 0.1193 0.1193 0.1193 0.1193 0.1193 0.1193 0.1193 0.1193 0.1193 0.1193 0.1193 0.1193 0.1193 0.1193 0.1193 0.1193 0.1193 0.1193 0.1193 0.1193 0.1193 0.1193 0.1193 0.1193 0.1193 0.1193 0.1193 0.1191 0.1186 0.1177 0.1164 0.1142 0.1105 0.1050 0.0973 0.0868 0.0744 0.0608 0.0476 0.0359 0.0263 0.0188 0.0134
0.0138 0.0194 0.0272 0.0371 0.0492 0.0628 0.0769 0.0897 0.1003 0.1085 0.1140 0.1175 0.1197 0.1209 0.1216 0.1220 0.1220 0.1220 0.1220 0.1220 0.1220 0.1220 0.1220 0.1220 0.1220 0.1220 0.1220 0.1220 0.1220 0.1220 0.1220 0.1220 0.1220 0.1220 0.1220 0.1220 0.1220 0.1220 0.1220 0.1220 0.1220 0.1220 0.1220 0.1220 0.1220 0.1218 0.1216 0.1213 0.1211 0.1209 0.1207 0.1204 0.1202 0.1197 0.1195 0.1193 0.1193 0.1193 0.1193 0.1193 0.1193 0.1193 0.1193 0.1193 0.1193 0.1193 0.1193 0.1193 0.1193 0.1193 0.1193 0.1193 0.1193 0.1193 0.1193 0.1193 0.1193 0.1193 0.1193 0.1193 0.1193 0.1193 0.1193 0.1193 0.1193 0.1191 0.1186 0.1177 0.1164 0.1142 0.1105 0.1050 0.0973 0.0868 0.0744 0.0608 0.0476 0.0359 0.0263 0.0188 0.0134
0.0141 0.0198 0.0276 0.0377 0.0500 0.0639 0.0782 0.0912 0.1021 0.1103 0.1159 0.1195 0.1218 0.1230 0.1237 0.1241 0.1241 0.1244 0.1244 0.1244 0.1244 0.1244 0.1244 0.1244 0.1244 0.1244 0.1244 0.1244 0.1244 0.1244 0.1244 0.1244 0.1244 0.1244 0.1244 0.1244 0.1244 0.1244 0.1241 0.1241 0.1241 0.1241 0.1241 0.1239 0.1239 0.1237 0.1232 0.1230 0.1225 0.1223 0.1218 0.1213 0.1209 0.1204 0.1200 0.1195 0.1193 0.1193 0.1193 0.1193 0.1193 0.1193 0.1193 0.1193 0.1193 0.1193 0.1193 0.1193 0.1193 0.1193 0.1193 0.1193 0.1193 0.1193 0.1193 0.1193 0.1193 0.1193 0.1193 0.1193 0.1193 0.1193 0.1193 0.1193 0.1193 0.1191 0.1186 0.1177 0.1164 0.1142 0.1105 0.1050 0.0973 0.0868 0.0744 0.0608 0.0476 0.0359 0.0263 0.0188 0.0134
0.0144 0.0203 0.0283 0.0386 0.0513 0.0655 0.0800 0.0935 0.1046 0.1129 0.1186 0.1223 0.1246 0.1261 0.1268 0.1270 0.1273 0.1273 0.1273 0.1273 0.1273 0.1273 0.1273 0.1273 0.1273 0.1273 0.1273 0.1273 0.1273 0.1273 0.1273 0.1273 0.1273 0.1273 0.1273 0.1273 0.1273 0.1273 0.1273 0.1273 0.1273 0.1273 0.1270 0.1268 0.1265 0.1261 0.1258 0.1251 0.1246 0.1239 0.1232 0.1225 0.1218 0.1213 0.1207 0.1200 0.1195 0.1193 0.1193 0.1193 0.1193 0.1193 0.1193 0.1193 0.1193 0.1193 0.1193 0.1193 0.1193 0.1193 0.1193 0.1193 0.1193 0.1193 0.1193 0.1193 0.1193 0.1193 0.1193 0.1193 0.1193 0.1193 0.1193 0.1193 0.1193 0.1191 0.1186 0.1177 0.1164 0.1142 0.1105 0.1050 0.0973 0.0868 0.0744 0.0608 0.0476 0.0359 0.0263 0.0188 0.0134
0.0149 0.0209 0.0292 0.0399 0.0530 0.0677 0.0828 0.0966 0.1081 0.1166 0.1225 0.1265 0.1287 0.1302 0.1309 0.1314 0.1314 0.1317 0.1317 0.1317 0.1317 0.1317 0.1317 0.1317 0.1317 0.1317 0.1317 0.1317 0.1317 0.1317 0.1317 0.1317 0.1317 0.1317 0.1317 0.1317 0.1317 0.1317 0.1314 0.1314 0.1314 0.1312 0.1309 0.1307 0.1302 0.1297 0.1290 0.1282 0.1273 0.1263 0.1253 0.1244 0.1234 0.1225 0.1216 0.1207 0.1200 0.1195 0.1193 0.1193 0.1193 0.1193 0.1193 0.1193 0.1193 0.1193 0.1193 0.1193 0.1193 0.1193 0.1193 0.1193 0.1193 0.1193 0.1193 0.1193 0.1193 0.1193 0.1193 0.1193 0.1193 0.1193 0.1193 0.1193 0.1193 0.1191 0.1186 0.1177 0.1164 0.1142 0.1105 0.1050 0.0973 0.0868 0.0744 0.0608 0.0476 0.0359 0.0263 0.0188 0.0134
0.0155 0.0219 0.0305 0.0417 0.0553 0.0707 0.0863 0.1009 0.1129 0.1218 0.1280 0.1319 0.1345 0.1358 0.1368 0.1371 0.1373 0.1373 0.1373 0.1373 0.1373 0.1373 0.1373 0.1373 0.1373 0.1373 0.1373 0.1373 0.1373 0.1373 0.1373 0.1373 0.1373 0.1373 0.1373 0.1373 0.1373 0.1373 0.1373 0.1373 0.1371 0.1368 0.1365 0.1360 0.1352 0.1345 0.1335 0.1322 0.1309 0.1295 0.1280 0.1265 0.1253 0.1239 0.1227 0.1216 0.1207 0.1200 0.1195 0.1193 0.1193 0.1193 0.1193 0.1193 0.1193 0.1193 0.1193 0.1193 0.1193 0.1193 0.1193 0.1193 0.1193 0.1193 0.1193 0.1193 0.1193 0.1193 0.1193 0.1193 0.1193 0.1193 0.1193 0.1193 0.1193 0.1191 0.1186 0.1177 0.1164 0.1142 0.1105 0.1050 0.0973 0.0868 0.0744 0.0608 0.0476 0.0359 0.0263 0.0188 0.0134
0.0164 0.0231 0.0322 0.0440 0.0585 0.0747 0.0912 0.1066 0.1193 0.1287 0.1352 0.1394 0.1421 0.1435 0.1443 0.1448 0.1451 0.1451 0.1451 0.1451 0.1451 0.1451 0.1451 0.1451 0.1451 0.1451 0.1451 0.1451 0.1451 0.1451 0.1451 0.1451 0.1451 0.1451 0.1451 0.1451 0.1451 0.1451 0.1451 0.1448 0.1445 0.1443 0.1437 0.1429 0.1421 0.1408 0.1394 0.1376 0.1358 0.1337 0.1317 0.1297 0.1277 0.1258 0.1241 0.1227 0.1216 0.1207 0.1200 0.1195 0.1193 0.1193 0.1193 0.1193 0.1193 0.1193 0.1193 0.1193 0.1193 0.1193 0.1193 0.1193 0.1193 0.1193 0.1193 0.1193 0.1193 0.1193 0.1193 0.1193 0.1193 0.1193 0.1193 0.1193 0.1193 0.1191 0.1186 0.1177 0.1164 0.1142 0.1105 0.1050 0.0973 0.0868 0.0744 0.0608 0.0476 0.0359 0.0263 0.0188 0.0134
0.0176 0.0247 0.0345 0.0472 0.0626 0.0799 0.0977 0.1140 0.1275 0.1378 0.1448 0.1493 0.1522 0.1536 0.1545 0.1551 0.1554 0.1554 0.1554 0.1554 0.1554 0.1554 0.1554 0.1554 0.1554 0.1554 0.1554 0.1554 0.1554 0.1554 0.1554 0.1554 0.1554 0.1554 0.1554 0.1554 0.1554 0.1554 0.1554 0.1551 0.1545 0.1539 0.1533 0.1522 0.1507 0.1490 0.1468 0.1445 0.1418 0.1389 0.1363 0.1335 0.1307 0.1282 0.1261 0.1244 0.1227 0.1216 0.1207 0.1200 0.1195 0.1193 0.1193 0.1193 0.1193 0.1193 0.1193 0.1193 0.1193 0.1193 0.1193 0.1193 0.1193 0.1193 0.1193 0.1193 0.1193 0.1193 0.1193 0.1193 0.1193 0.1193 0.1193 0.1193 0.1193 0.1191 0.1186 0.1177 0.1164 0.1142 0.1105 0.1050 0.0973 0.0868 0.0744 0.0608 0.0476 0.0359 0.0263 0.0188 0.0134
0.0191 0.0269 0.0375 0.0512 0.0679 0.0867 0.1060 0.1239 0.1384 0.1496 0.1572 0.1620 0.1651 0.1670 0.1680 0.1683 0.1686 0.1686 0.1689 0.1689 0.1689 0.1689 0.1689 0.1689 0.1689 0.1689 0.1689 0.1689 0.1689 0.1689 0.1689 0.1689 0.1689 0.1689 0.1689 0.1689 0.1686 0.1686 0.1683 0.1680 0.1673 0.1667 0.1654 0.1639 0.1620 0.1593 0.1563 0.1530 0.1493 0.1454 0.1416 0.1378 0.1345 0.1312 0.1285 0.1261 0.1241 0.1225 0.1213 0.1204 0.1200 0.1195 0.1193 0.1193 0.1193 0.1193 0.1193 0.1193 0.1193 0.1193 0.1193 0.1193 0.1193 0.1193 0.1193 0.1193 0.1193 0.1193 0.1193 0.1193 0.1193 0.1193 0.1193 0.1193 0.1193 0.1191 0.1186 0.1177 0.1164 0.1142 0.1105 0.1050 0.0973 0.0868 0.0744 0.0608 0.0476 0.0359 0.0263 0.0188 0.0134
0.0210 0.0295 0.0412 0.0563 0.0747 0.0953 0.1166 0.1363 0.1525 0.1645 0.1728 0.1785 0.1816 0.1837 0.1847 0.1854 0.1854 0.1858 0.1858 0.1858 0.1858 0.1858 0.1858 0.1858 0.1858 0.1858 0.1858 0.1858 0.1858 0.1858 0.1858 0.1858 0.1858 0.1858 0.1858 0.1858 0.1858 0.1854 0.1851 0.1847 0.1837 0.1826 0.1809 0.1785 0.1758 0.1722 0.1680 0.1636 0.1584 0.1530 0.1479 0.1432 0.1386 0.1345 0.1309 0.1280 0.1253 0.1234 0.1220 0.1209 0.1202 0.1197 0.1195 0.1193 0.1193 0.1193 0.1193 0.1193 0.1193 0.1193 0.1193 0.1193 0.1193 0.1193 0.1193 0.1193 0.1193 0.1193 0.1193 0.1193 0.1193 0.1193 0.1193 0.1193 0.1193 0.1191 0.1186 0.1177 0.1164 0.1142 0.1105 0.1050 0.0973 0.0868 0.0744 0.0608 0.0476 0.0359 0.0263 0.0188 0.0134
0.0233 0.0329 0.0458 0.0626 0.0831 0.1062 0.1297 0.1516 0.1696 0.1830 0.1926 0.1986 0.2024 0.2043 0.2059 0.2063 0.2067 0.2067 0.2071 0.2071 0.2071 0.2071 0.2071 0.2071 0.2071 0.2071 0.2071 0.2071 0.2071 0.2071 0.2071 0.2071 0.2071 0.2071 0.2067 0.2067 0.2067 0.2063 0.2059 0.2051 0.2039 0.2020 0.1997 0.1967 0.1926 0.1876 0.1820 0.1758 0.1689 0.1620 0.1554 0.1490 0.1432 0.1381 0.1337 0.1299 0.1270 0.1246 0.1227 0.1213 0.1204 0.1200 0.1195 0.1193 0.1193 0.1193 0.1193 0.1193 0.1193 0.1193 0.1193 0.1193 0.1193 0.1193 0.1193 0.1193 0.1193 0.1193 0.1193 0.1193 0.1193 0.1193 0.1193 0.1193 0.1193 0.1191 0.1186 0.1177 0.1164 0.1142 0.1105 0.1050 0.0973 0.0868 0.0744 0.0608 0.0476 0.0359 0.0263 0.0188 0.0134
0.0262 0.0369 0.0515 0.0703 0.0932 0.1191 0.1457 0.1702 0.1904 0.2055 0.2159 0.2230 0.2273 0.2295 0.2308 0.2317 0.2321 0.2321 0.2325 0.2325 0.2325 0.2325 0.2325 0.2325 0.2325 0.2325 0.2325 0.2325 0.2325 0.2325 0.2325 0.2325 0.2325 0.2325 0.2321 0.2321 0.2321 0.2317 0.2308 0.2295 0.2282 0.2256 0.2222 0.2180 0.2123 0.2059 0.1982 0.1897 0.1809 0.1719 0.1633 0.1554 0.1482 0.1418 0.1365 0.1319 0.1285 0.1256 0.1234 0.1218 0.1209 0.1200 0.1195 0.1193 0.1193 0.1193 0.1193 0.1193 0.1193 0.1193 0.1193 0.1193 0.1193 0.1193 0.1193 0.1193 0.1193 0.1193 0.1193 0.1193 0.1193 0.1193 0.1193 0.1193 0.1193 0.1191 0.1186 0.1177 0.1164 0.1142 0.1105 0.1050 0.0973 0.0868 0.0744 0.0608 0.0476 0.0359 0.0263 0.0188 0.0134
0.0295 0.0415 0.0579 0.0791 0.1048 0.1340 0.1639 0.1915 0.2143 0.2312 0.2434 0.2509 0.2557 0.2582 0.2602 0.2606 0.2611 0.2616 0.2616 0.2616 0.2616 0.2616 0.2616 0.2616 0.2616 0.2616 0.2616 0.2616 0.2616 0.2616 0.2616 0.2616 0.2616 0.2616 0.2611 0.2611 0.2606 0.2602 0.2592 0.2577 0.2553 0.2524 0.2476 0.2416 0.2343 0.2256 0.2155 0.2047 0.1934 0.1823 0.1715 0.1617 0.1530 0.1457 0.1392 0.1340 0.1299 0.1265 0.1241 0.1223 0.1211 0.1202 0.1195 0.1193 0.1193 0.1193 0.1193 0.1193 0.1193 0.1193 0.1193 0.1193 0.1193 0.1193 0.1193 0.1193 0.1193 0.1193 0.1193 0.1193 0.1193 0.1193 0.1193 0.1193 0.1193 0.1191 0.1186 0.1177 0.1164 0.1142 0.1105 0.1050 0.0973 0.0868 0.0744 0.0608 0.0476 0.0359 0.0263 0.0188 0.0134
0.0330 0.0464 0.0647 0.0885 0.1173 0.1499 0.1833 0.2143 0.2397 0.2587 0.2718 0.2807 0.2861 0.2888 0.2905 0.2916 0.2922 0.2927 0.2927 0.2927 0.2927 0.2927 0.2927 0.2927 0.2927 0.2927 0.2927 0.2927 0.2927 0.2927 0.2927 0.2927 0.2927 0.2927 0.2922 0.2922 0.2916 0.2910 0.2894 0.2872 0.2845 0.2802 0.2744 0.2667 0.2567 0.2457 0.2330 0.2192 0.2055 0.1919 0.1792 0.1677 0.1578 0.1490 0.1418 0.1358 0.1312 0.1275 0.1249 0.1227 0.1213 0.1204 0.1197 0.1193 0.1193 0.1193 0.1193 0.1193 0.1193 0.1193 0.1193 0.1193 0.1193 0.1193 0.1193 0.1193 0.1193 0.1193 0.1193 0.1193 0.1193 0.1193 0.1193 0.1193 0.1193 0.1191 0.1186 0.1177 0.1164 0.1142 0.1105 0.1050 0.0973 0.0868 0.0744 0.0608 0.0476 0.0359 0.0263 0.0188 0.0134
0.0362 0.0510 0.0711 0.0971 0.1290 0.1648 0.2016 0.2352 0.2636 0.2845 0.2989 0.3087 0.3146 0.3177 0.3195 0.3207 0.3213 0.3213 0.3219 0.3219 0.3219 0.3219 0.3219 0.3219 0.3219 0.3219 0.3219 0.3219 0.3219 0.3219 0.3219 0.3219 0.3219 0.3219 0.3213 0.3213 0.3207 0.3195 0.3177 0.3152 0.3117 0.3058 0.2983 0.2888 0.2775 0.2636 0.2485 0.2321 0.2159 0.2005 0.1858 0.1728 0.1614 0.1519 0.1437 0.1373 0.1322 0.1282 0.1253 0.1230 0.1216 0.1204 0.1197 0.1193 0.1193 0.1193 0.1193 0.1193 0.1193 0.1193 0.1193 0.1193 0.1193 0.1193 0.1193 0.1193 0.1193 0.1193 0.1193 0.1193 0.1193 0.1193 0.1193 0.1193 0.1193 0.1191 0.1186 0.1177 0.1164 0.1142 0.1105 0.1050 0.0973 0.0868 0.0744 0.0608 0.0476 0.0359 0.0263 0.0188 0.0134
0.0386 0.0545 0.0760 0.1038 0.1376 0.1758 0.2151 0.2514 0.2813 0.3035 0.3195 0.3293 0.3357 0.3395 0.3415 0.3421 0.3428 0.3434 0.3434 0.3434 0.3434 0.3434 0.3434 0.3434 0.3434 0.3434 0.3434 0.3434 0.3434 0.3434 0.3434 0.3434 0.3434 0.3434 0.3434 0.3428 0.3421 0.3408 0.3389 0.3357 0.3312 0.3250 0.3164 0.3058 0.2922 0.2765 0.2597 0.2416 0.2234 0.2063 0.1904 0.1762 0.1639 0.1536 0.1451 0.1384 0.1329 0.1287 0.1256 0.1232 0.1216 0.1204 0.1197 0.1193 0.1193 0.1193 0.1193 0.1193 0.1193 0.1193 0.1193 0.1193 0.1193 0.1193 0.1193 0.1193 0.1193 0.1193 0.1193 0.1193 0.1193 0.1193 0.1193 0.1193 0.1193 0.1191 0.1186 0.1177 0.1164 0.1142 0.1105 0.1050 0.0973 0.0868 0.0744 0.0608 0.0476 0.0359 0.0263 0.0188 0.0134
0.0397 0.0559 0.0779 0.1064 0.1413 0.1806 0.2209 0.2577 0.2883 0.3117 0.3275 0.3382 0.3441 0.3480 0.3500 0.3513 0.3520 0.3520 0.3527 0.3527 0.3527 0.3527 0.3527 0.3527 0.3527 0.3527 0.3527 0.3527 0.3527 0.3527 0.3527 0.3527 0.3527 0.3520 0.3520 0.3513 0.3507 0.3493 0.3474 0.3441 0.3395 0.3331 0.3238 0.3123 0.2983 0.2818 0.2641 0.2453 0.2264 0.2087 0.1923 0.1775 0.1651 0.1545 0.1457 0.1386 0.1332 0.1290 0.1258 0.1234 0.1216 0.1204 0.1197 0.1193 0.1193 0.1193 0.1193 0.1193 0.1193 0.1193 0.1193 0.1193 0.1193 0.1193 0.1193 0.1193 0.1193 0.1193 0.1193 0.1193 0.1193 0.1193 0.1193 0.1193 0.1193 0.1191 0.1186 0.1177 0.1164 0.1142 0.1105 0.1050 0.0973 0.0868 0.0744 0.0608 0.0476 0.0359 0.0263 0.0188 0.0134
0.0389 0.0548 0.0764 0.1044 0.1386 0.1772 0.2167 0.2528 0.2829 0.3058 0.3213 0.3319 0.3376 0.3415 0.3434 0.3447 0.3454 0.3454 0.3460 0.3460 0.3460 0.3460 0.3460 0.3460 0.3460 0.3460 0.3460 0.3460 0.3460 0.3460 0.3460 0.3460 0.3460 0.3460 0.3454 0.3447 0.3441 0.3434 0.3415 0.3382 0.3338 0.3275 0.3189 0.3075 0.2944 0.2786 0.2611 0.2429 0.2247 0.2071 0.1912 0.1768 0.1645 0.1539 0.1454 0.1384 0.1332 0.1290 0.1258 0.1234 0.1216 0.1204 0.1197 0.1193 0.1193 0.1193 0.1193 0.1193 0.1193 0.1193 0.1193 0.1193 0.1193 0.1193 0.1193 0.1193 0.1193 0.1193 0.1193 0.1193 0.1193 0.1193 0.1193 0.1193 0.1193 0.1191 0.1186 0.1177 0.1164 0.1142 0.1105 0.1050 0.0973 0.0868 0.0744 0.0608 0.0476 0.0359 0.0263 0.0188 0.0134
0.0366 0.0516 0.0719 0.0983 0.1304 0.1667 0.2039 0.2384 0.2667 0.2877 0.3029 0.3123 0.3183 0.3213 0.3238 0.3244 0.3250 0.3256 0.3256 0.3256 0.3256 0.3256 0.3256 0.3256 0.3256 0.3256 0.3256 0.3256 0.3256 0.3256 0.3256 0.3256 0.3256 0.3256 0.3256 0.3250 0.3244 0.3231 0.3219 0.3189 0.3152 0.3099 0.3023 0.2927 0.2807 0.2667 0.2509 0.2348 0.2180 0.2020 0.1872 0.1738 0.1623 0.1525 0.1443 0.1376 0.1324 0.1285 0.1256 0.1232 0.1216 0.1204 0.1197 0.1193 0.1193 0.1193 0.1193 0.1193 0.1193 0.1193 0.1193 0.1193 0.1193 0.1193 0.1193 0.1193 0.1193 0.1193 0.1193 0.1193 0.1193 0.1193 0.1193 0.1193 0.1193 0.1191 0.1186 0.1177 0.1164 0.1142 0.1105 0.1050 0.0973 0.0868 0.0744 0.0608 0.0476 0.0359 0.0263 0.0188 0.0134
0.0334 0.0471 0.0657 0.0897 0.1191 0.1522 0.1862 0.2172 0.2434 0.2626 0.2760 0.2850 0.2899 0.2933 0.2949 0.2961 0.2966 0.2966 0.2972 0.2972 0.2972 0.2972 0.2972 0.2972 0.2972 0.2972 0.2972 0.2972 0.2972 0.2972 0.2972 0.2972 0.2972 0.2972 0.2966 0.2966 0.2961 0.2949 0.2938 0.2916 0.2888 0.2845 0.2781 0.2702 0.2606 0.2490 0.2361 0.2222 0.2079 0.1941 0.1813 0.1693 0.1590 0.1499 0.1424 0.1363 0.1317 0.1280 0.1251 0.1230 0.1213 0.1204 0.1197 0.1193 0.1193 0.1193 0.1193 0.1193 0.1193 0.1193 0.1193 0.1193 0.1193 0.1193 0.1193 0.1193 0.1193 0.1193 0.1193 0.1193 0.1193 0.1193 0.1193 0.1193 0.1193 0.1191 0.1186 0.1177 0.1164 0.1142 0.1105 0.1050 0.0973 0.0868 0.0744 0.0608 0.0476 0.0359 0.0263 0.0188 0.0134
0.0299 0.0422 0.0588 0.0803 0.1066 0.1363 0.1664 0.1945 0.2176 0.2352 0.2471 0.2548 0.2597 0.2626 0.2641 0.2646 0.2651 0.2657 0.2657 0.2657 0.2657 0.2657 0.2657 0.2657 0.2657 0.2657 0.2657 0.2657 0.2657 0.2657 0.2657 0.2657 0.2657 0.2657 0.2657 0.2651 0.2651 0.2641 0.2631 0.2616 0.2597 0.2562 0.2514 0.2457 0.2379 0.2290 0.2188 0.2075 0.1960 0.1844 0.1735 0.1633 0.1545 0.1468 0.1402 0.1347 0.1304 0.1270 0.1244 0.1225 0.1211 0.1202 0.1197 0.1193 0.1193 0.1193 0.1193 0.1193 0.1193 0.1193 0.1193 0.1193 0.1193 0.1193 0.1193 0.1193 0.1193 0.1193 0.1193 0.1193 0.1193 0.1193 0.1193 0.1193 0.1193 0.1191 0.1186 0.1177 0.1164 0.1142 0.1105 0.1050 0.0973 0.0868 0.0744 0.0608 0.0476 0.0359 0.0263 0.0188 0.0134
0.0266 0.0374 0.0522 0.0712 0.0946 0.1209 0.1479 0.1725 0.1934 0.2087 0.2192 0.2264 0.2303 0.2330 0.2343 0.2352 0.2357 0.2357 0.2357 0.2361 0.2361 0.2361 0.2361 0.2361 0.2361 0.2361 0.2361 0.2361 0.2361 0.2361 0.2361 0.2361 0.2361 0.2357 0.2357 0.2357 0.2352 0.2348 0.2343 0.2330 0.2312 0.2290 0.2256 0.2213 0.2155 0.2087 0.2009 0.1923 0.1833 0.1742 0.1651 0.1569 0.1496 0.1429 0.1373 0.1327 0.1290 0.1261 0.1237 0.1220 0.1209 0.1202 0.1195 0.1193 0.1193 0.1193 0.1193 0.1193 0.1193 0.1193 0.1193 0.1193 0.1193 0.1193 0.1193 0.1193 0.1193 0.1193 0.1193 0.1193 0.1193 0.1193 0.1193 0.1193 0.1193 0.1191 0.1186 0.1177 0.1164 0.1142 0.1105 0.1050 0.0973 0.0868 0.0744 0.0608 0.0476 0.0359 0.0263 0.0188 0.0134
0.0236 0.0333 0.0464 0.0634 0.0841 0.1074 0.1314 0.1536 0.1719 0.1854 0.1948 0.2012 0.2051 0.2071 0.2083 0.2090 0.2094 0.2094 0.2094 0.2094 0.2098 0.2098 0.2098 0.2098 0.2098 0.2098 0.2098 0.2098 0.2098 0.2098 0.2098 0.2098 0.2094 0.2094 0.2094 0.2094 0.2094 0.2090 0.2087 0.2079 0.2067 0.2047 0.2024 0.1993 0.1952 0.1901 0.1844 0.1778 0.1712 0.1639 0.1569 0.1504 0.1443 0.1392 0.1345 0.1307 0.1275 0.1249 0.1230 0.1216 0.1207 0.1200 0.1195 0.1193 0.1193 0.1193 0.1193 0.1193 0.1193 0.1193 0.1193 0.1193 0.1193 0.1193 0.1193 0.1193 0.1193 0.1193 0.1193 0.1193 0.1193 0.1193 0.1193 0.1193 0.1193 0.1191 0.1186 0.1177 0.1164 0.1142 0.1105 0.1050 0.0973 0.0868 0.0744 0.0608 0.0476 0.0359 0.0263 0.0188 0.0134
0.0212 0.0298 0.0416 0.0568 0.0754 0.0964 0.1177 0.1376 0.1539 0.1661 0.1748 0.1802 0.1837 0.1854 0.1865 0.1872 0.1876 0.1876 0.1876 0.1876 0.1876 0.1876 0.1876 0.1876 0.1876 0.1876 0.1876 0.1876 0.1876 0.1876 0.1876 0.1876 0.1876 0.1876 0.1876 0.1876 0.1876 0.1872 0.1869 0.1865 0.1858 0.1844 0.1826 0.1806 0.1775 0.1742 0.1699 0.1651 0.1602 0.1548 0.1493 0.1443 0.1394 0.1352 0.1317 0.1285 0.1258 0.1239 0.1223 0.1211 0.1204 0.1197 0.1195 0.1193 0.1193 0.1193 0.1193 0.1193 0.1193 0.1193 0.1193 0.1193 0.1193 0.1193 0.1193 0.1193 0.1193 0.1193 0.1193 0.1193 0.1193 0.1193 0.1193 0.1193 0.1193 0.1191 0.1186 0.1177 0.1164 0.1142 0.1105 0.1050 0.0973 0.0868 0.0744 0.0608 0.0476 0.0359 0.0263 0.0188 0.0134
0.0192 0.0271 0.0377 0.0516 0.0683 0.0873 0.1068 0.1246 0.1394 0.1507 0.1584 0.1633 0.1664 0.1683 0.1693 0.1696 0.1699 0.1702 0.1702 0.1702 0.1702 0.1702 0.1702 0.1702 0.1702 0.1702 0.1702 0.1702 0.1702 0.1702 0.1702 0.1702 0.1702 0.1702 0.1702 0.1702 0.1699 0.1699 0.1696 0.1693 0.1686 0.1680 0.1667 0.1651 0.1633 0.1608 0.1578 0.1542 0.1504 0.1465 0.1426 0.1386 0.1350 0.1319 0.1290 0.1265 0.1244 0.1227 0.1216 0.1207 0.1200 0.1195 0.1193 0.1193 0.1193 0.1193 0.1193 0.1193 0.1193 0.1193 0.1193 0.1193 0.1193 0.1193 0.1193 0.1193 0.1193 0.1193 0.1193 0.1193 0.1193 0.1193 0.1193 0.1193 0.1193 0.1191 0.1186 0.1177 0.1164 0.1142 0.1105 0.1050 0.0973 0.0868 0.0744 0.0608 0.0476 0.0359 0.0263 0.0188 0.0134
0.0177 0.0249 0.0347 0.0474 0.0628 0.0803 0.0983 0.1146 0.1282 0.1386 0.1457 0.1502 0.1530 0.1545 0.1554 0.1560 0.1563 0.1563 0.1563 0.1563 0.1563 0.1563 0.1563 0.1563 0.1563 0.1563 0.1563 0.1563 0.1563 0.1563 0.1563 0.1563 0.1563 0.1563 0.1563 0.1563 0.1563 0.1563 0.1560 0.1560 0.1554 0.1548 0.1542 0.1530 0.1516 0.1499 0.1476 0.1454 0.1426 0.1397 0.1368 0.1340 0.1312 0.1287 0.1265 0.1246 0.1230 0.1218 0.1209 0.1200 0.1197 0.1193 0.1193 0.1193 0.1193 0.1193 0.1193 0.1193 0.1193 0.1193 0.1193 0.1193 0.1193 0.1193 0.1193 0.1193 0.1193 0.1193 0.1193 0.1193 0.1193 0.1193 0.1193 0.1193 0.1193 0.1191 0.1186 0.1177 0.1164 0.1142 0.1105 0.1050 0.0973 0.0868 0.0744 0.0608 0.0476 0.0359 0.0263 0.0188 0.0134
0.0165 0.0232 0.0324 0.0442 0.0586 0.0749 0.0916 0.1068 0.1195 0.1292 0.1358 0.1400 0.1426 0.1440 0.1448 0.1454 0.1457 0.1457 0.1457 0.1457 0.1457 0.1457 0.1457 0.1457 0.1457 0.1457 0.1457 0.1457 0.1457 0.1457 0.1457 0.1457 0.1457 0.1457 0.1457 0.1457 0.1457 0.1457 0.1457 0.1454 0.1451 0.1448 0.1443 0.1435 0.1426 0.1413 0.1400 0.1381 0.1363 0.1342 0.1322 0.1302 0.1280 0.1263 0.1246 0.1232 0.1218 0.1209 0.1202 0.1197 0.1195 0.1193 0.1193 0.1193 0.1193 0.1193 0.1193 0.1193 0.1193 0.1193 0.1193 0.1193 0.1193 0.1193 0.1193 0.1193 0.1193 0.1193 0.1193 0.1193 0.1193 0.1193 0.1193 0.1193 0.1193 0.1191 0.1186 0.1177 0.1164 0.1142 0.1105 0.1050 0.0973 0.0868 0.0744 0.0608 0.0476 0.0359 0.0263 0.0188 0.0134
