0.0000 0.0023 0.0041 0.0058 0.0085 0.0126 0.0186 0.0275 0.0406 0.0599 0.0885 0.1307 0.1930 0.2850 0.4209 0.6216 0.9180 1.0000 1.0000 1.0000 1.0000 1.0000 1.0000 1.0000 1.0000 0.0001 0.0001 0.0001 0.0002 0.0003 0.0005 0.0007 0.0011 0.0016 0.0023 0.0034 0.0050 0.0074 0.0109 0.0161 0.0238 0.0351 0.0519 0.0766 0.1131 0.1670 0.2467 0.3636 0.5349 0.8300 1.0000 0.8300 0.5349 0.3636 0.2467 0.1670 0.1131 0.0766 0.0519 0.0351 0.0238 0.0161 0.0109 0.0074 0.0050 0.0034 0.0023 0.0016 0.0011 0.0007 0.0005 0.0003 0.0002 0.0001 0.0001 0.0001 1.0000 1.0000 1.0000 1.0000 1.0000 1.0000 1.0000 1.0000 0.9180 0.6216 0.4209 0.2850 0.1930 0.1307 0.0885 0.0599 0.0406 0.0275 0.0186 0.0126 0.0085 0.0058 0.0041 0.0023 0.0000
0.0023 0.0414 0.0587 0.0904 0.1347 0.2001 0.2961 0.4381 0.6469 0.9554 1.0000 1.0000 1.0000 1.0000 1.0000 1.0000 1.0000 1.0000 1.0000 1.0000 1.0000 1.0000 0.0003 0.0005 0.0007 0.0011 0.0016 0.0024 0.0035 0.0052 0.0077 0.0113 0.0168 0.0247 0.0365 0.0540 0.0797 0.1177 0.1738 0.2567 0.3791 0.5599 0.8268 1.0000 1.0000 1.0000 1.0000 1.0000 1.0000 1.0000 1.0000 1.0000 1.0000 1.0000 1.0000 1.0000 1.0000 1.0000 0.8268 0.5599 0.3791 0.2567 0.1738 0.1177 0.0797 0.0540 0.0365 0.0247 0.0168 0.0113 0.0077 0.0052 0.0035 0.0024 0.0016 0.0011 0.0007 0.0005 0.0003 1.0000 1.0000 1.0000 1.0000 1.0000 1.0000 1.0000 1.0000 1.0000 1.0000 1.0000 1.0000 0.9554 0.6469 0.4381 0.2961 0.2001 0.1347 0.0904 0.0587 0.0414 0.0023
0.0041 0.0587 0.1227 0.2201 0.3636 0.5706 0.8687 1.0000 1.0000 1.0000 1.0000 1.0000 1.0000 1.0000 1.0000 1.0000 1.0000 1.0000 1.0000 1.0000 0.0005 0.0007 0.0010 0.0015 0.0022 0.0033 0.0049 0.0072 0.0106 0.0157 0.0232 0.0342 0.0505 0.0746 0.1101 0.1626 0.2402 0.3547 0.5238 0.7736 1.0000 1.0000 1.0000 1.0000 1.0000 1.0000 1.0000 1.0000 1.0000 1.0000 1.0000 1.0000 1.0000 1.0000 1.0000 1.0000 1.0000 1.0000 1.0000 1.0000 1.0000 0.7736 0.5238 0.3547 0.2402 0.1626 0.1101 0.0746 0.0505 0.0342 0.0232 0.0157 0.0106 0.0072 0.0049 0.0033 0.0022 0.0015 0.0010 0.0007 0.0005 1.0000 1.0000 1.0000 1.0000 1.0000 1.0000 1.0000 1.0000 1.0000 1.0000 1.0000 1.0000 1.0000 0.8687 0.5706 0.3636 0.2201 0.1227 0.0587 0.0041
0.0058 0.0904 0.2201 0.4585 0.8540 1.0000 1.0000 1.0000 1.0000 1.0000 1.0000 1.0000 1.0000 1.0000 1.0000 1.0000 1.0000 0.0004 0.0006 0.0010 0.0014 0.0021 0.0031 0.0046 0.0067 0.0099 0.0147 0.0217 0.0320 0.0472 0.0698 0.1030 0.1522 0.2247 0.3319 0.4901 0.7238 1.0000 1.0000 1.0000 1.0000 1.0000 1.0000 1.0000 1.0000 1.0000 1.0000 1.0000 1.0000 1.0000 0.0004 1.0000 1.0000 1.0000 1.0000 1.0000 1.0000 1.0000 1.0000 1.0000 1.0000 1.0000 1.0000 1.0000 0.7238 0.4901 0.3319 0.2247 0.1522 0.1030 0.0698 0.0472 0.0320 0.0217 0.0147 0.0099 0.0067 0.0046 0.0031 0.0021 0.0014 0.0010 0.0006 0.0004 1.0000 1.0000 1.0000 1.0000 1.0000 1.0000 1.0000 1.0000 1.0000 1.0000 1.0000 1.0000 0.8540 0.4585 0.2201 0.0904 0.0058
0.0085 0.1347 0.3636 0.8540 1.0000 1.0000 1.0000 1.0000 1.0000 1.0000 1.0000 1.0000 1.0000 1.0000 0.0004 0.0006 0.0009 0.0013 0.0020 0.0029 0.0043 0.0063 0.0093 0.0137 0.0203 0.0299 0.0442 0.0653 0.0964 0.1424 0.2102 0.3105 0.4585 0.6771 1.0000 1.0000 1.0000 1.0000 1.0000 1.0000 1.0000 1.0000 1.0000 1.0000 1.0000 1.0000 1.0000 0.0004 0.0005 0.0008 0.0011 0.0008 0.0005 0.0004 1.0000 1.0000 1.0000 1.0000 1.0000 1.0000 1.0000 1.0000 1.0000 1.0000 1.0000 1.0000 1.0000 0.6771 0.4585 0.3105 0.2102 0.1424 0.0964 0.0653 0.0442 0.0299 0.0203 0.0137 0.0093 0.0063 0.0043 0.0029 0.0020 0.0013 0.0009 0.0006 0.0004 1.0000 1.0000 1.0000 1.0000 1.0000 1.0000 1.0000 1.0000 1.0000 1.0000 0.8540 0.3636 0.1347 0.0085
0.0126 0.2001 0.5706 1.0000 1.0000 1.0000 1.0000 1.0000 1.0000 1.0000 1.0000 0.0004 0.0006 0.0008 0.0012 0.0018 0.0027 0.0040 0.0059 0.0087 0.0128 0.0190 0.0280 0.0414 0.0611 0.0902 0.1332 0.1967 0.2905 0.4290 0.6335 0.9356 1.0000 1.0000 1.0000 1.0000 1.0000 1.0000 1.0000 1.0000 1.0000 1.0000 1.0000 1.0000 1.0000 0.0005 0.0007 0.0011 0.0016 0.0024 0.0033 0.0024 0.0016 0.0011 0.0007 0.0005 1.0000 1.0000 1.0000 1.0000 1.0000 1.0000 1.0000 1.0000 1.0000 1.0000 1.0000 1.0000 1.0000 0.9356 0.6335 0.4290 0.2905 0.1967 0.1332 0.0902 0.0611 0.0414 0.0280 0.0190 0.0128 0.0087 0.0059 0.0040 0.0027 0.0018 0.0012 0.0008 0.0006 0.0004 1.0000 1.0000 1.0000 1.0000 1.0000 1.0000 1.0000 1.0000 0.5706 0.2001 0.0126
0.0186 0.2961 0.8687 1.0000 1.0000 1.0000 1.0000 1.0000 1.0000 0.0004 0.0006 0.0010 0.0016 0.0024 0.0036 0.0054 0.0081 0.0120 0.0177 0.0262 0.0387 0.0571 0.0844 0.1246 0.1840 0.2718 0.4014 0.5927 0.8754 1.0000 1.0000 1.0000 1.0000 1.0000 1.0000 1.0000 1.0000 1.0000 1.0000 1.0000 1.0000 1.0000 0.0005 0.0007 0.0010 0.0015 0.0022 0.0032 0.0048 0.0072 0.0098 0.0072 0.0048 0.0032 0.0022 0.0015 0.0010 0.0007 0.0005 1.0000 1.0000 1.0000 1.0000 1.0000 1.0000 1.0000 1.0000 1.0000 1.0000 1.0000 1.0000 1.0000 0.8754 0.5927 0.4014 0.2718 0.1840 0.1246 0.0844 0.0571 0.0387 0.0262 0.0177 0.0120 0.0081 0.0054 0.0036 0.0024 0.0016 0.0010 0.0006 0.0004 1.0000 1.0000 1.0000 1.0000 1.0000 1.0000 0.8687 0.2961 0.0186
0.0275 0.4381 1.0000 1.0000 1.0000 1.0000 1.0000 1.0000 0.0005 0.0009 0.0016 0.0026 0.0043 0.0068 0.0105 0.0159 0.0240 0.0357 0.0531 0.0787 0.1166 0.1722 0.2548 0.3755 0.5546 0.8190 1.0000 1.0000 1.0000 1.0000 1.0000 1.0000 1.0000 1.0000 1.0000 1.0000 1.0000 1.0000 1.0000 0.0004 0.0006 0.0009 0.0014 0.0020 0.0030 0.0045 0.0066 0.0097 0.0144 0.0218 0.0295 0.0218 0.0144 0.0097 0.0066 0.0045 0.0030 0.0020 0.0014 0.0009 0.0006 0.0004 1.0000 1.0000 1.0000 1.0000 1.0000 1.0000 1.0000 1.0000 1.0000 1.0000 1.0000 1.0000 1.0000 0.8190 0.5546 0.3755 0.2548 0.1722 0.1166 0.0787 0.0531 0.0357 0.0240 0.0159 0.0105 0.0068 0.0043 0.0026 0.0016 0.0009 0.0005 1.0000 1.0000 1.0000 1.0000 1.0000 1.0000 0.4381 0.0275
0.0406 0.6469 1.0000 1.0000 1.0000 1.0000 1.0000 0.0005 0.0010 0.0020 0.0037 0.0065 0.0111 0.0183 0.0293 0.0456 0.0698 0.1054 0.1581 0.2357 0.3500 0.5179 0.7662 1.0000 1.0000 1.0000 1.0000 1.0000 1.0000 1.0000 1.0000 1.0000 1.0000 1.0000 1.0000 1.0000 0.0004 0.0006 0.0009 0.0013 0.0019 0.0028 0.0042 0.0062 0.0091 0.0134 0.0198 0.0293 0.0433 0.0657 0.0888 0.0657 0.0433 0.0293 0.0198 0.0134 0.0091 0.0062 0.0042 0.0028 0.0019 0.0013 0.0009 0.0006 0.0004 1.0000 1.0000 1.0000 1.0000 1.0000 1.0000 1.0000 1.0000 1.0000 1.0000 1.0000 1.0000 1.0000 0.7662 0.5179 0.3500 0.2357 0.1581 0.1054 0.0698 0.0456 0.0293 0.0183 0.0111 0.0065 0.0037 0.0020 0.0010 0.0005 1.0000 1.0000 1.0000 1.0000 1.0000 0.6469 0.0406
0.0599 0.9554 1.0000 1.0000 1.0000 1.0000 0.0004 0.0009 0.0020 0.0041 0.0080 0.0151 0.0271 0.0467 0.0778 0.1253 0.1975 0.3046 0.4647 0.6967 1.0000 1.0000 1.0000 1.0000 1.0000 1.0000 1.0000 1.0000 1.0000 1.0000 1.0000 1.0000 1.0000 0.0004 0.0006 0.0008 0.0012 0.0018 0.0026 0.0039 0.0058 0.0085 0.0126 0.0186 0.0274 0.0405 0.0598 0.0883 0.1304 0.1978 0.2677 0.1978 0.1304 0.0883 0.0598 0.0405 0.0274 0.0186 0.0126 0.0085 0.0058 0.0039 0.0026 0.0018 0.0012 0.0008 0.0006 0.0004 1.0000 1.0000 1.0000 1.0000 1.0000 1.0000 1.0000 1.0000 1.0000 1.0000 1.0000 1.0000 1.0000 0.6967 0.4647 0.3046 0.1975 0.1253 0.0778 0.0467 0.0271 0.0151 0.0080 0.0041 0.0020 0.0009 0.0004 1.0000 1.0000 1.0000 1.0000 0.9554 0.0599
0.0885 1.0000 1.0000 1.0000 1.0000 1.0000 0.0006 0.0016 0.0037 0.0080 0.0167 0.0329 0.0621 0.1125 0.1960 0.3293 0.5380 0.8556 1.0000 1.0000 1.0000 1.0000 1.0000 1.0000 1.0000 1.0000 1.0000 1.0000 1.0000 1.0000 0.0004 0.0005 0.0008 0.0011 0.0017 0.0025 0.0037 0.0054 0.0080 0.0118 0.0174 0.0257 0.0379 0.0560 0.0826 0.1220 0.1802 0.2662 0.3931 0.5961 0.8066 0.5961 0.3931 0.2662 0.1802 0.1220 0.0826 0.0560 0.0379 0.0257 0.0174 0.0118 0.0080 0.0054 0.0037 0.0025 0.0017 0.0011 0.0008 0.0005 0.0004 1.0000 1.0000 1.0000 1.0000 1.0000 1.0000 1.0000 1.0000 1.0000 1.0000 1.0000 1.0000 0.8556 0.5380 0.3293 0.1960 0.1125 0.0621 0.0329 0.0167 0.0080 0.0037 0.0016 0.0006 1.0000 1.0000 1.0000 1.0000 1.0000 0.0885
0.1307 1.0000 1.0000 1.0000 1.0000 0.0004 0.0010 0.0026 0.0065 0.0151 0.0329 0.0683 0.1352 0.2567 0.4682 0.8237 1.0000 1.0000 1.0000 1.0000 1.0000 1.0000 1.0000 1.0000 1.0000 1.0000 1.0000 1.0000 0.0005 0.0007 0.0011 0.0016 0.0023 0.0034 0.0050 0.0075 0.0110 0.0163 0.0240 0.0355 0.0524 0.0773 0.1142 0.1686 0.2490 0.3678 0.5431 0.8020 1.0000 1.0000 1.0000 1.0000 1.0000 0.8020 0.5431 0.3678 0.2490 0.1686 0.1142 0.0773 0.0524 0.0355 0.0240 0.0163 0.0110 0.0075 0.0050 0.0034 0.0023 0.0016 0.0011 0.0007 0.0005 1.0000 1.0000 1.0000 1.0000 1.0000 1.0000 1.0000 1.0000 1.0000 1.0000 1.0000 1.0000 0.8237 0.4682 0.2567 0.1352 0.0683 0.0329 0.0151 0.0065 0.0026 0.0010 0.0004 1.0000 1.0000 1.0000 1.0000 0.1307
0.1930 1.0000 1.0000 1.0000 1.0000 0.0006 0.0016 0.0043 0.0111 0.0271 0.0621 0.1352 0.2802 0.5567 1.0000 1.0000 1.0000 1.0000 1.0000 1.0000 1.0000 1.0000 1.0000 1.0000 1.0000 0.0004 0.0007 0.0010 0.0015 0.0022 0.0032 0.0047 0.0070 0.0103 0.0152 0.0225 0.0332 0.0490 0.0723 0.1068 0.1578 0.2330 0.3441 0.5081 0.7504 1.0000 1.0000 1.0000 1.0000 1.0000 1.0000 1.0000 1.0000 1.0000 1.0000 1.0000 0.7504 0.5081 0.3441 0.2330 0.1578 0.1068 0.0723 0.0490 0.0332 0.0225 0.0152 0.0103 0.0070 0.0047 0.0032 0.0022 0.0015 0.0010 0.0007 0.0004 1.0000 1.0000 1.0000 1.0000 1.0000 1.0000 1.0000 1.0000 1.0000 1.0000 1.0000 0.5567 0.2802 0.1352 0.0621 0.0271 0.0111 0.0043 0.0016 0.0006 1.0000 1.0000 1.0000 1.0000 0.1930
0.2850 1.0000 1.0000 1.0000 1.0000 0.0008 0.0024 0.0068 0.0183 0.0467 0.1125 0.2567 0.5567 1.0000 1.0000 1.0000 1.0000 1.0000 1.0000 1.0000 1.0000 1.0000 0.0004 0.0006 0.0009 0.0013 0.0020 0.0030 0.0044 0.0065 0.0096 0.0142 0.0210 0.0310 0.0458 0.0677 0.0999 0.1476 0.2180 0.3219 0.4754 0.7021 1.0000 1.0000 1.0000 1.0000 1.0000 1.0000 1.0000 1.0000 1.0000 1.0000 1.0000 1.0000 1.0000 1.0000 1.0000 1.0000 1.0000 0.7021 0.4754 0.3219 0.2180 0.1476 0.0999 0.0677 0.0458 0.0310 0.0210 0.0142 0.0096 0.0065 0.0044 0.0030 0.0020 0.0013 0.0009 0.0006 0.0004 1.0000 1.0000 1.0000 1.0000 1.0000 1.0000 1.0000 1.0000 1.0000 0.5567 0.2567 0.1125 0.0467 0.0183 0.0068 0.0024 0.0008 1.0000 1.0000 1.0000 1.0000 0.2850
0.4209 1.0000 1.0000 1.0000 0.0004 0.0012 0.0036 0.0105 0.0293 0.0778 0.1960 0.4682 1.0000 1.0000 1.0000 1.0000 1.0000 1.0000 1.0000 1.0000 0.0004 0.0007 0.0011 0.0017 0.0026 0.0039 0.0059 0.0088 0.0132 0.0195 0.0289 0.0429 0.0633 0.0937 0.1381 0.2039 0.3012 0.4448 0.6569 0.9700 1.0000 1.0000 1.0000 1.0000 1.0000 1.0000 1.0000 1.0000 1.0000 1.0000 1.0000 1.0000 1.0000 1.0000 1.0000 1.0000 1.0000 1.0000 1.0000 1.0000 1.0000 0.9700 0.6569 0.4448 0.3012 0.2039 0.1381 0.0937 0.0633 0.0429 0.0289 0.0195 0.0132 0.0088 0.0059 0.0039 0.0026 0.0017 0.0011 0.0007 0.0004 1.0000 1.0000 1.0000 1.0000 1.0000 1.0000 1.0000 1.0000 0.4682 0.1960 0.0778 0.0293 0.0105 0.0036 0.0012 0.0004 1.0000 1.0000 1.0000 0.4209
0.6216 1.0000 1.0000 1.0000 0.0006 0.0018 0.0054 0.0159 0.0456 0.1253 0.3293 0.8237 1.0000 1.0000 1.0000 1.0000 1.0000 1.0000 1.0000 0.0006 0.0010 0.0017 0.0028 0.0046 0.0072 0.0112 0.0171 0.0260 0.0390 0.0582 0.0867 0.1287 0.1904 0.2818 0.4161 0.6146 0.9076 1.0000 1.0000 1.0000 1.0000 1.0000 1.0000 1.0000 1.0000 1.0000 1.0000 1.0000 1.0000 1.0000 0.0004 1.0000 1.0000 1.0000 1.0000 1.0000 1.0000 1.0000 1.0000 1.0000 1.0000 1.0000 1.0000 1.0000 0.9076 0.6146 0.4161 0.2818 0.1904 0.1287 0.0867 0.0582 0.0390 0.0260 0.0171 0.0112 0.0072 0.0046 0.0028 0.0017 0.0010 0.0006 1.0000 1.0000 1.0000 1.0000 1.0000 1.0000 1.0000 0.8237 0.3293 0.1253 0.0456 0.0159 0.0054 0.0018 0.0006 1.0000 1.0000 1.0000 0.6216
0.9180 1.0000 1.0000 1.0000 0.0009 0.0027 0.0081 0.0240 0.0698 0.1975 0.5380 1.0000 1.0000 1.0000 1.0000 1.0000 1.0000 0.0004 0.0007 0.0013 0.0024 0.0042 0.0072 0.0121 0.0196 0.0313 0.0489 0.0753 0.1144 0.1725 0.2582 0.3849 0.5717 0.8459 1.0000 1.0000 1.0000 1.0000 1.0000 1.0000 1.0000 1.0000 1.0000 1.0000 1.0000 1.0000 1.0000 0.0004 0.0007 0.0010 0.0014 0.0010 0.0007 0.0004 1.0000 1.0000 1.0000 1.0000 1.0000 1.0000 1.0000 1.0000 1.0000 1.0000 1.0000 1.0000 1.0000 0.8459 0.5717 0.3849 0.2582 0.1725 0.1144 0.0753 0.0489 0.0313 0.0196 0.0121 0.0072 0.0042 0.0024 0.0013 0.0007 0.0004 1.0000 1.0000 1.0000 1.0000 1.0000 1.0000 0.5380 0.1975 0.0698 0.0240 0.0081 0.0027 0.0009 1.0000 1.0000 1.0000 0.9180
1.0000 1.0000 1.0000 0.0004 0.0013 0.0040 0.0120 0.0357 0.1054 0.3046 0.8556 1.0000 1.0000 1.0000 1.0000 1.0000 0.0004 0.0008 0.0015 0.0030 0.0056 0.0101 0.0179 0.0309 0.0518 0.0847 0.1358 0.2135 0.3300 0.5043 0.7619 1.0000 1.0000 1.0000 1.0000 1.0000 1.0000 1.0000 1.0000 1.0000 1.0000 1.0000 1.0000 1.0000 0.0004 0.0006 0.0009 0.0013 0.0020 0.0030 0.0041 0.0030 0.0020 0.0013 0.0009 0.0006 0.0004 1.0000 1.0000 1.0000 1.0000 1.0000 1.0000 1.0000 1.0000 1.0000 1.0000 1.0000 1.0000 1.0000 0.7619 0.5043 0.3300 0.2135 0.1358 0.0847 0.0518 0.0309 0.0179 0.0101 0.0056 0.0030 0.0015 0.0008 0.0004 1.0000 1.0000 1.0000 1.0000 1.0000 0.8556 0.3046 0.1054 0.0357 0.0120 0.0040 0.0013 0.0004 1.0000 1.0000 1.0000
1.0000 1.0000 1.0000 0.0006 0.0020 0.0059 0.0177 0.0531 0.1581 0.4647 1.0000 1.0000 1.0000 1.0000 1.0000 1.0000 0.0007 0.0015 0.0032 0.0064 0.0123 0.0232 0.0426 0.0757 0.1312 0.2217 0.3650 0.5882 0.9303 1.0000 1.0000 1.0000 1.0000 1.0000 1.0000 1.0000 1.0000 1.0000 1.0000 1.0000 1.0000 0.0004 0.0006 0.0009 0.0013 0.0019 0.0027 0.0040 0.0060 0.0091 0.0123 0.0091 0.0060 0.0040 0.0027 0.0019 0.0013 0.0009 0.0006 0.0004 1.0000 1.0000 1.0000 1.0000 1.0000 1.0000 1.0000 1.0000 1.0000 1.0000 1.0000 1.0000 0.9303 0.5882 0.3650 0.2217 0.1312 0.0757 0.0426 0.0232 0.0123 0.0064 0.0032 0.0015 0.0007 1.0000 1.0000 1.0000 1.0000 1.0000 1.0000 0.4647 0.1581 0.0531 0.0177 0.0059 0.0020 0.0006 1.0000 1.0000 1.0000
1.0000 1.0000 1.0000 0.0010 0.0029 0.0087 0.0262 0.0787 0.2357 0.6967 1.0000 1.0000 1.0000 1.0000 1.0000 0.0006 0.0013 0.0030 0.0064 0.0131 0.0265 0.0515 0.0973 0.1792 0.3207 0.5577 0.9463 1.0000 1.0000 1.0000 1.0000 1.0000 1.0000 1.0000 1.0000 1.0000 1.0000 1.0000 0.0004 0.0005 0.0008 0.0012 0.0017 0.0026 0.0038 0.0056 0.0083 0.0122 0.0180 0.0273 0.0370 0.0273 0.0180 0.0122 0.0083 0.0056 0.0038 0.0026 0.0017 0.0012 0.0008 0.0005 0.0004 1.0000 1.0000 1.0000 1.0000 1.0000 1.0000 1.0000 1.0000 1.0000 1.0000 1.0000 0.9463 0.5577 0.3207 0.1792 0.0973 0.0515 0.0265 0.0131 0.0064 0.0030 0.0013 0.0006 1.0000 1.0000 1.0000 1.0000 1.0000 0.6967 0.2357 0.0787 0.0262 0.0087 0.0029 0.0010 1.0000 1.0000 1.0000
1.0000 1.0000 0.0005 0.0014 0.0043 0.0128 0.0387 0.1166 0.3500 1.0000 1.0000 1.0000 1.0000 1.0000 0.0004 0.0010 0.0024 0.0056 0.0123 0.0265 0.0549 0.1103 0.2151 0.4091 0.7547 1.0000 1.0000 1.0000 1.0000 1.0000 1.0000 1.0000 1.0000 1.0000 1.0000 1.0000 0.0005 0.0007 0.0011 0.0016 0.0024 0.0035 0.0052 0.0077 0.0114 0.0169 0.0249 0.0368 0.0543 0.0823 0.1114 0.0823 0.0543 0.0368 0.0249 0.0169 0.0114 0.0077 0.0052 0.0035 0.0024 0.0016 0.0011 0.0007 0.0005 1.0000 1.0000 1.0000 1.0000 1.0000 1.0000 1.0000 1.0000 1.0000 1.0000 1.0000 0.7547 0.4091 0.2151 0.1103 0.0549 0.0265 0.0123 0.0056 0.0024 0.0010 0.0004 1.0000 1.0000 1.0000 1.0000 1.0000 0.3500 0.1166 0.0387 0.0128 0.0043 0.0014 0.0005 1.0000 1.0000
1.0000 1.0000 0.0007 0.0021 0.0063 0.0190 0.0571 0.1722 0.5179 1.0000 1.0000 1.0000 1.0000 1.0000 0.0007 0.0017 0.0042 0.0101 0.0232 0.0515 0.1103 0.2286 0.4611 0.9007 1.0000 1.0000 1.0000 1.0000 1.0000 1.0000 1.0000 1.0000 1.0000 0.0004 0.0006 0.0010 0.0015 0.0022 0.0033 0.0049 0.0072 0.0107 0.0158 0.0233 0.0344 0.0508 0.0750 0.1108 0.1636 0.2481 0.3357 0.2481 0.1636 0.1108 0.0750 0.0508 0.0344 0.0233 0.0158 0.0107 0.0072 0.0049 0.0033 0.0022 0.0015 0.0010 0.0006 0.0004 1.0000 1.0000 1.0000 1.0000 1.0000 1.0000 1.0000 1.0000 1.0000 0.9007 0.4611 0.2286 0.1103 0.0515 0.0232 0.0101 0.0042 0.0017 0.0007 1.0000 1.0000 1.0000 1.0000 1.0000 0.5179 0.1722 0.0571 0.0190 0.0063 0.0021 0.0007 1.0000 1.0000
1.0000 0.0003 0.0010 0.0031 0.0093 0.0280 0.0844 0.2548 0.7662 1.0000 1.0000 1.0000 1.0000 0.0004 0.0011 0.0028 0.0072 0.0179 0.0426 0.0973 0.2151 0.4611 0.9536 1.0000 1.0000 1.0000 1.0000 1.0000 1.0000 1.0000 1.0000 0.0005 0.0007 0.0012 0.0018 0.0028 0.0043 0.0065 0.0097 0.0146 0.0216 0.0321 0.0474 0.0702 0.1036 0.1530 0.2260 0.3338 0.4929 0.7475 1.0000 0.7475 0.4929 0.3338 0.2260 0.1530 0.1036 0.0702 0.0474 0.0321 0.0216 0.0146 0.0097 0.0065 0.0043 0.0028 0.0018 0.0012 0.0007 0.0005 1.0000 1.0000 1.0000 1.0000 1.0000 1.0000 1.0000 1.0000 0.9536 0.4611 0.2151 0.0973 0.0426 0.0179 0.0072 0.0028 0.0011 0.0004 1.0000 1.0000 1.0000 1.0000 0.7662 0.2548 0.0844 0.0280 0.0093 0.0031 0.0010 0.0003 1.0000
1.0000 0.0005 0.0015 0.0046 0.0137 0.0414 0.1246 0.3755 1.0000 1.0000 1.0000 1.0000 1.0000 0.0006 0.0017 0.0045 0.0121 0.0309 0.0757 0.1792 0.4091 0.9007 1.0000 1.0000 1.0000 1.0000 1.0000 1.0000 1.0000 0.0004 0.0007 0.0012 0.0020 0.0032 0.0051 0.0080 0.0124 0.0190 0.0287 0.0431 0.0644 0.0959 0.1424 0.2106 0.3117 0.4611 0.6810 1.0000 1.0000 1.0000 1.0000 1.0000 1.0000 1.0000 0.6810 0.4611 0.3117 0.2106 0.1424 0.0959 0.0644 0.0431 0.0287 0.0190 0.0124 0.0080 0.0051 0.0032 0.0020 0.0012 0.0007 0.0004 1.0000 1.0000 1.0000 1.0000 1.0000 1.0000 1.0000 0.9007 0.4091 0.1792 0.0757 0.0309 0.0121 0.0046 0.0017 0.0006 1.0000 1.0000 1.0000 1.0000 1.0000 0.3755 0.1246 0.0414 0.0137 0.0046 0.0015 0.0005 1.0000
1.0000 0.0007 0.0022 0.0067 0.0203 0.0611 0.1840 0.5546 1.0000 1.0000 1.0000 1.0000 1.0000 0.0009 0.0026 0.0072 0.0196 0.0518 0.1312 0.3207 0.7547 1.0000 1.0000 1.0000 1.0000 1.0000 1.0000 1.0000 0.0005 0.0010 0.0017 0.0030 0.0051 0.0085 0.0139 0.0223 0.0351 0.0545 0.0836 0.1270 0.1912 0.2856 0.4249 0.6311 0.9374 1.0000 1.0000 1.0000 1.0000 1.0000 1.0000 1.0000 1.0000 1.0000 1.0000 1.0000 0.9374 0.6311 0.4249 0.2856 0.1912 0.1270 0.0836 0.0545 0.0351 0.0223 0.0139 0.0085 0.0051 0.0030 0.0017 0.0010 0.0005 1.0000 1.0000 1.0000 1.0000 1.0000 1.0000 1.0000 0.7547 0.3207 0.1312 0.0518 0.0196 0.0072 0.0026 0.0009 1.0000 1.0000 1.0000 1.0000 1.0000 0.5546 0.1840 0.0611 0.0203 0.0067 0.0022 0.0007 1.0000
0.0001 0.0011 0.0033 0.0099 0.0299 0.0902 0.2718 0.8190 1.0000 1.0000 1.0000 1.0000 0.0004 0.0013 0.0039 0.0112 0.0313 0.0847 0.2217 0.5577 1.0000 1.0000 1.0000 1.0000 1.0000 1.0000 1.0000 0.0006 0.0012 0.0022 0.0041 0.0074 0.0129 0.0220 0.0368 0.0603 0.0970 0.1533 0.2388 0.3678 0.5588 0.8427 1.0000 1.0000 1.0000 1.0000 1.0000 1.0000 1.0000 1.0000 1.0000 1.0000 1.0000 1.0000 1.0000 1.0000 1.0000 1.0000 1.0000 0.8427 0.5588 0.3678 0.2388 0.1533 0.0970 0.0603 0.0368 0.0220 0.0129 0.0074 0.0041 0.0022 0.0012 0.0006 1.0000 1.0000 1.0000 1.0000 1.0000 1.0000 1.0000 0.5577 0.2217 0.0847 0.0313 0.0112 0.0039 0.0013 0.0004 1.0000 1.0000 1.0000 1.0000 0.8190 0.2718 0.0902 0.0299 0.0099 0.0033 0.0011 0.0001
0.0001 0.0016 0.0049 0.0147 0.0442 0.1332 0.4014 1.0000 1.0000 1.0000 1.0000 1.0000 0.0007 0.0020 0.0059 0.0171 0.0489 0.1358 0.3650 0.9463 1.0000 1.0000 1.0000 1.0000 1.0000 1.0000 0.0007 0.0013 0.0026 0.0050 0.0095 0.0174 0.0313 0.0549 0.0942 0.1584 0.2606 0.4217 0.6695 1.0000 1.0000 1.0000 1.0000 1.0000 1.0000 1.0000 1.0000 1.0000 1.0000 1.0000 1.0000 1.0000 1.0000 1.0000 1.0000 1.0000 1.0000 1.0000 1.0000 1.0000 1.0000 1.0000 0.6695 0.4217 0.2606 0.1584 0.0942 0.0549 0.0313 0.0174 0.0095 0.0050 0.0026 0.0013 0.0007 1.0000 1.0000 1.0000 1.0000 1.0000 1.0000 0.9463 0.3650 0.1358 0.0489 0.0171 0.0059 0.0020 0.0007 1.0000 1.0000 1.0000 1.0000 1.0000 0.4014 0.1332 0.0442 0.0147 0.0049 0.0016 0.0001
0.0001 0.0024 0.0072 0.0217 0.0653 0.1967 0.5927 1.0000 1.0000 1.0000 1.0000 1.0000 0.0010 0.0030 0.0088 0.0260 0.0753 0.2131 0.5871 1.0000 1.0000 1.0000 1.0000 1.0000 1.0000 0.0006 0.0013 0.0028 0.0056 0.0110 0.0213 0.0400 0.0739 0.1332 0.2348 0.4037 0.6823 1.0000 1.0000 1.0000 1.0000 1.0000 1.0000 1.0000 1.0000 1.0000 1.0000 1.0000 1.0000 0.0004 0.0006 0.0004 1.0000 1.0000 1.0000 1.0000 1.0000 1.0000 1.0000 1.0000 1.0000 1.0000 1.0000 1.0000 0.6823 0.4044 0.2343 0.1332 0.0739 0.0400 0.0213 0.0110 0.0056 0.0028 0.0013 0.0006 1.0000 1.0000 1.0000 1.0000 1.0000 1.0000 0.5882 0.2135 0.0753 0.0260 0.0088 0.0030 0.0010 1.0000 1.0000 1.0000 1.0000 1.0000 0.5927 0.1967 0.0653 0.0217 0.0072 0.0024 0.0001
0.0002 0.0035 0.0106 0.0320 0.0964 0.2905 0.8754 1.0000 1.0000 1.0000 1.0000 0.0005 0.0015 0.0044 0.0132 0.0390 0.1144 0.3300 0.9285 1.0000 1.0000 1.0000 1.0000 1.0000 0.0005 0.0012 0.0026 0.0056 0.0116 0.0235 0.0464 0.0895 0.1693 0.3129 0.5652 1.0000 1.0000 1.0000 1.0000 1.0000 1.0000 1.0000 1.0000 1.0000 1.0000 1.0000 0.0004 0.0005 0.0008 0.0012 0.0017 0.0012 0.0008 0.0005 0.0004 1.0000 1.0000 1.0000 1.0000 1.0000 1.0000 1.0000 1.0000 1.0000 1.0000 1.0000 0.5652 0.3123 0.1693 0.0895 0.0464 0.0235 0.0116 0.0056 0.0026 0.0012 0.0005 1.0000 1.0000 1.0000 1.0000 1.0000 0.9303 0.3300 0.1144 0.0390 0.0132 0.0044 0.0015 0.0005 1.0000 1.0000 1.0000 1.0000 0.8754 0.2905 0.0964 0.0320 0.0106 0.0035 0.0002
0.0003 0.0052 0.0157 0.0472 0.1424 0.4290 1.0000 1.0000 1.0000 1.0000 1.0000 0.0007 0.0022 0.0065 0.0195 0.0582 0.1725 0.5033 1.0000 1.0000 1.0000 1.0000 1.0000 0.0004 0.0010 0.0022 0.0050 0.0110 0.0235 0.0487 0.0986 0.1952 0.3777 0.7155 1.0000 1.0000 1.0000 1.0000 1.0000 1.0000 1.0000 1.0000 1.0000 1.0000 0.0005 0.0007 0.0011 0.0016 0.0024 0.0037 0.0051 0.0037 0.0024 0.0016 0.0011 0.0007 0.0005 1.0000 1.0000 1.0000 1.0000 1.0000 1.0000 1.0000 1.0000 1.0000 1.0000 0.7155 0.3777 0.1952 0.0986 0.0487 0.0235 0.0110 0.0050 0.0022 0.0010 0.0004 1.0000 1.0000 1.0000 1.0000 1.0000 0.5043 0.1725 0.0582 0.0195 0.0065 0.0022 0.0007 1.0000 1.0000 1.0000 1.0000 1.0000 0.4290 0.1424 0.0472 0.0157 0.0052 0.0003
0.0005 0.0077 0.0232 0.0698 0.2102 0.6335 1.0000 1.0000 1.0000 1.0000 0.0004 0.0011 0.0032 0.0096 0.0289 0.0867 0.2582 0.7619 1.0000 1.0000 1.0000 1.0000 1.0000 0.0007 0.0017 0.0041 0.0095 0.0213 0.0464 0.0986 0.2043 0.4153 0.8221 1.0000 1.0000 1.0000 1.0000 1.0000 1.0000 1.0000 1.0000 1.0000 0.0005 0.0009 0.0013 0.0021 0.0032 0.0048 0.0072 0.0111 0.0152 0.0111 0.0072 0.0048 0.0032 0.0021 0.0013 0.0009 0.0005 1.0000 1.0000 1.0000 1.0000 1.0000 1.0000 1.0000 1.0000 1.0000 0.8221 0.4153 0.2043 0.0986 0.0464 0.0213 0.0095 0.0041 0.0017 0.0007 1.0000 1.0000 1.0000 1.0000 1.0000 0.7619 0.2582 0.0867 0.0289 0.0096 0.0032 0.0011 0.0004 1.0000 1.0000 1.0000 1.0000 0.6335 0.2102 0.0698 0.0232 0.0077 0.0005
0.0007 0.0113 0.0342 0.1030 0.3105 0.9356 1.0000 1.0000 1.0000 1.0000 0.0005 0.0016 0.0047 0.0142 0.0429 0.1287 0.3849 1.0000 1.0000 1.0000 1.0000 1.0000 0.0005 0.0012 0.0030 0.0074 0.0174 0.0400 0.0895 0.1952 0.4153 0.8605 1.0000 1.0000 1.0000 1.0000 1.0000 1.0000 1.0000 1.0000 0.0005 0.0009 0.0014 0.0023 0.0037 0.0059 0.0091 0.0140 0.0212 0.0329 0.0451 0.0329 0.0212 0.0140 0.0091 0.0059 0.0037 0.0023 0.0014 0.0009 0.0005 1.0000 1.0000 1.0000 1.0000 1.0000 1.0000 1.0000 1.0000 0.8605 0.4153 0.1952 0.0895 0.0400 0.0174 0.0074 0.0030 0.0012 0.0005 1.0000 1.0000 1.0000 1.0000 1.0000 0.3849 0.1287 0.0429 0.0142 0.0047 0.0016 0.0005 1.0000 1.0000 1.0000 1.0000 0.9356 0.3105 0.1030 0.0342 0.0113 0.0007
0.0011 0.0168 0.0505 0.1522 0.4585 1.0000 1.0000 1.0000 1.0000 1.0000 0.0008 0.0023 0.0070 0.0210 0.0633 0.1904 0.5717 1.0000 1.0000 1.0000 1.0000 1.0000 0.0007 0.0020 0.0051 0.0129 0.0313 0.0739 0.1693 0.3777 0.8221 1.0000 1.0000 1.0000 1.0000 1.0000 1.0000 1.0000 0.0004 0.0007 0.0013 0.0022 0.0038 0.0063 0.0102 0.0163 0.0257 0.0400 0.0615 0.0962 0.1329 0.0962 0.0615 0.0400 0.0257 0.0163 0.0102 0.0063 0.0038 0.0022 0.0013 0.0007 0.0004 1.0000 1.0000 1.0000 1.0000 1.0000 1.0000 1.0000 0.8221 0.3777 0.1693 0.0739 0.0313 0.0129 0.0051 0.0020 0.0007 1.0000 1.0000 1.0000 1.0000 1.0000 0.5717 0.1904 0.0633 0.0210 0.0070 0.0023 0.0008 1.0000 1.0000 1.0000 1.0000 1.0000 0.4585 0.1522 0.0505 0.0168 0.0011
0.0016 0.0247 0.0746 0.2247 0.6771 1.0000 1.0000 1.0000 1.0000 0.0004 0.0011 0.0034 0.0103 0.0310 0.0937 0.2818 0.8459 1.0000 1.0000 1.0000 1.0000 0.0004 0.0012 0.0032 0.0085 0.0220 0.0549 0.1332 0.3123 0.7155 1.0000 1.0000 1.0000 1.0000 1.0000 1.0000 1.0000 0.0005 0.0010 0.0018 0.0032 0.0056 0.0096 0.0163 0.0271 0.0443 0.0712 0.1127 0.1758 0.2791 0.3879 0.2791 0.1758 0.1127 0.0712 0.0443 0.0271 0.0163 0.0096 0.0056 0.0032 0.0018 0.0010 0.0005 1.0000 1.0000 1.0000 1.0000 1.0000 1.0000 1.0000 0.7155 0.3123 0.1332 0.0549 0.0220 0.0085 0.0032 0.0012 0.0004 1.0000 1.0000 1.0000 1.0000 0.8459 0.2818 0.0937 0.0310 0.0103 0.0034 0.0011 0.0004 1.0000 1.0000 1.0000 1.0000 0.6771 0.2247 0.0746 0.0247 0.0016
0.0023 0.0365 0.1101 0.3319 1.0000 1.0000 1.0000 1.0000 1.0000 0.0006 0.0017 0.0050 0.0152 0.0458 0.1381 0.4161 1.0000 1.0000 1.0000 1.0000 1.0000 0.0006 0.0018 0.0051 0.0139 0.0368 0.0942 0.2343 0.5652 1.0000 1.0000 1.0000 1.0000 1.0000 1.0000 1.0000 0.0006 0.0011 0.0022 0.0041 0.0075 0.0135 0.0238 0.0413 0.0703 0.1175 0.1926 0.3105 0.4929 0.7944 1.0000 0.7944 0.4929 0.3105 0.1926 0.1175 0.0703 0.0414 0.0238 0.0135 0.0075 0.0041 0.0022 0.0011 0.0006 1.0000 1.0000 1.0000 1.0000 1.0000 1.0000 1.0000 0.5652 0.2343 0.0942 0.0368 0.0139 0.0051 0.0018 0.0006 1.0000 1.0000 1.0000 1.0000 1.0000 0.4161 0.1381 0.0458 0.0152 0.0050 0.0017 0.0006 1.0000 1.0000 1.0000 1.0000 1.0000 0.3319 0.1101 0.0365 0.0023
0.0034 0.0540 0.1626 0.4901 1.0000 1.0000 1.0000 1.0000 1.0000 0.0008 0.0025 0.0075 0.0225 0.0677 0.2039 0.6146 1.0000 1.0000 1.0000 1.0000 1.0000 0.0010 0.0028 0.0080 0.0223 0.0603 0.1584 0.4044 1.0000 1.0000 1.0000 1.0000 1.0000 1.0000 1.0000 0.0006 0.0012 0.0025 0.0048 0.0092 0.0172 0.0317 0.0575 0.1019 0.1772 0.3029 0.5081 0.8363 1.0000 1.0000 1.0000 1.0000 1.0000 0.8363 0.5081 0.3029 0.1775 0.1019 0.0576 0.0319 0.0172 0.0092 0.0048 0.0025 0.0012 0.0006 1.0000 1.0000 1.0000 1.0000 1.0000 1.0000 1.0000 0.4044 0.1584 0.0603 0.0223 0.0080 0.0028 0.0010 1.0000 1.0000 1.0000 1.0000 1.0000 0.6146 0.2039 0.0677 0.0225 0.0075 0.0025 0.0008 1.0000 1.0000 1.0000 1.0000 1.0000 0.4901 0.1626 0.0540 0.0034
0.0050 0.0797 0.2402 0.7238 1.0000 1.0000 1.0000 1.0000 0.0004 0.0012 0.0037 0.0110 0.0332 0.0999 0.3012 0.9076 1.0000 1.0000 1.0000 1.0000 0.0005 0.0015 0.0043 0.0124 0.0350 0.0968 0.2611 0.6823 1.0000 1.0000 1.0000 1.0000 1.0000 1.0000 0.0006 0.0012 0.0026 0.0052 0.0104 0.0203 0.0389 0.0732 0.1350 0.2448 0.4364 0.7604 1.0000 1.0000 1.0000 1.0000 1.0000 1.0000 1.0000 1.0000 1.0000 0.7604 0.4364 0.2453 0.1352 0.0733 0.0389 0.0203 0.0104 0.0052 0.0026 0.0012 0.0006 1.0000 1.0000 1.0000 1.0000 1.0000 1.0000 0.6823 0.2606 0.0970 0.0351 0.0124 0.0043 0.0015 0.0005 1.0000 1.0000 1.0000 1.0000 0.9076 0.3012 0.0999 0.0332 0.0110 0.0037 0.0012 0.0004 1.0000 1.0000 1.0000 1.0000 0.7238 0.2402 0.0797 0.0050
0.0074 0.1177 0.3547 1.0000 1.0000 1.0000 1.0000 1.0000 0.0006 0.0018 0.0054 0.0163 0.0490 0.1476 0.4448 1.0000 1.0000 1.0000 1.0000 1.0000 0.0007 0.0022 0.0065 0.0190 0.0544 0.1533 0.4217 1.0000 1.0000 1.0000 1.0000 1.0000 1.0000 0.0005 0.0011 0.0025 0.0052 0.0108 0.0220 0.0438 0.0857 0.1645 0.3105 0.5750 1.0000 1.0000 1.0000 1.0000 1.0000 1.0000 1.0000 1.0000 1.0000 1.0000 1.0000 1.0000 1.0000 0.5761 0.3111 0.1648 0.0857 0.0438 0.0220 0.0108 0.0052 0.0025 0.0011 0.0005 1.0000 1.0000 1.0000 1.0000 1.0000 1.0000 0.4217 0.1533 0.0545 0.0190 0.0065 0.0022 0.0007 1.0000 1.0000 1.0000 1.0000 1.0000 0.4448 0.1476 0.0490 0.0163 0.0054 0.0018 0.0006 1.0000 1.0000 1.0000 1.0000 1.0000 0.3547 0.1177 0.0074
0.0109 0.1738 0.5238 1.0000 1.0000 1.0000 1.0000 1.0000 0.0009 0.0026 0.0080 0.0240 0.0723 0.2180 0.6569 1.0000 1.0000 1.0000 1.0000 0.0004 0.0011 0.0033 0.0097 0.0286 0.0833 0.2384 0.6695 1.0000 1.0000 1.0000 1.0000 1.0000 0.0004 0.0010 0.0022 0.0048 0.0104 0.0220 0.0456 0.0926 0.1851 0.3629 0.6967 1.0000 1.0000 1.0000 1.0000 1.0000 1.0000 1.0000 1.0000 1.0000 1.0000 1.0000 1.0000 1.0000 1.0000 1.0000 0.6981 0.3622 0.1851 0.0926 0.0456 0.0220 0.0104 0.0048 0.0022 0.0010 0.0004 1.0000 1.0000 1.0000 1.0000 1.0000 0.6695 0.2388 0.0836 0.0287 0.0097 0.0033 0.0011 0.0004 1.0000 1.0000 1.0000 1.0000 0.6569 0.2180 0.0723 0.0240 0.0080 0.0026 0.0009 1.0000 1.0000 1.0000 1.0000 1.0000 0.5238 0.1738 0.0109
0.0161 0.2567 0.7736 1.0000 1.0000 1.0000 1.0000 0.0004 0.0013 0.0039 0.0118 0.0355 0.1068 0.3219 0.9700 1.0000 1.0000 1.0000 1.0000 0.0005 0.0016 0.0048 0.0145 0.0430 0.1263 0.3671 1.0000 1.0000 1.0000 1.0000 1.0000 1.0000 0.0007 0.0018 0.0041 0.0092 0.0203 0.0438 0.0926 0.1919 0.3916 0.7810 1.0000 1.0000 1.0000 1.0000 1.0000 1.0000 1.0000 1.0000 1.0000 1.0000 1.0000 1.0000 1.0000 1.0000 1.0000 1.0000 1.0000 0.7810 0.3916 0.1919 0.0926 0.0438 0.0203 0.0092 0.0041 0.0018 0.0007 1.0000 1.0000 1.0000 1.0000 1.0000 1.0000 0.3678 0.1270 0.0431 0.0146 0.0049 0.0016 0.0005 1.0000 1.0000 1.0000 1.0000 0.9700 0.3219 0.1068 0.0355 0.0118 0.0039 0.0013 0.0004 1.0000 1.0000 1.0000 1.0000 0.7736 0.2567 0.0161
0.0238 0.3791 1.0000 1.0000 1.0000 1.0000 1.0000 0.0006 0.0019 0.0058 0.0174 0.0524 0.1578 0.4754 1.0000 1.0000 1.0000 1.0000 1.0000 0.0008 0.0024 0.0072 0.0216 0.0643 0.1904 0.5588 1.0000 1.0000 1.0000 1.0000 1.0000 0.0005 0.0013 0.0032 0.0075 0.0172 0.0389 0.0857 0.1851 0.3916 0.8112 1.0000 1.0000 1.0000 1.0000 1.0000 1.0000 1.0000 1.0000 0.0006 0.0009 0.0006 1.0000 1.0000 1.0000 1.0000 1.0000 1.0000 1.0000 1.0000 0.8112 0.3916 0.1851 0.0857 0.0389 0.0172 0.0075 0.0032 0.0013 0.0005 1.0000 1.0000 1.0000 1.0000 1.0000 0.5588 0.1912 0.0644 0.0216 0.0072 0.0024 0.0008 1.0000 1.0000 1.0000 1.0000 1.0000 0.4754 0.1578 0.0524 0.0174 0.0058 0.0019 0.0006 1.0000 1.0000 1.0000 1.0000 1.0000 0.3791 0.0238
0.0351 0.5599 1.0000 1.0000 1.0000 1.0000 1.0000 0.0009 0.0028 0.0085 0.0257 0.0773 0.2330 0.7021 1.0000 1.0000 1.0000 1.0000 0.0004 0.0012 0.0035 0.0107 0.0321 0.0959 0.2850 0.8427 1.0000 1.0000 1.0000 1.0000 1.0000 0.0009 0.0022 0.0056 0.0135 0.0319 0.0733 0.1648 0.3622 0.7810 1.0000 1.0000 1.0000 1.0000 1.0000 1.0000 1.0000 0.0004 0.0008 0.0015 0.0023 0.0015 0.0008 0.0004 1.0000 1.0000 1.0000 1.0000 1.0000 1.0000 1.0000 0.7810 0.3622 0.1648 0.0733 0.0319 0.0135 0.0056 0.0022 0.0009 1.0000 1.0000 1.0000 1.0000 1.0000 0.8427 0.2856 0.0959 0.0321 0.0107 0.0035 0.0012 0.0004 1.0000 1.0000 1.0000 1.0000 0.7021 0.2330 0.0773 0.0257 0.0085 0.0028 0.0009 1.0000 1.0000 1.0000 1.0000 1.0000 0.5599 0.0351
0.0519 0.8268 1.0000 1.0000 1.0000 1.0000 0.0005 0.0014 0.0042 0.0126 0.0379 0.1142 0.3441 1.0000 1.0000 1.0000 1.0000 1.0000 0.0006 0.0017 0.0052 0.0158 0.0475 0.1421 0.4249 1.0000 1.0000 1.0000 1.0000 1.0000 0.0005 0.0014 0.0038 0.0096 0.0238 0.0576 0.1352 0.3111 0.6981 1.0000 1.0000 1.0000 1.0000 1.0000 1.0000 1.0000 0.0005 0.0010 0.0018 0.0035 0.0055 0.0035 0.0018 0.0010 0.0005 1.0000 1.0000 1.0000 1.0000 1.0000 1.0000 1.0000 0.6981 0.3111 0.1352 0.0576 0.0238 0.0096 0.0038 0.0014 0.0005 1.0000 1.0000 1.0000 1.0000 1.0000 0.4249 0.1424 0.0474 0.0158 0.0052 0.0017 0.0006 1.0000 1.0000 1.0000 1.0000 1.0000 0.3441 0.1142 0.0379 0.0126 0.0042 0.0014 0.0005 1.0000 1.0000 1.0000 1.0000 0.8268 0.0519
0.0766 1.0000 1.0000 1.0000 1.0000 1.0000 0.0007 0.0020 0.0062 0.0186 0.0560 0.1686 0.5081 1.0000 1.0000 1.0000 1.0000 1.0000 0.0009 0.0026 0.0077 0.0233 0.0702 0.2106 0.6311 1.0000 1.0000 1.0000 1.0000 1.0000 0.0009 0.0023 0.0063 0.0163 0.0414 0.1019 0.2453 0.5761 1.0000 1.0000 1.0000 1.0000 1.0000 1.0000 1.0000 0.0006 0.0011 0.0021 0.0041 0.0080 0.0130 0.0080 0.0041 0.0021 0.0011 0.0006 1.0000 1.0000 1.0000 1.0000 1.0000 1.0000 1.0000 0.5761 0.2453 0.1019 0.0414 0.0163 0.0063 0.0023 0.0009 1.0000 1.0000 1.0000 1.0000 1.0000 0.6311 0.2106 0.0702 0.0233 0.0077 0.0026 0.0009 1.0000 1.0000 1.0000 1.0000 1.0000 0.5081 0.1686 0.0560 0.0186 0.0062 0.0020 0.0007 1.0000 1.0000 1.0000 1.0000 1.0000 0.0766
0.1131 1.0000 1.0000 1.0000 1.0000 1.0000 0.0010 0.0030 0.0091 0.0274 0.0826 0.2490 0.7504 1.0000 1.0000 1.0000 1.0000 0.0004 0.0013 0.0038 0.0114 0.0344 0.1036 0.3117 0.9374 1.0000 1.0000 1.0000 1.0000 0.0005 0.0013 0.0037 0.0102 0.0271 0.0703 0.1775 0.4364 1.0000 1.0000 1.0000 1.0000 1.0000 1.0000 1.0000 0.0006 0.0012 0.0024 0.0047 0.0091 0.0182 0.0299 0.0183 0.0091 0.0047 0.0024 0.0012 0.0006 1.0000 1.0000 1.0000 1.0000 1.0000 1.0000 1.0000 0.4364 0.1775 0.0703 0.0271 0.0102 0.0037 0.0013 0.0005 1.0000 1.0000 1.0000 1.0000 0.9374 0.3117 0.1036 0.0344 0.0114 0.0038 0.0013 0.0004 1.0000 1.0000 1.0000 1.0000 0.7504 0.2490 0.0826 0.0274 0.0091 0.0030 0.0010 1.0000 1.0000 1.0000 1.0000 1.0000 0.1131
0.1670 1.0000 1.0000 1.0000 1.0000 0.0005 0.0015 0.0045 0.0134 0.0405 0.1220 0.3678 1.0000 1.0000 1.0000 1.0000 1.0000 0.0006 0.0019 0.0056 0.0169 0.0508 0.1530 0.4611 1.0000 1.0000 1.0000 1.0000 1.0000 0.0007 0.0021 0.0059 0.0163 0.0443 0.1175 0.3029 0.7604 1.0000 1.0000 1.0000 1.0000 1.0000 1.0000 0.0006 0.0012 0.0025 0.0050 0.0100 0.0198 0.0407 0.0674 0.0407 0.0198 0.0101 0.0050 0.0025 0.0012 0.0006 1.0000 1.0000 1.0000 1.0000 1.0000 1.0000 0.7604 0.3029 0.1175 0.0443 0.0163 0.0059 0.0021 0.0007 1.0000 1.0000 1.0000 1.0000 1.0000 0.4611 0.1530 0.0508 0.0169 0.0056 0.0019 0.0006 1.0000 1.0000 1.0000 1.0000 1.0000 0.3678 0.1220 0.0405 0.0134 0.0045 0.0015 0.0005 1.0000 1.0000 1.0000 1.0000 0.1670
0.2467 1.0000 1.0000 1.0000 1.0000 0.0007 0.0022 0.0066 0.0198 0.0598 0.1802 0.5431 1.0000 1.0000 1.0000 1.0000 1.0000 0.0009 0.0027 0.0083 0.0249 0.0750 0.2260 0.6810 1.0000 1.0000 1.0000 1.0000 0.0004 0.0011 0.0032 0.0091 0.0257 0.0712 0.1926 0.5081 1.0000 1.0000 1.0000 1.0000 1.0000 1.0000 0.0005 0.0011 0.0024 0.0050 0.0104 0.0211 0.0425 0.0888 0.1493 0.0892 0.0426 0.0212 0.0104 0.0050 0.0024 0.0011 0.0005 1.0000 1.0000 1.0000 1.0000 1.0000 1.0000 0.5081 0.1926 0.0712 0.0257 0.0091 0.0032 0.0011 0.0004 1.0000 1.0000 1.0000 1.0000 0.6810 0.2260 0.0750 0.0249 0.0083 0.0027 0.0009 1.0000 1.0000 1.0000 1.0000 1.0000 0.5431 0.1802 0.0598 0.0198 0.0066 0.0022 0.0007 1.0000 1.0000 1.0000 1.0000 0.2467
0.3636 1.0000 1.0000 1.0000 0.0004 0.0011 0.0032 0.0097 0.0293 0.0883 0.2662 0.8020 1.0000 1.0000 1.0000 1.0000 0.0004 0.0013 0.0040 0.0122 0.0368 0.1108 0.3338 1.0000 1.0000 1.0000 1.0000 1.0000 0.0005 0.0016 0.0048 0.0140 0.0400 0.1127 0.3105 0.8363 1.0000 1.0000 1.0000 1.0000 1.0000 0.0004 0.0010 0.0021 0.0047 0.0100 0.0212 0.0440 0.0897 0.1908 0.3244 0.1912 0.0899 0.0440 0.0212 0.0101 0.0047 0.0021 0.0010 0.0004 1.0000 1.0000 1.0000 1.0000 1.0000 0.8363 0.3105 0.1127 0.0400 0.0140 0.0048 0.0016 0.0005 1.0000 1.0000 1.0000 1.0000 1.0000 0.3338 0.1108 0.0368 0.0122 0.0040 0.0013 0.0004 1.0000 1.0000 1.0000 1.0000 0.8020 0.2662 0.0883 0.0293 0.0097 0.0032 0.0011 0.0004 1.0000 1.0000 1.0000 0.3636
0.5359 1.0000 1.0000 1.0000 0.0005 0.0016 0.0048 0.0144 0.0433 0.1304 0.3931 1.0000 1.0000 1.0000 1.0000 1.0000 0.0007 0.0020 0.0060 0.0180 0.0543 0.1636 0.4929 1.0000 1.0000 1.0000 1.0000 1.0000 0.0008 0.0024 0.0072 0.0212 0.0615 0.1758 0.4929 1.0000 1.0000 1.0000 1.0000 1.0000 1.0000 0.0008 0.0018 0.0041 0.0091 0.0198 0.0425 0.0895 0.1854 0.4029 0.6928 0.4037 0.1858 0.0899 0.0426 0.0198 0.0091 0.0041 0.0018 0.0008 1.0000 1.0000 1.0000 1.0000 1.0000 1.0000 0.4929 0.1758 0.0615 0.0212 0.0072 0.0024 0.0008 1.0000 1.0000 1.0000 1.0000 1.0000 0.4929 0.1636 0.0543 0.0180 0.0060 0.0020 0.0007 1.0000 1.0000 1.0000 1.0000 1.0000 0.3931 0.1304 0.0433 0.0144 0.0048 0.0016 0.0005 1.0000 1.0000 1.0000 0.5349
0.8315 1.0000 1.0000 1.0000 0.0008 0.0024 0.0072 0.0218 0.0657 0.1978 0.5961 1.0000 1.0000 1.0000 1.0000 1.0000 0.0010 0.0030 0.0091 0.0273 0.0823 0.2481 0.7475 1.0000 1.0000 1.0000 1.0000 0.0004 0.0012 0.0037 0.0111 0.0329 0.0962 0.2791 0.7944 1.0000 1.0000 1.0000 1.0000 1.0000 0.0006 0.0015 0.0035 0.0080 0.0183 0.0407 0.0890 0.1912 0.4029 0.8854 1.0000 0.8871 0.4037 0.1912 0.0892 0.0407 0.0183 0.0080 0.0035 0.0015 0.0006 1.0000 1.0000 1.0000 1.0000 1.0000 0.7944 0.2791 0.0962 0.0329 0.0111 0.0037 0.0012 0.0004 1.0000 1.0000 1.0000 1.0000 0.7475 0.2481 0.0823 0.0273 0.0091 0.0030 0.0010 1.0000 1.0000 1.0000 1.0000 1.0000 0.5961 0.1978 0.0657 0.0218 0.0072 0.0024 0.0008 1.0000 1.0000 1.0000 0.8300
1.0000 1.0000 1.0000 0.0004 0.0011 0.0033 0.0098 0.0295 0.0888 0.2677 0.8066 1.0000 1.0000 1.0000 1.0000 0.0004 0.0014 0.0041 0.0123 0.0370 0.1114 0.3357 1.0000 1.0000 1.0000 1.0000 1.0000 0.0006 0.0017 0.0051 0.0152 0.0451 0.1329 0.3879 1.0000 1.0000 1.0000 1.0000 1.0000 1.0000 0.0009 0.0023 0.0055 0.0130 0.0299 0.0676 0.1493 0.3244 0.6928 1.0000 1.0000 1.0000 0.6928 0.3244 0.1493 0.0676 0.0299 0.0130 0.0055 0.0023 0.0009 1.0000 1.0000 1.0000 1.0000 1.0000 1.0000 0.3879 0.1329 0.0451 0.0152 0.0051 0.0017 0.0006 1.0000 1.0000 1.0000 1.0000 1.0000 0.3357 0.1114 0.0370 0.0123 0.0041 0.0014 0.0004 1.0000 1.0000 1.0000 1.0000 0.8066 0.2677 0.0888 0.0295 0.0098 0.0033 0.0011 0.0004 1.0000 1.0000 1.0000
0.8315 1.0000 1.0000 1.0000 0.0008 0.0024 0.0072 0.0218 0.0657 0.1978 0.5961 1.0000 1.0000 1.0000 1.0000 1.0000 0.0010 0.0030 0.0091 0.0273 0.0823 0.2481 0.7475 1.0000 1.0000 1.0000 1.0000 0.0004 0.0012 0.0037 0.0111 0.0329 0.0962 0.2791 0.7944 1.0000 1.0000 1.0000 1.0000 1.0000 0.0006 0.0015 0.0035 0.0080 0.0183 0.0407 0.0892 0.1912 0.4037 0.8871 1.0000 0.8871 0.4037 0.1912 0.0892 0.0407 0.0183 0.0080 0.0035 0.0015 0.0006 1.0000 1.0000 1.0000 1.0000 1.0000 0.7944 0.2791 0.0962 0.0329 0.0111 0.0037 0.0012 0.0004 1.0000 1.0000 1.0000 1.0000 0.7475 0.2481 0.0823 0.0273 0.0091 0.0030 0.0010 1.0000 1.0000 1.0000 1.0000 1.0000 0.5961 0.1978 0.0657 0.0218 0.0072 0.0024 0.0008 1.0000 1.0000 1.0000 0.8300
0.5359 1.0000 1.0000 1.0000 0.0005 0.0016 0.0048 0.0144 0.0433 0.1304 0.3931 1.0000 1.0000 1.0000 1.0000 1.0000 0.0007 0.0020 0.0060 0.0180 0.0543 0.1636 0.4929 1.0000 1.0000 1.0000 1.0000 1.0000 0.0008 0.0024 0.0072 0.0212 0.0615 0.1758 0.4929 1.0000 1.0000 1.0000 1.0000 1.0000 1.0000 0.0008 0.0018 0.0041 0.0091 0.0198 0.0426 0.0899 0.1858 0.4037 0.6928 0.4037 0.1858 0.0899 0.0426 0.0198 0.0091 0.0041 0.0018 0.0008 1.0000 1.0000 1.0000 1.0000 1.0000 1.0000 0.4929 0.1758 0.0615 0.0212 0.0072 0.0024 0.0008 1.0000 1.0000 1.0000 1.0000 1.0000 0.4929 0.1636 0.0543 0.0180 0.0060 0.0020 0.0007 1.0000 1.0000 1.0000 1.0000 1.0000 0.3931 0.1304 0.0433 0.0144 0.0048 0.0016 0.0005 1.0000 1.0000 1.0000 0.5349
0.3636 1.0000 1.0000 1.0000 0.0004 0.0011 0.0032 0.0097 0.0293 0.0883 0.2662 0.8020 1.0000 1.0000 1.0000 1.0000 0.0004 0.0013 0.0040 0.0122 0.0368 0.1108 0.3338 1.0000 1.0000 1.0000 1.0000 1.0000 0.0005 0.0016 0.0048 0.0140 0.0400 0.1127 0.3105 0.8363 1.0000 1.0000 1.0000 1.0000 1.0000 0.0004 0.0010 0.0021 0.0047 0.0101 0.0212 0.0440 0.0899 0.1912 0.3244 0.1912 0.0899 0.0440 0.0212 0.0101 0.0047 0.0021 0.0010 0.0004 1.0000 1.0000 1.0000 1.0000 1.0000 0.8363 0.3105 0.1127 0.0400 0.0140 0.0048 0.0016 0.0005 1.0000 1.0000 1.0000 1.0000 1.0000 0.3338 0.1108 0.0368 0.0122 0.0040 0.0013 0.0004 1.0000 1.0000 1.0000 1.0000 0.8020 0.2662 0.0883 0.0293 0.0097 0.0032 0.0011 0.0004 1.0000 1.0000 1.0000 0.3636
0.2467 1.0000 1.0000 1.0000 1.0000 0.0007 0.0022 0.0066 0.0198 0.0598 0.1802 0.5431 1.0000 1.0000 1.0000 1.0000 1.0000 0.0009 0.0027 0.0083 0.0249 0.0750 0.2260 0.6810 1.0000 1.0000 1.0000 1.0000 0.0004 0.0011 0.0032 0.0091 0.0257 0.0712 0.1926 0.5081 1.0000 1.0000 1.0000 1.0000 1.0000 1.0000 0.0005 0.0011 0.0024 0.0050 0.0104 0.0212 0.0426 0.0892 0.1493 0.0892 0.0426 0.0212 0.0104 0.0050 0.0024 0.0011 0.0005 1.0000 1.0000 1.0000 1.0000 1.0000 1.0000 0.5081 0.1926 0.0712 0.0257 0.0091 0.0032 0.0011 0.0004 1.0000 1.0000 1.0000 1.0000 0.6810 0.2260 0.0750 0.0249 0.0083 0.0027 0.0009 1.0000 1.0000 1.0000 1.0000 1.0000 0.5431 0.1802 0.0598 0.0198 0.0066 0.0022 0.0007 1.0000 1.0000 1.0000 1.0000 0.2467
0.1670 1.0000 1.0000 1.0000 1.0000 0.0005 0.0015 0.0045 0.0134 0.0405 0.1220 0.3678 1.0000 1.0000 1.0000 1.0000 1.0000 0.0006 0.0019 0.0056 0.0169 0.0508 0.1530 0.4611 1.0000 1.0000 1.0000 1.0000 1.0000 0.0007 0.0021 0.0059 0.0163 0.0443 0.1175 0.3029 0.7604 1.0000 1.0000 1.0000 1.0000 1.0000 1.0000 0.0006 0.0012 0.0025 0.0050 0.0101 0.0198 0.0407 0.0676 0.0407 0.0198 0.0101 0.0050 0.0025 0.0012 0.0006 1.0000 1.0000 1.0000 1.0000 1.0000 1.0000 0.7604 0.3029 0.1175 0.0443 0.0163 0.0059 0.0021 0.0007 1.0000 1.0000 1.0000 1.0000 1.0000 0.4611 0.1530 0.0508 0.0169 0.0056 0.0019 0.0006 1.0000 1.0000 1.0000 1.0000 1.0000 0.3678 0.1220 0.0405 0.0134 0.0045 0.0015 0.0005 1.0000 1.0000 1.0000 1.0000 0.1670
