0.4212 0.3856 0.3678 0.3530 0.3349 0.3170 0.3052 0.3010 0.3007 0.3033 0.3083 0.3153 0.3242 0.3348 0.3467 0.3594 0.3725 0.3850 0.3962 0.4053 0.4122 0.4169 0.4198 0.4215 0.4223 0.4225 0.4218 0.4202 0.4178 0.4145 0.4104 0.4054 0.3995 0.3923 0.3836 0.3728 0.3588 0.3414 0.3229 0.3086 0.3020 0.3004 0.3020 0.3062 0.3125 0.3207 0.3307 0.3421 0.3546 0.3687 0.3784 0.3687 0.3546 0.3421 0.3307 0.3207 0.3125 0.3062 0.3020 0.3004 0.3020 0.3086 0.3229 0.3414 0.3588 0.3728 0.3836 0.3923 0.3995 0.4054 0.4104 0.4145 0.4178 0.4202 0.4218 0.4225 0.4223 0.4215 0.4198 0.4169 0.4122 0.4053 0.3962 0.3850 0.3725 0.3594 0.3467 0.3348 0.3242 0.3153 0.3083 0.3033 0.3007 0.3010 0.3052 0.3170 0.3349 0.3530 0.3678 0.3856 0.4212
0.3856 0.2608 0.2173 0.1832 0.1736 0.1772 0.1890 0.2031 0.2191 0.2371 0.2572 0.2793 0.3031 0.3282 0.3535 0.3772 0.3969 0.4104 0.4176 0.4203 0.4204 0.4188 0.4161 0.4122 0.4073 0.4011 0.3936 0.3846 0.3740 0.3616 0.3474 0.3307 0.3108 0.2859 0.2543 0.2188 0.1890 0.1759 0.1757 0.1848 0.1979 0.2131 0.2302 0.2495 0.2708 0.2941 0.3188 0.3441 0.3692 0.3909 0.4001 0.3909 0.3692 0.3441 0.3188 0.2941 0.2708 0.2495 0.2302 0.2131 0.1979 0.1848 0.1757 0.1759 0.1890 0.2188 0.2543 0.2859 0.3108 0.3307 0.3474 0.3616 0.3740 0.3846 0.3936 0.4011 0.4073 0.4122 0.4161 0.4188 0.4204 0.4203 0.4176 0.4104 0.3969 0.3772 0.3535 0.3282 0.3031 0.2793 0.2572 0.2371 0.2191 0.2031 0.1890 0.1772 0.1736 0.1832 0.2173 0.2608 0.3856
0.3678 0.2173 0.1718 0.1787 0.1959 0.2145 0.2345 0.2560 0.2790 0.3035 0.3289 0.3543 0.3781 0.3976 0.4107 0.4175 0.4200 0.4198 0.4180 0.4150 0.4110 0.4062 0.4003 0.3935 0.3854 0.3758 0.3643 0.3508 0.3348 0.3156 0.2920 0.2616 0.2269 0.1951 0.1792 0.1774 0.1850 0.1982 0.2134 0.2307 0.2500 0.2715 0.2948 0.3196 0.3451 0.3696 0.3910 0.4066 0.4157 0.4194 0.4195 0.4194 0.4157 0.4066 0.3910 0.3696 0.3451 0.3196 0.2948 0.2715 0.2500 0.2307 0.2134 0.1982 0.1850 0.1774 0.1792 0.1951 0.2269 0.2616 0.2920 0.3156 0.3348 0.3508 0.3643 0.3758 0.3854 0.3935 0.4003 0.4062 0.4110 0.4150 0.4180 0.4198 0.4200 0.4175 0.4107 0.3976 0.3781 0.3543 0.3289 0.3035 0.2790 0.2560 0.2345 0.2145 0.1959 0.1787 0.1718 0.2173 0.3678
0.3530 0.1832 0.1787 0.2033 0.2303 0.2588 0.2881 0.3176 0.3462 0.3724 0.3940 0.4088 0.4167 0.4198 0.4200 0.4184 0.4156 0.4118 0.4070 0.4014 0.3948 0.3869 0.3775 0.3664 0.3533 0.3377 0.3192 0.2965 0.2671 0.2330 0.1996 0.1807 0.1771 0.1830 0.1958 0.2107 0.2276 0.2466 0.2677 0.2907 0.3153 0.3407 0.3656 0.3877 0.4045 0.4145 0.4191 0.4202 0.4191 0.4165 0.4138 0.4165 0.4191 0.4202 0.4191 0.4145 0.4045 0.3877 0.3656 0.3407 0.3153 0.2907 0.2677 0.2466 0.2276 0.2107 0.1958 0.1830 0.1771 0.1807 0.1996 0.2330 0.2671 0.2965 0.3192 0.3377 0.3533 0.3664 0.3775 0.3869 0.3948 0.4014 0.4070 0.4118 0.4156 0.4184 0.4200 0.4198 0.4167 0.4088 0.3940 0.3724 0.3462 0.3176 0.2881 0.2588 0.2303 0.2033 0.1787 0.1832 0.3530
0.3349 0.1736 0.1959 0.2303 0.2684 0.3077 0.3456 0.3782 0.4016 0.4143 0.4192 0.4201 0.4188 0.4161 0.4125 0.4079 0.4024 0.3960 0.3883 0.3792 0.3685 0.3557 0.3406 0.3226 0.3007 0.2726 0.2391 0.2045 0.1827 0.1770 0.1813 0.1935 0.2080 0.2245 0.2432 0.2639 0.2867 0.3110 0.3364 0.3615 0.3843 0.4021 0.4132 0.4186 0.4202 0.4194 0.4172 0.4139 0.4097 0.4042 0.3995 0.4042 0.4097 0.4139 0.4172 0.4194 0.4202 0.4186 0.4132 0.4021 0.3843 0.3615 0.3364 0.3110 0.2867 0.2639 0.2432 0.2245 0.2080 0.1935 0.1813 0.1770 0.1827 0.2045 0.2391 0.2726 0.3007 0.3226 0.3406 0.3557 0.3685 0.3792 0.3883 0.3960 0.4024 0.4079 0.4125 0.4161 0.4188 0.4201 0.4192 0.4143 0.4016 0.3782 0.3456 0.3077 0.2684 0.2303 0.1959 0.1736 0.3349
0.3170 0.1772 0.2145 0.2588 0.3077 0.3553 0.3929 0.4131 0.4195 0.4197 0.4173 0.4137 0.4091 0.4037 0.3973 0.3898 0.3809 0.3704 0.3580 0.3433 0.3259 0.3048 0.2779 0.2451 0.2099 0.1852 0.1772 0.1799 0.1912 0.2054 0.2216 0.2399 0.2602 0.2827 0.3068 0.3320 0.3573 0.3806 0.3995 0.4118 0.4180 0.4201 0.4196 0.4177 0.4146 0.4105 0.4055 0.3996 0.3926 0.3838 0.3762 0.3838 0.3926 0.3996 0.4055 0.4105 0.4146 0.4177 0.4196 0.4201 0.4180 0.4118 0.3995 0.3806 0.3573 0.3320 0.3068 0.2827 0.2602 0.2399 0.2216 0.2054 0.1912 0.1799 0.1772 0.1852 0.2099 0.2451 0.2779 0.3048 0.3259 0.3433 0.3580 0.3704 0.3809 0.3898 0.3973 0.4037 0.4091 0.4137 0.4173 0.4197 0.4195 0.4131 0.3929 0.3553 0.3077 0.2588 0.2145 0.1772 0.3170
0.3052 0.1890 0.2345 0.2881 0.3456 0.3929 0.4156 0.4200 0.4178 0.4132 0.4074 0.4005 0.3927 0.3836 0.3731 0.3608 0.3463 0.3293 0.3088 0.2831 0.2510 0.2156 0.1882 0.1776 0.1788 0.1890 0.2028 0.2187 0.2366 0.2566 0.2787 0.3026 0.3277 0.3531 0.3769 0.3967 0.4102 0.4173 0.4199 0.4199 0.4181 0.4152 0.4113 0.4064 0.4007 0.3939 0.3859 0.3763 0.3650 0.3507 0.3385 0.3507 0.3650 0.3763 0.3859 0.3939 0.4007 0.4064 0.4113 0.4152 0.4181 0.4199 0.4199 0.4173 0.4102 0.3967 0.3769 0.3531 0.3277 0.3026 0.2787 0.2566 0.2366 0.2187 0.2028 0.1890 0.1788 0.1776 0.1882 0.2156 0.2510 0.2831 0.3088 0.3293 0.3463 0.3608 0.3731 0.3836 0.3927 0.4005 0.4074 0.4132 0.4178 0.4200 0.4156 0.3929 0.3456 0.2881 0.2345 0.1890 0.3052
0.3010 0.2031 0.2560 0.3176 0.3782 0.4131 0.4200 0.4169 0.4105 0.4023 0.3927 0.3813 0.3681 0.3529 0.3353 0.3149 0.2901 0.2583 0.2225 0.1919 0.1783 0.1779 0.1868 0.2003 0.2158 0.2334 0.2530 0.2748 0.2984 0.3234 0.3488 0.3730 0.3937 0.4084 0.4164 0.4197 0.4200 0.4185 0.4157 0.4120 0.4073 0.4017 0.3951 0.3873 0.3781 0.3671 0.3541 0.3386 0.3202 0.2964 0.2749 0.2964 0.3202 0.3386 0.3541 0.3671 0.3781 0.3873 0.3951 0.4017 0.4073 0.4120 0.4157 0.4185 0.4200 0.4197 0.4164 0.4084 0.3937 0.3730 0.3488 0.3234 0.2984 0.2748 0.2530 0.2334 0.2158 0.2003 0.1868 0.1779 0.1783 0.1919 0.2225 0.2583 0.2901 0.3149 0.3353 0.3529 0.3681 0.3813 0.3927 0.4023 0.4105 0.4169 0.4200 0.4131 0.3782 0.3176 0.2560 0.2031 0.3010
0.3007 0.2191 0.2790 0.3462 0.4016 0.4195 0.4178 0.4105 0.4005 0.3880 0.3727 0.3543 0.3327 0.3073 0.2766 0.2379 0.1999 0.1795 0.1768 0.1842 0.1976 0.2129 0.2301 0.2495 0.2709 0.2943 0.3190 0.3445 0.3691 0.3906 0.4063 0.4155 0.4194 0.4201 0.4188 0.4163 0.4127 0.4082 0.4028 0.3963 0.3888 0.3798 0.3691 0.3564 0.3414 0.3236 0.3020 0.2743 0.2409 0.2059 0.1869 0.2059 0.2409 0.2743 0.3020 0.3236 0.3414 0.3564 0.3691 0.3798 0.3888 0.3963 0.4028 0.4082 0.4127 0.4163 0.4188 0.4201 0.4194 0.4155 0.4063 0.3906 0.3691 0.3445 0.3190 0.2943 0.2709 0.2495 0.2301 0.2129 0.1976 0.1842 0.1768 0.1795 0.1999 0.2379 0.2766 0.3073 0.3327 0.3543 0.3727 0.3880 0.4005 0.4105 0.4178 0.4195 0.4016 0.3462 0.2790 0.2191 0.3007
0.3033 0.2371 0.3035 0.3724 0.4143 0.4197 0.4132 0.4023 0.3880 0.3695 0.3463 0.3178 0.2829 0.2368 0.1921 0.1748 0.1786 0.1920 0.2077 0.2254 0.2449 0.2664 0.2898 0.3146 0.3401 0.3650 0.3873 0.4042 0.4143 0.4190 0.4202 0.4192 0.4168 0.4134 0.4090 0.4038 0.3975 0.3902 0.3814 0.3710 0.3588 0.3442 0.3269 0.3061 0.2795 0.2470 0.2117 0.1861 0.1774 0.1796 0.1847 0.1796 0.1774 0.1861 0.2117 0.2470 0.2795 0.3061 0.3269 0.3442 0.3588 0.3710 0.3814 0.3902 0.3975 0.4038 0.4090 0.4134 0.4168 0.4192 0.4202 0.4190 0.4143 0.4042 0.3873 0.3650 0.3401 0.3146 0.2898 0.2664 0.2449 0.2254 0.2077 0.1920 0.1786 0.1748 0.1921 0.2368 0.2829 0.3178 0.3463 0.3695 0.3880 0.4023 0.4132 0.4197 0.4143 0.3724 0.3035 0.2371 0.3033
0.3083 0.2572 0.3289 0.3940 0.4192 0.4173 0.4074 0.3927 0.3727 0.3463 0.3125 0.2689 0.2095 0.1744 0.1771 0.1937 0.2126 0.2336 0.2566 0.2813 0.3073 0.3338 0.3598 0.3833 0.4016 0.4130 0.4185 0.4201 0.4194 0.4173 0.4140 0.4098 0.4047 0.3987 0.3915 0.3830 0.3729 0.3610 0.3469 0.3301 0.3099 0.2846 0.2528 0.2175 0.1892 0.1778 0.1785 0.1883 0.2023 0.2179 0.2273 0.2179 0.2023 0.1883 0.1785 0.1778 0.1892 0.2175 0.2528 0.2846 0.3099 0.3301 0.3469 0.3610 0.3729 0.3830 0.3915 0.3987 0.4047 0.4098 0.4140 0.4173 0.4194 0.4201 0.4185 0.4130 0.4016 0.3833 0.3598 0.3338 0.3073 0.2813 0.2566 0.2336 0.2126 0.1937 0.1771 0.1744 0.2095 0.2689 0.3125 0.3463 0.3727 0.3927 0.4074 0.4173 0.4192 0.3940 0.3289 0.2572 0.3083
0.3153 0.2793 0.3543 0.4087 0.4201 0.4137 0.4005 0.3813 0.3543 0.3178 0.2689 0.2012 0.1708 0.1847 0.2061 0.2306 0.2578 0.2872 0.3174 0.3473 0.3746 0.3965 0.4107 0.4177 0.4200 0.4197 0.4177 0.4146 0.4106 0.4057 0.3998 0.3928 0.3846 0.3748 0.3632 0.3494 0.3331 0.3137 0.2895 0.2585 0.2236 0.1929 0.1786 0.1777 0.1861 0.1996 0.2149 0.2324 0.2523 0.2738 0.2863 0.2738 0.2523 0.2324 0.2149 0.1996 0.1861 0.1777 0.1786 0.1929 0.2236 0.2585 0.2895 0.3137 0.3331 0.3494 0.3632 0.3748 0.3846 0.3928 0.3998 0.4057 0.4106 0.4146 0.4177 0.4197 0.4200 0.4177 0.4107 0.3965 0.3746 0.3473 0.3174 0.2872 0.2578 0.2306 0.2061 0.1847 0.1708 0.2012 0.2689 0.3178 0.3543 0.3813 0.4005 0.4137 0.4201 0.4088 0.3543 0.2793 0.3153
0.3242 0.3031 0.3781 0.4167 0.4188 0.4091 0.3927 0.3681 0.3327 0.2829 0.2095 0.1708 0.1874 0.2128 0.2426 0.2761 0.3117 0.3473 0.3790 0.4022 0.4147 0.4195 0.4200 0.4184 0.4154 0.4115 0.4066 0.4009 0.3941 0.3861 0.3766 0.3653 0.3520 0.3361 0.3173 0.2941 0.2642 0.2297 0.1971 0.1798 0.1772 0.1840 0.1971 0.2122 0.2292 0.2484 0.2697 0.2929 0.3181 0.3433 0.3570 0.3433 0.3181 0.2929 0.2697 0.2484 0.2292 0.2122 0.1971 0.1840 0.1772 0.1798 0.1971 0.2297 0.2642 0.2941 0.3173 0.3361 0.3520 0.3653 0.3766 0.3861 0.3941 0.4009 0.4066 0.4115 0.4154 0.4184 0.4200 0.4195 0.4147 0.4022 0.3790 0.3473 0.3117 0.2761 0.2426 0.2128 0.1874 0.1708 0.2095 0.2829 0.3327 0.3681 0.3927 0.4091 0.4188 0.4167 0.3781 0.3031 0.3242
0.3348 0.3282 0.3976 0.4198 0.4161 0.4037 0.3837 0.3529 0.3073 0.2368 0.1744 0.1847 0.2128 0.2467 0.2855 0.3270 0.3668 0.3979 0.4144 0.4197 0.4196 0.4171 0.4132 0.4084 0.4026 0.3958 0.3879 0.3786 0.3675 0.3544 0.3391 0.3208 0.2984 0.2696 0.2358 0.2018 0.1816 0.1770 0.1822 0.1948 0.2095 0.2262 0.2450 0.2660 0.2889 0.3134 0.3388 0.3637 0.3865 0.4035 0.4097 0.4035 0.3865 0.3637 0.3388 0.3134 0.2889 0.2660 0.2450 0.2262 0.2095 0.1948 0.1822 0.1770 0.1816 0.2018 0.2358 0.2696 0.2984 0.3208 0.3391 0.3544 0.3675 0.3786 0.3879 0.3958 0.4026 0.4084 0.4132 0.4171 0.4196 0.4197 0.4144 0.3979 0.3668 0.3270 0.2855 0.2467 0.2128 0.1847 0.1744 0.2368 0.3073 0.3529 0.3836 0.4037 0.4161 0.4198 0.3976 0.3282 0.3348
0.3467 0.3535 0.4107 0.4200 0.4125 0.3973 0.3731 0.3353 0.2766 0.1921 0.1771 0.2061 0.2426 0.2855 0.3321 0.3759 0.4063 0.4183 0.4199 0.4173 0.4127 0.4068 0.3999 0.3917 0.3822 0.3711 0.3580 0.3427 0.3247 0.3031 0.2755 0.2421 0.2070 0.1838 0.1771 0.1806 0.1924 0.2068 0.2232 0.2417 0.2622 0.2848 0.3091 0.3344 0.3596 0.3826 0.4009 0.4126 0.4184 0.4200 0.4193 0.4200 0.4184 0.4126 0.4009 0.3826 0.3596 0.3344 0.3091 0.2848 0.2622 0.2417 0.2232 0.2068 0.1924 0.1806 0.1771 0.1838 0.2070 0.2421 0.2755 0.3031 0.3247 0.3427 0.3580 0.3711 0.3822 0.3917 0.3999 0.4068 0.4127 0.4173 0.4199 0.4183 0.4063 0.3759 0.3321 0.2855 0.2426 0.2061 0.1771 0.1921 0.2766 0.3353 0.3731 0.3973 0.4125 0.4200 0.4107 0.3535 0.3467
0.3594 0.3772 0.4175 0.4184 0.4079 0.3898 0.3608 0.3149 0.2379 0.1748 0.1937 0.2306 0.2761 0.3270 0.3759 0.4085 0.4193 0.4192 0.4149 0.4085 0.4006 0.3911 0.3798 0.3664 0.3508 0.3325 0.3109 0.2844 0.2508 0.2142 0.1868 0.1773 0.1792 0.1901 0.2042 0.2202 0.2384 0.2586 0.2808 0.3049 0.3301 0.3554 0.3790 0.3982 0.4111 0.4177 0.4200 0.4197 0.4179 0.4146 0.4115 0.4146 0.4179 0.4197 0.4200 0.4177 0.4111 0.3982 0.3790 0.3554 0.3301 0.3049 0.2808 0.2586 0.2384 0.2202 0.2042 0.1901 0.1792 0.1773 0.1868 0.2142 0.2508 0.2844 0.3109 0.3325 0.3508 0.3664 0.3798 0.3911 0.4006 0.4085 0.4149 0.4192 0.4193 0.4085 0.3759 0.3270 0.2761 0.2306 0.1937 0.1748 0.2379 0.3149 0.3608 0.3898 0.4079 0.4184 0.4175 0.3772 0.3594
0.3725 0.3969 0.4200 0.4156 0.4024 0.3809 0.3463 0.2901 0.1999 0.1786 0.2126 0.2579 0.3117 0.3668 0.4063 0.4193 0.4188 0.4135 0.4057 0.3958 0.3836 0.3686 0.3504 0.3289 0.3032 0.2709 0.2310 0.1944 0.1777 0.1775 0.1871 0.2010 0.2169 0.2349 0.2549 0.2769 0.3007 0.3257 0.3511 0.3752 0.3954 0.4094 0.4169 0.4199 0.4199 0.4183 0.4154 0.4116 0.4068 0.4008 0.3956 0.4008 0.4068 0.4116 0.4154 0.4183 0.4199 0.4199 0.4169 0.4094 0.3954 0.3752 0.3511 0.3257 0.3007 0.2769 0.2549 0.2349 0.2169 0.2010 0.1871 0.1775 0.1777 0.1944 0.2310 0.2709 0.3032 0.3289 0.3504 0.3686 0.3836 0.3958 0.4057 0.4135 0.4188 0.4193 0.4063 0.3668 0.3117 0.2578 0.2126 0.1786 0.1999 0.2901 0.3463 0.3809 0.4024 0.4156 0.4200 0.3969 0.3725
0.3850 0.4104 0.4198 0.4118 0.3960 0.3704 0.3293 0.2583 0.1795 0.1920 0.2336 0.2872 0.3472 0.3978 0.4183 0.4192 0.4135 0.4047 0.3933 0.3785 0.3599 0.3368 0.3085 0.2730 0.2261 0.1868 0.1747 0.1806 0.1949 0.2111 0.2294 0.2497 0.2719 0.2957 0.3209 0.3466 0.3711 0.3923 0.4075 0.4160 0.4196 0.4201 0.4186 0.4160 0.4123 0.4077 0.4022 0.3957 0.3880 0.3782 0.3699 0.3782 0.3880 0.3957 0.4022 0.4077 0.4123 0.4160 0.4186 0.4201 0.4196 0.4160 0.4075 0.3923 0.3711 0.3466 0.3209 0.2957 0.2719 0.2497 0.2294 0.2111 0.1949 0.1806 0.1747 0.1868 0.2261 0.2730 0.3085 0.3368 0.3599 0.3785 0.3933 0.4047 0.4135 0.4192 0.4183 0.3979 0.3473 0.2872 0.2336 0.1920 0.1795 0.2583 0.3293 0.3704 0.3960 0.4118 0.4198 0.4104 0.3850
0.3962 0.4176 0.4180 0.4070 0.3883 0.3580 0.3088 0.2225 0.1768 0.2077 0.2566 0.3174 0.3790 0.4144 0.4199 0.4149 0.4057 0.3933 0.3767 0.3552 0.3278 0.2930 0.2455 0.1932 0.1729 0.1810 0.1977 0.2168 0.2381 0.2615 0.2866 0.3130 0.3398 0.3656 0.3883 0.4051 0.4149 0.4192 0.4201 0.4190 0.4165 0.4130 0.4086 0.4032 0.3969 0.3894 0.3805 0.3700 0.3575 0.3417 0.3282 0.3417 0.3575 0.3700 0.3805 0.3894 0.3969 0.4032 0.4086 0.4130 0.4165 0.4190 0.4201 0.4192 0.4149 0.4051 0.3883 0.3656 0.3398 0.3130 0.2866 0.2615 0.2381 0.2168 0.1977 0.1810 0.1729 0.1932 0.2455 0.2930 0.3278 0.3552 0.3767 0.3933 0.4057 0.4149 0.4199 0.4144 0.3790 0.3174 0.2566 0.2077 0.1768 0.2225 0.3088 0.3580 0.3883 0.4070 0.4180 0.4176 0.3962
0.4053 0.4203 0.4150 0.4014 0.3792 0.3433 0.2831 0.1919 0.1842 0.2254 0.2813 0.3473 0.4022 0.4197 0.4173 0.4085 0.3958 0.3785 0.3552 0.3247 0.2847 0.2268 0.1787 0.1747 0.1925 0.2138 0.2381 0.2651 0.2940 0.3239 0.3534 0.3798 0.4003 0.4128 0.4186 0.4202 0.4193 0.4170 0.4137 0.4094 0.4042 0.3980 0.3908 0.3822 0.3719 0.3598 0.3454 0.3284 0.3078 0.2803 0.2564 0.2803 0.3078 0.3284 0.3454 0.3598 0.3719 0.3822 0.3908 0.3980 0.4042 0.4094 0.4137 0.4170 0.4193 0.4202 0.4186 0.4128 0.4003 0.3798 0.3534 0.3239 0.2940 0.2651 0.2381 0.2138 0.1925 0.1747 0.1787 0.2268 0.2847 0.3247 0.3552 0.3785 0.3958 0.4085 0.4173 0.4197 0.4022 0.3473 0.2813 0.2254 0.1842 0.1919 0.2831 0.3433 0.3792 0.4014 0.4150 0.4203 0.4053
0.4122 0.4204 0.4110 0.3948 0.3685 0.3259 0.2510 0.1783 0.1976 0.2449 0.3073 0.3746 0.4147 0.4196 0.4127 0.4006 0.3836 0.3599 0.3278 0.2847 0.2206 0.1741 0.1796 0.2010 0.2267 0.2561 0.2887 0.3229 0.3565 0.3856 0.4060 0.4163 0.4199 0.4198 0.4178 0.4146 0.4104 0.4053 0.3992 0.3921 0.3838 0.3738 0.3620 0.3480 0.3315 0.3117 0.2869 0.2555 0.2202 0.1906 0.1790 0.1906 0.2202 0.2555 0.2869 0.3117 0.3315 0.3480 0.3620 0.3738 0.3838 0.3921 0.3992 0.4053 0.4104 0.4146 0.4178 0.4198 0.4199 0.4163 0.4060 0.3856 0.3565 0.3229 0.2887 0.2561 0.2267 0.2010 0.1796 0.1741 0.2206 0.2847 0.3278 0.3599 0.3836 0.4006 0.4127 0.4196 0.4147 0.3746 0.3073 0.2449 0.1976 0.1783 0.2510 0.3259 0.3685 0.3948 0.4110 0.4204 0.4122
0.4169 0.4188 0.4062 0.3869 0.3557 0.3048 0.2156 0.1779 0.2129 0.2664 0.3338 0.3965 0.4195 0.4171 0.4068 0.3911 0.3686 0.3368 0.2930 0.2268 0.1741 0.1813 0.2054 0.2348 0.2688 0.3065 0.3451 0.3802 0.4050 0.4168 0.4201 0.4192 0.4163 0.4122 0.4072 0.4011 0.3941 0.3857 0.3759 0.3644 0.3507 0.3346 0.3153 0.2916 0.2611 0.2264 0.1948 0.1791 0.1776 0.1853 0.1922 0.1853 0.1776 0.1791 0.1948 0.2264 0.2611 0.2916 0.3153 0.3346 0.3507 0.3644 0.3759 0.3857 0.3941 0.4011 0.4072 0.4122 0.4163 0.4192 0.4201 0.4168 0.4050 0.3802 0.3451 0.3065 0.2689 0.2348 0.2054 0.1813 0.1741 0.2268 0.2930 0.3368 0.3686 0.3911 0.4068 0.4171 0.4195 0.3965 0.3338 0.2664 0.2129 0.1779 0.2156 0.3048 0.3557 0.3869 0.4062 0.4188 0.4169
0.4198 0.4161 0.4003 0.3775 0.3406 0.2779 0.1882 0.1868 0.2301 0.2898 0.3598 0.4107 0.4200 0.4133 0.3998 0.3798 0.3504 0.3085 0.2455 0.1787 0.1796 0.2054 0.2376 0.2754 0.3174 0.3595 0.3944 0.4138 0.4198 0.4193 0.4160 0.4112 0.4052 0.3980 0.3896 0.3798 0.3682 0.3545 0.3386 0.3197 0.2968 0.2672 0.2328 0.1993 0.1806 0.1771 0.1831 0.1960 0.2112 0.2280 0.2380 0.2280 0.2112 0.1960 0.1831 0.1771 0.1806 0.1993 0.2328 0.2672 0.2968 0.3197 0.3386 0.3545 0.3682 0.3798 0.3896 0.3980 0.4052 0.4112 0.4160 0.4193 0.4198 0.4138 0.3944 0.3595 0.3173 0.2754 0.2376 0.2054 0.1796 0.1787 0.2455 0.3085 0.3504 0.3798 0.3999 0.4132 0.4200 0.4107 0.3598 0.2898 0.2301 0.1868 0.1882 0.2779 0.3406 0.3775 0.4003 0.4161 0.4198
0.4215 0.4122 0.3935 0.3664 0.3226 0.2451 0.1776 0.2003 0.2496 0.3145 0.3832 0.4177 0.4184 0.4084 0.3917 0.3665 0.3289 0.2730 0.1932 0.1747 0.2010 0.2348 0.2754 0.3210 0.3665 0.4014 0.4172 0.4201 0.4175 0.4125 0.4058 0.3977 0.3880 0.3764 0.3627 0.3466 0.3276 0.3050 0.2766 0.2418 0.2057 0.1828 0.1769 0.1813 0.1936 0.2082 0.2248 0.2435 0.2646 0.2872 0.3003 0.2872 0.2646 0.2435 0.2248 0.2082 0.1936 0.1813 0.1769 0.1828 0.2057 0.2418 0.2766 0.3050 0.3276 0.3466 0.3627 0.3764 0.3880 0.3977 0.4058 0.4125 0.4175 0.4201 0.4172 0.4014 0.3665 0.3210 0.2754 0.2348 0.2010 0.1747 0.1932 0.2730 0.3289 0.3664 0.3917 0.4084 0.4184 0.4177 0.3833 0.3146 0.2495 0.2003 0.1776 0.2451 0.3226 0.3664 0.3935 0.4122 0.4215
0.4223 0.4073 0.3854 0.3533 0.3007 0.2099 0.1788 0.2158 0.2709 0.3400 0.4015 0.4200 0.4154 0.4026 0.3822 0.3508 0.3032 0.2261 0.1729 0.1925 0.2267 0.2689 0.3173 0.3665 0.4034 0.4183 0.4197 0.4158 0.4094 0.4011 0.3907 0.3780 0.3626 0.3440 0.3219 0.2953 0.2608 0.2206 0.1883 0.1767 0.1789 0.1904 0.2049 0.2213 0.2398 0.2604 0.2829 0.3072 0.3328 0.3579 0.3709 0.3579 0.3328 0.3072 0.2829 0.2604 0.2398 0.2213 0.2049 0.1904 0.1789 0.1767 0.1883 0.2206 0.2608 0.2953 0.3219 0.3440 0.3626 0.3780 0.3907 0.4011 0.4094 0.4158 0.4197 0.4183 0.4034 0.3665 0.3173 0.2689 0.2267 0.1925 0.1729 0.2261 0.3032 0.3508 0.3822 0.4026 0.4154 0.4200 0.4016 0.3401 0.2709 0.2158 0.1788 0.2099 0.3007 0.3533 0.3854 0.4073 0.4223
0.4225 0.4011 0.3758 0.3377 0.2726 0.1852 0.1890 0.2334 0.2943 0.3650 0.4130 0.4197 0.4115 0.3958 0.3711 0.3325 0.2709 0.1868 0.1810 0.2138 0.2561 0.3065 0.3595 0.4014 0.4183 0.4195 0.4149 0.4074 0.3976 0.3851 0.3694 0.3498 0.3258 0.2963 0.2578 0.2116 0.1808 0.1754 0.1841 0.1989 0.2156 0.2343 0.2551 0.2778 0.3021 0.3276 0.3532 0.3771 0.3972 0.4104 0.4145 0.4104 0.3972 0.3771 0.3532 0.3276 0.3021 0.2778 0.2551 0.2343 0.2156 0.1989 0.1841 0.1754 0.1808 0.2116 0.2578 0.2963 0.3258 0.3498 0.3694 0.3851 0.3976 0.4074 0.4149 0.4195 0.4183 0.4014 0.3595 0.3065 0.2561 0.2138 0.1810 0.1868 0.2709 0.3325 0.3711 0.3958 0.4115 0.4197 0.4130 0.3650 0.2943 0.2334 0.1890 0.1852 0.2726 0.3377 0.3758 0.4011 0.4225
0.4218 0.3936 0.3643 0.3192 0.2391 0.1772 0.2028 0.2530 0.3190 0.3872 0.4185 0.4177 0.4067 0.3879 0.3581 0.3109 0.2311 0.1748 0.1977 0.2381 0.2887 0.3451 0.3944 0.4172 0.4197 0.4149 0.4067 0.3958 0.3815 0.3630 0.3396 0.3101 0.2721 0.2203 0.1810 0.1742 0.1864 0.2034 0.2227 0.2443 0.2679 0.2933 0.3199 0.3466 0.3719 0.3933 0.4083 0.4165 0.4198 0.4199 0.4185 0.4199 0.4198 0.4165 0.4083 0.3933 0.3719 0.3466 0.3199 0.2933 0.2679 0.2443 0.2227 0.2034 0.1864 0.1743 0.1810 0.2203 0.2721 0.3101 0.3396 0.3630 0.3815 0.3958 0.4067 0.4149 0.4197 0.4172 0.3944 0.3451 0.2887 0.2381 0.1977 0.1747 0.2310 0.3109 0.3580 0.3879 0.4066 0.4177 0.4185 0.3873 0.3190 0.2530 0.2028 0.1772 0.2391 0.3192 0.3643 0.3936 0.4218
0.4202 0.3846 0.3508 0.2965 0.2045 0.1799 0.2187 0.2748 0.3445 0.4042 0.4201 0.4146 0.4009 0.3786 0.3428 0.2844 0.1945 0.1806 0.2168 0.2650 0.3229 0.3802 0.4138 0.4201 0.4158 0.4074 0.3958 0.3803 0.3597 0.3330 0.2986 0.2512 0.1947 0.1721 0.1825 0.2012 0.2229 0.2474 0.2742 0.3030 0.3325 0.3610 0.3860 0.4044 0.4148 0.4193 0.4201 0.4189 0.4163 0.4124 0.4089 0.4124 0.4163 0.4189 0.4201 0.4193 0.4148 0.4044 0.3860 0.3610 0.3325 0.3030 0.2742 0.2474 0.2229 0.2012 0.1826 0.1720 0.1947 0.2512 0.2986 0.3330 0.3597 0.3803 0.3958 0.4074 0.4158 0.4201 0.4138 0.3802 0.3229 0.2651 0.2168 0.1806 0.1944 0.2844 0.3427 0.3786 0.4009 0.4146 0.4201 0.4042 0.3445 0.2748 0.2187 0.1799 0.2045 0.2965 0.3508 0.3846 0.4202
0.4178 0.3740 0.3348 0.2671 0.1827 0.1912 0.2366 0.2984 0.3691 0.4143 0.4194 0.4106 0.3941 0.3675 0.3247 0.2508 0.1777 0.1948 0.2380 0.2940 0.3565 0.4050 0.4198 0.4175 0.4094 0.3976 0.3815 0.3597 0.3307 0.2925 0.2370 0.1823 0.1734 0.1917 0.2143 0.2406 0.2703 0.3024 0.3356 0.3672 0.3932 0.4100 0.4178 0.4201 0.4194 0.4170 0.4136 0.4092 0.4038 0.3971 0.3914 0.3971 0.4038 0.4092 0.4136 0.4170 0.4194 0.4201 0.4178 0.4100 0.3932 0.3672 0.3356 0.3024 0.2703 0.2406 0.2142 0.1917 0.1734 0.1823 0.2370 0.2925 0.3307 0.3597 0.3815 0.3976 0.4094 0.4175 0.4198 0.4050 0.3565 0.2940 0.2381 0.1949 0.1777 0.2508 0.3247 0.3675 0.3941 0.4106 0.4194 0.4143 0.3691 0.2984 0.2366 0.1912 0.1827 0.2671 0.3348 0.3740 0.4178
0.4145 0.3616 0.3156 0.2330 0.1770 0.2054 0.2566 0.3234 0.3906 0.4190 0.4173 0.4057 0.3861 0.3544 0.3031 0.2142 0.1774 0.2111 0.2614 0.3239 0.3856 0.4168 0.4193 0.4125 0.4011 0.3851 0.3630 0.3330 0.2925 0.2321 0.1777 0.1768 0.1982 0.2243 0.2549 0.2893 0.3261 0.3622 0.3923 0.4109 0.4186 0.4201 0.4185 0.4153 0.4110 0.4056 0.3994 0.3920 0.3833 0.3724 0.3632 0.3724 0.3833 0.3920 0.3994 0.4056 0.4110 0.4153 0.4185 0.4201 0.4186 0.4109 0.3923 0.3622 0.3261 0.2893 0.2549 0.2243 0.1982 0.1768 0.1777 0.2321 0.2925 0.3330 0.3630 0.3851 0.4011 0.4125 0.4193 0.4168 0.3856 0.3239 0.2615 0.2111 0.1775 0.2142 0.3031 0.3544 0.3861 0.4057 0.4173 0.4190 0.3906 0.3234 0.2566 0.2054 0.1770 0.2330 0.3156 0.3616 0.4145
0.4104 0.3474 0.2920 0.1996 0.1813 0.2216 0.2787 0.3488 0.4063 0.4202 0.4140 0.3998 0.3766 0.3391 0.2755 0.1868 0.1871 0.2294 0.2866 0.3534 0.4060 0.4201 0.4160 0.4058 0.3907 0.3694 0.3396 0.2986 0.2370 0.1777 0.1782 0.2016 0.2306 0.2649 0.3034 0.3438 0.3809 0.4066 0.4178 0.4201 0.4183 0.4145 0.4093 0.4031 0.3957 0.3870 0.3768 0.3647 0.3506 0.3328 0.3177 0.3328 0.3506 0.3647 0.3768 0.3870 0.3957 0.4031 0.4093 0.4145 0.4183 0.4201 0.4178 0.4066 0.3809 0.3438 0.3034 0.2649 0.2306 0.2016 0.1782 0.1777 0.2370 0.2986 0.3396 0.3694 0.3907 0.4058 0.4160 0.4201 0.4060 0.3534 0.2866 0.2294 0.1871 0.1868 0.2755 0.3391 0.3766 0.3998 0.4140 0.4202 0.4063 0.3488 0.2787 0.2216 0.1813 0.1996 0.2920 0.3474 0.4104
0.4054 0.3307 0.2616 0.1807 0.1935 0.2399 0.3026 0.3730 0.4155 0.4192 0.4098 0.3928 0.3653 0.3208 0.2421 0.1773 0.2010 0.2497 0.3130 0.3798 0.4163 0.4192 0.4112 0.3977 0.3780 0.3498 0.3101 0.2512 0.1823 0.1768 0.2016 0.2327 0.2700 0.3121 0.3553 0.3924 0.4135 0.4198 0.4191 0.4153 0.4097 0.4027 0.3943 0.3842 0.3722 0.3581 0.3414 0.3217 0.2981 0.2661 0.2399 0.2661 0.2981 0.3217 0.3414 0.3581 0.3722 0.3842 0.3943 0.4027 0.4097 0.4153 0.4191 0.4198 0.4135 0.3924 0.3553 0.3121 0.2700 0.2327 0.2016 0.1768 0.1823 0.2512 0.3101 0.3498 0.3780 0.3977 0.4112 0.4192 0.4163 0.3798 0.3130 0.2497 0.2010 0.1773 0.2421 0.3208 0.3653 0.3928 0.4098 0.4192 0.4155 0.3730 0.3026 0.2399 0.1935 0.1807 0.2616 0.3307 0.4054
0.3995 0.3108 0.2269 0.1771 0.2080 0.2602 0.3277 0.3937 0.4194 0.4168 0.4047 0.3846 0.3520 0.2984 0.2070 0.1792 0.2169 0.2719 0.3398 0.4003 0.4199 0.4163 0.4052 0.3880 0.3626 0.3258 0.2721 0.1947 0.1734 0.1982 0.2306 0.2700 0.3149 0.3609 0.3983 0.4164 0.4201 0.4176 0.4123 0.4051 0.3962 0.3853 0.3719 0.3558 0.3365 0.3136 0.2855 0.2491 0.2095 0.1831 0.1757 0.1831 0.2095 0.2491 0.2855 0.3136 0.3365 0.3558 0.3719 0.3853 0.3962 0.4051 0.4123 0.4176 0.4201 0.4164 0.3983 0.3609 0.3149 0.2700 0.2306 0.1982 0.1734 0.1947 0.2721 0.3258 0.3626 0.3880 0.4052 0.4163 0.4199 0.4003 0.3398 0.2719 0.2169 0.1792 0.2070 0.2984 0.3520 0.3846 0.4047 0.4168 0.4194 0.3937 0.3277 0.2602 0.2080 0.1771 0.2269 0.3108 0.3995
0.3923 0.2859 0.1951 0.1830 0.2245 0.2827 0.3531 0.4084 0.4201 0.4134 0.3987 0.3748 0.3361 0.2696 0.1838 0.1901 0.2349 0.2957 0.3657 0.4128 0.4198 0.4122 0.3980 0.3764 0.3440 0.2963 0.2203 0.1720 0.1917 0.2243 0.2649 0.3121 0.3609 0.4001 0.4175 0.4199 0.4163 0.4099 0.4013 0.3905 0.3768 0.3598 0.3390 0.3137 0.2822 0.2405 0.1980 0.1770 0.1772 0.1884 0.1964 0.1884 0.1772 0.1770 0.1980 0.2405 0.2822 0.3137 0.3390 0.3598 0.3768 0.3905 0.4013 0.4099 0.4163 0.4199 0.4175 0.4001 0.3609 0.3121 0.2649 0.2243 0.1917 0.1720 0.2203 0.2963 0.3440 0.3764 0.3980 0.4122 0.4198 0.4128 0.3656 0.2957 0.2349 0.1901 0.1838 0.2696 0.3361 0.3748 0.3987 0.4134 0.4201 0.4084 0.3531 0.2827 0.2245 0.1830 0.1951 0.2859 0.3923
0.3836 0.2543 0.1792 0.1958 0.2432 0.3068 0.3769 0.4164 0.4188 0.4090 0.3915 0.3632 0.3173 0.2358 0.1771 0.2042 0.2549 0.3209 0.3883 0.4186 0.4178 0.4072 0.3896 0.3627 0.3219 0.2578 0.1810 0.1826 0.2142 0.2549 0.3034 0.3553 0.3983 0.4175 0.4198 0.4156 0.4083 0.3985 0.3859 0.3697 0.3492 0.3235 0.2913 0.2476 0.1987 0.1749 0.1777 0.1924 0.2101 0.2296 0.2413 0.2296 0.2101 0.1924 0.1777 0.1749 0.1987 0.2475 0.2913 0.3235 0.3492 0.3697 0.3859 0.3985 0.4083 0.4156 0.4198 0.4175 0.3983 0.3553 0.3034 0.2549 0.2142 0.1826 0.1810 0.2578 0.3219 0.3627 0.3896 0.4072 0.4178 0.4186 0.3883 0.3209 0.2549 0.2042 0.1771 0.2358 0.3173 0.3632 0.3915 0.4090 0.4188 0.4164 0.3769 0.3068 0.2432 0.1958 0.1792 0.2543 0.3836
0.3728 0.2188 0.1774 0.2107 0.2639 0.3320 0.3967 0.4197 0.4163 0.4038 0.3830 0.3494 0.2941 0.2018 0.1806 0.2202 0.2769 0.3466 0.4051 0.4202 0.4146 0.4011 0.3798 0.3466 0.2953 0.2116 0.1743 0.2012 0.2406 0.2893 0.3438 0.3924 0.4164 0.4199 0.4156 0.4078 0.3971 0.3831 0.3647 0.3409 0.3106 0.2710 0.2159 0.1775 0.1753 0.1911 0.2104 0.2326 0.2577 0.2846 0.2999 0.2846 0.2577 0.2326 0.2104 0.1911 0.1753 0.1775 0.2157 0.2708 0.3107 0.3410 0.3647 0.3831 0.3971 0.4078 0.4156 0.4199 0.4164 0.3924 0.3438 0.2893 0.2406 0.2012 0.1743 0.2116 0.2953 0.3466 0.3798 0.4011 0.4146 0.4202 0.4051 0.3466 0.2769 0.2202 0.1806 0.2018 0.2941 0.3494 0.3830 0.4038 0.4163 0.4197 0.3967 0.3320 0.2639 0.2107 0.1774 0.2188 0.3728
0.3588 0.1890 0.1850 0.2276 0.2867 0.3573 0.4102 0.4200 0.4127 0.3975 0.3729 0.3331 0.2642 0.1816 0.1924 0.2384 0.3007 0.3711 0.4149 0.4193 0.4104 0.3941 0.3682 0.3276 0.2609 0.1809 0.1864 0.2229 0.2703 0.3261 0.3809 0.4135 0.4201 0.4163 0.4083 0.3971 0.3821 0.3620 0.3357 0.3014 0.2540 0.1951 0.1717 0.1839 0.2040 0.2276 0.2547 0.2846 0.3169 0.3486 0.3652 0.3486 0.3169 0.2845 0.2547 0.2276 0.2040 0.1839 0.1717 0.1950 0.2539 0.3014 0.3358 0.3621 0.3821 0.3971 0.4083 0.4163 0.4201 0.4135 0.3809 0.3261 0.2703 0.2229 0.1864 0.1808 0.2608 0.3276 0.3682 0.3941 0.4104 0.4193 0.4149 0.3711 0.3007 0.2384 0.1924 0.1816 0.2642 0.3331 0.3729 0.3975 0.4127 0.4200 0.4102 0.3573 0.2867 0.2276 0.1850 0.1890 0.3588
0.3414 0.1759 0.1982 0.2466 0.3110 0.3806 0.4173 0.4185 0.4082 0.3902 0.3610 0.3137 0.2297 0.1770 0.2068 0.2586 0.3257 0.3923 0.4192 0.4170 0.4053 0.3858 0.3547 0.3051 0.2208 0.1754 0.2034 0.2474 0.3024 0.3622 0.4066 0.4198 0.4176 0.4099 0.3985 0.3831 0.3620 0.3339 0.2965 0.2425 0.1846 0.1728 0.1914 0.2149 0.2427 0.2744 0.3090 0.3445 0.3778 0.4021 0.4103 0.4021 0.3777 0.3445 0.3090 0.2744 0.2428 0.2150 0.1915 0.1728 0.1846 0.2425 0.2965 0.3339 0.3621 0.3831 0.3985 0.4099 0.4176 0.4198 0.4066 0.3622 0.3024 0.2474 0.2034 0.1754 0.2206 0.3050 0.3545 0.3857 0.4053 0.4170 0.4192 0.3923 0.3257 0.2586 0.2068 0.1770 0.2297 0.3137 0.3610 0.3902 0.4082 0.4185 0.4173 0.3806 0.3110 0.2466 0.1982 0.1759 0.3414
0.3229 0.1757 0.2134 0.2677 0.3364 0.3995 0.4199 0.4157 0.4028 0.3814 0.3469 0.2895 0.1971 0.1822 0.2232 0.2808 0.3511 0.4075 0.4201 0.4137 0.3993 0.3760 0.3387 0.2768 0.1884 0.1841 0.2227 0.2742 0.3356 0.3923 0.4178 0.4191 0.4123 0.4013 0.3859 0.3647 0.3357 0.2965 0.2386 0.1804 0.1754 0.1968 0.2232 0.2546 0.2904 0.3289 0.3665 0.3969 0.4141 0.4196 0.4192 0.4196 0.4141 0.3969 0.3666 0.3290 0.2905 0.2547 0.2232 0.1968 0.1754 0.1804 0.2386 0.2965 0.3358 0.3647 0.3859 0.4013 0.4123 0.4191 0.4178 0.3923 0.3356 0.2742 0.2227 0.1841 0.1883 0.2766 0.3386 0.3759 0.3992 0.4137 0.4201 0.4075 0.3511 0.2808 0.2232 0.1822 0.1971 0.2895 0.3469 0.3814 0.4028 0.4157 0.4199 0.3995 0.3364 0.2677 0.2134 0.1757 0.3229
0.3086 0.1848 0.2307 0.2907 0.3615 0.4118 0.4199 0.4120 0.3963 0.3710 0.3301 0.2585 0.1798 0.1948 0.2417 0.3049 0.3752 0.4160 0.4190 0.4094 0.3922 0.3645 0.3198 0.2420 0.1767 0.1988 0.2443 0.3030 0.3672 0.4109 0.4201 0.4153 0.4051 0.3905 0.3697 0.3409 0.3014 0.2425 0.1804 0.1764 0.1995 0.2284 0.2628 0.3020 0.3436 0.3819 0.4079 0.4185 0.4200 0.4171 0.4135 0.4171 0.4200 0.4185 0.4079 0.3820 0.3437 0.3021 0.2628 0.2284 0.1995 0.1764 0.1804 0.2425 0.3014 0.3410 0.3697 0.3905 0.4051 0.4153 0.4201 0.4109 0.3672 0.3030 0.2443 0.1989 0.1767 0.2418 0.3197 0.3644 0.3921 0.4094 0.4190 0.4160 0.3752 0.3049 0.2417 0.1948 0.1798 0.2585 0.3301 0.3710 0.3963 0.4120 0.4199 0.4118 0.3615 0.2907 0.2307 0.1848 0.3086
0.3020 0.1979 0.2500 0.3153 0.3843 0.4180 0.4181 0.4073 0.3888 0.3588 0.3099 0.2236 0.1772 0.2095 0.2622 0.3301 0.3954 0.4196 0.4165 0.4042 0.3838 0.3508 0.2968 0.2058 0.1789 0.2155 0.2679 0.3325 0.3932 0.4186 0.4183 0.4097 0.3962 0.3768 0.3492 0.3107 0.2539 0.1846 0.1754 0.1995 0.2301 0.2670 0.3091 0.3532 0.3913 0.4134 0.4199 0.4189 0.4147 0.4080 0.4018 0.4080 0.4146 0.4189 0.4199 0.4134 0.3915 0.3532 0.3091 0.2670 0.2301 0.1995 0.1754 0.1846 0.2539 0.3107 0.3492 0.3768 0.3962 0.4097 0.4183 0.4186 0.3932 0.3325 0.2679 0.2156 0.1789 0.2057 0.2968 0.3507 0.3838 0.4042 0.4165 0.4196 0.3954 0.3301 0.2622 0.2095 0.1772 0.2236 0.3099 0.3588 0.3888 0.4073 0.4181 0.4180 0.3843 0.3153 0.2500 0.1979 0.3020
0.3004 0.2131 0.2715 0.3407 0.4021 0.4201 0.4152 0.4017 0.3798 0.3442 0.2846 0.1929 0.1840 0.2262 0.2848 0.3554 0.4094 0.4201 0.4130 0.3980 0.3738 0.3346 0.2672 0.1827 0.1903 0.2343 0.2933 0.3610 0.4100 0.4201 0.4145 0.4027 0.3853 0.3598 0.3235 0.2708 0.1950 0.1728 0.1968 0.2284 0.2670 0.3115 0.3578 0.3964 0.4159 0.4201 0.4176 0.4121 0.4045 0.3942 0.3848 0.3942 0.4045 0.4121 0.4176 0.4201 0.4160 0.3965 0.3578 0.3115 0.2670 0.2284 0.1968 0.1728 0.1950 0.2708 0.3235 0.3598 0.3853 0.4027 0.4145 0.4201 0.4100 0.3610 0.2933 0.2343 0.1904 0.1828 0.2672 0.3346 0.3738 0.3980 0.4130 0.4201 0.4094 0.3554 0.2848 0.2262 0.1840 0.1929 0.2846 0.3442 0.3798 0.4017 0.4152 0.4201 0.4021 0.3407 0.2715 0.2131 0.3004
0.3020 0.2302 0.2948 0.3656 0.4132 0.4196 0.4113 0.3951 0.3691 0.3269 0.2528 0.1786 0.1971 0.2450 0.3091 0.3790 0.4169 0.4186 0.4086 0.3908 0.3620 0.3153 0.2328 0.1769 0.2049 0.2551 0.3199 0.3860 0.4178 0.4185 0.4093 0.3943 0.3719 0.3390 0.2913 0.2157 0.1717 0.1915 0.2232 0.2628 0.3091 0.3578 0.3980 0.4169 0.4200 0.4165 0.4101 0.4013 0.3901 0.3745 0.3603 0.3744 0.3900 0.4013 0.4100 0.4165 0.4200 0.4169 0.3980 0.3578 0.3091 0.2628 0.2232 0.1915 0.1717 0.2157 0.2913 0.3390 0.3719 0.3943 0.4093 0.4185 0.4178 0.3860 0.3199 0.2551 0.2049 0.1769 0.2328 0.3153 0.3620 0.3908 0.4086 0.4186 0.4169 0.3790 0.3091 0.2450 0.1971 0.1786 0.2528 0.3269 0.3691 0.3951 0.4113 0.4196 0.4132 0.3656 0.2948 0.2302 0.3020
0.3062 0.2495 0.3196 0.3877 0.4186 0.4177 0.4064 0.3873 0.3564 0.3061 0.2175 0.1777 0.2122 0.2660 0.3344 0.3982 0.4199 0.4160 0.4032 0.3822 0.3480 0.2916 0.1993 0.1813 0.2213 0.2778 0.3466 0.4044 0.4201 0.4153 0.4031 0.3842 0.3558 0.3137 0.2475 0.1775 0.1839 0.2150 0.2547 0.3021 0.3532 0.3965 0.4169 0.4199 0.4159 0.4088 0.3990 0.3863 0.3697 0.3466 0.3256 0.3465 0.3697 0.3862 0.3990 0.4088 0.4160 0.4199 0.4169 0.3965 0.3532 0.3021 0.2547 0.2150 0.1839 0.1775 0.2475 0.3137 0.3558 0.3842 0.4031 0.4153 0.4201 0.4044 0.3466 0.2778 0.2213 0.1813 0.1993 0.2916 0.3480 0.3822 0.4032 0.4160 0.4199 0.3982 0.3344 0.2660 0.2122 0.1777 0.2175 0.3061 0.3564 0.3873 0.4064 0.4177 0.4186 0.3877 0.3196 0.2495 0.3062
0.3125 0.2708 0.3451 0.4045 0.4202 0.4146 0.4007 0.3781 0.3414 0.2795 0.1892 0.1861 0.2292 0.2889 0.3596 0.4111 0.4199 0.4123 0.3969 0.3719 0.3315 0.2611 0.1806 0.1936 0.2398 0.3021 0.3719 0.4148 0.4194 0.4110 0.3957 0.3722 0.3365 0.2822 0.1987 0.1753 0.2040 0.2428 0.2905 0.3437 0.3915 0.4160 0.4200 0.4160 0.4083 0.3978 0.3839 0.3655 0.3415 0.3079 0.2771 0.3077 0.3414 0.3654 0.3839 0.3978 0.4083 0.4160 0.4200 0.4160 0.3915 0.3437 0.2905 0.2428 0.2040 0.1753 0.1987 0.2822 0.3365 0.3722 0.3957 0.4110 0.4194 0.4148 0.3719 0.3021 0.2398 0.1936 0.1806 0.2611 0.3315 0.3719 0.3969 0.4123 0.4199 0.4111 0.3596 0.2889 0.2292 0.1861 0.1892 0.2795 0.3414 0.3781 0.4007 0.4146 0.4202 0.4045 0.3451 0.2708 0.3125
0.3207 0.2941 0.3696 0.4145 0.4194 0.4105 0.3939 0.3671 0.3236 0.2470 0.1778 0.1996 0.2484 0.3134 0.3826 0.4177 0.4183 0.4077 0.3894 0.3598 0.3117 0.2264 0.1771 0.2082 0.2604 0.3276 0.3933 0.4193 0.4170 0.4056 0.3870 0.3581 0.3136 0.2405 0.1749 0.1911 0.2276 0.2744 0.3290 0.3820 0.4134 0.4201 0.4165 0.4088 0.3978 0.3831 0.3633 0.3371 0.3028 0.2527 0.2087 0.2525 0.3027 0.3370 0.3633 0.3831 0.3978 0.4088 0.4165 0.4201 0.4134 0.3820 0.3290 0.2744 0.2276 0.1911 0.1749 0.2405 0.3136 0.3581 0.3870 0.4056 0.4170 0.4193 0.3933 0.3276 0.2604 0.2082 0.1771 0.2264 0.3117 0.3598 0.3894 0.4077 0.4183 0.4177 0.3826 0.3134 0.2484 0.1996 0.1778 0.2470 0.3236 0.3671 0.3939 0.4105 0.4194 0.4145 0.3696 0.2941 0.3207
0.3307 0.3188 0.3910 0.4191 0.4172 0.4055 0.3859 0.3541 0.3020 0.2117 0.1785 0.2149 0.2697 0.3388 0.4009 0.4200 0.4154 0.4022 0.3805 0.3454 0.2869 0.1948 0.1831 0.2248 0.2829 0.3532 0.4083 0.4201 0.4136 0.3994 0.3768 0.3414 0.2855 0.1980 0.1777 0.2104 0.2547 0.3090 0.3666 0.4079 0.4199 0.4176 0.4100 0.3990 0.3839 0.3633 0.3357 0.2988 0.2454 0.1855 0.1677 0.1854 0.2452 0.2987 0.3356 0.3633 0.3839 0.3990 0.4100 0.4176 0.4199 0.4079 0.3666 0.3090 0.2547 0.2104 0.1777 0.1980 0.2855 0.3414 0.3768 0.3994 0.4136 0.4201 0.4083 0.3532 0.2829 0.2248 0.1831 0.1948 0.2869 0.3454 0.3805 0.4022 0.4154 0.4200 0.4009 0.3388 0.2697 0.2149 0.1785 0.2117 0.3020 0.3541 0.3859 0.4055 0.4172 0.4191 0.3910 0.3188 0.3307
0.3421 0.3441 0.4066 0.4202 0.4139 0.3996 0.3763 0.3386 0.2743 0.1861 0.1883 0.2324 0.2929 0.3637 0.4126 0.4197 0.4116 0.3957 0.3700 0.3284 0.2555 0.1791 0.1960 0.2435 0.3072 0.3771 0.4165 0.4189 0.4092 0.3920 0.3647 0.3217 0.2491 0.1770 0.1924 0.2326 0.2845 0.3445 0.3969 0.4185 0.4189 0.4121 0.4013 0.3862 0.3654 0.3371 0.2987 0.2420 0.1822 0.1749 0.1851 0.1749 0.1821 0.2418 0.2987 0.3370 0.3654 0.3862 0.4013 0.4121 0.4189 0.4185 0.3969 0.3445 0.2845 0.2326 0.1924 0.1770 0.2491 0.3217 0.3647 0.3920 0.4092 0.4189 0.4165 0.3771 0.3072 0.2435 0.1960 0.1791 0.2555 0.3284 0.3700 0.3957 0.4116 0.4197 0.4126 0.3637 0.2929 0.2324 0.1883 0.1861 0.2743 0.3386 0.3763 0.3996 0.4139 0.4202 0.4066 0.3441 0.3421
0.3547 0.3692 0.4157 0.4191 0.4097 0.3926 0.3650 0.3202 0.2409 0.1774 0.2023 0.2523 0.3181 0.3865 0.4184 0.4179 0.4068 0.3880 0.3575 0.3078 0.2202 0.1776 0.2112 0.2646 0.3328 0.3972 0.4198 0.4163 0.4038 0.3833 0.3506 0.2981 0.2095 0.1772 0.2101 0.2577 0.3169 0.3777 0.4141 0.4200 0.4146 0.4045 0.3900 0.3697 0.3414 0.3027 0.2453 0.1822 0.1767 0.1994 0.2135 0.1995 0.1767 0.1821 0.2452 0.3027 0.3414 0.3697 0.3900 0.4045 0.4146 0.4200 0.4141 0.3777 0.3169 0.2577 0.2101 0.1772 0.2095 0.2981 0.3506 0.3833 0.4038 0.4163 0.4198 0.3972 0.3328 0.2646 0.2112 0.1776 0.2202 0.3078 0.3575 0.3880 0.4068 0.4179 0.4184 0.3865 0.3181 0.2523 0.2023 0.1774 0.2409 0.3202 0.3650 0.3926 0.4097 0.4191 0.4157 0.3692 0.3546
0.3687 0.3910 0.4194 0.4165 0.4042 0.3838 0.3507 0.2964 0.2059 0.1796 0.2179 0.2738 0.3433 0.4035 0.4200 0.4146 0.4008 0.3782 0.3417 0.2803 0.1906 0.1853 0.2280 0.2872 0.3579 0.4104 0.4199 0.4124 0.3971 0.3724 0.3328 0.2661 0.1831 0.1884 0.2296 0.2846 0.3486 0.4021 0.4196 0.4171 0.4080 0.3942 0.3744 0.3465 0.3078 0.2525 0.1855 0.1749 0.1994 0.2290 0.2456 0.2291 0.1995 0.1749 0.1854 0.2525 0.3078 0.3465 0.3744 0.3942 0.4080 0.4171 0.4196 0.4021 0.3486 0.2846 0.2296 0.1884 0.1831 0.2661 0.3328 0.3724 0.3971 0.4124 0.4199 0.4104 0.3579 0.2872 0.2280 0.1853 0.1906 0.2803 0.3417 0.3782 0.4008 0.4146 0.4200 0.4035 0.3433 0.2738 0.2179 0.1796 0.2059 0.2964 0.3507 0.3838 0.4042 0.4165 0.4194 0.3909 0.3687
0.3784 0.4001 0.4195 0.4138 0.3995 0.3762 0.3385 0.2749 0.1869 0.1847 0.2273 0.2863 0.3570 0.4097 0.4193 0.4115 0.3956 0.3699 0.3282 0.2564 0.1790 0.1922 0.2380 0.3003 0.3709 0.4145 0.4185 0.4089 0.3914 0.3632 0.3177 0.2399 0.1757 0.1964 0.2413 0.2999 0.3652 0.4103 0.4192 0.4135 0.4018 0.3848 0.3603 0.3256 0.2770 0.2086 0.1678 0.1851 0.2135 0.2456 0.2627 0.2457 0.2135 0.1851 0.1678 0.2086 0.2770 0.3256 0.3603 0.3848 0.4018 0.4135 0.4192 0.4103 0.3652 0.2999 0.2413 0.1964 0.1757 0.2399 0.3177 0.3632 0.3914 0.4089 0.4185 0.4145 0.3709 0.3003 0.2380 0.1922 0.1790 0.2564 0.3282 0.3699 0.3956 0.4115 0.4193 0.4097 0.3570 0.2863 0.2273 0.1847 0.1869 0.2749 0.3385 0.3762 0.3995 0.4138 0.4195 0.4001 0.3784
0.3687 0.3910 0.4194 0.4165 0.4042 0.3838 0.3507 0.2964 0.2059 0.1796 0.2179 0.2738 0.3433 0.4035 0.4200 0.4146 0.4008 0.3782 0.3417 0.2803 0.1906 0.1853 0.2280 0.2872 0.3579 0.4104 0.4199 0.4124 0.3971 0.3724 0.3328 0.2661 0.1831 0.1884 0.2296 0.2846 0.3486 0.4021 0.4196 0.4171 0.4080 0.3942 0.3744 0.3465 0.3078 0.2525 0.1854 0.1749 0.1995 0.2291 0.2457 0.2291 0.1995 0.1749 0.1854 0.2525 0.3078 0.3465 0.3744 0.3942 0.4080 0.4171 0.4196 0.4021 0.3486 0.2846 0.2296 0.1884 0.1831 0.2661 0.3328 0.3724 0.3971 0.4124 0.4199 0.4104 0.3579 0.2872 0.2280 0.1853 0.1906 0.2803 0.3417 0.3782 0.4008 0.4146 0.4200 0.4035 0.3433 0.2738 0.2179 0.1796 0.2059 0.2964 0.3507 0.3838 0.4042 0.4165 0.4194 0.3909 0.3687
0.3547 0.3692 0.4157 0.4191 0.4097 0.3926 0.3650 0.3202 0.2409 0.1774 0.2023 0.2523 0.3181 0.3865 0.4184 0.4179 0.4068 0.3880 0.3575 0.3078 0.2202 0.1776 0.2112 0.2646 0.3328 0.3972 0.4198 0.4163 0.4038 0.3833 0.3506 0.2981 0.2095 0.1772 0.2101 0.2577 0.3169 0.3777 0.4141 0.4200 0.4146 0.4045 0.3900 0.3697 0.3414 0.3027 0.2452 0.1821 0.1767 0.1995 0.2135 0.1995 0.1767 0.1821 0.2452 0.3027 0.3414 0.3697 0.3900 0.4045 0.4146 0.4200 0.4141 0.3777 0.3169 0.2577 0.2101 0.1772 0.2095 0.2981 0.3506 0.3833 0.4038 0.4163 0.4198 0.3972 0.3328 0.2646 0.2112 0.1776 0.2202 0.3078 0.3575 0.3880 0.4068 0.4179 0.4184 0.3865 0.3181 0.2523 0.2023 0.1774 0.2409 0.3202 0.3650 0.3926 0.4097 0.4191 0.4157 0.3692 0.3546
0.3421 0.3441 0.4066 0.4202 0.4139 0.3996 0.3763 0.3386 0.2743 0.1861 0.1883 0.2324 0.2929 0.3637 0.4126 0.4197 0.4116 0.3957 0.3700 0.3284 0.2555 0.1791 0.1960 0.2435 0.3072 0.3771 0.4165 0.4189 0.4092 0.3920 0.3647 0.3217 0.2491 0.1770 0.1924 0.2326 0.2845 0.3445 0.3969 0.4185 0.4189 0.4121 0.4013 0.3862 0.3654 0.3370 0.2987 0.2418 0.1821 0.1749 0.1851 0.1749 0.1821 0.2418 0.2987 0.3370 0.3654 0.3862 0.4013 0.4121 0.4189 0.4185 0.3969 0.3445 0.2845 0.2326 0.1924 0.1770 0.2491 0.3217 0.3647 0.3920 0.4092 0.4189 0.4165 0.3771 0.3072 0.2435 0.1960 0.1791 0.2555 0.3284 0.3700 0.3957 0.4116 0.4197 0.4126 0.3637 0.2929 0.2324 0.1883 0.1861 0.2743 0.3386 0.3763 0.3996 0.4139 0.4202 0.4066 0.3441 0.3421
0.3307 0.3188 0.3910 0.4191 0.4172 0.4055 0.3859 0.3541 0.3020 0.2117 0.1785 0.2149 0.2697 0.3388 0.4009 0.4200 0.4154 0.4022 0.3805 0.3454 0.2869 0.1948 0.1831 0.2248 0.2829 0.3532 0.4083 0.4201 0.4136 0.3994 0.3768 0.3414 0.2855 0.1980 0.1777 0.2104 0.2547 0.3090 0.3666 0.4079 0.4199 0.4176 0.4100 0.3990 0.3839 0.3633 0.3356 0.2987 0.2452 0.1854 0.1678 0.1854 0.2452 0.2987 0.3356 0.3633 0.3839 0.3990 0.4100 0.4176 0.4199 0.4079 0.3666 0.3090 0.2547 0.2104 0.1777 0.1980 0.2855 0.3414 0.3768 0.3994 0.4136 0.4201 0.4083 0.3532 0.2829 0.2248 0.1831 0.1948 0.2869 0.3454 0.3805 0.4022 0.4154 0.4200 0.4009 0.3388 0.2697 0.2149 0.1785 0.2117 0.3020 0.3541 0.3859 0.4055 0.4172 0.4191 0.3910 0.3188 0.3307
0.3207 0.2941 0.3696 0.4145 0.4194 0.4105 0.3939 0.3671 0.3236 0.2470 0.1778 0.1996 0.2484 0.3134 0.3826 0.4177 0.4183 0.4077 0.3894 0.3598 0.3117 0.2264 0.1771 0.2082 0.2604 0.3276 0.3933 0.4193 0.4170 0.4056 0.3870 0.3581 0.3136 0.2405 0.1749 0.1911 0.2276 0.2744 0.3290 0.3820 0.4134 0.4201 0.4165 0.4088 0.3978 0.3831 0.3633 0.3370 0.3027 0.2525 0.2086 0.2525 0.3027 0.3370 0.3633 0.3831 0.3978 0.4088 0.4165 0.4201 0.4134 0.3820 0.3290 0.2744 0.2276 0.1911 0.1749 0.2405 0.3136 0.3581 0.3870 0.4056 0.4170 0.4193 0.3933 0.3276 0.2604 0.2082 0.1771 0.2264 0.3117 0.3598 0.3894 0.4077 0.4183 0.4177 0.3826 0.3134 0.2484 0.1996 0.1778 0.2470 0.3236 0.3671 0.3939 0.4105 0.4194 0.4145 0.3696 0.2941 0.3207
