-48.1580 2.4722 -33.4384 -34.8274 -20.6383 -39.8125 12.3374 -25.6164 -45.7931 30.9319 -30.2987 -48.6678 -12.4488 -36.0665 -10.0186 -22.9145 -41.8527 19.1242 -27.1347 -47.6056 26.3057 -32.0362 -45.3232 -17.8186 -38.1261 5.3574 -24.4044 -43.9688 26.0289 -28.7781 -48.5941 -0.4717 -33.7494 -32.3743 -20.9668 -40.0590 13.1970 -25.7970 -46.0403 31.2621 -30.5156 -48.5310 -13.3535 -36.3642 -7.1825 -23.1420 -42.1532 19.5999 -29.3020 -46.9356 -10.5046 -47.3092 -27.3169 19.9650 -42.1124 -23.1403 -7.1890 -36.3642 -13.3535 -48.5310 -30.5156 31.2621 -46.0403 -25.7970 13.1970 -40.0590 -20.9668 -32.3743 -33.7494 -0.4717 -48.5941 -28.7781 26.0289 -43.9688 -24.4044 5.3574 -38.1261 -17.8186 -45.3232 -32.0362 26.3057 -47.6056 -27.1347 19.1242 -41.8527 -22.9145 -10.0186 -36.0665 -12.4488 -48.6678 -30.2987 30.9319 -45.7931 -25.6164 12.3374 -39.8125 -20.6383 -34.8274 -33.4384 2.4722 -48.1580
2.4722 -31.8979 -33.9016 -21.8269 -39.0561 11.8589 -26.9452 -45.6488 31.6091 -30.4628 -48.6200 -8.9461 -34.7502 -9.7811 -24.6563 -41.3171 18.3786 -28.1065 -47.6564 34.2276 -31.6177 -45.1123 -17.8236 -37.1384 5.1070 -26.0323 -43.6492 25.3233 -29.3513 -48.7992 14.6750 -32.5577 -31.9026 -22.2246 -39.3204 12.6662 -27.0833 -45.9207 32.3874 -30.6153 -48.4715 -10.6017 -35.0938 -7.0278 -24.9088 -41.6348 18.8735 -32.0833 -45.0576 -20.6524 -34.4914 34.4927 -47.9043 -28.2589 19.2011 -41.6045 -24.9092 -7.0364 -35.0938 -10.6017 -48.4715 -30.6153 32.3874 -45.9207 -27.0833 12.6662 -39.3204 -22.2246 -31.9026 -32.5577 14.6750 -48.7992 -29.3513 25.3233 -43.6492 -26.0323 5.1070 -37.1384 -17.8236 -45.1123 -31.6177 34.2276 -47.6564 -28.1065 18.3786 -41.3171 -24.6563 -9.7811 -34.7502 -8.9461 -48.6200 -30.4628 31.6091 -45.6488 -26.9452 11.8589 -39.0561 -21.8269 -33.9016 -31.8979 2.4722
-33.4384 -33.9016 -21.6986 -38.9132 11.3160 -26.8886 -45.4358 30.9591 -30.5958 -48.6975 -7.3966 -34.4685 -12.1694 -24.4399 -41.0899 17.7319 -28.0892 -47.4843 34.5833 -31.8743 -45.7543 -17.2478 -36.9313 4.1644 -25.9281 -43.4197 24.6092 -29.4023 -48.7564 18.1658 -32.8532 -33.8823 -21.8892 -39.1012 12.0120 -27.0207 -45.7059 31.7823 -30.7581 -48.5938 -9.2895 -34.8209 -9.1855 -24.7085 -41.3850 18.4131 -31.2004 -39.1334 -35.6762 25.3566 -38.8993 -32.4479 34.0929 -47.6983 -28.2464 18.5482 -41.3765 -24.7089 -9.1900 -34.8209 -9.2895 -48.5938 -30.7581 31.7823 -45.7059 -27.0207 12.0120 -39.1012 -21.8892 -33.8823 -32.8532 18.1658 -48.7564 -29.4023 24.6092 -43.4197 -25.9281 4.1644 -36.9313 -17.2478 -45.7543 -31.8743 34.5833 -47.4843 -28.0892 17.7319 -41.0899 -24.4399 -12.1694 -34.4685 -7.3966 -48.6975 -30.5958 30.9591 -45.4358 -26.8886 11.3160 -38.9132 -21.6986 -33.9016 -33.4384
-34.8274 -21.8269 -38.9132 11.0846 -26.8259 -45.2688 30.3647 -30.4834 -48.7420 -5.6768 -34.1779 -14.7464 -24.2073 -40.8641 17.0913 -27.9622 -47.3021 34.7207 -31.7617 -46.3135 -16.6297 -36.7226 3.1377 -25.8287 -43.1901 23.9009 -29.2719 -48.6937 21.2911 -32.7773 -35.7192 -21.5243 -38.8838 11.3505 -26.9047 -45.4850 31.1233 -30.6305 -48.6803 -7.8206 -34.5368 -11.5696 -24.4949 -41.1478 17.9469 -28.6611 -48.6224 -27.9879 0.0550 -38.3717 -19.5129 -45.9594 -31.8893 34.5329 -47.5285 -28.1190 17.9022 -41.1499 -24.4951 -11.5696 -34.5368 -7.8206 -48.6803 -30.6305 31.1233 -45.4850 -26.9047 11.3505 -38.8838 -21.5243 -35.7192 -32.7773 21.2911 -48.6937 -29.2719 23.9009 -43.1901 -25.8287 3.1377 -36.7226 -16.6297 -46.3135 -31.7617 34.7207 -47.3021 -27.9622 17.0913 -40.8641 -24.2073 -14.7464 -34.1779 -5.6768 -48.7420 -30.4834 30.3647 -45.2688 -26.8259 11.0846 -38.9132 -21.8269 -34.8274
-20.6383 -39.0561 11.3160 -26.8259 -45.2062 30.0047 -30.3956 -48.7588 -3.9130 -33.8954 -17.3842 -23.9613 -40.6403 16.4574 -27.8338 -47.1101 34.6939 -31.6489 -46.7960 -15.9702 -36.5093 2.0117 -25.7309 -42.9611 23.2016 -29.1412 -48.6134 24.0775 -32.6887 -37.4095 -21.1372 -38.6687 10.6809 -26.7885 -45.2584 30.4271 -30.5043 -48.7341 -6.1468 -34.2432 -14.1517 -24.2641 -40.9238 17.2699 -27.9345 -46.8581 -4.1871 -48.2079 -29.0014 4.3912 -36.9306 -16.1731 -46.1428 -31.8079 34.7074 -47.3447 -27.9891 17.2641 -40.9251 -24.2641 -14.1517 -34.2432 -6.1468 -48.7341 -30.5043 30.4271 -45.2584 -26.7885 10.6809 -38.6687 -21.1372 -37.4095 -32.6887 24.0775 -48.6134 -29.1412 23.2016 -42.9611 -25.7309 2.0117 -36.5093 -15.9702 -46.7960 -31.6489 34.6939 -47.1101 -27.8338 16.4574 -40.6403 -23.9613 -17.3842 -33.8954 -3.9130 -48.7588 -30.3956 30.0047 -45.2062 -26.8259 11.3160 -39.0561 -20.6383
-39.8125 11.8589 -26.8886 -45.2688 30.0047 -30.3597 -48.7602 -2.4550 -33.6603 -19.7887 -23.7166 -40.4272 15.8432 -27.7065 -46.9118 34.5236 -31.5373 -47.2065 -15.2691 -36.2873 0.7841 -25.6292 -42.7316 22.5084 -29.0127 -48.5175 26.4916 -32.5890 -38.9354 -20.7309 -38.4580 10.0073 -26.6734 -45.0295 29.7094 -30.3809 -48.7582 -4.2480 -33.9416 -16.8536 -24.0184 -40.7045 16.6324 -27.8542 -47.0069 35.5625 -39.4885 26.2765 -48.3874 -27.1488 31.7743 -39.0899 -15.5140 -46.7035 -31.6934 34.7154 -47.1543 -27.8596 16.6390 -40.7045 -24.0184 -16.8536 -33.9416 -4.2480 -48.7582 -30.3809 29.7094 -45.0295 -26.6734 10.0073 -38.4580 -20.7309 -38.9354 -32.5890 26.4916 -48.5175 -29.0127 22.5084 -42.7316 -25.6292 0.7841 -36.2873 -15.2691 -47.2065 -31.5373 34.5236 -46.9118 -27.7065 15.8432 -40.4272 -23.7166 -19.7887 -33.6603 -2.4550 -48.7602 -30.3597 30.0047 -45.2688 -26.8886 11.8589 -39.8125
12.3374 -26.9452 -45.4358 30.3647 -30.3956 -48.7602 -1.8519 -33.5217 -21.5194 -23.5079 -40.2465 15.2855 -27.5856 -46.7108 34.2314 -31.4251 -47.5538 -14.5189 -36.0542 -0.5628 -25.5117 -42.4979 21.8096 -28.8901 -48.4104 28.5059 -32.4739 -40.3284 -20.2971 -38.2527 9.3303 -26.5577 -44.7947 28.9642 -30.2636 -48.7566 -2.1050 -33.6277 -19.6513 -23.7547 -40.4885 16.0274 -27.7347 -46.9924 34.4590 -35.1024 9.6969 -36.9841 21.4000 -32.9156 -47.7587 0.1792 -39.4759 -14.9133 -47.0842 -31.5850 34.5727 -46.9546 -27.7279 16.0285 -40.4890 -23.7547 -19.6513 -33.6277 -2.1050 -48.7566 -30.2636 28.9642 -44.7947 -26.5577 9.3303 -38.2527 -20.2971 -40.3284 -32.4739 28.5059 -48.4104 -28.8901 21.8096 -42.4979 -25.5117 -0.5628 -36.0542 -14.5189 -47.5538 -31.4251 34.2314 -46.7108 -27.5856 15.2855 -40.2465 -23.5079 -21.5194 -33.5217 -1.8519 -48.7602 -30.3956 30.3647 -45.4358 -26.9452 12.3374
-25.6164 -45.6488 30.9591 -30.4834 -48.7588 -2.4550 -33.5217 -22.1456 -23.3860 -40.1221 14.8509 -27.4817 -46.5228 33.8556 -31.3189 -47.8434 -13.7072 -35.8146 -2.0261 -25.3737 -42.2559 21.0942 -28.7764 -48.2951 30.1284 -32.3398 -41.6099 -19.8261 -38.0571 8.6632 -26.4399 -44.5502 28.1842 -30.1570 -48.7450 0.2524 -33.2981 -22.5196 -23.4687 -40.2771 15.4267 -27.5990 -46.7583 34.3281 -31.8504 -41.8847 -29.3316 -37.3956 -29.9692 -44.2069 -21.2458 -44.3384 25.9504 -36.9967 -14.5875 -47.4444 -31.4814 34.2892 -46.7408 -27.5930 15.4311 -40.2780 -23.4687 -22.5196 -33.2981 0.2524 -48.7450 -30.1570 28.1842 -44.5502 -26.4399 8.6632 -38.0571 -19.8261 -41.6099 -32.3398 30.1284 -48.2951 -28.7764 21.0942 -42.2559 -25.3737 -2.0261 -35.8146 -13.7072 -47.8434 -31.3189 33.8556 -46.5228 -27.4817 14.8509 -40.1221 -23.3860 -22.1456 -33.5217 -2.4550 -48.7588 -30.4834 30.9591 -45.6488 -25.6164
-45.7931 31.6091 -30.5958 -48.7420 -3.9130 -33.6603 -21.5194 -23.3860 -40.0766 14.6107 -27.4088 -46.3705 33.4733 -31.2275 -48.0715 -12.8609 -35.5727 -3.6165 -25.2175 -42.0053 20.3614 -28.6759 -48.1761 31.3777 -32.1747 -42.7954 -19.3047 -37.8742 8.0160 -26.3188 -44.2926 27.3622 -30.0656 -48.7574 2.7409 -32.9792 -25.3861 -23.1591 -40.0730 14.8462 -27.4724 -46.0971 34.0786 -32.2514 -48.1105 -18.4475 -45.9177 -14.1843 -46.6427 -7.3994 -43.3665 28.0799 -36.6910 6.3651 -35.6909 -14.0738 -47.7476 -31.3457 33.8981 -46.5158 -27.4460 14.8621 -40.0739 -23.1591 -25.3861 -32.9775 2.7339 -48.7591 -30.0672 27.3622 -44.2926 -26.3188 8.0160 -37.8742 -19.3047 -42.7954 -32.1747 31.3777 -48.1761 -28.6759 20.3614 -42.0053 -25.2175 -3.6165 -35.5727 -12.8609 -48.0715 -31.2275 33.4733 -46.3705 -27.4088 14.6107 -40.0766 -23.3860 -21.5194 -33.6603 -3.9130 -48.7420 -30.5958 31.6091 -45.7931
30.9319 -30.4628 -48.6975 -5.6768 -33.8954 -19.7887 -23.5079 -40.1221 14.6107 -27.3821 -46.2807 33.1749 -31.1565 -48.2331 -12.0489 -35.3397 -5.3012 -25.0502 -41.7505 19.6096 -28.5936 -48.0620 32.2738 -31.9594 -43.9118 -18.7053 -37.7129 7.4226 -26.1927 -44.0139 26.4766 -29.9991 -48.7787 5.1030 -32.7195 -28.2307 -22.8184 -39.8822 14.2949 -27.3292 -45.4103 16.6744 -35.2325 -35.8537 -18.2484 -38.8629 27.7229 -39.4540 26.4445 -37.7783 16.0813 -33.9899 -35.5801 -30.0524 -5.2850 -35.6337 -12.4155 -48.8002 -31.2836 34.2743 -46.0573 -27.2811 14.3260 -39.8824 -22.8147 -28.2694 -32.7298 5.1129 -48.7811 -30.0032 26.4766 -44.0139 -26.1927 7.4226 -37.7129 -18.7053 -43.9118 -31.9594 32.2738 -48.0620 -28.5936 19.6096 -41.7505 -25.0502 -5.3012 -35.3397 -12.0489 -48.2331 -31.1565 33.1749 -46.2807 -27.3821 14.6107 -40.1221 -23.5079 -19.7887 -33.8954 -5.6768 -48.6975 -30.4628 30.9319
-30.2987 -48.6200 -7.3966 -34.1779 -17.3842 -23.7166 -40.2465 14.8509 -27.4088 -46.2807 33.0573 -31.1196 -48.3275 -11.3781 -35.1426 -6.9262 -24.8851 -41.5095 18.8723 -28.5294 -47.9573 32.8707 -31.6897 -44.9567 -17.9899 -37.5954 6.9745 -26.0612 -43.7090 25.5153 -29.9728 -48.7753 6.9874 -32.6414 -31.5895 -22.4074 -39.7141 13.8046 -27.1745 -45.5319 19.4821 -49.0382 -30.2077 4.9707 -35.0771 5.1080 -33.7922 -5.5309 -32.3589 -28.4077 -28.5103 -49.0114 -19.4234 -45.6074 -25.5808 0.0540 -36.8120 30.9431 24.8242 -38.9639 36.1332 -45.7441 -27.1317 13.8523 -39.7246 -22.4223 -31.2300 -32.6688 7.0190 -48.7843 -29.9783 25.5165 -43.7090 -26.0612 6.9745 -37.5954 -17.9899 -44.9567 -31.6897 32.8707 -47.9573 -28.5294 18.8723 -41.5095 -24.8851 -6.9262 -35.1426 -11.3781 -48.3275 -31.1196 33.0573 -46.2807 -27.4088 14.8509 -40.2465 -23.7166 -17.3842 -34.1779 -7.3966 -48.6200 -30.2987
-48.6678 -8.9461 -34.4685 -14.7464 -23.9613 -40.4272 15.2855 -27.4817 -46.3705 33.1749 -31.1196 -48.3583 -10.9914 -35.0105 -8.2434 -24.7399 -41.2992 18.2014 -28.4790 -47.8663 33.2323 -31.3774 -45.8878 -17.1445 -37.5423 6.7828 -25.9242 -43.3691 24.4581 -30.0095 -48.7555 8.1649 -32.6003 -26.5696 -24.1471 -37.8778 13.7908 -26.9707 -45.6804 34.1430 -40.3569 -13.0444 -47.6655 -28.2824 -46.0221 -25.3762 -49.1371 -21.9688 -48.1850 -16.1311 -45.0637 27.6947 -40.5564 30.6969 -41.4539 -22.1218 -45.1892 -25.0610 -48.5955 9.9136 -44.5051 36.1247 -45.5803 -27.0172 13.3336 -39.5629 -22.5900 -27.7904 -32.9589 8.4300 -48.7754 -30.0137 24.4602 -43.3691 -25.9242 6.7828 -37.5423 -17.1445 -45.8878 -31.3774 33.2323 -47.8663 -28.4790 18.2014 -41.2992 -24.7399 -8.2434 -35.0105 -10.9914 -48.3583 -31.1196 33.1749 -46.3705 -27.4817 15.2855 -40.4272 -23.9613 -14.7464 -34.4685 -8.9461 -48.6678
-12.4488 -34.7502 -12.1694 -24.2073 -40.6403 15.8432 -27.5856 -46.5228 33.4733 -31.1565 -48.3275 -10.9914 -34.9640 -8.9835 -24.6402 -41.1410 17.6523 -28.4420 -47.7931 33.4354 -31.0460 -46.6459 -16.1912 -37.5676 6.9537 -25.7872 -42.9950 23.3061 -30.1518 -48.7123 7.9673 -32.1484 -26.0136 -32.1610 13.8298 -49.1691 -21.8020 -44.7881 29.8672 -37.0355 19.7997 -41.4205 10.3065 -45.0627 7.2983 -42.6135 34.9224 -41.4813 32.3203 -38.8560 20.7516 -35.6998 7.3109 -34.3300 15.6582 -39.2935 3.4287 -46.3542 9.1674 -45.1943 35.2984 -40.6211 33.0421 -45.6520 -26.9563 6.5514 -35.0771 -31.3483 -12.2417 -33.3157 8.4648 -48.7265 -30.1523 23.3079 -42.9950 -25.7872 6.9537 -37.5676 -16.1912 -46.6459 -31.0460 33.4354 -47.7931 -28.4420 17.6523 -41.1410 -24.6402 -8.9835 -34.9640 -10.9914 -48.3275 -31.1565 33.4733 -46.5228 -27.5856 15.8432 -40.6403 -24.2073 -12.1694 -34.7502 -12.4488
-36.0665 -9.7811 -24.4399 -40.8641 16.4574 -27.7065 -46.7108 33.8556 -31.2275 -48.2331 -11.3781 -35.0105 -8.9835 -24.6053 -41.0584 17.3016 -28.4167 -47.7399 33.5388 -30.7355 -47.2120 -15.1917 -37.6834 7.5489 -25.6622 -42.6227 22.1712 -30.4789 -48.6840 5.0282 -31.2442 -34.4549 -31.5570 7.6802 -41.9499 33.4966 -41.0960 21.4754 -33.4242 -17.1947 -35.1447 13.6310 -37.5164 20.4518 -36.4330 14.3658 -35.4965 7.5371 -33.5949 -13.4626 -30.1388 -45.5647 -26.2569 -48.8899 -28.9732 4.7865 -36.3487 27.0524 -40.9246 28.0837 -40.4671 13.8337 -36.1560 24.7161 -42.4533 29.2723 -37.9331 7.6487 -35.5721 -11.1704 -32.3979 5.1069 -48.6850 -30.4765 22.1719 -42.6227 -25.6622 7.5489 -37.6834 -15.1917 -47.2120 -30.7355 33.5388 -47.7399 -28.4167 17.3016 -41.0584 -24.6053 -8.9835 -35.0105 -11.3781 -48.2331 -31.2275 33.8556 -46.7108 -27.7065 16.4574 -40.8641 -24.4399 -9.7811 -36.0665
-10.0186 -24.6563 -41.0899 17.0913 -27.8338 -46.9118 34.2314 -31.3189 -48.0715 -12.0489 -35.1426 -8.2434 -24.6402 -41.0584 17.1855 -28.4024 -47.7064 33.5808 -30.4863 -47.5951 -14.2624 -37.8891 8.5300 -25.5567 -42.3201 21.2929 -31.1616 -48.7496 -2.2372 -30.3345 -41.1617 -25.0783 -48.1550 -32.2101 9.0876 -35.2632 3.0680 -29.4509 -48.6774 -26.0321 -45.9189 -30.0131 -30.7103 -30.5323 -39.3288 -28.3575 -47.5075 -25.1321 -49.1072 -19.6434 -45.9524 -0.5428 -42.9153 18.9190 -45.4668 -24.3517 -38.8550 -32.4444 4.3538 -35.5020 2.6415 -33.1893 -35.0851 -32.1600 8.6827 -37.0941 7.9706 -35.4467 -23.0623 -31.0617 -34.1826 -30.5868 -2.3307 -48.7489 -31.1600 21.2929 -42.3201 -25.5567 8.5300 -37.8891 -14.2624 -47.5951 -30.4863 33.5808 -47.7064 -28.4024 17.1855 -41.0584 -24.6402 -8.2434 -35.1426 -12.0489 -48.0715 -31.3189 34.2314 -46.9118 -27.8338 17.0913 -41.0899 -24.6563 -10.0186
-22.9145 -41.3171 17.7319 -27.9622 -47.1101 34.5236 -31.4251 -47.8434 -12.8609 -35.3397 -6.9262 -24.7399 -41.1410 17.3016 -28.4024 -47.6935 33.5957 -30.3283 -47.8203 -13.5408 -38.1479 9.7370 -25.4762 -42.1806 21.0700 -32.5334 -48.4359 -12.1522 -29.7056 -42.5571 -20.1126 -44.2624 -15.6840 -49.0343 -26.2773 -48.3976 -22.7143 -46.1545 5.6416 -44.7774 -10.5614 -47.1203 -16.6802 -46.7664 -11.7112 -44.7583 13.0540 -42.5886 35.1417 -39.7687 24.7036 -36.6481 17.0137 -36.7576 26.1521 -41.1358 -12.1853 -48.5885 -24.5467 -48.1002 -26.2528 -48.8881 -22.5395 -48.8902 -26.2672 -42.8432 -29.6211 -43.3185 -26.7951 -48.8403 -23.9697 -42.7016 -29.6718 -12.1130 -48.4365 -32.5352 21.0700 -42.1806 -25.4762 9.7370 -38.1479 -13.5408 -47.8203 -30.3283 33.5957 -47.6935 -28.4024 17.3016 -41.1410 -24.7399 -6.9262 -35.3397 -12.8609 -47.8434 -31.4251 34.5236 -47.1101 -27.9622 17.7319 -41.3171 -22.9145
-41.8527 18.3786 -28.0892 -47.3021 34.6939 -31.5373 -47.5538 -13.7072 -35.5727 -5.3012 -24.8851 -41.2992 17.6523 -28.4167 -47.7064 33.5957 -30.2746 -47.9220 -13.1140 -38.3875 10.8764 -25.4419 -42.2833 22.2174 -31.9804 -45.9345 -20.6798 -29.2304 -43.7333 -18.8172 -39.9801 31.4199 -42.6744 22.6337 -44.7155 23.3373 -41.2074 28.1867 -38.3606 25.1789 -39.9052 29.9008 -39.9113 27.4407 -38.2274 20.6913 -36.1428 12.4436 -34.2574 -3.1448 -31.5727 -35.8698 -30.0608 -35.2606 -32.2227 11.0329 -37.3501 34.0416 -42.8240 13.4928 -44.8285 13.6126 -43.9770 26.7489 -44.2076 -9.9774 -46.9477 -14.4774 -46.6150 10.9437 -42.8244 -19.1200 -43.8549 -29.2388 -20.6804 -45.5447 -31.9875 22.2187 -42.2837 -25.4416 10.8764 -38.3875 -13.1140 -47.9220 -30.2746 33.5957 -47.7064 -28.4167 17.6523 -41.2992 -24.8851 -5.3012 -35.5727 -13.7072 -47.5538 -31.5373 34.6939 -47.3021 -28.0892 18.3786 -41.8527
19.1242 -28.1065 -47.4843 34.7207 -31.6489 -47.2065 -14.5189 -35.8146 -3.6165 -25.0502 -41.5095 18.2014 -28.4420 -47.7399 33.5808 -30.3283 -47.9220 -12.9780 -38.5312 11.6470 -25.4697 -42.5204 22.4001 -32.3000 -40.4300 30.4800 -32.0494 -44.6922 -18.4067 -38.8431 14.9417 -36.9890 16.8703 -38.2436 19.6943 -36.2596 8.7213 -33.6574 -8.7323 -33.8041 -0.2258 -33.9774 -2.5348 -32.7242 -21.5829 -30.3351 -42.9249 -26.7336 -49.2316 -21.7764 -47.3265 -14.6999 -46.1225 -16.8193 -48.5966 -26.9481 -25.7128 -33.5775 13.6562 -37.2224 22.2298 -39.0643 22.8314 -39.4800 29.6482 -40.0732 31.1051 -40.8079 30.2785 -39.8054 23.6362 -39.2881 -18.2715 -44.6221 -32.1775 31.9804 -40.4266 -32.3071 22.3340 -42.7050 -25.4600 11.6470 -38.5312 -12.9780 -47.9220 -30.3283 33.5808 -47.7399 -28.4420 18.2014 -41.5095 -25.0502 -3.6165 -35.8146 -14.5189 -47.2065 -31.6489 34.7207 -47.4843 -28.1065 19.1242
-27.1347 -47.6564 34.5833 -31.7617 -46.7960 -15.2691 -36.0542 -2.0261 -25.2175 -41.7505 18.8723 -28.4790 -47.7931 33.5388 -30.4863 -47.8203 -13.1140 -38.5312 11.9122 -25.5239 -42.5680 26.6511 15.6192 -39.5052 20.9318 -37.3618 -32.8998 -20.8363 -39.6887 11.8128 -31.2008 -37.6298 -31.4304 -24.7277 -30.6024 -42.7364 -26.4457 -49.1251 -23.3605 -49.1503 -23.6779 -49.1765 -22.3141 -48.4189 -18.1630 -46.1937 -5.5244 -43.3529 33.7988 -40.6196 29.7369 -38.9461 26.9766 -39.6914 35.3035 -43.6126 -18.0536 -49.2336 -27.6066 -34.3198 -32.1658 -5.3230 -34.4298 13.0513 -42.6940 28.6821 -38.5113 11.1635 -36.1315 2.8805 -34.2662 12.6228 -39.3996 -21.4536 -24.4949 -38.8255 23.1127 -39.5202 15.8273 26.6628 -43.0141 -25.4858 11.9122 -38.5312 -13.1140 -47.8203 -30.4863 33.5388 -47.7931 -28.4790 18.8723 -41.7505 -25.2175 -2.0261 -36.0542 -15.2691 -46.7960 -31.7617 34.5833 -47.6564 -27.1347
-47.6056 34.2276 -31.8743 -46.3135 -15.9702 -36.2873 -0.5628 -25.3737 -42.0053 19.6096 -28.5294 -47.8663 33.4354 -30.7355 -47.5951 -13.5408 -38.3875 11.6470 -25.5279 -41.7778 22.1997 11.7232 -41.0593 18.6153 -39.2323 0.2344 -11.2625 -35.2893 5.1826 -27.0389 -47.6416 -18.2188 -47.8830 -18.8375 -46.9800 -9.0192 -43.7716 30.7379 -42.7606 33.4983 -42.7134 34.9754 -41.5754 33.3222 -39.6807 25.2276 -36.8921 15.4682 -34.8483 3.9515 -33.3494 -8.0821 -33.7340 2.8666 -36.6885 18.2776 -38.8707 34.3289 -44.2571 -14.1750 -47.9261 -20.8718 -49.1230 13.3002 -24.8930 -44.7384 19.9617 -35.1359 -36.4926 -28.4255 -48.4882 -28.8074 5.1360 -35.8326 -4.2759 -18.0564 -40.8772 20.3084 -41.2768 14.9605 24.0017 -43.0802 -25.4858 11.6470 -38.3875 -13.5408 -47.5951 -30.7355 33.4354 -47.8663 -28.5294 19.6096 -42.0053 -25.3737 -0.5628 -36.2873 -15.9702 -46.3135 -31.8743 34.2276 -47.6056
26.3057 -31.6177 -45.7543 -16.6297 -36.5093 0.7841 -25.5117 -42.2559 20.3614 -28.5936 -47.9573 33.2323 -31.0460 -47.2120 -14.2624 -38.1479 10.8765 -25.4730 -41.8961 -38.1169 19.6731 -40.7546 15.9080 -38.4428 25.5494 -44.7300 -23.4628 -48.8714 -20.9647 -43.4268 35.5076 -42.7959 23.5176 -41.5479 32.5201 -38.8568 20.0110 -37.2481 15.2992 -36.6372 13.2931 -35.5863 8.1944 -34.1280 -4.0998 -31.9590 -35.1436 -28.6288 -48.1680 -24.2769 -48.9259 -23.2914 -48.6849 -30.3391 -1.4235 -36.0166 2.6206 -35.7202 17.4583 -38.2752 28.9048 -40.0851 28.0427 -33.9418 -48.5529 22.2577 -38.1032 -14.0720 -27.0371 -47.6033 -7.8550 -45.1038 -21.9777 -48.3350 -24.6320 -46.6575 29.6257 -38.4702 17.1539 -41.6493 20.9415 23.7959 -43.0253 -25.4598 10.8764 -38.1479 -14.2624 -47.2120 -31.0460 33.2323 -47.9573 -28.5936 20.3614 -42.2559 -25.5117 0.7841 -36.5093 -16.6297 -45.7543 -31.6177 26.3057
-32.0362 -45.1123 -17.2478 -36.7226 2.0117 -25.6292 -42.4979 21.0942 -28.6759 -48.0620 32.8707 -31.3774 -46.6459 -15.1917 -37.8891 9.7370 -25.4411 -42.7201 26.1744 19.7410 -40.8881 14.4207 -36.1982 5.2167 -39.3030 30.4946 -43.5222 32.9721 -40.0431 26.7668 -41.2937 21.9340 -46.7540 9.1381 -35.8835 4.6792 -32.5538 -32.2359 -30.2175 -41.3873 -28.4095 -46.9374 -25.7986 -49.1502 -22.7213 -48.1035 -24.3173 -47.4474 -8.7694 -43.1693 34.7260 -41.4826 -8.4395 -48.6355 -36.4469 9.7797 -34.9286 -31.2111 -34.4594 -0.8013 -34.0087 -6.5724 -31.0785 -46.3003 -16.7777 -41.2928 12.4688 -30.6135 -48.4916 8.6068 -41.4322 30.8320 -40.6298 29.7263 -43.8987 33.4137 -39.4061 5.7976 -36.3458 16.5412 -41.7091 15.7553 26.3033 -42.7160 -25.4413 9.7370 -37.8891 -15.1917 -46.6459 -31.3774 32.8707 -48.0620 -28.6759 21.0942 -42.4979 -25.6292 2.0117 -36.7226 -17.2478 -45.1123 -32.0362
-45.3232 -17.8236 -36.9313 3.1377 -25.7309 -42.7316 21.8096 -28.7764 -48.1761 32.2738 -31.6897 -45.8878 -16.1912 -37.6834 8.5300 -25.4761 -42.2829 22.1964 16.4665 -41.2634 15.6498 -35.6347 -32.9219 -32.6830 1.4014 -36.9542 14.8585 -36.8615 13.0067 -39.3800 35.2993 -48.5555 -29.2003 11.8718 -49.7625 -23.7374 -48.7663 -18.7619 -47.0235 -12.5345 -45.2001 4.3306 -43.2594 30.6535 -42.5286 -12.9403 -44.1446 -24.4298 -44.9708 34.1055 -39.0528 15.7506 -35.2063 -14.5535 -12.5891 -39.6200 2.4494 -34.1616 -4.4486 -34.2055 -45.8564 -24.3395 -48.1843 -7.6035 -41.3750 19.3983 -33.1029 -48.0179 -11.6092 -42.0618 23.1405 -37.8215 10.8678 -36.3333 15.6352 -36.9623 2.3982 -33.2396 -26.6938 -36.3015 17.0986 -41.3324 15.8893 22.3184 -42.2838 -25.4762 8.5300 -37.6834 -16.1912 -45.8878 -31.6897 32.2738 -48.1761 -28.7764 21.8096 -42.7316 -25.7309 3.1377 -36.9313 -17.8236 -45.3232
-17.8186 -37.1384 4.1644 -25.8287 -42.9611 22.5084 -28.8901 -48.2951 31.3777 -31.9594 -44.9567 -17.1445 -37.5676 7.5489 -25.5567 -42.1807 22.1897 -32.2763 -39.9889 19.4343 -37.6304 -13.2588 -29.8238 -48.2765 -28.9184 -38.3800 -31.8317 -19.8183 -36.3389 22.2447 -43.9236 -21.4568 -30.4739 -37.3246 34.6121 -43.1549 35.6379 -41.1354 30.8143 -39.4128 23.8069 -37.1883 16.6075 -35.7796 10.2540 -19.2841 -37.8552 -25.5847 -17.7180 -41.8051 15.0985 -34.5952 -34.5413 -26.4166 -45.5715 24.0902 -36.0527 -6.8530 -37.3085 3.5052 -36.1998 -39.1194 29.6223 -38.1224 13.7623 -32.7453 -46.3230 -18.0422 -43.3152 25.9519 -37.7024 -6.4012 -31.9238 -38.2628 -30.3938 -39.1108 -29.6106 -45.9122 -33.0735 3.8358 -38.3045 18.1402 -39.4975 -32.3093 22.2188 -42.1806 -25.5567 7.5489 -37.5676 -17.1445 -44.9567 -31.9594 31.3777 -48.2951 -28.8901 22.5084 -42.9611 -25.8287 4.1644 -37.1384 -17.8186
-38.1261 5.1070 -25.9281 -43.1901 23.2016 -29.0127 -48.4104 30.1284 -32.1747 -43.9118 -17.9899 -37.5423 6.9537 -25.6622 -42.3202 21.0821 -32.4161 -42.5382 27.4676 -40.2031 15.7499 -35.4373 -43.0952 -23.4132 -48.1015 -22.6714 -48.5308 -31.8018 5.2204 -39.7613 26.8319 -48.8297 -31.6340 8.6023 -39.6461 28.4608 -39.2684 13.6098 -35.2322 -2.2072 -32.3738 -31.0550 -29.3164 -46.1808 -24.4516 -46.1648 22.2231 -30.6796 -47.8087 33.7848 -36.9342 -32.8421 -25.1619 -47.1851 35.5279 -37.9577 -11.0553 -34.4554 17.2333 -43.9125 -25.2716 -15.7290 -32.4305 -21.7838 -29.0626 -48.9468 -15.7840 -43.2514 27.4562 -37.8705 -5.8665 -30.1842 -48.7531 -21.2803 -47.9912 -20.5173 -48.6674 -29.1545 -1.5773 -38.9814 23.2750 -39.1966 19.8597 -40.4034 -31.9571 21.0699 -42.3201 -25.6622 6.9537 -37.5423 -17.9899 -43.9118 -32.1747 30.1284 -48.4104 -29.0127 23.2016 -43.1901 -25.9281 5.1070 -38.1261
5.3574 -26.0323 -43.4197 23.9009 -29.1412 -48.5175 28.5059 -32.3398 -42.7954 -18.7053 -37.5954 6.7828 -25.7872 -42.6227 21.2931 -32.5814 -43.7016 29.9974 -41.8871 35.4078 -41.2679 12.3120 -31.5104 -48.6386 -12.5521 -46.7499 -25.3327 -31.2336 -36.8417 26.8126 -44.3845 -23.0868 -26.8495 -37.5259 29.0262 -43.6647 19.2050 -30.0858 -45.7316 -24.5780 -48.3763 -16.8335 -45.5493 3.9890 -42.5836 28.9615 -34.7316 -45.8615 -8.8513 -39.9487 5.5873 -28.4138 -47.4306 33.7961 -39.2608 3.8736 -31.7602 -36.7185 -35.8138 30.2121 -45.1541 -18.1413 -48.3224 -18.3655 -46.3382 18.3309 -41.1763 23.1336 -37.0369 -8.5761 -30.4117 -48.7580 -16.8243 -44.5669 19.5627 -44.5588 -19.2458 -42.8717 -36.4323 28.3706 -44.3772 27.3096 -37.2487 29.4990 -46.1864 -32.5166 21.2929 -42.6227 -25.7872 6.7828 -37.5954 -18.7053 -42.7954 -32.3398 28.5059 -48.5175 -29.1412 23.9009 -43.4197 -26.0323 5.3574
-24.4044 -43.6492 24.6092 -29.2719 -48.6134 26.4916 -32.4739 -41.6099 -19.3047 -37.7129 6.9745 -25.9242 -42.9950 22.1719 -31.1582 -48.4422 -17.6907 -36.9210 -20.8847 -47.8761 35.7651 -38.5126 -21.6331 -22.8212 -45.2914 -16.4926 -47.4778 -33.9535 15.6687 -40.9544 10.6855 -48.8920 -32.8867 18.4719 -44.1505 -21.6816 -9.5410 -39.3643 31.8726 -41.9112 33.6685 -39.6325 23.9560 -36.5959 12.9864 -33.1125 -42.0841 -20.2104 -42.3384 18.1738 -32.2870 -48.8746 9.2807 -39.9682 11.0222 -31.6197 -48.5242 -26.9461 -26.8546 -36.1609 23.4404 -40.4715 33.1269 -40.7192 28.2436 -38.5526 13.2710 -34.7341 -27.7346 -29.7455 -48.1715 -23.5832 -47.2779 2.9972 -42.3709 25.5285 -47.2425 -29.0675 12.8143 -43.1157 -22.9696 -12.7518 -38.2362 -31.9129 -20.6189 -48.4358 -31.1617 22.1712 -42.9947 -25.9242 6.9745 -37.7129 -19.3047 -41.6099 -32.4739 26.4916 -48.6134 -29.2719 24.6092 -43.6492 -24.4044
-43.9688 25.3233 -29.4023 -48.6937 24.0775 -32.5890 -40.3284 -19.8261 -37.8742 7.4226 -26.0612 -43.3691 23.3080 -30.4773 -48.7492 -12.1028 -30.3489 -22.0970 7.6240 -25.9681 -44.8416 19.8040 -31.7172 -48.3016 -7.7735 -47.7582 -29.0248 5.1647 -39.8723 28.7414 -45.0684 -23.1424 -21.9613 -38.1964 35.2720 -48.7125 -29.9292 3.6197 -35.2845 9.1026 -35.6950 2.2363 -33.1308 -36.5569 -27.5398 -49.1456 -15.9524 -42.5279 23.0950 -34.1021 -45.9456 -15.3393 -41.4202 17.0376 -33.0524 -47.9656 -17.9768 -47.1680 -25.0883 -38.1513 -33.6351 6.9825 -37.4226 14.9822 -38.4204 4.7265 -32.4833 -45.3478 -26.4192 -48.3585 -29.6423 -44.2306 -25.7561 -47.7875 -3.6722 -44.3686 -18.3485 -45.0668 -35.4895 34.1991 -49.0847 -35.2426 -20.3056 -44.6594 -29.2379 -12.1435 -48.7495 -30.4806 23.3063 -43.3684 -26.0609 7.4226 -37.8742 -19.8261 -40.3284 -32.5890 24.0775 -48.6937 -29.4023 25.3233 -43.9688
26.0289 -29.3513 -48.7564 21.2911 -32.6887 -38.9354 -20.2971 -38.0571 8.0160 -26.1927 -43.7090 24.4603 -30.1488 -48.6871 -2.1951 -29.7150 -43.6792 -21.6021 -36.8690 -46.6506 18.0303 -36.6298 -36.3307 -20.6738 -45.0124 -18.4772 -43.5307 -34.7295 28.7752 -49.4673 -18.5019 -48.2044 -29.8104 9.1056 -40.3271 13.6578 -48.6112 -25.5577 -46.5678 -30.3750 -27.7590 -34.2361 -43.3788 -21.4712 -45.3571 30.7058 -39.8656 18.1771 -33.5614 -43.8170 -19.9255 -43.0414 22.8162 -34.5979 -44.3627 -19.2830 -44.0692 30.9864 -45.9134 -22.0801 -46.8029 -33.2828 6.8347 -39.3218 28.2587 -32.5683 -47.0581 -21.3912 -48.3518 -25.8410 3.8705 -35.1157 -26.0089 -27.7667 -48.4381 -19.5046 -48.7005 -30.2680 4.4352 -39.6416 -20.7184 4.7559 -39.5615 -18.3643 -43.7669 -29.6821 -2.3295 -48.6816 -30.1566 24.4496 -43.7087 -26.1924 8.0160 -38.0571 -20.2971 -38.9354 -32.6887 21.2911 -48.7564 -29.3513 26.0289
-28.7781 -48.7992 18.1658 -32.7773 -37.4095 -20.7309 -38.2527 8.6632 -26.3188 -44.0139 25.5165 -30.0079 -48.7215 5.3215 -30.3837 -42.3870 -18.9642 -38.7908 5.9757 -23.1746 -41.0803 10.7962 -30.1586 -48.2333 -12.7233 -46.3894 -22.0138 -48.7373 30.4431 -33.1899 -46.7174 -21.4075 -48.6185 -32.0110 13.3295 -39.9350 34.3456 -45.3431 -18.8027 -47.7409 -34.2544 29.6912 -47.3436 -33.9331 18.2417 -35.4867 3.3207 -30.7267 -48.1320 -17.9548 -43.0232 25.1989 -35.4168 -38.0173 -22.2785 -44.6011 32.8986 -40.7421 36.0139 -45.9332 -24.8193 -26.4461 -37.6241 34.3533 -48.5323 -25.4727 26.4663 -42.8072 34.3597 -43.9447 -37.8529 20.0196 -36.5065 -24.6077 -29.3742 -46.6566 -30.6411 -18.3165 -36.2422 22.0210 -43.6508 -27.5111 11.8936 -38.9533 -18.8126 -42.8555 -30.3890 4.8610 -48.7108 -30.0153 25.5064 -44.0139 -26.3188 8.6632 -38.2527 -20.7309 -37.4095 -32.7773 18.1658 -48.7992 -28.7781
-48.5941 14.6750 -32.8532 -35.7192 -21.1372 -38.4580 9.3303 -26.4399 -44.2926 26.4766 -29.9728 -48.7688 8.4546 -31.1631 -40.9256 -19.5926 -39.1606 12.2501 -29.7860 -46.1054 30.7151 -35.9752 -37.9950 -27.3031 -48.7261 -19.8230 -46.7764 -10.7326 -41.1137 11.5883 -30.3062 -48.2083 -19.5943 -48.1012 -32.0728 9.8916 -39.1105 34.7082 -45.5234 -25.3945 0.6250 -40.0747 -9.4908 -46.2112 -27.7135 -47.3874 -24.1942 -47.7591 1.3137 -40.7554 21.5313 -34.8428 -36.9198 -23.4468 -45.2705 32.4301 -39.0180 17.9578 -40.6175 14.7732 -48.8767 -32.3931 15.3530 -42.3869 -16.2588 -39.4971 -35.4110 15.1717 -36.7048 13.3443 -18.7666 -42.9281 20.0510 -36.0318 -17.4551 -34.2556 7.3389 -37.7342 17.0083 -39.3515 34.7304 -48.5885 -32.6139 19.1959 -41.4327 -22.1938 -38.7013 -31.7528 7.8831 -48.7587 -29.9754 26.4767 -44.2926 -26.4399 9.3303 -38.4580 -21.1372 -35.7192 -32.8532 14.6750 -48.5941
-0.4717 -32.5577 -33.8823 -21.5243 -38.6687 10.0073 -26.5577 -44.5502 27.3622 -29.9991 -48.7880 8.6719 -31.7826 -39.3046 -21.3451 -41.6025 23.6304 -35.4249 -45.9316 -12.2030 -40.4329 10.1206 -34.6041 -18.9449 -31.4644 -44.6519 -23.9947 -46.2875 35.5686 -37.9219 -21.1550 -24.6976 -46.2892 -19.4097 -48.1925 -32.1024 8.5092 -39.5731 30.3250 -48.7711 -31.3159 15.3636 -40.6250 14.3299 -44.4792 15.8193 -42.3096 32.7489 -37.8885 12.2521 -32.6684 -44.4655 -21.9849 -44.9887 32.4259 -38.3236 6.4432 -37.4126 24.3379 -43.9523 -22.7982 -22.9268 -38.0437 34.5425 -44.9241 -22.5991 -43.6568 -29.5276 -41.6056 -26.9205 -47.0508 28.2097 -40.5828 13.7282 -36.9583 15.7506 -40.1248 33.9228 -42.3216 32.4592 -42.8089 -21.6494 -16.5251 -38.6301 32.1041 -48.1157 -29.1734 -21.6633 -32.6968 8.1971 -48.7795 -29.9991 27.3622 -44.5502 -26.5577 10.0073 -38.6687 -21.5243 -33.8823 -32.5577 -0.4717
-33.7494 -31.9026 -21.8892 -38.8838 10.6809 -26.6734 -44.7947 28.1842 -30.0656 -48.7849 7.3285 -32.2204 -36.9628 -23.9820 -45.8066 27.4404 -41.3015 11.8824 -30.2241 -47.5016 33.3876 -38.1548 11.1149 -38.0394 13.3179 -35.0564 -32.6631 -23.9428 -44.5606 25.4801 -34.7154 -46.4975 -20.5862 -47.1233 -23.3246 -46.1679 -33.8697 14.4832 -40.9546 -8.9197 -48.3281 -31.8298 9.6474 -36.4859 18.2168 -36.2465 12.0148 -34.2085 -15.6043 -28.9718 -49.0438 -15.7570 -43.2751 29.0891 -37.5257 -2.9640 -33.7770 1.1433 -39.0819 31.9789 -48.9302 -32.2349 18.6703 -44.0847 19.4192 -44.1069 -12.9806 -46.9334 -16.9193 -47.0399 -17.3120 -47.7168 35.3894 -39.7354 19.0182 -40.7872 16.7885 -47.4685 -15.5111 -43.7228 26.0211 -48.7025 -33.2385 25.3905 -45.7646 -25.0134 -32.6801 -34.5207 -19.9839 -32.6488 7.1211 -48.7819 -30.0656 28.1842 -44.7947 -26.6734 10.6809 -38.8838 -21.8892 -31.9026 -33.7494
-32.3743 -22.2246 -39.1012 11.3505 -26.7885 -45.0295 28.9642 -30.1570 -48.7590 5.2022 -32.5319 -33.9371 -24.0211 -48.7344 -24.2698 -48.0611 35.3738 -38.1954 -26.8326 -19.2394 -41.6399 20.0905 -40.3053 35.1854 -42.0501 24.2598 -35.7848 -40.3242 -17.9745 -41.3060 13.9186 -32.0092 -47.9619 -25.9465 -48.1095 -30.2957 -26.7764 -36.2535 19.9723 -41.5687 -10.3415 -49.0774 -27.2113 -41.0802 -29.3972 -42.5394 -27.2049 -49.0806 -21.2704 -46.4777 22.9436 -40.5614 21.2994 -35.7587 -20.0276 -29.5199 -46.5637 -33.0878 15.7898 -42.4467 -18.6318 -33.2590 -34.0447 -21.0055 -48.0998 1.9686 -42.2129 31.2978 -44.4839 -21.4288 -46.0048 -27.4981 -46.2896 27.5183 -40.3599 19.2513 -48.9561 -28.2103 -39.6238 -9.8605 -43.4915 -21.2421 -7.4875 -39.5319 -10.2924 -45.5476 -34.7110 3.8830 -33.0333 -31.4906 -32.5771 5.1717 -48.7590 -30.1570 28.9642 -45.0295 -26.7885 11.3505 -39.1012 -22.2246 -32.3743
-20.9668 -39.3204 12.0120 -26.9047 -45.2584 29.7094 -30.2636 -48.7450 2.7409 -32.7423 -30.9743 -22.1666 -43.4463 -34.1550 -7.8246 -25.2384 -44.6964 21.1102 -32.0498 -48.2894 35.2608 -39.9469 35.5912 -48.8376 -13.7231 -43.5365 22.7926 -33.1732 -48.9690 17.2220 -38.8713 3.9961 -33.3218 -21.7732 -33.6180 -5.0542 -35.7848 6.0456 -37.1189 18.8531 -40.4072 31.4229 -44.9522 -9.7644 -45.7952 -7.6143 -44.3497 28.8125 -41.4028 28.5755 -37.7194 10.2663 -32.8505 -42.0330 -24.9781 -47.9336 -22.6539 -41.7525 -35.6262 25.5943 -43.7416 -12.7694 -45.5758 16.1223 -28.6634 -47.9525 11.1049 -42.6623 -14.3424 -45.8534 -34.3328 14.6676 16.4132 -38.8607 33.3005 -47.3980 -29.2236 5.1033 -33.2813 -39.7203 35.7407 -47.4452 -31.5552 24.9192 -46.0701 -28.6977 4.5711 -38.7784 -8.8239 -28.1841 -31.1283 -32.7362 2.7409 -48.7450 -30.2636 29.7094 -45.2584 -26.9047 12.0120 -39.3204 -20.9668
-40.0590 12.6662 -27.0207 -45.4850 30.4271 -30.3809 -48.7566 0.2524 -32.9774 -28.2359 -22.4417 -39.4820 23.0069 19.7526 -36.1298 -47.0412 4.5407 -37.9142 -21.4003 -19.8316 -41.4847 25.3796 -44.4419 -28.5832 -45.9267 -16.1637 -41.2300 9.4627 -28.2039 -46.8140 33.9454 -38.2460 10.7294 -37.9002 16.9967 -38.9881 23.2894 -39.1164 6.9751 -35.5761 9.3254 -37.2190 21.5178 -38.5143 24.5336 -38.0288 19.6566 -36.4613 9.7536 -33.8064 -23.5843 -28.6537 -49.0184 -17.5754 -44.7383 24.1250 -46.1970 -24.9261 -25.4730 -36.5421 22.5466 -40.7515 25.8263 -36.0352 -40.5516 -23.8002 -47.2198 -10.4073 -48.0874 -31.0038 23.0361 -47.2722 -32.7902 14.4389 -42.0920 -21.0816 -12.2175 -38.9784 -14.3813 12.3424 -38.7894 -10.3994 -39.4264 -36.4828 0.6093 -45.7255 -36.0842 32.8126 -37.2771 -38.9152 -22.4341 -28.2350 -32.9792 0.2524 -48.7566 -30.3809 30.4271 -45.4850 -27.0207 12.6662 -40.0590
13.1970 -27.0833 -45.7059 31.1233 -30.5043 -48.7582 -2.1050 -33.2947 -25.4145 -22.8183 -39.7306 13.2738 -25.8564 -42.1636 8.0321 -26.2147 -43.9289 20.4547 -31.8586 -48.0528 33.6792 -37.5970 7.2712 14.0692 -33.1954 -49.1840 32.0473 -36.9603 -32.8368 -23.6661 -43.8047 27.4211 -40.4201 33.5431 -42.4961 35.5547 -44.6479 -8.9751 -32.7985 -32.5820 -30.3043 -34.5981 -31.7364 -16.0911 -32.3152 -22.0509 -30.7167 -41.6703 -27.1602 -49.1225 -20.5966 -46.3950 20.8692 -41.3556 29.1112 -40.5786 35.0621 -47.1955 -26.0612 -32.1219 -34.2846 6.6695 -35.2958 -23.6034 -30.9700 -45.7227 -27.0792 -48.6404 -24.8947 -17.2658 -38.6440 -13.4851 -36.1519 -36.6732 35.3940 -48.9892 -33.2178 27.4516 -47.0619 -31.4204 17.0434 -42.9657 -26.0412 10.8330 -41.8410 -24.3131 5.8978 -41.6368 -26.1997 13.0018 -39.7191 -22.8178 -25.3861 -33.2981 -2.1050 -48.7582 -30.5043 31.1233 -45.7059 -27.0833 13.1970
-25.7970 -45.9207 31.7823 -30.6305 -48.7341 -4.2480 -33.6245 -22.5593 -23.1627 -39.8413 13.3100 -27.8360 -45.6800 27.8799 -34.2453 -48.8847 18.2661 -37.8642 -25.8706 -18.7120 -40.6613 7.0556 -29.3565 -43.1371 9.8585 -25.6484 -43.7004 19.7410 -34.2322 -40.8226 -13.2789 -41.9230 35.8405 -47.0696 -12.1624 -47.2222 -23.4924 -26.4050 -45.5713 -15.7069 -46.9202 -17.3454 -48.0619 -20.1745 -48.2996 -18.9286 -47.1000 -11.3558 -44.6420 28.8026 -41.5107 29.0927 -38.4566 14.7543 -37.8091 17.8252 -40.7912 31.2941 -46.6433 -23.4560 -47.3757 -29.4161 -42.0103 -32.1771 -22.3280 -34.7645 0.1170 -29.9694 -48.3514 -32.5447 23.2061 -45.2635 -28.7422 11.5022 -42.0980 -21.8658 -10.5625 -38.6564 -8.4904 -44.9022 -35.5751 35.2300 -48.5396 -31.8516 28.4158 -47.0657 -29.2910 24.3143 -46.2806 -27.1222 13.8299 -39.8856 -23.1588 -22.5196 -33.6277 -4.2480 -48.7341 -30.6305 31.7823 -45.9207 -25.7970
-46.0403 32.3874 -30.7581 -48.6803 -6.1468 -33.9401 -19.6773 -23.4733 -39.9630 13.8273 -31.1918 -48.4146 20.8391 -39.3166 0.5636 -25.9008 -44.1354 20.0205 -31.2670 -47.4766 30.3855 -34.0361 -49.2139 34.1424 -34.9041 -48.2018 8.6941 -39.1496 11.8050 -34.0276 -47.9552 35.1711 -45.7096 -25.4820 -48.0918 -25.2132 -47.3411 -33.5000 25.3378 -40.3925 31.1856 -40.7585 33.5524 -41.2082 33.6396 -40.6375 29.6501 -38.9852 21.3440 -37.0876 11.0898 -35.6867 -1.7274 -36.0661 7.6067 -38.8542 28.9138 -42.1544 0.9876 -46.7725 -21.5802 -48.7681 -29.1945 -21.0869 -36.9443 21.1614 -39.2242 -20.5383 -28.1357 -27.5864 -37.3502 3.3730 -47.0744 -35.5428 34.9842 -48.4957 -32.3077 21.5300 -44.2433 -26.7474 5.4172 -40.2447 -15.9555 -40.9011 -35.7559 31.7098 -48.9013 -30.4787 32.4643 -45.8213 -27.1926 14.3091 -40.0758 -23.4687 -19.6513 -33.9416 -6.1468 -48.6803 -30.7581 32.3874 -46.0403
31.2621 -30.6153 -48.5938 -7.8206 -34.2432 -16.8537 -23.7557 -40.2092 14.4004 -35.0843 -36.2611 -25.0456 -45.8630 29.2865 -35.2754 -48.1677 13.2454 -37.3153 -33.9245 -15.0288 -39.1387 -8.8892 -21.8363 -40.9236 6.1930 -26.7416 -45.2923 34.1014 -40.1458 30.6138 2.6243 -36.1661 16.4118 -4.2380 -33.2156 -38.8319 -31.7079 -17.8211 -36.6794 11.4416 -37.6537 12.9789 -37.6510 11.8561 -36.9443 6.9449 -35.1641 -5.2691 -32.8681 -30.7185 -32.2346 -34.1031 -34.7024 5.3760 -38.6699 28.7306 -42.9437 -9.5179 -47.9349 -24.0513 -48.6386 -27.9152 -39.6923 -35.5059 24.1792 -43.4256 -6.4313 -18.5808 -48.1426 -30.3397 17.4002 -43.5103 -25.9058 6.6146 -40.9641 -18.7982 -28.1436 -37.6287 20.0886 -48.8209 -34.6938 29.4935 -46.2976 -28.8369 6.4010 -38.8463 -7.1218 -48.5120 -32.2766 31.8596 -46.1005 -27.3301 14.8540 -40.2780 -23.7547 -16.8536 -34.2432 -7.8206 -48.5938 -30.6153 31.2621
-30.5156 -48.4715 -9.2895 -34.5368 -14.1465 -24.0186 -40.4750 14.8647 -35.4952 8.9695 -35.1340 -42.3905 -16.1555 -41.3575 7.4750 -25.8691 -43.7531 16.6730 -29.0142 -45.4117 22.6555 -31.1515 -47.2415 30.2239 -34.8955 -46.4338 -19.0631 -44.3447 36.0265 -44.2187 -24.6320 -46.1042 -24.9840 -42.2284 14.0408 -35.6921 1.1414 -36.5972 11.5294 -38.0315 14.6150 -38.1741 13.7431 -37.1137 -0.0791 -34.4669 -38.3256 -30.0778 -48.1485 -29.3982 -41.1138 -33.8075 6.9551 -39.1481 30.7470 -43.8931 -16.8145 -48.0300 -30.4085 -16.7554 -33.1698 -19.0663 -34.3835 12.3270 -41.9548 -20.2069 -0.0558 -42.1964 -14.0300 -43.9812 -36.1758 31.6050 -49.1746 -34.2451 30.4177 -47.0729 -30.4108 16.8502 -43.3241 -24.6861 1.4966 -39.9742 -11.1690 -45.0222 -35.9384 27.8724 -44.3497 -25.2712 -31.3565 -35.4721 32.3507 -46.3366 -27.4648 15.4300 -40.4885 -24.0184 -14.1517 -34.5368 -9.2895 -48.4715 -30.5156
-48.5310 -10.6017 -34.8209 -11.5696 -24.2643 -40.6995 15.8376 -31.5433 5.7824 -40.1766 13.1857 -31.3768 -48.2528 33.3966 -34.5755 -49.1686 32.2898 -35.4613 -47.2588 11.1336 -36.2241 -41.3359 -10.6069 -39.1490 7.3734 -32.1197 -47.5053 -20.4075 -45.0426 35.3224 -44.2238 1.5642 -44.4032 28.0236 -39.0181 17.9513 -39.1726 25.8891 -40.7449 32.5945 -41.4763 34.1106 -41.5408 25.4233 -38.1970 3.3027 -33.6693 -39.5536 -30.3541 -33.5412 -34.5618 10.0557 -39.4867 31.2794 -44.2311 -18.4872 -48.0341 -32.9974 11.8026 -37.9934 19.9651 -37.8040 8.1459 -37.9759 35.3284 -48.7891 -32.8959 27.5376 -44.6043 -26.9783 10.4301 -41.8939 -22.5903 -5.2498 -39.2220 -11.8534 -41.9739 -36.5240 33.5092 -49.1606 -33.8339 27.1980 -45.9438 -28.4080 9.5907 -41.2058 -14.6922 -43.8605 -35.1200 11.9786 -36.6266 33.0167 -46.5511 -27.5971 16.0273 -40.7045 -24.2641 -11.5696 -34.8209 -10.6017 -48.5310
-13.3535 -35.0938 -9.1900 -24.4951 -40.9251 16.6257 -27.7097 -45.2812 -45.8603 -2.1923 -38.2762 -22.7271 -17.9348 -39.9679 -2.9128 -21.8084 -40.8661 5.0763 -24.1749 -41.8912 11.0730 -26.8056 -43.9597 29.1183 -38.5725 9.9410 -33.4519 -42.8203 -21.9570 -44.5494 35.2375 -40.0568 25.9531 -40.1189 34.3429 -42.4042 33.8952 -44.6710 -6.1654 -46.5082 -12.3862 -47.3076 -13.1605 -45.5781 27.0362 -37.9778 -5.2166 -35.2915 3.7335 -35.2655 18.2226 -38.6621 32.5616 -43.4064 -21.8714 -46.9810 -29.1284 16.7067 -39.6741 -0.4859 -43.9207 35.2129 -39.0111 15.8450 -41.1701 -18.3652 -29.7550 -37.4428 25.9406 -48.9817 -34.6020 33.6363 -48.2107 -32.1125 22.8664 -44.9672 -27.8383 11.3051 -42.0028 -22.0591 -9.6040 -38.7522 -5.5938 -45.9087 -35.8790 34.6236 -48.4016 -31.8117 16.8135 -41.3795 15.9468 -34.5455 33.7618 -46.7511 -27.7287 16.6390 -40.9251 -24.4951 -9.1900 -35.0938 -13.3535
-36.3642 -7.0364 -24.7089 -41.1499 17.2641 -27.8629 -46.9685 34.3260 -27.0641 -45.7200 20.0118 -29.1987 -45.8931 22.7875 -30.2744 -46.6487 26.5709 -31.6116 -47.9700 32.4301 -33.7162 -48.9174 14.1516 -42.5543 35.4621 -40.3956 18.6665 -34.5636 -43.2177 -18.3168 -42.1832 23.2358 -39.3903 35.4976 -48.4396 -19.6719 -48.2453 -23.4904 -47.8200 -27.5383 -47.0193 -28.1275 -46.7902 -26.4126 -98.3998 -55.0162 39.0374 -149.5314 74.1297 -115.6306 -25.0015 -101.5491 -79.1072 4.9908 -167.5814 -118.2311 -4.4436 2.5229 -107.5210 -31.9248 -25.8718 -49.3779 28.0145 -38.2303 28.6557 -45.9923 -28.8658 12.7134 -42.0332 -23.1682 -1.4216 -39.7347 -16.3053 -33.4626 -37.1641 14.3987 -48.2792 -35.0964 34.0419 -48.1830 -31.9182 21.2949 -44.4278 -26.6577 7.8428 -41.3176 -20.6493 -6.2283 -40.1684 -16.3769 -42.0763 -46.9120 -31.5738 34.2947 -46.9538 -27.8596 17.2641 -41.1499 -24.7089 -7.0364 -36.3642
-7.1890 -24.9092 -41.3765 17.9022 -27.9891 -47.1514 34.5854 -30.9989 -49.1340 30.5883 -33.7040 -48.8455 26.7285 -34.5761 -47.7562 12.2647 -35.7400 -42.3309 -10.5380 -38.0791 -16.8595 -21.7389 -44.7481 -18.3146 -48.0890 -5.5978 -41.7895 19.8199 -33.1786 -48.7630 10.7838 -39.6375 22.3242 -44.3556 -25.8867 -28.0198 -30.8059 -30.4159 -34.2847 0.2268 -34.5920 -8.2322 -34.4167 -62.2582 -94.1713 9.6070 59.0790 -19.2296 52.4507 -13.7658 44.0674 -74.8323 -15.5454 -125.9847 29.4196 -89.8056 29.8343 -198.5256 10.6875 -34.4935 -26.1182 -27.9814 -31.4099 3.5748 -38.4554 7.9313 -48.1468 -34.9722 33.9863 -48.3053 -32.2492 24.4079 -45.5475 -28.9535 14.8978 -42.7648 -24.6036 2.1222 -40.1255 -16.5097 -34.5477 -37.2016 24.8305 -48.9999 -34.3280 31.2673 -47.7481 -31.7274 29.6797 -48.7824 -31.3809 -15.8353 -47.7626 -31.4766 34.5727 -47.1534 -27.9891 17.9022 -41.3765 -24.9092 -7.1890
