-28.0704 -48.5077 1.5444 -33.5219 -34.0578 -20.7451 -39.8870 12.5991 -25.6756 -45.8741 31.0559 -30.3693 -48.6294 -12.7548 -36.1645 -9.0630 -22.9894 -41.9371 19.3989 -27.1988 -47.6663 25.6108 -32.1046 -45.0439 -17.9732 -38.2010 5.7394 -24.4576 -44.0544 26.3027 -28.8466 -48.6222 -1.3840 -33.8617 -31.5208 -21.0681 -40.1340 13.4547 -25.8570 -46.1198 31.3333 -30.5790 -48.4781 -13.6087 -36.4588 -6.3373 -23.2079 -42.1896 20.2755 -28.1371 -48.7786 -28.1397 20.2724 -42.1901 -23.2079 -6.3373 -36.4588 -13.6087 -48.4781 -30.5790 31.3333 -46.1198 -25.8570 13.4547 -40.1340 -21.0681 -31.5208 -33.8617 -1.3840 -48.6222 -28.8466 26.3027 -44.0544 -24.4576 5.7394 -38.2010 -17.9732 -45.0439 -32.1046 25.6108 -47.6663 -27.1988 19.3989 -41.9371 -22.9894 -9.0630 -36.1645 -12.7548 -48.6294 -30.3693 31.0559 -45.8741 -25.6756 12.5991 -39.8870 -20.7451 -34.0578 -33.5219 1.5444 -48.5077 -28.0704
-48.5077 15.7148 -32.4268 -33.3812 -21.9517 -39.1296 12.0890 -26.9908 -45.7381 31.8690 -30.5126 -48.5781 -9.5143 -34.8633 -8.8535 -24.7412 -41.4106 18.6454 -28.1554 -47.7250 34.0354 -31.6590 -44.8230 -18.0508 -37.2236 5.4764 -26.0719 -43.7432 25.6179 -29.4024 -48.8112 13.2303 -32.6360 -31.0349 -22.3607 -39.4036 12.9116 -27.1297 -46.0088 32.6276 -30.6563 -48.4151 -11.0501 -35.2037 -6.2047 -24.9846 -41.6908 19.4470 -28.2845 -47.2712 -3.2635 -47.2868 -28.2931 19.4428 -41.6918 -24.9846 -6.2047 -35.2037 -11.0501 -48.4151 -30.6563 32.6276 -46.0088 -27.1297 12.9116 -39.4036 -22.3607 -31.0349 -32.6360 13.2303 -48.8112 -29.4024 25.6179 -43.7432 -26.0719 5.4764 -37.2236 -18.0508 -44.8230 -31.6590 34.0354 -47.7250 -28.1554 18.6454 -41.4106 -24.7412 -8.8535 -34.8633 -9.5143 -48.5781 -30.5126 31.8690 -45.7381 -26.9908 12.0890 -39.1296 -21.9517 -33.3812 -32.4268 15.7148 -48.5077
1.5444 -32.4268 -34.1176 -21.7302 -38.9511 11.4825 -26.9286 -45.5201 31.2319 -30.6469 -48.6697 -8.0487 -34.5844 -11.1694 -24.5300 -41.1831 17.9969 -28.1405 -47.5561 34.4761 -31.9219 -45.5008 -17.4904 -37.0160 4.5586 -25.9694 -43.5143 24.9030 -29.4551 -48.7776 16.8037 -32.8836 -33.0820 -22.0319 -39.1836 12.2594 -27.0693 -45.7953 32.0411 -30.8021 -48.5520 -9.7960 -34.9354 -8.2730 -24.7895 -41.4623 18.7948 -28.3029 -47.8106 34.6161 -34.5112 34.7313 -47.8512 -28.3158 18.7908 -41.4633 -24.7896 -8.2730 -34.9354 -9.7960 -48.5520 -30.8021 32.0411 -45.7953 -27.0693 12.2594 -39.1836 -22.0319 -33.0820 -32.8836 16.8037 -48.7776 -29.4551 24.9030 -43.5143 -25.9694 4.5586 -37.0160 -17.4904 -45.5008 -31.9219 34.4761 -47.5561 -28.1405 17.9969 -41.1831 -24.5300 -11.1694 -34.5844 -8.0487 -48.6697 -30.6469 31.2319 -45.5201 -26.9286 11.4825 -38.9511 -21.7302 -34.1176 -32.4268 1.5444
-33.5219 -33.3812 -21.7302 -38.8791 11.0920 -26.8451 -45.3277 30.5963 -30.5262 -48.7276 -6.4002 -34.2947 -13.6897 -24.3035 -40.9570 17.3547 -28.0130 -47.3767 34.6866 -31.8104 -46.0926 -16.8892 -36.8068 3.5621 -25.8696 -43.2855 24.1943 -29.3198 -48.7220 20.1110 -32.8213 -34.9553 -21.6792 -38.9615 11.5890 -26.9556 -45.5793 31.4077 -30.6675 -48.6532 -8.3684 -34.6606 -10.5303 -24.5836 -41.2310 18.1333 -28.1760 -47.5949 34.3334 -32.9114 -20.0091 -35.0300 34.7377 -47.6393 -28.1861 18.1351 -41.2319 -24.5837 -10.5303 -34.6606 -8.3684 -48.6532 -30.6675 31.4077 -45.5793 -26.9556 11.5890 -38.9615 -21.6792 -34.9553 -32.8213 20.1110 -48.7220 -29.3198 24.1943 -43.2855 -25.8696 3.5621 -36.8068 -16.8892 -46.0926 -31.8104 34.6866 -47.3767 -28.0130 17.3547 -40.9570 -24.3035 -13.6897 -34.2947 -6.4002 -48.7276 -30.5262 30.5963 -45.3277 -26.8451 11.0920 -38.8791 -21.7302 -33.3812 -33.5219
-34.0578 -21.9517 -38.9511 11.0920 -26.8142 -45.2130 30.1077 -30.4263 -48.7546 -4.6200 -34.0062 -16.3339 -24.0606 -40.7329 16.7196 -27.8842 -47.1872 34.7238 -31.6987 -46.6047 -16.2489 -36.5949 2.4707 -25.7717 -43.0577 23.4958 -29.1812 -48.6455 23.1401 -32.7545 -36.6541 -21.3117 -38.7375 10.8973 -26.8440 -45.3622 30.7481 -30.5269 -48.7201 -6.7051 -34.3816 -12.9471 -24.3635 -40.9975 17.4696 -28.0533 -47.4266 34.6481 -31.8672 -45.5343 -31.1977 -0.9800 -36.0124 34.8833 -47.4603 -28.0552 17.4740 -40.9979 -24.3636 -12.9422 -34.3677 -6.7558 -48.7201 -30.5272 30.7481 -45.3622 -26.8440 10.8973 -38.7375 -21.3117 -36.6541 -32.7545 23.1401 -48.6455 -29.1812 23.4958 -43.0577 -25.7717 2.4707 -36.5949 -16.2489 -46.6047 -31.6987 34.7238 -47.1872 -27.8842 16.7196 -40.7329 -24.0606 -16.3339 -34.0062 -4.6200 -48.7546 -30.4263 30.1077 -45.2130 -26.8142 11.0920 -38.9511 -21.9517 -34.0578
-20.7451 -39.1296 11.4825 -26.8451 -45.2130 29.9231 -30.3640 -48.7605 -2.9677 -33.7483 -18.8501 -23.8133 -40.5158 16.0972 -27.7558 -46.9917 34.6080 -31.5884 -47.0411 -15.5708 -36.3759 1.2807 -25.6746 -42.8334 22.8148 -29.0421 -48.5524 25.7942 -32.6855 -38.1731 -20.9324 -38.5144 10.1901 -26.7352 -45.1465 30.0767 -30.3844 -48.7544 -4.7743 -34.1006 -15.4619 -24.1318 -40.7651 16.8111 -27.9295 -47.2455 34.7274 -31.7159 -46.4807 -25.0695 -28.1708 -37.6799 2.7678 -34.9166 34.7572 -47.2589 -27.9302 16.8001 -40.7606 -24.1098 -16.1707 -34.0512 -4.9738 -48.7545 -30.3849 30.0767 -45.1465 -26.7352 10.1901 -38.5144 -20.9324 -38.1731 -32.6855 25.7942 -48.5524 -29.0421 22.8148 -42.8334 -25.6746 1.2807 -36.3759 -15.5708 -47.0411 -31.5884 34.6080 -46.9917 -27.7558 16.0972 -40.5158 -23.8133 -18.8501 -33.7483 -2.9677 -48.7605 -30.3640 29.9231 -45.2130 -26.8451 11.4825 -39.1296 -20.7451
-39.8870 12.0890 -26.9286 -45.3277 30.1077 -30.3640 -48.7596 -1.8830 -33.5622 -20.9001 -23.5874 -40.3188 15.5138 -27.6299 -46.7898 34.3580 -31.4841 -47.4090 -14.8534 -36.1400 -0.0509 -25.5679 -42.6134 22.1540 -28.8987 -48.4421 28.0961 -32.6205 -39.5212 -20.5423 -38.2888 9.4523 -26.6295 -44.9328 29.4021 -30.2369 -48.7587 -2.4883 -33.8165 -18.0233 -23.8892 -40.5342 16.1574 -27.8031 -47.0549 34.6579 -31.6066 -46.9413 -15.8390 -35.5135 -37.2701 9.9846 -34.5070 -28.0775 -32.5314 34.6559 -47.0822 -27.7103 16.4885 -39.0546 -24.7973 -15.8949 -33.7632 -2.8279 -48.7586 -30.2361 29.4021 -44.9328 -26.6295 9.4523 -38.2888 -20.5423 -39.5212 -32.6205 28.0961 -48.4421 -28.8987 22.1540 -42.6134 -25.5679 -0.0509 -36.1400 -14.8534 -47.4090 -31.4841 34.3580 -46.7898 -27.6299 15.5138 -40.3188 -23.5874 -20.9001 -33.5622 -1.8830 -48.7596 -30.3640 30.1077 -45.3277 -26.9286 12.0890 -39.8870
12.5991 -26.9908 -45.5201 30.5963 -30.4263 -48.7605 -1.8830 -33.4930 -22.0683 -23.4218 -40.1618 15.0132 -27.5141 -46.5880 33.9994 -31.3877 -47.7120 -14.1071 -35.8824 -1.5791 -25.4422 -42.4029 21.5273 -28.7465 -48.3128 30.0641 -32.5672 -40.6957 -20.1476 -38.0572 8.6658 -26.5271 -44.7224 28.7319 -30.0834 -48.7577 0.2195 -33.5279 -20.5978 -23.6351 -40.3084 15.5182 -27.6715 -46.8516 34.4474 -31.5102 -47.3154 -15.0966 -36.0330 3.3841 -35.2275 23.0468 -48.8795 -21.8807 -47.5756 -31.4092 33.8566 -46.1357 -23.4378 -47.9273 0.5613 -31.6072 -16.2056 -33.4441 -0.0482 -48.7559 -30.0825 28.7319 -44.7224 -26.5271 8.6658 -38.0572 -20.1476 -40.6957 -32.5672 30.0641 -48.3128 -28.7465 21.5273 -42.4029 -25.4422 -1.5791 -35.8824 -14.1071 -47.7120 -31.3877 33.9994 -46.5880 -27.5141 15.0132 -40.1618 -23.4218 -22.0683 -33.4930 -1.8830 -48.7605 -30.4263 30.5963 -45.5201 -26.9908 12.5991
-25.6756 -45.7381 31.2319 -30.5262 -48.7546 -2.9677 -33.5622 -22.0683 -23.3599 -40.0707 14.6584 -27.4253 -46.4116 33.5894 -31.3059 -47.9530 -13.3415 -35.6037 -3.3756 -25.2942 -42.2045 20.9435 -28.5836 -48.1629 31.7057 -32.5327 -41.6974 -19.7568 -37.8195 7.8216 -26.4291 -44.5183 28.0793 -29.9245 -48.7895 3.3830 -33.2882 -23.1438 -23.3688 -40.0892 14.8955 -27.5335 -46.6307 34.1006 -31.4413 -47.6166 -14.3657 -35.8602 -2.4090 -31.6573 -18.2088 -37.2437 31.0159 -40.0275 -12.5768 -48.1612 -31.0732 24.2493 -41.3675 31.9809 -41.2828 3.0359 -31.7534 -22.0676 -33.1584 3.3117 -48.7880 -29.9248 28.0793 -44.5183 -26.4291 7.8216 -37.8195 -19.7568 -41.6974 -32.5327 31.7057 -48.1629 -28.5836 20.9435 -42.2045 -25.2942 -3.3756 -35.6037 -13.3415 -47.9530 -31.3059 33.5894 -46.4116 -27.4253 14.6584 -40.0707 -23.3599 -22.0683 -33.5622 -2.9677 -48.7546 -30.5262 31.2319 -45.7381 -25.6756
-45.8741 31.8690 -30.6469 -48.7276 -4.6200 -33.7483 -20.9001 -23.4218 -40.0707 14.5272 -27.3759 -46.2903 33.2284 -31.2442 -48.1304 -12.6003 -35.3215 -5.4127 -25.1246 -42.0240 20.4159 -28.4057 -47.9862 33.0395 -32.5331 -42.5234 -19.3839 -37.5715 6.8920 -26.3366 -44.3245 27.4600 -29.7579 -48.8265 7.0178 -33.1832 -25.6720 -23.0858 -39.8811 14.2995 -27.3846 -46.3886 33.6338 -33.1720 -47.8194 -13.7370 -35.6249 -3.9763 -26.8956 -48.5853 -28.0853 -22.6091 -34.3589 10.2398 -35.5772 -4.4826 -49.0831 -28.8672 1.2650 -34.1789 5.1150 -30.6222 -48.7467 -25.9553 -27.9093 -33.1234 7.0119 -48.8254 -29.7595 27.4586 -44.3245 -26.3366 6.8920 -37.5715 -19.3839 -42.5234 -32.5331 33.0395 -47.9862 -28.4057 20.4159 -42.0240 -25.1246 -5.4127 -35.3215 -12.6003 -48.1304 -31.2442 33.2284 -46.2903 -27.3759 14.5272 -40.0707 -23.4218 -20.9001 -33.7483 -4.6200 -48.7276 -30.6469 31.8690 -45.8741
31.0559 -30.5126 -48.6697 -6.4002 -34.0062 -18.8501 -23.5874 -40.1618 14.6584 -27.3759 -46.2463 33.0142 -31.2061 -48.2434 -11.9851 -35.0611 -7.5285 -24.9440 -41.8670 19.9737 -28.2130 -47.7833 34.0297 -32.5898 -43.1451 -19.0607 -37.3083 5.8381 -26.2508 -44.1480 26.8952 -29.5897 -48.8259 10.9181 -33.1384 -28.2356 -22.7774 -39.7004 13.7762 -27.2169 -46.1164 33.0195 -34.5118 -0.0189 -25.0093 -33.2308 -4.2501 -25.1967 -43.2443 13.9692 -47.5497 -22.7114 -48.6862 -28.5730 -13.4916 -34.2447 34.2402 -45.4374 -20.4436 -49.2990 -23.2242 -48.3954 -5.1679 -42.9915 -22.7564 -28.2545 -33.1286 10.8394 -48.8266 -29.5918 26.8953 -44.1480 -26.2508 5.8381 -37.3083 -19.0607 -43.1451 -32.5898 34.0297 -47.7833 -28.2130 19.9737 -41.8670 -24.9440 -7.5285 -35.0611 -11.9851 -48.2434 -31.2061 33.0142 -46.2463 -27.3759 14.6584 -40.1618 -23.5874 -18.8501 -34.0062 -6.4002 -48.6697 -30.5126 31.0559
-30.3693 -48.5781 -8.0487 -34.2947 -16.3339 -23.8133 -40.3188 15.0132 -27.4253 -46.2903 33.0142 -31.1949 -48.2974 -11.5707 -34.8543 -9.4928 -24.7701 -41.7422 19.6243 -28.0173 -47.5596 34.6441 -32.7182 -43.5129 -18.8382 -37.0280 4.6199 -26.1704 -43.9892 26.3857 -29.4303 -48.8317 14.5261 -33.0078 -30.9292 -22.4242 -39.5730 13.4044 -27.0267 -45.7988 32.1664 -32.9782 -11.1430 -40.9997 31.8351 -49.1099 -16.9049 -40.8206 24.6212 -39.5370 34.6517 -43.0823 17.3862 -44.8195 -22.8412 -41.0743 -32.2492 20.0894 -39.3511 34.7973 -42.2299 34.7169 -40.1420 24.7386 -39.5745 -22.3971 -30.9614 -33.0055 14.5369 -48.8002 -29.4299 26.3880 -43.9888 -26.1702 4.6198 -37.0280 -18.8382 -43.5129 -32.7182 34.6441 -47.5596 -28.0173 19.6243 -41.7422 -24.7701 -9.4928 -34.8543 -11.5707 -48.2974 -31.1949 33.0142 -46.2903 -27.4253 15.0132 -40.3188 -23.8133 -16.3339 -34.2947 -8.0487 -48.5781 -30.3693
-48.6294 -9.5143 -34.5844 -13.6897 -24.0606 -40.5158 15.5138 -27.5141 -46.4116 33.2284 -31.2061 -48.2974 -11.4203 -34.7408 -10.9120 -24.6288 -41.6589 19.3885 -27.8353 -47.3290 34.8880 -32.9104 -43.6081 -18.7800 -36.7308 3.1892 -26.0959 -43.8479 25.9367 -29.2675 -48.8293 20.6341 -33.7011 -34.1640 -21.9596 -39.5317 13.2930 -26.8247 -45.4293 31.1451 -31.5206 -47.7234 -29.1769 11.1150 -38.7374 25.6277 -36.4606 9.6250 -36.2397 13.3122 -39.1863 19.5755 -38.1017 24.2477 -39.5623 -13.2147 -49.1747 -28.5070 -10.4549 -33.7845 8.5523 -35.2326 3.9526 -33.9836 12.8286 -39.3493 -22.0218 -33.7219 -33.2694 17.9213 -48.7687 -29.2852 25.9376 -43.8467 -26.0956 3.1891 -36.7308 -18.7800 -43.6081 -32.9104 34.8880 -47.3290 -27.8353 19.3885 -41.6589 -24.6288 -10.9120 -34.7408 -11.4203 -48.2974 -31.2061 33.2284 -46.4116 -27.5141 15.5138 -40.5158 -24.0606 -13.6897 -34.5844 -9.5143 -48.6294
-12.7548 -34.8633 -11.1694 -24.3035 -40.7329 16.0972 -27.6299 -46.5880 33.5894 -31.2442 -48.2434 -11.5707 -34.7408 -11.4281 -24.5492 -41.6118 19.2598 -27.6854 -47.1214 34.8487 -33.1439 -43.4320 -18.9096 -36.4208 1.5299 -26.0339 -43.7423 25.5855 -29.0846 -48.7338 25.0081 -37.8324 0.7563 -23.8437 -39.7132 13.7194 -26.6415 -44.9661 32.6893 -32.6658 -48.4874 -16.5977 -47.8693 -27.6926 -32.4393 -30.4651 -37.5293 -32.6455 2.2670 -39.2488 30.6257 -36.8061 0.0297 -33.3324 7.7061 -36.3386 34.3588 -45.0437 -19.5694 -49.2219 -25.1508 -48.4395 -25.5465 -48.9686 -28.6116 12.3347 -39.3483 -23.2011 -20.3352 -34.0556 21.5057 -48.7366 -29.1486 25.5783 -43.7417 -26.0336 1.5299 -36.4208 -18.9096 -43.4320 -33.1439 34.8487 -47.1214 -27.6854 19.2598 -41.6118 -24.5492 -11.4281 -34.7408 -11.5707 -48.2434 -31.2442 33.5894 -46.5880 -27.6299 16.0972 -40.7329 -24.3035 -11.1694 -34.8633 -12.7548
-36.1645 -8.8535 -24.5300 -40.9570 16.7196 -27.7558 -46.7898 33.9994 -31.3059 -48.1304 -11.9851 -34.8543 -10.9120 -24.5492 -41.5965 19.2062 -27.5862 -46.9669 34.6750 -33.3932 -42.9806 -19.2044 -36.1075 -0.3202 -25.9735 -43.6915 25.3960 -28.9188 -48.6072 27.5145 -38.6849 -6.0243 -24.8451 -34.6884 4.9953 -26.5634 -45.0855 36.2485 -40.3776 -27.9632 -18.1775 -40.0274 34.1337 -45.9039 -15.8282 -47.5056 -23.7977 -41.0572 -36.6103 34.7100 -48.9865 -24.8797 -17.9981 -48.5885 -26.4123 -29.3298 -33.4123 20.3660 -39.5501 35.1020 -43.1029 20.9246 -43.6730 17.4208 -45.8435 -26.7097 0.2299 -29.7469 -33.2037 0.0661 -35.0384 24.3631 -48.6711 -29.0040 25.3869 -43.6917 -25.9735 -0.3202 -36.1081 -19.2044 -42.9806 -33.3932 34.6750 -46.9669 -27.5862 19.2062 -41.5965 -24.5492 -10.9120 -34.8543 -11.9851 -48.1304 -31.3059 33.9994 -46.7898 -27.7558 16.7196 -40.9570 -24.5300 -8.8535 -36.1645
-9.0630 -24.7412 -41.1831 17.3547 -27.8842 -46.9917 34.3580 -31.3877 -47.9530 -12.6003 -35.0611 -9.4928 -24.6288 -41.6118 19.2062 -27.5514 -46.8826 34.5116 -33.6073 -42.3548 -19.6082 -35.8185 -2.2149 -25.9062 -43.7068 25.4273 -28.7893 -48.5476 29.4630 -38.5568 24.8387 -43.2443 -20.1857 -49.2774 -19.9163 -44.0054 36.1339 -45.0555 -18.0422 -39.0408 -34.3698 13.8901 -38.6037 26.8824 -40.6407 32.5433 -46.8702 -28.6076 11.4211 -42.3595 -19.5130 -21.9993 -38.2639 34.4943 -42.7528 -17.9820 -49.1047 -29.3048 -4.5825 -34.5079 13.7041 -36.6418 18.1552 -37.4514 28.9689 -42.5581 -10.7166 -45.5817 23.5311 -38.1289 3.4623 -34.5479 25.3873 -48.5740 -28.8346 25.4256 -43.7066 -25.9060 -2.2115 -35.8199 -19.6082 -42.3548 -33.6073 34.5116 -46.8826 -27.5514 19.2062 -41.6118 -24.6288 -9.4928 -35.0611 -12.6003 -47.9530 -31.3877 34.3580 -46.9917 -27.8842 17.3547 -41.1831 -24.7412 -9.0630
-22.9894 -41.4106 17.9969 -28.0130 -47.1872 34.6080 -31.4841 -47.7120 -13.3415 -35.3215 -7.5285 -24.7701 -41.6589 19.2598 -27.5862 -46.8826 34.4490 -33.7293 -41.7718 -20.0040 -35.5931 -3.9039 -25.8551 -43.8203 25.7984 -28.6002 -48.5085 29.9344 -37.0460 13.3201 -39.3231 25.2086 -41.8191 35.0531 -40.4589 27.8767 -42.1018 34.9191 -47.3886 -24.6135 -42.0666 -31.3037 -11.3480 -35.1890 14.7128 -39.5879 0.3436 -48.0569 -34.3726 27.8338 -45.8259 -25.9707 -16.4764 -33.6620 15.4576 -38.0950 29.7570 -45.7965 -21.2791 -49.0947 -27.4362 -41.0110 -30.4018 -27.5662 -32.8233 13.1233 -37.3388 21.7316 -37.8828 3.1711 -33.9605 -23.6287 -32.5975 26.2964 -48.4741 -28.6243 25.7406 -43.8000 -25.8516 -3.8906 -35.5949 -20.0026 -41.7718 -33.7293 34.4490 -46.8826 -27.5862 19.2598 -41.6589 -24.7701 -7.5285 -35.3215 -13.3415 -47.7120 -31.4841 34.6080 -47.1872 -28.0130 17.9969 -41.4106 -22.9894
-41.9371 18.6454 -28.1405 -47.3767 34.7238 -31.5884 -47.4090 -14.1071 -35.6037 -5.4127 -24.9440 -41.7422 19.3885 -27.6854 -46.9669 34.5116 -33.7293 -41.5220 -20.2443 -35.4525 -5.1595 -25.8337 -43.9874 25.4708 -29.4643 -47.9605 29.2703 -34.1201 -2.1107 -35.4758 4.0600 -36.4685 11.1650 -36.0696 10.0116 -38.1021 20.8416 -41.6360 35.6648 -45.5212 -15.0552 -48.3692 -25.0879 -44.4089 -33.3333 17.7393 -42.1572 -20.8376 -32.4215 -36.4340 31.5796 -44.4304 -19.2308 -49.2089 -28.2821 -10.6159 -34.3418 22.9448 -40.1013 31.5394 -44.1594 -9.5638 -46.5471 -18.6544 -48.9176 -26.7728 -35.0049 -31.4282 -29.2567 -30.0951 -47.3198 -26.2592 -42.5478 -31.6667 27.9854 -48.3789 -28.3670 26.3668 -43.9605 -25.8251 -5.1227 -35.4542 -20.2430 -41.5220 -33.7293 34.5116 -46.9669 -27.6854 19.3885 -41.7422 -24.9440 -5.4127 -35.6037 -14.1071 -47.4090 -31.5884 34.7238 -47.3767 -28.1405 18.6454 -41.9371
19.3989 -28.1554 -47.5561 34.6866 -31.6987 -47.0411 -14.8534 -35.8824 -3.3756 -25.1246 -41.8670 19.6243 -27.8353 -47.1214 34.6750 -33.6073 -41.7718 -20.2443 -35.4041 -5.7999 -25.8124 -44.0654 26.2507 -32.9456 -47.1845 -8.7935 -30.3217 -38.4095 -28.7194 -44.9219 -29.5123 -41.4251 -29.6468 -41.8437 -31.4368 -8.9767 -36.5018 14.2891 -39.2121 27.2083 -40.9877 34.7741 -44.9800 -20.2762 -45.2416 -34.4512 26.3483 -44.7173 -24.1588 -31.2634 -34.6091 20.0765 -39.4323 33.9942 -44.5281 -21.0030 -48.3291 -30.0462 0.8955 -34.9493 17.8242 -37.7938 27.1411 -39.9894 35.3170 -43.3376 -12.3510 -47.5680 -18.6932 -47.7811 -10.3995 -44.3584 -19.5961 -44.2465 -31.5106 29.4640 -48.2798 -28.0675 27.1878 -44.1354 -25.8190 -5.7790 -35.4055 -20.2430 -41.7718 -33.6073 34.6750 -47.1214 -27.8353 19.6243 -41.8670 -25.1246 -3.3756 -35.8824 -14.8534 -47.0411 -31.6987 34.6866 -47.5561 -28.1554 19.3989
-27.1988 -47.7250 34.4761 -31.8104 -46.6047 -15.5708 -36.1400 -1.5791 -25.2942 -42.0240 19.9737 -28.0173 -47.3290 34.8487 -33.3932 -42.3548 -20.0039 -35.4528 -5.7958 -25.7849 -43.8627 26.3197 -37.6474 16.9191 -48.5246 -23.2383 -48.5277 -19.4064 -46.2417 -14.1165 -47.4383 -17.0524 -47.2162 -19.3699 -48.6182 -27.4297 -37.7972 -32.7117 -3.6114 -35.4674 11.9033 -38.4828 30.2502 -43.6326 -21.2119 -38.4727 -35.4578 29.0446 -44.1348 -20.4016 -48.0535 -30.1251 -3.4864 -34.4690 20.0894 -39.2147 18.7629 -46.4631 -22.6349 -48.3015 -28.9627 -26.7927 -32.6565 0.9973 -34.9373 16.2601 -38.4126 31.9189 -41.1806 33.3929 -40.6497 28.2146 -40.0264 -17.9467 -44.9549 -31.4070 30.6743 -48.1830 -27.7698 27.8977 -44.2484 -25.8189 -5.7790 -35.4542 -20.0026 -42.3548 -33.3932 34.8487 -47.3290 -28.0173 19.9737 -42.0240 -25.2942 -1.5791 -36.1400 -15.5708 -46.6047 -31.8104 34.4761 -47.7250 -27.1988
-47.6663 34.0354 -31.9219 -46.0926 -16.2489 -36.3759 -0.0509 -25.4422 -42.2045 20.4159 -28.2130 -47.5596 34.8880 -33.1439 -42.9806 -19.6082 -35.5943 -5.1485 -25.7871 -43.1195 28.9100 -37.3611 18.0701 -43.4491 12.0143 -45.9748 23.2459 -40.1307 32.1460 -41.6810 35.8721 -42.7015 11.9099 -44.4181 -1.6281 -46.8975 -20.3628 -48.9643 -26.3520 -45.6035 -31.1269 -4.9894 -36.9286 27.4129 -43.8597 -22.4844 -37.9922 -34.3808 21.9955 -40.5475 12.3472 -46.4474 -22.0058 -48.7191 -29.5598 -0.0516 -34.9948 25.5968 -40.6096 22.5162 -45.2456 -17.0105 -48.5154 -24.3805 -47.4221 -30.6092 24.1290 -39.3095 18.5122 -37.6839 9.8655 -36.6806 17.0167 -40.1544 -19.8530 -45.3750 -31.4047 31.5989 -48.1101 -27.5748 28.1745 -44.2484 -25.8190 -5.1227 -35.5949 -19.6082 -42.9806 -33.1439 34.8880 -47.5596 -28.2130 20.4159 -42.2045 -25.4422 -0.0509 -36.3759 -16.2489 -46.0926 -31.9219 34.0354 -47.6663
25.6108 -31.6590 -45.5008 -16.8892 -36.5949 1.2807 -25.5679 -42.4029 20.9435 -28.4057 -47.7833 34.6441 -32.9104 -43.4320 -19.2044 -35.8199 -3.8938 -25.8128 -42.2120 22.8064 -40.2856 21.8488 -38.4417 20.4868 -39.3098 22.3112 -37.1499 13.3255 -38.7721 26.2368 -41.3286 8.8392 -47.1917 -19.3364 -43.5804 34.8882 -43.4929 17.0931 -45.5425 -14.9977 -48.6129 -27.5617 -26.2115 -35.7888 26.3007 -43.2285 -19.8104 -47.2041 -31.2381 7.6744 -36.0998 26.0181 -40.2684 23.5069 -45.8733 -22.9715 -46.3418 -31.1339 7.4545 -37.4477 23.6583 -39.5678 33.7926 -41.9400 29.2727 -40.8501 -48.8435 6.1500 -39.2574 5.1451 -33.4936 -25.4195 -34.6559 29.4239 -47.4702 -22.8215 -45.3671 -31.4683 32.0974 -48.0826 -27.5747 27.8977 -44.1354 -25.8251 -3.8906 -35.8199 -19.2044 -43.4320 -32.9104 34.6441 -47.7833 -28.4057 20.9435 -42.4029 -25.5679 1.2807 -36.5949 -16.8892 -45.5008 -31.6590 25.6108
-32.1046 -44.8230 -17.4904 -36.8068 2.4707 -25.6746 -42.6134 21.5273 -28.5836 -47.9862 34.0297 -32.7182 -43.6081 -18.9096 -36.1081 -2.2116 -25.8499 -42.9906 -3.6309 -46.6312 -19.3881 -42.8204 22.4742 -38.2681 10.8435 -36.6104 2.3290 -37.2863 20.1679 -40.8399 4.0772 -48.6611 -29.3010 -16.6550 -7.5793 -40.6867 24.9440 -39.8520 30.1523 -41.7016 24.7816 -46.9352 -24.7588 -37.3990 -34.4424 21.2581 -40.6683 -3.9835 -48.1848 -25.6594 -41.5525 -31.5691 4.2313 -35.2052 25.0781 -40.4676 -9.3340 -48.4533 -30.4470 18.2417 -38.4045 11.6032 -36.9893 11.2661 -35.7323 7.9631 -25.6763 -45.4797 23.8562 -34.6800 -45.2970 -26.1906 -48.2005 -21.4653 -26.0562 -48.7642 -23.1366 -45.5034 -31.4962 32.1005 -48.1101 -27.7698 27.1878 -43.9605 -25.8516 -2.2115 -36.1081 -18.9096 -43.6081 -32.7182 34.0297 -47.9862 -28.5836 21.5273 -42.6134 -25.6746 2.4707 -36.8068 -17.4904 -44.8230 -32.1046
-45.0439 -18.0508 -37.0160 3.5621 -25.7717 -42.8334 22.1540 -28.7465 -48.1629 33.0395 -32.5898 -43.5129 -18.7800 -36.4208 -0.3202 -25.9059 -43.7967 26.5503 -21.3989 -32.3062 -48.0354 6.8131 -40.3644 25.3356 -38.7109 12.1381 -37.5291 18.8261 -40.7024 10.0269 -48.2846 -29.3086 9.2674 -41.5721 -26.8186 4.1513 -35.0976 5.1863 -36.5795 16.6165 -39.7195 35.6285 -45.3398 -21.4998 -45.9915 -32.1708 11.6930 -37.8066 34.1298 -42.9931 -10.2731 -47.7826 -24.1938 -46.1862 -30.6383 3.9953 -33.7903 -1.5272 -20.8436 -45.3752 26.1409 -38.1121 -3.9636 -32.6083 -41.1233 -26.8200 -48.0825 35.4004 -38.3902 -15.3480 -25.6287 -46.7154 -4.1850 -44.2054 11.5912 -27.8604 -47.6433 -21.6313 -45.5304 -31.4706 31.6023 -48.1830 -28.0675 26.3668 -43.8000 -25.9060 -0.3202 -36.4208 -18.7800 -43.5129 -32.5898 33.0395 -48.1629 -28.7465 22.1540 -42.8334 -25.7717 3.5621 -37.0160 -18.0508 -45.0439
-17.9732 -37.2236 4.5586 -25.8696 -43.0577 22.8148 -28.8987 -48.3128 31.7057 -32.5331 -43.1451 -18.8382 -36.7308 1.5299 -25.9735 -43.7071 25.7418 -28.3512 -48.3652 13.5888 -25.7039 -44.8179 4.9603 -44.2745 35.5546 -40.1771 24.8181 -40.7947 9.4041 -48.3778 -28.4151 -20.2312 -37.2069 34.5867 -49.3697 -25.3083 -47.7460 -28.4576 -38.3907 -33.0526 7.4266 -38.5455 30.3693 -43.1805 -14.1919 -49.0106 -28.8070 -14.1696 -34.5856 15.8228 -37.9320 31.8405 -41.4601 1.9014 -46.7175 -22.2392 -49.0950 -23.6846 -47.3131 35.4820 -40.7774 10.4982 -33.6333 -46.1465 -23.0637 -47.2362 29.8734 -40.3108 9.5532 -30.7389 -48.5006 16.8250 -41.1932 24.6511 -34.7997 -46.4845 -20.7113 -47.1356 -23.7542 -45.3475 -31.4128 30.6742 -48.2786 -28.3667 25.7406 -43.7066 -25.9735 1.5299 -36.7308 -18.8382 -43.1451 -32.5331 31.7057 -48.3128 -28.8987 22.8148 -43.0577 -25.8696 4.5586 -37.2236 -17.9732
-38.2010 5.4764 -25.9694 -43.2855 23.4958 -29.0421 -48.4421 30.0641 -32.5327 -42.5234 -19.0607 -37.0280 3.1891 -26.0337 -43.6927 25.4274 -28.6203 -48.3557 28.5035 -31.0270 -48.6274 -17.6368 -48.5232 -24.4787 -48.2895 6.2065 -41.8225 17.7047 -48.5204 -29.5857 -4.2029 -36.5437 14.3630 -39.7917 35.0637 -44.2475 -2.8007 -46.5261 -20.2929 -48.5995 -30.1373 -5.7482 -36.7571 21.9740 -40.6933 23.8829 -46.6358 -22.2909 -48.2390 -29.4349 -18.5623 -33.7149 11.0651 -36.2239 27.1913 -40.8384 32.4325 -43.0650 33.7940 -41.7675 19.3094 -36.3827 -34.0413 -25.0815 -47.0794 28.9465 -41.1615 16.2097 -34.1501 -46.8932 -14.8360 -42.5984 23.0698 -36.8884 -28.0055 -27.4305 -48.6221 -27.0407 -47.9719 -24.3972 -45.3231 -31.4017 29.4467 -48.3777 -28.6247 25.4256 -43.6921 -26.0337 3.1891 -37.0280 -19.0607 -42.5234 -32.5327 30.0641 -48.4421 -29.0421 23.4958 -43.2855 -25.9694 5.4764 -38.2010
5.7394 -26.0719 -43.5143 24.1943 -29.1812 -48.5524 28.0961 -32.5672 -41.6974 -19.3839 -37.3083 4.6198 -26.0956 -43.7420 25.3925 -28.8180 -48.5033 28.0632 -31.3266 -46.6097 -17.5922 -49.2024 -33.1016 -1.4668 -29.9848 -48.6977 -11.1699 -47.0262 -27.9071 3.8870 -38.8361 27.5271 -40.3125 28.1350 -39.4226 23.3570 -39.5726 33.2630 -42.6972 -4.5856 -48.3190 -26.9006 -34.4361 -33.9895 12.1439 -38.5297 30.9495 -42.0816 7.9022 -46.4361 -20.6225 -49.1561 -27.3446 -36.7264 -32.3513 9.7974 -35.4279 8.1903 -45.2670 35.8780 -39.4106 2.8434 -30.2413 -48.5416 5.7431 -41.9899 20.8813 -36.4520 -33.1641 -23.7810 -45.6451 31.9700 -38.3168 -6.2509 -30.3884 -47.0084 -32.0717 7.3485 -30.9576 -49.1717 -21.1294 -45.0487 -31.4717 27.9002 -48.4961 -28.8252 25.3893 -43.7426 -26.0956 4.6198 -37.3083 -19.3839 -41.6974 -32.5672 28.0961 -48.5524 -29.1812 24.1943 -43.5143 -26.0719 5.7394
-24.4576 -43.7432 24.9030 -29.3198 -48.6455 25.7942 -32.6205 -40.6957 -19.7568 -37.5715 5.8381 -26.1702 -43.8464 25.5915 -28.9309 -48.5800 28.2419 -32.5628 -43.6186 -18.0506 -40.8417 30.6741 30.5956 -39.3724 6.5793 -30.0464 -48.6191 -23.3199 -33.4295 -37.3717 22.1503 -46.0284 -9.1932 -45.8227 21.3195 -36.1593 6.7867 -36.9148 20.4405 -40.2688 32.3237 -46.3557 -21.4590 -47.9160 -30.4646 -7.5851 -35.4546 15.1555 -38.2071 29.2175 -41.2911 30.8814 -44.5284 -14.9086 -48.4426 -22.4003 -49.1050 6.4326 -26.4173 -46.4150 27.4572 -35.7450 -44.0824 -18.4792 -43.8769 27.7735 -38.1473 -8.7451 -28.2847 -47.9015 32.5611 -40.1945 8.2853 -32.6349 -46.5646 -31.5313 12.1758 -41.7211 -11.6815 31.7940 -40.3830 -18.0642 -44.2639 -32.2259 27.6611 -48.6005 -28.9556 25.5788 -43.8477 -26.1702 5.8381 -37.5715 -19.7568 -40.6957 -32.6205 25.7942 -48.6455 -29.3198 24.9030 -43.7432 -24.4576
-44.0544 25.6179 -29.4551 -48.7220 23.1401 -32.6855 -39.5212 -20.1476 -37.8195 6.8920 -26.2508 -43.9885 25.9544 -29.0661 -48.2889 28.8579 -35.3718 -23.9048 -24.9589 -43.1767 25.6642 -35.9850 -49.5939 28.0760 -38.4757 -1.9803 -29.4889 -48.6767 -30.1943 17.0666 -49.6597 -27.4085 -45.1511 -25.2978 -27.8261 -42.4847 -29.7902 -33.7036 -33.8672 11.3512 -39.0133 32.3729 -43.1256 -7.0408 -48.1197 -24.7776 -46.1088 -30.6783 -11.9820 -34.4502 10.1409 -36.7657 21.2730 -39.1967 32.9748 -41.6655 32.6544 -34.7798 -46.4650 -5.3297 -39.9987 4.4019 -27.9478 -47.1395 35.9140 -39.6974 5.8401 -31.2651 -48.7609 -2.5833 -41.7063 17.6734 -35.5232 -38.3074 -30.7715 -16.2244 -37.9586 28.2312 -49.0265 -34.9624 21.0522 -41.8104 -23.3115 -30.8772 -34.8012 28.8028 -48.4829 -29.0574 25.9365 -43.9892 -26.2508 6.8920 -37.8195 -20.1476 -39.5212 -32.6855 23.1401 -48.7220 -29.4551 25.6179 -44.0544
26.3027 -29.4024 -48.7776 20.1110 -32.7545 -38.1731 -20.5423 -38.0572 7.8216 -26.3366 -44.1479 26.4000 -29.2425 -48.1864 5.8819 -38.9344 14.2768 -33.3923 -48.9517 16.5692 -39.1330 2.0376 -25.4122 -44.5263 29.2914 -37.6335 -13.1129 -28.8490 -48.6667 -24.9863 -39.7613 10.1940 -35.9644 26.3740 -48.2601 -17.2738 -47.7502 -22.8324 -47.4126 -31.6229 1.1089 -37.4766 21.4452 -40.3482 35.6508 -44.2090 -10.2406 -47.8775 -23.0011 -48.6666 -28.0212 -38.4557 -31.8019 -5.2206 -34.1549 5.8597 -33.2598 -38.8399 -21.5788 -43.6587 21.2012 -33.7001 -48.4083 -4.6810 -41.3281 15.2415 -33.8971 -46.9336 -17.0260 -43.4940 26.1262 -37.8950 -3.0740 -33.6606 -30.8448 -35.1577 19.4607 -43.6554 -23.8868 -11.2070 -37.9665 34.3741 -48.7878 -32.3492 12.2757 -38.5253 17.7572 -48.3547 -29.2092 26.3871 -44.1480 -26.3366 7.8216 -38.0572 -20.5423 -38.1731 -32.7545 20.1110 -48.7776 -29.4024 26.3027
-28.8466 -48.8112 16.8037 -32.8213 -36.6541 -20.9324 -38.2888 8.6658 -26.4291 -44.3245 26.8997 -29.3797 -48.2472 -21.3230 -46.3936 31.6530 -40.1680 4.7431 -26.9197 -45.0070 23.5238 -33.8654 -48.6231 -11.6222 -42.7942 27.0385 -37.0024 -27.5123 -25.3611 -47.4508 32.9862 -37.4159 4.4914 -39.0545 34.7618 -42.9244 32.6383 -45.2997 -18.0447 -48.6382 -30.3871 -16.9075 -35.8047 11.7081 -38.6575 23.9575 -40.3498 35.1378 -42.8630 13.9941 -45.5198 -15.5287 -48.1821 -22.5753 -49.1828 -24.4174 -49.1815 -17.9863 -44.4296 29.3730 -36.7323 -34.0967 -21.7617 -44.0895 25.8478 -36.6937 -33.8222 -23.5856 -45.7400 33.9206 -39.4472 11.9133 -37.2623 7.0804 -36.1514 7.3093 -38.9838 31.3035 -48.9247 -32.7039 18.3871 -43.5660 -25.1695 2.5217 -40.1539 34.9645 -44.1911 13.3982 -48.5837 -29.4076 26.8952 -44.3245 -26.4291 8.6658 -38.2888 -20.9324 -36.6541 -32.8213 16.8037 -48.8112 -28.8466
-48.6222 13.2303 -32.8836 -34.9553 -21.3117 -38.5144 9.4523 -26.5271 -44.5183 27.4601 -29.5593 -48.5250 -20.4661 -8.7252 -29.1616 -48.1948 34.3130 -36.1479 -45.8405 -1.2609 -38.0845 -11.9082 -28.8022 -48.6726 -14.0479 -43.5496 25.5686 -34.9782 -46.4944 -13.3087 -40.5426 9.2637 -35.0778 5.2949 -38.7373 22.2725 -41.1238 36.0806 -45.6568 -18.2206 -48.6114 -29.6331 -31.4502 -34.3598 0.0266 -36.4789 10.2315 -37.5620 17.6337 -38.5013 26.1797 -40.3052 34.5616 -42.3203 32.1651 -43.4490 33.3071 -41.6154 25.3917 -37.5116 -12.7570 -27.0742 -46.9254 35.6748 -39.0573 -1.1339 -28.6986 -47.7998 32.5333 -40.7141 20.2489 -39.5018 25.9457 -39.7235 20.4624 -38.8105 24.5842 -43.3286 -23.2493 -18.2414 -37.7393 11.8213 -47.5586 -35.8491 35.4516 -48.5060 -21.1923 -39.5772 18.4453 -48.8046 -29.5911 27.4600 -44.5183 -26.5271 9.4523 -38.5144 -21.3117 -34.9553 -32.8836 13.2303 -48.6222
-1.3840 -32.6360 -33.0820 -21.6792 -38.7375 10.1901 -26.6295 -44.7224 28.0793 -29.7595 -48.8585 17.2217 -31.5098 -38.1343 -4.2025 -22.3090 -42.5350 10.8054 -26.6854 -44.0898 18.2111 -34.6717 -24.4052 -30.6872 -47.7892 -16.7125 -42.1210 16.3649 -30.6940 -47.6373 33.1270 -36.1878 -32.2870 -32.9553 -0.3360 -37.7397 19.8885 -42.0290 31.4812 -46.8157 -20.4279 -48.3519 -28.8832 -39.6175 -32.3282 -27.9644 -33.1775 -19.9388 -33.6190 -6.0838 -34.8714 7.2350 -37.0704 15.7780 -38.6421 20.1370 -38.9283 15.5192 -37.0226 -9.8427 -29.6515 -48.4961 16.1604 -40.9363 13.0487 -33.0899 -48.5911 -8.1440 -42.0479 27.1227 -40.6426 32.6510 -45.2439 1.3021 -42.3734 28.4200 -40.7154 5.2325 -48.7553 -33.6565 22.4247 -44.0180 -26.9374 12.5501 -43.5131 -22.2387 -39.4937 12.2966 -31.4158 14.3826 -48.8246 -29.7579 28.0793 -44.7224 -26.6295 10.1901 -38.7375 -21.6792 -33.0820 -32.6360 -1.3840
-33.8617 -31.0349 -22.0319 -38.9615 10.8973 -26.7352 -44.9328 28.7319 -29.9245 -48.8253 10.8388 -33.2442 -32.7979 30.4542 -33.6969 -49.0453 34.5011 -34.1743 -49.1981 32.8781 -36.6575 -3.1918 -37.6296 9.9173 -32.6916 -48.2929 -0.0835 -38.7230 -10.4770 -21.3209 -41.4848 8.9802 -30.7191 -47.0628 -31.7322 -1.4720 -38.4434 25.5618 -43.3316 11.9621 -47.4547 -21.4299 -48.4474 -27.2001 -45.9522 -28.5815 -46.3710 -27.6556 -47.8528 -27.5136 -46.0299 -31.0220 -20.6445 -35.5336 5.1635 -37.4777 7.6156 -36.7672 -8.4511 -31.7259 -48.4217 -14.8984 -43.5635 25.1946 -36.9088 -32.0756 -23.6426 -44.7563 34.9871 -41.0950 7.5893 -48.7704 -26.1599 -46.5994 -15.3957 -42.6139 36.0821 -46.7360 -28.6865 6.3657 -39.4220 -5.9506 -47.2540 -35.0959 34.0561 -49.2293 -31.9675 -2.4851 -34.8106 -32.9845 10.9179 -48.8265 -29.9245 28.7319 -44.9328 -26.7352 10.8973 -38.9615 -22.0319 -31.0349 -33.8617
-31.5208 -22.3607 -39.1836 11.5890 -26.8440 -45.1465 29.4021 -30.0834 -48.7895 7.0107 -33.1258 -31.0488 -22.5806 -38.5952 -19.8532 -16.9497 -38.4289 -15.0563 -19.7618 -39.6487 3.8512 -34.2094 33.7020 -41.0410 12.9035 -30.2655 -47.3687 30.5501 -33.7788 -49.1340 35.2912 -35.4709 -45.2787 -24.5583 -47.6659 -32.6013 7.0077 -39.7827 31.3425 -44.0402 1.3963 -47.5080 -19.9929 -48.7659 -23.4980 -48.7586 -22.2317 -48.3941 -18.1276 -47.6487 -21.0970 -48.5082 -30.2732 -24.0199 -35.6149 0.7420 -36.6562 -4.5719 -33.6475 -43.2549 -23.4178 -46.6502 35.9632 -40.2253 8.9387 -32.2281 -48.7460 2.1415 -41.7506 20.9571 -48.6713 -30.3241 6.0047 -33.9890 -49.6420 25.6087 -43.3148 -21.9041 -25.7750 -37.6284 35.7049 -47.4567 -29.6517 8.2269 -40.2209 -20.3647 -3.5670 -40.2368 -21.8755 -30.9037 -33.1385 7.0178 -48.7895 -30.0834 29.4021 -45.1465 -26.8440 11.5890 -39.1836 -22.3607 -31.5208
-21.0681 -39.4036 12.2594 -26.9556 -45.3622 30.0767 -30.2369 -48.7577 3.3829 -33.1836 -28.2461 -22.4211 -39.5396 10.0036 -25.4647 -41.9920 13.4300 -27.2502 -44.1716 19.0263 -30.2453 -47.8969 -47.6775 20.3711 -39.2763 -11.3186 -20.5265 -40.9717 3.4426 -23.3584 -42.0078 9.2889 -27.7378 -47.7974 -22.7137 -44.0059 -34.3645 12.4526 -40.6539 33.5395 -44.1147 8.8170 -46.9073 -14.1189 -47.7938 -15.0940 -47.1742 -4.9299 -45.2439 8.0820 -46.4590 -20.9307 -47.2608 -31.4600 -18.4564 -35.3726 -7.1950 -34.4037 -34.0524 -27.7333 -48.5758 -1.6299 -42.7812 24.9225 -38.0745 -11.6981 -26.2720 -45.8975 16.8360 -46.6466 -27.6551 6.8123 -40.0057 20.7393 31.6727 -40.8463 5.6278 -48.5159 -34.1796 26.8822 -45.4320 -26.1365 -12.3795 -37.6493 30.4994 -43.4282 -26.2732 14.8125 -39.5076 -22.4263 -28.2356 -33.1832 3.3830 -48.7577 -30.2369 30.0767 -45.3622 -26.9556 12.2594 -39.4036 -21.0681
-40.1340 12.9116 -27.0693 -45.5793 30.7481 -30.3844 -48.7587 0.2192 -33.2978 -25.5030 -22.7796 -39.4249 12.5717 -26.9900 -44.4079 23.8686 -30.6900 -47.8283 33.9615 -33.3080 -48.7597 -7.2635 -27.7984 -48.2938 30.2043 -33.2396 -48.7683 33.7464 -34.0179 -49.2000 35.2168 -34.8669 -48.0525 -15.0562 -46.9641 -25.2022 -34.9538 -35.5812 14.5011 -40.7333 32.0505 -43.5681 31.4600 -45.2746 16.6183 -45.3586 28.2086 -43.9485 36.1319 -43.1413 21.0255 -47.4614 -23.5292 -45.3188 -31.4629 -27.4533 -33.0372 -34.3188 -29.1486 -48.5696 -17.1742 -44.9981 35.5632 -41.4064 27.1565 -35.7543 -45.0235 -19.0090 -46.6214 -22.7897 -35.2887 -36.8395 24.0419 -48.2378 -36.8364 30.7789 -45.8647 -28.4907 11.6343 -41.5746 -19.9073 -32.8460 -36.9804 30.6818 -43.5472 2.2456 -44.1695 -26.6860 13.2306 -39.5733 -22.7774 -25.6720 -33.2882 0.2195 -48.7587 -30.3844 30.7481 -45.5793 -27.0693 12.9116 -40.1340
13.4547 -27.1297 -45.7953 31.4077 -30.5269 -48.7544 -2.4934 -33.5389 -22.8384 -23.0481 -39.6570 13.8087 -30.2278 -46.8314 34.6530 -35.0855 -47.1835 -3.0464 -36.7973 -28.2241 -18.7247 -39.1293 -7.7544 -18.9832 -39.8082 -6.4448 -20.5071 -40.4613 0.0400 -22.2307 -41.2366 5.6205 -25.3037 -44.8510 1.3156 -47.8763 -27.2331 -28.2028 -35.7602 13.1352 -39.9882 26.3331 -42.1616 33.6398 -42.8585 33.9826 -42.3104 28.9373 -41.2138 29.3592 -42.8271 9.1548 -47.9856 -23.6539 -47.0966 -28.7299 -44.4884 -27.5366 -48.5805 -19.8350 -46.6059 -9.2434 -45.3506 -2.1169 -45.5775 14.4415 -28.4416 -48.6897 -25.1434 -47.1804 -33.0399 18.7368 -44.0592 -26.6271 9.2575 -40.5343 -16.3891 -34.8051 -37.1798 24.4141 -48.9906 -33.8510 26.8822 -45.3696 -21.8482 -48.5093 9.9882 -44.7316 -26.8615 13.3947 -39.6995 -23.0858 -23.1438 -33.5279 -2.4883 -48.7544 -30.5269 31.4077 -45.7953 -27.1297 13.4547
-25.8570 -46.0088 32.0411 -30.6675 -48.7201 -4.7786 -33.8203 -20.3486 -23.3083 -41.3493 24.2788 -35.9209 -43.0535 -15.8292 -40.3904 5.3291 -25.6300 -42.6677 15.0715 -28.7404 -44.9434 23.0296 -30.7432 -46.5187 25.7705 -31.6673 -47.4521 28.9501 -32.6427 -48.3297 32.4766 -33.7916 -48.8721 12.7094 -42.9086 -3.8348 -48.3944 -27.7225 -31.3876 -34.8825 8.1979 -38.5031 17.5572 -39.9001 20.8678 -39.9590 18.4303 -39.0007 15.0247 -39.3655 27.0608 -42.9001 10.2611 -47.6062 -19.6746 -48.7199 -22.1181 -48.5223 -16.9023 -46.6277 -18.4437 -48.7483 -25.5638 -48.2391 -25.2376 -22.2185 -48.6326 -26.6845 -24.3870 -33.5394 -1.5508 -38.1065 16.0599 -48.3163 -35.1459 33.2615 -48.0311 -31.8190 22.1896 -45.0298 -27.6384 11.3225 -41.9777 -20.5877 -32.0447 -31.8350 -32.4372 30.4658 -45.5102 -27.0363 13.7760 -39.8794 -23.3688 -20.5978 -33.8165 -4.7743 -48.7201 -30.6675 32.0411 -46.0088 -25.8570
-46.1198 32.6276 -30.8021 -48.6532 -6.7051 -34.0989 -17.9596 -23.5911 -41.6167 36.0738 -42.5345 17.0388 -31.9862 -48.4711 33.9726 -34.5938 -49.2010 33.1720 -35.2040 -48.0213 18.0354 -35.9609 -43.6322 -4.9601 -36.8148 -36.2968 -12.8306 -38.0147 -24.4479 -17.3431 -39.3662 -7.0274 -22.0141 -43.1746 35.6047 -43.8022 -7.7383 -48.4047 -26.6792 -40.5235 -33.1602 -3.9256 -36.2904 6.7811 -37.2747 7.4172 -36.8350 2.2447 -36.1257 6.6766 -38.6615 25.3372 -42.4055 32.0252 -45.4781 -0.8703 -46.0208 3.0621 -44.9254 -12.1840 -48.3452 -32.2780 -6.2662 -34.3772 16.2299 -45.3289 -16.8876 -46.0545 -37.3088 11.9625 -37.3218 21.1864 -43.7186 -25.9341 7.1641 -41.2260 -20.6717 -12.4191 -38.8065 -11.1326 -40.9174 -36.6864 27.9827 -49.0065 -33.8571 33.1706 -45.1421 -32.7202 30.8568 -45.7196 -27.2005 14.3350 -40.0890 -23.6351 -18.0233 -34.1006 -6.7051 -48.6532 -30.8021 32.6276 -46.1198
31.3333 -30.6563 -48.5520 -8.3684 -34.3802 -15.4720 -23.8786 -40.7148 33.5295 -47.0213 33.4658 -40.2513 -4.7195 -21.5770 -41.2736 4.3116 -23.2559 -41.5972 6.9555 -24.3465 -41.9504 10.2955 -26.0377 -42.9198 14.4297 -27.7482 -44.2844 18.5994 -29.5423 -45.6020 23.9043 -31.8401 -47.9244 35.8723 -41.5621 34.5391 -44.1739 -6.4623 -48.0135 -24.4290 -46.6254 -30.9072 -29.4100 -34.5098 -10.8944 -35.3924 -13.4538 -34.6457 -23.7891 -34.8871 1.8485 -37.9988 19.8878 -40.8718 31.7705 -42.1733 34.8597 -42.2581 35.6875 -46.9089 -24.7036 27.8972 -38.8668 8.4411 -37.4832 25.2885 -40.9433 26.9592 31.1387 -40.9598 16.6666 -39.2196 19.6253 -48.7163 -34.8244 34.3807 -48.6355 -32.9191 26.6378 -46.4001 -29.8660 17.6103 -44.1266 -25.8390 8.9213 -41.7506 -25.7428 -41.1238 -35.2221 33.3860 -45.8218 -27.5169 14.9688 -40.3095 -23.8892 -15.4619 -34.3816 -8.3684 -48.5520 -30.6563 31.3333
-30.5790 -48.4151 -9.7960 -34.6606 -12.9471 -24.1292 -40.5511 16.7797 -23.0785 -18.8712 -46.2287 27.8151 -33.2890 -48.6120 32.2976 -32.9359 -48.5837 32.4910 -32.8568 -48.6746 33.5396 -33.3960 -49.1061 35.1910 -34.4140 -49.0745 30.2985 -35.4758 -46.5570 3.8489 -36.8468 -33.8623 -16.8088 -41.5368 24.4018 -41.4330 34.6944 -44.0899 -1.4468 -47.4449 -22.5494 -47.8762 -31.0195 -21.8883 -35.1938 -6.7286 -35.5958 -9.5283 -34.9661 -11.6184 -35.7119 1.8709 -37.1933 13.6580 -38.9178 18.9152 -39.6384 20.6480 -40.0264 29.3300 -38.6557 -49.8013 32.1421 -38.4062 2.9326 -35.9280 6.8736 -32.3907 -49.0475 35.3398 -39.7088 25.0943 -43.8019 -25.2531 5.5366 -41.0406 -20.6526 -11.0683 -39.0045 -12.3954 -39.3283 -36.9301 26.7831 -48.8669 -33.1865 32.1503 -39.4122 -33.2811 9.8224 -39.7997 27.9582 -46.8914 -27.8275 15.5881 -40.5348 -24.1318 -12.9471 -34.6606 -9.7960 -48.4151 -30.5790
-48.4781 -11.0501 -34.9354 -10.5303 -24.3635 -40.7651 16.1985 -27.4255 -43.9744 -38.4856 -13.8235 -39.3760 -15.0454 -17.6710 -38.5196 -21.8513 -16.6352 -38.1105 -24.7401 -16.5759 -38.3811 -18.4639 -18.7966 -39.4442 -4.1548 -22.0200 -40.9012 6.6569 -25.3956 -42.8260 15.7894 -29.7878 -46.4935 32.8457 -39.5824 20.2663 -41.4528 34.6216 -43.9772 -1.0752 -47.7440 -25.1008 -37.8384 -35.0267 4.5965 -36.0100 3.1340 -37.2186 11.7822 -37.5802 10.6736 -36.2755 1.7909 -37.4684 17.3844 -38.1615 16.9949 -37.7067 18.1946 -37.5115 5.1524 -24.2090 -44.3979 19.8677 -34.9001 -37.3521 -28.9545 -48.3057 -8.3805 -41.4177 21.0120 -40.2241 21.5115 -49.0032 -34.2836 32.0525 -47.9722 -31.9255 23.2390 -45.4241 -27.9749 10.8534 -41.2812 -14.8025 -48.3196 -18.6104 -36.6712 7.5555 -39.0393 35.8391 -46.7370 -16.8251 -46.7750 -27.8409 16.1831 -40.7651 -24.3635 -10.5303 -34.9354 -11.0501 -48.4781
-13.6087 -35.2037 -8.2730 -24.5836 -40.9975 16.8124 -27.7928 -46.8105 32.6539 -27.5649 -45.8686 21.0171 -28.6786 -44.8607 18.4971 -28.1233 -44.2908 17.2569 -28.0259 -44.3126 18.1786 -29.0177 -45.2745 22.2234 -30.9594 -47.0313 29.4871 -33.5372 -49.1034 34.4376 -36.3492 -42.2599 -13.7854 -40.8661 16.9451 -38.7461 19.4909 -41.4909 35.2526 -44.5787 -11.7796 -48.7660 -28.1489 -82.4815 47.9363 -72.8749 36.7865 -13.7144 -0.7476 12.1298 -99.3123 -100.3411 14.0272 -102.7793 -109.3478 -46.2288 13.5610 -9.0536 31.7924 -7.5793 -29.5753 -48.2503 35.0957 -38.3471 -14.9758 -27.2622 -47.9069 -7.9602 -42.1675 24.5535 -39.7383 28.1302 -44.0213 -24.1032 -2.1608 -39.6575 -15.8628 -33.6466 -37.3524 21.3614 -48.9397 -33.4410 21.0936 -42.2435 7.9598 -45.3730 22.2899 -37.9996 25.8864 -45.5492 -21.9400 -47.3744 -13.3003 -46.1038 -27.8377 16.8099 -40.9975 -24.5836 -8.2730 -35.2037 -13.6087
-36.4588 -6.2047 -24.7895 -41.2315 17.4709 -27.9303 -47.0548 34.3893 -31.4565 -49.1853 31.5369 -32.8750 -49.2360 33.5803 -33.0776 -49.2472 34.5407 -33.4791 -49.2323 33.9147 -34.6082 -48.5986 22.0580 -35.9795 -43.0627 -9.5977 -38.4013 -12.0282 -22.1174 -42.0801 13.2260 -29.8106 -47.0255 33.8776 -38.5945 9.7899 -38.4576 20.0058 -41.8081 35.9239 -45.8717 -17.5345 -48.7357 2.6970 24.6811 -104.5025 -3.9394 42.5945 23.2424 61.0317 -53.0886 34.4244 -65.2366 -99.0310 117.9711 8.6196 -79.6042 14.0600 -49.6291 -28.6180 -48.7218 -11.1764 -41.8557 15.4322 -32.1762 -48.6821 -0.4325 -41.7021 25.4388 -39.4795 20.7129 -41.4745 19.1408 -48.8698 -32.9125 23.9977 -45.5340 -28.3236 12.0342 -41.6201 -18.7071 -40.8350 -35.1257 18.7192 -40.0829 25.1533 -38.1300 10.8775 -39.8953 -8.4689 -46.8898 -30.6465 -46.2032 21.7662 -46.7540 -27.9338 17.4672 -41.2311 -24.7895 -6.2047 -36.4588
