-27.7329 -48.4312 5.8969 -33.2638 -36.8470 -20.3187 -39.5796 11.5030 -25.4509 -45.5597 30.5006 -30.0900 -48.7484 -11.4806 -35.7808 -12.9117 -22.6933 -41.6122 18.3422 -26.9529 -47.4251 28.0075 -31.8397 -46.0415 -17.3594 -37.9135 4.2089 -24.2536 -43.7240 25.2385 -28.5832 -48.5050 2.4113 -33.4425 -34.6536 -20.6602 -39.8241 12.3780 -25.6295 -45.8104 30.9585 -30.3066 -48.6627 -12.4938 -36.0875 -9.8062 -22.9264 -41.8547 19.3125 -27.8475 -48.7951 -27.8669 19.2126 -41.8633 -22.9276 -9.8119 -36.0875 -12.4938 -48.6627 -30.3066 30.9585 -45.8104 -25.6295 12.3780 -39.8241 -20.6602 -34.6536 -33.4425 2.4113 -48.5050 -28.5832 25.2385 -43.7240 -24.2536 4.2089 -37.9135 -17.3594 -46.0415 -31.8397 28.0075 -47.4251 -26.9529 18.3422 -41.6122 -22.6933 -12.9117 -35.7808 -11.4806 -48.7484 -30.0900 30.5006 -45.5597 -25.4509 11.5030 -39.5796 -20.3187 -36.8470 -33.2638 5.8969 -48.4312 -27.7329
-48.4312 20.8597 -32.3051 -36.2388 -21.3797 -38.7839 11.0326 -26.8211 -45.3938 30.8396 -30.3116 -48.7098 -7.0850 -34.4208 -12.5962 -24.4000 -41.0507 17.6205 -27.9674 -47.4532 34.5878 -31.4966 -45.8575 -17.1410 -36.8961 3.9962 -25.9204 -43.3803 24.4863 -29.2055 -48.7459 18.6395 -32.3482 -34.1999 -21.8192 -39.0563 11.8766 -26.9562 -45.6691 31.6667 -30.4654 -48.6147 -9.0242 -34.7755 -9.5636 -24.6728 -41.3105 18.0019 -27.5319 -46.7065 0.4428 -46.9555 -28.0975 18.4107 -41.3298 -24.6730 -9.5726 -34.7751 -9.0242 -48.6147 -30.4654 31.6667 -45.6691 -26.9562 11.8766 -39.0563 -21.8192 -34.1999 -32.3482 18.6395 -48.7459 -29.2055 24.4863 -43.3803 -25.9204 3.9962 -36.8961 -17.1410 -45.8575 -31.4966 34.5878 -47.4532 -27.9674 17.6205 -41.0507 -24.4000 -12.5962 -34.4208 -7.0850 -48.7098 -30.3116 30.8396 -45.3938 -26.8211 11.0326 -38.7839 -21.3797 -36.2388 -32.3051 20.8597 -48.4312
5.8969 -32.3051 -36.8738 -21.1406 -38.6069 10.4075 -26.7549 -45.1791 30.1701 -30.4283 -48.7493 -5.2471 -34.1317 -15.1549 -24.1689 -40.8243 16.9786 -27.9435 -47.2729 34.7257 -31.7358 -46.4044 -16.5165 -36.6906 2.9722 -25.8121 -43.1508 23.7804 -29.2462 -48.6815 21.8187 -32.7703 -35.9799 -21.4655 -38.8381 11.2098 -26.8886 -45.4514 31.0210 -30.5945 -48.6943 -7.4836 -34.4961 -11.9329 -24.4568 -41.0899 17.0689 -33.1651 -23.0208 5.7040 -33.5006 34.8078 -47.5382 -28.1052 17.7669 -41.1022 -24.4578 -11.9418 -34.4956 -7.4836 -48.6943 -30.5945 31.0210 -45.4514 -26.8886 11.2098 -38.8381 -21.4655 -35.9799 -32.7703 21.8187 -48.6815 -29.2462 23.7804 -43.1508 -25.8121 2.9722 -36.6906 -16.5165 -46.4044 -31.7358 34.7257 -47.2729 -27.9435 16.9786 -40.8243 -24.1689 -15.1549 -34.1317 -5.2471 -48.7493 -30.4283 30.1701 -45.1791 -26.7549 10.4075 -38.6069 -21.1406 -36.8738 -32.3051 5.8969
-33.2638 -36.2388 -21.1406 -38.5362 10.0060 -26.6727 -44.9885 29.5211 -30.3012 -48.7604 -3.1631 -33.8326 -17.8410 -23.9193 -40.5993 16.3415 -27.8178 -47.0832 34.6767 -31.6202 -46.8770 -15.8446 -36.4790 1.8466 -25.7147 -42.9217 23.0822 -29.1117 -48.5977 24.6029 -32.6971 -37.5931 -21.0865 -38.6179 10.5205 -26.7769 -45.2318 30.3440 -30.4589 -48.7424 -5.7100 -34.2107 -14.4523 -24.2275 -40.8786 16.6124 -34.3431 15.7342 -46.2206 -23.7510 -43.8354 -31.8862 34.6990 -47.3170 -27.9781 17.1138 -40.8719 -24.2288 -14.4573 -34.2106 -5.7099 -48.7424 -30.4589 30.3440 -45.2318 -26.7769 10.5205 -38.6179 -21.0865 -37.5931 -32.6971 24.6029 -48.5977 -29.1117 23.0822 -42.9217 -25.7147 1.8466 -36.4790 -15.8446 -46.8770 -31.6202 34.6767 -47.0832 -27.8178 16.3415 -40.5993 -23.9193 -17.8410 -33.8326 -3.1631 -48.7604 -30.3012 29.5211 -44.9885 -26.6727 10.0060 -38.5362 -21.1406 -36.2388 -33.2638
-36.8470 -21.3797 -38.6069 10.0060 -26.6399 -44.8662 29.0183 -30.1929 -48.7480 -0.8598 -33.5357 -20.5520 -23.6532 -40.3765 15.7099 -27.6909 -46.8845 34.4884 -31.5047 -47.2810 -15.1233 -36.2544 0.5985 -25.6124 -42.6939 22.3951 -28.9743 -48.4954 27.0422 -32.6203 -39.0441 -20.6912 -38.3957 9.8048 -26.6672 -45.0116 29.6522 -30.3178 -48.7603 -3.6202 -33.9224 -17.0596 -23.9859 -40.6483 16.3653 -30.3631 -43.2133 -35.0777 25.6058 -40.7024 -16.5720 -47.0812 -31.6319 34.7044 -47.1362 -27.8566 16.4557 -40.6396 -23.9851 -17.0785 -33.9220 -3.6248 -48.7603 -30.3178 29.6522 -45.0116 -26.6672 9.8048 -38.3957 -20.6912 -39.0441 -32.6203 27.0422 -48.4954 -28.9743 22.3951 -42.6939 -25.6124 0.5985 -36.2544 -15.1233 -47.2810 -31.5047 34.4884 -46.8845 -27.6909 15.7099 -40.3765 -23.6532 -20.5520 -33.5357 -0.8598 -48.7480 -30.1929 29.0183 -44.8662 -26.6399 10.0060 -38.6069 -21.3797 -36.8470
-20.3187 -38.7839 10.4075 -26.6727 -44.8662 28.8261 -30.1283 -48.7375 1.3167 -33.2666 -23.0799 -23.3838 -40.1607 15.0892 -27.5646 -46.6805 34.1815 -31.3910 -47.6202 -14.3528 -36.0168 -0.7790 -25.4953 -42.4696 21.7256 -28.8364 -48.3789 29.0962 -32.5421 -40.3324 -20.2829 -38.1746 9.0679 -26.5604 -44.7932 28.9583 -30.1752 -48.7499 -1.1824 -33.6330 -19.6690 -23.7329 -40.4089 15.8692 -27.9430 -47.8100 -24.1872 -35.1161 -35.0045 15.0337 -37.7519 -14.5579 -47.1710 -31.5587 34.5546 -46.9497 -27.7223 15.8552 -40.4280 -23.7204 -19.6243 -33.6357 -1.1879 -48.7499 -30.1752 28.9583 -44.7932 -26.5604 9.0679 -38.1746 -20.2829 -40.3324 -32.5421 29.0962 -48.3789 -28.8364 21.7256 -42.4696 -25.4953 -0.7790 -36.0168 -14.3528 -47.6202 -31.3910 34.1815 -46.6805 -27.5646 15.0892 -40.1607 -23.3838 -23.0799 -33.2666 1.3167 -48.7375 -30.1283 28.8261 -44.8662 -26.6727 10.4075 -38.7839 -20.3187
-39.5796 11.0326 -26.7549 -44.9885 29.0183 -30.1283 -48.7383 2.7085 -33.0993 -25.0908 -23.1352 -39.9657 14.5055 -27.4409 -46.4711 33.7689 -31.2833 -47.9010 -13.5300 -35.7627 -2.3367 -25.3586 -42.2499 21.0762 -28.6947 -48.2470 30.8088 -32.4685 -41.4686 -19.8623 -37.9510 8.2932 -26.4564 -44.5772 28.2689 -30.0279 -48.7635 1.6840 -33.3410 -22.2313 -23.4687 -40.1774 15.1598 -27.5444 -46.2870 20.9187 -46.5930 -25.5416 -36.2262 -34.8960 11.6284 -37.3774 -14.2297 -47.5124 -31.5012 34.1969 -46.6893 -27.3292 17.1051 -40.5410 -23.4259 -22.0197 -33.3497 1.6840 -48.7635 -30.0279 28.2689 -44.5772 -26.4564 8.2932 -37.9510 -19.8623 -41.4686 -32.4685 30.8088 -48.2470 -28.6947 21.0762 -42.2499 -25.3586 -2.3367 -35.7627 -13.5300 -47.9010 -31.2833 33.7689 -46.4711 -27.4409 14.5055 -39.9657 -23.1352 -25.0908 -33.0993 2.7085 -48.7383 -30.1283 29.0183 -44.9885 -26.7549 11.0326 -39.5796
11.5030 -26.8211 -45.1791 29.5211 -30.1929 -48.7375 2.7085 -33.0564 -26.1997 -22.9526 -39.8140 14.0136 -27.3269 -46.2628 33.2766 -31.1836 -48.1272 -12.6656 -35.4879 -4.1380 -25.2021 -42.0397 20.4603 -28.5448 -48.0975 32.2090 -32.4067 -42.4528 -19.4359 -37.7216 7.4601 -26.3556 -44.3650 27.5903 -29.8750 -48.8079 4.9928 -33.1682 -24.7213 -23.1921 -39.9630 14.4598 -27.4857 -46.4075 34.8853 -39.8267 31.3476 -47.9412 -26.3733 -35.0351 -34.5253 8.9832 -36.4457 -14.0840 -47.5757 -31.5047 32.1110 -44.5501 -14.4818 35.3308 -41.5198 -23.1416 -24.4634 -33.1753 4.9856 -48.8079 -29.8750 27.5903 -44.3650 -26.3556 7.4601 -37.7216 -19.4359 -42.4528 -32.4067 32.2090 -48.0975 -28.5448 20.4603 -42.0397 -25.2021 -4.1380 -35.4879 -12.6656 -48.1272 -31.1836 33.2766 -46.2628 -27.3269 14.0136 -39.8140 -22.9526 -26.1997 -33.0564 2.7085 -48.7375 -30.1929 29.5211 -45.1791 -26.8211 11.5030
-25.4509 -45.3938 30.1701 -30.3012 -48.7480 1.3167 -33.0993 -26.1997 -22.8858 -39.7300 13.6774 -27.2391 -46.0814 32.7655 -31.0988 -48.3021 -11.7696 -35.1934 -6.2603 -25.0230 -41.8419 19.8863 -28.3847 -47.9287 33.3114 -32.3638 -43.2877 -19.0132 -37.4861 6.5570 -26.2588 -44.1593 26.9342 -29.7173 -48.8310 8.6708 -33.1331 -27.1172 -22.9033 -39.7576 13.5723 -28.8129 -45.6491 32.8438 -35.9909 15.3739 -40.7510 18.9811 -48.3312 -25.7036 -42.7676 -32.1638 1.5665 -35.2617 -10.8115 -49.0741 -29.4263 -3.0667 -26.5745 -48.9723 29.5108 -41.4135 -22.8616 -26.9863 -33.1342 8.6632 -48.8310 -29.7173 26.9342 -44.1593 -26.2588 6.5570 -37.4861 -19.0132 -43.2877 -32.3638 33.3114 -47.9287 -28.3847 19.8863 -41.8419 -25.0230 -6.2603 -35.1934 -11.7696 -48.3021 -31.0988 32.7655 -46.0814 -27.2391 13.6774 -39.7300 -22.8858 -26.1997 -33.0993 1.3167 -48.7480 -30.3012 30.1701 -45.3938 -25.4509
-45.5597 30.8396 -30.4283 -48.7604 -0.8598 -33.2666 -25.0908 -22.9526 -39.7300 13.5556 -27.1900 -45.9570 32.3389 -31.0343 -48.4268 -10.8932 -34.8973 -8.6520 -24.8223 -41.6619 19.3672 -28.2107 -47.7336 34.1314 -32.3551 -43.9725 -18.6097 -37.2404 5.5514 -26.1670 -43.9643 26.3136 -29.5539 -48.8224 12.5956 -33.1028 -29.4384 -22.5981 -39.5542 12.7630 -30.7809 -48.4775 -18.0936 -31.3822 -26.5535 -34.2838 16.5311 -41.0642 23.4717 -47.4877 -20.2489 -48.9602 -28.1257 -11.9195 -34.6687 26.7943 -46.7766 -20.2490 -48.3563 2.9265 -42.7868 26.1347 -39.5922 -22.5951 -29.4297 -33.1024 12.5956 -48.8236 -29.5526 26.3151 -43.9643 -26.1670 5.5514 -37.2404 -18.6097 -43.9725 -32.3551 34.1314 -47.7336 -28.2107 19.3672 -41.6619 -24.8223 -8.6520 -34.8973 -10.8932 -48.4268 -31.0343 32.3389 -45.9570 -27.1900 13.5556 -39.7300 -22.9526 -25.0908 -33.2666 -0.8598 -48.7604 -30.4283 30.8396 -45.5597
30.5006 -30.3116 -48.7493 -3.1631 -33.5357 -23.0799 -23.1352 -39.8140 13.6774 -27.1900 -45.9119 32.0926 -30.9944 -48.5037 -10.1593 -34.6256 -11.0954 -24.6124 -41.5055 18.9318 -28.0232 -47.5137 34.6462 -32.4015 -44.4856 -18.2604 -36.9799 4.3963 -26.0812 -43.7868 25.7558 -29.3573 -48.8181 16.4044 -33.0305 -31.7748 -22.2606 -39.3688 12.4686 -30.1432 -45.4442 -33.0769 22.2127 -48.4532 -22.9019 -45.9595 -33.1943 14.9721 -40.2708 35.4277 -43.8734 16.6563 -45.3471 -23.9541 -32.9374 -33.3240 24.7018 -40.7160 33.9541 -40.7883 20.7204 -36.5185 13.8449 -39.1979 -22.2725 -31.7832 -33.0379 16.4753 -48.7847 -29.3864 25.7528 -43.7869 -26.0813 4.3963 -36.9799 -18.2604 -44.4856 -32.4015 34.6462 -47.5137 -28.0232 18.9318 -41.5055 -24.6124 -11.0954 -34.6256 -10.1593 -48.5037 -30.9944 32.0926 -45.9119 -27.1900 13.6774 -39.8140 -23.1352 -23.0799 -33.5357 -3.1631 -48.7493 -30.3116 30.5006
-30.0900 -48.7098 -5.2471 -33.8326 -20.5520 -23.3838 -39.9657 14.0136 -27.2391 -45.9570 32.0926 -30.9825 -48.5395 -9.6618 -34.4105 -13.3111 -24.4127 -41.3812 18.5876 -27.8333 -47.2747 34.8414 -32.5184 -44.7880 -18.0227 -36.7017 3.0408 -26.0000 -43.6268 25.2599 -29.1834 -48.3715 22.6269 -33.1847 -34.2394 -21.8627 -39.2383 12.4162 -27.6563 -48.0501 -26.4684 -20.6118 -37.3110 34.2096 -43.5770 -19.9904 -47.6704 -31.7716 6.0210 -37.5107 19.7576 -38.9872 27.4971 -40.6523 -17.9105 -48.6872 -29.9233 -0.7910 -34.4900 4.4561 -33.1481 -37.8337 -30.7488 11.6919 -39.2468 -21.8717 -34.1603 -32.9132 19.9072 -48.7482 -29.2284 25.2486 -43.6275 -26.0000 3.0408 -36.7017 -18.0227 -44.7880 -32.5184 34.8414 -47.2747 -27.8333 18.5876 -41.3812 -24.4127 -13.3111 -34.4105 -9.6618 -48.5395 -30.9825 32.0926 -45.9570 -27.2391 14.0136 -39.9657 -23.3838 -20.5520 -33.8326 -5.2471 -48.7098 -30.0900
-48.7484 -7.0850 -34.1317 -17.8410 -23.6532 -40.1607 14.5055 -27.3269 -46.0814 32.3389 -30.9944 -48.5395 -9.4805 -34.2928 -14.8748 -24.2513 -41.2983 18.3552 -27.6575 -47.0312 34.7434 -32.6980 -44.8661 -17.9673 -36.3949 1.4216 -25.9228 -43.4843 24.8172 -29.0535 -48.0290 -19.4166 -31.9201 -34.5044 -22.1896 -39.1960 12.3216 -26.6835 -45.0142 2.3502 -48.1661 -28.9712 -3.1490 -38.2813 35.7402 -48.0596 -22.7327 -48.7353 -29.5296 -28.4041 -34.2945 -6.3663 -34.1751 11.5726 -37.2961 24.3018 -46.2855 -21.0887 -49.2879 -24.0398 -49.1517 -19.0589 -47.2347 -27.0637 12.2974 -39.1801 -21.4156 -36.4972 -33.7744 24.9380 -48.6882 -29.0792 24.8009 -43.4854 -25.9228 1.4216 -36.3949 -17.9673 -44.8661 -32.6980 34.7434 -47.0312 -27.6575 18.3552 -41.2983 -24.2513 -14.8748 -34.2928 -9.4805 -48.5395 -30.9944 32.3389 -46.0814 -27.3269 14.5055 -40.1607 -23.6532 -17.8410 -34.1317 -7.0850 -48.7484
-11.4806 -34.4208 -15.1549 -23.9193 -40.3765 15.0892 -27.4409 -46.2628 32.7655 -31.0343 -48.5037 -9.6618 -34.2928 -15.4354 -24.1609 -41.2514 18.2283 -27.5130 -46.8139 34.4532 -32.9192 -44.7215 -18.1201 -36.0614 -0.4896 -25.8394 -43.3796 24.4601 -28.8818 -48.0490 -20.4044 -17.3353 -37.3383 28.4692 -38.2899 8.8798 -26.4997 -44.6174 33.2953 -40.4350 2.8006 -48.5986 -30.1371 11.4553 -40.4631 -26.1670 -46.5171 -25.0935 -48.5482 -31.3028 -30.5846 -29.2759 -48.4423 -28.5256 -14.8189 -34.0170 23.3801 -40.0751 35.0503 -42.5911 35.0995 -41.2495 35.4832 -44.6478 -26.4489 12.4576 -39.1859 -23.4683 8.4581 -38.2249 27.2308 -48.5864 -28.9350 24.4474 -43.3807 -25.8394 -0.4896 -36.0614 -18.1201 -44.7215 -32.9192 34.4532 -46.8139 -27.5130 18.2283 -41.2514 -24.1609 -15.4354 -34.2928 -9.6618 -48.5037 -31.0343 32.7655 -46.2628 -27.4409 15.0892 -40.3765 -23.9193 -15.1549 -34.4208 -11.4806
-35.7808 -12.5962 -24.1689 -40.5993 15.7099 -27.5646 -46.4711 33.2766 -31.0988 -48.4268 -10.1593 -34.4105 -14.8748 -24.1609 -41.2362 18.1754 -27.4178 -46.6531 34.1152 -33.1575 -44.3500 -18.4542 -35.7256 -2.6537 -25.7353 -43.3302 24.2672 -28.7428 -48.1553 12.2598 -46.0473 -28.3401 -9.6031 -33.3056 -24.6196 -25.1418 -44.1386 27.2234 -36.3493 18.6871 -40.6387 4.2556 -48.7319 -25.8716 -49.1225 31.8164 -33.6892 -45.0028 -30.7316 -1.1665 -34.7368 -47.8270 -15.6070 -45.3660 -20.9423 -48.5151 -29.7751 -3.4124 -34.1613 10.1645 -35.4008 9.1998 -35.5546 27.7970 -44.3916 -26.2003 0.0219 -33.5043 -34.1989 -22.0626 -40.0761 29.1565 -48.5086 -28.7929 24.2639 -43.3307 -25.7353 -2.6537 -35.7256 -18.4542 -44.3500 -33.1575 34.1152 -46.6531 -27.4178 18.1754 -41.2362 -24.1609 -14.8748 -34.4105 -10.1593 -48.4268 -31.0988 33.2766 -46.4711 -27.5646 15.7099 -40.5993 -24.1689 -12.5962 -35.7808
-12.9117 -24.4000 -40.8243 16.3415 -27.6909 -46.6805 33.7689 -31.1836 -48.3021 -10.8932 -34.6256 -13.3111 -24.2513 -41.2514 18.1754 -27.3843 -46.5657 33.8624 -33.3634 -43.8329 -18.9059 -35.4202 -4.8852 -25.6224 -43.3450 24.3025 -28.6268 -48.4008 31.5570 -38.8731 34.3598 -47.7814 -21.3909 -48.8234 -15.7312 -41.6884 22.7957 -32.6773 -31.5211 -34.4654 16.4692 -40.0826 33.3824 -45.3918 16.5203 -39.5659 -1.3506 -31.0535 -20.1365 -37.9572 18.9912 -46.7997 -36.6155 25.2281 -39.4918 23.2159 -45.9406 -20.6993 -49.2821 -25.4053 -48.1553 -27.1348 -44.1261 -32.1928 24.9722 -42.7786 -19.9737 -49.2626 -22.5218 -48.4873 31.7959 -37.1226 30.9760 -48.4291 -28.6352 24.3042 -43.3455 -25.6226 -4.8852 -35.4202 -18.9059 -43.8329 -33.3634 33.8624 -46.5657 -27.3843 18.1754 -41.2514 -24.2513 -13.3111 -34.6256 -10.8932 -48.3021 -31.1836 33.7689 -46.6805 -27.6909 16.3415 -40.8243 -24.4000 -12.9117
-22.6933 -41.0507 16.9786 -27.8178 -46.8845 34.1815 -31.2833 -48.1272 -11.7696 -34.8973 -11.0954 -24.4127 -41.2983 18.2283 -27.4178 -46.5657 33.7721 -33.4812 -43.3494 -19.3435 -35.1834 -6.8666 -25.5307 -43.4393 24.6156 -28.4393 -48.3136 30.8973 -35.1746 12.8046 -39.9043 32.9769 -42.1324 33.5924 -38.0594 12.5249 -29.8845 -48.8893 -24.2928 -45.4094 -32.6856 9.4600 -38.1198 22.6661 -38.5539 8.7217 -31.3750 -47.0846 -32.3963 17.5620 -43.6395 -22.2401 -30.3683 -32.7498 3.1485 -36.0249 23.3303 -39.9991 35.0691 -42.8245 21.2759 -43.4868 -14.3672 -49.1077 -30.1606 20.1463 -39.5722 35.0331 -42.7106 33.6979 -38.7120 6.0918 -34.6529 30.4244 -48.3054 -28.4343 24.6292 -43.4398 -25.5312 -6.8686 -35.1833 -19.3435 -43.3493 -33.4812 33.7721 -46.5657 -27.4178 18.2283 -41.2983 -24.4127 -11.0954 -34.8973 -11.7696 -48.1272 -31.2833 34.1815 -46.8845 -27.8178 16.9786 -41.0507 -22.6933
-41.6122 17.6205 -27.9435 -47.0832 34.4884 -31.3910 -47.9010 -12.6656 -35.1934 -8.6520 -24.6124 -41.3812 18.3552 -27.5130 -46.6531 33.8624 -33.4812 -43.1417 -19.6090 -35.0359 -8.3130 -25.4764 -43.6027 25.2418 -28.1937 -48.1760 30.6765 -32.3042 -29.7531 -32.7599 1.7595 -35.6480 8.9571 -33.7048 -20.6935 -26.8349 -47.4921 10.3856 -43.9402 -17.4851 -48.6417 -29.4518 -22.3925 -33.1492 -14.8387 -29.7192 -48.7546 -23.8322 -41.0470 -36.3015 29.8835 -44.8570 -19.7616 -48.7606 -29.5900 -21.7526 -36.2411 13.6074 -36.7151 13.3476 -36.2481 18.3939 -37.2286 27.2523 -46.3861 -37.0075 30.7639 -40.2882 21.4422 -37.9208 1.1083 -33.0124 -31.0842 -32.3610 30.7100 -48.1725 -28.1850 25.2659 -43.6057 -25.4788 -8.3128 -35.0358 -19.6091 -43.1415 -33.4812 33.8624 -46.6531 -27.5130 18.3552 -41.3812 -24.6124 -8.6520 -35.1934 -12.6656 -47.9010 -31.3910 34.4884 -47.0832 -27.9435 17.6205 -41.6122
18.3422 -27.9674 -47.2729 34.6767 -31.5047 -47.6202 -13.5300 -35.4879 -6.2603 -24.8223 -41.5055 18.5876 -27.6575 -46.8139 34.1152 -33.3634 -43.3494 -19.6090 -34.9849 -9.0790 -25.4531 -43.7793 26.0576 -27.8885 -48.0475 31.7245 -31.2933 -45.2744 -23.6793 -48.9200 -25.7531 -47.6175 -25.6383 -49.1254 -18.2486 -43.6513 32.8774 -38.0889 28.0489 -42.1466 1.5928 -47.5058 -21.5123 -49.0948 -22.2843 -47.8652 -7.8860 -46.3489 -26.1520 -9.1761 -38.3862 33.2320 -44.1290 -19.2627 -47.7074 -33.8038 15.3224 -39.3355 -10.5299 -30.6920 -40.6460 -30.4571 -19.0247 -32.4711 2.4560 -24.2414 -47.8795 35.7308 -40.3347 8.0932 -32.8597 -47.2962 -26.1799 -44.3339 -31.3514 31.7436 -48.0569 -27.8988 26.1015 -43.7917 -25.4591 -9.0734 -34.9850 -19.6091 -43.3493 -33.3634 34.1152 -46.8139 -27.6575 18.5876 -41.5055 -24.8223 -6.2603 -35.4879 -13.5300 -47.6202 -31.5047 34.6767 -47.2729 -27.9674 18.3422
-26.9529 -47.4532 34.7257 -31.6202 -47.2810 -14.3528 -35.7627 -4.1380 -25.0230 -41.6619 18.9318 -27.8333 -47.0312 34.4532 -33.1575 -43.8329 -19.3435 -35.0359 -9.0790 -25.4473 -43.8918 26.7595 -27.9893 -47.3744 32.7278 -32.1668 -46.1491 -17.3522 -42.5669 22.2161 -44.8917 -6.3089 -44.2229 33.4305 -39.1536 17.4728 -34.2806 -1.5122 -36.3578 18.6636 -39.8631 34.7812 -43.1128 31.0928 -43.4596 35.8033 -41.4916 27.2505 -48.1824 -30.5460 9.2112 -40.1633 12.1041 -48.8418 -30.1754 8.3507 -41.6556 -20.1680 9.8102 -45.1492 -9.8635 -46.2808 -19.4460 -49.0577 -23.4234 -47.9547 -0.1597 -43.5645 23.2305 -36.3471 -37.7075 -24.3673 -46.8717 -20.3126 -46.2050 -31.1450 32.5706 -47.9536 -27.6140 26.8422 -43.9126 -25.4552 -9.0734 -35.0358 -19.3435 -43.8329 -33.1575 34.4532 -47.0312 -27.8333 18.9318 -41.6619 -25.0230 -4.1380 -35.7627 -14.3528 -47.2810 -31.6202 34.7257 -47.4532 -26.9529
-47.4251 34.5878 -31.7358 -46.8770 -15.1233 -36.0168 -2.3367 -25.2021 -41.8419 19.3672 -28.0232 -47.2747 34.7434 -32.9192 -44.3500 -18.9059 -35.1834 -8.3130 -25.4531 -43.8918 27.0357 -28.3503 -48.2116 -12.4325 -40.0224 -27.8235 -20.2513 -39.7399 28.4217 -41.8533 34.0550 -44.7105 -12.6841 -37.4419 10.1431 -29.9770 -48.1230 -27.6541 -39.2756 -33.1552 6.5757 -37.0986 17.0026 -38.3753 18.6716 -38.5949 21.0465 -41.0794 -11.3247 -46.7906 -35.2241 27.9564 -46.2087 -29.0311 -24.1801 -36.6349 33.5359 -48.6143 -31.3396 17.8071 -37.8043 27.3167 -40.4019 34.6969 -42.0700 -8.1776 -44.7651 35.9096 -40.1615 5.6167 -30.4618 -48.5948 -4.2523 -42.9969 -17.1453 -46.6326 -31.0803 33.1009 -47.8760 -27.4261 27.1371 -43.9118 -25.4591 -8.3128 -35.1833 -18.9059 -44.3500 -32.9192 34.7434 -47.2747 -28.0232 19.3672 -41.8419 -25.2021 -2.3367 -36.0168 -15.1233 -46.8770 -31.7358 34.5878 -47.4251
28.0075 -31.4966 -46.4044 -15.8446 -36.2544 -0.7790 -25.3586 -42.0397 19.8863 -28.2107 -47.5137 34.8414 -32.6980 -44.7215 -18.4542 -35.4202 -6.8666 -25.4764 -43.7785 26.7593 -28.1660 -48.5033 -24.0838 -47.1995 -30.6980 11.0002 -38.4027 17.8483 -40.3057 33.3300 -45.5939 -21.3345 -29.4237 -34.3099 1.7494 -45.0905 0.3860 -45.8418 -19.9064 -48.7224 -28.4281 -36.0966 -32.0613 -16.1812 -33.5719 -4.3758 -36.8565 24.9167 -44.3767 -24.4097 -6.3292 -38.3936 0.1051 11.6581 -36.3494 6.6563 -38.9276 7.6485 -49.2037 -28.5672 -26.0323 -32.6365 -0.3849 -31.4743 -45.1995 -48.1227 -14.8489 -43.4564 23.8729 -36.1004 -41.5648 -20.7495 -45.0558 36.2140 -41.5492 -17.3286 -46.8000 -31.1404 33.3526 -47.8474 -27.4290 26.8421 -43.7909 -25.4788 -6.8686 -35.4202 -18.4542 -44.7215 -32.6980 34.8414 -47.5137 -28.2107 19.8863 -42.0397 -25.3586 -0.7790 -36.2544 -15.8446 -46.4044 -31.4966 28.0075
-31.8397 -45.8575 -16.5165 -36.4790 0.5985 -25.4953 -42.2499 20.4603 -28.3847 -47.7336 34.6462 -32.5184 -44.8661 -18.1201 -35.7256 -4.8852 -25.5307 -43.6020 26.0551 -27.7826 -47.6215 -21.1046 -45.9013 -28.8881 -35.4401 -35.0466 5.1702 -37.8428 19.1991 -42.1122 20.7433 -48.6125 -29.6957 4.2659 -37.6551 23.7503 -39.1444 32.4307 -42.7743 5.2075 -46.8356 -19.1748 -48.8455 -23.8039 -48.6309 -29.2180 -14.4688 -37.8217 35.0364 -47.5031 -27.6209 -17.7172 -26.7750 -46.7429 22.3060 -36.7681 11.0072 -39.0230 30.2301 -45.7426 -17.2150 -48.3590 -21.5092 -48.5830 -8.6252 -31.7062 -48.3301 9.7624 -40.0209 5.6451 -29.1551 -48.0502 21.1900 -42.5339 30.6317 -44.6516 -21.7831 -46.1611 -31.4227 33.3343 -47.8769 -27.6176 26.1015 -43.6057 -25.5310 -4.8852 -35.7256 -18.1201 -44.8661 -32.5184 34.6462 -47.7336 -28.3847 20.4603 -42.2499 -25.4953 0.5985 -36.4790 -16.5165 -45.8575 -31.8397
-46.0415 -17.1410 -36.6906 1.8466 -25.6124 -42.4696 21.0762 -28.5448 -47.9287 34.1314 -32.4015 -44.7880 -17.9673 -36.0614 -2.6537 -25.6224 -43.4393 25.2397 -27.8832 -47.2841 -4.0270 -48.7309 -26.9246 -47.1106 -30.1126 -33.5520 -34.7496 3.4568 -38.7303 25.3379 -42.9924 -7.0226 -48.8380 -29.1236 -20.8337 -33.6377 4.1160 -37.1398 19.7540 -39.8522 33.4422 -42.5869 31.2701 -44.3130 -7.5458 -48.1044 -28.9093 1.7707 -39.1372 35.2974 -46.8466 -20.1047 -48.8524 32.9504 -38.7180 -3.2520 -33.7439 3.8704 -36.4721 23.0214 -39.4985 32.5502 -41.1535 32.4520 -38.2420 -3.8858 -23.9438 -44.3995 22.8526 -34.6941 -47.0542 -14.6749 -43.3967 9.7660 -47.8205 -23.7059 -48.7199 -27.4048 -44.0924 -31.8168 33.0499 -47.9529 -27.9007 25.2536 -43.4392 -25.6224 -2.6537 -36.0614 -17.9673 -44.7880 -32.4015 34.1314 -47.9287 -28.5448 21.0762 -42.4696 -25.6124 1.8466 -36.6906 -17.1410 -46.0415
-17.3594 -36.8961 2.9722 -25.7147 -42.6939 21.7256 -28.6947 -48.0975 33.3114 -32.3551 -44.4856 -18.0227 -36.3949 -0.4896 -25.7353 -43.3450 24.6156 -28.1963 -48.0250 31.1926 -40.4443 -27.9203 -45.1287 -29.8735 -39.6169 -33.3070 -14.8670 -35.7812 6.0469 -38.8641 25.9249 -42.1167 8.6216 -47.4507 -22.0882 -48.6865 -28.6112 -31.4439 -34.2359 7.4727 -37.9197 17.9115 -39.3473 27.3549 -41.1824 8.9716 -48.4615 -30.0538 5.4976 -38.8542 31.2597 -42.5203 34.9244 -39.7513 7.9606 -31.4655 -47.7909 -27.9383 -40.6558 -31.5719 -6.3639 -33.8583 3.7478 -33.7379 -15.1314 -27.4601 -47.3636 34.8830 -37.9190 -20.8619 -24.2579 -45.3540 13.5549 -47.9785 -29.1094 -6.5522 -33.5491 -27.6037 -31.1288 -41.4385 -31.9674 32.4905 -48.0584 -28.1917 24.6155 -43.3450 -25.7353 -0.4896 -36.3949 -18.0227 -44.4856 -32.3551 33.3114 -48.0975 -28.6947 21.7256 -42.6939 -25.7147 2.9722 -36.8961 -17.3594
-37.9135 3.9962 -25.8121 -42.9217 22.3951 -28.8364 -48.2470 32.2090 -32.3638 -43.9725 -18.2604 -36.7017 1.4216 -25.8394 -43.3302 24.3025 -28.4388 -48.1735 31.6782 -30.6613 -48.3280 8.9848 -34.0530 -17.2903 -35.3424 9.9875 -37.0369 -0.6203 -35.5353 1.4178 -37.3782 19.2253 -40.0589 35.0120 -43.1528 -0.2302 -47.3136 -24.6557 -44.4843 -34.1212 2.7994 -37.1405 10.0262 -38.0594 20.2895 -40.5386 2.5909 -48.6861 -29.6316 -4.9362 -36.1058 13.3060 -36.9363 4.0865 -31.3601 -48.4978 -18.1806 -46.5361 -17.1853 -47.9518 -23.3694 -48.7395 -23.9844 -49.0055 -20.2970 -46.0361 35.6335 -38.9530 1.5051 -28.5905 -47.5466 22.4525 -44.9135 -24.9658 1.1735 -39.2974 23.8477 -37.6163 -2.5332 -32.2903 -41.6368 -31.7365 31.6689 -48.1737 -28.4392 24.3025 -43.3302 -25.8394 1.4216 -36.7017 -18.2604 -43.9725 -32.3638 32.2090 -48.2470 -28.8364 22.3951 -42.9217 -25.8121 3.9962 -37.9135
4.2089 -25.9204 -43.1508 23.0822 -28.9743 -48.3789 30.8088 -32.4067 -43.2877 -18.6097 -36.9799 3.0408 -25.9228 -43.3796 24.2639 -28.6356 -48.2983 30.6637 -31.2943 -46.1119 -15.5362 -37.0689 3.6657 -37.3634 23.5369 -41.4018 33.1779 -37.6866 -16.1190 -32.4318 -25.7716 -34.2199 7.9981 -38.0059 23.3336 -40.8886 22.2871 -47.7146 -28.7977 -4.4516 -37.9609 16.4673 -38.3712 12.2192 -37.7185 18.8902 -40.5123 9.4182 -48.2922 -25.9456 -43.5448 -30.1905 -38.3728 -28.1145 -48.8322 -13.9004 -44.2533 34.8209 -43.2511 -12.7101 -46.4968 -11.5794 -43.9956 28.1750 -41.7870 28.1122 -37.9198 1.0978 -29.8466 -48.4526 10.0245 -41.7626 6.2706 -48.3006 -31.4196 -10.3389 -45.6037 33.3446 -38.4119 0.8113 -30.1496 -44.2073 -31.4524 30.6222 -48.3041 -28.6361 24.2623 -43.3802 -25.9228 3.0408 -36.9799 -18.6097 -43.2877 -32.4067 30.8088 -48.3789 -28.9743 23.0822 -43.1508 -25.9204 4.2089
-24.2536 -43.3803 23.7804 -29.1117 -48.4954 29.0962 -32.4685 -42.4528 -19.0132 -37.2404 4.3963 -26.0000 -43.4850 24.4491 -28.7716 -48.4278 30.0226 -31.7400 -45.6171 -16.7480 -38.6975 11.8244 -37.7288 25.4855 -43.8371 -17.6484 -49.3043 21.0893 -31.4341 -47.9077 -25.8833 -47.2695 -31.2062 -9.6631 -37.0177 22.1643 -42.5928 -16.8006 -41.5843 -36.5592 35.0476 -42.6592 32.0248 -40.1697 11.8289 -37.1002 16.7346 -40.2095 34.1380 -45.6441 -14.8120 -48.0436 -17.9665 -47.0580 6.6231 -42.7806 32.2100 -41.3487 13.7071 -48.7809 -25.4869 -48.2973 -0.8961 -41.1523 22.1116 -37.0523 -11.8546 -29.6557 -48.6512 -13.1487 -42.2653 32.2543 -41.3212 0.5093 -47.4200 9.3432 -24.7055 -44.9814 29.6893 -37.4737 -43.8184 -24.5423 -45.2821 -32.0537 30.3397 -48.4305 -28.7832 24.4459 -43.4854 -25.9997 4.3981 -37.2404 -19.0132 -42.4528 -32.4685 29.0962 -48.4954 -29.1117 23.7804 -43.3803 -24.2536
-43.7240 24.4863 -29.2462 -48.5977 27.0422 -32.5421 -41.4686 -19.4359 -37.4861 5.5514 -26.0813 -43.6275 24.8041 -28.8661 -48.3909 31.2340 -33.9676 -40.2437 -20.5363 -40.5627 18.4847 -37.7843 18.3600 -42.2119 -18.1085 -31.7893 -35.1729 -20.7952 -48.9674 -14.8522 -46.1533 -20.7998 -48.0979 -31.7494 -7.7797 -38.0639 33.2128 -47.1237 -27.4736 11.5147 -49.3131 -18.9526 -45.9413 26.9707 -36.9559 -3.4823 -34.7409 10.9227 -38.9503 28.5047 -41.6747 35.6122 -42.6137 34.3437 -40.6593 22.4889 -39.0711 24.6116 -44.3337 -29.4025 2.7685 -30.1729 -48.6349 32.5540 -39.0634 0.8080 -31.0016 -48.6644 -24.2720 -48.2439 2.7870 -41.0595 24.1713 -39.8587 27.2147 -34.3216 -48.2433 -0.7757 -42.3240 27.1641 -8.0219 -43.9995 -22.9987 -34.9496 -34.5271 31.2390 -48.4320 -28.9044 24.7862 -43.6240 -26.0805 5.5531 -37.4861 -19.4359 -41.4686 -32.5421 27.0422 -48.5977 -29.2462 24.4863 -43.7240
25.2385 -29.2055 -48.6815 24.6029 -32.6203 -40.3324 -19.8623 -37.7216 6.5570 -26.1670 -43.7869 25.2516 -28.9873 -48.2646 26.7825 -37.8673 4.6832 -29.8642 -46.7379 34.1113 -38.9817 14.9803 -40.0145 33.7232 -48.7726 -32.2152 17.7885 -43.4150 33.2358 -42.3834 17.3573 -48.4097 -29.8658 -32.7215 -34.1462 5.5904 -39.5905 33.5379 -47.9360 -19.5780 -35.1375 -34.4970 -24.5572 -48.3722 -44.6853 -27.2072 -46.9479 -31.0243 -4.7298 -35.8638 12.6157 -37.7754 15.7047 -37.6304 10.2826 -35.6885 -1.9167 -34.8526 7.9364 -12.2436 -40.7044 6.6979 -26.3277 -45.0252 23.9433 -35.1167 -43.0041 -30.4507 -29.8801 -29.9012 -48.8274 35.0951 -39.1535 11.2086 -35.1593 -36.6626 -21.7851 -44.2184 -18.9730 -17.2273 -40.3559 28.1437 -48.5723 -31.8665 8.4861 -37.7178 26.9225 -48.4217 -29.0547 25.2211 -43.7830 -26.1666 6.5570 -37.7216 -19.8623 -40.3324 -32.6203 24.6029 -48.6815 -29.2055 25.2385
-28.5832 -48.7459 21.8187 -32.6971 -39.0441 -20.2829 -37.9510 7.4601 -26.2588 -43.9643 25.7542 -29.1617 -48.3241 18.3044 -42.2448 30.5034 -38.0693 -26.1940 -20.1057 -42.3146 21.8920 -39.9229 27.7252 -43.9090 -22.4479 -17.4449 -38.2408 23.0005 -39.6677 27.5856 -43.8075 -21.4269 14.0295 -36.5705 -9.4603 -34.8852 9.5289 -39.5613 33.2573 -42.2745 13.0444 -31.1275 -44.8853 -31.2290 7.1510 -45.0556 -13.2424 -48.6336 -25.9397 -44.5022 -30.5481 -28.2945 -31.9874 -29.6976 -30.5063 -44.4274 -27.6004 -48.0096 -24.4460 -45.4284 34.7685 -36.4704 -45.0060 -4.2337 -39.1294 0.2326 -33.5011 -0.5619 -37.7445 19.7944 -21.3820 -43.6698 16.9862 -34.4927 -38.5276 -25.5520 -46.2117 4.7628 -47.8528 -32.0915 23.4558 -43.8059 -24.7536 -2.3526 -39.3543 34.9183 -42.2431 23.7233 -48.5891 -29.2295 25.7386 -43.9639 -26.2588 7.4601 -37.9510 -20.2829 -39.0441 -32.6971 21.8187 -48.7459 -28.5832
-48.5050 18.6395 -32.7703 -37.5931 -20.6912 -38.1746 8.2932 -26.3556 -44.1593 26.3150 -29.3651 -48.6076 18.0123 -42.4412 -16.5324 -44.8444 24.8855 -33.4587 -49.0003 34.8402 -40.6243 27.9893 -42.0356 30.1975 -49.2728 -30.1707 33.6136 -39.9492 17.5628 -38.0273 18.3721 -35.6525 -49.1759 33.7072 -36.4204 -28.0809 -33.1288 1.6134 -36.2958 10.0147 -32.3263 -47.6909 -27.1475 -13.3194 -37.6357 27.2214 -41.1672 32.4783 -45.3524 -13.9926 -48.1486 -20.9953 -48.8609 -21.1224 -48.3077 -15.9023 -46.3283 -5.2892 -45.1170 28.4913 -45.1335 23.2365 -24.9817 -44.8753 20.9316 -35.0397 -14.5462 -37.6078 33.1028 -49.9767 -36.9482 17.6412 -35.1814 -35.6034 -28.8089 -48.6526 -15.0917 -44.6554 -20.1319 -32.2672 -37.4462 20.9483 -48.2846 -35.5006 34.6411 -48.3779 -21.4903 -39.4355 23.6668 -48.7365 -29.3937 26.3136 -44.1593 -26.3556 8.2932 -38.1746 -20.6912 -37.5931 -32.7703 18.6395 -48.5050
2.4113 -32.3482 -35.9799 -21.0865 -38.3957 9.0679 -26.4564 -44.3650 26.9342 -29.5524 -48.7984 21.0970 -30.7969 -33.9389 -23.0700 -18.2843 -40.7355 0.2749 -22.0718 -42.5770 31.2378 -43.7019 36.0309 -42.7108 32.7063 -41.5485 -48.7400 0.0659 -39.4312 8.6383 -34.8258 -22.0227 -19.4413 -41.8880 10.3962 -31.0028 -47.9117 -28.0219 -43.5502 -28.0448 -48.7273 -18.0697 -47.6752 -27.3000 -15.4425 -34.9064 12.5533 -38.5662 26.9322 -41.1650 35.5989 -43.0599 33.6097 -43.2951 35.5605 -42.1592 33.8412 -41.4604 36.1309 -45.8242 -22.5232 -23.2161 -41.3267 24.8239 -35.8435 -29.7283 -33.8109 15.7472 -43.2292 -22.0428 -19.8119 -33.2182 -31.8261 -32.7263 -35.0963 -29.1264 -48.6943 -19.6363 -47.9043 -29.5145 14.1263 -42.9768 -25.2819 10.6921 -43.1435 -22.6630 -34.8197 26.9548 -32.4271 19.6839 -48.7832 -29.5539 26.9342 -44.3650 -26.4564 9.0679 -38.3957 -21.0865 -35.9799 -32.3482 2.4113
-33.4425 -34.1999 -21.4655 -38.6179 9.8048 -26.5604 -44.5772 27.5903 -29.7173 -48.8236 16.4882 -32.9971 -39.2201 29.1094 -32.5167 -48.2816 30.1781 -32.3175 -48.0219 35.5929 -41.8535 -11.6649 -46.6658 33.8925 -41.5075 21.7277 -30.2072 -47.8258 33.0520 -36.4881 -34.7068 -25.8997 -45.7904 28.5132 -35.3774 -45.7948 -20.4940 -47.1000 -15.1162 -46.7079 3.9414 -42.8370 30.1845 -46.6013 -23.2078 -47.2501 -30.4417 -11.9976 -34.8727 10.2283 -37.1988 16.6935 -38.1579 17.9577 -38.1783 15.8163 -38.5019 20.6962 -41.5918 16.4097 -48.7734 -30.0687 5.0057 -33.9345 -35.6285 -29.2186 -34.6544 -36.8973 32.5563 -46.3929 -25.3383 -44.0654 -33.9476 11.6702 -36.7769 6.0434 -32.0918 -47.1686 -25.2624 -46.1917 -34.7689 35.0109 -49.2429 -33.7848 34.6943 -49.2665 -32.8224 3.8261 -36.9411 -32.8882 16.4192 -48.8224 -29.7173 27.5903 -44.5772 -26.5604 9.8048 -38.6179 -21.4655 -34.1999 -33.4425
-34.6536 -21.8192 -38.8381 10.5205 -26.6672 -44.7932 28.2689 -29.8750 -48.8310 12.5956 -33.0402 -34.0596 -21.7236 -38.1655 -27.7295 -13.9189 -37.2316 -34.0696 -12.5787 -38.7379 33.4847 -47.0289 -23.8527 -46.2840 32.5482 -37.7589 -32.2787 -18.3806 -41.5759 10.2865 -29.7739 -48.0868 33.8408 -38.7502 -7.7174 -25.6002 -45.9075 33.3624 -42.3771 34.9990 -40.9118 26.9780 -40.1788 33.7780 -43.3739 -7.6895 -47.9325 -23.7586 -47.8036 -28.8803 -36.3549 -31.5859 -22.3395 -32.6172 -19.1081 -33.6733 -1.9765 -37.6538 23.6041 -42.9699 -8.3794 -48.8509 -26.1650 -48.2814 -22.9819 -48.4508 -28.8235 3.4002 -39.6582 28.5351 -48.4130 -29.9086 12.6082 -42.5583 33.7417 -40.1656 11.1465 -32.9196 -43.3643 -31.1692 -5.2473 -38.7400 -18.7339 -12.0109 -39.0602 -20.0352 -3.2201 -39.3943 -21.3620 -34.1641 -33.0301 12.5883 -48.8312 -29.8750 28.2689 -44.7932 -26.6672 10.5205 -38.8381 -21.8192 -34.6536
-20.6602 -39.0563 11.2098 -26.7769 -45.0116 28.9583 -30.0279 -48.8079 8.6708 -33.1032 -31.7720 -21.8811 -39.1153 8.6060 -25.0109 -41.5038 11.0511 -25.7310 -42.2859 14.6998 -29.2403 -33.7829 -35.7149 -18.1993 -41.9680 13.0196 -30.1882 -47.4388 33.2526 -35.9823 -44.6829 -14.5017 -41.3584 13.6700 -31.5649 -48.6252 24.4026 -41.2149 28.8389 -40.9140 29.5374 -40.3177 22.3160 -39.1818 22.4558 -39.9289 35.3841 -43.3579 -0.5260 -46.5234 -17.8107 -48.4605 -21.8948 -48.8413 -24.8153 -47.7867 -31.9510 0.2891 -38.6471 27.7171 -42.7664 15.8513 -45.9587 -2.6970 -44.5513 -10.9726 -48.7070 -32.8760 16.6339 -42.0897 -16.0761 -40.7416 -34.3957 -18.0407 -49.4695 29.2356 -39.4707 6.1694 -34.7824 -14.3747 -34.5128 16.6654 -43.7391 -27.3506 15.7570 -42.7712 -26.0555 12.8492 -39.1980 -21.8692 -31.8150 -33.0952 8.6489 -48.8082 -30.0279 28.9583 -45.0116 -26.7769 11.2098 -39.0563 -20.6602
-39.8241 11.8766 -26.8886 -45.2318 29.6522 -30.1752 -48.7635 4.9928 -33.1318 -29.4440 -22.2600 -39.2359 12.1659 -26.5276 -44.1963 22.7159 -29.8606 -47.1285 29.0533 -31.7074 -49.5683 26.0571 -31.8559 -48.5443 35.0387 -36.2929 -43.0819 -13.6802 -40.6348 7.4433 -27.9237 -46.0174 30.8319 -36.2291 -42.2881 -17.6350 -42.7368 33.6758 -42.0505 30.6664 -44.7065 22.9311 -41.9097 23.6455 -38.0454 10.4199 -37.3426 19.3841 -39.0800 30.6509 -41.5403 35.5953 -43.2482 15.9306 -45.9877 -22.7799 -42.6641 -35.3475 15.2153 -40.0339 29.1334 -41.5619 33.0293 -41.0881 33.9102 -43.7152 -19.8589 -40.3177 -36.0105 25.9157 -44.0122 -18.8041 -49.8772 30.8533 -33.0924 -42.8355 20.6626 -38.3373 16.8877 -37.7393 -11.3675 -35.1954 33.2315 -47.9064 -30.5436 24.5731 -44.2507 -26.5575 11.9521 -39.1855 -22.2677 -29.4786 -33.1244 4.9723 -48.7636 -30.1752 29.6522 -45.2318 -26.8886 11.8766 -39.8241
12.3780 -26.9562 -45.4514 30.3440 -30.3178 -48.7499 1.6840 -33.1649 -27.1414 -22.6010 -39.3636 12.3799 -26.6653 -44.6709 27.2288 -32.0657 -48.9985 23.8393 -34.4236 -46.1506 -13.1522 -37.5220 -26.9334 -18.3854 -41.0657 8.4969 -27.8930 -45.7424 28.5529 -35.2269 -47.4120 -5.1898 -40.0009 5.9581 -28.3107 -46.6482 31.5134 -43.6657 -12.5620 -48.8541 -24.7625 -48.9945 -14.5810 -41.9375 17.5991 -35.7815 -20.7981 -33.3046 -0.9249 -35.5558 12.2043 -38.3083 23.6281 -41.0239 13.1883 -48.7431 -31.8207 13.1823 -40.3844 34.7946 -42.4068 35.5031 -40.5284 19.3645 -39.5498 34.1059 -46.3015 -25.9170 -16.8566 -37.4968 26.4690 -42.5041 33.6156 -40.2483 25.0073 4.7871 -37.7884 23.6509 -43.0973 30.4235 -32.1326 -18.0617 -36.5932 3.6477 -48.2172 -34.3117 31.2935 -45.6255 -28.0688 11.4590 -39.1389 -22.6021 -27.0570 -33.1650 1.6716 -48.7499 -30.3178 30.3440 -45.4514 -26.9562 12.3780
-25.6295 -45.6691 31.0210 -30.4589 -48.7603 -1.1824 -33.3378 -24.7557 -22.9136 -39.4606 12.1848 -27.7582 -45.2134 30.9017 -34.7134 -43.1507 -27.0365 -35.5943 -7.4222 -22.4622 -41.4111 12.7610 -28.7348 -46.3240 28.7022 -34.8049 -48.0740 2.2137 -39.3026 0.9020 -26.1993 -44.9459 26.0907 -35.0805 -47.3936 -14.1683 -44.7654 -18.5262 -47.7571 -31.5017 0.7110 -33.0191 -48.0168 7.2321 -39.1150 -1.1735 -29.8367 -48.6072 -26.6841 -45.4679 -31.4525 -4.5464 -37.5938 26.2151 -44.2939 -23.7138 -5.9925 -39.2244 -8.1284 -47.4263 -17.2297 -48.1306 34.5176 -38.5494 12.7684 -39.7636 33.3291 -48.0913 -28.1425 -13.7819 -36.4027 15.9880 -38.8690 24.1051 -44.4142 -30.1732 12.6420 -42.2851 -23.1829 -10.7978 -48.2733 -29.6886 12.7843 -41.6190 -23.4332 -8.8134 -38.7354 23.7665 -48.7011 -31.5385 13.0239 -39.3349 -22.8810 -24.5990 -33.3400 -1.1934 -48.7603 -30.4589 31.0210 -45.6691 -25.6295
-45.8104 31.6667 -30.5945 -48.7424 -3.6202 -33.6314 -22.2515 -23.2021 -39.5908 12.9540 -31.3267 -48.4913 23.0655 -38.7560 -1.5936 -33.2532 8.8299 -40.9969 -7.9700 -42.6132 21.8816 -32.9089 -48.9213 16.3079 -38.6970 -7.5130 -24.2611 -43.8747 21.6032 -33.7308 -48.9245 15.7567 -39.3291 -0.3906 -27.0913 -47.0731 -19.5736 -47.3608 -32.7516 13.6124 -39.8765 29.0448 -24.6304 -46.0150 23.1790 -33.5664 -48.4381 -16.4363 -45.8679 -17.8708 -48.7674 -30.8773 2.0031 -39.1526 31.9257 -49.0028 -31.7484 23.6200 -47.3351 -29.6635 -39.3157 -28.2929 -42.1763 14.2499 -35.8656 13.3406 -40.5635 20.7739 -48.3275 -26.8424 -36.7217 -33.4233 4.1904 -37.7059 13.0211 -46.2885 -35.6293 27.7368 -47.9462 -34.8937 -8.4158 -47.8179 -35.2029 34.9948 -48.6534 -32.7845 21.8009 -44.1495 -22.2045 -39.0514 -35.6613 19.0344 -39.8862 -23.1560 -22.1909 -33.6297 -3.6248 -48.7424 -30.5945 31.6667 -45.8104
30.9585 -30.4654 -48.6943 -5.7100 -33.9224 -19.6746 -23.4717 -39.8631 13.6697 -35.2164 -34.8942 -25.1991 -45.7978 28.0314 -35.8040 -30.8595 -35.0155 18.0201 -39.3132 17.5567 -33.9374 -44.7271 -16.9212 -41.5651 14.4750 -31.0567 -48.4669 35.2419 -38.0639 -21.2029 -22.7966 -43.7157 21.1837 -34.3014 -47.9975 -22.5034 -48.1685 -32.2614 11.3561 -40.2283 -7.0704 -44.3530 -40.3362 26.4443 -36.6196 -34.4477 -22.1130 -44.1765 31.4838 -44.1105 -20.5247 -46.6523 -34.2626 14.9892 -41.2499 -8.8739 -48.7368 -24.9642 -41.7457 13.9505 -36.4259 24.6397 -43.5864 -30.4572 -37.4053 -34.1780 15.8566 -40.7948 27.7068 -47.1841 -22.2276 -47.7116 -32.1693 14.7072 -42.8818 -26.0316 11.2209 -42.7781 -25.5385 12.2244 -42.6876 -24.2503 3.2036 -40.5351 -19.2019 -20.7231 -38.4609 17.8600 -48.9684 -32.9013 13.3348 -40.1997 32.8919 -39.9962 -23.4567 -19.7034 -33.9205 -5.7099 -48.6943 -30.4654 30.9585
-30.3066 -48.6147 -7.4836 -34.2106 -17.0603 -23.7331 -40.1649 13.8879 -35.6877 8.0196 -35.0685 -42.8389 -15.7351 -41.1025 7.7027 -31.6166 -40.5252 -32.8544 -5.7684 -31.4303 -46.6754 -19.6928 -43.6034 24.0750 -34.6188 -46.6199 -11.9772 -41.0259 11.6711 -30.6985 -48.3453 34.9984 -38.7043 -8.0648 -28.6733 -48.2656 -31.6370 8.5773 -39.3929 34.2826 -45.7023 -27.0307 3.5726 -35.8189 -20.4302 -29.0674 -47.5007 11.4443 -43.1783 -16.4171 -48.7409 -31.0492 -8.7651 -37.6611 26.7004 -42.1554 5.5898 -45.7968 34.7628 -38.1590 10.4552 -40.0725 -14.2717 -48.2699 -23.8828 -43.7930 -33.8977 14.6938 -40.1908 35.7892 -44.8775 -19.1815 -45.2987 -35.3063 34.6555 -49.2655 -34.1599 35.0726 -49.2688 -33.9684 34.5876 -48.4986 -32.6740 27.1063 -46.6403 -30.4529 19.3127 -44.3219 -25.3528 1.6033 -40.3874 27.4114 -47.9521 30.3527 -39.9758 -23.7354 -17.0787 -34.2106 -7.4836 -48.6147 -30.3066
-48.6627 -9.0242 -34.4956 -14.4571 -23.9863 -40.4074 14.7244 -32.3222 13.9603 -40.0516 12.1591 -31.3075 -48.1990 34.1000 -35.8509 -43.3044 -25.0714 -48.7646 -23.6743 -48.6349 -11.9378 -43.1416 27.0060 -36.4633 -32.3498 -22.6178 -44.0658 24.6401 -35.5135 -44.9369 -16.3097 -42.3554 17.9468 -34.7407 -43.2697 -31.3364 4.7928 -39.5733 35.5702 -43.3357 2.8493 -48.2187 -29.7907 -13.6683 -32.6316 -36.7029 -25.4623 -46.9407 -23.4345 -45.7019 -31.0219 3.1002 -36.2994 19.2127 -42.2032 34.7077 -40.5819 2.7870 -42.9152 15.0660 -36.2539 16.2286 -41.2389 32.8899 -45.6611 -21.7388 -44.8051 -33.5695 10.4831 -39.2609 33.5020 -44.8274 -25.4325 3.1595 -40.5209 -21.3404 -3.9875 -39.7158 -19.9136 -11.6959 -38.8101 -16.6134 -26.6413 -36.9776 -3.3719 -44.3179 -36.2094 29.2633 -49.0845 -34.6222 31.2120 -47.5535 -21.4927 -28.7728 14.5762 -40.4208 -23.9854 -14.4573 -34.4956 -9.0242 -48.6627
-12.4886 -34.7768 -11.9512 -24.2284 -40.6391 15.7969 -27.8191 -46.5137 -48.9595 18.2413 -38.6671 -20.2521 -19.7830 -41.1588 10.1979 -29.9194 -47.8959 -5.9951 -44.2455 34.4277 -40.9689 21.9677 -36.3122 -23.2482 -26.0855 -46.3911 35.2531 -38.7515 -3.5875 -28.3578 -47.1604 35.9236 -39.2567 3.9078 -33.7125 -15.7604 -37.7540 34.9580 -48.9583 -20.1289 -46.4402 -17.5101 -48.5022 31.3498 -19.1515 -69.7296 -5.3136 45.2895 -49.3569 -120.4345 -52.2097 -84.6941 -69.9216 -29.4014 -70.0236 21.9264 -40.6431 47.7552 -44.7491 -33.6474 -24.0564 -34.7847 14.8184 -39.8264 35.8569 -45.5222 -23.5173 -42.3528 -34.9801 12.6322 -39.8336 30.2016 -48.6587 -32.3939 26.6996 -46.6030 -30.3832 22.2077 -45.7196 -28.3183 19.5087 -43.7840 -32.1846 13.1713 -42.1131 -25.0002 7.6475 -41.3069 -22.0723 -2.2542 -40.3505 -16.7167 -37.8557 -46.9692 -27.7950 15.8358 -40.6400 -24.2288 -11.9418 -34.7751 -12.4938
-36.0777 -9.3962 -24.4690 -40.8898 16.5159 -27.7227 -46.6950 33.9821 -24.5256 -45.9153 22.6882 -32.1117 -48.1644 35.4819 -36.9289 -34.9718 -20.6571 -43.3918 31.0826 -39.1570 12.8320 -34.5370 -33.6352 -26.8669 -47.4748 19.6033 -41.0978 17.7929 -35.2520 -43.6428 -20.3220 -43.8721 27.8066 -38.0720 1.8243 -35.7682 17.8165 -45.4782 -27.5403 -24.9331 -26.7621 -47.8525 -20.5104 -94.8323 -160.3476 30.9292 52.9545 -87.6376 -45.9458 -68.8001 -39.3211 -45.5424 36.5382 24.0827 7.6455 -54.9813 42.1871 -24.6760 -24.2248 -37.2585 -28.7615 -41.4201 -34.7818 15.1284 -40.7261 10.5449 -48.6278 -31.0066 1.8052 -38.6653 30.3081 -43.3608 -20.8786 -33.5197 -36.5997 5.3234 -47.1163 -35.1550 35.4109 -48.3321 -22.7669 -45.8526 17.9463 -36.6202 31.6385 -47.8896 -31.3312 26.9860 -46.7259 -29.9500 23.7554 -46.6956 -27.5330 34.2297 -46.6090 -27.7225 16.4582 -40.8720 -24.4578 -9.5726 -36.0875
