-48.1193 -15.3109 -37.0926 -1.2576 -23.6692 -42.7935 22.1948 -27.8550 -48.1889 15.7020 -32.7749 -41.2643 -19.3824 -38.9747 9.1963 -25.0078 -44.9110 28.8997 -29.5507 -48.7647 -8.2375 -34.9680 -21.4530 -22.0372 -40.9632 16.2249 -26.4661 -46.8877 30.7666 -31.2967 -47.4798 -15.9487 -37.3345 0.5023 -23.8461 -43.0564 23.0563 -28.0589 -48.3092 11.8629 -32.9708 -39.6984 -19.7642 -39.2083 10.1163 -25.1811 -45.1688 29.5882 -29.7359 -48.7808 -19.9200 -48.7808 -29.7359 29.5882 -45.1688 -25.1811 10.1163 -39.2083 -19.7642 -39.6984 -32.9708 11.8629 -48.3092 -28.0589 23.0563 -43.0564 -23.8461 0.5023 -37.3345 -15.9487 -47.4798 -31.2967 30.7666 -46.8877 -26.4661 16.2249 -40.9632 -22.0372 -21.4530 -34.9680 -8.2375 -48.7647 -29.5507 28.8997 -44.9110 -25.0078 9.1963 -38.9747 -19.3824 -41.2643 -32.7749 15.7020 -48.1889 -27.8550 22.1948 -42.7935 -23.6692 -1.2576 -37.0926 -15.3109 -48.1193
-15.3109 -36.0643 -0.9404 -25.4700 -42.3688 21.4101 -28.6555 -48.3300 29.6765 -32.0379 -40.9369 -20.0663 -38.1011 8.8164 -26.4843 -44.6819 28.6007 -29.9246 -48.7490 -0.3554 -33.4823 -20.9853 -23.6033 -40.3297 15.5775 -27.5948 -46.8547 34.4292 -31.1473 -47.3584 -14.9679 -36.2217 0.4087 -25.6106 -42.6461 22.2515 -28.8102 -48.4777 27.2811 -32.1382 -39.3309 -20.6000 -38.3640 9.7003 -26.6156 -44.9653 29.5014 -30.0762 -48.7606 -0.7357 -35.6591 -0.7357 -48.7606 -30.0762 29.5014 -44.9653 -26.6156 9.7003 -38.3640 -20.6000 -39.3309 -32.1382 27.2811 -48.4777 -28.8102 22.2515 -42.6461 -25.6106 0.4087 -36.2217 -14.9679 -47.3584 -31.1473 34.4292 -46.8547 -27.5948 15.5775 -40.3297 -23.6033 -20.9853 -33.4823 -0.3554 -48.7490 -29.9246 28.6007 -44.6819 -26.4843 8.8164 -38.1011 -20.0663 -40.9369 -32.0379 29.6765 -48.3300 -28.6555 21.4101 -42.3688 -25.4700 -0.9404 -36.0643 -15.3109
-37.0926 -0.9404 -25.4059 -42.2181 20.8591 -28.6802 -48.2017 31.2287 -32.3668 -42.0581 -19.6254 -37.8885 8.0696 -26.3976 -44.4561 27.8823 -30.0125 -48.7694 2.5477 -33.1963 -23.6060 -23.3315 -40.1060 14.9410 -27.5540 -46.6566 34.1363 -31.3432 -47.6927 -14.1609 -35.9898 -0.9449 -25.4716 -42.4165 21.5681 -28.8286 -48.3639 29.2949 -32.4942 -40.6187 -20.1875 -38.1495 8.9825 -26.5342 -44.7415 28.7935 -30.1703 -48.7469 -1.1775 -33.6965 5.1138 -33.6965 -1.1775 -48.7469 -30.1702 28.7935 -44.7415 -26.5342 8.9825 -38.1495 -20.1875 -40.6187 -32.4942 29.2949 -48.3639 -28.8286 21.5681 -42.4165 -25.4716 -0.9449 -35.9898 -14.1609 -47.6927 -31.3432 34.1363 -46.6566 -27.5540 14.9410 -40.1060 -23.3315 -23.6060 -33.1963 2.5477 -48.7694 -30.0125 27.8823 -44.4561 -26.3976 8.0696 -37.8885 -19.6254 -42.0581 -32.3668 31.2287 -48.2017 -28.6802 20.8591 -42.2181 -25.4059 -0.9404 -37.0926
-1.2576 -25.4700 -42.2181 20.6279 -28.6098 -48.0939 32.2905 -32.2718 -43.0451 -19.1524 -37.6781 7.2953 -26.2897 -44.2258 27.1470 -29.8825 -48.8097 5.7210 -33.0366 -26.1675 -23.0361 -39.8838 14.3056 -27.4321 -46.4507 33.7263 -31.2212 -47.9720 -13.2830 -35.7437 -2.4664 -25.3322 -42.1877 20.8937 -28.6962 -48.2349 30.9115 -32.4031 -41.7696 -19.7461 -37.9332 8.2296 -26.4267 -44.5167 28.0758 -30.0353 -48.7611 1.9597 -33.2170 -25.7260 -29.0189 -25.7260 -33.2222 1.9881 -48.7764 -30.0330 28.0744 -44.5168 -26.4267 8.2296 -37.9332 -19.7461 -41.7696 -32.4031 30.9115 -48.2349 -28.6962 20.8937 -42.1877 -25.3322 -2.4664 -35.7437 -13.2830 -47.9720 -31.2212 33.7263 -46.4507 -27.4321 14.3056 -39.8838 -23.0361 -26.1675 -33.0366 5.7210 -48.8097 -29.8825 27.1470 -44.2258 -26.2897 7.2953 -37.6781 -19.1524 -43.0451 -32.2718 32.2905 -48.0939 -28.6098 20.6279 -42.2181 -25.4700 -1.2576
-23.6692 -42.3688 20.8591 -28.6098 -48.0520 32.8283 -32.2029 -43.7979 -18.6924 -37.4812 6.5102 -26.1840 -43.9916 26.4013 -29.7544 -48.8238 9.1266 -32.9793 -28.6267 -22.7225 -39.6639 13.6712 -27.3094 -46.2374 33.2313 -31.0998 -48.2007 -12.3208 -35.4849 -4.1850 -25.1742 -41.9605 20.2300 -28.5615 -48.0913 32.2151 -32.3100 -42.7916 -19.2838 -37.7151 7.4354 -26.3212 -44.2920 27.3600 -29.8943 -48.8019 5.0529 -33.0547 -25.2636 -22.9695 -42.0792 -22.9853 -25.0350 -33.0144 6.0767 -48.8699 -29.8871 27.3529 -44.2926 -26.3212 7.4354 -37.7151 -19.2838 -42.7916 -32.3100 32.2151 -48.0913 -28.5615 20.2300 -41.9605 -25.1742 -4.1850 -35.4849 -12.3208 -48.2007 -31.0998 33.2313 -46.2374 -27.3094 13.6712 -39.6639 -22.7225 -28.6267 -32.9793 9.1266 -48.8238 -29.7544 26.4013 -43.9916 -26.1840 6.5102 -37.4812 -18.6924 -43.7979 -32.2029 32.8283 -48.0520 -28.6098 20.8591 -42.3688 -23.6692
-42.7935 21.4101 -28.6802 -48.0939 32.8283 -32.1780 -44.2011 -18.3468 -37.3189 5.7757 -26.0861 -43.7657 25.6700 -29.6282 -48.8143 12.5882 -32.9112 -30.9240 -22.3935 -39.4483 13.0425 -27.1874 -46.0203 32.6703 -30.9808 -48.3822 -11.2693 -35.2156 -6.1030 -24.9995 -41.7371 19.5829 -28.4268 -47.9373 33.2118 -32.2167 -43.6880 -18.8037 -37.4980 6.6030 -26.2182 -44.0696 26.6530 -29.7543 -48.8184 8.3368 -33.0190 -28.6335 -22.7859 -39.4797 23.0152 -39.3797 -22.8825 -34.3424 -32.0466 12.6080 -48.9043 -29.7382 26.6416 -44.0705 -26.2182 6.6030 -37.4980 -18.8037 -43.6880 -32.2167 33.2118 -47.9373 -28.4268 19.5829 -41.7371 -24.9995 -6.1030 -35.2156 -11.2693 -48.3822 -30.9808 32.6703 -46.0203 -27.1874 13.0425 -39.4483 -22.3935 -30.9240 -32.9112 12.5882 -48.8143 -29.6282 25.6700 -43.7657 -26.0861 5.7757 -37.3189 -18.3468 -44.2011 -32.1780 32.8283 -48.0939 -28.6802 21.4101 -42.7935
22.1948 -28.6555 -48.2017 32.2905 -32.2029 -44.2011 -18.2186 -37.2239 5.2285 -26.0076 -43.5652 24.9931 -29.5131 -48.7827 15.9386 -32.8250 -33.0814 -22.0435 -39.2379 12.4208 -27.0641 -45.7960 32.0457 -30.8680 -48.5218 -10.1191 -34.9317 -8.2723 -24.8065 -41.5186 18.9545 -28.2889 -47.7711 33.9428 -32.1267 -44.4704 -18.3053 -37.2792 5.7127 -26.1173 -43.8493 25.9542 -29.6155 -48.8136 11.8330 -33.2767 -27.8952 -23.6251 -39.2233 12.8881 -32.0825 8.3153 -37.8497 17.2362 -10.2982 -37.1291 16.6944 -48.8666 -29.6028 25.9470 -43.8498 -26.1173 5.7127 -37.2792 -18.3053 -44.4704 -32.1267 33.9428 -47.7711 -28.2889 18.9545 -41.5186 -24.8065 -8.2723 -34.9317 -10.1191 -48.5218 -30.8680 32.0457 -45.7960 -27.0641 12.4208 -39.2379 -22.0435 -33.0814 -32.8250 15.9386 -48.7827 -29.5131 24.9931 -43.5652 -26.0076 5.2285 -37.2239 -18.2186 -44.2011 -32.2029 32.2905 -48.2017 -28.6555 22.1948
-27.8550 -48.3300 31.2287 -32.2718 -43.7979 -18.3468 -37.2239 5.0250 -25.9635 -43.4221 24.4520 -29.4177 -48.7402 18.8743 -32.7236 -35.0819 -21.6658 -39.0367 11.8184 -26.9372 -45.5610 31.3560 -30.7673 -48.6228 -8.8854 -34.6289 -10.7422 -24.5933 -41.3087 18.3540 -28.1458 -47.5896 34.4356 -32.0446 -45.1496 -17.7892 -37.0581 4.7506 -26.0179 -43.6294 25.2621 -29.4754 -48.7845 15.4908 -33.6902 -14.9368 -31.1422 -14.8547 -34.0300 -26.1133 -47.9066 -25.4757 -35.9984 -29.2018 -48.6399 32.8088 -39.6932 19.6510 -48.8391 -29.4784 25.2605 -43.6294 -26.0176 4.7506 -37.0581 -17.7892 -45.1496 -32.0465 34.4366 -47.5901 -28.1458 18.3540 -41.3087 -24.5933 -10.7422 -34.6289 -8.8854 -48.6228 -30.7673 31.3560 -45.5610 -26.9372 11.8184 -39.0367 -21.6658 -35.0819 -32.7236 18.8743 -48.7402 -29.4177 24.4520 -43.4221 -25.9635 5.0250 -37.2239 -18.3468 -43.7979 -32.2718 31.2287 -48.3300 -27.8550
-48.1889 29.6765 -32.3668 -43.0451 -18.6924 -37.3189 5.2285 -25.9635 -43.3708 24.1465 -29.3514 -48.6976 21.1684 -32.6286 -36.8061 -21.2800 -38.8472 11.2404 -26.8064 -45.3119 30.5958 -30.6845 -48.6909 -7.5864 -34.3008 -13.5466 -24.3566 -41.1116 17.7925 -27.9966 -47.3936 34.7012 -31.9736 -45.7304 -17.2616 -36.8354 3.7037 -25.9200 -43.4120 24.5831 -29.3411 -48.7321 18.8425 -33.3077 -14.3387 -35.0335 7.7500 -38.4338 24.5230 -41.9424 34.2281 -41.6448 -9.6714 -47.1363 18.2707 -43.0470 21.7953 -36.4308 21.4068 -48.7703 -29.3465 24.5738 -43.4115 -25.9198 3.7037 -36.8350 -17.2794 -45.7059 -31.9717 34.7035 -47.3941 -27.9966 17.7925 -41.1116 -24.3566 -13.5466 -34.3008 -7.5864 -48.6909 -30.6845 30.5958 -45.3119 -26.8064 11.2404 -38.8472 -21.2800 -36.8061 -32.6286 21.1684 -48.6976 -29.3514 24.1465 -43.3708 -25.9635 5.2285 -37.3189 -18.6924 -43.0451 -32.3668 29.6765 -48.1889
15.7020 -32.0379 -42.0581 -19.1524 -37.4812 5.7757 -26.0076 -43.4221 24.1465 -29.3282 -48.6694 22.6371 -32.5548 -38.1095 -20.9204 -38.6783 10.6969 -26.6776 -45.0507 29.7690 -30.6286 -48.7314 -6.3056 -33.9384 -16.7419 -24.0889 -40.9335 17.2864 -27.8364 -47.1792 34.7533 -31.9239 -46.2160 -16.7344 -36.6067 2.5476 -25.8200 -43.1920 23.9035 -29.2187 -48.6639 21.9554 -32.6043 -33.6952 -30.2606 -29.5294 -35.0284 8.5160 -36.1466 8.9619 -33.1858 11.5240 -37.1628 26.9485 -39.9161 19.2278 -36.7608 -1.1138 -33.6608 21.7837 -48.6908 -29.1932 23.8974 -43.1917 -25.8269 2.3703 -36.2785 -16.8429 -46.3052 -31.9015 34.7545 -47.1800 -27.8364 17.2864 -40.9335 -24.0889 -16.7419 -33.9384 -6.3056 -48.7314 -30.6286 29.7690 -45.0507 -26.6776 10.6969 -38.6783 -20.9204 -38.1095 -32.5548 22.6371 -48.6694 -29.3282 24.1465 -43.4221 -26.0076 5.7757 -37.4812 -19.1524 -42.0581 -32.0379 15.7020
-32.7749 -40.9369 -19.6254 -37.6781 6.5102 -26.0861 -43.5652 24.4520 -29.3514 -48.6694 23.1210 -32.5186 -38.9056 -20.6345 -38.5444 10.2377 -26.5605 -44.7962 28.9190 -30.6007 -48.7515 -5.1768 -33.5386 -20.3003 -23.7839 -40.7887 16.8752 -27.6616 -46.9402 34.5933 -31.9046 -46.6061 -16.2313 -36.3647 1.2824 -25.7051 -42.9156 23.1107 -29.1141 -48.6094 24.4198 -32.4666 -39.5694 -23.7732 -48.6190 -25.7620 -44.8257 -29.1292 -44.3666 -25.4719 -48.9966 -26.3879 -35.1074 -32.2037 -5.0593 -32.6796 -37.6412 -29.0707 -37.0798 -32.6535 26.1541 -48.3654 -28.9652 23.6371 -43.1532 -21.6956 27.9472 -42.8566 -17.6726 -46.8266 -31.8718 34.5922 -46.9417 -27.6616 16.8752 -40.7887 -23.7839 -20.3003 -33.5386 -5.1768 -48.7515 -30.6007 28.9190 -44.7962 -26.5605 10.2377 -38.5444 -20.6345 -38.9056 -32.5186 23.1210 -48.6694 -29.3514 24.4520 -43.5652 -26.0861 6.5102 -37.6781 -19.6254 -40.9369 -32.7749
-41.2643 -20.0663 -37.8885 7.2953 -26.1840 -43.7657 24.9931 -29.4177 -48.6976 22.6371 -32.5186 -39.1729 -20.4807 -38.4499 9.8898 -26.4637 -44.5673 28.1116 -30.5981 -48.7590 -4.3013 -33.1101 -24.0145 -23.4381 -40.7016 16.6289 -27.4669 -46.6714 34.2118 -31.9229 -46.9031 -15.7827 -36.1085 -0.1195 -25.5600 -42.5215 22.8539 -31.9633 -48.7947 27.4268 -32.5143 -40.3347 -20.2996 -42.4766 21.6127 -46.2248 -12.3215 -46.4147 -3.4818 -42.0490 35.2789 -42.2682 -12.3105 -47.9696 -21.3995 -48.8356 -17.8821 -45.9782 -22.0571 -40.6058 -31.0793 15.8899 -47.8847 -28.5860 14.4809 -38.3002 3.8045 -29.2873 -45.6630 -16.9247 -47.0669 -31.9122 34.2103 -46.6722 -27.4669 16.6289 -40.7016 -23.4381 -24.0145 -33.1101 -4.3013 -48.7590 -30.5981 28.1116 -44.5673 -26.4637 9.8898 -38.4499 -20.4807 -39.1729 -32.5186 22.6371 -48.6976 -29.4177 24.9931 -43.7657 -26.1840 7.2953 -37.8885 -20.0663 -41.2643
-19.3824 -38.1011 8.0696 -26.2897 -43.9916 25.6700 -29.5131 -48.7402 21.1684 -32.5548 -38.9056 -20.4807 -38.4129 9.6821 -26.3999 -44.3885 27.4306 -30.6175 -48.7602 -3.8310 -32.6814 -27.5705 -23.0628 -40.6918 16.6359 -27.2472 -46.3712 33.6071 -31.9879 -47.1140 -15.4184 -35.8474 -1.7158 -25.4028 -42.3751 26.4134 -38.2161 17.6136 23.7032 -33.4132 -37.9552 -20.4140 -38.9816 22.8018 -39.8136 28.6741 -40.2724 26.7796 -37.0475 12.7107 -33.9078 12.9555 -37.0057 29.9319 -41.0955 34.6993 -41.1285 29.8858 -40.0106 30.0676 -32.7113 -45.2811 24.8009 -46.7709 -26.0951 -30.3265 -30.8558 -46.1213 -8.0072 -39.9207 -14.5501 -47.1225 -31.9988 33.6060 -46.3713 -27.2472 16.6359 -40.6918 -23.0628 -27.5705 -32.6814 -3.8310 -48.7602 -30.6175 27.4306 -44.3885 -26.3999 9.6821 -38.4129 -20.4807 -38.9056 -32.5548 21.1684 -48.7402 -29.5131 25.6700 -43.9916 -26.2897 8.0696 -38.1011 -19.3824
-38.9747 8.8164 -26.3976 -44.2258 26.4013 -29.6282 -48.7827 18.8743 -32.6286 -38.1095 -20.6345 -38.4499 9.6821 -26.3780 -44.2914 26.9806 -30.6446 -48.7598 -3.7330 -32.2924 -30.6121 -22.6915 -40.7749 16.9577 -27.0035 -46.0483 32.8044 -32.1080 -47.2373 -15.1756 -35.5945 -3.4333 -25.2462 -42.1086 27.0693 -41.4381 30.6674 -44.7377 -16.1942 -48.7747 -11.9744 -37.7642 10.4573 -34.4322 1.1491 -34.8411 1.6164 -32.7240 -32.6011 -27.5377 -49.0643 -27.1068 -35.4251 -32.1498 3.1775 -34.6025 6.0708 -34.5211 1.8371 -33.8029 -25.4089 -15.9979 -42.0005 34.8632 -43.1706 -13.4214 -47.5512 -10.2130 -42.7160 24.9350 -37.0002 -14.9130 -47.1861 -32.1192 32.8037 -46.0484 -27.0035 16.9577 -40.7749 -22.6915 -30.6121 -32.2924 -3.7330 -48.7598 -30.6446 26.9806 -44.2914 -26.3780 9.6821 -38.4499 -20.6345 -38.1095 -32.6286 18.8743 -48.7827 -29.6282 26.4013 -44.2258 -26.3976 8.8164 -38.9747
9.1963 -26.4843 -44.4561 27.1470 -29.7544 -48.8143 15.9386 -32.7236 -36.8061 -20.9204 -38.5444 9.8898 -26.3999 -44.2914 26.8280 -30.6631 -48.7595 -3.8626 -31.9850 -32.8868 -22.3656 -40.9569 17.6602 -26.7318 -45.7234 31.8786 -32.3062 -47.2346 -15.1503 -35.3473 -5.1426 -25.0662 -41.6427 21.5891 -38.8076 20.3232 -41.7903 31.1242 -42.5563 33.4578 -36.6372 2.0546 -28.8700 -48.6876 -25.7292 -48.7866 -24.2235 -48.7983 -16.6035 -44.3292 26.2625 -43.1732 -13.0571 -48.0524 -22.8240 -49.2164 -24.8087 -49.1642 -24.0957 -49.2093 -19.9292 -44.4155 28.5623 -38.9569 19.2798 -38.6010 29.2541 -40.0396 20.1959 -36.8664 6.4769 -35.2315 -15.3194 -47.2145 -32.3118 31.8783 -45.7234 -26.7318 17.6602 -40.9569 -22.3656 -32.8868 -31.9850 -3.8626 -48.7595 -30.6631 26.8280 -44.2914 -26.3999 9.8898 -38.5444 -20.9204 -36.8061 -32.7236 15.9386 -48.8143 -29.7544 27.1470 -44.4561 -26.4843 9.1963
-25.0078 -44.6819 27.8823 -29.8825 -48.8238 12.5882 -32.8250 -35.0819 -21.2800 -38.6783 10.2377 -26.4637 -44.3885 26.9806 -30.6631 -48.7595 -3.9999 -31.7933 -34.3430 -22.1266 -41.2057 18.7233 -26.4235 -45.4278 30.9718 -32.6181 -47.0197 -15.5075 -35.0634 -6.9269 -24.8659 -41.4268 18.3493 -34.1169 -0.2706 -36.7984 12.1774 -37.4314 11.8431 -33.4056 -32.4629 -24.5282 -45.2027 10.6221 -44.1450 20.7533 -43.1598 35.4078 -40.0439 22.5679 -37.1123 18.2765 -38.0612 31.3274 -41.4601 33.6551 -42.9897 31.6266 -42.6599 34.7813 -41.6691 25.6665 -38.2901 4.5204 -34.2059 -7.1622 -33.8544 -0.2665 -33.0708 -35.4871 -30.5640 -8.7839 -34.9241 -15.5751 -47.0125 -32.6284 30.9709 -45.4278 -26.4235 18.7233 -41.2057 -22.1266 -34.3430 -31.7933 -3.9999 -48.7595 -30.6631 26.9806 -44.3885 -26.4637 10.2377 -38.6783 -21.2800 -35.0819 -32.8250 12.5882 -48.8238 -29.8825 27.8823 -44.6819 -25.0078
-44.9110 28.6007 -30.0125 -48.8097 9.1266 -32.9112 -33.0814 -21.6658 -38.8472 10.6969 -26.5605 -44.5673 27.4306 -30.6446 -48.7595 -3.9999 -31.7293 -35.0376 -21.9925 -41.4515 19.9537 -26.0815 -45.1943 30.2387 -33.0785 -46.4184 -16.4089 -34.7268 -10.6841 -25.4168 -39.8214 17.6078 -30.1198 -48.2553 -28.0281 -41.1126 -29.9592 -40.9305 -26.9604 -49.2138 -15.5777 -40.6978 26.7141 -38.2146 20.6546 -37.6639 15.9993 -36.0766 4.8625 -33.2091 -27.9561 -31.7555 -15.7358 -33.7559 7.6582 -35.9982 13.7601 -36.9307 13.5772 -36.1801 9.7592 -34.8204 -14.8470 -30.4519 -47.8149 -25.0209 -49.0724 -24.0510 -49.1031 -20.0242 -47.1766 -25.6019 -10.6393 -34.7648 -16.5296 -46.3408 -33.0153 30.2380 -45.1940 -26.0815 19.9537 -41.4515 -21.9925 -35.0376 -31.7293 -3.9999 -48.7595 -30.6446 27.4306 -44.5673 -26.5605 10.6969 -38.8472 -21.6658 -33.0814 -32.9112 9.1266 -48.8097 -30.0125 28.6007 -44.9110
28.8997 -29.9246 -48.7694 5.7210 -32.9793 -30.9240 -22.0435 -39.0367 11.2404 -26.6776 -44.7962 28.1116 -30.6175 -48.7598 -3.8626 -31.7933 -35.0376 -21.9506 -41.6034 20.9769 -25.7433 -45.0459 29.8010 -33.7081 -45.0058 -17.9097 -34.3994 -14.7059 -27.5883 -46.8674 -15.5013 -25.0141 -48.7830 -8.8363 -45.6606 -13.1641 -46.5307 -8.9113 -43.6739 34.9133 -36.9922 10.4240 -33.3235 -15.9072 -32.1366 -28.3111 -30.2020 -44.2639 -26.6390 -49.0325 -21.7068 -48.3628 -22.9493 -48.6714 -28.7300 -38.0078 -33.6712 -21.1077 -31.8478 -42.1220 -28.2202 -47.8697 -24.3316 -48.4900 -11.3123 -44.4291 25.7640 -43.3861 32.7391 -42.4671 35.2883 -42.1523 -24.3047 -13.0928 -34.6068 -16.7214 -45.9188 -33.4213 29.8086 -45.0456 -25.7432 20.9769 -41.6034 -21.9506 -35.0376 -31.7933 -3.8626 -48.7598 -30.6175 28.1116 -44.7962 -26.6776 11.2404 -39.0367 -22.0435 -30.9240 -32.9793 5.7210 -48.7694 -29.9246 28.8997
-29.5507 -48.7490 2.5477 -33.0366 -28.6267 -22.3935 -39.2379 11.8184 -26.8064 -45.0507 28.9190 -30.5981 -48.7602 -3.7330 -31.9850 -34.3430 -21.9925 -41.6034 21.3745 -25.5145 -44.9735 29.6538 -34.1562 -42.0537 -19.8941 -34.0888 -17.3568 -28.0120 -48.3776 -29.4341 -2.6447 -38.0025 27.6605 -38.5602 26.0629 -39.4356 25.8847 -37.2768 15.2533 -33.0996 -28.4419 -27.0907 -49.0613 -21.6204 -48.4242 -18.8525 -47.1568 -10.9723 -44.9317 22.9076 -43.1881 31.2250 -44.4246 -15.9454 -48.7617 -31.5415 -7.9555 -34.2871 -45.6859 -22.4269 -46.7566 -4.5122 -44.3168 34.4822 -41.2985 26.3786 -38.7524 18.6407 -37.6705 14.7799 -36.7505 20.0984 -40.8744 -24.3744 14.1437 -41.4446 -19.7013 -45.4568 -33.8524 29.6686 -44.9742 -25.5143 21.3745 -41.6034 -21.9925 -34.3430 -31.9850 -3.7330 -48.7602 -30.5981 28.9190 -45.0507 -26.8064 11.8184 -39.2379 -22.3935 -28.6267 -33.0366 2.5477 -48.7490 -29.5507
-48.7647 -0.3554 -33.1963 -26.1675 -22.7225 -39.4483 12.4208 -26.9372 -45.3119 29.7690 -30.6007 -48.7590 -3.8310 -32.2924 -32.8868 -22.1266 -41.4515 20.9769 -25.5146 -44.9520 29.6477 -34.1893 -43.1071 -19.5184 -34.1450 -20.1360 -25.8273 -48.2900 -24.6601 -43.6006 -32.3639 -6.6280 -33.7391 -7.2103 -33.7468 -7.1085 -32.0386 -33.9267 -27.3592 -49.1855 -17.2039 -43.6192 34.0603 -41.8919 34.9899 -41.1750 31.5025 -39.8507 25.2770 -39.3380 24.0395 -40.9808 33.9736 -47.3253 -28.4622 2.4462 -38.7069 26.8904 -25.7329 -47.6055 33.9216 -40.4761 24.5691 -38.5507 12.9368 -35.6444 -4.1492 -32.9255 -27.2512 -30.9239 -38.7409 -31.5956 10.8848 -37.7275 3.9150 -29.1995 -47.9579 -20.5965 -44.4333 -34.1235 29.6602 -44.9535 -25.5143 20.9769 -41.4515 -22.1266 -32.8868 -32.2924 -3.8310 -48.7590 -30.6007 29.7690 -45.3119 -26.9372 12.4208 -39.4483 -22.7225 -26.1675 -33.1963 -0.3554 -48.7647
-8.2375 -33.4823 -23.6060 -23.0361 -39.6639 13.0425 -27.0641 -45.5610 30.5958 -30.6286 -48.7515 -4.3013 -32.6814 -30.6121 -22.3656 -41.2057 19.9537 -25.7433 -44.9732 29.6465 -34.1427 -43.9704 -25.6474 -37.7888 1.2122 -24.8147 -44.1609 -5.2471 -48.2969 -21.9288 -48.7217 -25.3069 -48.7186 -25.9241 -48.5655 -25.9460 -47.7299 -14.7501 -44.0591 34.9123 -38.5822 18.6769 -36.2365 11.3866 -35.7302 8.1796 -35.3412 3.9357 -35.4577 6.0059 -38.0763 24.4846 -43.5836 -19.9990 -32.5239 -37.3275 28.6399 -49.4464 -38.1445 28.4531 -38.7321 11.7462 -35.0721 -11.1378 -31.2357 -44.6590 -26.4671 -48.9725 -21.4981 -48.0617 -17.8118 -48.1480 -25.8951 -37.4170 -30.0184 -47.1115 -17.6635 -43.6919 -20.0420 -44.0497 -34.1684 29.6602 -44.9742 -25.7432 19.9537 -41.2057 -22.3656 -30.6121 -32.6814 -4.3013 -48.7515 -30.6286 30.5958 -45.5610 -27.0641 13.0425 -39.6639 -23.0361 -23.6060 -33.4823 -8.2375
-34.9680 -20.9853 -23.3315 -39.8838 13.6712 -27.1874 -45.7960 31.3560 -30.6845 -48.7314 -5.1768 -33.1101 -27.5705 -22.6915 -40.9569 18.7233 -26.0815 -45.0456 29.6548 -34.1952 -43.7684 -26.8093 -29.9125 -35.2331 29.3155 -41.7821 33.3378 -42.6675 30.7650 -44.8534 2.5337 -45.3734 -14.5816 -48.4422 -27.1874 -47.3263 -4.7943 -38.1637 20.1074 -34.5708 -7.2868 -30.7428 -43.1352 -28.3830 -46.0407 -28.2783 -45.8486 -29.5600 -42.0798 -33.2328 6.3151 -39.6763 33.7802 -48.6019 -31.1753 16.5926 -43.6701 -23.6999 -4.6253 -34.3437 -10.9943 -30.8253 -46.4466 -25.0516 -48.6349 -15.6198 -45.7285 19.1584 -43.1280 35.6916 -41.3129 35.4560 -42.9518 -12.8841 -47.5684 -24.2517 -48.1489 -16.6108 -45.8224 -21.3339 -44.1736 -34.1192 29.6685 -45.0456 -26.0815 18.7233 -40.9569 -22.6915 -27.5705 -33.1101 -5.1768 -48.7314 -30.6845 31.3560 -45.7960 -27.1874 13.6712 -39.8838 -23.3315 -20.9853 -34.9680
-21.4530 -23.6033 -40.1060 14.3056 -27.3094 -46.0203 32.0457 -30.7673 -48.6909 -6.3056 -33.5386 -24.0145 -23.0628 -40.7749 17.6602 -26.4235 -45.1941 29.8018 -34.0579 -43.5239 -21.2516 -48.3134 -31.9110 16.0584 -41.8504 34.8567 -40.7161 25.0657 -40.5333 29.6531 -41.5495 31.6379 -47.0405 -26.6992 1.2030 -39.0664 -14.6698 -39.6206 -27.9848 -48.4494 -22.5283 -46.9022 -13.4637 -46.0476 -14.6854 -47.8091 -25.7585 -48.4761 -27.7154 -41.5210 -35.1752 18.9089 -42.8786 -17.8499 -40.2012 -36.5455 32.2510 -46.5117 -23.1329 -48.8783 -23.6622 -48.3886 -12.7112 -44.8892 32.7204 -41.8230 30.1112 -39.5628 19.5149 -37.6493 12.2470 -36.3658 20.4754 -39.4880 -14.7589 -31.7124 -30.0073 -46.4814 -25.1104 -47.2729 -21.0483 -44.2497 -33.9616 29.8079 -45.1940 -26.4235 17.6602 -40.7749 -23.0628 -24.0145 -33.5386 -6.3056 -48.6909 -30.7673 32.0457 -46.0203 -27.3094 14.3056 -40.1060 -23.6033 -21.4530
-22.0372 -40.3297 14.9410 -27.4321 -46.2374 32.6703 -30.8680 -48.6228 -7.5864 -33.9384 -20.3003 -23.4381 -40.6918 16.9577 -26.7318 -45.4278 30.2367 -33.5927 -43.8955 -18.2417 -42.0696 -18.0674 -33.8022 -34.2986 -14.9201 -47.0712 34.1312 -39.9635 16.4643 -39.0102 25.5812 -43.1005 -13.6016 -47.1509 -34.6608 21.6596 -43.3565 -7.6269 -44.9254 0.1360 -43.2768 19.7945 -41.8812 36.0830 -43.8195 -20.0124 -35.3047 -30.8678 -45.5217 -30.2393 -13.7742 -38.0798 32.9127 -46.4578 -26.6013 -5.8534 -38.5081 32.7847 -43.8433 19.6372 -44.0128 35.3608 -41.1973 26.5775 -38.8023 14.6140 -36.2912 2.4671 -33.4756 -27.2127 -30.5601 -41.4930 -30.0007 -34.1042 0.8981 -38.9968 8.6458 -34.7976 -18.4670 -25.6027 -45.2182 -19.0849 -44.2631 -33.6000 30.2369 -45.4278 -26.7318 16.9577 -40.6918 -23.4381 -20.3003 -33.9384 -7.5864 -48.6228 -30.8680 32.6703 -46.2374 -27.4321 14.9410 -40.3297 -22.0372
-40.9632 15.5775 -27.5540 -46.4507 33.2313 -30.9808 -48.5218 -8.8854 -34.3008 -16.7419 -23.7839 -40.7016 16.6359 -27.0035 -45.7234 30.9709 -33.0498 -45.4199 -17.2179 -40.6199 35.5218 -43.9452 -9.6192 -42.3133 12.2272 -29.7047 -48.0044 33.3276 -38.3140 11.5388 -39.6549 35.5284 -46.4733 -26.4302 -15.7551 -37.8232 27.4236 -41.3269 34.0177 -44.0800 -14.4662 -47.9947 34.8849 -40.8172 35.5249 -49.1074 -34.4972 11.9408 -33.3036 -43.0730 -32.4994 7.4725 -40.0243 30.6071 -48.3761 -29.0617 -3.8904 -37.0365 19.2731 -38.9134 20.5424 -38.0525 11.9002 -35.3645 -7.1483 -31.7164 -42.1289 -27.4209 -48.8676 -22.0236 -47.9561 -15.9169 -46.7865 -11.9246 -41.8007 21.0827 -38.6097 17.3283 -36.9523 -44.0366 -10.6228 -40.4145 -17.5551 -45.0536 -33.1016 30.9705 -45.7234 -27.0035 16.6359 -40.7016 -23.7839 -16.7419 -34.3008 -8.8854 -48.5218 -30.9808 33.2313 -46.4507 -27.5540 15.5775 -40.9632
16.2249 -27.5948 -46.6566 33.7263 -31.0998 -48.3822 -10.1191 -34.6289 -13.5466 -24.0889 -40.7887 16.6289 -27.2472 -46.0483 31.8785 -32.6128 -46.4533 -15.8837 -39.7132 36.0612 -43.5803 34.1515 -41.9759 25.3864 -37.9728 0.9416 -21.2241 -42.4651 15.4278 -37.2978 17.7417 -41.8913 -8.8538 -48.3397 -33.8158 14.8851 -40.7736 31.7651 -45.8788 -21.4654 -44.7897 -28.2407 -44.4061 24.1287 -38.4187 22.0787 -16.5640 -41.9011 9.2925 -31.3335 -43.2296 -33.8838 14.7088 -40.8448 15.6210 -48.4552 -27.2178 -35.1536 -32.7541 -7.7572 -33.3070 -22.9066 -30.3860 -46.1409 -25.4101 -48.7631 -17.0242 -46.0567 11.2137 -43.3216 35.7397 -41.3019 31.8371 -40.2499 22.0937 -39.2594 26.6623 -43.0984 31.0833 -12.6562 -43.2522 27.5018 -36.7628 -17.3751 -46.2863 -32.6358 31.8786 -46.0483 -27.2472 16.6289 -40.7887 -24.0889 -13.5466 -34.6289 -10.1191 -48.3822 -31.0998 33.7263 -46.6566 -27.5948 16.2249
-26.4661 -46.8547 34.1363 -31.2212 -48.2007 -11.2693 -34.9317 -10.7422 -24.3566 -40.9335 16.8752 -27.4669 -46.3712 32.8044 -32.3062 -47.0214 -15.4008 -38.5217 -9.6148 -45.7109 35.8560 -42.3057 26.7289 -40.0350 21.6891 -36.5598 -48.3801 33.0409 -37.5802 4.8689 -38.6654 34.6151 -46.6148 -27.6760 2.6019 -39.6753 26.7760 -48.3125 -23.8419 -45.0969 -34.3170 25.7721 -36.4629 -32.5972 -19.3392 -29.6768 -48.4294 33.5477 -36.2088 -40.9972 -27.5333 -40.6740 -34.8365 17.1776 -40.8084 29.3329 -46.7554 -19.8932 -49.0477 -24.1566 -49.0586 -22.0874 -48.0504 -12.1367 -44.9251 31.8456 -41.9098 30.9403 -39.5808 20.4869 -38.1599 13.9593 -38.2940 20.1220 -39.3538 24.9525 -43.3619 -21.7755 -11.7987 -40.6275 25.9043 -39.6570 10.9649 -35.0325 -16.5542 -46.9978 -32.3115 32.8037 -46.3712 -27.4669 16.8752 -40.9335 -24.3566 -10.7422 -34.9317 -11.2693 -48.2007 -31.2212 34.1363 -46.8547 -26.4661
-46.8877 34.4292 -31.3432 -47.9720 -12.3208 -35.2156 -8.2723 -24.5933 -41.1116 17.2864 -27.6616 -46.6714 33.6071 -32.1080 -47.2346 -15.5075 -35.0202 14.8117 -40.2242 -16.6961 -44.7419 32.3841 -41.4169 33.6369 -43.4546 -19.4307 17.4433 -36.6785 -4.6567 -35.9670 16.8385 -42.2125 -15.5088 -44.5409 -36.0321 32.4791 -47.8720 -28.6594 -35.7623 -32.8293 7.4477 -41.1123 -18.2012 -49.0067 -21.5082 -48.2727 26.6962 -39.3030 -0.2921 -27.7062 -48.4271 -25.5488 -36.3801 -35.7730 16.5895 -40.0759 33.4364 -42.9729 28.1606 -44.3181 24.8926 -43.4951 35.7875 -41.0939 26.5702 -38.8878 14.9510 -36.4439 3.7825 -34.3272 -10.6827 -35.8279 15.9133 -41.9496 34.1090 -41.1693 15.8003 -48.9536 -33.3610 14.8936 -39.7838 26.7647 -34.3739 -0.8628 -34.8726 -15.5819 -47.2284 -32.1100 33.6065 -46.6714 -27.6616 17.2864 -41.1116 -24.5933 -8.2723 -35.2156 -12.3208 -47.9720 -31.3432 34.4292 -46.8877
30.7666 -31.1473 -47.6927 -13.2830 -35.4849 -6.1030 -24.8065 -41.3087 17.7925 -27.8364 -46.9402 34.2118 -31.9879 -47.2364 -15.1539 -35.0596 -10.6781 -28.7817 28.8903 -43.4419 32.9027 -41.3745 -0.2470 -44.7924 17.3270 -47.6268 -28.4485 -38.8974 -31.8560 -6.1346 -38.7189 35.3703 -47.9653 -28.4444 7.5126 -41.3847 -17.1167 15.5070 -36.8031 -5.0249 -36.0049 18.8408 -41.9638 34.4995 -43.0335 35.2738 -39.5113 9.2012 -30.7047 -48.5121 -11.7678 -47.3609 -27.7645 -8.7514 -38.2777 16.7394 -38.7588 19.3572 -39.3475 24.1364 -39.9411 24.6232 -39.5707 15.6865 -37.0002 -2.4166 -32.4682 -39.9822 -28.5903 -47.6798 -29.2927 -12.8404 -36.3131 -18.4344 -47.1805 20.3917 -45.1541 -24.9700 -18.9690 -37.8125 31.8253 -47.0604 -32.0104 -25.2172 -10.0122 -35.0679 -15.1627 -47.2331 -31.9863 34.2118 -46.9402 -27.8364 17.7925 -41.3087 -24.8065 -6.1030 -35.4849 -13.2830 -47.6927 -31.1473 30.7666
-31.2967 -47.3584 -14.1609 -35.7437 -4.1850 -24.9995 -41.5186 18.3540 -27.9966 -47.1792 34.5933 -31.9212 -47.1140 -15.1754 -35.3409 -7.0191 -25.1660 -46.3103 -39.5895 27.5383 -39.9158 33.5810 -46.6464 -24.6206 -46.1199 -3.2999 -47.6603 -23.5104 -47.3731 -33.9757 20.7459 -43.9109 -24.0493 -47.5177 -32.3783 8.8906 -33.1165 -49.4599 33.3870 -36.9148 -11.1094 -36.0631 15.6586 -39.4457 26.1752 -40.0006 11.9550 -32.4044 -48.6236 -10.2033 -42.8419 -0.9181 -49.3812 -30.2607 34.0776 -40.3900 14.7465 -37.2286 9.6296 -38.4797 21.8568 -40.0620 26.1053 -38.2324 -3.7219 -30.9878 -48.6358 -21.7281 -47.4625 -17.4288 -47.2503 -21.6885 -49.1411 11.7627 -26.9977 -47.0269 -15.8437 -47.9204 -34.0994 18.1269 -42.5031 -21.1830 8.8231 -40.9240 -24.6010 -7.0565 -35.3208 -15.1813 -47.1185 -31.9195 34.5933 -47.1792 -27.9966 18.3540 -41.5186 -24.9995 -4.1850 -35.7437 -14.1609 -47.3584 -31.2967
-47.4798 -14.9679 -35.9898 -2.4664 -25.1742 -41.7371 18.9545 -28.1458 -47.3936 34.7533 -31.9028 -46.9061 -15.4003 -35.5984 -5.0541 -24.8646 -41.0485 26.8083 32.2780 -40.7711 10.4278 -30.4584 -35.3354 -15.0569 -22.9488 -44.2780 -7.9548 -47.8106 -26.9024 -17.6027 -37.0754 -2.0699 -16.8010 -31.2987 -46.0828 -29.2603 -44.7461 -14.6964 -41.1199 9.2541 -33.6977 -20.9461 -36.7210 20.6845 -41.5713 22.2345 -31.9795 -44.5762 -17.6896 -42.9001 30.3180 -40.6589 34.0576 -31.0288 -49.6490 26.3504 -39.3118 8.7484 -37.6509 23.0530 -41.9344 10.9615 -45.6573 26.5290 -35.1788 -46.2445 -19.9974 -46.0799 -16.0987 -47.6098 5.2602 -43.7509 35.1477 -36.3902 -43.5848 -19.5988 -48.1645 -29.8552 6.0642 -39.7572 27.8878 -48.6900 -32.4798 19.1456 -41.5029 -25.1288 -6.7465 -35.5396 -15.4569 -46.9097 -31.9028 34.7533 -47.3936 -28.1458 18.9545 -41.7371 -25.1742 -2.4664 -35.9898 -14.9679 -47.4798
-15.9487 -36.2217 -0.9449 -25.3322 -41.9605 19.5829 -28.2889 -47.5896 34.7012 -31.9239 -46.6103 -15.7650 -35.8456 -3.6169 -25.0544 -41.2994 17.4989 -28.6563 -45.6012 22.0888 -33.1419 -48.5723 34.0441 -34.4103 -48.5579 -12.9160 -47.2492 -26.0400 -46.7937 -30.9804 -34.7023 -14.2732 -40.1898 7.4514 -30.1705 -48.7385 -17.1805 -43.4468 23.0632 -35.3268 -38.1521 -33.0988 9.4510 -40.7463 -14.6452 -27.5028 -38.7918 21.1467 -42.0908 24.2444 -37.8600 11.0322 -35.6917 -29.5755 -22.1343 -44.3176 22.0376 -37.8508 19.0879 -41.8889 -14.5759 -48.2536 -23.8623 -40.4900 4.0681 -26.2851 -46.9535 -17.7559 -48.3640 -26.8804 -44.5100 32.5290 -38.9042 -1.0533 -26.7263 -47.5074 -24.5096 -24.4112 -37.7394 32.6970 -45.9286 -25.3726 -21.2651 -37.4579 33.0201 -44.8917 -28.7337 -1.1120 -35.7874 -15.8617 -46.6101 -31.9239 34.7012 -47.5896 -28.2889 19.5829 -41.9605 -25.3322 -0.9449 -36.2217 -15.9487
-37.3345 0.4087 -25.4716 -42.1877 20.2300 -28.4268 -47.7711 34.4356 -31.9736 -46.2183 -16.2259 -36.0919 -2.7362 -25.8760 -42.8017 23.4287 -33.7170 -49.0581 25.1463 -36.8609 -34.2501 -20.9446 -40.9231 4.8818 -25.6887 -47.2153 -26.5629 2.1365 -34.3120 -26.9908 -29.3163 -47.1662 35.1643 -37.4356 -30.2582 -23.0097 -44.7748 32.2809 -37.8619 -17.1475 -30.6853 -33.4712 -36.7327 31.1646 -47.1111 -29.1984 9.8659 -37.8535 14.4511 -35.2545 -18.0182 -31.0670 -42.8765 -24.4782 -46.9651 34.8047 -38.9852 14.7096 -40.1511 13.7872 -48.8256 -33.0363 30.2244 -45.4963 -26.5268 -47.8627 -11.7476 -48.7274 -31.4857 18.6942 -43.3434 -31.1884 -12.4426 -28.6838 -47.9755 -17.1647 -48.0671 -34.1812 20.6723 -43.0496 -18.2186 -44.2268 -35.1413 21.5514 -42.6221 -18.9335 -44.7719 -34.4505 15.3637 -36.0194 -16.3044 -46.2160 -31.9736 34.4356 -47.7711 -28.4268 20.2300 -42.1877 -25.4716 0.4087 -37.3345
0.5023 -25.6106 -42.4165 20.8937 -28.5615 -47.9373 33.9428 -32.0446 -45.7304 -16.7300 -36.3599 -1.4474 -27.6235 -46.3075 35.5420 -39.3786 -4.0476 -24.6677 -42.9349 15.4921 -29.7548 -46.6331 29.2586 -33.9330 -48.7609 -19.5039 -43.3898 -40.4903 28.2186 -36.8647 -27.4225 -22.5322 -43.2913 20.1395 -33.2556 -48.9018 11.3728 -40.0481 9.0221 -32.6279 -46.6099 -31.5268 5.5044 -39.8285 15.4675 -48.9967 -29.4743 -26.0704 -30.6370 -45.6359 -24.9270 -48.5700 -16.1468 -45.5968 35.7587 -39.8235 13.5875 -39.1450 34.7583 -45.6386 -25.6194 0.5123 -39.7284 -3.3003 -45.5184 23.0949 -45.1327 -23.2953 -17.9569 -38.4270 32.2295 -49.5175 -22.1727 -47.3576 -2.1806 -46.8203 -28.4745 6.2138 -40.0962 11.0936 -48.8944 -32.1228 12.6268 -40.6783 -5.5605 -47.9714 -33.9456 24.9559 -43.8460 16.1677 -36.2750 -16.7605 -45.7292 -32.0446 33.9428 -47.9373 -28.5615 20.8937 -42.4165 -25.6106 0.5023
-23.8461 -42.6461 21.5681 -28.6962 -48.0913 33.2118 -32.1267 -45.1495 -17.2605 -36.6090 0.5482 -27.8864 -48.5905 -16.0995 -45.1389 27.6824 -34.9031 -48.9903 28.5768 -36.3301 -43.0868 -9.7417 -38.7833 -9.2316 -22.8094 -44.0458 9.9668 -22.9499 -46.8425 28.5016 -34.5205 -47.9585 0.9546 -39.3564 1.1072 -26.2246 -44.9633 27.7135 -36.6673 -27.2128 -31.1887 -39.2460 -34.9315 15.7819 -40.9020 7.9459 -47.9013 -20.1479 -48.1822 -12.9490 -44.9180 32.7149 -41.9942 29.0106 -39.1040 11.0139 -37.9066 27.7766 -44.6717 -15.3372 -48.7507 -32.1259 12.2291 -39.5959 29.4120 -41.2975 29.1391 -48.4148 -30.2229 9.0914 -40.1375 34.3972 -43.5973 35.7157 -42.9809 -17.6575 -40.7046 -36.6577 32.5204 -46.5287 -27.4337 -1.3587 -39.1444 35.5088 -47.7854 -29.6961 12.9948 -42.8361 16.4209 -27.7151 0.0898 -36.5917 -17.2627 -45.1496 -32.1267 33.2118 -48.0913 -28.6962 21.5681 -42.6461 -23.8461
-43.0564 22.2515 -28.8286 -48.2349 32.2151 -32.2167 -44.4704 -17.7893 -36.8350 2.4320 -26.5933 -47.2976 -25.5415 -48.7687 -5.5624 -41.1401 6.3158 -24.8739 -42.9631 13.0433 -27.6272 -44.6543 21.7099 -32.0209 -48.2853 34.9804 -38.7499 -21.4525 -18.7587 -41.5881 9.8463 -28.2621 -46.1835 29.7252 -35.4481 -46.8793 -7.7311 -40.4684 12.9900 -35.7524 -6.4302 -34.4722 -11.3791 -36.4140 16.5479 -40.1327 34.8520 -42.7437 35.4546 -41.0830 26.4291 -38.8839 15.0680 -36.4226 0.3833 -35.4562 13.4605 -42.5012 -22.0166 -48.5305 -27.7098 -43.8294 -33.4594 5.9876 -37.7849 20.8069 -41.8554 -8.8085 -48.5183 -31.9490 8.5338 -38.4722 21.4934 -40.3129 35.4628 -48.0640 -30.8178 14.2726 -42.2230 -17.5419 -41.3924 -36.3249 27.6489 -44.7621 -23.5600 -24.7179 -37.6832 33.6665 -48.4677 -42.6033 -25.7779 2.5140 -36.8353 -17.7892 -44.4704 -32.2167 32.2151 -48.2349 -28.8286 22.2515 -43.0564
23.0563 -28.8102 -48.3639 30.9115 -32.3100 -43.6880 -18.3053 -37.0585 3.7012 -25.8741 -43.0848 -23.7546 -26.2837 -27.8092 -47.4128 32.4995 -34.4072 -49.2613 34.8870 -34.9572 -48.3940 18.3636 -37.1335 -32.7686 -18.0911 -41.4435 15.4637 -31.0077 -47.9608 34.6535 -36.4582 -42.4957 -14.3087 -40.9481 8.8384 -28.4880 -46.4790 34.1704 -39.4358 18.4211 -38.5538 16.6913 -36.9448 -3.7191 -35.6289 7.7344 -37.1407 14.7418 -37.1531 10.2442 -35.2074 -6.5847 -32.0609 -39.7987 -30.0724 -33.7034 -35.6324 26.6737 -23.1358 -33.7269 -16.3264 -32.6896 -38.5024 -32.7613 -8.2854 -37.4274 25.1940 -43.2895 -15.7927 -48.3951 -31.0340 -5.2937 -36.9693 19.6453 -42.5734 -19.9688 -29.4584 -37.7468 34.9455 -48.6694 -31.5058 14.1622 -41.7299 -12.9522 -47.2426 -34.2128 21.3426 -43.3672 -22.3373 26.2384 -42.9575 -25.8221 3.7037 -37.0581 -18.3053 -43.6880 -32.3100 30.9115 -48.3639 -28.8102 23.0563
-28.0589 -48.4777 29.2949 -32.4031 -42.7916 -18.8037 -37.2792 4.7524 -25.9194 -43.1963 26.6089 -5.9068 -36.3479 -31.4426 -23.2520 -40.4074 -2.7421 -21.1350 -40.5176 2.8435 -23.9956 -42.5794 14.5466 -29.8287 -46.9568 32.5190 -36.4337 -41.4562 -16.2899 -41.4734 11.2795 -29.5672 -47.2060 33.3613 -36.3451 -42.8274 -16.0282 -42.3667 34.7355 -42.5827 31.5794 -43.3706 26.1119 -36.6819 -24.6773 -31.7537 -34.7237 -31.0625 -36.3953 -29.3089 -46.9279 -25.4020 -48.8921 -19.9566 -48.2592 -24.8612 -40.7146 -29.0762 -45.4964 26.0535 -38.3442 12.2801 -33.9575 -42.1409 -31.6932 -4.8898 -38.3308 29.6552 -43.9538 -14.8659 -48.7646 -30.3079 -6.0668 -38.2553 35.6692 -48.4440 -31.7703 17.8958 -43.4285 -22.7311 -17.4385 -38.4060 34.1689 -48.6319 -31.0685 12.0680 -40.1355 8.1392 -48.3989 -30.8966 23.2494 -43.1961 -25.9202 4.7506 -37.2792 -18.8037 -42.7916 -32.4031 29.2949 -48.4777 -28.0589
-48.3092 27.2811 -32.4942 -41.7696 -19.2838 -37.4980 5.7144 -26.0173 -43.4061 23.9695 -28.3807 -46.8362 17.9925 -33.4736 -43.5392 12.2386 -29.1025 -46.7591 25.3548 -31.8122 -48.4149 35.1212 -36.0625 -44.1757 -12.5455 -40.5491 8.4279 -29.0150 -46.8955 33.2233 -36.5662 -41.1847 -16.3167 -41.5460 11.6097 -30.0099 -47.6012 3.6165 -45.4898 -18.6265 -49.1418 -22.1587 -43.5675 16.8711 -32.5464 -48.2807 -22.8436 -48.4593 -18.8492 -47.2433 -9.1230 -44.8192 27.3872 -43.1023 30.3767 -45.4719 -16.1039 -48.5764 33.7577 -41.1742 33.7326 -42.0097 12.9687 -31.5686 -47.0492 -31.6151 3.5143 -39.1442 31.8672 -44.1906 -15.5312 -48.4964 -32.7633 14.4441 -42.1574 -20.0783 -26.0671 -37.9282 29.4012 -49.1038 -33.4198 21.3570 -44.0895 -24.4634 -5.4209 -39.1619 27.0089 -48.5568 -27.8676 -36.8593 -32.8211 23.9325 -43.4127 -26.0179 5.7127 -37.4980 -19.2838 -41.7696 -32.4942 27.2811 -48.3092
11.8629 -32.1382 -40.6187 -19.7461 -37.7151 6.6063 -26.1168 -43.6298 24.6130 -29.1334 -48.6809 34.4933 -35.5911 3.6522 -38.8149 -13.3257 -46.7880 35.2578 -35.9557 -42.7691 -13.8963 -40.3347 7.3288 -28.1662 -46.0063 30.1705 -35.8735 -44.8386 -13.6572 -41.2447 11.0990 -29.9313 -47.5807 34.7380 -36.9518 -36.9726 -23.1168 -47.7719 -25.0640 -40.7216 -33.1207 -0.4314 13.7585 -37.0963 -30.0797 -22.3710 -45.7281 29.0944 -42.6062 34.5460 -40.6171 26.2531 -39.3342 21.1991 -39.6851 29.4719 -41.9418 35.5354 -41.5414 34.5130 -47.5146 -18.8397 -35.3421 -32.5777 -25.8391 -47.6179 -32.7818 9.0690 -39.9631 35.0374 -45.5223 -22.6760 -34.6493 -36.9099 34.9414 -48.1127 -31.4652 18.1702 -43.5994 -23.9702 -6.3825 -38.8423 9.1333 -48.3739 -34.8336 29.7493 -46.9870 -28.6644 7.5303 -38.6345 -29.8768 -31.3442 24.5929 -43.6293 -26.1173 6.6030 -37.7151 -19.7461 -40.6187 -32.1382 11.8629
-32.9708 -39.3309 -20.1875 -37.9332 7.4369 -26.2182 -43.8590 25.3336 -29.2544 -48.4366 29.0424 -35.3846 -18.8981 -34.9442 14.9943 -40.6271 27.3119 -37.3053 -15.6526 -25.0558 -44.2415 27.2736 -35.4772 -46.3889 -10.2675 -40.5354 8.1248 -28.7903 -46.8771 33.3026 -36.7699 -39.4365 -17.6161 -42.0004 13.5275 -32.0187 -48.2239 -28.5414 -29.8093 -35.3865 24.1238 -46.0963 -29.8412 -17.3768 -26.5134 -46.7222 35.9098 -40.3625 19.9589 -38.0894 10.4143 -36.1926 1.4619 -35.5916 5.6904 -37.7252 17.5808 -40.0254 33.6716 -46.4772 -26.8978 11.3240 -49.2059 -20.0076 -47.1583 -22.2435 -43.4727 -34.7456 14.6700 -41.0782 29.4556 -48.1245 -29.7327 9.7523 -41.1336 -17.8046 -32.8401 -37.4682 30.3469 -49.1291 -33.7212 23.7297 -44.5922 -26.7093 7.1017 -41.0489 -18.6170 -24.3385 -39.1055 34.0533 -24.6967 -48.3673 -29.3431 25.2621 -43.8493 -26.2182 7.4354 -37.9332 -20.1875 -39.3309 -32.9708
-39.6984 -20.6000 -38.1495 8.2295 -26.3215 -44.0828 26.0250 -29.8550 -48.5572 12.5548 -38.1243 4.9109 -33.1042 -35.3325 -34.5274 7.1330 -35.4817 -19.9397 -28.6374 -47.7857 1.8160 -40.2529 8.3312 -28.6321 -46.5219 31.3474 -36.0877 -44.0358 -14.3146 -41.4801 11.8312 -30.2821 -47.9030 35.4370 -37.6152 -21.3835 -32.2692 -10.4453 -36.4474 15.7142 -40.1314 21.6292 -49.1678 -22.4428 -46.8471 29.7149 -40.8110 17.9498 -37.2508 -3.6677 -34.6079 -29.8935 -32.7211 -35.4871 -34.7220 2.4242 -37.9275 21.7161 -41.5412 -13.2533 -43.5495 -36.3983 35.2609 -43.3834 24.8968 -47.0195 -25.9647 -26.8373 -36.9332 22.0880 -42.7422 -14.2617 -46.2127 -35.4023 30.7666 -46.9129 -30.0757 15.6905 -43.0624 -23.3481 -7.2840 -38.6933 0.7340 -47.3420 -35.3794 33.9187 -48.1315 -31.8159 23.8487 -47.0103 -29.7456 21.9761 -48.7315 -29.4757 25.9529 -44.0696 -26.3212 8.2296 -38.1495 -20.6000 -39.6984
-19.7642 -38.3640 8.9825 -26.4269 -44.2981 26.7448 -30.3677 -48.7371 -16.0285 -43.1944 27.9589 -37.1951 -24.1339 -30.9151 -42.3595 -31.8799 -38.4293 -30.4841 -48.2153 -25.3062 -49.0486 35.1178 -36.5295 -42.6697 -13.2408 -40.8731 8.4801 -28.6344 -46.8823 33.2158 -36.8440 -38.8474 -17.9657 -42.2276 14.9466 -35.3289 -2.8261 -38.1350 28.3839 -40.9686 31.4075 -41.8142 13.9822 -45.0260 3.0460 -44.2860 26.2138 -39.3981 3.4628 -33.5069 -10.6729 -34.0459 -25.8867 -33.0829 9.4124 -37.1705 22.8442 -40.3295 13.2861 -45.8457 -26.3973 -3.7658 -38.5284 24.8806 -41.6634 10.3389 -48.5584 -29.8276 -1.3056 -38.7926 32.6283 -45.7270 -26.2100 0.5494 -39.4799 -11.1868 -42.7938 -36.4758 35.0054 -48.9850 -33.1088 23.2522 -44.5510 -27.2341 8.9204 -41.2853 -19.4663 -27.8875 -36.9340 -3.9075 -38.7379 -32.6303 18.8405 -48.7828 -29.6164 26.6502 -44.2920 -26.4267 8.9825 -38.3640 -19.7642
-39.2071 9.6975 -26.5352 -44.5151 27.4233 -30.3472 -48.5771 -26.0305 -48.4904 -6.7618 -41.9728 21.3116 -35.3173 -36.3854 -31.0478 -39.0382 -32.7278 -25.4617 -32.9717 -10.2979 -27.6797 -40.7117 8.1277 -27.2030 -46.2728 28.4996 -35.4776 -46.3522 -10.6384 -41.0449 10.3538 -29.7961 -47.6934 35.3478 -38.2605 1.4478 -37.4041 32.3677 -46.8555 -11.9701 -44.6507 36.1101 -42.4170 -2.9175 77.6938 21.2707 -145.0117 6.6050 -77.4330 -37.3431 -169.9292 -19.9090 -63.4497 -167.1954 -75.9472 17.2567 -46.9843 67.5065 -64.9057 -17.5479 -48.1660 -29.6861 -1.5045 -37.9448 24.9438 -43.1191 -13.9393 -48.2189 -32.7745 10.3060 -40.2278 20.5730 -48.9728 -33.0955 23.2607 -44.9257 -27.6690 10.7255 -41.8488 -21.0727 -17.1573 -38.0584 2.0433 -46.9529 -35.6446 35.1206 -48.4315 -32.1155 17.3096 -41.4125 -23.3861 -34.7241 -33.1854 15.3795 -48.8120 -29.7550 27.3586 -44.5167 -26.5342 9.7003 -39.2083
10.1625 -26.6110 -44.7675 28.1635 -30.0740 -48.7506 -27.8206 -18.6164 -29.4026 -48.5557 -3.6666 -40.8822 19.1922 -35.3963 -10.8772 -35.5698 11.4607 -37.6348 15.7790 -38.9706 17.6591 -25.2481 -28.6728 -48.8820 30.8146 -39.0757 -3.9734 -25.8903 -45.5282 28.4927 -36.0571 -43.8845 -15.2299 -41.9484 17.0303 -36.7135 14.3182 -43.7934 -24.4649 -41.2072 -23.5395 -45.6129 18.5505 61.8194 -6.6238 -41.5619 -59.6517 -18.4938 -77.7281 -65.9897 -4.4777 -72.1447 -171.8416 -89.1929 -99.5911 -13.3386 0.9291 -62.6500 -156.5847 -43.6817 -6.3806 -48.6698 -30.4938 0.0739 -38.8472 32.7346 -45.4255 -21.7744 -41.8377 -35.3451 20.0595 -42.7407 -20.5405 -27.5479 -37.4380 16.1128 -48.4282 -35.0335 33.4290 -47.9288 -31.4816 20.1523 -44.1323 -26.7948 10.0811 -42.0498 -21.9106 -11.5850 -38.9793 28.7412 -48.4286 -29.7642 -17.0876 -33.5556 11.7710 -48.8175 -29.8943 28.0758 -44.7415 -26.6156 10.1163
