-18.7130 -40.0833 13.2662 -25.8108 -46.0557 31.2790 -30.5308 -48.5193 -13.4130 -36.3846 -7.0034 -23.1556 -42.1305 20.0287 -27.3459 -47.7996 23.8219 -32.2597 -44.3464 -18.3153 -38.3732 6.5795 -24.5804 -44.2499 26.9218 -29.0103 -48.6761 -3.3448 -34.1170 -29.4587 -21.3020 -40.3249 14.1038 -25.9927 -46.2997 31.4272 -30.7478 -48.3177 -14.2186 -36.6706 -4.5163 -23.3679 -42.3914 20.8795 -27.5453 -47.9661 20.9744 -32.4684 -43.2011 -18.7471 -40.5040 -18.7471 -43.2011 -32.4684 20.9744 -47.9661 -27.5453 20.8795 -42.3914 -23.3679 -4.5163 -36.6706 -14.2186 -48.3177 -30.7478 31.4272 -46.2997 -25.9927 14.1038 -40.3249 -21.3020 -29.4587 -34.1170 -3.3448 -48.6761 -29.0103 26.9218 -44.2499 -24.5804 6.5795 -38.3732 -18.3153 -44.3464 -32.2597 23.8219 -47.7996 -27.3459 20.0287 -42.1305 -23.1556 -7.0034 -36.3846 -13.4130 -48.5193 -30.5308 31.2790 -46.0557 -25.8108 13.2662 -40.0833 -18.7130
-40.0833 13.0645 -27.1283 -45.9597 32.4602 -30.6351 -48.4565 -10.7117 -35.1173 -6.8567 -24.9260 -41.6246 19.2589 -28.2678 -47.8768 33.4528 -31.7512 -44.1022 -18.5496 -37.4193 6.2882 -26.1632 -43.9569 26.2919 -29.5264 -48.8249 9.7783 -32.8061 -28.9682 -22.6646 -39.6178 13.5377 -27.2327 -46.2058 33.1409 -30.7765 -48.2431 -12.1171 -35.4480 -4.4484 -25.1530 -41.9128 20.0915 -28.4199 -48.0684 32.3205 -31.8699 -42.9959 -19.2222 -37.4974 17.2283 -37.4974 -19.2222 -42.9959 -31.8699 32.3205 -48.0684 -28.4199 20.0915 -41.9128 -25.1530 -4.4484 -35.4480 -12.1171 -48.2431 -30.7765 33.1409 -46.2058 -27.2327 13.5377 -39.6178 -22.6646 -28.9682 -32.8061 9.7783 -48.8249 -29.5264 26.2919 -43.9569 -26.1632 6.2882 -37.4193 -18.5496 -44.1022 -31.7512 33.4528 -47.8768 -28.2678 19.2589 -41.6246 -24.9260 -6.8567 -35.1173 -10.7117 -48.4565 -30.6351 32.4602 -45.9597 -27.1283 13.0645 -40.0833
13.2662 -27.1283 -45.8763 32.0752 -30.8092 -48.5723 -9.4898 -34.8474 -8.9958 -24.7270 -41.3966 18.6054 -28.2583 -47.7155 34.1055 -32.0285 -44.8682 -18.0206 -37.2109 5.4221 -26.0639 -43.7282 25.5722 -29.5874 -48.8117 13.4233 -32.9321 -31.1744 -22.3493 -39.3971 12.8927 -27.1763 -45.9951 32.6005 -30.9341 -48.4194 -11.0013 -35.1856 -6.3345 -24.9701 -41.6842 19.4305 -28.4180 -47.9185 33.2990 -32.1682 -43.8838 -18.6867 -37.4931 5.6036 -31.3825 5.6037 -37.4931 -18.6876 -43.8839 -32.1682 33.2990 -47.9185 -28.4180 19.4305 -41.6842 -24.9701 -6.3345 -35.1856 -11.0013 -48.4194 -30.9341 32.6005 -45.9951 -27.1763 12.8927 -39.3971 -22.3493 -31.1744 -32.9321 13.4233 -48.8117 -29.5874 25.5722 -43.7282 -26.0639 5.4221 -37.2109 -18.0206 -44.8682 -32.0285 34.1055 -47.7155 -28.2583 18.6054 -41.3966 -24.7270 -8.9958 -34.8474 -9.4898 -48.5723 -30.8092 32.0752 -45.8763 -27.1283 13.2662
-25.8108 -45.9597 32.0752 -30.7675 -48.6322 -8.4129 -34.6084 -11.1956 -24.5223 -41.1734 17.9598 -28.1300 -47.5429 34.4998 -31.9193 -45.5410 -17.4534 -37.0044 4.5047 -25.9609 -43.4955 24.8447 -29.4577 -48.7747 16.8802 -32.8663 -33.2427 -22.0062 -39.1783 12.2432 -27.0584 -45.7779 31.9913 -30.8078 -48.5549 -9.7644 -34.9113 -8.4519 -24.7771 -41.4567 18.7774 -28.2884 -47.7564 33.9792 -32.0638 -44.6740 -18.1661 -37.2594 5.7480 -26.3285 -46.2231 -26.3284 5.7386 -37.2574 -18.1659 -44.6741 -32.0638 33.9792 -47.7564 -28.2884 18.7774 -41.4567 -24.7771 -8.4519 -34.9113 -9.7644 -48.5549 -30.8078 31.9913 -45.7779 -27.0584 12.2432 -39.1783 -22.0062 -33.2427 -32.8663 16.8802 -48.7747 -29.4577 24.8447 -43.4955 -25.9609 4.5047 -37.0044 -17.4534 -45.5410 -31.9193 34.4998 -47.5429 -28.1300 17.9598 -41.1734 -24.5223 -11.1956 -34.6084 -8.4129 -48.6322 -30.7675 32.0752 -45.9597 -25.8108
-46.0557 32.4602 -30.8092 -48.6322 -7.9398 -34.4656 -12.9413 -24.3370 -40.9735 17.3566 -28.0053 -47.3624 34.6973 -31.8075 -46.1276 -16.8501 -36.7998 3.5262 -25.8588 -43.2590 24.1127 -29.3299 -48.7188 20.0972 -32.7835 -35.1625 -21.6424 -38.9617 11.5890 -26.9403 -45.5544 31.3337 -30.6827 -48.6532 -8.3711 -34.6266 -10.8049 -24.5667 -41.2311 18.1333 -28.1570 -47.5827 34.4313 -31.9585 -45.3649 -17.6166 -37.0394 4.6643 -25.9719 -43.1760 34.7330 -43.1694 -25.9800 4.7382 -37.0477 -17.6112 -45.3649 -31.9584 34.4313 -47.5827 -28.1570 18.1333 -41.2311 -24.5667 -10.8049 -34.6266 -8.3711 -48.6532 -30.6827 31.3337 -45.5544 -26.9403 11.5890 -38.9617 -21.6424 -35.1625 -32.7835 20.0972 -48.7188 -29.3299 24.1127 -43.2590 -25.8588 3.5262 -36.7998 -16.8501 -46.1276 -31.8075 34.6973 -47.3624 -28.0053 17.3566 -40.9735 -24.3370 -12.9413 -34.4656 -7.9398 -48.6322 -30.8092 32.4602 -46.0557
31.2790 -30.6351 -48.5723 -8.4129 -34.4656 -13.6106 -24.2229 -40.8234 16.8653 -27.8970 -47.1884 34.7220 -31.6920 -46.6371 -16.2027 -36.5966 2.4775 -25.7586 -43.0219 23.3869 -29.2052 -48.6468 22.9659 -32.6920 -36.9080 -21.2610 -38.7494 10.9341 -26.8231 -45.3284 30.6445 -30.5602 -48.7174 -6.8057 -34.3334 -13.3427 -24.3411 -41.0095 17.5034 -28.0260 -47.4018 34.6729 -31.8515 -45.9644 -17.0365 -36.8094 3.6337 -28.0545 -40.9875 23.2416 -34.0060 23.3665 -43.2162 -25.8574 3.8296 -36.8373 -17.0284 -45.9647 -31.8493 34.6742 -47.4013 -28.0258 17.5034 -41.0095 -24.3411 -13.3427 -34.3334 -6.8057 -48.7174 -30.5602 30.6445 -45.3284 -26.8231 10.9341 -38.7494 -21.2610 -36.9080 -32.6920 22.9659 -48.6468 -29.2052 23.3869 -43.0219 -25.7586 2.4775 -36.5966 -16.2027 -46.6371 -31.6920 34.7220 -47.1884 -27.8970 16.8653 -40.8234 -24.2229 -13.6106 -34.4656 -8.4129 -48.5723 -30.6351 31.2790
-30.5308 -48.4565 -9.4898 -34.6084 -12.9413 -24.2229 -40.7639 16.5717 -27.8202 -47.0436 34.6304 -31.5825 -47.0609 -15.5136 -36.3919 1.3627 -25.6576 -42.7805 22.6557 -29.0862 -48.5596 25.4455 -32.5844 -38.5115 -20.8545 -38.5426 10.2795 -26.7051 -45.0960 29.9196 -30.4439 -48.7518 -5.0479 -34.0273 -16.0605 -24.0978 -40.7925 16.8883 -27.8928 -47.2104 34.7324 -31.7323 -46.4956 -16.4017 -36.6047 2.2035 -33.6395 31.1617 -49.1912 -25.6975 -44.3555 -33.2942 35.5294 -43.2216 -25.7482 2.7523 -35.1503 -25.8260 -46.5181 -31.7368 34.7343 -47.2105 -27.8931 16.8883 -40.7925 -24.0978 -16.0605 -34.0273 -5.0479 -48.7518 -30.4439 29.9196 -45.0960 -26.7051 10.2795 -38.5426 -20.8545 -38.5115 -32.5844 25.4455 -48.5596 -29.0862 22.6557 -42.7805 -25.6576 1.3627 -36.3919 -15.5136 -47.0609 -31.5825 34.6304 -47.0436 -27.8202 16.5717 -40.7639 -24.2229 -12.9413 -34.6084 -9.4898 -48.4565 -30.5308
-48.5193 -10.7117 -34.8474 -11.1956 -24.3370 -40.8234 16.5717 -27.7920 -46.9587 34.5101 -31.4947 -47.3804 -14.8372 -36.1896 0.1969 -25.5484 -42.5308 21.9084 -28.9768 -48.4641 27.4972 -32.4503 -39.9954 -20.4144 -38.3454 9.6382 -26.5845 -44.8537 29.1530 -30.3386 -48.7603 -3.1095 -33.7052 -18.9435 -23.8327 -40.5810 16.2890 -27.7583 -47.0081 34.6278 -31.6144 -46.9981 -15.7964 -36.4482 0.5965 -31.9731 -0.9022 -40.9431 34.8962 -42.4126 22.9573 -15.5454 -47.3986 36.0938 -43.1242 -21.3354 -49.4374 -2.9288 -28.7002 -47.0070 -31.6143 34.6295 -47.0095 -27.7587 16.2890 -40.5810 -23.8327 -18.9435 -33.7052 -3.1095 -48.7603 -30.3386 29.1530 -44.8537 -26.5845 9.6382 -38.3454 -20.4144 -39.9954 -32.4503 27.4972 -48.4641 -28.9768 21.9084 -42.5308 -25.5484 0.1969 -36.1896 -14.8372 -47.3804 -31.4947 34.5101 -46.9587 -27.7920 16.5717 -40.8234 -24.3370 -11.1956 -34.8474 -10.7117 -48.5193
-13.4130 -35.1173 -8.9958 -24.5223 -40.9735 16.8653 -27.8202 -46.9587 34.4558 -31.4416 -47.5822 -14.2664 -36.0126 -0.9538 -25.4317 -42.2876 21.1669 -28.8783 -48.3622 29.1447 -32.2874 -41.3760 -19.9290 -38.1611 9.0198 -26.4602 -44.5980 28.3382 -30.2488 -48.7480 -1.0373 -33.3651 -21.9173 -23.5446 -40.3776 15.7124 -27.6232 -46.7978 34.3803 -31.4843 -47.4225 -25.2413 -33.2155 0.5126 -27.3836 -48.7387 -31.2276 6.7083 -36.3101 4.0156 26.8549 -42.9725 33.6874 -40.3141 22.5983 -40.0465 31.7220 -36.4045 -38.0380 -24.0720 -47.4918 -31.5046 34.3794 -46.7996 -27.6229 15.7124 -40.3776 -23.5446 -21.9173 -33.3651 -1.0373 -48.7480 -30.2488 28.3382 -44.5980 -26.4602 9.0198 -38.1611 -19.9290 -41.3760 -32.2874 29.1447 -48.3622 -28.8783 21.1669 -42.2876 -25.4317 -0.9538 -36.0126 -14.2664 -47.5822 -31.4416 34.4558 -46.9587 -27.8202 16.8653 -40.9735 -24.5223 -8.9958 -35.1173 -13.4130
-36.3846 -6.8567 -24.7270 -41.1734 17.3566 -27.8970 -47.0436 34.5101 -31.4416 -47.6522 -13.9171 -35.8866 -1.9112 -25.3235 -42.0704 20.4714 -28.7908 -48.2587 30.4232 -32.0911 -42.6645 -19.3761 -37.9984 8.4561 -26.3300 -44.3210 27.4543 -30.1847 -48.7362 1.0545 -32.9999 -24.9462 -23.2276 -40.1858 15.1672 -27.4857 -46.5780 34.0035 -31.3369 -47.8153 -27.0756 18.8510 -43.1782 -7.3919 -43.3687 -13.0442 -48.6994 -28.4385 -42.9233 -25.7917 -42.7450 23.3237 -38.5209 9.0638 -35.2581 2.5676 -34.1377 -23.3937 -26.6585 -45.9141 -15.7530 -47.7547 -31.4183 34.0002 -46.5789 -27.4855 15.1672 -40.1858 -23.2276 -24.9462 -32.9999 1.0546 -48.7362 -30.1847 27.4543 -44.3210 -26.3300 8.4561 -37.9984 -19.3761 -42.6645 -32.0911 30.4232 -48.2587 -28.7908 20.4714 -42.0704 -25.3235 -1.9112 -35.8866 -13.9171 -47.6522 -31.4416 34.5101 -47.0436 -27.8970 17.3566 -41.1734 -24.7270 -6.8567 -36.3846
-7.0034 -24.9260 -41.3966 17.9598 -28.0053 -47.1884 34.6304 -31.4947 -47.5822 -13.9171 -35.8386 -2.4716 -25.2455 -41.9006 19.8903 -28.7228 -48.1635 31.3673 -31.8764 -43.8124 -18.7587 -37.8676 8.0041 -26.1936 -44.0176 26.4895 -30.1635 -48.7386 2.9006 -32.6428 -28.0038 -22.8719 -40.0082 14.6654 -27.3501 -46.3506 33.5163 -31.2371 -48.1378 -20.5426 -48.0860 -36.3889 21.0266 -39.3413 33.0139 -44.2249 -19.6028 -48.1926 -18.5981 -46.6532 32.2688 -37.8914 -1.1562 -32.1298 -44.8589 -27.0084 -48.6507 -22.6181 -47.7017 35.1401 -38.3418 -12.5998 -47.9350 -31.2850 33.5214 -46.3549 -27.3523 14.6602 -40.0087 -22.8718 -28.0059 -32.6385 2.9008 -48.7402 -30.1621 26.4907 -44.0176 -26.1936 8.0041 -37.8676 -18.7587 -43.8124 -31.8764 31.3673 -48.1635 -28.7228 19.8903 -41.9006 -25.2455 -2.4716 -35.8386 -13.9171 -47.5822 -31.4947 34.6304 -47.1884 -28.0053 17.9598 -41.3966 -24.9260 -7.0034
-23.1556 -41.6246 18.6054 -28.1300 -47.3624 34.7220 -31.5825 -47.3804 -14.2664 -35.8866 -2.4716 -25.2169 -41.8048 19.4988 -28.6803 -48.0884 31.9919 -31.6599 -44.7667 -18.0987 -37.7722 7.7004 -26.0554 -43.6863 25.4365 -30.2046 -48.7312 4.0269 -32.2750 -30.9137 -22.4665 -39.8442 14.2053 -27.2192 -45.3855 33.1015 -31.0876 -48.2538 -12.1759 -42.7654 -21.5859 -30.2259 -34.0419 11.0284 -38.8229 -12.4020 -47.8023 -22.2398 -46.0817 34.1965 -40.1491 6.6378 -31.5554 -48.5290 -19.2243 -45.9740 9.1785 -43.3176 34.3293 -39.2701 13.0683 -35.6949 -12.2324 -48.2378 -31.0797 32.9909 -46.1398 -27.2278 14.1925 -39.8498 -22.4687 -31.0313 -32.2955 4.0819 -48.7318 -30.2029 25.4376 -43.6863 -26.0554 7.7004 -37.7722 -18.0987 -44.7667 -31.6599 31.9919 -48.0884 -28.6803 19.4988 -41.8048 -25.2169 -2.4716 -35.8866 -14.2664 -47.3804 -31.5825 34.7220 -47.3624 -28.1300 18.6054 -41.6246 -23.1556
-42.1305 19.2589 -28.2583 -47.5429 34.6973 -31.6920 -47.0609 -14.8372 -36.0126 -1.9112 -25.2455 -41.8048 19.3576 -28.6581 -48.0425 32.3339 -31.4608 -45.5051 -17.4297 -37.7210 7.5639 -25.9238 -43.3428 24.3400 -30.3342 -48.6971 3.8094 -31.8124 -34.5780 -22.8028 -38.7803 15.2248 -26.9477 -44.4101 -16.4890 -25.6117 -49.4472 -10.5112 -37.2080 30.6860 -44.8308 -20.7821 -48.6788 -28.4031 -40.5897 30.8655 -34.6437 -45.0092 -14.3443 -42.7835 19.5643 -34.5729 -46.7497 -17.9685 -44.2447 34.4220 -39.5014 19.4583 -36.9341 0.6433 -32.7021 -3.7568 -35.4367 -10.4956 -48.4882 -30.8144 32.4442 -45.9421 -27.0955 13.8452 -39.7238 -22.0187 -33.9212 -31.8689 3.8704 -48.6959 -30.3335 24.3400 -43.3428 -25.9238 7.5639 -37.7210 -17.4297 -45.5051 -31.4608 32.3339 -48.0425 -28.6581 19.3576 -41.8048 -25.2455 -1.9112 -36.0126 -14.8372 -47.0609 -31.6920 34.6973 -47.5429 -28.2583 19.2589 -42.1305
20.0287 -28.2678 -47.7155 34.4998 -31.8075 -46.6371 -15.5136 -36.1896 -0.9538 -25.3235 -41.9006 19.4988 -28.6581 -48.0264 32.4931 -31.3230 -45.9954 -16.8344 -37.7073 7.6026 -25.8086 -43.0191 23.3042 -30.5718 -48.7008 1.5574 -31.2330 -37.3384 -26.9140 -20.4872 -47.1611 -22.2535 -43.5916 -13.3594 -7.6441 -38.0994 26.4709 -35.1012 5.8969 -37.3159 27.0377 -42.2734 14.0781 -45.7092 -7.5415 -40.0860 5.7827 -27.7409 -46.9911 34.4325 -38.1000 -19.2198 -24.6200 -45.5496 33.4543 -38.8936 8.1490 -33.4518 -35.7688 -27.3543 -48.7314 -26.7052 -4.8412 -35.7972 -7.5458 -48.6700 -30.6705 31.5182 -44.7774 -29.2880 14.0714 -39.4179 -21.5123 -36.5998 -31.2757 1.5490 -48.7004 -30.5702 23.3042 -43.0191 -25.8086 7.6026 -37.7073 -16.8344 -45.9954 -31.3230 32.4931 -48.0264 -28.6581 19.4988 -41.9006 -25.3235 -0.9538 -36.1896 -15.5136 -46.6371 -31.8075 34.4998 -47.7155 -28.2678 20.0287
-27.3459 -47.8768 34.1055 -31.9193 -46.1276 -16.2027 -36.3919 0.1969 -25.4317 -42.0704 19.8903 -28.6803 -48.0425 32.4931 -31.2761 -46.2290 -16.4210 -37.7170 7.7559 -25.7184 -42.7441 22.4337 -30.9238 -48.7512 -2.9131 -30.6723 -39.2778 -26.7698 -39.6678 -35.0766 33.4011 -41.0535 35.1097 -45.9001 -28.1511 -18.5385 -31.2305 -41.9531 -29.5016 -27.0038 -34.7677 14.8661 -38.1530 24.5702 -38.6130 11.3108 -31.6454 -48.8456 7.4051 -40.3281 9.0183 -30.1427 -48.3121 32.8914 -39.5635 6.9982 -31.6443 -47.9995 -21.3032 -46.3833 25.0730 -42.5234 -24.8729 9.1495 -37.9009 -23.3930 -48.6531 -27.7587 -1.9620 -43.4055 -35.6714 17.4042 -39.2059 -20.9411 -38.9796 -30.6842 -2.8989 -48.7511 -30.9212 22.4337 -42.7441 -25.7184 7.7559 -37.7170 -16.4210 -46.2290 -31.2761 32.4931 -48.0425 -28.6803 19.8903 -42.0704 -25.4317 0.1969 -36.3919 -16.2027 -46.1276 -31.9193 34.1055 -47.8768 -27.3459
-47.7996 33.4528 -32.0285 -45.5410 -16.8501 -36.5966 1.3627 -25.5484 -42.2876 20.4714 -28.7228 -48.0884 32.3339 -31.3230 -46.2290 -16.2725 -37.7289 7.9093 -25.6570 -42.5434 21.8093 -31.3871 -48.7337 -8.3947 -30.2141 -40.9821 -21.4689 -46.6224 -27.1606 -12.8072 -36.1099 15.3032 -40.1867 35.6247 -47.2390 -18.9041 -47.6386 -13.6455 -46.5989 -22.6431 -47.2400 -30.1279 -19.9404 -32.9116 -14.1242 -29.8403 -48.7639 -11.5069 -41.7477 18.1749 -33.3607 -48.1290 -8.7381 -41.1316 14.3238 -32.6788 -48.2990 -16.2635 -43.9098 33.6976 -39.1556 21.2665 -40.2596 22.6868 -38.6012 3.7910 -23.7306 -48.4004 -12.1907 -45.9818 35.1626 -40.1762 17.0360 -39.2493 -20.3401 -40.9113 -30.2089 -8.3479 -48.7341 -31.3859 21.8093 -42.5434 -25.6570 7.9093 -37.7289 -16.2725 -46.2290 -31.3230 32.3339 -48.0884 -28.7228 20.4714 -42.2876 -25.5484 1.3627 -36.5966 -16.8501 -45.5410 -32.0285 33.4528 -47.7996
23.8219 -31.7512 -44.8682 -17.4534 -36.7998 2.4775 -25.6576 -42.5308 21.1669 -28.7908 -48.1635 31.9919 -31.4608 -45.9954 -16.4210 -37.7289 7.9752 -25.6264 -42.4289 21.4544 -31.9099 -48.4822 -13.3252 -29.8230 -42.2044 -19.6486 -40.6583 26.4847 -48.5130 -27.0301 -35.7026 -33.9603 11.0496 -39.5857 30.0656 -40.9663 30.9775 -39.5065 33.5017 -43.0466 -4.7770 -47.2912 -20.3419 -48.8811 -20.9015 -47.4681 5.6354 -41.3452 20.9737 -34.7541 -42.5942 -19.6904 -43.2782 22.9364 -35.0513 -44.1932 -19.0902 -43.5969 28.7580 -38.0994 3.9987 -33.7221 1.7936 -35.8150 4.8459 -31.9709 -47.9926 15.7772 -43.8335 35.7529 -42.3026 15.7774 -35.3498 12.6389 -39.5378 -19.7838 -42.3009 -29.8168 -13.3006 -48.4829 -31.9099 21.4544 -42.4289 -25.6264 7.9752 -37.7289 -16.4210 -45.9954 -31.4608 31.9919 -48.1635 -28.7908 21.1669 -42.5308 -25.6576 2.4775 -36.7998 -17.4534 -44.8682 -31.7512 23.8219
-32.2597 -44.1022 -18.0206 -37.0044 3.5262 -25.7586 -42.7805 21.9084 -28.8783 -48.2587 31.3673 -31.6599 -45.5051 -16.8344 -37.7170 7.9093 -25.6264 -42.3929 21.3155 -32.3502 -47.8594 -17.0669 -29.5414 -43.1464 -19.3824 -39.3974 21.4753 -40.5181 24.0806 -47.4113 -22.9589 -46.7359 -31.4617 -3.8150 -34.6959 4.4445 -34.2027 3.4847 -36.2091 18.5411 -39.1499 31.7652 -41.6214 35.3581 -41.8505 32.1751 -39.0310 15.1311 -33.8964 -41.3310 -22.2231 -44.8727 29.7006 -37.0738 -27.6097 -23.9781 -45.2424 30.9939 -37.8695 -5.8801 -29.7389 -48.7208 -24.8238 -48.6973 -25.3990 -49.2729 6.4305 -39.4664 21.5018 -38.4381 12.5639 -34.4203 -38.6243 -31.0371 13.2324 -39.9713 -19.3611 -43.1798 -29.5423 -17.0628 -47.8594 -32.3487 21.3155 -42.3929 -25.6264 7.9093 -37.7170 -16.8344 -45.5051 -31.6599 31.3673 -48.2587 -28.8783 21.9084 -42.7805 -25.7586 3.5262 -37.0044 -18.0206 -44.1022 -32.2597
-44.3464 -18.5496 -37.2109 4.5047 -25.8588 -43.0219 22.6557 -28.9768 -48.3622 30.4232 -31.8764 -44.7667 -17.4297 -37.7073 7.7559 -25.6570 -42.4289 21.3155 -32.5256 -47.1834 -19.4460 -29.3833 -43.6515 -19.2375 -40.1466 13.7946 -35.2176 14.9594 -40.5521 35.7968 -45.0257 -13.9750 -48.7746 -24.0273 -49.0547 -24.7708 -49.0669 -26.6260 -43.1991 -31.6782 -2.9171 -34.8423 8.9863 -35.6408 9.4400 -34.8660 -4.3252 -30.7464 -47.7309 -19.8861 -44.6278 31.4692 -37.9038 -9.6681 -27.1044 -47.0762 35.4852 -38.5514 -2.7450 -28.8811 -48.2108 -3.8693 -43.0703 24.2117 -43.5774 34.3459 -39.6772 13.3024 -34.4466 -18.0128 -31.0884 -45.5128 -24.4053 -48.3288 -27.7898 15.7325 -40.3693 -19.1476 -43.6500 -29.3863 -19.4388 -47.1836 -32.5227 21.3155 -42.4289 -25.6570 7.7559 -37.7073 -17.4297 -44.7667 -31.8764 30.4232 -48.3622 -28.9768 22.6557 -43.0219 -25.8588 4.5047 -37.2109 -18.5496 -44.3464
-18.3153 -37.4193 5.4221 -25.9609 -43.2590 23.3869 -29.0862 -48.4641 29.1447 -32.0911 -43.8124 -18.0987 -37.7210 7.6026 -25.7184 -42.5434 21.4544 -32.3502 -47.1834 -20.2738 -29.3191 -43.8483 -19.1762 -41.0712 16.6642 -30.1153 -43.5252 -33.1039 10.5873 -39.0171 27.4195 -41.4969 35.2580 -43.2840 28.8610 -42.9554 25.5826 -44.5217 -13.8444 -48.4297 -23.8163 -48.7158 -26.6475 -47.1175 -26.6670 -48.7262 -23.4544 -47.9541 -5.0358 -42.2643 27.1798 -37.3033 -8.2461 -28.1277 -47.9971 33.3669 -39.3109 4.8466 -29.5805 -48.3171 16.0202 -40.2980 22.7083 -37.5872 16.3725 -36.4015 4.9610 -31.7313 -46.6399 -24.9240 -48.6863 -17.6056 -46.4503 4.4505 -45.5368 -26.1513 18.0010 -40.8007 -19.1419 -43.8418 -29.3220 -20.2574 -47.1861 -32.3487 21.4544 -42.5434 -25.7184 7.6026 -37.7210 -18.0987 -43.8124 -32.0911 29.1447 -48.4641 -29.0862 23.3869 -43.2590 -25.9609 5.4221 -37.4193 -18.3153
-38.3732 6.2882 -26.0639 -43.4955 24.1127 -29.2052 -48.5596 27.4972 -32.2874 -42.6645 -18.7587 -37.7722 7.5639 -25.8086 -42.7441 21.8093 -31.9099 -47.8594 -19.4459 -29.3214 -43.8909 -19.2014 -41.3464 20.9715 -26.2216 -47.0934 -20.1897 -48.2420 -30.5135 -7.5438 -35.2389 10.7688 -36.6275 15.1940 -36.5612 15.9660 -37.4920 23.5242 -40.1839 35.2918 -42.9273 21.0294 -44.1869 5.8160 -44.1784 22.0804 -42.6955 34.2809 -39.2581 17.1872 -35.0697 -25.6021 -27.0203 -47.9086 30.4474 -39.6330 9.0988 -30.5426 -48.6597 9.2708 -39.9085 15.6483 -34.8133 -19.9999 -30.8271 -42.1938 -26.9934 -48.9401 -15.8027 -45.5663 19.1990 -43.9951 35.7381 -42.5911 36.2384 -44.3109 -25.3701 20.0398 -41.2525 -19.2115 -43.8741 -29.3245 -19.4351 -47.8609 -31.9099 21.8093 -42.7441 -25.8086 7.5639 -37.7722 -18.7587 -42.6645 -32.2874 27.4972 -48.5596 -29.2052 24.1127 -43.4955 -26.0639 6.2882 -38.3732
6.5795 -26.1632 -43.7282 24.8447 -29.3299 -48.6468 25.4455 -32.4503 -41.3760 -19.3761 -37.8676 7.7004 -25.9238 -43.0191 22.4337 -31.3854 -48.4829 -17.0628 -29.3862 -43.8445 -19.2037 -41.4285 21.6612 -24.5586 -44.1999 35.9026 -43.0198 -6.6975 -48.2463 -24.3368 -47.6945 -28.1374 -42.7636 -29.2789 -40.7895 -30.3609 -27.5009 -33.2370 4.9042 -35.9343 15.0416 -37.1771 19.6848 -37.4422 19.4685 -36.9942 14.0143 -35.4686 -0.4086 -31.3455 -46.1118 -22.9667 -46.5053 35.0710 -39.3846 9.6551 -30.9449 -48.7586 -2.4129 -39.9819 15.0833 -33.1055 -45.0527 -24.3245 -48.0090 -14.6375 -45.6400 23.9997 -42.5314 33.1922 -41.3004 29.6583 -42.0578 36.0721 -42.1118 36.0430 -44.0666 -24.8008 21.8519 -41.4900 -19.2167 -43.8283 -29.3891 -17.0627 -48.4829 -31.3854 22.4337 -43.0191 -25.9238 7.7004 -37.8676 -19.3761 -41.3760 -32.4503 25.4455 -48.6468 -29.3299 24.8447 -43.7282 -26.1632 6.5795
-24.5804 -43.9569 25.5722 -29.4577 -48.7188 22.9659 -32.5844 -39.9954 -19.9290 -37.9984 8.0041 -26.0554 -43.3428 23.3042 -30.9209 -48.7341 -13.2983 -29.5424 -43.6498 -19.1397 -41.2300 21.1155 -24.8045 -44.0320 27.3394 -37.8908 21.8566 -40.3266 35.6314 -43.5788 4.2842 -45.3041 -10.2802 -46.0005 -13.7179 -47.1086 -20.4025 -48.9155 -26.1339 -45.6629 -29.4043 -35.2506 -30.9428 -29.7074 -30.7622 -37.3919 -28.7563 -47.3729 -24.5487 -48.3439 -10.3269 -43.2224 31.8959 -38.2882 5.4973 -30.3591 -48.7748 -5.4287 -40.1751 16.0866 -32.7838 -47.2187 -19.5430 -44.8171 35.1616 -41.0401 28.4291 -39.5158 19.2517 -38.7473 16.4721 -39.8820 35.2374 -47.4192 -5.9526 -43.1742 36.3180 -44.0726 -25.0460 21.7490 -41.3318 -19.1497 -43.6463 -29.5427 -13.2983 -48.7341 -30.9209 23.3042 -43.3428 -26.0554 8.0041 -37.9984 -19.9290 -39.9954 -32.5844 22.9659 -48.7188 -29.4577 25.5722 -43.9569 -24.5804
-44.2499 26.2919 -29.5874 -48.7747 20.0972 -32.6920 -38.5115 -20.4144 -38.1611 8.4561 -26.1936 -43.6863 24.3400 -30.5702 -48.7511 -8.3389 -29.8177 -43.1753 -19.1417 -40.7526 19.4020 -25.2956 -44.4633 26.5232 -33.4197 -15.0100 -34.5751 8.6760 -37.2555 19.1011 -38.4156 25.0137 -39.3983 28.8012 -40.6236 35.7274 -42.7456 17.8997 -44.3663 -6.4945 -46.1918 -15.5223 -47.2541 -17.0628 -47.0551 -13.9914 -45.5001 5.4420 -42.9661 35.1324 -39.5444 19.0062 -35.5944 -12.9661 -28.4218 -48.6114 3.7740 -39.8178 15.9136 -32.6129 -47.5122 -17.9873 -43.6430 32.6531 -40.0206 15.5602 -36.3791 2.4098 -34.5950 -4.7593 -35.4083 16.5531 -41.9727 -26.5518 -47.9845 -15.6748 -43.5346 27.6688 -45.5613 -27.2537 19.6780 -40.8321 -19.1445 -43.1750 -29.8178 -8.3387 -48.7511 -30.5702 24.3400 -43.6863 -26.1936 8.4561 -38.1611 -20.4144 -38.5115 -32.6920 20.0972 -48.7747 -29.5874 26.2919 -44.2499
26.9218 -29.5264 -48.8117 16.8802 -32.7835 -36.9080 -20.8545 -38.3454 9.0198 -26.3300 -44.0176 25.4376 -30.3335 -48.7004 -2.8907 -30.2101 -42.2831 -19.3412 -40.2323 17.1332 -25.8425 -44.5928 28.1329 -29.8778 -48.4635 -25.6088 -47.5881 -29.2813 -33.7883 -32.3723 -9.2471 -34.5256 5.0099 -37.6014 20.7712 -40.9363 30.9091 -44.2707 33.7219 -39.8264 28.4625 -39.9518 30.0862 -40.0374 29.0140 -39.2053 24.0522 -37.2897 15.6013 -35.4863 0.5886 -31.3461 -45.5637 -23.6862 -46.8267 31.4833 -39.0717 12.9280 -31.8810 -48.1018 -16.5639 -43.1791 3.6560 -47.9602 24.8342 -33.7190 -34.9923 -28.5208 -47.8962 -27.1299 -45.8924 -29.0576 -47.2524 23.5984 -32.3577 -48.7372 -13.5939 -46.6638 -20.3048 -48.6604 -28.1764 17.3194 -40.2552 -19.3403 -42.2814 -30.2126 -2.8826 -48.7004 -30.3335 25.4376 -44.0176 -26.3300 9.0198 -38.3454 -20.8545 -36.9080 -32.7835 16.8802 -48.8117 -29.5264 26.9218
-29.0103 -48.8249 13.4233 -32.8663 -35.1625 -21.2610 -38.5426 9.6382 -26.4602 -44.3210 26.4907 -30.2029 -48.6959 1.5491 -30.6852 -40.8959 -19.7582 -39.8693 15.4008 -26.2094 -44.7308 28.6282 -28.8481 -48.4925 -8.4532 -44.8504 -9.7732 -47.4460 -20.1078 -48.7944 -25.5387 -46.4069 -32.9281 8.1618 -39.7818 17.2495 -48.8459 -21.4156 -38.4678 13.7557 -34.9378 2.0348 -34.0850 -0.4213 -33.5206 -8.3009 -32.0524 -31.3624 -29.0931 -47.4627 -24.2364 -48.0800 -8.8948 -42.7351 31.2803 -37.6569 5.4577 -30.2995 -48.8369 -12.2042 -42.3304 27.8200 -48.6155 -30.0851 19.8219 -48.8563 -17.0596 -46.1414 -5.5288 -45.5042 -10.6342 -46.7784 -5.4058 -38.9791 -6.7288 -26.4192 -48.5295 -26.5845 -37.7614 -30.1301 -48.2541 -27.1963 15.3074 -39.8287 -19.7593 -40.8737 -30.6882 1.5579 -48.6959 -30.2029 26.4907 -44.3210 -26.4602 9.6382 -38.5426 -21.2610 -35.1625 -32.8663 13.4233 -48.8249 -29.0103
-48.6761 9.7783 -32.9321 -33.2427 -21.6424 -38.7494 10.2795 -26.5845 -44.5980 27.4543 -30.1621 -48.7318 3.8619 -31.2795 -38.9611 -20.3297 -39.6402 14.1647 -26.3339 -44.4910 27.7423 -29.8101 -48.4577 18.0576 -39.9156 30.2247 -41.3498 35.5728 -42.9919 18.2910 -46.2498 -23.7819 -36.1346 -36.7193 33.9798 -48.3237 -30.4756 20.0738 -44.5628 -23.3328 -49.0401 -24.4348 -49.2018 -23.1903 -48.9841 -21.1831 -47.9263 -16.0498 -45.5198 9.0203 -42.3717 33.7176 -38.5789 16.3379 -34.4279 -23.8155 -27.3691 -48.2929 6.7070 -40.3769 29.0723 -43.0446 -19.1071 -34.7368 -36.5848 29.9949 -40.6010 29.3969 -39.9097 29.0547 -40.6898 31.1631 -39.4557 10.5747 -31.7221 -48.4694 -27.9346 -26.2264 -36.2816 17.5267 -14.9603 -43.6927 -26.4634 13.9647 -39.5922 -20.3166 -38.9616 -31.2774 3.8704 -48.7318 -30.1621 27.4543 -44.5980 -26.5845 10.2795 -38.7494 -21.6424 -33.2427 -32.9321 9.7783 -48.6761
-3.3448 -32.8061 -31.1744 -22.0062 -38.9617 10.9341 -26.7051 -44.8537 28.3382 -30.1847 -48.7402 4.0738 -31.8749 -36.5280 -20.9264 -39.2812 12.3355 -27.5706 -44.7930 29.6742 -33.7103 -48.3312 -8.9786 -39.6524 17.7498 -38.0559 14.2939 -38.6774 22.8636 -40.8624 21.3375 -48.4259 -30.6041 11.7607 -42.0498 -21.1069 -10.9835 -39.3123 31.6505 -43.3830 29.7743 -42.7823 34.2675 -42.1144 35.3065 -41.2123 33.1605 -40.3016 27.7323 -37.5636 13.2918 -34.5039 -10.1424 -29.7308 -48.4564 -20.9370 -45.4216 35.4083 -38.6650 15.4637 -38.5298 31.7304 -46.2783 -25.2895 -30.4733 -33.8611 4.8613 -35.3770 7.7893 -38.0235 24.9010 -39.4717 13.2417 -34.6026 -44.5499 -28.8595 -35.7478 -35.4374 20.9025 -44.7141 -27.0083 28.2324 -44.9885 -26.6028 13.3852 -39.5132 -20.9122 -36.6070 -31.8698 4.0819 -48.7402 -30.1847 28.3382 -44.8537 -26.7051 10.9341 -38.9617 -22.0062 -31.1744 -32.8061 -3.3448
-34.1170 -28.9682 -22.3493 -39.1783 11.5890 -26.8231 -45.0960 29.1530 -30.2488 -48.7362 2.9007 -32.2997 -33.8135 -21.4925 -39.2609 13.2980 -31.7428 -48.5422 26.2627 -38.5813 -1.8363 -27.3769 -45.4295 30.9217 -37.8925 -1.1157 -34.6703 -1.1847 -37.4780 24.4261 -43.2961 -21.3443 -39.4948 -36.1006 33.0914 -49.2187 -30.8745 31.5518 -40.9417 23.4879 -38.3833 15.6420 -36.6173 11.7929 -36.6137 13.6248 -39.0335 28.0391 -40.0053 0.7472 -29.7659 -48.7326 -22.0805 -46.5929 13.0280 -40.9488 25.2911 -36.5255 1.4084 -33.9157 2.8968 -38.8842 35.4332 -46.2566 -20.9234 -48.9356 -26.7617 -45.3512 -31.3225 10.5856 -44.9704 35.1946 -38.7924 -3.2909 -32.1341 -34.6166 -34.9255 12.4498 -39.7307 26.6076 -49.0718 -31.1801 28.4846 -44.7784 -26.6400 13.2112 -39.5415 -21.4878 -33.9253 -32.2957 2.9008 -48.7362 -30.2488 29.1530 -45.0960 -26.8231 11.5890 -39.1783 -22.3493 -28.9682 -34.1170
-29.4587 -22.6646 -39.3971 12.2432 -26.9403 -45.3284 29.9196 -30.3386 -48.7480 1.0545 -32.6400 -30.9694 -22.0265 -39.3464 17.1569 -36.3709 -29.5640 -24.9696 -45.4936 29.4543 -36.4178 -40.6814 -17.1259 -41.7724 13.9477 -33.9087 -42.8563 -31.7816 0.7394 -38.8750 18.4899 -48.9412 -32.1092 -3.5643 -37.7143 21.2049 -26.7559 -48.2323 35.5679 -39.9977 10.5341 -34.9898 -31.4626 -31.6360 -23.7667 -36.5451 25.4891 -45.5051 -20.3051 30.5465 -44.6928 27.4874 -41.1191 27.9895 -36.9298 10.0666 -32.6835 -39.1991 -27.5554 -48.2566 -30.6696 2.8304 -38.5093 30.5325 -42.6086 20.9965 -44.8077 -7.8151 -46.7847 21.6354 -28.2049 -47.7374 29.4720 -36.4714 -18.0466 -35.4187 13.8370 -40.3074 32.2649 -42.7558 -18.4782 -45.3943 -34.9832 31.7242 -45.0376 -27.5701 12.8414 -39.6227 -22.0080 -31.0349 -32.6380 1.0546 -48.7480 -30.3386 29.9196 -45.3284 -26.9403 12.2432 -39.3971 -22.6646 -29.4587
-21.3020 -39.6178 12.8927 -27.0584 -45.5544 30.6445 -30.4439 -48.7603 -1.0373 -32.9999 -28.0031 -22.4876 -39.4277 16.5557 -39.0615 12.3674 -34.7604 -45.0486 -16.2574 -42.0600 19.9547 -32.3213 -48.8542 35.2528 -37.6887 -24.6356 -27.4498 -48.0923 -32.1420 19.3576 -45.1693 -26.6422 8.0099 -36.5767 0.7695 -34.9862 -44.7689 -19.9910 -44.4411 29.7554 -37.9673 -9.3840 -30.6162 -48.5042 -30.0904 3.0570 -39.7033 3.3200 -47.5540 -34.1969 15.0582 -35.3579 7.0994 -32.7255 -33.4825 -27.3713 -49.0488 -17.2694 -45.5063 -12.9316 -48.6981 -29.2050 -9.7094 -35.8500 15.6845 -38.2608 23.5879 -39.2439 24.2399 -35.6489 -42.4758 -12.3611 -40.4468 8.5380 -35.9990 13.2188 -40.7776 35.8427 -44.4312 -0.1120 -47.3984 -28.9943 6.0087 -39.6334 16.2807 -48.2534 -30.4169 12.7367 -39.7350 -22.4676 -28.0097 -32.9995 -1.0373 -48.7603 -30.4439 30.6445 -45.5544 -27.0584 12.8927 -39.6178 -21.3020
-40.3249 13.5377 -27.1763 -45.7779 31.3337 -30.5602 -48.7518 -3.1095 -33.3651 -24.9462 -22.8751 -39.7589 13.7731 -33.7325 34.1738 -40.0531 10.1960 -31.5561 -48.7214 16.7434 -40.5311 -3.3452 -21.7653 -43.0107 14.9319 -31.3540 -48.7117 -21.0684 -47.9579 -31.7731 -1.7282 -16.3465 -41.6199 20.9661 -37.5563 -1.5758 -31.4971 -48.7279 -12.7699 -42.4418 23.4737 -36.3082 -33.2656 -27.2968 -48.0299 -32.9330 17.8214 -42.1234 -16.4738 -48.3461 -26.9657 -47.5748 -24.8834 -48.8318 -16.6202 -44.7609 33.2244 -40.8292 32.0588 -41.6835 10.6768 -47.9149 -25.2628 -44.3453 -31.0143 -17.2833 -33.4366 -4.3858 -32.5969 -39.9068 -22.5774 -44.1955 22.8102 -36.8033 7.8373 -39.9344 35.5708 -46.6434 -17.8804 -48.3340 -23.0334 -41.1514 -36.6195 34.1850 -47.3007 -25.7724 -43.3967 -31.1876 13.3074 -39.8607 -22.8720 -24.9458 -33.3651 -3.1095 -48.7518 -30.5602 31.3337 -45.7779 -27.1763 13.5377 -40.3249
14.1038 -27.2327 -45.9951 31.9913 -30.6827 -48.7174 -5.0479 -33.7052 -21.9173 -23.2276 -40.0082 13.9227 -27.2725 -34.3792 -49.6586 30.1646 -38.5879 -6.1347 -26.5007 -46.7522 -13.2765 -22.6441 -47.3237 32.3896 -36.2373 -41.8658 -20.8241 -46.0539 -19.6088 -48.7644 -25.6546 -46.7248 24.3815 -41.5443 25.4549 -38.2482 2.6422 -30.9161 -48.7594 -9.5233 -41.4891 20.5584 -34.7916 -43.5514 -26.4656 -43.3187 -34.4768 20.4382 -41.0505 24.3273 -44.1462 17.4914 -42.7155 35.0966 -39.6894 22.1448 -37.5394 13.6550 -38.5607 22.2469 -40.7213 34.7516 -45.2311 -15.0825 -48.0651 -22.2440 -49.0477 -23.5496 -48.9989 -17.1449 -44.6065 30.4316 -37.7060 0.9428 -37.8491 33.1575 -46.5174 -23.3875 -45.5994 -28.8281 -48.2849 -30.6541 14.0600 -43.0951 -21.4613 -34.5805 -33.3119 -48.0011 -28.9792 14.0881 -40.0091 -23.2277 -21.9173 -33.7052 -5.0479 -48.7174 -30.6827 31.9913 -45.9951 -27.2327 14.1038
-25.9927 -46.2058 32.6005 -30.8078 -48.6532 -6.8057 -34.0273 -18.9435 -23.5446 -40.1858 14.6613 -27.2919 -46.4964 17.4902 -24.8560 -44.2886 25.2241 -35.7493 -43.6449 -25.9675 -28.3001 -42.4063 32.0114 -38.2158 -8.5905 -27.6916 -47.9627 -19.5045 -48.5334 -25.5556 -48.6175 -23.5778 -48.0499 -10.5208 -43.9121 33.2656 -39.1037 6.6801 -30.8982 -48.7508 -3.6684 -40.9148 16.7119 -32.7174 -48.4619 -25.0013 -43.7400 -32.8138 9.4317 -36.3328 17.1228 -36.2443 13.0662 -35.0167 0.6646 -33.8480 -8.3210 -36.9198 19.3229 -39.6261 25.0029 -41.1123 36.1956 -43.3062 20.7945 -43.7157 28.3161 -43.5470 34.3594 -41.6203 25.8736 -37.8719 -3.3938 -35.6558 17.8024 -43.1229 -20.9813 -39.4065 -34.3751 3.4463 -30.2091 -40.7962 -36.2261 32.3400 -49.1846 -33.8414 12.8808 -26.5130 -45.6485 -27.2816 14.6586 -40.1863 -23.5446 -18.9435 -34.0273 -6.8057 -48.6532 -30.8078 32.6005 -46.2058 -25.9927
-46.2997 33.1409 -30.9341 -48.5549 -8.3711 -34.3334 -16.0605 -23.8327 -40.3776 15.1685 -27.3529 -46.1422 33.1537 -31.8346 -48.7944 6.5393 -40.9075 12.4016 -31.6460 -48.6257 -29.3540 8.1956 -35.1698 -13.5963 -30.2269 -48.3619 -27.0508 -45.4154 -31.0574 -17.8845 -33.1249 -22.1438 -30.2748 -47.3938 -21.8588 -46.2281 35.7720 -39.3636 5.6804 -30.1432 -48.4549 -3.1578 -40.0206 5.6861 -27.9264 -47.5619 -19.3917 -49.0038 -27.0816 -42.9340 -29.1254 -42.6302 -27.8132 -47.9282 -26.4159 -47.3644 -33.1390 16.7294 -43.4232 33.6700 -41.9609 36.1228 -44.5180 -10.5887 -45.5710 35.8667 -40.1791 21.8270 -38.9065 18.0590 -38.1136 0.7380 -34.1413 -6.5308 -38.3135 10.3333 -48.3936 -33.9649 17.8912 -39.1867 -41.5475 -28.9419 8.7789 -42.1209 -23.4728 4.8144 -41.5354 -25.0683 33.1815 -46.1343 -27.3516 15.1673 -40.3776 -23.8327 -16.0605 -34.3334 -8.3711 -48.5549 -30.9341 33.1409 -46.2997
31.4272 -30.7765 -48.4194 -9.7644 -34.6266 -13.3427 -24.0978 -40.5810 15.7124 -27.4856 -46.3580 33.0006 -33.0250 -39.6526 -26.0486 -46.8764 35.8802 -38.6457 -15.3374 -25.7061 -48.4822 -26.1420 -47.3493 -27.0169 -47.5606 -31.4741 -12.3582 -35.2483 13.3841 -38.3227 20.4006 -38.1281 11.9106 -34.2244 -35.6855 -25.1424 -46.8261 35.6042 -38.7937 -2.4788 -29.5785 -49.3463 34.7805 -36.2121 -44.2454 -15.5367 -43.6061 19.9915 -44.8261 -8.5337 -45.6976 -8.8523 -44.7771 -0.5517 -45.7471 -22.6251 -27.7837 -36.1772 -20.6745 -49.0575 -13.5970 -46.1280 -22.8147 -45.2362 -19.5488 -43.2569 18.7274 -37.6195 15.6554 -39.3583 23.3614 -36.3186 -30.2512 -34.8261 23.1318 -45.2365 -27.9993 11.5878 -41.5266 2.8016 -13.1635 -48.2599 -32.1932 31.4866 -48.3264 -31.9562 32.5198 -49.4138 -30.6484 33.0041 -46.3521 -27.4852 15.7125 -40.5810 -24.0978 -13.3427 -34.6266 -9.7644 -48.4194 -30.7765 31.4272
-30.7478 -48.2431 -11.0013 -34.9113 -10.8049 -24.3411 -40.7925 16.2890 -27.6230 -46.5796 33.5301 -32.3720 -29.2531 -33.2827 -27.3773 -24.3573 -44.6310 24.1393 -34.0665 -48.6562 -13.0840 -45.8291 -14.7668 -48.4312 -30.1707 14.7413 -38.3837 23.0291 -41.4211 27.6731 -44.4132 33.5425 -41.1302 21.6855 -36.0357 -29.0956 -24.5928 -45.7210 30.9233 -37.5555 -5.8544 -29.8042 -38.1097 4.1965 -26.4584 -46.2578 34.5675 -39.7928 24.9392 -39.1574 25.9491 -39.0780 25.3514 -39.5655 35.0641 -45.2404 -20.9122 -50.0159 22.7134 -31.9104 -48.3501 -24.8588 -36.4622 -35.8473 25.1937 0.9293 -36.0691 12.0027 -40.2862 27.2789 -46.3380 14.6924 -32.8928 -7.0187 -38.3855 -7.6067 -42.8627 -36.3606 21.5234 -47.0325 -36.9755 -12.6054 -39.9957 -35.8073 -8.0722 -42.2036 -34.9615 -8.3973 -48.4848 -31.0793 33.5290 -46.5773 -27.6239 16.2890 -40.7926 -24.3411 -10.8049 -34.9113 -11.0013 -48.2431 -30.7478
-48.3177 -12.1171 -35.1856 -8.4519 -24.5667 -41.0095 16.8883 -27.7583 -46.7999 33.9967 -31.3882 -47.0250 -48.0160 28.5861 -35.9483 -41.8140 -13.0853 -40.1646 4.2048 -26.3712 -44.9667 35.2321 -43.4954 -18.2836 -35.2023 -43.0582 35.6920 -42.3711 -12.9816 -49.0921 -24.5868 -48.8952 -11.4889 -42.7104 24.2787 -35.6798 -40.0813 -19.9127 -42.8538 21.2065 -38.0376 31.3349 -49.3563 -24.7549 -48.0671 34.5301 -39.6452 11.2261 -35.5959 0.9598 -34.7551 0.1859 -35.2473 8.5973 -38.4554 28.5581 -42.6347 34.1234 -38.6672 -1.3140 -31.2683 -46.3935 -32.9837 20.1072 -44.8455 -29.0632 -8.2975 -38.3931 26.5655 -49.3095 -25.9465 -24.0318 -47.7157 -33.3401 22.6197 -44.8286 -28.2878 14.6464 -43.4025 -25.8988 15.3369 -41.8473 -25.0865 5.0993 -39.1793 -22.4201 -14.0081 -35.2249 -9.6977 -48.3260 -31.1504 34.0341 -46.8095 -27.7635 16.8882 -41.0095 -24.5667 -8.4519 -35.1856 -12.1171 -48.3177
-14.2186 -35.4480 -6.3345 -24.7771 -41.2311 17.5035 -27.8929 -47.0084 34.3761 -31.4535 -47.8888 -15.2846 -26.3781 -46.2039 21.6041 -30.9945 -47.7467 33.3022 -35.4704 -46.9840 -6.7300 -40.8821 28.3268 -41.7050 32.3684 -23.8436 -46.4390 -7.1851 -48.4392 -32.8047 1.4370 -31.5868 -47.7755 -15.6711 -42.1321 19.0255 -33.3298 -48.5355 1.6865 -40.0407 15.6843 -39.5168 24.8144 -44.7704 35.7274 -40.0526 10.7297 -33.2585 -41.5437 -28.7297 -47.0075 -28.4878 -44.3617 -32.2127 -3.7078 -37.3443 17.5989 -39.0468 15.6506 -37.3424 0.5365 -33.5805 -7.9026 -38.1862 16.8632 -48.7901 -34.0072 25.6368 -46.1096 -28.0466 17.0206 -46.0097 -24.0488 -18.3765 -37.8666 -0.4069 -46.3869 -35.6093 34.1160 -49.2159 -33.9047 32.3264 -47.6673 -31.5735 21.8335 -44.0022 -27.6903 3.6511 -37.1934 -11.8942 -48.1198 -31.5199 34.3885 -47.0345 -27.9002 17.5034 -41.2311 -24.7771 -6.3345 -35.4480 -14.2186
-36.6706 -4.4484 -24.9701 -41.4567 18.1333 -28.0255 -47.2076 34.6291 -31.5022 -47.6666 -13.2085 -34.7415 -36.7206 -9.7492 -37.9628 -19.6472 -20.5081 -41.7251 11.0311 -28.6752 -46.2025 32.0529 -38.6009 13.4332 -35.1374 -46.1173 -12.6967 -46.1753 -23.5130 30.0810 -40.1197 15.1020 -32.4971 -48.5557 -1.0558 -40.1445 7.6265 -28.6925 -46.9401 33.5260 -38.3873 12.4361 -38.9306 22.1551 -38.6651 8.4969 -32.6640 -46.4154 -23.7025 -48.0523 -19.4720 -48.3032 -25.2230 -46.1874 -33.7412 5.4110 -38.2679 25.4658 -40.9291 33.4463 -39.3349 3.4686 -35.9974 20.1318 -43.7058 -25.3591 0.5564 -39.7724 -13.4972 -39.3317 -36.8969 29.0347 -48.7119 -32.6277 21.9673 -44.1632 -27.2031 9.3684 -41.4044 -21.7762 -9.8324 -38.7036 -13.3855 -39.0111 -36.8786 27.8610 -49.1092 -33.9875 20.8158 -42.1958 -19.9748 -45.4081 -32.7602 34.6156 -47.2358 -28.0312 18.1333 -41.4567 -24.9701 -4.4484 -36.6706
-4.5163 -25.1530 -41.6842 18.7774 -28.1563 -47.3989 34.7305 -31.5534 -47.5982 -13.3631 -36.9262 4.0434 -27.6612 -44.2495 22.8865 -32.8826 -48.8443 35.3962 -36.7384 -39.6274 -16.4727 -41.2942 13.7171 -34.6592 -37.5723 -22.2536 -44.1822 36.0282 -42.1861 -44.6935 -11.1855 -40.8169 10.4239 -29.5486 -47.6529 34.9651 -37.1888 -35.7517 -18.8145 -42.3838 16.0713 -36.3121 0.4824 -35.3204 -8.6089 -31.4585 -47.5341 -22.2552 -47.1990 -12.5576 -46.8021 -22.1698 -47.7999 -31.8879 5.6839 -38.0830 34.6428 -44.6912 -19.0974 -49.4994 31.5330 -36.7586 2.9631 -38.4589 17.2681 -48.7684 -34.6358 29.6612 -46.6758 -29.9346 15.1480 -42.5489 -22.5450 -12.0464 -38.3292 0.3931 -47.2965 -35.3728 34.0932 -48.0507 -31.9356 22.2817 -44.8890 -28.4778 14.4560 -43.0710 -24.1229 -2.5341 -39.7357 27.7868 -48.3658 -28.0510 -34.4089 -34.1046 34.7123 -47.4120 -28.1588 18.7774 -41.6842 -25.1530 -4.5163
-23.3679 -41.9128 19.4305 -28.2884 -47.5811 34.6666 -32.1884 -47.0358 -17.5617 -40.3189 19.3219 -34.7249 -48.0554 1.0371 -38.8094 -7.9024 -22.9366 -42.9089 16.1642 -31.2693 -48.2714 35.6702 -37.6355 -21.8822 -26.4590 -46.1558 34.9583 -39.5176 16.1308 -29.0311 -47.3496 35.6026 -38.0138 -25.7817 -20.8285 -43.0213 16.1927 -31.5583 -48.6149 35.4025 -38.2036 -9.0122 -32.4088 -40.6180 -30.4284 -48.4413 -22.3124 -48.0077 -19.9484 -47.6027 -23.5193 -45.2778 -32.8758 9.4745 -38.2229 28.3918 -47.2734 -26.8025 -11.4028 -34.6990 -12.9111 -34.7443 -35.0804 21.8565 -44.1200 -26.1485 4.8710 -40.3788 -15.6993 -38.0054 -36.9507 32.6006 -49.1160 -33.6370 25.4696 -45.1735 -27.9346 9.2287 -41.1297 -18.8192 -29.7561 -37.1703 7.5345 -47.2017 -35.5453 34.6049 -49.1936 -33.9612 25.6841 -45.2755 -23.3616 -39.7959 -33.9621 5.8340 -34.6926 34.6407 -47.5829 -28.2884 19.4305 -41.9128 -23.3679
-42.3914 20.0915 -28.4180 -47.7562 34.4262 -32.8166 -39.8422 -26.4831 -47.1962 28.4523 -40.3430 5.8884 -27.5473 -45.2431 24.9927 -33.5901 -49.0945 30.6172 -38.1256 -19.5076 -22.5143 -43.1839 18.5154 -33.0155 -48.8903 11.1175 -39.9815 11.6534 -33.4968 -48.0074 -16.0860 -45.3588 20.7401 -32.0155 -48.8679 34.9463 -37.8162 -28.2360 -20.4791 -42.8584 16.1064 -33.8158 -42.5378 -28.9288 -36.1067 -27.6359 -48.6718 -26.0421 -46.3730 -26.8316 -42.8552 -33.4676 12.9956 -38.5844 -11.4738 -49.3139 -28.2184 -1.8707 -37.1914 28.3530 -43.5581 -27.5966 -4.9586 -38.6359 3.0210 -47.7523 -35.2061 32.3095 -47.4062 -30.7764 17.3395 -43.3003 -24.9012 1.5626 -39.8252 -12.4854 -43.2951 -36.3107 35.1575 -48.0598 -31.4710 18.0437 -43.2154 -25.7321 7.3318 -41.3047 -21.5538 -8.2927 -39.0878 -0.2092 -48.0742 -33.5709 24.0538 -45.1184 7.7446 -33.3326 34.4186 -47.7558 -28.4180 20.0915 -42.3914
20.8748 -28.4218 -47.9162 33.9835 -32.4506 -38.5717 -33.3878 -26.0800 -27.0640 -47.6835 33.6504 -36.1449 -45.6595 -5.0012 -38.7902 -6.6883 -23.9844 -43.7822 21.1282 -33.6965 -48.9790 18.7964 -38.8973 -5.9105 -25.0662 -44.0602 25.5804 -36.0126 -38.0466 -25.0603 -48.5058 -22.3462 -33.0380 -37.2360 -17.3568 -41.9769 12.9726 -30.2631 -48.0083 35.4098 -37.5947 -20.4845 -31.0521 -81.7364 -20.1879 -29.6753 32.5826 -46.1409 9.1732 -82.4719 -33.6563 73.9765 -57.4704 35.0583 -31.8723 30.1051 22.8471 8.2299 -119.5890 -43.4080 5.0914 -48.6069 -34.2515 25.4215 -45.0273 -27.5232 8.6220 -41.1522 -18.9856 -27.8150 -37.5426 14.3243 -48.3940 -35.0224 32.4602 -47.4087 -30.5227 15.1810 -42.4668 -21.5724 -23.1835 -37.7587 26.1662 -49.0801 -34.1440 30.9453 -47.4409 -31.1930 21.4545 -44.8659 -26.6428 9.7609 -42.6804 -23.2892 -22.3099 -46.1346 -31.9343 33.9792 -47.9185 -28.4199 20.8795
-27.5318 -48.0979 33.2277 -31.9772 -45.4288 -28.8005 8.5706 -36.6546 -35.0691 -18.4822 -42.1672 10.3380 -27.4444 -44.4094 23.1091 -33.6517 -48.9902 18.5588 -39.4534 0.4854 -26.4364 -45.1519 26.1951 -34.7228 -48.1237 -2.0945 -39.8331 8.2956 -31.6903 -48.4302 -28.9948 11.6721 -43.5596 -7.0620 -42.9644 23.3120 -34.6730 -46.5531 -11.0960 -40.9263 10.4776 -34.7202 3.7700 31.3394 36.8740 -90.2401 -32.6588 -42.8793 -78.0511 -154.6607 13.7126 -10.7771 -48.6887 -96.3803 -134.8440 -10.7863 27.0303 -158.8659 -83.7407 34.4303 -44.7896 -26.2958 2.3476 -39.7139 -9.5138 -45.1507 -35.9535 35.1827 -48.4577 -32.3081 22.3049 -44.6885 -27.5338 10.2736 -41.6416 -20.5419 -23.1226 -37.9944 26.6561 -49.0825 -33.4265 22.0349 -43.7975 -25.4509 -0.8300 -39.1241 -11.6656 -42.5383 -36.1671 26.4448 -48.8636 -34.3353 29.3763 -39.4395 -36.1883 -16.8660 -45.3708 -32.0637 33.2990 -48.0684 -27.5453
