0.6146 1.0000 1.0000 0.0011 0.0075 0.0535 0.3806 1.0000 1.0000 0.0005 0.0036 0.0260 0.1844 1.0000 1.0000 0.0002 0.0018 0.0126 0.0895 0.6372 1.0000 1.0000 0.0009 0.0061 0.0434 0.3093 1.0000 1.0000 0.0004 0.0030 0.0211 0.1499 1.0000 1.0000 0.0002 0.0014 0.0102 0.0728 0.5169 1.0000 1.0000 0.0007 0.0050 0.0353 0.2509 1.0000 1.0000 0.0003 0.0024 0.0173 0.0614 0.0173 0.0024 0.0003 1.0000 1.0000 0.2509 0.0353 0.0050 0.0007 1.0000 1.0000 0.5169 0.0728 0.0102 0.0014 0.0002 1.0000 1.0000 0.1499 0.0211 0.0030 0.0004 1.0000 1.0000 0.3093 0.0434 0.0061 0.0009 1.0000 1.0000 0.6372 0.0895 0.0126 0.0018 0.0002 1.0000 1.0000 0.1844 0.0260 0.0036 0.0005 1.0000 1.0000 0.3806 0.0535 0.0075 0.0011 1.0000 1.0000 0.6146
1.0000 1.0000 0.0012 0.0083 0.0589 0.4185 1.0000 1.0000 0.0006 0.0040 0.0284 0.2020 1.0000 1.0000 0.0003 0.0019 0.0138 0.0981 0.6967 1.0000 1.0000 0.0009 0.0067 0.0475 0.3382 1.0000 1.0000 0.0005 0.0032 0.0231 0.1639 1.0000 1.0000 1.0000 0.0016 0.0112 0.0796 0.5663 1.0000 1.0000 0.0008 0.0054 0.0385 0.2749 1.0000 1.0000 0.0004 0.0026 0.0189 0.1378 0.4603 0.1378 0.0189 0.0026 0.0004 1.0000 1.0000 0.2749 0.0385 0.0054 0.0008 1.0000 1.0000 0.5663 0.0796 0.0112 0.0016 1.0000 1.0000 1.0000 0.1639 0.0231 0.0032 0.0005 1.0000 1.0000 0.3382 0.0475 0.0067 0.0009 1.0000 1.0000 0.6967 0.0981 0.0138 0.0019 0.0003 1.0000 1.0000 0.2020 0.0284 0.0040 0.0006 1.0000 1.0000 0.4185 0.0589 0.0083 0.0012 1.0000 1.0000
1.0000 0.0012 0.0078 0.0531 0.3692 1.0000 1.0000 0.0005 0.0034 0.0243 0.1732 1.0000 1.0000 1.0000 0.0017 0.0118 0.0839 0.5973 1.0000 1.0000 0.0008 0.0057 0.0407 0.2894 1.0000 1.0000 0.0004 0.0028 0.0197 0.1405 1.0000 1.0000 1.0000 0.0013 0.0096 0.0681 0.4845 1.0000 1.0000 0.0007 0.0046 0.0330 0.2352 1.0000 1.0000 0.0003 0.0022 0.0160 0.1151 0.8427 1.0000 0.8427 0.1151 0.0160 0.0022 0.0003 1.0000 1.0000 0.2352 0.0330 0.0046 0.0007 1.0000 1.0000 0.4845 0.0681 0.0096 0.0013 1.0000 1.0000 1.0000 0.1405 0.0197 0.0028 0.0004 1.0000 1.0000 0.2894 0.0407 0.0057 0.0008 1.0000 1.0000 0.5973 0.0839 0.0118 0.0017 1.0000 1.0000 1.0000 0.1732 0.0243 0.0034 0.0005 1.0000 1.0000 0.3692 0.0531 0.0078 0.0012 1.0000
0.0011 0.0083 0.0531 0.3527 1.0000 1.0000 0.0004 0.0030 0.0214 0.1516 1.0000 1.0000 1.0000 0.0014 0.0103 0.0730 0.5198 1.0000 1.0000 0.0007 0.0050 0.0355 0.2524 1.0000 1.0000 0.0003 0.0024 0.0172 0.1223 0.8704 1.0000 1.0000 0.0012 0.0083 0.0594 0.4225 1.0000 1.0000 0.0006 0.0040 0.0288 0.2047 1.0000 1.0000 0.0003 0.0020 0.0140 0.0994 0.7142 1.0000 1.0000 1.0000 0.7142 0.0994 0.0140 0.0020 0.0003 1.0000 1.0000 0.2047 0.0288 0.0040 0.0006 1.0000 1.0000 0.4225 0.0594 0.0083 0.0012 1.0000 1.0000 0.8704 0.1223 0.0172 0.0024 0.0003 1.0000 1.0000 0.2524 0.0355 0.0050 0.0007 1.0000 1.0000 0.5198 0.0730 0.0103 0.0014 1.0000 1.0000 1.0000 0.1516 0.0214 0.0030 0.0004 1.0000 1.0000 0.3527 0.0531 0.0083 0.0011
0.0075 0.0589 0.3692 1.0000 1.0000 0.0004 0.0028 0.0192 0.1345 0.9481 1.0000 1.0000 0.0013 0.0089 0.0636 0.4525 1.0000 1.0000 0.0006 0.0043 0.0309 0.2196 1.0000 1.0000 0.0003 0.0021 0.0150 0.1064 0.7576 1.0000 1.0000 0.0010 0.0073 0.0517 0.3678 1.0000 1.0000 0.0005 0.0035 0.0250 0.1782 1.0000 1.0000 0.0002 0.0017 0.0122 0.0865 0.6157 1.0000 1.0000 0.0004 1.0000 1.0000 0.6157 0.0865 0.0122 0.0017 0.0002 1.0000 1.0000 0.1782 0.0250 0.0035 0.0005 1.0000 1.0000 0.3678 0.0517 0.0073 0.0010 1.0000 1.0000 0.7576 0.1064 0.0150 0.0021 0.0003 1.0000 1.0000 0.2196 0.0309 0.0043 0.0006 1.0000 1.0000 0.4525 0.0636 0.0089 0.0013 1.0000 1.0000 0.9481 0.1345 0.0192 0.0028 0.0004 1.0000 1.0000 0.3692 0.0589 0.0075
0.0535 0.4185 1.0000 1.0000 0.0004 0.0027 0.0180 0.1232 0.8540 1.0000 1.0000 0.0011 0.0078 0.0555 0.3946 1.0000 1.0000 0.0005 0.0038 0.0269 0.1912 1.0000 1.0000 0.0003 0.0018 0.0130 0.0926 0.6594 1.0000 1.0000 0.0009 0.0063 0.0450 0.3201 1.0000 1.0000 0.0004 0.0031 0.0218 0.1551 1.0000 1.0000 1.0000 0.0015 0.0106 0.0753 0.5359 1.0000 1.0000 0.0007 0.0025 0.0007 1.0000 1.0000 0.5359 0.0753 0.0106 0.0015 1.0000 1.0000 1.0000 0.1551 0.0218 0.0031 0.0004 1.0000 1.0000 0.3201 0.0450 0.0063 0.0009 1.0000 1.0000 0.6594 0.0926 0.0130 0.0018 0.0003 1.0000 1.0000 0.1912 0.0269 0.0038 0.0005 1.0000 1.0000 0.3946 0.0555 0.0078 0.0011 1.0000 1.0000 0.8540 0.1232 0.0180 0.0027 0.0004 1.0000 1.0000 0.4185 0.0535
0.3806 1.0000 1.0000 0.0004 0.0028 0.0180 0.1193 0.8051 1.0000 1.0000 0.0010 0.0069 0.0490 0.3460 1.0000 1.0000 0.0005 0.0033 0.0234 0.1664 1.0000 1.0000 1.0000 0.0016 0.0113 0.0806 0.5739 1.0000 1.0000 0.0008 0.0055 0.0391 0.2786 1.0000 1.0000 0.0004 0.0027 0.0190 0.1350 0.9608 1.0000 1.0000 0.0013 0.0092 0.0655 0.4664 1.0000 1.0000 0.0006 0.0046 0.0153 0.0046 0.0006 1.0000 1.0000 0.4664 0.0655 0.0092 0.0013 1.0000 1.0000 0.9608 0.1350 0.0190 0.0027 0.0004 1.0000 1.0000 0.2786 0.0391 0.0055 0.0008 1.0000 1.0000 0.5739 0.0806 0.0113 0.0016 1.0000 1.0000 1.0000 0.1664 0.0234 0.0033 0.0005 1.0000 1.0000 0.3460 0.0490 0.0069 0.0010 1.0000 1.0000 0.8051 0.1193 0.0180 0.0028 0.0004 1.0000 1.0000 0.3806
1.0000 1.0000 0.0005 0.0030 0.0192 0.1232 0.8051 1.0000 1.0000 0.0009 0.0063 0.0440 0.3081 1.0000 1.0000 0.0004 0.0029 0.0204 0.1448 1.0000 1.0000 1.0000 0.0014 0.0099 0.0702 0.4995 1.0000 1.0000 0.0007 0.0048 0.0341 0.2425 1.0000 1.0000 0.0003 0.0023 0.0165 0.1175 0.8363 1.0000 1.0000 0.0011 0.0080 0.0570 0.4060 1.0000 1.0000 0.0005 0.0039 0.0288 0.0948 0.0288 0.0039 0.0005 1.0000 1.0000 0.4060 0.0570 0.0080 0.0011 1.0000 1.0000 0.8363 0.1175 0.0165 0.0023 0.0003 1.0000 1.0000 0.2425 0.0341 0.0048 0.0007 1.0000 1.0000 0.4995 0.0702 0.0099 0.0014 1.0000 1.0000 1.0000 0.1448 0.0204 0.0029 0.0004 1.0000 1.0000 0.3081 0.0440 0.0063 0.0009 1.0000 1.0000 0.8051 0.1232 0.0192 0.0030 0.0005 1.0000 1.0000
1.0000 0.0006 0.0034 0.0214 0.1345 0.8540 1.0000 1.0000 0.0009 0.0060 0.0408 0.2807 1.0000 1.0000 0.0004 0.0025 0.0178 0.1265 0.8990 1.0000 1.0000 0.0012 0.0086 0.0611 0.4347 1.0000 1.0000 0.0006 0.0042 0.0296 0.2110 1.0000 1.0000 0.0003 0.0020 0.0144 0.1023 0.7279 1.0000 1.0000 0.0010 0.0070 0.0496 0.3534 1.0000 1.0000 0.0005 0.0034 0.0243 0.1782 0.5871 0.1782 0.0243 0.0034 0.0005 1.0000 1.0000 0.3534 0.0496 0.0070 0.0010 1.0000 1.0000 0.7279 0.1023 0.0144 0.0020 0.0003 1.0000 1.0000 0.2110 0.0296 0.0042 0.0006 1.0000 1.0000 0.4347 0.0611 0.0086 0.0012 1.0000 1.0000 0.8990 0.1265 0.0178 0.0025 0.0004 1.0000 1.0000 0.2807 0.0408 0.0060 0.0009 1.0000 1.0000 0.8540 0.1345 0.0214 0.0034 0.0006 1.0000
0.0005 0.0040 0.0243 0.1516 0.9481 1.0000 1.0000 0.0009 0.0060 0.0397 0.2672 1.0000 1.0000 0.0003 0.0023 0.0158 0.1116 0.7899 1.0000 1.0000 0.0011 0.0075 0.0532 0.3784 1.0000 1.0000 0.0005 0.0036 0.0258 0.1837 1.0000 1.0000 0.0002 0.0018 0.0125 0.0890 0.6335 1.0000 1.0000 0.0009 0.0061 0.0432 0.3075 1.0000 1.0000 0.0004 0.0029 0.0210 0.1507 1.0000 1.0000 1.0000 0.1507 0.0210 0.0029 0.0004 1.0000 1.0000 0.3075 0.0432 0.0061 0.0009 1.0000 1.0000 0.6335 0.0890 0.0125 0.0018 0.0002 1.0000 1.0000 0.1837 0.0258 0.0036 0.0005 1.0000 1.0000 0.3784 0.0532 0.0075 0.0011 1.0000 1.0000 0.7899 0.1116 0.0158 0.0023 0.0003 1.0000 1.0000 0.2672 0.0397 0.0060 0.0009 1.0000 1.0000 0.9481 0.1516 0.0243 0.0040 0.0005
0.0036 0.0284 0.1732 1.0000 1.0000 1.0000 0.0010 0.0063 0.0408 0.2672 1.0000 1.0000 0.0003 0.0021 0.0143 0.0999 0.7007 1.0000 1.0000 0.0009 0.0065 0.0464 0.3300 1.0000 1.0000 0.0004 0.0032 0.0225 0.1599 1.0000 1.0000 1.0000 0.0015 0.0109 0.0775 0.5514 1.0000 1.0000 0.0007 0.0053 0.0376 0.2677 1.0000 1.0000 0.0004 0.0026 0.0182 0.1297 0.9338 1.0000 1.0000 1.0000 0.9338 0.1297 0.0182 0.0026 0.0004 1.0000 1.0000 0.2677 0.0376 0.0053 0.0007 1.0000 1.0000 0.5514 0.0775 0.0109 0.0015 1.0000 1.0000 1.0000 0.1599 0.0225 0.0032 0.0004 1.0000 1.0000 0.3300 0.0464 0.0065 0.0009 1.0000 1.0000 0.7007 0.0999 0.0143 0.0021 0.0003 1.0000 1.0000 0.2672 0.0408 0.0063 0.0010 1.0000 1.0000 1.0000 0.1732 0.0284 0.0036
0.0260 0.2020 1.0000 1.0000 1.0000 0.0011 0.0069 0.0440 0.2807 1.0000 1.0000 0.0003 0.0020 0.0134 0.0919 0.6360 1.0000 1.0000 0.0008 0.0057 0.0407 0.2883 1.0000 1.0000 0.0004 0.0027 0.0195 0.1392 0.9905 1.0000 1.0000 0.0013 0.0095 0.0674 0.4799 1.0000 1.0000 0.0006 0.0046 0.0327 0.2330 1.0000 1.0000 0.0003 0.0022 0.0159 0.1129 0.8051 1.0000 1.0000 0.0005 1.0000 1.0000 0.8051 0.1129 0.0159 0.0022 0.0003 1.0000 1.0000 0.2330 0.0327 0.0046 0.0006 1.0000 1.0000 0.4799 0.0674 0.0095 0.0013 1.0000 1.0000 0.9905 0.1392 0.0195 0.0027 0.0004 1.0000 1.0000 0.2883 0.0407 0.0057 0.0008 1.0000 1.0000 0.6360 0.0919 0.0134 0.0020 0.0003 1.0000 1.0000 0.2807 0.0440 0.0069 0.0011 1.0000 1.0000 1.0000 0.2020 0.0260
0.1844 1.0000 1.0000 1.0000 0.0013 0.0078 0.0490 0.3081 1.0000 1.0000 0.0003 0.0020 0.0131 0.0878 0.5961 1.0000 1.0000 0.0007 0.0051 0.0360 0.2538 1.0000 1.0000 0.0003 0.0024 0.0170 0.1211 0.8621 1.0000 1.0000 0.0012 0.0082 0.0587 0.4177 1.0000 1.0000 0.0006 0.0040 0.0285 0.2028 1.0000 1.0000 0.0003 0.0019 0.0138 0.0983 0.6994 1.0000 1.0000 0.0010 0.0032 0.0010 1.0000 1.0000 0.6994 0.0983 0.0138 0.0019 0.0003 1.0000 1.0000 0.2028 0.0285 0.0040 0.0006 1.0000 1.0000 0.4177 0.0587 0.0082 0.0012 1.0000 1.0000 0.8621 0.1211 0.0170 0.0024 0.0003 1.0000 1.0000 0.2538 0.0360 0.0051 0.0007 1.0000 1.0000 0.5961 0.0878 0.0131 0.0020 0.0003 1.0000 1.0000 0.3081 0.0490 0.0078 0.0013 1.0000 1.0000 1.0000 0.1844
1.0000 1.0000 1.0000 0.0014 0.0089 0.0555 0.3460 1.0000 1.0000 0.0003 0.0021 0.0134 0.0878 0.5827 1.0000 1.0000 0.0007 0.0047 0.0324 0.2269 1.0000 1.0000 0.0003 0.0021 0.0149 0.1056 0.7504 1.0000 1.0000 0.0010 0.0072 0.0511 0.3636 1.0000 1.0000 0.0005 0.0035 0.0248 0.1765 1.0000 1.0000 0.0002 0.0017 0.0120 0.0855 0.6087 1.0000 1.0000 0.0008 0.0061 0.0200 0.0061 0.0008 1.0000 1.0000 0.6087 0.0855 0.0120 0.0017 0.0002 1.0000 1.0000 0.1765 0.0248 0.0035 0.0005 1.0000 1.0000 0.3636 0.0511 0.0072 0.0010 1.0000 1.0000 0.7504 0.1056 0.0149 0.0021 0.0003 1.0000 1.0000 0.2269 0.0324 0.0047 0.0007 1.0000 1.0000 0.5827 0.0878 0.0134 0.0021 0.0003 1.0000 1.0000 0.3460 0.0555 0.0089 0.0014 1.0000 1.0000 1.0000
1.0000 0.0003 0.0017 0.0103 0.0636 0.3946 1.0000 1.0000 0.0004 0.0023 0.0143 0.0919 0.5961 1.0000 1.0000 0.0006 0.0044 0.0300 0.2071 1.0000 1.0000 0.0003 0.0018 0.0131 0.0925 0.6556 1.0000 1.0000 0.0009 0.0062 0.0445 0.3164 1.0000 1.0000 0.0004 0.0030 0.0216 0.1536 1.0000 1.0000 1.0000 0.0015 0.0105 0.0744 0.5298 1.0000 1.0000 0.0007 0.0051 0.0375 0.1237 0.0375 0.0051 0.0007 1.0000 1.0000 0.5298 0.0744 0.0105 0.0015 1.0000 1.0000 1.0000 0.1536 0.0216 0.0030 0.0004 1.0000 1.0000 0.3164 0.0445 0.0062 0.0009 1.0000 1.0000 0.6556 0.0925 0.0131 0.0018 0.0003 1.0000 1.0000 0.2071 0.0300 0.0044 0.0006 1.0000 1.0000 0.5961 0.0919 0.0143 0.0023 0.0004 1.0000 1.0000 0.3946 0.0636 0.0103 0.0017 0.0003 1.0000
0.0002 0.0019 0.0118 0.0730 0.4525 1.0000 1.0000 0.0004 0.0025 0.0158 0.0999 0.6360 1.0000 1.0000 0.0006 0.0043 0.0288 0.1948 1.0000 1.0000 0.0002 0.0017 0.0116 0.0819 0.5783 1.0000 1.0000 0.0008 0.0054 0.0387 0.2754 1.0000 1.0000 0.0004 0.0026 0.0188 0.1337 0.9518 1.0000 1.0000 0.0013 0.0091 0.0648 0.4611 1.0000 1.0000 0.0006 0.0044 0.0317 0.2325 0.7677 0.2325 0.0317 0.0044 0.0006 1.0000 1.0000 0.4611 0.0648 0.0091 0.0013 1.0000 1.0000 0.9518 0.1337 0.0188 0.0026 0.0004 1.0000 1.0000 0.2754 0.0387 0.0054 0.0008 1.0000 1.0000 0.5783 0.0819 0.0116 0.0017 0.0002 1.0000 1.0000 0.1948 0.0288 0.0043 0.0006 1.0000 1.0000 0.6360 0.0999 0.0158 0.0025 0.0004 1.0000 1.0000 0.4525 0.0730 0.0118 0.0019 0.0002
0.0018 0.0138 0.0839 0.5198 1.0000 1.0000 0.0005 0.0029 0.0178 0.1116 0.7007 1.0000 1.0000 0.0007 0.0044 0.0288 0.1908 1.0000 1.0000 1.0000 0.0015 0.0105 0.0734 0.5149 1.0000 1.0000 0.0007 0.0048 0.0338 0.2402 1.0000 1.0000 0.0003 0.0023 0.0163 0.1164 0.8284 1.0000 1.0000 0.0011 0.0079 0.0564 0.4014 1.0000 1.0000 0.0005 0.0038 0.0274 0.1967 1.0000 1.0000 1.0000 0.1967 0.0274 0.0038 0.0005 1.0000 1.0000 0.4014 0.0564 0.0079 0.0011 1.0000 1.0000 0.8284 0.1164 0.0163 0.0023 0.0003 1.0000 1.0000 0.2402 0.0338 0.0048 0.0007 1.0000 1.0000 0.5149 0.0734 0.0105 0.0015 1.0000 1.0000 1.0000 0.1908 0.0288 0.0044 0.0007 1.0000 1.0000 0.7007 0.1116 0.0178 0.0029 0.0005 1.0000 1.0000 0.5198 0.0839 0.0138 0.0018
0.0126 0.0981 0.5973 1.0000 1.0000 0.0005 0.0033 0.0204 0.1265 0.7899 1.0000 1.0000 0.0007 0.0047 0.0300 0.1948 1.0000 1.0000 1.0000 0.0014 0.0098 0.0673 0.4664 1.0000 1.0000 0.0006 0.0042 0.0297 0.2102 1.0000 1.0000 0.0003 0.0020 0.0142 0.1013 0.7210 1.0000 1.0000 0.0010 0.0069 0.0491 0.3493 1.0000 1.0000 0.0005 0.0033 0.0238 0.1696 1.0000 1.0000 1.0000 1.0000 1.0000 0.1696 0.0238 0.0033 0.0005 1.0000 1.0000 0.3493 0.0491 0.0069 0.0010 1.0000 1.0000 0.7210 0.1013 0.0142 0.0020 0.0003 1.0000 1.0000 0.2102 0.0297 0.0042 0.0006 1.0000 1.0000 0.4664 0.0673 0.0098 0.0014 1.0000 1.0000 1.0000 0.1948 0.0300 0.0047 0.0007 1.0000 1.0000 0.7899 0.1265 0.0204 0.0033 0.0005 1.0000 1.0000 0.5973 0.0981 0.0126
0.0895 0.6967 1.0000 1.0000 0.0006 0.0038 0.0234 0.1448 0.8990 1.0000 1.0000 0.0008 0.0051 0.0324 0.2071 1.0000 1.0000 1.0000 0.0014 0.0094 0.0637 0.4339 1.0000 1.0000 0.0005 0.0038 0.0264 0.1858 1.0000 1.0000 0.0002 0.0017 0.0124 0.0882 0.6275 1.0000 1.0000 0.0008 0.0060 0.0427 0.3041 1.0000 1.0000 0.0004 0.0029 0.0207 0.1476 1.0000 1.0000 1.0000 0.0007 1.0000 1.0000 1.0000 0.1476 0.0207 0.0029 0.0004 1.0000 1.0000 0.3041 0.0427 0.0060 0.0008 1.0000 1.0000 0.6275 0.0882 0.0124 0.0017 0.0002 1.0000 1.0000 0.1858 0.0264 0.0038 0.0005 1.0000 1.0000 0.4339 0.0637 0.0094 0.0014 1.0000 1.0000 1.0000 0.2071 0.0324 0.0051 0.0008 1.0000 1.0000 0.8990 0.1448 0.0234 0.0038 0.0006 1.0000 1.0000 0.6967 0.0895
0.6372 1.0000 1.0000 0.0007 0.0043 0.0269 0.1664 1.0000 1.0000 1.0000 0.0009 0.0057 0.0360 0.2269 1.0000 1.0000 1.0000 0.0014 0.0094 0.0625 0.4177 1.0000 1.0000 0.0005 0.0034 0.0237 0.1661 1.0000 1.0000 1.0000 0.0015 0.0108 0.0770 0.5472 1.0000 1.0000 0.0007 0.0052 0.0372 0.2646 1.0000 1.0000 0.0004 0.0025 0.0180 0.1285 0.9145 1.0000 1.0000 0.0013 0.0042 0.0013 1.0000 1.0000 0.9145 0.1285 0.0180 0.0025 0.0004 1.0000 1.0000 0.2646 0.0372 0.0052 0.0007 1.0000 1.0000 0.5472 0.0770 0.0108 0.0015 1.0000 1.0000 1.0000 0.1661 0.0237 0.0034 0.0005 1.0000 1.0000 0.4177 0.0625 0.0094 0.0014 1.0000 1.0000 1.0000 0.2269 0.0360 0.0057 0.0009 1.0000 1.0000 1.0000 0.1664 0.0269 0.0043 0.0007 1.0000 1.0000 0.6372
1.0000 1.0000 0.0008 0.0050 0.0309 0.1912 1.0000 1.0000 1.0000 0.0011 0.0065 0.0407 0.2538 1.0000 1.0000 0.0002 0.0015 0.0098 0.0637 0.4177 1.0000 1.0000 0.0005 0.0032 0.0218 0.1510 1.0000 1.0000 1.0000 0.0014 0.0095 0.0676 0.4790 1.0000 1.0000 0.0006 0.0045 0.0324 0.2303 1.0000 1.0000 0.0003 0.0022 0.0157 0.1118 0.7960 1.0000 1.0000 0.0011 0.0079 0.0261 0.0079 0.0011 1.0000 1.0000 0.7960 0.1118 0.0157 0.0022 0.0003 1.0000 1.0000 0.2303 0.0324 0.0045 0.0006 1.0000 1.0000 0.4790 0.0676 0.0095 0.0014 1.0000 1.0000 1.0000 0.1510 0.0218 0.0032 0.0005 1.0000 1.0000 0.4177 0.0637 0.0098 0.0015 0.0002 1.0000 1.0000 0.2538 0.0407 0.0065 0.0011 1.0000 1.0000 1.0000 0.1912 0.0309 0.0050 0.0008 1.0000 1.0000
1.0000 0.0009 0.0057 0.0355 0.2196 1.0000 1.0000 1.0000 0.0012 0.0075 0.0464 0.2883 1.0000 1.0000 0.0003 0.0017 0.0105 0.0673 0.4339 1.0000 1.0000 0.0005 0.0031 0.0207 0.1410 0.9682 1.0000 1.0000 0.0012 0.0085 0.0598 0.4217 1.0000 1.0000 0.0006 0.0040 0.0282 0.2005 1.0000 1.0000 0.0003 0.0019 0.0137 0.0973 0.6928 1.0000 1.0000 0.0009 0.0067 0.0491 0.1617 0.0491 0.0067 0.0009 1.0000 1.0000 0.6928 0.0973 0.0137 0.0019 0.0003 1.0000 1.0000 0.2005 0.0282 0.0040 0.0006 1.0000 1.0000 0.4217 0.0598 0.0085 0.0012 1.0000 1.0000 0.9682 0.1410 0.0207 0.0031 0.0005 1.0000 1.0000 0.4339 0.0673 0.0105 0.0017 0.0003 1.0000 1.0000 0.2883 0.0464 0.0075 0.0012 1.0000 1.0000 1.0000 0.2196 0.0355 0.0057 0.0009 1.0000
0.0009 0.0067 0.0407 0.2524 1.0000 1.0000 1.0000 0.0014 0.0086 0.0532 0.3300 1.0000 1.0000 0.0003 0.0018 0.0116 0.0734 0.4664 1.0000 1.0000 0.0005 0.0031 0.0203 0.1360 0.9180 1.0000 1.0000 0.0011 0.0077 0.0536 0.3748 1.0000 1.0000 0.0005 0.0035 0.0246 0.1748 1.0000 1.0000 1.0000 0.0017 0.0119 0.0847 0.6030 1.0000 1.0000 0.0008 0.0058 0.0415 0.3041 1.0000 0.3041 0.0415 0.0058 0.0008 1.0000 1.0000 0.6030 0.0847 0.0119 0.0017 1.0000 1.0000 1.0000 0.1748 0.0246 0.0035 0.0005 1.0000 1.0000 0.3748 0.0536 0.0077 0.0011 1.0000 1.0000 0.9180 0.1360 0.0203 0.0031 0.0005 1.0000 1.0000 0.4664 0.0734 0.0116 0.0018 0.0003 1.0000 1.0000 0.3300 0.0532 0.0086 0.0014 1.0000 1.0000 1.0000 0.2524 0.0407 0.0067 0.0009
0.0061 0.0475 0.2894 1.0000 1.0000 0.0003 0.0016 0.0099 0.0611 0.3784 1.0000 1.0000 0.0003 0.0021 0.0131 0.0819 0.5149 1.0000 1.0000 0.0005 0.0032 0.0207 0.1360 0.9024 1.0000 1.0000 0.0010 0.0071 0.0489 0.3389 1.0000 1.0000 0.0004 0.0031 0.0217 0.1533 1.0000 1.0000 1.0000 0.0015 0.0104 0.0737 0.5248 1.0000 1.0000 0.0007 0.0050 0.0358 0.2572 1.0000 1.0000 1.0000 0.2572 0.0358 0.0050 0.0007 1.0000 1.0000 0.5248 0.0737 0.0104 0.0015 1.0000 1.0000 1.0000 0.1533 0.0217 0.0031 0.0004 1.0000 1.0000 0.3389 0.0489 0.0071 0.0010 1.0000 1.0000 0.9024 0.1360 0.0207 0.0032 0.0005 1.0000 1.0000 0.5149 0.0819 0.0131 0.0021 0.0003 1.0000 1.0000 0.3784 0.0611 0.0099 0.0016 0.0003 1.0000 1.0000 0.2894 0.0475 0.0061
0.0434 0.3382 1.0000 1.0000 0.0003 0.0018 0.0113 0.0702 0.4347 1.0000 1.0000 0.0004 0.0024 0.0149 0.0925 0.5783 1.0000 1.0000 0.0005 0.0034 0.0218 0.1410 0.9180 1.0000 1.0000 0.0010 0.0067 0.0458 0.3141 1.0000 1.0000 0.0004 0.0027 0.0192 0.1352 0.9554 1.0000 1.0000 0.0013 0.0090 0.0642 0.4568 1.0000 1.0000 0.0006 0.0044 0.0311 0.2213 1.0000 1.0000 1.0000 1.0000 1.0000 0.2213 0.0311 0.0044 0.0006 1.0000 1.0000 0.4568 0.0642 0.0090 0.0013 1.0000 1.0000 0.9554 0.1352 0.0192 0.0027 0.0004 1.0000 1.0000 0.3141 0.0458 0.0067 0.0010 1.0000 1.0000 0.9180 0.1410 0.0218 0.0034 0.0005 1.0000 1.0000 0.5783 0.0925 0.0149 0.0024 0.0004 1.0000 1.0000 0.4347 0.0702 0.0113 0.0018 0.0003 1.0000 1.0000 0.3382 0.0434
0.3093 1.0000 1.0000 0.0003 0.0021 0.0130 0.0806 0.4995 1.0000 1.0000 0.0004 0.0027 0.0170 0.1056 0.6556 1.0000 1.0000 0.0006 0.0038 0.0237 0.1510 0.9682 1.0000 1.0000 0.0010 0.0066 0.0443 0.2983 1.0000 1.0000 0.0004 0.0025 0.0173 0.1209 0.8491 1.0000 1.0000 0.0011 0.0079 0.0561 0.3983 1.0000 1.0000 0.0005 0.0038 0.0271 0.1926 1.0000 1.0000 0.0003 0.0009 0.0003 1.0000 1.0000 0.1926 0.0271 0.0038 0.0005 1.0000 1.0000 0.3983 0.0561 0.0079 0.0011 1.0000 1.0000 0.8491 0.1209 0.0173 0.0025 0.0004 1.0000 1.0000 0.2983 0.0443 0.0066 0.0010 1.0000 1.0000 0.9682 0.1510 0.0237 0.0038 0.0006 1.0000 1.0000 0.6556 0.1056 0.0170 0.0027 0.0004 1.0000 1.0000 0.4995 0.0806 0.0130 0.0021 0.0003 1.0000 1.0000 0.3093
1.0000 1.0000 0.0004 0.0024 0.0150 0.0926 0.5739 1.0000 1.0000 0.0005 0.0032 0.0195 0.1211 0.7504 1.0000 1.0000 0.0007 0.0042 0.0264 0.1661 1.0000 1.0000 1.0000 0.0010 0.0067 0.0443 0.2933 1.0000 1.0000 0.0003 0.0023 0.0158 0.1097 0.7633 1.0000 1.0000 0.0010 0.0070 0.0493 0.3480 1.0000 1.0000 0.0005 0.0033 0.0236 0.1677 1.0000 1.0000 1.0000 0.0017 0.0055 0.0017 1.0000 1.0000 1.0000 0.1677 0.0236 0.0033 0.0005 1.0000 1.0000 0.3480 0.0493 0.0070 0.0010 1.0000 1.0000 0.7633 0.1097 0.0158 0.0023 0.0003 1.0000 1.0000 0.2933 0.0443 0.0067 0.0010 1.0000 1.0000 1.0000 0.1661 0.0264 0.0042 0.0007 1.0000 1.0000 0.7504 0.1211 0.0195 0.0032 0.0005 1.0000 1.0000 0.5739 0.0926 0.0150 0.0024 0.0004 1.0000 1.0000
1.0000 0.0005 0.0028 0.0172 0.1064 0.6594 1.0000 1.0000 0.0006 0.0036 0.0225 0.1392 0.8621 1.0000 1.0000 0.0008 0.0048 0.0297 0.1858 1.0000 1.0000 1.0000 0.0011 0.0071 0.0458 0.2983 1.0000 1.0000 0.0003 0.0022 0.0148 0.1015 0.6994 1.0000 1.0000 0.0009 0.0062 0.0435 0.3070 1.0000 1.0000 0.0004 0.0029 0.0205 0.1459 1.0000 1.0000 1.0000 0.0014 0.0103 0.0341 0.0103 0.0014 1.0000 1.0000 1.0000 0.1459 0.0205 0.0029 0.0004 1.0000 1.0000 0.3070 0.0435 0.0062 0.0009 1.0000 1.0000 0.6994 0.1015 0.0148 0.0022 0.0003 1.0000 1.0000 0.2983 0.0458 0.0071 0.0011 1.0000 1.0000 1.0000 0.1858 0.0297 0.0048 0.0008 1.0000 1.0000 0.8621 0.1392 0.0225 0.0036 0.0006 1.0000 1.0000 0.6594 0.1064 0.0172 0.0028 0.0005 1.0000
0.0004 0.0032 0.0197 0.1223 0.7576 1.0000 1.0000 0.0007 0.0042 0.0258 0.1599 0.9905 1.0000 1.0000 0.0009 0.0054 0.0338 0.2102 1.0000 1.0000 1.0000 0.0012 0.0077 0.0489 0.3141 1.0000 1.0000 0.0003 0.0022 0.0144 0.0970 0.6581 1.0000 1.0000 0.0008 0.0056 0.0389 0.2733 1.0000 1.0000 0.0004 0.0025 0.0179 0.1273 0.9058 1.0000 1.0000 0.0012 0.0087 0.0640 0.2110 0.0640 0.0087 0.0012 1.0000 1.0000 0.9058 0.1273 0.0179 0.0025 0.0004 1.0000 1.0000 0.2733 0.0389 0.0056 0.0008 1.0000 1.0000 0.6581 0.0970 0.0144 0.0022 0.0003 1.0000 1.0000 0.3141 0.0489 0.0077 0.0012 1.0000 1.0000 1.0000 0.2102 0.0338 0.0054 0.0009 1.0000 1.0000 0.9905 0.1599 0.0258 0.0042 0.0007 1.0000 1.0000 0.7576 0.1223 0.0197 0.0032 0.0004
0.0030 0.0231 0.1405 0.8704 1.0000 1.0000 0.0008 0.0048 0.0296 0.1837 1.0000 1.0000 1.0000 0.0010 0.0062 0.0387 0.2402 1.0000 1.0000 1.0000 0.0014 0.0085 0.0536 0.3389 1.0000 1.0000 0.0003 0.0022 0.0144 0.0953 0.6372 1.0000 1.0000 0.0007 0.0051 0.0354 0.2462 1.0000 1.0000 0.0003 0.0022 0.0158 0.1116 0.7914 1.0000 1.0000 0.0011 0.0075 0.0542 0.3968 1.0000 0.3968 0.0542 0.0075 0.0011 1.0000 1.0000 0.7914 0.1116 0.0158 0.0022 0.0003 1.0000 1.0000 0.2462 0.0354 0.0051 0.0007 1.0000 1.0000 0.6372 0.0953 0.0144 0.0022 0.0003 1.0000 1.0000 0.3389 0.0536 0.0085 0.0014 1.0000 1.0000 1.0000 0.2402 0.0387 0.0062 0.0010 1.0000 1.0000 1.0000 0.1837 0.0296 0.0048 0.0008 1.0000 1.0000 0.8704 0.1405 0.0231 0.0030
0.0211 0.1639 1.0000 1.0000 1.0000 0.0009 0.0055 0.0341 0.2110 1.0000 1.0000 1.0000 0.0012 0.0072 0.0445 0.2754 1.0000 1.0000 0.0002 0.0015 0.0095 0.0598 0.3748 1.0000 1.0000 0.0004 0.0023 0.0148 0.0970 0.6372 1.0000 1.0000 0.0007 0.0048 0.0329 0.2260 1.0000 1.0000 0.0003 0.0020 0.0140 0.0984 0.6954 1.0000 1.0000 0.0009 0.0066 0.0467 0.3357 1.0000 1.0000 1.0000 0.3357 0.0467 0.0066 0.0009 1.0000 1.0000 0.6954 0.0984 0.0140 0.0020 0.0003 1.0000 1.0000 0.2260 0.0329 0.0048 0.0007 1.0000 1.0000 0.6372 0.0970 0.0148 0.0023 0.0004 1.0000 1.0000 0.3748 0.0598 0.0095 0.0015 0.0002 1.0000 1.0000 0.2754 0.0445 0.0072 0.0012 1.0000 1.0000 1.0000 0.2110 0.0341 0.0055 0.0009 1.0000 1.0000 1.0000 0.1639 0.0211
0.1499 1.0000 1.0000 1.0000 0.0010 0.0063 0.0391 0.2425 1.0000 1.0000 1.0000 0.0013 0.0082 0.0511 0.3164 1.0000 1.0000 0.0003 0.0017 0.0108 0.0676 0.4217 1.0000 1.0000 0.0004 0.0025 0.0158 0.1015 0.6581 1.0000 1.0000 0.0007 0.0047 0.0314 0.2131 1.0000 1.0000 0.0003 0.0018 0.0125 0.0878 0.6169 1.0000 1.0000 0.0008 0.0057 0.0408 0.2899 1.0000 1.0000 1.0000 1.0000 1.0000 0.2899 0.0408 0.0057 0.0008 1.0000 1.0000 0.6169 0.0878 0.0125 0.0018 0.0003 1.0000 1.0000 0.2131 0.0314 0.0047 0.0007 1.0000 1.0000 0.6581 0.1015 0.0158 0.0025 0.0004 1.0000 1.0000 0.4217 0.0676 0.0108 0.0017 0.0003 1.0000 1.0000 0.3164 0.0511 0.0082 0.0013 1.0000 1.0000 1.0000 0.2425 0.0391 0.0063 0.0010 1.0000 1.0000 1.0000 0.1499
1.0000 1.0000 1.0000 0.0012 0.0073 0.0450 0.2786 1.0000 1.0000 0.0002 0.0015 0.0095 0.0587 0.3636 1.0000 1.0000 0.0003 0.0020 0.0124 0.0770 0.4790 1.0000 1.0000 0.0004 0.0027 0.0173 0.1097 0.6994 1.0000 1.0000 0.0007 0.0047 0.0309 0.2067 1.0000 1.0000 0.0002 0.0017 0.0114 0.0794 0.5535 1.0000 1.0000 0.0007 0.0051 0.0358 0.2533 1.0000 1.0000 0.0004 0.0012 0.0004 1.0000 1.0000 0.2533 0.0358 0.0051 0.0007 1.0000 1.0000 0.5535 0.0794 0.0114 0.0017 0.0002 1.0000 1.0000 0.2067 0.0309 0.0047 0.0007 1.0000 1.0000 0.6994 0.1097 0.0173 0.0027 0.0004 1.0000 1.0000 0.4790 0.0770 0.0124 0.0020 0.0003 1.0000 1.0000 0.3636 0.0587 0.0095 0.0015 0.0002 1.0000 1.0000 0.2786 0.0450 0.0073 0.0012 1.0000 1.0000 1.0000
1.0000 1.0000 0.0013 0.0083 0.0517 0.3201 1.0000 1.0000 0.0003 0.0018 0.0109 0.0674 0.4177 1.0000 1.0000 0.0004 0.0023 0.0142 0.0882 0.5472 1.0000 1.0000 0.0005 0.0031 0.0192 0.1209 0.7633 1.0000 1.0000 0.0007 0.0048 0.0314 0.2067 1.0000 1.0000 1.0000 0.0016 0.0106 0.0730 0.5052 1.0000 1.0000 0.0006 0.0045 0.0316 0.2234 1.0000 1.0000 0.0003 0.0022 0.0072 0.0022 0.0003 1.0000 1.0000 0.2234 0.0316 0.0045 0.0006 1.0000 1.0000 0.5052 0.0730 0.0106 0.0016 1.0000 1.0000 1.0000 0.2067 0.0314 0.0048 0.0007 1.0000 1.0000 0.7633 0.1209 0.0192 0.0031 0.0005 1.0000 1.0000 0.5472 0.0882 0.0142 0.0023 0.0004 1.0000 1.0000 0.4177 0.0674 0.0109 0.0018 0.0003 1.0000 1.0000 0.3201 0.0517 0.0083 0.0013 1.0000 1.0000
0.0002 0.0016 0.0096 0.0594 0.3678 1.0000 1.0000 0.0003 0.0020 0.0125 0.0775 0.4799 1.0000 1.0000 0.0004 0.0026 0.0163 0.1013 0.6275 1.0000 1.0000 0.0006 0.0035 0.0217 0.1352 0.8491 1.0000 1.0000 0.0008 0.0051 0.0329 0.2131 1.0000 1.0000 1.0000 0.0015 0.0102 0.0690 0.4709 1.0000 1.0000 0.0006 0.0040 0.0282 0.1982 1.0000 1.0000 0.0003 0.0019 0.0136 0.0449 0.0136 0.0019 0.0003 1.0000 1.0000 0.1982 0.0282 0.0040 0.0006 1.0000 1.0000 0.4709 0.0690 0.0102 0.0015 1.0000 1.0000 1.0000 0.2131 0.0329 0.0051 0.0008 1.0000 1.0000 0.8491 0.1352 0.0217 0.0035 0.0006 1.0000 1.0000 0.6275 0.1013 0.0163 0.0026 0.0004 1.0000 1.0000 0.4799 0.0775 0.0125 0.0020 0.0003 1.0000 1.0000 0.3678 0.0594 0.0096 0.0016 0.0002
0.0014 0.0112 0.0681 0.4225 1.0000 1.0000 0.0004 0.0023 0.0144 0.0890 0.5514 1.0000 1.0000 0.0005 0.0030 0.0188 0.1164 0.7210 1.0000 1.0000 0.0006 0.0040 0.0246 0.1533 0.9554 1.0000 1.0000 0.0009 0.0056 0.0354 0.2260 1.0000 1.0000 1.0000 0.0015 0.0100 0.0669 0.4499 1.0000 1.0000 0.0005 0.0037 0.0256 0.1782 1.0000 1.0000 1.0000 0.0016 0.0116 0.0847 0.2786 0.0847 0.0116 0.0016 1.0000 1.0000 1.0000 0.1782 0.0256 0.0037 0.0005 1.0000 1.0000 0.4499 0.0669 0.0100 0.0015 1.0000 1.0000 1.0000 0.2260 0.0354 0.0056 0.0009 1.0000 1.0000 0.9554 0.1533 0.0246 0.0040 0.0006 1.0000 1.0000 0.7210 0.1164 0.0188 0.0030 0.0005 1.0000 1.0000 0.5514 0.0890 0.0144 0.0023 0.0004 1.0000 1.0000 0.4225 0.0681 0.0112 0.0014
0.0102 0.0796 0.4845 1.0000 1.0000 0.0004 0.0027 0.0165 0.1023 0.6335 1.0000 1.0000 0.0006 0.0035 0.0216 0.1337 0.8284 1.0000 1.0000 0.0007 0.0045 0.0282 0.1748 1.0000 1.0000 1.0000 0.0010 0.0062 0.0389 0.2462 1.0000 1.0000 0.0002 0.0016 0.0102 0.0669 0.4431 1.0000 1.0000 0.0005 0.0034 0.0236 0.1629 1.0000 1.0000 1.0000 0.0014 0.0101 0.0723 0.5278 1.0000 0.5278 0.0723 0.0101 0.0014 1.0000 1.0000 1.0000 0.1629 0.0236 0.0034 0.0005 1.0000 1.0000 0.4431 0.0669 0.0102 0.0016 0.0002 1.0000 1.0000 0.2462 0.0389 0.0062 0.0010 1.0000 1.0000 1.0000 0.1748 0.0282 0.0045 0.0007 1.0000 1.0000 0.8284 0.1337 0.0216 0.0035 0.0006 1.0000 1.0000 0.6335 0.1023 0.0165 0.0027 0.0004 1.0000 1.0000 0.4845 0.0796 0.0102
0.0728 0.5663 1.0000 1.0000 0.0005 0.0031 0.0190 0.1175 0.7279 1.0000 1.0000 0.0006 0.0040 0.0248 0.1536 0.9518 1.0000 1.0000 0.0008 0.0052 0.0324 0.2005 1.0000 1.0000 1.0000 0.0011 0.0070 0.0435 0.2733 1.0000 1.0000 0.0003 0.0017 0.0106 0.0690 0.4499 1.0000 1.0000 0.0005 0.0033 0.0223 0.1522 1.0000 1.0000 1.0000 0.0013 0.0091 0.0637 0.4533 1.0000 1.0000 1.0000 0.4533 0.0637 0.0091 0.0013 1.0000 1.0000 1.0000 0.1522 0.0223 0.0033 0.0005 1.0000 1.0000 0.4499 0.0690 0.0106 0.0017 0.0003 1.0000 1.0000 0.2733 0.0435 0.0070 0.0011 1.0000 1.0000 1.0000 0.2005 0.0324 0.0052 0.0008 1.0000 1.0000 0.9518 0.1536 0.0248 0.0040 0.0006 1.0000 1.0000 0.7279 0.1175 0.0190 0.0031 0.0005 1.0000 1.0000 0.5663 0.0728
0.5169 1.0000 1.0000 0.0006 0.0035 0.0218 0.1350 0.8363 1.0000 1.0000 0.0007 0.0046 0.0285 0.1765 1.0000 1.0000 1.0000 0.0010 0.0060 0.0372 0.2303 1.0000 1.0000 1.0000 0.0013 0.0079 0.0493 0.3070 1.0000 1.0000 0.0003 0.0018 0.0114 0.0730 0.4709 1.0000 1.0000 0.0005 0.0032 0.0216 0.1457 0.9868 1.0000 1.0000 0.0012 0.0082 0.0574 0.4006 1.0000 1.0000 1.0000 1.0000 1.0000 0.4006 0.0574 0.0082 0.0012 1.0000 1.0000 0.9868 0.1457 0.0216 0.0032 0.0005 1.0000 1.0000 0.4709 0.0730 0.0114 0.0018 0.0003 1.0000 1.0000 0.3070 0.0493 0.0079 0.0013 1.0000 1.0000 1.0000 0.2303 0.0372 0.0060 0.0010 1.0000 1.0000 1.0000 0.1765 0.0285 0.0046 0.0007 1.0000 1.0000 0.8363 0.1350 0.0218 0.0035 0.0006 1.0000 1.0000 0.5169
1.0000 1.0000 0.0007 0.0040 0.0250 0.1551 0.9608 1.0000 1.0000 0.0009 0.0053 0.0327 0.2028 1.0000 1.0000 1.0000 0.0011 0.0069 0.0427 0.2646 1.0000 1.0000 1.0000 0.0015 0.0090 0.0561 0.3480 1.0000 1.0000 0.0003 0.0020 0.0125 0.0794 0.5052 1.0000 1.0000 0.0005 0.0033 0.0216 0.1435 0.9572 1.0000 1.0000 0.0011 0.0076 0.0525 0.3636 1.0000 1.0000 0.0005 0.0016 0.0005 1.0000 1.0000 0.3636 0.0525 0.0076 0.0011 1.0000 1.0000 0.9572 0.1435 0.0216 0.0033 0.0005 1.0000 1.0000 0.5052 0.0794 0.0125 0.0020 0.0003 1.0000 1.0000 0.3480 0.0561 0.0090 0.0015 1.0000 1.0000 1.0000 0.2646 0.0427 0.0069 0.0011 1.0000 1.0000 1.0000 0.2028 0.0327 0.0053 0.0009 1.0000 1.0000 0.9608 0.1551 0.0250 0.0040 0.0007 1.0000 1.0000
1.0000 0.0008 0.0046 0.0288 0.1782 1.0000 1.0000 1.0000 0.0010 0.0061 0.0376 0.2330 1.0000 1.0000 1.0000 0.0013 0.0079 0.0491 0.3041 1.0000 1.0000 0.0003 0.0017 0.0104 0.0642 0.3983 1.0000 1.0000 0.0004 0.0022 0.0140 0.0878 0.5535 1.0000 1.0000 0.0005 0.0034 0.0223 0.1457 0.9572 1.0000 1.0000 0.0011 0.0072 0.0491 0.3363 1.0000 1.0000 0.0004 0.0030 0.0100 0.0030 0.0004 1.0000 1.0000 0.3363 0.0491 0.0072 0.0011 1.0000 1.0000 0.9572 0.1457 0.0223 0.0034 0.0005 1.0000 1.0000 0.5535 0.0878 0.0140 0.0022 0.0004 1.0000 1.0000 0.3983 0.0642 0.0104 0.0017 0.0003 1.0000 1.0000 0.3041 0.0491 0.0079 0.0013 1.0000 1.0000 1.0000 0.2330 0.0376 0.0061 0.0010 1.0000 1.0000 1.0000 0.1782 0.0288 0.0046 0.0008 1.0000
0.0007 0.0054 0.0330 0.2047 1.0000 1.0000 1.0000 0.0011 0.0070 0.0432 0.2677 1.0000 1.0000 0.0002 0.0015 0.0091 0.0564 0.3493 1.0000 1.0000 0.0003 0.0019 0.0119 0.0737 0.4568 1.0000 1.0000 0.0004 0.0025 0.0158 0.0984 0.6169 1.0000 1.0000 0.0006 0.0037 0.0236 0.1522 0.9868 1.0000 1.0000 0.0010 0.0070 0.0471 0.3189 1.0000 1.0000 0.0004 0.0027 0.0193 0.0631 0.0193 0.0027 0.0004 1.0000 1.0000 0.3189 0.0471 0.0070 0.0010 1.0000 1.0000 0.9868 0.1522 0.0236 0.0037 0.0006 1.0000 1.0000 0.6169 0.0984 0.0158 0.0025 0.0004 1.0000 1.0000 0.4568 0.0737 0.0119 0.0019 0.0003 1.0000 1.0000 0.3493 0.0564 0.0091 0.0015 0.0002 1.0000 1.0000 0.2677 0.0432 0.0070 0.0011 1.0000 1.0000 1.0000 0.2047 0.0330 0.0054 0.0007
0.0050 0.0385 0.2352 1.0000 1.0000 1.0000 0.0013 0.0080 0.0496 0.3075 1.0000 1.0000 0.0003 0.0017 0.0105 0.0648 0.4014 1.0000 1.0000 0.0004 0.0022 0.0137 0.0847 0.5248 1.0000 1.0000 0.0005 0.0029 0.0179 0.1116 0.6954 1.0000 1.0000 0.0006 0.0040 0.0256 0.1629 1.0000 1.0000 1.0000 0.0011 0.0070 0.0464 0.3099 1.0000 1.0000 0.0004 0.0025 0.0171 0.1223 0.3998 0.1223 0.0171 0.0025 0.0004 1.0000 1.0000 0.3099 0.0464 0.0070 0.0011 1.0000 1.0000 1.0000 0.1629 0.0256 0.0040 0.0006 1.0000 1.0000 0.6954 0.1116 0.0179 0.0029 0.0005 1.0000 1.0000 0.5248 0.0847 0.0137 0.0022 0.0004 1.0000 1.0000 0.4014 0.0648 0.0105 0.0017 0.0003 1.0000 1.0000 0.3075 0.0496 0.0080 0.0013 1.0000 1.0000 1.0000 0.2352 0.0385 0.0050
0.0353 0.2749 1.0000 1.0000 0.0002 0.0015 0.0092 0.0570 0.3534 1.0000 1.0000 0.0003 0.0019 0.0120 0.0744 0.4611 1.0000 1.0000 0.0004 0.0025 0.0157 0.0973 0.6030 1.0000 1.0000 0.0005 0.0033 0.0205 0.1273 0.7914 1.0000 1.0000 0.0007 0.0045 0.0282 0.1782 1.0000 1.0000 1.0000 0.0011 0.0072 0.0471 0.3099 1.0000 1.0000 0.0003 0.0023 0.0159 0.1099 0.7810 1.0000 0.7810 0.1099 0.0159 0.0023 0.0003 1.0000 1.0000 0.3099 0.0471 0.0072 0.0011 1.0000 1.0000 1.0000 0.1782 0.0282 0.0045 0.0007 1.0000 1.0000 0.7914 0.1273 0.0205 0.0033 0.0005 1.0000 1.0000 0.6030 0.0973 0.0157 0.0025 0.0004 1.0000 1.0000 0.4611 0.0744 0.0120 0.0019 0.0003 1.0000 1.0000 0.3534 0.0570 0.0092 0.0015 0.0002 1.0000 1.0000 0.2749 0.0353
0.2509 1.0000 1.0000 0.0003 0.0017 0.0106 0.0655 0.4060 1.0000 1.0000 0.0004 0.0022 0.0138 0.0855 0.5298 1.0000 1.0000 0.0005 0.0029 0.0180 0.1118 0.6928 1.0000 1.0000 0.0006 0.0038 0.0236 0.1459 0.9058 1.0000 1.0000 0.0008 0.0051 0.0316 0.1982 1.0000 1.0000 1.0000 0.0012 0.0076 0.0491 0.3189 1.0000 1.0000 0.0003 0.0023 0.0152 0.1030 0.7088 1.0000 1.0000 1.0000 0.7088 0.1030 0.0152 0.0023 0.0003 1.0000 1.0000 0.3189 0.0491 0.0076 0.0012 1.0000 1.0000 1.0000 0.1982 0.0316 0.0051 0.0008 1.0000 1.0000 0.9058 0.1459 0.0236 0.0038 0.0006 1.0000 1.0000 0.6928 0.1118 0.0180 0.0029 0.0005 1.0000 1.0000 0.5298 0.0855 0.0138 0.0022 0.0004 1.0000 1.0000 0.4060 0.0655 0.0106 0.0017 0.0003 1.0000 1.0000 0.2509
1.0000 1.0000 0.0003 0.0020 0.0122 0.0753 0.4664 1.0000 1.0000 0.0004 0.0026 0.0159 0.0983 0.6087 1.0000 1.0000 0.0005 0.0033 0.0207 0.1285 0.7960 1.0000 1.0000 0.0007 0.0044 0.0271 0.1677 1.0000 1.0000 1.0000 0.0009 0.0057 0.0358 0.2234 1.0000 1.0000 1.0000 0.0013 0.0082 0.0525 0.3363 1.0000 1.0000 0.0003 0.0023 0.0150 0.1001 0.6733 1.0000 1.0000 0.0004 1.0000 1.0000 0.6733 0.1001 0.0150 0.0023 0.0003 1.0000 1.0000 0.3363 0.0525 0.0082 0.0013 1.0000 1.0000 1.0000 0.2234 0.0358 0.0057 0.0009 1.0000 1.0000 1.0000 0.1677 0.0271 0.0044 0.0007 1.0000 1.0000 0.7960 0.1285 0.0207 0.0033 0.0005 1.0000 1.0000 0.6087 0.0983 0.0159 0.0026 0.0004 1.0000 1.0000 0.4664 0.0753 0.0122 0.0020 0.0003 1.0000 1.0000
1.0000 0.0004 0.0022 0.0140 0.0865 0.5359 1.0000 1.0000 0.0005 0.0029 0.0182 0.1129 0.6994 1.0000 1.0000 0.0006 0.0038 0.0238 0.1476 0.9145 1.0000 1.0000 0.0008 0.0050 0.0311 0.1926 1.0000 1.0000 1.0000 0.0011 0.0066 0.0408 0.2533 1.0000 1.0000 1.0000 0.0014 0.0091 0.0574 0.3636 1.0000 1.0000 0.0004 0.0023 0.0152 0.1001 0.6644 1.0000 1.0000 0.0008 0.0025 0.0008 1.0000 1.0000 0.6644 0.1001 0.0152 0.0023 0.0004 1.0000 1.0000 0.3636 0.0574 0.0091 0.0014 1.0000 1.0000 1.0000 0.2533 0.0408 0.0066 0.0011 1.0000 1.0000 1.0000 0.1926 0.0311 0.0050 0.0008 1.0000 1.0000 0.9145 0.1476 0.0238 0.0038 0.0006 1.0000 1.0000 0.6994 0.1129 0.0182 0.0029 0.0005 1.0000 1.0000 0.5359 0.0865 0.0140 0.0022 0.0004 1.0000
0.0003 0.0026 0.0160 0.0994 0.6157 1.0000 1.0000 0.0005 0.0034 0.0209 0.1297 0.8036 1.0000 1.0000 0.0007 0.0044 0.0274 0.1696 1.0000 1.0000 1.0000 0.0009 0.0058 0.0357 0.2213 1.0000 1.0000 1.0000 0.0012 0.0075 0.0467 0.2899 1.0000 1.0000 0.0003 0.0016 0.0101 0.0637 0.4006 1.0000 1.0000 0.0004 0.0025 0.0159 0.1030 0.6733 1.0000 1.0000 0.0007 0.0051 0.0166 0.0051 0.0007 1.0000 1.0000 0.6733 0.1030 0.0159 0.0025 0.0004 1.0000 1.0000 0.4006 0.0637 0.0101 0.0016 0.0003 1.0000 1.0000 0.2899 0.0467 0.0075 0.0012 1.0000 1.0000 1.0000 0.2213 0.0358 0.0058 0.0009 1.0000 1.0000 1.0000 0.1696 0.0274 0.0044 0.0007 1.0000 1.0000 0.8051 0.1297 0.0210 0.0034 0.0005 1.0000 1.0000 0.6157 0.0994 0.0160 0.0026 0.0003
0.0024 0.0187 0.1140 0.7074 1.0000 1.0000 0.0006 0.0039 0.0241 0.1490 0.9232 1.0000 1.0000 0.0008 0.0051 0.0314 0.1948 1.0000 1.0000 1.0000 0.0011 0.0066 0.0410 0.2543 1.0000 1.0000 1.0000 0.0014 0.0087 0.0537 0.3325 1.0000 1.0000 0.0003 0.0018 0.0115 0.0715 0.4482 1.0000 1.0000 0.0004 0.0026 0.0169 0.1087 0.7021 1.0000 1.0000 0.0007 0.0049 0.0338 0.1097 0.0343 0.0050 0.0007 1.0000 1.0000 0.7088 0.1099 0.0171 0.0027 0.0004 1.0000 1.0000 0.4533 0.0723 0.0116 0.0019 0.0003 1.0000 1.0000 0.3357 0.0542 0.0087 0.0014 1.0000 1.0000 1.0000 0.2572 0.0415 0.0067 0.0011 1.0000 1.0000 1.0000 0.1967 0.0317 0.0051 0.0008 1.0000 1.0000 0.9338 0.1507 0.0243 0.0039 0.0006 1.0000 1.0000 0.7142 0.1151 0.0189 0.0024
0.0171 0.1332 0.8112 1.0000 1.0000 0.0007 0.0045 0.0276 0.1712 1.0000 1.0000 1.0000 0.0009 0.0058 0.0361 0.2239 1.0000 1.0000 1.0000 0.0012 0.0076 0.0472 0.2922 1.0000 1.0000 0.0003 0.0016 0.0100 0.0617 0.3820 1.0000 1.0000 0.0003 0.0021 0.0130 0.0811 0.5052 1.0000 1.0000 0.0005 0.0029 0.0184 0.1170 0.7475 1.0000 1.0000 0.0008 0.0049 0.0327 0.2277 0.7475 0.2334 0.0343 0.0051 0.0008 1.0000 1.0000 0.7810 0.1223 0.0193 0.0030 0.0005 1.0000 1.0000 0.5278 0.0847 0.0136 0.0022 0.0004 1.0000 1.0000 0.3968 0.0640 0.0103 0.0017 0.0003 1.0000 1.0000 0.3041 0.0491 0.0079 0.0013 1.0000 1.0000 1.0000 0.2325 0.0375 0.0061 0.0010 1.0000 1.0000 1.0000 0.1782 0.0288 0.0046 0.0007 1.0000 1.0000 0.8427 0.1378 0.0173
0.1218 0.9481 1.0000 1.0000 0.0008 0.0051 0.0317 0.1967 1.0000 1.0000 1.0000 0.0011 0.0067 0.0415 0.2572 1.0000 1.0000 1.0000 0.0014 0.0087 0.0542 0.3357 1.0000 1.0000 0.0003 0.0018 0.0114 0.0708 0.4389 1.0000 1.0000 0.0004 0.0024 0.0149 0.0926 0.5750 1.0000 1.0000 0.0005 0.0033 0.0204 0.1287 0.8143 1.0000 1.0000 0.0008 0.0051 0.0332 0.2234 1.0000 1.0000 0.7362 0.1099 0.0166 0.0025 0.0004 1.0000 1.0000 0.3998 0.0631 0.0100 0.0016 1.0000 1.0000 1.0000 0.2786 0.0449 0.0072 0.0012 1.0000 1.0000 1.0000 0.2110 0.0341 0.0055 0.0009 1.0000 1.0000 1.0000 0.1617 0.0261 0.0042 0.0007 1.0000 1.0000 0.7677 0.1237 0.0200 0.0032 0.0005 1.0000 1.0000 0.5871 0.0948 0.0153 0.0025 0.0004 1.0000 1.0000 0.4603 0.0614
0.8687 1.0000 1.0000 0.0010 0.0059 0.0367 0.2273 1.0000 1.0000 1.0000 0.0012 0.0077 0.0480 0.2972 1.0000 1.0000 0.0003 0.0016 0.0101 0.0626 0.3879 1.0000 1.0000 0.0003 0.0021 0.0132 0.0819 0.5072 1.0000 1.0000 0.0004 0.0028 0.0172 0.1068 0.6631 1.0000 1.0000 0.0006 0.0037 0.0231 0.1445 0.9076 1.0000 1.0000 0.0009 0.0055 0.0351 0.2286 1.0000 1.0000 1.0000 0.2234 0.0340 0.0051 0.0008 1.0000 1.0000 0.7810 0.1223 0.0193 0.0030 0.0005 1.0000 1.0000 0.5278 0.0847 0.0136 0.0022 0.0004 1.0000 1.0000 0.3968 0.0640 0.0103 0.0017 0.0003 1.0000 1.0000 0.3041 0.0491 0.0079 0.0013 1.0000 1.0000 1.0000 0.2325 0.0375 0.0061 0.0010 1.0000 1.0000 1.0000 0.1782 0.0288 0.0046 0.0007 1.0000 1.0000 0.8427 0.1378 0.0173
1.0000 1.0000 0.0011 0.0069 0.0430 0.2667 1.0000 1.0000 1.0000 0.0015 0.0091 0.0562 0.3480 1.0000 1.0000 0.0003 0.0019 0.0119 0.0734 0.4550 1.0000 1.0000 0.0004 0.0025 0.0155 0.0959 0.5939 1.0000 1.0000 0.0005 0.0033 0.0202 0.1253 0.7750 1.0000 1.0000 0.0007 0.0043 0.0267 0.1661 1.0000 1.0000 1.0000 0.0010 0.0061 0.0385 0.2467 1.0000 1.0000 1.0000 0.1525 0.0323 0.0050 0.0007 1.0000 1.0000 0.7088 0.1099 0.0171 0.0027 0.0004 1.0000 1.0000 0.4533 0.0723 0.0116 0.0019 0.0003 1.0000 1.0000 0.3357 0.0542 0.0087 0.0014 1.0000 1.0000 1.0000 0.2572 0.0415 0.0067 0.0011 1.0000 1.0000 1.0000 0.1967 0.0317 0.0051 0.0008 1.0000 1.0000 0.9338 0.1507 0.0243 0.0039 0.0006 1.0000 1.0000 0.7142 0.1151 0.0189 0.0024
1.0000 0.0009 0.0054 0.0334 0.2071 1.0000 1.0000 1.0000 0.0011 0.0071 0.0437 0.2708 1.0000 1.0000 1.0000 0.0015 0.0092 0.0571 0.3540 1.0000 1.0000 0.0003 0.0019 0.0120 0.0746 0.4620 1.0000 1.0000 0.0004 0.0025 0.0157 0.0977 0.6053 1.0000 1.0000 0.0005 0.0034 0.0211 0.1324 0.8315 1.0000 1.0000 0.0008 0.0050 0.0321 0.2071 1.0000 1.0000 1.0000 0.0007 0.0088 0.0053 0.0007 1.0000 1.0000 0.6733 0.1030 0.0159 0.0025 0.0004 1.0000 1.0000 0.4006 0.0637 0.0101 0.0016 0.0003 1.0000 1.0000 0.2899 0.0467 0.0075 0.0012 1.0000 1.0000 1.0000 0.2213 0.0358 0.0058 0.0009 1.0000 1.0000 1.0000 0.1696 0.0274 0.0044 0.0007 1.0000 1.0000 0.8051 0.1297 0.0210 0.0034 0.0005 1.0000 1.0000 0.6157 0.0994 0.0160 0.0026 0.0003
1.0000 0.0004 0.0024 0.0147 0.0911 0.5641 1.0000 1.0000 0.0005 0.0031 0.0192 0.1191 0.7376 1.0000 1.0000 0.0007 0.0041 0.0251 0.1557 0.9627 1.0000 1.0000 0.0009 0.0053 0.0328 0.2032 1.0000 1.0000 1.0000 0.0011 0.0069 0.0430 0.2682 1.0000 1.0000 1.0000 0.0015 0.0096 0.0608 0.3857 1.0000 1.0000 0.0004 0.0025 0.0162 0.1068 0.7088 1.0000 1.0000 0.0008 0.0026 0.0008 1.0000 1.0000 0.6644 0.1001 0.0152 0.0023 0.0004 1.0000 1.0000 0.3636 0.0574 0.0091 0.0014 1.0000 1.0000 1.0000 0.2533 0.0408 0.0066 0.0011 1.0000 1.0000 1.0000 0.1926 0.0311 0.0050 0.0008 1.0000 1.0000 0.9145 0.1476 0.0238 0.0038 0.0006 1.0000 1.0000 0.6994 0.1129 0.0182 0.0029 0.0005 1.0000 1.0000 0.5359 0.0865 0.0140 0.0022 0.0004 1.0000
1.0000 1.0000 0.0003 0.0020 0.0123 0.0764 0.4736 1.0000 1.0000 0.0004 0.0026 0.0161 0.0999 0.6181 1.0000 1.0000 0.0005 0.0034 0.0211 0.1304 0.8082 1.0000 1.0000 0.0007 0.0044 0.0275 0.1706 1.0000 1.0000 1.0000 0.0009 0.0058 0.0363 0.2269 1.0000 1.0000 1.0000 0.0013 0.0084 0.0535 0.3421 1.0000 1.0000 0.0004 0.0023 0.0153 0.1021 0.6875 1.0000 1.0000 0.0004 1.0000 1.0000 0.6733 0.1001 0.0150 0.0023 0.0003 1.0000 1.0000 0.3363 0.0525 0.0082 0.0013 1.0000 1.0000 1.0000 0.2234 0.0358 0.0057 0.0009 1.0000 1.0000 1.0000 0.1677 0.0271 0.0044 0.0007 1.0000 1.0000 0.7960 0.1285 0.0207 0.0033 0.0005 1.0000 1.0000 0.6087 0.0983 0.0159 0.0026 0.0004 1.0000 1.0000 0.4664 0.0753 0.0122 0.0020 0.0003 1.0000 1.0000
