0.3306 0.1848 0.2093 0.2832 0.4018 0.4809 0.3887 0.1973 0.1933 0.2505 0.3533 0.4741 0.4423 0.2484 0.1842 0.2241 0.3103 0.4376 0.4717 0.3348 0.1862 0.2040 0.2731 0.3872 0.4816 0.4072 0.2060 0.1897 0.2422 0.3403 0.4666 0.4529 0.2727 0.1836 0.2177 0.2989 0.4234 0.4766 0.3578 0.1893 0.1993 0.2635 0.3731 0.4803 0.4232 0.2192 0.1868 0.2346 0.3282 0.4559 0.4747 0.4559 0.3282 0.2346 0.1868 0.2192 0.4232 0.4803 0.3731 0.2635 0.1993 0.1893 0.3578 0.4766 0.4234 0.2989 0.2177 0.1836 0.2727 0.4529 0.4666 0.3403 0.2422 0.1897 0.2060 0.4072 0.4816 0.3872 0.2731 0.2040 0.1862 0.3348 0.4717 0.4376 0.3103 0.2241 0.1842 0.2484 0.4423 0.4741 0.3533 0.2505 0.1933 0.1973 0.3887 0.4809 0.4018 0.2832 0.2093 0.1848 0.3306
0.1848 0.1895 0.2736 0.4048 0.4814 0.3892 0.1755 0.1673 0.2348 0.3504 0.4776 0.4414 0.2428 0.1562 0.2044 0.3022 0.4419 0.4710 0.3353 0.1601 0.1807 0.2604 0.3879 0.4828 0.4076 0.1880 0.1627 0.2253 0.3359 0.4708 0.4518 0.2702 0.1558 0.1970 0.2895 0.4270 0.4763 0.3587 0.1645 0.1749 0.2496 0.3724 0.4824 0.4229 0.2065 0.1592 0.2165 0.3220 0.4614 0.4579 0.3832 0.4579 0.4614 0.3220 0.2165 0.1592 0.2065 0.4229 0.4824 0.3724 0.2496 0.1749 0.1645 0.3587 0.4763 0.4270 0.2895 0.1970 0.1558 0.2702 0.4518 0.4708 0.3359 0.2253 0.1627 0.1880 0.4076 0.4828 0.3879 0.2604 0.1807 0.1601 0.3353 0.4710 0.4419 0.3022 0.2044 0.1562 0.2428 0.4414 0.4776 0.3504 0.2348 0.1673 0.1755 0.3892 0.4814 0.4048 0.2736 0.1895 0.1848
0.2093 0.2736 0.3992 0.4814 0.3991 0.1820 0.1643 0.2282 0.3399 0.4722 0.4483 0.2609 0.1556 0.1990 0.2929 0.4306 0.4741 0.3512 0.1627 0.1765 0.2525 0.3763 0.4817 0.4181 0.1996 0.1600 0.2189 0.3256 0.4632 0.4576 0.2885 0.1560 0.1919 0.2806 0.4151 0.4783 0.3733 0.1686 0.1711 0.2421 0.3612 0.4798 0.4318 0.2219 0.1573 0.2105 0.3120 0.4515 0.4649 0.3189 0.1775 0.3189 0.4649 0.4515 0.3120 0.2105 0.1573 0.2219 0.4318 0.4798 0.3612 0.2421 0.1711 0.1686 0.3733 0.4783 0.4151 0.2806 0.1919 0.1560 0.2885 0.4576 0.4632 0.3256 0.2189 0.1600 0.1996 0.4181 0.4817 0.3763 0.2525 0.1765 0.1627 0.3512 0.4741 0.4306 0.2929 0.1990 0.1556 0.2609 0.4483 0.4722 0.3399 0.2282 0.1643 0.1820 0.3991 0.4814 0.3992 0.2736 0.2093
0.2832 0.4048 0.4814 0.4029 0.1871 0.1622 0.2232 0.3315 0.4671 0.4545 0.2790 0.1557 0.1943 0.2847 0.4204 0.4771 0.3661 0.1664 0.1729 0.2455 0.3662 0.4808 0.4275 0.2140 0.1581 0.2132 0.3166 0.4558 0.4629 0.3063 0.1569 0.1875 0.2727 0.4046 0.4803 0.3869 0.1741 0.1678 0.2356 0.3514 0.4772 0.4398 0.2391 0.1562 0.2052 0.3033 0.4426 0.4697 0.3311 0.1582 0.1554 0.1582 0.3311 0.4697 0.4426 0.3033 0.2052 0.1562 0.2391 0.4398 0.4772 0.3514 0.2356 0.1678 0.1741 0.3869 0.4803 0.4046 0.2727 0.1875 0.1569 0.3063 0.4629 0.4558 0.3166 0.2132 0.1581 0.2140 0.4275 0.4808 0.3662 0.2455 0.1729 0.1664 0.3661 0.4771 0.4204 0.2847 0.1943 0.1557 0.2790 0.4545 0.4671 0.3315 0.2232 0.1622 0.1871 0.4029 0.4814 0.4048 0.2832
0.4018 0.4814 0.3991 0.1871 0.1615 0.2203 0.3253 0.4618 0.4594 0.2955 0.1563 0.1899 0.2768 0.4100 0.4794 0.3802 0.1712 0.1694 0.2388 0.3563 0.4786 0.4359 0.2304 0.1567 0.2078 0.3077 0.4472 0.4676 0.3235 0.1585 0.1833 0.2650 0.3941 0.4815 0.3995 0.1814 0.1646 0.2292 0.3418 0.4732 0.4469 0.2571 0.1557 0.2001 0.2947 0.4328 0.4734 0.3479 0.1621 0.1743 0.2079 0.1743 0.1621 0.3479 0.4734 0.4328 0.2947 0.2001 0.1557 0.2571 0.4469 0.4732 0.3418 0.2292 0.1646 0.1814 0.3995 0.4815 0.3941 0.2650 0.1833 0.1585 0.3235 0.4676 0.4472 0.3077 0.2078 0.1567 0.2304 0.4359 0.4786 0.3563 0.2388 0.1694 0.1712 0.3802 0.4794 0.4100 0.2768 0.1899 0.1563 0.2955 0.4594 0.4618 0.3253 0.2203 0.1615 0.1871 0.3991 0.4814 0.4018
0.4809 0.3892 0.1820 0.1622 0.2203 0.3231 0.4584 0.4627 0.3086 0.1573 0.1860 0.2696 0.3999 0.4810 0.3932 0.1775 0.1662 0.2323 0.3465 0.4753 0.4435 0.2481 0.1559 0.2026 0.2990 0.4378 0.4716 0.3400 0.1607 0.1792 0.2576 0.3837 0.4820 0.4108 0.1911 0.1618 0.2231 0.3323 0.4679 0.4534 0.2755 0.1557 0.1952 0.2864 0.4226 0.4765 0.3631 0.1656 0.1741 0.2441 0.3064 0.2441 0.1741 0.1656 0.3631 0.4765 0.4226 0.2864 0.1952 0.1557 0.2755 0.4534 0.4679 0.3323 0.2231 0.1618 0.1911 0.4108 0.4820 0.3837 0.2576 0.1792 0.1607 0.3400 0.4716 0.4378 0.2990 0.2026 0.1559 0.2481 0.4435 0.4753 0.3465 0.2323 0.1662 0.1775 0.3932 0.4810 0.3999 0.2696 0.1860 0.1573 0.3086 0.4627 0.4584 0.3231 0.2203 0.1622 0.1820 0.3892 0.4809
0.3887 0.1755 0.1643 0.2232 0.3253 0.4584 0.4639 0.3161 0.1582 0.1831 0.2635 0.3908 0.4818 0.4046 0.1856 0.1632 0.2262 0.3370 0.4707 0.4503 0.2664 0.1556 0.1977 0.2906 0.4278 0.4750 0.3556 0.1637 0.1754 0.2505 0.3734 0.4816 0.4209 0.2035 0.1594 0.2173 0.3231 0.4613 0.4592 0.2937 0.1562 0.1906 0.2783 0.4122 0.4790 0.3773 0.1701 0.1702 0.2409 0.3595 0.4448 0.3595 0.2409 0.1702 0.1701 0.3773 0.4790 0.4122 0.2783 0.1906 0.1562 0.2937 0.4592 0.4613 0.3231 0.2173 0.1594 0.2035 0.4209 0.4816 0.3734 0.2505 0.1754 0.1637 0.3556 0.4750 0.4278 0.2906 0.1977 0.1556 0.2664 0.4503 0.4707 0.3370 0.2262 0.1632 0.1856 0.4046 0.4818 0.3908 0.2635 0.1831 0.1582 0.3161 0.4639 0.4584 0.3253 0.2232 0.1643 0.1755 0.3887
0.1973 0.1673 0.2282 0.3315 0.4618 0.4627 0.3161 0.1586 0.1815 0.2594 0.3837 0.4820 0.4137 0.1952 0.1607 0.2205 0.3278 0.4648 0.4564 0.2847 0.1559 0.1929 0.2824 0.4174 0.4778 0.3703 0.1676 0.1718 0.2436 0.3634 0.4803 0.4300 0.2185 0.1577 0.2117 0.3140 0.4534 0.4643 0.3113 0.1573 0.1862 0.2705 0.4016 0.4807 0.3907 0.1760 0.1669 0.2338 0.3493 0.4754 0.4670 0.4754 0.3493 0.2338 0.1669 0.1760 0.3907 0.4807 0.4016 0.2705 0.1862 0.1573 0.3113 0.4643 0.4534 0.3140 0.2117 0.1577 0.2185 0.4300 0.4803 0.3634 0.2436 0.1718 0.1676 0.3703 0.4778 0.4174 0.2824 0.1929 0.1559 0.2847 0.4564 0.4648 0.3278 0.2205 0.1607 0.1952 0.4137 0.4820 0.3837 0.2594 0.1815 0.1586 0.3161 0.4627 0.4618 0.3315 0.2282 0.1673 0.1973
0.1933 0.2348 0.3399 0.4671 0.4594 0.3086 0.1582 0.1815 0.2579 0.3797 0.4819 0.4203 0.2050 0.1590 0.2154 0.3195 0.4580 0.4617 0.3023 0.1567 0.1884 0.2744 0.4069 0.4799 0.3841 0.1728 0.1685 0.2369 0.3535 0.4778 0.4382 0.2354 0.1564 0.2063 0.3052 0.4446 0.4688 0.3284 0.1590 0.1821 0.2629 0.3911 0.4818 0.4029 0.1839 0.1638 0.2274 0.3391 0.4721 0.4460 0.3587 0.4460 0.4721 0.3391 0.2274 0.1638 0.1839 0.4029 0.4818 0.3911 0.2629 0.1821 0.1590 0.3284 0.4688 0.4446 0.3052 0.2063 0.1564 0.2354 0.4382 0.4778 0.3535 0.2369 0.1685 0.1728 0.3841 0.4799 0.4069 0.2744 0.1884 0.1567 0.3023 0.4617 0.4580 0.3195 0.2154 0.1590 0.2050 0.4203 0.4819 0.3797 0.2579 0.1815 0.1582 0.3086 0.4594 0.4671 0.3399 0.2348 0.1933
0.2505 0.3504 0.4722 0.4545 0.2955 0.1573 0.1831 0.2594 0.3797 0.4818 0.4238 0.2125 0.1579 0.2114 0.3123 0.4508 0.4661 0.3186 0.1580 0.1842 0.2667 0.3964 0.4813 0.3969 0.1796 0.1653 0.2305 0.3438 0.4741 0.4455 0.2533 0.1558 0.2012 0.2966 0.4350 0.4727 0.3446 0.1614 0.1781 0.2555 0.3807 0.4820 0.4138 0.1944 0.1610 0.2214 0.3296 0.4662 0.4546 0.2847 0.1624 0.2847 0.4546 0.4662 0.3296 0.2214 0.1610 0.1944 0.4138 0.4820 0.3807 0.2555 0.1781 0.1614 0.3446 0.4727 0.4350 0.2966 0.2012 0.1558 0.2533 0.4455 0.4741 0.3438 0.2305 0.1653 0.1796 0.3969 0.4813 0.3964 0.2667 0.1842 0.1580 0.3186 0.4661 0.4508 0.3123 0.2114 0.1579 0.2125 0.4238 0.4818 0.3797 0.2594 0.1831 0.1573 0.2955 0.4545 0.4722 0.3504 0.2505
0.3533 0.4776 0.4483 0.2790 0.1563 0.1860 0.2635 0.3837 0.4819 0.4238 0.2153 0.1573 0.2087 0.3068 0.4444 0.4695 0.3328 0.1598 0.1805 0.2596 0.3861 0.4820 0.4084 0.1887 0.1623 0.2244 0.3343 0.4691 0.4521 0.2717 0.1556 0.1963 0.2882 0.4248 0.4759 0.3599 0.1647 0.1744 0.2485 0.3705 0.4813 0.4236 0.2076 0.1589 0.2156 0.3204 0.4591 0.4607 0.2980 0.1548 0.1607 0.1548 0.2980 0.4607 0.4591 0.3204 0.2156 0.1589 0.2076 0.4236 0.4813 0.3705 0.2485 0.1744 0.1647 0.3599 0.4759 0.4248 0.2882 0.1963 0.1556 0.2717 0.4521 0.4691 0.3343 0.2244 0.1623 0.1887 0.4084 0.4820 0.3861 0.2596 0.1805 0.1598 0.3328 0.4695 0.4444 0.3068 0.2087 0.1573 0.2153 0.4238 0.4819 0.3837 0.2635 0.1860 0.1563 0.2790 0.4483 0.4776 0.3533
0.4741 0.4414 0.2609 0.1557 0.1899 0.2696 0.3908 0.4820 0.4203 0.2125 0.1573 0.2078 0.3038 0.4398 0.4719 0.3441 0.1618 0.1772 0.2532 0.3767 0.4818 0.4185 0.2004 0.1599 0.2185 0.3250 0.4628 0.4580 0.2899 0.1561 0.1916 0.2800 0.4144 0.4785 0.3743 0.1690 0.1709 0.2416 0.3605 0.4797 0.4324 0.2232 0.1572 0.2101 0.3114 0.4510 0.4657 0.3163 0.1579 0.1819 0.2192 0.1819 0.1579 0.3163 0.4657 0.4510 0.3114 0.2101 0.1572 0.2232 0.4324 0.4797 0.3605 0.2416 0.1709 0.1690 0.3743 0.4785 0.4144 0.2800 0.1916 0.1561 0.2899 0.4580 0.4628 0.3250 0.2185 0.1599 0.2004 0.4185 0.4818 0.3767 0.2532 0.1772 0.1618 0.3441 0.4719 0.4398 0.3038 0.2078 0.1573 0.2125 0.4203 0.4820 0.3908 0.2696 0.1899 0.1557 0.2609 0.4414 0.4741
0.4423 0.2428 0.1556 0.1943 0.2768 0.3999 0.4818 0.4137 0.2050 0.1579 0.2087 0.3038 0.4381 0.4731 0.3514 0.1637 0.1747 0.2479 0.3683 0.4809 0.4271 0.2140 0.1581 0.2129 0.3159 0.4552 0.4633 0.3077 0.1570 0.1872 0.2722 0.4039 0.4804 0.3879 0.1746 0.1675 0.2350 0.3507 0.4769 0.4403 0.2405 0.1562 0.2048 0.3027 0.4419 0.4700 0.3331 0.1597 0.1814 0.2581 0.3252 0.2581 0.1814 0.1597 0.3331 0.4700 0.4419 0.3027 0.2048 0.1562 0.2405 0.4403 0.4769 0.3507 0.2350 0.1675 0.1746 0.3879 0.4804 0.4039 0.2722 0.1872 0.1570 0.3077 0.4633 0.4552 0.3159 0.2129 0.1581 0.2140 0.4271 0.4809 0.3683 0.2479 0.1747 0.1637 0.3514 0.4731 0.4381 0.3038 0.2087 0.1579 0.2050 0.4137 0.4818 0.3999 0.2768 0.1943 0.1556 0.2428 0.4423
0.2484 0.1562 0.1990 0.2847 0.4100 0.4810 0.4046 0.1952 0.1590 0.2114 0.3068 0.4398 0.4731 0.3539 0.1648 0.1731 0.2439 0.3615 0.4795 0.4340 0.2281 0.1568 0.2079 0.3074 0.4467 0.4679 0.3248 0.1586 0.1830 0.2645 0.3933 0.4816 0.4003 0.1820 0.1644 0.2287 0.3410 0.4728 0.4475 0.2586 0.1557 0.1997 0.2941 0.4321 0.4737 0.3491 0.1623 0.1771 0.2542 0.3796 0.4603 0.3796 0.2542 0.1771 0.1623 0.3491 0.4737 0.4321 0.2941 0.1997 0.1557 0.2586 0.4475 0.4728 0.3410 0.2287 0.1644 0.1820 0.4003 0.4816 0.3933 0.2645 0.1830 0.1586 0.3248 0.4679 0.4467 0.3074 0.2079 0.1568 0.2281 0.4340 0.4795 0.3615 0.2439 0.1731 0.1648 0.3539 0.4731 0.4398 0.3068 0.2114 0.1590 0.1952 0.4046 0.4810 0.4100 0.2847 0.1990 0.1562 0.2484
0.1842 0.2044 0.2929 0.4204 0.4794 0.3932 0.1856 0.1607 0.2154 0.3123 0.4444 0.4719 0.3514 0.1648 0.1725 0.2419 0.3572 0.4781 0.4392 0.2409 0.1561 0.2035 0.2998 0.4380 0.4717 0.3407 0.1608 0.1790 0.2571 0.3829 0.4820 0.4116 0.1919 0.1616 0.2226 0.3316 0.4674 0.4539 0.2769 0.1557 0.1949 0.2858 0.4219 0.4767 0.3642 0.1658 0.1733 0.2466 0.3683 0.4795 0.4590 0.4795 0.3683 0.2466 0.1733 0.1658 0.3642 0.4767 0.4219 0.2858 0.1949 0.1557 0.2769 0.4539 0.4674 0.3316 0.2226 0.1616 0.1919 0.4116 0.4820 0.3829 0.2571 0.1790 0.1608 0.3407 0.4717 0.4380 0.2998 0.2035 0.1561 0.2409 0.4392 0.4781 0.3572 0.2419 0.1725 0.1648 0.3514 0.4719 0.4444 0.3123 0.2154 0.1607 0.1856 0.3932 0.4794 0.4204 0.2929 0.2044 0.1842
0.2241 0.3022 0.4306 0.4771 0.3802 0.1775 0.1632 0.2205 0.3195 0.4508 0.4695 0.3441 0.1637 0.1731 0.2419 0.3557 0.4772 0.4424 0.2507 0.1557 0.1998 0.2930 0.4296 0.4747 0.3550 0.1637 0.1754 0.2501 0.3727 0.4815 0.4216 0.2045 0.1593 0.2168 0.3223 0.4607 0.4596 0.2951 0.1563 0.1903 0.2778 0.4114 0.4791 0.3783 0.1704 0.1699 0.2397 0.3577 0.4790 0.4322 0.3300 0.4322 0.4790 0.3577 0.2397 0.1699 0.1704 0.3783 0.4791 0.4114 0.2778 0.1903 0.1563 0.2951 0.4596 0.4607 0.3223 0.2168 0.1593 0.2045 0.4216 0.4815 0.3727 0.2501 0.1754 0.1637 0.3550 0.4747 0.4296 0.2930 0.1998 0.1557 0.2507 0.4424 0.4772 0.3557 0.2419 0.1731 0.1637 0.3441 0.4695 0.4508 0.3195 0.2205 0.1632 0.1775 0.3802 0.4771 0.4306 0.3022 0.2241
0.3103 0.4419 0.4741 0.3661 0.1712 0.1662 0.2262 0.3278 0.4580 0.4661 0.3328 0.1618 0.1747 0.2439 0.3572 0.4772 0.4436 0.2560 0.1556 0.1972 0.2877 0.4222 0.4770 0.3673 0.1671 0.1721 0.2437 0.3631 0.4801 0.4306 0.2197 0.1575 0.2112 0.3133 0.4528 0.4647 0.3127 0.1574 0.1859 0.2699 0.4008 0.4808 0.3916 0.1765 0.1666 0.2332 0.3479 0.4759 0.4419 0.2492 0.1537 0.2492 0.4419 0.4759 0.3479 0.2332 0.1666 0.1765 0.3916 0.4808 0.4008 0.2699 0.1859 0.1574 0.3127 0.4647 0.4528 0.3133 0.2112 0.1575 0.2197 0.4306 0.4801 0.3631 0.2437 0.1721 0.1671 0.3673 0.4770 0.4222 0.2877 0.1972 0.1556 0.2560 0.4436 0.4772 0.3572 0.2439 0.1747 0.1618 0.3328 0.4661 0.4580 0.3278 0.2262 0.1662 0.1712 0.3661 0.4741 0.4419 0.3103
0.4376 0.4710 0.3512 0.1664 0.1694 0.2323 0.3370 0.4648 0.4617 0.3186 0.1598 0.1772 0.2479 0.3615 0.4781 0.4424 0.2560 0.1556 0.1959 0.2844 0.4167 0.4786 0.3773 0.1708 0.1693 0.2379 0.3542 0.4779 0.4383 0.2363 0.1564 0.2059 0.3045 0.4438 0.4691 0.3297 0.1592 0.1818 0.2624 0.3903 0.4818 0.4037 0.1846 0.1635 0.2269 0.3383 0.4714 0.4494 0.2630 0.1536 0.1668 0.1536 0.2630 0.4494 0.4714 0.3383 0.2269 0.1635 0.1846 0.4037 0.4818 0.3903 0.2624 0.1818 0.1592 0.3297 0.4691 0.4438 0.3045 0.2059 0.1564 0.2363 0.4383 0.4779 0.3542 0.2379 0.1693 0.1708 0.3773 0.4786 0.4167 0.2844 0.1959 0.1556 0.2560 0.4424 0.4781 0.3615 0.2479 0.1772 0.1598 0.3186 0.4617 0.4648 0.3370 0.2323 0.1694 0.1664 0.3512 0.4710 0.4376
0.4717 0.3353 0.1627 0.1729 0.2388 0.3465 0.4707 0.4564 0.3023 0.1580 0.1805 0.2532 0.3683 0.4795 0.4392 0.2507 0.1556 0.1959 0.2833 0.4139 0.4794 0.3843 0.1745 0.1670 0.2329 0.3462 0.4748 0.4449 0.2528 0.1558 0.2010 0.2961 0.4342 0.4729 0.3458 0.1617 0.1779 0.2550 0.3800 0.4820 0.4146 0.1952 0.1608 0.2209 0.3289 0.4656 0.4556 0.2821 0.1560 0.1904 0.2314 0.1904 0.1560 0.2821 0.4556 0.4656 0.3289 0.2209 0.1608 0.1952 0.4146 0.4820 0.3800 0.2550 0.1779 0.1617 0.3458 0.4729 0.4342 0.2961 0.2010 0.1558 0.2528 0.4449 0.4748 0.3462 0.2329 0.1670 0.1745 0.3843 0.4794 0.4139 0.2833 0.1959 0.1556 0.2507 0.4392 0.4795 0.3683 0.2532 0.1805 0.1580 0.3023 0.4564 0.4707 0.3465 0.2388 0.1729 0.1627 0.3353 0.4717
0.3348 0.1601 0.1765 0.2455 0.3563 0.4753 0.4503 0.2847 0.1567 0.1842 0.2596 0.3767 0.4809 0.4340 0.2409 0.1557 0.1972 0.2844 0.4139 0.4797 0.3878 0.1771 0.1654 0.2291 0.3396 0.4713 0.4503 0.2684 0.1556 0.1965 0.2882 0.4245 0.4761 0.3610 0.1650 0.1741 0.2480 0.3698 0.4812 0.4243 0.2086 0.1587 0.2152 0.3197 0.4585 0.4611 0.3002 0.1566 0.1895 0.2732 0.3449 0.2732 0.1895 0.1566 0.3002 0.4611 0.4585 0.3197 0.2152 0.1587 0.2086 0.4243 0.4812 0.3698 0.2480 0.1741 0.1650 0.3610 0.4761 0.4245 0.2882 0.1965 0.1556 0.2684 0.4503 0.4713 0.3396 0.2291 0.1654 0.1771 0.3878 0.4797 0.4139 0.2844 0.1972 0.1557 0.2409 0.4340 0.4809 0.3767 0.2596 0.1842 0.1567 0.2847 0.4503 0.4753 0.3563 0.2455 0.1765 0.1601 0.3348
0.1862 0.1807 0.2525 0.3662 0.4786 0.4435 0.2664 0.1559 0.1884 0.2667 0.3861 0.4818 0.4271 0.2281 0.1561 0.1998 0.2877 0.4167 0.4794 0.3878 0.1781 0.1646 0.2268 0.3349 0.4680 0.4546 0.2820 0.1559 0.1925 0.2810 0.4150 0.4785 0.3748 0.1693 0.1706 0.2412 0.3598 0.4795 0.4330 0.2244 0.1571 0.2097 0.3107 0.4503 0.4660 0.3177 0.1579 0.1848 0.2684 0.4000 0.4707 0.4000 0.2684 0.1848 0.1579 0.3177 0.4660 0.4503 0.3107 0.2097 0.1571 0.2244 0.4330 0.4795 0.3598 0.2412 0.1706 0.1693 0.3748 0.4785 0.4150 0.2810 0.1925 0.1559 0.2820 0.4546 0.4680 0.3349 0.2268 0.1646 0.1781 0.3878 0.4794 0.4167 0.2877 0.1998 0.1561 0.2281 0.4271 0.4818 0.3861 0.2667 0.1884 0.1559 0.2664 0.4435 0.4786 0.3662 0.2525 0.1807 0.1862
0.2040 0.2604 0.3763 0.4808 0.4359 0.2481 0.1556 0.1929 0.2744 0.3964 0.4820 0.4185 0.2140 0.1568 0.2035 0.2930 0.4222 0.4786 0.3843 0.1771 0.1646 0.2260 0.3325 0.4656 0.4575 0.2926 0.1563 0.1892 0.2747 0.4061 0.4802 0.3871 0.1745 0.1674 0.2347 0.3500 0.4766 0.4409 0.2417 0.1561 0.2044 0.3020 0.4411 0.4703 0.3344 0.1598 0.1806 0.2603 0.3880 0.4799 0.4487 0.4799 0.3880 0.2603 0.1806 0.1598 0.3344 0.4703 0.4411 0.3020 0.2044 0.1561 0.2417 0.4409 0.4766 0.3500 0.2347 0.1674 0.1745 0.3871 0.4802 0.4061 0.2747 0.1892 0.1563 0.2926 0.4575 0.4656 0.3325 0.2260 0.1646 0.1771 0.3843 0.4786 0.4222 0.2930 0.2035 0.1568 0.2140 0.4185 0.4820 0.3964 0.2744 0.1929 0.1556 0.2481 0.4359 0.4808 0.3763 0.2604 0.2040
0.2731 0.3879 0.4817 0.4275 0.2304 0.1559 0.1977 0.2824 0.4069 0.4813 0.4084 0.2004 0.1581 0.2079 0.2998 0.4296 0.4770 0.3773 0.1745 0.1654 0.2268 0.3325 0.4647 0.4589 0.2994 0.1568 0.1867 0.2695 0.3983 0.4813 0.3977 0.1809 0.1646 0.2288 0.3408 0.4726 0.4479 0.2599 0.1557 0.1993 0.2935 0.4313 0.4739 0.3503 0.1625 0.1768 0.2530 0.3770 0.4817 0.4156 0.2983 0.4156 0.4817 0.3770 0.2530 0.1768 0.1625 0.3503 0.4739 0.4313 0.2935 0.1993 0.1557 0.2599 0.4479 0.4726 0.3408 0.2288 0.1646 0.1809 0.3977 0.4813 0.3983 0.2695 0.1867 0.1568 0.2994 0.4589 0.4647 0.3325 0.2268 0.1654 0.1745 0.3773 0.4770 0.4296 0.2998 0.2079 0.1581 0.2004 0.4084 0.4813 0.4069 0.2824 0.1977 0.1559 0.2304 0.4275 0.4817 0.3879 0.2731
0.3872 0.4828 0.4181 0.2140 0.1567 0.2026 0.2906 0.4174 0.4799 0.3969 0.1887 0.1599 0.2129 0.3074 0.4380 0.4747 0.3673 0.1708 0.1670 0.2291 0.3349 0.4656 0.4589 0.3017 0.1571 0.1851 0.2658 0.3922 0.4818 0.4062 0.1881 0.1622 0.2236 0.3323 0.4676 0.4540 0.2777 0.1557 0.1946 0.2852 0.4210 0.4769 0.3653 0.1661 0.1731 0.2460 0.3669 0.4809 0.4263 0.2158 0.1492 0.2158 0.4263 0.4809 0.3669 0.2460 0.1731 0.1661 0.3653 0.4769 0.4210 0.2852 0.1946 0.1557 0.2777 0.4540 0.4676 0.3323 0.2236 0.1622 0.1881 0.4062 0.4818 0.3922 0.2658 0.1851 0.1571 0.3017 0.4589 0.4656 0.3349 0.2291 0.1670 0.1708 0.3673 0.4747 0.4380 0.3074 0.2129 0.1599 0.1887 0.3969 0.4799 0.4174 0.2906 0.2026 0.1567 0.2140 0.4181 0.4828 0.3872
0.4816 0.4076 0.1996 0.1581 0.2078 0.2990 0.4278 0.4778 0.3841 0.1796 0.1623 0.2185 0.3159 0.4467 0.4717 0.3550 0.1671 0.1693 0.2329 0.3396 0.4680 0.4575 0.2994 0.1571 0.1846 0.2640 0.3884 0.4820 0.4123 0.1953 0.1604 0.2190 0.3247 0.4619 0.4591 0.2944 0.1563 0.1902 0.2773 0.4106 0.4793 0.3794 0.1709 0.1696 0.2392 0.3569 0.4788 0.4354 0.2286 0.1545 0.1737 0.1545 0.2286 0.4354 0.4788 0.3569 0.2392 0.1696 0.1709 0.3794 0.4793 0.4106 0.2773 0.1902 0.1563 0.2944 0.4591 0.4619 0.3247 0.2190 0.1604 0.1953 0.4123 0.4820 0.3884 0.2640 0.1846 0.1571 0.2994 0.4575 0.4680 0.3396 0.2329 0.1693 0.1671 0.3550 0.4717 0.4467 0.3159 0.2185 0.1623 0.1796 0.3841 0.4778 0.4278 0.2990 0.2078 0.1581 0.1996 0.4076 0.4816
0.4072 0.1880 0.1600 0.2132 0.3077 0.4378 0.4750 0.3703 0.1728 0.1653 0.2244 0.3250 0.4552 0.4679 0.3407 0.1637 0.1721 0.2379 0.3462 0.4713 0.4546 0.2926 0.1568 0.1851 0.2640 0.3871 0.4820 0.4160 0.2011 0.1592 0.2154 0.3183 0.4560 0.4634 0.3096 0.1573 0.1861 0.2700 0.4005 0.4809 0.3925 0.1771 0.1664 0.2327 0.3472 0.4756 0.4430 0.2469 0.1562 0.1997 0.2448 0.1997 0.1562 0.2469 0.4430 0.4756 0.3472 0.2327 0.1664 0.1771 0.3925 0.4809 0.4005 0.2700 0.1861 0.1573 0.3096 0.4634 0.4560 0.3183 0.2154 0.1592 0.2011 0.4160 0.4820 0.3871 0.2640 0.1851 0.1568 0.2926 0.4546 0.4713 0.3462 0.2379 0.1721 0.1637 0.3407 0.4679 0.4552 0.3250 0.2244 0.1653 0.1728 0.3703 0.4750 0.4378 0.3077 0.2132 0.1600 0.1880 0.4072
0.2060 0.1627 0.2189 0.3166 0.4472 0.4716 0.3556 0.1676 0.1685 0.2305 0.3343 0.4628 0.4633 0.3248 0.1608 0.1754 0.2437 0.3542 0.4748 0.4503 0.2820 0.1563 0.1867 0.2658 0.3884 0.4820 0.4173 0.2044 0.1585 0.2129 0.3133 0.4507 0.4667 0.3227 0.1586 0.1826 0.2632 0.3909 0.4818 0.4041 0.1851 0.1634 0.2265 0.3376 0.4711 0.4499 0.2652 0.1557 0.1985 0.2893 0.3656 0.2893 0.1985 0.1557 0.2652 0.4499 0.4711 0.3376 0.2265 0.1634 0.1851 0.4041 0.4818 0.3909 0.2632 0.1826 0.1586 0.3227 0.4667 0.4507 0.3133 0.2129 0.1585 0.2044 0.4173 0.4820 0.3884 0.2658 0.1867 0.1563 0.2820 0.4503 0.4748 0.3542 0.2437 0.1754 0.1608 0.3248 0.4633 0.4628 0.3343 0.2305 0.1685 0.1676 0.3556 0.4716 0.4472 0.3166 0.2189 0.1627 0.2060
0.1897 0.2253 0.3256 0.4558 0.4676 0.3400 0.1637 0.1718 0.2369 0.3438 0.4691 0.4580 0.3077 0.1586 0.1790 0.2501 0.3631 0.4779 0.4449 0.2684 0.1559 0.1892 0.2695 0.3922 0.4820 0.4160 0.2044 0.1583 0.2116 0.3103 0.4467 0.4690 0.3331 0.1601 0.1796 0.2573 0.3821 0.4820 0.4139 0.1951 0.1608 0.2207 0.3283 0.4652 0.4560 0.2835 0.1558 0.1933 0.2835 0.4203 0.4762 0.4203 0.2835 0.1933 0.1558 0.2835 0.4560 0.4652 0.3283 0.2207 0.1608 0.1951 0.4139 0.4820 0.3821 0.2573 0.1796 0.1601 0.3331 0.4690 0.4467 0.3103 0.2116 0.1583 0.2044 0.4160 0.4820 0.3922 0.2695 0.1892 0.1559 0.2684 0.4449 0.4779 0.3631 0.2501 0.1790 0.1586 0.3077 0.4580 0.4691 0.3438 0.2369 0.1718 0.1637 0.3400 0.4676 0.4558 0.3256 0.2253 0.1897
0.2422 0.3359 0.4632 0.4629 0.3235 0.1607 0.1754 0.2436 0.3535 0.4741 0.4521 0.2899 0.1570 0.1830 0.2571 0.3727 0.4801 0.4383 0.2528 0.1556 0.1925 0.2747 0.3983 0.4818 0.4123 0.2011 0.1585 0.2116 0.3092 0.4446 0.4704 0.3403 0.1615 0.1772 0.2523 0.3743 0.4816 0.4222 0.2066 0.1588 0.2153 0.3195 0.4581 0.4615 0.3015 0.1566 0.1887 0.2749 0.4082 0.4773 0.4360 0.4773 0.4082 0.2749 0.1887 0.1566 0.3015 0.4615 0.4581 0.3195 0.2153 0.1588 0.2066 0.4222 0.4816 0.3743 0.2523 0.1772 0.1615 0.3403 0.4704 0.4446 0.3092 0.2116 0.1585 0.2011 0.4123 0.4818 0.3983 0.2747 0.1925 0.1556 0.2528 0.4383 0.4801 0.3727 0.2571 0.1830 0.1570 0.2899 0.4521 0.4741 0.3535 0.2436 0.1754 0.1607 0.3235 0.4629 0.4632 0.3359 0.2422
0.3403 0.4708 0.4576 0.3063 0.1585 0.1792 0.2505 0.3634 0.4778 0.4455 0.2717 0.1561 0.1872 0.2645 0.3829 0.4815 0.4306 0.2363 0.1558 0.1965 0.2810 0.4061 0.4813 0.4062 0.1953 0.1592 0.2129 0.3103 0.4446 0.4709 0.3439 0.1625 0.1756 0.2486 0.3681 0.4807 0.4290 0.2187 0.1574 0.2105 0.3114 0.4505 0.4661 0.3184 0.1580 0.1844 0.2671 0.3970 0.4810 0.3956 0.2640 0.3956 0.4810 0.3970 0.2671 0.1844 0.1580 0.3184 0.4661 0.4505 0.3114 0.2105 0.1574 0.2187 0.4290 0.4807 0.3681 0.2486 0.1756 0.1625 0.3439 0.4709 0.4446 0.3103 0.2129 0.1592 0.1953 0.4062 0.4813 0.4061 0.2810 0.1965 0.1558 0.2363 0.4306 0.4815 0.3829 0.2645 0.1872 0.1561 0.2717 0.4455 0.4778 0.3634 0.2505 0.1792 0.1585 0.3063 0.4576 0.4708 0.3403
0.4666 0.4518 0.2885 0.1569 0.1833 0.2576 0.3734 0.4803 0.4382 0.2533 0.1556 0.1916 0.2722 0.3933 0.4820 0.4216 0.2197 0.1564 0.2010 0.2882 0.4150 0.4802 0.3977 0.1881 0.1604 0.2154 0.3133 0.4467 0.4704 0.3439 0.1628 0.1747 0.2463 0.3638 0.4798 0.4342 0.2301 0.1565 0.2063 0.3041 0.4426 0.4699 0.3339 0.1599 0.1805 0.2598 0.3866 0.4820 0.4072 0.1893 0.1478 0.1893 0.4072 0.4820 0.3866 0.2598 0.1805 0.1599 0.3339 0.4699 0.4426 0.3041 0.2063 0.1565 0.2301 0.4342 0.4798 0.3638 0.2463 0.1747 0.1628 0.3439 0.4704 0.4467 0.3133 0.2154 0.1604 0.1881 0.3977 0.4802 0.4150 0.2882 0.2010 0.1564 0.2197 0.4216 0.4820 0.3933 0.2722 0.1916 0.1556 0.2533 0.4382 0.4803 0.3734 0.2576 0.1833 0.1569 0.2885 0.4518 0.4666
0.4529 0.2702 0.1560 0.1875 0.2650 0.3837 0.4816 0.4300 0.2354 0.1558 0.1963 0.2800 0.4039 0.4816 0.4116 0.2045 0.1575 0.2059 0.2961 0.4245 0.4785 0.3871 0.1809 0.1622 0.2190 0.3183 0.4507 0.4690 0.3403 0.1625 0.1747 0.2455 0.3615 0.4790 0.4376 0.2392 0.1560 0.2028 0.2978 0.4350 0.4730 0.3477 0.1623 0.1769 0.2529 0.3766 0.4818 0.4182 0.1992 0.1575 0.1814 0.1575 0.1992 0.4182 0.4818 0.3766 0.2529 0.1769 0.1623 0.3477 0.4730 0.4350 0.2978 0.2028 0.1560 0.2392 0.4376 0.4790 0.3615 0.2455 0.1747 0.1625 0.3403 0.4690 0.4507 0.3183 0.2190 0.1622 0.1809 0.3871 0.4785 0.4245 0.2961 0.2059 0.1575 0.2045 0.4116 0.4816 0.4039 0.2800 0.1963 0.1558 0.2354 0.4300 0.4816 0.3837 0.2650 0.1875 0.1560 0.2702 0.4529
0.2727 0.1558 0.1919 0.2727 0.3941 0.4820 0.4209 0.2185 0.1564 0.2012 0.2882 0.4144 0.4804 0.4003 0.1919 0.1593 0.2112 0.3045 0.4342 0.4761 0.3748 0.1745 0.1646 0.2236 0.3247 0.4560 0.4667 0.3331 0.1615 0.1756 0.2463 0.3615 0.4787 0.4393 0.2450 0.1558 0.2002 0.2928 0.4283 0.4754 0.3595 0.1651 0.1737 0.2467 0.3673 0.4809 0.4272 0.2138 0.1584 0.2100 0.2594 0.2100 0.1584 0.2138 0.4272 0.4809 0.3673 0.2467 0.1737 0.1651 0.3595 0.4754 0.4283 0.2928 0.2002 0.1558 0.2450 0.4393 0.4787 0.3615 0.2463 0.1756 0.1615 0.3331 0.4667 0.4560 0.3247 0.2236 0.1646 0.1745 0.3748 0.4761 0.4342 0.3045 0.2112 0.1593 0.1919 0.4003 0.4804 0.4144 0.2882 0.2012 0.1564 0.2185 0.4209 0.4820 0.3941 0.2727 0.1919 0.1558 0.2727
0.1836 0.1970 0.2806 0.4046 0.4815 0.4108 0.2035 0.1577 0.2063 0.2966 0.4248 0.4785 0.3879 0.1820 0.1616 0.2168 0.3133 0.4438 0.4729 0.3610 0.1693 0.1674 0.2288 0.3323 0.4619 0.4634 0.3227 0.1601 0.1772 0.2486 0.3638 0.4790 0.4393 0.2470 0.1557 0.1986 0.2893 0.4230 0.4771 0.3692 0.1681 0.1710 0.2411 0.3587 0.4791 0.4349 0.2291 0.1568 0.2085 0.3067 0.3872 0.3067 0.2085 0.1568 0.2291 0.4349 0.4791 0.3587 0.2411 0.1710 0.1681 0.3692 0.4771 0.4230 0.2893 0.1986 0.1557 0.2470 0.4393 0.4790 0.3638 0.2486 0.1772 0.1601 0.3227 0.4634 0.4619 0.3323 0.2288 0.1674 0.1693 0.3610 0.4729 0.4438 0.3133 0.2168 0.1616 0.1820 0.3879 0.4785 0.4248 0.2966 0.2063 0.1577 0.2035 0.4108 0.4815 0.4046 0.2806 0.1970 0.1836
0.2177 0.2895 0.4151 0.4803 0.3995 0.1911 0.1594 0.2117 0.3052 0.4350 0.4759 0.3743 0.1746 0.1644 0.2226 0.3223 0.4528 0.4691 0.3458 0.1650 0.1706 0.2347 0.3408 0.4676 0.4591 0.3096 0.1586 0.1796 0.2523 0.3681 0.4798 0.4376 0.2450 0.1557 0.1981 0.2875 0.4197 0.4781 0.3763 0.1710 0.1688 0.2364 0.3512 0.4766 0.4416 0.2447 0.1560 0.2031 0.3002 0.4399 0.4776 0.4399 0.3002 0.2031 0.1560 0.2447 0.4416 0.4766 0.3512 0.2364 0.1688 0.1710 0.3763 0.4781 0.4197 0.2875 0.1981 0.1557 0.2450 0.4376 0.4798 0.3681 0.2523 0.1796 0.1586 0.3096 0.4591 0.4676 0.3408 0.2347 0.1706 0.1650 0.3458 0.4691 0.4528 0.3223 0.2226 0.1644 0.1746 0.3743 0.4759 0.4350 0.3052 0.2117 0.1594 0.1911 0.3995 0.4803 0.4151 0.2895 0.2177
0.2989 0.4270 0.4783 0.3869 0.1814 0.1618 0.2173 0.3140 0.4446 0.4727 0.3599 0.1690 0.1675 0.2287 0.3316 0.4607 0.4647 0.3297 0.1617 0.1741 0.2412 0.3500 0.4726 0.4540 0.2944 0.1573 0.1826 0.2573 0.3743 0.4807 0.4342 0.2392 0.1558 0.1986 0.2875 0.4185 0.4786 0.3807 0.1734 0.1672 0.2327 0.3449 0.4738 0.4470 0.2595 0.1556 0.1986 0.2918 0.4294 0.4721 0.4199 0.4721 0.4294 0.2918 0.1986 0.1556 0.2595 0.4470 0.4738 0.3449 0.2327 0.1672 0.1734 0.3807 0.4786 0.4185 0.2875 0.1986 0.1558 0.2392 0.4342 0.4807 0.3743 0.2573 0.1826 0.1573 0.2944 0.4540 0.4726 0.3500 0.2412 0.1741 0.1617 0.3297 0.4647 0.4607 0.3316 0.2287 0.1675 0.1690 0.3599 0.4727 0.4446 0.3140 0.2173 0.1618 0.1814 0.3869 0.4783 0.4270 0.2989
0.4234 0.4763 0.3733 0.1741 0.1646 0.2231 0.3231 0.4534 0.4688 0.3446 0.1647 0.1709 0.2350 0.3410 0.4674 0.4596 0.3127 0.1592 0.1779 0.2480 0.3598 0.4766 0.4479 0.2777 0.1563 0.1861 0.2632 0.3821 0.4816 0.4290 0.2301 0.1560 0.2002 0.2893 0.4197 0.4786 0.3822 0.1747 0.1662 0.2301 0.3402 0.4711 0.4512 0.2725 0.1557 0.1948 0.2847 0.4196 0.4771 0.3702 0.2273 0.3702 0.4771 0.4196 0.2847 0.1948 0.1557 0.2725 0.4512 0.4711 0.3402 0.2301 0.1662 0.1747 0.3822 0.4786 0.4197 0.2893 0.2002 0.1560 0.2301 0.4290 0.4816 0.3821 0.2632 0.1861 0.1563 0.2777 0.4479 0.4766 0.3598 0.2480 0.1779 0.1592 0.3127 0.4596 0.4674 0.3410 0.2350 0.1709 0.1647 0.3446 0.4688 0.4534 0.3231 0.2231 0.1646 0.1741 0.3733 0.4763 0.4234
0.4766 0.3587 0.1686 0.1678 0.2292 0.3323 0.4613 0.4643 0.3284 0.1614 0.1744 0.2416 0.3507 0.4728 0.4539 0.2951 0.1574 0.1818 0.2550 0.3698 0.4795 0.4409 0.2599 0.1557 0.1902 0.2700 0.3909 0.4820 0.4222 0.2187 0.1565 0.2028 0.2928 0.4230 0.4781 0.3807 0.1747 0.1658 0.2287 0.3372 0.4688 0.4543 0.2828 0.1559 0.1915 0.2786 0.4110 0.4794 0.3804 0.1716 0.1494 0.1716 0.3804 0.4794 0.4110 0.2786 0.1915 0.1559 0.2828 0.4543 0.4688 0.3372 0.2287 0.1658 0.1747 0.3807 0.4781 0.4230 0.2928 0.2028 0.1565 0.2187 0.4222 0.4820 0.3909 0.2700 0.1902 0.1557 0.2599 0.4409 0.4795 0.3698 0.2550 0.1818 0.1574 0.2951 0.4539 0.4728 0.3507 0.2416 0.1744 0.1614 0.3284 0.4643 0.4613 0.3323 0.2292 0.1678 0.1686 0.3587 0.4766
0.3578 0.1645 0.1711 0.2356 0.3418 0.4679 0.4592 0.3113 0.1590 0.1781 0.2485 0.3605 0.4769 0.4475 0.2769 0.1563 0.1859 0.2624 0.3800 0.4812 0.4330 0.2417 0.1557 0.1946 0.2773 0.4005 0.4818 0.4139 0.2066 0.1574 0.2063 0.2978 0.4283 0.4771 0.3763 0.1734 0.1662 0.2287 0.3361 0.4676 0.4561 0.2902 0.1563 0.1890 0.2735 0.4036 0.4807 0.3917 0.1771 0.1633 0.1911 0.1633 0.1771 0.3917 0.4807 0.4036 0.2735 0.1890 0.1563 0.2902 0.4561 0.4676 0.3361 0.2287 0.1662 0.1734 0.3763 0.4771 0.4283 0.2978 0.2063 0.1574 0.2066 0.4139 0.4818 0.4005 0.2773 0.1946 0.1557 0.2417 0.4330 0.4812 0.3800 0.2624 0.1859 0.1563 0.2769 0.4475 0.4769 0.3605 0.2485 0.1781 0.1590 0.3113 0.4592 0.4679 0.3418 0.2356 0.1711 0.1645 0.3578
0.1893 0.1749 0.2421 0.3514 0.4732 0.4534 0.2937 0.1573 0.1821 0.2555 0.3705 0.4797 0.4403 0.2586 0.1557 0.1903 0.2699 0.3903 0.4820 0.4243 0.2244 0.1561 0.1993 0.2852 0.4106 0.4809 0.4041 0.1951 0.1588 0.2105 0.3041 0.4350 0.4754 0.3692 0.1710 0.1672 0.2301 0.3372 0.4676 0.4568 0.2941 0.1566 0.1872 0.2698 0.3977 0.4814 0.4004 0.1834 0.1640 0.2233 0.2777 0.2233 0.1640 0.1834 0.4004 0.4814 0.3977 0.2698 0.1872 0.1566 0.2941 0.4568 0.4676 0.3372 0.2301 0.1672 0.1710 0.3692 0.4754 0.4350 0.3041 0.2105 0.1588 0.1951 0.4041 0.4809 0.4106 0.2852 0.1993 0.1561 0.2244 0.4243 0.4820 0.3903 0.2699 0.1903 0.1557 0.2586 0.4403 0.4797 0.3705 0.2555 0.1821 0.1573 0.2937 0.4534 0.4732 0.3514 0.2421 0.1749 0.1893
0.1993 0.2496 0.3612 0.4772 0.4469 0.2755 0.1562 0.1862 0.2629 0.3807 0.4813 0.4324 0.2405 0.1557 0.1949 0.2778 0.4008 0.4818 0.4146 0.2086 0.1571 0.2044 0.2935 0.4210 0.4793 0.3925 0.1851 0.1608 0.2153 0.3114 0.4426 0.4730 0.3595 0.1681 0.1688 0.2327 0.3402 0.4688 0.4561 0.2941 0.1567 0.1863 0.2674 0.3936 0.4818 0.4068 0.1896 0.1617 0.2225 0.3291 0.4132 0.3291 0.2225 0.1617 0.1896 0.4068 0.4818 0.3936 0.2674 0.1863 0.1567 0.2941 0.4561 0.4688 0.3402 0.2327 0.1688 0.1681 0.3595 0.4730 0.4426 0.3114 0.2153 0.1608 0.1851 0.3925 0.4793 0.4210 0.2935 0.2044 0.1571 0.2086 0.4146 0.4818 0.4008 0.2778 0.1949 0.1557 0.2405 0.4324 0.4813 0.3807 0.2629 0.1862 0.1562 0.2755 0.4469 0.4772 0.3612 0.2496 0.1993
0.2635 0.3724 0.4798 0.4398 0.2571 0.1557 0.1906 0.2705 0.3911 0.4820 0.4236 0.2232 0.1562 0.1997 0.2858 0.4114 0.4808 0.4037 0.1952 0.1587 0.2097 0.3020 0.4313 0.4769 0.3794 0.1771 0.1634 0.2207 0.3195 0.4505 0.4699 0.3477 0.1651 0.1710 0.2364 0.3449 0.4711 0.4543 0.2902 0.1566 0.1863 0.2666 0.3914 0.4819 0.4111 0.1949 0.1602 0.2183 0.3234 0.4608 0.4752 0.4608 0.3234 0.2183 0.1602 0.1949 0.4111 0.4819 0.3914 0.2666 0.1863 0.1566 0.2902 0.4543 0.4711 0.3449 0.2364 0.1710 0.1651 0.3477 0.4699 0.4505 0.3195 0.2207 0.1634 0.1771 0.3794 0.4769 0.4313 0.3020 0.2097 0.1587 0.1952 0.4037 0.4808 0.4114 0.2858 0.1997 0.1562 0.2232 0.4236 0.4820 0.3911 0.2705 0.1906 0.1557 0.2571 0.4398 0.4798 0.3724 0.2635
0.3731 0.4824 0.4318 0.2391 0.1557 0.1952 0.2783 0.4016 0.4818 0.4138 0.2076 0.1572 0.2048 0.2941 0.4219 0.4791 0.3916 0.1846 0.1608 0.2152 0.3107 0.4411 0.4739 0.3653 0.1709 0.1664 0.2265 0.3283 0.4581 0.4661 0.3339 0.1623 0.1737 0.2411 0.3512 0.4738 0.4512 0.2828 0.1563 0.1872 0.2674 0.3914 0.4820 0.4132 0.1986 0.1594 0.2155 0.3177 0.4554 0.4614 0.3938 0.4614 0.4554 0.3177 0.2155 0.1594 0.1987 0.4132 0.4820 0.3914 0.2674 0.1872 0.1563 0.2828 0.4512 0.4738 0.3512 0.2411 0.1737 0.1623 0.3339 0.4661 0.4581 0.3283 0.2265 0.1664 0.1709 0.3653 0.4739 0.4411 0.3107 0.2152 0.1608 0.1846 0.3916 0.4791 0.4219 0.2941 0.2048 0.1572 0.2076 0.4138 0.4818 0.4016 0.2783 0.1952 0.1557 0.2391 0.4318 0.4824 0.3731
0.4803 0.4229 0.2219 0.1562 0.2001 0.2864 0.4122 0.4807 0.4029 0.1944 0.1589 0.2101 0.3027 0.4321 0.4767 0.3783 0.1765 0.1635 0.2209 0.3197 0.4503 0.4703 0.3503 0.1661 0.1696 0.2327 0.3376 0.4652 0.4615 0.3184 0.1599 0.1769 0.2467 0.3587 0.4766 0.4470 0.2725 0.1559 0.1890 0.2698 0.3936 0.4819 0.4132 0.1999 0.1590 0.2138 0.3142 0.4509 0.4665 0.3278 0.1848 0.3278 0.4665 0.4509 0.3142 0.2138 0.1590 0.2000 0.4132 0.4819 0.3936 0.2698 0.1890 0.1559 0.2725 0.4470 0.4766 0.3587 0.2467 0.1769 0.1599 0.3184 0.4615 0.4652 0.3376 0.2327 0.1696 0.1661 0.3503 0.4703 0.4503 0.3197 0.2209 0.1635 0.1765 0.3783 0.4767 0.4321 0.3027 0.2101 0.1589 0.1944 0.4029 0.4807 0.4122 0.2864 0.2001 0.1562 0.2219 0.4229 0.4803
0.4232 0.2065 0.1573 0.2052 0.2947 0.4226 0.4790 0.3907 0.1839 0.1610 0.2156 0.3114 0.4419 0.4737 0.3642 0.1704 0.1666 0.2269 0.3289 0.4585 0.4660 0.3344 0.1625 0.1731 0.2392 0.3472 0.4711 0.4560 0.3015 0.1580 0.1805 0.2529 0.3673 0.4791 0.4416 0.2595 0.1557 0.1915 0.2735 0.3977 0.4818 0.4111 0.1986 0.1590 0.2133 0.3124 0.4483 0.4686 0.3318 0.1590 0.1547 0.1590 0.3318 0.4686 0.4483 0.3125 0.2133 0.1590 0.1987 0.4111 0.4818 0.3977 0.2735 0.1915 0.1557 0.2595 0.4416 0.4791 0.3673 0.2529 0.1805 0.1580 0.3015 0.4560 0.4711 0.3472 0.2392 0.1731 0.1625 0.3344 0.4660 0.4585 0.3289 0.2269 0.1666 0.1704 0.3642 0.4737 0.4419 0.3114 0.2156 0.1610 0.1839 0.3907 0.4790 0.4226 0.2947 0.2052 0.1573 0.2065 0.4232
0.2192 0.1592 0.2105 0.3033 0.4328 0.4765 0.3773 0.1760 0.1638 0.2214 0.3204 0.4510 0.4700 0.3491 0.1658 0.1699 0.2332 0.3383 0.4656 0.4611 0.3177 0.1598 0.1768 0.2460 0.3569 0.4756 0.4499 0.2835 0.1566 0.1844 0.2598 0.3766 0.4809 0.4349 0.2447 0.1556 0.1948 0.2786 0.4036 0.4814 0.4068 0.1949 0.1594 0.2138 0.3124 0.4474 0.4695 0.3374 0.1613 0.1745 0.2076 0.1745 0.1613 0.3374 0.4695 0.4474 0.3125 0.2138 0.1594 0.1949 0.4068 0.4814 0.4036 0.2786 0.1948 0.1556 0.2447 0.4349 0.4809 0.3766 0.2598 0.1844 0.1566 0.2835 0.4499 0.4756 0.3569 0.2460 0.1768 0.1598 0.3177 0.4611 0.4656 0.3383 0.2332 0.1699 0.1658 0.3491 0.4700 0.4510 0.3204 0.2214 0.1638 0.1760 0.3773 0.4765 0.4328 0.3033 0.2105 0.1592 0.2192
0.1868 0.2165 0.3120 0.4426 0.4734 0.3631 0.1701 0.1668 0.2274 0.3296 0.4591 0.4657 0.3331 0.1623 0.1733 0.2397 0.3479 0.4714 0.4556 0.3002 0.1579 0.1806 0.2530 0.3669 0.4788 0.4430 0.2652 0.1558 0.1887 0.2671 0.3866 0.4818 0.4272 0.2291 0.1560 0.1986 0.2847 0.4110 0.4807 0.4004 0.1896 0.1602 0.2155 0.3142 0.4483 0.4695 0.3391 0.1618 0.1766 0.2467 0.3086 0.2467 0.1766 0.1618 0.3392 0.4695 0.4483 0.3142 0.2155 0.1602 0.1896 0.4004 0.4807 0.4110 0.2847 0.1986 0.1560 0.2291 0.4272 0.4818 0.3866 0.2671 0.1887 0.1558 0.2652 0.4430 0.4788 0.3669 0.2530 0.1806 0.1579 0.3002 0.4556 0.4714 0.3479 0.2397 0.1733 0.1623 0.3331 0.4657 0.4591 0.3296 0.2274 0.1669 0.1701 0.3631 0.4734 0.4426 0.3120 0.2165 0.1868
0.2345 0.3220 0.4515 0.4697 0.3480 0.1655 0.1701 0.2337 0.3390 0.4661 0.4607 0.3163 0.1596 0.1770 0.2465 0.3576 0.4759 0.4494 0.2822 0.1566 0.1847 0.2602 0.3770 0.4809 0.4354 0.2469 0.1556 0.1932 0.2749 0.3970 0.4819 0.4182 0.2139 0.1568 0.2030 0.2916 0.4195 0.4794 0.3918 0.1835 0.1616 0.2182 0.3177 0.4509 0.4686 0.3375 0.1618 0.1758 0.2486 0.3671 0.4502 0.3672 0.2487 0.1759 0.1618 0.3374 0.4686 0.4509 0.3177 0.2183 0.1617 0.1834 0.3917 0.4794 0.4196 0.2918 0.2031 0.1568 0.2138 0.4182 0.4820 0.3970 0.2749 0.1933 0.1557 0.2469 0.4354 0.4809 0.3770 0.2603 0.1848 0.1566 0.2821 0.4494 0.4759 0.3577 0.2466 0.1771 0.1597 0.3163 0.4607 0.4662 0.3391 0.2338 0.1702 0.1656 0.3479 0.4697 0.4515 0.3220 0.2346
0.3278 0.4611 0.4653 0.3319 0.1621 0.1736 0.2402 0.3486 0.4718 0.4551 0.2988 0.1577 0.1809 0.2535 0.3676 0.4790 0.4425 0.2639 0.1558 0.1890 0.2677 0.3873 0.4819 0.4269 0.2293 0.1559 0.1979 0.2828 0.4075 0.4813 0.4078 0.1998 0.1581 0.2079 0.2993 0.4285 0.4775 0.3813 0.1774 0.1635 0.2218 0.3226 0.4548 0.4670 0.3328 0.1612 0.1761 0.2479 0.3651 0.4786 0.4632 0.4786 0.3660 0.2487 0.1766 0.1613 0.3318 0.4665 0.4554 0.3234 0.2225 0.1640 0.1771 0.3804 0.4771 0.4294 0.3002 0.2085 0.1584 0.1992 0.4072 0.4810 0.4082 0.2835 0.1985 0.1562 0.2286 0.4263 0.4817 0.3880 0.2684 0.1895 0.1560 0.2630 0.4419 0.4790 0.3683 0.2542 0.1814 0.1579 0.2980 0.4546 0.4721 0.3493 0.2409 0.1741 0.1621 0.3311 0.4649 0.4614 0.3282
0.4564 0.4607 0.3150 0.1595 0.1773 0.2470 0.3584 0.4762 0.4489 0.2807 0.1564 0.1850 0.2608 0.3778 0.4810 0.4348 0.2456 0.1556 0.1936 0.2755 0.3978 0.4819 0.4175 0.2130 0.1568 0.2029 0.2911 0.4180 0.4798 0.3962 0.1882 0.1600 0.2132 0.3076 0.4378 0.4749 0.3692 0.1720 0.1660 0.2263 0.3290 0.4597 0.4645 0.3252 0.1603 0.1772 0.2492 0.3653 0.4797 0.4336 0.3371 0.4317 0.4786 0.3672 0.2467 0.1745 0.1590 0.3278 0.4614 0.4608 0.3291 0.2233 0.1633 0.1716 0.3702 0.4721 0.4399 0.3067 0.2100 0.1575 0.1893 0.3956 0.4773 0.4203 0.2893 0.1997 0.1545 0.2158 0.4156 0.4799 0.4000 0.2732 0.1904 0.1536 0.2492 0.4322 0.4795 0.3796 0.2581 0.1819 0.1548 0.2847 0.4460 0.4754 0.3595 0.2441 0.1743 0.1582 0.3189 0.4579 0.4559
0.4617 0.2974 0.1576 0.1813 0.2541 0.3684 0.4792 0.4419 0.2624 0.1558 0.1894 0.2683 0.3881 0.4819 0.4263 0.2280 0.1560 0.1984 0.2835 0.4084 0.4812 0.4069 0.1988 0.1582 0.2082 0.2995 0.4284 0.4777 0.3833 0.1792 0.1625 0.2189 0.3165 0.4471 0.4717 0.3554 0.1675 0.1688 0.2315 0.3364 0.4650 0.4611 0.3147 0.1591 0.1790 0.2519 0.3682 0.4800 0.4350 0.2432 0.1669 0.3383 0.4631 0.4502 0.3086 0.2076 0.1547 0.1848 0.3938 0.4752 0.4132 0.2777 0.1911 0.1494 0.2273 0.4199 0.4776 0.3872 0.2594 0.1814 0.1478 0.2640 0.4360 0.4762 0.3656 0.2448 0.1737 0.1492 0.2983 0.4487 0.4707 0.3449 0.2314 0.1668 0.1537 0.3300 0.4590 0.4603 0.3252 0.2192 0.1607 0.1624 0.3587 0.4670 0.4448 0.3064 0.2079 0.1554 0.1775 0.3832 0.4747
0.2979 0.1566 0.1856 0.2617 0.3789 0.4811 0.4338 0.2437 0.1558 0.1942 0.2765 0.3990 0.4818 0.4164 0.2115 0.1571 0.2036 0.2921 0.4193 0.4795 0.3948 0.1872 0.1604 0.2139 0.3086 0.4387 0.4747 0.3691 0.1724 0.1657 0.2251 0.3260 0.4560 0.4674 0.3397 0.1637 0.1722 0.2376 0.3451 0.4702 0.4564 0.3012 0.1579 0.1816 0.2560 0.3732 0.4806 0.4336 0.2353 0.1457 0.2714 0.4343 0.4786 0.3672 0.2467 0.1745 0.1590 0.3278 0.4614 0.4608 0.3291 0.2233 0.1633 0.1716 0.3702 0.4721 0.4399 0.3067 0.2100 0.1575 0.1893 0.3956 0.4773 0.4203 0.2893 0.1997 0.1545 0.2158 0.4156 0.4799 0.4000 0.2732 0.1904 0.1536 0.2492 0.4322 0.4795 0.3796 0.2581 0.1819 0.1548 0.2847 0.4460 0.4754 0.3595 0.2441 0.1743 0.1582 0.3189 0.4579 0.4559
0.1830 0.1884 0.2679 0.3904 0.4806 0.4240 0.2281 0.1549 0.1971 0.2835 0.4106 0.4794 0.4054 0.1985 0.1571 0.2070 0.3000 0.4305 0.4756 0.3828 0.1786 0.1613 0.2178 0.3173 0.4486 0.4693 0.3561 0.1669 0.1672 0.2295 0.3355 0.4635 0.4609 0.3254 0.1600 0.1740 0.2425 0.3548 0.4740 0.4495 0.2880 0.1560 0.1833 0.2600 0.3804 0.4804 0.4289 0.2305 0.1513 0.1799 0.4670 0.4780 0.3658 0.2487 0.1766 0.1613 0.3318 0.4665 0.4554 0.3234 0.2225 0.1640 0.1771 0.3804 0.4771 0.4294 0.3002 0.2085 0.1584 0.1992 0.4072 0.4810 0.4082 0.2835 0.1985 0.1562 0.2286 0.4263 0.4817 0.3880 0.2684 0.1895 0.1560 0.2630 0.4419 0.4790 0.3683 0.2542 0.1814 0.1579 0.2980 0.4546 0.4721 0.3493 0.2409 0.1741 0.1621 0.3311 0.4649 0.4614 0.3282
0.1952 0.2448 0.3642 0.4764 0.4374 0.2677 0.1490 0.1809 0.2584 0.3855 0.4781 0.4222 0.2328 0.1494 0.1894 0.2739 0.4070 0.4768 0.4040 0.2010 0.1519 0.1988 0.2906 0.4280 0.4729 0.3822 0.1770 0.1560 0.2091 0.3085 0.4470 0.4667 0.3563 0.1624 0.1616 0.2212 0.3289 0.4635 0.4571 0.3216 0.1536 0.1700 0.2389 0.3586 0.4763 0.4378 0.2624 0.1502 0.1823 0.2411 0.4056 0.3668 0.2490 0.1760 0.1618 0.3374 0.4686 0.4509 0.3177 0.2183 0.1617 0.1834 0.3917 0.4794 0.4196 0.2918 0.2031 0.1568 0.2138 0.4182 0.4820 0.3970 0.2749 0.1933 0.1557 0.2469 0.4354 0.4809 0.3770 0.2603 0.1848 0.1566 0.2821 0.4494 0.4759 0.3577 0.2466 0.1771 0.1597 0.3163 0.4607 0.4662 0.3391 0.2338 0.1702 0.1656 0.3479 0.4697 0.4515 0.3220 0.2346
0.1837 0.2116 0.3098 0.4449 0.4700 0.3643 0.1696 0.1630 0.2228 0.3287 0.4605 0.4620 0.3363 0.1610 0.1693 0.2353 0.3480 0.4715 0.4518 0.3049 0.1559 0.1764 0.2487 0.3682 0.4777 0.4394 0.2707 0.1534 0.1843 0.2633 0.3890 0.4799 0.4238 0.2336 0.1531 0.1942 0.2816 0.4143 0.4779 0.3982 0.1913 0.1569 0.2110 0.3125 0.4511 0.4657 0.3406 0.1603 0.1726 0.2384 0.3063 0.2474 0.1767 0.1618 0.3391 0.4695 0.4483 0.3142 0.2155 0.1602 0.1896 0.4004 0.4807 0.4110 0.2847 0.1986 0.1560 0.2291 0.4272 0.4818 0.3866 0.2671 0.1887 0.1558 0.2652 0.4430 0.4788 0.3669 0.2530 0.1806 0.1579 0.3002 0.4556 0.4714 0.3479 0.2397 0.1733 0.1623 0.3331 0.4657 0.4591 0.3296 0.2274 0.1669 0.1701 0.3631 0.4734 0.4426 0.3120 0.2165 0.1868
0.2187 0.1596 0.2112 0.3043 0.4338 0.4760 0.3763 0.1757 0.1643 0.2223 0.3214 0.4518 0.4694 0.3480 0.1658 0.1705 0.2341 0.3394 0.4662 0.4604 0.3164 0.1599 0.1774 0.2469 0.3579 0.4758 0.4491 0.2823 0.1568 0.1851 0.2609 0.3778 0.4808 0.4340 0.2432 0.1560 0.1956 0.2797 0.4049 0.4811 0.4057 0.1940 0.1599 0.2148 0.3137 0.4485 0.4687 0.3358 0.1614 0.1753 0.2080 0.1746 0.1613 0.3374 0.4695 0.4474 0.3125 0.2138 0.1594 0.1949 0.4068 0.4814 0.4036 0.2786 0.1948 0.1556 0.2447 0.4349 0.4809 0.3766 0.2598 0.1844 0.1566 0.2835 0.4499 0.4756 0.3569 0.2460 0.1768 0.1598 0.3177 0.4611 0.4656 0.3383 0.2332 0.1699 0.1658 0.3491 0.4700 0.4510 0.3204 0.2214 0.1638 0.1760 0.3773 0.4765 0.4328 0.3033 0.2105 0.1592 0.2192
