0.2580 0.3458 0.4701 0.4487 0.2620 0.1837 0.2204 0.3037 0.4295 0.4747 0.3483 0.1879 0.2013 0.2675 0.3791 0.4811 0.4167 0.2129 0.1879 0.2377 0.3331 0.4610 0.4581 0.2873 0.1836 0.2143 0.2927 0.4150 0.4787 0.3704 0.1919 0.1968 0.2583 0.3653 0.4786 0.4312 0.2293 0.1856 0.2304 0.3209 0.4495 0.4660 0.3127 0.1845 0.2087 0.2821 0.4003 0.4810 0.3903 0.1982 0.1783 0.1982 0.3903 0.4810 0.4003 0.2821 0.2087 0.1845 0.3127 0.4660 0.4495 0.3209 0.2304 0.1856 0.2293 0.4312 0.4786 0.3653 0.2583 0.1968 0.1919 0.3704 0.4787 0.4150 0.2927 0.2143 0.1836 0.2873 0.4581 0.4610 0.3331 0.2377 0.1879 0.2129 0.4167 0.4811 0.3791 0.2675 0.2013 0.1879 0.3483 0.4747 0.4295 0.3037 0.2204 0.1837 0.2620 0.4487 0.4701 0.3458 0.2580
0.3458 0.4774 0.4463 0.2563 0.1559 0.2003 0.2950 0.4336 0.4743 0.3490 0.1625 0.1773 0.2541 0.3789 0.4828 0.4167 0.1979 0.1605 0.2201 0.3278 0.4656 0.4571 0.2860 0.1561 0.1929 0.2825 0.4180 0.4787 0.3713 0.1681 0.1718 0.2436 0.3637 0.4812 0.4306 0.2197 0.1577 0.2116 0.3142 0.4542 0.4651 0.3126 0.1576 0.1862 0.2706 0.4021 0.4816 0.3915 0.1765 0.1640 0.1925 0.1640 0.1765 0.3915 0.4816 0.4021 0.2706 0.1862 0.1576 0.3126 0.4651 0.4542 0.3142 0.2116 0.1577 0.2197 0.4306 0.4812 0.3637 0.2436 0.1718 0.1681 0.3713 0.4787 0.4180 0.2825 0.1929 0.1561 0.2860 0.4571 0.4656 0.3278 0.2201 0.1605 0.1979 0.4167 0.4828 0.3789 0.2541 0.1773 0.1625 0.3490 0.4743 0.4336 0.2950 0.2003 0.1559 0.2563 0.4463 0.4774 0.3458
0.4701 0.4463 0.2634 0.1557 0.1962 0.2870 0.4226 0.4766 0.3638 0.1658 0.1734 0.2465 0.3675 0.4809 0.4262 0.2118 0.1583 0.2140 0.3177 0.4568 0.4622 0.3039 0.1568 0.1881 0.2738 0.4060 0.4800 0.3851 0.1733 0.1682 0.2364 0.3527 0.4775 0.4387 0.2367 0.1564 0.2059 0.3044 0.4438 0.4691 0.3296 0.1592 0.1818 0.2623 0.3902 0.4817 0.4037 0.1846 0.1639 0.2237 0.2786 0.2237 0.1639 0.1846 0.4037 0.4817 0.3902 0.2623 0.1818 0.1592 0.3296 0.4691 0.4438 0.3044 0.2059 0.1564 0.2367 0.4387 0.4775 0.3527 0.2364 0.1682 0.1733 0.3851 0.4800 0.4060 0.2738 0.1881 0.1568 0.3039 0.4622 0.4568 0.3177 0.2140 0.1583 0.2118 0.4262 0.4809 0.3675 0.2465 0.1734 0.1658 0.3638 0.4766 0.4226 0.2870 0.1962 0.1557 0.2634 0.4463 0.4701
0.4487 0.2563 0.1557 0.1948 0.2826 0.4151 0.4787 0.3765 0.1700 0.1701 0.2399 0.3578 0.4790 0.4348 0.2281 0.1569 0.2085 0.3089 0.4485 0.4670 0.3212 0.1582 0.1838 0.2661 0.3955 0.4814 0.3978 0.1803 0.1650 0.2301 0.3431 0.4738 0.4460 0.2546 0.1557 0.2008 0.2959 0.4342 0.4730 0.3458 0.1617 0.1779 0.2550 0.3800 0.4820 0.4146 0.1952 0.1609 0.2215 0.3287 0.4132 0.3287 0.2215 0.1609 0.1952 0.4146 0.4820 0.3800 0.2550 0.1779 0.1617 0.3458 0.4730 0.4342 0.2959 0.2008 0.1557 0.2546 0.4460 0.4738 0.3431 0.2301 0.1650 0.1803 0.3978 0.4814 0.3955 0.2661 0.1838 0.1582 0.3212 0.4670 0.4485 0.3089 0.2085 0.1569 0.2281 0.4348 0.4790 0.3578 0.2399 0.1701 0.1700 0.3765 0.4787 0.4151 0.2826 0.1948 0.1557 0.2563 0.4487
0.2620 0.1559 0.1962 0.2826 0.4122 0.4798 0.3855 0.1746 0.1673 0.2340 0.3485 0.4760 0.4423 0.2455 0.1560 0.2033 0.3002 0.4391 0.4711 0.3378 0.1603 0.1798 0.2586 0.3851 0.4820 0.4093 0.1896 0.1621 0.2239 0.3336 0.4687 0.4526 0.2730 0.1556 0.1959 0.2875 0.4240 0.4761 0.3611 0.1650 0.1741 0.2480 0.3698 0.4812 0.4243 0.2086 0.1587 0.2153 0.3204 0.4594 0.4753 0.4594 0.3204 0.2153 0.1587 0.2086 0.4243 0.4812 0.3698 0.2480 0.1741 0.1650 0.3611 0.4761 0.4240 0.2875 0.1959 0.1556 0.2730 0.4526 0.4687 0.3336 0.2239 0.1621 0.1896 0.4093 0.4820 0.3851 0.2586 0.1798 0.1603 0.3378 0.4711 0.4391 0.3002 0.2033 0.1560 0.2455 0.4423 0.4760 0.3485 0.2340 0.1673 0.1746 0.3855 0.4798 0.4122 0.2826 0.1962 0.1559 0.2620
0.1837 0.2003 0.2870 0.4151 0.4798 0.3889 0.1777 0.1653 0.2293 0.3405 0.4722 0.4488 0.2629 0.1556 0.1984 0.2917 0.4292 0.4746 0.3535 0.1632 0.1760 0.2514 0.3748 0.4817 0.4196 0.2016 0.1597 0.2180 0.3243 0.4623 0.4584 0.2912 0.1561 0.1913 0.2794 0.4136 0.4787 0.3754 0.1694 0.1706 0.2411 0.3598 0.4795 0.4330 0.2244 0.1571 0.2097 0.3108 0.4508 0.4630 0.3972 0.4630 0.4508 0.3108 0.2097 0.1571 0.2244 0.4330 0.4795 0.3598 0.2411 0.1706 0.1694 0.3754 0.4787 0.4136 0.2794 0.1913 0.1561 0.2912 0.4584 0.4623 0.3243 0.2180 0.1597 0.2016 0.4196 0.4817 0.3748 0.2514 0.1760 0.1632 0.3535 0.4746 0.4292 0.2917 0.1984 0.1556 0.2629 0.4488 0.4722 0.3405 0.2293 0.1653 0.1777 0.3889 0.4798 0.4151 0.2870 0.2003 0.1837
0.2204 0.2950 0.4226 0.4787 0.3855 0.1777 0.1646 0.2267 0.3349 0.4683 0.4539 0.2787 0.1558 0.1939 0.2837 0.4190 0.4775 0.3683 0.1670 0.1723 0.2445 0.3647 0.4805 0.4288 0.2163 0.1579 0.2124 0.3152 0.4546 0.4637 0.3090 0.1571 0.1868 0.2715 0.4030 0.4805 0.3889 0.1751 0.1673 0.2346 0.3500 0.4766 0.4409 0.2417 0.1561 0.2044 0.3020 0.4411 0.4699 0.3375 0.1913 0.3375 0.4699 0.4411 0.3020 0.2044 0.1561 0.2417 0.4409 0.4766 0.3500 0.2346 0.1673 0.1751 0.3889 0.4805 0.4030 0.2715 0.1868 0.1571 0.3090 0.4637 0.4546 0.3152 0.2124 0.1579 0.2163 0.4288 0.4805 0.3647 0.2445 0.1723 0.1670 0.3683 0.4775 0.4190 0.2837 0.1939 0.1558 0.2787 0.4539 0.4683 0.3349 0.2267 0.1646 0.1777 0.3855 0.4787 0.4226 0.2950 0.2204
0.3037 0.4336 0.4766 0.3765 0.1746 0.1653 0.2267 0.3329 0.4659 0.4572 0.2911 0.1562 0.1901 0.2766 0.4092 0.4796 0.3819 0.1720 0.1689 0.2378 0.3548 0.4782 0.4371 0.2330 0.1566 0.2070 0.3064 0.4458 0.4682 0.3261 0.1587 0.1826 0.2639 0.3925 0.4817 0.4013 0.1827 0.1642 0.2283 0.3403 0.4725 0.4480 0.2599 0.1556 0.1993 0.2935 0.4313 0.4740 0.3495 0.1615 0.1529 0.1615 0.3495 0.4740 0.4313 0.2935 0.1993 0.1556 0.2599 0.4480 0.4725 0.3403 0.2283 0.1642 0.1827 0.4013 0.4817 0.3925 0.2639 0.1826 0.1587 0.3261 0.4682 0.4458 0.3064 0.2070 0.1566 0.2330 0.4371 0.4782 0.3548 0.2378 0.1689 0.1720 0.3819 0.4796 0.4092 0.2766 0.1901 0.1562 0.2911 0.4572 0.4659 0.3329 0.2267 0.1653 0.1746 0.3765 0.4766 0.4336 0.3037
0.4295 0.4743 0.3638 0.1700 0.1673 0.2293 0.3349 0.4659 0.4584 0.2979 0.1568 0.1872 0.2707 0.4005 0.4810 0.3939 0.1782 0.1658 0.2315 0.3452 0.4747 0.4445 0.2508 0.1558 0.2019 0.2977 0.4363 0.4722 0.3424 0.1611 0.1787 0.2565 0.3821 0.4820 0.4124 0.1928 0.1614 0.2222 0.3309 0.4670 0.4543 0.2782 0.1557 0.1945 0.2852 0.4210 0.4769 0.3653 0.1661 0.1702 0.2016 0.1702 0.1661 0.3653 0.4769 0.4210 0.2852 0.1945 0.1557 0.2782 0.4543 0.4670 0.3309 0.2222 0.1614 0.1928 0.4124 0.4820 0.3821 0.2565 0.1787 0.1611 0.3424 0.4722 0.4363 0.2977 0.2019 0.1558 0.2508 0.4445 0.4747 0.3452 0.2315 0.1658 0.1782 0.3939 0.4810 0.4005 0.2707 0.1872 0.1568 0.2979 0.4584 0.4659 0.3349 0.2293 0.1673 0.1700 0.3638 0.4743 0.4295
0.4747 0.3490 0.1658 0.1701 0.2340 0.3405 0.4683 0.4572 0.2979 0.1570 0.1857 0.2669 0.3938 0.4817 0.4036 0.1854 0.1631 0.2257 0.3360 0.4700 0.4512 0.2691 0.1556 0.1969 0.2893 0.4262 0.4755 0.3579 0.1642 0.1749 0.2494 0.3719 0.4815 0.4224 0.2056 0.1591 0.2164 0.3217 0.4602 0.4600 0.2964 0.1563 0.1900 0.2771 0.4106 0.4793 0.3794 0.1709 0.1700 0.2362 0.2956 0.2362 0.1700 0.1709 0.3794 0.4793 0.4106 0.2771 0.1900 0.1563 0.2964 0.4600 0.4602 0.3217 0.2164 0.1591 0.2056 0.4224 0.4815 0.3719 0.2494 0.1749 0.1642 0.3579 0.4755 0.4262 0.2893 0.1969 0.1556 0.2691 0.4512 0.4700 0.3360 0.2257 0.1631 0.1854 0.4036 0.4817 0.3938 0.2669 0.1857 0.1570 0.2979 0.4572 0.4683 0.3405 0.2340 0.1701 0.1658 0.3490 0.4747
0.3483 0.1625 0.1734 0.2399 0.3485 0.4722 0.4539 0.2911 0.1568 0.1857 0.2655 0.3902 0.4820 0.4104 0.1928 0.1610 0.2206 0.3276 0.4643 0.4570 0.2869 0.1560 0.1923 0.2812 0.4159 0.4782 0.3724 0.1683 0.1713 0.2425 0.3619 0.4800 0.4313 0.2210 0.1574 0.2108 0.3127 0.4522 0.4650 0.3140 0.1575 0.1856 0.2693 0.4000 0.4809 0.3926 0.1771 0.1664 0.2334 0.3478 0.4336 0.3478 0.2334 0.1664 0.1771 0.3926 0.4809 0.4000 0.2693 0.1856 0.1575 0.3140 0.4650 0.4522 0.3127 0.2108 0.1574 0.2210 0.4313 0.4800 0.3619 0.2425 0.1713 0.1683 0.3724 0.4782 0.4159 0.2812 0.1923 0.1560 0.2869 0.4570 0.4643 0.3276 0.2206 0.1610 0.1928 0.4104 0.4820 0.3902 0.2655 0.1857 0.1568 0.2911 0.4539 0.4722 0.3485 0.2399 0.1734 0.1625 0.3483
0.1879 0.1773 0.2465 0.3578 0.4760 0.4488 0.2787 0.1562 0.1872 0.2669 0.3902 0.4820 0.4140 0.1987 0.1596 0.2166 0.3205 0.4583 0.4618 0.3033 0.1568 0.1879 0.2734 0.4054 0.4802 0.3861 0.1737 0.1680 0.2359 0.3520 0.4773 0.4393 0.2380 0.1563 0.2055 0.3039 0.4432 0.4694 0.3309 0.1593 0.1815 0.2618 0.3895 0.4818 0.4046 0.1853 0.1633 0.2266 0.3383 0.4709 0.4708 0.4709 0.3383 0.2266 0.1633 0.1853 0.4046 0.4818 0.3895 0.2618 0.1815 0.1593 0.3309 0.4694 0.4432 0.3039 0.2055 0.1563 0.2380 0.4393 0.4773 0.3520 0.2359 0.1680 0.1737 0.3861 0.4802 0.4054 0.2734 0.1879 0.1568 0.3033 0.4618 0.4583 0.3205 0.2166 0.1596 0.1987 0.4140 0.4820 0.3902 0.2669 0.1872 0.1562 0.2787 0.4488 0.4760 0.3578 0.2465 0.1773 0.1879
0.2013 0.2541 0.3675 0.4790 0.4423 0.2629 0.1558 0.1901 0.2707 0.3938 0.4820 0.4140 0.2010 0.1590 0.2140 0.3152 0.4527 0.4655 0.3177 0.1580 0.1840 0.2661 0.3952 0.4814 0.3986 0.1809 0.1648 0.2296 0.3423 0.4735 0.4465 0.2561 0.1557 0.2004 0.2953 0.4335 0.4732 0.3469 0.1619 0.1776 0.2545 0.3792 0.4819 0.4154 0.1962 0.1607 0.2205 0.3283 0.4655 0.4530 0.3743 0.4530 0.4655 0.3283 0.2205 0.1607 0.1962 0.4154 0.4819 0.3792 0.2545 0.1776 0.1619 0.3469 0.4732 0.4335 0.2953 0.2004 0.1557 0.2561 0.4465 0.4735 0.3423 0.2296 0.1648 0.1809 0.3986 0.4814 0.3952 0.2661 0.1840 0.1580 0.3177 0.4655 0.4527 0.3152 0.2140 0.1590 0.2010 0.4140 0.4820 0.3938 0.2707 0.1901 0.1558 0.2629 0.4423 0.4790 0.3675 0.2541 0.2013
0.2675 0.3789 0.4809 0.4348 0.2455 0.1556 0.1939 0.2766 0.4005 0.4817 0.4104 0.1987 0.1590 0.2131 0.3124 0.4488 0.4681 0.3290 0.1595 0.1807 0.2596 0.3858 0.4820 0.4096 0.1901 0.1620 0.2235 0.3329 0.4683 0.4530 0.2744 0.1557 0.1956 0.2869 0.4233 0.4763 0.3621 0.1653 0.1738 0.2474 0.3690 0.4811 0.4250 0.2098 0.1586 0.2148 0.3191 0.4580 0.4610 0.3053 0.1705 0.3053 0.4610 0.4580 0.3191 0.2148 0.1586 0.2098 0.4250 0.4811 0.3690 0.2474 0.1738 0.1653 0.3621 0.4763 0.4233 0.2869 0.1956 0.1557 0.2744 0.4530 0.4683 0.3329 0.2235 0.1620 0.1901 0.4096 0.4820 0.3858 0.2596 0.1807 0.1595 0.3290 0.4681 0.4488 0.3124 0.2131 0.1590 0.1987 0.4104 0.4817 0.4005 0.2766 0.1939 0.1556 0.2455 0.4348 0.4809 0.3789 0.2675
0.3791 0.4828 0.4262 0.2281 0.1560 0.1984 0.2837 0.4092 0.4810 0.4036 0.1928 0.1596 0.2140 0.3124 0.4474 0.4694 0.3362 0.1608 0.1782 0.2543 0.3775 0.4818 0.4188 0.2013 0.1597 0.2178 0.3238 0.4618 0.4589 0.2926 0.1562 0.1909 0.2788 0.4128 0.4788 0.3764 0.1697 0.1703 0.2406 0.3590 0.4793 0.4337 0.2257 0.1571 0.2093 0.3101 0.4497 0.4664 0.3181 0.1565 0.1575 0.1565 0.3181 0.4664 0.4497 0.3101 0.2093 0.1571 0.2257 0.4337 0.4793 0.3590 0.2406 0.1703 0.1697 0.3764 0.4788 0.4128 0.2788 0.1909 0.1562 0.2926 0.4589 0.4618 0.3238 0.2178 0.1597 0.2013 0.4188 0.4818 0.3775 0.2543 0.1782 0.1608 0.3362 0.4694 0.4474 0.3124 0.2140 0.1596 0.1928 0.4036 0.4810 0.4092 0.2837 0.1984 0.1560 0.2281 0.4262 0.4828 0.3791
0.4811 0.4167 0.2118 0.1569 0.2033 0.2917 0.4190 0.4796 0.3939 0.1854 0.1610 0.2166 0.3152 0.4488 0.4694 0.3387 0.1616 0.1766 0.2505 0.3709 0.4812 0.4262 0.2134 0.1580 0.2127 0.3152 0.4543 0.4639 0.3102 0.1572 0.1865 0.2710 0.4023 0.4806 0.3898 0.1756 0.1670 0.2341 0.3492 0.4764 0.4415 0.2432 0.1561 0.2040 0.3014 0.4404 0.4706 0.3355 0.1601 0.1773 0.2123 0.1773 0.1601 0.3355 0.4706 0.4404 0.3014 0.2040 0.1561 0.2432 0.4415 0.4764 0.3492 0.2341 0.1670 0.1756 0.3898 0.4806 0.4023 0.2710 0.1865 0.1572 0.3102 0.4639 0.4543 0.3152 0.2127 0.1580 0.2134 0.4262 0.4812 0.3709 0.2505 0.1766 0.1616 0.3387 0.4694 0.4488 0.3152 0.2166 0.1610 0.1854 0.3939 0.4796 0.4190 0.2917 0.2033 0.1569 0.2118 0.4167 0.4811
0.4167 0.1979 0.1583 0.2085 0.3002 0.4292 0.4775 0.3819 0.1782 0.1631 0.2206 0.3205 0.4527 0.4681 0.3362 0.1616 0.1760 0.2485 0.3666 0.4803 0.4318 0.2249 0.1569 0.2081 0.3074 0.4464 0.4682 0.3266 0.1589 0.1824 0.2634 0.3918 0.4817 0.4021 0.1833 0.1639 0.2278 0.3396 0.4721 0.4485 0.2613 0.1557 0.1990 0.2929 0.4306 0.4742 0.3514 0.1628 0.1769 0.2496 0.3138 0.2496 0.1769 0.1628 0.3514 0.4742 0.4306 0.2929 0.1990 0.1557 0.2613 0.4485 0.4721 0.3396 0.2278 0.1639 0.1833 0.4021 0.4817 0.3918 0.2634 0.1824 0.1589 0.3266 0.4682 0.4464 0.3074 0.2081 0.1569 0.2249 0.4318 0.4803 0.3666 0.2485 0.1760 0.1616 0.3362 0.4681 0.4527 0.3205 0.2206 0.1631 0.1782 0.3819 0.4775 0.4292 0.3002 0.2085 0.1583 0.1979 0.4167
0.2129 0.1605 0.2140 0.3089 0.4391 0.4746 0.3683 0.1720 0.1658 0.2257 0.3276 0.4583 0.4655 0.3290 0.1608 0.1766 0.2485 0.3652 0.4798 0.4352 0.2340 0.1563 0.2044 0.3007 0.4385 0.4717 0.3413 0.1610 0.1786 0.2562 0.3814 0.4820 0.4131 0.1936 0.1612 0.2217 0.3302 0.4665 0.4548 0.2797 0.1558 0.1942 0.2846 0.4203 0.4771 0.3663 0.1664 0.1729 0.2461 0.3676 0.4516 0.3676 0.2461 0.1729 0.1664 0.3663 0.4771 0.4203 0.2846 0.1942 0.1558 0.2797 0.4548 0.4665 0.3302 0.2217 0.1612 0.1936 0.4131 0.4820 0.3814 0.2562 0.1786 0.1610 0.3413 0.4717 0.4385 0.3007 0.2044 0.1563 0.2340 0.4352 0.4798 0.3652 0.2485 0.1766 0.1608 0.3290 0.4655 0.4583 0.3276 0.2257 0.1658 0.1720 0.3683 0.4746 0.4391 0.3089 0.2140 0.1605 0.2129
0.1879 0.2201 0.3177 0.4485 0.4711 0.3535 0.1670 0.1689 0.2315 0.3360 0.4643 0.4618 0.3177 0.1595 0.1782 0.2505 0.3666 0.4798 0.4363 0.2388 0.1560 0.2018 0.2954 0.4316 0.4743 0.3540 0.1637 0.1752 0.2496 0.3717 0.4814 0.4229 0.2065 0.1590 0.2159 0.3210 0.4596 0.4604 0.2978 0.1564 0.1896 0.2766 0.4098 0.4794 0.3804 0.1712 0.1694 0.2388 0.3569 0.4776 0.4640 0.4776 0.3569 0.2388 0.1694 0.1712 0.3804 0.4794 0.4098 0.2766 0.1896 0.1564 0.2978 0.4604 0.4596 0.3210 0.2159 0.1590 0.2065 0.4229 0.4814 0.3717 0.2496 0.1752 0.1637 0.3540 0.4743 0.4316 0.2954 0.2018 0.1560 0.2388 0.4363 0.4798 0.3666 0.2505 0.1782 0.1595 0.3177 0.4618 0.4643 0.3360 0.2315 0.1689 0.1670 0.3535 0.4711 0.4485 0.3177 0.2201 0.1879
0.2377 0.3278 0.4568 0.4670 0.3378 0.1632 0.1723 0.2378 0.3452 0.4700 0.4570 0.3033 0.1580 0.1807 0.2543 0.3709 0.4803 0.4352 0.2388 0.1559 0.2005 0.2922 0.4264 0.4762 0.3643 0.1665 0.1723 0.2438 0.3628 0.4800 0.4313 0.2214 0.1574 0.2104 0.3120 0.4515 0.4654 0.3153 0.1577 0.1853 0.2688 0.3992 0.4810 0.3935 0.1776 0.1661 0.2323 0.3464 0.4754 0.4407 0.3475 0.4407 0.4754 0.3464 0.2323 0.1661 0.1776 0.3935 0.4810 0.3992 0.2688 0.1853 0.1577 0.3153 0.4654 0.4515 0.3120 0.2104 0.1574 0.2214 0.4313 0.4800 0.3628 0.2438 0.1723 0.1665 0.3643 0.4762 0.4264 0.2922 0.2005 0.1559 0.2388 0.4352 0.4803 0.3709 0.2543 0.1807 0.1580 0.3033 0.4570 0.4700 0.3452 0.2378 0.1723 0.1632 0.3378 0.4670 0.4568 0.3278 0.2377
0.3331 0.4656 0.4622 0.3212 0.1603 0.1760 0.2445 0.3548 0.4747 0.4512 0.2869 0.1568 0.1840 0.2596 0.3775 0.4812 0.4318 0.2340 0.1560 0.2005 0.2911 0.4237 0.4773 0.3715 0.1693 0.1700 0.2388 0.3549 0.4779 0.4385 0.2371 0.1563 0.2054 0.3034 0.4425 0.4697 0.3322 0.1595 0.1812 0.2612 0.3888 0.4819 0.4054 0.1860 0.1631 0.2260 0.3369 0.4707 0.4498 0.2704 0.1583 0.2704 0.4498 0.4707 0.3369 0.2260 0.1631 0.1860 0.4054 0.4819 0.3888 0.2612 0.1812 0.1595 0.3322 0.4697 0.4425 0.3034 0.2054 0.1563 0.2371 0.4385 0.4779 0.3549 0.2388 0.1700 0.1693 0.3715 0.4773 0.4237 0.2911 0.2005 0.1560 0.2340 0.4318 0.4812 0.3775 0.2596 0.1840 0.1568 0.2869 0.4512 0.4747 0.3548 0.2445 0.1760 0.1603 0.3212 0.4622 0.4656 0.3331
0.4610 0.4571 0.3039 0.1582 0.1798 0.2514 0.3647 0.4782 0.4445 0.2691 0.1560 0.1879 0.2661 0.3858 0.4818 0.4262 0.2249 0.1563 0.2018 0.2922 0.4237 0.4776 0.3752 0.1713 0.1684 0.2350 0.3484 0.4754 0.4444 0.2523 0.1558 0.2007 0.2954 0.4331 0.4734 0.3481 0.1621 0.1773 0.2540 0.3784 0.4819 0.4161 0.1971 0.1605 0.2200 0.3275 0.4647 0.4565 0.2840 0.1540 0.1631 0.1540 0.2840 0.4565 0.4647 0.3275 0.2200 0.1605 0.1971 0.4161 0.4819 0.3784 0.2540 0.1773 0.1621 0.3481 0.4734 0.4331 0.2954 0.2007 0.1558 0.2523 0.4444 0.4754 0.3484 0.2350 0.1684 0.1713 0.3752 0.4776 0.4237 0.2922 0.2018 0.1563 0.2249 0.4262 0.4818 0.3858 0.2661 0.1879 0.1560 0.2691 0.4445 0.4782 0.3647 0.2514 0.1798 0.1582 0.3039 0.4571 0.4610
0.4581 0.2860 0.1568 0.1838 0.2586 0.3748 0.4805 0.4371 0.2508 0.1556 0.1923 0.2734 0.3952 0.4820 0.4188 0.2134 0.1569 0.2044 0.2954 0.4264 0.4773 0.3752 0.1720 0.1675 0.2326 0.3437 0.4729 0.4489 0.2656 0.1556 0.1967 0.2881 0.4239 0.4763 0.3625 0.1655 0.1736 0.2469 0.3683 0.4810 0.4257 0.2109 0.1584 0.2143 0.3183 0.4574 0.4619 0.3028 0.1569 0.1852 0.2240 0.1852 0.1569 0.3028 0.4619 0.4574 0.3183 0.2143 0.1584 0.2109 0.4257 0.4810 0.3683 0.2469 0.1736 0.1655 0.3625 0.4763 0.4239 0.2881 0.1967 0.1556 0.2656 0.4489 0.4729 0.3437 0.2326 0.1675 0.1720 0.3752 0.4773 0.4264 0.2954 0.2044 0.1569 0.2134 0.4188 0.4820 0.3952 0.2734 0.1923 0.1556 0.2508 0.4371 0.4805 0.3748 0.2586 0.1838 0.1568 0.2860 0.4581
0.2873 0.1561 0.1881 0.2661 0.3851 0.4817 0.4288 0.2330 0.1558 0.1969 0.2812 0.4054 0.4814 0.4096 0.2013 0.1580 0.2081 0.3007 0.4316 0.4762 0.3715 0.1713 0.1675 0.2317 0.3413 0.4710 0.4520 0.2761 0.1557 0.1932 0.2817 0.4153 0.4785 0.3753 0.1696 0.1703 0.2403 0.3584 0.4792 0.4343 0.2269 0.1569 0.2088 0.3094 0.4490 0.4667 0.3202 0.1582 0.1846 0.2641 0.3330 0.2641 0.1846 0.1582 0.3202 0.4667 0.4490 0.3094 0.2088 0.1569 0.2269 0.4343 0.4792 0.3584 0.2403 0.1703 0.1696 0.3753 0.4785 0.4153 0.2817 0.1932 0.1557 0.2761 0.4520 0.4710 0.3413 0.2317 0.1675 0.1713 0.3715 0.4762 0.4316 0.3007 0.2081 0.1580 0.2013 0.4096 0.4814 0.4054 0.2812 0.1969 0.1558 0.2330 0.4288 0.4817 0.3851 0.2661 0.1881 0.1561 0.2873
0.1836 0.1929 0.2738 0.3955 0.4820 0.4196 0.2163 0.1566 0.2019 0.2893 0.4159 0.4802 0.3986 0.1901 0.1597 0.2127 0.3074 0.4385 0.4743 0.3643 0.1693 0.1684 0.2326 0.3413 0.4704 0.4535 0.2827 0.1560 0.1907 0.2765 0.4077 0.4801 0.3865 0.1745 0.1673 0.2343 0.3491 0.4763 0.4418 0.2443 0.1560 0.2036 0.3007 0.4397 0.4709 0.3368 0.1602 0.1801 0.2598 0.3878 0.4651 0.3878 0.2598 0.1801 0.1602 0.3368 0.4709 0.4397 0.3007 0.2036 0.1560 0.2443 0.4418 0.4763 0.3491 0.2343 0.1673 0.1745 0.3865 0.4801 0.4077 0.2765 0.1907 0.1560 0.2827 0.4535 0.4704 0.3413 0.2326 0.1684 0.1693 0.3643 0.4743 0.4385 0.3074 0.2127 0.1597 0.1901 0.3986 0.4802 0.4159 0.2893 0.2019 0.1566 0.2163 0.4196 0.4820 0.3955 0.2738 0.1929 0.1836
0.2143 0.2825 0.4060 0.4814 0.4093 0.2016 0.1579 0.2070 0.2977 0.4262 0.4782 0.3861 0.1809 0.1620 0.2178 0.3152 0.4464 0.4717 0.3540 0.1665 0.1700 0.2350 0.3437 0.4710 0.4535 0.2850 0.1562 0.1891 0.2729 0.4019 0.4810 0.3956 0.1799 0.1648 0.2289 0.3406 0.4724 0.4484 0.2618 0.1556 0.1986 0.2922 0.4298 0.4744 0.3526 0.1630 0.1762 0.2520 0.3761 0.4800 0.4552 0.4800 0.3761 0.2520 0.1762 0.1630 0.3526 0.4744 0.4298 0.2922 0.1986 0.1556 0.2618 0.4484 0.4724 0.3406 0.2289 0.1648 0.1799 0.3956 0.4810 0.4019 0.2729 0.1891 0.1562 0.2850 0.4535 0.4710 0.3437 0.2350 0.1700 0.1665 0.3540 0.4717 0.4464 0.3152 0.2178 0.1620 0.1809 0.3861 0.4782 0.4262 0.2977 0.2070 0.1579 0.2016 0.4093 0.4814 0.4060 0.2825 0.2143
0.2927 0.4180 0.4800 0.3978 0.1896 0.1597 0.2124 0.3064 0.4363 0.4755 0.3724 0.1737 0.1648 0.2235 0.3238 0.4543 0.4682 0.3413 0.1637 0.1723 0.2388 0.3484 0.4729 0.4520 0.2827 0.1562 0.1885 0.2711 0.3982 0.4815 0.4022 0.1855 0.1627 0.2243 0.3329 0.4677 0.4541 0.2785 0.1557 0.1941 0.2841 0.4195 0.4773 0.3675 0.1668 0.1726 0.2449 0.3654 0.4806 0.4259 0.3177 0.4259 0.4806 0.3654 0.2449 0.1726 0.1668 0.3675 0.4773 0.4195 0.2841 0.1941 0.1557 0.2785 0.4541 0.4677 0.3329 0.2243 0.1627 0.1855 0.4022 0.4815 0.3982 0.2711 0.1885 0.1562 0.2827 0.4520 0.4729 0.3484 0.2388 0.1723 0.1637 0.3413 0.4682 0.4543 0.3238 0.2235 0.1648 0.1737 0.3724 0.4755 0.4363 0.3064 0.2124 0.1597 0.1896 0.3978 0.4800 0.4180 0.2927
0.4150 0.4787 0.3851 0.1803 0.1621 0.2180 0.3152 0.4458 0.4722 0.3579 0.1683 0.1680 0.2296 0.3329 0.4618 0.4639 0.3266 0.1610 0.1752 0.2438 0.3549 0.4754 0.4489 0.2761 0.1560 0.1891 0.2711 0.3969 0.4817 0.4062 0.1901 0.1612 0.2206 0.3264 0.4627 0.4588 0.2939 0.1563 0.1899 0.2766 0.4094 0.4795 0.3814 0.1717 0.1691 0.2382 0.3555 0.4784 0.4360 0.2353 0.1515 0.2353 0.4360 0.4784 0.3555 0.2382 0.1691 0.1717 0.3814 0.4795 0.4094 0.2766 0.1899 0.1563 0.2939 0.4588 0.4627 0.3264 0.2206 0.1612 0.1901 0.4062 0.4817 0.3969 0.2711 0.1891 0.1560 0.2761 0.4489 0.4754 0.3549 0.2438 0.1752 0.1610 0.3266 0.4639 0.4618 0.3329 0.2296 0.1680 0.1683 0.3579 0.4722 0.4458 0.3152 0.2180 0.1621 0.1803 0.3851 0.4787 0.4150
0.4787 0.3713 0.1733 0.1650 0.2239 0.3243 0.4546 0.4682 0.3424 0.1642 0.1713 0.2359 0.3423 0.4683 0.4589 0.3102 0.1589 0.1786 0.2496 0.3628 0.4779 0.4444 0.2656 0.1557 0.1907 0.2729 0.3982 0.4817 0.4075 0.1926 0.1604 0.2180 0.3215 0.4581 0.4624 0.3073 0.1572 0.1863 0.2698 0.3999 0.4810 0.3938 0.1780 0.1659 0.2318 0.3457 0.4750 0.4441 0.2489 0.1538 0.1695 0.1538 0.2489 0.4441 0.4750 0.3457 0.2318 0.1659 0.1780 0.3938 0.4810 0.3999 0.2698 0.1863 0.1572 0.3073 0.4624 0.4581 0.3215 0.2180 0.1604 0.1926 0.4075 0.4817 0.3982 0.2729 0.1907 0.1557 0.2656 0.4444 0.4779 0.3628 0.2496 0.1786 0.1589 0.3102 0.4589 0.4683 0.3423 0.2359 0.1713 0.1642 0.3424 0.4682 0.4546 0.3243 0.2239 0.1650 0.1733 0.3713 0.4787
0.3704 0.1681 0.1682 0.2301 0.3336 0.4623 0.4637 0.3261 0.1611 0.1749 0.2425 0.3520 0.4735 0.4530 0.2926 0.1572 0.1824 0.2562 0.3717 0.4800 0.4385 0.2523 0.1556 0.1932 0.2765 0.4019 0.4815 0.4062 0.1926 0.1601 0.2167 0.3184 0.4546 0.4650 0.3180 0.1583 0.1831 0.2638 0.3912 0.4818 0.4046 0.1858 0.1631 0.2258 0.3363 0.4703 0.4508 0.2679 0.1558 0.1940 0.2367 0.1940 0.1558 0.2679 0.4508 0.4703 0.3363 0.2258 0.1631 0.1858 0.4046 0.4818 0.3912 0.2638 0.1831 0.1583 0.3180 0.4650 0.4546 0.3184 0.2167 0.1601 0.1926 0.4062 0.4815 0.4019 0.2765 0.1932 0.1556 0.2523 0.4385 0.4800 0.3717 0.2562 0.1824 0.1572 0.2926 0.4530 0.4735 0.3520 0.2425 0.1749 0.1611 0.3261 0.4637 0.4623 0.3336 0.2301 0.1682 0.1681 0.3704
0.1919 0.1718 0.2364 0.3431 0.4687 0.4584 0.3090 0.1587 0.1787 0.2494 0.3619 0.4773 0.4465 0.2744 0.1562 0.1865 0.2634 0.3814 0.4814 0.4313 0.2371 0.1558 0.1967 0.2817 0.4077 0.4810 0.4022 0.1901 0.1604 0.2167 0.3174 0.4527 0.4666 0.3253 0.1593 0.1807 0.2588 0.3835 0.4820 0.4136 0.1951 0.1607 0.2203 0.3274 0.4644 0.4568 0.2861 0.1560 0.1930 0.2796 0.3531 0.2796 0.1930 0.1560 0.2861 0.4568 0.4644 0.3274 0.2203 0.1607 0.1951 0.4136 0.4820 0.3835 0.2588 0.1807 0.1593 0.3253 0.4666 0.4527 0.3174 0.2167 0.1604 0.1901 0.4022 0.4810 0.4077 0.2817 0.1967 0.1558 0.2371 0.4313 0.4814 0.3814 0.2634 0.1865 0.1562 0.2744 0.4465 0.4773 0.3619 0.2494 0.1787 0.1587 0.3090 0.4584 0.4687 0.3431 0.2364 0.1718 0.1919
0.1968 0.2436 0.3527 0.4738 0.4526 0.2912 0.1571 0.1826 0.2565 0.3719 0.4800 0.4393 0.2561 0.1557 0.1909 0.2710 0.3918 0.4820 0.4229 0.2214 0.1563 0.2007 0.2881 0.4153 0.4801 0.3956 0.1855 0.1612 0.2180 0.3184 0.4527 0.4671 0.3290 0.1600 0.1790 0.2550 0.3773 0.4817 0.4209 0.2054 0.1589 0.2153 0.3192 0.4576 0.4619 0.3034 0.1568 0.1881 0.2744 0.4082 0.4735 0.4082 0.2744 0.1881 0.1568 0.3034 0.4619 0.4576 0.3192 0.2153 0.1589 0.2054 0.4209 0.4817 0.3773 0.2550 0.1790 0.1600 0.3290 0.4671 0.4527 0.3184 0.2180 0.1612 0.1855 0.3956 0.4801 0.4153 0.2881 0.2007 0.1563 0.2214 0.4229 0.4820 0.3918 0.2710 0.1909 0.1557 0.2561 0.4393 0.4800 0.3719 0.2565 0.1826 0.1571 0.2912 0.4526 0.4738 0.3527 0.2436 0.1968
0.2583 0.3637 0.4775 0.4460 0.2730 0.1561 0.1868 0.2639 0.3821 0.4815 0.4313 0.2380 0.1557 0.1956 0.2788 0.4023 0.4817 0.4131 0.2065 0.1574 0.2054 0.2954 0.4239 0.4785 0.3865 0.1799 0.1627 0.2206 0.3215 0.4546 0.4666 0.3290 0.1602 0.1781 0.2527 0.3729 0.4813 0.4265 0.2154 0.1577 0.2110 0.3118 0.4505 0.4663 0.3194 0.1581 0.1840 0.2662 0.3963 0.4792 0.4438 0.4792 0.3963 0.2662 0.1840 0.1581 0.3194 0.4663 0.4505 0.3118 0.2110 0.1577 0.2154 0.4265 0.4813 0.3729 0.2527 0.1781 0.1602 0.3290 0.4666 0.4546 0.3215 0.2206 0.1627 0.1799 0.3865 0.4785 0.4239 0.2954 0.2054 0.1574 0.2065 0.4131 0.4817 0.4023 0.2788 0.1956 0.1557 0.2380 0.4313 0.4815 0.3821 0.2639 0.1868 0.1561 0.2730 0.4460 0.4775 0.3637 0.2583
0.3653 0.4812 0.4387 0.2546 0.1556 0.1913 0.2715 0.3925 0.4820 0.4224 0.2210 0.1563 0.2004 0.2869 0.4128 0.4806 0.4021 0.1936 0.1590 0.2104 0.3034 0.4331 0.4763 0.3753 0.1745 0.1648 0.2243 0.3264 0.4581 0.4650 0.3253 0.1600 0.1781 0.2519 0.3707 0.4808 0.4302 0.2236 0.1569 0.2074 0.3055 0.4435 0.4698 0.3337 0.1599 0.1803 0.2592 0.3855 0.4818 0.4077 0.2842 0.4077 0.4818 0.3855 0.2592 0.1803 0.1599 0.3337 0.4698 0.4435 0.3055 0.2074 0.1569 0.2236 0.4302 0.4808 0.3707 0.2519 0.1781 0.1600 0.3253 0.4650 0.4581 0.3264 0.2243 0.1648 0.1745 0.3753 0.4763 0.4331 0.3034 0.2104 0.1590 0.1936 0.4021 0.4806 0.4128 0.2869 0.2004 0.1563 0.2210 0.4224 0.4820 0.3925 0.2715 0.1913 0.1556 0.2546 0.4387 0.4812 0.3653
0.4786 0.4306 0.2367 0.1557 0.1959 0.2794 0.4030 0.4817 0.4124 0.2056 0.1574 0.2055 0.2953 0.4233 0.4788 0.3898 0.1833 0.1612 0.2159 0.3120 0.4425 0.4734 0.3625 0.1696 0.1673 0.2289 0.3329 0.4627 0.4624 0.3180 0.1593 0.1790 0.2527 0.3707 0.4806 0.4321 0.2291 0.1564 0.2048 0.3004 0.4372 0.4725 0.3461 0.1621 0.1770 0.2528 0.3761 0.4818 0.4185 0.2032 0.1482 0.2032 0.4185 0.4818 0.3761 0.2528 0.1770 0.1621 0.3461 0.4725 0.4372 0.3004 0.2048 0.1564 0.2291 0.4321 0.4806 0.3707 0.2527 0.1790 0.1593 0.3180 0.4624 0.4627 0.3329 0.2289 0.1673 0.1696 0.3625 0.4734 0.4425 0.3120 0.2159 0.1612 0.1833 0.3898 0.4788 0.4233 0.2953 0.2055 0.1574 0.2056 0.4124 0.4817 0.4030 0.2794 0.1959 0.1557 0.2367 0.4306 0.4786
0.4312 0.2197 0.1564 0.2008 0.2875 0.4136 0.4805 0.4013 0.1928 0.1591 0.2108 0.3039 0.4335 0.4763 0.3764 0.1756 0.1639 0.2217 0.3210 0.4515 0.4697 0.3481 0.1655 0.1703 0.2343 0.3406 0.4677 0.4588 0.3073 0.1583 0.1807 0.2550 0.3729 0.4808 0.4321 0.2310 0.1562 0.2031 0.2969 0.4322 0.4745 0.3561 0.1644 0.1741 0.2471 0.3675 0.4808 0.4276 0.2142 0.1556 0.1769 0.1556 0.2142 0.4276 0.4808 0.3675 0.2471 0.1741 0.1644 0.3561 0.4745 0.4322 0.2969 0.2031 0.1562 0.2310 0.4321 0.4808 0.3729 0.2550 0.1807 0.1583 0.3073 0.4588 0.4677 0.3406 0.2343 0.1703 0.1655 0.3481 0.4697 0.4515 0.3210 0.2217 0.1639 0.1756 0.3764 0.4763 0.4335 0.3039 0.2108 0.1591 0.1928 0.4013 0.4805 0.4136 0.2875 0.2008 0.1564 0.2197 0.4312
0.2293 0.1577 0.2059 0.2959 0.4240 0.4787 0.3889 0.1827 0.1614 0.2164 0.3127 0.4432 0.4732 0.3621 0.1697 0.1670 0.2278 0.3302 0.4596 0.4654 0.3322 0.1621 0.1736 0.2403 0.3491 0.4724 0.4541 0.2939 0.1572 0.1831 0.2588 0.3773 0.4813 0.4302 0.2291 0.1562 0.2026 0.2950 0.4290 0.4757 0.3635 0.1667 0.1718 0.2423 0.3599 0.4792 0.4348 0.2294 0.1570 0.2043 0.2513 0.2043 0.1570 0.2294 0.4348 0.4792 0.3599 0.2423 0.1718 0.1667 0.3635 0.4757 0.4290 0.2950 0.2026 0.1562 0.2291 0.4302 0.4813 0.3773 0.2588 0.1831 0.1572 0.2939 0.4541 0.4724 0.3491 0.2403 0.1736 0.1621 0.3322 0.4654 0.4596 0.3302 0.2278 0.1670 0.1697 0.3621 0.4732 0.4432 0.3127 0.2164 0.1614 0.1827 0.3889 0.4787 0.4240 0.2959 0.2059 0.1577 0.2293
0.1856 0.2116 0.3044 0.4342 0.4761 0.3754 0.1751 0.1642 0.2222 0.3217 0.4522 0.4694 0.3469 0.1653 0.1703 0.2341 0.3396 0.4665 0.4604 0.3153 0.1595 0.1773 0.2469 0.3584 0.4763 0.4484 0.2785 0.1563 0.1863 0.2638 0.3835 0.4817 0.4265 0.2236 0.1564 0.2031 0.2950 0.4279 0.4764 0.3681 0.1685 0.1702 0.2385 0.3536 0.4772 0.4407 0.2436 0.1560 0.2035 0.2977 0.3758 0.2977 0.2035 0.1560 0.2436 0.4407 0.4772 0.3536 0.2385 0.1702 0.1685 0.3681 0.4764 0.4279 0.2950 0.2031 0.1564 0.2236 0.4265 0.4817 0.3835 0.2638 0.1863 0.1563 0.2785 0.4484 0.4763 0.3584 0.2469 0.1773 0.1595 0.3153 0.4604 0.4665 0.3396 0.2341 0.1703 0.1653 0.3469 0.4694 0.4522 0.3217 0.2222 0.1642 0.1751 0.3754 0.4761 0.4342 0.3044 0.2116 0.1856
0.2304 0.3142 0.4438 0.4730 0.3611 0.1694 0.1673 0.2283 0.3309 0.4602 0.4650 0.3309 0.1619 0.1738 0.2406 0.3492 0.4721 0.4548 0.2978 0.1577 0.1812 0.2540 0.3683 0.4792 0.4418 0.2618 0.1557 0.1899 0.2698 0.3912 0.4820 0.4209 0.2154 0.1569 0.2048 0.2969 0.4290 0.4764 0.3697 0.1696 0.1691 0.2359 0.3488 0.4752 0.4453 0.2563 0.1557 0.1990 0.2927 0.4308 0.4774 0.4308 0.2927 0.1990 0.1557 0.2563 0.4453 0.4752 0.3488 0.2359 0.1691 0.1696 0.3697 0.4764 0.4290 0.2969 0.2048 0.1569 0.2154 0.4209 0.4820 0.3912 0.2698 0.1899 0.1557 0.2618 0.4418 0.4792 0.3683 0.2540 0.1812 0.1577 0.2978 0.4548 0.4721 0.3492 0.2406 0.1738 0.1619 0.3309 0.4650 0.4602 0.3309 0.2283 0.1673 0.1694 0.3611 0.4730 0.4438 0.3142 0.2304
0.3209 0.4542 0.4691 0.3458 0.1650 0.1706 0.2346 0.3403 0.4670 0.4600 0.3140 0.1593 0.1776 0.2474 0.3590 0.4764 0.4485 0.2797 0.1564 0.1853 0.2612 0.3784 0.4810 0.4343 0.2443 0.1556 0.1941 0.2766 0.3999 0.4818 0.4136 0.2054 0.1577 0.2074 0.3004 0.4322 0.4757 0.3681 0.1696 0.1687 0.2345 0.3458 0.4735 0.4486 0.2666 0.1556 0.1956 0.2857 0.4210 0.4747 0.4275 0.4747 0.4210 0.2857 0.1956 0.1556 0.2666 0.4486 0.4735 0.3458 0.2345 0.1687 0.1696 0.3681 0.4757 0.4322 0.3004 0.2074 0.1577 0.2054 0.4136 0.4818 0.3999 0.2766 0.1941 0.1556 0.2443 0.4343 0.4810 0.3784 0.2612 0.1853 0.1564 0.2797 0.4485 0.4764 0.3590 0.2474 0.1776 0.1593 0.3140 0.4600 0.4670 0.3403 0.2346 0.1706 0.1650 0.3458 0.4691 0.4542 0.3209
0.4495 0.4651 0.3296 0.1617 0.1741 0.2411 0.3500 0.4725 0.4543 0.2964 0.1575 0.1815 0.2545 0.3690 0.4793 0.4415 0.2613 0.1558 0.1896 0.2688 0.3888 0.4819 0.4257 0.2269 0.1560 0.1986 0.2841 0.4094 0.4810 0.4046 0.1951 0.1589 0.2110 0.3055 0.4372 0.4745 0.3635 0.1685 0.1691 0.2345 0.3447 0.4725 0.4507 0.2738 0.1557 0.1930 0.2805 0.4130 0.4789 0.3805 0.2419 0.3805 0.4789 0.4130 0.2805 0.1930 0.1557 0.2738 0.4507 0.4725 0.3447 0.2345 0.1691 0.1685 0.3635 0.4745 0.4372 0.3055 0.2110 0.1589 0.1951 0.4046 0.4810 0.4094 0.2841 0.1986 0.1560 0.2269 0.4257 0.4819 0.3888 0.2688 0.1896 0.1558 0.2613 0.4415 0.4793 0.3690 0.2545 0.1815 0.1575 0.2964 0.4543 0.4725 0.3500 0.2411 0.1741 0.1617 0.3296 0.4651 0.4495
0.4660 0.3126 0.1592 0.1779 0.2480 0.3598 0.4766 0.4480 0.2782 0.1563 0.1856 0.2618 0.3792 0.4811 0.4337 0.2432 0.1557 0.1942 0.2766 0.3992 0.4819 0.4161 0.2109 0.1569 0.2036 0.2922 0.4195 0.4795 0.3938 0.1858 0.1607 0.2153 0.3118 0.4435 0.4725 0.3561 0.1667 0.1702 0.2359 0.3458 0.4725 0.4513 0.2777 0.1559 0.1912 0.2767 0.4071 0.4803 0.3886 0.1764 0.1488 0.1764 0.3886 0.4803 0.4071 0.2767 0.1912 0.1559 0.2777 0.4513 0.4725 0.3458 0.2359 0.1702 0.1667 0.3561 0.4725 0.4435 0.3118 0.2153 0.1607 0.1858 0.3938 0.4795 0.4195 0.2922 0.2036 0.1569 0.2109 0.4161 0.4819 0.3992 0.2766 0.1942 0.1557 0.2432 0.4337 0.4811 0.3792 0.2618 0.1856 0.1563 0.2782 0.4480 0.4766 0.3598 0.2480 0.1779 0.1592 0.3126 0.4660
0.3127 0.1576 0.1818 0.2550 0.3698 0.4795 0.4409 0.2599 0.1557 0.1900 0.2693 0.3895 0.4819 0.4250 0.2257 0.1561 0.1990 0.2846 0.4098 0.4810 0.4054 0.1971 0.1584 0.2088 0.3007 0.4298 0.4773 0.3814 0.1780 0.1631 0.2203 0.3192 0.4505 0.4698 0.3461 0.1644 0.1718 0.2385 0.3488 0.4735 0.4507 0.2777 0.1559 0.1903 0.2744 0.4030 0.4810 0.3963 0.1808 0.1616 0.1882 0.1616 0.1808 0.3963 0.4810 0.4030 0.2744 0.1903 0.1559 0.2777 0.4507 0.4735 0.3488 0.2385 0.1718 0.1644 0.3461 0.4698 0.4505 0.3192 0.2203 0.1631 0.1780 0.3814 0.4773 0.4298 0.3007 0.2088 0.1584 0.1971 0.4054 0.4810 0.4098 0.2846 0.1990 0.1561 0.2257 0.4250 0.4819 0.3895 0.2693 0.1900 0.1557 0.2599 0.4409 0.4795 0.3698 0.2550 0.1818 0.1576 0.3127
0.1845 0.1862 0.2623 0.3800 0.4812 0.4330 0.2417 0.1556 0.1945 0.2771 0.4000 0.4818 0.4154 0.2098 0.1571 0.2040 0.2929 0.4203 0.4794 0.3935 0.1860 0.1605 0.2143 0.3094 0.4397 0.4744 0.3675 0.1717 0.1659 0.2258 0.3274 0.4576 0.4663 0.3337 0.1621 0.1741 0.2423 0.3536 0.4752 0.4486 0.2738 0.1559 0.1903 0.2736 0.4009 0.4813 0.4010 0.1853 0.1629 0.2205 0.2734 0.2205 0.1629 0.1853 0.4010 0.4813 0.4009 0.2736 0.1903 0.1559 0.2738 0.4486 0.4752 0.3536 0.2423 0.1741 0.1621 0.3337 0.4663 0.4576 0.3274 0.2258 0.1659 0.1717 0.3675 0.4744 0.4397 0.3094 0.2143 0.1605 0.1860 0.3935 0.4794 0.4203 0.2929 0.2040 0.1571 0.2098 0.4154 0.4818 0.4000 0.2771 0.1945 0.1556 0.2417 0.4330 0.4812 0.3800 0.2623 0.1862 0.1845
0.2087 0.2706 0.3902 0.4820 0.4243 0.2244 0.1561 0.1993 0.2852 0.4106 0.4809 0.4046 0.1962 0.1586 0.2093 0.3014 0.4306 0.4771 0.3804 0.1776 0.1631 0.2200 0.3183 0.4490 0.4709 0.3526 0.1668 0.1691 0.2318 0.3363 0.4644 0.4619 0.3194 0.1599 0.1770 0.2471 0.3599 0.4772 0.4453 0.2666 0.1557 0.1912 0.2744 0.4009 0.4814 0.4034 0.1882 0.1615 0.2213 0.3259 0.4088 0.3259 0.2213 0.1615 0.1882 0.4034 0.4814 0.4009 0.2744 0.1912 0.1557 0.2666 0.4453 0.4772 0.3599 0.2471 0.1770 0.1599 0.3194 0.4619 0.4644 0.3363 0.2318 0.1691 0.1668 0.3526 0.4709 0.4490 0.3183 0.2200 0.1631 0.1776 0.3804 0.4771 0.4306 0.3014 0.2093 0.1586 0.1962 0.4046 0.4809 0.4106 0.2852 0.1993 0.1561 0.2244 0.4243 0.4820 0.3902 0.2706 0.2087
0.2821 0.4021 0.4817 0.4146 0.2086 0.1571 0.2044 0.2935 0.4210 0.4793 0.3926 0.1853 0.1607 0.2148 0.3101 0.4404 0.4742 0.3663 0.1712 0.1661 0.2260 0.3275 0.4574 0.4667 0.3368 0.1630 0.1726 0.2382 0.3457 0.4703 0.4568 0.3034 0.1581 0.1803 0.2528 0.3675 0.4792 0.4407 0.2563 0.1556 0.1930 0.2767 0.4030 0.4813 0.4034 0.1893 0.1610 0.2190 0.3232 0.4595 0.4758 0.4595 0.3232 0.2190 0.1610 0.1893 0.4034 0.4813 0.4030 0.2767 0.1930 0.1556 0.2563 0.4407 0.4792 0.3675 0.2528 0.1803 0.1581 0.3034 0.4568 0.4703 0.3457 0.2382 0.1726 0.1630 0.3368 0.4667 0.4574 0.3275 0.2260 0.1661 0.1712 0.3663 0.4742 0.4404 0.3101 0.2148 0.1607 0.1853 0.3926 0.4793 0.4210 0.2935 0.2044 0.1571 0.2086 0.4146 0.4817 0.4021 0.2821
0.4003 0.4816 0.4037 0.1952 0.1587 0.2097 0.3020 0.4313 0.4769 0.3794 0.1771 0.1633 0.2205 0.3191 0.4497 0.4706 0.3514 0.1664 0.1694 0.2322 0.3369 0.4647 0.4619 0.3202 0.1602 0.1762 0.2449 0.3554 0.4750 0.4508 0.2861 0.1568 0.1840 0.2592 0.3761 0.4808 0.4348 0.2436 0.1556 0.1956 0.2805 0.4071 0.4810 0.4010 0.1882 0.1610 0.2184 0.3206 0.4565 0.4616 0.3947 0.4616 0.4565 0.3206 0.2184 0.1610 0.1882 0.4010 0.4810 0.4071 0.2805 0.1956 0.1557 0.2436 0.4348 0.4808 0.3761 0.2592 0.1840 0.1568 0.2861 0.4508 0.4750 0.3555 0.2449 0.1762 0.1602 0.3202 0.4619 0.4647 0.3369 0.2323 0.1694 0.1664 0.3514 0.4706 0.4497 0.3191 0.2205 0.1633 0.1771 0.3794 0.4769 0.4313 0.3020 0.2097 0.1587 0.1952 0.4037 0.4816 0.4003
0.4810 0.3916 0.1846 0.1608 0.2152 0.3107 0.4411 0.4739 0.3653 0.1709 0.1664 0.2265 0.3282 0.4580 0.4664 0.3356 0.1628 0.1728 0.2387 0.3464 0.4706 0.4565 0.3029 0.1581 0.1800 0.2519 0.3654 0.4784 0.4441 0.2679 0.1559 0.1881 0.2661 0.3854 0.4818 0.4277 0.2295 0.1560 0.1989 0.2856 0.4130 0.4803 0.3964 0.1853 0.1615 0.2190 0.3205 0.4552 0.4650 0.3254 0.1838 0.3252 0.4651 0.4552 0.3206 0.2190 0.1615 0.1853 0.3963 0.4803 0.4130 0.2857 0.1990 0.1560 0.2294 0.4276 0.4818 0.3855 0.2662 0.1881 0.1560 0.2679 0.4441 0.4784 0.3654 0.2520 0.1801 0.1582 0.3028 0.4565 0.4707 0.3464 0.2388 0.1729 0.1628 0.3355 0.4664 0.4580 0.3283 0.2266 0.1664 0.1709 0.3653 0.4740 0.4411 0.3108 0.2153 0.1609 0.1846 0.3915 0.4810
0.3907 0.1766 0.1635 0.2209 0.3197 0.4503 0.4703 0.3503 0.1661 0.1696 0.2327 0.3376 0.4652 0.4615 0.3189 0.1600 0.1765 0.2454 0.3562 0.4753 0.4504 0.2849 0.1567 0.1841 0.2591 0.3755 0.4806 0.4366 0.2496 0.1556 0.1925 0.2737 0.3955 0.4820 0.4193 0.2152 0.1567 0.2029 0.2918 0.4202 0.4791 0.3894 0.1812 0.1625 0.2206 0.3223 0.4560 0.4655 0.3234 0.1583 0.1558 0.1583 0.3223 0.4651 0.4565 0.3232 0.2213 0.1629 0.1808 0.3886 0.4789 0.4210 0.2927 0.2035 0.1570 0.2142 0.4185 0.4818 0.3963 0.2744 0.1930 0.1558 0.2489 0.4360 0.4806 0.3761 0.2598 0.1846 0.1569 0.2840 0.4498 0.4754 0.3569 0.2461 0.1769 0.1601 0.3181 0.4610 0.4655 0.3383 0.2334 0.1700 0.1661 0.3495 0.4699 0.4508 0.3204 0.2215 0.1639 0.1765 0.3903
0.1980 0.1668 0.2269 0.3289 0.4585 0.4660 0.3344 0.1625 0.1731 0.2392 0.3472 0.4711 0.4560 0.3015 0.1580 0.1803 0.2524 0.3661 0.4786 0.4436 0.2666 0.1559 0.1884 0.2666 0.3858 0.4818 0.4282 0.2319 0.1558 0.1972 0.2816 0.4059 0.4814 0.4094 0.2016 0.1579 0.2074 0.2989 0.4284 0.4774 0.3803 0.1765 0.1641 0.2234 0.3257 0.4582 0.4646 0.3227 0.1597 0.1776 0.2091 0.1737 0.1583 0.3252 0.4616 0.4595 0.3259 0.2205 0.1616 0.1764 0.3805 0.4747 0.4308 0.2977 0.2043 0.1556 0.2032 0.4077 0.4792 0.4082 0.2796 0.1940 0.1538 0.2353 0.4259 0.4800 0.3878 0.2641 0.1852 0.1540 0.2704 0.4407 0.4776 0.3676 0.2496 0.1773 0.1565 0.3053 0.4530 0.4709 0.3478 0.2362 0.1702 0.1615 0.3375 0.4630 0.4594 0.3287 0.2237 0.1640 0.1982
0.1929 0.2338 0.3383 0.4657 0.4611 0.3176 0.1599 0.1768 0.2460 0.3569 0.4756 0.4499 0.2835 0.1566 0.1844 0.2597 0.3762 0.4807 0.4360 0.2483 0.1557 0.1929 0.2743 0.3962 0.4820 0.4190 0.2153 0.1566 0.2022 0.2898 0.4165 0.4801 0.3980 0.1897 0.1597 0.2125 0.3067 0.4372 0.4751 0.3693 0.1718 0.1662 0.2271 0.3308 0.4617 0.4628 0.3179 0.1592 0.1814 0.2510 0.2788 0.2086 0.1558 0.1838 0.3947 0.4758 0.4088 0.2734 0.1882 0.1488 0.2419 0.4275 0.4774 0.3758 0.2513 0.1769 0.1482 0.2842 0.4438 0.4735 0.3531 0.2367 0.1695 0.1515 0.3177 0.4552 0.4651 0.3330 0.2240 0.1631 0.1583 0.3475 0.4640 0.4516 0.3138 0.2123 0.1575 0.1705 0.3743 0.4708 0.4336 0.2956 0.2016 0.1529 0.1913 0.3972 0.4753 0.4132 0.2786 0.1925 0.1783
0.2498 0.3492 0.4715 0.4553 0.2997 0.1580 0.1809 0.2534 0.3673 0.4788 0.4427 0.2647 0.1560 0.1890 0.2675 0.3869 0.4818 0.4273 0.2302 0.1561 0.1979 0.2827 0.4072 0.4812 0.4083 0.2005 0.1581 0.2077 0.2986 0.4272 0.4779 0.3849 0.1803 0.1623 0.2183 0.3156 0.4463 0.4718 0.3561 0.1676 0.1690 0.2321 0.3376 0.4661 0.4598 0.3096 0.1584 0.1816 0.2570 0.3283 0.2409 0.1758 0.1582 0.3253 0.4616 0.4595 0.3259 0.2205 0.1616 0.1764 0.3805 0.4747 0.4308 0.2977 0.2043 0.1556 0.2032 0.4077 0.4792 0.4082 0.2796 0.1940 0.1538 0.2353 0.4259 0.4800 0.3878 0.2641 0.1852 0.1540 0.2704 0.4407 0.4776 0.3676 0.2496 0.1773 0.1565 0.3053 0.4530 0.4709 0.3478 0.2362 0.1702 0.1615 0.3375 0.4630 0.4594 0.3287 0.2237 0.1640 0.1982
0.3517 0.4765 0.4474 0.2839 0.1556 0.1832 0.2592 0.3785 0.4797 0.4336 0.2485 0.1545 0.1917 0.2741 0.3986 0.4804 0.4170 0.2153 0.1555 0.2010 0.2900 0.4187 0.4782 0.3969 0.1893 0.1585 0.2112 0.3068 0.4380 0.4733 0.3726 0.1731 0.1636 0.2224 0.3245 0.4552 0.4662 0.3434 0.1634 0.1704 0.2360 0.3457 0.4702 0.4543 0.3001 0.1569 0.1819 0.2593 0.3808 0.3873 0.1916 0.1591 0.3226 0.4650 0.4565 0.3232 0.2213 0.1629 0.1808 0.3886 0.4789 0.4210 0.2927 0.2035 0.1570 0.2142 0.4185 0.4818 0.3963 0.2744 0.1930 0.1558 0.2489 0.4360 0.4806 0.3761 0.2598 0.1846 0.1569 0.2840 0.4498 0.4754 0.3569 0.2461 0.1769 0.1601 0.3181 0.4610 0.4655 0.3383 0.2334 0.1700 0.1661 0.3495 0.4699 0.4508 0.3204 0.2215 0.1639 0.1765 0.3903
0.4562 0.4562 0.3207 0.1532 0.1691 0.2359 0.3518 0.4735 0.4452 0.2882 0.1498 0.1762 0.2496 0.3728 0.4775 0.4316 0.2535 0.1489 0.1842 0.2645 0.3941 0.4779 0.4153 0.2194 0.1501 0.1931 0.2805 0.4156 0.4755 0.3956 0.1900 0.1534 0.2030 0.2981 0.4367 0.4704 0.3704 0.1689 0.1590 0.2160 0.3210 0.4588 0.4602 0.3295 0.1551 0.1694 0.2386 0.3602 0.4759 0.4676 0.2597 0.3245 0.4648 0.4552 0.3206 0.2190 0.1615 0.1853 0.3963 0.4803 0.4130 0.2857 0.1990 0.1560 0.2294 0.4276 0.4818 0.3855 0.2662 0.1881 0.1560 0.2679 0.4441 0.4784 0.3654 0.2520 0.1801 0.1582 0.3028 0.4565 0.4707 0.3464 0.2388 0.1729 0.1628 0.3355 0.4664 0.4580 0.3283 0.2266 0.1664 0.1709 0.3653 0.4740 0.4411 0.3108 0.2153 0.1609 0.1846 0.3915 0.4810
0.4005 0.4790 0.4022 0.1981 0.1554 0.2050 0.2995 0.4341 0.4737 0.3795 0.1775 0.1596 0.2159 0.3175 0.4517 0.4670 0.3535 0.1656 0.1655 0.2277 0.3364 0.4656 0.4582 0.3240 0.1586 0.1721 0.2405 0.3561 0.4746 0.4471 0.2912 0.1546 0.1798 0.2553 0.3781 0.4793 0.4312 0.2483 0.1529 0.1912 0.2773 0.4104 0.4783 0.3986 0.1897 0.1575 0.2138 0.3192 0.4594 0.4581 0.3951 0.4611 0.4566 0.3206 0.2184 0.1610 0.1882 0.4010 0.4810 0.4071 0.2805 0.1956 0.1557 0.2436 0.4348 0.4808 0.3761 0.2592 0.1840 0.1568 0.2861 0.4508 0.4750 0.3555 0.2449 0.1762 0.1602 0.3202 0.4619 0.4647 0.3369 0.2323 0.1694 0.1664 0.3514 0.4706 0.4497 0.3191 0.2205 0.1633 0.1771 0.3794 0.4769 0.4313 0.3020 0.2097 0.1587 0.1952 0.4037 0.4816 0.4003
0.2827 0.4031 0.4815 0.4137 0.2078 0.1576 0.2052 0.2945 0.4221 0.4788 0.3916 0.1848 0.1611 0.2156 0.3111 0.4413 0.4736 0.3653 0.1711 0.1667 0.2269 0.3286 0.4581 0.4660 0.3356 0.1630 0.1732 0.2391 0.3467 0.4707 0.4560 0.3020 0.1583 0.1810 0.2539 0.3687 0.4794 0.4398 0.2547 0.1559 0.1938 0.2780 0.4043 0.4810 0.4022 0.1885 0.1616 0.2201 0.3246 0.4605 0.4755 0.4595 0.3231 0.2190 0.1610 0.1893 0.4034 0.4813 0.4030 0.2767 0.1930 0.1556 0.2563 0.4407 0.4792 0.3675 0.2528 0.1803 0.1581 0.3034 0.4568 0.4703 0.3457 0.2382 0.1726 0.1630 0.3368 0.4667 0.4574 0.3275 0.2260 0.1661 0.1712 0.3663 0.4742 0.4404 0.3101 0.2148 0.1607 0.1853 0.3926 0.4793 0.4210 0.2935 0.2044 0.1571 0.2086 0.4146 0.4817 0.4021 0.2821
