0.4801 0.3620 0.1901 0.1987 0.2622 0.3711 0.4799 0.4253 0.2217 0.1865 0.2334 0.3260 0.4547 0.4629 0.3020 0.1840 0.2110 0.2865 0.4065 0.4802 0.3823 0.1951 0.1945 0.2532 0.3575 0.4760 0.4385 0.2411 0.1846 0.2263 0.3140 0.4421 0.4698 0.3269 0.1855 0.2057 0.2763 0.3919 0.4815 0.4014 0.2028 0.1908 0.2448 0.3445 0.4694 0.4496 0.2646 0.1837 0.2200 0.2999 0.3725 0.2999 0.2200 0.1837 0.2646 0.4496 0.4694 0.3445 0.2448 0.1908 0.2028 0.4014 0.4815 0.3919 0.2763 0.2057 0.1855 0.3269 0.4698 0.4421 0.3140 0.2263 0.1846 0.2411 0.4385 0.4760 0.3575 0.2532 0.1945 0.1951 0.3823 0.4802 0.4065 0.2865 0.2110 0.1840 0.3020 0.4629 0.4547 0.3260 0.2334 0.1865 0.2217 0.4253 0.4799 0.3711 0.2622 0.1987 0.1901 0.3620 0.4801
0.3620 0.1641 0.1751 0.2489 0.3707 0.4822 0.4248 0.2096 0.1588 0.2152 0.3199 0.4593 0.4619 0.3015 0.1568 0.1890 0.2756 0.4089 0.4806 0.3832 0.1725 0.1689 0.2378 0.3551 0.4791 0.4377 0.2343 0.1567 0.2070 0.3065 0.4465 0.4690 0.3273 0.1590 0.1826 0.2640 0.3930 0.4826 0.4021 0.1834 0.1641 0.2283 0.3406 0.4734 0.4486 0.2612 0.1558 0.1994 0.2942 0.4336 0.4783 0.4336 0.2942 0.1994 0.1558 0.2612 0.4486 0.4734 0.3406 0.2283 0.1641 0.1834 0.4021 0.4826 0.3930 0.2640 0.1826 0.1590 0.3273 0.4690 0.4465 0.3065 0.2070 0.1567 0.2343 0.4377 0.4791 0.3551 0.2378 0.1689 0.1725 0.3832 0.4806 0.4089 0.2756 0.1890 0.1568 0.3015 0.4619 0.4593 0.3199 0.2152 0.1588 0.2096 0.4248 0.4822 0.3707 0.2489 0.1751 0.1641 0.3620
0.1901 0.1751 0.2457 0.3631 0.4799 0.4326 0.2243 0.1571 0.2094 0.3102 0.4496 0.4663 0.3189 0.1580 0.1844 0.2671 0.3969 0.4812 0.3961 0.1792 0.1654 0.2309 0.3443 0.4743 0.4451 0.2522 0.1558 0.2014 0.2970 0.4354 0.4724 0.3436 0.1613 0.1784 0.2560 0.3813 0.4819 0.4132 0.1936 0.1612 0.2217 0.3301 0.4664 0.4548 0.2796 0.1557 0.1942 0.2846 0.4208 0.4744 0.4266 0.4744 0.4208 0.2846 0.1942 0.1557 0.2796 0.4548 0.4664 0.3301 0.2217 0.1612 0.1936 0.4132 0.4819 0.3813 0.2560 0.1784 0.1613 0.3436 0.4724 0.4354 0.2970 0.2014 0.1558 0.2522 0.4451 0.4743 0.3443 0.2309 0.1654 0.1792 0.3961 0.4812 0.3969 0.2671 0.1844 0.1580 0.3189 0.4663 0.4496 0.3102 0.2094 0.1571 0.2243 0.4326 0.4799 0.3631 0.2457 0.1751 0.1901
0.1987 0.2489 0.3631 0.4793 0.4371 0.2366 0.1563 0.2048 0.3021 0.4408 0.4705 0.3354 0.1600 0.1803 0.2596 0.3865 0.4820 0.4078 0.1882 0.1625 0.2248 0.3349 0.4695 0.4517 0.2705 0.1556 0.1966 0.2887 0.4254 0.4757 0.3590 0.1645 0.1746 0.2489 0.3712 0.4814 0.4230 0.2066 0.1590 0.2159 0.3210 0.4596 0.4604 0.2978 0.1564 0.1896 0.2766 0.4098 0.4791 0.3812 0.2420 0.3812 0.4791 0.4098 0.2766 0.1896 0.1564 0.2978 0.4604 0.4596 0.3210 0.2159 0.1590 0.2066 0.4230 0.4814 0.3712 0.2489 0.1746 0.1645 0.3590 0.4757 0.4254 0.2887 0.1966 0.1556 0.2705 0.4517 0.4695 0.3349 0.2248 0.1625 0.1882 0.4078 0.4820 0.3865 0.2596 0.1803 0.1600 0.3354 0.4705 0.4408 0.3021 0.2048 0.1563 0.2366 0.4371 0.4793 0.3631 0.2489 0.1987
0.2622 0.3707 0.4799 0.4371 0.2416 0.1560 0.2014 0.2954 0.4323 0.4738 0.3504 0.1627 0.1766 0.2525 0.3762 0.4818 0.4183 0.1998 0.1600 0.2188 0.3256 0.4632 0.4577 0.2887 0.1560 0.1919 0.2805 0.4150 0.4784 0.3735 0.1687 0.1711 0.2421 0.3611 0.4798 0.4319 0.2221 0.1573 0.2104 0.3120 0.4515 0.4654 0.3153 0.1577 0.1853 0.2688 0.3992 0.4810 0.3929 0.1779 0.1484 0.1779 0.3929 0.4810 0.3992 0.2688 0.1853 0.1577 0.3153 0.4654 0.4515 0.3120 0.2104 0.1573 0.2221 0.4319 0.4798 0.3611 0.2421 0.1711 0.1687 0.3735 0.4784 0.4150 0.2805 0.1919 0.1560 0.2887 0.4577 0.4632 0.3256 0.2188 0.1600 0.1998 0.4183 0.4818 0.3762 0.2525 0.1766 0.1627 0.3504 0.4738 0.4323 0.2954 0.2014 0.1560 0.2416 0.4371 0.4799 0.3707 0.2622
0.3711 0.4822 0.4326 0.2366 0.1560 0.2002 0.2915 0.4260 0.4762 0.3629 0.1659 0.1732 0.2458 0.3663 0.4808 0.4276 0.2142 0.1581 0.2132 0.3165 0.4557 0.4630 0.3066 0.1569 0.1874 0.2726 0.4045 0.4803 0.3871 0.1742 0.1677 0.2355 0.3513 0.4771 0.4399 0.2393 0.1562 0.2051 0.3032 0.4424 0.4698 0.3322 0.1595 0.1812 0.2612 0.3888 0.4819 0.4054 0.1857 0.1604 0.1866 0.1604 0.1857 0.4054 0.4819 0.3888 0.2612 0.1812 0.1595 0.3322 0.4698 0.4424 0.3032 0.2051 0.1562 0.2393 0.4399 0.4771 0.3513 0.2355 0.1677 0.1742 0.3871 0.4803 0.4045 0.2726 0.1874 0.1569 0.3066 0.4630 0.4557 0.3165 0.2132 0.1581 0.2142 0.4276 0.4808 0.3663 0.2458 0.1732 0.1659 0.3629 0.4762 0.4260 0.2915 0.2002 0.1560 0.2366 0.4326 0.4822 0.3711
0.4799 0.4248 0.2243 0.1563 0.2014 0.2915 0.4236 0.4774 0.3714 0.1690 0.1704 0.2400 0.3573 0.4788 0.4357 0.2303 0.1567 0.2077 0.3076 0.4471 0.4676 0.3238 0.1585 0.1832 0.2649 0.3940 0.4815 0.3996 0.1815 0.1646 0.2291 0.3416 0.4731 0.4470 0.2574 0.1557 0.2000 0.2946 0.4327 0.4735 0.3482 0.1621 0.1773 0.2540 0.3784 0.4819 0.4161 0.1970 0.1608 0.2168 0.2690 0.2168 0.1608 0.1970 0.4161 0.4819 0.3784 0.2540 0.1773 0.1621 0.3482 0.4735 0.4327 0.2946 0.2000 0.1557 0.2574 0.4470 0.4731 0.3416 0.2291 0.1646 0.1815 0.3996 0.4815 0.3940 0.2649 0.1832 0.1585 0.3238 0.4676 0.4471 0.3076 0.2077 0.1567 0.2303 0.4357 0.4788 0.3573 0.2400 0.1704 0.1690 0.3714 0.4774 0.4236 0.2915 0.2014 0.1563 0.2243 0.4248 0.4799
0.4253 0.2096 0.1571 0.2048 0.2954 0.4260 0.4774 0.3745 0.1711 0.1686 0.2356 0.3497 0.4762 0.4426 0.2467 0.1559 0.2027 0.2990 0.4377 0.4717 0.3402 0.1607 0.1792 0.2575 0.3835 0.4820 0.4109 0.1912 0.1617 0.2230 0.3322 0.4678 0.4535 0.2757 0.1557 0.1952 0.2863 0.4225 0.4766 0.3633 0.1656 0.1736 0.2469 0.3683 0.4810 0.4257 0.2109 0.1585 0.2149 0.3177 0.4004 0.3177 0.2149 0.1585 0.2109 0.4257 0.4810 0.3683 0.2469 0.1736 0.1656 0.3633 0.4766 0.4225 0.2863 0.1952 0.1557 0.2757 0.4535 0.4678 0.3322 0.2230 0.1617 0.1912 0.4109 0.4820 0.3835 0.2575 0.1792 0.1607 0.3402 0.4717 0.4377 0.2990 0.2027 0.1559 0.2467 0.4426 0.4762 0.3497 0.2356 0.1686 0.1711 0.3745 0.4774 0.4260 0.2954 0.2048 0.1571 0.2096 0.4253
0.2217 0.1588 0.2094 0.3021 0.4323 0.4762 0.3714 0.1711 0.1679 0.2331 0.3445 0.4734 0.4478 0.2617 0.1556 0.1981 0.2909 0.4279 0.4750 0.3557 0.1637 0.1754 0.2504 0.3733 0.4816 0.4211 0.2037 0.1594 0.2172 0.3229 0.4612 0.4593 0.2939 0.1562 0.1906 0.2782 0.4120 0.4790 0.3775 0.1701 0.1701 0.2401 0.3583 0.4792 0.4343 0.2269 0.1569 0.2089 0.3101 0.4504 0.4769 0.4504 0.3101 0.2089 0.1569 0.2269 0.4343 0.4792 0.3583 0.2401 0.1701 0.1701 0.3775 0.4790 0.4120 0.2782 0.1906 0.1562 0.2939 0.4593 0.4612 0.3229 0.2172 0.1594 0.2037 0.4211 0.4816 0.3733 0.2504 0.1754 0.1637 0.3557 0.4750 0.4279 0.2909 0.1981 0.1556 0.2617 0.4478 0.4734 0.3445 0.2331 0.1679 0.1711 0.3714 0.4762 0.4323 0.3021 0.2094 0.1588 0.2217
0.1865 0.2152 0.3102 0.4408 0.4738 0.3629 0.1690 0.1686 0.2331 0.3427 0.4717 0.4512 0.2734 0.1557 0.1943 0.2839 0.4186 0.4777 0.3699 0.1676 0.1718 0.2435 0.3632 0.4802 0.4301 0.2187 0.1576 0.2116 0.3139 0.4533 0.4644 0.3116 0.1573 0.1862 0.2704 0.4015 0.4807 0.3908 0.1761 0.1668 0.2336 0.3485 0.4761 0.4420 0.2444 0.1560 0.2036 0.3007 0.4403 0.4680 0.4092 0.4680 0.4403 0.3007 0.2036 0.1560 0.2444 0.4420 0.4761 0.3485 0.2336 0.1668 0.1761 0.3908 0.4807 0.4015 0.2704 0.1862 0.1573 0.3116 0.4644 0.4533 0.3139 0.2116 0.1576 0.2187 0.4301 0.4802 0.3632 0.2435 0.1718 0.1676 0.3699 0.4777 0.4186 0.2839 0.1943 0.1557 0.2734 0.4512 0.4717 0.3427 0.2331 0.1686 0.1690 0.3629 0.4738 0.4408 0.3102 0.2152 0.1865
0.2334 0.3199 0.4496 0.4705 0.3504 0.1659 0.1704 0.2356 0.3445 0.4717 0.4524 0.2798 0.1559 0.1915 0.2782 0.4103 0.4796 0.3823 0.1724 0.1686 0.2370 0.3534 0.4778 0.4383 0.2356 0.1564 0.2062 0.3050 0.4444 0.4689 0.3286 0.1590 0.1820 0.2628 0.3909 0.4818 0.4030 0.1841 0.1637 0.2273 0.3389 0.4718 0.4490 0.2627 0.1556 0.1986 0.2922 0.4298 0.4741 0.3549 0.2085 0.3549 0.4741 0.4298 0.2922 0.1986 0.1556 0.2627 0.4490 0.4718 0.3389 0.2273 0.1637 0.1841 0.4030 0.4818 0.3909 0.2628 0.1820 0.1590 0.3286 0.4689 0.4444 0.3050 0.2062 0.1564 0.2356 0.4383 0.4778 0.3534 0.2370 0.1686 0.1724 0.3823 0.4796 0.4103 0.2782 0.1915 0.1559 0.2798 0.4524 0.4717 0.3445 0.2356 0.1704 0.1659 0.3504 0.4705 0.4496 0.3199 0.2334
0.3260 0.4593 0.4663 0.3354 0.1627 0.1732 0.2400 0.3497 0.4734 0.4512 0.2798 0.1560 0.1900 0.2744 0.4039 0.4807 0.3925 0.1778 0.1658 0.2311 0.3442 0.4742 0.4455 0.2534 0.1558 0.2011 0.2964 0.4348 0.4727 0.3448 0.1615 0.1781 0.2555 0.3806 0.4820 0.4140 0.1945 0.1610 0.2213 0.3295 0.4661 0.4552 0.2810 0.1558 0.1938 0.2839 0.4195 0.4774 0.3668 0.1661 0.1508 0.1661 0.3668 0.4774 0.4195 0.2839 0.1938 0.1558 0.2810 0.4552 0.4661 0.3295 0.2213 0.1610 0.1945 0.4140 0.4820 0.3806 0.2555 0.1781 0.1615 0.3448 0.4727 0.4348 0.2964 0.2011 0.1558 0.2534 0.4455 0.4742 0.3442 0.2311 0.1658 0.1778 0.3925 0.4807 0.4039 0.2744 0.1900 0.1560 0.2798 0.4512 0.4734 0.3497 0.2400 0.1732 0.1627 0.3354 0.4663 0.4593 0.3260
0.4547 0.4619 0.3189 0.1600 0.1766 0.2458 0.3573 0.4762 0.4478 0.2734 0.1559 0.1900 0.2730 0.4005 0.4813 0.3997 0.1834 0.1635 0.2261 0.3359 0.4698 0.4517 0.2710 0.1556 0.1963 0.2881 0.4247 0.4760 0.3601 0.1647 0.1743 0.2484 0.3704 0.4813 0.4238 0.2078 0.1588 0.2155 0.3203 0.4590 0.4608 0.2990 0.1565 0.1893 0.2759 0.4090 0.4796 0.3814 0.1716 0.1663 0.1957 0.1663 0.1716 0.3814 0.4796 0.4090 0.2759 0.1893 0.1565 0.2990 0.4608 0.4590 0.3203 0.2155 0.1588 0.2078 0.4238 0.4813 0.3704 0.2484 0.1743 0.1647 0.3601 0.4760 0.4247 0.2881 0.1963 0.1556 0.2710 0.4517 0.4698 0.3359 0.2261 0.1635 0.1834 0.3997 0.4813 0.4005 0.2730 0.1900 0.1559 0.2734 0.4478 0.4762 0.3573 0.2458 0.1766 0.1600 0.3189 0.4619 0.4547
0.4629 0.3015 0.1580 0.1803 0.2525 0.3663 0.4788 0.4426 0.2617 0.1557 0.1915 0.2744 0.4005 0.4815 0.4034 0.1877 0.1619 0.2220 0.3289 0.4648 0.4569 0.2875 0.1560 0.1918 0.2801 0.4144 0.4785 0.3745 0.1690 0.1708 0.2415 0.3604 0.4796 0.4325 0.2234 0.1572 0.2100 0.3113 0.4509 0.4657 0.3166 0.1577 0.1850 0.2682 0.3984 0.4811 0.3945 0.1782 0.1663 0.2286 0.2853 0.2286 0.1663 0.1782 0.3945 0.4811 0.3984 0.2682 0.1850 0.1577 0.3166 0.4657 0.4509 0.3113 0.2100 0.1572 0.2234 0.4325 0.4796 0.3604 0.2415 0.1708 0.1690 0.3745 0.4785 0.4144 0.2801 0.1918 0.1560 0.2875 0.4569 0.4648 0.3289 0.2220 0.1619 0.1877 0.4034 0.4815 0.4005 0.2744 0.1915 0.1557 0.2617 0.4426 0.4788 0.3663 0.2525 0.1803 0.1580 0.3015 0.4629
0.3020 0.1568 0.1844 0.2596 0.3762 0.4808 0.4357 0.2467 0.1556 0.1943 0.2782 0.4039 0.4813 0.4034 0.1893 0.1611 0.2195 0.3238 0.4602 0.4610 0.3019 0.1568 0.1878 0.2728 0.4043 0.4804 0.3878 0.1746 0.1675 0.2350 0.3505 0.4768 0.4404 0.2407 0.1562 0.2047 0.3025 0.4417 0.4700 0.3333 0.1597 0.1809 0.2607 0.3879 0.4819 0.4063 0.1868 0.1629 0.2262 0.3363 0.4216 0.3363 0.2262 0.1629 0.1868 0.4063 0.4819 0.3879 0.2607 0.1809 0.1597 0.3333 0.4700 0.4417 0.3025 0.2047 0.1562 0.2407 0.4404 0.4768 0.3505 0.2350 0.1675 0.1746 0.3878 0.4804 0.4043 0.2728 0.1878 0.1568 0.3019 0.4610 0.4602 0.3238 0.2195 0.1611 0.1893 0.4034 0.4813 0.4039 0.2782 0.1943 0.1556 0.2467 0.4357 0.4808 0.3762 0.2596 0.1844 0.1568 0.3020
0.1840 0.1890 0.2671 0.3865 0.4818 0.4276 0.2303 0.1559 0.1981 0.2839 0.4103 0.4807 0.3997 0.1877 0.1611 0.2186 0.3211 0.4568 0.4637 0.3132 0.1577 0.1845 0.2664 0.3950 0.4815 0.3997 0.1818 0.1644 0.2287 0.3409 0.4728 0.4476 0.2588 0.1557 0.1997 0.2940 0.4319 0.4737 0.3493 0.1623 0.1770 0.2534 0.3776 0.4819 0.4169 0.1981 0.1603 0.2197 0.3275 0.4646 0.4738 0.4646 0.3275 0.2197 0.1603 0.1981 0.4169 0.4819 0.3776 0.2534 0.1770 0.1623 0.3493 0.4737 0.4319 0.2940 0.1997 0.1557 0.2588 0.4476 0.4728 0.3409 0.2287 0.1644 0.1818 0.3997 0.4815 0.3950 0.2664 0.1845 0.1577 0.3132 0.4637 0.4568 0.3211 0.2186 0.1611 0.1877 0.3997 0.4807 0.4103 0.2839 0.1981 0.1559 0.2303 0.4276 0.4818 0.3865 0.2671 0.1890 0.1840
0.2110 0.2756 0.3969 0.4820 0.4183 0.2142 0.1567 0.2027 0.2909 0.4186 0.4796 0.3925 0.1834 0.1619 0.2195 0.3211 0.4556 0.4651 0.3204 0.1587 0.1819 0.2610 0.3868 0.4820 0.4097 0.1906 0.1618 0.2228 0.3316 0.4674 0.4540 0.2772 0.1557 0.1948 0.2857 0.4217 0.4768 0.3644 0.1659 0.1733 0.2464 0.3675 0.4809 0.4264 0.2121 0.1583 0.2139 0.3177 0.4573 0.4593 0.3885 0.4593 0.4573 0.3177 0.2139 0.1583 0.2121 0.4264 0.4809 0.3675 0.2464 0.1733 0.1659 0.3644 0.4768 0.4217 0.2857 0.1948 0.1557 0.2772 0.4540 0.4674 0.3316 0.2228 0.1618 0.1906 0.4097 0.4820 0.3868 0.2610 0.1819 0.1587 0.3204 0.4651 0.4556 0.3211 0.2195 0.1619 0.1834 0.3925 0.4796 0.4186 0.2909 0.2027 0.1567 0.2142 0.4183 0.4820 0.3969 0.2756 0.2110
0.2865 0.4089 0.4812 0.4078 0.1998 0.1581 0.2077 0.2990 0.4279 0.4777 0.3823 0.1778 0.1635 0.2220 0.3238 0.4568 0.4651 0.3229 0.1593 0.1802 0.2572 0.3803 0.4819 0.4177 0.2005 0.1597 0.2176 0.3230 0.4610 0.4596 0.2951 0.1563 0.1903 0.2776 0.4112 0.4791 0.3785 0.1705 0.1698 0.2396 0.3575 0.4790 0.4349 0.2283 0.1569 0.2085 0.3088 0.4483 0.4666 0.3250 0.1817 0.3250 0.4666 0.4483 0.3088 0.2085 0.1569 0.2283 0.4349 0.4790 0.3575 0.2396 0.1698 0.1705 0.3785 0.4791 0.4112 0.2776 0.1903 0.1563 0.2951 0.4596 0.4610 0.3230 0.2176 0.1597 0.2005 0.4177 0.4819 0.3803 0.2572 0.1802 0.1593 0.3229 0.4651 0.4568 0.3238 0.2220 0.1635 0.1778 0.3823 0.4777 0.4279 0.2990 0.2077 0.1581 0.1998 0.4078 0.4812 0.4089 0.2865
0.4065 0.4806 0.3961 0.1882 0.1600 0.2132 0.3076 0.4377 0.4750 0.3699 0.1724 0.1658 0.2261 0.3289 0.4602 0.4637 0.3204 0.1593 0.1797 0.2552 0.3762 0.4816 0.4236 0.2103 0.1582 0.2130 0.3153 0.4540 0.4643 0.3118 0.1574 0.1860 0.2699 0.4007 0.4808 0.3917 0.1766 0.1666 0.2331 0.3477 0.4758 0.4426 0.2459 0.1560 0.2032 0.3001 0.4390 0.4712 0.3373 0.1591 0.1545 0.1591 0.3373 0.4712 0.4390 0.3001 0.2032 0.1560 0.2459 0.4426 0.4758 0.3477 0.2331 0.1666 0.1766 0.3917 0.4808 0.4007 0.2699 0.1860 0.1574 0.3118 0.4643 0.4540 0.3153 0.2130 0.1582 0.2103 0.4236 0.4816 0.3762 0.2552 0.1797 0.1593 0.3204 0.4637 0.4602 0.3289 0.2261 0.1658 0.1724 0.3699 0.4750 0.4377 0.3076 0.2132 0.1600 0.1882 0.3961 0.4806 0.4065
0.4802 0.3832 0.1792 0.1625 0.2188 0.3165 0.4471 0.4717 0.3557 0.1676 0.1686 0.2311 0.3359 0.4648 0.4610 0.3132 0.1587 0.1802 0.2552 0.3748 0.4813 0.4272 0.2182 0.1573 0.2092 0.3086 0.4469 0.4681 0.3270 0.1590 0.1820 0.2626 0.3904 0.4818 0.4038 0.1847 0.1635 0.2269 0.3382 0.4714 0.4495 0.2641 0.1556 0.1983 0.2916 0.4290 0.4747 0.3537 0.1633 0.1729 0.2058 0.1729 0.1633 0.3537 0.4747 0.4290 0.2916 0.1983 0.1556 0.2641 0.4495 0.4714 0.3382 0.2269 0.1635 0.1847 0.4038 0.4818 0.3904 0.2626 0.1820 0.1590 0.3270 0.4681 0.4469 0.3086 0.2092 0.1573 0.2182 0.4272 0.4813 0.3748 0.2552 0.1802 0.1587 0.3132 0.4610 0.4648 0.3359 0.2311 0.1686 0.1676 0.3557 0.4717 0.4471 0.3165 0.2188 0.1625 0.1792 0.3832 0.4802
0.3823 0.1725 0.1654 0.2248 0.3256 0.4557 0.4676 0.3402 0.1637 0.1718 0.2370 0.3442 0.4698 0.4569 0.3019 0.1577 0.1819 0.2572 0.3762 0.4813 0.4283 0.2225 0.1568 0.2066 0.3034 0.4406 0.4712 0.3401 0.1610 0.1785 0.2559 0.3807 0.4820 0.4145 0.1953 0.1608 0.2209 0.3288 0.4656 0.4557 0.2824 0.1558 0.1935 0.2834 0.4187 0.4775 0.3685 0.1671 0.1727 0.2415 0.3028 0.2415 0.1727 0.1671 0.3685 0.4775 0.4187 0.2834 0.1935 0.1558 0.2824 0.4557 0.4656 0.3288 0.2209 0.1608 0.1953 0.4145 0.4820 0.3807 0.2559 0.1785 0.1610 0.3401 0.4712 0.4406 0.3034 0.2066 0.1568 0.2225 0.4283 0.4813 0.3762 0.2572 0.1819 0.1577 0.3019 0.4569 0.4698 0.3442 0.2370 0.1718 0.1637 0.3402 0.4676 0.4557 0.3256 0.2248 0.1654 0.1725 0.3823
0.1951 0.1689 0.2309 0.3349 0.4632 0.4630 0.3238 0.1607 0.1754 0.2435 0.3534 0.4742 0.4517 0.2875 0.1568 0.1845 0.2610 0.3803 0.4816 0.4272 0.2225 0.1567 0.2052 0.3000 0.4357 0.4733 0.3506 0.1632 0.1755 0.2499 0.3716 0.4814 0.4236 0.2081 0.1587 0.2151 0.3196 0.4584 0.4612 0.3004 0.1566 0.1890 0.2754 0.4082 0.4797 0.3824 0.1721 0.1689 0.2384 0.3557 0.4413 0.3557 0.2384 0.1689 0.1721 0.3824 0.4797 0.4082 0.2754 0.1890 0.1566 0.3004 0.4612 0.4584 0.3196 0.2151 0.1587 0.2081 0.4236 0.4814 0.3716 0.2499 0.1755 0.1632 0.3506 0.4733 0.4357 0.3000 0.2052 0.1567 0.2225 0.4272 0.4816 0.3803 0.2610 0.1845 0.1568 0.2875 0.4517 0.4742 0.3534 0.2435 0.1754 0.1607 0.3238 0.4630 0.4632 0.3349 0.2309 0.1689 0.1951
0.1945 0.2378 0.3443 0.4695 0.4577 0.3066 0.1585 0.1792 0.2504 0.3632 0.4778 0.4455 0.2710 0.1560 0.1878 0.2664 0.3868 0.4819 0.4236 0.2182 0.1568 0.2052 0.2989 0.4332 0.4746 0.3580 0.1652 0.1731 0.2448 0.3637 0.4801 0.4314 0.2223 0.1572 0.2099 0.3108 0.4503 0.4661 0.3179 0.1579 0.1847 0.2676 0.3977 0.4812 0.3953 0.1787 0.1656 0.2314 0.3457 0.4742 0.4683 0.4742 0.3457 0.2314 0.1656 0.1787 0.3953 0.4812 0.3977 0.2676 0.1847 0.1579 0.3179 0.4661 0.4503 0.3108 0.2099 0.1572 0.2223 0.4314 0.4801 0.3637 0.2448 0.1731 0.1652 0.3580 0.4746 0.4332 0.2989 0.2052 0.1568 0.2182 0.4236 0.4819 0.3868 0.2664 0.1878 0.1560 0.2710 0.4455 0.4778 0.3632 0.2504 0.1792 0.1585 0.3066 0.4577 0.4695 0.3443 0.2378 0.1945
0.2532 0.3551 0.4743 0.4517 0.2887 0.1569 0.1832 0.2575 0.3733 0.4802 0.4383 0.2534 0.1556 0.1918 0.2728 0.3950 0.4820 0.4177 0.2103 0.1573 0.2066 0.3000 0.4332 0.4750 0.3618 0.1667 0.1715 0.2410 0.3572 0.4784 0.4378 0.2364 0.1563 0.2052 0.3028 0.4415 0.4702 0.3344 0.1599 0.1806 0.2601 0.3872 0.4819 0.4071 0.1875 0.1627 0.2251 0.3355 0.4701 0.4483 0.3639 0.4483 0.4701 0.3355 0.2251 0.1627 0.1875 0.4071 0.4819 0.3872 0.2601 0.1806 0.1599 0.3344 0.4702 0.4415 0.3028 0.2052 0.1563 0.2364 0.4378 0.4784 0.3572 0.2410 0.1715 0.1667 0.3618 0.4750 0.4332 0.3000 0.2066 0.1573 0.2103 0.4177 0.4820 0.3950 0.2728 0.1918 0.1556 0.2534 0.4383 0.4802 0.3733 0.2575 0.1832 0.1569 0.2887 0.4517 0.4743 0.3551 0.2532
0.3575 0.4791 0.4451 0.2705 0.1560 0.1874 0.2649 0.3835 0.4816 0.4301 0.2356 0.1558 0.1963 0.2801 0.4043 0.4815 0.4097 0.2005 0.1582 0.2092 0.3034 0.4357 0.4746 0.3618 0.1673 0.1706 0.2385 0.3526 0.4766 0.4426 0.2492 0.1558 0.2010 0.2954 0.4328 0.4736 0.3495 0.1625 0.1768 0.2529 0.3769 0.4818 0.4176 0.1990 0.1601 0.2192 0.3261 0.4637 0.4568 0.2914 0.1647 0.2914 0.4568 0.4637 0.3261 0.2192 0.1601 0.1990 0.4176 0.4818 0.3769 0.2529 0.1768 0.1625 0.3495 0.4736 0.4328 0.2954 0.2010 0.1558 0.2492 0.4426 0.4766 0.3526 0.2385 0.1706 0.1673 0.3618 0.4746 0.4357 0.3034 0.2092 0.1582 0.2005 0.4097 0.4815 0.4043 0.2801 0.1963 0.1558 0.2356 0.4301 0.4816 0.3835 0.2649 0.1874 0.1560 0.2705 0.4451 0.4791 0.3575
0.4760 0.4377 0.2522 0.1556 0.1919 0.2726 0.3940 0.4820 0.4211 0.2187 0.1564 0.2011 0.2881 0.4144 0.4804 0.3997 0.1906 0.1597 0.2130 0.3086 0.4406 0.4733 0.3580 0.1667 0.1706 0.2377 0.3502 0.4753 0.4459 0.2593 0.1556 0.1975 0.2890 0.4246 0.4763 0.3629 0.1657 0.1734 0.2462 0.3669 0.4808 0.4270 0.2132 0.1582 0.2135 0.3170 0.4562 0.4627 0.3047 0.1552 0.1596 0.1552 0.3047 0.4627 0.4562 0.3170 0.2135 0.1582 0.2132 0.4270 0.4808 0.3669 0.2462 0.1734 0.1657 0.3629 0.4763 0.4246 0.2890 0.1975 0.1556 0.2593 0.4459 0.4753 0.3502 0.2377 0.1706 0.1667 0.3580 0.4733 0.4406 0.3086 0.2130 0.1597 0.1906 0.3997 0.4804 0.4144 0.2881 0.2011 0.1564 0.2187 0.4211 0.4820 0.3940 0.2726 0.1919 0.1556 0.2522 0.4377 0.4760
0.4385 0.2343 0.1558 0.1966 0.2805 0.4045 0.4815 0.4109 0.2037 0.1576 0.2062 0.2964 0.4247 0.4785 0.3878 0.1818 0.1618 0.2176 0.3153 0.4469 0.4712 0.3506 0.1652 0.1715 0.2385 0.3502 0.4748 0.4475 0.2657 0.1556 0.1949 0.2838 0.4172 0.4782 0.3745 0.1695 0.1703 0.2401 0.3576 0.4789 0.4353 0.2294 0.1568 0.2080 0.3081 0.4476 0.4674 0.3227 0.1585 0.1804 0.2169 0.1804 0.1585 0.3227 0.4674 0.4476 0.3081 0.2080 0.1568 0.2294 0.4353 0.4789 0.3576 0.2401 0.1703 0.1695 0.3745 0.4782 0.4172 0.2838 0.1949 0.1556 0.2657 0.4475 0.4748 0.3502 0.2385 0.1715 0.1652 0.3506 0.4712 0.4469 0.3153 0.2176 0.1618 0.1818 0.3878 0.4785 0.4247 0.2964 0.2062 0.1576 0.2037 0.4109 0.4815 0.4045 0.2805 0.1966 0.1558 0.2343 0.4385
0.2411 0.1567 0.2014 0.2887 0.4150 0.4803 0.3996 0.1912 0.1594 0.2116 0.3050 0.4348 0.4760 0.3745 0.1746 0.1644 0.2228 0.3230 0.4540 0.4681 0.3401 0.1632 0.1731 0.2410 0.3526 0.4753 0.4475 0.2680 0.1557 0.1933 0.2801 0.4114 0.4796 0.3840 0.1737 0.1676 0.2345 0.3491 0.4761 0.4425 0.2463 0.1559 0.2029 0.2994 0.4382 0.4715 0.3393 0.1606 0.1799 0.2553 0.3214 0.2553 0.1799 0.1606 0.3393 0.4715 0.4382 0.2994 0.2029 0.1559 0.2463 0.4425 0.4761 0.3491 0.2345 0.1676 0.1737 0.3840 0.4796 0.4114 0.2801 0.1933 0.1557 0.2680 0.4475 0.4753 0.3526 0.2410 0.1731 0.1632 0.3401 0.4681 0.4540 0.3230 0.2228 0.1644 0.1746 0.3745 0.4760 0.4348 0.3050 0.2116 0.1594 0.1912 0.3996 0.4803 0.4150 0.2887 0.2014 0.1567 0.2411
0.1846 0.2070 0.2970 0.4254 0.4784 0.3871 0.1815 0.1617 0.2172 0.3139 0.4444 0.4727 0.3601 0.1690 0.1675 0.2287 0.3316 0.4610 0.4643 0.3270 0.1610 0.1755 0.2448 0.3572 0.4766 0.4459 0.2657 0.1557 0.1927 0.2783 0.4078 0.4804 0.3910 0.1779 0.1654 0.2297 0.3413 0.4725 0.4485 0.2628 0.1556 0.1981 0.2912 0.4284 0.4749 0.3549 0.1635 0.1757 0.2515 0.3756 0.4576 0.3756 0.2515 0.1757 0.1635 0.3549 0.4749 0.4284 0.2912 0.1981 0.1556 0.2628 0.4485 0.4725 0.3413 0.2297 0.1654 0.1779 0.3910 0.4804 0.4078 0.2783 0.1927 0.1557 0.2657 0.4459 0.4766 0.3572 0.2448 0.1755 0.1610 0.3270 0.4643 0.4610 0.3316 0.2287 0.1675 0.1690 0.3601 0.4727 0.4444 0.3139 0.2172 0.1617 0.1815 0.3871 0.4784 0.4254 0.2970 0.2070 0.1846
0.2263 0.3065 0.4354 0.4757 0.3735 0.1742 0.1646 0.2230 0.3229 0.4533 0.4689 0.3448 0.1647 0.1708 0.2350 0.3409 0.4674 0.4596 0.3118 0.1590 0.1785 0.2499 0.3637 0.4784 0.4426 0.2593 0.1556 0.1933 0.2783 0.4067 0.4807 0.3953 0.1814 0.1638 0.2259 0.3347 0.4685 0.4536 0.2781 0.1557 0.1939 0.2835 0.4185 0.4776 0.3694 0.1674 0.1720 0.2440 0.3645 0.4790 0.4608 0.4790 0.3645 0.2440 0.1720 0.1674 0.3694 0.4776 0.4185 0.2835 0.1939 0.1557 0.2781 0.4536 0.4685 0.3347 0.2259 0.1638 0.1814 0.3953 0.4807 0.4067 0.2783 0.1933 0.1556 0.2593 0.4426 0.4784 0.3637 0.2499 0.1785 0.1590 0.3118 0.4596 0.4674 0.3409 0.2350 0.1708 0.1647 0.3448 0.4689 0.4533 0.3229 0.2230 0.1646 0.1742 0.3735 0.4757 0.4354 0.3065 0.2263
0.3140 0.4465 0.4724 0.3590 0.1687 0.1677 0.2291 0.3322 0.4612 0.4644 0.3286 0.1615 0.1743 0.2415 0.3505 0.4728 0.4540 0.2951 0.1574 0.1820 0.2559 0.3716 0.4801 0.4378 0.2492 0.1556 0.1949 0.2801 0.4078 0.4807 0.3968 0.1833 0.1628 0.2233 0.3298 0.4647 0.4576 0.2915 0.1562 0.1901 0.2766 0.4091 0.4796 0.3826 0.1723 0.1687 0.2373 0.3540 0.4780 0.4351 0.3359 0.4351 0.4780 0.3540 0.2373 0.1687 0.1723 0.3826 0.4796 0.4091 0.2766 0.1901 0.1562 0.2915 0.4576 0.4647 0.3298 0.2233 0.1628 0.1833 0.3968 0.4807 0.4078 0.2801 0.1949 0.1556 0.2492 0.4378 0.4801 0.3716 0.2559 0.1820 0.1574 0.2951 0.4540 0.4728 0.3505 0.2415 0.1743 0.1615 0.3286 0.4644 0.4612 0.3322 0.2291 0.1677 0.1687 0.3590 0.4724 0.4465 0.3140
0.4421 0.4690 0.3436 0.1645 0.1711 0.2355 0.3416 0.4678 0.4593 0.3116 0.1590 0.1781 0.2484 0.3604 0.4768 0.4476 0.2772 0.1563 0.1860 0.2626 0.3807 0.4814 0.4314 0.2364 0.1558 0.1975 0.2838 0.4114 0.4804 0.3953 0.1833 0.1625 0.2220 0.3268 0.4617 0.4605 0.3023 0.1569 0.1869 0.2705 0.4004 0.4810 0.3942 0.1784 0.1657 0.2311 0.3445 0.4744 0.4446 0.2561 0.1550 0.2561 0.4446 0.4744 0.3445 0.2311 0.1657 0.1784 0.3942 0.4810 0.4004 0.2705 0.1869 0.1569 0.3023 0.4605 0.4617 0.3268 0.2220 0.1625 0.1833 0.3953 0.4804 0.4114 0.2838 0.1975 0.1558 0.2364 0.4314 0.4814 0.3807 0.2626 0.1860 0.1563 0.2772 0.4476 0.4768 0.3604 0.2484 0.1781 0.1590 0.3116 0.4593 0.4678 0.3416 0.2355 0.1711 0.1645 0.3436 0.4690 0.4421
0.4698 0.3273 0.1613 0.1746 0.2421 0.3513 0.4731 0.4535 0.2939 0.1573 0.1820 0.2555 0.3704 0.4796 0.4404 0.2588 0.1557 0.1903 0.2699 0.3904 0.4820 0.4236 0.2223 0.1563 0.2010 0.2890 0.4172 0.4796 0.3910 0.1814 0.1628 0.2220 0.3258 0.4601 0.4622 0.3098 0.1576 0.1844 0.2654 0.3927 0.4817 0.4041 0.1858 0.1630 0.2254 0.3355 0.4697 0.4517 0.2696 0.1537 0.1656 0.1537 0.2696 0.4517 0.4697 0.3355 0.2254 0.1630 0.1858 0.4041 0.4817 0.3927 0.2654 0.1844 0.1576 0.3098 0.4622 0.4601 0.3258 0.2220 0.1628 0.1814 0.3910 0.4796 0.4172 0.2890 0.2010 0.1563 0.2223 0.4236 0.4820 0.3904 0.2699 0.1903 0.1557 0.2588 0.4404 0.4796 0.3704 0.2555 0.1820 0.1573 0.2939 0.4535 0.4731 0.3513 0.2421 0.1746 0.1613 0.3273 0.4698
0.3269 0.1590 0.1784 0.2489 0.3611 0.4771 0.4470 0.2757 0.1562 0.1862 0.2628 0.3806 0.4813 0.4325 0.2407 0.1557 0.1948 0.2776 0.4007 0.4818 0.4145 0.2081 0.1572 0.2052 0.2954 0.4246 0.4782 0.3840 0.1779 0.1638 0.2233 0.3268 0.4601 0.4627 0.3135 0.1581 0.1826 0.2616 0.3865 0.4820 0.4120 0.1940 0.1608 0.2203 0.3272 0.4641 0.4573 0.2879 0.1562 0.1888 0.2291 0.1888 0.1562 0.2879 0.4573 0.4641 0.3272 0.2203 0.1608 0.1940 0.4120 0.4820 0.3865 0.2616 0.1826 0.1581 0.3135 0.4627 0.4601 0.3268 0.2233 0.1638 0.1779 0.3840 0.4782 0.4246 0.2954 0.2052 0.1572 0.2081 0.4145 0.4818 0.4007 0.2776 0.1948 0.1557 0.2407 0.4325 0.4813 0.3806 0.2628 0.1862 0.1562 0.2757 0.4470 0.4771 0.3611 0.2489 0.1784 0.1590 0.3269
0.1855 0.1826 0.2560 0.3712 0.4798 0.4399 0.2574 0.1557 0.1906 0.2704 0.3909 0.4820 0.4238 0.2234 0.1562 0.1997 0.2857 0.4112 0.4808 0.4038 0.1953 0.1587 0.2099 0.3028 0.4328 0.4763 0.3745 0.1737 0.1654 0.2259 0.3298 0.4617 0.4622 0.3135 0.1583 0.1817 0.2592 0.3822 0.4819 0.4180 0.2023 0.1592 0.2159 0.3197 0.4578 0.4620 0.3044 0.1569 0.1882 0.2706 0.3415 0.2706 0.1882 0.1569 0.3044 0.4620 0.4578 0.3197 0.2159 0.1592 0.2023 0.4180 0.4819 0.3822 0.2592 0.1817 0.1583 0.3135 0.4622 0.4617 0.3298 0.2259 0.1654 0.1737 0.3745 0.4763 0.4328 0.3028 0.2099 0.1587 0.1953 0.4038 0.4808 0.4112 0.2857 0.1997 0.1562 0.2234 0.4238 0.4820 0.3909 0.2704 0.1906 0.1557 0.2574 0.4399 0.4798 0.3712 0.2560 0.1826 0.1855
0.2057 0.2640 0.3813 0.4814 0.4319 0.2393 0.1557 0.1952 0.2782 0.4015 0.4818 0.4140 0.2078 0.1572 0.2047 0.2940 0.4217 0.4791 0.3917 0.1847 0.1608 0.2151 0.3108 0.4415 0.4736 0.3629 0.1695 0.1676 0.2297 0.3347 0.4647 0.4605 0.3098 0.1581 0.1817 0.2584 0.3799 0.4818 0.4221 0.2094 0.1581 0.2122 0.3133 0.4514 0.4660 0.3191 0.1581 0.1838 0.2664 0.3969 0.4695 0.3969 0.2664 0.1838 0.1581 0.3191 0.4660 0.4514 0.3133 0.2122 0.1581 0.2094 0.4221 0.4818 0.3799 0.2584 0.1817 0.1581 0.3098 0.4605 0.4647 0.3347 0.2297 0.1676 0.1695 0.3629 0.4736 0.4415 0.3108 0.2151 0.1608 0.1847 0.3917 0.4791 0.4217 0.2940 0.2047 0.1572 0.2078 0.4140 0.4818 0.4015 0.2782 0.1952 0.1557 0.2393 0.4319 0.4814 0.3813 0.2640 0.2057
0.2763 0.3930 0.4819 0.4230 0.2221 0.1562 0.2000 0.2863 0.4120 0.4807 0.4030 0.1945 0.1588 0.2100 0.3025 0.4319 0.4768 0.3785 0.1766 0.1635 0.2209 0.3196 0.4503 0.4702 0.3495 0.1657 0.1703 0.2345 0.3413 0.4685 0.4576 0.3023 0.1576 0.1826 0.2592 0.3799 0.4817 0.4241 0.2143 0.1575 0.2095 0.3082 0.4457 0.4691 0.3319 0.1598 0.1803 0.2591 0.3858 0.4800 0.4503 0.4800 0.3858 0.2591 0.1803 0.1598 0.3319 0.4691 0.4457 0.3082 0.2095 0.1575 0.2143 0.4241 0.4817 0.3799 0.2592 0.1826 0.1576 0.3023 0.4576 0.4685 0.3413 0.2345 0.1703 0.1657 0.3495 0.4702 0.4503 0.3196 0.2209 0.1635 0.1766 0.3785 0.4768 0.4319 0.3025 0.2100 0.1588 0.1945 0.4030 0.4807 0.4120 0.2863 0.2000 0.1562 0.2221 0.4230 0.4819 0.3930 0.2763
0.3919 0.4826 0.4132 0.2066 0.1573 0.2051 0.2946 0.4225 0.4790 0.3908 0.1841 0.1610 0.2155 0.3113 0.4417 0.4737 0.3644 0.1705 0.1666 0.2269 0.3288 0.4584 0.4661 0.3344 0.1625 0.1734 0.2401 0.3491 0.4725 0.4536 0.2915 0.1569 0.1844 0.2616 0.3822 0.4818 0.4241 0.2160 0.1572 0.2078 0.3046 0.4411 0.4713 0.3423 0.1616 0.1774 0.2532 0.3763 0.4817 0.4175 0.3019 0.4175 0.4817 0.3763 0.2532 0.1774 0.1616 0.3423 0.4713 0.4411 0.3046 0.2078 0.1572 0.2160 0.4241 0.4818 0.3822 0.2616 0.1844 0.1569 0.2915 0.4536 0.4725 0.3491 0.2401 0.1734 0.1625 0.3344 0.4661 0.4584 0.3288 0.2269 0.1666 0.1705 0.3644 0.4737 0.4417 0.3113 0.2155 0.1610 0.1841 0.3908 0.4790 0.4225 0.2946 0.2051 0.1573 0.2066 0.4132 0.4826 0.3919
0.4815 0.4021 0.1936 0.1590 0.2104 0.3032 0.4327 0.4766 0.3775 0.1761 0.1637 0.2213 0.3203 0.4509 0.4700 0.3493 0.1659 0.1698 0.2331 0.3382 0.4656 0.4612 0.3179 0.1599 0.1768 0.2462 0.3576 0.4761 0.4485 0.2781 0.1562 0.1869 0.2654 0.3865 0.4819 0.4221 0.2143 0.1572 0.2073 0.3028 0.4380 0.4728 0.3499 0.1633 0.1750 0.2483 0.3686 0.4809 0.4268 0.2176 0.1495 0.2176 0.4268 0.4809 0.3686 0.2483 0.1750 0.1633 0.3499 0.4728 0.4380 0.3028 0.2073 0.1572 0.2143 0.4221 0.4819 0.3865 0.2654 0.1869 0.1562 0.2781 0.4485 0.4761 0.3576 0.2462 0.1768 0.1599 0.3179 0.4612 0.4656 0.3382 0.2331 0.1698 0.1659 0.3493 0.4700 0.4509 0.3203 0.2213 0.1637 0.1761 0.3775 0.4766 0.4327 0.3032 0.2104 0.1590 0.1936 0.4021 0.4815
0.4014 0.1834 0.1612 0.2159 0.3120 0.4424 0.4735 0.3633 0.1701 0.1668 0.2273 0.3295 0.4590 0.4657 0.3333 0.1623 0.1733 0.2396 0.3477 0.4714 0.4557 0.3004 0.1579 0.1806 0.2529 0.3669 0.4789 0.4425 0.2628 0.1557 0.1901 0.2705 0.3927 0.4820 0.4180 0.2094 0.1575 0.2078 0.3028 0.4369 0.4736 0.3547 0.1647 0.1733 0.2444 0.3623 0.4796 0.4339 0.2273 0.1545 0.1736 0.1545 0.2273 0.4339 0.4796 0.3623 0.2444 0.1733 0.1647 0.3547 0.4736 0.4369 0.3028 0.2078 0.1575 0.2094 0.4180 0.4820 0.3927 0.2705 0.1901 0.1557 0.2628 0.4425 0.4789 0.3669 0.2529 0.1806 0.1579 0.3004 0.4557 0.4714 0.3477 0.2396 0.1733 0.1623 0.3333 0.4657 0.4590 0.3295 0.2273 0.1668 0.1701 0.3633 0.4735 0.4424 0.3120 0.2159 0.1612 0.1834 0.4014
0.2028 0.1641 0.2217 0.3210 0.4515 0.4698 0.3482 0.1656 0.1701 0.2336 0.3389 0.4661 0.4608 0.3166 0.1597 0.1770 0.2464 0.3575 0.4758 0.4495 0.2824 0.1566 0.1847 0.2601 0.3769 0.4808 0.4353 0.2463 0.1556 0.1939 0.2766 0.4004 0.4817 0.4120 0.2023 0.1581 0.2095 0.3046 0.4380 0.4736 0.3564 0.1655 0.1722 0.2418 0.3575 0.4782 0.4389 0.2403 0.1563 0.2003 0.2454 0.2003 0.1563 0.2403 0.4389 0.4782 0.3575 0.2418 0.1722 0.1655 0.3564 0.4736 0.4380 0.3046 0.2095 0.1581 0.2023 0.4120 0.4817 0.4004 0.2766 0.1939 0.1556 0.2463 0.4353 0.4808 0.3769 0.2601 0.1847 0.1566 0.2824 0.4495 0.4758 0.3575 0.2464 0.1770 0.1597 0.3166 0.4608 0.4661 0.3389 0.2336 0.1701 0.1656 0.3482 0.4698 0.4515 0.3210 0.2217 0.1641 0.2028
0.1908 0.2283 0.3301 0.4596 0.4654 0.3322 0.1621 0.1736 0.2401 0.3485 0.4718 0.4552 0.2990 0.1577 0.1809 0.2534 0.3675 0.4790 0.4426 0.2641 0.1558 0.1890 0.2676 0.3872 0.4818 0.4270 0.2294 0.1559 0.1981 0.2835 0.4091 0.4810 0.4041 0.1940 0.1592 0.2122 0.3082 0.4411 0.4728 0.3547 0.1655 0.1718 0.2404 0.3545 0.4770 0.4424 0.2504 0.1558 0.2005 0.2916 0.3677 0.2916 0.2005 0.1558 0.2504 0.4424 0.4770 0.3545 0.2404 0.1718 0.1655 0.3547 0.4728 0.4411 0.3082 0.2122 0.1592 0.1940 0.4041 0.4810 0.4091 0.2835 0.1981 0.1559 0.2294 0.4270 0.4818 0.3872 0.2676 0.1890 0.1558 0.2641 0.4426 0.4790 0.3675 0.2534 0.1809 0.1577 0.2990 0.4552 0.4718 0.3485 0.2401 0.1736 0.1621 0.3322 0.4654 0.4596 0.3301 0.2283 0.1908
0.2448 0.3406 0.4664 0.4604 0.3153 0.1595 0.1773 0.2469 0.3583 0.4761 0.4490 0.2810 0.1565 0.1850 0.2607 0.3776 0.4809 0.4349 0.2459 0.1556 0.1935 0.2754 0.3977 0.4819 0.4176 0.2132 0.1568 0.2029 0.2912 0.4185 0.4796 0.3942 0.1858 0.1608 0.2159 0.3133 0.4457 0.4713 0.3499 0.1647 0.1722 0.2404 0.3535 0.4763 0.4446 0.2574 0.1556 0.1973 0.2886 0.4247 0.4768 0.4247 0.2886 0.1973 0.1556 0.2574 0.4446 0.4763 0.3535 0.2404 0.1722 0.1647 0.3499 0.4713 0.4457 0.3133 0.2159 0.1608 0.1858 0.3942 0.4796 0.4185 0.2912 0.2029 0.1568 0.2132 0.4176 0.4819 0.3977 0.2754 0.1935 0.1556 0.2459 0.4349 0.4809 0.3776 0.2607 0.1850 0.1565 0.2810 0.4490 0.4761 0.3583 0.2469 0.1773 0.1595 0.3153 0.4604 0.4664 0.3406 0.2448
0.3445 0.4734 0.4548 0.2978 0.1577 0.1812 0.2540 0.3683 0.4792 0.4420 0.2627 0.1558 0.1893 0.2682 0.3879 0.4819 0.4264 0.2283 0.1560 0.1983 0.2834 0.4082 0.4812 0.4071 0.1990 0.1582 0.2080 0.2994 0.4284 0.4776 0.3826 0.1784 0.1630 0.2203 0.3197 0.4514 0.4691 0.3423 0.1633 0.1733 0.2418 0.3545 0.4763 0.4453 0.2610 0.1556 0.1953 0.2840 0.4173 0.4760 0.4318 0.4760 0.4173 0.2840 0.1954 0.1556 0.2610 0.4453 0.4763 0.3545 0.2418 0.1733 0.1633 0.3423 0.4691 0.4514 0.3197 0.2203 0.1630 0.1784 0.3826 0.4776 0.4284 0.2994 0.2080 0.1582 0.1990 0.4071 0.4812 0.4082 0.2834 0.1983 0.1560 0.2283 0.4264 0.4819 0.3879 0.2682 0.1893 0.1558 0.2627 0.4420 0.4792 0.3683 0.2540 0.1812 0.1577 0.2978 0.4548 0.4734 0.3445
0.4694 0.4486 0.2796 0.1564 0.1853 0.2612 0.3784 0.4810 0.4343 0.2444 0.1556 0.1938 0.2759 0.3984 0.4819 0.4169 0.2121 0.1569 0.2032 0.2916 0.4187 0.4797 0.3953 0.1875 0.1601 0.2135 0.3081 0.4382 0.4749 0.3694 0.1723 0.1657 0.2254 0.3272 0.4578 0.4660 0.3319 0.1616 0.1750 0.2444 0.3575 0.4770 0.4446 0.2610 0.1556 0.1944 0.2816 0.4125 0.4793 0.3847 0.2490 0.3847 0.4793 0.4125 0.2816 0.1944 0.1556 0.2610 0.4446 0.4770 0.3575 0.2444 0.1750 0.1616 0.3319 0.4660 0.4578 0.3272 0.2254 0.1657 0.1723 0.3694 0.4749 0.4382 0.3081 0.2135 0.1601 0.1875 0.3953 0.4797 0.4187 0.2916 0.2032 0.1569 0.2121 0.4169 0.4819 0.3984 0.2759 0.1938 0.1556 0.2444 0.4343 0.4810 0.3784 0.2612 0.1853 0.1564 0.2796 0.4486 0.4694
0.4496 0.2612 0.1557 0.1896 0.2688 0.3888 0.4819 0.4257 0.2269 0.1560 0.1986 0.2839 0.4090 0.4811 0.4063 0.1981 0.1583 0.2085 0.3001 0.4290 0.4775 0.3824 0.1787 0.1627 0.2192 0.3170 0.4476 0.4715 0.3549 0.1674 0.1687 0.2311 0.3355 0.4641 0.4620 0.3191 0.1598 0.1774 0.2483 0.3623 0.4782 0.4424 0.2574 0.1556 0.1944 0.2807 0.4104 0.4801 0.3891 0.1779 0.1488 0.1779 0.3891 0.4801 0.4104 0.2807 0.1944 0.1556 0.2574 0.4424 0.4782 0.3623 0.2483 0.1774 0.1598 0.3191 0.4620 0.4641 0.3355 0.2311 0.1687 0.1674 0.3549 0.4715 0.4476 0.3170 0.2192 0.1627 0.1787 0.3824 0.4775 0.4290 0.3001 0.2085 0.1583 0.1981 0.4063 0.4811 0.4090 0.2839 0.1986 0.1560 0.2269 0.4257 0.4819 0.3888 0.2688 0.1896 0.1557 0.2612 0.4496
0.2646 0.1558 0.1942 0.2766 0.3992 0.4819 0.4161 0.2109 0.1569 0.2036 0.2922 0.4195 0.4796 0.3945 0.1868 0.1603 0.2139 0.3088 0.4390 0.4747 0.3685 0.1721 0.1656 0.2251 0.3261 0.4562 0.4674 0.3393 0.1635 0.1720 0.2373 0.3445 0.4697 0.4572 0.3044 0.1581 0.1803 0.2532 0.3686 0.4796 0.4389 0.2504 0.1556 0.1953 0.2816 0.4104 0.4802 0.3923 0.1797 0.1616 0.1880 0.1616 0.1797 0.3923 0.4802 0.4104 0.2816 0.1954 0.1556 0.2504 0.4389 0.4796 0.3686 0.2532 0.1803 0.1581 0.3044 0.4573 0.4697 0.3445 0.2373 0.1720 0.1635 0.3393 0.4674 0.4562 0.3261 0.2251 0.1656 0.1721 0.3685 0.4747 0.4390 0.3088 0.2139 0.1603 0.1868 0.3945 0.4796 0.4195 0.2922 0.2036 0.1569 0.2109 0.4161 0.4819 0.3992 0.2766 0.1942 0.1558 0.2646
0.1837 0.1993 0.2845 0.4098 0.4810 0.4054 0.1971 0.1584 0.2088 0.3007 0.4298 0.4773 0.3815 0.1782 0.1629 0.2196 0.3177 0.4483 0.4712 0.3537 0.1671 0.1689 0.2313 0.3354 0.4636 0.4627 0.3228 0.1606 0.1756 0.2439 0.3540 0.4744 0.4517 0.2881 0.1568 0.1837 0.2590 0.3763 0.4809 0.4339 0.2404 0.1557 0.1972 0.2839 0.4125 0.4801 0.3924 0.1808 0.1639 0.2215 0.2743 0.2216 0.1639 0.1808 0.3923 0.4801 0.4125 0.2840 0.1973 0.1558 0.2403 0.4339 0.4809 0.3763 0.2591 0.1838 0.1569 0.2879 0.4517 0.4744 0.3540 0.2440 0.1757 0.1606 0.3227 0.4627 0.4637 0.3355 0.2314 0.1689 0.1671 0.3537 0.4712 0.4483 0.3177 0.2197 0.1629 0.1782 0.3814 0.4774 0.4298 0.3007 0.2089 0.1585 0.1970 0.4054 0.4810 0.4098 0.2846 0.1994 0.1837
0.2198 0.2936 0.4202 0.4794 0.3935 0.1860 0.1605 0.2143 0.3094 0.4397 0.4744 0.3675 0.1717 0.1659 0.2256 0.3268 0.4568 0.4670 0.3380 0.1632 0.1723 0.2377 0.3450 0.4698 0.4573 0.3055 0.1584 0.1794 0.2508 0.3639 0.4780 0.4451 0.2706 0.1560 0.1876 0.2655 0.3849 0.4818 0.4275 0.2284 0.1561 0.1998 0.2878 0.4165 0.4795 0.3898 0.1800 0.1635 0.2243 0.3291 0.4123 0.3299 0.2251 0.1639 0.1797 0.3891 0.4793 0.4173 0.2886 0.2005 0.1563 0.2273 0.4268 0.4817 0.3858 0.2664 0.1882 0.1562 0.2696 0.4446 0.4780 0.3645 0.2515 0.1799 0.1585 0.3047 0.4568 0.4701 0.3457 0.2384 0.1727 0.1633 0.3373 0.4666 0.4573 0.3275 0.2262 0.1663 0.1716 0.3668 0.4741 0.4403 0.3101 0.2149 0.1608 0.1857 0.3929 0.4791 0.4208 0.2942 0.2200
0.3026 0.4319 0.4771 0.3804 0.1776 0.1631 0.2200 0.3183 0.4490 0.4709 0.3526 0.1668 0.1691 0.2318 0.3362 0.4642 0.4623 0.3215 0.1604 0.1759 0.2444 0.3547 0.4747 0.4513 0.2877 0.1569 0.1835 0.2580 0.3739 0.4804 0.4378 0.2524 0.1556 0.1919 0.2727 0.3943 0.4820 0.4197 0.2153 0.1567 0.2033 0.2929 0.4222 0.4786 0.3849 0.1778 0.1640 0.2243 0.3296 0.4638 0.4737 0.4639 0.3300 0.2216 0.1616 0.1779 0.3847 0.4760 0.4247 0.2916 0.2003 0.1545 0.2176 0.4175 0.4800 0.3969 0.2706 0.1888 0.1537 0.2561 0.4351 0.4790 0.3756 0.2553 0.1804 0.1552 0.2914 0.4483 0.4742 0.3557 0.2415 0.1729 0.1591 0.3250 0.4593 0.4646 0.3363 0.2286 0.1663 0.1661 0.3549 0.4680 0.4504 0.3177 0.2168 0.1604 0.1779 0.3812 0.4744 0.4336 0.2999
0.4281 0.4748 0.3663 0.1712 0.1662 0.2261 0.3275 0.4574 0.4667 0.3368 0.1630 0.1726 0.2383 0.3457 0.4703 0.4569 0.3041 0.1583 0.1798 0.2514 0.3646 0.4782 0.4446 0.2694 0.1560 0.1878 0.2655 0.3842 0.4817 0.4296 0.2345 0.1558 0.1965 0.2804 0.4044 0.4815 0.4105 0.2025 0.1579 0.2074 0.2992 0.4292 0.4771 0.3776 0.1747 0.1652 0.2260 0.3306 0.4640 0.4535 0.4144 0.4738 0.4124 0.2743 0.1880 0.1488 0.2490 0.4318 0.4768 0.3677 0.2454 0.1736 0.1495 0.3019 0.4503 0.4695 0.3415 0.2291 0.1656 0.1550 0.3359 0.4608 0.4576 0.3214 0.2169 0.1596 0.1647 0.3639 0.4683 0.4413 0.3028 0.2058 0.1545 0.1817 0.3885 0.4738 0.4216 0.2853 0.1957 0.1508 0.2085 0.4092 0.4769 0.4004 0.2690 0.1866 0.1484 0.2420 0.4266 0.4783 0.3725
0.4750 0.3511 0.1664 0.1696 0.2326 0.3372 0.4649 0.4617 0.3198 0.1603 0.1765 0.2453 0.3558 0.4751 0.4505 0.2857 0.1569 0.1841 0.2589 0.3751 0.4805 0.4369 0.2506 0.1558 0.1925 0.2735 0.3950 0.4819 0.4201 0.2173 0.1566 0.2017 0.2890 0.4153 0.4802 0.3993 0.1908 0.1597 0.2124 0.3068 0.4374 0.4748 0.3677 0.1710 0.1671 0.2291 0.3344 0.4652 0.4557 0.3677 0.4625 0.4626 0.3294 0.2216 0.1616 0.1779 0.3847 0.4760 0.4247 0.2916 0.2003 0.1545 0.2176 0.4175 0.4800 0.3969 0.2706 0.1888 0.1537 0.2561 0.4351 0.4790 0.3756 0.2553 0.1804 0.1552 0.2914 0.4483 0.4742 0.3557 0.2415 0.1729 0.1591 0.3250 0.4593 0.4646 0.3363 0.2286 0.1663 0.1661 0.3549 0.4680 0.4504 0.3177 0.2168 0.1604 0.1779 0.3812 0.4744 0.4336 0.2999
0.3528 0.1624 0.1713 0.2374 0.3473 0.4705 0.4544 0.3045 0.1573 0.1785 0.2507 0.3667 0.4776 0.4421 0.2696 0.1549 0.1865 0.2651 0.3865 0.4804 0.4273 0.2346 0.1547 0.1953 0.2804 0.4067 0.4798 0.4094 0.2037 0.1565 0.2050 0.2967 0.4266 0.4765 0.3876 0.1817 0.1605 0.2160 0.3146 0.4463 0.4702 0.3574 0.1670 0.1680 0.2318 0.3400 0.4678 0.4557 0.3035 0.2812 0.4465 0.3275 0.2246 0.1639 0.1797 0.3891 0.4793 0.4173 0.2886 0.2005 0.1563 0.2273 0.4268 0.4817 0.3858 0.2664 0.1882 0.1562 0.2696 0.4446 0.4780 0.3645 0.2515 0.1799 0.1585 0.3047 0.4568 0.4701 0.3457 0.2384 0.1727 0.1633 0.3373 0.4666 0.4573 0.3275 0.2262 0.1663 0.1716 0.3668 0.4741 0.4403 0.3101 0.2149 0.1608 0.1857 0.3929 0.4791 0.4208 0.2942 0.2200
0.1938 0.1595 0.2161 0.3202 0.4570 0.4617 0.3388 0.1569 0.1652 0.2282 0.3397 0.4689 0.4520 0.3080 0.1514 0.1719 0.2413 0.3602 0.4756 0.4400 0.2744 0.1491 0.1793 0.2555 0.3813 0.4781 0.4254 0.2396 0.1492 0.1876 0.2709 0.4031 0.4773 0.4073 0.2056 0.1514 0.1977 0.2892 0.4271 0.4731 0.3805 0.1749 0.1574 0.2133 0.3177 0.4573 0.4609 0.3279 0.1541 0.1639 0.2452 0.2188 0.1641 0.1808 0.3923 0.4801 0.4125 0.2840 0.1973 0.1558 0.2403 0.4339 0.4809 0.3763 0.2591 0.1838 0.1569 0.2879 0.4517 0.4744 0.3540 0.2440 0.1757 0.1606 0.3227 0.4627 0.4637 0.3355 0.2314 0.1689 0.1671 0.3537 0.4712 0.4483 0.3177 0.2197 0.1629 0.1782 0.3814 0.4774 0.4298 0.3007 0.2089 0.1585 0.1970 0.4054 0.4810 0.4098 0.2846 0.1994 0.1837
0.2715 0.1531 0.1896 0.2729 0.4018 0.4795 0.4135 0.2149 0.1538 0.1990 0.2893 0.4224 0.4766 0.3933 0.1885 0.1568 0.2093 0.3066 0.4415 0.4713 0.3694 0.1719 0.1619 0.2205 0.3250 0.4578 0.4637 0.3420 0.1623 0.1681 0.2328 0.3446 0.4701 0.4534 0.3085 0.1562 0.1762 0.2492 0.3703 0.4785 0.4350 0.2551 0.1530 0.1910 0.2783 0.4139 0.4774 0.3901 0.1801 0.1557 0.1842 0.1619 0.1797 0.3923 0.4802 0.4104 0.2816 0.1954 0.1556 0.2504 0.4389 0.4796 0.3686 0.2532 0.1803 0.1581 0.3044 0.4573 0.4697 0.3445 0.2373 0.1720 0.1635 0.3393 0.4674 0.4562 0.3261 0.2251 0.1656 0.1721 0.3685 0.4747 0.4390 0.3088 0.2139 0.1603 0.1868 0.3945 0.4796 0.4195 0.2922 0.2036 0.1569 0.2109 0.4161 0.4819 0.3992 0.2766 0.1942 0.1558 0.2646
0.4489 0.2603 0.1560 0.1903 0.2698 0.3898 0.4817 0.4248 0.2259 0.1564 0.1994 0.2850 0.4101 0.4808 0.4053 0.1972 0.1587 0.2093 0.3011 0.4300 0.4770 0.3815 0.1784 0.1632 0.2201 0.3181 0.4485 0.4708 0.3537 0.1673 0.1693 0.2321 0.3366 0.4647 0.4613 0.3177 0.1598 0.1781 0.2494 0.3635 0.4784 0.4415 0.2558 0.1559 0.1953 0.2821 0.4118 0.4797 0.3877 0.1772 0.1489 0.1779 0.3891 0.4801 0.4104 0.2807 0.1944 0.1556 0.2574 0.4424 0.4782 0.3623 0.2483 0.1774 0.1598 0.3191 0.4620 0.4641 0.3355 0.2311 0.1687 0.1674 0.3549 0.4715 0.4476 0.3170 0.2192 0.1627 0.1787 0.3824 0.4775 0.4290 0.3001 0.2085 0.1583 0.1981 0.4063 0.4811 0.4090 0.2839 0.1986 0.1560 0.2269 0.4257 0.4819 0.3888 0.2688 0.1896 0.1557 0.2612 0.4496
