-0.2157 0.0578 0.2170 -0.1119 -0.2464 -0.2813 -0.2570 -0.0117 0.1591 0.0350 -0.2194 -0.2737 -0.2723 -0.1361 0.0946 0.2145 -0.1614 -0.2594 -0.2813 -0.2365 0.0403 0.2061 -0.0847 -0.2406 -0.2800 -0.2612 -0.0407 0.1366 0.1071 -0.2026 -0.2702 -0.2759 -0.1745 0.0796 0.2234 -0.1433 -0.2544 -0.2820 -0.2485 0.0218 0.1924 -0.0481 -0.2346 -0.2779 -0.2659 -0.0761 0.1182 0.1673 -0.1865 -0.2681 -0.2946 -0.2681 -0.1865 0.1673 0.1182 -0.0761 -0.2659 -0.2779 -0.2346 -0.0481 0.1924 0.0218 -0.2485 -0.2820 -0.2544 -0.1433 0.2234 0.0796 -0.1745 -0.2759 -0.2702 -0.2026 0.1071 0.1366 -0.0407 -0.2612 -0.2800 -0.2406 -0.0847 0.2061 0.0403 -0.2365 -0.2813 -0.2594 -0.1614 0.2145 0.0946 -0.1361 -0.2723 -0.2737 -0.2194 0.0350 0.1591 -0.0117 -0.2570 -0.2813 -0.2464 -0.1119 0.2170 0.0578 -0.2157
0.0578 0.2251 -0.1135 -0.3060 -0.3313 -0.2856 -0.0007 0.1507 0.0894 -0.2652 -0.3282 -0.3116 -0.1287 0.0947 0.2364 -0.1753 -0.3169 -0.3278 -0.2543 0.0468 0.2072 -0.0717 -0.3007 -0.3317 -0.2936 -0.0285 0.1308 0.1628 -0.2367 -0.3256 -0.3175 -0.1742 0.0816 0.2358 -0.1506 -0.3127 -0.3301 -0.2714 0.0299 0.1887 -0.0204 -0.2953 -0.3308 -0.3013 -0.0635 0.1150 0.2098 -0.2112 -0.3224 -0.3366 -0.3127 -0.3366 -0.3224 -0.2112 0.2098 0.1150 -0.0635 -0.3013 -0.3308 -0.2953 -0.0204 0.1887 0.0299 -0.2714 -0.3301 -0.3127 -0.1506 0.2358 0.0816 -0.1742 -0.3175 -0.3256 -0.2367 0.1628 0.1308 -0.0285 -0.2936 -0.3317 -0.3007 -0.0717 0.2072 0.0468 -0.2543 -0.3278 -0.3169 -0.1753 0.2364 0.0947 -0.1287 -0.3116 -0.3282 -0.2652 0.0894 0.1507 -0.0007 -0.2856 -0.3313 -0.3060 -0.1135 0.2251 0.0578
0.2170 -0.1135 -0.3043 -0.3307 -0.2889 -0.0179 0.1373 0.1390 -0.2465 -0.3261 -0.3152 -0.1612 0.0842 0.2372 -0.1590 -0.3137 -0.3291 -0.2664 0.0341 0.1968 -0.0393 -0.2967 -0.3308 -0.2984 -0.0530 0.1186 0.1975 -0.2196 -0.3232 -0.3206 -0.2025 0.0710 0.2307 -0.1327 -0.3092 -0.3307 -0.2787 0.0153 0.1710 0.0256 -0.2865 -0.3294 -0.3058 -0.0937 0.1038 0.2273 -0.1949 -0.3196 -0.3239 -0.2278 -0.0081 -0.2278 -0.3239 -0.3196 -0.1949 0.2273 0.1038 -0.0937 -0.3058 -0.3294 -0.2865 0.0256 0.1710 0.0153 -0.2787 -0.3307 -0.3092 -0.1327 0.2307 0.0710 -0.2025 -0.3206 -0.3232 -0.2196 0.1975 0.1186 -0.0530 -0.2984 -0.3308 -0.2967 -0.0393 0.1968 0.0341 -0.2664 -0.3291 -0.3137 -0.1590 0.2372 0.0842 -0.1612 -0.3152 -0.3261 -0.2465 0.1390 0.1373 -0.0179 -0.2889 -0.3307 -0.3043 -0.1135 0.2170
-0.1119 -0.3060 -0.3307 -0.2904 -0.0288 0.1284 0.1739 -0.2304 -0.3243 -0.3187 -0.1889 0.0756 0.2337 -0.1418 -0.3108 -0.3303 -0.2753 0.0220 0.1808 0.0016 -0.2930 -0.3300 -0.3034 -0.0791 0.1087 0.2199 -0.2030 -0.3209 -0.3236 -0.2252 0.0620 0.2231 -0.1130 -0.3061 -0.3313 -0.2843 0.0008 0.1536 0.0788 -0.2696 -0.3281 -0.3104 -0.1240 0.0949 0.2357 -0.1788 -0.3172 -0.3268 -0.2503 0.0486 0.1207 0.0486 -0.2503 -0.3268 -0.3172 -0.1788 0.2357 0.0949 -0.1240 -0.3104 -0.3281 -0.2696 0.0788 0.1536 0.0008 -0.2843 -0.3313 -0.3061 -0.1130 0.2231 0.0620 -0.2252 -0.3236 -0.3209 -0.2030 0.2199 0.1087 -0.0791 -0.3034 -0.3300 -0.2930 0.0016 0.1808 0.0220 -0.2753 -0.3303 -0.3108 -0.1418 0.2337 0.0756 -0.1889 -0.3187 -0.3243 -0.2304 0.1739 0.1284 -0.0288 -0.2904 -0.3307 -0.3060 -0.1119
-0.2464 -0.3313 -0.2889 -0.0288 0.1252 0.1910 -0.2189 -0.3226 -0.3212 -0.2119 0.0671 0.2274 -0.1235 -0.3077 -0.3310 -0.2817 0.0083 0.1619 0.0518 -0.2800 -0.3288 -0.3081 -0.1085 0.0994 0.2324 -0.1869 -0.3185 -0.3260 -0.2437 0.0523 0.2141 -0.0903 -0.3027 -0.3314 -0.2895 -0.0163 0.1389 0.1311 -0.2500 -0.3265 -0.3146 -0.1548 0.0861 0.2375 -0.1625 -0.3144 -0.3288 -0.2642 0.0373 0.1803 0.2113 0.1803 0.0373 -0.2642 -0.3288 -0.3144 -0.1625 0.2375 0.0861 -0.1548 -0.3146 -0.3265 -0.2500 0.1311 0.1389 -0.0163 -0.2895 -0.3314 -0.3027 -0.0903 0.2141 0.0523 -0.2437 -0.3260 -0.3185 -0.1869 0.2324 0.0994 -0.1085 -0.3081 -0.3288 -0.2800 0.0518 0.1619 0.0083 -0.2817 -0.3310 -0.3077 -0.1235 0.2274 0.0671 -0.2119 -0.3212 -0.3226 -0.2189 0.1910 0.1252 -0.0288 -0.2889 -0.3313 -0.2464
-0.2813 -0.2856 -0.0179 0.1284 0.1910 -0.2148 -0.3215 -0.3228 -0.2281 0.0595 0.2201 -0.1041 -0.3046 -0.3313 -0.2868 -0.0074 0.1459 0.1058 -0.2595 -0.3274 -0.3125 -0.1394 0.0905 0.2373 -0.1707 -0.3158 -0.3280 -0.2583 0.0421 0.2042 -0.0629 -0.2993 -0.3312 -0.2947 -0.0364 0.1264 0.1743 -0.2318 -0.3247 -0.3183 -0.1838 0.0774 0.2347 -0.1455 -0.3114 -0.3301 -0.2736 0.0248 0.1844 0.0046 -0.2266 0.0046 0.1844 0.0248 -0.2736 -0.3301 -0.3114 -0.1455 0.2347 0.0774 -0.1838 -0.3183 -0.3247 -0.2318 0.1743 0.1264 -0.0364 -0.2947 -0.3312 -0.2993 -0.0629 0.2042 0.0421 -0.2583 -0.3280 -0.3158 -0.1707 0.2373 0.0905 -0.1394 -0.3125 -0.3274 -0.2595 0.1058 0.1459 -0.0074 -0.2868 -0.3313 -0.3046 -0.1041 0.2201 0.0595 -0.2281 -0.3228 -0.3215 -0.2148 0.1910 0.1284 -0.0179 -0.2856 -0.2813
-0.2570 -0.0007 0.1373 0.1739 -0.2189 -0.3215 -0.3234 -0.2363 0.0538 0.2135 -0.0850 -0.3016 -0.3313 -0.2916 -0.0253 0.1326 0.1540 -0.2406 -0.3256 -0.3164 -0.1696 0.0818 0.2366 -0.1542 -0.3129 -0.3295 -0.2693 0.0308 0.1920 -0.0285 -0.2957 -0.3306 -0.2999 -0.0600 0.1157 0.2051 -0.2148 -0.3226 -0.3215 -0.2095 0.0685 0.2287 -0.1272 -0.3084 -0.3309 -0.2804 0.0114 0.1659 0.0376 -0.2828 -0.3213 -0.2828 0.0376 0.1659 0.0114 -0.2804 -0.3309 -0.3084 -0.1272 0.2287 0.0685 -0.2095 -0.3215 -0.3226 -0.2148 0.2051 0.1157 -0.0600 -0.2999 -0.3306 -0.2957 -0.0285 0.1920 0.0308 -0.2693 -0.3295 -0.3129 -0.1542 0.2366 0.0818 -0.1696 -0.3164 -0.3256 -0.2406 0.1540 0.1326 -0.0253 -0.2916 -0.3313 -0.3016 -0.0850 0.2135 0.0538 -0.2363 -0.3234 -0.3215 -0.2189 0.1739 0.1373 -0.0007 -0.2570
-0.0117 0.1507 0.1390 -0.2304 -0.3226 -0.3228 -0.2363 0.0516 0.2096 -0.0698 -0.2993 -0.3309 -0.2959 -0.0445 0.1219 0.1897 -0.2235 -0.3237 -0.3199 -0.1970 0.0730 0.2320 -0.1366 -0.3099 -0.3306 -0.2774 0.0183 0.1750 0.0152 -0.2892 -0.3297 -0.3048 -0.0873 0.1059 0.2245 -0.1984 -0.3202 -0.3243 -0.2310 0.0592 0.2207 -0.1068 -0.3051 -0.3313 -0.2858 -0.0038 0.1491 0.0941 -0.2644 -0.3339 -0.3507 -0.3339 -0.2644 0.0941 0.1491 -0.0038 -0.2858 -0.3313 -0.3051 -0.1068 0.2207 0.0592 -0.2310 -0.3243 -0.3202 -0.1984 0.2245 0.1059 -0.0873 -0.3048 -0.3297 -0.2892 0.0152 0.1750 0.0183 -0.2774 -0.3306 -0.3099 -0.1366 0.2320 0.0730 -0.1970 -0.3199 -0.3237 -0.2235 0.1897 0.1219 -0.0445 -0.2959 -0.3309 -0.2993 -0.0698 0.2096 0.0516 -0.2363 -0.3228 -0.3226 -0.2304 0.1390 0.1507 -0.0117
0.1591 0.0894 -0.2465 -0.3243 -0.3212 -0.2281 0.0538 0.2096 -0.0638 -0.2979 -0.3306 -0.2992 -0.0630 0.1133 0.2125 -0.2083 -0.3215 -0.3227 -0.2204 0.0640 0.2249 -0.1174 -0.3068 -0.3312 -0.2832 0.0040 0.1570 0.0674 -0.2739 -0.3284 -0.3094 -0.1173 0.0968 0.2345 -0.1822 -0.3177 -0.3266 -0.2483 0.0495 0.2113 -0.0830 -0.3018 -0.3314 -0.2910 -0.0217 0.1351 0.1447 -0.2446 -0.3258 -0.3305 -0.2934 -0.3305 -0.3258 -0.2446 0.1447 0.1351 -0.0217 -0.2910 -0.3314 -0.3018 -0.0830 0.2113 0.0495 -0.2483 -0.3266 -0.3177 -0.1822 0.2345 0.0968 -0.1173 -0.3094 -0.3284 -0.2739 0.0674 0.1570 0.0040 -0.2832 -0.3312 -0.3068 -0.1174 0.2249 0.0640 -0.2204 -0.3227 -0.3215 -0.2083 0.2125 0.1133 -0.0630 -0.2992 -0.3306 -0.2979 -0.0638 0.2096 0.0538 -0.2281 -0.3212 -0.3243 -0.2465 0.0894 0.1591
0.0350 -0.2652 -0.3261 -0.3187 -0.2119 0.0595 0.2135 -0.0698 -0.2979 -0.3304 -0.3009 -0.0768 0.1071 0.2252 -0.1952 -0.3194 -0.3250 -0.2388 0.0549 0.2163 -0.0956 -0.3034 -0.3314 -0.2884 -0.0125 0.1418 0.1207 -0.2539 -0.3269 -0.3137 -0.1483 0.0880 0.2376 -0.1660 -0.3150 -0.3285 -0.2618 0.0389 0.2013 -0.0538 -0.2983 -0.3311 -0.2962 -0.0428 0.1232 0.1844 -0.2268 -0.3240 -0.3182 -0.1814 0.0190 -0.1814 -0.3182 -0.3240 -0.2268 0.1844 0.1232 -0.0428 -0.2962 -0.3311 -0.2983 -0.0538 0.2013 0.0389 -0.2618 -0.3285 -0.3150 -0.1660 0.2376 0.0880 -0.1483 -0.3137 -0.3269 -0.2539 0.1207 0.1418 -0.0125 -0.2884 -0.3314 -0.3034 -0.0956 0.2163 0.0549 -0.2388 -0.3250 -0.3194 -0.1952 0.2252 0.1071 -0.0768 -0.3009 -0.3304 -0.2979 -0.0698 0.2135 0.0595 -0.2119 -0.3187 -0.3261 -0.2652 0.0350
-0.2194 -0.3282 -0.3152 -0.1889 0.0671 0.2201 -0.0850 -0.2993 -0.3306 -0.3009 -0.0820 0.1039 0.2310 -0.1853 -0.3176 -0.3267 -0.2524 0.0458 0.2073 -0.0707 -0.3001 -0.3312 -0.2936 -0.0319 0.1289 0.1662 -0.2355 -0.3251 -0.3175 -0.1778 0.0793 0.2356 -0.1492 -0.3121 -0.3298 -0.2719 0.0274 0.1874 -0.0170 -0.2947 -0.3304 -0.3013 -0.0675 0.1128 0.2118 -0.2100 -0.3219 -0.3221 -0.2143 0.0661 0.1415 0.0661 -0.2143 -0.3221 -0.3219 -0.2100 0.2118 0.1128 -0.0675 -0.3013 -0.3304 -0.2947 -0.0170 0.1874 0.0274 -0.2719 -0.3298 -0.3121 -0.1492 0.2356 0.0793 -0.1778 -0.3175 -0.3251 -0.2355 0.1662 0.1289 -0.0319 -0.2936 -0.3312 -0.3001 -0.0707 0.2073 0.0458 -0.2524 -0.3267 -0.3176 -0.1853 0.2310 0.1039 -0.0820 -0.3009 -0.3306 -0.2993 -0.0850 0.2201 0.0671 -0.1889 -0.3152 -0.3282 -0.2194
-0.2737 -0.3116 -0.1612 0.0756 0.2274 -0.1041 -0.3016 -0.3309 -0.2992 -0.0768 0.1039 0.2326 -0.1797 -0.3163 -0.3278 -0.2615 0.0375 0.1987 -0.0426 -0.2969 -0.3307 -0.2985 -0.0543 0.1179 0.1996 -0.2182 -0.3230 -0.3208 -0.2043 0.0704 0.2302 -0.1313 -0.3090 -0.3308 -0.2792 0.0144 0.1695 0.0295 -0.2855 -0.3293 -0.3062 -0.0957 0.1033 0.2282 -0.1937 -0.3195 -0.3250 -0.2364 0.0570 0.2024 0.1608 0.2024 0.0570 -0.2364 -0.3250 -0.3195 -0.1937 0.2282 0.1033 -0.0957 -0.3062 -0.3293 -0.2855 0.0295 0.1695 0.0144 -0.2792 -0.3308 -0.3090 -0.1313 0.2302 0.0704 -0.2043 -0.3208 -0.3230 -0.2182 0.1996 0.1179 -0.0543 -0.2985 -0.3307 -0.2969 -0.0426 0.1987 0.0375 -0.2615 -0.3278 -0.3163 -0.1797 0.2326 0.1039 -0.0768 -0.2992 -0.3309 -0.3016 -0.1041 0.2274 0.0756 -0.1612 -0.3116 -0.2737
-0.2723 -0.1287 0.0842 0.2337 -0.1235 -0.3046 -0.3313 -0.2959 -0.0630 0.1071 0.2310 -0.1797 -0.3158 -0.3283 -0.2667 0.0307 0.1900 -0.0131 -0.2939 -0.3300 -0.3031 -0.0792 0.1083 0.2209 -0.2018 -0.3207 -0.3237 -0.2267 0.0613 0.2225 -0.1114 -0.3058 -0.3313 -0.2847 -0.0004 0.1523 0.0830 -0.2680 -0.3280 -0.3107 -0.1262 0.0943 0.2360 -0.1776 -0.3169 -0.3272 -0.2525 0.0465 0.2089 -0.0679 -0.2494 -0.0679 0.2089 0.0465 -0.2525 -0.3272 -0.3169 -0.1776 0.2360 0.0943 -0.1262 -0.3107 -0.3280 -0.2680 0.0830 0.1523 -0.0004 -0.2847 -0.3313 -0.3058 -0.1114 0.2225 0.0613 -0.2267 -0.3237 -0.3207 -0.2018 0.2209 0.1083 -0.0792 -0.3031 -0.3300 -0.2939 -0.0131 0.1900 0.0307 -0.2667 -0.3283 -0.3158 -0.1797 0.2310 0.1071 -0.0630 -0.2959 -0.3313 -0.3046 -0.1235 0.2337 0.0842 -0.1287 -0.2723
-0.1361 0.0947 0.2372 -0.1418 -0.3077 -0.3313 -0.2916 -0.0445 0.1133 0.2252 -0.1853 -0.3163 -0.3283 -0.2683 0.0270 0.1821 0.0128 -0.2889 -0.3292 -0.3068 -0.1046 0.1000 0.2323 -0.1864 -0.3183 -0.3261 -0.2449 0.0516 0.2134 -0.0885 -0.3025 -0.3314 -0.2899 -0.0177 0.1378 0.1349 -0.2485 -0.3264 -0.3148 -0.1570 0.0855 0.2374 -0.1613 -0.3142 -0.3289 -0.2650 0.0357 0.1983 -0.0460 -0.2981 -0.3280 -0.2981 -0.0460 0.1983 0.0357 -0.2650 -0.3289 -0.3142 -0.1613 0.2374 0.0855 -0.1570 -0.3148 -0.3264 -0.2485 0.1349 0.1378 -0.0177 -0.2899 -0.3314 -0.3025 -0.0885 0.2134 0.0516 -0.2449 -0.3261 -0.3183 -0.1864 0.2323 0.1000 -0.1046 -0.3068 -0.3292 -0.2889 0.0128 0.1821 0.0270 -0.2683 -0.3283 -0.3163 -0.1853 0.2252 0.1133 -0.0445 -0.2916 -0.3313 -0.3077 -0.1418 0.2372 0.0947 -0.1361
0.0946 0.2364 -0.1590 -0.3108 -0.3310 -0.2868 -0.0253 0.1219 0.2125 -0.1952 -0.3176 -0.3278 -0.2667 0.0270 0.1789 0.0279 -0.2821 -0.3284 -0.3097 -0.1272 0.0928 0.2369 -0.1721 -0.3158 -0.3279 -0.2588 0.0414 0.2035 -0.0607 -0.2990 -0.3312 -0.2952 -0.0381 0.1255 0.1771 -0.2304 -0.3245 -0.3185 -0.1858 0.0768 0.2344 -0.1442 -0.3112 -0.3302 -0.2743 0.0238 0.1830 -0.0048 -0.2939 -0.3377 -0.3502 -0.3377 -0.2939 -0.0048 0.1830 0.0238 -0.2743 -0.3302 -0.3112 -0.1442 0.2344 0.0768 -0.1858 -0.3185 -0.3245 -0.2304 0.1771 0.1255 -0.0381 -0.2952 -0.3312 -0.2990 -0.0607 0.2035 0.0414 -0.2588 -0.3279 -0.3158 -0.1721 0.2369 0.0928 -0.1272 -0.3097 -0.3284 -0.2821 0.0279 0.1789 0.0270 -0.2667 -0.3278 -0.3176 -0.1952 0.2125 0.1219 -0.0253 -0.2868 -0.3310 -0.3108 -0.1590 0.2364 0.0946
0.2145 -0.1753 -0.3137 -0.3303 -0.2817 -0.0074 0.1326 0.1897 -0.2083 -0.3194 -0.3267 -0.2615 0.0307 0.1821 0.0279 -0.2788 -0.3280 -0.3115 -0.1441 0.0871 0.2374 -0.1591 -0.3134 -0.3292 -0.2689 0.0308 0.1918 -0.0265 -0.2955 -0.3305 -0.3003 -0.0620 0.1149 0.2070 -0.2134 -0.3224 -0.3217 -0.2112 0.0678 0.2282 -0.1258 -0.3081 -0.3310 -0.2809 0.0103 0.1643 0.0445 -0.2819 -0.3287 -0.3223 -0.2615 -0.3223 -0.3287 -0.2819 0.0445 0.1643 0.0103 -0.2809 -0.3310 -0.3081 -0.1258 0.2282 0.0678 -0.2112 -0.3217 -0.3224 -0.2134 0.2070 0.1149 -0.0620 -0.3003 -0.3305 -0.2955 -0.0265 0.1918 0.0308 -0.2689 -0.3292 -0.3134 -0.1591 0.2374 0.0871 -0.1441 -0.3115 -0.3280 -0.2788 0.0279 0.1821 0.0307 -0.2615 -0.3267 -0.3194 -0.2083 0.1897 0.1326 -0.0074 -0.2817 -0.3303 -0.3137 -0.1753 0.2145
-0.1614 -0.3169 -0.3291 -0.2753 0.0083 0.1459 0.1540 -0.2235 -0.3215 -0.3250 -0.2524 0.0375 0.1900 0.0128 -0.2821 -0.3280 -0.3121 -0.1530 0.0835 0.2363 -0.1482 -0.3113 -0.3301 -0.2759 0.0198 0.1763 0.0147 -0.2892 -0.3296 -0.3051 -0.0896 0.1052 0.2255 -0.1971 -0.3201 -0.3245 -0.2324 0.0586 0.2200 -0.1052 -0.3049 -0.3314 -0.2862 -0.0051 0.1479 0.0986 -0.2622 -0.3275 -0.3109 -0.1243 0.0395 -0.1243 -0.3109 -0.3275 -0.2622 0.0986 0.1479 -0.0051 -0.2862 -0.3314 -0.3049 -0.1052 0.2200 0.0586 -0.2324 -0.3245 -0.3201 -0.1971 0.2255 0.1052 -0.0896 -0.3051 -0.3296 -0.2892 0.0147 0.1763 0.0198 -0.2759 -0.3301 -0.3113 -0.1482 0.2363 0.0835 -0.1530 -0.3121 -0.3280 -0.2821 0.0128 0.1900 0.0375 -0.2524 -0.3250 -0.3215 -0.2235 0.1540 0.1459 0.0083 -0.2753 -0.3291 -0.3169 -0.1614
-0.2594 -0.3278 -0.2664 0.0220 0.1619 0.1058 -0.2406 -0.3237 -0.3227 -0.2388 0.0458 0.1987 -0.0131 -0.2889 -0.3284 -0.3115 -0.1530 0.0822 0.2352 -0.1411 -0.3097 -0.3306 -0.2804 0.0092 0.1610 0.0597 -0.2754 -0.3284 -0.3095 -0.1191 0.0962 0.2349 -0.1810 -0.3175 -0.3267 -0.2494 0.0487 0.2106 -0.0811 -0.3015 -0.3314 -0.2914 -0.0232 0.1341 0.1483 -0.2431 -0.3259 -0.3157 -0.1633 0.0819 0.1654 0.0819 -0.1633 -0.3157 -0.3259 -0.2431 0.1483 0.1341 -0.0232 -0.2914 -0.3314 -0.3015 -0.0811 0.2106 0.0487 -0.2494 -0.3267 -0.3175 -0.1810 0.2349 0.0962 -0.1191 -0.3095 -0.3284 -0.2754 0.0597 0.1610 0.0092 -0.2804 -0.3306 -0.3097 -0.1411 0.2352 0.0822 -0.1530 -0.3115 -0.3284 -0.2889 -0.0131 0.1987 0.0458 -0.2388 -0.3227 -0.3237 -0.2406 0.1058 0.1619 0.0220 -0.2664 -0.3278 -0.2594
-0.2813 -0.2543 0.0341 0.1808 0.0518 -0.2595 -0.3256 -0.3199 -0.2204 0.0549 0.2073 -0.0426 -0.2939 -0.3292 -0.3097 -0.1441 0.0835 0.2352 -0.1386 -0.3088 -0.3308 -0.2831 -0.0002 0.1497 0.1010 -0.2588 -0.3271 -0.3132 -0.1476 0.0879 0.2376 -0.1650 -0.3148 -0.3285 -0.2626 0.0381 0.2005 -0.0515 -0.2980 -0.3310 -0.2966 -0.0446 0.1223 0.1870 -0.2254 -0.3239 -0.3195 -0.1935 0.0746 0.2242 0.0681 0.2242 0.0746 -0.1935 -0.3195 -0.3239 -0.2254 0.1870 0.1223 -0.0446 -0.2966 -0.3310 -0.2980 -0.0515 0.2005 0.0381 -0.2626 -0.3285 -0.3148 -0.1650 0.2376 0.0879 -0.1476 -0.3132 -0.3271 -0.2588 0.1010 0.1497 -0.0002 -0.2831 -0.3308 -0.3088 -0.1386 0.2352 0.0835 -0.1441 -0.3097 -0.3292 -0.2939 -0.0426 0.2073 0.0549 -0.2204 -0.3199 -0.3256 -0.2595 0.0518 0.1808 0.0341 -0.2543 -0.2813
-0.2365 0.0468 0.1968 0.0016 -0.2800 -0.3274 -0.3164 -0.1970 0.0640 0.2163 -0.0707 -0.2969 -0.3300 -0.3068 -0.1272 0.0871 0.2363 -0.1411 -0.3088 -0.3309 -0.2844 -0.0066 0.1422 0.1320 -0.2458 -0.3258 -0.3163 -0.1729 0.0801 0.2358 -0.1492 -0.3120 -0.3298 -0.2725 0.0265 0.1863 -0.0139 -0.2944 -0.3303 -0.3017 -0.0696 0.1120 0.2134 -0.2087 -0.3218 -0.3226 -0.2177 0.0652 0.2263 -0.1154 -0.2726 -0.1154 0.2263 0.0652 -0.2177 -0.3226 -0.3218 -0.2087 0.2134 0.1120 -0.0696 -0.3017 -0.3303 -0.2944 -0.0139 0.1863 0.0265 -0.2725 -0.3298 -0.3120 -0.1492 0.2358 0.0801 -0.1729 -0.3163 -0.3258 -0.2458 0.1320 0.1422 -0.0066 -0.2844 -0.3309 -0.3088 -0.1411 0.2363 0.0871 -0.1272 -0.3068 -0.3300 -0.2969 -0.0707 0.2163 0.0640 -0.1970 -0.3164 -0.3274 -0.2800 0.0016 0.1968 0.0468 -0.2365
0.0403 0.2072 -0.0393 -0.2930 -0.3288 -0.3125 -0.1696 0.0730 0.2249 -0.0956 -0.3001 -0.3307 -0.3031 -0.1046 0.0928 0.2374 -0.1482 -0.3097 -0.3308 -0.2844 -0.0088 0.1385 0.1500 -0.2367 -0.3246 -0.3187 -0.1935 0.0730 0.2314 -0.1334 -0.3092 -0.3307 -0.2793 0.0136 0.1683 0.0332 -0.2846 -0.3293 -0.3066 -0.0980 0.1025 0.2291 -0.1924 -0.3193 -0.3252 -0.2377 0.0558 0.2174 -0.0998 -0.3055 -0.3341 -0.3055 -0.0998 0.2174 0.0558 -0.2377 -0.3252 -0.3193 -0.1924 0.2291 0.1025 -0.0980 -0.3066 -0.3293 -0.2846 0.0332 0.1683 0.0136 -0.2793 -0.3307 -0.3092 -0.1334 0.2314 0.0730 -0.1935 -0.3187 -0.3246 -0.2367 0.1500 0.1385 -0.0088 -0.2844 -0.3308 -0.3097 -0.1482 0.2374 0.0928 -0.1046 -0.3031 -0.3307 -0.3001 -0.0956 0.2249 0.0730 -0.1696 -0.3125 -0.3288 -0.2930 -0.0393 0.2072 0.0403
0.2061 -0.0717 -0.2967 -0.3300 -0.3081 -0.1394 0.0818 0.2320 -0.1174 -0.3034 -0.3312 -0.2985 -0.0792 0.1000 0.2369 -0.1591 -0.3113 -0.3306 -0.2831 -0.0066 0.1385 0.1557 -0.2322 -0.3238 -0.3203 -0.2083 0.0670 0.2262 -0.1180 -0.3065 -0.3312 -0.2843 -0.0002 0.1519 0.0858 -0.2667 -0.3279 -0.3110 -0.1287 0.0936 0.2363 -0.1763 -0.3167 -0.3273 -0.2536 0.0458 0.2078 -0.0733 -0.3007 -0.3403 -0.3477 -0.3403 -0.3007 -0.0733 0.2078 0.0458 -0.2536 -0.3273 -0.3167 -0.1763 0.2363 0.0936 -0.1287 -0.3110 -0.3279 -0.2667 0.0858 0.1519 -0.0002 -0.2843 -0.3312 -0.3065 -0.1180 0.2262 0.0670 -0.2083 -0.3203 -0.3238 -0.2322 0.1557 0.1385 -0.0066 -0.2831 -0.3306 -0.3113 -0.1591 0.2369 0.1000 -0.0792 -0.2985 -0.3312 -0.3034 -0.1174 0.2320 0.0818 -0.1394 -0.3081 -0.3300 -0.2967 -0.0717 0.2061
-0.0847 -0.3007 -0.3308 -0.3034 -0.1085 0.0905 0.2366 -0.1366 -0.3068 -0.3314 -0.2936 -0.0543 0.1083 0.2323 -0.1721 -0.3134 -0.3301 -0.2804 -0.0002 0.1422 0.1500 -0.2322 -0.3236 -0.3210 -0.2171 0.0625 0.2214 -0.1039 -0.3041 -0.3314 -0.2886 -0.0152 0.1388 0.1341 -0.2480 -0.3263 -0.3150 -0.1592 0.0848 0.2373 -0.1600 -0.3140 -0.3290 -0.2658 0.0349 0.1975 -0.0416 -0.2970 -0.3304 -0.3114 -0.2139 -0.3114 -0.3304 -0.2970 -0.0416 0.1975 0.0349 -0.2658 -0.3290 -0.3140 -0.1600 0.2373 0.0848 -0.1592 -0.3150 -0.3263 -0.2480 0.1341 0.1388 -0.0152 -0.2886 -0.3314 -0.3041 -0.1039 0.2214 0.0625 -0.2171 -0.3210 -0.3236 -0.2322 0.1500 0.1422 -0.0002 -0.2804 -0.3301 -0.3134 -0.1721 0.2323 0.1083 -0.0543 -0.2936 -0.3314 -0.3068 -0.1366 0.2366 0.0905 -0.1085 -0.3034 -0.3308 -0.3007 -0.0847
-0.2406 -0.3317 -0.2984 -0.0791 0.0994 0.2373 -0.1542 -0.3099 -0.3312 -0.2884 -0.0319 0.1179 0.2209 -0.1864 -0.3158 -0.3292 -0.2759 0.0092 0.1497 0.1320 -0.2367 -0.3238 -0.3210 -0.2199 0.0601 0.2181 -0.0927 -0.3021 -0.3313 -0.2923 -0.0306 0.1283 0.1715 -0.2318 -0.3246 -0.3185 -0.1871 0.0762 0.2340 -0.1428 -0.3110 -0.3302 -0.2748 0.0229 0.1819 -0.0013 -0.2934 -0.3299 -0.3021 -0.0683 0.0566 -0.0683 -0.3021 -0.3299 -0.2934 -0.0013 0.1819 0.0229 -0.2748 -0.3302 -0.3110 -0.1428 0.2340 0.0762 -0.1871 -0.3185 -0.3246 -0.2318 0.1715 0.1283 -0.0306 -0.2923 -0.3313 -0.3021 -0.0927 0.2181 0.0601 -0.2199 -0.3210 -0.3238 -0.2367 0.1320 0.1497 0.0092 -0.2759 -0.3292 -0.3158 -0.1864 0.2209 0.1179 -0.0319 -0.2884 -0.3312 -0.3099 -0.1542 0.2373 0.0994 -0.0791 -0.2984 -0.3317 -0.2406
-0.2800 -0.2936 -0.0530 0.1087 0.2324 -0.1707 -0.3129 -0.3306 -0.2832 -0.0125 0.1289 0.1996 -0.2018 -0.3183 -0.3279 -0.2689 0.0198 0.1610 0.1010 -0.2458 -0.3246 -0.3203 -0.2171 0.0601 0.2169 -0.0866 -0.3009 -0.3311 -0.2952 -0.0447 0.1203 0.1971 -0.2178 -0.3228 -0.3214 -0.2105 0.0677 0.2279 -0.1247 -0.3079 -0.3310 -0.2813 0.0093 0.1630 0.0484 -0.2810 -0.3289 -0.3076 -0.1044 0.0973 0.1908 0.0973 -0.1044 -0.3076 -0.3289 -0.2810 0.0484 0.1630 0.0093 -0.2813 -0.3310 -0.3079 -0.1247 0.2279 0.0677 -0.2105 -0.3214 -0.3228 -0.2178 0.1971 0.1203 -0.0447 -0.2952 -0.3311 -0.3009 -0.0866 0.2169 0.0601 -0.2171 -0.3203 -0.3246 -0.2458 0.1010 0.1610 0.0198 -0.2689 -0.3279 -0.3183 -0.2018 0.1996 0.1289 -0.0125 -0.2832 -0.3306 -0.3129 -0.1707 0.2324 0.1087 -0.0530 -0.2936 -0.2800
-0.2612 -0.0285 0.1186 0.2199 -0.1869 -0.3158 -0.3295 -0.2774 0.0040 0.1418 0.1662 -0.2182 -0.3207 -0.3261 -0.2588 0.0308 0.1763 0.0597 -0.2588 -0.3258 -0.3187 -0.2083 0.0625 0.2181 -0.0866 -0.3005 -0.3310 -0.2970 -0.0557 0.1146 0.2129 -0.2061 -0.3210 -0.3237 -0.2290 0.0595 0.2204 -0.1053 -0.3048 -0.3313 -0.2865 -0.0064 0.1469 0.1024 -0.2608 -0.3275 -0.3122 -0.1376 0.0913 0.2387 -0.0276 0.2387 0.0913 -0.1376 -0.3122 -0.3275 -0.2608 0.1024 0.1469 -0.0064 -0.2865 -0.3313 -0.3048 -0.1053 0.2204 0.0595 -0.2290 -0.3237 -0.3210 -0.2061 0.2129 0.1146 -0.0557 -0.2970 -0.3310 -0.3005 -0.0866 0.2181 0.0625 -0.2083 -0.3187 -0.3258 -0.2588 0.0597 0.1763 0.0308 -0.2588 -0.3261 -0.3207 -0.2182 0.1662 0.1418 0.0040 -0.2774 -0.3295 -0.3158 -0.1869 0.2199 0.1186 -0.0285 -0.2612
-0.0407 0.1308 0.1975 -0.2030 -0.3185 -0.3280 -0.2693 0.0183 0.1570 0.1207 -0.2355 -0.3230 -0.3237 -0.2449 0.0414 0.1918 0.0147 -0.2754 -0.3271 -0.3163 -0.1935 0.0670 0.2214 -0.0927 -0.3009 -0.3310 -0.2976 -0.0618 0.1111 0.2212 -0.1971 -0.3194 -0.3254 -0.2429 0.0516 0.2125 -0.0841 -0.3017 -0.3313 -0.2915 -0.0243 0.1332 0.1515 -0.2419 -0.3258 -0.3162 -0.1679 0.0823 0.2368 -0.1518 -0.2923 -0.1518 0.2368 0.0823 -0.1679 -0.3162 -0.3258 -0.2419 0.1515 0.1332 -0.0243 -0.2915 -0.3313 -0.3017 -0.0841 0.2125 0.0516 -0.2429 -0.3254 -0.3194 -0.1971 0.2212 0.1111 -0.0618 -0.2976 -0.3310 -0.3009 -0.0927 0.2214 0.0670 -0.1935 -0.3163 -0.3271 -0.2754 0.0147 0.1918 0.0414 -0.2449 -0.3237 -0.3230 -0.2355 0.1207 0.1570 0.0183 -0.2693 -0.3280 -0.3185 -0.2030 0.1975 0.1308 -0.0407
0.1366 0.1628 -0.2196 -0.3209 -0.3260 -0.2583 0.0308 0.1750 0.0674 -0.2539 -0.3251 -0.3208 -0.2267 0.0516 0.2035 -0.0265 -0.2892 -0.3284 -0.3132 -0.1729 0.0730 0.2262 -0.1039 -0.3021 -0.3311 -0.2970 -0.0618 0.1099 0.2248 -0.1916 -0.3183 -0.3265 -0.2526 0.0445 0.2050 -0.0613 -0.2988 -0.3311 -0.2962 -0.0443 0.1220 0.1887 -0.2243 -0.3238 -0.3197 -0.1955 0.0735 0.2324 -0.1386 -0.3124 -0.3394 -0.3124 -0.1386 0.2324 0.0735 -0.1955 -0.3197 -0.3238 -0.2243 0.1887 0.1220 -0.0443 -0.2962 -0.3311 -0.2988 -0.0613 0.2050 0.0445 -0.2526 -0.3265 -0.3183 -0.1916 0.2248 0.1099 -0.0618 -0.2970 -0.3311 -0.3021 -0.1039 0.2262 0.0730 -0.1729 -0.3132 -0.3284 -0.2892 -0.0265 0.2035 0.0516 -0.2267 -0.3208 -0.3251 -0.2539 0.0674 0.1750 0.0308 -0.2583 -0.3260 -0.3209 -0.2196 0.1628 0.1366
0.1071 -0.2367 -0.3232 -0.3236 -0.2437 0.0421 0.1920 0.0152 -0.2739 -0.3269 -0.3175 -0.2043 0.0613 0.2134 -0.0607 -0.2955 -0.3296 -0.3095 -0.1476 0.0801 0.2314 -0.1180 -0.3041 -0.3313 -0.2952 -0.0557 0.1111 0.2248 -0.1897 -0.3177 -0.3271 -0.2586 0.0387 0.1986 -0.0380 -0.2961 -0.3305 -0.3004 -0.0658 0.1127 0.2131 -0.2083 -0.3216 -0.3227 -0.2193 0.0645 0.2254 -0.1187 -0.3071 -0.3416 -0.3429 -0.3416 -0.3071 -0.1187 0.2254 0.0645 -0.2193 -0.3227 -0.3216 -0.2083 0.2131 0.1127 -0.0658 -0.3004 -0.3305 -0.2961 -0.0380 0.1986 0.0387 -0.2586 -0.3271 -0.3177 -0.1897 0.2248 0.1111 -0.0557 -0.2952 -0.3313 -0.3041 -0.1180 0.2314 0.0801 -0.1476 -0.3095 -0.3296 -0.2955 -0.0607 0.2134 0.0613 -0.2043 -0.3175 -0.3269 -0.2739 0.0152 0.1920 0.0421 -0.2437 -0.3236 -0.3232 -0.2367 0.1071
-0.2026 -0.3256 -0.3206 -0.2252 0.0523 0.2042 -0.0285 -0.2892 -0.3284 -0.3137 -0.1778 0.0704 0.2225 -0.0885 -0.2990 -0.3305 -0.3051 -0.1191 0.0879 0.2358 -0.1334 -0.3065 -0.3314 -0.2923 -0.0447 0.1146 0.2212 -0.1916 -0.3177 -0.3274 -0.2614 0.0349 0.1940 -0.0174 -0.2938 -0.3299 -0.3041 -0.0878 0.1047 0.2273 -0.1937 -0.3194 -0.3251 -0.2385 0.0551 0.2167 -0.0969 -0.3037 -0.3309 -0.2975 -0.1527 -0.2975 -0.3309 -0.3037 -0.0969 0.2167 0.0551 -0.2385 -0.3251 -0.3194 -0.1937 0.2273 0.1047 -0.0878 -0.3041 -0.3299 -0.2938 -0.0174 0.1940 0.0349 -0.2614 -0.3274 -0.3177 -0.1916 0.2212 0.1146 -0.0447 -0.2923 -0.3314 -0.3065 -0.1334 0.2358 0.0879 -0.1191 -0.3051 -0.3305 -0.2990 -0.0885 0.2225 0.0704 -0.1778 -0.3137 -0.3284 -0.2892 -0.0285 0.2042 0.0523 -0.2252 -0.3206 -0.3256 -0.2026
-0.2702 -0.3175 -0.2025 0.0620 0.2141 -0.0629 -0.2957 -0.3297 -0.3094 -0.1483 0.0793 0.2302 -0.1114 -0.3025 -0.3312 -0.3003 -0.0896 0.0962 0.2376 -0.1492 -0.3092 -0.3312 -0.2886 -0.0306 0.1203 0.2129 -0.1971 -0.3183 -0.3271 -0.2614 0.0336 0.1915 -0.0032 -0.2922 -0.3293 -0.3069 -0.1083 0.0980 0.2345 -0.1803 -0.3171 -0.3271 -0.2532 0.0456 0.2074 -0.0715 -0.3003 -0.3311 -0.2926 -0.0244 0.0722 -0.0244 -0.2926 -0.3311 -0.3003 -0.0715 0.2074 0.0456 -0.2532 -0.3271 -0.3171 -0.1803 0.2345 0.0980 -0.1083 -0.3069 -0.3293 -0.2922 -0.0032 0.1915 0.0336 -0.2614 -0.3271 -0.3183 -0.1971 0.2129 0.1203 -0.0306 -0.2886 -0.3312 -0.3092 -0.1492 0.2376 0.0962 -0.0896 -0.3003 -0.3312 -0.3025 -0.1114 0.2302 0.0793 -0.1483 -0.3094 -0.3297 -0.2957 -0.0629 0.2141 0.0620 -0.2025 -0.3175 -0.2702
-0.2759 -0.1742 0.0710 0.2231 -0.0903 -0.2993 -0.3306 -0.3048 -0.1173 0.0880 0.2356 -0.1313 -0.3058 -0.3314 -0.2952 -0.0620 0.1052 0.2349 -0.1650 -0.3120 -0.3307 -0.2843 -0.0152 0.1283 0.1971 -0.2061 -0.3194 -0.3265 -0.2586 0.0349 0.1915 0.0019 -0.2911 -0.3289 -0.3089 -0.1244 0.0926 0.2372 -0.1685 -0.3150 -0.3285 -0.2640 0.0359 0.1979 -0.0414 -0.2969 -0.3308 -0.2983 -0.0514 0.1135 0.2087 0.1135 -0.0514 -0.2983 -0.3308 -0.2969 -0.0414 0.1979 0.0359 -0.2640 -0.3285 -0.3150 -0.1685 0.2372 0.0926 -0.1244 -0.3089 -0.3289 -0.2911 0.0019 0.1915 0.0349 -0.2586 -0.3265 -0.3194 -0.2061 0.1971 0.1283 -0.0152 -0.2843 -0.3307 -0.3120 -0.1650 0.2349 0.1052 -0.0620 -0.2952 -0.3314 -0.3058 -0.1313 0.2356 0.0880 -0.1173 -0.3048 -0.3306 -0.2993 -0.0903 0.2231 0.0710 -0.1742 -0.2759
-0.1745 0.0816 0.2307 -0.1130 -0.3027 -0.3312 -0.2999 -0.0873 0.0968 0.2376 -0.1492 -0.3090 -0.3313 -0.2899 -0.0381 0.1149 0.2255 -0.1810 -0.3148 -0.3298 -0.2793 -0.0002 0.1388 0.1715 -0.2178 -0.3210 -0.3254 -0.2526 0.0387 0.1940 -0.0032 -0.2911 -0.3288 -0.3098 -0.1345 0.0888 0.2375 -0.1586 -0.3131 -0.3295 -0.2717 0.0262 0.1850 -0.0057 -0.2935 -0.3300 -0.3032 -0.0790 0.1088 0.2255 -0.0943 0.2255 0.1088 -0.0790 -0.3032 -0.3300 -0.2935 -0.0057 0.1850 0.0262 -0.2717 -0.3295 -0.3131 -0.1586 0.2375 0.0888 -0.1345 -0.3098 -0.3288 -0.2911 -0.0032 0.1940 0.0387 -0.2526 -0.3254 -0.3210 -0.2178 0.1715 0.1388 -0.0002 -0.2793 -0.3298 -0.3148 -0.1810 0.2255 0.1149 -0.0381 -0.2899 -0.3313 -0.3090 -0.1492 0.2376 0.0968 -0.0873 -0.2999 -0.3312 -0.3027 -0.1130 0.2307 0.0816 -0.1745
0.0796 0.2358 -0.1327 -0.3061 -0.3314 -0.2947 -0.0600 0.1059 0.2345 -0.1660 -0.3121 -0.3308 -0.2847 -0.0177 0.1255 0.2070 -0.1971 -0.3175 -0.3285 -0.2725 0.0136 0.1519 0.1341 -0.2318 -0.3228 -0.3237 -0.2429 0.0445 0.1986 -0.0174 -0.2922 -0.3289 -0.3098 -0.1379 0.0870 0.2371 -0.1515 -0.3116 -0.3301 -0.2769 0.0168 0.1703 0.0337 -0.2841 -0.3290 -0.3075 -0.1063 0.0998 0.2316 -0.1844 -0.3004 -0.1844 0.2316 0.0998 -0.1063 -0.3075 -0.3290 -0.2841 0.0337 0.1703 0.0168 -0.2769 -0.3301 -0.3116 -0.1515 0.2371 0.0870 -0.1379 -0.3098 -0.3289 -0.2922 -0.0174 0.1986 0.0445 -0.2429 -0.3237 -0.3228 -0.2318 0.1341 0.1519 0.0136 -0.2725 -0.3285 -0.3175 -0.1971 0.2070 0.1255 -0.0177 -0.2847 -0.3308 -0.3121 -0.1660 0.2345 0.1059 -0.0600 -0.2947 -0.3314 -0.3061 -0.1327 0.2358 0.0796
0.2234 -0.1506 -0.3092 -0.3313 -0.2895 -0.0364 0.1157 0.2245 -0.1822 -0.3150 -0.3298 -0.2792 -0.0004 0.1378 0.1771 -0.2134 -0.3201 -0.3267 -0.2626 0.0265 0.1683 0.0858 -0.2480 -0.3246 -0.3214 -0.2290 0.0516 0.2050 -0.0380 -0.2938 -0.3293 -0.3089 -0.1345 0.0870 0.2368 -0.1478 -0.3106 -0.3305 -0.2800 0.0086 0.1587 0.0720 -0.2691 -0.3279 -0.3113 -0.1336 0.0916 0.2371 -0.1723 -0.3191 -0.3441 -0.3191 -0.1723 0.2371 0.0916 -0.1336 -0.3113 -0.3279 -0.2691 0.0720 0.1587 0.0086 -0.2800 -0.3305 -0.3106 -0.1478 0.2368 0.0870 -0.1345 -0.3089 -0.3293 -0.2938 -0.0380 0.2050 0.0516 -0.2290 -0.3214 -0.3246 -0.2480 0.0858 0.1683 0.0265 -0.2626 -0.3267 -0.3201 -0.2134 0.1771 0.1378 -0.0004 -0.2792 -0.3298 -0.3150 -0.1822 0.2245 0.1157 -0.0364 -0.2895 -0.3313 -0.3092 -0.1506 0.2234
-0.1433 -0.3127 -0.3307 -0.2843 -0.0163 0.1264 0.2051 -0.1984 -0.3177 -0.3285 -0.2719 0.0144 0.1523 0.1349 -0.2304 -0.3224 -0.3245 -0.2494 0.0381 0.1863 0.0332 -0.2667 -0.3263 -0.3185 -0.2105 0.0595 0.2125 -0.0613 -0.2961 -0.3299 -0.3069 -0.1244 0.0888 0.2371 -0.1478 -0.3102 -0.3307 -0.2818 0.0024 0.1506 0.1032 -0.2563 -0.3267 -0.3144 -0.1586 0.0841 0.2371 -0.1565 -0.3132 -0.3412 -0.3350 -0.3412 -0.3132 -0.1565 0.2371 0.0841 -0.1586 -0.3144 -0.3267 -0.2563 0.1032 0.1506 0.0024 -0.2818 -0.3307 -0.3102 -0.1478 0.2371 0.0888 -0.1244 -0.3069 -0.3299 -0.2961 -0.0613 0.2125 0.0595 -0.2105 -0.3185 -0.3263 -0.2667 0.0332 0.1863 0.0381 -0.2494 -0.3245 -0.3224 -0.2304 0.1349 0.1523 0.0144 -0.2719 -0.3285 -0.3177 -0.1984 0.2051 0.1264 -0.0163 -0.2843 -0.3307 -0.3127 -0.1433
-0.2544 -0.3301 -0.2787 0.0008 0.1389 0.1743 -0.2148 -0.3202 -0.3266 -0.2618 0.0274 0.1695 0.0830 -0.2485 -0.3245 -0.3217 -0.2324 0.0487 0.2005 -0.0139 -0.2846 -0.3279 -0.3150 -0.1871 0.0677 0.2204 -0.0841 -0.2988 -0.3305 -0.3041 -0.1083 0.0926 0.2375 -0.1515 -0.3106 -0.3307 -0.2823 -0.0010 0.1458 0.1244 -0.2469 -0.3257 -0.3168 -0.1792 0.0775 0.2342 -0.1417 -0.3105 -0.3297 -0.2792 -0.0859 -0.2792 -0.3297 -0.3105 -0.1417 0.2342 0.0775 -0.1792 -0.3168 -0.3257 -0.2469 0.1244 0.1458 -0.0010 -0.2823 -0.3307 -0.3106 -0.1515 0.2375 0.0926 -0.1083 -0.3041 -0.3305 -0.2988 -0.0841 0.2204 0.0677 -0.1871 -0.3150 -0.3279 -0.2846 -0.0139 0.2005 0.0487 -0.2324 -0.3217 -0.3245 -0.2485 0.0830 0.1695 0.0274 -0.2618 -0.3266 -0.3202 -0.2148 0.1743 0.1389 0.0008 -0.2787 -0.3301 -0.2544
-0.2820 -0.2714 0.0153 0.1536 0.1311 -0.2318 -0.3226 -0.3243 -0.2483 0.0389 0.1874 0.0295 -0.2680 -0.3264 -0.3185 -0.2112 0.0586 0.2106 -0.0515 -0.2944 -0.3293 -0.3110 -0.1592 0.0762 0.2279 -0.1053 -0.3017 -0.3311 -0.3004 -0.0878 0.0980 0.2372 -0.1586 -0.3116 -0.3305 -0.2818 -0.0010 0.1441 0.1351 -0.2411 -0.3249 -0.3185 -0.1947 0.0718 0.2300 -0.1278 -0.3080 -0.3308 -0.2815 0.0103 0.0900 0.0103 -0.2815 -0.3308 -0.3080 -0.1278 0.2300 0.0718 -0.1947 -0.3185 -0.3249 -0.2411 0.1351 0.1441 -0.0010 -0.2818 -0.3305 -0.3116 -0.1586 0.2372 0.0980 -0.0878 -0.3004 -0.3311 -0.3017 -0.1053 0.2279 0.0762 -0.1592 -0.3110 -0.3293 -0.2944 -0.0515 0.2106 0.0586 -0.2112 -0.3185 -0.3264 -0.2680 0.0295 0.1874 0.0389 -0.2483 -0.3243 -0.3226 -0.2318 0.1311 0.1536 0.0153 -0.2714 -0.2820
-0.2485 0.0299 0.1710 0.0788 -0.2500 -0.3247 -0.3215 -0.2310 0.0495 0.2013 -0.0170 -0.2855 -0.3280 -0.3148 -0.1858 0.0678 0.2200 -0.0811 -0.2980 -0.3303 -0.3066 -0.1287 0.0848 0.2340 -0.1247 -0.3048 -0.3313 -0.2962 -0.0658 0.1047 0.2345 -0.1685 -0.3131 -0.3301 -0.2800 0.0024 0.1458 0.1351 -0.2391 -0.3245 -0.3196 -0.2049 0.0674 0.2259 -0.1151 -0.3057 -0.3313 -0.2861 -0.0059 0.1357 0.2233 0.1357 -0.0059 -0.2861 -0.3313 -0.3057 -0.1151 0.2259 0.0674 -0.2049 -0.3196 -0.3245 -0.2391 0.1351 0.1458 0.0024 -0.2800 -0.3301 -0.3131 -0.1685 0.2345 0.1047 -0.0658 -0.2962 -0.3313 -0.3048 -0.1247 0.2340 0.0848 -0.1287 -0.3066 -0.3303 -0.2980 -0.0811 0.2200 0.0678 -0.1858 -0.3148 -0.3280 -0.2855 -0.0170 0.2013 0.0495 -0.2310 -0.3215 -0.3247 -0.2500 0.0788 0.1710 0.0299 -0.2485
0.0218 0.1887 0.0256 -0.2696 -0.3265 -0.3183 -0.2095 0.0592 0.2113 -0.0538 -0.2947 -0.3293 -0.3107 -0.1570 0.0768 0.2282 -0.1052 -0.3015 -0.3310 -0.3017 -0.0980 0.0936 0.2373 -0.1428 -0.3079 -0.3313 -0.2915 -0.0443 0.1127 0.2273 -0.1803 -0.3150 -0.3295 -0.2769 0.0086 0.1506 0.1244 -0.2411 -0.3245 -0.3199 -0.2101 0.0645 0.2226 -0.1048 -0.3039 -0.3314 -0.2897 -0.0208 0.1341 0.1644 -0.1509 0.1644 0.1341 -0.0208 -0.2897 -0.3314 -0.3039 -0.1048 0.2226 0.0645 -0.2101 -0.3199 -0.3245 -0.2411 0.1244 0.1506 0.0086 -0.2769 -0.3295 -0.3150 -0.1803 0.2273 0.1127 -0.0443 -0.2915 -0.3313 -0.3079 -0.1428 0.2373 0.0936 -0.0980 -0.3017 -0.3310 -0.3015 -0.1052 0.2282 0.0768 -0.1570 -0.3107 -0.3293 -0.2947 -0.0538 0.2113 0.0592 -0.2095 -0.3183 -0.3265 -0.2696 0.0256 0.1887 0.0218
0.1924 -0.0204 -0.2865 -0.3281 -0.3146 -0.1838 0.0685 0.2207 -0.0830 -0.2983 -0.3304 -0.3062 -0.1262 0.0855 0.2344 -0.1258 -0.3049 -0.3314 -0.2966 -0.0696 0.1025 0.2363 -0.1600 -0.3110 -0.3310 -0.2865 -0.0243 0.1220 0.2131 -0.1937 -0.3171 -0.3285 -0.2717 0.0168 0.1587 0.1032 -0.2469 -0.3249 -0.3196 -0.2101 0.0635 0.2207 -0.0977 -0.3026 -0.3313 -0.2926 -0.0336 0.1258 0.1797 -0.2239 -0.3097 -0.2239 0.1797 0.1258 -0.0336 -0.2926 -0.3313 -0.3026 -0.0977 0.2207 0.0635 -0.2101 -0.3196 -0.3249 -0.2469 0.1032 0.1587 0.0168 -0.2717 -0.3285 -0.3171 -0.1937 0.2131 0.1220 -0.0243 -0.2865 -0.3310 -0.3110 -0.1600 0.2363 0.1025 -0.0696 -0.2966 -0.3314 -0.3049 -0.1258 0.2344 0.0855 -0.1262 -0.3062 -0.3304 -0.2983 -0.0830 0.2207 0.0685 -0.1838 -0.3146 -0.3281 -0.2865 -0.0204 0.1924
-0.0481 -0.2953 -0.3294 -0.3104 -0.1548 0.0774 0.2287 -0.1068 -0.3018 -0.3311 -0.3013 -0.0957 0.0943 0.2374 -0.1442 -0.3081 -0.3314 -0.2914 -0.0446 0.1120 0.2291 -0.1763 -0.3140 -0.3302 -0.2813 -0.0064 0.1332 0.1887 -0.2083 -0.3194 -0.3271 -0.2640 0.0262 0.1703 0.0720 -0.2563 -0.3257 -0.3185 -0.2049 0.0645 0.2207 -0.0952 -0.3018 -0.3312 -0.2946 -0.0442 0.1196 0.2009 -0.2148 -0.3265 -0.3479 -0.3265 -0.2148 0.2009 0.1196 -0.0442 -0.2946 -0.3312 -0.3018 -0.0952 0.2207 0.0645 -0.2049 -0.3185 -0.3257 -0.2563 0.0720 0.1703 0.0262 -0.2640 -0.3271 -0.3194 -0.2083 0.1887 0.1332 -0.0064 -0.2813 -0.3302 -0.3140 -0.1763 0.2291 0.1120 -0.0446 -0.2914 -0.3314 -0.3081 -0.1442 0.2374 0.0943 -0.0957 -0.3013 -0.3311 -0.3018 -0.1068 0.2287 0.0774 -0.1548 -0.3104 -0.3294 -0.2953 -0.0481
-0.2346 -0.3308 -0.3058 -0.1240 0.0861 0.2347 -0.1272 -0.3051 -0.3314 -0.2962 -0.0675 0.1033 0.2360 -0.1613 -0.3112 -0.3310 -0.2862 -0.0232 0.1223 0.2134 -0.1924 -0.3167 -0.3290 -0.2748 0.0093 0.1469 0.1515 -0.2243 -0.3216 -0.3251 -0.2532 0.0359 0.1850 0.0337 -0.2691 -0.3267 -0.3168 -0.1947 0.0674 0.2226 -0.0977 -0.3018 -0.3312 -0.2956 -0.0512 0.1156 0.2124 -0.2051 -0.3206 -0.3375 -0.3194 -0.3375 -0.3206 -0.2051 0.2124 0.1156 -0.0512 -0.2957 -0.3312 -0.3018 -0.0977 0.2226 0.0674 -0.1947 -0.3168 -0.3267 -0.2691 0.0337 0.1850 0.0359 -0.2532 -0.3251 -0.3216 -0.2243 0.1515 0.1469 0.0093 -0.2748 -0.3290 -0.3167 -0.1924 0.2134 0.1223 -0.0232 -0.2862 -0.3310 -0.3112 -0.1613 0.2360 0.1033 -0.0675 -0.2962 -0.3314 -0.3051 -0.1272 0.2347 0.0861 -0.1240 -0.3058 -0.3308 -0.2346
-0.2779 -0.3013 -0.0937 0.0949 0.2375 -0.1455 -0.3084 -0.3313 -0.2910 -0.0428 0.1128 0.2282 -0.1776 -0.3142 -0.3302 -0.2809 -0.0051 0.1341 0.1870 -0.2087 -0.3193 -0.3273 -0.2658 0.0229 0.1630 0.1024 -0.2419 -0.3238 -0.3227 -0.2385 0.0456 0.1979 -0.0057 -0.2841 -0.3279 -0.3144 -0.1792 0.0718 0.2259 -0.1048 -0.3026 -0.3312 -0.2956 -0.0536 0.1136 0.2182 -0.1988 -0.3194 -0.3246 -0.2387 -0.0192 -0.2387 -0.3246 -0.3194 -0.1988 0.2182 0.1135 -0.0537 -0.2957 -0.3312 -0.3026 -0.1048 0.2259 0.0718 -0.1792 -0.3144 -0.3279 -0.2841 -0.0057 0.1979 0.0456 -0.2385 -0.3227 -0.3238 -0.2419 0.1024 0.1630 0.0229 -0.2658 -0.3273 -0.3193 -0.2087 0.1870 0.1341 -0.0051 -0.2809 -0.3302 -0.3142 -0.1776 0.2282 0.1128 -0.0428 -0.2910 -0.3313 -0.3084 -0.1455 0.2375 0.0949 -0.0937 -0.3013 -0.2779
-0.2659 -0.0635 0.1038 0.2357 -0.1625 -0.3114 -0.3309 -0.2858 -0.0217 0.1232 0.2118 -0.1937 -0.3169 -0.3289 -0.2743 0.0103 0.1479 0.1483 -0.2254 -0.3218 -0.3252 -0.2536 0.0349 0.1819 0.0484 -0.2608 -0.3258 -0.3197 -0.2193 0.0551 0.2074 -0.0414 -0.2935 -0.3290 -0.3113 -0.1586 0.0775 0.2300 -0.1151 -0.3039 -0.3313 -0.2946 -0.0512 0.1136 0.2200 -0.1956 -0.3187 -0.3261 -0.2511 0.0457 0.1173 0.0457 -0.2511 -0.3261 -0.3187 -0.1955 0.2200 0.1135 -0.0512 -0.2946 -0.3313 -0.3039 -0.1151 0.2300 0.0775 -0.1586 -0.3113 -0.3290 -0.2935 -0.0414 0.2074 0.0551 -0.2193 -0.3197 -0.3258 -0.2608 0.0484 0.1819 0.0349 -0.2536 -0.3252 -0.3218 -0.2254 0.1483 0.1479 0.0103 -0.2743 -0.3289 -0.3169 -0.1937 0.2118 0.1232 -0.0217 -0.2858 -0.3309 -0.3114 -0.1625 0.2357 0.1038 -0.0635 -0.2659
-0.0761 0.1150 0.2273 -0.1788 -0.3144 -0.3301 -0.2804 -0.0038 0.1351 0.1844 -0.2100 -0.3195 -0.3272 -0.2650 0.0238 0.1643 0.0986 -0.2431 -0.3239 -0.3226 -0.2377 0.0458 0.1975 -0.0013 -0.2810 -0.3275 -0.3162 -0.1955 0.0645 0.2167 -0.0715 -0.2969 -0.3300 -0.3075 -0.1336 0.0841 0.2342 -0.1278 -0.3057 -0.3314 -0.2926 -0.0442 0.1156 0.2182 -0.1956 -0.3185 -0.3267 -0.2564 0.0405 0.1808 0.2122 0.1808 0.0405 -0.2564 -0.3267 -0.3185 -0.1955 0.2182 0.1156 -0.0442 -0.2926 -0.3314 -0.3057 -0.1278 0.2342 0.0841 -0.1336 -0.3075 -0.3300 -0.2969 -0.0715 0.2167 0.0645 -0.1955 -0.3162 -0.3275 -0.2810 -0.0013 0.1975 0.0458 -0.2377 -0.3226 -0.3239 -0.2431 0.0986 0.1643 0.0238 -0.2650 -0.3272 -0.3195 -0.2100 0.1844 0.1351 -0.0038 -0.2804 -0.3301 -0.3144 -0.1788 0.2273 0.1150 -0.0761
0.1182 0.2098 -0.1949 -0.3172 -0.3288 -0.2736 0.0114 0.1491 0.1447 -0.2268 -0.3219 -0.3250 -0.2525 0.0357 0.1830 0.0445 -0.2622 -0.3259 -0.3195 -0.2177 0.0558 0.2078 -0.0416 -0.2934 -0.3289 -0.3123 -0.1679 0.0735 0.2254 -0.0969 -0.3003 -0.3308 -0.3032 -0.1063 0.0916 0.2371 -0.1417 -0.3080 -0.3313 -0.2897 -0.0336 0.1196 0.2124 -0.1988 -0.3187 -0.3267 -0.2577 0.0376 0.1963 -0.0117 -0.2283 -0.0117 0.1963 0.0376 -0.2577 -0.3267 -0.3187 -0.1988 0.2124 0.1196 -0.0336 -0.2897 -0.3313 -0.3080 -0.1417 0.2371 0.0916 -0.1063 -0.3032 -0.3308 -0.3003 -0.0969 0.2254 0.0735 -0.1679 -0.3122 -0.3289 -0.2934 -0.0416 0.2078 0.0558 -0.2177 -0.3195 -0.3259 -0.2622 0.0445 0.1830 0.0357 -0.2525 -0.3250 -0.3219 -0.2268 0.1447 0.1491 0.0114 -0.2736 -0.3288 -0.3172 -0.1949 0.2098 0.1182
0.1675 -0.2112 -0.3197 -0.3270 -0.2642 0.0248 0.1657 0.0944 -0.2446 -0.3241 -0.3224 -0.2364 0.0465 0.1983 -0.0046 -0.2819 -0.3276 -0.3159 -0.1935 0.0652 0.2174 -0.0732 -0.2970 -0.3300 -0.3079 -0.1376 0.0823 0.2324 -0.1186 -0.3037 -0.3313 -0.2984 -0.0790 0.0997 0.2371 -0.1563 -0.3105 -0.3310 -0.2861 -0.0208 0.1256 0.2012 -0.2050 -0.3195 -0.3263 -0.2563 0.0375 0.1948 -0.0157 -0.2934 -0.3230 -0.2934 -0.0161 0.1949 0.0376 -0.2564 -0.3261 -0.3194 -0.2051 0.2009 0.1258 -0.0208 -0.2861 -0.3308 -0.3105 -0.1565 0.2371 0.0998 -0.0790 -0.2983 -0.3311 -0.3037 -0.1187 0.2324 0.0823 -0.1376 -0.3076 -0.3299 -0.2970 -0.0733 0.2174 0.0652 -0.1935 -0.3157 -0.3275 -0.2819 -0.0048 0.1983 0.0465 -0.2364 -0.3221 -0.3240 -0.2446 0.0941 0.1659 0.0248 -0.2642 -0.3268 -0.3196 -0.2112 0.1673
-0.1862 -0.3225 -0.3248 -0.2514 0.0366 0.1842 0.0404 -0.2638 -0.3260 -0.3193 -0.2161 0.0565 0.2085 -0.0441 -0.2936 -0.3290 -0.3119 -0.1656 0.0742 0.2260 -0.0987 -0.3005 -0.3309 -0.3032 -0.1067 0.0910 0.2367 -0.1377 -0.3070 -0.3314 -0.2933 -0.0532 0.1086 0.2324 -0.1713 -0.3131 -0.3304 -0.2820 -0.0072 0.1340 0.1822 -0.2140 -0.3206 -0.3255 -0.2523 0.0397 0.1957 -0.0132 -0.2927 -0.3354 -0.3484 -0.3355 -0.2930 -0.0161 0.1963 0.0405 -0.2511 -0.3246 -0.3206 -0.2148 0.1797 0.1341 -0.0059 -0.2815 -0.3297 -0.3132 -0.1723 0.2316 0.1088 -0.0514 -0.2926 -0.3309 -0.3071 -0.1386 0.2368 0.0913 -0.1044 -0.3021 -0.3304 -0.3007 -0.0998 0.2263 0.0746 -0.1633 -0.3109 -0.3287 -0.2939 -0.0460 0.2089 0.0570 -0.2143 -0.3182 -0.3258 -0.2644 0.0376 0.1844 0.0373 -0.2503 -0.3239 -0.3224 -0.1865
-0.2662 -0.3225 -0.2350 0.0473 0.1991 -0.0080 -0.2829 -0.3277 -0.3157 -0.1916 0.0659 0.2181 -0.0752 -0.2973 -0.3301 -0.3075 -0.1352 0.0830 0.2328 -0.1202 -0.3039 -0.3313 -0.2981 -0.0775 0.0999 0.2371 -0.1551 -0.3101 -0.3312 -0.2881 -0.0305 0.1185 0.2202 -0.1868 -0.3158 -0.3294 -0.2768 0.0061 0.1448 0.1532 -0.2256 -0.3221 -0.3242 -0.2453 0.0438 0.1987 -0.0209 -0.2928 -0.3285 -0.3196 -0.2646 -0.3376 -0.3355 -0.2934 -0.0117 0.1808 0.0457 -0.2387 -0.3375 -0.3265 -0.2239 0.1644 0.1357 0.0103 -0.2792 -0.3412 -0.3191 -0.1844 0.2255 0.1135 -0.0244 -0.2975 -0.3416 -0.3124 -0.1518 0.2387 0.0973 -0.0683 -0.3114 -0.3403 -0.3055 -0.1154 0.2242 0.0819 -0.1243 -0.3223 -0.3377 -0.2981 -0.0679 0.2024 0.0661 -0.1814 -0.3305 -0.3339 -0.2828 0.0046 0.1803 0.0486 -0.2278 -0.3366 -0.2681
-0.2787 -0.2135 0.0571 0.2093 -0.0469 -0.2939 -0.3290 -0.3115 -0.1634 0.0749 0.2266 -0.1004 -0.3008 -0.3308 -0.3026 -0.1043 0.0918 0.2369 -0.1391 -0.3072 -0.3313 -0.2929 -0.0514 0.1093 0.2319 -0.1717 -0.3131 -0.3304 -0.2829 -0.0113 0.1297 0.1978 -0.2028 -0.3184 -0.3278 -0.2692 0.0189 0.1586 0.1131 -0.2396 -0.3237 -0.3223 -0.2347 0.0494 0.2035 -0.0357 -0.2938 -0.3290 -0.3034 -0.0934 0.0120 -0.2665 -0.3488 -0.3230 -0.2283 0.2122 0.1173 -0.0192 -0.3194 -0.3479 -0.3097 -0.1509 0.2233 0.0900 -0.0859 -0.3350 -0.3441 -0.3004 -0.0943 0.2087 0.0722 -0.1527 -0.3429 -0.3394 -0.2923 -0.0276 0.1908 0.0566 -0.2139 -0.3477 -0.3341 -0.2726 0.0681 0.1654 0.0395 -0.2615 -0.3502 -0.3280 -0.2494 0.1608 0.1415 0.0190 -0.2934 -0.3507 -0.3213 -0.2266 0.2113 0.1207 -0.0081 -0.3127 -0.2946
