0.0008 0.0070 0.0495 0.3534 1.0000 1.0000 0.0005 0.0034 0.0241 0.1715 1.0000 1.0000 0.0002 0.0016 0.0117 0.0833 0.5916 1.0000 1.0000 0.0008 0.0057 0.0403 0.2872 1.0000 1.0000 0.0004 0.0027 0.0196 0.1392 0.9924 1.0000 1.0000 0.0013 0.0095 0.0676 0.4809 1.0000 1.0000 0.0006 0.0046 0.0327 0.2334 1.0000 1.0000 0.0003 0.0022 0.0159 0.1133 0.8097 1.0000 1.0000 1.0000 0.8097 0.1133 0.0159 0.0022 0.0003 1.0000 1.0000 0.2334 0.0327 0.0046 0.0006 1.0000 1.0000 0.4809 0.0676 0.0095 0.0013 1.0000 1.0000 0.9924 0.1392 0.0196 0.0027 0.0004 1.0000 1.0000 0.2872 0.0403 0.0057 0.0008 1.0000 1.0000 0.5916 0.0833 0.0117 0.0016 0.0002 1.0000 1.0000 0.1715 0.0241 0.0034 0.0005 1.0000 1.0000 0.3534 0.0495 0.0070 0.0008
0.0070 0.0583 0.3976 1.0000 1.0000 0.0005 0.0037 0.0264 0.1879 1.0000 1.0000 0.0003 0.0018 0.0128 0.0911 0.6482 1.0000 1.0000 0.0009 0.0062 0.0441 0.3146 1.0000 1.0000 0.0004 0.0030 0.0214 0.1525 1.0000 1.0000 1.0000 0.0015 0.0104 0.0740 0.5258 1.0000 1.0000 0.0007 0.0050 0.0359 0.2553 1.0000 1.0000 0.0003 0.0024 0.0174 0.1237 0.8820 1.0000 1.0000 0.0006 1.0000 1.0000 0.8820 0.1237 0.0174 0.0024 0.0003 1.0000 1.0000 0.2553 0.0359 0.0050 0.0007 1.0000 1.0000 0.5258 0.0740 0.0104 0.0015 1.0000 1.0000 1.0000 0.1525 0.0214 0.0030 0.0004 1.0000 1.0000 0.3146 0.0441 0.0062 0.0009 1.0000 1.0000 0.6482 0.0911 0.0128 0.0018 0.0003 1.0000 1.0000 0.1879 0.0264 0.0037 0.0005 1.0000 1.0000 0.3976 0.0583 0.0070
0.0495 0.3976 1.0000 1.0000 0.0005 0.0032 0.0228 0.1617 1.0000 1.0000 1.0000 0.0015 0.0109 0.0779 0.5546 1.0000 1.0000 0.0007 0.0053 0.0378 0.2692 1.0000 1.0000 0.0004 0.0026 0.0183 0.1304 0.9285 1.0000 1.0000 0.0012 0.0089 0.0633 0.4507 1.0000 1.0000 0.0006 0.0043 0.0307 0.2184 1.0000 1.0000 0.0003 0.0021 0.0149 0.1060 0.7547 1.0000 1.0000 0.0011 0.0035 0.0011 1.0000 1.0000 0.7547 0.1060 0.0149 0.0021 0.0003 1.0000 1.0000 0.2184 0.0307 0.0043 0.0006 1.0000 1.0000 0.4507 0.0633 0.0089 0.0012 1.0000 1.0000 0.9285 0.1304 0.0183 0.0026 0.0004 1.0000 1.0000 0.2692 0.0378 0.0053 0.0007 1.0000 1.0000 0.5546 0.0779 0.0109 0.0015 1.0000 1.0000 1.0000 0.1617 0.0228 0.0032 0.0005 1.0000 1.0000 0.3976 0.0495
0.3534 1.0000 1.0000 0.0004 0.0030 0.0207 0.1443 1.0000 1.0000 1.0000 0.0013 0.0096 0.0679 0.4836 1.0000 1.0000 0.0006 0.0046 0.0329 0.2343 1.0000 1.0000 0.0003 0.0022 0.0160 0.1137 0.8097 1.0000 1.0000 0.0011 0.0077 0.0551 0.3923 1.0000 1.0000 0.0005 0.0038 0.0268 0.1904 1.0000 1.0000 0.0003 0.0018 0.0130 0.0923 0.6569 1.0000 1.0000 0.0009 0.0065 0.0216 0.0065 0.0009 1.0000 1.0000 0.6569 0.0923 0.0130 0.0018 0.0003 1.0000 1.0000 0.1904 0.0268 0.0038 0.0005 1.0000 1.0000 0.3923 0.0551 0.0077 0.0011 1.0000 1.0000 0.8097 0.1137 0.0160 0.0022 0.0003 1.0000 1.0000 0.2343 0.0329 0.0046 0.0006 1.0000 1.0000 0.4836 0.0679 0.0096 0.0013 1.0000 1.0000 1.0000 0.1443 0.0207 0.0030 0.0004 1.0000 1.0000 0.3534
1.0000 1.0000 0.0005 0.0030 0.0198 0.1345 0.9250 1.0000 1.0000 0.0012 0.0084 0.0594 0.4217 1.0000 1.0000 0.0006 0.0040 0.0287 0.2039 1.0000 1.0000 0.0003 0.0020 0.0139 0.0990 0.7047 1.0000 1.0000 0.0009 0.0067 0.0480 0.3415 1.0000 1.0000 0.0005 0.0033 0.0233 0.1658 1.0000 1.0000 1.0000 0.0016 0.0113 0.0803 0.5717 1.0000 1.0000 0.0008 0.0055 0.0405 0.1335 0.0405 0.0055 0.0008 1.0000 1.0000 0.5717 0.0803 0.0113 0.0016 1.0000 1.0000 1.0000 0.1658 0.0233 0.0033 0.0005 1.0000 1.0000 0.3415 0.0480 0.0067 0.0009 1.0000 1.0000 0.7047 0.0990 0.0139 0.0020 0.0003 1.0000 1.0000 0.2039 0.0287 0.0040 0.0006 1.0000 1.0000 0.4217 0.0594 0.0084 0.0012 1.0000 1.0000 0.9250 0.1345 0.0198 0.0030 0.0005 1.0000 1.0000
1.0000 0.0005 0.0032 0.0207 0.1345 0.8922 1.0000 1.0000 0.0011 0.0075 0.0525 0.3706 1.0000 1.0000 0.0005 0.0035 0.0249 0.1775 1.0000 1.0000 0.0002 0.0017 0.0121 0.0862 0.6134 1.0000 1.0000 0.0008 0.0059 0.0418 0.2972 1.0000 1.0000 0.0004 0.0028 0.0203 0.1443 1.0000 1.0000 1.0000 0.0014 0.0098 0.0699 0.4976 1.0000 1.0000 0.0007 0.0048 0.0343 0.2509 0.8284 0.2509 0.0343 0.0048 0.0007 1.0000 1.0000 0.4976 0.0699 0.0098 0.0014 1.0000 1.0000 1.0000 0.1443 0.0203 0.0028 0.0004 1.0000 1.0000 0.2972 0.0418 0.0059 0.0008 1.0000 1.0000 0.6134 0.0862 0.0121 0.0017 0.0002 1.0000 1.0000 0.1775 0.0249 0.0035 0.0005 1.0000 1.0000 0.3706 0.0525 0.0075 0.0011 1.0000 1.0000 0.8922 0.1345 0.0207 0.0032 0.0005 1.0000
0.0005 0.0037 0.0228 0.1443 0.9250 1.0000 1.0000 0.0010 0.0069 0.0475 0.3319 1.0000 1.0000 0.0004 0.0031 0.0218 0.1548 1.0000 1.0000 1.0000 0.0015 0.0105 0.0750 0.5339 1.0000 1.0000 0.0007 0.0051 0.0363 0.2587 1.0000 1.0000 0.0003 0.0025 0.0176 0.1256 0.8939 1.0000 1.0000 0.0012 0.0085 0.0608 0.4331 1.0000 1.0000 0.0006 0.0041 0.0295 0.2123 1.0000 1.0000 1.0000 0.2123 0.0295 0.0041 0.0006 1.0000 1.0000 0.4331 0.0608 0.0085 0.0012 1.0000 1.0000 0.8939 0.1256 0.0176 0.0025 0.0003 1.0000 1.0000 0.2587 0.0363 0.0051 0.0007 1.0000 1.0000 0.5339 0.0750 0.0105 0.0015 1.0000 1.0000 1.0000 0.1548 0.0218 0.0031 0.0004 1.0000 1.0000 0.3319 0.0475 0.0069 0.0010 1.0000 1.0000 0.9250 0.1443 0.0228 0.0037 0.0005
0.0034 0.0264 0.1617 1.0000 1.0000 1.0000 0.0010 0.0067 0.0450 0.3070 1.0000 1.0000 0.0004 0.0027 0.0191 0.1355 0.9608 1.0000 1.0000 0.0013 0.0092 0.0653 0.4647 1.0000 1.0000 0.0006 0.0044 0.0316 0.2251 1.0000 1.0000 0.0003 0.0022 0.0154 0.1093 0.7780 1.0000 1.0000 0.0010 0.0074 0.0530 0.3770 1.0000 1.0000 0.0005 0.0036 0.0257 0.1830 1.0000 1.0000 1.0000 1.0000 1.0000 0.1830 0.0257 0.0036 0.0005 1.0000 1.0000 0.3770 0.0530 0.0074 0.0010 1.0000 1.0000 0.7780 0.1093 0.0154 0.0022 0.0003 1.0000 1.0000 0.2251 0.0316 0.0044 0.0006 1.0000 1.0000 0.4647 0.0653 0.0092 0.0013 1.0000 1.0000 0.9608 0.1355 0.0191 0.0027 0.0004 1.0000 1.0000 0.3070 0.0450 0.0067 0.0010 1.0000 1.0000 1.0000 0.1617 0.0264 0.0034
0.0241 0.1879 1.0000 1.0000 1.0000 0.0011 0.0069 0.0450 0.2978 1.0000 1.0000 0.0004 0.0024 0.0170 0.1200 0.8459 1.0000 1.0000 0.0011 0.0080 0.0568 0.4044 1.0000 1.0000 0.0005 0.0039 0.0275 0.1960 1.0000 1.0000 0.0003 0.0019 0.0134 0.0951 0.6771 1.0000 1.0000 0.0009 0.0065 0.0461 0.3281 1.0000 1.0000 0.0004 0.0031 0.0224 0.1593 1.0000 1.0000 1.0000 0.0007 1.0000 1.0000 1.0000 0.1593 0.0224 0.0031 0.0004 1.0000 1.0000 0.3281 0.0461 0.0065 0.0009 1.0000 1.0000 0.6771 0.0951 0.0134 0.0019 0.0003 1.0000 1.0000 0.1960 0.0275 0.0039 0.0005 1.0000 1.0000 0.4044 0.0568 0.0080 0.0011 1.0000 1.0000 0.8459 0.1200 0.0170 0.0024 0.0004 1.0000 1.0000 0.2978 0.0450 0.0069 0.0011 1.0000 1.0000 1.0000 0.1879 0.0241
0.1715 1.0000 1.0000 1.0000 0.0012 0.0075 0.0475 0.3070 1.0000 1.0000 0.0003 0.0023 0.0156 0.1085 0.7561 1.0000 1.0000 0.0010 0.0070 0.0496 0.3527 1.0000 1.0000 0.0005 0.0034 0.0240 0.1706 1.0000 1.0000 1.0000 0.0016 0.0116 0.0828 0.5894 1.0000 1.0000 0.0008 0.0056 0.0401 0.2856 1.0000 1.0000 0.0004 0.0027 0.0195 0.1386 0.9868 1.0000 1.0000 0.0014 0.0045 0.0014 1.0000 1.0000 0.9868 0.1386 0.0195 0.0027 0.0004 1.0000 1.0000 0.2856 0.0401 0.0056 0.0008 1.0000 1.0000 0.5894 0.0828 0.0116 0.0016 1.0000 1.0000 1.0000 0.1706 0.0240 0.0034 0.0005 1.0000 1.0000 0.3527 0.0496 0.0070 0.0010 1.0000 1.0000 0.7561 0.1085 0.0156 0.0023 0.0003 1.0000 1.0000 0.3070 0.0475 0.0075 0.0012 1.0000 1.0000 1.0000 0.1715
1.0000 1.0000 1.0000 0.0013 0.0084 0.0525 0.3319 1.0000 1.0000 0.0003 0.0022 0.0149 0.1011 0.6941 1.0000 1.0000 0.0009 0.0062 0.0436 0.3081 1.0000 1.0000 0.0004 0.0029 0.0209 0.1484 1.0000 1.0000 1.0000 0.0014 0.0101 0.0721 0.5130 1.0000 1.0000 0.0007 0.0049 0.0349 0.2485 1.0000 1.0000 0.0003 0.0024 0.0170 0.1207 0.8589 1.0000 1.0000 0.0012 0.0085 0.0282 0.0085 0.0012 1.0000 1.0000 0.8589 0.1207 0.0170 0.0024 0.0003 1.0000 1.0000 0.2485 0.0349 0.0049 0.0007 1.0000 1.0000 0.5130 0.0721 0.0101 0.0014 1.0000 1.0000 1.0000 0.1484 0.0209 0.0029 0.0004 1.0000 1.0000 0.3081 0.0436 0.0062 0.0009 1.0000 1.0000 0.6941 0.1011 0.0149 0.0022 0.0003 1.0000 1.0000 0.3319 0.0525 0.0084 0.0013 1.0000 1.0000 1.0000
1.0000 0.0003 0.0015 0.0096 0.0594 0.3706 1.0000 1.0000 0.0004 0.0023 0.0149 0.0986 0.6619 1.0000 1.0000 0.0008 0.0055 0.0388 0.2728 1.0000 1.0000 0.0004 0.0026 0.0182 0.1292 0.9197 1.0000 1.0000 0.0012 0.0088 0.0627 0.4465 1.0000 1.0000 0.0006 0.0043 0.0304 0.2163 1.0000 1.0000 0.0003 0.0021 0.0148 0.1050 0.7475 1.0000 1.0000 0.0010 0.0072 0.0530 0.1745 0.0530 0.0072 0.0010 1.0000 1.0000 0.7475 0.1050 0.0148 0.0021 0.0003 1.0000 1.0000 0.2163 0.0304 0.0043 0.0006 1.0000 1.0000 0.4465 0.0627 0.0088 0.0012 1.0000 1.0000 0.9197 0.1292 0.0182 0.0026 0.0004 1.0000 1.0000 0.2728 0.0388 0.0055 0.0008 1.0000 1.0000 0.6619 0.0986 0.0149 0.0023 0.0004 1.0000 1.0000 0.3706 0.0594 0.0096 0.0015 0.0003 1.0000
0.0002 0.0018 0.0109 0.0679 0.4217 1.0000 1.0000 0.0004 0.0024 0.0156 0.1011 0.6619 1.0000 1.0000 0.0007 0.0051 0.0353 0.2453 1.0000 1.0000 0.0003 0.0022 0.0159 0.1129 0.8020 1.0000 1.0000 0.0011 0.0077 0.0546 0.3886 1.0000 1.0000 0.0005 0.0037 0.0265 0.1883 1.0000 1.0000 0.0003 0.0018 0.0128 0.0914 0.6506 1.0000 1.0000 0.0009 0.0062 0.0448 0.3281 1.0000 0.3281 0.0448 0.0062 0.0009 1.0000 1.0000 0.6506 0.0914 0.0128 0.0018 0.0003 1.0000 1.0000 0.1883 0.0265 0.0037 0.0005 1.0000 1.0000 0.3886 0.0546 0.0077 0.0011 1.0000 1.0000 0.8020 0.1129 0.0159 0.0022 0.0003 1.0000 1.0000 0.2453 0.0353 0.0051 0.0007 1.0000 1.0000 0.6619 0.1011 0.0156 0.0024 0.0004 1.0000 1.0000 0.4217 0.0679 0.0109 0.0018 0.0002
0.0016 0.0128 0.0779 0.4836 1.0000 1.0000 0.0004 0.0027 0.0170 0.1085 0.6941 1.0000 1.0000 0.0007 0.0049 0.0331 0.2264 1.0000 1.0000 0.0003 0.0020 0.0140 0.0992 0.7021 1.0000 1.0000 0.0009 0.0067 0.0475 0.3382 1.0000 1.0000 0.0005 0.0032 0.0230 0.1639 1.0000 1.0000 1.0000 0.0016 0.0112 0.0796 0.5663 1.0000 1.0000 0.0008 0.0054 0.0386 0.2775 1.0000 1.0000 1.0000 0.2775 0.0386 0.0054 0.0008 1.0000 1.0000 0.5663 0.0796 0.0112 0.0016 1.0000 1.0000 1.0000 0.1639 0.0230 0.0032 0.0005 1.0000 1.0000 0.3382 0.0475 0.0067 0.0009 1.0000 1.0000 0.7021 0.0992 0.0140 0.0020 0.0003 1.0000 1.0000 0.2264 0.0331 0.0049 0.0007 1.0000 1.0000 0.6941 0.1085 0.0170 0.0027 0.0004 1.0000 1.0000 0.4836 0.0779 0.0128 0.0016
0.0117 0.0911 0.5546 1.0000 1.0000 0.0005 0.0031 0.0191 0.1200 0.7561 1.0000 1.0000 0.0007 0.0049 0.0324 0.2172 1.0000 1.0000 0.0003 0.0018 0.0126 0.0882 0.6204 1.0000 1.0000 0.0008 0.0058 0.0414 0.2944 1.0000 1.0000 0.0004 0.0028 0.0200 0.1426 1.0000 1.0000 1.0000 0.0014 0.0097 0.0692 0.4929 1.0000 1.0000 0.0007 0.0047 0.0335 0.2388 1.0000 1.0000 1.0000 1.0000 1.0000 0.2388 0.0335 0.0047 0.0007 1.0000 1.0000 0.4929 0.0692 0.0097 0.0014 1.0000 1.0000 1.0000 0.1426 0.0200 0.0028 0.0004 1.0000 1.0000 0.2944 0.0414 0.0058 0.0008 1.0000 1.0000 0.6204 0.0882 0.0126 0.0018 0.0003 1.0000 1.0000 0.2172 0.0324 0.0049 0.0007 1.0000 1.0000 0.7561 0.1200 0.0191 0.0031 0.0005 1.0000 1.0000 0.5546 0.0911 0.0117
0.0833 0.6482 1.0000 1.0000 0.0006 0.0035 0.0218 0.1355 0.8459 1.0000 1.0000 0.0008 0.0051 0.0331 0.2172 1.0000 1.0000 0.0002 0.0017 0.0115 0.0796 0.5556 1.0000 1.0000 0.0007 0.0051 0.0362 0.2572 1.0000 1.0000 0.0003 0.0025 0.0174 0.1241 0.8837 1.0000 1.0000 0.0012 0.0085 0.0603 0.4290 1.0000 1.0000 0.0006 0.0041 0.0292 0.2079 1.0000 1.0000 0.0003 0.0010 0.0003 1.0000 1.0000 0.2079 0.0292 0.0041 0.0006 1.0000 1.0000 0.4290 0.0603 0.0085 0.0012 1.0000 1.0000 0.8837 0.1241 0.0174 0.0025 0.0003 1.0000 1.0000 0.2572 0.0362 0.0051 0.0007 1.0000 1.0000 0.5556 0.0796 0.0115 0.0017 0.0002 1.0000 1.0000 0.2172 0.0331 0.0051 0.0008 1.0000 1.0000 0.8459 0.1355 0.0218 0.0035 0.0006 1.0000 1.0000 0.6482 0.0833
0.5916 1.0000 1.0000 0.0006 0.0040 0.0249 0.1548 0.9608 1.0000 1.0000 0.0009 0.0055 0.0353 0.2264 1.0000 1.0000 0.0002 0.0016 0.0108 0.0739 0.5081 1.0000 1.0000 0.0006 0.0045 0.0319 0.2256 1.0000 1.0000 0.0003 0.0021 0.0152 0.1081 0.7692 1.0000 1.0000 0.0010 0.0074 0.0525 0.3734 1.0000 1.0000 0.0005 0.0036 0.0254 0.1809 1.0000 1.0000 0.0002 0.0018 0.0059 0.0018 0.0002 1.0000 1.0000 0.1809 0.0254 0.0036 0.0005 1.0000 1.0000 0.3734 0.0525 0.0074 0.0010 1.0000 1.0000 0.7692 0.1081 0.0152 0.0021 0.0003 1.0000 1.0000 0.2256 0.0319 0.0045 0.0006 1.0000 1.0000 0.5081 0.0739 0.0108 0.0016 0.0002 1.0000 1.0000 0.2264 0.0353 0.0055 0.0009 1.0000 1.0000 0.9608 0.1548 0.0249 0.0040 0.0006 1.0000 1.0000 0.5916
1.0000 1.0000 0.0007 0.0046 0.0287 0.1775 1.0000 1.0000 1.0000 0.0010 0.0062 0.0388 0.2453 1.0000 1.0000 0.0002 0.0016 0.0106 0.0710 0.4809 1.0000 1.0000 0.0006 0.0041 0.0284 0.1997 1.0000 1.0000 0.0003 0.0019 0.0132 0.0942 0.6695 1.0000 1.0000 0.0009 0.0064 0.0457 0.3250 1.0000 1.0000 0.0004 0.0031 0.0221 0.1575 1.0000 1.0000 1.0000 0.0015 0.0112 0.0368 0.0112 0.0015 1.0000 1.0000 1.0000 0.1575 0.0221 0.0031 0.0004 1.0000 1.0000 0.3250 0.0457 0.0064 0.0009 1.0000 1.0000 0.6695 0.0942 0.0132 0.0019 0.0003 1.0000 1.0000 0.1997 0.0284 0.0041 0.0006 1.0000 1.0000 0.4809 0.0710 0.0106 0.0016 0.0002 1.0000 1.0000 0.2453 0.0388 0.0062 0.0010 1.0000 1.0000 1.0000 0.1775 0.0287 0.0046 0.0007 1.0000 1.0000
1.0000 0.0009 0.0053 0.0329 0.2039 1.0000 1.0000 1.0000 0.0011 0.0070 0.0436 0.2728 1.0000 1.0000 0.0003 0.0017 0.0108 0.0710 0.4709 1.0000 1.0000 0.0005 0.0037 0.0258 0.1799 1.0000 1.0000 1.0000 0.0016 0.0116 0.0823 0.5849 1.0000 1.0000 0.0008 0.0056 0.0397 0.2829 1.0000 1.0000 0.0004 0.0027 0.0193 0.1371 0.9756 1.0000 1.0000 0.0013 0.0094 0.0691 0.2277 0.0691 0.0094 0.0013 1.0000 1.0000 0.9756 0.1371 0.0193 0.0027 0.0004 1.0000 1.0000 0.2829 0.0397 0.0056 0.0008 1.0000 1.0000 0.5849 0.0823 0.0116 0.0016 1.0000 1.0000 1.0000 0.1799 0.0258 0.0037 0.0005 1.0000 1.0000 0.4709 0.0710 0.0108 0.0017 0.0003 1.0000 1.0000 0.2728 0.0436 0.0070 0.0011 1.0000 1.0000 1.0000 0.2039 0.0329 0.0053 0.0009 1.0000
0.0008 0.0062 0.0378 0.2343 1.0000 1.0000 1.0000 0.0013 0.0080 0.0496 0.3081 1.0000 1.0000 0.0003 0.0018 0.0115 0.0739 0.4809 1.0000 1.0000 0.0005 0.0035 0.0241 0.1651 1.0000 1.0000 1.0000 0.0015 0.0103 0.0725 0.5130 1.0000 1.0000 0.0007 0.0049 0.0346 0.2462 1.0000 1.0000 0.0003 0.0024 0.0168 0.1193 0.8491 1.0000 1.0000 0.0011 0.0081 0.0585 0.4282 1.0000 0.4282 0.0585 0.0081 0.0011 1.0000 1.0000 0.8491 0.1193 0.0168 0.0024 0.0003 1.0000 1.0000 0.2462 0.0346 0.0049 0.0007 1.0000 1.0000 0.5130 0.0725 0.0103 0.0015 1.0000 1.0000 1.0000 0.1651 0.0241 0.0035 0.0005 1.0000 1.0000 0.4809 0.0739 0.0115 0.0018 0.0003 1.0000 1.0000 0.3081 0.0496 0.0080 0.0013 1.0000 1.0000 1.0000 0.2343 0.0378 0.0062 0.0008
0.0057 0.0441 0.2692 1.0000 1.0000 0.0002 0.0015 0.0092 0.0568 0.3527 1.0000 1.0000 0.0003 0.0020 0.0126 0.0796 0.5081 1.0000 1.0000 0.0005 0.0035 0.0232 0.1566 1.0000 1.0000 1.0000 0.0013 0.0092 0.0644 0.4533 1.0000 1.0000 0.0006 0.0042 0.0302 0.2143 1.0000 1.0000 0.0003 0.0020 0.0146 0.1038 0.7391 1.0000 1.0000 0.0010 0.0071 0.0504 0.3622 1.0000 1.0000 1.0000 0.3622 0.0504 0.0071 0.0010 1.0000 1.0000 0.7391 0.1038 0.0146 0.0020 0.0003 1.0000 1.0000 0.2143 0.0302 0.0042 0.0006 1.0000 1.0000 0.4533 0.0644 0.0092 0.0013 1.0000 1.0000 1.0000 0.1566 0.0232 0.0035 0.0005 1.0000 1.0000 0.5081 0.0796 0.0126 0.0020 0.0003 1.0000 1.0000 0.3527 0.0568 0.0092 0.0015 0.0002 1.0000 1.0000 0.2692 0.0441 0.0057
0.0403 0.3146 1.0000 1.0000 0.0003 0.0017 0.0105 0.0653 0.4044 1.0000 1.0000 0.0004 0.0022 0.0140 0.0882 0.5556 1.0000 1.0000 0.0005 0.0035 0.0232 0.1536 1.0000 1.0000 1.0000 0.0012 0.0084 0.0581 0.4060 1.0000 1.0000 0.0005 0.0037 0.0264 0.1872 1.0000 1.0000 0.0003 0.0018 0.0127 0.0904 0.6433 1.0000 1.0000 0.0009 0.0062 0.0439 0.3123 1.0000 1.0000 1.0000 1.0000 1.0000 0.3123 0.0439 0.0062 0.0009 1.0000 1.0000 0.6433 0.0904 0.0127 0.0018 0.0003 1.0000 1.0000 0.1872 0.0264 0.0037 0.0005 1.0000 1.0000 0.4060 0.0581 0.0084 0.0012 1.0000 1.0000 1.0000 0.1536 0.0232 0.0035 0.0005 1.0000 1.0000 0.5556 0.0882 0.0140 0.0022 0.0004 1.0000 1.0000 0.4044 0.0653 0.0105 0.0017 0.0003 1.0000 1.0000 0.3146 0.0403
0.2872 1.0000 1.0000 0.0003 0.0020 0.0121 0.0750 0.4647 1.0000 1.0000 0.0004 0.0026 0.0159 0.0992 0.6204 1.0000 1.0000 0.0006 0.0037 0.0241 0.1566 1.0000 1.0000 1.0000 0.0011 0.0078 0.0536 0.3706 1.0000 1.0000 0.0005 0.0033 0.0232 0.1645 1.0000 1.0000 1.0000 0.0016 0.0110 0.0787 0.5599 1.0000 1.0000 0.0008 0.0054 0.0382 0.2718 1.0000 1.0000 0.0004 0.0013 0.0004 1.0000 1.0000 0.2718 0.0382 0.0054 0.0008 1.0000 1.0000 0.5599 0.0787 0.0110 0.0016 1.0000 1.0000 1.0000 0.1645 0.0232 0.0033 0.0005 1.0000 1.0000 0.3706 0.0536 0.0078 0.0011 1.0000 1.0000 1.0000 0.1566 0.0241 0.0037 0.0006 1.0000 1.0000 0.6204 0.0992 0.0159 0.0026 0.0004 1.0000 1.0000 0.4647 0.0750 0.0121 0.0020 0.0003 1.0000 1.0000 0.2872
1.0000 1.0000 0.0004 0.0022 0.0139 0.0862 0.5339 1.0000 1.0000 0.0005 0.0029 0.0182 0.1129 0.7021 1.0000 1.0000 0.0006 0.0041 0.0258 0.1651 1.0000 1.0000 1.0000 0.0011 0.0075 0.0509 0.3460 1.0000 1.0000 0.0004 0.0030 0.0207 0.1457 1.0000 1.0000 1.0000 0.0014 0.0096 0.0686 0.4873 1.0000 1.0000 0.0007 0.0047 0.0332 0.2366 1.0000 1.0000 0.0003 0.0024 0.0078 0.0024 0.0003 1.0000 1.0000 0.2366 0.0332 0.0047 0.0007 1.0000 1.0000 0.4873 0.0686 0.0096 0.0014 1.0000 1.0000 1.0000 0.1457 0.0207 0.0030 0.0004 1.0000 1.0000 0.3460 0.0509 0.0075 0.0011 1.0000 1.0000 1.0000 0.1651 0.0258 0.0041 0.0006 1.0000 1.0000 0.7021 0.1129 0.0182 0.0029 0.0005 1.0000 1.0000 0.5339 0.0862 0.0139 0.0022 0.0004 1.0000 1.0000
1.0000 0.0004 0.0026 0.0160 0.0990 0.6134 1.0000 1.0000 0.0005 0.0034 0.0209 0.1292 0.8020 1.0000 1.0000 0.0007 0.0045 0.0284 0.1799 1.0000 1.0000 1.0000 0.0011 0.0075 0.0500 0.3344 1.0000 1.0000 0.0004 0.0027 0.0187 0.1309 0.9162 1.0000 1.0000 0.0012 0.0085 0.0599 0.4257 1.0000 1.0000 0.0006 0.0041 0.0289 0.2059 1.0000 1.0000 0.0003 0.0020 0.0146 0.0481 0.0146 0.0020 0.0003 1.0000 1.0000 0.2059 0.0289 0.0041 0.0006 1.0000 1.0000 0.4257 0.0599 0.0085 0.0012 1.0000 1.0000 0.9162 0.1309 0.0187 0.0027 0.0004 1.0000 1.0000 0.3344 0.0500 0.0075 0.0011 1.0000 1.0000 1.0000 0.1799 0.0284 0.0045 0.0007 1.0000 1.0000 0.8020 0.1292 0.0209 0.0034 0.0005 1.0000 1.0000 0.6134 0.0990 0.0160 0.0026 0.0004 1.0000
0.0004 0.0030 0.0183 0.1137 0.7047 1.0000 1.0000 0.0006 0.0039 0.0240 0.1484 0.9197 1.0000 1.0000 0.0008 0.0051 0.0319 0.1997 1.0000 1.0000 1.0000 0.0012 0.0078 0.0509 0.3344 1.0000 1.0000 0.0004 0.0025 0.0174 0.1197 0.8300 1.0000 1.0000 0.0011 0.0075 0.0528 0.3734 1.0000 1.0000 0.0005 0.0035 0.0252 0.1792 1.0000 1.0000 0.0002 0.0017 0.0123 0.0904 0.2978 0.0904 0.0123 0.0017 0.0002 1.0000 1.0000 0.1792 0.0252 0.0035 0.0005 1.0000 1.0000 0.3734 0.0528 0.0075 0.0011 1.0000 1.0000 0.8300 0.1197 0.0174 0.0025 0.0004 1.0000 1.0000 0.3344 0.0509 0.0078 0.0012 1.0000 1.0000 1.0000 0.1997 0.0319 0.0051 0.0008 1.0000 1.0000 0.9197 0.1484 0.0240 0.0039 0.0006 1.0000 1.0000 0.7047 0.1137 0.0183 0.0030 0.0004
0.0027 0.0214 0.1304 0.8097 1.0000 1.0000 0.0007 0.0044 0.0275 0.1706 1.0000 1.0000 1.0000 0.0009 0.0058 0.0362 0.2256 1.0000 1.0000 1.0000 0.0013 0.0084 0.0536 0.3460 1.0000 1.0000 0.0004 0.0025 0.0165 0.1125 0.7692 1.0000 1.0000 0.0010 0.0067 0.0469 0.3300 1.0000 1.0000 0.0004 0.0031 0.0220 0.1560 1.0000 1.0000 1.0000 0.0015 0.0106 0.0764 0.5599 1.0000 0.5599 0.0764 0.0106 0.0015 1.0000 1.0000 1.0000 0.1560 0.0220 0.0031 0.0004 1.0000 1.0000 0.3300 0.0469 0.0067 0.0010 1.0000 1.0000 0.7692 0.1125 0.0165 0.0025 0.0004 1.0000 1.0000 0.3460 0.0536 0.0084 0.0013 1.0000 1.0000 1.0000 0.2256 0.0362 0.0058 0.0009 1.0000 1.0000 1.0000 0.1706 0.0275 0.0044 0.0007 1.0000 1.0000 0.8097 0.1304 0.0214 0.0027
0.0196 0.1525 0.9285 1.0000 1.0000 0.0008 0.0051 0.0316 0.1960 1.0000 1.0000 1.0000 0.0011 0.0067 0.0414 0.2572 1.0000 1.0000 1.0000 0.0015 0.0092 0.0581 0.3706 1.0000 1.0000 0.0004 0.0025 0.0163 0.1089 0.7335 1.0000 1.0000 0.0009 0.0061 0.0422 0.2949 1.0000 1.0000 0.0004 0.0027 0.0192 0.1360 0.9682 1.0000 1.0000 0.0013 0.0092 0.0659 0.4736 1.0000 1.0000 1.0000 0.4736 0.0659 0.0092 0.0013 1.0000 1.0000 0.9682 0.1360 0.0192 0.0027 0.0004 1.0000 1.0000 0.2949 0.0422 0.0061 0.0009 1.0000 1.0000 0.7335 0.1089 0.0163 0.0025 0.0004 1.0000 1.0000 0.3706 0.0581 0.0092 0.0015 1.0000 1.0000 1.0000 0.2572 0.0414 0.0067 0.0011 1.0000 1.0000 1.0000 0.1960 0.0316 0.0051 0.0008 1.0000 1.0000 0.9285 0.1525 0.0196
0.1392 1.0000 1.0000 1.0000 0.0009 0.0059 0.0363 0.2251 1.0000 1.0000 1.0000 0.0012 0.0077 0.0475 0.2944 1.0000 1.0000 0.0003 0.0016 0.0103 0.0644 0.4060 1.0000 1.0000 0.0004 0.0025 0.0165 0.1089 0.7210 1.0000 1.0000 0.0008 0.0056 0.0387 0.2677 1.0000 1.0000 0.0003 0.0024 0.0169 0.1195 0.8475 1.0000 1.0000 0.0011 0.0080 0.0573 0.4075 1.0000 1.0000 1.0000 1.0000 1.0000 0.4075 0.0573 0.0080 0.0011 1.0000 1.0000 0.8475 0.1195 0.0169 0.0024 0.0003 1.0000 1.0000 0.2677 0.0387 0.0056 0.0008 1.0000 1.0000 0.7210 0.1089 0.0165 0.0025 0.0004 1.0000 1.0000 0.4060 0.0644 0.0103 0.0016 0.0003 1.0000 1.0000 0.2944 0.0475 0.0077 0.0012 1.0000 1.0000 1.0000 0.2251 0.0363 0.0059 0.0009 1.0000 1.0000 1.0000 0.1392
0.9924 1.0000 1.0000 0.0011 0.0067 0.0418 0.2587 1.0000 1.0000 1.0000 0.0014 0.0088 0.0546 0.3382 1.0000 1.0000 0.0003 0.0019 0.0116 0.0725 0.4533 1.0000 1.0000 0.0004 0.0027 0.0174 0.1125 0.7335 1.0000 1.0000 0.0008 0.0054 0.0364 0.2490 1.0000 1.0000 0.0003 0.0022 0.0151 0.1060 0.7475 1.0000 1.0000 0.0010 0.0070 0.0499 0.3547 1.0000 1.0000 0.0005 0.0016 0.0005 1.0000 1.0000 0.3547 0.0499 0.0070 0.0010 1.0000 1.0000 0.7475 0.1060 0.0151 0.0022 0.0003 1.0000 1.0000 0.2490 0.0364 0.0054 0.0008 1.0000 1.0000 0.7335 0.1125 0.0174 0.0027 0.0004 1.0000 1.0000 0.4533 0.0725 0.0116 0.0019 0.0003 1.0000 1.0000 0.3382 0.0546 0.0088 0.0014 1.0000 1.0000 1.0000 0.2587 0.0418 0.0067 0.0011 1.0000 1.0000 0.9924
1.0000 1.0000 0.0012 0.0077 0.0480 0.2972 1.0000 1.0000 0.0003 0.0016 0.0101 0.0627 0.3886 1.0000 1.0000 0.0003 0.0021 0.0132 0.0823 0.5130 1.0000 1.0000 0.0005 0.0030 0.0187 0.1197 0.7692 1.0000 1.0000 0.0008 0.0053 0.0353 0.2379 1.0000 1.0000 0.0003 0.0020 0.0136 0.0949 0.6657 1.0000 1.0000 0.0009 0.0062 0.0436 0.3099 1.0000 1.0000 0.0004 0.0031 0.0101 0.0031 0.0004 1.0000 1.0000 0.3099 0.0436 0.0062 0.0009 1.0000 1.0000 0.6657 0.0949 0.0136 0.0020 0.0003 1.0000 1.0000 0.2379 0.0353 0.0053 0.0008 1.0000 1.0000 0.7692 0.1197 0.0187 0.0030 0.0005 1.0000 1.0000 0.5130 0.0823 0.0132 0.0021 0.0003 1.0000 1.0000 0.3886 0.0627 0.0101 0.0016 0.0003 1.0000 1.0000 0.2972 0.0480 0.0077 0.0012 1.0000 1.0000
1.0000 0.0015 0.0089 0.0551 0.3415 1.0000 1.0000 0.0003 0.0019 0.0116 0.0721 0.4465 1.0000 1.0000 0.0004 0.0025 0.0152 0.0942 0.5849 1.0000 1.0000 0.0005 0.0033 0.0207 0.1309 0.8300 1.0000 1.0000 0.0008 0.0054 0.0353 0.2339 1.0000 1.0000 0.0003 0.0018 0.0125 0.0865 0.6018 1.0000 1.0000 0.0008 0.0054 0.0384 0.2718 1.0000 1.0000 0.0004 0.0026 0.0190 0.0628 0.0190 0.0026 0.0004 1.0000 1.0000 0.2718 0.0384 0.0054 0.0008 1.0000 1.0000 0.6018 0.0865 0.0125 0.0018 0.0003 1.0000 1.0000 0.2339 0.0353 0.0054 0.0008 1.0000 1.0000 0.8300 0.1309 0.0207 0.0033 0.0005 1.0000 1.0000 0.5849 0.0942 0.0152 0.0025 0.0004 1.0000 1.0000 0.4465 0.0721 0.0116 0.0019 0.0003 1.0000 1.0000 0.3415 0.0551 0.0089 0.0015 1.0000
0.0013 0.0104 0.0633 0.3923 1.0000 1.0000 0.0003 0.0022 0.0134 0.0828 0.5130 1.0000 1.0000 0.0005 0.0028 0.0174 0.1081 0.6695 1.0000 1.0000 0.0006 0.0037 0.0232 0.1457 0.9162 1.0000 1.0000 0.0009 0.0056 0.0364 0.2379 1.0000 1.0000 0.0003 0.0017 0.0118 0.0805 0.5535 1.0000 1.0000 0.0007 0.0048 0.0340 0.2397 1.0000 1.0000 0.0003 0.0022 0.0161 0.1182 0.3901 0.1182 0.0161 0.0022 0.0003 1.0000 1.0000 0.2397 0.0340 0.0048 0.0007 1.0000 1.0000 0.5535 0.0805 0.0118 0.0017 0.0003 1.0000 1.0000 0.2379 0.0364 0.0056 0.0009 1.0000 1.0000 0.9162 0.1457 0.0232 0.0037 0.0006 1.0000 1.0000 0.6695 0.1081 0.0174 0.0028 0.0005 1.0000 1.0000 0.5130 0.0828 0.0134 0.0022 0.0003 1.0000 1.0000 0.3923 0.0633 0.0104 0.0013
0.0095 0.0740 0.4507 1.0000 1.0000 0.0004 0.0025 0.0154 0.0951 0.5894 1.0000 1.0000 0.0005 0.0032 0.0200 0.1241 0.7692 1.0000 1.0000 0.0007 0.0042 0.0264 0.1645 1.0000 1.0000 1.0000 0.0010 0.0061 0.0387 0.2490 1.0000 1.0000 0.0003 0.0017 0.0114 0.0770 0.5218 1.0000 1.0000 0.0006 0.0044 0.0306 0.2139 1.0000 1.0000 0.0003 0.0020 0.0140 0.1003 0.7335 1.0000 0.7335 0.1003 0.0140 0.0020 0.0003 1.0000 1.0000 0.2139 0.0306 0.0044 0.0006 1.0000 1.0000 0.5218 0.0770 0.0114 0.0017 0.0003 1.0000 1.0000 0.2490 0.0387 0.0061 0.0010 1.0000 1.0000 1.0000 0.1645 0.0264 0.0042 0.0007 1.0000 1.0000 0.7692 0.1241 0.0200 0.0032 0.0005 1.0000 1.0000 0.5894 0.0951 0.0154 0.0025 0.0004 1.0000 1.0000 0.4507 0.0740 0.0095
0.0676 0.5258 1.0000 1.0000 0.0005 0.0028 0.0176 0.1093 0.6771 1.0000 1.0000 0.0006 0.0037 0.0230 0.1426 0.8837 1.0000 1.0000 0.0008 0.0049 0.0302 0.1872 1.0000 1.0000 1.0000 0.0011 0.0067 0.0422 0.2677 1.0000 1.0000 0.0003 0.0017 0.0114 0.0759 0.5062 1.0000 1.0000 0.0006 0.0040 0.0279 0.1937 1.0000 1.0000 0.0002 0.0017 0.0123 0.0872 0.6240 1.0000 1.0000 1.0000 0.6240 0.0872 0.0123 0.0017 0.0002 1.0000 1.0000 0.1937 0.0279 0.0040 0.0006 1.0000 1.0000 0.5062 0.0759 0.0114 0.0017 0.0003 1.0000 1.0000 0.2677 0.0422 0.0067 0.0011 1.0000 1.0000 1.0000 0.1872 0.0302 0.0049 0.0008 1.0000 1.0000 0.8837 0.1426 0.0230 0.0037 0.0006 1.0000 1.0000 0.6771 0.1093 0.0176 0.0028 0.0005 1.0000 1.0000 0.5258 0.0676
0.4809 1.0000 1.0000 0.0005 0.0033 0.0203 0.1256 0.7780 1.0000 1.0000 0.0007 0.0043 0.0265 0.1639 1.0000 1.0000 1.0000 0.0009 0.0056 0.0346 0.2143 1.0000 1.0000 1.0000 0.0012 0.0075 0.0469 0.2949 1.0000 1.0000 0.0003 0.0018 0.0118 0.0770 0.5062 1.0000 1.0000 0.0006 0.0038 0.0261 0.1789 1.0000 1.0000 1.0000 0.0016 0.0109 0.0770 0.5441 1.0000 1.0000 0.0003 1.0000 1.0000 0.5441 0.0770 0.0109 0.0016 1.0000 1.0000 1.0000 0.1789 0.0261 0.0038 0.0006 1.0000 1.0000 0.5062 0.0770 0.0118 0.0018 0.0003 1.0000 1.0000 0.2949 0.0469 0.0075 0.0012 1.0000 1.0000 1.0000 0.2143 0.0346 0.0056 0.0009 1.0000 1.0000 1.0000 0.1639 0.0265 0.0043 0.0007 1.0000 1.0000 0.7780 0.1256 0.0203 0.0033 0.0005 1.0000 1.0000 0.4809
1.0000 1.0000 0.0006 0.0038 0.0233 0.1443 0.8939 1.0000 1.0000 0.0008 0.0049 0.0304 0.1883 1.0000 1.0000 1.0000 0.0010 0.0064 0.0397 0.2462 1.0000 1.0000 1.0000 0.0014 0.0085 0.0528 0.3300 1.0000 1.0000 0.0003 0.0020 0.0125 0.0805 0.5218 1.0000 1.0000 0.0006 0.0037 0.0249 0.1689 1.0000 1.0000 1.0000 0.0014 0.0098 0.0688 0.4836 1.0000 1.0000 0.0007 0.0022 0.0007 1.0000 1.0000 0.4836 0.0688 0.0098 0.0014 1.0000 1.0000 1.0000 0.1689 0.0249 0.0037 0.0006 1.0000 1.0000 0.5218 0.0805 0.0125 0.0020 0.0003 1.0000 1.0000 0.3300 0.0528 0.0085 0.0014 1.0000 1.0000 1.0000 0.2462 0.0397 0.0064 0.0010 1.0000 1.0000 1.0000 0.1883 0.0304 0.0049 0.0008 1.0000 1.0000 0.8939 0.1443 0.0233 0.0038 0.0006 1.0000 1.0000
1.0000 0.0007 0.0043 0.0268 0.1658 1.0000 1.0000 1.0000 0.0009 0.0056 0.0349 0.2163 1.0000 1.0000 1.0000 0.0012 0.0074 0.0457 0.2829 1.0000 1.0000 0.0003 0.0016 0.0096 0.0599 0.3734 1.0000 1.0000 0.0003 0.0022 0.0136 0.0865 0.5535 1.0000 1.0000 0.0006 0.0037 0.0245 0.1639 1.0000 1.0000 1.0000 0.0013 0.0090 0.0625 0.4347 1.0000 1.0000 0.0006 0.0041 0.0135 0.0041 0.0006 1.0000 1.0000 0.4347 0.0625 0.0090 0.0013 1.0000 1.0000 1.0000 0.1639 0.0245 0.0037 0.0006 1.0000 1.0000 0.5535 0.0865 0.0136 0.0022 0.0003 1.0000 1.0000 0.3734 0.0599 0.0096 0.0016 0.0003 1.0000 1.0000 0.2829 0.0457 0.0074 0.0012 1.0000 1.0000 1.0000 0.2163 0.0349 0.0056 0.0009 1.0000 1.0000 1.0000 0.1658 0.0268 0.0043 0.0007 1.0000
0.0006 0.0050 0.0307 0.1904 1.0000 1.0000 1.0000 0.0010 0.0065 0.0401 0.2485 1.0000 1.0000 1.0000 0.0014 0.0085 0.0525 0.3250 1.0000 1.0000 0.0003 0.0018 0.0110 0.0686 0.4257 1.0000 1.0000 0.0004 0.0024 0.0151 0.0949 0.6018 1.0000 1.0000 0.0006 0.0038 0.0249 0.1639 1.0000 1.0000 1.0000 0.0012 0.0084 0.0577 0.3983 1.0000 1.0000 0.0005 0.0036 0.0258 0.0847 0.0258 0.0036 0.0005 1.0000 1.0000 0.3983 0.0577 0.0084 0.0012 1.0000 1.0000 1.0000 0.1639 0.0249 0.0038 0.0006 1.0000 1.0000 0.6018 0.0949 0.0151 0.0024 0.0004 1.0000 1.0000 0.4257 0.0686 0.0110 0.0018 0.0003 1.0000 1.0000 0.3250 0.0525 0.0085 0.0014 1.0000 1.0000 1.0000 0.2485 0.0401 0.0065 0.0010 1.0000 1.0000 1.0000 0.1904 0.0307 0.0050 0.0006
0.0046 0.0359 0.2184 1.0000 1.0000 1.0000 0.0012 0.0074 0.0461 0.2856 1.0000 1.0000 0.0003 0.0016 0.0097 0.0603 0.3734 1.0000 1.0000 0.0003 0.0020 0.0127 0.0787 0.4873 1.0000 1.0000 0.0004 0.0027 0.0169 0.1060 0.6657 1.0000 1.0000 0.0006 0.0040 0.0261 0.1689 1.0000 1.0000 1.0000 0.0012 0.0081 0.0546 0.3720 1.0000 1.0000 0.0005 0.0032 0.0224 0.1620 0.5308 0.1620 0.0224 0.0032 0.0005 1.0000 1.0000 0.3720 0.0546 0.0081 0.0012 1.0000 1.0000 1.0000 0.1689 0.0261 0.0040 0.0006 1.0000 1.0000 0.6657 0.1060 0.0169 0.0027 0.0004 1.0000 1.0000 0.4873 0.0787 0.0127 0.0020 0.0003 1.0000 1.0000 0.3734 0.0603 0.0097 0.0016 0.0003 1.0000 1.0000 0.2856 0.0461 0.0074 0.0012 1.0000 1.0000 1.0000 0.2184 0.0359 0.0046
0.0327 0.2553 1.0000 1.0000 1.0000 0.0014 0.0085 0.0530 0.3281 1.0000 1.0000 0.0003 0.0018 0.0112 0.0692 0.4290 1.0000 1.0000 0.0004 0.0024 0.0146 0.0904 0.5599 1.0000 1.0000 0.0005 0.0031 0.0192 0.1195 0.7475 1.0000 1.0000 0.0007 0.0044 0.0279 0.1789 1.0000 1.0000 1.0000 0.0012 0.0079 0.0530 0.3567 1.0000 1.0000 0.0004 0.0029 0.0201 0.1416 1.0000 1.0000 1.0000 0.1416 0.0201 0.0029 0.0004 1.0000 1.0000 0.3567 0.0530 0.0079 0.0012 1.0000 1.0000 1.0000 0.1789 0.0279 0.0044 0.0007 1.0000 1.0000 0.7475 0.1195 0.0192 0.0031 0.0005 1.0000 1.0000 0.5599 0.0904 0.0146 0.0024 0.0004 1.0000 1.0000 0.4290 0.0692 0.0112 0.0018 0.0003 1.0000 1.0000 0.3281 0.0530 0.0085 0.0014 1.0000 1.0000 1.0000 0.2553 0.0327
0.2334 1.0000 1.0000 0.0003 0.0016 0.0098 0.0608 0.3770 1.0000 1.0000 0.0003 0.0021 0.0128 0.0796 0.4929 1.0000 1.0000 0.0004 0.0027 0.0168 0.1038 0.6433 1.0000 1.0000 0.0006 0.0035 0.0220 0.1360 0.8475 1.0000 1.0000 0.0008 0.0048 0.0306 0.1937 1.0000 1.0000 1.0000 0.0012 0.0081 0.0530 0.3513 1.0000 1.0000 0.0004 0.0027 0.0186 0.1282 0.8990 1.0000 1.0000 1.0000 0.8990 0.1282 0.0186 0.0027 0.0004 1.0000 1.0000 0.3513 0.0530 0.0081 0.0012 1.0000 1.0000 1.0000 0.1937 0.0306 0.0048 0.0008 1.0000 1.0000 0.8475 0.1360 0.0220 0.0035 0.0006 1.0000 1.0000 0.6433 0.1038 0.0168 0.0027 0.0004 1.0000 1.0000 0.4929 0.0796 0.0128 0.0021 0.0003 1.0000 1.0000 0.3770 0.0608 0.0098 0.0016 0.0003 1.0000 1.0000 0.2334
1.0000 1.0000 0.0003 0.0018 0.0113 0.0699 0.4331 1.0000 1.0000 0.0004 0.0024 0.0148 0.0914 0.5663 1.0000 1.0000 0.0005 0.0031 0.0193 0.1193 0.7391 1.0000 1.0000 0.0007 0.0041 0.0252 0.1560 0.9682 1.0000 1.0000 0.0009 0.0054 0.0340 0.2139 1.0000 1.0000 1.0000 0.0013 0.0084 0.0546 0.3567 1.0000 1.0000 0.0004 0.0026 0.0176 0.1202 0.8237 1.0000 1.0000 0.0005 1.0000 1.0000 0.8237 0.1202 0.0176 0.0026 0.0004 1.0000 1.0000 0.3567 0.0546 0.0084 0.0013 1.0000 1.0000 1.0000 0.2139 0.0340 0.0054 0.0009 1.0000 1.0000 0.9682 0.1560 0.0252 0.0041 0.0007 1.0000 1.0000 0.7391 0.1193 0.0193 0.0031 0.0005 1.0000 1.0000 0.5663 0.0914 0.0148 0.0024 0.0004 1.0000 1.0000 0.4331 0.0699 0.0113 0.0018 0.0003 1.0000 1.0000
1.0000 0.0003 0.0021 0.0130 0.0803 0.4976 1.0000 1.0000 0.0004 0.0027 0.0170 0.1050 0.6506 1.0000 1.0000 0.0006 0.0036 0.0221 0.1371 0.8491 1.0000 1.0000 0.0008 0.0047 0.0289 0.1792 1.0000 1.0000 1.0000 0.0010 0.0062 0.0384 0.2397 1.0000 1.0000 1.0000 0.0014 0.0090 0.0577 0.3720 1.0000 1.0000 0.0004 0.0026 0.0171 0.1153 0.7810 1.0000 1.0000 0.0010 0.0032 0.0010 1.0000 1.0000 0.7810 0.1153 0.0171 0.0026 0.0004 1.0000 1.0000 0.3720 0.0577 0.0090 0.0014 1.0000 1.0000 1.0000 0.2397 0.0384 0.0062 0.0010 1.0000 1.0000 1.0000 0.1792 0.0289 0.0047 0.0008 1.0000 1.0000 0.8491 0.1371 0.0221 0.0036 0.0006 1.0000 1.0000 0.6506 0.1050 0.0170 0.0027 0.0004 1.0000 1.0000 0.4976 0.0803 0.0130 0.0021 0.0003 1.0000
0.0003 0.0024 0.0149 0.0923 0.5717 1.0000 1.0000 0.0005 0.0031 0.0195 0.1207 0.7475 1.0000 1.0000 0.0007 0.0041 0.0254 0.1575 0.9756 1.0000 1.0000 0.0009 0.0054 0.0332 0.2059 1.0000 1.0000 1.0000 0.0011 0.0070 0.0436 0.2718 1.0000 1.0000 0.0002 0.0016 0.0098 0.0625 0.3983 1.0000 1.0000 0.0004 0.0026 0.0171 0.1137 0.7590 1.0000 1.0000 0.0009 0.0063 0.0204 0.0063 0.0009 1.0000 1.0000 0.7590 0.1135 0.0171 0.0026 0.0004 1.0000 1.0000 0.3983 0.0625 0.0098 0.0016 0.0002 1.0000 1.0000 0.2718 0.0436 0.0070 0.0011 1.0000 1.0000 1.0000 0.2059 0.0332 0.0054 0.0009 1.0000 1.0000 0.9756 0.1575 0.0254 0.0041 0.0007 1.0000 1.0000 0.7475 0.1207 0.0195 0.0031 0.0005 1.0000 1.0000 0.5717 0.0923 0.0149 0.0024 0.0003
0.0022 0.0174 0.1060 0.6569 1.0000 1.0000 0.0006 0.0036 0.0224 0.1386 0.8589 1.0000 1.0000 0.0008 0.0047 0.0292 0.1809 1.0000 1.0000 1.0000 0.0010 0.0062 0.0382 0.2366 1.0000 1.0000 1.0000 0.0013 0.0080 0.0499 0.3099 1.0000 1.0000 0.0003 0.0017 0.0109 0.0688 0.4347 1.0000 1.0000 0.0004 0.0027 0.0176 0.1153 0.7590 1.0000 1.0000 0.0008 0.0058 0.0405 0.1314 0.0405 0.0058 0.0008 1.0000 1.0000 0.7590 0.1153 0.0176 0.0027 0.0004 1.0000 1.0000 0.4347 0.0688 0.0109 0.0017 0.0003 1.0000 1.0000 0.3099 0.0499 0.0080 0.0013 1.0000 1.0000 1.0000 0.2366 0.0382 0.0062 0.0010 1.0000 1.0000 1.0000 0.1809 0.0292 0.0047 0.0008 1.0000 1.0000 0.8589 0.1386 0.0224 0.0036 0.0006 1.0000 1.0000 0.6569 0.1060 0.0174 0.0022
0.0159 0.1237 0.7547 1.0000 1.0000 0.0007 0.0041 0.0257 0.1593 0.9868 1.0000 1.0000 0.0009 0.0054 0.0335 0.2079 1.0000 1.0000 1.0000 0.0011 0.0071 0.0439 0.2718 1.0000 1.0000 0.0002 0.0015 0.0092 0.0573 0.3547 1.0000 1.0000 0.0003 0.0020 0.0123 0.0770 0.4836 1.0000 1.0000 0.0005 0.0029 0.0186 0.1202 0.7810 1.0000 1.0000 0.0008 0.0056 0.0377 0.2631 0.8524 0.2631 0.0377 0.0055 0.0008 1.0000 1.0000 0.7810 0.1202 0.0186 0.0029 0.0005 1.0000 1.0000 0.4836 0.0770 0.0123 0.0020 0.0003 1.0000 1.0000 0.3547 0.0573 0.0092 0.0015 0.0002 1.0000 1.0000 0.2718 0.0439 0.0071 0.0011 1.0000 1.0000 1.0000 0.2079 0.0335 0.0054 0.0009 1.0000 1.0000 0.9868 0.1593 0.0257 0.0041 0.0007 1.0000 1.0000 0.7547 0.1237 0.0159
0.1131 0.8820 1.0000 1.0000 0.0008 0.0048 0.0295 0.1830 1.0000 1.0000 1.0000 0.0010 0.0062 0.0385 0.2388 1.0000 1.0000 1.0000 0.0013 0.0081 0.0504 0.3123 1.0000 1.0000 0.0003 0.0017 0.0106 0.0658 0.4075 1.0000 1.0000 0.0004 0.0022 0.0140 0.0870 0.5431 1.0000 1.0000 0.0005 0.0032 0.0201 0.1282 0.8237 1.0000 1.0000 0.0008 0.0055 0.0368 0.2481 1.0000 1.0000 1.0000 0.2481 0.0368 0.0055 0.0008 1.0000 1.0000 0.8237 0.1282 0.0201 0.0032 0.0005 1.0000 1.0000 0.5441 0.0872 0.0140 0.0022 0.0004 1.0000 1.0000 0.4075 0.0659 0.0106 0.0017 0.0003 1.0000 1.0000 0.3123 0.0504 0.0081 0.0013 1.0000 1.0000 1.0000 0.2388 0.0386 0.0062 0.0010 1.0000 1.0000 1.0000 0.1830 0.0295 0.0048 0.0008 1.0000 1.0000 0.8820 0.1133
0.8051 1.0000 1.0000 0.0009 0.0055 0.0339 0.2102 1.0000 1.0000 1.0000 0.0012 0.0071 0.0443 0.2744 1.0000 1.0000 0.0002 0.0015 0.0093 0.0579 0.3588 1.0000 1.0000 0.0003 0.0020 0.0122 0.0756 0.4682 1.0000 1.0000 0.0004 0.0026 0.0160 0.0990 0.6169 1.0000 1.0000 0.0006 0.0035 0.0221 0.1400 0.8888 1.0000 1.0000 0.0009 0.0057 0.0372 0.2453 1.0000 1.0000 1.0000 1.0000 1.0000 0.2481 0.0377 0.0058 0.0009 1.0000 1.0000 0.8990 0.1416 0.0224 0.0036 0.0006 1.0000 1.0000 0.6240 0.1003 0.0161 0.0026 0.0004 1.0000 1.0000 0.4736 0.0764 0.0123 0.0020 0.0003 1.0000 1.0000 0.3622 0.0585 0.0094 0.0015 0.0002 1.0000 1.0000 0.2775 0.0448 0.0072 0.0012 1.0000 1.0000 1.0000 0.2123 0.0343 0.0055 0.0009 1.0000 1.0000 0.8097
1.0000 1.0000 0.0010 0.0063 0.0390 0.2416 1.0000 1.0000 1.0000 0.0013 0.0082 0.0509 0.3152 1.0000 1.0000 0.0003 0.0017 0.0107 0.0665 0.4122 1.0000 1.0000 0.0004 0.0023 0.0140 0.0868 0.5380 1.0000 1.0000 0.0005 0.0030 0.0183 0.1135 0.7047 1.0000 1.0000 0.0006 0.0039 0.0247 0.1551 0.9774 1.0000 1.0000 0.0009 0.0060 0.0388 0.2519 1.0000 1.0000 0.0003 0.0009 0.0003 1.0000 1.0000 0.2631 0.0405 0.0063 0.0010 1.0000 1.0000 1.0000 0.1620 0.0258 0.0041 0.0007 1.0000 1.0000 0.7335 0.1182 0.0190 0.0031 0.0005 1.0000 1.0000 0.5599 0.0904 0.0146 0.0024 0.0004 1.0000 1.0000 0.4282 0.0691 0.0112 0.0018 0.0003 1.0000 1.0000 0.3281 0.0530 0.0085 0.0014 1.0000 1.0000 1.0000 0.2509 0.0405 0.0065 0.0011 1.0000 1.0000
1.0000 0.0012 0.0072 0.0448 0.2775 1.0000 1.0000 0.0002 0.0015 0.0094 0.0585 0.3622 1.0000 1.0000 0.0003 0.0020 0.0123 0.0764 0.4736 1.0000 1.0000 0.0004 0.0026 0.0161 0.0998 0.6181 1.0000 1.0000 0.0005 0.0034 0.0211 0.1304 0.8082 1.0000 1.0000 0.0007 0.0045 0.0279 0.1742 1.0000 1.0000 1.0000 0.0010 0.0065 0.0414 0.2657 1.0000 1.0000 0.0003 0.0021 0.0042 0.0009 1.0000 1.0000 0.8524 0.1314 0.0204 0.0032 0.0005 1.0000 1.0000 0.5308 0.0847 0.0135 0.0022 0.0003 1.0000 1.0000 0.3901 0.0628 0.0101 0.0016 1.0000 1.0000 1.0000 0.2978 0.0481 0.0078 0.0013 1.0000 1.0000 1.0000 0.2277 0.0368 0.0059 0.0010 1.0000 1.0000 1.0000 0.1745 0.0282 0.0045 0.0007 1.0000 1.0000 0.8284 0.1335 0.0216 0.0035 0.0006 1.0000
0.0011 0.0085 0.0517 0.3207 1.0000 1.0000 0.0003 0.0018 0.0109 0.0676 0.4185 1.0000 1.0000 0.0004 0.0023 0.0143 0.0883 0.5472 1.0000 1.0000 0.0005 0.0030 0.0186 0.1153 0.7142 1.0000 1.0000 0.0006 0.0039 0.0243 0.1507 0.9338 1.0000 1.0000 0.0008 0.0051 0.0319 0.1986 1.0000 1.0000 1.0000 0.0011 0.0071 0.0452 0.2872 1.0000 1.0000 0.0003 0.0020 0.0078 0.0016 0.0003 1.0000 1.0000 0.2631 0.0405 0.0063 0.0010 1.0000 1.0000 1.0000 0.1620 0.0258 0.0041 0.0007 1.0000 1.0000 0.7335 0.1182 0.0190 0.0031 0.0005 1.0000 1.0000 0.5599 0.0904 0.0146 0.0024 0.0004 1.0000 1.0000 0.4282 0.0691 0.0112 0.0018 0.0003 1.0000 1.0000 0.3281 0.0530 0.0085 0.0014 1.0000 1.0000 1.0000 0.2509 0.0405 0.0065 0.0011 1.0000 1.0000
0.0078 0.0614 0.3748 1.0000 1.0000 0.0003 0.0021 0.0128 0.0793 0.4910 1.0000 1.0000 0.0004 0.0027 0.0167 0.1034 0.6408 1.0000 1.0000 0.0006 0.0035 0.0218 0.1352 0.8379 1.0000 1.0000 0.0007 0.0046 0.0285 0.1765 1.0000 1.0000 1.0000 0.0010 0.0060 0.0372 0.2312 1.0000 1.0000 1.0000 0.0013 0.0081 0.0511 0.3213 1.0000 1.0000 0.0003 0.0020 0.0140 0.0148 1.0000 1.0000 1.0000 0.2485 0.0377 0.0058 0.0009 1.0000 1.0000 0.8990 0.1416 0.0224 0.0036 0.0006 1.0000 1.0000 0.6240 0.1003 0.0161 0.0026 0.0004 1.0000 1.0000 0.4736 0.0764 0.0123 0.0020 0.0003 1.0000 1.0000 0.3622 0.0585 0.0094 0.0015 0.0002 1.0000 1.0000 0.2775 0.0448 0.0072 0.0012 1.0000 1.0000 1.0000 0.2123 0.0343 0.0055 0.0009 1.0000 1.0000 0.8097
0.0392 0.2989 1.0000 1.0000 1.0000 0.0016 0.0100 0.0617 0.3820 1.0000 1.0000 0.0003 0.0021 0.0130 0.0805 0.4985 1.0000 1.0000 0.0004 0.0027 0.0170 0.1052 0.6519 1.0000 1.0000 0.0006 0.0036 0.0222 0.1373 0.8507 1.0000 1.0000 0.0008 0.0047 0.0293 0.1820 1.0000 1.0000 1.0000 0.0010 0.0065 0.0414 0.2631 1.0000 1.0000 1.0000 0.0017 0.0110 0.0721 0.2411 1.0000 1.0000 0.2495 0.0368 0.0055 0.0008 1.0000 1.0000 0.8237 0.1282 0.0201 0.0032 0.0005 1.0000 1.0000 0.5441 0.0872 0.0140 0.0022 0.0004 1.0000 1.0000 0.4075 0.0659 0.0106 0.0017 0.0003 1.0000 1.0000 0.3123 0.0504 0.0081 0.0013 1.0000 1.0000 1.0000 0.2388 0.0386 0.0062 0.0010 1.0000 1.0000 1.0000 0.1830 0.0295 0.0048 0.0008 1.0000 1.0000 0.8820 0.1133
0.0163 0.1295 0.7914 1.0000 1.0000 0.0007 0.0044 0.0271 0.1680 1.0000 1.0000 1.0000 0.0009 0.0057 0.0354 0.2192 1.0000 1.0000 1.0000 0.0012 0.0075 0.0462 0.2867 1.0000 1.0000 1.0000 0.0016 0.0097 0.0604 0.3741 1.0000 1.0000 0.0003 0.0021 0.0130 0.0815 0.5120 1.0000 1.0000 0.0005 0.0031 0.0197 0.1275 0.8300 1.0000 1.0000 0.0009 0.0059 0.0406 0.2791 0.8589 0.2662 0.0377 0.0056 0.0008 1.0000 1.0000 0.7810 0.1202 0.0186 0.0029 0.0005 1.0000 1.0000 0.4836 0.0770 0.0123 0.0020 0.0003 1.0000 1.0000 0.3547 0.0573 0.0092 0.0015 0.0002 1.0000 1.0000 0.2718 0.0439 0.0071 0.0011 1.0000 1.0000 1.0000 0.2079 0.0335 0.0054 0.0009 1.0000 1.0000 0.9868 0.1593 0.0257 0.0041 0.0007 1.0000 1.0000 0.7547 0.1237 0.0159
0.0023 0.0176 0.1074 0.6669 1.0000 1.0000 0.0006 0.0037 0.0227 0.1408 0.8720 1.0000 1.0000 0.0008 0.0048 0.0296 0.1840 1.0000 1.0000 1.0000 0.0010 0.0063 0.0388 0.2402 1.0000 1.0000 1.0000 0.0013 0.0082 0.0507 0.3146 1.0000 1.0000 0.0003 0.0018 0.0111 0.0700 0.4423 1.0000 1.0000 0.0004 0.0028 0.0179 0.1173 0.7721 1.0000 1.0000 0.0009 0.0059 0.0415 0.1329 0.0405 0.0058 0.0008 1.0000 1.0000 0.7590 0.1153 0.0176 0.0027 0.0004 1.0000 1.0000 0.4347 0.0688 0.0109 0.0017 0.0003 1.0000 1.0000 0.3099 0.0499 0.0080 0.0013 1.0000 1.0000 1.0000 0.2366 0.0382 0.0062 0.0010 1.0000 1.0000 1.0000 0.1809 0.0292 0.0047 0.0008 1.0000 1.0000 0.8589 0.1386 0.0224 0.0036 0.0006 1.0000 1.0000 0.6569 0.1060 0.0174 0.0022
