0.4785 0.4130 0.2096 0.1888 0.2399 0.3365 0.4638 0.4557 0.2803 0.1836 0.2159 0.2956 0.4190 0.4778 0.3645 0.1906 0.1980 0.2608 0.3690 0.4795 0.4275 0.2243 0.1861 0.2323 0.3242 0.4529 0.4640 0.3058 0.1841 0.2102 0.2849 0.4043 0.4805 0.3853 0.1961 0.1939 0.2519 0.3556 0.4752 0.4403 0.2444 0.1844 0.2253 0.3123 0.4400 0.4707 0.3306 0.1858 0.2051 0.2716 0.3346 0.2716 0.2051 0.1858 0.3306 0.4707 0.4400 0.3123 0.2253 0.1844 0.2444 0.4403 0.4752 0.3556 0.2519 0.1939 0.1961 0.3853 0.4805 0.4043 0.2849 0.2102 0.1841 0.3058 0.4640 0.4529 0.3242 0.2323 0.1861 0.2243 0.4275 0.4795 0.3690 0.2608 0.1980 0.1906 0.3645 0.4778 0.4190 0.2956 0.2159 0.1836 0.2803 0.4557 0.4638 0.3365 0.2399 0.1888 0.2096 0.4130 0.4785
0.4130 0.1882 0.1623 0.2234 0.3322 0.4684 0.4546 0.2783 0.1559 0.1948 0.2858 0.4223 0.4776 0.3654 0.1663 0.1733 0.2464 0.3678 0.4819 0.4270 0.2132 0.1584 0.2139 0.3179 0.4576 0.4630 0.3054 0.1570 0.1880 0.2737 0.4064 0.4810 0.3862 0.1739 0.1681 0.2364 0.3529 0.4785 0.4394 0.2382 0.1564 0.2058 0.3045 0.4444 0.4700 0.3311 0.1595 0.1818 0.2629 0.3925 0.4685 0.3925 0.2629 0.1818 0.1595 0.3311 0.4700 0.4444 0.3045 0.2058 0.1564 0.2382 0.4394 0.4785 0.3529 0.2364 0.1681 0.1739 0.3862 0.4810 0.4064 0.2737 0.1880 0.1570 0.3054 0.4630 0.4576 0.3179 0.2139 0.1584 0.2132 0.4270 0.4819 0.3678 0.2464 0.1733 0.1663 0.3654 0.4776 0.4223 0.2858 0.1948 0.1559 0.2783 0.4546 0.4684 0.3322 0.2234 0.1623 0.1882 0.4130
0.2096 0.1623 0.2207 0.3254 0.4618 0.4594 0.2951 0.1563 0.1900 0.2771 0.4104 0.4792 0.3796 0.1709 0.1696 0.2391 0.3567 0.4787 0.4355 0.2295 0.1568 0.2080 0.3080 0.4475 0.4673 0.3227 0.1584 0.1834 0.2654 0.3945 0.4814 0.3989 0.1810 0.1648 0.2295 0.3421 0.4733 0.4466 0.2563 0.1557 0.2003 0.2951 0.4332 0.4732 0.3472 0.1619 0.1775 0.2544 0.3796 0.4800 0.4532 0.4800 0.3796 0.2544 0.1775 0.1619 0.3472 0.4732 0.4332 0.2951 0.2003 0.1557 0.2563 0.4466 0.4733 0.3421 0.2295 0.1648 0.1810 0.3989 0.4814 0.3945 0.2654 0.1834 0.1584 0.3227 0.4673 0.4475 0.3080 0.2080 0.1568 0.2295 0.4355 0.4787 0.3567 0.2391 0.1696 0.1709 0.3796 0.4792 0.4104 0.2771 0.1900 0.1563 0.2951 0.4594 0.4618 0.3254 0.2207 0.1623 0.2096
0.1888 0.2234 0.3254 0.4595 0.4624 0.3079 0.1573 0.1862 0.2699 0.4003 0.4809 0.3926 0.1771 0.1663 0.2327 0.3470 0.4755 0.4431 0.2472 0.1559 0.2028 0.2994 0.4382 0.4715 0.3393 0.1606 0.1795 0.2580 0.3842 0.4820 0.4103 0.1905 0.1619 0.2234 0.3327 0.4682 0.4531 0.2747 0.1557 0.1955 0.2868 0.4232 0.4764 0.3623 0.1653 0.1738 0.2473 0.3689 0.4811 0.4229 0.3118 0.4229 0.4811 0.3689 0.2473 0.1738 0.1653 0.3623 0.4764 0.4232 0.2868 0.1955 0.1557 0.2747 0.4531 0.4682 0.3327 0.2234 0.1619 0.1905 0.4103 0.4820 0.3842 0.2580 0.1795 0.1606 0.3393 0.4715 0.4382 0.2994 0.2028 0.1559 0.2472 0.4431 0.4755 0.3470 0.2327 0.1663 0.1771 0.3926 0.4809 0.4003 0.2699 0.1862 0.1573 0.3079 0.4624 0.4595 0.3254 0.2234 0.1888
0.2399 0.3322 0.4618 0.4624 0.3127 0.1581 0.1834 0.2640 0.3913 0.4818 0.4040 0.1851 0.1634 0.2265 0.3375 0.4710 0.4500 0.2654 0.1556 0.1979 0.2909 0.4282 0.4749 0.3549 0.1635 0.1756 0.2508 0.3739 0.4817 0.4204 0.2028 0.1595 0.2175 0.3235 0.4616 0.4589 0.2929 0.1562 0.1909 0.2787 0.4127 0.4789 0.3766 0.1698 0.1703 0.2405 0.3589 0.4793 0.4332 0.2291 0.1506 0.2291 0.4332 0.4793 0.3589 0.2405 0.1703 0.1698 0.3766 0.4789 0.4127 0.2787 0.1909 0.1562 0.2929 0.4589 0.4616 0.3235 0.2175 0.1595 0.2028 0.4204 0.4817 0.3739 0.2508 0.1756 0.1635 0.3549 0.4749 0.4282 0.2909 0.1979 0.1556 0.2654 0.4500 0.4710 0.3375 0.2265 0.1634 0.1851 0.4040 0.4818 0.3913 0.2640 0.1834 0.1581 0.3127 0.4624 0.4618 0.3322 0.2399
0.3365 0.4684 0.4594 0.3079 0.1581 0.1824 0.2606 0.3847 0.4820 0.4131 0.1946 0.1609 0.2208 0.3283 0.4651 0.4561 0.2837 0.1558 0.1931 0.2827 0.4179 0.4777 0.3697 0.1674 0.1720 0.2439 0.3639 0.4804 0.4296 0.2177 0.1577 0.2119 0.3144 0.4538 0.4641 0.3106 0.1573 0.1865 0.2709 0.4021 0.4807 0.3900 0.1757 0.1670 0.2340 0.3491 0.4763 0.4416 0.2426 0.1539 0.1707 0.1539 0.2426 0.4416 0.4763 0.3491 0.2340 0.1670 0.1757 0.3900 0.4807 0.4021 0.2709 0.1865 0.1573 0.3106 0.4641 0.4538 0.3144 0.2119 0.1577 0.2177 0.4296 0.4804 0.3639 0.2439 0.1720 0.1674 0.3697 0.4777 0.4179 0.2827 0.1931 0.1558 0.2837 0.4561 0.4651 0.3283 0.2208 0.1609 0.1946 0.4131 0.4820 0.3847 0.2606 0.1824 0.1581 0.3079 0.4594 0.4684 0.3365
0.4638 0.4546 0.2951 0.1573 0.1834 0.2606 0.3823 0.4820 0.4191 0.2037 0.1591 0.2158 0.3199 0.4583 0.4614 0.3014 0.1566 0.1886 0.2748 0.4074 0.4798 0.3835 0.1726 0.1686 0.2372 0.3540 0.4780 0.4378 0.2345 0.1565 0.2065 0.3056 0.4450 0.4686 0.3276 0.1590 0.1823 0.2633 0.3916 0.4817 0.4023 0.1834 0.1639 0.2277 0.3395 0.4721 0.4486 0.2615 0.1559 0.1957 0.2391 0.1957 0.1559 0.2615 0.4486 0.4721 0.3395 0.2277 0.1639 0.1834 0.4023 0.4817 0.3916 0.2633 0.1823 0.1590 0.3276 0.4686 0.4450 0.3056 0.2065 0.1565 0.2345 0.4378 0.4780 0.3540 0.2372 0.1686 0.1726 0.3835 0.4798 0.4074 0.2748 0.1886 0.1566 0.3014 0.4614 0.4583 0.3199 0.2158 0.1591 0.2037 0.4191 0.4820 0.3823 0.2606 0.1834 0.1573 0.2951 0.4546 0.4638
0.4557 0.2783 0.1563 0.1862 0.2640 0.3847 0.4820 0.4212 0.2094 0.1581 0.2120 0.3130 0.4515 0.4658 0.3177 0.1579 0.1845 0.2671 0.3969 0.4813 0.3963 0.1793 0.1654 0.2308 0.3443 0.4744 0.4451 0.2524 0.1558 0.2014 0.2969 0.4354 0.4725 0.3439 0.1613 0.1783 0.2559 0.3812 0.4820 0.4133 0.1937 0.1611 0.2217 0.3300 0.4664 0.4549 0.2799 0.1558 0.1946 0.2825 0.3568 0.2825 0.1946 0.1558 0.2799 0.4549 0.4664 0.3300 0.2217 0.1611 0.1937 0.4133 0.4820 0.3812 0.2559 0.1783 0.1613 0.3439 0.4725 0.4354 0.2969 0.2014 0.1558 0.2524 0.4451 0.4744 0.3443 0.2308 0.1654 0.1793 0.3963 0.4813 0.3969 0.2671 0.1845 0.1579 0.3177 0.4658 0.4515 0.3130 0.2120 0.1581 0.2094 0.4212 0.4820 0.3847 0.2640 0.1862 0.1563 0.2783 0.4557
0.2803 0.1559 0.1900 0.2699 0.3913 0.4820 0.4191 0.2094 0.1578 0.2100 0.3083 0.4456 0.4691 0.3315 0.1596 0.1807 0.2600 0.3867 0.4819 0.4079 0.1883 0.1625 0.2247 0.3348 0.4694 0.4518 0.2707 0.1556 0.1965 0.2886 0.4253 0.4758 0.3592 0.1645 0.1746 0.2488 0.3710 0.4814 0.4232 0.2068 0.1589 0.2159 0.3208 0.4595 0.4605 0.2980 0.1564 0.1896 0.2771 0.4119 0.4745 0.4119 0.2771 0.1896 0.1564 0.2980 0.4605 0.4595 0.3208 0.2159 0.1589 0.2068 0.4232 0.4814 0.3710 0.2488 0.1746 0.1645 0.3592 0.4758 0.4253 0.2886 0.1965 0.1556 0.2707 0.4518 0.4694 0.3348 0.2247 0.1625 0.1883 0.4079 0.4819 0.3867 0.2600 0.1807 0.1596 0.3315 0.4691 0.4456 0.3083 0.2100 0.1578 0.2094 0.4191 0.4820 0.3913 0.2699 0.1900 0.1559 0.2803
0.1836 0.1948 0.2771 0.4003 0.4818 0.4131 0.2037 0.1581 0.2100 0.3066 0.4422 0.4712 0.3418 0.1615 0.1776 0.2538 0.3774 0.4818 0.4180 0.1997 0.1600 0.2188 0.3254 0.4631 0.4577 0.2890 0.1560 0.1918 0.2804 0.4149 0.4784 0.3737 0.1688 0.1710 0.2420 0.3610 0.4798 0.4320 0.2224 0.1573 0.2103 0.3118 0.4514 0.4655 0.3156 0.1577 0.1852 0.2687 0.3998 0.4787 0.4416 0.4787 0.3998 0.2687 0.1852 0.1577 0.3156 0.4655 0.4514 0.3118 0.2103 0.1573 0.2224 0.4320 0.4798 0.3610 0.2420 0.1710 0.1688 0.3737 0.4784 0.4149 0.2804 0.1918 0.1560 0.2890 0.4577 0.4631 0.3254 0.2188 0.1600 0.1997 0.4180 0.4818 0.3774 0.2538 0.1776 0.1615 0.3418 0.4712 0.4422 0.3066 0.2100 0.1581 0.2037 0.4131 0.4818 0.4003 0.2771 0.1948 0.1836
0.2159 0.2858 0.4104 0.4809 0.4040 0.1946 0.1591 0.2120 0.3083 0.4422 0.4719 0.3472 0.1630 0.1753 0.2488 0.3693 0.4811 0.4264 0.2130 0.1581 0.2132 0.3164 0.4556 0.4630 0.3068 0.1570 0.1874 0.2725 0.4044 0.4803 0.3873 0.1743 0.1677 0.2354 0.3512 0.4771 0.4400 0.2396 0.1562 0.2050 0.3031 0.4423 0.4698 0.3324 0.1596 0.1811 0.2611 0.3886 0.4817 0.4044 0.2785 0.4044 0.4817 0.3886 0.2611 0.1811 0.1596 0.3324 0.4698 0.4423 0.3031 0.2050 0.1562 0.2396 0.4400 0.4771 0.3512 0.2354 0.1677 0.1743 0.3873 0.4803 0.4044 0.2725 0.1874 0.1570 0.3068 0.4630 0.4556 0.3164 0.2132 0.1581 0.2130 0.4264 0.4811 0.3693 0.2488 0.1753 0.1630 0.3472 0.4719 0.4422 0.3083 0.2120 0.1591 0.1946 0.4040 0.4809 0.4104 0.2858 0.2159
0.2956 0.4223 0.4792 0.3926 0.1851 0.1609 0.2158 0.3130 0.4456 0.4712 0.3472 0.1636 0.1741 0.2455 0.3633 0.4798 0.4331 0.2265 0.1569 0.2082 0.3079 0.4472 0.4676 0.3239 0.1585 0.1831 0.2648 0.3938 0.4816 0.3998 0.1816 0.1645 0.2290 0.3415 0.4731 0.4471 0.2576 0.1557 0.2000 0.2945 0.4325 0.4735 0.3484 0.1622 0.1772 0.2539 0.3783 0.4819 0.4157 0.1992 0.1480 0.1992 0.4157 0.4819 0.3783 0.2539 0.1772 0.1622 0.3484 0.4735 0.4325 0.2945 0.2000 0.1557 0.2576 0.4471 0.4731 0.3415 0.2290 0.1645 0.1816 0.3998 0.4816 0.3938 0.2648 0.1831 0.1585 0.3239 0.4676 0.4472 0.3079 0.2082 0.1569 0.2265 0.4331 0.4798 0.3633 0.2455 0.1741 0.1636 0.3472 0.4712 0.4456 0.3130 0.2158 0.1609 0.1851 0.3926 0.4792 0.4223 0.2956
0.4190 0.4776 0.3796 0.1771 0.1634 0.2208 0.3199 0.4515 0.4691 0.3418 0.1630 0.1741 0.2443 0.3600 0.4787 0.4378 0.2383 0.1561 0.2039 0.3004 0.4387 0.4715 0.3397 0.1607 0.1792 0.2574 0.3834 0.4820 0.4111 0.1914 0.1617 0.2229 0.3321 0.4678 0.4536 0.2760 0.1557 0.1951 0.2862 0.4223 0.4766 0.3635 0.1656 0.1735 0.2468 0.3681 0.4810 0.4258 0.2105 0.1560 0.1781 0.1560 0.2105 0.4258 0.4810 0.3681 0.2468 0.1735 0.1656 0.3635 0.4766 0.4223 0.2862 0.1951 0.1557 0.2760 0.4536 0.4678 0.3321 0.2229 0.1617 0.1914 0.4111 0.4820 0.3834 0.2574 0.1792 0.1607 0.3397 0.4715 0.4387 0.3004 0.2039 0.1561 0.2383 0.4378 0.4787 0.3600 0.2443 0.1741 0.1630 0.3418 0.4691 0.4515 0.3199 0.2208 0.1634 0.1771 0.3796 0.4776 0.4190
0.4778 0.3654 0.1709 0.1663 0.2265 0.3283 0.4583 0.4658 0.3315 0.1615 0.1753 0.2455 0.3600 0.4783 0.4403 0.2463 0.1558 0.2006 0.2940 0.4306 0.4745 0.3539 0.1635 0.1756 0.2505 0.3732 0.4816 0.4212 0.2039 0.1594 0.2171 0.3228 0.4611 0.4593 0.2941 0.1562 0.1905 0.2781 0.4119 0.4790 0.3777 0.1702 0.1700 0.2401 0.3581 0.4791 0.4344 0.2271 0.1572 0.2055 0.2531 0.2055 0.1572 0.2271 0.4344 0.4791 0.3581 0.2401 0.1700 0.1702 0.3777 0.4790 0.4119 0.2781 0.1905 0.1562 0.2941 0.4593 0.4611 0.3228 0.2171 0.1594 0.2039 0.4212 0.4816 0.3732 0.2505 0.1756 0.1635 0.3539 0.4745 0.4306 0.2940 0.2006 0.1558 0.2463 0.4403 0.4783 0.3600 0.2455 0.1753 0.1615 0.3315 0.4658 0.4583 0.3283 0.2265 0.1663 0.1709 0.3654 0.4778
0.3645 0.1663 0.1696 0.2327 0.3375 0.4651 0.4614 0.3177 0.1596 0.1776 0.2488 0.3633 0.4787 0.4403 0.2492 0.1557 0.1984 0.2894 0.4239 0.4767 0.3658 0.1667 0.1724 0.2441 0.3637 0.4803 0.4301 0.2188 0.1576 0.2115 0.3138 0.4532 0.4644 0.3118 0.1573 0.1861 0.2703 0.4013 0.4808 0.3910 0.1762 0.1668 0.2335 0.3484 0.4761 0.4421 0.2447 0.1561 0.2041 0.2992 0.3779 0.2992 0.2041 0.1561 0.2447 0.4421 0.4761 0.3484 0.2335 0.1668 0.1762 0.3910 0.4808 0.4013 0.2703 0.1861 0.1573 0.3118 0.4644 0.4532 0.3138 0.2115 0.1576 0.2188 0.4301 0.4803 0.3637 0.2441 0.1724 0.1667 0.3658 0.4767 0.4239 0.2894 0.1984 0.1557 0.2492 0.4403 0.4787 0.3633 0.2488 0.1776 0.1596 0.3177 0.4614 0.4651 0.3375 0.2327 0.1696 0.1663 0.3645
0.1906 0.1733 0.2391 0.3470 0.4710 0.4561 0.3014 0.1579 0.1807 0.2538 0.3693 0.4798 0.4378 0.2463 0.1557 0.1977 0.2869 0.4194 0.4781 0.3750 0.1702 0.1696 0.2385 0.3550 0.4781 0.4378 0.2351 0.1564 0.2062 0.3049 0.4443 0.4689 0.3288 0.1591 0.1820 0.2627 0.3908 0.4818 0.4032 0.1842 0.1637 0.2273 0.3388 0.4717 0.4491 0.2629 0.1556 0.1986 0.2928 0.4317 0.4774 0.4317 0.2928 0.1986 0.1556 0.2629 0.4491 0.4717 0.3388 0.2273 0.1637 0.1842 0.4032 0.4818 0.3908 0.2627 0.1820 0.1591 0.3288 0.4689 0.4443 0.3049 0.2062 0.1564 0.2351 0.4378 0.4781 0.3550 0.2385 0.1696 0.1702 0.3750 0.4781 0.4194 0.2869 0.1977 0.1557 0.2463 0.4378 0.4798 0.3693 0.2538 0.1807 0.1579 0.3014 0.4561 0.4710 0.3470 0.2391 0.1733 0.1906
0.1980 0.2464 0.3567 0.4755 0.4500 0.2837 0.1566 0.1845 0.2600 0.3774 0.4811 0.4331 0.2383 0.1558 0.1984 0.2869 0.4178 0.4788 0.3808 0.1732 0.1675 0.2338 0.3473 0.4752 0.4443 0.2513 0.1558 0.2013 0.2965 0.4347 0.4728 0.3450 0.1615 0.1780 0.2554 0.3804 0.4820 0.4141 0.1947 0.1610 0.2212 0.3294 0.4660 0.4553 0.2812 0.1558 0.1938 0.2839 0.4200 0.4747 0.4273 0.4747 0.4200 0.2839 0.1938 0.1558 0.2812 0.4553 0.4660 0.3294 0.2212 0.1610 0.1947 0.4141 0.4820 0.3804 0.2554 0.1780 0.1615 0.3450 0.4728 0.4347 0.2965 0.2013 0.1558 0.2513 0.4443 0.4752 0.3473 0.2338 0.1675 0.1732 0.3808 0.4788 0.4178 0.2869 0.1984 0.1558 0.2383 0.4331 0.4811 0.3774 0.2600 0.1845 0.1566 0.2837 0.4500 0.4755 0.3567 0.2464 0.1980
0.2608 0.3678 0.4787 0.4431 0.2654 0.1558 0.1886 0.2671 0.3867 0.4818 0.4264 0.2265 0.1561 0.2006 0.2894 0.4194 0.4788 0.3828 0.1749 0.1663 0.2305 0.3413 0.4720 0.4496 0.2664 0.1556 0.1969 0.2887 0.4250 0.4759 0.3602 0.1648 0.1743 0.2483 0.3702 0.4813 0.4239 0.2080 0.1588 0.2155 0.3202 0.4589 0.4609 0.2993 0.1565 0.1892 0.2758 0.4089 0.4793 0.3822 0.2435 0.3822 0.4793 0.4089 0.2758 0.1892 0.1565 0.2993 0.4609 0.4589 0.3202 0.2155 0.1588 0.2080 0.4239 0.4813 0.3702 0.2483 0.1743 0.1648 0.3602 0.4759 0.4250 0.2887 0.1969 0.1556 0.2664 0.4496 0.4720 0.3413 0.2305 0.1663 0.1749 0.3828 0.4788 0.4194 0.2894 0.2006 0.1561 0.2265 0.4264 0.4818 0.3867 0.2671 0.1886 0.1558 0.2654 0.4431 0.4787 0.3678 0.2608
0.3690 0.4819 0.4355 0.2472 0.1556 0.1931 0.2748 0.3969 0.4819 0.4180 0.2130 0.1569 0.2039 0.2940 0.4239 0.4781 0.3808 0.1749 0.1658 0.2288 0.3375 0.4693 0.4535 0.2793 0.1558 0.1930 0.2817 0.4157 0.4783 0.3739 0.1690 0.1708 0.2415 0.3602 0.4796 0.4327 0.2237 0.1572 0.2099 0.3112 0.4507 0.4658 0.3168 0.1578 0.1849 0.2681 0.3983 0.4811 0.3940 0.1785 0.1483 0.1785 0.3940 0.4811 0.3983 0.2681 0.1849 0.1578 0.3168 0.4658 0.4507 0.3112 0.2099 0.1572 0.2237 0.4327 0.4796 0.3602 0.2415 0.1708 0.1690 0.3739 0.4783 0.4157 0.2817 0.1930 0.1558 0.2793 0.4535 0.4693 0.3375 0.2288 0.1658 0.1749 0.3808 0.4781 0.4239 0.2940 0.2039 0.1569 0.2130 0.4180 0.4819 0.3969 0.2748 0.1931 0.1556 0.2472 0.4355 0.4819 0.3690
0.4795 0.4270 0.2295 0.1559 0.1979 0.2827 0.4074 0.4813 0.4079 0.1997 0.1581 0.2082 0.3004 0.4306 0.4767 0.3750 0.1732 0.1663 0.2288 0.3362 0.4677 0.4559 0.2885 0.1562 0.1899 0.2757 0.4073 0.4801 0.3860 0.1741 0.1677 0.2352 0.3506 0.4768 0.4405 0.2410 0.1562 0.2047 0.3024 0.4416 0.4701 0.3336 0.1597 0.1808 0.2606 0.3878 0.4819 0.4064 0.1866 0.1602 0.1862 0.1602 0.1866 0.4064 0.4819 0.3878 0.2606 0.1808 0.1597 0.3336 0.4701 0.4416 0.3024 0.2047 0.1562 0.2410 0.4405 0.4768 0.3506 0.2352 0.1677 0.1741 0.3860 0.4801 0.4073 0.2757 0.1899 0.1562 0.2885 0.4559 0.4677 0.3362 0.2288 0.1663 0.1732 0.3750 0.4767 0.4306 0.3004 0.2082 0.1581 0.1997 0.4079 0.4813 0.4074 0.2827 0.1979 0.1559 0.2295 0.4270 0.4795
0.4275 0.2132 0.1568 0.2028 0.2909 0.4179 0.4798 0.3963 0.1883 0.1600 0.2132 0.3079 0.4387 0.4745 0.3658 0.1702 0.1675 0.2305 0.3375 0.4677 0.4566 0.2933 0.1565 0.1877 0.2710 0.4001 0.4811 0.3962 0.1800 0.1649 0.2294 0.3416 0.4729 0.4475 0.2590 0.1557 0.1996 0.2939 0.4318 0.4738 0.3495 0.1624 0.1769 0.2533 0.3775 0.4819 0.4170 0.1982 0.1606 0.2163 0.2683 0.2163 0.1606 0.1982 0.4170 0.4819 0.3775 0.2533 0.1769 0.1624 0.3495 0.4738 0.4318 0.2939 0.1996 0.1557 0.2590 0.4475 0.4729 0.3416 0.2294 0.1649 0.1800 0.3962 0.4811 0.4001 0.2710 0.1877 0.1565 0.2933 0.4566 0.4677 0.3375 0.2305 0.1675 0.1702 0.3658 0.4745 0.4387 0.3079 0.2132 0.1600 0.1883 0.3963 0.4798 0.4179 0.2909 0.2028 0.1568 0.2132 0.4275
0.2243 0.1584 0.2080 0.2994 0.4282 0.4777 0.3835 0.1793 0.1625 0.2188 0.3164 0.4472 0.4715 0.3539 0.1667 0.1696 0.2338 0.3413 0.4693 0.4559 0.2933 0.1567 0.1866 0.2681 0.3948 0.4817 0.4042 0.1866 0.1626 0.2242 0.3332 0.4681 0.4535 0.2766 0.1557 0.1948 0.2856 0.4216 0.4768 0.3646 0.1659 0.1733 0.2463 0.3673 0.4809 0.4265 0.2123 0.1583 0.2144 0.3169 0.3994 0.3169 0.2144 0.1583 0.2123 0.4265 0.4809 0.3673 0.2463 0.1733 0.1659 0.3646 0.4768 0.4216 0.2856 0.1948 0.1557 0.2766 0.4535 0.4681 0.3332 0.2242 0.1626 0.1866 0.4042 0.4817 0.3948 0.2681 0.1866 0.1567 0.2933 0.4559 0.4693 0.3413 0.2338 0.1696 0.1667 0.3539 0.4715 0.4472 0.3164 0.2188 0.1625 0.1793 0.3835 0.4777 0.4282 0.2994 0.2080 0.1584 0.2243
0.1861 0.2139 0.3080 0.4382 0.4749 0.3697 0.1726 0.1654 0.2247 0.3254 0.4556 0.4676 0.3397 0.1635 0.1724 0.2385 0.3473 0.4720 0.4535 0.2885 0.1565 0.1866 0.2671 0.3922 0.4819 0.4096 0.1927 0.1608 0.2199 0.3258 0.4627 0.4586 0.2929 0.1562 0.1904 0.2777 0.4112 0.4792 0.3787 0.1706 0.1698 0.2395 0.3574 0.4789 0.4350 0.2285 0.1569 0.2085 0.3093 0.4496 0.4770 0.4496 0.3093 0.2085 0.1569 0.2285 0.4350 0.4789 0.3574 0.2395 0.1698 0.1706 0.3787 0.4792 0.4112 0.2777 0.1904 0.1562 0.2929 0.4586 0.4627 0.3258 0.2199 0.1608 0.1927 0.4096 0.4819 0.3922 0.2671 0.1866 0.1565 0.2885 0.4535 0.4720 0.3473 0.2385 0.1724 0.1635 0.3397 0.4676 0.4556 0.3254 0.2247 0.1654 0.1726 0.3697 0.4749 0.4382 0.3080 0.2139 0.1861
0.2323 0.3179 0.4475 0.4715 0.3549 0.1674 0.1686 0.2308 0.3348 0.4631 0.4630 0.3239 0.1607 0.1756 0.2441 0.3550 0.4752 0.4496 0.2793 0.1562 0.1877 0.2681 0.3922 0.4820 0.4123 0.1971 0.1597 0.2166 0.3198 0.4572 0.4627 0.3077 0.1571 0.1865 0.2705 0.4011 0.4808 0.3917 0.1766 0.1665 0.2330 0.3476 0.4758 0.4427 0.2461 0.1560 0.2032 0.3000 0.4395 0.4683 0.4101 0.4683 0.4395 0.3000 0.2032 0.1560 0.2461 0.4427 0.4758 0.3476 0.2330 0.1665 0.1766 0.3917 0.4808 0.4011 0.2705 0.1865 0.1571 0.3077 0.4627 0.4572 0.3198 0.2166 0.1597 0.1971 0.4123 0.4820 0.3922 0.2681 0.1877 0.1562 0.2793 0.4496 0.4752 0.3550 0.2441 0.1756 0.1607 0.3239 0.4630 0.4631 0.3348 0.2308 0.1686 0.1674 0.3549 0.4715 0.4475 0.3179 0.2323
0.3242 0.4576 0.4673 0.3393 0.1635 0.1720 0.2372 0.3443 0.4694 0.4577 0.3068 0.1585 0.1792 0.2505 0.3637 0.4781 0.4443 0.2664 0.1558 0.1899 0.2710 0.3948 0.4819 0.4123 0.1988 0.1592 0.2145 0.3156 0.4526 0.4658 0.3201 0.1584 0.1831 0.2640 0.3917 0.4818 0.4033 0.1845 0.1635 0.2268 0.3380 0.4713 0.4496 0.2644 0.1556 0.1982 0.2915 0.4289 0.4743 0.3562 0.2100 0.3562 0.4743 0.4289 0.2915 0.1982 0.1556 0.2644 0.4496 0.4713 0.3380 0.2268 0.1635 0.1845 0.4033 0.4818 0.3917 0.2640 0.1831 0.1584 0.3201 0.4658 0.4526 0.3156 0.2145 0.1592 0.1988 0.4123 0.4819 0.3948 0.2710 0.1899 0.1558 0.2664 0.4443 0.4781 0.3637 0.2505 0.1792 0.1585 0.3068 0.4577 0.4694 0.3443 0.2372 0.1720 0.1635 0.3393 0.4673 0.4576 0.3242
0.4529 0.4630 0.3227 0.1606 0.1756 0.2439 0.3540 0.4744 0.4518 0.2890 0.1570 0.1831 0.2574 0.3732 0.4803 0.4378 0.2513 0.1556 0.1930 0.2757 0.4001 0.4817 0.4096 0.1971 0.1592 0.2138 0.3135 0.4495 0.4679 0.3293 0.1597 0.1802 0.2583 0.3833 0.4820 0.4130 0.1941 0.1610 0.2211 0.3288 0.4655 0.4558 0.2827 0.1558 0.1934 0.2833 0.4186 0.4776 0.3681 0.1665 0.1507 0.1665 0.3681 0.4776 0.4186 0.2833 0.1934 0.1558 0.2827 0.4558 0.4655 0.3288 0.2211 0.1610 0.1941 0.4130 0.4820 0.3833 0.2583 0.1802 0.1597 0.3293 0.4679 0.4495 0.3135 0.2138 0.1592 0.1971 0.4096 0.4817 0.4001 0.2757 0.1930 0.1556 0.2513 0.4378 0.4803 0.3732 0.2574 0.1831 0.1570 0.2890 0.4518 0.4744 0.3540 0.2439 0.1756 0.1606 0.3227 0.4630 0.4529
0.4640 0.3054 0.1584 0.1795 0.2508 0.3639 0.4780 0.4451 0.2707 0.1560 0.1874 0.2648 0.3834 0.4816 0.4301 0.2351 0.1558 0.1969 0.2817 0.4073 0.4811 0.4042 0.1927 0.1597 0.2145 0.3135 0.4484 0.4689 0.3351 0.1608 0.1781 0.2537 0.3760 0.4817 0.4212 0.2052 0.1590 0.2158 0.3203 0.4587 0.4612 0.3006 0.1566 0.1889 0.2753 0.4081 0.4797 0.3825 0.1721 0.1660 0.1953 0.1660 0.1721 0.3825 0.4797 0.4081 0.2753 0.1889 0.1566 0.3006 0.4612 0.4587 0.3203 0.2158 0.1590 0.2052 0.4212 0.4817 0.3760 0.2537 0.1781 0.1608 0.3351 0.4689 0.4484 0.3135 0.2145 0.1597 0.1927 0.4042 0.4811 0.4073 0.2817 0.1969 0.1558 0.2351 0.4301 0.4816 0.3834 0.2648 0.1874 0.1560 0.2707 0.4451 0.4780 0.3639 0.2508 0.1795 0.1584 0.3054 0.4640
0.3058 0.1570 0.1834 0.2580 0.3739 0.4804 0.4378 0.2524 0.1556 0.1918 0.2725 0.3938 0.4820 0.4212 0.2188 0.1564 0.2013 0.2887 0.4157 0.4801 0.3962 0.1866 0.1608 0.2166 0.3156 0.4495 0.4689 0.3371 0.1614 0.1768 0.2505 0.3705 0.4810 0.4276 0.2166 0.1576 0.2111 0.3124 0.4512 0.4658 0.3173 0.1579 0.1847 0.2675 0.3975 0.4812 0.3955 0.1788 0.1660 0.2281 0.2846 0.2281 0.1660 0.1788 0.3955 0.4812 0.3975 0.2675 0.1847 0.1579 0.3173 0.4658 0.4512 0.3124 0.2111 0.1576 0.2166 0.4276 0.4810 0.3705 0.2505 0.1768 0.1614 0.3371 0.4689 0.4495 0.3156 0.2166 0.1608 0.1866 0.3962 0.4801 0.4157 0.2887 0.2013 0.1564 0.2188 0.4212 0.4820 0.3938 0.2725 0.1918 0.1556 0.2524 0.4378 0.4804 0.3739 0.2580 0.1834 0.1570 0.3058
0.1841 0.1880 0.2654 0.3842 0.4817 0.4296 0.2345 0.1558 0.1965 0.2804 0.4044 0.4816 0.4111 0.2039 0.1576 0.2062 0.2965 0.4250 0.4783 0.3860 0.1800 0.1626 0.2199 0.3198 0.4526 0.4679 0.3351 0.1614 0.1763 0.2489 0.3670 0.4803 0.4322 0.2268 0.1567 0.2070 0.3053 0.4437 0.4696 0.3324 0.1597 0.1807 0.2602 0.3871 0.4819 0.4073 0.1876 0.1627 0.2257 0.3354 0.4207 0.3354 0.2257 0.1627 0.1876 0.4073 0.4819 0.3871 0.2602 0.1807 0.1597 0.3324 0.4696 0.4437 0.3053 0.2070 0.1567 0.2268 0.4322 0.4803 0.3670 0.2489 0.1763 0.1614 0.3351 0.4679 0.4526 0.3198 0.2199 0.1626 0.1800 0.3860 0.4783 0.4250 0.2965 0.2062 0.1576 0.2039 0.4111 0.4816 0.4044 0.2804 0.1965 0.1558 0.2345 0.4296 0.4817 0.3842 0.2654 0.1880 0.1841
0.2102 0.2737 0.3945 0.4820 0.4204 0.2177 0.1565 0.2014 0.2886 0.4149 0.4803 0.3998 0.1914 0.1594 0.2115 0.3049 0.4347 0.4759 0.3739 0.1741 0.1649 0.2242 0.3258 0.4572 0.4658 0.3293 0.1608 0.1768 0.2489 0.3659 0.4799 0.4350 0.2342 0.1562 0.2038 0.2993 0.4365 0.4726 0.3458 0.1619 0.1772 0.2535 0.3773 0.4818 0.4176 0.1991 0.1601 0.2192 0.3267 0.4641 0.4740 0.4641 0.3267 0.2192 0.1601 0.1991 0.4176 0.4818 0.3773 0.2535 0.1772 0.1619 0.3458 0.4726 0.4365 0.2993 0.2038 0.1562 0.2342 0.4350 0.4799 0.3659 0.2489 0.1768 0.1608 0.3293 0.4658 0.4572 0.3258 0.2242 0.1649 0.1741 0.3739 0.4759 0.4347 0.3049 0.2115 0.1594 0.1914 0.3998 0.4803 0.4149 0.2886 0.2014 0.1565 0.2177 0.4204 0.4820 0.3945 0.2737 0.2102
0.2849 0.4064 0.4814 0.4103 0.2028 0.1577 0.2065 0.2969 0.4253 0.4784 0.3873 0.1816 0.1617 0.2171 0.3138 0.4443 0.4728 0.3602 0.1690 0.1677 0.2294 0.3332 0.4627 0.4627 0.3201 0.1597 0.1781 0.2505 0.3670 0.4799 0.4359 0.2382 0.1560 0.2017 0.2949 0.4304 0.4749 0.3572 0.1645 0.1742 0.2474 0.3682 0.4810 0.4266 0.2128 0.1582 0.2135 0.3169 0.4565 0.4597 0.3895 0.4597 0.4565 0.3169 0.2135 0.1582 0.2128 0.4266 0.4810 0.3682 0.2474 0.1742 0.1645 0.3572 0.4749 0.4304 0.2949 0.2017 0.1560 0.2382 0.4359 0.4799 0.3670 0.2505 0.1781 0.1597 0.3201 0.4627 0.4627 0.3332 0.2294 0.1677 0.1690 0.3602 0.4728 0.4443 0.3138 0.2171 0.1617 0.1816 0.3873 0.4784 0.4253 0.2969 0.2065 0.1577 0.2028 0.4103 0.4814 0.4064 0.2849
0.4043 0.4810 0.3989 0.1905 0.1595 0.2119 0.3056 0.4354 0.4758 0.3737 0.1743 0.1645 0.2229 0.3228 0.4532 0.4689 0.3450 0.1648 0.1708 0.2352 0.3416 0.4681 0.4586 0.3077 0.1584 0.1802 0.2537 0.3705 0.4803 0.4350 0.2382 0.1559 0.2006 0.2921 0.4260 0.4764 0.3661 0.1672 0.1716 0.2421 0.3599 0.4793 0.4343 0.2279 0.1568 0.2082 0.3081 0.4476 0.4670 0.3264 0.1827 0.3264 0.4670 0.4476 0.3081 0.2082 0.1568 0.2279 0.4343 0.4793 0.3599 0.2421 0.1716 0.1672 0.3661 0.4764 0.4260 0.2921 0.2006 0.1559 0.2382 0.4350 0.4803 0.3705 0.2537 0.1802 0.1584 0.3077 0.4586 0.4681 0.3416 0.2352 0.1708 0.1648 0.3450 0.4689 0.4532 0.3228 0.2229 0.1645 0.1743 0.3737 0.4758 0.4354 0.3056 0.2119 0.1595 0.1905 0.3989 0.4810 0.4043
0.4805 0.3862 0.1810 0.1619 0.2175 0.3144 0.4450 0.4725 0.3592 0.1688 0.1677 0.2290 0.3321 0.4611 0.4644 0.3288 0.1615 0.1743 0.2415 0.3506 0.4729 0.4535 0.2929 0.1571 0.1831 0.2583 0.3760 0.4810 0.4322 0.2342 0.1560 0.2006 0.2912 0.4238 0.4773 0.3722 0.1697 0.1695 0.2376 0.3528 0.4771 0.4407 0.2429 0.1560 0.2034 0.3000 0.4385 0.4714 0.3385 0.1594 0.1544 0.1594 0.3385 0.4714 0.4385 0.3000 0.2034 0.1560 0.2429 0.4407 0.4771 0.3528 0.2376 0.1695 0.1697 0.3722 0.4773 0.4238 0.2912 0.2006 0.1560 0.2342 0.4322 0.4810 0.3760 0.2583 0.1831 0.1571 0.2929 0.4535 0.4729 0.3506 0.2415 0.1743 0.1615 0.3288 0.4644 0.4611 0.3321 0.2290 0.1677 0.1688 0.3592 0.4725 0.4450 0.3144 0.2175 0.1619 0.1810 0.3862 0.4805
0.3853 0.1739 0.1648 0.2234 0.3235 0.4538 0.4686 0.3439 0.1645 0.1710 0.2354 0.3415 0.4678 0.4593 0.3118 0.1591 0.1780 0.2483 0.3602 0.4768 0.4475 0.2766 0.1562 0.1865 0.2640 0.3833 0.4817 0.4276 0.2268 0.1562 0.2017 0.2921 0.4238 0.4776 0.3753 0.1714 0.1681 0.2343 0.3470 0.4747 0.4459 0.2569 0.1557 0.1991 0.2924 0.4295 0.4747 0.3542 0.1635 0.1727 0.2055 0.1727 0.1635 0.3542 0.4747 0.4295 0.2924 0.1991 0.1557 0.2569 0.4459 0.4747 0.3470 0.2343 0.1681 0.1714 0.3753 0.4776 0.4238 0.2921 0.2017 0.1562 0.2268 0.4276 0.4817 0.3833 0.2640 0.1865 0.1562 0.2766 0.4475 0.4768 0.3602 0.2483 0.1780 0.1591 0.3118 0.4593 0.4678 0.3415 0.2354 0.1710 0.1645 0.3439 0.4686 0.4538 0.3235 0.2234 0.1648 0.1739 0.3853
0.1961 0.1681 0.2295 0.3327 0.4616 0.4641 0.3276 0.1613 0.1746 0.2420 0.3512 0.4731 0.4536 0.2941 0.1573 0.1820 0.2554 0.3702 0.4796 0.4405 0.2590 0.1557 0.1904 0.2705 0.3917 0.4820 0.4212 0.2166 0.1567 0.2038 0.2949 0.4260 0.4773 0.3753 0.1720 0.1674 0.2323 0.3430 0.4724 0.4498 0.2690 0.1556 0.1954 0.2857 0.4206 0.4772 0.3678 0.1671 0.1726 0.2412 0.3024 0.2412 0.1726 0.1671 0.3678 0.4772 0.4206 0.2857 0.1954 0.1556 0.2690 0.4498 0.4724 0.3430 0.2323 0.1674 0.1720 0.3753 0.4773 0.4260 0.2949 0.2038 0.1567 0.2166 0.4212 0.4820 0.3917 0.2705 0.1904 0.1557 0.2590 0.4405 0.4796 0.3702 0.2554 0.1820 0.1573 0.2941 0.4536 0.4731 0.3512 0.2420 0.1746 0.1613 0.3276 0.4641 0.4616 0.3327 0.2295 0.1681 0.1961
0.1939 0.2364 0.3421 0.4682 0.4589 0.3106 0.1590 0.1783 0.2488 0.3610 0.4771 0.4471 0.2760 0.1562 0.1861 0.2627 0.3804 0.4813 0.4327 0.2410 0.1557 0.1948 0.2777 0.4011 0.4818 0.4130 0.2052 0.1576 0.2070 0.2993 0.4304 0.4764 0.3722 0.1714 0.1674 0.2316 0.3409 0.4707 0.4525 0.2782 0.1558 0.1924 0.2799 0.4126 0.4791 0.3797 0.1714 0.1692 0.2385 0.3556 0.4410 0.3556 0.2385 0.1692 0.1714 0.3797 0.4791 0.4126 0.2799 0.1924 0.1558 0.2782 0.4525 0.4707 0.3409 0.2316 0.1674 0.1714 0.3722 0.4764 0.4304 0.2993 0.2070 0.1576 0.2052 0.4130 0.4818 0.4011 0.2777 0.1948 0.1557 0.2410 0.4327 0.4813 0.3804 0.2627 0.1861 0.1562 0.2760 0.4471 0.4771 0.3610 0.2488 0.1783 0.1590 0.3106 0.4589 0.4682 0.3421 0.2364 0.1939
0.2519 0.3529 0.4733 0.4531 0.2929 0.1573 0.1823 0.2559 0.3710 0.4798 0.4400 0.2576 0.1557 0.1905 0.2703 0.3908 0.4820 0.4239 0.2237 0.1562 0.1996 0.2856 0.4112 0.4808 0.4033 0.1941 0.1590 0.2111 0.3053 0.4365 0.4749 0.3661 0.1697 0.1681 0.2323 0.3409 0.4701 0.4538 0.2840 0.1560 0.1902 0.2754 0.4058 0.4804 0.3899 0.1765 0.1663 0.2322 0.3464 0.4743 0.4683 0.4743 0.3464 0.2322 0.1663 0.1765 0.3899 0.4804 0.4058 0.2754 0.1902 0.1560 0.2840 0.4538 0.4701 0.3409 0.2323 0.1681 0.1697 0.3661 0.4749 0.4365 0.3053 0.2111 0.1590 0.1941 0.4033 0.4808 0.4112 0.2856 0.1996 0.1562 0.2237 0.4239 0.4820 0.3908 0.2703 0.1905 0.1557 0.2576 0.4400 0.4798 0.3710 0.2559 0.1823 0.1573 0.2929 0.4531 0.4733 0.3529 0.2519
0.3556 0.4785 0.4466 0.2747 0.1562 0.1865 0.2633 0.3812 0.4814 0.4320 0.2396 0.1557 0.1951 0.2781 0.4013 0.4818 0.4141 0.2080 0.1572 0.2047 0.2939 0.4216 0.4792 0.3917 0.1845 0.1610 0.2158 0.3124 0.4437 0.4726 0.3572 0.1672 0.1695 0.2343 0.3430 0.4707 0.4538 0.2860 0.1562 0.1888 0.2722 0.4006 0.4812 0.3979 0.1819 0.1640 0.2271 0.3376 0.4709 0.4478 0.3629 0.4478 0.4709 0.3376 0.2271 0.1640 0.1819 0.3979 0.4812 0.4006 0.2722 0.1888 0.1562 0.2860 0.4538 0.4707 0.3430 0.2343 0.1695 0.1672 0.3572 0.4726 0.4437 0.3124 0.2158 0.1610 0.1845 0.3917 0.4792 0.4216 0.2939 0.2047 0.1572 0.2080 0.4141 0.4818 0.4013 0.2781 0.1951 0.1557 0.2396 0.4320 0.4814 0.3812 0.2633 0.1865 0.1562 0.2747 0.4466 0.4785 0.3556
0.4752 0.4394 0.2563 0.1557 0.1909 0.2709 0.3916 0.4820 0.4232 0.2224 0.1562 0.2000 0.2862 0.4119 0.4808 0.4032 0.1947 0.1588 0.2099 0.3024 0.4318 0.4768 0.3787 0.1766 0.1635 0.2211 0.3203 0.4512 0.4696 0.3458 0.1645 0.1716 0.2376 0.3470 0.4724 0.4525 0.2840 0.1562 0.1883 0.2705 0.3973 0.4816 0.4037 0.1871 0.1621 0.2229 0.3304 0.4659 0.4555 0.2883 0.1638 0.2883 0.4555 0.4659 0.3304 0.2229 0.1621 0.1871 0.4037 0.4816 0.3973 0.2705 0.1883 0.1562 0.2840 0.4525 0.4724 0.3470 0.2376 0.1716 0.1645 0.3458 0.4696 0.4512 0.3203 0.2211 0.1635 0.1766 0.3787 0.4768 0.4318 0.3024 0.2099 0.1588 0.1947 0.4032 0.4808 0.4119 0.2862 0.2000 0.1562 0.2224 0.4232 0.4820 0.3916 0.2709 0.1909 0.1557 0.2563 0.4394 0.4752
0.4403 0.2382 0.1557 0.1955 0.2787 0.4021 0.4817 0.4133 0.2068 0.1573 0.2050 0.2945 0.4223 0.4790 0.3910 0.1842 0.1610 0.2155 0.3112 0.4416 0.4738 0.3646 0.1706 0.1665 0.2268 0.3288 0.4587 0.4658 0.3324 0.1619 0.1742 0.2421 0.3528 0.4747 0.4498 0.2782 0.1560 0.1888 0.2705 0.3961 0.4817 0.4072 0.1913 0.1609 0.2196 0.3245 0.4610 0.4602 0.2983 0.1549 0.1604 0.1549 0.2983 0.4602 0.4610 0.3245 0.2196 0.1609 0.1913 0.4072 0.4817 0.3961 0.2705 0.1888 0.1560 0.2782 0.4498 0.4747 0.3528 0.2421 0.1742 0.1619 0.3324 0.4658 0.4587 0.3288 0.2268 0.1665 0.1706 0.3646 0.4738 0.4416 0.3112 0.2155 0.1610 0.1842 0.3910 0.4790 0.4223 0.2945 0.2050 0.1573 0.2068 0.4133 0.4817 0.4021 0.2787 0.1955 0.1557 0.2382 0.4403
0.2444 0.1564 0.2003 0.2868 0.4127 0.4807 0.4023 0.1937 0.1589 0.2103 0.3031 0.4325 0.4766 0.3777 0.1762 0.1637 0.2212 0.3202 0.4507 0.4701 0.3495 0.1659 0.1698 0.2330 0.3380 0.4655 0.4612 0.3173 0.1597 0.1772 0.2474 0.3599 0.4771 0.4459 0.2690 0.1558 0.1902 0.2722 0.3973 0.4817 0.4084 0.1937 0.1602 0.2173 0.3202 0.4567 0.4635 0.3115 0.1577 0.1821 0.2191 0.1821 0.1577 0.3115 0.4635 0.4567 0.3202 0.2173 0.1602 0.1937 0.4084 0.4817 0.3973 0.2722 0.1902 0.1558 0.2690 0.4459 0.4771 0.3599 0.2474 0.1772 0.1597 0.3173 0.4612 0.4655 0.3380 0.2330 0.1698 0.1659 0.3495 0.4701 0.4507 0.3202 0.2212 0.1637 0.1762 0.3777 0.4766 0.4325 0.3031 0.2103 0.1589 0.1937 0.4023 0.4807 0.4127 0.2868 0.2003 0.1564 0.2444
0.1844 0.2058 0.2951 0.4232 0.4789 0.3900 0.1834 0.1611 0.2159 0.3118 0.4423 0.4735 0.3635 0.1702 0.1668 0.2273 0.3294 0.4589 0.4658 0.3336 0.1624 0.1733 0.2395 0.3476 0.4713 0.4558 0.3006 0.1579 0.1807 0.2535 0.3682 0.4793 0.4407 0.2569 0.1556 0.1924 0.2754 0.4006 0.4816 0.4072 0.1937 0.1599 0.2161 0.3174 0.4536 0.4657 0.3211 0.1587 0.1827 0.2594 0.3263 0.2594 0.1827 0.1587 0.3211 0.4657 0.4536 0.3174 0.2161 0.1599 0.1937 0.4072 0.4816 0.4006 0.2754 0.1924 0.1556 0.2569 0.4407 0.4793 0.3682 0.2535 0.1807 0.1579 0.3006 0.4558 0.4713 0.3476 0.2395 0.1733 0.1624 0.3336 0.4658 0.4589 0.3294 0.2273 0.1668 0.1702 0.3635 0.4735 0.4423 0.3118 0.2159 0.1611 0.1834 0.3900 0.4789 0.4232 0.2951 0.2058 0.1844
0.2253 0.3045 0.4332 0.4764 0.3766 0.1757 0.1639 0.2217 0.3208 0.4514 0.4698 0.3484 0.1656 0.1700 0.2335 0.3388 0.4660 0.4609 0.3168 0.1597 0.1769 0.2463 0.3574 0.4758 0.4496 0.2827 0.1566 0.1847 0.2602 0.3773 0.4810 0.4343 0.2429 0.1557 0.1954 0.2799 0.4058 0.4812 0.4037 0.1913 0.1602 0.2161 0.3165 0.4518 0.4671 0.3276 0.1596 0.1800 0.2580 0.3832 0.4622 0.3832 0.2580 0.1800 0.1596 0.3276 0.4671 0.4518 0.3165 0.2161 0.1602 0.1913 0.4037 0.4812 0.4058 0.2799 0.1954 0.1557 0.2429 0.4343 0.4810 0.3773 0.2602 0.1847 0.1566 0.2827 0.4496 0.4758 0.3574 0.2463 0.1769 0.1597 0.3168 0.4609 0.4660 0.3388 0.2335 0.1700 0.1656 0.3484 0.4698 0.4514 0.3208 0.2217 0.1639 0.1757 0.3766 0.4764 0.4332 0.3045 0.2253
0.3123 0.4444 0.4732 0.3623 0.1698 0.1670 0.2277 0.3300 0.4595 0.4655 0.3324 0.1622 0.1735 0.2401 0.3484 0.4717 0.4553 0.2993 0.1578 0.1808 0.2533 0.3673 0.4789 0.4427 0.2644 0.1558 0.1889 0.2675 0.3871 0.4818 0.4266 0.2279 0.1560 0.1991 0.2857 0.4126 0.4804 0.3979 0.1871 0.1609 0.2173 0.3174 0.4518 0.4675 0.3309 0.1603 0.1785 0.2539 0.3762 0.4800 0.4568 0.4800 0.3762 0.2539 0.1785 0.1603 0.3309 0.4675 0.4518 0.3174 0.2173 0.1609 0.1871 0.3979 0.4804 0.4126 0.2857 0.1991 0.1560 0.2279 0.4266 0.4818 0.3871 0.2675 0.1889 0.1558 0.2644 0.4427 0.4789 0.3673 0.2533 0.1808 0.1578 0.2993 0.4553 0.4717 0.3484 0.2401 0.1735 0.1622 0.3324 0.4655 0.4595 0.3300 0.2277 0.1670 0.1698 0.3623 0.4732 0.4444 0.3123
0.4400 0.4700 0.3472 0.1653 0.1703 0.2340 0.3395 0.4664 0.4605 0.3156 0.1596 0.1772 0.2468 0.3581 0.4761 0.4491 0.2812 0.1565 0.1849 0.2606 0.3775 0.4809 0.4350 0.2461 0.1556 0.1934 0.2753 0.3975 0.4819 0.4176 0.2128 0.1568 0.2034 0.2924 0.4206 0.4791 0.3899 0.1819 0.1621 0.2195 0.3202 0.4536 0.4671 0.3309 0.1606 0.1777 0.2518 0.3715 0.4811 0.4255 0.3181 0.4255 0.4811 0.3715 0.2518 0.1777 0.1606 0.3309 0.4671 0.4536 0.3202 0.2196 0.1621 0.1819 0.3899 0.4791 0.4206 0.2924 0.2034 0.1568 0.2128 0.4176 0.4819 0.3975 0.2753 0.1934 0.1556 0.2461 0.4350 0.4809 0.3775 0.2606 0.1849 0.1565 0.2812 0.4491 0.4761 0.3581 0.2468 0.1772 0.1596 0.3156 0.4605 0.4664 0.3395 0.2340 0.1703 0.1653 0.3472 0.4700 0.4400
0.4707 0.3311 0.1619 0.1738 0.2405 0.3491 0.4721 0.4549 0.2980 0.1577 0.1811 0.2539 0.3681 0.4791 0.4421 0.2629 0.1558 0.1892 0.2681 0.3878 0.4819 0.4265 0.2285 0.1560 0.1982 0.2833 0.4081 0.4812 0.4073 0.1991 0.1582 0.2082 0.3000 0.4295 0.4772 0.3797 0.1765 0.1640 0.2229 0.3245 0.4568 0.4657 0.3276 0.1603 0.1777 0.2510 0.3694 0.4806 0.4308 0.2290 0.1513 0.2290 0.4308 0.4806 0.3694 0.2510 0.1777 0.1603 0.3276 0.4657 0.4567 0.3245 0.2229 0.1640 0.1765 0.3797 0.4772 0.4295 0.3000 0.2082 0.1582 0.1991 0.4073 0.4812 0.4081 0.2833 0.1982 0.1560 0.2285 0.4265 0.4819 0.3878 0.2681 0.1892 0.1558 0.2629 0.4421 0.4791 0.3681 0.2539 0.1811 0.1577 0.2980 0.4549 0.4721 0.3491 0.2405 0.1738 0.1619 0.3311 0.4707
0.3306 0.1595 0.1775 0.2473 0.3589 0.4763 0.4486 0.2799 0.1564 0.1852 0.2611 0.3783 0.4810 0.4344 0.2447 0.1556 0.1938 0.2758 0.3983 0.4819 0.4170 0.2123 0.1569 0.2032 0.2915 0.4186 0.4797 0.3955 0.1876 0.1601 0.2135 0.3082 0.4385 0.4747 0.3678 0.1714 0.1663 0.2271 0.3304 0.4610 0.4635 0.3211 0.1596 0.1785 0.2518 0.3694 0.4804 0.4331 0.2305 0.1543 0.1718 0.1543 0.2305 0.4331 0.4804 0.3694 0.2518 0.1785 0.1596 0.3211 0.4635 0.4610 0.3304 0.2271 0.1663 0.1714 0.3678 0.4747 0.4385 0.3081 0.2135 0.1601 0.1876 0.3955 0.4797 0.4186 0.2915 0.2032 0.1569 0.2123 0.4170 0.4819 0.3983 0.2758 0.1938 0.1556 0.2447 0.4344 0.4810 0.3783 0.2611 0.1852 0.1564 0.2799 0.4486 0.4763 0.3589 0.2473 0.1775 0.1595 0.3306
0.1858 0.1817 0.2543 0.3688 0.4793 0.4416 0.2616 0.1558 0.1896 0.2687 0.3886 0.4819 0.4258 0.2272 0.1560 0.1985 0.2838 0.4088 0.4811 0.4065 0.1982 0.1583 0.2084 0.3000 0.4289 0.4776 0.3826 0.1788 0.1626 0.2191 0.3169 0.4475 0.4714 0.3544 0.1671 0.1691 0.2321 0.3375 0.4658 0.4602 0.3115 0.1586 0.1800 0.2539 0.3715 0.4806 0.4331 0.2330 0.1564 0.1996 0.2437 0.1997 0.1565 0.2329 0.4331 0.4806 0.3715 0.2539 0.1800 0.1587 0.3115 0.4602 0.4659 0.3376 0.2322 0.1692 0.1671 0.3542 0.4714 0.4476 0.3169 0.2192 0.1627 0.1788 0.3825 0.4776 0.4289 0.3000 0.2085 0.1583 0.1982 0.4064 0.4811 0.4089 0.2839 0.1986 0.1561 0.2271 0.4258 0.4819 0.3886 0.2687 0.1896 0.1558 0.2615 0.4416 0.4793 0.3689 0.2544 0.1818 0.1858
0.2049 0.2623 0.3790 0.4811 0.4338 0.2434 0.1556 0.1941 0.2764 0.3991 0.4819 0.4162 0.2111 0.1569 0.2035 0.2921 0.4193 0.4796 0.3946 0.1869 0.1603 0.2139 0.3086 0.4388 0.4747 0.3687 0.1722 0.1656 0.2250 0.3260 0.4561 0.4674 0.3394 0.1635 0.1721 0.2378 0.3455 0.4705 0.4560 0.2994 0.1576 0.1821 0.2572 0.3754 0.4810 0.4314 0.2314 0.1561 0.2026 0.2929 0.3684 0.2936 0.2032 0.1565 0.2305 0.4308 0.4811 0.3762 0.2580 0.1827 0.1577 0.2983 0.4555 0.4709 0.3464 0.2385 0.1726 0.1635 0.3385 0.4670 0.4565 0.3267 0.2257 0.1660 0.1721 0.3681 0.4743 0.4395 0.3093 0.2144 0.1606 0.1866 0.3940 0.4793 0.4200 0.2928 0.2041 0.1572 0.2105 0.4157 0.4817 0.3998 0.2771 0.1946 0.1559 0.2426 0.4332 0.4811 0.3796 0.2629 0.2051
0.2748 0.3906 0.4819 0.4251 0.2260 0.1561 0.1989 0.2845 0.4097 0.4810 0.4056 0.1972 0.1584 0.2088 0.3006 0.4296 0.4774 0.3816 0.1783 0.1629 0.2196 0.3176 0.4482 0.4712 0.3539 0.1671 0.1688 0.2312 0.3353 0.4635 0.4627 0.3230 0.1606 0.1756 0.2440 0.3543 0.4747 0.4509 0.2850 0.1566 0.1850 0.2617 0.3809 0.4816 0.4282 0.2266 0.1563 0.2025 0.2948 0.4302 0.4768 0.4315 0.2936 0.1997 0.1543 0.2290 0.4255 0.4800 0.3832 0.2594 0.1821 0.1549 0.2883 0.4478 0.4743 0.3556 0.2412 0.1727 0.1594 0.3264 0.4597 0.4641 0.3354 0.2281 0.1660 0.1665 0.3562 0.4683 0.4496 0.3169 0.2163 0.1602 0.1785 0.3822 0.4747 0.4317 0.2992 0.2055 0.1560 0.1992 0.4044 0.4787 0.4119 0.2825 0.1957 0.1539 0.2291 0.4229 0.4800 0.3925 0.2716
0.3898 0.4827 0.4155 0.2100 0.1571 0.2040 0.2928 0.4202 0.4795 0.3936 0.1861 0.1605 0.2143 0.3093 0.4396 0.4745 0.3677 0.1718 0.1659 0.2255 0.3267 0.4567 0.4671 0.3382 0.1633 0.1723 0.2377 0.3448 0.4698 0.4574 0.3057 0.1584 0.1794 0.2508 0.3638 0.4780 0.4449 0.2691 0.1559 0.1884 0.2673 0.3880 0.4819 0.4233 0.2189 0.1567 0.2039 0.2957 0.4295 0.4710 0.4440 0.4767 0.3686 0.2438 0.1718 0.1513 0.3181 0.4568 0.4622 0.3263 0.2191 0.1604 0.1638 0.3629 0.4683 0.4410 0.3024 0.2055 0.1544 0.1827 0.3895 0.4740 0.4207 0.2846 0.1953 0.1507 0.2100 0.4101 0.4770 0.3994 0.2683 0.1862 0.1483 0.2435 0.4273 0.4774 0.3779 0.2531 0.1781 0.1480 0.2785 0.4416 0.4745 0.3568 0.2391 0.1707 0.1506 0.3118 0.4532 0.4685 0.3346
0.4815 0.4044 0.1960 0.1587 0.2095 0.3017 0.4308 0.4770 0.3802 0.1776 0.1633 0.2203 0.3186 0.4491 0.4707 0.3524 0.1668 0.1693 0.2321 0.3364 0.4643 0.4621 0.3212 0.1605 0.1761 0.2447 0.3549 0.4747 0.4511 0.2874 0.1570 0.1837 0.2583 0.3742 0.4803 0.4375 0.2515 0.1558 0.1926 0.2741 0.3967 0.4819 0.4164 0.2091 0.1575 0.2066 0.2991 0.4312 0.4730 0.4106 0.4759 0.4287 0.2930 0.1997 0.1543 0.2290 0.4255 0.4800 0.3832 0.2594 0.1821 0.1549 0.2883 0.4478 0.4743 0.3556 0.2412 0.1727 0.1594 0.3264 0.4597 0.4641 0.3354 0.2281 0.1660 0.1665 0.3562 0.4683 0.4496 0.3169 0.2163 0.1602 0.1785 0.3822 0.4747 0.4317 0.2992 0.2055 0.1560 0.1992 0.4044 0.4787 0.4119 0.2825 0.1957 0.1539 0.2291 0.4229 0.4800 0.3925 0.2716
0.4048 0.1859 0.1593 0.2132 0.3100 0.4414 0.4722 0.3677 0.1710 0.1647 0.2245 0.3278 0.4578 0.4647 0.3386 0.1624 0.1710 0.2368 0.3465 0.4700 0.4548 0.3060 0.1574 0.1782 0.2501 0.3658 0.4774 0.4427 0.2712 0.1550 0.1861 0.2644 0.3856 0.4804 0.4281 0.2359 0.1547 0.1952 0.2804 0.4069 0.4799 0.4076 0.1996 0.1574 0.2086 0.3036 0.4362 0.4731 0.3639 0.3454 0.4035 0.2922 0.2027 0.1564 0.2305 0.4308 0.4811 0.3762 0.2580 0.1827 0.1577 0.2983 0.4555 0.4709 0.3464 0.2385 0.1726 0.1635 0.3385 0.4670 0.4565 0.3267 0.2257 0.1660 0.1721 0.3681 0.4743 0.4395 0.3093 0.2144 0.1606 0.1866 0.3940 0.4793 0.4200 0.2928 0.2041 0.1572 0.2105 0.4157 0.4817 0.3998 0.2771 0.1946 0.1559 0.2426 0.4332 0.4811 0.3796 0.2629 0.2051
0.2347 0.1506 0.1947 0.2835 0.4194 0.4748 0.3917 0.1858 0.1541 0.2047 0.3009 0.4394 0.4696 0.3677 0.1676 0.1590 0.2156 0.3193 0.4563 0.4622 0.3402 0.1573 0.1649 0.2276 0.3388 0.4685 0.4525 0.3094 0.1516 0.1715 0.2407 0.3593 0.4755 0.4403 0.2747 0.1493 0.1796 0.2565 0.3836 0.4783 0.4219 0.2297 0.1501 0.1924 0.2813 0.4196 0.4748 0.3834 0.1765 0.1594 0.2209 0.1970 0.1566 0.2329 0.4331 0.4806 0.3715 0.2539 0.1800 0.1587 0.3115 0.4602 0.4659 0.3376 0.2322 0.1692 0.1671 0.3542 0.4714 0.4476 0.3169 0.2192 0.1627 0.1788 0.3825 0.4776 0.4289 0.3000 0.2085 0.1583 0.1982 0.4064 0.4811 0.4089 0.2839 0.1986 0.1561 0.2271 0.4258 0.4819 0.3886 0.2687 0.1896 0.1558 0.2615 0.4416 0.4793 0.3689 0.2544 0.1818 0.1858
0.3365 0.1580 0.1732 0.2429 0.3596 0.4757 0.4449 0.2852 0.1542 0.1809 0.2571 0.3801 0.4794 0.4310 0.2500 0.1529 0.1893 0.2723 0.4009 0.4795 0.4143 0.2163 0.1538 0.1986 0.2885 0.4215 0.4768 0.3944 0.1895 0.1567 0.2089 0.3062 0.4413 0.4712 0.3684 0.1711 0.1626 0.2227 0.3298 0.4627 0.4596 0.3240 0.1578 0.1744 0.2476 0.3711 0.4793 0.4290 0.2346 0.1495 0.1684 0.1545 0.2304 0.4331 0.4804 0.3694 0.2518 0.1785 0.1596 0.3211 0.4635 0.4610 0.3304 0.2271 0.1663 0.1714 0.3678 0.4747 0.4385 0.3081 0.2135 0.1601 0.1876 0.3955 0.4797 0.4186 0.2915 0.2032 0.1569 0.2123 0.4170 0.4819 0.3983 0.2758 0.1938 0.1556 0.2447 0.4344 0.4810 0.3783 0.2611 0.1852 0.1564 0.2799 0.4486 0.4763 0.3589 0.2473 0.1775 0.1595 0.3306
0.4701 0.3301 0.1620 0.1744 0.2415 0.3501 0.4724 0.4541 0.2966 0.1578 0.1818 0.2548 0.3691 0.4792 0.4413 0.2617 0.1561 0.1900 0.2691 0.3889 0.4817 0.4256 0.2273 0.1563 0.1989 0.2843 0.4091 0.4809 0.4064 0.1983 0.1586 0.2091 0.3011 0.4306 0.4767 0.3785 0.1761 0.1646 0.2239 0.3258 0.4577 0.4650 0.3260 0.1603 0.1785 0.2522 0.3708 0.4807 0.4296 0.2273 0.1512 0.2289 0.4308 0.4806 0.3694 0.2510 0.1777 0.1603 0.3276 0.4657 0.4567 0.3245 0.2229 0.1640 0.1765 0.3797 0.4772 0.4295 0.3000 0.2082 0.1582 0.1991 0.4073 0.4812 0.4081 0.2833 0.1982 0.1560 0.2285 0.4265 0.4819 0.3878 0.2681 0.1892 0.1558 0.2629 0.4421 0.4791 0.3681 0.2539 0.1811 0.1577 0.2980 0.4549 0.4721 0.3491 0.2405 0.1738 0.1619 0.3311 0.4707
