-0.0334 0.1718 0.0105 -0.2258 -0.2749 -0.2707 -0.1208 0.1004 0.2070 -0.1679 -0.2612 -0.2808 -0.2304 0.0467 0.2107 -0.0957 -0.2428 -0.2806 -0.2595 -0.0291 0.1443 0.0802 -0.2088 -0.2716 -0.2747 -0.1608 0.0852 0.2217 -0.1503 -0.2563 -0.2818 -0.2448 0.0290 0.1977 -0.0632 -0.2369 -0.2788 -0.2641 -0.0621 0.1248 0.1474 -0.1924 -0.2677 -0.2778 -0.1951 0.0701 0.2228 -0.1310 -0.2512 -0.2893 -0.2974 -0.2893 -0.2512 -0.1310 0.2228 0.0701 -0.1951 -0.2778 -0.2677 -0.1924 0.1474 0.1248 -0.0621 -0.2641 -0.2788 -0.2369 -0.0632 0.1977 0.0290 -0.2448 -0.2818 -0.2563 -0.1503 0.2217 0.0852 -0.1608 -0.2747 -0.2716 -0.2088 0.0802 0.1443 -0.0291 -0.2595 -0.2806 -0.2428 -0.0957 0.2107 0.0467 -0.2304 -0.2808 -0.2612 -0.1679 0.2070 0.1004 -0.1208 -0.2707 -0.2749 -0.2258 0.0105 0.1718 -0.0334
0.1718 0.0341 -0.2815 -0.3288 -0.3085 -0.1104 0.0999 0.2333 -0.1845 -0.3184 -0.3266 -0.2458 0.0525 0.2127 -0.0867 -0.3026 -0.3318 -0.2907 -0.0173 0.1375 0.1380 -0.2470 -0.3266 -0.3155 -0.1576 0.0865 0.2373 -0.1601 -0.3143 -0.3293 -0.2659 0.0365 0.1975 -0.0418 -0.2974 -0.3312 -0.2985 -0.0493 0.1206 0.1954 -0.2206 -0.3237 -0.3208 -0.1999 0.0733 0.2311 -0.1339 -0.3098 -0.3305 -0.2819 -0.0890 -0.2819 -0.3305 -0.3098 -0.1339 0.2311 0.0733 -0.1999 -0.3208 -0.3237 -0.2206 0.1954 0.1206 -0.0493 -0.2985 -0.3312 -0.2974 -0.0418 0.1975 0.0365 -0.2659 -0.3293 -0.3143 -0.1601 0.2373 0.0865 -0.1576 -0.3155 -0.3266 -0.2470 0.1380 0.1375 -0.0173 -0.2907 -0.3318 -0.3026 -0.0867 0.2127 0.0525 -0.2458 -0.3266 -0.3184 -0.1845 0.2333 0.0999 -0.1104 -0.3085 -0.3288 -0.2815 0.0341 0.1718
0.0105 -0.2815 -0.3276 -0.3104 -0.1371 0.0904 0.2374 -0.1690 -0.3154 -0.3280 -0.2600 0.0404 0.2027 -0.0583 -0.2987 -0.3311 -0.2955 -0.0399 0.1247 0.1798 -0.2292 -0.3244 -0.3187 -0.1880 0.0760 0.2340 -0.1429 -0.3110 -0.3302 -0.2748 0.0227 0.1819 -0.0013 -0.2933 -0.3300 -0.3031 -0.0776 0.1091 0.2189 -0.2040 -0.3211 -0.3233 -0.2240 0.0624 0.2237 -0.1143 -0.3062 -0.3310 -0.2836 0.0055 0.0872 0.0055 -0.2836 -0.3310 -0.3062 -0.1143 0.2237 0.0624 -0.2240 -0.3233 -0.3211 -0.2040 0.2189 0.1091 -0.0776 -0.3031 -0.3300 -0.2933 -0.0013 0.1819 0.0227 -0.2748 -0.3302 -0.3110 -0.1429 0.2340 0.0760 -0.1880 -0.3187 -0.3244 -0.2292 0.1798 0.1247 -0.0399 -0.2955 -0.3311 -0.2987 -0.0583 0.2027 0.0404 -0.2600 -0.3280 -0.3154 -0.1690 0.2374 0.0904 -0.1371 -0.3104 -0.3276 -0.2815 0.0105
-0.2258 -0.3288 -0.3104 -0.1471 0.0857 0.2371 -0.1553 -0.3128 -0.3293 -0.2703 0.0293 0.1899 -0.0228 -0.2952 -0.3305 -0.3006 -0.0639 0.1142 0.2087 -0.2122 -0.3222 -0.3220 -0.2130 0.0671 0.2276 -0.1243 -0.3079 -0.3310 -0.2813 0.0093 0.1630 0.0484 -0.2810 -0.3289 -0.3079 -0.1067 0.0999 0.2319 -0.1878 -0.3186 -0.3258 -0.2426 0.0530 0.2147 -0.0918 -0.3029 -0.3314 -0.2891 -0.0139 0.1311 0.2216 0.1311 -0.0139 -0.2891 -0.3314 -0.3029 -0.0918 0.2147 0.0530 -0.2426 -0.3258 -0.3186 -0.1878 0.2319 0.0999 -0.1067 -0.3079 -0.3289 -0.2810 0.0484 0.1630 0.0093 -0.2813 -0.3310 -0.3079 -0.1243 0.2276 0.0671 -0.2130 -0.3220 -0.3222 -0.2122 0.2087 0.1142 -0.0639 -0.3006 -0.3305 -0.2952 -0.0228 0.1899 0.0293 -0.2703 -0.3293 -0.3128 -0.1553 0.2371 0.0857 -0.1471 -0.3104 -0.3288 -0.2258
-0.2749 -0.3085 -0.1371 0.0857 0.2364 -0.1467 -0.3108 -0.3300 -0.2772 0.0177 0.1736 0.0207 -0.2877 -0.3295 -0.3055 -0.0917 0.1045 0.2265 -0.1959 -0.3199 -0.3247 -0.2338 0.0578 0.2193 -0.1035 -0.3046 -0.3314 -0.2866 -0.0064 0.1469 0.1024 -0.2608 -0.3275 -0.3123 -0.1376 0.0910 0.2371 -0.1717 -0.3160 -0.3278 -0.2574 0.0427 0.2049 -0.0648 -0.2995 -0.3312 -0.2944 -0.0351 0.1271 0.1832 -0.1400 0.1832 0.1271 -0.0351 -0.2944 -0.3312 -0.2995 -0.0648 0.2049 0.0427 -0.2574 -0.3278 -0.3160 -0.1717 0.2371 0.0910 -0.1376 -0.3123 -0.3275 -0.2608 0.1024 0.1469 -0.0064 -0.2866 -0.3314 -0.3046 -0.1035 0.2193 0.0578 -0.2338 -0.3247 -0.3199 -0.1959 0.2265 0.1045 -0.0917 -0.3055 -0.3295 -0.2877 0.0207 0.1736 0.0177 -0.2772 -0.3300 -0.3108 -0.1467 0.2364 0.0857 -0.1371 -0.3085 -0.2749
-0.2707 -0.1104 0.0904 0.2371 -0.1467 -0.3100 -0.3303 -0.2810 0.0072 0.1587 0.0674 -0.2727 -0.3282 -0.3099 -0.1218 0.0955 0.2353 -0.1798 -0.3173 -0.3269 -0.2506 0.0479 0.2098 -0.0790 -0.3012 -0.3314 -0.2918 -0.0247 0.1332 0.1515 -0.2419 -0.3258 -0.3162 -0.1679 0.0823 0.2367 -0.1551 -0.3131 -0.3294 -0.2687 0.0316 0.1931 -0.0310 -0.2960 -0.3307 -0.2996 -0.0585 0.1164 0.2021 -0.2135 -0.3075 -0.2135 0.2021 0.1164 -0.0585 -0.2996 -0.3307 -0.2960 -0.0310 0.1931 0.0316 -0.2687 -0.3294 -0.3131 -0.1551 0.2367 0.0823 -0.1679 -0.3162 -0.3258 -0.2419 0.1515 0.1332 -0.0247 -0.2918 -0.3314 -0.3012 -0.0790 0.2098 0.0479 -0.2506 -0.3269 -0.3173 -0.1798 0.2353 0.0955 -0.1218 -0.3099 -0.3282 -0.2727 0.0674 0.1587 0.0072 -0.2810 -0.3303 -0.3100 -0.1467 0.2371 0.0904 -0.1104 -0.2707
-0.1208 0.0999 0.2374 -0.1553 -0.3108 -0.3303 -0.2822 0.0005 0.1494 0.1057 -0.2566 -0.3268 -0.3136 -0.1510 0.0869 0.2375 -0.1637 -0.3145 -0.3287 -0.2635 0.0373 0.1997 -0.0488 -0.2977 -0.3310 -0.2970 -0.0463 0.1215 0.1893 -0.2242 -0.3238 -0.3198 -0.1955 0.0735 0.2324 -0.1377 -0.3101 -0.3305 -0.2769 0.0191 0.1763 0.0121 -0.2901 -0.3298 -0.3046 -0.0856 0.1065 0.2235 -0.2000 -0.3245 -0.3473 -0.3245 -0.2000 0.2235 0.1065 -0.0856 -0.3046 -0.3298 -0.2901 0.0121 0.1763 0.0191 -0.2769 -0.3305 -0.3101 -0.1377 0.2324 0.0735 -0.1955 -0.3198 -0.3238 -0.2242 0.1893 0.1215 -0.0463 -0.2970 -0.3310 -0.2977 -0.0488 0.1997 0.0373 -0.2635 -0.3287 -0.3145 -0.1637 0.2375 0.0869 -0.1510 -0.3136 -0.3268 -0.2566 0.1057 0.1494 0.0005 -0.2822 -0.3303 -0.3108 -0.1553 0.2374 0.0999 -0.1208
0.1004 0.2333 -0.1690 -0.3128 -0.3300 -0.2810 0.0005 0.1462 0.1263 -0.2460 -0.3256 -0.3165 -0.1759 0.0791 0.2353 -0.1475 -0.3117 -0.3299 -0.2731 0.0255 0.1851 -0.0106 -0.2941 -0.3302 -0.3021 -0.0716 0.1113 0.2149 -0.2075 -0.3216 -0.3228 -0.2194 0.0645 0.2254 -0.1186 -0.3070 -0.3312 -0.2829 0.0050 0.1581 0.0639 -0.2753 -0.3285 -0.3092 -0.1155 0.0973 0.2341 -0.1832 -0.3179 -0.3396 -0.3257 -0.3396 -0.3179 -0.1832 0.2341 0.0973 -0.1155 -0.3092 -0.3285 -0.2753 0.0639 0.1581 0.0050 -0.2829 -0.3312 -0.3070 -0.1186 0.2254 0.0645 -0.2194 -0.3228 -0.3216 -0.2075 0.2149 0.1113 -0.0716 -0.3021 -0.3302 -0.2941 -0.0106 0.1851 0.0255 -0.2731 -0.3299 -0.3117 -0.1475 0.2353 0.0791 -0.1759 -0.3165 -0.3256 -0.2460 0.1263 0.1462 0.0005 -0.2810 -0.3300 -0.3128 -0.1690 0.2333 0.1004
0.2070 -0.1845 -0.3154 -0.3293 -0.2772 0.0072 0.1494 0.1263 -0.2423 -0.3248 -0.3183 -0.1939 0.0725 0.2309 -0.1317 -0.3089 -0.3307 -0.2799 0.0125 0.1668 0.0373 -0.2836 -0.3292 -0.3069 -0.1002 0.1019 0.2299 -0.1913 -0.3192 -0.3254 -0.2391 0.0550 0.2167 -0.0969 -0.3037 -0.3314 -0.2881 -0.0113 0.1427 0.1175 -0.2552 -0.3270 -0.3135 -0.1465 0.0885 0.2375 -0.1670 -0.3151 -0.3276 -0.2580 -0.0414 -0.2580 -0.3276 -0.3151 -0.1670 0.2375 0.0885 -0.1465 -0.3135 -0.3270 -0.2552 0.1175 0.1427 -0.0113 -0.2881 -0.3314 -0.3037 -0.0969 0.2167 0.0550 -0.2391 -0.3254 -0.3192 -0.1913 0.2299 0.1019 -0.1002 -0.3069 -0.3292 -0.2836 0.0373 0.1668 0.0125 -0.2799 -0.3307 -0.3089 -0.1317 0.2309 0.0725 -0.1939 -0.3183 -0.3248 -0.2423 0.1263 0.1494 0.0072 -0.2772 -0.3293 -0.3154 -0.1845 0.2070
-0.1679 -0.3184 -0.3280 -0.2703 0.0177 0.1587 0.1057 -0.2460 -0.3248 -0.3189 -0.2033 0.0679 0.2264 -0.1175 -0.3063 -0.3311 -0.2847 -0.0015 0.1507 0.0901 -0.2650 -0.3278 -0.3113 -0.1309 0.0929 0.2366 -0.1752 -0.3165 -0.3275 -0.2547 0.0450 0.2070 -0.0710 -0.3003 -0.3313 -0.2933 -0.0305 0.1296 0.1637 -0.2367 -0.3252 -0.3173 -0.1762 0.0798 0.2358 -0.1502 -0.3123 -0.3296 -0.2706 0.0306 0.1043 0.0306 -0.2706 -0.3296 -0.3123 -0.1502 0.2358 0.0798 -0.1762 -0.3173 -0.3252 -0.2367 0.1637 0.1296 -0.0305 -0.2933 -0.3313 -0.3003 -0.0710 0.2070 0.0450 -0.2547 -0.3275 -0.3165 -0.1752 0.2366 0.0929 -0.1309 -0.3113 -0.3278 -0.2650 0.0901 0.1507 -0.0015 -0.2847 -0.3311 -0.3063 -0.1175 0.2264 0.0679 -0.2033 -0.3189 -0.3248 -0.2460 0.1057 0.1587 0.0177 -0.2703 -0.3280 -0.3184 -0.1679
-0.2612 -0.3266 -0.2600 0.0293 0.1736 0.0674 -0.2566 -0.3256 -0.3183 -0.2033 0.0663 0.2236 -0.1071 -0.3043 -0.3312 -0.2887 -0.0163 0.1379 0.1377 -0.2466 -0.3261 -0.3153 -0.1615 0.0842 0.2372 -0.1588 -0.3137 -0.3291 -0.2666 0.0340 0.1965 -0.0388 -0.2967 -0.3308 -0.2985 -0.0532 0.1185 0.1979 -0.2193 -0.3232 -0.3207 -0.2028 0.0710 0.2306 -0.1324 -0.3092 -0.3307 -0.2788 0.0162 0.1545 0.2255 0.1545 0.0162 -0.2788 -0.3307 -0.3092 -0.1324 0.2306 0.0710 -0.2028 -0.3207 -0.3232 -0.2193 0.1979 0.1185 -0.0532 -0.2985 -0.3308 -0.2967 -0.0388 0.1965 0.0340 -0.2666 -0.3291 -0.3137 -0.1588 0.2372 0.0842 -0.1615 -0.3153 -0.3261 -0.2466 0.1377 0.1379 -0.0163 -0.2887 -0.3312 -0.3043 -0.1071 0.2236 0.0663 -0.2033 -0.3183 -0.3256 -0.2566 0.0674 0.1736 0.0293 -0.2600 -0.3266 -0.2612
-0.2808 -0.2458 0.0404 0.1899 0.0207 -0.2727 -0.3268 -0.3165 -0.1939 0.0679 0.2236 -0.1031 -0.3031 -0.3311 -0.2917 -0.0300 0.1281 0.1733 -0.2308 -0.3244 -0.3187 -0.1891 0.0756 0.2336 -0.1416 -0.3108 -0.3303 -0.2754 0.0219 0.1805 0.0022 -0.2928 -0.3300 -0.3035 -0.0795 0.1085 0.2202 -0.2028 -0.3209 -0.3236 -0.2255 0.0618 0.2230 -0.1127 -0.3060 -0.3313 -0.2844 0.0006 0.1530 0.0954 -0.1846 0.0954 0.1530 0.0006 -0.2844 -0.3313 -0.3060 -0.1127 0.2230 0.0618 -0.2255 -0.3236 -0.3209 -0.2028 0.2202 0.1085 -0.0795 -0.3035 -0.3300 -0.2928 0.0022 0.1805 0.0219 -0.2754 -0.3303 -0.3108 -0.1416 0.2336 0.0756 -0.1891 -0.3187 -0.3244 -0.2308 0.1733 0.1281 -0.0300 -0.2917 -0.3311 -0.3031 -0.1031 0.2236 0.0679 -0.1939 -0.3165 -0.3268 -0.2727 0.0207 0.1899 0.0404 -0.2458 -0.2808
-0.2304 0.0525 0.2027 -0.0228 -0.2877 -0.3282 -0.3136 -0.1759 0.0725 0.2264 -0.1071 -0.3031 -0.3311 -0.2934 -0.0402 0.1215 0.1958 -0.2178 -0.3226 -0.3214 -0.2120 0.0671 0.2274 -0.1233 -0.3076 -0.3310 -0.2817 0.0081 0.1616 0.0525 -0.2797 -0.3288 -0.3082 -0.1089 0.0993 0.2325 -0.1867 -0.3184 -0.3260 -0.2439 0.0522 0.2140 -0.0899 -0.3027 -0.3314 -0.2896 -0.0165 0.1388 0.1291 -0.2476 -0.3150 -0.2476 0.1291 0.1388 -0.0165 -0.2896 -0.3314 -0.3027 -0.0899 0.2140 0.0522 -0.2439 -0.3260 -0.3184 -0.1867 0.2325 0.0993 -0.1089 -0.3082 -0.3288 -0.2797 0.0525 0.1616 0.0081 -0.2817 -0.3310 -0.3076 -0.1233 0.2274 0.0671 -0.2120 -0.3214 -0.3226 -0.2178 0.1958 0.1215 -0.0402 -0.2934 -0.3311 -0.3031 -0.1071 0.2264 0.0725 -0.1759 -0.3136 -0.3282 -0.2877 -0.0228 0.2027 0.0525 -0.2304
0.0467 0.2127 -0.0583 -0.2952 -0.3295 -0.3099 -0.1510 0.0791 0.2309 -0.1175 -0.3043 -0.3311 -0.2934 -0.0439 0.1182 0.2076 -0.2083 -0.3211 -0.3235 -0.2294 0.0590 0.2199 -0.1038 -0.3045 -0.3313 -0.2869 -0.0076 0.1457 0.1066 -0.2592 -0.3273 -0.3126 -0.1398 0.0904 0.2373 -0.1705 -0.3157 -0.3280 -0.2584 0.0419 0.2041 -0.0625 -0.2992 -0.3312 -0.2948 -0.0367 0.1263 0.1746 -0.2322 -0.3298 -0.3498 -0.3298 -0.2322 0.1746 0.1263 -0.0367 -0.2948 -0.3312 -0.2992 -0.0625 0.2041 0.0419 -0.2584 -0.3280 -0.3157 -0.1705 0.2373 0.0904 -0.1398 -0.3126 -0.3273 -0.2592 0.1066 0.1457 -0.0076 -0.2869 -0.3313 -0.3045 -0.1038 0.2199 0.0590 -0.2294 -0.3235 -0.3211 -0.2083 0.2076 0.1182 -0.0439 -0.2934 -0.3311 -0.3043 -0.1175 0.2309 0.0791 -0.1510 -0.3099 -0.3295 -0.2952 -0.0583 0.2127 0.0467
0.2107 -0.0867 -0.2987 -0.3305 -0.3055 -0.1218 0.0869 0.2353 -0.1317 -0.3063 -0.3312 -0.2917 -0.0402 0.1182 0.2112 -0.2034 -0.3200 -0.3248 -0.2414 0.0519 0.2124 -0.0833 -0.3015 -0.3313 -0.2918 -0.0255 0.1324 0.1546 -0.2404 -0.3256 -0.3165 -0.1700 0.0817 0.2365 -0.1539 -0.3129 -0.3295 -0.2694 0.0307 0.1918 -0.0280 -0.2957 -0.3306 -0.2999 -0.0604 0.1155 0.2055 -0.2145 -0.3224 -0.3358 -0.3114 -0.3358 -0.3224 -0.2145 0.2055 0.1155 -0.0604 -0.2999 -0.3306 -0.2957 -0.0280 0.1918 0.0307 -0.2694 -0.3295 -0.3129 -0.1539 0.2365 0.0817 -0.1700 -0.3165 -0.3256 -0.2404 0.1546 0.1324 -0.0255 -0.2918 -0.3313 -0.3015 -0.0833 0.2124 0.0519 -0.2414 -0.3248 -0.3200 -0.2034 0.2112 0.1182 -0.0402 -0.2917 -0.3312 -0.3063 -0.1317 0.2353 0.0869 -0.1218 -0.3055 -0.3305 -0.2987 -0.0867 0.2107
-0.0957 -0.3026 -0.3311 -0.3006 -0.0917 0.0955 0.2375 -0.1475 -0.3089 -0.3311 -0.2887 -0.0300 0.1215 0.2076 -0.2034 -0.3196 -0.3255 -0.2485 0.0464 0.2060 -0.0628 -0.2988 -0.3310 -0.2963 -0.0454 0.1215 0.1903 -0.2232 -0.3236 -0.3199 -0.1974 0.0729 0.2320 -0.1364 -0.3099 -0.3306 -0.2774 0.0181 0.1747 0.0159 -0.2890 -0.3297 -0.3049 -0.0877 0.1058 0.2246 -0.1981 -0.3201 -0.3234 -0.2233 -0.0047 -0.2233 -0.3234 -0.3201 -0.1981 0.2246 0.1058 -0.0877 -0.3049 -0.3297 -0.2890 0.0159 0.1747 0.0181 -0.2774 -0.3306 -0.3099 -0.1364 0.2320 0.0729 -0.1974 -0.3199 -0.3236 -0.2232 0.1903 0.1215 -0.0454 -0.2963 -0.3310 -0.2988 -0.0628 0.2060 0.0464 -0.2485 -0.3255 -0.3196 -0.2034 0.2076 0.1215 -0.0300 -0.2887 -0.3311 -0.3089 -0.1475 0.2375 0.0955 -0.0917 -0.3006 -0.3311 -0.3026 -0.0957
-0.2428 -0.3318 -0.2955 -0.0639 0.1045 0.2353 -0.1637 -0.3117 -0.3307 -0.2847 -0.0163 0.1281 0.1958 -0.2083 -0.3200 -0.3255 -0.2507 0.0433 0.2017 -0.0454 -0.2965 -0.3305 -0.3003 -0.0662 0.1125 0.2137 -0.2076 -0.3215 -0.3229 -0.2208 0.0638 0.2248 -0.1171 -0.3067 -0.3312 -0.2833 0.0038 0.1568 0.0681 -0.2736 -0.3284 -0.3095 -0.1178 0.0967 0.2346 -0.1820 -0.3177 -0.3264 -0.2473 0.0506 0.1227 0.0506 -0.2473 -0.3264 -0.3177 -0.1820 0.2346 0.0967 -0.1178 -0.3095 -0.3284 -0.2736 0.0681 0.1568 0.0038 -0.2833 -0.3312 -0.3067 -0.1171 0.2248 0.0638 -0.2208 -0.3229 -0.3215 -0.2076 0.2137 0.1125 -0.0662 -0.3003 -0.3305 -0.2965 -0.0454 0.2017 0.0433 -0.2507 -0.3255 -0.3200 -0.2083 0.1958 0.1281 -0.0163 -0.2847 -0.3307 -0.3117 -0.1637 0.2353 0.1045 -0.0639 -0.2955 -0.3318 -0.2428
-0.2806 -0.2907 -0.0399 0.1142 0.2265 -0.1798 -0.3145 -0.3299 -0.2799 -0.0015 0.1379 0.1733 -0.2178 -0.3211 -0.3248 -0.2485 0.0433 0.2003 -0.0352 -0.2950 -0.3300 -0.3033 -0.0857 0.1051 0.2272 -0.1936 -0.3193 -0.3253 -0.2395 0.0545 0.2161 -0.0952 -0.3034 -0.3314 -0.2885 -0.0127 0.1416 0.1214 -0.2536 -0.3269 -0.3137 -0.1487 0.0879 0.2376 -0.1658 -0.3149 -0.3284 -0.2620 0.0395 0.1830 0.2080 0.1830 0.0395 -0.2620 -0.3284 -0.3149 -0.1658 0.2376 0.0879 -0.1487 -0.3137 -0.3269 -0.2536 0.1214 0.1416 -0.0127 -0.2885 -0.3314 -0.3034 -0.0952 0.2161 0.0545 -0.2395 -0.3253 -0.3193 -0.1936 0.2272 0.1051 -0.0857 -0.3033 -0.3300 -0.2950 -0.0352 0.2003 0.0433 -0.2485 -0.3248 -0.3211 -0.2178 0.1733 0.1379 -0.0015 -0.2799 -0.3299 -0.3145 -0.1798 0.2265 0.1142 -0.0399 -0.2907 -0.2806
-0.2595 -0.0173 0.1247 0.2087 -0.1959 -0.3173 -0.3287 -0.2731 0.0125 0.1507 0.1377 -0.2308 -0.3226 -0.3235 -0.2414 0.0464 0.2017 -0.0352 -0.2945 -0.3298 -0.3052 -0.1010 0.0994 0.2339 -0.1813 -0.3172 -0.3270 -0.2535 0.0452 0.2068 -0.0698 -0.3000 -0.3313 -0.2937 -0.0322 0.1287 0.1668 -0.2352 -0.3251 -0.3175 -0.1782 0.0792 0.2356 -0.1490 -0.3120 -0.3299 -0.2720 0.0272 0.1880 -0.0046 -0.2300 -0.0046 0.1880 0.0272 -0.2720 -0.3299 -0.3120 -0.1490 0.2356 0.0792 -0.1782 -0.3175 -0.3251 -0.2352 0.1668 0.1287 -0.0322 -0.2937 -0.3313 -0.3000 -0.0698 0.2068 0.0452 -0.2535 -0.3270 -0.3172 -0.1813 0.2339 0.0994 -0.1010 -0.3052 -0.3298 -0.2945 -0.0352 0.2017 0.0464 -0.2414 -0.3235 -0.3226 -0.2308 0.1377 0.1507 0.0125 -0.2731 -0.3287 -0.3173 -0.1959 0.2087 0.1247 -0.0173 -0.2595
-0.0291 0.1375 0.1798 -0.2122 -0.3199 -0.3269 -0.2635 0.0255 0.1668 0.0901 -0.2466 -0.3244 -0.3214 -0.2294 0.0519 0.2060 -0.0454 -0.2950 -0.3298 -0.3058 -0.1091 0.0959 0.2365 -0.1714 -0.3153 -0.3283 -0.2636 0.0359 0.1977 -0.0402 -0.2967 -0.3307 -0.2987 -0.0549 0.1177 0.2000 -0.2180 -0.3230 -0.3209 -0.2046 0.0703 0.2301 -0.1310 -0.3090 -0.3308 -0.2793 0.0142 0.1695 0.0274 -0.2862 -0.3220 -0.2862 0.0274 0.1695 0.0142 -0.2793 -0.3308 -0.3090 -0.1310 0.2301 0.0703 -0.2046 -0.3209 -0.3230 -0.2180 0.2000 0.1177 -0.0549 -0.2987 -0.3307 -0.2967 -0.0402 0.1977 0.0359 -0.2636 -0.3283 -0.3153 -0.1714 0.2365 0.0959 -0.1091 -0.3058 -0.3298 -0.2950 -0.0454 0.2060 0.0519 -0.2294 -0.3214 -0.3244 -0.2466 0.0901 0.1668 0.0255 -0.2635 -0.3269 -0.3199 -0.2122 0.1798 0.1375 -0.0291
0.1443 0.1380 -0.2292 -0.3222 -0.3247 -0.2506 0.0373 0.1851 0.0373 -0.2650 -0.3261 -0.3187 -0.2120 0.0590 0.2124 -0.0628 -0.2965 -0.3300 -0.3052 -0.1091 0.0947 0.2372 -0.1651 -0.3139 -0.3291 -0.2705 0.0272 0.1860 -0.0065 -0.2935 -0.3300 -0.3034 -0.0804 0.1079 0.2213 -0.2015 -0.3207 -0.3238 -0.2270 0.0611 0.2224 -0.1111 -0.3058 -0.3313 -0.2848 -0.0007 0.1521 0.0835 -0.2684 -0.3344 -0.3507 -0.3344 -0.2684 0.0835 0.1521 -0.0007 -0.2848 -0.3313 -0.3058 -0.1111 0.2224 0.0611 -0.2270 -0.3238 -0.3207 -0.2015 0.2213 0.1079 -0.0804 -0.3034 -0.3300 -0.2935 -0.0065 0.1860 0.0272 -0.2705 -0.3291 -0.3139 -0.1651 0.2372 0.0947 -0.1091 -0.3052 -0.3300 -0.2965 -0.0628 0.2124 0.0590 -0.2120 -0.3187 -0.3261 -0.2650 0.0373 0.1851 0.0373 -0.2506 -0.3247 -0.3222 -0.2292 0.1380 0.1443
0.0802 -0.2470 -0.3244 -0.3220 -0.2338 0.0479 0.1997 -0.0106 -0.2836 -0.3278 -0.3153 -0.1891 0.0671 0.2199 -0.0833 -0.2988 -0.3305 -0.3033 -0.1010 0.0959 0.2372 -0.1629 -0.3131 -0.3296 -0.2747 0.0198 0.1733 0.0285 -0.2852 -0.3290 -0.3076 -0.1071 0.0993 0.2328 -0.1857 -0.3182 -0.3261 -0.2451 0.0515 0.2133 -0.0881 -0.3024 -0.3314 -0.2900 -0.0180 0.1376 0.1356 -0.2482 -0.3262 -0.3298 -0.2908 -0.3298 -0.3262 -0.2482 0.1356 0.1376 -0.0180 -0.2900 -0.3314 -0.3024 -0.0881 0.2133 0.0515 -0.2451 -0.3261 -0.3182 -0.1857 0.2328 0.0993 -0.1071 -0.3076 -0.3290 -0.2852 0.0285 0.1733 0.0198 -0.2747 -0.3296 -0.3131 -0.1629 0.2372 0.0959 -0.1010 -0.3033 -0.3305 -0.2988 -0.0833 0.2199 0.0671 -0.1891 -0.3153 -0.3278 -0.2836 -0.0106 0.1997 0.0479 -0.2338 -0.3220 -0.3244 -0.2470 0.0802
-0.2088 -0.3266 -0.3187 -0.2130 0.0578 0.2098 -0.0488 -0.2941 -0.3292 -0.3113 -0.1615 0.0756 0.2274 -0.1038 -0.3015 -0.3310 -0.3003 -0.0857 0.0994 0.2365 -0.1651 -0.3131 -0.3297 -0.2766 0.0147 0.1643 0.0590 -0.2725 -0.3280 -0.3110 -0.1330 0.0916 0.2372 -0.1707 -0.3157 -0.3280 -0.2592 0.0411 0.2033 -0.0602 -0.2990 -0.3312 -0.2952 -0.0384 0.1254 0.1776 -0.2302 -0.3244 -0.3176 -0.1760 0.0213 -0.1760 -0.3176 -0.3244 -0.2302 0.1776 0.1254 -0.0384 -0.2952 -0.3312 -0.2990 -0.0602 0.2033 0.0411 -0.2592 -0.3280 -0.3157 -0.1707 0.2372 0.0916 -0.1330 -0.3110 -0.3280 -0.2725 0.0590 0.1643 0.0147 -0.2766 -0.3297 -0.3131 -0.1651 0.2365 0.0994 -0.0857 -0.3003 -0.3310 -0.3015 -0.1038 0.2274 0.0756 -0.1615 -0.3113 -0.3292 -0.2941 -0.0488 0.2098 0.0578 -0.2130 -0.3187 -0.3266 -0.2088
-0.2716 -0.3155 -0.1880 0.0671 0.2193 -0.0790 -0.2977 -0.3302 -0.3069 -0.1309 0.0842 0.2336 -0.1233 -0.3045 -0.3313 -0.2963 -0.0662 0.1051 0.2339 -0.1714 -0.3139 -0.3296 -0.2766 0.0128 0.1599 0.0792 -0.2628 -0.3271 -0.3136 -0.1554 0.0847 0.2371 -0.1565 -0.3131 -0.3294 -0.2696 0.0301 0.1910 -0.0254 -0.2954 -0.3305 -0.3004 -0.0624 0.1147 0.2073 -0.2132 -0.3224 -0.3215 -0.2097 0.0678 0.1437 0.0678 -0.2097 -0.3215 -0.3224 -0.2132 0.2073 0.1147 -0.0624 -0.3004 -0.3305 -0.2954 -0.0254 0.1910 0.0301 -0.2696 -0.3294 -0.3131 -0.1565 0.2371 0.0847 -0.1554 -0.3136 -0.3271 -0.2628 0.0792 0.1599 0.0128 -0.2766 -0.3296 -0.3139 -0.1714 0.2339 0.1051 -0.0662 -0.2963 -0.3313 -0.3045 -0.1233 0.2336 0.0842 -0.1309 -0.3069 -0.3302 -0.2977 -0.0790 0.2193 0.0671 -0.1880 -0.3155 -0.2716
-0.2747 -0.1576 0.0760 0.2276 -0.1035 -0.3012 -0.3310 -0.3021 -0.1002 0.0929 0.2372 -0.1416 -0.3076 -0.3313 -0.2918 -0.0454 0.1125 0.2272 -0.1813 -0.3153 -0.3291 -0.2747 0.0147 0.1599 0.0863 -0.2579 -0.3265 -0.3154 -0.1720 0.0791 0.2347 -0.1431 -0.3107 -0.3303 -0.2768 0.0185 0.1748 0.0174 -0.2886 -0.3296 -0.3052 -0.0900 0.1051 0.2257 -0.1968 -0.3200 -0.3245 -0.2326 0.0589 0.2046 0.1531 0.2046 0.0589 -0.2326 -0.3245 -0.3200 -0.1968 0.2257 0.1051 -0.0900 -0.3052 -0.3296 -0.2886 0.0174 0.1748 0.0185 -0.2768 -0.3303 -0.3107 -0.1431 0.2347 0.0791 -0.1720 -0.3154 -0.3265 -0.2579 0.0863 0.1599 0.0147 -0.2747 -0.3291 -0.3153 -0.1813 0.2272 0.1125 -0.0454 -0.2918 -0.3313 -0.3076 -0.1416 0.2372 0.0929 -0.1002 -0.3021 -0.3310 -0.3012 -0.1035 0.2276 0.0760 -0.1576 -0.2747
-0.1608 0.0865 0.2340 -0.1243 -0.3046 -0.3314 -0.2970 -0.0716 0.1019 0.2366 -0.1588 -0.3108 -0.3310 -0.2869 -0.0255 0.1215 0.2137 -0.1936 -0.3172 -0.3283 -0.2705 0.0198 0.1643 0.0792 -0.2579 -0.3263 -0.3163 -0.1822 0.0750 0.2318 -0.1315 -0.3084 -0.3309 -0.2818 0.0065 0.1586 0.0654 -0.2739 -0.3283 -0.3097 -0.1200 0.0960 0.2350 -0.1807 -0.3175 -0.3268 -0.2496 0.0486 0.2109 -0.0736 -0.2517 -0.0736 0.2109 0.0486 -0.2496 -0.3268 -0.3175 -0.1807 0.2350 0.0960 -0.1200 -0.3097 -0.3283 -0.2739 0.0654 0.1586 0.0065 -0.2818 -0.3309 -0.3084 -0.1315 0.2318 0.0750 -0.1822 -0.3163 -0.3263 -0.2579 0.0792 0.1643 0.0198 -0.2705 -0.3283 -0.3172 -0.1936 0.2137 0.1215 -0.0255 -0.2869 -0.3310 -0.3108 -0.1588 0.2366 0.1019 -0.0716 -0.2970 -0.3314 -0.3046 -0.1243 0.2340 0.0865 -0.1608
0.0852 0.2373 -0.1429 -0.3079 -0.3314 -0.2918 -0.0463 0.1113 0.2299 -0.1752 -0.3137 -0.3303 -0.2817 -0.0076 0.1324 0.1903 -0.2076 -0.3193 -0.3270 -0.2636 0.0272 0.1733 0.0590 -0.2628 -0.3265 -0.3163 -0.1856 0.0729 0.2295 -0.1228 -0.3067 -0.3312 -0.2853 -0.0055 0.1457 0.1115 -0.2559 -0.3269 -0.3136 -0.1497 0.0874 0.2376 -0.1645 -0.3147 -0.3286 -0.2628 0.0380 0.2004 -0.0527 -0.2989 -0.3286 -0.2989 -0.0527 0.2004 0.0380 -0.2628 -0.3286 -0.3147 -0.1645 0.2376 0.0874 -0.1497 -0.3136 -0.3269 -0.2559 0.1115 0.1457 -0.0055 -0.2853 -0.3312 -0.3067 -0.1228 0.2295 0.0729 -0.1856 -0.3163 -0.3265 -0.2628 0.0590 0.1733 0.0272 -0.2636 -0.3270 -0.3193 -0.2076 0.1903 0.1324 -0.0076 -0.2817 -0.3303 -0.3137 -0.1752 0.2299 0.1113 -0.0463 -0.2918 -0.3314 -0.3079 -0.1429 0.2373 0.0852
0.2217 -0.1601 -0.3110 -0.3310 -0.2866 -0.0247 0.1215 0.2149 -0.1913 -0.3165 -0.3291 -0.2754 0.0081 0.1457 0.1546 -0.2232 -0.3215 -0.3253 -0.2535 0.0359 0.1860 0.0285 -0.2725 -0.3271 -0.3154 -0.1822 0.0729 0.2286 -0.1181 -0.3056 -0.3313 -0.2881 -0.0166 0.1360 0.1485 -0.2408 -0.3254 -0.3170 -0.1765 0.0792 0.2354 -0.1480 -0.3118 -0.3299 -0.2726 0.0263 0.1861 -0.0135 -0.2946 -0.3380 -0.3501 -0.3380 -0.2946 -0.0135 0.1861 0.0263 -0.2726 -0.3299 -0.3118 -0.1480 0.2354 0.0792 -0.1765 -0.3170 -0.3254 -0.2408 0.1485 0.1360 -0.0166 -0.2881 -0.3313 -0.3056 -0.1181 0.2286 0.0729 -0.1822 -0.3154 -0.3271 -0.2725 0.0285 0.1860 0.0359 -0.2535 -0.3253 -0.3215 -0.2232 0.1546 0.1457 0.0081 -0.2754 -0.3291 -0.3165 -0.1913 0.2149 0.1215 -0.0247 -0.2866 -0.3310 -0.3110 -0.1601 0.2217
-0.1503 -0.3143 -0.3302 -0.2813 -0.0064 0.1332 0.1893 -0.2075 -0.3192 -0.3275 -0.2666 0.0219 0.1616 0.1066 -0.2404 -0.3236 -0.3229 -0.2395 0.0452 0.1977 -0.0065 -0.2852 -0.3280 -0.3136 -0.1720 0.0750 0.2295 -0.1181 -0.3052 -0.3313 -0.2898 -0.0252 0.1293 0.1739 -0.2285 -0.3239 -0.3197 -0.1991 0.0715 0.2306 -0.1313 -0.3089 -0.3307 -0.2797 0.0132 0.1679 0.0340 -0.2844 -0.3289 -0.3213 -0.2572 -0.3213 -0.3289 -0.2844 0.0340 0.1679 0.0132 -0.2797 -0.3307 -0.3089 -0.1313 0.2306 0.0715 -0.1991 -0.3197 -0.3239 -0.2285 0.1739 0.1293 -0.0252 -0.2898 -0.3313 -0.3052 -0.1181 0.2295 0.0750 -0.1720 -0.3136 -0.3280 -0.2852 -0.0065 0.1977 0.0452 -0.2395 -0.3229 -0.3236 -0.2404 0.1066 0.1616 0.0219 -0.2666 -0.3275 -0.3192 -0.2075 0.1893 0.1332 -0.0064 -0.2813 -0.3302 -0.3143 -0.1503
-0.2563 -0.3293 -0.2748 0.0093 0.1469 0.1515 -0.2242 -0.3216 -0.3254 -0.2547 0.0340 0.1805 0.0525 -0.2592 -0.3256 -0.3199 -0.2208 0.0545 0.2068 -0.0402 -0.2935 -0.3290 -0.3110 -0.1554 0.0791 0.2318 -0.1228 -0.3056 -0.3313 -0.2904 -0.0298 0.1254 0.1889 -0.2195 -0.3226 -0.3218 -0.2169 0.0643 0.2244 -0.1143 -0.3060 -0.3312 -0.2848 -0.0014 0.1512 0.0873 -0.2663 -0.3278 -0.3100 -0.1181 0.0414 -0.1181 -0.3100 -0.3278 -0.2663 0.0873 0.1512 -0.0014 -0.2848 -0.3312 -0.3060 -0.1143 0.2244 0.0643 -0.2169 -0.3218 -0.3226 -0.2195 0.1889 0.1254 -0.0298 -0.2904 -0.3313 -0.3056 -0.1228 0.2318 0.0791 -0.1554 -0.3110 -0.3290 -0.2935 -0.0402 0.2068 0.0545 -0.2208 -0.3199 -0.3256 -0.2592 0.0525 0.1805 0.0340 -0.2547 -0.3254 -0.3216 -0.2242 0.1515 0.1469 0.0093 -0.2748 -0.3293 -0.2563
-0.2818 -0.2659 0.0227 0.1630 0.1024 -0.2419 -0.3238 -0.3228 -0.2391 0.0450 0.1965 0.0022 -0.2797 -0.3273 -0.3165 -0.1974 0.0638 0.2161 -0.0698 -0.2967 -0.3300 -0.3076 -0.1330 0.0847 0.2347 -0.1315 -0.3067 -0.3313 -0.2898 -0.0298 0.1241 0.1958 -0.2140 -0.3216 -0.3232 -0.2298 0.0579 0.2180 -0.0968 -0.3033 -0.3314 -0.2894 -0.0174 0.1375 0.1373 -0.2472 -0.3263 -0.3149 -0.1574 0.0835 0.1682 0.0835 -0.1574 -0.3149 -0.3263 -0.2472 0.1373 0.1375 -0.0174 -0.2894 -0.3314 -0.3033 -0.0968 0.2180 0.0579 -0.2298 -0.3232 -0.3216 -0.2140 0.1958 0.1241 -0.0298 -0.2898 -0.3313 -0.3067 -0.1315 0.2347 0.0847 -0.1330 -0.3076 -0.3300 -0.2967 -0.0698 0.2161 0.0638 -0.1974 -0.3165 -0.3273 -0.2797 0.0022 0.1965 0.0450 -0.2391 -0.3228 -0.3238 -0.2419 0.1024 0.1630 0.0227 -0.2659 -0.2818
-0.2448 0.0365 0.1819 0.0484 -0.2608 -0.3258 -0.3198 -0.2194 0.0550 0.2070 -0.0388 -0.2928 -0.3288 -0.3126 -0.1700 0.0729 0.2248 -0.0952 -0.3000 -0.3307 -0.3034 -0.1071 0.0916 0.2371 -0.1431 -0.3084 -0.3312 -0.2881 -0.0252 0.1254 0.1958 -0.2120 -0.3211 -0.3241 -0.2378 0.0528 0.2123 -0.0800 -0.3008 -0.3312 -0.2937 -0.0348 0.1264 0.1763 -0.2301 -0.3244 -0.3187 -0.1882 0.0764 0.2265 0.0569 0.2265 0.0764 -0.1882 -0.3187 -0.3244 -0.2301 0.1763 0.1264 -0.0348 -0.2937 -0.3312 -0.3008 -0.0800 0.2123 0.0528 -0.2378 -0.3241 -0.3211 -0.2120 0.1958 0.1254 -0.0252 -0.2881 -0.3312 -0.3084 -0.1431 0.2371 0.0916 -0.1071 -0.3034 -0.3307 -0.3000 -0.0952 0.2248 0.0729 -0.1700 -0.3126 -0.3288 -0.2928 -0.0388 0.2070 0.0550 -0.2194 -0.3198 -0.3258 -0.2608 0.0484 0.1819 0.0365 -0.2448
0.0290 0.1975 -0.0013 -0.2810 -0.3275 -0.3162 -0.1955 0.0645 0.2167 -0.0710 -0.2967 -0.3300 -0.3082 -0.1398 0.0817 0.2320 -0.1171 -0.3034 -0.3313 -0.2987 -0.0804 0.0993 0.2372 -0.1565 -0.3107 -0.3309 -0.2853 -0.0166 0.1293 0.1889 -0.2140 -0.3211 -0.3243 -0.2416 0.0496 0.2081 -0.0654 -0.2987 -0.3309 -0.2974 -0.0526 0.1174 0.2029 -0.2150 -0.3224 -0.3217 -0.2122 0.0672 0.2279 -0.1198 -0.2753 -0.1198 0.2279 0.0672 -0.2122 -0.3217 -0.3224 -0.2150 0.2029 0.1174 -0.0526 -0.2974 -0.3309 -0.2987 -0.0654 0.2081 0.0496 -0.2416 -0.3243 -0.3211 -0.2140 0.1889 0.1293 -0.0166 -0.2853 -0.3309 -0.3107 -0.1565 0.2372 0.0993 -0.0804 -0.2987 -0.3313 -0.3034 -0.1171 0.2320 0.0817 -0.1398 -0.3082 -0.3300 -0.2967 -0.0710 0.2167 0.0645 -0.1955 -0.3162 -0.3275 -0.2810 -0.0013 0.1975 0.0290
0.1977 -0.0418 -0.2933 -0.3289 -0.3123 -0.1679 0.0735 0.2254 -0.0969 -0.3003 -0.3308 -0.3035 -0.1089 0.0904 0.2365 -0.1364 -0.3067 -0.3314 -0.2937 -0.0549 0.1079 0.2328 -0.1707 -0.3131 -0.3303 -0.2818 -0.0055 0.1360 0.1739 -0.2195 -0.3216 -0.3241 -0.2416 0.0485 0.2059 -0.0554 -0.2972 -0.3306 -0.3004 -0.0696 0.1102 0.2195 -0.2014 -0.3205 -0.3241 -0.2316 0.0585 0.2197 -0.1051 -0.3063 -0.3347 -0.3063 -0.1051 0.2197 0.0585 -0.2316 -0.3241 -0.3205 -0.2014 0.2195 0.1102 -0.0696 -0.3004 -0.3306 -0.2972 -0.0554 0.2059 0.0485 -0.2416 -0.3241 -0.3216 -0.2195 0.1739 0.1360 -0.0055 -0.2818 -0.3303 -0.3131 -0.1707 0.2328 0.1079 -0.0549 -0.2937 -0.3314 -0.3067 -0.1364 0.2365 0.0904 -0.1089 -0.3035 -0.3308 -0.3003 -0.0969 0.2254 0.0735 -0.1679 -0.3123 -0.3289 -0.2933 -0.0418 0.1977
-0.0632 -0.2974 -0.3300 -0.3079 -0.1376 0.0823 0.2324 -0.1186 -0.3037 -0.3313 -0.2985 -0.0795 0.0993 0.2373 -0.1539 -0.3099 -0.3312 -0.2885 -0.0322 0.1177 0.2213 -0.1857 -0.3157 -0.3294 -0.2768 0.0065 0.1457 0.1485 -0.2285 -0.3226 -0.3232 -0.2378 0.0496 0.2059 -0.0518 -0.2964 -0.3303 -0.3025 -0.0837 0.1047 0.2288 -0.1898 -0.3185 -0.3260 -0.2466 0.0498 0.2111 -0.0812 -0.3016 -0.3405 -0.3472 -0.3405 -0.3016 -0.0812 0.2111 0.0498 -0.2466 -0.3260 -0.3185 -0.1898 0.2288 0.1047 -0.0837 -0.3025 -0.3303 -0.2964 -0.0518 0.2059 0.0496 -0.2378 -0.3232 -0.3226 -0.2285 0.1485 0.1457 0.0065 -0.2768 -0.3294 -0.3157 -0.1857 0.2213 0.1177 -0.0322 -0.2885 -0.3312 -0.3099 -0.1539 0.2373 0.0993 -0.0795 -0.2985 -0.3313 -0.3037 -0.1186 0.2324 0.0823 -0.1376 -0.3079 -0.3300 -0.2974 -0.0632
-0.2369 -0.3312 -0.3031 -0.1067 0.0910 0.2367 -0.1377 -0.3070 -0.3314 -0.2933 -0.0532 0.1085 0.2325 -0.1705 -0.3129 -0.3306 -0.2833 -0.0127 0.1287 0.2000 -0.2015 -0.3182 -0.3280 -0.2696 0.0185 0.1586 0.1115 -0.2408 -0.3239 -0.3218 -0.2298 0.0528 0.2081 -0.0554 -0.2964 -0.3302 -0.3035 -0.0930 0.1009 0.2335 -0.1805 -0.3168 -0.3275 -0.2576 0.0413 0.2025 -0.0553 -0.2982 -0.3306 -0.3095 -0.2063 -0.3095 -0.3306 -0.2982 -0.0553 0.2025 0.0413 -0.2576 -0.3275 -0.3168 -0.1805 0.2335 0.1009 -0.0930 -0.3035 -0.3302 -0.2964 -0.0554 0.2081 0.0528 -0.2298 -0.3218 -0.3239 -0.2408 0.1115 0.1586 0.0185 -0.2696 -0.3280 -0.3182 -0.2015 0.2000 0.1287 -0.0127 -0.2833 -0.3306 -0.3129 -0.1705 0.2325 0.1085 -0.0532 -0.2933 -0.3314 -0.3070 -0.1377 0.2367 0.0910 -0.1067 -0.3031 -0.3312 -0.2369
-0.2788 -0.2985 -0.0776 0.0999 0.2371 -0.1551 -0.3101 -0.3312 -0.2881 -0.0305 0.1185 0.2202 -0.1867 -0.3157 -0.3295 -0.2774 0.0038 0.1416 0.1668 -0.2180 -0.3207 -0.3261 -0.2592 0.0301 0.1748 0.0654 -0.2559 -0.3254 -0.3197 -0.2169 0.0579 0.2123 -0.0654 -0.2972 -0.3303 -0.3035 -0.0963 0.0989 0.2354 -0.1740 -0.3155 -0.3284 -0.2651 0.0334 0.1943 -0.0265 -0.2952 -0.3302 -0.3003 -0.0602 0.0591 -0.0602 -0.3003 -0.3302 -0.2952 -0.0265 0.1943 0.0334 -0.2651 -0.3284 -0.3155 -0.1740 0.2354 0.0989 -0.0963 -0.3035 -0.3303 -0.2972 -0.0654 0.2123 0.0579 -0.2169 -0.3197 -0.3254 -0.2559 0.0654 0.1748 0.0301 -0.2592 -0.3261 -0.3207 -0.2180 0.1668 0.1416 0.0038 -0.2774 -0.3295 -0.3157 -0.1867 0.2202 0.1185 -0.0305 -0.2881 -0.3312 -0.3101 -0.1551 0.2371 0.0999 -0.0776 -0.2985 -0.2788
-0.2641 -0.0493 0.1091 0.2319 -0.1717 -0.3131 -0.3305 -0.2829 -0.0113 0.1296 0.1979 -0.2028 -0.3184 -0.3280 -0.2694 0.0181 0.1568 0.1214 -0.2352 -0.3230 -0.3238 -0.2451 0.0411 0.1910 0.0174 -0.2739 -0.3269 -0.3170 -0.1991 0.0643 0.2180 -0.0800 -0.2987 -0.3306 -0.3025 -0.0930 0.0989 0.2359 -0.1705 -0.3146 -0.3290 -0.2700 0.0267 0.1841 0.0035 -0.2919 -0.3296 -0.3052 -0.0915 0.1004 0.1943 0.1004 -0.0915 -0.3052 -0.3296 -0.2919 0.0035 0.1841 0.0267 -0.2700 -0.3290 -0.3146 -0.1705 0.2359 0.0989 -0.0930 -0.3025 -0.3306 -0.2987 -0.0800 0.2180 0.0643 -0.1991 -0.3170 -0.3269 -0.2739 0.0174 0.1910 0.0411 -0.2451 -0.3238 -0.3230 -0.2352 0.1214 0.1568 0.0181 -0.2694 -0.3280 -0.3184 -0.2028 0.1979 0.1296 -0.0113 -0.2829 -0.3305 -0.3131 -0.1717 0.2319 0.1091 -0.0493 -0.2641
-0.0621 0.1206 0.2189 -0.1878 -0.3160 -0.3294 -0.2769 0.0050 0.1427 0.1637 -0.2193 -0.3209 -0.3260 -0.2584 0.0307 0.1747 0.0681 -0.2536 -0.3251 -0.3209 -0.2270 0.0515 0.2033 -0.0254 -0.2886 -0.3283 -0.3136 -0.1765 0.0715 0.2244 -0.0968 -0.3008 -0.3309 -0.3004 -0.0837 0.1009 0.2354 -0.1705 -0.3143 -0.3293 -0.2728 0.0216 0.1741 0.0311 -0.2838 -0.3287 -0.3089 -0.1182 0.0960 0.2378 -0.0451 0.2378 0.0960 -0.1182 -0.3089 -0.3287 -0.2838 0.0311 0.1741 0.0216 -0.2728 -0.3293 -0.3143 -0.1705 0.2354 0.1009 -0.0837 -0.3004 -0.3309 -0.3008 -0.0968 0.2244 0.0715 -0.1765 -0.3136 -0.3283 -0.2886 -0.0254 0.2033 0.0515 -0.2270 -0.3209 -0.3251 -0.2536 0.0681 0.1747 0.0307 -0.2584 -0.3260 -0.3209 -0.2193 0.1637 0.1427 0.0050 -0.2769 -0.3294 -0.3160 -0.1878 0.2189 0.1206 -0.0621
0.1248 0.1954 -0.2040 -0.3186 -0.3278 -0.2687 0.0191 0.1581 0.1175 -0.2367 -0.3232 -0.3236 -0.2439 0.0419 0.1918 0.0159 -0.2736 -0.3269 -0.3175 -0.2046 0.0611 0.2133 -0.0602 -0.2954 -0.3296 -0.3097 -0.1497 0.0792 0.2306 -0.1143 -0.3033 -0.3312 -0.2974 -0.0696 0.1047 0.2335 -0.1740 -0.3146 -0.3293 -0.2737 0.0187 0.1681 0.0523 -0.2733 -0.3279 -0.3116 -0.1401 0.0890 0.2374 -0.1613 -0.2945 -0.1613 0.2374 0.0890 -0.1401 -0.3116 -0.3279 -0.2733 0.0523 0.1681 0.0187 -0.2737 -0.3293 -0.3146 -0.1740 0.2335 0.1047 -0.0696 -0.2974 -0.3312 -0.3033 -0.1143 0.2306 0.0792 -0.1497 -0.3097 -0.3296 -0.2954 -0.0602 0.2133 0.0611 -0.2046 -0.3175 -0.3269 -0.2736 0.0159 0.1918 0.0419 -0.2439 -0.3236 -0.3232 -0.2367 0.1175 0.1581 0.0191 -0.2687 -0.3278 -0.3186 -0.2040 0.1954 0.1248
0.1474 -0.2206 -0.3211 -0.3258 -0.2574 0.0316 0.1763 0.0639 -0.2552 -0.3252 -0.3207 -0.2255 0.0522 0.2041 -0.0280 -0.2890 -0.3284 -0.3137 -0.1782 0.0703 0.2224 -0.0881 -0.2990 -0.3305 -0.3052 -0.1200 0.0874 0.2354 -0.1313 -0.3060 -0.3314 -0.2937 -0.0526 0.1102 0.2288 -0.1805 -0.3155 -0.3290 -0.2728 0.0187 0.1662 0.0638 -0.2670 -0.3273 -0.3135 -0.1571 0.0834 0.2366 -0.1524 -0.3147 -0.3408 -0.3147 -0.1524 0.2366 0.0834 -0.1571 -0.3135 -0.3273 -0.2670 0.0638 0.1662 0.0187 -0.2728 -0.3290 -0.3155 -0.1805 0.2288 0.1102 -0.0526 -0.2937 -0.3314 -0.3060 -0.1313 0.2354 0.0874 -0.1200 -0.3052 -0.3305 -0.2990 -0.0881 0.2224 0.0703 -0.1782 -0.3137 -0.3284 -0.2890 -0.0280 0.2041 0.0522 -0.2255 -0.3207 -0.3252 -0.2552 0.0639 0.1763 0.0316 -0.2574 -0.3258 -0.3211 -0.2206 0.1474
-0.1924 -0.3237 -0.3233 -0.2426 0.0427 0.1931 0.0121 -0.2753 -0.3270 -0.3173 -0.2028 0.0618 0.2140 -0.0625 -0.2957 -0.3297 -0.3095 -0.1487 0.0792 0.2301 -0.1111 -0.3024 -0.3312 -0.3004 -0.0900 0.0960 0.2376 -0.1480 -0.3089 -0.3312 -0.2894 -0.0348 0.1174 0.2195 -0.1898 -0.3168 -0.3284 -0.2700 0.0216 0.1681 0.0638 -0.2649 -0.3270 -0.3147 -0.1686 0.0793 0.2345 -0.1406 -0.3101 -0.3413 -0.3397 -0.3413 -0.3101 -0.1406 0.2345 0.0793 -0.1686 -0.3147 -0.3270 -0.2649 0.0638 0.1681 0.0216 -0.2700 -0.3284 -0.3168 -0.1898 0.2195 0.1174 -0.0348 -0.2894 -0.3312 -0.3089 -0.1480 0.2376 0.0960 -0.0900 -0.3004 -0.3312 -0.3024 -0.1111 0.2301 0.0792 -0.1487 -0.3095 -0.3297 -0.2957 -0.0625 0.2140 0.0618 -0.2028 -0.3173 -0.3270 -0.2753 0.0121 0.1931 0.0427 -0.2426 -0.3233 -0.3237 -0.1924
-0.2677 -0.3208 -0.2240 0.0530 0.2049 -0.0310 -0.2901 -0.3285 -0.3135 -0.1762 0.0710 0.2230 -0.0899 -0.2992 -0.3306 -0.3049 -0.1178 0.0879 0.2356 -0.1310 -0.3058 -0.3314 -0.2952 -0.0624 0.1051 0.2350 -0.1645 -0.3118 -0.3307 -0.2848 -0.0174 0.1264 0.2029 -0.2014 -0.3185 -0.3275 -0.2651 0.0267 0.1741 0.0523 -0.2670 -0.3270 -0.3150 -0.1745 0.0766 0.2324 -0.1319 -0.3082 -0.3303 -0.2893 -0.1209 -0.2893 -0.3303 -0.3082 -0.1319 0.2324 0.0767 -0.1746 -0.3150 -0.3270 -0.2670 0.0523 0.1741 0.0267 -0.2651 -0.3275 -0.3185 -0.2014 0.2029 0.1264 -0.0174 -0.2848 -0.3307 -0.3118 -0.1645 0.2350 0.1051 -0.0624 -0.2952 -0.3314 -0.3058 -0.1310 0.2356 0.0879 -0.1178 -0.3049 -0.3306 -0.2992 -0.0899 0.2230 0.0710 -0.1762 -0.3135 -0.3285 -0.2901 -0.0310 0.2049 0.0530 -0.2240 -0.3208 -0.2677
-0.2778 -0.1999 0.0624 0.2147 -0.0648 -0.2960 -0.3298 -0.3092 -0.1465 0.0798 0.2306 -0.1127 -0.3027 -0.3312 -0.2999 -0.0877 0.0967 0.2376 -0.1490 -0.3090 -0.3313 -0.2900 -0.0384 0.1147 0.2257 -0.1807 -0.3147 -0.3299 -0.2797 -0.0014 0.1375 0.1763 -0.2150 -0.3205 -0.3260 -0.2576 0.0334 0.1841 0.0311 -0.2733 -0.3273 -0.3147 -0.1745 0.0757 0.2312 -0.1263 -0.3070 -0.3310 -0.2851 -0.0027 0.0821 -0.0027 -0.2851 -0.3310 -0.3070 -0.1263 0.2312 0.0758 -0.1746 -0.3147 -0.3273 -0.2733 0.0311 0.1841 0.0334 -0.2576 -0.3260 -0.3205 -0.2150 0.1763 0.1375 -0.0014 -0.2797 -0.3299 -0.3147 -0.1807 0.2257 0.1147 -0.0384 -0.2900 -0.3313 -0.3090 -0.1490 0.2376 0.0967 -0.0877 -0.2999 -0.3312 -0.3027 -0.1127 0.2306 0.0798 -0.1465 -0.3092 -0.3298 -0.2960 -0.0648 0.2147 0.0624 -0.1999 -0.2778
-0.1951 0.0733 0.2237 -0.0918 -0.2995 -0.3307 -0.3046 -0.1155 0.0885 0.2358 -0.1324 -0.3060 -0.3314 -0.2948 -0.0604 0.1058 0.2346 -0.1658 -0.3120 -0.3308 -0.2848 -0.0180 0.1254 0.2073 -0.1968 -0.3175 -0.3286 -0.2726 0.0132 0.1512 0.1373 -0.2301 -0.3224 -0.3241 -0.2466 0.0413 0.1943 0.0035 -0.2838 -0.3279 -0.3135 -0.1686 0.0766 0.2312 -0.1243 -0.3064 -0.3313 -0.2875 -0.0147 0.1284 0.2192 0.1284 -0.0147 -0.2875 -0.3313 -0.3064 -0.1243 0.2312 0.0767 -0.1686 -0.3135 -0.3279 -0.2838 0.0035 0.1943 0.0413 -0.2466 -0.3241 -0.3224 -0.2301 0.1373 0.1512 0.0132 -0.2726 -0.3286 -0.3175 -0.1968 0.2073 0.1254 -0.0180 -0.2848 -0.3308 -0.3120 -0.1658 0.2346 0.1058 -0.0604 -0.2948 -0.3314 -0.3060 -0.1324 0.2358 0.0885 -0.1155 -0.3046 -0.3307 -0.2995 -0.0918 0.2237 0.0733 -0.1951
0.0701 0.2311 -0.1143 -0.3029 -0.3312 -0.2996 -0.0856 0.0973 0.2375 -0.1502 -0.3092 -0.3313 -0.2896 -0.0367 0.1155 0.2246 -0.1820 -0.3149 -0.3299 -0.2793 -0.0007 0.1376 0.1776 -0.2132 -0.3200 -0.3268 -0.2628 0.0263 0.1679 0.0873 -0.2472 -0.3244 -0.3217 -0.2315 0.0498 0.2025 -0.0265 -0.2919 -0.3287 -0.3116 -0.1571 0.0793 0.2324 -0.1263 -0.3064 -0.3312 -0.2886 -0.0217 0.1306 0.1826 -0.1378 0.1826 0.1306 -0.0217 -0.2886 -0.3312 -0.3064 -0.1263 0.2324 0.0793 -0.1571 -0.3116 -0.3287 -0.2919 -0.0265 0.2025 0.0498 -0.2316 -0.3217 -0.3244 -0.2472 0.0873 0.1679 0.0263 -0.2628 -0.3268 -0.3200 -0.2132 0.1776 0.1376 -0.0007 -0.2793 -0.3299 -0.3149 -0.1820 0.2246 0.1155 -0.0367 -0.2896 -0.3313 -0.3092 -0.1502 0.2375 0.0973 -0.0856 -0.2996 -0.3312 -0.3029 -0.1143 0.2311 0.0701
0.2228 -0.1339 -0.3062 -0.3314 -0.2944 -0.0585 0.1065 0.2341 -0.1670 -0.3123 -0.3307 -0.2844 -0.0165 0.1263 0.2055 -0.1981 -0.3177 -0.3285 -0.2720 0.0142 0.1521 0.1356 -0.2302 -0.3224 -0.3245 -0.2496 0.0380 0.1861 0.0340 -0.2663 -0.3263 -0.3187 -0.2122 0.0585 0.2111 -0.0553 -0.2952 -0.3296 -0.3088 -0.1401 0.0834 0.2345 -0.1319 -0.3070 -0.3312 -0.2886 -0.0238 0.1282 0.1812 -0.2194 -0.3082 -0.2194 0.1812 0.1282 -0.0238 -0.2886 -0.3313 -0.3070 -0.1319 0.2345 0.0834 -0.1401 -0.3089 -0.3296 -0.2952 -0.0553 0.2111 0.0585 -0.2122 -0.3187 -0.3263 -0.2663 0.0340 0.1861 0.0380 -0.2496 -0.3245 -0.3224 -0.2302 0.1356 0.1521 0.0142 -0.2720 -0.3284 -0.3177 -0.1981 0.2055 0.1263 -0.0165 -0.2844 -0.3307 -0.3123 -0.1670 0.2341 0.1065 -0.0585 -0.2944 -0.3314 -0.3062 -0.1339 0.2228
-0.1309 -0.3098 -0.3312 -0.2892 -0.0351 0.1163 0.2236 -0.1832 -0.3152 -0.3297 -0.2788 0.0006 0.1387 0.1748 -0.2145 -0.3202 -0.3266 -0.2619 0.0272 0.1692 0.0838 -0.2482 -0.3245 -0.3218 -0.2326 0.0486 0.2004 -0.0133 -0.2844 -0.3279 -0.3151 -0.1881 0.0672 0.2196 -0.0809 -0.2982 -0.3304 -0.3054 -0.1183 0.0889 0.2366 -0.1405 -0.3082 -0.3312 -0.2875 -0.0219 0.1281 0.1866 -0.2185 -0.3262 -0.3470 -0.3261 -0.2186 0.1863 0.1282 -0.0217 -0.2875 -0.3310 -0.3082 -0.1406 0.2366 0.0890 -0.1182 -0.3052 -0.3302 -0.2982 -0.0812 0.2197 0.0672 -0.1882 -0.3149 -0.3278 -0.2844 -0.0135 0.2004 0.0486 -0.2326 -0.3215 -0.3244 -0.2482 0.0835 0.1695 0.0272 -0.2620 -0.3264 -0.3201 -0.2145 0.1746 0.1388 0.0006 -0.2788 -0.3296 -0.3151 -0.1832 0.2235 0.1164 -0.0351 -0.2891 -0.3310 -0.3098 -0.1310
-0.2511 -0.3310 -0.2840 -0.0152 0.1271 0.2036 -0.1993 -0.3179 -0.3283 -0.2713 0.0153 0.1534 0.1318 -0.2316 -0.3225 -0.3243 -0.2485 0.0388 0.1872 0.0302 -0.2677 -0.3264 -0.3185 -0.2115 0.0584 0.2105 -0.0510 -0.2944 -0.3293 -0.3111 -0.1598 0.0759 0.2276 -0.1036 -0.3014 -0.3310 -0.3014 -0.0942 0.0955 0.2376 -0.1514 -0.3100 -0.3310 -0.2856 -0.0163 0.1304 0.1836 -0.2178 -0.3217 -0.3359 -0.3178 -0.3355 -0.3216 -0.2186 0.1812 0.1306 -0.0147 -0.2851 -0.3303 -0.3101 -0.1524 0.2374 0.0960 -0.0915 -0.3003 -0.3306 -0.3016 -0.1051 0.2279 0.0764 -0.1574 -0.3100 -0.3289 -0.2946 -0.0527 0.2109 0.0589 -0.2097 -0.3176 -0.3262 -0.2684 0.0274 0.1880 0.0395 -0.2473 -0.3234 -0.3224 -0.2322 0.1291 0.1530 0.0162 -0.2706 -0.3276 -0.3179 -0.2000 0.2021 0.1271 -0.0139 -0.2836 -0.3305 -0.2512
-0.2819 -0.2786 0.0016 0.1397 0.1721 -0.2157 -0.3204 -0.3265 -0.2610 0.0281 0.1708 0.0795 -0.2497 -0.3247 -0.3216 -0.2312 0.0493 0.2011 -0.0164 -0.2853 -0.3280 -0.3149 -0.1862 0.0677 0.2199 -0.0807 -0.2980 -0.3303 -0.3066 -0.1291 0.0847 0.2339 -0.1240 -0.3046 -0.3313 -0.2968 -0.0696 0.1031 0.2357 -0.1639 -0.3120 -0.3305 -0.2829 -0.0081 0.1351 0.1735 -0.2210 -0.3219 -0.3219 -0.2271 -0.0077 -0.2214 -0.3355 -0.3261 -0.2194 0.1826 0.1284 -0.0027 -0.2893 -0.3413 -0.3147 -0.1613 0.2378 0.1004 -0.0602 -0.3095 -0.3405 -0.3063 -0.1198 0.2265 0.0835 -0.1181 -0.3213 -0.3380 -0.2989 -0.0736 0.2046 0.0678 -0.1760 -0.3298 -0.3344 -0.2862 -0.0046 0.1830 0.0506 -0.2233 -0.3358 -0.3298 -0.2476 0.0954 0.1545 0.0306 -0.2580 -0.3396 -0.3245 -0.2135 0.1832 0.1311 0.0055 -0.2819 -0.2893
-0.2531 0.0179 0.1547 0.1281 -0.2328 -0.3227 -0.3240 -0.2473 0.0397 0.1885 0.0261 -0.2693 -0.3265 -0.3182 -0.2098 0.0591 0.2112 -0.0535 -0.2946 -0.3293 -0.3106 -0.1574 0.0767 0.2281 -0.1049 -0.3014 -0.3309 -0.3017 -0.0985 0.0935 0.2373 -0.1426 -0.3078 -0.3313 -0.2917 -0.0461 0.1117 0.2289 -0.1775 -0.3143 -0.3298 -0.2792 0.0020 0.1426 0.1548 -0.2274 -0.3226 -0.3223 -0.2315 0.0589 0.0951 -0.0093 -0.3178 -0.3470 -0.3082 -0.1378 0.2192 0.0821 -0.1209 -0.3397 -0.3408 -0.2945 -0.0451 0.1943 0.0591 -0.2063 -0.3472 -0.3347 -0.2753 0.0569 0.1682 0.0414 -0.2572 -0.3501 -0.3286 -0.2517 0.1531 0.1437 0.0213 -0.2908 -0.3507 -0.3220 -0.2300 0.2080 0.1227 -0.0047 -0.3114 -0.3498 -0.3150 -0.1846 0.2255 0.1043 -0.0414 -0.3257 -0.3473 -0.3075 -0.1400 0.2216 0.0872 -0.0890 -0.2974
