-0.2303 0.0087 0.1819 -0.0179 -0.2306 -0.2763 -0.2687 -0.1011 0.1079 0.1935 -0.1759 -0.2634 -0.2801 -0.2210 0.0545 0.2158 -0.1083 -0.2456 -0.2812 -0.2576 -0.0157 0.1553 0.0457 -0.2168 -0.2732 -0.2729 -0.1422 0.0924 0.2168 -0.1589 -0.2587 -0.2815 -0.2388 0.0377 0.2041 -0.0798 -0.2397 -0.2797 -0.2619 -0.0456 0.1337 0.1174 -0.2002 -0.2696 -0.2764 -0.1798 0.0773 0.2236 -0.1408 -0.2541 -0.2846 -0.2541 -0.1408 0.2236 0.0773 -0.1798 -0.2764 -0.2696 -0.2002 0.1174 0.1337 -0.0456 -0.2619 -0.2797 -0.2397 -0.0798 0.2041 0.0377 -0.2388 -0.2815 -0.2587 -0.1589 0.2168 0.0924 -0.1422 -0.2729 -0.2732 -0.2168 0.0457 0.1553 -0.0157 -0.2576 -0.2812 -0.2456 -0.1083 0.2158 0.0545 -0.2210 -0.2801 -0.2634 -0.1759 0.1935 0.1079 -0.1011 -0.2687 -0.2763 -0.2306 -0.0179 0.1819 0.0087 -0.2303
0.0087 0.1842 0.0106 -0.2903 -0.3297 -0.3055 -0.0893 0.1062 0.2262 -0.1959 -0.3202 -0.3250 -0.2332 0.0595 0.2194 -0.1037 -0.3050 -0.3317 -0.2870 -0.0047 0.1471 0.1021 -0.2606 -0.3279 -0.3126 -0.1356 0.0928 0.2370 -0.1717 -0.3163 -0.3282 -0.2574 0.0443 0.2049 -0.0650 -0.2999 -0.3316 -0.2948 -0.0331 0.1282 0.1715 -0.2328 -0.3252 -0.3184 -0.1808 0.0796 0.2349 -0.1467 -0.3121 -0.3419 -0.3378 -0.3419 -0.3121 -0.1467 0.2349 0.0796 -0.1808 -0.3184 -0.3252 -0.2328 0.1715 0.1282 -0.0331 -0.2948 -0.3316 -0.2999 -0.0650 0.2049 0.0443 -0.2574 -0.3282 -0.3163 -0.1717 0.2370 0.0928 -0.1356 -0.3126 -0.3279 -0.2606 0.1021 0.1471 -0.0047 -0.2870 -0.3317 -0.3050 -0.1037 0.2194 0.0595 -0.2332 -0.3250 -0.3202 -0.1959 0.2262 0.1062 -0.0893 -0.3055 -0.3297 -0.2903 0.0106 0.1842 0.0087
0.1819 0.0106 -0.2865 -0.3283 -0.3083 -0.1181 0.0961 0.2351 -0.1803 -0.3173 -0.3268 -0.2505 0.0478 0.2099 -0.0790 -0.3012 -0.3313 -0.2918 -0.0248 0.1331 0.1515 -0.2418 -0.3257 -0.3162 -0.1679 0.0822 0.2368 -0.1552 -0.3131 -0.3294 -0.2687 0.0314 0.1931 -0.0309 -0.2959 -0.3306 -0.2996 -0.0586 0.1162 0.2036 -0.2158 -0.3227 -0.3213 -0.2080 0.0689 0.2292 -0.1284 -0.3085 -0.3302 -0.2847 -0.1024 -0.2847 -0.3302 -0.3085 -0.1284 0.2292 0.0689 -0.2080 -0.3213 -0.3227 -0.2158 0.2036 0.1162 -0.0586 -0.2996 -0.3306 -0.2959 -0.0309 0.1931 0.0314 -0.2687 -0.3294 -0.3131 -0.1552 0.2368 0.0822 -0.1679 -0.3162 -0.3257 -0.2418 0.1515 0.1331 -0.0248 -0.2918 -0.3313 -0.3012 -0.0790 0.2099 0.0478 -0.2505 -0.3268 -0.3173 -0.1803 0.2351 0.0961 -0.1181 -0.3083 -0.3283 -0.2865 0.0106 0.1819
-0.0179 -0.2903 -0.3283 -0.3095 -0.1354 0.0899 0.2375 -0.1657 -0.3147 -0.3285 -0.2632 0.0374 0.1998 -0.0489 -0.2978 -0.3310 -0.2970 -0.0463 0.1216 0.1893 -0.2242 -0.3238 -0.3198 -0.1955 0.0735 0.2324 -0.1377 -0.3101 -0.3305 -0.2769 0.0192 0.1763 0.0121 -0.2901 -0.3298 -0.3046 -0.0856 0.1065 0.2236 -0.1993 -0.3204 -0.3241 -0.2297 0.0599 0.2212 -0.1082 -0.3053 -0.3312 -0.2850 0.0014 0.0848 0.0014 -0.2850 -0.3312 -0.3053 -0.1082 0.2212 0.0599 -0.2297 -0.3241 -0.3204 -0.1993 0.2236 0.1065 -0.0856 -0.3046 -0.3298 -0.2901 0.0121 0.1763 0.0192 -0.2769 -0.3305 -0.3101 -0.1377 0.2324 0.0735 -0.1955 -0.3198 -0.3238 -0.2242 0.1893 0.1216 -0.0463 -0.2970 -0.3310 -0.2978 -0.0489 0.1998 0.0374 -0.2632 -0.3285 -0.3147 -0.1657 0.2375 0.0899 -0.1354 -0.3095 -0.3283 -0.2903 -0.0179
-0.2306 -0.3297 -0.3083 -0.1354 0.0875 0.2372 -0.1546 -0.3124 -0.3295 -0.2723 0.0263 0.1860 -0.0114 -0.2942 -0.3302 -0.3021 -0.0716 0.1113 0.2149 -0.2075 -0.3216 -0.3228 -0.2194 0.0645 0.2254 -0.1186 -0.3070 -0.3312 -0.2829 0.0050 0.1581 0.0639 -0.2753 -0.3285 -0.3092 -0.1155 0.0973 0.2341 -0.1832 -0.3179 -0.3265 -0.2473 0.0501 0.2120 -0.0846 -0.3020 -0.3314 -0.2906 -0.0192 0.1281 0.2199 0.1281 -0.0192 -0.2906 -0.3314 -0.3020 -0.0846 0.2120 0.0501 -0.2473 -0.3265 -0.3179 -0.1832 0.2341 0.0973 -0.1155 -0.3092 -0.3285 -0.2753 0.0639 0.1581 0.0050 -0.2829 -0.3312 -0.3070 -0.1186 0.2254 0.0645 -0.2194 -0.3228 -0.3216 -0.2075 0.2149 0.1113 -0.0716 -0.3021 -0.3302 -0.2942 -0.0114 0.1860 0.0263 -0.2723 -0.3295 -0.3124 -0.1546 0.2372 0.0875 -0.1354 -0.3083 -0.3297 -0.2306
-0.2763 -0.3055 -0.1181 0.0899 0.2372 -0.1503 -0.3110 -0.3300 -0.2779 0.0155 0.1697 0.0325 -0.2846 -0.3291 -0.3068 -0.1002 0.1019 0.2299 -0.1913 -0.3192 -0.3254 -0.2391 0.0550 0.2167 -0.0969 -0.3037 -0.3314 -0.2881 -0.0113 0.1427 0.1175 -0.2552 -0.3270 -0.3135 -0.1465 0.0885 0.2375 -0.1670 -0.3152 -0.3283 -0.2610 0.0396 0.2019 -0.0559 -0.2985 -0.3311 -0.2959 -0.0414 0.1239 0.1925 -0.1331 0.1925 0.1239 -0.0414 -0.2959 -0.3311 -0.2985 -0.0559 0.2019 0.0396 -0.2610 -0.3283 -0.3152 -0.1670 0.2375 0.0885 -0.1465 -0.3135 -0.3270 -0.2552 0.1175 0.1427 -0.0113 -0.2881 -0.3314 -0.3037 -0.0969 0.2167 0.0550 -0.2391 -0.3254 -0.3192 -0.1913 0.2299 0.1019 -0.1002 -0.3068 -0.3291 -0.2846 0.0325 0.1697 0.0155 -0.2779 -0.3300 -0.3110 -0.1503 0.2372 0.0899 -0.1181 -0.3055 -0.2763
-0.2687 -0.0893 0.0961 0.2375 -0.1546 -0.3110 -0.3302 -0.2805 0.0071 0.1574 0.0754 -0.2687 -0.3279 -0.3109 -0.1301 0.0931 0.2365 -0.1752 -0.3165 -0.3275 -0.2547 0.0450 0.2070 -0.0710 -0.3003 -0.3313 -0.2933 -0.0305 0.1296 0.1637 -0.2367 -0.3252 -0.3173 -0.1762 0.0798 0.2358 -0.1502 -0.3123 -0.3297 -0.2713 0.0281 0.1885 -0.0196 -0.2949 -0.3304 -0.3011 -0.0660 0.1134 0.2091 -0.2086 -0.3063 -0.2086 0.2091 0.1134 -0.0660 -0.3011 -0.3304 -0.2949 -0.0196 0.1885 0.0281 -0.2713 -0.3297 -0.3123 -0.1502 0.2358 0.0798 -0.1762 -0.3173 -0.3252 -0.2367 0.1637 0.1296 -0.0305 -0.2933 -0.3313 -0.3003 -0.0710 0.2070 0.0450 -0.2547 -0.3275 -0.3165 -0.1752 0.2365 0.0931 -0.1301 -0.3109 -0.3279 -0.2687 0.0754 0.1574 0.0071 -0.2805 -0.3302 -0.3110 -0.1546 0.2375 0.0961 -0.0893 -0.2687
-0.1011 0.1062 0.2351 -0.1657 -0.3124 -0.3300 -0.2805 0.0038 0.1510 0.1054 -0.2552 -0.3266 -0.3143 -0.1575 0.0849 0.2373 -0.1591 -0.3137 -0.3291 -0.2666 0.0340 0.1965 -0.0388 -0.2967 -0.3308 -0.2985 -0.0532 0.1185 0.1979 -0.2193 -0.3232 -0.3207 -0.2028 0.0710 0.2306 -0.1324 -0.3092 -0.3307 -0.2788 0.0153 0.1708 0.0263 -0.2864 -0.3294 -0.3059 -0.0940 0.1038 0.2274 -0.1953 -0.3236 -0.3469 -0.3236 -0.1953 0.2274 0.1038 -0.0940 -0.3059 -0.3294 -0.2864 0.0263 0.1708 0.0153 -0.2788 -0.3307 -0.3092 -0.1324 0.2306 0.0710 -0.2028 -0.3207 -0.3232 -0.2193 0.1979 0.1185 -0.0532 -0.2985 -0.3308 -0.2967 -0.0388 0.1965 0.0340 -0.2666 -0.3291 -0.3137 -0.1591 0.2373 0.0849 -0.1575 -0.3143 -0.3266 -0.2552 0.1054 0.1510 0.0038 -0.2805 -0.3300 -0.3124 -0.1657 0.2351 0.1062 -0.1011
0.1079 0.2262 -0.1803 -0.3147 -0.3295 -0.2779 0.0071 0.1510 0.1159 -0.2480 -0.3256 -0.3166 -0.1795 0.0777 0.2344 -0.1434 -0.3109 -0.3302 -0.2753 0.0219 0.1806 0.0022 -0.2928 -0.3300 -0.3035 -0.0795 0.1085 0.2202 -0.2028 -0.3209 -0.3236 -0.2255 0.0618 0.2230 -0.1127 -0.3060 -0.3313 -0.2844 0.0006 0.1534 0.0795 -0.2693 -0.3281 -0.3105 -0.1244 0.0948 0.2357 -0.1786 -0.3171 -0.3400 -0.3274 -0.3400 -0.3171 -0.1786 0.2357 0.0948 -0.1244 -0.3105 -0.3281 -0.2693 0.0795 0.1534 0.0006 -0.2844 -0.3313 -0.3060 -0.1127 0.2230 0.0618 -0.2255 -0.3236 -0.3209 -0.2028 0.2202 0.1085 -0.0795 -0.3035 -0.3300 -0.2928 0.0022 0.1806 0.0219 -0.2753 -0.3302 -0.3109 -0.1434 0.2344 0.0777 -0.1795 -0.3166 -0.3256 -0.2480 0.1159 0.1510 0.0071 -0.2779 -0.3295 -0.3147 -0.1803 0.2262 0.1079
0.1935 -0.1959 -0.3173 -0.3285 -0.2723 0.0155 0.1574 0.1054 -0.2480 -0.3253 -0.3178 -0.1934 0.0721 0.2302 -0.1287 -0.3082 -0.3309 -0.2813 0.0088 0.1620 0.0521 -0.2797 -0.3288 -0.3082 -0.1089 0.0993 0.2325 -0.1867 -0.3184 -0.3260 -0.2439 0.0522 0.2140 -0.0899 -0.3027 -0.3314 -0.2896 -0.0165 0.1387 0.1318 -0.2497 -0.3265 -0.3146 -0.1552 0.0860 0.2375 -0.1622 -0.3143 -0.3280 -0.2621 -0.0481 -0.2621 -0.3280 -0.3143 -0.1622 0.2375 0.0860 -0.1552 -0.3146 -0.3265 -0.2497 0.1318 0.1387 -0.0165 -0.2896 -0.3314 -0.3027 -0.0899 0.2140 0.0522 -0.2439 -0.3260 -0.3184 -0.1867 0.2325 0.0993 -0.1089 -0.3082 -0.3288 -0.2797 0.0521 0.1620 0.0088 -0.2813 -0.3309 -0.3082 -0.1287 0.2302 0.0721 -0.1934 -0.3178 -0.3253 -0.2480 0.1054 0.1574 0.0155 -0.2723 -0.3285 -0.3173 -0.1959 0.1935
-0.1759 -0.3202 -0.3268 -0.2632 0.0263 0.1697 0.0754 -0.2552 -0.3256 -0.3178 -0.1981 0.0690 0.2267 -0.1166 -0.3059 -0.3312 -0.2857 -0.0052 0.1471 0.1038 -0.2597 -0.3273 -0.3125 -0.1398 0.0904 0.2373 -0.1705 -0.3157 -0.3280 -0.2584 0.0419 0.2041 -0.0625 -0.2992 -0.3312 -0.2948 -0.0367 0.1263 0.1748 -0.2316 -0.3247 -0.3183 -0.1842 0.0773 0.2346 -0.1452 -0.3114 -0.3299 -0.2731 0.0272 0.1017 0.0272 -0.2731 -0.3299 -0.3114 -0.1452 0.2346 0.0773 -0.1842 -0.3183 -0.3247 -0.2316 0.1748 0.1263 -0.0367 -0.2948 -0.3312 -0.2992 -0.0625 0.2041 0.0419 -0.2584 -0.3280 -0.3157 -0.1705 0.2373 0.0904 -0.1398 -0.3125 -0.3273 -0.2597 0.1038 0.1471 -0.0052 -0.2857 -0.3312 -0.3059 -0.1166 0.2267 0.0690 -0.1981 -0.3178 -0.3256 -0.2552 0.0754 0.1697 0.0263 -0.2632 -0.3268 -0.3202 -0.1759
-0.2634 -0.3250 -0.2505 0.0374 0.1860 0.0325 -0.2687 -0.3266 -0.3166 -0.1934 0.0690 0.2252 -0.1095 -0.3043 -0.3312 -0.2892 -0.0190 0.1355 0.1473 -0.2424 -0.3257 -0.3163 -0.1695 0.0817 0.2365 -0.1539 -0.3129 -0.3295 -0.2694 0.0307 0.1918 -0.0280 -0.2957 -0.3306 -0.2999 -0.0604 0.1155 0.2055 -0.2145 -0.3225 -0.3216 -0.2098 0.0684 0.2286 -0.1269 -0.3083 -0.3309 -0.2805 0.0122 0.1507 0.2259 0.1507 0.0122 -0.2805 -0.3309 -0.3083 -0.1269 0.2286 0.0684 -0.2098 -0.3216 -0.3225 -0.2145 0.2055 0.1155 -0.0604 -0.2999 -0.3306 -0.2957 -0.0280 0.1918 0.0307 -0.2694 -0.3295 -0.3129 -0.1539 0.2365 0.0817 -0.1695 -0.3163 -0.3257 -0.2424 0.1473 0.1355 -0.0190 -0.2892 -0.3312 -0.3043 -0.1095 0.2252 0.0690 -0.1934 -0.3166 -0.3266 -0.2687 0.0325 0.1860 0.0374 -0.2505 -0.3250 -0.2634
-0.2801 -0.2332 0.0478 0.1998 -0.0114 -0.2846 -0.3279 -0.3143 -0.1795 0.0721 0.2267 -0.1095 -0.3038 -0.3311 -0.2915 -0.0307 0.1271 0.1781 -0.2278 -0.3240 -0.3195 -0.1957 0.0732 0.2321 -0.1365 -0.3099 -0.3305 -0.2774 0.0181 0.1747 0.0159 -0.2890 -0.3297 -0.3049 -0.0877 0.1058 0.2246 -0.1981 -0.3202 -0.3243 -0.2312 0.0591 0.2205 -0.1065 -0.3051 -0.3314 -0.2859 -0.0040 0.1486 0.1108 -0.1780 0.1108 0.1486 -0.0040 -0.2859 -0.3314 -0.3051 -0.1065 0.2205 0.0591 -0.2312 -0.3243 -0.3202 -0.1981 0.2246 0.1058 -0.0877 -0.3049 -0.3297 -0.2890 0.0159 0.1747 0.0181 -0.2774 -0.3305 -0.3099 -0.1365 0.2321 0.0732 -0.1957 -0.3195 -0.3240 -0.2278 0.1781 0.1271 -0.0307 -0.2915 -0.3311 -0.3038 -0.1095 0.2267 0.0721 -0.1795 -0.3143 -0.3279 -0.2846 -0.0114 0.1998 0.0478 -0.2332 -0.2801
-0.2210 0.0595 0.2099 -0.0489 -0.2942 -0.3291 -0.3109 -0.1575 0.0777 0.2302 -0.1166 -0.3043 -0.3311 -0.2924 -0.0375 0.1220 0.1965 -0.2164 -0.3223 -0.3219 -0.2166 0.0651 0.2255 -0.1181 -0.3068 -0.3311 -0.2833 0.0038 0.1568 0.0681 -0.2736 -0.3284 -0.3095 -0.1178 0.0967 0.2346 -0.1820 -0.3177 -0.3266 -0.2485 0.0493 0.2112 -0.0826 -0.3017 -0.3314 -0.2911 -0.0220 0.1350 0.1428 -0.2422 -0.3139 -0.2422 0.1428 0.1350 -0.0220 -0.2911 -0.3314 -0.3017 -0.0826 0.2112 0.0493 -0.2485 -0.3266 -0.3177 -0.1820 0.2346 0.0967 -0.1178 -0.3095 -0.3284 -0.2736 0.0681 0.1568 0.0038 -0.2833 -0.3311 -0.3068 -0.1181 0.2255 0.0651 -0.2166 -0.3219 -0.3223 -0.2164 0.1965 0.1220 -0.0375 -0.2924 -0.3311 -0.3043 -0.1166 0.2302 0.0777 -0.1575 -0.3109 -0.3291 -0.2942 -0.0489 0.2099 0.0595 -0.2210
0.0545 0.2194 -0.0790 -0.2978 -0.3302 -0.3068 -0.1301 0.0849 0.2344 -0.1287 -0.3059 -0.3312 -0.2915 -0.0375 0.1203 0.2046 -0.2091 -0.3210 -0.3237 -0.2318 0.0575 0.2182 -0.0989 -0.3037 -0.3314 -0.2882 -0.0124 0.1416 0.1214 -0.2536 -0.3269 -0.3137 -0.1487 0.0879 0.2376 -0.1658 -0.3149 -0.3285 -0.2619 0.0388 0.2011 -0.0534 -0.2982 -0.3310 -0.2963 -0.0431 0.1230 0.1847 -0.2272 -0.3291 -0.3495 -0.3291 -0.2272 0.1847 0.1230 -0.0431 -0.2963 -0.3310 -0.2982 -0.0534 0.2011 0.0388 -0.2619 -0.3285 -0.3149 -0.1658 0.2376 0.0879 -0.1487 -0.3137 -0.3269 -0.2536 0.1214 0.1416 -0.0124 -0.2882 -0.3314 -0.3037 -0.0989 0.2182 0.0575 -0.2318 -0.3237 -0.3210 -0.2091 0.2046 0.1203 -0.0375 -0.2915 -0.3312 -0.3059 -0.1287 0.2344 0.0849 -0.1301 -0.3068 -0.3302 -0.2978 -0.0790 0.2194 0.0545
0.2158 -0.1037 -0.3012 -0.3310 -0.3021 -0.1002 0.0931 0.2373 -0.1434 -0.3082 -0.3312 -0.2892 -0.0307 0.1220 0.2046 -0.2066 -0.3203 -0.3247 -0.2417 0.0512 0.2113 -0.0792 -0.3009 -0.3312 -0.2930 -0.0306 0.1292 0.1660 -0.2354 -0.3251 -0.3175 -0.1782 0.0792 0.2356 -0.1490 -0.3120 -0.3299 -0.2720 0.0272 0.1872 -0.0164 -0.2946 -0.3304 -0.3014 -0.0679 0.1126 0.2120 -0.2098 -0.3218 -0.3365 -0.3138 -0.3365 -0.3218 -0.2098 0.2120 0.1126 -0.0679 -0.3014 -0.3304 -0.2946 -0.0164 0.1872 0.0272 -0.2720 -0.3299 -0.3120 -0.1490 0.2356 0.0792 -0.1782 -0.3175 -0.3251 -0.2354 0.1660 0.1292 -0.0306 -0.2930 -0.3312 -0.3009 -0.0792 0.2113 0.0512 -0.2417 -0.3247 -0.3203 -0.2066 0.2046 0.1220 -0.0307 -0.2892 -0.3312 -0.3082 -0.1434 0.2373 0.0931 -0.1002 -0.3021 -0.3310 -0.3012 -0.1037 0.2158
-0.1083 -0.3050 -0.3313 -0.2970 -0.0716 0.1019 0.2365 -0.1591 -0.3109 -0.3309 -0.2857 -0.0190 0.1271 0.1965 -0.2091 -0.3203 -0.3250 -0.2464 0.0469 0.2059 -0.0608 -0.2984 -0.3309 -0.2973 -0.0503 0.1191 0.1977 -0.2188 -0.3230 -0.3208 -0.2046 0.0703 0.2301 -0.1310 -0.3090 -0.3308 -0.2793 0.0142 0.1692 0.0302 -0.2853 -0.3293 -0.3062 -0.0961 0.1031 0.2283 -0.1935 -0.3194 -0.3241 -0.2293 -0.0094 -0.2293 -0.3241 -0.3194 -0.1935 0.2283 0.1031 -0.0961 -0.3062 -0.3293 -0.2853 0.0302 0.1692 0.0142 -0.2793 -0.3308 -0.3090 -0.1310 0.2301 0.0703 -0.2046 -0.3208 -0.3230 -0.2188 0.1977 0.1191 -0.0503 -0.2973 -0.3309 -0.2984 -0.0608 0.2059 0.0469 -0.2464 -0.3250 -0.3203 -0.2091 0.1965 0.1271 -0.0190 -0.2857 -0.3309 -0.3109 -0.1591 0.2365 0.1019 -0.0716 -0.2970 -0.3313 -0.3050 -0.1083
-0.2456 -0.3317 -0.2918 -0.0463 0.1113 0.2299 -0.1752 -0.3137 -0.3302 -0.2813 -0.0052 0.1355 0.1781 -0.2164 -0.3210 -0.3247 -0.2464 0.0454 0.2031 -0.0475 -0.2965 -0.3305 -0.3008 -0.0701 0.1107 0.2177 -0.2039 -0.3209 -0.3235 -0.2266 0.0612 0.2224 -0.1112 -0.3058 -0.3313 -0.2848 -0.0007 0.1521 0.0838 -0.2677 -0.3280 -0.3108 -0.1267 0.0941 0.2361 -0.1774 -0.3169 -0.3270 -0.2516 0.0478 0.1198 0.0478 -0.2516 -0.3270 -0.3169 -0.1774 0.2361 0.0941 -0.1267 -0.3108 -0.3280 -0.2677 0.0838 0.1521 -0.0007 -0.2848 -0.3313 -0.3058 -0.1112 0.2224 0.0612 -0.2266 -0.3235 -0.3209 -0.2039 0.2177 0.1107 -0.0701 -0.3008 -0.3305 -0.2965 -0.0475 0.2031 0.0454 -0.2464 -0.3247 -0.3210 -0.2164 0.1781 0.1355 -0.0052 -0.2813 -0.3302 -0.3137 -0.1752 0.2299 0.1113 -0.0463 -0.2918 -0.3317 -0.2456
-0.2812 -0.2870 -0.0248 0.1216 0.2149 -0.1913 -0.3165 -0.3291 -0.2753 0.0088 0.1471 0.1473 -0.2278 -0.3223 -0.3237 -0.2417 0.0469 0.2031 -0.0427 -0.2955 -0.3301 -0.3033 -0.0874 0.1041 0.2289 -0.1907 -0.3188 -0.3257 -0.2436 0.0520 0.2136 -0.0885 -0.3025 -0.3314 -0.2900 -0.0180 0.1376 0.1356 -0.2482 -0.3264 -0.3149 -0.1574 0.0854 0.2374 -0.1611 -0.3141 -0.3289 -0.2652 0.0363 0.1789 0.2125 0.1789 0.0363 -0.2652 -0.3289 -0.3141 -0.1611 0.2374 0.0854 -0.1574 -0.3149 -0.3264 -0.2482 0.1356 0.1376 -0.0180 -0.2900 -0.3314 -0.3025 -0.0885 0.2136 0.0520 -0.2436 -0.3257 -0.3188 -0.1907 0.2289 0.1041 -0.0874 -0.3033 -0.3301 -0.2955 -0.0427 0.2031 0.0469 -0.2417 -0.3237 -0.3223 -0.2278 0.1473 0.1471 0.0088 -0.2753 -0.3291 -0.3165 -0.1913 0.2149 0.1216 -0.0248 -0.2870 -0.2812
-0.2576 -0.0047 0.1331 0.1893 -0.2075 -0.3192 -0.3275 -0.2666 0.0219 0.1620 0.1038 -0.2424 -0.3240 -0.3219 -0.2318 0.0512 0.2059 -0.0475 -0.2955 -0.3300 -0.3045 -0.0989 0.0994 0.2342 -0.1797 -0.3168 -0.3273 -0.2562 0.0429 0.2045 -0.0625 -0.2991 -0.3311 -0.2951 -0.0384 0.1254 0.1776 -0.2302 -0.3245 -0.3185 -0.1862 0.0766 0.2343 -0.1440 -0.3112 -0.3302 -0.2744 0.0236 0.1826 0.0086 -0.2244 0.0086 0.1826 0.0236 -0.2744 -0.3302 -0.3112 -0.1440 0.2343 0.0766 -0.1862 -0.3185 -0.3245 -0.2302 0.1776 0.1254 -0.0384 -0.2951 -0.3311 -0.2991 -0.0625 0.2045 0.0429 -0.2562 -0.3273 -0.3168 -0.1797 0.2342 0.0994 -0.0989 -0.3045 -0.3300 -0.2955 -0.0475 0.2059 0.0512 -0.2318 -0.3219 -0.3240 -0.2424 0.1038 0.1620 0.0219 -0.2666 -0.3275 -0.3192 -0.2075 0.1893 0.1331 -0.0047 -0.2576
-0.0157 0.1471 0.1515 -0.2242 -0.3216 -0.3254 -0.2547 0.0340 0.1806 0.0521 -0.2597 -0.3257 -0.3195 -0.2166 0.0575 0.2113 -0.0608 -0.2965 -0.3301 -0.3045 -0.1029 0.0971 0.2362 -0.1715 -0.3151 -0.3284 -0.2651 0.0340 0.1957 -0.0324 -0.2959 -0.3306 -0.3000 -0.0619 0.1148 0.2073 -0.2132 -0.3224 -0.3218 -0.2115 0.0677 0.2281 -0.1256 -0.3081 -0.3310 -0.2810 0.0101 0.1643 0.0423 -0.2809 -0.3210 -0.2809 0.0423 0.1643 0.0101 -0.2810 -0.3310 -0.3081 -0.1256 0.2281 0.0677 -0.2115 -0.3218 -0.3224 -0.2132 0.2073 0.1148 -0.0619 -0.3000 -0.3306 -0.2959 -0.0324 0.1957 0.0340 -0.2651 -0.3284 -0.3151 -0.1715 0.2362 0.0971 -0.1029 -0.3045 -0.3301 -0.2965 -0.0608 0.2113 0.0575 -0.2166 -0.3195 -0.3257 -0.2597 0.0521 0.1806 0.0340 -0.2547 -0.3254 -0.3216 -0.2242 0.1515 0.1471 -0.0157
0.1553 0.1021 -0.2418 -0.3238 -0.3228 -0.2391 0.0450 0.1965 0.0022 -0.2797 -0.3273 -0.3163 -0.1957 0.0651 0.2182 -0.0792 -0.2984 -0.3305 -0.3033 -0.0989 0.0971 0.2367 -0.1673 -0.3141 -0.3291 -0.2709 0.0261 0.1843 0.0008 -0.2928 -0.3298 -0.3045 -0.0875 0.1055 0.2254 -0.1970 -0.3200 -0.3245 -0.2326 0.0584 0.2199 -0.1049 -0.3048 -0.3314 -0.2863 -0.0054 0.1477 0.0990 -0.2626 -0.3337 -0.3507 -0.3337 -0.2626 0.0990 0.1477 -0.0054 -0.2863 -0.3314 -0.3048 -0.1049 0.2199 0.0584 -0.2326 -0.3245 -0.3200 -0.1970 0.2254 0.1055 -0.0875 -0.3045 -0.3298 -0.2928 0.0008 0.1843 0.0261 -0.2709 -0.3291 -0.3141 -0.1673 0.2367 0.0971 -0.0989 -0.3033 -0.3305 -0.2984 -0.0792 0.2182 0.0651 -0.1957 -0.3163 -0.3273 -0.2797 0.0022 0.1965 0.0450 -0.2391 -0.3228 -0.3238 -0.2418 0.1021 0.1553
0.0457 -0.2606 -0.3257 -0.3198 -0.2194 0.0550 0.2070 -0.0388 -0.2928 -0.3288 -0.3125 -0.1695 0.0732 0.2255 -0.0989 -0.3009 -0.3309 -0.3008 -0.0874 0.0994 0.2362 -0.1673 -0.3137 -0.3295 -0.2741 0.0199 0.1725 0.0331 -0.2840 -0.3288 -0.3083 -0.1136 0.0973 0.2345 -0.1816 -0.3175 -0.3267 -0.2496 0.0486 0.2105 -0.0807 -0.3015 -0.3314 -0.2915 -0.0235 0.1339 0.1489 -0.2429 -0.3257 -0.3309 -0.2946 -0.3309 -0.3257 -0.2429 0.1489 0.1339 -0.0235 -0.2915 -0.3314 -0.3015 -0.0807 0.2105 0.0486 -0.2496 -0.3267 -0.3175 -0.1816 0.2345 0.0973 -0.1136 -0.3083 -0.3288 -0.2840 0.0331 0.1725 0.0199 -0.2741 -0.3295 -0.3137 -0.1673 0.2362 0.0994 -0.0874 -0.3008 -0.3309 -0.3009 -0.0989 0.2255 0.0732 -0.1695 -0.3125 -0.3288 -0.2928 -0.0388 0.2070 0.0550 -0.2194 -0.3198 -0.3257 -0.2606 0.0457
-0.2168 -0.3279 -0.3162 -0.1955 0.0645 0.2167 -0.0710 -0.2967 -0.3300 -0.3082 -0.1398 0.0817 0.2321 -0.1181 -0.3037 -0.3312 -0.2973 -0.0701 0.1041 0.2342 -0.1715 -0.3141 -0.3295 -0.2751 0.0165 0.1656 0.0583 -0.2718 -0.3278 -0.3115 -0.1380 0.0899 0.2375 -0.1671 -0.3150 -0.3284 -0.2625 0.0381 0.2005 -0.0510 -0.2980 -0.3310 -0.2967 -0.0449 0.1222 0.1874 -0.2252 -0.3238 -0.3186 -0.1839 0.0179 -0.1839 -0.3186 -0.3238 -0.2252 0.1874 0.1222 -0.0449 -0.2967 -0.3310 -0.2980 -0.0510 0.2005 0.0381 -0.2625 -0.3284 -0.3150 -0.1671 0.2375 0.0899 -0.1380 -0.3115 -0.3278 -0.2718 0.0583 0.1656 0.0165 -0.2751 -0.3295 -0.3141 -0.1715 0.2342 0.1041 -0.0701 -0.2973 -0.3312 -0.3037 -0.1181 0.2321 0.0817 -0.1398 -0.3082 -0.3300 -0.2967 -0.0710 0.2167 0.0645 -0.1955 -0.3162 -0.3279 -0.2168
-0.2732 -0.3126 -0.1679 0.0735 0.2254 -0.0969 -0.3003 -0.3308 -0.3035 -0.1089 0.0904 0.2365 -0.1365 -0.3068 -0.3314 -0.2930 -0.0503 0.1107 0.2289 -0.1797 -0.3151 -0.3291 -0.2741 0.0165 0.1634 0.0718 -0.2643 -0.3271 -0.3137 -0.1577 0.0836 0.2368 -0.1534 -0.3125 -0.3297 -0.2717 0.0271 0.1869 -0.0142 -0.2944 -0.3303 -0.3018 -0.0700 0.1119 0.2137 -0.2084 -0.3217 -0.3224 -0.2163 0.0653 0.1404 0.0653 -0.2163 -0.3224 -0.3217 -0.2084 0.2137 0.1119 -0.0700 -0.3018 -0.3303 -0.2944 -0.0142 0.1869 0.0271 -0.2717 -0.3297 -0.3125 -0.1534 0.2368 0.0836 -0.1577 -0.3137 -0.3271 -0.2643 0.0718 0.1634 0.0165 -0.2741 -0.3291 -0.3151 -0.1797 0.2289 0.1107 -0.0503 -0.2930 -0.3314 -0.3068 -0.1365 0.2365 0.0904 -0.1089 -0.3035 -0.3308 -0.3003 -0.0969 0.2254 0.0735 -0.1679 -0.3126 -0.2732
-0.2729 -0.1356 0.0822 0.2324 -0.1186 -0.3037 -0.3313 -0.2985 -0.0795 0.0993 0.2373 -0.1539 -0.3099 -0.3311 -0.2882 -0.0306 0.1191 0.2177 -0.1907 -0.3168 -0.3284 -0.2709 0.0199 0.1656 0.0718 -0.2619 -0.3267 -0.3151 -0.1713 0.0788 0.2344 -0.1410 -0.3102 -0.3305 -0.2782 0.0156 0.1703 0.0298 -0.2853 -0.3292 -0.3066 -0.0985 0.1024 0.2292 -0.1922 -0.3193 -0.3252 -0.2379 0.0562 0.2013 0.1643 0.2013 0.0562 -0.2379 -0.3252 -0.3193 -0.1922 0.2292 0.1024 -0.0985 -0.3066 -0.3292 -0.2853 0.0298 0.1703 0.0156 -0.2782 -0.3305 -0.3102 -0.1410 0.2344 0.0788 -0.1713 -0.3151 -0.3267 -0.2619 0.0718 0.1656 0.0199 -0.2709 -0.3284 -0.3168 -0.1907 0.2177 0.1191 -0.0306 -0.2882 -0.3311 -0.3099 -0.1539 0.2373 0.0993 -0.0795 -0.2985 -0.3313 -0.3037 -0.1186 0.2324 0.0822 -0.1356 -0.2729
-0.1422 0.0928 0.2368 -0.1377 -0.3070 -0.3314 -0.2933 -0.0532 0.1085 0.2325 -0.1705 -0.3129 -0.3305 -0.2833 -0.0124 0.1292 0.1977 -0.2039 -0.3188 -0.3273 -0.2651 0.0261 0.1725 0.0583 -0.2643 -0.3267 -0.3156 -0.1782 0.0757 0.2319 -0.1310 -0.3082 -0.3309 -0.2825 0.0038 0.1553 0.0773 -0.2690 -0.3280 -0.3108 -0.1285 0.0935 0.2363 -0.1761 -0.3167 -0.3273 -0.2538 0.0457 0.2081 -0.0652 -0.2484 -0.0652 0.2081 0.0457 -0.2538 -0.3273 -0.3167 -0.1761 0.2363 0.0935 -0.1285 -0.3108 -0.3280 -0.2690 0.0773 0.1553 0.0038 -0.2825 -0.3309 -0.3082 -0.1310 0.2319 0.0757 -0.1782 -0.3156 -0.3267 -0.2643 0.0583 0.1725 0.0261 -0.2651 -0.3273 -0.3188 -0.2039 0.1977 0.1292 -0.0124 -0.2833 -0.3305 -0.3129 -0.1705 0.2325 0.1085 -0.0532 -0.2933 -0.3314 -0.3070 -0.1377 0.2368 0.0928 -0.1422
0.0924 0.2370 -0.1552 -0.3101 -0.3312 -0.2881 -0.0305 0.1185 0.2202 -0.1867 -0.3157 -0.3295 -0.2774 0.0038 0.1416 0.1660 -0.2188 -0.3209 -0.3257 -0.2562 0.0340 0.1843 0.0331 -0.2718 -0.3271 -0.3151 -0.1782 0.0746 0.2304 -0.1244 -0.3068 -0.3312 -0.2856 -0.0074 0.1436 0.1203 -0.2522 -0.3266 -0.3145 -0.1572 0.0851 0.2373 -0.1599 -0.3139 -0.3290 -0.2659 0.0347 0.1974 -0.0429 -0.2978 -0.3277 -0.2978 -0.0429 0.1974 0.0347 -0.2659 -0.3290 -0.3139 -0.1599 0.2373 0.0851 -0.1572 -0.3145 -0.3266 -0.2522 0.1203 0.1436 -0.0074 -0.2856 -0.3312 -0.3068 -0.1244 0.2304 0.0746 -0.1782 -0.3151 -0.3271 -0.2718 0.0331 0.1843 0.0340 -0.2562 -0.3257 -0.3209 -0.2188 0.1660 0.1416 0.0038 -0.2774 -0.3295 -0.3157 -0.1867 0.2202 0.1185 -0.0305 -0.2881 -0.3312 -0.3101 -0.1552 0.2370 0.0924
0.2168 -0.1717 -0.3131 -0.3305 -0.2829 -0.0113 0.1296 0.1979 -0.2028 -0.3184 -0.3280 -0.2694 0.0181 0.1568 0.1214 -0.2354 -0.3230 -0.3235 -0.2436 0.0429 0.1957 0.0008 -0.2840 -0.3278 -0.3137 -0.1713 0.0757 0.2304 -0.1221 -0.3060 -0.3312 -0.2879 -0.0170 0.1351 0.1531 -0.2383 -0.3251 -0.3177 -0.1825 0.0772 0.2343 -0.1435 -0.3110 -0.3302 -0.2749 0.0227 0.1817 -0.0010 -0.2935 -0.3375 -0.3503 -0.3375 -0.2935 -0.0010 0.1817 0.0227 -0.2749 -0.3302 -0.3110 -0.1435 0.2343 0.0772 -0.1825 -0.3177 -0.3251 -0.2383 0.1531 0.1351 -0.0170 -0.2879 -0.3312 -0.3060 -0.1221 0.2304 0.0757 -0.1713 -0.3137 -0.3278 -0.2840 0.0008 0.1957 0.0429 -0.2436 -0.3235 -0.3230 -0.2354 0.1214 0.1568 0.0181 -0.2694 -0.3280 -0.3184 -0.2028 0.1979 0.1296 -0.0113 -0.2829 -0.3305 -0.3131 -0.1717 0.2168
-0.1589 -0.3163 -0.3294 -0.2769 0.0050 0.1427 0.1637 -0.2193 -0.3209 -0.3260 -0.2584 0.0307 0.1747 0.0681 -0.2536 -0.3251 -0.3208 -0.2266 0.0520 0.2045 -0.0324 -0.2928 -0.3288 -0.3115 -0.1577 0.0788 0.2319 -0.1244 -0.3060 -0.3312 -0.2890 -0.0235 0.1297 0.1745 -0.2275 -0.3237 -0.3201 -0.2032 0.0698 0.2292 -0.1270 -0.3081 -0.3309 -0.2812 0.0093 0.1629 0.0490 -0.2808 -0.3286 -0.3227 -0.2632 -0.3227 -0.3286 -0.2808 0.0490 0.1629 0.0093 -0.2812 -0.3309 -0.3081 -0.1270 0.2292 0.0698 -0.2032 -0.3201 -0.3237 -0.2275 0.1745 0.1297 -0.0235 -0.2890 -0.3312 -0.3060 -0.1244 0.2319 0.0788 -0.1577 -0.3115 -0.3288 -0.2928 -0.0324 0.2045 0.0520 -0.2266 -0.3208 -0.3251 -0.2536 0.0681 0.1747 0.0307 -0.2584 -0.3260 -0.3209 -0.2193 0.1637 0.1427 0.0050 -0.2769 -0.3294 -0.3163 -0.1589
-0.2587 -0.3282 -0.2687 0.0192 0.1581 0.1175 -0.2367 -0.3232 -0.3236 -0.2439 0.0419 0.1918 0.0159 -0.2736 -0.3269 -0.3175 -0.2046 0.0612 0.2136 -0.0625 -0.2959 -0.3298 -0.3083 -0.1380 0.0836 0.2344 -0.1310 -0.3068 -0.3312 -0.2890 -0.0257 0.1270 0.1860 -0.2201 -0.3226 -0.3220 -0.2191 0.0630 0.2230 -0.1102 -0.3053 -0.3313 -0.2860 -0.0056 0.1472 0.1023 -0.2606 -0.3273 -0.3113 -0.1269 0.0387 -0.1269 -0.3113 -0.3273 -0.2606 0.1023 0.1472 -0.0056 -0.2860 -0.3313 -0.3053 -0.1102 0.2230 0.0630 -0.2191 -0.3220 -0.3226 -0.2201 0.1860 0.1270 -0.0257 -0.2890 -0.3312 -0.3068 -0.1310 0.2344 0.0836 -0.1380 -0.3083 -0.3298 -0.2959 -0.0625 0.2136 0.0612 -0.2046 -0.3175 -0.3269 -0.2736 0.0159 0.1918 0.0419 -0.2439 -0.3236 -0.3232 -0.2367 0.1175 0.1581 0.0192 -0.2687 -0.3282 -0.2587
-0.2815 -0.2574 0.0314 0.1763 0.0639 -0.2552 -0.3252 -0.3207 -0.2255 0.0522 0.2041 -0.0280 -0.2890 -0.3284 -0.3137 -0.1782 0.0703 0.2224 -0.0885 -0.2991 -0.3306 -0.3045 -0.1136 0.0899 0.2368 -0.1410 -0.3082 -0.3312 -0.2879 -0.0235 0.1270 0.1897 -0.2164 -0.3218 -0.3232 -0.2300 0.0573 0.2171 -0.0937 -0.3027 -0.3314 -0.2905 -0.0217 0.1344 0.1490 -0.2423 -0.3257 -0.3159 -0.1659 0.0812 0.1643 0.0812 -0.1659 -0.3159 -0.3257 -0.2423 0.1490 0.1344 -0.0217 -0.2905 -0.3314 -0.3027 -0.0937 0.2171 0.0573 -0.2300 -0.3232 -0.3218 -0.2164 0.1897 0.1270 -0.0235 -0.2879 -0.3312 -0.3082 -0.1410 0.2368 0.0899 -0.1136 -0.3045 -0.3306 -0.2991 -0.0885 0.2224 0.0703 -0.1782 -0.3137 -0.3284 -0.2890 -0.0280 0.2041 0.0522 -0.2255 -0.3207 -0.3252 -0.2552 0.0639 0.1763 0.0314 -0.2574 -0.2815
-0.2388 0.0443 0.1931 0.0121 -0.2753 -0.3270 -0.3173 -0.2028 0.0618 0.2140 -0.0625 -0.2957 -0.3297 -0.3095 -0.1487 0.0792 0.2301 -0.1112 -0.3025 -0.3311 -0.3000 -0.0875 0.0973 0.2375 -0.1534 -0.3102 -0.3309 -0.2856 -0.0170 0.1297 0.1860 -0.2164 -0.3216 -0.3237 -0.2361 0.0532 0.2122 -0.0785 -0.3004 -0.3312 -0.2945 -0.0388 0.1241 0.1840 -0.2261 -0.3239 -0.3195 -0.1953 0.0740 0.2234 0.0720 0.2234 0.0740 -0.1953 -0.3195 -0.3239 -0.2261 0.1840 0.1241 -0.0388 -0.2945 -0.3312 -0.3004 -0.0785 0.2122 0.0532 -0.2361 -0.3237 -0.3216 -0.2164 0.1860 0.1297 -0.0170 -0.2856 -0.3309 -0.3102 -0.1534 0.2375 0.0973 -0.0875 -0.3000 -0.3311 -0.3025 -0.1112 0.2301 0.0792 -0.1487 -0.3095 -0.3297 -0.2957 -0.0625 0.2140 0.0618 -0.2028 -0.3173 -0.3270 -0.2753 0.0121 0.1931 0.0443 -0.2388
0.0377 0.2049 -0.0309 -0.2901 -0.3285 -0.3135 -0.1762 0.0710 0.2230 -0.0899 -0.2992 -0.3306 -0.3049 -0.1178 0.0879 0.2356 -0.1310 -0.3058 -0.3314 -0.2951 -0.0619 0.1055 0.2345 -0.1671 -0.3125 -0.3305 -0.2825 -0.0074 0.1351 0.1745 -0.2201 -0.3218 -0.3237 -0.2381 0.0510 0.2090 -0.0665 -0.2986 -0.3309 -0.2979 -0.0558 0.1159 0.2074 -0.2116 -0.3219 -0.3224 -0.2178 0.0649 0.2259 -0.1142 -0.2718 -0.1142 0.2259 0.0649 -0.2178 -0.3224 -0.3219 -0.2116 0.2074 0.1159 -0.0558 -0.2979 -0.3309 -0.2986 -0.0665 0.2090 0.0510 -0.2381 -0.3237 -0.3218 -0.2201 0.1745 0.1351 -0.0074 -0.2825 -0.3305 -0.3125 -0.1671 0.2345 0.1055 -0.0619 -0.2951 -0.3314 -0.3058 -0.1310 0.2356 0.0879 -0.1178 -0.3049 -0.3306 -0.2992 -0.0899 0.2230 0.0710 -0.1762 -0.3135 -0.3285 -0.2901 -0.0309 0.2049 0.0377
0.2041 -0.0650 -0.2959 -0.3298 -0.3092 -0.1465 0.0798 0.2306 -0.1127 -0.3027 -0.3312 -0.2999 -0.0877 0.0967 0.2376 -0.1490 -0.3090 -0.3313 -0.2900 -0.0384 0.1148 0.2254 -0.1816 -0.3150 -0.3297 -0.2782 0.0038 0.1436 0.1531 -0.2275 -0.3226 -0.3232 -0.2361 0.0510 0.2079 -0.0599 -0.2975 -0.3306 -0.3004 -0.0710 0.1093 0.2216 -0.1990 -0.3200 -0.3247 -0.2357 0.0562 0.2175 -0.0993 -0.3053 -0.3339 -0.3053 -0.0993 0.2175 0.0562 -0.2357 -0.3247 -0.3200 -0.1990 0.2216 0.1093 -0.0710 -0.3004 -0.3306 -0.2975 -0.0599 0.2079 0.0510 -0.2361 -0.3232 -0.3226 -0.2275 0.1531 0.1436 0.0038 -0.2782 -0.3297 -0.3150 -0.1816 0.2254 0.1148 -0.0384 -0.2900 -0.3313 -0.3090 -0.1490 0.2376 0.0967 -0.0877 -0.2999 -0.3312 -0.3027 -0.1127 0.2306 0.0798 -0.1465 -0.3092 -0.3298 -0.2959 -0.0650 0.2041
-0.0798 -0.2999 -0.3306 -0.3046 -0.1155 0.0885 0.2358 -0.1324 -0.3060 -0.3314 -0.2948 -0.0604 0.1058 0.2346 -0.1658 -0.3120 -0.3308 -0.2848 -0.0180 0.1254 0.2073 -0.1970 -0.3175 -0.3284 -0.2717 0.0156 0.1553 0.1203 -0.2383 -0.3237 -0.3220 -0.2300 0.0532 0.2090 -0.0599 -0.2971 -0.3304 -0.3020 -0.0826 0.1046 0.2294 -0.1885 -0.3182 -0.3264 -0.2493 0.0478 0.2089 -0.0749 -0.3007 -0.3402 -0.3476 -0.3402 -0.3007 -0.0749 0.2089 0.0478 -0.2493 -0.3264 -0.3182 -0.1885 0.2294 0.1046 -0.0826 -0.3020 -0.3304 -0.2971 -0.0599 0.2090 0.0532 -0.2300 -0.3220 -0.3237 -0.2383 0.1203 0.1553 0.0156 -0.2717 -0.3284 -0.3175 -0.1970 0.2073 0.1254 -0.0180 -0.2848 -0.3308 -0.3120 -0.1658 0.2346 0.1058 -0.0604 -0.2948 -0.3314 -0.3060 -0.1324 0.2358 0.0885 -0.1155 -0.3046 -0.3306 -0.2999 -0.0798
-0.2397 -0.3316 -0.2996 -0.0856 0.0973 0.2375 -0.1502 -0.3092 -0.3313 -0.2896 -0.0367 0.1155 0.2246 -0.1820 -0.3149 -0.3299 -0.2793 -0.0007 0.1376 0.1776 -0.2132 -0.3200 -0.3267 -0.2625 0.0271 0.1703 0.0773 -0.2522 -0.3251 -0.3201 -0.2191 0.0573 0.2122 -0.0665 -0.2975 -0.3304 -0.3026 -0.0888 0.1017 0.2331 -0.1805 -0.3167 -0.3276 -0.2591 0.0397 0.2007 -0.0487 -0.2974 -0.3304 -0.3111 -0.2137 -0.3111 -0.3304 -0.2974 -0.0487 0.2007 0.0397 -0.2591 -0.3276 -0.3167 -0.1805 0.2331 0.1017 -0.0888 -0.3026 -0.3304 -0.2975 -0.0665 0.2122 0.0573 -0.2191 -0.3201 -0.3251 -0.2522 0.0773 0.1703 0.0271 -0.2625 -0.3267 -0.3200 -0.2132 0.1776 0.1376 -0.0007 -0.2793 -0.3299 -0.3149 -0.1820 0.2246 0.1155 -0.0367 -0.2896 -0.3313 -0.3092 -0.1502 0.2375 0.0973 -0.0856 -0.2996 -0.3316 -0.2397
-0.2797 -0.2948 -0.0586 0.1065 0.2341 -0.1670 -0.3123 -0.3307 -0.2844 -0.0165 0.1263 0.2055 -0.1981 -0.3177 -0.3285 -0.2720 0.0142 0.1521 0.1356 -0.2302 -0.3224 -0.3245 -0.2496 0.0381 0.1869 0.0298 -0.2690 -0.3266 -0.3177 -0.2032 0.0630 0.2171 -0.0785 -0.2986 -0.3306 -0.3020 -0.0888 0.1007 0.2346 -0.1754 -0.3156 -0.3284 -0.2656 0.0325 0.1926 -0.0206 -0.2945 -0.3301 -0.3014 -0.0660 0.0572 -0.0660 -0.3014 -0.3301 -0.2945 -0.0206 0.1926 0.0325 -0.2656 -0.3284 -0.3156 -0.1754 0.2346 0.1007 -0.0888 -0.3020 -0.3306 -0.2986 -0.0785 0.2171 0.0630 -0.2032 -0.3177 -0.3266 -0.2690 0.0298 0.1869 0.0381 -0.2496 -0.3245 -0.3224 -0.2302 0.1356 0.1521 0.0142 -0.2720 -0.3285 -0.3177 -0.1981 0.2055 0.1263 -0.0165 -0.2844 -0.3307 -0.3123 -0.1670 0.2341 0.1065 -0.0586 -0.2948 -0.2797
-0.2619 -0.0331 0.1162 0.2236 -0.1832 -0.3152 -0.3297 -0.2788 0.0006 0.1387 0.1748 -0.2145 -0.3202 -0.3266 -0.2619 0.0272 0.1692 0.0838 -0.2482 -0.3245 -0.3218 -0.2326 0.0486 0.2005 -0.0142 -0.2853 -0.3280 -0.3145 -0.1825 0.0698 0.2230 -0.0937 -0.3004 -0.3309 -0.3004 -0.0826 0.1017 0.2346 -0.1736 -0.3150 -0.3289 -0.2696 0.0267 0.1832 0.0072 -0.2907 -0.3294 -0.3060 -0.0972 0.0988 0.1922 0.0988 -0.0972 -0.3060 -0.3294 -0.2907 0.0072 0.1832 0.0267 -0.2696 -0.3289 -0.3150 -0.1736 0.2346 0.1017 -0.0826 -0.3004 -0.3309 -0.3004 -0.0937 0.2230 0.0698 -0.1825 -0.3145 -0.3280 -0.2853 -0.0142 0.2005 0.0486 -0.2326 -0.3218 -0.3245 -0.2482 0.0838 0.1692 0.0272 -0.2619 -0.3266 -0.3202 -0.2145 0.1748 0.1387 0.0006 -0.2788 -0.3297 -0.3152 -0.1832 0.2236 0.1162 -0.0331 -0.2619
-0.0456 0.1282 0.2036 -0.1993 -0.3179 -0.3283 -0.2713 0.0153 0.1534 0.1318 -0.2316 -0.3225 -0.3243 -0.2485 0.0388 0.1872 0.0302 -0.2677 -0.3264 -0.3185 -0.2115 0.0584 0.2105 -0.0510 -0.2944 -0.3292 -0.3108 -0.1572 0.0772 0.2292 -0.1102 -0.3027 -0.3312 -0.2979 -0.0710 0.1046 0.2331 -0.1754 -0.3150 -0.3290 -0.2716 0.0228 0.1749 0.0311 -0.2829 -0.3286 -0.3093 -0.1228 0.0945 0.2383 -0.0375 0.2383 0.0945 -0.1228 -0.3093 -0.3286 -0.2829 0.0311 0.1749 0.0228 -0.2716 -0.3290 -0.3150 -0.1754 0.2331 0.1046 -0.0710 -0.2979 -0.3312 -0.3027 -0.1102 0.2292 0.0772 -0.1572 -0.3108 -0.3292 -0.2944 -0.0510 0.2105 0.0584 -0.2115 -0.3185 -0.3264 -0.2677 0.0302 0.1872 0.0388 -0.2485 -0.3243 -0.3225 -0.2316 0.1318 0.1534 0.0153 -0.2713 -0.3283 -0.3179 -0.1993 0.2036 0.1282 -0.0456
0.1337 0.1715 -0.2158 -0.3204 -0.3265 -0.2610 0.0281 0.1708 0.0795 -0.2497 -0.3247 -0.3216 -0.2312 0.0493 0.2011 -0.0164 -0.2853 -0.3280 -0.3149 -0.1862 0.0677 0.2199 -0.0807 -0.2980 -0.3303 -0.3066 -0.1285 0.0851 0.2343 -0.1270 -0.3053 -0.3314 -0.2945 -0.0558 0.1093 0.2294 -0.1805 -0.3156 -0.3289 -0.2716 0.0213 0.1708 0.0473 -0.2743 -0.3279 -0.3117 -0.1424 0.0881 0.2374 -0.1585 -0.2937 -0.1585 0.2374 0.0881 -0.1424 -0.3117 -0.3279 -0.2743 0.0473 0.1708 0.0213 -0.2716 -0.3289 -0.3156 -0.1805 0.2294 0.1093 -0.0558 -0.2945 -0.3314 -0.3053 -0.1270 0.2343 0.0851 -0.1285 -0.3066 -0.3303 -0.2980 -0.0807 0.2199 0.0677 -0.1862 -0.3149 -0.3280 -0.2853 -0.0164 0.2011 0.0493 -0.2312 -0.3216 -0.3247 -0.2497 0.0795 0.1708 0.0281 -0.2610 -0.3265 -0.3204 -0.2158 0.1715 0.1337
0.1174 -0.2328 -0.3227 -0.3241 -0.2473 0.0396 0.1885 0.0263 -0.2693 -0.3265 -0.3183 -0.2098 0.0591 0.2112 -0.0534 -0.2946 -0.3293 -0.3108 -0.1574 0.0766 0.2281 -0.1049 -0.3015 -0.3310 -0.3018 -0.0985 0.0935 0.2373 -0.1435 -0.3081 -0.3313 -0.2905 -0.0388 0.1159 0.2216 -0.1885 -0.3167 -0.3284 -0.2696 0.0228 0.1708 0.0529 -0.2699 -0.3274 -0.3133 -0.1569 0.0831 0.2364 -0.1506 -0.3142 -0.3404 -0.3142 -0.1506 0.2364 0.0831 -0.1569 -0.3133 -0.3274 -0.2699 0.0529 0.1708 0.0228 -0.2696 -0.3284 -0.3167 -0.1885 0.2216 0.1159 -0.0388 -0.2905 -0.3313 -0.3081 -0.1435 0.2373 0.0935 -0.0985 -0.3018 -0.3310 -0.3015 -0.1049 0.2281 0.0766 -0.1574 -0.3108 -0.3293 -0.2946 -0.0534 0.2112 0.0591 -0.2098 -0.3183 -0.3265 -0.2693 0.0263 0.1885 0.0396 -0.2473 -0.3241 -0.3227 -0.2328 0.1174
-0.2002 -0.3252 -0.3213 -0.2297 0.0501 0.2019 -0.0196 -0.2864 -0.3281 -0.3146 -0.1842 0.0684 0.2205 -0.0826 -0.2982 -0.3304 -0.3062 -0.1267 0.0854 0.2343 -0.1256 -0.3048 -0.3314 -0.2967 -0.0700 0.1024 0.2363 -0.1599 -0.3110 -0.3309 -0.2860 -0.0217 0.1241 0.2074 -0.1990 -0.3182 -0.3276 -0.2656 0.0267 0.1749 0.0473 -0.2699 -0.3273 -0.3141 -0.1658 0.0797 0.2345 -0.1400 -0.3099 -0.3412 -0.3401 -0.3412 -0.3099 -0.1400 0.2345 0.0798 -0.1658 -0.3141 -0.3273 -0.2699 0.0473 0.1749 0.0267 -0.2656 -0.3276 -0.3182 -0.1990 0.2074 0.1241 -0.0217 -0.2860 -0.3309 -0.3110 -0.1599 0.2363 0.1024 -0.0700 -0.2967 -0.3314 -0.3048 -0.1256 0.2343 0.0854 -0.1267 -0.3062 -0.3304 -0.2982 -0.0826 0.2205 0.0684 -0.1842 -0.3146 -0.3281 -0.2864 -0.0196 0.2019 0.0501 -0.2297 -0.3213 -0.3252 -0.2002
-0.2696 -0.3184 -0.2080 0.0599 0.2120 -0.0559 -0.2949 -0.3294 -0.3105 -0.1552 0.0773 0.2286 -0.1065 -0.3017 -0.3310 -0.3014 -0.0961 0.0941 0.2374 -0.1440 -0.3081 -0.3314 -0.2915 -0.0449 0.1119 0.2292 -0.1761 -0.3139 -0.3302 -0.2812 -0.0056 0.1344 0.1840 -0.2116 -0.3200 -0.3264 -0.2591 0.0325 0.1832 0.0311 -0.2743 -0.3274 -0.3141 -0.1686 0.0780 0.2330 -0.1329 -0.3083 -0.3303 -0.2898 -0.1237 -0.2898 -0.3303 -0.3083 -0.1330 0.2330 0.0780 -0.1687 -0.3141 -0.3274 -0.2743 0.0311 0.1832 0.0325 -0.2591 -0.3264 -0.3200 -0.2116 0.1840 0.1344 -0.0056 -0.2812 -0.3302 -0.3139 -0.1761 0.2292 0.1119 -0.0449 -0.2915 -0.3314 -0.3081 -0.1440 0.2374 0.0941 -0.0961 -0.3014 -0.3310 -0.3017 -0.1065 0.2286 0.0773 -0.1552 -0.3105 -0.3294 -0.2949 -0.0559 0.2120 0.0599 -0.2080 -0.3184 -0.2696
-0.2764 -0.1808 0.0689 0.2212 -0.0846 -0.2985 -0.3304 -0.3059 -0.1244 0.0860 0.2346 -0.1269 -0.3051 -0.3314 -0.2963 -0.0679 0.1031 0.2361 -0.1611 -0.3112 -0.3310 -0.2863 -0.0235 0.1222 0.2137 -0.1922 -0.3167 -0.3290 -0.2749 0.0093 0.1472 0.1490 -0.2261 -0.3219 -0.3247 -0.2493 0.0397 0.1926 0.0072 -0.2829 -0.3279 -0.3133 -0.1658 0.0780 0.2324 -0.1291 -0.3073 -0.3309 -0.2850 -0.0032 0.0818 -0.0032 -0.2850 -0.3309 -0.3073 -0.1292 0.2324 0.0780 -0.1658 -0.3133 -0.3279 -0.2829 0.0072 0.1926 0.0397 -0.2493 -0.3247 -0.3219 -0.2261 0.1490 0.1472 0.0093 -0.2749 -0.3290 -0.3167 -0.1922 0.2137 0.1222 -0.0235 -0.2863 -0.3310 -0.3112 -0.1611 0.2361 0.1031 -0.0679 -0.2963 -0.3314 -0.3051 -0.1269 0.2346 0.0860 -0.1244 -0.3059 -0.3304 -0.2985 -0.0846 0.2212 0.0689 -0.1808 -0.2764
-0.1798 0.0796 0.2292 -0.1082 -0.3020 -0.3311 -0.3011 -0.0940 0.0948 0.2375 -0.1452 -0.3083 -0.3314 -0.2911 -0.0431 0.1126 0.2283 -0.1774 -0.3141 -0.3302 -0.2810 -0.0054 0.1339 0.1874 -0.2084 -0.3193 -0.3273 -0.2659 0.0227 0.1629 0.1023 -0.2423 -0.3239 -0.3224 -0.2357 0.0478 0.2007 -0.0206 -0.2907 -0.3286 -0.3117 -0.1569 0.0797 0.2330 -0.1291 -0.3070 -0.3312 -0.2869 -0.0137 0.1286 0.2192 0.1286 -0.0138 -0.2869 -0.3312 -0.3070 -0.1292 0.2330 0.0798 -0.1569 -0.3117 -0.3286 -0.2907 -0.0206 0.2007 0.0478 -0.2357 -0.3224 -0.3239 -0.2423 0.1023 0.1629 0.0227 -0.2659 -0.3273 -0.3193 -0.2084 0.1874 0.1339 -0.0054 -0.2810 -0.3302 -0.3141 -0.1774 0.2283 0.1126 -0.0431 -0.2911 -0.3314 -0.3083 -0.1452 0.2375 0.0948 -0.0940 -0.3011 -0.3311 -0.3020 -0.1082 0.2292 0.0796 -0.1798
0.0773 0.2349 -0.1284 -0.3053 -0.3314 -0.2959 -0.0660 0.1038 0.2357 -0.1622 -0.3114 -0.3309 -0.2859 -0.0220 0.1230 0.2121 -0.1935 -0.3169 -0.3289 -0.2744 0.0101 0.1477 0.1489 -0.2252 -0.3217 -0.3252 -0.2538 0.0347 0.1817 0.0490 -0.2606 -0.3257 -0.3195 -0.2178 0.0562 0.2089 -0.0487 -0.2945 -0.3294 -0.3093 -0.1425 0.0831 0.2345 -0.1329 -0.3073 -0.3312 -0.2875 -0.0189 0.1318 0.1806 -0.1389 0.1806 0.1319 -0.0189 -0.2875 -0.3312 -0.3073 -0.1330 0.2345 0.0831 -0.1424 -0.3093 -0.3294 -0.2945 -0.0487 0.2089 0.0562 -0.2178 -0.3195 -0.3257 -0.2606 0.0490 0.1817 0.0347 -0.2538 -0.3252 -0.3217 -0.2252 0.1489 0.1477 0.0101 -0.2744 -0.3289 -0.3169 -0.1935 0.2120 0.1230 -0.0220 -0.2859 -0.3309 -0.3114 -0.1622 0.2357 0.1038 -0.0660 -0.2959 -0.3314 -0.3053 -0.1284 0.2349 0.0773
0.2236 -0.1466 -0.3085 -0.3314 -0.2907 -0.0414 0.1134 0.2275 -0.1785 -0.3143 -0.3301 -0.2805 -0.0041 0.1349 0.1849 -0.2098 -0.3195 -0.3272 -0.2652 0.0236 0.1640 0.0993 -0.2429 -0.3239 -0.3226 -0.2379 0.0456 0.1974 -0.0007 -0.2808 -0.3274 -0.3162 -0.1954 0.0648 0.2174 -0.0746 -0.2974 -0.3302 -0.3062 -0.1230 0.0880 0.2364 -0.1399 -0.3083 -0.3311 -0.2870 -0.0190 0.1306 0.1759 -0.2212 -0.3085 -0.2213 0.1756 0.1308 -0.0189 -0.2869 -0.3309 -0.3083 -0.1400 0.2364 0.0881 -0.1228 -0.3060 -0.3301 -0.2974 -0.0749 0.2175 0.0649 -0.1953 -0.3159 -0.3273 -0.2808 -0.0010 0.1974 0.0457 -0.2379 -0.3224 -0.3238 -0.2429 0.0990 0.1643 0.0236 -0.2652 -0.3270 -0.3194 -0.2098 0.1847 0.1350 -0.0040 -0.2805 -0.3299 -0.3143 -0.1786 0.2274 0.1134 -0.0414 -0.2906 -0.3312 -0.3085 -0.1467 0.2236
-0.1404 -0.3120 -0.3309 -0.2855 -0.0206 0.1238 0.2105 -0.1946 -0.3171 -0.3288 -0.2738 0.0113 0.1489 0.1454 -0.2266 -0.3219 -0.3251 -0.2527 0.0356 0.1828 0.0452 -0.2619 -0.3259 -0.3195 -0.2180 0.0557 0.2076 -0.0411 -0.2933 -0.3289 -0.3123 -0.1683 0.0734 0.2254 -0.0976 -0.3005 -0.3309 -0.3024 -0.0999 0.0941 0.2375 -0.1495 -0.3097 -0.3310 -0.2855 -0.0152 0.1317 0.1780 -0.2219 -0.3264 -0.3467 -0.3266 -0.2228 0.1756 0.1319 -0.0138 -0.2850 -0.3303 -0.3099 -0.1506 0.2374 0.0945 -0.0972 -0.3014 -0.3304 -0.3007 -0.0993 0.2259 0.0740 -0.1659 -0.3113 -0.3286 -0.2935 -0.0429 0.2081 0.0562 -0.2163 -0.3186 -0.3257 -0.2626 0.0423 0.1826 0.0363 -0.2516 -0.3241 -0.3218 -0.2272 0.1428 0.1486 0.0122 -0.2731 -0.3280 -0.3171 -0.1953 0.2091 0.1239 -0.0192 -0.2850 -0.3302 -0.3121 -0.1408
-0.2536 -0.3304 -0.2800 -0.0029 0.1358 0.1824 -0.2109 -0.3197 -0.3270 -0.2643 0.0246 0.1655 0.0951 -0.2444 -0.3241 -0.3224 -0.2366 0.0464 0.1981 -0.0040 -0.2817 -0.3276 -0.3160 -0.1939 0.0651 0.2173 -0.0728 -0.2969 -0.3300 -0.3080 -0.1380 0.0822 0.2323 -0.1184 -0.3037 -0.3313 -0.2980 -0.0757 0.1012 0.2365 -0.1611 -0.3116 -0.3306 -0.2833 -0.0086 0.1353 0.1713 -0.2228 -0.3220 -0.3331 -0.3194 -0.3503 -0.3266 -0.2213 0.1806 0.1286 -0.0032 -0.2898 -0.3412 -0.3142 -0.1585 0.2383 0.0988 -0.0660 -0.3111 -0.3402 -0.3053 -0.1142 0.2234 0.0812 -0.1269 -0.3227 -0.3375 -0.2978 -0.0652 0.2013 0.0653 -0.1839 -0.3309 -0.3337 -0.2809 0.0086 0.1789 0.0478 -0.2293 -0.3365 -0.3291 -0.2422 0.1108 0.1507 0.0272 -0.2621 -0.3400 -0.3236 -0.2086 0.1925 0.1281 0.0014 -0.2847 -0.3419 -0.2541
-0.2820 -0.2733 0.0122 0.1501 0.1419 -0.2278 -0.3220 -0.3247 -0.2516 0.0365 0.1840 0.0410 -0.2635 -0.3260 -0.3192 -0.2164 0.0564 0.2084 -0.0437 -0.2936 -0.3289 -0.3119 -0.1660 0.0741 0.2259 -0.0984 -0.3004 -0.3308 -0.3031 -0.1071 0.0910 0.2367 -0.1375 -0.3069 -0.3313 -0.2931 -0.0523 0.1094 0.2312 -0.1741 -0.3138 -0.3299 -0.2800 0.0003 0.1416 0.1560 -0.2277 -0.3225 -0.3180 -0.2098 -0.0620 -0.3200 -0.3470 -0.3085 -0.1389 0.2192 0.0818 -0.1237 -0.3401 -0.3404 -0.2937 -0.0375 0.1922 0.0572 -0.2137 -0.3476 -0.3339 -0.2718 0.0720 0.1643 0.0387 -0.2632 -0.3503 -0.3277 -0.2484 0.1643 0.1404 0.0179 -0.2946 -0.3507 -0.3210 -0.2244 0.2125 0.1198 -0.0094 -0.3138 -0.3495 -0.3139 -0.1780 0.2259 0.1017 -0.0481 -0.3274 -0.3469 -0.3063 -0.1331 0.2199 0.0848 -0.1024 -0.3378 -0.2846
