0.3802 0.4829 0.4043 0.2043 0.1904 0.2436 0.3425 0.4681 0.4512 0.2684 0.1836 0.2188 0.3009 0.4259 0.4759 0.3540 0.1887 0.2001 0.2652 0.3756 0.4807 0.4206 0.2166 0.1873 0.2358 0.3300 0.4584 0.4603 0.2937 0.1837 0.2128 0.2899 0.4113 0.4794 0.3757 0.1932 0.1958 0.2561 0.3619 0.4775 0.4344 0.2343 0.1851 0.2286 0.3179 0.4463 0.4677 0.3189 0.1849 0.2043 0.2373 0.2043 0.1849 0.3189 0.4677 0.4463 0.3179 0.2286 0.1851 0.2343 0.4344 0.4775 0.3619 0.2561 0.1958 0.1932 0.3757 0.4794 0.4113 0.2899 0.2128 0.1837 0.2937 0.4603 0.4584 0.3300 0.2358 0.1873 0.2166 0.4206 0.4807 0.3756 0.2652 0.2001 0.1887 0.3540 0.4759 0.4259 0.3009 0.2188 0.1836 0.2684 0.4512 0.4681 0.3425 0.2436 0.1904 0.2043 0.4043 0.4829 0.3802
0.4829 0.3994 0.1835 0.1639 0.2273 0.3387 0.4723 0.4501 0.2653 0.1558 0.1983 0.2917 0.4296 0.4755 0.3548 0.1636 0.1759 0.2514 0.3750 0.4826 0.4204 0.2029 0.1597 0.2180 0.3244 0.4630 0.4592 0.2927 0.1563 0.1912 0.2794 0.4140 0.4796 0.3766 0.1699 0.1705 0.2411 0.3600 0.4804 0.4338 0.2259 0.1572 0.2096 0.3108 0.4509 0.4669 0.3191 0.1582 0.1851 0.2651 0.3353 0.2651 0.1851 0.1582 0.3191 0.4669 0.4509 0.3108 0.2096 0.1572 0.2259 0.4338 0.4804 0.3600 0.2411 0.1705 0.1699 0.3766 0.4796 0.4140 0.2794 0.1912 0.1563 0.2927 0.4592 0.4630 0.3244 0.2180 0.1597 0.2029 0.4204 0.4826 0.3750 0.2514 0.1759 0.1636 0.3548 0.4755 0.4296 0.2917 0.1983 0.1558 0.2653 0.4501 0.4723 0.3387 0.2273 0.1639 0.1835 0.3994 0.4829
0.4043 0.1835 0.1627 0.2231 0.3303 0.4659 0.4557 0.2829 0.1558 0.1932 0.2828 0.4179 0.4777 0.3696 0.1674 0.1720 0.2439 0.3638 0.4803 0.4296 0.2177 0.1577 0.2119 0.3144 0.4537 0.4641 0.3105 0.1572 0.1864 0.2708 0.4020 0.4806 0.3900 0.1757 0.1670 0.2340 0.3490 0.4762 0.4415 0.2434 0.1561 0.2039 0.3012 0.4402 0.4706 0.3358 0.1600 0.1803 0.2602 0.3882 0.4654 0.3882 0.2602 0.1803 0.1600 0.3358 0.4706 0.4402 0.3012 0.2039 0.1561 0.2434 0.4415 0.4762 0.3490 0.2340 0.1670 0.1757 0.3900 0.4806 0.4020 0.2708 0.1864 0.1572 0.3105 0.4641 0.4537 0.3144 0.2119 0.1577 0.2177 0.4296 0.4803 0.3638 0.2439 0.1720 0.1674 0.3696 0.4777 0.4179 0.2828 0.1932 0.1558 0.2829 0.4557 0.4659 0.3303 0.2231 0.1627 0.1835 0.4043
0.2043 0.1639 0.2231 0.3274 0.4622 0.4598 0.2978 0.1565 0.1890 0.2751 0.4076 0.4798 0.3834 0.1726 0.1686 0.2373 0.3540 0.4780 0.4378 0.2345 0.1565 0.2065 0.3056 0.4450 0.4686 0.3276 0.1590 0.1823 0.2633 0.3916 0.4817 0.4023 0.1834 0.1639 0.2277 0.3395 0.4721 0.4486 0.2616 0.1557 0.1989 0.2928 0.4304 0.4742 0.3516 0.1628 0.1764 0.2524 0.3768 0.4800 0.4548 0.4800 0.3768 0.2524 0.1764 0.1628 0.3516 0.4742 0.4304 0.2928 0.1989 0.1557 0.2616 0.4486 0.4721 0.3395 0.2277 0.1639 0.1834 0.4023 0.4817 0.3916 0.2633 0.1823 0.1590 0.3276 0.4686 0.4450 0.3056 0.2065 0.1565 0.2345 0.4378 0.4780 0.3540 0.2373 0.1686 0.1726 0.3834 0.4798 0.4076 0.2751 0.1890 0.1565 0.2978 0.4598 0.4622 0.3274 0.2231 0.1639 0.2043
0.1904 0.2273 0.3303 0.4622 0.4613 0.3067 0.1573 0.1857 0.2685 0.3980 0.4812 0.3959 0.1792 0.1655 0.2308 0.3443 0.4744 0.4451 0.2524 0.1558 0.2014 0.2969 0.4354 0.4725 0.3439 0.1613 0.1783 0.2559 0.3812 0.4820 0.4133 0.1937 0.1611 0.2217 0.3300 0.4664 0.4549 0.2799 0.1558 0.1941 0.2845 0.4201 0.4772 0.3665 0.1665 0.1728 0.2453 0.3660 0.4807 0.4253 0.3166 0.4253 0.4807 0.3660 0.2453 0.1728 0.1665 0.3665 0.4772 0.4201 0.2845 0.1941 0.1558 0.2799 0.4549 0.4664 0.3300 0.2217 0.1611 0.1937 0.4133 0.4820 0.3812 0.2559 0.1783 0.1613 0.3439 0.4725 0.4354 0.2969 0.2014 0.1558 0.2524 0.4451 0.4744 0.3443 0.2308 0.1655 0.1792 0.3959 0.4812 0.3980 0.2685 0.1857 0.1573 0.3067 0.4613 0.4622 0.3303 0.2273 0.1904
0.2436 0.3387 0.4659 0.4598 0.3067 0.1577 0.1838 0.2638 0.3902 0.4819 0.4064 0.1874 0.1626 0.2248 0.3348 0.4694 0.4518 0.2707 0.1556 0.1965 0.2886 0.4253 0.4758 0.3592 0.1645 0.1746 0.2488 0.3710 0.4814 0.4232 0.2068 0.1589 0.2159 0.3208 0.4595 0.4605 0.2980 0.1564 0.1896 0.2764 0.4097 0.4794 0.3806 0.1713 0.1693 0.2386 0.3560 0.4786 0.4355 0.2341 0.1513 0.2341 0.4355 0.4786 0.3560 0.2386 0.1693 0.1713 0.3806 0.4794 0.4097 0.2764 0.1896 0.1564 0.2980 0.4605 0.4595 0.3208 0.2159 0.1589 0.2068 0.4232 0.4814 0.3710 0.2488 0.1746 0.1645 0.3592 0.4758 0.4253 0.2886 0.1965 0.1556 0.2707 0.4518 0.4694 0.3348 0.2248 0.1626 0.1874 0.4064 0.4819 0.3902 0.2638 0.1838 0.1577 0.3067 0.4598 0.4659 0.3387 0.2436
0.3425 0.4723 0.4557 0.2978 0.1573 0.1838 0.2621 0.3856 0.4821 0.4140 0.1963 0.1604 0.2194 0.3260 0.4633 0.4577 0.2888 0.1560 0.1918 0.2804 0.4149 0.4784 0.3737 0.1688 0.1710 0.2420 0.3610 0.4798 0.4320 0.2224 0.1573 0.2103 0.3118 0.4514 0.4655 0.3156 0.1577 0.1852 0.2687 0.3991 0.4810 0.3936 0.1777 0.1661 0.2322 0.3463 0.4752 0.4437 0.2477 0.1538 0.1697 0.1538 0.2477 0.4437 0.4752 0.3463 0.2322 0.1661 0.1777 0.3936 0.4810 0.3991 0.2687 0.1852 0.1577 0.3156 0.4655 0.4514 0.3118 0.2103 0.1573 0.2224 0.4320 0.4798 0.3610 0.2420 0.1710 0.1688 0.3737 0.4784 0.4149 0.2804 0.1918 0.1560 0.2888 0.4577 0.4633 0.3260 0.2194 0.1604 0.1963 0.4140 0.4821 0.3856 0.2621 0.1838 0.1573 0.2978 0.4557 0.4723 0.3425
0.4681 0.4501 0.2829 0.1565 0.1857 0.2638 0.3856 0.4820 0.4181 0.2036 0.1590 0.2151 0.3184 0.4567 0.4626 0.3059 0.1569 0.1874 0.2726 0.4043 0.4803 0.3873 0.1743 0.1677 0.2354 0.3512 0.4771 0.4400 0.2396 0.1562 0.2050 0.3031 0.4423 0.4698 0.3324 0.1596 0.1811 0.2611 0.3886 0.4819 0.4056 0.1861 0.1631 0.2259 0.3367 0.4706 0.4505 0.2668 0.1558 0.1943 0.2371 0.1943 0.1558 0.2668 0.4505 0.4706 0.3367 0.2259 0.1631 0.1861 0.4056 0.4819 0.3886 0.2611 0.1811 0.1596 0.3324 0.4698 0.4423 0.3031 0.2050 0.1562 0.2396 0.4400 0.4771 0.3512 0.2354 0.1677 0.1743 0.3873 0.4803 0.4043 0.2726 0.1874 0.1569 0.3059 0.4626 0.4567 0.3184 0.2151 0.1590 0.2036 0.4181 0.4820 0.3856 0.2638 0.1857 0.1565 0.2829 0.4501 0.4681
0.4512 0.2653 0.1558 0.1890 0.2685 0.3902 0.4821 0.4181 0.2064 0.1583 0.2121 0.3125 0.4504 0.4666 0.3211 0.1583 0.1834 0.2651 0.3940 0.4815 0.3998 0.1816 0.1645 0.2290 0.3415 0.4731 0.4471 0.2576 0.1557 0.2000 0.2945 0.4325 0.4735 0.3484 0.1622 0.1772 0.2539 0.3783 0.4819 0.4162 0.1972 0.1604 0.2200 0.3274 0.4646 0.4566 0.2852 0.1559 0.1933 0.2801 0.3537 0.2801 0.1933 0.1559 0.2852 0.4566 0.4646 0.3274 0.2200 0.1604 0.1972 0.4162 0.4819 0.3783 0.2539 0.1772 0.1622 0.3484 0.4735 0.4325 0.2945 0.2000 0.1557 0.2576 0.4471 0.4731 0.3415 0.2290 0.1645 0.1816 0.3998 0.4815 0.3940 0.2651 0.1834 0.1583 0.3211 0.4666 0.4504 0.3125 0.2121 0.1583 0.2064 0.4181 0.4821 0.3902 0.2685 0.1890 0.1558 0.2653 0.4512
0.2684 0.1558 0.1932 0.2751 0.3980 0.4819 0.4140 0.2036 0.1583 0.2111 0.3093 0.4458 0.4693 0.3332 0.1600 0.1800 0.2584 0.3842 0.4820 0.4109 0.1913 0.1617 0.2229 0.3321 0.4678 0.4536 0.2760 0.1557 0.1951 0.2862 0.4223 0.4766 0.3635 0.1656 0.1735 0.2468 0.3681 0.4810 0.4258 0.2111 0.1584 0.2142 0.3182 0.4573 0.4620 0.3031 0.1567 0.1884 0.2749 0.4089 0.4737 0.4089 0.2749 0.1884 0.1567 0.3031 0.4620 0.4573 0.3182 0.2142 0.1584 0.2111 0.4258 0.4810 0.3681 0.2468 0.1735 0.1656 0.3635 0.4766 0.4223 0.2862 0.1951 0.1557 0.2760 0.4536 0.4678 0.3321 0.2229 0.1617 0.1913 0.4109 0.4820 0.3842 0.2584 0.1800 0.1600 0.3332 0.4693 0.4458 0.3093 0.2111 0.1583 0.2036 0.4140 0.4819 0.3980 0.2751 0.1932 0.1558 0.2684
0.1836 0.1983 0.2828 0.4076 0.4812 0.4064 0.1963 0.1590 0.2121 0.3093 0.4441 0.4707 0.3413 0.1616 0.1772 0.2527 0.3755 0.4817 0.4203 0.2032 0.1594 0.2172 0.3228 0.4611 0.4593 0.2941 0.1562 0.1905 0.2781 0.4119 0.4790 0.3777 0.1702 0.1700 0.2401 0.3581 0.4791 0.4344 0.2272 0.1569 0.2088 0.3093 0.4488 0.4668 0.3205 0.1582 0.1840 0.2665 0.3968 0.4791 0.4435 0.4791 0.3968 0.2665 0.1840 0.1582 0.3205 0.4668 0.4488 0.3093 0.2088 0.1569 0.2272 0.4344 0.4791 0.3581 0.2401 0.1700 0.1702 0.3777 0.4790 0.4119 0.2781 0.1905 0.1562 0.2941 0.4593 0.4611 0.3228 0.2172 0.1594 0.2032 0.4203 0.4817 0.3755 0.2527 0.1772 0.1616 0.3413 0.4707 0.4441 0.3093 0.2121 0.1590 0.1963 0.4064 0.4812 0.4076 0.2828 0.1983 0.1836
0.2188 0.2917 0.4179 0.4798 0.3959 0.1874 0.1604 0.2151 0.3125 0.4458 0.4707 0.3441 0.1626 0.1754 0.2485 0.3684 0.4809 0.4281 0.2162 0.1578 0.2118 0.3140 0.4533 0.4644 0.3118 0.1573 0.1861 0.2703 0.4013 0.4808 0.3910 0.1762 0.1668 0.2335 0.3484 0.4761 0.4421 0.2447 0.1560 0.2035 0.3006 0.4396 0.4709 0.3371 0.1602 0.1800 0.2590 0.3856 0.4818 0.4074 0.2837 0.4074 0.4818 0.3856 0.2590 0.1800 0.1602 0.3371 0.4709 0.4396 0.3006 0.2035 0.1560 0.2447 0.4421 0.4761 0.3484 0.2335 0.1668 0.1762 0.3910 0.4808 0.4013 0.2703 0.1861 0.1573 0.3118 0.4644 0.4533 0.3140 0.2118 0.1578 0.2162 0.4281 0.4809 0.3684 0.2485 0.1754 0.1626 0.3441 0.4707 0.4458 0.3125 0.2151 0.1604 0.1874 0.3959 0.4798 0.4179 0.2917 0.2188
0.3009 0.4296 0.4777 0.3834 0.1792 0.1626 0.2194 0.3184 0.4504 0.4693 0.3413 0.1626 0.1748 0.2463 0.3637 0.4798 0.4339 0.2287 0.1567 0.2072 0.3060 0.4450 0.4688 0.3285 0.1591 0.1820 0.2627 0.3908 0.4818 0.4032 0.1842 0.1637 0.2273 0.3388 0.4717 0.4491 0.2629 0.1556 0.1985 0.2921 0.4296 0.4745 0.3528 0.1631 0.1761 0.2518 0.3753 0.4818 0.4185 0.2031 0.1482 0.2031 0.4185 0.4818 0.3753 0.2518 0.1761 0.1631 0.3528 0.4745 0.4296 0.2921 0.1985 0.1556 0.2629 0.4491 0.4717 0.3388 0.2273 0.1637 0.1842 0.4032 0.4818 0.3908 0.2627 0.1820 0.1591 0.3285 0.4688 0.4450 0.3060 0.2072 0.1567 0.2287 0.4339 0.4798 0.3637 0.2463 0.1748 0.1626 0.3413 0.4693 0.4504 0.3184 0.2194 0.1626 0.1792 0.3834 0.4777 0.4296 0.3009
0.4259 0.4755 0.3696 0.1726 0.1655 0.2248 0.3260 0.4567 0.4666 0.3332 0.1616 0.1754 0.2463 0.3620 0.4791 0.4375 0.2387 0.1561 0.2033 0.2990 0.4367 0.4723 0.3436 0.1614 0.1781 0.2555 0.3805 0.4820 0.4141 0.1947 0.1610 0.2212 0.3294 0.4660 0.4553 0.2812 0.1558 0.1938 0.2838 0.4193 0.4774 0.3677 0.1668 0.1725 0.2449 0.3652 0.4806 0.4284 0.2149 0.1556 0.1769 0.1556 0.2149 0.4284 0.4806 0.3652 0.2449 0.1725 0.1668 0.3677 0.4774 0.4193 0.2838 0.1938 0.1558 0.2812 0.4553 0.4660 0.3294 0.2212 0.1610 0.1947 0.4141 0.4820 0.3805 0.2555 0.1781 0.1614 0.3436 0.4723 0.4367 0.2990 0.2033 0.1561 0.2387 0.4375 0.4791 0.3620 0.2463 0.1754 0.1616 0.3332 0.4666 0.4567 0.3260 0.2248 0.1655 0.1726 0.3696 0.4755 0.4259
0.4759 0.3548 0.1674 0.1686 0.2308 0.3348 0.4633 0.4626 0.3211 0.1600 0.1772 0.2485 0.3637 0.4791 0.4387 0.2441 0.1558 0.2005 0.2934 0.4293 0.4750 0.3568 0.1642 0.1747 0.2487 0.3706 0.4813 0.4238 0.2080 0.1588 0.2155 0.3202 0.4589 0.4609 0.2993 0.1565 0.1892 0.2758 0.4088 0.4796 0.3816 0.1718 0.1691 0.2381 0.3553 0.4784 0.4367 0.2320 0.1569 0.2040 0.2510 0.2040 0.1569 0.2320 0.4367 0.4784 0.3553 0.2381 0.1691 0.1718 0.3816 0.4796 0.4088 0.2758 0.1892 0.1565 0.2993 0.4609 0.4589 0.3202 0.2155 0.1588 0.2080 0.4238 0.4813 0.3706 0.2487 0.1747 0.1642 0.3568 0.4750 0.4293 0.2934 0.2005 0.1558 0.2441 0.4387 0.4791 0.3637 0.2485 0.1772 0.1600 0.3211 0.4626 0.4633 0.3348 0.2308 0.1686 0.1674 0.3548 0.4759
0.3540 0.1636 0.1720 0.2373 0.3443 0.4694 0.4577 0.3059 0.1583 0.1800 0.2527 0.3684 0.4798 0.4375 0.2441 0.1558 0.1990 0.2898 0.4237 0.4769 0.3675 0.1674 0.1717 0.2427 0.3614 0.4798 0.4323 0.2233 0.1572 0.2100 0.3112 0.4507 0.4658 0.3168 0.1578 0.1849 0.2681 0.3983 0.4811 0.3946 0.1783 0.1659 0.2317 0.3456 0.4749 0.4442 0.2499 0.1559 0.2026 0.2967 0.3747 0.2967 0.2026 0.1559 0.2499 0.4442 0.4749 0.3456 0.2317 0.1659 0.1783 0.3946 0.4811 0.3983 0.2681 0.1849 0.1578 0.3168 0.4658 0.4507 0.3112 0.2100 0.1572 0.2233 0.4323 0.4798 0.3614 0.2427 0.1717 0.1674 0.3675 0.4769 0.4237 0.2898 0.1990 0.1558 0.2441 0.4375 0.4798 0.3684 0.2527 0.1800 0.1583 0.3059 0.4577 0.4694 0.3443 0.2373 0.1720 0.1636 0.3540
0.1887 0.1759 0.2439 0.3540 0.4744 0.4518 0.2888 0.1569 0.1834 0.2584 0.3755 0.4809 0.4339 0.2387 0.1558 0.1990 0.2886 0.4207 0.4780 0.3751 0.1705 0.1693 0.2375 0.3531 0.4775 0.4395 0.2394 0.1562 0.2048 0.3025 0.4416 0.4701 0.3336 0.1597 0.1808 0.2606 0.3878 0.4819 0.4065 0.1869 0.1629 0.2255 0.3360 0.4702 0.4509 0.2682 0.1556 0.1972 0.2904 0.4288 0.4772 0.4288 0.2904 0.1972 0.1556 0.2682 0.4509 0.4702 0.3360 0.2255 0.1629 0.1869 0.4065 0.4819 0.3878 0.2606 0.1808 0.1597 0.3336 0.4701 0.4416 0.3025 0.2048 0.1562 0.2394 0.4395 0.4775 0.3531 0.2375 0.1693 0.1705 0.3751 0.4780 0.4207 0.2886 0.1990 0.1558 0.2387 0.4339 0.4809 0.3755 0.2584 0.1834 0.1569 0.2888 0.4518 0.4744 0.3540 0.2439 0.1759 0.1887
0.2001 0.2514 0.3638 0.4780 0.4451 0.2707 0.1560 0.1874 0.2651 0.3842 0.4817 0.4281 0.2287 0.1561 0.2005 0.2898 0.4207 0.4783 0.3790 0.1728 0.1675 0.2335 0.3463 0.4746 0.4456 0.2550 0.1557 0.2000 0.2943 0.4320 0.4737 0.3495 0.1624 0.1769 0.2533 0.3775 0.4819 0.4170 0.1982 0.1603 0.2196 0.3267 0.4641 0.4570 0.2865 0.1559 0.1925 0.2816 0.4170 0.4754 0.4296 0.4754 0.4170 0.2816 0.1925 0.1559 0.2865 0.4570 0.4641 0.3267 0.2196 0.1603 0.1982 0.4170 0.4819 0.3775 0.2533 0.1769 0.1624 0.3495 0.4737 0.4320 0.2943 0.2000 0.1557 0.2550 0.4456 0.4746 0.3463 0.2335 0.1675 0.1728 0.3790 0.4783 0.4207 0.2898 0.2005 0.1561 0.2287 0.4281 0.4817 0.3842 0.2651 0.1874 0.1560 0.2707 0.4451 0.4780 0.3638 0.2514 0.2001
0.2652 0.3750 0.4803 0.4378 0.2524 0.1556 0.1918 0.2726 0.3940 0.4820 0.4203 0.2162 0.1567 0.2033 0.2934 0.4237 0.4780 0.3790 0.1736 0.1667 0.2309 0.3413 0.4718 0.4503 0.2690 0.1556 0.1959 0.2869 0.4226 0.4766 0.3641 0.1659 0.1733 0.2463 0.3673 0.4809 0.4265 0.2123 0.1583 0.2139 0.3176 0.4567 0.4624 0.3044 0.1568 0.1880 0.2736 0.4058 0.4798 0.3858 0.2488 0.3858 0.4798 0.4058 0.2736 0.1880 0.1568 0.3044 0.4624 0.4567 0.3176 0.2139 0.1583 0.2123 0.4265 0.4809 0.3673 0.2463 0.1733 0.1659 0.3641 0.4766 0.4226 0.2869 0.1959 0.1556 0.2690 0.4503 0.4718 0.3413 0.2309 0.1667 0.1736 0.3790 0.4780 0.4237 0.2934 0.2033 0.1567 0.2162 0.4203 0.4820 0.3940 0.2726 0.1918 0.1556 0.2524 0.4378 0.4803 0.3750 0.2652
0.3756 0.4826 0.4296 0.2345 0.1558 0.1965 0.2804 0.4043 0.4815 0.4109 0.2032 0.1578 0.2072 0.2990 0.4293 0.4769 0.3751 0.1728 0.1667 0.2301 0.3388 0.4697 0.4535 0.2802 0.1559 0.1924 0.2804 0.4137 0.4788 0.3772 0.1702 0.1700 0.2397 0.3574 0.4789 0.4350 0.2285 0.1569 0.2084 0.3086 0.4482 0.4671 0.3217 0.1583 0.1837 0.2659 0.3953 0.4815 0.3976 0.1810 0.1481 0.1810 0.3976 0.4815 0.3953 0.2659 0.1837 0.1583 0.3217 0.4671 0.4482 0.3086 0.2084 0.1569 0.2285 0.4350 0.4789 0.3574 0.2397 0.1700 0.1702 0.3772 0.4788 0.4137 0.2804 0.1924 0.1559 0.2802 0.4535 0.4697 0.3388 0.2301 0.1667 0.1728 0.3751 0.4769 0.4293 0.2990 0.2072 0.1578 0.2032 0.4109 0.4815 0.4043 0.2804 0.1965 0.1558 0.2345 0.4296 0.4826 0.3756
0.4807 0.4204 0.2177 0.1565 0.2014 0.2886 0.4149 0.4803 0.3998 0.1913 0.1594 0.2118 0.3060 0.4367 0.4750 0.3675 0.1705 0.1675 0.2309 0.3388 0.4689 0.4551 0.2873 0.1562 0.1897 0.2750 0.4058 0.4803 0.3885 0.1754 0.1670 0.2336 0.3481 0.4758 0.4426 0.2461 0.1560 0.2032 0.3000 0.4388 0.4712 0.3382 0.1604 0.1797 0.2584 0.3848 0.4820 0.4096 0.1895 0.1594 0.1850 0.1594 0.1895 0.4096 0.4820 0.3848 0.2584 0.1797 0.1604 0.3382 0.4712 0.4388 0.3000 0.2032 0.1560 0.2461 0.4426 0.4758 0.3481 0.2336 0.1670 0.1754 0.3885 0.4803 0.4058 0.2750 0.1897 0.1562 0.2873 0.4551 0.4689 0.3388 0.2309 0.1675 0.1705 0.3675 0.4750 0.4367 0.3060 0.2118 0.1594 0.1913 0.3998 0.4803 0.4149 0.2886 0.2014 0.1565 0.2177 0.4204 0.4807
0.4206 0.2029 0.1577 0.2065 0.2969 0.4253 0.4784 0.3873 0.1816 0.1617 0.2172 0.3140 0.4450 0.4723 0.3568 0.1674 0.1693 0.2335 0.3413 0.4697 0.4551 0.2897 0.1564 0.1880 0.2711 0.3996 0.4812 0.3978 0.1814 0.1643 0.2281 0.3393 0.4717 0.4493 0.2640 0.1556 0.1982 0.2915 0.4289 0.4747 0.3539 0.1633 0.1758 0.2512 0.3745 0.4817 0.4199 0.2020 0.1600 0.2146 0.2659 0.2146 0.1600 0.2020 0.4199 0.4817 0.3745 0.2512 0.1758 0.1633 0.3539 0.4747 0.4289 0.2915 0.1982 0.1556 0.2640 0.4493 0.4717 0.3393 0.2281 0.1643 0.1814 0.3978 0.4812 0.3996 0.2711 0.1880 0.1564 0.2897 0.4551 0.4697 0.3413 0.2335 0.1693 0.1674 0.3568 0.4723 0.4450 0.3140 0.2172 0.1617 0.1816 0.3873 0.4784 0.4253 0.2969 0.2065 0.1577 0.2029 0.4206
0.2166 0.1597 0.2119 0.3056 0.4354 0.4758 0.3737 0.1743 0.1645 0.2229 0.3228 0.4533 0.4688 0.3436 0.1642 0.1717 0.2375 0.3463 0.4718 0.4535 0.2873 0.1564 0.1875 0.2692 0.3956 0.4817 0.4046 0.1875 0.1622 0.2232 0.3314 0.4668 0.4549 0.2810 0.1558 0.1936 0.2833 0.4186 0.4775 0.3687 0.1671 0.1722 0.2443 0.3644 0.4805 0.4291 0.2168 0.1579 0.2128 0.3142 0.3961 0.3142 0.2128 0.1579 0.2168 0.4291 0.4805 0.3644 0.2443 0.1722 0.1671 0.3687 0.4775 0.4186 0.2833 0.1936 0.1558 0.2810 0.4549 0.4668 0.3314 0.2232 0.1622 0.1875 0.4046 0.4817 0.3956 0.2692 0.1875 0.1564 0.2873 0.4535 0.4718 0.3463 0.2375 0.1717 0.1642 0.3436 0.4688 0.4533 0.3228 0.2229 0.1645 0.1743 0.3737 0.4758 0.4354 0.3056 0.2119 0.1597 0.2166
0.1873 0.2180 0.3144 0.4450 0.4725 0.3592 0.1688 0.1677 0.2290 0.3321 0.4611 0.4644 0.3285 0.1614 0.1747 0.2427 0.3531 0.4746 0.4503 0.2802 0.1562 0.1880 0.2692 0.3942 0.4818 0.4088 0.1926 0.1607 0.2194 0.3247 0.4615 0.4596 0.2966 0.1564 0.1894 0.2757 0.4083 0.4797 0.3825 0.1722 0.1688 0.2376 0.3545 0.4781 0.4373 0.2335 0.1565 0.2069 0.3068 0.4471 0.4773 0.4471 0.3068 0.2069 0.1565 0.2335 0.4373 0.4781 0.3545 0.2376 0.1688 0.1722 0.3825 0.4797 0.4083 0.2757 0.1894 0.1564 0.2966 0.4596 0.4615 0.3247 0.2194 0.1607 0.1926 0.4088 0.4818 0.3942 0.2692 0.1880 0.1562 0.2802 0.4503 0.4746 0.3531 0.2427 0.1747 0.1614 0.3285 0.4644 0.4611 0.3321 0.2290 0.1677 0.1688 0.3592 0.4725 0.4450 0.3144 0.2180 0.1873
0.2358 0.3244 0.4537 0.4686 0.3439 0.1645 0.1710 0.2354 0.3415 0.4678 0.4593 0.3118 0.1591 0.1781 0.2487 0.3614 0.4775 0.4456 0.2690 0.1559 0.1897 0.2711 0.3956 0.4818 0.4102 0.1955 0.1599 0.2167 0.3196 0.4566 0.4633 0.3103 0.1574 0.1856 0.2688 0.3986 0.4811 0.3950 0.1786 0.1656 0.2312 0.3448 0.4746 0.4447 0.2513 0.1558 0.2017 0.2975 0.4367 0.4694 0.4129 0.4694 0.4367 0.2975 0.2017 0.1558 0.2513 0.4447 0.4746 0.3448 0.2312 0.1656 0.1786 0.3950 0.4811 0.3986 0.2688 0.1856 0.1574 0.3103 0.4633 0.4566 0.3196 0.2167 0.1599 0.1955 0.4102 0.4818 0.3956 0.2711 0.1897 0.1559 0.2690 0.4456 0.4775 0.3614 0.2487 0.1781 0.1591 0.3118 0.4593 0.4678 0.3415 0.2354 0.1710 0.1645 0.3439 0.4686 0.4537 0.3244 0.2358
0.3300 0.4630 0.4641 0.3276 0.1613 0.1746 0.2420 0.3512 0.4731 0.4536 0.2941 0.1573 0.1820 0.2555 0.3706 0.4798 0.4395 0.2550 0.1556 0.1924 0.2750 0.3996 0.4817 0.4088 0.1955 0.1596 0.2153 0.3164 0.4528 0.4660 0.3213 0.1586 0.1825 0.2626 0.3896 0.4819 0.4059 0.1868 0.1628 0.2252 0.3354 0.4698 0.4514 0.2696 0.1556 0.1968 0.2891 0.4260 0.4752 0.3603 0.2148 0.3603 0.4752 0.4260 0.2891 0.1968 0.1556 0.2696 0.4514 0.4698 0.3354 0.2252 0.1628 0.1868 0.4059 0.4819 0.3896 0.2626 0.1825 0.1586 0.3213 0.4660 0.4528 0.3164 0.2153 0.1596 0.1955 0.4088 0.4817 0.3996 0.2750 0.1924 0.1556 0.2550 0.4395 0.4798 0.3706 0.2555 0.1820 0.1573 0.2941 0.4536 0.4731 0.3512 0.2420 0.1746 0.1613 0.3276 0.4641 0.4630 0.3300
0.4584 0.4592 0.3105 0.1590 0.1783 0.2488 0.3610 0.4771 0.4471 0.2760 0.1562 0.1861 0.2627 0.3805 0.4813 0.4323 0.2394 0.1557 0.1959 0.2804 0.4058 0.4812 0.4046 0.1926 0.1599 0.2153 0.3152 0.4507 0.4675 0.3289 0.1597 0.1799 0.2575 0.3817 0.4820 0.4151 0.1967 0.1604 0.2196 0.3264 0.4637 0.4574 0.2879 0.1560 0.1921 0.2809 0.4156 0.4783 0.3722 0.1679 0.1502 0.1679 0.3722 0.4783 0.4156 0.2809 0.1921 0.1560 0.2879 0.4574 0.4637 0.3264 0.2196 0.1604 0.1967 0.4151 0.4820 0.3817 0.2575 0.1799 0.1597 0.3289 0.4675 0.4507 0.3152 0.2153 0.1599 0.1926 0.4046 0.4812 0.4058 0.2804 0.1959 0.1557 0.2394 0.4323 0.4813 0.3805 0.2627 0.1861 0.1562 0.2760 0.4471 0.4771 0.3610 0.2488 0.1783 0.1590 0.3105 0.4592 0.4584
0.4603 0.2927 0.1572 0.1823 0.2559 0.3710 0.4798 0.4400 0.2576 0.1557 0.1905 0.2703 0.3908 0.4820 0.4238 0.2233 0.1562 0.2000 0.2869 0.4137 0.4803 0.3978 0.1875 0.1607 0.2167 0.3164 0.4507 0.4681 0.3327 0.1605 0.1782 0.2535 0.3753 0.4816 0.4226 0.2077 0.1587 0.2146 0.3181 0.4567 0.4625 0.3054 0.1569 0.1877 0.2730 0.4050 0.4802 0.3864 0.1738 0.1651 0.1939 0.1651 0.1738 0.3864 0.4802 0.4050 0.2730 0.1877 0.1569 0.3054 0.4625 0.4567 0.3181 0.2146 0.1587 0.2077 0.4226 0.4816 0.3753 0.2535 0.1782 0.1605 0.3327 0.4681 0.4507 0.3164 0.2167 0.1607 0.1875 0.3978 0.4803 0.4137 0.2869 0.2000 0.1562 0.2233 0.4238 0.4820 0.3908 0.2703 0.1905 0.1557 0.2576 0.4400 0.4798 0.3710 0.2559 0.1823 0.1572 0.2927 0.4603
0.2937 0.1563 0.1864 0.2633 0.3812 0.4814 0.4320 0.2396 0.1557 0.1951 0.2781 0.4013 0.4818 0.4141 0.2080 0.1572 0.2048 0.2943 0.4226 0.4788 0.3885 0.1814 0.1622 0.2194 0.3196 0.4528 0.4675 0.3327 0.1608 0.1773 0.2511 0.3708 0.4810 0.4282 0.2183 0.1574 0.2102 0.3106 0.4494 0.4668 0.3215 0.1583 0.1835 0.2654 0.3945 0.4815 0.3990 0.1811 0.1651 0.2263 0.2821 0.2263 0.1651 0.1811 0.3990 0.4815 0.3945 0.2654 0.1835 0.1583 0.3215 0.4668 0.4494 0.3106 0.2102 0.1574 0.2183 0.4282 0.4810 0.3708 0.2511 0.1773 0.1608 0.3327 0.4675 0.4528 0.3196 0.2194 0.1622 0.1814 0.3885 0.4788 0.4226 0.2943 0.2048 0.1572 0.2080 0.4141 0.4818 0.4013 0.2781 0.1951 0.1557 0.2396 0.4320 0.4814 0.3812 0.2633 0.1864 0.1563 0.2937
0.1837 0.1912 0.2708 0.3916 0.4820 0.4232 0.2224 0.1562 0.2000 0.2862 0.4119 0.4808 0.4032 0.1947 0.1588 0.2100 0.3025 0.4320 0.4766 0.3772 0.1754 0.1643 0.2232 0.3247 0.4566 0.4660 0.3289 0.1605 0.1773 0.2503 0.3685 0.4805 0.4319 0.2270 0.1567 0.2065 0.3041 0.4421 0.4703 0.3358 0.1602 0.1798 0.2583 0.3843 0.4820 0.4103 0.1906 0.1619 0.2239 0.3326 0.4175 0.3326 0.2239 0.1619 0.1906 0.4103 0.4820 0.3843 0.2583 0.1798 0.1602 0.3358 0.4703 0.4421 0.3041 0.2065 0.1567 0.2270 0.4319 0.4805 0.3685 0.2503 0.1773 0.1605 0.3289 0.4660 0.4566 0.3247 0.2232 0.1643 0.1754 0.3772 0.4766 0.4320 0.3025 0.2100 0.1588 0.1947 0.4032 0.4808 0.4119 0.2862 0.2000 0.1562 0.2224 0.4232 0.4820 0.3916 0.2708 0.1912 0.1837
0.2128 0.2794 0.4020 0.4817 0.4133 0.2068 0.1573 0.2050 0.2945 0.4223 0.4790 0.3910 0.1842 0.1610 0.2155 0.3112 0.4416 0.4737 0.3641 0.1702 0.1670 0.2281 0.3314 0.4615 0.4633 0.3213 0.1597 0.1782 0.2511 0.3685 0.4803 0.4338 0.2327 0.1563 0.2038 0.2988 0.4355 0.4731 0.3484 0.1625 0.1765 0.2519 0.3748 0.4817 0.4202 0.2028 0.1595 0.2175 0.3240 0.4622 0.4746 0.4622 0.3240 0.2175 0.1595 0.2028 0.4202 0.4817 0.3748 0.2519 0.1765 0.1625 0.3484 0.4731 0.4355 0.2988 0.2038 0.1563 0.2327 0.4338 0.4803 0.3685 0.2511 0.1782 0.1597 0.3213 0.4633 0.4615 0.3314 0.2281 0.1670 0.1702 0.3641 0.4737 0.4416 0.3112 0.2155 0.1610 0.1842 0.3910 0.4790 0.4223 0.2945 0.2050 0.1573 0.2068 0.4133 0.4817 0.4020 0.2794 0.2128
0.2899 0.4140 0.4806 0.4023 0.1937 0.1589 0.2103 0.3031 0.4325 0.4766 0.3777 0.1762 0.1637 0.2212 0.3202 0.4507 0.4701 0.3495 0.1659 0.1700 0.2336 0.3393 0.4668 0.4596 0.3103 0.1586 0.1799 0.2535 0.3708 0.4805 0.4338 0.2347 0.1561 0.2021 0.2952 0.4303 0.4751 0.3587 0.1650 0.1736 0.2461 0.3661 0.4806 0.4287 0.2168 0.1578 0.2119 0.3144 0.4542 0.4611 0.3928 0.4611 0.4542 0.3144 0.2119 0.1578 0.2168 0.4287 0.4806 0.3661 0.2461 0.1736 0.1650 0.3587 0.4751 0.4303 0.2952 0.2021 0.1561 0.2347 0.4338 0.4805 0.3708 0.2535 0.1799 0.1586 0.3103 0.4596 0.4668 0.3393 0.2336 0.1700 0.1659 0.3495 0.4701 0.4507 0.3202 0.2212 0.1637 0.1762 0.3777 0.4766 0.4325 0.3031 0.2103 0.1589 0.1937 0.4023 0.4806 0.4140 0.2899
0.4113 0.4796 0.3900 0.1834 0.1611 0.2159 0.3118 0.4423 0.4735 0.3635 0.1702 0.1668 0.2273 0.3294 0.4589 0.4658 0.3336 0.1624 0.1733 0.2397 0.3481 0.4717 0.4549 0.2966 0.1574 0.1825 0.2575 0.3753 0.4810 0.4319 0.2327 0.1561 0.2016 0.2933 0.4270 0.4763 0.3663 0.1675 0.1713 0.2412 0.3584 0.4789 0.4359 0.2317 0.1566 0.2069 0.3058 0.4451 0.4682 0.3310 0.1860 0.3310 0.4682 0.4451 0.3058 0.2069 0.1566 0.2317 0.4359 0.4789 0.3584 0.2412 0.1713 0.1675 0.3663 0.4763 0.4270 0.2933 0.2016 0.1561 0.2327 0.4319 0.4810 0.3753 0.2575 0.1825 0.1574 0.2966 0.4549 0.4717 0.3481 0.2397 0.1733 0.1624 0.3336 0.4658 0.4589 0.3294 0.2273 0.1668 0.1702 0.3635 0.4735 0.4423 0.3118 0.2159 0.1611 0.1834 0.3900 0.4796 0.4113
0.4794 0.3766 0.1757 0.1639 0.2217 0.3208 0.4514 0.4698 0.3484 0.1656 0.1700 0.2335 0.3388 0.4660 0.4609 0.3168 0.1597 0.1769 0.2463 0.3574 0.4758 0.4493 0.2810 0.1564 0.1856 0.2626 0.3817 0.4816 0.4282 0.2270 0.1563 0.2021 0.2933 0.4259 0.4769 0.3709 0.1695 0.1695 0.2373 0.3519 0.4767 0.4418 0.2462 0.1559 0.2023 0.2980 0.4361 0.4724 0.3427 0.1601 0.1538 0.1601 0.3427 0.4724 0.4361 0.2980 0.2023 0.1559 0.2462 0.4418 0.4767 0.3519 0.2373 0.1695 0.1695 0.3709 0.4769 0.4259 0.2933 0.2021 0.1563 0.2270 0.4282 0.4816 0.3817 0.2626 0.1856 0.1564 0.2810 0.4493 0.4758 0.3574 0.2463 0.1769 0.1597 0.3168 0.4609 0.4660 0.3388 0.2335 0.1700 0.1656 0.3484 0.4698 0.4514 0.3208 0.2217 0.1639 0.1757 0.3766 0.4794
0.3757 0.1699 0.1670 0.2277 0.3300 0.4595 0.4655 0.3324 0.1622 0.1735 0.2401 0.3484 0.4717 0.4553 0.2993 0.1578 0.1808 0.2533 0.3673 0.4789 0.4426 0.2640 0.1558 0.1894 0.2688 0.3896 0.4820 0.4226 0.2183 0.1567 0.2038 0.2952 0.4270 0.4769 0.3725 0.1706 0.1684 0.2346 0.3470 0.4744 0.4465 0.2593 0.1556 0.1982 0.2908 0.4272 0.4754 0.3580 0.1644 0.1718 0.2040 0.1718 0.1644 0.3580 0.4754 0.4272 0.2908 0.1982 0.1556 0.2593 0.4465 0.4744 0.3470 0.2346 0.1684 0.1706 0.3725 0.4769 0.4270 0.2952 0.2038 0.1567 0.2183 0.4226 0.4820 0.3896 0.2688 0.1894 0.1558 0.2640 0.4426 0.4789 0.3673 0.2533 0.1808 0.1578 0.2993 0.4553 0.4717 0.3484 0.2401 0.1735 0.1622 0.3324 0.4655 0.4595 0.3300 0.2277 0.1670 0.1699 0.3757
0.1932 0.1705 0.2340 0.3395 0.4664 0.4605 0.3156 0.1596 0.1772 0.2468 0.3581 0.4761 0.4491 0.2812 0.1565 0.1849 0.2606 0.3775 0.4809 0.4350 0.2461 0.1556 0.1936 0.2757 0.3986 0.4819 0.4151 0.2077 0.1574 0.2065 0.2988 0.4303 0.4763 0.3709 0.1706 0.1681 0.2332 0.3439 0.4726 0.4499 0.2699 0.1557 0.1949 0.2844 0.4188 0.4777 0.3709 0.1681 0.1718 0.2394 0.2999 0.2394 0.1718 0.1681 0.3709 0.4777 0.4188 0.2844 0.1949 0.1557 0.2699 0.4499 0.4726 0.3439 0.2332 0.1681 0.1706 0.3709 0.4763 0.4303 0.2988 0.2065 0.1574 0.2077 0.4151 0.4819 0.3986 0.2757 0.1936 0.1556 0.2461 0.4350 0.4809 0.3775 0.2606 0.1849 0.1565 0.2812 0.4491 0.4761 0.3581 0.2468 0.1772 0.1596 0.3156 0.4605 0.4664 0.3395 0.2340 0.1705 0.1932
0.1958 0.2411 0.3490 0.4721 0.4549 0.2980 0.1577 0.1811 0.2539 0.3681 0.4791 0.4421 0.2629 0.1558 0.1892 0.2681 0.3878 0.4819 0.4265 0.2285 0.1560 0.1982 0.2833 0.4083 0.4811 0.4059 0.1967 0.1587 0.2102 0.3041 0.4355 0.4751 0.3663 0.1695 0.1684 0.2332 0.3428 0.4715 0.4519 0.2773 0.1558 0.1922 0.2793 0.4113 0.4794 0.3821 0.1726 0.1684 0.2370 0.3530 0.4386 0.3530 0.2370 0.1684 0.1726 0.3821 0.4794 0.4113 0.2793 0.1922 0.1558 0.2773 0.4519 0.4715 0.3428 0.2332 0.1684 0.1695 0.3663 0.4751 0.4355 0.3041 0.2102 0.1587 0.1967 0.4059 0.4811 0.4083 0.2833 0.1982 0.1560 0.2285 0.4265 0.4819 0.3878 0.2681 0.1892 0.1558 0.2629 0.4421 0.4791 0.3681 0.2539 0.1811 0.1577 0.2980 0.4549 0.4721 0.3490 0.2411 0.1958
0.2561 0.3600 0.4762 0.4486 0.2799 0.1564 0.1852 0.2611 0.3783 0.4810 0.4344 0.2447 0.1556 0.1938 0.2758 0.3983 0.4819 0.4170 0.2123 0.1569 0.2032 0.2915 0.4186 0.4797 0.3950 0.1868 0.1604 0.2146 0.3106 0.4421 0.4731 0.3587 0.1675 0.1695 0.2346 0.3439 0.4715 0.4526 0.2813 0.1560 0.1904 0.2754 0.4053 0.4805 0.3914 0.1775 0.1658 0.2310 0.3443 0.4734 0.4691 0.4734 0.3443 0.2310 0.1658 0.1775 0.3914 0.4805 0.4053 0.2754 0.1904 0.1560 0.2813 0.4526 0.4715 0.3439 0.2346 0.1695 0.1675 0.3587 0.4731 0.4421 0.3106 0.2146 0.1604 0.1868 0.3950 0.4797 0.4186 0.2915 0.2032 0.1569 0.2123 0.4170 0.4819 0.3983 0.2758 0.1938 0.1556 0.2447 0.4344 0.4810 0.3783 0.2611 0.1852 0.1564 0.2799 0.4486 0.4762 0.3600 0.2561
0.3619 0.4804 0.4415 0.2616 0.1558 0.1896 0.2687 0.3886 0.4819 0.4258 0.2272 0.1560 0.1985 0.2838 0.4088 0.4811 0.4065 0.1982 0.1583 0.2084 0.3000 0.4289 0.4775 0.3825 0.1786 0.1628 0.2196 0.3181 0.4494 0.4703 0.3484 0.1650 0.1713 0.2373 0.3470 0.4726 0.4519 0.2813 0.1561 0.1894 0.2729 0.4011 0.4812 0.3984 0.1825 0.1636 0.2262 0.3360 0.4699 0.4491 0.3658 0.4491 0.4699 0.3360 0.2262 0.1636 0.1825 0.3984 0.4812 0.4011 0.2729 0.1894 0.1561 0.2813 0.4519 0.4726 0.3470 0.2373 0.1713 0.1650 0.3484 0.4703 0.4494 0.3181 0.2196 0.1628 0.1786 0.3825 0.4775 0.4289 0.3000 0.2084 0.1583 0.1982 0.4065 0.4811 0.4088 0.2838 0.1985 0.1560 0.2272 0.4258 0.4819 0.3886 0.2687 0.1896 0.1558 0.2616 0.4415 0.4804 0.3619
0.4775 0.4338 0.2434 0.1557 0.1941 0.2764 0.3991 0.4819 0.4162 0.2111 0.1569 0.2035 0.2921 0.4193 0.4796 0.3946 0.1869 0.1603 0.2139 0.3086 0.4388 0.4747 0.3687 0.1722 0.1656 0.2252 0.3264 0.4567 0.4668 0.3358 0.1625 0.1736 0.2412 0.3519 0.4744 0.4499 0.2773 0.1560 0.1894 0.2720 0.3988 0.4815 0.4032 0.1871 0.1620 0.2224 0.3293 0.4649 0.4564 0.2918 0.1651 0.2918 0.4564 0.4649 0.3293 0.2224 0.1620 0.1871 0.4032 0.4815 0.3988 0.2720 0.1894 0.1560 0.2773 0.4499 0.4744 0.3519 0.2412 0.1736 0.1625 0.3358 0.4668 0.4567 0.3264 0.2252 0.1656 0.1722 0.3687 0.4747 0.4388 0.3086 0.2139 0.1603 0.1869 0.3946 0.4796 0.4193 0.2921 0.2035 0.1569 0.2111 0.4162 0.4819 0.3991 0.2764 0.1941 0.1557 0.2434 0.4338 0.4775
0.4344 0.2259 0.1561 0.1989 0.2845 0.4097 0.4810 0.4056 0.1972 0.1584 0.2088 0.3006 0.4296 0.4774 0.3816 0.1783 0.1629 0.2196 0.3176 0.4482 0.4712 0.3539 0.1671 0.1688 0.2312 0.3354 0.4637 0.4625 0.3215 0.1602 0.1765 0.2461 0.3584 0.4767 0.4465 0.2699 0.1558 0.1904 0.2729 0.3988 0.4816 0.4056 0.1903 0.1610 0.2196 0.3242 0.4605 0.4608 0.3009 0.1551 0.1599 0.1551 0.3009 0.4608 0.4605 0.3242 0.2196 0.1610 0.1903 0.4056 0.4816 0.3988 0.2729 0.1904 0.1558 0.2699 0.4465 0.4767 0.3584 0.2461 0.1765 0.1602 0.3215 0.4625 0.4637 0.3354 0.2312 0.1688 0.1671 0.3539 0.4712 0.4482 0.3176 0.2196 0.1629 0.1783 0.3816 0.4774 0.4296 0.3006 0.2088 0.1584 0.1972 0.4056 0.4810 0.4097 0.2845 0.1989 0.1561 0.2259 0.4344
0.2343 0.1572 0.2039 0.2928 0.4201 0.4794 0.3936 0.1861 0.1604 0.2142 0.3093 0.4396 0.4745 0.3677 0.1718 0.1659 0.2255 0.3267 0.4567 0.4671 0.3382 0.1633 0.1722 0.2376 0.3448 0.4698 0.4574 0.3054 0.1583 0.1798 0.2519 0.3661 0.4789 0.4418 0.2593 0.1557 0.1922 0.2754 0.4011 0.4815 0.4056 0.1914 0.1605 0.2179 0.3206 0.4568 0.4636 0.3128 0.1578 0.1815 0.2182 0.1815 0.1578 0.3128 0.4636 0.4568 0.3206 0.2179 0.1605 0.1914 0.4056 0.4815 0.4011 0.2754 0.1922 0.1557 0.2593 0.4418 0.4789 0.3661 0.2519 0.1798 0.1583 0.3054 0.4574 0.4698 0.3448 0.2376 0.1722 0.1633 0.3382 0.4671 0.4567 0.3267 0.2255 0.1659 0.1718 0.3677 0.4745 0.4396 0.3093 0.2142 0.1604 0.1861 0.3936 0.4794 0.4201 0.2928 0.2039 0.1572 0.2343
0.1851 0.2096 0.3012 0.4304 0.4772 0.3806 0.1777 0.1631 0.2200 0.3182 0.4488 0.4709 0.3528 0.1668 0.1691 0.2317 0.3360 0.4641 0.4624 0.3217 0.1604 0.1758 0.2443 0.3545 0.4746 0.4514 0.2879 0.1569 0.1835 0.2583 0.3748 0.4806 0.4359 0.2462 0.1556 0.1949 0.2793 0.4053 0.4812 0.4032 0.1903 0.1605 0.2172 0.3188 0.4544 0.4655 0.3209 0.1587 0.1824 0.2587 0.3251 0.2587 0.1824 0.1587 0.3209 0.4655 0.4544 0.3188 0.2172 0.1605 0.1903 0.4032 0.4812 0.4053 0.2793 0.1949 0.1556 0.2462 0.4359 0.4806 0.3748 0.2583 0.1835 0.1569 0.2879 0.4514 0.4746 0.3545 0.2443 0.1758 0.1604 0.3217 0.4624 0.4641 0.3360 0.2317 0.1691 0.1668 0.3528 0.4709 0.4488 0.3182 0.2200 0.1631 0.1777 0.3806 0.4772 0.4304 0.3012 0.2096 0.1851
0.2286 0.3108 0.4402 0.4742 0.3665 0.1713 0.1661 0.2259 0.3274 0.4573 0.4668 0.3371 0.1631 0.1725 0.2381 0.3456 0.4702 0.4570 0.3044 0.1583 0.1797 0.2512 0.3644 0.4781 0.4447 0.2696 0.1560 0.1877 0.2654 0.3843 0.4817 0.4287 0.2317 0.1559 0.1982 0.2844 0.4113 0.4805 0.3984 0.1871 0.1610 0.2179 0.3188 0.4536 0.4664 0.3259 0.1595 0.1801 0.2578 0.3825 0.4617 0.3825 0.2578 0.1801 0.1595 0.3259 0.4664 0.4536 0.3188 0.2179 0.1610 0.1871 0.3984 0.4805 0.4113 0.2844 0.1982 0.1559 0.2317 0.4287 0.4817 0.3843 0.2654 0.1877 0.1560 0.2696 0.4447 0.4781 0.3644 0.2512 0.1797 0.1583 0.3044 0.4570 0.4702 0.3456 0.2381 0.1725 0.1631 0.3371 0.4668 0.4573 0.3274 0.2259 0.1661 0.1713 0.3665 0.4742 0.4402 0.3108 0.2286
0.3179 0.4509 0.4706 0.3516 0.1665 0.1693 0.2322 0.3367 0.4646 0.4620 0.3205 0.1602 0.1761 0.2449 0.3553 0.4749 0.4509 0.2865 0.1568 0.1837 0.2584 0.3745 0.4805 0.4373 0.2513 0.1556 0.1921 0.2730 0.3945 0.4820 0.4202 0.2168 0.1566 0.2023 0.2908 0.4188 0.4794 0.3914 0.1825 0.1620 0.2196 0.3206 0.4544 0.4664 0.3277 0.1599 0.1788 0.2543 0.3763 0.4800 0.4570 0.4800 0.3763 0.2543 0.1788 0.1599 0.3275 0.4664 0.4544 0.3206 0.2196 0.1620 0.1825 0.3914 0.4794 0.4188 0.2908 0.2023 0.1566 0.2168 0.4202 0.4820 0.3945 0.2730 0.1921 0.1556 0.2513 0.4373 0.4805 0.3745 0.2584 0.1837 0.1568 0.2865 0.4509 0.4749 0.3553 0.2449 0.1761 0.1602 0.3205 0.4620 0.4646 0.3367 0.2322 0.1693 0.1665 0.3516 0.4706 0.4509 0.3179
0.4463 0.4669 0.3358 0.1628 0.1728 0.2386 0.3463 0.4706 0.4566 0.3031 0.1582 0.1800 0.2518 0.3652 0.4784 0.4442 0.2682 0.1559 0.1880 0.2659 0.3848 0.4817 0.4291 0.2335 0.1558 0.1968 0.2809 0.4050 0.4815 0.4103 0.2028 0.1578 0.2069 0.2980 0.4272 0.4777 0.3821 0.1775 0.1636 0.2224 0.3242 0.4568 0.4655 0.3259 0.1599 0.1785 0.2528 0.3726 0.4811 0.4254 0.3182 0.4254 0.4811 0.3725 0.2528 0.1785 0.1599 0.3259 0.4655 0.4568 0.3242 0.2224 0.1636 0.1775 0.3821 0.4777 0.4272 0.2980 0.2069 0.1578 0.2028 0.4103 0.4815 0.4050 0.2809 0.1968 0.1558 0.2335 0.4291 0.4817 0.3848 0.2659 0.1880 0.1559 0.2682 0.4442 0.4784 0.3652 0.2518 0.1800 0.1582 0.3031 0.4566 0.4706 0.3463 0.2386 0.1728 0.1628 0.3358 0.4669 0.4463
0.4677 0.3191 0.1600 0.1764 0.2453 0.3560 0.4752 0.4505 0.2852 0.1567 0.1840 0.2590 0.3753 0.4806 0.4367 0.2499 0.1556 0.1924 0.2736 0.3953 0.4820 0.4199 0.2168 0.1565 0.2017 0.2891 0.4156 0.4802 0.3990 0.1906 0.1595 0.2120 0.3059 0.4361 0.4754 0.3709 0.1726 0.1658 0.2262 0.3293 0.4604 0.4636 0.3209 0.1595 0.1789 0.2528 0.3715 0.4809 0.4299 0.2280 0.1512 0.2280 0.4299 0.4809 0.3715 0.2528 0.1788 0.1595 0.3209 0.4636 0.4605 0.3293 0.2262 0.1658 0.1726 0.3709 0.4754 0.4361 0.3058 0.2119 0.1595 0.1906 0.3990 0.4802 0.4156 0.2891 0.2017 0.1565 0.2168 0.4199 0.4820 0.3953 0.2736 0.1925 0.1556 0.2499 0.4367 0.4806 0.3753 0.2590 0.1840 0.1567 0.2852 0.4505 0.4752 0.3560 0.2453 0.1764 0.1600 0.3191 0.4677
0.3190 0.1582 0.1803 0.2523 0.3660 0.4786 0.4437 0.2669 0.1559 0.1883 0.2665 0.3856 0.4818 0.4284 0.2321 0.1558 0.1971 0.2815 0.4058 0.4814 0.4096 0.2020 0.1578 0.2069 0.2975 0.4260 0.4782 0.3864 0.1811 0.1618 0.2174 0.3143 0.4450 0.4724 0.3581 0.1681 0.1683 0.2309 0.3359 0.4648 0.4608 0.3128 0.1587 0.1800 0.2543 0.3725 0.4808 0.4314 0.2279 0.1544 0.1722 0.1544 0.2278 0.4314 0.4809 0.3725 0.2543 0.1801 0.1587 0.3128 0.4608 0.4649 0.3360 0.2310 0.1684 0.1681 0.3580 0.4724 0.4451 0.3144 0.2175 0.1619 0.1811 0.3864 0.4783 0.4260 0.2975 0.2069 0.1579 0.2020 0.4096 0.4815 0.4058 0.2816 0.1972 0.1559 0.2320 0.4284 0.4818 0.3856 0.2665 0.1884 0.1559 0.2668 0.4437 0.4786 0.3660 0.2524 0.1803 0.1582 0.3189
0.1849 0.1846 0.2595 0.3761 0.4807 0.4361 0.2486 0.1556 0.1928 0.2742 0.3961 0.4820 0.4191 0.2155 0.1566 0.2021 0.2897 0.4163 0.4801 0.3982 0.1899 0.1596 0.2123 0.3061 0.4360 0.4756 0.3728 0.1739 0.1647 0.2233 0.3233 0.4537 0.4686 0.3438 0.1644 0.1713 0.2362 0.3435 0.4695 0.4570 0.3019 0.1577 0.1819 0.2570 0.3754 0.4811 0.4306 0.2287 0.1566 0.2006 0.2452 0.2010 0.1568 0.2278 0.4299 0.4811 0.3763 0.2578 0.1824 0.1578 0.3009 0.4564 0.4699 0.3443 0.2370 0.1718 0.1644 0.3427 0.4682 0.4542 0.3240 0.2239 0.1651 0.1738 0.3722 0.4752 0.4367 0.3068 0.2128 0.1600 0.1895 0.3976 0.4798 0.4170 0.2904 0.2026 0.1569 0.2149 0.4185 0.4818 0.3968 0.2749 0.1933 0.1558 0.2477 0.4355 0.4807 0.3768 0.2602 0.1851 0.1849
0.2073 0.2677 0.3863 0.4818 0.4277 0.2309 0.1559 0.1975 0.2821 0.4066 0.4814 0.4088 0.2009 0.1579 0.2072 0.2981 0.4267 0.4781 0.3855 0.1805 0.1621 0.2179 0.3150 0.4456 0.4723 0.3583 0.1684 0.1679 0.2294 0.3326 0.4615 0.4642 0.3278 0.1614 0.1746 0.2422 0.3519 0.4737 0.4522 0.2886 0.1568 0.1844 0.2609 0.3802 0.4815 0.4281 0.2256 0.1564 0.2040 0.2959 0.3724 0.2932 0.2010 0.1544 0.2280 0.4254 0.4800 0.3825 0.2587 0.1815 0.1551 0.2918 0.4491 0.4734 0.3530 0.2394 0.1718 0.1601 0.3310 0.4611 0.4622 0.3326 0.2263 0.1651 0.1679 0.3603 0.4694 0.4471 0.3142 0.2146 0.1594 0.1810 0.3858 0.4754 0.4288 0.2967 0.2040 0.1556 0.2031 0.4074 0.4791 0.4089 0.2801 0.1943 0.1538 0.2341 0.4253 0.4800 0.3882 0.2651 0.2043
0.2796 0.3981 0.4819 0.4184 0.2144 0.1567 0.2025 0.2904 0.4172 0.4800 0.3972 0.1890 0.1598 0.2127 0.3068 0.4368 0.4754 0.3718 0.1735 0.1650 0.2238 0.3241 0.4544 0.4684 0.3428 0.1643 0.1713 0.2358 0.3421 0.4681 0.4590 0.3108 0.1590 0.1783 0.2488 0.3611 0.4772 0.4465 0.2733 0.1561 0.1876 0.2661 0.3865 0.4819 0.4239 0.2194 0.1567 0.2044 0.2987 0.4381 0.4703 0.3713 0.2452 0.1723 0.1512 0.3182 0.4570 0.4617 0.3251 0.2182 0.1599 0.1651 0.3658 0.4691 0.4386 0.2999 0.2040 0.1538 0.1860 0.3928 0.4746 0.4175 0.2821 0.1939 0.1502 0.2148 0.4129 0.4773 0.3961 0.2659 0.1850 0.1481 0.2488 0.4296 0.4772 0.3747 0.2510 0.1769 0.1482 0.2837 0.4435 0.4737 0.3537 0.2371 0.1697 0.1513 0.3166 0.4548 0.4654 0.3353 0.2373
0.3968 0.4820 0.4076 0.1997 0.1582 0.2080 0.2992 0.4279 0.4777 0.3841 0.1797 0.1625 0.2187 0.3160 0.4466 0.4718 0.3568 0.1681 0.1684 0.2303 0.3337 0.4623 0.4635 0.3261 0.1612 0.1751 0.2428 0.3521 0.4735 0.4529 0.2926 0.1574 0.1825 0.2562 0.3713 0.4798 0.4395 0.2563 0.1558 0.1915 0.2725 0.3947 0.4819 0.4177 0.2106 0.1574 0.2064 0.2999 0.4367 0.4758 0.4202 0.2938 0.2006 0.1544 0.2280 0.4254 0.4800 0.3825 0.2587 0.1815 0.1551 0.2918 0.4491 0.4734 0.3530 0.2394 0.1718 0.1601 0.3310 0.4611 0.4622 0.3326 0.2263 0.1651 0.1679 0.3603 0.4694 0.4471 0.3142 0.2146 0.1594 0.1810 0.3858 0.4754 0.4288 0.2967 0.2040 0.1556 0.2031 0.4074 0.4791 0.4089 0.2801 0.1943 0.1538 0.2341 0.4253 0.4800 0.3882 0.2651 0.2043
0.4796 0.3964 0.1887 0.1586 0.2116 0.3074 0.4386 0.4731 0.3717 0.1727 0.1638 0.2228 0.3251 0.4556 0.4659 0.3432 0.1634 0.1700 0.2349 0.3437 0.4685 0.4565 0.3111 0.1580 0.1771 0.2481 0.3628 0.4766 0.4447 0.2765 0.1552 0.1849 0.2622 0.3826 0.4802 0.4304 0.2409 0.1547 0.1940 0.2784 0.4046 0.4801 0.4096 0.2017 0.1573 0.2081 0.3032 0.4370 0.4698 0.4762 0.2810 0.2012 0.1565 0.2277 0.4299 0.4811 0.3763 0.2578 0.1824 0.1578 0.3009 0.4564 0.4699 0.3443 0.2370 0.1718 0.1644 0.3427 0.4682 0.4542 0.3240 0.2239 0.1651 0.1738 0.3722 0.4752 0.4367 0.3068 0.2128 0.1600 0.1895 0.3976 0.4798 0.4170 0.2904 0.2026 0.1569 0.2149 0.4185 0.4818 0.3968 0.2749 0.1933 0.1558 0.2477 0.4355 0.4807 0.3768 0.2602 0.1851 0.1849
0.4226 0.2176 0.1502 0.1933 0.2810 0.4163 0.4754 0.3950 0.1893 0.1535 0.2032 0.2982 0.4365 0.4705 0.3715 0.1697 0.1582 0.2139 0.3165 0.4540 0.4634 0.3445 0.1585 0.1640 0.2258 0.3359 0.4670 0.4541 0.3142 0.1522 0.1705 0.2387 0.3564 0.4749 0.4421 0.2793 0.1495 0.1787 0.2549 0.3815 0.4784 0.4232 0.2317 0.1501 0.1923 0.2814 0.4200 0.4744 0.3834 0.2395 0.1659 0.1527 0.2274 0.4314 0.4809 0.3725 0.2543 0.1801 0.1587 0.3128 0.4608 0.4649 0.3360 0.2310 0.1684 0.1681 0.3580 0.4724 0.4451 0.3144 0.2175 0.1619 0.1811 0.3864 0.4783 0.4260 0.2975 0.2069 0.1579 0.2020 0.4096 0.4815 0.4058 0.2816 0.1972 0.1559 0.2320 0.4284 0.4818 0.3856 0.2665 0.1884 0.1559 0.2668 0.4437 0.4786 0.3660 0.2524 0.1803 0.1582 0.3189
0.4646 0.3239 0.1585 0.1723 0.2409 0.3567 0.4748 0.4467 0.2904 0.1545 0.1797 0.2549 0.3771 0.4791 0.4332 0.2553 0.1530 0.1880 0.2699 0.3978 0.4797 0.4170 0.2210 0.1535 0.1971 0.2860 0.4184 0.4774 0.3976 0.1928 0.1561 0.2074 0.3038 0.4390 0.4720 0.3712 0.1723 0.1621 0.2218 0.3287 0.4621 0.4597 0.3237 0.1577 0.1747 0.2486 0.3733 0.4796 0.4254 0.2338 0.1497 0.2274 0.4299 0.4809 0.3715 0.2528 0.1788 0.1595 0.3209 0.4636 0.4605 0.3293 0.2262 0.1658 0.1726 0.3709 0.4754 0.4361 0.3058 0.2119 0.1595 0.1906 0.3990 0.4802 0.4156 0.2891 0.2017 0.1565 0.2168 0.4199 0.4820 0.3953 0.2736 0.1925 0.1556 0.2499 0.4367 0.4806 0.3753 0.2590 0.1840 0.1567 0.2852 0.4505 0.4752 0.3560 0.2453 0.1764 0.1600 0.3191 0.4677
0.4468 0.4662 0.3347 0.1629 0.1734 0.2396 0.3474 0.4710 0.4558 0.3018 0.1583 0.1806 0.2528 0.3662 0.4785 0.4434 0.2670 0.1562 0.1887 0.2669 0.3859 0.4816 0.4281 0.2322 0.1561 0.1975 0.2819 0.4061 0.4812 0.4094 0.2018 0.1582 0.2078 0.2991 0.4284 0.4772 0.3810 0.1771 0.1642 0.2234 0.3254 0.4577 0.4647 0.3243 0.1600 0.1792 0.2540 0.3739 0.4811 0.4241 0.3173 0.4254 0.4811 0.3726 0.2528 0.1785 0.1599 0.3259 0.4655 0.4568 0.3242 0.2224 0.1636 0.1775 0.3821 0.4777 0.4272 0.2980 0.2069 0.1578 0.2028 0.4103 0.4815 0.4050 0.2809 0.1968 0.1558 0.2335 0.4291 0.4817 0.3848 0.2659 0.1880 0.1559 0.2682 0.4442 0.4784 0.3652 0.2518 0.1800 0.1582 0.3031 0.4566 0.4706 0.3463 0.2386 0.1728 0.1628 0.3358 0.4669 0.4463
