0.0185 0.1677 1.0000 1.0000 0.0002 0.0016 0.0114 0.0815 0.5794 1.0000 1.0000 0.0008 0.0056 0.0395 0.2813 1.0000 1.0000 0.0004 0.0027 0.0192 0.1363 0.9719 1.0000 1.0000 0.0013 0.0093 0.0662 0.4709 1.0000 1.0000 0.0006 0.0045 0.0321 0.2286 1.0000 1.0000 0.0003 0.0022 0.0156 0.1108 0.7884 1.0000 1.0000 0.0011 0.0075 0.0538 0.3827 1.0000 1.0000 0.0005 0.0018 0.0005 1.0000 1.0000 0.3827 0.0538 0.0075 0.0011 1.0000 1.0000 0.7884 0.1108 0.0156 0.0022 0.0003 1.0000 1.0000 0.2286 0.0321 0.0045 0.0006 1.0000 1.0000 0.4709 0.0662 0.0093 0.0013 1.0000 1.0000 0.9719 0.1363 0.0192 0.0027 0.0004 1.0000 1.0000 0.2813 0.0395 0.0056 0.0008 1.0000 1.0000 0.5794 0.0815 0.0114 0.0016 0.0002 1.0000 1.0000 0.1677 0.0185
0.1677 1.0000 1.0000 0.0003 0.0018 0.0126 0.0893 0.6347 1.0000 1.0000 0.0009 0.0061 0.0432 0.3081 1.0000 1.0000 0.0004 0.0029 0.0210 0.1493 1.0000 1.0000 1.0000 0.0014 0.0102 0.0725 0.5149 1.0000 1.0000 0.0007 0.0049 0.0351 0.2500 1.0000 1.0000 0.0003 0.0024 0.0170 0.1211 0.8638 1.0000 1.0000 0.0012 0.0083 0.0588 0.4185 1.0000 1.0000 0.0006 0.0041 0.0139 0.0041 0.0006 1.0000 1.0000 0.4185 0.0588 0.0083 0.0012 1.0000 1.0000 0.8638 0.1211 0.0170 0.0024 0.0003 1.0000 1.0000 0.2500 0.0351 0.0049 0.0007 1.0000 1.0000 0.5149 0.0725 0.0102 0.0014 1.0000 1.0000 1.0000 0.1493 0.0210 0.0029 0.0004 1.0000 1.0000 0.3081 0.0432 0.0061 0.0009 1.0000 1.0000 0.6347 0.0893 0.0126 0.0018 0.0003 1.0000 1.0000 0.1677
1.0000 1.0000 1.0000 0.0016 0.0111 0.0778 0.5493 1.0000 1.0000 0.0007 0.0052 0.0370 0.2636 1.0000 1.0000 0.0004 0.0025 0.0179 0.1277 0.9093 1.0000 1.0000 0.0012 0.0087 0.0620 0.4414 1.0000 1.0000 0.0006 0.0042 0.0300 0.2139 1.0000 1.0000 0.0003 0.0020 0.0146 0.1038 0.7391 1.0000 1.0000 0.0010 0.0071 0.0503 0.3581 1.0000 1.0000 0.0005 0.0035 0.0253 0.0837 0.0253 0.0035 0.0005 1.0000 1.0000 0.3581 0.0503 0.0071 0.0010 1.0000 1.0000 0.7391 0.1038 0.0146 0.0020 0.0003 1.0000 1.0000 0.2139 0.0300 0.0042 0.0006 1.0000 1.0000 0.4414 0.0620 0.0087 0.0012 1.0000 1.0000 0.9093 0.1277 0.0179 0.0025 0.0004 1.0000 1.0000 0.2636 0.0370 0.0052 0.0007 1.0000 1.0000 0.5493 0.0778 0.0111 0.0016 1.0000 1.0000 1.0000
1.0000 0.0003 0.0016 0.0106 0.0721 0.4976 1.0000 1.0000 0.0006 0.0046 0.0324 0.2299 1.0000 1.0000 0.0003 0.0022 0.0156 0.1114 0.7929 1.0000 1.0000 0.0011 0.0076 0.0540 0.3842 1.0000 1.0000 0.0005 0.0037 0.0262 0.1865 1.0000 1.0000 0.0003 0.0018 0.0127 0.0904 0.6433 1.0000 1.0000 0.0009 0.0062 0.0439 0.3123 1.0000 1.0000 0.0004 0.0030 0.0215 0.1572 0.5189 0.1572 0.0215 0.0030 0.0004 1.0000 1.0000 0.3123 0.0439 0.0062 0.0009 1.0000 1.0000 0.6433 0.0904 0.0127 0.0018 0.0003 1.0000 1.0000 0.1865 0.0262 0.0037 0.0005 1.0000 1.0000 0.3842 0.0540 0.0076 0.0011 1.0000 1.0000 0.7929 0.1114 0.0156 0.0022 0.0003 1.0000 1.0000 0.2299 0.0324 0.0046 0.0006 1.0000 1.0000 0.4976 0.0721 0.0106 0.0016 0.0003 1.0000
0.0002 0.0018 0.0111 0.0721 0.4781 1.0000 1.0000 0.0006 0.0040 0.0285 0.2016 1.0000 1.0000 0.0003 0.0019 0.0136 0.0970 0.6901 1.0000 1.0000 0.0009 0.0066 0.0470 0.3344 1.0000 1.0000 0.0005 0.0032 0.0228 0.1623 1.0000 1.0000 1.0000 0.0016 0.0110 0.0787 0.5599 1.0000 1.0000 0.0008 0.0054 0.0382 0.2718 1.0000 1.0000 0.0004 0.0026 0.0185 0.1332 0.9756 1.0000 0.9756 0.1332 0.0185 0.0026 0.0004 1.0000 1.0000 0.2718 0.0382 0.0054 0.0008 1.0000 1.0000 0.5599 0.0787 0.0110 0.0016 1.0000 1.0000 1.0000 0.1623 0.0228 0.0032 0.0005 1.0000 1.0000 0.3344 0.0470 0.0066 0.0009 1.0000 1.0000 0.6901 0.0970 0.0136 0.0019 0.0003 1.0000 1.0000 0.2016 0.0285 0.0040 0.0006 1.0000 1.0000 0.4781 0.0721 0.0111 0.0018 0.0002
0.0016 0.0126 0.0778 0.4976 1.0000 1.0000 0.0005 0.0037 0.0257 0.1795 1.0000 1.0000 0.0002 0.0017 0.0119 0.0844 0.6007 1.0000 1.0000 0.0008 0.0057 0.0409 0.2910 1.0000 1.0000 0.0004 0.0028 0.0198 0.1413 1.0000 1.0000 1.0000 0.0014 0.0096 0.0685 0.4873 1.0000 1.0000 0.0007 0.0047 0.0332 0.2366 1.0000 1.0000 0.0003 0.0023 0.0161 0.1148 0.8252 1.0000 1.0000 1.0000 0.8252 0.1148 0.0161 0.0023 0.0003 1.0000 1.0000 0.2366 0.0332 0.0047 0.0007 1.0000 1.0000 0.4873 0.0685 0.0096 0.0014 1.0000 1.0000 1.0000 0.1413 0.0198 0.0028 0.0004 1.0000 1.0000 0.2910 0.0409 0.0057 0.0008 1.0000 1.0000 0.6007 0.0844 0.0119 0.0017 0.0002 1.0000 1.0000 0.1795 0.0257 0.0037 0.0005 1.0000 1.0000 0.4976 0.0778 0.0126 0.0016
0.0114 0.0893 0.5493 1.0000 1.0000 0.0005 0.0036 0.0242 0.1654 1.0000 1.0000 1.0000 0.0015 0.0104 0.0737 0.5238 1.0000 1.0000 0.0007 0.0050 0.0356 0.2533 1.0000 1.0000 0.0003 0.0024 0.0173 0.1230 0.8754 1.0000 1.0000 0.0012 0.0084 0.0596 0.4241 1.0000 1.0000 0.0006 0.0041 0.0289 0.2059 1.0000 1.0000 0.0003 0.0020 0.0140 0.0998 0.7101 1.0000 1.0000 0.0005 1.0000 1.0000 0.7101 0.0998 0.0140 0.0020 0.0003 1.0000 1.0000 0.2059 0.0289 0.0041 0.0006 1.0000 1.0000 0.4241 0.0596 0.0084 0.0012 1.0000 1.0000 0.8754 0.1230 0.0173 0.0024 0.0003 1.0000 1.0000 0.2533 0.0356 0.0050 0.0007 1.0000 1.0000 0.5238 0.0737 0.0104 0.0015 1.0000 1.0000 1.0000 0.1654 0.0242 0.0036 0.0005 1.0000 1.0000 0.5493 0.0893 0.0114
0.0815 0.6347 1.0000 1.0000 0.0006 0.0037 0.0242 0.1605 1.0000 1.0000 1.0000 0.0013 0.0093 0.0652 0.4603 1.0000 1.0000 0.0006 0.0044 0.0310 0.2205 1.0000 1.0000 0.0003 0.0021 0.0150 0.1070 0.7619 1.0000 1.0000 0.0010 0.0073 0.0519 0.3692 1.0000 1.0000 0.0005 0.0035 0.0252 0.1792 1.0000 1.0000 0.0002 0.0017 0.0122 0.0868 0.6181 1.0000 1.0000 0.0009 0.0029 0.0009 1.0000 1.0000 0.6181 0.0868 0.0122 0.0017 0.0002 1.0000 1.0000 0.1792 0.0252 0.0035 0.0005 1.0000 1.0000 0.3692 0.0519 0.0073 0.0010 1.0000 1.0000 0.7619 0.1070 0.0150 0.0021 0.0003 1.0000 1.0000 0.2205 0.0310 0.0044 0.0006 1.0000 1.0000 0.4603 0.0652 0.0093 0.0013 1.0000 1.0000 1.0000 0.1605 0.0242 0.0037 0.0006 1.0000 1.0000 0.6347 0.0815
0.5794 1.0000 1.0000 0.0006 0.0040 0.0257 0.1654 1.0000 1.0000 1.0000 0.0012 0.0085 0.0587 0.4106 1.0000 1.0000 0.0005 0.0038 0.0271 0.1923 1.0000 1.0000 0.0003 0.0018 0.0131 0.0932 0.6631 1.0000 1.0000 0.0009 0.0063 0.0451 0.3213 1.0000 1.0000 0.0004 0.0031 0.0219 0.1560 1.0000 1.0000 1.0000 0.0015 0.0106 0.0756 0.5380 1.0000 1.0000 0.0007 0.0054 0.0176 0.0054 0.0007 1.0000 1.0000 0.5380 0.0756 0.0106 0.0015 1.0000 1.0000 1.0000 0.1560 0.0219 0.0031 0.0004 1.0000 1.0000 0.3213 0.0451 0.0063 0.0009 1.0000 1.0000 0.6631 0.0932 0.0131 0.0018 0.0003 1.0000 1.0000 0.1923 0.0271 0.0038 0.0005 1.0000 1.0000 0.4106 0.0587 0.0085 0.0012 1.0000 1.0000 1.0000 0.1654 0.0257 0.0040 0.0006 1.0000 1.0000 0.5794
1.0000 1.0000 0.0007 0.0046 0.0285 0.1795 1.0000 1.0000 1.0000 0.0012 0.0080 0.0547 0.3755 1.0000 1.0000 0.0005 0.0034 0.0237 0.1683 1.0000 1.0000 1.0000 0.0016 0.0114 0.0811 0.5772 1.0000 1.0000 0.0008 0.0055 0.0393 0.2797 1.0000 1.0000 0.0004 0.0027 0.0191 0.1358 0.9663 1.0000 1.0000 0.0013 0.0092 0.0658 0.4682 1.0000 1.0000 0.0006 0.0045 0.0332 0.1095 0.0332 0.0045 0.0006 1.0000 1.0000 0.4682 0.0658 0.0092 0.0013 1.0000 1.0000 0.9663 0.1358 0.0191 0.0027 0.0004 1.0000 1.0000 0.2797 0.0393 0.0055 0.0008 1.0000 1.0000 0.5772 0.0811 0.0114 0.0016 1.0000 1.0000 1.0000 0.1683 0.0237 0.0034 0.0005 1.0000 1.0000 0.3755 0.0547 0.0080 0.0012 1.0000 1.0000 1.0000 0.1795 0.0285 0.0046 0.0007 1.0000 1.0000
1.0000 0.0009 0.0052 0.0324 0.2016 1.0000 1.0000 1.0000 0.0012 0.0080 0.0533 0.3581 1.0000 1.0000 0.0004 0.0030 0.0211 0.1484 1.0000 1.0000 1.0000 0.0014 0.0099 0.0706 0.5024 1.0000 1.0000 0.0007 0.0048 0.0342 0.2434 1.0000 1.0000 0.0003 0.0023 0.0166 0.1182 0.8411 1.0000 1.0000 0.0011 0.0080 0.0573 0.4075 1.0000 1.0000 0.0005 0.0039 0.0281 0.2055 0.6771 0.2055 0.0281 0.0039 0.0005 1.0000 1.0000 0.4075 0.0573 0.0080 0.0011 1.0000 1.0000 0.8411 0.1182 0.0166 0.0023 0.0003 1.0000 1.0000 0.2434 0.0342 0.0048 0.0007 1.0000 1.0000 0.5024 0.0706 0.0099 0.0014 1.0000 1.0000 1.0000 0.1484 0.0211 0.0030 0.0004 1.0000 1.0000 0.3581 0.0533 0.0080 0.0012 1.0000 1.0000 1.0000 0.2016 0.0324 0.0052 0.0009 1.0000
0.0008 0.0061 0.0370 0.2299 1.0000 1.0000 1.0000 0.0013 0.0085 0.0547 0.3581 1.0000 1.0000 0.0004 0.0028 0.0191 0.1332 0.9338 1.0000 1.0000 0.0012 0.0087 0.0615 0.4381 1.0000 1.0000 0.0006 0.0042 0.0298 0.2119 1.0000 1.0000 0.0003 0.0020 0.0144 0.1028 0.7321 1.0000 1.0000 0.0010 0.0070 0.0498 0.3547 1.0000 1.0000 0.0005 0.0034 0.0242 0.1738 1.0000 1.0000 1.0000 0.1738 0.0242 0.0034 0.0005 1.0000 1.0000 0.3547 0.0498 0.0070 0.0010 1.0000 1.0000 0.7321 0.1028 0.0144 0.0020 0.0003 1.0000 1.0000 0.2119 0.0298 0.0042 0.0006 1.0000 1.0000 0.4381 0.0615 0.0087 0.0012 1.0000 1.0000 0.9338 0.1332 0.0191 0.0028 0.0004 1.0000 1.0000 0.3581 0.0547 0.0085 0.0013 1.0000 1.0000 1.0000 0.2299 0.0370 0.0061 0.0008
0.0056 0.0432 0.2636 1.0000 1.0000 0.0002 0.0015 0.0093 0.0587 0.3755 1.0000 1.0000 0.0004 0.0026 0.0179 0.1230 0.8491 1.0000 1.0000 0.0011 0.0076 0.0540 0.3827 1.0000 1.0000 0.0005 0.0036 0.0259 0.1844 1.0000 1.0000 0.0002 0.0018 0.0126 0.0895 0.6372 1.0000 1.0000 0.0009 0.0061 0.0434 0.3087 1.0000 1.0000 0.0004 0.0030 0.0211 0.1499 1.0000 1.0000 1.0000 1.0000 1.0000 0.1499 0.0211 0.0030 0.0004 1.0000 1.0000 0.3087 0.0434 0.0061 0.0009 1.0000 1.0000 0.6372 0.0895 0.0126 0.0018 0.0002 1.0000 1.0000 0.1844 0.0259 0.0036 0.0005 1.0000 1.0000 0.3827 0.0540 0.0076 0.0011 1.0000 1.0000 0.8491 0.1230 0.0179 0.0026 0.0004 1.0000 1.0000 0.3755 0.0587 0.0093 0.0015 0.0002 1.0000 1.0000 0.2636 0.0432 0.0056
0.0395 0.3081 1.0000 1.0000 0.0003 0.0017 0.0104 0.0652 0.4106 1.0000 1.0000 0.0004 0.0026 0.0175 0.1175 0.7975 1.0000 1.0000 0.0010 0.0068 0.0479 0.3376 1.0000 1.0000 0.0004 0.0032 0.0226 0.1605 1.0000 1.0000 1.0000 0.0015 0.0109 0.0779 0.5546 1.0000 1.0000 0.0007 0.0053 0.0377 0.2687 1.0000 1.0000 0.0004 0.0026 0.0183 0.1304 0.9285 1.0000 1.0000 0.0006 1.0000 1.0000 0.9285 0.1304 0.0183 0.0026 0.0004 1.0000 1.0000 0.2687 0.0377 0.0053 0.0007 1.0000 1.0000 0.5546 0.0779 0.0109 0.0015 1.0000 1.0000 1.0000 0.1605 0.0226 0.0032 0.0004 1.0000 1.0000 0.3376 0.0479 0.0068 0.0010 1.0000 1.0000 0.7975 0.1175 0.0175 0.0026 0.0004 1.0000 1.0000 0.4106 0.0652 0.0104 0.0017 0.0003 1.0000 1.0000 0.3081 0.0395
0.2813 1.0000 1.0000 0.0003 0.0019 0.0119 0.0737 0.4603 1.0000 1.0000 0.0004 0.0028 0.0179 0.1175 0.7795 1.0000 1.0000 0.0009 0.0062 0.0432 0.3018 1.0000 1.0000 0.0004 0.0028 0.0197 0.1402 0.9962 1.0000 1.0000 0.0013 0.0095 0.0678 0.4827 1.0000 1.0000 0.0006 0.0046 0.0329 0.2339 1.0000 1.0000 0.0003 0.0022 0.0159 0.1135 0.8082 1.0000 1.0000 0.0011 0.0037 0.0011 1.0000 1.0000 0.8082 0.1135 0.0159 0.0022 0.0003 1.0000 1.0000 0.2339 0.0329 0.0046 0.0006 1.0000 1.0000 0.4827 0.0678 0.0095 0.0013 1.0000 1.0000 0.9962 0.1402 0.0197 0.0028 0.0004 1.0000 1.0000 0.3018 0.0432 0.0062 0.0009 1.0000 1.0000 0.7795 0.1175 0.0179 0.0028 0.0004 1.0000 1.0000 0.4603 0.0737 0.0119 0.0019 0.0003 1.0000 1.0000 0.2813
1.0000 1.0000 0.0004 0.0022 0.0136 0.0844 0.5238 1.0000 1.0000 0.0005 0.0030 0.0191 0.1230 0.7975 1.0000 1.0000 0.0009 0.0059 0.0400 0.2760 1.0000 1.0000 0.0003 0.0025 0.0174 0.1230 0.8720 1.0000 1.0000 0.0012 0.0083 0.0590 0.4201 1.0000 1.0000 0.0006 0.0040 0.0286 0.2036 1.0000 1.0000 0.0003 0.0020 0.0139 0.0988 0.7034 1.0000 1.0000 0.0010 0.0070 0.0231 0.0070 0.0010 1.0000 1.0000 0.7034 0.0988 0.0139 0.0020 0.0003 1.0000 1.0000 0.2036 0.0286 0.0040 0.0006 1.0000 1.0000 0.4201 0.0590 0.0083 0.0012 1.0000 1.0000 0.8720 0.1230 0.0174 0.0025 0.0003 1.0000 1.0000 0.2760 0.0400 0.0059 0.0009 1.0000 1.0000 0.7975 0.1230 0.0191 0.0030 0.0005 1.0000 1.0000 0.5238 0.0844 0.0136 0.0022 0.0004 1.0000 1.0000
1.0000 0.0004 0.0025 0.0156 0.0970 0.6007 1.0000 1.0000 0.0005 0.0034 0.0211 0.1332 0.8491 1.0000 1.0000 0.0009 0.0057 0.0385 0.2602 1.0000 1.0000 0.0003 0.0022 0.0155 0.1089 0.7677 1.0000 1.0000 0.0010 0.0072 0.0514 0.3657 1.0000 1.0000 0.0005 0.0035 0.0249 0.1772 1.0000 1.0000 0.0002 0.0017 0.0121 0.0860 0.6122 1.0000 1.0000 0.0008 0.0059 0.0434 0.1429 0.0434 0.0059 0.0008 1.0000 1.0000 0.6122 0.0860 0.0121 0.0017 0.0002 1.0000 1.0000 0.1772 0.0249 0.0035 0.0005 1.0000 1.0000 0.3657 0.0514 0.0072 0.0010 1.0000 1.0000 0.7677 0.1089 0.0155 0.0022 0.0003 1.0000 1.0000 0.2602 0.0385 0.0057 0.0009 1.0000 1.0000 0.8491 0.1332 0.0211 0.0034 0.0005 1.0000 1.0000 0.6007 0.0970 0.0156 0.0025 0.0004 1.0000
0.0004 0.0029 0.0179 0.1114 0.6901 1.0000 1.0000 0.0006 0.0038 0.0237 0.1484 0.9338 1.0000 1.0000 0.0009 0.0059 0.0385 0.2553 1.0000 1.0000 0.0003 0.0020 0.0140 0.0977 0.6849 1.0000 1.0000 0.0009 0.0063 0.0449 0.3189 1.0000 1.0000 0.0004 0.0030 0.0217 0.1542 1.0000 1.0000 1.0000 0.0015 0.0105 0.0749 0.5329 1.0000 1.0000 0.0007 0.0051 0.0367 0.2687 0.8854 0.2687 0.0367 0.0051 0.0007 1.0000 1.0000 0.5329 0.0749 0.0105 0.0015 1.0000 1.0000 1.0000 0.1542 0.0217 0.0030 0.0004 1.0000 1.0000 0.3189 0.0449 0.0063 0.0009 1.0000 1.0000 0.6849 0.0977 0.0140 0.0020 0.0003 1.0000 1.0000 0.2553 0.0385 0.0059 0.0009 1.0000 1.0000 0.9338 0.1484 0.0237 0.0038 0.0006 1.0000 1.0000 0.6901 0.1114 0.0179 0.0029 0.0004
0.0027 0.0210 0.1277 0.7929 1.0000 1.0000 0.0007 0.0044 0.0271 0.1683 1.0000 1.0000 1.0000 0.0010 0.0062 0.0400 0.2602 1.0000 1.0000 0.0003 0.0019 0.0130 0.0897 0.6216 1.0000 1.0000 0.0008 0.0056 0.0394 0.2791 1.0000 1.0000 0.0004 0.0026 0.0189 0.1342 0.9554 1.0000 1.0000 0.0013 0.0092 0.0652 0.4638 1.0000 1.0000 0.0006 0.0044 0.0316 0.2273 1.0000 1.0000 1.0000 0.2273 0.0316 0.0044 0.0006 1.0000 1.0000 0.4638 0.0652 0.0092 0.0013 1.0000 1.0000 0.9554 0.1342 0.0189 0.0026 0.0004 1.0000 1.0000 0.2791 0.0394 0.0056 0.0008 1.0000 1.0000 0.6216 0.0897 0.0130 0.0019 0.0003 1.0000 1.0000 0.2602 0.0400 0.0062 0.0010 1.0000 1.0000 1.0000 0.1683 0.0271 0.0044 0.0007 1.0000 1.0000 0.7929 0.1277 0.0210 0.0027
0.0192 0.1493 0.9093 1.0000 1.0000 0.0008 0.0050 0.0310 0.1923 1.0000 1.0000 1.0000 0.0011 0.0068 0.0432 0.2760 1.0000 1.0000 0.0003 0.0019 0.0126 0.0849 0.5783 1.0000 1.0000 0.0007 0.0050 0.0350 0.2467 1.0000 1.0000 0.0003 0.0023 0.0164 0.1168 0.8315 1.0000 1.0000 0.0011 0.0080 0.0567 0.4037 1.0000 1.0000 0.0005 0.0039 0.0275 0.1960 1.0000 1.0000 1.0000 1.0000 1.0000 0.1960 0.0275 0.0039 0.0005 1.0000 1.0000 0.4037 0.0567 0.0080 0.0011 1.0000 1.0000 0.8315 0.1168 0.0164 0.0023 0.0003 1.0000 1.0000 0.2467 0.0350 0.0050 0.0007 1.0000 1.0000 0.5783 0.0849 0.0126 0.0019 0.0003 1.0000 1.0000 0.2760 0.0432 0.0068 0.0011 1.0000 1.0000 1.0000 0.1923 0.0310 0.0050 0.0008 1.0000 1.0000 0.9093 0.1493 0.0192
0.1363 1.0000 1.0000 1.0000 0.0009 0.0057 0.0356 0.2205 1.0000 1.0000 1.0000 0.0012 0.0076 0.0479 0.3018 1.0000 1.0000 0.0003 0.0019 0.0126 0.0834 0.5577 1.0000 1.0000 0.0007 0.0045 0.0316 0.2209 1.0000 1.0000 0.0003 0.0020 0.0144 0.1021 0.7251 1.0000 1.0000 0.0010 0.0069 0.0494 0.3513 1.0000 1.0000 0.0005 0.0034 0.0239 0.1702 1.0000 1.0000 1.0000 0.0008 1.0000 1.0000 1.0000 0.1702 0.0239 0.0034 0.0005 1.0000 1.0000 0.3513 0.0494 0.0069 0.0010 1.0000 1.0000 0.7251 0.1021 0.0144 0.0020 0.0003 1.0000 1.0000 0.2209 0.0316 0.0045 0.0007 1.0000 1.0000 0.5577 0.0834 0.0126 0.0019 0.0003 1.0000 1.0000 0.3018 0.0479 0.0076 0.0012 1.0000 1.0000 1.0000 0.2205 0.0356 0.0057 0.0009 1.0000 1.0000 1.0000 0.1363
0.9719 1.0000 1.0000 0.0011 0.0066 0.0409 0.2533 1.0000 1.0000 1.0000 0.0014 0.0087 0.0540 0.3376 1.0000 1.0000 0.0003 0.0020 0.0130 0.0849 0.5577 1.0000 1.0000 0.0006 0.0042 0.0291 0.2012 1.0000 1.0000 0.0003 0.0018 0.0127 0.0897 0.6347 1.0000 1.0000 0.0008 0.0060 0.0430 0.3058 1.0000 1.0000 0.0004 0.0029 0.0208 0.1482 1.0000 1.0000 1.0000 0.0015 0.0049 0.0015 1.0000 1.0000 1.0000 0.1482 0.0208 0.0029 0.0004 1.0000 1.0000 0.3058 0.0430 0.0060 0.0008 1.0000 1.0000 0.6347 0.0897 0.0127 0.0018 0.0003 1.0000 1.0000 0.2012 0.0291 0.0042 0.0006 1.0000 1.0000 0.5577 0.0849 0.0130 0.0020 0.0003 1.0000 1.0000 0.3376 0.0540 0.0087 0.0014 1.0000 1.0000 1.0000 0.2533 0.0409 0.0066 0.0011 1.0000 1.0000 0.9719
1.0000 1.0000 0.0012 0.0076 0.0470 0.2910 1.0000 1.0000 0.0003 0.0016 0.0099 0.0615 0.3827 1.0000 1.0000 0.0003 0.0022 0.0140 0.0897 0.5783 1.0000 1.0000 0.0006 0.0041 0.0276 0.1883 1.0000 1.0000 1.0000 0.0016 0.0113 0.0794 0.5599 1.0000 1.0000 0.0007 0.0053 0.0374 0.2662 1.0000 1.0000 0.0004 0.0025 0.0181 0.1290 0.9180 1.0000 1.0000 0.0012 0.0091 0.0301 0.0091 0.0012 1.0000 1.0000 0.9180 0.1290 0.0181 0.0025 0.0004 1.0000 1.0000 0.2662 0.0374 0.0053 0.0007 1.0000 1.0000 0.5599 0.0794 0.0113 0.0016 1.0000 1.0000 1.0000 0.1883 0.0276 0.0041 0.0006 1.0000 1.0000 0.5783 0.0897 0.0140 0.0022 0.0003 1.0000 1.0000 0.3827 0.0615 0.0099 0.0016 0.0003 1.0000 1.0000 0.2910 0.0470 0.0076 0.0012 1.0000 1.0000
1.0000 0.0014 0.0087 0.0540 0.3344 1.0000 1.0000 0.0003 0.0018 0.0114 0.0706 0.4381 1.0000 1.0000 0.0004 0.0025 0.0155 0.0977 0.6216 1.0000 1.0000 0.0006 0.0041 0.0271 0.1816 1.0000 1.0000 1.0000 0.0015 0.0102 0.0712 0.4985 1.0000 1.0000 0.0007 0.0046 0.0327 0.2321 1.0000 1.0000 0.0003 0.0022 0.0158 0.1122 0.7990 1.0000 1.0000 0.0011 0.0077 0.0566 0.1869 0.0566 0.0077 0.0011 1.0000 1.0000 0.7990 0.1122 0.0158 0.0022 0.0003 1.0000 1.0000 0.2321 0.0327 0.0046 0.0007 1.0000 1.0000 0.4985 0.0712 0.0102 0.0015 1.0000 1.0000 1.0000 0.1816 0.0271 0.0041 0.0006 1.0000 1.0000 0.6216 0.0977 0.0155 0.0025 0.0004 1.0000 1.0000 0.4381 0.0706 0.0114 0.0018 0.0003 1.0000 1.0000 0.3344 0.0540 0.0087 0.0014 1.0000
0.0013 0.0102 0.0620 0.3842 1.0000 1.0000 0.0003 0.0021 0.0131 0.0811 0.5024 1.0000 1.0000 0.0004 0.0028 0.0174 0.1089 0.6849 1.0000 1.0000 0.0007 0.0042 0.0276 0.1816 1.0000 1.0000 1.0000 0.0014 0.0094 0.0650 0.4516 1.0000 1.0000 0.0006 0.0041 0.0288 0.2036 1.0000 1.0000 0.0003 0.0019 0.0137 0.0977 0.6954 1.0000 1.0000 0.0009 0.0067 0.0479 0.3507 1.0000 0.3507 0.0479 0.0067 0.0009 1.0000 1.0000 0.6954 0.0977 0.0137 0.0019 0.0003 1.0000 1.0000 0.2036 0.0288 0.0041 0.0006 1.0000 1.0000 0.4516 0.0650 0.0094 0.0014 1.0000 1.0000 1.0000 0.1816 0.0276 0.0042 0.0007 1.0000 1.0000 0.6849 0.1089 0.0174 0.0028 0.0004 1.0000 1.0000 0.5024 0.0811 0.0131 0.0021 0.0003 1.0000 1.0000 0.3842 0.0620 0.0102 0.0013
0.0093 0.0725 0.4414 1.0000 1.0000 0.0004 0.0024 0.0150 0.0932 0.5772 1.0000 1.0000 0.0005 0.0032 0.0197 0.1230 0.7677 1.0000 1.0000 0.0007 0.0045 0.0291 0.1883 1.0000 1.0000 1.0000 0.0013 0.0090 0.0611 0.4177 1.0000 1.0000 0.0005 0.0036 0.0255 0.1799 1.0000 1.0000 0.0002 0.0017 0.0120 0.0850 0.6053 1.0000 1.0000 0.0008 0.0058 0.0413 0.2966 1.0000 1.0000 1.0000 0.2966 0.0413 0.0058 0.0008 1.0000 1.0000 0.6053 0.0850 0.0120 0.0017 0.0002 1.0000 1.0000 0.1799 0.0255 0.0036 0.0005 1.0000 1.0000 0.4177 0.0611 0.0090 0.0013 1.0000 1.0000 1.0000 0.1883 0.0291 0.0045 0.0007 1.0000 1.0000 0.7677 0.1230 0.0197 0.0032 0.0005 1.0000 1.0000 0.5772 0.0932 0.0150 0.0024 0.0004 1.0000 1.0000 0.4414 0.0725 0.0093
0.0662 0.5149 1.0000 1.0000 0.0005 0.0028 0.0173 0.1070 0.6631 1.0000 1.0000 0.0006 0.0036 0.0226 0.1402 0.8720 1.0000 1.0000 0.0008 0.0050 0.0316 0.2012 1.0000 1.0000 1.0000 0.0013 0.0088 0.0590 0.3983 1.0000 1.0000 0.0005 0.0033 0.0230 0.1605 1.0000 1.0000 1.0000 0.0015 0.0105 0.0743 0.5278 1.0000 1.0000 0.0007 0.0050 0.0359 0.2557 1.0000 1.0000 1.0000 1.0000 1.0000 0.2557 0.0359 0.0050 0.0007 1.0000 1.0000 0.5278 0.0743 0.0105 0.0015 1.0000 1.0000 1.0000 0.1605 0.0230 0.0033 0.0005 1.0000 1.0000 0.3983 0.0590 0.0088 0.0013 1.0000 1.0000 1.0000 0.2012 0.0316 0.0050 0.0008 1.0000 1.0000 0.8720 0.1402 0.0226 0.0036 0.0006 1.0000 1.0000 0.6631 0.1070 0.0173 0.0028 0.0005 1.0000 1.0000 0.5149 0.0662
0.4709 1.0000 1.0000 0.0005 0.0032 0.0198 0.1230 0.7619 1.0000 1.0000 0.0007 0.0042 0.0259 0.1605 0.9962 1.0000 1.0000 0.0009 0.0056 0.0350 0.2209 1.0000 1.0000 1.0000 0.0014 0.0090 0.0590 0.3916 1.0000 1.0000 0.0004 0.0031 0.0211 0.1459 1.0000 1.0000 1.0000 0.0013 0.0092 0.0653 0.4620 1.0000 1.0000 0.0006 0.0044 0.0313 0.2226 1.0000 1.0000 0.0003 0.0010 0.0003 1.0000 1.0000 0.2226 0.0313 0.0044 0.0006 1.0000 1.0000 0.4620 0.0653 0.0092 0.0013 1.0000 1.0000 1.0000 0.1459 0.0211 0.0031 0.0004 1.0000 1.0000 0.3916 0.0590 0.0090 0.0014 1.0000 1.0000 1.0000 0.2209 0.0350 0.0056 0.0009 1.0000 1.0000 0.9962 0.1605 0.0259 0.0042 0.0007 1.0000 1.0000 0.7619 0.1230 0.0198 0.0032 0.0005 1.0000 1.0000 0.4709
1.0000 1.0000 0.0006 0.0037 0.0228 0.1413 0.8754 1.0000 1.0000 0.0008 0.0048 0.0298 0.1844 1.0000 1.0000 1.0000 0.0010 0.0063 0.0394 0.2467 1.0000 1.0000 1.0000 0.0015 0.0094 0.0611 0.3983 1.0000 1.0000 0.0004 0.0029 0.0198 0.1352 0.9303 1.0000 1.0000 0.0012 0.0082 0.0578 0.4075 1.0000 1.0000 0.0005 0.0038 0.0272 0.1937 1.0000 1.0000 0.0003 0.0019 0.0064 0.0019 0.0003 1.0000 1.0000 0.1937 0.0272 0.0038 0.0005 1.0000 1.0000 0.4075 0.0578 0.0082 0.0012 1.0000 1.0000 0.9303 0.1352 0.0198 0.0029 0.0004 1.0000 1.0000 0.3983 0.0611 0.0094 0.0015 1.0000 1.0000 1.0000 0.2467 0.0394 0.0063 0.0010 1.0000 1.0000 1.0000 0.1844 0.0298 0.0048 0.0008 1.0000 1.0000 0.8754 0.1413 0.0228 0.0037 0.0006 1.0000 1.0000
1.0000 0.0007 0.0042 0.0262 0.1623 1.0000 1.0000 1.0000 0.0009 0.0055 0.0342 0.2119 1.0000 1.0000 1.0000 0.0012 0.0072 0.0449 0.2791 1.0000 1.0000 0.0003 0.0016 0.0102 0.0650 0.4177 1.0000 1.0000 0.0004 0.0029 0.0192 0.1292 0.8770 1.0000 1.0000 0.0011 0.0074 0.0518 0.3629 1.0000 1.0000 0.0005 0.0034 0.0238 0.1689 1.0000 1.0000 1.0000 0.0016 0.0119 0.0394 0.0119 0.0016 1.0000 1.0000 1.0000 0.1689 0.0238 0.0034 0.0005 1.0000 1.0000 0.3629 0.0518 0.0074 0.0011 1.0000 1.0000 0.8770 0.1292 0.0192 0.0029 0.0004 1.0000 1.0000 0.4177 0.0650 0.0102 0.0016 0.0003 1.0000 1.0000 0.2791 0.0449 0.0072 0.0012 1.0000 1.0000 1.0000 0.2119 0.0342 0.0055 0.0009 1.0000 1.0000 1.0000 0.1623 0.0262 0.0042 0.0007 1.0000
0.0006 0.0049 0.0300 0.1865 1.0000 1.0000 1.0000 0.0010 0.0063 0.0393 0.2434 1.0000 1.0000 1.0000 0.0013 0.0083 0.0514 0.3189 1.0000 1.0000 0.0003 0.0018 0.0113 0.0712 0.4516 1.0000 1.0000 0.0004 0.0029 0.0192 0.1270 0.8491 1.0000 1.0000 0.0010 0.0068 0.0471 0.3275 1.0000 1.0000 0.0004 0.0030 0.0209 0.1482 1.0000 1.0000 1.0000 0.0014 0.0101 0.0740 0.2439 0.0740 0.0101 0.0014 1.0000 1.0000 1.0000 0.1482 0.0209 0.0030 0.0004 1.0000 1.0000 0.3275 0.0471 0.0068 0.0010 1.0000 1.0000 0.8491 0.1270 0.0192 0.0029 0.0004 1.0000 1.0000 0.4516 0.0712 0.0113 0.0018 0.0003 1.0000 1.0000 0.3189 0.0514 0.0083 0.0013 1.0000 1.0000 1.0000 0.2434 0.0393 0.0063 0.0010 1.0000 1.0000 1.0000 0.1865 0.0300 0.0049 0.0006
0.0045 0.0351 0.2139 1.0000 1.0000 1.0000 0.0012 0.0073 0.0451 0.2797 1.0000 1.0000 0.0002 0.0015 0.0095 0.0590 0.3657 1.0000 1.0000 0.0003 0.0020 0.0127 0.0794 0.4985 1.0000 1.0000 0.0005 0.0031 0.0198 0.1292 0.8491 1.0000 1.0000 0.0009 0.0064 0.0438 0.3012 1.0000 1.0000 0.0004 0.0026 0.0185 0.1307 0.9232 1.0000 1.0000 0.0012 0.0087 0.0626 0.4585 1.0000 0.4585 0.0626 0.0087 0.0012 1.0000 1.0000 0.9232 0.1307 0.0185 0.0026 0.0004 1.0000 1.0000 0.3012 0.0438 0.0064 0.0009 1.0000 1.0000 0.8491 0.1292 0.0198 0.0031 0.0005 1.0000 1.0000 0.4985 0.0794 0.0127 0.0020 0.0003 1.0000 1.0000 0.3657 0.0590 0.0095 0.0015 0.0002 1.0000 1.0000 0.2797 0.0451 0.0073 0.0012 1.0000 1.0000 1.0000 0.2139 0.0351 0.0045
0.0321 0.2500 1.0000 1.0000 1.0000 0.0014 0.0084 0.0519 0.3213 1.0000 1.0000 0.0003 0.0018 0.0109 0.0678 0.4201 1.0000 1.0000 0.0004 0.0023 0.0144 0.0897 0.5599 1.0000 1.0000 0.0005 0.0033 0.0211 0.1352 0.8770 1.0000 1.0000 0.0009 0.0062 0.0418 0.2839 1.0000 1.0000 0.0003 0.0024 0.0167 0.1166 0.8190 1.0000 1.0000 0.0011 0.0076 0.0541 0.3886 1.0000 1.0000 1.0000 0.3886 0.0541 0.0076 0.0011 1.0000 1.0000 0.8190 0.1166 0.0167 0.0024 0.0003 1.0000 1.0000 0.2839 0.0418 0.0062 0.0009 1.0000 1.0000 0.8770 0.1352 0.0211 0.0033 0.0005 1.0000 1.0000 0.5599 0.0897 0.0144 0.0023 0.0004 1.0000 1.0000 0.4201 0.0678 0.0109 0.0018 0.0003 1.0000 1.0000 0.3213 0.0519 0.0084 0.0014 1.0000 1.0000 1.0000 0.2500 0.0321
0.2286 1.0000 1.0000 0.0003 0.0016 0.0096 0.0596 0.3692 1.0000 1.0000 0.0003 0.0020 0.0126 0.0779 0.4827 1.0000 1.0000 0.0004 0.0026 0.0164 0.1021 0.6347 1.0000 1.0000 0.0006 0.0036 0.0230 0.1459 0.9303 1.0000 1.0000 0.0009 0.0062 0.0412 0.2754 1.0000 1.0000 0.0003 0.0022 0.0152 0.1056 0.7362 1.0000 1.0000 0.0010 0.0067 0.0475 0.3363 1.0000 1.0000 1.0000 1.0000 1.0000 0.3363 0.0475 0.0067 0.0010 1.0000 1.0000 0.7362 0.1056 0.0152 0.0022 0.0003 1.0000 1.0000 0.2754 0.0412 0.0062 0.0009 1.0000 1.0000 0.9303 0.1459 0.0230 0.0036 0.0006 1.0000 1.0000 0.6347 0.1021 0.0164 0.0026 0.0004 1.0000 1.0000 0.4827 0.0779 0.0126 0.0020 0.0003 1.0000 1.0000 0.3692 0.0596 0.0096 0.0016 0.0003 1.0000 1.0000 0.2286
1.0000 1.0000 0.0003 0.0018 0.0110 0.0685 0.4241 1.0000 1.0000 0.0004 0.0023 0.0144 0.0895 0.5546 1.0000 1.0000 0.0005 0.0030 0.0189 0.1168 0.7251 1.0000 1.0000 0.0007 0.0041 0.0255 0.1605 1.0000 1.0000 1.0000 0.0010 0.0064 0.0418 0.2754 1.0000 1.0000 0.0003 0.0021 0.0141 0.0973 0.6707 1.0000 1.0000 0.0008 0.0060 0.0420 0.2961 1.0000 1.0000 0.0004 0.0013 0.0004 1.0000 1.0000 0.2961 0.0420 0.0060 0.0008 1.0000 1.0000 0.6707 0.0973 0.0141 0.0021 0.0003 1.0000 1.0000 0.2754 0.0418 0.0064 0.0010 1.0000 1.0000 1.0000 0.1605 0.0255 0.0041 0.0007 1.0000 1.0000 0.7251 0.1168 0.0189 0.0030 0.0005 1.0000 1.0000 0.5546 0.0895 0.0144 0.0023 0.0004 1.0000 1.0000 0.4241 0.0685 0.0110 0.0018 0.0003 1.0000 1.0000
1.0000 0.0003 0.0020 0.0127 0.0787 0.4873 1.0000 1.0000 0.0004 0.0027 0.0166 0.1028 0.6372 1.0000 1.0000 0.0006 0.0035 0.0217 0.1342 0.8315 1.0000 1.0000 0.0007 0.0046 0.0288 0.1799 1.0000 1.0000 1.0000 0.0011 0.0068 0.0438 0.2839 1.0000 1.0000 0.0003 0.0020 0.0135 0.0918 0.6264 1.0000 1.0000 0.0008 0.0054 0.0375 0.2631 1.0000 1.0000 0.0003 0.0025 0.0084 0.0025 0.0003 1.0000 1.0000 0.2631 0.0375 0.0054 0.0008 1.0000 1.0000 0.6264 0.0918 0.0135 0.0020 0.0003 1.0000 1.0000 0.2839 0.0438 0.0068 0.0011 1.0000 1.0000 1.0000 0.1799 0.0288 0.0046 0.0007 1.0000 1.0000 0.8315 0.1342 0.0217 0.0035 0.0006 1.0000 1.0000 0.6372 0.1028 0.0166 0.0027 0.0004 1.0000 1.0000 0.4873 0.0787 0.0127 0.0020 0.0003 1.0000
0.0003 0.0024 0.0146 0.0904 0.5599 1.0000 1.0000 0.0005 0.0031 0.0191 0.1182 0.7321 1.0000 1.0000 0.0006 0.0040 0.0249 0.1542 0.9554 1.0000 1.0000 0.0008 0.0053 0.0327 0.2036 1.0000 1.0000 1.0000 0.0012 0.0074 0.0471 0.3012 1.0000 1.0000 0.0003 0.0020 0.0133 0.0890 0.5995 1.0000 1.0000 0.0007 0.0049 0.0340 0.2370 1.0000 1.0000 0.0003 0.0022 0.0159 0.0522 0.0159 0.0022 0.0003 1.0000 1.0000 0.2370 0.0340 0.0049 0.0007 1.0000 1.0000 0.5995 0.0890 0.0133 0.0020 0.0003 1.0000 1.0000 0.3012 0.0471 0.0074 0.0012 1.0000 1.0000 1.0000 0.2036 0.0327 0.0053 0.0008 1.0000 1.0000 0.9554 0.1542 0.0249 0.0040 0.0006 1.0000 1.0000 0.7321 0.1182 0.0191 0.0031 0.0005 1.0000 1.0000 0.5599 0.0904 0.0146 0.0024 0.0003
0.0022 0.0170 0.1038 0.6433 1.0000 1.0000 0.0006 0.0035 0.0219 0.1358 0.8411 1.0000 1.0000 0.0007 0.0046 0.0286 0.1772 1.0000 1.0000 1.0000 0.0010 0.0060 0.0374 0.2321 1.0000 1.0000 1.0000 0.0013 0.0082 0.0518 0.3275 1.0000 1.0000 0.0003 0.0021 0.0135 0.0890 0.5905 1.0000 1.0000 0.0007 0.0046 0.0314 0.2167 1.0000 1.0000 0.0003 0.0019 0.0136 0.0990 0.3256 0.0990 0.0136 0.0019 0.0003 1.0000 1.0000 0.2167 0.0314 0.0046 0.0007 1.0000 1.0000 0.5905 0.0890 0.0135 0.0021 0.0003 1.0000 1.0000 0.3275 0.0518 0.0082 0.0013 1.0000 1.0000 1.0000 0.2321 0.0374 0.0060 0.0010 1.0000 1.0000 1.0000 0.1772 0.0286 0.0046 0.0007 1.0000 1.0000 0.8411 0.1358 0.0219 0.0035 0.0006 1.0000 1.0000 0.6433 0.1038 0.0170 0.0022
0.0156 0.1211 0.7391 1.0000 1.0000 0.0007 0.0041 0.0252 0.1560 0.9663 1.0000 1.0000 0.0009 0.0053 0.0329 0.2036 1.0000 1.0000 1.0000 0.0011 0.0069 0.0430 0.2662 1.0000 1.0000 0.0002 0.0015 0.0092 0.0578 0.3629 1.0000 1.0000 0.0003 0.0022 0.0141 0.0918 0.5995 1.0000 1.0000 0.0007 0.0044 0.0297 0.2024 1.0000 1.0000 0.0002 0.0017 0.0121 0.0855 0.6204 1.0000 0.6204 0.0855 0.0121 0.0017 0.0002 1.0000 1.0000 0.2024 0.0297 0.0044 0.0007 1.0000 1.0000 0.5995 0.0918 0.0141 0.0022 0.0003 1.0000 1.0000 0.3629 0.0578 0.0092 0.0015 0.0002 1.0000 1.0000 0.2662 0.0430 0.0069 0.0011 1.0000 1.0000 1.0000 0.2036 0.0329 0.0053 0.0009 1.0000 1.0000 0.9663 0.1560 0.0252 0.0041 0.0007 1.0000 1.0000 0.7391 0.1211 0.0156
0.1108 0.8638 1.0000 1.0000 0.0008 0.0047 0.0289 0.1792 1.0000 1.0000 1.0000 0.0010 0.0061 0.0377 0.2339 1.0000 1.0000 1.0000 0.0013 0.0080 0.0494 0.3058 1.0000 1.0000 0.0003 0.0017 0.0105 0.0653 0.4075 1.0000 1.0000 0.0004 0.0024 0.0152 0.0973 0.6264 1.0000 1.0000 0.0007 0.0043 0.0288 0.1941 1.0000 1.0000 1.0000 0.0016 0.0109 0.0762 0.5390 1.0000 1.0000 1.0000 0.5390 0.0762 0.0109 0.0016 1.0000 1.0000 1.0000 0.1941 0.0288 0.0043 0.0007 1.0000 1.0000 0.6264 0.0973 0.0152 0.0024 0.0004 1.0000 1.0000 0.4075 0.0653 0.0105 0.0017 0.0003 1.0000 1.0000 0.3058 0.0494 0.0080 0.0013 1.0000 1.0000 1.0000 0.2339 0.0377 0.0061 0.0010 1.0000 1.0000 1.0000 0.1792 0.0289 0.0047 0.0008 1.0000 1.0000 0.8638 0.1108
0.7884 1.0000 1.0000 0.0009 0.0054 0.0332 0.2059 1.0000 1.0000 1.0000 0.0011 0.0070 0.0434 0.2687 1.0000 1.0000 0.0002 0.0015 0.0092 0.0567 0.3513 1.0000 1.0000 0.0003 0.0019 0.0120 0.0743 0.4620 1.0000 1.0000 0.0004 0.0026 0.0167 0.1056 0.6707 1.0000 1.0000 0.0007 0.0044 0.0288 0.1908 1.0000 1.0000 1.0000 0.0015 0.0101 0.0698 0.4836 1.0000 1.0000 0.0003 1.0000 1.0000 0.4836 0.0698 0.0101 0.0015 1.0000 1.0000 1.0000 0.1908 0.0288 0.0044 0.0007 1.0000 1.0000 0.6707 0.1056 0.0167 0.0026 0.0004 1.0000 1.0000 0.4620 0.0743 0.0120 0.0019 0.0003 1.0000 1.0000 0.3513 0.0567 0.0092 0.0015 0.0002 1.0000 1.0000 0.2687 0.0434 0.0070 0.0011 1.0000 1.0000 1.0000 0.2059 0.0332 0.0054 0.0009 1.0000 1.0000 0.7884
1.0000 1.0000 0.0010 0.0062 0.0382 0.2366 1.0000 1.0000 1.0000 0.0013 0.0080 0.0498 0.3087 1.0000 1.0000 0.0003 0.0017 0.0105 0.0652 0.4037 1.0000 1.0000 0.0004 0.0022 0.0137 0.0850 0.5278 1.0000 1.0000 0.0005 0.0030 0.0185 0.1166 0.7362 1.0000 1.0000 0.0007 0.0046 0.0297 0.1941 1.0000 1.0000 1.0000 0.0014 0.0096 0.0653 0.4473 1.0000 1.0000 0.0006 0.0019 0.0006 1.0000 1.0000 0.4473 0.0653 0.0096 0.0014 1.0000 1.0000 1.0000 0.1941 0.0297 0.0046 0.0007 1.0000 1.0000 0.7362 0.1166 0.0185 0.0030 0.0005 1.0000 1.0000 0.5278 0.0850 0.0137 0.0022 0.0004 1.0000 1.0000 0.4037 0.0652 0.0105 0.0017 0.0003 1.0000 1.0000 0.3087 0.0498 0.0080 0.0013 1.0000 1.0000 1.0000 0.2366 0.0382 0.0062 0.0010 1.0000 1.0000
1.0000 0.0012 0.0071 0.0439 0.2718 1.0000 1.0000 0.0002 0.0015 0.0092 0.0573 0.3547 1.0000 1.0000 0.0003 0.0020 0.0121 0.0749 0.4638 1.0000 1.0000 0.0004 0.0025 0.0158 0.0977 0.6053 1.0000 1.0000 0.0005 0.0034 0.0209 0.1307 0.8190 1.0000 1.0000 0.0008 0.0049 0.0314 0.2024 1.0000 1.0000 1.0000 0.0014 0.0093 0.0627 0.4241 1.0000 1.0000 0.0005 0.0037 0.0120 0.0037 0.0005 1.0000 1.0000 0.4241 0.0626 0.0093 0.0014 1.0000 1.0000 1.0000 0.2024 0.0314 0.0049 0.0008 1.0000 1.0000 0.8190 0.1307 0.0209 0.0034 0.0005 1.0000 1.0000 0.6053 0.0977 0.0158 0.0025 0.0004 1.0000 1.0000 0.4638 0.0749 0.0121 0.0020 0.0003 1.0000 1.0000 0.3547 0.0573 0.0092 0.0015 0.0002 1.0000 1.0000 0.2718 0.0439 0.0071 0.0012 1.0000
0.0011 0.0083 0.0503 0.3123 1.0000 1.0000 0.0003 0.0017 0.0106 0.0658 0.4075 1.0000 1.0000 0.0004 0.0022 0.0139 0.0860 0.5329 1.0000 1.0000 0.0005 0.0029 0.0181 0.1122 0.6954 1.0000 1.0000 0.0006 0.0038 0.0238 0.1482 0.9232 1.0000 1.0000 0.0008 0.0054 0.0340 0.2167 1.0000 1.0000 1.0000 0.0014 0.0093 0.0618 0.4130 1.0000 1.0000 0.0005 0.0033 0.0235 0.0766 0.0235 0.0033 0.0005 1.0000 1.0000 0.4122 0.0618 0.0093 0.0014 1.0000 1.0000 1.0000 0.2167 0.0340 0.0054 0.0008 1.0000 1.0000 0.9232 0.1482 0.0238 0.0038 0.0006 1.0000 1.0000 0.6954 0.1122 0.0181 0.0029 0.0005 1.0000 1.0000 0.5329 0.0860 0.0139 0.0022 0.0004 1.0000 1.0000 0.4075 0.0658 0.0106 0.0017 0.0003 1.0000 1.0000 0.3123 0.0503 0.0083 0.0011
0.0075 0.0588 0.3581 1.0000 1.0000 0.0003 0.0020 0.0122 0.0756 0.4682 1.0000 1.0000 0.0004 0.0026 0.0159 0.0988 0.6122 1.0000 1.0000 0.0005 0.0034 0.0208 0.1290 0.7990 1.0000 1.0000 0.0007 0.0044 0.0272 0.1689 1.0000 1.0000 1.0000 0.0010 0.0060 0.0375 0.2370 1.0000 1.0000 1.0000 0.0015 0.0096 0.0627 0.4130 1.0000 1.0000 0.0005 0.0031 0.0213 0.1510 0.4910 0.1510 0.0213 0.0031 0.0005 1.0000 1.0000 0.4122 0.0626 0.0096 0.0015 1.0000 1.0000 1.0000 0.2370 0.0375 0.0060 0.0010 1.0000 1.0000 1.0000 0.1689 0.0272 0.0044 0.0007 1.0000 1.0000 0.7990 0.1290 0.0208 0.0034 0.0005 1.0000 1.0000 0.6122 0.0988 0.0159 0.0026 0.0004 1.0000 1.0000 0.4682 0.0756 0.0122 0.0020 0.0003 1.0000 1.0000 0.3581 0.0588 0.0075
0.0538 0.4185 1.0000 1.0000 0.0004 0.0023 0.0140 0.0868 0.5380 1.0000 1.0000 0.0005 0.0030 0.0183 0.1135 0.7034 1.0000 1.0000 0.0006 0.0039 0.0239 0.1482 0.9180 1.0000 1.0000 0.0008 0.0050 0.0313 0.1937 1.0000 1.0000 1.0000 0.0011 0.0067 0.0420 0.2631 1.0000 1.0000 0.0002 0.0016 0.0101 0.0653 0.4241 1.0000 1.0000 0.0005 0.0030 0.0203 0.1386 0.9737 1.0000 0.9737 0.1386 0.0203 0.0030 0.0005 1.0000 1.0000 0.4241 0.0653 0.0101 0.0016 0.0002 1.0000 1.0000 0.2631 0.0420 0.0067 0.0011 1.0000 1.0000 1.0000 0.1937 0.0313 0.0050 0.0008 1.0000 1.0000 0.9180 0.1482 0.0239 0.0039 0.0006 1.0000 1.0000 0.7034 0.1135 0.0183 0.0030 0.0005 1.0000 1.0000 0.5380 0.0868 0.0140 0.0023 0.0004 1.0000 1.0000 0.4185 0.0538
0.3820 1.0000 1.0000 0.0004 0.0026 0.0161 0.0998 0.6181 1.0000 1.0000 0.0005 0.0034 0.0211 0.1304 0.8082 1.0000 1.0000 0.0007 0.0044 0.0275 0.1702 1.0000 1.0000 1.0000 0.0009 0.0058 0.0359 0.2226 1.0000 1.0000 1.0000 0.0012 0.0076 0.0475 0.2966 1.0000 1.0000 0.0003 0.0017 0.0109 0.0698 0.4473 1.0000 1.0000 0.0005 0.0030 0.0200 0.1335 0.9076 1.0000 1.0000 1.0000 0.9058 0.1335 0.0200 0.0030 0.0005 1.0000 1.0000 0.4473 0.0698 0.0109 0.0017 0.0003 1.0000 1.0000 0.2961 0.0475 0.0076 0.0012 1.0000 1.0000 1.0000 0.2226 0.0359 0.0058 0.0009 1.0000 1.0000 1.0000 0.1702 0.0275 0.0044 0.0007 1.0000 1.0000 0.8082 0.1304 0.0211 0.0034 0.0005 1.0000 1.0000 0.6181 0.0998 0.0161 0.0026 0.0004 1.0000 1.0000 0.3827
1.0000 1.0000 0.0005 0.0030 0.0185 0.1146 0.7101 1.0000 1.0000 0.0006 0.0039 0.0242 0.1499 0.9285 1.0000 1.0000 0.0008 0.0051 0.0316 0.1956 1.0000 1.0000 1.0000 0.0011 0.0067 0.0413 0.2557 1.0000 1.0000 1.0000 0.0014 0.0087 0.0541 0.3363 1.0000 1.0000 0.0003 0.0019 0.0121 0.0762 0.4836 1.0000 1.0000 0.0005 0.0031 0.0203 0.1335 0.8854 1.0000 1.0000 0.0005 1.0000 1.0000 0.8854 0.1335 0.0203 0.0031 0.0005 1.0000 1.0000 0.4836 0.0762 0.0121 0.0019 0.0003 1.0000 1.0000 0.3363 0.0541 0.0087 0.0014 1.0000 1.0000 1.0000 0.2557 0.0413 0.0067 0.0011 1.0000 1.0000 1.0000 0.1960 0.0316 0.0051 0.0008 1.0000 1.0000 0.9285 0.1499 0.0242 0.0039 0.0006 1.0000 1.0000 0.7101 0.1148 0.0185 0.0030 0.0005 1.0000 1.0000
1.0000 0.0006 0.0034 0.0213 0.1317 0.8159 1.0000 1.0000 0.0007 0.0045 0.0278 0.1722 1.0000 1.0000 1.0000 0.0009 0.0059 0.0363 0.2247 1.0000 1.0000 1.0000 0.0012 0.0077 0.0474 0.2938 1.0000 1.0000 0.0003 0.0016 0.0100 0.0619 0.3842 1.0000 1.0000 0.0003 0.0022 0.0135 0.0845 0.5329 1.0000 1.0000 0.0005 0.0033 0.0211 0.1371 0.8973 1.0000 1.0000 0.0010 0.0033 0.0010 1.0000 1.0000 0.9058 0.1386 0.0213 0.0033 0.0005 1.0000 1.0000 0.5390 0.0855 0.0136 0.0022 0.0003 1.0000 1.0000 0.3886 0.0626 0.0101 0.0016 0.0003 1.0000 1.0000 0.2966 0.0479 0.0077 0.0012 1.0000 1.0000 1.0000 0.2273 0.0367 0.0059 0.0010 1.0000 1.0000 1.0000 0.1738 0.0281 0.0045 0.0007 1.0000 1.0000 0.8252 0.1332 0.0215 0.0035 0.0006 1.0000
0.0005 0.0040 0.0244 0.1513 0.9374 1.0000 1.0000 0.0008 0.0052 0.0319 0.1978 1.0000 1.0000 1.0000 0.0011 0.0067 0.0417 0.2582 1.0000 1.0000 1.0000 0.0014 0.0088 0.0545 0.3376 1.0000 1.0000 0.0003 0.0019 0.0115 0.0711 0.4406 1.0000 1.0000 0.0004 0.0024 0.0152 0.0949 0.5950 1.0000 1.0000 0.0006 0.0035 0.0225 0.1443 0.9321 1.0000 1.0000 0.0010 0.0068 0.0225 0.0070 0.0010 1.0000 1.0000 0.9737 0.1510 0.0235 0.0037 0.0006 1.0000 1.0000 0.6204 0.0990 0.0159 0.0025 0.0004 1.0000 1.0000 0.4585 0.0740 0.0119 0.0019 0.0003 1.0000 1.0000 0.3507 0.0566 0.0091 0.0015 1.0000 1.0000 1.0000 0.2687 0.0434 0.0070 0.0011 1.0000 1.0000 1.0000 0.2055 0.0332 0.0054 0.0009 1.0000 1.0000 0.9756 0.1572 0.0253 0.0041 0.0005
0.0037 0.0285 0.1738 1.0000 1.0000 1.0000 0.0010 0.0059 0.0367 0.2273 1.0000 1.0000 1.0000 0.0012 0.0077 0.0479 0.2966 1.0000 1.0000 0.0003 0.0016 0.0101 0.0626 0.3879 1.0000 1.0000 0.0003 0.0021 0.0132 0.0817 0.5062 1.0000 1.0000 0.0004 0.0028 0.0173 0.1076 0.6720 1.0000 1.0000 0.0006 0.0039 0.0245 0.1557 0.9943 1.0000 1.0000 0.0010 0.0067 0.0498 0.1017 0.0222 0.0033 0.0005 1.0000 1.0000 0.4910 0.0766 0.0120 0.0019 0.0003 1.0000 1.0000 0.3256 0.0522 0.0084 0.0013 1.0000 1.0000 1.0000 0.2439 0.0394 0.0064 0.0010 1.0000 1.0000 1.0000 0.1869 0.0301 0.0049 0.0008 1.0000 1.0000 0.8854 0.1429 0.0231 0.0037 0.0006 1.0000 1.0000 0.6771 0.1095 0.0176 0.0029 0.0005 1.0000 1.0000 0.5189 0.0837 0.0139 0.0018
0.0262 0.2039 1.0000 1.0000 1.0000 0.0011 0.0068 0.0424 0.2626 1.0000 1.0000 1.0000 0.0014 0.0089 0.0553 0.3428 1.0000 1.0000 0.0003 0.0019 0.0117 0.0723 0.4482 1.0000 1.0000 0.0004 0.0025 0.0152 0.0944 0.5849 1.0000 1.0000 0.0005 0.0032 0.0199 0.1237 0.7677 1.0000 1.0000 0.0007 0.0043 0.0273 0.1722 1.0000 1.0000 1.0000 0.0011 0.0069 0.0483 0.1872 0.0388 0.0067 0.0010 1.0000 1.0000 0.9737 0.1510 0.0235 0.0037 0.0006 1.0000 1.0000 0.6204 0.0990 0.0159 0.0025 0.0004 1.0000 1.0000 0.4585 0.0740 0.0119 0.0019 0.0003 1.0000 1.0000 0.3507 0.0566 0.0091 0.0015 1.0000 1.0000 1.0000 0.2687 0.0434 0.0070 0.0011 1.0000 1.0000 1.0000 0.2055 0.0332 0.0054 0.0009 1.0000 1.0000 0.9756 0.1572 0.0253 0.0041 0.0005
0.1872 1.0000 1.0000 1.0000 0.0013 0.0080 0.0496 0.3075 1.0000 1.0000 0.0003 0.0017 0.0105 0.0649 0.4021 1.0000 1.0000 0.0004 0.0022 0.0137 0.0847 0.5248 1.0000 1.0000 0.0005 0.0029 0.0179 0.1108 0.6862 1.0000 1.0000 0.0006 0.0038 0.0233 0.1445 0.8973 1.0000 1.0000 0.0008 0.0050 0.0312 0.1956 1.0000 1.0000 1.0000 0.0012 0.0074 0.0484 0.3369 0.3547 0.0046 0.0010 1.0000 1.0000 0.9076 0.1386 0.0213 0.0033 0.0005 1.0000 1.0000 0.5390 0.0855 0.0136 0.0022 0.0003 1.0000 1.0000 0.3886 0.0626 0.0101 0.0016 0.0003 1.0000 1.0000 0.2966 0.0479 0.0077 0.0012 1.0000 1.0000 1.0000 0.2273 0.0367 0.0059 0.0010 1.0000 1.0000 1.0000 0.1738 0.0281 0.0045 0.0007 1.0000 1.0000 0.8252 0.1332 0.0215 0.0035 0.0006 1.0000
0.9445 1.0000 1.0000 0.0010 0.0062 0.0386 0.2393 1.0000 1.0000 1.0000 0.0013 0.0082 0.0505 0.3129 1.0000 1.0000 0.0003 0.0017 0.0106 0.0659 0.4083 1.0000 1.0000 0.0004 0.0022 0.0139 0.0862 0.5339 1.0000 1.0000 0.0005 0.0029 0.0182 0.1131 0.7034 1.0000 1.0000 0.0006 0.0040 0.0250 0.1575 0.9962 1.0000 1.0000 0.0010 0.0062 0.0403 0.2651 1.0000 1.0000 0.0003 1.0000 1.0000 0.8854 0.1335 0.0203 0.0031 0.0005 1.0000 1.0000 0.4836 0.0762 0.0121 0.0019 0.0003 1.0000 1.0000 0.3363 0.0541 0.0087 0.0014 1.0000 1.0000 1.0000 0.2557 0.0413 0.0067 0.0011 1.0000 1.0000 1.0000 0.1960 0.0316 0.0051 0.0008 1.0000 1.0000 0.9285 0.1499 0.0242 0.0039 0.0006 1.0000 1.0000 0.7101 0.1148 0.0185 0.0030 0.0005 1.0000 1.0000
0.3916 1.0000 1.0000 0.0004 0.0027 0.0170 0.1052 0.6519 1.0000 1.0000 0.0006 0.0036 0.0222 0.1373 0.8524 1.0000 1.0000 0.0008 0.0047 0.0290 0.1795 1.0000 1.0000 1.0000 0.0010 0.0061 0.0379 0.2343 1.0000 1.0000 1.0000 0.0013 0.0081 0.0502 0.3135 1.0000 1.0000 0.0003 0.0018 0.0116 0.0740 0.4754 1.0000 1.0000 0.0005 0.0032 0.0213 0.1424 0.9774 1.0000 1.0000 1.0000 0.9076 0.1335 0.0200 0.0030 0.0005 1.0000 1.0000 0.4473 0.0698 0.0109 0.0017 0.0003 1.0000 1.0000 0.2961 0.0475 0.0076 0.0012 1.0000 1.0000 1.0000 0.2226 0.0359 0.0058 0.0009 1.0000 1.0000 1.0000 0.1702 0.0275 0.0044 0.0007 1.0000 1.0000 0.8082 0.1304 0.0211 0.0034 0.0005 1.0000 1.0000 0.6181 0.0998 0.0161 0.0026 0.0004 1.0000 1.0000 0.3827
0.0543 0.4241 1.0000 1.0000 0.0004 0.0023 0.0143 0.0882 0.5472 1.0000 1.0000 0.0005 0.0030 0.0186 0.1153 0.7142 1.0000 1.0000 0.0006 0.0039 0.0243 0.1504 0.9338 1.0000 1.0000 0.0008 0.0051 0.0317 0.1967 1.0000 1.0000 1.0000 0.0011 0.0068 0.0427 0.2677 1.0000 1.0000 0.0003 0.0016 0.0103 0.0665 0.4323 1.0000 1.0000 0.0005 0.0031 0.0207 0.1416 0.9981 1.0000 0.9756 0.1386 0.0203 0.0030 0.0005 1.0000 1.0000 0.4241 0.0653 0.0101 0.0016 0.0002 1.0000 1.0000 0.2631 0.0420 0.0067 0.0011 1.0000 1.0000 1.0000 0.1937 0.0313 0.0050 0.0008 1.0000 1.0000 0.9180 0.1482 0.0239 0.0039 0.0006 1.0000 1.0000 0.7034 0.1135 0.0183 0.0030 0.0005 1.0000 1.0000 0.5380 0.0868 0.0140 0.0023 0.0004 1.0000 1.0000 0.4185 0.0538
