0.3058 0.1840 0.2154 0.2946 0.4176 0.4781 0.3666 0.1911 0.1976 0.2599 0.3676 0.4792 0.4288 0.2261 0.1859 0.2316 0.3230 0.4517 0.4648 0.3083 0.1843 0.2096 0.2839 0.4028 0.4807 0.3873 0.1967 0.1936 0.2511 0.3542 0.4746 0.4415 0.2467 0.1843 0.2246 0.3111 0.4386 0.4713 0.3330 0.1860 0.2044 0.2738 0.3883 0.4816 0.4059 0.2052 0.1900 0.2429 0.3416 0.4662 0.4710 0.4662 0.3416 0.2429 0.1900 0.2052 0.4059 0.4816 0.3883 0.2738 0.2044 0.1860 0.3330 0.4713 0.4386 0.3111 0.2246 0.1843 0.2467 0.4415 0.4746 0.3542 0.2511 0.1936 0.1967 0.3873 0.4807 0.4028 0.2839 0.2096 0.1843 0.3083 0.4648 0.4517 0.3230 0.2316 0.1859 0.2261 0.4288 0.4792 0.3676 0.2599 0.1976 0.1911 0.3666 0.4781 0.4176 0.2946 0.2154 0.1840 0.3058
0.1840 0.1969 0.2865 0.4218 0.4780 0.3671 0.1669 0.1728 0.2454 0.3663 0.4816 0.4284 0.2156 0.1581 0.2131 0.3165 0.4563 0.4638 0.3080 0.1572 0.1873 0.2726 0.4048 0.4812 0.3882 0.1749 0.1677 0.2354 0.3514 0.4780 0.4406 0.2409 0.1563 0.2050 0.3032 0.4430 0.4706 0.3335 0.1599 0.1811 0.2612 0.3890 0.4828 0.4064 0.1869 0.1630 0.2259 0.3370 0.4716 0.4484 0.3622 0.4484 0.4716 0.3370 0.2259 0.1630 0.1869 0.4064 0.4828 0.3890 0.2612 0.1811 0.1599 0.3335 0.4706 0.4430 0.3032 0.2050 0.1563 0.2409 0.4406 0.4780 0.3514 0.2354 0.1677 0.1749 0.3882 0.4812 0.4048 0.2726 0.1873 0.1572 0.3080 0.4638 0.4563 0.3165 0.2131 0.1581 0.2156 0.4284 0.4816 0.3663 0.2454 0.1728 0.1669 0.3671 0.4780 0.4218 0.2865 0.1969 0.1840
0.2154 0.2865 0.4162 0.4789 0.3782 0.1710 0.1694 0.2385 0.3555 0.4783 0.4366 0.2321 0.1566 0.2072 0.3067 0.4462 0.4680 0.3253 0.1587 0.1828 0.2642 0.3929 0.4816 0.4007 0.1823 0.1643 0.2285 0.3407 0.4726 0.4476 0.2590 0.1557 0.1996 0.2938 0.4317 0.4737 0.3495 0.1624 0.1769 0.2533 0.3774 0.4818 0.4170 0.1982 0.1603 0.2195 0.3266 0.4640 0.4565 0.2906 0.1643 0.2906 0.4565 0.4640 0.3266 0.2195 0.1603 0.1982 0.4170 0.4818 0.3774 0.2533 0.1769 0.1624 0.3495 0.4737 0.4317 0.2938 0.1996 0.1557 0.2590 0.4476 0.4726 0.3407 0.2285 0.1643 0.1823 0.4007 0.4816 0.3929 0.2642 0.1828 0.1587 0.3253 0.4680 0.4462 0.3067 0.2072 0.1566 0.2321 0.4366 0.4783 0.3555 0.2385 0.1694 0.1710 0.3782 0.4789 0.4162 0.2865 0.2154
0.2946 0.4218 0.4789 0.3825 0.1742 0.1671 0.2332 0.3468 0.4753 0.4439 0.2495 0.1559 0.2021 0.2981 0.4368 0.4720 0.3417 0.1610 0.1789 0.2569 0.3827 0.4820 0.4119 0.1922 0.1615 0.2225 0.3313 0.4673 0.4540 0.2774 0.1557 0.1948 0.2856 0.4216 0.4768 0.3646 0.1659 0.1733 0.2463 0.3673 0.4809 0.4265 0.2123 0.1583 0.2139 0.3176 0.4567 0.4624 0.3036 0.1552 0.1598 0.1552 0.3036 0.4624 0.4567 0.3176 0.2139 0.1583 0.2123 0.4265 0.4809 0.3673 0.2463 0.1733 0.1659 0.3646 0.4768 0.4216 0.2856 0.1948 0.1557 0.2774 0.4540 0.4673 0.3313 0.2225 0.1615 0.1922 0.4119 0.4820 0.3827 0.2569 0.1789 0.1610 0.3417 0.4720 0.4368 0.2981 0.2021 0.1559 0.2495 0.4439 0.4753 0.3468 0.2332 0.1671 0.1742 0.3825 0.4789 0.4218 0.2946
0.4176 0.4780 0.3782 0.1742 0.1663 0.2300 0.3404 0.4717 0.4498 0.2662 0.1556 0.1974 0.2899 0.4268 0.4754 0.3572 0.1641 0.1751 0.2498 0.3724 0.4815 0.4219 0.2049 0.1592 0.2166 0.3221 0.4605 0.4598 0.2956 0.1563 0.1902 0.2775 0.4111 0.4792 0.3787 0.1706 0.1698 0.2395 0.3574 0.4789 0.4350 0.2285 0.1569 0.2084 0.3086 0.4482 0.4671 0.3216 0.1584 0.1806 0.2172 0.1806 0.1584 0.3216 0.4671 0.4482 0.3086 0.2084 0.1569 0.2285 0.4350 0.4789 0.3574 0.2395 0.1698 0.1706 0.3787 0.4792 0.4111 0.2775 0.1902 0.1563 0.2956 0.4598 0.4605 0.3221 0.2166 0.1592 0.2049 0.4219 0.4815 0.3724 0.2498 0.1751 0.1641 0.3572 0.4754 0.4268 0.2899 0.1974 0.1556 0.2662 0.4498 0.4717 0.3404 0.2300 0.1663 0.1742 0.3782 0.4780 0.4176
0.4781 0.3671 0.1710 0.1671 0.2300 0.3380 0.4692 0.4538 0.2798 0.1558 0.1932 0.2823 0.4168 0.4780 0.3716 0.1681 0.1715 0.2429 0.3624 0.4801 0.4309 0.2201 0.1575 0.2111 0.3131 0.4525 0.4648 0.3132 0.1575 0.1858 0.2697 0.4005 0.4809 0.3919 0.1767 0.1665 0.2330 0.3476 0.4758 0.4427 0.2461 0.1560 0.2032 0.3000 0.4388 0.4712 0.3382 0.1604 0.1801 0.2558 0.3220 0.2558 0.1801 0.1604 0.3382 0.4712 0.4388 0.3000 0.2032 0.1560 0.2461 0.4427 0.4758 0.3476 0.2330 0.1665 0.1767 0.3919 0.4809 0.4005 0.2697 0.1858 0.1575 0.3132 0.4648 0.4525 0.3131 0.2111 0.1575 0.2201 0.4309 0.4801 0.3624 0.2429 0.1715 0.1681 0.3716 0.4780 0.4168 0.2823 0.1932 0.1558 0.2798 0.4538 0.4692 0.3380 0.2300 0.1671 0.1710 0.3671 0.4781
0.3666 0.1669 0.1694 0.2332 0.3404 0.4692 0.4552 0.2876 0.1562 0.1900 0.2759 0.4077 0.4799 0.3845 0.1732 0.1682 0.2363 0.3525 0.4775 0.4389 0.2371 0.1563 0.2057 0.3042 0.4436 0.4693 0.3301 0.1593 0.1817 0.2622 0.3900 0.4818 0.4040 0.1848 0.1634 0.2268 0.3380 0.4713 0.4496 0.2644 0.1556 0.1982 0.2915 0.4289 0.4747 0.3539 0.1633 0.1759 0.2519 0.3763 0.4581 0.3763 0.2519 0.1759 0.1633 0.3539 0.4747 0.4289 0.2915 0.1982 0.1556 0.2644 0.4496 0.4713 0.3380 0.2268 0.1634 0.1848 0.4040 0.4818 0.3900 0.2622 0.1817 0.1593 0.3301 0.4693 0.4436 0.3042 0.2057 0.1563 0.2371 0.4389 0.4775 0.3525 0.2363 0.1682 0.1732 0.3845 0.4799 0.4077 0.2759 0.1900 0.1562 0.2876 0.4552 0.4692 0.3404 0.2332 0.1694 0.1669 0.3666
0.1911 0.1728 0.2385 0.3468 0.4717 0.4538 0.2876 0.1564 0.1882 0.2716 0.4005 0.4811 0.3954 0.1794 0.1653 0.2302 0.3430 0.4737 0.4462 0.2551 0.1557 0.2006 0.2957 0.4339 0.4731 0.3462 0.1618 0.1778 0.2548 0.3797 0.4820 0.4149 0.1955 0.1608 0.2208 0.3286 0.4655 0.4558 0.2827 0.1558 0.1934 0.2833 0.4186 0.4776 0.3687 0.1671 0.1722 0.2444 0.3651 0.4791 0.4605 0.4791 0.3651 0.2444 0.1722 0.1671 0.3687 0.4776 0.4186 0.2833 0.1934 0.1558 0.2827 0.4558 0.4655 0.3286 0.2208 0.1608 0.1955 0.4149 0.4820 0.3797 0.2548 0.1778 0.1618 0.3462 0.4731 0.4339 0.2957 0.2006 0.1557 0.2551 0.4462 0.4737 0.3430 0.2302 0.1653 0.1794 0.3954 0.4811 0.4005 0.2716 0.1882 0.1564 0.2876 0.4538 0.4717 0.3468 0.2385 0.1728 0.1911
0.1976 0.2454 0.3555 0.4753 0.4498 0.2798 0.1562 0.1882 0.2700 0.3965 0.4817 0.4033 0.1858 0.1628 0.2248 0.3343 0.4689 0.4526 0.2732 0.1556 0.1958 0.2873 0.4237 0.4762 0.3615 0.1651 0.1740 0.2478 0.3695 0.4812 0.4246 0.2090 0.1586 0.2150 0.3195 0.4583 0.4613 0.3007 0.1566 0.1889 0.2753 0.4081 0.4797 0.3826 0.1722 0.1688 0.2376 0.3546 0.4782 0.4346 0.3349 0.4346 0.4782 0.3546 0.2376 0.1688 0.1722 0.3826 0.4797 0.4081 0.2753 0.1889 0.1566 0.3007 0.4613 0.4583 0.3195 0.2150 0.1586 0.2090 0.4246 0.4812 0.3695 0.2478 0.1740 0.1651 0.3615 0.4762 0.4237 0.2873 0.1958 0.1556 0.2732 0.4526 0.4689 0.3343 0.2248 0.1628 0.1858 0.4033 0.4817 0.3965 0.2700 0.1882 0.1562 0.2798 0.4498 0.4753 0.3555 0.2454 0.1976
0.2599 0.3663 0.4783 0.4439 0.2662 0.1558 0.1900 0.2716 0.3965 0.4818 0.4075 0.1912 0.1611 0.2205 0.3268 0.4634 0.4579 0.2903 0.1561 0.1912 0.2793 0.4133 0.4787 0.3758 0.1695 0.1705 0.2410 0.3595 0.4795 0.4333 0.2249 0.1571 0.2095 0.3105 0.4501 0.4662 0.3181 0.1579 0.1846 0.2675 0.3975 0.4812 0.3955 0.1788 0.1656 0.2312 0.3448 0.4746 0.4442 0.2549 0.1548 0.2549 0.4442 0.4746 0.3448 0.2312 0.1656 0.1788 0.3955 0.4812 0.3975 0.2675 0.1846 0.1579 0.3181 0.4662 0.4501 0.3105 0.2095 0.1571 0.2249 0.4333 0.4795 0.3595 0.2410 0.1705 0.1695 0.3758 0.4787 0.4133 0.2793 0.1912 0.1561 0.2903 0.4579 0.4634 0.3268 0.2205 0.1611 0.1912 0.4075 0.4818 0.3965 0.2716 0.1900 0.1558 0.2662 0.4439 0.4783 0.3663 0.2599
0.3676 0.4816 0.4366 0.2495 0.1556 0.1932 0.2759 0.4005 0.4817 0.4075 0.1932 0.1603 0.2177 0.3212 0.4582 0.4622 0.3055 0.1570 0.1871 0.2717 0.4030 0.4806 0.3892 0.1753 0.1672 0.2344 0.3497 0.4765 0.4411 0.2422 0.1561 0.2042 0.3018 0.4409 0.4704 0.3348 0.1599 0.1805 0.2600 0.3870 0.4819 0.4073 0.1876 0.1626 0.2250 0.3353 0.4698 0.4514 0.2688 0.1537 0.1658 0.1537 0.2688 0.4514 0.4698 0.3353 0.2250 0.1626 0.1876 0.4073 0.4819 0.3870 0.2600 0.1805 0.1599 0.3348 0.4704 0.4409 0.3018 0.2042 0.1561 0.2422 0.4411 0.4765 0.3497 0.2344 0.1672 0.1753 0.3892 0.4806 0.4030 0.2717 0.1871 0.1570 0.3055 0.4622 0.4582 0.3212 0.2177 0.1603 0.1932 0.4075 0.4817 0.4005 0.2759 0.1932 0.1556 0.2495 0.4366 0.4816 0.3676
0.4792 0.4284 0.2321 0.1559 0.1974 0.2823 0.4077 0.4811 0.4033 0.1912 0.1603 0.2166 0.3181 0.4543 0.4651 0.3176 0.1581 0.1836 0.2650 0.3934 0.4816 0.4012 0.1828 0.1641 0.2281 0.3401 0.4724 0.4481 0.2604 0.1556 0.1992 0.2932 0.4310 0.4740 0.3507 0.1626 0.1767 0.2528 0.3767 0.4818 0.4178 0.1991 0.1601 0.2191 0.3260 0.4635 0.4574 0.2879 0.1562 0.1889 0.2293 0.1889 0.1562 0.2879 0.4574 0.4635 0.3260 0.2191 0.1601 0.1991 0.4178 0.4818 0.3767 0.2528 0.1767 0.1626 0.3507 0.4740 0.4310 0.2932 0.1992 0.1556 0.2604 0.4481 0.4724 0.3401 0.2281 0.1641 0.1828 0.4012 0.4816 0.3934 0.2650 0.1836 0.1581 0.3176 0.4651 0.4543 0.3181 0.2166 0.1603 0.1912 0.4033 0.4811 0.4077 0.2823 0.1974 0.1559 0.2321 0.4284 0.4792
0.4288 0.2156 0.1566 0.2021 0.2899 0.4168 0.4799 0.3954 0.1858 0.1611 0.2177 0.3181 0.4529 0.4666 0.3255 0.1593 0.1809 0.2594 0.3848 0.4820 0.4114 0.1922 0.1614 0.2222 0.3307 0.4668 0.4545 0.2787 0.1557 0.1944 0.2850 0.4208 0.4770 0.3657 0.1663 0.1730 0.2458 0.3666 0.4808 0.4272 0.2134 0.1581 0.2134 0.3169 0.4561 0.4627 0.3058 0.1569 0.1881 0.2707 0.3416 0.2707 0.1881 0.1569 0.3058 0.4627 0.4561 0.3169 0.2134 0.1581 0.2134 0.4272 0.4808 0.3666 0.2458 0.1730 0.1663 0.3657 0.4770 0.4208 0.2850 0.1944 0.1557 0.2787 0.4545 0.4668 0.3307 0.2222 0.1614 0.1922 0.4114 0.4820 0.3848 0.2594 0.1809 0.1593 0.3255 0.4666 0.4529 0.3181 0.2177 0.1611 0.1858 0.3954 0.4799 0.4168 0.2899 0.2021 0.1566 0.2156 0.4288
0.2261 0.1581 0.2072 0.2981 0.4268 0.4780 0.3845 0.1794 0.1628 0.2205 0.3212 0.4543 0.4666 0.3281 0.1600 0.1791 0.2552 0.3778 0.4818 0.4197 0.2030 0.1593 0.2168 0.3219 0.4601 0.4601 0.2968 0.1564 0.1898 0.2769 0.4103 0.4793 0.3798 0.1710 0.1695 0.2391 0.3567 0.4787 0.4356 0.2297 0.1568 0.2080 0.3080 0.4475 0.4674 0.3230 0.1584 0.1835 0.2660 0.3967 0.4694 0.3967 0.2660 0.1835 0.1584 0.3230 0.4674 0.4475 0.3080 0.2080 0.1568 0.2297 0.4356 0.4787 0.3567 0.2391 0.1695 0.1710 0.3798 0.4793 0.4103 0.2769 0.1898 0.1564 0.2968 0.4601 0.4601 0.3219 0.2168 0.1593 0.2030 0.4197 0.4818 0.3778 0.2552 0.1791 0.1600 0.3281 0.4666 0.4543 0.3212 0.2205 0.1628 0.1794 0.3845 0.4780 0.4268 0.2981 0.2072 0.1581 0.2261
0.1859 0.2131 0.3067 0.4368 0.4754 0.3716 0.1732 0.1653 0.2248 0.3268 0.4582 0.4651 0.3255 0.1600 0.1785 0.2531 0.3733 0.4813 0.4258 0.2138 0.1579 0.2120 0.3138 0.4527 0.4649 0.3139 0.1576 0.1855 0.2691 0.3997 0.4810 0.3929 0.1773 0.1663 0.2326 0.3469 0.4755 0.4432 0.2474 0.1559 0.2028 0.2993 0.4381 0.4715 0.3395 0.1606 0.1794 0.2580 0.3847 0.4800 0.4506 0.4800 0.3847 0.2580 0.1794 0.1606 0.3395 0.4715 0.4381 0.2993 0.2028 0.1559 0.2474 0.4432 0.4755 0.3469 0.2326 0.1663 0.1773 0.3929 0.4810 0.3997 0.2691 0.1855 0.1576 0.3139 0.4649 0.4527 0.3138 0.2120 0.1579 0.2138 0.4258 0.4813 0.3733 0.2531 0.1785 0.1600 0.3255 0.4651 0.4582 0.3268 0.2248 0.1653 0.1732 0.3716 0.4754 0.4368 0.3067 0.2131 0.1859
0.2316 0.3165 0.4462 0.4720 0.3572 0.1681 0.1682 0.2302 0.3343 0.4634 0.4622 0.3176 0.1593 0.1791 0.2531 0.3718 0.4810 0.4296 0.2225 0.1570 0.2081 0.3068 0.4453 0.4688 0.3294 0.1593 0.1816 0.2617 0.3893 0.4818 0.4049 0.1856 0.1632 0.2263 0.3373 0.4709 0.4500 0.2657 0.1556 0.1978 0.2908 0.4281 0.4750 0.3551 0.1636 0.1756 0.2507 0.3738 0.4816 0.4185 0.3037 0.4185 0.4816 0.3738 0.2507 0.1756 0.1636 0.3551 0.4750 0.4281 0.2908 0.1978 0.1556 0.2657 0.4500 0.4709 0.3373 0.2263 0.1632 0.1856 0.4049 0.4818 0.3893 0.2617 0.1816 0.1593 0.3294 0.4688 0.4453 0.3068 0.2081 0.1570 0.2225 0.4296 0.4810 0.3718 0.2531 0.1791 0.1593 0.3176 0.4622 0.4634 0.3343 0.2302 0.1682 0.1681 0.3572 0.4720 0.4462 0.3165 0.2316
0.3230 0.4563 0.4680 0.3417 0.1641 0.1715 0.2363 0.3430 0.4689 0.4579 0.3055 0.1581 0.1809 0.2552 0.3733 0.4810 0.4309 0.2273 0.1565 0.2053 0.3013 0.4385 0.4719 0.3429 0.1614 0.1780 0.2549 0.3793 0.4819 0.4156 0.1965 0.1606 0.2204 0.3280 0.4650 0.4562 0.2840 0.1558 0.1931 0.2826 0.4178 0.4777 0.3698 0.1675 0.1720 0.2438 0.3637 0.4804 0.4291 0.2209 0.1497 0.2209 0.4291 0.4804 0.3637 0.2438 0.1720 0.1675 0.3698 0.4777 0.4178 0.2826 0.1931 0.1558 0.2840 0.4562 0.4650 0.3280 0.2204 0.1606 0.1965 0.4156 0.4819 0.3793 0.2549 0.1780 0.1614 0.3429 0.4719 0.4385 0.3013 0.2053 0.1565 0.2273 0.4309 0.4810 0.3733 0.2552 0.1809 0.1581 0.3055 0.4579 0.4689 0.3430 0.2363 0.1715 0.1641 0.3417 0.4680 0.4563 0.3230
0.4517 0.4638 0.3253 0.1610 0.1751 0.2429 0.3525 0.4737 0.4526 0.2903 0.1570 0.1836 0.2594 0.3778 0.4813 0.4296 0.2273 0.1564 0.2038 0.2978 0.4333 0.4741 0.3539 0.1638 0.1749 0.2488 0.3702 0.4812 0.4248 0.2098 0.1585 0.2146 0.3188 0.4578 0.4617 0.3020 0.1566 0.1886 0.2746 0.4072 0.4799 0.3837 0.1726 0.1686 0.2372 0.3538 0.4779 0.4379 0.2340 0.1542 0.1725 0.1542 0.2340 0.4379 0.4779 0.3538 0.2372 0.1686 0.1726 0.3837 0.4799 0.4072 0.2746 0.1886 0.1566 0.3020 0.4617 0.4578 0.3188 0.2146 0.1585 0.2098 0.4248 0.4812 0.3702 0.2488 0.1749 0.1638 0.3539 0.4741 0.4333 0.2978 0.2038 0.1564 0.2273 0.4296 0.4813 0.3778 0.2594 0.1836 0.1570 0.2903 0.4526 0.4737 0.3525 0.2429 0.1751 0.1610 0.3253 0.4638 0.4517
0.4648 0.3080 0.1587 0.1789 0.2498 0.3624 0.4775 0.4462 0.2732 0.1561 0.1871 0.2650 0.3848 0.4818 0.4258 0.2225 0.1565 0.2038 0.2966 0.4305 0.4754 0.3616 0.1661 0.1724 0.2435 0.3620 0.4798 0.4326 0.2244 0.1571 0.2093 0.3100 0.4495 0.4665 0.3194 0.1580 0.1843 0.2669 0.3967 0.4813 0.3965 0.1794 0.1654 0.2307 0.3441 0.4743 0.4452 0.2526 0.1560 0.1981 0.2426 0.1981 0.1560 0.2526 0.4452 0.4743 0.3441 0.2307 0.1654 0.1794 0.3965 0.4813 0.3967 0.2669 0.1843 0.1580 0.3194 0.4665 0.4495 0.3100 0.2093 0.1571 0.2244 0.4326 0.4798 0.3620 0.2435 0.1724 0.1661 0.3616 0.4754 0.4305 0.2966 0.2038 0.1565 0.2225 0.4258 0.4818 0.3848 0.2650 0.1871 0.1561 0.2732 0.4462 0.4775 0.3624 0.2498 0.1789 0.1587 0.3080 0.4648
0.3083 0.1572 0.1828 0.2569 0.3724 0.4801 0.4389 0.2551 0.1556 0.1912 0.2717 0.3934 0.4820 0.4197 0.2138 0.1570 0.2053 0.2978 0.4305 0.4758 0.3656 0.1678 0.1706 0.2395 0.3552 0.4779 0.4391 0.2391 0.1562 0.2045 0.3017 0.4406 0.4706 0.3359 0.1601 0.1802 0.2594 0.3862 0.4820 0.4081 0.1884 0.1624 0.2246 0.3346 0.4694 0.4519 0.2709 0.1557 0.1970 0.2866 0.3621 0.2866 0.1970 0.1557 0.2709 0.4519 0.4694 0.3346 0.2246 0.1624 0.1884 0.4081 0.4820 0.3862 0.2594 0.1802 0.1601 0.3359 0.4706 0.4406 0.3017 0.2045 0.1562 0.2391 0.4391 0.4779 0.3552 0.2395 0.1706 0.1678 0.3656 0.4758 0.4305 0.2978 0.2053 0.1570 0.2138 0.4197 0.4820 0.3934 0.2717 0.1912 0.1556 0.2551 0.4389 0.4801 0.3724 0.2569 0.1828 0.1572 0.3083
0.1843 0.1873 0.2642 0.3827 0.4815 0.4309 0.2371 0.1557 0.1958 0.2793 0.4030 0.4816 0.4114 0.2030 0.1579 0.2081 0.3013 0.4333 0.4754 0.3656 0.1684 0.1698 0.2369 0.3503 0.4758 0.4441 0.2526 0.1557 0.2002 0.2942 0.4315 0.4740 0.3511 0.1628 0.1764 0.2522 0.3759 0.4818 0.4185 0.2002 0.1599 0.2187 0.3253 0.4630 0.4578 0.2892 0.1560 0.1918 0.2810 0.4170 0.4756 0.4170 0.2810 0.1918 0.1560 0.2892 0.4578 0.4630 0.3253 0.2187 0.1599 0.2002 0.4185 0.4818 0.3759 0.2522 0.1764 0.1628 0.3511 0.4740 0.4315 0.2942 0.2002 0.1557 0.2526 0.4441 0.4758 0.3503 0.2369 0.1698 0.1684 0.3656 0.4754 0.4333 0.3013 0.2081 0.1579 0.2030 0.4114 0.4816 0.4030 0.2793 0.1958 0.1557 0.2371 0.4309 0.4815 0.3827 0.2642 0.1873 0.1843
0.2096 0.2726 0.3929 0.4820 0.4219 0.2201 0.1563 0.2006 0.2873 0.4133 0.4806 0.4012 0.1922 0.1593 0.2120 0.3068 0.4385 0.4741 0.3616 0.1678 0.1698 0.2361 0.3477 0.4743 0.4475 0.2633 0.1556 0.1966 0.2876 0.4229 0.4767 0.3647 0.1662 0.1729 0.2454 0.3659 0.4807 0.4278 0.2146 0.1580 0.2130 0.3162 0.4555 0.4631 0.3070 0.1570 0.1873 0.2725 0.4049 0.4779 0.4382 0.4779 0.4049 0.2725 0.1873 0.1570 0.3070 0.4631 0.4555 0.3162 0.2130 0.1580 0.2146 0.4278 0.4807 0.3659 0.2454 0.1729 0.1662 0.3647 0.4767 0.4229 0.2876 0.1966 0.1556 0.2633 0.4475 0.4743 0.3477 0.2361 0.1698 0.1678 0.3616 0.4741 0.4385 0.3068 0.2120 0.1593 0.1922 0.4012 0.4806 0.4133 0.2873 0.2006 0.1563 0.2201 0.4219 0.4820 0.3929 0.2726 0.2096
0.2839 0.4048 0.4816 0.4119 0.2049 0.1575 0.2057 0.2957 0.4237 0.4787 0.3892 0.1828 0.1614 0.2168 0.3138 0.4453 0.4719 0.3539 0.1661 0.1706 0.2369 0.3477 0.4737 0.4492 0.2703 0.1557 0.1939 0.2822 0.4153 0.4786 0.3767 0.1702 0.1698 0.2392 0.3564 0.4786 0.4361 0.2310 0.1567 0.2076 0.3073 0.4468 0.4678 0.3242 0.1585 0.1831 0.2647 0.3937 0.4814 0.3992 0.2697 0.3992 0.4814 0.3937 0.2647 0.1831 0.1585 0.3242 0.4678 0.4468 0.3073 0.2076 0.1567 0.2310 0.4361 0.4786 0.3564 0.2392 0.1698 0.1702 0.3767 0.4786 0.4153 0.2822 0.1939 0.1557 0.2703 0.4492 0.4737 0.3477 0.2369 0.1706 0.1661 0.3539 0.4719 0.4453 0.3138 0.2168 0.1614 0.1828 0.3892 0.4787 0.4237 0.2957 0.2057 0.1575 0.2049 0.4119 0.4816 0.4048 0.2839
0.4028 0.4812 0.4007 0.1922 0.1592 0.2111 0.3042 0.4339 0.4762 0.3758 0.1753 0.1641 0.2222 0.3219 0.4527 0.4688 0.3429 0.1638 0.1724 0.2395 0.3503 0.4743 0.4492 0.2727 0.1558 0.1922 0.2784 0.4092 0.4799 0.3865 0.1749 0.1671 0.2336 0.3477 0.4755 0.4433 0.2483 0.1559 0.2025 0.2987 0.4374 0.4718 0.3407 0.1608 0.1791 0.2573 0.3833 0.4820 0.4106 0.1929 0.1478 0.1929 0.4106 0.4820 0.3833 0.2573 0.1791 0.1608 0.3407 0.4718 0.4374 0.2987 0.2025 0.1559 0.2483 0.4433 0.4755 0.3477 0.2336 0.1671 0.1749 0.3865 0.4799 0.4092 0.2784 0.1922 0.1558 0.2727 0.4492 0.4743 0.3503 0.2395 0.1724 0.1638 0.3429 0.4688 0.4527 0.3219 0.2222 0.1641 0.1753 0.3758 0.4762 0.4339 0.3042 0.2111 0.1592 0.1922 0.4007 0.4812 0.4028
0.4807 0.3882 0.1823 0.1615 0.2166 0.3131 0.4436 0.4731 0.3615 0.1695 0.1672 0.2281 0.3307 0.4601 0.4649 0.3294 0.1614 0.1749 0.2435 0.3552 0.4758 0.4475 0.2703 0.1558 0.1916 0.2764 0.4054 0.4807 0.3937 0.1794 0.1648 0.2287 0.3398 0.4717 0.4495 0.2651 0.1556 0.1977 0.2904 0.4274 0.4752 0.3562 0.1638 0.1753 0.2502 0.3730 0.4816 0.4213 0.2035 0.1568 0.1800 0.1568 0.2035 0.4213 0.4816 0.3730 0.2502 0.1753 0.1638 0.3562 0.4752 0.4274 0.2904 0.1977 0.1556 0.2651 0.4495 0.4717 0.3398 0.2287 0.1648 0.1794 0.3937 0.4807 0.4054 0.2764 0.1916 0.1558 0.2703 0.4475 0.4758 0.3552 0.2435 0.1749 0.1614 0.3294 0.4649 0.4601 0.3307 0.2281 0.1672 0.1695 0.3615 0.4731 0.4436 0.3131 0.2166 0.1615 0.1823 0.3882 0.4807
0.3873 0.1749 0.1643 0.2225 0.3221 0.4525 0.4693 0.3462 0.1651 0.1705 0.2344 0.3401 0.4668 0.4601 0.3139 0.1593 0.1780 0.2488 0.3620 0.4779 0.4441 0.2633 0.1557 0.1922 0.2764 0.4041 0.4810 0.3981 0.1832 0.1632 0.2248 0.3331 0.4675 0.4546 0.2808 0.1558 0.1933 0.2827 0.4175 0.4779 0.3708 0.1678 0.1717 0.2433 0.3629 0.4802 0.4303 0.2191 0.1579 0.2082 0.2568 0.2082 0.1579 0.2191 0.4303 0.4802 0.3629 0.2433 0.1717 0.1678 0.3708 0.4779 0.4175 0.2827 0.1933 0.1558 0.2808 0.4546 0.4675 0.3331 0.2248 0.1632 0.1832 0.3981 0.4810 0.4041 0.2764 0.1922 0.1557 0.2633 0.4441 0.4779 0.3620 0.2488 0.1780 0.1593 0.3139 0.4601 0.4668 0.3401 0.2344 0.1705 0.1651 0.3462 0.4693 0.4525 0.3221 0.2225 0.1643 0.1749 0.3873
0.1967 0.1677 0.2285 0.3313 0.4605 0.4648 0.3301 0.1618 0.1740 0.2410 0.3497 0.4724 0.4545 0.2968 0.1576 0.1816 0.2549 0.3702 0.4798 0.4391 0.2526 0.1556 0.1939 0.2784 0.4054 0.4810 0.3996 0.1854 0.1622 0.2221 0.3279 0.4634 0.4586 0.2946 0.1563 0.1895 0.2756 0.4079 0.4798 0.3840 0.1729 0.1684 0.2367 0.3531 0.4777 0.4385 0.2361 0.1565 0.2066 0.3036 0.3833 0.3036 0.2066 0.1565 0.2361 0.4385 0.4777 0.3531 0.2367 0.1684 0.1729 0.3840 0.4798 0.4079 0.2756 0.1895 0.1563 0.2946 0.4586 0.4634 0.3279 0.2221 0.1622 0.1854 0.3996 0.4810 0.4054 0.2784 0.1939 0.1556 0.2526 0.4391 0.4798 0.3702 0.2549 0.1816 0.1576 0.2968 0.4545 0.4724 0.3497 0.2410 0.1740 0.1618 0.3301 0.4648 0.4605 0.3313 0.2285 0.1677 0.1967
0.1936 0.2354 0.3407 0.4673 0.4598 0.3132 0.1593 0.1778 0.2478 0.3595 0.4765 0.4481 0.2787 0.1564 0.1855 0.2617 0.3793 0.4812 0.4326 0.2391 0.1557 0.1966 0.2822 0.4092 0.4807 0.3981 0.1854 0.1618 0.2207 0.3247 0.4601 0.4616 0.3058 0.1571 0.1861 0.2693 0.3989 0.4811 0.3956 0.1793 0.1653 0.2304 0.3434 0.4740 0.4458 0.2541 0.1558 0.2010 0.2969 0.4364 0.4776 0.4364 0.2969 0.2010 0.1558 0.2541 0.4458 0.4740 0.3434 0.2304 0.1653 0.1793 0.3956 0.4811 0.3989 0.2693 0.1861 0.1571 0.3058 0.4616 0.4601 0.3247 0.2207 0.1618 0.1854 0.3981 0.4807 0.4092 0.2822 0.1966 0.1557 0.2391 0.4326 0.4812 0.3793 0.2617 0.1855 0.1564 0.2787 0.4481 0.4765 0.3595 0.2478 0.1778 0.1593 0.3132 0.4598 0.4673 0.3407 0.2354 0.1936
0.2511 0.3514 0.4726 0.4540 0.2956 0.1575 0.1817 0.2548 0.3695 0.4795 0.4411 0.2604 0.1557 0.1898 0.2691 0.3893 0.4819 0.4248 0.2244 0.1562 0.2002 0.2876 0.4153 0.4799 0.3937 0.1832 0.1622 0.2207 0.3237 0.4583 0.4633 0.3135 0.1579 0.1835 0.2640 0.3910 0.4818 0.4056 0.1870 0.1626 0.2247 0.3344 0.4690 0.4523 0.2723 0.1557 0.1961 0.2879 0.4251 0.4733 0.4233 0.4733 0.4251 0.2879 0.1961 0.1557 0.2723 0.4523 0.4690 0.3344 0.2247 0.1626 0.1870 0.4056 0.4818 0.3910 0.2640 0.1835 0.1579 0.3135 0.4633 0.4583 0.3237 0.2207 0.1622 0.1832 0.3937 0.4799 0.4153 0.2876 0.2002 0.1562 0.2244 0.4248 0.4819 0.3893 0.2691 0.1898 0.1557 0.2604 0.4411 0.4795 0.3695 0.2548 0.1817 0.1575 0.2956 0.4540 0.4726 0.3514 0.2511
0.3542 0.4780 0.4476 0.2774 0.1563 0.1858 0.2622 0.3797 0.4812 0.4333 0.2422 0.1556 0.1944 0.2769 0.3997 0.4818 0.4156 0.2098 0.1571 0.2045 0.2942 0.4229 0.4786 0.3865 0.1794 0.1632 0.2221 0.3247 0.4583 0.4638 0.3174 0.1585 0.1818 0.2601 0.3845 0.4820 0.4137 0.1957 0.1605 0.2195 0.3260 0.4632 0.4579 0.2900 0.1561 0.1915 0.2797 0.4140 0.4783 0.3760 0.2348 0.3760 0.4783 0.4140 0.2797 0.1915 0.1561 0.2900 0.4579 0.4632 0.3260 0.2195 0.1605 0.1957 0.4137 0.4820 0.3845 0.2601 0.1818 0.1585 0.3174 0.4638 0.4583 0.3247 0.2221 0.1632 0.1794 0.3865 0.4786 0.4229 0.2942 0.2045 0.1571 0.2098 0.4156 0.4818 0.3997 0.2769 0.1944 0.1556 0.2422 0.4333 0.4812 0.3797 0.2622 0.1858 0.1563 0.2774 0.4476 0.4780 0.3542
0.4746 0.4406 0.2590 0.1557 0.1902 0.2697 0.3900 0.4820 0.4246 0.2249 0.1561 0.1992 0.2850 0.4103 0.4810 0.4049 0.1965 0.1585 0.2093 0.3017 0.4315 0.4767 0.3767 0.1749 0.1648 0.2248 0.3279 0.4601 0.4633 0.3174 0.1587 0.1809 0.2577 0.3801 0.4819 0.4199 0.2047 0.1589 0.2150 0.3184 0.4567 0.4627 0.3066 0.1570 0.1872 0.2720 0.4035 0.4805 0.3878 0.1749 0.1488 0.1749 0.3878 0.4805 0.4035 0.2720 0.1872 0.1570 0.3066 0.4627 0.4567 0.3184 0.2150 0.1589 0.2047 0.4199 0.4819 0.3801 0.2577 0.1809 0.1587 0.3174 0.4633 0.4601 0.3279 0.2248 0.1648 0.1749 0.3767 0.4767 0.4315 0.3017 0.2093 0.1585 0.1965 0.4049 0.4810 0.4103 0.2850 0.1992 0.1561 0.2249 0.4246 0.4820 0.3900 0.2697 0.1902 0.1557 0.2590 0.4406 0.4746
0.4415 0.2409 0.1557 0.1948 0.2775 0.4005 0.4818 0.4149 0.2090 0.1571 0.2042 0.2932 0.4208 0.4793 0.3929 0.1856 0.1606 0.2146 0.3100 0.4406 0.4740 0.3647 0.1702 0.1671 0.2287 0.3331 0.4634 0.4616 0.3135 0.1585 0.1809 0.2569 0.3778 0.4816 0.4239 0.2124 0.1578 0.2113 0.3119 0.4501 0.4666 0.3214 0.1584 0.1833 0.2647 0.3933 0.4816 0.4007 0.1821 0.1616 0.1885 0.1616 0.1821 0.4007 0.4816 0.3933 0.2647 0.1833 0.1584 0.3214 0.4666 0.4501 0.3119 0.2113 0.1578 0.2124 0.4239 0.4816 0.3778 0.2569 0.1809 0.1585 0.3135 0.4616 0.4634 0.3331 0.2287 0.1671 0.1702 0.3647 0.4740 0.4406 0.3100 0.2146 0.1606 0.1856 0.3929 0.4793 0.4208 0.2932 0.2042 0.1571 0.2090 0.4149 0.4818 0.4005 0.2775 0.1948 0.1557 0.2409 0.4415
0.2467 0.1563 0.1996 0.2856 0.4111 0.4809 0.4040 0.1955 0.1586 0.2095 0.3018 0.4310 0.4770 0.3798 0.1773 0.1632 0.2204 0.3188 0.4495 0.4706 0.3511 0.1662 0.1698 0.2336 0.3398 0.4675 0.4586 0.3058 0.1579 0.1818 0.2577 0.3778 0.4815 0.4259 0.2174 0.1572 0.2085 0.3066 0.4441 0.4697 0.3344 0.1601 0.1798 0.2581 0.3837 0.4820 0.4115 0.1921 0.1618 0.2193 0.2724 0.2193 0.1618 0.1921 0.4115 0.4820 0.3837 0.2581 0.1798 0.1601 0.3344 0.4697 0.4441 0.3066 0.2085 0.1572 0.2174 0.4259 0.4815 0.3778 0.2577 0.1818 0.1579 0.3058 0.4586 0.4675 0.3398 0.2336 0.1698 0.1662 0.3511 0.4706 0.4495 0.3188 0.2204 0.1632 0.1773 0.3798 0.4770 0.4310 0.3018 0.2095 0.1586 0.1955 0.4040 0.4809 0.4111 0.2856 0.1996 0.1563 0.2467
0.1843 0.2050 0.2938 0.4216 0.4792 0.3919 0.1848 0.1608 0.2150 0.3105 0.4409 0.4740 0.3657 0.1710 0.1663 0.2263 0.3280 0.4578 0.4665 0.3359 0.1628 0.1729 0.2392 0.3477 0.4717 0.4546 0.2946 0.1571 0.1835 0.2601 0.3801 0.4816 0.4259 0.2192 0.1569 0.2068 0.3029 0.4392 0.4720 0.3450 0.1620 0.1768 0.2522 0.3749 0.4817 0.4207 0.2039 0.1593 0.2174 0.3218 0.4051 0.3218 0.2174 0.1593 0.2039 0.4207 0.4817 0.3749 0.2522 0.1768 0.1620 0.3450 0.4720 0.4392 0.3029 0.2068 0.1569 0.2192 0.4259 0.4816 0.3801 0.2601 0.1835 0.1571 0.2946 0.4546 0.4717 0.3477 0.2392 0.1729 0.1628 0.3359 0.4665 0.4578 0.3280 0.2263 0.1663 0.1710 0.3657 0.4740 0.4409 0.3105 0.2150 0.1608 0.1848 0.3919 0.4792 0.4216 0.2938 0.2050 0.1843
0.2246 0.3032 0.4317 0.4768 0.3787 0.1767 0.1634 0.2208 0.3195 0.4501 0.4704 0.3507 0.1663 0.1695 0.2326 0.3373 0.4650 0.4617 0.3194 0.1601 0.1764 0.2454 0.3564 0.4755 0.4495 0.2808 0.1563 0.1861 0.2640 0.3845 0.4819 0.4239 0.2174 0.1569 0.2062 0.3010 0.4361 0.4735 0.3529 0.1639 0.1744 0.2472 0.3671 0.4807 0.4286 0.2171 0.1577 0.2116 0.3143 0.4541 0.4764 0.4541 0.3143 0.2116 0.1577 0.2171 0.4286 0.4807 0.3671 0.2472 0.1744 0.1639 0.3529 0.4735 0.4361 0.3010 0.2062 0.1569 0.2174 0.4239 0.4819 0.3845 0.2640 0.1861 0.1563 0.2808 0.4495 0.4755 0.3564 0.2454 0.1764 0.1601 0.3194 0.4617 0.4650 0.3373 0.2326 0.1695 0.1663 0.3507 0.4704 0.4501 0.3195 0.2208 0.1634 0.1767 0.3787 0.4768 0.4317 0.3032 0.2246
0.3111 0.4430 0.4737 0.3646 0.1706 0.1665 0.2268 0.3286 0.4583 0.4662 0.3348 0.1626 0.1730 0.2391 0.3469 0.4709 0.4562 0.3020 0.1580 0.1802 0.2522 0.3659 0.4786 0.4433 0.2651 0.1558 0.1895 0.2693 0.3910 0.4820 0.4199 0.2124 0.1572 0.2068 0.3010 0.4350 0.4742 0.3577 0.1655 0.1726 0.2432 0.3606 0.4793 0.4351 0.2306 0.1566 0.2068 0.3055 0.4450 0.4660 0.4045 0.4660 0.4450 0.3055 0.2068 0.1566 0.2306 0.4351 0.4793 0.3606 0.2432 0.1726 0.1655 0.3577 0.4742 0.4350 0.3010 0.2068 0.1572 0.2124 0.4199 0.4820 0.3910 0.2693 0.1895 0.1558 0.2651 0.4433 0.4786 0.3659 0.2522 0.1802 0.1580 0.3020 0.4562 0.4709 0.3469 0.2391 0.1730 0.1626 0.3348 0.4662 0.4583 0.3286 0.2268 0.1665 0.1706 0.3646 0.4737 0.4430 0.3111
0.4386 0.4706 0.3495 0.1659 0.1698 0.2330 0.3380 0.4655 0.4613 0.3181 0.1599 0.1767 0.2458 0.3567 0.4755 0.4500 0.2840 0.1566 0.1843 0.2594 0.3759 0.4807 0.4361 0.2483 0.1556 0.1933 0.2756 0.3989 0.4818 0.4137 0.2047 0.1578 0.2085 0.3029 0.4361 0.4742 0.3593 0.1664 0.1715 0.2405 0.3557 0.4777 0.4401 0.2431 0.1560 0.2026 0.2981 0.4360 0.4721 0.3471 0.2006 0.3471 0.4721 0.4360 0.2981 0.2026 0.1560 0.2431 0.4401 0.4777 0.3557 0.2405 0.1715 0.1664 0.3593 0.4742 0.4361 0.3029 0.2085 0.1578 0.2047 0.4137 0.4818 0.3989 0.2756 0.1933 0.1556 0.2483 0.4361 0.4807 0.3759 0.2594 0.1843 0.1566 0.2840 0.4500 0.4755 0.3567 0.2458 0.1767 0.1599 0.3181 0.4613 0.4655 0.3380 0.2330 0.1698 0.1659 0.3495 0.4706 0.4386
0.4713 0.3335 0.1624 0.1733 0.2395 0.3476 0.4713 0.4558 0.3007 0.1579 0.1805 0.2528 0.3666 0.4787 0.4432 0.2657 0.1558 0.1886 0.2669 0.3862 0.4818 0.4278 0.2310 0.1559 0.1977 0.2827 0.4079 0.4811 0.4056 0.1957 0.1589 0.2113 0.3066 0.4392 0.4735 0.3577 0.1664 0.1711 0.2391 0.3526 0.4764 0.4437 0.2533 0.1557 0.1991 0.2917 0.4278 0.4754 0.3574 0.1636 0.1518 0.1636 0.3574 0.4754 0.4278 0.2917 0.1991 0.1557 0.2533 0.4437 0.4764 0.3526 0.2391 0.1711 0.1664 0.3577 0.4735 0.4392 0.3066 0.2113 0.1589 0.1957 0.4056 0.4811 0.4079 0.2827 0.1977 0.1559 0.2310 0.4278 0.4818 0.3862 0.2669 0.1886 0.1558 0.2657 0.4432 0.4787 0.3666 0.2528 0.1805 0.1579 0.3007 0.4558 0.4713 0.3476 0.2395 0.1733 0.1624 0.3335 0.4713
0.3330 0.1599 0.1769 0.2463 0.3574 0.4758 0.4496 0.2827 0.1566 0.1846 0.2600 0.3767 0.4808 0.4356 0.2474 0.1556 0.1931 0.2746 0.3967 0.4820 0.4185 0.2146 0.1567 0.2025 0.2904 0.4175 0.4798 0.3956 0.1870 0.1605 0.2150 0.3119 0.4441 0.4720 0.3529 0.1655 0.1715 0.2391 0.3515 0.4755 0.4459 0.2608 0.1556 0.1964 0.2864 0.4206 0.4775 0.3700 0.1680 0.1685 0.1990 0.1685 0.1680 0.3700 0.4775 0.4206 0.2864 0.1964 0.1556 0.2608 0.4459 0.4755 0.3515 0.2391 0.1715 0.1655 0.3529 0.4720 0.4441 0.3119 0.2150 0.1605 0.1870 0.3956 0.4798 0.4175 0.2904 0.2025 0.1567 0.2146 0.4185 0.4820 0.3967 0.2746 0.1931 0.1556 0.2474 0.4356 0.4808 0.3767 0.2600 0.1846 0.1566 0.2827 0.4496 0.4758 0.3574 0.2463 0.1769 0.1599 0.3330
0.1860 0.1811 0.2533 0.3673 0.4789 0.4427 0.2644 0.1558 0.1889 0.2675 0.3870 0.4818 0.4272 0.2297 0.1559 0.1978 0.2826 0.4072 0.4813 0.4081 0.2002 0.1580 0.2076 0.2987 0.4274 0.4779 0.3840 0.1793 0.1626 0.2195 0.3184 0.4501 0.4697 0.3450 0.1639 0.1726 0.2405 0.3526 0.4755 0.4467 0.2647 0.1556 0.1945 0.2825 0.4147 0.4789 0.3798 0.1719 0.1690 0.2336 0.2918 0.2336 0.1690 0.1719 0.3798 0.4789 0.4147 0.2825 0.1945 0.1556 0.2647 0.4467 0.4755 0.3526 0.2405 0.1726 0.1639 0.3450 0.4697 0.4501 0.3184 0.2195 0.1626 0.1793 0.3840 0.4779 0.4274 0.2987 0.2076 0.1580 0.2002 0.4081 0.4813 0.4072 0.2826 0.1978 0.1559 0.2297 0.4272 0.4818 0.3870 0.2675 0.1889 0.1558 0.2644 0.4427 0.4789 0.3673 0.2533 0.1811 0.1860
0.2044 0.2612 0.3774 0.4809 0.4350 0.2461 0.1556 0.1934 0.2753 0.3975 0.4819 0.4178 0.2134 0.1568 0.2028 0.2908 0.4178 0.4799 0.3965 0.1884 0.1599 0.2130 0.3073 0.4374 0.4752 0.3708 0.1729 0.1653 0.2247 0.3260 0.4567 0.4666 0.3344 0.1620 0.1744 0.2432 0.3557 0.4764 0.4459 0.2647 0.1556 0.1935 0.2800 0.4105 0.4799 0.3872 0.1758 0.1664 0.2324 0.3450 0.4304 0.3450 0.2324 0.1664 0.1758 0.3872 0.4799 0.4105 0.2800 0.1935 0.1556 0.2647 0.4459 0.4764 0.3557 0.2432 0.1744 0.1620 0.3344 0.4666 0.4567 0.3260 0.2247 0.1653 0.1729 0.3708 0.4752 0.4374 0.3073 0.2130 0.1599 0.1884 0.3965 0.4799 0.4178 0.2908 0.2028 0.1568 0.2134 0.4178 0.4819 0.3975 0.2753 0.1934 0.1556 0.2461 0.4350 0.4809 0.3774 0.2612 0.2044
0.2738 0.3890 0.4818 0.4265 0.2285 0.1560 0.1982 0.2833 0.4081 0.4812 0.4073 0.1991 0.1581 0.2080 0.2993 0.4281 0.4777 0.3837 0.1794 0.1624 0.2187 0.3162 0.4468 0.4718 0.3562 0.1678 0.1684 0.2304 0.3344 0.4632 0.4627 0.3214 0.1601 0.1768 0.2472 0.3606 0.4777 0.4437 0.2608 0.1556 0.1935 0.2792 0.4083 0.4804 0.3923 0.1792 0.1646 0.2278 0.3384 0.4704 0.4714 0.4704 0.3384 0.2278 0.1646 0.1792 0.3923 0.4804 0.4083 0.2792 0.1935 0.1556 0.2608 0.4437 0.4777 0.3606 0.2472 0.1768 0.1601 0.3214 0.4627 0.4632 0.3344 0.2304 0.1684 0.1678 0.3562 0.4718 0.4468 0.3162 0.2187 0.1624 0.1794 0.3837 0.4777 0.4281 0.2993 0.2080 0.1581 0.1991 0.4073 0.4812 0.4081 0.2833 0.1982 0.1560 0.2285 0.4265 0.4818 0.3890 0.2738
0.3883 0.4828 0.4170 0.2123 0.1569 0.2032 0.2915 0.4186 0.4797 0.3955 0.1876 0.1601 0.2134 0.3080 0.4381 0.4750 0.3698 0.1726 0.1654 0.2246 0.3253 0.4555 0.4678 0.3407 0.1638 0.1717 0.2367 0.3434 0.4690 0.4579 0.3066 0.1584 0.1798 0.2522 0.3671 0.4793 0.4401 0.2533 0.1556 0.1945 0.2800 0.4083 0.4805 0.3949 0.1816 0.1635 0.2249 0.3325 0.4670 0.4528 0.3742 0.4528 0.4670 0.3325 0.2249 0.1635 0.1816 0.3948 0.4805 0.4083 0.2800 0.1945 0.1556 0.2533 0.4401 0.4793 0.3671 0.2522 0.1798 0.1584 0.3066 0.4579 0.4690 0.3434 0.2367 0.1717 0.1638 0.3407 0.4678 0.4555 0.3253 0.2246 0.1654 0.1726 0.3698 0.4750 0.4381 0.3080 0.2134 0.1601 0.1876 0.3955 0.4797 0.4186 0.2915 0.2032 0.1569 0.2123 0.4170 0.4828 0.3883
0.4816 0.4064 0.1982 0.1583 0.2084 0.3000 0.4289 0.4776 0.3826 0.1788 0.1626 0.2191 0.3169 0.4475 0.4715 0.3551 0.1675 0.1686 0.2307 0.3346 0.4630 0.4631 0.3242 0.1608 0.1753 0.2433 0.3531 0.4740 0.4523 0.2900 0.1570 0.1833 0.2581 0.3749 0.4807 0.4351 0.2431 0.1557 0.1964 0.2825 0.4105 0.4804 0.3949 0.1825 0.1629 0.2231 0.3289 0.4636 0.4584 0.3003 0.1690 0.3003 0.4584 0.4636 0.3289 0.2231 0.1629 0.1825 0.3948 0.4804 0.4105 0.2825 0.1964 0.1557 0.2431 0.4351 0.4807 0.3749 0.2581 0.1833 0.1570 0.2900 0.4523 0.4740 0.3531 0.2433 0.1753 0.1608 0.3242 0.4631 0.4630 0.3346 0.2307 0.1686 0.1675 0.3551 0.4715 0.4475 0.3169 0.2191 0.1626 0.1788 0.3826 0.4776 0.4289 0.3000 0.2084 0.1583 0.1982 0.4064 0.4816
0.4059 0.1869 0.1603 0.2139 0.3086 0.4388 0.4747 0.3687 0.1722 0.1656 0.2250 0.3260 0.4561 0.4674 0.3395 0.1636 0.1720 0.2372 0.3441 0.4694 0.4578 0.3070 0.1585 0.1791 0.2502 0.3629 0.4777 0.4458 0.2723 0.1561 0.1872 0.2647 0.3837 0.4817 0.4286 0.2306 0.1560 0.1991 0.2864 0.4147 0.4799 0.3923 0.1816 0.1629 0.2225 0.3270 0.4614 0.4611 0.3044 0.1557 0.1589 0.1557 0.3044 0.4611 0.4614 0.3270 0.2225 0.1629 0.1816 0.3923 0.4799 0.4147 0.2864 0.1991 0.1560 0.2306 0.4286 0.4817 0.3837 0.2647 0.1872 0.1561 0.2723 0.4458 0.4777 0.3629 0.2502 0.1791 0.1585 0.3070 0.4578 0.4694 0.3441 0.2372 0.1720 0.1636 0.3395 0.4674 0.4561 0.3260 0.2250 0.1656 0.1722 0.3687 0.4747 0.4388 0.3086 0.2139 0.1603 0.1869 0.4059
0.2052 0.1630 0.2195 0.3176 0.4482 0.4712 0.3539 0.1671 0.1688 0.2312 0.3353 0.4635 0.4627 0.3230 0.1606 0.1756 0.2438 0.3538 0.4743 0.4519 0.2892 0.1570 0.1831 0.2573 0.3730 0.4802 0.4385 0.2541 0.1557 0.1915 0.2720 0.3933 0.4820 0.4207 0.2171 0.1566 0.2026 0.2917 0.4206 0.4789 0.3872 0.1792 0.1635 0.2231 0.3270 0.4606 0.4621 0.3104 0.1579 0.1808 0.2169 0.1808 0.1579 0.3104 0.4621 0.4606 0.3270 0.2231 0.1635 0.1792 0.3872 0.4789 0.4206 0.2917 0.2026 0.1566 0.2171 0.4207 0.4820 0.3933 0.2720 0.1915 0.1557 0.2541 0.4385 0.4802 0.3730 0.2573 0.1831 0.1570 0.2892 0.4519 0.4743 0.3538 0.2438 0.1756 0.1606 0.3230 0.4627 0.4635 0.3353 0.2312 0.1688 0.1671 0.3539 0.4712 0.4482 0.3176 0.2195 0.1630 0.2052
0.1900 0.2259 0.3266 0.4567 0.4671 0.3382 0.1633 0.1722 0.2376 0.3448 0.4698 0.4574 0.3058 0.1584 0.1794 0.2507 0.3637 0.4779 0.4452 0.2710 0.1560 0.1873 0.2647 0.3832 0.4816 0.4304 0.2361 0.1558 0.1961 0.2797 0.4035 0.4816 0.4115 0.2038 0.1577 0.2068 0.2981 0.4278 0.4775 0.3798 0.1758 0.1646 0.2249 0.3289 0.4614 0.4621 0.3123 0.1581 0.1830 0.2586 0.3243 0.2586 0.1830 0.1581 0.3123 0.4621 0.4614 0.3289 0.2249 0.1646 0.1758 0.3798 0.4775 0.4278 0.2981 0.2068 0.1577 0.2039 0.4115 0.4816 0.4035 0.2797 0.1961 0.1558 0.2361 0.4303 0.4816 0.3833 0.2647 0.1873 0.1560 0.2709 0.4452 0.4779 0.3637 0.2507 0.1794 0.1584 0.3058 0.4574 0.4698 0.3448 0.2376 0.1722 0.1633 0.3382 0.4671 0.4567 0.3266 0.2259 0.1900
0.2428 0.3370 0.4640 0.4624 0.3217 0.1604 0.1758 0.2443 0.3545 0.4746 0.4514 0.2879 0.1569 0.1834 0.2579 0.3738 0.4803 0.4379 0.2526 0.1556 0.1918 0.2724 0.3937 0.4820 0.4213 0.2192 0.1564 0.2010 0.2878 0.4140 0.4805 0.4007 0.1921 0.1593 0.2115 0.3053 0.4359 0.4753 0.3700 0.1719 0.1664 0.2278 0.3324 0.4635 0.4610 0.3105 0.1581 0.1821 0.2601 0.3840 0.4624 0.3841 0.2602 0.1822 0.1581 0.3104 0.4611 0.4636 0.3325 0.2278 0.1664 0.1719 0.3700 0.4754 0.4360 0.3055 0.2116 0.1593 0.1921 0.4007 0.4805 0.4140 0.2879 0.2010 0.1565 0.2191 0.4213 0.4820 0.3937 0.2725 0.1918 0.1557 0.2526 0.4379 0.4804 0.3738 0.2580 0.1835 0.1569 0.2879 0.4514 0.4746 0.3546 0.2444 0.1759 0.1604 0.3216 0.4624 0.4640 0.3370 0.2429
0.3412 0.4714 0.4570 0.3044 0.1583 0.1797 0.2512 0.3644 0.4781 0.4447 0.2696 0.1560 0.1877 0.2653 0.3841 0.4816 0.4297 0.2347 0.1558 0.1964 0.2803 0.4042 0.4816 0.4112 0.2041 0.1576 0.2061 0.2962 0.4244 0.4786 0.3884 0.1824 0.1615 0.2167 0.3133 0.4443 0.4726 0.3583 0.1680 0.1686 0.2317 0.3376 0.4666 0.4590 0.3054 0.1578 0.1824 0.2594 0.3814 0.4803 0.4556 0.4802 0.3823 0.2602 0.1830 0.1579 0.3044 0.4584 0.4670 0.3384 0.2324 0.1690 0.1680 0.3574 0.4721 0.4450 0.3143 0.2174 0.1618 0.1821 0.3878 0.4783 0.4251 0.2969 0.2066 0.1579 0.2035 0.4106 0.4814 0.4049 0.2810 0.1970 0.1560 0.2340 0.4291 0.4816 0.3847 0.2660 0.1881 0.1562 0.2688 0.4442 0.4782 0.3651 0.2519 0.1801 0.1584 0.3036 0.4565 0.4716 0.3416
0.4673 0.4511 0.2865 0.1568 0.1837 0.2584 0.3745 0.4805 0.4373 0.2513 0.1556 0.1921 0.2730 0.3945 0.4820 0.4206 0.2179 0.1565 0.2013 0.2884 0.4147 0.4804 0.4000 0.1915 0.1593 0.2114 0.3048 0.4345 0.4760 0.3749 0.1748 0.1643 0.2224 0.3220 0.4526 0.4691 0.3450 0.1646 0.1713 0.2364 0.3442 0.4702 0.4559 0.2972 0.1572 0.1836 0.2607 0.3817 0.4818 0.4201 0.3113 0.4187 0.4802 0.3841 0.2586 0.1808 0.1557 0.3003 0.4528 0.4704 0.3450 0.2336 0.1685 0.1636 0.3471 0.4660 0.4541 0.3218 0.2193 0.1616 0.1749 0.3760 0.4733 0.4364 0.3036 0.2082 0.1568 0.1929 0.3992 0.4779 0.4170 0.2866 0.1981 0.1542 0.2209 0.4185 0.4800 0.3967 0.2707 0.1889 0.1537 0.2549 0.4346 0.4791 0.3763 0.2558 0.1806 0.1552 0.2906 0.4484 0.4662
0.4521 0.2682 0.1559 0.1880 0.2659 0.3848 0.4817 0.4290 0.2335 0.1558 0.1968 0.2810 0.4050 0.4815 0.4104 0.2030 0.1577 0.2065 0.2969 0.4252 0.4784 0.3874 0.1818 0.1617 0.2171 0.3137 0.4442 0.4728 0.3605 0.1692 0.1674 0.2285 0.3312 0.4604 0.4649 0.3299 0.1616 0.1744 0.2420 0.3518 0.4739 0.4518 0.2861 0.1566 0.1856 0.2636 0.3846 0.4820 0.4209 0.2151 0.1548 0.3127 0.4555 0.4624 0.3243 0.2169 0.1589 0.1690 0.3742 0.4714 0.4304 0.2918 0.1990 0.1518 0.2006 0.4045 0.4764 0.4051 0.2724 0.1885 0.1488 0.2348 0.4233 0.4776 0.3833 0.2568 0.1800 0.1478 0.2697 0.4382 0.4756 0.3621 0.2426 0.1725 0.1497 0.3037 0.4506 0.4694 0.3416 0.2293 0.1658 0.1548 0.3349 0.4605 0.4581 0.3220 0.2172 0.1598 0.1643 0.3622 0.4710
0.2706 0.1559 0.1927 0.2740 0.3956 0.4819 0.4195 0.2164 0.1567 0.2020 0.2895 0.4160 0.4801 0.3987 0.1904 0.1597 0.2122 0.3058 0.4356 0.4756 0.3735 0.1743 0.1647 0.2232 0.3231 0.4534 0.4688 0.3448 0.1649 0.1710 0.2352 0.3410 0.4674 0.4596 0.3129 0.1593 0.1781 0.2485 0.3608 0.4772 0.4463 0.2721 0.1561 0.1884 0.2680 0.3897 0.4820 0.4192 0.2088 0.1435 0.2418 0.4212 0.4802 0.3841 0.2586 0.1808 0.1557 0.3003 0.4528 0.4704 0.3450 0.2336 0.1685 0.1636 0.3471 0.4660 0.4541 0.3218 0.2193 0.1616 0.1749 0.3760 0.4733 0.4364 0.3036 0.2082 0.1568 0.1929 0.3992 0.4779 0.4170 0.2866 0.1981 0.1542 0.2209 0.4185 0.4800 0.3967 0.2707 0.1889 0.1537 0.2549 0.4346 0.4791 0.3763 0.2558 0.1806 0.1552 0.2906 0.4484 0.4662
0.1826 0.1959 0.2808 0.4073 0.4798 0.4087 0.2028 0.1566 0.2053 0.2972 0.4273 0.4764 0.3869 0.1812 0.1605 0.2160 0.3144 0.4458 0.4705 0.3608 0.1684 0.1662 0.2275 0.3325 0.4614 0.4624 0.3306 0.1609 0.1728 0.2401 0.3513 0.4723 0.4520 0.2974 0.1566 0.1802 0.2538 0.3711 0.4787 0.4385 0.2585 0.1548 0.1903 0.2724 0.3972 0.4807 0.4142 0.2050 0.1528 0.1811 0.4562 0.4802 0.3822 0.2602 0.1830 0.1579 0.3044 0.4584 0.4670 0.3384 0.2324 0.1690 0.1680 0.3574 0.4721 0.4450 0.3143 0.2174 0.1618 0.1821 0.3878 0.4783 0.4251 0.2969 0.2066 0.1579 0.2035 0.4106 0.4814 0.4049 0.2810 0.1970 0.1560 0.2340 0.4291 0.4816 0.3847 0.2660 0.1881 0.1562 0.2688 0.4442 0.4782 0.3651 0.2519 0.1801 0.1584 0.3036 0.4565 0.4716 0.3416
0.2001 0.2569 0.3819 0.4781 0.4249 0.2384 0.1492 0.1879 0.2713 0.4035 0.4772 0.4072 0.2058 0.1513 0.1972 0.2878 0.4247 0.4737 0.3860 0.1802 0.1552 0.2074 0.3054 0.4440 0.4679 0.3611 0.1645 0.1605 0.2186 0.3242 0.4599 0.4599 0.3323 0.1554 0.1668 0.2315 0.3455 0.4717 0.4481 0.2946 0.1506 0.1760 0.2505 0.3762 0.4785 0.4253 0.2335 0.1507 0.1897 0.2522 0.4238 0.3842 0.2606 0.1822 0.1581 0.3104 0.4611 0.4636 0.3325 0.2278 0.1664 0.1719 0.3700 0.4754 0.4360 0.3055 0.2116 0.1593 0.1921 0.4007 0.4805 0.4140 0.2879 0.2010 0.1565 0.2191 0.4213 0.4820 0.3937 0.2725 0.1918 0.1557 0.2526 0.4379 0.4804 0.3738 0.2580 0.1835 0.1569 0.2879 0.4514 0.4746 0.3546 0.2444 0.1759 0.1604 0.3216 0.4624 0.4640 0.3370 0.2429
0.1866 0.2211 0.3252 0.4582 0.4635 0.3412 0.1621 0.1682 0.2331 0.3448 0.4701 0.4536 0.3103 0.1565 0.1752 0.2465 0.3648 0.4770 0.4416 0.2764 0.1536 0.1829 0.2608 0.3854 0.4797 0.4270 0.2411 0.1530 0.1916 0.2763 0.4063 0.4791 0.4089 0.2070 0.1545 0.2023 0.2956 0.4311 0.4742 0.3792 0.1759 0.1610 0.2204 0.3281 0.4632 0.4581 0.3152 0.1562 0.1788 0.2504 0.3226 0.2593 0.1831 0.1581 0.3123 0.4621 0.4614 0.3289 0.2249 0.1646 0.1758 0.3798 0.4775 0.4278 0.2981 0.2068 0.1577 0.2039 0.4115 0.4816 0.4035 0.2797 0.1961 0.1558 0.2361 0.4303 0.4816 0.3833 0.2647 0.1873 0.1560 0.2709 0.4452 0.4779 0.3637 0.2507 0.1794 0.1584 0.3058 0.4574 0.4698 0.3448 0.2376 0.1722 0.1633 0.3382 0.4671 0.4567 0.3266 0.2259 0.1900
0.2050 0.1635 0.2203 0.3186 0.4490 0.4706 0.3529 0.1671 0.1694 0.2321 0.3364 0.4641 0.4620 0.3217 0.1607 0.1762 0.2448 0.3548 0.4746 0.4511 0.2880 0.1572 0.1838 0.2584 0.3741 0.4802 0.4376 0.2527 0.1559 0.1922 0.2730 0.3945 0.4818 0.4197 0.2159 0.1570 0.2035 0.2929 0.4218 0.4785 0.3860 0.1788 0.1641 0.2242 0.3283 0.4615 0.4612 0.3087 0.1581 0.1817 0.2173 0.1810 0.1579 0.3104 0.4621 0.4606 0.3270 0.2231 0.1635 0.1792 0.3872 0.4789 0.4206 0.2917 0.2026 0.1566 0.2171 0.4207 0.4820 0.3933 0.2720 0.1915 0.1557 0.2541 0.4385 0.4802 0.3730 0.2573 0.1831 0.1570 0.2892 0.4519 0.4743 0.3538 0.2438 0.1756 0.1606 0.3230 0.4627 0.4635 0.3353 0.2312 0.1688 0.1671 0.3539 0.4712 0.4482 0.3176 0.2195 0.1630 0.2052
