0.4609 0.2719 0.1837 0.2183 0.2998 0.4245 0.4763 0.3562 0.1891 0.1997 0.2642 0.3742 0.4805 0.4221 0.2181 0.1870 0.2351 0.3287 0.4573 0.4611 0.2962 0.1838 0.2123 0.2889 0.4098 0.4797 0.3777 0.1938 0.1954 0.2552 0.3605 0.4771 0.4357 0.2363 0.1849 0.2279 0.3167 0.4450 0.4684 0.3214 0.1851 0.2068 0.2785 0.3952 0.4814 0.3973 0.2008 0.1916 0.2470 0.3462 0.4294 0.3462 0.2470 0.1916 0.2008 0.3973 0.4814 0.3952 0.2785 0.2068 0.1851 0.3214 0.4684 0.4450 0.3167 0.2279 0.1849 0.2363 0.4357 0.4771 0.3605 0.2552 0.1954 0.1938 0.3777 0.4797 0.4098 0.2889 0.2123 0.1838 0.2962 0.4611 0.4573 0.3287 0.2351 0.1870 0.2181 0.4221 0.4805 0.3742 0.2642 0.1997 0.1891 0.3562 0.4763 0.4245 0.2998 0.2183 0.1837 0.2719 0.4609
0.2719 0.1562 0.1988 0.2915 0.4287 0.4759 0.3568 0.1641 0.1753 0.2504 0.3735 0.4825 0.4219 0.2050 0.1594 0.2171 0.3230 0.4619 0.4601 0.2954 0.1564 0.1905 0.2782 0.4124 0.4799 0.3787 0.1707 0.1700 0.2401 0.3585 0.4800 0.4350 0.2284 0.1570 0.2088 0.3094 0.4496 0.4676 0.3217 0.1584 0.1840 0.2665 0.3965 0.4823 0.3981 0.1805 0.1651 0.2304 0.3443 0.4744 0.4693 0.4744 0.3443 0.2304 0.1651 0.1805 0.3981 0.4823 0.3965 0.2665 0.1840 0.1584 0.3217 0.4676 0.4496 0.3094 0.2088 0.1570 0.2284 0.4350 0.4800 0.3585 0.2401 0.1700 0.1707 0.3787 0.4799 0.4124 0.2782 0.1905 0.1564 0.2954 0.4601 0.4619 0.3230 0.2171 0.1594 0.2050 0.4219 0.4825 0.3735 0.2504 0.1753 0.1641 0.3568 0.4759 0.4287 0.2915 0.1988 0.1562 0.2719
0.1837 0.1988 0.2875 0.4206 0.4775 0.3697 0.1677 0.1717 0.2431 0.3624 0.4800 0.4308 0.2201 0.1575 0.2111 0.3130 0.4525 0.4648 0.3131 0.1574 0.1858 0.2697 0.4004 0.4808 0.3919 0.1767 0.1665 0.2330 0.3476 0.4757 0.4426 0.2461 0.1560 0.2031 0.2999 0.4387 0.4712 0.3382 0.1604 0.1797 0.2584 0.3847 0.4819 0.4096 0.1898 0.1620 0.2237 0.3333 0.4687 0.4498 0.3669 0.4498 0.4687 0.3333 0.2237 0.1620 0.1898 0.4096 0.4819 0.3847 0.2584 0.1797 0.1604 0.3382 0.4712 0.4387 0.2999 0.2031 0.1560 0.2461 0.4426 0.4757 0.3476 0.2330 0.1665 0.1767 0.3919 0.4808 0.4004 0.2697 0.1858 0.1574 0.3131 0.4648 0.4525 0.3130 0.2111 0.1575 0.2201 0.4308 0.4800 0.3624 0.2431 0.1717 0.1677 0.3697 0.4775 0.4206 0.2875 0.1988 0.1837
0.2183 0.2915 0.4206 0.4784 0.3775 0.1714 0.1689 0.2372 0.3532 0.4776 0.4388 0.2370 0.1564 0.2057 0.3042 0.4436 0.4693 0.3301 0.1593 0.1817 0.2622 0.3901 0.4818 0.4040 0.1848 0.1634 0.2268 0.3380 0.4713 0.4496 0.2644 0.1556 0.1982 0.2915 0.4289 0.4747 0.3539 0.1633 0.1758 0.2512 0.3745 0.4817 0.4199 0.2020 0.1597 0.2179 0.3241 0.4621 0.4581 0.2957 0.1663 0.2957 0.4581 0.4621 0.3241 0.2179 0.1597 0.2020 0.4199 0.4817 0.3745 0.2512 0.1758 0.1633 0.3539 0.4747 0.4289 0.2915 0.1982 0.1556 0.2644 0.4496 0.4713 0.3380 0.2268 0.1634 0.1848 0.4040 0.4818 0.3901 0.2622 0.1817 0.1593 0.3301 0.4693 0.4436 0.3042 0.2057 0.1564 0.2370 0.4388 0.4776 0.3532 0.2372 0.1689 0.1714 0.3775 0.4784 0.4206 0.2915 0.2183
0.2998 0.4287 0.4775 0.3775 0.1730 0.1673 0.2329 0.3456 0.4745 0.4455 0.2540 0.1558 0.2007 0.2957 0.4339 0.4731 0.3462 0.1618 0.1778 0.2548 0.3797 0.4820 0.4149 0.1955 0.1608 0.2208 0.3286 0.4655 0.4558 0.2827 0.1558 0.1934 0.2833 0.4186 0.4776 0.3687 0.1671 0.1722 0.2443 0.3644 0.4805 0.4291 0.2168 0.1578 0.2123 0.3150 0.4543 0.4638 0.3086 0.1556 0.1590 0.1556 0.3086 0.4638 0.4543 0.3150 0.2123 0.1578 0.2168 0.4291 0.4805 0.3644 0.2443 0.1722 0.1671 0.3687 0.4776 0.4186 0.2833 0.1934 0.1558 0.2827 0.4558 0.4655 0.3286 0.2208 0.1608 0.1955 0.4149 0.4820 0.3797 0.2548 0.1778 0.1618 0.3462 0.4731 0.4339 0.2957 0.2007 0.1558 0.2540 0.4455 0.4745 0.3456 0.2329 0.1673 0.1730 0.3775 0.4775 0.4287 0.2998
0.4245 0.4759 0.3697 0.1714 0.1673 0.2313 0.3412 0.4716 0.4505 0.2691 0.1557 0.1962 0.2877 0.4240 0.4762 0.3614 0.1651 0.1740 0.2478 0.3695 0.4812 0.4246 0.2090 0.1586 0.2150 0.3195 0.4583 0.4613 0.3007 0.1566 0.1889 0.2753 0.4081 0.4797 0.3826 0.1722 0.1688 0.2376 0.3545 0.4781 0.4373 0.2335 0.1565 0.2069 0.3061 0.4456 0.4683 0.3265 0.1589 0.1795 0.2155 0.1795 0.1589 0.3265 0.4683 0.4456 0.3061 0.2069 0.1565 0.2335 0.4373 0.4781 0.3545 0.2376 0.1688 0.1722 0.3826 0.4797 0.4081 0.2753 0.1889 0.1566 0.3007 0.4613 0.4583 0.3195 0.2150 0.1586 0.2090 0.4246 0.4812 0.3695 0.2478 0.1740 0.1651 0.3614 0.4762 0.4240 0.2877 0.1962 0.1557 0.2691 0.4505 0.4716 0.3412 0.2313 0.1673 0.1714 0.3697 0.4759 0.4245
0.4763 0.3568 0.1677 0.1689 0.2329 0.3412 0.4704 0.4532 0.2799 0.1559 0.1925 0.2807 0.4145 0.4786 0.3753 0.1694 0.1705 0.2410 0.3595 0.4795 0.4333 0.2249 0.1571 0.2095 0.3105 0.4501 0.4662 0.3181 0.1579 0.1846 0.2675 0.3975 0.4812 0.3955 0.1788 0.1656 0.2312 0.3448 0.4746 0.4447 0.2513 0.1558 0.2017 0.2975 0.4360 0.4723 0.3428 0.1612 0.1790 0.2536 0.3192 0.2536 0.1790 0.1612 0.3428 0.4723 0.4360 0.2975 0.2017 0.1558 0.2513 0.4447 0.4746 0.3448 0.2312 0.1656 0.1788 0.3955 0.4812 0.3975 0.2675 0.1846 0.1579 0.3181 0.4662 0.4501 0.3105 0.2095 0.1571 0.2249 0.4333 0.4795 0.3595 0.2410 0.1705 0.1694 0.3753 0.4786 0.4145 0.2807 0.1925 0.1559 0.2799 0.4532 0.4704 0.3412 0.2329 0.1689 0.1677 0.3568 0.4763
0.3562 0.1641 0.1717 0.2372 0.3456 0.4716 0.4532 0.2839 0.1561 0.1900 0.2753 0.4063 0.4802 0.3873 0.1747 0.1674 0.2346 0.3498 0.4765 0.4411 0.2422 0.1561 0.2042 0.3018 0.4409 0.4704 0.3348 0.1599 0.1805 0.2600 0.3870 0.4819 0.4073 0.1876 0.1626 0.2250 0.3353 0.4698 0.4514 0.2696 0.1556 0.1968 0.2891 0.4260 0.4756 0.3583 0.1643 0.1749 0.2499 0.3733 0.4560 0.3733 0.2499 0.1749 0.1643 0.3583 0.4756 0.4260 0.2891 0.1968 0.1556 0.2696 0.4514 0.4698 0.3353 0.2250 0.1626 0.1876 0.4073 0.4819 0.3870 0.2600 0.1805 0.1599 0.3348 0.4704 0.4409 0.3018 0.2042 0.1561 0.2422 0.4411 0.4765 0.3498 0.2346 0.1674 0.1747 0.3873 0.4802 0.4063 0.2753 0.1900 0.1561 0.2839 0.4532 0.4716 0.3456 0.2372 0.1717 0.1641 0.3562
0.1891 0.1753 0.2431 0.3532 0.4745 0.4505 0.2799 0.1561 0.1892 0.2724 0.4006 0.4812 0.3969 0.1807 0.1646 0.2288 0.3406 0.4725 0.4480 0.2603 0.1556 0.1992 0.2932 0.4310 0.4740 0.3507 0.1626 0.1767 0.2528 0.3767 0.4818 0.4178 0.1991 0.1601 0.2191 0.3260 0.4635 0.4574 0.2879 0.1560 0.1921 0.2809 0.4156 0.4782 0.3728 0.1684 0.1712 0.2424 0.3623 0.4786 0.4617 0.4786 0.3623 0.2424 0.1712 0.1684 0.3728 0.4782 0.4156 0.2809 0.1921 0.1560 0.2879 0.4574 0.4635 0.3260 0.2191 0.1601 0.1991 0.4178 0.4818 0.3767 0.2528 0.1767 0.1626 0.3507 0.4740 0.4310 0.2932 0.1992 0.1556 0.2603 0.4480 0.4725 0.3406 0.2288 0.1646 0.1807 0.3969 0.4812 0.4006 0.2724 0.1892 0.1561 0.2799 0.4505 0.4745 0.3532 0.2431 0.1753 0.1891
0.1997 0.2504 0.3624 0.4776 0.4455 0.2691 0.1559 0.1900 0.2724 0.3986 0.4816 0.4030 0.1864 0.1625 0.2239 0.3325 0.4676 0.4540 0.2780 0.1557 0.1944 0.2850 0.4208 0.4770 0.3657 0.1663 0.1730 0.2458 0.3666 0.4808 0.4272 0.2134 0.1581 0.2134 0.3169 0.4561 0.4627 0.3058 0.1569 0.1877 0.2730 0.4050 0.4802 0.3864 0.1739 0.1679 0.2358 0.3518 0.4774 0.4367 0.3393 0.4367 0.4774 0.3518 0.2358 0.1679 0.1739 0.3864 0.4802 0.4050 0.2730 0.1877 0.1569 0.3058 0.4627 0.4561 0.3169 0.2134 0.1581 0.2134 0.4272 0.4808 0.3666 0.2458 0.1730 0.1663 0.3657 0.4770 0.4208 0.2850 0.1944 0.1557 0.2780 0.4540 0.4676 0.3325 0.2239 0.1625 0.1864 0.4030 0.4816 0.3986 0.2724 0.1900 0.1559 0.2691 0.4455 0.4776 0.3624 0.2504 0.1997
0.2642 0.3735 0.4800 0.4388 0.2540 0.1557 0.1925 0.2753 0.4006 0.4816 0.4051 0.1900 0.1612 0.2203 0.3259 0.4624 0.4590 0.2942 0.1563 0.1901 0.2771 0.4104 0.4793 0.3798 0.1710 0.1695 0.2391 0.3567 0.4787 0.4356 0.2297 0.1568 0.2080 0.3080 0.4475 0.4674 0.3230 0.1584 0.1834 0.2653 0.3945 0.4815 0.3990 0.1811 0.1647 0.2294 0.3421 0.4734 0.4462 0.2603 0.1559 0.2603 0.4462 0.4734 0.3421 0.2294 0.1647 0.1811 0.3990 0.4815 0.3945 0.2653 0.1834 0.1584 0.3230 0.4674 0.4475 0.3080 0.2080 0.1568 0.2297 0.4356 0.4787 0.3567 0.2391 0.1695 0.1710 0.3798 0.4793 0.4104 0.2771 0.1901 0.1563 0.2942 0.4590 0.4624 0.3259 0.2203 0.1612 0.1900 0.4051 0.4816 0.4006 0.2753 0.1925 0.1557 0.2540 0.4388 0.4800 0.3735 0.2642
0.3742 0.4825 0.4308 0.2370 0.1558 0.1962 0.2807 0.4063 0.4812 0.4030 0.1900 0.1608 0.2183 0.3215 0.4579 0.4627 0.3080 0.1572 0.1863 0.2700 0.4004 0.4809 0.3927 0.1772 0.1663 0.2326 0.3469 0.4755 0.4432 0.2474 0.1559 0.2028 0.2993 0.4381 0.4715 0.3395 0.1606 0.1794 0.2579 0.3841 0.4820 0.4104 0.1906 0.1618 0.2233 0.3326 0.4681 0.4532 0.2740 0.1538 0.1648 0.1538 0.2740 0.4532 0.4681 0.3326 0.2233 0.1618 0.1906 0.4104 0.4820 0.3841 0.2579 0.1794 0.1606 0.3395 0.4715 0.4381 0.2993 0.2028 0.1559 0.2474 0.4432 0.4755 0.3469 0.2326 0.1663 0.1772 0.3927 0.4809 0.4004 0.2700 0.1863 0.1572 0.3080 0.4627 0.4579 0.3215 0.2183 0.1608 0.1900 0.4030 0.4812 0.4063 0.2807 0.1962 0.1558 0.2370 0.4308 0.4825 0.3742
0.4805 0.4219 0.2201 0.1564 0.2007 0.2877 0.4145 0.4802 0.3969 0.1864 0.1612 0.2183 0.3199 0.4553 0.4649 0.3181 0.1583 0.1831 0.2637 0.3912 0.4818 0.4040 0.1851 0.1633 0.2264 0.3373 0.4709 0.4500 0.2657 0.1556 0.1978 0.2908 0.4281 0.4750 0.3551 0.1636 0.1756 0.2507 0.3738 0.4816 0.4206 0.2030 0.1595 0.2174 0.3233 0.4615 0.4590 0.2930 0.1564 0.1876 0.2275 0.1876 0.1564 0.2930 0.4590 0.4615 0.3233 0.2174 0.1595 0.2030 0.4206 0.4816 0.3738 0.2507 0.1756 0.1636 0.3551 0.4750 0.4281 0.2908 0.1978 0.1556 0.2657 0.4500 0.4709 0.3373 0.2264 0.1633 0.1851 0.4040 0.4818 0.3912 0.2637 0.1831 0.1583 0.3181 0.4649 0.4553 0.3199 0.2183 0.1612 0.1864 0.3969 0.4802 0.4145 0.2877 0.2007 0.1564 0.2201 0.4219 0.4805
0.4221 0.2050 0.1575 0.2057 0.2957 0.4240 0.4786 0.3873 0.1807 0.1625 0.2203 0.3215 0.4553 0.4657 0.3234 0.1592 0.1808 0.2588 0.3834 0.4820 0.4135 0.1947 0.1608 0.2207 0.3282 0.4650 0.4562 0.2840 0.1558 0.1931 0.2826 0.4178 0.4777 0.3698 0.1675 0.1720 0.2438 0.3637 0.4803 0.4297 0.2179 0.1577 0.2118 0.3143 0.4537 0.4642 0.3108 0.1573 0.1869 0.2684 0.3386 0.2684 0.1869 0.1573 0.3108 0.4642 0.4537 0.3143 0.2118 0.1577 0.2179 0.4297 0.4803 0.3637 0.2438 0.1720 0.1675 0.3698 0.4777 0.4178 0.2826 0.1931 0.1558 0.2840 0.4562 0.4650 0.3282 0.2207 0.1608 0.1947 0.4135 0.4820 0.3834 0.2588 0.1808 0.1592 0.3234 0.4657 0.4553 0.3215 0.2203 0.1625 0.1807 0.3873 0.4786 0.4240 0.2957 0.2057 0.1575 0.2050 0.4221
0.2181 0.1594 0.2111 0.3042 0.4339 0.4762 0.3753 0.1747 0.1646 0.2239 0.3259 0.4579 0.4649 0.3234 0.1595 0.1796 0.2556 0.3776 0.4818 0.4209 0.2052 0.1590 0.2155 0.3197 0.4582 0.4615 0.3017 0.1566 0.1886 0.2746 0.4072 0.4799 0.3837 0.1726 0.1686 0.2372 0.3538 0.4779 0.4379 0.2347 0.1565 0.2064 0.3054 0.4449 0.4687 0.3278 0.1590 0.1823 0.2638 0.3936 0.4680 0.3936 0.2638 0.1823 0.1590 0.3278 0.4687 0.4449 0.3054 0.2064 0.1565 0.2347 0.4379 0.4779 0.3538 0.2372 0.1686 0.1726 0.3837 0.4799 0.4072 0.2746 0.1886 0.1566 0.3017 0.4615 0.4582 0.3197 0.2155 0.1590 0.2052 0.4209 0.4818 0.3776 0.2556 0.1796 0.1595 0.3234 0.4649 0.4579 0.3259 0.2239 0.1646 0.1747 0.3753 0.4762 0.4339 0.3042 0.2111 0.1594 0.2181
0.1870 0.2171 0.3130 0.4436 0.4731 0.3614 0.1694 0.1674 0.2288 0.3325 0.4624 0.4627 0.3181 0.1592 0.1796 0.2545 0.3746 0.4814 0.4259 0.2148 0.1577 0.2112 0.3122 0.4510 0.4660 0.3181 0.1580 0.1844 0.2670 0.3967 0.4813 0.3965 0.1794 0.1654 0.2307 0.3441 0.4743 0.4452 0.2526 0.1558 0.2013 0.2968 0.4353 0.4726 0.3441 0.1614 0.1783 0.2559 0.3818 0.4801 0.4522 0.4801 0.3818 0.2559 0.1783 0.1614 0.3441 0.4726 0.4353 0.2968 0.2013 0.1558 0.2526 0.4452 0.4743 0.3441 0.2307 0.1654 0.1794 0.3965 0.4813 0.3967 0.2670 0.1844 0.1580 0.3181 0.4660 0.4510 0.3122 0.2112 0.1577 0.2148 0.4259 0.4814 0.3746 0.2545 0.1796 0.1592 0.3181 0.4627 0.4624 0.3325 0.2288 0.1674 0.1694 0.3614 0.4731 0.4436 0.3130 0.2171 0.1870
0.2351 0.3230 0.4525 0.4693 0.3462 0.1651 0.1705 0.2346 0.3406 0.4676 0.4590 0.3080 0.1583 0.1808 0.2556 0.3746 0.4812 0.4285 0.2216 0.1570 0.2077 0.3058 0.4439 0.4696 0.3329 0.1598 0.1806 0.2598 0.3864 0.4820 0.4081 0.1884 0.1624 0.2246 0.3346 0.4694 0.4519 0.2710 0.1556 0.1964 0.2884 0.4252 0.4758 0.3595 0.1646 0.1745 0.2487 0.3709 0.4813 0.4211 0.3086 0.4211 0.4813 0.3709 0.2487 0.1745 0.1646 0.3595 0.4758 0.4252 0.2884 0.1964 0.1556 0.2710 0.4519 0.4694 0.3346 0.2246 0.1624 0.1884 0.4081 0.4820 0.3864 0.2598 0.1806 0.1598 0.3329 0.4696 0.4439 0.3058 0.2077 0.1570 0.2216 0.4285 0.4812 0.3746 0.2556 0.1808 0.1583 0.3080 0.4590 0.4676 0.3406 0.2346 0.1705 0.1651 0.3462 0.4693 0.4525 0.3230 0.2351
0.3287 0.4619 0.4648 0.3301 0.1618 0.1740 0.2410 0.3498 0.4725 0.4540 0.2942 0.1572 0.1831 0.2588 0.3776 0.4814 0.4285 0.2240 0.1567 0.2056 0.3013 0.4379 0.4723 0.3452 0.1619 0.1772 0.2533 0.3768 0.4818 0.4183 0.2000 0.1600 0.2187 0.3253 0.4630 0.4578 0.2892 0.1560 0.1918 0.2803 0.4147 0.4784 0.3739 0.1688 0.1710 0.2419 0.3609 0.4798 0.4315 0.2258 0.1502 0.2258 0.4315 0.4798 0.3609 0.2419 0.1710 0.1688 0.3739 0.4784 0.4147 0.2803 0.1918 0.1560 0.2892 0.4578 0.4630 0.3253 0.2187 0.1600 0.2000 0.4183 0.4818 0.3768 0.2533 0.1772 0.1619 0.3452 0.4723 0.4379 0.3013 0.2056 0.1567 0.2240 0.4285 0.4814 0.3776 0.2588 0.1831 0.1572 0.2942 0.4540 0.4725 0.3498 0.2410 0.1740 0.1618 0.3301 0.4648 0.4619 0.3287
0.4573 0.4601 0.3131 0.1593 0.1778 0.2478 0.3595 0.4765 0.4480 0.2780 0.1563 0.1863 0.2637 0.3834 0.4818 0.4259 0.2216 0.1567 0.2049 0.2989 0.4339 0.4741 0.3547 0.1642 0.1744 0.2475 0.3682 0.4809 0.4269 0.2136 0.1581 0.2131 0.3163 0.4555 0.4631 0.3070 0.1570 0.1873 0.2724 0.4042 0.4804 0.3875 0.1744 0.1676 0.2353 0.3510 0.4770 0.4401 0.2390 0.1540 0.1714 0.1540 0.2390 0.4401 0.4770 0.3510 0.2353 0.1676 0.1744 0.3875 0.4804 0.4042 0.2724 0.1873 0.1570 0.3070 0.4631 0.4555 0.3163 0.2131 0.1581 0.2136 0.4269 0.4809 0.3682 0.2475 0.1744 0.1642 0.3547 0.4741 0.4339 0.2989 0.2049 0.1567 0.2216 0.4259 0.4818 0.3834 0.2637 0.1863 0.1563 0.2780 0.4480 0.4765 0.3595 0.2478 0.1778 0.1593 0.3131 0.4601 0.4573
0.4611 0.2954 0.1574 0.1817 0.2548 0.3695 0.4795 0.4411 0.2603 0.1557 0.1901 0.2700 0.3912 0.4820 0.4209 0.2148 0.1570 0.2056 0.2989 0.4326 0.4750 0.3606 0.1661 0.1722 0.2429 0.3606 0.4794 0.4342 0.2281 0.1568 0.2080 0.3077 0.4470 0.4677 0.3242 0.1585 0.1831 0.2647 0.3937 0.4816 0.4000 0.1818 0.1645 0.2290 0.3414 0.4730 0.4472 0.2578 0.1559 0.1967 0.2405 0.1967 0.1559 0.2578 0.4472 0.4730 0.3414 0.2290 0.1645 0.1818 0.4000 0.4816 0.3937 0.2647 0.1831 0.1585 0.3242 0.4677 0.4470 0.3077 0.2080 0.1568 0.2281 0.4342 0.4794 0.3606 0.2429 0.1722 0.1661 0.3606 0.4750 0.4326 0.2989 0.2056 0.1570 0.2148 0.4209 0.4820 0.3912 0.2700 0.1901 0.1557 0.2603 0.4411 0.4795 0.3695 0.2548 0.1817 0.1574 0.2954 0.4611
0.2962 0.1564 0.1858 0.2622 0.3797 0.4812 0.4333 0.2422 0.1556 0.1944 0.2771 0.4004 0.4818 0.4135 0.2052 0.1577 0.2077 0.3013 0.4339 0.4750 0.3626 0.1672 0.1709 0.2395 0.3547 0.4776 0.4401 0.2421 0.1560 0.2034 0.2997 0.4382 0.4716 0.3403 0.1608 0.1791 0.2573 0.3832 0.4820 0.4112 0.1915 0.1617 0.2229 0.3319 0.4677 0.4537 0.2762 0.1557 0.1956 0.2842 0.3590 0.2842 0.1956 0.1557 0.2762 0.4537 0.4677 0.3319 0.2229 0.1617 0.1915 0.4112 0.4820 0.3832 0.2573 0.1791 0.1608 0.3403 0.4716 0.4382 0.2997 0.2034 0.1560 0.2421 0.4401 0.4776 0.3547 0.2395 0.1709 0.1672 0.3626 0.4750 0.4339 0.3013 0.2077 0.1577 0.2052 0.4135 0.4818 0.4004 0.2771 0.1944 0.1556 0.2422 0.4333 0.4812 0.3797 0.2622 0.1858 0.1564 0.2962
0.1838 0.1905 0.2697 0.3901 0.4820 0.4246 0.2249 0.1561 0.1992 0.2850 0.4104 0.4809 0.4040 0.1947 0.1590 0.2112 0.3058 0.4379 0.4741 0.3606 0.1672 0.1704 0.2378 0.3509 0.4758 0.4444 0.2542 0.1557 0.1994 0.2926 0.4294 0.4747 0.3549 0.1636 0.1754 0.2502 0.3730 0.4816 0.4213 0.2041 0.1593 0.2170 0.3227 0.4610 0.4594 0.2944 0.1562 0.1905 0.2787 0.4140 0.4750 0.4140 0.2787 0.1905 0.1562 0.2944 0.4594 0.4610 0.3227 0.2170 0.1593 0.2041 0.4213 0.4816 0.3730 0.2502 0.1754 0.1636 0.3549 0.4747 0.4294 0.2926 0.1994 0.1557 0.2542 0.4444 0.4758 0.3509 0.2378 0.1704 0.1672 0.3606 0.4741 0.4379 0.3058 0.2112 0.1590 0.1947 0.4040 0.4809 0.4104 0.2850 0.1992 0.1561 0.2249 0.4246 0.4820 0.3901 0.2697 0.1905 0.1838
0.2123 0.2782 0.4004 0.4818 0.4149 0.2090 0.1571 0.2042 0.2932 0.4208 0.4793 0.3927 0.1851 0.1608 0.2155 0.3122 0.4439 0.4723 0.3547 0.1661 0.1709 0.2378 0.3497 0.4748 0.4470 0.2631 0.1556 0.1962 0.2865 0.4212 0.4772 0.3678 0.1672 0.1720 0.2437 0.3632 0.4802 0.4303 0.2192 0.1576 0.2114 0.3136 0.4531 0.4645 0.3121 0.1574 0.1861 0.2702 0.4019 0.4784 0.4402 0.4784 0.4019 0.2702 0.1861 0.1574 0.3121 0.4645 0.4531 0.3136 0.2114 0.1576 0.2192 0.4303 0.4802 0.3632 0.2437 0.1720 0.1672 0.3678 0.4772 0.4212 0.2865 0.1962 0.1556 0.2631 0.4470 0.4748 0.3497 0.2378 0.1709 0.1661 0.3547 0.4723 0.4439 0.3122 0.2155 0.1608 0.1851 0.3927 0.4793 0.4208 0.2932 0.2042 0.1571 0.2090 0.4149 0.4818 0.4004 0.2782 0.2123
0.2889 0.4124 0.4808 0.4040 0.1955 0.1586 0.2095 0.3018 0.4310 0.4770 0.3798 0.1772 0.1633 0.2207 0.3197 0.4510 0.4696 0.3452 0.1642 0.1722 0.2395 0.3509 0.4748 0.4479 0.2678 0.1557 0.1939 0.2819 0.4144 0.4789 0.3789 0.1712 0.1691 0.2377 0.3540 0.4779 0.4382 0.2359 0.1564 0.2061 0.3048 0.4442 0.4690 0.3290 0.1591 0.1819 0.2626 0.3907 0.4816 0.4023 0.2749 0.4023 0.4816 0.3907 0.2626 0.1819 0.1591 0.3290 0.4690 0.4442 0.3048 0.2061 0.1564 0.2359 0.4382 0.4779 0.3540 0.2377 0.1691 0.1712 0.3789 0.4789 0.4144 0.2819 0.1939 0.1557 0.2678 0.4479 0.4748 0.3509 0.2395 0.1722 0.1642 0.3452 0.4696 0.4510 0.3197 0.2207 0.1633 0.1772 0.3798 0.4770 0.4310 0.3018 0.2095 0.1586 0.1955 0.4040 0.4808 0.4124 0.2889
0.4098 0.4799 0.3919 0.1848 0.1608 0.2150 0.3105 0.4409 0.4740 0.3657 0.1710 0.1663 0.2264 0.3282 0.4582 0.4660 0.3329 0.1619 0.1744 0.2429 0.3547 0.4758 0.4470 0.2678 0.1557 0.1928 0.2790 0.4094 0.4800 0.3875 0.1756 0.1666 0.2324 0.3457 0.4747 0.4451 0.2528 0.1558 0.2011 0.2963 0.4345 0.4728 0.3452 0.1616 0.1780 0.2553 0.3803 0.4820 0.4136 0.1965 0.1479 0.1965 0.4136 0.4820 0.3803 0.2553 0.1780 0.1616 0.3452 0.4728 0.4345 0.2963 0.2011 0.1558 0.2528 0.4451 0.4747 0.3457 0.2324 0.1666 0.1756 0.3875 0.4800 0.4094 0.2790 0.1928 0.1557 0.2678 0.4470 0.4758 0.3547 0.2429 0.1744 0.1619 0.3329 0.4660 0.4582 0.3282 0.2264 0.1663 0.1710 0.3657 0.4740 0.4409 0.3105 0.2150 0.1608 0.1848 0.3919 0.4799 0.4098
0.4797 0.3787 0.1767 0.1634 0.2208 0.3195 0.4501 0.4704 0.3507 0.1663 0.1695 0.2326 0.3373 0.4650 0.4615 0.3181 0.1598 0.1772 0.2475 0.3606 0.4776 0.4444 0.2631 0.1557 0.1928 0.2780 0.4069 0.4806 0.3933 0.1796 0.1646 0.2280 0.3384 0.4708 0.4508 0.2691 0.1556 0.1965 0.2882 0.4246 0.4760 0.3605 0.1648 0.1742 0.2482 0.3701 0.4813 0.4240 0.2076 0.1563 0.1788 0.1563 0.2076 0.4240 0.4813 0.3701 0.2482 0.1742 0.1648 0.3605 0.4760 0.4246 0.2882 0.1965 0.1556 0.2691 0.4508 0.4708 0.3384 0.2280 0.1646 0.1796 0.3933 0.4806 0.4069 0.2780 0.1928 0.1557 0.2631 0.4444 0.4776 0.3606 0.2475 0.1772 0.1598 0.3181 0.4615 0.4650 0.3373 0.2326 0.1695 0.1663 0.3507 0.4704 0.4501 0.3195 0.2208 0.1634 0.1767 0.3787 0.4797
0.3777 0.1707 0.1665 0.2268 0.3286 0.4583 0.4662 0.3348 0.1626 0.1730 0.2391 0.3469 0.4709 0.4562 0.3017 0.1580 0.1806 0.2533 0.3682 0.4794 0.4401 0.2542 0.1556 0.1939 0.2790 0.4069 0.4807 0.3964 0.1825 0.1632 0.2246 0.3324 0.4668 0.4555 0.2839 0.1559 0.1923 0.2808 0.4149 0.4785 0.3746 0.1691 0.1707 0.2414 0.3601 0.4796 0.4328 0.2239 0.1575 0.2066 0.2546 0.2066 0.1575 0.2239 0.4328 0.4796 0.3601 0.2414 0.1707 0.1691 0.3746 0.4785 0.4149 0.2808 0.1923 0.1559 0.2839 0.4555 0.4668 0.3324 0.2246 0.1632 0.1825 0.3964 0.4807 0.4069 0.2790 0.1939 0.1556 0.2542 0.4401 0.4794 0.3682 0.2533 0.1806 0.1580 0.3017 0.4562 0.4709 0.3469 0.2391 0.1730 0.1626 0.3348 0.4662 0.4583 0.3286 0.2268 0.1665 0.1707 0.3777
0.1938 0.1700 0.2330 0.3380 0.4655 0.4613 0.3181 0.1599 0.1767 0.2458 0.3567 0.4755 0.4500 0.2840 0.1566 0.1844 0.2598 0.3768 0.4809 0.4342 0.2421 0.1557 0.1962 0.2819 0.4094 0.4806 0.3964 0.1836 0.1626 0.2225 0.3282 0.4632 0.4591 0.2965 0.1565 0.1887 0.2741 0.4056 0.4802 0.3873 0.1745 0.1675 0.2348 0.3503 0.4768 0.4407 0.2412 0.1562 0.2051 0.3010 0.3801 0.3010 0.2051 0.1562 0.2412 0.4407 0.4768 0.3503 0.2348 0.1675 0.1745 0.3873 0.4802 0.4056 0.2741 0.1887 0.1565 0.2965 0.4591 0.4632 0.3282 0.2225 0.1626 0.1836 0.3964 0.4806 0.4094 0.2819 0.1962 0.1557 0.2421 0.4342 0.4809 0.3768 0.2598 0.1844 0.1566 0.2840 0.4500 0.4755 0.3567 0.2458 0.1767 0.1599 0.3181 0.4613 0.4655 0.3380 0.2330 0.1700 0.1938
0.1954 0.2401 0.3476 0.4713 0.4558 0.3007 0.1579 0.1805 0.2528 0.3666 0.4787 0.4432 0.2657 0.1558 0.1886 0.2670 0.3864 0.4818 0.4269 0.2281 0.1560 0.1994 0.2865 0.4144 0.4800 0.3933 0.1825 0.1626 0.2219 0.3261 0.4607 0.4614 0.3060 0.1572 0.1857 0.2682 0.3971 0.4814 0.3983 0.1812 0.1645 0.2288 0.3409 0.4727 0.4477 0.2593 0.1557 0.1996 0.2945 0.4336 0.4775 0.4336 0.2945 0.1996 0.1557 0.2593 0.4477 0.4727 0.3409 0.2288 0.1645 0.1812 0.3983 0.4814 0.3971 0.2682 0.1857 0.1572 0.3060 0.4614 0.4607 0.3261 0.2219 0.1626 0.1825 0.3933 0.4800 0.4144 0.2865 0.1994 0.1560 0.2281 0.4269 0.4818 0.3864 0.2670 0.1886 0.1558 0.2657 0.4432 0.4787 0.3666 0.2528 0.1805 0.1579 0.3007 0.4558 0.4713 0.3476 0.2401 0.1954
0.2552 0.3585 0.4757 0.4496 0.2827 0.1566 0.1846 0.2600 0.3767 0.4808 0.4356 0.2474 0.1556 0.1931 0.2746 0.3967 0.4820 0.4183 0.2136 0.1568 0.2034 0.2926 0.4212 0.4789 0.3875 0.1796 0.1632 0.2225 0.3261 0.4599 0.4626 0.3119 0.1579 0.1835 0.2636 0.3898 0.4819 0.4075 0.1890 0.1620 0.2233 0.3321 0.4675 0.4539 0.2774 0.1557 0.1947 0.2855 0.4221 0.4741 0.4257 0.4741 0.4221 0.2855 0.1947 0.1557 0.2774 0.4539 0.4675 0.3321 0.2233 0.1620 0.1890 0.4075 0.4819 0.3898 0.2636 0.1835 0.1579 0.3119 0.4626 0.4599 0.3261 0.2225 0.1632 0.1796 0.3875 0.4789 0.4212 0.2926 0.2034 0.1568 0.2136 0.4183 0.4820 0.3967 0.2746 0.1931 0.1556 0.2474 0.4356 0.4808 0.3767 0.2600 0.1846 0.1566 0.2827 0.4496 0.4757 0.3585 0.2552
0.3605 0.4800 0.4426 0.2644 0.1558 0.1889 0.2675 0.3870 0.4818 0.4272 0.2297 0.1559 0.1978 0.2826 0.4072 0.4813 0.4081 0.2000 0.1581 0.2080 0.2997 0.4294 0.4772 0.3789 0.1756 0.1646 0.2246 0.3282 0.4607 0.4626 0.3139 0.1583 0.1821 0.2604 0.3844 0.4820 0.4148 0.1974 0.1601 0.2184 0.3241 0.4616 0.4593 0.2946 0.1563 0.1902 0.2775 0.4110 0.4789 0.3797 0.2400 0.3797 0.4789 0.4110 0.2775 0.1902 0.1563 0.2946 0.4593 0.4616 0.3241 0.2184 0.1601 0.1974 0.4148 0.4820 0.3844 0.2604 0.1821 0.1583 0.3139 0.4626 0.4607 0.3282 0.2246 0.1646 0.1756 0.3789 0.4772 0.4294 0.2997 0.2080 0.1581 0.2000 0.4081 0.4813 0.4072 0.2826 0.1978 0.1559 0.2297 0.4272 0.4818 0.3870 0.2675 0.1889 0.1558 0.2644 0.4426 0.4800 0.3605
0.4771 0.4350 0.2461 0.1556 0.1934 0.2753 0.3975 0.4819 0.4178 0.2134 0.1568 0.2028 0.2908 0.4178 0.4799 0.3965 0.1884 0.1600 0.2131 0.3077 0.4382 0.4747 0.3678 0.1712 0.1666 0.2280 0.3324 0.4632 0.4614 0.3119 0.1583 0.1817 0.2587 0.3810 0.4819 0.4200 0.2055 0.1587 0.2143 0.3170 0.4552 0.4637 0.3104 0.1573 0.1861 0.2699 0.4006 0.4809 0.3915 0.1770 0.1485 0.1770 0.3915 0.4809 0.4006 0.2699 0.1861 0.1573 0.3104 0.4637 0.4552 0.3170 0.2143 0.1587 0.2055 0.4200 0.4819 0.3810 0.2587 0.1817 0.1583 0.3119 0.4614 0.4632 0.3324 0.2280 0.1666 0.1712 0.3678 0.4747 0.4382 0.3077 0.2131 0.1600 0.1884 0.3965 0.4799 0.4178 0.2908 0.2028 0.1568 0.2134 0.4178 0.4819 0.3975 0.2753 0.1934 0.1556 0.2461 0.4350 0.4771
0.4357 0.2284 0.1560 0.1982 0.2833 0.4081 0.4812 0.4073 0.1991 0.1581 0.2080 0.2993 0.4281 0.4777 0.3837 0.1794 0.1624 0.2187 0.3163 0.4470 0.4716 0.3549 0.1672 0.1691 0.2324 0.3384 0.4668 0.4591 0.3060 0.1579 0.1821 0.2587 0.3799 0.4817 0.4231 0.2118 0.1578 0.2110 0.3110 0.4490 0.4673 0.3245 0.1588 0.1824 0.2630 0.3907 0.4818 0.4039 0.1845 0.1608 0.1872 0.1608 0.1845 0.4039 0.4818 0.3907 0.2630 0.1824 0.1588 0.3245 0.4673 0.4490 0.3110 0.2110 0.1578 0.2118 0.4231 0.4817 0.3799 0.2587 0.1821 0.1579 0.3060 0.4591 0.4668 0.3384 0.2324 0.1691 0.1672 0.3549 0.4716 0.4470 0.3163 0.2187 0.1624 0.1794 0.3837 0.4777 0.4281 0.2993 0.2080 0.1581 0.1991 0.4073 0.4812 0.4081 0.2833 0.1982 0.1560 0.2284 0.4357
0.2363 0.1570 0.2031 0.2915 0.4186 0.4797 0.3955 0.1876 0.1601 0.2134 0.3080 0.4381 0.4750 0.3698 0.1726 0.1654 0.2246 0.3253 0.4555 0.4677 0.3403 0.1636 0.1720 0.2377 0.3457 0.4708 0.4555 0.2965 0.1572 0.1835 0.2604 0.3810 0.4817 0.4241 0.2151 0.1574 0.2087 0.3065 0.4436 0.4701 0.3365 0.1605 0.1791 0.2567 0.3815 0.4820 0.4141 0.1950 0.1612 0.2177 0.2701 0.2177 0.1612 0.1950 0.4141 0.4820 0.3815 0.2567 0.1791 0.1605 0.3365 0.4701 0.4436 0.3065 0.2087 0.1574 0.2151 0.4241 0.4817 0.3810 0.2604 0.1835 0.1572 0.2965 0.4555 0.4708 0.3457 0.2377 0.1720 0.1636 0.3403 0.4677 0.4555 0.3253 0.2246 0.1654 0.1726 0.3698 0.4750 0.4381 0.3080 0.2134 0.1601 0.1876 0.3955 0.4797 0.4186 0.2915 0.2031 0.1570 0.2363
0.1849 0.2088 0.2999 0.4289 0.4776 0.3826 0.1788 0.1626 0.2191 0.3169 0.4475 0.4715 0.3551 0.1675 0.1686 0.2307 0.3346 0.4630 0.4631 0.3242 0.1608 0.1754 0.2437 0.3540 0.4747 0.4508 0.2839 0.1565 0.1857 0.2636 0.3844 0.4819 0.4231 0.2151 0.1572 0.2076 0.3037 0.4396 0.4721 0.3458 0.1623 0.1763 0.2511 0.3731 0.4815 0.4228 0.2072 0.1589 0.2159 0.3192 0.4022 0.3192 0.2159 0.1589 0.2072 0.4228 0.4815 0.3731 0.2511 0.1763 0.1623 0.3458 0.4721 0.4396 0.3037 0.2076 0.1572 0.2151 0.4231 0.4819 0.3844 0.2636 0.1857 0.1565 0.2839 0.4508 0.4747 0.3540 0.2437 0.1754 0.1608 0.3242 0.4631 0.4630 0.3346 0.2307 0.1686 0.1675 0.3551 0.4715 0.4475 0.3169 0.2191 0.1626 0.1788 0.3826 0.4776 0.4289 0.2999 0.2088 0.1849
0.2279 0.3094 0.4387 0.4747 0.3687 0.1722 0.1656 0.2250 0.3260 0.4561 0.4674 0.3395 0.1636 0.1720 0.2372 0.3441 0.4694 0.4578 0.3070 0.1585 0.1791 0.2502 0.3632 0.4779 0.4451 0.2691 0.1559 0.1887 0.2682 0.3898 0.4820 0.4200 0.2118 0.1574 0.2076 0.3028 0.4375 0.4732 0.3522 0.1639 0.1742 0.2466 0.3659 0.4804 0.4301 0.2204 0.1574 0.2103 0.3120 0.4520 0.4768 0.4520 0.3120 0.2103 0.1574 0.2204 0.4301 0.4804 0.3659 0.2466 0.1742 0.1639 0.3522 0.4732 0.4375 0.3028 0.2076 0.1574 0.2118 0.4200 0.4820 0.3898 0.2682 0.1887 0.1559 0.2691 0.4451 0.4779 0.3632 0.2502 0.1791 0.1585 0.3070 0.4578 0.4694 0.3441 0.2372 0.1720 0.1636 0.3395 0.4674 0.4561 0.3260 0.2250 0.1656 0.1722 0.3687 0.4747 0.4387 0.3094 0.2279
0.3167 0.4496 0.4712 0.3539 0.1671 0.1688 0.2312 0.3353 0.4635 0.4627 0.3230 0.1606 0.1756 0.2438 0.3538 0.4743 0.4519 0.2892 0.1570 0.1831 0.2573 0.3730 0.4802 0.4382 0.2528 0.1556 0.1923 0.2741 0.3971 0.4819 0.4148 0.2055 0.1578 0.2087 0.3037 0.4375 0.4736 0.3556 0.1651 0.1728 0.2432 0.3602 0.4791 0.4360 0.2332 0.1564 0.2057 0.3036 0.4429 0.4671 0.4071 0.4671 0.4429 0.3036 0.2057 0.1564 0.2332 0.4360 0.4791 0.3602 0.2432 0.1728 0.1651 0.3556 0.4736 0.4375 0.3037 0.2087 0.1578 0.2055 0.4148 0.4819 0.3971 0.2741 0.1923 0.1556 0.2528 0.4382 0.4802 0.3730 0.2573 0.1831 0.1570 0.2892 0.4519 0.4743 0.3538 0.2438 0.1756 0.1606 0.3230 0.4627 0.4635 0.3353 0.2312 0.1688 0.1671 0.3539 0.4712 0.4496 0.3167
0.4450 0.4676 0.3382 0.1633 0.1722 0.2376 0.3448 0.4698 0.4574 0.3058 0.1584 0.1794 0.2507 0.3637 0.4779 0.4452 0.2710 0.1560 0.1873 0.2647 0.3832 0.4816 0.4303 0.2359 0.1558 0.1965 0.2808 0.4056 0.4814 0.4075 0.1974 0.1587 0.2110 0.3065 0.4396 0.4732 0.3556 0.1655 0.1720 0.2411 0.3561 0.4777 0.4404 0.2445 0.1559 0.2019 0.2966 0.4340 0.4729 0.3506 0.2042 0.3506 0.4729 0.4340 0.2966 0.2019 0.1559 0.2445 0.4404 0.4777 0.3561 0.2411 0.1720 0.1655 0.3556 0.4732 0.4396 0.3065 0.2110 0.1587 0.1974 0.4075 0.4814 0.4056 0.2808 0.1965 0.1558 0.2359 0.4303 0.4816 0.3832 0.2647 0.1873 0.1560 0.2710 0.4452 0.4779 0.3637 0.2507 0.1794 0.1584 0.3058 0.4574 0.4698 0.3448 0.2376 0.1722 0.1633 0.3382 0.4676 0.4450
0.4684 0.3217 0.1604 0.1758 0.2443 0.3545 0.4746 0.4514 0.2879 0.1569 0.1834 0.2579 0.3738 0.4803 0.4379 0.2526 0.1556 0.1918 0.2724 0.3937 0.4820 0.4213 0.2192 0.1564 0.2011 0.2882 0.4149 0.4802 0.3983 0.1890 0.1601 0.2143 0.3110 0.4436 0.4721 0.3522 0.1651 0.1720 0.2404 0.3540 0.4767 0.4434 0.2534 0.1557 0.1987 0.2907 0.4263 0.4759 0.3604 0.1645 0.1515 0.1645 0.3604 0.4759 0.4263 0.2907 0.1987 0.1557 0.2534 0.4434 0.4767 0.3540 0.2404 0.1720 0.1651 0.3522 0.4721 0.4436 0.3110 0.2143 0.1601 0.1890 0.3983 0.4802 0.4149 0.2882 0.2011 0.1564 0.2192 0.4213 0.4820 0.3937 0.2724 0.1918 0.1556 0.2526 0.4379 0.4803 0.3738 0.2579 0.1834 0.1569 0.2879 0.4514 0.4746 0.3545 0.2443 0.1758 0.1604 0.3217 0.4684
0.3214 0.1584 0.1797 0.2512 0.3644 0.4781 0.4447 0.2696 0.1560 0.1877 0.2653 0.3841 0.4816 0.4297 0.2347 0.1558 0.1964 0.2803 0.4042 0.4816 0.4112 0.2041 0.1576 0.2061 0.2963 0.4246 0.4785 0.3873 0.1812 0.1620 0.2184 0.3170 0.4490 0.4701 0.3458 0.1639 0.1728 0.2411 0.3540 0.4763 0.4449 0.2591 0.1556 0.1964 0.2861 0.4197 0.4778 0.3720 0.1687 0.1679 0.1980 0.1679 0.1687 0.3720 0.4778 0.4197 0.2861 0.1964 0.1556 0.2591 0.4449 0.4763 0.3540 0.2411 0.1728 0.1639 0.3458 0.4701 0.4490 0.3170 0.2184 0.1620 0.1812 0.3873 0.4785 0.4246 0.2963 0.2061 0.1576 0.2041 0.4112 0.4816 0.4042 0.2803 0.1964 0.1558 0.2347 0.4297 0.4816 0.3841 0.2653 0.1877 0.1560 0.2696 0.4447 0.4781 0.3644 0.2512 0.1797 0.1584 0.3214
0.1851 0.1840 0.2584 0.3745 0.4805 0.4373 0.2513 0.1556 0.1921 0.2730 0.3945 0.4820 0.4206 0.2179 0.1565 0.2013 0.2884 0.4147 0.4804 0.4000 0.1915 0.1593 0.2114 0.3048 0.4345 0.4760 0.3746 0.1745 0.1645 0.2233 0.3241 0.4552 0.4673 0.3365 0.1623 0.1742 0.2432 0.3561 0.4767 0.4449 0.2611 0.1556 0.1949 0.2829 0.4147 0.4790 0.3808 0.1725 0.1686 0.2325 0.2903 0.2325 0.1686 0.1725 0.3808 0.4790 0.4147 0.2829 0.1949 0.1556 0.2611 0.4449 0.4767 0.3561 0.2432 0.1742 0.1623 0.3365 0.4673 0.4552 0.3241 0.2233 0.1645 0.1745 0.3746 0.4760 0.4345 0.3048 0.2114 0.1593 0.1915 0.4000 0.4804 0.4147 0.2884 0.2013 0.1565 0.2179 0.4206 0.4820 0.3945 0.2730 0.1921 0.1556 0.2513 0.4373 0.4805 0.3745 0.2584 0.1840 0.1851
0.2068 0.2665 0.3847 0.4817 0.4291 0.2335 0.1558 0.1968 0.2809 0.4050 0.4815 0.4104 0.2030 0.1577 0.2064 0.2968 0.4252 0.4784 0.3875 0.1818 0.1617 0.2170 0.3136 0.4442 0.4728 0.3605 0.1691 0.1675 0.2288 0.3321 0.4616 0.4637 0.3245 0.1605 0.1763 0.2466 0.3602 0.4777 0.4434 0.2591 0.1556 0.1944 0.2812 0.4115 0.4798 0.3871 0.1760 0.1662 0.2317 0.3437 0.4289 0.3437 0.2317 0.1662 0.1760 0.3871 0.4798 0.4115 0.2812 0.1944 0.1556 0.2591 0.4434 0.4777 0.3602 0.2466 0.1763 0.1605 0.3245 0.4637 0.4616 0.3321 0.2288 0.1675 0.1691 0.3605 0.4728 0.4442 0.3136 0.2170 0.1617 0.1818 0.3875 0.4784 0.4252 0.2968 0.2064 0.1577 0.2030 0.4104 0.4815 0.4050 0.2809 0.1968 0.1558 0.2335 0.4291 0.4817 0.3847 0.2665 0.2068
0.2785 0.3965 0.4819 0.4199 0.2168 0.1565 0.2017 0.2891 0.4156 0.4802 0.3990 0.1906 0.1595 0.2118 0.3054 0.4353 0.4758 0.3739 0.1744 0.1645 0.2229 0.3227 0.4531 0.4690 0.3452 0.1648 0.1707 0.2348 0.3409 0.4675 0.4593 0.3104 0.1588 0.1791 0.2511 0.3659 0.4791 0.4404 0.2534 0.1556 0.1949 0.2812 0.4104 0.4801 0.3910 0.1788 0.1647 0.2277 0.3378 0.4699 0.4718 0.4699 0.3378 0.2277 0.1647 0.1788 0.3910 0.4801 0.4104 0.2812 0.1949 0.1556 0.2534 0.4404 0.4791 0.3659 0.2511 0.1791 0.1588 0.3104 0.4593 0.4675 0.3409 0.2348 0.1707 0.1648 0.3452 0.4690 0.4531 0.3227 0.2229 0.1645 0.1744 0.3739 0.4758 0.4353 0.3054 0.2118 0.1595 0.1906 0.3990 0.4802 0.4156 0.2891 0.2017 0.1565 0.2168 0.4199 0.4819 0.3965 0.2785
0.3952 0.4823 0.4096 0.2020 0.1578 0.2069 0.2975 0.4260 0.4782 0.3864 0.1811 0.1618 0.2174 0.3143 0.4449 0.4726 0.3595 0.1688 0.1676 0.2290 0.3319 0.4610 0.4645 0.3290 0.1616 0.1742 0.2414 0.3503 0.4727 0.4539 0.2946 0.1573 0.1824 0.2567 0.3731 0.4804 0.4360 0.2445 0.1557 0.1964 0.2829 0.4115 0.4801 0.3923 0.1804 0.1638 0.2252 0.3327 0.4668 0.4532 0.3753 0.4532 0.4668 0.3327 0.2252 0.1638 0.1804 0.3923 0.4801 0.4115 0.2829 0.1964 0.1557 0.2445 0.4360 0.4804 0.3731 0.2567 0.1824 0.1573 0.2946 0.4539 0.4727 0.3503 0.2414 0.1742 0.1616 0.3290 0.4645 0.4610 0.3319 0.2290 0.1676 0.1688 0.3595 0.4726 0.4449 0.3143 0.2174 0.1618 0.1811 0.3864 0.4782 0.4260 0.2975 0.2069 0.1578 0.2020 0.4096 0.4823 0.3952
0.4814 0.3981 0.1898 0.1597 0.2123 0.3061 0.4360 0.4756 0.3728 0.1739 0.1647 0.2233 0.3233 0.4537 0.4687 0.3441 0.1646 0.1710 0.2353 0.3414 0.4677 0.4594 0.3121 0.1591 0.1780 0.2482 0.3601 0.4768 0.4477 0.2774 0.1563 0.1861 0.2630 0.3815 0.4815 0.4301 0.2332 0.1559 0.1987 0.2861 0.4147 0.4798 0.3910 0.1804 0.1635 0.2240 0.3298 0.4639 0.4584 0.3008 0.1694 0.3008 0.4584 0.4639 0.3298 0.2240 0.1635 0.1804 0.3910 0.4798 0.4147 0.2861 0.1987 0.1559 0.2332 0.4301 0.4815 0.3815 0.2630 0.1861 0.1563 0.2774 0.4477 0.4768 0.3601 0.2482 0.1780 0.1591 0.3121 0.4594 0.4677 0.3414 0.2353 0.1710 0.1646 0.3441 0.4687 0.4537 0.3233 0.2233 0.1647 0.1739 0.3728 0.4756 0.4360 0.3061 0.2123 0.1597 0.1898 0.3981 0.4814
0.3973 0.1805 0.1620 0.2179 0.3150 0.4456 0.4723 0.3583 0.1684 0.1679 0.2294 0.3326 0.4615 0.4642 0.3278 0.1614 0.1745 0.2419 0.3510 0.4730 0.4537 0.2944 0.1574 0.1819 0.2553 0.3701 0.4796 0.4407 0.2593 0.1557 0.1902 0.2699 0.3907 0.4820 0.4228 0.2204 0.1564 0.2019 0.2907 0.4198 0.4790 0.3871 0.1788 0.1638 0.2240 0.3289 0.4625 0.4605 0.3034 0.1557 0.1589 0.1557 0.3034 0.4605 0.4625 0.3289 0.2240 0.1638 0.1788 0.3871 0.4790 0.4197 0.2907 0.2019 0.1564 0.2204 0.4228 0.4820 0.3907 0.2699 0.1902 0.1557 0.2593 0.4407 0.4796 0.3701 0.2553 0.1819 0.1574 0.2944 0.4537 0.4730 0.3510 0.2419 0.1745 0.1614 0.3278 0.4642 0.4615 0.3326 0.2294 0.1679 0.1684 0.3583 0.4723 0.4456 0.3150 0.2179 0.1620 0.1805 0.3973
0.2008 0.1651 0.2237 0.3241 0.4543 0.4684 0.3428 0.1643 0.1712 0.2358 0.3421 0.4681 0.4590 0.3108 0.1590 0.1783 0.2487 0.3609 0.4770 0.4472 0.2762 0.1562 0.1861 0.2626 0.3803 0.4813 0.4328 0.2412 0.1557 0.1947 0.2775 0.4006 0.4818 0.4141 0.2072 0.1573 0.2057 0.2966 0.4263 0.4777 0.3808 0.1760 0.1647 0.2252 0.3298 0.4625 0.4610 0.3077 0.1577 0.1811 0.2172 0.1811 0.1577 0.3077 0.4611 0.4625 0.3298 0.2252 0.1647 0.1760 0.3808 0.4778 0.4263 0.2966 0.2057 0.1574 0.2072 0.4141 0.4818 0.4006 0.2775 0.1947 0.1557 0.2412 0.4328 0.4813 0.3803 0.2626 0.1861 0.1562 0.2762 0.4472 0.4770 0.3609 0.2487 0.1783 0.1590 0.3108 0.4590 0.4681 0.3421 0.2358 0.1712 0.1643 0.3428 0.4683 0.4543 0.3241 0.2237 0.1651 0.2008
0.1916 0.2303 0.3333 0.4621 0.4638 0.3265 0.1611 0.1748 0.2424 0.3517 0.4734 0.4532 0.2931 0.1573 0.1822 0.2558 0.3709 0.4798 0.4401 0.2579 0.1557 0.1905 0.2702 0.3907 0.4820 0.4240 0.2239 0.1562 0.1995 0.2855 0.4110 0.4809 0.4039 0.1951 0.1588 0.2102 0.3035 0.4340 0.4759 0.3721 0.1725 0.1661 0.2276 0.3326 0.4639 0.4605 0.3079 0.1578 0.1836 0.2594 0.3252 0.2595 0.1836 0.1578 0.3077 0.4605 0.4639 0.3327 0.2277 0.1662 0.1725 0.3720 0.4759 0.4340 0.3036 0.2103 0.1589 0.1950 0.4039 0.4809 0.4110 0.2855 0.1996 0.1562 0.2239 0.4240 0.4820 0.3907 0.2702 0.1905 0.1557 0.2578 0.4401 0.4798 0.3709 0.2559 0.1823 0.1573 0.2930 0.4532 0.4734 0.3518 0.2424 0.1749 0.1612 0.3265 0.4638 0.4621 0.3333 0.2304 0.1916
0.2467 0.3438 0.4685 0.4586 0.3094 0.1588 0.1786 0.2492 0.3616 0.4773 0.4467 0.2749 0.1562 0.1864 0.2632 0.3811 0.4814 0.4321 0.2398 0.1557 0.1951 0.2780 0.4012 0.4818 0.4143 0.2082 0.1572 0.2046 0.2938 0.4214 0.4792 0.3921 0.1849 0.1608 0.2152 0.3112 0.4421 0.4733 0.3612 0.1688 0.1681 0.2310 0.3370 0.4664 0.4589 0.3045 0.1576 0.1831 0.2615 0.3856 0.4635 0.3866 0.2624 0.1836 0.1577 0.3034 0.4584 0.4668 0.3378 0.2317 0.1686 0.1687 0.3604 0.4729 0.4429 0.3120 0.2159 0.1612 0.1845 0.3915 0.4789 0.4221 0.2945 0.2051 0.1575 0.2076 0.4136 0.4816 0.4019 0.2787 0.1956 0.1559 0.2390 0.4315 0.4813 0.3818 0.2638 0.1869 0.1564 0.2740 0.4462 0.4774 0.3623 0.2499 0.1790 0.1589 0.3086 0.4581 0.4687 0.3443 0.2470
0.3474 0.4749 0.4527 0.2917 0.1571 0.1825 0.2563 0.3716 0.4799 0.4395 0.2566 0.1557 0.1908 0.2708 0.3915 0.4820 0.4233 0.2226 0.1562 0.1999 0.2861 0.4117 0.4808 0.4033 0.1949 0.1588 0.2099 0.3023 0.4317 0.4768 0.3789 0.1768 0.1634 0.2207 0.3195 0.4503 0.4701 0.3485 0.1654 0.1706 0.2353 0.3428 0.4696 0.4563 0.2978 0.1572 0.1838 0.2616 0.3840 0.4804 0.4529 0.4789 0.3866 0.2595 0.1811 0.1557 0.3008 0.4532 0.4699 0.3437 0.2325 0.1679 0.1645 0.3506 0.4671 0.4520 0.3192 0.2177 0.1608 0.1770 0.3797 0.4741 0.4336 0.3010 0.2066 0.1563 0.1965 0.4023 0.4784 0.4140 0.2842 0.1967 0.1540 0.2258 0.4211 0.4801 0.3936 0.2684 0.1876 0.1538 0.2603 0.4367 0.4786 0.3733 0.2536 0.1795 0.1556 0.2957 0.4498 0.4744 0.3462
0.4711 0.4464 0.2735 0.1561 0.1868 0.2637 0.3818 0.4815 0.4315 0.2385 0.1557 0.1955 0.2787 0.4020 0.4817 0.4134 0.2070 0.1573 0.2050 0.2944 0.4222 0.4791 0.3912 0.1843 0.1610 0.2154 0.3111 0.4415 0.4738 0.3647 0.1706 0.1665 0.2267 0.3285 0.4583 0.4661 0.3341 0.1624 0.1735 0.2406 0.3500 0.4731 0.4527 0.2880 0.1566 0.1854 0.2637 0.3852 0.4819 0.4131 0.3524 0.4533 0.4635 0.3252 0.2172 0.1589 0.1694 0.3753 0.4718 0.4289 0.2903 0.1980 0.1515 0.2042 0.4071 0.4768 0.4022 0.2701 0.1872 0.1485 0.2400 0.4257 0.4775 0.3801 0.2546 0.1788 0.1479 0.2749 0.4402 0.4750 0.3590 0.2405 0.1714 0.1502 0.3086 0.4522 0.4680 0.3386 0.2275 0.1648 0.1559 0.3393 0.4617 0.4560 0.3192 0.2155 0.1590 0.1663 0.3669 0.4693 0.4294
0.4471 0.2548 0.1558 0.1914 0.2717 0.3926 0.4819 0.4223 0.2210 0.1564 0.2006 0.2871 0.4129 0.4805 0.4021 0.1937 0.1591 0.2106 0.3033 0.4328 0.4765 0.3775 0.1762 0.1639 0.2215 0.3205 0.4509 0.4699 0.3493 0.1660 0.1700 0.2333 0.3383 0.4656 0.4611 0.3176 0.1599 0.1771 0.2468 0.3586 0.4764 0.4476 0.2752 0.1562 0.1880 0.2674 0.3894 0.4821 0.4143 0.2834 0.4281 0.4797 0.3860 0.2594 0.1811 0.1557 0.3008 0.4532 0.4699 0.3437 0.2325 0.1679 0.1645 0.3506 0.4671 0.4520 0.3192 0.2177 0.1608 0.1770 0.3797 0.4741 0.4336 0.3010 0.2066 0.1563 0.1965 0.4023 0.4784 0.4140 0.2842 0.1967 0.1540 0.2258 0.4211 0.4801 0.3936 0.2684 0.1876 0.1538 0.2603 0.4367 0.4786 0.3733 0.2536 0.1795 0.1556 0.2957 0.4498 0.4744 0.3462
0.2613 0.1548 0.1942 0.2785 0.4043 0.4801 0.4117 0.2069 0.1562 0.2038 0.2947 0.4244 0.4770 0.3904 0.1838 0.1598 0.2143 0.3118 0.4432 0.4715 0.3649 0.1699 0.1653 0.2257 0.3297 0.4593 0.4637 0.3353 0.1618 0.1717 0.2381 0.3484 0.4710 0.4538 0.3024 0.1571 0.1791 0.2519 0.3685 0.4782 0.4402 0.2623 0.1549 0.1896 0.2714 0.3961 0.4809 0.4135 0.2071 0.2047 0.4887 0.3827 0.2619 0.1836 0.1577 0.3034 0.4584 0.4668 0.3378 0.2317 0.1686 0.1687 0.3604 0.4729 0.4429 0.3120 0.2159 0.1612 0.1845 0.3915 0.4789 0.4221 0.2945 0.2051 0.1575 0.2076 0.4136 0.4816 0.4019 0.2787 0.1956 0.1559 0.2390 0.4315 0.4813 0.3818 0.2638 0.1869 0.1564 0.2740 0.4462 0.4774 0.3623 0.2499 0.1790 0.1589 0.3086 0.4581 0.4687 0.3443 0.2470
0.1782 0.1788 0.2537 0.3788 0.4780 0.4272 0.2436 0.1490 0.1866 0.2689 0.4003 0.4775 0.4100 0.2103 0.1509 0.1957 0.2853 0.4216 0.4744 0.3894 0.1834 0.1545 0.2058 0.3027 0.4413 0.4689 0.3650 0.1663 0.1596 0.2168 0.3214 0.4579 0.4612 0.3365 0.1563 0.1659 0.2299 0.3431 0.4708 0.4493 0.2975 0.1509 0.1757 0.2501 0.3758 0.4786 0.4250 0.2315 0.1483 0.1792 0.2861 0.2567 0.1839 0.1578 0.3077 0.4605 0.4639 0.3327 0.2277 0.1662 0.1725 0.3720 0.4759 0.4340 0.3036 0.2103 0.1589 0.1950 0.4039 0.4809 0.4110 0.2855 0.1996 0.1562 0.2239 0.4240 0.4820 0.3907 0.2702 0.1905 0.1557 0.2578 0.4401 0.4798 0.3709 0.2559 0.1823 0.1573 0.2930 0.4532 0.4734 0.3518 0.2424 0.1749 0.1612 0.3265 0.4638 0.4621 0.3333 0.2304 0.1916
0.2017 0.1613 0.2189 0.3226 0.4560 0.4648 0.3454 0.1632 0.1673 0.2312 0.3419 0.4686 0.4553 0.3151 0.1572 0.1741 0.2444 0.3618 0.4763 0.4435 0.2817 0.1539 0.1817 0.2586 0.3823 0.4796 0.4294 0.2464 0.1529 0.1902 0.2740 0.4035 0.4793 0.4114 0.2106 0.1542 0.2013 0.2941 0.4296 0.4745 0.3801 0.1761 0.1610 0.2207 0.3290 0.4642 0.4570 0.3107 0.1556 0.1739 0.2132 0.1815 0.1578 0.3077 0.4611 0.4625 0.3298 0.2252 0.1647 0.1760 0.3808 0.4778 0.4263 0.2966 0.2057 0.1574 0.2072 0.4141 0.4818 0.4006 0.2775 0.1947 0.1557 0.2412 0.4328 0.4813 0.3803 0.2626 0.1861 0.1562 0.2762 0.4472 0.4770 0.3609 0.2487 0.1783 0.1590 0.3108 0.4590 0.4681 0.3421 0.2358 0.1712 0.1643 0.3428 0.4683 0.4543 0.3241 0.2237 0.1651 0.2008
0.3967 0.1803 0.1625 0.2187 0.3160 0.4464 0.4717 0.3572 0.1684 0.1685 0.2303 0.3337 0.4622 0.4635 0.3266 0.1614 0.1751 0.2428 0.3520 0.4733 0.4529 0.2932 0.1576 0.1826 0.2563 0.3712 0.4796 0.4398 0.2580 0.1560 0.1910 0.2710 0.3919 0.4818 0.4218 0.2190 0.1568 0.2027 0.2920 0.4210 0.4786 0.3859 0.1783 0.1644 0.2251 0.3302 0.4633 0.4597 0.3015 0.1558 0.1591 0.1558 0.3034 0.4605 0.4625 0.3289 0.2240 0.1638 0.1788 0.3871 0.4790 0.4197 0.2907 0.2019 0.1564 0.2204 0.4228 0.4820 0.3907 0.2699 0.1902 0.1557 0.2593 0.4407 0.4796 0.3701 0.2553 0.1819 0.1574 0.2944 0.4537 0.4730 0.3510 0.2419 0.1745 0.1614 0.3278 0.4642 0.4615 0.3326 0.2294 0.1679 0.1684 0.3583 0.4723 0.4456 0.3150 0.2179 0.1620 0.1805 0.3973
