0.3487 0.4753 0.4423 0.2479 0.1843 0.2243 0.3105 0.4379 0.4716 0.3342 0.1862 0.2041 0.2733 0.3876 0.4816 0.4068 0.2058 0.1898 0.2424 0.3406 0.4668 0.4526 0.2721 0.1836 0.2179 0.2992 0.4237 0.4765 0.3574 0.1893 0.1994 0.2638 0.3735 0.4804 0.4228 0.2188 0.1869 0.2347 0.3281 0.4567 0.4615 0.2976 0.1838 0.2120 0.2884 0.4091 0.4798 0.3787 0.1940 0.1926 0.2182 0.1926 0.1940 0.3787 0.4798 0.4091 0.2884 0.2120 0.1838 0.2976 0.4615 0.4567 0.3281 0.2347 0.1869 0.2188 0.4228 0.4804 0.3735 0.2638 0.1994 0.1893 0.3574 0.4765 0.4237 0.2992 0.2179 0.1836 0.2721 0.4526 0.4668 0.3406 0.2424 0.1898 0.2058 0.4068 0.4816 0.3876 0.2733 0.2041 0.1862 0.3342 0.4716 0.4379 0.3105 0.2243 0.1843 0.2479 0.4423 0.4753 0.3487
0.4753 0.4382 0.2381 0.1565 0.2051 0.3029 0.4424 0.4709 0.3346 0.1600 0.1808 0.2606 0.3882 0.4828 0.4072 0.1877 0.1628 0.2255 0.3363 0.4710 0.4516 0.2695 0.1558 0.1971 0.2898 0.4273 0.4762 0.3583 0.1644 0.1750 0.2498 0.3728 0.4824 0.4225 0.2060 0.1592 0.2166 0.3223 0.4613 0.4605 0.2968 0.1565 0.1902 0.2776 0.4116 0.4801 0.3797 0.1711 0.1701 0.2364 0.2968 0.2364 0.1701 0.1711 0.3797 0.4801 0.4116 0.2776 0.1902 0.1565 0.2968 0.4605 0.4613 0.3223 0.2166 0.1592 0.2060 0.4225 0.4824 0.3728 0.2498 0.1750 0.1644 0.3583 0.4762 0.4273 0.2898 0.1971 0.1558 0.2695 0.4516 0.4710 0.3363 0.2255 0.1628 0.1877 0.4072 0.4828 0.3882 0.2606 0.1808 0.1600 0.3346 0.4709 0.4424 0.3029 0.2051 0.1565 0.2381 0.4382 0.4753
0.4423 0.2381 0.1561 0.2015 0.2954 0.4323 0.4738 0.3499 0.1625 0.1767 0.2528 0.3766 0.4818 0.4178 0.1992 0.1601 0.2191 0.3259 0.4635 0.4574 0.2879 0.1560 0.1921 0.2809 0.4155 0.4782 0.3728 0.1684 0.1712 0.2423 0.3615 0.4798 0.4315 0.2214 0.1574 0.2106 0.3123 0.4518 0.4651 0.3144 0.1576 0.1855 0.2691 0.3996 0.4809 0.3929 0.1772 0.1663 0.2331 0.3473 0.4332 0.3473 0.2331 0.1663 0.1772 0.3929 0.4809 0.3996 0.2691 0.1855 0.1576 0.3144 0.4651 0.4518 0.3123 0.2106 0.1574 0.2214 0.4315 0.4798 0.3615 0.2423 0.1712 0.1684 0.3728 0.4782 0.4155 0.2809 0.1921 0.1560 0.2879 0.4574 0.4635 0.3259 0.2191 0.1601 0.1992 0.4178 0.4818 0.3766 0.2528 0.1767 0.1625 0.3499 0.4738 0.4323 0.2954 0.2015 0.1561 0.2381 0.4423
0.2479 0.1565 0.2015 0.2927 0.4268 0.4761 0.3624 0.1657 0.1733 0.2461 0.3668 0.4808 0.4271 0.2134 0.1581 0.2134 0.3169 0.4561 0.4627 0.3058 0.1569 0.1877 0.2730 0.4050 0.4802 0.3864 0.1739 0.1679 0.2358 0.3517 0.4773 0.4395 0.2385 0.1563 0.2054 0.3036 0.4429 0.4696 0.3313 0.1594 0.1814 0.2616 0.3892 0.4819 0.4049 0.1856 0.1632 0.2264 0.3380 0.4708 0.4709 0.4708 0.3380 0.2264 0.1632 0.1856 0.4049 0.4819 0.3892 0.2616 0.1814 0.1594 0.3313 0.4696 0.4429 0.3036 0.2054 0.1563 0.2385 0.4395 0.4773 0.3517 0.2358 0.1679 0.1739 0.3864 0.4802 0.4050 0.2730 0.1877 0.1569 0.3058 0.4627 0.4561 0.3169 0.2134 0.1581 0.2134 0.4271 0.4808 0.3668 0.2461 0.1733 0.1657 0.3624 0.4761 0.4268 0.2927 0.2015 0.1565 0.2479
0.1843 0.2051 0.2954 0.4268 0.4769 0.3697 0.1687 0.1706 0.2403 0.3577 0.4789 0.4354 0.2295 0.1568 0.2080 0.3080 0.4475 0.4674 0.3230 0.1584 0.1834 0.2653 0.3945 0.4815 0.3990 0.1811 0.1647 0.2294 0.3421 0.4734 0.4467 0.2566 0.1557 0.2003 0.2951 0.4332 0.4733 0.3474 0.1620 0.1774 0.2543 0.3789 0.4819 0.4157 0.1965 0.1606 0.2204 0.3280 0.4653 0.4532 0.3746 0.4532 0.4653 0.3280 0.2204 0.1606 0.1965 0.4157 0.4819 0.3789 0.2543 0.1774 0.1620 0.3474 0.4733 0.4332 0.2951 0.2003 0.1557 0.2566 0.4467 0.4734 0.3421 0.2294 0.1647 0.1811 0.3990 0.4815 0.3945 0.2653 0.1834 0.1584 0.3230 0.4674 0.4475 0.3080 0.2080 0.1568 0.2295 0.4354 0.4789 0.3577 0.2403 0.1706 0.1687 0.3697 0.4769 0.4268 0.2954 0.2051 0.1843
0.2243 0.3029 0.4323 0.4761 0.3697 0.1699 0.1691 0.2363 0.3504 0.4764 0.4422 0.2459 0.1560 0.2029 0.2994 0.4381 0.4715 0.3395 0.1606 0.1794 0.2579 0.3841 0.4820 0.4104 0.1906 0.1618 0.2233 0.3326 0.4681 0.4532 0.2749 0.1557 0.1954 0.2867 0.4230 0.4764 0.3625 0.1654 0.1737 0.2472 0.3687 0.4811 0.4253 0.2102 0.1585 0.2146 0.3188 0.4578 0.4612 0.3058 0.1707 0.3058 0.4612 0.4578 0.3188 0.2146 0.1585 0.2102 0.4253 0.4811 0.3687 0.2472 0.1737 0.1654 0.3625 0.4764 0.4230 0.2867 0.1954 0.1557 0.2749 0.4532 0.4681 0.3326 0.2233 0.1618 0.1906 0.4104 0.4820 0.3841 0.2579 0.1794 0.1606 0.3395 0.4715 0.4381 0.2994 0.2029 0.1560 0.2459 0.4422 0.4764 0.3504 0.2363 0.1691 0.1699 0.3697 0.4761 0.4323 0.3029 0.2243
0.3105 0.4424 0.4738 0.3624 0.1687 0.1691 0.2348 0.3463 0.4740 0.4472 0.2604 0.1557 0.1984 0.2914 0.4285 0.4749 0.3550 0.1636 0.1756 0.2507 0.3738 0.4816 0.4206 0.2030 0.1595 0.2174 0.3233 0.4615 0.4590 0.2931 0.1562 0.1908 0.2786 0.4125 0.4789 0.3768 0.1698 0.1702 0.2404 0.3587 0.4793 0.4339 0.2262 0.1570 0.2091 0.3099 0.4494 0.4665 0.3186 0.1566 0.1574 0.1566 0.3186 0.4665 0.4494 0.3099 0.2091 0.1570 0.2262 0.4339 0.4793 0.3587 0.2404 0.1702 0.1698 0.3768 0.4789 0.4125 0.2786 0.1908 0.1562 0.2931 0.4590 0.4615 0.3233 0.2174 0.1595 0.2030 0.4206 0.4816 0.3738 0.2507 0.1756 0.1636 0.3550 0.4749 0.4285 0.2914 0.1984 0.1557 0.2604 0.4472 0.4740 0.3463 0.2348 0.1691 0.1687 0.3624 0.4738 0.4424 0.3105
0.4379 0.4709 0.3499 0.1657 0.1706 0.2363 0.3463 0.4730 0.4500 0.2706 0.1557 0.1947 0.2845 0.4192 0.4775 0.3691 0.1674 0.1720 0.2438 0.3637 0.4803 0.4297 0.2179 0.1577 0.2118 0.3143 0.4537 0.4642 0.3108 0.1573 0.1864 0.2708 0.4020 0.4807 0.3902 0.1757 0.1669 0.2339 0.3489 0.4763 0.4417 0.2437 0.1561 0.2039 0.3011 0.4402 0.4707 0.3360 0.1602 0.1772 0.2121 0.1772 0.1602 0.3360 0.4707 0.4402 0.3011 0.2039 0.1561 0.2437 0.4417 0.4763 0.3489 0.2339 0.1669 0.1757 0.3902 0.4807 0.4020 0.2708 0.1864 0.1573 0.3108 0.4642 0.4537 0.3143 0.2118 0.1577 0.2179 0.4297 0.4803 0.3637 0.2438 0.1720 0.1674 0.3691 0.4775 0.4192 0.2845 0.1947 0.1557 0.2706 0.4500 0.4730 0.3463 0.2363 0.1706 0.1657 0.3499 0.4709 0.4379
0.4716 0.3346 0.1625 0.1733 0.2403 0.3504 0.4740 0.4500 0.2744 0.1558 0.1923 0.2792 0.4114 0.4794 0.3812 0.1720 0.1688 0.2374 0.3540 0.4779 0.4379 0.2347 0.1565 0.2064 0.3054 0.4449 0.4687 0.3278 0.1590 0.1822 0.2632 0.3915 0.4817 0.4024 0.1836 0.1638 0.2276 0.3393 0.4720 0.4487 0.2618 0.1556 0.1989 0.2926 0.4303 0.4743 0.3518 0.1629 0.1768 0.2494 0.3135 0.2494 0.1768 0.1629 0.3518 0.4743 0.4303 0.2926 0.1989 0.1556 0.2618 0.4487 0.4720 0.3393 0.2276 0.1638 0.1836 0.4024 0.4817 0.3915 0.2632 0.1822 0.1590 0.3278 0.4687 0.4449 0.3054 0.2064 0.1565 0.2347 0.4379 0.4779 0.3540 0.2374 0.1688 0.1720 0.3812 0.4794 0.4114 0.2792 0.1923 0.1558 0.2744 0.4500 0.4740 0.3504 0.2403 0.1733 0.1625 0.3346 0.4716
0.3342 0.1600 0.1767 0.2461 0.3577 0.4764 0.4472 0.2706 0.1558 0.1914 0.2763 0.4059 0.4805 0.3909 0.1771 0.1660 0.2316 0.3449 0.4745 0.4451 0.2525 0.1558 0.2013 0.2968 0.4353 0.4726 0.3441 0.1614 0.1783 0.2558 0.3811 0.4820 0.4134 0.1939 0.1611 0.2216 0.3299 0.4663 0.4550 0.2802 0.1558 0.1941 0.2844 0.4200 0.4772 0.3667 0.1665 0.1728 0.2459 0.3673 0.4514 0.3673 0.2459 0.1728 0.1665 0.3667 0.4772 0.4200 0.2844 0.1941 0.1558 0.2802 0.4550 0.4663 0.3299 0.2216 0.1611 0.1939 0.4134 0.4820 0.3811 0.2558 0.1783 0.1614 0.3441 0.4726 0.4353 0.2968 0.2013 0.1558 0.2525 0.4451 0.4745 0.3449 0.2316 0.1660 0.1771 0.3909 0.4805 0.4059 0.2763 0.1914 0.1558 0.2706 0.4472 0.4764 0.3577 0.2461 0.1767 0.1600 0.3342
0.1862 0.1808 0.2528 0.3668 0.4789 0.4422 0.2604 0.1557 0.1923 0.2763 0.4040 0.4810 0.3972 0.1819 0.1639 0.2267 0.3367 0.4701 0.4513 0.2701 0.1556 0.1965 0.2885 0.4252 0.4758 0.3595 0.1646 0.1745 0.2487 0.3709 0.4814 0.4233 0.2070 0.1589 0.2158 0.3207 0.4594 0.4606 0.2983 0.1564 0.1895 0.2763 0.4095 0.4795 0.3808 0.1714 0.1693 0.2386 0.3566 0.4775 0.4642 0.4775 0.3566 0.2386 0.1693 0.1714 0.3808 0.4795 0.4095 0.2763 0.1895 0.1564 0.2983 0.4606 0.4594 0.3207 0.2158 0.1589 0.2070 0.4233 0.4814 0.3709 0.2487 0.1745 0.1646 0.3595 0.4758 0.4252 0.2885 0.1965 0.1556 0.2701 0.4513 0.4701 0.3367 0.2267 0.1639 0.1819 0.3972 0.4810 0.4040 0.2763 0.1923 0.1557 0.2604 0.4422 0.4789 0.3668 0.2528 0.1808 0.1862
0.2041 0.2606 0.3766 0.4808 0.4354 0.2459 0.1557 0.1947 0.2792 0.4059 0.4810 0.3994 0.1850 0.1625 0.2231 0.3302 0.4655 0.4564 0.2862 0.1560 0.1921 0.2806 0.4149 0.4784 0.3739 0.1688 0.1710 0.2419 0.3609 0.4798 0.4321 0.2226 0.1573 0.2102 0.3117 0.4512 0.4655 0.3158 0.1577 0.1852 0.2686 0.3990 0.4811 0.3938 0.1778 0.1660 0.2321 0.3462 0.4753 0.4409 0.3479 0.4409 0.4753 0.3462 0.2321 0.1660 0.1778 0.3938 0.4811 0.3990 0.2686 0.1852 0.1577 0.3158 0.4655 0.4512 0.3117 0.2102 0.1573 0.2226 0.4321 0.4798 0.3609 0.2419 0.1710 0.1688 0.3739 0.4784 0.4149 0.2806 0.1921 0.1560 0.2862 0.4564 0.4655 0.3302 0.2231 0.1625 0.1850 0.3994 0.4810 0.4059 0.2792 0.1947 0.1557 0.2459 0.4354 0.4808 0.3766 0.2606 0.2041
0.2733 0.3882 0.4818 0.4271 0.2295 0.1560 0.1984 0.2845 0.4114 0.4805 0.3972 0.1850 0.1620 0.2211 0.3259 0.4615 0.4602 0.2999 0.1567 0.1882 0.2734 0.4050 0.4803 0.3872 0.1744 0.1677 0.2353 0.3510 0.4770 0.4401 0.2398 0.1562 0.2049 0.3029 0.4422 0.4699 0.3326 0.1596 0.1811 0.2610 0.3885 0.4819 0.4057 0.1863 0.1630 0.2259 0.3366 0.4705 0.4500 0.2709 0.1584 0.2709 0.4500 0.4705 0.3366 0.2259 0.1630 0.1863 0.4057 0.4819 0.3885 0.2610 0.1811 0.1596 0.3326 0.4699 0.4422 0.3029 0.2049 0.1562 0.2398 0.4401 0.4770 0.3510 0.2353 0.1677 0.1744 0.3872 0.4803 0.4050 0.2734 0.1882 0.1567 0.2999 0.4602 0.4615 0.3259 0.2211 0.1620 0.1850 0.3972 0.4805 0.4114 0.2845 0.1984 0.1560 0.2295 0.4271 0.4818 0.3882 0.2733
0.3876 0.4828 0.4178 0.2134 0.1568 0.2029 0.2914 0.4192 0.4794 0.3909 0.1819 0.1625 0.2211 0.3244 0.4592 0.4626 0.3100 0.1575 0.1850 0.2671 0.3959 0.4815 0.3989 0.1813 0.1646 0.2290 0.3414 0.4730 0.4472 0.2579 0.1557 0.1999 0.2944 0.4324 0.4736 0.3486 0.1622 0.1772 0.2538 0.3781 0.4819 0.4164 0.1974 0.1604 0.2199 0.3272 0.4645 0.4566 0.2845 0.1541 0.1630 0.1541 0.2845 0.4566 0.4645 0.3272 0.2199 0.1604 0.1974 0.4164 0.4819 0.3781 0.2538 0.1772 0.1622 0.3486 0.4736 0.4324 0.2944 0.1999 0.1557 0.2579 0.4472 0.4730 0.3414 0.2290 0.1646 0.1813 0.3989 0.4815 0.3959 0.2671 0.1850 0.1575 0.3100 0.4626 0.4592 0.3244 0.2211 0.1625 0.1819 0.3909 0.4794 0.4192 0.2914 0.2029 0.1568 0.2134 0.4178 0.4828 0.3876
0.4816 0.4072 0.1992 0.1581 0.2080 0.2994 0.4285 0.4775 0.3812 0.1771 0.1639 0.2231 0.3259 0.4592 0.4634 0.3152 0.1583 0.1827 0.2622 0.3881 0.4820 0.4087 0.1897 0.1619 0.2232 0.3322 0.4678 0.4536 0.2762 0.1557 0.1951 0.2861 0.4222 0.4766 0.3637 0.1657 0.1735 0.2467 0.3680 0.4810 0.4259 0.2113 0.1584 0.2142 0.3181 0.4572 0.4621 0.3033 0.1569 0.1851 0.2238 0.1851 0.1569 0.3033 0.4621 0.4572 0.3181 0.2142 0.1584 0.2113 0.4259 0.4810 0.3680 0.2467 0.1735 0.1657 0.3637 0.4766 0.4222 0.2861 0.1951 0.1557 0.2762 0.4536 0.4678 0.3322 0.2232 0.1619 0.1897 0.4087 0.4820 0.3881 0.2622 0.1827 0.1583 0.3152 0.4634 0.4592 0.3259 0.2231 0.1639 0.1771 0.3812 0.4775 0.4285 0.2994 0.2080 0.1581 0.1992 0.4072 0.4816
0.4068 0.1877 0.1601 0.2134 0.3080 0.4381 0.4749 0.3691 0.1720 0.1660 0.2267 0.3302 0.4615 0.4626 0.3152 0.1585 0.1815 0.2591 0.3825 0.4820 0.4163 0.1991 0.1599 0.2181 0.3237 0.4615 0.4592 0.2940 0.1562 0.1905 0.2780 0.4117 0.4791 0.3779 0.1703 0.1700 0.2400 0.3580 0.4791 0.4345 0.2274 0.1569 0.2087 0.3092 0.4487 0.4668 0.3207 0.1582 0.1844 0.2639 0.3327 0.2639 0.1844 0.1582 0.3207 0.4668 0.4487 0.3092 0.2087 0.1569 0.2274 0.4345 0.4791 0.3580 0.2400 0.1700 0.1703 0.3779 0.4791 0.4117 0.2780 0.1905 0.1562 0.2940 0.4592 0.4615 0.3237 0.2181 0.1599 0.1991 0.4163 0.4820 0.3825 0.2591 0.1815 0.1585 0.3152 0.4626 0.4615 0.3302 0.2267 0.1660 0.1720 0.3691 0.4749 0.4381 0.3080 0.2134 0.1601 0.1877 0.4068
0.2058 0.1628 0.2191 0.3169 0.4475 0.4715 0.3550 0.1674 0.1688 0.2316 0.3367 0.4655 0.4602 0.3100 0.1583 0.1815 0.2580 0.3795 0.4818 0.4216 0.2079 0.1585 0.2137 0.3162 0.4547 0.4639 0.3106 0.1573 0.1862 0.2702 0.4012 0.4808 0.3912 0.1763 0.1667 0.2334 0.3482 0.4760 0.4422 0.2449 0.1560 0.2035 0.3005 0.4394 0.4710 0.3373 0.1603 0.1800 0.2596 0.3875 0.4650 0.3875 0.2596 0.1800 0.1603 0.3373 0.4710 0.4394 0.3005 0.2035 0.1560 0.2449 0.4422 0.4760 0.3482 0.2334 0.1667 0.1763 0.3912 0.4808 0.4012 0.2702 0.1862 0.1573 0.3106 0.4639 0.4547 0.3162 0.2137 0.1585 0.2079 0.4216 0.4818 0.3795 0.2580 0.1815 0.1583 0.3100 0.4602 0.4655 0.3367 0.2316 0.1688 0.1674 0.3550 0.4715 0.4475 0.3169 0.2191 0.1628 0.2058
0.1898 0.2255 0.3259 0.4561 0.4674 0.3395 0.1636 0.1720 0.2374 0.3449 0.4701 0.4564 0.2999 0.1575 0.1827 0.2591 0.3795 0.4817 0.4243 0.2140 0.1576 0.2102 0.3099 0.4480 0.4677 0.3255 0.1588 0.1823 0.2630 0.3909 0.4818 0.4033 0.1843 0.1636 0.2272 0.3386 0.4716 0.4491 0.2632 0.1556 0.1985 0.2920 0.4295 0.4745 0.3530 0.1631 0.1761 0.2518 0.3759 0.4800 0.4553 0.4800 0.3759 0.2518 0.1761 0.1631 0.3530 0.4745 0.4295 0.2920 0.1985 0.1556 0.2632 0.4491 0.4716 0.3386 0.2272 0.1636 0.1843 0.4033 0.4818 0.3909 0.2630 0.1823 0.1588 0.3255 0.4677 0.4480 0.3099 0.2102 0.1576 0.2140 0.4243 0.4817 0.3795 0.2591 0.1827 0.1575 0.2999 0.4564 0.4701 0.3449 0.2374 0.1720 0.1636 0.3395 0.4674 0.4561 0.3259 0.2255 0.1898
0.2424 0.3363 0.4635 0.4627 0.3230 0.1606 0.1756 0.2438 0.3540 0.4745 0.4513 0.2862 0.1567 0.1850 0.2622 0.3825 0.4818 0.4243 0.2162 0.1572 0.2081 0.3054 0.4423 0.4706 0.3380 0.1607 0.1789 0.2564 0.3813 0.4820 0.4139 0.1946 0.1610 0.2212 0.3292 0.4659 0.4554 0.2815 0.1558 0.1937 0.2837 0.4192 0.4774 0.3679 0.1669 0.1725 0.2448 0.3651 0.4805 0.4261 0.3181 0.4261 0.4805 0.3651 0.2448 0.1725 0.1669 0.3679 0.4774 0.4192 0.2837 0.1937 0.1558 0.2815 0.4554 0.4659 0.3292 0.2212 0.1610 0.1946 0.4139 0.4820 0.3813 0.2564 0.1789 0.1607 0.3380 0.4706 0.4423 0.3054 0.2081 0.1572 0.2162 0.4243 0.4818 0.3825 0.2622 0.1850 0.1567 0.2862 0.4513 0.4745 0.3540 0.2438 0.1756 0.1606 0.3230 0.4627 0.4635 0.3363 0.2424
0.3406 0.4710 0.4574 0.3058 0.1584 0.1794 0.2507 0.3637 0.4779 0.4451 0.2701 0.1560 0.1882 0.2671 0.3881 0.4820 0.4216 0.2140 0.1572 0.2074 0.3030 0.4386 0.4725 0.3476 0.1626 0.1760 0.2507 0.3726 0.4815 0.4229 0.2070 0.1589 0.2155 0.3201 0.4588 0.4609 0.2995 0.1565 0.1892 0.2757 0.4087 0.4796 0.3818 0.1718 0.1690 0.2381 0.3552 0.4784 0.4362 0.2358 0.1515 0.2358 0.4362 0.4784 0.3552 0.2381 0.1690 0.1718 0.3818 0.4796 0.4087 0.2757 0.1892 0.1565 0.2995 0.4609 0.4588 0.3201 0.2155 0.1589 0.2070 0.4229 0.4815 0.3726 0.2507 0.1760 0.1626 0.3476 0.4725 0.4386 0.3030 0.2074 0.1572 0.2140 0.4216 0.4820 0.3881 0.2671 0.1882 0.1560 0.2701 0.4451 0.4779 0.3637 0.2507 0.1794 0.1584 0.3058 0.4574 0.4710 0.3406
0.4668 0.4516 0.2879 0.1569 0.1834 0.2579 0.3738 0.4803 0.4379 0.2525 0.1556 0.1921 0.2734 0.3959 0.4820 0.4163 0.2079 0.1576 0.2081 0.3030 0.4373 0.4734 0.3536 0.1643 0.1739 0.2460 0.3651 0.4803 0.4305 0.2207 0.1574 0.2103 0.3115 0.4508 0.4658 0.3170 0.1578 0.1849 0.2680 0.3981 0.4811 0.3948 0.1784 0.1658 0.2316 0.3454 0.4749 0.4443 0.2494 0.1537 0.1694 0.1537 0.2494 0.4443 0.4749 0.3454 0.2316 0.1658 0.1784 0.3948 0.4811 0.3981 0.2680 0.1849 0.1578 0.3170 0.4658 0.4508 0.3115 0.2103 0.1574 0.2207 0.4305 0.4803 0.3651 0.2460 0.1739 0.1643 0.3536 0.4734 0.4373 0.3030 0.2081 0.1576 0.2079 0.4163 0.4820 0.3959 0.2734 0.1921 0.1556 0.2525 0.4379 0.4803 0.3738 0.2579 0.1834 0.1569 0.2879 0.4516 0.4668
0.4526 0.2695 0.1560 0.1877 0.2653 0.3841 0.4816 0.4297 0.2347 0.1558 0.1965 0.2806 0.4050 0.4815 0.4087 0.1991 0.1585 0.2102 0.3054 0.4386 0.4734 0.3556 0.1653 0.1725 0.2426 0.3592 0.4789 0.4366 0.2342 0.1564 0.2056 0.3035 0.4423 0.4700 0.3334 0.1597 0.1808 0.2605 0.3877 0.4819 0.4066 0.1871 0.1628 0.2254 0.3359 0.4701 0.4510 0.2684 0.1558 0.1939 0.2365 0.1939 0.1558 0.2684 0.4510 0.4701 0.3359 0.2254 0.1628 0.1871 0.4066 0.4819 0.3877 0.2605 0.1808 0.1597 0.3334 0.4700 0.4423 0.3035 0.2056 0.1564 0.2342 0.4366 0.4789 0.3592 0.2426 0.1725 0.1653 0.3556 0.4734 0.4386 0.3054 0.2102 0.1585 0.1991 0.4087 0.4815 0.4050 0.2806 0.1965 0.1558 0.2347 0.4297 0.4816 0.3841 0.2653 0.1877 0.1560 0.2695 0.4526
0.2721 0.1558 0.1921 0.2730 0.3945 0.4820 0.4206 0.2179 0.1565 0.2013 0.2885 0.4149 0.4803 0.3989 0.1897 0.1599 0.2137 0.3099 0.4423 0.4725 0.3536 0.1653 0.1720 0.2409 0.3555 0.4775 0.4411 0.2460 0.1559 0.2016 0.2963 0.4338 0.4733 0.3483 0.1623 0.1770 0.2533 0.3774 0.4819 0.4172 0.1984 0.1603 0.2195 0.3266 0.4640 0.4570 0.2867 0.1560 0.1929 0.2794 0.3528 0.2794 0.1929 0.1560 0.2867 0.4570 0.4640 0.3266 0.2195 0.1603 0.1984 0.4172 0.4819 0.3774 0.2533 0.1770 0.1623 0.3483 0.4733 0.4338 0.2963 0.2016 0.1559 0.2460 0.4411 0.4775 0.3555 0.2409 0.1720 0.1653 0.3536 0.4725 0.4423 0.3099 0.2137 0.1599 0.1897 0.3989 0.4803 0.4149 0.2885 0.2013 0.1565 0.2179 0.4206 0.4820 0.3945 0.2730 0.1921 0.1558 0.2721
0.1836 0.1971 0.2809 0.4050 0.4815 0.4104 0.2030 0.1577 0.2064 0.2968 0.4252 0.4784 0.3872 0.1813 0.1619 0.2181 0.3162 0.4480 0.4706 0.3476 0.1643 0.1725 0.2409 0.3542 0.4766 0.4438 0.2547 0.1557 0.1984 0.2902 0.4258 0.4760 0.3614 0.1654 0.1736 0.2466 0.3675 0.4809 0.4266 0.2125 0.1583 0.2138 0.3174 0.4566 0.4624 0.3046 0.1568 0.1880 0.2742 0.4079 0.4734 0.4079 0.2742 0.1880 0.1568 0.3046 0.4624 0.4566 0.3174 0.2138 0.1583 0.2125 0.4266 0.4809 0.3675 0.2466 0.1736 0.1654 0.3614 0.4760 0.4258 0.2902 0.1984 0.1557 0.2547 0.4438 0.4766 0.3542 0.2409 0.1725 0.1643 0.3476 0.4706 0.4480 0.3162 0.2181 0.1619 0.1813 0.3872 0.4784 0.4252 0.2968 0.2064 0.1577 0.2030 0.4104 0.4815 0.4050 0.2809 0.1971 0.1836
0.2179 0.2898 0.4155 0.4802 0.3990 0.1906 0.1595 0.2118 0.3054 0.4353 0.4758 0.3739 0.1744 0.1646 0.2232 0.3237 0.4547 0.4677 0.3380 0.1626 0.1739 0.2426 0.3555 0.4766 0.4447 0.2592 0.1556 0.1961 0.2856 0.4191 0.4779 0.3726 0.1689 0.1706 0.2406 0.3583 0.4791 0.4348 0.2284 0.1569 0.2083 0.3085 0.4481 0.4672 0.3219 0.1583 0.1837 0.2658 0.3958 0.4792 0.4441 0.4792 0.3958 0.2658 0.1837 0.1583 0.3219 0.4672 0.4481 0.3085 0.2083 0.1569 0.2284 0.4348 0.4791 0.3583 0.2406 0.1706 0.1689 0.3726 0.4779 0.4191 0.2856 0.1961 0.1556 0.2592 0.4447 0.4766 0.3555 0.2426 0.1739 0.1626 0.3380 0.4677 0.4547 0.3237 0.2232 0.1646 0.1744 0.3739 0.4758 0.4353 0.3054 0.2118 0.1595 0.1906 0.3990 0.4802 0.4155 0.2898 0.2179
0.2992 0.4273 0.4782 0.3864 0.1811 0.1618 0.2174 0.3143 0.4449 0.4726 0.3595 0.1688 0.1677 0.2290 0.3322 0.4615 0.4639 0.3255 0.1607 0.1760 0.2460 0.3592 0.4775 0.4438 0.2592 0.1556 0.1950 0.2827 0.4143 0.4791 0.3815 0.1727 0.1680 0.2352 0.3499 0.4764 0.4419 0.2449 0.1560 0.2032 0.2999 0.4387 0.4713 0.3385 0.1604 0.1796 0.2583 0.3847 0.4818 0.4083 0.2852 0.4083 0.4818 0.3847 0.2583 0.1796 0.1604 0.3385 0.4713 0.4387 0.2999 0.2032 0.1560 0.2449 0.4419 0.4764 0.3499 0.2352 0.1680 0.1727 0.3815 0.4791 0.4143 0.2827 0.1950 0.1556 0.2592 0.4438 0.4775 0.3592 0.2460 0.1760 0.1607 0.3255 0.4639 0.4615 0.3322 0.2290 0.1677 0.1688 0.3595 0.4726 0.4449 0.3143 0.2174 0.1618 0.1811 0.3864 0.4782 0.4273 0.2992
0.4237 0.4762 0.3728 0.1739 0.1647 0.2233 0.3233 0.4537 0.4687 0.3441 0.1646 0.1710 0.2353 0.3414 0.4678 0.4592 0.3106 0.1588 0.1789 0.2507 0.3651 0.4789 0.4411 0.2547 0.1556 0.1950 0.2817 0.4118 0.4798 0.3874 0.1763 0.1660 0.2308 0.3426 0.4730 0.4479 0.2610 0.1557 0.1986 0.2918 0.4290 0.4747 0.3541 0.1633 0.1758 0.2511 0.3744 0.4817 0.4194 0.2043 0.1483 0.2043 0.4194 0.4817 0.3744 0.2511 0.1758 0.1633 0.3541 0.4747 0.4290 0.2918 0.1986 0.1557 0.2610 0.4479 0.4730 0.3426 0.2308 0.1660 0.1763 0.3874 0.4798 0.4118 0.2817 0.1950 0.1556 0.2547 0.4411 0.4789 0.3651 0.2507 0.1789 0.1588 0.3106 0.4592 0.4678 0.3414 0.2353 0.1710 0.1646 0.3441 0.4687 0.4537 0.3233 0.2233 0.1647 0.1739 0.3728 0.4762 0.4237
0.4765 0.3583 0.1684 0.1679 0.2294 0.3326 0.4615 0.4642 0.3278 0.1614 0.1745 0.2419 0.3510 0.4730 0.4536 0.2940 0.1573 0.1823 0.2564 0.3726 0.4803 0.4366 0.2460 0.1557 0.1961 0.2827 0.4118 0.4800 0.3905 0.1787 0.1646 0.2274 0.3366 0.4694 0.4528 0.2759 0.1557 0.1944 0.2843 0.4193 0.4775 0.3686 0.1672 0.1722 0.2442 0.3643 0.4804 0.4292 0.2163 0.1554 0.1765 0.1554 0.2163 0.4292 0.4804 0.3643 0.2442 0.1722 0.1672 0.3686 0.4775 0.4193 0.2843 0.1944 0.1557 0.2759 0.4528 0.4694 0.3366 0.2274 0.1646 0.1787 0.3905 0.4800 0.4118 0.2827 0.1961 0.1557 0.2460 0.4366 0.4803 0.3726 0.2564 0.1823 0.1573 0.2940 0.4536 0.4730 0.3510 0.2419 0.1745 0.1614 0.3278 0.4642 0.4615 0.3326 0.2294 0.1679 0.1684 0.3583 0.4765
0.3574 0.1644 0.1712 0.2358 0.3421 0.4681 0.4590 0.3108 0.1590 0.1783 0.2487 0.3609 0.4770 0.4472 0.2762 0.1562 0.1862 0.2630 0.3813 0.4815 0.4305 0.2342 0.1559 0.1984 0.2856 0.4143 0.4798 0.3905 0.1797 0.1639 0.2253 0.3324 0.4662 0.4565 0.2885 0.1561 0.1907 0.2775 0.4102 0.4795 0.3816 0.1720 0.1689 0.2376 0.3545 0.4781 0.4374 0.2337 0.1568 0.2035 0.2503 0.2035 0.1568 0.2337 0.4374 0.4781 0.3545 0.2376 0.1689 0.1720 0.3816 0.4795 0.4102 0.2775 0.1907 0.1561 0.2885 0.4565 0.4662 0.3324 0.2253 0.1639 0.1797 0.3905 0.4798 0.4143 0.2856 0.1984 0.1559 0.2342 0.4305 0.4815 0.3813 0.2630 0.1862 0.1562 0.2762 0.4472 0.4770 0.3609 0.2487 0.1783 0.1590 0.3108 0.4590 0.4681 0.3421 0.2358 0.1712 0.1644 0.3574
0.1893 0.1750 0.2423 0.3517 0.4734 0.4532 0.2931 0.1573 0.1822 0.2558 0.3709 0.4798 0.4401 0.2579 0.1557 0.1905 0.2702 0.3909 0.4820 0.4229 0.2207 0.1564 0.2016 0.2902 0.4191 0.4791 0.3874 0.1787 0.1639 0.2246 0.3303 0.4640 0.4590 0.2980 0.1567 0.1876 0.2717 0.4018 0.4808 0.3930 0.1778 0.1659 0.2315 0.3450 0.4746 0.4448 0.2516 0.1559 0.2022 0.2958 0.3737 0.2958 0.2022 0.1559 0.2516 0.4448 0.4746 0.3450 0.2315 0.1659 0.1778 0.3930 0.4808 0.4018 0.2717 0.1876 0.1567 0.2980 0.4590 0.4640 0.3303 0.2246 0.1639 0.1787 0.3874 0.4791 0.4191 0.2902 0.2016 0.1564 0.2207 0.4229 0.4820 0.3909 0.2702 0.1905 0.1557 0.2579 0.4401 0.4798 0.3709 0.2558 0.1822 0.1573 0.2931 0.4532 0.4734 0.3517 0.2423 0.1750 0.1893
0.1994 0.2498 0.3615 0.4773 0.4467 0.2749 0.1562 0.1864 0.2632 0.3811 0.4814 0.4321 0.2398 0.1557 0.1951 0.2780 0.4012 0.4818 0.4139 0.2070 0.1574 0.2056 0.2963 0.4258 0.4779 0.3815 0.1763 0.1646 0.2253 0.3303 0.4632 0.4602 0.3039 0.1572 0.1854 0.2670 0.3946 0.4816 0.4025 0.1847 0.1633 0.2259 0.3362 0.4700 0.4513 0.2695 0.1556 0.1968 0.2897 0.4279 0.4771 0.4279 0.2897 0.1968 0.1556 0.2695 0.4513 0.4700 0.3362 0.2259 0.1633 0.1847 0.4025 0.4816 0.3946 0.2670 0.1854 0.1572 0.3039 0.4602 0.4632 0.3303 0.2253 0.1646 0.1763 0.3815 0.4779 0.4258 0.2963 0.2056 0.1574 0.2070 0.4139 0.4818 0.4012 0.2780 0.1951 0.1557 0.2398 0.4321 0.4814 0.3811 0.2632 0.1864 0.1562 0.2749 0.4467 0.4773 0.3615 0.2498 0.1994
0.2638 0.3728 0.4798 0.4395 0.2566 0.1557 0.1908 0.2708 0.3915 0.4820 0.4233 0.2226 0.1562 0.1999 0.2861 0.4117 0.4808 0.4033 0.1946 0.1589 0.2103 0.3035 0.4338 0.4760 0.3726 0.1727 0.1660 0.2274 0.3324 0.4640 0.4602 0.3059 0.1575 0.1840 0.2638 0.3891 0.4819 0.4101 0.1922 0.1611 0.2210 0.3281 0.4646 0.4569 0.2868 0.1560 0.1922 0.2809 0.4161 0.4757 0.4303 0.4757 0.4161 0.2809 0.1922 0.1560 0.2868 0.4569 0.4646 0.3281 0.2210 0.1611 0.1922 0.4101 0.4819 0.3891 0.2638 0.1840 0.1575 0.3059 0.4602 0.4640 0.3324 0.2274 0.1660 0.1727 0.3726 0.4760 0.4338 0.3035 0.2103 0.1589 0.1946 0.4033 0.4808 0.4117 0.2861 0.1999 0.1562 0.2226 0.4233 0.4820 0.3915 0.2708 0.1908 0.1557 0.2566 0.4395 0.4798 0.3728 0.2638
0.3735 0.4824 0.4315 0.2385 0.1557 0.1954 0.2786 0.4020 0.4817 0.4134 0.2070 0.1573 0.2049 0.2944 0.4222 0.4791 0.3912 0.1843 0.1610 0.2155 0.3115 0.4423 0.4733 0.3614 0.1689 0.1680 0.2308 0.3366 0.4662 0.4590 0.3039 0.1575 0.1836 0.2621 0.3857 0.4820 0.4155 0.1995 0.1596 0.2168 0.3210 0.4587 0.4615 0.3028 0.1568 0.1880 0.2733 0.4051 0.4800 0.3867 0.2501 0.3867 0.4800 0.4051 0.2733 0.1880 0.1568 0.3028 0.4615 0.4587 0.3210 0.2168 0.1596 0.1995 0.4155 0.4820 0.3857 0.2621 0.1836 0.1575 0.3039 0.4590 0.4662 0.3366 0.2308 0.1680 0.1689 0.3614 0.4733 0.4423 0.3115 0.2155 0.1610 0.1843 0.3912 0.4791 0.4222 0.2944 0.2049 0.1573 0.2070 0.4134 0.4817 0.4020 0.2786 0.1954 0.1557 0.2385 0.4315 0.4824 0.3735
0.4804 0.4225 0.2214 0.1563 0.2003 0.2867 0.4125 0.4807 0.4024 0.1939 0.1589 0.2102 0.3029 0.4324 0.4766 0.3779 0.1763 0.1636 0.2212 0.3201 0.4508 0.4700 0.3483 0.1654 0.1706 0.2352 0.3426 0.4694 0.4565 0.2980 0.1572 0.1840 0.2621 0.3846 0.4820 0.4188 0.2052 0.1586 0.2135 0.3150 0.4528 0.4653 0.3171 0.1580 0.1842 0.2663 0.3952 0.4815 0.3982 0.1815 0.1481 0.1815 0.3982 0.4815 0.3952 0.2663 0.1842 0.1580 0.3171 0.4653 0.4528 0.3150 0.2135 0.1586 0.2052 0.4188 0.4820 0.3846 0.2621 0.1840 0.1572 0.2980 0.4565 0.4694 0.3426 0.2352 0.1706 0.1654 0.3483 0.4700 0.4508 0.3201 0.2212 0.1636 0.1763 0.3779 0.4766 0.4324 0.3029 0.2102 0.1589 0.1939 0.4024 0.4807 0.4125 0.2867 0.2003 0.1563 0.2214 0.4225 0.4804
0.4228 0.2060 0.1574 0.2054 0.2951 0.4230 0.4789 0.3902 0.1836 0.1611 0.2158 0.3117 0.4422 0.4736 0.3637 0.1703 0.1667 0.2272 0.3292 0.4588 0.4658 0.3334 0.1623 0.1736 0.2406 0.3499 0.4730 0.4528 0.2885 0.1567 0.1854 0.2638 0.3857 0.4820 0.4198 0.2083 0.1580 0.2112 0.3105 0.4477 0.4683 0.3292 0.1595 0.1808 0.2599 0.3860 0.4820 0.4095 0.1897 0.1593 0.1848 0.1593 0.1897 0.4095 0.4820 0.3860 0.2599 0.1808 0.1595 0.3292 0.4683 0.4477 0.3105 0.2112 0.1580 0.2083 0.4198 0.4820 0.3857 0.2638 0.1854 0.1567 0.2885 0.4528 0.4730 0.3499 0.2406 0.1736 0.1623 0.3334 0.4658 0.4588 0.3292 0.2272 0.1667 0.1703 0.3637 0.4736 0.4422 0.3117 0.2158 0.1611 0.1836 0.3902 0.4789 0.4230 0.2951 0.2054 0.1574 0.2060 0.4228
0.2188 0.1592 0.2106 0.3036 0.4332 0.4764 0.3768 0.1757 0.1638 0.2216 0.3207 0.4512 0.4699 0.3486 0.1657 0.1700 0.2334 0.3386 0.4659 0.4609 0.3170 0.1597 0.1770 0.2466 0.3583 0.4764 0.4479 0.2759 0.1561 0.1876 0.2670 0.3891 0.4820 0.4188 0.2083 0.1579 0.2100 0.3077 0.4439 0.4703 0.3387 0.1610 0.1780 0.2543 0.3776 0.4818 0.4187 0.2011 0.1600 0.2146 0.2658 0.2146 0.1600 0.2011 0.4187 0.4818 0.3776 0.2543 0.1780 0.1610 0.3387 0.4703 0.4439 0.3077 0.2100 0.1579 0.2083 0.4188 0.4820 0.3891 0.2670 0.1876 0.1561 0.2759 0.4479 0.4764 0.3583 0.2466 0.1770 0.1597 0.3170 0.4609 0.4659 0.3386 0.2334 0.1700 0.1657 0.3486 0.4699 0.4512 0.3207 0.2216 0.1638 0.1757 0.3768 0.4764 0.4332 0.3036 0.2106 0.1592 0.2188
0.1869 0.2166 0.3123 0.4429 0.4733 0.3625 0.1698 0.1669 0.2276 0.3299 0.4594 0.4655 0.3326 0.1622 0.1735 0.2400 0.3482 0.4716 0.4554 0.2995 0.1578 0.1808 0.2533 0.3675 0.4791 0.4419 0.2610 0.1557 0.1907 0.2717 0.3946 0.4819 0.4155 0.2052 0.1580 0.2100 0.3067 0.4418 0.4716 0.3452 0.1624 0.1759 0.2497 0.3704 0.4811 0.4263 0.2134 0.1581 0.2133 0.3145 0.3964 0.3145 0.2133 0.1581 0.2134 0.4263 0.4811 0.3704 0.2497 0.1759 0.1624 0.3452 0.4716 0.4418 0.3067 0.2100 0.1580 0.2052 0.4155 0.4819 0.3946 0.2717 0.1907 0.1557 0.2610 0.4419 0.4791 0.3675 0.2533 0.1808 0.1578 0.2995 0.4554 0.4716 0.3482 0.2400 0.1735 0.1622 0.3326 0.4655 0.4594 0.3299 0.2276 0.1669 0.1698 0.3625 0.4733 0.4429 0.3123 0.2166 0.1869
0.2347 0.3223 0.4518 0.4696 0.3474 0.1654 0.1702 0.2339 0.3393 0.4663 0.4606 0.3158 0.1596 0.1772 0.2467 0.3580 0.4760 0.4491 0.2815 0.1565 0.1849 0.2605 0.3774 0.4809 0.4348 0.2449 0.1557 0.1944 0.2775 0.4018 0.4816 0.4101 0.1995 0.1586 0.2112 0.3077 0.4418 0.4720 0.3486 0.1635 0.1744 0.2463 0.3647 0.4801 0.4324 0.2257 0.1569 0.2081 0.3081 0.4479 0.4773 0.4479 0.3081 0.2081 0.1569 0.2257 0.4324 0.4801 0.3647 0.2463 0.1744 0.1635 0.3486 0.4720 0.4418 0.3077 0.2112 0.1586 0.1995 0.4101 0.4816 0.4018 0.2775 0.1944 0.1557 0.2449 0.4348 0.4809 0.3774 0.2605 0.1849 0.1565 0.2815 0.4491 0.4760 0.3580 0.2467 0.1772 0.1596 0.3158 0.4606 0.4663 0.3393 0.2339 0.1702 0.1654 0.3474 0.4696 0.4518 0.3223 0.2347
0.3281 0.4613 0.4651 0.3313 0.1620 0.1737 0.2404 0.3489 0.4720 0.4550 0.2983 0.1577 0.1811 0.2538 0.3680 0.4791 0.4422 0.2632 0.1558 0.1892 0.2680 0.3877 0.4819 0.4266 0.2284 0.1560 0.1986 0.2843 0.4102 0.4808 0.4025 0.1922 0.1596 0.2135 0.3105 0.4439 0.4716 0.3486 0.1638 0.1736 0.2441 0.3606 0.4790 0.4370 0.2367 0.1562 0.2041 0.3004 0.4389 0.4688 0.4115 0.4688 0.4389 0.3004 0.2041 0.1562 0.2367 0.4370 0.4790 0.3606 0.2441 0.1736 0.1638 0.3486 0.4716 0.4439 0.3105 0.2135 0.1596 0.1922 0.4025 0.4808 0.4102 0.2843 0.1986 0.1560 0.2284 0.4266 0.4819 0.3877 0.2680 0.1892 0.1558 0.2632 0.4422 0.4791 0.3680 0.2538 0.1811 0.1577 0.2983 0.4550 0.4720 0.3489 0.2404 0.1737 0.1620 0.3313 0.4651 0.4613 0.3281
0.4567 0.4605 0.3144 0.1594 0.1774 0.2472 0.3587 0.4763 0.4487 0.2802 0.1564 0.1852 0.2610 0.3781 0.4810 0.4345 0.2449 0.1556 0.1937 0.2757 0.3981 0.4819 0.4172 0.2125 0.1569 0.2032 0.2918 0.4193 0.4795 0.3930 0.1847 0.1611 0.2168 0.3150 0.4477 0.4703 0.3452 0.1635 0.1736 0.2434 0.3585 0.4781 0.4401 0.2453 0.1558 0.2009 0.2944 0.4308 0.4741 0.3564 0.2109 0.3564 0.4741 0.4308 0.2944 0.2009 0.1558 0.2453 0.4401 0.4781 0.3585 0.2434 0.1736 0.1635 0.3452 0.4703 0.4477 0.3150 0.2168 0.1611 0.1847 0.3930 0.4795 0.4193 0.2918 0.2032 0.1569 0.2125 0.4172 0.4819 0.3981 0.2757 0.1937 0.1556 0.2449 0.4345 0.4810 0.3781 0.2610 0.1852 0.1564 0.2802 0.4487 0.4763 0.3587 0.2472 0.1774 0.1594 0.3144 0.4605 0.4567
0.4615 0.2968 0.1576 0.1814 0.2543 0.3687 0.4793 0.4417 0.2618 0.1558 0.1895 0.2686 0.3885 0.4819 0.4259 0.2274 0.1560 0.1985 0.2837 0.4087 0.4811 0.4066 0.1984 0.1583 0.2083 0.2999 0.4290 0.4775 0.3816 0.1778 0.1633 0.2210 0.3210 0.4528 0.4683 0.3387 0.1624 0.1744 0.2441 0.3585 0.4778 0.4417 0.2509 0.1557 0.1985 0.2897 0.4243 0.4766 0.3649 0.1661 0.1509 0.1661 0.3649 0.4766 0.4243 0.2897 0.1985 0.1557 0.2509 0.4417 0.4778 0.3585 0.2441 0.1744 0.1624 0.3387 0.4683 0.4528 0.3210 0.2210 0.1633 0.1778 0.3816 0.4775 0.4290 0.2999 0.2083 0.1583 0.1984 0.4066 0.4811 0.4087 0.2837 0.1985 0.1560 0.2274 0.4259 0.4819 0.3885 0.2686 0.1895 0.1558 0.2618 0.4417 0.4793 0.3687 0.2543 0.1814 0.1576 0.2968 0.4615
0.2976 0.1565 0.1855 0.2616 0.3789 0.4811 0.4339 0.2437 0.1556 0.1941 0.2763 0.3990 0.4819 0.4164 0.2113 0.1569 0.2035 0.2920 0.4192 0.4796 0.3948 0.1871 0.1603 0.2138 0.3085 0.4387 0.4747 0.3686 0.1720 0.1659 0.2259 0.3281 0.4587 0.4653 0.3292 0.1610 0.1759 0.2463 0.3606 0.4781 0.4417 0.2529 0.1556 0.1971 0.2865 0.4194 0.4780 0.3746 0.1700 0.1669 0.1965 0.1669 0.1700 0.3746 0.4780 0.4194 0.2865 0.1971 0.1556 0.2529 0.4417 0.4781 0.3606 0.2463 0.1759 0.1610 0.3292 0.4653 0.4587 0.3281 0.2259 0.1659 0.1720 0.3686 0.4747 0.4387 0.3085 0.2138 0.1603 0.1871 0.3948 0.4796 0.4192 0.2920 0.2035 0.1569 0.2113 0.4164 0.4819 0.3990 0.2763 0.1941 0.1556 0.2437 0.4339 0.4811 0.3789 0.2616 0.1855 0.1565 0.2976
0.1838 0.1902 0.2691 0.3892 0.4819 0.4253 0.2262 0.1561 0.1989 0.2844 0.4095 0.4811 0.4057 0.1974 0.1584 0.2087 0.3005 0.4295 0.4774 0.3818 0.1784 0.1628 0.2195 0.3174 0.4481 0.4713 0.3541 0.1672 0.1689 0.2315 0.3362 0.4646 0.4615 0.3171 0.1595 0.1780 0.2497 0.3647 0.4790 0.4401 0.2509 0.1556 0.1966 0.2848 0.4163 0.4789 0.3811 0.1731 0.1680 0.2310 0.2879 0.2310 0.1680 0.1731 0.3811 0.4789 0.4163 0.2849 0.1966 0.1556 0.2509 0.4401 0.4790 0.3647 0.2497 0.1780 0.1595 0.3171 0.4615 0.4646 0.3362 0.2315 0.1689 0.1672 0.3541 0.4713 0.4481 0.3174 0.2195 0.1628 0.1784 0.3818 0.4774 0.4295 0.3005 0.2087 0.1584 0.1974 0.4057 0.4811 0.4095 0.2844 0.1989 0.1561 0.2262 0.4253 0.4819 0.3892 0.2691 0.1902 0.1838
0.2120 0.2776 0.3996 0.4819 0.4157 0.2102 0.1570 0.2039 0.2926 0.4200 0.4795 0.3938 0.1863 0.1604 0.2142 0.3092 0.4394 0.4745 0.3679 0.1718 0.1658 0.2254 0.3266 0.4566 0.4672 0.3385 0.1633 0.1722 0.2376 0.3450 0.4700 0.4569 0.3028 0.1580 0.1808 0.2543 0.3704 0.4801 0.4370 0.2453 0.1557 0.1971 0.2848 0.4152 0.4793 0.3851 0.1756 0.1661 0.2311 0.3419 0.4268 0.3419 0.2311 0.1661 0.1756 0.3851 0.4793 0.4152 0.2849 0.1971 0.1557 0.2453 0.4370 0.4801 0.3704 0.2543 0.1808 0.1580 0.3028 0.4569 0.4700 0.3450 0.2376 0.1722 0.1633 0.3385 0.4672 0.4566 0.3266 0.2254 0.1658 0.1718 0.3679 0.4745 0.4394 0.3092 0.2142 0.1604 0.1863 0.3938 0.4795 0.4200 0.2926 0.2039 0.1570 0.2102 0.4157 0.4819 0.3996 0.2776 0.2120
0.2884 0.4116 0.4809 0.4049 0.1965 0.1585 0.2091 0.3011 0.4303 0.4772 0.3808 0.1778 0.1630 0.2199 0.3181 0.4487 0.4710 0.3530 0.1669 0.1690 0.2316 0.3359 0.4640 0.4624 0.3219 0.1604 0.1758 0.2442 0.3545 0.4746 0.4513 0.2868 0.1568 0.1842 0.2599 0.3776 0.4811 0.4324 0.2367 0.1558 0.1985 0.2865 0.4163 0.4793 0.3864 0.1769 0.1651 0.2280 0.3376 0.4694 0.4722 0.4694 0.3376 0.2280 0.1651 0.1770 0.3865 0.4793 0.4163 0.2865 0.1985 0.1558 0.2367 0.4324 0.4811 0.3776 0.2599 0.1842 0.1568 0.2868 0.4513 0.4746 0.3545 0.2442 0.1758 0.1604 0.3219 0.4624 0.4640 0.3359 0.2316 0.1690 0.1669 0.3530 0.4710 0.4487 0.3181 0.2199 0.1630 0.1778 0.3808 0.4772 0.4303 0.3011 0.2091 0.1585 0.1965 0.4049 0.4809 0.4116 0.2884
0.4091 0.4801 0.3929 0.1856 0.1606 0.2146 0.3099 0.4402 0.4743 0.3667 0.1714 0.1660 0.2259 0.3272 0.4572 0.4668 0.3373 0.1631 0.1725 0.2381 0.3454 0.4701 0.4570 0.3046 0.1583 0.1796 0.2511 0.3643 0.4781 0.4448 0.2695 0.1560 0.1880 0.2663 0.3860 0.4818 0.4263 0.2257 0.1562 0.2009 0.2897 0.4194 0.4789 0.3851 0.1769 0.1648 0.2267 0.3341 0.4672 0.4533 0.3758 0.4533 0.4672 0.3341 0.2267 0.1648 0.1770 0.3851 0.4789 0.4194 0.2897 0.2009 0.1562 0.2257 0.4263 0.4818 0.3860 0.2663 0.1880 0.1560 0.2695 0.4448 0.4781 0.3643 0.2511 0.1796 0.1583 0.3046 0.4570 0.4701 0.3454 0.2381 0.1725 0.1631 0.3373 0.4668 0.4572 0.3272 0.2259 0.1660 0.1714 0.3667 0.4743 0.4402 0.3099 0.2146 0.1606 0.1856 0.3929 0.4801 0.4091
0.4798 0.3797 0.1772 0.1632 0.2204 0.3188 0.4494 0.4707 0.3518 0.1665 0.1693 0.2321 0.3366 0.4645 0.4621 0.3207 0.1603 0.1761 0.2448 0.3552 0.4749 0.4510 0.2867 0.1568 0.1837 0.2583 0.3744 0.4804 0.4374 0.2516 0.1556 0.1922 0.2733 0.3953 0.4820 0.4187 0.2134 0.1569 0.2041 0.2944 0.4243 0.4780 0.3811 0.1756 0.1651 0.2267 0.3331 0.4656 0.4575 0.2995 0.1691 0.2995 0.4575 0.4656 0.3331 0.2267 0.1651 0.1756 0.3811 0.4780 0.4243 0.2944 0.2041 0.1569 0.2134 0.4187 0.4820 0.3952 0.2733 0.1922 0.1556 0.2516 0.4374 0.4804 0.3744 0.2583 0.1837 0.1568 0.2867 0.4510 0.4749 0.3552 0.2448 0.1761 0.1603 0.3207 0.4621 0.4645 0.3366 0.2321 0.1693 0.1665 0.3518 0.4707 0.4494 0.3188 0.2204 0.1632 0.1772 0.3797 0.4798
0.3787 0.1711 0.1663 0.2263 0.3280 0.4578 0.4665 0.3360 0.1628 0.1727 0.2385 0.3461 0.4705 0.4566 0.3034 0.1582 0.1799 0.2517 0.3651 0.4783 0.4443 0.2684 0.1559 0.1879 0.2658 0.3847 0.4817 0.4292 0.2337 0.1558 0.1967 0.2809 0.4051 0.4815 0.4096 0.2012 0.1580 0.2080 0.3003 0.4308 0.4766 0.3747 0.1731 0.1661 0.2280 0.3340 0.4655 0.4586 0.2989 0.1555 0.1594 0.1555 0.2988 0.4586 0.4656 0.3341 0.2280 0.1661 0.1731 0.3746 0.4766 0.4308 0.3004 0.2081 0.1581 0.2011 0.4095 0.4815 0.4051 0.2809 0.1968 0.1559 0.2337 0.4292 0.4817 0.3847 0.2658 0.1880 0.1560 0.2684 0.4443 0.4784 0.3651 0.2518 0.1800 0.1582 0.3033 0.4566 0.4705 0.3462 0.2386 0.1728 0.1629 0.3360 0.4665 0.4578 0.3280 0.2264 0.1663 0.1711 0.3787
0.1940 0.1697 0.2325 0.3373 0.4650 0.4617 0.3194 0.1601 0.1764 0.2452 0.3559 0.4752 0.4505 0.2854 0.1567 0.1840 0.2589 0.3752 0.4806 0.4368 0.2501 0.1556 0.1924 0.2735 0.3951 0.4820 0.4200 0.2170 0.1565 0.2016 0.2890 0.4154 0.4802 0.3989 0.1903 0.1596 0.2126 0.3073 0.4382 0.4745 0.3658 0.1701 0.1675 0.2304 0.3368 0.4667 0.4581 0.2998 0.1572 0.1823 0.2191 0.1827 0.1574 0.2988 0.4575 0.4672 0.3376 0.2311 0.1680 0.1700 0.3649 0.4741 0.4389 0.3081 0.2133 0.1600 0.1897 0.3982 0.4800 0.4161 0.2897 0.2022 0.1568 0.2163 0.4194 0.4818 0.3958 0.2742 0.1929 0.1558 0.2494 0.4362 0.4805 0.3759 0.2596 0.1844 0.1569 0.2845 0.4500 0.4753 0.3566 0.2459 0.1768 0.1602 0.3186 0.4612 0.4653 0.3380 0.2331 0.1701 0.1940
0.1952 0.2395 0.3468 0.4709 0.4562 0.3020 0.1580 0.1802 0.2522 0.3658 0.4785 0.4438 0.2671 0.1559 0.1883 0.2664 0.3855 0.4817 0.4285 0.2323 0.1558 0.1971 0.2814 0.4057 0.4814 0.4098 0.2022 0.1578 0.2068 0.2974 0.4258 0.4783 0.3866 0.1811 0.1619 0.2176 0.3150 0.4461 0.4718 0.3547 0.1668 0.1696 0.2338 0.3412 0.4690 0.4564 0.2965 0.1570 0.1856 0.2635 0.3299 0.2597 0.1828 0.1555 0.2995 0.4533 0.4694 0.3419 0.2310 0.1669 0.1661 0.3564 0.4688 0.4479 0.3145 0.2146 0.1593 0.1815 0.3867 0.4757 0.4279 0.2958 0.2035 0.1554 0.2043 0.4083 0.4792 0.4079 0.2794 0.1939 0.1537 0.2358 0.4261 0.4800 0.3875 0.2639 0.1851 0.1541 0.2709 0.4409 0.4775 0.3673 0.2494 0.1772 0.1566 0.3058 0.4532 0.4708 0.3473 0.2364 0.1926
0.2548 0.3577 0.4754 0.4500 0.2840 0.1567 0.1843 0.2595 0.3759 0.4807 0.4362 0.2488 0.1557 0.1928 0.2741 0.3959 0.4820 0.4192 0.2157 0.1566 0.2020 0.2896 0.4162 0.4801 0.3983 0.1900 0.1597 0.2122 0.3060 0.4359 0.4756 0.3730 0.1740 0.1647 0.2233 0.3235 0.4541 0.4683 0.3417 0.1638 0.1721 0.2382 0.3471 0.4719 0.4537 0.2897 0.1566 0.1859 0.2673 0.3969 0.4444 0.3289 0.2190 0.1594 0.1691 0.3758 0.4722 0.4268 0.2879 0.1965 0.1509 0.2109 0.4115 0.4773 0.3964 0.2658 0.1848 0.1481 0.2501 0.4303 0.4771 0.3737 0.2503 0.1765 0.1483 0.2852 0.4441 0.4734 0.3528 0.2365 0.1694 0.1515 0.3181 0.4553 0.4650 0.3327 0.2238 0.1630 0.1584 0.3479 0.4642 0.4514 0.3135 0.2121 0.1574 0.1707 0.3746 0.4709 0.4332 0.2968 0.2182
0.3601 0.4799 0.4429 0.2652 0.1560 0.1889 0.2673 0.3866 0.4818 0.4275 0.2307 0.1560 0.1978 0.2824 0.4069 0.4813 0.4086 0.2008 0.1581 0.2075 0.2984 0.4269 0.4780 0.3853 0.1805 0.1622 0.2182 0.3153 0.4458 0.4721 0.3581 0.1685 0.1681 0.2297 0.3329 0.4618 0.4638 0.3265 0.1611 0.1754 0.2438 0.3546 0.4751 0.4496 0.2795 0.1563 0.1876 0.2682 0.3961 0.4722 0.3781 0.2612 0.1823 0.1555 0.2995 0.4533 0.4694 0.3419 0.2310 0.1669 0.1661 0.3564 0.4688 0.4479 0.3145 0.2146 0.1593 0.1815 0.3867 0.4757 0.4279 0.2958 0.2035 0.1554 0.2043 0.4083 0.4792 0.4079 0.2794 0.1939 0.1537 0.2358 0.4261 0.4800 0.3875 0.2639 0.1851 0.1541 0.2709 0.4409 0.4775 0.3673 0.2494 0.1772 0.1566 0.3058 0.4532 0.4708 0.3473 0.2364 0.1926
0.4756 0.4341 0.2491 0.1545 0.1915 0.2739 0.3983 0.4805 0.4173 0.2157 0.1555 0.2008 0.2898 0.4184 0.4782 0.3972 0.1896 0.1585 0.2111 0.3066 0.4378 0.4734 0.3730 0.1733 0.1635 0.2222 0.3243 0.4549 0.4663 0.3446 0.1638 0.1697 0.2343 0.3427 0.4681 0.4570 0.3121 0.1582 0.1772 0.2485 0.3638 0.4772 0.4430 0.2685 0.1551 0.1888 0.2704 0.3964 0.4788 0.4870 0.2553 0.1831 0.1571 0.2987 0.4575 0.4672 0.3376 0.2311 0.1680 0.1700 0.3649 0.4741 0.4389 0.3081 0.2133 0.1600 0.1897 0.3982 0.4800 0.4161 0.2897 0.2022 0.1568 0.2163 0.4194 0.4818 0.3958 0.2742 0.1929 0.1558 0.2494 0.4362 0.4805 0.3759 0.2596 0.1844 0.1569 0.2845 0.4500 0.4753 0.3566 0.2459 0.1768 0.1602 0.3186 0.4612 0.4653 0.3380 0.2331 0.1701 0.1940
0.4513 0.2878 0.1497 0.1761 0.2494 0.3725 0.4775 0.4318 0.2540 0.1489 0.1841 0.2643 0.3938 0.4779 0.4155 0.2199 0.1501 0.1929 0.2803 0.4153 0.4755 0.3959 0.1904 0.1533 0.2027 0.2974 0.4356 0.4708 0.3727 0.1705 0.1580 0.2135 0.3159 0.4537 0.4635 0.3442 0.1584 0.1644 0.2272 0.3390 0.4693 0.4511 0.3018 0.1515 0.1753 0.2498 0.3761 0.4787 0.4225 0.3074 0.1601 0.1541 0.2984 0.4586 0.4656 0.3341 0.2280 0.1661 0.1731 0.3746 0.4766 0.4308 0.3004 0.2081 0.1581 0.2011 0.4095 0.4815 0.4051 0.2809 0.1968 0.1559 0.2337 0.4292 0.4817 0.3847 0.2658 0.1880 0.1560 0.2684 0.4443 0.4784 0.3651 0.2518 0.1800 0.1582 0.3033 0.4566 0.4705 0.3462 0.2386 0.1728 0.1629 0.3360 0.4665 0.4578 0.3280 0.2264 0.1663 0.1711 0.3787
0.4769 0.3806 0.1780 0.1595 0.2157 0.3172 0.4515 0.4672 0.3538 0.1657 0.1654 0.2275 0.3361 0.4654 0.4583 0.3245 0.1586 0.1720 0.2403 0.3558 0.4745 0.4473 0.2919 0.1546 0.1794 0.2543 0.3761 0.4790 0.4339 0.2568 0.1530 0.1878 0.2698 0.3980 0.4797 0.4156 0.2171 0.1538 0.1996 0.2918 0.4277 0.4749 0.3803 0.1757 0.1615 0.2222 0.3324 0.4670 0.4530 0.3036 0.1695 0.2989 0.4575 0.4656 0.3331 0.2267 0.1651 0.1756 0.3811 0.4780 0.4243 0.2944 0.2041 0.1569 0.2134 0.4187 0.4820 0.3952 0.2733 0.1922 0.1556 0.2516 0.4374 0.4804 0.3744 0.2583 0.1837 0.1568 0.2867 0.4510 0.4749 0.3552 0.2448 0.1761 0.1603 0.3207 0.4621 0.4645 0.3366 0.2321 0.1693 0.1665 0.3518 0.4707 0.4494 0.3188 0.2204 0.1632 0.1772 0.3797 0.4798
0.4097 0.4796 0.3921 0.1851 0.1611 0.2154 0.3109 0.4411 0.4737 0.3657 0.1713 0.1666 0.2268 0.3283 0.4579 0.4662 0.3360 0.1631 0.1731 0.2390 0.3465 0.4705 0.4563 0.3034 0.1585 0.1803 0.2522 0.3654 0.4782 0.4439 0.2680 0.1562 0.1887 0.2673 0.3872 0.4817 0.4253 0.2243 0.1566 0.2018 0.2909 0.4206 0.4784 0.3839 0.1765 0.1655 0.2279 0.3354 0.4680 0.4522 0.3751 0.4533 0.4672 0.3341 0.2267 0.1648 0.1770 0.3851 0.4789 0.4194 0.2897 0.2009 0.1562 0.2257 0.4263 0.4818 0.3860 0.2663 0.1880 0.1560 0.2695 0.4448 0.4781 0.3643 0.2511 0.1796 0.1583 0.3046 0.4570 0.4701 0.3454 0.2381 0.1725 0.1631 0.3373 0.4668 0.4572 0.3272 0.2259 0.1660 0.1714 0.3667 0.4743 0.4402 0.3099 0.2146 0.1606 0.1856 0.3929 0.4801 0.4091
