-0.2329 -0.0691 0.1223 0.1559 -0.1899 -0.2671 -0.2782 -0.1996 0.0678 0.2222 -0.1278 -0.2503 -0.2819 -0.2540 0.0053 0.1774 -0.0093 -0.2297 -0.2759 -0.2694 -0.1072 0.1055 0.1983 -0.1734 -0.2627 -0.2804 -0.2242 0.0520 0.2142 -0.1044 -0.2447 -0.2810 -0.2582 -0.0198 0.1517 0.0564 -0.2143 -0.2727 -0.2734 -0.1483 0.0900 0.2187 -0.1562 -0.2580 -0.2816 -0.2408 0.0350 0.2022 -0.0755 -0.2381 -0.2715 -0.2381 -0.0755 0.2022 0.0350 -0.2408 -0.2816 -0.2580 -0.1562 0.2187 0.0900 -0.1483 -0.2734 -0.2727 -0.2143 0.0564 0.1517 -0.0198 -0.2582 -0.2810 -0.2447 -0.1044 0.2142 0.0520 -0.2242 -0.2804 -0.2627 -0.1734 0.1983 0.1055 -0.1072 -0.2694 -0.2759 -0.2297 -0.0093 0.1774 0.0053 -0.2540 -0.2819 -0.2503 -0.1278 0.2222 0.0678 -0.1996 -0.2782 -0.2671 -0.1899 0.1559 0.1223 -0.0691 -0.2329
-0.0691 0.1253 0.1950 -0.2186 -0.3232 -0.3211 -0.2052 0.0714 0.2296 -0.1297 -0.3091 -0.3312 -0.2801 0.0148 0.1679 0.0336 -0.2848 -0.3296 -0.3069 -0.0963 0.1041 0.2290 -0.1923 -0.3197 -0.3256 -0.2375 0.0573 0.2173 -0.0984 -0.3042 -0.3318 -0.2882 -0.0085 0.1439 0.1137 -0.2562 -0.3275 -0.3135 -0.1428 0.0907 0.2374 -0.1680 -0.3157 -0.3286 -0.2602 0.0419 0.2026 -0.0583 -0.2992 -0.3400 -0.3494 -0.3400 -0.2992 -0.0583 0.2026 0.0419 -0.2602 -0.3286 -0.3157 -0.1680 0.2374 0.0907 -0.1428 -0.3135 -0.3275 -0.2562 0.1137 0.1439 -0.0085 -0.2882 -0.3318 -0.3042 -0.0984 0.2173 0.0573 -0.2375 -0.3256 -0.3197 -0.1923 0.2290 0.1041 -0.0963 -0.3069 -0.3296 -0.2848 0.0336 0.1679 0.0148 -0.2801 -0.3312 -0.3091 -0.1297 0.2296 0.0714 -0.2052 -0.3211 -0.3232 -0.2186 0.1950 0.1253 -0.0691
0.1223 0.1950 -0.2123 -0.3212 -0.3226 -0.2259 0.0611 0.2222 -0.1101 -0.3055 -0.3312 -0.2851 -0.0020 0.1510 0.0878 -0.2662 -0.3279 -0.3111 -0.1292 0.0933 0.2364 -0.1762 -0.3167 -0.3273 -0.2538 0.0455 0.2076 -0.0728 -0.3004 -0.3313 -0.2930 -0.0294 0.1303 0.1612 -0.2378 -0.3253 -0.3170 -0.1745 0.0802 0.2361 -0.1513 -0.3124 -0.3297 -0.2708 0.0288 0.1894 -0.0221 -0.2951 -0.3301 -0.3146 -0.2283 -0.3146 -0.3301 -0.2951 -0.0221 0.1894 0.0288 -0.2708 -0.3297 -0.3124 -0.1513 0.2361 0.0802 -0.1745 -0.3170 -0.3253 -0.2378 0.1612 0.1303 -0.0294 -0.2930 -0.3313 -0.3004 -0.0728 0.2076 0.0455 -0.2538 -0.3273 -0.3167 -0.1762 0.2364 0.0933 -0.1292 -0.3111 -0.3279 -0.2662 0.0878 0.1510 -0.0020 -0.2851 -0.3312 -0.3055 -0.1101 0.2222 0.0611 -0.2259 -0.3226 -0.3212 -0.2123 0.1950 0.1223
0.1559 -0.2186 -0.3212 -0.3233 -0.2367 0.0543 0.2147 -0.0896 -0.3024 -0.3313 -0.2902 -0.0192 0.1367 0.1390 -0.2469 -0.3263 -0.3152 -0.1597 0.0847 0.2373 -0.1597 -0.3139 -0.3290 -0.2659 0.0348 0.1974 -0.0411 -0.2969 -0.3309 -0.2982 -0.0517 0.1191 0.1962 -0.2203 -0.3233 -0.3205 -0.2012 0.0715 0.2310 -0.1336 -0.3094 -0.3307 -0.2784 0.0161 0.1718 0.0233 -0.2871 -0.3294 -0.3046 -0.0826 0.0522 -0.0826 -0.3046 -0.3294 -0.2871 0.0233 0.1718 0.0161 -0.2784 -0.3307 -0.3094 -0.1336 0.2310 0.0715 -0.2012 -0.3205 -0.3233 -0.2203 0.1962 0.1191 -0.0517 -0.2982 -0.3309 -0.2969 -0.0411 0.1974 0.0348 -0.2659 -0.3290 -0.3139 -0.1597 0.2373 0.0847 -0.1597 -0.3152 -0.3263 -0.2469 0.1390 0.1367 -0.0192 -0.2902 -0.3313 -0.3024 -0.0896 0.2147 0.0543 -0.2367 -0.3233 -0.3212 -0.2186 0.1559
-0.1899 -0.3232 -0.3226 -0.2367 0.0515 0.2098 -0.0719 -0.2997 -0.3310 -0.2948 -0.0387 0.1249 0.1796 -0.2291 -0.3243 -0.3188 -0.1883 0.0759 0.2339 -0.1426 -0.3109 -0.3302 -0.2749 0.0227 0.1817 -0.0007 -0.2933 -0.3300 -0.3032 -0.0778 0.1091 0.2192 -0.2037 -0.3211 -0.3234 -0.2242 0.0624 0.2236 -0.1140 -0.3062 -0.3313 -0.2841 0.0015 0.1543 0.0763 -0.2705 -0.3282 -0.3100 -0.1201 0.0932 0.1856 0.0932 -0.1201 -0.3100 -0.3282 -0.2705 0.0763 0.1543 0.0015 -0.2841 -0.3313 -0.3062 -0.1140 0.2236 0.0624 -0.2242 -0.3234 -0.3211 -0.2037 0.2192 0.1091 -0.0778 -0.3032 -0.3300 -0.2933 -0.0007 0.1817 0.0227 -0.2749 -0.3302 -0.3109 -0.1426 0.2339 0.0759 -0.1883 -0.3188 -0.3243 -0.2291 0.1796 0.1249 -0.0387 -0.2948 -0.3310 -0.2997 -0.0719 0.2098 0.0515 -0.2367 -0.3226 -0.3232 -0.1899
-0.2671 -0.3211 -0.2259 0.0543 0.2098 -0.0646 -0.2981 -0.3306 -0.2984 -0.0583 0.1155 0.2070 -0.2128 -0.3222 -0.3219 -0.2132 0.0670 0.2275 -0.1240 -0.3078 -0.3310 -0.2814 0.0091 0.1628 0.0491 -0.2808 -0.3289 -0.3080 -0.1071 0.0998 0.2320 -0.1876 -0.3186 -0.3259 -0.2429 0.0528 0.2146 -0.0915 -0.3029 -0.3314 -0.2893 -0.0154 0.1395 0.1289 -0.2508 -0.3266 -0.3143 -0.1532 0.0869 0.2383 -0.0047 0.2383 0.0869 -0.1532 -0.3143 -0.3266 -0.2508 0.1289 0.1395 -0.0154 -0.2893 -0.3314 -0.3029 -0.0915 0.2146 0.0528 -0.2429 -0.3259 -0.3186 -0.1876 0.2320 0.0998 -0.1071 -0.3080 -0.3289 -0.2808 0.0491 0.1628 0.0091 -0.2814 -0.3310 -0.3078 -0.1240 0.2275 0.0670 -0.2132 -0.3219 -0.3222 -0.2128 0.2070 0.1155 -0.0583 -0.2984 -0.3306 -0.2981 -0.0646 0.2098 0.0543 -0.2259 -0.3211 -0.2671
-0.2782 -0.2052 0.0611 0.2147 -0.0719 -0.2981 -0.3304 -0.3005 -0.0740 0.1085 0.2226 -0.1987 -0.3201 -0.3244 -0.2335 0.0578 0.2193 -0.1032 -0.3046 -0.3314 -0.2866 -0.0066 0.1466 0.1032 -0.2605 -0.3275 -0.3123 -0.1380 0.0909 0.2372 -0.1714 -0.3159 -0.3279 -0.2576 0.0426 0.2047 -0.0644 -0.2995 -0.3312 -0.2945 -0.0354 0.1269 0.1726 -0.2326 -0.3248 -0.3181 -0.1824 0.0779 0.2350 -0.1426 -0.2901 -0.1426 0.2350 0.0779 -0.1824 -0.3181 -0.3248 -0.2326 0.1726 0.1269 -0.0354 -0.2945 -0.3312 -0.2995 -0.0644 0.2047 0.0426 -0.2576 -0.3279 -0.3159 -0.1714 0.2372 0.0909 -0.1380 -0.3123 -0.3275 -0.2605 0.1032 0.1466 -0.0066 -0.2866 -0.3314 -0.3046 -0.1032 0.2193 0.0578 -0.2335 -0.3244 -0.3201 -0.1987 0.2226 0.1085 -0.0740 -0.3005 -0.3304 -0.2981 -0.0719 0.2147 0.0611 -0.2052 -0.2782
-0.1996 0.0714 0.2222 -0.0896 -0.2997 -0.3306 -0.3005 -0.0802 0.1047 0.2298 -0.1877 -0.3181 -0.3262 -0.2487 0.0487 0.2102 -0.0793 -0.3012 -0.3313 -0.2918 -0.0249 0.1330 0.1521 -0.2416 -0.3257 -0.3163 -0.1683 0.0822 0.2367 -0.1549 -0.3131 -0.3294 -0.2688 0.0314 0.1929 -0.0305 -0.2959 -0.3306 -0.2997 -0.0589 0.1161 0.2040 -0.2155 -0.3227 -0.3213 -0.2083 0.0690 0.2291 -0.1291 -0.3106 -0.3381 -0.3106 -0.1291 0.2291 0.0690 -0.2083 -0.3213 -0.3227 -0.2155 0.2040 0.1161 -0.0589 -0.2997 -0.3306 -0.2959 -0.0305 0.1929 0.0314 -0.2688 -0.3294 -0.3131 -0.1549 0.2367 0.0822 -0.1683 -0.3163 -0.3257 -0.2416 0.1521 0.1330 -0.0249 -0.2918 -0.3313 -0.3012 -0.0793 0.2102 0.0487 -0.2487 -0.3262 -0.3181 -0.1877 0.2298 0.1047 -0.0802 -0.3005 -0.3306 -0.2997 -0.0896 0.2222 0.0714 -0.1996
0.0678 0.2296 -0.1101 -0.3024 -0.3310 -0.2984 -0.0740 0.1047 0.2317 -0.1815 -0.3166 -0.3274 -0.2591 0.0400 0.2014 -0.0521 -0.2979 -0.3309 -0.2969 -0.0464 0.1214 0.1898 -0.2240 -0.3238 -0.3198 -0.1959 0.0734 0.2323 -0.1374 -0.3101 -0.3305 -0.2770 0.0190 0.1761 0.0127 -0.2899 -0.3297 -0.3046 -0.0860 0.1064 0.2238 -0.1991 -0.3204 -0.3242 -0.2300 0.0597 0.2211 -0.1080 -0.3054 -0.3414 -0.3445 -0.3414 -0.3054 -0.1080 0.2211 0.0597 -0.2300 -0.3242 -0.3204 -0.1991 0.2238 0.1064 -0.0860 -0.3046 -0.3297 -0.2899 0.0127 0.1761 0.0190 -0.2770 -0.3305 -0.3101 -0.1374 0.2323 0.0734 -0.1959 -0.3198 -0.3238 -0.2240 0.1898 0.1214 -0.0464 -0.2969 -0.3309 -0.2979 -0.0521 0.2014 0.0400 -0.2591 -0.3274 -0.3166 -0.1815 0.2317 0.1047 -0.0740 -0.2984 -0.3310 -0.3024 -0.1101 0.2296 0.0678
0.2222 -0.1297 -0.3055 -0.3313 -0.2948 -0.0583 0.1085 0.2298 -0.1815 -0.3161 -0.3279 -0.2651 0.0328 0.1934 -0.0229 -0.2948 -0.3302 -0.3017 -0.0708 0.1113 0.2150 -0.2073 -0.3215 -0.3228 -0.2197 0.0644 0.2253 -0.1183 -0.3069 -0.3312 -0.2830 0.0048 0.1579 0.0646 -0.2750 -0.3285 -0.3093 -0.1159 0.0972 0.2342 -0.1829 -0.3178 -0.3265 -0.2475 0.0500 0.2118 -0.0843 -0.3019 -0.3309 -0.3015 -0.1698 -0.3015 -0.3309 -0.3019 -0.0843 0.2118 0.0500 -0.2475 -0.3265 -0.3178 -0.1829 0.2342 0.0972 -0.1159 -0.3093 -0.3285 -0.2750 0.0646 0.1579 0.0048 -0.2830 -0.3312 -0.3069 -0.1183 0.2253 0.0644 -0.2197 -0.3228 -0.3215 -0.2073 0.2150 0.1113 -0.0708 -0.3017 -0.3302 -0.2948 -0.0229 0.1934 0.0328 -0.2651 -0.3279 -0.3161 -0.1815 0.2298 0.1085 -0.0583 -0.2948 -0.3313 -0.3055 -0.1297 0.2222
-0.1278 -0.3091 -0.3312 -0.2902 -0.0387 0.1155 0.2226 -0.1877 -0.3166 -0.3279 -0.2670 0.0286 0.1857 0.0038 -0.2916 -0.3294 -0.3057 -0.0964 0.1026 0.2295 -0.1914 -0.3191 -0.3253 -0.2393 0.0549 0.2166 -0.0965 -0.3036 -0.3314 -0.2881 -0.0116 0.1425 0.1182 -0.2549 -0.3270 -0.3135 -0.1469 0.0884 0.2375 -0.1667 -0.3151 -0.3284 -0.2612 0.0395 0.2018 -0.0555 -0.2984 -0.3309 -0.2951 -0.0348 0.0681 -0.0348 -0.2951 -0.3309 -0.2984 -0.0555 0.2018 0.0395 -0.2612 -0.3284 -0.3151 -0.1667 0.2375 0.0884 -0.1469 -0.3135 -0.3270 -0.2549 0.1182 0.1425 -0.0116 -0.2881 -0.3314 -0.3036 -0.0965 0.2166 0.0549 -0.2393 -0.3253 -0.3191 -0.1914 0.2295 0.1026 -0.0964 -0.3057 -0.3294 -0.2916 0.0038 0.1857 0.0286 -0.2670 -0.3279 -0.3166 -0.1877 0.2226 0.1155 -0.0387 -0.2902 -0.3312 -0.3091 -0.1278
-0.2503 -0.3312 -0.2851 -0.0192 0.1249 0.2070 -0.1987 -0.3181 -0.3274 -0.2651 0.0286 0.1819 0.0202 -0.2859 -0.3287 -0.3088 -0.1201 0.0950 0.2360 -0.1766 -0.3166 -0.3273 -0.2546 0.0449 0.2068 -0.0706 -0.3002 -0.3313 -0.2934 -0.0308 0.1295 0.1642 -0.2364 -0.3252 -0.3173 -0.1765 0.0797 0.2358 -0.1500 -0.3122 -0.3298 -0.2715 0.0280 0.1882 -0.0191 -0.2949 -0.3304 -0.3009 -0.0644 0.1090 0.2042 0.1090 -0.0644 -0.3009 -0.3304 -0.2949 -0.0191 0.1882 0.0280 -0.2715 -0.3298 -0.3122 -0.1500 0.2358 0.0797 -0.1765 -0.3173 -0.3252 -0.2364 0.1642 0.1295 -0.0308 -0.2934 -0.3313 -0.3002 -0.0706 0.2068 0.0449 -0.2546 -0.3273 -0.3166 -0.1766 0.2360 0.0950 -0.1201 -0.3088 -0.3287 -0.2859 0.0202 0.1819 0.0286 -0.2651 -0.3274 -0.3181 -0.1987 0.2070 0.1249 -0.0192 -0.2851 -0.3312 -0.2503
-0.2819 -0.2801 -0.0020 0.1367 0.1796 -0.2128 -0.3201 -0.3262 -0.2591 0.0328 0.1857 0.0202 -0.2821 -0.3282 -0.3107 -0.1383 0.0890 0.2375 -0.1632 -0.3142 -0.3288 -0.2660 0.0344 0.1968 -0.0385 -0.2967 -0.3308 -0.2986 -0.0535 0.1183 0.1983 -0.2191 -0.3232 -0.3207 -0.2032 0.0708 0.2305 -0.1321 -0.3092 -0.3307 -0.2789 0.0151 0.1705 0.0270 -0.2862 -0.3294 -0.3060 -0.0944 0.1039 0.2319 -0.0785 0.2319 0.1039 -0.0944 -0.3060 -0.3294 -0.2862 0.0270 0.1705 0.0151 -0.2789 -0.3307 -0.3092 -0.1321 0.2305 0.0708 -0.2032 -0.3207 -0.3232 -0.2191 0.1983 0.1183 -0.0535 -0.2986 -0.3308 -0.2967 -0.0385 0.1968 0.0344 -0.2660 -0.3288 -0.3142 -0.1632 0.2375 0.0890 -0.1383 -0.3107 -0.3282 -0.2821 0.0202 0.1857 0.0328 -0.2591 -0.3262 -0.3201 -0.2128 0.1796 0.1367 -0.0020 -0.2801 -0.2819
-0.2540 0.0148 0.1510 0.1390 -0.2291 -0.3222 -0.3244 -0.2487 0.0400 0.1934 0.0038 -0.2859 -0.3282 -0.3114 -0.1479 0.0851 0.2368 -0.1519 -0.3120 -0.3298 -0.2739 0.0235 0.1822 0.0005 -0.2931 -0.3299 -0.3035 -0.0799 0.1084 0.2204 -0.2026 -0.3209 -0.3236 -0.2258 0.0617 0.2229 -0.1124 -0.3060 -0.3313 -0.2845 0.0004 0.1532 0.0803 -0.2690 -0.3281 -0.3105 -0.1248 0.0947 0.2354 -0.1755 -0.2982 -0.1755 0.2354 0.0947 -0.1248 -0.3105 -0.3281 -0.2690 0.0803 0.1532 0.0004 -0.2845 -0.3313 -0.3060 -0.1124 0.2229 0.0617 -0.2258 -0.3236 -0.3209 -0.2026 0.2204 0.1084 -0.0799 -0.3035 -0.3299 -0.2931 0.0005 0.1822 0.0235 -0.2739 -0.3298 -0.3120 -0.1519 0.2368 0.0851 -0.1479 -0.3114 -0.3282 -0.2859 0.0038 0.1934 0.0400 -0.2487 -0.3244 -0.3222 -0.2291 0.1390 0.1510 0.0148 -0.2540
0.0053 0.1679 0.0878 -0.2469 -0.3243 -0.3219 -0.2335 0.0487 0.2014 -0.0229 -0.2916 -0.3287 -0.3107 -0.1479 0.0837 0.2359 -0.1443 -0.3103 -0.3304 -0.2791 0.0128 0.1657 0.0444 -0.2816 -0.3288 -0.3081 -0.1089 0.0992 0.2326 -0.1864 -0.3184 -0.3261 -0.2442 0.0521 0.2138 -0.0896 -0.3026 -0.3314 -0.2896 -0.0168 0.1385 0.1325 -0.2494 -0.3265 -0.3147 -0.1556 0.0859 0.2374 -0.1628 -0.3172 -0.3428 -0.3172 -0.1628 0.2374 0.0859 -0.1556 -0.3147 -0.3265 -0.2494 0.1325 0.1385 -0.0168 -0.2896 -0.3314 -0.3026 -0.0896 0.2138 0.0521 -0.2442 -0.3261 -0.3184 -0.1864 0.2326 0.0992 -0.1089 -0.3081 -0.3288 -0.2816 0.0444 0.1657 0.0128 -0.2791 -0.3304 -0.3103 -0.1443 0.2359 0.0837 -0.1479 -0.3107 -0.3287 -0.2916 -0.0229 0.2014 0.0487 -0.2335 -0.3219 -0.3243 -0.2469 0.0878 0.1679 0.0053
0.1774 0.0336 -0.2662 -0.3263 -0.3188 -0.2132 0.0578 0.2102 -0.0521 -0.2948 -0.3294 -0.3088 -0.1383 0.0851 0.2359 -0.1416 -0.3094 -0.3307 -0.2821 0.0033 0.1534 0.0874 -0.2641 -0.3275 -0.3120 -0.1381 0.0907 0.2373 -0.1704 -0.3157 -0.3280 -0.2586 0.0418 0.2039 -0.0621 -0.2992 -0.3312 -0.2949 -0.0370 0.1261 0.1753 -0.2313 -0.3246 -0.3184 -0.1846 0.0772 0.2346 -0.1451 -0.3114 -0.3416 -0.3378 -0.3416 -0.3114 -0.1451 0.2346 0.0772 -0.1846 -0.3184 -0.3246 -0.2313 0.1753 0.1261 -0.0370 -0.2949 -0.3312 -0.2992 -0.0621 0.2039 0.0418 -0.2586 -0.3280 -0.3157 -0.1704 0.2373 0.0907 -0.1381 -0.3120 -0.3275 -0.2641 0.0874 0.1534 0.0033 -0.2821 -0.3307 -0.3094 -0.1416 0.2359 0.0851 -0.1383 -0.3088 -0.3294 -0.2948 -0.0521 0.2102 0.0578 -0.2132 -0.3188 -0.3263 -0.2662 0.0336 0.1774
-0.0093 -0.2848 -0.3279 -0.3152 -0.1883 0.0670 0.2193 -0.0793 -0.2979 -0.3302 -0.3057 -0.1201 0.0890 0.2368 -0.1443 -0.3094 -0.3307 -0.2835 -0.0034 0.1452 0.1211 -0.2502 -0.3262 -0.3153 -0.1648 0.0827 0.2367 -0.1545 -0.3129 -0.3295 -0.2696 0.0305 0.1916 -0.0274 -0.2956 -0.3306 -0.3000 -0.0607 0.1154 0.2058 -0.2143 -0.3225 -0.3216 -0.2101 0.0682 0.2285 -0.1267 -0.3082 -0.3303 -0.2855 -0.1053 -0.2855 -0.3303 -0.3082 -0.1267 0.2285 0.0682 -0.2101 -0.3216 -0.3225 -0.2143 0.2058 0.1154 -0.0607 -0.3000 -0.3306 -0.2956 -0.0274 0.1916 0.0305 -0.2696 -0.3295 -0.3129 -0.1545 0.2367 0.0827 -0.1648 -0.3153 -0.3262 -0.2502 0.1211 0.1452 -0.0034 -0.2835 -0.3307 -0.3094 -0.1443 0.2368 0.0890 -0.1201 -0.3057 -0.3302 -0.2979 -0.0793 0.2193 0.0670 -0.1883 -0.3152 -0.3279 -0.2848 -0.0093
-0.2297 -0.3296 -0.3111 -0.1597 0.0759 0.2275 -0.1032 -0.3012 -0.3309 -0.3017 -0.0964 0.0950 0.2375 -0.1519 -0.3103 -0.3307 -0.2835 -0.0059 0.1411 0.1409 -0.2405 -0.3250 -0.3178 -0.1868 0.0755 0.2331 -0.1387 -0.3101 -0.3304 -0.2774 0.0181 0.1746 0.0165 -0.2889 -0.3296 -0.3049 -0.0881 0.1057 0.2248 -0.1979 -0.3202 -0.3244 -0.2315 0.0590 0.2204 -0.1062 -0.3050 -0.3312 -0.2855 0.0001 0.0840 0.0001 -0.2855 -0.3312 -0.3050 -0.1062 0.2204 0.0590 -0.2315 -0.3244 -0.3202 -0.1979 0.2248 0.1057 -0.0881 -0.3049 -0.3296 -0.2889 0.0165 0.1746 0.0181 -0.2774 -0.3304 -0.3101 -0.1387 0.2331 0.0755 -0.1868 -0.3178 -0.3250 -0.2405 0.1409 0.1411 -0.0059 -0.2835 -0.3307 -0.3103 -0.1519 0.2375 0.0950 -0.0964 -0.3017 -0.3309 -0.3012 -0.1032 0.2275 0.0759 -0.1597 -0.3111 -0.3296 -0.2297
-0.2759 -0.3069 -0.1292 0.0847 0.2339 -0.1240 -0.3046 -0.3313 -0.2969 -0.0708 0.1026 0.2360 -0.1632 -0.3120 -0.3304 -0.2821 -0.0034 0.1411 0.1472 -0.2357 -0.3243 -0.3195 -0.2027 0.0692 0.2282 -0.1234 -0.3074 -0.3310 -0.2828 0.0046 0.1572 0.0678 -0.2735 -0.3284 -0.3096 -0.1182 0.0966 0.2347 -0.1818 -0.3176 -0.3267 -0.2487 0.0492 0.2111 -0.0822 -0.3017 -0.3314 -0.2910 -0.0209 0.1271 0.2193 0.1271 -0.0209 -0.2910 -0.3314 -0.3017 -0.0822 0.2111 0.0492 -0.2487 -0.3267 -0.3176 -0.1818 0.2347 0.0966 -0.1182 -0.3096 -0.3284 -0.2735 0.0678 0.1572 0.0046 -0.2828 -0.3310 -0.3074 -0.1234 0.2282 0.0692 -0.2027 -0.3195 -0.3243 -0.2357 0.1472 0.1411 -0.0034 -0.2821 -0.3304 -0.3120 -0.1632 0.2360 0.1026 -0.0708 -0.2969 -0.3313 -0.3046 -0.1240 0.2339 0.0847 -0.1292 -0.3069 -0.2759
-0.2694 -0.0963 0.0933 0.2373 -0.1426 -0.3078 -0.3314 -0.2918 -0.0464 0.1113 0.2295 -0.1766 -0.3142 -0.3298 -0.2791 0.0033 0.1452 0.1409 -0.2357 -0.3240 -0.3203 -0.2122 0.0646 0.2234 -0.1093 -0.3049 -0.3313 -0.2871 -0.0100 0.1431 0.1182 -0.2543 -0.3268 -0.3137 -0.1491 0.0878 0.2376 -0.1656 -0.3149 -0.3285 -0.2621 0.0386 0.2010 -0.0529 -0.2982 -0.3310 -0.2964 -0.0434 0.1229 0.1953 -0.1308 0.1953 0.1229 -0.0434 -0.2964 -0.3310 -0.2982 -0.0529 0.2010 0.0386 -0.2621 -0.3285 -0.3149 -0.1656 0.2376 0.0878 -0.1491 -0.3137 -0.3268 -0.2543 0.1182 0.1431 -0.0100 -0.2871 -0.3313 -0.3049 -0.1093 0.2234 0.0646 -0.2122 -0.3203 -0.3240 -0.2357 0.1409 0.1452 0.0033 -0.2791 -0.3298 -0.3142 -0.1766 0.2295 0.1113 -0.0464 -0.2918 -0.3314 -0.3078 -0.1426 0.2373 0.0933 -0.0963 -0.2694
-0.1072 0.1041 0.2364 -0.1597 -0.3109 -0.3310 -0.2866 -0.0249 0.1214 0.2150 -0.1914 -0.3166 -0.3288 -0.2739 0.0128 0.1534 0.1211 -0.2405 -0.3243 -0.3203 -0.2152 0.0621 0.2201 -0.0981 -0.3029 -0.3313 -0.2909 -0.0249 0.1318 0.1595 -0.2374 -0.3252 -0.3174 -0.1780 0.0791 0.2355 -0.1488 -0.3120 -0.3299 -0.2721 0.0270 0.1870 -0.0158 -0.2946 -0.3303 -0.3015 -0.0682 0.1126 0.2111 -0.2071 -0.3060 -0.2071 0.2111 0.1126 -0.0682 -0.3015 -0.3303 -0.2946 -0.0158 0.1870 0.0270 -0.2721 -0.3299 -0.3120 -0.1488 0.2355 0.0791 -0.1780 -0.3174 -0.3252 -0.2374 0.1595 0.1318 -0.0249 -0.2909 -0.3313 -0.3029 -0.0981 0.2201 0.0621 -0.2152 -0.3203 -0.3243 -0.2405 0.1211 0.1534 0.0128 -0.2739 -0.3288 -0.3166 -0.1914 0.2150 0.1214 -0.0249 -0.2866 -0.3310 -0.3109 -0.1597 0.2364 0.1041 -0.1072
0.1055 0.2290 -0.1762 -0.3139 -0.3302 -0.2814 -0.0066 0.1330 0.1898 -0.2073 -0.3191 -0.3273 -0.2660 0.0235 0.1657 0.0874 -0.2502 -0.3250 -0.3195 -0.2122 0.0621 0.2189 -0.0920 -0.3016 -0.3312 -0.2939 -0.0390 0.1231 0.1888 -0.2227 -0.3234 -0.3204 -0.2028 0.0706 0.2302 -0.1309 -0.3089 -0.3308 -0.2794 0.0140 0.1690 0.0309 -0.2852 -0.3293 -0.3063 -0.0965 0.1030 0.2284 -0.1939 -0.3234 -0.3467 -0.3234 -0.1939 0.2284 0.1030 -0.0965 -0.3063 -0.3293 -0.2852 0.0309 0.1690 0.0140 -0.2794 -0.3308 -0.3089 -0.1309 0.2302 0.0706 -0.2028 -0.3204 -0.3234 -0.2227 0.1888 0.1231 -0.0390 -0.2939 -0.3312 -0.3016 -0.0920 0.2189 0.0621 -0.2122 -0.3195 -0.3250 -0.2502 0.0874 0.1657 0.0235 -0.2660 -0.3273 -0.3191 -0.2073 0.1898 0.1330 -0.0066 -0.2814 -0.3302 -0.3139 -0.1762 0.2290 0.1055
0.1983 -0.1923 -0.3167 -0.3290 -0.2749 0.0091 0.1466 0.1521 -0.2240 -0.3215 -0.3253 -0.2546 0.0344 0.1822 0.0444 -0.2641 -0.3262 -0.3178 -0.2027 0.0646 0.2201 -0.0920 -0.3012 -0.3311 -0.2959 -0.0503 0.1170 0.2072 -0.2104 -0.3216 -0.3229 -0.2229 0.0623 0.2231 -0.1119 -0.3058 -0.3312 -0.2848 -0.0009 0.1519 0.0845 -0.2674 -0.3280 -0.3108 -0.1271 0.0940 0.2361 -0.1772 -0.3169 -0.3401 -0.3279 -0.3401 -0.3169 -0.1772 0.2361 0.0940 -0.1271 -0.3108 -0.3280 -0.2674 0.0845 0.1519 -0.0009 -0.2848 -0.3312 -0.3058 -0.1119 0.2231 0.0623 -0.2229 -0.3229 -0.3216 -0.2104 0.2072 0.1170 -0.0503 -0.2959 -0.3311 -0.3012 -0.0920 0.2201 0.0646 -0.2027 -0.3178 -0.3262 -0.2641 0.0444 0.1822 0.0344 -0.2546 -0.3253 -0.3215 -0.2240 0.1521 0.1466 0.0091 -0.2749 -0.3290 -0.3167 -0.1923 0.1983
-0.1734 -0.3197 -0.3273 -0.2659 0.0227 0.1628 0.1032 -0.2416 -0.3238 -0.3228 -0.2393 0.0449 0.1968 0.0005 -0.2816 -0.3275 -0.3153 -0.1868 0.0692 0.2234 -0.0981 -0.3016 -0.3311 -0.2965 -0.0566 0.1132 0.2173 -0.2010 -0.3200 -0.3247 -0.2383 0.0544 0.2153 -0.0916 -0.3027 -0.3314 -0.2898 -0.0180 0.1375 0.1362 -0.2479 -0.3264 -0.3149 -0.1578 0.0853 0.2374 -0.1608 -0.3140 -0.3281 -0.2634 -0.0502 -0.2634 -0.3281 -0.3140 -0.1608 0.2374 0.0853 -0.1578 -0.3149 -0.3264 -0.2479 0.1362 0.1375 -0.0180 -0.2898 -0.3314 -0.3027 -0.0916 0.2153 0.0544 -0.2383 -0.3247 -0.3200 -0.2010 0.2173 0.1132 -0.0566 -0.2965 -0.3311 -0.3016 -0.0981 0.2234 0.0692 -0.1868 -0.3153 -0.3275 -0.2816 0.0005 0.1968 0.0449 -0.2393 -0.3228 -0.3238 -0.2416 0.1032 0.1628 0.0227 -0.2659 -0.3273 -0.3197 -0.1734
-0.2627 -0.3256 -0.2538 0.0348 0.1817 0.0491 -0.2605 -0.3257 -0.3198 -0.2197 0.0549 0.2068 -0.0385 -0.2931 -0.3288 -0.3120 -0.1648 0.0755 0.2282 -0.1093 -0.3029 -0.3312 -0.2959 -0.0566 0.1119 0.2216 -0.1951 -0.3189 -0.3259 -0.2488 0.0472 0.2078 -0.0698 -0.2998 -0.3312 -0.2946 -0.0373 0.1257 0.1774 -0.2301 -0.3245 -0.3186 -0.1866 0.0765 0.2342 -0.1437 -0.3111 -0.3299 -0.2738 0.0262 0.1010 0.0262 -0.2738 -0.3299 -0.3111 -0.1437 0.2342 0.0765 -0.1866 -0.3186 -0.3245 -0.2301 0.1774 0.1257 -0.0373 -0.2946 -0.3312 -0.2998 -0.0698 0.2078 0.0472 -0.2488 -0.3259 -0.3189 -0.1951 0.2216 0.1119 -0.0566 -0.2959 -0.3312 -0.3029 -0.1093 0.2282 0.0755 -0.1648 -0.3120 -0.3288 -0.2931 -0.0385 0.2068 0.0549 -0.2197 -0.3198 -0.3257 -0.2605 0.0491 0.1817 0.0348 -0.2538 -0.3256 -0.2627
-0.2804 -0.2375 0.0455 0.1974 -0.0007 -0.2808 -0.3275 -0.3163 -0.1959 0.0644 0.2166 -0.0706 -0.2967 -0.3299 -0.3081 -0.1381 0.0827 0.2331 -0.1234 -0.3049 -0.3313 -0.2939 -0.0503 0.1132 0.2216 -0.1931 -0.3183 -0.3266 -0.2554 0.0414 0.2013 -0.0476 -0.2971 -0.3307 -0.2990 -0.0582 0.1158 0.2057 -0.2138 -0.3224 -0.3217 -0.2118 0.0676 0.2280 -0.1253 -0.3080 -0.3310 -0.2811 0.0109 0.1496 0.2260 0.1496 0.0109 -0.2811 -0.3310 -0.3080 -0.1253 0.2280 0.0676 -0.2118 -0.3217 -0.3224 -0.2138 0.2057 0.1158 -0.0582 -0.2990 -0.3307 -0.2971 -0.0476 0.2013 0.0414 -0.2554 -0.3266 -0.3183 -0.1931 0.2216 0.1132 -0.0503 -0.2939 -0.3313 -0.3049 -0.1234 0.2331 0.0827 -0.1381 -0.3081 -0.3299 -0.2967 -0.0706 0.2166 0.0644 -0.1959 -0.3163 -0.3275 -0.2808 -0.0007 0.1974 0.0455 -0.2375 -0.2804
-0.2242 0.0573 0.2076 -0.0411 -0.2933 -0.3289 -0.3123 -0.1683 0.0734 0.2253 -0.0965 -0.3002 -0.3308 -0.3035 -0.1089 0.0907 0.2367 -0.1387 -0.3074 -0.3313 -0.2909 -0.0390 0.1170 0.2173 -0.1951 -0.3183 -0.3269 -0.2585 0.0376 0.1966 -0.0275 -0.2948 -0.3302 -0.3028 -0.0799 0.1075 0.2231 -0.1988 -0.3202 -0.3244 -0.2325 0.0583 0.2198 -0.1046 -0.3048 -0.3314 -0.2863 -0.0056 0.1473 0.1153 -0.1760 0.1153 0.1473 -0.0056 -0.2863 -0.3314 -0.3048 -0.1046 0.2198 0.0583 -0.2325 -0.3244 -0.3202 -0.1988 0.2231 0.1075 -0.0799 -0.3028 -0.3302 -0.2948 -0.0275 0.1966 0.0376 -0.2585 -0.3269 -0.3183 -0.1951 0.2173 0.1170 -0.0390 -0.2909 -0.3313 -0.3074 -0.1387 0.2367 0.0907 -0.1089 -0.3035 -0.3308 -0.3002 -0.0965 0.2253 0.0734 -0.1683 -0.3123 -0.3289 -0.2933 -0.0411 0.2076 0.0573 -0.2242
0.0520 0.2173 -0.0728 -0.2969 -0.3300 -0.3080 -0.1380 0.0822 0.2323 -0.1183 -0.3036 -0.3313 -0.2986 -0.0799 0.0992 0.2373 -0.1545 -0.3101 -0.3310 -0.2871 -0.0249 0.1231 0.2072 -0.2010 -0.3189 -0.3266 -0.2585 0.0362 0.1942 -0.0136 -0.2931 -0.3296 -0.3057 -0.1003 0.1004 0.2325 -0.1851 -0.3180 -0.3265 -0.2485 0.0489 0.2106 -0.0805 -0.3014 -0.3314 -0.2916 -0.0238 0.1339 0.1469 -0.2407 -0.3135 -0.2407 0.1469 0.1339 -0.0238 -0.2916 -0.3314 -0.3014 -0.0805 0.2106 0.0489 -0.2485 -0.3265 -0.3180 -0.1851 0.2325 0.1004 -0.1003 -0.3057 -0.3296 -0.2931 -0.0136 0.1942 0.0362 -0.2585 -0.3266 -0.3189 -0.2010 0.2072 0.1231 -0.0249 -0.2871 -0.3310 -0.3101 -0.1545 0.2373 0.0992 -0.0799 -0.2986 -0.3313 -0.3036 -0.1183 0.2323 0.0822 -0.1380 -0.3080 -0.3300 -0.2969 -0.0728 0.2173 0.0520
0.2142 -0.0984 -0.3004 -0.3309 -0.3032 -0.1071 0.0909 0.2367 -0.1374 -0.3069 -0.3314 -0.2934 -0.0535 0.1084 0.2326 -0.1704 -0.3129 -0.3304 -0.2828 -0.0100 0.1318 0.1888 -0.2104 -0.3200 -0.3259 -0.2554 0.0376 0.1942 -0.0085 -0.2923 -0.3292 -0.3077 -0.1166 0.0949 0.2365 -0.1729 -0.3158 -0.3280 -0.2604 0.0394 0.2012 -0.0522 -0.2980 -0.3310 -0.2968 -0.0452 0.1220 0.1877 -0.2256 -0.3288 -0.3494 -0.3288 -0.2256 0.1877 0.1220 -0.0452 -0.2968 -0.3310 -0.2980 -0.0522 0.2012 0.0394 -0.2604 -0.3280 -0.3158 -0.1729 0.2365 0.0949 -0.1166 -0.3077 -0.3292 -0.2923 -0.0085 0.1942 0.0376 -0.2554 -0.3259 -0.3200 -0.2104 0.1888 0.1318 -0.0100 -0.2828 -0.3304 -0.3129 -0.1704 0.2326 0.1084 -0.0535 -0.2934 -0.3314 -0.3069 -0.1374 0.2367 0.0909 -0.1071 -0.3032 -0.3309 -0.3004 -0.0984 0.2142
-0.1044 -0.3042 -0.3313 -0.2982 -0.0778 0.0998 0.2372 -0.1549 -0.3101 -0.3312 -0.2881 -0.0308 0.1183 0.2204 -0.1864 -0.3157 -0.3295 -0.2774 0.0046 0.1431 0.1595 -0.2227 -0.3216 -0.3247 -0.2488 0.0414 0.1966 -0.0136 -0.2923 -0.3291 -0.3088 -0.1271 0.0910 0.2375 -0.1629 -0.3138 -0.3291 -0.2690 0.0298 0.1899 -0.0191 -0.2947 -0.3303 -0.3017 -0.0700 0.1118 0.2139 -0.2082 -0.3216 -0.3367 -0.3146 -0.3367 -0.3216 -0.2082 0.2139 0.1118 -0.0700 -0.3017 -0.3303 -0.2947 -0.0191 0.1899 0.0298 -0.2690 -0.3291 -0.3138 -0.1629 0.2375 0.0910 -0.1271 -0.3088 -0.3291 -0.2923 -0.0136 0.1966 0.0414 -0.2488 -0.3247 -0.3216 -0.2227 0.1595 0.1431 0.0046 -0.2774 -0.3295 -0.3157 -0.1864 0.2204 0.1183 -0.0308 -0.2881 -0.3312 -0.3101 -0.1549 0.2372 0.0998 -0.0778 -0.2982 -0.3313 -0.3042 -0.1044
-0.2447 -0.3318 -0.2930 -0.0517 0.1091 0.2320 -0.1714 -0.3131 -0.3305 -0.2830 -0.0116 0.1295 0.1983 -0.2026 -0.3184 -0.3280 -0.2696 0.0181 0.1572 0.1182 -0.2374 -0.3234 -0.3229 -0.2383 0.0472 0.2013 -0.0275 -0.2931 -0.3292 -0.3088 -0.1307 0.0890 0.2375 -0.1558 -0.3123 -0.3299 -0.2749 0.0206 0.1760 0.0185 -0.2880 -0.3294 -0.3061 -0.0970 0.1026 0.2292 -0.1921 -0.3192 -0.3244 -0.2311 -0.0109 -0.2311 -0.3244 -0.3192 -0.1921 0.2292 0.1026 -0.0970 -0.3061 -0.3294 -0.2880 0.0185 0.1760 0.0206 -0.2749 -0.3299 -0.3123 -0.1558 0.2375 0.0890 -0.1307 -0.3088 -0.3292 -0.2931 -0.0275 0.2013 0.0472 -0.2383 -0.3229 -0.3234 -0.2374 0.1182 0.1572 0.0181 -0.2696 -0.3280 -0.3184 -0.2026 0.1983 0.1295 -0.0116 -0.2830 -0.3305 -0.3131 -0.1714 0.2320 0.1091 -0.0517 -0.2930 -0.3318 -0.2447
-0.2810 -0.2882 -0.0294 0.1191 0.2192 -0.1876 -0.3159 -0.3294 -0.2770 0.0048 0.1425 0.1642 -0.2191 -0.3209 -0.3261 -0.2586 0.0305 0.1746 0.0678 -0.2543 -0.3252 -0.3204 -0.2229 0.0544 0.2078 -0.0476 -0.2948 -0.3296 -0.3077 -0.1271 0.0890 0.2373 -0.1519 -0.3113 -0.3303 -0.2785 0.0125 0.1634 0.0565 -0.2753 -0.3283 -0.3100 -0.1242 0.0943 0.2361 -0.1765 -0.3167 -0.3271 -0.2529 0.0470 0.1190 0.0470 -0.2529 -0.3271 -0.3167 -0.1765 0.2361 0.0943 -0.1242 -0.3100 -0.3283 -0.2753 0.0565 0.1634 0.0125 -0.2785 -0.3303 -0.3113 -0.1519 0.2373 0.0890 -0.1271 -0.3077 -0.3296 -0.2948 -0.0476 0.2078 0.0544 -0.2229 -0.3204 -0.3252 -0.2543 0.0678 0.1746 0.0305 -0.2586 -0.3261 -0.3209 -0.2191 0.1642 0.1425 0.0048 -0.2770 -0.3294 -0.3159 -0.1876 0.2192 0.1191 -0.0294 -0.2882 -0.2810
-0.2582 -0.0085 0.1303 0.1962 -0.2037 -0.3186 -0.3279 -0.2688 0.0190 0.1579 0.1182 -0.2364 -0.3232 -0.3236 -0.2442 0.0418 0.1916 0.0165 -0.2735 -0.3268 -0.3174 -0.2028 0.0623 0.2153 -0.0698 -0.2971 -0.3302 -0.3057 -0.1166 0.0910 0.2375 -0.1519 -0.3110 -0.3304 -0.2804 0.0063 0.1547 0.0890 -0.2617 -0.3272 -0.3132 -0.1497 0.0868 0.2375 -0.1615 -0.3141 -0.3289 -0.2659 0.0355 0.1777 0.2136 0.1777 0.0355 -0.2659 -0.3289 -0.3141 -0.1615 0.2375 0.0868 -0.1497 -0.3132 -0.3272 -0.2617 0.0890 0.1547 0.0063 -0.2804 -0.3304 -0.3110 -0.1519 0.2375 0.0910 -0.1166 -0.3057 -0.3302 -0.2971 -0.0698 0.2153 0.0623 -0.2028 -0.3174 -0.3268 -0.2735 0.0165 0.1916 0.0418 -0.2442 -0.3236 -0.3232 -0.2364 0.1182 0.1579 0.0190 -0.2688 -0.3279 -0.3186 -0.2037 0.1962 0.1303 -0.0085 -0.2582
-0.0198 0.1439 0.1612 -0.2203 -0.3211 -0.3259 -0.2576 0.0314 0.1761 0.0646 -0.2549 -0.3252 -0.3207 -0.2258 0.0521 0.2039 -0.0274 -0.2889 -0.3284 -0.3137 -0.1780 0.0706 0.2231 -0.0916 -0.2998 -0.3307 -0.3028 -0.1003 0.0949 0.2375 -0.1558 -0.3113 -0.3304 -0.2810 0.0030 0.1495 0.1114 -0.2517 -0.3262 -0.3158 -0.1712 0.0800 0.2355 -0.1470 -0.3115 -0.3301 -0.2744 0.0232 0.1816 0.0115 -0.2228 0.0115 0.1816 0.0232 -0.2744 -0.3301 -0.3115 -0.1470 0.2355 0.0800 -0.1712 -0.3158 -0.3262 -0.2517 0.1114 0.1495 0.0030 -0.2810 -0.3304 -0.3113 -0.1558 0.2375 0.0949 -0.1003 -0.3028 -0.3307 -0.2998 -0.0916 0.2231 0.0706 -0.1780 -0.3137 -0.3284 -0.2889 -0.0274 0.2039 0.0521 -0.2258 -0.3207 -0.3252 -0.2549 0.0646 0.1761 0.0314 -0.2576 -0.3259 -0.3211 -0.2203 0.1612 0.1439 -0.0198
0.1517 0.1137 -0.2378 -0.3233 -0.3234 -0.2429 0.0426 0.1929 0.0127 -0.2750 -0.3270 -0.3173 -0.2032 0.0617 0.2138 -0.0621 -0.2956 -0.3296 -0.3096 -0.1491 0.0791 0.2302 -0.1119 -0.3027 -0.3312 -0.2990 -0.0799 0.1004 0.2365 -0.1629 -0.3123 -0.3303 -0.2804 0.0030 0.1478 0.1225 -0.2456 -0.3254 -0.3176 -0.1876 0.0742 0.2318 -0.1332 -0.3090 -0.3308 -0.2803 0.0108 0.1645 0.0434 -0.2800 -0.3208 -0.2800 0.0434 0.1645 0.0108 -0.2803 -0.3308 -0.3090 -0.1332 0.2318 0.0742 -0.1876 -0.3176 -0.3254 -0.2456 0.1225 0.1478 0.0030 -0.2804 -0.3303 -0.3123 -0.1629 0.2365 0.1004 -0.0799 -0.2990 -0.3312 -0.3027 -0.1119 0.2302 0.0791 -0.1491 -0.3096 -0.3296 -0.2956 -0.0621 0.2138 0.0617 -0.2032 -0.3173 -0.3270 -0.2750 0.0127 0.1929 0.0426 -0.2429 -0.3234 -0.3233 -0.2378 0.1137 0.1517
0.0564 -0.2562 -0.3253 -0.3205 -0.2242 0.0528 0.2047 -0.0305 -0.2899 -0.3285 -0.3135 -0.1765 0.0708 0.2229 -0.0896 -0.2992 -0.3306 -0.3049 -0.1182 0.0878 0.2355 -0.1309 -0.3058 -0.3314 -0.2946 -0.0582 0.1075 0.2325 -0.1729 -0.3138 -0.3299 -0.2785 0.0063 0.1495 0.1225 -0.2436 -0.3250 -0.3187 -0.1986 0.0697 0.2279 -0.1207 -0.3067 -0.3312 -0.2846 -0.0021 0.1496 0.0957 -0.2630 -0.3337 -0.3506 -0.3337 -0.2630 0.0957 0.1496 -0.0021 -0.2846 -0.3312 -0.3067 -0.1207 0.2279 0.0697 -0.1986 -0.3187 -0.3250 -0.2436 0.1225 0.1495 0.0063 -0.2785 -0.3299 -0.3138 -0.1729 0.2325 0.1075 -0.0582 -0.2946 -0.3314 -0.3058 -0.1309 0.2355 0.0878 -0.1182 -0.3049 -0.3306 -0.2992 -0.0896 0.2229 0.0708 -0.1765 -0.3135 -0.3285 -0.2899 -0.0305 0.2047 0.0528 -0.2242 -0.3205 -0.3253 -0.2562 0.0564
-0.2143 -0.3275 -0.3170 -0.2012 0.0624 0.2146 -0.0644 -0.2959 -0.3297 -0.3093 -0.1469 0.0797 0.2305 -0.1124 -0.3026 -0.3312 -0.3000 -0.0881 0.0966 0.2376 -0.1488 -0.3089 -0.3312 -0.2898 -0.0373 0.1158 0.2231 -0.1851 -0.3158 -0.3291 -0.2749 0.0125 0.1547 0.1114 -0.2456 -0.3250 -0.3191 -0.2041 0.0669 0.2247 -0.1105 -0.3048 -0.3313 -0.2882 -0.0153 0.1379 0.1392 -0.2454 -0.3258 -0.3306 -0.2944 -0.3306 -0.3258 -0.2454 0.1392 0.1379 -0.0153 -0.2882 -0.3313 -0.3048 -0.1105 0.2247 0.0669 -0.2041 -0.3191 -0.3250 -0.2456 0.1114 0.1547 0.0125 -0.2749 -0.3291 -0.3158 -0.1851 0.2231 0.1158 -0.0373 -0.2898 -0.3312 -0.3089 -0.1488 0.2376 0.0966 -0.0881 -0.3000 -0.3312 -0.3026 -0.1124 0.2305 0.0797 -0.1469 -0.3093 -0.3297 -0.2959 -0.0644 0.2146 0.0624 -0.2012 -0.3170 -0.3275 -0.2143
-0.2727 -0.3135 -0.1745 0.0715 0.2236 -0.0915 -0.2995 -0.3306 -0.3046 -0.1159 0.0884 0.2358 -0.1321 -0.3060 -0.3314 -0.2949 -0.0607 0.1057 0.2347 -0.1656 -0.3120 -0.3308 -0.2848 -0.0180 0.1257 0.2057 -0.1988 -0.3180 -0.3280 -0.2690 0.0206 0.1634 0.0890 -0.2517 -0.3254 -0.3187 -0.2041 0.0659 0.2229 -0.1036 -0.3034 -0.3313 -0.2911 -0.0276 0.1290 0.1716 -0.2308 -0.3242 -0.3180 -0.1815 0.0188 -0.1815 -0.3180 -0.3242 -0.2308 0.1716 0.1290 -0.0276 -0.2911 -0.3313 -0.3034 -0.1036 0.2229 0.0659 -0.2041 -0.3187 -0.3254 -0.2517 0.0890 0.1634 0.0206 -0.2690 -0.3280 -0.3180 -0.1988 0.2057 0.1257 -0.0180 -0.2848 -0.3308 -0.3120 -0.1656 0.2347 0.1057 -0.0607 -0.2949 -0.3314 -0.3060 -0.1321 0.2358 0.0884 -0.1159 -0.3046 -0.3306 -0.2995 -0.0915 0.2236 0.0715 -0.1745 -0.3135 -0.2727
-0.2734 -0.1428 0.0802 0.2310 -0.1140 -0.3029 -0.3312 -0.2997 -0.0860 0.0972 0.2375 -0.1500 -0.3092 -0.3313 -0.2896 -0.0370 0.1154 0.2248 -0.1818 -0.3149 -0.3299 -0.2794 -0.0009 0.1375 0.1774 -0.2138 -0.3202 -0.3265 -0.2604 0.0298 0.1760 0.0565 -0.2617 -0.3262 -0.3176 -0.1986 0.0669 0.2229 -0.1011 -0.3027 -0.3313 -0.2932 -0.0380 0.1226 0.1932 -0.2188 -0.3227 -0.3213 -0.2110 0.0668 0.1424 0.0668 -0.2110 -0.3213 -0.3227 -0.2188 0.1932 0.1226 -0.0380 -0.2932 -0.3313 -0.3027 -0.1011 0.2229 0.0669 -0.1986 -0.3176 -0.3262 -0.2617 0.0565 0.1760 0.0298 -0.2604 -0.3265 -0.3202 -0.2138 0.1774 0.1375 -0.0009 -0.2794 -0.3299 -0.3149 -0.1818 0.2248 0.1154 -0.0370 -0.2896 -0.3313 -0.3092 -0.1500 0.2375 0.0972 -0.0860 -0.2997 -0.3312 -0.3029 -0.1140 0.2310 0.0802 -0.1428 -0.2734
-0.1483 0.0907 0.2361 -0.1336 -0.3062 -0.3314 -0.2945 -0.0589 0.1064 0.2342 -0.1667 -0.3122 -0.3307 -0.2845 -0.0168 0.1261 0.2058 -0.1979 -0.3176 -0.3285 -0.2721 0.0140 0.1519 0.1362 -0.2301 -0.3224 -0.3244 -0.2485 0.0394 0.1899 0.0185 -0.2753 -0.3272 -0.3158 -0.1876 0.0697 0.2247 -0.1036 -0.3027 -0.3312 -0.2943 -0.0451 0.1183 0.2063 -0.2095 -0.3213 -0.3235 -0.2291 0.0596 0.2044 0.1548 0.2044 0.0596 -0.2291 -0.3235 -0.3213 -0.2095 0.2063 0.1183 -0.0451 -0.2943 -0.3312 -0.3027 -0.1036 0.2247 0.0697 -0.1876 -0.3158 -0.3272 -0.2753 0.0185 0.1899 0.0394 -0.2485 -0.3244 -0.3224 -0.2301 0.1362 0.1519 0.0140 -0.2721 -0.3285 -0.3176 -0.1979 0.2058 0.1261 -0.0168 -0.2845 -0.3307 -0.3122 -0.1667 0.2342 0.1064 -0.0589 -0.2945 -0.3314 -0.3062 -0.1336 0.2361 0.0907 -0.1483
0.0900 0.2374 -0.1513 -0.3094 -0.3313 -0.2893 -0.0354 0.1161 0.2238 -0.1829 -0.3151 -0.3298 -0.2789 0.0004 0.1385 0.1753 -0.2143 -0.3202 -0.3267 -0.2621 0.0270 0.1690 0.0845 -0.2479 -0.3245 -0.3217 -0.2325 0.0489 0.2012 -0.0191 -0.2880 -0.3283 -0.3132 -0.1712 0.0742 0.2279 -0.1105 -0.3034 -0.3313 -0.2943 -0.0477 0.1161 0.2132 -0.2030 -0.3202 -0.3249 -0.2407 0.0523 0.2130 -0.0765 -0.2516 -0.0765 0.2130 0.0523 -0.2407 -0.3249 -0.3202 -0.2030 0.2132 0.1161 -0.0477 -0.2943 -0.3313 -0.3034 -0.1105 0.2279 0.0742 -0.1712 -0.3132 -0.3283 -0.2880 -0.0191 0.2012 0.0489 -0.2325 -0.3217 -0.3245 -0.2479 0.0845 0.1690 0.0270 -0.2621 -0.3267 -0.3202 -0.2143 0.1753 0.1385 0.0004 -0.2789 -0.3298 -0.3151 -0.1829 0.2238 0.1161 -0.0354 -0.2893 -0.3313 -0.3094 -0.1513 0.2374 0.0900
0.2187 -0.1680 -0.3124 -0.3307 -0.2841 -0.0154 0.1269 0.2040 -0.1991 -0.3178 -0.3284 -0.2715 0.0151 0.1532 0.1325 -0.2313 -0.3225 -0.3244 -0.2487 0.0386 0.1870 0.0309 -0.2674 -0.3264 -0.3186 -0.2118 0.0583 0.2106 -0.0522 -0.2947 -0.3294 -0.3100 -0.1497 0.0800 0.2318 -0.1207 -0.3048 -0.3313 -0.2932 -0.0451 0.1161 0.2154 -0.1997 -0.3194 -0.3258 -0.2484 0.0466 0.2064 -0.0650 -0.2999 -0.3291 -0.2999 -0.0650 0.2064 0.0466 -0.2484 -0.3257 -0.3194 -0.1997 0.2154 0.1161 -0.0451 -0.2932 -0.3313 -0.3048 -0.1207 0.2318 0.0800 -0.1497 -0.3100 -0.3294 -0.2947 -0.0522 0.2106 0.0583 -0.2118 -0.3186 -0.3264 -0.2674 0.0309 0.1870 0.0386 -0.2487 -0.3244 -0.3225 -0.2313 0.1325 0.1532 0.0151 -0.2715 -0.3284 -0.3178 -0.1991 0.2040 0.1269 -0.0154 -0.2841 -0.3307 -0.3124 -0.1680 0.2187
-0.1562 -0.3157 -0.3297 -0.2784 0.0015 0.1395 0.1726 -0.2155 -0.3204 -0.3265 -0.2612 0.0280 0.1705 0.0803 -0.2494 -0.3246 -0.3216 -0.2315 0.0492 0.2010 -0.0158 -0.2852 -0.3280 -0.3149 -0.1866 0.0676 0.2198 -0.0805 -0.2980 -0.3303 -0.3061 -0.1242 0.0868 0.2355 -0.1332 -0.3067 -0.3313 -0.2911 -0.0380 0.1183 0.2132 -0.1997 -0.3191 -0.3262 -0.2528 0.0425 0.2015 -0.0456 -0.2968 -0.3383 -0.3490 -0.3383 -0.2968 -0.0456 0.2015 0.0425 -0.2528 -0.3262 -0.3191 -0.1997 0.2132 0.1183 -0.0380 -0.2911 -0.3313 -0.3067 -0.1332 0.2355 0.0868 -0.1242 -0.3061 -0.3303 -0.2980 -0.0805 0.2198 0.0676 -0.1866 -0.3149 -0.3280 -0.2852 -0.0158 0.2010 0.0492 -0.2315 -0.3216 -0.3246 -0.2494 0.0803 0.1705 0.0280 -0.2612 -0.3265 -0.3204 -0.2155 0.1726 0.1395 0.0015 -0.2784 -0.3297 -0.3157 -0.1562
-0.2580 -0.3286 -0.2708 0.0161 0.1543 0.1289 -0.2326 -0.3227 -0.3242 -0.2475 0.0395 0.1882 0.0270 -0.2690 -0.3265 -0.3184 -0.2101 0.0590 0.2111 -0.0529 -0.2946 -0.3293 -0.3108 -0.1578 0.0765 0.2280 -0.1046 -0.3014 -0.3310 -0.3017 -0.0970 0.0943 0.2375 -0.1470 -0.3090 -0.3312 -0.2882 -0.0276 0.1226 0.2063 -0.2030 -0.3194 -0.3262 -0.2542 0.0404 0.1985 -0.0315 -0.2949 -0.3297 -0.3173 -0.2447 -0.3173 -0.3297 -0.2949 -0.0315 0.1984 0.0403 -0.2543 -0.3262 -0.3194 -0.2030 0.2063 0.1226 -0.0276 -0.2882 -0.3312 -0.3090 -0.1470 0.2375 0.0943 -0.0970 -0.3017 -0.3310 -0.3014 -0.1046 0.2280 0.0765 -0.1578 -0.3108 -0.3293 -0.2946 -0.0529 0.2111 0.0590 -0.2101 -0.3184 -0.3265 -0.2690 0.0270 0.1882 0.0395 -0.2475 -0.3242 -0.3227 -0.2326 0.1289 0.1543 0.0161 -0.2708 -0.3286 -0.2580
-0.2816 -0.2602 0.0288 0.1718 0.0763 -0.2508 -0.3248 -0.3213 -0.2300 0.0500 0.2018 -0.0191 -0.2862 -0.3281 -0.3147 -0.1846 0.0682 0.2204 -0.0822 -0.2982 -0.3303 -0.3063 -0.1271 0.0853 0.2342 -0.1253 -0.3048 -0.3314 -0.2968 -0.0700 0.1026 0.2361 -0.1615 -0.3115 -0.3308 -0.2846 -0.0153 0.1290 0.1932 -0.2095 -0.3202 -0.3258 -0.2528 0.0404 0.1974 -0.0237 -0.2938 -0.3296 -0.3045 -0.0912 0.0489 -0.0912 -0.3045 -0.3296 -0.2938 -0.0235 0.1974 0.0403 -0.2528 -0.3257 -0.3202 -0.2095 0.1932 0.1290 -0.0153 -0.2846 -0.3308 -0.3115 -0.1615 0.2361 0.1026 -0.0700 -0.2968 -0.3314 -0.3048 -0.1253 0.2342 0.0853 -0.1271 -0.3063 -0.3303 -0.2982 -0.0822 0.2204 0.0682 -0.1846 -0.3147 -0.3281 -0.2862 -0.0191 0.2018 0.0500 -0.2300 -0.3213 -0.3248 -0.2508 0.0763 0.1718 0.0288 -0.2602 -0.2816
-0.2408 0.0419 0.1894 0.0233 -0.2705 -0.3266 -0.3181 -0.2083 0.0597 0.2118 -0.0555 -0.2949 -0.3294 -0.3105 -0.1556 0.0772 0.2285 -0.1062 -0.3017 -0.3310 -0.3015 -0.0965 0.0940 0.2374 -0.1437 -0.3080 -0.3314 -0.2916 -0.0452 0.1118 0.2292 -0.1765 -0.3141 -0.3300 -0.2803 -0.0021 0.1379 0.1716 -0.2188 -0.3213 -0.3249 -0.2484 0.0425 0.1985 -0.0237 -0.2934 -0.3295 -0.3067 -0.1111 0.0934 0.1847 0.0934 -0.1111 -0.3067 -0.3295 -0.2934 -0.0235 0.1984 0.0425 -0.2484 -0.3249 -0.3213 -0.2188 0.1716 0.1379 -0.0021 -0.2803 -0.3301 -0.3141 -0.1765 0.2292 0.1118 -0.0452 -0.2916 -0.3314 -0.3080 -0.1437 0.2374 0.0940 -0.0965 -0.3015 -0.3310 -0.3017 -0.1062 0.2285 0.0772 -0.1556 -0.3105 -0.3294 -0.2949 -0.0555 0.2118 0.0597 -0.2083 -0.3181 -0.3266 -0.2705 0.0233 0.1894 0.0419 -0.2408
0.0350 0.2026 -0.0221 -0.2871 -0.3282 -0.3143 -0.1824 0.0689 0.2211 -0.0843 -0.2984 -0.3304 -0.3060 -0.1248 0.0859 0.2346 -0.1267 -0.3050 -0.3314 -0.2964 -0.0682 0.1030 0.2361 -0.1608 -0.3111 -0.3310 -0.2863 -0.0238 0.1220 0.2139 -0.1921 -0.3167 -0.3289 -0.2744 0.0108 0.1496 0.1392 -0.2308 -0.3227 -0.3235 -0.2407 0.0466 0.2015 -0.0315 -0.2938 -0.3295 -0.3074 -0.1197 0.0928 0.2386 -0.0163 0.2386 0.0929 -0.1198 -0.3075 -0.3295 -0.2938 -0.0315 0.2015 0.0466 -0.2407 -0.3235 -0.3227 -0.2308 0.1392 0.1496 0.0108 -0.2744 -0.3289 -0.3167 -0.1921 0.2139 0.1220 -0.0238 -0.2863 -0.3310 -0.3111 -0.1608 0.2361 0.1030 -0.0682 -0.2964 -0.3314 -0.3050 -0.1267 0.2346 0.0859 -0.1248 -0.3060 -0.3304 -0.2984 -0.0843 0.2211 0.0690 -0.1824 -0.3143 -0.3282 -0.2871 -0.0221 0.2026 0.0350
0.2022 -0.0581 -0.2951 -0.3295 -0.3102 -0.1533 0.0778 0.2291 -0.1079 -0.3019 -0.3311 -0.3011 -0.0944 0.0947 0.2375 -0.1450 -0.3083 -0.3314 -0.2911 -0.0434 0.1125 0.2285 -0.1772 -0.3141 -0.3302 -0.2811 -0.0056 0.1337 0.1879 -0.2082 -0.3193 -0.3273 -0.2659 0.0231 0.1641 0.0963 -0.2452 -0.3243 -0.3215 -0.2290 0.0522 0.2063 -0.0454 -0.2948 -0.3297 -0.3070 -0.1199 0.0916 0.2374 -0.1558 -0.2926 -0.1559 0.2374 0.0918 -0.1198 -0.3067 -0.3296 -0.2949 -0.0456 0.2064 0.0523 -0.2291 -0.3213 -0.3242 -0.2454 0.0957 0.1645 0.0232 -0.2659 -0.3271 -0.3192 -0.2082 0.1877 0.1339 -0.0056 -0.2811 -0.3299 -0.3140 -0.1772 0.2284 0.1126 -0.0434 -0.2910 -0.3312 -0.3082 -0.1451 0.2374 0.0947 -0.0944 -0.3009 -0.3309 -0.3019 -0.1080 0.2291 0.0779 -0.1532 -0.3100 -0.3294 -0.2951 -0.0583 0.2022
-0.0749 -0.2991 -0.3304 -0.3056 -0.1224 0.0866 0.2349 -0.1282 -0.3053 -0.3314 -0.2960 -0.0663 0.1037 0.2358 -0.1620 -0.3114 -0.3309 -0.2859 -0.0222 0.1229 0.2124 -0.1933 -0.3169 -0.3289 -0.2745 0.0099 0.1475 0.1495 -0.2250 -0.3217 -0.3252 -0.2539 0.0346 0.1819 0.0473 -0.2620 -0.3259 -0.3190 -0.2130 0.0589 0.2125 -0.0631 -0.2965 -0.3301 -0.3057 -0.1139 0.0924 0.2375 -0.1576 -0.3144 -0.3395 -0.3146 -0.1586 0.2374 0.0929 -0.1111 -0.3045 -0.3297 -0.2968 -0.0650 0.2130 0.0596 -0.2110 -0.3180 -0.3258 -0.2630 0.0434 0.1816 0.0355 -0.2529 -0.3244 -0.3216 -0.2256 0.1469 0.1473 0.0109 -0.2738 -0.3281 -0.3169 -0.1939 0.2111 0.1229 -0.0209 -0.2855 -0.3303 -0.3114 -0.1628 0.2354 0.1039 -0.0644 -0.2951 -0.3309 -0.3054 -0.1291 0.2350 0.0869 -0.1201 -0.3046 -0.3301 -0.2992 -0.0755
-0.2388 -0.3315 -0.3007 -0.0921 0.0954 0.2375 -0.1464 -0.3085 -0.3314 -0.2908 -0.0418 0.1132 0.2276 -0.1783 -0.3143 -0.3301 -0.2806 -0.0043 0.1347 0.1853 -0.2095 -0.3195 -0.3272 -0.2653 0.0234 0.1638 0.1000 -0.2426 -0.3239 -0.3226 -0.2382 0.0455 0.1973 -0.0004 -0.2811 -0.3275 -0.3158 -0.1923 0.0663 0.2194 -0.0824 -0.2987 -0.3306 -0.3035 -0.1024 0.0949 0.2375 -0.1584 -0.3119 -0.3384 -0.3463 -0.3522 -0.3146 -0.1559 0.2386 0.0934 -0.0912 -0.3173 -0.3383 -0.2999 -0.0765 0.2044 0.0668 -0.1815 -0.3306 -0.3337 -0.2800 0.0115 0.1777 0.0470 -0.2311 -0.3367 -0.3288 -0.2407 0.1153 0.1496 0.0262 -0.2634 -0.3401 -0.3234 -0.2071 0.1953 0.1271 0.0001 -0.2855 -0.3416 -0.3172 -0.1755 0.2319 0.1090 -0.0348 -0.3015 -0.3414 -0.3106 -0.1426 0.2383 0.0932 -0.0826 -0.3146 -0.3400 -0.2381
-0.2794 -0.2959 -0.0644 0.1044 0.2354 -0.1633 -0.3116 -0.3308 -0.2856 -0.0208 0.1237 0.2107 -0.1944 -0.3170 -0.3287 -0.2739 0.0111 0.1488 0.1459 -0.2264 -0.3218 -0.3250 -0.2529 0.0354 0.1826 0.0458 -0.2616 -0.3258 -0.3194 -0.2183 0.0555 0.2075 -0.0407 -0.2933 -0.3288 -0.3120 -0.1670 0.0741 0.2264 -0.1018 -0.3013 -0.3309 -0.3004 -0.0864 0.0991 0.2367 -0.1631 -0.3124 -0.3264 -0.2865 -0.1990 -0.3463 -0.3398 -0.2926 -0.0163 0.1847 0.0489 -0.2447 -0.3490 -0.3291 -0.2516 0.1548 0.1424 0.0188 -0.2944 -0.3506 -0.3208 -0.2228 0.2136 0.1190 -0.0109 -0.3146 -0.3494 -0.3135 -0.1760 0.2260 0.1010 -0.0502 -0.3279 -0.3467 -0.3060 -0.1308 0.2193 0.0840 -0.1053 -0.3378 -0.3428 -0.2982 -0.0785 0.2042 0.0681 -0.1698 -0.3445 -0.3381 -0.2901 -0.0047 0.1856 0.0522 -0.2283 -0.3494 -0.2715
