-0.2327 -0.2626 -0.0514 0.1310 0.1273 -0.1977 -0.2690 -0.2768 -0.1848 0.0750 0.2236 -0.1375 -0.2528 -0.2820 -0.2510 0.0156 0.1881 -0.0343 -0.2327 -0.2772 -0.2673 -0.0879 0.1132 0.1812 -0.1813 -0.2649 -0.2794 -0.2135 0.0596 0.2187 -0.1160 -0.2474 -0.2816 -0.2563 -0.0072 0.1636 0.0231 -0.2224 -0.2743 -0.2716 -0.1291 0.0973 0.2114 -0.1645 -0.2603 -0.2811 -0.2338 0.0434 0.2085 -0.0833 -0.2127 -0.0833 0.2085 0.0434 -0.2338 -0.2811 -0.2603 -0.1645 0.2114 0.0973 -0.1291 -0.2716 -0.2743 -0.2224 0.0231 0.1636 -0.0072 -0.2563 -0.2816 -0.2474 -0.1160 0.2187 0.0596 -0.2135 -0.2794 -0.2649 -0.1813 0.1812 0.1132 -0.0879 -0.2673 -0.2772 -0.2327 -0.0343 0.1881 0.0156 -0.2510 -0.2820 -0.2528 -0.1375 0.2236 0.0750 -0.1848 -0.2768 -0.2690 -0.1977 0.1273 0.1310 -0.0514 -0.2626 -0.2327
-0.2626 -0.0276 0.1289 0.1755 -0.2299 -0.3247 -0.3189 -0.1868 0.0777 0.2339 -0.1427 -0.3113 -0.3306 -0.2752 0.0243 0.1817 -0.0010 -0.2937 -0.3304 -0.3036 -0.0757 0.1107 0.2189 -0.2038 -0.3214 -0.3238 -0.2235 0.0640 0.2235 -0.1141 -0.3066 -0.3316 -0.2845 0.0033 0.1545 0.0756 -0.2705 -0.3286 -0.3105 -0.1206 0.0970 0.2353 -0.1795 -0.3177 -0.3273 -0.2505 0.0494 0.2098 -0.0799 -0.3028 -0.3324 -0.3028 -0.0799 0.2098 0.0494 -0.2505 -0.3273 -0.3177 -0.1795 0.2353 0.0970 -0.1206 -0.3105 -0.3286 -0.2705 0.0756 0.1545 0.0033 -0.2845 -0.3316 -0.3066 -0.1141 0.2235 0.0640 -0.2235 -0.3238 -0.3214 -0.2038 0.2189 0.1107 -0.0757 -0.3036 -0.3304 -0.2937 -0.0010 0.1817 0.0243 -0.2752 -0.3306 -0.3113 -0.1427 0.2339 0.0777 -0.1868 -0.3189 -0.3247 -0.2299 0.1755 0.1289 -0.0276 -0.2626
-0.0514 0.1289 0.1889 -0.2191 -0.3225 -0.3211 -0.2116 0.0673 0.2277 -0.1244 -0.3078 -0.3310 -0.2814 0.0089 0.1628 0.0492 -0.2808 -0.3289 -0.3079 -0.1072 0.0997 0.2320 -0.1876 -0.3186 -0.3259 -0.2429 0.0527 0.2146 -0.0915 -0.3029 -0.3314 -0.2892 -0.0155 0.1395 0.1288 -0.2508 -0.3266 -0.3143 -0.1534 0.0865 0.2375 -0.1633 -0.3145 -0.3287 -0.2636 0.0370 0.1996 -0.0486 -0.2979 -0.3392 -0.3489 -0.3392 -0.2979 -0.0486 0.1996 0.0370 -0.2636 -0.3287 -0.3145 -0.1633 0.2375 0.0865 -0.1534 -0.3143 -0.3266 -0.2508 0.1288 0.1395 -0.0155 -0.2892 -0.3314 -0.3029 -0.0915 0.2146 0.0527 -0.2429 -0.3259 -0.3186 -0.1876 0.2320 0.0997 -0.1072 -0.3079 -0.3289 -0.2808 0.0492 0.1628 0.0089 -0.2814 -0.3310 -0.3078 -0.1244 0.2277 0.0673 -0.2116 -0.3211 -0.3225 -0.2191 0.1889 0.1289 -0.0514
0.1310 0.1755 -0.2191 -0.3218 -0.3224 -0.2273 0.0598 0.2204 -0.1050 -0.3047 -0.3313 -0.2866 -0.0066 0.1467 0.1032 -0.2605 -0.3275 -0.3123 -0.1380 0.0909 0.2372 -0.1714 -0.3159 -0.3279 -0.2576 0.0426 0.2047 -0.0644 -0.2995 -0.3312 -0.2945 -0.0354 0.1269 0.1726 -0.2326 -0.3248 -0.3181 -0.1824 0.0779 0.2349 -0.1464 -0.3116 -0.3300 -0.2733 0.0253 0.1849 -0.0100 -0.2941 -0.3299 -0.3163 -0.2358 -0.3163 -0.3299 -0.2941 -0.0100 0.1849 0.0253 -0.2733 -0.3300 -0.3116 -0.1464 0.2349 0.0779 -0.1824 -0.3181 -0.3248 -0.2326 0.1726 0.1269 -0.0354 -0.2945 -0.3312 -0.2995 -0.0644 0.2047 0.0426 -0.2576 -0.3279 -0.3159 -0.1714 0.2372 0.0909 -0.1380 -0.3123 -0.3275 -0.2605 0.1032 0.1467 -0.0066 -0.2866 -0.3313 -0.3047 -0.1050 0.2204 0.0598 -0.2273 -0.3224 -0.3218 -0.2191 0.1755 0.1310
0.1273 -0.2299 -0.3225 -0.3224 -0.2330 0.0549 0.2143 -0.0864 -0.3018 -0.3312 -0.2914 -0.0244 0.1332 0.1518 -0.2416 -0.3257 -0.3163 -0.1683 0.0822 0.2367 -0.1549 -0.3131 -0.3294 -0.2688 0.0314 0.1929 -0.0305 -0.2959 -0.3306 -0.2997 -0.0589 0.1161 0.2040 -0.2155 -0.3227 -0.3213 -0.2083 0.0689 0.2291 -0.1282 -0.3085 -0.3309 -0.2802 0.0121 0.1665 0.0380 -0.2834 -0.3290 -0.3060 -0.0905 0.0497 -0.0905 -0.3060 -0.3290 -0.2834 0.0380 0.1665 0.0121 -0.2802 -0.3309 -0.3085 -0.1282 0.2291 0.0689 -0.2083 -0.3213 -0.3227 -0.2155 0.2040 0.1161 -0.0589 -0.2997 -0.3306 -0.2959 -0.0305 0.1929 0.0314 -0.2688 -0.3294 -0.3131 -0.1549 0.2367 0.0822 -0.1683 -0.3163 -0.3257 -0.2416 0.1518 0.1332 -0.0244 -0.2914 -0.3312 -0.3018 -0.0864 0.2143 0.0549 -0.2330 -0.3224 -0.3225 -0.2299 0.1273
-0.1977 -0.3247 -0.3211 -0.2273 0.0549 0.2119 -0.0741 -0.2996 -0.3309 -0.2956 -0.0434 0.1224 0.1882 -0.2244 -0.3237 -0.3197 -0.1959 0.0734 0.2323 -0.1374 -0.3101 -0.3305 -0.2770 0.0190 0.1761 0.0127 -0.2899 -0.3297 -0.3046 -0.0860 0.1064 0.2238 -0.1991 -0.3204 -0.3242 -0.2300 0.0597 0.2211 -0.1079 -0.3053 -0.3314 -0.2856 -0.0031 0.1498 0.0919 -0.2646 -0.3278 -0.3112 -0.1290 0.0909 0.1818 0.0909 -0.1290 -0.3112 -0.3278 -0.2646 0.0919 0.1498 -0.0031 -0.2856 -0.3314 -0.3053 -0.1079 0.2211 0.0597 -0.2300 -0.3242 -0.3204 -0.1991 0.2238 0.1064 -0.0860 -0.3046 -0.3297 -0.2899 0.0127 0.1761 0.0190 -0.2770 -0.3305 -0.3101 -0.1374 0.2323 0.0734 -0.1959 -0.3197 -0.3237 -0.2244 0.1882 0.1224 -0.0434 -0.2956 -0.3309 -0.2996 -0.0741 0.2119 0.0549 -0.2273 -0.3211 -0.3247 -0.1977
-0.2690 -0.3189 -0.2116 0.0598 0.2143 -0.0741 -0.2988 -0.3306 -0.2984 -0.0607 0.1140 0.2113 -0.2091 -0.3217 -0.3226 -0.2193 0.0644 0.2253 -0.1183 -0.3069 -0.3312 -0.2830 0.0048 0.1579 0.0646 -0.2750 -0.3285 -0.3093 -0.1159 0.0972 0.2342 -0.1829 -0.3178 -0.3265 -0.2475 0.0500 0.2118 -0.0843 -0.3019 -0.3314 -0.2908 -0.0208 0.1356 0.1427 -0.2454 -0.3261 -0.3154 -0.1619 0.0844 0.2364 0.0090 0.2364 0.0844 -0.1619 -0.3154 -0.3261 -0.2454 0.1427 0.1356 -0.0208 -0.2908 -0.3314 -0.3019 -0.0843 0.2118 0.0500 -0.2475 -0.3265 -0.3178 -0.1829 0.2342 0.0972 -0.1159 -0.3093 -0.3285 -0.2750 0.0646 0.1579 0.0048 -0.2830 -0.3312 -0.3069 -0.1183 0.2253 0.0644 -0.2193 -0.3226 -0.3217 -0.2091 0.2113 0.1140 -0.0607 -0.2984 -0.3306 -0.2988 -0.0741 0.2143 0.0598 -0.2116 -0.3189 -0.2690
-0.2768 -0.1868 0.0673 0.2204 -0.0864 -0.2996 -0.3306 -0.2994 -0.0715 0.1086 0.2236 -0.1965 -0.3196 -0.3249 -0.2378 0.0554 0.2168 -0.0968 -0.3036 -0.3314 -0.2881 -0.0116 0.1425 0.1182 -0.2549 -0.3270 -0.3135 -0.1469 0.0884 0.2375 -0.1667 -0.3151 -0.3284 -0.2612 0.0395 0.2018 -0.0555 -0.2984 -0.3311 -0.2960 -0.0418 0.1237 0.1829 -0.2276 -0.3242 -0.3191 -0.1902 0.0753 0.2337 -0.1374 -0.2874 -0.1374 0.2337 0.0753 -0.1902 -0.3191 -0.3242 -0.2276 0.1829 0.1237 -0.0418 -0.2960 -0.3311 -0.2984 -0.0555 0.2018 0.0395 -0.2612 -0.3284 -0.3151 -0.1667 0.2375 0.0884 -0.1469 -0.3135 -0.3270 -0.2549 0.1182 0.1425 -0.0116 -0.2881 -0.3314 -0.3036 -0.0968 0.2168 0.0554 -0.2378 -0.3249 -0.3196 -0.1965 0.2236 0.1086 -0.0715 -0.2994 -0.3306 -0.2996 -0.0864 0.2204 0.0673 -0.1868 -0.2768
-0.1848 0.0777 0.2277 -0.1050 -0.3018 -0.3309 -0.2984 -0.0715 0.1067 0.2286 -0.1880 -0.3179 -0.3265 -0.2512 0.0467 0.2080 -0.0724 -0.3003 -0.3312 -0.2933 -0.0308 0.1295 0.1642 -0.2364 -0.3252 -0.3173 -0.1765 0.0797 0.2358 -0.1500 -0.3122 -0.3298 -0.2715 0.0280 0.1882 -0.0191 -0.2949 -0.3304 -0.3011 -0.0663 0.1132 0.2108 -0.2107 -0.3220 -0.3222 -0.2149 0.0663 0.2270 -0.1235 -0.3096 -0.3373 -0.3096 -0.1235 0.2270 0.0663 -0.2149 -0.3222 -0.3220 -0.2107 0.2108 0.1132 -0.0663 -0.3011 -0.3304 -0.2949 -0.0191 0.1882 0.0280 -0.2715 -0.3298 -0.3122 -0.1500 0.2358 0.0797 -0.1765 -0.3173 -0.3252 -0.2364 0.1642 0.1295 -0.0308 -0.2933 -0.3312 -0.3003 -0.0724 0.2080 0.0467 -0.2512 -0.3265 -0.3179 -0.1880 0.2286 0.1067 -0.0715 -0.2984 -0.3309 -0.3018 -0.1050 0.2277 0.0777 -0.1848
0.0750 0.2339 -0.1244 -0.3047 -0.3312 -0.2956 -0.0607 0.1086 0.2286 -0.1849 -0.3169 -0.3273 -0.2598 0.0388 0.1998 -0.0454 -0.2971 -0.3308 -0.2982 -0.0530 0.1184 0.1983 -0.2191 -0.3232 -0.3207 -0.2032 0.0708 0.2305 -0.1321 -0.3092 -0.3307 -0.2789 0.0151 0.1705 0.0270 -0.2862 -0.3294 -0.3060 -0.0944 0.1037 0.2276 -0.1944 -0.3197 -0.3249 -0.2354 0.0570 0.2186 -0.1016 -0.3045 -0.3412 -0.3453 -0.3412 -0.3045 -0.1016 0.2186 0.0570 -0.2354 -0.3249 -0.3197 -0.1944 0.2276 0.1037 -0.0944 -0.3060 -0.3294 -0.2862 0.0270 0.1705 0.0151 -0.2789 -0.3307 -0.3092 -0.1321 0.2305 0.0708 -0.2032 -0.3207 -0.3232 -0.2191 0.1983 0.1184 -0.0530 -0.2982 -0.3308 -0.2971 -0.0454 0.1998 0.0388 -0.2598 -0.3273 -0.3169 -0.1849 0.2286 0.1086 -0.0607 -0.2956 -0.3312 -0.3047 -0.1244 0.2339 0.0750
0.2236 -0.1427 -0.3078 -0.3313 -0.2914 -0.0434 0.1140 0.2236 -0.1880 -0.3169 -0.3276 -0.2639 0.0331 0.1931 -0.0185 -0.2943 -0.3301 -0.3027 -0.0774 0.1088 0.2200 -0.2027 -0.3209 -0.3236 -0.2258 0.0617 0.2229 -0.1124 -0.3060 -0.3313 -0.2845 0.0004 0.1532 0.0803 -0.2690 -0.3281 -0.3105 -0.1248 0.0947 0.2358 -0.1783 -0.3171 -0.3271 -0.2518 0.0470 0.2090 -0.0766 -0.3009 -0.3308 -0.3036 -0.1793 -0.3036 -0.3308 -0.3009 -0.0766 0.2090 0.0470 -0.2518 -0.3271 -0.3171 -0.1783 0.2358 0.0947 -0.1248 -0.3105 -0.3281 -0.2690 0.0803 0.1532 0.0004 -0.2845 -0.3313 -0.3060 -0.1124 0.2229 0.0617 -0.2258 -0.3236 -0.3209 -0.2027 0.2200 0.1088 -0.0774 -0.3027 -0.3301 -0.2943 -0.0185 0.1931 0.0331 -0.2639 -0.3276 -0.3169 -0.1880 0.2236 0.1140 -0.0434 -0.2914 -0.3313 -0.3078 -0.1427 0.2236
-0.1375 -0.3113 -0.3310 -0.2866 -0.0244 0.1224 0.2113 -0.1965 -0.3179 -0.3273 -0.2639 0.0310 0.1882 0.0025 -0.2917 -0.3293 -0.3063 -0.1018 0.1006 0.2317 -0.1873 -0.3185 -0.3259 -0.2441 0.0521 0.2138 -0.0896 -0.3026 -0.3314 -0.2896 -0.0168 0.1385 0.1325 -0.2494 -0.3265 -0.3147 -0.1556 0.0859 0.2375 -0.1620 -0.3143 -0.3288 -0.2645 0.0363 0.1988 -0.0459 -0.2974 -0.3308 -0.2966 -0.0410 0.0658 -0.0410 -0.2966 -0.3308 -0.2974 -0.0459 0.1988 0.0363 -0.2645 -0.3288 -0.3143 -0.1620 0.2375 0.0859 -0.1556 -0.3147 -0.3265 -0.2494 0.1325 0.1385 -0.0168 -0.2896 -0.3314 -0.3026 -0.0896 0.2138 0.0521 -0.2441 -0.3259 -0.3185 -0.1873 0.2317 0.1006 -0.1018 -0.3063 -0.3293 -0.2917 0.0025 0.1882 0.0310 -0.2639 -0.3273 -0.3179 -0.1965 0.2113 0.1224 -0.0244 -0.2866 -0.3310 -0.3113 -0.1375
-0.2528 -0.3306 -0.2814 -0.0066 0.1332 0.1882 -0.2091 -0.3196 -0.3265 -0.2598 0.0331 0.1882 0.0106 -0.2885 -0.3287 -0.3089 -0.1227 0.0938 0.2366 -0.1733 -0.3160 -0.3277 -0.2580 0.0419 0.2040 -0.0621 -0.2992 -0.3312 -0.2949 -0.0370 0.1261 0.1753 -0.2313 -0.3246 -0.3184 -0.1846 0.0772 0.2346 -0.1450 -0.3114 -0.3301 -0.2739 0.0244 0.1838 -0.0068 -0.2938 -0.3302 -0.3023 -0.0720 0.1065 0.2015 0.1065 -0.0720 -0.3023 -0.3302 -0.2938 -0.0068 0.1838 0.0244 -0.2739 -0.3301 -0.3114 -0.1450 0.2346 0.0772 -0.1846 -0.3184 -0.3246 -0.2313 0.1753 0.1261 -0.0370 -0.2949 -0.3312 -0.2992 -0.0621 0.2040 0.0419 -0.2580 -0.3277 -0.3160 -0.1733 0.2366 0.0938 -0.1227 -0.3089 -0.3287 -0.2885 0.0106 0.1882 0.0331 -0.2598 -0.3265 -0.3196 -0.2091 0.1882 0.1332 -0.0066 -0.2814 -0.3306 -0.2528
-0.2820 -0.2752 0.0089 0.1467 0.1518 -0.2244 -0.3217 -0.3249 -0.2512 0.0388 0.1931 0.0025 -0.2885 -0.3285 -0.3102 -0.1368 0.0888 0.2375 -0.1610 -0.3137 -0.3291 -0.2682 0.0315 0.1927 -0.0284 -0.2957 -0.3306 -0.3000 -0.0607 0.1154 0.2058 -0.2143 -0.3225 -0.3216 -0.2101 0.0682 0.2285 -0.1267 -0.3083 -0.3309 -0.2806 0.0111 0.1652 0.0418 -0.2825 -0.3291 -0.3073 -0.1030 0.1012 0.2344 -0.0693 0.2344 0.1012 -0.1030 -0.3073 -0.3291 -0.2825 0.0418 0.1652 0.0111 -0.2806 -0.3309 -0.3083 -0.1267 0.2285 0.0682 -0.2101 -0.3216 -0.3225 -0.2143 0.2058 0.1154 -0.0607 -0.3000 -0.3306 -0.2957 -0.0284 0.1927 0.0315 -0.2682 -0.3291 -0.3137 -0.1610 0.2375 0.0888 -0.1368 -0.3102 -0.3285 -0.2885 0.0025 0.1931 0.0388 -0.2512 -0.3249 -0.3217 -0.2244 0.1518 0.1467 0.0089 -0.2752 -0.2820
-0.2510 0.0243 0.1628 0.1032 -0.2416 -0.3237 -0.3226 -0.2378 0.0467 0.1998 -0.0185 -0.2917 -0.3287 -0.3102 -0.1417 0.0861 0.2369 -0.1517 -0.3118 -0.3299 -0.2752 0.0210 0.1779 0.0115 -0.2901 -0.3296 -0.3048 -0.0879 0.1057 0.2248 -0.1979 -0.3202 -0.3244 -0.2315 0.0590 0.2204 -0.1062 -0.3050 -0.3314 -0.2859 -0.0043 0.1487 0.0959 -0.2632 -0.3277 -0.3118 -0.1338 0.0922 0.2366 -0.1708 -0.2970 -0.1708 0.2366 0.0922 -0.1338 -0.3118 -0.3277 -0.2632 0.0959 0.1487 -0.0043 -0.2859 -0.3314 -0.3050 -0.1062 0.2204 0.0590 -0.2315 -0.3244 -0.3202 -0.1979 0.2248 0.1057 -0.0879 -0.3048 -0.3296 -0.2901 0.0115 0.1779 0.0210 -0.2752 -0.3299 -0.3118 -0.1517 0.2369 0.0861 -0.1417 -0.3102 -0.3287 -0.2917 -0.0185 0.1998 0.0467 -0.2378 -0.3226 -0.3237 -0.2416 0.1032 0.1628 0.0243 -0.2510
0.0156 0.1817 0.0492 -0.2605 -0.3257 -0.3197 -0.2193 0.0554 0.2080 -0.0454 -0.2943 -0.3293 -0.3089 -0.1368 0.0861 0.2365 -0.1465 -0.3105 -0.3304 -0.2795 0.0111 0.1630 0.0546 -0.2772 -0.3285 -0.3091 -0.1169 0.0967 0.2346 -0.1818 -0.3176 -0.3267 -0.2487 0.0492 0.2111 -0.0822 -0.3017 -0.3314 -0.2911 -0.0222 0.1347 0.1460 -0.2441 -0.3260 -0.3158 -0.1642 0.0834 0.2370 -0.1580 -0.3163 -0.3422 -0.3163 -0.1580 0.2370 0.0834 -0.1642 -0.3158 -0.3260 -0.2441 0.1460 0.1347 -0.0222 -0.2911 -0.3314 -0.3017 -0.0822 0.2111 0.0492 -0.2487 -0.3267 -0.3176 -0.1818 0.2346 0.0967 -0.1169 -0.3091 -0.3285 -0.2772 0.0546 0.1630 0.0111 -0.2795 -0.3304 -0.3105 -0.1465 0.2365 0.0861 -0.1368 -0.3089 -0.3293 -0.2943 -0.0454 0.2080 0.0554 -0.2193 -0.3197 -0.3257 -0.2605 0.0492 0.1817 0.0156
0.1881 -0.0010 -0.2808 -0.3275 -0.3163 -0.1959 0.0644 0.2168 -0.0724 -0.2971 -0.3301 -0.3063 -0.1227 0.0888 0.2369 -0.1465 -0.3100 -0.3306 -0.2818 0.0031 0.1524 0.0936 -0.2611 -0.3273 -0.3128 -0.1451 0.0885 0.2375 -0.1659 -0.3149 -0.3285 -0.2621 0.0386 0.2010 -0.0529 -0.2982 -0.3310 -0.2964 -0.0434 0.1229 0.1853 -0.2263 -0.3240 -0.3193 -0.1923 0.0746 0.2331 -0.1400 -0.3106 -0.3417 -0.3389 -0.3417 -0.3106 -0.1400 0.2331 0.0746 -0.1923 -0.3193 -0.3240 -0.2263 0.1853 0.1229 -0.0434 -0.2964 -0.3310 -0.2982 -0.0529 0.2010 0.0386 -0.2621 -0.3285 -0.3149 -0.1659 0.2375 0.0885 -0.1451 -0.3128 -0.3273 -0.2611 0.0936 0.1524 0.0031 -0.2818 -0.3306 -0.3100 -0.1465 0.2369 0.0888 -0.1227 -0.3063 -0.3301 -0.2971 -0.0724 0.2168 0.0644 -0.1959 -0.3163 -0.3275 -0.2808 -0.0010 0.1881
-0.0343 -0.2937 -0.3289 -0.3123 -0.1683 0.0734 0.2253 -0.0968 -0.3003 -0.3308 -0.3027 -0.1018 0.0938 0.2375 -0.1517 -0.3105 -0.3306 -0.2825 -0.0013 0.1461 0.1211 -0.2491 -0.3260 -0.3158 -0.1699 0.0809 0.2360 -0.1503 -0.3121 -0.3298 -0.2721 0.0271 0.1870 -0.0158 -0.2946 -0.3303 -0.3015 -0.0682 0.1125 0.2124 -0.2095 -0.3219 -0.3225 -0.2167 0.0656 0.2264 -0.1211 -0.3073 -0.3305 -0.2880 -0.1147 -0.2880 -0.3305 -0.3073 -0.1211 0.2264 0.0656 -0.2167 -0.3225 -0.3219 -0.2095 0.2124 0.1125 -0.0682 -0.3015 -0.3303 -0.2946 -0.0158 0.1870 0.0271 -0.2721 -0.3298 -0.3121 -0.1503 0.2360 0.0809 -0.1699 -0.3158 -0.3260 -0.2491 0.1211 0.1461 -0.0013 -0.2825 -0.3306 -0.3105 -0.1517 0.2375 0.0938 -0.1018 -0.3027 -0.3308 -0.3003 -0.0968 0.2253 0.0734 -0.1683 -0.3123 -0.3289 -0.2937 -0.0343
-0.2327 -0.3304 -0.3079 -0.1380 0.0822 0.2323 -0.1183 -0.3036 -0.3312 -0.2982 -0.0774 0.1006 0.2366 -0.1610 -0.3118 -0.3304 -0.2818 -0.0013 0.1441 0.1345 -0.2417 -0.3251 -0.3180 -0.1894 0.0742 0.2321 -0.1351 -0.3094 -0.3306 -0.2790 0.0145 0.1693 0.0306 -0.2852 -0.3293 -0.3063 -0.0965 0.1030 0.2285 -0.1933 -0.3195 -0.3251 -0.2369 0.0562 0.2178 -0.0997 -0.3041 -0.3313 -0.2869 -0.0044 0.0815 -0.0044 -0.2869 -0.3313 -0.3041 -0.0997 0.2178 0.0562 -0.2369 -0.3251 -0.3195 -0.1933 0.2285 0.1030 -0.0965 -0.3063 -0.3293 -0.2852 0.0306 0.1693 0.0145 -0.2790 -0.3306 -0.3094 -0.1351 0.2321 0.0742 -0.1894 -0.3180 -0.3251 -0.2417 0.1345 0.1441 -0.0013 -0.2818 -0.3304 -0.3118 -0.1610 0.2366 0.1006 -0.0774 -0.2982 -0.3312 -0.3036 -0.1183 0.2323 0.0822 -0.1380 -0.3079 -0.3304 -0.2327
-0.2772 -0.3036 -0.1072 0.0909 0.2367 -0.1374 -0.3069 -0.3314 -0.2933 -0.0530 0.1088 0.2317 -0.1733 -0.3137 -0.3299 -0.2795 0.0031 0.1461 0.1345 -0.2394 -0.3245 -0.3193 -0.2026 0.0687 0.2275 -0.1207 -0.3068 -0.3311 -0.2839 0.0010 0.1532 0.0820 -0.2678 -0.3280 -0.3108 -0.1271 0.0940 0.2361 -0.1772 -0.3169 -0.3272 -0.2529 0.0462 0.2082 -0.0745 -0.3007 -0.3313 -0.2925 -0.0265 0.1241 0.2174 0.1241 -0.0265 -0.2925 -0.3313 -0.3007 -0.0745 0.2082 0.0462 -0.2529 -0.3272 -0.3169 -0.1772 0.2361 0.0940 -0.1271 -0.3108 -0.3280 -0.2678 0.0820 0.1532 0.0010 -0.2839 -0.3311 -0.3068 -0.1207 0.2275 0.0687 -0.2026 -0.3193 -0.3245 -0.2394 0.1345 0.1461 0.0031 -0.2795 -0.3299 -0.3137 -0.1733 0.2317 0.1088 -0.0530 -0.2933 -0.3314 -0.3069 -0.1374 0.2367 0.0909 -0.1072 -0.3036 -0.2772
-0.2673 -0.0757 0.0997 0.2372 -0.1549 -0.3101 -0.3312 -0.2881 -0.0308 0.1184 0.2200 -0.1873 -0.3160 -0.3291 -0.2752 0.0111 0.1524 0.1211 -0.2417 -0.3245 -0.3197 -0.2090 0.0652 0.2235 -0.1083 -0.3046 -0.3313 -0.2879 -0.0133 0.1401 0.1298 -0.2496 -0.3264 -0.3147 -0.1576 0.0853 0.2374 -0.1608 -0.3141 -0.3289 -0.2653 0.0354 0.1980 -0.0432 -0.2972 -0.3309 -0.2979 -0.0501 0.1198 0.2034 -0.1237 0.2034 0.1198 -0.0501 -0.2979 -0.3309 -0.2972 -0.0432 0.1980 0.0354 -0.2653 -0.3289 -0.3141 -0.1608 0.2374 0.0853 -0.1576 -0.3147 -0.3264 -0.2496 0.1298 0.1401 -0.0133 -0.2879 -0.3313 -0.3046 -0.1083 0.2235 0.0652 -0.2090 -0.3197 -0.3245 -0.2417 0.1211 0.1524 0.0111 -0.2752 -0.3291 -0.3160 -0.1873 0.2200 0.1184 -0.0308 -0.2881 -0.3312 -0.3101 -0.1549 0.2372 0.0997 -0.0757 -0.2673
-0.0879 0.1107 0.2320 -0.1714 -0.3131 -0.3305 -0.2830 -0.0116 0.1295 0.1983 -0.2027 -0.3185 -0.3277 -0.2682 0.0210 0.1630 0.0936 -0.2491 -0.3251 -0.3193 -0.2090 0.0640 0.2213 -0.0998 -0.3030 -0.3312 -0.2914 -0.0276 0.1298 0.1673 -0.2336 -0.3247 -0.3182 -0.1853 0.0767 0.2342 -0.1437 -0.3111 -0.3302 -0.2745 0.0234 0.1826 -0.0034 -0.2935 -0.3301 -0.3029 -0.0760 0.1098 0.2169 -0.2023 -0.3049 -0.2023 0.2169 0.1098 -0.0760 -0.3029 -0.3301 -0.2935 -0.0034 0.1826 0.0234 -0.2745 -0.3302 -0.3111 -0.1437 0.2342 0.0767 -0.1853 -0.3182 -0.3247 -0.2336 0.1673 0.1298 -0.0276 -0.2914 -0.3312 -0.3030 -0.0998 0.2213 0.0640 -0.2090 -0.3193 -0.3251 -0.2491 0.0936 0.1630 0.0210 -0.2682 -0.3277 -0.3185 -0.2027 0.1983 0.1295 -0.0116 -0.2830 -0.3305 -0.3131 -0.1714 0.2320 0.1107 -0.0879
0.1132 0.2189 -0.1876 -0.3159 -0.3294 -0.2770 0.0048 0.1425 0.1642 -0.2191 -0.3209 -0.3259 -0.2580 0.0315 0.1779 0.0546 -0.2611 -0.3260 -0.3180 -0.2026 0.0652 0.2213 -0.0967 -0.3021 -0.3312 -0.2939 -0.0399 0.1222 0.1928 -0.2199 -0.3230 -0.3210 -0.2085 0.0684 0.2283 -0.1257 -0.3081 -0.3310 -0.2810 0.0099 0.1638 0.0460 -0.2815 -0.3290 -0.3076 -0.1052 0.1004 0.2314 -0.1893 -0.3225 -0.3462 -0.3225 -0.1893 0.2314 0.1004 -0.1052 -0.3076 -0.3290 -0.2815 0.0460 0.1638 0.0099 -0.2810 -0.3310 -0.3081 -0.1257 0.2283 0.0684 -0.2085 -0.3210 -0.3230 -0.2199 0.1928 0.1222 -0.0399 -0.2939 -0.3312 -0.3021 -0.0967 0.2213 0.0652 -0.2026 -0.3180 -0.3260 -0.2611 0.0546 0.1779 0.0315 -0.2580 -0.3259 -0.3209 -0.2191 0.1642 0.1425 0.0048 -0.2770 -0.3294 -0.3159 -0.1876 0.2189 0.1132
0.1812 -0.2038 -0.3186 -0.3279 -0.2688 0.0190 0.1579 0.1182 -0.2364 -0.3232 -0.3236 -0.2441 0.0419 0.1927 0.0115 -0.2772 -0.3273 -0.3158 -0.1894 0.0687 0.2235 -0.0998 -0.3021 -0.3311 -0.2951 -0.0485 0.1171 0.2081 -0.2089 -0.3213 -0.3233 -0.2268 0.0604 0.2211 -0.1067 -0.3050 -0.3313 -0.2862 -0.0055 0.1475 0.1000 -0.2616 -0.3275 -0.3120 -0.1360 0.0915 0.2370 -0.1725 -0.3161 -0.3405 -0.3296 -0.3405 -0.3161 -0.1725 0.2370 0.0915 -0.1360 -0.3120 -0.3275 -0.2616 0.1000 0.1475 -0.0055 -0.2862 -0.3313 -0.3050 -0.1067 0.2211 0.0604 -0.2268 -0.3233 -0.3213 -0.2089 0.2081 0.1171 -0.0485 -0.2951 -0.3311 -0.3021 -0.0998 0.2235 0.0687 -0.1894 -0.3158 -0.3273 -0.2772 0.0115 0.1927 0.0419 -0.2441 -0.3236 -0.3232 -0.2364 0.1182 0.1579 0.0190 -0.2688 -0.3279 -0.3186 -0.2038 0.1812
-0.1813 -0.3214 -0.3259 -0.2576 0.0314 0.1761 0.0646 -0.2549 -0.3252 -0.3207 -0.2258 0.0521 0.2040 -0.0284 -0.2901 -0.3285 -0.3128 -0.1699 0.0742 0.2275 -0.1083 -0.3030 -0.3312 -0.2951 -0.0517 0.1146 0.2159 -0.2013 -0.3200 -0.3249 -0.2403 0.0529 0.2136 -0.0865 -0.3020 -0.3313 -0.2911 -0.0230 0.1339 0.1492 -0.2426 -0.3258 -0.3160 -0.1664 0.0828 0.2369 -0.1560 -0.3132 -0.3286 -0.2673 -0.0574 -0.2673 -0.3286 -0.3132 -0.1560 0.2369 0.0828 -0.1664 -0.3160 -0.3258 -0.2426 0.1492 0.1339 -0.0230 -0.2911 -0.3313 -0.3020 -0.0865 0.2136 0.0529 -0.2403 -0.3249 -0.3200 -0.2013 0.2159 0.1146 -0.0517 -0.2951 -0.3312 -0.3030 -0.1083 0.2275 0.0742 -0.1699 -0.3128 -0.3285 -0.2901 -0.0284 0.2040 0.0521 -0.2258 -0.3207 -0.3252 -0.2549 0.0646 0.1761 0.0314 -0.2576 -0.3259 -0.3214 -0.1813
-0.2649 -0.3238 -0.2429 0.0426 0.1929 0.0127 -0.2750 -0.3270 -0.3173 -0.2032 0.0617 0.2138 -0.0621 -0.2957 -0.3296 -0.3091 -0.1451 0.0809 0.2321 -0.1207 -0.3046 -0.3312 -0.2939 -0.0485 0.1146 0.2182 -0.1974 -0.3191 -0.3259 -0.2492 0.0465 0.2066 -0.0655 -0.2992 -0.3311 -0.2957 -0.0425 0.1229 0.1863 -0.2253 -0.3239 -0.3195 -0.1942 0.0740 0.2327 -0.1386 -0.3102 -0.3302 -0.2760 0.0227 0.0984 0.0227 -0.2760 -0.3302 -0.3102 -0.1386 0.2327 0.0740 -0.1942 -0.3195 -0.3239 -0.2253 0.1863 0.1229 -0.0425 -0.2957 -0.3311 -0.2992 -0.0655 0.2066 0.0465 -0.2492 -0.3259 -0.3191 -0.1974 0.2182 0.1146 -0.0485 -0.2939 -0.3312 -0.3046 -0.1207 0.2321 0.0809 -0.1451 -0.3091 -0.3296 -0.2957 -0.0621 0.2138 0.0617 -0.2032 -0.3173 -0.3270 -0.2750 0.0127 0.1929 0.0426 -0.2429 -0.3238 -0.2649
-0.2794 -0.2235 0.0527 0.2047 -0.0305 -0.2899 -0.3285 -0.3135 -0.1765 0.0708 0.2229 -0.0896 -0.2992 -0.3306 -0.3048 -0.1169 0.0885 0.2360 -0.1351 -0.3068 -0.3313 -0.2914 -0.0399 0.1171 0.2159 -0.1974 -0.3187 -0.3264 -0.2543 0.0417 0.2010 -0.0451 -0.2967 -0.3306 -0.2998 -0.0633 0.1136 0.2111 -0.2097 -0.3218 -0.3225 -0.2181 0.0649 0.2258 -0.1196 -0.3071 -0.3312 -0.2827 0.0068 0.1460 0.2258 0.1460 0.0068 -0.2827 -0.3312 -0.3071 -0.1196 0.2258 0.0649 -0.2181 -0.3225 -0.3218 -0.2097 0.2111 0.1136 -0.0633 -0.2998 -0.3306 -0.2967 -0.0451 0.2010 0.0417 -0.2543 -0.3264 -0.3187 -0.1974 0.2159 0.1171 -0.0399 -0.2914 -0.3313 -0.3068 -0.1351 0.2360 0.0885 -0.1169 -0.3048 -0.3306 -0.2992 -0.0896 0.2229 0.0708 -0.1765 -0.3135 -0.3285 -0.2899 -0.0305 0.2047 0.0527 -0.2235 -0.2794
-0.2135 0.0640 0.2146 -0.0644 -0.2959 -0.3297 -0.3093 -0.1469 0.0797 0.2305 -0.1124 -0.3026 -0.3312 -0.3000 -0.0879 0.0967 0.2375 -0.1503 -0.3094 -0.3311 -0.2879 -0.0276 0.1222 0.2081 -0.2013 -0.3191 -0.3264 -0.2560 0.0392 0.1974 -0.0286 -0.2947 -0.3300 -0.3033 -0.0840 0.1058 0.2259 -0.1954 -0.3196 -0.3250 -0.2373 0.0557 0.2172 -0.0981 -0.3038 -0.3314 -0.2878 -0.0105 0.1431 0.1299 -0.1694 0.1299 0.1431 -0.0105 -0.2878 -0.3314 -0.3038 -0.0981 0.2172 0.0557 -0.2373 -0.3250 -0.3196 -0.1954 0.2259 0.1058 -0.0840 -0.3033 -0.3300 -0.2947 -0.0286 0.1974 0.0392 -0.2560 -0.3264 -0.3191 -0.2013 0.2081 0.1222 -0.0276 -0.2879 -0.3311 -0.3094 -0.1503 0.2375 0.0967 -0.0879 -0.3000 -0.3312 -0.3026 -0.1124 0.2305 0.0797 -0.1469 -0.3093 -0.3297 -0.2959 -0.0644 0.2146 0.0640 -0.2135
0.0596 0.2235 -0.0915 -0.2995 -0.3306 -0.3046 -0.1159 0.0884 0.2358 -0.1321 -0.3060 -0.3314 -0.2949 -0.0607 0.1057 0.2346 -0.1659 -0.3121 -0.3306 -0.2839 -0.0133 0.1298 0.1928 -0.2089 -0.3200 -0.3259 -0.2543 0.0392 0.1962 -0.0193 -0.2934 -0.3296 -0.3058 -0.1022 0.0994 0.2336 -0.1824 -0.3174 -0.3269 -0.2519 0.0464 0.2080 -0.0731 -0.3004 -0.3313 -0.2930 -0.0296 0.1303 0.1594 -0.2354 -0.3124 -0.2354 0.1594 0.1303 -0.0296 -0.2930 -0.3313 -0.3004 -0.0731 0.2080 0.0464 -0.2519 -0.3269 -0.3174 -0.1824 0.2336 0.0994 -0.1022 -0.3058 -0.3296 -0.2934 -0.0193 0.1962 0.0392 -0.2543 -0.3259 -0.3200 -0.2089 0.1928 0.1298 -0.0133 -0.2839 -0.3306 -0.3121 -0.1659 0.2346 0.1057 -0.0607 -0.2949 -0.3314 -0.3060 -0.1321 0.2358 0.0884 -0.1159 -0.3046 -0.3306 -0.2995 -0.0915 0.2235 0.0596
0.2187 -0.1141 -0.3029 -0.3312 -0.2997 -0.0860 0.0972 0.2375 -0.1500 -0.3092 -0.3313 -0.2896 -0.0370 0.1154 0.2248 -0.1818 -0.3149 -0.3298 -0.2790 0.0010 0.1401 0.1673 -0.2199 -0.3213 -0.3249 -0.2492 0.0417 0.1974 -0.0193 -0.2930 -0.3293 -0.3073 -0.1157 0.0947 0.2367 -0.1713 -0.3154 -0.3283 -0.2627 0.0370 0.1988 -0.0440 -0.2971 -0.3308 -0.2981 -0.0519 0.1189 0.1964 -0.2207 -0.3280 -0.3491 -0.3280 -0.2207 0.1964 0.1189 -0.0519 -0.2981 -0.3308 -0.2971 -0.0440 0.1988 0.0370 -0.2627 -0.3283 -0.3154 -0.1713 0.2367 0.0947 -0.1157 -0.3073 -0.3293 -0.2930 -0.0193 0.1974 0.0417 -0.2492 -0.3249 -0.3213 -0.2199 0.1673 0.1401 0.0010 -0.2790 -0.3298 -0.3149 -0.1818 0.2248 0.1154 -0.0370 -0.2896 -0.3313 -0.3092 -0.1500 0.2375 0.0972 -0.0860 -0.2997 -0.3312 -0.3029 -0.1141 0.2187
-0.1160 -0.3066 -0.3314 -0.2945 -0.0589 0.1064 0.2342 -0.1667 -0.3122 -0.3307 -0.2845 -0.0168 0.1261 0.2058 -0.1979 -0.3176 -0.3285 -0.2721 0.0145 0.1532 0.1298 -0.2336 -0.3230 -0.3233 -0.2403 0.0465 0.2010 -0.0286 -0.2934 -0.3293 -0.3078 -0.1227 0.0918 0.2375 -0.1628 -0.3137 -0.3293 -0.2703 0.0278 0.1870 -0.0104 -0.2938 -0.3301 -0.3029 -0.0772 0.1091 0.2193 -0.2035 -0.3210 -0.3374 -0.3168 -0.3374 -0.3210 -0.2035 0.2193 0.1091 -0.0772 -0.3029 -0.3301 -0.2938 -0.0104 0.1870 0.0278 -0.2703 -0.3293 -0.3137 -0.1628 0.2375 0.0918 -0.1227 -0.3078 -0.3293 -0.2934 -0.0286 0.2010 0.0465 -0.2403 -0.3233 -0.3230 -0.2336 0.1298 0.1532 0.0145 -0.2721 -0.3285 -0.3176 -0.1979 0.2058 0.1261 -0.0168 -0.2845 -0.3307 -0.3122 -0.1667 0.2342 0.1064 -0.0589 -0.2945 -0.3314 -0.3066 -0.1160
-0.2474 -0.3316 -0.2892 -0.0354 0.1161 0.2238 -0.1829 -0.3151 -0.3298 -0.2789 0.0004 0.1385 0.1753 -0.2143 -0.3202 -0.3267 -0.2621 0.0271 0.1693 0.0820 -0.2496 -0.3247 -0.3210 -0.2268 0.0529 0.2066 -0.0451 -0.2947 -0.3296 -0.3073 -0.1227 0.0908 0.2376 -0.1573 -0.3124 -0.3299 -0.2753 0.0193 0.1734 0.0264 -0.2858 -0.3291 -0.3071 -0.1042 0.1003 0.2318 -0.1877 -0.3185 -0.3250 -0.2366 -0.0157 -0.2366 -0.3250 -0.3185 -0.1877 0.2318 0.1003 -0.1042 -0.3071 -0.3291 -0.2858 0.0264 0.1734 0.0193 -0.2753 -0.3299 -0.3124 -0.1573 0.2376 0.0908 -0.1227 -0.3073 -0.3296 -0.2947 -0.0451 0.2066 0.0529 -0.2268 -0.3210 -0.3247 -0.2496 0.0820 0.1693 0.0271 -0.2621 -0.3267 -0.3202 -0.2143 0.1753 0.1385 0.0004 -0.2789 -0.3298 -0.3151 -0.1829 0.2238 0.1161 -0.0354 -0.2892 -0.3316 -0.2474
-0.2816 -0.2845 -0.0155 0.1269 0.2040 -0.1991 -0.3178 -0.3284 -0.2715 0.0151 0.1532 0.1325 -0.2313 -0.3225 -0.3244 -0.2487 0.0386 0.1870 0.0306 -0.2678 -0.3264 -0.3182 -0.2085 0.0604 0.2136 -0.0655 -0.2967 -0.3300 -0.3058 -0.1157 0.0918 0.2376 -0.1553 -0.3118 -0.3302 -0.2783 0.0123 0.1624 0.0615 -0.2725 -0.3281 -0.3108 -0.1308 0.0923 0.2369 -0.1725 -0.3160 -0.3276 -0.2566 0.0442 0.1163 0.0442 -0.2566 -0.3276 -0.3160 -0.1725 0.2369 0.0923 -0.1308 -0.3108 -0.3281 -0.2725 0.0615 0.1624 0.0123 -0.2783 -0.3302 -0.3118 -0.1553 0.2376 0.0918 -0.1157 -0.3058 -0.3300 -0.2967 -0.0655 0.2136 0.0604 -0.2085 -0.3182 -0.3264 -0.2678 0.0306 0.1870 0.0386 -0.2487 -0.3244 -0.3225 -0.2313 0.1325 0.1532 0.0151 -0.2715 -0.3284 -0.3178 -0.1991 0.2040 0.1269 -0.0155 -0.2845 -0.2816
-0.2563 0.0033 0.1395 0.1726 -0.2155 -0.3204 -0.3265 -0.2612 0.0280 0.1705 0.0803 -0.2494 -0.3246 -0.3216 -0.2315 0.0492 0.2010 -0.0158 -0.2852 -0.3280 -0.3147 -0.1853 0.0684 0.2211 -0.0865 -0.2992 -0.3306 -0.3033 -0.1022 0.0947 0.2375 -0.1573 -0.3118 -0.3303 -0.2796 0.0076 0.1553 0.0894 -0.2606 -0.3270 -0.3137 -0.1547 0.0852 0.2372 -0.1579 -0.3134 -0.3293 -0.2685 0.0325 0.1733 0.2170 0.1733 0.0325 -0.2685 -0.3293 -0.3134 -0.1579 0.2372 0.0852 -0.1547 -0.3137 -0.3270 -0.2606 0.0894 0.1553 0.0076 -0.2796 -0.3303 -0.3118 -0.1573 0.2375 0.0947 -0.1022 -0.3033 -0.3306 -0.2992 -0.0865 0.2211 0.0684 -0.1853 -0.3147 -0.3280 -0.2852 -0.0158 0.2010 0.0492 -0.2315 -0.3216 -0.3246 -0.2494 0.0803 0.1705 0.0280 -0.2612 -0.3265 -0.3204 -0.2155 0.1726 0.1395 0.0033 -0.2563
-0.0072 0.1545 0.1288 -0.2326 -0.3227 -0.3242 -0.2475 0.0395 0.1882 0.0270 -0.2690 -0.3265 -0.3184 -0.2101 0.0590 0.2111 -0.0529 -0.2946 -0.3293 -0.3108 -0.1576 0.0767 0.2283 -0.1067 -0.3020 -0.3311 -0.2998 -0.0840 0.0994 0.2367 -0.1628 -0.3124 -0.3302 -0.2796 0.0060 0.1519 0.1067 -0.2524 -0.3262 -0.3160 -0.1740 0.0789 0.2348 -0.1439 -0.3109 -0.3303 -0.2762 0.0200 0.1763 0.0247 -0.2160 0.0247 0.1763 0.0200 -0.2762 -0.3303 -0.3109 -0.1439 0.2348 0.0789 -0.1740 -0.3160 -0.3262 -0.2524 0.1067 0.1519 0.0060 -0.2796 -0.3302 -0.3124 -0.1628 0.2367 0.0994 -0.0840 -0.2998 -0.3311 -0.3020 -0.1067 0.2283 0.0767 -0.1576 -0.3108 -0.3293 -0.2946 -0.0529 0.2111 0.0590 -0.2101 -0.3184 -0.3265 -0.2690 0.0270 0.1882 0.0395 -0.2475 -0.3242 -0.3227 -0.2326 0.1288 0.1545 -0.0072
0.1636 0.0756 -0.2508 -0.3248 -0.3213 -0.2300 0.0500 0.2018 -0.0191 -0.2862 -0.3281 -0.3147 -0.1846 0.0682 0.2204 -0.0822 -0.2982 -0.3303 -0.3063 -0.1271 0.0853 0.2342 -0.1257 -0.3050 -0.3313 -0.2957 -0.0633 0.1058 0.2336 -0.1713 -0.3137 -0.3299 -0.2783 0.0076 0.1519 0.1125 -0.2484 -0.3256 -0.3175 -0.1879 0.0738 0.2313 -0.1310 -0.3085 -0.3309 -0.2814 0.0077 0.1604 0.0566 -0.2744 -0.3198 -0.2744 0.0566 0.1604 0.0077 -0.2814 -0.3309 -0.3085 -0.1310 0.2313 0.0738 -0.1879 -0.3175 -0.3256 -0.2484 0.1125 0.1519 0.0076 -0.2783 -0.3299 -0.3137 -0.1713 0.2336 0.1058 -0.0633 -0.2957 -0.3313 -0.3050 -0.1257 0.2342 0.0853 -0.1271 -0.3063 -0.3303 -0.2982 -0.0822 0.2204 0.0682 -0.1846 -0.3147 -0.3281 -0.2862 -0.0191 0.2018 0.0500 -0.2300 -0.3213 -0.3248 -0.2508 0.0756 0.1636
0.0231 -0.2705 -0.3266 -0.3181 -0.2083 0.0597 0.2118 -0.0555 -0.2949 -0.3294 -0.3105 -0.1556 0.0772 0.2285 -0.1062 -0.3017 -0.3310 -0.3015 -0.0965 0.0940 0.2374 -0.1437 -0.3081 -0.3313 -0.2911 -0.0425 0.1136 0.2259 -0.1824 -0.3154 -0.3293 -0.2753 0.0123 0.1553 0.1067 -0.2484 -0.3254 -0.3182 -0.1962 0.0701 0.2279 -0.1199 -0.3064 -0.3312 -0.2853 -0.0050 0.1466 0.1073 -0.2584 -0.3331 -0.3504 -0.3331 -0.2584 0.1073 0.1466 -0.0050 -0.2853 -0.3312 -0.3064 -0.1199 0.2279 0.0701 -0.1962 -0.3182 -0.3254 -0.2484 0.1067 0.1553 0.0123 -0.2753 -0.3293 -0.3154 -0.1824 0.2259 0.1136 -0.0425 -0.2911 -0.3313 -0.3081 -0.1437 0.2374 0.0940 -0.0965 -0.3015 -0.3310 -0.3017 -0.1062 0.2285 0.0772 -0.1556 -0.3105 -0.3294 -0.2949 -0.0555 0.2118 0.0597 -0.2083 -0.3181 -0.3266 -0.2705 0.0231
-0.2224 -0.3286 -0.3143 -0.1824 0.0689 0.2211 -0.0843 -0.2984 -0.3304 -0.3060 -0.1248 0.0859 0.2346 -0.1267 -0.3050 -0.3314 -0.2964 -0.0682 0.1030 0.2361 -0.1608 -0.3111 -0.3310 -0.2862 -0.0230 0.1229 0.2111 -0.1954 -0.3174 -0.3283 -0.2703 0.0193 0.1624 0.0894 -0.2524 -0.3256 -0.3182 -0.1990 0.0681 0.2255 -0.1114 -0.3048 -0.3313 -0.2886 -0.0174 0.1359 0.1473 -0.2418 -0.3254 -0.3314 -0.2973 -0.3314 -0.3254 -0.2418 0.1473 0.1359 -0.0174 -0.2886 -0.3313 -0.3048 -0.1114 0.2255 0.0681 -0.1990 -0.3182 -0.3256 -0.2524 0.0894 0.1624 0.0193 -0.2703 -0.3283 -0.3174 -0.1954 0.2111 0.1229 -0.0230 -0.2862 -0.3310 -0.3111 -0.1608 0.2361 0.1030 -0.0682 -0.2964 -0.3314 -0.3050 -0.1267 0.2346 0.0859 -0.1248 -0.3060 -0.3304 -0.2984 -0.0843 0.2211 0.0689 -0.1824 -0.3143 -0.3286 -0.2224
-0.2743 -0.3105 -0.1534 0.0779 0.2291 -0.1079 -0.3019 -0.3311 -0.3011 -0.0944 0.0947 0.2375 -0.1450 -0.3083 -0.3314 -0.2911 -0.0434 0.1125 0.2285 -0.1772 -0.3141 -0.3302 -0.2810 -0.0055 0.1339 0.1863 -0.2097 -0.3196 -0.3269 -0.2627 0.0278 0.1734 0.0615 -0.2606 -0.3262 -0.3175 -0.1962 0.0681 0.2246 -0.1067 -0.3037 -0.3313 -0.2911 -0.0284 0.1280 0.1759 -0.2283 -0.3239 -0.3186 -0.1872 0.0162 -0.1872 -0.3186 -0.3239 -0.2283 0.1759 0.1280 -0.0284 -0.2911 -0.3313 -0.3037 -0.1067 0.2246 0.0681 -0.1962 -0.3175 -0.3262 -0.2606 0.0615 0.1734 0.0278 -0.2627 -0.3269 -0.3196 -0.2097 0.1863 0.1339 -0.0055 -0.2810 -0.3302 -0.3141 -0.1772 0.2285 0.1125 -0.0434 -0.2911 -0.3314 -0.3083 -0.1450 0.2375 0.0947 -0.0944 -0.3011 -0.3311 -0.3019 -0.1079 0.2291 0.0779 -0.1534 -0.3105 -0.2743
-0.2716 -0.1206 0.0865 0.2349 -0.1282 -0.3053 -0.3314 -0.2960 -0.0663 0.1037 0.2358 -0.1620 -0.3114 -0.3309 -0.2859 -0.0222 0.1229 0.2124 -0.1933 -0.3169 -0.3289 -0.2745 0.0099 0.1475 0.1492 -0.2253 -0.3218 -0.3250 -0.2519 0.0370 0.1870 0.0264 -0.2725 -0.3270 -0.3160 -0.1879 0.0701 0.2255 -0.1067 -0.3034 -0.3313 -0.2927 -0.0370 0.1226 0.1945 -0.2174 -0.3225 -0.3216 -0.2148 0.0652 0.1401 0.0652 -0.2148 -0.3216 -0.3225 -0.2174 0.1945 0.1226 -0.0370 -0.2927 -0.3313 -0.3034 -0.1067 0.2255 0.0701 -0.1879 -0.3160 -0.3270 -0.2725 0.0264 0.1870 0.0370 -0.2519 -0.3250 -0.3218 -0.2253 0.1492 0.1475 0.0099 -0.2745 -0.3289 -0.3169 -0.1933 0.2124 0.1229 -0.0222 -0.2859 -0.3309 -0.3114 -0.1620 0.2358 0.1037 -0.0663 -0.2960 -0.3314 -0.3053 -0.1282 0.2349 0.0865 -0.1206 -0.2716
-0.1291 0.0970 0.2375 -0.1464 -0.3085 -0.3314 -0.2908 -0.0418 0.1132 0.2276 -0.1783 -0.3143 -0.3301 -0.2806 -0.0043 0.1347 0.1853 -0.2095 -0.3195 -0.3272 -0.2653 0.0234 0.1638 0.1000 -0.2426 -0.3239 -0.3225 -0.2373 0.0464 0.1988 -0.0104 -0.2858 -0.3281 -0.3137 -0.1740 0.0738 0.2279 -0.1114 -0.3037 -0.3313 -0.2933 -0.0418 0.1192 0.2051 -0.2096 -0.3212 -0.3236 -0.2312 0.0583 0.2024 0.1615 0.2024 0.0583 -0.2312 -0.3236 -0.3212 -0.2096 0.2051 0.1192 -0.0418 -0.2933 -0.3313 -0.3037 -0.1114 0.2279 0.0738 -0.1740 -0.3137 -0.3281 -0.2858 -0.0104 0.1988 0.0464 -0.2373 -0.3225 -0.3239 -0.2426 0.1000 0.1638 0.0234 -0.2653 -0.3272 -0.3195 -0.2095 0.1853 0.1347 -0.0043 -0.2806 -0.3301 -0.3143 -0.1783 0.2276 0.1132 -0.0418 -0.2908 -0.3314 -0.3085 -0.1464 0.2375 0.0970 -0.1291
0.0973 0.2353 -0.1633 -0.3116 -0.3309 -0.2856 -0.0208 0.1237 0.2108 -0.1944 -0.3171 -0.3288 -0.2739 0.0111 0.1487 0.1460 -0.2263 -0.3219 -0.3251 -0.2529 0.0354 0.1826 0.0460 -0.2616 -0.3258 -0.3195 -0.2181 0.0557 0.2080 -0.0440 -0.2938 -0.3291 -0.3108 -0.1547 0.0789 0.2313 -0.1199 -0.3048 -0.3313 -0.2927 -0.0418 0.1181 0.2100 -0.2046 -0.3203 -0.3248 -0.2413 0.0515 0.2119 -0.0727 -0.2497 -0.0727 0.2119 0.0515 -0.2413 -0.3248 -0.3203 -0.2046 0.2100 0.1181 -0.0418 -0.2927 -0.3313 -0.3048 -0.1199 0.2313 0.0789 -0.1547 -0.3108 -0.3291 -0.2938 -0.0440 0.2080 0.0557 -0.2181 -0.3195 -0.3258 -0.2616 0.0460 0.1826 0.0354 -0.2529 -0.3251 -0.3219 -0.2263 0.1460 0.1487 0.0111 -0.2739 -0.3288 -0.3171 -0.1944 0.2108 0.1237 -0.0208 -0.2856 -0.3309 -0.3116 -0.1633 0.2353 0.0973
0.2114 -0.1795 -0.3145 -0.3300 -0.2802 -0.0031 0.1356 0.1829 -0.2107 -0.3197 -0.3271 -0.2645 0.0244 0.1652 0.0959 -0.2441 -0.3240 -0.3225 -0.2369 0.0462 0.1980 -0.0034 -0.2815 -0.3275 -0.3160 -0.1942 0.0649 0.2172 -0.0731 -0.2971 -0.3301 -0.3071 -0.1308 0.0852 0.2348 -0.1310 -0.3064 -0.3313 -0.2911 -0.0370 0.1192 0.2100 -0.2028 -0.3198 -0.3255 -0.2476 0.0467 0.2060 -0.0629 -0.2994 -0.3286 -0.2994 -0.0629 0.2060 0.0467 -0.2476 -0.3255 -0.3198 -0.2028 0.2100 0.1192 -0.0370 -0.2911 -0.3313 -0.3064 -0.1310 0.2348 0.0852 -0.1308 -0.3071 -0.3301 -0.2971 -0.0731 0.2172 0.0649 -0.1942 -0.3160 -0.3275 -0.2815 -0.0034 0.1980 0.0462 -0.2369 -0.3225 -0.3240 -0.2441 0.0959 0.1652 0.0244 -0.2645 -0.3271 -0.3197 -0.2107 0.1829 0.1356 -0.0031 -0.2802 -0.3300 -0.3145 -0.1795 0.2114
-0.1645 -0.3177 -0.3287 -0.2733 0.0121 0.1498 0.1427 -0.2276 -0.3220 -0.3249 -0.2518 0.0363 0.1838 0.0418 -0.2632 -0.3260 -0.3193 -0.2167 0.0562 0.2082 -0.0432 -0.2935 -0.3290 -0.3120 -0.1664 0.0740 0.2258 -0.0981 -0.3004 -0.3308 -0.3029 -0.1042 0.0923 0.2372 -0.1439 -0.3085 -0.3312 -0.2886 -0.0284 0.1226 0.2051 -0.2046 -0.3198 -0.3257 -0.2507 0.0436 0.2021 -0.0461 -0.2967 -0.3381 -0.3490 -0.3381 -0.2967 -0.0461 0.2021 0.0436 -0.2506 -0.3257 -0.3198 -0.2046 0.2051 0.1226 -0.0284 -0.2886 -0.3312 -0.3085 -0.1439 0.2372 0.0923 -0.1042 -0.3029 -0.3308 -0.3004 -0.0981 0.2258 0.0740 -0.1664 -0.3120 -0.3290 -0.2935 -0.0432 0.2082 0.0562 -0.2167 -0.3193 -0.3260 -0.2632 0.0418 0.1838 0.0363 -0.2518 -0.3249 -0.3220 -0.2276 0.1427 0.1498 0.0121 -0.2733 -0.3287 -0.3177 -0.1645
-0.2603 -0.3273 -0.2636 0.0253 0.1665 0.0919 -0.2454 -0.3242 -0.3222 -0.2354 0.0470 0.1988 -0.0068 -0.2825 -0.3277 -0.3158 -0.1923 0.0656 0.2178 -0.0745 -0.2972 -0.3301 -0.3076 -0.1360 0.0828 0.2327 -0.1196 -0.3038 -0.3313 -0.2981 -0.0772 0.1003 0.2369 -0.1579 -0.3109 -0.3309 -0.2853 -0.0174 0.1280 0.1945 -0.2096 -0.3203 -0.3255 -0.2507 0.0425 0.2000 -0.0353 -0.2950 -0.3297 -0.3174 -0.2458 -0.3174 -0.3297 -0.2950 -0.0353 0.1999 0.0425 -0.2506 -0.3255 -0.3203 -0.2096 0.1945 0.1280 -0.0174 -0.2853 -0.3309 -0.3109 -0.1579 0.2369 0.1003 -0.0772 -0.2981 -0.3313 -0.3038 -0.1196 0.2327 0.0828 -0.1360 -0.3076 -0.3301 -0.2972 -0.0745 0.2178 0.0656 -0.1923 -0.3158 -0.3277 -0.2825 -0.0068 0.1988 0.0470 -0.2354 -0.3222 -0.3242 -0.2454 0.0919 0.1665 0.0253 -0.2636 -0.3273 -0.2603
-0.2811 -0.2505 0.0370 0.1849 0.0380 -0.2646 -0.3261 -0.3191 -0.2149 0.0570 0.2090 -0.0459 -0.2938 -0.3291 -0.3118 -0.1642 0.0746 0.2264 -0.0997 -0.3007 -0.3309 -0.3029 -0.1052 0.0915 0.2369 -0.1386 -0.3071 -0.3314 -0.2930 -0.0519 0.1091 0.2318 -0.1725 -0.3134 -0.3303 -0.2814 -0.0050 0.1359 0.1759 -0.2175 -0.3212 -0.3248 -0.2476 0.0436 0.2000 -0.0314 -0.2943 -0.3296 -0.3043 -0.0908 0.0489 -0.0908 -0.3043 -0.3297 -0.2943 -0.0314 0.1999 0.0436 -0.2476 -0.3248 -0.3212 -0.2174 0.1759 0.1359 -0.0050 -0.2814 -0.3303 -0.3134 -0.1725 0.2318 0.1091 -0.0519 -0.2930 -0.3314 -0.3071 -0.1386 0.2369 0.0915 -0.1052 -0.3029 -0.3309 -0.3007 -0.0997 0.2264 0.0746 -0.1642 -0.3118 -0.3291 -0.2938 -0.0459 0.2090 0.0570 -0.2149 -0.3191 -0.3261 -0.2646 0.0380 0.1849 0.0370 -0.2505 -0.2811
-0.2338 0.0494 0.1996 -0.0100 -0.2834 -0.3278 -0.3154 -0.1902 0.0663 0.2185 -0.0766 -0.2974 -0.3302 -0.3073 -0.1338 0.0834 0.2331 -0.1211 -0.3041 -0.3313 -0.2979 -0.0761 0.1004 0.2370 -0.1560 -0.3103 -0.3312 -0.2878 -0.0296 0.1189 0.2193 -0.1877 -0.3160 -0.3293 -0.2761 0.0077 0.1466 0.1473 -0.2283 -0.3225 -0.3237 -0.2413 0.0467 0.2021 -0.0353 -0.2943 -0.3297 -0.3061 -0.1081 0.0939 0.1851 0.0939 -0.1080 -0.3060 -0.3297 -0.2943 -0.0353 0.2021 0.0467 -0.2413 -0.3236 -0.3225 -0.2283 0.1473 0.1466 0.0077 -0.2762 -0.3293 -0.3160 -0.1877 0.2193 0.1189 -0.0296 -0.2878 -0.3312 -0.3102 -0.1560 0.2370 0.1004 -0.0760 -0.2979 -0.3313 -0.3041 -0.1211 0.2331 0.0834 -0.1338 -0.3073 -0.3302 -0.2974 -0.0766 0.2186 0.0663 -0.1902 -0.3154 -0.3278 -0.2834 -0.0100 0.1996 0.0494 -0.2338
0.0433 0.2098 -0.0484 -0.2941 -0.3291 -0.3114 -0.1619 0.0753 0.2270 -0.1015 -0.3009 -0.3309 -0.3026 -0.1030 0.0921 0.2370 -0.1399 -0.3074 -0.3314 -0.2926 -0.0502 0.1097 0.2315 -0.1725 -0.3133 -0.3305 -0.2827 -0.0105 0.1302 0.1966 -0.2035 -0.3186 -0.3278 -0.2685 0.0199 0.1600 0.1079 -0.2417 -0.3240 -0.3219 -0.2313 0.0515 0.2060 -0.0459 -0.2950 -0.3298 -0.3063 -0.1136 0.0942 0.2386 -0.0206 0.2386 0.0943 -0.1134 -0.3060 -0.3297 -0.2950 -0.0461 0.2060 0.0515 -0.2312 -0.3216 -0.3239 -0.2418 0.1073 0.1604 0.0200 -0.2685 -0.3276 -0.3185 -0.2035 0.1964 0.1303 -0.0105 -0.2827 -0.3302 -0.3132 -0.1725 0.2314 0.1098 -0.0501 -0.2925 -0.3313 -0.3073 -0.1400 0.2370 0.0922 -0.1030 -0.3023 -0.3308 -0.3009 -0.1016 0.2270 0.0753 -0.1619 -0.3112 -0.3290 -0.2941 -0.0486 0.2098 0.0434
0.2083 -0.0789 -0.2977 -0.3302 -0.3069 -0.1313 0.0841 0.2335 -0.1226 -0.3043 -0.3314 -0.2975 -0.0741 0.1010 0.2368 -0.1572 -0.3105 -0.3311 -0.2874 -0.0280 0.1198 0.2180 -0.1886 -0.3161 -0.3293 -0.2766 0.0057 0.1433 0.1618 -0.2201 -0.3210 -0.3258 -0.2577 0.0315 0.1767 0.0606 -0.2574 -0.3256 -0.3196 -0.2169 0.0576 0.2114 -0.0609 -0.2964 -0.3301 -0.3054 -0.1107 0.0938 0.2373 -0.1585 -0.2933 -0.1594 0.2370 0.0943 -0.1080 -0.3043 -0.3297 -0.2967 -0.0629 0.2119 0.0583 -0.2148 -0.3186 -0.3254 -0.2584 0.0566 0.1763 0.0325 -0.2566 -0.3250 -0.3210 -0.2207 0.1594 0.1431 0.0068 -0.2760 -0.3286 -0.3161 -0.1893 0.2169 0.1198 -0.0265 -0.2869 -0.3305 -0.3106 -0.1580 0.2366 0.1012 -0.0720 -0.2966 -0.3308 -0.3045 -0.1235 0.2337 0.0844 -0.1290 -0.3060 -0.3299 -0.2979 -0.0799 0.2085
-0.0900 -0.3016 -0.3309 -0.3022 -0.1006 0.0928 0.2372 -0.1413 -0.3076 -0.3314 -0.2923 -0.0484 0.1104 0.2308 -0.1737 -0.3135 -0.3304 -0.2822 -0.0092 0.1311 0.1943 -0.2048 -0.3187 -0.3278 -0.2683 0.0197 0.1588 0.1151 -0.2374 -0.3233 -0.3234 -0.2431 0.0424 0.1928 0.0124 -0.2757 -0.3270 -0.3167 -0.1978 0.0646 0.2179 -0.0786 -0.2984 -0.3305 -0.3036 -0.1020 0.0955 0.2373 -0.1618 -0.3150 -0.3456 -0.3180 -0.1594 0.2386 0.0939 -0.0908 -0.3174 -0.3381 -0.2994 -0.0727 0.2024 0.0652 -0.1872 -0.3314 -0.3331 -0.2744 0.0247 0.1733 0.0442 -0.2366 -0.3374 -0.3280 -0.2354 0.1299 0.1460 0.0227 -0.2673 -0.3405 -0.3225 -0.2023 0.2034 0.1241 -0.0044 -0.2880 -0.3417 -0.3163 -0.1708 0.2344 0.1065 -0.0410 -0.3036 -0.3412 -0.3096 -0.1374 0.2364 0.0909 -0.0905 -0.3163 -0.3392 -0.3028 -0.0833
-0.2417 -0.3316 -0.2970 -0.0719 0.1018 0.2366 -0.1586 -0.3107 -0.3310 -0.2870 -0.0265 0.1206 0.2166 -0.1898 -0.3163 -0.3291 -0.2761 0.0069 0.1445 0.1585 -0.2214 -0.3212 -0.3256 -0.2569 0.0321 0.1774 0.0613 -0.2560 -0.3253 -0.3204 -0.2245 0.0527 0.2046 -0.0301 -0.2899 -0.3284 -0.3131 -0.1742 0.0721 0.2248 -0.0974 -0.3007 -0.3308 -0.3009 -0.0882 0.0989 0.2367 -0.1642 -0.3126 -0.3547 -0.3800 -0.3451 -0.2934 -0.0206 0.1851 0.0489 -0.2458 -0.3490 -0.3286 -0.2497 0.1615 0.1401 0.0162 -0.2973 -0.3504 -0.3198 -0.2160 0.2170 0.1163 -0.0157 -0.3168 -0.3491 -0.3124 -0.1694 0.2258 0.0984 -0.0574 -0.3296 -0.3462 -0.3049 -0.1237 0.2174 0.0815 -0.1147 -0.3389 -0.3422 -0.2970 -0.0693 0.2015 0.0658 -0.1793 -0.3453 -0.3373 -0.2874 0.0090 0.1818 0.0497 -0.2358 -0.3489 -0.3324 -0.2127
