0.2204 0.1995 0.2633 0.3727 0.4803 0.4235 0.2197 0.1868 0.2343 0.3275 0.4561 0.4619 0.2988 0.1839 0.2117 0.2878 0.4083 0.4800 0.3798 0.1944 0.1950 0.2543 0.3592 0.4766 0.4370 0.2385 0.1848 0.2272 0.3155 0.4437 0.4690 0.3239 0.1852 0.2063 0.2775 0.3937 0.4815 0.3992 0.2016 0.1913 0.2458 0.3461 0.4703 0.4484 0.2616 0.1837 0.2206 0.3040 0.4302 0.4720 0.4142 0.4720 0.4302 0.3040 0.2206 0.1837 0.2616 0.4484 0.4703 0.3461 0.2458 0.1913 0.2016 0.3992 0.4815 0.3937 0.2775 0.2063 0.1852 0.3239 0.4690 0.4437 0.3155 0.2272 0.1848 0.2385 0.4370 0.4766 0.3592 0.2543 0.1950 0.1944 0.3798 0.4800 0.4083 0.2878 0.2117 0.1839 0.2988 0.4619 0.4561 0.3275 0.2343 0.1868 0.2197 0.4235 0.4803 0.3727 0.2633 0.1995 0.2204
0.1995 0.2532 0.3740 0.4826 0.4228 0.2066 0.1591 0.2163 0.3217 0.4608 0.4609 0.2981 0.1566 0.1898 0.2770 0.4108 0.4802 0.3807 0.1715 0.1695 0.2391 0.3570 0.4796 0.4362 0.2310 0.1568 0.2080 0.3081 0.4482 0.4682 0.3242 0.1587 0.1834 0.2654 0.3949 0.4824 0.3999 0.1818 0.1647 0.2294 0.3423 0.4742 0.4474 0.2579 0.1559 0.2003 0.2952 0.4338 0.4738 0.3515 0.2034 0.3515 0.4738 0.4338 0.2952 0.2003 0.1559 0.2579 0.4474 0.4742 0.3423 0.2294 0.1647 0.1818 0.3999 0.4824 0.3949 0.2654 0.1834 0.1587 0.3242 0.4682 0.4482 0.3081 0.2080 0.1568 0.2310 0.4362 0.4796 0.3570 0.2391 0.1695 0.1715 0.3807 0.4802 0.4108 0.2770 0.1898 0.1566 0.2981 0.4609 0.4608 0.3217 0.2163 0.1591 0.2066 0.4228 0.4826 0.3740 0.2532 0.1995
0.2633 0.3740 0.4810 0.4287 0.2186 0.1575 0.2107 0.3121 0.4514 0.4654 0.3156 0.1577 0.1852 0.2685 0.3989 0.4810 0.3938 0.1778 0.1660 0.2320 0.3461 0.4751 0.4437 0.2488 0.1559 0.2024 0.2986 0.4373 0.4718 0.3407 0.1608 0.1791 0.2573 0.3832 0.4819 0.4112 0.1915 0.1616 0.2228 0.3318 0.4676 0.4537 0.2762 0.1557 0.1950 0.2860 0.4221 0.4766 0.3630 0.1650 0.1512 0.1650 0.3630 0.4766 0.4221 0.2860 0.1950 0.1557 0.2762 0.4537 0.4676 0.3318 0.2228 0.1616 0.1915 0.4112 0.4819 0.3832 0.2573 0.1791 0.1608 0.3407 0.4718 0.4373 0.2986 0.2024 0.1559 0.2488 0.4437 0.4751 0.3461 0.2320 0.1660 0.1778 0.3938 0.4810 0.3989 0.2685 0.1852 0.1577 0.3156 0.4654 0.4514 0.3121 0.2107 0.1575 0.2186 0.4287 0.4810 0.3740 0.2633
0.3727 0.4826 0.4287 0.2238 0.1569 0.2070 0.3049 0.4434 0.4696 0.3318 0.1595 0.1811 0.2611 0.3885 0.4819 0.4057 0.1863 0.1630 0.2259 0.3366 0.4705 0.4505 0.2671 0.1556 0.1975 0.2902 0.4274 0.4752 0.3562 0.1638 0.1753 0.2502 0.3730 0.4816 0.4213 0.2041 0.1593 0.2170 0.3227 0.4610 0.4594 0.2944 0.1562 0.1905 0.2780 0.4117 0.4791 0.3779 0.1702 0.1671 0.1970 0.1671 0.1702 0.3779 0.4791 0.4117 0.2780 0.1905 0.1562 0.2944 0.4594 0.4610 0.3227 0.2170 0.1593 0.2041 0.4213 0.4816 0.3730 0.2502 0.1753 0.1638 0.3562 0.4752 0.4274 0.2902 0.1975 0.1556 0.2671 0.4505 0.4705 0.3366 0.2259 0.1630 0.1863 0.4057 0.4819 0.3885 0.2611 0.1811 0.1595 0.3318 0.4696 0.4434 0.3049 0.2070 0.1569 0.2238 0.4287 0.4826 0.3727
0.4803 0.4228 0.2186 0.1569 0.2056 0.3006 0.4369 0.4726 0.3457 0.1619 0.1774 0.2540 0.3783 0.4819 0.4164 0.1974 0.1604 0.2199 0.3272 0.4645 0.4566 0.2854 0.1559 0.1927 0.2820 0.4170 0.4779 0.3709 0.1678 0.1717 0.2433 0.3629 0.4802 0.4304 0.2192 0.1576 0.2114 0.3136 0.4531 0.4645 0.3121 0.1574 0.1861 0.2702 0.4012 0.4808 0.3912 0.1763 0.1671 0.2303 0.2876 0.2303 0.1671 0.1763 0.3912 0.4808 0.4012 0.2702 0.1861 0.1574 0.3121 0.4645 0.4531 0.3136 0.2114 0.1576 0.2192 0.4304 0.4802 0.3629 0.2433 0.1717 0.1678 0.3709 0.4779 0.4170 0.2820 0.1927 0.1559 0.2854 0.4566 0.4645 0.3272 0.2199 0.1604 0.1974 0.4164 0.4819 0.3783 0.2540 0.1774 0.1619 0.3457 0.4726 0.4369 0.3006 0.2056 0.1569 0.2186 0.4228 0.4803
0.4235 0.2066 0.1575 0.2070 0.3006 0.4345 0.4742 0.3553 0.1643 0.1744 0.2478 0.3688 0.4811 0.4257 0.2112 0.1584 0.2142 0.3181 0.4572 0.4621 0.3034 0.1567 0.1883 0.2741 0.4065 0.4800 0.3846 0.1730 0.1683 0.2366 0.3531 0.4777 0.4385 0.2361 0.1564 0.2061 0.3048 0.4442 0.4690 0.3290 0.1591 0.1819 0.2626 0.3907 0.4818 0.4033 0.1843 0.1637 0.2278 0.3389 0.4244 0.3389 0.2278 0.1637 0.1843 0.4033 0.4818 0.3907 0.2626 0.1819 0.1591 0.3290 0.4690 0.4442 0.3048 0.2061 0.1564 0.2361 0.4385 0.4777 0.3531 0.2366 0.1683 0.1730 0.3846 0.4800 0.4065 0.2741 0.1883 0.1567 0.3034 0.4621 0.4572 0.3181 0.2142 0.1584 0.2112 0.4257 0.4811 0.3688 0.2478 0.1744 0.1643 0.3553 0.4742 0.4345 0.3006 0.2070 0.1575 0.2066 0.4235
0.2197 0.1591 0.2107 0.3049 0.4369 0.4742 0.3588 0.1660 0.1723 0.2430 0.3608 0.4795 0.4336 0.2263 0.1570 0.2088 0.3092 0.4487 0.4668 0.3207 0.1582 0.1840 0.2664 0.3959 0.4814 0.3974 0.1800 0.1651 0.2303 0.3434 0.4740 0.4458 0.2541 0.1558 0.2010 0.2962 0.4345 0.4728 0.3452 0.1616 0.1780 0.2553 0.3803 0.4820 0.4143 0.1949 0.1609 0.2212 0.3299 0.4662 0.4732 0.4662 0.3299 0.2212 0.1609 0.1949 0.4143 0.4820 0.3803 0.2553 0.1780 0.1616 0.3452 0.4728 0.4345 0.2962 0.2010 0.1558 0.2541 0.4458 0.4740 0.3434 0.2303 0.1651 0.1800 0.3974 0.4814 0.3959 0.2664 0.1840 0.1582 0.3207 0.4668 0.4487 0.3092 0.2088 0.1570 0.2263 0.4336 0.4795 0.3608 0.2430 0.1723 0.1660 0.3588 0.4742 0.4369 0.3049 0.2107 0.1591 0.2197
0.1868 0.2163 0.3121 0.4434 0.4726 0.3553 0.1660 0.1716 0.2403 0.3553 0.4777 0.4397 0.2409 0.1561 0.2040 0.3009 0.4396 0.4710 0.3372 0.1603 0.1799 0.2589 0.3855 0.4820 0.4089 0.1892 0.1622 0.2241 0.3339 0.4689 0.4524 0.2724 0.1557 0.1961 0.2878 0.4244 0.4760 0.3605 0.1648 0.1742 0.2482 0.3701 0.4813 0.4240 0.2082 0.1588 0.2154 0.3201 0.4593 0.4579 0.3854 0.4579 0.4593 0.3201 0.2154 0.1588 0.2082 0.4240 0.4813 0.3701 0.2482 0.1742 0.1648 0.3605 0.4760 0.4244 0.2878 0.1961 0.1557 0.2724 0.4524 0.4689 0.3339 0.2241 0.1622 0.1892 0.4089 0.4820 0.3855 0.2589 0.1799 0.1603 0.3372 0.4710 0.4396 0.3009 0.2040 0.1561 0.2409 0.4397 0.4777 0.3553 0.2403 0.1716 0.1660 0.3553 0.4726 0.4434 0.3121 0.2163 0.1868
0.2343 0.3217 0.4514 0.4696 0.3457 0.1643 0.1723 0.2403 0.3533 0.4764 0.4437 0.2527 0.1557 0.1998 0.2935 0.4306 0.4743 0.3525 0.1631 0.1761 0.2517 0.3752 0.4817 0.4192 0.2011 0.1598 0.2182 0.3246 0.4625 0.4583 0.2906 0.1561 0.1914 0.2797 0.4140 0.4786 0.3749 0.1692 0.1707 0.2414 0.3601 0.4796 0.4328 0.2239 0.1572 0.2099 0.3111 0.4506 0.4654 0.3207 0.1789 0.3207 0.4654 0.4506 0.3111 0.2099 0.1572 0.2239 0.4328 0.4796 0.3601 0.2414 0.1707 0.1692 0.3749 0.4786 0.4140 0.2797 0.1914 0.1561 0.2906 0.4583 0.4625 0.3246 0.2182 0.1598 0.2011 0.4192 0.4817 0.3752 0.2517 0.1761 0.1631 0.3525 0.4743 0.4306 0.2935 0.1998 0.1557 0.2527 0.4437 0.4764 0.3533 0.2403 0.1723 0.1643 0.3457 0.4696 0.4514 0.3217 0.2343
0.3275 0.4608 0.4654 0.3318 0.1619 0.1744 0.2430 0.3553 0.4764 0.4451 0.2594 0.1556 0.1968 0.2874 0.4223 0.4769 0.3660 0.1665 0.1726 0.2449 0.3651 0.4806 0.4285 0.2157 0.1579 0.2126 0.3155 0.4548 0.4635 0.3084 0.1571 0.1870 0.2718 0.4034 0.4805 0.3884 0.1748 0.1674 0.2348 0.3503 0.4768 0.4407 0.2412 0.1562 0.2046 0.3023 0.4415 0.4702 0.3330 0.1585 0.1552 0.1585 0.3330 0.4702 0.4415 0.3023 0.2046 0.1562 0.2412 0.4407 0.4768 0.3503 0.2348 0.1674 0.1748 0.3884 0.4805 0.4034 0.2718 0.1870 0.1571 0.3084 0.4635 0.4548 0.3155 0.2126 0.1579 0.2157 0.4285 0.4806 0.3651 0.2449 0.1726 0.1665 0.3660 0.4769 0.4223 0.2874 0.1968 0.1556 0.2594 0.4451 0.4764 0.3553 0.2430 0.1744 0.1619 0.3318 0.4654 0.4608 0.3275
0.4561 0.4609 0.3156 0.1595 0.1774 0.2478 0.3608 0.4777 0.4437 0.2594 0.1556 0.1951 0.2833 0.4159 0.4787 0.3771 0.1705 0.1696 0.2387 0.3556 0.4784 0.4367 0.2323 0.1566 0.2072 0.3066 0.4461 0.4681 0.3256 0.1587 0.1828 0.2642 0.3929 0.4816 0.4008 0.1824 0.1643 0.2285 0.3406 0.4727 0.4478 0.2593 0.1557 0.1995 0.2938 0.4317 0.4738 0.3496 0.1625 0.1739 0.2073 0.1739 0.1625 0.3496 0.4738 0.4317 0.2938 0.1995 0.1557 0.2593 0.4478 0.4727 0.3406 0.2285 0.1643 0.1824 0.4008 0.4816 0.3929 0.2642 0.1828 0.1587 0.3256 0.4681 0.4461 0.3066 0.2072 0.1566 0.2323 0.4367 0.4784 0.3556 0.2387 0.1696 0.1705 0.3771 0.4787 0.4159 0.2833 0.1951 0.1556 0.2594 0.4437 0.4777 0.3608 0.2478 0.1774 0.1595 0.3156 0.4609 0.4561
0.4619 0.2981 0.1577 0.1811 0.2540 0.3688 0.4795 0.4397 0.2527 0.1556 0.1951 0.2819 0.4123 0.4797 0.3853 0.1747 0.1670 0.2332 0.3470 0.4753 0.4439 0.2496 0.1559 0.2021 0.2980 0.4366 0.4721 0.3419 0.1610 0.1788 0.2568 0.3825 0.4820 0.4120 0.1923 0.1615 0.2224 0.3312 0.4672 0.4541 0.2777 0.1557 0.1947 0.2855 0.4214 0.4768 0.3647 0.1660 0.1736 0.2433 0.3053 0.2433 0.1736 0.1660 0.3647 0.4768 0.4214 0.2855 0.1947 0.1557 0.2777 0.4541 0.4672 0.3312 0.2224 0.1615 0.1923 0.4120 0.4820 0.3825 0.2568 0.1788 0.1610 0.3419 0.4721 0.4366 0.2980 0.2021 0.1559 0.2496 0.4439 0.4753 0.3470 0.2332 0.1670 0.1747 0.3853 0.4797 0.4123 0.2819 0.1951 0.1556 0.2527 0.4397 0.4795 0.3688 0.2540 0.1811 0.1577 0.2981 0.4619
0.2988 0.1566 0.1852 0.2611 0.3783 0.4811 0.4336 0.2409 0.1557 0.1968 0.2833 0.4123 0.4800 0.3896 0.1779 0.1652 0.2290 0.3397 0.4716 0.4498 0.2663 0.1556 0.1973 0.2897 0.4266 0.4754 0.3574 0.1641 0.1750 0.2497 0.3723 0.4815 0.4220 0.2051 0.1592 0.2166 0.3220 0.4604 0.4598 0.2958 0.1563 0.1901 0.2774 0.4110 0.4792 0.3789 0.1706 0.1698 0.2401 0.3583 0.4437 0.3583 0.2401 0.1698 0.1706 0.3789 0.4792 0.4110 0.2774 0.1901 0.1563 0.2958 0.4598 0.4604 0.3220 0.2166 0.1592 0.2051 0.4220 0.4815 0.3723 0.2497 0.1750 0.1641 0.3574 0.4754 0.4266 0.2897 0.1973 0.1556 0.2663 0.4498 0.4716 0.3397 0.2290 0.1652 0.1779 0.3896 0.4800 0.4123 0.2833 0.1968 0.1557 0.2409 0.4336 0.4811 0.3783 0.2611 0.1852 0.1566 0.2988
0.1839 0.1898 0.2685 0.3885 0.4819 0.4257 0.2263 0.1561 0.1998 0.2874 0.4159 0.4797 0.3896 0.1791 0.1643 0.2262 0.3343 0.4678 0.4545 0.2811 0.1558 0.1931 0.2821 0.4167 0.4781 0.3718 0.1682 0.1715 0.2428 0.3622 0.4800 0.4310 0.2203 0.1575 0.2110 0.3129 0.4524 0.4649 0.3134 0.1575 0.1858 0.2696 0.4004 0.4809 0.3921 0.1768 0.1665 0.2330 0.3482 0.4751 0.4674 0.4751 0.3482 0.2330 0.1665 0.1768 0.3921 0.4809 0.4004 0.2696 0.1858 0.1575 0.3134 0.4649 0.4524 0.3129 0.2110 0.1575 0.2203 0.4310 0.4800 0.3622 0.2428 0.1715 0.1682 0.3718 0.4781 0.4167 0.2821 0.1931 0.1558 0.2811 0.4545 0.4678 0.3343 0.2262 0.1643 0.1791 0.3896 0.4797 0.4159 0.2874 0.1998 0.1561 0.2263 0.4257 0.4819 0.3885 0.2685 0.1898 0.1839
0.2117 0.2770 0.3989 0.4819 0.4164 0.2112 0.1570 0.2040 0.2935 0.4223 0.4787 0.3853 0.1779 0.1643 0.2253 0.3315 0.4651 0.4578 0.2930 0.1563 0.1895 0.2754 0.4074 0.4800 0.3848 0.1733 0.1682 0.2362 0.3524 0.4775 0.4390 0.2374 0.1563 0.2057 0.3041 0.4435 0.4693 0.3303 0.1593 0.1816 0.2620 0.3899 0.4818 0.4042 0.1850 0.1634 0.2267 0.3379 0.4715 0.4467 0.3603 0.4467 0.4715 0.3379 0.2267 0.1634 0.1850 0.4042 0.4818 0.3899 0.2620 0.1816 0.1593 0.3303 0.4693 0.4435 0.3041 0.2057 0.1563 0.2374 0.4390 0.4775 0.3524 0.2362 0.1682 0.1733 0.3848 0.4800 0.4074 0.2754 0.1895 0.1563 0.2930 0.4578 0.4651 0.3315 0.2253 0.1643 0.1779 0.3853 0.4787 0.4223 0.2935 0.2040 0.1570 0.2112 0.4164 0.4819 0.3989 0.2770 0.2117
0.2878 0.4108 0.4810 0.4057 0.1974 0.1584 0.2088 0.3009 0.4306 0.4769 0.3771 0.1747 0.1652 0.2262 0.3315 0.4640 0.4594 0.3007 0.1569 0.1866 0.2697 0.3990 0.4812 0.3961 0.1797 0.1652 0.2301 0.3429 0.4737 0.4463 0.2554 0.1557 0.2006 0.2955 0.4338 0.4731 0.3465 0.1618 0.1777 0.2547 0.3795 0.4820 0.4150 0.1957 0.1607 0.2207 0.3285 0.4654 0.4553 0.2867 0.1630 0.2867 0.4553 0.4654 0.3285 0.2207 0.1607 0.1957 0.4150 0.4820 0.3795 0.2547 0.1777 0.1618 0.3465 0.4731 0.4338 0.2955 0.2006 0.1557 0.2554 0.4463 0.4737 0.3429 0.2301 0.1652 0.1797 0.3961 0.4812 0.3990 0.2697 0.1866 0.1569 0.3007 0.4594 0.4640 0.3315 0.2262 0.1652 0.1747 0.3771 0.4769 0.4306 0.3009 0.2088 0.1584 0.1974 0.4057 0.4810 0.4108 0.2878
0.4083 0.4802 0.3938 0.1863 0.1604 0.2142 0.3092 0.4396 0.4743 0.3660 0.1705 0.1670 0.2290 0.3343 0.4651 0.4594 0.3034 0.1573 0.1849 0.2656 0.3922 0.4818 0.4054 0.1871 0.1626 0.2245 0.3340 0.4687 0.4527 0.2736 0.1556 0.1957 0.2872 0.4236 0.4763 0.3617 0.1652 0.1740 0.2477 0.3694 0.4812 0.4247 0.2092 0.1586 0.2149 0.3193 0.4582 0.4614 0.3001 0.1549 0.1604 0.1549 0.3001 0.4614 0.4582 0.3193 0.2149 0.1586 0.2092 0.4247 0.4812 0.3694 0.2477 0.1740 0.1652 0.3617 0.4763 0.4236 0.2872 0.1957 0.1556 0.2736 0.4527 0.4687 0.3340 0.2245 0.1626 0.1871 0.4054 0.4818 0.3922 0.2656 0.1849 0.1573 0.3034 0.4594 0.4651 0.3343 0.2290 0.1670 0.1705 0.3660 0.4743 0.4396 0.3092 0.2142 0.1604 0.1863 0.3938 0.4802 0.4083
0.4800 0.3807 0.1778 0.1630 0.2199 0.3181 0.4487 0.4710 0.3525 0.1665 0.1696 0.2332 0.3397 0.4678 0.4578 0.3007 0.1573 0.1843 0.2635 0.3880 0.4820 0.4122 0.1948 0.1606 0.2196 0.3259 0.4630 0.4582 0.2910 0.1561 0.1911 0.2791 0.4132 0.4788 0.3760 0.1696 0.1705 0.2409 0.3594 0.4794 0.4334 0.2251 0.1571 0.2094 0.3104 0.4499 0.4662 0.3183 0.1581 0.1814 0.2184 0.1814 0.1581 0.3183 0.4662 0.4499 0.3104 0.2094 0.1571 0.2251 0.4334 0.4794 0.3594 0.2409 0.1705 0.1696 0.3760 0.4788 0.4132 0.2791 0.1911 0.1561 0.2910 0.4582 0.4630 0.3259 0.2196 0.1606 0.1948 0.4122 0.4820 0.3880 0.2635 0.1843 0.1573 0.3007 0.4578 0.4678 0.3397 0.2332 0.1696 0.1665 0.3525 0.4710 0.4487 0.3181 0.2199 0.1630 0.1778 0.3807 0.4800
0.3798 0.1715 0.1660 0.2259 0.3272 0.4572 0.4668 0.3372 0.1631 0.1726 0.2387 0.3470 0.4716 0.4545 0.2930 0.1569 0.1849 0.2635 0.3865 0.4820 0.4164 0.2014 0.1592 0.2156 0.3189 0.4569 0.4627 0.3069 0.1571 0.1870 0.2715 0.4028 0.4806 0.3894 0.1754 0.1672 0.2343 0.3496 0.4765 0.4412 0.2425 0.1561 0.2042 0.3016 0.4407 0.4705 0.3351 0.1600 0.1809 0.2572 0.3240 0.2572 0.1809 0.1600 0.3351 0.4705 0.4407 0.3016 0.2042 0.1561 0.2425 0.4412 0.4765 0.3496 0.2343 0.1672 0.1754 0.3894 0.4806 0.4028 0.2715 0.1870 0.1571 0.3069 0.4627 0.4569 0.3189 0.2156 0.1592 0.2014 0.4164 0.4820 0.3865 0.2635 0.1849 0.1569 0.2930 0.4545 0.4716 0.3470 0.2387 0.1726 0.1631 0.3372 0.4668 0.4572 0.3272 0.2259 0.1660 0.1715 0.3798
0.1944 0.1695 0.2320 0.3366 0.4645 0.4621 0.3207 0.1603 0.1761 0.2449 0.3556 0.4753 0.4498 0.2811 0.1563 0.1866 0.2656 0.3880 0.4820 0.4177 0.2051 0.1585 0.2128 0.3135 0.4511 0.4663 0.3208 0.1584 0.1832 0.2645 0.3929 0.4816 0.4015 0.1830 0.1641 0.2280 0.3399 0.4723 0.4482 0.2606 0.1556 0.1991 0.2931 0.4309 0.4741 0.3509 0.1627 0.1767 0.2533 0.3784 0.4595 0.3784 0.2533 0.1767 0.1627 0.3509 0.4741 0.4309 0.2931 0.1991 0.1556 0.2606 0.4482 0.4723 0.3399 0.2280 0.1641 0.1830 0.4015 0.4816 0.3929 0.2645 0.1832 0.1584 0.3208 0.4663 0.4511 0.3135 0.2128 0.1585 0.2051 0.4177 0.4820 0.3880 0.2656 0.1866 0.1563 0.2811 0.4498 0.4753 0.3556 0.2449 0.1761 0.1603 0.3207 0.4621 0.4645 0.3366 0.2320 0.1695 0.1944
0.1950 0.2391 0.3461 0.4705 0.4566 0.3034 0.1582 0.1799 0.2517 0.3651 0.4784 0.4439 0.2663 0.1558 0.1895 0.2697 0.3922 0.4820 0.4164 0.2051 0.1583 0.2113 0.3100 0.4467 0.4690 0.3322 0.1599 0.1800 0.2582 0.3837 0.4820 0.4119 0.1927 0.1613 0.2220 0.3305 0.4667 0.4546 0.2790 0.1557 0.1943 0.2848 0.4206 0.4770 0.3659 0.1663 0.1730 0.2458 0.3671 0.4793 0.4596 0.4793 0.3671 0.2458 0.1730 0.1663 0.3659 0.4770 0.4206 0.2848 0.1943 0.1557 0.2790 0.4546 0.4667 0.3305 0.2220 0.1613 0.1927 0.4119 0.4820 0.3837 0.2582 0.1800 0.1599 0.3322 0.4690 0.4467 0.3100 0.2113 0.1583 0.2051 0.4164 0.4820 0.3922 0.2697 0.1895 0.1558 0.2663 0.4439 0.4784 0.3651 0.2517 0.1799 0.1582 0.3034 0.4566 0.4705 0.3461 0.2391 0.1950
0.2543 0.3570 0.4751 0.4505 0.2854 0.1567 0.1840 0.2589 0.3752 0.4806 0.4367 0.2496 0.1556 0.1931 0.2754 0.3990 0.4818 0.4122 0.2014 0.1585 0.2113 0.3089 0.4443 0.4705 0.3402 0.1614 0.1774 0.2529 0.3755 0.4817 0.4208 0.2042 0.1592 0.2164 0.3215 0.4599 0.4602 0.2971 0.1564 0.1898 0.2768 0.4101 0.4794 0.3800 0.1711 0.1695 0.2390 0.3566 0.4788 0.4331 0.3319 0.4331 0.4788 0.3566 0.2390 0.1695 0.1711 0.3800 0.4794 0.4101 0.2768 0.1898 0.1564 0.2971 0.4602 0.4599 0.3215 0.2164 0.1592 0.2042 0.4208 0.4817 0.3755 0.2529 0.1774 0.1614 0.3402 0.4705 0.4443 0.3089 0.2113 0.1585 0.2014 0.4122 0.4818 0.3990 0.2754 0.1931 0.1556 0.2496 0.4367 0.4806 0.3752 0.2589 0.1840 0.1567 0.2854 0.4505 0.4751 0.3570 0.2543
0.3592 0.4796 0.4437 0.2671 0.1559 0.1883 0.2664 0.3855 0.4817 0.4285 0.2323 0.1559 0.1973 0.2821 0.4074 0.4812 0.4054 0.1948 0.1592 0.2128 0.3100 0.4443 0.4710 0.3443 0.1625 0.1756 0.2488 0.3687 0.4809 0.4281 0.2168 0.1577 0.2114 0.3131 0.4522 0.4651 0.3145 0.1576 0.1854 0.2690 0.3996 0.4810 0.3931 0.1774 0.1662 0.2325 0.3468 0.4755 0.4427 0.2514 0.1541 0.2514 0.4427 0.4755 0.3468 0.2325 0.1662 0.1774 0.3931 0.4810 0.3996 0.2690 0.1854 0.1576 0.3145 0.4651 0.4522 0.3131 0.2114 0.1577 0.2168 0.4281 0.4809 0.3687 0.2488 0.1756 0.1625 0.3443 0.4710 0.4443 0.3100 0.2128 0.1592 0.1948 0.4054 0.4812 0.4074 0.2821 0.1973 0.1559 0.2323 0.4285 0.4817 0.3855 0.2664 0.1883 0.1559 0.2671 0.4437 0.4796 0.3592
0.4766 0.4362 0.2488 0.1556 0.1927 0.2741 0.3959 0.4820 0.4192 0.2157 0.1566 0.2021 0.2897 0.4167 0.4800 0.3961 0.1871 0.1606 0.2156 0.3135 0.4467 0.4705 0.3443 0.1629 0.1747 0.2463 0.3639 0.4798 0.4337 0.2287 0.1567 0.2070 0.3055 0.4442 0.4692 0.3306 0.1594 0.1814 0.2615 0.3891 0.4819 0.4051 0.1857 0.1632 0.2263 0.3372 0.4708 0.4501 0.2651 0.1536 0.1664 0.1536 0.2651 0.4501 0.4708 0.3372 0.2263 0.1632 0.1857 0.4051 0.4819 0.3891 0.2615 0.1814 0.1594 0.3306 0.4692 0.4442 0.3055 0.2070 0.1567 0.2287 0.4337 0.4798 0.3639 0.2463 0.1747 0.1629 0.3443 0.4705 0.4467 0.3135 0.2156 0.1606 0.1871 0.3961 0.4800 0.4167 0.2897 0.2021 0.1566 0.2157 0.4192 0.4820 0.3959 0.2741 0.1927 0.1556 0.2488 0.4362 0.4766
0.4370 0.2310 0.1559 0.1975 0.2820 0.4065 0.4814 0.4089 0.2011 0.1579 0.2072 0.2980 0.4266 0.4781 0.3848 0.1797 0.1626 0.2196 0.3189 0.4511 0.4690 0.3402 0.1625 0.1747 0.2454 0.3614 0.4790 0.4375 0.2385 0.1561 0.2033 0.2988 0.4363 0.4725 0.3450 0.1617 0.1777 0.2545 0.3789 0.4819 0.4158 0.1967 0.1606 0.2203 0.3278 0.4649 0.4563 0.2842 0.1561 0.1898 0.2307 0.1898 0.1561 0.2842 0.4563 0.4649 0.3278 0.2203 0.1606 0.1967 0.4158 0.4819 0.3789 0.2545 0.1777 0.1617 0.3450 0.4725 0.4363 0.2988 0.2033 0.1561 0.2385 0.4375 0.4790 0.3614 0.2454 0.1747 0.1625 0.3402 0.4690 0.4511 0.3189 0.2196 0.1626 0.1797 0.3848 0.4781 0.4266 0.2980 0.2072 0.1579 0.2011 0.4089 0.4814 0.4065 0.2820 0.1975 0.1559 0.2310 0.4370
0.2385 0.1568 0.2024 0.2902 0.4170 0.4800 0.3974 0.1892 0.1598 0.2126 0.3066 0.4366 0.4754 0.3718 0.1733 0.1652 0.2245 0.3259 0.4569 0.4663 0.3322 0.1614 0.1756 0.2463 0.3614 0.4787 0.4393 0.2449 0.1558 0.2005 0.2934 0.4292 0.4751 0.3576 0.1645 0.1744 0.2480 0.3694 0.4811 0.4252 0.2103 0.1585 0.2145 0.3187 0.4577 0.4617 0.3022 0.1567 0.1890 0.2723 0.3437 0.2723 0.1890 0.1567 0.3022 0.4617 0.4577 0.3187 0.2145 0.1585 0.2103 0.4252 0.4811 0.3694 0.2480 0.1744 0.1645 0.3576 0.4751 0.4292 0.2934 0.2005 0.1558 0.2449 0.4393 0.4787 0.3614 0.2463 0.1756 0.1614 0.3322 0.4663 0.4569 0.3259 0.2245 0.1652 0.1733 0.3718 0.4754 0.4366 0.3066 0.2126 0.1598 0.1892 0.3974 0.4800 0.4170 0.2902 0.2024 0.1568 0.2385
0.1848 0.2080 0.2986 0.4274 0.4779 0.3846 0.1800 0.1622 0.2182 0.3155 0.4461 0.4721 0.3574 0.1682 0.1682 0.2301 0.3340 0.4630 0.4627 0.3208 0.1599 0.1774 0.2488 0.3639 0.4790 0.4393 0.2471 0.1557 0.1988 0.2896 0.4236 0.4769 0.3679 0.1676 0.1715 0.2422 0.3605 0.4795 0.4333 0.2256 0.1570 0.2091 0.3097 0.4493 0.4666 0.3196 0.1580 0.1843 0.2675 0.3988 0.4703 0.3988 0.2675 0.1843 0.1580 0.3196 0.4666 0.4493 0.3097 0.2091 0.1570 0.2256 0.4333 0.4795 0.3605 0.2422 0.1715 0.1676 0.3679 0.4769 0.4236 0.2896 0.1988 0.1557 0.2471 0.4393 0.4790 0.3639 0.2488 0.1774 0.1599 0.3208 0.4627 0.4630 0.3340 0.2301 0.1682 0.1682 0.3574 0.4721 0.4461 0.3155 0.2182 0.1622 0.1800 0.3846 0.4779 0.4274 0.2986 0.2080 0.1848
0.2272 0.3081 0.4373 0.4752 0.3709 0.1730 0.1651 0.2241 0.3246 0.4548 0.4681 0.3419 0.1641 0.1715 0.2362 0.3429 0.4687 0.4582 0.3069 0.1584 0.1800 0.2529 0.3687 0.4798 0.4375 0.2449 0.1557 0.1982 0.2877 0.4200 0.4781 0.3756 0.1706 0.1691 0.2371 0.3525 0.4772 0.4402 0.2414 0.1561 0.2041 0.3012 0.4401 0.4707 0.3362 0.1601 0.1802 0.2594 0.3868 0.4799 0.4494 0.4799 0.3868 0.2594 0.1802 0.1601 0.3362 0.4707 0.4401 0.3012 0.2041 0.1561 0.2414 0.4402 0.4772 0.3525 0.2371 0.1691 0.1706 0.3756 0.4781 0.4200 0.2877 0.1982 0.1557 0.2449 0.4375 0.4798 0.3687 0.2529 0.1800 0.1584 0.3069 0.4582 0.4687 0.3429 0.2362 0.1715 0.1641 0.3419 0.4681 0.4548 0.3246 0.2241 0.1651 0.1730 0.3709 0.4752 0.4373 0.3081 0.2272
0.3155 0.4482 0.4718 0.3562 0.1678 0.1683 0.2303 0.3339 0.4625 0.4635 0.3256 0.1610 0.1750 0.2428 0.3524 0.4737 0.4527 0.2910 0.1571 0.1832 0.2582 0.3755 0.4809 0.4337 0.2385 0.1558 0.1988 0.2877 0.4188 0.4786 0.3803 0.1732 0.1674 0.2332 0.3458 0.4743 0.4460 0.2565 0.1557 0.1995 0.2933 0.4306 0.4742 0.3519 0.1629 0.1763 0.2521 0.3758 0.4817 0.4167 0.3002 0.4167 0.4817 0.3758 0.2521 0.1763 0.1629 0.3519 0.4742 0.4306 0.2933 0.1995 0.1557 0.2565 0.4460 0.4743 0.3458 0.2332 0.1674 0.1732 0.3803 0.4786 0.4188 0.2877 0.1988 0.1558 0.2385 0.4337 0.4809 0.3755 0.2582 0.1832 0.1571 0.2910 0.4527 0.4737 0.3524 0.2428 0.1750 0.1610 0.3256 0.4635 0.4625 0.3339 0.2303 0.1683 0.1678 0.3562 0.4718 0.4482 0.3155
0.4437 0.4682 0.3407 0.1638 0.1717 0.2366 0.3434 0.4689 0.4583 0.3084 0.1587 0.1788 0.2497 0.3622 0.4775 0.4463 0.2736 0.1561 0.1870 0.2645 0.3837 0.4817 0.4281 0.2287 0.1561 0.2005 0.2896 0.4200 0.4786 0.3818 0.1746 0.1663 0.2304 0.3407 0.4715 0.4506 0.2702 0.1556 0.1955 0.2861 0.4214 0.4770 0.3661 0.1665 0.1727 0.2452 0.3657 0.4807 0.4274 0.2176 0.1493 0.2176 0.4274 0.4807 0.3657 0.2452 0.1727 0.1665 0.3661 0.4770 0.4214 0.2861 0.1955 0.1556 0.2702 0.4506 0.4715 0.3407 0.2304 0.1663 0.1746 0.3818 0.4786 0.4200 0.2896 0.2005 0.1561 0.2287 0.4281 0.4817 0.3837 0.2645 0.1870 0.1561 0.2736 0.4463 0.4775 0.3622 0.2497 0.1788 0.1587 0.3084 0.4583 0.4689 0.3434 0.2366 0.1717 0.1638 0.3407 0.4682 0.4437
0.4690 0.3242 0.1608 0.1753 0.2433 0.3531 0.4740 0.4524 0.2906 0.1571 0.1828 0.2568 0.3723 0.4800 0.4390 0.2554 0.1556 0.1911 0.2715 0.3929 0.4820 0.4208 0.2168 0.1567 0.2033 0.2934 0.4236 0.4781 0.3803 0.1746 0.1659 0.2290 0.3376 0.4691 0.4539 0.2814 0.1559 0.1921 0.2797 0.4127 0.4790 0.3787 0.1709 0.1695 0.2387 0.3559 0.4785 0.4363 0.2306 0.1544 0.1732 0.1544 0.2306 0.4363 0.4785 0.3559 0.2387 0.1695 0.1709 0.3787 0.4790 0.4127 0.2797 0.1921 0.1559 0.2814 0.4539 0.4691 0.3376 0.2290 0.1659 0.1746 0.3803 0.4781 0.4236 0.2934 0.2033 0.1567 0.2168 0.4208 0.4820 0.3929 0.2715 0.1911 0.1556 0.2554 0.4390 0.4800 0.3723 0.2568 0.1828 0.1571 0.2906 0.4524 0.4740 0.3531 0.2433 0.1753 0.1608 0.3242 0.4690
0.3239 0.1587 0.1791 0.2502 0.3629 0.4777 0.4458 0.2724 0.1561 0.1870 0.2642 0.3825 0.4815 0.4310 0.2374 0.1557 0.1957 0.2791 0.4028 0.4816 0.4119 0.2042 0.1577 0.2070 0.2988 0.4292 0.4769 0.3756 0.1732 0.1663 0.2290 0.3365 0.4678 0.4559 0.2892 0.1562 0.1893 0.2743 0.4050 0.4805 0.3898 0.1762 0.1666 0.2327 0.3467 0.4753 0.4437 0.2489 0.1561 0.1991 0.2440 0.1991 0.1561 0.2489 0.4437 0.4753 0.3467 0.2327 0.1666 0.1762 0.3898 0.4805 0.4050 0.2743 0.1893 0.1562 0.2892 0.4559 0.4678 0.3365 0.2290 0.1663 0.1732 0.3756 0.4769 0.4292 0.2988 0.2070 0.1577 0.2042 0.4119 0.4816 0.4028 0.2791 0.1957 0.1557 0.2374 0.4310 0.4815 0.3825 0.2642 0.1870 0.1561 0.2724 0.4458 0.4777 0.3629 0.2502 0.1791 0.1587 0.3239
0.1852 0.1834 0.2573 0.3730 0.4802 0.4385 0.2541 0.1557 0.1914 0.2718 0.3929 0.4820 0.4220 0.2203 0.1563 0.2006 0.2872 0.4132 0.4806 0.4015 0.1927 0.1592 0.2114 0.3055 0.4363 0.4751 0.3679 0.1706 0.1674 0.2304 0.3376 0.4678 0.4565 0.2932 0.1565 0.1875 0.2703 0.3987 0.4813 0.3989 0.1822 0.1640 0.2273 0.3382 0.4711 0.4501 0.2665 0.1557 0.1980 0.2885 0.3645 0.2885 0.1980 0.1557 0.2665 0.4501 0.4711 0.3382 0.2273 0.1640 0.1822 0.3989 0.4813 0.3987 0.2703 0.1875 0.1565 0.2932 0.4565 0.4678 0.3376 0.2304 0.1674 0.1706 0.3679 0.4751 0.4363 0.3055 0.2114 0.1592 0.1927 0.4015 0.4806 0.4132 0.2872 0.2006 0.1563 0.2203 0.4220 0.4820 0.3929 0.2718 0.1914 0.1557 0.2541 0.4385 0.4802 0.3730 0.2573 0.1834 0.1852
0.2063 0.2654 0.3832 0.4816 0.4304 0.2361 0.1558 0.1961 0.2797 0.4034 0.4816 0.4120 0.2051 0.1575 0.2057 0.2955 0.4236 0.4788 0.3894 0.1830 0.1613 0.2164 0.3131 0.4442 0.4725 0.3576 0.1676 0.1691 0.2332 0.3407 0.4691 0.4559 0.2932 0.1566 0.1866 0.2679 0.3942 0.4818 0.4058 0.1884 0.1620 0.2227 0.3305 0.4661 0.4556 0.2832 0.1559 0.1930 0.2829 0.4194 0.4760 0.4194 0.2829 0.1930 0.1559 0.2832 0.4556 0.4661 0.3305 0.2227 0.1620 0.1884 0.4058 0.4818 0.3942 0.2679 0.1866 0.1566 0.2932 0.4559 0.4691 0.3407 0.2332 0.1691 0.1676 0.3576 0.4725 0.4442 0.3131 0.2164 0.1613 0.1830 0.3894 0.4788 0.4236 0.2955 0.2057 0.1575 0.2051 0.4120 0.4816 0.4034 0.2797 0.1961 0.1558 0.2361 0.4304 0.4816 0.3832 0.2654 0.2063
0.2775 0.3949 0.4819 0.4213 0.2192 0.1564 0.2010 0.2878 0.4140 0.4805 0.4008 0.1923 0.1592 0.2110 0.3041 0.4338 0.4763 0.3760 0.1754 0.1641 0.2220 0.3215 0.4522 0.4692 0.3450 0.1645 0.1715 0.2371 0.3458 0.4715 0.4539 0.2892 0.1565 0.1866 0.2670 0.3919 0.4819 0.4104 0.1940 0.1605 0.2188 0.3238 0.4608 0.4602 0.2987 0.1565 0.1888 0.2748 0.4077 0.4775 0.4365 0.4775 0.4077 0.2748 0.1888 0.1565 0.2987 0.4602 0.4608 0.3238 0.2188 0.1605 0.1940 0.4104 0.4819 0.3919 0.2670 0.1866 0.1565 0.2892 0.4539 0.4715 0.3458 0.2371 0.1715 0.1645 0.3450 0.4692 0.4522 0.3215 0.2220 0.1641 0.1754 0.3760 0.4763 0.4338 0.3041 0.2110 0.1592 0.1923 0.4008 0.4805 0.4140 0.2878 0.2010 0.1564 0.2192 0.4213 0.4819 0.3949 0.2775
0.3937 0.4824 0.4112 0.2041 0.1576 0.2061 0.2962 0.4244 0.4786 0.3884 0.1824 0.1615 0.2166 0.3129 0.4435 0.4731 0.3617 0.1696 0.1672 0.2280 0.3305 0.4599 0.4651 0.3306 0.1617 0.1744 0.2422 0.3525 0.4743 0.4506 0.2814 0.1562 0.1875 0.2679 0.3919 0.4819 0.4127 0.1979 0.1595 0.2160 0.3186 0.4558 0.4638 0.3122 0.1576 0.1851 0.2679 0.3973 0.4811 0.3961 0.2649 0.3961 0.4811 0.3973 0.2679 0.1851 0.1576 0.3122 0.4638 0.4558 0.3186 0.2160 0.1595 0.1979 0.4127 0.4819 0.3919 0.2679 0.1875 0.1562 0.2814 0.4506 0.4743 0.3525 0.2422 0.1744 0.1617 0.3306 0.4651 0.4599 0.3305 0.2280 0.1672 0.1696 0.3617 0.4731 0.4435 0.3129 0.2166 0.1615 0.1824 0.3884 0.4786 0.4244 0.2962 0.2061 0.1576 0.2041 0.4112 0.4824 0.3937
0.4815 0.3999 0.1915 0.1593 0.2114 0.3048 0.4345 0.4760 0.3749 0.1748 0.1643 0.2224 0.3220 0.4524 0.4693 0.3465 0.1652 0.1705 0.2343 0.3399 0.4667 0.4602 0.3145 0.1594 0.1777 0.2480 0.3605 0.4772 0.4460 0.2702 0.1559 0.1893 0.2703 0.3942 0.4819 0.4127 0.1993 0.1591 0.2142 0.3149 0.4516 0.4665 0.3231 0.1588 0.1820 0.2618 0.3884 0.4819 0.4067 0.1893 0.1479 0.1893 0.4067 0.4819 0.3884 0.2618 0.1820 0.1588 0.3231 0.4665 0.4516 0.3149 0.2142 0.1591 0.1993 0.4127 0.4819 0.3942 0.2703 0.1893 0.1559 0.2702 0.4460 0.4772 0.3605 0.2480 0.1777 0.1594 0.3145 0.4602 0.4667 0.3399 0.2343 0.1705 0.1652 0.3465 0.4693 0.4524 0.3220 0.2224 0.1643 0.1748 0.3749 0.4760 0.4345 0.3048 0.2114 0.1593 0.1915 0.3999 0.4815
0.3992 0.1818 0.1616 0.2170 0.3136 0.4442 0.4728 0.3605 0.1692 0.1674 0.2285 0.3312 0.4604 0.4649 0.3303 0.1618 0.1740 0.2409 0.3496 0.4723 0.4546 0.2971 0.1576 0.1814 0.2545 0.3694 0.4795 0.4402 0.2565 0.1556 0.1921 0.2743 0.3987 0.4818 0.4104 0.1979 0.1591 0.2136 0.3129 0.4488 0.4683 0.3313 0.1600 0.1795 0.2566 0.3805 0.4819 0.4163 0.1978 0.1576 0.1816 0.1576 0.1978 0.4163 0.4819 0.3805 0.2566 0.1795 0.1600 0.3313 0.4683 0.4488 0.3129 0.2136 0.1591 0.1979 0.4104 0.4818 0.3987 0.2743 0.1921 0.1556 0.2565 0.4402 0.4795 0.3694 0.2545 0.1814 0.1576 0.2971 0.4546 0.4723 0.3496 0.2409 0.1740 0.1618 0.3303 0.4649 0.4604 0.3312 0.2285 0.1674 0.1692 0.3605 0.4728 0.4442 0.3136 0.2170 0.1616 0.1818 0.3992
0.2016 0.1647 0.2228 0.3227 0.4531 0.4690 0.3452 0.1648 0.1707 0.2348 0.3406 0.4672 0.4598 0.3134 0.1593 0.1777 0.2477 0.3594 0.4765 0.4482 0.2790 0.1564 0.1854 0.2615 0.3789 0.4811 0.4333 0.2414 0.1557 0.1955 0.2797 0.4050 0.4813 0.4058 0.1940 0.1595 0.2142 0.3129 0.4479 0.4692 0.3365 0.1610 0.1776 0.2526 0.3740 0.4815 0.4237 0.2094 0.1587 0.2108 0.2603 0.2108 0.1587 0.2094 0.4237 0.4815 0.3740 0.2526 0.1776 0.1610 0.3365 0.4692 0.4479 0.3129 0.2142 0.1595 0.1940 0.4058 0.4813 0.4050 0.2797 0.1955 0.1557 0.2414 0.4333 0.4811 0.3789 0.2615 0.1854 0.1564 0.2790 0.4482 0.4765 0.3594 0.2477 0.1777 0.1593 0.3134 0.4598 0.4672 0.3406 0.2348 0.1707 0.1648 0.3452 0.4690 0.4531 0.3227 0.2228 0.1647 0.2016
0.1913 0.2294 0.3318 0.4610 0.4645 0.3290 0.1616 0.1742 0.2414 0.3503 0.4727 0.4541 0.2958 0.1575 0.1816 0.2547 0.3694 0.4794 0.4412 0.2606 0.1557 0.1898 0.2690 0.3891 0.4819 0.4252 0.2256 0.1561 0.1995 0.2861 0.4127 0.4805 0.3989 0.1884 0.1605 0.2160 0.3149 0.4488 0.4692 0.3383 0.1616 0.1764 0.2497 0.3691 0.4808 0.4294 0.2204 0.1573 0.2101 0.3087 0.3891 0.3087 0.2101 0.1573 0.2204 0.4294 0.4808 0.3691 0.2497 0.1764 0.1616 0.3383 0.4692 0.4488 0.3149 0.2160 0.1605 0.1884 0.3989 0.4805 0.4127 0.2861 0.1995 0.1561 0.2256 0.4252 0.4819 0.3891 0.2690 0.1898 0.1557 0.2606 0.4412 0.4794 0.3694 0.2547 0.1816 0.1575 0.2958 0.4541 0.4727 0.3503 0.2414 0.1742 0.1616 0.3290 0.4645 0.4610 0.3318 0.2294 0.1913
0.2458 0.3423 0.4676 0.4594 0.3121 0.1591 0.1780 0.2482 0.3601 0.4768 0.4478 0.2777 0.1563 0.1858 0.2620 0.3795 0.4812 0.4334 0.2425 0.1556 0.1943 0.2768 0.3996 0.4819 0.4158 0.2103 0.1570 0.2041 0.2933 0.4214 0.4790 0.3898 0.1822 0.1620 0.2188 0.3186 0.4516 0.4683 0.3365 0.1616 0.1760 0.2483 0.3660 0.4801 0.4334 0.2297 0.1565 0.2059 0.3037 0.4428 0.4777 0.4428 0.3037 0.2059 0.1565 0.2297 0.4334 0.4801 0.3660 0.2483 0.1760 0.1616 0.3365 0.4683 0.4516 0.3186 0.2188 0.1620 0.1822 0.3898 0.4790 0.4214 0.2933 0.2041 0.1570 0.2103 0.4158 0.4819 0.3996 0.2768 0.1943 0.1556 0.2425 0.4334 0.4812 0.3795 0.2620 0.1858 0.1563 0.2777 0.4478 0.4768 0.3601 0.2482 0.1780 0.1591 0.3121 0.4594 0.4676 0.3423 0.2458
0.3461 0.4742 0.4537 0.2944 0.1574 0.1819 0.2553 0.3701 0.4796 0.4407 0.2593 0.1557 0.1901 0.2696 0.3899 0.4820 0.4247 0.2251 0.1561 0.1991 0.2848 0.4101 0.4810 0.4051 0.1967 0.1585 0.2091 0.3012 0.4306 0.4770 0.3787 0.1762 0.1640 0.2227 0.3238 0.4558 0.4665 0.3313 0.1610 0.1764 0.2483 0.3649 0.4796 0.4359 0.2364 0.1561 0.2029 0.2976 0.4348 0.4707 0.4164 0.4707 0.4348 0.2976 0.2029 0.1561 0.2364 0.4359 0.4796 0.3649 0.2483 0.1764 0.1610 0.3313 0.4665 0.4558 0.3238 0.2227 0.1640 0.1762 0.3787 0.4770 0.4306 0.3012 0.2091 0.1585 0.1967 0.4051 0.4810 0.4101 0.2848 0.1991 0.1561 0.2251 0.4247 0.4820 0.3899 0.2696 0.1901 0.1557 0.2593 0.4407 0.4796 0.3701 0.2553 0.1819 0.1574 0.2944 0.4537 0.4742 0.3461
0.4703 0.4474 0.2762 0.1562 0.1861 0.2626 0.3803 0.4813 0.4328 0.2412 0.1557 0.1947 0.2774 0.4004 0.4818 0.4150 0.2092 0.1571 0.2042 0.2931 0.4206 0.4794 0.3931 0.1857 0.1606 0.2145 0.3097 0.4401 0.4742 0.3661 0.1709 0.1666 0.2273 0.3305 0.4608 0.4638 0.3231 0.1600 0.1776 0.2497 0.3660 0.4796 0.4367 0.2401 0.1559 0.2010 0.2935 0.4286 0.4752 0.3622 0.2181 0.3622 0.4752 0.4286 0.2935 0.2010 0.1559 0.2401 0.4367 0.4796 0.3660 0.2497 0.1776 0.1600 0.3231 0.4638 0.4608 0.3305 0.2273 0.1666 0.1709 0.3661 0.4742 0.4401 0.3097 0.2145 0.1606 0.1857 0.3931 0.4794 0.4206 0.2931 0.2042 0.1571 0.2092 0.4150 0.4818 0.4004 0.2774 0.1947 0.1557 0.2412 0.4328 0.4813 0.3803 0.2626 0.1861 0.1562 0.2762 0.4474 0.4703
0.4484 0.2579 0.1557 0.1905 0.2702 0.3907 0.4820 0.4240 0.2239 0.1562 0.1995 0.2855 0.4110 0.4809 0.4042 0.1957 0.1586 0.2094 0.3016 0.4309 0.4770 0.3800 0.1774 0.1632 0.2203 0.3187 0.4493 0.4707 0.3519 0.1665 0.1695 0.2327 0.3382 0.4661 0.4602 0.3122 0.1588 0.1795 0.2526 0.3691 0.4801 0.4359 0.2401 0.1559 0.2000 0.2911 0.4246 0.4769 0.3680 0.1675 0.1505 0.1675 0.3680 0.4769 0.4246 0.2911 0.2000 0.1558 0.2401 0.4359 0.4801 0.3691 0.2526 0.1795 0.1588 0.3122 0.4602 0.4661 0.3382 0.2327 0.1695 0.1665 0.3519 0.4707 0.4493 0.3187 0.2203 0.1632 0.1774 0.3800 0.4770 0.4309 0.3016 0.2094 0.1586 0.1957 0.4042 0.4809 0.4110 0.2855 0.1995 0.1562 0.2239 0.4240 0.4820 0.3907 0.2702 0.1905 0.1557 0.2579 0.4484
0.2616 0.1559 0.1950 0.2780 0.4012 0.4818 0.4143 0.2082 0.1572 0.2046 0.2938 0.4214 0.4792 0.3921 0.1850 0.1607 0.2149 0.3104 0.4407 0.4741 0.3659 0.1711 0.1662 0.2263 0.3278 0.4577 0.4666 0.3362 0.1629 0.1727 0.2387 0.3467 0.4711 0.4556 0.2987 0.1576 0.1820 0.2566 0.3740 0.4808 0.4334 0.2364 0.1559 0.2000 0.2902 0.4226 0.4776 0.3741 0.1704 0.1663 0.1953 0.1663 0.1704 0.3741 0.4776 0.4225 0.2902 0.2000 0.1559 0.2364 0.4334 0.4808 0.3740 0.2566 0.1820 0.1576 0.2987 0.4556 0.4711 0.3467 0.2387 0.1727 0.1629 0.3362 0.4666 0.4577 0.3278 0.2263 0.1662 0.1711 0.3659 0.4741 0.4407 0.3104 0.2149 0.1607 0.1850 0.3921 0.4792 0.4214 0.2938 0.2046 0.1572 0.2082 0.4143 0.4818 0.4012 0.2780 0.1950 0.1559 0.2616
0.1837 0.2003 0.2860 0.4117 0.4808 0.4033 0.1949 0.1588 0.2099 0.3023 0.4317 0.4768 0.3789 0.1768 0.1634 0.2207 0.3193 0.4499 0.4705 0.3509 0.1663 0.1695 0.2325 0.3372 0.4649 0.4617 0.3196 0.1601 0.1763 0.2452 0.3559 0.4753 0.4501 0.2832 0.1565 0.1851 0.2618 0.3805 0.4815 0.4294 0.2297 0.1561 0.2010 0.2911 0.4226 0.4779 0.3770 0.1721 0.1681 0.2305 0.2868 0.2305 0.1681 0.1721 0.3770 0.4779 0.4225 0.2911 0.2010 0.1561 0.2297 0.4294 0.4815 0.3805 0.2618 0.1851 0.1565 0.2832 0.4501 0.4753 0.3559 0.2452 0.1763 0.1601 0.3196 0.4617 0.4649 0.3372 0.2325 0.1695 0.1663 0.3509 0.4705 0.4499 0.3193 0.2207 0.1634 0.1768 0.3789 0.4768 0.4317 0.3023 0.2099 0.1588 0.1949 0.4033 0.4808 0.4117 0.2860 0.2003 0.1837
0.2205 0.2952 0.4221 0.4791 0.3912 0.1843 0.1609 0.2154 0.3111 0.4415 0.4738 0.3648 0.1706 0.1665 0.2267 0.3285 0.4582 0.4662 0.3351 0.1627 0.1730 0.2390 0.3468 0.4708 0.4563 0.3022 0.1580 0.1802 0.2521 0.3657 0.4785 0.4437 0.2665 0.1559 0.1888 0.2679 0.3884 0.4819 0.4237 0.2204 0.1565 0.2029 0.2935 0.4246 0.4776 0.3770 0.1727 0.1671 0.2321 0.3423 0.4268 0.3423 0.2321 0.1671 0.1727 0.3770 0.4776 0.4246 0.2935 0.2029 0.1565 0.2204 0.4237 0.4819 0.3884 0.2679 0.1888 0.1559 0.2665 0.4437 0.4785 0.3657 0.2521 0.1802 0.1580 0.3022 0.4563 0.4708 0.3468 0.2390 0.1730 0.1627 0.3351 0.4662 0.4582 0.3285 0.2267 0.1665 0.1706 0.3647 0.4738 0.4415 0.3111 0.2154 0.1609 0.1843 0.3912 0.4791 0.4221 0.2952 0.2206
0.3040 0.4338 0.4766 0.3779 0.1763 0.1636 0.2212 0.3201 0.4506 0.4702 0.3497 0.1660 0.1697 0.2329 0.3379 0.4654 0.4614 0.3184 0.1599 0.1766 0.2457 0.3565 0.4754 0.4501 0.2842 0.1566 0.1842 0.2593 0.3758 0.4807 0.4363 0.2490 0.1556 0.1929 0.2747 0.3973 0.4819 0.4164 0.2095 0.1572 0.2058 0.2975 0.4286 0.4768 0.3742 0.1721 0.1670 0.2309 0.3405 0.4703 0.4719 0.4704 0.3406 0.2310 0.1671 0.1721 0.3741 0.4769 0.4286 0.2976 0.2059 0.1573 0.2094 0.4163 0.4819 0.3973 0.2748 0.1930 0.1557 0.2489 0.4363 0.4807 0.3758 0.2594 0.1843 0.1567 0.2842 0.4501 0.4755 0.3566 0.2458 0.1767 0.1600 0.3183 0.4614 0.4654 0.3379 0.2330 0.1698 0.1660 0.3496 0.4702 0.4506 0.3201 0.2212 0.1637 0.1763 0.3779 0.4766 0.4338 0.3040
0.4299 0.4741 0.3637 0.1703 0.1667 0.2272 0.3292 0.4588 0.4659 0.3338 0.1624 0.1732 0.2394 0.3475 0.4712 0.4558 0.3009 0.1579 0.1805 0.2527 0.3665 0.4787 0.4433 0.2659 0.1558 0.1885 0.2668 0.3861 0.4818 0.4280 0.2313 0.1559 0.1974 0.2821 0.4068 0.4813 0.4075 0.1984 0.1584 0.2094 0.3029 0.4340 0.4755 0.3688 0.1705 0.1677 0.2314 0.3397 0.4698 0.4515 0.3718 0.4509 0.4702 0.3406 0.2321 0.1681 0.1704 0.3680 0.4752 0.4348 0.3037 0.2101 0.1587 0.1978 0.4067 0.4811 0.4077 0.2829 0.1980 0.1561 0.2306 0.4274 0.4817 0.3868 0.2675 0.1890 0.1561 0.2651 0.4427 0.4788 0.3671 0.2533 0.1809 0.1581 0.3001 0.4553 0.4715 0.3482 0.2401 0.1736 0.1625 0.3330 0.4654 0.4593 0.3299 0.2278 0.1671 0.1702 0.3630 0.4738 0.4302
0.4746 0.3485 0.1657 0.1700 0.2334 0.3386 0.4659 0.4609 0.3170 0.1597 0.1769 0.2462 0.3572 0.4757 0.4497 0.2829 0.1566 0.1846 0.2599 0.3766 0.4808 0.4357 0.2477 0.1556 0.1930 0.2745 0.3966 0.4820 0.4187 0.2148 0.1567 0.2023 0.2901 0.4169 0.4800 0.3970 0.1884 0.1601 0.2138 0.3094 0.4408 0.4736 0.3610 0.1683 0.1689 0.2332 0.3415 0.4700 0.4541 0.2900 0.1657 0.2941 0.4509 0.4704 0.3423 0.2305 0.1663 0.1675 0.3622 0.4707 0.4428 0.3087 0.2108 0.1576 0.1893 0.3961 0.4775 0.4194 0.2885 0.1991 0.1544 0.2176 0.4167 0.4799 0.3988 0.2723 0.1898 0.1536 0.2514 0.4331 0.4793 0.3784 0.2572 0.1814 0.1549 0.2867 0.4467 0.4751 0.3583 0.2433 0.1739 0.1585 0.3207 0.4579 0.4662 0.3389 0.2303 0.1671 0.1650 0.3515 0.4720
0.3477 0.1623 0.1735 0.2400 0.3482 0.4716 0.4554 0.2995 0.1578 0.1808 0.2532 0.3672 0.4789 0.4428 0.2646 0.1559 0.1889 0.2674 0.3869 0.4818 0.4273 0.2300 0.1559 0.1978 0.2825 0.4071 0.4813 0.4083 0.2004 0.1580 0.2076 0.2986 0.4272 0.4780 0.3847 0.1799 0.1624 0.2188 0.3168 0.4482 0.4709 0.3506 0.1656 0.1707 0.2362 0.3452 0.4715 0.4535 0.2840 0.1526 0.1466 0.1662 0.3717 0.4719 0.4268 0.2868 0.1953 0.1505 0.2181 0.4164 0.4777 0.3891 0.2603 0.1816 0.1479 0.2649 0.4365 0.4760 0.3645 0.2440 0.1732 0.1493 0.3002 0.4494 0.4703 0.3437 0.2307 0.1664 0.1541 0.3319 0.4596 0.4595 0.3240 0.2184 0.1604 0.1630 0.3603 0.4674 0.4437 0.3053 0.2073 0.1552 0.1789 0.3854 0.4732 0.4244 0.2876 0.1970 0.1512 0.2034 0.4142
0.1878 0.1777 0.2471 0.3584 0.4761 0.4488 0.2810 0.1566 0.1851 0.2609 0.3777 0.4809 0.4348 0.2459 0.1558 0.1937 0.2756 0.3978 0.4819 0.4175 0.2132 0.1569 0.2030 0.2911 0.4180 0.4798 0.3963 0.1884 0.1601 0.2133 0.3076 0.4376 0.4750 0.3707 0.1731 0.1654 0.2246 0.3254 0.4559 0.4672 0.3376 0.1629 0.1733 0.2406 0.3507 0.4738 0.4509 0.2802 0.1553 0.1607 0.1563 0.2934 0.4512 0.4703 0.3423 0.2305 0.1663 0.1675 0.3622 0.4707 0.4428 0.3087 0.2108 0.1576 0.1893 0.3961 0.4775 0.4194 0.2885 0.1991 0.1544 0.2176 0.4167 0.4799 0.3988 0.2723 0.1898 0.1536 0.2514 0.4331 0.4793 0.3784 0.2572 0.1814 0.1549 0.2867 0.4467 0.4751 0.3583 0.2433 0.1739 0.1585 0.3207 0.4579 0.4662 0.3389 0.2303 0.1671 0.1650 0.3515 0.4720
0.1999 0.2531 0.3692 0.4782 0.4403 0.2648 0.1548 0.1876 0.2671 0.3892 0.4805 0.4251 0.2301 0.1548 0.1966 0.2825 0.4094 0.4795 0.4067 0.2001 0.1569 0.2064 0.2989 0.4293 0.4759 0.3843 0.1795 0.1610 0.2171 0.3162 0.4476 0.4698 0.3578 0.1674 0.1669 0.2289 0.3346 0.4630 0.4612 0.3251 0.1599 0.1748 0.2443 0.3581 0.4758 0.4459 0.2735 0.1558 0.1829 0.2005 0.3487 0.4534 0.4701 0.3406 0.2321 0.1681 0.1704 0.3680 0.4752 0.4348 0.3037 0.2101 0.1587 0.1978 0.4067 0.4811 0.4077 0.2829 0.1980 0.1561 0.2306 0.4274 0.4817 0.3868 0.2675 0.1890 0.1561 0.2651 0.4427 0.4788 0.3671 0.2533 0.1809 0.1581 0.3001 0.4553 0.4715 0.3482 0.2401 0.1736 0.1625 0.3330 0.4654 0.4593 0.3299 0.2278 0.1671 0.1702 0.3630 0.4738 0.4302
0.2414 0.3440 0.4700 0.4506 0.3036 0.1510 0.1728 0.2431 0.3630 0.4762 0.4382 0.2697 0.1490 0.1804 0.2575 0.3842 0.4781 0.4232 0.2350 0.1493 0.1888 0.2730 0.4058 0.4769 0.4051 0.2026 0.1516 0.1982 0.2896 0.4268 0.4732 0.3834 0.1779 0.1558 0.2089 0.3084 0.4473 0.4665 0.3542 0.1615 0.1628 0.2241 0.3349 0.4678 0.4526 0.3040 0.1521 0.1761 0.2479 0.3323 0.4852 0.4712 0.3409 0.2310 0.1671 0.1721 0.3741 0.4769 0.4286 0.2976 0.2059 0.1573 0.2094 0.4163 0.4819 0.3973 0.2748 0.1930 0.1557 0.2489 0.4363 0.4807 0.3758 0.2594 0.1843 0.1567 0.2842 0.4501 0.4755 0.3566 0.2458 0.1767 0.1600 0.3183 0.4614 0.4654 0.3379 0.2330 0.1698 0.1660 0.3496 0.4702 0.4506 0.3201 0.2212 0.1637 0.1763 0.3779 0.4766 0.4338 0.3040
0.2158 0.2920 0.4246 0.4761 0.3904 0.1857 0.1574 0.2107 0.3091 0.4439 0.4704 0.3659 0.1703 0.1627 0.2221 0.3275 0.4597 0.4626 0.3381 0.1614 0.1689 0.2345 0.3469 0.4710 0.4525 0.3069 0.1561 0.1760 0.2479 0.3670 0.4775 0.4399 0.2716 0.1534 0.1845 0.2642 0.3910 0.4799 0.4203 0.2243 0.1535 0.1985 0.2908 0.4281 0.4744 0.3761 0.1725 0.1634 0.2278 0.3384 0.4269 0.3432 0.2323 0.1671 0.1727 0.3770 0.4776 0.4246 0.2935 0.2029 0.1565 0.2204 0.4237 0.4819 0.3884 0.2679 0.1888 0.1559 0.2665 0.4437 0.4785 0.3657 0.2521 0.1802 0.1580 0.3022 0.4563 0.4708 0.3468 0.2390 0.1730 0.1627 0.3351 0.4662 0.4582 0.3285 0.2267 0.1665 0.1706 0.3647 0.4738 0.4415 0.3111 0.2154 0.1609 0.1843 0.3912 0.4791 0.4221 0.2952 0.2206
0.1839 0.2009 0.2870 0.4128 0.4804 0.4024 0.1941 0.1592 0.2107 0.3033 0.4326 0.4763 0.3779 0.1765 0.1639 0.2216 0.3204 0.4508 0.4698 0.3497 0.1662 0.1701 0.2334 0.3382 0.4654 0.4610 0.3184 0.1602 0.1770 0.2462 0.3571 0.4756 0.4492 0.2817 0.1567 0.1859 0.2629 0.3817 0.4814 0.4283 0.2282 0.1565 0.2019 0.2923 0.4238 0.4774 0.3756 0.1718 0.1689 0.2318 0.2876 0.2307 0.1681 0.1721 0.3770 0.4779 0.4225 0.2911 0.2010 0.1561 0.2297 0.4294 0.4815 0.3805 0.2618 0.1851 0.1565 0.2832 0.4501 0.4753 0.3559 0.2452 0.1763 0.1601 0.3196 0.4617 0.4649 0.3372 0.2325 0.1695 0.1663 0.3509 0.4705 0.4499 0.3193 0.2207 0.1634 0.1768 0.3789 0.4768 0.4317 0.3023 0.2099 0.1588 0.1949 0.4033 0.4808 0.4117 0.2860 0.2003 0.1837
