0.0003 0.0023 0.0166 0.1184 0.8443 1.0000 1.0000 0.0011 0.0081 0.0575 0.4091 1.0000 1.0000 0.0006 0.0039 0.0279 0.1982 1.0000 1.0000 0.0003 0.0019 0.0135 0.0962 0.6849 1.0000 1.0000 0.0009 0.0066 0.0466 0.3325 1.0000 1.0000 0.0004 0.0032 0.0226 0.1611 1.0000 1.0000 0.0002 0.0015 0.0110 0.0782 0.5556 1.0000 1.0000 0.0007 0.0053 0.0380 0.2713 1.0000 1.0000 1.0000 0.2713 0.0380 0.0053 0.0007 1.0000 1.0000 0.5556 0.0782 0.0110 0.0015 0.0002 1.0000 1.0000 0.1611 0.0226 0.0032 0.0004 1.0000 1.0000 0.3325 0.0466 0.0066 0.0009 1.0000 1.0000 0.6849 0.0962 0.0135 0.0019 0.0003 1.0000 1.0000 0.1982 0.0279 0.0039 0.0006 1.0000 1.0000 0.4091 0.0575 0.0081 0.0011 1.0000 1.0000 0.8443 0.1184 0.0166 0.0023 0.0003
0.0023 0.0195 0.1332 0.9356 1.0000 1.0000 0.0012 0.0088 0.0630 0.4482 1.0000 1.0000 0.0006 0.0043 0.0305 0.2172 1.0000 1.0000 0.0003 0.0021 0.0148 0.1054 0.7490 1.0000 1.0000 0.0010 0.0072 0.0511 0.3636 1.0000 1.0000 0.0005 0.0035 0.0248 0.1762 1.0000 1.0000 1.0000 0.0017 0.0120 0.0855 0.6087 1.0000 1.0000 0.0008 0.0058 0.0414 0.2955 1.0000 1.0000 1.0000 1.0000 1.0000 0.2955 0.0414 0.0058 0.0008 1.0000 1.0000 0.6087 0.0855 0.0120 0.0017 1.0000 1.0000 1.0000 0.1762 0.0248 0.0035 0.0005 1.0000 1.0000 0.3636 0.0511 0.0072 0.0010 1.0000 1.0000 0.7490 0.1054 0.0148 0.0021 0.0003 1.0000 1.0000 0.2172 0.0305 0.0043 0.0006 1.0000 1.0000 0.4482 0.0630 0.0088 0.0012 1.0000 1.0000 0.9356 0.1332 0.0195 0.0023
0.0166 0.1332 0.8720 1.0000 1.0000 0.0011 0.0077 0.0542 0.3849 1.0000 1.0000 0.0005 0.0037 0.0261 0.1858 1.0000 1.0000 0.0003 0.0018 0.0127 0.0902 0.6420 1.0000 1.0000 0.0009 0.0061 0.0437 0.3111 1.0000 1.0000 0.0004 0.0030 0.0212 0.1510 1.0000 1.0000 1.0000 0.0014 0.0103 0.0732 0.5208 1.0000 1.0000 0.0007 0.0050 0.0355 0.2528 1.0000 1.0000 0.0004 0.0012 0.0004 1.0000 1.0000 0.2528 0.0355 0.0050 0.0007 1.0000 1.0000 0.5208 0.0732 0.0103 0.0014 1.0000 1.0000 1.0000 0.1510 0.0212 0.0030 0.0004 1.0000 1.0000 0.3111 0.0437 0.0061 0.0009 1.0000 1.0000 0.6420 0.0902 0.0127 0.0018 0.0003 1.0000 1.0000 0.1858 0.0261 0.0037 0.0005 1.0000 1.0000 0.3849 0.0542 0.0077 0.0011 1.0000 1.0000 0.8720 0.1332 0.0166
0.1184 0.9356 1.0000 1.0000 0.0010 0.0069 0.0483 0.3402 1.0000 1.0000 0.0005 0.0032 0.0228 0.1620 1.0000 1.0000 1.0000 0.0015 0.0110 0.0785 0.5588 1.0000 1.0000 0.0008 0.0054 0.0381 0.2713 1.0000 1.0000 0.0004 0.0026 0.0185 0.1314 0.9356 1.0000 1.0000 0.0013 0.0090 0.0638 0.4542 1.0000 1.0000 0.0006 0.0043 0.0309 0.2201 1.0000 1.0000 0.0003 0.0022 0.0072 0.0022 0.0003 1.0000 1.0000 0.2201 0.0309 0.0043 0.0006 1.0000 1.0000 0.4542 0.0638 0.0090 0.0013 1.0000 1.0000 0.9356 0.1314 0.0185 0.0026 0.0004 1.0000 1.0000 0.2713 0.0381 0.0054 0.0008 1.0000 1.0000 0.5588 0.0785 0.0110 0.0015 1.0000 1.0000 1.0000 0.1620 0.0228 0.0032 0.0005 1.0000 1.0000 0.3402 0.0483 0.0069 0.0010 1.0000 1.0000 0.9356 0.1184
0.8443 1.0000 1.0000 0.0010 0.0066 0.0451 0.3099 1.0000 1.0000 0.0004 0.0028 0.0199 0.1413 1.0000 1.0000 1.0000 0.0013 0.0096 0.0683 0.4864 1.0000 1.0000 0.0007 0.0047 0.0332 0.2361 1.0000 1.0000 0.0003 0.0023 0.0161 0.1144 0.8143 1.0000 1.0000 0.0011 0.0078 0.0555 0.3953 1.0000 1.0000 0.0005 0.0038 0.0269 0.1915 1.0000 1.0000 0.0003 0.0019 0.0136 0.0447 0.0136 0.0019 0.0003 1.0000 1.0000 0.1915 0.0269 0.0038 0.0005 1.0000 1.0000 0.3953 0.0555 0.0078 0.0011 1.0000 1.0000 0.8143 0.1144 0.0161 0.0023 0.0003 1.0000 1.0000 0.2361 0.0332 0.0047 0.0007 1.0000 1.0000 0.4864 0.0683 0.0096 0.0013 1.0000 1.0000 1.0000 0.1413 0.0199 0.0028 0.0004 1.0000 1.0000 0.3099 0.0451 0.0066 0.0010 1.0000 1.0000 0.8443
1.0000 1.0000 0.0011 0.0069 0.0451 0.2989 1.0000 1.0000 0.0004 0.0025 0.0176 0.1241 0.8804 1.0000 1.0000 0.0012 0.0084 0.0595 0.4233 1.0000 1.0000 0.0006 0.0041 0.0289 0.2055 1.0000 1.0000 0.0003 0.0020 0.0140 0.0996 0.7088 1.0000 1.0000 0.0010 0.0068 0.0483 0.3441 1.0000 1.0000 0.0005 0.0033 0.0234 0.1667 1.0000 1.0000 1.0000 0.0016 0.0115 0.0841 0.2775 0.0841 0.0115 0.0016 1.0000 1.0000 1.0000 0.1667 0.0234 0.0033 0.0005 1.0000 1.0000 0.3441 0.0483 0.0068 0.0010 1.0000 1.0000 0.7088 0.0996 0.0140 0.0020 0.0003 1.0000 1.0000 0.2055 0.0289 0.0041 0.0006 1.0000 1.0000 0.4233 0.0595 0.0084 0.0012 1.0000 1.0000 0.8804 0.1241 0.0176 0.0025 0.0004 1.0000 1.0000 0.2989 0.0451 0.0069 0.0011 1.0000 1.0000
1.0000 0.0012 0.0077 0.0483 0.3099 1.0000 1.0000 0.0003 0.0023 0.0159 0.1112 0.7795 1.0000 1.0000 0.0010 0.0073 0.0519 0.3685 1.0000 1.0000 0.0005 0.0035 0.0251 0.1789 1.0000 1.0000 0.0002 0.0017 0.0122 0.0867 0.6169 1.0000 1.0000 0.0008 0.0059 0.0421 0.2995 1.0000 1.0000 0.0004 0.0029 0.0204 0.1451 1.0000 1.0000 1.0000 0.0014 0.0099 0.0711 0.5208 1.0000 0.5208 0.0711 0.0099 0.0014 1.0000 1.0000 1.0000 0.1451 0.0204 0.0029 0.0004 1.0000 1.0000 0.2995 0.0421 0.0059 0.0008 1.0000 1.0000 0.6169 0.0867 0.0122 0.0017 0.0002 1.0000 1.0000 0.1789 0.0251 0.0035 0.0005 1.0000 1.0000 0.3685 0.0519 0.0073 0.0010 1.0000 1.0000 0.7795 0.1112 0.0159 0.0023 0.0003 1.0000 1.0000 0.3099 0.0483 0.0077 0.0012 1.0000
0.0011 0.0088 0.0542 0.3402 1.0000 1.0000 0.0003 0.0022 0.0151 0.1028 0.7088 1.0000 1.0000 0.0009 0.0064 0.0454 0.3219 1.0000 1.0000 0.0004 0.0031 0.0219 0.1557 1.0000 1.0000 1.0000 0.0015 0.0106 0.0754 0.5369 1.0000 1.0000 0.0007 0.0051 0.0366 0.2606 1.0000 1.0000 0.0004 0.0025 0.0177 0.1263 0.8990 1.0000 1.0000 0.0012 0.0086 0.0613 0.4406 1.0000 1.0000 1.0000 0.4406 0.0613 0.0086 0.0012 1.0000 1.0000 0.8990 0.1263 0.0177 0.0025 0.0004 1.0000 1.0000 0.2606 0.0366 0.0051 0.0007 1.0000 1.0000 0.5369 0.0754 0.0106 0.0015 1.0000 1.0000 1.0000 0.1557 0.0219 0.0031 0.0004 1.0000 1.0000 0.3219 0.0454 0.0064 0.0009 1.0000 1.0000 0.7088 0.1028 0.0151 0.0022 0.0003 1.0000 1.0000 0.3402 0.0542 0.0088 0.0011
0.0081 0.0630 0.3849 1.0000 1.0000 0.0004 0.0023 0.0151 0.0998 0.6720 1.0000 1.0000 0.0008 0.0057 0.0402 0.2834 1.0000 1.0000 0.0004 0.0027 0.0190 0.1355 0.9645 1.0000 1.0000 0.0013 0.0092 0.0657 0.4673 1.0000 1.0000 0.0006 0.0045 0.0319 0.2269 1.0000 1.0000 0.0003 0.0022 0.0154 0.1099 0.7824 1.0000 1.0000 0.0011 0.0075 0.0534 0.3798 1.0000 1.0000 1.0000 1.0000 1.0000 0.3798 0.0534 0.0075 0.0011 1.0000 1.0000 0.7824 0.1099 0.0154 0.0022 0.0003 1.0000 1.0000 0.2269 0.0319 0.0045 0.0006 1.0000 1.0000 0.4673 0.0657 0.0092 0.0013 1.0000 1.0000 0.9645 0.1355 0.0190 0.0027 0.0004 1.0000 1.0000 0.2834 0.0402 0.0057 0.0008 1.0000 1.0000 0.6720 0.0998 0.0151 0.0023 0.0004 1.0000 1.0000 0.3849 0.0630 0.0081
0.0575 0.4482 1.0000 1.0000 0.0004 0.0025 0.0159 0.1028 0.6720 1.0000 1.0000 0.0008 0.0052 0.0363 0.2533 1.0000 1.0000 0.0003 0.0023 0.0166 0.1182 0.8395 1.0000 1.0000 0.0011 0.0080 0.0571 0.4068 1.0000 1.0000 0.0005 0.0039 0.0277 0.1975 1.0000 1.0000 0.0003 0.0019 0.0134 0.0957 0.6810 1.0000 1.0000 0.0009 0.0065 0.0464 0.3306 1.0000 1.0000 0.0005 0.0015 0.0005 1.0000 1.0000 0.3306 0.0464 0.0065 0.0009 1.0000 1.0000 0.6810 0.0957 0.0134 0.0019 0.0003 1.0000 1.0000 0.1975 0.0277 0.0039 0.0005 1.0000 1.0000 0.4068 0.0571 0.0080 0.0011 1.0000 1.0000 0.8395 0.1182 0.0166 0.0023 0.0003 1.0000 1.0000 0.2533 0.0363 0.0052 0.0008 1.0000 1.0000 0.6720 0.1028 0.0159 0.0025 0.0004 1.0000 1.0000 0.4482 0.0575
0.4091 1.0000 1.0000 0.0005 0.0028 0.0176 0.1112 0.7088 1.0000 1.0000 0.0007 0.0050 0.0339 0.2325 1.0000 1.0000 0.0003 0.0021 0.0146 0.1032 0.7335 1.0000 1.0000 0.0010 0.0070 0.0497 0.3540 1.0000 1.0000 0.0005 0.0034 0.0241 0.1719 1.0000 1.0000 1.0000 0.0016 0.0117 0.0833 0.5927 1.0000 1.0000 0.0008 0.0057 0.0404 0.2877 1.0000 1.0000 0.0004 0.0029 0.0094 0.0029 0.0004 1.0000 1.0000 0.2877 0.0404 0.0057 0.0008 1.0000 1.0000 0.5927 0.0833 0.0117 0.0016 1.0000 1.0000 1.0000 0.1719 0.0241 0.0034 0.0005 1.0000 1.0000 0.3540 0.0497 0.0070 0.0010 1.0000 1.0000 0.7335 0.1032 0.0146 0.0021 0.0003 1.0000 1.0000 0.2325 0.0339 0.0050 0.0007 1.0000 1.0000 0.7088 0.1112 0.0176 0.0028 0.0005 1.0000 1.0000 0.4091
1.0000 1.0000 0.0005 0.0032 0.0199 0.1241 0.7795 1.0000 1.0000 0.0008 0.0050 0.0330 0.2217 1.0000 1.0000 0.0003 0.0019 0.0130 0.0914 0.6457 1.0000 1.0000 0.0009 0.0061 0.0433 0.3081 1.0000 1.0000 0.0004 0.0030 0.0210 0.1496 1.0000 1.0000 1.0000 0.0014 0.0102 0.0725 0.5159 1.0000 1.0000 0.0007 0.0049 0.0352 0.2504 1.0000 1.0000 0.0003 0.0024 0.0177 0.0585 0.0177 0.0024 0.0003 1.0000 1.0000 0.2504 0.0352 0.0049 0.0007 1.0000 1.0000 0.5159 0.0725 0.0102 0.0014 1.0000 1.0000 1.0000 0.1496 0.0210 0.0030 0.0004 1.0000 1.0000 0.3081 0.0433 0.0061 0.0009 1.0000 1.0000 0.6457 0.0914 0.0130 0.0019 0.0003 1.0000 1.0000 0.2217 0.0330 0.0050 0.0008 1.0000 1.0000 0.7795 0.1241 0.0199 0.0032 0.0005 1.0000 1.0000
1.0000 0.0006 0.0037 0.0228 0.1413 0.8804 1.0000 1.0000 0.0008 0.0052 0.0339 0.2217 1.0000 1.0000 0.0002 0.0017 0.0118 0.0822 0.5750 1.0000 1.0000 0.0008 0.0053 0.0378 0.2687 1.0000 1.0000 0.0004 0.0026 0.0183 0.1302 0.9267 1.0000 1.0000 0.0012 0.0089 0.0631 0.4490 1.0000 1.0000 0.0006 0.0043 0.0306 0.2180 1.0000 1.0000 0.0003 0.0021 0.0150 0.1099 0.3622 0.1099 0.0150 0.0021 0.0003 1.0000 1.0000 0.2180 0.0306 0.0043 0.0006 1.0000 1.0000 0.4490 0.0631 0.0089 0.0012 1.0000 1.0000 0.9267 0.1302 0.0183 0.0026 0.0004 1.0000 1.0000 0.2687 0.0378 0.0053 0.0008 1.0000 1.0000 0.5750 0.0822 0.0118 0.0017 0.0002 1.0000 1.0000 0.2217 0.0339 0.0052 0.0008 1.0000 1.0000 0.8804 0.1413 0.0228 0.0037 0.0006 1.0000
0.0006 0.0043 0.0261 0.1620 1.0000 1.0000 1.0000 0.0009 0.0057 0.0363 0.2325 1.0000 1.0000 0.0002 0.0016 0.0111 0.0759 0.5238 1.0000 1.0000 0.0007 0.0047 0.0332 0.2352 1.0000 1.0000 0.0003 0.0022 0.0159 0.1133 0.8066 1.0000 1.0000 0.0011 0.0077 0.0549 0.3908 1.0000 1.0000 0.0005 0.0037 0.0267 0.1897 1.0000 1.0000 0.0003 0.0018 0.0129 0.0930 0.6810 1.0000 0.6810 0.0930 0.0129 0.0018 0.0003 1.0000 1.0000 0.1897 0.0267 0.0037 0.0005 1.0000 1.0000 0.3908 0.0549 0.0077 0.0011 1.0000 1.0000 0.8066 0.1133 0.0159 0.0022 0.0003 1.0000 1.0000 0.2352 0.0332 0.0047 0.0007 1.0000 1.0000 0.5238 0.0759 0.0111 0.0016 0.0002 1.0000 1.0000 0.2325 0.0363 0.0057 0.0009 1.0000 1.0000 1.0000 0.1620 0.0261 0.0043 0.0006
0.0039 0.0305 0.1858 1.0000 1.0000 1.0000 0.0010 0.0064 0.0402 0.2533 1.0000 1.0000 0.0002 0.0016 0.0109 0.0728 0.4929 1.0000 1.0000 0.0006 0.0042 0.0295 0.2079 1.0000 1.0000 0.0003 0.0020 0.0139 0.0986 0.7021 1.0000 1.0000 0.0009 0.0067 0.0478 0.3402 1.0000 1.0000 0.0005 0.0033 0.0232 0.1651 1.0000 1.0000 1.0000 0.0016 0.0112 0.0800 0.5761 1.0000 1.0000 1.0000 0.5761 0.0800 0.0112 0.0016 1.0000 1.0000 1.0000 0.1651 0.0232 0.0033 0.0005 1.0000 1.0000 0.3402 0.0478 0.0067 0.0009 1.0000 1.0000 0.7021 0.0986 0.0139 0.0020 0.0003 1.0000 1.0000 0.2079 0.0295 0.0042 0.0006 1.0000 1.0000 0.4929 0.0728 0.0109 0.0016 0.0002 1.0000 1.0000 0.2533 0.0402 0.0064 0.0010 1.0000 1.0000 1.0000 0.1858 0.0305 0.0039
0.0279 0.2172 1.0000 1.0000 1.0000 0.0012 0.0073 0.0454 0.2834 1.0000 1.0000 0.0003 0.0017 0.0111 0.0728 0.4827 1.0000 1.0000 0.0006 0.0038 0.0267 0.1862 1.0000 1.0000 0.0002 0.0017 0.0121 0.0862 0.6122 1.0000 1.0000 0.0008 0.0058 0.0416 0.2961 1.0000 1.0000 0.0004 0.0028 0.0202 0.1437 1.0000 1.0000 1.0000 0.0014 0.0098 0.0696 0.4967 1.0000 1.0000 0.0003 1.0000 1.0000 0.4967 0.0696 0.0098 0.0014 1.0000 1.0000 1.0000 0.1437 0.0202 0.0028 0.0004 1.0000 1.0000 0.2961 0.0416 0.0058 0.0008 1.0000 1.0000 0.6122 0.0862 0.0121 0.0017 0.0002 1.0000 1.0000 0.1862 0.0267 0.0038 0.0006 1.0000 1.0000 0.4827 0.0728 0.0111 0.0017 0.0003 1.0000 1.0000 0.2834 0.0454 0.0073 0.0012 1.0000 1.0000 1.0000 0.2172 0.0279
0.1982 1.0000 1.0000 1.0000 0.0013 0.0084 0.0519 0.3219 1.0000 1.0000 0.0003 0.0019 0.0118 0.0759 0.4929 1.0000 1.0000 0.0005 0.0036 0.0247 0.1702 1.0000 1.0000 1.0000 0.0015 0.0107 0.0756 0.5359 1.0000 1.0000 0.0007 0.0051 0.0362 0.2577 1.0000 1.0000 0.0003 0.0025 0.0176 0.1251 0.8905 1.0000 1.0000 0.0012 0.0085 0.0606 0.4315 1.0000 1.0000 0.0006 0.0020 0.0006 1.0000 1.0000 0.4315 0.0606 0.0085 0.0012 1.0000 1.0000 0.8905 0.1251 0.0176 0.0025 0.0003 1.0000 1.0000 0.2577 0.0362 0.0051 0.0007 1.0000 1.0000 0.5359 0.0756 0.0107 0.0015 1.0000 1.0000 1.0000 0.1702 0.0247 0.0036 0.0005 1.0000 1.0000 0.4929 0.0759 0.0118 0.0019 0.0003 1.0000 1.0000 0.3219 0.0519 0.0084 0.0013 1.0000 1.0000 1.0000 0.1982
1.0000 1.0000 0.0003 0.0015 0.0096 0.0595 0.3685 1.0000 1.0000 0.0003 0.0021 0.0130 0.0822 0.5238 1.0000 1.0000 0.0005 0.0036 0.0238 0.1611 1.0000 1.0000 1.0000 0.0014 0.0095 0.0669 0.4718 1.0000 1.0000 0.0006 0.0044 0.0316 0.2243 1.0000 1.0000 0.0003 0.0021 0.0153 0.1089 0.7750 1.0000 1.0000 0.0010 0.0074 0.0528 0.3755 1.0000 1.0000 0.0005 0.0037 0.0123 0.0037 0.0005 1.0000 1.0000 0.3755 0.0528 0.0074 0.0010 1.0000 1.0000 0.7750 0.1089 0.0153 0.0021 0.0003 1.0000 1.0000 0.2243 0.0316 0.0044 0.0006 1.0000 1.0000 0.4718 0.0669 0.0095 0.0014 1.0000 1.0000 1.0000 0.1611 0.0238 0.0036 0.0005 1.0000 1.0000 0.5238 0.0822 0.0130 0.0021 0.0003 1.0000 1.0000 0.3685 0.0595 0.0096 0.0015 0.0003 1.0000 1.0000
1.0000 0.0003 0.0018 0.0110 0.0683 0.4233 1.0000 1.0000 0.0004 0.0023 0.0146 0.0914 0.5750 1.0000 1.0000 0.0006 0.0036 0.0238 0.1578 1.0000 1.0000 1.0000 0.0012 0.0086 0.0603 0.4217 1.0000 1.0000 0.0005 0.0039 0.0276 0.1960 1.0000 1.0000 0.0003 0.0019 0.0133 0.0948 0.6746 1.0000 1.0000 0.0009 0.0065 0.0459 0.3268 1.0000 1.0000 0.0004 0.0032 0.0232 0.0763 0.0232 0.0032 0.0004 1.0000 1.0000 0.3268 0.0459 0.0065 0.0009 1.0000 1.0000 0.6746 0.0948 0.0133 0.0019 0.0003 1.0000 1.0000 0.1960 0.0276 0.0039 0.0005 1.0000 1.0000 0.4217 0.0603 0.0086 0.0012 1.0000 1.0000 1.0000 0.1578 0.0238 0.0036 0.0006 1.0000 1.0000 0.5750 0.0914 0.0146 0.0023 0.0004 1.0000 1.0000 0.4233 0.0683 0.0110 0.0018 0.0003 1.0000
0.0003 0.0021 0.0127 0.0785 0.4864 1.0000 1.0000 0.0004 0.0027 0.0166 0.1032 0.6457 1.0000 1.0000 0.0006 0.0038 0.0247 0.1611 1.0000 1.0000 1.0000 0.0012 0.0081 0.0553 0.3827 1.0000 1.0000 0.0005 0.0034 0.0243 0.1719 1.0000 1.0000 1.0000 0.0016 0.0116 0.0825 0.5871 1.0000 1.0000 0.0008 0.0056 0.0400 0.2845 1.0000 1.0000 0.0004 0.0027 0.0196 0.1435 0.4736 0.1435 0.0196 0.0027 0.0004 1.0000 1.0000 0.2845 0.0400 0.0056 0.0008 1.0000 1.0000 0.5871 0.0825 0.0116 0.0016 1.0000 1.0000 1.0000 0.1719 0.0243 0.0034 0.0005 1.0000 1.0000 0.3827 0.0553 0.0081 0.0012 1.0000 1.0000 1.0000 0.1611 0.0247 0.0038 0.0006 1.0000 1.0000 0.6457 0.1032 0.0166 0.0027 0.0004 1.0000 1.0000 0.4864 0.0785 0.0127 0.0021 0.0003
0.0019 0.0148 0.0902 0.5588 1.0000 1.0000 0.0005 0.0031 0.0190 0.1182 0.7335 1.0000 1.0000 0.0007 0.0042 0.0267 0.1702 1.0000 1.0000 1.0000 0.0012 0.0078 0.0525 0.3574 1.0000 1.0000 0.0004 0.0031 0.0216 0.1519 1.0000 1.0000 1.0000 0.0014 0.0101 0.0718 0.5110 1.0000 1.0000 0.0007 0.0049 0.0348 0.2476 1.0000 1.0000 0.0003 0.0024 0.0169 0.1213 0.8888 1.0000 0.8888 0.1213 0.0169 0.0024 0.0003 1.0000 1.0000 0.2476 0.0348 0.0049 0.0007 1.0000 1.0000 0.5110 0.0718 0.0101 0.0014 1.0000 1.0000 1.0000 0.1519 0.0216 0.0031 0.0004 1.0000 1.0000 0.3574 0.0525 0.0078 0.0012 1.0000 1.0000 1.0000 0.1702 0.0267 0.0042 0.0007 1.0000 1.0000 0.7335 0.1182 0.0190 0.0031 0.0005 1.0000 1.0000 0.5588 0.0902 0.0148 0.0019
0.0135 0.1054 0.6420 1.0000 1.0000 0.0006 0.0035 0.0219 0.1355 0.8395 1.0000 1.0000 0.0008 0.0047 0.0295 0.1862 1.0000 1.0000 1.0000 0.0012 0.0078 0.0515 0.3447 1.0000 1.0000 0.0004 0.0028 0.0195 0.1360 0.9536 1.0000 1.0000 0.0012 0.0088 0.0626 0.4456 1.0000 1.0000 0.0006 0.0043 0.0303 0.2155 1.0000 1.0000 0.0003 0.0021 0.0147 0.1046 0.7518 1.0000 1.0000 1.0000 0.7518 0.1046 0.0147 0.0021 0.0003 1.0000 1.0000 0.2155 0.0303 0.0043 0.0006 1.0000 1.0000 0.4456 0.0626 0.0088 0.0012 1.0000 1.0000 0.9536 0.1360 0.0195 0.0028 0.0004 1.0000 1.0000 0.3447 0.0515 0.0078 0.0012 1.0000 1.0000 1.0000 0.1862 0.0295 0.0047 0.0008 1.0000 1.0000 0.8395 0.1355 0.0219 0.0035 0.0006 1.0000 1.0000 0.6420 0.1054 0.0135
0.0962 0.7490 1.0000 1.0000 0.0007 0.0041 0.0251 0.1557 0.9645 1.0000 1.0000 0.0009 0.0053 0.0332 0.2079 1.0000 1.0000 1.0000 0.0012 0.0081 0.0525 0.3447 1.0000 1.0000 0.0004 0.0026 0.0179 0.1241 0.8621 1.0000 1.0000 0.0011 0.0078 0.0550 0.3901 1.0000 1.0000 0.0005 0.0037 0.0264 0.1876 1.0000 1.0000 0.0003 0.0018 0.0128 0.0911 0.6482 1.0000 1.0000 0.0004 1.0000 1.0000 0.6482 0.0911 0.0128 0.0018 0.0003 1.0000 1.0000 0.1876 0.0264 0.0037 0.0005 1.0000 1.0000 0.3901 0.0550 0.0078 0.0011 1.0000 1.0000 0.8621 0.1241 0.0179 0.0026 0.0004 1.0000 1.0000 0.3447 0.0525 0.0081 0.0012 1.0000 1.0000 1.0000 0.2079 0.0332 0.0053 0.0009 1.0000 1.0000 0.9645 0.1557 0.0251 0.0041 0.0007 1.0000 1.0000 0.7490 0.0962
0.6849 1.0000 1.0000 0.0008 0.0047 0.0289 0.1789 1.0000 1.0000 1.0000 0.0010 0.0061 0.0378 0.2352 1.0000 1.0000 1.0000 0.0014 0.0086 0.0553 0.3574 1.0000 1.0000 0.0004 0.0025 0.0170 0.1159 0.7944 1.0000 1.0000 0.0010 0.0069 0.0488 0.3441 1.0000 1.0000 0.0005 0.0032 0.0230 0.1633 1.0000 1.0000 1.0000 0.0016 0.0111 0.0793 0.5641 1.0000 1.0000 0.0008 0.0026 0.0008 1.0000 1.0000 0.5641 0.0793 0.0111 0.0016 1.0000 1.0000 1.0000 0.1633 0.0230 0.0032 0.0005 1.0000 1.0000 0.3441 0.0488 0.0069 0.0010 1.0000 1.0000 0.7944 0.1159 0.0170 0.0025 0.0004 1.0000 1.0000 0.3574 0.0553 0.0086 0.0014 1.0000 1.0000 1.0000 0.2352 0.0378 0.0061 0.0010 1.0000 1.0000 1.0000 0.1789 0.0289 0.0047 0.0008 1.0000 1.0000 0.6849
1.0000 1.0000 0.0009 0.0054 0.0332 0.2055 1.0000 1.0000 1.0000 0.0011 0.0070 0.0433 0.2687 1.0000 1.0000 0.0002 0.0015 0.0095 0.0603 0.3827 1.0000 1.0000 0.0004 0.0025 0.0168 0.1120 0.7561 1.0000 1.0000 0.0009 0.0063 0.0439 0.3070 1.0000 1.0000 0.0004 0.0028 0.0201 0.1426 1.0000 1.0000 1.0000 0.0014 0.0097 0.0690 0.4910 1.0000 1.0000 0.0007 0.0049 0.0161 0.0049 0.0007 1.0000 1.0000 0.4910 0.0690 0.0097 0.0014 1.0000 1.0000 1.0000 0.1426 0.0201 0.0028 0.0004 1.0000 1.0000 0.3070 0.0439 0.0063 0.0009 1.0000 1.0000 0.7561 0.1120 0.0168 0.0025 0.0004 1.0000 1.0000 0.3827 0.0603 0.0095 0.0015 0.0002 1.0000 1.0000 0.2687 0.0433 0.0070 0.0011 1.0000 1.0000 1.0000 0.2055 0.0332 0.0054 0.0009 1.0000 1.0000
1.0000 0.0010 0.0061 0.0381 0.2361 1.0000 1.0000 1.0000 0.0013 0.0080 0.0497 0.3081 1.0000 1.0000 0.0003 0.0017 0.0107 0.0669 0.4217 1.0000 1.0000 0.0004 0.0026 0.0170 0.1120 0.7433 1.0000 1.0000 0.0009 0.0058 0.0401 0.2781 1.0000 1.0000 0.0004 0.0025 0.0177 0.1251 0.8871 1.0000 1.0000 0.0012 0.0084 0.0600 0.4274 1.0000 1.0000 0.0006 0.0041 0.0303 0.0998 0.0303 0.0041 0.0006 1.0000 1.0000 0.4274 0.0600 0.0084 0.0012 1.0000 1.0000 0.8871 0.1251 0.0177 0.0025 0.0004 1.0000 1.0000 0.2781 0.0401 0.0058 0.0009 1.0000 1.0000 0.7433 0.1120 0.0170 0.0026 0.0004 1.0000 1.0000 0.4217 0.0669 0.0107 0.0017 0.0003 1.0000 1.0000 0.3081 0.0497 0.0080 0.0013 1.0000 1.0000 1.0000 0.2361 0.0381 0.0061 0.0010 1.0000
0.0009 0.0072 0.0437 0.2713 1.0000 1.0000 0.0002 0.0015 0.0092 0.0571 0.3540 1.0000 1.0000 0.0003 0.0020 0.0121 0.0756 0.4718 1.0000 1.0000 0.0004 0.0028 0.0179 0.1159 0.7561 1.0000 1.0000 0.0008 0.0055 0.0377 0.2577 1.0000 1.0000 0.0003 0.0022 0.0157 0.1105 0.7810 1.0000 1.0000 0.0010 0.0074 0.0523 0.3720 1.0000 1.0000 0.0005 0.0036 0.0256 0.1876 0.6181 0.1876 0.0256 0.0036 0.0005 1.0000 1.0000 0.3720 0.0523 0.0074 0.0010 1.0000 1.0000 0.7810 0.1105 0.0157 0.0022 0.0003 1.0000 1.0000 0.2577 0.0377 0.0055 0.0008 1.0000 1.0000 0.7561 0.1159 0.0179 0.0028 0.0004 1.0000 1.0000 0.4718 0.0756 0.0121 0.0020 0.0003 1.0000 1.0000 0.3540 0.0571 0.0092 0.0015 0.0002 1.0000 1.0000 0.2713 0.0437 0.0072 0.0009
0.0066 0.0511 0.3111 1.0000 1.0000 0.0003 0.0017 0.0106 0.0657 0.4068 1.0000 1.0000 0.0004 0.0022 0.0139 0.0862 0.5359 1.0000 1.0000 0.0005 0.0031 0.0195 0.1241 0.7944 1.0000 1.0000 0.0008 0.0054 0.0365 0.2457 1.0000 1.0000 0.0003 0.0020 0.0141 0.0988 0.6941 1.0000 1.0000 0.0009 0.0064 0.0457 0.3244 1.0000 1.0000 0.0004 0.0031 0.0221 0.1587 1.0000 1.0000 1.0000 0.1587 0.0221 0.0031 0.0004 1.0000 1.0000 0.3244 0.0457 0.0064 0.0009 1.0000 1.0000 0.6941 0.0988 0.0141 0.0020 0.0003 1.0000 1.0000 0.2457 0.0365 0.0054 0.0008 1.0000 1.0000 0.7944 0.1241 0.0195 0.0031 0.0005 1.0000 1.0000 0.5359 0.0862 0.0139 0.0022 0.0004 1.0000 1.0000 0.4068 0.0657 0.0106 0.0017 0.0003 1.0000 1.0000 0.3111 0.0511 0.0066
0.0466 0.3636 1.0000 1.0000 0.0003 0.0020 0.0122 0.0754 0.4673 1.0000 1.0000 0.0004 0.0026 0.0159 0.0986 0.6122 1.0000 1.0000 0.0005 0.0034 0.0216 0.1360 0.8621 1.0000 1.0000 0.0009 0.0055 0.0365 0.2416 1.0000 1.0000 0.0003 0.0019 0.0130 0.0897 0.6252 1.0000 1.0000 0.0008 0.0057 0.0401 0.2839 1.0000 1.0000 0.0004 0.0027 0.0192 0.1365 0.9830 1.0000 1.0000 1.0000 0.9830 0.1365 0.0192 0.0027 0.0004 1.0000 1.0000 0.2839 0.0401 0.0057 0.0008 1.0000 1.0000 0.6252 0.0897 0.0130 0.0019 0.0003 1.0000 1.0000 0.2416 0.0365 0.0055 0.0009 1.0000 1.0000 0.8621 0.1360 0.0216 0.0034 0.0005 1.0000 1.0000 0.6122 0.0986 0.0159 0.0026 0.0004 1.0000 1.0000 0.4673 0.0754 0.0122 0.0020 0.0003 1.0000 1.0000 0.3636 0.0466
0.3325 1.0000 1.0000 0.0004 0.0023 0.0140 0.0867 0.5369 1.0000 1.0000 0.0005 0.0030 0.0183 0.1133 0.7021 1.0000 1.0000 0.0006 0.0039 0.0243 0.1519 0.9536 1.0000 1.0000 0.0009 0.0058 0.0377 0.2457 1.0000 1.0000 0.0003 0.0018 0.0122 0.0834 0.5739 1.0000 1.0000 0.0007 0.0050 0.0355 0.2504 1.0000 1.0000 0.0003 0.0023 0.0167 0.1188 0.8475 1.0000 1.0000 0.0005 1.0000 1.0000 0.8475 0.1188 0.0167 0.0023 0.0003 1.0000 1.0000 0.2504 0.0355 0.0050 0.0007 1.0000 1.0000 0.5739 0.0834 0.0122 0.0018 0.0003 1.0000 1.0000 0.2457 0.0377 0.0058 0.0009 1.0000 1.0000 0.9536 0.1519 0.0243 0.0039 0.0006 1.0000 1.0000 0.7021 0.1133 0.0183 0.0030 0.0005 1.0000 1.0000 0.5369 0.0867 0.0140 0.0023 0.0004 1.0000 1.0000 0.3325
1.0000 1.0000 0.0004 0.0026 0.0161 0.0996 0.6169 1.0000 1.0000 0.0005 0.0034 0.0210 0.1302 0.8066 1.0000 1.0000 0.0007 0.0044 0.0276 0.1719 1.0000 1.0000 1.0000 0.0010 0.0063 0.0401 0.2577 1.0000 1.0000 0.0003 0.0018 0.0118 0.0797 0.5410 1.0000 1.0000 0.0007 0.0046 0.0318 0.2230 1.0000 1.0000 0.0003 0.0021 0.0146 0.1038 0.7376 1.0000 1.0000 0.0010 0.0034 0.0010 1.0000 1.0000 0.7376 0.1038 0.0146 0.0021 0.0003 1.0000 1.0000 0.2230 0.0318 0.0046 0.0007 1.0000 1.0000 0.5410 0.0797 0.0118 0.0018 0.0003 1.0000 1.0000 0.2577 0.0401 0.0063 0.0010 1.0000 1.0000 1.0000 0.1719 0.0276 0.0044 0.0007 1.0000 1.0000 0.8066 0.1302 0.0210 0.0034 0.0005 1.0000 1.0000 0.6169 0.0996 0.0161 0.0026 0.0004 1.0000 1.0000
1.0000 0.0005 0.0030 0.0185 0.1144 0.7088 1.0000 1.0000 0.0006 0.0039 0.0241 0.1496 0.9267 1.0000 1.0000 0.0008 0.0051 0.0316 0.1960 1.0000 1.0000 1.0000 0.0011 0.0069 0.0439 0.2781 1.0000 1.0000 0.0003 0.0018 0.0118 0.0784 0.5238 1.0000 1.0000 0.0006 0.0042 0.0290 0.2016 1.0000 1.0000 0.0003 0.0018 0.0129 0.0911 0.6445 1.0000 1.0000 0.0009 0.0064 0.0211 0.0064 0.0009 1.0000 1.0000 0.6445 0.0911 0.0129 0.0018 0.0003 1.0000 1.0000 0.2016 0.0290 0.0042 0.0006 1.0000 1.0000 0.5238 0.0784 0.0118 0.0018 0.0003 1.0000 1.0000 0.2781 0.0439 0.0069 0.0011 1.0000 1.0000 1.0000 0.1960 0.0316 0.0051 0.0008 1.0000 1.0000 0.9267 0.1496 0.0241 0.0039 0.0006 1.0000 1.0000 0.7088 0.1144 0.0185 0.0030 0.0005 1.0000
0.0004 0.0035 0.0212 0.1314 0.8143 1.0000 1.0000 0.0007 0.0045 0.0277 0.1719 1.0000 1.0000 1.0000 0.0009 0.0058 0.0362 0.2243 1.0000 1.0000 1.0000 0.0012 0.0078 0.0488 0.3070 1.0000 1.0000 0.0003 0.0019 0.0122 0.0797 0.5238 1.0000 1.0000 0.0006 0.0039 0.0270 0.1854 1.0000 1.0000 1.0000 0.0016 0.0114 0.0803 0.5674 1.0000 1.0000 0.0008 0.0054 0.0396 0.1307 0.0396 0.0054 0.0008 1.0000 1.0000 0.5674 0.0803 0.0114 0.0016 1.0000 1.0000 1.0000 0.1854 0.0270 0.0039 0.0006 1.0000 1.0000 0.5238 0.0797 0.0122 0.0019 0.0003 1.0000 1.0000 0.3070 0.0488 0.0078 0.0012 1.0000 1.0000 1.0000 0.2243 0.0362 0.0058 0.0009 1.0000 1.0000 1.0000 0.1719 0.0277 0.0045 0.0007 1.0000 1.0000 0.8143 0.1314 0.0212 0.0035 0.0004
0.0032 0.0248 0.1510 0.9356 1.0000 1.0000 0.0008 0.0051 0.0319 0.1975 1.0000 1.0000 1.0000 0.0011 0.0067 0.0416 0.2577 1.0000 1.0000 1.0000 0.0014 0.0088 0.0550 0.3441 1.0000 1.0000 0.0003 0.0020 0.0130 0.0834 0.5410 1.0000 1.0000 0.0006 0.0038 0.0258 0.1748 1.0000 1.0000 1.0000 0.0015 0.0103 0.0718 0.5033 1.0000 1.0000 0.0007 0.0047 0.0336 0.2457 0.8112 0.2457 0.0336 0.0047 0.0007 1.0000 1.0000 0.5033 0.0718 0.0103 0.0015 1.0000 1.0000 1.0000 0.1748 0.0258 0.0038 0.0006 1.0000 1.0000 0.5410 0.0834 0.0130 0.0020 0.0003 1.0000 1.0000 0.3441 0.0550 0.0088 0.0014 1.0000 1.0000 1.0000 0.2577 0.0416 0.0067 0.0011 1.0000 1.0000 1.0000 0.1975 0.0319 0.0051 0.0008 1.0000 1.0000 0.9356 0.1510 0.0248 0.0032
0.0226 0.1762 1.0000 1.0000 1.0000 0.0010 0.0059 0.0366 0.2269 1.0000 1.0000 1.0000 0.0012 0.0077 0.0478 0.2961 1.0000 1.0000 0.0003 0.0016 0.0101 0.0626 0.3901 1.0000 1.0000 0.0004 0.0022 0.0141 0.0897 0.5739 1.0000 1.0000 0.0006 0.0038 0.0254 0.1696 1.0000 1.0000 1.0000 0.0014 0.0093 0.0649 0.4525 1.0000 1.0000 0.0006 0.0041 0.0292 0.2090 1.0000 1.0000 1.0000 0.2090 0.0292 0.0041 0.0006 1.0000 1.0000 0.4525 0.0649 0.0093 0.0014 1.0000 1.0000 1.0000 0.1696 0.0254 0.0038 0.0006 1.0000 1.0000 0.5739 0.0897 0.0141 0.0022 0.0004 1.0000 1.0000 0.3901 0.0626 0.0101 0.0016 0.0003 1.0000 1.0000 0.2961 0.0478 0.0077 0.0012 1.0000 1.0000 1.0000 0.2269 0.0366 0.0059 0.0010 1.0000 1.0000 1.0000 0.1762 0.0226
0.1611 1.0000 1.0000 1.0000 0.0011 0.0068 0.0421 0.2606 1.0000 1.0000 1.0000 0.0014 0.0089 0.0549 0.3402 1.0000 1.0000 0.0003 0.0019 0.0116 0.0718 0.4456 1.0000 1.0000 0.0004 0.0025 0.0157 0.0988 0.6252 1.0000 1.0000 0.0006 0.0039 0.0258 0.1696 1.0000 1.0000 1.0000 0.0013 0.0087 0.0599 0.4138 1.0000 1.0000 0.0005 0.0037 0.0258 0.1823 1.0000 1.0000 1.0000 1.0000 1.0000 0.1823 0.0258 0.0037 0.0005 1.0000 1.0000 0.4138 0.0599 0.0087 0.0013 1.0000 1.0000 1.0000 0.1696 0.0258 0.0039 0.0006 1.0000 1.0000 0.6252 0.0988 0.0157 0.0025 0.0004 1.0000 1.0000 0.4456 0.0718 0.0116 0.0019 0.0003 1.0000 1.0000 0.3402 0.0549 0.0089 0.0014 1.0000 1.0000 1.0000 0.2606 0.0421 0.0068 0.0011 1.0000 1.0000 1.0000 0.1611
1.0000 1.0000 1.0000 0.0013 0.0078 0.0483 0.2995 1.0000 1.0000 0.0003 0.0016 0.0102 0.0631 0.3908 1.0000 1.0000 0.0003 0.0021 0.0133 0.0825 0.5110 1.0000 1.0000 0.0005 0.0028 0.0177 0.1105 0.6941 1.0000 1.0000 0.0007 0.0042 0.0270 0.1748 1.0000 1.0000 1.0000 0.0012 0.0083 0.0566 0.3864 1.0000 1.0000 0.0005 0.0033 0.0231 0.1620 1.0000 1.0000 1.0000 0.0007 1.0000 1.0000 1.0000 0.1620 0.0231 0.0033 0.0005 1.0000 1.0000 0.3864 0.0566 0.0083 0.0012 1.0000 1.0000 1.0000 0.1748 0.0270 0.0042 0.0007 1.0000 1.0000 0.6941 0.1105 0.0177 0.0028 0.0005 1.0000 1.0000 0.5110 0.0825 0.0133 0.0021 0.0003 1.0000 1.0000 0.3908 0.0631 0.0102 0.0016 0.0003 1.0000 1.0000 0.2995 0.0483 0.0078 0.0013 1.0000 1.0000 1.0000
1.0000 1.0000 0.0014 0.0090 0.0555 0.3441 1.0000 1.0000 0.0003 0.0019 0.0117 0.0725 0.4490 1.0000 1.0000 0.0004 0.0025 0.0153 0.0948 0.5871 1.0000 1.0000 0.0005 0.0032 0.0201 0.1251 0.7810 1.0000 1.0000 0.0007 0.0046 0.0290 0.1854 1.0000 1.0000 1.0000 0.0012 0.0082 0.0549 0.3692 1.0000 1.0000 0.0004 0.0030 0.0209 0.1457 1.0000 1.0000 1.0000 0.0014 0.0045 0.0014 1.0000 1.0000 1.0000 0.1457 0.0209 0.0030 0.0004 1.0000 1.0000 0.3692 0.0549 0.0082 0.0012 1.0000 1.0000 1.0000 0.1854 0.0290 0.0046 0.0007 1.0000 1.0000 0.7810 0.1251 0.0201 0.0032 0.0005 1.0000 1.0000 0.5871 0.0948 0.0153 0.0025 0.0004 1.0000 1.0000 0.4490 0.0725 0.0117 0.0019 0.0003 1.0000 1.0000 0.3441 0.0555 0.0090 0.0014 1.0000 1.0000
0.0002 0.0017 0.0103 0.0638 0.3953 1.0000 1.0000 0.0004 0.0022 0.0134 0.0833 0.5159 1.0000 1.0000 0.0005 0.0028 0.0176 0.1089 0.6746 1.0000 1.0000 0.0006 0.0037 0.0230 0.1426 0.8871 1.0000 1.0000 0.0008 0.0050 0.0318 0.2016 1.0000 1.0000 1.0000 0.0013 0.0083 0.0549 0.3636 1.0000 1.0000 0.0004 0.0028 0.0193 0.1335 0.9250 1.0000 1.0000 0.0012 0.0086 0.0284 0.0086 0.0012 1.0000 1.0000 0.9250 0.1335 0.0193 0.0028 0.0004 1.0000 1.0000 0.3636 0.0549 0.0083 0.0013 1.0000 1.0000 1.0000 0.2016 0.0318 0.0050 0.0008 1.0000 1.0000 0.8871 0.1426 0.0230 0.0037 0.0006 1.0000 1.0000 0.6746 0.1089 0.0176 0.0028 0.0005 1.0000 1.0000 0.5159 0.0833 0.0134 0.0022 0.0004 1.0000 1.0000 0.3953 0.0638 0.0103 0.0017 0.0002
0.0015 0.0120 0.0732 0.4542 1.0000 1.0000 0.0004 0.0025 0.0154 0.0957 0.5927 1.0000 1.0000 0.0005 0.0033 0.0202 0.1251 0.7750 1.0000 1.0000 0.0007 0.0043 0.0264 0.1633 1.0000 1.0000 1.0000 0.0009 0.0057 0.0355 0.2230 1.0000 1.0000 1.0000 0.0014 0.0087 0.0566 0.3692 1.0000 1.0000 0.0004 0.0027 0.0183 0.1246 0.8540 1.0000 1.0000 0.0011 0.0075 0.0543 0.1778 0.0543 0.0075 0.0011 1.0000 1.0000 0.8540 0.1246 0.0183 0.0027 0.0004 1.0000 1.0000 0.3692 0.0566 0.0087 0.0014 1.0000 1.0000 1.0000 0.2230 0.0355 0.0057 0.0009 1.0000 1.0000 1.0000 0.1633 0.0264 0.0043 0.0007 1.0000 1.0000 0.7750 0.1251 0.0202 0.0033 0.0005 1.0000 1.0000 0.5927 0.0957 0.0154 0.0025 0.0004 1.0000 1.0000 0.4542 0.0732 0.0120 0.0015
0.0110 0.0855 0.5208 1.0000 1.0000 0.0005 0.0029 0.0177 0.1099 0.6810 1.0000 1.0000 0.0006 0.0037 0.0232 0.1437 0.8905 1.0000 1.0000 0.0008 0.0049 0.0303 0.1876 1.0000 1.0000 1.0000 0.0010 0.0064 0.0401 0.2504 1.0000 1.0000 1.0000 0.0015 0.0093 0.0599 0.3864 1.0000 1.0000 0.0004 0.0027 0.0177 0.1195 0.8097 1.0000 1.0000 0.0010 0.0067 0.0474 0.3415 1.0000 0.3415 0.0474 0.0067 0.0010 1.0000 1.0000 0.8097 0.1195 0.0177 0.0027 0.0004 1.0000 1.0000 0.3864 0.0599 0.0093 0.0015 1.0000 1.0000 1.0000 0.2504 0.0401 0.0064 0.0010 1.0000 1.0000 1.0000 0.1876 0.0303 0.0049 0.0008 1.0000 1.0000 0.8905 0.1437 0.0232 0.0037 0.0006 1.0000 1.0000 0.6810 0.1099 0.0177 0.0029 0.0005 1.0000 1.0000 0.5208 0.0855 0.0110
0.0782 0.6087 1.0000 1.0000 0.0005 0.0033 0.0204 0.1263 0.7824 1.0000 1.0000 0.0007 0.0043 0.0267 0.1651 1.0000 1.0000 1.0000 0.0009 0.0056 0.0348 0.2155 1.0000 1.0000 1.0000 0.0012 0.0074 0.0457 0.2839 1.0000 1.0000 0.0003 0.0016 0.0103 0.0649 0.4138 1.0000 1.0000 0.0004 0.0027 0.0177 0.1177 0.7854 1.0000 1.0000 0.0009 0.0062 0.0430 0.3012 1.0000 1.0000 1.0000 0.3012 0.0430 0.0062 0.0009 1.0000 1.0000 0.7854 0.1177 0.0177 0.0027 0.0004 1.0000 1.0000 0.4138 0.0649 0.0103 0.0016 0.0003 1.0000 1.0000 0.2839 0.0457 0.0074 0.0012 1.0000 1.0000 1.0000 0.2155 0.0348 0.0056 0.0009 1.0000 1.0000 1.0000 0.1651 0.0267 0.0043 0.0007 1.0000 1.0000 0.7824 0.1263 0.0204 0.0033 0.0005 1.0000 1.0000 0.6087 0.0782
0.5556 1.0000 1.0000 0.0006 0.0038 0.0234 0.1451 0.8990 1.0000 1.0000 0.0008 0.0049 0.0306 0.1897 1.0000 1.0000 1.0000 0.0010 0.0065 0.0400 0.2476 1.0000 1.0000 1.0000 0.0014 0.0084 0.0523 0.3244 1.0000 1.0000 0.0003 0.0018 0.0114 0.0718 0.4525 1.0000 1.0000 0.0004 0.0028 0.0183 0.1195 0.7854 1.0000 1.0000 0.0009 0.0059 0.0403 0.2760 1.0000 1.0000 1.0000 1.0000 1.0000 0.2760 0.0403 0.0059 0.0009 1.0000 1.0000 0.7854 0.1195 0.0183 0.0028 0.0004 1.0000 1.0000 0.4525 0.0718 0.0114 0.0018 0.0003 1.0000 1.0000 0.3244 0.0523 0.0084 0.0014 1.0000 1.0000 1.0000 0.2476 0.0400 0.0065 0.0010 1.0000 1.0000 1.0000 0.1897 0.0306 0.0049 0.0008 1.0000 1.0000 0.8990 0.1451 0.0234 0.0038 0.0006 1.0000 1.0000 0.5556
1.0000 1.0000 0.0007 0.0043 0.0269 0.1667 1.0000 1.0000 1.0000 0.0009 0.0057 0.0352 0.2180 1.0000 1.0000 1.0000 0.0012 0.0074 0.0459 0.2845 1.0000 1.0000 0.0003 0.0016 0.0097 0.0600 0.3720 1.0000 1.0000 0.0003 0.0021 0.0129 0.0803 0.5033 1.0000 1.0000 0.0005 0.0030 0.0193 0.1246 0.8097 1.0000 1.0000 0.0009 0.0057 0.0386 0.2616 1.0000 1.0000 0.0003 0.0011 0.0003 1.0000 1.0000 0.2616 0.0386 0.0057 0.0009 1.0000 1.0000 0.8097 0.1246 0.0193 0.0030 0.0005 1.0000 1.0000 0.5033 0.0803 0.0129 0.0021 0.0003 1.0000 1.0000 0.3720 0.0600 0.0097 0.0016 0.0003 1.0000 1.0000 0.2845 0.0459 0.0074 0.0012 1.0000 1.0000 1.0000 0.2180 0.0352 0.0057 0.0009 1.0000 1.0000 1.0000 0.1667 0.0269 0.0043 0.0007 1.0000 1.0000
1.0000 0.0008 0.0050 0.0309 0.1915 1.0000 1.0000 1.0000 0.0011 0.0065 0.0404 0.2504 1.0000 1.0000 1.0000 0.0014 0.0085 0.0528 0.3268 1.0000 1.0000 0.0003 0.0018 0.0111 0.0690 0.4274 1.0000 1.0000 0.0004 0.0023 0.0146 0.0911 0.5674 1.0000 1.0000 0.0005 0.0033 0.0209 0.1335 0.8540 1.0000 1.0000 0.0009 0.0057 0.0381 0.2543 1.0000 1.0000 0.0003 0.0021 0.0068 0.0021 0.0003 1.0000 1.0000 0.2543 0.0380 0.0057 0.0009 1.0000 1.0000 0.8540 0.1335 0.0209 0.0033 0.0005 1.0000 1.0000 0.5674 0.0911 0.0146 0.0023 0.0004 1.0000 1.0000 0.4274 0.0690 0.0111 0.0018 0.0003 1.0000 1.0000 0.3268 0.0528 0.0085 0.0014 1.0000 1.0000 1.0000 0.2504 0.0404 0.0065 0.0011 1.0000 1.0000 1.0000 0.1915 0.0309 0.0050 0.0008 1.0000
0.0007 0.0058 0.0355 0.2201 1.0000 1.0000 1.0000 0.0012 0.0075 0.0464 0.2877 1.0000 1.0000 0.0003 0.0016 0.0098 0.0606 0.3755 1.0000 1.0000 0.0003 0.0021 0.0128 0.0793 0.4910 1.0000 1.0000 0.0004 0.0027 0.0167 0.1038 0.6445 1.0000 1.0000 0.0006 0.0037 0.0231 0.1457 0.9250 1.0000 1.0000 0.0009 0.0059 0.0386 0.2543 1.0000 1.0000 0.0003 0.0019 0.0136 0.0440 0.0136 0.0019 0.0003 1.0000 1.0000 0.2543 0.0386 0.0059 0.0009 1.0000 1.0000 0.9250 0.1457 0.0231 0.0037 0.0006 1.0000 1.0000 0.6445 0.1038 0.0167 0.0027 0.0004 1.0000 1.0000 0.4910 0.0793 0.0128 0.0021 0.0003 1.0000 1.0000 0.3755 0.0606 0.0098 0.0016 0.0003 1.0000 1.0000 0.2877 0.0464 0.0075 0.0012 1.0000 1.0000 1.0000 0.2201 0.0355 0.0058 0.0007
0.0053 0.0414 0.2528 1.0000 1.0000 1.0000 0.0014 0.0086 0.0534 0.3306 1.0000 1.0000 0.0003 0.0018 0.0112 0.0696 0.4315 1.0000 1.0000 0.0004 0.0024 0.0147 0.0911 0.5641 1.0000 1.0000 0.0005 0.0031 0.0192 0.1188 0.7376 1.0000 1.0000 0.0007 0.0041 0.0258 0.1620 1.0000 1.0000 1.0000 0.0010 0.0062 0.0403 0.2616 1.0000 1.0000 0.0003 0.0019 0.0126 0.0882 0.2856 0.0882 0.0126 0.0019 0.0003 1.0000 1.0000 0.2616 0.0403 0.0062 0.0010 1.0000 1.0000 1.0000 0.1620 0.0258 0.0041 0.0007 1.0000 1.0000 0.7376 0.1188 0.0192 0.0031 0.0005 1.0000 1.0000 0.5641 0.0911 0.0147 0.0024 0.0004 1.0000 1.0000 0.4315 0.0696 0.0112 0.0018 0.0003 1.0000 1.0000 0.3306 0.0534 0.0086 0.0014 1.0000 1.0000 1.0000 0.2528 0.0414 0.0053
0.0379 0.2955 1.0000 1.0000 0.0003 0.0016 0.0099 0.0613 0.3798 1.0000 1.0000 0.0003 0.0021 0.0129 0.0800 0.4957 1.0000 1.0000 0.0004 0.0027 0.0169 0.1046 0.6482 1.0000 1.0000 0.0006 0.0036 0.0220 0.1365 0.8459 1.0000 1.0000 0.0008 0.0047 0.0291 0.1820 1.0000 1.0000 1.0000 0.0011 0.0067 0.0430 0.2760 1.0000 1.0000 0.0003 0.0019 0.0123 0.0831 0.5772 1.0000 0.5772 0.0831 0.0123 0.0019 0.0003 1.0000 1.0000 0.2760 0.0430 0.0067 0.0011 1.0000 1.0000 1.0000 0.1823 0.0292 0.0047 0.0008 1.0000 1.0000 0.8475 0.1365 0.0221 0.0036 0.0006 1.0000 1.0000 0.6482 0.1046 0.0169 0.0027 0.0004 1.0000 1.0000 0.4967 0.0800 0.0129 0.0021 0.0003 1.0000 1.0000 0.3798 0.0613 0.0099 0.0016 0.0003 1.0000 1.0000 0.2955 0.0380
0.2697 1.0000 1.0000 0.0003 0.0018 0.0114 0.0704 0.4364 1.0000 1.0000 0.0004 0.0024 0.0148 0.0919 0.5695 1.0000 1.0000 0.0005 0.0031 0.0194 0.1202 0.7447 1.0000 1.0000 0.0007 0.0041 0.0253 0.1569 0.9719 1.0000 1.0000 0.0009 0.0054 0.0332 0.2063 1.0000 1.0000 1.0000 0.0012 0.0074 0.0469 0.2972 1.0000 1.0000 0.0003 0.0019 0.0125 0.0822 0.5504 1.0000 1.0000 1.0000 0.5577 0.0831 0.0126 0.0019 0.0003 1.0000 1.0000 0.3012 0.0474 0.0075 0.0012 1.0000 1.0000 1.0000 0.2090 0.0336 0.0054 0.0009 1.0000 1.0000 0.9830 0.1587 0.0256 0.0041 0.0007 1.0000 1.0000 0.7518 0.1213 0.0196 0.0032 0.0005 1.0000 1.0000 0.5761 0.0930 0.0150 0.0024 0.0004 1.0000 1.0000 0.4406 0.0711 0.0115 0.0019 0.0003 1.0000 1.0000 0.2713
1.0000 1.0000 0.0003 0.0021 0.0131 0.0809 0.5014 1.0000 1.0000 0.0004 0.0028 0.0170 0.1056 0.6544 1.0000 1.0000 0.0006 0.0036 0.0223 0.1381 0.8556 1.0000 1.0000 0.0008 0.0047 0.0291 0.1802 1.0000 1.0000 1.0000 0.0010 0.0061 0.0380 0.2361 1.0000 1.0000 1.0000 0.0013 0.0083 0.0520 0.3275 1.0000 1.0000 0.0003 0.0020 0.0130 0.0844 0.5514 1.0000 1.0000 0.0003 1.0000 1.0000 0.5772 0.0882 0.0136 0.0021 0.0003 1.0000 1.0000 0.3415 0.0543 0.0086 0.0014 1.0000 1.0000 1.0000 0.2457 0.0396 0.0064 0.0010 1.0000 1.0000 1.0000 0.1876 0.0303 0.0049 0.0008 1.0000 1.0000 0.8888 0.1435 0.0232 0.0037 0.0006 1.0000 1.0000 0.6810 0.1099 0.0177 0.0029 0.0005 1.0000 1.0000 0.5208 0.0841 0.0136 0.0022 0.0004 1.0000 1.0000
1.0000 0.0004 0.0024 0.0150 0.0930 0.5761 1.0000 1.0000 0.0005 0.0032 0.0196 0.1213 0.7518 1.0000 1.0000 0.0007 0.0041 0.0256 0.1587 0.9830 1.0000 1.0000 0.0009 0.0054 0.0334 0.2071 1.0000 1.0000 1.0000 0.0011 0.0071 0.0437 0.2708 1.0000 1.0000 0.0002 0.0015 0.0093 0.0583 0.3657 1.0000 1.0000 0.0003 0.0022 0.0139 0.0890 0.5750 1.0000 1.0000 0.0007 0.0014 0.0003 1.0000 1.0000 0.2856 0.0440 0.0068 0.0011 1.0000 1.0000 1.0000 0.1778 0.0284 0.0045 0.0007 1.0000 1.0000 0.8112 0.1307 0.0211 0.0034 0.0005 1.0000 1.0000 0.6181 0.0998 0.0161 0.0026 0.0004 1.0000 1.0000 0.4736 0.0763 0.0123 0.0020 0.0003 1.0000 1.0000 0.3622 0.0585 0.0094 0.0015 1.0000 1.0000 1.0000 0.2775 0.0447 0.0072 0.0012 1.0000 1.0000
0.0004 0.0028 0.0173 0.1074 0.6657 1.0000 1.0000 0.0006 0.0037 0.0226 0.1402 0.8687 1.0000 1.0000 0.0008 0.0048 0.0296 0.1833 1.0000 1.0000 1.0000 0.0010 0.0062 0.0386 0.2393 1.0000 1.0000 1.0000 0.0013 0.0082 0.0505 0.3129 1.0000 1.0000 0.0003 0.0017 0.0107 0.0665 0.4146 1.0000 1.0000 0.0004 0.0024 0.0152 0.0962 0.6157 1.0000 1.0000 0.0007 0.0026 0.0005 1.0000 1.0000 0.5772 0.0882 0.0136 0.0021 0.0003 1.0000 1.0000 0.3415 0.0543 0.0086 0.0014 1.0000 1.0000 1.0000 0.2457 0.0396 0.0064 0.0010 1.0000 1.0000 1.0000 0.1876 0.0303 0.0049 0.0008 1.0000 1.0000 0.8888 0.1435 0.0232 0.0037 0.0006 1.0000 1.0000 0.6810 0.1099 0.0177 0.0029 0.0005 1.0000 1.0000 0.5208 0.0841 0.0136 0.0022 0.0004 1.0000 1.0000
0.0026 0.0206 0.1256 0.7795 1.0000 1.0000 0.0007 0.0043 0.0266 0.1645 1.0000 1.0000 1.0000 0.0009 0.0056 0.0347 0.2147 1.0000 1.0000 1.0000 0.0012 0.0073 0.0453 0.2807 1.0000 1.0000 0.0002 0.0015 0.0095 0.0591 0.3664 1.0000 1.0000 0.0003 0.0020 0.0125 0.0775 0.4809 1.0000 1.0000 0.0004 0.0027 0.0171 0.1076 0.6823 1.0000 1.0000 0.0007 0.0047 0.0049 1.0000 1.0000 0.5567 0.0831 0.0126 0.0019 0.0003 1.0000 1.0000 0.3012 0.0474 0.0075 0.0012 1.0000 1.0000 1.0000 0.2090 0.0336 0.0054 0.0009 1.0000 1.0000 0.9830 0.1587 0.0256 0.0041 0.0007 1.0000 1.0000 0.7518 0.1213 0.0196 0.0032 0.0005 1.0000 1.0000 0.5761 0.0930 0.0150 0.0024 0.0004 1.0000 1.0000 0.4406 0.0711 0.0115 0.0019 0.0003 1.0000 1.0000 0.2713
0.0131 0.1001 0.6053 1.0000 1.0000 0.0005 0.0033 0.0207 0.1280 0.7929 1.0000 1.0000 0.0007 0.0044 0.0270 0.1670 1.0000 1.0000 1.0000 0.0009 0.0057 0.0353 0.2184 1.0000 1.0000 1.0000 0.0012 0.0074 0.0460 0.2850 1.0000 1.0000 1.0000 0.0016 0.0098 0.0610 0.3798 1.0000 1.0000 0.0003 0.0022 0.0139 0.0882 0.5620 1.0000 1.0000 0.0006 0.0037 0.0241 0.0808 0.9849 0.5939 0.0836 0.0123 0.0019 0.0003 1.0000 1.0000 0.2760 0.0430 0.0067 0.0011 1.0000 1.0000 1.0000 0.1823 0.0292 0.0047 0.0008 1.0000 1.0000 0.8475 0.1365 0.0221 0.0036 0.0006 1.0000 1.0000 0.6482 0.1046 0.0169 0.0027 0.0004 1.0000 1.0000 0.4967 0.0800 0.0129 0.0021 0.0003 1.0000 1.0000 0.3798 0.0613 0.0099 0.0016 0.0003 1.0000 1.0000 0.2955 0.0380
0.0054 0.0434 0.2651 1.0000 1.0000 1.0000 0.0015 0.0091 0.0563 0.3480 1.0000 1.0000 0.0003 0.0019 0.0119 0.0734 0.4550 1.0000 1.0000 0.0004 0.0025 0.0155 0.0960 0.5939 1.0000 1.0000 0.0005 0.0033 0.0202 0.1253 0.7780 1.0000 1.0000 0.0007 0.0044 0.0273 0.1715 1.0000 1.0000 1.0000 0.0010 0.0066 0.0427 0.2781 1.0000 1.0000 0.0003 0.0020 0.0136 0.0935 0.2877 0.0892 0.0126 0.0019 0.0003 1.0000 1.0000 0.2616 0.0403 0.0062 0.0010 1.0000 1.0000 1.0000 0.1620 0.0258 0.0041 0.0007 1.0000 1.0000 0.7376 0.1188 0.0192 0.0031 0.0005 1.0000 1.0000 0.5641 0.0911 0.0147 0.0024 0.0004 1.0000 1.0000 0.4315 0.0696 0.0112 0.0018 0.0003 1.0000 1.0000 0.3306 0.0534 0.0086 0.0014 1.0000 1.0000 1.0000 0.2528 0.0414 0.0053
0.0008 0.0059 0.0360 0.2234 1.0000 1.0000 1.0000 0.0012 0.0076 0.0472 0.2922 1.0000 1.0000 0.0003 0.0016 0.0099 0.0617 0.3813 1.0000 1.0000 0.0003 0.0021 0.0130 0.0805 0.4985 1.0000 1.0000 0.0004 0.0027 0.0170 0.1054 0.6556 1.0000 1.0000 0.0006 0.0037 0.0235 0.1482 0.9410 1.0000 1.0000 0.0009 0.0060 0.0393 0.2587 1.0000 1.0000 0.0003 0.0020 0.0139 0.0445 0.0136 0.0019 0.0003 1.0000 1.0000 0.2543 0.0386 0.0059 0.0009 1.0000 1.0000 0.9250 0.1457 0.0231 0.0037 0.0006 1.0000 1.0000 0.6445 0.1038 0.0167 0.0027 0.0004 1.0000 1.0000 0.4910 0.0793 0.0128 0.0021 0.0003 1.0000 1.0000 0.3755 0.0606 0.0098 0.0016 0.0003 1.0000 1.0000 0.2877 0.0464 0.0075 0.0012 1.0000 1.0000 1.0000 0.2201 0.0355 0.0058 0.0007
