0.4360 0.4675 0.3135 0.1846 0.2086 0.2819 0.4000 0.4811 0.3911 0.1981 0.1928 0.2494 0.3516 0.4734 0.4437 0.2513 0.1841 0.2233 0.3088 0.4359 0.4724 0.3377 0.1865 0.2034 0.2719 0.3855 0.4815 0.4093 0.2074 0.1893 0.2413 0.3388 0.4655 0.4540 0.2758 0.1835 0.2170 0.2976 0.4216 0.4771 0.3606 0.1899 0.1988 0.2624 0.3715 0.4800 0.4249 0.2212 0.1866 0.2302 0.2763 0.2302 0.1866 0.2212 0.4249 0.4800 0.3715 0.2624 0.1988 0.1899 0.3606 0.4771 0.4216 0.2976 0.2170 0.1835 0.2758 0.4540 0.4655 0.3388 0.2413 0.1893 0.2074 0.4093 0.4815 0.3855 0.2719 0.2034 0.1865 0.3377 0.4724 0.4359 0.3088 0.2233 0.1841 0.2513 0.4437 0.4734 0.3516 0.2494 0.1928 0.1981 0.3911 0.4811 0.4000 0.2819 0.2086 0.1846 0.3135 0.4675 0.4360
0.4675 0.3052 0.1574 0.1867 0.2709 0.4021 0.4817 0.3918 0.1768 0.1667 0.2335 0.3485 0.4769 0.4428 0.2462 0.1561 0.2035 0.3007 0.4402 0.4718 0.3383 0.1605 0.1799 0.2590 0.3859 0.4829 0.4096 0.1900 0.1622 0.2242 0.3342 0.4698 0.4530 0.2735 0.1558 0.1961 0.2880 0.4250 0.4769 0.3615 0.1653 0.1742 0.2483 0.3705 0.4822 0.4246 0.2091 0.1589 0.2159 0.3195 0.4037 0.3195 0.2159 0.1589 0.2091 0.4246 0.4822 0.3705 0.2483 0.1742 0.1653 0.3615 0.4769 0.4250 0.2880 0.1961 0.1558 0.2735 0.4530 0.4698 0.3342 0.2242 0.1622 0.1900 0.4096 0.4829 0.3859 0.2590 0.1799 0.1605 0.3383 0.4718 0.4402 0.3007 0.2035 0.1561 0.2462 0.4428 0.4769 0.3485 0.2335 0.1667 0.1768 0.3918 0.4817 0.4021 0.2709 0.1867 0.1574 0.3052 0.4675
0.3135 0.1574 0.1849 0.2654 0.3924 0.4817 0.4032 0.1845 0.1635 0.2268 0.3380 0.4712 0.4496 0.2644 0.1556 0.1981 0.2914 0.4287 0.4747 0.3540 0.1633 0.1758 0.2512 0.3744 0.4816 0.4199 0.2021 0.1596 0.2178 0.3239 0.4619 0.4586 0.2918 0.1561 0.1911 0.2791 0.4132 0.4787 0.3759 0.1695 0.1705 0.2409 0.3594 0.4793 0.4333 0.2250 0.1571 0.2095 0.3111 0.4511 0.4767 0.4511 0.3111 0.2095 0.1571 0.2250 0.4333 0.4793 0.3594 0.2409 0.1705 0.1695 0.3759 0.4787 0.4132 0.2791 0.1911 0.1561 0.2918 0.4586 0.4619 0.3239 0.2178 0.1596 0.2021 0.4199 0.4816 0.3744 0.2512 0.1758 0.1633 0.3540 0.4747 0.4287 0.2914 0.1981 0.1556 0.2644 0.4496 0.4712 0.3380 0.2268 0.1635 0.1845 0.4032 0.4817 0.3924 0.2654 0.1849 0.1574 0.3135
0.1846 0.1867 0.2654 0.3891 0.4821 0.4112 0.1931 0.1611 0.2213 0.3290 0.4656 0.4557 0.2827 0.1558 0.1934 0.2832 0.4185 0.4776 0.3689 0.1672 0.1722 0.2443 0.3644 0.4805 0.4291 0.2168 0.1578 0.2122 0.3149 0.4543 0.4638 0.3096 0.1572 0.1867 0.2713 0.4027 0.4806 0.3893 0.1753 0.1672 0.2343 0.3496 0.4765 0.4412 0.2424 0.1561 0.2042 0.3018 0.4414 0.4675 0.4081 0.4675 0.4414 0.3018 0.2042 0.1561 0.2424 0.4412 0.4765 0.3496 0.2343 0.1672 0.1753 0.3893 0.4806 0.4027 0.2713 0.1867 0.1572 0.3096 0.4638 0.4543 0.3149 0.2122 0.1578 0.2168 0.4291 0.4805 0.3644 0.2443 0.1722 0.1672 0.3689 0.4776 0.4185 0.2832 0.1934 0.1558 0.2827 0.4557 0.4656 0.3290 0.2213 0.1611 0.1931 0.4112 0.4821 0.3891 0.2654 0.1867 0.1846
0.2086 0.2709 0.3924 0.4821 0.4142 0.1992 0.1596 0.2168 0.3210 0.4591 0.4610 0.3002 0.1566 0.1889 0.2752 0.4080 0.4797 0.3827 0.1722 0.1688 0.2376 0.3545 0.4781 0.4373 0.2335 0.1565 0.2068 0.3060 0.4455 0.4684 0.3267 0.1588 0.1825 0.2637 0.3922 0.4817 0.4016 0.1830 0.1641 0.2280 0.3400 0.4723 0.4482 0.2606 0.1557 0.1992 0.2932 0.4310 0.4737 0.3532 0.2067 0.3532 0.4737 0.4310 0.2932 0.1992 0.1557 0.2606 0.4482 0.4723 0.3400 0.2280 0.1641 0.1830 0.4016 0.4817 0.3922 0.2637 0.1825 0.1588 0.3267 0.4684 0.4455 0.3060 0.2068 0.1565 0.2335 0.4373 0.4781 0.3545 0.2376 0.1688 0.1722 0.3827 0.4797 0.4080 0.2752 0.1889 0.1566 0.3002 0.4610 0.4591 0.3210 0.2168 0.1596 0.1992 0.4142 0.4821 0.3924 0.2709 0.2086
0.2819 0.4021 0.4817 0.4112 0.1992 0.1591 0.2142 0.3155 0.4531 0.4651 0.3157 0.1578 0.1848 0.2676 0.3975 0.4812 0.3956 0.1789 0.1656 0.2312 0.3448 0.4746 0.4448 0.2514 0.1558 0.2017 0.2974 0.4359 0.4723 0.3430 0.1612 0.1785 0.2563 0.3818 0.4820 0.4127 0.1931 0.1613 0.2220 0.3306 0.4668 0.4545 0.2789 0.1557 0.1944 0.2849 0.4207 0.4770 0.3651 0.1656 0.1510 0.1656 0.3651 0.4770 0.4207 0.2849 0.1944 0.1557 0.2789 0.4545 0.4668 0.3306 0.2220 0.1613 0.1931 0.4127 0.4820 0.3818 0.2563 0.1785 0.1612 0.3430 0.4723 0.4359 0.2974 0.2017 0.1558 0.2514 0.4448 0.4746 0.3448 0.2312 0.1656 0.1789 0.3956 0.4812 0.3975 0.2676 0.1848 0.1578 0.3157 0.4651 0.4531 0.3155 0.2142 0.1591 0.1992 0.4112 0.4817 0.4021 0.2819
0.4000 0.4817 0.4032 0.1931 0.1596 0.2142 0.3134 0.4494 0.4678 0.3277 0.1593 0.1813 0.2608 0.3876 0.4819 0.4072 0.1877 0.1626 0.2250 0.3353 0.4697 0.4514 0.2697 0.1556 0.1967 0.2890 0.4259 0.4756 0.3584 0.1643 0.1748 0.2492 0.3716 0.4814 0.4226 0.2061 0.1590 0.2162 0.3213 0.4599 0.4602 0.2970 0.1564 0.1898 0.2769 0.4102 0.4793 0.3798 0.1710 0.1667 0.1963 0.1667 0.1710 0.3798 0.4793 0.4102 0.2769 0.1898 0.1564 0.2970 0.4602 0.4599 0.3213 0.2162 0.1590 0.2061 0.4226 0.4814 0.3716 0.2492 0.1748 0.1643 0.3584 0.4756 0.4259 0.2890 0.1967 0.1556 0.2697 0.4514 0.4697 0.3353 0.2250 0.1626 0.1877 0.4072 0.4819 0.3876 0.2608 0.1813 0.1593 0.3277 0.4678 0.4494 0.3134 0.2142 0.1596 0.1931 0.4032 0.4817 0.4000
0.4811 0.3918 0.1845 0.1611 0.2168 0.3155 0.4494 0.4688 0.3344 0.1606 0.1786 0.2552 0.3789 0.4819 0.4170 0.1986 0.1602 0.2191 0.3260 0.4635 0.4574 0.2880 0.1560 0.1921 0.2808 0.4155 0.4783 0.3730 0.1685 0.1712 0.2423 0.3615 0.4799 0.4315 0.2215 0.1574 0.2106 0.3123 0.4518 0.4652 0.3146 0.1576 0.1855 0.2691 0.3997 0.4810 0.3929 0.1773 0.1666 0.2294 0.2864 0.2294 0.1666 0.1773 0.3929 0.4810 0.3997 0.2691 0.1855 0.1576 0.3146 0.4652 0.4518 0.3123 0.2106 0.1574 0.2215 0.4315 0.4799 0.3615 0.2423 0.1712 0.1685 0.3730 0.4783 0.4155 0.2808 0.1921 0.1560 0.2880 0.4574 0.4635 0.3260 0.2191 0.1602 0.1986 0.4170 0.4819 0.3789 0.2552 0.1786 0.1606 0.3344 0.4688 0.4494 0.3155 0.2168 0.1611 0.1845 0.3918 0.4811
0.3911 0.1768 0.1635 0.2213 0.3210 0.4531 0.4678 0.3344 0.1611 0.1772 0.2514 0.3722 0.4814 0.4249 0.2108 0.1583 0.2137 0.3171 0.4562 0.4627 0.3058 0.1569 0.1876 0.2729 0.4049 0.4802 0.3866 0.1740 0.1679 0.2357 0.3517 0.4772 0.4395 0.2386 0.1563 0.2053 0.3035 0.4428 0.4696 0.3315 0.1594 0.1814 0.2615 0.3892 0.4819 0.4050 0.1856 0.1633 0.2269 0.3375 0.4229 0.3375 0.2269 0.1633 0.1856 0.4050 0.4819 0.3892 0.2615 0.1814 0.1594 0.3315 0.4696 0.4428 0.3035 0.2053 0.1563 0.2386 0.4395 0.4772 0.3517 0.2357 0.1679 0.1740 0.3866 0.4802 0.4049 0.2729 0.1876 0.1569 0.3058 0.4627 0.4562 0.3171 0.2137 0.1583 0.2108 0.4249 0.4814 0.3722 0.2514 0.1772 0.1611 0.3344 0.4678 0.4531 0.3210 0.2213 0.1635 0.1768 0.3911
0.1981 0.1667 0.2268 0.3290 0.4591 0.4651 0.3277 0.1606 0.1772 0.2501 0.3685 0.4806 0.4305 0.2224 0.1571 0.2090 0.3090 0.4481 0.4673 0.3227 0.1584 0.1834 0.2653 0.3944 0.4815 0.3991 0.1812 0.1647 0.2294 0.3420 0.4733 0.4468 0.2566 0.1557 0.2002 0.2950 0.4331 0.4733 0.3475 0.1620 0.1774 0.2542 0.3788 0.4819 0.4157 0.1965 0.1606 0.2204 0.3286 0.4654 0.4735 0.4654 0.3286 0.2204 0.1606 0.1965 0.4157 0.4819 0.3788 0.2542 0.1774 0.1620 0.3475 0.4733 0.4331 0.2950 0.2002 0.1557 0.2566 0.4468 0.4733 0.3420 0.2294 0.1647 0.1812 0.3991 0.4815 0.3944 0.2653 0.1834 0.1584 0.3227 0.4673 0.4481 0.3090 0.2090 0.1571 0.2224 0.4305 0.4806 0.3685 0.2501 0.1772 0.1606 0.3277 0.4651 0.4591 0.3290 0.2268 0.1667 0.1981
0.1928 0.2335 0.3380 0.4656 0.4610 0.3157 0.1593 0.1786 0.2514 0.3685 0.4803 0.4335 0.2308 0.1564 0.2053 0.3021 0.4402 0.4710 0.3381 0.1605 0.1795 0.2579 0.3840 0.4820 0.4105 0.1908 0.1618 0.2233 0.3326 0.4681 0.4532 0.2750 0.1557 0.1954 0.2866 0.4229 0.4764 0.3627 0.1654 0.1737 0.2472 0.3687 0.4811 0.4253 0.2103 0.1585 0.2146 0.3188 0.4582 0.4587 0.3871 0.4587 0.4582 0.3188 0.2146 0.1585 0.2103 0.4253 0.4811 0.3687 0.2472 0.1737 0.1654 0.3627 0.4764 0.4229 0.2866 0.1954 0.1557 0.2750 0.4532 0.4681 0.3326 0.2233 0.1618 0.1908 0.4105 0.4820 0.3840 0.2579 0.1795 0.1605 0.3381 0.4710 0.4402 0.3021 0.2053 0.1564 0.2308 0.4335 0.4803 0.3685 0.2514 0.1786 0.1593 0.3157 0.4610 0.4656 0.3380 0.2335 0.1928
0.2494 0.3485 0.4712 0.4557 0.3002 0.1578 0.1813 0.2552 0.3722 0.4806 0.4335 0.2339 0.1562 0.2029 0.2970 0.4333 0.4738 0.3513 0.1630 0.1760 0.2511 0.3741 0.4816 0.4206 0.2031 0.1595 0.2174 0.3233 0.4615 0.4590 0.2932 0.1562 0.1908 0.2785 0.4124 0.4789 0.3770 0.1699 0.1702 0.2404 0.3587 0.4793 0.4339 0.2262 0.1570 0.2091 0.3098 0.4494 0.4661 0.3230 0.1804 0.3230 0.4661 0.4494 0.3098 0.2091 0.1570 0.2262 0.4339 0.4793 0.3587 0.2404 0.1702 0.1699 0.3770 0.4789 0.4124 0.2785 0.1908 0.1562 0.2932 0.4590 0.4615 0.3233 0.2174 0.1595 0.2031 0.4206 0.4816 0.3741 0.2511 0.1760 0.1630 0.3513 0.4738 0.4333 0.2970 0.2029 0.1562 0.2339 0.4335 0.4806 0.3722 0.2552 0.1813 0.1578 0.3002 0.4557 0.4712 0.3485 0.2494
0.3516 0.4769 0.4496 0.2827 0.1566 0.1848 0.2608 0.3789 0.4814 0.4305 0.2308 0.1562 0.2020 0.2943 0.4286 0.4757 0.3616 0.1658 0.1730 0.2451 0.3648 0.4805 0.4294 0.2178 0.1577 0.2118 0.3143 0.4537 0.4642 0.3109 0.1573 0.1864 0.2707 0.4019 0.4807 0.3903 0.1758 0.1669 0.2339 0.3489 0.4763 0.4417 0.2437 0.1560 0.2038 0.3010 0.4401 0.4707 0.3354 0.1588 0.1548 0.1588 0.3354 0.4707 0.4401 0.3010 0.2038 0.1560 0.2437 0.4417 0.4763 0.3489 0.2339 0.1669 0.1758 0.3903 0.4807 0.4019 0.2707 0.1864 0.1573 0.3109 0.4642 0.4537 0.3143 0.2118 0.1577 0.2178 0.4294 0.4805 0.3648 0.2451 0.1730 0.1658 0.3616 0.4757 0.4286 0.2943 0.2020 0.1562 0.2308 0.4305 0.4814 0.3789 0.2608 0.1848 0.1566 0.2827 0.4496 0.4769 0.3516
0.4734 0.4428 0.2644 0.1558 0.1889 0.2676 0.3876 0.4819 0.4249 0.2224 0.1564 0.2029 0.2943 0.4270 0.4766 0.3682 0.1683 0.1707 0.2401 0.3567 0.4785 0.4368 0.2333 0.1565 0.2066 0.3055 0.4448 0.4687 0.3279 0.1590 0.1822 0.2631 0.3914 0.4817 0.4025 0.1837 0.1638 0.2276 0.3393 0.4720 0.4487 0.2619 0.1556 0.1988 0.2925 0.4302 0.4743 0.3519 0.1629 0.1734 0.2064 0.1734 0.1629 0.3519 0.4743 0.4302 0.2925 0.1988 0.1556 0.2619 0.4487 0.4720 0.3393 0.2276 0.1638 0.1837 0.4025 0.4817 0.3914 0.2631 0.1822 0.1590 0.3279 0.4687 0.4448 0.3055 0.2066 0.1565 0.2333 0.4368 0.4785 0.3567 0.2401 0.1707 0.1683 0.3682 0.4766 0.4270 0.2943 0.2029 0.1564 0.2224 0.4249 0.4819 0.3876 0.2676 0.1889 0.1558 0.2644 0.4428 0.4734
0.4437 0.2462 0.1556 0.1934 0.2752 0.3975 0.4819 0.4170 0.2108 0.1571 0.2053 0.2970 0.4286 0.4766 0.3704 0.1697 0.1692 0.2364 0.3503 0.4762 0.4429 0.2484 0.1558 0.2018 0.2973 0.4355 0.4725 0.3440 0.1614 0.1782 0.2557 0.3810 0.4820 0.4135 0.1940 0.1611 0.2216 0.3299 0.4663 0.4550 0.2802 0.1557 0.1940 0.2843 0.4199 0.4772 0.3669 0.1666 0.1731 0.2423 0.3039 0.2423 0.1731 0.1666 0.3669 0.4772 0.4199 0.2843 0.1940 0.1557 0.2802 0.4550 0.4663 0.3299 0.2216 0.1611 0.1940 0.4135 0.4820 0.3810 0.2557 0.1782 0.1614 0.3440 0.4725 0.4355 0.2973 0.2018 0.1558 0.2484 0.4429 0.4762 0.3503 0.2364 0.1692 0.1697 0.3704 0.4766 0.4286 0.2970 0.2053 0.1571 0.2108 0.4170 0.4819 0.3975 0.2752 0.1934 0.1556 0.2462 0.4437
0.2513 0.1561 0.1981 0.2832 0.4080 0.4812 0.4072 0.1986 0.1583 0.2090 0.3021 0.4333 0.4757 0.3682 0.1697 0.1687 0.2345 0.3462 0.4740 0.4474 0.2617 0.1556 0.1977 0.2899 0.4263 0.4756 0.3589 0.1645 0.1745 0.2487 0.3708 0.4814 0.4234 0.2072 0.1589 0.2158 0.3207 0.4593 0.4606 0.2983 0.1564 0.1895 0.2763 0.4094 0.4795 0.3809 0.1715 0.1693 0.2391 0.3569 0.4424 0.3569 0.2391 0.1693 0.1715 0.3809 0.4795 0.4094 0.2763 0.1895 0.1564 0.2983 0.4606 0.4593 0.3207 0.2158 0.1589 0.2072 0.4234 0.4814 0.3708 0.2487 0.1745 0.1645 0.3589 0.4756 0.4263 0.2899 0.1977 0.1556 0.2617 0.4474 0.4740 0.3462 0.2345 0.1687 0.1697 0.3682 0.4757 0.4333 0.3021 0.2090 0.1583 0.1986 0.4072 0.4812 0.4080 0.2832 0.1981 0.1561 0.2513
0.1841 0.2035 0.2914 0.4185 0.4797 0.3956 0.1877 0.1602 0.2137 0.3090 0.4402 0.4738 0.3616 0.1683 0.1692 0.2345 0.3447 0.4726 0.4502 0.2716 0.1557 0.1943 0.2835 0.4177 0.4780 0.3721 0.1684 0.1711 0.2420 0.3608 0.4797 0.4322 0.2228 0.1573 0.2102 0.3117 0.4512 0.4655 0.3158 0.1577 0.1851 0.2685 0.3989 0.4811 0.3939 0.1779 0.1660 0.2321 0.3468 0.4746 0.4679 0.4746 0.3468 0.2321 0.1660 0.1779 0.3939 0.4811 0.3989 0.2685 0.1851 0.1577 0.3158 0.4655 0.4512 0.3117 0.2102 0.1573 0.2228 0.4322 0.4797 0.3608 0.2420 0.1711 0.1684 0.3721 0.4780 0.4177 0.2835 0.1943 0.1557 0.2716 0.4502 0.4726 0.3447 0.2345 0.1692 0.1683 0.3616 0.4738 0.4402 0.3090 0.2137 0.1602 0.1877 0.3956 0.4797 0.4185 0.2914 0.2035 0.1841
0.2233 0.3007 0.4287 0.4776 0.3827 0.1789 0.1626 0.2191 0.3171 0.4481 0.4710 0.3513 0.1658 0.1707 0.2364 0.3462 0.4726 0.4512 0.2767 0.1558 0.1919 0.2785 0.4102 0.4796 0.3834 0.1731 0.1681 0.2358 0.3514 0.4771 0.4401 0.2399 0.1562 0.2049 0.3029 0.4421 0.4699 0.3327 0.1596 0.1810 0.2610 0.3884 0.4819 0.4058 0.1864 0.1630 0.2258 0.3366 0.4707 0.4476 0.3623 0.4476 0.4707 0.3366 0.2258 0.1630 0.1864 0.4058 0.4819 0.3884 0.2610 0.1810 0.1596 0.3327 0.4699 0.4421 0.3029 0.2049 0.1562 0.2399 0.4401 0.4771 0.3514 0.2358 0.1681 0.1731 0.3834 0.4796 0.4102 0.2785 0.1919 0.1558 0.2767 0.4512 0.4726 0.3462 0.2364 0.1707 0.1658 0.3513 0.4710 0.4481 0.3171 0.2191 0.1626 0.1789 0.3827 0.4776 0.4287 0.3007 0.2233
0.3088 0.4402 0.4747 0.3689 0.1722 0.1656 0.2250 0.3260 0.4562 0.4673 0.3381 0.1630 0.1730 0.2401 0.3503 0.4740 0.4502 0.2767 0.1559 0.1906 0.2753 0.4047 0.4807 0.3925 0.1782 0.1655 0.2304 0.3428 0.4734 0.4469 0.2574 0.1557 0.1999 0.2944 0.4324 0.4736 0.3486 0.1622 0.1771 0.2537 0.3780 0.4819 0.4165 0.1975 0.1604 0.2199 0.3272 0.4645 0.4561 0.2894 0.1640 0.2894 0.4561 0.4645 0.3272 0.2199 0.1604 0.1975 0.4165 0.4819 0.3780 0.2537 0.1771 0.1622 0.3486 0.4736 0.4324 0.2944 0.1999 0.1557 0.2574 0.4469 0.4734 0.3428 0.2304 0.1655 0.1782 0.3925 0.4807 0.4047 0.2753 0.1906 0.1559 0.2767 0.4502 0.4740 0.3503 0.2401 0.1730 0.1630 0.3381 0.4673 0.4562 0.3260 0.2250 0.1656 0.1722 0.3689 0.4747 0.4402 0.3088
0.4359 0.4718 0.3540 0.1672 0.1688 0.2312 0.3353 0.4635 0.4627 0.3227 0.1605 0.1760 0.2451 0.3567 0.4762 0.4474 0.2716 0.1558 0.1906 0.2742 0.4019 0.4812 0.3988 0.1831 0.1634 0.2257 0.3351 0.4691 0.4527 0.2742 0.1557 0.1953 0.2862 0.4222 0.4766 0.3638 0.1657 0.1734 0.2467 0.3679 0.4810 0.4260 0.2115 0.1584 0.2142 0.3181 0.4571 0.4621 0.3026 0.1551 0.1600 0.1551 0.3026 0.4621 0.4571 0.3181 0.2142 0.1584 0.2115 0.4260 0.4810 0.3679 0.2467 0.1734 0.1657 0.3638 0.4766 0.4222 0.2862 0.1953 0.1557 0.2742 0.4527 0.4691 0.3351 0.2257 0.1634 0.1831 0.3988 0.4812 0.4019 0.2742 0.1906 0.1558 0.2716 0.4474 0.4762 0.3567 0.2451 0.1760 0.1605 0.3227 0.4627 0.4635 0.3353 0.2312 0.1688 0.1672 0.3540 0.4718 0.4359
0.4724 0.3383 0.1633 0.1722 0.2376 0.3448 0.4697 0.4574 0.3058 0.1584 0.1795 0.2511 0.3648 0.4785 0.4429 0.2617 0.1557 0.1919 0.2753 0.4019 0.4813 0.4020 0.1867 0.1620 0.2221 0.3288 0.4644 0.4574 0.2897 0.1561 0.1910 0.2786 0.4122 0.4790 0.3779 0.1703 0.1700 0.2399 0.3579 0.4791 0.4346 0.2276 0.1569 0.2087 0.3091 0.4487 0.4669 0.3207 0.1583 0.1809 0.2176 0.1809 0.1583 0.3207 0.4669 0.4487 0.3091 0.2087 0.1569 0.2276 0.4346 0.4791 0.3579 0.2399 0.1700 0.1703 0.3779 0.4790 0.4122 0.2786 0.1910 0.1561 0.2897 0.4574 0.4644 0.3288 0.2221 0.1620 0.1867 0.4020 0.4813 0.4019 0.2753 0.1919 0.1557 0.2617 0.4429 0.4785 0.3648 0.2511 0.1795 0.1584 0.3058 0.4574 0.4697 0.3448 0.2376 0.1722 0.1633 0.3383 0.4724
0.3377 0.1605 0.1758 0.2443 0.3545 0.4746 0.4514 0.2880 0.1569 0.1834 0.2579 0.3741 0.4805 0.4368 0.2484 0.1556 0.1943 0.2785 0.4047 0.4812 0.4020 0.1881 0.1613 0.2199 0.3242 0.4603 0.4611 0.3030 0.1568 0.1873 0.2717 0.4025 0.4807 0.3906 0.1762 0.1667 0.2334 0.3481 0.4760 0.4423 0.2451 0.1560 0.2035 0.3004 0.4394 0.4710 0.3373 0.1603 0.1804 0.2562 0.3226 0.2562 0.1804 0.1603 0.3373 0.4710 0.4394 0.3004 0.2035 0.1560 0.2451 0.4423 0.4760 0.3481 0.2334 0.1667 0.1762 0.3906 0.4807 0.4025 0.2717 0.1873 0.1568 0.3030 0.4611 0.4603 0.3242 0.2199 0.1613 0.1881 0.4020 0.4812 0.4047 0.2785 0.1943 0.1556 0.2484 0.4368 0.4805 0.3741 0.2579 0.1834 0.1569 0.2880 0.4514 0.4746 0.3545 0.2443 0.1758 0.1605 0.3377
0.1865 0.1799 0.2512 0.3644 0.4781 0.4448 0.2697 0.1560 0.1876 0.2653 0.3840 0.4816 0.4294 0.2333 0.1558 0.1977 0.2835 0.4102 0.4807 0.3988 0.1867 0.1613 0.2191 0.3219 0.4574 0.4635 0.3131 0.1578 0.1842 0.2656 0.3937 0.4816 0.4017 0.1835 0.1638 0.2273 0.3387 0.4716 0.4492 0.2634 0.1556 0.1985 0.2919 0.4295 0.4745 0.3531 0.1631 0.1761 0.2523 0.3769 0.4585 0.3769 0.2523 0.1761 0.1631 0.3531 0.4745 0.4295 0.2919 0.1985 0.1556 0.2634 0.4492 0.4716 0.3387 0.2273 0.1638 0.1835 0.4017 0.4816 0.3937 0.2656 0.1842 0.1578 0.3131 0.4635 0.4574 0.3219 0.2191 0.1613 0.1867 0.3988 0.4807 0.4102 0.2835 0.1977 0.1558 0.2333 0.4294 0.4816 0.3840 0.2653 0.1876 0.1560 0.2697 0.4448 0.4781 0.3644 0.2512 0.1799 0.1865
0.2034 0.2590 0.3744 0.4805 0.4373 0.2514 0.1556 0.1921 0.2729 0.3944 0.4820 0.4206 0.2178 0.1565 0.2018 0.2899 0.4177 0.4796 0.3925 0.1831 0.1620 0.2199 0.3219 0.4563 0.4648 0.3194 0.1586 0.1819 0.2608 0.3861 0.4820 0.4110 0.1923 0.1613 0.2217 0.3297 0.4660 0.4554 0.2815 0.1558 0.1937 0.2837 0.4191 0.4774 0.3679 0.1669 0.1724 0.2448 0.3657 0.4792 0.4602 0.4792 0.3657 0.2448 0.1724 0.1669 0.3679 0.4774 0.4191 0.2837 0.1937 0.1558 0.2815 0.4554 0.4660 0.3297 0.2217 0.1613 0.1923 0.4110 0.4820 0.3861 0.2608 0.1819 0.1586 0.3194 0.4648 0.4563 0.3219 0.2199 0.1620 0.1831 0.3925 0.4796 0.4177 0.2899 0.2018 0.1565 0.2178 0.4206 0.4820 0.3944 0.2729 0.1921 0.1556 0.2514 0.4373 0.4805 0.3744 0.2590 0.2034
0.2719 0.3859 0.4816 0.4291 0.2335 0.1558 0.1967 0.2808 0.4049 0.4815 0.4105 0.2031 0.1577 0.2066 0.2973 0.4263 0.4780 0.3834 0.1782 0.1634 0.2221 0.3242 0.4574 0.4648 0.3217 0.1591 0.1804 0.2573 0.3803 0.4819 0.4184 0.2019 0.1594 0.2167 0.3215 0.4596 0.4607 0.2990 0.1565 0.1892 0.2757 0.4086 0.4796 0.3819 0.1718 0.1690 0.2380 0.3551 0.4784 0.4342 0.3341 0.4342 0.4784 0.3551 0.2380 0.1690 0.1718 0.3819 0.4796 0.4086 0.2757 0.1892 0.1565 0.2990 0.4607 0.4596 0.3215 0.2167 0.1594 0.2019 0.4184 0.4819 0.3803 0.2573 0.1804 0.1591 0.3217 0.4648 0.4574 0.3242 0.2221 0.1634 0.1782 0.3834 0.4780 0.4263 0.2973 0.2066 0.1577 0.2031 0.4105 0.4815 0.4049 0.2808 0.1967 0.1558 0.2335 0.4291 0.4816 0.3859 0.2719
0.3855 0.4829 0.4199 0.2168 0.1565 0.2017 0.2890 0.4155 0.4802 0.3991 0.1908 0.1595 0.2118 0.3055 0.4355 0.4756 0.3721 0.1731 0.1655 0.2257 0.3288 0.4603 0.4635 0.3194 0.1591 0.1799 0.2556 0.3766 0.4816 0.4237 0.2110 0.1581 0.2125 0.3142 0.4527 0.4651 0.3151 0.1577 0.1850 0.2681 0.3982 0.4811 0.3948 0.1784 0.1658 0.2315 0.3454 0.4749 0.4438 0.2539 0.1546 0.2539 0.4438 0.4749 0.3454 0.2315 0.1658 0.1784 0.3948 0.4811 0.3982 0.2681 0.1850 0.1577 0.3151 0.4651 0.4527 0.3142 0.2125 0.1581 0.2110 0.4237 0.4816 0.3766 0.2556 0.1799 0.1591 0.3194 0.4635 0.4603 0.3288 0.2257 0.1655 0.1731 0.3721 0.4756 0.4355 0.3055 0.2118 0.1595 0.1908 0.3991 0.4802 0.4155 0.2890 0.2017 0.1565 0.2168 0.4199 0.4829 0.3855
0.4815 0.4096 0.2021 0.1578 0.2068 0.2974 0.4259 0.4783 0.3866 0.1812 0.1618 0.2174 0.3143 0.4448 0.4725 0.3589 0.1684 0.1681 0.2304 0.3351 0.4644 0.4611 0.3131 0.1586 0.1804 0.2556 0.3754 0.4814 0.4269 0.2180 0.1573 0.2090 0.3079 0.4460 0.4687 0.3295 0.1593 0.1813 0.2611 0.3881 0.4819 0.4066 0.1871 0.1628 0.2254 0.3358 0.4701 0.4511 0.2678 0.1536 0.1659 0.1536 0.2678 0.4511 0.4701 0.3358 0.2254 0.1628 0.1871 0.4066 0.4819 0.3881 0.2611 0.1813 0.1593 0.3295 0.4687 0.4460 0.3079 0.2090 0.1573 0.2180 0.4269 0.4814 0.3754 0.2556 0.1804 0.1586 0.3131 0.4611 0.4644 0.3351 0.2304 0.1681 0.1684 0.3589 0.4725 0.4448 0.3143 0.2174 0.1618 0.1812 0.3866 0.4783 0.4259 0.2974 0.2068 0.1578 0.2021 0.4096 0.4815
0.4093 0.1900 0.1596 0.2122 0.3060 0.4359 0.4756 0.3730 0.1740 0.1647 0.2233 0.3233 0.4537 0.4687 0.3440 0.1645 0.1711 0.2358 0.3428 0.4691 0.4574 0.3030 0.1578 0.1819 0.2573 0.3766 0.4814 0.4280 0.2218 0.1568 0.2066 0.3031 0.4400 0.4715 0.3418 0.1613 0.1780 0.2547 0.3787 0.4819 0.4167 0.1982 0.1602 0.2194 0.3265 0.4639 0.4571 0.2869 0.1561 0.1892 0.2297 0.1892 0.1561 0.2869 0.4571 0.4639 0.3265 0.2194 0.1602 0.1982 0.4167 0.4819 0.3787 0.2547 0.1780 0.1613 0.3418 0.4715 0.4400 0.3031 0.2066 0.1568 0.2218 0.4280 0.4814 0.3766 0.2573 0.1819 0.1578 0.3030 0.4574 0.4691 0.3428 0.2358 0.1711 0.1645 0.3440 0.4687 0.4537 0.3233 0.2233 0.1647 0.1740 0.3730 0.4756 0.4359 0.3060 0.2122 0.1596 0.1900 0.4093
0.2074 0.1622 0.2178 0.3149 0.4455 0.4723 0.3584 0.1685 0.1679 0.2294 0.3326 0.4615 0.4642 0.3279 0.1614 0.1745 0.2420 0.3514 0.4734 0.4527 0.2897 0.1568 0.1842 0.2608 0.3803 0.4816 0.4269 0.2218 0.1567 0.2054 0.3002 0.4357 0.4734 0.3515 0.1634 0.1751 0.2490 0.3702 0.4812 0.4254 0.2112 0.1583 0.2139 0.3175 0.4565 0.4625 0.3048 0.1569 0.1884 0.2711 0.3422 0.2711 0.1884 0.1569 0.3048 0.4625 0.4565 0.3175 0.2139 0.1583 0.2112 0.4254 0.4812 0.3702 0.2490 0.1751 0.1634 0.3515 0.4734 0.4357 0.3002 0.2054 0.1567 0.2218 0.4269 0.4816 0.3803 0.2608 0.1842 0.1568 0.2897 0.4527 0.4734 0.3514 0.2420 0.1745 0.1614 0.3279 0.4642 0.4615 0.3326 0.2294 0.1679 0.1685 0.3584 0.4723 0.4455 0.3149 0.2178 0.1622 0.2074
0.1893 0.2242 0.3239 0.4543 0.4684 0.3430 0.1643 0.1712 0.2357 0.3420 0.4681 0.4590 0.3109 0.1590 0.1782 0.2487 0.3608 0.4771 0.4469 0.2742 0.1561 0.1873 0.2656 0.3861 0.4819 0.4237 0.2180 0.1568 0.2054 0.2992 0.4334 0.4745 0.3582 0.1654 0.1729 0.2442 0.3626 0.4799 0.4327 0.2251 0.1570 0.2088 0.3090 0.4483 0.4671 0.3220 0.1583 0.1837 0.2664 0.3972 0.4697 0.3972 0.2664 0.1837 0.1583 0.3220 0.4671 0.4483 0.3090 0.2088 0.1570 0.2251 0.4327 0.4799 0.3626 0.2442 0.1729 0.1654 0.3582 0.4745 0.4334 0.2992 0.2054 0.1568 0.2180 0.4237 0.4819 0.3861 0.2656 0.1873 0.1561 0.2742 0.4469 0.4771 0.3608 0.2487 0.1782 0.1590 0.3109 0.4590 0.4681 0.3420 0.2357 0.1712 0.1643 0.3430 0.4684 0.4543 0.3239 0.2242 0.1893
0.2413 0.3342 0.4619 0.4638 0.3267 0.1612 0.1748 0.2423 0.3517 0.4733 0.4532 0.2932 0.1573 0.1822 0.2557 0.3708 0.4797 0.4401 0.2574 0.1557 0.1910 0.2717 0.3937 0.4820 0.4184 0.2110 0.1573 0.2066 0.3002 0.4334 0.4749 0.3615 0.1667 0.1714 0.2407 0.3566 0.4782 0.4386 0.2387 0.1562 0.2043 0.3011 0.4396 0.4711 0.3380 0.1604 0.1796 0.2584 0.3853 0.4800 0.4503 0.4800 0.3853 0.2584 0.1796 0.1604 0.3380 0.4711 0.4396 0.3011 0.2043 0.1562 0.2387 0.4386 0.4782 0.3566 0.2407 0.1714 0.1667 0.3615 0.4749 0.4334 0.3002 0.2066 0.1573 0.2110 0.4184 0.4820 0.3937 0.2717 0.1910 0.1557 0.2574 0.4401 0.4797 0.3708 0.2557 0.1822 0.1573 0.2932 0.4532 0.4733 0.3517 0.2423 0.1748 0.1612 0.3267 0.4638 0.4619 0.3342 0.2413
0.3388 0.4698 0.4586 0.3096 0.1588 0.1785 0.2492 0.3615 0.4772 0.4468 0.2750 0.1562 0.1864 0.2631 0.3810 0.4814 0.4322 0.2399 0.1557 0.1953 0.2786 0.4025 0.4816 0.4110 0.2019 0.1581 0.2090 0.3031 0.4357 0.4745 0.3615 0.1672 0.1706 0.2385 0.3524 0.4765 0.4431 0.2508 0.1557 0.2003 0.2941 0.4311 0.4742 0.3526 0.1631 0.1760 0.2513 0.3744 0.4816 0.4180 0.3026 0.4180 0.4816 0.3744 0.2513 0.1760 0.1631 0.3526 0.4742 0.4311 0.2941 0.2003 0.1557 0.2508 0.4431 0.4765 0.3524 0.2385 0.1706 0.1672 0.3615 0.4745 0.4357 0.3031 0.2090 0.1581 0.2019 0.4110 0.4816 0.4025 0.2786 0.1953 0.1557 0.2399 0.4322 0.4814 0.3810 0.2631 0.1864 0.1562 0.2750 0.4468 0.4772 0.3615 0.2492 0.1785 0.1588 0.3096 0.4586 0.4698 0.3388
0.4655 0.4530 0.2918 0.1572 0.1825 0.2563 0.3716 0.4799 0.4395 0.2566 0.1557 0.1908 0.2707 0.3914 0.4820 0.4234 0.2228 0.1562 0.1999 0.2862 0.4122 0.4807 0.4017 0.1923 0.1594 0.2125 0.3079 0.4400 0.4734 0.3582 0.1667 0.1706 0.2378 0.3502 0.4752 0.4461 0.2602 0.1556 0.1971 0.2881 0.4231 0.4767 0.3654 0.1665 0.1726 0.2448 0.3647 0.4805 0.4285 0.2197 0.1496 0.2197 0.4285 0.4805 0.3647 0.2448 0.1726 0.1665 0.3654 0.4767 0.4231 0.2881 0.1971 0.1556 0.2602 0.4461 0.4752 0.3502 0.2378 0.1706 0.1667 0.3582 0.4734 0.4400 0.3079 0.2125 0.1594 0.1923 0.4017 0.4807 0.4122 0.2862 0.1999 0.1562 0.2228 0.4234 0.4820 0.3914 0.2707 0.1908 0.1557 0.2566 0.4395 0.4799 0.3716 0.2563 0.1825 0.1572 0.2918 0.4530 0.4655
0.4540 0.2735 0.1561 0.1867 0.2637 0.3818 0.4814 0.4315 0.2386 0.1557 0.1954 0.2785 0.4019 0.4817 0.4135 0.2072 0.1573 0.2049 0.2944 0.4222 0.4790 0.3906 0.1835 0.1613 0.2167 0.3142 0.4460 0.4715 0.3515 0.1654 0.1714 0.2385 0.3502 0.4748 0.4476 0.2661 0.1556 0.1946 0.2832 0.4162 0.4785 0.3764 0.1703 0.1697 0.2388 0.3557 0.4783 0.4370 0.2323 0.1543 0.1728 0.1543 0.2323 0.4370 0.4783 0.3557 0.2388 0.1697 0.1703 0.3764 0.4785 0.4162 0.2832 0.1946 0.1556 0.2661 0.4476 0.4748 0.3502 0.2385 0.1714 0.1654 0.3515 0.4715 0.4460 0.3142 0.2167 0.1613 0.1835 0.3906 0.4790 0.4222 0.2944 0.2049 0.1573 0.2072 0.4135 0.4817 0.4019 0.2785 0.1954 0.1557 0.2386 0.4315 0.4814 0.3818 0.2637 0.1867 0.1561 0.2735 0.4540
0.2758 0.1558 0.1911 0.2713 0.3922 0.4820 0.4226 0.2215 0.1563 0.2002 0.2866 0.4124 0.4807 0.4025 0.1940 0.1589 0.2102 0.3029 0.4324 0.4766 0.3779 0.1762 0.1638 0.2217 0.3215 0.4527 0.4687 0.3418 0.1634 0.1729 0.2407 0.3524 0.4752 0.4476 0.2682 0.1557 0.1931 0.2798 0.4109 0.4797 0.3852 0.1745 0.1671 0.2335 0.3473 0.4754 0.4439 0.2499 0.1561 0.1987 0.2433 0.1987 0.1561 0.2499 0.4439 0.4754 0.3473 0.2335 0.1671 0.1745 0.3852 0.4797 0.4109 0.2798 0.1931 0.1557 0.2682 0.4476 0.4752 0.3524 0.2407 0.1729 0.1634 0.3418 0.4687 0.4527 0.3215 0.2217 0.1638 0.1762 0.3779 0.4766 0.4324 0.3029 0.2102 0.1589 0.1940 0.4025 0.4807 0.4124 0.2866 0.2002 0.1563 0.2215 0.4226 0.4820 0.3922 0.2713 0.1911 0.1558 0.2758
0.1835 0.1961 0.2791 0.4027 0.4817 0.4127 0.2061 0.1574 0.2053 0.2950 0.4229 0.4789 0.3903 0.1837 0.1611 0.2158 0.3117 0.4421 0.4736 0.3638 0.1703 0.1667 0.2273 0.3297 0.4596 0.4651 0.3295 0.1613 0.1751 0.2442 0.3566 0.4765 0.4461 0.2661 0.1557 0.1926 0.2781 0.4075 0.4804 0.3918 0.1785 0.1651 0.2290 0.3400 0.4717 0.4497 0.2661 0.1556 0.1978 0.2878 0.3635 0.2878 0.1978 0.1556 0.2661 0.4497 0.4717 0.3400 0.2290 0.1651 0.1785 0.3918 0.4804 0.4075 0.2781 0.1926 0.1557 0.2661 0.4461 0.4765 0.3566 0.2442 0.1751 0.1613 0.3295 0.4651 0.4596 0.3297 0.2273 0.1667 0.1703 0.3638 0.4736 0.4421 0.3117 0.2158 0.1611 0.1837 0.3903 0.4789 0.4229 0.2950 0.2053 0.1574 0.2061 0.4127 0.4817 0.4027 0.2791 0.1961 0.1835
0.2170 0.2880 0.4132 0.4806 0.4016 0.1931 0.1590 0.2106 0.3035 0.4331 0.4764 0.3770 0.1758 0.1638 0.2216 0.3207 0.4512 0.4699 0.3486 0.1657 0.1700 0.2334 0.3387 0.4660 0.4607 0.3151 0.1593 0.1780 0.2490 0.3626 0.4782 0.4431 0.2602 0.1556 0.1931 0.2781 0.4064 0.4807 0.3958 0.1818 0.1636 0.2255 0.3339 0.4678 0.4545 0.2809 0.1558 0.1931 0.2828 0.4188 0.4759 0.4188 0.2828 0.1931 0.1558 0.2809 0.4545 0.4678 0.3339 0.2255 0.1636 0.1818 0.3958 0.4807 0.4064 0.2781 0.1931 0.1556 0.2602 0.4431 0.4782 0.3626 0.2490 0.1780 0.1593 0.3151 0.4607 0.4660 0.3387 0.2334 0.1700 0.1657 0.3486 0.4699 0.4512 0.3207 0.2216 0.1638 0.1758 0.3770 0.4764 0.4331 0.3035 0.2106 0.1590 0.1931 0.4016 0.4806 0.4132 0.2880 0.2170
0.2976 0.4250 0.4787 0.3893 0.1830 0.1613 0.2162 0.3123 0.4428 0.4733 0.3627 0.1699 0.1669 0.2276 0.3299 0.4593 0.4655 0.3327 0.1622 0.1734 0.2399 0.3481 0.4716 0.4554 0.2990 0.1577 0.1813 0.2547 0.3702 0.4799 0.4386 0.2508 0.1556 0.1946 0.2798 0.4075 0.4807 0.3971 0.1837 0.1627 0.2230 0.3293 0.4641 0.4582 0.2937 0.1563 0.1894 0.2753 0.4080 0.4775 0.4367 0.4775 0.4080 0.2753 0.1894 0.1563 0.2937 0.4582 0.4641 0.3293 0.2230 0.1627 0.1837 0.3971 0.4807 0.4075 0.2798 0.1946 0.1556 0.2508 0.4386 0.4799 0.3702 0.2547 0.1813 0.1577 0.2990 0.4554 0.4716 0.3481 0.2399 0.1734 0.1622 0.3327 0.4655 0.4593 0.3299 0.2276 0.1669 0.1699 0.3627 0.4733 0.4428 0.3123 0.2162 0.1613 0.1830 0.3893 0.4787 0.4250 0.2976
0.4216 0.4769 0.3759 0.1753 0.1641 0.2220 0.3213 0.4518 0.4696 0.3475 0.1654 0.1702 0.2339 0.3393 0.4663 0.4606 0.3158 0.1596 0.1771 0.2467 0.3579 0.4760 0.4492 0.2815 0.1565 0.1850 0.2611 0.3787 0.4812 0.4327 0.2387 0.1557 0.1971 0.2832 0.4109 0.4804 0.3958 0.1837 0.1623 0.2217 0.3263 0.4613 0.4608 0.3038 0.1570 0.1863 0.2694 0.3987 0.4810 0.3957 0.2644 0.3957 0.4810 0.3987 0.2694 0.1863 0.1570 0.3038 0.4608 0.4613 0.3263 0.2217 0.1623 0.1837 0.3958 0.4804 0.4109 0.2832 0.1971 0.1557 0.2387 0.4327 0.4812 0.3787 0.2611 0.1850 0.1565 0.2815 0.4492 0.4760 0.3579 0.2467 0.1771 0.1596 0.3158 0.4606 0.4663 0.3393 0.2339 0.1702 0.1654 0.3475 0.4696 0.4518 0.3213 0.2220 0.1641 0.1753 0.3759 0.4769 0.4216
0.4771 0.3615 0.1695 0.1672 0.2280 0.3306 0.4599 0.4652 0.3315 0.1620 0.1737 0.2404 0.3489 0.4720 0.4550 0.2983 0.1577 0.1810 0.2537 0.3679 0.4791 0.4423 0.2634 0.1558 0.1892 0.2681 0.3881 0.4819 0.4254 0.2251 0.1562 0.2003 0.2881 0.4162 0.4797 0.3918 0.1818 0.1627 0.2217 0.3253 0.4597 0.4624 0.3108 0.1577 0.1840 0.2646 0.3913 0.4819 0.4051 0.1882 0.1480 0.1882 0.4051 0.4819 0.3913 0.2646 0.1840 0.1577 0.3108 0.4624 0.4597 0.3253 0.2217 0.1627 0.1818 0.3918 0.4797 0.4162 0.2881 0.2003 0.1562 0.2251 0.4254 0.4819 0.3881 0.2681 0.1892 0.1558 0.2634 0.4423 0.4791 0.3679 0.2537 0.1810 0.1577 0.2983 0.4550 0.4720 0.3489 0.2404 0.1737 0.1620 0.3315 0.4652 0.4599 0.3306 0.2280 0.1672 0.1695 0.3615 0.4771
0.3606 0.1653 0.1705 0.2343 0.3400 0.4668 0.4602 0.3146 0.1594 0.1774 0.2472 0.3587 0.4763 0.4487 0.2802 0.1564 0.1851 0.2610 0.3780 0.4810 0.4346 0.2451 0.1556 0.1937 0.2757 0.3982 0.4819 0.4167 0.2112 0.1570 0.2043 0.2941 0.4231 0.4785 0.3852 0.1785 0.1636 0.2230 0.3263 0.4597 0.4630 0.3145 0.1582 0.1823 0.2610 0.3855 0.4820 0.4134 0.1951 0.1580 0.1822 0.1580 0.1951 0.4134 0.4820 0.3855 0.2610 0.1823 0.1582 0.3145 0.4630 0.4597 0.3263 0.2230 0.1636 0.1785 0.3852 0.4785 0.4231 0.2941 0.2043 0.1570 0.2112 0.4167 0.4819 0.3982 0.2757 0.1937 0.1556 0.2451 0.4346 0.4810 0.3780 0.2610 0.1851 0.1564 0.2802 0.4487 0.4763 0.3587 0.2472 0.1774 0.1594 0.3146 0.4602 0.4668 0.3400 0.2343 0.1705 0.1653 0.3606
0.1899 0.1742 0.2409 0.3496 0.4723 0.4545 0.2970 0.1576 0.1814 0.2542 0.3687 0.4793 0.4417 0.2619 0.1557 0.1895 0.2685 0.3884 0.4819 0.4260 0.2276 0.1560 0.1985 0.2837 0.4086 0.4811 0.4066 0.1982 0.1583 0.2088 0.3011 0.4311 0.4767 0.3764 0.1745 0.1651 0.2255 0.3293 0.4613 0.4624 0.3145 0.1584 0.1815 0.2588 0.3815 0.4819 0.4190 0.2038 0.1593 0.2121 0.2619 0.2121 0.1593 0.2038 0.4190 0.4819 0.3815 0.2588 0.1815 0.1584 0.3145 0.4624 0.4613 0.3293 0.2255 0.1651 0.1745 0.3764 0.4767 0.4311 0.3011 0.2088 0.1583 0.1982 0.4066 0.4811 0.4086 0.2837 0.1985 0.1560 0.2276 0.4260 0.4819 0.3884 0.2685 0.1895 0.1557 0.2619 0.4417 0.4793 0.3687 0.2542 0.1814 0.1576 0.2970 0.4545 0.4723 0.3496 0.2409 0.1742 0.1899
0.1988 0.2483 0.3594 0.4765 0.4482 0.2789 0.1564 0.1855 0.2615 0.3788 0.4811 0.4339 0.2437 0.1556 0.1940 0.2763 0.3989 0.4819 0.4165 0.2115 0.1569 0.2035 0.2919 0.4191 0.4796 0.3948 0.1871 0.1602 0.2139 0.3090 0.4396 0.4742 0.3654 0.1703 0.1671 0.2290 0.3339 0.4641 0.4608 0.3108 0.1582 0.1815 0.2580 0.3794 0.4817 0.4227 0.2107 0.1580 0.2123 0.3116 0.3922 0.3116 0.2123 0.1580 0.2107 0.4227 0.4817 0.3794 0.2580 0.1815 0.1582 0.3108 0.4608 0.4641 0.3339 0.2290 0.1671 0.1703 0.3654 0.4742 0.4396 0.3090 0.2139 0.1602 0.1871 0.3948 0.4796 0.4191 0.2919 0.2035 0.1569 0.2115 0.4165 0.4819 0.3989 0.2763 0.1940 0.1556 0.2437 0.4339 0.4811 0.3788 0.2615 0.1855 0.1564 0.2789 0.4482 0.4765 0.3594 0.2483 0.1988
0.2624 0.3705 0.4793 0.4412 0.2606 0.1557 0.1898 0.2691 0.3892 0.4819 0.4253 0.2262 0.1560 0.1988 0.2843 0.4094 0.4811 0.4058 0.1975 0.1584 0.2087 0.3004 0.4295 0.4774 0.3819 0.1784 0.1628 0.2194 0.3175 0.4483 0.4711 0.3526 0.1665 0.1697 0.2335 0.3400 0.4678 0.4582 0.3038 0.1577 0.1823 0.2588 0.3794 0.4817 0.4246 0.2152 0.1574 0.2092 0.3081 0.4465 0.4775 0.4465 0.3081 0.2092 0.1574 0.2152 0.4246 0.4817 0.3794 0.2588 0.1823 0.1577 0.3038 0.4582 0.4678 0.3400 0.2335 0.1697 0.1665 0.3526 0.4711 0.4483 0.3175 0.2194 0.1628 0.1784 0.3819 0.4774 0.4295 0.3004 0.2087 0.1584 0.1975 0.4058 0.4811 0.4094 0.2843 0.1988 0.1560 0.2262 0.4253 0.4819 0.3892 0.2691 0.1898 0.1557 0.2606 0.4412 0.4793 0.3705 0.2624
0.3715 0.4822 0.4333 0.2424 0.1557 0.1944 0.2769 0.3997 0.4819 0.4157 0.2103 0.1570 0.2038 0.2925 0.4199 0.4795 0.3939 0.1864 0.1604 0.2142 0.3091 0.4394 0.4745 0.3679 0.1718 0.1658 0.2254 0.3265 0.4565 0.4671 0.3380 0.1631 0.1726 0.2388 0.3473 0.4717 0.4545 0.2937 0.1570 0.1840 0.2610 0.3815 0.4817 0.4246 0.2168 0.1571 0.2075 0.3040 0.4409 0.4688 0.4120 0.4688 0.4409 0.3040 0.2075 0.1571 0.2168 0.4246 0.4817 0.3815 0.2610 0.1840 0.1570 0.2937 0.4545 0.4717 0.3473 0.2388 0.1726 0.1631 0.3380 0.4671 0.4565 0.3265 0.2254 0.1658 0.1718 0.3679 0.4745 0.4394 0.3091 0.2142 0.1604 0.1864 0.3939 0.4795 0.4199 0.2925 0.2038 0.1570 0.2103 0.4157 0.4819 0.3997 0.2769 0.1944 0.1557 0.2424 0.4333 0.4822 0.3715
0.4800 0.4246 0.2250 0.1561 0.1992 0.2849 0.4102 0.4810 0.4050 0.1965 0.1585 0.2091 0.3010 0.4302 0.4772 0.3809 0.1779 0.1630 0.2199 0.3181 0.4487 0.4710 0.3531 0.1669 0.1690 0.2315 0.3358 0.4639 0.4625 0.3220 0.1604 0.1760 0.2448 0.3557 0.4754 0.4497 0.2809 0.1563 0.1863 0.2646 0.3855 0.4819 0.4227 0.2152 0.1571 0.2070 0.3022 0.4374 0.4727 0.3530 0.2084 0.3530 0.4727 0.4374 0.3022 0.2070 0.1571 0.2152 0.4227 0.4819 0.3855 0.2646 0.1863 0.1563 0.2809 0.4497 0.4754 0.3557 0.2448 0.1760 0.1604 0.3220 0.4625 0.4639 0.3358 0.2315 0.1690 0.1669 0.3531 0.4710 0.4487 0.3181 0.2199 0.1630 0.1779 0.3809 0.4772 0.4302 0.3010 0.2091 0.1585 0.1965 0.4050 0.4810 0.4102 0.2849 0.1992 0.1561 0.2250 0.4246 0.4800
0.4249 0.2091 0.1571 0.2042 0.2932 0.4207 0.4793 0.3930 0.1856 0.1606 0.2146 0.3098 0.4401 0.4743 0.3669 0.1715 0.1660 0.2258 0.3272 0.4571 0.4669 0.3373 0.1631 0.1724 0.2380 0.3454 0.4701 0.4571 0.3048 0.1583 0.1796 0.2513 0.3647 0.4783 0.4439 0.2661 0.1558 0.1894 0.2694 0.3913 0.4820 0.4190 0.2107 0.1574 0.2075 0.3022 0.4364 0.4738 0.3548 0.1641 0.1518 0.1641 0.3548 0.4738 0.4364 0.3022 0.2075 0.1574 0.2107 0.4190 0.4820 0.3913 0.2694 0.1894 0.1558 0.2661 0.4439 0.4783 0.3647 0.2513 0.1796 0.1583 0.3048 0.4571 0.4701 0.3454 0.2380 0.1724 0.1631 0.3373 0.4669 0.4571 0.3272 0.2258 0.1660 0.1715 0.3669 0.4743 0.4401 0.3098 0.2146 0.1606 0.1856 0.3929 0.4793 0.4207 0.2932 0.2042 0.1571 0.2091 0.4249
0.2212 0.1588 0.2095 0.3017 0.4310 0.4770 0.3798 0.1773 0.1632 0.2203 0.3187 0.4493 0.4707 0.3520 0.1666 0.1693 0.2320 0.3366 0.4644 0.4621 0.3208 0.1603 0.1761 0.2447 0.3551 0.4748 0.4511 0.2869 0.1568 0.1836 0.2583 0.3744 0.4804 0.4371 0.2500 0.1556 0.1930 0.2753 0.3987 0.4818 0.4134 0.2039 0.1580 0.2091 0.3040 0.4374 0.4738 0.3571 0.1657 0.1694 0.1998 0.1695 0.1657 0.3570 0.4738 0.4374 0.3040 0.2092 0.1580 0.2038 0.4134 0.4819 0.3987 0.2753 0.1931 0.1556 0.2499 0.4370 0.4805 0.3744 0.2584 0.1837 0.1569 0.2869 0.4511 0.4749 0.3551 0.2448 0.1761 0.1603 0.3207 0.4621 0.4645 0.3366 0.2321 0.1693 0.1666 0.3519 0.4707 0.4494 0.3188 0.2204 0.1633 0.1773 0.3798 0.4770 0.4310 0.3018 0.2095 0.1589 0.2212
0.1865 0.2154 0.3104 0.4408 0.4740 0.3658 0.1710 0.1662 0.2263 0.3279 0.4577 0.4665 0.3362 0.1629 0.1727 0.2385 0.3461 0.4705 0.4567 0.3034 0.1582 0.1799 0.2516 0.3650 0.4783 0.4443 0.2686 0.1560 0.1879 0.2657 0.3846 0.4817 0.4291 0.2334 0.1558 0.1971 0.2819 0.4072 0.4812 0.4059 0.1957 0.1589 0.2116 0.3073 0.4402 0.4731 0.3557 0.1658 0.1721 0.2376 0.2963 0.2382 0.1726 0.1657 0.3548 0.4727 0.4409 0.3081 0.2123 0.1593 0.1951 0.4051 0.4810 0.4080 0.2828 0.1978 0.1561 0.2323 0.4285 0.4816 0.3853 0.2664 0.1884 0.1561 0.2678 0.4438 0.4784 0.3657 0.2523 0.1804 0.1583 0.3026 0.4561 0.4707 0.3468 0.2391 0.1731 0.1629 0.3354 0.4661 0.4582 0.3286 0.2269 0.1666 0.1710 0.3651 0.4737 0.4414 0.3111 0.2159 0.1866
0.2336 0.3203 0.4499 0.4704 0.3508 0.1662 0.1695 0.2325 0.3372 0.4649 0.4617 0.3195 0.1601 0.1764 0.2452 0.3558 0.4752 0.4506 0.2855 0.1567 0.1839 0.2588 0.3751 0.4806 0.4369 0.2503 0.1556 0.1924 0.2734 0.3951 0.4820 0.4200 0.2170 0.1565 0.2017 0.2893 0.4163 0.4800 0.3965 0.1874 0.1604 0.2150 0.3121 0.4446 0.4717 0.3513 0.1650 0.1720 0.2409 0.3554 0.4403 0.3554 0.2382 0.1695 0.1641 0.3530 0.4688 0.4465 0.3116 0.2121 0.1580 0.1882 0.3957 0.4775 0.4188 0.2878 0.1987 0.1543 0.2197 0.4180 0.4800 0.3972 0.2711 0.1892 0.1536 0.2539 0.4342 0.4792 0.3769 0.2562 0.1809 0.1551 0.2894 0.4476 0.4746 0.3569 0.2423 0.1734 0.1588 0.3230 0.4587 0.4654 0.3375 0.2294 0.1667 0.1656 0.3532 0.4675 0.4511 0.3195 0.2302
0.3263 0.4596 0.4662 0.3349 0.1626 0.1730 0.2390 0.3468 0.4709 0.4562 0.3021 0.1581 0.1802 0.2522 0.3658 0.4785 0.4438 0.2672 0.1559 0.1882 0.2663 0.3854 0.4818 0.4286 0.2325 0.1559 0.1971 0.2814 0.4056 0.4815 0.4098 0.2022 0.1578 0.2068 0.2974 0.4260 0.4782 0.3854 0.1800 0.1625 0.2193 0.3183 0.4501 0.4696 0.3441 0.1637 0.1730 0.2415 0.3558 0.4768 0.4728 0.4393 0.2963 0.1998 0.1518 0.2084 0.4120 0.4775 0.3922 0.2619 0.1822 0.1480 0.2644 0.4367 0.4759 0.3635 0.2433 0.1728 0.1496 0.3026 0.4503 0.4697 0.3422 0.2297 0.1659 0.1546 0.3341 0.4602 0.4585 0.3226 0.2176 0.1600 0.1640 0.3623 0.4679 0.4424 0.3039 0.2064 0.1548 0.1804 0.3871 0.4735 0.4229 0.2864 0.1963 0.1510 0.2067 0.4081 0.4767 0.4037 0.2763
0.4551 0.4614 0.3178 0.1600 0.1769 0.2461 0.3569 0.4755 0.4498 0.2837 0.1568 0.1846 0.2598 0.3763 0.4807 0.4359 0.2484 0.1557 0.1930 0.2744 0.3962 0.4819 0.4190 0.2155 0.1568 0.2023 0.2900 0.4165 0.4800 0.3980 0.1898 0.1598 0.2125 0.3063 0.4362 0.4754 0.3723 0.1736 0.1652 0.2246 0.3258 0.4566 0.4665 0.3339 0.1620 0.1748 0.2441 0.3574 0.4775 0.4590 0.4707 0.3538 0.2376 0.1694 0.1641 0.3530 0.4688 0.4465 0.3116 0.2121 0.1580 0.1882 0.3957 0.4775 0.4188 0.2878 0.1987 0.1543 0.2197 0.4180 0.4800 0.3972 0.2711 0.1892 0.1536 0.2539 0.4342 0.4792 0.3769 0.2562 0.1809 0.1551 0.2894 0.4476 0.4746 0.3569 0.2423 0.1734 0.1588 0.3230 0.4587 0.4654 0.3375 0.2294 0.1667 0.1656 0.3532 0.4675 0.4511 0.3195 0.2302
0.4609 0.3027 0.1571 0.1790 0.2516 0.3679 0.4779 0.4413 0.2674 0.1549 0.1870 0.2660 0.3877 0.4805 0.4263 0.2326 0.1547 0.1959 0.2813 0.4079 0.4797 0.4082 0.2020 0.1566 0.2056 0.2977 0.4278 0.4762 0.3862 0.1807 0.1606 0.2163 0.3149 0.4463 0.4703 0.3598 0.1680 0.1666 0.2285 0.3342 0.4630 0.4610 0.3231 0.1596 0.1759 0.2469 0.3624 0.4777 0.4363 0.4333 0.3314 0.2378 0.1721 0.1657 0.3548 0.4727 0.4409 0.3081 0.2123 0.1593 0.1951 0.4051 0.4810 0.4080 0.2828 0.1978 0.1561 0.2323 0.4285 0.4816 0.3853 0.2664 0.1884 0.1561 0.2678 0.4438 0.4784 0.3657 0.2523 0.1804 0.1583 0.3026 0.4561 0.4707 0.3468 0.2391 0.1731 0.1629 0.3354 0.4661 0.4582 0.3286 0.2269 0.1666 0.1710 0.3651 0.4737 0.4414 0.3111 0.2159 0.1866
0.3492 0.1562 0.1655 0.2289 0.3409 0.4695 0.4514 0.3060 0.1512 0.1723 0.2421 0.3614 0.4759 0.4392 0.2724 0.1491 0.1798 0.2564 0.3826 0.4781 0.4244 0.2375 0.1492 0.1882 0.2717 0.4041 0.4771 0.4066 0.2049 0.1514 0.1975 0.2885 0.4255 0.4735 0.3845 0.1786 0.1558 0.2090 0.3088 0.4482 0.4660 0.3510 0.1604 0.1641 0.2275 0.3411 0.4714 0.4474 0.2913 0.1714 0.1860 0.1672 0.1658 0.3570 0.4738 0.4374 0.3040 0.2092 0.1580 0.2038 0.4134 0.4819 0.3987 0.2753 0.1931 0.1556 0.2499 0.4370 0.4805 0.3744 0.2584 0.1837 0.1569 0.2869 0.4511 0.4749 0.3551 0.2448 0.1761 0.1603 0.3207 0.4621 0.4645 0.3366 0.2321 0.1693 0.1666 0.3519 0.4707 0.4494 0.3188 0.2204 0.1633 0.1773 0.3798 0.4770 0.4310 0.3018 0.2095 0.1589 0.2212
0.4236 0.2140 0.1539 0.1996 0.2902 0.4235 0.4764 0.3920 0.1872 0.1571 0.2099 0.3077 0.4426 0.4709 0.3679 0.1712 0.1622 0.2212 0.3261 0.4586 0.4632 0.3403 0.1619 0.1684 0.2335 0.3454 0.4703 0.4533 0.3093 0.1564 0.1755 0.2471 0.3661 0.4774 0.4401 0.2711 0.1534 0.1851 0.2658 0.3941 0.4798 0.4157 0.2142 0.1543 0.2030 0.2999 0.4398 0.4702 0.3546 0.1624 0.1490 0.1642 0.3547 0.4738 0.4364 0.3022 0.2075 0.1574 0.2107 0.4190 0.4820 0.3913 0.2694 0.1894 0.1558 0.2661 0.4439 0.4783 0.3647 0.2513 0.1796 0.1583 0.3048 0.4571 0.4701 0.3454 0.2380 0.1724 0.1631 0.3373 0.4669 0.4571 0.3272 0.2258 0.1660 0.1715 0.3669 0.4743 0.4401 0.3098 0.2146 0.1606 0.1856 0.3929 0.4793 0.4207 0.2932 0.2042 0.1571 0.2091 0.4249
0.4798 0.4238 0.2240 0.1565 0.1999 0.2859 0.4113 0.4806 0.4041 0.1959 0.1590 0.2099 0.3021 0.4312 0.4767 0.3798 0.1775 0.1635 0.2207 0.3191 0.4495 0.4704 0.3520 0.1669 0.1696 0.2325 0.3369 0.4645 0.4618 0.3207 0.1605 0.1766 0.2458 0.3568 0.4756 0.4488 0.2793 0.1566 0.1871 0.2657 0.3868 0.4818 0.4216 0.2139 0.1576 0.2080 0.3036 0.4387 0.4720 0.3514 0.2075 0.3529 0.4727 0.4374 0.3022 0.2070 0.1571 0.2152 0.4227 0.4819 0.3855 0.2646 0.1863 0.1563 0.2809 0.4497 0.4754 0.3557 0.2448 0.1760 0.1604 0.3220 0.4625 0.4639 0.3358 0.2315 0.1690 0.1669 0.3531 0.4710 0.4487 0.3181 0.2199 0.1630 0.1779 0.3809 0.4772 0.4302 0.3010 0.2091 0.1585 0.1965 0.4050 0.4810 0.4102 0.2849 0.1992 0.1561 0.2250 0.4246 0.4800
