1.0000 0.0004 0.0026 0.0184 0.1309 0.9321 1.0000 1.0000 0.0013 0.0089 0.0634 0.4516 1.0000 1.0000 0.0006 0.0043 0.0307 0.2192 1.0000 1.0000 0.0003 0.0021 0.0149 0.1062 0.7561 1.0000 1.0000 0.0010 0.0072 0.0516 0.3664 1.0000 1.0000 0.0005 0.0035 0.0250 0.1778 1.0000 1.0000 0.0002 0.0017 0.0121 0.0862 0.6146 1.0000 1.0000 0.0008 0.0059 0.0421 0.3023 1.0000 0.3023 0.0421 0.0059 0.0008 1.0000 1.0000 0.6146 0.0862 0.0121 0.0017 0.0002 1.0000 1.0000 0.1778 0.0250 0.0035 0.0005 1.0000 1.0000 0.3664 0.0516 0.0072 0.0010 1.0000 1.0000 0.7561 0.1062 0.0149 0.0021 0.0003 1.0000 1.0000 0.2192 0.0307 0.0043 0.0006 1.0000 1.0000 0.4516 0.0634 0.0089 0.0013 1.0000 1.0000 0.9321 0.1309 0.0184 0.0026 0.0004 1.0000
0.0004 0.0030 0.0207 0.1451 1.0000 1.0000 1.0000 0.0014 0.0098 0.0695 0.4938 1.0000 1.0000 0.0007 0.0047 0.0337 0.2397 1.0000 1.0000 0.0003 0.0023 0.0163 0.1162 0.8284 1.0000 1.0000 0.0011 0.0079 0.0564 0.4014 1.0000 1.0000 0.0005 0.0038 0.0273 0.1948 1.0000 1.0000 0.0003 0.0019 0.0133 0.0944 0.6720 1.0000 1.0000 0.0009 0.0064 0.0458 0.3287 1.0000 1.0000 1.0000 0.3287 0.0458 0.0064 0.0009 1.0000 1.0000 0.6720 0.0944 0.0133 0.0019 0.0003 1.0000 1.0000 0.1948 0.0273 0.0038 0.0005 1.0000 1.0000 0.4014 0.0564 0.0079 0.0011 1.0000 1.0000 0.8284 0.1162 0.0163 0.0023 0.0003 1.0000 1.0000 0.2397 0.0337 0.0047 0.0007 1.0000 1.0000 0.4938 0.0695 0.0098 0.0014 1.0000 1.0000 1.0000 0.1451 0.0207 0.0030 0.0004
0.0026 0.0207 0.1352 0.9232 1.0000 1.0000 0.0012 0.0084 0.0597 0.4241 1.0000 1.0000 0.0006 0.0040 0.0288 0.2051 1.0000 1.0000 0.0003 0.0020 0.0140 0.0996 0.7088 1.0000 1.0000 0.0010 0.0068 0.0482 0.3434 1.0000 1.0000 0.0005 0.0033 0.0234 0.1667 1.0000 1.0000 1.0000 0.0016 0.0113 0.0808 0.5750 1.0000 1.0000 0.0008 0.0055 0.0392 0.2791 1.0000 1.0000 1.0000 1.0000 1.0000 0.2791 0.0392 0.0055 0.0008 1.0000 1.0000 0.5750 0.0808 0.0113 0.0016 1.0000 1.0000 1.0000 0.1667 0.0234 0.0033 0.0005 1.0000 1.0000 0.3434 0.0482 0.0068 0.0010 1.0000 1.0000 0.7088 0.0996 0.0140 0.0020 0.0003 1.0000 1.0000 0.2051 0.0288 0.0040 0.0006 1.0000 1.0000 0.4241 0.0597 0.0084 0.0012 1.0000 1.0000 0.9232 0.1352 0.0207 0.0026
0.0184 0.1451 0.9232 1.0000 1.0000 0.0011 0.0075 0.0528 0.3727 1.0000 1.0000 0.0005 0.0035 0.0251 0.1789 1.0000 1.0000 0.0002 0.0017 0.0122 0.0867 0.6169 1.0000 1.0000 0.0008 0.0059 0.0421 0.2995 1.0000 1.0000 0.0004 0.0029 0.0204 0.1451 1.0000 1.0000 1.0000 0.0014 0.0099 0.0704 0.5014 1.0000 1.0000 0.0007 0.0048 0.0341 0.2429 1.0000 1.0000 0.0003 0.0011 0.0003 1.0000 1.0000 0.2429 0.0341 0.0048 0.0007 1.0000 1.0000 0.5014 0.0704 0.0099 0.0014 1.0000 1.0000 1.0000 0.1451 0.0204 0.0029 0.0004 1.0000 1.0000 0.2995 0.0421 0.0059 0.0008 1.0000 1.0000 0.6169 0.0867 0.0122 0.0017 0.0002 1.0000 1.0000 0.1789 0.0251 0.0035 0.0005 1.0000 1.0000 0.3727 0.0528 0.0075 0.0011 1.0000 1.0000 0.9232 0.1451 0.0184
0.1309 1.0000 1.0000 1.0000 0.0010 0.0070 0.0481 0.3338 1.0000 1.0000 0.0004 0.0031 0.0219 0.1560 1.0000 1.0000 1.0000 0.0015 0.0106 0.0754 0.5369 1.0000 1.0000 0.0007 0.0051 0.0366 0.2606 1.0000 1.0000 0.0004 0.0025 0.0177 0.1263 0.8990 1.0000 1.0000 0.0012 0.0086 0.0613 0.4364 1.0000 1.0000 0.0006 0.0042 0.0297 0.2114 1.0000 1.0000 0.0003 0.0021 0.0069 0.0021 0.0003 1.0000 1.0000 0.2114 0.0297 0.0042 0.0006 1.0000 1.0000 0.4364 0.0613 0.0086 0.0012 1.0000 1.0000 0.8990 0.1263 0.0177 0.0025 0.0004 1.0000 1.0000 0.2606 0.0366 0.0051 0.0007 1.0000 1.0000 0.5369 0.0754 0.0106 0.0015 1.0000 1.0000 1.0000 0.1560 0.0219 0.0031 0.0004 1.0000 1.0000 0.3338 0.0481 0.0070 0.0010 1.0000 1.0000 1.0000 0.1309
0.9321 1.0000 1.0000 0.0011 0.0070 0.0464 0.3129 1.0000 1.0000 0.0004 0.0027 0.0193 0.1365 0.9682 1.0000 1.0000 0.0013 0.0092 0.0657 0.4673 1.0000 1.0000 0.0006 0.0045 0.0319 0.2269 1.0000 1.0000 0.0003 0.0022 0.0154 0.1099 0.7824 1.0000 1.0000 0.0011 0.0075 0.0534 0.3798 1.0000 1.0000 0.0005 0.0036 0.0259 0.1840 1.0000 1.0000 0.0002 0.0018 0.0130 0.0430 0.0130 0.0018 0.0002 1.0000 1.0000 0.1840 0.0259 0.0036 0.0005 1.0000 1.0000 0.3798 0.0534 0.0075 0.0011 1.0000 1.0000 0.7824 0.1099 0.0154 0.0022 0.0003 1.0000 1.0000 0.2269 0.0319 0.0045 0.0006 1.0000 1.0000 0.4673 0.0657 0.0092 0.0013 1.0000 1.0000 0.9682 0.1365 0.0193 0.0027 0.0004 1.0000 1.0000 0.3129 0.0464 0.0070 0.0011 1.0000 1.0000 0.9321
1.0000 1.0000 0.0012 0.0075 0.0481 0.3129 1.0000 1.0000 0.0004 0.0025 0.0172 0.1209 0.8524 1.0000 1.0000 0.0011 0.0080 0.0571 0.4068 1.0000 1.0000 0.0005 0.0039 0.0277 0.1975 1.0000 1.0000 0.0003 0.0019 0.0134 0.0957 0.6810 1.0000 1.0000 0.0009 0.0065 0.0464 0.3306 1.0000 1.0000 0.0004 0.0032 0.0225 0.1602 1.0000 1.0000 1.0000 0.0015 0.0110 0.0808 0.2662 0.0808 0.0110 0.0015 1.0000 1.0000 1.0000 0.1602 0.0225 0.0032 0.0004 1.0000 1.0000 0.3306 0.0464 0.0065 0.0009 1.0000 1.0000 0.6810 0.0957 0.0134 0.0019 0.0003 1.0000 1.0000 0.1975 0.0277 0.0039 0.0005 1.0000 1.0000 0.4068 0.0571 0.0080 0.0011 1.0000 1.0000 0.8524 0.1209 0.0172 0.0025 0.0004 1.0000 1.0000 0.3129 0.0481 0.0075 0.0012 1.0000 1.0000
1.0000 0.0014 0.0084 0.0528 0.3338 1.0000 1.0000 0.0003 0.0023 0.0159 0.1099 0.7662 1.0000 1.0000 0.0010 0.0070 0.0499 0.3547 1.0000 1.0000 0.0005 0.0034 0.0241 0.1719 1.0000 1.0000 1.0000 0.0016 0.0117 0.0833 0.5927 1.0000 1.0000 0.0008 0.0057 0.0404 0.2877 1.0000 1.0000 0.0004 0.0028 0.0196 0.1394 0.9924 1.0000 1.0000 0.0013 0.0095 0.0683 0.5004 1.0000 0.5004 0.0683 0.0095 0.0013 1.0000 1.0000 0.9924 0.1394 0.0196 0.0028 0.0004 1.0000 1.0000 0.2877 0.0404 0.0057 0.0008 1.0000 1.0000 0.5927 0.0833 0.0117 0.0016 1.0000 1.0000 1.0000 0.1719 0.0241 0.0034 0.0005 1.0000 1.0000 0.3547 0.0499 0.0070 0.0010 1.0000 1.0000 0.7662 0.1099 0.0159 0.0023 0.0003 1.0000 1.0000 0.3338 0.0528 0.0084 0.0014 1.0000
0.0013 0.0098 0.0597 0.3727 1.0000 1.0000 0.0004 0.0023 0.0155 0.1042 0.7115 1.0000 1.0000 0.0009 0.0062 0.0440 0.3111 1.0000 1.0000 0.0004 0.0030 0.0210 0.1496 1.0000 1.0000 1.0000 0.0014 0.0102 0.0725 0.5159 1.0000 1.0000 0.0007 0.0049 0.0352 0.2504 1.0000 1.0000 0.0003 0.0024 0.0170 0.1213 0.8638 1.0000 1.0000 0.0012 0.0083 0.0589 0.4233 1.0000 1.0000 1.0000 0.4233 0.0589 0.0083 0.0012 1.0000 1.0000 0.8638 0.1213 0.0170 0.0024 0.0003 1.0000 1.0000 0.2504 0.0352 0.0049 0.0007 1.0000 1.0000 0.5159 0.0725 0.0102 0.0014 1.0000 1.0000 1.0000 0.1496 0.0210 0.0030 0.0004 1.0000 1.0000 0.3111 0.0440 0.0062 0.0009 1.0000 1.0000 0.7115 0.1042 0.0155 0.0023 0.0004 1.0000 1.0000 0.3727 0.0597 0.0098 0.0013
0.0089 0.0695 0.4241 1.0000 1.0000 0.0004 0.0025 0.0159 0.1042 0.6915 1.0000 1.0000 0.0008 0.0056 0.0393 0.2760 1.0000 1.0000 0.0004 0.0026 0.0183 0.1302 0.9267 1.0000 1.0000 0.0012 0.0089 0.0631 0.4490 1.0000 1.0000 0.0006 0.0043 0.0306 0.2180 1.0000 1.0000 0.0003 0.0021 0.0148 0.1056 0.7518 1.0000 1.0000 0.0010 0.0072 0.0513 0.3650 1.0000 1.0000 1.0000 1.0000 1.0000 0.3650 0.0513 0.0072 0.0010 1.0000 1.0000 0.7518 0.1056 0.0148 0.0021 0.0003 1.0000 1.0000 0.2180 0.0306 0.0043 0.0006 1.0000 1.0000 0.4490 0.0631 0.0089 0.0012 1.0000 1.0000 0.9267 0.1302 0.0183 0.0026 0.0004 1.0000 1.0000 0.2760 0.0393 0.0056 0.0008 1.0000 1.0000 0.6915 0.1042 0.0159 0.0025 0.0004 1.0000 1.0000 0.4241 0.0695 0.0089
0.0634 0.4938 1.0000 1.0000 0.0004 0.0027 0.0172 0.1099 0.7115 1.0000 1.0000 0.0008 0.0053 0.0361 0.2500 1.0000 1.0000 0.0003 0.0023 0.0160 0.1137 0.8082 1.0000 1.0000 0.0011 0.0077 0.0549 0.3908 1.0000 1.0000 0.0005 0.0037 0.0267 0.1897 1.0000 1.0000 0.0003 0.0018 0.0129 0.0919 0.6544 1.0000 1.0000 0.0009 0.0063 0.0446 0.3177 1.0000 1.0000 0.0004 0.0015 0.0004 1.0000 1.0000 0.3177 0.0446 0.0063 0.0009 1.0000 1.0000 0.6544 0.0919 0.0129 0.0018 0.0003 1.0000 1.0000 0.1897 0.0267 0.0037 0.0005 1.0000 1.0000 0.3908 0.0549 0.0077 0.0011 1.0000 1.0000 0.8082 0.1137 0.0160 0.0023 0.0003 1.0000 1.0000 0.2500 0.0361 0.0053 0.0008 1.0000 1.0000 0.7115 0.1099 0.0172 0.0027 0.0004 1.0000 1.0000 0.4938 0.0634
0.4516 1.0000 1.0000 0.0005 0.0031 0.0193 0.1209 0.7662 1.0000 1.0000 0.0008 0.0051 0.0344 0.2334 1.0000 1.0000 0.0003 0.0020 0.0142 0.1001 0.7074 1.0000 1.0000 0.0009 0.0067 0.0478 0.3402 1.0000 1.0000 0.0005 0.0033 0.0232 0.1651 1.0000 1.0000 1.0000 0.0016 0.0112 0.0800 0.5695 1.0000 1.0000 0.0008 0.0055 0.0388 0.2765 1.0000 1.0000 0.0004 0.0028 0.0091 0.0028 0.0004 1.0000 1.0000 0.2765 0.0388 0.0055 0.0008 1.0000 1.0000 0.5695 0.0800 0.0112 0.0016 1.0000 1.0000 1.0000 0.1651 0.0232 0.0033 0.0005 1.0000 1.0000 0.3402 0.0478 0.0067 0.0009 1.0000 1.0000 0.7074 0.1001 0.0142 0.0020 0.0003 1.0000 1.0000 0.2334 0.0344 0.0051 0.0008 1.0000 1.0000 0.7662 0.1209 0.0193 0.0031 0.0005 1.0000 1.0000 0.4516
1.0000 1.0000 0.0006 0.0035 0.0219 0.1365 0.8524 1.0000 1.0000 0.0008 0.0053 0.0344 0.2277 1.0000 1.0000 0.0003 0.0018 0.0127 0.0892 0.6264 1.0000 1.0000 0.0008 0.0059 0.0417 0.2961 1.0000 1.0000 0.0004 0.0028 0.0202 0.1437 1.0000 1.0000 1.0000 0.0014 0.0098 0.0696 0.4957 1.0000 1.0000 0.0007 0.0047 0.0338 0.2406 1.0000 1.0000 0.0003 0.0023 0.0170 0.0562 0.0170 0.0023 0.0003 1.0000 1.0000 0.2406 0.0338 0.0047 0.0007 1.0000 1.0000 0.4957 0.0696 0.0098 0.0014 1.0000 1.0000 1.0000 0.1437 0.0202 0.0028 0.0004 1.0000 1.0000 0.2961 0.0417 0.0059 0.0008 1.0000 1.0000 0.6264 0.0892 0.0127 0.0018 0.0003 1.0000 1.0000 0.2277 0.0344 0.0053 0.0008 1.0000 1.0000 0.8524 0.1365 0.0219 0.0035 0.0006 1.0000 1.0000
1.0000 0.0007 0.0040 0.0251 0.1560 0.9682 1.0000 1.0000 0.0009 0.0056 0.0361 0.2334 1.0000 1.0000 0.0003 0.0017 0.0118 0.0812 0.5652 1.0000 1.0000 0.0007 0.0052 0.0365 0.2587 1.0000 1.0000 0.0003 0.0025 0.0176 0.1251 0.8905 1.0000 1.0000 0.0012 0.0085 0.0606 0.4315 1.0000 1.0000 0.0006 0.0041 0.0294 0.2094 1.0000 1.0000 0.0003 0.0020 0.0144 0.1056 0.3480 0.1056 0.0144 0.0020 0.0003 1.0000 1.0000 0.2094 0.0294 0.0041 0.0006 1.0000 1.0000 0.4315 0.0606 0.0085 0.0012 1.0000 1.0000 0.8905 0.1251 0.0176 0.0025 0.0003 1.0000 1.0000 0.2587 0.0365 0.0052 0.0007 1.0000 1.0000 0.5652 0.0812 0.0118 0.0017 0.0003 1.0000 1.0000 0.2334 0.0361 0.0056 0.0009 1.0000 1.0000 0.9682 0.1560 0.0251 0.0040 0.0007 1.0000
0.0006 0.0047 0.0288 0.1789 1.0000 1.0000 1.0000 0.0010 0.0062 0.0393 0.2500 1.0000 1.0000 0.0003 0.0017 0.0113 0.0764 0.5228 1.0000 1.0000 0.0007 0.0046 0.0322 0.2277 1.0000 1.0000 0.0003 0.0022 0.0153 0.1089 0.7750 1.0000 1.0000 0.0010 0.0074 0.0528 0.3755 1.0000 1.0000 0.0005 0.0036 0.0256 0.1823 1.0000 1.0000 0.0002 0.0017 0.0124 0.0893 0.6544 1.0000 0.6544 0.0893 0.0124 0.0017 0.0002 1.0000 1.0000 0.1823 0.0256 0.0036 0.0005 1.0000 1.0000 0.3755 0.0528 0.0074 0.0010 1.0000 1.0000 0.7750 0.1089 0.0153 0.0022 0.0003 1.0000 1.0000 0.2277 0.0322 0.0046 0.0007 1.0000 1.0000 0.5228 0.0764 0.0113 0.0017 0.0003 1.0000 1.0000 0.2500 0.0393 0.0062 0.0010 1.0000 1.0000 1.0000 0.1789 0.0288 0.0047 0.0006
0.0043 0.0337 0.2051 1.0000 1.0000 1.0000 0.0011 0.0070 0.0440 0.2760 1.0000 1.0000 0.0003 0.0017 0.0113 0.0749 0.5014 1.0000 1.0000 0.0006 0.0041 0.0289 0.2024 1.0000 1.0000 0.0003 0.0019 0.0134 0.0949 0.6746 1.0000 1.0000 0.0009 0.0065 0.0459 0.3268 1.0000 1.0000 0.0004 0.0031 0.0223 0.1587 1.0000 1.0000 1.0000 0.0015 0.0108 0.0770 0.5535 1.0000 1.0000 1.0000 0.5535 0.0770 0.0108 0.0015 1.0000 1.0000 1.0000 0.1587 0.0223 0.0031 0.0004 1.0000 1.0000 0.3268 0.0459 0.0065 0.0009 1.0000 1.0000 0.6746 0.0949 0.0134 0.0019 0.0003 1.0000 1.0000 0.2024 0.0289 0.0041 0.0006 1.0000 1.0000 0.5014 0.0749 0.0113 0.0017 0.0003 1.0000 1.0000 0.2760 0.0440 0.0070 0.0011 1.0000 1.0000 1.0000 0.2051 0.0337 0.0043
0.0307 0.2397 1.0000 1.0000 1.0000 0.0013 0.0080 0.0499 0.3111 1.0000 1.0000 0.0003 0.0018 0.0118 0.0764 0.5014 1.0000 1.0000 0.0006 0.0038 0.0264 0.1833 1.0000 1.0000 0.0002 0.0017 0.0117 0.0831 0.5882 1.0000 1.0000 0.0008 0.0056 0.0400 0.2845 1.0000 1.0000 0.0004 0.0027 0.0194 0.1381 0.9830 1.0000 1.0000 0.0013 0.0094 0.0669 0.4763 1.0000 1.0000 0.0003 1.0000 1.0000 0.4763 0.0669 0.0094 0.0013 1.0000 1.0000 0.9830 0.1381 0.0194 0.0027 0.0004 1.0000 1.0000 0.2845 0.0400 0.0056 0.0008 1.0000 1.0000 0.5882 0.0831 0.0117 0.0017 0.0002 1.0000 1.0000 0.1833 0.0264 0.0038 0.0006 1.0000 1.0000 0.5014 0.0764 0.0118 0.0018 0.0003 1.0000 1.0000 0.3111 0.0499 0.0080 0.0013 1.0000 1.0000 1.0000 0.2397 0.0307
0.2192 1.0000 1.0000 0.0002 0.0015 0.0092 0.0571 0.3547 1.0000 1.0000 0.0003 0.0020 0.0127 0.0812 0.5228 1.0000 1.0000 0.0006 0.0037 0.0250 0.1702 1.0000 1.0000 1.0000 0.0015 0.0104 0.0732 0.5169 1.0000 1.0000 0.0007 0.0049 0.0348 0.2476 1.0000 1.0000 0.0003 0.0024 0.0169 0.1202 0.8556 1.0000 1.0000 0.0011 0.0082 0.0582 0.4146 1.0000 1.0000 0.0006 0.0019 0.0006 1.0000 1.0000 0.4146 0.0582 0.0082 0.0011 1.0000 1.0000 0.8556 0.1202 0.0169 0.0024 0.0003 1.0000 1.0000 0.2476 0.0348 0.0049 0.0007 1.0000 1.0000 0.5169 0.0732 0.0104 0.0015 1.0000 1.0000 1.0000 0.1702 0.0250 0.0037 0.0006 1.0000 1.0000 0.5228 0.0812 0.0127 0.0020 0.0003 1.0000 1.0000 0.3547 0.0571 0.0092 0.0015 0.0002 1.0000 1.0000 0.2192
1.0000 1.0000 0.0003 0.0017 0.0106 0.0657 0.4068 1.0000 1.0000 0.0004 0.0023 0.0142 0.0892 0.5652 1.0000 1.0000 0.0006 0.0037 0.0245 0.1642 1.0000 1.0000 1.0000 0.0013 0.0093 0.0654 0.4594 1.0000 1.0000 0.0006 0.0043 0.0304 0.2159 1.0000 1.0000 0.0003 0.0021 0.0147 0.1046 0.7447 1.0000 1.0000 0.0010 0.0071 0.0507 0.3608 1.0000 1.0000 0.0005 0.0036 0.0118 0.0036 0.0005 1.0000 1.0000 0.3608 0.0507 0.0071 0.0010 1.0000 1.0000 0.7447 0.1046 0.0147 0.0021 0.0003 1.0000 1.0000 0.2159 0.0304 0.0043 0.0006 1.0000 1.0000 0.4594 0.0654 0.0093 0.0013 1.0000 1.0000 1.0000 0.1642 0.0245 0.0037 0.0006 1.0000 1.0000 0.5652 0.0892 0.0142 0.0023 0.0004 1.0000 1.0000 0.4068 0.0657 0.0106 0.0017 0.0003 1.0000 1.0000
1.0000 0.0003 0.0020 0.0122 0.0754 0.4673 1.0000 1.0000 0.0004 0.0026 0.0160 0.1001 0.6264 1.0000 1.0000 0.0006 0.0038 0.0250 0.1642 1.0000 1.0000 1.0000 0.0012 0.0086 0.0594 0.4138 1.0000 1.0000 0.0005 0.0038 0.0267 0.1890 1.0000 1.0000 0.0003 0.0018 0.0128 0.0911 0.6482 1.0000 1.0000 0.0009 0.0062 0.0441 0.3141 1.0000 1.0000 0.0004 0.0030 0.0222 0.0734 0.0222 0.0030 0.0004 1.0000 1.0000 0.3141 0.0441 0.0062 0.0009 1.0000 1.0000 0.6482 0.0911 0.0128 0.0018 0.0003 1.0000 1.0000 0.1890 0.0267 0.0038 0.0005 1.0000 1.0000 0.4138 0.0594 0.0086 0.0012 1.0000 1.0000 1.0000 0.1642 0.0250 0.0038 0.0006 1.0000 1.0000 0.6264 0.1001 0.0160 0.0026 0.0004 1.0000 1.0000 0.4673 0.0754 0.0122 0.0020 0.0003 1.0000
0.0003 0.0023 0.0140 0.0867 0.5369 1.0000 1.0000 0.0005 0.0030 0.0183 0.1137 0.7074 1.0000 1.0000 0.0007 0.0041 0.0264 0.1702 1.0000 1.0000 1.0000 0.0012 0.0081 0.0554 0.3806 1.0000 1.0000 0.0005 0.0033 0.0236 0.1664 1.0000 1.0000 1.0000 0.0016 0.0111 0.0793 0.5641 1.0000 1.0000 0.0008 0.0054 0.0384 0.2733 1.0000 1.0000 0.0004 0.0026 0.0188 0.1378 0.4542 0.1378 0.0188 0.0026 0.0004 1.0000 1.0000 0.2733 0.0384 0.0054 0.0008 1.0000 1.0000 0.5641 0.0793 0.0111 0.0016 1.0000 1.0000 1.0000 0.1664 0.0236 0.0033 0.0005 1.0000 1.0000 0.3806 0.0554 0.0081 0.0012 1.0000 1.0000 1.0000 0.1702 0.0264 0.0041 0.0007 1.0000 1.0000 0.7074 0.1137 0.0183 0.0030 0.0005 1.0000 1.0000 0.5369 0.0867 0.0140 0.0023 0.0003
0.0021 0.0163 0.0996 0.6169 1.0000 1.0000 0.0005 0.0034 0.0210 0.1302 0.8082 1.0000 1.0000 0.0007 0.0046 0.0289 0.1833 1.0000 1.0000 1.0000 0.0012 0.0080 0.0535 0.3608 1.0000 1.0000 0.0004 0.0030 0.0211 0.1479 1.0000 1.0000 1.0000 0.0014 0.0097 0.0691 0.4910 1.0000 1.0000 0.0007 0.0047 0.0334 0.2379 1.0000 1.0000 0.0003 0.0023 0.0162 0.1166 0.8540 1.0000 0.8540 0.1166 0.0162 0.0023 0.0003 1.0000 1.0000 0.2379 0.0334 0.0047 0.0007 1.0000 1.0000 0.4910 0.0691 0.0097 0.0014 1.0000 1.0000 1.0000 0.1479 0.0211 0.0030 0.0004 1.0000 1.0000 0.3608 0.0535 0.0080 0.0012 1.0000 1.0000 1.0000 0.1833 0.0289 0.0046 0.0007 1.0000 1.0000 0.8082 0.1302 0.0210 0.0034 0.0005 1.0000 1.0000 0.6169 0.0996 0.0163 0.0021
0.0149 0.1162 0.7088 1.0000 1.0000 0.0006 0.0039 0.0241 0.1496 0.9267 1.0000 1.0000 0.0008 0.0052 0.0322 0.2024 1.0000 1.0000 1.0000 0.0012 0.0081 0.0535 0.3540 1.0000 1.0000 0.0004 0.0028 0.0193 0.1337 0.9321 1.0000 1.0000 0.0012 0.0085 0.0605 0.4290 1.0000 1.0000 0.0006 0.0041 0.0291 0.2071 1.0000 1.0000 0.0003 0.0020 0.0141 0.1005 0.7224 1.0000 1.0000 1.0000 0.7224 0.1005 0.0141 0.0020 0.0003 1.0000 1.0000 0.2071 0.0291 0.0041 0.0006 1.0000 1.0000 0.4290 0.0605 0.0085 0.0012 1.0000 1.0000 0.9321 0.1337 0.0193 0.0028 0.0004 1.0000 1.0000 0.3540 0.0535 0.0081 0.0012 1.0000 1.0000 1.0000 0.2024 0.0322 0.0052 0.0008 1.0000 1.0000 0.9267 0.1496 0.0241 0.0039 0.0006 1.0000 1.0000 0.7088 0.1162 0.0149
0.1062 0.8284 1.0000 1.0000 0.0007 0.0045 0.0277 0.1719 1.0000 1.0000 1.0000 0.0009 0.0059 0.0365 0.2277 1.0000 1.0000 1.0000 0.0013 0.0086 0.0554 0.3608 1.0000 1.0000 0.0004 0.0026 0.0180 0.1232 0.8507 1.0000 1.0000 0.0011 0.0076 0.0534 0.3770 1.0000 1.0000 0.0005 0.0036 0.0253 0.1802 1.0000 1.0000 0.0002 0.0017 0.0123 0.0875 0.6228 1.0000 1.0000 0.0004 1.0000 1.0000 0.6228 0.0875 0.0123 0.0017 0.0002 1.0000 1.0000 0.1802 0.0253 0.0036 0.0005 1.0000 1.0000 0.3770 0.0534 0.0076 0.0011 1.0000 1.0000 0.8507 0.1232 0.0180 0.0026 0.0004 1.0000 1.0000 0.3608 0.0554 0.0086 0.0013 1.0000 1.0000 1.0000 0.2277 0.0365 0.0059 0.0009 1.0000 1.0000 1.0000 0.1719 0.0277 0.0045 0.0007 1.0000 1.0000 0.8284 0.1062
0.7561 1.0000 1.0000 0.0008 0.0051 0.0319 0.1975 1.0000 1.0000 1.0000 0.0011 0.0067 0.0417 0.2587 1.0000 1.0000 0.0002 0.0015 0.0093 0.0594 0.3806 1.0000 1.0000 0.0004 0.0026 0.0174 0.1173 0.7975 1.0000 1.0000 0.0010 0.0068 0.0476 0.3344 1.0000 1.0000 0.0004 0.0031 0.0221 0.1572 1.0000 1.0000 1.0000 0.0015 0.0107 0.0762 0.5421 1.0000 1.0000 0.0008 0.0025 0.0008 1.0000 1.0000 0.5421 0.0762 0.0107 0.0015 1.0000 1.0000 1.0000 0.1572 0.0221 0.0031 0.0004 1.0000 1.0000 0.3344 0.0476 0.0068 0.0010 1.0000 1.0000 0.7975 0.1173 0.0174 0.0026 0.0004 1.0000 1.0000 0.3806 0.0594 0.0093 0.0015 0.0002 1.0000 1.0000 0.2587 0.0417 0.0067 0.0011 1.0000 1.0000 1.0000 0.1975 0.0319 0.0051 0.0008 1.0000 1.0000 0.7561
1.0000 1.0000 0.0010 0.0059 0.0366 0.2269 1.0000 1.0000 1.0000 0.0012 0.0077 0.0478 0.2961 1.0000 1.0000 0.0003 0.0017 0.0104 0.0654 0.4138 1.0000 1.0000 0.0004 0.0026 0.0174 0.1153 0.7706 1.0000 1.0000 0.0009 0.0062 0.0431 0.3006 1.0000 1.0000 0.0004 0.0027 0.0194 0.1376 0.9756 1.0000 1.0000 0.0013 0.0093 0.0663 0.4718 1.0000 1.0000 0.0006 0.0047 0.0155 0.0047 0.0006 1.0000 1.0000 0.4718 0.0663 0.0093 0.0013 1.0000 1.0000 0.9756 0.1376 0.0194 0.0027 0.0004 1.0000 1.0000 0.3006 0.0431 0.0062 0.0009 1.0000 1.0000 0.7706 0.1153 0.0174 0.0026 0.0004 1.0000 1.0000 0.4138 0.0654 0.0104 0.0017 0.0003 1.0000 1.0000 0.2961 0.0478 0.0077 0.0012 1.0000 1.0000 1.0000 0.2269 0.0366 0.0059 0.0010 1.0000 1.0000
1.0000 0.0011 0.0068 0.0421 0.2606 1.0000 1.0000 1.0000 0.0014 0.0089 0.0549 0.3402 1.0000 1.0000 0.0003 0.0019 0.0117 0.0732 0.4594 1.0000 1.0000 0.0004 0.0028 0.0180 0.1173 0.7706 1.0000 1.0000 0.0009 0.0058 0.0400 0.2754 1.0000 1.0000 0.0003 0.0024 0.0171 0.1211 0.8572 1.0000 1.0000 0.0011 0.0081 0.0577 0.4106 1.0000 1.0000 0.0006 0.0040 0.0291 0.0959 0.0291 0.0040 0.0006 1.0000 1.0000 0.4106 0.0577 0.0081 0.0011 1.0000 1.0000 0.8572 0.1211 0.0171 0.0024 0.0003 1.0000 1.0000 0.2754 0.0400 0.0058 0.0009 1.0000 1.0000 0.7706 0.1173 0.0180 0.0028 0.0004 1.0000 1.0000 0.4594 0.0732 0.0117 0.0019 0.0003 1.0000 1.0000 0.3402 0.0549 0.0089 0.0014 1.0000 1.0000 1.0000 0.2606 0.0421 0.0068 0.0011 1.0000
0.0010 0.0079 0.0482 0.2995 1.0000 1.0000 0.0003 0.0016 0.0102 0.0631 0.3908 1.0000 1.0000 0.0003 0.0022 0.0134 0.0831 0.5169 1.0000 1.0000 0.0005 0.0030 0.0193 0.1232 0.7975 1.0000 1.0000 0.0008 0.0057 0.0381 0.2587 1.0000 1.0000 0.0003 0.0022 0.0153 0.1076 0.7590 1.0000 1.0000 0.0010 0.0071 0.0503 0.3574 1.0000 1.0000 0.0005 0.0034 0.0246 0.1802 0.5939 0.1802 0.0246 0.0034 0.0005 1.0000 1.0000 0.3574 0.0503 0.0071 0.0010 1.0000 1.0000 0.7590 0.1076 0.0153 0.0022 0.0003 1.0000 1.0000 0.2587 0.0381 0.0057 0.0008 1.0000 1.0000 0.7975 0.1232 0.0193 0.0030 0.0005 1.0000 1.0000 0.5169 0.0831 0.0134 0.0022 0.0003 1.0000 1.0000 0.3908 0.0631 0.0102 0.0016 0.0003 1.0000 1.0000 0.2995 0.0482 0.0079 0.0010
0.0072 0.0564 0.3434 1.0000 1.0000 0.0003 0.0019 0.0117 0.0725 0.4490 1.0000 1.0000 0.0004 0.0025 0.0153 0.0949 0.5882 1.0000 1.0000 0.0005 0.0033 0.0211 0.1337 0.8507 1.0000 1.0000 0.0009 0.0057 0.0375 0.2504 1.0000 1.0000 0.0003 0.0020 0.0139 0.0970 0.6784 1.0000 1.0000 0.0009 0.0062 0.0440 0.3123 1.0000 1.0000 0.0004 0.0030 0.0212 0.1525 1.0000 1.0000 1.0000 0.1525 0.0212 0.0030 0.0004 1.0000 1.0000 0.3123 0.0440 0.0062 0.0009 1.0000 1.0000 0.6784 0.0970 0.0139 0.0020 0.0003 1.0000 1.0000 0.2504 0.0375 0.0057 0.0009 1.0000 1.0000 0.8507 0.1337 0.0211 0.0033 0.0005 1.0000 1.0000 0.5882 0.0949 0.0153 0.0025 0.0004 1.0000 1.0000 0.4490 0.0725 0.0117 0.0019 0.0003 1.0000 1.0000 0.3434 0.0564 0.0072
0.0516 0.4014 1.0000 1.0000 0.0004 0.0022 0.0134 0.0833 0.5159 1.0000 1.0000 0.0005 0.0028 0.0176 0.1089 0.6746 1.0000 1.0000 0.0006 0.0038 0.0236 0.1479 0.9321 1.0000 1.0000 0.0009 0.0058 0.0381 0.2504 1.0000 1.0000 0.0003 0.0019 0.0129 0.0890 0.6157 1.0000 1.0000 0.0008 0.0055 0.0388 0.2744 1.0000 1.0000 0.0004 0.0026 0.0184 0.1314 0.9445 1.0000 1.0000 1.0000 0.9445 0.1314 0.0184 0.0026 0.0004 1.0000 1.0000 0.2744 0.0388 0.0055 0.0008 1.0000 1.0000 0.6157 0.0890 0.0129 0.0019 0.0003 1.0000 1.0000 0.2504 0.0381 0.0058 0.0009 1.0000 1.0000 0.9321 0.1479 0.0236 0.0038 0.0006 1.0000 1.0000 0.6746 0.1089 0.0176 0.0028 0.0005 1.0000 1.0000 0.5159 0.0833 0.0134 0.0022 0.0004 1.0000 1.0000 0.4014 0.0516
0.3664 1.0000 1.0000 0.0004 0.0025 0.0154 0.0957 0.5927 1.0000 1.0000 0.0005 0.0033 0.0202 0.1251 0.7750 1.0000 1.0000 0.0007 0.0043 0.0267 0.1664 1.0000 1.0000 1.0000 0.0010 0.0062 0.0400 0.2587 1.0000 1.0000 0.0003 0.0018 0.0124 0.0839 0.5728 1.0000 1.0000 0.0007 0.0049 0.0346 0.2434 1.0000 1.0000 0.0003 0.0023 0.0161 0.1144 0.8128 1.0000 1.0000 0.0005 1.0000 1.0000 0.8128 0.1144 0.0161 0.0023 0.0003 1.0000 1.0000 0.2434 0.0346 0.0049 0.0007 1.0000 1.0000 0.5728 0.0839 0.0124 0.0018 0.0003 1.0000 1.0000 0.2587 0.0400 0.0062 0.0010 1.0000 1.0000 1.0000 0.1664 0.0267 0.0043 0.0007 1.0000 1.0000 0.7750 0.1251 0.0202 0.0033 0.0005 1.0000 1.0000 0.5927 0.0957 0.0154 0.0025 0.0004 1.0000 1.0000 0.3664
1.0000 1.0000 0.0005 0.0029 0.0177 0.1099 0.6810 1.0000 1.0000 0.0006 0.0037 0.0232 0.1437 0.8905 1.0000 1.0000 0.0008 0.0049 0.0304 0.1890 1.0000 1.0000 1.0000 0.0011 0.0068 0.0431 0.2754 1.0000 1.0000 0.0003 0.0018 0.0122 0.0812 0.5472 1.0000 1.0000 0.0006 0.0045 0.0313 0.2184 1.0000 1.0000 0.0003 0.0020 0.0141 0.0999 0.7101 1.0000 1.0000 0.0010 0.0033 0.0010 1.0000 1.0000 0.7101 0.0999 0.0141 0.0020 0.0003 1.0000 1.0000 0.2184 0.0313 0.0045 0.0006 1.0000 1.0000 0.5472 0.0812 0.0122 0.0018 0.0003 1.0000 1.0000 0.2754 0.0431 0.0068 0.0011 1.0000 1.0000 1.0000 0.1890 0.0304 0.0049 0.0008 1.0000 1.0000 0.8905 0.1437 0.0232 0.0037 0.0006 1.0000 1.0000 0.6810 0.1099 0.0177 0.0029 0.0005 1.0000 1.0000
1.0000 0.0005 0.0033 0.0204 0.1263 0.7824 1.0000 1.0000 0.0007 0.0043 0.0267 0.1651 1.0000 1.0000 1.0000 0.0009 0.0056 0.0348 0.2159 1.0000 1.0000 1.0000 0.0012 0.0076 0.0476 0.3006 1.0000 1.0000 0.0003 0.0019 0.0124 0.0812 0.5390 1.0000 1.0000 0.0006 0.0042 0.0288 0.1990 1.0000 1.0000 0.0003 0.0018 0.0125 0.0880 0.6228 1.0000 1.0000 0.0008 0.0061 0.0203 0.0061 0.0008 1.0000 1.0000 0.6228 0.0880 0.0125 0.0018 0.0003 1.0000 1.0000 0.1990 0.0288 0.0042 0.0006 1.0000 1.0000 0.5390 0.0812 0.0124 0.0019 0.0003 1.0000 1.0000 0.3006 0.0476 0.0076 0.0012 1.0000 1.0000 1.0000 0.2159 0.0348 0.0056 0.0009 1.0000 1.0000 1.0000 0.1651 0.0267 0.0043 0.0007 1.0000 1.0000 0.7824 0.1263 0.0204 0.0033 0.0005 1.0000
0.0005 0.0038 0.0234 0.1451 0.8990 1.0000 1.0000 0.0008 0.0049 0.0306 0.1897 1.0000 1.0000 1.0000 0.0010 0.0065 0.0400 0.2476 1.0000 1.0000 1.0000 0.0014 0.0085 0.0534 0.3344 1.0000 1.0000 0.0003 0.0020 0.0129 0.0839 0.5472 1.0000 1.0000 0.0006 0.0040 0.0271 0.1851 1.0000 1.0000 1.0000 0.0016 0.0111 0.0782 0.5504 1.0000 1.0000 0.0007 0.0052 0.0381 0.1258 0.0381 0.0052 0.0007 1.0000 1.0000 0.5504 0.0782 0.0111 0.0016 1.0000 1.0000 1.0000 0.1851 0.0271 0.0040 0.0006 1.0000 1.0000 0.5472 0.0839 0.0129 0.0020 0.0003 1.0000 1.0000 0.3344 0.0534 0.0085 0.0014 1.0000 1.0000 1.0000 0.2476 0.0400 0.0065 0.0010 1.0000 1.0000 1.0000 0.1897 0.0306 0.0049 0.0008 1.0000 1.0000 0.8990 0.1451 0.0234 0.0038 0.0005
0.0035 0.0273 0.1667 1.0000 1.0000 1.0000 0.0009 0.0057 0.0352 0.2180 1.0000 1.0000 1.0000 0.0012 0.0074 0.0459 0.2845 1.0000 1.0000 0.0003 0.0016 0.0097 0.0605 0.3770 1.0000 1.0000 0.0003 0.0022 0.0139 0.0890 0.5728 1.0000 1.0000 0.0006 0.0039 0.0263 0.1772 1.0000 1.0000 1.0000 0.0014 0.0101 0.0702 0.4910 1.0000 1.0000 0.0006 0.0045 0.0324 0.2370 0.7810 0.2370 0.0324 0.0045 0.0006 1.0000 1.0000 0.4910 0.0702 0.0101 0.0014 1.0000 1.0000 1.0000 0.1772 0.0263 0.0039 0.0006 1.0000 1.0000 0.5728 0.0890 0.0139 0.0022 0.0003 1.0000 1.0000 0.3770 0.0605 0.0097 0.0016 0.0003 1.0000 1.0000 0.2845 0.0459 0.0074 0.0012 1.0000 1.0000 1.0000 0.2180 0.0352 0.0057 0.0009 1.0000 1.0000 1.0000 0.1667 0.0273 0.0035
0.0250 0.1948 1.0000 1.0000 1.0000 0.0011 0.0065 0.0404 0.2504 1.0000 1.0000 1.0000 0.0014 0.0085 0.0528 0.3268 1.0000 1.0000 0.0003 0.0018 0.0111 0.0691 0.4290 1.0000 1.0000 0.0004 0.0024 0.0153 0.0970 0.6157 1.0000 1.0000 0.0006 0.0040 0.0263 0.1745 1.0000 1.0000 1.0000 0.0014 0.0093 0.0642 0.4456 1.0000 1.0000 0.0006 0.0040 0.0283 0.2020 1.0000 1.0000 1.0000 0.2020 0.0283 0.0040 0.0006 1.0000 1.0000 0.4456 0.0642 0.0093 0.0014 1.0000 1.0000 1.0000 0.1745 0.0263 0.0040 0.0006 1.0000 1.0000 0.6157 0.0970 0.0153 0.0024 0.0004 1.0000 1.0000 0.4290 0.0691 0.0111 0.0018 0.0003 1.0000 1.0000 0.3268 0.0528 0.0085 0.0014 1.0000 1.0000 1.0000 0.2504 0.0404 0.0065 0.0011 1.0000 1.0000 1.0000 0.1948 0.0250
0.1778 1.0000 1.0000 1.0000 0.0012 0.0075 0.0464 0.2877 1.0000 1.0000 0.0003 0.0016 0.0098 0.0606 0.3755 1.0000 1.0000 0.0003 0.0021 0.0128 0.0793 0.4910 1.0000 1.0000 0.0004 0.0027 0.0171 0.1076 0.6784 1.0000 1.0000 0.0006 0.0042 0.0271 0.1772 1.0000 1.0000 1.0000 0.0013 0.0088 0.0599 0.4114 1.0000 1.0000 0.0005 0.0036 0.0251 0.1768 1.0000 1.0000 1.0000 1.0000 1.0000 0.1768 0.0251 0.0036 0.0005 1.0000 1.0000 0.4114 0.0599 0.0088 0.0013 1.0000 1.0000 1.0000 0.1772 0.0271 0.0042 0.0006 1.0000 1.0000 0.6784 0.1076 0.0171 0.0027 0.0004 1.0000 1.0000 0.4910 0.0793 0.0128 0.0021 0.0003 1.0000 1.0000 0.3755 0.0606 0.0098 0.0016 0.0003 1.0000 1.0000 0.2877 0.0464 0.0075 0.0012 1.0000 1.0000 1.0000 0.1778
1.0000 1.0000 1.0000 0.0014 0.0086 0.0534 0.3306 1.0000 1.0000 0.0003 0.0018 0.0112 0.0696 0.4315 1.0000 1.0000 0.0004 0.0024 0.0147 0.0911 0.5641 1.0000 1.0000 0.0005 0.0031 0.0194 0.1211 0.7590 1.0000 1.0000 0.0007 0.0045 0.0288 0.1851 1.0000 1.0000 1.0000 0.0013 0.0085 0.0573 0.3886 1.0000 1.0000 0.0005 0.0032 0.0226 0.1581 1.0000 1.0000 1.0000 0.0007 1.0000 1.0000 1.0000 0.1581 0.0226 0.0032 0.0005 1.0000 1.0000 0.3886 0.0573 0.0085 0.0013 1.0000 1.0000 1.0000 0.1851 0.0288 0.0045 0.0007 1.0000 1.0000 0.7590 0.1211 0.0194 0.0031 0.0005 1.0000 1.0000 0.5641 0.0911 0.0147 0.0024 0.0004 1.0000 1.0000 0.4315 0.0696 0.0112 0.0018 0.0003 1.0000 1.0000 0.3306 0.0534 0.0086 0.0014 1.0000 1.0000 1.0000
1.0000 0.0003 0.0016 0.0099 0.0613 0.3798 1.0000 1.0000 0.0003 0.0021 0.0129 0.0800 0.4957 1.0000 1.0000 0.0004 0.0027 0.0169 0.1046 0.6482 1.0000 1.0000 0.0006 0.0036 0.0221 0.1376 0.8572 1.0000 1.0000 0.0008 0.0049 0.0313 0.1990 1.0000 1.0000 1.0000 0.0013 0.0085 0.0564 0.3770 1.0000 1.0000 0.0004 0.0030 0.0207 0.1435 0.9981 1.0000 1.0000 0.0013 0.0044 0.0013 1.0000 1.0000 0.9981 0.1435 0.0207 0.0030 0.0004 1.0000 1.0000 0.3770 0.0564 0.0085 0.0013 1.0000 1.0000 1.0000 0.1990 0.0313 0.0049 0.0008 1.0000 1.0000 0.8572 0.1376 0.0221 0.0036 0.0006 1.0000 1.0000 0.6482 0.1046 0.0169 0.0027 0.0004 1.0000 1.0000 0.4957 0.0800 0.0129 0.0021 0.0003 1.0000 1.0000 0.3798 0.0613 0.0099 0.0016 0.0003 1.0000
0.0002 0.0019 0.0113 0.0704 0.4364 1.0000 1.0000 0.0004 0.0024 0.0148 0.0919 0.5695 1.0000 1.0000 0.0005 0.0031 0.0194 0.1202 0.7447 1.0000 1.0000 0.0007 0.0041 0.0253 0.1572 0.9756 1.0000 1.0000 0.0009 0.0055 0.0346 0.2184 1.0000 1.0000 1.0000 0.0014 0.0088 0.0573 0.3770 1.0000 1.0000 0.0004 0.0028 0.0193 0.1324 0.9128 1.0000 1.0000 0.0012 0.0084 0.0276 0.0084 0.0012 1.0000 1.0000 0.9128 0.1324 0.0193 0.0028 0.0004 1.0000 1.0000 0.3770 0.0573 0.0088 0.0014 1.0000 1.0000 1.0000 0.2184 0.0346 0.0055 0.0009 1.0000 1.0000 0.9756 0.1572 0.0253 0.0041 0.0007 1.0000 1.0000 0.7447 0.1202 0.0194 0.0031 0.0005 1.0000 1.0000 0.5695 0.0919 0.0148 0.0024 0.0004 1.0000 1.0000 0.4364 0.0704 0.0113 0.0019 0.0002
0.0017 0.0133 0.0808 0.5014 1.0000 1.0000 0.0004 0.0028 0.0170 0.1056 0.6544 1.0000 1.0000 0.0006 0.0036 0.0223 0.1381 0.8556 1.0000 1.0000 0.0008 0.0047 0.0291 0.1802 1.0000 1.0000 1.0000 0.0010 0.0062 0.0388 0.2434 1.0000 1.0000 1.0000 0.0014 0.0093 0.0599 0.3886 1.0000 1.0000 0.0004 0.0028 0.0185 0.1256 0.8556 1.0000 1.0000 0.0010 0.0074 0.0530 0.1738 0.0530 0.0074 0.0010 1.0000 1.0000 0.8556 0.1256 0.0185 0.0028 0.0004 1.0000 1.0000 0.3886 0.0599 0.0093 0.0014 1.0000 1.0000 1.0000 0.2434 0.0388 0.0062 0.0010 1.0000 1.0000 1.0000 0.1802 0.0291 0.0047 0.0008 1.0000 1.0000 0.8556 0.1381 0.0223 0.0036 0.0006 1.0000 1.0000 0.6544 0.1056 0.0170 0.0028 0.0004 1.0000 1.0000 0.5014 0.0808 0.0133 0.0017
0.0121 0.0944 0.5750 1.0000 1.0000 0.0005 0.0032 0.0196 0.1213 0.7518 1.0000 1.0000 0.0007 0.0041 0.0256 0.1587 0.9830 1.0000 1.0000 0.0009 0.0054 0.0334 0.2071 1.0000 1.0000 1.0000 0.0011 0.0071 0.0440 0.2744 1.0000 1.0000 0.0003 0.0016 0.0101 0.0642 0.4114 1.0000 1.0000 0.0004 0.0028 0.0183 0.1218 0.8205 1.0000 1.0000 0.0010 0.0067 0.0467 0.3350 1.0000 0.3350 0.0467 0.0067 0.0010 1.0000 1.0000 0.8205 0.1218 0.0183 0.0028 0.0004 1.0000 1.0000 0.4114 0.0642 0.0101 0.0016 0.0003 1.0000 1.0000 0.2744 0.0440 0.0071 0.0011 1.0000 1.0000 1.0000 0.2071 0.0334 0.0054 0.0009 1.0000 1.0000 0.9830 0.1587 0.0256 0.0041 0.0007 1.0000 1.0000 0.7518 0.1213 0.0196 0.0032 0.0005 1.0000 1.0000 0.5750 0.0944 0.0121
0.0862 0.6720 1.0000 1.0000 0.0006 0.0036 0.0225 0.1394 0.8638 1.0000 1.0000 0.0008 0.0047 0.0294 0.1823 1.0000 1.0000 1.0000 0.0010 0.0062 0.0384 0.2379 1.0000 1.0000 1.0000 0.0013 0.0081 0.0503 0.3123 1.0000 1.0000 0.0003 0.0018 0.0111 0.0702 0.4456 1.0000 1.0000 0.0004 0.0028 0.0185 0.1218 0.8082 1.0000 1.0000 0.0009 0.0062 0.0428 0.2978 1.0000 1.0000 1.0000 0.2978 0.0428 0.0062 0.0009 1.0000 1.0000 0.8082 0.1218 0.0185 0.0028 0.0004 1.0000 1.0000 0.4456 0.0702 0.0111 0.0018 0.0003 1.0000 1.0000 0.3123 0.0503 0.0081 0.0013 1.0000 1.0000 1.0000 0.2379 0.0384 0.0062 0.0010 1.0000 1.0000 1.0000 0.1823 0.0294 0.0047 0.0008 1.0000 1.0000 0.8638 0.1394 0.0225 0.0036 0.0006 1.0000 1.0000 0.6720 0.0862
0.6146 1.0000 1.0000 0.0007 0.0042 0.0259 0.1602 0.9924 1.0000 1.0000 0.0009 0.0055 0.0338 0.2094 1.0000 1.0000 1.0000 0.0011 0.0071 0.0441 0.2733 1.0000 1.0000 0.0002 0.0015 0.0093 0.0577 0.3574 1.0000 1.0000 0.0003 0.0020 0.0125 0.0782 0.4910 1.0000 1.0000 0.0005 0.0030 0.0193 0.1256 0.8205 1.0000 1.0000 0.0009 0.0060 0.0406 0.2765 1.0000 1.0000 1.0000 1.0000 1.0000 0.2765 0.0406 0.0060 0.0009 1.0000 1.0000 0.8205 0.1256 0.0193 0.0030 0.0005 1.0000 1.0000 0.4910 0.0782 0.0125 0.0020 0.0003 1.0000 1.0000 0.3574 0.0577 0.0093 0.0015 0.0002 1.0000 1.0000 0.2733 0.0441 0.0071 0.0011 1.0000 1.0000 1.0000 0.2094 0.0338 0.0055 0.0009 1.0000 1.0000 0.9924 0.1602 0.0259 0.0042 0.0007 1.0000 1.0000 0.6146
1.0000 1.0000 0.0008 0.0048 0.0297 0.1840 1.0000 1.0000 1.0000 0.0010 0.0063 0.0388 0.2406 1.0000 1.0000 1.0000 0.0013 0.0082 0.0507 0.3141 1.0000 1.0000 0.0003 0.0017 0.0107 0.0663 0.4106 1.0000 1.0000 0.0004 0.0023 0.0141 0.0880 0.5504 1.0000 1.0000 0.0005 0.0032 0.0207 0.1324 0.8556 1.0000 1.0000 0.0009 0.0059 0.0394 0.2651 1.0000 1.0000 0.0003 0.0011 0.0003 1.0000 1.0000 0.2651 0.0394 0.0059 0.0009 1.0000 1.0000 0.8556 0.1324 0.0207 0.0032 0.0005 1.0000 1.0000 0.5504 0.0880 0.0141 0.0023 0.0004 1.0000 1.0000 0.4106 0.0663 0.0107 0.0017 0.0003 1.0000 1.0000 0.3141 0.0507 0.0082 0.0013 1.0000 1.0000 1.0000 0.2406 0.0388 0.0063 0.0010 1.0000 1.0000 1.0000 0.1840 0.0297 0.0048 0.0008 1.0000 1.0000
1.0000 0.0009 0.0055 0.0341 0.2114 1.0000 1.0000 1.0000 0.0012 0.0072 0.0446 0.2765 1.0000 1.0000 0.0002 0.0015 0.0094 0.0582 0.3608 1.0000 1.0000 0.0003 0.0020 0.0123 0.0762 0.4718 1.0000 1.0000 0.0004 0.0026 0.0161 0.0999 0.6228 1.0000 1.0000 0.0006 0.0036 0.0226 0.1435 0.9145 1.0000 1.0000 0.0009 0.0060 0.0394 0.2611 1.0000 1.0000 0.0003 0.0021 0.0068 0.0021 0.0003 1.0000 1.0000 0.2611 0.0394 0.0060 0.0009 1.0000 1.0000 0.9128 0.1435 0.0226 0.0036 0.0006 1.0000 1.0000 0.6228 0.0999 0.0161 0.0026 0.0004 1.0000 1.0000 0.4718 0.0762 0.0123 0.0020 0.0003 1.0000 1.0000 0.3608 0.0582 0.0094 0.0015 0.0002 1.0000 1.0000 0.2765 0.0446 0.0072 0.0012 1.0000 1.0000 1.0000 0.2114 0.0341 0.0055 0.0009 1.0000
0.0008 0.0064 0.0392 0.2429 1.0000 1.0000 1.0000 0.0013 0.0083 0.0513 0.3177 1.0000 1.0000 0.0003 0.0017 0.0108 0.0669 0.4146 1.0000 1.0000 0.0004 0.0023 0.0141 0.0875 0.5421 1.0000 1.0000 0.0005 0.0030 0.0184 0.1144 0.7101 1.0000 1.0000 0.0006 0.0040 0.0251 0.1581 0.9981 1.0000 1.0000 0.0010 0.0062 0.0406 0.2651 1.0000 1.0000 0.0003 0.0020 0.0137 0.0443 0.0137 0.0020 0.0003 1.0000 1.0000 0.2651 0.0406 0.0062 0.0010 1.0000 1.0000 0.9981 0.1581 0.0251 0.0040 0.0006 1.0000 1.0000 0.7101 0.1144 0.0184 0.0030 0.0005 1.0000 1.0000 0.5421 0.0875 0.0141 0.0023 0.0004 1.0000 1.0000 0.4146 0.0669 0.0108 0.0017 0.0003 1.0000 1.0000 0.3177 0.0513 0.0083 0.0013 1.0000 1.0000 1.0000 0.2429 0.0392 0.0064 0.0008
0.0059 0.0458 0.2791 1.0000 1.0000 0.0002 0.0015 0.0095 0.0589 0.3650 1.0000 1.0000 0.0003 0.0020 0.0124 0.0769 0.4763 1.0000 1.0000 0.0004 0.0026 0.0162 0.1005 0.6228 1.0000 1.0000 0.0006 0.0034 0.0212 0.1312 0.8128 1.0000 1.0000 0.0007 0.0045 0.0282 0.1765 1.0000 1.0000 1.0000 0.0010 0.0067 0.0428 0.2765 1.0000 1.0000 0.0003 0.0019 0.0129 0.0895 0.2894 0.0895 0.0129 0.0019 0.0003 1.0000 1.0000 0.2765 0.0428 0.0067 0.0010 1.0000 1.0000 1.0000 0.1768 0.0283 0.0045 0.0007 1.0000 1.0000 0.8128 0.1314 0.0212 0.0034 0.0006 1.0000 1.0000 0.6228 0.1005 0.0162 0.0026 0.0004 1.0000 1.0000 0.4763 0.0770 0.0124 0.0020 0.0003 1.0000 1.0000 0.3650 0.0589 0.0095 0.0015 0.0002 1.0000 1.0000 0.2791 0.0458 0.0059
0.0418 0.3256 1.0000 1.0000 0.0003 0.0018 0.0109 0.0677 0.4193 1.0000 1.0000 0.0004 0.0023 0.0143 0.0883 0.5472 1.0000 1.0000 0.0005 0.0030 0.0186 0.1155 0.7155 1.0000 1.0000 0.0006 0.0039 0.0243 0.1507 0.9338 1.0000 1.0000 0.0008 0.0052 0.0320 0.1997 1.0000 1.0000 1.0000 0.0011 0.0073 0.0461 0.2944 1.0000 1.0000 0.0003 0.0019 0.0127 0.0854 0.5894 1.0000 0.5961 0.0865 0.0129 0.0020 0.0003 1.0000 1.0000 0.2978 0.0467 0.0074 0.0012 1.0000 1.0000 1.0000 0.2020 0.0324 0.0052 0.0008 1.0000 1.0000 0.9445 0.1525 0.0246 0.0040 0.0006 1.0000 1.0000 0.7224 0.1166 0.0188 0.0030 0.0005 1.0000 1.0000 0.5535 0.0893 0.0144 0.0023 0.0004 1.0000 1.0000 0.4233 0.0683 0.0110 0.0018 0.0003 1.0000 1.0000 0.3287 0.0421
0.2978 1.0000 1.0000 0.0003 0.0020 0.0126 0.0778 0.4818 1.0000 1.0000 0.0004 0.0026 0.0164 0.1015 0.6287 1.0000 1.0000 0.0006 0.0035 0.0214 0.1327 0.8221 1.0000 1.0000 0.0007 0.0045 0.0280 0.1732 1.0000 1.0000 1.0000 0.0010 0.0059 0.0366 0.2273 1.0000 1.0000 1.0000 0.0013 0.0081 0.0508 0.3207 1.0000 1.0000 0.0003 0.0020 0.0131 0.0855 0.5695 1.0000 1.0000 1.0000 0.5961 0.0895 0.0137 0.0021 0.0003 1.0000 1.0000 0.3350 0.0530 0.0084 0.0013 1.0000 1.0000 1.0000 0.2370 0.0381 0.0061 0.0010 1.0000 1.0000 1.0000 0.1802 0.0291 0.0047 0.0008 1.0000 1.0000 0.8540 0.1378 0.0222 0.0036 0.0006 1.0000 1.0000 0.6544 0.1056 0.0170 0.0028 0.0004 1.0000 1.0000 0.5004 0.0808 0.0130 0.0021 0.0003 1.0000 1.0000 0.3023
1.0000 1.0000 0.0004 0.0023 0.0144 0.0893 0.5535 1.0000 1.0000 0.0005 0.0030 0.0188 0.1166 0.7224 1.0000 1.0000 0.0006 0.0040 0.0246 0.1525 0.9445 1.0000 1.0000 0.0008 0.0052 0.0321 0.1990 1.0000 1.0000 1.0000 0.0011 0.0068 0.0420 0.2602 1.0000 1.0000 1.0000 0.0014 0.0090 0.0567 0.3561 1.0000 1.0000 0.0003 0.0021 0.0138 0.0892 0.5794 1.0000 1.0000 1.0000 1.0000 1.0000 0.2894 0.0443 0.0068 0.0011 1.0000 1.0000 1.0000 0.1738 0.0276 0.0044 0.0007 1.0000 1.0000 0.7810 0.1258 0.0203 0.0033 0.0005 1.0000 1.0000 0.5939 0.0959 0.0155 0.0025 0.0004 1.0000 1.0000 0.4542 0.0734 0.0118 0.0019 0.0003 1.0000 1.0000 0.3480 0.0562 0.0091 0.0015 1.0000 1.0000 1.0000 0.2662 0.0430 0.0069 0.0011 1.0000 1.0000 1.0000
1.0000 0.0004 0.0027 0.0167 0.1032 0.6396 1.0000 1.0000 0.0006 0.0035 0.0217 0.1347 0.8347 1.0000 1.0000 0.0007 0.0046 0.0284 0.1762 1.0000 1.0000 1.0000 0.0010 0.0060 0.0371 0.2299 1.0000 1.0000 1.0000 0.0013 0.0078 0.0485 0.3006 1.0000 1.0000 0.0003 0.0017 0.0103 0.0643 0.4021 1.0000 1.0000 0.0004 0.0023 0.0149 0.0955 0.6122 1.0000 1.0000 0.0004 1.0000 1.0000 0.5927 0.0895 0.0137 0.0021 0.0003 1.0000 1.0000 0.3350 0.0530 0.0084 0.0013 1.0000 1.0000 1.0000 0.2370 0.0381 0.0061 0.0010 1.0000 1.0000 1.0000 0.1802 0.0291 0.0047 0.0008 1.0000 1.0000 0.8540 0.1378 0.0222 0.0036 0.0006 1.0000 1.0000 0.6544 0.1056 0.0170 0.0028 0.0004 1.0000 1.0000 0.5004 0.0808 0.0130 0.0021 0.0003 1.0000 1.0000 0.3023
0.0004 0.0032 0.0195 0.1209 0.7490 1.0000 1.0000 0.0007 0.0041 0.0255 0.1581 0.9793 1.0000 1.0000 0.0009 0.0054 0.0333 0.2063 1.0000 1.0000 1.0000 0.0011 0.0070 0.0435 0.2697 1.0000 1.0000 1.0000 0.0015 0.0092 0.0568 0.3520 1.0000 1.0000 0.0003 0.0019 0.0120 0.0746 0.4647 1.0000 1.0000 0.0004 0.0027 0.0167 0.1058 0.6720 1.0000 1.0000 0.0007 0.0008 1.0000 0.5620 0.0863 0.0129 0.0020 0.0003 1.0000 1.0000 0.2978 0.0467 0.0074 0.0012 1.0000 1.0000 1.0000 0.2020 0.0324 0.0052 0.0008 1.0000 1.0000 0.9445 0.1525 0.0246 0.0040 0.0006 1.0000 1.0000 0.7224 0.1166 0.0188 0.0030 0.0005 1.0000 1.0000 0.5535 0.0893 0.0144 0.0023 0.0004 1.0000 1.0000 0.4233 0.0683 0.0110 0.0018 0.0003 1.0000 1.0000 0.3287 0.0421
0.0020 0.0155 0.0939 0.5827 1.0000 1.0000 0.0005 0.0032 0.0198 0.1230 0.7619 1.0000 1.0000 0.0007 0.0042 0.0259 0.1605 0.9943 1.0000 1.0000 0.0009 0.0055 0.0339 0.2098 1.0000 1.0000 1.0000 0.0012 0.0071 0.0442 0.2744 1.0000 1.0000 1.0000 0.0015 0.0095 0.0589 0.3685 1.0000 1.0000 0.0003 0.0022 0.0137 0.0872 0.5588 1.0000 1.0000 0.0006 0.0037 0.0125 0.1527 0.0921 0.0130 0.0019 0.0003 1.0000 1.0000 0.2765 0.0428 0.0067 0.0010 1.0000 1.0000 1.0000 0.1768 0.0283 0.0045 0.0007 1.0000 1.0000 0.8128 0.1314 0.0212 0.0034 0.0006 1.0000 1.0000 0.6228 0.1005 0.0162 0.0026 0.0004 1.0000 1.0000 0.4763 0.0770 0.0124 0.0020 0.0003 1.0000 1.0000 0.3650 0.0589 0.0095 0.0015 0.0002 1.0000 1.0000 0.2791 0.0458 0.0059
0.0008 0.0067 0.0411 0.2557 1.0000 1.0000 1.0000 0.0014 0.0087 0.0540 0.3350 1.0000 1.0000 0.0003 0.0018 0.0114 0.0706 0.4372 1.0000 1.0000 0.0004 0.0024 0.0149 0.0921 0.5717 1.0000 1.0000 0.0005 0.0031 0.0194 0.1207 0.7504 1.0000 1.0000 0.0007 0.0042 0.0266 0.1673 1.0000 1.0000 1.0000 0.0010 0.0066 0.0431 0.2823 1.0000 1.0000 0.0003 0.0021 0.0145 0.0446 0.0138 0.0020 0.0003 1.0000 1.0000 0.2651 0.0406 0.0062 0.0010 1.0000 1.0000 0.9981 0.1581 0.0251 0.0040 0.0006 1.0000 1.0000 0.7101 0.1144 0.0184 0.0030 0.0005 1.0000 1.0000 0.5421 0.0875 0.0141 0.0023 0.0004 1.0000 1.0000 0.4146 0.0669 0.0108 0.0017 0.0003 1.0000 1.0000 0.3177 0.0513 0.0083 0.0013 1.0000 1.0000 1.0000 0.2429 0.0392 0.0064 0.0008
1.0000 0.0009 0.0056 0.0347 0.2151 1.0000 1.0000 1.0000 0.0012 0.0073 0.0453 0.2807 1.0000 1.0000 0.0002 0.0015 0.0096 0.0591 0.3671 1.0000 1.0000 0.0003 0.0020 0.0125 0.0773 0.4790 1.0000 1.0000 0.0004 0.0026 0.0163 0.1017 0.6335 1.0000 1.0000 0.0006 0.0036 0.0230 0.1459 0.9303 1.0000 1.0000 0.0009 0.0061 0.0401 0.2662 1.0000 1.0000 0.0003 0.0022 0.0069 0.0021 0.0003 1.0000 1.0000 0.2611 0.0394 0.0060 0.0009 1.0000 1.0000 0.9128 0.1435 0.0226 0.0036 0.0006 1.0000 1.0000 0.6228 0.0999 0.0161 0.0026 0.0004 1.0000 1.0000 0.4718 0.0762 0.0123 0.0020 0.0003 1.0000 1.0000 0.3608 0.0582 0.0094 0.0015 0.0002 1.0000 1.0000 0.2765 0.0446 0.0072 0.0012 1.0000 1.0000 1.0000 0.2114 0.0341 0.0055 0.0009 1.0000
