0.3205 0.4498 0.4665 0.3134 0.1845 0.2085 0.2818 0.3999 0.4811 0.3912 0.1982 0.1928 0.2494 0.3516 0.4733 0.4438 0.2514 0.1841 0.2233 0.3088 0.4358 0.4724 0.3378 0.1865 0.2034 0.2718 0.3854 0.4815 0.4093 0.2074 0.1893 0.2412 0.3387 0.4655 0.4541 0.2759 0.1835 0.2170 0.2975 0.4216 0.4771 0.3607 0.1899 0.1988 0.2624 0.3714 0.4800 0.4250 0.2210 0.1843 0.2029 0.1843 0.2210 0.4250 0.4800 0.3714 0.2624 0.1988 0.1899 0.3607 0.4771 0.4216 0.2975 0.2170 0.1835 0.2759 0.4541 0.4655 0.3387 0.2412 0.1893 0.2074 0.4093 0.4815 0.3854 0.2718 0.2034 0.1865 0.3378 0.4724 0.4358 0.3088 0.2233 0.1841 0.2514 0.4438 0.4733 0.3516 0.2494 0.1928 0.1982 0.3912 0.4811 0.3999 0.2818 0.2085 0.1845 0.3134 0.4665 0.4498 0.3205
0.4498 0.4639 0.3093 0.1575 0.1864 0.2705 0.4018 0.4817 0.3920 0.1769 0.1667 0.2335 0.3485 0.4769 0.4428 0.2463 0.1561 0.2035 0.3006 0.4401 0.4718 0.3384 0.1606 0.1799 0.2590 0.3859 0.4829 0.4097 0.1900 0.1622 0.2241 0.3341 0.4698 0.4530 0.2737 0.1558 0.1961 0.2880 0.4250 0.4769 0.3616 0.1653 0.1742 0.2482 0.3704 0.4822 0.4247 0.2093 0.1591 0.2120 0.2629 0.2120 0.1591 0.2093 0.4247 0.4822 0.3704 0.2482 0.1742 0.1653 0.3616 0.4769 0.4250 0.2880 0.1961 0.1558 0.2737 0.4530 0.4698 0.3341 0.2241 0.1622 0.1900 0.4097 0.4829 0.3859 0.2590 0.1799 0.1606 0.3384 0.4718 0.4401 0.3006 0.2035 0.1561 0.2463 0.4428 0.4769 0.3485 0.2335 0.1667 0.1769 0.3920 0.4817 0.4018 0.2705 0.1864 0.1575 0.3093 0.4639 0.4498
0.4665 0.3093 0.1580 0.1835 0.2639 0.3912 0.4818 0.4036 0.1847 0.1635 0.2267 0.3379 0.4711 0.4496 0.2646 0.1556 0.1981 0.2913 0.4287 0.4747 0.3541 0.1633 0.1758 0.2511 0.3743 0.4816 0.4200 0.2022 0.1596 0.2178 0.3239 0.4619 0.4587 0.2919 0.1561 0.1911 0.2791 0.4131 0.4787 0.3760 0.1695 0.1704 0.2408 0.3593 0.4793 0.4334 0.2251 0.1571 0.2100 0.3092 0.3904 0.3092 0.2100 0.1571 0.2251 0.4334 0.4793 0.3593 0.2408 0.1704 0.1695 0.3760 0.4787 0.4131 0.2791 0.1911 0.1561 0.2919 0.4587 0.4619 0.3239 0.2178 0.1596 0.2022 0.4200 0.4816 0.3743 0.2511 0.1758 0.1633 0.3541 0.4747 0.4287 0.2913 0.1981 0.1556 0.2646 0.4496 0.4711 0.3379 0.2267 0.1635 0.1847 0.4036 0.4818 0.3912 0.2639 0.1835 0.1580 0.3093 0.4665
0.3134 0.1575 0.1835 0.2616 0.3855 0.4821 0.4128 0.1942 0.1610 0.2210 0.3287 0.4654 0.4558 0.2829 0.1558 0.1934 0.2831 0.4184 0.4776 0.3689 0.1672 0.1722 0.2442 0.3643 0.4804 0.4292 0.2170 0.1578 0.2122 0.3149 0.4542 0.4639 0.3097 0.1572 0.1867 0.2712 0.4026 0.4806 0.3894 0.1754 0.1672 0.2343 0.3496 0.4765 0.4412 0.2425 0.1561 0.2042 0.3023 0.4424 0.4776 0.4424 0.3023 0.2042 0.1561 0.2425 0.4412 0.4765 0.3496 0.2343 0.1672 0.1754 0.3894 0.4806 0.4026 0.2712 0.1867 0.1572 0.3097 0.4639 0.4542 0.3149 0.2122 0.1578 0.2170 0.4292 0.4804 0.3643 0.2442 0.1722 0.1672 0.3689 0.4776 0.4184 0.2831 0.1934 0.1558 0.2829 0.4558 0.4654 0.3287 0.2210 0.1610 0.1942 0.4128 0.4821 0.3855 0.2616 0.1835 0.1575 0.3134
0.1845 0.1864 0.2639 0.3855 0.4821 0.4180 0.2026 0.1592 0.2161 0.3204 0.4587 0.4612 0.3006 0.1566 0.1889 0.2752 0.4079 0.4798 0.3828 0.1722 0.1688 0.2375 0.3544 0.4781 0.4374 0.2337 0.1565 0.2068 0.3060 0.4455 0.4684 0.3268 0.1588 0.1825 0.2636 0.3921 0.4817 0.4018 0.1831 0.1640 0.2280 0.3399 0.4723 0.4482 0.2606 0.1556 0.1991 0.2932 0.4315 0.4712 0.4176 0.4712 0.4315 0.2932 0.1991 0.1556 0.2606 0.4482 0.4723 0.3399 0.2280 0.1640 0.1831 0.4018 0.4817 0.3921 0.2636 0.1825 0.1588 0.3268 0.4684 0.4455 0.3060 0.2068 0.1565 0.2337 0.4374 0.4781 0.3544 0.2375 0.1688 0.1722 0.3828 0.4798 0.4079 0.2752 0.1889 0.1566 0.3006 0.4612 0.4587 0.3204 0.2161 0.1592 0.2026 0.4180 0.4821 0.3855 0.2639 0.1864 0.1845
0.2085 0.2705 0.3912 0.4821 0.4180 0.2062 0.1584 0.2126 0.3137 0.4519 0.4656 0.3168 0.1579 0.1847 0.2675 0.3974 0.4812 0.3957 0.1789 0.1656 0.2311 0.3447 0.4746 0.4448 0.2516 0.1558 0.2016 0.2974 0.4359 0.4723 0.3431 0.1612 0.1785 0.2562 0.3817 0.4820 0.4128 0.1932 0.1613 0.2220 0.3305 0.4667 0.4546 0.2790 0.1557 0.1943 0.2849 0.4206 0.4767 0.3674 0.2235 0.3674 0.4767 0.4206 0.2849 0.1943 0.1557 0.2790 0.4546 0.4667 0.3305 0.2220 0.1613 0.1932 0.4128 0.4820 0.3817 0.2562 0.1785 0.1612 0.3431 0.4723 0.4359 0.2974 0.2016 0.1558 0.2516 0.4448 0.4746 0.3447 0.2311 0.1656 0.1789 0.3957 0.4812 0.3974 0.2675 0.1847 0.1579 0.3168 0.4656 0.4519 0.3137 0.2126 0.1584 0.2062 0.4180 0.4821 0.3912 0.2705 0.2085
0.2818 0.4018 0.4818 0.4128 0.2026 0.1584 0.2114 0.3098 0.4467 0.4688 0.3303 0.1595 0.1810 0.2604 0.3872 0.4819 0.4073 0.1878 0.1626 0.2249 0.3352 0.4697 0.4515 0.2699 0.1556 0.1967 0.2890 0.4258 0.4756 0.3585 0.1643 0.1747 0.2491 0.3715 0.4814 0.4227 0.2062 0.1590 0.2162 0.3213 0.4599 0.4602 0.2971 0.1564 0.1898 0.2768 0.4101 0.4794 0.3793 0.1707 0.1495 0.1707 0.3793 0.4794 0.4101 0.2768 0.1898 0.1564 0.2971 0.4602 0.4599 0.3213 0.2162 0.1590 0.2062 0.4227 0.4814 0.3715 0.2491 0.1747 0.1643 0.3585 0.4756 0.4258 0.2890 0.1967 0.1556 0.2699 0.4515 0.4697 0.3352 0.2249 0.1626 0.1878 0.4073 0.4819 0.3872 0.2604 0.1810 0.1595 0.3303 0.4688 0.4467 0.3098 0.2114 0.1584 0.2026 0.4128 0.4818 0.4018 0.2818
0.3999 0.4817 0.4036 0.1942 0.1592 0.2126 0.3098 0.4448 0.4704 0.3394 0.1612 0.1780 0.2543 0.3780 0.4819 0.4174 0.1991 0.1601 0.2191 0.3259 0.4635 0.4575 0.2882 0.1560 0.1921 0.2808 0.4154 0.4783 0.3730 0.1685 0.1712 0.2423 0.3614 0.4799 0.4316 0.2216 0.1574 0.2106 0.3123 0.4518 0.4652 0.3147 0.1576 0.1854 0.2690 0.3996 0.4810 0.3930 0.1772 0.1635 0.1914 0.1635 0.1772 0.3930 0.4810 0.3996 0.2690 0.1854 0.1576 0.3147 0.4652 0.4518 0.3123 0.2106 0.1574 0.2216 0.4316 0.4799 0.3614 0.2423 0.1712 0.1685 0.3730 0.4783 0.4154 0.2808 0.1921 0.1560 0.2882 0.4575 0.4635 0.3259 0.2191 0.1601 0.1991 0.4174 0.4819 0.3780 0.2543 0.1780 0.1612 0.3394 0.4704 0.4448 0.3098 0.2126 0.1592 0.1942 0.4036 0.4817 0.3999
0.4811 0.3920 0.1847 0.1610 0.2161 0.3137 0.4467 0.4704 0.3426 0.1623 0.1760 0.2497 0.3703 0.4812 0.4258 0.2120 0.1583 0.2136 0.3169 0.4560 0.4628 0.3060 0.1569 0.1876 0.2729 0.4049 0.4803 0.3866 0.1740 0.1678 0.2357 0.3516 0.4772 0.4396 0.2388 0.1563 0.2053 0.3035 0.4428 0.4696 0.3315 0.1594 0.1813 0.2615 0.3891 0.4819 0.4051 0.1857 0.1636 0.2230 0.2776 0.2230 0.1636 0.1857 0.4051 0.4819 0.3891 0.2615 0.1813 0.1594 0.3315 0.4696 0.4428 0.3035 0.2053 0.1563 0.2388 0.4396 0.4772 0.3516 0.2357 0.1678 0.1740 0.3866 0.4803 0.4049 0.2729 0.1876 0.1569 0.3060 0.4628 0.4560 0.3169 0.2136 0.1583 0.2120 0.4258 0.4812 0.3703 0.2497 0.1760 0.1623 0.3426 0.4704 0.4467 0.3137 0.2161 0.1610 0.1847 0.3920 0.4811
0.3912 0.1769 0.1635 0.2210 0.3204 0.4519 0.4688 0.3394 0.1623 0.1753 0.2472 0.3652 0.4802 0.4321 0.2249 0.1570 0.2086 0.3086 0.4478 0.4674 0.3231 0.1585 0.1834 0.2652 0.3943 0.4815 0.3992 0.1812 0.1647 0.2293 0.3419 0.4733 0.4468 0.2568 0.1557 0.2002 0.2949 0.4330 0.4733 0.3476 0.1620 0.1774 0.2542 0.3787 0.4819 0.4158 0.1967 0.1606 0.2209 0.3276 0.4119 0.3276 0.2209 0.1606 0.1967 0.4158 0.4819 0.3787 0.2542 0.1774 0.1620 0.3476 0.4733 0.4330 0.2949 0.2002 0.1557 0.2568 0.4468 0.4733 0.3419 0.2293 0.1647 0.1812 0.3992 0.4815 0.3943 0.2652 0.1834 0.1585 0.3231 0.4674 0.4478 0.3086 0.2086 0.1570 0.2249 0.4321 0.4802 0.3652 0.2472 0.1753 0.1623 0.3394 0.4688 0.4519 0.3204 0.2210 0.1635 0.1769 0.3912
0.1982 0.1667 0.2267 0.3287 0.4587 0.4656 0.3303 0.1612 0.1760 0.2472 0.3634 0.4794 0.4362 0.2354 0.1563 0.2045 0.3012 0.4394 0.4712 0.3389 0.1606 0.1794 0.2578 0.3839 0.4820 0.4105 0.1908 0.1618 0.2232 0.3325 0.4680 0.4533 0.2752 0.1557 0.1954 0.2866 0.4229 0.4765 0.3627 0.1654 0.1737 0.2471 0.3686 0.4811 0.4254 0.2104 0.1585 0.2146 0.3194 0.4586 0.4755 0.4586 0.3194 0.2146 0.1585 0.2104 0.4254 0.4811 0.3686 0.2471 0.1737 0.1654 0.3627 0.4765 0.4229 0.2866 0.1954 0.1557 0.2752 0.4533 0.4680 0.3325 0.2232 0.1618 0.1908 0.4105 0.4820 0.3839 0.2578 0.1794 0.1606 0.3389 0.4712 0.4394 0.3012 0.2045 0.1563 0.2354 0.4362 0.4794 0.3634 0.2472 0.1760 0.1612 0.3303 0.4656 0.4587 0.3287 0.2267 0.1667 0.1982
0.1928 0.2335 0.3379 0.4654 0.4612 0.3168 0.1595 0.1780 0.2497 0.3652 0.4794 0.4376 0.2414 0.1559 0.2015 0.2952 0.4317 0.4742 0.3527 0.1632 0.1758 0.2509 0.3738 0.4816 0.4207 0.2032 0.1594 0.2174 0.3232 0.4614 0.4591 0.2933 0.1562 0.1907 0.2785 0.4124 0.4789 0.3770 0.1699 0.1702 0.2403 0.3586 0.4792 0.4340 0.2264 0.1570 0.2091 0.3098 0.4498 0.4636 0.3985 0.4636 0.4498 0.3098 0.2091 0.1570 0.2264 0.4340 0.4792 0.3586 0.2403 0.1702 0.1699 0.3770 0.4789 0.4124 0.2785 0.1907 0.1562 0.2933 0.4591 0.4614 0.3232 0.2174 0.1594 0.2032 0.4207 0.4816 0.3738 0.2509 0.1758 0.1632 0.3527 0.4742 0.4317 0.2952 0.2015 0.1559 0.2414 0.4376 0.4794 0.3652 0.2497 0.1780 0.1595 0.3168 0.4612 0.4654 0.3379 0.2335 0.1928
0.2494 0.3485 0.4711 0.4558 0.3006 0.1579 0.1810 0.2543 0.3703 0.4802 0.4362 0.2414 0.1558 0.1998 0.2913 0.4258 0.4763 0.3641 0.1663 0.1726 0.2446 0.3643 0.4804 0.4296 0.2180 0.1577 0.2118 0.3142 0.4536 0.4642 0.3111 0.1573 0.1864 0.2707 0.4018 0.4807 0.3903 0.1758 0.1669 0.2338 0.3488 0.4762 0.4418 0.2439 0.1561 0.2038 0.3010 0.4401 0.4703 0.3393 0.1930 0.3393 0.4703 0.4401 0.3010 0.2038 0.1561 0.2439 0.4418 0.4762 0.3488 0.2338 0.1669 0.1758 0.3903 0.4807 0.4018 0.2707 0.1864 0.1573 0.3111 0.4642 0.4536 0.3142 0.2118 0.1577 0.2180 0.4296 0.4804 0.3643 0.2446 0.1726 0.1663 0.3641 0.4763 0.4258 0.2913 0.1998 0.1558 0.2414 0.4362 0.4802 0.3703 0.2543 0.1810 0.1579 0.3006 0.4558 0.4711 0.3485 0.2494
0.3516 0.4769 0.4496 0.2829 0.1566 0.1847 0.2604 0.3780 0.4812 0.4321 0.2354 0.1559 0.1998 0.2899 0.4225 0.4775 0.3723 0.1694 0.1700 0.2391 0.3557 0.4783 0.4373 0.2341 0.1565 0.2065 0.3054 0.4447 0.4687 0.3281 0.1590 0.1822 0.2631 0.3913 0.4817 0.4026 0.1837 0.1638 0.2275 0.3392 0.4719 0.4488 0.2621 0.1556 0.1988 0.2925 0.4302 0.4743 0.3513 0.1619 0.1526 0.1619 0.3513 0.4743 0.4302 0.2925 0.1988 0.1556 0.2621 0.4488 0.4719 0.3392 0.2275 0.1638 0.1837 0.4026 0.4817 0.3913 0.2631 0.1822 0.1590 0.3281 0.4687 0.4447 0.3054 0.2065 0.1565 0.2341 0.4373 0.4783 0.3557 0.2391 0.1700 0.1694 0.3723 0.4775 0.4225 0.2899 0.1998 0.1559 0.2354 0.4321 0.4812 0.3780 0.2604 0.1847 0.1566 0.2829 0.4496 0.4769 0.3516
0.4733 0.4428 0.2646 0.1558 0.1889 0.2675 0.3872 0.4819 0.4258 0.2249 0.1563 0.2015 0.2913 0.4225 0.4779 0.3765 0.1717 0.1682 0.2349 0.3485 0.4756 0.4437 0.2500 0.1558 0.2016 0.2970 0.4353 0.4726 0.3443 0.1614 0.1782 0.2557 0.3809 0.4820 0.4136 0.1941 0.1611 0.2215 0.3298 0.4663 0.4550 0.2804 0.1558 0.1940 0.2843 0.4199 0.4772 0.3669 0.1666 0.1698 0.2010 0.1698 0.1666 0.3669 0.4772 0.4199 0.2843 0.1940 0.1558 0.2804 0.4550 0.4663 0.3298 0.2215 0.1611 0.1941 0.4136 0.4820 0.3809 0.2557 0.1782 0.1614 0.3443 0.4726 0.4353 0.2970 0.2016 0.1558 0.2500 0.4437 0.4756 0.3485 0.2349 0.1682 0.1717 0.3765 0.4779 0.4225 0.2913 0.2015 0.1563 0.2249 0.4258 0.4819 0.3872 0.2675 0.1889 0.1558 0.2646 0.4428 0.4733
0.4438 0.2463 0.1556 0.1934 0.2752 0.3974 0.4819 0.4174 0.2120 0.1570 0.2045 0.2952 0.4258 0.4775 0.3765 0.1726 0.1672 0.2321 0.3433 0.4728 0.4488 0.2644 0.1556 0.1973 0.2893 0.4258 0.4757 0.3593 0.1646 0.1745 0.2486 0.3707 0.4814 0.4234 0.2072 0.1589 0.2157 0.3206 0.4593 0.4606 0.2985 0.1565 0.1895 0.2762 0.4094 0.4795 0.3809 0.1715 0.1696 0.2354 0.2946 0.2354 0.1696 0.1715 0.3809 0.4795 0.4094 0.2762 0.1895 0.1565 0.2985 0.4606 0.4593 0.3206 0.2157 0.1589 0.2072 0.4234 0.4814 0.3707 0.2486 0.1745 0.1646 0.3593 0.4757 0.4258 0.2893 0.1973 0.1556 0.2644 0.4488 0.4728 0.3433 0.2321 0.1672 0.1726 0.3765 0.4775 0.4258 0.2952 0.2045 0.1570 0.2120 0.4174 0.4819 0.3974 0.2752 0.1934 0.1556 0.2463 0.4438
0.2514 0.1561 0.1981 0.2831 0.4079 0.4812 0.4073 0.1991 0.1583 0.2086 0.3012 0.4317 0.4763 0.3723 0.1717 0.1672 0.2312 0.3405 0.4707 0.4522 0.2762 0.1557 0.1936 0.2825 0.4167 0.4781 0.3729 0.1687 0.1710 0.2418 0.3607 0.4797 0.4322 0.2228 0.1573 0.2102 0.3116 0.4511 0.4656 0.3160 0.1577 0.1851 0.2685 0.3988 0.4811 0.3940 0.1779 0.1661 0.2326 0.3466 0.4325 0.3466 0.2326 0.1661 0.1779 0.3940 0.4811 0.3988 0.2685 0.1851 0.1577 0.3160 0.4656 0.4511 0.3116 0.2102 0.1573 0.2228 0.4322 0.4797 0.3607 0.2418 0.1710 0.1687 0.3729 0.4781 0.4167 0.2825 0.1936 0.1557 0.2762 0.4522 0.4707 0.3405 0.2312 0.1672 0.1717 0.3723 0.4763 0.4317 0.3012 0.2086 0.1583 0.1991 0.4073 0.4812 0.4079 0.2831 0.1981 0.1561 0.2514
0.1841 0.2035 0.2913 0.4184 0.4798 0.3957 0.1878 0.1601 0.2136 0.3086 0.4394 0.4742 0.3641 0.1694 0.1682 0.2321 0.3405 0.4699 0.4540 0.2837 0.1560 0.1907 0.2768 0.4085 0.4799 0.3847 0.1735 0.1679 0.2355 0.3511 0.4770 0.4402 0.2400 0.1562 0.2049 0.3028 0.4420 0.4699 0.3328 0.1596 0.1810 0.2609 0.3883 0.4819 0.4059 0.1864 0.1630 0.2258 0.3372 0.4704 0.4711 0.4704 0.3372 0.2258 0.1630 0.1864 0.4059 0.4819 0.3883 0.2609 0.1810 0.1596 0.3328 0.4699 0.4420 0.3028 0.2049 0.1562 0.2400 0.4402 0.4770 0.3511 0.2355 0.1679 0.1735 0.3847 0.4799 0.4085 0.2768 0.1907 0.1560 0.2837 0.4540 0.4699 0.3405 0.2321 0.1682 0.1694 0.3641 0.4742 0.4394 0.3086 0.2136 0.1601 0.1878 0.3957 0.4798 0.4184 0.2913 0.2035 0.1841
0.2233 0.3006 0.4287 0.4776 0.3828 0.1789 0.1626 0.2191 0.3169 0.4478 0.4712 0.3527 0.1663 0.1700 0.2349 0.3433 0.4707 0.4540 0.2862 0.1562 0.1889 0.2728 0.4020 0.4810 0.3946 0.1792 0.1652 0.2299 0.3422 0.4732 0.4471 0.2578 0.1557 0.1998 0.2943 0.4323 0.4736 0.3488 0.1623 0.1771 0.2537 0.3780 0.4819 0.4165 0.1976 0.1604 0.2198 0.3272 0.4648 0.4537 0.3757 0.4537 0.4648 0.3272 0.2198 0.1604 0.1976 0.4165 0.4819 0.3780 0.2537 0.1771 0.1623 0.3488 0.4736 0.4323 0.2943 0.1998 0.1557 0.2578 0.4471 0.4732 0.3422 0.2299 0.1652 0.1792 0.3946 0.4810 0.4020 0.2728 0.1889 0.1562 0.2862 0.4540 0.4707 0.3433 0.2349 0.1700 0.1663 0.3527 0.4712 0.4478 0.3169 0.2191 0.1626 0.1789 0.3828 0.4776 0.4287 0.3006 0.2233
0.3088 0.4401 0.4747 0.3689 0.1722 0.1656 0.2249 0.3259 0.4560 0.4674 0.3389 0.1632 0.1726 0.2391 0.3485 0.4728 0.4522 0.2837 0.1562 0.1884 0.2707 0.3978 0.4815 0.4020 0.1851 0.1629 0.2249 0.3341 0.4686 0.4531 0.2752 0.1557 0.1951 0.2860 0.4220 0.4767 0.3639 0.1658 0.1734 0.2466 0.3678 0.4810 0.4261 0.2115 0.1584 0.2141 0.3180 0.4571 0.4616 0.3073 0.1714 0.3073 0.4616 0.4571 0.3180 0.2141 0.1584 0.2115 0.4261 0.4810 0.3678 0.2466 0.1734 0.1658 0.3639 0.4767 0.4220 0.2860 0.1951 0.1557 0.2752 0.4531 0.4686 0.3341 0.2249 0.1629 0.1851 0.4020 0.4815 0.3978 0.2707 0.1884 0.1562 0.2837 0.4522 0.4728 0.3485 0.2391 0.1726 0.1632 0.3389 0.4674 0.4560 0.3259 0.2249 0.1656 0.1722 0.3689 0.4747 0.4401 0.3088
0.4358 0.4718 0.3541 0.1672 0.1688 0.2311 0.3352 0.4635 0.4628 0.3231 0.1606 0.1758 0.2446 0.3557 0.4756 0.4488 0.2762 0.1560 0.1889 0.2707 0.3964 0.4817 0.4065 0.1901 0.1613 0.2209 0.3272 0.4635 0.4580 0.2913 0.1562 0.1908 0.2783 0.4118 0.4791 0.3781 0.1703 0.1700 0.2399 0.3579 0.4791 0.4346 0.2276 0.1569 0.2086 0.3090 0.4486 0.4669 0.3201 0.1567 0.1571 0.1567 0.3201 0.4669 0.4486 0.3090 0.2086 0.1569 0.2276 0.4346 0.4791 0.3579 0.2399 0.1700 0.1703 0.3781 0.4791 0.4118 0.2783 0.1908 0.1562 0.2913 0.4580 0.4635 0.3272 0.2209 0.1613 0.1901 0.4065 0.4817 0.3964 0.2707 0.1889 0.1560 0.2762 0.4488 0.4756 0.3557 0.2446 0.1758 0.1606 0.3231 0.4628 0.4635 0.3352 0.2311 0.1688 0.1672 0.3541 0.4718 0.4358
0.4724 0.3384 0.1633 0.1722 0.2375 0.3447 0.4697 0.4575 0.3060 0.1585 0.1794 0.2509 0.3643 0.4783 0.4437 0.2644 0.1557 0.1907 0.2728 0.3978 0.4817 0.4079 0.1930 0.1604 0.2180 0.3218 0.4586 0.4620 0.3055 0.1570 0.1869 0.2712 0.4019 0.4807 0.3911 0.1764 0.1667 0.2334 0.3481 0.4760 0.4423 0.2452 0.1560 0.2034 0.3003 0.4393 0.4710 0.3375 0.1604 0.1768 0.2116 0.1768 0.1604 0.3375 0.4710 0.4393 0.3003 0.2034 0.1560 0.2452 0.4423 0.4760 0.3481 0.2334 0.1667 0.1764 0.3911 0.4807 0.4019 0.2712 0.1869 0.1570 0.3055 0.4620 0.4586 0.3218 0.2180 0.1604 0.1930 0.4079 0.4817 0.3978 0.2728 0.1907 0.1557 0.2644 0.4437 0.4783 0.3643 0.2509 0.1794 0.1585 0.3060 0.4575 0.4697 0.3447 0.2375 0.1722 0.1633 0.3384 0.4724
0.3378 0.1606 0.1758 0.2442 0.3544 0.4746 0.4515 0.2882 0.1569 0.1834 0.2578 0.3738 0.4804 0.4373 0.2500 0.1556 0.1936 0.2768 0.4020 0.4815 0.4065 0.1930 0.1601 0.2165 0.3184 0.4547 0.4648 0.3170 0.1581 0.1836 0.2648 0.3927 0.4817 0.4024 0.1839 0.1637 0.2272 0.3385 0.4716 0.4492 0.2634 0.1556 0.1984 0.2919 0.4294 0.4746 0.3532 0.1632 0.1765 0.2488 0.3126 0.2488 0.1765 0.1632 0.3532 0.4746 0.4294 0.2919 0.1984 0.1556 0.2634 0.4492 0.4716 0.3385 0.2272 0.1637 0.1839 0.4024 0.4817 0.3927 0.2648 0.1836 0.1581 0.3170 0.4648 0.4547 0.3184 0.2165 0.1601 0.1930 0.4065 0.4815 0.4020 0.2768 0.1936 0.1556 0.2500 0.4373 0.4804 0.3738 0.2578 0.1834 0.1569 0.2882 0.4515 0.4746 0.3544 0.2442 0.1758 0.1606 0.3378
0.1865 0.1799 0.2511 0.3643 0.4781 0.4448 0.2699 0.1560 0.1876 0.2652 0.3839 0.4816 0.4296 0.2341 0.1558 0.1973 0.2825 0.4085 0.4810 0.4020 0.1901 0.1604 0.2165 0.3172 0.4526 0.4666 0.3250 0.1592 0.1809 0.2594 0.3845 0.4820 0.4120 0.1931 0.1611 0.2214 0.3294 0.4659 0.4554 0.2817 0.1558 0.1936 0.2836 0.4191 0.4774 0.3681 0.1669 0.1725 0.2453 0.3663 0.4506 0.3663 0.2453 0.1725 0.1669 0.3681 0.4774 0.4191 0.2836 0.1936 0.1558 0.2817 0.4554 0.4659 0.3294 0.2214 0.1611 0.1931 0.4120 0.4820 0.3845 0.2594 0.1809 0.1592 0.3250 0.4666 0.4526 0.3172 0.2165 0.1604 0.1901 0.4020 0.4810 0.4085 0.2825 0.1973 0.1558 0.2341 0.4296 0.4816 0.3839 0.2652 0.1876 0.1560 0.2699 0.4448 0.4781 0.3643 0.2511 0.1799 0.1865
0.2034 0.2590 0.3743 0.4804 0.4374 0.2516 0.1556 0.1921 0.2729 0.3943 0.4820 0.4207 0.2180 0.1565 0.2016 0.2893 0.4167 0.4799 0.3946 0.1851 0.1613 0.2180 0.3184 0.4526 0.4672 0.3292 0.1600 0.1791 0.2553 0.3779 0.4818 0.4199 0.2036 0.1592 0.2163 0.3209 0.4592 0.4608 0.2994 0.1565 0.1891 0.2756 0.4085 0.4796 0.3820 0.1719 0.1690 0.2380 0.3557 0.4773 0.4645 0.4773 0.3557 0.2380 0.1690 0.1719 0.3820 0.4796 0.4085 0.2756 0.1891 0.1565 0.2994 0.4608 0.4592 0.3209 0.2163 0.1592 0.2036 0.4199 0.4818 0.3779 0.2553 0.1791 0.1600 0.3292 0.4672 0.4526 0.3184 0.2180 0.1613 0.1851 0.3946 0.4799 0.4167 0.2893 0.2016 0.1565 0.2180 0.4207 0.4820 0.3943 0.2729 0.1921 0.1556 0.2516 0.4374 0.4804 0.3743 0.2590 0.2034
0.2718 0.3859 0.4816 0.4292 0.2337 0.1558 0.1967 0.2808 0.4049 0.4815 0.4105 0.2032 0.1577 0.2065 0.2970 0.4258 0.4781 0.3847 0.1792 0.1629 0.2209 0.3218 0.4547 0.4666 0.3292 0.1603 0.1781 0.2527 0.3732 0.4813 0.4259 0.2140 0.1578 0.2117 0.3132 0.4520 0.4654 0.3159 0.1577 0.1849 0.2679 0.3980 0.4812 0.3950 0.1785 0.1658 0.2315 0.3453 0.4750 0.4415 0.3493 0.4415 0.4750 0.3453 0.2315 0.1658 0.1785 0.3950 0.4812 0.3980 0.2679 0.1849 0.1577 0.3159 0.4654 0.4520 0.3132 0.2117 0.1578 0.2140 0.4259 0.4813 0.3732 0.2527 0.1781 0.1603 0.3292 0.4666 0.4547 0.3218 0.2209 0.1629 0.1792 0.3847 0.4781 0.4258 0.2970 0.2065 0.1577 0.2032 0.4105 0.4815 0.4049 0.2808 0.1967 0.1558 0.2337 0.4292 0.4816 0.3859 0.2718
0.3854 0.4829 0.4200 0.2170 0.1565 0.2016 0.2890 0.4154 0.4803 0.3992 0.1908 0.1594 0.2118 0.3054 0.4353 0.4757 0.3729 0.1735 0.1652 0.2249 0.3272 0.4586 0.4648 0.3250 0.1600 0.1781 0.2519 0.3708 0.4808 0.4299 0.2229 0.1570 0.2079 0.3065 0.4447 0.4692 0.3309 0.1595 0.1811 0.2607 0.3877 0.4819 0.4068 0.1872 0.1628 0.2253 0.3358 0.4701 0.4506 0.2726 0.1588 0.2726 0.4506 0.4701 0.3358 0.2253 0.1628 0.1872 0.4068 0.4819 0.3877 0.2607 0.1811 0.1595 0.3309 0.4692 0.4447 0.3065 0.2079 0.1570 0.2229 0.4299 0.4808 0.3708 0.2519 0.1781 0.1600 0.3250 0.4648 0.4586 0.3272 0.2249 0.1652 0.1735 0.3729 0.4757 0.4353 0.3054 0.2118 0.1594 0.1908 0.3992 0.4803 0.4154 0.2890 0.2016 0.1565 0.2170 0.4200 0.4829 0.3854
0.4815 0.4097 0.2022 0.1578 0.2068 0.2974 0.4258 0.4783 0.3866 0.1812 0.1618 0.2174 0.3142 0.4447 0.4726 0.3593 0.1687 0.1679 0.2299 0.3341 0.4635 0.4620 0.3170 0.1592 0.1791 0.2527 0.3708 0.4807 0.4319 0.2287 0.1565 0.2051 0.3010 0.4381 0.4721 0.3439 0.1616 0.1776 0.2541 0.3780 0.4819 0.4171 0.1985 0.1602 0.2194 0.3265 0.4639 0.4571 0.2862 0.1542 0.1627 0.1542 0.2862 0.4571 0.4639 0.3265 0.2194 0.1602 0.1985 0.4171 0.4819 0.3780 0.2541 0.1776 0.1616 0.3439 0.4721 0.4381 0.3010 0.2051 0.1565 0.2287 0.4319 0.4807 0.3708 0.2527 0.1791 0.1592 0.3170 0.4620 0.4635 0.3341 0.2299 0.1679 0.1687 0.3593 0.4726 0.4447 0.3142 0.2174 0.1618 0.1812 0.3866 0.4783 0.4258 0.2974 0.2068 0.1578 0.2022 0.4097 0.4815
0.4093 0.1900 0.1596 0.2122 0.3060 0.4359 0.4756 0.3730 0.1740 0.1647 0.2232 0.3232 0.4536 0.4687 0.3443 0.1646 0.1710 0.2355 0.3422 0.4686 0.4580 0.3055 0.1581 0.1809 0.2553 0.3732 0.4808 0.4319 0.2307 0.1563 0.2033 0.2972 0.4328 0.4742 0.3547 0.1640 0.1746 0.2482 0.3692 0.4811 0.4259 0.2119 0.1583 0.2138 0.3173 0.4565 0.4625 0.3048 0.1570 0.1847 0.2232 0.1847 0.1570 0.3048 0.4625 0.4565 0.3173 0.2138 0.1583 0.2119 0.4259 0.4811 0.3692 0.2482 0.1746 0.1640 0.3547 0.4742 0.4328 0.2972 0.2033 0.1563 0.2307 0.4319 0.4808 0.3732 0.2553 0.1809 0.1581 0.3055 0.4580 0.4686 0.3422 0.2355 0.1710 0.1646 0.3443 0.4687 0.4536 0.3232 0.2232 0.1647 0.1740 0.3730 0.4756 0.4359 0.3060 0.2122 0.1596 0.1900 0.4093
0.2074 0.1622 0.2178 0.3149 0.4455 0.4723 0.3585 0.1685 0.1678 0.2293 0.3325 0.4614 0.4642 0.3281 0.1614 0.1745 0.2418 0.3511 0.4732 0.4531 0.2913 0.1570 0.1836 0.2594 0.3779 0.4813 0.4299 0.2287 0.1563 0.2027 0.2953 0.4294 0.4756 0.3626 0.1664 0.1722 0.2431 0.3613 0.4796 0.4334 0.2264 0.1569 0.2086 0.3087 0.4481 0.4672 0.3221 0.1583 0.1841 0.2632 0.3318 0.2632 0.1841 0.1583 0.3221 0.4672 0.4481 0.3087 0.2086 0.1569 0.2264 0.4334 0.4796 0.3613 0.2431 0.1722 0.1664 0.3626 0.4756 0.4294 0.2953 0.2027 0.1563 0.2287 0.4299 0.4813 0.3779 0.2594 0.1836 0.1570 0.2913 0.4531 0.4732 0.3511 0.2418 0.1745 0.1614 0.3281 0.4642 0.4614 0.3325 0.2293 0.1678 0.1685 0.3585 0.4723 0.4455 0.3149 0.2178 0.1622 0.2074
0.1893 0.2241 0.3239 0.4542 0.4684 0.3431 0.1643 0.1712 0.2357 0.3419 0.4680 0.4591 0.3111 0.1590 0.1782 0.2486 0.3607 0.4770 0.4471 0.2752 0.1562 0.1869 0.2648 0.3845 0.4818 0.4259 0.2229 0.1565 0.2033 0.2953 0.4283 0.4763 0.3674 0.1683 0.1704 0.2390 0.3546 0.4776 0.4397 0.2408 0.1561 0.2039 0.3006 0.4392 0.4712 0.3384 0.1604 0.1796 0.2589 0.3866 0.4645 0.3866 0.2589 0.1796 0.1604 0.3384 0.4712 0.4392 0.3006 0.2039 0.1561 0.2408 0.4397 0.4776 0.3546 0.2390 0.1704 0.1683 0.3674 0.4763 0.4283 0.2953 0.2033 0.1565 0.2229 0.4259 0.4818 0.3845 0.2648 0.1869 0.1562 0.2752 0.4471 0.4770 0.3607 0.2486 0.1782 0.1590 0.3111 0.4591 0.4680 0.3419 0.2357 0.1712 0.1643 0.3431 0.4684 0.4542 0.3239 0.2241 0.1893
0.2412 0.3341 0.4619 0.4639 0.3268 0.1612 0.1747 0.2423 0.3516 0.4733 0.4533 0.2933 0.1573 0.1822 0.2557 0.3707 0.4797 0.4402 0.2578 0.1557 0.1908 0.2712 0.3927 0.4820 0.4199 0.2140 0.1570 0.2051 0.2972 0.4294 0.4763 0.3691 0.1694 0.1693 0.2362 0.3495 0.4755 0.4446 0.2540 0.1557 0.1997 0.2933 0.4303 0.4744 0.3533 0.1633 0.1758 0.2512 0.3750 0.4800 0.4558 0.4800 0.3750 0.2512 0.1758 0.1633 0.3533 0.4744 0.4303 0.2933 0.1997 0.1557 0.2540 0.4446 0.4755 0.3495 0.2362 0.1693 0.1694 0.3691 0.4763 0.4294 0.2972 0.2051 0.1570 0.2140 0.4199 0.4820 0.3927 0.2712 0.1908 0.1557 0.2578 0.4402 0.4797 0.3707 0.2557 0.1822 0.1573 0.2933 0.4533 0.4733 0.3516 0.2423 0.1747 0.1612 0.3268 0.4639 0.4619 0.3341 0.2412
0.3387 0.4698 0.4587 0.3097 0.1588 0.1785 0.2491 0.3614 0.4772 0.4468 0.2752 0.1562 0.1864 0.2631 0.3809 0.4814 0.4322 0.2400 0.1557 0.1951 0.2783 0.4019 0.4817 0.4120 0.2036 0.1578 0.2079 0.3010 0.4328 0.4756 0.3674 0.1694 0.1689 0.2348 0.3463 0.4737 0.4481 0.2649 0.1556 0.1962 0.2868 0.4219 0.4770 0.3666 0.1667 0.1724 0.2445 0.3644 0.4804 0.4268 0.3193 0.4268 0.4804 0.3644 0.2445 0.1724 0.1667 0.3666 0.4770 0.4219 0.2868 0.1962 0.1556 0.2649 0.4481 0.4737 0.3463 0.2348 0.1689 0.1694 0.3674 0.4756 0.4328 0.3010 0.2079 0.1578 0.2036 0.4120 0.4817 0.4019 0.2783 0.1951 0.1557 0.2400 0.4322 0.4814 0.3809 0.2631 0.1864 0.1562 0.2752 0.4468 0.4772 0.3614 0.2491 0.1785 0.1588 0.3097 0.4587 0.4698 0.3387
0.4655 0.4530 0.2919 0.1572 0.1825 0.2562 0.3715 0.4799 0.4396 0.2568 0.1557 0.1907 0.2707 0.3913 0.4820 0.4234 0.2228 0.1562 0.1998 0.2860 0.4118 0.4807 0.4024 0.1931 0.1592 0.2117 0.3065 0.4381 0.4742 0.3626 0.1683 0.1693 0.2348 0.3453 0.4727 0.4503 0.2727 0.1557 0.1934 0.2814 0.4143 0.4788 0.3782 0.1708 0.1694 0.2384 0.3551 0.4782 0.4367 0.2368 0.1517 0.2368 0.4367 0.4782 0.3551 0.2384 0.1694 0.1708 0.3782 0.4788 0.4143 0.2814 0.1934 0.1557 0.2727 0.4503 0.4727 0.3453 0.2348 0.1693 0.1683 0.3626 0.4742 0.4381 0.3065 0.2117 0.1592 0.1931 0.4024 0.4807 0.4118 0.2860 0.1998 0.1562 0.2228 0.4234 0.4820 0.3913 0.2707 0.1907 0.1557 0.2568 0.4396 0.4799 0.3715 0.2562 0.1825 0.1572 0.2919 0.4530 0.4655
0.4541 0.2737 0.1561 0.1867 0.2636 0.3817 0.4814 0.4316 0.2388 0.1557 0.1954 0.2785 0.4018 0.4817 0.4136 0.2072 0.1573 0.2049 0.2943 0.4220 0.4791 0.3911 0.1839 0.1611 0.2163 0.3132 0.4447 0.4721 0.3547 0.1664 0.1704 0.2362 0.3463 0.4727 0.4510 0.2767 0.1558 0.1915 0.2774 0.4081 0.4801 0.3878 0.1755 0.1667 0.2328 0.3465 0.4751 0.4443 0.2497 0.1537 0.1692 0.1537 0.2497 0.4443 0.4751 0.3465 0.2328 0.1667 0.1755 0.3878 0.4801 0.4081 0.2774 0.1915 0.1558 0.2767 0.4510 0.4727 0.3463 0.2362 0.1704 0.1664 0.3547 0.4721 0.4447 0.3132 0.2163 0.1611 0.1839 0.3911 0.4791 0.4220 0.2943 0.2049 0.1573 0.2072 0.4136 0.4817 0.4018 0.2785 0.1954 0.1557 0.2388 0.4316 0.4814 0.3817 0.2636 0.1867 0.1561 0.2737 0.4541
0.2759 0.1558 0.1911 0.2712 0.3921 0.4820 0.4227 0.2216 0.1563 0.2002 0.2866 0.4124 0.4807 0.4026 0.1941 0.1589 0.2102 0.3028 0.4323 0.4767 0.3781 0.1764 0.1637 0.2214 0.3209 0.4520 0.4692 0.3439 0.1640 0.1722 0.2390 0.3495 0.4737 0.4503 0.2767 0.1559 0.1905 0.2749 0.4037 0.4809 0.3952 0.1803 0.1645 0.2280 0.3387 0.4711 0.4503 0.2674 0.1558 0.1939 0.2364 0.1939 0.1558 0.2674 0.4503 0.4711 0.3387 0.2280 0.1645 0.1803 0.3952 0.4809 0.4037 0.2749 0.1905 0.1559 0.2767 0.4503 0.4737 0.3495 0.2390 0.1722 0.1640 0.3439 0.4692 0.4520 0.3209 0.2214 0.1637 0.1764 0.3781 0.4767 0.4323 0.3028 0.2102 0.1589 0.1941 0.4026 0.4807 0.4124 0.2866 0.2002 0.1563 0.2216 0.4227 0.4820 0.3921 0.2712 0.1911 0.1558 0.2759
0.1835 0.1961 0.2791 0.4026 0.4817 0.4128 0.2062 0.1574 0.2053 0.2949 0.4229 0.4789 0.3903 0.1837 0.1611 0.2157 0.3116 0.4420 0.4736 0.3639 0.1703 0.1667 0.2272 0.3294 0.4592 0.4654 0.3309 0.1616 0.1746 0.2431 0.3546 0.4755 0.4481 0.2727 0.1558 0.1905 0.2740 0.4015 0.4812 0.4002 0.1846 0.1628 0.2241 0.3320 0.4668 0.4553 0.2830 0.1559 0.1933 0.2796 0.3530 0.2796 0.1933 0.1559 0.2830 0.4553 0.4668 0.3320 0.2241 0.1628 0.1846 0.4002 0.4812 0.4015 0.2740 0.1905 0.1558 0.2727 0.4481 0.4755 0.3546 0.2431 0.1746 0.1616 0.3309 0.4654 0.4592 0.3294 0.2272 0.1667 0.1703 0.3639 0.4736 0.4420 0.3116 0.2157 0.1611 0.1837 0.3903 0.4789 0.4229 0.2949 0.2053 0.1574 0.2062 0.4128 0.4817 0.4026 0.2791 0.1961 0.1835
0.2170 0.2880 0.4131 0.4806 0.4018 0.1932 0.1590 0.2106 0.3035 0.4330 0.4765 0.3770 0.1758 0.1638 0.2215 0.3206 0.4511 0.4699 0.3488 0.1658 0.1700 0.2334 0.3385 0.4659 0.4608 0.3159 0.1595 0.1776 0.2482 0.3613 0.4776 0.4446 0.2649 0.1557 0.1915 0.2749 0.4015 0.4814 0.4027 0.1876 0.1617 0.2212 0.3268 0.4625 0.4593 0.2966 0.1565 0.1890 0.2753 0.4089 0.4737 0.4089 0.2753 0.1890 0.1565 0.2966 0.4593 0.4625 0.3268 0.2212 0.1617 0.1876 0.4027 0.4814 0.4015 0.2749 0.1915 0.1557 0.2649 0.4446 0.4776 0.3613 0.2482 0.1776 0.1595 0.3159 0.4608 0.4659 0.3385 0.2334 0.1700 0.1658 0.3488 0.4699 0.4511 0.3206 0.2215 0.1638 0.1758 0.3770 0.4765 0.4330 0.3035 0.2106 0.1590 0.1932 0.4018 0.4806 0.4131 0.2880 0.2170
0.2975 0.4250 0.4787 0.3894 0.1831 0.1613 0.2162 0.3123 0.4428 0.4733 0.3627 0.1699 0.1669 0.2275 0.3298 0.4593 0.4656 0.3328 0.1623 0.1734 0.2399 0.3481 0.4716 0.4554 0.2994 0.1577 0.1811 0.2541 0.3692 0.4796 0.4397 0.2540 0.1556 0.1934 0.2774 0.4037 0.4812 0.4027 0.1887 0.1611 0.2193 0.3231 0.4589 0.4622 0.3079 0.1573 0.1856 0.2684 0.3983 0.4790 0.4432 0.4790 0.3983 0.2684 0.1856 0.1573 0.3079 0.4622 0.4589 0.3231 0.2193 0.1611 0.1887 0.4027 0.4812 0.4037 0.2774 0.1934 0.1556 0.2540 0.4397 0.4796 0.3692 0.2541 0.1811 0.1577 0.2994 0.4554 0.4716 0.3481 0.2399 0.1734 0.1623 0.3328 0.4656 0.4593 0.3298 0.2275 0.1669 0.1699 0.3627 0.4733 0.4428 0.3123 0.2162 0.1613 0.1831 0.3894 0.4787 0.4250 0.2975
0.4216 0.4769 0.3760 0.1754 0.1640 0.2220 0.3213 0.4518 0.4696 0.3476 0.1654 0.1702 0.2338 0.3392 0.4663 0.4606 0.3160 0.1596 0.1771 0.2466 0.3579 0.4760 0.4492 0.2817 0.1565 0.1849 0.2607 0.3780 0.4811 0.4334 0.2408 0.1557 0.1962 0.2814 0.4081 0.4809 0.4002 0.1876 0.1611 0.2187 0.3211 0.4565 0.4642 0.3163 0.1582 0.1830 0.2631 0.3896 0.4817 0.4055 0.2809 0.4055 0.4817 0.3896 0.2631 0.1830 0.1582 0.3163 0.4642 0.4565 0.3211 0.2187 0.1611 0.1876 0.4002 0.4809 0.4081 0.2814 0.1962 0.1557 0.2408 0.4334 0.4811 0.3780 0.2607 0.1849 0.1565 0.2817 0.4492 0.4760 0.3579 0.2466 0.1771 0.1596 0.3160 0.4606 0.4663 0.3392 0.2338 0.1702 0.1654 0.3476 0.4696 0.4518 0.3213 0.2220 0.1640 0.1754 0.3760 0.4769 0.4216
0.4771 0.3616 0.1695 0.1672 0.2280 0.3305 0.4599 0.4652 0.3315 0.1620 0.1737 0.2403 0.3488 0.4719 0.4550 0.2985 0.1577 0.1810 0.2537 0.3678 0.4791 0.4423 0.2634 0.1558 0.1891 0.2679 0.3877 0.4819 0.4259 0.2264 0.1561 0.1997 0.2868 0.4143 0.4801 0.3952 0.1846 0.1617 0.2193 0.3211 0.4556 0.4652 0.3216 0.1589 0.1811 0.2589 0.3830 0.4820 0.4144 0.1989 0.1482 0.1989 0.4144 0.4820 0.3830 0.2589 0.1811 0.1589 0.3216 0.4652 0.4556 0.3211 0.2193 0.1617 0.1846 0.3952 0.4801 0.4143 0.2868 0.1997 0.1561 0.2264 0.4259 0.4819 0.3877 0.2679 0.1891 0.1558 0.2634 0.4423 0.4791 0.3678 0.2537 0.1810 0.1577 0.2985 0.4550 0.4719 0.3488 0.2403 0.1737 0.1620 0.3315 0.4652 0.4599 0.3305 0.2280 0.1672 0.1695 0.3616 0.4771
0.3607 0.1653 0.1704 0.2343 0.3399 0.4667 0.4602 0.3147 0.1594 0.1774 0.2471 0.3586 0.4762 0.4488 0.2804 0.1565 0.1851 0.2609 0.3780 0.4810 0.4346 0.2452 0.1556 0.1936 0.2756 0.3980 0.4819 0.4171 0.2119 0.1569 0.2039 0.2933 0.4219 0.4788 0.3878 0.1803 0.1628 0.2212 0.3231 0.4565 0.4652 0.3233 0.1594 0.1799 0.2561 0.3781 0.4818 0.4213 0.2060 0.1563 0.1786 0.1563 0.2060 0.4213 0.4818 0.3781 0.2561 0.1799 0.1594 0.3233 0.4652 0.4565 0.3231 0.2212 0.1628 0.1803 0.3878 0.4788 0.4219 0.2933 0.2039 0.1569 0.2119 0.4171 0.4819 0.3980 0.2756 0.1936 0.1556 0.2452 0.4346 0.4810 0.3780 0.2609 0.1851 0.1565 0.2804 0.4488 0.4762 0.3586 0.2471 0.1774 0.1594 0.3147 0.4602 0.4667 0.3399 0.2343 0.1704 0.1653 0.3607
0.1899 0.1742 0.2408 0.3496 0.4723 0.4546 0.2971 0.1576 0.1813 0.2542 0.3686 0.4792 0.4418 0.2621 0.1558 0.1895 0.2685 0.3883 0.4819 0.4261 0.2276 0.1560 0.1984 0.2836 0.4085 0.4812 0.4068 0.1985 0.1583 0.2086 0.3006 0.4303 0.4770 0.3782 0.1755 0.1645 0.2241 0.3268 0.4589 0.4642 0.3216 0.1594 0.1794 0.2547 0.3751 0.4814 0.4257 0.2149 0.1579 0.2075 0.2554 0.2075 0.1579 0.2149 0.4257 0.4814 0.3751 0.2547 0.1794 0.1594 0.3216 0.4642 0.4589 0.3268 0.2241 0.1645 0.1755 0.3782 0.4770 0.4303 0.3006 0.2086 0.1583 0.1985 0.4068 0.4812 0.4085 0.2836 0.1984 0.1560 0.2276 0.4261 0.4819 0.3883 0.2685 0.1895 0.1558 0.2621 0.4418 0.4792 0.3686 0.2542 0.1813 0.1576 0.2971 0.4546 0.4723 0.3496 0.2408 0.1742 0.1899
0.1988 0.2482 0.3593 0.4765 0.4482 0.2790 0.1564 0.1854 0.2615 0.3787 0.4811 0.4340 0.2439 0.1556 0.1940 0.2762 0.3988 0.4819 0.4165 0.2115 0.1569 0.2034 0.2919 0.4191 0.4796 0.3950 0.1872 0.1602 0.2138 0.3087 0.4392 0.4744 0.3666 0.1708 0.1667 0.2280 0.3320 0.4625 0.4622 0.3163 0.1589 0.1799 0.2547 0.3741 0.4812 0.4284 0.2212 0.1570 0.2082 0.3044 0.3833 0.3044 0.2082 0.1570 0.2211 0.4283 0.4812 0.3741 0.2547 0.1799 0.1589 0.3163 0.4622 0.4625 0.3320 0.2280 0.1667 0.1708 0.3666 0.4744 0.4392 0.3087 0.2138 0.1602 0.1872 0.3950 0.4796 0.4191 0.2919 0.2034 0.1569 0.2115 0.4165 0.4819 0.3988 0.2762 0.1940 0.1556 0.2439 0.4340 0.4811 0.3787 0.2615 0.1854 0.1564 0.2790 0.4482 0.4765 0.3593 0.2482 0.1988
0.2624 0.3704 0.4793 0.4412 0.2606 0.1557 0.1898 0.2690 0.3891 0.4819 0.4254 0.2264 0.1561 0.1988 0.2843 0.4094 0.4811 0.4059 0.1976 0.1584 0.2086 0.3003 0.4294 0.4774 0.3820 0.1785 0.1628 0.2194 0.3173 0.4481 0.4712 0.3533 0.1667 0.1694 0.2328 0.3387 0.4668 0.4593 0.3079 0.1582 0.1811 0.2561 0.3751 0.4812 0.4293 0.2245 0.1566 0.2057 0.3020 0.4397 0.4778 0.4397 0.3020 0.2057 0.1566 0.2244 0.4292 0.4812 0.3751 0.2561 0.1811 0.1582 0.3079 0.4593 0.4668 0.3387 0.2328 0.1694 0.1667 0.3533 0.4712 0.4481 0.3173 0.2194 0.1628 0.1785 0.3820 0.4774 0.4294 0.3003 0.2086 0.1584 0.1976 0.4059 0.4811 0.4094 0.2843 0.1988 0.1561 0.2264 0.4254 0.4819 0.3891 0.2690 0.1898 0.1557 0.2606 0.4412 0.4793 0.3704 0.2624
0.3714 0.4822 0.4334 0.2425 0.1556 0.1943 0.2768 0.3996 0.4819 0.4158 0.2104 0.1570 0.2038 0.2925 0.4199 0.4795 0.3940 0.1864 0.1604 0.2141 0.3090 0.4393 0.4746 0.3681 0.1719 0.1658 0.2253 0.3265 0.4565 0.4672 0.3384 0.1633 0.1724 0.2384 0.3465 0.4711 0.4553 0.2966 0.1573 0.1830 0.2589 0.3781 0.4814 0.4284 0.2245 0.1565 0.2045 0.2988 0.4345 0.4714 0.4187 0.4714 0.4345 0.2988 0.2045 0.1565 0.2244 0.4283 0.4814 0.3781 0.2589 0.1830 0.1573 0.2966 0.4553 0.4711 0.3465 0.2384 0.1724 0.1633 0.3384 0.4672 0.4565 0.3265 0.2253 0.1658 0.1719 0.3681 0.4746 0.4393 0.3090 0.2141 0.1604 0.1864 0.3940 0.4795 0.4199 0.2925 0.2038 0.1570 0.2104 0.4158 0.4819 0.3996 0.2768 0.1943 0.1556 0.2425 0.4334 0.4822 0.3714
0.4800 0.4247 0.2251 0.1561 0.1991 0.2848 0.4101 0.4810 0.4051 0.1967 0.1585 0.2091 0.3010 0.4302 0.4772 0.3809 0.1779 0.1630 0.2198 0.3180 0.4486 0.4710 0.3532 0.1669 0.1690 0.2315 0.3358 0.4639 0.4625 0.3221 0.1604 0.1758 0.2445 0.3551 0.4751 0.4503 0.2830 0.1565 0.1856 0.2631 0.3830 0.4818 0.4257 0.2212 0.1566 0.2045 0.2978 0.4318 0.4747 0.3624 0.2196 0.3624 0.4748 0.4318 0.2978 0.2045 0.1566 0.2211 0.4257 0.4818 0.3830 0.2631 0.1856 0.1565 0.2830 0.4503 0.4751 0.3551 0.2445 0.1758 0.1604 0.3221 0.4625 0.4639 0.3358 0.2315 0.1690 0.1669 0.3532 0.4710 0.4486 0.3180 0.2198 0.1630 0.1779 0.3809 0.4772 0.4302 0.3010 0.2091 0.1585 0.1967 0.4051 0.4810 0.4101 0.2849 0.1991 0.1561 0.2251 0.4247 0.4800
0.4250 0.2093 0.1571 0.2042 0.2931 0.4206 0.4794 0.3931 0.1857 0.1606 0.2145 0.3097 0.4400 0.4743 0.3669 0.1715 0.1660 0.2258 0.3271 0.4570 0.4669 0.3375 0.1632 0.1724 0.2380 0.3453 0.4700 0.4571 0.3049 0.1583 0.1796 0.2511 0.3644 0.4782 0.4443 0.2675 0.1559 0.1889 0.2683 0.3895 0.4820 0.4213 0.2150 0.1570 0.2056 0.2987 0.4317 0.4754 0.3633 0.1669 0.1509 0.1669 0.3632 0.4755 0.4318 0.2988 0.2057 0.1570 0.2149 0.4213 0.4820 0.3896 0.2684 0.1890 0.1559 0.2674 0.4443 0.4782 0.3644 0.2512 0.1796 0.1583 0.3048 0.4571 0.4701 0.3453 0.2380 0.1725 0.1632 0.3375 0.4669 0.4571 0.3272 0.2258 0.1661 0.1715 0.3669 0.4743 0.4401 0.3098 0.2146 0.1606 0.1857 0.3930 0.4794 0.4206 0.2932 0.2042 0.1571 0.2093 0.4250
0.2213 0.1588 0.2094 0.3016 0.4309 0.4770 0.3800 0.1774 0.1632 0.2203 0.3187 0.4493 0.4707 0.3520 0.1666 0.1692 0.2320 0.3365 0.4644 0.4621 0.3209 0.1603 0.1760 0.2447 0.3550 0.4748 0.4511 0.2870 0.1568 0.1836 0.2582 0.3743 0.4804 0.4374 0.2510 0.1556 0.1927 0.2745 0.3975 0.4819 0.4151 0.2068 0.1576 0.2076 0.3012 0.4337 0.4751 0.3641 0.1679 0.1676 0.1973 0.1679 0.1678 0.3632 0.4748 0.4345 0.3020 0.2082 0.1579 0.2060 0.4144 0.4817 0.3983 0.2753 0.1933 0.1558 0.2497 0.4367 0.4804 0.3750 0.2589 0.1841 0.1570 0.2862 0.4506 0.4750 0.3557 0.2453 0.1765 0.1604 0.3201 0.4616 0.4648 0.3372 0.2326 0.1696 0.1666 0.3513 0.4703 0.4498 0.3194 0.2209 0.1636 0.1772 0.3793 0.4767 0.4315 0.3023 0.2100 0.1591 0.2210
0.1865 0.2154 0.3103 0.4407 0.4741 0.3659 0.1711 0.1662 0.2263 0.3278 0.4577 0.4666 0.3362 0.1629 0.1727 0.2384 0.3460 0.4704 0.4567 0.3036 0.1582 0.1799 0.2516 0.3650 0.4783 0.4444 0.2687 0.1559 0.1878 0.2657 0.3845 0.4817 0.4293 0.2338 0.1558 0.1969 0.2814 0.4063 0.4813 0.4072 0.1975 0.1586 0.2105 0.3051 0.4374 0.4742 0.3614 0.1676 0.1706 0.2354 0.2914 0.2311 0.1679 0.1669 0.3624 0.4714 0.4397 0.3044 0.2075 0.1563 0.1989 0.4055 0.4790 0.4089 0.2796 0.1939 0.1537 0.2368 0.4268 0.4800 0.3866 0.2632 0.1847 0.1542 0.2726 0.4415 0.4773 0.3663 0.2488 0.1768 0.1567 0.3073 0.4537 0.4704 0.3466 0.2354 0.1698 0.1619 0.3393 0.4636 0.4586 0.3276 0.2230 0.1635 0.1707 0.3674 0.4712 0.4424 0.3092 0.2120 0.1843
0.2336 0.3203 0.4499 0.4705 0.3509 0.1663 0.1695 0.2325 0.3372 0.4649 0.4617 0.3196 0.1601 0.1763 0.2452 0.3558 0.4751 0.4506 0.2856 0.1568 0.1840 0.2589 0.3751 0.4806 0.4369 0.2504 0.1556 0.1924 0.2734 0.3950 0.4820 0.4201 0.2172 0.1566 0.2017 0.2891 0.4158 0.4801 0.3974 0.1885 0.1602 0.2143 0.3106 0.4426 0.4726 0.3557 0.1664 0.1709 0.2396 0.3538 0.4013 0.2906 0.1972 0.1509 0.2196 0.4187 0.4778 0.3833 0.2554 0.1786 0.1482 0.2809 0.4432 0.4737 0.3530 0.2364 0.1692 0.1517 0.3193 0.4558 0.4645 0.3318 0.2232 0.1627 0.1588 0.3493 0.4645 0.4506 0.3126 0.2116 0.1571 0.1714 0.3757 0.4711 0.4325 0.2946 0.2010 0.1526 0.1930 0.3985 0.4755 0.4119 0.2776 0.1914 0.1495 0.2235 0.4176 0.4776 0.3904 0.2629 0.2029
0.3265 0.4598 0.4659 0.3346 0.1627 0.1732 0.2393 0.3472 0.4710 0.4560 0.3017 0.1581 0.1804 0.2525 0.3661 0.4785 0.4436 0.2669 0.1560 0.1885 0.2667 0.3857 0.4817 0.4283 0.2321 0.1560 0.1973 0.2817 0.4059 0.4814 0.4096 0.2021 0.1580 0.2071 0.2977 0.4261 0.4781 0.3856 0.1803 0.1625 0.2191 0.3176 0.4492 0.4701 0.3470 0.1646 0.1722 0.2402 0.3552 0.4499 0.3368 0.2330 0.1676 0.1669 0.3624 0.4714 0.4397 0.3044 0.2075 0.1563 0.1989 0.4055 0.4790 0.4089 0.2796 0.1939 0.1537 0.2368 0.4268 0.4800 0.3866 0.2632 0.1847 0.1542 0.2726 0.4415 0.4773 0.3663 0.2488 0.1768 0.1567 0.3073 0.4537 0.4704 0.3466 0.2354 0.1698 0.1619 0.3393 0.4636 0.4586 0.3276 0.2230 0.1635 0.1707 0.3674 0.4712 0.4424 0.3092 0.2120 0.1843
0.4545 0.4597 0.3201 0.1592 0.1751 0.2445 0.3577 0.4749 0.4481 0.2859 0.1557 0.1827 0.2583 0.3773 0.4796 0.4345 0.2506 0.1545 0.1911 0.2732 0.3973 0.4805 0.4181 0.2171 0.1554 0.2004 0.2890 0.4175 0.4784 0.3982 0.1906 0.1583 0.2106 0.3058 0.4369 0.4737 0.3739 0.1736 0.1636 0.2226 0.3253 0.4562 0.4654 0.3376 0.1620 0.1730 0.2417 0.3562 0.4759 0.4845 0.2338 0.1684 0.1677 0.3632 0.4748 0.4345 0.3020 0.2082 0.1579 0.2060 0.4144 0.4817 0.3983 0.2753 0.1933 0.1558 0.2497 0.4367 0.4804 0.3750 0.2589 0.1841 0.1570 0.2862 0.4506 0.4750 0.3557 0.2453 0.1765 0.1604 0.3201 0.4616 0.4648 0.3372 0.2326 0.1696 0.1666 0.3513 0.4703 0.4498 0.3194 0.2209 0.1636 0.1772 0.3793 0.4767 0.4315 0.3023 0.2100 0.1591 0.2210
0.4692 0.3514 0.1608 0.1624 0.2225 0.3306 0.4640 0.4568 0.3227 0.1535 0.1687 0.2351 0.3506 0.4731 0.4459 0.2902 0.1499 0.1757 0.2488 0.3714 0.4774 0.4325 0.2557 0.1489 0.1837 0.2636 0.3929 0.4780 0.4163 0.2213 0.1500 0.1926 0.2798 0.4148 0.4756 0.3958 0.1898 0.1536 0.2039 0.3003 0.4399 0.4692 0.3627 0.1647 0.1618 0.2229 0.3341 0.4687 0.4500 0.3668 0.1608 0.1661 0.3629 0.4755 0.4318 0.2988 0.2057 0.1570 0.2149 0.4213 0.4820 0.3896 0.2684 0.1890 0.1559 0.2674 0.4443 0.4782 0.3644 0.2512 0.1796 0.1583 0.3048 0.4571 0.4701 0.3453 0.2380 0.1725 0.1632 0.3375 0.4669 0.4571 0.3272 0.2258 0.1661 0.1715 0.3669 0.4743 0.4401 0.3098 0.2146 0.1606 0.1857 0.3930 0.4794 0.4206 0.2932 0.2042 0.1571 0.2093 0.4250
0.4778 0.4222 0.2303 0.1532 0.1946 0.2816 0.4130 0.4782 0.4031 0.1995 0.1552 0.2044 0.2985 0.4329 0.4740 0.3810 0.1785 0.1593 0.2152 0.3164 0.4507 0.4675 0.3551 0.1662 0.1651 0.2270 0.3352 0.4648 0.4588 0.3258 0.1589 0.1718 0.2402 0.3560 0.4748 0.4464 0.2877 0.1542 0.1814 0.2593 0.3855 0.4799 0.4221 0.2251 0.1536 0.2000 0.2952 0.4354 0.4711 0.3625 0.2230 0.3617 0.4748 0.4318 0.2978 0.2045 0.1566 0.2211 0.4257 0.4818 0.3830 0.2631 0.1856 0.1565 0.2830 0.4503 0.4751 0.3551 0.2445 0.1758 0.1604 0.3221 0.4625 0.4639 0.3358 0.2315 0.1690 0.1669 0.3532 0.4710 0.4486 0.3180 0.2198 0.1630 0.1779 0.3809 0.4772 0.4302 0.3010 0.2091 0.1585 0.1967 0.4051 0.4810 0.4101 0.2849 0.1991 0.1561 0.2251 0.4247 0.4800
0.3721 0.4821 0.4325 0.2413 0.1560 0.1951 0.2779 0.4007 0.4816 0.4148 0.2094 0.1574 0.2046 0.2935 0.4209 0.4791 0.3931 0.1859 0.1609 0.2150 0.3101 0.4402 0.4740 0.3670 0.1717 0.1663 0.2262 0.3275 0.4572 0.4666 0.3371 0.1633 0.1731 0.2394 0.3477 0.4716 0.4544 0.2951 0.1575 0.1838 0.2601 0.3794 0.4814 0.4272 0.2230 0.1570 0.2055 0.3001 0.4358 0.4706 0.4180 0.4714 0.4345 0.2988 0.2045 0.1565 0.2244 0.4283 0.4814 0.3781 0.2589 0.1830 0.1573 0.2966 0.4553 0.4711 0.3465 0.2384 0.1724 0.1633 0.3384 0.4672 0.4565 0.3265 0.2253 0.1658 0.1719 0.3681 0.4746 0.4393 0.3090 0.2141 0.1604 0.1864 0.3940 0.4795 0.4199 0.2925 0.2038 0.1570 0.2104 0.4158 0.4819 0.3996 0.2768 0.1943 0.1556 0.2425 0.4334 0.4822 0.3714
