0.0062 0.0562 0.3991 1.0000 1.0000 0.0005 0.0038 0.0273 0.1941 1.0000 1.0000 0.0003 0.0019 0.0132 0.0942 0.6707 1.0000 1.0000 0.0009 0.0064 0.0457 0.3256 1.0000 1.0000 0.0004 0.0031 0.0222 0.1578 1.0000 1.0000 0.0002 0.0015 0.0107 0.0766 0.5441 1.0000 1.0000 0.0007 0.0052 0.0371 0.2641 1.0000 1.0000 0.0004 0.0025 0.0180 0.1282 0.9128 1.0000 1.0000 0.0006 1.0000 1.0000 0.9128 0.1282 0.0180 0.0025 0.0004 1.0000 1.0000 0.2641 0.0371 0.0052 0.0007 1.0000 1.0000 0.5441 0.0766 0.0107 0.0015 0.0002 1.0000 1.0000 0.1578 0.0222 0.0031 0.0004 1.0000 1.0000 0.3256 0.0457 0.0064 0.0009 1.0000 1.0000 0.6707 0.0942 0.0132 0.0019 0.0003 1.0000 1.0000 0.1941 0.0273 0.0038 0.0005 1.0000 1.0000 0.3991 0.0562 0.0062
0.0562 0.4709 1.0000 1.0000 0.0006 0.0042 0.0299 0.2127 1.0000 1.0000 0.0003 0.0020 0.0145 0.1032 0.7335 1.0000 1.0000 0.0010 0.0070 0.0500 0.3561 1.0000 1.0000 0.0005 0.0034 0.0243 0.1725 1.0000 1.0000 1.0000 0.0017 0.0118 0.0837 0.5961 1.0000 1.0000 0.0008 0.0057 0.0406 0.2894 1.0000 1.0000 0.0004 0.0028 0.0197 0.1402 0.9981 1.0000 1.0000 0.0014 0.0046 0.0014 1.0000 1.0000 0.9981 0.1402 0.0197 0.0028 0.0004 1.0000 1.0000 0.2894 0.0406 0.0057 0.0008 1.0000 1.0000 0.5961 0.0837 0.0118 0.0017 1.0000 1.0000 1.0000 0.1725 0.0243 0.0034 0.0005 1.0000 1.0000 0.3561 0.0500 0.0070 0.0010 1.0000 1.0000 0.7335 0.1032 0.0145 0.0020 0.0003 1.0000 1.0000 0.2127 0.0299 0.0042 0.0006 1.0000 1.0000 0.4709 0.0562
0.3991 1.0000 1.0000 0.0005 0.0037 0.0261 0.1840 1.0000 1.0000 0.0002 0.0017 0.0124 0.0883 0.6287 1.0000 1.0000 0.0008 0.0060 0.0428 0.3046 1.0000 1.0000 0.0004 0.0029 0.0208 0.1479 1.0000 1.0000 1.0000 0.0014 0.0101 0.0717 0.5101 1.0000 1.0000 0.0007 0.0049 0.0348 0.2476 1.0000 1.0000 0.0003 0.0024 0.0169 0.1200 0.8540 1.0000 1.0000 0.0012 0.0085 0.0281 0.0085 0.0012 1.0000 1.0000 0.8540 0.1200 0.0169 0.0024 0.0003 1.0000 1.0000 0.2476 0.0348 0.0049 0.0007 1.0000 1.0000 0.5101 0.0717 0.0101 0.0014 1.0000 1.0000 1.0000 0.1479 0.0208 0.0029 0.0004 1.0000 1.0000 0.3046 0.0428 0.0060 0.0008 1.0000 1.0000 0.6287 0.0883 0.0124 0.0017 0.0002 1.0000 1.0000 0.1840 0.0261 0.0037 0.0005 1.0000 1.0000 0.3991
1.0000 1.0000 0.0005 0.0036 0.0241 0.1667 1.0000 1.0000 1.0000 0.0015 0.0108 0.0770 0.5483 1.0000 1.0000 0.0007 0.0052 0.0373 0.2657 1.0000 1.0000 0.0004 0.0025 0.0181 0.1287 0.9162 1.0000 1.0000 0.0012 0.0088 0.0625 0.4448 1.0000 1.0000 0.0006 0.0043 0.0303 0.2155 1.0000 1.0000 0.0003 0.0021 0.0147 0.1046 0.7447 1.0000 1.0000 0.0010 0.0072 0.0527 0.1738 0.0527 0.0072 0.0010 1.0000 1.0000 0.7447 0.1046 0.0147 0.0021 0.0003 1.0000 1.0000 0.2155 0.0303 0.0043 0.0006 1.0000 1.0000 0.4448 0.0625 0.0088 0.0012 1.0000 1.0000 0.9162 0.1287 0.0181 0.0025 0.0004 1.0000 1.0000 0.2657 0.0373 0.0052 0.0007 1.0000 1.0000 0.5483 0.0770 0.0108 0.0015 1.0000 1.0000 1.0000 0.1667 0.0241 0.0036 0.0005 1.0000 1.0000
1.0000 0.0006 0.0037 0.0241 0.1602 1.0000 1.0000 1.0000 0.0014 0.0095 0.0676 0.4790 1.0000 1.0000 0.0006 0.0046 0.0325 0.2312 1.0000 1.0000 0.0003 0.0022 0.0157 0.1120 0.7975 1.0000 1.0000 0.0011 0.0076 0.0544 0.3871 1.0000 1.0000 0.0005 0.0037 0.0264 0.1876 1.0000 1.0000 0.0003 0.0018 0.0128 0.0911 0.6482 1.0000 1.0000 0.0009 0.0062 0.0446 0.3268 1.0000 0.3268 0.0446 0.0062 0.0009 1.0000 1.0000 0.6482 0.0911 0.0128 0.0018 0.0003 1.0000 1.0000 0.1876 0.0264 0.0037 0.0005 1.0000 1.0000 0.3871 0.0544 0.0076 0.0011 1.0000 1.0000 0.7975 0.1120 0.0157 0.0022 0.0003 1.0000 1.0000 0.2312 0.0325 0.0046 0.0006 1.0000 1.0000 0.4790 0.0676 0.0095 0.0014 1.0000 1.0000 1.0000 0.1602 0.0241 0.0037 0.0006 1.0000
0.0005 0.0042 0.0261 0.1667 1.0000 1.0000 1.0000 0.0012 0.0086 0.0602 0.4233 1.0000 1.0000 0.0006 0.0040 0.0283 0.2012 1.0000 1.0000 0.0003 0.0019 0.0137 0.0975 0.6941 1.0000 1.0000 0.0009 0.0066 0.0473 0.3369 1.0000 1.0000 0.0005 0.0032 0.0229 0.1633 1.0000 1.0000 1.0000 0.0016 0.0111 0.0793 0.5641 1.0000 1.0000 0.0008 0.0054 0.0385 0.2765 1.0000 1.0000 1.0000 0.2765 0.0385 0.0054 0.0008 1.0000 1.0000 0.5641 0.0793 0.0111 0.0016 1.0000 1.0000 1.0000 0.1633 0.0229 0.0032 0.0005 1.0000 1.0000 0.3369 0.0473 0.0066 0.0009 1.0000 1.0000 0.6941 0.0975 0.0137 0.0019 0.0003 1.0000 1.0000 0.2012 0.0283 0.0040 0.0006 1.0000 1.0000 0.4233 0.0602 0.0086 0.0012 1.0000 1.0000 1.0000 0.1667 0.0261 0.0042 0.0005
0.0038 0.0299 0.1840 1.0000 1.0000 1.0000 0.0012 0.0081 0.0554 0.3835 1.0000 1.0000 0.0005 0.0035 0.0247 0.1755 1.0000 1.0000 0.0002 0.0017 0.0119 0.0849 0.6041 1.0000 1.0000 0.0008 0.0058 0.0412 0.2933 1.0000 1.0000 0.0004 0.0028 0.0200 0.1421 1.0000 1.0000 1.0000 0.0014 0.0097 0.0690 0.4910 1.0000 1.0000 0.0007 0.0047 0.0334 0.2379 1.0000 1.0000 1.0000 1.0000 1.0000 0.2379 0.0334 0.0047 0.0007 1.0000 1.0000 0.4910 0.0690 0.0097 0.0014 1.0000 1.0000 1.0000 0.1421 0.0200 0.0028 0.0004 1.0000 1.0000 0.2933 0.0412 0.0058 0.0008 1.0000 1.0000 0.6041 0.0849 0.0119 0.0017 0.0002 1.0000 1.0000 0.1755 0.0247 0.0035 0.0005 1.0000 1.0000 0.3835 0.0554 0.0081 0.0012 1.0000 1.0000 1.0000 0.1840 0.0299 0.0038
0.0273 0.2127 1.0000 1.0000 1.0000 0.0012 0.0081 0.0538 0.3622 1.0000 1.0000 0.0004 0.0031 0.0218 0.1542 1.0000 1.0000 1.0000 0.0015 0.0104 0.0739 0.5258 1.0000 1.0000 0.0007 0.0050 0.0359 0.2553 1.0000 1.0000 0.0003 0.0024 0.0174 0.1237 0.8804 1.0000 1.0000 0.0012 0.0084 0.0600 0.4274 1.0000 1.0000 0.0006 0.0041 0.0291 0.2071 1.0000 1.0000 0.0003 0.0010 0.0003 1.0000 1.0000 0.2071 0.0291 0.0041 0.0006 1.0000 1.0000 0.4274 0.0600 0.0084 0.0012 1.0000 1.0000 0.8804 0.1237 0.0174 0.0024 0.0003 1.0000 1.0000 0.2553 0.0359 0.0050 0.0007 1.0000 1.0000 0.5258 0.0739 0.0104 0.0015 1.0000 1.0000 1.0000 0.1542 0.0218 0.0031 0.0004 1.0000 1.0000 0.3622 0.0538 0.0081 0.0012 1.0000 1.0000 1.0000 0.2127 0.0273
0.1941 1.0000 1.0000 1.0000 0.0014 0.0086 0.0554 0.3622 1.0000 1.0000 0.0004 0.0028 0.0197 0.1376 0.9663 1.0000 1.0000 0.0013 0.0091 0.0644 0.4577 1.0000 1.0000 0.0006 0.0044 0.0312 0.2222 1.0000 1.0000 0.0003 0.0021 0.0151 0.1076 0.7662 1.0000 1.0000 0.0010 0.0073 0.0523 0.3720 1.0000 1.0000 0.0005 0.0036 0.0253 0.1802 1.0000 1.0000 0.0002 0.0018 0.0059 0.0018 0.0002 1.0000 1.0000 0.1802 0.0253 0.0036 0.0005 1.0000 1.0000 0.3720 0.0523 0.0073 0.0010 1.0000 1.0000 0.7662 0.1076 0.0151 0.0021 0.0003 1.0000 1.0000 0.2222 0.0312 0.0044 0.0006 1.0000 1.0000 0.4577 0.0644 0.0091 0.0013 1.0000 1.0000 0.9663 0.1376 0.0197 0.0028 0.0004 1.0000 1.0000 0.3622 0.0554 0.0086 0.0014 1.0000 1.0000 1.0000 0.1941
1.0000 1.0000 0.0002 0.0015 0.0095 0.0602 0.3835 1.0000 1.0000 0.0004 0.0027 0.0183 0.1258 0.8737 1.0000 1.0000 0.0011 0.0080 0.0564 0.3998 1.0000 1.0000 0.0005 0.0038 0.0272 0.1934 1.0000 1.0000 0.0003 0.0018 0.0132 0.0937 0.6669 1.0000 1.0000 0.0009 0.0064 0.0455 0.3238 1.0000 1.0000 0.0004 0.0031 0.0220 0.1569 1.0000 1.0000 1.0000 0.0015 0.0111 0.0367 0.0111 0.0015 1.0000 1.0000 1.0000 0.1569 0.0220 0.0031 0.0004 1.0000 1.0000 0.3238 0.0455 0.0064 0.0009 1.0000 1.0000 0.6669 0.0937 0.0132 0.0018 0.0003 1.0000 1.0000 0.1934 0.0272 0.0038 0.0005 1.0000 1.0000 0.3998 0.0564 0.0080 0.0011 1.0000 1.0000 0.8737 0.1258 0.0183 0.0027 0.0004 1.0000 1.0000 0.3835 0.0602 0.0095 0.0015 0.0002 1.0000 1.0000
1.0000 0.0003 0.0017 0.0108 0.0676 0.4233 1.0000 1.0000 0.0004 0.0027 0.0178 0.1200 0.8159 1.0000 1.0000 0.0010 0.0071 0.0497 0.3513 1.0000 1.0000 0.0005 0.0033 0.0236 0.1683 1.0000 1.0000 1.0000 0.0016 0.0115 0.0815 0.5805 1.0000 1.0000 0.0008 0.0056 0.0396 0.2818 1.0000 1.0000 0.0004 0.0027 0.0192 0.1365 0.9719 1.0000 1.0000 0.0013 0.0094 0.0688 0.2269 0.0688 0.0094 0.0013 1.0000 1.0000 0.9719 0.1365 0.0192 0.0027 0.0004 1.0000 1.0000 0.2818 0.0396 0.0056 0.0008 1.0000 1.0000 0.5805 0.0815 0.0115 0.0016 1.0000 1.0000 1.0000 0.1683 0.0236 0.0033 0.0005 1.0000 1.0000 0.3513 0.0497 0.0071 0.0010 1.0000 1.0000 0.8159 0.1200 0.0178 0.0027 0.0004 1.0000 1.0000 0.4233 0.0676 0.0108 0.0017 0.0003 1.0000
0.0003 0.0020 0.0124 0.0770 0.4790 1.0000 1.0000 0.0004 0.0028 0.0183 0.1200 0.7944 1.0000 1.0000 0.0009 0.0064 0.0446 0.3129 1.0000 1.0000 0.0004 0.0029 0.0206 0.1468 1.0000 1.0000 1.0000 0.0014 0.0100 0.0710 0.5052 1.0000 1.0000 0.0007 0.0048 0.0345 0.2453 1.0000 1.0000 0.0003 0.0023 0.0167 0.1188 0.8459 1.0000 1.0000 0.0011 0.0081 0.0582 0.4266 1.0000 0.4266 0.0582 0.0081 0.0011 1.0000 1.0000 0.8459 0.1188 0.0167 0.0023 0.0003 1.0000 1.0000 0.2453 0.0345 0.0048 0.0007 1.0000 1.0000 0.5052 0.0710 0.0100 0.0014 1.0000 1.0000 1.0000 0.1468 0.0206 0.0029 0.0004 1.0000 1.0000 0.3129 0.0446 0.0064 0.0009 1.0000 1.0000 0.7944 0.1200 0.0183 0.0028 0.0004 1.0000 1.0000 0.4790 0.0770 0.0124 0.0020 0.0003
0.0019 0.0145 0.0883 0.5483 1.0000 1.0000 0.0005 0.0031 0.0197 0.1258 0.8159 1.0000 1.0000 0.0009 0.0060 0.0412 0.2845 1.0000 1.0000 0.0004 0.0026 0.0181 0.1282 0.9110 1.0000 1.0000 0.0012 0.0087 0.0618 0.4397 1.0000 1.0000 0.0006 0.0042 0.0300 0.2135 1.0000 1.0000 0.0003 0.0020 0.0145 0.1034 0.7362 1.0000 1.0000 0.0010 0.0071 0.0502 0.3608 1.0000 1.0000 1.0000 0.3608 0.0502 0.0071 0.0010 1.0000 1.0000 0.7362 0.1034 0.0145 0.0020 0.0003 1.0000 1.0000 0.2135 0.0300 0.0042 0.0006 1.0000 1.0000 0.4397 0.0618 0.0087 0.0012 1.0000 1.0000 0.9110 0.1282 0.0181 0.0026 0.0004 1.0000 1.0000 0.2845 0.0412 0.0060 0.0009 1.0000 1.0000 0.8159 0.1258 0.0197 0.0031 0.0005 1.0000 1.0000 0.5483 0.0883 0.0145 0.0019
0.0132 0.1032 0.6287 1.0000 1.0000 0.0006 0.0035 0.0218 0.1376 0.8737 1.0000 1.0000 0.0009 0.0059 0.0394 0.2672 1.0000 1.0000 0.0003 0.0023 0.0160 0.1131 0.8005 1.0000 1.0000 0.0011 0.0076 0.0538 0.3827 1.0000 1.0000 0.0005 0.0037 0.0261 0.1858 1.0000 1.0000 0.0002 0.0018 0.0126 0.0900 0.6408 1.0000 1.0000 0.0009 0.0061 0.0437 0.3111 1.0000 1.0000 1.0000 1.0000 1.0000 0.3111 0.0437 0.0061 0.0009 1.0000 1.0000 0.6408 0.0900 0.0126 0.0018 0.0002 1.0000 1.0000 0.1858 0.0261 0.0037 0.0005 1.0000 1.0000 0.3827 0.0538 0.0076 0.0011 1.0000 1.0000 0.8005 0.1131 0.0160 0.0023 0.0003 1.0000 1.0000 0.2672 0.0394 0.0059 0.0009 1.0000 1.0000 0.8737 0.1376 0.0218 0.0035 0.0006 1.0000 1.0000 0.6287 0.1032 0.0132
0.0942 0.7335 1.0000 1.0000 0.0006 0.0040 0.0247 0.1542 0.9663 1.0000 1.0000 0.0009 0.0060 0.0394 0.2611 1.0000 1.0000 0.0003 0.0021 0.0145 0.1011 0.7101 1.0000 1.0000 0.0009 0.0066 0.0470 0.3338 1.0000 1.0000 0.0004 0.0032 0.0227 0.1617 1.0000 1.0000 1.0000 0.0015 0.0110 0.0784 0.5577 1.0000 1.0000 0.0008 0.0053 0.0380 0.2708 1.0000 1.0000 0.0004 0.0012 0.0004 1.0000 1.0000 0.2708 0.0380 0.0053 0.0008 1.0000 1.0000 0.5577 0.0784 0.0110 0.0015 1.0000 1.0000 1.0000 0.1617 0.0227 0.0032 0.0004 1.0000 1.0000 0.3338 0.0470 0.0066 0.0009 1.0000 1.0000 0.7101 0.1011 0.0145 0.0021 0.0003 1.0000 1.0000 0.2611 0.0394 0.0060 0.0009 1.0000 1.0000 0.9663 0.1542 0.0247 0.0040 0.0006 1.0000 1.0000 0.7335 0.0942
0.6707 1.0000 1.0000 0.0007 0.0046 0.0283 0.1755 1.0000 1.0000 1.0000 0.0010 0.0064 0.0412 0.2672 1.0000 1.0000 0.0003 0.0020 0.0134 0.0925 0.6420 1.0000 1.0000 0.0008 0.0058 0.0412 0.2922 1.0000 1.0000 0.0004 0.0028 0.0198 0.1408 1.0000 1.0000 1.0000 0.0013 0.0096 0.0682 0.4854 1.0000 1.0000 0.0007 0.0047 0.0331 0.2357 1.0000 1.0000 0.0003 0.0023 0.0077 0.0023 0.0003 1.0000 1.0000 0.2357 0.0331 0.0047 0.0007 1.0000 1.0000 0.4854 0.0682 0.0096 0.0013 1.0000 1.0000 1.0000 0.1408 0.0198 0.0028 0.0004 1.0000 1.0000 0.2922 0.0412 0.0058 0.0008 1.0000 1.0000 0.6420 0.0925 0.0134 0.0020 0.0003 1.0000 1.0000 0.2672 0.0412 0.0064 0.0010 1.0000 1.0000 1.0000 0.1755 0.0283 0.0046 0.0007 1.0000 1.0000 0.6707
1.0000 1.0000 0.0008 0.0052 0.0325 0.2012 1.0000 1.0000 1.0000 0.0011 0.0071 0.0446 0.2845 1.0000 1.0000 0.0003 0.0019 0.0129 0.0872 0.5950 1.0000 1.0000 0.0007 0.0052 0.0365 0.2572 1.0000 1.0000 0.0003 0.0024 0.0172 0.1225 0.8720 1.0000 1.0000 0.0012 0.0083 0.0594 0.4225 1.0000 1.0000 0.0006 0.0040 0.0288 0.2051 1.0000 1.0000 0.0003 0.0020 0.0145 0.0479 0.0145 0.0020 0.0003 1.0000 1.0000 0.2051 0.0288 0.0040 0.0006 1.0000 1.0000 0.4225 0.0594 0.0083 0.0012 1.0000 1.0000 0.8720 0.1225 0.0172 0.0024 0.0003 1.0000 1.0000 0.2572 0.0365 0.0052 0.0007 1.0000 1.0000 0.5950 0.0872 0.0129 0.0019 0.0003 1.0000 1.0000 0.2845 0.0446 0.0071 0.0011 1.0000 1.0000 1.0000 0.2012 0.0325 0.0052 0.0008 1.0000 1.0000
1.0000 0.0010 0.0060 0.0373 0.2312 1.0000 1.0000 1.0000 0.0013 0.0080 0.0497 0.3129 1.0000 1.0000 0.0003 0.0020 0.0129 0.0855 0.5728 1.0000 1.0000 0.0007 0.0047 0.0327 0.2295 1.0000 1.0000 0.0003 0.0021 0.0150 0.1068 0.7590 1.0000 1.0000 0.0010 0.0073 0.0517 0.3678 1.0000 1.0000 0.0005 0.0035 0.0251 0.1785 1.0000 1.0000 0.0002 0.0017 0.0123 0.0900 0.2966 0.0900 0.0123 0.0017 0.0002 1.0000 1.0000 0.1785 0.0251 0.0035 0.0005 1.0000 1.0000 0.3678 0.0517 0.0073 0.0010 1.0000 1.0000 0.7590 0.1068 0.0150 0.0021 0.0003 1.0000 1.0000 0.2295 0.0327 0.0047 0.0007 1.0000 1.0000 0.5728 0.0855 0.0129 0.0020 0.0003 1.0000 1.0000 0.3129 0.0497 0.0080 0.0013 1.0000 1.0000 1.0000 0.2312 0.0373 0.0060 0.0010 1.0000
0.0009 0.0070 0.0428 0.2657 1.0000 1.0000 0.0002 0.0015 0.0091 0.0564 0.3513 1.0000 1.0000 0.0003 0.0021 0.0134 0.0872 0.5728 1.0000 1.0000 0.0006 0.0044 0.0300 0.2083 1.0000 1.0000 0.0003 0.0019 0.0132 0.0935 0.6631 1.0000 1.0000 0.0009 0.0063 0.0450 0.3201 1.0000 1.0000 0.0004 0.0031 0.0218 0.1554 1.0000 1.0000 1.0000 0.0015 0.0106 0.0762 0.5577 1.0000 0.5577 0.0762 0.0106 0.0015 1.0000 1.0000 1.0000 0.1554 0.0218 0.0031 0.0004 1.0000 1.0000 0.3201 0.0450 0.0063 0.0009 1.0000 1.0000 0.6631 0.0935 0.0132 0.0019 0.0003 1.0000 1.0000 0.2083 0.0300 0.0044 0.0006 1.0000 1.0000 0.5728 0.0872 0.0134 0.0021 0.0003 1.0000 1.0000 0.3513 0.0564 0.0091 0.0015 0.0002 1.0000 1.0000 0.2657 0.0428 0.0070 0.0009
0.0064 0.0500 0.3046 1.0000 1.0000 0.0003 0.0017 0.0104 0.0644 0.3998 1.0000 1.0000 0.0004 0.0023 0.0145 0.0925 0.5950 1.0000 1.0000 0.0006 0.0042 0.0284 0.1937 1.0000 1.0000 0.0002 0.0017 0.0117 0.0826 0.5838 1.0000 1.0000 0.0008 0.0055 0.0391 0.2786 1.0000 1.0000 0.0004 0.0027 0.0190 0.1352 0.9627 1.0000 1.0000 0.0013 0.0092 0.0657 0.4718 1.0000 1.0000 1.0000 0.4718 0.0657 0.0092 0.0013 1.0000 1.0000 0.9627 0.1352 0.0190 0.0027 0.0004 1.0000 1.0000 0.2786 0.0391 0.0055 0.0008 1.0000 1.0000 0.5838 0.0826 0.0117 0.0017 0.0002 1.0000 1.0000 0.1937 0.0284 0.0042 0.0006 1.0000 1.0000 0.5950 0.0925 0.0145 0.0023 0.0004 1.0000 1.0000 0.3998 0.0644 0.0104 0.0017 0.0003 1.0000 1.0000 0.3046 0.0500 0.0064
0.0457 0.3561 1.0000 1.0000 0.0003 0.0019 0.0119 0.0739 0.4577 1.0000 1.0000 0.0004 0.0026 0.0160 0.1011 0.6420 1.0000 1.0000 0.0006 0.0042 0.0280 0.1869 1.0000 1.0000 1.0000 0.0015 0.0106 0.0740 0.5189 1.0000 1.0000 0.0007 0.0048 0.0342 0.2429 1.0000 1.0000 0.0003 0.0023 0.0165 0.1177 0.8379 1.0000 1.0000 0.0011 0.0080 0.0570 0.4060 1.0000 1.0000 1.0000 1.0000 1.0000 0.4060 0.0570 0.0080 0.0011 1.0000 1.0000 0.8379 0.1177 0.0165 0.0023 0.0003 1.0000 1.0000 0.2429 0.0342 0.0048 0.0007 1.0000 1.0000 0.5189 0.0740 0.0106 0.0015 1.0000 1.0000 1.0000 0.1869 0.0280 0.0042 0.0006 1.0000 1.0000 0.6420 0.1011 0.0160 0.0026 0.0004 1.0000 1.0000 0.4577 0.0739 0.0119 0.0019 0.0003 1.0000 1.0000 0.3561 0.0457
0.3256 1.0000 1.0000 0.0004 0.0022 0.0137 0.0849 0.5258 1.0000 1.0000 0.0005 0.0029 0.0181 0.1131 0.7101 1.0000 1.0000 0.0007 0.0044 0.0284 0.1869 1.0000 1.0000 1.0000 0.0014 0.0098 0.0674 0.4691 1.0000 1.0000 0.0006 0.0042 0.0300 0.2127 1.0000 1.0000 0.0003 0.0020 0.0144 0.1025 0.7293 1.0000 1.0000 0.0010 0.0070 0.0496 0.3534 1.0000 1.0000 0.0005 0.0016 0.0005 1.0000 1.0000 0.3534 0.0496 0.0070 0.0010 1.0000 1.0000 0.7293 0.1025 0.0144 0.0020 0.0003 1.0000 1.0000 0.2127 0.0300 0.0042 0.0006 1.0000 1.0000 0.4691 0.0674 0.0098 0.0014 1.0000 1.0000 1.0000 0.1869 0.0284 0.0044 0.0007 1.0000 1.0000 0.7101 0.1131 0.0181 0.0029 0.0005 1.0000 1.0000 0.5258 0.0849 0.0137 0.0022 0.0004 1.0000 1.0000 0.3256
1.0000 1.0000 0.0004 0.0025 0.0157 0.0975 0.6041 1.0000 1.0000 0.0005 0.0033 0.0206 0.1282 0.8005 1.0000 1.0000 0.0007 0.0047 0.0300 0.1937 1.0000 1.0000 1.0000 0.0014 0.0093 0.0631 0.4323 1.0000 1.0000 0.0005 0.0038 0.0266 0.1876 1.0000 1.0000 0.0002 0.0018 0.0125 0.0892 0.6347 1.0000 1.0000 0.0009 0.0061 0.0432 0.3075 1.0000 1.0000 0.0004 0.0031 0.0101 0.0031 0.0004 1.0000 1.0000 0.3075 0.0432 0.0061 0.0009 1.0000 1.0000 0.6347 0.0892 0.0125 0.0018 0.0002 1.0000 1.0000 0.1876 0.0266 0.0038 0.0005 1.0000 1.0000 0.4323 0.0631 0.0093 0.0014 1.0000 1.0000 1.0000 0.1937 0.0300 0.0047 0.0007 1.0000 1.0000 0.8005 0.1282 0.0206 0.0033 0.0005 1.0000 1.0000 0.6041 0.0975 0.0157 0.0025 0.0004 1.0000 1.0000
1.0000 0.0005 0.0029 0.0181 0.1120 0.6941 1.0000 1.0000 0.0006 0.0038 0.0236 0.1468 0.9110 1.0000 1.0000 0.0008 0.0052 0.0327 0.2083 1.0000 1.0000 1.0000 0.0014 0.0091 0.0608 0.4106 1.0000 1.0000 0.0005 0.0034 0.0239 0.1670 1.0000 1.0000 1.0000 0.0015 0.0109 0.0778 0.5535 1.0000 1.0000 0.0007 0.0053 0.0376 0.2677 1.0000 1.0000 0.0004 0.0026 0.0190 0.0626 0.0190 0.0026 0.0004 1.0000 1.0000 0.2677 0.0376 0.0053 0.0007 1.0000 1.0000 0.5535 0.0778 0.0109 0.0015 1.0000 1.0000 1.0000 0.1670 0.0239 0.0034 0.0005 1.0000 1.0000 0.4106 0.0608 0.0091 0.0014 1.0000 1.0000 1.0000 0.2083 0.0327 0.0052 0.0008 1.0000 1.0000 0.9110 0.1468 0.0236 0.0038 0.0006 1.0000 1.0000 0.6941 0.1120 0.0181 0.0029 0.0005 1.0000
0.0004 0.0034 0.0208 0.1287 0.7975 1.0000 1.0000 0.0007 0.0044 0.0272 0.1683 1.0000 1.0000 1.0000 0.0009 0.0058 0.0365 0.2295 1.0000 1.0000 1.0000 0.0014 0.0093 0.0608 0.4029 1.0000 1.0000 0.0005 0.0032 0.0218 0.1513 1.0000 1.0000 1.0000 0.0014 0.0096 0.0682 0.4836 1.0000 1.0000 0.0006 0.0046 0.0327 0.2330 1.0000 1.0000 0.0003 0.0022 0.0160 0.1175 0.3871 0.1175 0.0160 0.0022 0.0003 1.0000 1.0000 0.2330 0.0327 0.0046 0.0006 1.0000 1.0000 0.4836 0.0682 0.0096 0.0014 1.0000 1.0000 1.0000 0.1513 0.0218 0.0032 0.0005 1.0000 1.0000 0.4029 0.0608 0.0093 0.0014 1.0000 1.0000 1.0000 0.2295 0.0365 0.0058 0.0009 1.0000 1.0000 1.0000 0.1683 0.0272 0.0044 0.0007 1.0000 1.0000 0.7975 0.1287 0.0208 0.0034 0.0004
0.0031 0.0243 0.1479 0.9162 1.0000 1.0000 0.0008 0.0050 0.0312 0.1934 1.0000 1.0000 1.0000 0.0011 0.0066 0.0412 0.2572 1.0000 1.0000 0.0002 0.0015 0.0098 0.0631 0.4106 1.0000 1.0000 0.0004 0.0030 0.0205 0.1400 0.9645 1.0000 1.0000 0.0012 0.0085 0.0603 0.4257 1.0000 1.0000 0.0006 0.0040 0.0285 0.2028 1.0000 1.0000 0.0003 0.0019 0.0138 0.0994 0.7279 1.0000 0.7279 0.0994 0.0138 0.0019 0.0003 1.0000 1.0000 0.2028 0.0285 0.0040 0.0006 1.0000 1.0000 0.4257 0.0603 0.0085 0.0012 1.0000 1.0000 0.9645 0.1400 0.0205 0.0030 0.0004 1.0000 1.0000 0.4106 0.0631 0.0098 0.0015 0.0002 1.0000 1.0000 0.2572 0.0412 0.0066 0.0011 1.0000 1.0000 1.0000 0.1934 0.0312 0.0050 0.0008 1.0000 1.0000 0.9162 0.1479 0.0243 0.0031
0.0222 0.1725 1.0000 1.0000 1.0000 0.0009 0.0058 0.0359 0.2222 1.0000 1.0000 1.0000 0.0012 0.0076 0.0470 0.2922 1.0000 1.0000 0.0003 0.0017 0.0106 0.0674 0.4323 1.0000 1.0000 0.0004 0.0030 0.0198 0.1335 0.9058 1.0000 1.0000 0.0011 0.0077 0.0538 0.3777 1.0000 1.0000 0.0005 0.0035 0.0249 0.1768 1.0000 1.0000 0.0002 0.0017 0.0120 0.0857 0.6157 1.0000 1.0000 1.0000 0.6157 0.0857 0.0120 0.0017 0.0002 1.0000 1.0000 0.1768 0.0249 0.0035 0.0005 1.0000 1.0000 0.3777 0.0538 0.0077 0.0011 1.0000 1.0000 0.9058 0.1335 0.0198 0.0030 0.0004 1.0000 1.0000 0.4323 0.0674 0.0106 0.0017 0.0003 1.0000 1.0000 0.2922 0.0470 0.0076 0.0012 1.0000 1.0000 1.0000 0.2222 0.0359 0.0058 0.0009 1.0000 1.0000 1.0000 0.1725 0.0222
0.1578 1.0000 1.0000 1.0000 0.0011 0.0066 0.0412 0.2553 1.0000 1.0000 1.0000 0.0014 0.0087 0.0538 0.3338 1.0000 1.0000 0.0003 0.0019 0.0117 0.0740 0.4691 1.0000 1.0000 0.0005 0.0030 0.0198 0.1312 0.8770 1.0000 1.0000 0.0010 0.0071 0.0489 0.3402 1.0000 1.0000 0.0004 0.0031 0.0219 0.1548 1.0000 1.0000 1.0000 0.0015 0.0105 0.0746 0.5308 1.0000 1.0000 0.0003 1.0000 1.0000 0.5308 0.0746 0.0105 0.0015 1.0000 1.0000 1.0000 0.1548 0.0219 0.0031 0.0004 1.0000 1.0000 0.3402 0.0489 0.0071 0.0010 1.0000 1.0000 0.8770 0.1312 0.0198 0.0030 0.0005 1.0000 1.0000 0.4691 0.0740 0.0117 0.0019 0.0003 1.0000 1.0000 0.3338 0.0538 0.0087 0.0014 1.0000 1.0000 1.0000 0.2553 0.0412 0.0066 0.0011 1.0000 1.0000 1.0000 0.1578
1.0000 1.0000 1.0000 0.0012 0.0076 0.0473 0.2933 1.0000 1.0000 0.0003 0.0016 0.0100 0.0618 0.3827 1.0000 1.0000 0.0003 0.0021 0.0132 0.0826 0.5189 1.0000 1.0000 0.0005 0.0032 0.0205 0.1335 0.8770 1.0000 1.0000 0.0010 0.0066 0.0453 0.3117 1.0000 1.0000 0.0004 0.0028 0.0194 0.1365 0.9645 1.0000 1.0000 0.0013 0.0091 0.0649 0.4620 1.0000 1.0000 0.0006 0.0021 0.0006 1.0000 1.0000 0.4620 0.0649 0.0091 0.0013 1.0000 1.0000 0.9645 0.1365 0.0194 0.0028 0.0004 1.0000 1.0000 0.3117 0.0453 0.0066 0.0010 1.0000 1.0000 0.8770 0.1335 0.0205 0.0032 0.0005 1.0000 1.0000 0.5189 0.0826 0.0132 0.0021 0.0003 1.0000 1.0000 0.3827 0.0618 0.0100 0.0016 0.0003 1.0000 1.0000 0.2933 0.0473 0.0076 0.0012 1.0000 1.0000 1.0000
1.0000 1.0000 0.0014 0.0088 0.0544 0.3369 1.0000 1.0000 0.0003 0.0018 0.0115 0.0710 0.4397 1.0000 1.0000 0.0004 0.0024 0.0150 0.0935 0.5838 1.0000 1.0000 0.0005 0.0034 0.0218 0.1400 0.9058 1.0000 1.0000 0.0010 0.0064 0.0433 0.2938 1.0000 1.0000 0.0004 0.0025 0.0173 0.1216 0.8556 1.0000 1.0000 0.0011 0.0080 0.0566 0.4029 1.0000 1.0000 0.0005 0.0040 0.0132 0.0040 0.0005 1.0000 1.0000 0.4029 0.0566 0.0080 0.0011 1.0000 1.0000 0.8556 0.1216 0.0173 0.0025 0.0004 1.0000 1.0000 0.2938 0.0433 0.0064 0.0010 1.0000 1.0000 0.9058 0.1400 0.0218 0.0034 0.0005 1.0000 1.0000 0.5838 0.0935 0.0150 0.0024 0.0004 1.0000 1.0000 0.4397 0.0710 0.0115 0.0018 0.0003 1.0000 1.0000 0.3369 0.0544 0.0088 0.0014 1.0000 1.0000
0.0002 0.0017 0.0101 0.0625 0.3871 1.0000 1.0000 0.0003 0.0021 0.0132 0.0815 0.5052 1.0000 1.0000 0.0004 0.0028 0.0172 0.1068 0.6631 1.0000 1.0000 0.0006 0.0038 0.0239 0.1513 0.9645 1.0000 1.0000 0.0010 0.0064 0.0426 0.2845 1.0000 1.0000 0.0003 0.0023 0.0158 0.1097 0.7662 1.0000 1.0000 0.0010 0.0070 0.0496 0.3520 1.0000 1.0000 0.0005 0.0034 0.0248 0.0817 0.0248 0.0034 0.0005 1.0000 1.0000 0.3520 0.0496 0.0070 0.0010 1.0000 1.0000 0.7662 0.1097 0.0158 0.0023 0.0003 1.0000 1.0000 0.2845 0.0426 0.0064 0.0010 1.0000 1.0000 0.9645 0.1513 0.0239 0.0038 0.0006 1.0000 1.0000 0.6631 0.1068 0.0172 0.0028 0.0004 1.0000 1.0000 0.5052 0.0815 0.0132 0.0021 0.0003 1.0000 1.0000 0.3871 0.0625 0.0101 0.0017 0.0002
0.0015 0.0118 0.0717 0.4448 1.0000 1.0000 0.0004 0.0024 0.0151 0.0937 0.5805 1.0000 1.0000 0.0005 0.0032 0.0198 0.1225 0.7590 1.0000 1.0000 0.0007 0.0042 0.0266 0.1670 1.0000 1.0000 1.0000 0.0010 0.0066 0.0433 0.2845 1.0000 1.0000 0.0003 0.0021 0.0147 0.1009 0.6981 1.0000 1.0000 0.0009 0.0062 0.0438 0.3093 1.0000 1.0000 0.0004 0.0029 0.0210 0.1536 0.5062 0.1536 0.0210 0.0029 0.0004 1.0000 1.0000 0.3093 0.0438 0.0062 0.0009 1.0000 1.0000 0.6981 0.1009 0.0147 0.0021 0.0003 1.0000 1.0000 0.2845 0.0433 0.0066 0.0010 1.0000 1.0000 1.0000 0.1670 0.0266 0.0042 0.0007 1.0000 1.0000 0.7590 0.1225 0.0198 0.0032 0.0005 1.0000 1.0000 0.5805 0.0937 0.0151 0.0024 0.0004 1.0000 1.0000 0.4448 0.0717 0.0118 0.0015
0.0107 0.0837 0.5101 1.0000 1.0000 0.0005 0.0028 0.0174 0.1076 0.6669 1.0000 1.0000 0.0006 0.0037 0.0227 0.1408 0.8720 1.0000 1.0000 0.0008 0.0048 0.0300 0.1876 1.0000 1.0000 1.0000 0.0011 0.0071 0.0453 0.2938 1.0000 1.0000 0.0003 0.0021 0.0140 0.0951 0.6494 1.0000 1.0000 0.0008 0.0056 0.0391 0.2744 1.0000 1.0000 0.0004 0.0026 0.0181 0.1302 0.9518 1.0000 0.9518 0.1302 0.0181 0.0026 0.0004 1.0000 1.0000 0.2744 0.0391 0.0056 0.0008 1.0000 1.0000 0.6494 0.0951 0.0140 0.0021 0.0003 1.0000 1.0000 0.2938 0.0453 0.0071 0.0011 1.0000 1.0000 1.0000 0.1876 0.0300 0.0048 0.0008 1.0000 1.0000 0.8720 0.1408 0.0227 0.0037 0.0006 1.0000 1.0000 0.6669 0.1076 0.0174 0.0028 0.0005 1.0000 1.0000 0.5101 0.0837 0.0107
0.0766 0.5961 1.0000 1.0000 0.0005 0.0032 0.0200 0.1237 0.7662 1.0000 1.0000 0.0007 0.0042 0.0261 0.1617 1.0000 1.0000 1.0000 0.0009 0.0055 0.0342 0.2127 1.0000 1.0000 1.0000 0.0012 0.0077 0.0489 0.3117 1.0000 1.0000 0.0003 0.0021 0.0138 0.0923 0.6204 1.0000 1.0000 0.0007 0.0051 0.0353 0.2467 1.0000 1.0000 0.0003 0.0022 0.0159 0.1127 0.8082 1.0000 1.0000 1.0000 0.8082 0.1127 0.0159 0.0022 0.0003 1.0000 1.0000 0.2467 0.0353 0.0051 0.0007 1.0000 1.0000 0.6204 0.0923 0.0138 0.0021 0.0003 1.0000 1.0000 0.3117 0.0489 0.0077 0.0012 1.0000 1.0000 1.0000 0.2127 0.0342 0.0055 0.0009 1.0000 1.0000 1.0000 0.1617 0.0261 0.0042 0.0007 1.0000 1.0000 0.7662 0.1237 0.0200 0.0032 0.0005 1.0000 1.0000 0.5961 0.0766
0.5441 1.0000 1.0000 0.0006 0.0037 0.0229 0.1421 0.8804 1.0000 1.0000 0.0008 0.0048 0.0300 0.1858 1.0000 1.0000 1.0000 0.0010 0.0063 0.0391 0.2429 1.0000 1.0000 1.0000 0.0014 0.0085 0.0538 0.3402 1.0000 1.0000 0.0003 0.0021 0.0140 0.0923 0.6111 1.0000 1.0000 0.0007 0.0047 0.0326 0.2251 1.0000 1.0000 0.0003 0.0020 0.0141 0.0992 0.7021 1.0000 1.0000 0.0005 1.0000 1.0000 0.7021 0.0992 0.0141 0.0020 0.0003 1.0000 1.0000 0.2251 0.0326 0.0047 0.0007 1.0000 1.0000 0.6111 0.0923 0.0140 0.0021 0.0003 1.0000 1.0000 0.3402 0.0538 0.0085 0.0014 1.0000 1.0000 1.0000 0.2429 0.0391 0.0063 0.0010 1.0000 1.0000 1.0000 0.1858 0.0300 0.0048 0.0008 1.0000 1.0000 0.8804 0.1421 0.0229 0.0037 0.0006 1.0000 1.0000 0.5441
1.0000 1.0000 0.0007 0.0043 0.0264 0.1633 1.0000 1.0000 1.0000 0.0009 0.0056 0.0345 0.2135 1.0000 1.0000 1.0000 0.0012 0.0073 0.0450 0.2786 1.0000 1.0000 0.0002 0.0015 0.0096 0.0603 0.3777 1.0000 1.0000 0.0004 0.0023 0.0147 0.0951 0.6204 1.0000 1.0000 0.0007 0.0045 0.0307 0.2098 1.0000 1.0000 0.0003 0.0018 0.0126 0.0882 0.6216 1.0000 1.0000 0.0009 0.0028 0.0009 1.0000 1.0000 0.6216 0.0882 0.0126 0.0018 0.0003 1.0000 1.0000 0.2098 0.0307 0.0045 0.0007 1.0000 1.0000 0.6204 0.0951 0.0147 0.0023 0.0004 1.0000 1.0000 0.3777 0.0603 0.0096 0.0015 0.0002 1.0000 1.0000 0.2786 0.0450 0.0073 0.0012 1.0000 1.0000 1.0000 0.2135 0.0345 0.0056 0.0009 1.0000 1.0000 1.0000 0.1633 0.0264 0.0043 0.0007 1.0000 1.0000
1.0000 0.0008 0.0049 0.0303 0.1876 1.0000 1.0000 1.0000 0.0010 0.0064 0.0396 0.2453 1.0000 1.0000 1.0000 0.0013 0.0083 0.0517 0.3201 1.0000 1.0000 0.0003 0.0018 0.0109 0.0682 0.4257 1.0000 1.0000 0.0004 0.0025 0.0158 0.1009 0.6494 1.0000 1.0000 0.0007 0.0045 0.0298 0.2009 1.0000 1.0000 0.0002 0.0016 0.0114 0.0794 0.5546 1.0000 1.0000 0.0007 0.0053 0.0175 0.0053 0.0007 1.0000 1.0000 0.5546 0.0794 0.0114 0.0016 0.0002 1.0000 1.0000 0.2009 0.0298 0.0045 0.0007 1.0000 1.0000 0.6494 0.1009 0.0158 0.0025 0.0004 1.0000 1.0000 0.4257 0.0682 0.0109 0.0018 0.0003 1.0000 1.0000 0.3201 0.0517 0.0083 0.0013 1.0000 1.0000 1.0000 0.2453 0.0396 0.0064 0.0010 1.0000 1.0000 1.0000 0.1876 0.0303 0.0049 0.0008 1.0000
0.0007 0.0057 0.0348 0.2155 1.0000 1.0000 1.0000 0.0012 0.0073 0.0455 0.2818 1.0000 1.0000 0.0002 0.0015 0.0096 0.0594 0.3678 1.0000 1.0000 0.0003 0.0020 0.0125 0.0778 0.4836 1.0000 1.0000 0.0004 0.0028 0.0173 0.1097 0.6981 1.0000 1.0000 0.0007 0.0045 0.0298 0.1978 1.0000 1.0000 1.0000 0.0015 0.0105 0.0726 0.5033 1.0000 1.0000 0.0006 0.0046 0.0332 0.1091 0.0332 0.0046 0.0006 1.0000 1.0000 0.5033 0.0726 0.0105 0.0015 1.0000 1.0000 1.0000 0.1978 0.0298 0.0045 0.0007 1.0000 1.0000 0.6981 0.1097 0.0173 0.0028 0.0004 1.0000 1.0000 0.4836 0.0778 0.0125 0.0020 0.0003 1.0000 1.0000 0.3678 0.0594 0.0096 0.0015 0.0002 1.0000 1.0000 0.2818 0.0455 0.0073 0.0012 1.0000 1.0000 1.0000 0.2155 0.0348 0.0057 0.0007
0.0052 0.0406 0.2476 1.0000 1.0000 1.0000 0.0014 0.0084 0.0523 0.3238 1.0000 1.0000 0.0003 0.0018 0.0110 0.0682 0.4225 1.0000 1.0000 0.0004 0.0023 0.0144 0.0892 0.5535 1.0000 1.0000 0.0005 0.0031 0.0194 0.1216 0.7662 1.0000 1.0000 0.0007 0.0047 0.0307 0.2009 1.0000 1.0000 1.0000 0.0015 0.0100 0.0678 0.4656 1.0000 1.0000 0.0006 0.0040 0.0287 0.2079 0.6836 0.2079 0.0287 0.0040 0.0006 1.0000 1.0000 0.4656 0.0678 0.0100 0.0015 1.0000 1.0000 1.0000 0.2009 0.0307 0.0047 0.0007 1.0000 1.0000 0.7662 0.1216 0.0194 0.0031 0.0005 1.0000 1.0000 0.5535 0.0892 0.0144 0.0023 0.0004 1.0000 1.0000 0.4225 0.0682 0.0110 0.0018 0.0003 1.0000 1.0000 0.3238 0.0523 0.0084 0.0014 1.0000 1.0000 1.0000 0.2476 0.0406 0.0052
0.0371 0.2894 1.0000 1.0000 0.0003 0.0016 0.0097 0.0600 0.3720 1.0000 1.0000 0.0003 0.0020 0.0126 0.0784 0.4854 1.0000 1.0000 0.0004 0.0027 0.0165 0.1025 0.6347 1.0000 1.0000 0.0006 0.0035 0.0219 0.1365 0.8556 1.0000 1.0000 0.0008 0.0051 0.0326 0.2098 1.0000 1.0000 1.0000 0.0014 0.0097 0.0650 0.4397 1.0000 1.0000 0.0005 0.0037 0.0255 0.1806 1.0000 1.0000 1.0000 0.1806 0.0255 0.0037 0.0005 1.0000 1.0000 0.4397 0.0650 0.0097 0.0014 1.0000 1.0000 1.0000 0.2098 0.0326 0.0051 0.0008 1.0000 1.0000 0.8556 0.1365 0.0219 0.0035 0.0006 1.0000 1.0000 0.6347 0.1025 0.0165 0.0027 0.0004 1.0000 1.0000 0.4854 0.0784 0.0126 0.0020 0.0003 1.0000 1.0000 0.3720 0.0600 0.0097 0.0016 0.0003 1.0000 1.0000 0.2894 0.0371
0.2641 1.0000 1.0000 0.0003 0.0018 0.0111 0.0690 0.4274 1.0000 1.0000 0.0004 0.0023 0.0145 0.0900 0.5577 1.0000 1.0000 0.0005 0.0031 0.0190 0.1177 0.7293 1.0000 1.0000 0.0006 0.0040 0.0249 0.1548 0.9645 1.0000 1.0000 0.0009 0.0056 0.0353 0.2251 1.0000 1.0000 1.0000 0.0015 0.0097 0.0639 0.4274 1.0000 1.0000 0.0005 0.0034 0.0234 0.1620 1.0000 1.0000 1.0000 1.0000 1.0000 0.1620 0.0234 0.0034 0.0005 1.0000 1.0000 0.4274 0.0639 0.0097 0.0015 1.0000 1.0000 1.0000 0.2251 0.0353 0.0056 0.0009 1.0000 1.0000 0.9645 0.1548 0.0249 0.0040 0.0006 1.0000 1.0000 0.7293 0.1177 0.0190 0.0031 0.0005 1.0000 1.0000 0.5577 0.0900 0.0145 0.0023 0.0004 1.0000 1.0000 0.4274 0.0690 0.0111 0.0018 0.0003 1.0000 1.0000 0.2641
1.0000 1.0000 0.0003 0.0021 0.0128 0.0793 0.4910 1.0000 1.0000 0.0004 0.0027 0.0167 0.1034 0.6408 1.0000 1.0000 0.0006 0.0035 0.0218 0.1352 0.8379 1.0000 1.0000 0.0007 0.0046 0.0285 0.1768 1.0000 1.0000 1.0000 0.0010 0.0062 0.0391 0.2467 1.0000 1.0000 0.0002 0.0015 0.0100 0.0650 0.4274 1.0000 1.0000 0.0005 0.0032 0.0219 0.1499 1.0000 1.0000 1.0000 0.0006 1.0000 1.0000 1.0000 0.1499 0.0219 0.0032 0.0005 1.0000 1.0000 0.4274 0.0650 0.0100 0.0015 0.0002 1.0000 1.0000 0.2467 0.0391 0.0062 0.0010 1.0000 1.0000 1.0000 0.1768 0.0285 0.0046 0.0007 1.0000 1.0000 0.8379 0.1352 0.0218 0.0035 0.0006 1.0000 1.0000 0.6408 0.1034 0.0167 0.0027 0.0004 1.0000 1.0000 0.4910 0.0793 0.0128 0.0021 0.0003 1.0000 1.0000
1.0000 0.0004 0.0024 0.0147 0.0911 0.5641 1.0000 1.0000 0.0005 0.0031 0.0192 0.1188 0.7362 1.0000 1.0000 0.0007 0.0040 0.0251 0.1554 0.9627 1.0000 1.0000 0.0009 0.0053 0.0327 0.2028 1.0000 1.0000 1.0000 0.0011 0.0070 0.0438 0.2744 1.0000 1.0000 0.0003 0.0016 0.0105 0.0678 0.4397 1.0000 1.0000 0.0005 0.0031 0.0210 0.1421 0.9682 1.0000 1.0000 0.0012 0.0040 0.0012 1.0000 1.0000 0.9682 0.1421 0.0210 0.0031 0.0005 1.0000 1.0000 0.4397 0.0678 0.0105 0.0016 0.0003 1.0000 1.0000 0.2744 0.0438 0.0070 0.0011 1.0000 1.0000 1.0000 0.2028 0.0327 0.0053 0.0009 1.0000 1.0000 0.9627 0.1554 0.0251 0.0040 0.0007 1.0000 1.0000 0.7362 0.1188 0.0192 0.0031 0.0005 1.0000 1.0000 0.5641 0.0911 0.0147 0.0024 0.0004 1.0000
0.0004 0.0028 0.0169 0.1046 0.6482 1.0000 1.0000 0.0006 0.0036 0.0220 0.1365 0.8459 1.0000 1.0000 0.0008 0.0047 0.0288 0.1785 1.0000 1.0000 1.0000 0.0010 0.0061 0.0376 0.2330 1.0000 1.0000 1.0000 0.0013 0.0080 0.0496 0.3093 1.0000 1.0000 0.0003 0.0018 0.0114 0.0726 0.4656 1.0000 1.0000 0.0005 0.0031 0.0207 0.1384 0.9303 1.0000 1.0000 0.0011 0.0079 0.0257 0.0079 0.0011 1.0000 1.0000 0.9285 0.1381 0.0207 0.0031 0.0005 1.0000 1.0000 0.4656 0.0726 0.0114 0.0018 0.0003 1.0000 1.0000 0.3093 0.0496 0.0080 0.0013 1.0000 1.0000 1.0000 0.2330 0.0376 0.0061 0.0010 1.0000 1.0000 1.0000 0.1785 0.0288 0.0047 0.0008 1.0000 1.0000 0.8459 0.1365 0.0220 0.0036 0.0006 1.0000 1.0000 0.6482 0.1046 0.0169 0.0028 0.0004
0.0025 0.0197 0.1200 0.7447 1.0000 1.0000 0.0007 0.0041 0.0253 0.1569 0.9719 1.0000 1.0000 0.0009 0.0053 0.0331 0.2051 1.0000 1.0000 1.0000 0.0011 0.0070 0.0432 0.2677 1.0000 1.0000 0.0002 0.0015 0.0091 0.0566 0.3520 1.0000 1.0000 0.0003 0.0020 0.0126 0.0794 0.5033 1.0000 1.0000 0.0005 0.0032 0.0210 0.1384 0.9162 1.0000 1.0000 0.0010 0.0071 0.0506 0.1645 0.0506 0.0071 0.0010 1.0000 1.0000 0.9162 0.1381 0.0210 0.0032 0.0005 1.0000 1.0000 0.5033 0.0794 0.0126 0.0020 0.0003 1.0000 1.0000 0.3520 0.0566 0.0091 0.0015 0.0002 1.0000 1.0000 0.2677 0.0432 0.0070 0.0011 1.0000 1.0000 1.0000 0.2051 0.0331 0.0053 0.0009 1.0000 1.0000 0.9719 0.1569 0.0253 0.0041 0.0007 1.0000 1.0000 0.7447 0.1200 0.0197 0.0025
0.0180 0.1402 0.8540 1.0000 1.0000 0.0008 0.0047 0.0291 0.1802 1.0000 1.0000 1.0000 0.0010 0.0061 0.0380 0.2357 1.0000 1.0000 1.0000 0.0013 0.0080 0.0496 0.3075 1.0000 1.0000 0.0003 0.0017 0.0105 0.0649 0.4029 1.0000 1.0000 0.0004 0.0022 0.0141 0.0882 0.5546 1.0000 1.0000 0.0005 0.0034 0.0219 0.1421 0.9303 1.0000 1.0000 0.0010 0.0068 0.0464 0.3262 1.0000 0.3262 0.0464 0.0068 0.0010 1.0000 1.0000 0.9285 0.1421 0.0219 0.0034 0.0005 1.0000 1.0000 0.5546 0.0882 0.0141 0.0022 0.0004 1.0000 1.0000 0.4029 0.0649 0.0105 0.0017 0.0003 1.0000 1.0000 0.3075 0.0496 0.0080 0.0013 1.0000 1.0000 1.0000 0.2357 0.0380 0.0061 0.0010 1.0000 1.0000 1.0000 0.1802 0.0291 0.0047 0.0008 1.0000 1.0000 0.8540 0.1402 0.0180
0.1280 0.9981 1.0000 1.0000 0.0009 0.0054 0.0334 0.2071 1.0000 1.0000 1.0000 0.0011 0.0071 0.0437 0.2708 1.0000 1.0000 0.0002 0.0015 0.0092 0.0570 0.3534 1.0000 1.0000 0.0003 0.0019 0.0120 0.0746 0.4620 1.0000 1.0000 0.0004 0.0026 0.0159 0.0992 0.6216 1.0000 1.0000 0.0006 0.0037 0.0234 0.1499 0.9682 1.0000 1.0000 0.0010 0.0067 0.0447 0.3041 1.0000 1.0000 1.0000 0.3035 0.0447 0.0067 0.0010 1.0000 1.0000 0.9682 0.1499 0.0234 0.0037 0.0006 1.0000 1.0000 0.6216 0.0992 0.0159 0.0026 0.0004 1.0000 1.0000 0.4620 0.0746 0.0120 0.0019 0.0003 1.0000 1.0000 0.3534 0.0570 0.0092 0.0015 0.0002 1.0000 1.0000 0.2708 0.0437 0.0071 0.0011 1.0000 1.0000 1.0000 0.2071 0.0334 0.0054 0.0009 1.0000 1.0000 0.9981 0.1282
0.9128 1.0000 1.0000 0.0010 0.0062 0.0384 0.2379 1.0000 1.0000 1.0000 0.0013 0.0081 0.0502 0.3111 1.0000 1.0000 0.0003 0.0017 0.0106 0.0655 0.4060 1.0000 1.0000 0.0004 0.0022 0.0138 0.0857 0.5308 1.0000 1.0000 0.0005 0.0029 0.0181 0.1127 0.7021 1.0000 1.0000 0.0006 0.0040 0.0255 0.1620 1.0000 1.0000 1.0000 0.0010 0.0068 0.0447 0.2966 1.0000 1.0000 1.0000 1.0000 1.0000 0.2966 0.0447 0.0068 0.0010 1.0000 1.0000 1.0000 0.1620 0.0255 0.0040 0.0006 1.0000 1.0000 0.7021 0.1127 0.0181 0.0029 0.0005 1.0000 1.0000 0.5308 0.0857 0.0138 0.0022 0.0004 1.0000 1.0000 0.4060 0.0657 0.0106 0.0017 0.0003 1.0000 1.0000 0.3111 0.0502 0.0081 0.0013 1.0000 1.0000 1.0000 0.2379 0.0385 0.0062 0.0010 1.0000 1.0000 0.9128
1.0000 1.0000 0.0011 0.0071 0.0441 0.2733 1.0000 1.0000 0.0002 0.0015 0.0093 0.0577 0.3574 1.0000 1.0000 0.0003 0.0020 0.0122 0.0753 0.4664 1.0000 1.0000 0.0004 0.0026 0.0159 0.0984 0.6099 1.0000 1.0000 0.0005 0.0033 0.0207 0.1287 0.7990 1.0000 1.0000 0.0007 0.0045 0.0283 0.1785 1.0000 1.0000 1.0000 0.0011 0.0071 0.0459 0.3006 1.0000 1.0000 0.0003 0.0011 0.0003 1.0000 1.0000 0.3035 0.0464 0.0071 0.0011 1.0000 1.0000 1.0000 0.1806 0.0287 0.0046 0.0007 1.0000 1.0000 0.8082 0.1302 0.0210 0.0034 0.0005 1.0000 1.0000 0.6157 0.0994 0.0160 0.0026 0.0004 1.0000 1.0000 0.4718 0.0762 0.0123 0.0020 0.0003 1.0000 1.0000 0.3608 0.0582 0.0094 0.0015 0.0002 1.0000 1.0000 0.2765 0.0446 0.0072 0.0012 1.0000 1.0000
1.0000 0.0013 0.0082 0.0507 0.3141 1.0000 1.0000 0.0003 0.0017 0.0107 0.0663 0.4106 1.0000 1.0000 0.0004 0.0023 0.0140 0.0865 0.5359 1.0000 1.0000 0.0005 0.0029 0.0183 0.1131 0.7007 1.0000 1.0000 0.0006 0.0038 0.0238 0.1476 0.9145 1.0000 1.0000 0.0008 0.0051 0.0318 0.1993 1.0000 1.0000 1.0000 0.0012 0.0075 0.0483 0.3123 1.0000 1.0000 0.0003 0.0023 0.0075 0.0024 0.0003 1.0000 1.0000 0.3262 0.0506 0.0079 0.0012 1.0000 1.0000 1.0000 0.2079 0.0332 0.0053 0.0009 1.0000 1.0000 0.9518 0.1536 0.0248 0.0040 0.0006 1.0000 1.0000 0.7279 0.1175 0.0190 0.0031 0.0005 1.0000 1.0000 0.5577 0.0900 0.0145 0.0023 0.0004 1.0000 1.0000 0.4266 0.0688 0.0111 0.0018 0.0003 1.0000 1.0000 0.3268 0.0527 0.0085 0.0014 1.0000
0.0012 0.0095 0.0582 0.3608 1.0000 1.0000 0.0003 0.0020 0.0123 0.0762 0.4718 1.0000 1.0000 0.0004 0.0026 0.0160 0.0994 0.6157 1.0000 1.0000 0.0005 0.0034 0.0210 0.1299 0.8051 1.0000 1.0000 0.0007 0.0044 0.0274 0.1696 1.0000 1.0000 1.0000 0.0009 0.0058 0.0361 0.2251 1.0000 1.0000 1.0000 0.0013 0.0082 0.0522 0.3331 1.0000 1.0000 0.0003 0.0023 0.0167 0.0341 0.0074 0.0011 1.0000 1.0000 1.0000 0.1645 0.0257 0.0040 0.0006 1.0000 1.0000 0.6836 0.1091 0.0175 0.0028 0.0005 1.0000 1.0000 0.5062 0.0817 0.0132 0.0021 0.0003 1.0000 1.0000 0.3871 0.0626 0.0101 0.0016 1.0000 1.0000 1.0000 0.2966 0.0479 0.0077 0.0012 1.0000 1.0000 1.0000 0.2269 0.0367 0.0059 0.0010 1.0000 1.0000 1.0000 0.1738 0.0281 0.0046 0.0006
0.0088 0.0683 0.4169 1.0000 1.0000 0.0004 0.0023 0.0142 0.0880 0.5452 1.0000 1.0000 0.0005 0.0030 0.0185 0.1148 0.7115 1.0000 1.0000 0.0006 0.0039 0.0242 0.1502 0.9303 1.0000 1.0000 0.0008 0.0051 0.0316 0.1960 1.0000 1.0000 1.0000 0.0011 0.0067 0.0414 0.2572 1.0000 1.0000 1.0000 0.0015 0.0092 0.0577 0.3650 1.0000 1.0000 0.0004 0.0023 0.0162 0.0627 0.0130 0.0023 0.0003 1.0000 1.0000 0.3262 0.0506 0.0079 0.0012 1.0000 1.0000 1.0000 0.2079 0.0332 0.0053 0.0009 1.0000 1.0000 0.9518 0.1536 0.0248 0.0040 0.0006 1.0000 1.0000 0.7279 0.1175 0.0190 0.0031 0.0005 1.0000 1.0000 0.5577 0.0900 0.0145 0.0023 0.0004 1.0000 1.0000 0.4266 0.0688 0.0111 0.0018 0.0003 1.0000 1.0000 0.3268 0.0527 0.0085 0.0014 1.0000
0.0627 0.4957 1.0000 1.0000 0.0004 0.0027 0.0166 0.1030 0.6384 1.0000 1.0000 0.0006 0.0035 0.0217 0.1347 0.8347 1.0000 1.0000 0.0007 0.0046 0.0284 0.1758 1.0000 1.0000 1.0000 0.0010 0.0060 0.0371 0.2299 1.0000 1.0000 1.0000 0.0013 0.0078 0.0484 0.3006 1.0000 1.0000 0.0003 0.0017 0.0105 0.0655 0.4114 1.0000 1.0000 0.0004 0.0025 0.0162 0.1129 0.1188 0.0015 0.0003 1.0000 1.0000 0.3035 0.0464 0.0071 0.0011 1.0000 1.0000 1.0000 0.1806 0.0287 0.0046 0.0007 1.0000 1.0000 0.8082 0.1302 0.0210 0.0034 0.0005 1.0000 1.0000 0.6157 0.0994 0.0160 0.0026 0.0004 1.0000 1.0000 0.4718 0.0762 0.0123 0.0020 0.0003 1.0000 1.0000 0.3608 0.0582 0.0094 0.0015 0.0002 1.0000 1.0000 0.2765 0.0446 0.0072 0.0012 1.0000 1.0000
0.3164 1.0000 1.0000 0.0003 0.0021 0.0129 0.0802 0.4967 1.0000 1.0000 0.0004 0.0027 0.0169 0.1048 0.6494 1.0000 1.0000 0.0006 0.0036 0.0221 0.1368 0.8475 1.0000 1.0000 0.0008 0.0047 0.0289 0.1789 1.0000 1.0000 1.0000 0.0010 0.0061 0.0379 0.2357 1.0000 1.0000 1.0000 0.0013 0.0084 0.0528 0.3338 1.0000 1.0000 0.0003 0.0021 0.0135 0.0888 0.5816 1.0000 1.0000 1.0000 1.0000 0.2966 0.0447 0.0068 0.0010 1.0000 1.0000 1.0000 0.1620 0.0255 0.0040 0.0006 1.0000 1.0000 0.7021 0.1127 0.0181 0.0029 0.0005 1.0000 1.0000 0.5308 0.0857 0.0138 0.0022 0.0004 1.0000 1.0000 0.4060 0.0657 0.0106 0.0017 0.0003 1.0000 1.0000 0.3111 0.0502 0.0081 0.0013 1.0000 1.0000 1.0000 0.2379 0.0385 0.0062 0.0010 1.0000 1.0000 0.9128
0.1312 1.0000 1.0000 1.0000 0.0009 0.0057 0.0353 0.2184 1.0000 1.0000 1.0000 0.0012 0.0074 0.0460 0.2856 1.0000 1.0000 1.0000 0.0016 0.0097 0.0602 0.3727 1.0000 1.0000 0.0003 0.0020 0.0127 0.0785 0.4873 1.0000 1.0000 0.0004 0.0027 0.0168 0.1050 0.6569 1.0000 1.0000 0.0006 0.0039 0.0248 0.1593 1.0000 1.0000 1.0000 0.0011 0.0071 0.0477 0.3275 1.0000 1.0000 1.0000 0.3041 0.0447 0.0067 0.0010 1.0000 1.0000 0.9682 0.1499 0.0234 0.0037 0.0006 1.0000 1.0000 0.6216 0.0992 0.0159 0.0026 0.0004 1.0000 1.0000 0.4620 0.0746 0.0120 0.0019 0.0003 1.0000 1.0000 0.3534 0.0570 0.0092 0.0015 0.0002 1.0000 1.0000 0.2708 0.0437 0.0071 0.0011 1.0000 1.0000 1.0000 0.2071 0.0334 0.0054 0.0009 1.0000 1.0000 0.9981 0.1282
0.0182 0.1421 0.8671 1.0000 1.0000 0.0008 0.0048 0.0295 0.1833 1.0000 1.0000 1.0000 0.0010 0.0062 0.0386 0.2393 1.0000 1.0000 1.0000 0.0013 0.0082 0.0504 0.3129 1.0000 1.0000 0.0003 0.0017 0.0106 0.0659 0.4083 1.0000 1.0000 0.0004 0.0023 0.0143 0.0897 0.5641 1.0000 1.0000 0.0005 0.0035 0.0223 0.1448 0.9463 1.0000 1.0000 0.0010 0.0069 0.0474 0.3344 1.0000 0.3268 0.0464 0.0068 0.0010 1.0000 1.0000 0.9285 0.1421 0.0219 0.0034 0.0005 1.0000 1.0000 0.5546 0.0882 0.0141 0.0022 0.0004 1.0000 1.0000 0.4029 0.0649 0.0105 0.0017 0.0003 1.0000 1.0000 0.3075 0.0496 0.0080 0.0013 1.0000 1.0000 1.0000 0.2357 0.0380 0.0061 0.0010 1.0000 1.0000 1.0000 0.1802 0.0291 0.0047 0.0008 1.0000 1.0000 0.8540 0.1402 0.0180
