0.2154 0.2375 0.3320 0.4603 0.4588 0.2892 0.1836 0.2138 0.2918 0.4138 0.4789 0.3720 0.1923 0.1965 0.2576 0.3642 0.4783 0.4322 0.2308 0.1854 0.2298 0.3199 0.4485 0.4666 0.3146 0.1846 0.2083 0.2813 0.3992 0.4811 0.3921 0.1985 0.1926 0.2489 0.3509 0.4730 0.4443 0.2526 0.1840 0.2230 0.3082 0.4352 0.4727 0.3390 0.1867 0.2032 0.2714 0.3847 0.4813 0.4105 0.2836 0.4105 0.4813 0.3847 0.2714 0.2032 0.1867 0.3390 0.4727 0.4352 0.3082 0.2230 0.1840 0.2526 0.4443 0.4730 0.3509 0.2489 0.1926 0.1985 0.3921 0.4811 0.3992 0.2813 0.2083 0.1846 0.3146 0.4666 0.4485 0.3199 0.2298 0.1854 0.2308 0.4322 0.4783 0.3642 0.2576 0.1965 0.1923 0.3720 0.4789 0.4138 0.2918 0.2138 0.1836 0.2892 0.4588 0.4603 0.3320 0.2375 0.2154
0.2375 0.3318 0.4662 0.4573 0.2869 0.1561 0.1925 0.2816 0.4168 0.4790 0.3730 0.1686 0.1714 0.2428 0.3625 0.4810 0.4316 0.2216 0.1575 0.2110 0.3131 0.4531 0.4656 0.3147 0.1578 0.1857 0.2697 0.4009 0.4818 0.3930 0.1774 0.1664 0.2330 0.3477 0.4766 0.4434 0.2477 0.1561 0.2031 0.3000 0.4394 0.4721 0.3396 0.1608 0.1796 0.2584 0.3851 0.4829 0.4101 0.1927 0.1477 0.1927 0.4101 0.4829 0.3851 0.2584 0.1796 0.1608 0.3396 0.4721 0.4394 0.3000 0.2031 0.1561 0.2477 0.4434 0.4766 0.3477 0.2330 0.1664 0.1774 0.3930 0.4818 0.4009 0.2697 0.1857 0.1578 0.3147 0.4656 0.4531 0.3131 0.2110 0.1575 0.2216 0.4316 0.4810 0.3625 0.2428 0.1714 0.1686 0.3730 0.4790 0.4168 0.2816 0.1925 0.1561 0.2869 0.4573 0.4662 0.3318 0.2375
0.3320 0.4662 0.4592 0.2983 0.1567 0.1883 0.2735 0.4053 0.4802 0.3864 0.1739 0.1678 0.2357 0.3515 0.4771 0.4396 0.2387 0.1562 0.2053 0.3034 0.4427 0.4696 0.3315 0.1594 0.1813 0.2614 0.3890 0.4818 0.4050 0.1857 0.1632 0.2262 0.3371 0.4707 0.4501 0.2659 0.1556 0.1977 0.2907 0.4279 0.4749 0.3553 0.1636 0.1755 0.2506 0.3736 0.4816 0.4207 0.2027 0.1569 0.1803 0.1569 0.2027 0.4207 0.4816 0.3736 0.2506 0.1755 0.1636 0.3553 0.4749 0.4279 0.2907 0.1977 0.1556 0.2659 0.4501 0.4707 0.3371 0.2262 0.1632 0.1857 0.4050 0.4818 0.3890 0.2614 0.1813 0.1594 0.3315 0.4696 0.4427 0.3034 0.2053 0.1562 0.2387 0.4396 0.4771 0.3515 0.2357 0.1678 0.1739 0.3864 0.4802 0.4053 0.2735 0.1883 0.1567 0.2983 0.4592 0.4662 0.3320
0.4603 0.4573 0.2983 0.1571 0.1860 0.2681 0.3966 0.4814 0.3983 0.1809 0.1648 0.2294 0.3420 0.4733 0.4468 0.2568 0.1557 0.2002 0.2949 0.4331 0.4734 0.3476 0.1620 0.1774 0.2542 0.3787 0.4819 0.4158 0.1967 0.1606 0.2203 0.3279 0.4649 0.4563 0.2842 0.1558 0.1930 0.2825 0.4176 0.4778 0.3700 0.1676 0.1719 0.2437 0.3636 0.4803 0.4298 0.2181 0.1580 0.2085 0.2574 0.2085 0.1580 0.2181 0.4298 0.4803 0.3636 0.2437 0.1719 0.1676 0.3700 0.4778 0.4176 0.2825 0.1930 0.1558 0.2842 0.4563 0.4649 0.3279 0.2203 0.1606 0.1967 0.4158 0.4819 0.3787 0.2542 0.1774 0.1620 0.3476 0.4734 0.4331 0.2949 0.2002 0.1557 0.2568 0.4468 0.4733 0.3420 0.2294 0.1648 0.1809 0.3983 0.4814 0.3966 0.2681 0.1860 0.1571 0.2983 0.4573 0.4603
0.4588 0.2869 0.1567 0.1860 0.2660 0.3912 0.4820 0.4074 0.1889 0.1621 0.2236 0.3328 0.4681 0.4533 0.2752 0.1557 0.1954 0.2866 0.4229 0.4765 0.3627 0.1654 0.1737 0.2471 0.3686 0.4811 0.4254 0.2104 0.1585 0.2145 0.3187 0.4577 0.4617 0.3022 0.1566 0.1885 0.2745 0.4071 0.4799 0.3838 0.1727 0.1685 0.2371 0.3537 0.4779 0.4380 0.2350 0.1565 0.2070 0.3042 0.3840 0.3042 0.2070 0.1565 0.2350 0.4380 0.4779 0.3537 0.2371 0.1685 0.1727 0.3838 0.4799 0.4071 0.2745 0.1885 0.1566 0.3022 0.4617 0.4577 0.3187 0.2145 0.1585 0.2104 0.4254 0.4811 0.3686 0.2471 0.1737 0.1654 0.3627 0.4765 0.4229 0.2866 0.1954 0.1557 0.2752 0.4533 0.4681 0.3328 0.2236 0.1621 0.1889 0.4074 0.4820 0.3912 0.2660 0.1860 0.1567 0.2869 0.4588
0.2892 0.1561 0.1883 0.2681 0.3912 0.4821 0.4124 0.1959 0.1603 0.2188 0.3246 0.4621 0.4588 0.2929 0.1562 0.1908 0.2785 0.4124 0.4789 0.3770 0.1699 0.1702 0.2403 0.3586 0.4792 0.4340 0.2264 0.1570 0.2091 0.3097 0.4493 0.4666 0.3196 0.1580 0.1842 0.2668 0.3966 0.4813 0.3967 0.1795 0.1653 0.2307 0.3440 0.4742 0.4453 0.2529 0.1558 0.2013 0.2974 0.4370 0.4776 0.4370 0.2974 0.2013 0.1558 0.2529 0.4453 0.4742 0.3440 0.2307 0.1653 0.1795 0.3967 0.4813 0.3966 0.2668 0.1842 0.1580 0.3196 0.4666 0.4493 0.3097 0.2091 0.1570 0.2264 0.4340 0.4792 0.3586 0.2403 0.1702 0.1699 0.3770 0.4789 0.4124 0.2785 0.1908 0.1562 0.2929 0.4588 0.4621 0.3246 0.2188 0.1603 0.1959 0.4124 0.4821 0.3912 0.2681 0.1883 0.1561 0.2892
0.1836 0.1925 0.2735 0.3966 0.4820 0.4124 0.1988 0.1594 0.2155 0.3181 0.4559 0.4634 0.3090 0.1572 0.1865 0.2708 0.4019 0.4807 0.3903 0.1758 0.1669 0.2338 0.3488 0.4762 0.4418 0.2439 0.1561 0.2038 0.3010 0.4400 0.4707 0.3362 0.1601 0.1802 0.2593 0.3861 0.4820 0.4083 0.1886 0.1624 0.2245 0.3345 0.4693 0.4520 0.2712 0.1556 0.1964 0.2884 0.4257 0.4731 0.4227 0.4731 0.4257 0.2884 0.1964 0.1556 0.2712 0.4520 0.4693 0.3345 0.2245 0.1624 0.1886 0.4083 0.4820 0.3861 0.2593 0.1802 0.1601 0.3362 0.4707 0.4400 0.3010 0.2038 0.1561 0.2439 0.4418 0.4762 0.3488 0.2338 0.1669 0.1758 0.3903 0.4807 0.4019 0.2708 0.1865 0.1572 0.3090 0.4634 0.4559 0.3181 0.2155 0.1594 0.1988 0.4124 0.4820 0.3966 0.2735 0.1925 0.1836
0.2138 0.2816 0.4053 0.4814 0.4074 0.1959 0.1594 0.2143 0.3145 0.4512 0.4666 0.3223 0.1586 0.1828 0.2637 0.3918 0.4817 0.4025 0.1837 0.1638 0.2275 0.3392 0.4719 0.4488 0.2621 0.1556 0.1988 0.2925 0.4302 0.4743 0.3520 0.1629 0.1763 0.2521 0.3758 0.4818 0.4187 0.2004 0.1599 0.2186 0.3252 0.4629 0.4579 0.2895 0.1560 0.1917 0.2802 0.4146 0.4781 0.3751 0.2337 0.3751 0.4781 0.4146 0.2802 0.1917 0.1560 0.2895 0.4579 0.4629 0.3252 0.2186 0.1599 0.2004 0.4187 0.4818 0.3758 0.2521 0.1763 0.1629 0.3520 0.4743 0.4302 0.2925 0.1988 0.1556 0.2621 0.4488 0.4719 0.3392 0.2275 0.1638 0.1837 0.4025 0.4817 0.3918 0.2637 0.1828 0.1586 0.3223 0.4666 0.4512 0.3145 0.2143 0.1594 0.1959 0.4074 0.4814 0.4053 0.2816 0.2138
0.2918 0.4168 0.4802 0.3983 0.1889 0.1603 0.2155 0.3145 0.4495 0.4683 0.3312 0.1600 0.1798 0.2577 0.3827 0.4820 0.4130 0.1937 0.1611 0.2216 0.3298 0.4663 0.4550 0.2804 0.1558 0.1940 0.2843 0.4199 0.4772 0.3669 0.1666 0.1727 0.2452 0.3657 0.4807 0.4280 0.2148 0.1580 0.2129 0.3161 0.4554 0.4632 0.3073 0.1570 0.1872 0.2723 0.4041 0.4804 0.3870 0.1744 0.1489 0.1744 0.3870 0.4804 0.4041 0.2723 0.1872 0.1570 0.3073 0.4632 0.4554 0.3161 0.2129 0.1580 0.2148 0.4280 0.4807 0.3657 0.2452 0.1727 0.1666 0.3669 0.4772 0.4199 0.2843 0.1940 0.1558 0.2804 0.4550 0.4663 0.3298 0.2216 0.1611 0.1937 0.4130 0.4820 0.3827 0.2577 0.1798 0.1600 0.3312 0.4683 0.4495 0.3145 0.2155 0.1603 0.1889 0.3983 0.4802 0.4168 0.2918
0.4138 0.4790 0.3864 0.1809 0.1621 0.2188 0.3181 0.4512 0.4683 0.3344 0.1609 0.1778 0.2531 0.3752 0.4817 0.4216 0.2054 0.1591 0.2160 0.3208 0.4593 0.4606 0.2985 0.1565 0.1895 0.2762 0.4094 0.4795 0.3809 0.1715 0.1692 0.2384 0.3558 0.4785 0.4363 0.2313 0.1567 0.2075 0.3072 0.4467 0.4678 0.3245 0.1586 0.1830 0.2646 0.3935 0.4816 0.4001 0.1816 0.1617 0.1887 0.1617 0.1816 0.4001 0.4816 0.3935 0.2646 0.1830 0.1586 0.3245 0.4678 0.4467 0.3072 0.2075 0.1567 0.2313 0.4363 0.4785 0.3558 0.2384 0.1692 0.1715 0.3809 0.4795 0.4094 0.2762 0.1895 0.1565 0.2985 0.4606 0.4593 0.3208 0.2160 0.1591 0.2054 0.4216 0.4817 0.3752 0.2531 0.1778 0.1609 0.3344 0.4683 0.4512 0.3181 0.2188 0.1621 0.1809 0.3864 0.4790 0.4138
0.4789 0.3730 0.1739 0.1648 0.2236 0.3246 0.4559 0.4666 0.3312 0.1609 0.1772 0.2507 0.3701 0.4810 0.4281 0.2174 0.1576 0.2110 0.3124 0.4516 0.4655 0.3158 0.1577 0.1851 0.2685 0.3988 0.4811 0.3940 0.1779 0.1660 0.2320 0.3460 0.4751 0.4439 0.2491 0.1559 0.2023 0.2985 0.4372 0.4718 0.3409 0.1608 0.1790 0.2572 0.3831 0.4820 0.4114 0.1917 0.1620 0.2196 0.2728 0.2196 0.1620 0.1917 0.4114 0.4820 0.3831 0.2572 0.1790 0.1608 0.3409 0.4718 0.4372 0.2985 0.2023 0.1559 0.2491 0.4439 0.4751 0.3460 0.2320 0.1660 0.1779 0.3940 0.4811 0.3988 0.2685 0.1851 0.1577 0.3158 0.4655 0.4516 0.3124 0.2110 0.1576 0.2174 0.4281 0.4810 0.3701 0.2507 0.1772 0.1609 0.3312 0.4666 0.4559 0.3246 0.2236 0.1648 0.1739 0.3730 0.4789
0.3720 0.1686 0.1678 0.2294 0.3328 0.4621 0.4634 0.3223 0.1600 0.1778 0.2507 0.3683 0.4804 0.4323 0.2272 0.1567 0.2069 0.3050 0.4436 0.4695 0.3318 0.1595 0.1811 0.2610 0.3883 0.4819 0.4059 0.1864 0.1630 0.2258 0.3365 0.4704 0.4506 0.2674 0.1556 0.1974 0.2901 0.4272 0.4752 0.3564 0.1639 0.1752 0.2501 0.3729 0.4816 0.4214 0.2043 0.1594 0.2175 0.3221 0.4055 0.3221 0.2175 0.1594 0.2043 0.4214 0.4816 0.3729 0.2501 0.1752 0.1639 0.3564 0.4752 0.4272 0.2901 0.1974 0.1556 0.2674 0.4506 0.4704 0.3365 0.2258 0.1630 0.1864 0.4059 0.4819 0.3883 0.2610 0.1811 0.1595 0.3318 0.4695 0.4436 0.3050 0.2069 0.1567 0.2272 0.4323 0.4804 0.3683 0.2507 0.1778 0.1600 0.3223 0.4634 0.4621 0.3328 0.2294 0.1678 0.1686 0.3720
0.1923 0.1714 0.2357 0.3420 0.4681 0.4588 0.3090 0.1586 0.1798 0.2531 0.3701 0.4804 0.4337 0.2328 0.1563 0.2039 0.2992 0.4363 0.4726 0.3458 0.1619 0.1774 0.2540 0.3782 0.4819 0.4165 0.1976 0.1604 0.2198 0.3271 0.4644 0.4567 0.2857 0.1559 0.1927 0.2819 0.4169 0.4780 0.3711 0.1679 0.1717 0.2432 0.3628 0.4802 0.4305 0.2194 0.1576 0.2114 0.3142 0.4541 0.4764 0.4541 0.3142 0.2114 0.1576 0.2194 0.4305 0.4802 0.3628 0.2432 0.1717 0.1679 0.3711 0.4780 0.4169 0.2819 0.1927 0.1559 0.2857 0.4567 0.4644 0.3271 0.2198 0.1604 0.1976 0.4165 0.4819 0.3782 0.2540 0.1774 0.1619 0.3458 0.4726 0.4363 0.2992 0.2039 0.1563 0.2328 0.4337 0.4804 0.3701 0.2531 0.1798 0.1586 0.3090 0.4588 0.4681 0.3420 0.2357 0.1714 0.1923
0.1965 0.2428 0.3515 0.4733 0.4533 0.2929 0.1572 0.1828 0.2577 0.3752 0.4810 0.4323 0.2328 0.1561 0.2023 0.2954 0.4306 0.4749 0.3573 0.1646 0.1742 0.2476 0.3687 0.4810 0.4259 0.2114 0.1584 0.2141 0.3180 0.4570 0.4621 0.3036 0.1568 0.1882 0.2740 0.4063 0.4800 0.3848 0.1731 0.1683 0.2366 0.3529 0.4777 0.4386 0.2364 0.1564 0.2060 0.3047 0.4446 0.4661 0.4046 0.4661 0.4446 0.3047 0.2060 0.1564 0.2364 0.4386 0.4777 0.3529 0.2366 0.1683 0.1731 0.3848 0.4800 0.4063 0.2740 0.1882 0.1568 0.3036 0.4621 0.4570 0.3180 0.2141 0.1584 0.2114 0.4259 0.4810 0.3687 0.2476 0.1742 0.1646 0.3573 0.4749 0.4306 0.2954 0.2023 0.1561 0.2328 0.4323 0.4810 0.3752 0.2577 0.1828 0.1572 0.2929 0.4533 0.4733 0.3515 0.2428 0.1965
0.2576 0.3625 0.4771 0.4468 0.2752 0.1562 0.1865 0.2637 0.3827 0.4817 0.4281 0.2272 0.1563 0.2023 0.2940 0.4275 0.4762 0.3655 0.1672 0.1716 0.2421 0.3602 0.4794 0.4338 0.2267 0.1570 0.2088 0.3091 0.4486 0.4669 0.3209 0.1582 0.1839 0.2663 0.3958 0.4814 0.3975 0.1801 0.1651 0.2302 0.3433 0.4739 0.4459 0.2543 0.1558 0.2009 0.2961 0.4344 0.4725 0.3481 0.2014 0.3481 0.4725 0.4344 0.2961 0.2009 0.1558 0.2543 0.4459 0.4739 0.3433 0.2302 0.1651 0.1801 0.3975 0.4814 0.3958 0.2663 0.1839 0.1582 0.3209 0.4669 0.4486 0.3091 0.2088 0.1570 0.2267 0.4338 0.4794 0.3602 0.2421 0.1716 0.1672 0.3655 0.4762 0.4275 0.2940 0.2023 0.1563 0.2272 0.4281 0.4817 0.3827 0.2637 0.1865 0.1562 0.2752 0.4468 0.4771 0.3625 0.2576
0.3642 0.4810 0.4396 0.2568 0.1557 0.1908 0.2708 0.3918 0.4820 0.4216 0.2174 0.1567 0.2039 0.2954 0.4275 0.4767 0.3698 0.1692 0.1698 0.2379 0.3530 0.4772 0.4404 0.2420 0.1561 0.2038 0.3007 0.4395 0.4710 0.3375 0.1603 0.1799 0.2588 0.3853 0.4820 0.4091 0.1893 0.1622 0.2240 0.3338 0.4688 0.4525 0.2727 0.1557 0.1960 0.2877 0.4243 0.4761 0.3600 0.1641 0.1516 0.1641 0.3600 0.4761 0.4243 0.2877 0.1960 0.1557 0.2727 0.4525 0.4688 0.3338 0.2240 0.1622 0.1893 0.4091 0.4820 0.3853 0.2588 0.1799 0.1603 0.3375 0.4710 0.4395 0.3007 0.2038 0.1561 0.2420 0.4404 0.4772 0.3530 0.2379 0.1698 0.1692 0.3698 0.4767 0.4275 0.2954 0.2039 0.1567 0.2174 0.4216 0.4820 0.3918 0.2708 0.1908 0.1557 0.2568 0.4396 0.4810 0.3642
0.4783 0.4316 0.2387 0.1557 0.1954 0.2785 0.4019 0.4817 0.4130 0.2054 0.1576 0.2069 0.2992 0.4306 0.4762 0.3698 0.1699 0.1688 0.2351 0.3478 0.4749 0.4456 0.2562 0.1557 0.1994 0.2930 0.4302 0.4744 0.3529 0.1631 0.1761 0.2516 0.3750 0.4817 0.4194 0.2013 0.1597 0.2181 0.3245 0.4624 0.4583 0.2909 0.1561 0.1914 0.2796 0.4138 0.4786 0.3751 0.1692 0.1678 0.1981 0.1678 0.1692 0.3751 0.4786 0.4138 0.2796 0.1914 0.1561 0.2909 0.4583 0.4624 0.3245 0.2181 0.1597 0.2013 0.4194 0.4817 0.3750 0.2516 0.1761 0.1631 0.3529 0.4744 0.4302 0.2930 0.1994 0.1557 0.2562 0.4456 0.4749 0.3478 0.2351 0.1688 0.1699 0.3698 0.4762 0.4306 0.2992 0.2069 0.1576 0.2054 0.4130 0.4817 0.4019 0.2785 0.1954 0.1557 0.2387 0.4316 0.4783
0.4322 0.2216 0.1562 0.2002 0.2866 0.4124 0.4807 0.4025 0.1937 0.1591 0.2110 0.3050 0.4363 0.4749 0.3655 0.1692 0.1688 0.2342 0.3450 0.4731 0.4492 0.2676 0.1556 0.1957 0.2862 0.4213 0.4771 0.3667 0.1667 0.1725 0.2447 0.3650 0.4805 0.4286 0.2159 0.1579 0.2125 0.3154 0.4547 0.4636 0.3087 0.1571 0.1869 0.2717 0.4033 0.4805 0.3886 0.1749 0.1677 0.2316 0.2894 0.2316 0.1677 0.1749 0.3886 0.4805 0.4033 0.2717 0.1869 0.1571 0.3087 0.4636 0.4547 0.3154 0.2125 0.1579 0.2159 0.4286 0.4805 0.3650 0.2447 0.1725 0.1667 0.3667 0.4771 0.4213 0.2862 0.1957 0.1556 0.2676 0.4492 0.4731 0.3450 0.2342 0.1688 0.1692 0.3655 0.4749 0.4363 0.3050 0.2110 0.1591 0.1937 0.4025 0.4807 0.4124 0.2866 0.2002 0.1562 0.2216 0.4322
0.2308 0.1575 0.2053 0.2949 0.4229 0.4789 0.3903 0.1837 0.1611 0.2160 0.3124 0.4436 0.4726 0.3573 0.1672 0.1698 0.2351 0.3450 0.4724 0.4510 0.2750 0.1558 0.1928 0.2805 0.4133 0.4790 0.3788 0.1710 0.1693 0.2384 0.3553 0.4783 0.4368 0.2326 0.1566 0.2071 0.3065 0.4460 0.4682 0.3258 0.1587 0.1827 0.2641 0.3928 0.4816 0.4010 0.1825 0.1643 0.2290 0.3409 0.4265 0.3409 0.2290 0.1643 0.1825 0.4010 0.4816 0.3928 0.2641 0.1827 0.1587 0.3258 0.4682 0.4460 0.3065 0.2071 0.1566 0.2326 0.4368 0.4783 0.3553 0.2384 0.1693 0.1710 0.3788 0.4790 0.4133 0.2805 0.1928 0.1558 0.2750 0.4510 0.4724 0.3450 0.2351 0.1698 0.1672 0.3573 0.4726 0.4436 0.3124 0.2160 0.1611 0.1837 0.3903 0.4789 0.4229 0.2949 0.2053 0.1575 0.2308
0.1854 0.2110 0.3034 0.4331 0.4765 0.3770 0.1758 0.1638 0.2216 0.3208 0.4516 0.4695 0.3458 0.1646 0.1716 0.2379 0.3478 0.4731 0.4510 0.2775 0.1559 0.1910 0.2764 0.4069 0.4803 0.3889 0.1759 0.1666 0.2326 0.3464 0.4751 0.4441 0.2500 0.1558 0.2019 0.2979 0.4365 0.4721 0.3421 0.1610 0.1788 0.2567 0.3824 0.4820 0.4121 0.1925 0.1614 0.2224 0.3318 0.4674 0.4727 0.4674 0.3318 0.2224 0.1614 0.1925 0.4121 0.4820 0.3824 0.2567 0.1788 0.1610 0.3421 0.4721 0.4365 0.2979 0.2019 0.1558 0.2500 0.4441 0.4751 0.3464 0.2326 0.1666 0.1759 0.3889 0.4803 0.4069 0.2764 0.1910 0.1559 0.2775 0.4510 0.4731 0.3478 0.2379 0.1716 0.1646 0.3458 0.4695 0.4516 0.3208 0.2216 0.1638 0.1758 0.3770 0.4765 0.4331 0.3034 0.2110 0.1854
0.2298 0.3131 0.4427 0.4734 0.3627 0.1699 0.1669 0.2275 0.3298 0.4593 0.4655 0.3318 0.1619 0.1742 0.2421 0.3530 0.4749 0.4492 0.2750 0.1559 0.1904 0.2744 0.4027 0.4810 0.3965 0.1811 0.1643 0.2276 0.3383 0.4710 0.4503 0.2672 0.1556 0.1971 0.2895 0.4264 0.4755 0.3576 0.1641 0.1750 0.2496 0.3721 0.4815 0.4221 0.2053 0.1591 0.2165 0.3219 0.4607 0.4569 0.3829 0.4569 0.4607 0.3219 0.2165 0.1591 0.2053 0.4221 0.4815 0.3721 0.2496 0.1750 0.1641 0.3576 0.4755 0.4264 0.2895 0.1971 0.1556 0.2672 0.4503 0.4710 0.3383 0.2276 0.1643 0.1811 0.3965 0.4810 0.4027 0.2744 0.1904 0.1559 0.2750 0.4492 0.4749 0.3530 0.2421 0.1742 0.1619 0.3318 0.4655 0.4593 0.3298 0.2275 0.1669 0.1699 0.3627 0.4734 0.4427 0.3131 0.2298
0.3199 0.4531 0.4696 0.3476 0.1654 0.1702 0.2338 0.3392 0.4663 0.4606 0.3158 0.1595 0.1774 0.2476 0.3602 0.4772 0.4456 0.2676 0.1558 0.1910 0.2744 0.4014 0.4813 0.4011 0.1855 0.1626 0.2236 0.3314 0.4664 0.4555 0.2833 0.1559 0.1927 0.2817 0.4162 0.4781 0.3722 0.1682 0.1714 0.2427 0.3621 0.4800 0.4311 0.2206 0.1574 0.2109 0.3128 0.4523 0.4645 0.3173 0.1768 0.3173 0.4645 0.4523 0.3128 0.2109 0.1574 0.2206 0.4311 0.4800 0.3621 0.2427 0.1714 0.1682 0.3722 0.4781 0.4162 0.2817 0.1927 0.1559 0.2833 0.4555 0.4664 0.3314 0.2236 0.1626 0.1855 0.4011 0.4813 0.4014 0.2744 0.1910 0.1558 0.2676 0.4456 0.4772 0.3602 0.2476 0.1774 0.1595 0.3158 0.4606 0.4663 0.3392 0.2338 0.1702 0.1654 0.3476 0.4696 0.4531 0.3199
0.4485 0.4656 0.3315 0.1620 0.1737 0.2403 0.3488 0.4719 0.4550 0.2985 0.1577 0.1811 0.2540 0.3687 0.4794 0.4404 0.2562 0.1556 0.1928 0.2764 0.4027 0.4813 0.4026 0.1880 0.1615 0.2207 0.3260 0.4619 0.4596 0.2976 0.1565 0.1888 0.2745 0.4064 0.4801 0.3855 0.1735 0.1681 0.2361 0.3522 0.4774 0.4391 0.2376 0.1563 0.2056 0.3040 0.4433 0.4694 0.3298 0.1580 0.1556 0.1580 0.3298 0.4694 0.4433 0.3040 0.2056 0.1563 0.2376 0.4391 0.4774 0.3522 0.2361 0.1681 0.1735 0.3855 0.4801 0.4064 0.2745 0.1888 0.1565 0.2976 0.4596 0.4619 0.3260 0.2207 0.1615 0.1880 0.4026 0.4813 0.4027 0.2764 0.1928 0.1556 0.2562 0.4404 0.4794 0.3687 0.2540 0.1811 0.1577 0.2985 0.4550 0.4719 0.3488 0.2403 0.1737 0.1620 0.3315 0.4656 0.4485
0.4666 0.3147 0.1594 0.1774 0.2471 0.3586 0.4762 0.4488 0.2804 0.1565 0.1851 0.2610 0.3782 0.4810 0.4338 0.2420 0.1557 0.1957 0.2805 0.4069 0.4810 0.4011 0.1880 0.1612 0.2192 0.3226 0.4584 0.4626 0.3092 0.1574 0.1854 0.2681 0.3973 0.4813 0.3972 0.1803 0.1650 0.2298 0.3426 0.4736 0.4464 0.2556 0.1557 0.2005 0.2954 0.4336 0.4731 0.3466 0.1619 0.1746 0.2083 0.1746 0.1619 0.3466 0.4731 0.4336 0.2954 0.2005 0.1557 0.2556 0.4464 0.4736 0.3426 0.2298 0.1650 0.1803 0.3972 0.4813 0.3973 0.2681 0.1854 0.1574 0.3092 0.4626 0.4584 0.3226 0.2192 0.1612 0.1880 0.4011 0.4810 0.4069 0.2805 0.1957 0.1557 0.2420 0.4338 0.4810 0.3782 0.2610 0.1851 0.1565 0.2804 0.4488 0.4762 0.3586 0.2471 0.1774 0.1594 0.3147 0.4666
0.3146 0.1578 0.1813 0.2542 0.3686 0.4792 0.4418 0.2621 0.1558 0.1895 0.2685 0.3883 0.4819 0.4259 0.2267 0.1561 0.1994 0.2862 0.4133 0.4803 0.3965 0.1855 0.1615 0.2192 0.3214 0.4565 0.4644 0.3173 0.1583 0.1828 0.2627 0.3892 0.4819 0.4072 0.1884 0.1623 0.2240 0.3335 0.4685 0.4529 0.2740 0.1556 0.1956 0.2871 0.4235 0.4763 0.3619 0.1652 0.1743 0.2446 0.3071 0.2446 0.1743 0.1652 0.3619 0.4763 0.4235 0.2871 0.1956 0.1556 0.2740 0.4529 0.4685 0.3335 0.2240 0.1623 0.1884 0.4072 0.4819 0.3892 0.2627 0.1828 0.1583 0.3173 0.4644 0.4565 0.3214 0.2192 0.1615 0.1855 0.3965 0.4803 0.4133 0.2862 0.1994 0.1561 0.2267 0.4259 0.4819 0.3883 0.2685 0.1895 0.1558 0.2621 0.4418 0.4792 0.3686 0.2542 0.1813 0.1578 0.3146
0.1846 0.1857 0.2614 0.3787 0.4811 0.4340 0.2439 0.1556 0.1940 0.2762 0.3988 0.4819 0.4165 0.2114 0.1570 0.2038 0.2930 0.4213 0.4790 0.3889 0.1811 0.1626 0.2207 0.3226 0.4565 0.4650 0.3214 0.1590 0.1809 0.2586 0.3825 0.4820 0.4154 0.1977 0.1601 0.2188 0.3249 0.4624 0.4585 0.2918 0.1561 0.1910 0.2790 0.4130 0.4788 0.3762 0.1696 0.1705 0.2414 0.3604 0.4455 0.3604 0.2414 0.1705 0.1696 0.3762 0.4788 0.4130 0.2790 0.1910 0.1561 0.2918 0.4585 0.4624 0.3249 0.2188 0.1601 0.1977 0.4154 0.4820 0.3825 0.2586 0.1809 0.1590 0.3214 0.4650 0.4565 0.3226 0.2207 0.1626 0.1811 0.3889 0.4790 0.4213 0.2930 0.2038 0.1570 0.2114 0.4165 0.4819 0.3988 0.2762 0.1940 0.1556 0.2439 0.4340 0.4811 0.3787 0.2614 0.1857 0.1846
0.2083 0.2697 0.3890 0.4819 0.4254 0.2264 0.1561 0.1988 0.2843 0.4094 0.4811 0.4059 0.1976 0.1584 0.2088 0.3007 0.4302 0.4771 0.3788 0.1759 0.1643 0.2236 0.3260 0.4584 0.4644 0.3214 0.1592 0.1800 0.2561 0.3779 0.4817 0.4217 0.2073 0.1586 0.2141 0.3171 0.4557 0.4633 0.3084 0.1571 0.1867 0.2712 0.4025 0.4806 0.3896 0.1755 0.1671 0.2343 0.3501 0.4757 0.4667 0.4757 0.3501 0.2343 0.1671 0.1755 0.3896 0.4806 0.4025 0.2712 0.1867 0.1571 0.3084 0.4633 0.4557 0.3171 0.2141 0.1586 0.2073 0.4217 0.4817 0.3779 0.2561 0.1800 0.1592 0.3214 0.4644 0.4584 0.3260 0.2236 0.1643 0.1759 0.3788 0.4771 0.4302 0.3007 0.2088 0.1584 0.1976 0.4059 0.4811 0.4094 0.2843 0.1988 0.1561 0.2264 0.4254 0.4819 0.3890 0.2697 0.2083
0.2813 0.4009 0.4818 0.4158 0.2104 0.1570 0.2038 0.2925 0.4199 0.4795 0.3940 0.1864 0.1604 0.2141 0.3091 0.4395 0.4744 0.3667 0.1710 0.1666 0.2276 0.3314 0.4619 0.4626 0.3173 0.1590 0.1800 0.2552 0.3755 0.4814 0.4259 0.2156 0.1576 0.2103 0.3103 0.4488 0.4672 0.3235 0.1586 0.1828 0.2639 0.3921 0.4817 0.4019 0.1832 0.1640 0.2279 0.3398 0.4725 0.4454 0.3576 0.4454 0.4725 0.3398 0.2279 0.1640 0.1832 0.4019 0.4817 0.3921 0.2639 0.1828 0.1586 0.3235 0.4672 0.4488 0.3103 0.2103 0.1576 0.2156 0.4259 0.4814 0.3755 0.2552 0.1800 0.1590 0.3173 0.4626 0.4619 0.3314 0.2276 0.1666 0.1710 0.3667 0.4744 0.4395 0.3091 0.2141 0.1604 0.1864 0.3940 0.4795 0.4199 0.2925 0.2038 0.1570 0.2104 0.4158 0.4818 0.4009 0.2813
0.3992 0.4818 0.4050 0.1967 0.1585 0.2091 0.3010 0.4302 0.4772 0.3809 0.1779 0.1630 0.2198 0.3180 0.4486 0.4710 0.3529 0.1667 0.1693 0.2326 0.3383 0.4664 0.4596 0.3092 0.1583 0.1809 0.2561 0.3755 0.4813 0.4280 0.2210 0.1570 0.2074 0.3049 0.4424 0.4704 0.3368 0.1604 0.1793 0.2572 0.3825 0.4820 0.4127 0.1933 0.1612 0.2219 0.3304 0.4667 0.4541 0.2832 0.1619 0.2832 0.4541 0.4667 0.3304 0.2219 0.1612 0.1933 0.4127 0.4820 0.3825 0.2572 0.1793 0.1604 0.3368 0.4704 0.4424 0.3049 0.2074 0.1570 0.2210 0.4280 0.4813 0.3755 0.2561 0.1809 0.1583 0.3092 0.4596 0.4664 0.3383 0.2326 0.1693 0.1667 0.3529 0.4710 0.4486 0.3180 0.2198 0.1630 0.1779 0.3809 0.4772 0.4302 0.3010 0.2091 0.1585 0.1967 0.4050 0.4818 0.3992
0.4811 0.3930 0.1857 0.1606 0.2145 0.3097 0.4400 0.4743 0.3669 0.1715 0.1660 0.2258 0.3271 0.4570 0.4669 0.3375 0.1631 0.1725 0.2384 0.3464 0.4710 0.4555 0.2976 0.1574 0.1828 0.2586 0.3779 0.4814 0.4280 0.2228 0.1567 0.2057 0.3011 0.4373 0.4727 0.3478 0.1625 0.1763 0.2513 0.3736 0.4816 0.4219 0.2056 0.1591 0.2162 0.3212 0.4598 0.4603 0.2965 0.1547 0.1610 0.1547 0.2965 0.4603 0.4598 0.3212 0.2162 0.1591 0.2056 0.4219 0.4816 0.3736 0.2513 0.1763 0.1625 0.3478 0.4727 0.4373 0.3011 0.2057 0.1567 0.2228 0.4280 0.4814 0.3779 0.2586 0.1828 0.1574 0.2976 0.4555 0.4710 0.3464 0.2384 0.1725 0.1631 0.3375 0.4669 0.4570 0.3271 0.2258 0.1660 0.1715 0.3669 0.4743 0.4400 0.3097 0.2145 0.1606 0.1857 0.3930 0.4811
0.3921 0.1774 0.1632 0.2203 0.3187 0.4493 0.4707 0.3520 0.1666 0.1692 0.2320 0.3365 0.4644 0.4621 0.3209 0.1603 0.1761 0.2447 0.3553 0.4751 0.4503 0.2833 0.1565 0.1854 0.2627 0.3825 0.4817 0.4259 0.2210 0.1567 0.2051 0.2992 0.4340 0.4742 0.3559 0.1646 0.1738 0.2461 0.3656 0.4805 0.4298 0.2192 0.1575 0.2109 0.3125 0.4518 0.4653 0.3148 0.1578 0.1823 0.2197 0.1823 0.1578 0.3148 0.4653 0.4518 0.3125 0.2109 0.1575 0.2192 0.4298 0.4805 0.3656 0.2461 0.1738 0.1646 0.3559 0.4742 0.4340 0.2992 0.2051 0.1567 0.2210 0.4259 0.4817 0.3825 0.2627 0.1854 0.1565 0.2833 0.4503 0.4751 0.3553 0.2447 0.1761 0.1603 0.3209 0.4621 0.4644 0.3365 0.2320 0.1692 0.1666 0.3520 0.4707 0.4493 0.3187 0.2203 0.1632 0.1774 0.3921
0.1985 0.1664 0.2262 0.3279 0.4577 0.4666 0.3362 0.1629 0.1727 0.2384 0.3460 0.4704 0.4567 0.3036 0.1582 0.1799 0.2516 0.3650 0.4783 0.4441 0.2672 0.1559 0.1888 0.2681 0.3892 0.4820 0.4217 0.2156 0.1570 0.2057 0.2992 0.4328 0.4749 0.3607 0.1663 0.1719 0.2420 0.3589 0.4789 0.4362 0.2331 0.1565 0.2061 0.3043 0.4433 0.4695 0.3314 0.1595 0.1818 0.2588 0.3260 0.2588 0.1818 0.1595 0.3314 0.4695 0.4433 0.3043 0.2061 0.1565 0.2331 0.4362 0.4789 0.3589 0.2420 0.1719 0.1663 0.3607 0.4749 0.4328 0.2992 0.2057 0.1570 0.2156 0.4217 0.4820 0.3892 0.2681 0.1888 0.1559 0.2672 0.4441 0.4783 0.3650 0.2516 0.1799 0.1582 0.3036 0.4567 0.4704 0.3460 0.2384 0.1727 0.1629 0.3362 0.4666 0.4577 0.3279 0.2262 0.1664 0.1985
0.1926 0.2330 0.3371 0.4649 0.4617 0.3196 0.1601 0.1763 0.2452 0.3558 0.4751 0.4506 0.2857 0.1568 0.1839 0.2588 0.3750 0.4805 0.4368 0.2500 0.1556 0.1927 0.2745 0.3973 0.4819 0.4154 0.2073 0.1576 0.2074 0.3011 0.4340 0.4749 0.3624 0.1672 0.1708 0.2392 0.3539 0.4771 0.4414 0.2460 0.1559 0.2019 0.2970 0.4347 0.4730 0.3465 0.1619 0.1775 0.2549 0.3806 0.4610 0.3806 0.2549 0.1775 0.1619 0.3465 0.4730 0.4347 0.2970 0.2019 0.1559 0.2460 0.4414 0.4771 0.3539 0.2392 0.1708 0.1672 0.3624 0.4749 0.4340 0.3011 0.2074 0.1576 0.2073 0.4154 0.4819 0.3973 0.2745 0.1927 0.1556 0.2500 0.4368 0.4805 0.3750 0.2588 0.1839 0.1568 0.2857 0.4506 0.4751 0.3558 0.2452 0.1763 0.1601 0.3196 0.4617 0.4649 0.3371 0.2330 0.1926
0.2489 0.3477 0.4707 0.4563 0.3022 0.1580 0.1802 0.2521 0.3657 0.4785 0.4439 0.2674 0.1559 0.1882 0.2663 0.3853 0.4817 0.4286 0.2326 0.1558 0.1971 0.2817 0.4064 0.4813 0.4072 0.1977 0.1586 0.2103 0.3049 0.4373 0.4742 0.3607 0.1672 0.1704 0.2377 0.3507 0.4756 0.4450 0.2567 0.1556 0.1983 0.2905 0.4264 0.4758 0.3601 0.1650 0.1740 0.2475 0.3695 0.4796 0.4585 0.4796 0.3695 0.2475 0.1740 0.1650 0.3601 0.4758 0.4264 0.2905 0.1983 0.1556 0.2567 0.4450 0.4756 0.3507 0.2377 0.1704 0.1672 0.3607 0.4742 0.4373 0.3049 0.2103 0.1586 0.1977 0.4072 0.4813 0.4064 0.2817 0.1971 0.1558 0.2326 0.4286 0.4817 0.3853 0.2663 0.1882 0.1559 0.2674 0.4439 0.4785 0.3657 0.2521 0.1802 0.1580 0.3022 0.4563 0.4707 0.3477 0.2489
0.3509 0.4766 0.4501 0.2842 0.1566 0.1842 0.2593 0.3758 0.4807 0.4363 0.2491 0.1556 0.1927 0.2740 0.3958 0.4820 0.4194 0.2159 0.1566 0.2019 0.2895 0.4162 0.4801 0.3972 0.1884 0.1601 0.2141 0.3103 0.4424 0.4727 0.3559 0.1663 0.1708 0.2377 0.3496 0.4747 0.4473 0.2644 0.1556 0.1955 0.2850 0.4189 0.4778 0.3720 0.1686 0.1708 0.2412 0.3594 0.4794 0.4311 0.3280 0.4311 0.4794 0.3594 0.2412 0.1708 0.1686 0.3720 0.4778 0.4189 0.2850 0.1955 0.1556 0.2644 0.4473 0.4747 0.3496 0.2377 0.1708 0.1663 0.3559 0.4727 0.4424 0.3103 0.2141 0.1601 0.1884 0.3972 0.4801 0.4162 0.2895 0.2019 0.1566 0.2159 0.4194 0.4820 0.3958 0.2740 0.1927 0.1556 0.2491 0.4363 0.4807 0.3758 0.2593 0.1842 0.1566 0.2842 0.4501 0.4766 0.3509
0.4730 0.4434 0.2659 0.1558 0.1885 0.2668 0.3861 0.4818 0.4280 0.2313 0.1559 0.1974 0.2819 0.4063 0.4814 0.4091 0.2013 0.1579 0.2071 0.2979 0.4264 0.4781 0.3855 0.1803 0.1623 0.2188 0.3171 0.4488 0.4704 0.3478 0.1646 0.1719 0.2392 0.3507 0.4747 0.4480 0.2684 0.1556 0.1936 0.2810 0.4128 0.4793 0.3819 0.1727 0.1681 0.2356 0.3507 0.4767 0.4405 0.2462 0.1532 0.2462 0.4405 0.4767 0.3507 0.2356 0.1681 0.1727 0.3819 0.4793 0.4128 0.2810 0.1936 0.1556 0.2684 0.4480 0.4747 0.3507 0.2392 0.1719 0.1646 0.3478 0.4704 0.4488 0.3171 0.2188 0.1623 0.1803 0.3855 0.4781 0.4264 0.2979 0.2071 0.1579 0.2013 0.4091 0.4814 0.4063 0.2819 0.1974 0.1559 0.2313 0.4280 0.4818 0.3861 0.2668 0.1885 0.1558 0.2659 0.4434 0.4730
0.4443 0.2477 0.1556 0.1930 0.2745 0.3966 0.4820 0.4187 0.2148 0.1567 0.2023 0.2901 0.4169 0.4800 0.3975 0.1893 0.1597 0.2125 0.3065 0.4365 0.4755 0.3722 0.1735 0.1650 0.2240 0.3249 0.4557 0.4672 0.3368 0.1625 0.1738 0.2420 0.3539 0.4756 0.4473 0.2684 0.1557 0.1926 0.2784 0.4085 0.4802 0.3894 0.1769 0.1659 0.2307 0.3429 0.4733 0.4474 0.2585 0.1536 0.1675 0.1536 0.2585 0.4474 0.4733 0.3429 0.2307 0.1659 0.1769 0.3894 0.4802 0.4085 0.2784 0.1926 0.1557 0.2684 0.4473 0.4756 0.3539 0.2420 0.1738 0.1625 0.3368 0.4672 0.4557 0.3249 0.2240 0.1650 0.1735 0.3722 0.4755 0.4365 0.3065 0.2125 0.1597 0.1893 0.3975 0.4800 0.4169 0.2901 0.2023 0.1567 0.2148 0.4187 0.4820 0.3966 0.2745 0.1930 0.1556 0.2477 0.4443
0.2526 0.1561 0.1977 0.2825 0.4071 0.4813 0.4083 0.2004 0.1580 0.2075 0.2985 0.4272 0.4780 0.3848 0.1801 0.1622 0.2181 0.3154 0.4460 0.4721 0.3576 0.1682 0.1681 0.2298 0.3335 0.4624 0.4633 0.3235 0.1604 0.1763 0.2461 0.3589 0.4771 0.4450 0.2644 0.1556 0.1926 0.2776 0.4062 0.4807 0.3946 0.1806 0.1641 0.2268 0.3362 0.4694 0.4526 0.2749 0.1559 0.1916 0.2331 0.1916 0.1559 0.2749 0.4526 0.4694 0.3362 0.2268 0.1641 0.1806 0.3946 0.4807 0.4062 0.2776 0.1926 0.1556 0.2644 0.4450 0.4771 0.3589 0.2461 0.1763 0.1604 0.3235 0.4633 0.4624 0.3335 0.2298 0.1681 0.1682 0.3576 0.4721 0.4460 0.3154 0.2181 0.1622 0.1801 0.3848 0.4780 0.4272 0.2985 0.2075 0.1580 0.2004 0.4083 0.4813 0.4071 0.2825 0.1977 0.1561 0.2526
0.1840 0.2031 0.2907 0.4176 0.4799 0.3967 0.1886 0.1599 0.2129 0.3072 0.4372 0.4752 0.3711 0.1731 0.1651 0.2240 0.3245 0.4547 0.4682 0.3421 0.1641 0.1714 0.2361 0.3426 0.4685 0.4585 0.3084 0.1586 0.1793 0.2513 0.3656 0.4789 0.4414 0.2567 0.1556 0.1936 0.2784 0.4062 0.4808 0.3973 0.1833 0.1629 0.2238 0.3309 0.4655 0.4568 0.2888 0.1561 0.1914 0.2761 0.3483 0.2761 0.1914 0.1561 0.2888 0.4568 0.4655 0.3309 0.2238 0.1629 0.1833 0.3973 0.4808 0.4062 0.2784 0.1936 0.1556 0.2567 0.4414 0.4789 0.3656 0.2513 0.1793 0.1586 0.3084 0.4585 0.4685 0.3426 0.2361 0.1714 0.1641 0.3421 0.4682 0.4547 0.3245 0.2240 0.1651 0.1731 0.3711 0.4752 0.4372 0.3072 0.2129 0.1599 0.1886 0.3967 0.4799 0.4176 0.2907 0.2031 0.1840
0.2230 0.3000 0.4279 0.4778 0.3838 0.1795 0.1624 0.2186 0.3161 0.4467 0.4718 0.3564 0.1679 0.1683 0.2302 0.3338 0.4624 0.4636 0.3258 0.1610 0.1750 0.2427 0.3522 0.4736 0.4529 0.2918 0.1571 0.1828 0.2572 0.3736 0.4805 0.4362 0.2460 0.1556 0.1955 0.2810 0.4085 0.4807 0.3973 0.1843 0.1623 0.2220 0.3271 0.4622 0.4599 0.3001 0.1567 0.1876 0.2725 0.4047 0.4724 0.4047 0.2725 0.1876 0.1567 0.3001 0.4599 0.4622 0.3271 0.2220 0.1623 0.1843 0.3973 0.4807 0.4085 0.2810 0.1955 0.1556 0.2460 0.4362 0.4805 0.3736 0.2572 0.1828 0.1571 0.2918 0.4529 0.4736 0.3522 0.2427 0.1750 0.1610 0.3258 0.4636 0.4624 0.3338 0.2302 0.1683 0.1679 0.3564 0.4718 0.4467 0.3161 0.2186 0.1624 0.1795 0.3838 0.4778 0.4279 0.3000 0.2230
0.3082 0.4394 0.4749 0.3700 0.1727 0.1653 0.2245 0.3252 0.4554 0.4678 0.3409 0.1639 0.1717 0.2366 0.3433 0.4688 0.4583 0.3087 0.1587 0.1788 0.2496 0.3621 0.4774 0.4464 0.2740 0.1561 0.1867 0.2639 0.3825 0.4816 0.4298 0.2331 0.1559 0.1983 0.2850 0.4128 0.4802 0.3946 0.1833 0.1623 0.2213 0.3252 0.4600 0.4620 0.3086 0.1575 0.1848 0.2665 0.3950 0.4795 0.4456 0.4795 0.3950 0.2665 0.1848 0.1575 0.3086 0.4620 0.4600 0.3252 0.2213 0.1623 0.1833 0.3946 0.4802 0.4128 0.2850 0.1983 0.1559 0.2331 0.4298 0.4816 0.3825 0.2639 0.1867 0.1561 0.2740 0.4464 0.4774 0.3621 0.2496 0.1788 0.1587 0.3087 0.4583 0.4688 0.3433 0.2366 0.1717 0.1639 0.3409 0.4678 0.4554 0.3252 0.2245 0.1653 0.1727 0.3700 0.4749 0.4394 0.3082
0.4352 0.4721 0.3553 0.1676 0.1685 0.2307 0.3345 0.4629 0.4632 0.3245 0.1608 0.1752 0.2432 0.3529 0.4739 0.4525 0.2909 0.1571 0.1827 0.2567 0.3721 0.4800 0.4391 0.2556 0.1556 0.1910 0.2712 0.3921 0.4820 0.4219 0.2192 0.1565 0.2019 0.2905 0.4189 0.4793 0.3894 0.1806 0.1629 0.2220 0.3252 0.4592 0.4631 0.3138 0.1581 0.1828 0.2622 0.3877 0.4818 0.4086 0.2866 0.4086 0.4818 0.3877 0.2622 0.1828 0.1581 0.3138 0.4631 0.4592 0.3252 0.2220 0.1629 0.1806 0.3894 0.4793 0.4189 0.2905 0.2019 0.1565 0.2192 0.4219 0.4820 0.3921 0.2712 0.1910 0.1556 0.2556 0.4391 0.4800 0.3721 0.2567 0.1827 0.1571 0.2909 0.4525 0.4739 0.3529 0.2432 0.1752 0.1608 0.3245 0.4632 0.4629 0.3345 0.2307 0.1685 0.1676 0.3553 0.4721 0.4352
0.4727 0.3396 0.1636 0.1719 0.2371 0.3440 0.4693 0.4579 0.3073 0.1586 0.1790 0.2501 0.3628 0.4777 0.4459 0.2727 0.1561 0.1869 0.2641 0.3824 0.4815 0.4311 0.2376 0.1557 0.1956 0.2790 0.4025 0.4817 0.4127 0.2056 0.1575 0.2061 0.2970 0.4264 0.4778 0.3819 0.1769 0.1641 0.2238 0.3271 0.4600 0.4631 0.3156 0.1584 0.1816 0.2594 0.3827 0.4820 0.4162 0.2022 0.1485 0.2022 0.4162 0.4820 0.3827 0.2594 0.1816 0.1584 0.3156 0.4631 0.4600 0.3271 0.2238 0.1641 0.1769 0.3819 0.4778 0.4264 0.2970 0.2061 0.1575 0.2056 0.4127 0.4817 0.4025 0.2790 0.1956 0.1557 0.2376 0.4311 0.4815 0.3824 0.2641 0.1869 0.1561 0.2727 0.4459 0.4777 0.3628 0.2501 0.1790 0.1586 0.3073 0.4579 0.4693 0.3440 0.2371 0.1719 0.1636 0.3396 0.4727
0.3390 0.1608 0.1755 0.2437 0.3537 0.4742 0.4520 0.2895 0.1570 0.1830 0.2572 0.3729 0.4802 0.4386 0.2543 0.1557 0.1914 0.2717 0.3928 0.4820 0.4221 0.2206 0.1563 0.2005 0.2871 0.4130 0.4806 0.4019 0.1933 0.1591 0.2109 0.3043 0.4347 0.4758 0.3720 0.1727 0.1659 0.2268 0.3309 0.4622 0.4620 0.3138 0.1584 0.1812 0.2579 0.3797 0.4818 0.4215 0.2075 0.1561 0.1779 0.1561 0.2075 0.4215 0.4818 0.3797 0.2579 0.1812 0.1584 0.3138 0.4620 0.4622 0.3309 0.2268 0.1659 0.1727 0.3720 0.4758 0.4347 0.3043 0.2109 0.1591 0.1933 0.4019 0.4806 0.4130 0.2871 0.2005 0.1563 0.2206 0.4221 0.4820 0.3928 0.2717 0.1914 0.1557 0.2543 0.4386 0.4802 0.3729 0.2572 0.1830 0.1570 0.2895 0.4520 0.4742 0.3537 0.2437 0.1755 0.1608 0.3390
0.1867 0.1796 0.2506 0.3636 0.4779 0.4453 0.2712 0.1560 0.1872 0.2646 0.3831 0.4816 0.4305 0.2364 0.1558 0.1960 0.2796 0.4033 0.4816 0.4121 0.2053 0.1574 0.2056 0.2954 0.4235 0.4788 0.3896 0.1832 0.1612 0.2162 0.3125 0.4433 0.4730 0.3601 0.1686 0.1681 0.2307 0.3362 0.4655 0.4599 0.3086 0.1581 0.1816 0.2579 0.3786 0.4816 0.4243 0.2140 0.1579 0.2071 0.2545 0.2071 0.1579 0.2140 0.4243 0.4816 0.3786 0.2579 0.1816 0.1581 0.3086 0.4599 0.4655 0.3362 0.2307 0.1681 0.1686 0.3601 0.4730 0.4433 0.3125 0.2162 0.1612 0.1832 0.3896 0.4788 0.4235 0.2954 0.2056 0.1574 0.2053 0.4121 0.4816 0.4033 0.2796 0.1960 0.1558 0.2364 0.4305 0.4816 0.3831 0.2646 0.1872 0.1560 0.2712 0.4453 0.4779 0.3636 0.2506 0.1796 0.1867
0.2032 0.2584 0.3736 0.4803 0.4380 0.2529 0.1556 0.1917 0.2723 0.3935 0.4820 0.4214 0.2194 0.1564 0.2009 0.2877 0.4138 0.4805 0.4010 0.1925 0.1591 0.2109 0.3040 0.4336 0.4763 0.3762 0.1755 0.1640 0.2219 0.3212 0.4518 0.4695 0.3465 0.1650 0.1709 0.2356 0.3429 0.4694 0.4568 0.3001 0.1575 0.1828 0.2594 0.3797 0.4816 0.4252 0.2171 0.1572 0.2086 0.3042 0.3828 0.3042 0.2086 0.1572 0.2171 0.4252 0.4816 0.3797 0.2594 0.1828 0.1575 0.3001 0.4568 0.4694 0.3429 0.2356 0.1708 0.1650 0.3465 0.4695 0.4518 0.3212 0.2219 0.1640 0.1755 0.3762 0.4763 0.4336 0.3040 0.2109 0.1591 0.1925 0.4010 0.4805 0.4138 0.2877 0.2009 0.1564 0.2194 0.4214 0.4820 0.3935 0.2723 0.1917 0.1556 0.2529 0.4380 0.4803 0.3736 0.2584 0.2032
0.2713 0.3851 0.4816 0.4298 0.2350 0.1558 0.1964 0.2802 0.4041 0.4816 0.4114 0.2043 0.1576 0.2060 0.2961 0.4243 0.4786 0.3886 0.1825 0.1614 0.2165 0.3128 0.4433 0.4731 0.3619 0.1696 0.1671 0.2279 0.3304 0.4598 0.4653 0.3314 0.1619 0.1740 0.2412 0.3507 0.4733 0.4526 0.2888 0.1567 0.1848 0.2622 0.3827 0.4818 0.4243 0.2171 0.1570 0.2070 0.3034 0.4403 0.4779 0.4403 0.3034 0.2070 0.1570 0.2171 0.4243 0.4818 0.3827 0.2622 0.1848 0.1567 0.2888 0.4526 0.4733 0.3507 0.2412 0.1740 0.1619 0.3314 0.4653 0.4598 0.3304 0.2279 0.1671 0.1696 0.3619 0.4731 0.4433 0.3128 0.2165 0.1614 0.1825 0.3886 0.4786 0.4243 0.2961 0.2060 0.1576 0.2043 0.4114 0.4816 0.4041 0.2802 0.1964 0.1558 0.2350 0.4298 0.4816 0.3851 0.2714
0.3847 0.4829 0.4207 0.2181 0.1564 0.2012 0.2883 0.4146 0.4804 0.4001 0.1917 0.1593 0.2114 0.3047 0.4344 0.4761 0.3751 0.1749 0.1642 0.2223 0.3218 0.4523 0.4694 0.3467 0.1652 0.1704 0.2342 0.3398 0.4667 0.4603 0.3149 0.1594 0.1774 0.2474 0.3593 0.4766 0.4474 0.2750 0.1561 0.1875 0.2664 0.3877 0.4820 0.4215 0.2140 0.1572 0.2069 0.3017 0.4370 0.4709 0.4175 0.4709 0.4370 0.3018 0.2070 0.1572 0.2140 0.4215 0.4820 0.3877 0.2665 0.1876 0.1561 0.2749 0.4474 0.4767 0.3594 0.2475 0.1775 0.1595 0.3148 0.4603 0.4667 0.3398 0.2343 0.1705 0.1652 0.3466 0.4694 0.4523 0.3219 0.2224 0.1643 0.1749 0.3751 0.4761 0.4344 0.3047 0.2114 0.1594 0.1917 0.4001 0.4804 0.4146 0.2884 0.2013 0.1565 0.2181 0.4207 0.4829 0.3847
0.4815 0.4105 0.2032 0.1577 0.2064 0.2967 0.4250 0.4785 0.3876 0.1819 0.1616 0.2169 0.3135 0.4441 0.4729 0.3607 0.1692 0.1673 0.2284 0.3311 0.4603 0.4650 0.3306 0.1618 0.1739 0.2408 0.3494 0.4722 0.4546 0.2973 0.1576 0.1813 0.2541 0.3686 0.4793 0.4412 0.2596 0.1557 0.1908 0.2717 0.3942 0.4820 0.4170 0.2082 0.1576 0.2079 0.3025 0.4362 0.4736 0.3587 0.2152 0.3578 0.4732 0.4370 0.3034 0.2086 0.1579 0.2075 0.4162 0.4818 0.3950 0.2725 0.1914 0.1559 0.2585 0.4405 0.4794 0.3695 0.2549 0.1818 0.1578 0.2965 0.4541 0.4725 0.3501 0.2414 0.1743 0.1619 0.3298 0.4645 0.4607 0.3318 0.2290 0.1677 0.1692 0.3600 0.4725 0.4446 0.3142 0.2175 0.1620 0.1816 0.3870 0.4781 0.4257 0.2974 0.2070 0.1580 0.2027 0.4101 0.4813
0.4102 0.1909 0.1594 0.2117 0.3053 0.4351 0.4759 0.3741 0.1745 0.1645 0.2228 0.3225 0.4530 0.4690 0.3454 0.1649 0.1707 0.2347 0.3405 0.4671 0.4599 0.3137 0.1593 0.1776 0.2476 0.3592 0.4764 0.4483 0.2792 0.1564 0.1854 0.2614 0.3786 0.4811 0.4340 0.2433 0.1557 0.1947 0.2779 0.4020 0.4816 0.4106 0.2006 0.1583 0.2099 0.3050 0.4381 0.4737 0.3566 0.1655 0.1502 0.1643 0.3578 0.4709 0.4403 0.3042 0.2071 0.1561 0.2022 0.4086 0.4795 0.4047 0.2761 0.1916 0.1536 0.2462 0.4311 0.4796 0.3806 0.2588 0.1823 0.1547 0.2832 0.4454 0.4757 0.3604 0.2446 0.1746 0.1580 0.3173 0.4569 0.4674 0.3409 0.2316 0.1678 0.1641 0.3481 0.4661 0.4541 0.3221 0.2196 0.1617 0.1744 0.3751 0.4731 0.4370 0.3042 0.2085 0.1569 0.1927 0.4105
0.2080 0.1620 0.2174 0.3142 0.4447 0.4726 0.3596 0.1689 0.1676 0.2289 0.3318 0.4609 0.4646 0.3292 0.1616 0.1742 0.2413 0.3501 0.4726 0.4542 0.2960 0.1575 0.1816 0.2547 0.3692 0.4794 0.4413 0.2609 0.1557 0.1898 0.2689 0.3890 0.4819 0.4255 0.2265 0.1561 0.1990 0.2850 0.4108 0.4808 0.4022 0.1923 0.1595 0.2129 0.3091 0.4417 0.4727 0.3545 0.1660 0.1667 0.1760 0.1500 0.2151 0.4175 0.4779 0.3828 0.2545 0.1779 0.1485 0.2866 0.4456 0.4724 0.3483 0.2331 0.1675 0.1532 0.3280 0.4585 0.4610 0.3260 0.2197 0.1610 0.1619 0.3576 0.4667 0.4455 0.3071 0.2083 0.1556 0.1768 0.3829 0.4727 0.4265 0.2894 0.1981 0.1516 0.2014 0.4046 0.4764 0.4055 0.2728 0.1887 0.1489 0.2337 0.4227 0.4776 0.3840 0.2574 0.1803 0.1477 0.2836
0.1892 0.2240 0.3236 0.4539 0.4685 0.3439 0.1647 0.1712 0.2356 0.3416 0.4678 0.4592 0.3118 0.1592 0.1782 0.2485 0.3603 0.4768 0.4476 0.2774 0.1564 0.1860 0.2623 0.3798 0.4812 0.4332 0.2423 0.1558 0.1946 0.2771 0.3998 0.4818 0.4156 0.2103 0.1572 0.2041 0.2931 0.4207 0.4792 0.3917 0.1840 0.1614 0.2171 0.3149 0.4470 0.4708 0.3485 0.1648 0.1719 0.2011 0.1630 0.1655 0.3584 0.4709 0.4403 0.3042 0.2071 0.1561 0.2022 0.4086 0.4795 0.4047 0.2761 0.1916 0.1536 0.2462 0.4311 0.4796 0.3806 0.2588 0.1823 0.1547 0.2832 0.4454 0.4757 0.3604 0.2446 0.1746 0.1580 0.3173 0.4569 0.4674 0.3409 0.2316 0.1678 0.1641 0.3481 0.4661 0.4541 0.3221 0.2196 0.1617 0.1744 0.3751 0.4731 0.4370 0.3042 0.2085 0.1569 0.1927 0.4105
0.2391 0.3339 0.4616 0.4621 0.3296 0.1607 0.1730 0.2405 0.3519 0.4726 0.4516 0.2963 0.1565 0.1804 0.2541 0.3714 0.4786 0.4388 0.2611 0.1547 0.1885 0.2686 0.3913 0.4806 0.4233 0.2267 0.1549 0.1975 0.2842 0.4115 0.4793 0.4046 0.1975 0.1572 0.2075 0.3008 0.4314 0.4753 0.3808 0.1770 0.1623 0.2202 0.3216 0.4534 0.4668 0.3411 0.1626 0.1737 0.2356 0.2456 0.2076 0.3603 0.4732 0.4370 0.3034 0.2086 0.1579 0.2075 0.4162 0.4818 0.3950 0.2725 0.1914 0.1559 0.2585 0.4405 0.4794 0.3695 0.2549 0.1818 0.1578 0.2965 0.4541 0.4725 0.3501 0.2414 0.1743 0.1619 0.3298 0.4645 0.4607 0.3318 0.2290 0.1677 0.1692 0.3600 0.4725 0.4446 0.3142 0.2175 0.1620 0.1816 0.3870 0.4781 0.4257 0.2974 0.2070 0.1580 0.2027 0.4101 0.4813
0.3068 0.4464 0.4676 0.3602 0.1641 0.1606 0.2189 0.3248 0.4603 0.4596 0.3318 0.1553 0.1667 0.2312 0.3445 0.4710 0.4494 0.3001 0.1506 0.1735 0.2445 0.3651 0.4766 0.4368 0.2662 0.1490 0.1812 0.2590 0.3864 0.4782 0.4214 0.2311 0.1495 0.1900 0.2753 0.4091 0.4765 0.4009 0.1957 0.1529 0.2020 0.2975 0.4376 0.4699 0.3643 0.1653 0.1620 0.2241 0.3349 0.4348 0.4563 0.4700 0.4374 0.3018 0.2070 0.1572 0.2140 0.4215 0.4820 0.3877 0.2665 0.1876 0.1561 0.2749 0.4474 0.4767 0.3594 0.2475 0.1775 0.1595 0.3148 0.4603 0.4667 0.3398 0.2343 0.1705 0.1652 0.3466 0.4694 0.4523 0.3219 0.2224 0.1643 0.1749 0.3751 0.4761 0.4344 0.3047 0.2114 0.1594 0.1917 0.4001 0.4804 0.4146 0.2884 0.2013 0.1565 0.2181 0.4207 0.4829 0.3847
0.2664 0.3868 0.4797 0.4267 0.2402 0.1530 0.1918 0.2768 0.4068 0.4790 0.4090 0.2077 0.1544 0.2014 0.2933 0.4271 0.4756 0.3880 0.1837 0.1579 0.2119 0.3109 0.4457 0.4697 0.3632 0.1692 0.1633 0.2233 0.3295 0.4611 0.4616 0.3344 0.1605 0.1700 0.2369 0.3513 0.4733 0.4487 0.2932 0.1545 0.1806 0.2584 0.3853 0.4800 0.4206 0.2209 0.1540 0.2025 0.3013 0.4422 0.4767 0.4412 0.3034 0.2070 0.1570 0.2171 0.4243 0.4818 0.3827 0.2622 0.1848 0.1567 0.2888 0.4526 0.4733 0.3507 0.2412 0.1740 0.1619 0.3314 0.4653 0.4598 0.3304 0.2279 0.1671 0.1696 0.3619 0.4731 0.4433 0.3128 0.2165 0.1614 0.1825 0.3886 0.4786 0.4243 0.2961 0.2060 0.1576 0.2043 0.4114 0.4816 0.4041 0.2802 0.1964 0.1558 0.2350 0.4298 0.4816 0.3851 0.2714
0.2035 0.2593 0.3745 0.4803 0.4371 0.2517 0.1559 0.1924 0.2733 0.3946 0.4818 0.4205 0.2183 0.1567 0.2017 0.2887 0.4149 0.4801 0.4001 0.1919 0.1596 0.2118 0.3051 0.4346 0.4758 0.3751 0.1752 0.1645 0.2228 0.3222 0.4527 0.4688 0.3452 0.1649 0.1715 0.2366 0.3441 0.4699 0.4559 0.2985 0.1576 0.1836 0.2606 0.3811 0.4816 0.4241 0.2156 0.1577 0.2097 0.3058 0.3837 0.3043 0.2086 0.1572 0.2171 0.4252 0.4816 0.3797 0.2594 0.1828 0.1575 0.3001 0.4568 0.4694 0.3429 0.2356 0.1708 0.1650 0.3465 0.4695 0.4518 0.3212 0.2219 0.1640 0.1755 0.3762 0.4763 0.4336 0.3040 0.2109 0.1591 0.1925 0.4010 0.4805 0.4138 0.2877 0.2009 0.1564 0.2194 0.4214 0.4820 0.3935 0.2723 0.1917 0.1556 0.2529 0.4380 0.4803 0.3736 0.2584 0.2032
