0.9608 1.0000 0.0002 0.0016 0.0117 0.0836 0.5950 1.0000 1.0000 0.0008 0.0057 0.0406 0.2883 1.0000 1.0000 0.0004 0.0028 0.0197 0.1400 0.9962 1.0000 1.0000 0.0013 0.0095 0.0678 0.4836 1.0000 1.0000 0.0006 0.0046 0.0329 0.2343 1.0000 1.0000 0.0003 0.0022 0.0159 0.1137 0.8082 1.0000 1.0000 0.0011 0.0077 0.0551 0.3923 1.0000 1.0000 0.0005 0.0038 0.0271 0.0960 0.0271 0.0038 0.0005 1.0000 1.0000 0.3923 0.0551 0.0077 0.0011 1.0000 1.0000 0.8082 0.1137 0.0159 0.0022 0.0003 1.0000 1.0000 0.2343 0.0329 0.0046 0.0006 1.0000 1.0000 0.4836 0.0678 0.0095 0.0013 1.0000 1.0000 0.9962 0.1400 0.0197 0.0028 0.0004 1.0000 1.0000 0.2883 0.0406 0.0057 0.0008 1.0000 1.0000 0.5950 0.0836 0.0117 0.0016 0.0002 1.0000 0.9608
1.0000 0.0003 0.0019 0.0130 0.0921 0.6544 1.0000 1.0000 0.0009 0.0062 0.0444 0.3158 1.0000 1.0000 0.0004 0.0030 0.0215 0.1533 1.0000 1.0000 1.0000 0.0015 0.0104 0.0743 0.5288 1.0000 1.0000 0.0007 0.0051 0.0361 0.2562 1.0000 1.0000 0.0003 0.0025 0.0175 0.1244 0.8854 1.0000 1.0000 0.0012 0.0085 0.0603 0.4298 1.0000 1.0000 0.0006 0.0041 0.0295 0.2155 0.7196 0.2155 0.0295 0.0041 0.0006 1.0000 1.0000 0.4298 0.0603 0.0085 0.0012 1.0000 1.0000 0.8854 0.1244 0.0175 0.0025 0.0003 1.0000 1.0000 0.2562 0.0361 0.0051 0.0007 1.0000 1.0000 0.5288 0.0743 0.0104 0.0015 1.0000 1.0000 1.0000 0.1533 0.0215 0.0030 0.0004 1.0000 1.0000 0.3158 0.0444 0.0062 0.0009 1.0000 1.0000 0.6544 0.0921 0.0130 0.0019 0.0003 1.0000
0.0002 0.0019 0.0122 0.0830 0.5772 1.0000 1.0000 0.0008 0.0054 0.0380 0.2708 1.0000 1.0000 0.0004 0.0026 0.0184 0.1312 0.9338 1.0000 1.0000 0.0013 0.0089 0.0636 0.4525 1.0000 1.0000 0.0006 0.0043 0.0309 0.2196 1.0000 1.0000 0.0003 0.0021 0.0150 0.1064 0.7576 1.0000 1.0000 0.0010 0.0073 0.0517 0.3678 1.0000 1.0000 0.0005 0.0035 0.0251 0.1799 1.0000 1.0000 1.0000 0.1799 0.0251 0.0035 0.0005 1.0000 1.0000 0.3678 0.0517 0.0073 0.0010 1.0000 1.0000 0.7576 0.1064 0.0150 0.0021 0.0003 1.0000 1.0000 0.2196 0.0309 0.0043 0.0006 1.0000 1.0000 0.4525 0.0636 0.0089 0.0013 1.0000 1.0000 0.9338 0.1312 0.0184 0.0026 0.0004 1.0000 1.0000 0.2708 0.0380 0.0054 0.0008 1.0000 1.0000 0.5772 0.0830 0.0122 0.0019 0.0002
0.0016 0.0130 0.0830 0.5514 1.0000 1.0000 0.0007 0.0047 0.0335 0.2370 1.0000 1.0000 0.0003 0.0023 0.0160 0.1142 0.8128 1.0000 1.0000 0.0011 0.0078 0.0554 0.3946 1.0000 1.0000 0.0005 0.0038 0.0269 0.1912 1.0000 1.0000 0.0003 0.0018 0.0130 0.0928 0.6606 1.0000 1.0000 0.0009 0.0063 0.0450 0.3201 1.0000 1.0000 0.0004 0.0031 0.0218 0.1554 1.0000 1.0000 1.0000 1.0000 1.0000 0.1554 0.0218 0.0031 0.0004 1.0000 1.0000 0.3201 0.0450 0.0063 0.0009 1.0000 1.0000 0.6606 0.0928 0.0130 0.0018 0.0003 1.0000 1.0000 0.1912 0.0269 0.0038 0.0005 1.0000 1.0000 0.3946 0.0554 0.0078 0.0011 1.0000 1.0000 0.8128 0.1142 0.0160 0.0023 0.0003 1.0000 1.0000 0.2370 0.0335 0.0047 0.0007 1.0000 1.0000 0.5514 0.0830 0.0130 0.0016
0.0117 0.0921 0.5772 1.0000 1.0000 0.0006 0.0043 0.0300 0.2102 1.0000 1.0000 0.0003 0.0020 0.0140 0.0994 0.7074 1.0000 1.0000 0.0010 0.0068 0.0482 0.3434 1.0000 1.0000 0.0005 0.0033 0.0234 0.1664 1.0000 1.0000 1.0000 0.0016 0.0113 0.0808 0.5750 1.0000 1.0000 0.0008 0.0055 0.0391 0.2786 1.0000 1.0000 0.0004 0.0027 0.0190 0.1352 0.9627 1.0000 1.0000 0.0006 1.0000 1.0000 0.9627 0.1352 0.0190 0.0027 0.0004 1.0000 1.0000 0.2786 0.0391 0.0055 0.0008 1.0000 1.0000 0.5750 0.0808 0.0113 0.0016 1.0000 1.0000 1.0000 0.1664 0.0234 0.0033 0.0005 1.0000 1.0000 0.3434 0.0482 0.0068 0.0010 1.0000 1.0000 0.7074 0.0994 0.0140 0.0020 0.0003 1.0000 1.0000 0.2102 0.0300 0.0043 0.0006 1.0000 1.0000 0.5772 0.0921 0.0117
0.0836 0.6544 1.0000 1.0000 0.0006 0.0042 0.0281 0.1926 1.0000 1.0000 0.0002 0.0017 0.0122 0.0868 0.6169 1.0000 1.0000 0.0008 0.0059 0.0420 0.2989 1.0000 1.0000 0.0004 0.0029 0.0203 0.1448 1.0000 1.0000 1.0000 0.0014 0.0099 0.0703 0.5004 1.0000 1.0000 0.0007 0.0048 0.0341 0.2425 1.0000 1.0000 0.0003 0.0023 0.0165 0.1177 0.8379 1.0000 1.0000 0.0012 0.0039 0.0012 1.0000 1.0000 0.8379 0.1177 0.0165 0.0023 0.0003 1.0000 1.0000 0.2425 0.0341 0.0048 0.0007 1.0000 1.0000 0.5004 0.0703 0.0099 0.0014 1.0000 1.0000 1.0000 0.1448 0.0203 0.0029 0.0004 1.0000 1.0000 0.2989 0.0420 0.0059 0.0008 1.0000 1.0000 0.6169 0.0868 0.0122 0.0017 0.0002 1.0000 1.0000 0.1926 0.0281 0.0042 0.0006 1.0000 1.0000 0.6544 0.0836
0.5950 1.0000 1.0000 0.0007 0.0043 0.0281 0.1865 1.0000 1.0000 1.0000 0.0015 0.0109 0.0766 0.5410 1.0000 1.0000 0.0007 0.0051 0.0365 0.2602 1.0000 1.0000 0.0003 0.0025 0.0177 0.1261 0.8973 1.0000 1.0000 0.0012 0.0086 0.0612 0.4356 1.0000 1.0000 0.0006 0.0042 0.0296 0.2110 1.0000 1.0000 0.0003 0.0020 0.0144 0.1025 0.7293 1.0000 1.0000 0.0010 0.0073 0.0239 0.0073 0.0010 1.0000 1.0000 0.7293 0.1025 0.0144 0.0020 0.0003 1.0000 1.0000 0.2110 0.0296 0.0042 0.0006 1.0000 1.0000 0.4356 0.0612 0.0086 0.0012 1.0000 1.0000 0.8973 0.1261 0.0177 0.0025 0.0003 1.0000 1.0000 0.2602 0.0365 0.0051 0.0007 1.0000 1.0000 0.5410 0.0766 0.0109 0.0015 1.0000 1.0000 1.0000 0.1865 0.0281 0.0043 0.0007 1.0000 1.0000 0.5950
1.0000 1.0000 0.0008 0.0047 0.0300 0.1926 1.0000 1.0000 1.0000 0.0014 0.0099 0.0687 0.4818 1.0000 1.0000 0.0006 0.0045 0.0319 0.2264 1.0000 1.0000 0.0003 0.0022 0.0154 0.1097 0.7810 1.0000 1.0000 0.0011 0.0075 0.0533 0.3791 1.0000 1.0000 0.0005 0.0036 0.0258 0.1837 1.0000 1.0000 0.0002 0.0018 0.0125 0.0892 0.6347 1.0000 1.0000 0.0009 0.0061 0.0450 0.1482 0.0450 0.0061 0.0009 1.0000 1.0000 0.6347 0.0892 0.0125 0.0018 0.0002 1.0000 1.0000 0.1837 0.0258 0.0036 0.0005 1.0000 1.0000 0.3791 0.0533 0.0075 0.0011 1.0000 1.0000 0.7810 0.1097 0.0154 0.0022 0.0003 1.0000 1.0000 0.2264 0.0319 0.0045 0.0006 1.0000 1.0000 0.4818 0.0687 0.0099 0.0014 1.0000 1.0000 1.0000 0.1926 0.0300 0.0047 0.0008 1.0000 1.0000
1.0000 0.0009 0.0054 0.0335 0.2102 1.0000 1.0000 1.0000 0.0014 0.0094 0.0638 0.4389 1.0000 1.0000 0.0006 0.0039 0.0279 0.1978 1.0000 1.0000 0.0003 0.0019 0.0134 0.0955 0.6797 1.0000 1.0000 0.0009 0.0065 0.0464 0.3300 1.0000 1.0000 0.0004 0.0032 0.0225 0.1599 1.0000 1.0000 1.0000 0.0015 0.0109 0.0776 0.5525 1.0000 1.0000 0.0007 0.0053 0.0380 0.2786 0.9180 0.2786 0.0380 0.0053 0.0007 1.0000 1.0000 0.5525 0.0776 0.0109 0.0015 1.0000 1.0000 1.0000 0.1599 0.0225 0.0032 0.0004 1.0000 1.0000 0.3300 0.0464 0.0065 0.0009 1.0000 1.0000 0.6797 0.0955 0.0134 0.0019 0.0003 1.0000 1.0000 0.1978 0.0279 0.0039 0.0006 1.0000 1.0000 0.4389 0.0638 0.0094 0.0014 1.0000 1.0000 1.0000 0.2102 0.0335 0.0054 0.0009 1.0000
0.0008 0.0062 0.0380 0.2370 1.0000 1.0000 1.0000 0.0014 0.0094 0.0620 0.4177 1.0000 1.0000 0.0005 0.0035 0.0247 0.1745 1.0000 1.0000 1.0000 0.0016 0.0117 0.0831 0.5916 1.0000 1.0000 0.0008 0.0057 0.0403 0.2872 1.0000 1.0000 0.0004 0.0027 0.0195 0.1392 0.9905 1.0000 1.0000 0.0013 0.0095 0.0676 0.4809 1.0000 1.0000 0.0006 0.0046 0.0328 0.2357 1.0000 1.0000 1.0000 0.2357 0.0328 0.0046 0.0006 1.0000 1.0000 0.4809 0.0676 0.0095 0.0013 1.0000 1.0000 0.9905 0.1392 0.0195 0.0027 0.0004 1.0000 1.0000 0.2872 0.0403 0.0057 0.0008 1.0000 1.0000 0.5916 0.0831 0.0117 0.0016 1.0000 1.0000 1.0000 0.1745 0.0247 0.0035 0.0005 1.0000 1.0000 0.4177 0.0620 0.0094 0.0014 1.0000 1.0000 1.0000 0.2370 0.0380 0.0062 0.0008
0.0057 0.0444 0.2708 1.0000 1.0000 0.0002 0.0015 0.0099 0.0638 0.4177 1.0000 1.0000 0.0005 0.0032 0.0224 0.1563 1.0000 1.0000 1.0000 0.0014 0.0102 0.0725 0.5159 1.0000 1.0000 0.0007 0.0049 0.0351 0.2500 1.0000 1.0000 0.0003 0.0024 0.0170 0.1211 0.8621 1.0000 1.0000 0.0012 0.0083 0.0588 0.4185 1.0000 1.0000 0.0006 0.0040 0.0285 0.2028 1.0000 1.0000 1.0000 1.0000 1.0000 0.2028 0.0285 0.0040 0.0006 1.0000 1.0000 0.4185 0.0588 0.0083 0.0012 1.0000 1.0000 0.8621 0.1211 0.0170 0.0024 0.0003 1.0000 1.0000 0.2500 0.0351 0.0049 0.0007 1.0000 1.0000 0.5159 0.0725 0.0102 0.0014 1.0000 1.0000 1.0000 0.1563 0.0224 0.0032 0.0005 1.0000 1.0000 0.4177 0.0638 0.0099 0.0015 0.0002 1.0000 1.0000 0.2708 0.0444 0.0057
0.0406 0.3158 1.0000 1.0000 0.0003 0.0017 0.0109 0.0687 0.4389 1.0000 1.0000 0.0005 0.0031 0.0210 0.1437 0.9943 1.0000 1.0000 0.0013 0.0090 0.0636 0.4507 1.0000 1.0000 0.0006 0.0043 0.0306 0.2176 1.0000 1.0000 0.0003 0.0021 0.0148 0.1054 0.7504 1.0000 1.0000 0.0010 0.0072 0.0512 0.3643 1.0000 1.0000 0.0005 0.0035 0.0248 0.1765 1.0000 1.0000 1.0000 0.0008 1.0000 1.0000 1.0000 0.1765 0.0248 0.0035 0.0005 1.0000 1.0000 0.3643 0.0512 0.0072 0.0010 1.0000 1.0000 0.7504 0.1054 0.0148 0.0021 0.0003 1.0000 1.0000 0.2176 0.0306 0.0043 0.0006 1.0000 1.0000 0.4507 0.0636 0.0090 0.0013 1.0000 1.0000 0.9943 0.1437 0.0210 0.0031 0.0005 1.0000 1.0000 0.4389 0.0687 0.0109 0.0017 0.0003 1.0000 1.0000 0.3158 0.0406
0.2883 1.0000 1.0000 0.0003 0.0020 0.0122 0.0766 0.4818 1.0000 1.0000 0.0005 0.0031 0.0205 0.1373 0.9321 1.0000 1.0000 0.0011 0.0080 0.0563 0.3968 1.0000 1.0000 0.0005 0.0037 0.0266 0.1894 1.0000 1.0000 0.0003 0.0018 0.0129 0.0918 0.6531 1.0000 1.0000 0.0009 0.0063 0.0445 0.3171 1.0000 1.0000 0.0004 0.0030 0.0216 0.1536 1.0000 1.0000 1.0000 0.0015 0.0050 0.0015 1.0000 1.0000 1.0000 0.1536 0.0216 0.0030 0.0004 1.0000 1.0000 0.3171 0.0445 0.0063 0.0009 1.0000 1.0000 0.6531 0.0918 0.0129 0.0018 0.0003 1.0000 1.0000 0.1894 0.0266 0.0037 0.0005 1.0000 1.0000 0.3968 0.0563 0.0080 0.0011 1.0000 1.0000 0.9321 0.1373 0.0205 0.0031 0.0005 1.0000 1.0000 0.4818 0.0766 0.0122 0.0020 0.0003 1.0000 1.0000 0.2883
1.0000 1.0000 0.0004 0.0023 0.0140 0.0868 0.5410 1.0000 1.0000 0.0005 0.0032 0.0210 0.1373 0.9110 1.0000 1.0000 0.0011 0.0073 0.0507 0.3547 1.0000 1.0000 0.0005 0.0033 0.0232 0.1651 1.0000 1.0000 1.0000 0.0016 0.0112 0.0799 0.5685 1.0000 1.0000 0.0008 0.0054 0.0388 0.2760 1.0000 1.0000 0.0004 0.0026 0.0188 0.1337 0.9518 1.0000 1.0000 0.0013 0.0095 0.0313 0.0095 0.0013 1.0000 1.0000 0.9518 0.1337 0.0188 0.0026 0.0004 1.0000 1.0000 0.2760 0.0388 0.0054 0.0008 1.0000 1.0000 0.5685 0.0799 0.0112 0.0016 1.0000 1.0000 1.0000 0.1651 0.0232 0.0033 0.0005 1.0000 1.0000 0.3547 0.0507 0.0073 0.0011 1.0000 1.0000 0.9110 0.1373 0.0210 0.0032 0.0005 1.0000 1.0000 0.5410 0.0868 0.0140 0.0023 0.0004 1.0000 1.0000
1.0000 0.0004 0.0026 0.0160 0.0994 0.6169 1.0000 1.0000 0.0006 0.0035 0.0224 0.1437 0.9321 1.0000 1.0000 0.0010 0.0069 0.0470 0.3238 1.0000 1.0000 0.0004 0.0029 0.0204 0.1445 1.0000 1.0000 1.0000 0.0014 0.0098 0.0695 0.4948 1.0000 1.0000 0.0007 0.0047 0.0337 0.2402 1.0000 1.0000 0.0003 0.0023 0.0163 0.1164 0.8284 1.0000 1.0000 0.0011 0.0080 0.0587 0.1934 0.0587 0.0080 0.0011 1.0000 1.0000 0.8284 0.1164 0.0163 0.0023 0.0003 1.0000 1.0000 0.2402 0.0337 0.0047 0.0007 1.0000 1.0000 0.4948 0.0695 0.0098 0.0014 1.0000 1.0000 1.0000 0.1445 0.0204 0.0029 0.0004 1.0000 1.0000 0.3238 0.0470 0.0069 0.0010 1.0000 1.0000 0.9321 0.1437 0.0224 0.0035 0.0006 1.0000 1.0000 0.6169 0.0994 0.0160 0.0026 0.0004 1.0000
0.0004 0.0030 0.0184 0.1142 0.7074 1.0000 1.0000 0.0006 0.0039 0.0247 0.1563 0.9943 1.0000 1.0000 0.0010 0.0067 0.0451 0.3046 1.0000 1.0000 0.0004 0.0026 0.0182 0.1280 0.9041 1.0000 1.0000 0.0012 0.0085 0.0605 0.4306 1.0000 1.0000 0.0006 0.0041 0.0294 0.2090 1.0000 1.0000 0.0003 0.0020 0.0142 0.1013 0.7210 1.0000 1.0000 0.0010 0.0069 0.0496 0.3636 1.0000 0.3636 0.0496 0.0069 0.0010 1.0000 1.0000 0.7210 0.1013 0.0142 0.0020 0.0003 1.0000 1.0000 0.2090 0.0294 0.0041 0.0006 1.0000 1.0000 0.4306 0.0605 0.0085 0.0012 1.0000 1.0000 0.9041 0.1280 0.0182 0.0026 0.0004 1.0000 1.0000 0.3046 0.0451 0.0067 0.0010 1.0000 1.0000 0.9943 0.1563 0.0247 0.0039 0.0006 1.0000 1.0000 0.7074 0.1142 0.0184 0.0030 0.0004
0.0028 0.0215 0.1312 0.8128 1.0000 1.0000 0.0007 0.0045 0.0279 0.1745 1.0000 1.0000 1.0000 0.0011 0.0069 0.0451 0.2983 1.0000 1.0000 0.0003 0.0024 0.0164 0.1148 0.8051 1.0000 1.0000 0.0011 0.0075 0.0529 0.3755 1.0000 1.0000 0.0005 0.0036 0.0256 0.1820 1.0000 1.0000 0.0002 0.0017 0.0124 0.0882 0.6275 1.0000 1.0000 0.0008 0.0060 0.0428 0.3075 1.0000 1.0000 1.0000 0.3075 0.0428 0.0060 0.0008 1.0000 1.0000 0.6275 0.0882 0.0124 0.0017 0.0002 1.0000 1.0000 0.1820 0.0256 0.0036 0.0005 1.0000 1.0000 0.3755 0.0529 0.0075 0.0011 1.0000 1.0000 0.8051 0.1148 0.0164 0.0024 0.0003 1.0000 1.0000 0.2983 0.0451 0.0069 0.0011 1.0000 1.0000 1.0000 0.1745 0.0279 0.0045 0.0007 1.0000 1.0000 0.8128 0.1312 0.0215 0.0028
0.0197 0.1533 0.9338 1.0000 1.0000 0.0008 0.0051 0.0319 0.1978 1.0000 1.0000 1.0000 0.0011 0.0073 0.0470 0.3046 1.0000 1.0000 0.0003 0.0022 0.0153 0.1052 0.7293 1.0000 1.0000 0.0009 0.0066 0.0464 0.3287 1.0000 1.0000 0.0004 0.0031 0.0222 0.1584 1.0000 1.0000 1.0000 0.0015 0.0108 0.0767 0.5462 1.0000 1.0000 0.0007 0.0052 0.0372 0.2651 1.0000 1.0000 1.0000 1.0000 1.0000 0.2651 0.0372 0.0052 0.0007 1.0000 1.0000 0.5462 0.0767 0.0108 0.0015 1.0000 1.0000 1.0000 0.1584 0.0222 0.0031 0.0004 1.0000 1.0000 0.3287 0.0464 0.0066 0.0009 1.0000 1.0000 0.7293 0.1052 0.0153 0.0022 0.0003 1.0000 1.0000 0.3046 0.0470 0.0073 0.0011 1.0000 1.0000 1.0000 0.1978 0.0319 0.0051 0.0008 1.0000 1.0000 0.9338 0.1533 0.0197
0.1400 1.0000 1.0000 1.0000 0.0010 0.0059 0.0365 0.2264 1.0000 1.0000 1.0000 0.0013 0.0080 0.0507 0.3238 1.0000 1.0000 0.0003 0.0022 0.0147 0.0996 0.6784 1.0000 1.0000 0.0008 0.0059 0.0412 0.2905 1.0000 1.0000 0.0004 0.0027 0.0194 0.1378 0.9812 1.0000 1.0000 0.0013 0.0094 0.0668 0.4754 1.0000 1.0000 0.0006 0.0046 0.0324 0.2308 1.0000 1.0000 0.0003 0.0011 0.0003 1.0000 1.0000 0.2308 0.0324 0.0046 0.0006 1.0000 1.0000 0.4754 0.0668 0.0094 0.0013 1.0000 1.0000 0.9812 0.1378 0.0194 0.0027 0.0004 1.0000 1.0000 0.2905 0.0412 0.0059 0.0008 1.0000 1.0000 0.6784 0.0996 0.0147 0.0022 0.0003 1.0000 1.0000 0.3238 0.0507 0.0080 0.0013 1.0000 1.0000 1.0000 0.2264 0.0365 0.0059 0.0010 1.0000 1.0000 1.0000 0.1400
0.9962 1.0000 1.0000 0.0011 0.0068 0.0420 0.2602 1.0000 1.0000 1.0000 0.0014 0.0090 0.0563 0.3547 1.0000 1.0000 0.0003 0.0022 0.0147 0.0977 0.6531 1.0000 1.0000 0.0008 0.0053 0.0371 0.2597 1.0000 1.0000 0.0003 0.0024 0.0170 0.1204 0.8556 1.0000 1.0000 0.0011 0.0082 0.0581 0.4138 1.0000 1.0000 0.0006 0.0040 0.0282 0.2009 1.0000 1.0000 0.0003 0.0020 0.0066 0.0020 0.0003 1.0000 1.0000 0.2009 0.0282 0.0040 0.0006 1.0000 1.0000 0.4138 0.0581 0.0082 0.0011 1.0000 1.0000 0.8556 0.1204 0.0170 0.0024 0.0003 1.0000 1.0000 0.2597 0.0371 0.0053 0.0008 1.0000 1.0000 0.6531 0.0977 0.0147 0.0022 0.0003 1.0000 1.0000 0.3547 0.0563 0.0090 0.0014 1.0000 1.0000 1.0000 0.2602 0.0420 0.0068 0.0011 1.0000 1.0000 0.9962
1.0000 1.0000 0.0013 0.0078 0.0482 0.2989 1.0000 1.0000 0.0003 0.0016 0.0102 0.0636 0.3968 1.0000 1.0000 0.0004 0.0024 0.0153 0.0996 0.6531 1.0000 1.0000 0.0007 0.0050 0.0341 0.2361 1.0000 1.0000 0.0003 0.0021 0.0149 0.1056 0.7475 1.0000 1.0000 0.0010 0.0071 0.0506 0.3601 1.0000 1.0000 0.0005 0.0035 0.0246 0.1748 1.0000 1.0000 0.0002 0.0017 0.0124 0.0408 0.0124 0.0017 0.0002 1.0000 1.0000 0.1748 0.0246 0.0035 0.0005 1.0000 1.0000 0.3601 0.0506 0.0071 0.0010 1.0000 1.0000 0.7475 0.1056 0.0149 0.0021 0.0003 1.0000 1.0000 0.2361 0.0341 0.0050 0.0007 1.0000 1.0000 0.6531 0.0996 0.0153 0.0024 0.0004 1.0000 1.0000 0.3968 0.0636 0.0102 0.0016 0.0003 1.0000 1.0000 0.2989 0.0482 0.0078 0.0013 1.0000 1.0000
1.0000 0.0015 0.0089 0.0554 0.3434 1.0000 1.0000 0.0003 0.0019 0.0117 0.0725 0.4507 1.0000 1.0000 0.0004 0.0026 0.0164 0.1052 0.6784 1.0000 1.0000 0.0007 0.0048 0.0324 0.2205 1.0000 1.0000 0.0003 0.0019 0.0133 0.0935 0.6594 1.0000 1.0000 0.0009 0.0062 0.0440 0.3135 1.0000 1.0000 0.0004 0.0030 0.0214 0.1522 1.0000 1.0000 1.0000 0.0015 0.0105 0.0767 0.2528 0.0767 0.0105 0.0015 1.0000 1.0000 1.0000 0.1522 0.0214 0.0030 0.0004 1.0000 1.0000 0.3135 0.0440 0.0062 0.0009 1.0000 1.0000 0.6594 0.0935 0.0133 0.0019 0.0003 1.0000 1.0000 0.2205 0.0324 0.0048 0.0007 1.0000 1.0000 0.6784 0.1052 0.0164 0.0026 0.0004 1.0000 1.0000 0.4507 0.0725 0.0117 0.0019 0.0003 1.0000 1.0000 0.3434 0.0554 0.0089 0.0015 1.0000
0.0013 0.0104 0.0636 0.3946 1.0000 1.0000 0.0003 0.0022 0.0134 0.0831 0.5159 1.0000 1.0000 0.0005 0.0029 0.0182 0.1148 0.7293 1.0000 1.0000 0.0007 0.0048 0.0318 0.2127 1.0000 1.0000 0.0003 0.0017 0.0120 0.0837 0.5860 1.0000 1.0000 0.0008 0.0054 0.0385 0.2733 1.0000 1.0000 0.0004 0.0026 0.0186 0.1324 0.9427 1.0000 1.0000 0.0013 0.0090 0.0649 0.4754 1.0000 0.4754 0.0649 0.0090 0.0013 1.0000 1.0000 0.9427 0.1324 0.0186 0.0026 0.0004 1.0000 1.0000 0.2733 0.0385 0.0054 0.0008 1.0000 1.0000 0.5860 0.0837 0.0120 0.0017 0.0003 1.0000 1.0000 0.2127 0.0318 0.0048 0.0007 1.0000 1.0000 0.7293 0.1148 0.0182 0.0029 0.0005 1.0000 1.0000 0.5159 0.0831 0.0134 0.0022 0.0003 1.0000 1.0000 0.3946 0.0636 0.0104 0.0013
0.0095 0.0743 0.4525 1.0000 1.0000 0.0004 0.0025 0.0154 0.0955 0.5916 1.0000 1.0000 0.0005 0.0033 0.0204 0.1280 0.8051 1.0000 1.0000 0.0008 0.0050 0.0324 0.2127 1.0000 1.0000 0.0002 0.0016 0.0111 0.0764 0.5298 1.0000 1.0000 0.0007 0.0048 0.0339 0.2397 1.0000 1.0000 0.0003 0.0023 0.0162 0.1153 0.8205 1.0000 1.0000 0.0011 0.0078 0.0560 0.4021 1.0000 1.0000 1.0000 0.4021 0.0560 0.0078 0.0011 1.0000 1.0000 0.8205 0.1153 0.0162 0.0023 0.0003 1.0000 1.0000 0.2397 0.0339 0.0048 0.0007 1.0000 1.0000 0.5298 0.0764 0.0111 0.0016 0.0002 1.0000 1.0000 0.2127 0.0324 0.0050 0.0008 1.0000 1.0000 0.8051 0.1280 0.0204 0.0033 0.0005 1.0000 1.0000 0.5916 0.0955 0.0154 0.0025 0.0004 1.0000 1.0000 0.4525 0.0743 0.0095
0.0678 0.5288 1.0000 1.0000 0.0005 0.0029 0.0177 0.1097 0.6797 1.0000 1.0000 0.0006 0.0037 0.0232 0.1445 0.9041 1.0000 1.0000 0.0008 0.0053 0.0341 0.2205 1.0000 1.0000 1.0000 0.0016 0.0105 0.0717 0.4910 1.0000 1.0000 0.0006 0.0043 0.0300 0.2114 1.0000 1.0000 0.0003 0.0020 0.0141 0.1003 0.7142 1.0000 1.0000 0.0010 0.0068 0.0486 0.3460 1.0000 1.0000 1.0000 1.0000 1.0000 0.3460 0.0486 0.0068 0.0010 1.0000 1.0000 0.7142 0.1003 0.0141 0.0020 0.0003 1.0000 1.0000 0.2114 0.0300 0.0043 0.0006 1.0000 1.0000 0.4910 0.0717 0.0105 0.0016 1.0000 1.0000 1.0000 0.2205 0.0341 0.0053 0.0008 1.0000 1.0000 0.9041 0.1445 0.0232 0.0037 0.0006 1.0000 1.0000 0.6797 0.1097 0.0177 0.0029 0.0005 1.0000 1.0000 0.5288 0.0678
0.4836 1.0000 1.0000 0.0005 0.0033 0.0203 0.1261 0.7810 1.0000 1.0000 0.0007 0.0043 0.0266 0.1651 1.0000 1.0000 1.0000 0.0009 0.0059 0.0371 0.2361 1.0000 1.0000 0.0002 0.0016 0.0103 0.0692 0.4664 1.0000 1.0000 0.0006 0.0039 0.0270 0.1890 1.0000 1.0000 0.0002 0.0017 0.0124 0.0875 0.6228 1.0000 1.0000 0.0008 0.0059 0.0423 0.3012 1.0000 1.0000 0.0004 0.0014 0.0004 1.0000 1.0000 0.3012 0.0423 0.0059 0.0008 1.0000 1.0000 0.6228 0.0875 0.0124 0.0017 0.0002 1.0000 1.0000 0.1890 0.0270 0.0039 0.0006 1.0000 1.0000 0.4664 0.0692 0.0103 0.0016 0.0002 1.0000 1.0000 0.2361 0.0371 0.0059 0.0009 1.0000 1.0000 1.0000 0.1651 0.0266 0.0043 0.0007 1.0000 1.0000 0.7810 0.1261 0.0203 0.0033 0.0005 1.0000 1.0000 0.4836
1.0000 1.0000 0.0006 0.0038 0.0234 0.1448 0.8973 1.0000 1.0000 0.0008 0.0049 0.0306 0.1894 1.0000 1.0000 1.0000 0.0011 0.0066 0.0412 0.2597 1.0000 1.0000 0.0003 0.0016 0.0105 0.0692 0.4585 1.0000 1.0000 0.0005 0.0036 0.0247 0.1715 1.0000 1.0000 1.0000 0.0015 0.0109 0.0769 0.5452 1.0000 1.0000 0.0007 0.0052 0.0368 0.2621 1.0000 1.0000 0.0004 0.0026 0.0086 0.0026 0.0004 1.0000 1.0000 0.2621 0.0368 0.0052 0.0007 1.0000 1.0000 0.5452 0.0769 0.0109 0.0015 1.0000 1.0000 1.0000 0.1715 0.0247 0.0036 0.0005 1.0000 1.0000 0.4585 0.0692 0.0105 0.0016 0.0003 1.0000 1.0000 0.2597 0.0412 0.0066 0.0011 1.0000 1.0000 1.0000 0.1894 0.0306 0.0049 0.0008 1.0000 1.0000 0.8973 0.1448 0.0234 0.0038 0.0006 1.0000 1.0000
1.0000 0.0007 0.0043 0.0269 0.1664 1.0000 1.0000 1.0000 0.0009 0.0057 0.0351 0.2176 1.0000 1.0000 1.0000 0.0012 0.0075 0.0464 0.2905 1.0000 1.0000 0.0003 0.0017 0.0111 0.0717 0.4664 1.0000 1.0000 0.0005 0.0034 0.0232 0.1587 1.0000 1.0000 1.0000 0.0014 0.0097 0.0681 0.4799 1.0000 1.0000 0.0006 0.0045 0.0321 0.2282 1.0000 1.0000 0.0003 0.0022 0.0162 0.0534 0.0162 0.0022 0.0003 1.0000 1.0000 0.2282 0.0321 0.0045 0.0006 1.0000 1.0000 0.4799 0.0681 0.0097 0.0014 1.0000 1.0000 1.0000 0.1587 0.0232 0.0034 0.0005 1.0000 1.0000 0.4664 0.0717 0.0111 0.0017 0.0003 1.0000 1.0000 0.2905 0.0464 0.0075 0.0012 1.0000 1.0000 1.0000 0.2176 0.0351 0.0057 0.0009 1.0000 1.0000 1.0000 0.1664 0.0269 0.0043 0.0007 1.0000
0.0006 0.0051 0.0309 0.1912 1.0000 1.0000 1.0000 0.0011 0.0065 0.0403 0.2500 1.0000 1.0000 1.0000 0.0014 0.0085 0.0529 0.3287 1.0000 1.0000 0.0003 0.0019 0.0120 0.0764 0.4910 1.0000 1.0000 0.0005 0.0034 0.0225 0.1516 1.0000 1.0000 1.0000 0.0012 0.0087 0.0608 0.4274 1.0000 1.0000 0.0006 0.0039 0.0280 0.1990 1.0000 1.0000 0.0003 0.0019 0.0137 0.1001 0.3300 0.1001 0.0137 0.0019 0.0003 1.0000 1.0000 0.1990 0.0280 0.0039 0.0006 1.0000 1.0000 0.4274 0.0608 0.0087 0.0012 1.0000 1.0000 1.0000 0.1516 0.0225 0.0034 0.0005 1.0000 1.0000 0.4910 0.0764 0.0120 0.0019 0.0003 1.0000 1.0000 0.3287 0.0529 0.0085 0.0014 1.0000 1.0000 1.0000 0.2500 0.0403 0.0065 0.0011 1.0000 1.0000 1.0000 0.1912 0.0309 0.0051 0.0006
0.0046 0.0361 0.2196 1.0000 1.0000 1.0000 0.0012 0.0075 0.0464 0.2872 1.0000 1.0000 0.0003 0.0016 0.0098 0.0605 0.3755 1.0000 1.0000 0.0003 0.0021 0.0133 0.0837 0.5298 1.0000 1.0000 0.0005 0.0034 0.0225 0.1490 0.9962 1.0000 1.0000 0.0012 0.0080 0.0553 0.3849 1.0000 1.0000 0.0005 0.0035 0.0247 0.1745 1.0000 1.0000 1.0000 0.0017 0.0118 0.0847 0.6204 1.0000 0.6204 0.0847 0.0118 0.0017 1.0000 1.0000 1.0000 0.1745 0.0247 0.0035 0.0005 1.0000 1.0000 0.3849 0.0553 0.0080 0.0012 1.0000 1.0000 0.9962 0.1490 0.0225 0.0034 0.0005 1.0000 1.0000 0.5298 0.0837 0.0133 0.0021 0.0003 1.0000 1.0000 0.3755 0.0605 0.0098 0.0016 0.0003 1.0000 1.0000 0.2872 0.0464 0.0075 0.0012 1.0000 1.0000 1.0000 0.2196 0.0361 0.0046
0.0329 0.2562 1.0000 1.0000 1.0000 0.0014 0.0086 0.0533 0.3300 1.0000 1.0000 0.0003 0.0018 0.0112 0.0695 0.4306 1.0000 1.0000 0.0004 0.0024 0.0149 0.0935 0.5860 1.0000 1.0000 0.0006 0.0036 0.0232 0.1516 0.9962 1.0000 1.0000 0.0011 0.0075 0.0514 0.3534 1.0000 1.0000 0.0004 0.0031 0.0218 0.1539 1.0000 1.0000 1.0000 0.0014 0.0103 0.0730 0.5248 1.0000 1.0000 1.0000 0.5248 0.0730 0.0103 0.0014 1.0000 1.0000 1.0000 0.1539 0.0218 0.0031 0.0004 1.0000 1.0000 0.3534 0.0514 0.0075 0.0011 1.0000 1.0000 0.9962 0.1516 0.0232 0.0036 0.0006 1.0000 1.0000 0.5860 0.0935 0.0149 0.0024 0.0004 1.0000 1.0000 0.4306 0.0695 0.0112 0.0018 0.0003 1.0000 1.0000 0.3300 0.0533 0.0086 0.0014 1.0000 1.0000 1.0000 0.2562 0.0329
0.2343 1.0000 1.0000 0.0003 0.0016 0.0099 0.0612 0.3791 1.0000 1.0000 0.0003 0.0021 0.0129 0.0799 0.4948 1.0000 1.0000 0.0004 0.0027 0.0170 0.1056 0.6594 1.0000 1.0000 0.0006 0.0039 0.0247 0.1587 1.0000 1.0000 1.0000 0.0011 0.0073 0.0492 0.3331 1.0000 1.0000 0.0004 0.0028 0.0196 0.1373 0.9645 1.0000 1.0000 0.0013 0.0090 0.0638 0.4533 1.0000 1.0000 0.0003 1.0000 1.0000 0.4533 0.0638 0.0090 0.0013 1.0000 1.0000 0.9645 0.1373 0.0196 0.0028 0.0004 1.0000 1.0000 0.3331 0.0492 0.0073 0.0011 1.0000 1.0000 1.0000 0.1587 0.0247 0.0039 0.0006 1.0000 1.0000 0.6594 0.1056 0.0170 0.0027 0.0004 1.0000 1.0000 0.4948 0.0799 0.0129 0.0021 0.0003 1.0000 1.0000 0.3791 0.0612 0.0099 0.0016 0.0003 1.0000 1.0000 0.2343
1.0000 1.0000 0.0003 0.0018 0.0113 0.0703 0.4356 1.0000 1.0000 0.0004 0.0024 0.0148 0.0918 0.5685 1.0000 1.0000 0.0005 0.0031 0.0194 0.1204 0.7475 1.0000 1.0000 0.0007 0.0043 0.0270 0.1715 1.0000 1.0000 1.0000 0.0011 0.0073 0.0483 0.3231 1.0000 1.0000 0.0004 0.0026 0.0178 0.1241 0.8654 1.0000 1.0000 0.0011 0.0079 0.0560 0.3961 1.0000 1.0000 0.0006 0.0018 0.0006 1.0000 1.0000 0.3961 0.0560 0.0079 0.0011 1.0000 1.0000 0.8654 0.1241 0.0178 0.0026 0.0004 1.0000 1.0000 0.3231 0.0483 0.0073 0.0011 1.0000 1.0000 1.0000 0.1715 0.0270 0.0043 0.0007 1.0000 1.0000 0.7475 0.1204 0.0194 0.0031 0.0005 1.0000 1.0000 0.5685 0.0918 0.0148 0.0024 0.0004 1.0000 1.0000 0.4356 0.0703 0.0113 0.0018 0.0003 1.0000 1.0000
1.0000 0.0003 0.0021 0.0130 0.0808 0.5004 1.0000 1.0000 0.0004 0.0027 0.0170 0.1054 0.6531 1.0000 1.0000 0.0006 0.0036 0.0222 0.1378 0.8556 1.0000 1.0000 0.0008 0.0048 0.0300 0.1890 1.0000 1.0000 1.0000 0.0012 0.0075 0.0492 0.3231 1.0000 1.0000 0.0004 0.0024 0.0166 0.1142 0.7899 1.0000 1.0000 0.0010 0.0070 0.0495 0.3493 1.0000 1.0000 0.0005 0.0034 0.0113 0.0034 0.0005 1.0000 1.0000 0.3493 0.0495 0.0070 0.0010 1.0000 1.0000 0.7899 0.1142 0.0166 0.0024 0.0004 1.0000 1.0000 0.3231 0.0492 0.0075 0.0012 1.0000 1.0000 1.0000 0.1890 0.0300 0.0048 0.0008 1.0000 1.0000 0.8556 0.1378 0.0222 0.0036 0.0006 1.0000 1.0000 0.6531 0.1054 0.0170 0.0027 0.0004 1.0000 1.0000 0.5004 0.0808 0.0130 0.0021 0.0003 1.0000
0.0003 0.0025 0.0150 0.0928 0.5750 1.0000 1.0000 0.0005 0.0032 0.0195 0.1211 0.7504 1.0000 1.0000 0.0007 0.0041 0.0256 0.1584 0.9812 1.0000 1.0000 0.0009 0.0054 0.0339 0.2114 1.0000 1.0000 1.0000 0.0012 0.0080 0.0514 0.3331 1.0000 1.0000 0.0004 0.0024 0.0159 0.1078 0.7362 1.0000 1.0000 0.0009 0.0063 0.0441 0.3099 1.0000 1.0000 0.0004 0.0029 0.0213 0.0702 0.0213 0.0029 0.0004 1.0000 1.0000 0.3099 0.0441 0.0063 0.0009 1.0000 1.0000 0.7362 0.1078 0.0159 0.0024 0.0004 1.0000 1.0000 0.3331 0.0514 0.0080 0.0012 1.0000 1.0000 1.0000 0.2114 0.0339 0.0054 0.0009 1.0000 1.0000 0.9812 0.1584 0.0256 0.0041 0.0007 1.0000 1.0000 0.7504 0.1211 0.0195 0.0032 0.0005 1.0000 1.0000 0.5750 0.0928 0.0150 0.0025 0.0003
0.0022 0.0175 0.1064 0.6606 1.0000 1.0000 0.0006 0.0036 0.0225 0.1392 0.8621 1.0000 1.0000 0.0008 0.0047 0.0294 0.1820 1.0000 1.0000 1.0000 0.0010 0.0062 0.0385 0.2397 1.0000 1.0000 1.0000 0.0014 0.0087 0.0553 0.3534 1.0000 1.0000 0.0004 0.0024 0.0156 0.1046 0.7034 1.0000 1.0000 0.0008 0.0058 0.0400 0.2786 1.0000 1.0000 0.0004 0.0025 0.0181 0.1324 0.4356 0.1324 0.0181 0.0025 0.0004 1.0000 1.0000 0.2786 0.0400 0.0058 0.0008 1.0000 1.0000 0.7034 0.1046 0.0156 0.0024 0.0004 1.0000 1.0000 0.3534 0.0553 0.0087 0.0014 1.0000 1.0000 1.0000 0.2397 0.0385 0.0062 0.0010 1.0000 1.0000 1.0000 0.1820 0.0294 0.0047 0.0008 1.0000 1.0000 0.8621 0.1392 0.0225 0.0036 0.0006 1.0000 1.0000 0.6606 0.1064 0.0175 0.0022
0.0159 0.1244 0.7576 1.0000 1.0000 0.0007 0.0042 0.0258 0.1599 0.9905 1.0000 1.0000 0.0009 0.0054 0.0337 0.2090 1.0000 1.0000 1.0000 0.0011 0.0071 0.0440 0.2733 1.0000 1.0000 0.0002 0.0015 0.0097 0.0608 0.3849 1.0000 1.0000 0.0004 0.0024 0.0159 0.1046 0.6928 1.0000 1.0000 0.0008 0.0054 0.0369 0.2548 1.0000 1.0000 0.0003 0.0023 0.0159 0.1131 0.8252 1.0000 0.8252 0.1131 0.0159 0.0023 0.0003 1.0000 1.0000 0.2548 0.0369 0.0054 0.0008 1.0000 1.0000 0.6928 0.1046 0.0159 0.0024 0.0004 1.0000 1.0000 0.3849 0.0608 0.0097 0.0015 0.0002 1.0000 1.0000 0.2733 0.0440 0.0071 0.0011 1.0000 1.0000 1.0000 0.2090 0.0337 0.0054 0.0009 1.0000 1.0000 0.9905 0.1599 0.0258 0.0042 0.0007 1.0000 1.0000 0.7576 0.1244 0.0159
0.1137 0.8854 1.0000 1.0000 0.0008 0.0048 0.0296 0.1837 1.0000 1.0000 1.0000 0.0010 0.0063 0.0388 0.2402 1.0000 1.0000 1.0000 0.0013 0.0082 0.0506 0.3135 1.0000 1.0000 0.0003 0.0017 0.0109 0.0681 0.4274 1.0000 1.0000 0.0004 0.0026 0.0166 0.1078 0.7034 1.0000 1.0000 0.0008 0.0051 0.0349 0.2379 1.0000 1.0000 0.0003 0.0020 0.0142 0.0996 0.7088 1.0000 1.0000 1.0000 0.7088 0.0996 0.0142 0.0020 0.0003 1.0000 1.0000 0.2379 0.0349 0.0051 0.0008 1.0000 1.0000 0.7034 0.1078 0.0166 0.0026 0.0004 1.0000 1.0000 0.4274 0.0681 0.0109 0.0017 0.0003 1.0000 1.0000 0.3135 0.0506 0.0082 0.0013 1.0000 1.0000 1.0000 0.2402 0.0388 0.0063 0.0010 1.0000 1.0000 1.0000 0.1837 0.0296 0.0048 0.0008 1.0000 1.0000 0.8854 0.1137
0.8082 1.0000 1.0000 0.0009 0.0055 0.0341 0.2110 1.0000 1.0000 1.0000 0.0012 0.0072 0.0445 0.2760 1.0000 1.0000 0.0002 0.0015 0.0094 0.0581 0.3601 1.0000 1.0000 0.0003 0.0020 0.0124 0.0769 0.4799 1.0000 1.0000 0.0004 0.0028 0.0178 0.1142 0.7362 1.0000 1.0000 0.0008 0.0051 0.0338 0.2277 1.0000 1.0000 0.0003 0.0019 0.0129 0.0897 0.6264 1.0000 1.0000 0.0004 1.0000 1.0000 0.6264 0.0897 0.0129 0.0019 0.0003 1.0000 1.0000 0.2277 0.0338 0.0051 0.0008 1.0000 1.0000 0.7362 0.1142 0.0178 0.0028 0.0004 1.0000 1.0000 0.4799 0.0769 0.0124 0.0020 0.0003 1.0000 1.0000 0.3601 0.0581 0.0094 0.0015 0.0002 1.0000 1.0000 0.2760 0.0445 0.0072 0.0012 1.0000 1.0000 1.0000 0.2110 0.0341 0.0055 0.0009 1.0000 1.0000 0.8082
1.0000 1.0000 0.0010 0.0063 0.0391 0.2425 1.0000 1.0000 1.0000 0.0013 0.0083 0.0512 0.3171 1.0000 1.0000 0.0003 0.0017 0.0108 0.0668 0.4138 1.0000 1.0000 0.0004 0.0023 0.0141 0.0875 0.5452 1.0000 1.0000 0.0005 0.0031 0.0196 0.1241 0.7899 1.0000 1.0000 0.0008 0.0051 0.0338 0.2243 1.0000 1.0000 0.0003 0.0017 0.0119 0.0820 0.5685 1.0000 1.0000 0.0008 0.0025 0.0008 1.0000 1.0000 0.5685 0.0820 0.0119 0.0017 0.0003 1.0000 1.0000 0.2243 0.0338 0.0051 0.0008 1.0000 1.0000 0.7899 0.1241 0.0196 0.0031 0.0005 1.0000 1.0000 0.5452 0.0875 0.0141 0.0023 0.0004 1.0000 1.0000 0.4138 0.0668 0.0108 0.0017 0.0003 1.0000 1.0000 0.3171 0.0512 0.0083 0.0013 1.0000 1.0000 1.0000 0.2425 0.0391 0.0063 0.0010 1.0000 1.0000
1.0000 0.0012 0.0073 0.0450 0.2786 1.0000 1.0000 0.0002 0.0015 0.0095 0.0588 0.3643 1.0000 1.0000 0.0003 0.0020 0.0124 0.0767 0.4754 1.0000 1.0000 0.0004 0.0026 0.0162 0.1003 0.6228 1.0000 1.0000 0.0006 0.0035 0.0218 0.1373 0.8654 1.0000 1.0000 0.0008 0.0054 0.0349 0.2277 1.0000 1.0000 0.0002 0.0017 0.0113 0.0767 0.5258 1.0000 1.0000 0.0007 0.0048 0.0156 0.0048 0.0007 1.0000 1.0000 0.5258 0.0767 0.0113 0.0017 0.0002 1.0000 1.0000 0.2277 0.0349 0.0054 0.0008 1.0000 1.0000 0.8654 0.1373 0.0218 0.0035 0.0006 1.0000 1.0000 0.6228 0.1003 0.0162 0.0026 0.0004 1.0000 1.0000 0.4754 0.0767 0.0124 0.0020 0.0003 1.0000 1.0000 0.3643 0.0588 0.0095 0.0015 0.0002 1.0000 1.0000 0.2786 0.0450 0.0073 0.0012 1.0000
0.0011 0.0085 0.0517 0.3201 1.0000 1.0000 0.0003 0.0018 0.0109 0.0676 0.4185 1.0000 1.0000 0.0004 0.0023 0.0142 0.0882 0.5462 1.0000 1.0000 0.0005 0.0030 0.0186 0.1153 0.7142 1.0000 1.0000 0.0006 0.0039 0.0247 0.1539 0.9645 1.0000 1.0000 0.0009 0.0058 0.0369 0.2379 1.0000 1.0000 0.0002 0.0016 0.0109 0.0736 0.4985 1.0000 1.0000 0.0006 0.0042 0.0301 0.0986 0.0301 0.0042 0.0006 1.0000 1.0000 0.4985 0.0736 0.0109 0.0016 0.0002 1.0000 1.0000 0.2379 0.0369 0.0058 0.0009 1.0000 1.0000 0.9645 0.1539 0.0247 0.0039 0.0006 1.0000 1.0000 0.7142 0.1153 0.0186 0.0030 0.0005 1.0000 1.0000 0.5462 0.0882 0.0142 0.0023 0.0004 1.0000 1.0000 0.4185 0.0676 0.0109 0.0018 0.0003 1.0000 1.0000 0.3201 0.0517 0.0085 0.0011
0.0077 0.0603 0.3678 1.0000 1.0000 0.0003 0.0020 0.0125 0.0776 0.4809 1.0000 1.0000 0.0004 0.0026 0.0163 0.1013 0.6275 1.0000 1.0000 0.0006 0.0035 0.0214 0.1324 0.8205 1.0000 1.0000 0.0007 0.0045 0.0280 0.1745 1.0000 1.0000 1.0000 0.0010 0.0063 0.0400 0.2548 1.0000 1.0000 0.0003 0.0017 0.0109 0.0726 0.4845 1.0000 1.0000 0.0006 0.0038 0.0268 0.1912 0.6252 0.1912 0.0268 0.0038 0.0006 1.0000 1.0000 0.4845 0.0725 0.0109 0.0017 0.0003 1.0000 1.0000 0.2548 0.0400 0.0063 0.0010 1.0000 1.0000 1.0000 0.1745 0.0280 0.0045 0.0007 1.0000 1.0000 0.8205 0.1324 0.0214 0.0035 0.0006 1.0000 1.0000 0.6275 0.1013 0.0163 0.0026 0.0004 1.0000 1.0000 0.4809 0.0776 0.0125 0.0020 0.0003 1.0000 1.0000 0.3678 0.0603 0.0077
0.0551 0.4298 1.0000 1.0000 0.0004 0.0023 0.0144 0.0892 0.5525 1.0000 1.0000 0.0005 0.0030 0.0188 0.1164 0.7210 1.0000 1.0000 0.0006 0.0040 0.0246 0.1522 0.9427 1.0000 1.0000 0.0008 0.0052 0.0321 0.1990 1.0000 1.0000 1.0000 0.0011 0.0070 0.0441 0.2786 1.0000 1.0000 0.0003 0.0017 0.0113 0.0736 0.4845 1.0000 1.0000 0.0005 0.0036 0.0248 0.1719 1.0000 1.0000 1.0000 0.1719 0.0248 0.0036 0.0005 1.0000 1.0000 0.4845 0.0736 0.0113 0.0017 0.0003 1.0000 1.0000 0.2786 0.0441 0.0070 0.0011 1.0000 1.0000 1.0000 0.1990 0.0321 0.0052 0.0008 1.0000 1.0000 0.9427 0.1522 0.0246 0.0040 0.0006 1.0000 1.0000 0.7210 0.1164 0.0188 0.0030 0.0005 1.0000 1.0000 0.5525 0.0892 0.0144 0.0023 0.0004 1.0000 1.0000 0.4298 0.0551
0.3923 1.0000 1.0000 0.0004 0.0027 0.0165 0.1025 0.6347 1.0000 1.0000 0.0006 0.0035 0.0216 0.1337 0.8284 1.0000 1.0000 0.0007 0.0046 0.0282 0.1748 1.0000 1.0000 1.0000 0.0010 0.0059 0.0368 0.2282 1.0000 1.0000 1.0000 0.0013 0.0079 0.0495 0.3099 1.0000 1.0000 0.0003 0.0019 0.0119 0.0767 0.4985 1.0000 1.0000 0.0005 0.0035 0.0238 0.1611 1.0000 1.0000 1.0000 1.0000 1.0000 0.1611 0.0238 0.0035 0.0005 1.0000 1.0000 0.4985 0.0767 0.0119 0.0019 0.0003 1.0000 1.0000 0.3099 0.0495 0.0079 0.0013 1.0000 1.0000 1.0000 0.2282 0.0368 0.0059 0.0010 1.0000 1.0000 1.0000 0.1748 0.0282 0.0046 0.0007 1.0000 1.0000 0.8284 0.1337 0.0216 0.0035 0.0006 1.0000 1.0000 0.6347 0.1025 0.0165 0.0027 0.0004 1.0000 1.0000 0.3923
1.0000 1.0000 0.0005 0.0031 0.0190 0.1177 0.7293 1.0000 1.0000 0.0006 0.0040 0.0248 0.1536 0.9518 1.0000 1.0000 0.0008 0.0052 0.0324 0.2009 1.0000 1.0000 1.0000 0.0011 0.0068 0.0423 0.2621 1.0000 1.0000 1.0000 0.0014 0.0090 0.0560 0.3493 1.0000 1.0000 0.0003 0.0020 0.0129 0.0820 0.5258 1.0000 1.0000 0.0005 0.0035 0.0235 0.1566 1.0000 1.0000 1.0000 0.0006 1.0000 1.0000 1.0000 0.1566 0.0235 0.0035 0.0005 1.0000 1.0000 0.5258 0.0820 0.0129 0.0020 0.0003 1.0000 1.0000 0.3493 0.0560 0.0090 0.0014 1.0000 1.0000 1.0000 0.2621 0.0423 0.0068 0.0011 1.0000 1.0000 1.0000 0.2009 0.0324 0.0052 0.0008 1.0000 1.0000 0.9518 0.1536 0.0248 0.0040 0.0006 1.0000 1.0000 0.7293 0.1177 0.0190 0.0031 0.0005 1.0000 1.0000
1.0000 0.0006 0.0035 0.0218 0.1352 0.8379 1.0000 1.0000 0.0007 0.0046 0.0285 0.1765 1.0000 1.0000 1.0000 0.0010 0.0060 0.0372 0.2308 1.0000 1.0000 1.0000 0.0013 0.0078 0.0486 0.3012 1.0000 1.0000 0.0003 0.0017 0.0103 0.0638 0.3968 1.0000 1.0000 0.0004 0.0023 0.0142 0.0897 0.5685 1.0000 1.0000 0.0006 0.0036 0.0238 0.1566 1.0000 1.0000 1.0000 0.0012 0.0040 0.0012 1.0000 1.0000 1.0000 0.1566 0.0238 0.0036 0.0006 1.0000 1.0000 0.5685 0.0897 0.0142 0.0023 0.0004 1.0000 1.0000 0.3961 0.0638 0.0103 0.0017 0.0003 1.0000 1.0000 0.3012 0.0486 0.0078 0.0013 1.0000 1.0000 1.0000 0.2308 0.0372 0.0060 0.0010 1.0000 1.0000 1.0000 0.1765 0.0285 0.0046 0.0007 1.0000 1.0000 0.8379 0.1352 0.0218 0.0035 0.0006 1.0000
0.0005 0.0041 0.0250 0.1554 0.9627 1.0000 1.0000 0.0009 0.0053 0.0327 0.2028 1.0000 1.0000 1.0000 0.0011 0.0069 0.0428 0.2651 1.0000 1.0000 0.0002 0.0015 0.0090 0.0559 0.3460 1.0000 1.0000 0.0003 0.0019 0.0118 0.0730 0.4533 1.0000 1.0000 0.0004 0.0025 0.0159 0.0996 0.6264 1.0000 1.0000 0.0006 0.0038 0.0248 0.1611 1.0000 1.0000 1.0000 0.0012 0.0080 0.0260 0.0080 0.0012 1.0000 1.0000 1.0000 0.1611 0.0248 0.0038 0.0006 1.0000 1.0000 0.6264 0.0996 0.0159 0.0025 0.0004 1.0000 1.0000 0.4533 0.0730 0.0118 0.0019 0.0003 1.0000 1.0000 0.3460 0.0560 0.0090 0.0015 0.0002 1.0000 1.0000 0.2651 0.0428 0.0069 0.0011 1.0000 1.0000 1.0000 0.2028 0.0328 0.0053 0.0009 1.0000 1.0000 0.9627 0.1554 0.0251 0.0041 0.0005
0.0038 0.0293 0.1782 1.0000 1.0000 1.0000 0.0010 0.0061 0.0376 0.2330 1.0000 1.0000 1.0000 0.0013 0.0079 0.0492 0.3046 1.0000 1.0000 0.0003 0.0017 0.0104 0.0642 0.3976 1.0000 1.0000 0.0004 0.0022 0.0135 0.0839 0.5198 1.0000 1.0000 0.0005 0.0029 0.0179 0.1118 0.7007 1.0000 1.0000 0.0007 0.0041 0.0265 0.1699 1.0000 1.0000 1.0000 0.0011 0.0077 0.0529 0.1715 0.0536 0.0078 0.0012 1.0000 1.0000 1.0000 0.1719 0.0268 0.0042 0.0007 1.0000 1.0000 0.7088 0.1131 0.0181 0.0029 0.0005 1.0000 1.0000 0.5248 0.0847 0.0137 0.0022 0.0004 1.0000 1.0000 0.4021 0.0649 0.0105 0.0017 0.0003 1.0000 1.0000 0.3075 0.0496 0.0080 0.0013 1.0000 1.0000 1.0000 0.2357 0.0380 0.0061 0.0010 1.0000 1.0000 1.0000 0.1799 0.0295 0.0038
0.0268 0.2083 1.0000 1.0000 1.0000 0.0011 0.0070 0.0432 0.2677 1.0000 1.0000 0.0002 0.0015 0.0091 0.0565 0.3500 1.0000 1.0000 0.0003 0.0019 0.0119 0.0737 0.4568 1.0000 1.0000 0.0004 0.0025 0.0156 0.0964 0.5973 1.0000 1.0000 0.0005 0.0033 0.0204 0.1268 0.7899 1.0000 1.0000 0.0007 0.0046 0.0288 0.1830 1.0000 1.0000 1.0000 0.0012 0.0077 0.0512 0.3561 1.0000 0.3650 0.0536 0.0080 0.0012 1.0000 1.0000 1.0000 0.1912 0.0301 0.0048 0.0008 1.0000 1.0000 0.8252 0.1324 0.0213 0.0034 0.0006 1.0000 1.0000 0.6204 0.1001 0.0162 0.0026 0.0004 1.0000 1.0000 0.4754 0.0767 0.0124 0.0020 0.0003 1.0000 1.0000 0.3636 0.0587 0.0095 0.0015 1.0000 1.0000 1.0000 0.2786 0.0450 0.0073 0.0012 1.0000 1.0000 1.0000 0.2155 0.0271
0.1904 1.0000 1.0000 1.0000 0.0013 0.0080 0.0496 0.3075 1.0000 1.0000 0.0003 0.0017 0.0105 0.0649 0.4021 1.0000 1.0000 0.0004 0.0022 0.0137 0.0847 0.5248 1.0000 1.0000 0.0005 0.0029 0.0179 0.1108 0.6862 1.0000 1.0000 0.0006 0.0038 0.0233 0.1448 0.8990 1.0000 1.0000 0.0008 0.0051 0.0319 0.2012 1.0000 1.0000 1.0000 0.0012 0.0080 0.0520 0.3493 1.0000 1.0000 1.0000 0.1719 0.0260 0.0040 0.0006 1.0000 1.0000 0.6252 0.0986 0.0156 0.0025 0.0004 1.0000 1.0000 0.4356 0.0702 0.0113 0.0018 0.0003 1.0000 1.0000 0.3300 0.0534 0.0086 0.0014 1.0000 1.0000 1.0000 0.2528 0.0408 0.0066 0.0011 1.0000 1.0000 1.0000 0.1934 0.0313 0.0050 0.0008 1.0000 1.0000 0.9180 0.1482 0.0239 0.0039 0.0006 1.0000 1.0000 0.7196 0.0960
1.0000 1.0000 0.0002 0.0015 0.0093 0.0574 0.3554 1.0000 1.0000 0.0003 0.0020 0.0121 0.0750 0.4647 1.0000 1.0000 0.0004 0.0025 0.0158 0.0979 0.6064 1.0000 1.0000 0.0005 0.0033 0.0207 0.1280 0.7929 1.0000 1.0000 0.0007 0.0044 0.0270 0.1670 1.0000 1.0000 1.0000 0.0009 0.0058 0.0361 0.2260 1.0000 1.0000 1.0000 0.0013 0.0086 0.0550 0.3574 1.0000 1.0000 1.0000 0.3493 0.0532 0.0080 0.0012 1.0000 1.0000 1.0000 0.1912 0.0301 0.0048 0.0008 1.0000 1.0000 0.8252 0.1324 0.0213 0.0034 0.0006 1.0000 1.0000 0.6204 0.1001 0.0162 0.0026 0.0004 1.0000 1.0000 0.4754 0.0767 0.0124 0.0020 0.0003 1.0000 1.0000 0.3636 0.0587 0.0095 0.0015 1.0000 1.0000 1.0000 0.2786 0.0450 0.0073 0.0012 1.0000 1.0000 1.0000 0.2155 0.0271
1.0000 0.0003 0.0017 0.0109 0.0673 0.4169 1.0000 1.0000 0.0004 0.0023 0.0142 0.0878 0.5441 1.0000 1.0000 0.0005 0.0030 0.0185 0.1148 0.7115 1.0000 1.0000 0.0006 0.0039 0.0242 0.1499 0.9285 1.0000 1.0000 0.0008 0.0051 0.0316 0.1960 1.0000 1.0000 1.0000 0.0011 0.0067 0.0417 0.2597 1.0000 1.0000 1.0000 0.0015 0.0095 0.0603 0.3857 1.0000 1.0000 1.0000 0.2384 0.0504 0.0077 0.0012 1.0000 1.0000 1.0000 0.1719 0.0268 0.0042 0.0007 1.0000 1.0000 0.7088 0.1131 0.0181 0.0029 0.0005 1.0000 1.0000 0.5248 0.0847 0.0137 0.0022 0.0004 1.0000 1.0000 0.4021 0.0649 0.0105 0.0017 0.0003 1.0000 1.0000 0.3075 0.0496 0.0080 0.0013 1.0000 1.0000 1.0000 0.2357 0.0380 0.0061 0.0010 1.0000 1.0000 1.0000 0.1799 0.0295 0.0038
1.0000 0.0014 0.0084 0.0523 0.3238 1.0000 1.0000 0.0003 0.0018 0.0110 0.0683 0.4233 1.0000 1.0000 0.0004 0.0023 0.0144 0.0893 0.5535 1.0000 1.0000 0.0005 0.0030 0.0188 0.1166 0.7224 1.0000 1.0000 0.0006 0.0040 0.0246 0.1527 0.9463 1.0000 1.0000 0.0008 0.0053 0.0330 0.2071 1.0000 1.0000 1.0000 0.0012 0.0078 0.0502 0.3238 1.0000 1.0000 0.0003 0.0011 0.0137 0.0083 0.0012 1.0000 1.0000 1.0000 0.1611 0.0248 0.0038 0.0006 1.0000 1.0000 0.6264 0.0996 0.0159 0.0025 0.0004 1.0000 1.0000 0.4533 0.0730 0.0118 0.0019 0.0003 1.0000 1.0000 0.3460 0.0560 0.0090 0.0015 0.0002 1.0000 1.0000 0.2651 0.0428 0.0069 0.0011 1.0000 1.0000 1.0000 0.2028 0.0328 0.0053 0.0009 1.0000 1.0000 0.9627 0.1554 0.0251 0.0041 0.0005
1.0000 0.0006 0.0037 0.0230 0.1424 0.8820 1.0000 1.0000 0.0008 0.0048 0.0300 0.1862 1.0000 1.0000 1.0000 0.0010 0.0063 0.0392 0.2434 1.0000 1.0000 1.0000 0.0013 0.0083 0.0513 0.3177 1.0000 1.0000 0.0003 0.0017 0.0108 0.0673 0.4193 1.0000 1.0000 0.0004 0.0024 0.0150 0.0951 0.6030 1.0000 1.0000 0.0006 0.0039 0.0253 0.1670 1.0000 1.0000 1.0000 0.0013 0.0040 0.0012 1.0000 1.0000 1.0000 0.1566 0.0238 0.0036 0.0006 1.0000 1.0000 0.5685 0.0897 0.0142 0.0023 0.0004 1.0000 1.0000 0.3961 0.0638 0.0103 0.0017 0.0003 1.0000 1.0000 0.3012 0.0486 0.0078 0.0013 1.0000 1.0000 1.0000 0.2308 0.0372 0.0060 0.0010 1.0000 1.0000 1.0000 0.1765 0.0285 0.0046 0.0007 1.0000 1.0000 0.8379 0.1352 0.0218 0.0035 0.0006 1.0000
1.0000 1.0000 0.0005 0.0031 0.0193 0.1195 0.7405 1.0000 1.0000 0.0007 0.0041 0.0252 0.1563 0.9663 1.0000 1.0000 0.0009 0.0053 0.0329 0.2039 1.0000 1.0000 1.0000 0.0011 0.0069 0.0430 0.2667 1.0000 1.0000 0.0002 0.0015 0.0091 0.0568 0.3547 1.0000 1.0000 0.0003 0.0021 0.0131 0.0836 0.5349 1.0000 1.0000 0.0005 0.0036 0.0239 0.1596 1.0000 1.0000 1.0000 0.0006 1.0000 1.0000 1.0000 0.1566 0.0235 0.0035 0.0005 1.0000 1.0000 0.5258 0.0820 0.0129 0.0020 0.0003 1.0000 1.0000 0.3493 0.0560 0.0090 0.0014 1.0000 1.0000 1.0000 0.2621 0.0423 0.0068 0.0011 1.0000 1.0000 1.0000 0.2009 0.0324 0.0052 0.0008 1.0000 1.0000 0.9518 0.1536 0.0248 0.0040 0.0006 1.0000 1.0000 0.7293 0.1177 0.0190 0.0031 0.0005 1.0000 1.0000
