0.3942 0.4818 0.3840 0.1956 0.1943 0.2526 0.3565 0.4756 0.4394 0.2428 0.1845 0.2258 0.3131 0.4410 0.4703 0.3288 0.1856 0.2053 0.2755 0.3908 0.4816 0.4028 0.2035 0.1906 0.2442 0.3435 0.4687 0.4504 0.2666 0.1836 0.2193 0.3017 0.4270 0.4756 0.3523 0.1884 0.2005 0.2658 0.3766 0.4808 0.4195 0.2155 0.1874 0.2364 0.3309 0.4592 0.4596 0.2917 0.1838 0.2101 0.2463 0.2101 0.1838 0.2917 0.4596 0.4592 0.3309 0.2364 0.1874 0.2155 0.4195 0.4808 0.3766 0.2658 0.2005 0.1884 0.3523 0.4756 0.4270 0.3017 0.2193 0.1836 0.2666 0.4504 0.4687 0.3435 0.2442 0.1906 0.2035 0.4028 0.4816 0.3908 0.2755 0.2053 0.1856 0.3288 0.4703 0.4410 0.3131 0.2258 0.1845 0.2428 0.4394 0.4756 0.3565 0.2526 0.1943 0.1956 0.3840 0.4818 0.3942
0.4818 0.3785 0.1720 0.1690 0.2376 0.3543 0.4789 0.4386 0.2361 0.1566 0.2064 0.3055 0.4454 0.4695 0.3293 0.1593 0.1822 0.2631 0.3918 0.4826 0.4034 0.1845 0.1638 0.2275 0.3394 0.4728 0.4494 0.2634 0.1558 0.1988 0.2926 0.4308 0.4751 0.3531 0.1633 0.1763 0.2522 0.3761 0.4827 0.4194 0.2014 0.1599 0.2186 0.3254 0.4638 0.4586 0.2907 0.1563 0.1921 0.2780 0.3522 0.2780 0.1921 0.1563 0.2907 0.4586 0.4638 0.3254 0.2186 0.1599 0.2014 0.4194 0.4827 0.3761 0.2522 0.1763 0.1633 0.3531 0.4751 0.4308 0.2926 0.1988 0.1558 0.2634 0.4494 0.4728 0.3394 0.2275 0.1638 0.1845 0.4034 0.4826 0.3918 0.2631 0.1822 0.1593 0.3293 0.4695 0.4454 0.3055 0.2064 0.1566 0.2361 0.4386 0.4789 0.3543 0.2376 0.1690 0.1720 0.3785 0.4818
0.3840 0.1720 0.1676 0.2331 0.3456 0.4745 0.4453 0.2534 0.1558 0.2009 0.2961 0.4343 0.4728 0.3454 0.1616 0.1779 0.2551 0.3801 0.4819 0.4144 0.1950 0.1609 0.2210 0.3290 0.4657 0.4555 0.2818 0.1558 0.1936 0.2836 0.4190 0.4774 0.3680 0.1669 0.1724 0.2446 0.3649 0.4805 0.4286 0.2160 0.1579 0.2125 0.3153 0.4546 0.4635 0.3086 0.1571 0.1870 0.2723 0.4053 0.4726 0.4053 0.2723 0.1870 0.1571 0.3086 0.4635 0.4546 0.3153 0.2125 0.1579 0.2160 0.4286 0.4805 0.3649 0.2446 0.1724 0.1669 0.3680 0.4774 0.4190 0.2836 0.1936 0.1558 0.2818 0.4555 0.4657 0.3290 0.2210 0.1609 0.1950 0.4144 0.4819 0.3801 0.2551 0.1779 0.1616 0.3454 0.4728 0.4343 0.2961 0.2009 0.1558 0.2534 0.4453 0.4745 0.3456 0.2331 0.1676 0.1720 0.3840
0.1956 0.1690 0.2331 0.3425 0.4720 0.4503 0.2685 0.1557 0.1964 0.2881 0.4245 0.4760 0.3607 0.1649 0.1742 0.2481 0.3700 0.4813 0.4241 0.2084 0.1588 0.2153 0.3199 0.4587 0.4610 0.2998 0.1565 0.1891 0.2756 0.4085 0.4796 0.3820 0.1719 0.1690 0.2380 0.3551 0.4783 0.4369 0.2326 0.1566 0.2071 0.3065 0.4460 0.4682 0.3258 0.1587 0.1827 0.2642 0.3935 0.4795 0.4455 0.4795 0.3935 0.2642 0.1827 0.1587 0.3258 0.4682 0.4460 0.3065 0.2071 0.1566 0.2326 0.4369 0.4783 0.3551 0.2380 0.1690 0.1719 0.3820 0.4796 0.4085 0.2756 0.1891 0.1565 0.2998 0.4610 0.4587 0.3199 0.2153 0.1588 0.2084 0.4241 0.4813 0.3700 0.2481 0.1742 0.1649 0.3607 0.4760 0.4245 0.2881 0.1964 0.1557 0.2685 0.4503 0.4720 0.3425 0.2331 0.1690 0.1956
0.1943 0.2376 0.3456 0.4720 0.4521 0.2778 0.1559 0.1928 0.2811 0.4150 0.4785 0.3747 0.1692 0.1707 0.2413 0.3600 0.4796 0.4329 0.2241 0.1572 0.2098 0.3110 0.4505 0.4659 0.3173 0.1578 0.1848 0.2679 0.3980 0.4812 0.3950 0.1785 0.1658 0.2315 0.3453 0.4748 0.4444 0.2504 0.1558 0.2019 0.2979 0.4365 0.4721 0.3421 0.1610 0.1788 0.2567 0.3824 0.4819 0.4106 0.2892 0.4106 0.4819 0.3824 0.2567 0.1788 0.1610 0.3421 0.4721 0.4365 0.2979 0.2019 0.1558 0.2504 0.4444 0.4748 0.3453 0.2315 0.1658 0.1785 0.3950 0.4812 0.3980 0.2679 0.1848 0.1578 0.3173 0.4659 0.4505 0.3110 0.2098 0.1572 0.2241 0.4329 0.4796 0.3600 0.2413 0.1707 0.1692 0.3747 0.4785 0.4150 0.2811 0.1928 0.1559 0.2778 0.4521 0.4720 0.3456 0.2376 0.1943
0.2526 0.3543 0.4745 0.4503 0.2778 0.1560 0.1907 0.2762 0.4071 0.4802 0.3867 0.1744 0.1675 0.2349 0.3502 0.4767 0.4407 0.2415 0.1562 0.2045 0.3022 0.4413 0.4702 0.3340 0.1598 0.1807 0.2603 0.3875 0.4819 0.4068 0.1872 0.1628 0.2253 0.3358 0.4700 0.4511 0.2687 0.1556 0.1970 0.2895 0.4264 0.4755 0.3576 0.1641 0.1750 0.2496 0.3721 0.4815 0.4215 0.2077 0.1485 0.2077 0.4215 0.4815 0.3721 0.2496 0.1750 0.1641 0.3576 0.4755 0.4264 0.2895 0.1970 0.1556 0.2687 0.4511 0.4700 0.3358 0.2253 0.1628 0.1872 0.4068 0.4819 0.3875 0.2603 0.1807 0.1598 0.3340 0.4702 0.4413 0.3022 0.2045 0.1562 0.2415 0.4407 0.4767 0.3502 0.2349 0.1675 0.1744 0.3867 0.4802 0.4071 0.2762 0.1907 0.1560 0.2778 0.4503 0.4745 0.3543 0.2526
0.3565 0.4789 0.4453 0.2685 0.1559 0.1907 0.2744 0.4025 0.4811 0.3957 0.1801 0.1648 0.2291 0.3412 0.4728 0.4477 0.2595 0.1557 0.1995 0.2937 0.4315 0.4739 0.3499 0.1625 0.1768 0.2531 0.3772 0.4819 0.4173 0.1986 0.1602 0.2194 0.3265 0.4639 0.4571 0.2870 0.1559 0.1923 0.2813 0.4160 0.4781 0.3722 0.1682 0.1714 0.2427 0.3621 0.4800 0.4311 0.2199 0.1551 0.1757 0.1551 0.2199 0.4311 0.4800 0.3621 0.2427 0.1714 0.1682 0.3722 0.4781 0.4160 0.2813 0.1923 0.1559 0.2870 0.4571 0.4639 0.3265 0.2194 0.1602 0.1986 0.4173 0.4819 0.3772 0.2531 0.1768 0.1625 0.3499 0.4739 0.4315 0.2937 0.1995 0.1557 0.2595 0.4477 0.4728 0.3412 0.2291 0.1648 0.1801 0.3957 0.4811 0.4025 0.2744 0.1907 0.1559 0.2685 0.4453 0.4789 0.3565
0.4756 0.4386 0.2534 0.1557 0.1928 0.2762 0.4025 0.4813 0.4007 0.1849 0.1628 0.2244 0.3332 0.4680 0.4537 0.2770 0.1557 0.1947 0.2854 0.4213 0.4769 0.3650 0.1660 0.1732 0.2461 0.3671 0.4809 0.4268 0.2127 0.1582 0.2137 0.3173 0.4565 0.4625 0.3049 0.1568 0.1878 0.2734 0.4055 0.4802 0.3858 0.1736 0.1680 0.2361 0.3522 0.4774 0.4391 0.2376 0.1566 0.2024 0.2486 0.2024 0.1566 0.2376 0.4391 0.4774 0.3522 0.2361 0.1680 0.1736 0.3858 0.4802 0.4055 0.2734 0.1878 0.1568 0.3049 0.4625 0.4565 0.3173 0.2137 0.1582 0.2127 0.4268 0.4809 0.3671 0.2461 0.1732 0.1660 0.3650 0.4769 0.4213 0.2854 0.1947 0.1557 0.2770 0.4537 0.4680 0.3332 0.2244 0.1628 0.1849 0.4007 0.4813 0.4025 0.2762 0.1928 0.1557 0.2534 0.4386 0.4756
0.4394 0.2361 0.1558 0.1964 0.2811 0.4071 0.4811 0.4007 0.1869 0.1618 0.2213 0.3271 0.4631 0.4585 0.2928 0.1562 0.1903 0.2776 0.4110 0.4792 0.3791 0.1707 0.1697 0.2393 0.3571 0.4789 0.4352 0.2290 0.1568 0.2082 0.3084 0.4479 0.4672 0.3222 0.1583 0.1836 0.2657 0.3950 0.4815 0.3985 0.1807 0.1649 0.2297 0.3426 0.4736 0.4464 0.2556 0.1558 0.2011 0.2939 0.3713 0.2939 0.2011 0.1558 0.2556 0.4464 0.4736 0.3426 0.2297 0.1649 0.1807 0.3985 0.4815 0.3950 0.2657 0.1836 0.1583 0.3222 0.4672 0.4479 0.3084 0.2082 0.1568 0.2290 0.4352 0.4789 0.3571 0.2393 0.1697 0.1707 0.3791 0.4792 0.4110 0.2776 0.1903 0.1562 0.2928 0.4585 0.4631 0.3271 0.2213 0.1618 0.1869 0.4007 0.4811 0.4071 0.2811 0.1964 0.1558 0.2361 0.4394
0.2428 0.1566 0.2009 0.2881 0.4150 0.4802 0.3957 0.1849 0.1618 0.2202 0.3237 0.4594 0.4619 0.3059 0.1571 0.1866 0.2705 0.4011 0.4808 0.3920 0.1768 0.1664 0.2329 0.3473 0.4757 0.4429 0.2466 0.1560 0.2030 0.2997 0.4386 0.4713 0.3387 0.1605 0.1796 0.2582 0.3845 0.4820 0.4099 0.1902 0.1620 0.2236 0.3331 0.4684 0.4529 0.2740 0.1557 0.1957 0.2878 0.4256 0.4769 0.4256 0.2878 0.1957 0.1557 0.2740 0.4529 0.4684 0.3331 0.2236 0.1620 0.1902 0.4099 0.4820 0.3845 0.2582 0.1796 0.1605 0.3387 0.4713 0.4386 0.2997 0.2030 0.1560 0.2466 0.4429 0.4757 0.3473 0.2329 0.1664 0.1768 0.3920 0.4808 0.4011 0.2705 0.1866 0.1571 0.3059 0.4619 0.4594 0.3237 0.2202 0.1618 0.1849 0.3957 0.4802 0.4150 0.2881 0.2009 0.1566 0.2428
0.1845 0.2064 0.2961 0.4245 0.4785 0.3867 0.1801 0.1628 0.2213 0.3237 0.4579 0.4637 0.3146 0.1580 0.1836 0.2645 0.3921 0.4817 0.4033 0.1846 0.1635 0.2267 0.3378 0.4711 0.4497 0.2649 0.1556 0.1981 0.2913 0.4286 0.4748 0.3543 0.1634 0.1757 0.2511 0.3743 0.4817 0.4201 0.2024 0.1596 0.2177 0.3238 0.4619 0.4587 0.2922 0.1561 0.1910 0.2790 0.4137 0.4762 0.4321 0.4762 0.4137 0.2790 0.1910 0.1561 0.2922 0.4587 0.4619 0.3238 0.2177 0.1596 0.2024 0.4201 0.4817 0.3743 0.2511 0.1757 0.1634 0.3543 0.4748 0.4286 0.2913 0.1981 0.1556 0.2649 0.4497 0.4711 0.3378 0.2267 0.1635 0.1846 0.4033 0.4817 0.3921 0.2645 0.1836 0.1580 0.3146 0.4637 0.4579 0.3237 0.2213 0.1628 0.1801 0.3867 0.4785 0.4245 0.2961 0.2064 0.1845
0.2258 0.3055 0.4343 0.4760 0.3747 0.1744 0.1648 0.2244 0.3271 0.4594 0.4637 0.3177 0.1586 0.1817 0.2600 0.3848 0.4820 0.4126 0.1939 0.1610 0.2210 0.3287 0.4654 0.4559 0.2832 0.1558 0.1933 0.2830 0.4183 0.4776 0.3691 0.1672 0.1721 0.2441 0.3642 0.4804 0.4293 0.2172 0.1578 0.2121 0.3147 0.4541 0.4639 0.3099 0.1572 0.1866 0.2711 0.4025 0.4803 0.3896 0.2545 0.3896 0.4803 0.4025 0.2711 0.1866 0.1572 0.3099 0.4639 0.4541 0.3147 0.2121 0.1578 0.2172 0.4293 0.4804 0.3642 0.2441 0.1721 0.1672 0.3691 0.4776 0.4183 0.2830 0.1933 0.1558 0.2832 0.4559 0.4654 0.3287 0.2210 0.1610 0.1939 0.4126 0.4820 0.3848 0.2600 0.1817 0.1586 0.3177 0.4637 0.4594 0.3271 0.2244 0.1648 0.1744 0.3747 0.4760 0.4343 0.3055 0.2258
0.3131 0.4454 0.4728 0.3607 0.1692 0.1675 0.2291 0.3332 0.4631 0.4619 0.3146 0.1586 0.1810 0.2577 0.3800 0.4819 0.4195 0.2037 0.1592 0.2160 0.3203 0.4587 0.4612 0.3008 0.1566 0.1888 0.2750 0.4078 0.4798 0.3830 0.1723 0.1687 0.2374 0.3543 0.4781 0.4375 0.2340 0.1565 0.2067 0.3059 0.4453 0.4685 0.3270 0.1589 0.1824 0.2635 0.3919 0.4817 0.4013 0.1839 0.1479 0.1839 0.4013 0.4817 0.3919 0.2635 0.1824 0.1589 0.3270 0.4685 0.4453 0.3059 0.2067 0.1565 0.2340 0.4375 0.4781 0.3543 0.2374 0.1687 0.1723 0.3830 0.4798 0.4078 0.2750 0.1888 0.1566 0.3008 0.4612 0.4587 0.3203 0.2160 0.1592 0.2037 0.4195 0.4819 0.3800 0.2577 0.1810 0.1586 0.3146 0.4619 0.4631 0.3332 0.2291 0.1675 0.1692 0.3607 0.4728 0.4454 0.3131
0.4410 0.4695 0.3454 0.1649 0.1707 0.2349 0.3412 0.4680 0.4585 0.3059 0.1580 0.1817 0.2577 0.3783 0.4817 0.4238 0.2120 0.1580 0.2118 0.3130 0.4516 0.4656 0.3170 0.1579 0.1846 0.2674 0.3972 0.4812 0.3959 0.1790 0.1655 0.2310 0.3446 0.4745 0.4449 0.2518 0.1558 0.2016 0.2973 0.4358 0.4724 0.3433 0.1612 0.1784 0.2561 0.3816 0.4820 0.4130 0.1930 0.1586 0.1836 0.1586 0.1930 0.4130 0.4820 0.3816 0.2561 0.1784 0.1612 0.3433 0.4724 0.4358 0.2973 0.2016 0.1558 0.2518 0.4449 0.4745 0.3446 0.2310 0.1655 0.1790 0.3959 0.4812 0.3972 0.2674 0.1846 0.1579 0.3170 0.4656 0.4516 0.3130 0.2118 0.1580 0.2120 0.4238 0.4817 0.3783 0.2577 0.1817 0.1580 0.3059 0.4585 0.4680 0.3412 0.2349 0.1707 0.1649 0.3454 0.4695 0.4410
0.4703 0.3293 0.1616 0.1742 0.2413 0.3502 0.4728 0.4537 0.2928 0.1571 0.1836 0.2600 0.3800 0.4817 0.4252 0.2167 0.1573 0.2088 0.3072 0.4450 0.4692 0.3313 0.1596 0.1808 0.2603 0.3871 0.4819 0.4075 0.1879 0.1626 0.2249 0.3350 0.4696 0.4516 0.2701 0.1556 0.1967 0.2889 0.4257 0.4757 0.3587 0.1644 0.1747 0.2490 0.3713 0.4814 0.4229 0.2064 0.1593 0.2128 0.2634 0.2128 0.1593 0.2064 0.4229 0.4814 0.3713 0.2490 0.1747 0.1644 0.3587 0.4757 0.4257 0.2889 0.1967 0.1556 0.2701 0.4516 0.4696 0.3350 0.2249 0.1626 0.1879 0.4075 0.4819 0.3871 0.2603 0.1808 0.1596 0.3313 0.4692 0.4450 0.3072 0.2088 0.1573 0.2167 0.4252 0.4817 0.3800 0.2600 0.1836 0.1571 0.2928 0.4537 0.4728 0.3502 0.2413 0.1742 0.1616 0.3293 0.4703
0.3288 0.1593 0.1779 0.2481 0.3600 0.4767 0.4477 0.2770 0.1562 0.1866 0.2645 0.3848 0.4819 0.4238 0.2167 0.1571 0.2072 0.3035 0.4399 0.4717 0.3431 0.1616 0.1776 0.2539 0.3776 0.4819 0.4176 0.1992 0.1601 0.2189 0.3257 0.4634 0.4576 0.2884 0.1560 0.1920 0.2807 0.4153 0.4783 0.3732 0.1686 0.1711 0.2422 0.3613 0.4799 0.4317 0.2219 0.1574 0.2111 0.3112 0.3926 0.3112 0.2111 0.1574 0.2219 0.4317 0.4799 0.3613 0.2422 0.1711 0.1686 0.3732 0.4783 0.4153 0.2807 0.1920 0.1560 0.2884 0.4576 0.4634 0.3257 0.2189 0.1601 0.1992 0.4176 0.4819 0.3776 0.2539 0.1776 0.1616 0.3431 0.4717 0.4399 0.3035 0.2072 0.1571 0.2167 0.4238 0.4819 0.3848 0.2645 0.1866 0.1562 0.2770 0.4477 0.4767 0.3600 0.2481 0.1779 0.1593 0.3288
0.1856 0.1822 0.2551 0.3700 0.4796 0.4407 0.2595 0.1557 0.1903 0.2705 0.3921 0.4820 0.4195 0.2120 0.1573 0.2072 0.3022 0.4371 0.4732 0.3515 0.1636 0.1749 0.2484 0.3692 0.4810 0.4262 0.2125 0.1582 0.2134 0.3167 0.4558 0.4629 0.3063 0.1569 0.1875 0.2728 0.4047 0.4803 0.3868 0.1740 0.1678 0.2356 0.3515 0.4772 0.4397 0.2390 0.1563 0.2053 0.3041 0.4442 0.4775 0.4442 0.3041 0.2053 0.1563 0.2390 0.4397 0.4772 0.3515 0.2356 0.1678 0.1740 0.3868 0.4803 0.4047 0.2728 0.1875 0.1569 0.3063 0.4629 0.4558 0.3167 0.2134 0.1582 0.2125 0.4262 0.4810 0.3692 0.2484 0.1749 0.1636 0.3515 0.4732 0.4371 0.3022 0.2072 0.1573 0.2120 0.4195 0.4820 0.3921 0.2705 0.1903 0.1557 0.2595 0.4407 0.4796 0.3700 0.2551 0.1822 0.1856
0.2053 0.2631 0.3801 0.4813 0.4329 0.2415 0.1557 0.1947 0.2776 0.4011 0.4817 0.4126 0.2037 0.1580 0.2088 0.3035 0.4371 0.4737 0.3558 0.1651 0.1730 0.2441 0.3621 0.4797 0.4334 0.2266 0.1569 0.2083 0.3082 0.4474 0.4675 0.3234 0.1585 0.1833 0.2651 0.3942 0.4815 0.3994 0.1813 0.1646 0.2292 0.3418 0.4732 0.4469 0.2571 0.1557 0.2001 0.2949 0.4335 0.4706 0.4158 0.4706 0.4335 0.2949 0.2001 0.1557 0.2571 0.4469 0.4732 0.3418 0.2292 0.1646 0.1813 0.3994 0.4815 0.3942 0.2651 0.1833 0.1585 0.3234 0.4675 0.4474 0.3082 0.2083 0.1569 0.2266 0.4334 0.4797 0.3621 0.2441 0.1730 0.1651 0.3558 0.4737 0.4371 0.3035 0.2088 0.1580 0.2037 0.4126 0.4817 0.4011 0.2776 0.1947 0.1557 0.2415 0.4329 0.4813 0.3801 0.2631 0.2053
0.2755 0.3918 0.4819 0.4241 0.2241 0.1562 0.1995 0.2854 0.4110 0.4808 0.4033 0.1939 0.1592 0.2118 0.3072 0.4399 0.4732 0.3558 0.1656 0.1721 0.2414 0.3569 0.4781 0.4389 0.2398 0.1561 0.2039 0.3004 0.4388 0.4714 0.3393 0.1606 0.1793 0.2577 0.3838 0.4820 0.4107 0.1910 0.1618 0.2231 0.3323 0.4679 0.4534 0.2754 0.1557 0.1953 0.2865 0.4227 0.4762 0.3647 0.2201 0.3647 0.4762 0.4227 0.2865 0.1953 0.1557 0.2754 0.4534 0.4679 0.3323 0.2231 0.1618 0.1910 0.4107 0.4820 0.3838 0.2577 0.1793 0.1606 0.3393 0.4714 0.4388 0.3004 0.2039 0.1561 0.2398 0.4389 0.4781 0.3569 0.2414 0.1721 0.1656 0.3558 0.4732 0.4399 0.3072 0.2118 0.1592 0.1939 0.4033 0.4808 0.4110 0.2854 0.1995 0.1562 0.2241 0.4241 0.4819 0.3918 0.2755
0.3908 0.4826 0.4144 0.2084 0.1572 0.2045 0.2937 0.4213 0.4792 0.3920 0.1846 0.1610 0.2160 0.3130 0.4450 0.4717 0.3515 0.1651 0.1721 0.2405 0.3543 0.4769 0.4427 0.2507 0.1557 0.2001 0.2936 0.4304 0.4745 0.3537 0.1634 0.1757 0.2507 0.3736 0.4816 0.4208 0.2034 0.1594 0.2173 0.3231 0.4613 0.4592 0.2936 0.1562 0.1907 0.2784 0.4123 0.4790 0.3766 0.1696 0.1498 0.1696 0.3766 0.4790 0.4123 0.2784 0.1907 0.1562 0.2936 0.4592 0.4613 0.3231 0.2173 0.1594 0.2034 0.4208 0.4816 0.3736 0.2507 0.1757 0.1634 0.3537 0.4745 0.4304 0.2936 0.2001 0.1557 0.2507 0.4427 0.4769 0.3543 0.2405 0.1721 0.1651 0.3515 0.4717 0.4450 0.3130 0.2160 0.1610 0.1846 0.3920 0.4792 0.4213 0.2937 0.2045 0.1572 0.2084 0.4144 0.4826 0.3908
0.4816 0.4034 0.1950 0.1588 0.2098 0.3022 0.4315 0.4769 0.3791 0.1768 0.1635 0.2210 0.3203 0.4516 0.4692 0.3431 0.1636 0.1730 0.2414 0.3543 0.4764 0.4446 0.2578 0.1556 0.1972 0.2879 0.4227 0.4769 0.3664 0.1667 0.1724 0.2442 0.3639 0.4803 0.4299 0.2183 0.1576 0.2117 0.3140 0.4535 0.4643 0.3113 0.1573 0.1863 0.2706 0.4017 0.4807 0.3905 0.1758 0.1641 0.1924 0.1641 0.1758 0.3905 0.4807 0.4017 0.2706 0.1863 0.1573 0.3113 0.4643 0.4535 0.3140 0.2117 0.1576 0.2183 0.4299 0.4803 0.3639 0.2442 0.1724 0.1667 0.3664 0.4769 0.4227 0.2879 0.1972 0.1556 0.2578 0.4446 0.4764 0.3543 0.2414 0.1730 0.1636 0.3431 0.4692 0.4516 0.3203 0.2210 0.1635 0.1768 0.3791 0.4769 0.4315 0.3022 0.2098 0.1588 0.1950 0.4034 0.4816
0.4028 0.1845 0.1609 0.2153 0.3110 0.4413 0.4739 0.3650 0.1707 0.1664 0.2267 0.3287 0.4587 0.4656 0.3313 0.1616 0.1749 0.2441 0.3569 0.4769 0.4446 0.2602 0.1556 0.1953 0.2839 0.4166 0.4785 0.3768 0.1705 0.1695 0.2383 0.3549 0.4781 0.4377 0.2348 0.1564 0.2063 0.3052 0.4446 0.4688 0.3283 0.1590 0.1821 0.2630 0.3912 0.4817 0.4027 0.1838 0.1641 0.2243 0.2794 0.2243 0.1641 0.1838 0.4027 0.4817 0.3912 0.2630 0.1821 0.1590 0.3283 0.4688 0.4446 0.3052 0.2063 0.1564 0.2348 0.4377 0.4781 0.3549 0.2383 0.1695 0.1705 0.3768 0.4785 0.4166 0.2839 0.1953 0.1556 0.2602 0.4446 0.4769 0.3569 0.2441 0.1749 0.1616 0.3313 0.4656 0.4587 0.3287 0.2267 0.1664 0.1707 0.3650 0.4739 0.4413 0.3110 0.2153 0.1609 0.1845 0.4028
0.2035 0.1638 0.2210 0.3199 0.4505 0.4702 0.3499 0.1660 0.1697 0.2329 0.3378 0.4654 0.4612 0.3170 0.1596 0.1776 0.2484 0.3621 0.4781 0.4427 0.2578 0.1556 0.1947 0.2818 0.4126 0.4795 0.3847 0.1744 0.1671 0.2332 0.3467 0.4751 0.4444 0.2515 0.1558 0.2013 0.2967 0.4350 0.4727 0.3445 0.1615 0.1782 0.2556 0.3808 0.4820 0.4137 0.1942 0.1611 0.2220 0.3295 0.4141 0.3295 0.2220 0.1611 0.1942 0.4137 0.4820 0.3808 0.2556 0.1782 0.1615 0.3445 0.4727 0.4350 0.2967 0.2013 0.1558 0.2515 0.4444 0.4751 0.3467 0.2332 0.1671 0.1744 0.3847 0.4795 0.4126 0.2818 0.1947 0.1556 0.2578 0.4427 0.4781 0.3621 0.2484 0.1776 0.1596 0.3170 0.4612 0.4654 0.3378 0.2329 0.1697 0.1660 0.3499 0.4702 0.4505 0.3199 0.2210 0.1638 0.2035
0.1906 0.2275 0.3290 0.4587 0.4659 0.3340 0.1625 0.1732 0.2393 0.3473 0.4711 0.4559 0.3008 0.1579 0.1808 0.2539 0.3692 0.4797 0.4389 0.2507 0.1556 0.1953 0.2818 0.4112 0.4800 0.3895 0.1777 0.1653 0.2291 0.3398 0.4715 0.4501 0.2673 0.1556 0.1968 0.2887 0.4252 0.4759 0.3597 0.1647 0.1744 0.2485 0.3706 0.4813 0.4235 0.2074 0.1589 0.2157 0.3212 0.4600 0.4752 0.4600 0.3212 0.2157 0.1589 0.2074 0.4235 0.4813 0.3706 0.2485 0.1744 0.1647 0.3597 0.4759 0.4252 0.2887 0.1968 0.1556 0.2673 0.4501 0.4715 0.3398 0.2291 0.1653 0.1777 0.3895 0.4800 0.4112 0.2818 0.1953 0.1556 0.2507 0.4389 0.4797 0.3692 0.2539 0.1808 0.1579 0.3008 0.4559 0.4711 0.3473 0.2393 0.1732 0.1625 0.3340 0.4659 0.4587 0.3290 0.2275 0.1906
0.2442 0.3394 0.4657 0.4610 0.3173 0.1598 0.1768 0.2461 0.3571 0.4757 0.4497 0.2832 0.1566 0.1846 0.2603 0.3776 0.4810 0.4334 0.2398 0.1557 0.1972 0.2839 0.4126 0.4800 0.3912 0.1796 0.1642 0.2262 0.3345 0.4679 0.4546 0.2815 0.1558 0.1928 0.2814 0.4156 0.4783 0.3737 0.1689 0.1709 0.2417 0.3606 0.4797 0.4324 0.2230 0.1572 0.2101 0.3115 0.4515 0.4627 0.3963 0.4627 0.4515 0.3115 0.2101 0.1572 0.2230 0.4324 0.4797 0.3606 0.2417 0.1709 0.1689 0.3737 0.4783 0.4156 0.2814 0.1928 0.1558 0.2815 0.4546 0.4679 0.3345 0.2262 0.1642 0.1796 0.3912 0.4800 0.4126 0.2839 0.1972 0.1557 0.2398 0.4334 0.4810 0.3776 0.2603 0.1846 0.1566 0.2832 0.4497 0.4757 0.3571 0.2461 0.1768 0.1598 0.3173 0.4610 0.4657 0.3394 0.2442
0.3435 0.4728 0.4555 0.2998 0.1578 0.1807 0.2531 0.3671 0.4789 0.4429 0.2649 0.1558 0.1888 0.2674 0.3871 0.4819 0.4262 0.2266 0.1561 0.2001 0.2879 0.4166 0.4795 0.3895 0.1796 0.1638 0.2247 0.3311 0.4650 0.4577 0.2931 0.1563 0.1893 0.2750 0.4066 0.4801 0.3862 0.1741 0.1677 0.2353 0.3508 0.4769 0.4403 0.2403 0.1562 0.2048 0.3027 0.4419 0.4695 0.3361 0.1902 0.3361 0.4695 0.4419 0.3027 0.2048 0.1562 0.2403 0.4403 0.4769 0.3508 0.2353 0.1677 0.1741 0.3862 0.4801 0.4066 0.2750 0.1893 0.1563 0.2931 0.4577 0.4650 0.3311 0.2247 0.1638 0.1796 0.3895 0.4795 0.4166 0.2879 0.2001 0.1561 0.2266 0.4262 0.4819 0.3871 0.2674 0.1888 0.1558 0.2649 0.4429 0.4789 0.3671 0.2531 0.1807 0.1578 0.2998 0.4555 0.4728 0.3435
0.4687 0.4494 0.2818 0.1565 0.1848 0.2603 0.3772 0.4809 0.4352 0.2466 0.1556 0.1933 0.2750 0.3972 0.4819 0.4176 0.2125 0.1569 0.2039 0.2936 0.4227 0.4785 0.3847 0.1777 0.1642 0.2247 0.3300 0.4634 0.4597 0.3011 0.1569 0.1865 0.2695 0.3985 0.4812 0.3971 0.1804 0.1648 0.2293 0.3416 0.4730 0.4474 0.2584 0.1557 0.1997 0.2942 0.4321 0.4737 0.3483 0.1612 0.1530 0.1612 0.3483 0.4737 0.4321 0.2942 0.1997 0.1557 0.2584 0.4474 0.4730 0.3416 0.2293 0.1648 0.1804 0.3971 0.4812 0.3985 0.2695 0.1865 0.1569 0.3011 0.4597 0.4634 0.3300 0.2247 0.1642 0.1777 0.3847 0.4785 0.4227 0.2936 0.2039 0.1569 0.2125 0.4176 0.4819 0.3972 0.2750 0.1933 0.1556 0.2466 0.4352 0.4809 0.3772 0.2603 0.1848 0.1565 0.2818 0.4494 0.4687
0.4504 0.2634 0.1558 0.1891 0.2679 0.3875 0.4819 0.4268 0.2290 0.1560 0.1981 0.2830 0.4078 0.4812 0.4075 0.1992 0.1582 0.2083 0.3004 0.4304 0.4769 0.3768 0.1744 0.1653 0.2262 0.3311 0.4634 0.4604 0.3053 0.1574 0.1846 0.2653 0.3919 0.4818 0.4060 0.1877 0.1624 0.2240 0.3330 0.4680 0.4535 0.2764 0.1557 0.1949 0.2859 0.4219 0.4767 0.3641 0.1658 0.1705 0.2021 0.1705 0.1658 0.3641 0.4767 0.4219 0.2859 0.1949 0.1557 0.2764 0.4535 0.4680 0.3330 0.2240 0.1624 0.1877 0.4060 0.4818 0.3919 0.2653 0.1846 0.1574 0.3053 0.4604 0.4634 0.3311 0.2262 0.1653 0.1744 0.3768 0.4769 0.4304 0.3004 0.2083 0.1582 0.1992 0.4075 0.4812 0.4078 0.2830 0.1981 0.1560 0.2290 0.4268 0.4819 0.3875 0.2679 0.1891 0.1558 0.2634 0.4504
0.2666 0.1558 0.1936 0.2756 0.3980 0.4819 0.4173 0.2127 0.1568 0.2030 0.2913 0.4183 0.4798 0.3959 0.1879 0.1601 0.2134 0.3082 0.4388 0.4745 0.3664 0.1705 0.1671 0.2291 0.3345 0.4650 0.4597 0.3053 0.1575 0.1837 0.2628 0.3873 0.4820 0.4127 0.1954 0.1604 0.2192 0.3252 0.4623 0.4588 0.2933 0.1562 0.1905 0.2779 0.4115 0.4791 0.3783 0.1704 0.1703 0.2367 0.2964 0.2367 0.1703 0.1704 0.3783 0.4791 0.4115 0.2779 0.1905 0.1562 0.2933 0.4588 0.4623 0.3252 0.2192 0.1604 0.1954 0.4127 0.4820 0.3873 0.2628 0.1837 0.1575 0.3053 0.4597 0.4650 0.3345 0.2291 0.1671 0.1705 0.3664 0.4745 0.4388 0.3082 0.2134 0.1601 0.1879 0.3959 0.4798 0.4183 0.2913 0.2030 0.1568 0.2127 0.4173 0.4819 0.3980 0.2756 0.1936 0.1558 0.2666
0.1836 0.1988 0.2836 0.4085 0.4812 0.4068 0.1986 0.1582 0.2082 0.2997 0.4286 0.4776 0.3830 0.1790 0.1626 0.2189 0.3167 0.4474 0.4714 0.3537 0.1667 0.1695 0.2332 0.3398 0.4679 0.4577 0.3011 0.1574 0.1837 0.2620 0.3849 0.4820 0.4172 0.2022 0.1591 0.2153 0.3184 0.4563 0.4631 0.3087 0.1572 0.1864 0.2704 0.4012 0.4808 0.3914 0.1765 0.1667 0.2339 0.3486 0.4345 0.3486 0.2339 0.1667 0.1765 0.3914 0.4808 0.4012 0.2704 0.1864 0.1572 0.3087 0.4631 0.4563 0.3184 0.2153 0.1591 0.2022 0.4172 0.4820 0.3849 0.2620 0.1837 0.1574 0.3011 0.4577 0.4679 0.3398 0.2332 0.1695 0.1667 0.3537 0.4714 0.4474 0.3167 0.2189 0.1626 0.1790 0.3830 0.4776 0.4286 0.2997 0.2082 0.1582 0.1986 0.4068 0.4812 0.4085 0.2836 0.1988 0.1836
0.2193 0.2926 0.4190 0.4796 0.3950 0.1872 0.1602 0.2137 0.3084 0.4386 0.4748 0.3691 0.1723 0.1655 0.2249 0.3257 0.4558 0.4675 0.3393 0.1634 0.1724 0.2383 0.3467 0.4715 0.4546 0.2931 0.1569 0.1846 0.2628 0.3849 0.4820 0.4195 0.2068 0.1583 0.2123 0.3129 0.4506 0.4666 0.3223 0.1585 0.1828 0.2636 0.3915 0.4817 0.4032 0.1844 0.1636 0.2271 0.3390 0.4713 0.4705 0.4713 0.3390 0.2271 0.1636 0.1844 0.4032 0.4817 0.3915 0.2636 0.1828 0.1585 0.3223 0.4666 0.4506 0.3129 0.2123 0.1583 0.2068 0.4195 0.4820 0.3849 0.2628 0.1846 0.1569 0.2931 0.4546 0.4715 0.3467 0.2383 0.1724 0.1634 0.3393 0.4675 0.4558 0.3257 0.2249 0.1655 0.1723 0.3691 0.4748 0.4386 0.3084 0.2137 0.1602 0.1872 0.3950 0.4796 0.4190 0.2926 0.2193
0.3017 0.4308 0.4774 0.3820 0.1785 0.1628 0.2194 0.3173 0.4479 0.4713 0.3543 0.1672 0.1687 0.2310 0.3350 0.4634 0.4629 0.3234 0.1606 0.1757 0.2442 0.3549 0.4751 0.4501 0.2815 0.1563 0.1865 0.2653 0.3873 0.4820 0.4195 0.2084 0.1579 0.2106 0.3091 0.4459 0.4692 0.3335 0.1601 0.1797 0.2575 0.3825 0.4820 0.4134 0.1943 0.1610 0.2211 0.3291 0.4660 0.4525 0.3731 0.4525 0.4660 0.3291 0.2211 0.1610 0.1943 0.4134 0.4820 0.3825 0.2575 0.1797 0.1601 0.3335 0.4692 0.4459 0.3091 0.2106 0.1579 0.2084 0.4195 0.4820 0.3873 0.2653 0.1865 0.1563 0.2815 0.4501 0.4751 0.3549 0.2442 0.1757 0.1606 0.3234 0.4629 0.4634 0.3350 0.2310 0.1687 0.1672 0.3543 0.4713 0.4479 0.3173 0.2194 0.1628 0.1785 0.3820 0.4774 0.4308 0.3017
0.4270 0.4751 0.3680 0.1719 0.1658 0.2253 0.3265 0.4565 0.4672 0.3387 0.1634 0.1721 0.2374 0.3446 0.4696 0.4576 0.3063 0.1585 0.1793 0.2507 0.3639 0.4781 0.4444 0.2673 0.1558 0.1893 0.2695 0.3919 0.4820 0.4172 0.2068 0.1579 0.2100 0.3071 0.4429 0.4710 0.3418 0.1617 0.1771 0.2523 0.3745 0.4816 0.4220 0.2060 0.1590 0.2157 0.3202 0.4588 0.4605 0.3036 0.1697 0.3036 0.4605 0.4588 0.3202 0.2157 0.1590 0.2060 0.4220 0.4816 0.3745 0.2523 0.1771 0.1617 0.3418 0.4710 0.4429 0.3071 0.2100 0.1579 0.2068 0.4172 0.4820 0.3919 0.2695 0.1893 0.1558 0.2673 0.4444 0.4781 0.3639 0.2507 0.1793 0.1585 0.3063 0.4576 0.4696 0.3446 0.2374 0.1721 0.1634 0.3387 0.4672 0.4565 0.3265 0.2253 0.1658 0.1719 0.3680 0.4751 0.4270
0.4756 0.3531 0.1669 0.1690 0.2315 0.3358 0.4639 0.4625 0.3222 0.1605 0.1757 0.2441 0.3543 0.4745 0.4516 0.2884 0.1569 0.1833 0.2577 0.3736 0.4803 0.4377 0.2515 0.1556 0.1928 0.2750 0.3985 0.4818 0.4127 0.2022 0.1583 0.2106 0.3071 0.4418 0.4718 0.3469 0.1629 0.1752 0.2481 0.3678 0.4807 0.4290 0.2185 0.1575 0.2108 0.3120 0.4511 0.4658 0.3160 0.1563 0.1578 0.1563 0.3160 0.4658 0.4511 0.3120 0.2108 0.1575 0.2185 0.4290 0.4807 0.3678 0.2481 0.1752 0.1629 0.3469 0.4718 0.4418 0.3071 0.2106 0.1583 0.2022 0.4127 0.4818 0.3985 0.2750 0.1928 0.1556 0.2515 0.4377 0.4803 0.3736 0.2577 0.1833 0.1569 0.2884 0.4516 0.4745 0.3543 0.2441 0.1757 0.1605 0.3222 0.4625 0.4639 0.3358 0.2315 0.1690 0.1669 0.3531 0.4756
0.3523 0.1633 0.1724 0.2380 0.3453 0.4700 0.4571 0.3049 0.1583 0.1796 0.2511 0.3642 0.4781 0.4449 0.2701 0.1560 0.1875 0.2651 0.3838 0.4816 0.4299 0.2348 0.1558 0.1968 0.2814 0.4066 0.4812 0.4060 0.1954 0.1591 0.2123 0.3091 0.4429 0.4718 0.3486 0.1636 0.1740 0.2453 0.3627 0.4796 0.4345 0.2304 0.1566 0.2064 0.3045 0.4431 0.4697 0.3326 0.1598 0.1778 0.2131 0.1778 0.1598 0.3326 0.4697 0.4431 0.3045 0.2064 0.1566 0.2304 0.4345 0.4796 0.3627 0.2453 0.1740 0.1636 0.3486 0.4718 0.4429 0.3091 0.2123 0.1591 0.1954 0.4060 0.4812 0.4066 0.2814 0.1968 0.1558 0.2348 0.4299 0.4816 0.3838 0.2651 0.1875 0.1560 0.2701 0.4449 0.4781 0.3642 0.2511 0.1796 0.1583 0.3049 0.4571 0.4700 0.3453 0.2380 0.1724 0.1633 0.3523
0.1884 0.1763 0.2446 0.3551 0.4748 0.4511 0.2870 0.1568 0.1836 0.2582 0.3743 0.4804 0.4375 0.2518 0.1556 0.1920 0.2728 0.3942 0.4820 0.4208 0.2183 0.1564 0.2013 0.2887 0.4156 0.4801 0.3971 0.1877 0.1604 0.2153 0.3129 0.4459 0.4710 0.3469 0.1636 0.1736 0.2438 0.3596 0.4786 0.4385 0.2405 0.1560 0.2027 0.2979 0.4352 0.4729 0.3469 0.1621 0.1776 0.2508 0.3153 0.2508 0.1776 0.1621 0.3469 0.4729 0.4352 0.2979 0.2027 0.1560 0.2405 0.4385 0.4786 0.3596 0.2438 0.1736 0.1636 0.3469 0.4710 0.4459 0.3129 0.2153 0.1604 0.1877 0.3971 0.4801 0.4156 0.2887 0.2013 0.1564 0.2183 0.4208 0.4820 0.3942 0.2728 0.1920 0.1556 0.2518 0.4375 0.4804 0.3743 0.2582 0.1836 0.1568 0.2870 0.4511 0.4748 0.3551 0.2446 0.1763 0.1884
0.2005 0.2522 0.3649 0.4783 0.4444 0.2687 0.1559 0.1878 0.2657 0.3845 0.4817 0.4293 0.2340 0.1558 0.1967 0.2807 0.4047 0.4815 0.4107 0.2034 0.1576 0.2063 0.2967 0.4252 0.4783 0.3862 0.1804 0.1624 0.2192 0.3184 0.4506 0.4692 0.3418 0.1629 0.1740 0.2438 0.3585 0.4779 0.4409 0.2479 0.1557 0.1999 0.2924 0.4281 0.4754 0.3592 0.1649 0.1740 0.2478 0.3697 0.4531 0.3697 0.2478 0.1740 0.1649 0.3592 0.4754 0.4281 0.2924 0.1999 0.1557 0.2479 0.4409 0.4779 0.3585 0.2438 0.1740 0.1629 0.3418 0.4692 0.4506 0.3184 0.2192 0.1624 0.1804 0.3862 0.4783 0.4252 0.2967 0.2063 0.1576 0.2034 0.4107 0.4815 0.4047 0.2807 0.1967 0.1558 0.2340 0.4293 0.4817 0.3845 0.2657 0.1878 0.1559 0.2687 0.4444 0.4783 0.3649 0.2522 0.2005
0.2658 0.3761 0.4805 0.4369 0.2504 0.1556 0.1923 0.2734 0.3950 0.4820 0.4201 0.2172 0.1565 0.2016 0.2889 0.4153 0.4803 0.3994 0.1910 0.1594 0.2117 0.3052 0.4350 0.4759 0.3737 0.1741 0.1648 0.2240 0.3252 0.4563 0.4666 0.3335 0.1617 0.1752 0.2453 0.3596 0.4779 0.4417 0.2519 0.1556 0.1979 0.2883 0.4222 0.4772 0.3695 0.1681 0.1711 0.2414 0.3600 0.4781 0.4631 0.4781 0.3600 0.2414 0.1711 0.1681 0.3695 0.4772 0.4222 0.2883 0.1979 0.1556 0.2519 0.4417 0.4779 0.3596 0.2453 0.1752 0.1617 0.3335 0.4666 0.4563 0.3252 0.2240 0.1648 0.1741 0.3737 0.4759 0.4350 0.3052 0.2117 0.1594 0.1910 0.3994 0.4803 0.4153 0.2889 0.2016 0.1565 0.2172 0.4201 0.4820 0.3950 0.2734 0.1923 0.1556 0.2504 0.4369 0.4805 0.3761 0.2658
0.3766 0.4827 0.4286 0.2326 0.1558 0.1970 0.2813 0.4055 0.4815 0.4099 0.2024 0.1578 0.2067 0.2973 0.4257 0.4783 0.3868 0.1813 0.1618 0.2173 0.3140 0.4446 0.4727 0.3597 0.1689 0.1677 0.2293 0.3330 0.4623 0.4631 0.3223 0.1601 0.1771 0.2481 0.3627 0.4786 0.4409 0.2519 0.1556 0.1968 0.2857 0.4180 0.4784 0.3775 0.1713 0.1687 0.2364 0.3513 0.4769 0.4383 0.3428 0.4383 0.4769 0.3513 0.2364 0.1687 0.1713 0.3775 0.4784 0.4180 0.2857 0.1968 0.1556 0.2519 0.4409 0.4786 0.3627 0.2481 0.1771 0.1601 0.3223 0.4631 0.4623 0.3330 0.2293 0.1677 0.1689 0.3597 0.4727 0.4446 0.3140 0.2173 0.1618 0.1813 0.3868 0.4783 0.4257 0.2973 0.2067 0.1578 0.2024 0.4099 0.4815 0.4055 0.2813 0.1970 0.1558 0.2326 0.4286 0.4827 0.3766
0.4808 0.4194 0.2160 0.1566 0.2019 0.2895 0.4160 0.4802 0.3985 0.1902 0.1596 0.2121 0.3059 0.4358 0.4757 0.3732 0.1740 0.1646 0.2231 0.3231 0.4535 0.4688 0.3445 0.1647 0.1709 0.2353 0.3416 0.4680 0.4588 0.3087 0.1585 0.1797 0.2523 0.3678 0.4796 0.4385 0.2479 0.1556 0.1968 0.2848 0.4158 0.4791 0.3829 0.1742 0.1669 0.2323 0.3445 0.4738 0.4463 0.2622 0.1566 0.2622 0.4463 0.4738 0.3445 0.2323 0.1669 0.1742 0.3829 0.4791 0.4158 0.2848 0.1968 0.1556 0.2479 0.4385 0.4796 0.3678 0.2523 0.1797 0.1585 0.3087 0.4588 0.4680 0.3416 0.2353 0.1709 0.1647 0.3445 0.4688 0.4535 0.3231 0.2231 0.1646 0.1740 0.3732 0.4757 0.4358 0.3059 0.2121 0.1596 0.1902 0.3985 0.4802 0.4160 0.2895 0.2019 0.1566 0.2160 0.4194 0.4808
0.4195 0.2014 0.1579 0.2071 0.2979 0.4264 0.4781 0.3858 0.1807 0.1620 0.2177 0.3147 0.4453 0.4724 0.3587 0.1686 0.1678 0.2292 0.3323 0.4613 0.4643 0.3283 0.1615 0.1744 0.2417 0.3508 0.4730 0.4535 0.2933 0.1572 0.1828 0.2575 0.3745 0.4807 0.4345 0.2405 0.1557 0.1979 0.2857 0.4158 0.4793 0.3857 0.1762 0.1656 0.2293 0.3392 0.4707 0.4515 0.2716 0.1538 0.1648 0.1538 0.2716 0.4515 0.4707 0.3392 0.2293 0.1656 0.1762 0.3857 0.4793 0.4158 0.2857 0.1979 0.1557 0.2405 0.4345 0.4807 0.3745 0.2575 0.1828 0.1572 0.2933 0.4535 0.4730 0.3508 0.2417 0.1744 0.1615 0.3283 0.4643 0.4613 0.3323 0.2292 0.1678 0.1686 0.3587 0.4724 0.4453 0.3147 0.2177 0.1620 0.1807 0.3858 0.4781 0.4264 0.2979 0.2071 0.1579 0.2014 0.4195
0.2155 0.1599 0.2125 0.3065 0.4365 0.4755 0.3722 0.1736 0.1649 0.2236 0.3238 0.4541 0.4685 0.3433 0.1644 0.1711 0.2356 0.3418 0.4679 0.4592 0.3113 0.1590 0.1782 0.2485 0.3606 0.4769 0.4474 0.2764 0.1562 0.1864 0.2636 0.3825 0.4816 0.4290 0.2304 0.1560 0.1999 0.2883 0.4180 0.4791 0.3857 0.1770 0.1650 0.2274 0.3355 0.4680 0.4549 0.2840 0.1562 0.1885 0.2283 0.1885 0.1562 0.2840 0.4549 0.4680 0.3355 0.2274 0.1650 0.1770 0.3857 0.4791 0.4180 0.2883 0.1999 0.1560 0.2304 0.4290 0.4816 0.3825 0.2636 0.1864 0.1562 0.2764 0.4474 0.4769 0.3606 0.2485 0.1782 0.1590 0.3113 0.4592 0.4679 0.3418 0.2356 0.1711 0.1644 0.3433 0.4685 0.4541 0.3238 0.2236 0.1649 0.1736 0.3722 0.4755 0.4365 0.3065 0.2125 0.1599 0.2155
0.1874 0.2186 0.3153 0.4460 0.4721 0.3576 0.1682 0.1680 0.2297 0.3331 0.4619 0.4639 0.3270 0.1612 0.1747 0.2422 0.3515 0.4732 0.4534 0.2936 0.1573 0.1821 0.2556 0.3706 0.4797 0.4403 0.2584 0.1557 0.1905 0.2704 0.3915 0.4820 0.4220 0.2185 0.1566 0.2027 0.2924 0.4222 0.4784 0.3829 0.1762 0.1650 0.2268 0.3336 0.4662 0.4572 0.2927 0.1564 0.1892 0.2712 0.3415 0.2712 0.1892 0.1564 0.2927 0.4572 0.4662 0.3336 0.2268 0.1650 0.1762 0.3829 0.4784 0.4222 0.2924 0.2027 0.1566 0.2185 0.4220 0.4820 0.3915 0.2704 0.1905 0.1557 0.2584 0.4403 0.4797 0.3706 0.2556 0.1821 0.1573 0.2936 0.4534 0.4732 0.3515 0.2422 0.1747 0.1612 0.3270 0.4639 0.4619 0.3331 0.2297 0.1680 0.1682 0.3576 0.4721 0.4460 0.3153 0.2186 0.1874
0.2364 0.3254 0.4546 0.4682 0.3421 0.1641 0.1714 0.2361 0.3426 0.4684 0.4587 0.3099 0.1589 0.1784 0.2490 0.3613 0.4772 0.4469 0.2754 0.1562 0.1863 0.2630 0.3808 0.4813 0.4324 0.2403 0.1557 0.1949 0.2779 0.4012 0.4817 0.4134 0.2060 0.1575 0.2064 0.2979 0.4281 0.4772 0.3775 0.1742 0.1656 0.2274 0.3336 0.4656 0.4583 0.2980 0.1568 0.1867 0.2698 0.3996 0.4704 0.3996 0.2698 0.1867 0.1568 0.2980 0.4583 0.4656 0.3336 0.2274 0.1656 0.1742 0.3775 0.4772 0.4281 0.2979 0.2064 0.1575 0.2060 0.4134 0.4817 0.4012 0.2779 0.1949 0.1557 0.2403 0.4324 0.4813 0.3808 0.2630 0.1863 0.1562 0.2754 0.4469 0.4772 0.3613 0.2490 0.1784 0.1589 0.3099 0.4587 0.4684 0.3426 0.2361 0.1714 0.1641 0.3421 0.4682 0.4546 0.3254 0.2364
0.3309 0.4638 0.4635 0.3258 0.1610 0.1750 0.2427 0.3522 0.4736 0.4529 0.2922 0.1572 0.1824 0.2561 0.3713 0.4799 0.4397 0.2571 0.1557 0.1907 0.2706 0.3912 0.4820 0.4235 0.2230 0.1562 0.1997 0.2859 0.4115 0.4808 0.4032 0.1943 0.1590 0.2108 0.3045 0.4352 0.4754 0.3695 0.1713 0.1669 0.2293 0.3355 0.4662 0.4583 0.2998 0.1570 0.1854 0.2661 0.3929 0.4798 0.4481 0.4798 0.3929 0.2661 0.1854 0.1570 0.2998 0.4583 0.4662 0.3355 0.2293 0.1669 0.1713 0.3695 0.4754 0.4352 0.3045 0.2108 0.1590 0.1943 0.4032 0.4808 0.4115 0.2859 0.1997 0.1562 0.2230 0.4235 0.4820 0.3912 0.2706 0.1907 0.1557 0.2571 0.4397 0.4799 0.3713 0.2561 0.1824 0.1572 0.2922 0.4529 0.4736 0.3522 0.2427 0.1750 0.1610 0.3258 0.4635 0.4638 0.3309
0.4592 0.4586 0.3086 0.1587 0.1788 0.2496 0.3621 0.4774 0.4464 0.2740 0.1561 0.1866 0.2635 0.3816 0.4814 0.4317 0.2390 0.1557 0.1953 0.2784 0.4017 0.4817 0.4137 0.2074 0.1572 0.2048 0.2942 0.4219 0.4791 0.3914 0.1844 0.1610 0.2157 0.3120 0.4431 0.4729 0.3592 0.1681 0.1687 0.2323 0.3392 0.4680 0.4572 0.2980 0.1570 0.1849 0.2646 0.3891 0.4819 0.4106 0.2909 0.4106 0.4819 0.3891 0.2646 0.1849 0.1570 0.2980 0.4572 0.4680 0.3392 0.2323 0.1687 0.1681 0.3592 0.4729 0.4431 0.3120 0.2157 0.1610 0.1844 0.3914 0.4791 0.4219 0.2942 0.2048 0.1572 0.2074 0.4137 0.4817 0.4017 0.2784 0.1953 0.1557 0.2390 0.4317 0.4814 0.3816 0.2635 0.1866 0.1561 0.2740 0.4464 0.4774 0.3621 0.2496 0.1788 0.1587 0.3086 0.4586 0.4592
0.4597 0.2907 0.1571 0.1827 0.2567 0.3721 0.4800 0.4391 0.2556 0.1556 0.1910 0.2711 0.3919 0.4820 0.4229 0.2219 0.1563 0.2001 0.2865 0.4123 0.4807 0.4027 0.1942 0.1588 0.2101 0.3027 0.4321 0.4767 0.3783 0.1765 0.1636 0.2211 0.3202 0.4511 0.4697 0.3469 0.1649 0.1711 0.2364 0.3445 0.4707 0.4549 0.2927 0.1568 0.1854 0.2646 0.3880 0.4820 0.4149 0.2026 0.1488 0.2026 0.4148 0.4820 0.3880 0.2646 0.1854 0.1568 0.2927 0.4549 0.4707 0.3445 0.2364 0.1711 0.1649 0.3469 0.4697 0.4511 0.3202 0.2211 0.1636 0.1765 0.3783 0.4767 0.4321 0.3027 0.2101 0.1589 0.1942 0.4027 0.4807 0.4123 0.2865 0.2001 0.1563 0.2219 0.4229 0.4820 0.3919 0.2711 0.1910 0.1557 0.2556 0.4391 0.4800 0.3721 0.2567 0.1827 0.1571 0.2907 0.4596
0.2918 0.1562 0.1869 0.2641 0.3824 0.4815 0.4311 0.2376 0.1557 0.1956 0.2790 0.4025 0.4817 0.4130 0.2064 0.1574 0.2052 0.2948 0.4227 0.4789 0.3905 0.1838 0.1610 0.2156 0.3115 0.4419 0.4737 0.3641 0.1704 0.1666 0.2270 0.3290 0.4587 0.4658 0.3328 0.1621 0.1739 0.2413 0.3513 0.4738 0.4515 0.2842 0.1564 0.1866 0.2661 0.3891 0.4820 0.4165 0.2030 0.1564 0.1784 0.1565 0.2029 0.4165 0.4820 0.3891 0.2661 0.1867 0.1564 0.2840 0.4515 0.4738 0.3513 0.2414 0.1740 0.1621 0.3326 0.4658 0.4588 0.3291 0.2271 0.1667 0.1704 0.3641 0.4737 0.4419 0.3115 0.2157 0.1611 0.1838 0.3905 0.4790 0.4227 0.2949 0.2053 0.1574 0.2064 0.4130 0.4817 0.4025 0.2790 0.1957 0.1558 0.2376 0.4311 0.4815 0.3824 0.2642 0.1870 0.1563 0.2917
0.1837 0.1917 0.2717 0.3928 0.4820 0.4221 0.2206 0.1563 0.2005 0.2871 0.4130 0.4806 0.4019 0.1934 0.1590 0.2105 0.3034 0.4329 0.4765 0.3772 0.1759 0.1638 0.2214 0.3205 0.4510 0.4700 0.3490 0.1658 0.1699 0.2333 0.3384 0.4657 0.4610 0.3171 0.1597 0.1771 0.2470 0.3592 0.4767 0.4470 0.2728 0.1560 0.1886 0.2690 0.3921 0.4820 0.4156 0.2036 0.1587 0.2091 0.2572 0.2096 0.1591 0.2029 0.4148 0.4819 0.3929 0.2698 0.1892 0.1562 0.2716 0.4463 0.4769 0.3600 0.2478 0.1776 0.1598 0.3160 0.4605 0.4660 0.3390 0.2339 0.1703 0.1658 0.3483 0.4695 0.4515 0.3212 0.2220 0.1641 0.1758 0.3766 0.4762 0.4335 0.3041 0.2111 0.1593 0.1930 0.4013 0.4803 0.4137 0.2878 0.2011 0.1566 0.2199 0.4215 0.4819 0.3935 0.2723 0.1921 0.1838
0.2133 0.2803 0.4032 0.4816 0.4121 0.2053 0.1574 0.2056 0.2954 0.4235 0.4788 0.3896 0.1832 0.1612 0.2161 0.3122 0.4426 0.4734 0.3629 0.1700 0.1669 0.2274 0.3297 0.4592 0.4657 0.3331 0.1623 0.1734 0.2398 0.3480 0.4715 0.4555 0.3000 0.1578 0.1807 0.2533 0.3678 0.4792 0.4413 0.2591 0.1557 0.1914 0.2732 0.3970 0.4818 0.4126 0.2010 0.1586 0.2126 0.3103 0.3904 0.3082 0.2096 0.1565 0.2026 0.4106 0.4798 0.3996 0.2712 0.1885 0.1538 0.2622 0.4383 0.4781 0.3697 0.2508 0.1778 0.1563 0.3036 0.4525 0.4713 0.3486 0.2367 0.1705 0.1612 0.3361 0.4627 0.4600 0.3295 0.2243 0.1641 0.1696 0.3647 0.4706 0.4442 0.3112 0.2128 0.1586 0.1839 0.3896 0.4762 0.4256 0.2939 0.2024 0.1551 0.2077 0.4106 0.4795 0.4053 0.2780 0.2101
0.2908 0.4151 0.4805 0.4010 0.1925 0.1592 0.2110 0.3040 0.4336 0.4763 0.3762 0.1755 0.1640 0.2219 0.3212 0.4517 0.4697 0.3478 0.1655 0.1702 0.2338 0.3391 0.4662 0.4607 0.3162 0.1597 0.1771 0.2466 0.3577 0.4759 0.4493 0.2820 0.1565 0.1848 0.2603 0.3773 0.4810 0.4346 0.2440 0.1557 0.1949 0.2786 0.4034 0.4815 0.4076 0.1962 0.1591 0.2130 0.3126 0.4525 0.4745 0.3893 0.2572 0.1784 0.1488 0.2909 0.4481 0.4704 0.3415 0.2283 0.1648 0.1566 0.3428 0.4631 0.4531 0.3153 0.2131 0.1578 0.1697 0.3731 0.4705 0.4345 0.2964 0.2021 0.1530 0.1902 0.3963 0.4752 0.4141 0.2794 0.1924 0.1498 0.2201 0.4158 0.4775 0.3926 0.2634 0.1836 0.1479 0.2545 0.4321 0.4769 0.3713 0.2486 0.1757 0.1485 0.2892 0.4455 0.4726 0.3522 0.2463
0.4126 0.4792 0.3882 0.1823 0.1616 0.2169 0.3132 0.4437 0.4729 0.3615 0.1696 0.1673 0.2283 0.3308 0.4600 0.4650 0.3313 0.1621 0.1739 0.2406 0.3490 0.4720 0.4548 0.2983 0.1578 0.1812 0.2540 0.3681 0.4791 0.4421 0.2632 0.1559 0.1894 0.2682 0.3878 0.4818 0.4263 0.2277 0.1562 0.1991 0.2853 0.4117 0.4806 0.4003 0.1898 0.1602 0.2152 0.3139 0.4514 0.4737 0.4363 0.3083 0.2091 0.1564 0.2026 0.4106 0.4798 0.3996 0.2712 0.1885 0.1538 0.2622 0.4383 0.4781 0.3697 0.2508 0.1778 0.1563 0.3036 0.4525 0.4713 0.3486 0.2367 0.1705 0.1612 0.3361 0.4627 0.4600 0.3295 0.2243 0.1641 0.1696 0.3647 0.4706 0.4442 0.3112 0.2128 0.1586 0.1839 0.3896 0.4762 0.4256 0.2939 0.2024 0.1551 0.2077 0.4106 0.4795 0.4053 0.2780 0.2101
0.4774 0.3763 0.1748 0.1628 0.2209 0.3222 0.4530 0.4673 0.3481 0.1647 0.1690 0.2329 0.3406 0.4667 0.4582 0.3165 0.1587 0.1759 0.2458 0.3597 0.4756 0.4468 0.2823 0.1555 0.1835 0.2598 0.3793 0.4798 0.4329 0.2470 0.1545 0.1921 0.2748 0.3994 0.4804 0.4162 0.2135 0.1557 0.2020 0.2919 0.4214 0.4777 0.3916 0.1834 0.1607 0.2171 0.3176 0.4516 0.4634 0.4683 0.2928 0.2097 0.1587 0.2029 0.4148 0.4819 0.3929 0.2698 0.1892 0.1562 0.2716 0.4463 0.4769 0.3600 0.2478 0.1776 0.1598 0.3160 0.4605 0.4660 0.3390 0.2339 0.1703 0.1658 0.3483 0.4695 0.4515 0.3212 0.2220 0.1641 0.1758 0.3766 0.4762 0.4335 0.3041 0.2111 0.1593 0.1930 0.4013 0.4803 0.4137 0.2878 0.2011 0.1566 0.2199 0.4215 0.4819 0.3935 0.2723 0.1921 0.1838
0.4073 0.1928 0.1528 0.2015 0.2953 0.4334 0.4714 0.3756 0.1723 0.1574 0.2121 0.3134 0.4514 0.4647 0.3492 0.1599 0.1630 0.2238 0.3326 0.4652 0.4558 0.3194 0.1530 0.1694 0.2364 0.3527 0.4738 0.4446 0.2868 0.1497 0.1766 0.2504 0.3739 0.4777 0.4304 0.2502 0.1491 0.1856 0.2676 0.3995 0.4777 0.4082 0.2048 0.1521 0.2003 0.2956 0.4368 0.4697 0.3635 0.2137 0.1697 0.1546 0.2027 0.4165 0.4820 0.3891 0.2661 0.1867 0.1564 0.2840 0.4515 0.4738 0.3513 0.2414 0.1740 0.1621 0.3326 0.4658 0.4588 0.3291 0.2271 0.1667 0.1704 0.3641 0.4737 0.4419 0.3115 0.2157 0.1611 0.1838 0.3905 0.4790 0.4227 0.2949 0.2053 0.1574 0.2064 0.4130 0.4817 0.4025 0.2790 0.1957 0.1558 0.2376 0.4311 0.4815 0.3824 0.2642 0.1870 0.1563 0.2917
0.4566 0.2969 0.1550 0.1784 0.2525 0.3736 0.4787 0.4356 0.2611 0.1531 0.1866 0.2674 0.3944 0.4798 0.4199 0.2264 0.1533 0.1956 0.2833 0.4151 0.4779 0.4010 0.1968 0.1555 0.2055 0.3003 0.4349 0.4735 0.3784 0.1768 0.1599 0.2166 0.3189 0.4533 0.4661 0.3487 0.1638 0.1672 0.2320 0.3448 0.4712 0.4509 0.2969 0.1546 0.1811 0.2607 0.3907 0.4800 0.4108 0.2071 0.1468 0.2022 0.4148 0.4820 0.3880 0.2646 0.1854 0.1568 0.2927 0.4549 0.4707 0.3445 0.2364 0.1711 0.1649 0.3469 0.4697 0.4511 0.3202 0.2211 0.1636 0.1765 0.3783 0.4767 0.4321 0.3027 0.2101 0.1589 0.1942 0.4027 0.4807 0.4123 0.2865 0.2001 0.1563 0.2219 0.4229 0.4820 0.3919 0.2711 0.1910 0.1557 0.2556 0.4391 0.4800 0.3721 0.2567 0.1827 0.1571 0.2907 0.4596
0.4595 0.4579 0.3075 0.1589 0.1794 0.2505 0.3631 0.4776 0.4456 0.2727 0.1564 0.1873 0.2645 0.3826 0.4813 0.4308 0.2377 0.1560 0.1960 0.2794 0.4027 0.4815 0.4128 0.2066 0.1577 0.2056 0.2952 0.4230 0.4787 0.3905 0.1838 0.1615 0.2166 0.3132 0.4441 0.4723 0.3579 0.1680 0.1694 0.2333 0.3404 0.4687 0.4563 0.2963 0.1572 0.1858 0.2659 0.3905 0.4816 0.4091 0.2899 0.4105 0.4819 0.3891 0.2646 0.1849 0.1570 0.2980 0.4572 0.4680 0.3392 0.2323 0.1687 0.1681 0.3592 0.4729 0.4431 0.3120 0.2157 0.1610 0.1844 0.3914 0.4791 0.4219 0.2942 0.2048 0.1572 0.2074 0.4137 0.4817 0.4017 0.2784 0.1953 0.1557 0.2390 0.4317 0.4814 0.3816 0.2635 0.1866 0.1561 0.2740 0.4464 0.4774 0.3621 0.2496 0.1788 0.1587 0.3086 0.4586 0.4592
