0.0036 0.0325 0.2308 1.0000 1.0000 0.0003 0.0022 0.0158 0.1125 0.8005 1.0000 1.0000 0.0011 0.0077 0.0545 0.3886 1.0000 1.0000 0.0005 0.0037 0.0265 0.1883 1.0000 1.0000 0.0003 0.0018 0.0128 0.0914 0.6494 1.0000 1.0000 0.0009 0.0062 0.0443 0.3152 1.0000 1.0000 0.0004 0.0030 0.0215 0.1527 1.0000 1.0000 0.0002 0.0015 0.0104 0.0741 0.5288 1.0000 1.0000 0.0004 1.0000 1.0000 0.5288 0.0741 0.0104 0.0015 0.0002 1.0000 1.0000 0.1527 0.0215 0.0030 0.0004 1.0000 1.0000 0.3152 0.0443 0.0062 0.0009 1.0000 1.0000 0.6494 0.0914 0.0128 0.0018 0.0003 1.0000 1.0000 0.1883 0.0265 0.0037 0.0005 1.0000 1.0000 0.3886 0.0545 0.0077 0.0011 1.0000 1.0000 0.8005 0.1125 0.0158 0.0022 0.0003 1.0000 1.0000 0.2308 0.0325 0.0036
0.0325 0.2723 1.0000 1.0000 0.0003 0.0024 0.0173 0.1232 0.8770 1.0000 1.0000 0.0012 0.0084 0.0597 0.4249 1.0000 1.0000 0.0006 0.0041 0.0290 0.2059 1.0000 1.0000 0.0003 0.0020 0.0140 0.0999 0.7115 1.0000 1.0000 0.0010 0.0068 0.0484 0.3454 1.0000 1.0000 0.0005 0.0033 0.0235 0.1673 1.0000 1.0000 1.0000 0.0016 0.0114 0.0812 0.5772 1.0000 1.0000 0.0008 0.0027 0.0008 1.0000 1.0000 0.5772 0.0812 0.0114 0.0016 1.0000 1.0000 1.0000 0.1673 0.0235 0.0033 0.0005 1.0000 1.0000 0.3454 0.0484 0.0068 0.0010 1.0000 1.0000 0.7115 0.0999 0.0140 0.0020 0.0003 1.0000 1.0000 0.2059 0.0290 0.0041 0.0006 1.0000 1.0000 0.4249 0.0597 0.0084 0.0012 1.0000 1.0000 0.8770 0.1232 0.0173 0.0024 0.0003 1.0000 1.0000 0.2723 0.0325
0.2308 1.0000 1.0000 0.0003 0.0022 0.0151 0.1066 0.7547 1.0000 1.0000 0.0010 0.0072 0.0511 0.3636 1.0000 1.0000 0.0005 0.0035 0.0248 0.1765 1.0000 1.0000 0.0002 0.0017 0.0120 0.0855 0.6087 1.0000 1.0000 0.0008 0.0058 0.0415 0.2955 1.0000 1.0000 0.0004 0.0028 0.0201 0.1432 1.0000 1.0000 1.0000 0.0014 0.0098 0.0695 0.4948 1.0000 1.0000 0.0007 0.0049 0.0162 0.0049 0.0007 1.0000 1.0000 0.4948 0.0695 0.0098 0.0014 1.0000 1.0000 1.0000 0.1432 0.0201 0.0028 0.0004 1.0000 1.0000 0.2955 0.0415 0.0058 0.0008 1.0000 1.0000 0.6087 0.0855 0.0120 0.0017 0.0002 1.0000 1.0000 0.1765 0.0248 0.0035 0.0005 1.0000 1.0000 0.3636 0.0511 0.0072 0.0010 1.0000 1.0000 0.7547 0.1066 0.0151 0.0022 0.0003 1.0000 1.0000 0.2308
1.0000 1.0000 0.0003 0.0021 0.0140 0.0964 0.6733 1.0000 1.0000 0.0009 0.0063 0.0446 0.3171 1.0000 1.0000 0.0004 0.0030 0.0216 0.1536 1.0000 1.0000 1.0000 0.0015 0.0105 0.0746 0.5308 1.0000 1.0000 0.0007 0.0051 0.0361 0.2572 1.0000 1.0000 0.0003 0.0025 0.0175 0.1249 0.8888 1.0000 1.0000 0.0012 0.0085 0.0605 0.4306 1.0000 1.0000 0.0006 0.0042 0.0305 0.1007 0.0305 0.0042 0.0006 1.0000 1.0000 0.4306 0.0605 0.0085 0.0012 1.0000 1.0000 0.8888 0.1249 0.0175 0.0025 0.0003 1.0000 1.0000 0.2572 0.0361 0.0051 0.0007 1.0000 1.0000 0.5308 0.0746 0.0105 0.0015 1.0000 1.0000 1.0000 0.1536 0.0216 0.0030 0.0004 1.0000 1.0000 0.3171 0.0446 0.0063 0.0009 1.0000 1.0000 0.6733 0.0964 0.0140 0.0021 0.0003 1.0000 1.0000
1.0000 0.0003 0.0022 0.0140 0.0926 0.6275 1.0000 1.0000 0.0008 0.0055 0.0391 0.2770 1.0000 1.0000 0.0004 0.0026 0.0188 0.1337 0.9518 1.0000 1.0000 0.0013 0.0091 0.0649 0.4620 1.0000 1.0000 0.0006 0.0044 0.0314 0.2239 1.0000 1.0000 0.0003 0.0021 0.0153 0.1087 0.7736 1.0000 1.0000 0.0010 0.0074 0.0527 0.3748 1.0000 1.0000 0.0005 0.0036 0.0258 0.1890 0.6228 0.1890 0.0258 0.0036 0.0005 1.0000 1.0000 0.3748 0.0527 0.0074 0.0010 1.0000 1.0000 0.7736 0.1087 0.0153 0.0021 0.0003 1.0000 1.0000 0.2239 0.0314 0.0044 0.0006 1.0000 1.0000 0.4620 0.0649 0.0091 0.0013 1.0000 1.0000 0.9518 0.1337 0.0188 0.0026 0.0004 1.0000 1.0000 0.2770 0.0391 0.0055 0.0008 1.0000 1.0000 0.6275 0.0926 0.0140 0.0022 0.0003 1.0000
0.0003 0.0024 0.0151 0.0964 0.6275 1.0000 1.0000 0.0007 0.0050 0.0349 0.2448 1.0000 1.0000 0.0003 0.0023 0.0164 0.1164 0.8284 1.0000 1.0000 0.0011 0.0079 0.0565 0.4021 1.0000 1.0000 0.0005 0.0038 0.0274 0.1948 1.0000 1.0000 0.0003 0.0019 0.0133 0.0946 0.6733 1.0000 1.0000 0.0009 0.0064 0.0458 0.3262 1.0000 1.0000 0.0004 0.0031 0.0222 0.1599 1.0000 1.0000 1.0000 0.1599 0.0222 0.0031 0.0004 1.0000 1.0000 0.3262 0.0458 0.0064 0.0009 1.0000 1.0000 0.6733 0.0946 0.0133 0.0019 0.0003 1.0000 1.0000 0.1948 0.0274 0.0038 0.0005 1.0000 1.0000 0.4021 0.0565 0.0079 0.0011 1.0000 1.0000 0.8284 0.1164 0.0164 0.0023 0.0003 1.0000 1.0000 0.2448 0.0349 0.0050 0.0007 1.0000 1.0000 0.6275 0.0964 0.0151 0.0024 0.0003
0.0022 0.0173 0.1066 0.6733 1.0000 1.0000 0.0007 0.0047 0.0321 0.2217 1.0000 1.0000 0.0003 0.0020 0.0143 0.1017 0.7224 1.0000 1.0000 0.0010 0.0069 0.0492 0.3500 1.0000 1.0000 0.0005 0.0033 0.0238 0.1696 1.0000 1.0000 1.0000 0.0016 0.0116 0.0823 0.5860 1.0000 1.0000 0.0008 0.0056 0.0399 0.2839 1.0000 1.0000 0.0004 0.0027 0.0194 0.1378 0.9905 1.0000 1.0000 1.0000 0.9905 0.1378 0.0194 0.0027 0.0004 1.0000 1.0000 0.2839 0.0399 0.0056 0.0008 1.0000 1.0000 0.5860 0.0823 0.0116 0.0016 1.0000 1.0000 1.0000 0.1696 0.0238 0.0033 0.0005 1.0000 1.0000 0.3500 0.0492 0.0069 0.0010 1.0000 1.0000 0.7224 0.1017 0.0143 0.0020 0.0003 1.0000 1.0000 0.2217 0.0321 0.0047 0.0007 1.0000 1.0000 0.6733 0.1066 0.0173 0.0022
0.0158 0.1232 0.7547 1.0000 1.0000 0.0007 0.0047 0.0311 0.2098 1.0000 1.0000 0.0003 0.0018 0.0126 0.0893 0.6323 1.0000 1.0000 0.0008 0.0060 0.0428 0.3046 1.0000 1.0000 0.0004 0.0029 0.0207 0.1476 1.0000 1.0000 1.0000 0.0014 0.0101 0.0717 0.5101 1.0000 1.0000 0.0007 0.0049 0.0347 0.2471 1.0000 1.0000 0.0003 0.0024 0.0169 0.1200 0.8540 1.0000 1.0000 0.0006 1.0000 1.0000 0.8540 0.1200 0.0169 0.0024 0.0003 1.0000 1.0000 0.2471 0.0347 0.0049 0.0007 1.0000 1.0000 0.5101 0.0717 0.0101 0.0014 1.0000 1.0000 1.0000 0.1476 0.0207 0.0029 0.0004 1.0000 1.0000 0.3046 0.0428 0.0060 0.0008 1.0000 1.0000 0.6323 0.0893 0.0126 0.0018 0.0003 1.0000 1.0000 0.2098 0.0311 0.0047 0.0007 1.0000 1.0000 0.7547 0.1232 0.0158
0.1125 0.8770 1.0000 1.0000 0.0008 0.0050 0.0321 0.2098 1.0000 1.0000 0.0002 0.0016 0.0114 0.0796 0.5599 1.0000 1.0000 0.0007 0.0052 0.0373 0.2651 1.0000 1.0000 0.0004 0.0025 0.0180 0.1285 0.9145 1.0000 1.0000 0.0012 0.0088 0.0624 0.4439 1.0000 1.0000 0.0006 0.0042 0.0302 0.2151 1.0000 1.0000 0.0003 0.0021 0.0147 0.1044 0.7433 1.0000 1.0000 0.0010 0.0034 0.0010 1.0000 1.0000 0.7433 0.1044 0.0147 0.0021 0.0003 1.0000 1.0000 0.2151 0.0302 0.0042 0.0006 1.0000 1.0000 0.4439 0.0624 0.0088 0.0012 1.0000 1.0000 0.9145 0.1285 0.0180 0.0025 0.0004 1.0000 1.0000 0.2651 0.0373 0.0052 0.0007 1.0000 1.0000 0.5599 0.0796 0.0114 0.0016 0.0002 1.0000 1.0000 0.2098 0.0321 0.0050 0.0008 1.0000 1.0000 0.8770 0.1125
0.8005 1.0000 1.0000 0.0009 0.0055 0.0349 0.2217 1.0000 1.0000 1.0000 0.0016 0.0106 0.0729 0.5062 1.0000 1.0000 0.0007 0.0046 0.0326 0.2317 1.0000 1.0000 0.0003 0.0022 0.0157 0.1118 0.7960 1.0000 1.0000 0.0011 0.0076 0.0543 0.3864 1.0000 1.0000 0.0005 0.0037 0.0263 0.1872 1.0000 1.0000 0.0003 0.0018 0.0128 0.0909 0.6469 1.0000 1.0000 0.0009 0.0064 0.0212 0.0064 0.0009 1.0000 1.0000 0.6469 0.0909 0.0128 0.0018 0.0003 1.0000 1.0000 0.1872 0.0263 0.0037 0.0005 1.0000 1.0000 0.3864 0.0543 0.0076 0.0011 1.0000 1.0000 0.7960 0.1118 0.0157 0.0022 0.0003 1.0000 1.0000 0.2317 0.0326 0.0046 0.0007 1.0000 1.0000 0.5062 0.0729 0.0106 0.0016 1.0000 1.0000 1.0000 0.2217 0.0349 0.0055 0.0009 1.0000 1.0000 0.8005
1.0000 1.0000 0.0010 0.0063 0.0391 0.2448 1.0000 1.0000 0.0002 0.0016 0.0103 0.0694 0.4718 1.0000 1.0000 0.0006 0.0041 0.0288 0.2036 1.0000 1.0000 0.0003 0.0019 0.0137 0.0973 0.6928 1.0000 1.0000 0.0009 0.0066 0.0472 0.3363 1.0000 1.0000 0.0005 0.0032 0.0229 0.1629 1.0000 1.0000 1.0000 0.0016 0.0111 0.0791 0.5631 1.0000 1.0000 0.0008 0.0054 0.0399 0.1314 0.0399 0.0054 0.0008 1.0000 1.0000 0.5631 0.0791 0.0111 0.0016 1.0000 1.0000 1.0000 0.1629 0.0229 0.0032 0.0005 1.0000 1.0000 0.3363 0.0472 0.0066 0.0009 1.0000 1.0000 0.6928 0.0973 0.0137 0.0019 0.0003 1.0000 1.0000 0.2036 0.0288 0.0041 0.0006 1.0000 1.0000 0.4718 0.0694 0.0103 0.0016 0.0002 1.0000 1.0000 0.2448 0.0391 0.0063 0.0010 1.0000 1.0000
1.0000 0.0012 0.0072 0.0446 0.2770 1.0000 1.0000 0.0003 0.0016 0.0106 0.0694 0.4603 1.0000 1.0000 0.0005 0.0037 0.0259 0.1809 1.0000 1.0000 0.0002 0.0017 0.0119 0.0849 0.6030 1.0000 1.0000 0.0008 0.0058 0.0411 0.2927 1.0000 1.0000 0.0004 0.0028 0.0199 0.1418 1.0000 1.0000 1.0000 0.0014 0.0097 0.0688 0.4901 1.0000 1.0000 0.0007 0.0047 0.0337 0.2471 0.8143 0.2471 0.0337 0.0047 0.0007 1.0000 1.0000 0.4901 0.0688 0.0097 0.0014 1.0000 1.0000 1.0000 0.1418 0.0199 0.0028 0.0004 1.0000 1.0000 0.2927 0.0411 0.0058 0.0008 1.0000 1.0000 0.6030 0.0849 0.0119 0.0017 0.0002 1.0000 1.0000 0.1809 0.0259 0.0037 0.0005 1.0000 1.0000 0.4603 0.0694 0.0106 0.0016 0.0003 1.0000 1.0000 0.2770 0.0446 0.0072 0.0012 1.0000
0.0011 0.0084 0.0511 0.3171 1.0000 1.0000 0.0003 0.0018 0.0114 0.0729 0.4718 1.0000 1.0000 0.0005 0.0035 0.0238 0.1645 1.0000 1.0000 1.0000 0.0015 0.0105 0.0743 0.5268 1.0000 1.0000 0.0007 0.0050 0.0358 0.2548 1.0000 1.0000 0.0003 0.0024 0.0173 0.1234 0.8787 1.0000 1.0000 0.0012 0.0084 0.0599 0.4266 1.0000 1.0000 0.0006 0.0041 0.0290 0.2090 1.0000 1.0000 1.0000 0.2090 0.0290 0.0041 0.0006 1.0000 1.0000 0.4266 0.0599 0.0084 0.0012 1.0000 1.0000 0.8787 0.1234 0.0173 0.0024 0.0003 1.0000 1.0000 0.2548 0.0358 0.0050 0.0007 1.0000 1.0000 0.5268 0.0743 0.0105 0.0015 1.0000 1.0000 1.0000 0.1645 0.0238 0.0035 0.0005 1.0000 1.0000 0.4718 0.0729 0.0114 0.0018 0.0003 1.0000 1.0000 0.3171 0.0511 0.0084 0.0011
0.0077 0.0597 0.3636 1.0000 1.0000 0.0003 0.0020 0.0126 0.0796 0.5062 1.0000 1.0000 0.0005 0.0034 0.0228 0.1545 1.0000 1.0000 1.0000 0.0013 0.0093 0.0655 0.4629 1.0000 1.0000 0.0006 0.0044 0.0312 0.2217 1.0000 1.0000 0.0003 0.0021 0.0151 0.1074 0.7648 1.0000 1.0000 0.0010 0.0073 0.0522 0.3713 1.0000 1.0000 0.0005 0.0036 0.0253 0.1802 1.0000 1.0000 1.0000 1.0000 1.0000 0.1802 0.0253 0.0036 0.0005 1.0000 1.0000 0.3713 0.0522 0.0073 0.0010 1.0000 1.0000 0.7648 0.1074 0.0151 0.0021 0.0003 1.0000 1.0000 0.2217 0.0312 0.0044 0.0006 1.0000 1.0000 0.4629 0.0655 0.0093 0.0013 1.0000 1.0000 1.0000 0.1545 0.0228 0.0034 0.0005 1.0000 1.0000 0.5062 0.0796 0.0126 0.0020 0.0003 1.0000 1.0000 0.3636 0.0597 0.0077
0.0545 0.4249 1.0000 1.0000 0.0004 0.0023 0.0143 0.0893 0.5599 1.0000 1.0000 0.0005 0.0035 0.0228 0.1513 1.0000 1.0000 1.0000 0.0012 0.0084 0.0586 0.4114 1.0000 1.0000 0.0005 0.0038 0.0272 0.1934 1.0000 1.0000 0.0003 0.0018 0.0131 0.0935 0.6657 1.0000 1.0000 0.0009 0.0064 0.0454 0.3231 1.0000 1.0000 0.0004 0.0031 0.0220 0.1566 1.0000 1.0000 1.0000 0.0007 1.0000 1.0000 1.0000 0.1566 0.0220 0.0031 0.0004 1.0000 1.0000 0.3231 0.0454 0.0064 0.0009 1.0000 1.0000 0.6657 0.0935 0.0131 0.0018 0.0003 1.0000 1.0000 0.1934 0.0272 0.0038 0.0005 1.0000 1.0000 0.4114 0.0586 0.0084 0.0012 1.0000 1.0000 1.0000 0.1513 0.0228 0.0035 0.0005 1.0000 1.0000 0.5599 0.0893 0.0143 0.0023 0.0004 1.0000 1.0000 0.4249 0.0545
0.3886 1.0000 1.0000 0.0004 0.0026 0.0164 0.1017 0.6323 1.0000 1.0000 0.0006 0.0037 0.0238 0.1545 1.0000 1.0000 1.0000 0.0011 0.0078 0.0536 0.3713 1.0000 1.0000 0.0005 0.0034 0.0238 0.1689 1.0000 1.0000 1.0000 0.0016 0.0114 0.0814 0.5794 1.0000 1.0000 0.0008 0.0056 0.0395 0.2813 1.0000 1.0000 0.0004 0.0027 0.0191 0.1363 0.9700 1.0000 1.0000 0.0014 0.0045 0.0014 1.0000 1.0000 0.9700 0.1363 0.0191 0.0027 0.0004 1.0000 1.0000 0.2813 0.0395 0.0056 0.0008 1.0000 1.0000 0.5794 0.0814 0.0114 0.0016 1.0000 1.0000 1.0000 0.1689 0.0238 0.0034 0.0005 1.0000 1.0000 0.3713 0.0536 0.0078 0.0011 1.0000 1.0000 1.0000 0.1545 0.0238 0.0037 0.0006 1.0000 1.0000 0.6323 0.1017 0.0164 0.0026 0.0004 1.0000 1.0000 0.3886
1.0000 1.0000 0.0005 0.0030 0.0188 0.1164 0.7224 1.0000 1.0000 0.0007 0.0041 0.0259 0.1645 1.0000 1.0000 1.0000 0.0011 0.0075 0.0505 0.3447 1.0000 1.0000 0.0004 0.0030 0.0211 0.1490 1.0000 1.0000 1.0000 0.0014 0.0100 0.0708 0.5043 1.0000 1.0000 0.0007 0.0048 0.0344 0.2448 1.0000 1.0000 0.0003 0.0023 0.0167 0.1186 0.8443 1.0000 1.0000 0.0011 0.0084 0.0277 0.0084 0.0011 1.0000 1.0000 0.8443 0.1186 0.0167 0.0023 0.0003 1.0000 1.0000 0.2448 0.0344 0.0048 0.0007 1.0000 1.0000 0.5043 0.0708 0.0100 0.0014 1.0000 1.0000 1.0000 0.1490 0.0211 0.0030 0.0004 1.0000 1.0000 0.3447 0.0505 0.0075 0.0011 1.0000 1.0000 1.0000 0.1645 0.0259 0.0041 0.0007 1.0000 1.0000 0.7224 0.1164 0.0188 0.0030 0.0005 1.0000 1.0000
1.0000 0.0006 0.0035 0.0216 0.1337 0.8284 1.0000 1.0000 0.0007 0.0046 0.0288 0.1809 1.0000 1.0000 1.0000 0.0011 0.0075 0.0495 0.3312 1.0000 1.0000 0.0004 0.0027 0.0190 0.1327 0.9321 1.0000 1.0000 0.0012 0.0087 0.0618 0.4397 1.0000 1.0000 0.0006 0.0042 0.0299 0.2131 1.0000 1.0000 0.0003 0.0020 0.0145 0.1032 0.7348 1.0000 1.0000 0.0010 0.0071 0.0521 0.1719 0.0521 0.0071 0.0010 1.0000 1.0000 0.7348 0.1032 0.0145 0.0020 0.0003 1.0000 1.0000 0.2131 0.0299 0.0042 0.0006 1.0000 1.0000 0.4397 0.0618 0.0087 0.0012 1.0000 1.0000 0.9321 0.1327 0.0190 0.0027 0.0004 1.0000 1.0000 0.3312 0.0495 0.0075 0.0011 1.0000 1.0000 1.0000 0.1809 0.0288 0.0046 0.0007 1.0000 1.0000 0.8284 0.1337 0.0216 0.0035 0.0006 1.0000
0.0005 0.0041 0.0248 0.1536 0.9518 1.0000 1.0000 0.0008 0.0052 0.0326 0.2036 1.0000 1.0000 1.0000 0.0012 0.0078 0.0505 0.3312 1.0000 1.0000 0.0004 0.0025 0.0174 0.1204 0.8395 1.0000 1.0000 0.0011 0.0077 0.0542 0.3842 1.0000 1.0000 0.0005 0.0037 0.0261 0.1854 1.0000 1.0000 0.0002 0.0018 0.0126 0.0899 0.6396 1.0000 1.0000 0.0009 0.0061 0.0440 0.3225 1.0000 0.3225 0.0440 0.0061 0.0009 1.0000 1.0000 0.6396 0.0899 0.0126 0.0018 0.0002 1.0000 1.0000 0.1854 0.0261 0.0037 0.0005 1.0000 1.0000 0.3842 0.0542 0.0077 0.0011 1.0000 1.0000 0.8395 0.1204 0.0174 0.0025 0.0004 1.0000 1.0000 0.3312 0.0505 0.0078 0.0012 1.0000 1.0000 1.0000 0.2036 0.0326 0.0052 0.0008 1.0000 1.0000 0.9518 0.1536 0.0248 0.0041 0.0005
0.0037 0.0290 0.1765 1.0000 1.0000 1.0000 0.0010 0.0060 0.0373 0.2317 1.0000 1.0000 1.0000 0.0013 0.0084 0.0536 0.3447 1.0000 1.0000 0.0004 0.0024 0.0165 0.1122 0.7706 1.0000 1.0000 0.0010 0.0068 0.0479 0.3382 1.0000 1.0000 0.0004 0.0032 0.0227 0.1614 1.0000 1.0000 1.0000 0.0015 0.0110 0.0782 0.5567 1.0000 1.0000 0.0007 0.0053 0.0380 0.2728 1.0000 1.0000 1.0000 0.2728 0.0380 0.0053 0.0007 1.0000 1.0000 0.5567 0.0782 0.0110 0.0015 1.0000 1.0000 1.0000 0.1614 0.0227 0.0032 0.0004 1.0000 1.0000 0.3382 0.0479 0.0068 0.0010 1.0000 1.0000 0.7706 0.1122 0.0165 0.0024 0.0004 1.0000 1.0000 0.3447 0.0536 0.0084 0.0013 1.0000 1.0000 1.0000 0.2317 0.0373 0.0060 0.0010 1.0000 1.0000 1.0000 0.1765 0.0290 0.0037
0.0265 0.2059 1.0000 1.0000 1.0000 0.0011 0.0069 0.0428 0.2651 1.0000 1.0000 0.0002 0.0015 0.0093 0.0586 0.3713 1.0000 1.0000 0.0004 0.0024 0.0162 0.1083 0.7307 1.0000 1.0000 0.0009 0.0061 0.0428 0.3006 1.0000 1.0000 0.0004 0.0028 0.0198 0.1408 1.0000 1.0000 1.0000 0.0013 0.0096 0.0681 0.4845 1.0000 1.0000 0.0007 0.0046 0.0330 0.2352 1.0000 1.0000 1.0000 1.0000 1.0000 0.2352 0.0330 0.0046 0.0007 1.0000 1.0000 0.4845 0.0681 0.0096 0.0013 1.0000 1.0000 1.0000 0.1408 0.0198 0.0028 0.0004 1.0000 1.0000 0.3006 0.0428 0.0061 0.0009 1.0000 1.0000 0.7307 0.1083 0.0162 0.0024 0.0004 1.0000 1.0000 0.3713 0.0586 0.0093 0.0015 0.0002 1.0000 1.0000 0.2651 0.0428 0.0069 0.0011 1.0000 1.0000 1.0000 0.2059 0.0265
0.1883 1.0000 1.0000 1.0000 0.0013 0.0079 0.0492 0.3046 1.0000 1.0000 0.0003 0.0017 0.0105 0.0655 0.4114 1.0000 1.0000 0.0004 0.0025 0.0165 0.1083 0.7169 1.0000 1.0000 0.0008 0.0056 0.0391 0.2713 1.0000 1.0000 0.0003 0.0025 0.0174 0.1230 0.8737 1.0000 1.0000 0.0012 0.0083 0.0592 0.4217 1.0000 1.0000 0.0006 0.0040 0.0288 0.2047 1.0000 1.0000 0.0003 0.0009 0.0003 1.0000 1.0000 0.2047 0.0288 0.0040 0.0006 1.0000 1.0000 0.4217 0.0592 0.0083 0.0012 1.0000 1.0000 0.8737 0.1230 0.0174 0.0025 0.0003 1.0000 1.0000 0.2713 0.0391 0.0056 0.0008 1.0000 1.0000 0.7169 0.1083 0.0165 0.0025 0.0004 1.0000 1.0000 0.4114 0.0655 0.0105 0.0017 0.0003 1.0000 1.0000 0.3046 0.0492 0.0079 0.0013 1.0000 1.0000 1.0000 0.1883
1.0000 1.0000 0.0002 0.0015 0.0091 0.0565 0.3500 1.0000 1.0000 0.0003 0.0019 0.0119 0.0743 0.4629 1.0000 1.0000 0.0004 0.0027 0.0174 0.1122 0.7307 1.0000 1.0000 0.0008 0.0054 0.0365 0.2500 1.0000 1.0000 0.0003 0.0022 0.0154 0.1085 0.7677 1.0000 1.0000 0.0010 0.0073 0.0516 0.3671 1.0000 1.0000 0.0005 0.0035 0.0250 0.1782 1.0000 1.0000 0.0002 0.0018 0.0058 0.0018 0.0002 1.0000 1.0000 0.1782 0.0250 0.0035 0.0005 1.0000 1.0000 0.3671 0.0516 0.0073 0.0010 1.0000 1.0000 0.7677 0.1085 0.0154 0.0022 0.0003 1.0000 1.0000 0.2500 0.0365 0.0054 0.0008 1.0000 1.0000 0.7307 0.1122 0.0174 0.0027 0.0004 1.0000 1.0000 0.4629 0.0743 0.0119 0.0019 0.0003 1.0000 1.0000 0.3500 0.0565 0.0091 0.0015 0.0002 1.0000 1.0000
1.0000 0.0003 0.0017 0.0105 0.0649 0.4021 1.0000 1.0000 0.0004 0.0022 0.0137 0.0849 0.5268 1.0000 1.0000 0.0005 0.0030 0.0190 0.1204 0.7706 1.0000 1.0000 0.0008 0.0053 0.0352 0.2375 1.0000 1.0000 0.0003 0.0020 0.0138 0.0968 0.6797 1.0000 1.0000 0.0009 0.0063 0.0450 0.3201 1.0000 1.0000 0.0004 0.0031 0.0218 0.1551 1.0000 1.0000 1.0000 0.0015 0.0110 0.0362 0.0110 0.0015 1.0000 1.0000 1.0000 0.1551 0.0218 0.0031 0.0004 1.0000 1.0000 0.3201 0.0450 0.0063 0.0009 1.0000 1.0000 0.6797 0.0968 0.0138 0.0020 0.0003 1.0000 1.0000 0.2375 0.0352 0.0053 0.0008 1.0000 1.0000 0.7706 0.1204 0.0190 0.0030 0.0005 1.0000 1.0000 0.5268 0.0849 0.0137 0.0022 0.0004 1.0000 1.0000 0.4021 0.0649 0.0105 0.0017 0.0003 1.0000
0.0003 0.0020 0.0120 0.0746 0.4620 1.0000 1.0000 0.0004 0.0025 0.0157 0.0973 0.6030 1.0000 1.0000 0.0005 0.0034 0.0211 0.1327 0.8395 1.0000 1.0000 0.0008 0.0054 0.0352 0.2334 1.0000 1.0000 0.0003 0.0018 0.0126 0.0875 0.6111 1.0000 1.0000 0.0008 0.0056 0.0394 0.2797 1.0000 1.0000 0.0004 0.0027 0.0190 0.1350 0.9608 1.0000 1.0000 0.0013 0.0093 0.0681 0.2243 0.0681 0.0093 0.0013 1.0000 1.0000 0.9608 0.1350 0.0190 0.0027 0.0004 1.0000 1.0000 0.2797 0.0394 0.0056 0.0008 1.0000 1.0000 0.6111 0.0875 0.0126 0.0018 0.0003 1.0000 1.0000 0.2334 0.0352 0.0054 0.0008 1.0000 1.0000 0.8395 0.1327 0.0211 0.0034 0.0005 1.0000 1.0000 0.6030 0.0973 0.0157 0.0025 0.0004 1.0000 1.0000 0.4620 0.0746 0.0120 0.0020 0.0003
0.0018 0.0140 0.0855 0.5308 1.0000 1.0000 0.0005 0.0029 0.0180 0.1118 0.6928 1.0000 1.0000 0.0006 0.0038 0.0238 0.1490 0.9321 1.0000 1.0000 0.0009 0.0056 0.0365 0.2375 1.0000 1.0000 0.0003 0.0017 0.0119 0.0811 0.5588 1.0000 1.0000 0.0007 0.0050 0.0349 0.2462 1.0000 1.0000 0.0003 0.0023 0.0165 0.1175 0.8363 1.0000 1.0000 0.0011 0.0080 0.0576 0.4217 1.0000 0.4217 0.0576 0.0080 0.0011 1.0000 1.0000 0.8363 0.1175 0.0165 0.0023 0.0003 1.0000 1.0000 0.2462 0.0349 0.0050 0.0007 1.0000 1.0000 0.5588 0.0811 0.0119 0.0017 0.0003 1.0000 1.0000 0.2375 0.0365 0.0056 0.0009 1.0000 1.0000 0.9321 0.1490 0.0238 0.0038 0.0006 1.0000 1.0000 0.6928 0.1118 0.0180 0.0029 0.0005 1.0000 1.0000 0.5308 0.0855 0.0140 0.0018
0.0128 0.0999 0.6087 1.0000 1.0000 0.0005 0.0033 0.0207 0.1285 0.7960 1.0000 1.0000 0.0007 0.0044 0.0272 0.1689 1.0000 1.0000 1.0000 0.0010 0.0061 0.0391 0.2500 1.0000 1.0000 0.0003 0.0017 0.0115 0.0772 0.5248 1.0000 1.0000 0.0006 0.0045 0.0312 0.2188 1.0000 1.0000 0.0003 0.0020 0.0144 0.1025 0.7279 1.0000 1.0000 0.0010 0.0070 0.0495 0.3567 1.0000 1.0000 1.0000 0.3567 0.0495 0.0070 0.0010 1.0000 1.0000 0.7279 0.1025 0.0144 0.0020 0.0003 1.0000 1.0000 0.2188 0.0312 0.0045 0.0006 1.0000 1.0000 0.5248 0.0772 0.0115 0.0017 0.0003 1.0000 1.0000 0.2500 0.0391 0.0061 0.0010 1.0000 1.0000 1.0000 0.1689 0.0272 0.0044 0.0007 1.0000 1.0000 0.7960 0.1285 0.0207 0.0033 0.0005 1.0000 1.0000 0.6087 0.0999 0.0128
0.0914 0.7115 1.0000 1.0000 0.0006 0.0038 0.0238 0.1476 0.9145 1.0000 1.0000 0.0008 0.0050 0.0312 0.1934 1.0000 1.0000 1.0000 0.0011 0.0068 0.0428 0.2713 1.0000 1.0000 0.0003 0.0017 0.0115 0.0759 0.5081 1.0000 1.0000 0.0006 0.0041 0.0283 0.1971 1.0000 1.0000 0.0003 0.0018 0.0126 0.0897 0.6347 1.0000 1.0000 0.0009 0.0061 0.0431 0.3075 1.0000 1.0000 1.0000 1.0000 1.0000 0.3075 0.0431 0.0061 0.0009 1.0000 1.0000 0.6347 0.0897 0.0126 0.0018 0.0003 1.0000 1.0000 0.1971 0.0283 0.0041 0.0006 1.0000 1.0000 0.5081 0.0759 0.0115 0.0017 0.0003 1.0000 1.0000 0.2713 0.0428 0.0068 0.0011 1.0000 1.0000 1.0000 0.1934 0.0312 0.0050 0.0008 1.0000 1.0000 0.9145 0.1476 0.0238 0.0038 0.0006 1.0000 1.0000 0.7115 0.0914
0.6494 1.0000 1.0000 0.0007 0.0044 0.0274 0.1696 1.0000 1.0000 1.0000 0.0009 0.0058 0.0358 0.2217 1.0000 1.0000 1.0000 0.0012 0.0077 0.0479 0.3006 1.0000 1.0000 0.0003 0.0018 0.0119 0.0772 0.5081 1.0000 1.0000 0.0006 0.0038 0.0263 0.1806 1.0000 1.0000 1.0000 0.0016 0.0112 0.0790 0.5577 1.0000 1.0000 0.0007 0.0053 0.0375 0.2672 1.0000 1.0000 0.0004 0.0012 0.0004 1.0000 1.0000 0.2672 0.0375 0.0053 0.0007 1.0000 1.0000 0.5577 0.0790 0.0112 0.0016 1.0000 1.0000 1.0000 0.1806 0.0263 0.0038 0.0006 1.0000 1.0000 0.5081 0.0772 0.0119 0.0018 0.0003 1.0000 1.0000 0.3006 0.0479 0.0077 0.0012 1.0000 1.0000 1.0000 0.2217 0.0358 0.0058 0.0009 1.0000 1.0000 1.0000 0.1696 0.0274 0.0044 0.0007 1.0000 1.0000 0.6494
1.0000 1.0000 0.0008 0.0051 0.0314 0.1948 1.0000 1.0000 1.0000 0.0011 0.0066 0.0411 0.2548 1.0000 1.0000 1.0000 0.0014 0.0087 0.0542 0.3382 1.0000 1.0000 0.0003 0.0020 0.0126 0.0811 0.5248 1.0000 1.0000 0.0006 0.0037 0.0250 0.1699 1.0000 1.0000 1.0000 0.0014 0.0100 0.0703 0.4948 1.0000 1.0000 0.0007 0.0046 0.0327 0.2330 1.0000 1.0000 0.0003 0.0023 0.0076 0.0023 0.0003 1.0000 1.0000 0.2330 0.0327 0.0046 0.0007 1.0000 1.0000 0.4948 0.0703 0.0100 0.0014 1.0000 1.0000 1.0000 0.1699 0.0250 0.0037 0.0006 1.0000 1.0000 0.5248 0.0811 0.0126 0.0020 0.0003 1.0000 1.0000 0.3382 0.0542 0.0087 0.0014 1.0000 1.0000 1.0000 0.2548 0.0411 0.0066 0.0011 1.0000 1.0000 1.0000 0.1948 0.0314 0.0051 0.0008 1.0000 1.0000
1.0000 0.0010 0.0058 0.0361 0.2239 1.0000 1.0000 1.0000 0.0012 0.0076 0.0472 0.2927 1.0000 1.0000 0.0003 0.0016 0.0100 0.0618 0.3842 1.0000 1.0000 0.0003 0.0022 0.0138 0.0875 0.5588 1.0000 1.0000 0.0006 0.0037 0.0247 0.1648 1.0000 1.0000 1.0000 0.0013 0.0091 0.0636 0.4431 1.0000 1.0000 0.0006 0.0041 0.0287 0.2036 1.0000 1.0000 0.0003 0.0020 0.0143 0.0472 0.0143 0.0020 0.0003 1.0000 1.0000 0.2036 0.0287 0.0041 0.0006 1.0000 1.0000 0.4431 0.0636 0.0091 0.0013 1.0000 1.0000 1.0000 0.1648 0.0247 0.0037 0.0006 1.0000 1.0000 0.5588 0.0875 0.0138 0.0022 0.0003 1.0000 1.0000 0.3842 0.0618 0.0100 0.0016 0.0003 1.0000 1.0000 0.2927 0.0472 0.0076 0.0012 1.0000 1.0000 1.0000 0.2239 0.0361 0.0058 0.0010 1.0000
0.0009 0.0068 0.0415 0.2572 1.0000 1.0000 1.0000 0.0014 0.0088 0.0543 0.3363 1.0000 1.0000 0.0003 0.0018 0.0114 0.0708 0.4397 1.0000 1.0000 0.0004 0.0025 0.0154 0.0968 0.6111 1.0000 1.0000 0.0006 0.0038 0.0250 0.1648 1.0000 1.0000 1.0000 0.0012 0.0085 0.0583 0.4037 1.0000 1.0000 0.0005 0.0036 0.0254 0.1792 1.0000 1.0000 0.0002 0.0017 0.0121 0.0888 0.2933 0.0888 0.0121 0.0017 0.0002 1.0000 1.0000 0.1792 0.0254 0.0036 0.0005 1.0000 1.0000 0.4037 0.0583 0.0085 0.0012 1.0000 1.0000 1.0000 0.1648 0.0250 0.0038 0.0006 1.0000 1.0000 0.6111 0.0968 0.0154 0.0025 0.0004 1.0000 1.0000 0.4397 0.0708 0.0114 0.0018 0.0003 1.0000 1.0000 0.3363 0.0543 0.0088 0.0014 1.0000 1.0000 1.0000 0.2572 0.0415 0.0068 0.0009
0.0062 0.0484 0.2955 1.0000 1.0000 0.0003 0.0016 0.0101 0.0624 0.3864 1.0000 1.0000 0.0003 0.0021 0.0131 0.0814 0.5043 1.0000 1.0000 0.0004 0.0028 0.0174 0.1085 0.6797 1.0000 1.0000 0.0006 0.0041 0.0263 0.1699 1.0000 1.0000 1.0000 0.0012 0.0081 0.0550 0.3755 1.0000 1.0000 0.0005 0.0032 0.0226 0.1587 1.0000 1.0000 1.0000 0.0015 0.0105 0.0753 0.5514 1.0000 0.5514 0.0753 0.0105 0.0015 1.0000 1.0000 1.0000 0.1587 0.0226 0.0032 0.0005 1.0000 1.0000 0.3755 0.0550 0.0081 0.0012 1.0000 1.0000 1.0000 0.1699 0.0263 0.0041 0.0006 1.0000 1.0000 0.6797 0.1085 0.0174 0.0028 0.0004 1.0000 1.0000 0.5043 0.0814 0.0131 0.0021 0.0003 1.0000 1.0000 0.3864 0.0624 0.0101 0.0016 0.0003 1.0000 1.0000 0.2955 0.0484 0.0062
0.0443 0.3454 1.0000 1.0000 0.0003 0.0019 0.0116 0.0717 0.4439 1.0000 1.0000 0.0004 0.0024 0.0151 0.0935 0.5794 1.0000 1.0000 0.0005 0.0032 0.0198 0.1230 0.7677 1.0000 1.0000 0.0007 0.0045 0.0283 0.1806 1.0000 1.0000 1.0000 0.0012 0.0080 0.0534 0.3595 1.0000 1.0000 0.0004 0.0029 0.0205 0.1426 0.9981 1.0000 1.0000 0.0013 0.0092 0.0653 0.4682 1.0000 1.0000 1.0000 0.4682 0.0653 0.0092 0.0013 1.0000 1.0000 0.9981 0.1426 0.0205 0.0029 0.0004 1.0000 1.0000 0.3595 0.0534 0.0080 0.0012 1.0000 1.0000 1.0000 0.1806 0.0283 0.0045 0.0007 1.0000 1.0000 0.7677 0.1230 0.0198 0.0032 0.0005 1.0000 1.0000 0.5794 0.0935 0.0151 0.0024 0.0004 1.0000 1.0000 0.4439 0.0717 0.0116 0.0019 0.0003 1.0000 1.0000 0.3454 0.0443
0.3152 1.0000 1.0000 0.0003 0.0021 0.0133 0.0823 0.5101 1.0000 1.0000 0.0005 0.0028 0.0173 0.1074 0.6657 1.0000 1.0000 0.0006 0.0037 0.0227 0.1408 0.8737 1.0000 1.0000 0.0008 0.0050 0.0312 0.1971 1.0000 1.0000 1.0000 0.0012 0.0081 0.0534 0.3540 1.0000 1.0000 0.0004 0.0027 0.0189 0.1302 0.9041 1.0000 1.0000 0.0012 0.0082 0.0575 0.4068 1.0000 1.0000 1.0000 1.0000 1.0000 0.4068 0.0575 0.0082 0.0012 1.0000 1.0000 0.9041 0.1302 0.0189 0.0027 0.0004 1.0000 1.0000 0.3540 0.0534 0.0081 0.0012 1.0000 1.0000 1.0000 0.1971 0.0312 0.0050 0.0008 1.0000 1.0000 0.8737 0.1408 0.0227 0.0037 0.0006 1.0000 1.0000 0.6657 0.1074 0.0173 0.0028 0.0005 1.0000 1.0000 0.5101 0.0823 0.0133 0.0021 0.0003 1.0000 1.0000 0.3152
1.0000 1.0000 0.0004 0.0025 0.0153 0.0946 0.5860 1.0000 1.0000 0.0005 0.0032 0.0199 0.1234 0.7648 1.0000 1.0000 0.0007 0.0042 0.0261 0.1614 1.0000 1.0000 1.0000 0.0009 0.0056 0.0349 0.2188 1.0000 1.0000 1.0000 0.0013 0.0085 0.0550 0.3595 1.0000 1.0000 0.0004 0.0026 0.0178 0.1216 0.8347 1.0000 1.0000 0.0010 0.0073 0.0511 0.3595 1.0000 1.0000 0.0005 0.0016 0.0005 1.0000 1.0000 0.3595 0.0511 0.0073 0.0010 1.0000 1.0000 0.8347 0.1216 0.0178 0.0026 0.0004 1.0000 1.0000 0.3595 0.0550 0.0085 0.0013 1.0000 1.0000 1.0000 0.2188 0.0349 0.0056 0.0009 1.0000 1.0000 1.0000 0.1614 0.0261 0.0042 0.0007 1.0000 1.0000 0.7648 0.1234 0.0199 0.0032 0.0005 1.0000 1.0000 0.5860 0.0946 0.0153 0.0025 0.0004 1.0000 1.0000
1.0000 0.0005 0.0028 0.0175 0.1087 0.6733 1.0000 1.0000 0.0006 0.0037 0.0229 0.1418 0.8787 1.0000 1.0000 0.0008 0.0048 0.0299 0.1854 1.0000 1.0000 1.0000 0.0010 0.0063 0.0394 0.2462 1.0000 1.0000 1.0000 0.0014 0.0091 0.0583 0.3755 1.0000 1.0000 0.0004 0.0026 0.0173 0.1162 0.7884 1.0000 1.0000 0.0010 0.0066 0.0459 0.3213 1.0000 1.0000 0.0004 0.0031 0.0101 0.0031 0.0004 1.0000 1.0000 0.3213 0.0459 0.0066 0.0010 1.0000 1.0000 0.7884 0.1162 0.0173 0.0026 0.0004 1.0000 1.0000 0.3755 0.0583 0.0091 0.0014 1.0000 1.0000 1.0000 0.2462 0.0394 0.0063 0.0010 1.0000 1.0000 1.0000 0.1854 0.0299 0.0048 0.0008 1.0000 1.0000 0.8787 0.1418 0.0229 0.0037 0.0006 1.0000 1.0000 0.6733 0.1087 0.0175 0.0028 0.0005 1.0000
0.0004 0.0033 0.0201 0.1249 0.7736 1.0000 1.0000 0.0007 0.0042 0.0263 0.1629 1.0000 1.0000 1.0000 0.0009 0.0056 0.0344 0.2131 1.0000 1.0000 1.0000 0.0012 0.0073 0.0450 0.2797 1.0000 1.0000 0.0003 0.0016 0.0100 0.0636 0.4037 1.0000 1.0000 0.0004 0.0026 0.0173 0.1144 0.7648 1.0000 1.0000 0.0009 0.0061 0.0420 0.2916 1.0000 1.0000 0.0004 0.0026 0.0192 0.0632 0.0192 0.0026 0.0004 1.0000 1.0000 0.2916 0.0420 0.0061 0.0009 1.0000 1.0000 0.7648 0.1144 0.0173 0.0026 0.0004 1.0000 1.0000 0.4037 0.0636 0.0100 0.0016 0.0003 1.0000 1.0000 0.2797 0.0450 0.0073 0.0012 1.0000 1.0000 1.0000 0.2131 0.0344 0.0056 0.0009 1.0000 1.0000 1.0000 0.1629 0.0263 0.0042 0.0007 1.0000 1.0000 0.7736 0.1249 0.0201 0.0033 0.0004
0.0030 0.0235 0.1432 0.8888 1.0000 1.0000 0.0008 0.0049 0.0302 0.1872 1.0000 1.0000 1.0000 0.0010 0.0064 0.0395 0.2448 1.0000 1.0000 1.0000 0.0013 0.0083 0.0516 0.3201 1.0000 1.0000 0.0003 0.0018 0.0112 0.0703 0.4431 1.0000 1.0000 0.0004 0.0027 0.0178 0.1162 0.7648 1.0000 1.0000 0.0008 0.0058 0.0393 0.2692 1.0000 1.0000 0.0003 0.0023 0.0166 0.1202 0.3953 0.1202 0.0166 0.0023 0.0003 1.0000 1.0000 0.2692 0.0393 0.0058 0.0008 1.0000 1.0000 0.7648 0.1162 0.0178 0.0027 0.0004 1.0000 1.0000 0.4431 0.0703 0.0112 0.0018 0.0003 1.0000 1.0000 0.3201 0.0516 0.0083 0.0013 1.0000 1.0000 1.0000 0.2448 0.0395 0.0064 0.0010 1.0000 1.0000 1.0000 0.1872 0.0302 0.0049 0.0008 1.0000 1.0000 0.8888 0.1432 0.0235 0.0030
0.0215 0.1673 1.0000 1.0000 1.0000 0.0009 0.0056 0.0347 0.2151 1.0000 1.0000 1.0000 0.0012 0.0073 0.0454 0.2813 1.0000 1.0000 0.0002 0.0015 0.0096 0.0592 0.3671 1.0000 1.0000 0.0003 0.0020 0.0126 0.0790 0.4948 1.0000 1.0000 0.0005 0.0029 0.0189 0.1216 0.7884 1.0000 1.0000 0.0008 0.0056 0.0376 0.2548 1.0000 1.0000 0.0003 0.0021 0.0148 0.1044 0.7561 1.0000 0.7561 0.1044 0.0148 0.0021 0.0003 1.0000 1.0000 0.2548 0.0376 0.0056 0.0008 1.0000 1.0000 0.7884 0.1216 0.0189 0.0029 0.0005 1.0000 1.0000 0.4948 0.0790 0.0126 0.0020 0.0003 1.0000 1.0000 0.3671 0.0592 0.0096 0.0015 0.0002 1.0000 1.0000 0.2813 0.0454 0.0073 0.0012 1.0000 1.0000 1.0000 0.2151 0.0347 0.0056 0.0009 1.0000 1.0000 1.0000 0.1673 0.0215
0.1527 1.0000 1.0000 1.0000 0.0010 0.0064 0.0399 0.2471 1.0000 1.0000 1.0000 0.0014 0.0084 0.0522 0.3231 1.0000 1.0000 0.0003 0.0018 0.0110 0.0681 0.4217 1.0000 1.0000 0.0004 0.0023 0.0144 0.0897 0.5577 1.0000 1.0000 0.0005 0.0032 0.0205 0.1302 0.8347 1.0000 1.0000 0.0008 0.0056 0.0370 0.2471 1.0000 1.0000 0.0003 0.0020 0.0135 0.0939 0.6606 1.0000 1.0000 1.0000 0.6606 0.0939 0.0135 0.0020 0.0003 1.0000 1.0000 0.2471 0.0370 0.0056 0.0008 1.0000 1.0000 0.8347 0.1302 0.0205 0.0032 0.0005 1.0000 1.0000 0.5577 0.0897 0.0144 0.0023 0.0004 1.0000 1.0000 0.4217 0.0681 0.0110 0.0018 0.0003 1.0000 1.0000 0.3231 0.0522 0.0084 0.0014 1.0000 1.0000 1.0000 0.2471 0.0399 0.0064 0.0010 1.0000 1.0000 1.0000 0.1527
1.0000 1.0000 1.0000 0.0012 0.0074 0.0458 0.2839 1.0000 1.0000 0.0003 0.0016 0.0097 0.0599 0.3713 1.0000 1.0000 0.0003 0.0020 0.0126 0.0782 0.4845 1.0000 1.0000 0.0004 0.0027 0.0165 0.1025 0.6347 1.0000 1.0000 0.0006 0.0036 0.0226 0.1426 0.9041 1.0000 1.0000 0.0009 0.0058 0.0376 0.2471 1.0000 1.0000 0.0003 0.0019 0.0127 0.0868 0.5984 1.0000 1.0000 0.0004 1.0000 1.0000 0.5984 0.0868 0.0127 0.0019 0.0003 1.0000 1.0000 0.2471 0.0376 0.0058 0.0009 1.0000 1.0000 0.9041 0.1426 0.0226 0.0036 0.0006 1.0000 1.0000 0.6347 0.1025 0.0165 0.0027 0.0004 1.0000 1.0000 0.4845 0.0782 0.0126 0.0020 0.0003 1.0000 1.0000 0.3713 0.0599 0.0097 0.0016 0.0003 1.0000 1.0000 0.2839 0.0458 0.0074 0.0012 1.0000 1.0000 1.0000
1.0000 1.0000 0.0014 0.0085 0.0527 0.3262 1.0000 1.0000 0.0003 0.0018 0.0111 0.0688 0.4266 1.0000 1.0000 0.0004 0.0023 0.0145 0.0899 0.5567 1.0000 1.0000 0.0005 0.0031 0.0190 0.1175 0.7279 1.0000 1.0000 0.0007 0.0041 0.0254 0.1587 0.9981 1.0000 1.0000 0.0010 0.0061 0.0393 0.2548 1.0000 1.0000 0.0003 0.0018 0.0122 0.0823 0.5609 1.0000 1.0000 0.0007 0.0023 0.0007 1.0000 1.0000 0.5609 0.0823 0.0122 0.0018 0.0003 1.0000 1.0000 0.2548 0.0393 0.0061 0.0010 1.0000 1.0000 0.9981 0.1587 0.0254 0.0041 0.0007 1.0000 1.0000 0.7279 0.1175 0.0190 0.0031 0.0005 1.0000 1.0000 0.5567 0.0899 0.0145 0.0023 0.0004 1.0000 1.0000 0.4266 0.0688 0.0111 0.0018 0.0003 1.0000 1.0000 0.3262 0.0527 0.0085 0.0014 1.0000 1.0000
0.0002 0.0016 0.0098 0.0605 0.3748 1.0000 1.0000 0.0003 0.0021 0.0128 0.0791 0.4901 1.0000 1.0000 0.0004 0.0027 0.0167 0.1032 0.6396 1.0000 1.0000 0.0006 0.0035 0.0218 0.1350 0.8363 1.0000 1.0000 0.0007 0.0046 0.0287 0.1792 1.0000 1.0000 1.0000 0.0010 0.0066 0.0420 0.2692 1.0000 1.0000 0.0003 0.0018 0.0120 0.0800 0.5380 1.0000 1.0000 0.0006 0.0046 0.0149 0.0046 0.0006 1.0000 1.0000 0.5380 0.0800 0.0120 0.0018 0.0003 1.0000 1.0000 0.2692 0.0420 0.0066 0.0010 1.0000 1.0000 1.0000 0.1792 0.0287 0.0046 0.0007 1.0000 1.0000 0.8363 0.1350 0.0218 0.0035 0.0006 1.0000 1.0000 0.6396 0.1032 0.0167 0.0027 0.0004 1.0000 1.0000 0.4901 0.0791 0.0128 0.0021 0.0003 1.0000 1.0000 0.3748 0.0605 0.0098 0.0016 0.0002
0.0015 0.0114 0.0695 0.4306 1.0000 1.0000 0.0004 0.0024 0.0147 0.0909 0.5631 1.0000 1.0000 0.0005 0.0031 0.0191 0.1186 0.7348 1.0000 1.0000 0.0007 0.0040 0.0250 0.1551 0.9608 1.0000 1.0000 0.0009 0.0053 0.0327 0.2036 1.0000 1.0000 1.0000 0.0012 0.0073 0.0459 0.2916 1.0000 1.0000 0.0003 0.0019 0.0122 0.0800 0.5298 1.0000 1.0000 0.0006 0.0041 0.0293 0.0951 0.0293 0.0041 0.0006 1.0000 1.0000 0.5298 0.0800 0.0122 0.0019 0.0003 1.0000 1.0000 0.2916 0.0459 0.0073 0.0012 1.0000 1.0000 1.0000 0.2036 0.0327 0.0053 0.0009 1.0000 1.0000 0.9608 0.1551 0.0250 0.0040 0.0007 1.0000 1.0000 0.7348 0.1186 0.0191 0.0031 0.0005 1.0000 1.0000 0.5631 0.0909 0.0147 0.0024 0.0004 1.0000 1.0000 0.4306 0.0695 0.0114 0.0015
0.0104 0.0812 0.4948 1.0000 1.0000 0.0004 0.0027 0.0169 0.1044 0.6469 1.0000 1.0000 0.0006 0.0036 0.0220 0.1363 0.8443 1.0000 1.0000 0.0007 0.0046 0.0288 0.1782 1.0000 1.0000 1.0000 0.0010 0.0061 0.0375 0.2330 1.0000 1.0000 1.0000 0.0013 0.0082 0.0511 0.3213 1.0000 1.0000 0.0003 0.0020 0.0127 0.0823 0.5380 1.0000 1.0000 0.0006 0.0039 0.0269 0.1890 0.6134 0.1890 0.0269 0.0039 0.0006 1.0000 1.0000 0.5380 0.0823 0.0127 0.0020 0.0003 1.0000 1.0000 0.3213 0.0511 0.0082 0.0013 1.0000 1.0000 1.0000 0.2330 0.0375 0.0061 0.0010 1.0000 1.0000 1.0000 0.1782 0.0288 0.0046 0.0007 1.0000 1.0000 0.8443 0.1363 0.0220 0.0036 0.0006 1.0000 1.0000 0.6469 0.1044 0.0169 0.0027 0.0004 1.0000 1.0000 0.4948 0.0812 0.0104
0.0741 0.5772 1.0000 1.0000 0.0005 0.0031 0.0194 0.1200 0.7433 1.0000 1.0000 0.0007 0.0041 0.0253 0.1566 0.9700 1.0000 1.0000 0.0009 0.0053 0.0330 0.2047 1.0000 1.0000 1.0000 0.0011 0.0070 0.0431 0.2672 1.0000 1.0000 0.0002 0.0015 0.0092 0.0575 0.3595 1.0000 1.0000 0.0003 0.0021 0.0135 0.0868 0.5609 1.0000 1.0000 0.0006 0.0039 0.0259 0.1758 1.0000 1.0000 1.0000 0.1758 0.0259 0.0039 0.0006 1.0000 1.0000 0.5609 0.0868 0.0135 0.0021 0.0003 1.0000 1.0000 0.3595 0.0575 0.0092 0.0015 0.0002 1.0000 1.0000 0.2672 0.0431 0.0070 0.0011 1.0000 1.0000 1.0000 0.2047 0.0330 0.0053 0.0009 1.0000 1.0000 0.9700 0.1566 0.0253 0.0041 0.0007 1.0000 1.0000 0.7433 0.1200 0.0194 0.0031 0.0005 1.0000 1.0000 0.5772 0.0741
0.5278 1.0000 1.0000 0.0006 0.0036 0.0222 0.1378 0.8540 1.0000 1.0000 0.0008 0.0047 0.0290 0.1799 1.0000 1.0000 1.0000 0.0010 0.0061 0.0380 0.2352 1.0000 1.0000 1.0000 0.0013 0.0080 0.0495 0.3070 1.0000 1.0000 0.0003 0.0017 0.0105 0.0653 0.4060 1.0000 1.0000 0.0004 0.0023 0.0148 0.0937 0.5984 1.0000 1.0000 0.0006 0.0039 0.0259 0.1715 1.0000 1.0000 1.0000 1.0000 1.0000 0.1719 0.0259 0.0039 0.0006 1.0000 1.0000 0.5984 0.0939 0.0148 0.0023 0.0004 1.0000 1.0000 0.4068 0.0653 0.0105 0.0017 0.0003 1.0000 1.0000 0.3075 0.0495 0.0080 0.0013 1.0000 1.0000 1.0000 0.2352 0.0380 0.0061 0.0010 1.0000 1.0000 1.0000 0.1802 0.0290 0.0047 0.0008 1.0000 1.0000 0.8540 0.1378 0.0222 0.0036 0.0006 1.0000 1.0000 0.5288
1.0000 1.0000 0.0007 0.0041 0.0256 0.1584 0.9812 1.0000 1.0000 0.0009 0.0054 0.0334 0.2067 1.0000 1.0000 1.0000 0.0011 0.0070 0.0436 0.2702 1.0000 1.0000 0.0002 0.0015 0.0092 0.0569 0.3527 1.0000 1.0000 0.0003 0.0019 0.0120 0.0746 0.4620 1.0000 1.0000 0.0004 0.0026 0.0164 0.1032 0.6531 1.0000 1.0000 0.0006 0.0041 0.0266 0.1738 1.0000 1.0000 1.0000 0.0006 1.0000 1.0000 1.0000 0.1758 0.0269 0.0041 0.0006 1.0000 1.0000 0.6606 0.1044 0.0166 0.0026 0.0004 1.0000 1.0000 0.4682 0.0753 0.0121 0.0020 0.0003 1.0000 1.0000 0.3567 0.0576 0.0093 0.0015 0.0002 1.0000 1.0000 0.2728 0.0440 0.0071 0.0011 1.0000 1.0000 1.0000 0.2090 0.0337 0.0054 0.0009 1.0000 1.0000 0.9905 0.1599 0.0258 0.0042 0.0007 1.0000 1.0000
1.0000 0.0008 0.0047 0.0294 0.1820 1.0000 1.0000 1.0000 0.0010 0.0062 0.0383 0.2375 1.0000 1.0000 1.0000 0.0013 0.0081 0.0501 0.3105 1.0000 1.0000 0.0003 0.0017 0.0106 0.0654 0.4052 1.0000 1.0000 0.0004 0.0022 0.0138 0.0855 0.5298 1.0000 1.0000 0.0005 0.0029 0.0184 0.1153 0.7238 1.0000 1.0000 0.0007 0.0044 0.0280 0.1809 1.0000 1.0000 1.0000 0.0013 0.0044 0.0014 1.0000 1.0000 1.0000 0.1890 0.0293 0.0046 0.0007 1.0000 1.0000 0.7561 0.1202 0.0192 0.0031 0.0005 1.0000 1.0000 0.5514 0.0888 0.0143 0.0023 0.0004 1.0000 1.0000 0.4217 0.0681 0.0110 0.0018 0.0003 1.0000 1.0000 0.3225 0.0521 0.0084 0.0014 1.0000 1.0000 1.0000 0.2471 0.0399 0.0064 0.0010 1.0000 1.0000 1.0000 0.1890 0.0305 0.0049 0.0008 1.0000
0.0007 0.0055 0.0337 0.2090 1.0000 1.0000 1.0000 0.0011 0.0071 0.0440 0.2728 1.0000 1.0000 0.0002 0.0015 0.0093 0.0576 0.3567 1.0000 1.0000 0.0003 0.0020 0.0121 0.0751 0.4656 1.0000 1.0000 0.0004 0.0026 0.0159 0.0983 0.6087 1.0000 1.0000 0.0005 0.0034 0.0209 0.1302 0.8128 1.0000 1.0000 0.0008 0.0047 0.0302 0.1930 1.0000 1.0000 1.0000 0.0013 0.0097 0.0197 0.0043 0.0006 1.0000 1.0000 0.6134 0.0951 0.0149 0.0023 0.0004 1.0000 1.0000 0.3953 0.0632 0.0101 0.0016 1.0000 1.0000 1.0000 0.2933 0.0472 0.0076 0.0012 1.0000 1.0000 1.0000 0.2243 0.0362 0.0058 0.0009 1.0000 1.0000 1.0000 0.1719 0.0277 0.0045 0.0007 1.0000 1.0000 0.8143 0.1314 0.0212 0.0034 0.0006 1.0000 1.0000 0.6228 0.1007 0.0162 0.0027 0.0004
0.0051 0.0395 0.2411 1.0000 1.0000 1.0000 0.0013 0.0082 0.0509 0.3152 1.0000 1.0000 0.0003 0.0017 0.0107 0.0665 0.4122 1.0000 1.0000 0.0004 0.0023 0.0140 0.0868 0.5380 1.0000 1.0000 0.0005 0.0030 0.0183 0.1135 0.7034 1.0000 1.0000 0.0006 0.0039 0.0240 0.1487 0.9267 1.0000 1.0000 0.0008 0.0053 0.0334 0.2110 1.0000 1.0000 1.0000 0.0013 0.0094 0.0363 0.0075 0.0013 1.0000 1.0000 1.0000 0.1890 0.0293 0.0046 0.0007 1.0000 1.0000 0.7561 0.1202 0.0192 0.0031 0.0005 1.0000 1.0000 0.5514 0.0888 0.0143 0.0023 0.0004 1.0000 1.0000 0.4217 0.0681 0.0110 0.0018 0.0003 1.0000 1.0000 0.3225 0.0521 0.0084 0.0014 1.0000 1.0000 1.0000 0.2471 0.0399 0.0064 0.0010 1.0000 1.0000 1.0000 0.1890 0.0305 0.0049 0.0008 1.0000
0.0363 0.2867 1.0000 1.0000 0.0003 0.0016 0.0096 0.0597 0.3699 1.0000 1.0000 0.0003 0.0020 0.0126 0.0779 0.4827 1.0000 1.0000 0.0004 0.0027 0.0164 0.1019 0.6311 1.0000 1.0000 0.0006 0.0035 0.0215 0.1329 0.8237 1.0000 1.0000 0.0007 0.0045 0.0281 0.1738 1.0000 1.0000 1.0000 0.0010 0.0061 0.0379 0.2384 1.0000 1.0000 1.0000 0.0014 0.0094 0.0653 0.0688 0.0009 1.0000 1.0000 1.0000 0.1758 0.0269 0.0041 0.0006 1.0000 1.0000 0.6606 0.1044 0.0166 0.0026 0.0004 1.0000 1.0000 0.4682 0.0753 0.0121 0.0020 0.0003 1.0000 1.0000 0.3567 0.0576 0.0093 0.0015 0.0002 1.0000 1.0000 0.2728 0.0440 0.0071 0.0011 1.0000 1.0000 1.0000 0.2090 0.0337 0.0054 0.0009 1.0000 1.0000 0.9905 0.1599 0.0258 0.0042 0.0007 1.0000 1.0000
0.1830 1.0000 1.0000 1.0000 0.0012 0.0075 0.0464 0.2877 1.0000 1.0000 1.0000 0.0016 0.0098 0.0606 0.3755 1.0000 1.0000 0.0003 0.0021 0.0128 0.0793 0.4910 1.0000 1.0000 0.0004 0.0027 0.0167 0.1034 0.6408 1.0000 1.0000 0.0006 0.0035 0.0220 0.1365 0.8491 1.0000 1.0000 0.0008 0.0048 0.0306 0.1934 1.0000 1.0000 1.0000 0.0012 0.0078 0.0515 0.3363 1.0000 1.0000 1.0000 1.0000 0.1719 0.0259 0.0039 0.0006 1.0000 1.0000 0.5984 0.0939 0.0148 0.0023 0.0004 1.0000 1.0000 0.4068 0.0653 0.0105 0.0017 0.0003 1.0000 1.0000 0.3075 0.0495 0.0080 0.0013 1.0000 1.0000 1.0000 0.2352 0.0380 0.0061 0.0010 1.0000 1.0000 1.0000 0.1802 0.0290 0.0047 0.0008 1.0000 1.0000 0.8540 0.1378 0.0222 0.0036 0.0006 1.0000 1.0000 0.5288
0.0759 0.6041 1.0000 1.0000 0.0005 0.0033 0.0204 0.1263 0.7839 1.0000 1.0000 0.0007 0.0043 0.0267 0.1651 1.0000 1.0000 1.0000 0.0009 0.0056 0.0349 0.2155 1.0000 1.0000 1.0000 0.0012 0.0073 0.0455 0.2818 1.0000 1.0000 1.0000 0.0016 0.0097 0.0608 0.3806 1.0000 1.0000 0.0004 0.0022 0.0144 0.0921 0.5950 1.0000 1.0000 0.0006 0.0041 0.0276 0.1894 1.0000 1.0000 1.0000 0.1758 0.0259 0.0039 0.0006 1.0000 1.0000 0.5609 0.0868 0.0135 0.0021 0.0003 1.0000 1.0000 0.3595 0.0575 0.0092 0.0015 0.0002 1.0000 1.0000 0.2672 0.0431 0.0070 0.0011 1.0000 1.0000 1.0000 0.2047 0.0330 0.0053 0.0009 1.0000 1.0000 0.9700 0.1566 0.0253 0.0041 0.0007 1.0000 1.0000 0.7433 0.1200 0.0194 0.0031 0.0005 1.0000 1.0000 0.5772 0.0741
0.0105 0.0822 0.5014 1.0000 1.0000 0.0004 0.0028 0.0171 0.1060 0.6569 1.0000 1.0000 0.0006 0.0036 0.0224 0.1384 0.8589 1.0000 1.0000 0.0008 0.0047 0.0292 0.1809 1.0000 1.0000 1.0000 0.0010 0.0062 0.0381 0.2366 1.0000 1.0000 1.0000 0.0013 0.0083 0.0520 0.3268 1.0000 1.0000 0.0003 0.0020 0.0129 0.0837 0.5472 1.0000 1.0000 0.0006 0.0040 0.0274 0.1937 0.6204 0.1890 0.0269 0.0039 0.0006 1.0000 1.0000 0.5380 0.0823 0.0127 0.0020 0.0003 1.0000 1.0000 0.3213 0.0511 0.0082 0.0013 1.0000 1.0000 1.0000 0.2330 0.0375 0.0061 0.0010 1.0000 1.0000 1.0000 0.1782 0.0288 0.0046 0.0007 1.0000 1.0000 0.8443 0.1363 0.0220 0.0036 0.0006 1.0000 1.0000 0.6469 0.1044 0.0169 0.0027 0.0004 1.0000 1.0000 0.4948 0.0812 0.0104
