0.0006 0.0050 0.0358 0.2557 1.0000 1.0000 0.0003 0.0025 0.0174 0.1241 0.8837 1.0000 1.0000 0.0012 0.0085 0.0603 0.4282 1.0000 1.0000 0.0006 0.0041 0.0292 0.2079 1.0000 1.0000 0.0003 0.0020 0.0142 0.1007 0.7183 1.0000 1.0000 0.0010 0.0069 0.0489 0.3480 1.0000 1.0000 0.0005 0.0033 0.0237 0.1689 1.0000 1.0000 0.0002 0.0016 0.0115 0.0820 0.5860 1.0000 1.0000 1.0000 0.5860 0.0820 0.0115 0.0016 0.0002 1.0000 1.0000 0.1689 0.0237 0.0033 0.0005 1.0000 1.0000 0.3480 0.0489 0.0069 0.0010 1.0000 1.0000 0.7183 0.1007 0.0142 0.0020 0.0003 1.0000 1.0000 0.2079 0.0292 0.0041 0.0006 1.0000 1.0000 0.4282 0.0603 0.0085 0.0012 1.0000 1.0000 0.8837 0.1241 0.0174 0.0025 0.0003 1.0000 1.0000 0.2557 0.0358 0.0050 0.0006
0.0050 0.0422 0.2877 1.0000 1.0000 0.0004 0.0027 0.0191 0.1360 0.9682 1.0000 1.0000 0.0013 0.0093 0.0659 0.4691 1.0000 1.0000 0.0006 0.0045 0.0319 0.2277 1.0000 1.0000 0.0003 0.0022 0.0155 0.1103 0.7854 1.0000 1.0000 0.0011 0.0075 0.0536 0.3806 1.0000 1.0000 0.0005 0.0036 0.0260 0.1847 1.0000 1.0000 0.0002 0.0018 0.0126 0.0895 0.6384 1.0000 1.0000 0.0004 1.0000 1.0000 0.6384 0.0895 0.0126 0.0018 0.0002 1.0000 1.0000 0.1847 0.0260 0.0036 0.0005 1.0000 1.0000 0.3806 0.0536 0.0075 0.0011 1.0000 1.0000 0.7854 0.1103 0.0155 0.0022 0.0003 1.0000 1.0000 0.2277 0.0319 0.0045 0.0006 1.0000 1.0000 0.4691 0.0659 0.0093 0.0013 1.0000 1.0000 0.9682 0.1360 0.0191 0.0027 0.0004 1.0000 1.0000 0.2877 0.0422 0.0050
0.0358 0.2877 1.0000 1.0000 0.0003 0.0023 0.0165 0.1170 0.8315 1.0000 1.0000 0.0011 0.0079 0.0564 0.4014 1.0000 1.0000 0.0005 0.0038 0.0274 0.1948 1.0000 1.0000 0.0003 0.0019 0.0133 0.0944 0.6720 1.0000 1.0000 0.0009 0.0064 0.0458 0.3262 1.0000 1.0000 0.0004 0.0031 0.0222 0.1581 1.0000 1.0000 1.0000 0.0015 0.0108 0.0767 0.5462 1.0000 1.0000 0.0008 0.0025 0.0008 1.0000 1.0000 0.5462 0.0767 0.0108 0.0015 1.0000 1.0000 1.0000 0.1581 0.0222 0.0031 0.0004 1.0000 1.0000 0.3262 0.0458 0.0064 0.0009 1.0000 1.0000 0.6720 0.0944 0.0133 0.0019 0.0003 1.0000 1.0000 0.1948 0.0274 0.0038 0.0005 1.0000 1.0000 0.4014 0.0564 0.0079 0.0011 1.0000 1.0000 0.8315 0.1170 0.0165 0.0023 0.0003 1.0000 1.0000 0.2877 0.0358
0.2557 1.0000 1.0000 0.0003 0.0022 0.0150 0.1044 0.7348 1.0000 1.0000 0.0010 0.0069 0.0492 0.3500 1.0000 1.0000 0.0005 0.0033 0.0238 0.1696 1.0000 1.0000 1.0000 0.0016 0.0116 0.0823 0.5860 1.0000 1.0000 0.0008 0.0056 0.0399 0.2839 1.0000 1.0000 0.0004 0.0027 0.0194 0.1378 0.9812 1.0000 1.0000 0.0013 0.0094 0.0668 0.4754 1.0000 1.0000 0.0006 0.0047 0.0156 0.0047 0.0006 1.0000 1.0000 0.4754 0.0668 0.0094 0.0013 1.0000 1.0000 0.9812 0.1378 0.0194 0.0027 0.0004 1.0000 1.0000 0.2839 0.0399 0.0056 0.0008 1.0000 1.0000 0.5860 0.0823 0.0116 0.0016 1.0000 1.0000 1.0000 0.1696 0.0238 0.0033 0.0005 1.0000 1.0000 0.3500 0.0492 0.0069 0.0010 1.0000 1.0000 0.7348 0.1044 0.0150 0.0022 0.0003 1.0000 1.0000 0.2557
1.0000 1.0000 0.0003 0.0022 0.0144 0.0973 0.6695 1.0000 1.0000 0.0009 0.0061 0.0430 0.3052 1.0000 1.0000 0.0004 0.0029 0.0207 0.1476 1.0000 1.0000 1.0000 0.0014 0.0101 0.0717 0.5101 1.0000 1.0000 0.0007 0.0049 0.0347 0.2471 1.0000 1.0000 0.0003 0.0024 0.0169 0.1200 0.8540 1.0000 1.0000 0.0011 0.0082 0.0581 0.4138 1.0000 1.0000 0.0006 0.0040 0.0293 0.0966 0.0293 0.0040 0.0006 1.0000 1.0000 0.4138 0.0581 0.0082 0.0011 1.0000 1.0000 0.8540 0.1200 0.0169 0.0024 0.0003 1.0000 1.0000 0.2471 0.0347 0.0049 0.0007 1.0000 1.0000 0.5101 0.0717 0.0101 0.0014 1.0000 1.0000 1.0000 0.1476 0.0207 0.0029 0.0004 1.0000 1.0000 0.3052 0.0430 0.0061 0.0009 1.0000 1.0000 0.6695 0.0973 0.0144 0.0022 0.0003 1.0000 1.0000
1.0000 0.0004 0.0023 0.0150 0.0973 0.6457 1.0000 1.0000 0.0008 0.0054 0.0380 0.2682 1.0000 1.0000 0.0004 0.0025 0.0180 0.1285 0.9145 1.0000 1.0000 0.0012 0.0088 0.0624 0.4439 1.0000 1.0000 0.0006 0.0042 0.0302 0.2151 1.0000 1.0000 0.0003 0.0021 0.0147 0.1044 0.7433 1.0000 1.0000 0.0010 0.0071 0.0506 0.3601 1.0000 1.0000 0.0005 0.0035 0.0248 0.1816 0.5995 0.1816 0.0248 0.0035 0.0005 1.0000 1.0000 0.3601 0.0506 0.0071 0.0010 1.0000 1.0000 0.7433 0.1044 0.0147 0.0021 0.0003 1.0000 1.0000 0.2151 0.0302 0.0042 0.0006 1.0000 1.0000 0.4439 0.0624 0.0088 0.0012 1.0000 1.0000 0.9145 0.1285 0.0180 0.0025 0.0004 1.0000 1.0000 0.2682 0.0380 0.0054 0.0008 1.0000 1.0000 0.6457 0.0973 0.0150 0.0023 0.0004 1.0000
0.0003 0.0027 0.0165 0.1044 0.6695 1.0000 1.0000 0.0007 0.0050 0.0344 0.2402 1.0000 1.0000 0.0003 0.0022 0.0158 0.1120 0.7960 1.0000 1.0000 0.0011 0.0076 0.0543 0.3864 1.0000 1.0000 0.0005 0.0037 0.0263 0.1872 1.0000 1.0000 0.0003 0.0018 0.0128 0.0909 0.6469 1.0000 1.0000 0.0009 0.0062 0.0440 0.3135 1.0000 1.0000 0.0004 0.0030 0.0214 0.1536 1.0000 1.0000 1.0000 0.1536 0.0214 0.0030 0.0004 1.0000 1.0000 0.3135 0.0440 0.0062 0.0009 1.0000 1.0000 0.6469 0.0909 0.0128 0.0018 0.0003 1.0000 1.0000 0.1872 0.0263 0.0037 0.0005 1.0000 1.0000 0.3864 0.0543 0.0076 0.0011 1.0000 1.0000 0.7960 0.1120 0.0158 0.0022 0.0003 1.0000 1.0000 0.2402 0.0344 0.0050 0.0007 1.0000 1.0000 0.6695 0.1044 0.0165 0.0027 0.0003
0.0025 0.0191 0.1170 0.7348 1.0000 1.0000 0.0007 0.0048 0.0325 0.2222 1.0000 1.0000 0.0003 0.0020 0.0139 0.0981 0.6954 1.0000 1.0000 0.0009 0.0066 0.0472 0.3363 1.0000 1.0000 0.0005 0.0032 0.0229 0.1629 1.0000 1.0000 1.0000 0.0016 0.0111 0.0791 0.5631 1.0000 1.0000 0.0008 0.0054 0.0383 0.2728 1.0000 1.0000 0.0004 0.0026 0.0186 0.1324 0.9518 1.0000 1.0000 1.0000 0.9518 0.1324 0.0186 0.0026 0.0004 1.0000 1.0000 0.2728 0.0383 0.0054 0.0008 1.0000 1.0000 0.5631 0.0791 0.0111 0.0016 1.0000 1.0000 1.0000 0.1629 0.0229 0.0032 0.0005 1.0000 1.0000 0.3363 0.0472 0.0066 0.0009 1.0000 1.0000 0.6954 0.0981 0.0139 0.0020 0.0003 1.0000 1.0000 0.2222 0.0325 0.0048 0.0007 1.0000 1.0000 0.7348 0.1170 0.0191 0.0025
0.0174 0.1360 0.8315 1.0000 1.0000 0.0008 0.0050 0.0325 0.2155 1.0000 1.0000 0.0003 0.0018 0.0123 0.0868 0.6122 1.0000 1.0000 0.0008 0.0058 0.0411 0.2927 1.0000 1.0000 0.0004 0.0028 0.0199 0.1418 1.0000 1.0000 1.0000 0.0014 0.0097 0.0688 0.4901 1.0000 1.0000 0.0007 0.0047 0.0334 0.2375 1.0000 1.0000 0.0003 0.0023 0.0162 0.1153 0.8205 1.0000 1.0000 0.0005 1.0000 1.0000 0.8205 0.1153 0.0162 0.0023 0.0003 1.0000 1.0000 0.2375 0.0334 0.0047 0.0007 1.0000 1.0000 0.4901 0.0688 0.0097 0.0014 1.0000 1.0000 1.0000 0.1418 0.0199 0.0028 0.0004 1.0000 1.0000 0.2927 0.0411 0.0058 0.0008 1.0000 1.0000 0.6122 0.0868 0.0123 0.0018 0.0003 1.0000 1.0000 0.2155 0.0325 0.0050 0.0008 1.0000 1.0000 0.8315 0.1360 0.0174
0.1241 0.9682 1.0000 1.0000 0.0009 0.0054 0.0344 0.2222 1.0000 1.0000 0.0002 0.0016 0.0113 0.0785 0.5472 1.0000 1.0000 0.0007 0.0051 0.0359 0.2553 1.0000 1.0000 0.0003 0.0024 0.0173 0.1234 0.8787 1.0000 1.0000 0.0012 0.0084 0.0599 0.4266 1.0000 1.0000 0.0006 0.0041 0.0290 0.2067 1.0000 1.0000 0.0003 0.0020 0.0141 0.1003 0.7142 1.0000 1.0000 0.0010 0.0033 0.0010 1.0000 1.0000 0.7142 0.1003 0.0141 0.0020 0.0003 1.0000 1.0000 0.2067 0.0290 0.0041 0.0006 1.0000 1.0000 0.4266 0.0599 0.0084 0.0012 1.0000 1.0000 0.8787 0.1234 0.0173 0.0024 0.0003 1.0000 1.0000 0.2553 0.0359 0.0051 0.0007 1.0000 1.0000 0.5472 0.0785 0.0113 0.0016 0.0002 1.0000 1.0000 0.2222 0.0344 0.0054 0.0009 1.0000 1.0000 0.9682 0.1241
0.8837 1.0000 1.0000 0.0010 0.0061 0.0380 0.2402 1.0000 1.0000 0.0002 0.0016 0.0108 0.0732 0.5024 1.0000 1.0000 0.0006 0.0045 0.0316 0.2230 1.0000 1.0000 0.0003 0.0021 0.0151 0.1074 0.7648 1.0000 1.0000 0.0010 0.0073 0.0522 0.3713 1.0000 1.0000 0.0005 0.0036 0.0253 0.1799 1.0000 1.0000 0.0002 0.0017 0.0123 0.0873 0.6216 1.0000 1.0000 0.0008 0.0062 0.0204 0.0062 0.0008 1.0000 1.0000 0.6216 0.0873 0.0123 0.0017 0.0002 1.0000 1.0000 0.1799 0.0253 0.0036 0.0005 1.0000 1.0000 0.3713 0.0522 0.0073 0.0010 1.0000 1.0000 0.7648 0.1074 0.0151 0.0021 0.0003 1.0000 1.0000 0.2230 0.0316 0.0045 0.0006 1.0000 1.0000 0.5024 0.0732 0.0108 0.0016 0.0002 1.0000 1.0000 0.2402 0.0380 0.0061 0.0010 1.0000 1.0000 0.8837
1.0000 1.0000 0.0011 0.0069 0.0430 0.2682 1.0000 1.0000 0.0003 0.0016 0.0108 0.0714 0.4790 1.0000 1.0000 0.0006 0.0040 0.0281 0.1975 1.0000 1.0000 0.0003 0.0019 0.0132 0.0935 0.6657 1.0000 1.0000 0.0009 0.0064 0.0454 0.3231 1.0000 1.0000 0.0004 0.0031 0.0220 0.1566 1.0000 1.0000 1.0000 0.0015 0.0107 0.0760 0.5410 1.0000 1.0000 0.0007 0.0052 0.0383 0.1263 0.0383 0.0052 0.0007 1.0000 1.0000 0.5410 0.0760 0.0107 0.0015 1.0000 1.0000 1.0000 0.1566 0.0220 0.0031 0.0004 1.0000 1.0000 0.3231 0.0454 0.0064 0.0009 1.0000 1.0000 0.6657 0.0935 0.0132 0.0019 0.0003 1.0000 1.0000 0.1975 0.0281 0.0040 0.0006 1.0000 1.0000 0.4790 0.0714 0.0108 0.0016 0.0003 1.0000 1.0000 0.2682 0.0430 0.0069 0.0011 1.0000 1.0000
1.0000 0.0013 0.0079 0.0492 0.3052 1.0000 1.0000 0.0003 0.0018 0.0113 0.0732 0.4790 1.0000 1.0000 0.0005 0.0037 0.0255 0.1775 1.0000 1.0000 1.0000 0.0016 0.0115 0.0817 0.5805 1.0000 1.0000 0.0008 0.0056 0.0395 0.2813 1.0000 1.0000 0.0004 0.0027 0.0191 0.1363 0.9700 1.0000 1.0000 0.0013 0.0093 0.0662 0.4709 1.0000 1.0000 0.0006 0.0045 0.0324 0.2375 0.7824 0.2375 0.0324 0.0045 0.0006 1.0000 1.0000 0.4709 0.0662 0.0093 0.0013 1.0000 1.0000 0.9700 0.1363 0.0191 0.0027 0.0004 1.0000 1.0000 0.2813 0.0395 0.0056 0.0008 1.0000 1.0000 0.5805 0.0817 0.0115 0.0016 1.0000 1.0000 1.0000 0.1775 0.0255 0.0037 0.0005 1.0000 1.0000 0.4790 0.0732 0.0113 0.0018 0.0003 1.0000 1.0000 0.3052 0.0492 0.0079 0.0013 1.0000
0.0012 0.0093 0.0564 0.3500 1.0000 1.0000 0.0003 0.0020 0.0123 0.0785 0.5024 1.0000 1.0000 0.0005 0.0035 0.0240 0.1639 1.0000 1.0000 1.0000 0.0014 0.0102 0.0718 0.5081 1.0000 1.0000 0.0007 0.0048 0.0344 0.2448 1.0000 1.0000 0.0003 0.0023 0.0167 0.1186 0.8443 1.0000 1.0000 0.0011 0.0081 0.0576 0.4099 1.0000 1.0000 0.0006 0.0039 0.0280 0.2009 1.0000 1.0000 1.0000 0.2009 0.0280 0.0039 0.0006 1.0000 1.0000 0.4099 0.0576 0.0081 0.0011 1.0000 1.0000 0.8443 0.1186 0.0167 0.0023 0.0003 1.0000 1.0000 0.2448 0.0344 0.0048 0.0007 1.0000 1.0000 0.5081 0.0718 0.0102 0.0014 1.0000 1.0000 1.0000 0.1639 0.0240 0.0035 0.0005 1.0000 1.0000 0.5024 0.0785 0.0123 0.0020 0.0003 1.0000 1.0000 0.3500 0.0564 0.0093 0.0012
0.0085 0.0659 0.4014 1.0000 1.0000 0.0004 0.0022 0.0139 0.0868 0.5472 1.0000 1.0000 0.0005 0.0035 0.0235 0.1572 1.0000 1.0000 1.0000 0.0013 0.0091 0.0638 0.4490 1.0000 1.0000 0.0006 0.0042 0.0300 0.2131 1.0000 1.0000 0.0003 0.0020 0.0145 0.1032 0.7348 1.0000 1.0000 0.0010 0.0070 0.0501 0.3567 1.0000 1.0000 0.0005 0.0034 0.0243 0.1728 1.0000 1.0000 1.0000 1.0000 1.0000 0.1728 0.0243 0.0034 0.0005 1.0000 1.0000 0.3567 0.0501 0.0070 0.0010 1.0000 1.0000 0.7348 0.1032 0.0145 0.0020 0.0003 1.0000 1.0000 0.2131 0.0300 0.0042 0.0006 1.0000 1.0000 0.4490 0.0638 0.0091 0.0013 1.0000 1.0000 1.0000 0.1572 0.0235 0.0035 0.0005 1.0000 1.0000 0.5472 0.0868 0.0139 0.0022 0.0004 1.0000 1.0000 0.4014 0.0659 0.0085
0.0603 0.4691 1.0000 1.0000 0.0004 0.0025 0.0158 0.0981 0.6122 1.0000 1.0000 0.0006 0.0037 0.0240 0.1572 1.0000 1.0000 1.0000 0.0012 0.0083 0.0576 0.4021 1.0000 1.0000 0.0005 0.0037 0.0262 0.1862 1.0000 1.0000 0.0002 0.0018 0.0126 0.0899 0.6396 1.0000 1.0000 0.0009 0.0061 0.0436 0.3105 1.0000 1.0000 0.0004 0.0030 0.0211 0.1504 1.0000 1.0000 1.0000 0.0007 1.0000 1.0000 1.0000 0.1504 0.0211 0.0030 0.0004 1.0000 1.0000 0.3105 0.0436 0.0061 0.0009 1.0000 1.0000 0.6396 0.0899 0.0126 0.0018 0.0002 1.0000 1.0000 0.1862 0.0262 0.0037 0.0005 1.0000 1.0000 0.4021 0.0576 0.0083 0.0012 1.0000 1.0000 1.0000 0.1572 0.0240 0.0037 0.0006 1.0000 1.0000 0.6122 0.0981 0.0158 0.0025 0.0004 1.0000 1.0000 0.4691 0.0603
0.4282 1.0000 1.0000 0.0005 0.0029 0.0180 0.1120 0.6954 1.0000 1.0000 0.0006 0.0040 0.0255 0.1639 1.0000 1.0000 1.0000 0.0012 0.0078 0.0535 0.3678 1.0000 1.0000 0.0005 0.0033 0.0231 0.1633 1.0000 1.0000 1.0000 0.0015 0.0110 0.0782 0.5567 1.0000 1.0000 0.0007 0.0053 0.0380 0.2702 1.0000 1.0000 0.0004 0.0026 0.0184 0.1309 0.9321 1.0000 1.0000 0.0013 0.0043 0.0013 1.0000 1.0000 0.9321 0.1309 0.0184 0.0026 0.0004 1.0000 1.0000 0.2702 0.0380 0.0053 0.0007 1.0000 1.0000 0.5567 0.0782 0.0110 0.0015 1.0000 1.0000 1.0000 0.1633 0.0231 0.0033 0.0005 1.0000 1.0000 0.3678 0.0535 0.0078 0.0012 1.0000 1.0000 1.0000 0.1639 0.0255 0.0040 0.0006 1.0000 1.0000 0.6954 0.1120 0.0180 0.0029 0.0005 1.0000 1.0000 0.4282
1.0000 1.0000 0.0005 0.0033 0.0207 0.1285 0.7960 1.0000 1.0000 0.0007 0.0045 0.0281 0.1775 1.0000 1.0000 1.0000 0.0012 0.0077 0.0514 0.3480 1.0000 1.0000 0.0004 0.0029 0.0206 0.1445 1.0000 1.0000 1.0000 0.0013 0.0096 0.0682 0.4845 1.0000 1.0000 0.0007 0.0046 0.0330 0.2352 1.0000 1.0000 0.0003 0.0022 0.0160 0.1140 0.8112 1.0000 1.0000 0.0011 0.0081 0.0267 0.0081 0.0011 1.0000 1.0000 0.8112 0.1140 0.0160 0.0022 0.0003 1.0000 1.0000 0.2352 0.0330 0.0046 0.0007 1.0000 1.0000 0.4845 0.0682 0.0096 0.0013 1.0000 1.0000 1.0000 0.1445 0.0206 0.0029 0.0004 1.0000 1.0000 0.3480 0.0514 0.0077 0.0012 1.0000 1.0000 1.0000 0.1775 0.0281 0.0045 0.0007 1.0000 1.0000 0.7960 0.1285 0.0207 0.0033 0.0005 1.0000 1.0000
1.0000 0.0006 0.0038 0.0238 0.1476 0.9145 1.0000 1.0000 0.0008 0.0051 0.0316 0.1975 1.0000 1.0000 1.0000 0.0012 0.0078 0.0514 0.3408 1.0000 1.0000 0.0004 0.0027 0.0187 0.1302 0.9110 1.0000 1.0000 0.0012 0.0084 0.0596 0.4233 1.0000 1.0000 0.0006 0.0040 0.0288 0.2047 1.0000 1.0000 0.0003 0.0020 0.0139 0.0992 0.7061 1.0000 1.0000 0.0010 0.0068 0.0500 0.1648 0.0500 0.0068 0.0010 1.0000 1.0000 0.7061 0.0992 0.0139 0.0020 0.0003 1.0000 1.0000 0.2047 0.0288 0.0040 0.0006 1.0000 1.0000 0.4233 0.0596 0.0084 0.0012 1.0000 1.0000 0.9110 0.1302 0.0187 0.0027 0.0004 1.0000 1.0000 0.3408 0.0514 0.0078 0.0012 1.0000 1.0000 1.0000 0.1975 0.0316 0.0051 0.0008 1.0000 1.0000 0.9145 0.1476 0.0238 0.0038 0.0006 1.0000
0.0006 0.0045 0.0274 0.1696 1.0000 1.0000 1.0000 0.0009 0.0058 0.0359 0.2230 1.0000 1.0000 1.0000 0.0013 0.0083 0.0535 0.3480 1.0000 1.0000 0.0004 0.0026 0.0174 0.1195 0.8268 1.0000 1.0000 0.0011 0.0074 0.0525 0.3713 1.0000 1.0000 0.0005 0.0035 0.0250 0.1782 1.0000 1.0000 0.0002 0.0017 0.0121 0.0863 0.6146 1.0000 1.0000 0.0008 0.0059 0.0423 0.3099 1.0000 0.3099 0.0423 0.0059 0.0008 1.0000 1.0000 0.6146 0.0863 0.0121 0.0017 0.0002 1.0000 1.0000 0.1782 0.0250 0.0035 0.0005 1.0000 1.0000 0.3713 0.0525 0.0074 0.0011 1.0000 1.0000 0.8268 0.1195 0.0174 0.0026 0.0004 1.0000 1.0000 0.3480 0.0535 0.0083 0.0013 1.0000 1.0000 1.0000 0.2230 0.0359 0.0058 0.0009 1.0000 1.0000 1.0000 0.1696 0.0274 0.0045 0.0006
0.0041 0.0319 0.1948 1.0000 1.0000 1.0000 0.0011 0.0066 0.0411 0.2553 1.0000 1.0000 1.0000 0.0014 0.0091 0.0576 0.3678 1.0000 1.0000 0.0004 0.0025 0.0168 0.1133 0.7721 1.0000 1.0000 0.0010 0.0066 0.0466 0.3281 1.0000 1.0000 0.0004 0.0031 0.0218 0.1551 1.0000 1.0000 1.0000 0.0015 0.0106 0.0751 0.5349 1.0000 1.0000 0.0007 0.0051 0.0365 0.2621 1.0000 1.0000 1.0000 0.2621 0.0365 0.0051 0.0007 1.0000 1.0000 0.5349 0.0751 0.0106 0.0015 1.0000 1.0000 1.0000 0.1551 0.0218 0.0031 0.0004 1.0000 1.0000 0.3281 0.0466 0.0066 0.0010 1.0000 1.0000 0.7721 0.1133 0.0168 0.0025 0.0004 1.0000 1.0000 0.3678 0.0576 0.0091 0.0014 1.0000 1.0000 1.0000 0.2553 0.0411 0.0066 0.0011 1.0000 1.0000 1.0000 0.1948 0.0319 0.0041
0.0292 0.2277 1.0000 1.0000 1.0000 0.0012 0.0076 0.0472 0.2927 1.0000 1.0000 0.0003 0.0016 0.0102 0.0638 0.4021 1.0000 1.0000 0.0004 0.0026 0.0168 0.1112 0.7447 1.0000 1.0000 0.0009 0.0061 0.0421 0.2938 1.0000 1.0000 0.0004 0.0027 0.0191 0.1355 0.9627 1.0000 1.0000 0.0013 0.0092 0.0654 0.4656 1.0000 1.0000 0.0006 0.0045 0.0317 0.2260 1.0000 1.0000 1.0000 1.0000 1.0000 0.2260 0.0317 0.0045 0.0006 1.0000 1.0000 0.4656 0.0654 0.0092 0.0013 1.0000 1.0000 0.9627 0.1355 0.0191 0.0027 0.0004 1.0000 1.0000 0.2938 0.0421 0.0061 0.0009 1.0000 1.0000 0.7447 0.1112 0.0168 0.0026 0.0004 1.0000 1.0000 0.4021 0.0638 0.0102 0.0016 0.0003 1.0000 1.0000 0.2927 0.0472 0.0076 0.0012 1.0000 1.0000 1.0000 0.2277 0.0292
0.2079 1.0000 1.0000 1.0000 0.0014 0.0088 0.0543 0.3363 1.0000 1.0000 0.0003 0.0019 0.0115 0.0718 0.4490 1.0000 1.0000 0.0004 0.0027 0.0174 0.1133 0.7447 1.0000 1.0000 0.0008 0.0057 0.0388 0.2682 1.0000 1.0000 0.0003 0.0024 0.0168 0.1191 0.8427 1.0000 1.0000 0.0011 0.0080 0.0569 0.4052 1.0000 1.0000 0.0005 0.0039 0.0276 0.1967 1.0000 1.0000 0.0003 0.0009 0.0003 1.0000 1.0000 0.1967 0.0276 0.0039 0.0005 1.0000 1.0000 0.4052 0.0569 0.0080 0.0011 1.0000 1.0000 0.8427 0.1191 0.0168 0.0024 0.0003 1.0000 1.0000 0.2682 0.0388 0.0057 0.0008 1.0000 1.0000 0.7447 0.1133 0.0174 0.0027 0.0004 1.0000 1.0000 0.4490 0.0718 0.0115 0.0019 0.0003 1.0000 1.0000 0.3363 0.0543 0.0088 0.0014 1.0000 1.0000 1.0000 0.2079
1.0000 1.0000 0.0003 0.0016 0.0101 0.0624 0.3864 1.0000 1.0000 0.0003 0.0021 0.0132 0.0817 0.5081 1.0000 1.0000 0.0005 0.0029 0.0187 0.1195 0.7721 1.0000 1.0000 0.0008 0.0055 0.0368 0.2504 1.0000 1.0000 0.0003 0.0021 0.0150 0.1054 0.7433 1.0000 1.0000 0.0010 0.0070 0.0496 0.3527 1.0000 1.0000 0.0005 0.0034 0.0241 0.1712 1.0000 1.0000 1.0000 0.0017 0.0056 0.0017 1.0000 1.0000 1.0000 0.1712 0.0241 0.0034 0.0005 1.0000 1.0000 0.3527 0.0496 0.0070 0.0010 1.0000 1.0000 0.7433 0.1054 0.0150 0.0021 0.0003 1.0000 1.0000 0.2504 0.0368 0.0055 0.0008 1.0000 1.0000 0.7721 0.1195 0.0187 0.0029 0.0005 1.0000 1.0000 0.5081 0.0817 0.0132 0.0021 0.0003 1.0000 1.0000 0.3864 0.0624 0.0101 0.0016 0.0003 1.0000 1.0000
1.0000 0.0003 0.0019 0.0116 0.0717 0.4439 1.0000 1.0000 0.0004 0.0024 0.0151 0.0935 0.5805 1.0000 1.0000 0.0005 0.0033 0.0206 0.1302 0.8268 1.0000 1.0000 0.0008 0.0055 0.0362 0.2420 1.0000 1.0000 0.0003 0.0020 0.0136 0.0948 0.6631 1.0000 1.0000 0.0009 0.0061 0.0434 0.3081 1.0000 1.0000 0.0004 0.0029 0.0209 0.1490 1.0000 1.0000 1.0000 0.0014 0.0106 0.0348 0.0106 0.0014 1.0000 1.0000 1.0000 0.1490 0.0209 0.0029 0.0004 1.0000 1.0000 0.3081 0.0434 0.0061 0.0009 1.0000 1.0000 0.6631 0.0948 0.0136 0.0020 0.0003 1.0000 1.0000 0.2420 0.0362 0.0055 0.0008 1.0000 1.0000 0.8268 0.1302 0.0206 0.0033 0.0005 1.0000 1.0000 0.5805 0.0935 0.0151 0.0024 0.0004 1.0000 1.0000 0.4439 0.0717 0.0116 0.0019 0.0003 1.0000
0.0003 0.0022 0.0133 0.0823 0.5101 1.0000 1.0000 0.0005 0.0028 0.0173 0.1074 0.6657 1.0000 1.0000 0.0006 0.0037 0.0231 0.1445 0.9110 1.0000 1.0000 0.0009 0.0057 0.0368 0.2420 1.0000 1.0000 0.0003 0.0018 0.0126 0.0867 0.6018 1.0000 1.0000 0.0008 0.0054 0.0382 0.2702 1.0000 1.0000 0.0004 0.0026 0.0182 0.1297 0.9232 1.0000 1.0000 0.0012 0.0089 0.0654 0.2155 0.0654 0.0089 0.0012 1.0000 1.0000 0.9232 0.1297 0.0182 0.0026 0.0004 1.0000 1.0000 0.2702 0.0382 0.0054 0.0008 1.0000 1.0000 0.6018 0.0867 0.0126 0.0018 0.0003 1.0000 1.0000 0.2420 0.0368 0.0057 0.0009 1.0000 1.0000 0.9110 0.1445 0.0231 0.0037 0.0006 1.0000 1.0000 0.6657 0.1074 0.0173 0.0028 0.0005 1.0000 1.0000 0.5101 0.0823 0.0133 0.0022 0.0003
0.0020 0.0155 0.0944 0.5860 1.0000 1.0000 0.0005 0.0032 0.0199 0.1234 0.7648 1.0000 1.0000 0.0007 0.0042 0.0262 0.1633 1.0000 1.0000 1.0000 0.0010 0.0061 0.0388 0.2504 1.0000 1.0000 0.0003 0.0018 0.0120 0.0814 0.5567 1.0000 1.0000 0.0007 0.0048 0.0339 0.2388 1.0000 1.0000 0.0003 0.0022 0.0159 0.1129 0.8036 1.0000 1.0000 0.0011 0.0077 0.0553 0.4052 1.0000 0.4052 0.0553 0.0077 0.0011 1.0000 1.0000 0.8036 0.1129 0.0159 0.0022 0.0003 1.0000 1.0000 0.2388 0.0339 0.0048 0.0007 1.0000 1.0000 0.5567 0.0814 0.0120 0.0018 0.0003 1.0000 1.0000 0.2504 0.0388 0.0061 0.0010 1.0000 1.0000 1.0000 0.1633 0.0262 0.0042 0.0007 1.0000 1.0000 0.7648 0.1234 0.0199 0.0032 0.0005 1.0000 1.0000 0.5860 0.0944 0.0155 0.0020
0.0142 0.1103 0.6720 1.0000 1.0000 0.0006 0.0037 0.0229 0.1418 0.8787 1.0000 1.0000 0.0008 0.0048 0.0300 0.1862 1.0000 1.0000 1.0000 0.0011 0.0066 0.0421 0.2682 1.0000 1.0000 0.0003 0.0018 0.0118 0.0788 0.5308 1.0000 1.0000 0.0006 0.0044 0.0306 0.2135 1.0000 1.0000 0.0003 0.0020 0.0139 0.0984 0.7007 1.0000 1.0000 0.0009 0.0067 0.0477 0.3428 1.0000 1.0000 1.0000 0.3428 0.0477 0.0067 0.0009 1.0000 1.0000 0.7007 0.0984 0.0139 0.0020 0.0003 1.0000 1.0000 0.2135 0.0306 0.0044 0.0006 1.0000 1.0000 0.5308 0.0788 0.0118 0.0018 0.0003 1.0000 1.0000 0.2682 0.0421 0.0066 0.0011 1.0000 1.0000 1.0000 0.1862 0.0300 0.0048 0.0008 1.0000 1.0000 0.8787 0.1418 0.0229 0.0037 0.0006 1.0000 1.0000 0.6720 0.1103 0.0142
0.1007 0.7854 1.0000 1.0000 0.0007 0.0042 0.0263 0.1629 1.0000 1.0000 1.0000 0.0009 0.0056 0.0344 0.2131 1.0000 1.0000 1.0000 0.0012 0.0074 0.0466 0.2938 1.0000 1.0000 0.0003 0.0018 0.0120 0.0788 0.5218 1.0000 1.0000 0.0006 0.0041 0.0280 0.1937 1.0000 1.0000 0.0002 0.0017 0.0122 0.0865 0.6134 1.0000 1.0000 0.0008 0.0058 0.0414 0.2949 1.0000 1.0000 1.0000 1.0000 1.0000 0.2949 0.0414 0.0058 0.0008 1.0000 1.0000 0.6134 0.0865 0.0122 0.0017 0.0002 1.0000 1.0000 0.1937 0.0280 0.0041 0.0006 1.0000 1.0000 0.5218 0.0788 0.0120 0.0018 0.0003 1.0000 1.0000 0.2938 0.0466 0.0074 0.0012 1.0000 1.0000 1.0000 0.2131 0.0344 0.0056 0.0009 1.0000 1.0000 1.0000 0.1629 0.0263 0.0042 0.0007 1.0000 1.0000 0.7854 0.1007
0.7183 1.0000 1.0000 0.0008 0.0049 0.0302 0.1872 1.0000 1.0000 1.0000 0.0010 0.0064 0.0395 0.2448 1.0000 1.0000 1.0000 0.0013 0.0084 0.0525 0.3281 1.0000 1.0000 0.0003 0.0020 0.0126 0.0814 0.5308 1.0000 1.0000 0.0006 0.0039 0.0264 0.1802 1.0000 1.0000 1.0000 0.0016 0.0109 0.0767 0.5410 1.0000 1.0000 0.0007 0.0051 0.0361 0.2567 1.0000 1.0000 0.0004 0.0012 0.0004 1.0000 1.0000 0.2567 0.0361 0.0051 0.0007 1.0000 1.0000 0.5410 0.0767 0.0109 0.0016 1.0000 1.0000 1.0000 0.1802 0.0264 0.0039 0.0006 1.0000 1.0000 0.5308 0.0814 0.0126 0.0020 0.0003 1.0000 1.0000 0.3281 0.0525 0.0084 0.0013 1.0000 1.0000 1.0000 0.2448 0.0395 0.0064 0.0010 1.0000 1.0000 1.0000 0.1872 0.0302 0.0049 0.0008 1.0000 1.0000 0.7183
1.0000 1.0000 0.0009 0.0056 0.0347 0.2151 1.0000 1.0000 1.0000 0.0012 0.0073 0.0454 0.2813 1.0000 1.0000 0.0002 0.0015 0.0096 0.0596 0.3713 1.0000 1.0000 0.0003 0.0021 0.0136 0.0867 0.5567 1.0000 1.0000 0.0006 0.0038 0.0256 0.1722 1.0000 1.0000 1.0000 0.0014 0.0099 0.0687 0.4818 1.0000 1.0000 0.0006 0.0045 0.0316 0.2243 1.0000 1.0000 0.0003 0.0022 0.0073 0.0022 0.0003 1.0000 1.0000 0.2243 0.0316 0.0045 0.0006 1.0000 1.0000 0.4818 0.0687 0.0099 0.0014 1.0000 1.0000 1.0000 0.1722 0.0256 0.0038 0.0006 1.0000 1.0000 0.5567 0.0867 0.0136 0.0021 0.0003 1.0000 1.0000 0.3713 0.0596 0.0096 0.0015 0.0002 1.0000 1.0000 0.2813 0.0454 0.0073 0.0012 1.0000 1.0000 1.0000 0.2151 0.0347 0.0056 0.0009 1.0000 1.0000
1.0000 0.0011 0.0064 0.0399 0.2471 1.0000 1.0000 1.0000 0.0014 0.0084 0.0522 0.3231 1.0000 1.0000 0.0003 0.0018 0.0110 0.0682 0.4233 1.0000 1.0000 0.0004 0.0024 0.0150 0.0948 0.6018 1.0000 1.0000 0.0006 0.0039 0.0256 0.1693 1.0000 1.0000 1.0000 0.0013 0.0090 0.0626 0.4356 1.0000 1.0000 0.0006 0.0039 0.0278 0.1967 1.0000 1.0000 0.0003 0.0019 0.0138 0.0455 0.0138 0.0019 0.0003 1.0000 1.0000 0.1967 0.0278 0.0039 0.0006 1.0000 1.0000 0.4356 0.0626 0.0090 0.0013 1.0000 1.0000 1.0000 0.1693 0.0256 0.0039 0.0006 1.0000 1.0000 0.6018 0.0948 0.0150 0.0024 0.0004 1.0000 1.0000 0.4233 0.0682 0.0110 0.0018 0.0003 1.0000 1.0000 0.3231 0.0522 0.0084 0.0014 1.0000 1.0000 1.0000 0.2471 0.0399 0.0064 0.0011 1.0000
0.0010 0.0075 0.0458 0.2839 1.0000 1.0000 0.0003 0.0016 0.0097 0.0599 0.3713 1.0000 1.0000 0.0003 0.0020 0.0126 0.0782 0.4845 1.0000 1.0000 0.0004 0.0027 0.0168 0.1054 0.6631 1.0000 1.0000 0.0006 0.0041 0.0264 0.1722 1.0000 1.0000 1.0000 0.0013 0.0085 0.0582 0.4006 1.0000 1.0000 0.0005 0.0035 0.0246 0.1735 1.0000 1.0000 1.0000 0.0016 0.0117 0.0855 0.2823 0.0855 0.0117 0.0016 1.0000 1.0000 1.0000 0.1735 0.0246 0.0035 0.0005 1.0000 1.0000 0.4006 0.0582 0.0085 0.0013 1.0000 1.0000 1.0000 0.1722 0.0264 0.0041 0.0006 1.0000 1.0000 0.6631 0.1054 0.0168 0.0027 0.0004 1.0000 1.0000 0.4845 0.0782 0.0126 0.0020 0.0003 1.0000 1.0000 0.3713 0.0599 0.0097 0.0016 0.0003 1.0000 1.0000 0.2839 0.0458 0.0075 0.0010
0.0069 0.0536 0.3262 1.0000 1.0000 0.0003 0.0018 0.0111 0.0688 0.4266 1.0000 1.0000 0.0004 0.0023 0.0145 0.0899 0.5567 1.0000 1.0000 0.0005 0.0031 0.0191 0.1191 0.7433 1.0000 1.0000 0.0007 0.0044 0.0280 0.1802 1.0000 1.0000 1.0000 0.0012 0.0083 0.0557 0.3777 1.0000 1.0000 0.0005 0.0032 0.0221 0.1548 1.0000 1.0000 1.0000 0.0014 0.0101 0.0726 0.5308 1.0000 0.5308 0.0726 0.0101 0.0014 1.0000 1.0000 1.0000 0.1548 0.0221 0.0032 0.0005 1.0000 1.0000 0.3777 0.0557 0.0083 0.0012 1.0000 1.0000 1.0000 0.1802 0.0280 0.0044 0.0007 1.0000 1.0000 0.7433 0.1191 0.0191 0.0031 0.0005 1.0000 1.0000 0.5567 0.0899 0.0145 0.0023 0.0004 1.0000 1.0000 0.4266 0.0688 0.0111 0.0018 0.0003 1.0000 1.0000 0.3262 0.0536 0.0069
0.0489 0.3806 1.0000 1.0000 0.0003 0.0021 0.0128 0.0791 0.4901 1.0000 1.0000 0.0004 0.0027 0.0167 0.1032 0.6396 1.0000 1.0000 0.0006 0.0035 0.0218 0.1355 0.8427 1.0000 1.0000 0.0008 0.0048 0.0306 0.1937 1.0000 1.0000 1.0000 0.0013 0.0083 0.0549 0.3664 1.0000 1.0000 0.0004 0.0029 0.0202 0.1402 0.9774 1.0000 1.0000 0.0013 0.0089 0.0631 0.4516 1.0000 1.0000 1.0000 0.4516 0.0631 0.0089 0.0013 1.0000 1.0000 0.9774 0.1402 0.0202 0.0029 0.0004 1.0000 1.0000 0.3664 0.0549 0.0083 0.0013 1.0000 1.0000 1.0000 0.1937 0.0306 0.0048 0.0008 1.0000 1.0000 0.8427 0.1355 0.0218 0.0035 0.0006 1.0000 1.0000 0.6396 0.1032 0.0167 0.0027 0.0004 1.0000 1.0000 0.4901 0.0791 0.0128 0.0021 0.0003 1.0000 1.0000 0.3806 0.0489
0.3480 1.0000 1.0000 0.0004 0.0024 0.0147 0.0909 0.5631 1.0000 1.0000 0.0005 0.0031 0.0191 0.1186 0.7348 1.0000 1.0000 0.0007 0.0040 0.0250 0.1551 0.9627 1.0000 1.0000 0.0009 0.0054 0.0339 0.2135 1.0000 1.0000 1.0000 0.0013 0.0085 0.0557 0.3664 1.0000 1.0000 0.0004 0.0028 0.0189 0.1295 0.8939 1.0000 1.0000 0.0011 0.0079 0.0557 0.3938 1.0000 1.0000 1.0000 1.0000 1.0000 0.3938 0.0557 0.0079 0.0011 1.0000 1.0000 0.8939 0.1295 0.0189 0.0028 0.0004 1.0000 1.0000 0.3664 0.0557 0.0085 0.0013 1.0000 1.0000 1.0000 0.2135 0.0339 0.0054 0.0009 1.0000 1.0000 0.9627 0.1551 0.0250 0.0040 0.0007 1.0000 1.0000 0.7348 0.1186 0.0191 0.0031 0.0005 1.0000 1.0000 0.5631 0.0909 0.0147 0.0024 0.0004 1.0000 1.0000 0.3480
1.0000 1.0000 0.0004 0.0027 0.0169 0.1044 0.6469 1.0000 1.0000 0.0006 0.0036 0.0220 0.1363 0.8443 1.0000 1.0000 0.0007 0.0046 0.0288 0.1782 1.0000 1.0000 1.0000 0.0010 0.0061 0.0382 0.2388 1.0000 1.0000 1.0000 0.0014 0.0090 0.0582 0.3777 1.0000 1.0000 0.0004 0.0027 0.0180 0.1223 0.8347 1.0000 1.0000 0.0010 0.0071 0.0498 0.3500 1.0000 1.0000 0.0005 0.0016 0.0005 1.0000 1.0000 0.3500 0.0498 0.0071 0.0010 1.0000 1.0000 0.8347 0.1223 0.0180 0.0027 0.0004 1.0000 1.0000 0.3777 0.0582 0.0090 0.0014 1.0000 1.0000 1.0000 0.2388 0.0382 0.0061 0.0010 1.0000 1.0000 1.0000 0.1782 0.0288 0.0046 0.0007 1.0000 1.0000 0.8443 0.1363 0.0220 0.0036 0.0006 1.0000 1.0000 0.6469 0.1044 0.0169 0.0027 0.0004 1.0000 1.0000
1.0000 0.0005 0.0031 0.0194 0.1200 0.7433 1.0000 1.0000 0.0007 0.0041 0.0253 0.1566 0.9700 1.0000 1.0000 0.0009 0.0053 0.0330 0.2047 1.0000 1.0000 1.0000 0.0011 0.0070 0.0434 0.2702 1.0000 1.0000 0.0002 0.0016 0.0099 0.0626 0.4006 1.0000 1.0000 0.0004 0.0027 0.0177 0.1186 0.7975 1.0000 1.0000 0.0009 0.0065 0.0452 0.3146 1.0000 1.0000 0.0004 0.0030 0.0098 0.0030 0.0004 1.0000 1.0000 0.3146 0.0452 0.0065 0.0009 1.0000 1.0000 0.7975 0.1186 0.0177 0.0027 0.0004 1.0000 1.0000 0.4006 0.0626 0.0099 0.0016 0.0002 1.0000 1.0000 0.2702 0.0434 0.0070 0.0011 1.0000 1.0000 1.0000 0.2047 0.0330 0.0053 0.0009 1.0000 1.0000 0.9700 0.1566 0.0253 0.0041 0.0007 1.0000 1.0000 0.7433 0.1200 0.0194 0.0031 0.0005 1.0000
0.0005 0.0036 0.0222 0.1378 0.8540 1.0000 1.0000 0.0008 0.0047 0.0290 0.1799 1.0000 1.0000 1.0000 0.0010 0.0061 0.0380 0.2352 1.0000 1.0000 1.0000 0.0013 0.0080 0.0496 0.3081 1.0000 1.0000 0.0003 0.0017 0.0109 0.0687 0.4356 1.0000 1.0000 0.0004 0.0028 0.0180 0.1186 0.7854 1.0000 1.0000 0.0009 0.0061 0.0418 0.2883 1.0000 1.0000 0.0004 0.0026 0.0186 0.0613 0.0186 0.0026 0.0004 1.0000 1.0000 0.2883 0.0418 0.0061 0.0009 1.0000 1.0000 0.7854 0.1186 0.0180 0.0028 0.0004 1.0000 1.0000 0.4356 0.0687 0.0109 0.0017 0.0003 1.0000 1.0000 0.3081 0.0496 0.0080 0.0013 1.0000 1.0000 1.0000 0.2352 0.0380 0.0061 0.0010 1.0000 1.0000 1.0000 0.1799 0.0290 0.0047 0.0008 1.0000 1.0000 0.8540 0.1378 0.0222 0.0036 0.0005
0.0033 0.0260 0.1581 0.9812 1.0000 1.0000 0.0009 0.0054 0.0334 0.2067 1.0000 1.0000 1.0000 0.0011 0.0070 0.0436 0.2702 1.0000 1.0000 0.0002 0.0015 0.0092 0.0569 0.3527 1.0000 1.0000 0.0003 0.0020 0.0122 0.0767 0.4818 1.0000 1.0000 0.0005 0.0029 0.0189 0.1223 0.7975 1.0000 1.0000 0.0009 0.0058 0.0395 0.2692 1.0000 1.0000 0.0003 0.0023 0.0162 0.1173 0.3842 0.1173 0.0162 0.0023 0.0003 1.0000 1.0000 0.2692 0.0395 0.0058 0.0009 1.0000 1.0000 0.7975 0.1223 0.0189 0.0029 0.0005 1.0000 1.0000 0.4818 0.0767 0.0122 0.0020 0.0003 1.0000 1.0000 0.3527 0.0569 0.0092 0.0015 0.0002 1.0000 1.0000 0.2702 0.0436 0.0070 0.0011 1.0000 1.0000 1.0000 0.2067 0.0334 0.0054 0.0009 1.0000 1.0000 0.9812 0.1581 0.0260 0.0033
0.0237 0.1847 1.0000 1.0000 1.0000 0.0010 0.0062 0.0383 0.2375 1.0000 1.0000 1.0000 0.0013 0.0081 0.0501 0.3105 1.0000 1.0000 0.0003 0.0017 0.0106 0.0654 0.4052 1.0000 1.0000 0.0004 0.0022 0.0139 0.0865 0.5410 1.0000 1.0000 0.0005 0.0032 0.0202 0.1295 0.8347 1.0000 1.0000 0.0009 0.0057 0.0383 0.2582 1.0000 1.0000 0.0003 0.0021 0.0146 0.1025 0.7376 1.0000 0.7376 0.1025 0.0146 0.0021 0.0003 1.0000 1.0000 0.2582 0.0383 0.0057 0.0009 1.0000 1.0000 0.8347 0.1295 0.0202 0.0032 0.0005 1.0000 1.0000 0.5410 0.0865 0.0139 0.0022 0.0004 1.0000 1.0000 0.4052 0.0654 0.0106 0.0017 0.0003 1.0000 1.0000 0.3105 0.0501 0.0081 0.0013 1.0000 1.0000 1.0000 0.2375 0.0383 0.0062 0.0010 1.0000 1.0000 1.0000 0.1847 0.0237
0.1689 1.0000 1.0000 1.0000 0.0011 0.0071 0.0440 0.2728 1.0000 1.0000 0.0002 0.0015 0.0093 0.0576 0.3567 1.0000 1.0000 0.0003 0.0020 0.0121 0.0751 0.4656 1.0000 1.0000 0.0004 0.0026 0.0159 0.0984 0.6134 1.0000 1.0000 0.0006 0.0035 0.0221 0.1402 0.8939 1.0000 1.0000 0.0009 0.0058 0.0383 0.2543 1.0000 1.0000 0.0003 0.0020 0.0135 0.0928 0.6506 1.0000 1.0000 1.0000 0.6506 0.0928 0.0135 0.0020 0.0003 1.0000 1.0000 0.2543 0.0383 0.0058 0.0009 1.0000 1.0000 0.8939 0.1402 0.0221 0.0035 0.0006 1.0000 1.0000 0.6134 0.0984 0.0159 0.0026 0.0004 1.0000 1.0000 0.4656 0.0751 0.0121 0.0020 0.0003 1.0000 1.0000 0.3567 0.0576 0.0093 0.0015 0.0002 1.0000 1.0000 0.2728 0.0440 0.0071 0.0011 1.0000 1.0000 1.0000 0.1689
1.0000 1.0000 1.0000 0.0013 0.0082 0.0506 0.3135 1.0000 1.0000 0.0003 0.0017 0.0107 0.0662 0.4099 1.0000 1.0000 0.0004 0.0022 0.0139 0.0863 0.5349 1.0000 1.0000 0.0005 0.0029 0.0182 0.1129 0.7007 1.0000 1.0000 0.0006 0.0039 0.0246 0.1548 0.9774 1.0000 1.0000 0.0009 0.0061 0.0395 0.2582 1.0000 1.0000 0.0003 0.0019 0.0128 0.0870 0.5961 1.0000 1.0000 0.0004 1.0000 1.0000 0.5961 0.0870 0.0128 0.0019 0.0003 1.0000 1.0000 0.2582 0.0395 0.0061 0.0009 1.0000 1.0000 0.9774 0.1548 0.0246 0.0039 0.0006 1.0000 1.0000 0.7007 0.1129 0.0182 0.0029 0.0005 1.0000 1.0000 0.5349 0.0863 0.0139 0.0022 0.0004 1.0000 1.0000 0.4099 0.0662 0.0107 0.0017 0.0003 1.0000 1.0000 0.3135 0.0506 0.0082 0.0013 1.0000 1.0000 1.0000
1.0000 0.0002 0.0015 0.0094 0.0581 0.3601 1.0000 1.0000 0.0003 0.0020 0.0123 0.0760 0.4709 1.0000 1.0000 0.0004 0.0026 0.0160 0.0992 0.6146 1.0000 1.0000 0.0005 0.0034 0.0209 0.1297 0.8036 1.0000 1.0000 0.0007 0.0045 0.0278 0.1735 1.0000 1.0000 1.0000 0.0010 0.0065 0.0418 0.2692 1.0000 1.0000 0.0003 0.0019 0.0124 0.0834 0.5652 1.0000 1.0000 0.0007 0.0023 0.0007 1.0000 1.0000 0.5652 0.0834 0.0124 0.0019 0.0003 1.0000 1.0000 0.2692 0.0418 0.0065 0.0010 1.0000 1.0000 1.0000 0.1735 0.0278 0.0045 0.0007 1.0000 1.0000 0.8036 0.1297 0.0209 0.0034 0.0005 1.0000 1.0000 0.6146 0.0992 0.0160 0.0026 0.0004 1.0000 1.0000 0.4709 0.0760 0.0123 0.0020 0.0003 1.0000 1.0000 0.3601 0.0581 0.0094 0.0015 0.0002 1.0000
0.0002 0.0018 0.0108 0.0668 0.4138 1.0000 1.0000 0.0004 0.0023 0.0141 0.0873 0.5410 1.0000 1.0000 0.0005 0.0030 0.0184 0.1140 0.7061 1.0000 1.0000 0.0006 0.0039 0.0241 0.1490 0.9232 1.0000 1.0000 0.0008 0.0051 0.0316 0.1967 1.0000 1.0000 1.0000 0.0011 0.0071 0.0452 0.2883 1.0000 1.0000 0.0003 0.0019 0.0124 0.0822 0.5493 1.0000 1.0000 0.0006 0.0045 0.0148 0.0045 0.0006 1.0000 1.0000 0.5493 0.0823 0.0124 0.0019 0.0003 1.0000 1.0000 0.2883 0.0452 0.0071 0.0011 1.0000 1.0000 1.0000 0.1967 0.0316 0.0051 0.0008 1.0000 1.0000 0.9232 0.1490 0.0241 0.0039 0.0006 1.0000 1.0000 0.7061 0.1140 0.0184 0.0030 0.0005 1.0000 1.0000 0.5410 0.0873 0.0141 0.0023 0.0004 1.0000 1.0000 0.4138 0.0668 0.0108 0.0018 0.0002
0.0016 0.0126 0.0767 0.4754 1.0000 1.0000 0.0004 0.0026 0.0162 0.1003 0.6216 1.0000 1.0000 0.0006 0.0034 0.0211 0.1309 0.8112 1.0000 1.0000 0.0007 0.0045 0.0276 0.1712 1.0000 1.0000 1.0000 0.0009 0.0058 0.0361 0.2243 1.0000 1.0000 1.0000 0.0013 0.0079 0.0498 0.3146 1.0000 1.0000 0.0003 0.0020 0.0128 0.0834 0.5493 1.0000 1.0000 0.0006 0.0042 0.0293 0.0951 0.0293 0.0042 0.0006 1.0000 1.0000 0.5493 0.0834 0.0128 0.0020 0.0003 1.0000 1.0000 0.3146 0.0498 0.0079 0.0013 1.0000 1.0000 1.0000 0.2243 0.0361 0.0058 0.0009 1.0000 1.0000 1.0000 0.1712 0.0276 0.0045 0.0007 1.0000 1.0000 0.8112 0.1309 0.0211 0.0034 0.0006 1.0000 1.0000 0.6216 0.1003 0.0162 0.0026 0.0004 1.0000 1.0000 0.4754 0.0767 0.0126 0.0016
0.0115 0.0895 0.5462 1.0000 1.0000 0.0005 0.0030 0.0186 0.1153 0.7142 1.0000 1.0000 0.0006 0.0039 0.0243 0.1504 0.9321 1.0000 1.0000 0.0008 0.0051 0.0317 0.1967 1.0000 1.0000 1.0000 0.0011 0.0067 0.0414 0.2567 1.0000 1.0000 1.0000 0.0014 0.0089 0.0557 0.3500 1.0000 1.0000 0.0003 0.0021 0.0135 0.0870 0.5652 1.0000 1.0000 0.0006 0.0040 0.0273 0.1904 0.6169 0.1904 0.0273 0.0040 0.0006 1.0000 1.0000 0.5652 0.0870 0.0135 0.0021 0.0003 1.0000 1.0000 0.3500 0.0557 0.0089 0.0014 1.0000 1.0000 1.0000 0.2567 0.0414 0.0067 0.0011 1.0000 1.0000 1.0000 0.1967 0.0317 0.0051 0.0008 1.0000 1.0000 0.9321 0.1504 0.0243 0.0039 0.0006 1.0000 1.0000 0.7142 0.1153 0.0186 0.0030 0.0005 1.0000 1.0000 0.5462 0.0895 0.0115
0.0819 0.6384 1.0000 1.0000 0.0006 0.0035 0.0214 0.1324 0.8205 1.0000 1.0000 0.0007 0.0045 0.0279 0.1728 1.0000 1.0000 1.0000 0.0010 0.0059 0.0365 0.2260 1.0000 1.0000 1.0000 0.0012 0.0077 0.0476 0.2949 1.0000 1.0000 0.0003 0.0016 0.0101 0.0630 0.3931 1.0000 1.0000 0.0004 0.0023 0.0145 0.0928 0.5961 1.0000 1.0000 0.0006 0.0040 0.0266 0.1795 1.0000 1.0000 1.0000 0.1795 0.0267 0.0040 0.0006 1.0000 1.0000 0.5961 0.0928 0.0146 0.0023 0.0004 1.0000 1.0000 0.3938 0.0631 0.0101 0.0016 0.0003 1.0000 1.0000 0.2949 0.0477 0.0077 0.0012 1.0000 1.0000 1.0000 0.2260 0.0365 0.0059 0.0010 1.0000 1.0000 1.0000 0.1728 0.0280 0.0045 0.0007 1.0000 1.0000 0.8205 0.1324 0.0214 0.0035 0.0006 1.0000 1.0000 0.6384 0.0820
0.5827 1.0000 1.0000 0.0006 0.0040 0.0246 0.1522 0.9427 1.0000 1.0000 0.0008 0.0052 0.0321 0.1986 1.0000 1.0000 1.0000 0.0011 0.0068 0.0419 0.2597 1.0000 1.0000 1.0000 0.0014 0.0088 0.0547 0.3389 1.0000 1.0000 0.0003 0.0019 0.0116 0.0717 0.4465 1.0000 1.0000 0.0004 0.0025 0.0160 0.1013 0.6433 1.0000 1.0000 0.0006 0.0041 0.0270 0.1775 1.0000 1.0000 1.0000 1.0000 1.0000 0.1795 0.0273 0.0042 0.0006 1.0000 1.0000 0.6506 0.1025 0.0162 0.0026 0.0004 1.0000 1.0000 0.4516 0.0726 0.0117 0.0019 0.0003 1.0000 1.0000 0.3428 0.0553 0.0089 0.0014 1.0000 1.0000 1.0000 0.2621 0.0423 0.0068 0.0011 1.0000 1.0000 1.0000 0.2009 0.0324 0.0052 0.0008 1.0000 1.0000 0.9518 0.1536 0.0248 0.0040 0.0006 1.0000 1.0000 0.5860
1.0000 1.0000 0.0007 0.0046 0.0282 0.1748 1.0000 1.0000 1.0000 0.0010 0.0059 0.0368 0.2282 1.0000 1.0000 1.0000 0.0013 0.0078 0.0482 0.2983 1.0000 1.0000 0.0003 0.0016 0.0101 0.0628 0.3893 1.0000 1.0000 0.0003 0.0021 0.0133 0.0822 0.5101 1.0000 1.0000 0.0005 0.0029 0.0179 0.1122 0.7074 1.0000 1.0000 0.0007 0.0043 0.0281 0.1823 1.0000 1.0000 1.0000 0.0007 1.0000 1.0000 1.0000 0.1904 0.0293 0.0045 0.0007 1.0000 1.0000 0.7376 0.1173 0.0186 0.0030 0.0005 1.0000 1.0000 0.5308 0.0855 0.0138 0.0022 0.0004 1.0000 1.0000 0.4052 0.0654 0.0106 0.0017 0.0003 1.0000 1.0000 0.3099 0.0500 0.0081 0.0013 1.0000 1.0000 1.0000 0.2375 0.0383 0.0062 0.0010 1.0000 1.0000 1.0000 0.1816 0.0293 0.0047 0.0008 1.0000 1.0000
1.0000 0.0009 0.0052 0.0324 0.2009 1.0000 1.0000 1.0000 0.0011 0.0068 0.0423 0.2621 1.0000 1.0000 1.0000 0.0014 0.0089 0.0553 0.3428 1.0000 1.0000 0.0003 0.0019 0.0117 0.0722 0.4473 1.0000 1.0000 0.0004 0.0025 0.0152 0.0944 0.5849 1.0000 1.0000 0.0005 0.0032 0.0202 0.1261 0.7899 1.0000 1.0000 0.0007 0.0047 0.0299 0.1923 1.0000 1.0000 1.0000 0.0015 0.0031 0.0007 1.0000 1.0000 0.6169 0.0951 0.0148 0.0023 0.0004 1.0000 1.0000 0.3842 0.0613 0.0098 0.0016 1.0000 1.0000 1.0000 0.2823 0.0455 0.0073 0.0012 1.0000 1.0000 1.0000 0.2155 0.0348 0.0056 0.0009 1.0000 1.0000 1.0000 0.1648 0.0267 0.0043 0.0007 1.0000 1.0000 0.7824 0.1263 0.0204 0.0033 0.0005 1.0000 1.0000 0.5995 0.0966 0.0156 0.0025 0.0004 1.0000
0.0008 0.0061 0.0374 0.2321 1.0000 1.0000 1.0000 0.0013 0.0079 0.0489 0.3029 1.0000 1.0000 0.0003 0.0017 0.0103 0.0639 0.3961 1.0000 1.0000 0.0004 0.0022 0.0135 0.0834 0.5169 1.0000 1.0000 0.0005 0.0028 0.0176 0.1091 0.6759 1.0000 1.0000 0.0006 0.0037 0.0231 0.1437 0.8956 1.0000 1.0000 0.0008 0.0052 0.0327 0.2079 1.0000 1.0000 1.0000 0.0015 0.0056 0.0012 1.0000 1.0000 1.0000 0.1904 0.0293 0.0045 0.0007 1.0000 1.0000 0.7376 0.1173 0.0186 0.0030 0.0005 1.0000 1.0000 0.5308 0.0855 0.0138 0.0022 0.0004 1.0000 1.0000 0.4052 0.0654 0.0106 0.0017 0.0003 1.0000 1.0000 0.3099 0.0500 0.0081 0.0013 1.0000 1.0000 1.0000 0.2375 0.0383 0.0062 0.0010 1.0000 1.0000 1.0000 0.1816 0.0293 0.0047 0.0008 1.0000 1.0000
0.0056 0.0445 0.2713 1.0000 1.0000 1.0000 0.0015 0.0093 0.0574 0.3554 1.0000 1.0000 0.0003 0.0020 0.0121 0.0749 0.4638 1.0000 1.0000 0.0004 0.0025 0.0158 0.0979 0.6064 1.0000 1.0000 0.0005 0.0033 0.0206 0.1277 0.7914 1.0000 1.0000 0.0007 0.0044 0.0270 0.1673 1.0000 1.0000 1.0000 0.0009 0.0059 0.0370 0.2325 1.0000 1.0000 1.0000 0.0015 0.0101 0.0107 1.0000 1.0000 1.0000 0.1799 0.0273 0.0042 0.0006 1.0000 1.0000 0.6506 0.1025 0.0162 0.0026 0.0004 1.0000 1.0000 0.4516 0.0726 0.0117 0.0019 0.0003 1.0000 1.0000 0.3428 0.0553 0.0089 0.0014 1.0000 1.0000 1.0000 0.2621 0.0423 0.0068 0.0011 1.0000 1.0000 1.0000 0.2009 0.0324 0.0052 0.0008 1.0000 1.0000 0.9518 0.1536 0.0248 0.0040 0.0006 1.0000 1.0000 0.5860
0.0284 0.2163 1.0000 1.0000 1.0000 0.0012 0.0072 0.0446 0.2765 1.0000 1.0000 1.0000 0.0015 0.0094 0.0582 0.3608 1.0000 1.0000 0.0003 0.0020 0.0123 0.0762 0.4718 1.0000 1.0000 0.0004 0.0026 0.0160 0.0994 0.6157 1.0000 1.0000 0.0005 0.0034 0.0212 0.1317 0.8205 1.0000 1.0000 0.0008 0.0047 0.0300 0.1904 1.0000 1.0000 1.0000 0.0012 0.0080 0.0522 0.1745 1.0000 1.0000 0.1806 0.0267 0.0040 0.0006 1.0000 1.0000 0.5961 0.0928 0.0146 0.0023 0.0004 1.0000 1.0000 0.3938 0.0631 0.0101 0.0016 0.0003 1.0000 1.0000 0.2949 0.0477 0.0077 0.0012 1.0000 1.0000 1.0000 0.2260 0.0365 0.0059 0.0010 1.0000 1.0000 1.0000 0.1728 0.0280 0.0045 0.0007 1.0000 1.0000 0.8205 0.1324 0.0214 0.0035 0.0006 1.0000 1.0000 0.6384 0.0820
0.0118 0.0937 0.5728 1.0000 1.0000 0.0005 0.0032 0.0196 0.1216 0.7518 1.0000 1.0000 0.0007 0.0041 0.0256 0.1587 0.9830 1.0000 1.0000 0.0009 0.0054 0.0334 0.2075 1.0000 1.0000 1.0000 0.0011 0.0071 0.0437 0.2708 1.0000 1.0000 1.0000 0.0015 0.0094 0.0590 0.3706 1.0000 1.0000 0.0003 0.0022 0.0143 0.0923 0.6007 1.0000 1.0000 0.0006 0.0043 0.0294 0.2020 0.6216 0.1926 0.0273 0.0040 0.0006 1.0000 1.0000 0.5652 0.0870 0.0135 0.0021 0.0003 1.0000 1.0000 0.3500 0.0557 0.0089 0.0014 1.0000 1.0000 1.0000 0.2567 0.0414 0.0067 0.0011 1.0000 1.0000 1.0000 0.1967 0.0317 0.0051 0.0008 1.0000 1.0000 0.9321 0.1504 0.0243 0.0039 0.0006 1.0000 1.0000 0.7142 0.1153 0.0186 0.0030 0.0005 1.0000 1.0000 0.5462 0.0895 0.0115
0.0016 0.0127 0.0778 0.4827 1.0000 1.0000 0.0004 0.0027 0.0164 0.1019 0.6311 1.0000 1.0000 0.0006 0.0035 0.0215 0.1332 0.8237 1.0000 1.0000 0.0007 0.0045 0.0281 0.1738 1.0000 1.0000 1.0000 0.0010 0.0059 0.0367 0.2277 1.0000 1.0000 1.0000 0.0013 0.0081 0.0507 0.3201 1.0000 1.0000 0.0003 0.0020 0.0130 0.0849 0.5588 1.0000 1.0000 0.0006 0.0043 0.0300 0.0962 0.0293 0.0042 0.0006 1.0000 1.0000 0.5493 0.0834 0.0128 0.0020 0.0003 1.0000 1.0000 0.3146 0.0498 0.0079 0.0013 1.0000 1.0000 1.0000 0.2243 0.0361 0.0058 0.0009 1.0000 1.0000 1.0000 0.1712 0.0276 0.0045 0.0007 1.0000 1.0000 0.8112 0.1309 0.0211 0.0034 0.0006 1.0000 1.0000 0.6216 0.1003 0.0162 0.0026 0.0004 1.0000 1.0000 0.4754 0.0767 0.0126 0.0016
