-0.0846 0.1356 0.1197 -0.1996 -0.2695 -0.2764 -0.1808 0.0769 0.2236 -0.1399 -0.2535 -0.2820 -0.2500 0.0182 0.1899 -0.0402 -0.2334 -0.2775 -0.2667 -0.0831 0.1152 0.1759 -0.1833 -0.2654 -0.2792 -0.2104 0.0616 0.2197 -0.1189 -0.2481 -0.2816 -0.2558 -0.0042 0.1669 0.0152 -0.2245 -0.2747 -0.2711 -0.1239 0.0992 0.2088 -0.1666 -0.2608 -0.2810 -0.2317 0.0454 0.2097 -0.0936 -0.2425 -0.2863 -0.3004 -0.2863 -0.2425 -0.0936 0.2097 0.0454 -0.2317 -0.2810 -0.2608 -0.1666 0.2088 0.0992 -0.1239 -0.2711 -0.2747 -0.2245 0.0152 0.1669 -0.0042 -0.2558 -0.2816 -0.2481 -0.1189 0.2197 0.0616 -0.2104 -0.2792 -0.2654 -0.1833 0.1759 0.1152 -0.0831 -0.2667 -0.2775 -0.2334 -0.0402 0.1899 0.0182 -0.2500 -0.2820 -0.2535 -0.1399 0.2236 0.0769 -0.1808 -0.2764 -0.2695 -0.1996 0.1197 0.1356 -0.0846
0.1356 0.1538 -0.2360 -0.3250 -0.3178 -0.1812 0.0794 0.2348 -0.1460 -0.3119 -0.3303 -0.2737 0.0266 0.1845 -0.0093 -0.2943 -0.3306 -0.3027 -0.0707 0.1124 0.2155 -0.2067 -0.3219 -0.3233 -0.2195 0.0658 0.2251 -0.1179 -0.3072 -0.3315 -0.2835 0.0060 0.1574 0.0657 -0.2742 -0.3289 -0.3097 -0.1147 0.0987 0.2342 -0.1826 -0.3181 -0.3269 -0.2477 0.0513 0.2115 -0.0837 -0.3022 -0.3313 -0.3019 -0.1666 -0.3019 -0.3313 -0.3022 -0.0837 0.2115 0.0513 -0.2477 -0.3269 -0.3181 -0.1826 0.2342 0.0987 -0.1147 -0.3097 -0.3289 -0.2742 0.0657 0.1574 0.0060 -0.2835 -0.3315 -0.3072 -0.1179 0.2251 0.0658 -0.2195 -0.3233 -0.3219 -0.2067 0.2155 0.1124 -0.0707 -0.3027 -0.3306 -0.2943 -0.0093 0.1845 0.0266 -0.2737 -0.3303 -0.3119 -0.1460 0.2348 0.0794 -0.1812 -0.3178 -0.3250 -0.2360 0.1538 0.1356
0.1197 -0.2360 -0.3237 -0.3191 -0.2035 0.0699 0.2295 -0.1286 -0.3085 -0.3308 -0.2803 0.0117 0.1660 0.0394 -0.2830 -0.3291 -0.3071 -0.1017 0.1014 0.2303 -0.1906 -0.3190 -0.3254 -0.2398 0.0545 0.2163 -0.0959 -0.3035 -0.3314 -0.2882 -0.0122 0.1421 0.1196 -0.2544 -0.3269 -0.3136 -0.1478 0.0881 0.2376 -0.1663 -0.3150 -0.3284 -0.2615 0.0391 0.2015 -0.0546 -0.2983 -0.3309 -0.2953 -0.0358 0.0677 -0.0358 -0.2953 -0.3309 -0.2983 -0.0546 0.2015 0.0391 -0.2615 -0.3284 -0.3150 -0.1663 0.2376 0.0881 -0.1478 -0.3136 -0.3269 -0.2544 0.1196 0.1421 -0.0122 -0.2882 -0.3314 -0.3035 -0.0959 0.2163 0.0545 -0.2398 -0.3254 -0.3190 -0.1906 0.2303 0.1014 -0.1017 -0.3071 -0.3291 -0.2830 0.0394 0.1660 0.0117 -0.2803 -0.3308 -0.3085 -0.1286 0.2295 0.0699 -0.2035 -0.3191 -0.3237 -0.2360 0.1197
-0.1996 -0.3250 -0.3191 -0.2113 0.0649 0.2240 -0.1121 -0.3056 -0.3311 -0.2854 -0.0032 0.1496 0.0931 -0.2641 -0.3277 -0.3115 -0.1322 0.0926 0.2367 -0.1745 -0.3164 -0.3276 -0.2552 0.0445 0.2066 -0.0698 -0.3001 -0.3313 -0.2935 -0.0314 0.1292 0.1653 -0.2359 -0.3251 -0.3174 -0.1773 0.0794 0.2357 -0.1495 -0.3121 -0.3298 -0.2717 0.0277 0.1878 -0.0179 -0.2948 -0.3304 -0.3011 -0.0650 0.1087 0.2039 0.1087 -0.0650 -0.3011 -0.3304 -0.2948 -0.0179 0.1878 0.0277 -0.2717 -0.3298 -0.3121 -0.1495 0.2357 0.0794 -0.1773 -0.3174 -0.3251 -0.2359 0.1653 0.1292 -0.0314 -0.2935 -0.3313 -0.3001 -0.0698 0.2066 0.0445 -0.2552 -0.3276 -0.3164 -0.1745 0.2367 0.0926 -0.1322 -0.3115 -0.3277 -0.2641 0.0931 0.1496 -0.0032 -0.2854 -0.3311 -0.3056 -0.1121 0.2240 0.0649 -0.2113 -0.3191 -0.3250 -0.1996
-0.2695 -0.3178 -0.2035 0.0649 0.2216 -0.1011 -0.3033 -0.3311 -0.2897 -0.0193 0.1362 0.1422 -0.2453 -0.3261 -0.3155 -0.1627 0.0838 0.2371 -0.1581 -0.3136 -0.3292 -0.2670 0.0335 0.1958 -0.0373 -0.2966 -0.3308 -0.2987 -0.0542 0.1181 0.1990 -0.2187 -0.3231 -0.3208 -0.2038 0.0706 0.2303 -0.1316 -0.3091 -0.3308 -0.2791 0.0147 0.1700 0.0283 -0.2858 -0.3294 -0.3061 -0.0952 0.1036 0.2322 -0.0777 0.2322 0.1036 -0.0952 -0.3061 -0.3294 -0.2858 0.0283 0.1700 0.0147 -0.2791 -0.3308 -0.3091 -0.1316 0.2303 0.0706 -0.2038 -0.3208 -0.3231 -0.2187 0.1990 0.1181 -0.0542 -0.2987 -0.3308 -0.2966 -0.0373 0.1958 0.0335 -0.2670 -0.3292 -0.3136 -0.1581 0.2371 0.0838 -0.1627 -0.3155 -0.3261 -0.2453 0.1422 0.1362 -0.0193 -0.2897 -0.3311 -0.3033 -0.1011 0.2216 0.0649 -0.2035 -0.3178 -0.2695
-0.2764 -0.1812 0.0699 0.2240 -0.1011 -0.3025 -0.3309 -0.2928 -0.0344 0.1261 0.1787 -0.2287 -0.3242 -0.3189 -0.1908 0.0751 0.2334 -0.1408 -0.3106 -0.3304 -0.2757 0.0213 0.1797 0.0041 -0.2923 -0.3299 -0.3037 -0.0807 0.1081 0.2209 -0.2021 -0.3208 -0.3237 -0.2263 0.0614 0.2227 -0.1118 -0.3059 -0.3313 -0.2846 -0.0001 0.1527 0.0818 -0.2685 -0.3281 -0.3106 -0.1257 0.0945 0.2355 -0.1751 -0.2981 -0.1751 0.2355 0.0945 -0.1257 -0.3106 -0.3281 -0.2685 0.0818 0.1527 -0.0001 -0.2846 -0.3313 -0.3059 -0.1118 0.2227 0.0614 -0.2263 -0.3237 -0.3208 -0.2021 0.2209 0.1081 -0.0807 -0.3037 -0.3299 -0.2923 0.0041 0.1797 0.0213 -0.2757 -0.3304 -0.3106 -0.1408 0.2334 0.0751 -0.1908 -0.3189 -0.3242 -0.2287 0.1787 0.1261 -0.0344 -0.2928 -0.3309 -0.3025 -0.1011 0.2240 0.0699 -0.1812 -0.2764
-0.1808 0.0794 0.2295 -0.1121 -0.3033 -0.3309 -0.2939 -0.0441 0.1197 0.2007 -0.2151 -0.3223 -0.3217 -0.2142 0.0663 0.2269 -0.1222 -0.3075 -0.3311 -0.2820 0.0075 0.1609 0.0547 -0.2789 -0.3287 -0.3084 -0.1102 0.0989 0.2329 -0.1860 -0.3183 -0.3261 -0.2446 0.0518 0.2136 -0.0889 -0.3026 -0.3314 -0.2898 -0.0173 0.1382 0.1338 -0.2489 -0.3264 -0.3148 -0.1565 0.0857 0.2374 -0.1623 -0.3171 -0.3428 -0.3171 -0.1623 0.2374 0.0857 -0.1565 -0.3148 -0.3264 -0.2489 0.1338 0.1382 -0.0173 -0.2898 -0.3314 -0.3026 -0.0889 0.2136 0.0518 -0.2446 -0.3261 -0.3183 -0.1860 0.2329 0.0989 -0.1102 -0.3084 -0.3287 -0.2789 0.0547 0.1609 0.0075 -0.2820 -0.3311 -0.3075 -0.1222 0.2269 0.0663 -0.2142 -0.3217 -0.3223 -0.2151 0.2007 0.1197 -0.0441 -0.2939 -0.3309 -0.3033 -0.1121 0.2295 0.0794 -0.1808
0.0769 0.2348 -0.1286 -0.3056 -0.3311 -0.2928 -0.0441 0.1175 0.2105 -0.2059 -0.3207 -0.3238 -0.2318 0.0580 0.2191 -0.1020 -0.3043 -0.3313 -0.2871 -0.0084 0.1451 0.1087 -0.2584 -0.3273 -0.3127 -0.1411 0.0901 0.2374 -0.1698 -0.3156 -0.3281 -0.2590 0.0415 0.2036 -0.0612 -0.2991 -0.3312 -0.2950 -0.0376 0.1258 0.1763 -0.2309 -0.3246 -0.3185 -0.1853 0.0769 0.2344 -0.1446 -0.3114 -0.3416 -0.3379 -0.3416 -0.3114 -0.1446 0.2344 0.0769 -0.1853 -0.3185 -0.3246 -0.2309 0.1763 0.1258 -0.0376 -0.2950 -0.3312 -0.2991 -0.0612 0.2036 0.0415 -0.2590 -0.3281 -0.3156 -0.1698 0.2374 0.0901 -0.1411 -0.3127 -0.3273 -0.2584 0.1087 0.1451 -0.0084 -0.2871 -0.3313 -0.3043 -0.1020 0.2191 0.0580 -0.2318 -0.3238 -0.3207 -0.2059 0.2105 0.1175 -0.0441 -0.2928 -0.3311 -0.3056 -0.1286 0.2348 0.0769
0.2236 -0.1460 -0.3085 -0.3311 -0.2897 -0.0344 0.1197 0.2105 -0.2026 -0.3197 -0.3250 -0.2436 0.0507 0.2113 -0.0806 -0.3012 -0.3313 -0.2921 -0.0267 0.1317 0.1566 -0.2397 -0.3255 -0.3166 -0.1712 0.0813 0.2364 -0.1532 -0.3128 -0.3296 -0.2698 0.0302 0.1911 -0.0264 -0.2955 -0.3306 -0.3002 -0.0614 0.1151 0.2065 -0.2138 -0.3225 -0.3217 -0.2107 0.0680 0.2283 -0.1262 -0.3082 -0.3303 -0.2857 -0.1062 -0.2857 -0.3303 -0.3082 -0.1262 0.2283 0.0680 -0.2107 -0.3217 -0.3225 -0.2138 0.2065 0.1151 -0.0614 -0.3002 -0.3306 -0.2955 -0.0264 0.1911 0.0302 -0.2698 -0.3296 -0.3128 -0.1532 0.2364 0.0813 -0.1712 -0.3166 -0.3255 -0.2397 0.1566 0.1317 -0.0267 -0.2921 -0.3313 -0.3012 -0.0806 0.2113 0.0507 -0.2436 -0.3250 -0.3197 -0.2026 0.2105 0.1197 -0.0344 -0.2897 -0.3311 -0.3085 -0.1460 0.2236
-0.1399 -0.3119 -0.3308 -0.2854 -0.0193 0.1261 0.2007 -0.2059 -0.3197 -0.3254 -0.2494 0.0454 0.2050 -0.0596 -0.2984 -0.3309 -0.2968 -0.0471 0.1207 0.1924 -0.2223 -0.3235 -0.3201 -0.1985 0.0725 0.2317 -0.1356 -0.3097 -0.3306 -0.2777 0.0176 0.1739 0.0179 -0.2885 -0.3296 -0.3051 -0.0889 0.1054 0.2252 -0.1975 -0.3201 -0.3244 -0.2320 0.0587 0.2202 -0.1056 -0.3049 -0.3312 -0.2856 -0.0003 0.0838 -0.0003 -0.2856 -0.3312 -0.3049 -0.1056 0.2202 0.0587 -0.2320 -0.3244 -0.3201 -0.1975 0.2252 0.1054 -0.0889 -0.3051 -0.3296 -0.2885 0.0179 0.1739 0.0176 -0.2777 -0.3306 -0.3097 -0.1356 0.2317 0.0725 -0.1985 -0.3201 -0.3235 -0.2223 0.1924 0.1207 -0.0471 -0.2968 -0.3309 -0.2984 -0.0596 0.2050 0.0454 -0.2494 -0.3254 -0.3197 -0.2059 0.2007 0.1261 -0.0193 -0.2854 -0.3308 -0.3119 -0.1399
-0.2535 -0.3303 -0.2803 -0.0032 0.1362 0.1787 -0.2151 -0.3207 -0.3250 -0.2494 0.0435 0.2014 -0.0431 -0.2962 -0.3304 -0.3007 -0.0686 0.1116 0.2154 -0.2064 -0.3213 -0.3230 -0.2218 0.0634 0.2245 -0.1163 -0.3066 -0.3312 -0.2835 0.0032 0.1561 0.0703 -0.2728 -0.3284 -0.3097 -0.1190 0.0963 0.2348 -0.1814 -0.3176 -0.3267 -0.2491 0.0489 0.2108 -0.0815 -0.3016 -0.3314 -0.2912 -0.0214 0.1268 0.2192 0.1268 -0.0214 -0.2912 -0.3314 -0.3016 -0.0815 0.2108 0.0489 -0.2491 -0.3267 -0.3176 -0.1814 0.2348 0.0963 -0.1190 -0.3097 -0.3284 -0.2728 0.0703 0.1561 0.0032 -0.2835 -0.3312 -0.3066 -0.1163 0.2245 0.0634 -0.2218 -0.3230 -0.3213 -0.2064 0.2154 0.1116 -0.0686 -0.3007 -0.3304 -0.2962 -0.0431 0.2014 0.0435 -0.2494 -0.3250 -0.3207 -0.2151 0.1787 0.1362 -0.0032 -0.2803 -0.3303 -0.2535
-0.2820 -0.2737 0.0117 0.1496 0.1422 -0.2287 -0.3223 -0.3238 -0.2436 0.0454 0.2014 -0.0367 -0.2950 -0.3299 -0.3036 -0.0882 0.1042 0.2283 -0.1921 -0.3191 -0.3254 -0.2405 0.0541 0.2157 -0.0942 -0.3033 -0.3314 -0.2887 -0.0134 0.1410 0.1235 -0.2528 -0.3268 -0.3139 -0.1499 0.0875 0.2376 -0.1651 -0.3148 -0.3285 -0.2624 0.0383 0.2007 -0.0520 -0.2981 -0.3310 -0.2965 -0.0440 0.1226 0.1961 -0.1302 0.1961 0.1226 -0.0440 -0.2965 -0.3310 -0.2981 -0.0520 0.2007 0.0383 -0.2624 -0.3285 -0.3148 -0.1651 0.2376 0.0875 -0.1499 -0.3139 -0.3268 -0.2528 0.1235 0.1410 -0.0134 -0.2887 -0.3314 -0.3033 -0.0942 0.2157 0.0541 -0.2405 -0.3254 -0.3191 -0.1921 0.2283 0.1042 -0.0882 -0.3036 -0.3299 -0.2950 -0.0367 0.2014 0.0454 -0.2436 -0.3238 -0.3223 -0.2287 0.1422 0.1496 0.0117 -0.2737 -0.2820
-0.2500 0.0266 0.1660 0.0931 -0.2453 -0.3242 -0.3217 -0.2318 0.0507 0.2050 -0.0431 -0.2950 -0.3297 -0.3051 -0.1021 0.0989 0.2344 -0.1799 -0.3169 -0.3272 -0.2546 0.0445 0.2063 -0.0683 -0.2999 -0.3312 -0.2939 -0.0330 0.1282 0.1684 -0.2345 -0.3250 -0.3177 -0.1794 0.0788 0.2354 -0.1483 -0.3119 -0.3299 -0.2724 0.0267 0.1866 -0.0147 -0.2945 -0.3303 -0.3016 -0.0690 0.1123 0.2117 -0.2066 -0.3059 -0.2066 0.2117 0.1123 -0.0690 -0.3016 -0.3303 -0.2945 -0.0147 0.1866 0.0267 -0.2724 -0.3299 -0.3119 -0.1483 0.2354 0.0788 -0.1794 -0.3177 -0.3250 -0.2345 0.1684 0.1282 -0.0330 -0.2939 -0.3312 -0.2999 -0.0683 0.2063 0.0445 -0.2546 -0.3272 -0.3169 -0.1799 0.2344 0.0989 -0.1021 -0.3051 -0.3297 -0.2950 -0.0431 0.2050 0.0507 -0.2318 -0.3217 -0.3242 -0.2453 0.0931 0.1660 0.0266 -0.2500
0.0182 0.1845 0.0394 -0.2641 -0.3261 -0.3189 -0.2142 0.0580 0.2113 -0.0596 -0.2962 -0.3299 -0.3051 -0.1071 0.0961 0.2365 -0.1706 -0.3151 -0.3284 -0.2646 0.0350 0.1970 -0.0379 -0.2965 -0.3307 -0.2990 -0.0560 0.1172 0.2011 -0.2173 -0.3229 -0.3210 -0.2056 0.0699 0.2298 -0.1303 -0.3088 -0.3308 -0.2795 0.0136 0.1685 0.0323 -0.2848 -0.3293 -0.3064 -0.0974 0.1028 0.2287 -0.1934 -0.3233 -0.3467 -0.3233 -0.1934 0.2287 0.1028 -0.0974 -0.3064 -0.3293 -0.2848 0.0323 0.1685 0.0136 -0.2795 -0.3308 -0.3088 -0.1303 0.2298 0.0699 -0.2056 -0.3210 -0.3229 -0.2173 0.2011 0.1172 -0.0560 -0.2990 -0.3307 -0.2965 -0.0379 0.1970 0.0350 -0.2646 -0.3284 -0.3151 -0.1706 0.2365 0.0961 -0.1071 -0.3051 -0.3299 -0.2962 -0.0596 0.2113 0.0580 -0.2142 -0.3189 -0.3261 -0.2641 0.0394 0.1845 0.0182
0.1899 -0.0093 -0.2830 -0.3277 -0.3155 -0.1908 0.0663 0.2191 -0.0806 -0.2984 -0.3304 -0.3036 -0.1021 0.0961 0.2370 -0.1657 -0.3138 -0.3292 -0.2711 0.0263 0.1850 -0.0033 -0.2933 -0.3299 -0.3037 -0.0819 0.1075 0.2220 -0.2008 -0.3206 -0.3239 -0.2278 0.0608 0.2221 -0.1103 -0.3056 -0.3313 -0.2850 -0.0013 0.1515 0.0860 -0.2668 -0.3279 -0.3109 -0.1279 0.0938 0.2362 -0.1768 -0.3168 -0.3402 -0.3281 -0.3402 -0.3168 -0.1768 0.2362 0.0938 -0.1279 -0.3109 -0.3279 -0.2668 0.0860 0.1515 -0.0013 -0.2850 -0.3313 -0.3056 -0.1103 0.2221 0.0608 -0.2278 -0.3239 -0.3206 -0.2008 0.2220 0.1075 -0.0819 -0.3037 -0.3299 -0.2933 -0.0033 0.1850 0.0263 -0.2711 -0.3292 -0.3138 -0.1657 0.2370 0.0961 -0.1021 -0.3036 -0.3304 -0.2984 -0.0806 0.2191 0.0663 -0.1908 -0.3155 -0.3277 -0.2830 -0.0093 0.1899
-0.0402 -0.2943 -0.3291 -0.3115 -0.1627 0.0751 0.2269 -0.1020 -0.3012 -0.3309 -0.3007 -0.0882 0.0989 0.2365 -0.1657 -0.3134 -0.3295 -0.2747 0.0194 0.1723 0.0319 -0.2844 -0.3289 -0.3078 -0.1090 0.0989 0.2331 -0.1850 -0.3181 -0.3262 -0.2458 0.0511 0.2129 -0.0871 -0.3023 -0.3314 -0.2902 -0.0188 0.1371 0.1375 -0.2474 -0.3263 -0.3150 -0.1586 0.0850 0.2374 -0.1604 -0.3140 -0.3282 -0.2637 -0.0508 -0.2637 -0.3282 -0.3140 -0.1604 0.2374 0.0850 -0.1586 -0.3150 -0.3263 -0.2474 0.1375 0.1371 -0.0188 -0.2902 -0.3314 -0.3023 -0.0871 0.2129 0.0511 -0.2458 -0.3262 -0.3181 -0.1850 0.2331 0.0989 -0.1090 -0.3078 -0.3289 -0.2844 0.0319 0.1723 0.0194 -0.2747 -0.3295 -0.3134 -0.1657 0.2365 0.0989 -0.0882 -0.3007 -0.3309 -0.3012 -0.1020 0.2269 0.0751 -0.1627 -0.3115 -0.3291 -0.2943 -0.0402
-0.2334 -0.3306 -0.3071 -0.1322 0.0838 0.2334 -0.1222 -0.3043 -0.3313 -0.2968 -0.0686 0.1042 0.2344 -0.1706 -0.3138 -0.3295 -0.2758 0.0155 0.1646 0.0603 -0.2716 -0.3279 -0.3112 -0.1349 0.0911 0.2373 -0.1699 -0.3155 -0.3281 -0.2598 0.0407 0.2029 -0.0590 -0.2988 -0.3311 -0.2954 -0.0393 0.1249 0.1791 -0.2295 -0.3244 -0.3187 -0.1873 0.0763 0.2341 -0.1433 -0.3110 -0.3300 -0.2740 0.0259 0.1007 0.0259 -0.2740 -0.3300 -0.3110 -0.1433 0.2341 0.0763 -0.1873 -0.3187 -0.3244 -0.2295 0.1791 0.1249 -0.0393 -0.2954 -0.3311 -0.2988 -0.0590 0.2029 0.0407 -0.2598 -0.3281 -0.3155 -0.1699 0.2373 0.0911 -0.1349 -0.3112 -0.3279 -0.2716 0.0603 0.1646 0.0155 -0.2758 -0.3295 -0.3138 -0.1706 0.2344 0.1042 -0.0686 -0.2968 -0.3313 -0.3043 -0.1222 0.2334 0.0838 -0.1322 -0.3071 -0.3306 -0.2334
-0.2775 -0.3027 -0.1017 0.0926 0.2371 -0.1408 -0.3075 -0.3313 -0.2921 -0.0471 0.1116 0.2283 -0.1799 -0.3151 -0.3292 -0.2747 0.0155 0.1621 0.0756 -0.2633 -0.3271 -0.3137 -0.1566 0.0843 0.2370 -0.1556 -0.3129 -0.3295 -0.2700 0.0295 0.1902 -0.0236 -0.2953 -0.3305 -0.3006 -0.0634 0.1143 0.2083 -0.2125 -0.3223 -0.3219 -0.2124 0.0673 0.2278 -0.1248 -0.3079 -0.3310 -0.2812 0.0105 0.1493 0.2260 0.1493 0.0105 -0.2812 -0.3310 -0.3079 -0.1248 0.2278 0.0673 -0.2124 -0.3219 -0.3223 -0.2125 0.2083 0.1143 -0.0634 -0.3006 -0.3305 -0.2953 -0.0236 0.1902 0.0295 -0.2700 -0.3295 -0.3129 -0.1556 0.2370 0.0843 -0.1566 -0.3137 -0.3271 -0.2633 0.0756 0.1621 0.0155 -0.2747 -0.3292 -0.3151 -0.1799 0.2283 0.1116 -0.0471 -0.2921 -0.3313 -0.3075 -0.1408 0.2371 0.0926 -0.1017 -0.3027 -0.2775
-0.2667 -0.0707 0.1014 0.2367 -0.1581 -0.3106 -0.3311 -0.2871 -0.0267 0.1207 0.2154 -0.1921 -0.3169 -0.3284 -0.2711 0.0194 0.1646 0.0756 -0.2605 -0.3266 -0.3152 -0.1719 0.0789 0.2346 -0.1425 -0.3105 -0.3304 -0.2772 0.0179 0.1737 0.0199 -0.2879 -0.3295 -0.3054 -0.0912 0.1047 0.2263 -0.1962 -0.3199 -0.3246 -0.2334 0.0580 0.2195 -0.1040 -0.3047 -0.3314 -0.2865 -0.0061 0.1469 0.1167 -0.1754 0.1167 0.1469 -0.0061 -0.2865 -0.3314 -0.3047 -0.1040 0.2195 0.0580 -0.2334 -0.3246 -0.3199 -0.1962 0.2263 0.1047 -0.0912 -0.3054 -0.3295 -0.2879 0.0199 0.1737 0.0179 -0.2772 -0.3304 -0.3105 -0.1425 0.2346 0.0789 -0.1719 -0.3152 -0.3266 -0.2605 0.0756 0.1646 0.0194 -0.2711 -0.3284 -0.3169 -0.1921 0.2154 0.1207 -0.0267 -0.2871 -0.3311 -0.3106 -0.1581 0.2367 0.1014 -0.0707 -0.2667
-0.0831 0.1124 0.2303 -0.1745 -0.3136 -0.3304 -0.2820 -0.0084 0.1317 0.1924 -0.2064 -0.3191 -0.3272 -0.2646 0.0263 0.1723 0.0603 -0.2633 -0.3266 -0.3157 -0.1796 0.0755 0.2319 -0.1314 -0.3084 -0.3308 -0.2819 0.0058 0.1578 0.0682 -0.2727 -0.3283 -0.3099 -0.1212 0.0956 0.2352 -0.1801 -0.3174 -0.3269 -0.2502 0.0482 0.2101 -0.0796 -0.3013 -0.3314 -0.2917 -0.0243 0.1335 0.1481 -0.2402 -0.3134 -0.2402 0.1481 0.1335 -0.0243 -0.2917 -0.3314 -0.3013 -0.0796 0.2101 0.0482 -0.2502 -0.3269 -0.3174 -0.1801 0.2352 0.0956 -0.1212 -0.3099 -0.3283 -0.2727 0.0682 0.1578 0.0058 -0.2819 -0.3308 -0.3084 -0.1314 0.2319 0.0755 -0.1796 -0.3157 -0.3266 -0.2633 0.0603 0.1723 0.0263 -0.2646 -0.3272 -0.3191 -0.2064 0.1924 0.1317 -0.0084 -0.2820 -0.3304 -0.3136 -0.1745 0.2303 0.1124 -0.0831
0.1152 0.2155 -0.1906 -0.3164 -0.3292 -0.2757 0.0075 0.1451 0.1566 -0.2223 -0.3213 -0.3254 -0.2546 0.0350 0.1850 0.0319 -0.2716 -0.3271 -0.3152 -0.1796 0.0743 0.2302 -0.1239 -0.3067 -0.3311 -0.2854 -0.0060 0.1452 0.1136 -0.2550 -0.3269 -0.3138 -0.1509 0.0870 0.2375 -0.1638 -0.3146 -0.3286 -0.2632 0.0375 0.2000 -0.0496 -0.2978 -0.3310 -0.2969 -0.0459 0.1217 0.1886 -0.2252 -0.3288 -0.3493 -0.3288 -0.2252 0.1886 0.1217 -0.0459 -0.2969 -0.3310 -0.2978 -0.0496 0.2000 0.0375 -0.2632 -0.3286 -0.3146 -0.1638 0.2375 0.0870 -0.1509 -0.3138 -0.3269 -0.2550 0.1136 0.1452 -0.0060 -0.2854 -0.3311 -0.3067 -0.1239 0.2302 0.0743 -0.1796 -0.3152 -0.3271 -0.2716 0.0319 0.1850 0.0350 -0.2546 -0.3254 -0.3213 -0.2223 0.1566 0.1451 0.0075 -0.2757 -0.3292 -0.3164 -0.1906 0.2155 0.1152
0.1759 -0.2067 -0.3190 -0.3276 -0.2670 0.0213 0.1609 0.1087 -0.2397 -0.3235 -0.3230 -0.2405 0.0445 0.1970 -0.0033 -0.2844 -0.3279 -0.3137 -0.1719 0.0755 0.2302 -0.1213 -0.3059 -0.3312 -0.2878 -0.0164 0.1359 0.1492 -0.2402 -0.3254 -0.3172 -0.1777 0.0788 0.2352 -0.1473 -0.3117 -0.3299 -0.2730 0.0258 0.1855 -0.0116 -0.2942 -0.3303 -0.3020 -0.0711 0.1115 0.2145 -0.2078 -0.3216 -0.3368 -0.3148 -0.3368 -0.3216 -0.2078 0.2145 0.1115 -0.0711 -0.3020 -0.3303 -0.2942 -0.0116 0.1855 0.0258 -0.2730 -0.3299 -0.3117 -0.1473 0.2352 0.0788 -0.1777 -0.3172 -0.3254 -0.2402 0.1492 0.1359 -0.0164 -0.2878 -0.3312 -0.3059 -0.1213 0.2302 0.0755 -0.1719 -0.3137 -0.3279 -0.2844 -0.0033 0.1970 0.0445 -0.2405 -0.3230 -0.3235 -0.2397 0.1087 0.1609 0.0213 -0.2670 -0.3276 -0.3190 -0.2067 0.1759
-0.1833 -0.3219 -0.3254 -0.2552 0.0335 0.1797 0.0547 -0.2584 -0.3255 -0.3201 -0.2218 0.0541 0.2063 -0.0379 -0.2933 -0.3289 -0.3112 -0.1566 0.0789 0.2319 -0.1239 -0.3059 -0.3312 -0.2892 -0.0236 0.1299 0.1730 -0.2285 -0.3239 -0.3198 -0.2002 0.0711 0.2303 -0.1305 -0.3088 -0.3308 -0.2799 0.0126 0.1672 0.0361 -0.2839 -0.3292 -0.3068 -0.0997 0.1020 0.2297 -0.1915 -0.3192 -0.3245 -0.2316 -0.0114 -0.2316 -0.3245 -0.3192 -0.1915 0.2297 0.1020 -0.0997 -0.3068 -0.3292 -0.2839 0.0361 0.1672 0.0126 -0.2799 -0.3308 -0.3088 -0.1305 0.2303 0.0711 -0.2002 -0.3198 -0.3239 -0.2285 0.1730 0.1299 -0.0236 -0.2892 -0.3312 -0.3059 -0.1239 0.2319 0.0789 -0.1566 -0.3112 -0.3289 -0.2933 -0.0379 0.2063 0.0541 -0.2218 -0.3201 -0.3255 -0.2584 0.0547 0.1797 0.0335 -0.2552 -0.3254 -0.3219 -0.1833
-0.2654 -0.3233 -0.2398 0.0445 0.1958 0.0041 -0.2789 -0.3273 -0.3166 -0.1985 0.0634 0.2157 -0.0683 -0.2965 -0.3299 -0.3078 -0.1349 0.0843 0.2346 -0.1314 -0.3067 -0.3312 -0.2892 -0.0262 0.1269 0.1861 -0.2204 -0.3226 -0.3218 -0.2174 0.0640 0.2241 -0.1134 -0.3059 -0.3312 -0.2850 -0.0021 0.1506 0.0895 -0.2654 -0.3278 -0.3113 -0.1304 0.0931 0.2365 -0.1754 -0.3166 -0.3272 -0.2532 0.0466 0.1186 0.0466 -0.2532 -0.3272 -0.3166 -0.1754 0.2365 0.0931 -0.1304 -0.3113 -0.3278 -0.2654 0.0895 0.1506 -0.0021 -0.2850 -0.3312 -0.3059 -0.1134 0.2241 0.0640 -0.2174 -0.3218 -0.3226 -0.2204 0.1861 0.1269 -0.0262 -0.2892 -0.3312 -0.3067 -0.1314 0.2346 0.0843 -0.1349 -0.3078 -0.3299 -0.2965 -0.0683 0.2157 0.0634 -0.1985 -0.3166 -0.3273 -0.2789 0.0041 0.1958 0.0445 -0.2398 -0.3233 -0.2654
-0.2792 -0.2195 0.0545 0.2066 -0.0373 -0.2923 -0.3287 -0.3127 -0.1712 0.0725 0.2245 -0.0942 -0.2999 -0.3307 -0.3037 -0.1090 0.0911 0.2370 -0.1425 -0.3084 -0.3311 -0.2878 -0.0236 0.1269 0.1902 -0.2162 -0.3218 -0.3230 -0.2292 0.0579 0.2178 -0.0963 -0.3032 -0.3314 -0.2896 -0.0181 0.1371 0.1390 -0.2465 -0.3262 -0.3153 -0.1610 0.0843 0.2372 -0.1590 -0.3138 -0.3291 -0.2664 0.0350 0.1769 0.2142 0.1769 0.0350 -0.2664 -0.3291 -0.3138 -0.1590 0.2372 0.0843 -0.1610 -0.3153 -0.3262 -0.2465 0.1390 0.1371 -0.0181 -0.2896 -0.3314 -0.3032 -0.0963 0.2178 0.0579 -0.2292 -0.3230 -0.3218 -0.2162 0.1902 0.1269 -0.0236 -0.2878 -0.3311 -0.3084 -0.1425 0.2370 0.0911 -0.1090 -0.3037 -0.3307 -0.2999 -0.0942 0.2245 0.0725 -0.1712 -0.3127 -0.3287 -0.2923 -0.0373 0.2066 0.0545 -0.2195 -0.2792
-0.2104 0.0658 0.2163 -0.0698 -0.2966 -0.3299 -0.3084 -0.1411 0.0813 0.2317 -0.1163 -0.3033 -0.3312 -0.2990 -0.0819 0.0989 0.2373 -0.1556 -0.3105 -0.3308 -0.2854 -0.0164 0.1299 0.1861 -0.2162 -0.3215 -0.3237 -0.2361 0.0535 0.2126 -0.0802 -0.3007 -0.3312 -0.2938 -0.0354 0.1261 0.1773 -0.2297 -0.3243 -0.3188 -0.1892 0.0756 0.2337 -0.1419 -0.3108 -0.3303 -0.2752 0.0222 0.1801 0.0144 -0.2213 0.0144 0.1801 0.0222 -0.2752 -0.3303 -0.3108 -0.1419 0.2337 0.0756 -0.1892 -0.3188 -0.3243 -0.2297 0.1773 0.1261 -0.0354 -0.2938 -0.3312 -0.3007 -0.0802 0.2126 0.0535 -0.2361 -0.3237 -0.3215 -0.2162 0.1861 0.1299 -0.0164 -0.2854 -0.3308 -0.3105 -0.1556 0.2373 0.0989 -0.0819 -0.2990 -0.3312 -0.3033 -0.1163 0.2317 0.0813 -0.1411 -0.3084 -0.3299 -0.2966 -0.0698 0.2163 0.0658 -0.2104
0.0616 0.2251 -0.0959 -0.3001 -0.3308 -0.3037 -0.1102 0.0901 0.2364 -0.1356 -0.3066 -0.3314 -0.2939 -0.0560 0.1075 0.2331 -0.1699 -0.3129 -0.3304 -0.2819 -0.0060 0.1359 0.1730 -0.2204 -0.3218 -0.3237 -0.2383 0.0511 0.2092 -0.0676 -0.2988 -0.3309 -0.2974 -0.0530 0.1172 0.2036 -0.2145 -0.3224 -0.3218 -0.2132 0.0668 0.2272 -0.1232 -0.3077 -0.3310 -0.2816 0.0085 0.1623 0.0484 -0.2783 -0.3206 -0.2783 0.0484 0.1623 0.0085 -0.2816 -0.3310 -0.3077 -0.1232 0.2272 0.0668 -0.2132 -0.3218 -0.3224 -0.2145 0.2036 0.1172 -0.0530 -0.2974 -0.3309 -0.2988 -0.0676 0.2092 0.0511 -0.2383 -0.3237 -0.3218 -0.2204 0.1730 0.1359 -0.0060 -0.2819 -0.3304 -0.3129 -0.1699 0.2331 0.1075 -0.0560 -0.2939 -0.3314 -0.3066 -0.1356 0.2364 0.0901 -0.1102 -0.3037 -0.3308 -0.3001 -0.0959 0.2251 0.0616
0.2197 -0.1179 -0.3035 -0.3313 -0.2987 -0.0807 0.0989 0.2374 -0.1532 -0.3097 -0.3312 -0.2887 -0.0330 0.1172 0.2220 -0.1850 -0.3155 -0.3295 -0.2772 0.0058 0.1452 0.1492 -0.2285 -0.3226 -0.3230 -0.2361 0.0511 0.2079 -0.0605 -0.2976 -0.3306 -0.3002 -0.0691 0.1103 0.2197 -0.2012 -0.3204 -0.3242 -0.2322 0.0581 0.2192 -0.1027 -0.3045 -0.3314 -0.2868 -0.0073 0.1460 0.1051 -0.2603 -0.3335 -0.3507 -0.3335 -0.2603 0.1051 0.1460 -0.0073 -0.2868 -0.3314 -0.3045 -0.1027 0.2192 0.0581 -0.2322 -0.3242 -0.3204 -0.2012 0.2197 0.1103 -0.0691 -0.3002 -0.3306 -0.2976 -0.0605 0.2079 0.0511 -0.2361 -0.3230 -0.3226 -0.2285 0.1492 0.1452 0.0058 -0.2772 -0.3295 -0.3155 -0.1850 0.2220 0.1172 -0.0330 -0.2887 -0.3312 -0.3097 -0.1532 0.2374 0.0989 -0.0807 -0.2987 -0.3313 -0.3035 -0.1179 0.2197
-0.1189 -0.3072 -0.3314 -0.2935 -0.0542 0.1081 0.2329 -0.1698 -0.3128 -0.3306 -0.2835 -0.0134 0.1282 0.2011 -0.2008 -0.3181 -0.3281 -0.2700 0.0179 0.1578 0.1136 -0.2402 -0.3239 -0.3218 -0.2292 0.0535 0.2092 -0.0605 -0.2972 -0.3304 -0.3018 -0.0814 0.1052 0.2285 -0.1900 -0.3185 -0.3260 -0.2468 0.0495 0.2108 -0.0800 -0.3012 -0.3313 -0.2920 -0.0258 0.1325 0.1539 -0.2409 -0.3255 -0.3313 -0.2960 -0.3313 -0.3255 -0.2409 0.1539 0.1325 -0.0258 -0.2920 -0.3313 -0.3012 -0.0800 0.2108 0.0495 -0.2468 -0.3260 -0.3185 -0.1900 0.2285 0.1052 -0.0814 -0.3018 -0.3304 -0.2972 -0.0605 0.2092 0.0535 -0.2292 -0.3218 -0.3239 -0.2402 0.1136 0.1578 0.0179 -0.2700 -0.3281 -0.3181 -0.2008 0.2011 0.1282 -0.0134 -0.2835 -0.3306 -0.3128 -0.1698 0.2329 0.1081 -0.0542 -0.2935 -0.3314 -0.3072 -0.1189
-0.2481 -0.3315 -0.2882 -0.0314 0.1181 0.2209 -0.1860 -0.3156 -0.3296 -0.2777 0.0032 0.1410 0.1684 -0.2173 -0.3206 -0.3262 -0.2598 0.0295 0.1737 0.0682 -0.2550 -0.3254 -0.3198 -0.2174 0.0579 0.2126 -0.0676 -0.2976 -0.3304 -0.3024 -0.0879 0.1021 0.2327 -0.1815 -0.3169 -0.3274 -0.2575 0.0413 0.2024 -0.0545 -0.2981 -0.3309 -0.2969 -0.0469 0.1211 0.1908 -0.2233 -0.3236 -0.3189 -0.1870 0.0165 -0.1870 -0.3189 -0.3236 -0.2233 0.1908 0.1211 -0.0469 -0.2969 -0.3309 -0.2981 -0.0545 0.2024 0.0413 -0.2575 -0.3274 -0.3169 -0.1815 0.2327 0.1021 -0.0879 -0.3024 -0.3304 -0.2976 -0.0676 0.2126 0.0579 -0.2174 -0.3198 -0.3254 -0.2550 0.0682 0.1737 0.0295 -0.2598 -0.3262 -0.3206 -0.2173 0.1684 0.1410 0.0032 -0.2777 -0.3296 -0.3156 -0.1860 0.2209 0.1181 -0.0314 -0.2882 -0.3315 -0.2481
-0.2816 -0.2835 -0.0122 0.1292 0.1990 -0.2021 -0.3183 -0.3281 -0.2698 0.0176 0.1561 0.1235 -0.2345 -0.3229 -0.3239 -0.2458 0.0407 0.1902 0.0199 -0.2727 -0.3269 -0.3172 -0.2002 0.0640 0.2178 -0.0802 -0.2988 -0.3306 -0.3018 -0.0879 0.1010 0.2344 -0.1762 -0.3157 -0.3283 -0.2648 0.0337 0.1945 -0.0263 -0.2951 -0.3303 -0.3015 -0.0703 0.1114 0.2152 -0.2068 -0.3215 -0.3226 -0.2189 0.0643 0.1392 0.0643 -0.2189 -0.3226 -0.3215 -0.2068 0.2152 0.1114 -0.0703 -0.3015 -0.3303 -0.2951 -0.0263 0.1945 0.0337 -0.2648 -0.3283 -0.3157 -0.1762 0.2344 0.1010 -0.0879 -0.3018 -0.3306 -0.2988 -0.0802 0.2178 0.0640 -0.2002 -0.3172 -0.3269 -0.2727 0.0199 0.1902 0.0407 -0.2458 -0.3239 -0.3229 -0.2345 0.1235 0.1561 0.0176 -0.2698 -0.3281 -0.3183 -0.2021 0.1990 0.1292 -0.0122 -0.2835 -0.2816
-0.2558 0.0060 0.1421 0.1653 -0.2187 -0.3208 -0.3261 -0.2590 0.0302 0.1739 0.0703 -0.2528 -0.3250 -0.3210 -0.2278 0.0511 0.2029 -0.0236 -0.2879 -0.3283 -0.3138 -0.1777 0.0711 0.2241 -0.0963 -0.3007 -0.3309 -0.3002 -0.0814 0.1021 0.2344 -0.1743 -0.3151 -0.3288 -0.2691 0.0275 0.1850 0.0024 -0.2922 -0.3296 -0.3055 -0.0948 0.1029 0.2293 -0.1915 -0.3191 -0.3254 -0.2400 0.0551 0.2001 0.1682 0.2001 0.0551 -0.2400 -0.3254 -0.3191 -0.1915 0.2293 0.1029 -0.0948 -0.3055 -0.3296 -0.2922 0.0024 0.1850 0.0275 -0.2691 -0.3288 -0.3151 -0.1743 0.2344 0.1021 -0.0814 -0.3002 -0.3309 -0.3007 -0.0963 0.2241 0.0711 -0.1777 -0.3138 -0.3283 -0.2879 -0.0236 0.2029 0.0511 -0.2278 -0.3210 -0.3250 -0.2528 0.0703 0.1739 0.0302 -0.2590 -0.3261 -0.3208 -0.2187 0.1653 0.1421 0.0060 -0.2558
-0.0042 0.1574 0.1196 -0.2359 -0.3231 -0.3237 -0.2446 0.0415 0.1911 0.0179 -0.2728 -0.3268 -0.3177 -0.2056 0.0608 0.2129 -0.0590 -0.2953 -0.3295 -0.3099 -0.1509 0.0788 0.2303 -0.1134 -0.3032 -0.3312 -0.2974 -0.0691 0.1052 0.2327 -0.1762 -0.3151 -0.3289 -0.2712 0.0234 0.1761 0.0273 -0.2848 -0.3288 -0.3088 -0.1183 0.0955 0.2358 -0.1771 -0.3167 -0.3273 -0.2548 0.0446 0.2070 -0.0621 -0.2471 -0.0621 0.2070 0.0446 -0.2548 -0.3273 -0.3167 -0.1771 0.2358 0.0955 -0.1183 -0.3088 -0.3288 -0.2848 0.0273 0.1761 0.0234 -0.2712 -0.3289 -0.3151 -0.1762 0.2327 0.1052 -0.0691 -0.2974 -0.3312 -0.3032 -0.1134 0.2303 0.0788 -0.1509 -0.3099 -0.3295 -0.2953 -0.0590 0.2129 0.0608 -0.2056 -0.3177 -0.3268 -0.2728 0.0179 0.1911 0.0415 -0.2446 -0.3237 -0.3231 -0.2359 0.1196 0.1574 -0.0042
0.1669 0.0657 -0.2544 -0.3251 -0.3208 -0.2263 0.0518 0.2036 -0.0264 -0.2885 -0.3284 -0.3139 -0.1794 0.0699 0.2221 -0.0871 -0.2988 -0.3305 -0.3054 -0.1212 0.0870 0.2352 -0.1305 -0.3059 -0.3314 -0.2938 -0.0530 0.1103 0.2285 -0.1815 -0.3157 -0.3288 -0.2712 0.0220 0.1718 0.0441 -0.2756 -0.3280 -0.3113 -0.1389 0.0891 0.2376 -0.1638 -0.3143 -0.3288 -0.2658 0.0343 0.1967 -0.0401 -0.2975 -0.3274 -0.2975 -0.0401 0.1967 0.0343 -0.2658 -0.3288 -0.3143 -0.1638 0.2376 0.0891 -0.1389 -0.3113 -0.3280 -0.2756 0.0441 0.1718 0.0220 -0.2712 -0.3288 -0.3157 -0.1815 0.2285 0.1103 -0.0530 -0.2938 -0.3314 -0.3059 -0.1305 0.2352 0.0870 -0.1212 -0.3054 -0.3305 -0.2988 -0.0871 0.2221 0.0699 -0.1794 -0.3139 -0.3284 -0.2885 -0.0264 0.2036 0.0518 -0.2263 -0.3208 -0.3251 -0.2544 0.0657 0.1669
0.0152 -0.2742 -0.3269 -0.3174 -0.2038 0.0614 0.2136 -0.0612 -0.2955 -0.3296 -0.3097 -0.1499 0.0788 0.2298 -0.1103 -0.3023 -0.3311 -0.3006 -0.0912 0.0956 0.2375 -0.1473 -0.3088 -0.3312 -0.2896 -0.0354 0.1172 0.2197 -0.1900 -0.3169 -0.3283 -0.2691 0.0234 0.1718 0.0500 -0.2710 -0.3276 -0.3130 -0.1544 0.0840 0.2367 -0.1517 -0.3121 -0.3299 -0.2737 0.0237 0.1823 0.0002 -0.2934 -0.3374 -0.3503 -0.3374 -0.2934 0.0002 0.1823 0.0237 -0.2737 -0.3299 -0.3121 -0.1517 0.2367 0.0840 -0.1544 -0.3130 -0.3276 -0.2710 0.0500 0.1718 0.0234 -0.2691 -0.3283 -0.3169 -0.1900 0.2197 0.1172 -0.0354 -0.2896 -0.3312 -0.3088 -0.1473 0.2375 0.0956 -0.0912 -0.3006 -0.3311 -0.3023 -0.1103 0.2298 0.0788 -0.1499 -0.3097 -0.3296 -0.2955 -0.0612 0.2136 0.0614 -0.2038 -0.3174 -0.3269 -0.2742 0.0152
-0.2245 -0.3289 -0.3136 -0.1773 0.0706 0.2227 -0.0889 -0.2991 -0.3306 -0.3051 -0.1190 0.0875 0.2354 -0.1303 -0.3056 -0.3314 -0.2954 -0.0634 0.1047 0.2352 -0.1638 -0.3117 -0.3308 -0.2850 -0.0181 0.1261 0.2036 -0.2012 -0.3185 -0.3274 -0.2648 0.0275 0.1761 0.0441 -0.2710 -0.3274 -0.3139 -0.1641 0.0804 0.2349 -0.1416 -0.3101 -0.3306 -0.2791 0.0128 0.1658 0.0442 -0.2817 -0.3286 -0.3229 -0.2643 -0.3229 -0.3286 -0.2817 0.0442 0.1658 0.0128 -0.2791 -0.3306 -0.3101 -0.1416 0.2349 0.0804 -0.1641 -0.3139 -0.3274 -0.2710 0.0441 0.1761 0.0275 -0.2648 -0.3274 -0.3185 -0.2012 0.2036 0.1261 -0.0181 -0.2850 -0.3308 -0.3117 -0.1638 0.2352 0.1047 -0.0634 -0.2954 -0.3314 -0.3056 -0.1303 0.2354 0.0875 -0.1190 -0.3051 -0.3306 -0.2991 -0.0889 0.2227 0.0706 -0.1773 -0.3136 -0.3289 -0.2245
-0.2747 -0.3097 -0.1478 0.0794 0.2303 -0.1118 -0.3026 -0.3312 -0.3002 -0.0889 0.0963 0.2376 -0.1483 -0.3088 -0.3313 -0.2902 -0.0393 0.1143 0.2263 -0.1801 -0.3146 -0.3299 -0.2799 -0.0021 0.1371 0.1773 -0.2145 -0.3204 -0.3260 -0.2575 0.0337 0.1850 0.0273 -0.2756 -0.3276 -0.3139 -0.1673 0.0785 0.2333 -0.1342 -0.3085 -0.3309 -0.2826 0.0024 0.1529 0.0881 -0.2640 -0.3274 -0.3110 -0.1269 0.0385 -0.1269 -0.3110 -0.3274 -0.2640 0.0881 0.1529 0.0024 -0.2826 -0.3309 -0.3085 -0.1342 0.2333 0.0785 -0.1673 -0.3139 -0.3276 -0.2756 0.0273 0.1850 0.0337 -0.2575 -0.3260 -0.3204 -0.2145 0.1773 0.1371 -0.0021 -0.2799 -0.3299 -0.3146 -0.1801 0.2263 0.1143 -0.0393 -0.2902 -0.3313 -0.3088 -0.1483 0.2376 0.0963 -0.0889 -0.3002 -0.3312 -0.3026 -0.1118 0.2303 0.0794 -0.1478 -0.3097 -0.2747
-0.2711 -0.1147 0.0881 0.2357 -0.1316 -0.3059 -0.3314 -0.2950 -0.0614 0.1054 0.2348 -0.1651 -0.3119 -0.3308 -0.2850 -0.0188 0.1249 0.2083 -0.1962 -0.3174 -0.3286 -0.2730 0.0126 0.1506 0.1390 -0.2297 -0.3224 -0.3242 -0.2468 0.0413 0.1945 0.0024 -0.2848 -0.3280 -0.3130 -0.1641 0.0785 0.2327 -0.1302 -0.3075 -0.3311 -0.2851 -0.0068 0.1432 0.1249 -0.2494 -0.3262 -0.3152 -0.1625 0.0818 0.1652 0.0818 -0.1625 -0.3152 -0.3262 -0.2494 0.1249 0.1432 -0.0068 -0.2851 -0.3311 -0.3075 -0.1302 0.2327 0.0785 -0.1641 -0.3130 -0.3280 -0.2848 0.0024 0.1945 0.0413 -0.2468 -0.3242 -0.3224 -0.2297 0.1390 0.1506 0.0126 -0.2730 -0.3286 -0.3174 -0.1962 0.2083 0.1249 -0.0188 -0.2850 -0.3308 -0.3119 -0.1651 0.2348 0.1054 -0.0614 -0.2950 -0.3314 -0.3059 -0.1316 0.2357 0.0881 -0.1147 -0.2711
-0.1239 0.0987 0.2376 -0.1495 -0.3091 -0.3313 -0.2898 -0.0376 0.1151 0.2252 -0.1814 -0.3148 -0.3299 -0.2795 -0.0013 0.1371 0.1791 -0.2125 -0.3199 -0.3269 -0.2632 0.0258 0.1672 0.0895 -0.2465 -0.3243 -0.3218 -0.2322 0.0495 0.2024 -0.0263 -0.2922 -0.3288 -0.3113 -0.1544 0.0804 0.2333 -0.1302 -0.3072 -0.3312 -0.2866 -0.0139 0.1365 0.1514 -0.2378 -0.3249 -0.3182 -0.1877 0.0757 0.2248 0.0659 0.2248 0.0757 -0.1877 -0.3182 -0.3249 -0.2378 0.1514 0.1365 -0.0139 -0.2866 -0.3312 -0.3072 -0.1302 0.2333 0.0804 -0.1544 -0.3113 -0.3288 -0.2922 -0.0263 0.2024 0.0495 -0.2322 -0.3218 -0.3243 -0.2465 0.0895 0.1672 0.0258 -0.2632 -0.3269 -0.3199 -0.2125 0.1791 0.1371 -0.0013 -0.2795 -0.3299 -0.3148 -0.1814 0.2252 0.1151 -0.0376 -0.2898 -0.3313 -0.3091 -0.1495 0.2376 0.0987 -0.1239
0.0992 0.2342 -0.1663 -0.3121 -0.3308 -0.2846 -0.0173 0.1258 0.2065 -0.1975 -0.3176 -0.3285 -0.2724 0.0136 0.1515 0.1375 -0.2295 -0.3223 -0.3246 -0.2502 0.0375 0.1855 0.0361 -0.2654 -0.3262 -0.3188 -0.2132 0.0581 0.2108 -0.0545 -0.2951 -0.3296 -0.3088 -0.1389 0.0840 0.2349 -0.1342 -0.3075 -0.3312 -0.2872 -0.0179 0.1325 0.1682 -0.2292 -0.3238 -0.3203 -0.2058 0.0685 0.2281 -0.1186 -0.2734 -0.1186 0.2281 0.0685 -0.2058 -0.3203 -0.3238 -0.2292 0.1682 0.1325 -0.0179 -0.2872 -0.3312 -0.3075 -0.1342 0.2349 0.0840 -0.1389 -0.3088 -0.3296 -0.2951 -0.0545 0.2108 0.0581 -0.2132 -0.3188 -0.3262 -0.2654 0.0361 0.1855 0.0375 -0.2502 -0.3246 -0.3223 -0.2295 0.1375 0.1515 0.0136 -0.2724 -0.3285 -0.3176 -0.1975 0.2065 0.1258 -0.0173 -0.2846 -0.3308 -0.3121 -0.1663 0.2342 0.0992
0.2088 -0.1826 -0.3150 -0.3298 -0.2791 -0.0001 0.1382 0.1763 -0.2138 -0.3201 -0.3267 -0.2624 0.0267 0.1685 0.0860 -0.2474 -0.3244 -0.3219 -0.2334 0.0482 0.2000 -0.0116 -0.2839 -0.3278 -0.3153 -0.1892 0.0668 0.2192 -0.0800 -0.2981 -0.3303 -0.3055 -0.1183 0.0891 0.2367 -0.1416 -0.3085 -0.3311 -0.2866 -0.0179 0.1311 0.1763 -0.2239 -0.3229 -0.3217 -0.2187 0.0627 0.2222 -0.1084 -0.3064 -0.3345 -0.3064 -0.1084 0.2222 0.0627 -0.2187 -0.3217 -0.3229 -0.2239 0.1763 0.1311 -0.0179 -0.2866 -0.3311 -0.3085 -0.1416 0.2367 0.0891 -0.1183 -0.3055 -0.3303 -0.2981 -0.0800 0.2192 0.0668 -0.1892 -0.3153 -0.3278 -0.2839 -0.0116 0.2000 0.0482 -0.2334 -0.3219 -0.3244 -0.2474 0.0860 0.1685 0.0267 -0.2624 -0.3267 -0.3201 -0.2138 0.1763 0.1382 -0.0001 -0.2791 -0.3298 -0.3150 -0.1826 0.2088
-0.1666 -0.3181 -0.3284 -0.2717 0.0147 0.1527 0.1338 -0.2309 -0.3225 -0.3244 -0.2491 0.0383 0.1866 0.0323 -0.2668 -0.3263 -0.3187 -0.2124 0.0580 0.2101 -0.0496 -0.2942 -0.3292 -0.3113 -0.1610 0.0756 0.2272 -0.1027 -0.3012 -0.3309 -0.3015 -0.0948 0.0955 0.2376 -0.1517 -0.3101 -0.3309 -0.2851 -0.0139 0.1325 0.1763 -0.2221 -0.3225 -0.3225 -0.2268 0.0582 0.2173 -0.0929 -0.3026 -0.3403 -0.3464 -0.3403 -0.3026 -0.0929 0.2173 0.0582 -0.2268 -0.3225 -0.3225 -0.2221 0.1763 0.1325 -0.0139 -0.2851 -0.3309 -0.3101 -0.1517 0.2376 0.0955 -0.0948 -0.3015 -0.3309 -0.3012 -0.1027 0.2272 0.0756 -0.1610 -0.3113 -0.3292 -0.2942 -0.0496 0.2101 0.0580 -0.2124 -0.3187 -0.3263 -0.2668 0.0323 0.1866 0.0383 -0.2491 -0.3244 -0.3225 -0.2309 0.1338 0.1527 0.0147 -0.2717 -0.3284 -0.3181 -0.1666
-0.2608 -0.3269 -0.2615 0.0277 0.1700 0.0818 -0.2489 -0.3246 -0.3217 -0.2320 0.0489 0.2007 -0.0147 -0.2848 -0.3279 -0.3150 -0.1873 0.0673 0.2195 -0.0796 -0.2978 -0.3303 -0.3068 -0.1304 0.0843 0.2337 -0.1232 -0.3045 -0.3313 -0.2969 -0.0703 0.1029 0.2358 -0.1638 -0.3121 -0.3306 -0.2826 -0.0068 0.1365 0.1682 -0.2239 -0.3225 -0.3228 -0.2309 0.0553 0.2136 -0.0808 -0.3005 -0.3307 -0.3071 -0.1982 -0.3071 -0.3307 -0.3005 -0.0808 0.2136 0.0552 -0.2309 -0.3228 -0.3225 -0.2239 0.1682 0.1365 -0.0068 -0.2826 -0.3306 -0.3121 -0.1638 0.2358 0.1029 -0.0703 -0.2969 -0.3313 -0.3045 -0.1232 0.2337 0.0843 -0.1304 -0.3068 -0.3303 -0.2978 -0.0796 0.2195 0.0673 -0.1873 -0.3150 -0.3279 -0.2848 -0.0147 0.2007 0.0489 -0.2320 -0.3217 -0.3246 -0.2489 0.0818 0.1700 0.0277 -0.2615 -0.3269 -0.2608
-0.2810 -0.2477 0.0391 0.1878 0.0283 -0.2685 -0.3264 -0.3185 -0.2107 0.0587 0.2108 -0.0520 -0.2945 -0.3293 -0.3109 -0.1586 0.0763 0.2278 -0.1040 -0.3013 -0.3310 -0.3020 -0.0997 0.0931 0.2372 -0.1419 -0.3077 -0.3314 -0.2920 -0.0469 0.1114 0.2293 -0.1771 -0.3143 -0.3299 -0.2791 0.0024 0.1432 0.1514 -0.2292 -0.3229 -0.3225 -0.2309 0.0544 0.2117 -0.0728 -0.2992 -0.3308 -0.2968 -0.0479 0.0629 -0.0479 -0.2968 -0.3308 -0.2992 -0.0727 0.2116 0.0542 -0.2309 -0.3225 -0.3229 -0.2292 0.1514 0.1432 0.0024 -0.2791 -0.3299 -0.3143 -0.1771 0.2293 0.1114 -0.0469 -0.2920 -0.3314 -0.3077 -0.1419 0.2372 0.0931 -0.0997 -0.3020 -0.3310 -0.3013 -0.1040 0.2278 0.0763 -0.1586 -0.3109 -0.3293 -0.2945 -0.0520 0.2108 0.0587 -0.2107 -0.3185 -0.3264 -0.2685 0.0283 0.1878 0.0391 -0.2477 -0.2810
-0.2317 0.0513 0.2015 -0.0179 -0.2858 -0.3281 -0.3148 -0.1853 0.0680 0.2202 -0.0815 -0.2981 -0.3303 -0.3064 -0.1279 0.0850 0.2341 -0.1248 -0.3047 -0.3314 -0.2969 -0.0711 0.1020 0.2365 -0.1590 -0.3108 -0.3310 -0.2868 -0.0258 0.1211 0.2152 -0.1915 -0.3167 -0.3288 -0.2737 0.0128 0.1529 0.1249 -0.2378 -0.3238 -0.3217 -0.2268 0.0553 0.2117 -0.0700 -0.2985 -0.3308 -0.2995 -0.0663 0.1065 0.2003 0.1065 -0.0663 -0.2995 -0.3308 -0.2985 -0.0697 0.2116 0.0552 -0.2268 -0.3217 -0.3238 -0.2378 0.1249 0.1529 0.0128 -0.2737 -0.3288 -0.3167 -0.1915 0.2152 0.1211 -0.0258 -0.2868 -0.3310 -0.3108 -0.1590 0.2365 0.1020 -0.0711 -0.2969 -0.3314 -0.3047 -0.1248 0.2341 0.0850 -0.1279 -0.3064 -0.3303 -0.2981 -0.0815 0.2202 0.0680 -0.1853 -0.3148 -0.3281 -0.2858 -0.0179 0.2015 0.0513 -0.2317
0.0454 0.2115 -0.0546 -0.2948 -0.3294 -0.3106 -0.1565 0.0769 0.2283 -0.1056 -0.3016 -0.3310 -0.3016 -0.0974 0.0938 0.2374 -0.1433 -0.3079 -0.3314 -0.2917 -0.0459 0.1115 0.2297 -0.1754 -0.3138 -0.3303 -0.2816 -0.0073 0.1325 0.1908 -0.2068 -0.3191 -0.3274 -0.2658 0.0237 0.1658 0.0881 -0.2494 -0.3249 -0.3202 -0.2187 0.0582 0.2136 -0.0728 -0.2985 -0.3307 -0.3007 -0.0765 0.1064 0.2319 -0.0749 0.2319 0.1064 -0.0765 -0.3007 -0.3307 -0.2985 -0.0727 0.2136 0.0582 -0.2187 -0.3203 -0.3249 -0.2494 0.0881 0.1658 0.0237 -0.2658 -0.3273 -0.3191 -0.2068 0.1908 0.1325 -0.0073 -0.2816 -0.3303 -0.3138 -0.1754 0.2297 0.1115 -0.0459 -0.2917 -0.3314 -0.3079 -0.1433 0.2374 0.0938 -0.0974 -0.3016 -0.3310 -0.3016 -0.1056 0.2283 0.0769 -0.1565 -0.3106 -0.3294 -0.2948 -0.0546 0.2115 0.0454
0.2097 -0.0837 -0.2983 -0.3304 -0.3061 -0.1257 0.0857 0.2344 -0.1262 -0.3049 -0.3314 -0.2965 -0.0690 0.1028 0.2362 -0.1604 -0.3110 -0.3310 -0.2865 -0.0243 0.1217 0.2145 -0.1915 -0.3166 -0.3291 -0.2752 0.0085 0.1460 0.1539 -0.2233 -0.3215 -0.3254 -0.2548 0.0344 0.1823 0.0443 -0.2640 -0.3262 -0.3181 -0.2058 0.0626 0.2172 -0.0808 -0.2992 -0.3307 -0.3007 -0.0794 0.1043 0.2306 -0.1808 -0.2989 -0.1808 0.2306 0.1043 -0.0794 -0.3007 -0.3308 -0.2992 -0.0808 0.2173 0.0627 -0.2058 -0.3182 -0.3262 -0.2640 0.0442 0.1823 0.0343 -0.2548 -0.3254 -0.3215 -0.2233 0.1539 0.1460 0.0085 -0.2752 -0.3291 -0.3166 -0.1915 0.2145 0.1217 -0.0243 -0.2865 -0.3310 -0.3110 -0.1604 0.2362 0.1028 -0.0690 -0.2965 -0.3314 -0.3049 -0.1262 0.2344 0.0857 -0.1257 -0.3061 -0.3304 -0.2983 -0.0837 0.2097
-0.0935 -0.3022 -0.3310 -0.3013 -0.0952 0.0944 0.2374 -0.1445 -0.3082 -0.3314 -0.2913 -0.0440 0.1122 0.2288 -0.1767 -0.3140 -0.3302 -0.2812 -0.0061 0.1334 0.1888 -0.2078 -0.3192 -0.3274 -0.2664 0.0222 0.1621 0.1053 -0.2409 -0.3237 -0.3229 -0.2399 0.0446 0.1966 0.0007 -0.2816 -0.3276 -0.3154 -0.1878 0.0684 0.2222 -0.0928 -0.3005 -0.3309 -0.2997 -0.0766 0.1042 0.2322 -0.1806 -0.3193 -0.3431 -0.3192 -0.1807 0.2321 0.1043 -0.0765 -0.2995 -0.3308 -0.3005 -0.0929 0.2222 0.0685 -0.1877 -0.3152 -0.3274 -0.2817 0.0002 0.1967 0.0446 -0.2400 -0.3226 -0.3236 -0.2409 0.1051 0.1623 0.0222 -0.2664 -0.3272 -0.3192 -0.2078 0.1886 0.1335 -0.0061 -0.2812 -0.3300 -0.3140 -0.1768 0.2287 0.1123 -0.0440 -0.2912 -0.3312 -0.3082 -0.1446 0.2374 0.0945 -0.0952 -0.3011 -0.3309 -0.3022 -0.0936
-0.2424 -0.3318 -0.2961 -0.0670 0.1034 0.2359 -0.1616 -0.3113 -0.3309 -0.2861 -0.0228 0.1226 0.2129 -0.1928 -0.3168 -0.3290 -0.2747 0.0095 0.1471 0.1507 -0.2245 -0.3216 -0.3253 -0.2543 0.0343 0.1811 0.0513 -0.2597 -0.3257 -0.3199 -0.2206 0.0545 0.2065 -0.0375 -0.2931 -0.3288 -0.3121 -0.1652 0.0751 0.2278 -0.1071 -0.3024 -0.3312 -0.2977 -0.0687 0.1060 0.2314 -0.1799 -0.3159 -0.3394 -0.3311 -0.3391 -0.3160 -0.1807 0.2306 0.1064 -0.0663 -0.2968 -0.3307 -0.3026 -0.1084 0.2281 0.0757 -0.1625 -0.3110 -0.3286 -0.2934 -0.0401 0.2070 0.0551 -0.2189 -0.3189 -0.3255 -0.2603 0.0484 0.1801 0.0350 -0.2532 -0.3245 -0.3216 -0.2252 0.1481 0.1469 0.0105 -0.2740 -0.3282 -0.3168 -0.1934 0.2117 0.1226 -0.0214 -0.2856 -0.3303 -0.3114 -0.1623 0.2355 0.1036 -0.0650 -0.2953 -0.3313 -0.2425
-0.2805 -0.2913 -0.0425 0.1129 0.2280 -0.1779 -0.3142 -0.3301 -0.2808 -0.0048 0.1344 0.1862 -0.2091 -0.3194 -0.3273 -0.2656 0.0231 0.1633 0.1015 -0.2421 -0.3238 -0.3227 -0.2387 0.0452 0.1970 0.0012 -0.2803 -0.3274 -0.3164 -0.1970 0.0640 0.2162 -0.0694 -0.2966 -0.3299 -0.3082 -0.1388 0.0825 0.2330 -0.1225 -0.3047 -0.3313 -0.2950 -0.0568 0.1096 0.2284 -0.1829 -0.3161 -0.3271 -0.2663 -0.0552 -0.2662 -0.3391 -0.3192 -0.1808 0.2319 0.1065 -0.0479 -0.3071 -0.3403 -0.3064 -0.1186 0.2248 0.0818 -0.1269 -0.3229 -0.3374 -0.2975 -0.0621 0.2001 0.0643 -0.1870 -0.3313 -0.3335 -0.2783 0.0144 0.1769 0.0466 -0.2316 -0.3368 -0.3288 -0.2402 0.1167 0.1493 0.0259 -0.2637 -0.3402 -0.3233 -0.2066 0.1961 0.1268 -0.0003 -0.2857 -0.3416 -0.3171 -0.1751 0.2322 0.1087 -0.0358 -0.3019 -0.2863
-0.2599 -0.0195 0.1234 0.2113 -0.1940 -0.3170 -0.3287 -0.2741 0.0107 0.1484 0.1471 -0.2259 -0.3218 -0.3250 -0.2533 0.0351 0.1822 0.0473 -0.2611 -0.3257 -0.3195 -0.2189 0.0553 0.2072 -0.0397 -0.2932 -0.3288 -0.3124 -0.1695 0.0731 0.2249 -0.0956 -0.3001 -0.3307 -0.3036 -0.1100 0.0904 0.2367 -0.1383 -0.3073 -0.3312 -0.2914 -0.0420 0.1150 0.2221 -0.1889 -0.3169 -0.3274 -0.2658 0.0368 0.0764 -0.0576 -0.3313 -0.3431 -0.2989 -0.0749 0.2003 0.0629 -0.1982 -0.3464 -0.3345 -0.2734 0.0659 0.1652 0.0385 -0.2643 -0.3503 -0.3274 -0.2471 0.1682 0.1392 0.0165 -0.2960 -0.3507 -0.3206 -0.2213 0.2142 0.1186 -0.0114 -0.3148 -0.3493 -0.3134 -0.1754 0.2260 0.1007 -0.0508 -0.3281 -0.3467 -0.3059 -0.1302 0.2192 0.0838 -0.1062 -0.3379 -0.3428 -0.2981 -0.0777 0.2039 0.0677 -0.1666 -0.3004
