-0.2355 -0.2587 -0.0183 0.1538 0.0508 -0.2156 -0.2730 -0.2731 -0.1454 0.0912 0.2178 -0.1575 -0.2583 -0.2815 -0.2398 0.0363 0.2032 -0.0773 -0.2393 -0.2796 -0.2622 -0.0482 0.1321 0.1227 -0.1989 -0.2693 -0.2767 -0.1824 0.0761 0.2236 -0.1389 -0.2532 -0.2820 -0.2504 0.0171 0.1891 -0.0378 -0.2331 -0.2774 -0.2669 -0.0850 0.1144 0.1781 -0.1825 -0.2652 -0.2793 -0.2117 0.0608 0.2194 -0.1131 -0.2207 -0.1131 0.2194 0.0608 -0.2117 -0.2793 -0.2652 -0.1825 0.1781 0.1144 -0.0850 -0.2669 -0.2774 -0.2331 -0.0378 0.1891 0.0171 -0.2504 -0.2820 -0.2532 -0.1389 0.2236 0.0761 -0.1824 -0.2767 -0.2693 -0.1989 0.1227 0.1321 -0.0482 -0.2622 -0.2796 -0.2393 -0.0773 0.2032 0.0363 -0.2398 -0.2815 -0.2583 -0.1575 0.2178 0.0912 -0.1454 -0.2731 -0.2730 -0.2156 0.0508 0.1538 -0.0183 -0.2587 -0.2355
-0.2587 0.0019 0.1499 0.1015 -0.2595 -0.3276 -0.3128 -0.1391 0.0918 0.2372 -0.1698 -0.3160 -0.3284 -0.2588 0.0431 0.2037 -0.0615 -0.2995 -0.3315 -0.2954 -0.0357 0.1269 0.1760 -0.2307 -0.3249 -0.3188 -0.1839 0.0786 0.2344 -0.1446 -0.3116 -0.3305 -0.2743 0.0256 0.1834 -0.0059 -0.2941 -0.3305 -0.3030 -0.0727 0.1117 0.2169 -0.2056 -0.3217 -0.3235 -0.2212 0.0650 0.2244 -0.1171 -0.3088 -0.3372 -0.3088 -0.1171 0.2244 0.0650 -0.2212 -0.3235 -0.3217 -0.2056 0.2169 0.1117 -0.0727 -0.3030 -0.3305 -0.2941 -0.0059 0.1834 0.0256 -0.2743 -0.3305 -0.3116 -0.1446 0.2344 0.0786 -0.1839 -0.3188 -0.3249 -0.2307 0.1760 0.1269 -0.0357 -0.2954 -0.3315 -0.2995 -0.0615 0.2037 0.0431 -0.2588 -0.3284 -0.3160 -0.1698 0.2372 0.0918 -0.1391 -0.3128 -0.3276 -0.2595 0.1015 0.1499 0.0019 -0.2587
-0.0183 0.1499 0.1219 -0.2475 -0.3257 -0.3156 -0.1691 0.0816 0.2365 -0.1535 -0.3128 -0.3295 -0.2698 0.0301 0.1911 -0.0264 -0.2955 -0.3305 -0.3001 -0.0616 0.1150 0.2065 -0.2138 -0.3224 -0.3216 -0.2108 0.0679 0.2283 -0.1262 -0.3082 -0.3309 -0.2807 0.0105 0.1647 0.0433 -0.2822 -0.3290 -0.3074 -0.1039 0.1007 0.2310 -0.1894 -0.3188 -0.3256 -0.2411 0.0538 0.2156 -0.0942 -0.3034 -0.3409 -0.3460 -0.3409 -0.3034 -0.0942 0.2156 0.0538 -0.2411 -0.3256 -0.3188 -0.1894 0.2310 0.1007 -0.1039 -0.3074 -0.3290 -0.2822 0.0433 0.1647 0.0105 -0.2807 -0.3309 -0.3082 -0.1262 0.2283 0.0679 -0.2108 -0.3216 -0.3224 -0.2138 0.2065 0.1150 -0.0616 -0.3001 -0.3305 -0.2955 -0.0264 0.1911 0.0301 -0.2698 -0.3295 -0.3128 -0.1535 0.2365 0.0816 -0.1691 -0.3156 -0.3257 -0.2475 0.1219 0.1499 -0.0183
0.1538 0.1015 -0.2475 -0.3250 -0.3173 -0.1894 0.0745 0.2325 -0.1370 -0.3099 -0.3305 -0.2777 0.0176 0.1739 0.0179 -0.2885 -0.3296 -0.3051 -0.0889 0.1054 0.2252 -0.1975 -0.3201 -0.3244 -0.2320 0.0587 0.2202 -0.1056 -0.3049 -0.3314 -0.2861 -0.0047 0.1483 0.0973 -0.2627 -0.3276 -0.3119 -0.1346 0.0919 0.2369 -0.1732 -0.3162 -0.3277 -0.2562 0.0438 0.2058 -0.0677 -0.2998 -0.3308 -0.3059 -0.1894 -0.3059 -0.3308 -0.2998 -0.0677 0.2058 0.0438 -0.2562 -0.3277 -0.3162 -0.1732 0.2369 0.0919 -0.1346 -0.3119 -0.3276 -0.2627 0.0973 0.1483 -0.0047 -0.2861 -0.3314 -0.3049 -0.1056 0.2202 0.0587 -0.2320 -0.3244 -0.3201 -0.1975 0.2252 0.1054 -0.0889 -0.3051 -0.3296 -0.2885 0.0179 0.1739 0.0176 -0.2777 -0.3305 -0.3099 -0.1370 0.2325 0.0745 -0.1894 -0.3173 -0.3250 -0.2475 0.1015 0.1538
0.0508 -0.2595 -0.3257 -0.3173 -0.1968 0.0699 0.2281 -0.1222 -0.3071 -0.3310 -0.2831 0.0037 0.1564 0.0699 -0.2728 -0.3284 -0.3097 -0.1190 0.0963 0.2348 -0.1814 -0.3176 -0.3267 -0.2491 0.0489 0.2108 -0.0815 -0.3016 -0.3314 -0.2913 -0.0228 0.1344 0.1472 -0.2436 -0.3259 -0.3159 -0.1650 0.0831 0.2370 -0.1568 -0.3134 -0.3293 -0.2677 0.0327 0.1947 -0.0346 -0.2963 -0.3305 -0.2982 -0.0482 0.0632 -0.0482 -0.2982 -0.3305 -0.2963 -0.0346 0.1947 0.0327 -0.2677 -0.3293 -0.3134 -0.1568 0.2370 0.0831 -0.1650 -0.3159 -0.3259 -0.2436 0.1472 0.1344 -0.0228 -0.2913 -0.3314 -0.3016 -0.0815 0.2108 0.0489 -0.2491 -0.3267 -0.3176 -0.1814 0.2348 0.0963 -0.1190 -0.3097 -0.3284 -0.2728 0.0699 0.1564 0.0037 -0.2831 -0.3310 -0.3071 -0.1222 0.2281 0.0699 -0.1968 -0.3173 -0.3257 -0.2595 0.0508
-0.2156 -0.3276 -0.3156 -0.1894 0.0699 0.2261 -0.1129 -0.3051 -0.3311 -0.2873 -0.0109 0.1424 0.1208 -0.2533 -0.3268 -0.3138 -0.1499 0.0875 0.2376 -0.1651 -0.3148 -0.3285 -0.2624 0.0383 0.2007 -0.0520 -0.2981 -0.3310 -0.2965 -0.0440 0.1226 0.1862 -0.2259 -0.3240 -0.3194 -0.1930 0.0744 0.2329 -0.1394 -0.3104 -0.3304 -0.2762 0.0204 0.1783 0.0075 -0.2913 -0.3298 -0.3039 -0.0807 0.1039 0.1986 0.1039 -0.0807 -0.3039 -0.3298 -0.2913 0.0075 0.1783 0.0204 -0.2762 -0.3304 -0.3104 -0.1394 0.2329 0.0744 -0.1930 -0.3194 -0.3240 -0.2259 0.1862 0.1226 -0.0440 -0.2965 -0.3310 -0.2981 -0.0520 0.2007 0.0383 -0.2624 -0.3285 -0.3148 -0.1651 0.2376 0.0875 -0.1499 -0.3138 -0.3268 -0.2533 0.1208 0.1424 -0.0109 -0.2873 -0.3311 -0.3051 -0.1129 0.2261 0.0699 -0.1894 -0.3156 -0.3276 -0.2156
-0.2730 -0.3128 -0.1691 0.0745 0.2281 -0.1129 -0.3043 -0.3310 -0.2902 -0.0242 0.1318 0.1608 -0.2366 -0.3251 -0.3174 -0.1789 0.0789 0.2354 -0.1483 -0.3119 -0.3299 -0.2724 0.0267 0.1866 -0.0147 -0.2945 -0.3303 -0.3016 -0.0690 0.1122 0.2129 -0.2091 -0.3218 -0.3225 -0.2173 0.0654 0.2261 -0.1205 -0.3073 -0.3311 -0.2824 0.0065 0.1597 0.0587 -0.2774 -0.3287 -0.3088 -0.1126 0.0984 0.2364 -0.0586 0.2364 0.0984 -0.1126 -0.3088 -0.3287 -0.2774 0.0587 0.1597 0.0065 -0.2824 -0.3311 -0.3073 -0.1205 0.2261 0.0654 -0.2173 -0.3225 -0.3218 -0.2091 0.2129 0.1122 -0.0690 -0.3016 -0.3303 -0.2945 -0.0147 0.1866 0.0267 -0.2724 -0.3299 -0.3119 -0.1483 0.2354 0.0789 -0.1789 -0.3174 -0.3251 -0.2366 0.1608 0.1318 -0.0242 -0.2902 -0.3310 -0.3043 -0.1129 0.2281 0.0745 -0.1691 -0.3128 -0.2730
-0.2731 -0.1391 0.0816 0.2325 -0.1222 -0.3051 -0.3310 -0.2912 -0.0325 0.1252 0.1860 -0.2231 -0.3233 -0.3204 -0.2036 0.0704 0.2300 -0.1304 -0.3089 -0.3308 -0.2795 0.0136 0.1685 0.0323 -0.2848 -0.3293 -0.3064 -0.0974 0.1028 0.2288 -0.1928 -0.3194 -0.3252 -0.2374 0.0560 0.2176 -0.0991 -0.3040 -0.3314 -0.2876 -0.0096 0.1441 0.1125 -0.2570 -0.3272 -0.3131 -0.1435 0.0894 0.2373 -0.1655 -0.2957 -0.1655 0.2373 0.0894 -0.1435 -0.3131 -0.3272 -0.2570 0.1125 0.1441 -0.0096 -0.2876 -0.3314 -0.3040 -0.0991 0.2176 0.0560 -0.2374 -0.3252 -0.3194 -0.1928 0.2288 0.1028 -0.0974 -0.3064 -0.3293 -0.2848 0.0323 0.1685 0.0136 -0.2795 -0.3308 -0.3089 -0.1304 0.2300 0.0704 -0.2036 -0.3204 -0.3233 -0.2231 0.1860 0.1252 -0.0325 -0.2912 -0.3310 -0.3051 -0.1222 0.2325 0.0816 -0.1391 -0.2731
-0.1454 0.0918 0.2365 -0.1370 -0.3071 -0.3311 -0.2902 -0.0325 0.1230 0.1976 -0.2141 -0.3218 -0.3225 -0.2226 0.0624 0.2229 -0.1115 -0.3057 -0.3313 -0.2849 -0.0013 0.1515 0.0860 -0.2668 -0.3279 -0.3109 -0.1279 0.0938 0.2362 -0.1767 -0.3168 -0.3273 -0.2533 0.0460 0.2079 -0.0737 -0.3006 -0.3313 -0.2928 -0.0285 0.1308 0.1597 -0.2384 -0.3254 -0.3170 -0.1734 0.0806 0.2361 -0.1527 -0.3152 -0.3414 -0.3152 -0.1527 0.2361 0.0806 -0.1734 -0.3170 -0.3254 -0.2384 0.1597 0.1308 -0.0285 -0.2928 -0.3313 -0.3006 -0.0737 0.2079 0.0460 -0.2533 -0.3273 -0.3168 -0.1767 0.2362 0.0938 -0.1279 -0.3109 -0.3279 -0.2668 0.0860 0.1515 -0.0013 -0.2849 -0.3313 -0.3057 -0.1115 0.2229 0.0624 -0.2226 -0.3225 -0.3218 -0.2141 0.1976 0.1230 -0.0325 -0.2902 -0.3311 -0.3071 -0.1370 0.2365 0.0918 -0.1454
0.0912 0.2372 -0.1535 -0.3099 -0.3310 -0.2873 -0.0242 0.1252 0.1976 -0.2109 -0.3210 -0.3238 -0.2352 0.0554 0.2158 -0.0920 -0.3027 -0.3314 -0.2899 -0.0184 0.1372 0.1375 -0.2474 -0.3263 -0.3150 -0.1586 0.0850 0.2374 -0.1604 -0.3140 -0.3290 -0.2656 0.0351 0.1977 -0.0422 -0.2971 -0.3309 -0.2980 -0.0508 0.1195 0.1951 -0.2210 -0.3234 -0.3204 -0.2004 0.0718 0.2312 -0.1342 -0.3096 -0.3417 -0.3402 -0.3417 -0.3096 -0.1342 0.2312 0.0718 -0.2004 -0.3204 -0.3234 -0.2210 0.1951 0.1195 -0.0508 -0.2980 -0.3309 -0.2971 -0.0422 0.1977 0.0351 -0.2656 -0.3290 -0.3140 -0.1604 0.2374 0.0850 -0.1586 -0.3150 -0.3263 -0.2474 0.1375 0.1372 -0.0184 -0.2899 -0.3314 -0.3027 -0.0920 0.2158 0.0554 -0.2352 -0.3238 -0.3210 -0.2109 0.1976 0.1252 -0.0242 -0.2873 -0.3310 -0.3099 -0.1535 0.2372 0.0912
0.2178 -0.1698 -0.3128 -0.3305 -0.2831 -0.0109 0.1318 0.1860 -0.2141 -0.3210 -0.3242 -0.2414 0.0505 0.2098 -0.0735 -0.3000 -0.3311 -0.2945 -0.0373 0.1255 0.1782 -0.2297 -0.3244 -0.3186 -0.1873 0.0763 0.2341 -0.1433 -0.3110 -0.3302 -0.2747 0.0231 0.1821 -0.0021 -0.2934 -0.3301 -0.3030 -0.0768 0.1094 0.2185 -0.2044 -0.3211 -0.3233 -0.2235 0.0627 0.2238 -0.1147 -0.3063 -0.3307 -0.2908 -0.1252 -0.2908 -0.3307 -0.3063 -0.1147 0.2238 0.0627 -0.2235 -0.3233 -0.3211 -0.2044 0.2185 0.1094 -0.0768 -0.3030 -0.3301 -0.2934 -0.0021 0.1821 0.0231 -0.2747 -0.3302 -0.3110 -0.1433 0.2341 0.0763 -0.1873 -0.3186 -0.3244 -0.2297 0.1782 0.1255 -0.0373 -0.2945 -0.3311 -0.3000 -0.0735 0.2098 0.0505 -0.2414 -0.3242 -0.3210 -0.2141 0.1860 0.1318 -0.0109 -0.2831 -0.3305 -0.3128 -0.1698 0.2178
-0.1575 -0.3160 -0.3295 -0.2777 0.0037 0.1424 0.1608 -0.2231 -0.3218 -0.3238 -0.2414 0.0486 0.2065 -0.0592 -0.2979 -0.3307 -0.2984 -0.0571 0.1161 0.2057 -0.2136 -0.3223 -0.3218 -0.2123 0.0673 0.2278 -0.1248 -0.3079 -0.3310 -0.2812 0.0095 0.1633 0.0474 -0.2812 -0.3289 -0.3078 -0.1060 0.1001 0.2317 -0.1882 -0.3187 -0.3258 -0.2424 0.0532 0.2149 -0.0923 -0.3030 -0.3313 -0.2885 -0.0097 0.0789 -0.0097 -0.2885 -0.3313 -0.3030 -0.0923 0.2149 0.0532 -0.2424 -0.3258 -0.3187 -0.1882 0.2317 0.1001 -0.1060 -0.3078 -0.3289 -0.2812 0.0474 0.1633 0.0095 -0.2812 -0.3310 -0.3079 -0.1248 0.2278 0.0673 -0.2123 -0.3218 -0.3223 -0.2136 0.2057 0.1161 -0.0571 -0.2984 -0.3307 -0.2979 -0.0592 0.2065 0.0486 -0.2414 -0.3238 -0.3218 -0.2231 0.1608 0.1424 0.0037 -0.2777 -0.3295 -0.3160 -0.1575
-0.2583 -0.3284 -0.2698 0.0176 0.1564 0.1208 -0.2366 -0.3233 -0.3225 -0.2352 0.0505 0.2065 -0.0537 -0.2967 -0.3303 -0.3012 -0.0750 0.1085 0.2221 -0.1993 -0.3202 -0.3243 -0.2326 0.0582 0.2196 -0.1040 -0.3047 -0.3314 -0.2865 -0.0061 0.1471 0.1015 -0.2611 -0.3275 -0.3122 -0.1369 0.0913 0.2371 -0.1721 -0.3160 -0.3278 -0.2572 0.0429 0.2050 -0.0654 -0.2996 -0.3312 -0.2942 -0.0330 0.1210 0.2152 0.1210 -0.0330 -0.2942 -0.3312 -0.2996 -0.0654 0.2050 0.0429 -0.2572 -0.3278 -0.3160 -0.1721 0.2371 0.0913 -0.1369 -0.3122 -0.3275 -0.2611 0.1015 0.1471 -0.0061 -0.2865 -0.3314 -0.3047 -0.1040 0.2196 0.0582 -0.2326 -0.3243 -0.3202 -0.1993 0.2221 0.1085 -0.0750 -0.3012 -0.3303 -0.2967 -0.0537 0.2065 0.0505 -0.2352 -0.3225 -0.3233 -0.2366 0.1208 0.1564 0.0176 -0.2698 -0.3284 -0.2583
-0.2815 -0.2588 0.0301 0.1739 0.0699 -0.2533 -0.3251 -0.3204 -0.2226 0.0554 0.2098 -0.0592 -0.2967 -0.3302 -0.3028 -0.0878 0.1032 0.2307 -0.1873 -0.3181 -0.3263 -0.2482 0.0491 0.2106 -0.0802 -0.3013 -0.3314 -0.2917 -0.0243 0.1334 0.1507 -0.2421 -0.3258 -0.3161 -0.1672 0.0825 0.2368 -0.1555 -0.3132 -0.3294 -0.2685 0.0318 0.1933 -0.0317 -0.2960 -0.3307 -0.2995 -0.0579 0.1165 0.2110 -0.1157 0.2110 0.1165 -0.0579 -0.2995 -0.3307 -0.2960 -0.0317 0.1933 0.0318 -0.2685 -0.3294 -0.3132 -0.1555 0.2368 0.0825 -0.1672 -0.3161 -0.3258 -0.2421 0.1507 0.1334 -0.0243 -0.2917 -0.3314 -0.3013 -0.0802 0.2106 0.0491 -0.2482 -0.3263 -0.3181 -0.1873 0.2307 0.1032 -0.0878 -0.3028 -0.3302 -0.2967 -0.0592 0.2098 0.0554 -0.2226 -0.3204 -0.3251 -0.2533 0.0699 0.1739 0.0301 -0.2588 -0.2815
-0.2398 0.0431 0.1911 0.0179 -0.2728 -0.3268 -0.3174 -0.2036 0.0624 0.2158 -0.0735 -0.2979 -0.3303 -0.3028 -0.0924 0.1004 0.2342 -0.1783 -0.3164 -0.3277 -0.2593 0.0401 0.2016 -0.0529 -0.2980 -0.3309 -0.2967 -0.0457 0.1217 0.1888 -0.2245 -0.3238 -0.3196 -0.1949 0.0737 0.2325 -0.1381 -0.3102 -0.3305 -0.2768 0.0194 0.1766 0.0112 -0.2903 -0.3298 -0.3044 -0.0849 0.1068 0.2223 -0.1971 -0.3036 -0.1971 0.2223 0.1068 -0.0849 -0.3044 -0.3298 -0.2903 0.0112 0.1766 0.0194 -0.2768 -0.3305 -0.3102 -0.1381 0.2325 0.0737 -0.1949 -0.3196 -0.3238 -0.2245 0.1888 0.1217 -0.0457 -0.2967 -0.3309 -0.2980 -0.0529 0.2016 0.0401 -0.2593 -0.3277 -0.3164 -0.1783 0.2342 0.1004 -0.0924 -0.3028 -0.3303 -0.2979 -0.0735 0.2158 0.0624 -0.2036 -0.3174 -0.3268 -0.2728 0.0179 0.1911 0.0431 -0.2398
0.0363 0.2037 -0.0264 -0.2885 -0.3284 -0.3138 -0.1789 0.0704 0.2229 -0.0920 -0.3000 -0.3307 -0.3012 -0.0878 0.1004 0.2351 -0.1735 -0.3152 -0.3285 -0.2667 0.0318 0.1923 -0.0224 -0.2949 -0.3303 -0.3015 -0.0699 0.1116 0.2144 -0.2078 -0.3216 -0.3227 -0.2189 0.0647 0.2256 -0.1191 -0.3070 -0.3312 -0.2828 0.0053 0.1584 0.0629 -0.2756 -0.3285 -0.3091 -0.1148 0.0976 0.2339 -0.1842 -0.3215 -0.3456 -0.3215 -0.1842 0.2339 0.0976 -0.1148 -0.3091 -0.3285 -0.2756 0.0629 0.1584 0.0053 -0.2828 -0.3312 -0.3070 -0.1191 0.2256 0.0647 -0.2189 -0.3227 -0.3216 -0.2078 0.2144 0.1116 -0.0699 -0.3015 -0.3303 -0.2949 -0.0224 0.1923 0.0318 -0.2667 -0.3285 -0.3152 -0.1735 0.2351 0.1004 -0.0878 -0.3012 -0.3307 -0.3000 -0.0920 0.2229 0.0704 -0.1789 -0.3138 -0.3284 -0.2885 -0.0264 0.2037 0.0363
0.2032 -0.0615 -0.2955 -0.3296 -0.3097 -0.1499 0.0789 0.2300 -0.1115 -0.3027 -0.3311 -0.2984 -0.0750 0.1032 0.2342 -0.1735 -0.3147 -0.3289 -0.2707 0.0253 0.1817 0.0090 -0.2903 -0.3294 -0.3057 -0.0956 0.1028 0.2291 -0.1919 -0.3192 -0.3253 -0.2386 0.0553 0.2169 -0.0974 -0.3037 -0.3314 -0.2880 -0.0110 0.1429 0.1165 -0.2555 -0.3270 -0.3133 -0.1457 0.0887 0.2375 -0.1674 -0.3152 -0.3408 -0.3314 -0.3408 -0.3152 -0.1674 0.2375 0.0887 -0.1457 -0.3133 -0.3270 -0.2555 0.1165 0.1429 -0.0110 -0.2880 -0.3314 -0.3037 -0.0974 0.2169 0.0553 -0.2386 -0.3253 -0.3192 -0.1919 0.2291 0.1028 -0.0956 -0.3057 -0.3294 -0.2903 0.0090 0.1817 0.0253 -0.2707 -0.3289 -0.3147 -0.1735 0.2342 0.1032 -0.0750 -0.2984 -0.3311 -0.3027 -0.1115 0.2300 0.0789 -0.1499 -0.3097 -0.3296 -0.2955 -0.0615 0.2032
-0.0773 -0.2995 -0.3305 -0.3051 -0.1190 0.0875 0.2354 -0.1304 -0.3057 -0.3314 -0.2945 -0.0571 0.1085 0.2307 -0.1783 -0.3152 -0.3289 -0.2720 0.0217 0.1734 0.0352 -0.2815 -0.3285 -0.3092 -0.1209 0.0950 0.2359 -0.1769 -0.3167 -0.3273 -0.2542 0.0452 0.2072 -0.0717 -0.3003 -0.3313 -0.2932 -0.0301 0.1298 0.1629 -0.2369 -0.3253 -0.3172 -0.1755 0.0800 0.2359 -0.1507 -0.3123 -0.3290 -0.2713 -0.0657 -0.2713 -0.3290 -0.3123 -0.1507 0.2359 0.0800 -0.1755 -0.3172 -0.3253 -0.2369 0.1629 0.1298 -0.0301 -0.2932 -0.3313 -0.3003 -0.0717 0.2072 0.0452 -0.2542 -0.3273 -0.3167 -0.1769 0.2359 0.0950 -0.1209 -0.3092 -0.3285 -0.2815 0.0352 0.1734 0.0217 -0.2720 -0.3289 -0.3152 -0.1783 0.2307 0.1085 -0.0571 -0.2945 -0.3314 -0.3057 -0.1304 0.2354 0.0875 -0.1190 -0.3051 -0.3305 -0.2995 -0.0773
-0.2393 -0.3315 -0.3001 -0.0889 0.0963 0.2376 -0.1483 -0.3089 -0.3313 -0.2899 -0.0373 0.1161 0.2221 -0.1873 -0.3164 -0.3285 -0.2707 0.0217 0.1708 0.0497 -0.2730 -0.3278 -0.3118 -0.1426 0.0883 0.2376 -0.1630 -0.3142 -0.3289 -0.2658 0.0346 0.1971 -0.0399 -0.2968 -0.3308 -0.2984 -0.0527 0.1187 0.1974 -0.2196 -0.3232 -0.3206 -0.2023 0.0712 0.2308 -0.1328 -0.3093 -0.3305 -0.2781 0.0188 0.0956 0.0188 -0.2781 -0.3305 -0.3093 -0.1328 0.2308 0.0712 -0.2023 -0.3206 -0.3232 -0.2196 0.1974 0.1187 -0.0527 -0.2984 -0.3308 -0.2968 -0.0399 0.1971 0.0346 -0.2658 -0.3289 -0.3142 -0.1630 0.2376 0.0883 -0.1426 -0.3118 -0.3278 -0.2730 0.0497 0.1708 0.0217 -0.2707 -0.3285 -0.3164 -0.1873 0.2221 0.1161 -0.0373 -0.2899 -0.3313 -0.3089 -0.1483 0.2376 0.0963 -0.0889 -0.3001 -0.3315 -0.2393
-0.2796 -0.2954 -0.0616 0.1054 0.2348 -0.1651 -0.3119 -0.3308 -0.2849 -0.0184 0.1255 0.2057 -0.1993 -0.3181 -0.3277 -0.2667 0.0253 0.1734 0.0497 -0.2702 -0.3274 -0.3134 -0.1582 0.0830 0.2364 -0.1503 -0.3119 -0.3299 -0.2739 0.0236 0.1824 -0.0008 -0.2932 -0.3300 -0.3034 -0.0790 0.1087 0.2199 -0.2031 -0.3210 -0.3235 -0.2250 0.0620 0.2232 -0.1132 -0.3061 -0.3313 -0.2843 0.0020 0.1421 0.2253 0.1421 0.0020 -0.2843 -0.3313 -0.3061 -0.1132 0.2232 0.0620 -0.2250 -0.3235 -0.3210 -0.2031 0.2199 0.1087 -0.0790 -0.3034 -0.3300 -0.2932 -0.0008 0.1824 0.0236 -0.2739 -0.3299 -0.3119 -0.1503 0.2364 0.0830 -0.1582 -0.3134 -0.3274 -0.2702 0.0497 0.1734 0.0253 -0.2667 -0.3277 -0.3181 -0.1993 0.2057 0.1255 -0.0184 -0.2849 -0.3308 -0.3119 -0.1651 0.2348 0.1054 -0.0616 -0.2954 -0.2796
-0.2622 -0.0357 0.1150 0.2252 -0.1814 -0.3148 -0.3299 -0.2795 -0.0013 0.1372 0.1782 -0.2136 -0.3202 -0.3263 -0.2593 0.0318 0.1817 0.0352 -0.2730 -0.3274 -0.3139 -0.1660 0.0795 0.2344 -0.1398 -0.3098 -0.3306 -0.2795 0.0123 0.1654 0.0445 -0.2817 -0.3289 -0.3080 -0.1082 0.0994 0.2324 -0.1869 -0.3185 -0.3260 -0.2436 0.0524 0.2142 -0.0905 -0.3028 -0.3314 -0.2895 -0.0162 0.1388 0.1450 -0.1621 0.1450 0.1388 -0.0162 -0.2895 -0.3314 -0.3028 -0.0905 0.2142 0.0524 -0.2436 -0.3260 -0.3185 -0.1869 0.2324 0.0994 -0.1082 -0.3080 -0.3289 -0.2817 0.0445 0.1654 0.0123 -0.2795 -0.3306 -0.3098 -0.1398 0.2344 0.0795 -0.1660 -0.3139 -0.3274 -0.2730 0.0352 0.1817 0.0318 -0.2593 -0.3263 -0.3202 -0.2136 0.1782 0.1372 -0.0013 -0.2795 -0.3299 -0.3148 -0.1814 0.2252 0.1150 -0.0357 -0.2622
-0.0482 0.1269 0.2065 -0.1975 -0.3176 -0.3285 -0.2724 0.0136 0.1515 0.1375 -0.2297 -0.3223 -0.3243 -0.2482 0.0401 0.1923 0.0090 -0.2815 -0.3278 -0.3134 -0.1660 0.0784 0.2330 -0.1328 -0.3082 -0.3309 -0.2831 0.0013 0.1520 0.0903 -0.2636 -0.3276 -0.3120 -0.1379 0.0907 0.2372 -0.1708 -0.3158 -0.3279 -0.2581 0.0422 0.2043 -0.0632 -0.2993 -0.3312 -0.2947 -0.0363 0.1266 0.1719 -0.2298 -0.3112 -0.2298 0.1719 0.1266 -0.0363 -0.2947 -0.3312 -0.2993 -0.0632 0.2043 0.0422 -0.2581 -0.3279 -0.3158 -0.1708 0.2372 0.0907 -0.1379 -0.3120 -0.3276 -0.2636 0.0903 0.1520 0.0013 -0.2831 -0.3309 -0.3082 -0.1328 0.2330 0.0784 -0.1660 -0.3134 -0.3278 -0.2815 0.0090 0.1923 0.0401 -0.2482 -0.3243 -0.3223 -0.2297 0.1375 0.1515 0.0136 -0.2724 -0.3285 -0.3176 -0.1975 0.2065 0.1269 -0.0482
0.1321 0.1760 -0.2138 -0.3201 -0.3267 -0.2624 0.0267 0.1685 0.0860 -0.2474 -0.3244 -0.3218 -0.2326 0.0491 0.2016 -0.0224 -0.2903 -0.3285 -0.3118 -0.1582 0.0795 0.2330 -0.1303 -0.3074 -0.3310 -0.2855 -0.0082 0.1421 0.1283 -0.2484 -0.3261 -0.3155 -0.1653 0.0826 0.2367 -0.1546 -0.3130 -0.3294 -0.2692 0.0309 0.1922 -0.0289 -0.2958 -0.3306 -0.2999 -0.0599 0.1157 0.2049 -0.2155 -0.3272 -0.3487 -0.3272 -0.2155 0.2049 0.1157 -0.0599 -0.2999 -0.3306 -0.2958 -0.0289 0.1922 0.0309 -0.2692 -0.3294 -0.3130 -0.1546 0.2367 0.0826 -0.1653 -0.3155 -0.3261 -0.2484 0.1283 0.1421 -0.0082 -0.2855 -0.3310 -0.3074 -0.1303 0.2330 0.0795 -0.1582 -0.3118 -0.3285 -0.2903 -0.0224 0.2016 0.0491 -0.2326 -0.3218 -0.3244 -0.2474 0.0860 0.1685 0.0267 -0.2624 -0.3267 -0.3201 -0.2138 0.1760 0.1321
0.1227 -0.2307 -0.3224 -0.3244 -0.2491 0.0383 0.1866 0.0323 -0.2668 -0.3263 -0.3186 -0.2123 0.0582 0.2106 -0.0529 -0.2949 -0.3294 -0.3092 -0.1426 0.0830 0.2344 -0.1328 -0.3074 -0.3311 -0.2867 -0.0148 0.1356 0.1548 -0.2365 -0.3248 -0.3183 -0.1887 0.0750 0.2330 -0.1385 -0.3101 -0.3304 -0.2772 0.0185 0.1753 0.0147 -0.2894 -0.3297 -0.3048 -0.0872 0.1060 0.2244 -0.1984 -0.3202 -0.3380 -0.3192 -0.3380 -0.3202 -0.1984 0.2244 0.1060 -0.0872 -0.3048 -0.3297 -0.2894 0.0147 0.1753 0.0185 -0.2772 -0.3304 -0.3101 -0.1385 0.2330 0.0750 -0.1887 -0.3183 -0.3248 -0.2365 0.1548 0.1356 -0.0148 -0.2867 -0.3311 -0.3074 -0.1328 0.2344 0.0830 -0.1426 -0.3092 -0.3294 -0.2949 -0.0529 0.2106 0.0582 -0.2123 -0.3186 -0.3263 -0.2668 0.0323 0.1866 0.0383 -0.2491 -0.3244 -0.3224 -0.2307 0.1227
-0.1989 -0.3249 -0.3216 -0.2320 0.0489 0.2007 -0.0147 -0.2848 -0.3279 -0.3150 -0.1873 0.0673 0.2196 -0.0802 -0.2980 -0.3303 -0.3057 -0.1209 0.0883 0.2364 -0.1398 -0.3082 -0.3310 -0.2867 -0.0172 0.1325 0.1697 -0.2282 -0.3236 -0.3204 -0.2071 0.0681 0.2276 -0.1223 -0.3073 -0.3311 -0.2828 0.0048 0.1575 0.0665 -0.2742 -0.3285 -0.3094 -0.1172 0.0969 0.2345 -0.1823 -0.3177 -0.3258 -0.2425 -0.0217 -0.2425 -0.3258 -0.3177 -0.1823 0.2345 0.0969 -0.1172 -0.3094 -0.3285 -0.2742 0.0665 0.1575 0.0048 -0.2828 -0.3311 -0.3073 -0.1223 0.2276 0.0681 -0.2071 -0.3204 -0.3236 -0.2282 0.1697 0.1325 -0.0172 -0.2867 -0.3310 -0.3082 -0.1398 0.2364 0.0883 -0.1209 -0.3057 -0.3303 -0.2980 -0.0802 0.2196 0.0673 -0.1873 -0.3150 -0.3279 -0.2848 -0.0147 0.2007 0.0489 -0.2320 -0.3216 -0.3249 -0.1989
-0.2693 -0.3188 -0.2108 0.0587 0.2108 -0.0520 -0.2945 -0.3293 -0.3109 -0.1586 0.0763 0.2278 -0.1040 -0.3013 -0.3309 -0.3015 -0.0956 0.0950 0.2376 -0.1503 -0.3098 -0.3309 -0.2855 -0.0148 0.1325 0.1744 -0.2241 -0.3228 -0.3218 -0.2197 0.0622 0.2218 -0.1065 -0.3046 -0.3313 -0.2873 -0.0102 0.1431 0.1178 -0.2545 -0.3269 -0.3136 -0.1481 0.0880 0.2375 -0.1661 -0.3150 -0.3282 -0.2607 0.0408 0.1131 0.0408 -0.2607 -0.3282 -0.3150 -0.1661 0.2375 0.0880 -0.1481 -0.3136 -0.3269 -0.2545 0.1178 0.1431 -0.0102 -0.2873 -0.3313 -0.3046 -0.1065 0.2218 0.0622 -0.2197 -0.3218 -0.3228 -0.2241 0.1744 0.1325 -0.0148 -0.2855 -0.3309 -0.3098 -0.1503 0.2376 0.0950 -0.0956 -0.3015 -0.3309 -0.3013 -0.1040 0.2278 0.0763 -0.1586 -0.3109 -0.3293 -0.2945 -0.0520 0.2108 0.0587 -0.2108 -0.3188 -0.2693
-0.2767 -0.1839 0.0679 0.2202 -0.0815 -0.2981 -0.3303 -0.3064 -0.1279 0.0850 0.2341 -0.1248 -0.3047 -0.3314 -0.2967 -0.0699 0.1028 0.2359 -0.1630 -0.3119 -0.3306 -0.2831 -0.0082 0.1356 0.1697 -0.2241 -0.3226 -0.3224 -0.2271 0.0579 0.2169 -0.0918 -0.3023 -0.3313 -0.2915 -0.0263 0.1313 0.1603 -0.2373 -0.3252 -0.3173 -0.1775 0.0793 0.2356 -0.1493 -0.3121 -0.3298 -0.2718 0.0283 0.1679 0.2205 0.1679 0.0283 -0.2718 -0.3298 -0.3121 -0.1493 0.2356 0.0793 -0.1775 -0.3173 -0.3252 -0.2373 0.1603 0.1313 -0.0263 -0.2915 -0.3313 -0.3023 -0.0918 0.2169 0.0579 -0.2271 -0.3224 -0.3226 -0.2241 0.1697 0.1356 -0.0082 -0.2831 -0.3306 -0.3119 -0.1630 0.2359 0.1028 -0.0699 -0.2967 -0.3314 -0.3047 -0.1248 0.2341 0.0850 -0.1279 -0.3064 -0.3303 -0.2981 -0.0815 0.2202 0.0679 -0.1839 -0.2767
-0.1824 0.0786 0.2283 -0.1056 -0.3016 -0.3310 -0.3016 -0.0974 0.0938 0.2374 -0.1433 -0.3079 -0.3314 -0.2917 -0.0457 0.1116 0.2291 -0.1769 -0.3142 -0.3299 -0.2795 0.0013 0.1421 0.1548 -0.2282 -0.3228 -0.3224 -0.2296 0.0557 0.2136 -0.0802 -0.3004 -0.3311 -0.2951 -0.0426 0.1220 0.1911 -0.2220 -0.3233 -0.3205 -0.2031 0.0706 0.2303 -0.1314 -0.3090 -0.3308 -0.2791 0.0145 0.1690 0.0439 -0.2071 0.0439 0.1690 0.0145 -0.2791 -0.3308 -0.3090 -0.1314 0.2303 0.0706 -0.2031 -0.3205 -0.3233 -0.2220 0.1911 0.1220 -0.0426 -0.2951 -0.3311 -0.3004 -0.0802 0.2136 0.0557 -0.2296 -0.3224 -0.3228 -0.2282 0.1548 0.1421 0.0013 -0.2795 -0.3299 -0.3142 -0.1769 0.2291 0.1116 -0.0457 -0.2917 -0.3314 -0.3079 -0.1433 0.2374 0.0938 -0.0974 -0.3016 -0.3310 -0.3016 -0.1056 0.2283 0.0786 -0.1824
0.0761 0.2344 -0.1262 -0.3049 -0.3314 -0.2965 -0.0690 0.1028 0.2362 -0.1604 -0.3110 -0.3310 -0.2865 -0.0243 0.1217 0.2144 -0.1919 -0.3167 -0.3289 -0.2739 0.0123 0.1520 0.1283 -0.2365 -0.3236 -0.3218 -0.2271 0.0557 0.2125 -0.0740 -0.2992 -0.3309 -0.2978 -0.0575 0.1147 0.2110 -0.2085 -0.3215 -0.3230 -0.2236 0.0621 0.2230 -0.1120 -0.3059 -0.3313 -0.2847 -0.0003 0.1527 0.0796 -0.2661 -0.3185 -0.2661 0.0796 0.1527 -0.0003 -0.2847 -0.3313 -0.3059 -0.1120 0.2230 0.0621 -0.2236 -0.3230 -0.3215 -0.2085 0.2110 0.1147 -0.0575 -0.2978 -0.3309 -0.2992 -0.0740 0.2125 0.0557 -0.2271 -0.3218 -0.3236 -0.2365 0.1283 0.1520 0.0123 -0.2739 -0.3289 -0.3167 -0.1919 0.2144 0.1217 -0.0243 -0.2865 -0.3310 -0.3110 -0.1604 0.2362 0.1028 -0.0690 -0.2965 -0.3314 -0.3049 -0.1262 0.2344 0.0761
0.2236 -0.1446 -0.3082 -0.3314 -0.2913 -0.0440 0.1122 0.2288 -0.1767 -0.3140 -0.3302 -0.2812 -0.0061 0.1334 0.1888 -0.2078 -0.3192 -0.3273 -0.2658 0.0236 0.1654 0.0903 -0.2484 -0.3248 -0.3204 -0.2197 0.0579 0.2136 -0.0740 -0.2988 -0.3308 -0.2995 -0.0688 0.1095 0.2225 -0.1972 -0.3197 -0.3251 -0.2396 0.0539 0.2149 -0.0910 -0.3027 -0.3314 -0.2897 -0.0174 0.1380 0.1342 -0.2493 -0.3322 -0.3504 -0.3322 -0.2493 0.1342 0.1380 -0.0174 -0.2897 -0.3314 -0.3027 -0.0910 0.2149 0.0539 -0.2396 -0.3251 -0.3197 -0.1972 0.2225 0.1095 -0.0688 -0.2995 -0.3308 -0.2988 -0.0740 0.2136 0.0579 -0.2197 -0.3204 -0.3248 -0.2484 0.0903 0.1654 0.0236 -0.2658 -0.3273 -0.3192 -0.2078 0.1888 0.1334 -0.0061 -0.2812 -0.3302 -0.3140 -0.1767 0.2288 0.1122 -0.0440 -0.2913 -0.3314 -0.3082 -0.1446 0.2236
-0.1389 -0.3116 -0.3309 -0.2861 -0.0228 0.1226 0.2129 -0.1928 -0.3168 -0.3290 -0.2747 0.0095 0.1471 0.1507 -0.2245 -0.3216 -0.3253 -0.2542 0.0346 0.1824 0.0445 -0.2636 -0.3261 -0.3183 -0.2071 0.0622 0.2169 -0.0802 -0.2992 -0.3308 -0.3001 -0.0750 0.1063 0.2283 -0.1888 -0.3181 -0.3265 -0.2514 0.0459 0.2068 -0.0679 -0.2996 -0.3312 -0.2947 -0.0371 0.1258 0.1765 -0.2306 -0.3244 -0.3332 -0.3026 -0.3332 -0.3244 -0.2306 0.1765 0.1258 -0.0371 -0.2947 -0.3312 -0.2996 -0.0679 0.2068 0.0459 -0.2514 -0.3265 -0.3181 -0.1888 0.2283 0.1063 -0.0750 -0.3001 -0.3308 -0.2992 -0.0802 0.2169 0.0622 -0.2071 -0.3183 -0.3261 -0.2636 0.0445 0.1824 0.0346 -0.2542 -0.3253 -0.3216 -0.2245 0.1507 0.1471 0.0095 -0.2747 -0.3290 -0.3168 -0.1928 0.2129 0.1226 -0.0228 -0.2861 -0.3309 -0.3116 -0.1389
-0.2532 -0.3305 -0.2807 -0.0047 0.1344 0.1862 -0.2091 -0.3194 -0.3273 -0.2656 0.0231 0.1633 0.1015 -0.2421 -0.3238 -0.3227 -0.2386 0.0452 0.1971 -0.0008 -0.2817 -0.3276 -0.3155 -0.1887 0.0681 0.2218 -0.0918 -0.3004 -0.3309 -0.2995 -0.0750 0.1052 0.2307 -0.1836 -0.3170 -0.3275 -0.2596 0.0387 0.1993 -0.0427 -0.2967 -0.3307 -0.2993 -0.0590 0.1157 0.2058 -0.2139 -0.3223 -0.3207 -0.2018 0.0091 -0.2018 -0.3207 -0.3223 -0.2139 0.2058 0.1157 -0.0590 -0.2993 -0.3307 -0.2967 -0.0427 0.1993 0.0387 -0.2596 -0.3275 -0.3170 -0.1836 0.2307 0.1052 -0.0750 -0.2995 -0.3309 -0.3004 -0.0918 0.2218 0.0681 -0.1887 -0.3155 -0.3276 -0.2817 -0.0008 0.1971 0.0452 -0.2386 -0.3227 -0.3238 -0.2421 0.1015 0.1633 0.0231 -0.2656 -0.3273 -0.3194 -0.2091 0.1862 0.1344 -0.0047 -0.2807 -0.3305 -0.2532
-0.2820 -0.2743 0.0105 0.1483 0.1472 -0.2259 -0.3218 -0.3252 -0.2533 0.0351 0.1821 0.0474 -0.2611 -0.3258 -0.3196 -0.2189 0.0553 0.2072 -0.0399 -0.2932 -0.3289 -0.3120 -0.1653 0.0750 0.2276 -0.1065 -0.3023 -0.3311 -0.2978 -0.0688 0.1063 0.2307 -0.1818 -0.3164 -0.3281 -0.2645 0.0328 0.1925 -0.0172 -0.2941 -0.3300 -0.3033 -0.0822 0.1069 0.2237 -0.1986 -0.3202 -0.3241 -0.2305 0.0594 0.1329 0.0594 -0.2305 -0.3241 -0.3202 -0.1986 0.2237 0.1069 -0.0822 -0.3033 -0.3300 -0.2941 -0.0172 0.1925 0.0328 -0.2645 -0.3281 -0.3164 -0.1818 0.2307 0.1063 -0.0688 -0.2978 -0.3311 -0.3023 -0.1065 0.2276 0.0750 -0.1653 -0.3120 -0.3289 -0.2932 -0.0399 0.2072 0.0553 -0.2189 -0.3196 -0.3258 -0.2611 0.0474 0.1821 0.0351 -0.2533 -0.3252 -0.3218 -0.2259 0.1472 0.1483 0.0105 -0.2743 -0.2820
-0.2504 0.0256 0.1647 0.0973 -0.2436 -0.3240 -0.3225 -0.2374 0.0460 0.1977 -0.0021 -0.2812 -0.3275 -0.3161 -0.1949 0.0647 0.2169 -0.0717 -0.2968 -0.3300 -0.3080 -0.1379 0.0826 0.2330 -0.1223 -0.3046 -0.3313 -0.2951 -0.0575 0.1095 0.2283 -0.1836 -0.3164 -0.3282 -0.2668 0.0290 0.1856 0.0053 -0.2910 -0.3293 -0.3067 -0.1049 0.0994 0.2332 -0.1842 -0.3179 -0.3265 -0.2486 0.0497 0.1939 0.1858 0.1939 0.0497 -0.2486 -0.3265 -0.3179 -0.1842 0.2332 0.0994 -0.1049 -0.3067 -0.3293 -0.2910 0.0053 0.1856 0.0290 -0.2668 -0.3282 -0.3164 -0.1836 0.2283 0.1095 -0.0575 -0.2951 -0.3313 -0.3046 -0.1223 0.2330 0.0826 -0.1379 -0.3080 -0.3300 -0.2968 -0.0717 0.2169 0.0647 -0.1949 -0.3161 -0.3275 -0.2812 -0.0021 0.1977 0.0460 -0.2374 -0.3225 -0.3240 -0.2436 0.0973 0.1647 0.0256 -0.2504
0.0171 0.1834 0.0433 -0.2627 -0.3259 -0.3194 -0.2173 0.0560 0.2079 -0.0422 -0.2934 -0.3289 -0.3122 -0.1672 0.0737 0.2256 -0.0974 -0.3003 -0.3308 -0.3034 -0.1082 0.0907 0.2367 -0.1385 -0.3073 -0.3313 -0.2915 -0.0426 0.1147 0.2225 -0.1888 -0.3170 -0.3281 -0.2668 0.0277 0.1808 0.0209 -0.2854 -0.3287 -0.3094 -0.1252 0.0929 0.2370 -0.1709 -0.3155 -0.3282 -0.2610 0.0392 0.2017 -0.0444 -0.2409 -0.0444 0.2017 0.0392 -0.2610 -0.3282 -0.3155 -0.1709 0.2370 0.0929 -0.1252 -0.3094 -0.3287 -0.2854 0.0209 0.1808 0.0277 -0.2668 -0.3281 -0.3170 -0.1888 0.2225 0.1147 -0.0426 -0.2915 -0.3313 -0.3073 -0.1385 0.2367 0.0907 -0.1082 -0.3034 -0.3308 -0.3003 -0.0974 0.2256 0.0737 -0.1672 -0.3122 -0.3289 -0.2934 -0.0422 0.2079 0.0560 -0.2173 -0.3194 -0.3259 -0.2627 0.0433 0.1834 0.0171
0.1891 -0.0059 -0.2822 -0.3276 -0.3159 -0.1930 0.0654 0.2176 -0.0737 -0.2971 -0.3301 -0.3078 -0.1369 0.0825 0.2325 -0.1191 -0.3037 -0.3313 -0.2984 -0.0790 0.0994 0.2372 -0.1546 -0.3101 -0.3311 -0.2873 -0.0263 0.1220 0.2110 -0.1972 -0.3181 -0.3275 -0.2645 0.0290 0.1808 0.0264 -0.2806 -0.3282 -0.3111 -0.1408 0.0879 0.2375 -0.1592 -0.3134 -0.3293 -0.2699 0.0290 0.1891 -0.0209 -0.2954 -0.3255 -0.2954 -0.0209 0.1891 0.0290 -0.2699 -0.3293 -0.3134 -0.1592 0.2375 0.0879 -0.1408 -0.3111 -0.3282 -0.2806 0.0264 0.1808 0.0290 -0.2645 -0.3275 -0.3181 -0.1972 0.2110 0.1220 -0.0263 -0.2873 -0.3311 -0.3101 -0.1546 0.2372 0.0994 -0.0790 -0.2984 -0.3313 -0.3037 -0.1191 0.2325 0.0825 -0.1369 -0.3078 -0.3301 -0.2971 -0.0737 0.2176 0.0654 -0.1930 -0.3159 -0.3276 -0.2822 -0.0059 0.1891
-0.0378 -0.2941 -0.3290 -0.3119 -0.1650 0.0744 0.2261 -0.0991 -0.3006 -0.3309 -0.3030 -0.1060 0.0913 0.2368 -0.1381 -0.3070 -0.3314 -0.2932 -0.0527 0.1087 0.2324 -0.1708 -0.3130 -0.3304 -0.2828 -0.0102 0.1313 0.1911 -0.2085 -0.3197 -0.3265 -0.2596 0.0328 0.1856 0.0209 -0.2806 -0.3281 -0.3120 -0.1505 0.0843 0.2366 -0.1495 -0.3115 -0.3301 -0.2762 0.0188 0.1739 0.0216 -0.2875 -0.3364 -0.3504 -0.3364 -0.2875 0.0216 0.1739 0.0188 -0.2762 -0.3301 -0.3115 -0.1495 0.2366 0.0843 -0.1505 -0.3120 -0.3281 -0.2806 0.0209 0.1856 0.0328 -0.2596 -0.3265 -0.3197 -0.2085 0.1911 0.1313 -0.0102 -0.2828 -0.3304 -0.3130 -0.1708 0.2324 0.1087 -0.0527 -0.2932 -0.3314 -0.3070 -0.1381 0.2368 0.0913 -0.1060 -0.3030 -0.3309 -0.3006 -0.0991 0.2261 0.0744 -0.1650 -0.3119 -0.3290 -0.2941 -0.0378
-0.2331 -0.3305 -0.3074 -0.1346 0.0831 0.2329 -0.1205 -0.3040 -0.3313 -0.2980 -0.0768 0.1001 0.2371 -0.1555 -0.3102 -0.3312 -0.2880 -0.0301 0.1187 0.2199 -0.1869 -0.3158 -0.3294 -0.2772 0.0048 0.1431 0.1603 -0.2220 -0.3215 -0.3251 -0.2514 0.0387 0.1925 0.0053 -0.2854 -0.3282 -0.3120 -0.1538 0.0824 0.2355 -0.1424 -0.3100 -0.3306 -0.2803 0.0091 0.1601 0.0643 -0.2730 -0.3280 -0.3250 -0.2734 -0.3250 -0.3280 -0.2730 0.0643 0.1601 0.0091 -0.2803 -0.3306 -0.3100 -0.1424 0.2355 0.0824 -0.1538 -0.3120 -0.3282 -0.2854 0.0053 0.1925 0.0387 -0.2514 -0.3251 -0.3215 -0.2220 0.1603 0.1431 0.0048 -0.2772 -0.3294 -0.3158 -0.1869 0.2199 0.1187 -0.0301 -0.2880 -0.3312 -0.3102 -0.1555 0.2371 0.1001 -0.0768 -0.2980 -0.3313 -0.3040 -0.1205 0.2329 0.0831 -0.1346 -0.3074 -0.3305 -0.2331
-0.2774 -0.3030 -0.1039 0.0919 0.2370 -0.1394 -0.3073 -0.3314 -0.2928 -0.0508 0.1094 0.2317 -0.1721 -0.3132 -0.3305 -0.2828 -0.0110 0.1298 0.1974 -0.2031 -0.3185 -0.3279 -0.2692 0.0185 0.1575 0.1178 -0.2373 -0.3233 -0.3230 -0.2396 0.0459 0.1993 -0.0172 -0.2910 -0.3287 -0.3111 -0.1505 0.0824 0.2350 -0.1386 -0.3090 -0.3309 -0.2828 0.0005 0.1498 0.1023 -0.2578 -0.3269 -0.3126 -0.1403 0.0342 -0.1403 -0.3126 -0.3269 -0.2578 0.1023 0.1498 0.0005 -0.2828 -0.3309 -0.3090 -0.1386 0.2350 0.0824 -0.1505 -0.3111 -0.3287 -0.2910 -0.0172 0.1993 0.0459 -0.2396 -0.3230 -0.3233 -0.2373 0.1178 0.1575 0.0185 -0.2692 -0.3279 -0.3185 -0.2031 0.1974 0.1298 -0.0110 -0.2828 -0.3305 -0.3132 -0.1721 0.2317 0.1094 -0.0508 -0.2928 -0.3314 -0.3073 -0.1394 0.2370 0.0919 -0.1039 -0.3030 -0.2774
-0.2669 -0.0727 0.1007 0.2369 -0.1568 -0.3104 -0.3311 -0.2876 -0.0285 0.1195 0.2185 -0.1882 -0.3160 -0.3294 -0.2768 0.0053 0.1429 0.1629 -0.2196 -0.3210 -0.3260 -0.2581 0.0309 0.1753 0.0665 -0.2545 -0.3252 -0.3205 -0.2236 0.0539 0.2068 -0.0427 -0.2941 -0.3293 -0.3094 -0.1408 0.0843 0.2355 -0.1386 -0.3086 -0.3310 -0.2843 -0.0061 0.1426 0.1308 -0.2458 -0.3257 -0.3163 -0.1732 0.0786 0.1598 0.0786 -0.1732 -0.3163 -0.3257 -0.2458 0.1308 0.1426 -0.0061 -0.2843 -0.3310 -0.3086 -0.1386 0.2355 0.0843 -0.1408 -0.3094 -0.3293 -0.2941 -0.0427 0.2068 0.0539 -0.2236 -0.3205 -0.3252 -0.2545 0.0665 0.1753 0.0309 -0.2581 -0.3260 -0.3210 -0.2196 0.1629 0.1429 0.0053 -0.2768 -0.3294 -0.3160 -0.1882 0.2185 0.1195 -0.0285 -0.2876 -0.3311 -0.3104 -0.1568 0.2369 0.1007 -0.0727 -0.2669
-0.0850 0.1117 0.2310 -0.1732 -0.3134 -0.3304 -0.2824 -0.0096 0.1308 0.1951 -0.2044 -0.3187 -0.3278 -0.2685 0.0194 0.1584 0.1165 -0.2369 -0.3232 -0.3235 -0.2436 0.0422 0.1922 0.0147 -0.2742 -0.3269 -0.3173 -0.2031 0.0621 0.2149 -0.0679 -0.2967 -0.3300 -0.3067 -0.1252 0.0879 0.2366 -0.1424 -0.3090 -0.3310 -0.2849 -0.0098 0.1383 0.1494 -0.2371 -0.3247 -0.3188 -0.1947 0.0729 0.2207 0.0859 0.2207 0.0729 -0.1947 -0.3188 -0.3247 -0.2371 0.1494 0.1383 -0.0098 -0.2849 -0.3310 -0.3090 -0.1424 0.2366 0.0879 -0.1252 -0.3067 -0.3300 -0.2967 -0.0679 0.2149 0.0621 -0.2031 -0.3173 -0.3269 -0.2742 0.0147 0.1922 0.0422 -0.2436 -0.3235 -0.3232 -0.2369 0.1165 0.1584 0.0194 -0.2685 -0.3278 -0.3187 -0.2044 0.1951 0.1308 -0.0096 -0.2824 -0.3304 -0.3134 -0.1732 0.2310 0.1117 -0.0850
0.1144 0.2169 -0.1894 -0.3162 -0.3293 -0.2762 0.0065 0.1441 0.1597 -0.2210 -0.3211 -0.3258 -0.2572 0.0318 0.1766 0.0629 -0.2555 -0.3253 -0.3206 -0.2250 0.0524 0.2043 -0.0289 -0.2894 -0.3285 -0.3136 -0.1775 0.0706 0.2230 -0.0910 -0.2996 -0.3307 -0.3033 -0.1049 0.0929 0.2375 -0.1495 -0.3100 -0.3309 -0.2843 -0.0098 0.1369 0.1585 -0.2317 -0.3239 -0.3203 -0.2085 0.0668 0.2263 -0.1123 -0.2690 -0.1123 0.2263 0.0668 -0.2085 -0.3203 -0.3239 -0.2317 0.1585 0.1369 -0.0098 -0.2843 -0.3309 -0.3100 -0.1495 0.2375 0.0929 -0.1049 -0.3033 -0.3307 -0.2996 -0.0910 0.2230 0.0706 -0.1775 -0.3136 -0.3285 -0.2894 -0.0289 0.2043 0.0524 -0.2250 -0.3206 -0.3253 -0.2555 0.0629 0.1766 0.0318 -0.2572 -0.3258 -0.3211 -0.2210 0.1597 0.1441 0.0065 -0.2762 -0.3293 -0.3162 -0.1894 0.2169 0.1144
0.1781 -0.2056 -0.3188 -0.3277 -0.2677 0.0204 0.1597 0.1125 -0.2384 -0.3234 -0.3233 -0.2424 0.0429 0.1933 0.0112 -0.2756 -0.3270 -0.3172 -0.2023 0.0620 0.2142 -0.0632 -0.2958 -0.3297 -0.3094 -0.1481 0.0793 0.2303 -0.1120 -0.3027 -0.3312 -0.2993 -0.0822 0.0994 0.2370 -0.1592 -0.3115 -0.3306 -0.2828 -0.0061 0.1383 0.1585 -0.2299 -0.3234 -0.3213 -0.2174 0.0624 0.2213 -0.1046 -0.3055 -0.3336 -0.3055 -0.1046 0.2213 0.0624 -0.2174 -0.3212 -0.3235 -0.2299 0.1585 0.1383 -0.0061 -0.2828 -0.3306 -0.3115 -0.1592 0.2370 0.0994 -0.0822 -0.2993 -0.3312 -0.3027 -0.1120 0.2303 0.0793 -0.1481 -0.3094 -0.3297 -0.2958 -0.0632 0.2142 0.0620 -0.2023 -0.3172 -0.3270 -0.2756 0.0112 0.1933 0.0429 -0.2424 -0.3233 -0.3234 -0.2384 0.1125 0.1597 0.0204 -0.2677 -0.3277 -0.3188 -0.2056 0.1781
-0.1825 -0.3217 -0.3256 -0.2562 0.0327 0.1783 0.0587 -0.2570 -0.3254 -0.3204 -0.2235 0.0532 0.2050 -0.0317 -0.2903 -0.3285 -0.3133 -0.1755 0.0712 0.2232 -0.0905 -0.2993 -0.3306 -0.3048 -0.1172 0.0880 0.2356 -0.1314 -0.3059 -0.3314 -0.2947 -0.0590 0.1069 0.2332 -0.1709 -0.3134 -0.3301 -0.2803 0.0005 0.1426 0.1494 -0.2317 -0.3234 -0.3216 -0.2217 0.0596 0.2178 -0.0924 -0.3023 -0.3400 -0.3466 -0.3400 -0.3023 -0.0924 0.2179 0.0596 -0.2217 -0.3215 -0.3235 -0.2317 0.1494 0.1426 0.0005 -0.2803 -0.3301 -0.3134 -0.1709 0.2332 0.1069 -0.0590 -0.2947 -0.3314 -0.3059 -0.1314 0.2356 0.0880 -0.1172 -0.3048 -0.3306 -0.2993 -0.0905 0.2232 0.0712 -0.1755 -0.3133 -0.3285 -0.2903 -0.0317 0.2050 0.0532 -0.2235 -0.3204 -0.3254 -0.2570 0.0587 0.1783 0.0327 -0.2562 -0.3256 -0.3217 -0.1825
-0.2652 -0.3235 -0.2411 0.0438 0.1947 0.0075 -0.2774 -0.3272 -0.3170 -0.2004 0.0627 0.2149 -0.0654 -0.2960 -0.3298 -0.3091 -0.1457 0.0800 0.2308 -0.1132 -0.3028 -0.3312 -0.2999 -0.0872 0.0969 0.2375 -0.1493 -0.3090 -0.3313 -0.2897 -0.0371 0.1157 0.2237 -0.1842 -0.3155 -0.3293 -0.2762 0.0091 0.1498 0.1309 -0.2371 -0.3239 -0.3213 -0.2217 0.0586 0.2160 -0.0848 -0.3007 -0.3307 -0.3077 -0.2022 -0.3077 -0.3307 -0.3007 -0.0848 0.2160 0.0587 -0.2217 -0.3212 -0.3239 -0.2371 0.1308 0.1498 0.0091 -0.2762 -0.3293 -0.3155 -0.1842 0.2237 0.1157 -0.0371 -0.2897 -0.3313 -0.3090 -0.1493 0.2375 0.0969 -0.0872 -0.2999 -0.3312 -0.3028 -0.1132 0.2308 0.0800 -0.1457 -0.3091 -0.3298 -0.2960 -0.0654 0.2149 0.0627 -0.2004 -0.3170 -0.3272 -0.2774 0.0075 0.1947 0.0438 -0.2411 -0.3235 -0.2652
-0.2793 -0.2212 0.0538 0.2058 -0.0346 -0.2913 -0.3287 -0.3131 -0.1734 0.0718 0.2238 -0.0923 -0.2996 -0.3307 -0.3044 -0.1148 0.0887 0.2359 -0.1328 -0.3061 -0.3314 -0.2947 -0.0599 0.1060 0.2345 -0.1661 -0.3121 -0.3308 -0.2847 -0.0174 0.1258 0.2058 -0.1986 -0.3179 -0.3281 -0.2699 0.0188 0.1601 0.1023 -0.2458 -0.3247 -0.3203 -0.2174 0.0596 0.2160 -0.0822 -0.3000 -0.3309 -0.2964 -0.0483 0.0625 -0.0483 -0.2964 -0.3309 -0.3000 -0.0822 0.2160 0.0596 -0.2174 -0.3203 -0.3247 -0.2458 0.1023 0.1601 0.0188 -0.2699 -0.3282 -0.3179 -0.1986 0.2058 0.1258 -0.0174 -0.2847 -0.3308 -0.3121 -0.1661 0.2345 0.1060 -0.0599 -0.2947 -0.3314 -0.3061 -0.1328 0.2359 0.0887 -0.1148 -0.3044 -0.3307 -0.2996 -0.0923 0.2238 0.0718 -0.1734 -0.3131 -0.3287 -0.2913 -0.0346 0.2058 0.0538 -0.2212 -0.2793
-0.2117 0.0651 0.2156 -0.0677 -0.2963 -0.3299 -0.3088 -0.1435 0.0806 0.2312 -0.1147 -0.3030 -0.3312 -0.2995 -0.0849 0.0976 0.2375 -0.1507 -0.3093 -0.3313 -0.2895 -0.0363 0.1157 0.2244 -0.1823 -0.3150 -0.3298 -0.2791 -0.0003 0.1380 0.1765 -0.2140 -0.3202 -0.3265 -0.2609 0.0290 0.1739 0.0643 -0.2578 -0.3257 -0.3188 -0.2085 0.0624 0.2178 -0.0849 -0.3000 -0.3309 -0.2981 -0.0623 0.1072 0.2007 0.1072 -0.0623 -0.2982 -0.3309 -0.3000 -0.0848 0.2179 0.0624 -0.2085 -0.3188 -0.3257 -0.2578 0.0643 0.1739 0.0290 -0.2610 -0.3265 -0.3202 -0.2139 0.1765 0.1380 -0.0003 -0.2791 -0.3298 -0.3150 -0.1823 0.2244 0.1157 -0.0363 -0.2895 -0.3313 -0.3093 -0.1507 0.2375 0.0976 -0.0849 -0.2995 -0.3312 -0.3030 -0.1147 0.2312 0.0806 -0.1435 -0.3088 -0.3298 -0.2963 -0.0677 0.2156 0.0650 -0.2117
0.0608 0.2244 -0.0941 -0.2998 -0.3307 -0.3041 -0.1126 0.0894 0.2362 -0.1342 -0.3063 -0.3314 -0.2943 -0.0579 0.1067 0.2340 -0.1674 -0.3123 -0.3307 -0.2843 -0.0162 0.1265 0.2050 -0.1984 -0.3177 -0.3284 -0.2718 0.0145 0.1525 0.1345 -0.2306 -0.3224 -0.3243 -0.2486 0.0391 0.1890 0.0222 -0.2730 -0.3270 -0.3165 -0.1946 0.0668 0.2213 -0.0922 -0.3008 -0.3310 -0.2983 -0.0670 0.1087 0.2302 -0.0794 0.2301 0.1089 -0.0670 -0.2982 -0.3309 -0.3007 -0.0924 0.2213 0.0668 -0.1947 -0.3163 -0.3269 -0.2730 0.0216 0.1891 0.0392 -0.2486 -0.3241 -0.3223 -0.2306 0.1342 0.1527 0.0145 -0.2718 -0.3282 -0.3177 -0.1984 0.2049 0.1266 -0.0162 -0.2843 -0.3305 -0.3123 -0.1674 0.2339 0.1068 -0.0579 -0.2942 -0.3313 -0.3063 -0.1342 0.2361 0.0894 -0.1126 -0.3039 -0.3305 -0.2998 -0.0942 0.2244 0.0608
0.2193 -0.1163 -0.3032 -0.3313 -0.2991 -0.0829 0.0982 0.2374 -0.1519 -0.3095 -0.3312 -0.2891 -0.0346 0.1165 0.2232 -0.1836 -0.3152 -0.3297 -0.2787 0.0009 0.1389 0.1741 -0.2148 -0.3203 -0.3266 -0.2617 0.0275 0.1697 0.0825 -0.2487 -0.3245 -0.3217 -0.2322 0.0490 0.2010 -0.0178 -0.2872 -0.3282 -0.3137 -0.1757 0.0724 0.2258 -0.1031 -0.3021 -0.3312 -0.2974 -0.0645 0.1085 0.2267 -0.1852 -0.2999 -0.1860 0.2257 0.1089 -0.0623 -0.2964 -0.3307 -0.3023 -0.1046 0.2263 0.0729 -0.1732 -0.3126 -0.3280 -0.2875 -0.0209 0.2017 0.0497 -0.2305 -0.3207 -0.3244 -0.2493 0.0796 0.1690 0.0283 -0.2607 -0.3258 -0.3202 -0.2155 0.1719 0.1388 0.0020 -0.2781 -0.3290 -0.3152 -0.1842 0.2223 0.1165 -0.0330 -0.2885 -0.3307 -0.3096 -0.1527 0.2373 0.0984 -0.0807 -0.2982 -0.3308 -0.3034 -0.1171 0.2194
-0.1178 -0.3070 -0.3314 -0.2939 -0.0561 0.1074 0.2334 -0.1685 -0.3126 -0.3306 -0.2839 -0.0148 0.1274 0.2030 -0.1997 -0.3179 -0.3283 -0.2712 0.0155 0.1537 0.1309 -0.2319 -0.3226 -0.3243 -0.2481 0.0390 0.1876 0.0290 -0.2682 -0.3264 -0.3185 -0.2111 0.0586 0.2107 -0.0523 -0.2946 -0.3293 -0.3102 -0.1521 0.0789 0.2308 -0.1163 -0.3039 -0.3313 -0.2955 -0.0572 0.1103 0.2263 -0.1880 -0.3200 -0.3497 -0.3240 -0.1860 0.2301 0.1072 -0.0483 -0.3077 -0.3400 -0.3055 -0.1123 0.2207 0.0786 -0.1403 -0.3250 -0.3364 -0.2954 -0.0444 0.1939 0.0594 -0.2018 -0.3332 -0.3322 -0.2661 0.0439 0.1679 0.0408 -0.2425 -0.3380 -0.3272 -0.2298 0.1450 0.1421 0.0188 -0.2713 -0.3408 -0.3215 -0.1971 0.2110 0.1210 -0.0097 -0.2908 -0.3417 -0.3152 -0.1655 0.2364 0.1039 -0.0482 -0.3059 -0.3409 -0.3088 -0.1131
-0.2478 -0.3315 -0.2886 -0.0330 0.1173 0.2221 -0.1847 -0.3154 -0.3295 -0.2782 0.0021 0.1401 0.1711 -0.2161 -0.3204 -0.3263 -0.2608 0.0284 0.1712 0.0784 -0.2500 -0.3246 -0.3213 -0.2308 0.0496 0.2014 -0.0175 -0.2857 -0.3280 -0.3147 -0.1857 0.0679 0.2201 -0.0812 -0.2981 -0.3302 -0.3060 -0.1252 0.0863 0.2351 -0.1309 -0.3061 -0.3312 -0.2926 -0.0460 0.1140 0.2223 -0.1903 -0.3168 -0.3548 -0.3784 -0.3493 -0.3000 -0.0794 0.2007 0.0625 -0.2022 -0.3466 -0.3336 -0.2690 0.0859 0.1598 0.0342 -0.2734 -0.3504 -0.3255 -0.2409 0.1858 0.1329 0.0091 -0.3026 -0.3504 -0.3185 -0.2071 0.2205 0.1131 -0.0217 -0.3192 -0.3487 -0.3112 -0.1621 0.2253 0.0956 -0.0657 -0.3314 -0.3456 -0.3036 -0.1157 0.2152 0.0789 -0.1252 -0.3402 -0.3414 -0.2957 -0.0586 0.1986 0.0632 -0.1894 -0.3460 -0.3372 -0.2207
