0.3416 0.1856 0.2068 0.2783 0.3948 0.4815 0.3978 0.2010 0.1915 0.2464 0.3470 0.4709 0.4476 0.2598 0.1838 0.2210 0.3048 0.4309 0.4743 0.3460 0.1875 0.2017 0.2684 0.3804 0.4812 0.4152 0.2117 0.1882 0.2385 0.3343 0.4620 0.4573 0.2848 0.1836 0.2149 0.2937 0.4164 0.4784 0.3684 0.1914 0.1973 0.2592 0.3666 0.4789 0.4299 0.2275 0.1858 0.2311 0.3224 0.4503 0.4758 0.4503 0.3224 0.2311 0.1858 0.2275 0.4299 0.4789 0.3666 0.2592 0.1973 0.1914 0.3684 0.4784 0.4164 0.2937 0.2149 0.1836 0.2848 0.4573 0.4620 0.3343 0.2385 0.1882 0.2117 0.4152 0.4812 0.3804 0.2684 0.2017 0.1875 0.3460 0.4743 0.4309 0.3048 0.2210 0.1838 0.2598 0.4476 0.4709 0.3470 0.2464 0.1915 0.2010 0.3978 0.4815 0.3948 0.2783 0.2068 0.1856 0.3416
0.1856 0.1863 0.2681 0.3972 0.4823 0.3982 0.1808 0.1651 0.2301 0.3434 0.4747 0.4466 0.2559 0.1559 0.2008 0.2961 0.4349 0.4737 0.3468 0.1620 0.1778 0.2551 0.3804 0.4829 0.4153 0.1961 0.1609 0.2210 0.3292 0.4665 0.4562 0.2833 0.1560 0.1936 0.2836 0.4194 0.4783 0.3693 0.1675 0.1723 0.2446 0.3652 0.4814 0.4294 0.2173 0.1579 0.2124 0.3155 0.4558 0.4616 0.3917 0.4616 0.4558 0.3155 0.2124 0.1579 0.2173 0.4294 0.4814 0.3652 0.2446 0.1723 0.1675 0.3693 0.4783 0.4194 0.2836 0.1936 0.1560 0.2833 0.4562 0.4665 0.3292 0.2210 0.1609 0.1961 0.4153 0.4829 0.3804 0.2551 0.1778 0.1620 0.3468 0.4737 0.4349 0.2961 0.2008 0.1559 0.2559 0.4466 0.4747 0.3434 0.2301 0.1651 0.1808 0.3982 0.4823 0.3972 0.2681 0.1863 0.1856
0.2068 0.2681 0.3917 0.4820 0.4074 0.1888 0.1622 0.2238 0.3331 0.4683 0.4529 0.2742 0.1557 0.1956 0.2869 0.4232 0.4763 0.3621 0.1652 0.1739 0.2474 0.3690 0.4811 0.4249 0.2097 0.1586 0.2148 0.3190 0.4579 0.4615 0.3014 0.1566 0.1887 0.2749 0.4075 0.4798 0.3832 0.1724 0.1687 0.2373 0.3541 0.4779 0.4376 0.2341 0.1565 0.2066 0.3057 0.4451 0.4681 0.3308 0.1857 0.3308 0.4681 0.4451 0.3057 0.2066 0.1565 0.2341 0.4376 0.4779 0.3541 0.2373 0.1687 0.1724 0.3832 0.4798 0.4075 0.2749 0.1887 0.1566 0.3014 0.4615 0.4579 0.3190 0.2148 0.1586 0.2097 0.4249 0.4811 0.3690 0.2474 0.1739 0.1652 0.3621 0.4763 0.4232 0.2869 0.1956 0.1557 0.2742 0.4529 0.4683 0.3331 0.2238 0.1622 0.1888 0.4074 0.4820 0.3917 0.2681 0.2068
0.2783 0.3972 0.4820 0.4109 0.1950 0.1604 0.2190 0.3249 0.4623 0.4586 0.2920 0.1562 0.1910 0.2789 0.4129 0.4788 0.3764 0.1697 0.1704 0.2407 0.3591 0.4794 0.4336 0.2256 0.1570 0.2093 0.3101 0.4497 0.4663 0.3188 0.1580 0.1844 0.2672 0.3971 0.4813 0.3960 0.1791 0.1655 0.2309 0.3444 0.4744 0.4450 0.2521 0.1558 0.2015 0.2971 0.4357 0.4724 0.3428 0.1601 0.1538 0.1601 0.3428 0.4724 0.4357 0.2971 0.2015 0.1558 0.2521 0.4450 0.4744 0.3444 0.2309 0.1655 0.1791 0.3960 0.4813 0.3971 0.2672 0.1844 0.1580 0.3188 0.4663 0.4497 0.3101 0.2093 0.1570 0.2256 0.4336 0.4794 0.3591 0.2407 0.1704 0.1697 0.3764 0.4788 0.4129 0.2789 0.1910 0.1562 0.2920 0.4586 0.4623 0.3249 0.2190 0.1604 0.1950 0.4109 0.4820 0.3972 0.2783
0.3948 0.4823 0.4074 0.1950 0.1598 0.2162 0.3188 0.4564 0.4632 0.3082 0.1571 0.1867 0.2712 0.4024 0.4806 0.3898 0.1756 0.1671 0.2341 0.3493 0.4764 0.4414 0.2430 0.1561 0.2040 0.3014 0.4405 0.4706 0.3355 0.1600 0.1804 0.2597 0.3866 0.4820 0.4077 0.1880 0.1625 0.2248 0.3349 0.4695 0.4517 0.2704 0.1556 0.1966 0.2888 0.4255 0.4757 0.3588 0.1645 0.1717 0.2040 0.1717 0.1645 0.3588 0.4757 0.4255 0.2888 0.1966 0.1556 0.2704 0.4517 0.4695 0.3349 0.2248 0.1625 0.1880 0.4077 0.4820 0.3866 0.2597 0.1804 0.1600 0.3355 0.4706 0.4405 0.3014 0.2040 0.1561 0.2430 0.4414 0.4764 0.3493 0.2341 0.1671 0.1756 0.3898 0.4806 0.4024 0.2712 0.1867 0.1571 0.3082 0.4632 0.4564 0.3188 0.2162 0.1598 0.1950 0.4074 0.4823 0.3948
0.4815 0.3982 0.1888 0.1604 0.2162 0.3165 0.4525 0.4662 0.3210 0.1585 0.1830 0.2641 0.3923 0.4817 0.4019 0.1833 0.1640 0.2278 0.3397 0.4722 0.4484 0.2611 0.1556 0.1990 0.2929 0.4306 0.4742 0.3514 0.1628 0.1765 0.2525 0.3763 0.4818 0.4182 0.1997 0.1600 0.2189 0.3256 0.4633 0.4576 0.2887 0.1560 0.1919 0.2806 0.4151 0.4783 0.3734 0.1687 0.1715 0.2391 0.2996 0.2391 0.1715 0.1687 0.3734 0.4783 0.4151 0.2806 0.1919 0.1560 0.2887 0.4576 0.4633 0.3256 0.2189 0.1600 0.1997 0.4182 0.4818 0.3763 0.2525 0.1765 0.1628 0.3514 0.4742 0.4306 0.2929 0.1990 0.1556 0.2611 0.4484 0.4722 0.3397 0.2278 0.1640 0.1833 0.4019 0.4817 0.3923 0.2641 0.1830 0.1585 0.3210 0.4662 0.4525 0.3165 0.2162 0.1604 0.1888 0.3982 0.4815
0.3978 0.1808 0.1622 0.2190 0.3188 0.4525 0.4672 0.3282 0.1597 0.1802 0.2582 0.3833 0.4820 0.4124 0.1931 0.1613 0.2219 0.3303 0.4666 0.4547 0.2795 0.1557 0.1942 0.2846 0.4203 0.4771 0.3663 0.1664 0.1729 0.2455 0.3662 0.4807 0.4275 0.2140 0.1581 0.2132 0.3165 0.4557 0.4630 0.3065 0.1570 0.1875 0.2727 0.4046 0.4803 0.3870 0.1741 0.1678 0.2361 0.3522 0.4380 0.3522 0.2361 0.1678 0.1741 0.3870 0.4803 0.4046 0.2727 0.1875 0.1570 0.3065 0.4630 0.4557 0.3165 0.2132 0.1581 0.2140 0.4275 0.4807 0.3662 0.2455 0.1729 0.1664 0.3663 0.4771 0.4203 0.2846 0.1942 0.1557 0.2795 0.4547 0.4666 0.3303 0.2219 0.1613 0.1931 0.4124 0.4820 0.3833 0.2582 0.1802 0.1597 0.3282 0.4672 0.4525 0.3188 0.2190 0.1622 0.1808 0.3978
0.2010 0.1651 0.2238 0.3249 0.4564 0.4662 0.3282 0.1602 0.1786 0.2542 0.3763 0.4817 0.4209 0.2045 0.1592 0.2163 0.3212 0.4597 0.4604 0.2976 0.1564 0.1897 0.2766 0.4098 0.4794 0.3803 0.1712 0.1694 0.2388 0.3563 0.4786 0.4359 0.2304 0.1567 0.2078 0.3076 0.4471 0.4676 0.3237 0.1585 0.1832 0.2650 0.3941 0.4815 0.3995 0.1814 0.1646 0.2292 0.3424 0.4728 0.4694 0.4728 0.3424 0.2292 0.1646 0.1814 0.3995 0.4815 0.3941 0.2650 0.1832 0.1585 0.3237 0.4676 0.4471 0.3076 0.2078 0.1567 0.2304 0.4359 0.4786 0.3563 0.2388 0.1694 0.1712 0.3803 0.4794 0.4098 0.2766 0.1897 0.1564 0.2976 0.4604 0.4597 0.3212 0.2163 0.1592 0.2045 0.4209 0.4817 0.3763 0.2542 0.1786 0.1602 0.3282 0.4662 0.4564 0.3249 0.2238 0.1651 0.2010
0.1915 0.2301 0.3331 0.4623 0.4632 0.3210 0.1597 0.1786 0.2528 0.3724 0.4812 0.4270 0.2157 0.1577 0.2114 0.3130 0.4520 0.4652 0.3149 0.1576 0.1853 0.2688 0.3993 0.4810 0.3934 0.1776 0.1662 0.2323 0.3465 0.4753 0.4435 0.2482 0.1559 0.2026 0.2989 0.4377 0.4717 0.3402 0.1607 0.1792 0.2576 0.3836 0.4820 0.4108 0.1911 0.1617 0.2230 0.3322 0.4682 0.4505 0.3685 0.4505 0.4682 0.3322 0.2230 0.1617 0.1911 0.4108 0.4820 0.3836 0.2576 0.1792 0.1607 0.3402 0.4717 0.4377 0.2989 0.2026 0.1559 0.2482 0.4435 0.4753 0.3465 0.2323 0.1662 0.1776 0.3934 0.4810 0.3993 0.2688 0.1853 0.1576 0.3149 0.4652 0.4520 0.3130 0.2114 0.1577 0.2157 0.4270 0.4812 0.3724 0.2528 0.1786 0.1597 0.3210 0.4632 0.4623 0.3331 0.2301 0.1915
0.2464 0.3434 0.4683 0.4586 0.3082 0.1585 0.1802 0.2542 0.3724 0.4809 0.4302 0.2240 0.1569 0.2075 0.3059 0.4443 0.4692 0.3307 0.1594 0.1813 0.2613 0.3888 0.4819 0.4054 0.1860 0.1631 0.2261 0.3369 0.4707 0.4503 0.2664 0.1556 0.1976 0.2905 0.4277 0.4751 0.3557 0.1637 0.1754 0.2505 0.3734 0.4816 0.4210 0.2035 0.1594 0.2172 0.3230 0.4612 0.4587 0.2976 0.1671 0.2976 0.4587 0.4612 0.3230 0.2172 0.1594 0.2035 0.4210 0.4816 0.3734 0.2505 0.1754 0.1637 0.3557 0.4751 0.4277 0.2905 0.1976 0.1556 0.2664 0.4503 0.4707 0.3369 0.2261 0.1631 0.1860 0.4054 0.4819 0.3888 0.2613 0.1813 0.1594 0.3307 0.4692 0.4443 0.3059 0.2075 0.1569 0.2240 0.4302 0.4809 0.3724 0.2542 0.1802 0.1585 0.3082 0.4586 0.4683 0.3434 0.2464
0.3470 0.4747 0.4529 0.2920 0.1571 0.1830 0.2582 0.3763 0.4812 0.4302 0.2271 0.1565 0.2050 0.3006 0.4376 0.4723 0.3444 0.1617 0.1777 0.2544 0.3787 0.4819 0.4160 0.1970 0.1605 0.2201 0.3276 0.4647 0.4564 0.2847 0.1559 0.1929 0.2823 0.4173 0.4778 0.3704 0.1677 0.1718 0.2435 0.3633 0.4803 0.4300 0.2186 0.1576 0.2116 0.3139 0.4534 0.4644 0.3107 0.1557 0.1587 0.1557 0.3107 0.4644 0.4534 0.3139 0.2116 0.1576 0.2186 0.4300 0.4803 0.3633 0.2435 0.1718 0.1677 0.3704 0.4778 0.4173 0.2823 0.1929 0.1559 0.2847 0.4564 0.4647 0.3276 0.2201 0.1605 0.1970 0.4160 0.4819 0.3787 0.2544 0.1777 0.1617 0.3444 0.4723 0.4376 0.3006 0.2050 0.1565 0.2271 0.4302 0.4812 0.3763 0.2582 0.1830 0.1571 0.2920 0.4529 0.4747 0.3470
0.4709 0.4466 0.2742 0.1562 0.1867 0.2641 0.3833 0.4817 0.4270 0.2240 0.1565 0.2040 0.2977 0.4328 0.4744 0.3553 0.1642 0.1746 0.2482 0.3694 0.4811 0.4253 0.2105 0.1585 0.2144 0.3184 0.4574 0.4619 0.3027 0.1567 0.1884 0.2743 0.4068 0.4799 0.3842 0.1729 0.1684 0.2369 0.3534 0.4778 0.4382 0.2354 0.1564 0.2062 0.3051 0.4445 0.4689 0.3285 0.1592 0.1790 0.2148 0.1790 0.1592 0.3285 0.4689 0.4445 0.3051 0.2062 0.1564 0.2354 0.4382 0.4778 0.3534 0.2369 0.1684 0.1729 0.3842 0.4799 0.4068 0.2743 0.1884 0.1567 0.3027 0.4619 0.4574 0.3184 0.2144 0.1585 0.2105 0.4253 0.4811 0.3694 0.2482 0.1746 0.1642 0.3553 0.4744 0.4328 0.2977 0.2040 0.1565 0.2240 0.4270 0.4817 0.3833 0.2641 0.1867 0.1562 0.2742 0.4466 0.4709
0.4476 0.2559 0.1557 0.1910 0.2712 0.3923 0.4820 0.4209 0.2157 0.1569 0.2050 0.2977 0.4310 0.4754 0.3622 0.1664 0.1721 0.2430 0.3611 0.4796 0.4332 0.2256 0.1570 0.2090 0.3096 0.4490 0.4667 0.3201 0.1581 0.1841 0.2666 0.3963 0.4813 0.3970 0.1797 0.1653 0.2305 0.3437 0.4741 0.4455 0.2534 0.1557 0.2011 0.2965 0.4349 0.4727 0.3447 0.1615 0.1786 0.2527 0.3180 0.2527 0.1786 0.1615 0.3447 0.4727 0.4349 0.2965 0.2011 0.1557 0.2534 0.4455 0.4741 0.3437 0.2305 0.1653 0.1797 0.3970 0.4813 0.3963 0.2666 0.1841 0.1581 0.3201 0.4667 0.4490 0.3096 0.2090 0.1570 0.2256 0.4332 0.4796 0.3611 0.2430 0.1721 0.1664 0.3622 0.4754 0.4310 0.2977 0.2050 0.1569 0.2157 0.4209 0.4820 0.3923 0.2712 0.1910 0.1557 0.2559 0.4476
0.2598 0.1559 0.1956 0.2789 0.4024 0.4817 0.4124 0.2045 0.1577 0.2075 0.3006 0.4328 0.4754 0.3646 0.1678 0.1706 0.2391 0.3545 0.4776 0.4397 0.2406 0.1561 0.2041 0.3012 0.4400 0.4708 0.3366 0.1602 0.1801 0.2591 0.3858 0.4820 0.4086 0.1889 0.1623 0.2243 0.3342 0.4691 0.4521 0.2717 0.1556 0.1962 0.2881 0.4247 0.4759 0.3601 0.1647 0.1744 0.2491 0.3720 0.4550 0.3720 0.2491 0.1744 0.1647 0.3601 0.4759 0.4247 0.2881 0.1962 0.1556 0.2717 0.4521 0.4691 0.3342 0.2243 0.1623 0.1889 0.4086 0.4820 0.3858 0.2591 0.1801 0.1602 0.3366 0.4708 0.4400 0.3012 0.2041 0.1561 0.2406 0.4397 0.4776 0.3545 0.2391 0.1706 0.1678 0.3646 0.4754 0.4328 0.3006 0.2075 0.1577 0.2045 0.4124 0.4817 0.4024 0.2789 0.1956 0.1559 0.2598
0.1838 0.2008 0.2869 0.4129 0.4806 0.4019 0.1931 0.1592 0.2114 0.3059 0.4376 0.4744 0.3622 0.1678 0.1701 0.2372 0.3502 0.4757 0.4445 0.2538 0.1557 0.1998 0.2936 0.4308 0.4742 0.3520 0.1629 0.1762 0.2519 0.3755 0.4818 0.4189 0.2007 0.1599 0.2184 0.3249 0.4628 0.4581 0.2899 0.1560 0.1916 0.2800 0.4143 0.4785 0.3745 0.1690 0.1708 0.2417 0.3611 0.4784 0.4623 0.4784 0.3611 0.2417 0.1708 0.1690 0.3745 0.4785 0.4143 0.2800 0.1916 0.1560 0.2899 0.4581 0.4628 0.3249 0.2184 0.1599 0.2007 0.4189 0.4818 0.3755 0.2519 0.1762 0.1629 0.3520 0.4742 0.4308 0.2936 0.1998 0.1557 0.2538 0.4445 0.4757 0.3502 0.2372 0.1701 0.1678 0.3622 0.4744 0.4376 0.3059 0.2114 0.1592 0.1931 0.4019 0.4806 0.4129 0.2869 0.2008 0.1838
0.2210 0.2961 0.4232 0.4788 0.3898 0.1833 0.1613 0.2163 0.3130 0.4443 0.4723 0.3553 0.1664 0.1706 0.2372 0.3487 0.4745 0.4475 0.2638 0.1556 0.1963 0.2871 0.4222 0.4768 0.3656 0.1664 0.1727 0.2451 0.3655 0.4806 0.4282 0.2153 0.1580 0.2128 0.3158 0.4551 0.4633 0.3078 0.1570 0.1871 0.2721 0.4038 0.4804 0.3880 0.1747 0.1675 0.2350 0.3507 0.4770 0.4376 0.3412 0.4376 0.4770 0.3507 0.2350 0.1675 0.1747 0.3880 0.4804 0.4038 0.2721 0.1871 0.1570 0.3078 0.4633 0.4551 0.3158 0.2128 0.1580 0.2153 0.4282 0.4806 0.3655 0.2451 0.1727 0.1664 0.3656 0.4768 0.4222 0.2871 0.1963 0.1556 0.2638 0.4475 0.4745 0.3487 0.2372 0.1706 0.1664 0.3553 0.4723 0.4443 0.3130 0.2163 0.1613 0.1833 0.3898 0.4788 0.4232 0.2961 0.2210
0.3048 0.4349 0.4763 0.3764 0.1756 0.1640 0.2219 0.3212 0.4520 0.4692 0.3444 0.1642 0.1721 0.2391 0.3502 0.4745 0.4485 0.2691 0.1557 0.1938 0.2819 0.4147 0.4788 0.3774 0.1706 0.1696 0.2388 0.3559 0.4785 0.4365 0.2318 0.1566 0.2074 0.3070 0.4465 0.4679 0.3249 0.1586 0.1829 0.2644 0.3932 0.4816 0.4005 0.1821 0.1644 0.2287 0.3410 0.4729 0.4470 0.2625 0.1564 0.2625 0.4470 0.4729 0.3410 0.2287 0.1644 0.1821 0.4005 0.4816 0.3932 0.2644 0.1829 0.1586 0.3249 0.4679 0.4465 0.3070 0.2074 0.1566 0.2318 0.4365 0.4785 0.3559 0.2388 0.1696 0.1706 0.3774 0.4788 0.4147 0.2819 0.1938 0.1557 0.2691 0.4485 0.4745 0.3502 0.2391 0.1721 0.1642 0.3444 0.4692 0.4520 0.3212 0.2219 0.1640 0.1756 0.3764 0.4763 0.4349 0.3048
0.4309 0.4737 0.3621 0.1697 0.1671 0.2278 0.3303 0.4597 0.4652 0.3307 0.1617 0.1746 0.2430 0.3545 0.4757 0.4475 0.2691 0.1557 0.1925 0.2786 0.4092 0.4800 0.3869 0.1751 0.1669 0.2332 0.3472 0.4754 0.4437 0.2491 0.1559 0.2022 0.2983 0.4370 0.4719 0.3413 0.1609 0.1789 0.2570 0.3828 0.4820 0.4117 0.1920 0.1616 0.2226 0.3315 0.4674 0.4539 0.2762 0.1538 0.1645 0.1538 0.2762 0.4539 0.4674 0.3315 0.2226 0.1616 0.1920 0.4117 0.4820 0.3828 0.2570 0.1789 0.1609 0.3413 0.4719 0.4370 0.2983 0.2022 0.1559 0.2491 0.4437 0.4754 0.3472 0.2332 0.1669 0.1751 0.3869 0.4800 0.4092 0.2786 0.1925 0.1557 0.2691 0.4475 0.4757 0.3545 0.2430 0.1746 0.1617 0.3307 0.4652 0.4597 0.3303 0.2278 0.1671 0.1697 0.3621 0.4737 0.4309
0.4743 0.3468 0.1652 0.1704 0.2341 0.3397 0.4666 0.4604 0.3149 0.1594 0.1777 0.2482 0.3611 0.4776 0.4445 0.2638 0.1557 0.1925 0.2775 0.4063 0.4806 0.3936 0.1795 0.1647 0.2284 0.3393 0.4715 0.4498 0.2659 0.1556 0.1974 0.2900 0.4270 0.4753 0.3568 0.1639 0.1751 0.2499 0.3726 0.4815 0.4217 0.2047 0.1593 0.2168 0.3223 0.4607 0.4596 0.2951 0.1565 0.1871 0.2267 0.1871 0.1565 0.2951 0.4596 0.4607 0.3223 0.2168 0.1593 0.2047 0.4217 0.4815 0.3726 0.2499 0.1751 0.1639 0.3568 0.4753 0.4270 0.2900 0.1974 0.1556 0.2659 0.4498 0.4715 0.3393 0.2284 0.1647 0.1795 0.3936 0.4806 0.4063 0.2775 0.1925 0.1557 0.2638 0.4445 0.4776 0.3611 0.2482 0.1777 0.1594 0.3149 0.4604 0.4666 0.3397 0.2341 0.1704 0.1652 0.3468 0.4743
0.3460 0.1620 0.1739 0.2407 0.3493 0.4722 0.4547 0.2976 0.1576 0.1813 0.2544 0.3694 0.4796 0.4397 0.2538 0.1556 0.1938 0.2786 0.4063 0.4808 0.3969 0.1828 0.1632 0.2247 0.3328 0.4673 0.4548 0.2815 0.1558 0.1931 0.2823 0.4170 0.4780 0.3714 0.1680 0.1716 0.2430 0.3625 0.4801 0.4307 0.2198 0.1575 0.2112 0.3133 0.4527 0.4647 0.3128 0.1575 0.1864 0.2675 0.3374 0.2675 0.1864 0.1575 0.3128 0.4647 0.4527 0.3133 0.2112 0.1575 0.2198 0.4307 0.4801 0.3625 0.2430 0.1716 0.1680 0.3714 0.4780 0.4170 0.2823 0.1931 0.1558 0.2815 0.4548 0.4673 0.3328 0.2247 0.1632 0.1828 0.3969 0.4808 0.4063 0.2786 0.1938 0.1556 0.2538 0.4397 0.4796 0.3694 0.2544 0.1813 0.1576 0.2976 0.4547 0.4722 0.3493 0.2407 0.1739 0.1620 0.3460
0.1875 0.1778 0.2474 0.3591 0.4764 0.4484 0.2795 0.1564 0.1853 0.2613 0.3787 0.4811 0.4332 0.2406 0.1557 0.1963 0.2819 0.4092 0.4806 0.3969 0.1839 0.1625 0.2224 0.3282 0.4634 0.4587 0.2950 0.1564 0.1893 0.2752 0.4073 0.4799 0.3845 0.1732 0.1682 0.2364 0.3527 0.4776 0.4388 0.2368 0.1564 0.2059 0.3045 0.4438 0.4692 0.3297 0.1592 0.1818 0.2630 0.3924 0.4675 0.3924 0.2630 0.1818 0.1592 0.3297 0.4692 0.4438 0.3045 0.2059 0.1564 0.2368 0.4388 0.4776 0.3527 0.2364 0.1682 0.1732 0.3845 0.4799 0.4073 0.2752 0.1893 0.1564 0.2950 0.4587 0.4634 0.3282 0.2224 0.1625 0.1839 0.3969 0.4806 0.4092 0.2819 0.1963 0.1557 0.2406 0.4332 0.4811 0.3787 0.2613 0.1853 0.1564 0.2795 0.4484 0.4764 0.3591 0.2474 0.1778 0.1875
0.2017 0.2551 0.3690 0.4794 0.4414 0.2611 0.1557 0.1897 0.2688 0.3888 0.4819 0.4253 0.2256 0.1561 0.1998 0.2871 0.4147 0.4800 0.3936 0.1828 0.1625 0.2216 0.3258 0.4606 0.4614 0.3055 0.1571 0.1861 0.2690 0.3984 0.4812 0.3962 0.1796 0.1652 0.2301 0.3430 0.4738 0.4461 0.2548 0.1557 0.2008 0.2959 0.4341 0.4730 0.3459 0.1617 0.1778 0.2550 0.3806 0.4801 0.4528 0.4801 0.3806 0.2550 0.1778 0.1617 0.3459 0.4730 0.4341 0.2959 0.2008 0.1557 0.2548 0.4461 0.4738 0.3430 0.2301 0.1652 0.1796 0.3962 0.4812 0.3984 0.2690 0.1861 0.1571 0.3055 0.4614 0.4606 0.3258 0.2216 0.1625 0.1828 0.3936 0.4800 0.4147 0.2871 0.1998 0.1561 0.2256 0.4253 0.4819 0.3888 0.2688 0.1897 0.1557 0.2611 0.4414 0.4794 0.3690 0.2551 0.2017
0.2684 0.3804 0.4811 0.4336 0.2430 0.1556 0.1942 0.2766 0.3993 0.4819 0.4160 0.2105 0.1570 0.2041 0.2936 0.4222 0.4788 0.3869 0.1795 0.1632 0.2224 0.3258 0.4596 0.4627 0.3121 0.1579 0.1837 0.2640 0.3907 0.4818 0.4061 0.1874 0.1625 0.2244 0.3340 0.4688 0.4525 0.2731 0.1557 0.1959 0.2875 0.4240 0.4762 0.3611 0.1650 0.1741 0.2479 0.3697 0.4812 0.4221 0.3104 0.4221 0.4812 0.3697 0.2479 0.1741 0.1650 0.3611 0.4762 0.4240 0.2875 0.1959 0.1557 0.2731 0.4525 0.4688 0.3340 0.2244 0.1625 0.1874 0.4061 0.4818 0.3907 0.2640 0.1837 0.1579 0.3121 0.4627 0.4596 0.3258 0.2224 0.1632 0.1795 0.3869 0.4788 0.4222 0.2936 0.2041 0.1570 0.2105 0.4160 0.4819 0.3993 0.2766 0.1942 0.1556 0.2430 0.4336 0.4811 0.3804 0.2684
0.3804 0.4829 0.4249 0.2256 0.1561 0.1990 0.2846 0.4098 0.4810 0.4054 0.1970 0.1585 0.2090 0.3012 0.4308 0.4768 0.3774 0.1751 0.1647 0.2247 0.3282 0.4606 0.4627 0.3144 0.1583 0.1821 0.2605 0.3848 0.4820 0.4139 0.1962 0.1604 0.2193 0.3257 0.4629 0.4582 0.2908 0.1561 0.1913 0.2794 0.4136 0.4787 0.3755 0.1694 0.1706 0.2411 0.3597 0.4795 0.4325 0.2277 0.1504 0.2277 0.4325 0.4795 0.3597 0.2411 0.1706 0.1694 0.3755 0.4787 0.4136 0.2794 0.1913 0.1561 0.2908 0.4582 0.4629 0.3257 0.2193 0.1604 0.1962 0.4139 0.4820 0.3848 0.2605 0.1821 0.1583 0.3144 0.4627 0.4606 0.3282 0.2247 0.1647 0.1751 0.3774 0.4768 0.4308 0.3012 0.2090 0.1585 0.1970 0.4054 0.4810 0.4098 0.2846 0.1990 0.1561 0.2256 0.4249 0.4829 0.3804
0.4812 0.4153 0.2097 0.1570 0.2040 0.2929 0.4203 0.4794 0.3934 0.1860 0.1605 0.2144 0.3096 0.4400 0.4742 0.3656 0.1706 0.1669 0.2284 0.3328 0.4634 0.4614 0.3121 0.1583 0.1816 0.2587 0.3810 0.4819 0.4196 0.2047 0.1589 0.2149 0.3182 0.4564 0.4629 0.3072 0.1571 0.1870 0.2717 0.4031 0.4805 0.3889 0.1751 0.1673 0.2345 0.3499 0.4766 0.4410 0.2411 0.1539 0.1710 0.1539 0.2411 0.4410 0.4766 0.3499 0.2345 0.1673 0.1751 0.3889 0.4805 0.4031 0.2717 0.1870 0.1571 0.3072 0.4629 0.4564 0.3182 0.2149 0.1589 0.2047 0.4196 0.4819 0.3810 0.2587 0.1816 0.1583 0.3121 0.4614 0.4634 0.3328 0.2284 0.1669 0.1706 0.3656 0.4742 0.4400 0.3096 0.2144 0.1605 0.1860 0.3934 0.4794 0.4203 0.2929 0.2040 0.1570 0.2097 0.4153 0.4812
0.4152 0.1961 0.1586 0.2093 0.3014 0.4306 0.4771 0.3803 0.1776 0.1631 0.2201 0.3184 0.4490 0.4708 0.3520 0.1664 0.1696 0.2332 0.3393 0.4673 0.4587 0.3055 0.1579 0.1821 0.2587 0.3797 0.4818 0.4230 0.2113 0.1579 0.2114 0.3118 0.4500 0.4667 0.3219 0.1584 0.1831 0.2645 0.3930 0.4816 0.4012 0.1827 0.1641 0.2282 0.3402 0.4725 0.4480 0.2600 0.1559 0.1961 0.2397 0.1961 0.1559 0.2600 0.4480 0.4725 0.3402 0.2282 0.1641 0.1827 0.4012 0.4816 0.3930 0.2645 0.1831 0.1584 0.3219 0.4667 0.4500 0.3118 0.2114 0.1579 0.2113 0.4230 0.4818 0.3797 0.2587 0.1821 0.1579 0.3055 0.4587 0.4673 0.3393 0.2332 0.1696 0.1664 0.3520 0.4708 0.4490 0.3184 0.2201 0.1631 0.1776 0.3803 0.4771 0.4306 0.3014 0.2093 0.1586 0.1961 0.4152
0.2117 0.1609 0.2148 0.3101 0.4405 0.4742 0.3663 0.1712 0.1662 0.2261 0.3276 0.4574 0.4667 0.3366 0.1629 0.1727 0.2388 0.3472 0.4715 0.4548 0.2950 0.1571 0.1837 0.2605 0.3810 0.4818 0.4241 0.2150 0.1574 0.2089 0.3069 0.4442 0.4697 0.3346 0.1601 0.1797 0.2579 0.3835 0.4820 0.4119 0.1926 0.1614 0.2222 0.3308 0.4669 0.4544 0.2784 0.1558 0.1950 0.2832 0.3577 0.2832 0.1950 0.1558 0.2784 0.4544 0.4669 0.3308 0.2222 0.1614 0.1926 0.4119 0.4820 0.3835 0.2579 0.1797 0.1601 0.3346 0.4697 0.4442 0.3069 0.2089 0.1574 0.2150 0.4241 0.4818 0.3810 0.2605 0.1837 0.1571 0.2950 0.4548 0.4715 0.3472 0.2388 0.1727 0.1629 0.3366 0.4667 0.4574 0.3276 0.2261 0.1662 0.1712 0.3663 0.4742 0.4405 0.3101 0.2148 0.1609 0.2117
0.1882 0.2210 0.3190 0.4497 0.4706 0.3514 0.1664 0.1694 0.2323 0.3369 0.4647 0.4619 0.3201 0.1602 0.1762 0.2451 0.3559 0.4754 0.4498 0.2815 0.1564 0.1861 0.2640 0.3848 0.4819 0.4230 0.2150 0.1572 0.2077 0.3039 0.4399 0.4719 0.3447 0.1620 0.1768 0.2521 0.3747 0.4817 0.4211 0.2044 0.1592 0.2165 0.3216 0.4601 0.4601 0.2965 0.1564 0.1900 0.2778 0.4128 0.4747 0.4128 0.2778 0.1900 0.1564 0.2965 0.4601 0.4601 0.3216 0.2165 0.1592 0.2044 0.4211 0.4817 0.3747 0.2521 0.1768 0.1620 0.3447 0.4719 0.4399 0.3039 0.2077 0.1572 0.2150 0.4230 0.4819 0.3848 0.2640 0.1861 0.1564 0.2815 0.4498 0.4754 0.3559 0.2451 0.1762 0.1602 0.3201 0.4619 0.4647 0.3369 0.2323 0.1694 0.1664 0.3514 0.4706 0.4497 0.3190 0.2210 0.1882
0.2385 0.3292 0.4579 0.4663 0.3355 0.1628 0.1729 0.2388 0.3465 0.4707 0.4564 0.3027 0.1581 0.1801 0.2519 0.3655 0.4785 0.4437 0.2659 0.1558 0.1893 0.2690 0.3907 0.4820 0.4196 0.2113 0.1574 0.2077 0.3029 0.4377 0.4731 0.3516 0.1637 0.1745 0.2473 0.3671 0.4807 0.4288 0.2175 0.1576 0.2113 0.3130 0.4523 0.4650 0.3140 0.1576 0.1856 0.2694 0.4007 0.4786 0.4411 0.4786 0.4007 0.2694 0.1856 0.1576 0.3140 0.4650 0.4523 0.3130 0.2113 0.1576 0.2175 0.4288 0.4807 0.3671 0.2473 0.1745 0.1637 0.3516 0.4731 0.4377 0.3029 0.2077 0.1574 0.2113 0.4196 0.4820 0.3907 0.2690 0.1893 0.1558 0.2659 0.4437 0.4785 0.3655 0.2519 0.1801 0.1581 0.3027 0.4564 0.4707 0.3465 0.2388 0.1729 0.1628 0.3355 0.4663 0.4579 0.3292 0.2385
0.3343 0.4665 0.4615 0.3188 0.1600 0.1765 0.2455 0.3563 0.4753 0.4503 0.2847 0.1567 0.1841 0.2591 0.3755 0.4806 0.4365 0.2491 0.1556 0.1931 0.2752 0.3984 0.4818 0.4139 0.2047 0.1579 0.2089 0.3039 0.4377 0.4735 0.3551 0.1650 0.1729 0.2436 0.3609 0.4793 0.4350 0.2307 0.1566 0.2066 0.3051 0.4440 0.4692 0.3305 0.1594 0.1815 0.2618 0.3895 0.4817 0.4036 0.2771 0.4036 0.4817 0.3895 0.2618 0.1815 0.1594 0.3305 0.4692 0.4440 0.3051 0.2066 0.1566 0.2307 0.4350 0.4793 0.3609 0.2436 0.1729 0.1650 0.3551 0.4735 0.4377 0.3039 0.2089 0.1579 0.2047 0.4139 0.4818 0.3984 0.2752 0.1931 0.1556 0.2491 0.4365 0.4806 0.3755 0.2591 0.1841 0.1567 0.2847 0.4503 0.4753 0.3563 0.2455 0.1765 0.1600 0.3188 0.4615 0.4665 0.3343
0.4620 0.4562 0.3014 0.1580 0.1804 0.2525 0.3662 0.4786 0.4435 0.2664 0.1559 0.1884 0.2666 0.3858 0.4818 0.4282 0.2318 0.1559 0.1974 0.2823 0.4073 0.4812 0.4061 0.1962 0.1589 0.2114 0.3069 0.4399 0.4731 0.3551 0.1654 0.1721 0.2414 0.3566 0.4779 0.4398 0.2428 0.1560 0.2026 0.2979 0.4357 0.4727 0.3454 0.1617 0.1777 0.2546 0.3792 0.4820 0.4148 0.1981 0.1480 0.1981 0.4148 0.4820 0.3792 0.2546 0.1777 0.1617 0.3454 0.4727 0.4357 0.2979 0.2026 0.1560 0.2428 0.4398 0.4779 0.3566 0.2414 0.1721 0.1654 0.3551 0.4731 0.4399 0.3069 0.2114 0.1589 0.1962 0.4061 0.4812 0.4073 0.2823 0.1974 0.1559 0.2318 0.4282 0.4818 0.3858 0.2666 0.1884 0.1559 0.2664 0.4435 0.4786 0.3662 0.2525 0.1804 0.1580 0.3014 0.4562 0.4620
0.4573 0.2833 0.1566 0.1844 0.2597 0.3763 0.4807 0.4359 0.2482 0.1556 0.1929 0.2743 0.3963 0.4820 0.4189 0.2153 0.1566 0.2022 0.2900 0.4170 0.4799 0.3962 0.1874 0.1604 0.2149 0.3118 0.4442 0.4719 0.3516 0.1650 0.1721 0.2406 0.3545 0.4769 0.4430 0.2522 0.1557 0.1992 0.2918 0.4278 0.4754 0.3586 0.1646 0.1742 0.2479 0.3693 0.4812 0.4250 0.2093 0.1561 0.1784 0.1561 0.2093 0.4250 0.4812 0.3693 0.2479 0.1742 0.1646 0.3586 0.4754 0.4278 0.2918 0.1992 0.1557 0.2522 0.4430 0.4769 0.3545 0.2406 0.1721 0.1650 0.3516 0.4719 0.4442 0.3118 0.2149 0.1604 0.1874 0.3962 0.4799 0.4170 0.2900 0.2022 0.1566 0.2153 0.4189 0.4820 0.3963 0.2743 0.1929 0.1556 0.2482 0.4359 0.4807 0.3763 0.2597 0.1844 0.1566 0.2833 0.4573
0.2848 0.1560 0.1887 0.2672 0.3866 0.4818 0.4275 0.2304 0.1559 0.1976 0.2823 0.4068 0.4813 0.4086 0.2007 0.1580 0.2074 0.2983 0.4270 0.4780 0.3845 0.1796 0.1625 0.2193 0.3182 0.4500 0.4697 0.3447 0.1637 0.1729 0.2414 0.3545 0.4765 0.4446 0.2581 0.1556 0.1967 0.2868 0.4209 0.4774 0.3700 0.1681 0.1712 0.2418 0.3601 0.4795 0.4333 0.2254 0.1573 0.2061 0.2539 0.2061 0.1573 0.2254 0.4333 0.4795 0.3601 0.2418 0.1712 0.1681 0.3700 0.4774 0.4209 0.2868 0.1967 0.1556 0.2581 0.4446 0.4765 0.3545 0.2414 0.1729 0.1637 0.3447 0.4697 0.4500 0.3182 0.2193 0.1625 0.1796 0.3845 0.4780 0.4270 0.2983 0.2074 0.1580 0.2007 0.4086 0.4813 0.4068 0.2823 0.1976 0.1559 0.2304 0.4275 0.4818 0.3866 0.2672 0.1887 0.1560 0.2848
0.1836 0.1936 0.2749 0.3971 0.4820 0.4182 0.2140 0.1567 0.2026 0.2905 0.4173 0.4799 0.3970 0.1889 0.1599 0.2128 0.3070 0.4370 0.4753 0.3714 0.1732 0.1652 0.2244 0.3257 0.4564 0.4667 0.3346 0.1620 0.1745 0.2436 0.3566 0.4769 0.4446 0.2601 0.1556 0.1952 0.2834 0.4156 0.4788 0.3793 0.1717 0.1686 0.2364 0.3517 0.4770 0.4405 0.2417 0.1561 0.2047 0.3002 0.3791 0.3002 0.2047 0.1561 0.2417 0.4405 0.4770 0.3517 0.2364 0.1686 0.1717 0.3793 0.4788 0.4156 0.2834 0.1952 0.1556 0.2601 0.4446 0.4769 0.3566 0.2436 0.1745 0.1620 0.3346 0.4667 0.4564 0.3257 0.2244 0.1652 0.1732 0.3714 0.4753 0.4370 0.3070 0.2128 0.1599 0.1889 0.3970 0.4799 0.4173 0.2905 0.2026 0.1567 0.2140 0.4182 0.4820 0.3971 0.2749 0.1936 0.1836
0.2149 0.2836 0.4075 0.4813 0.4077 0.1997 0.1581 0.2078 0.2989 0.4277 0.4778 0.3842 0.1797 0.1623 0.2184 0.3158 0.4465 0.4719 0.3568 0.1680 0.1682 0.2301 0.3340 0.4629 0.4629 0.3219 0.1601 0.1768 0.2473 0.3609 0.4779 0.4430 0.2581 0.1556 0.1947 0.2816 0.4122 0.4797 0.3860 0.1753 0.1665 0.2318 0.3442 0.4738 0.4466 0.2577 0.1557 0.1995 0.2941 0.4330 0.4775 0.4330 0.2941 0.1995 0.1557 0.2577 0.4466 0.4738 0.3442 0.2318 0.1665 0.1753 0.3860 0.4797 0.4122 0.2816 0.1947 0.1556 0.2581 0.4430 0.4779 0.3609 0.2473 0.1768 0.1601 0.3219 0.4629 0.4629 0.3340 0.2301 0.1682 0.1680 0.3568 0.4719 0.4465 0.3158 0.2184 0.1623 0.1797 0.3842 0.4778 0.4277 0.2989 0.2078 0.1581 0.1997 0.4077 0.4813 0.4075 0.2836 0.2149
0.2937 0.4194 0.4798 0.3960 0.1880 0.1600 0.2132 0.3076 0.4377 0.4751 0.3704 0.1729 0.1653 0.2243 0.3249 0.4551 0.4679 0.3413 0.1639 0.1716 0.2364 0.3430 0.4688 0.4582 0.3072 0.1584 0.1797 0.2521 0.3671 0.4793 0.4398 0.2522 0.1556 0.1952 0.2816 0.4110 0.4801 0.3902 0.1783 0.1649 0.2282 0.3380 0.4703 0.4517 0.2726 0.1557 0.1952 0.2858 0.4220 0.4743 0.4261 0.4743 0.4220 0.2858 0.1952 0.1557 0.2726 0.4517 0.4703 0.3380 0.2282 0.1649 0.1783 0.3902 0.4801 0.4110 0.2816 0.1952 0.1556 0.2522 0.4398 0.4793 0.3671 0.2521 0.1797 0.1584 0.3072 0.4582 0.4688 0.3430 0.2364 0.1716 0.1639 0.3413 0.4679 0.4551 0.3249 0.2243 0.1653 0.1729 0.3704 0.4751 0.4377 0.3076 0.2132 0.1600 0.1880 0.3960 0.4798 0.4194 0.2937
0.4164 0.4783 0.3832 0.1791 0.1625 0.2189 0.3165 0.4471 0.4717 0.3557 0.1677 0.1684 0.2305 0.3342 0.4628 0.4633 0.3249 0.1609 0.1751 0.2430 0.3527 0.4738 0.4525 0.2908 0.1571 0.1831 0.2579 0.3747 0.4807 0.4350 0.2428 0.1557 0.1967 0.2834 0.4122 0.4801 0.3916 0.1800 0.1639 0.2257 0.3333 0.4670 0.4556 0.2856 0.1560 0.1914 0.2788 0.4120 0.4788 0.3796 0.2401 0.3796 0.4788 0.4120 0.2788 0.1914 0.1560 0.2856 0.4556 0.4670 0.3333 0.2257 0.1639 0.1800 0.3916 0.4801 0.4122 0.2834 0.1967 0.1557 0.2428 0.4350 0.4807 0.3747 0.2579 0.1831 0.1571 0.2908 0.4525 0.4738 0.3527 0.2430 0.1751 0.1609 0.3249 0.4633 0.4628 0.3342 0.2305 0.1684 0.1677 0.3557 0.4717 0.4471 0.3165 0.2189 0.1625 0.1791 0.3832 0.4783 0.4164
0.4784 0.3693 0.1724 0.1655 0.2248 0.3256 0.4557 0.4676 0.3402 0.1637 0.1718 0.2369 0.3437 0.4691 0.4581 0.3078 0.1586 0.1789 0.2499 0.3625 0.4776 0.4461 0.2731 0.1561 0.1870 0.2645 0.3835 0.4817 0.4288 0.2307 0.1560 0.1992 0.2868 0.4156 0.4797 0.3902 0.1800 0.1636 0.2244 0.3304 0.4644 0.4585 0.2958 0.1565 0.1883 0.2729 0.4035 0.4806 0.3900 0.1765 0.1487 0.1765 0.3900 0.4806 0.4035 0.2729 0.1883 0.1565 0.2958 0.4585 0.4644 0.3304 0.2244 0.1636 0.1800 0.3902 0.4797 0.4156 0.2868 0.1992 0.1560 0.2307 0.4288 0.4817 0.3835 0.2645 0.1870 0.1561 0.2731 0.4461 0.4776 0.3625 0.2499 0.1789 0.1586 0.3078 0.4581 0.4691 0.3437 0.2369 0.1718 0.1637 0.3402 0.4676 0.4557 0.3256 0.2248 0.1655 0.1724 0.3693 0.4784
0.3684 0.1675 0.1687 0.2309 0.3349 0.4633 0.4630 0.3237 0.1607 0.1754 0.2435 0.3534 0.4741 0.4521 0.2899 0.1570 0.1829 0.2570 0.3726 0.4801 0.4388 0.2548 0.1557 0.1913 0.2717 0.3930 0.4820 0.4211 0.2175 0.1566 0.2026 0.2918 0.4209 0.4788 0.3860 0.1783 0.1639 0.2244 0.3294 0.4629 0.4602 0.3030 0.1571 0.1859 0.2680 0.3961 0.4815 0.4006 0.1828 0.1612 0.1878 0.1612 0.1828 0.4006 0.4815 0.3961 0.2680 0.1859 0.1571 0.3030 0.4602 0.4629 0.3294 0.2244 0.1639 0.1783 0.3860 0.4788 0.4209 0.2918 0.2026 0.1566 0.2175 0.4211 0.4820 0.3930 0.2717 0.1913 0.1557 0.2548 0.4388 0.4801 0.3726 0.2570 0.1829 0.1570 0.2899 0.4521 0.4741 0.3534 0.2435 0.1754 0.1607 0.3237 0.4630 0.4633 0.3349 0.2309 0.1687 0.1675 0.3684
0.1914 0.1723 0.2373 0.3444 0.4695 0.4576 0.3065 0.1585 0.1792 0.2505 0.3633 0.4778 0.4455 0.2717 0.1560 0.1871 0.2644 0.3828 0.4815 0.4307 0.2368 0.1557 0.1959 0.2794 0.4031 0.4816 0.4119 0.2044 0.1576 0.2066 0.2979 0.4278 0.4774 0.3793 0.1753 0.1649 0.2257 0.3304 0.4629 0.4608 0.3068 0.1575 0.1842 0.2643 0.3902 0.4819 0.4086 0.1905 0.1619 0.2190 0.2717 0.2190 0.1619 0.1905 0.4086 0.4819 0.3902 0.2643 0.1842 0.1575 0.3068 0.4608 0.4629 0.3304 0.2257 0.1649 0.1753 0.3793 0.4774 0.4278 0.2979 0.2066 0.1576 0.2044 0.4119 0.4816 0.4031 0.2794 0.1959 0.1557 0.2368 0.4307 0.4815 0.3828 0.2644 0.1871 0.1560 0.2717 0.4455 0.4778 0.3633 0.2505 0.1792 0.1585 0.3065 0.4576 0.4695 0.3444 0.2373 0.1723 0.1914
0.1973 0.2446 0.3541 0.4744 0.4517 0.2887 0.1570 0.1832 0.2576 0.3734 0.4803 0.4382 0.2534 0.1556 0.1916 0.2721 0.3932 0.4820 0.4217 0.2198 0.1564 0.2008 0.2875 0.4136 0.4805 0.4012 0.1926 0.1592 0.2113 0.3051 0.4357 0.4754 0.3700 0.1717 0.1665 0.2282 0.3333 0.4644 0.4602 0.3068 0.1577 0.1833 0.2620 0.3861 0.4820 0.4145 0.1980 0.1599 0.2183 0.3222 0.4052 0.3222 0.2183 0.1599 0.1980 0.4145 0.4820 0.3861 0.2620 0.1833 0.1577 0.3068 0.4602 0.4644 0.3333 0.2282 0.1665 0.1717 0.3700 0.4754 0.4357 0.3051 0.2113 0.1592 0.1926 0.4012 0.4805 0.4136 0.2875 0.2008 0.1564 0.2198 0.4217 0.4820 0.3932 0.2721 0.1916 0.1556 0.2534 0.4382 0.4803 0.3734 0.2576 0.1832 0.1570 0.2887 0.4517 0.4744 0.3541 0.2446 0.1973
0.2592 0.3652 0.4779 0.4450 0.2704 0.1560 0.1875 0.2650 0.3836 0.4816 0.4300 0.2354 0.1557 0.1962 0.2800 0.4038 0.4816 0.4117 0.2047 0.1575 0.2059 0.2959 0.4240 0.4787 0.3889 0.1827 0.1614 0.2165 0.3130 0.4440 0.4727 0.3586 0.1681 0.1686 0.2318 0.3380 0.4670 0.4585 0.3030 0.1575 0.1833 0.2612 0.3839 0.4820 0.4185 0.2043 0.1587 0.2142 0.3170 0.4555 0.4764 0.4555 0.3170 0.2142 0.1587 0.2043 0.4185 0.4820 0.3839 0.2612 0.1833 0.1575 0.3030 0.4585 0.4670 0.3380 0.2318 0.1686 0.1681 0.3586 0.4727 0.4440 0.3130 0.2165 0.1614 0.1827 0.3889 0.4787 0.4240 0.2959 0.2059 0.1575 0.2047 0.4117 0.4816 0.4038 0.2800 0.1962 0.1557 0.2354 0.4300 0.4816 0.3836 0.2650 0.1875 0.1560 0.2704 0.4450 0.4779 0.3652 0.2592
0.3666 0.4814 0.4376 0.2521 0.1556 0.1919 0.2727 0.3941 0.4820 0.4210 0.2186 0.1564 0.2011 0.2881 0.4143 0.4804 0.4005 0.1920 0.1593 0.2112 0.3045 0.4341 0.4762 0.3755 0.1751 0.1641 0.2222 0.3216 0.4523 0.4692 0.3454 0.1646 0.1712 0.2364 0.3442 0.4703 0.4556 0.2958 0.1571 0.1842 0.2620 0.3839 0.4819 0.4204 0.2085 0.1581 0.2115 0.3113 0.4494 0.4647 0.4017 0.4647 0.4494 0.3113 0.2115 0.1581 0.2085 0.4205 0.4819 0.3839 0.2620 0.1842 0.1571 0.2958 0.4556 0.4703 0.3442 0.2364 0.1712 0.1646 0.3454 0.4692 0.4523 0.3216 0.2222 0.1641 0.1751 0.3755 0.4762 0.4341 0.3045 0.2112 0.1593 0.1920 0.4005 0.4804 0.4143 0.2881 0.2011 0.1564 0.2186 0.4210 0.4820 0.3941 0.2727 0.1919 0.1556 0.2521 0.4376 0.4814 0.3666
0.4789 0.4294 0.2341 0.1558 0.1966 0.2806 0.4046 0.4815 0.4108 0.2035 0.1576 0.2062 0.2965 0.4247 0.4785 0.3880 0.1821 0.1616 0.2168 0.3133 0.4438 0.4730 0.3611 0.1694 0.1673 0.2282 0.3308 0.4601 0.4650 0.3305 0.1617 0.1742 0.2418 0.3517 0.4738 0.4517 0.2856 0.1565 0.1859 0.2643 0.3861 0.4820 0.4204 0.2100 0.1577 0.2099 0.3078 0.4445 0.4696 0.3394 0.1942 0.3394 0.4696 0.4445 0.3079 0.2099 0.1577 0.2100 0.4205 0.4820 0.3861 0.2643 0.1859 0.1565 0.2856 0.4517 0.4738 0.3517 0.2418 0.1742 0.1617 0.3305 0.4650 0.4601 0.3308 0.2282 0.1673 0.1694 0.3611 0.4730 0.4438 0.3133 0.2168 0.1616 0.1821 0.3880 0.4785 0.4247 0.2965 0.2062 0.1576 0.2035 0.4108 0.4815 0.4046 0.2806 0.1966 0.1558 0.2341 0.4294 0.4789
0.4299 0.2173 0.1565 0.2015 0.2888 0.4151 0.4803 0.3995 0.1911 0.1594 0.2116 0.3051 0.4349 0.4759 0.3745 0.1747 0.1644 0.2226 0.3223 0.4527 0.4692 0.3459 0.1650 0.1706 0.2345 0.3402 0.4669 0.4601 0.3140 0.1594 0.1777 0.2479 0.3601 0.4770 0.4466 0.2726 0.1560 0.1883 0.2680 0.3902 0.4820 0.4185 0.2085 0.1577 0.2093 0.3061 0.4416 0.4715 0.3435 0.1611 0.1532 0.1611 0.3435 0.4715 0.4416 0.3061 0.2093 0.1577 0.2085 0.4185 0.4820 0.3902 0.2680 0.1883 0.1560 0.2726 0.4466 0.4770 0.3601 0.2479 0.1777 0.1594 0.3140 0.4601 0.4669 0.3402 0.2345 0.1706 0.1650 0.3459 0.4692 0.4527 0.3223 0.2226 0.1644 0.1747 0.3745 0.4759 0.4349 0.3051 0.2116 0.1594 0.1911 0.3995 0.4803 0.4151 0.2888 0.2015 0.1565 0.2173 0.4299
0.2275 0.1579 0.2066 0.2971 0.4255 0.4783 0.3870 0.1814 0.1617 0.2172 0.3139 0.4445 0.4727 0.3601 0.1690 0.1675 0.2287 0.3315 0.4607 0.4647 0.3297 0.1617 0.1741 0.2411 0.3499 0.4725 0.4544 0.2965 0.1576 0.1815 0.2546 0.3693 0.4795 0.4405 0.2577 0.1557 0.1914 0.2729 0.3961 0.4819 0.4145 0.2043 0.1581 0.2099 0.3061 0.4406 0.4722 0.3489 0.1634 0.1719 0.2037 0.1719 0.1634 0.3489 0.4722 0.4406 0.3061 0.2099 0.1581 0.2043 0.4145 0.4819 0.3961 0.2729 0.1914 0.1557 0.2577 0.4405 0.4795 0.3693 0.2546 0.1815 0.1576 0.2965 0.4544 0.4725 0.3499 0.2411 0.1741 0.1617 0.3297 0.4647 0.4607 0.3315 0.2287 0.1675 0.1690 0.3601 0.4727 0.4445 0.3139 0.2172 0.1617 0.1814 0.3870 0.4783 0.4255 0.2971 0.2066 0.1579 0.2275
0.1857 0.2124 0.3057 0.4356 0.4757 0.3734 0.1741 0.1646 0.2230 0.3230 0.4534 0.4689 0.3447 0.1647 0.1708 0.2350 0.3410 0.4674 0.4596 0.3128 0.1592 0.1778 0.2479 0.3597 0.4766 0.4480 0.2784 0.1564 0.1856 0.2618 0.3792 0.4812 0.4333 0.2416 0.1557 0.1951 0.2788 0.4034 0.4815 0.4086 0.1980 0.1587 0.2115 0.3078 0.4416 0.4722 0.3505 0.1641 0.1740 0.2417 0.3018 0.2417 0.1740 0.1641 0.3505 0.4722 0.4416 0.3079 0.2115 0.1587 0.1980 0.4086 0.4815 0.4035 0.2788 0.1952 0.1557 0.2417 0.4333 0.4812 0.3792 0.2618 0.1856 0.1564 0.2784 0.4480 0.4766 0.3597 0.2479 0.1778 0.1592 0.3128 0.4596 0.4674 0.3410 0.2350 0.1708 0.1647 0.3447 0.4689 0.4534 0.3230 0.2230 0.1646 0.1741 0.3734 0.4757 0.4357 0.3057 0.2124 0.1858
0.2310 0.3154 0.4451 0.4724 0.3589 0.1686 0.1677 0.2291 0.3322 0.4612 0.4644 0.3285 0.1615 0.1744 0.2416 0.3506 0.4728 0.4539 0.2951 0.1574 0.1817 0.2550 0.3697 0.4795 0.4410 0.2601 0.1557 0.1899 0.2693 0.3895 0.4819 0.4250 0.2254 0.1561 0.1994 0.2857 0.4119 0.4806 0.4006 0.1905 0.1599 0.2141 0.3112 0.4444 0.4715 0.3490 0.1641 0.1732 0.2436 0.3597 0.4438 0.3597 0.2437 0.1733 0.1641 0.3489 0.4715 0.4445 0.3113 0.2142 0.1599 0.1905 0.4006 0.4806 0.4120 0.2858 0.1995 0.1561 0.2254 0.4250 0.4820 0.3895 0.2694 0.1900 0.1558 0.2600 0.4410 0.4795 0.3697 0.2550 0.1818 0.1575 0.2951 0.4539 0.4729 0.3507 0.2417 0.1744 0.1615 0.3285 0.4644 0.4612 0.3322 0.2292 0.1678 0.1687 0.3588 0.4724 0.4451 0.3155 0.2311
0.3220 0.4554 0.4685 0.3435 0.1644 0.1711 0.2355 0.3417 0.4679 0.4592 0.3115 0.1591 0.1781 0.2484 0.3604 0.4769 0.4475 0.2770 0.1563 0.1859 0.2623 0.3799 0.4812 0.4331 0.2419 0.1557 0.1945 0.2771 0.4000 0.4818 0.4154 0.2098 0.1570 0.2041 0.2932 0.4211 0.4791 0.3907 0.1832 0.1615 0.2176 0.3161 0.4487 0.4700 0.3444 0.1634 0.1735 0.2430 0.3580 0.4770 0.4661 0.4771 0.3589 0.2437 0.1740 0.1634 0.3435 0.4696 0.4494 0.3170 0.2183 0.1619 0.1828 0.3900 0.4788 0.4220 0.2941 0.2047 0.1573 0.2093 0.4148 0.4817 0.4007 0.2778 0.1950 0.1559 0.2411 0.4325 0.4812 0.3806 0.2630 0.1864 0.1565 0.2762 0.4470 0.4770 0.3611 0.2491 0.1786 0.1592 0.3107 0.4587 0.4682 0.3424 0.2361 0.1715 0.1645 0.3428 0.4681 0.4558 0.3224
0.4507 0.4644 0.3272 0.1613 0.1746 0.2421 0.3513 0.4732 0.4535 0.2938 0.1573 0.1821 0.2555 0.3705 0.4797 0.4404 0.2586 0.1557 0.1903 0.2698 0.3902 0.4820 0.4244 0.2246 0.1561 0.1993 0.2851 0.4105 0.4809 0.4046 0.1962 0.1585 0.2092 0.3013 0.4306 0.4770 0.3793 0.1766 0.1637 0.2219 0.3223 0.4540 0.4677 0.3370 0.1622 0.1745 0.2442 0.3582 0.4778 0.4389 0.3478 0.4370 0.4771 0.3597 0.2417 0.1719 0.1611 0.3394 0.4647 0.4555 0.3222 0.2190 0.1612 0.1765 0.3796 0.4743 0.4330 0.3002 0.2061 0.1561 0.1981 0.4036 0.4786 0.4128 0.2832 0.1961 0.1539 0.2277 0.4221 0.4801 0.3924 0.2675 0.1871 0.1538 0.2625 0.4376 0.4784 0.3720 0.2527 0.1790 0.1557 0.2976 0.4505 0.4728 0.3522 0.2391 0.1717 0.1601 0.3308 0.4616 0.4503
0.4653 0.3101 0.1589 0.1784 0.2490 0.3612 0.4771 0.4470 0.2756 0.1562 0.1863 0.2629 0.3807 0.4813 0.4325 0.2405 0.1557 0.1949 0.2777 0.4007 0.4818 0.4147 0.2088 0.1572 0.2044 0.2935 0.4210 0.4793 0.3926 0.1853 0.1607 0.2148 0.3100 0.4403 0.4742 0.3661 0.1710 0.1665 0.2270 0.3296 0.4599 0.4646 0.3269 0.1607 0.1763 0.2468 0.3610 0.4782 0.4405 0.2562 0.1743 0.3490 0.4660 0.4438 0.3018 0.2037 0.1532 0.1942 0.4017 0.4764 0.4052 0.2717 0.1878 0.1487 0.2401 0.4261 0.4775 0.3791 0.2539 0.1784 0.1480 0.2771 0.4411 0.4747 0.3577 0.2397 0.1710 0.1504 0.3104 0.4528 0.4675 0.3374 0.2267 0.1645 0.1564 0.3412 0.4623 0.4550 0.3180 0.2148 0.1587 0.1671 0.3685 0.4694 0.4380 0.2996 0.2040 0.1538 0.1857 0.3917 0.4758
0.3100 0.1575 0.1826 0.2564 0.3716 0.4798 0.4395 0.2568 0.1558 0.1909 0.2709 0.3914 0.4819 0.4233 0.2229 0.1563 0.2000 0.2861 0.4117 0.4807 0.4035 0.1951 0.1589 0.2100 0.3024 0.4316 0.4768 0.3791 0.1770 0.1635 0.2208 0.3194 0.4499 0.4704 0.3511 0.1664 0.1697 0.2330 0.3382 0.4659 0.4604 0.3139 0.1592 0.1788 0.2509 0.3659 0.4792 0.4393 0.2481 0.1474 0.2845 0.4395 0.4770 0.3597 0.2417 0.1719 0.1611 0.3394 0.4647 0.4555 0.3222 0.2190 0.1612 0.1765 0.3796 0.4743 0.4330 0.3002 0.2061 0.1561 0.1981 0.4036 0.4786 0.4128 0.2832 0.1961 0.1539 0.2277 0.4221 0.4801 0.3924 0.2675 0.1871 0.1538 0.2625 0.4376 0.4784 0.3720 0.2527 0.1790 0.1557 0.2976 0.4505 0.4728 0.3522 0.2391 0.1717 0.1601 0.3308 0.4616 0.4503
0.1836 0.1853 0.2623 0.3829 0.4802 0.4301 0.2407 0.1546 0.1937 0.2776 0.4031 0.4802 0.4128 0.2086 0.1560 0.2032 0.2937 0.4232 0.4773 0.3918 0.1849 0.1595 0.2136 0.3107 0.4421 0.4719 0.3666 0.1705 0.1649 0.2250 0.3286 0.4584 0.4643 0.3372 0.1622 0.1714 0.2376 0.3476 0.4708 0.4538 0.3010 0.1570 0.1803 0.2547 0.3731 0.4795 0.4348 0.2432 0.1511 0.1796 0.4713 0.4761 0.3587 0.2438 0.1740 0.1634 0.3435 0.4696 0.4494 0.3170 0.2183 0.1619 0.1828 0.3900 0.4788 0.4220 0.2941 0.2047 0.1573 0.2093 0.4148 0.4817 0.4007 0.2778 0.1950 0.1559 0.2411 0.4325 0.4812 0.3806 0.2630 0.1864 0.1565 0.2762 0.4470 0.4770 0.3611 0.2491 0.1786 0.1592 0.3107 0.4587 0.4682 0.3424 0.2361 0.1715 0.1645 0.3428 0.4681 0.4558 0.3224
0.1932 0.2397 0.3564 0.4748 0.4423 0.2805 0.1494 0.1779 0.2528 0.3775 0.4779 0.4282 0.2458 0.1490 0.1861 0.2680 0.3990 0.4776 0.4111 0.2122 0.1507 0.1951 0.2842 0.4203 0.4746 0.3908 0.1848 0.1543 0.2052 0.3017 0.4402 0.4692 0.3662 0.1668 0.1595 0.2168 0.3217 0.4586 0.4606 0.3330 0.1556 0.1675 0.2340 0.3509 0.4744 0.4427 0.2753 0.1504 0.1792 0.2364 0.3973 0.3591 0.2441 0.1733 0.1641 0.3489 0.4715 0.4445 0.3113 0.2142 0.1599 0.1905 0.4006 0.4806 0.4120 0.2858 0.1995 0.1561 0.2254 0.4250 0.4820 0.3895 0.2694 0.1900 0.1558 0.2600 0.4410 0.4795 0.3697 0.2550 0.1818 0.1575 0.2951 0.4539 0.4729 0.3507 0.2417 0.1744 0.1615 0.3285 0.4644 0.4612 0.3322 0.2292 0.1678 0.1687 0.3588 0.4724 0.4451 0.3155 0.2311
0.1828 0.2076 0.3031 0.4382 0.4724 0.3740 0.1743 0.1609 0.2184 0.3216 0.4552 0.4652 0.3471 0.1637 0.1669 0.2305 0.3407 0.4680 0.4559 0.3170 0.1574 0.1737 0.2436 0.3606 0.4759 0.4443 0.2838 0.1541 0.1813 0.2578 0.3812 0.4795 0.4298 0.2465 0.1529 0.1908 0.2756 0.4066 0.4789 0.4059 0.2005 0.1555 0.2070 0.3058 0.4448 0.4686 0.3513 0.1629 0.1700 0.2333 0.2994 0.2424 0.1741 0.1641 0.3505 0.4722 0.4416 0.3079 0.2115 0.1587 0.1980 0.4086 0.4815 0.4035 0.2788 0.1952 0.1557 0.2417 0.4333 0.4812 0.3792 0.2618 0.1856 0.1564 0.2784 0.4480 0.4766 0.3597 0.2479 0.1778 0.1592 0.3128 0.4596 0.4674 0.3410 0.2350 0.1708 0.1647 0.3447 0.4689 0.4534 0.3230 0.2230 0.1646 0.1741 0.3734 0.4757 0.4357 0.3057 0.2124 0.1858
0.2270 0.1583 0.2074 0.2982 0.4265 0.4779 0.3860 0.1811 0.1623 0.2181 0.3150 0.4454 0.4721 0.3589 0.1689 0.1681 0.2296 0.3325 0.4613 0.4640 0.3286 0.1618 0.1747 0.2421 0.3509 0.4728 0.4536 0.2952 0.1577 0.1822 0.2556 0.3705 0.4796 0.4396 0.2562 0.1559 0.1922 0.2740 0.3974 0.4817 0.4134 0.2032 0.1586 0.2109 0.3074 0.4419 0.4716 0.3473 0.1634 0.1727 0.2041 0.1720 0.1634 0.3489 0.4722 0.4406 0.3061 0.2099 0.1581 0.2043 0.4145 0.4819 0.3961 0.2729 0.1914 0.1557 0.2577 0.4405 0.4795 0.3693 0.2546 0.1815 0.1576 0.2965 0.4544 0.4725 0.3499 0.2411 0.1741 0.1617 0.3297 0.4647 0.4607 0.3315 0.2287 0.1675 0.1690 0.3601 0.4727 0.4445 0.3139 0.2172 0.1617 0.1814 0.3870 0.4783 0.4255 0.2971 0.2066 0.1579 0.2275
